game_age,owners_mean,total_reviews,positive_ratio,num_languages,num_genres,windows,mac,linux,dlc_count,genre_Indie,genre_Action,genre_Adventure,genre_Casual,genre_RPG,genre_Strategy,genre_Simulation,precos_categorizados
3,0.0,0,0.0,0,0,1,0,0,0,0,0,0,0,0,0,0,gratuito
10,10000.0,255,0.9882352941176471,1,1,1,0,0,0,0,0,1,0,0,0,0,medio_alto
7,10000.0,24,0.875,4,1,1,1,0,0,0,0,0,1,0,0,0,medio_alto
2,10000.0,0,0.0,1,3,1,0,0,1,1,0,0,1,0,0,1,alto
1,10000.0,0,0.0,1,2,1,0,0,0,0,1,0,0,0,0,0,medio_alto
3,10000.0,0,0.0,9,2,1,0,0,0,0,1,1,0,0,0,0,alto
1,10000.0,130,0.9,1,2,1,0,0,1,0,0,0,0,0,1,1,alto
8,10000.0,0,0.0,1,2,1,0,0,0,1,1,0,0,0,0,0,baixo
5,10000.0,32,0.875,29,2,1,0,0,0,1,0,0,1,0,0,0,baixo
5,10000.0,25,0.76,30,4,1,1,1,1,1,1,0,1,0,1,0,baixo
4,0.0,0,0.0,0,0,1,0,0,0,0,0,0,0,0,0,0,gratuito
7,10000.0,53,0.8867924528301887,2,2,1,1,1,1,1,0,1,0,0,0,0,baixo
7,150000.0,1235,0.8299595141700404,6,1,1,0,0,4,0,0,0,0,0,1,0,alto
3,10000.0,66,0.9696969696969697,2,2,1,1,0,0,1,0,0,1,0,0,0,baixo
2,10000.0,44,0.7727272727272727,4,3,1,0,0,0,1,0,1,1,0,0,0,baixo
6,10000.0,0,0.0,1,1,1,1,0,1,0,0,0,0,1,0,0,baixo
3,10000.0,2,1.0,13,1,1,0,0,0,0,1,0,0,0,0,0,baixo
12,10000.0,109,0.6788990825688074,1,2,1,0,0,0,0,1,0,0,0,0,0,baixo
3,0.0,0,0.0,1,5,1,0,0,0,1,1,1,0,0,0,0,gratuito
3,10000.0,0,0.0,18,1,1,1,0,0,0,0,0,1,0,0,0,medio_alto
1,0.0,0,0.0,1,3,1,0,0,0,1,0,0,1,0,0,1,gratuito
5,10000.0,69,0.7971014492753623,10,2,1,1,1,1,1,0,0,0,0,1,0,medio_alto
8,10000.0,4,0.0,8,4,1,0,0,0,1,1,1,0,1,0,0,alto
2,10000.0,0,0.0,1,2,1,1,1,0,0,0,0,0,1,1,0,gratuito
3,0.0,0,0.0,0,0,1,0,0,0,0,0,0,0,0,0,0,gratuito
3,0.0,0,0.0,0,0,1,0,0,0,0,0,0,0,0,0,0,gratuito
8,750000.0,12198,0.9318740777176586,12,3,1,1,0,1,1,1,0,0,0,0,1,medio_baixo
9,150000.0,179,0.8044692737430168,2,2,1,0,0,0,0,0,0,1,0,0,0,gratuito
2,10000.0,6,1.0,1,5,1,0,0,0,1,1,1,1,0,0,0,medio_alto
3,10000.0,5,1.0,1,2,1,0,0,0,0,1,0,1,0,0,0,medio_baixo
4,35000.0,109,0.6880733944954128,7,1,1,0,0,3,0,1,0,0,0,0,0,alto
10,10000.0,22,0.3181818181818182,1,1,1,0,0,0,0,0,0,0,0,0,0,medio_alto
2,10000.0,97,0.979381443298969,1,3,1,0,0,0,1,1,0,1,0,0,0,medio_baixo
3,35000.0,5,1.0,1,4,1,0,0,0,1,1,0,1,0,1,0,baixo
11,150000.0,300,0.6533333333333333,13,3,1,0,0,5,1,0,0,0,0,1,0,gratuito
6,10000.0,12,1.0,4,2,1,0,0,0,1,1,0,0,0,0,0,alto
4,10000.0,0,0.0,3,6,1,0,0,0,1,1,0,1,1,1,0,alto
2,10000.0,2,0.5,2,2,1,0,0,0,1,0,0,0,0,0,0,medio_baixo
2,10000.0,12,0.8333333333333334,2,2,1,0,0,0,0,1,1,0,0,0,0,medio_alto
2,0.0,0,0.0,11,1,1,0,0,0,0,1,0,0,0,0,0,gratuito
7,150000.0,35,0.7428571428571429,1,1,1,0,0,0,0,1,0,0,0,0,0,gratuito
8,10000.0,43,0.9069767441860465,1,3,1,0,0,0,1,1,0,1,0,0,0,gratuito
10,35000.0,395,0.8354430379746836,8,3,1,1,0,8,1,1,0,0,1,0,0,medio_alto
1,10000.0,0,0.0,1,3,1,0,0,0,0,0,1,1,1,0,0,baixo
1,0.0,0,0.0,1,4,1,1,1,1,1,0,1,1,0,0,1,baixo
3,0.0,0,0.0,1,3,1,1,0,0,1,1,0,0,0,0,0,gratuito
2,0.0,0,0.0,103,3,1,0,0,0,1,1,1,0,0,0,0,gratuito
1,0.0,0,0.0,1,3,1,0,0,0,1,0,0,1,1,0,0,medio_alto
4,35000.0,34,0.9117647058823529,1,3,1,0,0,0,1,1,1,0,0,0,0,medio_baixo
1,10000.0,3,1.0,1,1,1,0,0,0,0,0,0,0,0,1,0,alto
1,10000.0,2,0.5,2,3,1,0,0,0,1,0,1,1,0,0,0,medio_baixo
2,0.0,0,0.0,0,0,1,0,0,0,0,0,0,0,0,0,0,gratuito
2,10000.0,13,1.0,10,3,1,0,0,0,1,1,1,0,0,0,0,baixo
9,10000.0,76,0.7105263157894737,1,2,1,0,0,1,1,0,1,0,0,0,0,baixo
6,350000.0,1867,0.8768077129084092,9,3,1,1,0,1,1,0,1,1,0,0,0,baixo
5,10000.0,0,0.0,1,1,1,0,0,0,0,0,0,1,0,0,0,baixo
1,10000.0,15,0.5333333333333333,1,1,1,0,0,0,0,0,0,0,1,0,0,medio_baixo
3,10000.0,61,0.9672131147540983,6,1,1,0,0,0,1,0,0,0,0,0,0,medio_baixo
6,10000.0,5,0.8,1,2,1,0,0,0,1,1,0,0,0,0,0,baixo
2,10000.0,2,1.0,1,2,1,0,0,0,1,0,0,1,0,0,0,baixo
6,10000.0,3,0.6666666666666666,2,3,1,0,0,0,1,0,1,0,0,0,1,medio_baixo
1,0.0,0,0.0,1,2,1,0,0,0,0,0,0,1,0,0,1,baixo
3,10000.0,2,1.0,5,1,1,1,1,0,0,0,0,1,0,0,0,medio_alto
1,10000.0,0,0.0,1,2,1,0,0,0,0,1,0,0,0,0,0,alto
5,35000.0,5,0.4,2,2,1,0,0,0,1,1,0,0,0,0,0,medio_alto
7,150000.0,5157,0.893542757417103,5,2,1,0,0,1,1,0,1,0,0,0,0,alto
8,10000.0,1,0.0,1,2,1,0,0,0,1,0,0,1,0,0,0,medio_baixo
8,10000.0,17861,0.7298583505962712,12,2,1,1,1,0,0,1,1,0,0,0,0,medio_alto
6,10000.0,6,1.0,1,4,1,0,0,0,1,0,0,1,0,0,1,alto
11,750000.0,1513,0.41771315267680104,1,4,1,0,0,0,1,0,1,0,1,0,0,baixo
2,10000.0,2,0.5,1,3,1,0,0,0,1,0,0,1,0,0,1,medio_baixo
2,10000.0,26,0.7307692307692307,10,4,1,0,0,0,1,1,1,0,1,0,0,alto
2,10000.0,6,1.0,1,2,1,0,0,0,1,0,0,1,0,0,0,medio_baixo
3,10000.0,39,0.8717948717948718,1,2,1,1,1,0,1,0,0,1,0,0,0,medio_baixo
1,10000.0,0,0.0,6,2,1,0,0,1,0,1,0,0,0,0,0,medio_alto
1,10000.0,209,0.7655502392344498,4,5,1,0,0,0,1,0,1,0,1,1,1,medio_alto
6,10000.0,1,0.0,8,3,1,0,0,0,1,1,0,0,0,0,0,medio_baixo
10,10000.0,12,0.5833333333333334,7,2,1,0,0,0,0,0,0,1,0,0,1,medio_alto
1,0.0,0,0.0,1,3,1,0,0,0,1,1,0,1,0,0,0,baixo
1,0.0,0,0.0,1,2,1,0,0,0,1,0,1,0,0,0,0,alto
8,10000.0,7,0.8571428571428571,1,3,1,0,0,0,1,1,0,0,0,0,1,medio_baixo
5,150000.0,3921,0.9242540168324407,8,1,1,1,1,3,0,0,1,0,0,0,0,medio_baixo
4,0.0,0,0.0,1,3,1,0,0,0,0,0,0,0,0,0,0,gratuito
1,10000.0,17,0.8823529411764706,4,1,1,0,0,0,0,1,0,0,0,0,0,alto
2,35000.0,779,0.8818998716302953,3,2,1,0,0,0,0,0,0,1,1,0,0,alto
5,75000.0,87,0.9655172413793104,1,2,1,0,0,0,1,1,0,0,0,0,0,alto
2,0.0,0,0.0,103,1,1,0,0,0,0,0,0,1,0,0,0,baixo
5,10000.0,6,0.16666666666666666,1,2,1,0,0,0,1,1,0,0,0,0,0,baixo
5,10000.0,26,0.8846153846153846,7,3,1,1,1,0,1,1,0,1,0,0,0,baixo
1,10000.0,0,0.0,1,2,1,0,0,1,1,0,0,1,0,0,0,medio_alto
8,10000.0,15,0.8,1,5,1,0,0,0,1,1,0,1,0,0,0,baixo
6,10000.0,5,0.8,2,2,1,0,0,0,1,0,0,1,0,0,0,medio_baixo
5,35000.0,34,0.7058823529411765,18,4,1,0,0,0,1,0,1,1,0,0,0,medio_baixo
1,0.0,0,0.0,3,1,1,0,0,0,0,0,0,0,1,0,0,alto
10,35000.0,126,0.5873015873015873,1,1,1,1,0,0,0,0,0,0,1,0,0,baixo
7,350000.0,6365,0.9571091908876669,15,4,1,1,0,0,1,1,1,0,1,0,0,medio_alto
4,150000.0,0,0.0,4,4,1,0,0,0,0,1,0,1,0,1,0,gratuito
2,0.0,0,0.0,0,0,1,0,0,0,0,0,0,0,0,0,0,gratuito
2,10000.0,15,0.9333333333333333,2,3,1,0,0,0,1,1,0,1,0,0,0,alto
1,10000.0,0,0.0,9,2,1,0,0,1,1,1,0,0,0,0,0,medio_baixo
11,10000.0,78,0.3333333333333333,7,3,1,1,1,0,1,0,0,0,0,1,1,medio_baixo
7,10000.0,3,0.6666666666666666,2,2,1,0,0,0,1,0,0,1,0,0,0,medio_baixo
1,0.0,0,0.0,0,0,1,0,0,0,0,0,0,0,0,0,0,gratuito
12,750000.0,3306,0.8366606170598911,19,5,1,0,0,12,1,0,0,1,0,1,0,gratuito
1,10000.0,0,0.0,4,3,1,0,0,0,0,0,1,1,0,0,1,medio_alto
13,35000.0,622,0.702572347266881,1,2,1,0,0,0,0,1,1,0,0,0,0,medio_baixo
1,0.0,0,0.0,1,3,1,0,0,0,1,0,1,0,0,0,0,gratuito
4,10000.0,3,0.0,2,2,1,0,0,0,0,0,0,1,0,0,0,medio_alto
3,10000.0,0,0.0,3,1,1,0,1,0,0,0,0,0,0,0,1,medio_baixo
2,35000.0,5,1.0,2,2,1,1,0,0,1,0,0,1,0,0,0,baixo
6,10000.0,0,0.0,2,2,1,0,0,0,0,0,0,0,0,1,1,medio_alto
8,10000.0,60,0.6666666666666666,1,4,1,0,0,0,1,0,1,0,0,0,0,medio_baixo
7,10000.0,2,1.0,1,4,1,0,0,0,1,1,0,1,0,0,0,medio_alto
1,10000.0,0,0.0,20,2,1,0,0,0,1,0,0,1,0,0,0,baixo
1,0.0,0,0.0,3,3,1,0,0,0,1,1,1,0,0,0,0,medio_alto
7,10000.0,12,0.6666666666666666,1,4,1,0,0,0,1,0,1,0,1,0,0,gratuito
1,0.0,0,0.0,0,0,1,0,0,0,0,0,0,0,0,0,0,gratuito
5,10000.0,84,0.9166666666666666,2,2,1,0,0,0,1,0,1,0,0,0,0,baixo
5,0.0,0,0.0,0,0,1,0,0,0,0,0,0,0,0,0,0,gratuito
8,10000.0,15,0.6,1,4,1,1,0,0,1,0,0,1,0,1,1,medio_alto
3,10000.0,5,1.0,1,1,1,0,0,0,1,0,0,0,0,0,0,medio_alto
7,10000.0,27,0.8888888888888888,1,3,1,0,0,0,1,1,1,0,0,0,0,medio_baixo
6,10000.0,15,0.8666666666666667,4,1,1,0,1,0,0,0,0,0,0,0,0,medio_alto
2,10000.0,0,0.0,1,3,1,1,1,0,1,0,1,1,0,0,0,medio_baixo
3,10000.0,0,0.0,9,2,1,1,0,0,0,0,0,0,0,1,0,gratuito
9,10000.0,37,0.8108108108108109,3,2,1,0,0,0,0,0,0,1,0,0,1,medio_baixo
5,10000.0,8,0.875,103,3,1,0,0,0,1,1,1,0,0,0,0,medio_alto
2,10000.0,6,0.6666666666666666,30,5,1,0,0,0,1,1,0,1,0,1,1,baixo
1,10000.0,4,1.0,1,2,1,0,0,0,1,0,0,1,0,0,0,baixo
2,10000.0,1,0.0,1,1,1,0,0,0,0,0,0,0,1,0,0,medio_baixo
1,10000.0,0,0.0,10,2,1,0,0,0,0,0,0,0,0,0,1,medio_baixo
3,10000.0,6,1.0,1,4,1,0,0,0,1,1,0,1,1,0,0,medio_baixo
1,10000.0,24,0.5833333333333334,20,3,1,0,0,0,1,1,1,0,0,0,0,alto
8,10000.0,4,0.5,1,3,1,1,0,0,1,1,0,0,1,0,0,baixo
3,10000.0,270,0.5740740740740741,9,3,1,0,0,0,0,1,1,0,0,0,1,medio_baixo
1,10000.0,0,0.0,1,1,1,0,0,0,0,0,0,1,0,0,0,alto
2,10000.0,2,0.5,1,2,1,0,0,0,1,0,0,0,0,0,1,alto
5,0.0,0,0.0,0,0,1,0,0,0,0,0,0,0,0,0,0,gratuito
3,10000.0,9,1.0,1,2,1,0,0,0,1,0,0,1,0,0,0,baixo
3,10000.0,0,0.0,1,4,1,0,0,0,1,1,0,0,0,0,1,alto
2,10000.0,0,0.0,1,5,1,0,0,0,1,1,1,0,0,1,1,medio_baixo
2,10000.0,15,0.8,1,2,1,1,0,0,0,0,1,0,0,0,0,gratuito
8,10000.0,80,0.7,1,2,1,1,1,0,1,1,0,0,0,0,0,baixo
10,350000.0,289,0.7889273356401384,1,3,1,0,0,0,1,0,1,0,0,0,1,baixo
1,10000.0,0,0.0,2,4,1,0,0,0,1,0,0,1,0,1,1,alto
7,10000.0,40,0.575,1,2,1,0,0,3,1,0,0,1,0,0,0,baixo
2,0.0,0,0.0,1,2,1,0,0,0,1,0,0,0,0,0,0,gratuito
11,75000.0,75,0.4,1,6,1,0,0,0,1,0,1,0,1,1,1,alto
8,10000.0,2,0.5,1,2,1,0,0,0,1,1,0,0,0,0,0,baixo
7,10000.0,10,0.6,1,2,1,0,0,0,1,0,0,0,0,1,0,baixo
10,35000.0,106,0.5754716981132075,1,3,1,0,0,0,1,1,1,0,0,0,0,baixo
4,0.0,0,0.0,3,3,1,0,0,0,0,1,1,0,0,0,0,gratuito
6,35000.0,1,1.0,1,5,1,0,0,0,1,1,1,1,0,0,0,medio_alto
2,0.0,0,0.0,2,3,1,1,1,0,1,0,0,0,1,0,0,gratuito
17,35000.0,156,0.8269230769230769,1,1,1,0,0,0,0,0,1,0,0,0,0,medio_alto
5,0.0,0,0.0,5,3,1,0,0,1,1,1,0,0,0,0,0,gratuito
4,10000.0,32,0.875,1,2,1,0,0,0,1,0,0,0,0,1,0,medio_baixo
6,10000.0,10,0.0,1,3,1,0,0,0,1,1,1,0,0,0,0,alto
9,10000.0,30,0.5666666666666667,1,2,1,0,0,0,1,0,0,1,0,0,0,baixo
5,10000.0,19,0.9473684210526315,1,4,1,0,0,0,1,1,1,1,0,0,0,alto
1,10000.0,19,0.7894736842105263,2,2,1,0,0,0,1,1,0,0,0,0,0,medio_baixo
7,10000.0,19,0.3684210526315789,1,5,1,0,0,0,1,0,1,1,1,0,1,medio_alto
5,150000.0,585,0.9196581196581196,2,4,1,0,0,0,1,0,1,0,1,1,0,baixo
2,0.0,0,0.0,1,3,1,0,0,0,0,1,0,1,0,0,0,gratuito
3,10000.0,166,0.6867469879518072,13,1,1,0,0,0,0,0,0,0,0,0,1,alto
1,10000.0,3,1.0,1,2,1,0,0,0,1,0,0,1,0,0,0,medio_baixo
2,0.0,0,0.0,0,0,1,0,0,0,0,0,0,0,0,0,0,gratuito
1,10000.0,0,0.0,1,2,1,0,0,1,1,0,0,0,0,1,0,medio_alto
2,10000.0,22,1.0,1,1,1,0,0,0,1,0,0,0,0,0,0,medio_baixo
1,10000.0,0,0.0,4,1,1,0,0,0,0,1,0,0,0,0,0,gratuito
1,35000.0,29,0.7586206896551724,2,2,1,0,0,0,1,0,1,0,0,0,0,baixo
1,0.0,0,0.0,9,4,1,0,0,0,1,1,1,0,1,0,0,alto
3,3500000.0,58692,0.4344203639337559,14,3,1,0,0,22,0,1,1,0,1,0,0,alto
2,0.0,0,0.0,103,2,1,0,0,0,1,0,1,0,0,0,0,medio_baixo
2,10000.0,1,0.0,1,3,1,0,0,1,1,0,1,0,1,0,0,alto
3,10000.0,6,1.0,7,3,1,0,0,0,1,1,1,0,0,0,0,medio_alto
4,10000.0,23,0.9130434782608695,1,4,1,0,0,0,1,1,1,0,1,0,0,medio_baixo
2,0.0,0,0.0,1,4,1,0,0,0,1,1,1,0,0,0,0,gratuito
4,35000.0,4,0.75,3,3,1,0,0,0,1,0,0,0,1,1,0,baixo
1,0.0,0,0.0,5,2,1,0,0,0,1,1,0,0,0,0,0,baixo
12,350000.0,425,0.7858823529411765,6,2,1,0,0,0,0,0,0,1,0,1,0,baixo
3,35000.0,538,0.8810408921933085,3,4,1,0,0,0,1,0,1,1,1,0,0,alto
7,10000.0,95,0.5894736842105263,1,3,1,1,1,0,0,0,0,0,0,0,0,alto
3,10000.0,12,0.8333333333333334,7,3,1,0,0,0,1,1,0,1,0,0,0,baixo
1,10000.0,3,1.0,15,2,1,0,0,0,1,0,0,1,0,0,0,baixo
10,10000.0,47,0.7659574468085106,1,4,1,0,0,0,1,0,0,0,0,0,0,baixo
2,0.0,0,0.0,0,0,1,0,0,0,0,0,0,0,0,0,0,gratuito
1,10000.0,0,0.0,13,4,1,0,0,0,1,0,1,1,0,1,0,alto
1,10000.0,0,0.0,1,2,1,1,1,0,0,0,0,0,0,0,1,alto
8,10000.0,77,0.6103896103896104,1,5,1,0,0,0,1,0,1,1,0,1,1,medio_alto
1,0.0,0,0.0,0,0,1,0,0,0,0,0,0,0,0,0,0,gratuito
1,10000.0,0,0.0,16,1,1,0,0,0,0,0,0,0,0,1,0,medio_baixo
6,10000.0,34,0.7058823529411765,1,3,1,0,0,0,1,0,0,1,0,0,0,gratuito
3,10000.0,3,1.0,1,3,1,1,1,0,1,1,1,0,0,0,0,baixo
6,75000.0,2,0.0,1,5,1,1,1,0,1,0,1,1,0,0,1,medio_alto
2,10000.0,1,1.0,1,4,1,0,0,0,1,1,0,1,0,0,0,medio_alto
3,10000.0,2,1.0,1,3,1,0,0,0,0,1,1,1,0,0,0,baixo
5,10000.0,0,0.0,1,2,1,0,0,1,1,0,0,1,0,0,0,baixo
3,10000.0,34,1.0,1,3,1,1,1,0,1,0,0,1,0,1,0,medio_alto
2,10000.0,0,0.0,29,4,1,0,0,0,1,0,0,1,0,0,1,gratuito
1,0.0,0,0.0,2,6,1,0,0,0,1,0,1,1,1,1,0,gratuito
7,10000.0,119,0.8403361344537815,10,2,1,0,0,0,1,0,0,0,0,0,1,alto
1,10000.0,11,1.0,1,3,1,0,0,0,0,1,0,0,0,1,1,alto
2,10000.0,25,0.8,2,4,1,0,1,0,1,0,0,1,0,0,1,gratuito
5,75000.0,51,0.8823529411764706,1,5,1,1,0,0,1,0,1,1,1,1,0,alto
2,0.0,0,0.0,1,4,1,0,0,1,1,0,0,0,1,0,0,gratuito
1,10000.0,57,0.6666666666666666,12,4,1,0,0,0,1,1,1,0,0,0,1,medio_alto
8,10000.0,16,0.5625,1,4,1,0,0,0,1,1,1,1,0,0,0,baixo
1,10000.0,0,0.0,1,2,1,0,0,0,1,1,0,0,0,0,0,medio_baixo
3,10000.0,11,0.9090909090909091,6,3,1,0,0,0,1,0,0,1,0,1,0,medio_baixo
1,0.0,0,0.0,11,3,1,0,0,0,0,0,0,0,0,0,0,baixo
6,150000.0,24,0.9166666666666666,4,4,1,0,0,0,1,1,0,1,0,0,0,gratuito
6,10000.0,188,0.5691489361702128,2,7,1,0,0,0,1,1,1,1,0,0,1,alto
7,10000.0,5,0.4,1,2,1,0,0,0,0,0,0,0,0,1,1,baixo
9,75000.0,50,0.66,1,5,1,0,0,0,1,0,1,1,1,1,0,baixo
7,10000.0,16,1.0,1,7,1,0,0,0,1,1,1,1,1,1,1,medio_alto
2,10000.0,319,0.9717868338557993,1,4,1,1,1,0,1,1,1,0,0,0,0,alto
10,75000.0,67,0.6716417910447762,1,4,1,0,0,0,1,0,1,1,1,0,0,baixo
6,10000.0,20,0.9,29,5,1,0,0,0,1,1,1,1,0,0,0,medio_baixo
9,10000.0,8,0.5,1,3,1,0,0,0,0,0,0,1,0,0,1,medio_baixo
5,0.0,0,0.0,1,1,1,0,0,0,0,1,0,0,0,0,0,gratuito
8,75000.0,44,0.9090909090909091,1,4,1,0,0,0,1,0,0,1,0,0,1,alto
5,75000.0,333,0.7657657657657657,9,2,1,0,1,1,1,0,1,0,0,0,0,medio_baixo
1,0.0,0,0.0,1,3,1,0,0,0,0,0,1,1,0,0,0,medio_baixo
8,10000.0,2,0.5,1,3,1,0,0,0,0,1,1,0,0,1,0,alto
3,10000.0,178,0.9662921348314607,1,4,1,0,0,0,1,1,1,0,0,0,0,medio_baixo
7,10000.0,4,0.5,1,4,1,1,1,0,1,1,0,1,0,0,0,baixo
1,10000.0,35,0.8285714285714286,3,3,1,0,0,0,1,1,0,0,0,0,0,baixo
2,10000.0,2,1.0,4,2,1,0,0,0,1,0,0,0,0,0,0,medio_baixo
8,35000.0,99,0.6161616161616161,1,3,1,0,0,0,1,1,0,0,0,0,0,gratuito
13,350000.0,2226,0.8796046720575023,6,2,1,1,1,0,0,1,0,0,0,1,0,baixo
4,10000.0,152,0.9210526315789473,1,1,1,1,1,0,0,0,1,0,0,0,0,medio_baixo
4,10000.0,6,1.0,1,4,1,1,1,0,1,1,1,1,0,0,0,medio_alto
1,10000.0,0,0.0,1,2,1,0,0,0,1,0,0,0,0,0,1,medio_alto
3,10000.0,1,0.0,4,1,1,0,0,0,0,0,0,1,0,0,0,medio_baixo
1,10000.0,0,0.0,1,1,1,0,0,0,0,0,0,1,0,0,0,baixo
4,0.0,0,0.0,0,0,1,0,0,0,0,0,0,0,0,0,0,gratuito
1,10000.0,2,1.0,2,2,1,0,1,0,1,0,0,1,0,0,0,alto
9,10000.0,17,0.7647058823529411,1,3,1,1,1,0,1,1,1,0,0,0,0,baixo
2,10000.0,6,1.0,1,3,1,1,0,0,1,1,1,0,0,0,0,medio_alto
6,10000.0,24,0.8333333333333334,1,2,1,1,0,0,1,0,0,0,0,0,0,gratuito
5,10000.0,0,0.0,1,0,1,0,0,0,0,0,0,0,0,0,0,medio_baixo
3,10000.0,2,1.0,23,6,1,0,0,0,1,1,1,1,0,1,0,alto
2,150000.0,2,1.0,1,4,1,0,0,0,1,0,0,1,0,1,0,alto
1,10000.0,0,0.0,5,2,1,1,0,1,1,0,0,1,0,0,0,medio_baixo
1,0.0,0,0.0,12,3,1,0,0,1,1,1,1,0,0,0,0,alto
5,10000.0,11,0.9090909090909091,9,4,1,0,0,0,0,1,1,1,0,0,1,baixo
1,10000.0,0,0.0,10,4,1,0,0,0,1,0,1,1,0,0,1,baixo
10,75000.0,459,0.9019607843137255,1,3,1,1,0,0,1,0,0,0,0,1,1,medio_baixo
2,10000.0,0,0.0,2,3,1,0,0,0,1,1,0,1,0,0,0,baixo
1,0.0,0,0.0,2,1,1,0,0,0,0,0,0,0,0,1,0,baixo
1,10000.0,0,0.0,8,5,1,0,0,4,0,1,1,0,0,1,1,alto
2,0.0,0,0.0,1,4,1,0,0,0,1,1,0,0,1,0,0,gratuito
1,0.0,0,0.0,1,3,1,0,0,0,0,1,0,0,0,1,0,gratuito
2,0.0,0,0.0,0,0,1,0,0,0,0,0,0,0,0,0,0,gratuito
1,10000.0,0,0.0,1,2,1,0,0,0,0,1,0,0,0,1,0,alto
7,10000.0,3,0.6666666666666666,1,3,1,0,0,0,1,1,0,1,0,0,0,medio_baixo
3,10000.0,66,0.9090909090909091,1,3,1,0,0,0,1,0,0,1,0,0,1,medio_alto
1,0.0,0,0.0,1,3,1,0,0,0,0,1,1,0,0,0,0,gratuito
1,10000.0,0,0.0,2,3,1,1,1,1,1,0,0,0,0,1,1,alto
1,0.0,0,0.0,1,2,1,0,0,0,0,0,1,0,0,0,0,gratuito
5,15000000.0,297774,0.4674216016173339,14,3,1,0,0,2,0,1,1,1,0,0,0,alto
1,10000.0,0,0.0,1,2,1,0,0,0,1,0,0,1,0,0,0,medio_alto
1,10000.0,0,0.0,1,2,1,0,0,0,1,0,1,0,0,0,0,baixo
3,10000.0,4,0.75,2,2,1,0,0,0,0,0,0,1,1,0,0,alto
4,10000.0,0,0.0,1,2,1,0,0,0,0,0,1,0,0,0,0,baixo
10,10000.0,3,0.3333333333333333,2,2,1,0,0,0,0,0,0,1,0,1,0,medio_alto
5,10000.0,2,0.0,1,3,1,0,0,0,1,1,1,0,0,0,0,medio_alto
7,10000.0,34,0.8529411764705882,4,5,1,0,0,6,1,0,0,1,0,1,1,alto
4,10000.0,4,1.0,1,5,1,0,0,0,1,1,0,1,0,0,1,medio_alto
1,10000.0,44,1.0,2,3,1,0,0,1,1,1,0,1,0,0,0,medio_alto
5,10000.0,0,0.0,1,2,1,0,0,0,0,1,1,0,0,0,0,alto
9,35000.0,373,0.9571045576407506,1,3,1,1,1,1,1,1,1,0,0,0,0,gratuito
6,10000.0,155,0.9548387096774194,1,3,1,1,0,0,1,0,0,1,0,1,0,medio_alto
1,10000.0,0,0.0,1,2,1,0,0,0,1,0,1,0,0,0,0,medio_alto
10,10000.0,22,0.7272727272727273,1,4,1,0,0,0,1,1,1,0,1,0,0,alto
4,10000.0,587,0.8109028960817717,5,2,1,1,1,0,0,1,0,0,1,0,0,alto
1,0.0,0,0.0,2,3,1,0,0,0,1,0,0,1,0,0,1,medio_alto
10,350000.0,295,0.37966101694915255,4,4,1,0,0,0,1,0,0,1,0,0,1,gratuito
4,10000.0,5,1.0,1,3,1,0,0,0,1,1,0,1,0,0,0,medio_alto
1,10000.0,0,0.0,1,3,1,1,1,0,0,0,1,1,0,0,1,medio_alto
3,0.0,0,0.0,1,3,1,0,0,0,1,0,0,1,0,0,0,gratuito
1,10000.0,206,0.9854368932038835,13,3,1,1,1,1,1,1,0,0,0,1,0,alto
2,10000.0,1,1.0,1,3,1,0,0,0,1,0,0,1,0,0,1,medio_alto
2,10000.0,3,0.6666666666666666,0,1,1,0,0,0,1,0,0,0,0,0,0,alto
1,0.0,0,0.0,0,0,1,0,0,0,0,0,0,0,0,0,0,gratuito
2,10000.0,5,1.0,2,2,1,0,0,0,1,0,0,1,0,0,0,baixo
3,0.0,0,0.0,3,4,1,0,0,0,0,1,0,1,0,1,0,gratuito
3,10000.0,86,0.7325581395348837,2,7,1,0,0,0,1,1,1,1,1,0,1,medio_alto
2,10000.0,5,1.0,2,2,1,1,0,0,1,1,0,0,0,0,0,medio_baixo
1,0.0,0,0.0,103,3,1,0,0,2,1,0,0,1,0,0,0,baixo
2,10000.0,126,0.9365079365079365,7,3,1,0,0,1,1,0,0,0,1,1,0,alto
8,10000.0,22,0.6363636363636364,2,1,1,0,0,0,0,0,0,0,0,0,0,gratuito
1,0.0,0,0.0,15,3,1,0,0,0,1,0,0,1,0,0,1,medio_baixo
6,10000.0,28,0.6785714285714286,1,2,1,1,0,3,1,0,0,1,0,0,0,medio_alto
10,150000.0,676,0.6405325443786982,16,3,1,1,1,0,1,1,0,1,0,0,0,medio_baixo
6,35000.0,128,0.96875,2,4,1,0,0,0,1,0,1,0,1,1,0,gratuito
6,10000.0,23,0.7391304347826086,1,3,1,0,0,0,1,1,1,0,0,0,0,medio_alto
4,10000.0,37,0.6216216216216216,3,2,1,0,0,2,1,1,0,0,0,0,0,alto
5,10000.0,0,0.0,1,2,1,0,0,0,1,0,0,1,0,0,0,baixo
3,10000.0,6,0.6666666666666666,7,2,1,0,0,0,1,0,0,0,0,1,0,medio_alto
8,10000.0,16,0.8125,1,2,1,0,0,0,1,0,0,1,0,0,0,alto
2,35000.0,4,1.0,11,2,1,1,0,0,1,0,0,1,0,0,0,baixo
2,0.0,0,0.0,1,3,1,0,0,0,1,0,1,0,0,0,0,gratuito
4,10000.0,0,0.0,2,2,1,1,1,0,1,0,0,1,0,0,0,baixo
8,10000.0,59,0.7288135593220338,1,5,1,0,0,0,1,1,1,1,0,0,1,alto
2,10000.0,0,0.0,1,3,1,1,1,0,1,0,1,1,0,0,0,baixo
2,10000.0,0,0.0,2,4,1,0,0,0,1,1,1,0,0,0,0,gratuito
1,0.0,0,0.0,1,2,1,1,0,0,1,0,0,0,0,0,1,alto
5,10000.0,0,0.0,1,4,1,0,0,0,1,0,0,0,1,1,1,alto
4,10000.0,4,0.75,1,3,1,0,1,0,0,1,1,0,0,0,0,medio_baixo
2,35000.0,1104,0.7581521739130435,11,3,1,0,0,1,0,1,1,0,1,0,0,alto
10,10000.0,98,0.8367346938775511,1,2,1,0,0,0,0,1,0,0,0,1,0,baixo
1,10000.0,14,1.0,1,1,1,0,0,0,0,0,0,1,0,0,0,medio_alto
8,10000.0,8,0.75,1,2,1,0,0,0,0,1,0,0,0,0,0,baixo
1,10000.0,80,0.675,12,2,1,1,0,0,1,0,0,0,0,0,0,medio_alto
1,10000.0,16,0.375,17,2,1,0,0,0,0,1,1,0,0,0,0,alto
4,0.0,0,0.0,0,0,1,0,0,0,0,0,0,0,0,0,0,gratuito
1,0.0,0,0.0,1,3,1,0,0,0,1,0,0,1,0,0,1,medio_baixo
2,10000.0,2,1.0,1,3,1,0,0,0,1,0,1,1,0,0,0,medio_baixo
3,0.0,0,0.0,0,0,1,0,0,0,0,0,0,0,0,0,0,gratuito
1,10000.0,32,0.6875,3,1,1,0,0,0,0,0,0,0,0,0,1,alto
5,10000.0,4,0.75,1,1,1,0,0,0,0,1,0,0,0,0,0,baixo
2,0.0,0,0.0,0,0,1,0,0,0,0,0,0,0,0,0,0,gratuito
1,10000.0,13,0.7692307692307693,1,2,1,0,0,0,1,0,1,0,0,0,0,alto
5,0.0,0,0.0,1,8,1,0,0,1,1,0,1,1,1,1,1,gratuito
2,35000.0,562,0.9252669039145908,6,2,1,0,0,0,0,1,1,0,0,0,0,alto
3,10000.0,6,0.8333333333333334,8,3,1,1,0,0,1,0,1,1,0,0,0,medio_baixo
1,0.0,0,0.0,7,6,1,0,0,0,1,0,0,0,1,1,1,gratuito
5,10000.0,9,0.5555555555555556,4,4,1,0,0,0,1,0,0,1,0,0,1,alto
5,35000.0,28,0.5714285714285714,8,5,1,0,0,0,1,0,1,1,0,1,1,baixo
4,10000.0,12,0.8333333333333334,103,8,1,1,1,0,1,1,1,1,0,1,1,alto
1,10000.0,268,0.9067164179104478,20,4,1,0,0,0,1,0,1,1,0,0,1,alto
3,75000.0,363,0.6831955922865014,15,2,1,0,0,1,1,1,0,0,0,0,0,medio_baixo
5,10000.0,10,0.7,1,2,1,1,1,0,1,0,0,0,0,1,0,alto
1,10000.0,5,0.4,2,2,1,0,0,0,0,0,0,1,0,1,0,baixo
1,0.0,0,0.0,33,6,1,1,0,0,0,0,0,1,0,1,1,gratuito
10,350000.0,1188,0.9276094276094277,14,2,1,1,0,4,0,0,1,0,0,1,0,gratuito
1,0.0,0,0.0,103,3,1,0,0,0,1,0,0,1,0,1,0,baixo
6,10000.0,91,0.9010989010989011,1,1,1,0,0,0,0,0,0,0,0,0,1,medio_alto
6,10000.0,11,1.0,6,5,1,0,0,0,1,1,1,1,1,0,0,medio_alto
4,10000.0,49,0.8163265306122449,4,3,1,1,1,0,1,1,1,0,0,0,0,medio_alto
2,35000.0,17,0.6470588235294118,5,2,1,0,0,1,0,1,0,0,0,0,0,alto
9,10000.0,1639,0.9145820622330689,2,2,1,0,1,0,0,0,0,1,0,0,1,baixo
7,35000.0,93,0.6451612903225806,9,4,1,0,0,8,1,0,0,1,0,0,1,gratuito
2,10000.0,2,1.0,1,2,1,0,0,0,1,0,0,1,0,0,0,baixo
5,10000.0,15,1.0,1,5,1,0,0,0,1,0,1,1,0,1,1,baixo
3,10000.0,0,0.0,1,2,1,1,1,0,1,0,0,1,0,0,0,medio_alto
3,0.0,0,0.0,1,4,1,0,0,0,1,0,1,1,0,0,0,gratuito
1,0.0,0,0.0,1,3,1,0,0,0,1,1,0,0,0,0,0,gratuito
13,1500000.0,19185,0.8618191295282773,9,1,1,0,0,0,0,1,0,0,0,0,0,medio_baixo
4,10000.0,4,1.0,1,2,1,0,0,0,1,0,0,1,0,0,0,medio_alto
2,150000.0,6249,0.957273163706193,6,5,1,0,0,1,1,1,1,0,1,1,0,alto
3,10000.0,205,0.8439024390243902,2,3,1,0,0,0,1,0,0,1,0,0,1,baixo
2,10000.0,15,0.8,1,1,1,0,0,0,1,0,0,0,0,0,0,medio_alto
2,0.0,0,0.0,0,0,1,0,0,0,0,0,0,0,0,0,0,gratuito
4,35000.0,97,0.7938144329896907,3,4,1,0,0,0,1,1,1,0,1,0,0,alto
17,750000.0,4694,0.912015338730294,5,1,1,1,0,0,0,1,0,0,0,0,0,medio_alto
3,10000.0,10,0.6,1,4,1,0,0,1,1,1,1,0,0,0,0,gratuito
4,75000.0,74,0.6081081081081081,2,2,1,0,0,0,1,0,0,1,0,0,0,baixo
5,0.0,0,0.0,0,0,1,0,0,0,0,0,0,0,0,0,0,gratuito
1,10000.0,0,0.0,1,6,1,0,0,0,1,1,1,0,1,1,0,alto
1,0.0,0,0.0,14,2,1,0,0,0,0,0,0,1,0,0,0,gratuito
6,10000.0,0,0.0,1,1,1,1,1,0,0,0,0,1,0,0,0,medio_alto
4,10000.0,17,0.7058823529411765,1,2,1,0,0,0,1,0,0,1,0,0,0,baixo
4,10000.0,7,0.42857142857142855,9,3,1,0,0,0,1,0,0,0,1,1,0,alto
4,10000.0,132,0.8863636363636364,1,2,1,0,0,0,1,0,0,0,0,1,0,medio_alto
1,10000.0,0,0.0,10,4,1,0,0,0,1,1,1,1,0,0,0,alto
8,10000.0,11,0.6363636363636364,3,3,1,0,0,1,1,1,0,0,0,0,0,baixo
1,0.0,0,0.0,1,2,1,0,0,1,1,0,1,0,0,0,0,medio_baixo
1,0.0,0,0.0,0,0,1,0,0,0,0,0,0,0,0,0,0,gratuito
4,10000.0,2,1.0,1,2,1,0,0,0,1,0,0,1,0,0,0,medio_baixo
3,10000.0,0,0.0,30,2,1,0,0,0,1,0,0,1,0,0,0,baixo
1,10000.0,0,0.0,9,5,1,1,0,0,1,0,0,1,0,1,1,alto
3,10000.0,0,0.0,2,3,1,0,0,0,1,1,0,1,0,0,0,medio_alto
1,10000.0,108,0.7870370370370371,7,4,1,1,1,0,1,0,0,1,0,1,1,alto
2,10000.0,3,0.3333333333333333,5,3,1,0,0,0,1,1,1,0,0,0,0,alto
3,10000.0,2,1.0,7,3,1,0,0,0,1,0,1,1,0,0,0,medio_baixo
3,10000.0,8,0.875,4,3,1,0,0,0,1,1,1,0,0,0,0,medio_alto
5,75000.0,251,0.7689243027888446,5,1,1,0,0,0,0,0,1,0,0,0,0,medio_alto
4,10000.0,0,0.0,2,2,1,0,0,0,1,0,0,0,0,1,0,medio_baixo
1,0.0,0,0.0,1,5,1,0,0,0,0,0,0,1,1,1,0,gratuito
7,10000.0,2,0.5,2,2,1,0,0,0,0,1,0,0,0,0,0,medio_alto
2,75000.0,588,0.858843537414966,1,0,1,0,0,0,0,0,0,0,0,0,0,medio_alto
1,10000.0,1,0.0,1,4,1,0,0,1,1,0,1,1,0,1,0,baixo
11,10000.0,140,0.6642857142857143,3,5,1,0,0,0,1,1,1,0,1,0,0,baixo
1,0.0,0,0.0,10,2,1,1,0,0,0,0,0,0,0,1,0,gratuito
2,10000.0,7,0.7142857142857143,1,4,1,0,0,0,1,1,0,1,1,0,0,medio_alto
4,10000.0,2,0.5,1,3,1,0,0,0,1,0,0,0,1,1,0,medio_baixo
4,10000.0,5,1.0,1,5,1,0,0,0,1,1,1,1,0,1,0,baixo
3,10000.0,92,0.9565217391304348,3,1,1,0,0,0,0,0,1,0,0,0,0,alto
2,10000.0,19,0.6842105263157895,9,4,1,0,0,0,0,1,1,0,1,0,0,medio_alto
2,0.0,0,0.0,0,0,1,0,0,0,0,0,0,0,0,0,0,gratuito
12,75000.0,285,0.6701754385964912,1,3,1,0,0,1,1,0,1,0,1,0,0,baixo
2,10000.0,18,0.6111111111111112,1,1,1,0,0,0,1,0,0,0,0,0,0,medio_alto
8,10000.0,29,0.4827586206896552,8,2,1,1,1,0,1,0,1,0,0,0,0,medio_alto
7,10000.0,18,0.3888888888888889,1,3,1,0,0,0,1,1,0,1,0,0,0,alto
4,10000.0,62,0.7903225806451613,7,4,1,0,0,0,1,0,0,0,0,1,1,alto
6,150000.0,3523,0.9415271075787681,12,1,1,0,0,3,0,0,1,0,0,0,0,medio_baixo
2,10000.0,29,0.6896551724137931,4,1,1,1,0,0,0,0,0,0,0,0,1,medio_baixo
5,10000.0,401,0.8877805486284289,1,3,1,0,0,0,1,1,1,0,0,0,0,medio_baixo
2,10000.0,5,1.0,1,4,1,1,0,0,1,1,0,1,0,0,0,gratuito
5,1500000.0,3093,0.6698997736825089,9,2,1,1,0,2,1,0,1,0,0,0,0,medio_alto
1,10000.0,2,1.0,1,4,1,0,0,0,1,1,0,1,0,0,1,alto
5,10000.0,144,0.4791666666666667,1,7,1,0,0,0,1,1,1,1,0,0,1,baixo
4,35000.0,140,0.8785714285714286,1,4,1,0,0,0,1,1,1,1,0,0,0,baixo
8,10000.0,19,0.2631578947368421,1,3,1,1,1,0,1,0,0,1,0,0,0,baixo
3,10000.0,9,0.8888888888888888,2,2,1,0,0,0,1,0,0,0,1,0,0,baixo
1,0.0,0,0.0,1,6,1,0,0,0,1,1,1,1,0,0,1,alto
2,10000.0,102,0.6470588235294118,15,3,1,0,1,0,1,1,1,0,0,0,0,medio_baixo
1,10000.0,19,1.0,5,1,1,0,0,0,0,0,0,0,0,0,1,medio_baixo
6,150000.0,139,0.6402877697841727,15,1,1,0,0,0,0,1,0,0,0,0,0,baixo
2,0.0,0,0.0,1,5,1,0,0,1,1,0,0,1,1,0,1,gratuito
4,10000.0,198,0.9090909090909091,2,2,1,0,0,0,1,0,0,0,0,0,1,medio_baixo
6,75000.0,1091,0.9248395967002749,6,2,1,1,0,0,1,1,0,0,0,0,0,medio_baixo
4,10000.0,0,0.0,1,1,1,0,0,0,1,0,0,0,0,0,0,alto
1,0.0,0,0.0,1,1,1,0,0,0,0,0,0,0,0,1,0,alto
2,35000.0,93,0.5913978494623656,1,1,1,0,0,0,0,1,0,0,0,0,0,baixo
4,0.0,0,0.0,0,0,1,0,0,0,0,0,0,0,0,0,0,gratuito
1,0.0,0,0.0,1,2,1,0,0,0,0,1,0,0,0,0,0,gratuito
2,10000.0,6,1.0,10,2,1,0,0,0,1,0,0,1,0,0,0,baixo
3,10000.0,194,0.7319587628865979,8,2,1,1,1,0,1,0,0,1,0,0,0,alto
15,350000.0,3908,0.7737973387922211,6,2,1,0,0,4,0,1,1,0,0,0,0,medio_alto
5,10000.0,1,0.0,1,4,1,0,0,0,1,1,0,1,0,0,0,medio_alto
6,75000.0,6,1.0,1,2,1,1,0,0,1,1,0,0,0,0,0,medio_baixo
5,0.0,0,0.0,1,2,1,0,0,0,1,0,1,0,0,0,0,gratuito
2,0.0,0,0.0,1,3,1,0,0,0,1,0,0,1,0,0,0,gratuito
12,75000.0,85,0.7411764705882353,1,4,1,1,1,0,1,1,0,1,0,1,0,baixo
1,0.0,0,0.0,1,5,1,0,0,0,1,0,1,1,1,0,0,gratuito
1,10000.0,3,0.6666666666666666,1,1,1,0,0,0,0,0,0,1,0,0,0,baixo
9,10000.0,21,0.9523809523809523,1,3,1,0,0,0,1,1,0,1,0,0,0,medio_baixo
1,10000.0,1,1.0,8,3,1,0,0,0,0,0,0,1,0,1,1,medio_baixo
4,10000.0,2,0.0,1,4,1,0,0,0,1,1,1,1,0,0,0,medio_baixo
1,10000.0,0,0.0,1,3,1,0,0,0,1,1,0,0,1,0,0,baixo
6,10000.0,0,0.0,29,2,1,0,0,0,1,0,0,1,0,0,0,medio_baixo
1,0.0,0,0.0,0,0,1,0,0,0,0,0,0,0,0,0,0,gratuito
1,10000.0,18,1.0,4,3,1,0,0,0,1,1,0,1,0,0,0,baixo
1,0.0,0,0.0,1,3,1,0,0,0,0,0,0,1,0,0,1,gratuito
2,10000.0,0,0.0,1,4,1,1,0,0,1,0,0,1,1,0,1,medio_baixo
8,10000.0,1,0.0,1,4,1,0,0,0,1,1,0,1,0,1,0,baixo
4,10000.0,1,0.0,1,3,1,0,0,0,1,0,0,1,0,0,0,medio_alto
6,150000.0,836,0.6220095693779905,29,6,1,0,0,0,1,1,1,1,0,0,1,baixo
1,10000.0,0,0.0,1,4,1,0,0,0,1,1,1,1,0,0,0,medio_baixo
5,35000.0,13,0.15384615384615385,1,6,1,0,0,0,1,1,1,1,1,0,1,baixo
1,10000.0,0,0.0,7,3,1,0,0,0,1,0,0,1,0,1,0,baixo
6,10000.0,103,0.5825242718446602,1,6,1,0,0,0,1,1,0,0,1,0,1,alto
8,10000.0,0,0.0,1,3,1,0,0,0,1,1,0,0,1,0,0,alto
5,10000.0,20,0.5,103,3,1,0,0,0,1,0,0,1,0,0,1,baixo
2,10000.0,0,0.0,3,4,1,1,0,0,1,0,1,1,0,0,1,medio_alto
18,35000.0,64,0.546875,1,1,1,0,0,0,0,0,0,0,0,0,0,medio_alto
10,75000.0,281,0.6690391459074733,1,2,1,1,0,1,1,1,0,0,0,0,0,baixo
1,0.0,0,0.0,3,2,1,1,0,0,0,0,1,1,0,0,0,alto
1,0.0,0,0.0,2,2,1,0,0,0,0,0,1,0,1,0,0,medio_baixo
2,0.0,0,0.0,1,3,1,0,0,0,0,1,0,1,0,0,0,gratuito
7,10000.0,10,0.8,8,1,1,0,0,0,0,0,0,0,0,1,0,medio_alto
5,10000.0,5,1.0,1,4,1,0,0,0,1,1,1,0,0,0,0,alto
3,10000.0,1,1.0,1,2,1,0,0,0,1,1,0,0,0,0,0,baixo
1,0.0,0,0.0,30,3,1,0,0,0,0,0,0,1,0,1,1,gratuito
12,35000.0,305,0.7016393442622951,8,2,1,0,0,0,0,1,1,0,0,0,0,medio_alto
4,10000.0,5,0.8,1,2,1,0,0,0,1,0,0,0,0,0,0,baixo
10,10000.0,15,0.3333333333333333,1,2,1,0,0,0,0,0,1,0,0,0,0,gratuito
1,10000.0,5,1.0,1,2,1,0,0,0,1,0,0,0,1,0,0,medio_baixo
5,35000.0,404,0.3688118811881188,11,2,1,0,0,0,0,0,1,0,0,0,1,medio_alto
1,10000.0,0,0.0,2,4,1,0,0,1,1,1,1,0,1,0,0,alto
3,10000.0,28,0.8214285714285714,1,4,1,1,1,0,1,0,1,1,0,0,1,medio_alto
6,10000.0,27,0.9259259259259259,1,1,1,0,0,0,1,0,0,0,0,0,0,medio_baixo
3,10000.0,14,0.9285714285714286,2,4,1,1,0,0,1,1,0,1,1,0,0,baixo
5,0.0,0,0.0,0,0,1,0,0,0,0,0,0,0,0,0,0,gratuito
1,0.0,0,0.0,2,4,1,0,0,0,1,0,0,0,1,0,1,gratuito
4,10000.0,0,0.0,1,2,1,0,1,0,1,1,0,0,0,0,0,baixo
2,10000.0,24,0.9166666666666666,2,1,1,0,0,0,0,0,0,1,0,0,0,medio_alto
5,0.0,0,0.0,1,5,1,0,0,1,1,1,0,0,0,0,0,gratuito
8,10000.0,23,0.4782608695652174,1,3,1,0,0,0,1,1,1,0,0,0,0,medio_alto
4,10000.0,34,0.9411764705882353,1,2,1,1,0,0,1,0,0,1,0,0,0,medio_baixo
2,10000.0,82,0.9512195121951219,2,3,1,0,0,1,1,0,0,1,0,0,1,medio_baixo
6,10000.0,16,0.8125,1,2,1,0,1,0,1,0,0,1,0,0,0,baixo
8,35000.0,16,0.5625,1,2,1,0,0,0,1,0,0,1,0,0,0,baixo
1,10000.0,0,0.0,1,3,1,0,0,0,1,1,1,0,0,0,0,alto
12,35000.0,48,0.4791666666666667,2,2,1,0,0,1,1,1,0,0,0,0,0,medio_baixo
3,10000.0,11,1.0,1,3,1,0,0,0,1,0,0,1,0,0,0,medio_baixo
2,10000.0,6,0.6666666666666666,1,2,1,0,0,0,0,0,0,1,0,0,1,medio_alto
5,10000.0,1,1.0,1,2,1,0,0,0,1,0,0,1,0,0,0,medio_baixo
6,10000.0,31,0.7096774193548387,6,3,1,1,1,1,1,1,0,1,0,0,0,medio_baixo
5,0.0,0,0.0,0,0,1,0,0,0,0,0,0,0,0,0,0,gratuito
2,35000.0,40,0.8,13,3,1,0,0,1,0,1,1,0,1,0,0,alto
6,10000.0,0,0.0,4,5,1,0,0,0,1,1,0,1,1,0,1,medio_alto
7,35000.0,40,0.85,1,2,1,0,0,1,0,0,1,0,1,0,0,medio_alto
5,0.0,0,0.0,0,0,1,0,0,0,0,0,0,0,0,0,0,gratuito
1,10000.0,0,0.0,7,5,1,0,0,0,1,1,1,1,0,0,0,medio_baixo
8,10000.0,2,0.5,1,2,1,0,0,0,1,0,0,0,0,0,0,medio_alto
4,75000.0,424,0.7735849056603774,11,5,1,0,0,1,1,1,1,0,0,1,1,alto
6,75000.0,7,0.5714285714285714,1,4,1,0,0,0,1,0,1,1,1,0,0,baixo
7,10000.0,55,0.23636363636363636,1,3,1,0,0,0,1,0,1,1,0,0,0,baixo
1,0.0,0,0.0,0,0,1,0,0,0,0,0,0,0,0,0,0,gratuito
2,10000.0,1,1.0,1,2,1,0,0,0,0,0,0,1,0,1,0,medio_alto
1,10000.0,4,0.75,13,1,1,0,0,0,0,0,0,1,0,0,0,baixo
2,0.0,0,0.0,0,0,1,0,0,0,0,0,0,0,0,0,0,gratuito
5,10000.0,39,0.7692307692307693,7,3,1,0,0,0,1,0,0,1,1,0,0,medio_baixo
3,10000.0,4,1.0,3,3,1,0,0,0,1,0,0,1,0,0,0,medio_baixo
3,10000.0,26,0.8461538461538461,7,1,1,0,0,0,0,0,0,1,0,0,0,medio_baixo
9,150000.0,883,0.7089467723669309,1,5,1,0,0,1,1,1,1,0,1,0,1,alto
11,150000.0,870,0.9275862068965517,1,6,1,1,1,0,1,0,1,1,1,0,1,gratuito
8,75000.0,126,0.7142857142857143,1,5,1,0,0,0,1,0,1,0,1,1,1,baixo
12,350000.0,3702,0.7312263641274986,6,2,1,1,0,0,1,1,0,0,0,0,0,baixo
1,0.0,0,0.0,1,2,1,0,0,0,0,0,0,0,0,0,0,gratuito
2,0.0,0,0.0,0,0,1,0,0,0,0,0,0,0,0,0,0,gratuito
10,75000.0,484,0.9380165289256198,14,2,1,1,0,0,0,0,1,1,0,0,0,alto
1,35000.0,453,0.8035320088300221,6,2,1,0,0,1,0,0,0,0,0,1,1,medio_alto
6,10000.0,77,0.961038961038961,1,2,1,0,0,0,1,1,0,0,0,0,0,medio_alto
9,10000.0,11,0.09090909090909091,1,4,1,0,0,0,0,0,0,0,0,0,1,medio_alto
2,10000.0,66,0.9393939393939394,2,3,1,0,0,0,0,0,0,1,0,1,0,alto
1,10000.0,66,0.9393939393939394,1,4,1,1,1,0,1,0,0,0,0,1,1,medio_alto
1,0.0,0,0.0,1,4,1,0,0,0,1,0,0,1,0,1,0,gratuito
1,10000.0,3,1.0,1,2,1,0,0,0,0,0,1,0,0,0,1,baixo
3,0.0,0,0.0,2,4,1,1,1,0,1,0,0,1,0,1,1,gratuito
3,10000.0,8,1.0,1,2,1,0,0,0,1,1,0,0,0,0,0,baixo
3,10000.0,5,0.8,1,2,1,0,0,0,0,0,0,0,0,0,1,gratuito
1,0.0,0,0.0,1,1,1,0,0,0,1,0,0,0,0,0,0,medio_alto
3,10000.0,36,0.6944444444444444,2,4,1,0,0,0,1,1,1,1,0,0,0,medio_baixo
10,10000.0,4,0.0,1,4,1,0,0,0,1,0,0,0,1,1,0,alto
8,10000.0,19,0.21052631578947367,4,3,1,0,1,0,1,1,0,1,0,0,0,medio_alto
3,75000.0,1716,0.9568764568764568,4,4,1,0,0,4,1,0,1,1,1,0,0,alto
3,10000.0,88,0.9204545454545454,3,4,1,0,0,0,1,1,1,0,1,0,0,medio_alto
3,10000.0,306,0.6797385620915033,4,3,1,0,0,0,1,0,0,1,0,0,1,alto
2,10000.0,26,0.9615384615384616,1,5,1,0,0,0,1,1,1,1,0,1,0,medio_baixo
2,0.0,0,0.0,0,0,1,0,0,0,0,0,0,0,0,0,0,gratuito
8,10000.0,32,0.375,2,1,1,0,0,0,0,0,0,0,0,0,0,gratuito
6,10000.0,16,0.75,1,5,1,0,0,0,1,1,1,1,0,0,0,gratuito
4,0.0,0,0.0,0,0,1,0,0,0,0,0,0,0,0,0,0,gratuito
1,10000.0,0,0.0,1,2,1,0,0,0,0,1,0,0,0,1,0,baixo
6,10000.0,4,0.75,2,4,1,0,0,0,1,1,1,1,0,0,0,medio_baixo
1,10000.0,0,0.0,1,1,1,0,0,0,1,0,0,0,0,0,0,medio_alto
1,0.0,0,0.0,17,5,1,0,0,0,0,0,0,1,0,0,0,gratuito
1,10000.0,1,1.0,1,2,1,0,0,0,0,0,0,1,1,0,0,baixo
7,10000.0,7,0.5714285714285714,4,2,1,1,0,0,0,0,1,1,0,0,0,medio_alto
17,350000.0,1735,0.6806916426512968,9,1,1,0,0,0,0,1,0,0,0,0,0,baixo
3,0.0,0,0.0,8,3,1,1,1,0,0,0,0,1,0,1,0,gratuito
6,10000.0,0,0.0,2,3,1,0,0,0,1,0,1,1,0,0,0,baixo
1,0.0,0,0.0,1,4,1,1,0,0,1,1,0,1,0,0,0,gratuito
6,10000.0,134,0.6567164179104478,5,3,1,0,0,0,1,0,0,1,0,0,1,baixo
6,10000.0,4,0.25,1,2,1,0,0,0,0,0,0,0,0,1,1,medio_baixo
3,0.0,0,0.0,3,7,1,0,0,0,1,1,1,1,0,1,1,alto
3,10000.0,2,0.5,2,4,1,0,0,0,1,1,0,0,0,0,1,alto
1,10000.0,0,0.0,3,3,1,0,0,0,0,1,1,1,0,0,0,alto
8,35000.0,163,0.9386503067484663,1,1,1,0,0,0,0,0,0,0,0,0,0,gratuito
1,10000.0,4,0.75,2,4,1,0,0,1,0,0,0,1,0,0,1,medio_baixo
10,10000.0,100,0.41,2,1,1,0,0,0,0,0,0,0,1,0,0,medio_alto
1,0.0,0,0.0,1,2,1,0,0,0,0,1,0,0,0,0,0,gratuito
7,10000.0,40,0.875,8,2,1,0,0,1,1,1,0,0,0,0,0,alto
3,0.0,0,0.0,0,0,1,0,0,0,0,0,0,0,0,0,0,gratuito
2,10000.0,3,1.0,1,5,1,0,0,0,1,1,1,1,0,0,0,baixo
1,10000.0,0,0.0,28,2,1,0,0,0,1,0,0,1,0,0,0,baixo
10,35000.0,136,0.75,2,1,1,0,0,0,0,1,0,0,0,0,0,alto
3,10000.0,75,0.8533333333333334,1,3,1,0,0,0,1,0,1,1,0,0,0,medio_baixo
11,750000.0,6360,0.8578616352201258,14,4,1,1,1,6,1,1,1,0,1,0,0,alto
8,10000.0,16,0.6875,1,1,1,1,1,0,0,0,0,0,0,0,0,alto
1,10000.0,322,0.937888198757764,4,3,1,0,0,0,1,1,0,0,0,0,0,medio_baixo
4,0.0,0,0.0,1,3,1,0,0,0,1,0,1,0,0,0,0,gratuito
5,10000.0,0,0.0,1,2,1,0,0,1,1,0,0,1,0,0,0,baixo
1,0.0,0,0.0,0,2,1,0,0,0,0,0,0,0,0,1,0,gratuito
1,10000.0,0,0.0,1,3,1,0,0,0,1,1,0,1,0,0,0,medio_alto
2,10000.0,21,0.7142857142857143,10,4,1,0,0,0,1,0,0,1,1,1,0,medio_baixo
8,35000.0,15,0.13333333333333333,1,4,1,1,1,0,1,1,1,1,0,0,0,medio_baixo
4,10000.0,3,1.0,1,3,1,0,0,0,1,0,0,1,0,0,1,alto
5,10000.0,0,0.0,1,3,1,0,0,0,1,0,1,1,0,0,0,baixo
1,10000.0,0,0.0,28,1,1,0,0,0,0,0,0,1,0,0,0,baixo
5,10000.0,117,0.9914529914529915,8,3,1,0,0,1,1,1,0,1,0,0,0,alto
15,35000.0,212,0.8915094339622641,1,2,1,1,0,0,0,0,1,1,0,0,0,alto
3,10000.0,0,0.0,1,1,1,0,0,0,0,0,0,1,0,0,0,baixo
3,10000.0,4,1.0,1,4,1,1,1,0,1,0,1,1,1,0,0,medio_alto
10,10000.0,13,0.5384615384615384,1,3,1,1,0,1,1,1,1,0,0,0,0,baixo
3,10000.0,2,0.0,1,1,1,0,0,0,0,0,0,1,0,0,0,medio_baixo
5,10000.0,8,1.0,1,4,1,0,0,0,0,0,0,0,1,0,0,alto
1,10000.0,0,0.0,5,1,1,0,0,1,0,1,0,0,0,0,0,alto
1,10000.0,0,0.0,7,4,1,0,0,1,0,1,0,0,1,0,0,alto
2,10000.0,0,0.0,12,1,1,0,0,1,0,0,1,0,0,0,0,medio_alto
1,10000.0,0,0.0,7,4,1,0,0,0,1,0,0,1,1,0,1,baixo
7,10000.0,8,0.5,1,2,1,0,0,0,1,0,0,1,0,0,0,baixo
7,350000.0,1539,0.8297595841455491,1,1,1,0,0,0,0,0,0,0,0,0,0,gratuito
8,10000.0,26,0.7692307692307693,3,3,1,0,0,0,0,0,0,1,0,0,1,medio_alto
9,10000.0,33,0.45454545454545453,1,4,1,0,0,0,1,0,0,0,0,0,1,alto
2,0.0,0,0.0,103,9,1,0,1,0,1,1,1,1,1,1,1,gratuito
11,1500000.0,4885,0.586489252814739,12,3,1,1,0,0,0,0,0,0,0,1,0,gratuito
4,0.0,0,0.0,1,5,1,1,1,0,1,0,1,1,1,0,1,gratuito
8,35000.0,362,0.8425414364640884,6,2,1,1,1,0,1,0,1,0,0,0,0,gratuito
2,10000.0,0,0.0,1,3,1,0,0,0,1,1,0,1,0,0,0,medio_alto
1,0.0,0,0.0,0,0,1,0,0,0,0,0,0,0,0,0,0,gratuito
6,35000.0,474,0.7510548523206751,10,3,1,0,0,0,1,0,0,0,0,1,1,alto
9,10000.0,7,0.7142857142857143,1,2,1,0,0,0,1,1,0,0,0,0,0,baixo
1,10000.0,19,0.6842105263157895,10,3,1,1,0,0,1,0,1,0,1,0,0,medio_alto
1,10000.0,96,0.8541666666666666,1,2,1,0,0,0,1,0,1,0,0,0,0,medio_baixo
1,0.0,0,0.0,0,0,1,0,0,0,0,0,0,0,0,0,0,gratuito
1,10000.0,0,0.0,1,4,1,0,1,0,1,1,1,0,0,0,0,medio_baixo
1,10000.0,125,0.848,4,3,1,0,0,1,1,0,1,0,0,0,1,medio_alto
6,10000.0,0,0.0,1,4,1,0,0,0,1,1,0,1,0,0,0,medio_alto
1,0.0,0,0.0,1,2,1,0,0,0,1,1,0,0,0,0,0,baixo
2,10000.0,0,0.0,1,3,1,0,0,0,1,0,0,1,0,1,0,medio_alto
1,10000.0,15,0.8,4,1,1,0,0,0,1,0,0,0,0,0,0,baixo
5,10000.0,42,0.8333333333333334,9,1,1,0,0,0,0,0,0,0,0,0,1,medio_alto
1,0.0,0,0.0,0,0,1,0,0,0,0,0,0,0,0,0,0,gratuito
3,10000.0,4,1.0,1,2,1,0,0,0,0,1,0,1,0,0,0,gratuito
6,150000.0,738,0.7195121951219512,22,4,1,1,0,0,0,1,0,0,0,1,0,gratuito
9,10000.0,3,0.3333333333333333,1,1,1,0,0,0,0,0,0,1,0,0,0,medio_baixo
1,10000.0,0,0.0,4,3,1,0,0,0,1,0,1,0,0,0,1,medio_alto
1,0.0,0,0.0,0,0,1,0,0,0,0,0,0,0,0,0,0,gratuito
7,10000.0,83,0.6867469879518072,1,2,1,0,0,0,1,0,1,0,0,0,0,gratuito
5,150000.0,1185,0.8067510548523207,1,5,1,0,0,1,1,0,0,1,0,0,1,gratuito
1,0.0,0,0.0,0,0,1,0,0,0,0,0,0,0,0,0,0,gratuito
7,10000.0,7,0.0,1,4,1,0,0,0,1,1,1,1,0,0,0,medio_alto
1,10000.0,0,0.0,1,2,1,0,0,0,1,1,0,0,0,0,0,medio_baixo
10,35000.0,274,0.8175182481751825,1,3,1,0,0,0,1,1,0,0,1,0,0,baixo
3,10000.0,19,0.6842105263157895,1,2,1,0,0,0,1,0,0,0,0,1,0,gratuito
8,10000.0,41,0.4146341463414634,7,1,1,1,1,0,0,0,1,0,0,0,0,alto
1,0.0,0,0.0,9,3,1,0,0,1,1,0,0,1,0,1,0,alto
14,350000.0,2072,0.8441119691119691,6,2,1,0,0,3,0,0,0,1,0,1,0,baixo
1,0.0,0,0.0,0,0,1,0,0,0,0,0,0,0,0,0,0,gratuito
7,10000.0,0,0.0,1,2,1,0,0,0,1,0,0,1,0,0,0,baixo
3,0.0,0,0.0,2,2,1,0,0,0,0,1,0,1,0,0,0,gratuito
3,10000.0,5,0.8,1,2,1,0,0,0,0,0,1,1,0,0,0,medio_alto
9,10000.0,15,0.9333333333333333,1,4,1,1,1,1,0,1,1,0,1,0,0,gratuito
1,10000.0,12,1.0,3,4,1,1,0,0,1,0,1,1,0,0,0,medio_alto
1,0.0,0,0.0,0,0,1,0,0,0,0,0,0,0,0,0,0,gratuito
4,10000.0,95,0.7052631578947368,4,1,1,0,0,7,0,0,0,0,1,0,0,alto
2,10000.0,276,0.9565217391304348,1,4,1,0,0,0,1,0,0,1,0,1,1,alto
2,10000.0,3,1.0,1,2,1,0,0,0,0,1,0,0,0,0,0,gratuito
2,75000.0,575,0.8591304347826086,4,3,1,0,0,2,1,0,1,0,0,1,0,medio_alto
7,10000.0,246,0.943089430894309,2,2,1,0,0,1,0,0,1,1,0,0,0,alto
1,10000.0,4,1.0,1,2,1,1,1,0,1,0,0,1,0,0,0,medio_alto
6,10000.0,62,0.7258064516129032,3,4,1,0,0,1,1,0,1,0,1,1,0,medio_baixo
2,10000.0,3,0.6666666666666666,1,3,1,0,0,0,1,1,1,0,0,0,0,medio_alto
1,0.0,0,0.0,15,3,1,0,0,0,1,0,0,1,0,0,1,medio_baixo
3,10000.0,132,0.8409090909090909,2,3,1,0,0,0,1,0,1,1,0,0,0,baixo
9,35000.0,87,0.7011494252873564,1,1,1,0,0,0,0,0,0,1,0,0,0,medio_alto
3,10000.0,104,0.9038461538461539,1,5,1,0,0,1,1,1,1,1,1,0,0,medio_baixo
2,10000.0,3,0.6666666666666666,1,4,1,0,0,0,1,0,0,0,1,1,0,alto
9,150000.0,1260,0.8325396825396826,11,3,1,1,1,2,1,0,0,1,0,0,1,baixo
2,10000.0,14,0.2857142857142857,15,3,1,0,0,0,0,0,0,0,0,1,1,medio_alto
3,10000.0,1,1.0,25,1,1,0,0,0,0,0,1,0,0,0,0,medio_baixo
2,10000.0,1,0.0,4,4,1,0,0,0,1,1,1,0,1,0,0,alto
3,0.0,0,0.0,1,7,1,1,0,0,1,1,1,1,0,1,1,gratuito
2,10000.0,0,0.0,1,4,1,0,1,0,1,1,1,0,0,0,0,alto
4,10000.0,72,0.8888888888888888,2,2,1,0,0,3,1,0,0,0,1,0,0,baixo
2,10000.0,0,0.0,1,3,1,0,0,0,1,1,0,1,0,0,0,medio_baixo
4,10000.0,4,0.75,4,1,1,0,0,0,0,0,0,1,0,0,0,alto
2,0.0,0,0.0,103,1,1,0,0,0,0,0,0,1,0,0,0,baixo
2,10000.0,1,1.0,2,3,1,0,0,0,0,1,0,1,0,1,0,baixo
5,10000.0,187,0.8983957219251337,4,2,1,1,1,1,1,0,0,1,0,0,0,medio_baixo
2,10000.0,8,0.875,1,6,1,1,0,0,1,1,1,1,0,0,1,baixo
6,10000.0,2,1.0,29,1,1,0,0,0,0,0,1,0,0,0,0,medio_alto
4,10000.0,0,0.0,1,3,1,0,0,0,0,1,0,0,0,0,1,alto
4,10000.0,142,0.9507042253521126,2,1,1,0,0,0,0,1,0,0,0,0,0,alto
4,10000.0,25,0.6,4,1,1,0,0,0,0,0,0,0,0,1,0,medio_alto
4,10000.0,220,0.7727272727272727,3,5,1,0,0,1,1,0,0,1,1,1,1,medio_baixo
8,35000.0,18,0.8333333333333334,1,1,1,0,0,0,0,0,0,0,0,1,0,alto
3,10000.0,15,0.4666666666666667,1,4,1,0,0,0,1,1,0,0,1,0,0,medio_baixo
7,10000.0,119,0.6638655462184874,29,2,1,0,0,0,1,0,0,1,0,0,0,baixo
8,10000.0,21,0.8571428571428571,5,2,1,1,0,0,1,1,0,0,0,0,0,alto
8,75000.0,24,0.9583333333333334,1,4,1,1,1,1,1,1,1,0,1,0,0,baixo
1,10000.0,0,0.0,1,2,1,1,0,0,1,0,0,1,0,0,0,medio_alto
5,10000.0,3,1.0,2,8,1,1,0,0,1,1,1,1,1,0,1,medio_baixo
3,35000.0,1062,0.9548022598870056,13,3,1,0,0,2,1,1,1,0,0,0,0,medio_alto
5,150000.0,6,1.0,2,3,1,0,0,1,1,1,1,0,0,0,0,medio_alto
4,150000.0,11,1.0,1,2,1,0,0,0,0,1,1,0,0,0,0,medio_baixo
6,10000.0,7,0.5714285714285714,1,3,1,0,0,0,0,0,0,1,0,1,0,medio_baixo
5,10000.0,30,0.8,29,3,1,0,0,0,0,1,1,1,0,0,0,alto
9,10000.0,2,1.0,1,2,1,1,1,0,1,1,0,0,0,0,0,medio_baixo
1,10000.0,2,1.0,12,6,1,1,0,0,0,1,0,1,0,0,1,gratuito
6,35000.0,27,0.9259259259259259,1,3,1,1,1,0,1,0,1,1,0,0,0,medio_alto
7,10000.0,12,0.8333333333333334,1,1,1,0,0,0,0,0,0,1,0,0,0,gratuito
7,10000.0,17,0.4117647058823529,1,3,1,0,0,0,1,0,0,1,0,0,1,baixo
12,75000.0,758,0.7638522427440633,2,3,1,0,0,10,0,0,0,0,0,0,0,alto
5,10000.0,16,0.625,103,5,1,0,0,0,1,0,1,1,0,1,1,baixo
2,10000.0,31,0.9032258064516129,12,1,1,0,0,0,0,0,0,0,0,0,1,medio_alto
6,10000.0,46,0.7391304347826086,1,4,1,0,0,0,1,1,0,0,0,0,1,medio_baixo
7,35000.0,89,0.9101123595505618,16,1,1,1,0,0,0,0,0,1,0,0,0,alto
1,0.0,0,0.0,1,1,1,0,0,0,0,0,0,1,0,0,0,medio_baixo
1,10000.0,0,0.0,11,2,1,0,0,0,1,0,0,1,0,0,0,baixo
1,10000.0,0,0.0,2,3,1,0,0,0,1,0,0,1,0,0,1,medio_alto
8,10000.0,90,0.8333333333333334,10,3,1,0,0,0,1,1,0,0,0,0,0,medio_alto
15,35000.0,119,0.6722689075630253,1,3,1,1,0,0,0,1,1,1,0,0,0,medio_baixo
11,10000.0,6,0.3333333333333333,1,3,1,0,0,0,1,1,1,0,0,0,0,alto
2,0.0,0,0.0,103,2,1,0,1,0,1,0,1,0,0,0,0,baixo
3,10000.0,28,0.5357142857142857,1,2,1,0,0,0,0,0,0,0,0,0,0,alto
11,35000.0,112,0.7053571428571429,2,3,1,1,0,0,1,0,1,0,1,0,0,baixo
10,10000.0,30,0.7333333333333333,2,2,1,1,1,0,1,1,0,0,0,0,0,baixo
12,35000.0,159,0.7672955974842768,1,1,1,0,0,0,0,0,1,0,0,0,0,baixo
2,10000.0,3,1.0,2,2,1,0,0,0,1,0,1,0,0,0,0,medio_alto
2,10000.0,0,0.0,1,2,1,0,0,0,0,1,0,0,0,0,0,gratuito
2,10000.0,4,1.0,4,3,1,0,0,0,1,0,1,0,0,1,0,medio_alto
3,10000.0,0,0.0,3,2,1,0,0,0,1,1,0,0,0,0,0,medio_baixo
5,10000.0,0,0.0,1,4,1,0,0,0,1,0,0,1,0,0,1,baixo
4,10000.0,0,0.0,1,2,1,1,1,0,1,1,0,0,0,0,0,baixo
10,10000.0,6,0.8333333333333334,1,3,1,0,0,0,1,1,0,1,0,0,0,baixo
3,10000.0,1,1.0,1,2,1,0,0,0,0,1,0,1,0,0,0,medio_alto
3,10000.0,12,0.5833333333333334,1,4,1,0,0,0,1,1,0,0,0,0,1,gratuito
1,0.0,0,0.0,3,3,1,0,0,0,1,1,1,0,0,0,0,medio_alto
7,10000.0,4,0.5,2,3,1,0,0,0,1,1,0,0,1,0,0,medio_baixo
4,0.0,0,0.0,1,8,1,0,0,5,1,1,1,1,0,0,1,gratuito
1,10000.0,0,0.0,1,3,1,0,0,0,1,1,1,0,0,0,0,medio_baixo
2,0.0,0,0.0,0,0,1,0,0,0,0,0,0,0,0,0,0,gratuito
9,10000.0,13,0.6923076923076923,1,2,1,0,0,0,0,0,1,0,1,0,0,baixo
6,10000.0,8,0.625,1,2,1,0,0,0,1,0,0,1,0,0,0,baixo
6,35000.0,137,0.7299270072992701,12,5,1,0,0,0,1,0,1,1,0,1,1,alto
9,35000.0,36,0.8333333333333334,1,3,1,1,0,1,1,0,0,1,1,0,0,baixo
8,10000.0,77,0.6883116883116883,2,3,1,0,0,0,1,1,1,0,0,0,0,medio_baixo
5,10000.0,7,0.7142857142857143,1,5,1,0,0,0,1,1,1,1,0,0,0,gratuito
11,150000.0,216,0.6574074074074074,2,4,1,1,1,10,1,0,0,0,0,1,0,gratuito
3,10000.0,34,0.8235294117647058,5,2,1,0,0,0,0,1,1,0,0,0,0,medio_alto
9,350000.0,7039,0.948003977837761,1,3,1,1,1,1,1,1,0,0,1,0,0,medio_baixo
2,0.0,0,0.0,0,0,1,0,0,0,0,0,0,0,0,0,0,gratuito
4,35000.0,524,0.9045801526717557,2,4,1,0,0,0,1,0,0,1,0,1,1,medio_baixo
3,0.0,0,0.0,0,0,1,0,0,0,0,0,0,0,0,0,0,gratuito
7,10000.0,4,1.0,3,3,1,0,0,0,1,0,0,1,0,0,1,baixo
11,350000.0,376,0.7074468085106383,2,2,1,0,0,1,0,1,1,0,0,0,0,baixo
1,10000.0,0,0.0,2,4,1,0,0,0,1,1,0,1,1,0,0,medio_baixo
3,10000.0,3,0.6666666666666666,1,4,1,0,0,0,1,1,0,0,0,0,1,medio_alto
3,75000.0,35,0.8571428571428571,1,4,1,0,0,0,1,0,1,1,0,0,1,alto
8,10000.0,58,0.7068965517241379,1,2,1,0,0,0,1,0,1,0,0,0,0,medio_baixo
3,0.0,0,0.0,1,3,1,0,0,1,1,1,0,0,0,0,0,gratuito
6,10000.0,6,0.5,1,3,1,0,0,0,1,1,1,0,0,0,0,medio_alto
2,10000.0,5,0.6,5,2,1,0,0,0,1,0,1,0,0,0,0,baixo
1,10000.0,0,0.0,4,3,1,0,0,0,1,1,0,0,0,0,0,alto
1,10000.0,0,0.0,1,1,1,0,0,0,0,0,1,0,0,0,0,baixo
2,150000.0,2,0.5,1,4,1,0,0,0,1,1,0,1,0,0,0,medio_alto
10,10000.0,49,0.6530612244897959,4,2,1,0,0,0,0,0,0,0,0,1,1,alto
3,10000.0,6,0.5,2,3,1,0,0,0,1,1,0,0,1,0,0,alto
5,10000.0,88,0.7840909090909091,2,4,1,0,0,1,1,0,1,0,1,0,1,baixo
1,0.0,0,0.0,0,0,1,0,0,0,0,0,0,0,0,0,0,gratuito
3,10000.0,0,0.0,1,1,1,0,0,2,0,0,0,1,0,0,0,baixo
9,10000.0,26,0.8846153846153846,1,3,1,0,0,0,1,0,0,1,0,0,1,alto
10,10000.0,30,0.43333333333333335,1,4,1,0,0,0,1,1,0,0,0,0,1,baixo
2,0.0,0,0.0,1,1,1,0,0,0,0,0,0,0,0,0,0,gratuito
7,1500000.0,13379,0.8912474773899395,14,3,1,0,0,4,1,1,1,0,0,0,0,medio_alto
6,10000.0,37,0.5945945945945946,1,3,1,0,0,0,1,0,0,1,0,0,0,baixo
1,0.0,0,0.0,0,0,1,0,0,0,0,0,0,0,0,0,0,gratuito
1,0.0,0,0.0,1,2,1,0,0,0,0,0,0,0,0,0,0,gratuito
10,750000.0,6260,0.8746006389776357,1,2,1,1,1,1,1,0,0,0,0,0,1,baixo
1,10000.0,0,0.0,27,3,1,0,0,0,1,1,0,1,0,0,0,baixo
2,10000.0,2,0.5,1,1,1,0,0,0,1,0,0,0,0,0,0,baixo
1,10000.0,259,0.9691119691119691,10,2,1,0,0,1,1,1,0,0,0,0,0,medio_alto
1,10000.0,44,0.9772727272727273,10,3,1,0,0,0,1,0,0,1,0,1,0,medio_baixo
2,10000.0,0,0.0,8,2,1,1,1,0,1,0,1,0,0,0,0,medio_baixo
3,10000.0,1,1.0,6,1,1,0,1,0,0,0,0,1,0,0,0,medio_baixo
6,10000.0,34,0.5882352941176471,1,5,1,0,1,0,1,0,1,0,1,1,0,alto
3,0.0,0,0.0,0,0,1,0,0,0,0,0,0,0,0,0,0,gratuito
9,10000.0,40,0.725,2,4,1,0,0,0,1,0,0,0,1,1,0,baixo
5,10000.0,0,0.0,1,1,1,0,0,0,1,0,0,0,0,0,0,baixo
3,0.0,0,0.0,0,0,1,0,0,0,0,0,0,0,0,0,0,gratuito
2,10000.0,2,1.0,2,5,1,0,0,0,1,0,0,0,0,0,1,medio_baixo
10,10000.0,10,0.5,1,2,1,0,0,0,1,1,0,0,0,0,0,medio_baixo
3,10000.0,22,0.9545454545454546,1,2,1,0,0,0,0,0,0,0,0,1,1,medio_baixo
6,10000.0,0,0.0,1,2,1,0,0,2,1,0,0,1,0,0,0,baixo
3,10000.0,8,1.0,1,5,1,0,0,0,1,0,1,1,1,1,0,medio_alto
6,10000.0,6,0.6666666666666666,1,2,1,0,0,0,1,1,0,0,0,0,0,baixo
1,0.0,0,0.0,0,0,1,0,0,0,0,0,0,0,0,0,0,gratuito
15,35000.0,35,0.5428571428571428,1,1,1,0,0,0,0,0,0,0,0,1,0,medio_baixo
2,10000.0,5,0.6,30,4,1,0,1,0,1,0,0,1,0,1,1,medio_alto
7,35000.0,2469,0.7055488051842851,10,1,1,0,0,0,0,1,0,0,0,0,0,alto
7,150000.0,772,0.8393782383419689,1,2,1,0,0,4,1,0,0,0,0,1,0,alto
4,35000.0,20,0.7,1,4,1,0,0,0,1,0,1,1,1,0,0,baixo
5,150000.0,2003,0.7948077883175237,1,6,1,1,1,3,1,1,1,0,1,0,0,alto
7,10000.0,152,0.9539473684210527,9,3,1,0,0,0,1,0,1,1,0,0,0,medio_baixo
4,10000.0,0,0.0,1,2,1,0,0,0,1,0,0,1,0,0,0,baixo
3,10000.0,5,1.0,1,2,1,1,0,0,0,0,1,1,0,0,0,medio_alto
9,10000.0,91,0.8571428571428571,1,4,1,1,0,0,1,0,0,0,0,1,1,gratuito
1,10000.0,18,1.0,1,1,1,0,0,0,1,0,0,0,0,0,0,baixo
1,0.0,0,0.0,0,0,1,0,0,0,0,0,0,0,0,0,0,gratuito
9,75000.0,242,0.5785123966942148,1,2,1,0,0,0,1,0,0,1,0,0,0,baixo
2,35000.0,259,0.749034749034749,1,5,1,0,0,0,1,0,1,1,1,1,0,medio_baixo
5,10000.0,1,1.0,1,2,1,0,0,0,0,0,0,1,0,1,0,baixo
3,75000.0,48,0.9791666666666666,4,3,1,0,0,0,1,1,0,0,0,1,0,baixo
9,10000.0,40,0.5,1,5,1,0,0,0,1,1,1,1,0,1,0,baixo
10,10000.0,42,0.8809523809523809,9,1,1,1,1,0,1,0,0,0,0,0,0,alto
1,0.0,0,0.0,1,2,1,0,0,0,1,0,0,1,0,0,0,baixo
1,10000.0,6,1.0,1,3,1,0,0,0,0,1,1,0,0,0,0,alto
2,10000.0,39,0.8717948717948718,1,1,1,0,0,0,0,1,0,0,0,0,0,medio_alto
6,10000.0,291,0.9140893470790378,9,3,1,0,0,0,1,1,1,0,0,0,0,medio_alto
2,0.0,0,0.0,0,0,1,0,0,0,0,0,0,0,0,0,0,gratuito
2,10000.0,4,1.0,1,4,1,0,0,0,1,0,0,1,0,1,1,baixo
14,75000.0,664,0.6204819277108434,5,1,1,0,0,0,0,1,0,0,0,0,0,baixo
2,10000.0,55,0.9636363636363636,1,1,1,0,0,0,1,0,0,0,0,0,0,medio_baixo
1,0.0,0,0.0,6,4,1,0,0,0,1,1,0,0,0,1,0,gratuito
7,75000.0,874,0.7963386727688787,10,4,1,0,0,1,1,0,0,1,0,1,1,medio_alto
2,10000.0,16,0.8125,1,3,1,0,0,0,1,0,0,1,0,0,1,medio_alto
2,10000.0,0,0.0,4,4,1,0,0,2,1,0,0,1,1,0,1,alto
3,0.0,0,0.0,0,0,1,0,0,0,0,0,0,0,0,0,0,gratuito
11,35000.0,441,0.7732426303854876,1,1,1,0,0,0,1,0,0,0,0,0,0,baixo
1,0.0,0,0.0,0,0,1,0,0,0,0,0,0,0,0,0,0,gratuito
2,10000.0,0,0.0,1,1,1,0,0,0,0,0,1,0,0,0,0,alto
1,10000.0,0,0.0,4,5,1,0,0,0,1,1,1,1,0,1,0,alto
3,10000.0,5,0.8,2,4,1,0,0,0,1,1,1,1,0,0,0,medio_alto
1,10000.0,0,0.0,1,1,1,0,0,0,0,1,0,0,0,0,0,alto
5,0.0,0,0.0,0,0,1,0,0,0,0,0,0,0,0,0,0,gratuito
3,35000.0,7,0.5714285714285714,2,3,1,0,0,6,0,0,1,0,1,1,0,alto
2,0.0,0,0.0,0,0,1,0,0,0,0,0,0,0,0,0,0,gratuito
2,10000.0,22,0.45454545454545453,2,5,1,0,0,0,1,1,1,1,0,0,0,gratuito
1,10000.0,16,0.5625,2,1,1,0,0,0,1,0,0,0,0,0,0,baixo
11,10000.0,97,0.4845360824742268,1,4,1,0,0,0,1,0,0,0,1,1,1,medio_baixo
9,10000.0,32,0.90625,11,4,1,0,1,1,1,1,0,1,0,0,1,medio_baixo
10,10000.0,77,0.2597402597402597,1,2,1,0,0,0,0,0,1,1,0,0,0,baixo
6,10000.0,20,0.7,3,4,1,0,0,0,1,1,1,0,1,0,0,alto
8,10000.0,10,0.2,1,1,1,0,0,0,0,1,0,0,0,0,0,baixo
5,10000.0,0,0.0,2,3,1,0,0,0,1,0,1,0,0,0,0,gratuito
4,10000.0,15,0.9333333333333333,3,2,1,0,0,0,1,0,0,1,0,0,0,medio_baixo
6,10000.0,3,1.0,1,1,1,0,0,0,1,0,0,0,0,0,0,baixo
9,35000.0,206,0.6456310679611651,1,1,1,0,0,0,1,0,0,0,0,0,0,alto
5,10000.0,0,0.0,9,1,1,0,1,0,0,0,0,1,0,0,0,medio_alto
12,350000.0,1312,0.45198170731707316,1,2,1,1,0,0,0,0,0,1,0,0,0,medio_alto
2,0.0,0,0.0,1,4,1,0,0,0,1,1,0,0,1,0,0,gratuito
2,10000.0,7,1.0,1,3,1,0,0,0,1,1,1,0,0,0,0,medio_alto
1,10000.0,0,0.0,1,1,1,1,1,0,0,0,0,0,0,1,0,baixo
9,75000.0,56,0.9464285714285714,1,1,1,0,0,0,0,0,0,0,1,0,0,medio_baixo
1,10000.0,0,0.0,1,3,1,0,0,0,1,0,0,1,0,0,0,baixo
3,10000.0,2,1.0,1,1,1,1,0,0,0,0,0,0,0,0,0,alto
2,0.0,0,0.0,0,0,1,0,0,0,0,0,0,0,0,0,0,gratuito
3,10000.0,1,1.0,1,1,1,0,0,0,0,0,0,0,1,0,0,baixo
2,10000.0,9,0.1111111111111111,1,8,1,0,0,0,1,1,1,1,1,1,0,gratuito
2,35000.0,9,1.0,1,2,1,0,0,0,1,0,0,0,1,0,0,medio_baixo
4,0.0,0,0.0,0,0,1,0,0,0,0,0,0,0,0,0,0,gratuito
1,10000.0,0,0.0,9,2,1,0,0,0,0,1,1,0,0,0,0,alto
3,0.0,0,0.0,7,5,1,1,0,0,1,1,1,1,0,0,0,gratuito
10,150000.0,526,0.7737642585551331,1,3,1,1,1,0,1,1,0,1,0,0,0,baixo
1,0.0,0,0.0,1,3,1,1,0,0,1,0,0,1,0,0,0,medio_alto
8,35000.0,10,0.4,1,3,1,0,0,96,1,1,0,0,0,1,0,gratuito
2,10000.0,5,0.8,1,2,1,0,0,0,1,0,0,1,0,0,0,alto
2,10000.0,4,0.75,1,3,1,0,0,0,1,1,0,0,0,0,0,baixo
2,10000.0,1,1.0,1,2,1,0,0,0,0,0,0,0,0,0,1,medio_baixo
1,0.0,0,0.0,1,6,1,0,0,1,1,0,1,1,1,0,1,gratuito
8,750000.0,11107,0.9485009453497795,3,4,1,1,1,3,1,0,0,0,0,0,1,alto
11,10000.0,313,0.9361022364217252,9,3,1,1,1,0,1,0,0,1,0,1,0,baixo
9,10000.0,153,0.3137254901960784,8,3,1,0,0,0,1,1,1,0,0,0,0,baixo
7,10000.0,5,0.6,1,1,1,0,0,0,0,0,0,0,0,0,1,medio_alto
15,150000.0,1002,0.6666666666666666,8,1,1,0,0,0,0,0,0,0,0,0,1,gratuito
7,10000.0,5,0.8,1,1,1,1,0,0,0,0,0,0,1,0,0,alto
9,35000.0,269,0.6802973977695167,1,4,1,0,0,0,1,1,0,1,0,0,0,medio_baixo
6,10000.0,0,0.0,1,2,1,0,0,0,0,0,0,0,0,0,1,baixo
8,35000.0,525,0.878095238095238,1,6,1,1,1,0,1,1,0,1,0,0,1,baixo
3,0.0,0,0.0,1,3,1,0,0,0,0,0,1,0,0,0,1,gratuito
8,10000.0,15,1.0,2,3,1,0,0,0,1,1,0,0,0,0,0,medio_alto
2,10000.0,28,0.7142857142857143,1,2,1,0,0,0,1,0,1,0,0,0,0,baixo
1,75000.0,1,0.0,1,2,1,0,0,0,1,0,1,0,0,0,0,medio_baixo
2,10000.0,102,0.7941176470588235,12,2,1,0,0,0,0,1,0,1,0,0,0,baixo
3,10000.0,22,0.7272727272727273,1,1,1,0,0,0,0,0,0,0,1,0,0,medio_alto
1,0.0,0,0.0,0,0,1,0,0,0,0,0,0,0,0,0,0,gratuito
2,10000.0,5,1.0,1,3,1,0,0,0,1,1,0,1,0,0,0,medio_alto
6,35000.0,77,0.7142857142857143,1,2,1,1,0,0,0,0,0,1,0,1,0,baixo
7,10000.0,49,0.42857142857142855,4,4,1,0,0,0,1,1,1,0,1,0,0,alto
9,350000.0,7815,0.7797824696097249,11,1,1,1,1,6,0,0,0,0,0,1,0,medio_alto
12,75000.0,1056,0.8797348484848485,1,2,1,1,0,0,1,0,0,1,0,0,0,baixo
2,10000.0,0,0.0,6,4,1,0,0,0,1,1,1,0,0,1,0,medio_baixo
2,0.0,0,0.0,0,0,1,0,0,0,0,0,0,0,0,0,0,gratuito
5,10000.0,0,0.0,11,5,1,0,0,0,1,1,1,0,1,0,1,baixo
3,10000.0,2,0.5,1,2,1,0,0,0,1,0,0,0,1,0,0,medio_baixo
10,10000.0,22,0.4090909090909091,2,4,1,0,0,0,1,1,0,1,0,0,1,medio_baixo
3,10000.0,0,0.0,27,2,1,0,0,0,1,0,0,1,0,0,0,medio_alto
7,10000.0,14,0.8571428571428571,1,1,1,0,0,0,0,0,0,0,0,0,0,gratuito
2,10000.0,2,1.0,4,2,1,0,0,0,0,0,0,1,0,1,0,medio_alto
5,35000.0,105,0.6857142857142857,6,1,1,0,0,0,0,1,0,0,0,0,0,alto
5,750000.0,39158,0.9412380611880076,14,2,1,0,0,0,0,1,1,0,0,0,0,alto
6,10000.0,1,1.0,1,1,1,0,0,0,0,1,0,0,0,0,0,medio_alto
4,10000.0,0,0.0,1,2,1,0,0,0,1,0,0,1,0,0,0,baixo
6,10000.0,253,0.8814229249011858,14,1,1,0,0,0,0,0,0,0,0,0,0,baixo
6,10000.0,33,0.7575757575757576,1,4,1,0,0,1,1,1,0,1,0,0,0,gratuito
10,10000.0,22,0.6818181818181818,3,1,1,0,0,0,1,0,0,0,0,0,0,medio_alto
2,0.0,0,0.0,7,3,1,0,0,0,0,0,0,1,0,0,0,gratuito
1,0.0,0,0.0,4,4,1,0,0,0,1,1,0,1,0,1,0,alto
6,10000.0,1,0.0,1,1,1,0,0,0,0,1,0,0,0,0,0,baixo
6,350000.0,1932,0.7556935817805382,7,5,1,0,0,2,1,0,1,1,1,0,1,medio_baixo
3,0.0,0,0.0,1,4,1,0,0,0,1,0,1,1,0,0,0,gratuito
5,150000.0,2377,0.6419856962557846,9,2,1,0,0,2,1,0,1,0,0,0,0,medio_alto
2,10000.0,0,0.0,1,3,1,0,0,0,1,0,1,0,0,0,0,gratuito
5,0.0,0,0.0,0,0,1,0,0,0,0,0,0,0,0,0,0,gratuito
1,0.0,0,0.0,0,0,1,0,0,0,0,0,0,0,0,0,0,gratuito
2,10000.0,14,0.35714285714285715,9,2,1,0,0,2,0,0,0,1,0,0,1,medio_baixo
5,10000.0,36,0.6666666666666666,2,3,1,1,1,0,1,0,1,0,0,1,0,baixo
2,10000.0,32,0.9375,1,1,1,0,0,0,0,0,0,0,0,1,0,medio_baixo
5,35000.0,72,0.4444444444444444,8,1,1,0,0,0,0,0,0,0,0,1,0,gratuito
4,150000.0,1366,0.862371888726208,11,3,1,1,1,1,0,0,1,1,0,0,1,medio_alto
6,10000.0,10,1.0,1,1,1,0,0,0,0,0,0,0,1,0,0,medio_baixo
8,10000.0,64,0.625,10,3,1,1,1,0,1,0,1,1,0,0,0,alto
4,10000.0,1,1.0,1,4,1,1,0,0,1,0,0,1,0,1,1,medio_alto
8,35000.0,227,0.5418502202643172,11,8,1,0,0,2,1,1,1,0,1,0,1,alto
1,0.0,0,0.0,103,2,1,0,0,0,1,0,0,1,0,0,0,medio_baixo
12,10000.0,10,0.3,1,1,1,0,0,0,1,0,0,0,0,0,0,baixo
1,10000.0,0,0.0,1,5,1,0,0,0,1,1,1,1,0,0,0,medio_baixo
8,75000.0,1843,0.8665219750406945,1,1,1,0,0,0,0,0,0,0,0,0,1,baixo
2,10000.0,22,0.6363636363636364,7,1,1,1,0,1,0,0,0,0,0,0,1,medio_alto
4,10000.0,0,0.0,4,3,1,0,0,0,1,1,1,0,0,0,0,medio_baixo
13,1500000.0,15205,0.8061821769154883,13,2,1,0,0,7,0,1,1,0,0,0,0,medio_alto
3,10000.0,1,1.0,1,2,1,0,0,0,1,0,1,0,0,0,0,medio_baixo
1,10000.0,0,0.0,1,3,1,0,0,0,1,0,0,0,0,1,1,medio_alto
10,10000.0,111,0.8648648648648649,1,3,1,0,0,0,0,1,0,1,0,0,0,alto
12,35000.0,115,0.6956521739130435,5,2,1,1,0,0,1,0,0,1,0,0,0,baixo
7,35000.0,36,0.8611111111111112,1,4,1,0,0,0,1,1,1,0,0,0,0,gratuito
1,10000.0,3,1.0,1,1,1,0,1,0,0,0,0,0,0,0,0,baixo
3,10000.0,13,0.9230769230769231,1,3,1,0,1,0,1,1,0,0,0,1,0,medio_baixo
2,10000.0,5,0.6,1,2,1,0,0,0,1,0,0,1,0,0,0,medio_baixo
1,0.0,0,0.0,1,2,1,0,0,0,1,0,0,0,0,0,1,medio_alto
1,0.0,0,0.0,0,0,1,0,0,0,0,0,0,0,0,0,0,gratuito
1,10000.0,10,0.9,1,2,1,0,0,0,0,0,1,0,1,0,0,medio_alto
5,10000.0,0,0.0,3,4,1,0,0,11,1,0,1,0,0,1,1,medio_alto
6,75000.0,389,0.8406169665809768,1,4,1,0,0,0,1,1,0,0,1,0,0,gratuito
1,0.0,0,0.0,0,0,1,0,0,0,0,0,0,0,0,0,0,gratuito
11,10000.0,89,0.898876404494382,1,1,1,0,1,0,0,0,0,0,0,0,1,medio_baixo
1,10000.0,1,1.0,1,2,1,1,0,0,1,0,0,1,0,0,0,medio_alto
4,35000.0,70,0.7142857142857143,10,4,1,0,0,0,1,1,1,0,0,0,0,medio_baixo
2,10000.0,4,0.75,1,3,1,0,0,0,1,1,0,1,0,0,0,baixo
7,10000.0,52,0.9230769230769231,1,2,1,0,0,0,1,1,0,0,0,0,0,baixo
3,75000.0,934,0.8029978586723768,14,2,1,0,0,2,0,1,1,0,0,0,0,medio_alto
10,150000.0,1265,0.8324110671936759,8,3,1,1,1,1,1,1,1,0,0,0,0,baixo
1,35000.0,498,0.9618473895582329,9,5,1,0,0,1,1,1,0,1,1,0,0,alto
4,10000.0,0,0.0,1,2,1,0,0,0,1,1,0,0,0,0,0,medio_alto
1,0.0,0,0.0,0,0,1,0,0,0,0,0,0,0,0,0,0,gratuito
1,10000.0,40,0.75,1,1,1,0,0,0,0,0,1,0,0,0,0,baixo
11,150000.0,596,0.7684563758389261,27,1,1,0,0,0,0,0,0,0,0,0,0,gratuito
1,0.0,0,0.0,1,2,1,0,0,0,1,0,0,0,0,0,0,gratuito
3,0.0,0,0.0,0,0,1,0,0,0,0,0,0,0,0,0,0,gratuito
2,10000.0,0,0.0,2,5,1,1,0,0,1,1,1,0,1,0,0,gratuito
9,35000.0,279,0.8960573476702509,9,2,1,1,1,0,0,0,1,1,0,0,0,medio_alto
1,0.0,0,0.0,0,0,1,0,0,0,0,0,0,0,0,0,0,gratuito
3,0.0,0,0.0,0,0,1,0,0,0,0,0,0,0,0,0,0,gratuito
4,10000.0,50,0.84,2,4,1,0,0,0,1,0,0,0,1,1,1,medio_alto
2,10000.0,13,0.7692307692307693,1,5,1,0,0,0,1,1,1,1,0,0,0,baixo
2,0.0,0,0.0,1,2,1,0,0,0,1,0,1,0,0,0,0,gratuito
2,10000.0,25,0.92,6,3,1,0,0,0,1,1,0,0,0,0,0,baixo
1,0.0,0,0.0,1,2,1,0,0,0,0,0,0,1,0,0,0,gratuito
1,10000.0,4,1.0,2,3,1,0,0,0,1,0,0,1,0,0,0,medio_baixo
4,10000.0,124,0.9274193548387096,5,3,1,1,0,0,1,0,1,1,0,0,0,medio_alto
4,10000.0,129,0.7829457364341085,14,3,1,1,0,1,1,0,1,1,0,0,0,medio_alto
8,10000.0,214,0.8925233644859814,29,2,1,0,0,1,1,0,0,1,0,0,0,baixo
3,10000.0,0,0.0,103,4,1,0,0,0,1,0,1,1,0,0,1,baixo
4,10000.0,15,0.8666666666666667,29,2,1,0,0,0,1,0,0,1,0,0,0,baixo
2,10000.0,1,0.0,1,3,1,0,0,0,1,1,0,1,0,0,0,medio_alto
1,10000.0,14,1.0,1,3,1,1,1,0,0,1,1,1,0,0,0,baixo
2,10000.0,11,1.0,4,3,1,0,0,0,1,1,1,0,0,0,0,baixo
10,35000.0,49,0.6530612244897959,6,3,1,1,0,0,0,1,1,1,0,0,0,baixo
3,35000.0,57,0.8421052631578947,1,4,1,1,0,0,1,0,1,0,1,0,0,gratuito
8,10000.0,8,0.75,2,2,1,0,0,0,1,0,1,0,0,0,0,baixo
5,10000.0,19,0.631578947368421,1,2,1,0,0,0,0,0,1,1,0,0,0,medio_alto
4,10000.0,57,0.8421052631578947,1,7,1,0,0,0,1,1,1,1,1,0,1,alto
3,10000.0,0,0.0,4,4,1,0,0,0,1,0,0,0,1,1,1,medio_alto
1,0.0,0,0.0,10,4,1,0,0,0,1,0,0,1,0,1,1,medio_baixo
2,35000.0,5,1.0,1,2,1,0,1,0,1,1,0,0,0,0,0,baixo
3,10000.0,78,0.8333333333333334,1,4,1,1,0,6,0,0,0,1,0,1,0,gratuito
4,10000.0,0,0.0,3,2,1,0,0,0,1,0,0,0,0,1,0,alto
2,10000.0,0,0.0,1,2,1,0,1,0,0,0,1,0,1,0,0,alto
12,75000.0,967,0.5708376421923474,8,1,1,1,1,1,0,0,0,0,0,1,0,medio_alto
6,35000.0,68,0.7941176470588235,1,2,1,0,0,0,0,1,1,0,0,0,0,alto
2,0.0,0,0.0,0,0,1,0,0,0,0,0,0,0,0,0,0,gratuito
1,0.0,0,0.0,2,4,1,0,0,0,1,0,1,1,0,0,0,gratuito
3,10000.0,12,0.3333333333333333,2,1,1,0,0,0,1,0,0,0,0,0,0,baixo
1,10000.0,0,0.0,2,3,1,0,1,0,1,0,0,1,0,0,0,gratuito
1,10000.0,4,1.0,1,3,1,0,0,0,1,1,1,0,0,0,0,medio_alto
3,10000.0,0,0.0,1,1,1,0,0,0,0,0,0,1,0,0,0,medio_baixo
6,10000.0,0,0.0,5,2,1,0,0,0,1,1,0,0,0,0,0,medio_baixo
2,10000.0,0,0.0,9,2,1,0,0,0,1,0,0,1,0,0,0,baixo
4,10000.0,192,0.671875,6,2,1,0,0,1,0,0,0,0,0,1,1,medio_alto
5,10000.0,49,0.8163265306122449,2,5,1,0,0,0,1,1,1,1,0,1,0,medio_alto
6,10000.0,1,1.0,1,7,1,0,0,0,1,1,1,1,1,1,1,baixo
1,10000.0,0,0.0,30,4,1,1,0,0,1,1,1,0,0,0,0,medio_alto
10,10000.0,3,1.0,9,1,1,0,0,0,0,0,0,0,0,0,0,gratuito
1,10000.0,0,0.0,2,2,1,0,0,0,1,1,0,0,0,0,0,baixo
8,10000.0,23,0.8695652173913043,1,4,1,0,0,0,1,0,0,1,0,0,1,gratuito
3,10000.0,4,1.0,1,2,1,0,0,0,1,1,0,0,0,0,0,baixo
1,10000.0,0,0.0,7,4,1,1,0,0,1,0,0,0,1,1,1,alto
5,35000.0,291,0.8831615120274914,3,2,1,0,0,0,1,0,0,0,1,0,0,alto
1,10000.0,0,0.0,3,4,1,1,0,0,1,0,0,1,1,1,0,alto
9,750000.0,5441,0.9461496048520492,14,2,1,1,0,2,1,0,0,0,0,0,0,gratuito
2,10000.0,62,0.8387096774193549,9,2,1,0,0,6,0,1,0,1,0,0,0,baixo
2,0.0,0,0.0,103,7,1,0,0,0,1,1,0,1,0,1,1,baixo
1,10000.0,0,0.0,2,4,1,0,0,0,1,1,1,0,0,0,0,medio_alto
2,10000.0,3,0.3333333333333333,10,2,1,0,0,0,1,1,0,0,0,0,0,baixo
5,10000.0,15,0.4,1,1,1,0,0,0,0,0,0,0,0,0,1,gratuito
1,0.0,0,0.0,0,0,1,0,0,0,0,0,0,0,0,0,0,gratuito
8,10000.0,23,0.6086956521739131,1,4,1,0,0,0,1,1,1,0,1,0,0,gratuito
2,10000.0,0,0.0,1,4,1,0,0,0,1,1,0,1,0,0,0,alto
5,35000.0,12,0.8333333333333334,3,2,1,0,0,1,1,1,0,0,0,0,0,baixo
7,10000.0,6,0.8333333333333334,1,3,1,0,0,0,1,0,0,1,0,1,0,medio_baixo
6,10000.0,5,1.0,1,4,1,0,0,0,0,1,0,1,0,0,0,medio_alto
5,150000.0,1433,0.6755059316120028,7,2,1,0,0,0,0,1,1,0,0,0,0,alto
10,10000.0,22,0.6818181818181818,1,2,1,0,0,0,1,0,1,0,0,0,0,medio_baixo
6,10000.0,30,0.9,1,4,1,1,1,0,1,0,1,1,1,0,0,gratuito
2,350000.0,4,0.5,8,2,1,0,0,0,1,1,0,0,0,0,0,medio_baixo
1,10000.0,0,0.0,6,2,1,0,0,0,0,1,0,0,0,0,1,alto
8,10000.0,27,0.37037037037037035,1,1,1,0,0,0,0,0,0,1,0,0,0,medio_alto
2,75000.0,1323,0.9516250944822373,10,3,1,0,0,0,1,0,1,0,0,0,1,medio_baixo
4,10000.0,2,0.5,4,1,1,0,0,0,0,0,0,1,0,0,0,baixo
3,10000.0,3,1.0,1,2,1,0,1,0,0,0,0,1,0,1,0,medio_alto
20,75000.0,0,0.0,1,1,1,0,0,0,0,0,0,0,0,1,0,medio_alto
4,0.0,0,0.0,0,0,1,0,0,0,0,0,0,0,0,0,0,gratuito
1,10000.0,23,1.0,6,4,1,0,0,1,1,1,1,1,0,0,0,baixo
9,10000.0,11,0.9090909090909091,1,3,1,0,0,0,1,1,0,1,0,0,0,medio_alto
4,10000.0,9,1.0,1,3,1,0,0,0,1,0,1,0,1,0,0,gratuito
2,0.0,0,0.0,103,2,1,0,0,0,1,0,0,1,0,0,0,baixo
4,10000.0,8,0.625,1,4,1,0,0,0,1,0,1,0,1,0,0,gratuito
4,10000.0,28,0.7857142857142857,1,4,1,0,0,0,1,0,0,1,0,0,1,alto
7,10000.0,39,0.7692307692307693,28,2,1,0,0,1,1,0,0,1,0,0,0,baixo
5,10000.0,297,0.7744107744107744,13,2,1,0,0,0,1,0,1,0,0,0,0,medio_alto
2,10000.0,304,0.48026315789473684,4,3,1,0,0,4,1,0,1,0,1,0,0,alto
1,0.0,0,0.0,13,4,1,0,0,0,1,1,1,1,0,0,0,alto
4,10000.0,0,0.0,1,1,1,0,0,0,0,0,0,0,1,0,0,medio_alto
9,10000.0,36,0.75,1,2,1,0,0,0,1,1,0,0,0,0,0,medio_baixo
1,10000.0,0,0.0,1,4,1,0,0,0,1,1,1,1,0,0,0,medio_alto
2,10000.0,60,0.5,1,5,1,0,0,0,1,1,1,0,0,1,0,gratuito
1,0.0,0,0.0,2,3,1,1,0,0,1,1,1,0,0,0,0,alto
1,10000.0,0,0.0,1,3,1,0,0,0,1,0,0,0,1,1,0,baixo
4,0.0,0,0.0,1,3,1,0,0,0,0,1,0,1,0,0,0,gratuito
2,10000.0,0,0.0,1,2,1,0,0,0,0,1,0,0,1,0,0,medio_baixo
1,0.0,0,0.0,0,0,1,0,0,0,0,0,0,0,0,0,0,gratuito
2,75000.0,1704,0.6784037558685446,14,2,1,0,0,2,0,1,0,0,1,0,0,medio_alto
3,10000.0,1,1.0,1,1,1,0,0,0,0,0,1,0,0,0,0,medio_baixo
1,0.0,0,0.0,1,2,1,0,0,0,1,0,1,0,0,0,0,medio_baixo
5,10000.0,1,0.0,2,2,1,0,0,0,1,1,0,0,0,0,0,baixo
4,0.0,0,0.0,0,0,1,0,0,0,0,0,0,0,0,0,0,gratuito
1,0.0,0,0.0,2,3,1,0,0,0,1,0,0,1,0,0,0,gratuito
6,10000.0,12,0.75,1,2,1,0,0,0,1,0,0,0,0,0,0,gratuito
2,0.0,0,0.0,0,0,1,0,0,0,0,0,0,0,0,0,0,gratuito
1,0.0,0,0.0,1,3,1,0,0,0,1,1,0,0,0,0,0,medio_alto
7,10000.0,161,0.8198757763975155,5,3,1,0,0,0,1,0,1,1,0,0,0,baixo
7,10000.0,82,0.3902439024390244,1,5,1,1,1,0,1,1,1,1,0,1,0,baixo
7,10000.0,251,0.8565737051792829,8,4,1,0,0,0,1,0,1,1,0,0,1,medio_alto
1,0.0,0,0.0,1,5,1,0,0,0,1,1,1,1,0,0,0,medio_baixo
10,35000.0,372,0.5510752688172043,1,3,1,0,0,0,0,1,1,0,1,0,0,gratuito
8,35000.0,77,0.6233766233766234,3,3,1,0,0,0,1,1,0,0,0,0,0,gratuito
3,10000.0,2,1.0,1,2,1,0,0,0,1,0,0,1,0,0,0,medio_baixo
1,10000.0,0,0.0,1,1,1,0,0,1,0,0,0,1,0,0,0,medio_baixo
2,0.0,0,0.0,1,4,1,0,0,0,1,1,0,1,0,0,0,gratuito
2,10000.0,24,1.0,1,3,1,0,0,0,1,1,1,0,0,0,0,medio_alto
1,10000.0,0,0.0,1,3,1,0,0,0,1,1,1,0,0,0,0,medio_alto
9,10000.0,27,1.0,1,2,1,0,0,0,0,0,1,1,0,0,0,medio_alto
5,75000.0,62,0.8387096774193549,2,3,1,0,1,2,1,1,0,1,0,0,0,alto
2,0.0,0,0.0,0,0,1,0,0,0,0,0,0,0,0,0,0,gratuito
4,35000.0,58,0.6724137931034483,6,3,1,0,0,0,1,1,0,1,0,0,0,baixo
3,10000.0,9,1.0,1,2,1,0,0,0,1,0,0,1,0,0,0,medio_baixo
5,10000.0,32,0.625,1,3,1,0,0,0,0,1,0,0,0,0,0,baixo
6,75000.0,25,0.76,1,3,1,0,0,0,1,1,1,0,0,0,0,medio_alto
3,10000.0,7,0.5714285714285714,3,1,1,0,0,0,0,1,0,0,0,0,0,medio_alto
1,0.0,0,0.0,1,3,1,0,1,0,0,1,0,0,0,0,0,medio_alto
1,75000.0,242,0.7024793388429752,4,3,1,0,0,0,1,1,0,1,0,0,0,medio_alto
10,350000.0,392,0.6607142857142857,1,2,1,0,0,0,1,0,0,0,1,0,0,baixo
3,75000.0,279,0.8602150537634409,27,0,1,0,0,0,0,0,0,0,0,0,0,gratuito
3,0.0,0,0.0,103,2,1,0,0,0,1,0,0,1,0,0,0,baixo
2,10000.0,6,1.0,1,2,1,0,0,0,1,1,0,0,0,0,0,baixo
2,10000.0,12,0.9166666666666666,2,1,1,0,0,0,0,0,0,0,0,1,0,medio_baixo
1,10000.0,0,0.0,27,2,1,1,1,0,1,0,0,0,0,0,1,baixo
2,10000.0,5,1.0,1,1,1,0,0,0,1,0,0,0,0,0,0,medio_alto
2,10000.0,0,0.0,1,1,1,0,0,0,0,0,1,0,0,0,0,alto
6,10000.0,33,0.9393939393939394,1,3,1,0,0,0,1,1,0,0,0,0,0,medio_alto
1,10000.0,3,1.0,1,2,1,0,0,0,0,1,0,0,0,1,0,medio_alto
3,10000.0,0,0.0,4,3,1,0,0,0,1,1,1,0,0,0,0,alto
7,35000.0,65,0.7230769230769231,4,2,1,1,0,1,1,0,0,0,0,0,0,gratuito
7,10000.0,1,1.0,1,2,1,0,0,0,1,0,0,1,0,0,0,baixo
5,0.0,0,0.0,1,4,1,0,0,0,1,0,0,1,0,0,1,gratuito
1,10000.0,0,0.0,40,3,1,0,0,0,0,0,1,1,0,0,1,alto
5,10000.0,25,0.68,2,2,1,0,0,0,1,1,0,0,0,0,0,baixo
7,35000.0,330,0.9454545454545454,1,4,1,1,0,2,1,1,1,0,0,0,1,medio_baixo
2,10000.0,316,0.759493670886076,5,2,1,1,1,3,1,0,0,1,0,0,0,alto
4,10000.0,14,1.0,1,2,1,0,1,0,0,0,1,1,0,0,0,baixo
5,10000.0,5,0.8,3,4,1,0,0,1,1,1,0,1,0,1,0,alto
4,0.0,0,0.0,0,0,1,0,0,0,0,0,0,0,0,0,0,gratuito
3,10000.0,1,0.0,2,2,1,0,0,0,1,0,0,1,0,0,0,alto
8,10000.0,0,0.0,1,2,1,0,0,0,1,1,0,0,0,0,0,baixo
2,0.0,0,0.0,1,4,1,0,0,0,1,1,0,1,0,0,0,gratuito
12,35000.0,284,0.7676056338028169,1,3,1,0,0,0,1,0,0,1,0,1,0,medio_alto
6,10000.0,1,0.0,1,2,1,0,0,0,0,1,0,0,0,0,0,alto
6,10000.0,31,1.0,3,2,1,0,0,1,1,1,0,0,0,0,0,alto
8,10000.0,2,1.0,1,3,1,0,0,0,1,0,1,0,1,0,0,medio_baixo
8,10000.0,1,0.0,2,2,1,0,0,0,0,1,0,0,0,0,0,alto
10,150000.0,248,0.4959677419354839,5,3,1,1,1,0,1,0,0,0,0,1,1,medio_baixo
10,35000.0,208,0.9086538461538461,1,1,1,1,1,0,0,0,0,1,0,0,0,baixo
6,35000.0,75,0.72,10,2,1,0,0,0,1,0,1,0,0,0,0,medio_baixo
8,35000.0,407,0.9164619164619164,2,1,1,1,1,2,0,0,1,0,0,0,0,alto
2,0.0,0,0.0,6,4,1,1,1,0,1,1,1,0,0,0,0,gratuito
1,10000.0,1,1.0,1,3,1,0,0,0,1,1,0,0,0,1,0,baixo
1,10000.0,0,0.0,1,6,1,0,0,0,1,1,1,1,1,0,0,medio_alto
6,10000.0,0,0.0,3,2,1,0,0,0,1,0,0,1,0,0,0,medio_alto
5,10000.0,1,0.0,1,2,1,0,0,0,0,1,1,0,0,0,0,medio_baixo
2,10000.0,1,0.0,1,2,1,0,0,0,1,0,0,0,1,0,0,medio_alto
3,0.0,0,0.0,103,3,1,0,0,0,0,0,0,0,1,1,0,gratuito
2,10000.0,30,0.9333333333333333,4,3,1,0,0,0,1,1,0,0,0,0,0,alto
6,10000.0,2,1.0,1,2,1,1,1,0,0,1,1,0,0,0,0,medio_alto
4,10000.0,13,0.9230769230769231,3,4,1,0,0,0,1,0,0,1,0,0,1,medio_alto
8,35000.0,296,0.9290540540540541,4,3,1,0,0,0,1,0,0,1,0,0,1,medio_alto
2,10000.0,16,0.9375,1,1,1,0,0,0,0,0,1,0,0,0,0,baixo
1,10000.0,0,0.0,9,4,1,0,0,0,1,1,1,1,0,0,0,medio_alto
3,10000.0,22,1.0,2,3,1,0,1,0,1,0,0,1,0,1,0,baixo
8,10000.0,27,0.4444444444444444,1,3,1,0,0,0,1,0,1,0,0,0,1,gratuito
1,0.0,0,0.0,1,5,1,0,0,0,1,0,1,0,0,0,1,gratuito
7,75000.0,137,0.5401459854014599,1,4,1,0,0,2,1,1,1,0,0,0,1,baixo
4,10000.0,1,1.0,1,4,1,0,0,0,1,1,1,0,0,1,0,baixo
11,35000.0,385,0.9168831168831169,1,4,1,0,0,1,1,1,1,0,1,0,0,alto
16,10000.0,7,0.8571428571428571,1,1,1,0,0,0,0,0,0,1,0,0,0,gratuito
4,10000.0,49,0.5510204081632653,3,3,1,0,0,0,1,0,0,1,0,0,1,medio_baixo
2,10000.0,48,1.0,3,5,1,0,0,0,1,0,1,1,1,0,0,alto
1,10000.0,0,0.0,1,3,1,0,0,0,0,0,1,1,0,0,1,alto
6,10000.0,0,0.0,1,6,1,0,0,0,1,1,1,1,1,0,1,baixo
3,0.0,0,0.0,1,4,1,0,0,1,1,0,0,1,0,0,1,gratuito
2,10000.0,1,0.0,1,1,1,0,0,0,0,1,0,0,0,0,0,medio_alto
7,10000.0,2,1.0,1,4,1,0,0,0,1,1,1,0,0,1,0,medio_baixo
8,10000.0,24,0.5416666666666666,2,3,1,0,0,0,1,1,1,0,0,0,0,alto
1,0.0,0,0.0,0,0,1,0,0,0,0,0,0,0,0,0,0,gratuito
1,0.0,0,0.0,0,0,1,0,0,0,0,0,0,0,0,0,0,gratuito
2,10000.0,42,0.5952380952380952,9,3,1,0,0,0,1,0,1,0,0,0,0,baixo
2,35000.0,481,0.9916839916839917,1,2,1,0,0,0,1,0,1,0,0,0,0,medio_baixo
1,10000.0,0,0.0,6,1,1,0,0,0,0,0,0,1,0,0,0,medio_alto
1,10000.0,1,1.0,1,1,1,0,0,0,1,0,0,0,0,0,0,baixo
2,75000.0,744,0.7983870967741935,11,2,1,1,0,2,1,0,1,0,0,0,0,alto
5,10000.0,0,0.0,12,6,1,0,0,0,1,1,1,1,1,0,1,medio_alto
2,10000.0,0,0.0,2,2,1,0,0,0,1,0,0,1,0,0,0,baixo
1,10000.0,0,0.0,1,2,1,0,0,0,1,0,0,1,0,0,0,medio_alto
8,10000.0,5,0.8,1,3,1,0,0,0,1,1,0,1,0,0,0,medio_baixo
14,15000000.0,867404,0.973571715140811,30,2,1,1,1,105,1,0,0,0,0,0,1,medio_alto
5,10000.0,3,1.0,9,2,1,0,0,0,1,0,0,1,0,0,0,baixo
1,10000.0,0,0.0,1,1,1,0,0,0,0,1,0,0,0,0,0,medio_baixo
6,35000.0,9,0.8888888888888888,9,3,1,0,1,0,1,0,0,1,1,0,0,medio_baixo
10,10000.0,10,0.5,1,3,1,0,0,0,1,1,1,0,0,0,0,medio_alto
7,10000.0,0,0.0,29,2,1,0,0,0,1,0,0,1,0,0,0,baixo
4,0.0,0,0.0,1,5,1,0,0,1,1,0,1,1,1,0,0,gratuito
1,0.0,0,0.0,0,0,1,0,0,0,0,0,0,0,0,0,0,gratuito
8,10000.0,69,0.36231884057971014,1,3,1,0,0,0,1,0,1,0,0,0,1,baixo
4,10000.0,13,1.0,1,5,1,1,0,0,1,0,1,1,1,1,0,medio_baixo
10,75000.0,209,0.45933014354066987,13,4,1,1,1,0,1,1,0,1,0,0,1,baixo
4,10000.0,22,1.0,1,3,1,1,1,0,1,0,0,1,0,0,1,medio_baixo
10,10000.0,0,0.0,1,1,1,0,0,0,0,0,0,0,0,0,0,gratuito
4,0.0,0,0.0,0,0,1,0,0,0,0,0,0,0,0,0,0,gratuito
2,10000.0,15,0.8666666666666667,2,3,1,0,0,0,1,0,1,0,1,0,0,baixo
6,10000.0,52,0.6923076923076923,2,4,1,0,0,1,1,1,0,1,0,0,1,gratuito
2,10000.0,2,0.0,1,3,1,0,0,0,1,1,0,0,0,0,1,medio_baixo
1,0.0,0,0.0,1,5,1,0,0,0,0,1,0,1,0,0,1,baixo
4,35000.0,1401,0.8915060670949322,5,3,1,1,1,0,1,0,0,0,0,1,1,alto
6,10000.0,2,1.0,1,4,1,1,1,0,1,1,1,1,0,0,0,medio_baixo
5,35000.0,4,1.0,1,3,1,0,0,0,0,0,1,1,0,1,0,medio_baixo
4,10000.0,28,0.39285714285714285,3,3,1,0,0,0,1,1,1,0,0,0,0,medio_alto
3,35000.0,501,0.8582834331337326,4,2,1,0,0,2,0,1,0,0,1,0,0,alto
2,35000.0,2,1.0,1,4,1,0,0,0,1,1,0,1,0,1,0,medio_baixo
2,0.0,0,0.0,1,2,1,1,0,1,0,0,1,0,0,0,0,gratuito
16,10000.0,70,0.8714285714285714,1,1,1,0,0,0,0,0,0,1,0,0,0,baixo
1,0.0,0,0.0,13,4,1,0,0,0,1,1,0,1,0,1,0,alto
5,35000.0,845,0.8,11,8,1,0,0,0,1,1,1,1,1,0,0,baixo
3,0.0,0,0.0,0,0,1,0,0,0,0,0,0,0,0,0,0,gratuito
4,150000.0,4,0.75,7,3,1,0,0,0,1,1,0,1,0,0,0,baixo
2,0.0,0,0.0,0,0,1,0,0,0,0,0,0,0,0,0,0,gratuito
1,0.0,0,0.0,11,1,1,0,0,1,0,1,0,0,0,0,0,alto
1,0.0,0,0.0,1,3,1,0,0,0,1,0,0,1,0,0,1,medio_baixo
1,10000.0,0,0.0,2,1,1,0,0,0,0,0,1,0,0,0,0,medio_alto
3,0.0,0,0.0,0,0,1,0,0,0,0,0,0,0,0,0,0,gratuito
8,10000.0,99,0.7070707070707071,2,4,1,0,1,0,1,0,0,1,0,1,1,alto
3,10000.0,6,1.0,1,2,1,1,1,0,1,0,0,0,0,0,1,medio_baixo
1,35000.0,188,0.43617021276595747,7,3,1,1,1,0,1,0,0,0,0,1,1,medio_alto
6,10000.0,0,0.0,2,4,1,0,0,0,1,1,1,0,1,0,0,medio_alto
5,10000.0,4,1.0,2,3,1,0,0,0,1,0,1,0,1,0,0,medio_alto
3,10000.0,1,1.0,1,1,1,0,0,0,0,1,0,0,0,0,0,medio_alto
2,10000.0,5,0.8,1,3,1,0,0,0,1,1,1,0,0,0,0,medio_baixo
8,10000.0,66,0.803030303030303,1,1,1,1,1,0,0,0,0,0,1,0,0,baixo
12,150000.0,732,0.8073770491803278,5,2,1,1,0,1,0,1,0,0,1,0,0,medio_baixo
7,10000.0,0,0.0,1,1,1,0,0,0,0,0,0,0,0,0,0,medio_alto
1,0.0,0,0.0,1,5,1,0,0,0,1,1,0,0,0,0,1,alto
5,350000.0,1048,0.8187022900763359,5,3,1,1,1,1,1,0,1,0,1,0,0,baixo
3,0.0,0,0.0,0,0,1,0,0,0,0,0,0,0,0,0,0,gratuito
4,10000.0,3,1.0,1,3,1,0,0,0,1,1,0,0,0,0,0,medio_alto
2,10000.0,3,1.0,1,1,1,0,0,0,0,0,0,0,0,1,0,medio_alto
5,10000.0,0,0.0,1,5,1,0,0,0,1,1,1,1,0,0,0,medio_alto
3,10000.0,1,1.0,1,1,1,0,0,0,0,0,0,1,0,0,0,alto
8,35000.0,44,0.45454545454545453,1,3,1,1,1,0,1,1,0,1,0,0,0,baixo
6,350000.0,6586,0.8515031885818403,16,5,1,0,0,0,1,1,0,1,0,0,1,alto
1,10000.0,0,0.0,26,3,1,0,0,0,1,1,1,0,0,0,0,medio_baixo
4,35000.0,970,0.8051546391752578,1,4,1,0,0,1,1,1,1,0,1,0,0,medio_alto
1,10000.0,0,0.0,1,3,1,0,0,0,1,0,1,1,0,0,0,medio_alto
6,10000.0,117,0.9145299145299145,1,3,1,1,1,1,1,0,0,1,0,0,0,gratuito
6,10000.0,175,0.6057142857142858,2,2,1,0,0,0,0,0,0,0,0,0,1,alto
3,10000.0,1,0.0,1,4,1,0,0,0,1,1,1,0,0,0,0,alto
2,0.0,0,0.0,0,0,1,0,0,0,0,0,0,0,0,0,0,gratuito
12,10000.0,50,0.84,15,2,1,1,1,0,1,0,1,0,0,0,0,medio_alto
9,10000.0,19,0.7368421052631579,1,4,1,0,0,0,1,1,1,0,0,0,0,baixo
2,0.0,0,0.0,1,2,1,0,1,0,0,1,0,0,0,0,0,gratuito
2,0.0,0,0.0,2,3,1,1,0,0,1,0,0,1,0,0,0,gratuito
11,10000.0,281,0.7686832740213523,1,3,1,1,0,0,1,1,1,0,0,0,0,medio_baixo
1,10000.0,0,0.0,2,1,1,0,0,0,0,0,0,0,0,1,0,baixo
5,10000.0,44,0.20454545454545456,5,3,1,0,0,1,0,0,0,1,0,1,1,medio_baixo
8,10000.0,14987,0.710348969106559,12,2,1,1,1,0,0,1,1,0,0,0,0,medio_alto
7,35000.0,578,0.726643598615917,2,1,1,0,0,16,0,0,0,0,1,0,0,alto
5,10000.0,1,0.0,2,6,1,0,0,0,1,0,1,1,0,1,0,baixo
3,10000.0,10,0.7,1,3,1,0,0,0,1,0,0,1,0,0,0,gratuito
3,10000.0,1,1.0,1,3,1,0,0,0,1,1,0,1,0,0,0,medio_baixo
10,1500000.0,23233,0.8960530280204881,16,2,1,0,1,0,1,1,0,0,0,0,0,medio_alto
1,10000.0,0,0.0,11,2,1,0,0,3,0,0,0,0,1,0,0,alto
3,75000.0,22,0.8181818181818182,1,3,1,0,0,0,1,1,0,0,0,0,0,medio_alto
2,75000.0,2077,0.94174289841117,14,1,1,0,0,0,0,1,0,0,0,0,0,alto
18,75000.0,585,0.8170940170940171,5,1,1,1,0,0,1,0,0,0,0,0,0,medio_baixo
1,10000.0,0,0.0,10,3,1,1,0,0,1,0,0,1,0,0,1,medio_baixo
2,10000.0,0,0.0,1,5,1,0,0,0,1,1,1,0,1,0,0,medio_baixo
9,150000.0,160,0.775,1,4,1,1,1,0,1,0,1,0,0,1,1,medio_alto
1,75000.0,46,0.8043478260869565,10,3,1,0,0,0,1,0,1,0,0,0,1,alto
5,10000.0,29,0.9310344827586207,1,2,1,0,0,0,0,0,1,0,1,0,0,medio_baixo
6,10000.0,0,0.0,2,1,1,0,0,0,1,0,0,0,0,0,0,alto
4,10000.0,12,0.8333333333333334,2,1,1,0,0,0,0,0,1,0,0,0,0,medio_alto
2,0.0,0,0.0,0,0,1,0,0,0,0,0,0,0,0,0,0,gratuito
7,35000.0,322,0.8881987577639752,2,4,1,0,0,0,1,0,1,1,1,0,0,alto
7,35000.0,84,0.5952380952380952,8,2,1,0,0,0,1,1,0,0,0,0,0,baixo
4,0.0,0,0.0,0,0,1,0,0,0,0,0,0,0,0,0,0,gratuito
9,10000.0,110,0.5545454545454546,7,5,1,0,0,0,1,1,1,1,0,0,1,baixo
1,10000.0,14,0.9285714285714286,5,4,1,0,0,0,1,0,0,0,1,1,0,medio_alto
1,10000.0,0,0.0,6,3,1,0,0,1,0,0,1,0,1,1,0,alto
1,10000.0,17,1.0,9,3,1,0,0,0,1,1,0,0,1,0,0,medio_baixo
3,35000.0,6,1.0,5,5,1,0,0,0,1,1,0,0,0,0,0,medio_alto
4,0.0,0,0.0,1,2,1,0,0,0,0,0,0,0,1,1,0,gratuito
3,35000.0,551,0.9600725952813067,9,4,1,1,0,1,1,0,1,1,0,0,0,gratuito
10,10000.0,6,0.5,1,3,1,0,0,0,0,0,0,0,0,0,0,medio_alto
4,35000.0,9,0.8888888888888888,1,5,1,0,0,0,0,1,1,0,0,0,1,medio_baixo
2,10000.0,2,1.0,1,1,1,1,1,1,1,0,0,0,0,0,0,baixo
2,35000.0,87,0.6896551724137931,27,2,1,0,0,0,1,0,1,0,0,0,0,baixo
3,0.0,0,0.0,103,1,1,0,0,0,0,0,0,1,0,0,0,baixo
4,10000.0,126,0.6507936507936508,3,5,1,0,0,1,0,0,0,1,1,1,0,medio_baixo
8,10000.0,39,0.6410256410256411,6,3,1,0,0,0,1,0,0,1,0,0,1,alto
1,10000.0,0,0.0,3,10,1,0,0,0,1,0,0,1,0,0,0,baixo
7,10000.0,7,0.8571428571428571,1,3,1,0,0,0,1,0,0,0,0,1,1,alto
1,10000.0,0,0.0,2,1,1,0,0,0,0,1,0,0,0,0,0,medio_alto
8,350000.0,1240,0.614516129032258,1,6,1,0,0,0,1,1,0,0,1,0,0,gratuito
6,10000.0,5,0.6,1,3,1,0,0,0,1,0,0,0,0,0,0,gratuito
11,10000.0,47,0.7872340425531915,1,3,1,1,0,1,1,1,1,0,0,0,0,alto
2,35000.0,438,0.776255707762557,4,2,1,0,0,0,1,0,0,0,1,0,0,medio_baixo
7,10000.0,4,0.25,1,4,1,0,0,0,0,1,1,0,1,0,0,alto
9,10000.0,3,1.0,1,7,1,0,0,0,0,1,1,1,0,1,1,alto
2,0.0,0,0.0,1,4,1,0,0,0,0,0,0,1,0,1,0,gratuito
1,0.0,0,0.0,0,0,1,0,0,0,0,0,0,0,0,0,0,gratuito
12,750000.0,0,0.0,8,4,1,1,1,0,1,0,1,0,1,1,0,alto
1,10000.0,3,1.0,3,3,1,0,0,0,1,0,1,0,0,1,0,medio_alto
3,10000.0,1,1.0,1,3,1,0,0,0,1,1,0,0,0,1,0,medio_alto
1,0.0,0,0.0,1,1,1,0,0,0,0,0,1,0,0,0,0,alto
6,10000.0,45,0.5777777777777777,1,3,1,1,0,0,1,1,0,1,0,0,0,baixo
4,10000.0,57,0.8070175438596491,1,3,1,0,0,0,1,0,0,1,0,1,0,baixo
1,0.0,0,0.0,0,0,1,0,0,0,0,0,0,0,0,0,0,gratuito
1,10000.0,3,0.3333333333333333,14,3,1,0,0,0,1,0,0,0,0,1,0,baixo
6,750000.0,19707,0.8496980768254935,17,2,1,0,0,0,0,1,1,0,0,0,0,medio_baixo
9,10000.0,30,0.7666666666666667,1,2,1,0,0,0,1,1,0,0,0,0,0,baixo
14,350000.0,1984,0.7464717741935484,7,2,1,1,0,1,1,0,1,0,0,0,0,baixo
7,10000.0,29,0.8275862068965517,1,3,1,0,0,0,0,0,0,0,0,0,0,alto
6,10000.0,9,0.8888888888888888,12,4,1,1,0,0,1,1,1,1,0,0,0,alto
2,10000.0,151,1.0,1,2,1,0,0,0,0,1,0,1,0,0,0,medio_baixo
5,10000.0,0,0.0,29,3,1,0,0,0,1,0,0,1,0,0,1,medio_baixo
2,10000.0,7,0.7142857142857143,1,1,1,0,0,0,0,0,1,0,0,0,0,medio_alto
9,35000.0,116,0.5948275862068966,1,4,1,0,0,0,1,0,0,1,0,1,1,baixo
1,0.0,0,0.0,1,5,1,0,0,0,1,1,1,1,0,0,0,gratuito
4,10000.0,15,0.8666666666666667,1,4,1,0,0,0,1,1,1,1,0,0,0,baixo
2,10000.0,4,1.0,1,2,1,0,0,0,1,0,1,0,0,0,0,baixo
1,75000.0,3,1.0,3,6,1,0,0,0,1,0,1,1,1,1,0,gratuito
5,35000.0,79,0.4430379746835443,6,3,1,0,0,0,1,0,0,0,0,1,1,medio_baixo
2,0.0,0,0.0,1,5,1,0,0,0,1,1,1,1,0,0,0,gratuito
1,10000.0,0,0.0,12,2,1,0,0,1,0,1,1,0,0,0,0,alto
1,75000.0,6,0.8333333333333334,13,3,1,0,0,0,1,1,1,0,0,0,0,medio_alto
3,35000.0,28,0.9642857142857143,1,2,1,0,0,0,0,1,1,0,0,0,0,baixo
1,10000.0,1,1.0,2,1,1,0,0,0,0,1,0,0,0,0,0,medio_baixo
5,10000.0,119,0.6050420168067226,10,3,1,0,0,0,1,0,1,0,1,0,0,medio_alto
8,10000.0,1,1.0,1,5,1,0,0,0,0,0,0,0,1,1,1,alto
3,10000.0,0,0.0,2,3,1,0,0,0,1,1,0,0,1,0,0,baixo
2,10000.0,6,1.0,2,3,1,0,0,0,1,1,0,0,0,0,0,medio_alto
9,10000.0,7,1.0,1,3,1,1,0,0,1,1,1,0,0,0,0,medio_alto
6,10000.0,159,0.9685534591194969,3,3,1,0,0,0,1,0,1,1,0,0,0,medio_alto
6,150000.0,755,0.5841059602649007,12,3,1,0,0,0,0,1,0,0,1,0,0,gratuito
3,10000.0,0,0.0,1,5,1,0,0,0,1,1,0,1,0,1,0,medio_alto
2,0.0,0,0.0,0,0,1,0,0,0,0,0,0,0,0,0,0,gratuito
11,35000.0,7,0.5714285714285714,1,3,1,1,1,0,1,0,0,1,0,1,0,medio_baixo
2,10000.0,144,0.7430555555555556,1,4,1,0,0,1,1,1,1,0,0,0,0,gratuito
1,0.0,0,0.0,0,0,1,0,0,0,0,0,0,0,0,0,0,gratuito
2,10000.0,34,0.7352941176470589,1,3,1,1,1,0,0,1,0,1,0,0,0,baixo
2,35000.0,17,0.8235294117647058,3,2,1,0,0,0,0,0,1,1,0,0,0,medio_baixo
17,35000.0,171,0.52046783625731,5,1,1,0,0,0,0,0,0,1,0,0,0,baixo
9,10000.0,7,0.8571428571428571,1,3,1,0,0,0,1,0,0,1,0,0,0,alto
4,35000.0,8,1.0,1,2,1,0,0,0,1,1,0,0,0,0,0,medio_baixo
8,10000.0,160,0.6,2,3,1,0,0,0,1,0,1,0,1,0,0,baixo
1,0.0,0,0.0,103,2,1,0,0,0,1,0,0,1,0,0,0,baixo
5,35000.0,35,0.8571428571428571,8,3,1,0,0,0,1,1,0,1,0,0,0,medio_baixo
1,10000.0,0,0.0,40,3,1,0,0,0,0,0,1,1,0,0,1,alto
4,75000.0,1256,0.7818471337579618,5,4,1,0,0,1,1,1,0,1,0,0,0,medio_alto
2,0.0,0,0.0,1,6,1,0,0,0,1,1,0,1,0,0,1,gratuito
2,10000.0,4,0.5,1,4,1,1,0,0,1,1,1,0,0,1,0,medio_alto
1,10000.0,0,0.0,11,3,1,0,0,0,1,1,1,0,0,0,0,medio_alto
5,10000.0,19,0.8421052631578947,1,4,1,0,0,0,1,1,1,0,1,0,0,gratuito
3,10000.0,0,0.0,9,1,1,0,0,0,0,0,0,0,1,0,0,baixo
2,75000.0,1,1.0,1,1,1,0,0,0,1,0,0,0,0,0,0,medio_alto
4,10000.0,28,0.9642857142857143,1,1,1,1,1,0,1,0,0,0,0,0,0,medio_baixo
2,10000.0,0,0.0,1,2,1,0,0,1,1,0,1,0,0,0,0,baixo
12,35000.0,443,0.7562076749435666,3,2,1,0,0,0,0,0,0,1,0,0,0,baixo
6,350000.0,58,0.8275862068965517,8,3,1,1,1,1,1,0,1,0,0,0,0,baixo
9,10000.0,24,0.8333333333333334,1,3,1,0,0,0,0,1,0,0,0,0,1,medio_alto
8,35000.0,24,0.125,1,3,1,0,0,0,1,1,1,0,0,0,0,baixo
1,0.0,0,0.0,1,3,1,0,0,0,1,1,0,0,0,0,0,gratuito
3,10000.0,1,1.0,1,4,1,0,0,0,1,1,0,0,1,0,0,medio_baixo
2,10000.0,11,1.0,13,3,1,1,1,1,1,1,0,1,0,0,0,baixo
1,10000.0,0,0.0,2,3,1,1,1,1,1,0,1,0,1,0,0,medio_alto
1,10000.0,0,0.0,6,1,1,0,0,0,0,0,0,1,0,0,0,medio_baixo
8,10000.0,7,0.7142857142857143,1,3,1,0,0,0,1,0,0,1,0,0,1,medio_baixo
2,10000.0,120,0.9166666666666666,0,2,1,0,0,0,1,0,0,0,0,0,0,gratuito
9,75000.0,38,0.9473684210526315,3,3,1,0,0,0,1,0,1,0,1,0,0,baixo
2,10000.0,22,1.0,5,2,1,0,1,0,1,1,0,0,0,0,0,medio_baixo
1,10000.0,0,0.0,1,2,1,1,0,0,1,0,0,0,1,0,0,medio_alto
3,10000.0,27,0.9629629629629629,4,4,1,0,0,0,1,0,0,0,0,1,1,medio_alto
8,150000.0,231,0.8658008658008658,1,6,1,0,0,0,1,1,0,1,1,0,0,gratuito
1,10000.0,0,0.0,1,2,1,0,0,0,1,1,0,0,0,0,0,medio_baixo
7,10000.0,17,0.47058823529411764,1,3,1,0,0,0,1,1,1,0,0,0,0,medio_alto
1,0.0,0,0.0,4,4,1,0,0,0,0,0,1,1,0,1,1,alto
7,10000.0,106,0.8679245283018868,1,3,1,0,0,0,1,1,0,1,0,0,0,medio_baixo
8,10000.0,1,0.0,1,2,1,0,0,0,1,0,0,1,0,0,0,medio_baixo
8,10000.0,26,0.5,7,3,1,0,0,0,1,0,0,0,0,0,1,medio_alto
4,10000.0,0,0.0,3,4,1,1,0,0,1,0,0,1,1,0,1,alto
2,10000.0,35,0.6285714285714286,4,3,1,0,0,0,1,0,1,0,0,0,1,medio_baixo
4,0.0,0,0.0,1,6,1,0,0,0,0,0,0,1,0,1,1,gratuito
3,10000.0,0,0.0,7,3,1,0,0,0,1,0,0,1,0,0,1,medio_baixo
1,10000.0,26,0.6923076923076923,12,2,1,0,0,0,1,0,0,0,0,0,1,medio_baixo
4,10000.0,17,1.0,1,2,1,0,0,0,1,0,1,0,0,0,0,alto
2,35000.0,17,0.8235294117647058,1,2,1,0,0,0,1,0,0,0,0,0,1,baixo
1,0.0,0,0.0,8,2,1,1,0,1,0,0,1,1,0,0,0,medio_alto
7,10000.0,31,0.6129032258064516,27,5,1,0,0,1,1,0,1,1,1,0,1,medio_baixo
2,0.0,0,0.0,0,0,1,0,0,0,0,0,0,0,0,0,0,gratuito
5,10000.0,3,1.0,2,5,1,1,1,0,1,1,1,0,0,0,0,medio_alto
3,75000.0,25,0.8,2,3,1,0,0,0,1,1,0,1,0,0,0,baixo
2,10000.0,70,0.9,1,1,1,0,0,0,0,1,0,0,0,0,0,medio_alto
3,0.0,0,0.0,0,0,1,0,0,0,0,0,0,0,0,0,0,gratuito
5,75000.0,6,0.8333333333333334,1,4,1,0,0,0,1,0,0,1,1,1,0,baixo
1,10000.0,22,0.4090909090909091,5,1,1,0,0,0,0,0,1,0,0,0,0,baixo
6,10000.0,6,0.5,1,2,1,0,0,0,1,0,0,0,0,0,1,baixo
3,10000.0,8,0.75,2,4,1,0,0,0,0,1,1,1,0,1,0,medio_alto
1,10000.0,0,0.0,1,1,1,0,0,0,0,0,1,0,0,0,0,medio_baixo
8,10000.0,28,0.8214285714285714,1,3,1,1,1,0,1,1,0,1,0,0,0,baixo
4,0.0,0,0.0,0,0,1,0,0,0,0,0,0,0,0,0,0,gratuito
2,10000.0,84,0.9761904761904762,2,2,1,1,0,1,0,0,1,0,0,0,1,medio_baixo
2,0.0,0,0.0,0,0,1,0,0,0,0,0,0,0,0,0,0,gratuito
1,10000.0,1,1.0,1,2,1,0,0,0,1,1,0,0,0,0,0,baixo
2,35000.0,150,0.84,19,4,1,0,0,0,1,0,1,0,1,0,1,medio_baixo
12,35000.0,896,0.4654017857142857,1,6,1,0,0,0,1,0,0,1,1,1,1,alto
2,0.0,0,0.0,0,0,1,0,0,0,0,0,0,0,0,0,0,gratuito
8,75000.0,758,0.8126649076517151,5,5,1,0,0,1,1,1,1,1,0,1,0,medio_baixo
3,10000.0,1,0.0,2,4,1,0,0,0,1,0,1,1,1,0,0,medio_alto
4,0.0,0,0.0,1,1,1,0,0,3,1,0,0,0,0,0,0,gratuito
2,10000.0,12,0.9166666666666666,1,1,1,0,0,0,0,0,1,0,0,0,0,medio_alto
2,0.0,0,0.0,1,3,1,0,0,0,0,1,0,0,0,0,0,gratuito
4,10000.0,26,0.8846153846153846,1,3,1,0,0,0,1,1,1,0,0,0,0,medio_baixo
4,10000.0,2,0.5,1,3,1,0,0,2,1,1,1,0,0,0,0,baixo
6,10000.0,32,0.875,1,1,1,0,0,0,1,0,0,0,0,0,0,alto
1,10000.0,0,0.0,9,7,1,0,0,0,1,1,1,0,1,1,1,medio_alto
1,35000.0,5,0.6,2,3,1,0,0,0,1,0,0,0,1,1,0,medio_baixo
1,10000.0,0,0.0,4,2,1,0,0,0,1,0,0,1,0,0,0,medio_alto
4,35000.0,259,0.7374517374517374,8,3,1,0,0,2,1,0,0,0,1,1,0,medio_alto
2,10000.0,6,1.0,1,3,1,0,0,0,1,1,1,0,0,0,0,medio_baixo
9,35000.0,590,0.8898305084745762,7,3,1,0,0,1,1,0,1,1,0,0,0,medio_baixo
8,35000.0,158,0.5,10,2,1,0,0,0,1,1,0,0,0,0,0,gratuito
12,10000.0,83,0.9036144578313253,1,1,1,1,1,0,0,0,0,0,0,1,0,medio_alto
5,10000.0,29,0.9310344827586207,4,3,1,0,0,0,1,1,0,1,0,0,0,medio_baixo
5,10000.0,0,0.0,1,2,1,0,0,0,1,0,0,1,0,0,0,baixo
2,0.0,0,0.0,1,5,1,0,0,0,1,1,1,1,0,0,0,gratuito
2,10000.0,12,1.0,5,3,1,0,0,0,1,0,1,1,0,0,0,medio_baixo
2,0.0,0,0.0,103,1,1,0,0,0,0,0,0,1,0,0,0,baixo
7,10000.0,8,0.625,1,3,1,0,0,9,0,0,1,0,1,1,0,baixo
1,0.0,0,0.0,1,5,1,0,0,0,1,1,0,1,0,0,0,gratuito
4,10000.0,2,1.0,1,2,1,0,0,0,1,1,0,0,0,0,0,alto
16,75000.0,193,0.49222797927461137,1,1,1,0,0,0,0,0,0,0,1,0,0,medio_baixo
1,10000.0,2,1.0,1,3,1,1,1,0,1,1,0,1,0,0,0,medio_alto
2,10000.0,6,0.8333333333333334,1,2,1,0,0,0,1,0,1,0,0,0,0,medio_alto
2,350000.0,926,0.906047516198704,13,4,1,0,0,1,1,1,0,1,1,0,0,baixo
10,150000.0,245,0.7183673469387755,1,2,1,1,1,0,1,0,1,0,0,0,0,medio_baixo
3,10000.0,1,0.0,1,3,1,0,0,0,1,1,0,1,0,0,0,baixo
5,35000.0,4,0.5,4,3,1,0,0,0,1,0,1,1,0,0,0,baixo
6,10000.0,16,0.75,2,2,1,0,0,0,1,0,0,1,0,0,0,baixo
2,10000.0,0,0.0,1,2,1,1,1,0,1,0,0,1,0,0,0,baixo
8,35000.0,389,0.8097686375321337,1,3,1,0,0,0,1,1,1,0,0,0,0,medio_alto
5,35000.0,9,0.6666666666666666,103,1,1,0,0,0,0,0,1,0,0,0,0,baixo
1,10000.0,0,0.0,2,4,1,0,0,0,1,1,1,1,0,0,0,medio_baixo
3,10000.0,6,1.0,1,1,1,1,1,0,0,1,0,0,0,0,0,medio_alto
2,10000.0,0,0.0,1,4,1,0,0,0,1,0,1,1,0,1,0,baixo
1,35000.0,20,0.85,12,3,1,0,0,0,1,0,0,1,0,0,1,medio_baixo
8,10000.0,13,0.5384615384615384,1,3,1,0,0,0,1,1,0,1,0,0,0,baixo
5,35000.0,11,0.2727272727272727,5,4,1,0,0,0,1,0,0,1,0,1,1,medio_baixo
6,10000.0,25,0.6,3,2,1,0,0,0,1,1,0,0,0,0,0,medio_baixo
3,0.0,0,0.0,0,0,1,0,0,0,0,0,0,0,0,0,0,gratuito
1,0.0,0,0.0,41,4,1,0,0,0,1,1,1,0,0,0,1,alto
6,10000.0,4,0.75,1,4,1,0,0,0,1,1,1,1,0,0,0,baixo
4,0.0,0,0.0,1,4,1,0,0,0,1,1,0,1,0,0,0,gratuito
2,10000.0,15,0.9333333333333333,1,4,1,0,0,0,0,0,1,1,1,0,0,alto
2,10000.0,15,0.8666666666666667,1,1,1,0,0,0,0,1,0,0,0,0,0,baixo
2,10000.0,0,0.0,1,5,1,0,0,0,1,1,0,1,1,0,0,medio_alto
11,35000.0,190,0.9421052631578948,1,3,1,0,1,2,0,0,1,1,0,0,1,medio_baixo
3,35000.0,9,0.6666666666666666,1,3,1,0,0,0,0,1,0,0,0,1,0,alto
6,35000.0,12,0.5,5,2,1,1,0,0,1,0,1,0,0,0,0,medio_alto
1,10000.0,0,0.0,15,3,1,0,0,0,1,1,1,0,0,0,0,alto
1,0.0,0,0.0,1,1,1,0,0,0,0,1,0,0,0,0,0,gratuito
1,10000.0,0,0.0,1,2,1,0,0,0,1,0,0,1,0,0,0,medio_baixo
1,0.0,0,0.0,1,7,1,0,0,0,1,1,1,1,0,1,0,gratuito
2,10000.0,1,0.0,1,1,1,0,0,0,0,0,0,0,0,1,0,medio_alto
2,10000.0,1,0.0,2,2,1,0,0,0,0,0,0,0,0,0,0,medio_baixo
1,0.0,0,0.0,0,0,1,0,0,0,0,0,0,0,0,0,0,gratuito
5,10000.0,2,0.0,4,3,1,0,0,0,1,0,0,0,1,0,1,medio_baixo
6,10000.0,20,0.95,1,1,1,0,0,0,1,0,0,0,0,0,0,medio_baixo
5,0.0,0,0.0,2,2,1,0,0,0,0,0,0,0,0,0,0,gratuito
2,0.0,0,0.0,103,1,1,0,0,0,0,1,0,0,0,0,0,medio_baixo
11,150000.0,629,0.8600953895071543,1,3,1,0,0,1,1,0,1,0,0,0,0,gratuito
3,75000.0,418,0.9282296650717703,9,3,1,0,0,0,1,0,1,1,0,0,0,medio_alto
4,0.0,0,0.0,10,2,1,0,0,0,0,0,1,0,0,0,1,gratuito
4,10000.0,12,0.9166666666666666,2,5,1,0,0,0,1,1,1,1,1,0,0,medio_baixo
1,10000.0,0,0.0,8,5,1,0,0,0,1,0,1,1,0,1,1,medio_alto
7,150000.0,854,0.7798594847775175,5,2,1,1,0,0,1,0,0,0,0,1,0,medio_alto
2,10000.0,10,0.9,2,1,1,0,0,0,0,1,0,0,0,0,0,medio_alto
9,75000.0,82,0.6341463414634146,1,3,1,0,0,1,1,0,0,0,0,1,0,gratuito
2,0.0,0,0.0,103,4,1,0,0,3,1,0,1,1,0,0,0,gratuito
1,10000.0,0,0.0,1,2,1,0,0,0,1,0,0,0,0,1,0,medio_alto
4,0.0,0,0.0,1,3,1,0,0,0,0,1,1,1,0,0,0,baixo
8,10000.0,35,0.6,3,4,1,0,1,0,1,1,1,1,0,0,0,medio_baixo
4,10000.0,0,0.0,1,2,1,0,0,0,1,0,0,1,0,0,0,baixo
6,10000.0,5,0.8,1,2,1,0,0,0,0,1,1,0,0,0,0,alto
8,10000.0,6,0.16666666666666666,1,6,1,0,0,0,1,1,1,0,0,0,0,baixo
3,10000.0,36,0.9444444444444444,1,3,1,1,0,0,1,0,1,0,0,0,0,alto
9,10000.0,9,0.2222222222222222,1,2,1,0,0,1,1,1,0,0,0,0,0,medio_baixo
5,10000.0,17,0.6470588235294118,1,2,1,0,0,0,1,1,0,0,0,0,0,gratuito
5,10000.0,0,0.0,1,2,1,0,0,0,1,0,0,1,0,0,0,baixo
2,10000.0,2,0.5,10,3,1,0,0,0,1,0,0,1,0,0,1,alto
1,0.0,0,0.0,0,0,1,0,0,0,0,0,0,0,0,0,0,gratuito
1,10000.0,105,0.9714285714285714,1,2,1,0,0,0,1,0,1,0,0,0,0,medio_alto
5,350000.0,3969,0.8321995464852607,16,3,1,0,0,0,1,0,1,1,0,0,0,medio_alto
1,10000.0,30,0.9,4,1,1,0,0,0,1,0,0,0,0,0,0,medio_alto
6,10000.0,15,0.6666666666666666,3,1,1,0,0,0,0,0,0,1,0,0,0,baixo
8,10000.0,49,0.6530612244897959,3,3,1,0,0,0,1,0,1,0,0,1,0,medio_baixo
3,10000.0,1,0.0,6,6,1,0,0,0,1,1,1,0,1,1,1,medio_alto
5,0.0,0,0.0,0,0,1,0,0,0,0,0,0,0,0,0,0,gratuito
3,10000.0,151,0.9337748344370861,7,1,1,0,0,0,0,1,0,0,0,0,0,medio_baixo
1,35000000.0,218415,0.5827118100863036,14,3,1,0,0,190,0,1,1,0,1,0,0,alto
8,150000.0,2365,0.42959830866807613,9,1,1,0,0,0,0,1,0,0,0,0,0,alto
1,10000.0,0,0.0,6,2,1,0,0,0,1,1,0,0,0,0,0,medio_alto
1,0.0,0,0.0,0,0,1,0,0,0,0,0,0,0,0,0,0,gratuito
11,10000.0,1133,0.9223300970873787,7,1,1,1,0,4,0,0,0,1,0,0,0,medio_alto
8,10000.0,41,0.5853658536585366,1,2,1,0,0,0,1,0,0,1,0,0,0,baixo
7,10000.0,83,0.963855421686747,1,2,1,0,0,0,1,1,0,0,0,0,0,alto
4,75000.0,90,0.9555555555555556,2,3,1,0,0,0,1,0,1,1,0,0,0,medio_alto
13,10000.0,67,0.6865671641791045,1,3,1,0,0,0,1,0,0,1,0,1,0,baixo
8,10000.0,2,1.0,1,2,1,0,0,0,1,0,1,0,0,0,0,medio_baixo
3,10000.0,26,0.38461538461538464,3,7,1,0,0,1,1,1,1,1,1,1,1,medio_baixo
5,10000.0,23,0.8260869565217391,2,2,1,0,0,0,0,0,0,1,0,1,0,medio_baixo
3,0.0,0,0.0,1,2,1,0,0,0,0,1,0,0,0,0,0,gratuito
2,10000.0,14,1.0,9,3,1,0,1,0,0,1,1,1,0,0,0,medio_alto
7,10000.0,4,0.5,1,2,1,0,0,0,0,1,0,1,0,0,0,baixo
3,35000.0,364,0.8461538461538461,13,2,1,0,0,0,1,0,0,0,0,0,1,medio_alto
5,10000.0,1,0.0,1,3,1,0,0,0,1,1,0,1,0,0,0,alto
3,10000.0,191,0.9738219895287958,2,2,1,0,0,0,0,0,1,1,0,0,0,alto
8,10000.0,248,0.9233870967741935,1,5,1,0,0,0,1,1,1,1,0,0,0,gratuito
7,10000.0,158,0.810126582278481,5,3,1,1,1,1,1,0,1,1,0,0,0,alto
1,10000.0,0,0.0,8,2,1,0,0,0,0,0,0,1,0,0,1,medio_baixo
7,10000.0,5,1.0,1,6,1,0,0,0,1,1,1,1,1,1,0,medio_alto
7,10000.0,27,0.5555555555555556,1,5,1,0,0,0,1,0,1,1,1,1,0,medio_baixo
5,75000.0,260,0.6384615384615384,1,6,1,0,0,0,0,0,1,1,1,1,0,gratuito
1,10000.0,0,0.0,1,2,1,0,0,0,0,1,0,0,0,1,0,medio_baixo
1,35000.0,1653,0.91167574107683,1,3,1,1,0,1,1,0,0,0,1,0,1,alto
2,10000.0,1,1.0,1,1,1,0,0,0,0,0,0,1,0,0,0,alto
13,350000.0,832,0.7331730769230769,6,2,1,0,0,0,0,0,1,0,0,1,0,alto
1,0.0,0,0.0,1,3,1,0,0,0,1,0,0,0,1,0,0,gratuito
1,10000.0,0,0.0,1,3,1,0,0,0,1,0,0,1,0,1,0,medio_alto
1,10000.0,0,0.0,2,3,1,1,1,1,1,0,1,1,0,0,0,medio_baixo
8,10000.0,10,0.8,3,4,1,0,0,0,1,0,1,1,0,0,1,medio_baixo
3,10000.0,49,0.7551020408163265,18,3,1,0,0,2,1,1,1,0,0,0,0,medio_alto
5,10000.0,48,0.8333333333333334,1,2,1,0,0,0,1,0,0,1,0,0,0,baixo
11,35000.0,86,0.18604651162790697,1,4,1,0,0,0,1,0,0,0,0,1,1,alto
2,10000.0,0,0.0,1,4,1,0,0,0,1,1,0,0,1,1,0,medio_alto
9,35000.0,98,0.8775510204081632,1,1,1,1,1,0,0,0,0,0,0,1,0,baixo
4,10000.0,28,0.7857142857142857,6,4,1,0,0,0,0,0,1,1,0,1,1,medio_baixo
5,10000.0,11,1.0,1,3,1,0,0,0,1,0,0,1,0,1,0,medio_baixo
2,10000.0,8,0.875,3,5,1,0,1,0,1,1,1,1,1,0,0,alto
3,10000.0,5,0.8,5,5,1,0,0,0,1,1,1,0,1,1,0,medio_baixo
9,35000.0,65,0.6153846153846154,1,3,1,0,1,0,1,0,0,0,0,0,1,gratuito
1,10000.0,0,0.0,3,3,1,0,1,0,1,0,0,0,0,1,0,medio_baixo
4,35000.0,41,0.7804878048780488,2,2,1,1,0,0,1,0,1,0,0,0,0,medio_baixo
6,10000.0,10,1.0,1,2,1,0,0,0,1,1,0,0,0,0,0,gratuito
2,0.0,0,0.0,0,0,1,0,0,0,0,0,0,0,0,0,0,gratuito
3,10000.0,0,0.0,1,1,1,0,0,2,0,0,0,1,0,0,0,baixo
1,0.0,0,0.0,13,2,1,0,1,1,0,0,1,0,0,1,0,alto
4,10000.0,88,0.625,1,1,1,0,0,1,0,0,0,0,0,0,1,alto
6,10000.0,11,0.6363636363636364,1,5,1,0,0,0,1,0,0,1,0,0,1,gratuito
8,10000.0,30,0.6,1,1,1,0,0,0,0,1,0,0,0,0,0,gratuito
1,10000.0,0,0.0,2,3,1,0,0,0,1,1,1,0,0,0,0,alto
2,10000.0,5,1.0,1,4,1,0,0,0,0,1,0,1,0,0,0,medio_baixo
11,35000.0,59,0.847457627118644,4,1,1,0,0,1,0,1,0,0,0,0,0,medio_baixo
3,10000.0,15,0.8666666666666667,7,3,1,0,0,0,1,1,1,0,0,0,0,medio_alto
6,10000.0,1,0.0,1,1,1,0,0,0,0,1,0,0,0,0,0,medio_alto
5,10000.0,42,0.9047619047619048,1,3,1,0,0,0,1,1,0,1,0,0,0,medio_baixo
1,0.0,0,0.0,0,0,1,0,0,0,0,0,0,0,0,0,0,gratuito
2,35000.0,9,1.0,1,5,1,1,1,0,1,0,1,0,1,1,0,medio_alto
2,75000.0,43,0.9767441860465116,6,3,1,0,0,0,1,0,1,1,0,0,0,medio_alto
3,10000.0,9,1.0,1,2,1,1,1,0,1,0,0,1,0,0,0,baixo
4,10000.0,0,0.0,103,5,1,0,0,0,1,0,1,1,0,1,1,baixo
4,10000.0,300,0.9033333333333333,1,3,1,0,0,0,1,0,0,0,1,0,0,alto
2,0.0,0,0.0,0,0,1,0,0,0,0,0,0,0,0,0,0,gratuito
19,35000.0,87,0.8045977011494253,1,1,1,0,0,0,0,0,0,1,0,0,0,baixo
7,35000.0,62,0.6129032258064516,2,2,1,0,0,0,0,0,0,0,0,1,0,gratuito
5,10000.0,0,0.0,1,2,1,0,0,0,1,0,0,1,0,0,0,baixo
1,10000.0,0,0.0,2,2,1,0,0,0,1,0,1,0,0,0,0,medio_alto
17,75000.0,332,0.8343373493975904,1,2,1,0,0,0,0,0,0,0,0,0,1,medio_alto
6,10000.0,176,0.9545454545454546,1,2,1,0,1,0,1,0,0,1,0,0,0,baixo
5,10000.0,11,0.36363636363636365,1,2,1,0,0,0,0,1,1,0,0,0,0,medio_baixo
1,10000.0,0,0.0,11,5,1,0,0,0,1,1,0,1,1,1,0,medio_alto
4,1500000.0,37007,0.9307428324371065,6,4,1,0,0,4,1,1,1,0,1,0,0,alto
4,35000.0,207,0.34299516908212563,13,3,1,0,0,0,0,0,1,0,1,1,0,alto
5,0.0,0,0.0,0,0,1,0,0,0,0,0,0,0,0,0,0,gratuito
5,10000.0,9,0.8888888888888888,1,2,1,0,0,0,0,0,1,1,0,0,0,medio_alto
2,10000.0,0,0.0,1,1,1,0,0,0,0,0,0,0,1,0,0,medio_baixo
5,10000.0,51,0.9411764705882353,1,1,1,0,0,0,1,0,0,0,0,0,0,gratuito
1,10000.0,18,0.9444444444444444,1,4,1,0,0,0,1,1,1,0,1,0,0,baixo
6,10000.0,7,0.7142857142857143,1,4,1,0,0,0,1,1,1,1,0,0,0,baixo
9,35000.0,99,0.8282828282828283,2,2,1,0,0,0,1,0,0,1,0,0,0,baixo
5,10000.0,14,0.42857142857142855,4,3,1,0,0,0,1,1,1,0,0,0,0,alto
5,10000.0,77,0.935064935064935,16,3,1,0,0,1,1,1,0,1,0,0,0,baixo
4,10000.0,89,0.8651685393258427,10,3,1,1,0,0,1,0,0,1,0,1,0,medio_baixo
2,0.0,0,0.0,9,3,1,0,0,0,0,1,0,0,0,1,0,gratuito
7,10000.0,10,0.4,2,6,1,0,0,0,1,1,0,1,1,1,1,baixo
2,10000.0,26,0.6538461538461539,2,2,1,0,0,0,0,0,1,1,0,0,0,medio_alto
9,10000.0,46,0.5217391304347826,1,3,1,0,0,0,1,0,1,0,0,0,0,medio_alto
2,0.0,0,0.0,1,3,1,1,0,0,1,1,0,0,0,0,0,gratuito
6,10000.0,0,0.0,3,1,1,1,1,0,0,0,0,1,0,0,0,medio_alto
2,10000.0,0,0.0,1,3,1,1,1,0,1,0,0,1,1,0,0,medio_alto
18,150000.0,509,0.8860510805500982,1,2,1,0,0,0,0,0,1,0,1,0,0,alto
3,0.0,0,0.0,0,0,1,0,0,0,0,0,0,0,0,0,0,gratuito
7,35000.0,344,0.7906976744186046,1,5,1,1,1,1,1,0,1,0,1,1,1,baixo
2,10000.0,0,0.0,1,3,1,0,0,0,0,0,1,1,0,0,1,medio_baixo
8,35000.0,113,0.3805309734513274,1,4,1,0,0,0,1,0,1,1,0,0,0,baixo
1,10000.0,40,0.925,1,3,1,0,0,0,1,0,1,0,1,0,0,baixo
17,10000.0,31,0.9354838709677419,1,1,1,0,0,0,0,0,0,0,0,1,0,alto
3,0.0,0,0.0,103,3,1,0,0,0,1,0,0,1,0,1,0,medio_baixo
2,10000.0,0,0.0,12,3,1,1,1,0,1,0,0,1,0,1,0,baixo
4,0.0,0,0.0,0,0,1,0,0,0,0,0,0,0,0,0,0,gratuito
1,10000.0,0,0.0,1,4,1,0,0,0,1,0,0,1,0,0,1,medio_alto
12,75000.0,282,0.7659574468085106,1,1,1,0,0,0,0,1,0,0,0,0,0,baixo
18,10000.0,3,0.3333333333333333,1,2,1,0,0,0,1,0,0,1,0,0,0,alto
3,10000.0,1,0.0,1,3,1,0,0,0,1,1,0,1,0,0,0,medio_baixo
1,10000.0,1,1.0,1,1,1,0,1,0,0,0,0,1,0,0,0,medio_baixo
13,350000.0,4141,0.7973919343153828,1,3,1,1,1,1,1,1,0,0,0,0,1,baixo
1,0.0,0,0.0,1,1,1,0,0,0,0,0,0,0,0,0,0,medio_alto
2,0.0,0,0.0,2,5,1,0,0,0,1,0,1,1,1,0,0,gratuito
1,0.0,0,0.0,8,2,1,0,0,0,1,0,0,1,0,0,0,medio_baixo
1,0.0,0,0.0,1,2,1,0,0,1,0,1,1,0,0,0,0,medio_alto
5,10000.0,11,0.9090909090909091,1,3,1,0,0,0,1,1,0,1,0,0,0,medio_alto
6,10000.0,41,0.7804878048780488,1,4,1,0,0,0,0,1,0,0,0,1,1,gratuito
3,10000.0,19,0.8421052631578947,1,4,1,0,1,0,1,1,0,1,1,0,0,medio_baixo
6,35000.0,4,0.75,1,1,1,0,0,0,0,0,0,0,0,0,1,gratuito
1,10000.0,0,0.0,2,5,1,0,0,0,1,0,1,1,0,1,0,medio_baixo
1,10000.0,0,0.0,1,3,1,0,0,0,1,1,0,0,0,0,0,alto
3,10000.0,6,1.0,1,2,1,0,0,0,1,1,0,0,0,0,0,medio_baixo
2,10000.0,42,0.7380952380952381,2,3,1,0,0,0,1,0,0,1,0,0,1,alto
6,35000.0,97,0.845360824742268,1,5,1,0,0,0,1,0,1,1,0,0,1,gratuito
8,75000.0,706,0.8498583569405099,6,3,1,0,0,0,1,0,0,0,0,1,0,gratuito
10,75000.0,1616,0.9127475247524752,1,2,1,0,1,0,1,1,0,0,0,0,0,medio_baixo
1,10000.0,1,1.0,1,2,1,0,0,0,1,1,0,0,0,0,0,medio_baixo
5,10000.0,38,0.7894736842105263,4,3,1,0,0,0,1,1,1,0,0,0,0,baixo
1,10000.0,0,0.0,9,3,1,0,0,2,1,1,1,0,0,0,0,alto
6,10000.0,24,1.0,2,2,1,0,0,1,0,0,0,0,0,1,1,alto
11,10000.0,62347,0.625034083436252,11,2,1,1,0,10,0,1,1,0,0,0,0,alto
4,10000.0,8,1.0,1,4,1,0,0,0,0,1,0,1,0,1,0,medio_alto
16,75000.0,747,0.8781793842034806,1,2,1,0,0,0,0,0,1,1,0,0,0,gratuito
3,10000.0,4,1.0,11,4,1,0,0,0,0,1,1,1,0,0,0,medio_alto
2,0.0,0,0.0,0,0,1,0,0,0,0,0,0,0,0,0,0,gratuito
1,10000.0,0,0.0,15,5,1,1,0,0,1,1,1,1,0,0,1,medio_alto
7,10000.0,2,0.0,2,2,1,0,0,0,0,0,0,0,0,1,0,medio_alto
2,10000.0,2,0.0,6,2,1,0,0,0,1,0,1,0,0,0,0,medio_alto
5,10000.0,4,1.0,2,3,1,0,0,0,1,0,1,1,0,0,0,medio_alto
2,10000.0,0,0.0,1,2,1,1,1,0,1,0,0,1,0,0,0,baixo
3,35000.0,412,0.9296116504854369,30,3,1,1,1,0,1,0,0,1,0,0,1,baixo
2,10000.0,1,1.0,2,2,1,0,0,0,1,1,0,0,0,0,0,baixo
2,0.0,0,0.0,0,0,1,0,0,0,0,0,0,0,0,0,0,gratuito
11,75000.0,477,0.8637316561844863,1,4,1,1,1,1,1,1,1,0,1,0,0,baixo
2,10000.0,2,1.0,1,1,1,0,0,0,0,0,0,1,0,0,0,medio_baixo
2,10000.0,3,0.3333333333333333,1,3,1,0,0,0,0,1,0,0,0,1,1,alto
10,10000.0,62,0.967741935483871,1,2,1,0,0,0,1,0,0,1,0,0,0,medio_baixo
6,1500000.0,18669,0.9334190369061011,15,3,1,1,1,2,1,1,0,1,0,0,0,medio_baixo
4,35000.0,2,1.0,1,2,1,0,0,0,1,0,0,0,1,0,0,medio_alto
3,10000.0,6,0.8333333333333334,1,2,1,0,0,0,0,0,0,1,0,0,0,gratuito
5,10000.0,112,0.7321428571428571,3,4,1,0,0,2,1,1,1,0,0,0,1,baixo
2,10000.0,9,1.0,11,5,1,1,0,0,1,0,0,1,0,1,1,medio_alto
1,0.0,0,0.0,0,0,1,0,0,0,0,0,0,0,0,0,0,gratuito
9,10000.0,93,0.7849462365591398,1,3,1,0,0,0,1,0,0,1,0,0,1,baixo
5,0.0,0,0.0,0,0,1,0,0,0,0,0,0,0,0,0,0,gratuito
3,35000.0,2,1.0,1,2,1,0,0,0,1,0,0,0,1,0,0,medio_baixo
1,10000.0,0,0.0,13,5,1,0,0,0,1,1,1,1,0,0,1,medio_baixo
2,10000.0,19,0.42105263157894735,12,3,1,0,1,0,1,1,1,0,0,0,0,baixo
7,10000.0,454,0.9383259911894273,12,3,1,0,0,2,1,0,0,0,0,0,1,alto
6,10000.0,136,0.7794117647058824,1,3,1,1,1,0,1,0,1,1,0,0,0,gratuito
4,750000.0,12943,0.6080506837672873,11,4,1,0,0,0,1,1,0,0,1,0,0,alto
1,10000.0,0,0.0,8,3,1,0,0,0,1,1,1,0,0,0,0,baixo
6,750000.0,8767,0.854112010950154,29,4,1,0,0,0,1,0,0,1,0,1,0,gratuito
5,0.0,0,0.0,2,2,1,0,0,0,1,0,1,0,0,0,0,gratuito
10,10000.0,10,0.7,1,1,1,1,1,0,1,0,0,0,0,0,0,baixo
6,10000.0,24,0.8333333333333334,1,3,1,1,0,0,1,0,1,0,1,0,0,baixo
5,10000.0,132,0.6212121212121212,2,4,1,0,0,0,1,1,1,0,0,1,0,medio_baixo
3,10000.0,75,0.9733333333333334,1,3,1,0,0,0,0,1,1,0,0,0,0,medio_baixo
11,750000.0,5023,0.8606410511646426,1,4,1,0,0,0,0,0,0,0,0,0,1,alto
1,0.0,0,0.0,0,0,1,0,0,0,0,0,0,0,0,0,0,gratuito
9,10000.0,1,1.0,1,4,1,0,0,0,1,1,1,0,0,0,0,alto
9,35000.0,27,0.4074074074074074,1,10,1,0,0,0,1,1,1,1,0,0,1,gratuito
5,150000.0,1823,0.9714755896873286,16,2,1,1,0,0,1,0,0,1,0,0,0,baixo
2,10000.0,5,1.0,13,2,1,0,0,0,1,0,1,0,0,0,0,medio_alto
10,10000.0,51,0.8823529411764706,1,3,1,0,0,0,1,1,0,0,0,1,0,baixo
6,10000.0,18,0.8333333333333334,1,3,1,0,0,0,1,0,0,1,0,0,1,gratuito
1,10000.0,0,0.0,9,5,1,0,0,0,0,1,1,1,1,1,0,medio_alto
3,75000.0,32,0.6875,1,5,1,0,0,0,1,1,1,1,0,1,0,baixo
1,10000.0,0,0.0,4,3,1,0,0,0,1,0,0,1,0,0,1,alto
5,10000.0,8,0.875,1,3,1,1,0,1,1,0,0,1,0,0,0,gratuito
5,0.0,0,0.0,2,1,1,0,0,0,0,0,0,0,0,1,0,gratuito
2,75000.0,9,0.7777777777777778,5,4,1,0,0,0,1,0,0,0,1,1,0,gratuito
2,10000.0,0,0.0,1,4,1,0,0,0,1,1,1,0,0,0,0,baixo
1,0.0,0,0.0,1,4,1,0,0,0,1,1,0,1,0,0,0,gratuito
1,10000.0,6,1.0,14,3,1,0,0,0,1,1,0,0,0,0,0,alto
4,0.0,0,0.0,1,3,1,0,0,0,1,1,0,0,0,0,1,gratuito
6,10000.0,0,0.0,1,1,1,0,0,1,0,0,0,1,0,0,0,baixo
11,35000.0,476,0.9558823529411765,7,5,1,0,0,0,1,0,1,1,0,1,1,medio_alto
2,10000.0,10,1.0,17,3,1,0,0,0,1,1,1,0,0,0,0,medio_alto
8,3500000.0,79443,0.8393942826932518,12,2,1,1,1,0,0,1,1,0,0,0,0,medio_alto
2,35000.0,72,0.4444444444444444,3,4,1,0,0,0,1,1,1,0,1,0,0,baixo
1,10000.0,0,0.0,10,5,1,0,0,0,1,0,1,1,1,0,1,medio_alto
4,35000.0,26,0.8846153846153846,1,3,1,1,1,0,1,0,1,1,0,0,0,medio_baixo
8,10000.0,36,0.8888888888888888,1,3,1,0,0,0,1,1,0,1,0,0,0,baixo
1,10000.0,0,0.0,12,3,1,0,0,0,1,0,0,1,0,0,0,medio_alto
8,35000.0,15,0.8,1,1,1,0,0,0,0,0,0,0,0,1,0,alto
2,10000.0,2,0.5,2,3,1,0,0,0,1,0,0,1,0,1,0,medio_baixo
2,10000.0,2,1.0,1,3,1,0,0,0,1,1,1,0,0,0,0,medio_baixo
10,35000.0,219,0.8904109589041096,7,2,1,1,0,0,1,0,0,1,0,0,0,medio_alto
1,10000.0,19,1.0,1,2,1,0,0,0,1,0,0,1,0,0,0,medio_baixo
2,10000.0,98,0.9285714285714286,4,1,1,0,1,0,1,0,0,0,0,0,0,medio_alto
17,35000.0,276,0.7282608695652174,1,1,1,1,0,0,0,0,0,0,0,0,1,alto
5,10000.0,8,0.875,11,4,1,0,0,0,1,0,1,1,1,0,0,medio_baixo
3,10000.0,0,0.0,1,3,1,1,1,0,1,0,1,1,0,0,0,baixo
3,10000.0,4,0.25,2,3,1,0,0,0,1,0,1,0,0,0,1,alto
1,0.0,0,0.0,1,3,1,0,0,0,1,0,1,0,0,0,0,alto
2,10000.0,2,1.0,1,2,1,0,0,0,1,0,0,1,0,0,0,medio_alto
9,75000.0,489,0.9079754601226994,1,2,1,0,0,1,1,1,0,0,0,0,0,baixo
8,35000.0,136,0.5147058823529411,1,5,1,0,0,0,1,1,1,1,0,0,1,baixo
4,10000.0,0,0.0,1,2,1,0,1,0,1,0,0,1,0,0,0,baixo
4,35000.0,39,0.6153846153846154,5,4,1,0,0,0,1,1,1,0,0,0,0,baixo
1,10000.0,0,0.0,1,3,1,0,0,0,1,1,1,0,0,0,0,medio_baixo
1,10000.0,0,0.0,2,3,1,0,0,0,0,1,1,0,0,0,0,alto
4,10000.0,46,0.5869565217391305,2,1,1,0,0,1,0,0,0,1,0,0,0,medio_baixo
10,75000.0,130,0.5307692307692308,1,1,1,1,0,0,0,1,0,0,0,0,0,baixo
4,10000.0,1,0.0,1,4,1,0,0,0,1,1,0,1,0,0,0,alto
9,10000.0,14,0.9285714285714286,1,2,1,0,0,0,1,0,0,1,0,0,0,medio_baixo
4,10000.0,321,0.956386292834891,3,3,1,0,0,0,1,0,1,1,0,0,0,alto
6,75000.0,30,0.4666666666666667,1,1,1,0,0,0,0,0,0,0,0,0,1,alto
2,10000.0,1,1.0,1,3,1,0,0,0,1,0,1,0,1,0,0,medio_alto
8,35000.0,80,0.4375,1,3,1,0,0,0,1,0,0,1,0,0,0,baixo
5,10000.0,5,0.2,6,3,1,0,0,0,1,1,1,0,0,0,0,medio_baixo
1,0.0,0,0.0,0,0,1,0,0,0,0,0,0,0,0,0,0,gratuito
2,35000.0,858,0.9871794871794872,1,3,1,0,0,0,0,1,0,0,0,0,0,alto
8,10000.0,4,1.0,1,4,1,0,1,0,1,0,1,1,1,0,0,medio_baixo
1,0.0,0,0.0,0,0,1,0,0,0,0,0,0,0,0,0,0,gratuito
4,10000.0,1,0.0,1,3,1,0,0,0,1,1,0,1,0,0,0,medio_baixo
1,0.0,0,0.0,103,2,1,0,0,0,0,1,1,0,0,0,0,baixo
2,10000.0,15,0.6,2,1,1,0,0,0,1,0,0,0,0,0,0,medio_alto
2,10000.0,0,0.0,7,4,1,0,0,3,1,0,1,1,0,0,1,alto
9,10000.0,7,0.14285714285714285,1,4,1,1,0,0,0,1,1,0,0,0,0,medio_alto
8,10000.0,7,1.0,1,2,1,0,0,0,1,0,0,1,0,0,0,medio_alto
3,10000.0,104,0.7980769230769231,1,3,1,1,1,0,0,0,1,0,1,0,0,alto
2,10000.0,42,1.0,2,2,1,0,0,0,1,0,0,1,0,0,0,medio_alto
7,10000.0,5,0.6,1,2,1,0,0,0,1,0,0,1,0,0,0,medio_baixo
4,75000.0,99,0.9595959595959596,1,1,1,0,1,1,0,0,0,0,0,0,0,medio_baixo
3,10000.0,62,0.967741935483871,13,3,1,0,0,0,1,1,0,1,0,0,0,medio_alto
6,10000.0,196,0.8928571428571429,13,2,1,0,0,0,1,0,1,0,0,0,0,baixo
1,10000.0,0,0.0,1,3,1,1,0,0,1,1,1,0,0,0,0,alto
4,10000.0,49,1.0,1,2,1,0,1,0,1,0,0,0,0,0,0,medio_baixo
3,10000.0,29,0.41379310344827586,1,1,1,0,0,0,0,0,0,0,0,0,1,medio_alto
1,10000.0,0,0.0,8,3,1,0,0,0,1,0,1,1,0,0,0,medio_baixo
3,10000.0,3,1.0,1,3,1,0,0,0,0,1,1,1,0,0,0,baixo
1,0.0,0,0.0,1,9,1,1,1,1,1,0,0,0,1,0,1,gratuito
1,10000.0,0,0.0,2,4,1,0,0,0,1,1,0,1,1,0,0,medio_alto
8,10000.0,15,0.4666666666666667,1,3,1,0,0,0,1,0,1,1,0,0,0,medio_baixo
2,10000.0,72,0.9722222222222222,2,3,1,1,0,1,1,0,1,1,0,0,0,medio_baixo
6,10000.0,0,0.0,2,3,1,1,1,0,0,0,1,1,0,0,1,baixo
1,0.0,0,0.0,0,0,1,0,0,0,0,0,0,0,0,0,0,gratuito
5,10000.0,4,1.0,1,4,1,0,0,0,1,1,0,1,0,1,0,alto
1,10000.0,0,0.0,4,2,1,0,0,0,1,0,0,1,0,0,0,medio_alto
8,10000.0,44,0.25,1,2,1,0,0,0,1,0,1,0,0,0,0,medio_alto
2,0.0,0,0.0,24,1,1,0,0,0,1,0,0,0,0,0,0,medio_alto
1,0.0,0,0.0,1,1,1,1,0,0,1,0,0,0,0,0,0,alto
9,0.0,0,0.0,1,2,1,1,1,1,1,0,1,0,0,0,0,baixo
5,10000.0,1,1.0,1,1,1,0,0,0,0,0,0,1,0,0,0,medio_alto
2,10000.0,0,0.0,7,3,1,0,0,0,1,0,0,0,0,1,0,medio_baixo
1,0.0,0,0.0,1,3,1,1,0,0,0,0,0,0,0,1,1,gratuito
1,0.0,0,0.0,1,1,1,0,0,0,0,0,0,0,1,0,0,alto
1,10000.0,5,1.0,1,2,1,0,0,0,1,1,0,0,0,0,0,medio_alto
6,10000.0,261,0.7777777777777778,4,2,1,1,0,1,1,0,1,0,0,0,0,medio_baixo
1,10000.0,12,0.8333333333333334,4,3,1,0,0,0,0,0,0,1,0,1,1,medio_alto
1,0.0,0,0.0,0,0,1,0,0,0,0,0,0,0,0,0,0,gratuito
1,0.0,0,0.0,0,0,1,0,0,0,0,0,0,0,0,0,0,gratuito
3,150000.0,57,0.8947368421052632,1,2,1,0,1,0,1,1,0,0,0,0,0,baixo
8,10000.0,16,0.5625,1,4,1,0,0,0,1,0,0,1,0,0,1,gratuito
4,0.0,0,0.0,103,3,1,1,1,0,1,0,0,1,0,1,0,baixo
2,10000.0,7,0.8571428571428571,1,2,1,1,0,0,1,0,0,1,0,0,0,alto
2,35000.0,683,0.9033674963396779,4,1,1,0,0,0,0,0,1,0,0,0,0,medio_baixo
7,10000.0,106,0.7830188679245284,1,2,1,1,0,0,1,0,1,0,0,0,0,baixo
12,35000.0,126,0.9047619047619048,1,2,1,0,0,0,1,1,0,0,0,0,0,medio_alto
3,75000.0,767,0.8956975228161669,2,2,1,0,0,1,1,1,0,0,0,0,0,alto
1,350000.0,3477,0.8823698590739143,3,1,1,0,0,0,0,0,0,0,0,0,1,alto
7,10000.0,72,0.7916666666666666,1,3,1,1,0,0,0,0,0,0,0,0,0,alto
11,350000.0,2871,0.640891675374434,9,2,1,0,0,0,0,1,1,0,0,0,0,medio_alto
2,10000.0,24,0.9166666666666666,1,1,1,0,0,0,1,0,0,0,0,0,0,alto
1,10000.0,5,0.8,1,3,1,0,0,0,0,1,1,1,0,0,0,alto
3,0.0,0,0.0,10,3,1,0,0,0,1,0,0,1,0,0,1,gratuito
2,10000.0,1,1.0,1,1,1,0,0,0,0,0,0,1,0,0,0,medio_alto
7,10000.0,169,0.9763313609467456,1,3,1,0,0,0,1,0,0,1,0,1,0,baixo
4,0.0,0,0.0,14,3,1,1,1,1,1,0,1,0,0,0,0,gratuito
4,10000.0,3,0.0,1,3,1,1,0,0,1,1,0,1,0,0,0,medio_baixo
1,35000.0,502,0.9442231075697212,2,3,1,0,0,0,1,0,0,0,1,1,0,alto
1,10000.0,14,0.9285714285714286,1,3,1,0,0,0,1,1,0,1,0,0,0,baixo
5,10000.0,3,0.6666666666666666,1,3,1,0,0,0,1,1,0,0,0,0,0,alto
1,10000.0,0,0.0,7,2,1,0,0,0,1,0,0,1,0,0,0,medio_baixo
1,150000.0,265,0.769811320754717,9,3,1,0,0,0,0,1,1,0,0,1,0,alto
1,0.0,0,0.0,1,4,1,0,0,0,0,1,1,1,0,0,0,gratuito
2,10000.0,3,0.3333333333333333,2,3,1,0,0,0,1,0,1,0,0,0,0,medio_alto
9,10000.0,22,0.7727272727272727,1,3,1,1,0,0,0,0,0,0,1,1,1,medio_alto
6,10000.0,0,0.0,6,2,1,1,1,0,0,0,0,1,0,1,0,baixo
1,35000.0,42,0.9761904761904762,1,2,1,0,0,0,1,0,0,1,0,0,0,medio_baixo
7,10000.0,1,1.0,2,3,1,1,0,2,1,0,1,0,1,0,0,baixo
1,0.0,0,0.0,0,0,1,0,0,0,0,0,0,0,0,0,0,gratuito
4,10000.0,4,1.0,1,4,1,0,0,0,0,1,1,1,1,0,0,alto
7,10000.0,25,0.64,1,3,1,1,1,1,1,0,1,1,0,0,0,gratuito
6,10000.0,33,0.5454545454545454,7,2,1,0,0,1,1,0,0,1,0,0,0,baixo
5,35000.0,519,0.9210019267822736,22,2,1,0,0,0,1,0,1,0,0,0,0,medio_baixo
4,10000.0,20,0.9,1,2,1,0,0,0,1,0,1,0,0,0,0,baixo
4,10000.0,0,0.0,1,2,1,0,0,0,1,1,0,0,0,0,0,alto
3,10000.0,15,1.0,3,3,1,0,0,1,1,0,0,1,0,0,0,medio_baixo
1,0.0,0,0.0,0,0,1,0,0,0,0,0,0,0,0,0,0,gratuito
1,10000.0,707,0.8444130127298444,11,3,1,0,0,0,1,1,0,0,1,0,0,medio_baixo
6,10000.0,3,0.3333333333333333,11,1,1,0,0,0,0,0,0,1,0,0,0,medio_baixo
2,10000.0,0,0.0,1,1,1,0,0,1,0,0,0,0,0,0,0,gratuito
8,10000.0,0,0.0,1,1,1,1,1,0,1,0,0,0,0,0,0,medio_alto
8,150000.0,3844,0.9729448491155047,3,2,1,0,0,3,1,0,0,1,0,0,0,medio_baixo
5,10000.0,171,0.7777777777777778,2,3,1,0,0,1,1,0,1,1,0,0,0,medio_baixo
2,10000.0,14,0.35714285714285715,9,3,1,0,0,0,1,1,0,0,1,0,0,medio_alto
16,10000.0,93,0.3763440860215054,1,1,1,0,0,0,0,0,0,0,0,0,1,baixo
1,10000.0,36,0.9444444444444444,30,2,1,1,1,0,1,0,0,1,0,0,0,baixo
8,35000.0,143,0.6503496503496503,15,2,1,0,0,0,1,0,1,0,0,0,0,baixo
2,0.0,0,0.0,0,0,1,0,0,0,0,0,0,0,0,0,0,gratuito
7,75000.0,2,0.5,1,4,1,0,0,0,1,1,0,1,0,0,0,baixo
4,0.0,0,0.0,7,6,1,1,1,9,1,1,1,1,0,0,0,gratuito
2,0.0,0,0.0,0,0,1,0,0,0,0,0,0,0,0,0,0,gratuito
3,10000.0,4,1.0,1,2,1,0,0,0,1,1,0,0,0,0,0,medio_baixo
14,750000.0,10515,0.8110318592486924,9,3,1,0,0,0,1,1,1,0,0,0,0,baixo
4,10000.0,250,0.952,1,3,1,1,1,0,0,0,0,0,0,0,0,alto
9,10000.0,6,0.16666666666666666,1,3,1,0,0,0,1,1,1,0,0,0,0,baixo
1,10000.0,5,0.8,2,6,1,0,0,0,1,0,1,1,1,1,0,medio_baixo
1,35000.0,443,0.9119638826185101,9,3,1,0,0,0,1,0,0,0,0,1,1,alto
5,10000.0,5,0.0,1,5,1,0,0,0,0,1,1,1,1,0,1,alto
1,0.0,0,0.0,0,0,1,0,0,0,0,0,0,0,0,0,0,gratuito
3,10000.0,0,0.0,16,7,1,0,0,0,0,1,1,1,0,0,1,gratuito
4,0.0,0,0.0,0,0,1,0,0,0,0,0,0,0,0,0,0,gratuito
2,0.0,0,0.0,0,0,1,0,0,0,0,0,0,0,0,0,0,gratuito
3,0.0,0,0.0,0,0,1,0,0,0,0,0,0,0,0,0,0,gratuito
5,10000.0,6,1.0,1,2,1,0,0,0,0,0,1,0,1,0,0,medio_baixo
13,350000.0,874,0.7654462242562929,5,1,1,1,1,2,0,0,0,0,0,1,0,medio_alto
4,35000.0,3,0.0,5,2,1,1,0,0,0,1,1,0,0,0,0,medio_alto
1,0.0,0,0.0,2,2,1,0,0,0,1,0,1,0,0,0,0,medio_baixo
2,10000.0,0,0.0,103,4,1,0,0,0,1,0,1,1,0,1,0,baixo
3,10000.0,7,0.8571428571428571,1,2,1,0,0,0,0,0,0,0,0,1,0,alto
8,75000.0,260,0.9307692307692308,1,3,1,0,0,0,1,0,0,0,1,0,0,gratuito
5,150000.0,708,0.6765536723163842,9,3,1,0,0,0,1,1,1,0,0,0,0,baixo
3,10000.0,0,0.0,1,1,1,0,0,0,0,1,0,0,0,0,0,baixo
3,0.0,0,0.0,1,2,1,0,0,0,0,1,1,0,0,0,0,gratuito
4,150000.0,3,0.6666666666666666,1,1,1,1,0,0,1,0,0,0,0,0,0,medio_alto
1,0.0,0,0.0,3,3,1,0,0,0,1,0,0,1,0,1,0,medio_alto
3,0.0,0,0.0,1,2,1,0,0,0,0,0,0,0,0,0,0,gratuito
3,10000.0,0,0.0,4,4,1,0,0,1,1,0,1,0,1,0,0,medio_alto
2,0.0,0,0.0,103,4,1,0,0,0,1,0,1,1,1,0,0,baixo
7,350000.0,480,0.8791666666666667,7,3,1,0,0,0,1,1,1,0,0,0,0,gratuito
9,35000.0,84,0.5357142857142857,1,4,1,0,0,0,1,1,1,0,0,1,0,baixo
2,0.0,0,0.0,14,2,1,1,1,8,1,0,0,1,0,0,0,gratuito
7,10000.0,60,0.6166666666666667,2,1,1,0,0,0,0,0,1,0,0,0,0,baixo
9,350000.0,2123,0.8704663212435233,14,2,1,0,0,0,1,1,0,0,0,0,0,alto
2,0.0,0,0.0,0,0,1,0,0,0,0,0,0,0,0,0,0,gratuito
4,0.0,0,0.0,1,3,1,0,0,0,0,1,1,1,0,0,0,gratuito
3,10000.0,4,1.0,1,4,1,0,0,0,1,1,1,1,0,0,0,medio_alto
7,150000.0,51,0.6470588235294118,1,2,1,1,0,0,0,0,0,0,0,1,0,gratuito
2,10000.0,1,1.0,1,3,1,1,1,0,1,0,1,1,0,0,0,medio_alto
10,10000.0,192,0.6979166666666666,2,1,1,0,0,12,0,1,0,0,0,0,0,alto
3,10000.0,0,0.0,1,1,1,0,0,0,0,1,0,0,0,0,0,medio_baixo
1,0.0,0,0.0,1,3,1,0,0,0,1,1,0,0,0,0,0,gratuito
11,35000.0,317,0.6971608832807571,17,4,1,1,0,1,1,1,1,0,1,0,0,baixo
6,1500000.0,34893,0.932565270971255,11,5,1,1,1,0,1,1,0,1,0,1,0,medio_alto
1,10000.0,0,0.0,2,2,1,0,0,0,1,0,1,0,0,0,0,alto
5,35000.0,35,0.9714285714285714,1,4,1,1,1,0,1,0,1,1,1,0,0,medio_alto
1,10000.0,0,0.0,1,6,1,0,0,0,1,0,0,1,0,0,1,medio_alto
1,10000.0,0,0.0,1,3,1,0,0,0,1,1,1,0,0,0,0,alto
3,0.0,0,0.0,0,0,1,0,0,0,0,0,0,0,0,0,0,gratuito
5,10000.0,1,1.0,1,2,1,0,0,0,1,1,0,0,0,0,0,baixo
5,0.0,0,0.0,1,2,1,0,0,0,1,1,0,0,0,0,0,gratuito
8,75000.0,206,0.7427184466019418,7,3,1,1,1,1,1,0,0,0,1,1,0,alto
4,10000.0,4,0.75,1,3,1,0,0,0,1,0,0,0,0,0,1,gratuito
9,10000.0,18,0.8333333333333334,1,3,1,0,0,1,1,1,0,1,0,0,0,baixo
5,10000.0,2,1.0,1,1,1,0,0,0,1,0,0,0,0,0,0,baixo
7,10000.0,33,0.8181818181818182,4,2,1,1,1,0,1,0,1,0,0,0,0,gratuito
1,0.0,0,0.0,7,5,1,0,0,0,1,1,0,1,1,0,1,medio_alto
2,10000.0,0,0.0,1,1,1,0,0,0,0,0,0,0,1,0,0,medio_alto
8,10000.0,316,0.9050632911392406,4,4,1,0,0,0,1,0,1,1,1,0,0,medio_baixo
11,10000.0,26,0.3076923076923077,6,2,1,0,0,0,0,0,0,0,0,0,1,medio_baixo
2,10000.0,9,0.8888888888888888,1,3,1,0,0,0,1,1,1,0,0,0,0,baixo
8,10000.0,214,0.8271028037383178,2,3,1,0,0,1,0,0,1,1,0,0,1,medio_baixo
7,10000.0,37,0.5405405405405406,2,5,1,1,1,0,1,1,1,0,1,0,0,alto
2,0.0,0,0.0,0,0,1,0,0,0,0,0,0,0,0,0,0,gratuito
1,10000.0,2,1.0,8,2,1,0,0,0,0,0,1,0,0,0,1,medio_baixo
8,75000.0,638,0.9435736677115988,6,2,1,0,0,1,1,0,0,1,0,0,0,medio_alto
4,0.0,0,0.0,1,3,1,0,0,0,1,0,1,0,0,0,0,gratuito
2,10000.0,6,1.0,1,6,1,0,0,0,1,1,1,0,1,1,0,medio_alto
5,1500000.0,59382,0.8820349600889158,10,1,1,0,0,38,0,1,0,0,0,0,0,alto
2,10000.0,27,0.9259259259259259,13,4,1,1,0,0,1,0,0,1,0,1,1,medio_baixo
2,0.0,0,0.0,1,3,1,0,0,0,1,1,0,0,0,0,0,gratuito
4,10000.0,0,0.0,29,2,1,0,0,0,1,0,0,1,0,0,0,baixo
1,0.0,0,0.0,1,2,1,0,0,0,0,1,0,0,0,0,0,gratuito
4,35000.0,1,1.0,2,3,1,1,0,0,1,0,0,1,0,1,0,medio_baixo
2,10000.0,3,0.6666666666666666,1,3,1,1,0,0,1,0,0,1,0,1,0,baixo
8,10000.0,35,0.9142857142857143,1,2,1,0,0,0,1,0,0,1,0,0,0,alto
10,10000.0,60,0.75,1,3,1,1,0,1,1,0,0,1,0,0,1,medio_baixo
5,35000.0,10,0.7,1,4,1,0,0,0,1,0,1,0,1,0,0,gratuito
9,10000.0,19,0.6842105263157895,8,2,1,0,0,0,1,0,0,0,0,1,0,medio_alto
3,0.0,0,0.0,0,0,1,0,0,0,0,0,0,0,0,0,0,gratuito
6,10000.0,17,0.7647058823529411,1,5,1,0,0,0,0,1,0,1,0,1,1,gratuito
5,35000.0,22,0.7727272727272727,9,3,1,0,0,0,1,1,1,0,0,0,0,medio_baixo
1,10000.0,0,0.0,1,4,1,0,0,1,1,0,0,1,0,1,1,medio_baixo
3,10000.0,0,0.0,7,4,1,0,0,0,1,0,0,1,1,0,1,medio_baixo
8,10000.0,14,0.5714285714285714,4,2,1,0,0,1,1,0,1,0,0,0,0,alto
8,10000.0,5,0.6,1,5,1,0,0,0,1,1,0,1,0,0,0,medio_alto
3,350000.0,1637,0.8882101405009163,11,1,1,0,0,0,0,1,0,0,0,0,0,alto
8,35000.0,23,0.34782608695652173,1,16,1,0,0,0,1,0,0,1,1,1,0,gratuito
8,10000.0,73,0.821917808219178,103,5,1,0,0,0,1,0,1,1,0,1,1,baixo
2,10000.0,0,0.0,9,4,1,1,1,0,1,0,0,0,1,1,0,gratuito
2,0.0,0,0.0,1,5,1,0,0,0,1,1,0,1,1,0,0,gratuito
11,10000.0,15,0.8,1,2,1,1,0,0,1,0,0,1,0,0,0,baixo
3,0.0,0,0.0,0,0,1,0,0,0,0,0,0,0,0,0,0,gratuito
3,0.0,0,0.0,103,1,1,0,0,0,0,0,0,1,0,0,0,medio_baixo
3,10000.0,13,0.3076923076923077,26,5,1,0,0,0,1,1,0,0,0,0,1,baixo
4,0.0,0,0.0,0,0,1,0,0,0,0,0,0,0,0,0,0,gratuito
8,10000.0,29,0.7931034482758621,1,6,1,0,0,0,1,0,1,1,1,0,1,gratuito
9,10000.0,14,0.42857142857142855,3,5,1,0,0,0,1,1,1,1,0,1,0,alto
4,0.0,0,0.0,0,0,1,0,0,0,0,0,0,0,0,0,0,gratuito
6,75000.0,335,0.7970149253731343,2,3,1,0,0,0,1,0,0,1,0,0,0,gratuito
3,35000.0,302,0.8642384105960265,2,4,1,0,0,0,1,0,1,0,1,1,0,medio_alto
7,10000.0,101,0.7623762376237624,1,1,1,0,0,1,1,0,0,0,0,0,0,gratuito
6,10000.0,0,0.0,3,3,1,0,0,2,1,0,0,1,0,0,1,baixo
2,10000.0,2,1.0,1,4,1,0,0,0,1,0,0,1,0,0,1,medio_baixo
5,35000.0,1,1.0,1,8,1,0,0,0,1,1,1,1,1,1,1,baixo
3,10000.0,20,0.85,29,1,1,0,0,1,0,0,0,1,0,0,0,baixo
7,35000.0,59,0.7627118644067796,1,1,1,0,0,0,0,0,0,0,0,0,0,gratuito
10,75000.0,203,0.9113300492610837,4,3,1,0,0,0,0,0,1,1,0,1,0,alto
1,0.0,0,0.0,1,3,1,1,0,0,1,1,0,0,0,0,0,gratuito
5,10000.0,0,0.0,1,3,1,0,0,0,0,0,0,1,1,0,1,medio_baixo
4,35000.0,796,0.9170854271356784,7,3,1,0,0,0,1,1,1,0,0,0,0,alto
5,10000.0,0,0.0,12,3,1,0,0,0,0,0,0,1,1,0,1,medio_baixo
10,10000.0,395,0.5746835443037974,12,3,1,0,0,0,1,1,1,0,0,0,0,medio_baixo
6,10000.0,85,0.7764705882352941,1,3,1,0,0,0,1,0,0,0,0,1,0,gratuito
2,10000.0,6,0.8333333333333334,1,1,1,0,0,0,0,1,0,0,0,0,0,alto
4,10000.0,5,0.6,1,4,1,0,0,0,1,1,0,0,1,0,0,baixo
4,10000.0,11,0.8181818181818182,103,2,1,0,0,0,1,0,1,0,0,0,0,baixo
2,10000.0,33,0.7878787878787878,1,2,1,0,0,0,1,1,0,0,0,0,0,medio_alto
6,10000.0,7,0.7142857142857143,2,2,1,0,0,1,1,0,1,0,0,0,0,medio_alto
4,10000.0,6,0.6666666666666666,2,3,1,0,0,0,1,1,0,0,0,1,0,alto
1,10000.0,0,0.0,15,3,1,0,0,0,1,1,1,0,0,0,0,medio_alto
4,10000.0,50,0.5,1,5,1,1,1,0,1,0,0,1,1,1,0,medio_alto
12,750000.0,19895,0.5908017089721035,13,2,1,0,0,7,0,1,0,0,1,0,0,baixo
7,10000.0,5,0.4,1,3,1,0,0,0,1,1,0,0,0,0,0,baixo
10,75000.0,69,0.5652173913043478,1,3,1,0,0,0,1,1,1,0,0,0,0,baixo
1,10000.0,91,0.9230769230769231,2,1,1,0,0,1,0,0,0,1,0,0,0,baixo
9,10000.0,34,0.38235294117647056,1,3,1,0,0,0,1,1,0,0,0,0,0,medio_baixo
1,10000.0,0,0.0,3,2,1,0,0,59,0,1,0,0,1,0,0,alto
2,0.0,0,0.0,28,5,1,0,0,0,1,1,0,1,0,1,1,gratuito
1,10000.0,11,0.7272727272727273,2,1,1,0,0,0,0,1,0,0,0,0,0,medio_baixo
6,10000.0,114,0.9210526315789473,3,2,1,0,0,0,1,0,0,1,0,0,0,medio_alto
3,1500000.0,37986,0.9904438477333755,2,4,1,0,0,0,1,1,1,1,0,0,0,gratuito
2,10000.0,45,0.8,9,2,1,0,0,0,1,0,1,0,0,0,0,medio_baixo
6,35000.0,42,0.8333333333333334,1,1,1,0,0,0,0,0,0,0,0,0,0,gratuito
2,10000.0,8,0.375,2,4,1,0,0,0,1,0,0,1,0,1,0,gratuito
1,0.0,0,0.0,1,3,1,0,0,0,0,1,1,1,0,0,0,medio_baixo
2,10000.0,2,1.0,2,2,1,0,0,0,1,0,1,0,0,0,0,medio_baixo
5,10000.0,3,0.3333333333333333,1,4,1,0,0,0,1,1,0,0,0,0,0,gratuito
2,10000.0,4,0.75,1,3,1,0,0,0,1,0,0,1,0,0,1,medio_baixo
1,10000.0,0,0.0,1,1,1,1,1,0,0,0,1,0,0,0,0,alto
2,10000.0,0,0.0,1,3,1,1,1,0,1,0,1,1,0,0,0,baixo
3,0.0,0,0.0,2,4,1,0,0,0,0,0,1,1,0,0,1,gratuito
2,0.0,0,0.0,0,0,1,0,0,0,0,0,0,0,0,0,0,gratuito
2,10000.0,0,0.0,1,2,1,0,0,0,0,1,1,0,0,0,0,alto
1,0.0,0,0.0,4,2,1,0,1,0,1,1,0,0,0,0,0,alto
2,750000.0,11996,0.8057685895298433,18,5,1,0,0,1,0,1,0,0,1,1,1,alto
3,10000.0,1,1.0,1,3,1,1,0,0,1,0,0,1,0,0,0,medio_baixo
10,750000.0,5044,0.933187946074544,27,3,1,1,0,1,1,0,1,1,0,0,0,medio_alto
9,10000.0,32,0.4375,1,2,1,0,0,0,1,0,0,1,0,0,0,baixo
3,75000.0,26,0.5,1,3,1,0,0,0,1,1,1,0,0,0,0,baixo
5,75000.0,1,0.0,1,2,1,0,0,0,1,1,0,0,0,0,0,medio_baixo
1,0.0,0,0.0,1,2,1,0,0,0,0,1,0,0,0,0,0,gratuito
8,35000.0,45,0.37777777777777777,1,4,1,0,0,0,1,1,1,1,0,0,0,gratuito
1,10000.0,0,0.0,3,3,1,0,0,0,1,0,0,1,1,0,0,medio_baixo
2,10000.0,6,0.6666666666666666,2,3,1,0,0,0,1,0,0,0,1,1,0,alto
9,10000.0,15,0.6666666666666666,2,3,1,0,0,0,1,0,0,0,1,1,0,baixo
1,10000.0,1,1.0,1,2,1,0,0,0,0,0,0,1,0,0,1,medio_baixo
1,10000.0,14,0.9285714285714286,3,5,1,0,1,0,1,1,1,1,0,0,0,gratuito
6,10000.0,51,0.8431372549019608,2,3,1,0,0,0,0,1,0,0,0,1,1,alto
6,10000.0,26,1.0,1,2,1,1,1,0,1,0,0,1,0,0,0,medio_alto
6,10000.0,28,1.0,1,3,1,0,0,1,1,0,1,0,1,0,0,baixo
6,10000.0,6,1.0,1,2,1,0,0,0,1,0,0,1,0,0,0,medio_baixo
2,10000.0,13,1.0,1,2,1,0,0,0,0,1,0,0,0,1,0,baixo
2,10000.0,0,0.0,1,3,1,0,0,0,1,1,0,0,0,0,0,alto
2,10000.0,31,0.9032258064516129,2,3,1,0,0,0,1,1,0,1,0,0,0,baixo
4,0.0,0,0.0,0,0,1,0,0,0,0,0,0,0,0,0,0,gratuito
3,10000.0,10,0.9,1,5,1,0,0,0,1,1,0,1,0,0,0,alto
7,10000.0,2,1.0,1,2,1,0,0,0,1,0,0,1,0,0,0,baixo
3,10000.0,35,0.8,4,5,1,0,0,0,1,1,0,1,1,0,0,medio_baixo
6,75000.0,123,0.7560975609756098,1,1,1,0,0,0,1,0,0,0,0,0,0,medio_baixo
11,10000.0,44,0.5909090909090909,1,2,1,0,0,0,1,1,0,0,0,0,0,baixo
8,10000.0,37,0.6486486486486487,1,4,1,0,0,0,1,1,1,1,0,0,0,baixo
1,10000.0,0,0.0,1,4,1,0,0,0,0,1,0,0,0,0,1,medio_alto
1,10000.0,109,0.8899082568807339,1,5,1,0,0,0,1,0,1,1,0,0,1,medio_baixo
1,10000.0,7,1.0,2,4,1,1,0,0,1,0,0,1,0,1,1,medio_alto
2,0.0,0,0.0,2,3,1,0,0,0,0,1,1,0,0,0,0,gratuito
4,10000.0,1,1.0,10,1,1,0,0,0,1,0,0,0,0,0,0,baixo
8,10000.0,34,0.8823529411764706,1,3,1,1,1,0,1,0,1,0,1,0,0,medio_alto
3,10000.0,10,0.3,2,1,1,0,0,0,0,0,0,0,0,0,1,medio_alto
3,10000.0,1,0.0,1,1,1,0,0,0,0,1,0,0,0,0,0,baixo
7,10000.0,21,1.0,1,2,1,0,0,0,1,1,0,0,0,0,0,baixo
1,0.0,0,0.0,2,3,1,0,0,0,1,0,0,1,0,0,0,gratuito
8,10000.0,28,0.9642857142857143,2,2,1,0,0,0,1,0,1,0,0,0,0,medio_baixo
5,10000.0,3,1.0,1,4,1,0,0,0,1,1,0,1,0,0,1,medio_baixo
10,10000.0,16,0.9375,1,7,1,0,0,0,0,0,0,0,0,0,0,medio_alto
3,0.0,0,0.0,1,2,1,0,0,0,0,1,0,0,0,1,0,gratuito
2,10000.0,367,0.8637602179836512,5,2,1,0,0,0,0,1,1,0,0,0,0,medio_alto
7,10000.0,29,0.6896551724137931,6,3,1,0,0,0,1,0,1,1,0,0,0,medio_baixo
4,10000.0,0,0.0,1,3,1,0,0,0,1,1,0,0,0,0,0,gratuito
4,0.0,0,0.0,1,2,1,0,1,0,0,0,0,0,0,0,0,gratuito
3,75000.0,87,0.8620689655172413,1,2,1,0,0,0,0,1,1,0,0,0,0,alto
6,10000.0,19,0.3157894736842105,4,5,1,0,0,0,1,0,0,1,1,1,1,alto
1,10000.0,0,0.0,27,2,1,1,1,0,1,0,0,0,0,0,1,baixo
15,10000.0,16,0.875,5,1,1,0,0,0,0,0,0,0,0,0,0,medio_alto
1,0.0,0,0.0,0,0,1,0,0,0,0,0,0,0,0,0,0,gratuito
2,35000.0,35,0.6,9,3,1,0,0,0,1,1,1,0,0,0,0,alto
8,35000.0,9,0.6666666666666666,1,2,1,0,0,0,1,0,0,1,0,0,0,baixo
5,10000.0,22,0.36363636363636365,1,6,1,0,0,0,1,1,1,1,1,0,0,alto
7,150000.0,314,0.5923566878980892,1,2,1,0,0,0,1,0,0,0,0,1,0,baixo
3,10000.0,4,0.75,1,3,1,0,0,0,1,0,0,1,0,1,0,baixo
13,350000.0,2779,0.7405541561712846,10,4,1,1,1,2,1,1,1,0,1,0,0,medio_baixo
12,10000.0,58,0.5517241379310345,13,2,1,1,1,0,1,0,0,0,0,1,0,baixo
11,75000.0,242,0.7851239669421488,3,2,1,1,1,0,1,0,1,0,0,0,0,medio_baixo
5,35000.0,304,0.9605263157894737,2,2,1,0,0,0,1,0,0,1,0,0,0,alto
2,0.0,0,0.0,0,0,1,0,0,0,0,0,0,0,0,0,0,gratuito
1,10000.0,76,0.7236842105263158,2,6,1,0,0,0,1,1,1,1,0,1,1,alto
4,75000.0,2364,0.9928087986463621,1,3,1,0,0,1,1,1,1,0,0,0,0,medio_alto
9,10000.0,1,0.0,1,2,1,0,0,0,0,1,0,0,0,1,0,medio_alto
4,0.0,0,0.0,1,4,1,0,0,0,1,0,1,0,1,0,0,gratuito
6,10000.0,3,1.0,1,5,1,0,0,0,1,0,1,1,1,1,0,alto
5,10000.0,3,1.0,1,1,1,0,1,0,0,0,0,1,0,0,0,baixo
3,10000.0,6,1.0,2,3,1,0,0,0,1,1,0,1,0,0,0,medio_baixo
9,35000.0,202,0.7029702970297029,103,5,1,0,0,0,1,0,1,1,0,1,1,medio_baixo
3,10000.0,137,0.8540145985401459,1,7,1,0,0,0,1,1,1,1,1,1,1,baixo
16,75000.0,876,0.7842465753424658,1,4,1,0,0,0,1,1,0,0,0,0,0,baixo
4,10000.0,101,0.801980198019802,6,4,1,0,0,3,1,0,1,0,1,1,0,alto
8,10000.0,14,0.7142857142857143,1,3,1,0,0,1,1,1,0,0,0,0,0,baixo
4,0.0,0,0.0,0,0,1,0,0,0,0,0,0,0,0,0,0,gratuito
2,75000.0,4,0.75,8,3,1,0,0,0,1,0,0,0,0,1,1,medio_baixo
5,0.0,0,0.0,1,4,1,0,0,0,1,1,0,1,0,0,0,gratuito
8,10000.0,0,0.0,1,9,1,1,0,0,1,1,1,0,0,1,1,alto
1,0.0,0,0.0,1,3,1,0,0,0,1,0,1,0,0,0,0,gratuito
3,0.0,0,0.0,0,0,1,0,0,0,0,0,0,0,0,0,0,gratuito
4,0.0,0,0.0,0,0,1,0,0,0,0,0,0,0,0,0,0,gratuito
1,0.0,0,0.0,1,4,1,0,0,0,1,0,1,0,0,0,0,gratuito
5,10000.0,19,0.47368421052631576,103,3,1,0,0,0,1,0,1,0,0,0,0,baixo
2,0.0,0,0.0,1,5,1,0,0,0,1,1,1,1,0,0,0,gratuito
2,10000.0,0,0.0,1,2,1,0,1,1,1,0,1,0,0,0,0,alto
2,0.0,0,0.0,1,3,1,1,0,0,1,1,1,0,0,0,0,gratuito
4,10000.0,17,0.8823529411764706,2,3,1,1,0,0,1,0,1,0,0,0,0,gratuito
1,10000.0,0,0.0,3,1,1,0,0,1,0,0,0,0,0,0,0,medio_baixo
3,10000.0,2,1.0,2,2,1,1,0,0,0,0,1,0,0,1,0,baixo
5,10000.0,22,0.45454545454545453,1,4,1,0,0,0,1,1,1,1,0,0,0,baixo
9,350000.0,2526,0.8927157561361837,7,3,1,1,1,2,1,0,1,1,0,0,0,baixo
10,750000.0,11665,0.9057865409344192,1,3,1,0,0,0,1,1,0,0,0,0,1,alto
2,35000.0,160,0.7125,1,4,1,0,0,0,1,0,0,0,1,1,1,alto
1,10000.0,1,1.0,1,2,1,0,0,0,1,1,0,0,0,0,0,medio_baixo
7,750000.0,18607,0.8473692696297093,12,2,1,0,0,7,0,0,0,1,0,0,1,medio_alto
3,10000.0,2,1.0,1,2,1,1,1,0,1,0,1,0,0,0,0,alto
3,10000.0,2,1.0,1,1,1,1,0,0,0,0,0,1,0,0,0,medio_alto
10,75000.0,111,0.4774774774774775,1,3,1,0,0,0,1,0,0,0,0,1,0,gratuito
10,10000.0,13,0.5384615384615384,2,3,1,0,0,0,1,0,1,0,1,0,0,baixo
3,10000.0,26,0.9615384615384616,1,3,1,0,0,0,1,0,0,0,0,1,0,gratuito
2,10000.0,109,0.6697247706422018,6,4,1,0,0,0,1,1,0,1,0,1,0,medio_alto
1,10000.0,54,1.0,4,4,1,0,0,1,1,1,1,0,0,0,0,alto
7,10000.0,3,1.0,2,4,1,0,0,0,1,1,0,1,0,0,0,baixo
4,0.0,0,0.0,2,10,1,0,0,0,1,1,1,1,1,1,1,gratuito
7,0.0,0,0.0,1,4,1,0,0,0,1,0,0,0,0,1,1,baixo
7,10000.0,15,0.7333333333333333,4,1,1,1,0,0,0,0,0,1,0,0,0,medio_alto
3,10000.0,3,1.0,1,4,1,0,0,0,1,1,0,1,0,1,0,alto
1,0.0,0,0.0,1,2,1,0,0,0,0,0,1,0,0,0,0,gratuito
11,10000.0,28,0.17857142857142858,1,6,1,0,0,1,1,1,1,1,1,1,0,medio_baixo
9,10000.0,18,0.8888888888888888,1,6,1,0,0,0,1,0,1,1,1,1,1,medio_baixo
5,10000.0,2,0.5,2,4,1,0,0,0,1,0,0,1,0,0,1,medio_baixo
12,350000.0,1565,0.9258785942492013,1,2,1,1,1,0,1,1,0,0,0,0,0,baixo
6,75000.0,1031,0.9214354995150339,7,3,1,0,0,1,0,1,0,0,1,1,0,alto
5,10000.0,13,0.9230769230769231,1,4,1,1,1,0,1,1,1,1,0,0,0,baixo
3,10000.0,0,0.0,1,4,1,0,1,0,1,0,1,1,0,0,0,medio_baixo
1,0.0,0,0.0,1,3,1,1,1,0,1,0,1,1,0,0,0,medio_alto
8,10000.0,12,0.5833333333333334,2,5,1,0,0,0,1,0,1,1,0,1,1,baixo
9,3500000.0,88384,0.9607847574221579,27,2,1,0,0,0,0,0,0,0,0,0,0,medio_alto
5,10000.0,214,0.8598130841121495,6,1,1,1,0,1,0,0,0,0,0,0,1,alto
2,10000.0,3,1.0,1,4,1,0,0,0,1,1,0,1,0,0,0,medio_baixo
1,0.0,0,0.0,3,3,1,0,0,0,1,0,0,1,0,1,0,medio_baixo
1,0.0,0,0.0,0,0,1,0,0,0,0,0,0,0,0,0,0,gratuito
1,10000.0,0,0.0,11,3,1,1,0,1,1,0,0,1,0,0,0,alto
1,0.0,0,0.0,1,5,1,0,0,0,0,1,1,1,0,0,1,alto
3,75000.0,5466,0.9835345773874863,4,1,1,0,0,0,0,0,1,0,0,0,0,alto
5,35000.0,110,0.41818181818181815,1,2,1,1,1,0,0,1,0,0,0,0,0,alto
2,0.0,0,0.0,0,0,1,0,0,0,0,0,0,0,0,0,0,gratuito
5,10000.0,167,0.7724550898203593,1,5,1,0,0,0,0,1,0,1,0,0,1,alto
1,0.0,0,0.0,0,0,1,0,0,0,0,0,0,0,0,0,0,gratuito
1,10000.0,0,0.0,1,3,1,0,1,0,1,0,1,1,0,0,0,alto
3,10000.0,5,1.0,2,2,1,0,0,0,1,1,0,0,0,0,0,baixo
3,0.0,0,0.0,0,0,1,0,0,0,0,0,0,0,0,0,0,gratuito
7,10000.0,0,0.0,1,3,1,0,0,0,1,1,0,1,0,0,0,alto
3,10000.0,0,0.0,3,5,1,0,0,0,1,0,0,0,0,1,0,baixo
1,10000.0,0,0.0,1,3,1,0,0,0,1,1,0,0,0,0,1,alto
9,10000.0,155,0.7870967741935484,1,3,1,0,0,0,1,1,1,0,0,0,0,medio_baixo
1,0.0,0,0.0,2,10,1,0,0,0,1,1,1,1,1,1,1,gratuito
2,0.0,0,0.0,1,3,1,0,0,0,1,0,1,0,0,0,0,gratuito
4,10000.0,12,0.8333333333333334,103,2,1,0,0,0,1,0,1,0,0,0,0,baixo
2,10000.0,89,0.7191011235955056,3,2,1,0,0,0,1,0,0,0,1,0,0,alto
1,10000.0,0,0.0,24,2,1,0,1,0,1,1,0,0,0,0,0,medio_alto
7,10000.0,7,0.42857142857142855,1,4,1,0,0,0,1,0,0,1,0,1,1,medio_alto
5,10000.0,4,0.75,1,6,1,0,0,0,1,1,1,1,0,1,1,baixo
6,10000.0,6,0.8333333333333334,2,2,1,0,0,0,1,1,0,0,0,0,0,medio_baixo
3,10000.0,10,1.0,19,1,1,1,1,0,0,0,0,1,0,0,0,baixo
12,75000.0,636,0.8160377358490566,4,4,1,1,1,0,1,0,0,1,0,1,1,alto
6,35000.0,31,0.7741935483870968,1,3,1,0,0,0,1,0,0,1,0,0,0,medio_alto
1,10000.0,0,0.0,1,5,1,0,0,0,1,1,0,1,0,1,0,medio_baixo
8,10000.0,17,0.9411764705882353,4,3,1,0,0,1,1,1,0,1,0,0,0,baixo
7,1500000.0,51655,0.936133965734198,10,2,1,0,0,11,1,0,0,0,0,0,1,medio_alto
10,10000.0,35,0.7714285714285715,1,1,1,0,0,0,0,0,0,0,0,0,1,gratuito
2,10000.0,7,1.0,2,1,1,0,0,0,0,1,0,0,0,0,0,medio_baixo
4,10000.0,0,0.0,1,5,1,0,0,0,1,1,0,1,1,1,0,baixo
2,0.0,0,0.0,30,4,1,0,0,0,1,0,0,1,1,0,1,medio_baixo
2,10000.0,12,1.0,7,3,1,0,0,0,1,1,0,1,0,0,0,medio_alto
11,150000.0,336,0.7738095238095238,11,4,1,1,0,0,1,0,1,1,0,1,0,medio_baixo
10,350000.0,4445,0.9579302587176602,5,2,1,0,0,1,1,0,0,0,1,0,0,baixo
6,10000.0,20,0.85,2,1,1,0,0,0,1,0,0,0,0,0,0,baixo
7,35000.0,160,0.84375,10,4,1,0,0,0,1,0,1,1,0,0,1,medio_alto
2,10000.0,5,0.8,1,4,1,0,0,0,1,1,1,1,0,0,0,alto
8,150000.0,402,0.8283582089552238,18,2,1,1,0,0,0,0,0,0,0,0,1,gratuito
1,0.0,0,0.0,1,2,1,0,0,0,1,0,0,1,0,0,0,alto
3,10000.0,23,0.782608695652174,9,1,1,0,0,0,0,0,0,0,0,1,0,alto
6,10000.0,2,0.5,2,3,1,0,0,0,1,0,1,0,1,0,0,medio_baixo
10,10000.0,5,0.4,1,2,1,0,0,0,1,0,0,1,0,0,0,baixo
8,10000.0,3,0.3333333333333333,1,1,1,0,0,0,0,1,0,0,0,0,0,alto
1,10000.0,0,0.0,9,3,1,0,0,0,0,1,0,0,0,0,1,alto
1,0.0,0,0.0,0,0,1,0,0,0,0,0,0,0,0,0,0,gratuito
9,10000.0,113,0.49557522123893805,6,2,1,0,0,0,1,0,0,1,0,0,0,baixo
6,35000.0,244,0.7254098360655737,3,3,1,0,0,1,1,0,0,0,0,1,1,medio_alto
7,10000.0,58,0.7241379310344828,2,2,1,0,0,0,0,0,1,0,1,0,0,baixo
3,75000.0,1117,0.8388540734109221,1,3,1,0,0,0,1,0,0,0,0,1,0,alto
1,10000.0,68,0.75,2,3,1,0,0,20,1,0,0,0,1,0,1,alto
3,10000.0,7,0.5714285714285714,2,6,1,0,0,0,1,1,0,0,1,0,1,baixo
2,10000.0,35,0.22857142857142856,1,3,1,0,0,0,1,1,0,1,0,0,0,medio_baixo
5,10000.0,9,0.7777777777777778,2,3,1,0,0,0,1,1,0,1,0,0,0,medio_alto
1,0.0,0,0.0,29,4,1,1,1,3,1,0,0,1,0,0,1,gratuito
6,0.0,0,0.0,16,2,1,0,0,0,1,0,0,1,0,0,0,baixo
11,10000.0,71,0.8169014084507042,1,3,1,1,1,2,1,0,1,0,1,0,0,medio_alto
2,10000.0,0,0.0,29,2,1,0,0,0,1,0,0,1,0,0,0,medio_baixo
1,0.0,0,0.0,0,0,1,0,0,0,0,0,0,0,0,0,0,gratuito
3,10000.0,62,0.5645161290322581,12,2,1,0,0,2,1,1,0,0,0,0,0,medio_alto
2,10000.0,3,1.0,1,2,1,0,0,0,1,0,0,1,0,0,0,baixo
1,0.0,0,0.0,2,6,1,0,0,0,1,0,0,1,1,1,1,gratuito
6,350000.0,1502,0.7922769640479361,1,4,1,0,1,18,1,1,1,0,0,0,0,gratuito
1,10000.0,2,1.0,2,2,1,0,0,0,1,1,0,0,0,0,0,medio_baixo
8,10000.0,10,0.4,1,3,1,0,0,0,1,0,1,1,0,0,0,baixo
5,10000.0,0,0.0,1,2,1,1,1,0,1,0,0,1,0,0,0,medio_alto
4,10000.0,80,0.7625,1,4,1,0,0,2,1,0,0,1,1,0,1,gratuito
4,0.0,0,0.0,1,5,1,0,0,2,1,0,0,1,1,1,0,gratuito
9,10000.0,28,1.0,2,1,1,0,0,0,0,1,0,0,0,0,0,medio_baixo
2,10000.0,16,0.9375,3,3,1,0,0,0,0,1,1,1,0,0,0,medio_alto
2,10000.0,1,1.0,1,2,1,0,0,0,1,0,0,0,0,0,0,medio_alto
4,10000.0,5,0.2,1,5,1,0,0,0,1,0,0,1,0,0,1,alto
4,10000.0,62,0.7741935483870968,3,1,1,1,1,1,0,0,0,1,0,0,0,medio_alto
7,10000.0,63,0.7619047619047619,1,3,1,1,0,0,1,0,1,1,0,0,0,medio_baixo
5,10000.0,1,1.0,8,1,1,1,0,0,0,0,0,1,0,0,0,medio_baixo
7,10000.0,38,0.9210526315789473,1,1,1,1,1,0,1,0,0,0,0,0,0,medio_alto
5,10000.0,80,0.775,3,3,1,0,0,0,0,0,1,1,1,0,0,medio_baixo
8,35000.0,20,0.55,1,1,1,0,0,0,0,0,0,1,0,0,0,baixo
3,350000.0,6972,0.9285714285714286,11,2,1,1,0,0,0,0,0,1,0,0,1,medio_baixo
3,10000.0,17,0.7058823529411765,1,3,1,0,0,0,1,0,0,1,0,0,1,baixo
10,35000.0,70,0.7285714285714285,2,3,1,0,0,0,1,1,1,0,0,0,0,medio_alto
6,75000.0,155,0.6193548387096774,9,5,1,0,0,0,1,1,1,0,1,0,0,gratuito
5,150000.0,806,0.8995037220843672,4,3,1,0,0,2,1,0,1,0,0,1,0,alto
2,10000.0,16,0.875,1,1,1,0,0,1,0,0,0,0,0,1,0,medio_alto
2,35000.0,663,0.975867269984917,14,3,1,1,1,0,1,1,1,0,0,0,0,medio_alto
1,0.0,0,0.0,1,2,1,0,0,0,0,0,1,0,0,0,0,gratuito
1,10000.0,0,0.0,7,2,1,0,0,0,1,0,0,1,0,0,0,medio_alto
8,10000.0,32,0.28125,3,6,1,0,0,0,1,1,1,0,0,0,0,medio_baixo
5,10000.0,0,0.0,1,4,1,0,0,0,0,1,1,0,1,0,0,medio_alto
3,10000.0,1,1.0,1,1,1,0,0,0,0,0,0,1,0,0,0,medio_baixo
2,10000.0,2,1.0,1,2,1,0,0,0,1,0,0,0,0,1,0,alto
4,10000.0,392,0.4923469387755102,1,3,1,1,0,0,1,0,1,0,0,1,0,alto
2,10000.0,32,0.96875,3,4,1,0,0,0,1,1,1,1,0,0,0,medio_baixo
5,0.0,0,0.0,0,0,1,0,0,0,0,0,0,0,0,0,0,gratuito
2,10000.0,167,0.6407185628742516,12,4,1,0,0,0,1,0,0,1,1,0,1,alto
2,10000.0,2,1.0,1,5,1,0,0,0,1,1,0,1,1,0,0,medio_alto
3,10000.0,1,0.0,16,3,1,0,0,0,0,0,1,1,0,0,1,alto
9,75000.0,442,0.6493212669683258,4,3,1,0,0,0,1,1,0,0,0,0,1,medio_alto
6,10000.0,23,1.0,2,2,1,0,0,0,1,1,0,0,0,0,0,baixo
5,10000.0,12,0.25,1,3,1,0,0,0,1,0,1,1,0,0,0,baixo
10,350000.0,1020,0.792156862745098,12,4,1,1,1,1,1,1,0,0,0,1,1,medio_alto
4,10000.0,73,0.5068493150684932,29,4,1,0,0,0,1,0,1,1,0,0,1,baixo
6,10000.0,20,0.65,5,4,1,0,0,0,0,1,1,0,1,1,0,medio_alto
3,10000.0,2,1.0,3,6,1,1,0,0,1,0,1,1,1,1,0,medio_alto
2,10000.0,0,0.0,5,3,1,0,0,0,0,0,1,1,1,0,0,medio_baixo
2,0.0,0,0.0,0,0,1,0,0,0,0,0,0,0,0,0,0,gratuito
6,10000.0,1,1.0,1,5,1,0,1,0,1,1,1,1,0,0,1,medio_alto
6,10000.0,27,0.8518518518518519,1,2,1,0,0,0,1,0,0,1,0,0,0,alto
4,10000.0,1,1.0,1,4,1,0,0,0,1,1,1,1,0,0,0,medio_baixo
2,10000.0,21,1.0,4,3,1,0,0,0,1,0,0,0,0,1,1,medio_baixo
5,75000.0,55,0.509090909090909,1,3,1,0,0,0,1,1,0,0,0,0,0,gratuito
1,10000.0,0,0.0,5,2,1,0,0,1,0,1,1,0,0,0,0,alto
4,10000.0,108,0.8148148148148148,2,3,1,0,0,1,1,1,1,0,0,0,0,medio_baixo
1,10000.0,0,0.0,2,3,1,0,0,0,1,1,0,0,0,0,1,medio_baixo
6,10000.0,3,0.6666666666666666,1,4,1,0,0,0,1,1,1,1,0,0,0,baixo
9,10000.0,7,0.5714285714285714,1,2,1,0,0,0,0,1,1,0,0,0,0,medio_baixo
3,0.0,0,0.0,1,3,1,0,0,0,1,1,1,0,0,0,0,gratuito
4,35000.0,7,0.8571428571428571,1,2,1,0,0,1,1,0,1,0,0,0,0,medio_baixo
4,150000.0,4,1.0,2,1,1,0,0,0,0,1,0,0,0,0,0,medio_baixo
9,75000.0,29,0.5517241379310345,2,4,1,0,0,0,1,1,1,0,1,0,0,alto
3,10000.0,18,0.16666666666666666,10,5,1,0,0,0,1,1,1,0,0,0,1,alto
1,0.0,0,0.0,4,4,1,0,0,0,1,0,1,1,0,0,0,baixo
1,0.0,0,0.0,0,0,1,0,0,0,0,0,0,0,0,0,0,gratuito
1,10000.0,1,1.0,2,4,1,0,0,0,0,1,0,0,0,1,1,medio_baixo
10,10000.0,97,0.7319587628865979,7,3,1,0,0,0,1,1,0,0,0,0,0,alto
4,10000.0,9,1.0,1,1,1,1,0,0,0,1,0,0,0,0,0,medio_alto
9,10000.0,154,0.5974025974025974,1,3,1,0,0,0,1,0,0,0,0,0,0,baixo
4,10000.0,5,1.0,1,5,1,0,0,0,1,1,1,0,1,0,0,alto
4,75000.0,1451,0.9421088904203997,12,2,1,1,1,1,0,0,0,1,1,0,0,baixo
2,10000.0,3,0.6666666666666666,2,3,1,0,0,0,1,0,1,0,1,0,0,alto
4,10000.0,5,0.4,1,5,1,0,0,0,0,1,1,1,0,1,1,baixo
10,10000.0,18,0.8333333333333334,1,3,1,0,0,0,1,1,0,1,0,0,0,medio_baixo
4,0.0,0,0.0,8,2,1,1,0,0,0,0,0,0,0,0,0,gratuito
1,35000.0,4,0.0,1,3,1,0,0,0,1,1,1,0,0,0,0,medio_baixo
6,10000.0,0,0.0,1,4,1,0,0,0,1,1,1,0,0,1,0,baixo
5,10000.0,1,1.0,1,3,1,0,0,0,1,1,0,1,0,0,0,medio_baixo
4,10000.0,3,1.0,1,2,1,0,0,0,0,1,0,0,0,0,0,medio_alto
4,35000.0,137,0.6788321167883211,12,4,1,0,0,0,1,0,1,0,0,0,1,alto
4,0.0,0,0.0,7,2,1,0,0,0,0,1,0,0,0,0,0,gratuito
10,150000.0,999,0.8418418418418419,13,1,1,1,1,0,0,1,0,0,0,0,0,baixo
4,10000.0,3,0.0,1,3,1,1,1,0,0,1,1,1,0,0,0,medio_baixo
10,35000.0,931,0.7894736842105263,1,5,1,0,0,0,1,1,0,1,0,1,1,baixo
9,10000.0,3,0.6666666666666666,1,2,1,0,0,0,0,0,0,1,0,0,0,medio_baixo
3,35000.0,60,0.95,1,3,1,0,0,0,1,0,1,0,0,0,0,gratuito
2,10000.0,20,1.0,2,4,1,0,0,0,1,0,0,1,0,0,1,medio_baixo
3,10000.0,108,0.9444444444444444,5,2,1,0,0,1,1,0,0,0,0,0,1,gratuito
4,10000.0,37,0.7837837837837838,1,3,1,1,1,0,1,0,1,0,1,0,0,medio_baixo
2,10000.0,4,0.75,5,3,1,0,0,0,1,1,0,1,0,0,0,baixo
8,35000.0,89,0.9438202247191011,1,4,1,1,1,0,1,1,1,0,1,0,0,baixo
1,0.0,0,0.0,1,2,1,0,0,0,0,1,0,0,0,0,0,gratuito
3,0.0,0,0.0,1,3,1,0,0,0,1,1,0,1,0,0,0,gratuito
3,0.0,0,0.0,3,3,1,0,1,3,0,0,0,0,0,1,1,gratuito
1,10000.0,0,0.0,1,1,1,0,0,0,0,0,1,0,0,0,0,medio_baixo
1,0.0,0,0.0,1,3,1,0,0,1,1,0,1,1,0,0,0,medio_alto
1,10000.0,0,0.0,27,2,1,0,0,0,1,0,1,0,0,0,0,medio_alto
4,10000.0,4,1.0,1,2,1,0,0,0,0,0,1,1,0,0,0,medio_alto
2,10000.0,2,0.0,1,3,1,0,0,0,1,0,1,1,0,0,0,baixo
2,35000.0,22,0.8181818181818182,2,4,1,0,0,0,1,1,1,0,0,0,1,baixo
3,10000.0,2,0.5,1,3,1,0,0,0,1,1,0,0,0,0,0,medio_baixo
4,10000.0,2,1.0,1,6,1,0,0,0,1,1,1,1,0,0,1,medio_baixo
3,10000.0,3,1.0,1,2,1,0,0,0,1,0,0,1,0,0,0,medio_baixo
5,10000.0,29,0.9310344827586207,1,2,1,0,0,0,1,0,1,0,0,0,0,baixo
2,10000.0,58,0.8448275862068966,9,3,1,0,0,0,1,0,1,0,0,0,1,medio_alto
1,35000.0,2,1.0,2,3,1,0,0,0,1,0,0,0,0,1,1,alto
8,35000.0,118,0.7966101694915254,1,2,1,1,1,0,1,0,0,1,0,0,0,baixo
1,0.0,0,0.0,0,0,1,0,0,0,0,0,0,0,0,0,0,gratuito
4,10000.0,0,0.0,2,1,1,0,0,0,0,0,0,0,0,0,1,alto
7,750000.0,17582,0.8716869525651234,9,6,1,0,0,2,1,1,0,1,0,0,1,medio_alto
2,10000.0,0,0.0,5,1,1,0,0,0,0,0,0,1,0,0,0,baixo
5,35000.0,111,0.5675675675675675,2,7,1,0,0,0,1,1,1,1,1,0,1,gratuito
5,10000.0,0,0.0,1,2,1,0,0,1,1,0,0,1,0,0,0,baixo
7,150000.0,48,0.9791666666666666,1,4,1,1,0,0,1,0,1,1,1,0,0,gratuito
8,10000.0,36,0.6666666666666666,9,3,1,1,1,0,1,0,0,1,0,1,0,baixo
4,10000.0,33,0.9393939393939394,3,3,1,1,0,1,1,0,1,1,0,0,0,medio_alto
3,35000.0,134,0.9626865671641791,2,5,1,0,0,0,1,1,0,1,0,0,0,baixo
7,35000.0,110,0.7454545454545455,1,2,1,0,0,0,1,0,0,0,0,0,0,gratuito
1,10000.0,0,0.0,28,3,1,0,0,0,1,0,0,1,0,1,0,baixo
7,10000.0,7,0.42857142857142855,2,1,1,0,0,0,0,0,0,0,0,0,0,medio_alto
5,0.0,0,0.0,12,3,1,1,0,0,1,0,0,0,0,1,1,gratuito
9,75000.0,376,0.5558510638297872,15,6,1,0,0,0,1,0,0,1,1,1,1,baixo
4,35000.0,16,0.6875,2,4,1,0,0,0,1,1,0,1,1,0,0,medio_baixo
3,10000.0,1,1.0,2,1,1,1,1,0,1,0,0,0,0,0,0,medio_baixo
8,35000.0,180,0.6388888888888888,2,3,1,0,0,0,1,0,1,1,0,0,0,baixo
1,0.0,0,0.0,4,4,1,0,0,0,1,0,1,1,0,1,0,medio_baixo
1,10000.0,0,0.0,10,3,1,0,0,0,1,1,0,1,0,0,0,baixo
1,150000.0,3,1.0,14,4,1,0,0,0,1,1,0,1,0,0,0,baixo
1,10000.0,30,0.8,7,6,1,0,0,0,1,1,1,1,1,0,1,alto
9,10000.0,3,1.0,1,2,1,0,0,0,1,1,0,0,0,0,0,alto
2,10000.0,4,0.75,5,2,1,0,0,0,0,0,0,1,0,0,1,medio_baixo
4,10000.0,110,0.9,1,2,1,1,1,0,1,0,0,1,0,0,0,medio_baixo
8,10000.0,11,0.2727272727272727,3,4,1,0,0,5,1,0,1,1,1,0,0,medio_alto
1,10000.0,0,0.0,1,3,1,0,0,0,1,0,0,1,0,0,1,alto
5,10000.0,4,1.0,1,7,1,1,0,0,1,1,1,1,1,0,1,alto
9,10000.0,61,0.6885245901639344,1,6,1,0,0,0,1,1,1,1,1,0,0,gratuito
13,75000.0,438,0.6757990867579908,1,4,1,0,0,0,1,0,0,0,1,1,1,baixo
6,750000.0,3486,0.6204819277108434,2,4,1,0,0,0,0,1,0,0,1,1,0,gratuito
2,10000.0,0,0.0,1,1,1,0,0,0,0,0,0,0,1,0,0,medio_alto
1,0.0,0,0.0,2,3,1,0,0,0,1,0,0,1,0,1,0,baixo
11,10000.0,12,0.8333333333333334,1,2,1,0,0,0,1,1,0,0,0,0,0,alto
3,10000.0,86,0.9651162790697675,2,4,1,0,0,1,1,0,1,1,1,0,0,medio_alto
3,0.0,0,0.0,0,0,1,0,0,0,0,0,0,0,0,0,0,gratuito
6,10000.0,0,0.0,29,1,1,0,0,1,0,0,0,0,0,0,1,medio_alto
3,10000.0,6,0.6666666666666666,4,2,1,0,0,1,0,0,1,1,0,0,0,medio_baixo
1,0.0,0,0.0,1,1,1,0,0,0,0,0,0,1,0,0,0,baixo
1,0.0,0,0.0,0,0,1,0,0,0,0,0,0,0,0,0,0,gratuito
10,350000.0,1462,0.5225718194254446,1,3,1,0,0,0,1,0,1,0,0,0,0,gratuito
6,35000.0,2,1.0,1,2,1,1,0,0,1,1,0,0,0,0,0,medio_alto
5,35000.0,68,0.8529411764705882,11,2,1,0,0,1,1,0,1,0,0,0,0,medio_baixo
9,35000.0,303,0.7953795379537953,2,2,1,1,1,0,1,0,0,1,0,0,0,baixo
3,10000.0,1,1.0,1,2,1,0,0,1,1,0,0,0,0,1,0,baixo
5,10000.0,132,0.9621212121212122,4,3,1,1,0,0,1,1,1,0,0,0,0,medio_alto
3,10000.0,18,0.5555555555555556,26,4,1,0,0,0,1,0,0,0,1,0,1,baixo
3,0.0,0,0.0,1,3,1,0,0,0,1,0,1,1,0,0,0,gratuito
5,10000.0,7,0.42857142857142855,2,4,1,0,0,0,1,0,1,1,0,0,1,baixo
3,10000.0,63,0.9682539682539683,2,1,1,1,1,0,0,0,0,0,0,0,1,medio_baixo
1,0.0,0,0.0,3,5,1,0,0,0,0,1,0,1,1,0,1,medio_baixo
3,10000.0,39,0.9230769230769231,7,6,1,0,0,0,1,1,1,0,0,1,0,alto
1,0.0,0,0.0,1,4,1,0,0,1,1,0,1,1,0,0,0,gratuito
3,10000.0,0,0.0,103,6,1,0,0,0,1,1,1,1,1,0,1,baixo
10,10000.0,20,0.7,2,4,1,0,0,0,1,1,0,1,0,1,0,medio_baixo
1,10000.0,23,0.9130434782608695,1,4,1,0,0,0,1,0,1,0,1,1,0,medio_alto
8,10000.0,61,0.9016393442622951,2,2,1,0,0,3,0,0,1,1,0,0,0,alto
1,10000.0,19,1.0,1,2,1,0,0,0,0,1,0,0,0,0,0,medio_alto
6,10000.0,116,0.9741379310344828,1,2,1,0,0,0,0,1,1,0,0,0,0,baixo
9,10000.0,20,0.9,1,2,1,0,0,0,1,0,0,0,0,0,0,gratuito
8,10000.0,7,0.2857142857142857,1,1,1,0,0,0,1,0,0,0,0,0,0,baixo
2,10000.0,18,1.0,1,3,1,0,0,1,1,1,1,0,0,0,0,alto
9,10000.0,64,0.765625,1,3,1,0,0,1,1,0,1,0,0,0,1,alto
10,10000.0,5,0.8,1,2,1,0,0,0,1,1,0,0,0,0,0,medio_alto
4,350000.0,1254,0.8333333333333334,8,4,1,0,0,0,1,1,1,0,1,0,0,alto
10,75000.0,281,0.8398576512455516,4,4,1,0,0,0,1,1,1,0,0,1,0,baixo
5,35000.0,13,0.3076923076923077,2,1,1,0,0,0,0,0,0,0,0,0,1,baixo
11,75000.0,607,0.6243822075782537,7,1,1,0,0,0,0,0,0,0,1,0,0,alto
15,350000.0,7644,0.9294871794871795,1,3,1,0,1,0,1,1,1,0,0,0,0,medio_alto
10,10000.0,15,0.5333333333333333,1,4,1,0,0,0,1,0,0,0,0,1,1,alto
5,10000.0,1,0.0,1,4,1,0,0,0,1,1,0,1,0,0,0,medio_alto
9,35000.0,248,0.6491935483870968,27,2,1,0,0,0,1,1,0,0,0,0,0,baixo
5,0.0,0,0.0,0,0,1,0,0,0,0,0,0,0,0,0,0,gratuito
7,10000.0,3,1.0,1,3,1,1,1,0,1,1,0,0,0,0,0,medio_alto
3,0.0,0,0.0,103,2,1,0,0,0,1,0,0,1,0,0,0,baixo
1,0.0,0,0.0,1,3,1,0,0,0,1,0,1,0,0,0,0,gratuito
7,10000.0,0,0.0,1,2,1,0,0,0,1,0,0,0,0,1,0,medio_alto
1,10000.0,0,0.0,5,3,1,0,0,1,0,0,1,0,1,0,1,alto
5,10000.0,8,0.5,0,2,1,0,0,0,1,0,0,1,0,0,0,alto
1,0.0,0,0.0,1,2,1,0,0,0,1,1,0,0,0,0,0,medio_baixo
2,10000.0,2,1.0,1,6,1,1,1,0,1,0,1,1,1,0,1,gratuito
1,0.0,0,0.0,0,0,1,0,0,0,0,0,0,0,0,0,0,gratuito
7,35000.0,420,0.8738095238095238,1,2,1,0,0,0,1,0,0,1,0,0,0,baixo
7,10000.0,26,0.8461538461538461,2,1,1,0,0,0,0,0,1,0,0,0,0,medio_baixo
1,0.0,0,0.0,1,5,1,0,0,0,1,1,1,1,0,0,0,baixo
1,0.0,0,0.0,0,0,1,0,0,0,0,0,0,0,0,0,0,gratuito
7,10000.0,4,1.0,1,3,1,0,0,0,1,0,1,0,1,0,0,medio_alto
5,10000.0,347,0.8703170028818443,3,2,1,0,0,1,1,0,0,1,0,0,0,medio_baixo
1,10000.0,0,0.0,12,6,1,0,0,0,1,0,1,1,0,1,1,gratuito
7,10000.0,39,0.8461538461538461,2,4,1,0,0,0,1,1,0,0,0,0,0,baixo
4,10000.0,43,0.9534883720930233,3,2,1,1,1,0,1,0,1,0,0,0,0,baixo
5,10000.0,0,0.0,2,2,1,0,0,1,1,0,0,1,0,0,0,medio_baixo
1,10000.0,0,0.0,1,6,1,0,1,0,1,0,1,1,0,1,1,gratuito
7,10000.0,45,0.4888888888888889,1,3,1,0,0,0,1,1,0,1,0,0,0,baixo
4,10000.0,78,0.6153846153846154,1,3,1,0,0,0,1,1,1,0,0,0,0,baixo
6,10000.0,0,0.0,1,2,1,0,0,3,1,0,0,0,1,0,0,baixo
2,10000.0,57,0.8245614035087719,3,3,1,0,0,0,1,1,1,0,0,0,0,medio_baixo
12,75000.0,542,0.8007380073800738,1,1,1,0,0,0,0,0,0,0,0,0,0,baixo
5,35000.0,34,0.9705882352941176,2,3,1,0,0,0,1,0,1,1,0,0,0,medio_baixo
2,10000.0,0,0.0,1,1,1,0,0,0,0,0,0,0,0,0,1,medio_baixo
3,0.0,0,0.0,0,0,1,0,0,0,0,0,0,0,0,0,0,gratuito
4,10000.0,18,0.7777777777777778,1,4,1,0,0,0,1,0,0,1,0,1,0,gratuito
4,10000.0,1,1.0,1,4,1,0,0,0,1,1,0,0,0,0,0,baixo
3,35000.0,755,0.7602649006622516,9,3,1,0,0,1,1,1,0,0,1,0,0,alto
3,10000.0,4,1.0,1,1,1,0,0,0,1,0,0,0,0,0,0,baixo
1,0.0,0,0.0,13,1,1,0,0,0,0,0,0,0,0,0,0,gratuito
1,10000.0,9,0.8888888888888888,1,3,1,0,0,0,1,0,1,1,0,0,0,medio_alto
7,10000.0,2,0.5,1,4,1,0,0,0,0,1,0,1,0,0,1,alto
1,0.0,0,0.0,0,0,1,0,0,0,0,0,0,0,0,0,0,gratuito
1,10000.0,7,0.8571428571428571,2,2,1,1,0,0,0,1,0,0,1,0,0,medio_baixo
2,10000.0,17,1.0,7,2,1,0,0,0,1,0,0,1,0,0,0,medio_baixo
12,75000.0,163,0.8282208588957055,2,2,1,0,0,0,1,1,0,0,0,0,0,medio_baixo
1,10000.0,0,0.0,11,1,1,0,0,0,0,0,0,1,0,0,0,baixo
1,10000.0,0,0.0,1,1,1,0,0,0,0,0,1,0,0,0,0,alto
9,35000.0,3,1.0,2,2,1,0,1,0,1,0,0,0,0,1,0,medio_baixo
1,10000.0,1,0.0,1,3,1,0,0,0,1,1,0,0,1,0,0,baixo
4,10000.0,14,0.9285714285714286,1,3,1,1,0,0,1,1,0,0,0,0,0,gratuito
5,10000.0,15,1.0,2,2,1,0,0,0,1,0,0,1,0,0,0,baixo
3,0.0,0,0.0,1,6,1,0,0,0,1,1,0,0,0,1,1,gratuito
7,10000.0,1,0.0,2,3,1,0,0,0,1,0,1,0,1,0,0,medio_alto
2,10000.0,15,0.6666666666666666,1,1,1,0,0,0,0,0,1,0,0,0,0,baixo
8,10000.0,4,0.5,1,3,1,0,0,0,1,0,1,1,0,0,0,baixo
2,10000.0,5,1.0,1,4,1,0,0,0,0,1,0,1,0,1,1,baixo
3,0.0,0,0.0,1,2,1,0,0,0,0,0,0,0,0,0,0,gratuito
2,10000.0,10,0.9,5,3,1,0,0,0,1,0,1,1,0,0,0,medio_alto
1,0.0,0,0.0,0,0,1,0,0,0,0,0,0,0,0,0,0,gratuito
6,35000.0,282,0.8404255319148937,1,2,1,1,1,1,0,0,1,0,1,0,0,medio_alto
8,10000.0,6,0.16666666666666666,1,5,1,0,0,0,1,0,1,1,1,0,0,gratuito
1,10000.0,0,0.0,1,2,1,0,1,0,1,0,1,0,0,0,0,baixo
3,10000.0,16,0.6875,2,3,1,0,0,0,1,1,0,1,0,0,0,baixo
3,10000.0,0,0.0,1,2,1,1,1,0,0,0,0,1,0,0,1,medio_baixo
4,10000.0,37,0.972972972972973,2,1,1,0,0,0,0,1,0,0,0,0,0,alto
13,0.0,0,0.0,1,2,1,0,0,0,0,1,1,0,0,0,0,baixo
8,10000.0,0,0.0,1,3,1,0,0,0,1,0,1,0,1,0,0,alto
1,10000.0,336,0.7916666666666666,12,3,1,0,0,0,1,1,1,0,0,0,0,medio_alto
7,150000.0,846,0.7919621749408984,8,1,1,0,0,0,0,0,0,1,0,0,0,medio_alto
2,10000.0,1,1.0,1,2,1,0,0,0,0,0,0,1,1,0,0,alto
11,10000.0,70,0.3,1,2,1,0,0,0,1,1,0,0,0,0,0,medio_baixo
1,150000.0,2425,0.9154639175257732,16,3,1,0,0,1,1,0,0,0,0,1,1,alto
3,10000.0,12,1.0,5,3,1,1,1,0,1,1,0,1,0,0,0,medio_baixo
1,0.0,0,0.0,6,3,1,0,0,0,1,1,1,0,0,0,0,gratuito
6,10000.0,0,0.0,1,2,1,0,0,0,0,1,0,0,1,0,0,medio_alto
5,10000.0,236,0.5508474576271186,1,7,1,0,0,0,1,0,1,1,1,0,1,gratuito
2,10000.0,2,1.0,1,3,1,0,0,0,1,1,0,1,0,0,0,medio_baixo
8,10000.0,21,0.5238095238095238,1,2,1,0,0,0,1,1,0,0,0,0,0,baixo
2,10000.0,2,1.0,1,3,1,0,0,0,1,0,0,0,1,1,0,baixo
10,35000.0,50,0.6,1,1,1,0,0,0,0,0,0,0,0,1,0,alto
4,10000.0,0,0.0,11,2,1,0,0,0,0,0,0,1,0,0,1,alto
5,10000.0,5,0.4,15,2,1,0,0,0,0,0,1,1,0,0,0,baixo
1,0.0,0,0.0,0,0,1,0,0,0,0,0,0,0,0,0,0,gratuito
4,10000.0,0,0.0,2,2,1,0,1,0,1,0,0,1,0,0,0,medio_baixo
4,750000.0,5843,0.6303268868731816,12,2,1,0,0,9,0,1,0,0,1,0,0,alto
6,10000.0,30,0.8,2,5,1,0,0,0,1,1,0,1,0,0,1,alto
5,150000.0,7,0.5714285714285714,1,1,1,0,0,0,0,0,0,1,0,0,0,baixo
4,10000.0,1,0.0,1,4,1,0,0,0,0,1,1,0,0,0,0,medio_alto
3,35000.0,8,0.875,1,3,1,0,0,0,1,0,0,1,1,0,0,medio_baixo
8,1500000.0,16960,0.7689858490566037,15,8,1,0,0,0,1,1,0,1,0,1,1,gratuito
5,150000.0,2,1.0,1,1,1,0,0,0,0,1,0,0,0,0,0,medio_baixo
6,10000.0,12,0.6666666666666666,4,1,1,0,0,0,0,0,0,1,0,0,0,medio_alto
6,10000.0,0,0.0,4,2,1,0,1,0,1,0,0,1,0,0,0,medio_baixo
2,0.0,0,0.0,0,0,1,0,0,0,0,0,0,0,0,0,0,gratuito
2,0.0,0,0.0,1,2,1,0,0,0,0,0,0,0,0,0,1,gratuito
1,0.0,0,0.0,10,2,1,0,0,0,1,0,0,1,0,0,0,medio_baixo
1,0.0,0,0.0,0,0,1,0,0,0,0,0,0,0,0,0,0,gratuito
1,10000.0,3,1.0,1,3,1,0,0,1,0,0,0,1,0,0,1,medio_alto
1,75000.0,1773,0.8691483361534122,1,4,1,0,0,0,0,0,1,1,1,0,1,alto
3,10000.0,26,0.8846153846153846,2,1,1,0,1,0,1,0,0,0,0,0,0,medio_baixo
7,10000.0,12,0.75,7,2,1,1,1,0,1,0,0,0,0,1,0,baixo
1,10000.0,0,0.0,1,3,1,0,0,0,1,1,0,1,0,0,0,medio_baixo
3,10000.0,64,0.96875,1,3,1,0,0,0,1,1,1,0,0,0,0,medio_baixo
3,10000.0,1,1.0,1,1,1,0,0,0,0,0,0,0,0,0,0,medio_baixo
3,10000.0,155,0.8258064516129032,3,1,1,0,0,0,0,0,1,0,0,0,0,alto
3,10000.0,18,1.0,1,6,1,0,1,0,1,1,0,1,0,1,1,baixo
1,10000.0,0,0.0,1,2,1,0,0,0,0,0,0,0,0,0,0,medio_baixo
6,10000.0,1,0.0,1,4,1,0,0,0,1,1,1,0,0,0,0,medio_alto
4,0.0,0,0.0,0,0,1,0,0,0,0,0,0,0,0,0,0,gratuito
5,75000.0,9,0.6666666666666666,2,2,1,1,0,0,0,0,1,0,0,0,0,gratuito
1,0.0,0,0.0,0,0,1,0,0,0,0,0,0,0,0,0,0,gratuito
8,10000.0,0,0.0,1,2,1,0,0,0,0,1,1,0,0,0,0,medio_alto
1,0.0,0,0.0,1,3,1,1,0,0,1,1,0,0,0,0,0,medio_baixo
2,0.0,0,0.0,1,2,1,0,0,1,0,0,0,0,0,0,1,gratuito
1,0.0,0,0.0,1,3,1,0,0,0,1,1,1,0,0,0,0,alto
10,10000.0,58,0.6551724137931034,7,4,1,0,0,1,1,0,1,1,1,0,0,baixo
1,10000.0,0,0.0,1,3,1,0,0,0,1,1,1,0,0,0,0,medio_baixo
16,150000.0,335,0.8238805970149253,1,2,1,0,0,0,1,0,0,0,0,1,0,alto
2,10000.0,10,0.9,1,2,1,0,0,0,0,1,1,0,0,0,0,alto
9,10000.0,21,0.5714285714285714,1,3,1,0,0,0,1,1,0,0,0,0,1,gratuito
1,0.0,0,0.0,0,0,1,0,0,0,0,0,0,0,0,0,0,gratuito
9,10000.0,20,0.95,1,2,1,1,0,0,1,0,0,0,0,0,0,medio_alto
5,10000.0,11,0.9090909090909091,1,3,1,0,0,0,1,1,0,1,0,0,0,baixo
7,150000.0,3594,0.9699499165275459,4,4,1,1,0,1,1,0,1,1,1,0,0,baixo
6,75000.0,693,0.7287157287157288,9,2,1,1,0,0,0,0,0,1,0,0,0,gratuito
1,10000.0,33,0.7575757575757576,8,2,1,0,0,0,1,0,0,0,0,1,0,alto
8,10000.0,13,0.8461538461538461,1,1,1,1,1,0,0,0,0,1,0,0,0,medio_alto
3,35000.0,5,0.4,1,3,1,0,0,0,1,1,1,0,0,0,0,baixo
3,0.0,0,0.0,103,4,1,0,0,0,1,1,1,1,0,0,0,medio_baixo
6,10000.0,9,0.5555555555555556,2,5,1,0,0,0,1,1,1,1,0,1,0,medio_baixo
3,10000.0,114,0.7807017543859649,4,1,1,1,0,1,0,0,0,0,0,1,0,alto
7,10000.0,6,0.6666666666666666,1,4,1,0,0,0,1,1,0,0,0,0,1,baixo
7,10000.0,24,0.625,3,3,1,0,0,0,1,1,1,0,0,0,0,baixo
2,10000.0,14,0.9285714285714286,3,3,1,0,0,0,1,0,0,0,0,1,0,medio_alto
4,10000.0,3,1.0,2,2,1,0,0,0,0,0,0,1,0,1,0,alto
7,10000.0,130,0.8461538461538461,1,1,1,0,0,0,0,0,0,0,0,0,1,baixo
11,10000.0,56,0.8392857142857143,6,4,1,0,0,0,0,0,1,1,0,1,1,baixo
6,10000.0,0,0.0,1,3,1,0,0,0,1,1,0,0,0,0,0,alto
6,10000.0,67,0.6716417910447762,1,4,1,0,0,0,0,1,1,0,1,0,0,alto
3,10000.0,1,1.0,1,4,1,0,0,0,1,1,1,0,0,0,0,medio_baixo
8,35000.0,70,0.9428571428571428,14,2,1,1,0,0,0,0,1,1,0,0,0,alto
1,10000.0,0,0.0,1,3,1,0,0,0,1,1,0,0,0,0,1,alto
7,10000.0,11,0.5454545454545454,1,5,1,0,0,0,1,0,0,1,0,1,1,medio_alto
2,35000.0,1214,0.9703459637561779,11,3,1,0,0,14,1,1,1,0,0,0,0,alto
2,10000.0,12,0.9166666666666666,1,5,1,0,0,0,1,1,1,1,0,0,0,medio_alto
1,10000.0,0,0.0,2,3,1,1,1,0,1,0,0,1,0,1,0,baixo
3,10000.0,0,0.0,1,5,1,0,0,0,1,0,1,1,0,0,0,gratuito
5,35000.0,382,0.9031413612565445,4,3,1,0,0,0,1,0,1,0,1,0,0,alto
4,10000.0,2,0.0,1,3,1,0,0,0,1,1,1,0,0,0,0,medio_baixo
8,10000.0,81,0.9382716049382716,12,4,1,0,0,0,1,0,0,1,0,1,1,baixo
1,10000.0,0,0.0,3,4,1,0,0,1,1,0,0,1,1,0,1,medio_baixo
9,750000.0,5238,0.8255059182894234,11,2,1,0,0,1,0,1,0,0,0,0,0,gratuito
5,350000.0,353,0.7223796033994334,9,3,1,1,0,0,1,1,0,0,0,0,0,gratuito
1,0.0,0,0.0,3,2,1,0,0,0,0,0,1,0,1,0,0,medio_baixo
1,10000.0,1,1.0,1,1,1,1,1,0,0,0,1,0,0,0,0,medio_alto
17,1500000.0,6956,0.9084243818286372,1,1,1,1,0,0,0,0,0,0,1,0,0,medio_baixo
6,10000.0,21,0.8571428571428571,9,3,1,0,0,0,1,1,0,0,1,0,0,alto
3,10000.0,0,0.0,103,5,1,0,0,0,1,0,1,1,1,1,0,baixo
1,10000.0,0,0.0,1,5,1,0,0,0,0,1,1,1,1,0,0,medio_alto
3,10000.0,1,1.0,1,6,1,1,0,0,1,1,1,0,0,0,1,alto
2,150000.0,2675,0.983177570093458,3,2,1,0,0,0,1,0,1,0,0,0,0,gratuito
2,10000.0,274,0.7518248175182481,11,3,1,0,0,1,1,1,1,0,0,0,0,alto
4,150000.0,564,0.7127659574468085,4,4,1,0,0,0,1,0,1,1,0,0,0,gratuito
5,35000.0,541,0.7578558225508318,4,2,1,0,0,1,0,1,1,0,0,0,0,medio_alto
6,10000.0,0,0.0,1,5,1,1,1,0,1,1,1,1,1,0,0,alto
4,10000.0,7766,0.23461241308266803,14,1,1,0,0,1,0,1,0,0,0,0,0,alto
10,10000.0,40,0.75,8,3,1,1,1,1,1,1,0,0,0,0,0,alto
5,10000.0,2,0.5,1,2,1,0,0,0,0,0,0,0,1,1,0,medio_alto
2,10000.0,9,0.8888888888888888,1,3,1,0,0,0,0,0,0,1,1,0,1,medio_alto
3,0.0,0,0.0,1,2,1,0,0,0,1,1,0,0,0,0,0,gratuito
5,10000.0,6,0.6666666666666666,13,3,1,0,0,0,1,0,0,1,0,1,0,medio_baixo
3,10000.0,1,1.0,1,4,1,0,0,0,1,0,1,1,1,0,0,medio_baixo
6,150000.0,872,0.8360091743119266,9,4,1,0,0,1,1,0,1,1,0,1,0,medio_baixo
5,35000.0,591,0.6277495769881557,12,1,1,1,0,0,0,0,1,0,0,0,0,medio_baixo
3,10000.0,46,0.9347826086956522,6,3,1,1,0,0,1,1,0,0,1,0,0,medio_baixo
6,10000.0,3,1.0,1,3,1,0,0,0,1,1,0,1,0,0,0,baixo
1,0.0,0,0.0,1,2,1,0,0,0,0,0,0,1,0,0,0,gratuito
3,0.0,0,0.0,0,0,1,0,0,0,0,0,0,0,0,0,0,gratuito
6,10000.0,0,0.0,6,5,1,0,0,0,1,1,0,1,0,1,1,baixo
9,35000.0,133,0.7744360902255639,3,3,1,1,1,0,1,1,1,0,0,0,0,baixo
4,0.0,0,0.0,0,0,1,0,0,0,0,0,0,0,0,0,0,gratuito
3,10000.0,22,0.18181818181818182,1,3,1,0,0,0,1,1,1,0,0,0,0,alto
3,10000.0,43,0.9069767441860465,1,2,1,0,0,0,0,0,0,0,0,0,1,alto
7,10000.0,9,0.7777777777777778,1,2,1,0,0,0,0,0,0,0,0,1,1,gratuito
11,35000.0,126,0.6984126984126984,1,2,1,1,0,1,1,0,1,0,0,0,0,baixo
2,10000.0,0,0.0,12,2,1,0,0,0,1,0,0,0,0,1,0,baixo
4,35000.0,11,0.9090909090909091,1,2,1,1,1,0,1,1,0,0,0,0,0,baixo
8,10000.0,2,1.0,1,1,1,0,0,0,1,0,0,0,0,0,0,medio_baixo
7,10000.0,3,1.0,1,1,1,0,0,0,1,0,0,0,0,0,0,medio_baixo
5,10000.0,0,0.0,1,2,1,0,0,2,1,0,0,1,0,0,0,baixo
1,10000.0,0,0.0,1,3,1,0,0,0,1,0,0,1,0,0,1,medio_alto
9,10000.0,33,0.6666666666666666,1,1,1,0,0,0,1,0,0,0,0,0,0,baixo
1,0.0,0,0.0,1,3,1,0,0,0,1,1,0,0,0,0,0,baixo
1,10000.0,0,0.0,1,2,1,0,0,0,0,0,1,0,1,0,0,medio_baixo
5,10000.0,0,0.0,3,4,1,1,0,0,1,1,1,0,1,0,0,gratuito
1,35000.0,1339,0.8760268857356236,15,3,1,1,1,0,1,0,1,0,0,0,1,medio_baixo
3,10000.0,0,0.0,4,1,1,0,0,0,0,0,0,1,0,0,0,medio_alto
9,10000.0,1,1.0,1,3,1,0,0,0,1,1,0,1,0,0,0,medio_alto
7,75000.0,1428,0.8515406162464986,1,1,1,0,0,26,0,0,0,0,0,0,1,alto
1,10000.0,89,0.449438202247191,1,5,1,0,0,0,0,1,1,0,1,0,1,alto
2,10000.0,2,1.0,10,2,1,0,0,0,1,1,0,0,0,0,0,medio_alto
3,10000.0,2,0.5,3,2,1,0,0,0,1,1,0,0,0,0,0,medio_baixo
6,10000.0,0,0.0,2,1,1,1,1,0,1,0,0,0,0,0,0,medio_baixo
1,10000.0,0,0.0,12,2,1,0,0,3,0,0,1,1,0,0,0,alto
1,10000.0,0,0.0,1,2,1,1,1,0,1,0,1,0,0,0,0,medio_alto
10,35000.0,53,0.1509433962264151,1,3,1,0,0,0,1,0,1,1,0,0,0,gratuito
5,35000.0,36,0.5833333333333334,2,4,1,0,0,0,1,0,1,1,0,0,1,baixo
3,10000.0,72,0.75,15,2,1,0,0,1,0,0,0,1,0,0,1,baixo
5,150000.0,26,0.46153846153846156,3,3,1,0,0,0,1,0,0,0,1,1,0,medio_alto
3,0.0,0,0.0,15,4,1,0,1,0,1,1,0,1,1,0,0,gratuito
9,10000.0,4,0.75,15,2,1,0,0,0,1,0,0,1,0,0,0,baixo
4,10000.0,0,0.0,1,4,1,0,0,0,0,1,1,0,1,0,1,medio_baixo
10,10000.0,61,0.36065573770491804,1,3,1,0,0,0,1,0,0,0,0,1,1,medio_alto
8,10000.0,43,0.9302325581395349,4,3,1,0,0,1,1,1,0,1,0,0,0,alto
9,10000.0,12,0.4166666666666667,1,7,1,0,0,3,1,0,1,1,1,1,1,baixo
1,10000.0,0,0.0,1,1,1,0,0,0,0,0,0,0,1,0,0,alto
5,75000.0,1445,0.9529411764705882,1,5,1,0,0,0,1,1,1,0,1,0,0,alto
2,10000.0,173,0.8323699421965318,10,3,1,1,1,0,1,1,0,1,0,0,0,baixo
8,10000.0,7,0.42857142857142855,1,1,1,0,0,0,0,0,0,0,0,0,1,medio_baixo
2,10000.0,724,0.8715469613259669,5,3,1,0,0,2,1,0,1,0,0,1,0,alto
5,10000.0,0,0.0,1,2,1,0,0,0,1,0,0,1,0,0,0,baixo
1,10000.0,0,0.0,8,1,1,0,1,0,0,0,1,0,0,0,0,medio_alto
6,10000.0,26,0.9615384615384616,1,4,1,0,0,0,1,1,0,0,1,0,0,alto
6,10000.0,8,1.0,2,3,1,0,0,0,1,1,1,0,0,0,0,medio_alto
8,10000.0,41,0.43902439024390244,2,4,1,0,0,1,1,0,1,1,0,0,0,baixo
3,10000.0,14,1.0,5,2,1,1,1,0,0,1,0,0,0,0,1,medio_alto
12,35000.0,792,0.7222222222222222,6,3,1,0,0,0,1,0,0,0,1,0,0,gratuito
4,10000.0,6,0.8333333333333334,1,3,1,0,0,0,0,0,1,0,1,0,0,gratuito
1,10000.0,0,0.0,7,4,1,0,0,0,0,1,0,1,1,1,0,medio_alto
6,10000.0,21,0.9047619047619048,1,2,1,0,0,0,0,0,1,0,0,0,0,gratuito
9,75000.0,6,0.16666666666666666,1,3,1,0,0,5,1,0,0,1,0,1,0,baixo
8,10000.0,13,1.0,1,2,1,0,0,1,1,1,0,0,0,0,0,medio_alto
5,10000.0,0,0.0,29,2,1,0,0,1,1,0,0,1,0,0,0,baixo
9,35000.0,55,0.509090909090909,2,2,1,0,0,0,0,0,0,0,0,1,0,gratuito
2,10000.0,7,0.7142857142857143,2,3,1,0,0,0,1,0,1,0,0,0,0,medio_baixo
2,10000.0,4,1.0,1,2,1,0,0,0,0,1,0,1,0,0,0,baixo
2,10000.0,9,0.6666666666666666,7,2,1,0,0,0,1,0,1,0,0,0,0,medio_alto
4,10000.0,28,0.8571428571428571,1,2,1,0,0,0,1,0,1,0,0,0,0,gratuito
4,10000.0,93,0.967741935483871,1,5,1,0,0,0,1,0,1,1,1,0,1,medio_baixo
5,10000.0,4,0.25,1,3,1,0,0,0,1,1,0,1,0,0,0,baixo
1,0.0,0,0.0,0,0,1,0,0,0,0,0,0,0,0,0,0,gratuito
6,10000.0,0,0.0,2,2,1,0,0,0,0,0,0,1,0,0,1,alto
6,10000.0,7,0.8571428571428571,1,3,1,0,0,1,1,1,0,1,0,0,0,medio_alto
11,75000.0,184,0.44021739130434784,1,2,1,1,1,0,0,0,0,0,0,1,1,medio_alto
1,0.0,0,0.0,1,3,1,0,0,0,1,1,0,0,0,0,0,gratuito
2,10000.0,0,0.0,7,1,1,0,0,1,0,0,0,1,0,0,0,medio_baixo
7,10000.0,1,1.0,2,1,1,0,0,0,0,0,0,0,0,0,0,alto
8,10000.0,14,0.9285714285714286,1,3,1,0,0,0,1,0,0,1,0,1,0,medio_baixo
7,10000.0,1274,0.9324960753532182,9,3,1,0,0,0,1,0,0,1,0,0,1,medio_alto
6,10000.0,3,1.0,1,3,1,0,0,0,1,1,1,0,0,0,0,alto
6,35000.0,240,0.5083333333333333,2,3,1,0,0,0,1,0,0,1,0,0,1,medio_baixo
3,10000.0,11,1.0,1,1,1,0,0,0,0,1,0,0,0,0,0,alto
7,150000.0,284,0.6866197183098591,1,1,1,1,0,0,0,0,0,0,0,0,0,gratuito
7,10000.0,22,0.2727272727272727,2,1,1,1,0,0,1,0,0,0,0,0,0,baixo
6,10000.0,169,0.9585798816568047,4,3,1,1,1,0,1,0,1,1,0,0,0,medio_alto
2,10000.0,0,0.0,1,2,1,1,1,0,1,0,0,0,1,0,0,medio_baixo
7,10000.0,5,0.2,1,5,1,0,0,0,1,0,0,1,0,1,1,baixo
2,0.0,0,0.0,0,0,1,0,0,0,0,0,0,0,0,0,0,gratuito
19,750000.0,1088,0.6259191176470589,1,1,1,0,0,0,0,1,0,0,0,0,0,medio_baixo
7,10000.0,15,0.5333333333333333,1,7,1,0,0,0,1,1,1,1,1,1,1,medio_alto
10,10000.0,60,0.6666666666666666,1,3,1,0,0,0,1,0,1,1,0,0,0,baixo
3,35000.0,1,0.0,2,2,1,0,0,0,0,1,0,1,0,0,0,medio_alto
9,35000.0,767,0.8383311603650587,1,2,1,0,0,1,1,0,0,1,0,0,0,baixo
12,10000.0,105,0.7904761904761904,10,3,1,0,0,0,0,1,1,0,0,0,0,medio_alto
2,10000.0,2,1.0,1,4,1,0,0,0,1,0,1,0,0,1,1,baixo
1,0.0,0,0.0,1,4,1,0,0,0,1,1,0,1,1,0,0,medio_baixo
2,0.0,0,0.0,1,5,1,1,1,0,1,0,1,0,1,0,0,gratuito
8,10000.0,1,1.0,1,2,1,0,0,0,1,0,0,1,0,0,0,baixo
7,35000.0,4,1.0,1,2,1,0,0,0,1,0,0,1,0,0,0,baixo
7,10000.0,90,0.9444444444444444,1,3,1,1,1,2,1,0,0,0,1,1,0,alto
9,10000.0,6,0.5,1,4,1,0,0,0,0,1,0,0,0,1,0,alto
4,0.0,0,0.0,1,1,1,0,0,0,0,0,0,0,0,0,0,gratuito
1,10000.0,0,0.0,1,5,1,0,0,0,1,1,0,1,0,1,0,medio_alto
3,35000.0,8,0.625,1,2,1,1,0,0,0,0,0,1,0,1,0,baixo
11,3500000.0,23844,0.7094447240395907,11,2,1,0,0,0,0,0,0,0,0,1,0,gratuito
10,35000.0,631,0.8541996830427893,11,3,1,0,0,1,1,1,1,0,0,0,0,alto
6,10000.0,447,0.8456375838926175,1,3,1,0,1,2,0,0,0,0,1,1,0,gratuito
2,10000.0,0,0.0,1,3,1,1,1,0,1,0,1,0,0,0,1,medio_alto
6,10000.0,28,0.5714285714285714,1,3,1,1,0,0,0,1,1,0,0,0,1,medio_alto
8,10000.0,22,0.7272727272727273,1,2,1,0,0,0,1,0,0,1,0,0,0,gratuito
9,10000.0,165,0.7515151515151515,1,1,1,0,0,1,0,0,1,0,0,0,0,gratuito
5,35000.0,50,0.52,1,3,1,0,0,0,1,1,0,0,1,0,0,medio_alto
2,10000.0,5,1.0,19,3,1,1,0,0,1,0,1,1,0,0,0,baixo
7,35000.0,25,0.8,1,1,1,0,0,0,0,0,0,1,0,0,0,medio_baixo
3,10000.0,7,0.8571428571428571,1,4,1,0,0,0,1,0,0,1,0,1,1,baixo
7,10000.0,46,0.9347826086956522,1,2,1,0,0,0,1,0,0,1,0,0,0,baixo
5,10000.0,19,0.9473684210526315,1,1,1,0,0,0,0,1,0,0,0,0,0,baixo
1,0.0,0,0.0,9,3,1,0,0,0,1,0,1,0,0,0,1,medio_baixo
9,350000.0,5232,0.8683103975535168,4,2,1,0,0,3,1,0,0,0,0,1,0,medio_alto
3,10000.0,23,0.8260869565217391,12,2,1,0,0,1,1,0,0,1,0,0,0,baixo
2,10000.0,0,0.0,1,3,1,0,0,0,1,0,1,0,0,0,0,gratuito
3,10000.0,18,0.7777777777777778,1,2,1,0,0,0,0,1,1,0,0,0,0,medio_alto
1,75000.0,3710,0.9264150943396227,22,3,1,1,0,4,1,0,0,1,0,0,1,alto
2,0.0,0,0.0,0,0,1,0,0,0,0,0,0,0,0,0,0,gratuito
4,10000.0,0,0.0,1,3,1,1,1,1,1,0,1,0,1,0,0,medio_alto
4,10000.0,35,0.8,1,3,1,0,0,0,1,1,1,0,0,0,0,baixo
4,10000.0,85,0.4235294117647059,6,1,1,0,0,1,0,1,0,0,0,0,0,medio_alto
6,10000.0,31,0.6129032258064516,1,2,1,0,0,0,0,0,1,1,0,0,0,baixo
1,0.0,0,0.0,0,0,1,0,0,0,0,0,0,0,0,0,0,gratuito
3,0.0,0,0.0,0,0,1,0,0,0,0,0,0,0,0,0,0,gratuito
3,35000.0,5,0.8,1,1,1,1,1,0,0,0,0,0,1,0,0,medio_alto
10,10000.0,22,0.9545454545454546,1,2,1,0,0,0,1,0,0,1,0,0,0,medio_baixo
7,75000.0,188,0.898936170212766,5,2,1,1,1,1,1,0,1,0,0,0,0,baixo
1,10000.0,0,0.0,1,3,1,0,0,0,1,1,0,1,0,0,0,baixo
3,35000.0,1,1.0,1,2,1,0,0,0,1,1,0,0,0,0,0,alto
4,75000.0,12,0.6666666666666666,1,3,1,0,0,0,1,0,1,1,0,0,0,medio_baixo
1,0.0,0,0.0,0,0,1,0,0,0,0,0,0,0,0,0,0,gratuito
10,35000.0,75,0.9466666666666667,1,2,1,1,1,0,1,0,1,0,0,0,0,medio_alto
1,10000.0,0,0.0,9,4,1,0,0,2,1,1,1,0,0,0,0,medio_baixo
1,0.0,0,0.0,1,2,1,0,0,0,0,0,0,1,0,0,0,alto
4,150000.0,1861,0.7759269210102095,7,3,1,0,0,10,0,0,1,0,1,0,1,alto
8,10000.0,6,0.6666666666666666,3,2,1,0,0,0,0,1,0,0,0,0,1,medio_baixo
8,10000.0,25,0.56,1,3,1,0,0,0,1,0,0,1,0,0,1,baixo
1,0.0,0,0.0,0,0,1,0,0,0,0,0,0,0,0,0,0,gratuito
9,35000.0,248,0.7459677419354839,1,3,1,0,0,0,1,1,0,0,0,0,1,medio_alto
7,10000.0,7,0.7142857142857143,1,3,1,0,0,0,1,0,1,1,0,0,0,medio_baixo
6,10000.0,65,0.8923076923076924,3,2,1,0,0,1,1,0,1,0,0,0,0,medio_baixo
3,10000.0,0,0.0,1,2,1,0,0,0,1,0,0,1,0,0,0,baixo
3,10000.0,9,0.6666666666666666,1,3,1,0,0,0,1,0,1,0,0,0,1,medio_baixo
3,0.0,0,0.0,0,0,1,0,0,0,0,0,0,0,0,0,0,gratuito
4,10000.0,34,0.7058823529411765,1,4,1,1,0,0,1,0,1,1,0,0,1,baixo
10,10000.0,17,0.8823529411764706,1,2,1,0,0,0,1,1,0,0,0,0,0,medio_baixo
5,10000.0,6,0.3333333333333333,1,3,1,0,0,0,1,0,1,1,0,0,0,alto
2,10000.0,22,0.9545454545454546,7,3,1,0,0,0,1,0,1,1,0,0,0,medio_alto
5,10000.0,8,0.875,3,5,1,0,0,0,1,1,1,1,0,0,0,medio_alto
1,0.0,0,0.0,1,3,1,0,0,0,1,1,0,0,0,0,0,gratuito
1,10000.0,0,0.0,1,3,1,1,0,0,0,0,1,0,1,1,0,medio_alto
1,10000.0,25,0.96,1,3,1,0,0,0,1,1,1,0,0,0,0,alto
3,10000.0,15,0.4666666666666667,10,4,1,0,0,0,1,0,0,1,0,0,1,medio_alto
1,10000.0,0,0.0,3,2,1,1,0,0,0,0,1,1,0,0,0,medio_alto
8,10000.0,9,0.4444444444444444,1,3,1,0,0,0,1,1,0,0,0,0,0,baixo
5,10000.0,27,0.8888888888888888,12,3,1,1,1,0,1,1,0,0,0,0,0,medio_alto
1,10000.0,0,0.0,4,2,1,0,0,0,0,0,1,0,1,0,0,baixo
3,10000.0,0,0.0,1,3,1,0,0,0,0,1,1,1,0,0,0,medio_alto
1,10000.0,0,0.0,11,3,1,0,0,0,1,0,0,1,0,0,1,medio_alto
7,10000.0,3,1.0,1,3,1,1,1,0,0,1,1,1,0,0,0,medio_baixo
4,10000.0,3,1.0,1,1,1,0,0,1,0,1,0,0,0,0,0,medio_alto
6,10000.0,8,0.5,1,2,1,0,0,0,1,0,0,1,0,0,0,baixo
2,35000.0,916,0.7216157205240175,13,3,1,0,0,1,1,0,0,0,0,1,1,alto
3,10000.0,33,0.7575757575757576,10,3,1,0,0,0,1,0,1,1,0,0,0,baixo
8,10000.0,29,0.7241379310344828,2,3,1,1,1,0,1,0,0,0,1,1,0,medio_baixo
1,10000.0,2,0.5,3,2,1,0,0,1,1,0,0,1,0,0,0,baixo
3,10000.0,14,0.7857142857142857,3,3,1,1,1,0,1,0,0,1,0,0,0,medio_alto
2,10000.0,1,0.0,1,2,1,0,0,0,1,0,0,0,0,0,1,medio_baixo
2,350000.0,5384,0.9834695393759286,10,2,1,0,0,1,1,1,0,0,0,0,0,alto
4,10000.0,4,0.75,1,2,1,0,0,0,0,1,1,0,0,0,0,baixo
1,0.0,0,0.0,1,2,1,0,0,0,0,1,1,0,0,0,0,medio_alto
3,10000.0,86,0.9302325581395349,1,4,1,0,0,0,1,1,1,0,1,0,0,baixo
2,10000.0,2,1.0,2,3,1,0,0,0,1,0,1,0,1,0,0,medio_baixo
4,10000.0,0,0.0,1,2,1,0,0,0,1,0,0,1,0,0,0,alto
9,10000.0,30,0.7333333333333333,9,3,1,0,0,0,1,1,0,1,0,0,0,alto
4,10000.0,17,0.7647058823529411,1,3,1,0,0,0,1,1,0,1,0,0,0,gratuito
1,0.0,0,0.0,1,4,1,0,0,0,1,1,0,1,0,0,0,gratuito
5,150000.0,84,0.7976190476190477,2,3,1,0,0,1,0,0,1,0,1,0,0,gratuito
13,150000.0,197,0.8121827411167513,1,3,1,1,0,0,1,0,0,0,1,1,0,medio_baixo
5,10000.0,28,0.7857142857142857,1,2,1,1,1,1,1,0,0,1,0,0,0,medio_alto
6,10000.0,34,0.7941176470588235,1,2,1,0,0,0,1,1,0,0,0,0,0,baixo
1,10000.0,18,0.9444444444444444,1,2,1,0,0,3,1,0,0,1,0,0,0,medio_baixo
10,10000.0,14,0.7142857142857143,1,3,1,0,0,0,0,1,0,1,0,0,1,baixo
1,10000.0,62,0.9516129032258065,1,3,1,0,0,0,1,0,0,1,0,0,1,alto
9,10000.0,33,0.7272727272727273,1,3,1,0,0,0,1,1,0,0,1,0,0,gratuito
5,10000.0,0,0.0,3,1,1,0,0,0,0,0,0,0,1,0,0,medio_alto
2,10000.0,0,0.0,1,2,1,0,0,0,1,0,0,0,1,0,0,alto
4,10000.0,10,0.9,1,3,1,1,0,0,1,1,0,1,0,0,0,gratuito
5,10000.0,34,0.7941176470588235,12,3,1,1,0,0,1,0,1,1,0,0,0,medio_alto
1,0.0,0,0.0,2,4,1,0,0,0,1,1,0,1,1,0,0,medio_alto
3,10000.0,14,1.0,1,3,1,1,1,1,1,0,0,1,0,1,0,baixo
3,10000.0,4,0.75,5,2,1,0,0,0,1,1,0,0,0,0,0,baixo
12,350000.0,1171,0.8411614005123825,1,3,1,0,0,0,1,0,0,1,0,1,0,medio_baixo
2,10000.0,137,0.9854014598540146,3,3,1,1,0,0,1,0,1,1,0,0,0,medio_alto
2,10000.0,0,0.0,1,3,1,1,0,0,1,0,0,0,1,0,0,alto
2,10000.0,36,0.8611111111111112,3,3,1,0,0,0,1,0,1,1,0,0,0,medio_alto
5,75000.0,2058,0.9455782312925171,9,3,1,1,1,1,1,0,1,1,0,0,0,medio_alto
3,0.0,0,0.0,5,6,1,1,0,0,0,0,1,1,0,1,1,gratuito
3,10000.0,8,0.875,26,1,1,0,1,0,0,0,0,1,0,0,0,baixo
6,10000.0,95,0.8105263157894737,10,4,1,1,1,1,1,1,0,1,0,0,0,medio_alto
1,10000.0,0,0.0,4,3,1,0,0,3,1,1,0,1,0,0,0,medio_alto
3,10000.0,3,1.0,1,2,1,0,0,0,1,0,0,0,0,0,1,baixo
3,35000.0,46,0.5869565217391305,2,4,1,0,0,0,1,1,1,0,0,0,1,baixo
2,10000.0,1,0.0,4,3,1,0,0,0,1,1,0,0,1,0,0,alto
1,10000.0,2,1.0,3,2,1,0,0,0,1,0,0,1,0,0,0,medio_alto
2,10000.0,3,1.0,2,3,1,0,0,0,0,0,0,1,0,1,1,medio_baixo
1,10000.0,0,0.0,1,4,1,0,0,0,1,0,1,0,1,1,0,medio_alto
10,35000.0,310,0.8870967741935484,6,1,1,0,0,0,0,1,0,0,0,0,0,medio_baixo
10,10000.0,28,0.8214285714285714,1,3,1,0,0,1,1,0,1,1,0,0,0,medio_baixo
1,0.0,0,0.0,15,3,1,0,0,0,1,0,0,1,0,0,0,medio_baixo
2,75000.0,33,0.8787878787878788,8,1,1,0,0,1,1,0,0,0,0,0,0,baixo
4,10000.0,3,0.3333333333333333,1,1,1,0,0,0,0,0,0,1,0,0,0,medio_alto
3,35000.0,545,0.9669724770642202,1,3,1,1,0,0,1,1,0,0,0,1,0,baixo
10,10000.0,10,0.9,1,5,1,0,0,0,1,1,1,1,1,0,0,medio_alto
12,35000.0,131,0.648854961832061,1,3,1,1,0,0,1,1,0,1,0,0,0,medio_alto
2,10000.0,1,0.0,1,3,1,0,0,0,1,1,1,0,0,0,0,medio_baixo
5,35000.0,8,0.75,2,3,1,0,0,0,1,1,0,0,0,0,0,medio_alto
10,150000.0,875,0.8834285714285715,2,1,1,1,1,1,0,0,1,0,0,0,0,medio_alto
1,10000.0,0,0.0,29,1,1,0,0,0,0,0,0,1,0,0,0,alto
2,10000.0,76,0.47368421052631576,12,4,1,0,0,0,1,0,1,0,0,0,1,medio_alto
5,10000.0,11,1.0,2,2,1,0,0,0,1,0,1,0,0,0,0,baixo
1,0.0,0,0.0,5,3,1,0,0,0,1,1,1,0,0,0,0,baixo
10,75000.0,68,0.5588235294117647,1,4,1,0,0,0,1,1,0,1,0,1,0,baixo
5,0.0,0,0.0,0,0,1,0,0,0,0,0,0,0,0,0,0,gratuito
6,150000.0,4457,0.809064393089522,11,2,1,1,1,7,1,1,0,0,0,0,0,alto
1,0.0,0,0.0,1,4,1,0,0,0,1,0,1,1,0,0,0,medio_baixo
4,10000.0,98,0.7551020408163265,1,3,1,0,0,0,0,0,1,0,1,1,0,baixo
7,10000.0,7,1.0,2,2,1,1,0,0,1,0,0,0,1,0,0,medio_baixo
5,75000.0,1115,0.7883408071748879,8,1,1,0,0,1,0,1,0,0,0,0,0,alto
11,35000.0,130,0.8153846153846154,1,3,1,1,1,1,1,1,1,0,0,0,0,alto
1,10000.0,0,0.0,1,6,1,0,0,0,1,0,0,1,1,1,1,gratuito
1,0.0,0,0.0,1,3,1,1,0,0,1,0,0,0,0,0,1,gratuito
2,10000.0,0,0.0,2,1,1,0,0,0,0,0,0,0,0,1,0,baixo
2,0.0,0,0.0,1,2,1,0,0,0,0,0,0,0,0,1,0,gratuito
3,10000.0,79,0.7848101265822784,7,1,1,0,0,0,0,0,0,0,0,0,0,medio_alto
1,0.0,0,0.0,1,1,1,0,1,0,1,0,0,0,0,0,0,medio_alto
3,10000.0,7,1.0,2,2,1,0,0,0,1,0,1,0,0,0,0,medio_baixo
1,0.0,0,0.0,2,2,1,0,0,0,1,0,0,0,0,1,0,medio_baixo
4,10000.0,6,1.0,1,4,1,0,0,1,1,1,1,1,0,0,0,baixo
2,10000.0,22,0.9090909090909091,1,3,1,0,0,0,1,1,1,0,0,0,0,medio_baixo
3,10000.0,0,0.0,1,4,1,0,0,0,1,1,1,1,0,0,0,medio_baixo
8,10000.0,86,0.6511627906976745,1,2,1,0,0,0,1,0,1,0,0,0,0,medio_baixo
9,10000.0,105,0.8761904761904762,1,3,1,0,0,0,1,0,0,1,0,1,0,medio_baixo
8,10000.0,8,0.75,1,2,1,1,1,0,1,0,0,1,0,0,0,gratuito
5,10000.0,13,0.6923076923076923,103,3,1,0,0,0,1,0,1,1,0,0,0,baixo
11,35000.0,16,0.75,7,2,1,0,0,0,0,1,0,0,0,1,0,gratuito
8,35000.0,10,0.5,2,1,1,1,0,0,0,0,0,1,0,0,0,baixo
6,75000.0,16,0.375,1,6,1,0,0,0,1,1,1,1,0,1,1,baixo
3,35000.0,188,0.7819148936170213,3,2,1,0,0,0,1,0,0,0,1,0,0,alto
2,0.0,0,0.0,0,0,1,0,0,0,0,0,0,0,0,0,0,gratuito
3,75000.0,707,0.751060820367751,10,3,1,0,1,1,1,0,0,0,1,1,0,alto
18,150000.0,653,0.7166921898928025,5,2,1,0,0,0,0,0,1,0,1,0,0,baixo
3,10000.0,21,0.6666666666666666,1,6,1,1,0,0,1,0,1,1,1,1,1,alto
2,0.0,0,0.0,2,4,1,0,0,0,1,0,1,1,0,0,0,gratuito
3,10000.0,0,0.0,1,2,1,0,1,0,1,0,0,0,0,0,1,alto
2,10000.0,0,0.0,1,5,1,0,0,0,1,1,1,1,0,0,0,baixo
1,0.0,0,0.0,103,2,1,0,0,0,1,0,0,1,0,0,0,baixo
1,0.0,0,0.0,1,4,1,0,0,0,1,1,0,0,0,1,0,gratuito
4,35000.0,732,0.9740437158469946,3,1,1,0,0,0,0,0,1,0,0,0,0,alto
4,35000.0,1,1.0,1,1,1,0,0,0,0,1,0,0,0,0,0,baixo
1,10000.0,0,0.0,10,4,1,0,0,0,1,1,0,0,0,0,0,medio_baixo
5,0.0,0,0.0,10,3,1,1,1,0,0,1,0,0,0,0,0,gratuito
2,10000.0,0,0.0,1,1,1,0,0,0,0,0,0,1,0,0,0,medio_alto
4,10000.0,0,0.0,2,3,1,0,0,0,1,0,0,1,1,0,0,medio_baixo
1,0.0,0,0.0,0,0,1,0,0,0,0,0,0,0,0,0,0,gratuito
9,10000.0,7,0.7142857142857143,10,3,1,0,0,0,1,0,1,0,1,0,0,baixo
8,10000.0,0,0.0,1,3,1,1,0,0,1,1,0,1,0,0,0,medio_alto
5,75000.0,786,0.7213740458015268,8,1,1,0,0,0,0,1,0,0,0,0,0,alto
3,10000.0,0,0.0,30,2,1,0,0,0,1,0,0,1,0,0,0,baixo
5,10000.0,9,1.0,3,4,1,0,0,0,1,1,0,1,0,0,0,baixo
2,10000.0,15,0.4666666666666667,1,1,1,0,0,0,0,0,0,0,0,0,1,alto
2,10000.0,0,0.0,1,3,1,0,0,0,1,0,0,0,0,0,0,gratuito
3,0.0,0,0.0,1,5,1,0,0,0,1,1,1,1,0,0,0,gratuito
5,10000.0,12,1.0,1,3,1,0,0,0,1,0,0,1,0,1,0,medio_baixo
5,10000.0,930,0.9494623655913978,18,3,1,0,1,0,1,0,0,1,0,0,1,baixo
3,0.0,0,0.0,103,3,1,0,0,0,1,0,0,1,0,1,0,baixo
1,10000.0,75,1.0,7,4,1,0,0,0,1,1,1,1,0,0,0,alto
2,0.0,0,0.0,0,0,1,0,0,0,0,0,0,0,0,0,0,gratuito
3,0.0,0,0.0,2,2,1,0,0,0,1,0,0,0,0,1,0,gratuito
5,10000.0,7,0.8571428571428571,1,4,1,0,0,0,1,1,1,1,0,0,0,baixo
3,10000.0,42,0.9761904761904762,3,1,1,0,0,0,0,0,1,0,0,0,0,medio_alto
9,10000.0,7,1.0,1,2,1,0,0,0,0,0,0,0,0,1,1,gratuito
1,0.0,0,0.0,0,0,1,0,0,0,0,0,0,0,0,0,0,gratuito
4,10000.0,50,0.84,15,2,1,0,0,1,1,0,0,1,0,0,0,baixo
1,0.0,0,0.0,5,3,1,0,0,0,0,0,1,0,1,0,0,gratuito
5,10000.0,1,0.0,2,2,1,0,0,0,0,0,0,0,0,0,0,alto
5,10000.0,4,1.0,7,2,1,0,0,0,1,1,0,0,0,0,0,medio_baixo
8,10000.0,11,0.8181818181818182,1,2,1,1,0,0,1,0,1,0,0,0,0,medio_baixo
6,10000.0,4,0.5,3,4,1,0,0,0,1,0,1,0,1,0,0,alto
3,10000.0,6,0.16666666666666666,1,3,1,0,0,0,0,0,1,0,1,0,0,alto
1,0.0,0,0.0,0,0,1,0,0,0,0,0,0,0,0,0,0,gratuito
1,10000.0,0,0.0,4,2,1,0,0,0,1,0,0,1,0,0,0,medio_alto
8,10000.0,40,0.625,7,3,1,0,0,0,1,0,1,1,0,0,0,medio_alto
2,10000.0,305,0.9704918032786886,19,2,1,0,0,0,1,0,0,1,0,0,0,baixo
5,0.0,0,0.0,11,3,1,0,0,1,1,0,1,1,0,0,0,baixo
1,10000.0,0,0.0,2,3,1,0,0,0,1,0,0,1,0,0,1,medio_alto
3,0.0,0,0.0,103,3,1,1,1,0,1,0,0,1,0,1,0,baixo
4,10000.0,14,0.5714285714285714,2,2,1,0,0,0,1,0,0,1,0,0,0,alto
2,150000.0,14,1.0,1,2,1,0,0,0,1,0,0,0,1,0,0,medio_alto
2,10000.0,2,0.0,2,3,1,0,1,0,1,1,1,0,0,0,0,baixo
4,10000.0,2,0.0,1,2,1,1,0,0,1,0,0,0,0,1,0,alto
1,10000.0,0,0.0,1,2,1,0,0,0,1,0,0,1,0,0,0,medio_baixo
5,10000.0,12,0.5833333333333334,1,5,1,0,0,0,1,0,1,1,1,0,1,alto
8,10000.0,44,0.7045454545454546,1,3,1,0,0,0,1,1,1,0,0,0,0,alto
6,10000.0,38,0.47368421052631576,2,3,1,0,0,0,1,0,0,1,0,0,0,gratuito
2,0.0,0,0.0,1,3,1,0,0,0,1,0,0,1,0,0,0,gratuito
8,10000.0,5,0.4,1,3,1,0,0,0,1,1,0,1,0,0,0,medio_alto
9,35000.0,205,0.7365853658536585,1,5,1,1,0,0,1,0,1,0,1,1,0,gratuito
2,10000.0,157,0.6942675159235668,11,4,1,0,0,0,1,1,0,1,1,0,0,medio_baixo
2,10000.0,3,0.0,5,6,1,0,0,0,1,1,1,1,0,0,1,medio_baixo
8,10000.0,56,0.9107142857142857,1,3,1,1,0,0,1,0,1,1,0,0,0,alto
7,10000.0,8,0.875,2,1,1,0,0,0,0,0,0,0,0,0,0,medio_baixo
1,35000.0,477,0.8280922431865828,1,3,1,1,1,2,1,1,1,0,0,0,0,alto
4,35000.0,241,0.8257261410788381,1,2,1,0,0,0,0,0,0,0,0,0,1,medio_alto
2,0.0,0,0.0,0,0,1,0,0,0,0,0,0,0,0,0,0,gratuito
5,10000.0,2,1.0,1,4,1,0,0,0,1,1,1,0,0,0,0,medio_alto
1,10000.0,1,1.0,1,2,1,0,0,0,0,0,0,1,1,0,0,alto
9,10000.0,14,0.14285714285714285,1,1,1,0,0,0,0,0,1,0,0,0,0,baixo
2,0.0,0,0.0,1,1,1,0,0,0,1,0,0,0,0,0,0,gratuito
4,0.0,0,0.0,0,0,1,0,0,0,0,0,0,0,0,0,0,gratuito
2,10000.0,12,0.9166666666666666,1,4,1,0,0,0,1,1,0,1,0,0,0,baixo
1,0.0,0,0.0,1,2,1,0,0,0,1,1,0,0,0,0,0,baixo
1,10000.0,0,0.0,1,3,1,0,0,0,1,0,1,1,0,0,0,alto
7,10000.0,14,0.7857142857142857,1,2,1,1,1,0,1,0,1,0,0,0,0,medio_baixo
2,35000.0,4,0.75,1,3,1,0,0,0,1,1,0,0,0,1,0,baixo
1,0.0,0,0.0,0,0,1,0,0,0,0,0,0,0,0,0,0,gratuito
3,0.0,0,0.0,19,1,1,0,0,0,0,0,0,0,0,1,0,gratuito
11,35000.0,336,0.7916666666666666,1,3,1,1,1,1,1,0,0,0,1,1,0,medio_alto
9,10000.0,4,0.75,2,2,1,0,0,0,1,0,0,0,0,0,0,medio_alto
8,75000.0,128,0.6328125,9,2,1,1,0,0,1,1,0,0,0,0,0,baixo
1,0.0,0,0.0,12,2,1,0,0,0,0,1,1,0,0,0,0,medio_alto
5,35000.0,297,0.9191919191919192,1,4,1,1,1,2,1,0,0,0,1,0,1,gratuito
8,10000.0,35,0.9142857142857143,1,6,1,0,0,1,1,0,1,1,1,1,1,medio_baixo
6,10000.0,2,1.0,2,3,1,0,0,0,1,0,0,0,0,0,0,alto
4,35000.0,8,1.0,1,2,1,1,0,0,1,1,0,0,0,0,0,medio_baixo
6,10000.0,10,1.0,1,3,1,0,0,0,0,1,0,0,0,0,1,medio_alto
1,0.0,0,0.0,27,3,1,0,0,1,1,0,0,1,0,0,0,gratuito
2,10000.0,120,0.8583333333333333,11,2,1,0,0,0,0,0,1,1,0,0,0,alto
2,10000.0,11,1.0,1,1,1,1,0,0,0,0,0,1,0,0,0,medio_baixo
2,10000.0,1,1.0,1,2,1,0,0,0,1,1,0,0,0,0,0,baixo
3,10000.0,3,1.0,1,2,1,0,0,0,0,1,0,0,0,0,0,alto
3,10000.0,109,0.8623853211009175,5,3,1,0,0,0,1,0,0,0,1,1,0,alto
11,10000.0,2,0.5,1,3,1,0,0,0,1,1,1,0,0,0,0,baixo
4,35000.0,1,0.0,1,2,1,0,1,0,1,1,0,0,0,0,0,baixo
6,10000.0,28,0.8928571428571429,1,2,1,0,0,0,1,0,0,1,0,0,0,medio_baixo
5,75000.0,3678,0.9649265905383361,3,1,1,0,0,0,0,0,1,0,0,0,0,alto
5,10000.0,3,1.0,1,5,1,0,0,0,1,1,1,1,0,0,0,alto
11,10000.0,109,0.9541284403669725,5,2,1,1,1,0,1,1,0,0,0,0,0,alto
12,10000.0,38,0.631578947368421,6,2,1,0,0,4,0,0,0,1,0,1,0,alto
1,0.0,0,0.0,1,4,1,0,0,0,1,0,1,1,0,1,0,medio_baixo
5,10000.0,8,0.875,4,1,1,0,0,0,0,0,0,1,0,0,0,medio_alto
8,10000.0,19,0.7368421052631579,1,4,1,0,0,0,1,0,0,1,0,0,1,medio_alto
2,0.0,0,0.0,0,0,1,0,0,0,0,0,0,0,0,0,0,gratuito
1,10000.0,84,0.7857142857142857,14,5,1,0,0,0,1,0,1,1,0,1,1,medio_alto
6,10000.0,44,0.6136363636363636,1,2,1,0,0,0,1,0,0,0,0,0,1,medio_baixo
6,10000.0,103,0.8446601941747572,1,3,1,0,0,1,1,1,0,0,1,0,0,alto
1,0.0,0,0.0,2,3,1,0,0,0,1,0,1,0,0,0,0,medio_baixo
1,10000.0,0,0.0,1,2,1,0,0,0,1,0,0,1,0,0,0,alto
2,10000.0,37,0.40540540540540543,1,2,1,0,0,0,1,0,0,1,0,0,0,medio_baixo
3,10000.0,13,0.9230769230769231,1,3,1,1,1,1,1,1,0,0,0,1,0,alto
5,10000.0,6,0.5,1,1,1,0,0,0,0,1,0,0,0,0,0,baixo
6,10000.0,31,0.6451612903225806,1,3,1,0,0,0,0,0,0,1,0,1,0,gratuito
1,0.0,0,0.0,1,2,1,0,0,0,0,1,0,0,0,0,0,gratuito
1,10000.0,0,0.0,2,1,1,0,0,0,0,0,0,1,0,0,0,medio_alto
1,0.0,0,0.0,0,0,1,0,0,0,0,0,0,0,0,0,0,gratuito
11,10000.0,186,0.510752688172043,1,2,1,1,1,0,1,0,0,0,0,0,1,medio_alto
9,10000.0,43,0.7906976744186046,6,4,1,0,0,0,0,0,1,1,0,1,1,medio_baixo
9,35000.0,9,0.6666666666666666,1,6,1,0,0,1,1,1,0,1,0,1,1,baixo
4,10000.0,3,0.3333333333333333,1,1,1,0,0,0,0,1,0,0,0,0,0,medio_alto
2,10000.0,5,1.0,1,3,1,0,0,0,1,1,0,0,0,0,0,medio_alto
6,10000.0,44,0.5681818181818182,1,3,1,0,0,0,1,1,0,0,0,0,1,alto
4,10000.0,31,0.8709677419354839,1,3,1,0,1,0,1,0,0,0,0,1,0,medio_baixo
3,10000.0,10,1.0,1,5,1,0,0,0,1,0,0,1,0,0,1,gratuito
1,10000.0,0,0.0,1,3,1,0,0,0,1,1,1,0,0,0,0,medio_baixo
1,10000.0,0,0.0,1,4,1,0,0,0,1,0,0,1,0,1,0,alto
2,0.0,0,0.0,103,3,1,0,0,0,1,0,0,1,0,1,0,baixo
6,10000.0,16,0.8125,5,2,1,0,0,0,1,0,1,0,0,0,0,medio_baixo
1,10000.0,0,0.0,1,4,1,0,0,0,1,0,0,1,0,1,0,medio_baixo
1,0.0,0,0.0,0,0,1,0,0,0,0,0,0,0,0,0,0,gratuito
10,1500000.0,15695,0.9034087288945524,20,2,1,1,1,7,1,0,0,1,0,0,0,medio_alto
3,10000.0,0,0.0,1,4,1,0,0,0,1,0,1,1,0,1,0,baixo
1,10000.0,5,0.8,13,2,1,0,1,0,1,0,0,0,0,0,1,medio_alto
7,10000.0,2,0.0,2,2,1,0,0,0,1,0,0,1,0,0,0,medio_baixo
1,0.0,0,0.0,0,0,1,0,0,0,0,0,0,0,0,0,0,gratuito
5,10000.0,8,0.375,12,3,1,0,0,0,1,0,1,0,1,0,0,medio_alto
9,1500000.0,22321,0.9199856637247436,17,3,1,0,0,8,1,1,0,0,0,1,0,alto
1,0.0,0,0.0,1,5,1,0,0,0,1,1,0,1,0,1,0,gratuito
3,0.0,0,0.0,1,1,1,0,0,0,0,0,0,0,1,0,0,gratuito
7,10000.0,7,0.8571428571428571,4,2,1,0,0,0,0,0,1,1,0,0,0,alto
13,75000.0,502,0.9661354581673307,7,2,1,1,1,1,1,0,0,1,0,0,0,medio_alto
7,75000.0,29,0.8620689655172413,1,4,1,0,0,0,1,0,1,0,1,1,0,medio_alto
5,10000.0,749,0.7757009345794392,2,4,1,0,0,0,1,1,1,0,1,0,0,medio_alto
7,10000.0,6,0.8333333333333334,1,0,1,0,0,0,0,0,0,0,0,0,0,gratuito
12,35000.0,63,0.5873015873015873,1,1,1,0,0,0,0,0,1,0,0,0,0,medio_alto
1,10000.0,0,0.0,1,2,1,0,0,0,1,1,0,0,0,0,0,medio_alto
1,0.0,0,0.0,1,3,1,0,0,0,1,0,0,1,0,0,1,baixo
1,35000.0,8,0.75,1,8,1,0,0,0,1,1,1,1,1,1,0,medio_alto
8,10000.0,39,0.8205128205128205,1,1,1,0,0,1,1,0,0,0,0,0,0,medio_alto
4,10000.0,13,1.0,4,3,1,1,0,0,1,0,1,1,0,0,0,alto
10,75000.0,68,0.8235294117647058,11,4,1,1,1,0,1,0,1,1,0,1,0,medio_baixo
6,750000.0,2726,0.9108584005869406,4,3,1,1,1,2,1,1,0,0,0,0,1,alto
6,10000.0,4,0.75,4,4,1,0,0,0,1,1,0,0,0,0,0,medio_alto
3,10000.0,6,1.0,11,3,1,0,0,0,1,0,0,1,0,0,1,medio_baixo
10,10000.0,39,0.8205128205128205,1,2,1,0,1,0,1,0,0,1,0,0,0,baixo
1,0.0,0,0.0,6,1,1,0,0,0,0,0,0,1,0,0,0,medio_alto
2,10000.0,0,0.0,27,4,1,0,0,11,1,0,1,1,0,0,1,medio_alto
1,10000.0,0,0.0,1,3,1,0,0,0,0,0,0,1,0,0,1,gratuito
8,35000.0,25,0.56,1,2,1,0,0,0,1,0,0,1,0,0,0,baixo
2,10000.0,5,1.0,7,3,1,0,0,0,1,0,0,1,0,0,1,medio_alto
5,10000.0,34,0.7352941176470589,3,1,1,0,0,0,0,1,0,0,0,0,0,alto
11,10000.0,12,0.3333333333333333,29,3,1,0,0,0,1,0,0,0,0,0,1,alto
8,35000.0,22,0.8636363636363636,29,1,1,1,0,0,0,0,0,1,0,0,0,baixo
7,10000.0,37,0.40540540540540543,1,4,1,0,0,0,1,1,0,0,0,0,0,alto
9,10000.0,66,0.9090909090909091,2,3,1,0,0,0,1,0,1,1,0,0,0,baixo
1,10000.0,0,0.0,4,2,1,0,0,0,0,0,0,1,1,0,0,medio_alto
2,10000.0,0,0.0,12,6,1,1,1,1,1,0,1,1,1,1,1,baixo
2,150000.0,3,0.0,2,6,1,0,0,0,1,1,1,1,1,1,0,medio_alto
3,10000.0,0,0.0,1,2,1,0,0,0,1,0,0,1,0,0,0,baixo
10,350000.0,1758,0.9618885096700797,1,1,1,0,0,0,0,0,0,0,0,1,0,medio_alto
1,10000.0,21,0.8095238095238095,8,3,1,0,0,0,1,0,1,0,0,0,1,medio_baixo
3,150000.0,13,0.6153846153846154,1,4,1,0,0,0,0,1,0,1,0,0,1,alto
2,10000.0,0,0.0,1,4,1,0,0,0,0,0,0,1,0,0,1,medio_alto
1,0.0,0,0.0,9,4,1,0,0,0,1,1,0,1,0,0,0,medio_alto
2,10000.0,0,0.0,1,1,1,0,0,0,1,0,0,0,0,0,0,alto
4,10000.0,3,1.0,1,3,1,0,0,0,1,1,0,0,0,0,0,medio_alto
12,350000.0,3370,0.8353115727002968,1,2,1,1,0,0,1,0,1,0,0,0,0,baixo
6,10000.0,16,0.875,4,4,1,0,0,0,1,0,1,1,0,1,0,alto
10,10000.0,28834,0.799021987930915,10,1,1,1,1,0,0,1,0,0,0,0,0,gratuito
1,10000.0,0,0.0,7,1,1,0,0,0,1,0,0,0,0,0,0,medio_baixo
9,10000.0,2,0.5,1,4,1,1,0,0,0,1,0,1,0,0,1,medio_alto
8,35000.0,92,0.6304347826086957,5,2,1,0,0,0,0,0,1,1,0,0,0,baixo
2,0.0,0,0.0,58,1,1,0,0,0,0,0,0,0,0,0,0,medio_alto
1,10000.0,0,0.0,7,2,1,0,0,1,1,0,0,0,1,0,0,alto
8,10000.0,48,0.9583333333333334,1,3,1,0,0,0,1,1,0,1,0,0,0,gratuito
6,10000.0,5,0.4,10,3,1,1,0,0,1,0,0,1,0,1,0,medio_baixo
5,75000.0,7,0.7142857142857143,1,2,1,0,0,0,1,0,0,0,0,1,0,gratuito
1,0.0,0,0.0,1,3,1,0,0,0,1,0,0,1,1,0,0,medio_alto
3,10000.0,35,0.8,6,3,1,0,0,0,1,1,0,1,0,0,0,baixo
8,75000.0,196,0.6173469387755102,6,3,1,0,0,0,1,1,1,0,0,0,0,baixo
5,10000.0,51,0.5098039215686274,2,3,1,0,0,0,1,1,1,0,0,0,0,medio_baixo
4,1500000.0,39516,0.9286618078752911,20,2,1,0,0,1,0,1,1,0,0,0,0,alto
8,75000.0,96,0.71875,1,2,1,0,0,0,1,0,0,1,0,0,0,baixo
8,10000.0,6,0.8333333333333334,1,5,1,0,0,0,1,0,0,1,0,0,1,alto
11,10000.0,45,0.9333333333333333,5,3,1,0,1,1,1,1,0,0,0,0,0,gratuito
7,75000.0,59,0.7966101694915254,1,3,1,1,0,0,0,0,0,0,0,0,0,gratuito
8,10000.0,9,0.7777777777777778,5,2,1,1,0,0,1,1,0,0,0,0,0,baixo
10,750000.0,2662,0.8734034560480841,1,3,1,1,1,2,1,0,0,0,0,1,0,gratuito
8,10000.0,2,1.0,1,2,1,0,0,0,0,0,1,1,0,0,0,gratuito
4,10000.0,11,0.9090909090909091,4,1,1,0,0,0,0,0,0,1,0,0,0,medio_alto
17,35000.0,348,0.7844827586206896,1,1,1,1,0,0,0,0,1,0,0,0,0,medio_baixo
10,75000.0,88,0.45454545454545453,1,3,1,0,0,1,0,1,0,0,0,0,0,gratuito
3,35000.0,254,0.7204724409448819,9,3,1,0,0,0,0,0,0,0,0,0,1,medio_alto
6,10000.0,17,0.6470588235294118,1,2,1,0,0,0,1,0,1,0,0,0,0,baixo
9,10000.0,27,0.4444444444444444,1,2,1,0,0,0,1,1,0,0,0,0,0,medio_baixo
1,10000.0,27,0.9629629629629629,5,3,1,0,0,0,1,0,0,1,0,1,0,medio_baixo
1,10000.0,1,0.0,1,5,1,0,0,0,1,0,0,1,0,1,0,medio_baixo
5,0.0,0,0.0,0,0,1,0,0,0,0,0,0,0,0,0,0,gratuito
2,0.0,0,0.0,0,0,1,0,0,0,0,0,0,0,0,0,0,gratuito
8,35000.0,473,0.5983086680761099,4,5,1,0,0,1,1,1,1,1,1,0,0,medio_baixo
2,10000.0,0,0.0,1,2,1,1,1,0,0,1,0,1,0,0,0,medio_alto
3,750000.0,7784,0.7312435765673175,16,5,1,1,0,2,0,1,0,1,1,1,0,gratuito
5,0.0,0,0.0,0,0,1,0,0,0,0,0,0,0,0,0,0,gratuito
2,750000.0,6132,0.7389106327462491,3,4,1,1,1,0,1,0,0,1,0,1,0,gratuito
4,0.0,0,0.0,0,0,1,0,0,0,0,0,0,0,0,0,0,gratuito
4,10000.0,9,0.7777777777777778,1,5,1,0,0,0,1,1,1,1,0,0,0,baixo
2,10000.0,4,1.0,5,3,1,0,0,1,1,0,1,1,0,0,0,medio_baixo
1,0.0,0,0.0,100,2,1,0,0,0,1,0,0,1,0,0,0,medio_baixo
5,10000.0,7,0.8571428571428571,1,4,1,1,0,0,1,1,1,1,0,0,0,medio_baixo
1,0.0,0,0.0,2,3,1,0,0,0,0,1,1,0,0,0,0,baixo
1,0.0,0,0.0,1,3,1,0,0,0,0,0,0,1,1,1,0,baixo
2,10000.0,22,1.0,5,2,1,0,0,0,1,0,1,0,0,0,0,medio_alto
1,0.0,0,0.0,1,4,1,0,0,0,1,1,0,1,0,0,0,gratuito
5,10000.0,28,0.8571428571428571,1,4,1,1,0,0,1,1,1,0,0,0,0,gratuito
3,10000.0,4,0.0,1,2,1,0,0,0,0,0,0,0,0,0,1,medio_alto
1,10000.0,218,0.9128440366972477,1,2,1,0,0,0,0,1,0,0,1,0,0,alto
8,10000.0,35,0.8857142857142857,2,3,1,1,1,1,1,0,1,1,0,0,0,medio_baixo
2,10000.0,0,0.0,1,3,1,0,0,0,1,1,0,1,0,0,0,medio_baixo
3,10000.0,59,0.8305084745762712,1,1,1,0,0,0,0,0,0,0,0,1,0,medio_alto
6,10000.0,146,0.8698630136986302,11,3,1,0,0,0,1,1,0,0,0,0,1,medio_alto
4,10000.0,21,0.6190476190476191,1,4,1,0,0,0,1,0,1,1,0,0,0,alto
2,350000.0,7828,0.9291006642820644,13,4,1,0,0,0,1,1,1,0,0,0,0,medio_baixo
8,150000.0,2657,0.944674444862627,1,3,1,1,0,1,1,0,0,1,0,0,0,gratuito
5,0.0,0,0.0,0,0,1,0,0,0,0,0,0,0,0,0,0,gratuito
1,10000.0,0,0.0,1,3,1,0,0,2,1,1,1,0,0,0,0,alto
5,35000.0,19,0.8947368421052632,1,2,1,1,0,0,1,0,0,0,0,0,0,gratuito
6,10000.0,33,0.9696969696969697,1,3,1,0,0,0,1,1,0,1,0,0,0,medio_baixo
1,10000.0,0,0.0,15,4,1,0,0,0,1,1,1,1,0,0,0,alto
3,10000.0,0,0.0,1,3,1,0,0,0,1,0,0,1,0,0,0,medio_baixo
1,10000.0,0,0.0,1,3,1,0,0,0,1,0,0,0,0,0,1,alto
8,75000.0,1051,0.7954329210275928,8,3,1,1,1,0,1,0,0,0,0,0,1,gratuito
3,0.0,0,0.0,0,0,1,0,0,0,0,0,0,0,0,0,0,gratuito
4,10000.0,72,0.9583333333333334,1,1,1,0,1,1,1,0,0,0,0,0,0,alto
1,10000.0,0,0.0,1,2,1,0,0,0,1,0,0,1,0,0,0,medio_alto
5,10000.0,19,1.0,1,4,1,0,0,0,1,1,1,1,0,0,0,gratuito
2,10000.0,14,1.0,2,3,1,1,0,0,1,0,0,1,0,1,0,medio_alto
7,10000.0,2,0.5,1,3,1,1,1,1,1,1,1,0,0,0,0,medio_alto
1,10000.0,0,0.0,5,4,1,0,0,0,1,1,0,1,0,0,0,alto
4,10000.0,4,0.5,4,2,1,0,0,0,1,0,0,1,0,0,0,alto
3,10000.0,23,0.8695652173913043,1,6,1,0,0,0,0,1,0,1,0,1,1,medio_alto
2,10000.0,15,0.6666666666666666,11,2,1,1,1,0,1,0,0,1,0,0,0,medio_baixo
1,10000.0,0,0.0,1,3,1,0,0,0,1,0,1,0,0,0,1,medio_baixo
1,0.0,0,0.0,0,0,1,0,0,0,0,0,0,0,0,0,0,gratuito
4,10000.0,5,1.0,2,1,1,0,0,0,0,0,0,1,0,0,0,medio_baixo
5,0.0,0,0.0,1,2,1,0,0,0,0,1,0,0,0,1,0,gratuito
2,10000.0,0,0.0,1,3,1,0,0,1,1,0,0,1,0,0,1,alto
5,10000.0,4,0.75,1,1,1,0,0,0,1,0,0,0,0,0,0,baixo
1,0.0,0,0.0,0,0,1,0,0,0,0,0,0,0,0,0,0,gratuito
4,10000.0,7,1.0,1,2,1,0,0,0,1,1,0,0,0,0,0,baixo
2,10000.0,4,0.25,1,1,1,0,1,0,0,1,0,0,0,0,0,medio_alto
1,10000.0,0,0.0,11,1,1,1,1,0,0,1,0,0,0,0,0,medio_alto
3,10000.0,9,0.8888888888888888,2,2,1,0,0,0,0,1,1,0,0,0,0,baixo
1,10000.0,0,0.0,2,3,1,0,0,0,1,0,0,0,0,0,1,baixo
1,0.0,0,0.0,1,4,1,0,0,0,1,1,1,0,0,0,0,gratuito
2,10000.0,15,0.8666666666666667,1,3,1,0,0,0,1,1,1,0,0,0,0,baixo
1,0.0,0,0.0,2,7,1,0,0,0,1,1,0,0,1,0,1,gratuito
2,10000.0,0,0.0,6,2,1,0,0,0,0,0,0,0,1,0,1,alto
5,10000.0,84,0.9761904761904762,4,2,1,0,1,0,1,0,1,0,0,0,0,baixo
10,75000.0,148,0.7837837837837838,1,3,1,1,0,0,1,0,0,0,1,1,0,alto
3,10000.0,0,0.0,1,3,1,0,0,0,1,1,1,0,0,0,0,baixo
2,0.0,0,0.0,1,3,1,0,0,0,1,0,0,0,0,0,1,gratuito
1,0.0,0,0.0,1,1,1,0,0,0,0,1,0,0,0,0,0,medio_alto
1,0.0,0,0.0,0,0,1,0,0,0,0,0,0,0,0,0,0,gratuito
8,150000.0,5,1.0,1,3,1,1,0,0,1,0,0,0,1,0,0,alto
2,10000.0,0,0.0,2,2,1,0,0,0,1,0,1,0,0,0,0,medio_alto
4,0.0,0,0.0,1,4,1,0,0,0,0,0,0,1,0,1,0,gratuito
2,0.0,0,0.0,0,0,1,0,0,0,0,0,0,0,0,0,0,gratuito
1,0.0,0,0.0,0,0,1,0,0,0,0,0,0,0,0,0,0,gratuito
9,10000.0,17,0.8235294117647058,2,4,1,0,1,0,1,1,0,1,0,0,0,baixo
1,10000.0,0,0.0,1,3,1,0,0,0,1,1,1,0,0,0,0,medio_alto
5,10000.0,3,0.3333333333333333,16,4,1,0,0,0,1,1,0,1,0,0,0,medio_baixo
3,10000.0,203,0.8866995073891626,6,2,1,0,0,1,1,0,1,0,0,0,0,alto
2,10000.0,2,0.5,10,4,1,0,0,0,1,1,1,0,1,0,0,medio_alto
2,10000.0,25,1.0,7,4,1,0,0,0,1,1,0,1,0,0,0,alto
1,10000.0,0,0.0,3,3,1,0,0,0,1,0,0,0,1,0,1,medio_alto
7,75000.0,209,0.5980861244019139,1,2,1,0,0,0,1,0,0,1,0,0,0,medio_alto
2,10000.0,30,1.0,1,2,1,1,1,0,0,1,1,0,0,0,0,baixo
5,10000.0,26,0.6538461538461539,1,3,1,0,0,0,1,1,0,1,0,0,0,baixo
1,0.0,0,0.0,1,2,1,1,1,0,1,0,0,0,0,0,0,gratuito
9,10000.0,4,0.75,1,3,1,0,0,0,0,1,0,1,0,0,0,medio_baixo
4,10000.0,60,0.8833333333333333,1,3,1,0,0,0,1,0,0,1,0,0,1,medio_baixo
5,10000.0,39,1.0,1,2,1,0,0,0,1,0,0,1,0,0,0,baixo
8,10000.0,16,0.3125,1,3,1,0,0,0,1,1,0,1,0,0,0,baixo
9,10000.0,42,0.9761904761904762,7,3,1,0,0,1,1,0,0,1,0,1,0,alto
1,0.0,0,0.0,4,3,1,0,0,0,1,1,1,0,0,0,0,medio_baixo
1,0.0,0,0.0,1,3,1,0,0,0,1,1,0,0,1,0,0,medio_alto
6,150000.0,462,0.7597402597402597,8,2,1,1,1,1,1,0,1,0,0,0,0,medio_alto
3,350000.0,3582,0.718034617532105,14,3,1,0,0,2,0,1,1,0,1,0,0,alto
1,10000.0,1,1.0,1,1,1,0,0,0,1,0,0,0,0,0,0,medio_baixo
6,10000.0,9,1.0,2,5,1,0,0,0,1,1,0,1,0,1,0,baixo
2,10000.0,0,0.0,1,3,1,0,0,0,1,0,1,0,0,0,0,medio_alto
1,35000.0,611,0.9918166939443536,1,4,1,1,1,0,1,1,0,0,1,0,1,alto
3,10000.0,18,0.8888888888888888,3,4,1,0,0,0,1,0,1,1,0,1,0,medio_baixo
2,10000.0,13,0.8461538461538461,1,3,1,1,1,0,1,0,1,0,1,0,0,medio_alto
9,10000.0,26,0.6923076923076923,1,4,1,0,0,0,0,1,1,1,0,0,1,medio_baixo
7,10000.0,14,0.5,1,2,1,0,0,0,0,1,1,0,0,0,0,medio_baixo
11,10000.0,88,0.5,1,3,1,0,0,0,1,1,1,0,0,0,0,medio_baixo
3,10000.0,5,1.0,1,1,1,0,0,0,0,1,0,0,0,0,0,medio_baixo
4,10000.0,4,0.75,1,4,1,0,0,0,1,1,0,1,0,1,0,baixo
3,10000.0,6,1.0,2,6,1,0,0,0,1,1,1,1,1,0,0,baixo
5,10000.0,12,0.9166666666666666,1,2,1,1,1,0,1,0,0,1,0,0,0,medio_alto
1,0.0,0,0.0,0,0,1,0,0,0,0,0,0,0,0,0,0,gratuito
1,0.0,0,0.0,103,1,1,0,0,0,1,0,0,0,0,0,0,baixo
13,150000.0,1587,0.8897290485192186,2,3,1,0,0,0,1,0,0,0,0,1,1,medio_baixo
5,10000.0,4,0.5,1,2,1,0,0,0,1,0,0,1,0,0,0,baixo
2,10000.0,0,0.0,2,4,1,0,0,0,1,1,1,1,0,0,0,medio_alto
3,10000.0,12,0.9166666666666666,1,3,1,1,1,0,1,0,0,1,0,1,0,alto
6,10000.0,0,0.0,2,5,1,0,0,0,1,0,0,1,0,1,1,medio_baixo
1,0.0,0,0.0,0,0,1,0,0,0,0,0,0,0,0,0,0,gratuito
5,10000.0,0,0.0,1,2,1,0,0,0,1,0,0,1,0,0,0,baixo
1,10000.0,0,0.0,2,3,1,1,1,0,1,0,1,0,0,0,0,alto
3,10000.0,13,0.5384615384615384,1,3,1,0,0,0,1,1,1,0,0,0,0,alto
2,0.0,0,0.0,0,0,1,0,0,0,0,0,0,0,0,0,0,gratuito
10,35000.0,218,0.7935779816513762,8,3,1,0,0,4,1,1,0,1,0,0,0,baixo
6,10000.0,4,0.75,1,1,1,0,0,0,0,1,0,0,0,0,0,baixo
7,10000.0,11,0.6363636363636364,4,2,1,0,0,13,0,0,1,1,0,0,0,medio_baixo
1,0.0,0,0.0,7,3,1,0,0,0,1,0,1,0,0,0,1,baixo
1,35000.0,468,0.7756410256410257,8,3,1,0,0,0,1,1,1,0,0,0,0,medio_baixo
1,0.0,0,0.0,0,0,1,0,0,0,0,0,0,0,0,0,0,gratuito
3,10000.0,9,0.8888888888888888,1,3,1,0,0,0,1,0,0,1,0,1,0,medio_baixo
8,10000.0,1,1.0,5,1,1,0,0,0,1,0,0,0,0,0,0,alto
6,10000.0,19,0.8947368421052632,18,5,1,0,0,0,1,0,0,1,0,0,1,medio_baixo
6,75000.0,280,0.925,6,4,1,0,0,0,1,0,1,1,0,0,0,gratuito
2,0.0,0,0.0,1,4,1,0,0,0,1,1,0,1,0,0,0,gratuito
8,35000.0,836,0.9533492822966507,3,1,1,0,0,0,0,0,1,0,0,0,0,alto
7,10000.0,68,0.47058823529411764,1,5,1,0,0,0,1,1,1,0,0,0,1,medio_baixo
9,35000.0,412,0.941747572815534,5,4,1,0,0,0,1,1,1,1,0,0,0,baixo
2,10000.0,0,0.0,1,2,1,0,0,0,1,0,0,0,0,0,0,gratuito
2,10000.0,0,0.0,2,3,1,0,0,0,1,1,1,0,0,0,0,medio_alto
2,0.0,0,0.0,12,5,1,0,0,0,1,1,0,1,0,0,1,gratuito
1,0.0,0,0.0,102,2,1,0,0,0,1,0,0,1,0,0,0,baixo
4,75000.0,86,0.7093023255813954,3,3,1,0,0,0,1,0,1,0,1,0,0,medio_baixo
4,150000.0,679,0.7687776141384389,10,2,1,0,0,0,1,0,1,0,0,0,0,medio_baixo
5,10000.0,1,1.0,1,3,1,0,0,0,1,0,1,0,0,0,1,baixo
2,10000.0,30,0.7333333333333333,18,2,1,0,0,0,1,0,0,1,0,0,0,medio_baixo
12,150000.0,180,0.6444444444444445,1,2,1,0,1,0,1,1,0,0,0,0,0,medio_alto
6,35000.0,6,0.8333333333333334,1,2,1,0,0,0,0,1,0,0,0,1,0,medio_baixo
1,10000.0,0,0.0,3,3,1,0,0,1,1,0,0,1,0,1,0,medio_alto
5,0.0,0,0.0,2,3,1,0,1,0,1,0,1,0,1,0,0,gratuito
1,0.0,0,0.0,1,3,1,1,0,1,0,0,1,1,0,0,0,gratuito
5,10000.0,7,0.2857142857142857,1,2,1,0,0,0,1,0,0,1,0,0,0,baixo
2,0.0,0,0.0,0,0,1,0,0,0,0,0,0,0,0,0,0,gratuito
6,10000.0,9,0.8888888888888888,1,2,1,0,0,0,1,1,0,0,0,0,0,gratuito
9,350000.0,1741,0.8523836875358989,7,4,1,0,0,2,1,0,0,1,0,1,0,gratuito
11,35000.0,462,0.8463203463203464,1,3,1,0,0,0,1,1,0,0,0,0,0,medio_alto
10,150000.0,90,0.5666666666666667,1,3,1,0,0,1,1,1,1,0,0,0,0,alto
1,0.0,0,0.0,3,3,1,0,0,0,0,1,1,0,0,0,0,gratuito
1,10000.0,0,0.0,2,4,1,0,0,1,1,1,0,1,1,0,0,alto
5,10000.0,3,1.0,1,3,1,0,0,0,1,1,1,0,0,0,0,medio_alto
7,35000.0,43,0.6511627906976745,29,3,1,0,0,5,1,0,1,1,0,0,0,gratuito
1,10000.0,0,0.0,1,5,1,0,0,0,1,0,1,1,0,1,1,medio_baixo
7,35000.0,56,0.8035714285714286,1,2,1,0,0,0,1,1,0,0,0,0,0,baixo
5,10000.0,14,0.6428571428571429,1,2,1,0,0,0,0,0,0,1,0,0,1,medio_baixo
1,10000.0,0,0.0,12,3,1,0,0,0,1,0,1,1,0,0,0,alto
1,10000.0,0,0.0,17,3,1,1,0,0,0,0,0,1,0,0,0,gratuito
6,10000.0,324,0.8580246913580247,1,2,1,0,0,0,0,0,0,0,0,1,1,baixo
3,10000.0,91,0.9010989010989011,12,2,1,0,0,2,1,0,1,0,0,0,0,medio_alto
4,10000.0,5,0.8,1,3,1,0,0,0,1,0,0,1,0,0,0,gratuito
1,0.0,0,0.0,1,4,1,1,1,0,1,1,1,1,0,0,0,medio_alto
6,35000.0,1303,0.9800460475825019,12,2,1,0,0,0,1,0,1,0,0,0,0,gratuito
6,35000.0,1,1.0,2,4,1,0,0,0,1,1,1,0,0,0,0,medio_alto
4,10000.0,0,0.0,1,1,1,0,0,0,1,0,0,0,0,0,0,alto
9,10000.0,83,0.6144578313253012,1,2,1,0,0,0,1,0,0,1,0,0,0,baixo
4,10000.0,30,0.7,3,2,1,0,0,0,0,0,0,0,0,1,0,medio_alto
3,10000.0,29,0.7241379310344828,6,2,1,0,0,0,1,0,0,1,0,0,0,baixo
10,150000.0,1485,0.9373737373737374,7,2,1,0,0,1,1,0,1,0,0,0,0,medio_baixo
1,10000.0,0,0.0,1,4,1,0,0,0,1,0,1,0,1,1,0,medio_alto
9,10000.0,47,0.8936170212765957,1,1,1,0,0,0,0,1,0,0,0,0,0,alto
6,150000.0,376,0.8696808510638298,1,2,1,0,0,0,1,0,0,0,0,0,0,gratuito
2,10000.0,30,0.5,2,2,1,0,0,0,0,0,1,0,0,1,0,alto
5,75000.0,179,0.6536312849162011,2,3,1,1,1,1,1,0,0,0,0,1,1,medio_baixo
8,10000.0,5,0.8,1,1,1,0,0,0,1,0,0,0,0,0,0,baixo
3,10000.0,44,0.6590909090909091,2,4,1,0,0,0,0,1,1,1,0,0,0,medio_baixo
5,10000.0,3,1.0,1,2,1,0,0,0,1,0,0,1,0,0,0,baixo
11,10000.0,34,0.5882352941176471,2,3,1,1,0,0,1,1,1,0,0,0,0,medio_alto
7,10000.0,22,0.9545454545454546,2,2,1,0,0,1,0,0,0,1,0,0,0,alto
3,10000.0,3,1.0,6,1,1,0,0,0,1,0,0,0,0,0,0,medio_baixo
1,10000.0,9,1.0,5,2,1,0,0,0,1,0,0,1,0,0,0,medio_alto
5,10000.0,0,0.0,1,2,1,0,0,0,1,0,0,1,0,0,0,medio_alto
11,10000.0,29,0.7931034482758621,1,2,1,1,1,0,1,0,0,0,1,0,0,medio_baixo
4,10000.0,8,0.625,3,3,1,1,1,0,1,0,1,1,0,0,0,alto
7,10000.0,8,0.5,1,3,1,0,0,0,0,1,0,0,0,0,1,medio_alto
1,10000.0,0,0.0,1,3,1,0,1,0,1,0,0,1,0,1,0,medio_baixo
2,10000.0,3,0.3333333333333333,1,2,1,0,0,0,0,0,0,0,0,0,1,alto
7,35000.0,150,0.6866666666666666,1,1,1,0,0,0,0,0,0,0,0,0,0,baixo
2,0.0,0,0.0,0,0,1,0,0,0,0,0,0,0,0,0,0,gratuito
5,10000.0,101,0.9702970297029703,7,5,1,0,1,0,1,1,1,1,0,0,0,alto
1,10000.0,0,0.0,1,3,1,0,0,0,1,0,1,1,0,0,0,alto
8,0.0,0,0.0,1,2,1,0,0,0,0,0,0,1,0,0,1,baixo
1,10000.0,0,0.0,1,5,1,0,0,0,1,1,1,0,0,0,0,medio_alto
2,10000.0,3,1.0,1,2,1,0,0,0,0,0,0,1,1,0,0,baixo
4,10000.0,15,0.5333333333333333,2,3,1,0,0,0,1,0,0,1,0,0,0,gratuito
12,75000.0,732,0.7213114754098361,1,2,1,0,0,0,1,0,1,0,0,0,0,medio_alto
3,10000.0,70,0.8428571428571429,14,4,1,0,0,0,1,1,1,0,1,0,0,alto
9,10000.0,10,0.6,1,2,1,0,0,0,0,0,0,1,0,0,1,medio_baixo
7,10000.0,13,0.9230769230769231,3,1,1,1,1,0,0,0,1,0,0,0,0,medio_alto
5,10000.0,14,0.9285714285714286,9,5,1,0,0,0,1,1,1,0,0,1,0,medio_baixo
4,10000.0,9,0.6666666666666666,1,2,1,0,0,0,0,0,0,0,0,0,1,alto
1,10000.0,2,1.0,4,2,1,0,0,0,0,0,1,1,0,0,0,medio_alto
1,10000.0,0,0.0,7,3,1,1,1,0,1,0,1,1,0,0,0,alto
4,10000.0,10,1.0,1,1,1,1,1,0,0,0,0,1,0,0,0,baixo
2,150000.0,2691,0.8097361575622445,9,4,1,1,1,1,1,0,0,1,1,1,0,alto
1,0.0,0,0.0,1,4,1,0,0,0,1,0,1,1,0,0,0,gratuito
2,10000.0,343,0.9154518950437318,7,3,1,0,1,2,1,0,0,0,0,1,1,alto
10,10000.0,15,1.0,9,3,1,0,0,0,0,0,0,0,0,0,0,alto
7,350000.0,3504,0.8407534246575342,10,1,1,0,0,0,0,1,0,0,0,0,0,alto
7,10000.0,3,0.3333333333333333,1,2,1,0,0,0,1,0,0,1,0,0,0,baixo
9,10000.0,9,0.4444444444444444,1,3,1,0,0,0,1,1,0,1,0,0,0,gratuito
9,10000.0,15,0.4666666666666667,1,2,1,0,0,0,0,1,1,0,0,0,0,alto
3,10000.0,17,0.7647058823529411,3,2,1,0,0,0,1,0,0,0,0,0,1,medio_baixo
6,10000.0,3,0.6666666666666666,2,3,1,0,0,0,1,1,0,1,0,0,0,medio_baixo
2,10000.0,2,1.0,2,2,1,0,0,0,0,0,1,0,1,0,0,medio_alto
9,10000.0,12,0.4166666666666667,1,4,1,1,0,0,1,1,0,0,0,0,0,medio_alto
5,0.0,0,0.0,0,0,1,0,0,0,0,0,0,0,0,0,0,gratuito
7,35000.0,1161,0.843238587424634,3,5,1,0,0,8,1,1,1,1,1,0,0,alto
8,10000.0,68,0.8088235294117647,1,1,1,0,0,0,0,0,0,0,0,1,0,medio_baixo
5,350000.0,3605,0.9520110957004161,2,3,1,1,1,0,1,0,0,1,1,0,0,medio_baixo
3,350000.0,2958,0.9239350912778904,2,3,1,0,0,0,0,1,0,0,0,0,0,alto
1,10000.0,0,0.0,1,3,1,0,0,0,1,0,0,1,1,0,0,medio_baixo
4,35000.0,8,1.0,1,2,1,0,0,0,0,0,0,0,0,1,1,baixo
4,0.0,0,0.0,2,3,1,0,0,1,0,0,0,1,1,0,0,gratuito
8,10000.0,206,0.3592233009708738,2,5,1,0,0,0,0,1,1,1,1,1,0,medio_baixo
6,10000.0,2,1.0,1,2,1,0,0,0,1,0,0,1,0,0,0,baixo
4,75000.0,21,0.6190476190476191,8,2,1,0,0,0,0,0,1,1,0,0,0,alto
9,10000.0,0,0.0,12,2,1,1,1,0,1,0,0,1,0,0,0,alto
1,10000.0,6,1.0,1,3,1,0,0,0,1,1,0,0,0,0,0,medio_alto
1,10000.0,0,0.0,10,3,1,0,0,0,1,0,0,1,0,1,0,medio_baixo
1,10000.0,2,1.0,5,1,1,1,1,0,0,0,0,0,0,0,0,baixo
9,750000.0,6898,0.8647434038851841,12,7,1,1,0,0,1,0,1,1,1,1,1,gratuito
10,35000.0,98,0.45918367346938777,2,2,1,1,1,1,0,0,0,1,0,0,1,baixo
10,35000.0,371,0.7142857142857143,1,2,1,0,0,1,1,0,1,0,0,0,0,alto
9,10000.0,247,0.951417004048583,1,6,1,0,0,0,1,1,1,1,1,1,0,medio_baixo
1,10000.0,0,0.0,1,3,1,1,0,0,1,1,1,0,0,0,0,medio_alto
4,10000.0,1,0.0,1,1,1,0,0,0,0,0,0,0,1,0,0,baixo
2,10000.0,235,0.8468085106382979,10,5,1,0,0,3,1,1,0,1,1,0,1,medio_alto
6,10000.0,61,0.5573770491803278,12,3,1,0,0,0,0,1,1,0,1,0,0,baixo
8,10000.0,90,0.7444444444444445,1,4,1,0,0,0,1,1,0,1,0,0,1,baixo
3,10000.0,7,0.0,11,2,1,0,0,0,0,1,1,0,0,0,0,alto
6,10000.0,6,1.0,1,3,1,0,0,0,1,1,0,1,0,0,0,baixo
1,10000.0,0,0.0,4,4,1,0,0,1,1,1,1,0,1,0,0,medio_alto
5,10000.0,1383,0.8929862617498192,14,3,1,1,0,0,1,0,1,1,0,0,0,medio_baixo
3,10000.0,2,0.0,1,3,1,0,0,0,1,1,1,0,0,0,0,alto
3,10000.0,46,0.8695652173913043,10,3,1,0,0,0,1,1,0,1,0,0,0,medio_alto
8,150000.0,1451,0.870434183321847,12,4,1,1,1,4,1,0,1,1,0,0,0,gratuito
3,0.0,0,0.0,1,2,1,0,0,0,1,0,0,0,0,0,0,gratuito
1,0.0,0,0.0,0,0,1,0,0,0,0,0,0,0,0,0,0,gratuito
3,10000.0,5,1.0,2,2,1,0,0,0,1,0,1,0,0,0,0,medio_alto
5,35000.0,3,0.6666666666666666,1,3,1,0,0,0,1,0,1,1,0,0,0,medio_baixo
2,10000.0,11,0.6363636363636364,6,2,1,0,0,0,1,0,0,0,0,0,1,medio_alto
4,10000.0,0,0.0,1,2,1,0,1,1,1,0,1,0,0,0,0,medio_alto
2,10000.0,45,0.8444444444444444,1,6,1,0,0,0,1,0,0,0,0,0,0,alto
1,0.0,0,0.0,1,3,1,1,0,0,1,1,1,0,0,0,0,medio_alto
3,75000.0,250,0.64,9,3,1,0,0,0,1,1,0,0,0,0,0,baixo
5,10000.0,0,0.0,1,3,1,0,0,0,0,0,0,1,0,0,1,alto
5,10000.0,55,0.8363636363636363,1,2,1,0,0,1,1,1,0,0,0,0,0,alto
3,10000.0,22,1.0,2,1,1,0,0,1,0,1,0,0,0,0,0,baixo
1,10000.0,0,0.0,1,2,1,1,1,0,0,1,0,0,0,0,0,medio_alto
2,10000.0,134,0.8880597014925373,13,4,1,0,0,0,1,1,1,0,0,0,1,alto
3,10000.0,25,0.88,1,1,1,0,0,0,0,0,0,0,1,0,0,medio_baixo
6,10000.0,3,1.0,103,5,1,0,0,0,1,0,1,1,0,1,1,medio_baixo
2,10000.0,0,0.0,12,1,1,1,0,0,0,0,0,0,0,0,0,medio_alto
6,10000.0,0,0.0,11,3,1,0,0,0,1,0,1,1,0,0,0,baixo
6,10000.0,0,0.0,10,5,1,0,0,3,1,0,0,1,0,1,1,baixo
4,0.0,0,0.0,0,0,1,0,0,0,0,0,0,0,0,0,0,gratuito
2,10000.0,0,0.0,1,1,1,0,0,0,0,1,0,0,0,0,0,gratuito
5,35000.0,358,0.664804469273743,9,4,1,0,1,3,1,1,1,0,1,0,0,alto
3,10000.0,71,0.8591549295774648,1,5,1,0,0,0,1,1,1,1,0,0,0,medio_alto
1,10000.0,0,0.0,8,1,1,0,0,0,1,0,0,0,0,0,0,medio_baixo
1,10000.0,72,0.875,1,4,1,0,0,0,1,1,0,1,0,0,0,alto
6,10000.0,18,0.9444444444444444,1,3,1,0,0,0,1,1,0,0,0,0,0,gratuito
1,0.0,0,0.0,1,2,1,0,0,0,0,0,0,0,1,0,0,gratuito
2,0.0,0,0.0,1,4,1,0,0,0,1,1,0,0,0,0,0,gratuito
2,10000.0,3,0.3333333333333333,2,2,1,0,0,0,1,0,0,1,0,0,0,baixo
3,10000.0,26,0.6538461538461539,11,3,1,1,1,0,0,1,1,1,0,0,0,alto
3,10000.0,0,0.0,1,2,1,0,0,0,1,0,1,0,0,0,0,medio_baixo
4,0.0,0,0.0,1,2,1,0,0,0,1,0,0,0,0,0,0,gratuito
1,0.0,0,0.0,1,3,1,0,0,0,0,1,1,0,0,1,0,medio_baixo
1,0.0,0,0.0,103,1,1,0,0,0,0,0,0,1,0,0,0,baixo
13,750000.0,13093,0.9753303291835332,1,3,1,1,1,2,1,1,0,0,0,1,0,medio_baixo
1,10000.0,0,0.0,1,3,1,0,0,0,1,0,1,0,1,0,0,medio_alto
11,35000.0,249,0.39357429718875503,10,3,1,1,1,0,1,1,1,0,0,0,0,baixo
2,10000.0,1,1.0,1,3,1,0,0,0,1,0,1,0,1,0,0,medio_baixo
1,10000.0,0,0.0,8,3,1,0,0,0,1,1,0,0,0,0,0,alto
1,10000.0,0,0.0,1,2,1,0,0,0,1,0,0,0,0,1,0,alto
1,10000.0,0,0.0,7,1,1,0,0,0,0,1,0,0,0,0,0,alto
9,35000.0,316,0.8512658227848101,1,3,1,1,1,1,1,1,1,0,0,0,0,baixo
2,150000.0,3665,0.615825375170532,15,1,1,0,0,8,0,0,0,0,0,0,1,alto
2,10000.0,19,0.8421052631578947,2,2,1,0,0,0,1,0,1,0,0,0,0,baixo
1,0.0,0,0.0,1,3,1,0,0,0,0,1,1,0,0,0,0,gratuito
4,10000.0,1,0.0,2,1,1,0,0,0,0,0,0,0,0,0,0,alto
11,10000.0,81,0.5061728395061729,1,3,1,1,0,0,1,0,0,1,0,1,0,medio_alto
1,10000.0,0,0.0,1,5,1,0,0,0,0,1,1,1,0,0,1,medio_alto
2,150000.0,1361,0.7266715650257164,10,5,1,0,0,8,1,1,1,0,1,1,0,alto
2,10000.0,11,1.0,3,3,1,1,1,1,1,0,1,1,0,0,0,medio_alto
11,35000.0,525,0.9104761904761904,8,1,1,0,0,0,0,0,0,0,0,0,0,medio_alto
4,10000.0,17,0.7058823529411765,1,2,1,1,0,0,0,0,1,1,0,0,0,alto
3,0.0,0,0.0,103,3,1,0,0,0,1,1,1,0,0,0,0,alto
3,10000.0,7,0.5714285714285714,1,4,1,0,0,0,1,0,0,1,0,1,1,baixo
10,10000.0,219,0.2511415525114155,1,4,1,0,0,0,1,1,0,0,0,0,1,alto
2,0.0,0,0.0,0,0,1,0,0,0,0,0,0,0,0,0,0,gratuito
3,10000.0,0,0.0,2,1,1,0,0,0,0,0,0,1,0,0,0,baixo
2,10000.0,2,1.0,1,3,1,0,0,0,1,0,1,0,0,0,1,medio_baixo
2,10000.0,2,1.0,2,3,1,0,0,0,1,0,1,1,0,0,0,baixo
12,750000.0,1639,0.9200732153752288,1,4,1,0,0,0,1,1,1,0,1,0,0,gratuito
6,10000.0,0,0.0,1,2,1,0,0,1,1,0,0,1,0,0,0,baixo
7,10000.0,64,0.75,1,2,1,0,0,0,1,0,0,1,0,0,0,baixo
1,10000.0,0,0.0,2,7,1,0,0,0,1,1,1,1,0,1,1,medio_alto
5,10000.0,15,1.0,2,1,1,0,0,0,0,0,1,0,0,0,0,medio_baixo
3,10000.0,8,0.625,1,4,1,0,0,0,1,1,1,1,0,0,0,medio_alto
4,0.0,0,0.0,1,5,1,0,0,0,0,1,0,1,0,0,0,gratuito
7,150000.0,1818,0.6831683168316832,12,1,1,0,0,0,0,0,0,0,0,1,0,medio_alto
1,0.0,0,0.0,0,0,1,0,0,0,0,0,0,0,0,0,0,gratuito
2,10000.0,35,0.6571428571428571,1,2,1,0,0,0,0,0,0,0,0,0,1,gratuito
4,35000.0,56,0.8035714285714286,2,1,1,0,0,0,0,0,1,0,0,0,0,baixo
9,35000.0,53,0.3584905660377358,10,3,1,1,1,0,0,1,1,0,1,0,0,medio_alto
8,10000.0,4,1.0,1,2,1,0,1,0,1,0,0,1,0,0,0,medio_baixo
7,35000.0,290,0.6551724137931034,1,2,1,0,0,2,1,1,0,0,0,0,0,medio_baixo
10,10000.0,90,0.6444444444444445,4,3,1,1,1,0,1,0,0,0,1,1,0,medio_baixo
9,35000.0,97,0.8350515463917526,1,4,1,1,1,0,1,1,1,0,0,0,0,gratuito
6,10000.0,5,0.8,1,2,1,0,0,0,1,0,0,1,0,0,0,medio_baixo
11,35000.0,509,0.8212180746561886,1,5,1,1,1,0,1,1,0,0,0,0,0,alto
10,10000.0,5,0.2,1,2,1,0,0,0,1,1,0,0,0,0,0,medio_alto
6,10000.0,2,1.0,2,4,1,0,0,0,1,1,1,1,0,0,0,alto
4,0.0,0,0.0,10,6,1,1,0,0,1,0,1,1,1,0,1,gratuito
4,10000.0,1,1.0,1,1,1,0,0,0,0,1,0,0,0,0,0,medio_alto
9,10000.0,18,0.6111111111111112,1,1,1,0,0,0,1,0,0,0,0,0,0,baixo
1,0.0,0,0.0,1,3,1,0,0,0,1,0,0,1,0,0,1,medio_baixo
6,10000.0,5,0.6,1,4,1,0,0,23,1,1,1,1,0,0,0,medio_baixo
10,10000.0,37,0.40540540540540543,1,6,1,0,0,0,1,0,1,1,0,0,1,baixo
4,10000.0,15,0.8,1,1,1,0,0,0,0,1,0,0,0,0,0,baixo
5,10000.0,140,0.6928571428571428,14,5,1,0,0,0,1,1,1,0,1,0,0,alto
2,10000.0,26,0.9615384615384616,3,3,1,0,0,0,1,0,1,0,0,0,1,medio_baixo
2,0.0,0,0.0,0,0,1,0,0,0,0,0,0,0,0,0,0,gratuito
4,10000.0,5,1.0,1,1,1,0,0,0,1,0,0,0,0,0,0,medio_baixo
11,35000.0,254,0.7559055118110236,1,3,1,0,0,1,1,0,0,0,0,1,1,medio_alto
5,10000.0,6,1.0,1,2,1,0,0,0,1,0,0,0,0,0,0,baixo
1,0.0,0,0.0,0,0,1,0,0,0,0,0,0,0,0,0,0,gratuito
6,10000.0,0,0.0,1,2,1,0,0,0,1,0,0,1,0,0,0,baixo
7,10000.0,9,0.6666666666666666,1,1,1,0,0,0,0,0,1,0,0,0,0,baixo
10,150000.0,178,0.5112359550561798,6,4,1,0,0,0,1,0,1,0,1,1,0,medio_baixo
7,10000.0,2,0.5,1,4,1,0,0,0,1,0,1,1,1,0,0,baixo
1,0.0,0,0.0,1,3,1,0,0,0,1,1,0,0,0,0,0,gratuito
1,35000.0,303,0.8646864686468647,11,3,1,0,0,1,0,1,1,1,0,0,0,alto
4,35000.0,81,0.8888888888888888,2,2,1,0,0,3,0,0,1,0,1,0,0,alto
9,10000.0,44,0.5681818181818182,1,1,1,0,0,0,0,1,0,0,0,0,0,baixo
4,10000.0,2,1.0,1,2,1,0,0,0,1,0,0,1,0,0,0,medio_baixo
1,10000.0,0,0.0,1,5,1,0,0,1,1,0,0,1,0,1,0,medio_alto
11,10000.0,75,0.6266666666666667,1,3,1,0,0,0,1,0,0,0,1,0,1,medio_baixo
3,0.0,0,0.0,1,1,1,0,0,0,0,0,0,1,0,0,0,gratuito
3,10000.0,12,1.0,7,4,1,0,0,2,1,0,1,1,1,0,0,alto
1,10000.0,0,0.0,1,7,1,0,0,0,1,1,1,1,1,0,1,baixo
7,10000.0,192,0.9166666666666666,29,3,1,0,0,0,1,0,1,1,0,0,0,baixo
2,10000.0,149,0.9798657718120806,4,3,1,1,1,1,1,1,0,0,1,0,0,alto
2,0.0,0,0.0,0,0,1,0,0,0,0,0,0,0,0,0,0,gratuito
1,0.0,0,0.0,9,3,1,0,0,2,1,1,1,0,0,0,0,alto
9,10000.0,27,0.8518518518518519,1,3,1,0,0,0,1,1,0,0,0,0,0,gratuito
6,10000.0,3,1.0,1,2,1,0,0,0,1,0,1,0,0,0,0,baixo
3,10000.0,2,1.0,1,1,1,0,0,0,0,1,0,0,0,0,0,medio_baixo
7,10000.0,223,0.852017937219731,1,3,1,0,0,0,1,1,1,0,0,0,0,baixo
3,35000.0,9,1.0,1,5,1,1,0,0,1,0,1,1,1,0,1,medio_alto
6,750000.0,2543,0.8313016122689737,11,5,1,0,0,0,1,1,1,0,0,0,1,gratuito
2,10000.0,0,0.0,1,4,1,0,0,0,1,0,0,1,0,0,1,gratuito
6,10000.0,23,0.8260869565217391,2,2,1,0,0,0,1,0,0,1,0,0,0,medio_baixo
17,0.0,0,0.0,1,1,1,0,0,0,0,0,0,1,0,0,0,alto
11,35000.0,250,0.504,1,4,1,0,0,0,1,0,1,1,0,0,1,alto
2,10000.0,284,0.9964788732394366,1,2,1,1,1,1,1,0,1,0,0,0,0,baixo
10,3500000.0,175287,0.9683262306959444,30,2,1,1,1,58,1,0,0,0,0,0,1,medio_alto
2,10000.0,0,0.0,2,2,1,0,0,0,0,1,0,1,0,0,0,medio_alto
2,0.0,0,0.0,0,0,1,0,0,0,0,0,0,0,0,0,0,gratuito
1,0.0,0,0.0,10,4,1,0,0,0,0,0,0,1,1,1,1,medio_alto
1,0.0,0,0.0,3,3,1,0,0,0,1,1,0,1,0,0,0,alto
2,10000.0,0,0.0,1,3,1,0,0,0,1,0,0,1,0,0,1,medio_alto
4,10000.0,9,1.0,3,2,1,1,0,0,1,1,0,0,0,0,0,medio_baixo
1,0.0,0,0.0,14,3,1,0,0,0,1,1,0,0,1,0,0,alto
1,10000.0,0,0.0,1,4,1,0,0,0,1,1,1,1,0,0,0,baixo
3,10000.0,17,0.8823529411764706,6,1,1,0,0,0,0,0,0,1,0,0,0,medio_baixo
12,150000.0,3120,0.8637820512820513,1,1,1,0,0,2,0,0,1,0,0,0,0,medio_alto
9,75000.0,116,0.3620689655172414,1,2,1,0,0,0,1,0,0,1,0,0,0,baixo
5,0.0,0,0.0,1,5,1,0,0,0,1,1,1,0,0,0,1,gratuito
7,10000.0,5,0.6,1,2,1,0,1,0,1,0,0,0,1,0,0,medio_alto
5,10000.0,1,0.0,1,4,1,0,0,0,1,1,0,1,0,0,0,medio_alto
10,750000.0,882,0.6791383219954649,1,2,1,0,0,0,1,0,1,0,0,0,0,baixo
10,10000.0,5,0.8,1,3,1,0,0,0,1,0,0,1,0,0,0,medio_baixo
3,10000.0,133,0.8571428571428571,8,2,1,0,0,0,1,0,1,0,0,0,0,medio_alto
9,35000.0,11,0.5454545454545454,8,2,1,0,0,0,0,0,0,1,0,1,0,medio_baixo
3,75000.0,254,0.8070866141732284,8,3,1,0,0,0,1,1,1,0,0,0,0,alto
9,1500000.0,28906,0.9221268940704352,12,2,1,0,0,0,0,1,1,0,0,0,0,alto
2,10000.0,47,0.8723404255319149,2,3,1,0,0,0,1,1,1,0,0,0,0,medio_baixo
2,10000.0,3,1.0,1,3,1,1,0,0,1,0,0,1,0,1,0,medio_baixo
2,10000.0,0,0.0,1,2,1,0,0,0,1,0,0,0,1,0,0,medio_baixo
4,35000.0,21,0.7619047619047619,5,4,1,0,0,0,1,0,1,0,1,1,0,alto
6,10000.0,3,1.0,1,3,1,0,0,0,1,0,0,1,0,0,0,medio_baixo
7,10000.0,11,0.6363636363636364,2,4,1,0,0,0,1,0,0,0,1,0,1,medio_alto
14,350000.0,1771,0.8097120271033315,6,2,1,0,0,0,0,0,0,0,0,1,0,alto
2,10000.0,10,1.0,2,2,1,0,0,0,1,1,0,0,0,0,0,baixo
11,35000.0,92,0.6086956521739131,1,2,1,0,0,0,1,0,0,0,0,0,0,gratuito
1,10000.0,0,0.0,4,2,1,0,0,0,1,0,1,0,0,0,0,medio_alto
9,10000.0,43,0.7209302325581395,1,5,1,0,0,0,1,0,0,1,0,0,1,alto
1,750000.0,832,0.6237980769230769,6,6,1,0,0,6,1,1,1,0,1,0,0,gratuito
4,150000.0,2606,0.875287797390637,11,3,1,0,0,1,1,0,0,0,0,1,1,alto
6,10000.0,1,1.0,1,4,1,0,0,0,1,1,0,1,0,1,0,baixo
3,10000.0,47,0.9787234042553191,1,1,1,0,0,0,0,0,0,0,0,0,1,medio_baixo
8,35000.0,127,0.889763779527559,12,4,1,0,0,0,1,0,0,1,0,1,1,baixo
1,0.0,0,0.0,4,2,1,0,0,1,0,0,0,0,0,0,1,medio_alto
1,10000.0,0,0.0,1,3,1,0,0,1,1,1,1,0,0,0,0,baixo
4,10000.0,6,0.8333333333333334,13,2,1,0,0,0,1,1,0,0,0,0,0,medio_baixo
1,10000.0,2,1.0,1,4,1,0,0,0,1,1,1,0,1,0,0,medio_alto
4,0.0,0,0.0,6,2,1,0,0,0,1,1,0,0,0,0,0,gratuito
3,10000.0,164,0.6585365853658537,4,3,1,0,0,0,1,0,1,1,0,0,0,alto
5,10000.0,3,0.3333333333333333,2,3,1,0,0,0,1,0,1,1,0,0,0,baixo
5,75000.0,12,0.75,1,4,1,0,0,0,0,0,0,0,1,0,0,gratuito
4,0.0,0,0.0,0,0,1,0,0,0,0,0,0,0,0,0,0,gratuito
1,0.0,0,0.0,19,1,1,1,0,0,0,0,0,0,0,0,0,alto
8,10000.0,216,0.9259259259259259,1,7,1,0,0,0,1,1,1,0,0,0,0,baixo
4,10000.0,112,0.9017857142857143,1,3,1,0,0,0,1,1,1,0,0,0,0,gratuito
16,35000.0,85,0.5411764705882353,1,0,1,1,0,0,0,0,0,0,0,0,0,medio_alto
4,10000.0,5,0.8,1,2,1,0,0,0,0,0,0,0,0,0,1,medio_baixo
4,10000.0,4,0.75,1,2,1,0,0,0,0,0,1,1,0,0,0,medio_alto
9,10000.0,6,1.0,1,1,1,1,0,0,0,0,0,0,0,0,0,alto
9,350000.0,5848,0.9625512995896033,13,0,1,1,1,2,0,0,0,0,0,0,0,alto
5,10000.0,13,1.0,1,3,1,0,0,0,1,1,0,1,0,0,0,baixo
8,10000.0,20,0.75,1,2,1,0,0,1,1,0,1,0,0,0,0,alto
1,10000.0,1,1.0,1,2,1,0,0,0,1,1,0,0,0,0,0,baixo
1,10000.0,0,0.0,1,3,1,0,0,1,1,0,0,1,0,0,1,medio_alto
4,10000.0,197,0.9289340101522843,1,3,1,0,0,1,1,0,0,1,1,0,0,baixo
1,10000.0,43,0.9302325581395349,4,3,1,0,0,0,1,1,0,0,1,0,0,medio_alto
8,10000.0,1,1.0,10,2,1,0,0,0,1,0,0,1,0,0,0,medio_baixo
1,10000.0,0,0.0,4,3,1,0,0,0,1,0,1,1,0,0,0,medio_alto
10,10000.0,38,0.8421052631578947,1,2,1,0,0,0,0,1,1,0,0,0,0,medio_baixo
4,10000.0,121,0.6528925619834711,1,5,1,0,0,0,1,1,0,0,1,1,0,alto
12,350000.0,3315,0.8980392156862745,12,2,1,1,1,1,0,0,1,0,1,0,0,medio_alto
2,75000.0,1820,0.9285714285714286,6,4,1,1,0,3,1,0,0,1,1,0,1,alto
5,10000.0,3,1.0,1,2,1,0,0,0,1,0,0,1,0,0,0,baixo
6,35000.0,12,0.4166666666666667,1,2,1,0,0,0,0,0,0,1,1,0,0,medio_alto
6,10000.0,8,1.0,4,3,1,0,0,0,1,0,0,1,0,1,0,medio_baixo
2,150000.0,1879,0.9579563597658329,10,3,1,0,0,0,1,1,1,0,0,0,0,alto
8,10000.0,0,0.0,1,5,1,0,0,0,1,1,1,1,0,0,1,baixo
4,10000.0,4,0.75,2,3,1,0,0,0,1,0,0,1,0,1,0,medio_baixo
7,35000.0,538,0.9944237918215614,1,2,1,0,0,0,1,0,1,0,0,0,0,baixo
3,10000.0,11,0.45454545454545453,1,3,1,0,0,0,1,0,0,0,0,0,1,gratuito
1,0.0,0,0.0,1,2,1,0,0,1,1,1,0,0,0,0,0,alto
7,10000.0,10,0.9,1,4,1,0,0,1,1,1,1,0,0,0,0,medio_alto
6,10000.0,319,0.8338557993730408,4,1,1,0,0,0,1,0,0,0,0,0,0,alto
5,10000.0,37,0.35135135135135137,2,1,1,0,0,0,1,0,0,0,0,0,0,baixo
5,10000.0,14,0.8571428571428571,1,3,1,0,0,0,1,0,0,1,0,1,0,baixo
1,10000.0,0,0.0,1,3,1,0,0,0,0,1,1,0,1,0,0,alto
5,10000.0,5,0.2,1,4,1,0,1,0,1,1,1,1,0,0,0,baixo
6,10000.0,1,0.0,1,2,1,1,1,0,1,0,0,1,0,0,0,baixo
2,10000.0,4,0.75,2,3,1,0,0,0,1,1,1,0,0,0,0,alto
3,10000.0,3,1.0,1,2,1,1,1,0,0,1,1,0,0,0,0,medio_baixo
1,10000.0,0,0.0,1,4,1,0,0,0,1,1,0,0,1,0,0,medio_alto
1,10000.0,0,0.0,5,2,1,0,0,0,0,0,1,0,1,0,0,alto
1,0.0,0,0.0,1,2,1,0,0,0,1,0,0,1,0,0,0,medio_baixo
1,10000.0,0,0.0,1,2,1,0,0,0,0,0,1,0,1,0,0,alto
11,150000.0,1367,0.6239941477688369,14,1,1,1,1,3,0,0,1,0,0,0,0,medio_alto
3,0.0,0,0.0,0,0,1,0,0,0,0,0,0,0,0,0,0,gratuito
1,10000.0,13,0.9230769230769231,1,4,1,0,0,0,1,1,0,1,0,1,0,baixo
6,10000.0,26,0.9615384615384616,1,2,1,0,0,0,1,0,0,0,0,0,0,gratuito
2,10000.0,0,0.0,28,4,1,0,1,2,1,0,1,1,0,0,1,baixo
4,0.0,0,0.0,0,0,1,0,0,0,0,0,0,0,0,0,0,gratuito
1,10000.0,0,0.0,13,4,1,0,0,1,1,0,1,1,0,0,1,alto
4,0.0,0,0.0,0,0,1,0,0,0,0,0,0,0,0,0,0,gratuito
1,0.0,0,0.0,0,0,1,0,0,0,0,0,0,0,0,0,0,gratuito
4,10000.0,46,0.6304347826086957,1,3,1,0,0,0,1,0,0,1,0,0,1,medio_alto
4,10000.0,17,0.7647058823529411,2,1,1,0,0,0,0,0,0,0,0,0,0,alto
2,10000.0,439,0.7539863325740319,3,3,1,0,0,0,0,1,0,0,1,0,0,gratuito
3,10000.0,0,0.0,1,1,1,0,0,0,0,0,1,0,0,0,0,medio_alto
5,0.0,0,0.0,0,0,1,0,0,0,0,0,0,0,0,0,0,gratuito
11,10000.0,42,0.5476190476190477,3,3,1,0,0,0,1,1,0,1,0,0,0,medio_baixo
5,10000.0,5,1.0,1,2,1,0,0,0,0,1,0,1,0,0,0,baixo
6,10000.0,10,0.7,8,1,1,0,0,0,0,1,0,0,0,0,0,alto
2,0.0,0,0.0,103,2,1,0,0,0,1,0,0,1,0,0,0,baixo
8,10000.0,3,0.3333333333333333,1,2,1,0,0,0,1,1,0,0,0,0,0,medio_baixo
2,10000.0,4,1.0,1,2,1,0,0,0,0,1,0,0,0,0,0,medio_baixo
4,0.0,0,0.0,2,7,1,0,0,4,1,1,1,0,1,1,1,gratuito
1,10000.0,1,1.0,3,1,1,0,0,0,0,0,0,0,0,1,0,alto
3,0.0,0,0.0,1,2,1,0,0,0,0,1,0,0,0,0,0,gratuito
13,350000.0,797,0.823086574654956,3,2,1,1,0,2,1,0,1,0,0,0,0,medio_alto
5,10000.0,2,0.5,1,5,1,0,0,0,1,1,1,0,0,0,1,alto
6,10000.0,219,0.9360730593607306,1,3,1,1,1,3,1,0,0,1,0,0,1,alto
5,10000.0,3,1.0,1,3,1,0,0,0,1,1,0,1,0,0,0,baixo
4,10000.0,39,0.7692307692307693,1,2,1,0,0,0,1,1,0,0,0,0,0,medio_baixo
2,10000.0,21,1.0,1,4,1,0,0,1,0,1,0,0,0,1,1,alto
1,0.0,0,0.0,1,4,1,0,0,0,1,1,0,1,0,0,1,medio_alto
6,10000.0,0,0.0,2,2,1,0,0,0,1,0,0,1,0,0,0,baixo
1,3500000.0,81558,0.9753304396870939,11,2,1,0,0,1,0,1,1,0,0,0,0,alto
1,10000.0,13,0.7692307692307693,5,1,1,1,0,0,0,0,0,0,0,1,0,alto
1,10000.0,0,0.0,5,4,1,0,0,0,1,0,1,0,0,1,1,alto
1,0.0,0,0.0,1,3,1,1,1,0,1,0,1,1,0,0,0,alto
1,0.0,0,0.0,0,0,1,0,0,0,0,0,0,0,0,0,0,gratuito
1,0.0,0,0.0,0,0,1,0,0,0,0,0,0,0,0,0,0,gratuito
1,0.0,0,0.0,1,4,1,0,0,0,1,1,0,1,0,0,0,gratuito
4,35000.0,1,1.0,8,3,1,0,0,2,1,1,0,1,0,0,0,medio_alto
7,10000.0,3,0.3333333333333333,1,2,1,1,0,0,1,0,0,0,1,0,0,medio_alto
11,35000.0,364,0.8791208791208791,4,2,1,1,1,1,1,1,0,0,0,0,0,alto
6,75000.0,911,0.9330406147091108,15,1,1,1,0,0,0,0,0,0,0,0,0,alto
5,10000.0,63,0.9206349206349206,2,2,1,1,0,0,1,0,0,1,0,0,0,medio_baixo
1,0.0,0,0.0,1,3,1,0,0,0,1,0,0,1,0,0,0,gratuito
7,35000.0,18,0.16666666666666666,1,4,1,0,0,0,1,0,1,1,0,1,0,baixo
11,10000.0,151,0.8543046357615894,2,3,1,0,0,0,1,0,1,1,0,0,0,medio_alto
1,0.0,0,0.0,7,4,1,0,0,0,1,1,0,1,0,0,0,medio_baixo
2,10000.0,1,1.0,1,2,1,0,0,0,1,0,0,1,0,0,0,medio_baixo
1,0.0,0,0.0,9,4,1,0,0,0,1,1,1,1,0,0,0,medio_alto
1,10000.0,0,0.0,1,3,1,0,0,0,1,0,1,0,0,1,0,baixo
1,10000.0,109,1.0,1,2,1,0,1,1,1,0,0,1,0,0,0,medio_alto
6,10000.0,17,0.8235294117647058,1,2,1,0,0,0,1,0,0,0,0,0,0,gratuito
1,0.0,0,0.0,0,0,1,0,0,0,0,0,0,0,0,0,0,gratuito
2,0.0,0,0.0,0,0,1,0,0,0,0,0,0,0,0,0,0,gratuito
4,10000.0,21,0.6666666666666666,3,5,1,0,0,0,1,1,1,1,0,1,0,medio_alto
4,10000.0,30,0.6,29,4,1,0,0,0,1,1,0,1,0,0,0,alto
4,10000.0,6,0.6666666666666666,4,1,1,0,0,0,0,0,0,1,0,0,0,medio_alto
3,35000.0,11,0.45454545454545453,4,1,1,0,0,0,1,0,0,0,0,0,0,baixo
5,35000.0,382,0.9895287958115183,5,3,1,1,1,0,1,0,1,0,1,0,0,medio_alto
1,10000.0,0,0.0,2,1,1,0,0,0,1,0,0,0,0,0,0,medio_baixo
2,10000.0,1,1.0,1,3,1,0,0,0,1,0,0,1,0,0,1,medio_alto
7,10000.0,62,0.8870967741935484,3,3,1,0,0,0,1,1,0,1,0,0,0,medio_alto
2,35000.0,136,0.75,10,2,1,0,0,9,0,1,0,1,0,0,0,baixo
3,0.0,0,0.0,1,1,1,1,0,1,1,0,0,0,0,0,0,gratuito
7,10000.0,6,1.0,1,4,1,1,0,0,1,1,1,1,0,0,0,baixo
10,10000.0,69,0.4927536231884058,4,2,1,0,0,0,0,0,0,1,0,0,1,baixo
10,10000.0,22,0.8636363636363636,2,1,1,0,0,0,1,0,0,0,0,0,0,alto
2,10000.0,0,0.0,1,5,1,0,1,0,1,1,0,1,1,0,1,medio_alto
4,10000.0,46,0.8695652173913043,1,4,1,0,0,0,1,1,1,0,1,0,0,alto
19,7500000.0,41782,0.9706572208127902,17,1,1,0,1,1,0,1,0,0,0,0,0,gratuito
7,10000.0,26,0.6923076923076923,1,2,1,0,0,0,0,0,1,0,1,0,0,medio_baixo
1,0.0,0,0.0,0,0,1,0,0,0,0,0,0,0,0,0,0,gratuito
4,0.0,0,0.0,0,0,1,0,0,0,0,0,0,0,0,0,0,gratuito
4,10000.0,9,0.8888888888888888,2,3,1,0,0,0,1,1,1,0,0,0,0,medio_baixo
8,10000.0,7,1.0,1,2,1,0,0,0,1,1,0,0,0,0,0,gratuito
2,10000.0,0,0.0,15,4,1,1,1,0,1,0,1,1,1,0,0,baixo
4,10000.0,22,0.7272727272727273,1,2,1,0,0,1,1,1,0,0,0,0,0,baixo
6,10000.0,6,0.16666666666666666,6,2,1,0,1,0,1,1,0,0,0,0,0,baixo
7,10000.0,9,1.0,1,2,1,0,0,0,1,0,0,1,0,0,0,medio_alto
7,10000.0,8,0.25,1,3,1,0,0,0,1,1,0,0,0,0,0,alto
1,0.0,0,0.0,0,0,1,0,0,0,0,0,0,0,0,0,0,gratuito
5,10000.0,0,0.0,103,1,1,0,0,0,0,0,0,1,0,0,0,gratuito
2,10000.0,14,0.9285714285714286,2,2,1,0,0,0,1,0,1,0,0,0,0,medio_baixo
2,0.0,0,0.0,1,2,1,0,0,0,0,1,0,0,0,0,0,gratuito
10,350000.0,2807,0.8699679372996081,1,2,1,1,0,1,0,0,0,0,0,1,1,medio_alto
11,35000.0,137,0.8613138686131386,1,3,1,0,0,1,0,1,1,0,0,1,0,baixo
2,10000.0,18,0.9444444444444444,1,2,1,0,0,1,0,0,1,0,1,0,0,medio_alto
4,10000.0,1,1.0,1,2,1,0,0,0,1,0,0,1,0,0,0,baixo
2,0.0,0,0.0,0,0,1,0,0,0,0,0,0,0,0,0,0,gratuito
3,35000.0,29,0.9655172413793104,1,3,1,0,0,0,1,1,0,0,0,0,0,gratuito
2,10000.0,0,0.0,9,1,1,0,0,1,0,0,0,0,0,0,1,alto
15,150000.0,681,0.684287812041116,3,3,1,1,0,0,1,0,1,1,0,0,0,medio_baixo
1,10000.0,0,0.0,1,3,1,0,0,0,1,0,0,1,0,0,0,medio_alto
6,10000.0,29,0.9310344827586207,1,4,1,0,0,0,0,0,1,1,0,0,0,gratuito
4,10000.0,0,0.0,1,4,1,0,0,1,0,0,0,0,0,0,0,alto
4,10000.0,7,0.7142857142857143,1,4,1,0,0,0,1,0,1,0,1,0,0,gratuito
4,10000.0,26,0.9615384615384616,6,2,1,1,0,0,1,0,0,1,0,0,0,medio_baixo
7,10000.0,28,0.5714285714285714,1,1,1,0,0,0,1,0,0,0,0,0,0,medio_baixo
1,0.0,0,0.0,1,4,1,0,0,0,1,1,1,0,0,0,0,gratuito
1,10000.0,4,0.5,1,4,1,0,0,0,1,1,1,0,0,0,0,medio_baixo
5,10000.0,500,0.492,4,2,1,1,0,1,0,0,0,0,1,0,0,gratuito
1,75000.0,8,0.75,2,2,1,0,0,0,1,0,1,0,0,0,0,baixo
4,0.0,0,0.0,0,0,1,0,0,0,0,0,0,0,0,0,0,gratuito
2,10000.0,826,0.9733656174334141,11,1,1,0,0,0,0,1,0,0,0,0,0,baixo
2,10000.0,15,0.9333333333333333,12,3,1,0,0,0,1,1,0,0,0,0,0,medio_alto
10,75000.0,156,0.6346153846153846,6,3,1,1,1,1,1,1,0,1,0,0,0,medio_baixo
4,10000.0,3,1.0,1,3,1,0,0,0,1,0,0,1,0,1,0,medio_alto
1,10000.0,0,0.0,3,2,1,0,0,0,1,0,0,0,1,0,0,medio_alto
2,35000.0,14,1.0,1,4,1,0,1,0,1,0,0,1,0,0,1,baixo
1,10000.0,5,1.0,1,3,1,1,0,1,1,0,0,0,1,1,0,medio_alto
2,10000.0,21,1.0,1,4,1,0,0,0,1,1,1,1,0,0,0,baixo
2,10000.0,1,1.0,1,1,1,0,0,1,0,1,0,0,0,0,0,medio_alto
1,10000.0,0,0.0,1,1,1,1,1,1,1,0,0,0,0,0,0,alto
9,10000.0,6,1.0,1,2,1,0,0,0,1,1,0,0,0,0,0,baixo
1,0.0,0,0.0,30,6,1,0,0,0,1,0,0,1,0,1,1,medio_alto
5,10000.0,2,1.0,1,4,1,0,0,0,1,1,1,0,1,0,0,medio_baixo
2,10000.0,209,0.7655502392344498,5,5,1,1,1,2,1,1,0,1,1,1,0,medio_alto
2,10000.0,6,1.0,2,4,1,0,1,0,1,0,0,1,0,1,1,medio_baixo
2,10000.0,7,1.0,1,4,1,0,0,0,1,0,1,1,0,0,1,baixo
6,10000.0,27,0.4074074074074074,1,4,1,0,0,0,1,1,0,1,0,0,0,baixo
9,10000.0,21,0.7142857142857143,1,3,1,1,0,0,1,1,0,1,0,0,0,alto
2,10000.0,45,0.7777777777777778,3,4,1,0,0,0,0,0,0,0,1,1,1,alto
6,10000.0,1,1.0,17,4,1,0,0,0,1,0,1,1,0,1,0,medio_alto
2,10000.0,15,1.0,3,3,1,1,0,4,1,0,1,0,0,0,1,baixo
13,750000.0,6435,0.8941724941724942,1,4,1,1,1,0,1,1,1,0,1,0,0,medio_baixo
4,75000.0,1214,0.8171334431630972,14,3,1,0,0,5,0,1,0,0,0,0,0,alto
2,0.0,0,0.0,0,0,1,0,0,0,0,0,0,0,0,0,0,gratuito
1,10000.0,0,0.0,1,4,1,0,0,0,1,0,1,1,0,1,0,alto
1,10000.0,0,0.0,1,4,1,0,0,0,1,0,0,1,0,0,1,alto
4,35000.0,30,0.8,2,3,1,1,0,0,1,1,0,0,0,0,0,gratuito
4,0.0,0,0.0,103,2,1,0,0,0,0,1,1,0,0,0,0,baixo
7,10000.0,21,0.7142857142857143,1,4,1,0,0,0,1,0,1,1,0,0,0,gratuito
4,0.0,0,0.0,2,3,1,1,0,4,1,0,0,0,0,1,1,gratuito
1,10000.0,11,0.9090909090909091,1,6,1,0,0,0,1,1,1,1,1,0,1,alto
4,10000.0,331,0.6102719033232629,14,1,1,0,0,0,0,0,0,0,0,1,0,alto
4,35000.0,34,0.9117647058823529,1,2,1,0,0,0,1,0,1,0,0,0,0,baixo
1,10000.0,0,0.0,1,1,1,0,0,0,0,0,0,1,0,0,0,gratuito
5,75000.0,7,1.0,1,2,1,0,0,0,1,0,1,0,0,0,0,medio_baixo
5,35000.0,408,0.9215686274509803,1,4,1,1,0,0,1,0,0,1,0,1,1,medio_alto
4,10000.0,21,0.5238095238095238,1,3,1,1,0,0,1,0,0,0,1,1,0,medio_alto
1,0.0,0,0.0,1,3,1,0,0,0,1,1,0,0,0,0,0,gratuito
1,10000.0,0,0.0,12,2,1,0,0,0,1,0,0,1,0,0,0,medio_baixo
7,10000.0,10,0.2,1,3,1,0,0,0,1,1,1,0,0,0,0,baixo
3,150000.0,1628,0.961916461916462,12,1,1,1,1,1,0,0,0,0,0,0,1,alto
2,150000.0,753,0.547144754316069,2,3,1,1,0,0,1,0,0,0,1,1,0,alto
1,10000.0,7,1.0,1,3,1,0,0,0,1,0,1,1,0,0,0,medio_alto
2,150000.0,1878,0.7795527156549521,13,4,1,0,0,0,1,0,1,1,0,0,1,medio_baixo
5,10000.0,35,0.8571428571428571,3,2,1,0,0,0,1,0,1,0,0,0,0,alto
14,350000.0,1599,0.6116322701688556,1,1,1,0,0,0,0,1,0,0,0,0,0,medio_baixo
1,0.0,0,0.0,1,4,1,1,0,0,1,0,0,1,0,1,0,gratuito
3,0.0,0,0.0,1,3,1,0,0,0,0,0,0,1,0,0,0,gratuito
2,35000.0,3,1.0,2,2,1,0,0,0,1,0,1,0,0,0,0,medio_baixo
10,10000.0,29,0.6896551724137931,1,2,1,0,0,0,1,1,0,0,0,0,0,baixo
1,10000.0,43,1.0,25,2,1,0,0,1,1,1,0,0,0,0,0,medio_alto
4,10000.0,274,0.9014598540145985,10,3,1,0,0,1,1,1,1,0,0,0,0,medio_baixo
6,10000.0,0,0.0,1,1,1,0,0,0,0,0,0,1,0,0,0,medio_alto
3,10000.0,0,0.0,1,2,1,1,1,2,1,0,0,1,0,0,0,medio_alto
1,0.0,0,0.0,1,1,1,0,0,0,0,0,0,0,1,0,0,alto
9,10000.0,44,0.9090909090909091,1,4,1,0,0,0,1,1,0,1,0,0,0,alto
1,0.0,0,0.0,2,3,1,0,0,0,1,1,1,0,0,0,0,medio_alto
5,10000.0,0,0.0,1,2,1,0,0,1,0,1,1,0,0,0,0,medio_alto
12,750000.0,2634,0.810554290053151,1,3,1,0,0,0,1,0,0,1,0,0,1,gratuito
1,10000.0,0,0.0,10,3,1,0,0,1,1,0,0,1,0,0,1,medio_alto
3,10000.0,3,0.0,1,2,1,0,0,0,0,0,1,1,0,0,0,medio_alto
6,10000.0,2,0.5,1,2,1,0,0,0,1,0,0,0,0,1,0,baixo
2,0.0,0,0.0,0,0,1,0,0,0,0,0,0,0,0,0,0,gratuito
12,750000.0,13220,0.9169440242057488,8,1,1,0,0,7,0,0,0,0,1,0,0,medio_alto
7,10000.0,2,0.5,1,3,1,0,0,0,1,1,1,0,0,0,0,baixo
1,10000.0,0,0.0,1,2,1,0,0,0,1,0,1,0,0,0,0,medio_baixo
6,150000.0,1455,0.5237113402061856,10,3,1,0,0,1,1,0,1,0,0,0,1,baixo
2,10000.0,3,0.0,1,2,1,0,0,0,1,0,1,0,0,0,0,medio_alto
4,35000.0,2,1.0,1,3,1,0,0,0,1,0,1,1,0,0,0,medio_baixo
1,0.0,0,0.0,1,3,1,0,0,1,1,0,0,1,0,0,0,gratuito
9,10000.0,4,0.25,1,3,1,0,0,0,0,0,0,0,0,0,0,gratuito
6,35000.0,1,1.0,2,2,1,1,0,0,1,1,0,0,0,0,0,medio_baixo
1,0.0,0,0.0,1,4,1,0,0,0,1,0,0,1,0,1,0,gratuito
3,0.0,0,0.0,2,1,1,0,0,0,0,0,0,0,0,0,0,gratuito
10,1500000.0,28378,0.5984213122841638,12,2,1,0,0,6,0,1,1,0,0,0,0,alto
15,350000.0,3424,0.8764602803738317,1,1,1,0,0,0,0,1,0,0,0,0,0,medio_alto
10,35000.0,118,0.635593220338983,1,2,1,0,0,0,1,1,0,0,0,0,0,medio_alto
11,75000.0,164,0.4146341463414634,2,4,1,0,0,0,1,1,1,0,0,1,0,baixo
9,10000.0,3,0.6666666666666666,1,2,1,0,0,0,0,0,0,0,0,0,0,medio_baixo
3,0.0,0,0.0,1,4,1,0,0,0,0,0,0,1,1,1,1,gratuito
2,0.0,0,0.0,6,4,1,1,1,0,1,1,0,1,0,0,0,gratuito
2,10000.0,0,0.0,5,2,1,0,1,0,0,0,0,1,0,0,1,alto
3,350000.0,4571,0.742944651061037,5,2,1,0,0,0,0,0,0,0,0,1,1,alto
1,0.0,0,0.0,2,2,1,0,0,0,0,0,0,1,0,0,0,gratuito
2,0.0,0,0.0,2,5,1,0,0,1,1,1,1,0,0,0,0,gratuito
9,10000.0,21,0.47619047619047616,6,4,1,1,0,0,1,0,0,1,0,1,1,medio_baixo
5,35000.0,20,0.65,103,1,1,0,0,0,1,0,0,0,0,0,0,baixo
7,10000.0,4,0.5,1,2,1,0,0,0,0,0,0,0,0,1,1,medio_baixo
2,10000.0,6,1.0,5,3,1,0,0,0,1,0,1,0,1,0,0,medio_alto
5,10000.0,117,0.8461538461538461,2,4,1,0,0,0,1,0,1,1,0,0,1,baixo
2,0.0,0,0.0,1,4,1,0,0,0,1,1,1,0,0,0,0,gratuito
6,75000.0,2,0.5,4,3,1,0,0,0,1,1,1,0,0,0,0,medio_alto
7,10000.0,9,0.3333333333333333,9,3,1,0,0,0,1,1,1,0,0,0,0,alto
1,0.0,0,0.0,0,0,1,0,0,0,0,0,0,0,0,0,0,gratuito
1,35000.0,31,0.8387096774193549,1,2,1,1,1,0,1,0,1,0,0,0,0,medio_alto
6,10000.0,126,0.9682539682539683,11,3,1,0,0,1,0,1,0,1,0,0,0,alto
3,10000.0,13,0.9230769230769231,4,3,1,0,0,0,0,1,1,0,0,1,0,alto
7,35000.0,12,0.8333333333333334,1,3,1,0,0,0,0,0,0,1,0,0,0,gratuito
12,75000.0,513,0.6842105263157895,6,2,1,1,1,0,1,0,0,0,0,1,0,baixo
9,35000.0,196,0.8316326530612245,1,3,1,0,0,2,1,0,1,1,0,0,0,baixo
10,10000.0,38,0.7368421052631579,1,2,1,1,1,0,1,1,0,0,0,0,0,baixo
5,10000.0,15,0.4666666666666667,1,2,1,1,1,1,1,0,0,1,0,0,0,baixo
8,10000.0,26,0.5769230769230769,2,3,1,0,0,0,1,0,0,1,0,0,1,medio_baixo
2,75000.0,854,0.4531615925058548,1,3,1,0,0,1,1,0,1,0,0,0,0,gratuito
9,10000.0,3,0.6666666666666666,1,2,1,0,0,0,1,1,0,0,0,0,0,alto
4,10000.0,18,1.0,2,2,1,1,1,0,1,0,0,1,0,0,0,medio_baixo
3,10000.0,2,1.0,6,2,1,0,0,0,1,0,1,0,0,0,0,medio_alto
1,10000.0,3,1.0,1,3,1,0,0,0,1,0,0,1,0,0,1,baixo
2,10000.0,0,0.0,12,3,1,0,0,11,0,0,0,1,0,0,1,gratuito
4,10000.0,1,1.0,3,4,1,1,1,0,1,0,1,1,0,1,0,medio_baixo
10,10000.0,42,0.8333333333333334,1,4,1,0,0,0,1,1,1,0,1,0,0,medio_baixo
2,10000.0,13,0.8461538461538461,1,2,1,0,0,0,1,0,0,0,0,0,0,baixo
6,10000.0,19,0.6842105263157895,1,1,1,0,0,0,1,0,0,0,0,0,0,medio_baixo
1,0.0,0,0.0,6,4,1,1,1,0,1,0,0,1,1,1,0,medio_alto
8,10000.0,2,0.5,1,2,1,0,0,0,1,1,0,0,0,0,0,medio_alto
15,75000.0,169,0.8402366863905325,2,3,1,0,0,0,1,1,1,0,0,0,0,medio_baixo
2,10000.0,0,0.0,6,4,1,0,0,0,1,0,1,1,1,0,0,baixo
2,10000.0,79,0.8607594936708861,6,3,1,0,0,1,1,0,0,0,1,1,0,medio_alto
1,0.0,0,0.0,0,0,1,0,0,0,0,0,0,0,0,0,0,gratuito
6,750000.0,2328,0.6202749140893471,1,5,1,1,1,0,1,0,1,0,1,0,0,gratuito
4,10000.0,5,0.8,1,1,1,0,0,0,0,0,1,0,0,0,0,alto
2,10000.0,0,0.0,1,2,1,0,0,0,0,0,1,0,1,0,0,medio_alto
7,10000.0,34,0.7941176470588235,2,3,1,0,0,0,1,1,1,0,0,0,0,baixo
3,10000.0,0,0.0,1,1,1,0,0,0,0,0,0,1,0,0,0,medio_baixo
3,35000.0,14,0.8571428571428571,2,3,1,0,1,0,1,1,1,0,0,0,0,medio_baixo
3,10000.0,108,0.6944444444444444,4,3,1,0,0,0,1,0,0,1,0,0,1,baixo
7,10000.0,6,1.0,3,3,1,0,1,0,1,0,1,1,0,0,0,baixo
2,10000.0,2,1.0,1,1,1,0,0,0,0,0,1,0,0,0,0,baixo
2,10000.0,2,1.0,3,3,1,0,0,0,1,0,1,1,0,0,0,medio_baixo
4,35000.0,313,0.9105431309904153,1,2,1,0,0,0,1,0,0,0,1,0,0,medio_baixo
6,35000.0,3,0.0,2,6,1,0,0,0,1,0,1,1,0,1,1,alto
3,10000.0,31,0.7419354838709677,1,3,1,0,0,0,0,1,1,0,0,0,0,gratuito
10,35000.0,93,0.7526881720430108,1,4,1,1,1,0,1,0,0,0,1,1,1,alto
2,10000.0,1,1.0,1,4,1,0,0,0,1,1,1,0,0,0,0,medio_baixo
7,10000.0,191,0.9790575916230366,1,2,1,0,0,0,1,1,0,0,0,0,0,baixo
16,75000.0,19,0.7894736842105263,5,1,1,0,0,0,0,0,0,1,0,0,0,baixo
7,10000.0,1,1.0,1,1,1,0,0,0,0,0,0,0,0,0,0,alto
4,75000.0,9,0.8888888888888888,1,2,1,0,0,0,0,1,0,0,1,0,0,medio_baixo
4,75000.0,167,1.0,1,3,1,0,0,0,0,0,1,0,1,0,1,medio_alto
4,10000.0,30,0.6666666666666666,3,5,1,0,0,0,1,0,0,0,0,1,1,medio_alto
1,0.0,0,0.0,12,3,1,0,1,0,1,1,0,0,0,0,0,gratuito
1,0.0,0,0.0,0,0,1,0,0,0,0,0,0,0,0,0,0,gratuito
5,10000.0,9,0.7777777777777778,1,3,1,0,0,0,1,0,0,1,0,1,0,medio_baixo
1,0.0,0,0.0,1,3,1,0,0,0,1,1,0,1,0,0,0,medio_baixo
3,10000.0,5,0.8,4,1,1,1,0,1,0,0,1,0,0,0,0,medio_baixo
1,10000.0,1,1.0,1,4,1,0,0,0,1,1,1,0,0,0,1,baixo
11,750000.0,1067,0.3542642924086223,1,2,1,0,0,0,1,0,0,0,0,0,0,baixo
1,10000.0,115,0.9826086956521739,11,2,1,0,0,0,1,0,1,0,0,0,0,baixo
6,10000.0,0,0.0,1,1,1,0,0,8,0,0,0,0,0,1,0,medio_alto
1,0.0,0,0.0,1,4,1,1,1,0,1,1,1,0,0,0,0,gratuito
11,750000.0,94804,0.8141534112484705,1,6,1,0,0,0,1,1,1,0,0,0,1,alto
19,750000.0,4592,0.9631968641114983,5,1,1,1,0,0,0,0,0,0,0,1,0,medio_alto
1,0.0,0,0.0,8,3,1,0,0,0,1,0,0,1,1,0,0,medio_alto
1,0.0,0,0.0,5,2,1,0,0,0,0,0,1,1,0,0,0,medio_baixo
8,35000.0,77,0.8311688311688312,1,3,1,1,1,1,1,0,1,0,0,0,0,gratuito
10,10000.0,52,0.8653846153846154,1,1,1,0,0,0,1,0,0,0,0,0,0,baixo
5,75000.0,674,0.5445103857566765,10,4,1,0,0,0,1,1,1,1,0,0,0,baixo
9,10000.0,50,0.9,3,5,1,0,0,0,1,1,0,1,0,0,0,medio_baixo
12,150000.0,521,0.8330134357005758,1,3,1,1,1,0,1,1,0,0,0,1,0,baixo
9,35000.0,1335,0.9333333333333333,29,2,1,0,0,0,1,0,0,1,0,0,0,baixo
1,10000.0,1,0.0,1,2,1,0,0,0,1,0,1,0,0,0,0,alto
18,75000.0,2,0.5,1,2,1,0,0,0,0,0,0,1,0,1,0,alto
4,10000.0,25,0.88,1,4,1,1,0,0,1,0,1,0,0,0,1,gratuito
11,150000.0,871,0.8645235361653272,8,1,1,1,1,1,0,0,1,0,0,0,0,medio_baixo
5,10000.0,258,0.8837209302325582,7,3,1,0,0,1,1,1,1,0,0,0,0,medio_baixo
4,10000.0,40,0.8,2,3,1,0,0,0,1,1,1,0,0,0,0,alto
7,10000.0,131,0.3282442748091603,2,4,1,0,0,0,1,1,1,0,0,0,0,medio_alto
2,0.0,0,0.0,0,0,1,0,0,0,0,0,0,0,0,0,0,gratuito
2,10000.0,87,0.7241379310344828,1,2,1,0,0,0,1,0,0,1,0,0,0,medio_baixo
2,0.0,0,0.0,103,3,1,0,1,0,1,0,0,0,0,0,1,gratuito
6,10000.0,3,0.3333333333333333,1,4,1,0,0,0,1,0,1,0,1,0,0,medio_baixo
1,0.0,0,0.0,0,0,1,0,0,0,0,0,0,0,0,0,0,gratuito
3,10000.0,2,1.0,1,2,1,0,0,0,1,0,0,0,0,0,1,medio_baixo
4,0.0,0,0.0,1,2,1,0,0,0,0,1,0,0,0,0,0,gratuito
3,0.0,0,0.0,0,0,1,0,0,0,0,0,0,0,0,0,0,gratuito
6,10000.0,72,0.7222222222222222,1,6,1,0,0,0,1,0,0,1,0,0,1,alto
1,0.0,0,0.0,1,4,1,1,1,0,1,1,0,0,0,0,0,gratuito
4,75000.0,17,1.0,1,1,1,0,0,0,0,0,0,0,1,0,0,baixo
7,10000.0,7,0.7142857142857143,1,5,1,0,0,0,1,1,0,0,0,0,1,baixo
6,10000.0,5,1.0,1,2,1,1,0,0,1,0,0,1,0,0,0,medio_baixo
1,0.0,0,0.0,0,0,1,0,0,0,0,0,0,0,0,0,0,gratuito
3,10000.0,11,0.9090909090909091,6,4,1,0,0,0,1,1,0,1,0,0,0,gratuito
11,10000.0,137,0.6277372262773723,3,5,1,1,1,0,1,1,1,0,1,0,0,medio_alto
1,10000.0,7,1.0,1,3,1,0,0,0,1,1,0,1,0,0,0,medio_alto
5,10000.0,1,0.0,2,4,1,0,0,0,1,0,1,1,1,0,0,medio_alto
1,10000.0,0,0.0,1,4,1,0,0,0,1,1,1,1,0,0,0,alto
1,10000.0,0,0.0,1,3,1,0,0,0,1,0,1,1,0,0,0,baixo
2,35000.0,138,0.2898550724637681,8,2,1,0,0,0,0,0,0,0,0,1,1,medio_alto
2,0.0,0,0.0,1,3,1,1,0,1,1,1,0,0,0,0,0,gratuito
3,10000.0,0,0.0,1,1,1,0,0,0,0,0,1,0,0,0,0,gratuito
6,10000.0,173,0.4161849710982659,5,2,1,0,0,0,0,0,0,0,0,0,0,alto
10,10000.0,18,0.6666666666666666,1,2,1,0,0,0,1,1,0,0,0,0,0,medio_alto
4,10000.0,6,1.0,1,4,1,0,1,0,1,1,0,0,0,0,0,alto
3,10000.0,18,0.9444444444444444,8,2,1,0,0,0,1,1,0,0,0,0,0,baixo
11,10000.0,68,0.7058823529411765,1,3,1,1,1,0,0,1,0,1,0,1,0,medio_baixo
8,10000.0,8,1.0,5,3,1,1,0,0,1,1,1,0,0,0,0,baixo
3,10000.0,9298,0.9494514949451495,10,2,1,0,1,7,1,0,0,0,1,0,0,alto
6,10000.0,9,0.5555555555555556,2,2,1,0,0,0,1,0,0,0,0,0,1,baixo
9,10000.0,59,0.8135593220338984,26,3,1,1,0,0,0,1,1,0,0,1,0,gratuito
8,10000.0,15183,0.710333926101561,12,2,1,1,1,0,0,1,1,0,0,0,0,medio_alto
4,0.0,0,0.0,1,3,1,1,0,0,1,0,0,1,0,0,0,gratuito
4,10000.0,5,0.4,1,4,1,0,0,0,1,0,1,0,0,0,1,medio_baixo
1,0.0,0,0.0,7,1,1,0,0,0,0,0,0,1,0,0,0,medio_baixo
2,35000.0,29,1.0,1,2,1,0,0,0,1,0,0,0,0,0,0,medio_baixo
7,75000.0,909,0.9262926292629263,4,2,1,1,0,1,1,0,0,0,1,0,0,medio_alto
1,0.0,0,0.0,3,2,1,0,0,0,0,0,0,0,0,1,1,medio_alto
3,10000.0,3,1.0,1,4,1,1,0,0,1,1,1,0,0,0,0,medio_alto
6,10000.0,0,0.0,3,2,1,0,0,2,1,0,0,1,0,0,0,baixo
11,10000.0,43,0.5116279069767442,1,2,1,0,1,2,1,0,1,0,0,0,0,medio_alto
4,10000.0,52,0.9423076923076923,1,1,1,0,0,0,0,1,0,0,0,0,0,medio_alto
2,10000.0,551,0.8294010889292196,2,3,1,0,0,0,1,0,1,0,0,0,1,medio_alto
3,10000.0,7,0.2857142857142857,1,3,1,0,0,0,1,0,0,0,0,1,1,baixo
1,10000.0,0,0.0,9,3,1,0,0,0,1,0,0,0,0,1,1,alto
2,10000.0,0,0.0,1,2,1,1,1,0,1,0,0,1,0,0,0,baixo
2,0.0,0,0.0,0,0,1,0,0,0,0,0,0,0,0,0,0,gratuito
8,10000.0,12,1.0,1,3,1,1,0,0,1,1,0,1,0,0,0,medio_baixo
4,10000.0,2,0.5,1,3,1,0,0,0,1,1,0,0,1,0,0,medio_baixo
6,10000.0,5,1.0,3,3,1,1,0,0,1,0,0,1,0,1,0,medio_baixo
5,35000.0,7,0.7142857142857143,1,2,1,0,0,1,1,0,0,0,1,0,0,baixo
4,10000.0,3,1.0,2,3,1,0,0,0,1,0,0,1,0,0,1,baixo
12,1500000.0,11343,0.9305298421934233,6,3,1,0,1,0,1,1,0,0,0,0,0,gratuito
2,10000.0,0,0.0,1,1,1,0,0,0,0,0,0,0,0,0,1,alto
1,10000.0,16,0.75,26,4,1,0,0,0,1,1,1,0,0,0,0,baixo
4,10000.0,7,0.7142857142857143,1,5,1,0,0,0,1,1,1,1,0,1,0,baixo
2,10000.0,0,0.0,2,2,1,0,0,0,0,0,0,1,0,1,0,medio_alto
1,0.0,0,0.0,0,0,1,0,0,0,0,0,0,0,0,0,0,gratuito
1,0.0,0,0.0,1,2,1,0,0,0,1,0,0,0,0,0,0,baixo
4,75000.0,947,0.9609292502639916,13,2,1,0,0,1,1,1,0,0,0,0,0,alto
9,10000.0,1,1.0,1,2,1,0,0,0,1,0,0,0,0,0,1,baixo
4,10000.0,12,0.25,1,4,1,0,0,3,1,0,0,1,0,1,1,baixo
6,10000.0,23,0.9565217391304348,1,1,1,1,0,0,1,0,0,0,0,0,0,gratuito
2,35000.0,9,0.6666666666666666,1,5,1,0,0,0,1,0,0,1,1,0,1,medio_alto
7,10000.0,27,0.9629629629629629,1,1,1,0,0,0,0,0,0,0,0,0,0,gratuito
2,10000.0,248,0.9879032258064516,3,3,1,0,0,0,0,0,1,1,0,0,1,alto
8,10000.0,33,0.6060606060606061,2,6,1,0,0,0,1,0,1,1,1,1,1,medio_alto
1,0.0,0,0.0,1,2,1,0,0,0,1,0,0,0,0,0,0,gratuito
6,75000.0,9,0.8888888888888888,1,2,1,0,0,0,0,0,0,0,0,0,1,gratuito
3,10000.0,154,0.8441558441558441,4,2,1,0,0,1,0,0,0,1,0,1,0,baixo
2,10000.0,1,0.0,5,2,1,1,0,1,0,0,0,1,0,0,1,alto
1,10000.0,4,1.0,1,1,1,0,0,0,0,1,0,0,0,0,0,medio_baixo
3,10000.0,3,0.6666666666666666,1,1,1,0,0,0,0,1,0,0,0,0,0,medio_baixo
3,10000.0,1,0.0,1,4,1,0,0,0,0,1,1,0,1,0,0,baixo
2,10000.0,11,0.5454545454545454,1,4,1,0,0,1,1,1,0,1,0,0,0,gratuito
3,0.0,0,0.0,3,3,1,0,0,0,0,0,0,1,0,0,0,gratuito
2,10000.0,109,0.8715596330275229,6,2,1,0,0,0,0,1,0,0,1,0,0,medio_alto
10,35000.0,52,0.7692307692307693,1,1,1,1,0,0,1,0,0,0,0,0,0,medio_alto
9,10000.0,53,0.5849056603773585,1,4,1,1,0,1,1,1,0,0,0,1,1,medio_alto
4,150000.0,7,1.0,2,1,1,0,0,0,0,1,0,0,0,0,0,medio_alto
5,10000.0,25,0.76,1,2,1,0,0,0,0,1,0,0,0,1,0,medio_baixo
6,10000.0,12,0.9166666666666666,1,2,1,1,0,0,1,1,0,0,0,0,0,medio_alto
5,35000.0,3,0.6666666666666666,1,1,1,0,0,0,0,0,0,0,0,0,1,medio_alto
1,35000.0,324,0.808641975308642,6,4,1,0,0,0,1,0,1,0,1,1,0,alto
3,750000.0,33339,0.9730645790215663,14,1,1,0,0,6,0,1,0,0,0,0,0,alto
9,10000.0,8,0.75,1,1,1,1,0,0,0,0,0,1,0,0,0,medio_alto
1,0.0,0,0.0,12,3,1,0,0,0,1,0,0,1,0,0,1,medio_baixo
1,10000.0,0,0.0,5,3,1,0,0,0,1,0,0,1,0,1,0,alto
4,10000.0,0,0.0,1,2,1,0,0,0,1,0,0,1,0,0,0,medio_alto
5,75000.0,92,0.9565217391304348,1,4,1,0,0,0,1,0,1,1,0,1,0,baixo
6,10000.0,227,0.7004405286343612,4,4,1,0,0,1,1,0,0,0,1,1,0,alto
1,0.0,0,0.0,1,3,1,0,0,0,0,0,1,1,0,0,0,gratuito
1,10000.0,0,0.0,1,6,1,0,0,0,1,1,1,1,1,0,1,medio_baixo
8,10000.0,120,0.875,3,2,1,1,0,1,1,0,0,1,0,0,0,baixo
6,10000.0,25,0.84,1,1,1,0,1,0,0,0,0,1,0,0,0,baixo
2,10000.0,0,0.0,8,3,1,0,0,0,0,0,0,1,0,1,1,medio_alto
2,10000.0,12,0.9166666666666666,10,2,1,0,1,0,0,1,0,0,0,1,0,medio_alto
6,10000.0,61,0.6885245901639344,2,2,1,1,0,1,0,0,0,0,0,0,1,alto
1,10000.0,9,1.0,3,3,1,0,0,0,1,0,1,1,0,0,0,medio_alto
1,0.0,0,0.0,1,3,1,0,0,0,1,0,0,1,0,1,0,medio_alto
4,0.0,0,0.0,3,3,1,0,0,0,0,0,0,0,1,0,0,gratuito
1,0.0,0,0.0,1,4,1,0,0,0,0,0,0,1,0,1,1,gratuito
13,35000000.0,663082,0.8963099586476484,12,2,1,0,1,79,0,1,0,0,1,0,0,baixo
3,350000.0,8978,0.7910447761194029,15,4,1,0,0,0,0,1,0,1,0,0,0,gratuito
2,0.0,0,0.0,0,0,1,0,0,0,0,0,0,0,0,0,0,gratuito
1,0.0,0,0.0,0,0,1,0,0,0,0,0,0,0,0,0,0,gratuito
2,10000.0,16,0.8125,10,5,1,0,0,0,1,1,1,1,0,1,0,medio_alto
1,10000.0,0,0.0,1,2,1,0,0,0,1,0,0,0,0,0,1,alto
5,35000.0,72,0.7083333333333334,1,6,1,0,0,1,1,0,1,1,1,0,1,medio_baixo
2,10000.0,14,0.8571428571428571,1,5,1,0,0,1,1,1,1,0,1,0,0,gratuito
4,10000.0,0,0.0,2,2,1,0,0,0,1,1,0,0,0,0,0,gratuito
3,0.0,0,0.0,1,4,1,0,0,0,1,1,0,0,0,0,1,gratuito
1,0.0,0,0.0,2,7,1,0,0,0,1,1,1,0,1,0,0,gratuito
1,10000.0,0,0.0,6,2,1,0,0,0,0,1,1,0,0,0,0,alto
3,10000.0,0,0.0,1,2,1,0,0,0,0,0,1,1,0,0,0,alto
4,10000.0,82,0.7073170731707317,2,3,1,0,0,0,1,0,0,0,1,0,1,alto
1,0.0,0,0.0,0,0,1,0,0,0,0,0,0,0,0,0,0,gratuito
9,35000.0,27,0.7037037037037037,1,3,1,0,0,1,1,0,0,1,0,0,1,medio_baixo
1,10000.0,0,0.0,9,4,1,0,0,0,1,0,1,0,0,0,1,baixo
3,10000.0,47,0.5106382978723404,9,7,1,0,0,0,1,1,1,1,1,0,1,baixo
2,10000.0,9,1.0,6,2,1,1,0,2,0,0,0,1,0,1,0,medio_baixo
8,10000.0,41,0.7804878048780488,29,3,1,0,0,1,1,0,1,1,0,0,0,baixo
7,350000.0,2177,0.8971061093247589,14,2,1,1,1,2,1,0,1,0,0,0,0,medio_alto
9,150000.0,107,0.822429906542056,2,2,1,0,0,0,1,0,0,1,0,0,0,baixo
9,10000.0,15,1.0,1,5,1,1,1,0,1,1,1,1,0,0,0,alto
3,10000.0,5,0.8,2,3,1,0,0,0,1,0,0,1,0,0,1,baixo
12,35000.0,193,0.6476683937823834,1,3,1,1,1,0,1,0,1,0,0,0,1,alto
2,0.0,0,0.0,103,1,1,0,0,0,0,0,0,1,0,0,0,baixo
2,75000.0,780,0.9358974358974359,22,2,1,1,0,0,1,0,1,0,0,0,0,medio_baixo
3,10000.0,2,1.0,1,2,1,0,0,0,0,1,0,1,0,0,0,medio_baixo
5,10000.0,61,0.7049180327868853,3,2,1,0,0,0,1,1,0,0,0,0,0,baixo
14,3500000.0,19772,0.9164980780902287,7,1,1,1,0,0,0,1,0,0,0,0,0,medio_baixo
7,10000.0,28,0.7142857142857143,1,2,1,0,0,0,0,0,0,1,0,0,1,medio_alto
3,10000.0,18,1.0,2,3,1,0,0,0,1,0,1,0,1,0,0,medio_baixo
4,10000.0,3,0.6666666666666666,5,3,1,0,0,0,1,0,1,0,0,0,1,medio_baixo
8,10000.0,7,0.5714285714285714,1,3,1,0,0,0,1,1,0,1,0,0,0,medio_baixo
3,10000.0,1,1.0,1,6,1,0,0,0,1,1,1,1,0,1,1,baixo
3,10000.0,0,0.0,1,3,1,1,1,0,1,0,1,1,0,0,0,medio_alto
6,10000.0,91,0.6483516483516484,6,3,1,1,0,0,1,0,0,0,0,1,1,baixo
4,150000.0,201,0.6616915422885572,1,2,1,0,0,0,0,1,0,0,0,0,0,medio_alto
6,35000.0,26,0.6538461538461539,1,5,1,0,0,0,1,1,0,1,1,0,0,gratuito
6,10000.0,5,0.2,29,6,0,0,1,0,1,1,0,1,0,1,1,baixo
1,10000.0,10,1.0,3,3,1,0,0,0,1,0,0,1,0,1,0,baixo
2,10000.0,0,0.0,1,7,1,0,0,0,1,1,1,1,0,0,0,gratuito
3,0.0,0,0.0,0,0,1,0,0,0,0,0,0,0,0,0,0,gratuito
2,10000.0,9,0.6666666666666666,1,4,1,0,0,26,1,0,0,1,0,1,1,baixo
1,10000.0,0,0.0,19,5,1,0,0,0,1,1,1,1,0,0,1,medio_alto
1,0.0,0,0.0,1,3,1,0,0,1,1,0,0,1,0,0,0,gratuito
1,10000.0,0,0.0,2,2,1,0,1,1,1,0,1,0,0,0,0,alto
3,0.0,0,0.0,0,0,1,0,0,0,0,0,0,0,0,0,0,gratuito
10,350000.0,1222,0.7553191489361702,8,3,1,1,1,0,1,1,1,0,0,0,0,alto
8,10000.0,0,0.0,1,3,1,1,0,0,1,0,0,1,0,1,0,medio_baixo
2,10000.0,39,0.8974358974358975,1,2,1,1,1,0,1,0,1,0,0,0,0,medio_alto
6,10000.0,20,0.85,1,5,1,0,0,0,0,0,0,0,0,0,0,gratuito
9,75000.0,333,0.7657657657657657,20,2,1,0,1,1,1,1,0,0,0,0,0,baixo
6,75000.0,778,0.7429305912596401,2,3,1,0,0,0,1,0,1,0,1,0,0,alto
2,0.0,0,0.0,0,0,1,0,0,0,0,0,0,0,0,0,0,gratuito
5,10000.0,0,0.0,1,4,1,0,0,0,0,0,0,0,0,0,1,alto
3,10000.0,0,0.0,1,1,1,0,0,0,0,1,0,0,0,0,0,gratuito
7,10000.0,17,0.8235294117647058,2,2,1,1,0,0,1,0,1,0,0,0,0,medio_baixo
7,10000.0,49,0.9183673469387755,4,3,1,1,0,0,0,0,0,1,0,1,1,alto
10,750000.0,331,0.3021148036253776,1,4,1,1,1,0,1,1,0,1,0,1,0,baixo
3,10000.0,1,1.0,3,1,1,0,0,0,0,0,0,1,0,0,0,medio_alto
5,10000.0,19,0.47368421052631576,1,4,1,0,0,0,1,1,0,1,1,0,0,medio_baixo
7,10000.0,0,0.0,29,7,1,0,0,2,1,1,1,1,1,1,1,medio_baixo
3,10000.0,6,0.8333333333333334,5,1,1,0,0,0,0,0,0,0,0,0,0,alto
5,10000.0,20,0.6,1,4,1,0,0,0,1,1,1,0,0,0,0,gratuito
6,10000.0,59,0.9491525423728814,1,2,1,0,0,0,1,0,0,1,0,0,0,gratuito
10,35000.0,787,0.9148665819567979,1,4,1,1,1,0,1,0,0,0,1,0,0,medio_baixo
1,10000.0,2,1.0,1,2,1,0,0,0,1,1,0,0,0,0,0,baixo
2,10000.0,5,0.8,1,3,1,0,0,0,1,1,1,0,0,0,0,medio_baixo
3,10000.0,1,0.0,1,1,1,0,0,0,0,0,0,0,0,0,0,medio_alto
4,10000.0,13,0.6153846153846154,1,3,1,0,0,0,1,1,1,0,0,0,0,alto
3,0.0,0,0.0,0,0,1,0,0,0,0,0,0,0,0,0,0,gratuito
3,10000.0,0,0.0,103,2,1,0,0,29,1,0,0,1,0,0,0,baixo
2,0.0,0,0.0,1,0,1,0,0,0,0,0,0,0,0,0,0,gratuito
1,10000.0,10,0.6,3,5,1,0,0,1,1,0,1,1,0,1,1,medio_alto
6,10000.0,2,1.0,1,2,1,0,0,0,0,0,1,0,0,0,0,baixo
5,10000.0,9,1.0,1,4,1,0,0,0,1,1,0,0,0,0,0,gratuito
10,10000.0,20,0.5,1,1,1,0,0,0,0,0,0,1,0,0,0,medio_alto
6,10000.0,0,0.0,1,2,1,0,0,1,1,1,0,0,0,0,0,baixo
1,10000.0,0,0.0,1,1,1,0,0,0,0,1,0,0,0,0,0,medio_baixo
1,10000.0,0,0.0,17,2,1,0,0,0,1,0,1,0,0,0,0,medio_alto
8,35000.0,107,0.8317757009345794,1,2,1,0,0,1,1,0,0,1,0,0,0,baixo
1,10000.0,0,0.0,1,1,1,1,1,0,0,1,0,0,0,0,0,medio_alto
2,0.0,0,0.0,1,4,1,0,0,0,1,0,1,1,0,0,0,gratuito
1,0.0,0,0.0,0,0,1,0,0,0,0,0,0,0,0,0,0,gratuito
8,10000.0,38,0.47368421052631576,1,1,1,0,0,0,0,0,0,1,0,0,0,baixo
1,10000.0,1,1.0,8,3,1,0,0,0,1,1,0,0,0,1,0,baixo
12,10000.0,88,0.5113636363636364,5,4,1,0,0,0,1,0,0,1,0,1,1,baixo
4,10000.0,1,1.0,36,2,1,1,0,0,0,0,0,0,0,1,1,medio_alto
2,10000.0,1,0.0,1,2,1,0,0,0,1,0,0,0,0,0,1,alto
1,10000.0,24,0.875,1,4,1,0,0,0,1,0,1,1,0,0,1,baixo
9,10000.0,0,0.0,1,1,0,1,0,0,0,0,0,0,0,0,0,alto
1,10000.0,0,0.0,2,4,1,0,0,0,1,1,1,1,0,0,0,alto
2,10000.0,3,0.6666666666666666,2,1,1,0,0,0,1,0,0,0,0,0,0,baixo
5,75000.0,2470,0.9927125506072875,1,3,1,0,0,0,1,0,1,1,0,0,0,baixo
9,10000.0,3,1.0,2,2,1,0,0,0,1,1,0,0,0,0,0,medio_alto
12,150000.0,305,0.9016393442622951,9,1,1,0,0,0,0,0,1,0,0,0,0,medio_baixo
3,10000.0,2,0.0,10,1,1,0,0,0,0,0,0,0,0,0,0,alto
2,10000.0,3,1.0,11,3,1,0,0,0,1,1,0,1,0,0,0,medio_alto
5,350000.0,4580,0.7729257641921398,15,1,1,0,0,18,0,1,0,0,0,0,0,alto
9,35000.0,147,0.8027210884353742,1,1,1,0,0,0,0,0,1,0,0,0,0,medio_alto
2,0.0,0,0.0,1,3,1,1,0,0,1,0,1,1,0,0,0,gratuito
1,10000.0,0,0.0,14,3,1,0,0,2,1,1,0,0,0,0,0,alto
2,10000.0,225,0.8755555555555555,1,3,1,0,0,3,0,1,1,1,0,0,0,alto
4,35000.0,24,0.9166666666666666,10,3,1,1,0,0,1,0,0,1,0,1,0,baixo
2,35000.0,539,0.6975881261595547,6,3,1,0,0,0,1,1,0,1,0,0,0,medio_baixo
7,10000.0,11,1.0,2,1,1,0,0,0,1,0,0,0,0,0,0,medio_baixo
6,10000.0,17,0.23529411764705882,1,4,1,0,0,0,1,1,1,1,0,0,0,baixo
9,35000.0,274,0.4708029197080292,1,2,1,0,0,0,1,1,0,0,0,0,0,medio_baixo
1,0.0,0,0.0,3,5,1,0,0,0,1,0,1,1,1,0,1,medio_alto
6,75000.0,413,0.8692493946731235,1,3,1,1,1,0,1,1,0,0,0,0,0,medio_alto
5,35000.0,9,0.8888888888888888,1,4,1,0,0,0,1,1,1,0,0,0,0,medio_alto
2,35000.0,180,0.8444444444444444,1,2,1,0,0,1,1,0,1,0,0,0,0,baixo
8,10000.0,47,0.8723404255319149,5,2,1,1,1,0,1,0,0,1,0,0,0,baixo
3,35000.0,221,0.6244343891402715,3,2,1,0,0,0,1,0,0,0,1,0,0,alto
8,10000.0,11,0.8181818181818182,3,3,1,0,0,0,1,1,0,1,0,0,0,medio_baixo
2,10000.0,164,0.8719512195121951,1,3,1,1,0,1,1,0,1,1,0,0,0,alto
1,10000.0,0,0.0,10,3,1,0,0,0,1,0,1,1,0,0,0,medio_alto
4,10000.0,11,0.8181818181818182,1,4,1,1,1,0,1,1,0,1,0,0,1,gratuito
1,0.0,0,0.0,0,0,1,0,0,0,0,0,0,0,0,0,0,gratuito
6,10000.0,148,0.4797297297297297,1,4,1,0,0,0,1,0,1,0,1,0,0,alto
1,0.0,0,0.0,10,1,1,1,0,0,0,0,0,1,0,0,0,medio_alto
4,10000.0,0,0.0,5,3,1,1,1,0,1,0,0,1,0,0,1,medio_baixo
3,10000.0,1,0.0,1,5,1,0,0,0,1,1,1,0,1,1,0,alto
1,0.0,0,0.0,0,0,1,0,0,0,0,0,0,0,0,0,0,gratuito
2,10000.0,14,1.0,9,2,1,0,0,4,1,0,0,1,0,0,0,medio_baixo
7,10000.0,19,0.7894736842105263,2,1,1,0,0,0,0,0,0,1,0,0,0,alto
4,10000.0,6,0.5,1,3,1,0,0,0,1,1,0,0,0,0,0,medio_alto
2,10000.0,17,0.9411764705882353,1,3,1,1,0,0,1,0,1,0,1,0,0,baixo
1,10000.0,3,0.6666666666666666,1,3,1,0,0,0,1,1,0,1,0,0,0,medio_baixo
8,35000.0,43,0.5581395348837209,2,4,1,0,0,1,1,1,1,1,0,0,0,baixo
2,10000.0,6,0.6666666666666666,1,3,1,0,0,0,0,1,1,0,0,0,0,baixo
6,35000.0,261,0.8199233716475096,1,6,1,0,0,0,0,0,1,1,1,1,1,alto
5,10000.0,20,0.5,1,4,1,0,0,0,1,1,0,1,0,1,0,baixo
4,10000.0,19,0.7368421052631579,1,3,1,0,0,0,1,0,1,0,0,0,0,gratuito
7,150000.0,1739,0.9327199539965497,1,3,1,0,0,0,1,0,0,1,0,0,1,alto
4,10000.0,73,0.6986301369863014,2,1,1,0,0,1,0,0,0,1,0,0,0,medio_baixo
7,10000.0,48,0.8541666666666666,2,3,1,1,0,0,1,1,1,0,0,0,0,medio_alto
3,10000.0,1,1.0,10,5,1,0,0,0,1,1,1,1,0,0,1,medio_baixo
2,0.0,0,0.0,3,4,1,0,0,0,1,0,1,0,1,0,0,gratuito
1,10000.0,42,0.8571428571428571,2,2,1,1,0,0,0,0,0,0,0,0,1,alto
1,10000.0,0,0.0,3,1,1,0,0,0,1,0,0,0,0,0,0,medio_alto
2,0.0,0,0.0,9,2,1,1,0,0,0,0,0,1,0,0,0,gratuito
8,35000.0,44,0.3409090909090909,1,3,1,0,0,0,1,1,0,1,0,0,0,baixo
10,0.0,0,0.0,0,0,1,0,0,0,0,0,0,0,0,0,0,gratuito
2,10000.0,7,1.0,4,3,1,0,0,0,1,1,0,1,0,0,0,medio_baixo
2,10000.0,3,1.0,1,4,1,0,0,0,1,0,0,1,0,1,1,medio_alto
8,10000.0,6,1.0,1,4,1,0,0,0,1,0,1,1,0,0,0,alto
1,10000.0,0,0.0,1,2,1,0,0,0,1,1,0,0,0,0,0,medio_baixo
9,35000.0,319,0.4263322884012539,13,3,1,0,0,0,1,1,0,1,0,0,0,baixo
2,10000.0,2,1.0,1,3,1,0,0,0,1,0,0,0,0,1,0,medio_baixo
3,10000.0,6,1.0,2,3,1,0,0,0,1,1,0,0,0,0,0,baixo
7,10000.0,3,0.3333333333333333,1,3,1,0,0,0,1,1,1,0,0,0,0,medio_alto
2,10000.0,54,0.8333333333333334,2,3,1,0,0,0,1,0,1,0,0,0,1,baixo
10,10000.0,246,0.8211382113821138,2,1,1,0,0,0,0,1,0,0,0,0,0,alto
2,0.0,0,0.0,0,0,1,0,0,0,0,0,0,0,0,0,0,gratuito
2,10000.0,0,0.0,2,3,1,0,0,3,1,0,0,1,0,0,0,gratuito
5,35000.0,1,1.0,2,4,1,0,0,0,1,1,1,0,1,0,0,baixo
7,35000.0,227,0.8281938325991189,10,5,1,0,0,1,1,1,1,1,1,0,0,medio_alto
8,10000.0,9,1.0,1,2,1,0,0,0,1,1,0,0,0,0,0,medio_alto
4,10000.0,16,1.0,1,4,1,0,0,0,0,0,1,1,0,0,1,medio_baixo
1,0.0,0,0.0,2,2,1,0,0,0,0,0,0,0,0,0,1,gratuito
3,10000.0,0,0.0,1,3,1,0,0,0,1,1,0,0,0,0,0,medio_alto
5,10000.0,3,1.0,1,4,1,0,0,0,1,1,1,1,0,0,0,medio_baixo
1,0.0,0,0.0,1,3,1,0,0,0,1,0,0,1,0,0,0,gratuito
4,10000.0,9,0.8888888888888888,2,3,1,0,0,0,1,0,1,1,0,0,0,medio_baixo
4,10000.0,1,1.0,1,1,1,0,0,0,0,0,0,0,0,1,0,baixo
2,10000.0,0,0.0,5,5,1,0,0,0,1,1,1,1,0,0,0,medio_alto
3,10000.0,1,1.0,1,2,1,0,0,0,1,0,0,1,0,0,0,medio_baixo
5,10000.0,2,0.5,1,3,1,0,0,0,1,1,1,0,0,0,0,medio_baixo
10,10000.0,34,0.4117647058823529,1,2,1,1,1,0,1,0,1,0,0,0,0,medio_alto
3,35000.0,176,0.6193181818181818,13,2,1,0,0,0,0,0,0,0,0,0,1,alto
3,10000.0,5,1.0,1,6,1,1,0,0,1,1,1,1,0,0,0,gratuito
3,10000.0,13,0.23076923076923078,14,2,1,0,0,0,0,0,0,1,0,0,1,medio_baixo
8,10000.0,18,0.9444444444444444,9,3,1,1,1,1,1,1,0,1,0,0,0,medio_alto
7,10000.0,6,0.5,4,2,1,0,0,0,1,1,0,0,0,0,0,baixo
4,0.0,0,0.0,0,0,1,0,0,0,0,0,0,0,0,0,0,gratuito
2,10000.0,36,0.8055555555555556,17,5,1,0,0,0,1,1,1,1,0,0,1,baixo
1,0.0,0,0.0,0,0,1,0,0,0,0,0,0,0,0,0,0,gratuito
4,10000.0,0,0.0,2,2,1,0,0,0,1,0,0,1,0,0,0,medio_alto
4,10000.0,1,1.0,1,1,1,0,1,0,1,0,0,0,0,0,0,medio_baixo
5,10000.0,1,1.0,1,4,1,0,0,0,1,0,0,1,0,1,0,medio_baixo
1,0.0,0,0.0,0,0,1,0,0,0,0,0,0,0,0,0,0,gratuito
5,10000.0,15,0.9333333333333333,1,3,1,0,0,0,1,0,1,0,1,0,0,medio_alto
3,10000.0,0,0.0,1,1,1,0,0,0,0,0,0,0,1,0,0,baixo
2,10000.0,4,0.5,2,2,1,0,0,0,1,0,0,0,0,0,1,baixo
4,10000.0,9,0.8888888888888888,7,2,1,0,0,0,0,0,0,1,0,1,0,medio_baixo
1,10000.0,36,1.0,8,5,1,0,0,0,1,1,1,1,0,0,0,medio_baixo
1,0.0,0,0.0,1,2,1,0,0,0,0,0,0,1,1,0,0,alto
2,10000.0,190,0.868421052631579,7,2,1,0,0,0,0,0,0,0,1,1,0,alto
11,75000.0,1142,0.829246935201401,1,3,1,1,1,1,1,0,0,1,0,0,1,medio_baixo
7,10000.0,17,0.4117647058823529,29,3,1,0,0,0,1,1,0,1,0,0,0,baixo
12,10000.0,74,0.17567567567567569,1,4,1,0,0,0,1,1,0,0,0,1,0,alto
9,10000.0,25,0.88,1,1,1,0,0,0,0,0,0,0,0,1,0,baixo
1,10000.0,62,0.9354838709677419,14,3,1,1,1,0,1,1,0,1,0,0,0,medio_alto
1,10000.0,14,0.8571428571428571,1,4,1,0,0,0,1,1,1,0,0,0,0,alto
7,75000.0,28,1.0,1,3,1,0,0,1,1,1,0,0,0,1,0,medio_alto
1,0.0,0,0.0,0,0,1,0,0,0,0,0,0,0,0,0,0,gratuito
5,10000.0,6,0.6666666666666666,1,3,1,0,0,0,1,1,1,0,0,0,0,gratuito
5,75000.0,4,1.0,2,4,1,0,0,0,0,1,0,0,0,0,1,alto
2,0.0,0,0.0,1,2,1,0,0,0,0,0,1,0,0,0,0,gratuito
2,10000.0,47,0.7872340425531915,1,1,1,1,1,0,0,0,0,0,0,0,1,medio_alto
4,10000.0,8,0.5,1,3,1,0,0,0,1,0,0,1,0,1,0,baixo
7,10000.0,4,0.0,1,1,1,0,0,0,0,0,1,0,0,0,0,medio_baixo
3,10000.0,1,0.0,1,1,1,0,0,0,0,1,0,0,0,0,0,medio_baixo
6,35000.0,16,0.875,1,4,1,0,0,1,1,0,0,1,0,1,0,gratuito
1,10000.0,18,0.9444444444444444,8,3,1,0,0,0,1,1,1,0,0,0,0,medio_alto
10,10000.0,30,0.9,6,3,1,0,0,1,1,0,1,1,0,0,0,medio_alto
4,10000.0,47,0.8936170212765957,1,2,1,1,0,0,1,0,0,0,0,1,0,medio_baixo
3,10000.0,2,0.5,1,3,1,0,1,0,1,1,1,0,0,0,0,medio_baixo
6,10000.0,48,0.8125,1,4,1,0,0,0,1,1,1,1,0,0,0,baixo
7,10000.0,23,0.8695652173913043,1,3,1,0,0,0,1,0,1,1,0,0,0,baixo
9,10000.0,7,0.8571428571428571,1,2,1,0,0,0,0,0,1,1,0,0,0,medio_baixo
5,0.0,0,0.0,1,3,1,0,0,0,1,0,0,1,0,0,0,gratuito
2,10000.0,58,0.8103448275862069,1,3,1,0,0,0,1,1,0,0,0,0,0,medio_baixo
8,10000.0,7,0.8571428571428571,1,2,1,1,1,0,1,1,0,0,0,0,0,medio_alto
1,10000.0,0,0.0,1,3,1,0,0,0,1,1,1,0,0,0,0,alto
6,35000.0,344,0.9767441860465116,3,1,1,0,0,0,0,0,0,0,1,0,0,medio_alto
1,0.0,0,0.0,0,0,1,0,0,0,0,0,0,0,0,0,0,gratuito
4,0.0,0,0.0,1,3,1,0,0,0,1,1,1,0,0,0,0,gratuito
2,10000.0,59,0.864406779661017,1,2,1,0,0,2,1,0,1,0,0,0,0,alto
1,0.0,0,0.0,0,0,1,0,0,0,0,0,0,0,0,0,0,gratuito
2,10000.0,17,0.6470588235294118,2,4,1,0,0,0,1,0,0,1,0,0,1,medio_baixo
6,10000.0,18,0.7777777777777778,1,4,1,0,0,0,1,1,1,1,0,0,0,medio_alto
4,10000.0,0,0.0,1,2,1,0,0,0,1,0,0,1,0,0,0,baixo
1,10000.0,0,0.0,1,2,1,1,1,1,1,0,0,1,0,0,0,alto
9,10000.0,7,1.0,1,3,1,1,0,0,1,1,0,1,0,0,0,baixo
4,0.0,0,0.0,0,0,1,0,0,0,0,0,0,0,0,0,0,gratuito
8,10000.0,11,0.6363636363636364,1,7,1,0,0,0,1,1,1,1,1,1,1,baixo
8,10000.0,31,0.6451612903225806,1,3,1,0,0,0,1,0,0,1,0,0,0,medio_alto
9,350000.0,5014,0.8637814120462705,10,3,1,1,1,1,1,0,0,0,0,1,1,medio_baixo
4,0.0,0,0.0,1,2,1,0,0,0,0,1,0,0,0,0,0,gratuito
3,10000.0,0,0.0,1,3,1,1,0,0,1,0,1,1,0,0,0,gratuito
8,10000.0,12,0.8333333333333334,2,1,1,0,0,0,1,0,0,0,0,0,0,medio_alto
10,10000.0,36,0.4166666666666667,1,4,1,1,1,0,1,0,0,1,1,0,1,medio_baixo
5,10000.0,121,0.9752066115702479,29,2,1,0,0,0,1,0,0,1,0,0,0,medio_alto
1,10000.0,0,0.0,10,3,1,1,0,0,1,0,0,1,0,1,0,medio_alto
2,10000.0,64,0.328125,3,6,1,0,0,0,1,1,1,0,1,0,1,gratuito
1,0.0,0,0.0,1,4,1,0,0,0,1,0,0,1,0,1,0,gratuito
12,1500000.0,9777,0.8075074153625856,10,2,1,0,0,3,0,1,1,0,0,0,0,medio_alto
3,35000.0,2,1.0,2,3,1,0,1,0,1,1,0,0,0,0,0,medio_baixo
2,10000.0,6,1.0,1,3,1,0,0,0,1,1,0,0,0,0,0,medio_alto
6,75000.0,298,0.8422818791946308,4,4,1,0,0,0,1,0,1,1,1,0,0,baixo
7,35000.0,140,0.7142857142857143,2,2,1,0,0,0,1,0,0,0,1,0,0,medio_alto
6,10000.0,11,1.0,2,4,1,1,0,0,1,0,0,1,0,1,0,gratuito
5,10000.0,15,0.7333333333333333,2,3,1,0,0,0,0,0,1,0,1,0,1,medio_baixo
3,10000.0,104,0.9230769230769231,2,4,1,1,1,0,1,0,1,1,1,0,0,baixo
10,10000.0,25,0.52,1,2,1,0,0,0,0,1,0,0,0,0,0,medio_alto
3,10000.0,4,0.5,1,1,1,1,1,0,0,0,0,0,1,0,0,medio_alto
11,10000.0,55,0.5636363636363636,2,1,1,0,0,0,1,0,0,0,0,0,0,baixo
1,75000.0,2340,0.7495726495726496,9,4,1,0,0,0,0,1,1,0,0,0,0,alto
12,10000.0,102,0.5490196078431373,1,2,1,1,1,0,1,0,1,0,0,0,0,baixo
5,10000.0,88,0.625,6,3,1,1,1,0,1,0,0,0,0,1,1,alto
7,35000.0,67,0.9104477611940298,3,5,1,0,0,0,1,0,1,1,1,1,0,baixo
9,10000.0,17,0.8823529411764706,2,4,1,0,0,0,1,1,0,0,0,0,1,alto
9,10000.0,23,0.7391304347826086,1,2,1,0,0,0,0,0,1,1,0,0,0,baixo
3,10000.0,0,0.0,1,4,1,0,0,0,1,1,0,1,0,0,1,baixo
6,10000.0,40,0.275,1,2,1,0,0,0,0,0,0,0,0,0,1,alto
1,0.0,0,0.0,0,0,1,0,0,0,0,0,0,0,0,0,0,gratuito
2,10000.0,11,1.0,1,3,1,0,0,0,1,0,0,1,0,0,1,medio_alto
6,35000.0,264,0.8825757575757576,1,3,1,1,0,0,1,0,0,0,0,0,1,gratuito
6,75000.0,1090,0.5266055045871559,3,3,1,0,0,0,1,1,0,0,1,0,0,medio_alto
5,10000.0,15,0.9333333333333333,1,1,1,1,0,0,1,0,0,0,0,0,0,gratuito
2,10000.0,72,0.6944444444444444,2,2,1,0,0,0,1,0,1,0,0,0,0,alto
3,10000.0,47,0.9148936170212766,1,5,1,0,0,0,1,1,1,1,0,0,1,baixo
8,10000.0,27,0.9259259259259259,1,5,1,0,0,1,1,1,1,1,1,0,0,alto
2,10000.0,0,0.0,1,2,1,0,0,0,1,1,0,0,0,0,0,medio_alto
4,10000.0,54,0.8888888888888888,1,3,1,1,1,3,1,0,0,1,0,0,1,medio_alto
1,0.0,0,0.0,2,5,1,0,0,0,1,0,1,1,1,0,0,gratuito
2,750000.0,8613,0.8414025310577035,1,5,1,0,0,2,1,1,0,1,0,0,0,gratuito
9,10000.0,24,0.875,5,4,1,0,0,0,1,1,1,1,0,0,0,alto
8,75000.0,588,0.8061224489795918,1,2,1,1,0,0,1,0,1,0,0,0,0,medio_baixo
2,0.0,0,0.0,6,5,1,0,0,1,1,0,0,0,0,1,1,gratuito
2,10000.0,6,1.0,3,2,1,0,0,0,1,0,0,1,0,0,0,medio_baixo
5,35000.0,19,0.8947368421052632,1,3,1,0,0,0,1,1,0,1,0,0,0,baixo
11,10000.0,24,0.8333333333333334,11,1,1,1,1,0,0,0,0,1,0,0,0,medio_baixo
7,10000.0,1,1.0,3,4,1,0,0,0,1,0,0,1,0,1,0,medio_alto
7,10000.0,21,0.6666666666666666,1,5,1,0,0,0,1,1,1,1,0,0,1,baixo
1,0.0,0,0.0,1,3,1,0,0,0,1,0,0,1,0,0,1,medio_baixo
2,10000.0,3,0.3333333333333333,1,3,1,0,0,0,1,0,1,1,0,0,0,alto
7,35000.0,9,0.7777777777777778,1,2,1,0,0,0,0,0,0,0,1,1,0,alto
9,10000.0,9,0.6666666666666666,1,3,1,0,0,0,1,1,0,1,0,0,0,medio_alto
2,10000.0,1,1.0,1,3,1,0,0,0,1,0,0,0,0,1,1,baixo
1,0.0,0,0.0,0,0,1,0,0,0,0,0,0,0,0,0,0,gratuito
6,75000.0,305,0.8590163934426229,1,4,1,0,0,0,1,1,0,1,0,0,0,gratuito
1,10000.0,9,0.3333333333333333,1,4,1,0,0,0,1,1,1,1,0,0,0,medio_baixo
2,0.0,0,0.0,1,4,1,0,1,0,1,1,0,0,0,1,0,gratuito
5,75000.0,8,0.875,1,2,1,0,0,1,1,0,1,0,0,0,0,alto
2,10000.0,1,0.0,1,5,1,0,0,0,0,1,1,1,1,1,0,medio_baixo
6,10000.0,433,0.8937644341801386,5,3,1,0,0,0,1,0,1,0,1,0,0,medio_alto
8,35000.0,61,0.819672131147541,1,4,1,1,0,0,1,1,0,1,0,0,0,gratuito
2,10000.0,6,1.0,1,3,1,0,0,0,1,0,0,0,0,1,0,alto
12,10000.0,41,0.8292682926829268,1,1,1,0,1,0,0,0,0,0,0,0,1,baixo
1,10000.0,0,0.0,1,6,1,1,1,1,1,0,1,1,1,1,1,alto
2,10000.0,0,0.0,1,4,1,0,0,0,1,1,0,1,0,0,0,baixo
10,10000.0,52,0.75,2,3,1,1,0,1,1,1,1,0,0,0,0,baixo
2,0.0,0,0.0,0,0,1,0,0,0,0,0,0,0,0,0,0,gratuito
3,10000.0,149,0.8389261744966443,6,4,1,1,0,0,1,0,1,1,0,1,0,medio_alto
7,10000.0,4,0.75,1,4,1,0,0,0,1,1,0,0,0,0,0,gratuito
8,10000.0,2,0.0,1,1,1,0,0,0,0,0,0,0,0,0,0,gratuito
3,10000.0,0,0.0,3,3,1,0,0,0,0,1,0,1,0,0,1,baixo
5,10000.0,1,1.0,1,3,1,0,0,1,1,1,0,1,0,0,0,medio_baixo
2,10000.0,2,1.0,1,4,1,0,0,0,1,1,0,1,0,0,0,medio_alto
1,0.0,0,0.0,1,4,1,0,0,0,1,1,0,1,0,0,1,baixo
3,35000.0,122,0.9016393442622951,8,4,1,0,0,0,1,0,0,0,0,1,1,alto
5,0.0,0,0.0,0,0,1,0,0,0,0,0,0,0,0,0,0,gratuito
3,10000.0,0,0.0,2,6,1,0,0,0,1,1,1,1,1,0,1,baixo
7,10000.0,398,0.8768844221105527,2,1,1,0,0,1,1,0,0,0,0,0,0,gratuito
8,10000.0,13,0.6153846153846154,1,3,1,1,0,0,1,0,0,0,1,0,0,alto
2,10000.0,2,1.0,1,2,1,0,1,0,1,1,0,0,0,0,0,medio_baixo
3,0.0,0,0.0,1,2,1,0,0,0,0,0,0,1,0,0,0,gratuito
5,0.0,0,0.0,2,3,1,0,0,1,1,0,1,1,0,0,0,baixo
3,10000.0,0,0.0,8,1,1,0,0,0,0,0,0,1,0,0,0,medio_baixo
4,35000.0,3,1.0,5,6,1,0,0,0,1,1,1,1,0,0,0,medio_baixo
3,0.0,0,0.0,1,2,1,0,0,0,1,0,0,1,0,0,0,gratuito
6,10000.0,16,0.8125,1,1,1,0,0,0,1,0,0,0,0,0,0,baixo
3,10000.0,5,1.0,2,3,1,0,0,0,0,1,1,1,0,0,0,baixo
6,10000.0,44,0.5681818181818182,2,4,1,0,0,0,1,0,1,1,0,0,1,baixo
7,35000.0,154,0.4675324675324675,1,5,1,0,0,0,1,1,0,0,0,0,0,alto
5,75000.0,352,0.7869318181818182,1,3,1,1,0,0,1,0,1,0,1,0,0,alto
4,10000.0,19,0.8421052631578947,1,4,1,0,0,0,1,0,1,1,1,0,0,medio_baixo
3,10000.0,10,0.5,2,3,1,0,0,0,1,1,0,1,0,0,0,alto
7,75000.0,763,0.6146788990825688,7,5,1,0,0,0,1,1,0,1,1,0,0,baixo
1,7500000.0,55881,0.6906640897621732,13,3,1,0,0,0,0,1,1,0,0,0,0,alto
8,10000.0,32,0.625,1,4,1,0,0,0,0,1,0,1,0,0,1,medio_alto
6,35000.0,344,0.6482558139534884,3,2,1,0,0,0,1,0,0,0,1,0,0,alto
4,10000.0,12,0.8333333333333334,1,3,1,0,0,0,1,0,0,1,0,0,0,alto
3,10000.0,15,0.8,5,5,1,0,0,0,1,1,1,1,0,1,0,gratuito
3,10000.0,42,0.7380952380952381,4,4,1,0,0,0,1,0,1,1,1,0,0,alto
2,10000.0,52,1.0,1,3,1,0,0,0,1,1,0,1,0,0,0,alto
1,35000.0,407,0.6240786240786241,12,4,1,0,1,0,1,0,1,0,1,1,0,alto
1,10000.0,84,0.7380952380952381,1,4,1,0,0,0,0,0,1,0,0,1,1,alto
1,35000.0,19,1.0,14,2,1,0,0,0,1,0,0,1,0,0,0,medio_baixo
10,10000.0,12,0.5833333333333334,1,4,1,1,1,0,1,1,0,0,0,0,0,alto
1,10000.0,0,0.0,1,3,1,0,1,0,1,1,1,0,0,0,0,alto
4,10000.0,0,0.0,3,2,1,0,0,0,1,0,0,1,0,0,0,baixo
3,35000.0,10,0.9,1,1,1,0,0,0,1,0,0,0,0,0,0,baixo
8,7500000.0,107465,0.7870004187409855,12,6,1,0,0,12,0,1,1,0,1,1,1,alto
1,10000.0,0,0.0,6,4,1,1,0,2,1,0,1,0,1,1,0,alto
1,0.0,0,0.0,1,3,1,0,0,0,1,1,0,0,0,0,0,alto
1,10000.0,703,0.9743954480796586,11,1,1,1,0,0,0,0,0,1,0,0,0,alto
2,150000.0,11,1.0,17,4,1,0,0,0,1,1,1,1,0,0,0,baixo
1,0.0,0,0.0,1,2,1,0,0,0,0,0,0,1,0,0,0,gratuito
12,350000.0,2557,0.8396558466953461,10,3,1,0,0,0,1,0,0,1,0,1,0,baixo
2,0.0,0,0.0,103,1,1,0,0,0,0,0,0,1,0,0,0,baixo
1,10000.0,11,0.36363636363636365,1,2,1,0,0,0,1,0,0,0,0,0,0,baixo
2,10000.0,1,0.0,2,1,1,0,0,0,0,0,0,0,0,1,0,medio_baixo
2,10000.0,0,0.0,1,1,1,0,0,0,0,0,0,0,1,0,0,alto
11,1500000.0,24650,0.882393509127789,7,1,1,1,1,3,0,0,0,0,1,0,0,alto
11,10000.0,40,0.225,1,4,1,0,0,0,1,0,1,0,1,0,0,alto
11,10000.0,32,0.28125,1,2,1,0,0,0,1,1,0,0,0,0,0,baixo
1,0.0,0,0.0,1,9,1,0,0,0,1,1,1,1,1,1,1,gratuito
4,35000.0,62,0.6129032258064516,4,4,1,1,1,0,1,0,1,0,1,1,0,baixo
1,10000.0,4,1.0,1,4,1,0,0,0,1,1,0,1,0,1,0,medio_alto
2,10000.0,12,0.8333333333333334,1,2,1,0,0,0,1,0,0,0,0,0,1,medio_alto
5,10000.0,8,0.625,1,2,1,0,0,1,1,0,0,0,1,0,0,baixo
6,10000.0,156,0.9038461538461539,2,3,1,0,1,0,1,0,1,0,0,0,0,gratuito
8,10000.0,32,0.71875,4,2,1,1,0,0,0,0,0,1,0,1,0,alto
4,0.0,0,0.0,2,4,1,0,0,0,1,1,1,0,0,0,0,gratuito
4,10000.0,28,0.7857142857142857,4,3,1,0,1,0,0,0,1,0,0,1,1,alto
5,1500000.0,398,0.8542713567839196,7,3,1,0,0,0,1,1,1,0,0,0,0,medio_alto
5,10000.0,7,0.7142857142857143,2,4,1,0,0,0,1,0,1,0,1,0,0,alto
5,10000.0,18,0.8333333333333334,27,1,1,0,1,1,0,0,0,1,0,0,0,baixo
4,35000.0,10,0.7,1,4,1,0,0,0,0,1,1,1,0,1,0,gratuito
1,10000.0,0,0.0,2,3,1,0,0,0,1,0,1,1,0,0,0,baixo
8,10000.0,60,0.6333333333333333,6,3,1,0,0,1,1,1,1,0,0,0,0,baixo
4,10000.0,26,1.0,29,2,1,0,0,0,1,0,0,1,0,0,0,medio_baixo
2,35000.0,1,1.0,1,5,1,0,0,0,1,1,1,1,1,0,0,medio_baixo
8,75000.0,2495,0.8889779559118236,2,3,1,0,0,1,0,0,1,1,0,0,1,alto
13,10000.0,446,0.9260089686098655,1,2,1,0,0,0,1,1,0,0,0,0,0,baixo
12,35000.0,62,0.8225806451612904,1,4,1,0,0,1,1,0,1,1,1,0,0,baixo
3,10000.0,0,0.0,14,1,1,0,0,1,1,0,0,0,0,0,0,baixo
1,10000.0,0,0.0,1,4,1,1,1,0,1,1,0,1,0,0,0,medio_baixo
5,10000.0,5,1.0,1,3,1,0,1,0,1,1,1,0,0,0,0,baixo
9,10000.0,12,0.5,1,3,1,0,1,3,1,0,1,1,0,0,0,medio_alto
4,10000.0,13,0.8461538461538461,4,3,1,0,1,0,0,1,0,1,0,1,0,baixo
4,75000.0,1,1.0,1,2,1,1,1,0,1,0,1,0,0,0,0,alto
10,10000.0,18,0.7222222222222222,1,2,1,1,1,0,1,1,0,0,0,0,0,medio_baixo
8,10000.0,40,0.45,1,1,1,0,0,0,0,0,0,1,0,0,0,baixo
2,10000.0,145,0.8758620689655172,3,4,1,0,0,0,1,0,1,1,0,0,1,medio_baixo
5,10000.0,202,0.905940594059406,6,4,1,0,1,2,1,1,1,1,0,0,0,medio_alto
8,150000.0,1350,0.9444444444444444,1,5,1,1,0,0,1,1,1,0,1,0,1,medio_alto
1,10000.0,0,0.0,1,1,1,0,0,0,0,0,0,0,1,0,0,medio_alto
11,75000.0,195,0.4153846153846154,1,3,1,1,1,1,1,1,1,0,0,0,0,baixo
1,0.0,0,0.0,0,0,1,0,0,0,0,0,0,0,0,0,0,gratuito
8,35000.0,519,0.9383429672447013,1,2,1,0,0,1,1,0,0,1,0,0,0,gratuito
4,35000.0,63,0.8888888888888888,1,2,1,0,1,1,1,0,0,0,1,0,0,medio_alto
2,10000.0,8,0.0,2,1,1,0,0,0,1,0,0,0,0,0,0,medio_baixo
2,10000.0,6,1.0,11,1,1,1,1,0,1,0,0,0,0,0,0,alto
3,10000.0,15,0.9333333333333333,5,2,1,0,0,0,1,1,0,0,0,0,0,alto
10,75000.0,43,0.5348837209302325,1,3,1,0,0,0,1,1,1,0,0,0,0,baixo
7,35000.0,457,0.5295404814004376,5,2,1,0,0,0,0,0,0,0,0,1,1,alto
1,0.0,0,0.0,33,4,1,0,0,0,0,1,1,1,1,0,0,medio_alto
2,10000.0,20,1.0,8,2,1,0,0,0,1,0,0,1,0,0,0,medio_baixo
2,10000.0,29,0.896551724137931,8,4,1,0,0,0,1,0,0,0,0,0,1,medio_alto
6,10000.0,35,0.45714285714285713,1,5,1,0,0,0,1,0,0,1,1,1,1,alto
6,10000.0,21,0.5714285714285714,3,1,1,0,0,0,0,0,0,1,0,0,0,medio_alto
2,0.0,0,0.0,8,4,1,0,0,0,1,0,0,0,1,0,1,gratuito
2,10000.0,1,1.0,1,4,1,0,0,0,0,0,0,1,1,1,1,medio_alto
5,10000.0,197,0.8934010152284264,10,3,1,1,1,2,1,0,1,1,0,0,0,alto
4,10000.0,0,0.0,3,2,1,0,0,0,1,0,0,1,0,0,0,medio_baixo
7,10000.0,7,0.14285714285714285,7,2,1,0,0,0,1,1,0,0,0,0,0,alto
3,35000.0,75,0.8533333333333334,1,5,1,0,0,0,1,1,1,1,0,0,1,baixo
10,10000.0,6,1.0,1,2,1,0,0,0,0,0,1,1,0,0,0,medio_alto
7,10000.0,34,0.6470588235294118,1,5,1,0,0,0,1,1,1,1,0,0,0,baixo
1,10000.0,0,0.0,1,4,1,0,0,1,1,1,1,0,1,0,0,alto
2,10000.0,3,1.0,1,2,1,0,0,0,1,1,0,0,0,0,0,baixo
3,10000.0,47,0.5531914893617021,1,2,1,0,0,0,0,1,1,0,0,0,0,medio_baixo
1,10000.0,0,0.0,1,2,1,0,1,0,0,1,0,0,0,0,1,medio_baixo
5,10000.0,95,0.4105263157894737,7,3,1,0,0,0,0,1,0,0,1,0,0,gratuito
11,35000.0,38,0.3684210526315789,1,2,1,0,0,0,1,0,0,1,0,0,0,medio_alto
7,10000.0,33,0.696969696969697,1,1,1,0,0,1,0,0,0,0,0,0,1,gratuito
6,10000.0,450,0.7488888888888889,4,4,1,0,0,0,1,1,1,1,0,0,0,medio_alto
1,0.0,0,0.0,1,3,1,0,0,0,1,1,0,0,0,0,1,medio_alto
9,75000.0,36,0.9166666666666666,1,2,1,0,0,1,1,0,0,0,1,0,0,baixo
2,35000000.0,169021,0.7011613941462895,9,5,1,0,0,9,0,1,1,0,1,0,0,alto
1,10000.0,0,0.0,9,2,1,0,1,0,1,0,1,0,0,0,0,medio_alto
12,350000.0,1530,0.965359477124183,1,2,1,1,0,2,1,0,0,0,0,0,1,alto
1,10000.0,124,0.3790322580645161,1,1,1,0,0,0,0,0,0,0,0,1,0,baixo
7,10000.0,7,0.2857142857142857,3,7,1,0,0,0,1,1,1,1,0,1,1,medio_alto
2,0.0,0,0.0,103,8,1,0,0,24,1,1,1,1,1,0,1,gratuito
17,350000.0,522,0.5593869731800766,1,2,1,0,0,0,0,0,0,0,1,1,0,baixo
1,10000.0,0,0.0,4,3,1,0,0,0,0,1,1,0,0,0,0,medio_alto
9,10000.0,514,0.7879377431906615,7,3,1,1,1,1,1,1,1,0,0,0,0,baixo
1,0.0,0,0.0,1,1,1,0,0,0,0,0,0,1,0,0,0,medio_baixo
6,35000000.0,473743,0.8130019863090325,11,5,1,0,0,0,1,1,0,1,0,0,0,gratuito
5,10000.0,14,0.8571428571428571,1,1,1,0,0,0,0,1,0,0,0,0,0,alto
3,10000.0,0,0.0,1,1,1,0,0,0,0,1,0,0,0,0,0,medio_alto
4,10000.0,7,0.8571428571428571,1,3,1,0,0,0,1,1,0,0,1,0,0,baixo
1,0.0,0,0.0,1,5,1,0,0,0,1,0,0,1,0,0,1,gratuito
5,10000.0,13,1.0,3,2,1,0,0,0,1,1,0,0,0,0,0,baixo
1,0.0,0,0.0,0,0,1,0,0,0,0,0,0,0,0,0,0,gratuito
1,10000.0,7,0.8571428571428571,7,3,1,0,1,0,1,1,1,0,0,0,0,medio_baixo
6,35000.0,2,1.0,2,2,1,0,0,0,1,0,0,0,0,1,0,baixo
2,10000.0,8,0.625,1,3,1,0,0,0,1,0,1,1,0,0,0,baixo
6,10000.0,30,0.6666666666666666,29,2,1,0,0,0,1,0,0,1,0,0,0,baixo
5,10000.0,23,0.6086956521739131,1,4,1,0,0,0,1,0,1,1,0,0,1,baixo
5,10000.0,1,1.0,1,2,1,0,0,0,1,0,0,1,0,0,0,baixo
5,35000.0,6,1.0,1,3,1,0,0,0,1,1,0,1,0,0,0,gratuito
2,0.0,0,0.0,1,3,1,0,1,0,1,0,1,0,0,0,0,gratuito
1,0.0,0,0.0,0,0,1,0,0,0,0,0,0,0,0,0,0,gratuito
8,10000.0,8,0.75,1,2,1,0,0,0,1,0,0,1,0,0,0,medio_baixo
8,10000.0,1,1.0,1,2,1,1,1,1,1,1,0,0,0,0,0,medio_alto
6,10000.0,12,1.0,12,2,1,0,0,0,1,0,0,1,0,0,0,medio_baixo
3,10000.0,48,0.9166666666666666,1,2,1,0,1,0,1,1,0,0,0,0,0,medio_baixo
4,75000.0,9,0.4444444444444444,2,3,1,0,0,0,1,1,1,0,0,0,0,medio_alto
8,10000.0,113,0.911504424778761,1,2,1,1,1,1,1,0,0,1,0,0,0,alto
9,10000.0,41,0.6341463414634146,1,4,1,1,1,0,1,0,1,0,0,1,0,medio_alto
1,10000.0,0,0.0,2,3,1,1,0,0,1,0,1,1,0,0,0,alto
2,0.0,0,0.0,30,3,1,0,0,0,0,0,1,1,0,0,1,medio_alto
10,10000.0,79,0.7468354430379747,1,4,1,0,0,0,1,1,0,1,0,1,0,alto
8,10000.0,7,0.7142857142857143,2,2,1,0,0,0,1,1,0,0,0,0,0,medio_baixo
2,75000.0,3,1.0,1,2,1,0,0,0,1,1,0,0,0,0,0,baixo
2,35000.0,50,0.66,1,4,1,0,0,0,1,1,0,1,0,0,0,gratuito
7,10000.0,14,0.9285714285714286,1,5,1,0,0,0,1,1,1,1,1,0,0,medio_alto
5,10000.0,0,0.0,1,2,1,0,0,0,1,0,0,1,0,0,0,medio_alto
1,10000.0,0,0.0,10,5,1,0,0,0,1,1,1,0,1,0,1,alto
5,10000.0,21,0.7619047619047619,1,4,1,0,0,0,1,0,1,1,0,0,1,medio_baixo
8,35000.0,12,0.6666666666666666,1,3,1,0,0,0,1,1,0,1,0,0,0,baixo
5,35000.0,8,0.5,1,3,1,0,0,0,1,0,1,1,0,0,0,medio_baixo
11,10000.0,52,0.6730769230769231,6,5,1,0,0,0,1,1,0,1,0,0,1,medio_baixo
3,10000.0,0,0.0,1,2,1,0,0,0,1,0,0,1,0,0,0,medio_baixo
7,10000.0,13,0.46153846153846156,2,1,1,1,0,0,1,0,0,0,0,0,0,gratuito
6,35000.0,6,1.0,11,2,1,0,0,0,1,0,0,1,0,0,0,medio_alto
1,0.0,0,0.0,14,2,1,0,0,0,1,0,0,1,0,0,0,medio_baixo
2,10000.0,0,0.0,103,4,1,0,0,0,1,1,0,1,1,0,0,baixo
1,10000.0,308,0.7175324675324676,9,3,1,0,0,0,1,1,0,1,0,0,0,alto
4,10000.0,0,0.0,1,4,1,0,0,0,1,1,1,0,0,0,1,alto
2,0.0,0,0.0,0,0,1,0,0,0,0,0,0,0,0,0,0,gratuito
10,35000.0,270,0.4740740740740741,1,4,1,0,0,0,1,0,1,1,0,0,1,medio_alto
3,0.0,0,0.0,0,0,1,0,0,0,0,0,0,0,0,0,0,gratuito
6,10000.0,5,1.0,1,2,1,0,0,0,1,0,1,0,0,0,0,medio_alto
3,0.0,0,0.0,103,4,1,1,1,1,1,0,0,1,0,0,1,baixo
3,350000.0,4304,0.8234200743494424,11,5,1,0,0,1,1,0,0,0,1,1,1,alto
11,35000.0,101,0.49504950495049505,1,3,1,0,0,0,1,1,0,0,1,0,0,baixo
10,10000.0,13,0.5384615384615384,1,2,1,0,0,0,1,1,0,0,0,0,0,alto
8,35000.0,173,0.6820809248554913,1,4,1,0,0,0,1,0,0,1,0,0,1,baixo
3,75000.0,3142,0.9296626352641629,6,4,1,0,0,0,1,1,1,0,0,0,1,baixo
1,10000.0,125,0.856,6,2,1,1,0,0,0,1,0,0,0,1,0,medio_baixo
1,10000.0,6,0.8333333333333334,2,4,1,0,0,0,1,1,0,1,0,1,0,medio_alto
4,10000.0,20,0.85,1,3,1,0,0,0,0,0,0,0,1,1,1,medio_baixo
5,10000.0,1,1.0,1,3,1,0,0,0,1,0,0,1,1,0,0,medio_alto
2,10000.0,62,0.9032258064516129,1,1,1,0,0,0,0,0,0,0,0,1,0,medio_baixo
7,10000.0,26,0.9615384615384616,1,3,1,0,0,0,1,0,0,1,0,0,0,gratuito
4,10000.0,23,0.5217391304347826,103,6,1,1,1,0,1,1,1,1,0,1,1,alto
4,10000.0,11,0.8181818181818182,1,2,1,0,0,0,0,1,1,0,0,0,0,baixo
5,75000.0,436,0.8142201834862385,2,3,1,0,0,0,1,0,1,1,0,0,0,baixo
11,350000.0,5312,0.9627259036144579,2,1,1,1,1,0,0,0,1,0,0,0,0,gratuito
1,0.0,0,0.0,1,2,1,0,0,1,0,0,0,1,0,0,0,gratuito
1,10000.0,0,0.0,1,3,1,0,0,0,1,1,0,1,0,0,0,baixo
1,10000.0,0,0.0,1,5,1,1,0,0,1,0,1,1,1,0,0,alto
3,10000.0,6,0.8333333333333334,6,3,1,0,0,0,1,1,1,0,0,0,0,baixo
6,35000.0,50,0.54,1,1,1,0,0,0,0,0,0,1,0,0,0,medio_alto
1,75000.0,1554,0.7760617760617761,8,3,1,0,0,0,1,0,0,0,0,1,1,alto
1,0.0,0,0.0,1,2,1,0,0,0,1,0,0,0,0,1,0,baixo
2,0.0,0,0.0,4,4,1,1,1,0,1,1,0,1,0,0,0,gratuito
5,10000.0,8,0.875,3,3,1,1,0,0,1,0,0,1,0,1,0,medio_alto
4,10000.0,4,0.75,1,2,1,1,1,0,1,0,0,1,0,0,0,medio_alto
3,10000.0,4,0.75,1,1,1,0,0,0,0,0,0,0,0,0,0,medio_baixo
5,10000.0,0,0.0,1,2,1,0,0,0,1,0,1,0,0,0,0,alto
4,10000.0,22,0.7272727272727273,1,1,1,0,0,0,0,1,0,0,0,0,0,gratuito
13,150000000.0,2498969,0.8151933857522843,28,3,1,1,1,2,0,1,0,0,0,1,0,gratuito
9,10000.0,9,0.7777777777777778,9,7,1,1,0,0,1,1,1,1,1,1,1,medio_baixo
1,10000.0,0,0.0,1,1,1,1,1,0,0,0,0,0,1,0,0,alto
1,10000.0,0,0.0,10,3,1,0,0,0,0,1,1,0,1,0,0,alto
1,0.0,0,0.0,1,3,1,0,0,0,1,0,1,0,0,0,0,gratuito
9,10000.0,34,0.5,6,3,1,1,1,0,1,0,1,1,0,0,0,alto
7,35000.0,43,0.7674418604651163,1,4,1,0,0,0,1,0,0,1,0,0,0,gratuito
8,10000.0,19,0.7368421052631579,1,5,1,0,0,0,1,1,0,1,0,0,0,medio_baixo
9,35000.0,34,0.5294117647058824,1,5,1,0,0,1,1,1,1,1,0,1,0,medio_alto
6,10000.0,96,0.5416666666666666,4,3,1,0,0,0,1,1,1,0,0,0,0,medio_baixo
9,35000.0,67,0.8208955223880597,1,2,1,1,0,0,1,0,0,0,0,0,0,gratuito
9,10000.0,104,0.8846153846153846,1,3,1,1,1,0,1,1,0,0,0,0,0,medio_baixo
5,150000.0,4218,0.9243717401612138,11,4,1,0,0,2,1,1,0,1,0,0,1,medio_alto
5,10000.0,8,0.875,1,2,1,0,0,0,1,0,1,0,0,0,0,medio_baixo
1,10000.0,0,0.0,6,2,1,0,0,0,1,1,0,0,0,0,0,alto
3,10000.0,10,0.7,4,4,1,1,0,0,1,1,0,0,0,1,1,medio_baixo
6,350000.0,0,0.0,29,6,1,1,1,1,1,1,1,1,1,0,1,baixo
4,10000.0,2,0.5,4,1,1,0,0,0,0,0,0,1,0,0,0,baixo
8,10000.0,30,0.4,1,2,1,0,0,1,1,0,0,1,0,0,0,baixo
3,10000.0,0,0.0,1,3,1,1,0,1,1,0,1,0,1,0,0,medio_alto
7,75000.0,170,0.4,2,4,1,0,0,0,0,0,0,0,0,0,0,medio_baixo
1,0.0,0,0.0,0,0,1,0,0,0,0,0,0,0,0,0,0,gratuito
5,350000.0,8332,0.9749159865578493,24,1,1,1,1,2,0,0,0,0,0,0,1,alto
4,10000.0,14,0.7142857142857143,103,1,1,0,0,0,0,0,0,1,0,0,0,baixo
2,10000.0,2,1.0,1,1,1,0,0,0,0,1,0,0,0,0,0,medio_baixo
8,10000.0,12,0.16666666666666666,1,4,1,0,0,0,1,1,0,0,0,0,0,alto
3,10000.0,4,1.0,5,4,1,0,0,0,1,0,1,1,0,0,1,medio_alto
3,0.0,0,0.0,1,3,1,0,0,0,1,0,0,0,1,0,0,gratuito
1,10000.0,3,0.3333333333333333,9,3,1,0,0,0,1,0,0,1,0,0,1,alto
11,10000.0,84,0.75,1,2,1,0,0,0,0,1,0,0,0,0,1,baixo
3,0.0,0,0.0,0,0,1,0,0,0,0,0,0,0,0,0,0,gratuito
2,10000.0,0,0.0,8,5,1,0,0,0,1,1,1,0,1,0,0,medio_baixo
2,10000.0,6,0.3333333333333333,1,2,1,0,0,0,0,1,1,0,0,0,0,medio_baixo
5,10000.0,13,1.0,1,1,1,0,0,0,0,0,0,1,0,0,0,baixo
4,150000.0,9,0.4444444444444444,2,2,1,0,0,0,1,1,0,0,0,0,0,alto
10,10000.0,31,0.5483870967741935,2,1,1,0,0,0,1,0,0,0,0,0,0,baixo
7,10000.0,0,0.0,1,2,1,1,1,0,0,0,0,1,0,0,1,baixo
1,10000.0,0,0.0,3,2,1,0,0,0,1,1,0,0,0,0,0,alto
3,0.0,0,0.0,0,0,1,0,0,0,0,0,0,0,0,0,0,gratuito
1,0.0,0,0.0,1,3,1,0,0,0,1,0,1,1,0,0,0,alto
4,75000.0,503,0.8349900596421471,9,3,1,0,0,1,1,1,0,0,0,1,0,alto
8,350000.0,2090,0.7502392344497608,1,4,1,0,0,0,1,1,0,0,0,0,1,medio_alto
4,10000.0,31,0.45161290322580644,29,9,1,1,1,0,1,1,1,1,1,1,1,alto
1,10000.0,0,0.0,2,1,1,1,0,0,0,0,0,1,0,0,0,baixo
1,10000.0,0,0.0,2,3,1,0,0,0,1,1,0,0,1,0,0,alto
7,3500000.0,132347,0.8855810860843086,16,4,1,0,0,18,1,1,0,0,0,1,1,alto
12,75000.0,68,0.4264705882352941,1,4,1,0,0,0,1,0,1,0,1,1,0,baixo
4,10000.0,2,1.0,1,3,1,0,0,0,0,1,1,0,1,0,0,alto
1,10000.0,0,0.0,1,2,1,1,0,0,0,0,1,1,0,0,0,alto
9,10000.0,21,0.9523809523809523,2,2,1,0,0,0,1,0,1,0,0,0,0,medio_baixo
1,10000.0,0,0.0,4,3,1,0,0,0,1,0,1,0,0,1,0,alto
1,10000.0,0,0.0,1,5,1,0,0,0,1,1,0,1,0,0,1,medio_baixo
2,10000.0,44,0.8181818181818182,11,2,1,0,0,0,1,0,1,0,0,0,0,medio_alto
4,150000.0,1998,0.958958958958959,1,4,1,0,0,0,1,0,0,0,1,1,1,medio_alto
5,10000.0,7,0.42857142857142855,1,2,1,0,0,0,1,0,0,1,0,0,0,baixo
3,35000.0,4,0.75,2,3,1,0,1,0,1,0,0,0,0,1,1,baixo
2,0.0,0,0.0,0,0,1,0,0,0,0,0,0,0,0,0,0,gratuito
4,350000.0,5984,0.8086564171122995,10,4,1,0,0,2,1,1,1,0,1,0,0,alto
2,35000.0,251,0.8764940239043825,12,4,1,0,0,1,1,1,1,0,1,0,0,medio_alto
4,10000.0,0,0.0,1,2,1,0,0,0,1,1,0,0,0,0,0,medio_alto
2,10000.0,5,0.6,1,2,1,0,0,0,0,0,0,0,1,0,0,medio_alto
1,10000.0,0,0.0,10,2,1,0,0,0,1,0,0,1,0,0,0,baixo
8,10000.0,2,1.0,1,3,1,0,0,0,1,1,0,0,0,0,0,alto
4,10000.0,0,0.0,4,2,1,0,0,1,1,0,0,0,1,0,0,medio_baixo
4,10000.0,27,0.2222222222222222,1,3,1,0,0,0,1,0,0,0,1,1,0,baixo
6,10000.0,17,0.8823529411764706,1,4,1,0,0,0,1,1,0,1,0,0,0,baixo
7,10000.0,35,0.7142857142857143,2,2,1,0,0,0,0,0,0,0,0,0,1,medio_alto
4,150000.0,2687,0.873836992928917,14,2,1,1,0,1,0,1,1,0,0,0,0,alto
7,10000.0,1,1.0,1,2,1,0,0,0,1,0,1,0,0,0,0,medio_baixo
10,150000.0,767,0.8996088657105606,10,6,1,0,0,0,1,1,0,1,0,1,1,alto
3,75000.0,1907,0.891976927110645,14,1,1,1,1,3,0,0,1,0,0,0,0,gratuito
1,0.0,0,0.0,1,2,1,1,1,0,1,0,0,1,0,0,0,medio_alto
8,10000.0,113,0.6194690265486725,1,3,1,0,0,0,1,0,0,1,0,0,1,alto
4,0.0,0,0.0,2,4,1,0,0,0,1,0,1,0,1,0,0,gratuito
5,10000.0,20,0.7,2,4,1,0,0,0,1,0,0,0,1,1,0,medio_baixo
1,0.0,0,0.0,10,3,1,0,0,0,1,0,0,0,0,1,1,medio_baixo
8,10000.0,7,0.5714285714285714,1,3,1,0,0,0,1,1,0,1,0,0,0,alto
4,10000.0,4,1.0,1,2,1,1,0,0,1,0,1,0,0,0,0,baixo
10,10000.0,60,0.6833333333333333,6,2,1,1,0,0,1,1,0,0,0,0,0,baixo
3,75000.0,1392,0.8477011494252874,8,2,1,1,0,0,1,0,1,0,0,0,0,medio_alto
2,10000.0,6,0.6666666666666666,2,1,1,1,0,0,0,0,0,1,0,0,0,baixo
4,10000.0,16,0.875,2,2,1,0,1,0,0,0,0,1,0,0,1,medio_alto
2,10000.0,0,0.0,2,2,1,0,0,0,1,1,0,0,0,0,0,medio_baixo
9,10000.0,22,0.8636363636363636,1,2,1,0,0,0,1,1,0,0,0,0,0,gratuito
8,35000.0,160,0.7125,2,3,1,0,0,1,1,0,1,0,0,0,1,baixo
1,0.0,0,0.0,6,3,1,0,0,0,1,1,1,0,0,0,0,alto
3,10000.0,63,0.9682539682539683,5,3,1,0,1,1,1,0,0,1,0,1,0,baixo
10,10000.0,339,0.6991150442477876,2,2,1,1,1,1,1,1,0,0,0,0,0,baixo
5,10000.0,1,1.0,1,3,1,0,0,1,1,1,1,0,0,0,0,alto
10,75000.0,272,0.6654411764705882,1,5,1,1,0,0,1,0,0,0,1,1,0,gratuito
1,10000.0,4,1.0,1,4,1,0,0,0,1,1,1,1,0,0,0,baixo
4,35000.0,1,1.0,1,3,1,0,0,0,1,1,1,0,0,0,0,baixo
6,10000.0,10,0.1,1,3,1,0,0,0,1,1,1,0,0,0,0,baixo
9,35000.0,87,0.41379310344827586,1,3,1,0,0,0,0,0,0,0,1,0,0,gratuito
4,35000.0,9,0.8888888888888888,1,4,1,0,0,0,1,0,1,0,1,0,0,baixo
1,10000.0,0,0.0,1,4,1,0,0,0,1,1,1,1,0,0,0,medio_alto
1,0.0,0,0.0,1,3,1,0,0,0,0,1,1,0,0,0,0,alto
1,0.0,0,0.0,1,1,1,0,0,0,1,0,0,0,0,0,0,medio_baixo
1,0.0,0,0.0,0,0,1,0,0,0,0,0,0,0,0,0,0,gratuito
4,35000.0,3,1.0,1,2,1,0,0,0,1,1,0,0,0,0,0,baixo
1,10000.0,0,0.0,1,1,1,0,0,0,0,0,1,0,0,0,0,alto
4,10000.0,25,0.52,1,3,1,0,0,0,1,1,1,0,0,0,0,medio_baixo
5,10000.0,15,0.6,10,2,1,0,0,0,1,0,1,0,0,0,0,baixo
7,10000.0,46,0.8043478260869565,3,2,1,0,0,0,1,0,0,1,0,0,0,baixo
8,10000.0,13,0.8461538461538461,1,2,1,0,0,0,1,0,0,0,0,1,0,medio_baixo
5,35000.0,450,0.86,3,5,1,0,0,0,1,0,0,1,1,1,1,medio_baixo
9,75000.0,41,0.6097560975609756,1,4,1,0,0,1,1,0,1,1,1,0,0,baixo
4,10000.0,0,0.0,1,2,1,0,0,0,1,0,0,1,0,0,0,medio_baixo
2,10000.0,0,0.0,4,2,1,0,0,0,1,0,0,0,1,0,0,alto
8,35000.0,134,0.7910447761194029,2,3,1,1,1,0,1,0,1,1,0,0,0,alto
9,10000.0,37,0.8108108108108109,1,3,1,0,0,0,1,0,1,1,0,0,0,medio_alto
1,10000.0,0,0.0,5,3,1,0,0,0,1,1,1,0,0,0,0,medio_alto
1,0.0,0,0.0,1,3,1,0,0,0,1,0,0,1,0,0,0,gratuito
4,0.0,0,0.0,1,4,1,0,0,0,1,0,0,1,0,1,1,gratuito
5,10000.0,2,0.0,1,3,1,0,0,0,1,1,1,0,0,0,0,alto
2,10000.0,28,0.6428571428571429,1,3,1,0,0,0,1,0,1,1,0,0,0,baixo
6,35000.0,265,0.8603773584905661,1,4,1,0,0,0,1,0,0,1,1,0,1,medio_alto
6,10000.0,1,1.0,1,5,1,1,0,0,1,1,1,0,0,1,0,baixo
5,35000.0,176,0.8977272727272727,3,5,1,0,0,0,1,1,1,0,1,0,1,alto
2,0.0,0,0.0,1,4,1,0,0,0,1,0,1,1,0,0,0,gratuito
3,10000.0,0,0.0,1,2,1,0,0,0,1,0,0,1,0,0,0,medio_baixo
7,10000.0,3,0.6666666666666666,1,3,1,0,0,0,1,1,1,0,0,0,0,medio_baixo
1,0.0,0,0.0,1,4,1,1,0,0,1,0,0,0,1,1,0,gratuito
6,750000.0,5263,0.8544556336690101,9,4,1,0,0,2,1,0,1,0,1,1,0,medio_alto
1,10000.0,2,1.0,1,1,1,0,0,0,0,0,0,0,0,1,0,baixo
4,10000.0,2,1.0,13,5,1,0,0,0,1,1,1,0,1,0,0,medio_alto
6,10000.0,3,0.6666666666666666,1,3,1,1,1,0,1,1,0,1,0,0,0,baixo
2,0.0,0,0.0,1,3,1,0,0,0,1,0,1,1,0,0,0,gratuito
5,10000.0,12,0.3333333333333333,6,2,1,0,0,0,1,0,1,0,0,0,0,baixo
8,10000.0,2,0.5,1,5,1,0,0,0,1,1,1,0,0,0,0,medio_baixo
2,10000.0,11,0.7272727272727273,2,2,1,0,1,0,1,0,1,0,0,0,0,medio_baixo
7,10000.0,0,0.0,2,1,1,0,0,0,0,0,1,0,0,0,0,baixo
3,75000.0,3824,0.7923640167364017,8,1,1,0,0,101,0,0,0,0,0,0,1,alto
10,10000.0,65,0.8153846153846154,1,2,1,0,0,0,1,0,1,0,0,0,0,alto
1,0.0,0,0.0,1,4,1,0,0,0,1,1,1,0,0,0,0,gratuito
2,0.0,0,0.0,0,0,1,0,0,0,0,0,0,0,0,0,0,gratuito
2,0.0,0,0.0,0,0,1,0,0,0,0,0,0,0,0,0,0,gratuito
6,10000.0,75,0.72,11,3,1,0,0,1,1,0,0,0,0,1,1,alto
7,10000.0,3,1.0,1,3,1,0,0,0,1,1,0,0,0,0,1,alto
1,75000.0,652,0.8849693251533742,10,2,1,0,0,7,0,1,0,0,1,0,0,alto
6,10000.0,8,0.75,1,2,1,0,0,0,1,1,0,0,0,0,0,alto
2,0.0,0,0.0,103,3,1,0,0,0,1,0,1,0,0,0,1,medio_baixo
2,10000.0,5,0.6,1,2,1,0,0,0,1,0,0,1,0,0,0,baixo
1,0.0,0,0.0,3,2,1,0,0,0,1,1,0,0,0,0,0,baixo
8,10000.0,52,0.5192307692307693,7,3,1,0,0,0,1,0,0,0,0,1,1,medio_baixo
8,1500000.0,21231,0.8892185954500494,12,4,1,0,0,5,1,1,1,0,0,0,0,gratuito
3,0.0,0,0.0,0,0,1,0,0,0,0,0,0,0,0,0,0,gratuito
1,10000.0,0,0.0,1,2,1,0,0,0,1,1,0,0,0,0,0,medio_alto
2,150000.0,3660,0.9846994535519126,1,1,1,0,0,1,0,1,0,0,0,0,0,alto
2,10000.0,31,0.9354838709677419,2,2,1,1,0,0,0,0,0,0,0,0,1,alto
7,10000.0,17,0.7058823529411765,1,3,1,0,0,0,1,1,1,0,0,0,0,gratuito
8,35000.0,46,0.5217391304347826,1,3,1,0,0,0,1,1,0,1,0,0,0,baixo
2,10000.0,8,0.625,1,5,1,0,0,0,1,0,0,1,0,0,1,gratuito
2,0.0,0,0.0,0,0,1,0,0,0,0,0,0,0,0,0,0,gratuito
3,10000.0,1,1.0,1,2,1,1,0,0,1,0,0,1,0,0,0,baixo
2,75000.0,22,0.7727272727272727,21,5,1,0,1,0,1,0,1,1,0,1,1,alto
3,35000.0,21,0.7619047619047619,1,5,1,0,0,0,1,1,1,0,1,0,0,gratuito
3,10000.0,1,0.0,1,4,1,0,0,0,1,1,1,1,0,0,0,alto
2,10000.0,7,0.2857142857142857,2,4,1,0,0,0,1,0,0,1,1,0,1,medio_baixo
4,0.0,0,0.0,0,0,1,0,0,0,0,0,0,0,0,0,0,gratuito
10,35000.0,184,0.8913043478260869,1,2,1,0,0,0,1,0,0,1,0,0,0,gratuito
6,10000.0,0,0.0,1,5,1,0,0,0,1,1,1,1,0,0,0,medio_baixo
4,0.0,0,0.0,3,1,1,0,0,0,0,0,0,1,0,0,0,gratuito
2,10000.0,3,1.0,13,2,1,0,0,0,1,0,0,1,0,0,0,baixo
1,0.0,0,0.0,1,3,1,0,0,0,1,1,0,0,0,0,0,gratuito
1,0.0,0,0.0,0,0,1,0,0,0,0,0,0,0,0,0,0,gratuito
5,0.0,0,0.0,2,2,1,0,0,0,1,0,0,0,0,0,1,gratuito
3,10000.0,0,0.0,1,2,1,0,0,0,1,0,0,1,0,0,0,medio_baixo
2,0.0,0,0.0,3,3,1,0,0,0,1,1,0,0,0,0,0,gratuito
4,10000.0,25,0.56,1,3,1,0,0,0,1,0,0,1,0,0,0,baixo
3,10000.0,29,0.3793103448275862,26,5,1,0,0,0,1,0,0,0,1,0,1,baixo
8,10000.0,16,0.625,7,2,1,0,0,0,1,0,0,1,0,0,0,baixo
3,0.0,0,0.0,0,0,1,0,0,0,0,0,0,0,0,0,0,gratuito
2,10000.0,0,0.0,1,1,1,0,0,0,0,0,0,0,1,0,0,baixo
2,10000.0,3,1.0,1,2,1,0,0,0,1,0,0,0,0,0,1,medio_baixo
2,10000.0,21,1.0,14,4,1,0,1,0,1,1,0,1,0,0,0,medio_baixo
6,750000.0,12384,0.9229651162790697,4,4,1,0,0,0,1,1,0,0,1,0,0,alto
7,10000.0,118,0.9576271186440678,1,3,1,1,1,0,1,0,0,1,0,1,0,medio_baixo
4,0.0,0,0.0,1,2,1,0,0,0,0,0,1,0,0,0,0,gratuito
1,10000.0,0,0.0,2,3,1,0,0,0,0,0,1,1,1,0,0,medio_baixo
2,10000.0,39,0.8974358974358975,2,3,1,0,0,0,0,0,0,1,1,0,1,medio_baixo
3,0.0,0,0.0,103,1,1,0,0,0,0,0,0,1,0,0,0,medio_baixo
5,35000.0,25,0.8,1,2,1,0,0,0,0,0,1,1,0,0,0,medio_alto
5,10000.0,3,1.0,1,2,1,0,0,0,1,0,0,1,0,0,0,baixo
6,10000.0,1,1.0,1,2,1,0,0,0,1,1,0,0,0,0,0,alto
5,150000.0,1868,0.867237687366167,1,3,1,0,0,1,0,1,1,0,0,0,1,gratuito
1,0.0,0,0.0,1,2,1,0,0,0,1,0,0,0,0,0,1,medio_alto
16,35000.0,60,0.5333333333333333,3,1,1,0,0,0,0,0,0,1,0,0,0,baixo
3,75000.0,1126,0.9236234458259325,5,4,1,0,0,1,1,1,1,1,0,0,0,baixo
6,10000.0,96,0.7604166666666666,1,5,1,0,0,0,1,1,1,0,1,0,0,alto
7,10000.0,9,0.6666666666666666,4,1,1,1,0,0,0,0,0,1,0,0,0,medio_alto
1,10000.0,0,0.0,2,3,1,0,0,0,1,0,1,0,1,0,0,medio_baixo
2,0.0,0,0.0,6,3,1,0,1,0,1,0,0,1,0,0,0,gratuito
2,10000.0,2,0.5,1,1,1,0,0,0,0,0,0,0,0,0,1,alto
3,10000.0,96,0.8541666666666666,6,5,1,0,0,0,1,1,1,1,0,0,1,baixo
5,35000.0,755,0.8688741721854305,4,2,1,0,0,0,0,0,1,0,0,1,0,alto
9,10000.0,2,1.0,1,2,1,0,0,0,1,1,0,0,0,0,0,baixo
8,10000.0,10,0.5,1,3,1,0,0,0,1,0,1,1,0,0,0,medio_alto
3,10000.0,242,0.7148760330578512,10,2,1,0,0,0,1,0,1,0,0,0,0,alto
8,10000.0,1,0.0,1,3,1,0,0,0,1,0,0,1,0,0,0,medio_baixo
3,10000.0,94,0.7553191489361702,3,4,1,0,0,0,1,0,0,0,1,0,1,medio_baixo
7,75000.0,21,0.47619047619047616,1,3,1,0,0,0,0,1,1,0,0,1,0,gratuito
2,0.0,0,0.0,1,4,1,0,0,1,1,0,1,1,0,0,0,gratuito
2,35000.0,456,0.9627192982456141,11,2,1,1,0,2,1,0,1,0,0,0,0,alto
4,0.0,0,0.0,1,2,1,1,1,0,0,0,0,0,0,1,0,gratuito
3,10000.0,0,0.0,4,1,1,0,0,0,0,0,1,0,0,0,0,alto
3,0.0,0,0.0,0,0,1,0,0,0,0,0,0,0,0,0,0,gratuito
13,3500000.0,28125,0.9212088888888889,5,2,1,0,0,0,0,1,0,0,1,0,0,medio_baixo
1,10000.0,195,0.9076923076923077,11,0,1,1,1,0,0,0,0,0,0,0,0,medio_baixo
1,10000.0,0,0.0,2,3,1,0,0,0,1,0,0,1,0,1,0,baixo
3,10000.0,16,0.6875,1,3,1,0,0,0,1,0,0,1,0,0,1,baixo
7,35000.0,45,0.6,9,3,1,0,0,0,0,0,0,1,0,0,1,gratuito
1,10000.0,88,0.9204545454545454,1,4,1,0,0,0,1,0,0,0,1,1,1,alto
4,10000.0,6,0.8333333333333334,2,3,1,0,0,0,1,1,1,0,0,0,0,medio_baixo
6,10000.0,4,0.5,1,1,1,0,0,0,0,0,0,0,0,1,0,medio_alto
2,10000.0,49,0.6122448979591837,12,4,1,0,0,0,1,1,1,1,0,0,0,baixo
2,10000.0,0,0.0,1,2,1,0,0,0,1,0,1,0,0,0,0,alto
5,10000.0,4,0.25,1,2,1,0,0,0,1,1,0,0,0,0,0,medio_alto
1,10000.0,19,1.0,1,3,1,0,1,0,0,1,1,1,0,0,0,medio_baixo
7,10000.0,9,1.0,1,2,1,0,0,0,1,1,0,0,0,0,0,gratuito
2,0.0,0,0.0,0,0,1,0,0,0,0,0,0,0,0,0,0,gratuito
1,0.0,0,0.0,0,0,1,0,0,0,0,0,0,0,0,0,0,gratuito
2,0.0,0,0.0,0,0,1,0,0,0,0,0,0,0,0,0,0,gratuito
3,10000.0,60,0.8833333333333333,2,5,1,0,0,0,1,1,0,1,0,0,0,alto
5,0.0,0,0.0,0,0,1,0,0,0,0,0,0,0,0,0,0,gratuito
6,10000.0,2,0.5,1,2,1,0,0,0,1,1,0,0,0,0,0,baixo
4,10000.0,89,0.8876404494382022,1,4,1,1,0,1,1,0,1,0,1,1,0,alto
3,10000.0,0,0.0,2,1,1,0,0,0,0,1,0,0,0,0,0,medio_alto
3,10000.0,125,0.952,14,1,1,0,0,1,0,0,0,1,0,0,0,medio_baixo
10,35000.0,135,0.4,8,1,1,1,1,0,0,1,0,0,0,0,0,gratuito
2,10000.0,481,0.8731808731808732,4,2,1,0,0,5,0,0,0,1,0,0,1,alto
5,10000.0,5,0.6,1,4,1,0,0,0,1,1,1,0,1,0,0,medio_alto
6,10000.0,0,0.0,1,6,1,0,0,0,1,1,1,1,0,0,0,alto
2,10000.0,161,0.9254658385093167,1,3,1,0,0,0,0,1,1,0,0,0,0,baixo
6,10000.0,19,0.9473684210526315,7,2,1,0,0,0,1,0,0,1,0,0,0,medio_baixo
5,10000.0,0,0.0,1,4,1,0,0,0,1,1,1,0,1,0,0,medio_baixo
18,75000.0,494,0.728744939271255,1,1,1,0,0,0,0,0,0,0,0,0,0,medio_alto
3,10000.0,3,1.0,2,3,1,0,0,0,1,1,1,0,0,0,0,medio_baixo
7,10000.0,1,0.0,2,4,1,0,0,0,1,0,0,1,1,1,0,medio_baixo
2,0.0,0,0.0,0,0,1,0,0,0,0,0,0,0,0,0,0,gratuito
2,10000.0,0,0.0,2,2,1,0,0,0,1,0,1,0,0,0,0,medio_alto
8,35000.0,17,0.8823529411764706,1,2,1,0,0,0,1,0,0,1,0,0,0,baixo
5,10000.0,0,0.0,7,2,1,0,1,0,1,0,0,1,0,0,0,baixo
6,35000.0,245,0.7346938775510204,1,2,1,0,0,1,1,0,0,0,0,1,0,medio_alto
14,35000.0,69,0.927536231884058,1,2,1,0,0,0,1,0,0,0,0,1,0,medio_alto
4,75000.0,451,0.6496674057649667,1,5,1,0,0,0,1,0,0,1,0,1,1,alto
1,10000.0,0,0.0,2,5,1,0,0,0,1,0,0,1,1,1,1,medio_alto
5,10000.0,13,0.8461538461538461,1,2,1,0,0,0,0,0,1,1,0,0,0,medio_alto
6,10000.0,6,0.3333333333333333,1,3,1,0,0,0,0,0,0,1,0,1,0,medio_baixo
6,10000.0,17,0.8235294117647058,1,3,1,0,0,0,1,0,0,0,1,0,0,gratuito
15,750000.0,2789,0.8612405880243815,7,1,1,0,0,0,0,0,1,0,0,0,0,medio_baixo
3,10000.0,1,0.0,2,2,1,0,0,0,1,1,0,0,0,0,0,medio_alto
4,10000.0,1,1.0,1,1,1,0,0,0,1,0,0,0,0,0,0,medio_alto
2,10000.0,10,0.9,1,3,1,0,0,0,1,0,1,1,0,0,0,medio_baixo
5,75000.0,22,0.8181818181818182,5,2,1,0,0,0,0,1,1,0,0,0,0,alto
3,10000.0,57,0.7017543859649122,1,1,1,0,0,0,0,1,0,0,0,0,0,baixo
4,35000.0,7,1.0,2,3,1,0,0,0,1,0,1,1,0,0,0,medio_alto
3,0.0,0,0.0,1,4,1,1,1,0,1,0,1,1,0,0,1,gratuito
6,10000.0,0,0.0,1,4,1,0,0,2,1,0,1,1,0,0,1,gratuito
12,350000.0,1922,0.7242455775234131,1,3,1,0,0,0,1,1,1,0,0,0,0,baixo
4,10000.0,6,0.6666666666666666,1,3,1,1,1,0,1,0,0,1,0,0,1,medio_baixo
4,10000.0,98,0.9387755102040817,2,2,1,1,1,0,1,0,1,0,0,0,0,medio_baixo
1,0.0,0,0.0,0,0,1,0,0,0,0,0,0,0,0,0,0,gratuito
4,0.0,0,0.0,1,2,1,0,1,0,1,0,0,1,0,0,0,gratuito
3,75000.0,11,1.0,1,1,1,1,0,0,0,0,1,0,0,0,0,medio_baixo
9,10000.0,6,0.8333333333333334,1,1,1,0,0,0,0,0,0,0,0,0,1,alto
9,10000.0,8,0.5,2,2,1,1,1,0,1,1,0,0,0,0,0,medio_alto
4,10000.0,5,1.0,1,1,1,0,0,0,1,0,0,0,0,0,0,baixo
5,350000.0,628,0.64171974522293,8,2,1,0,0,0,0,0,0,1,0,0,1,medio_alto
5,10000.0,2,1.0,1,4,1,0,0,0,1,0,0,1,0,1,0,baixo
5,10000.0,21,0.7619047619047619,1,4,1,0,0,0,1,0,1,1,0,0,1,baixo
1,10000.0,120,0.6916666666666667,12,3,1,0,0,0,1,1,1,0,0,0,0,alto
6,10000.0,180,0.95,11,4,1,0,0,1,1,0,0,1,0,1,0,gratuito
5,10000.0,6,0.8333333333333334,3,4,1,0,0,0,1,1,0,1,0,1,0,medio_alto
1,10000.0,13,0.6153846153846154,1,2,1,0,1,0,0,1,0,0,0,0,1,baixo
2,35000.0,35,0.8285714285714286,7,3,1,0,0,0,1,1,1,0,0,0,0,medio_baixo
5,0.0,0,0.0,0,0,1,0,0,0,0,0,0,0,0,0,0,gratuito
3,10000.0,1,1.0,2,1,1,0,0,0,0,0,0,1,0,0,0,alto
1,0.0,0,0.0,3,4,1,0,0,0,1,0,0,1,0,0,1,medio_baixo
2,10000.0,8,1.0,7,3,1,1,0,0,0,0,1,1,0,1,0,alto
1,10000.0,2,0.5,1,3,1,0,0,0,1,0,0,1,0,0,1,medio_baixo
6,10000.0,24,0.7916666666666666,1,1,1,1,1,0,0,1,0,0,0,0,0,gratuito
1,10000.0,0,0.0,1,4,1,0,0,1,1,1,1,0,0,0,0,alto
2,10000.0,113,0.9380530973451328,7,6,1,0,0,0,1,1,1,1,1,0,1,medio_alto
1,10000.0,0,0.0,3,2,1,1,1,0,1,0,1,0,0,0,0,alto
2,0.0,0,0.0,30,3,1,1,1,0,0,0,0,1,1,0,1,medio_alto
4,10000.0,205,0.9658536585365853,1,2,1,0,0,1,0,1,0,0,0,0,1,baixo
4,0.0,0,0.0,0,0,1,0,0,0,0,0,0,0,0,0,0,gratuito
3,0.0,0,0.0,0,0,1,0,0,0,0,0,0,0,0,0,0,gratuito
6,10000.0,20,0.25,4,4,1,0,0,0,1,1,1,1,0,0,0,baixo
6,10000.0,19,0.9473684210526315,29,4,1,0,0,0,1,1,0,1,0,0,0,alto
8,10000.0,4,0.5,2,2,1,0,1,0,1,0,0,0,1,0,0,alto
2,0.0,0,0.0,6,5,1,0,0,0,0,0,0,0,1,1,0,gratuito
1,10000.0,0,0.0,14,4,1,0,0,0,1,1,0,1,0,0,0,alto
5,10000.0,19,0.6842105263157895,2,6,1,0,0,0,1,1,1,1,0,0,1,baixo
2,0.0,0,0.0,0,0,1,0,0,0,0,0,0,0,0,0,0,gratuito
12,75000.0,352,0.7556818181818182,1,2,1,0,0,0,1,1,0,0,0,0,0,alto
1,0.0,0,0.0,30,3,1,1,0,0,0,0,1,1,1,0,0,medio_alto
1,0.0,0,0.0,103,6,1,0,0,0,0,1,1,1,0,1,1,baixo
4,10000.0,49,1.0,2,3,1,1,1,1,1,0,0,1,0,1,0,medio_baixo
2,10000.0,20,1.0,9,6,1,0,0,0,1,1,0,1,0,0,0,medio_alto
8,10000.0,4,0.5,1,3,1,0,0,0,1,1,0,0,0,0,0,baixo
4,35000.0,34,0.38235294117647056,9,3,1,0,0,0,1,1,0,0,0,0,1,baixo
11,10000.0,15,0.3333333333333333,1,4,1,0,0,0,1,1,0,0,1,0,0,gratuito
3,10000.0,0,0.0,7,3,1,0,0,2,1,0,0,1,1,0,0,alto
5,10000.0,12,0.9166666666666666,2,2,1,1,0,0,1,0,0,0,0,0,1,medio_baixo
2,0.0,0,0.0,0,0,1,0,0,0,0,0,0,0,0,0,0,gratuito
4,150000.0,578,0.6695501730103807,12,3,1,0,0,0,1,1,1,0,0,0,0,alto
5,35000.0,4,0.75,1,2,1,0,0,1,1,0,0,0,1,0,0,baixo
6,10000.0,35,0.8857142857142857,4,3,1,0,0,0,1,1,1,0,0,0,0,medio_baixo
7,10000.0,73,0.6986301369863014,5,3,1,0,0,0,1,1,0,0,0,0,0,medio_baixo
4,35000.0,774,0.8863049095607235,9,2,1,0,0,2,1,0,1,0,0,0,0,medio_baixo
2,10000.0,14,0.9285714285714286,8,4,1,0,0,0,1,0,0,1,0,1,1,medio_alto
3,10000.0,15,0.8666666666666667,1,3,1,0,0,0,1,1,1,0,0,0,0,baixo
9,35000.0,151,0.8013245033112583,1,2,1,0,0,0,1,0,0,0,1,0,0,baixo
1,0.0,0,0.0,1,4,1,0,0,0,1,0,0,1,0,1,0,gratuito
8,10000.0,18,0.7777777777777778,2,3,1,0,0,0,1,1,1,0,0,0,0,alto
8,35000.0,62,0.8709677419354839,1,2,1,0,0,1,1,1,0,0,0,0,0,gratuito
2,10000.0,4,1.0,2,2,1,0,0,0,0,0,1,0,1,0,0,alto
6,10000.0,20,0.6,5,2,1,1,0,0,1,0,0,0,0,1,0,baixo
4,10000.0,81,0.654320987654321,2,5,1,0,0,0,0,1,1,1,1,1,0,medio_baixo
8,150000.0,50,0.68,2,3,1,0,0,0,1,0,1,0,0,0,0,medio_baixo
5,10000.0,59,0.9661016949152542,1,3,1,0,0,1,1,0,1,1,0,0,0,alto
8,150000.0,1470,0.8925170068027211,1,3,1,0,1,1,1,1,0,0,0,0,0,gratuito
1,75000.0,23,0.9565217391304348,2,2,1,1,0,1,1,0,1,0,0,0,0,alto
3,10000.0,7,0.14285714285714285,1,2,1,0,0,0,0,1,1,0,0,0,0,alto
2,10000.0,9,0.8888888888888888,2,5,1,0,1,1,1,1,1,1,1,0,0,baixo
2,10000.0,164,0.975609756097561,1,4,1,0,0,1,1,1,1,1,0,0,0,medio_alto
1,0.0,0,0.0,0,0,1,0,0,0,0,0,0,0,0,0,0,gratuito
1,10000.0,0,0.0,1,3,1,0,0,1,0,1,1,1,0,0,0,alto
16,10000.0,18,0.7222222222222222,1,1,1,0,0,0,0,0,0,1,0,0,0,medio_alto
1,10000.0,74,0.972972972972973,5,2,1,0,0,0,1,0,1,0,0,0,0,medio_alto
4,10000.0,4,1.0,3,3,1,0,0,0,1,0,0,1,0,1,0,medio_alto
4,10000.0,9,0.4444444444444444,0,2,1,1,0,0,1,0,0,1,0,0,0,alto
6,10000.0,11,0.45454545454545453,1,2,1,0,0,0,1,0,0,1,0,0,0,baixo
1,10000.0,0,0.0,1,2,1,0,0,0,0,1,1,0,0,0,0,medio_alto
1,10000.0,6,1.0,2,3,1,0,0,0,1,1,0,1,0,0,0,baixo
5,10000.0,350,0.5914285714285714,19,2,1,0,0,0,1,0,0,0,0,0,1,gratuito
4,350000.0,3784,0.7463002114164905,8,2,1,0,0,0,0,0,0,0,1,0,1,alto
8,35000.0,181,0.7569060773480663,6,4,1,1,1,0,1,1,1,0,1,0,0,medio_baixo
8,10000.0,45,0.4666666666666667,16,2,1,0,0,0,1,0,0,1,0,0,0,baixo
1,10000.0,341,0.8563049853372434,29,3,1,1,1,0,1,1,0,0,0,0,0,alto
5,10000.0,14,0.8571428571428571,2,2,1,0,0,0,1,0,0,1,0,0,0,medio_baixo
1,10000.0,59,0.9491525423728814,2,4,1,1,0,0,1,1,0,1,0,1,0,medio_alto
3,35000.0,266,0.8721804511278195,1,3,1,0,0,1,1,0,0,1,0,0,1,alto
1,10000.0,0,0.0,6,4,1,0,0,0,1,0,1,1,0,0,1,medio_baixo
3,0.0,0,0.0,1,2,1,0,0,0,0,1,0,0,0,0,0,gratuito
2,10000.0,9,1.0,1,4,1,0,0,0,1,0,1,1,0,0,1,medio_baixo
1,0.0,0,0.0,1,4,1,1,0,0,1,0,1,1,0,0,0,medio_alto
2,0.0,0,0.0,0,0,1,0,0,0,0,0,0,0,0,0,0,gratuito
3,10000.0,6,0.8333333333333334,1,3,1,0,0,0,1,1,0,0,0,1,0,gratuito
11,750000.0,12346,0.8206706625627733,1,6,1,0,0,0,1,1,1,0,1,0,1,alto
4,10000.0,38,0.5526315789473685,1,6,1,0,0,0,0,1,1,0,1,0,1,alto
1,10000.0,1,1.0,2,3,1,0,0,0,0,1,1,0,1,0,0,baixo
9,10000.0,33,0.45454545454545453,2,1,1,0,1,0,0,0,0,1,0,0,0,baixo
2,10000.0,6,1.0,1,1,1,0,0,0,0,0,1,0,0,0,0,baixo
2,10000.0,4,1.0,1,2,1,0,1,0,1,0,0,1,0,0,0,medio_alto
13,0.0,0,0.0,1,1,1,0,0,0,0,1,0,0,0,0,0,baixo
13,75000.0,299,0.25418060200668896,7,5,1,0,0,0,0,1,0,1,0,1,1,medio_baixo
1,0.0,0,0.0,103,2,1,0,0,0,1,0,0,1,0,0,0,baixo
6,10000.0,0,0.0,1,3,1,0,0,0,0,0,0,1,0,1,0,medio_baixo
5,10000.0,41,0.8292682926829268,2,2,1,0,0,0,1,0,0,1,0,0,0,medio_alto
2,0.0,0,0.0,30,4,1,1,1,0,1,0,1,1,0,0,1,medio_alto
2,0.0,0,0.0,103,2,1,0,0,0,1,0,0,1,0,0,0,baixo
1,10000.0,0,0.0,10,1,1,0,0,0,0,0,0,1,0,0,0,baixo
3,10000.0,28,0.8571428571428571,1,3,1,1,0,0,1,0,0,1,0,1,0,medio_baixo
3,75000.0,3,1.0,1,3,1,0,0,0,0,1,0,0,0,0,0,gratuito
9,10000.0,1,0.0,4,3,1,0,0,0,1,1,1,0,0,0,0,gratuito
8,10000.0,23,0.9130434782608695,1,2,1,0,0,0,1,0,0,0,1,0,0,medio_alto
4,0.0,0,0.0,6,2,1,0,0,0,0,1,0,0,0,0,0,gratuito
6,10000.0,2,0.0,1,5,1,0,0,2,1,0,1,1,0,1,1,baixo
7,10000.0,48,0.5833333333333334,1,3,1,0,0,0,0,0,1,0,1,0,0,gratuito
4,10000.0,1,0.0,1,3,1,0,0,0,1,0,1,1,0,0,0,medio_baixo
2,10000.0,9,0.5555555555555556,2,4,1,0,0,0,1,1,1,1,0,0,0,medio_alto
2,10000.0,6,1.0,1,1,1,0,0,0,0,0,0,0,0,1,0,medio_baixo
3,75000.0,3,0.3333333333333333,6,3,1,0,0,0,1,0,1,1,0,0,0,baixo
2,10000.0,12,0.3333333333333333,6,6,1,0,0,0,1,0,1,1,1,1,0,baixo
3,10000.0,13,0.3076923076923077,3,2,1,0,0,0,1,0,0,0,0,0,1,baixo
2,10000.0,9,0.5555555555555556,2,3,1,0,0,0,1,1,1,0,0,0,0,alto
5,10000.0,2,0.0,2,1,1,0,0,0,1,0,0,0,0,0,0,alto
8,10000.0,17,0.8235294117647058,1,3,1,0,0,1,1,0,0,1,0,1,0,alto
9,10000.0,19,0.7894736842105263,1,3,1,0,0,0,1,0,0,0,0,0,1,medio_alto
3,10000.0,27,0.8518518518518519,1,4,1,1,0,0,1,0,0,1,0,1,0,gratuito
7,10000.0,163,0.9447852760736196,1,3,1,1,0,0,1,0,0,1,0,0,1,medio_baixo
5,150000.0,42,0.47619047619047616,1,5,1,0,0,0,1,1,1,0,1,0,1,baixo
3,750000.0,11569,0.9661163454058259,4,4,1,0,0,0,1,0,0,1,1,0,1,medio_baixo
7,10000.0,35,0.8,2,2,1,0,0,0,1,0,1,0,0,0,0,alto
8,10000.0,26,0.8076923076923077,27,3,1,1,1,0,1,0,1,1,0,0,0,medio_baixo
1,0.0,0,0.0,0,0,1,0,0,0,0,0,0,0,0,0,0,gratuito
4,10000.0,19,0.8947368421052632,1,1,1,0,0,0,0,1,0,0,0,0,0,baixo
1,0.0,0,0.0,0,0,1,0,0,0,0,0,0,0,0,0,0,gratuito
10,35000.0,108,0.75,2,4,1,0,0,0,1,0,1,0,1,0,0,gratuito
7,10000.0,15,0.8,1,4,1,0,0,0,0,0,0,0,0,0,0,gratuito
4,10000.0,10,0.8,1,3,1,0,0,0,1,1,1,0,0,0,0,baixo
1,0.0,0,0.0,2,3,1,0,0,1,0,1,1,0,0,0,0,gratuito
5,10000.0,6,0.16666666666666666,1,2,1,0,0,0,1,0,0,1,0,0,0,baixo
1,10000.0,0,0.0,2,4,1,0,0,0,1,1,1,0,0,0,0,alto
7,75000.0,1619,0.8746139592340951,12,3,1,0,0,2,1,1,1,0,0,0,0,medio_alto
11,35000.0,319,0.8213166144200627,1,3,1,1,1,0,1,0,0,1,0,1,0,medio_baixo
8,35000.0,702,0.4458689458689459,2,3,1,0,0,5,1,0,0,0,0,0,1,alto
10,10000.0,98,0.41836734693877553,5,2,1,0,0,0,0,1,0,0,0,0,1,medio_baixo
9,35000.0,18,0.8333333333333334,3,4,1,1,0,1,1,1,1,1,0,0,0,gratuito
8,10000.0,20,0.85,7,3,1,1,0,0,1,1,1,0,0,0,0,medio_alto
1,10000.0,0,0.0,1,3,1,0,0,0,1,0,0,1,0,1,0,medio_baixo
2,0.0,0,0.0,103,5,1,0,1,0,0,0,1,1,0,1,1,gratuito
3,10000.0,69,0.7536231884057971,6,2,1,0,0,0,0,0,0,0,0,0,0,alto
9,10000.0,9,0.5555555555555556,1,5,1,0,0,0,1,1,1,0,1,0,0,medio_alto
8,35000.0,4,1.0,1,3,1,0,0,0,1,1,0,1,0,0,0,baixo
14,750000.0,12884,0.9481527475939149,13,3,1,1,1,2,1,0,1,1,0,0,0,medio_alto
2,10000.0,0,0.0,1,1,1,1,1,0,1,0,0,0,0,0,0,medio_alto
5,10000.0,60,0.9333333333333333,1,5,1,0,0,0,1,1,1,1,0,1,0,baixo
2,10000.0,4,1.0,1,2,1,0,0,0,1,1,0,0,0,0,0,alto
2,10000.0,8,0.875,1,1,1,1,0,0,0,0,0,1,0,0,0,medio_alto
10,35000.0,38,0.631578947368421,1,2,1,0,0,0,0,0,0,0,0,1,1,baixo
1,10000.0,0,0.0,14,2,1,0,0,1,0,0,1,1,0,0,0,alto
6,10000.0,7,0.7142857142857143,2,6,1,0,0,4,1,0,1,1,1,1,1,alto
1,10000.0,0,0.0,1,3,1,0,0,0,1,1,0,0,0,1,0,baixo
1,0.0,0,0.0,10,5,1,0,0,0,1,0,0,0,1,1,1,alto
8,10000.0,4,0.75,1,4,1,0,0,0,1,0,0,0,0,1,1,alto
2,10000.0,20,0.6,1,6,1,0,0,0,1,0,1,1,0,1,1,gratuito
6,10000.0,42,0.8571428571428571,2,1,1,0,0,0,0,0,0,0,1,0,0,alto
6,10000.0,6,0.3333333333333333,1,3,1,0,0,0,1,0,1,1,0,0,0,alto
5,10000.0,1,1.0,2,1,1,0,0,0,0,1,0,0,0,0,0,medio_baixo
9,10000.0,14,0.7857142857142857,1,2,1,0,0,0,1,0,1,0,0,0,0,gratuito
7,350000.0,5965,0.9126571668063705,15,3,1,0,0,2,1,0,0,1,0,0,0,baixo
3,0.0,0,0.0,103,9,1,1,1,0,1,1,1,1,1,1,1,alto
11,10000.0,238,0.6008403361344538,1,3,1,0,0,8,0,0,1,0,1,1,0,medio_alto
10,75000.0,1123,0.9162956366874443,6,2,1,1,0,1,0,0,1,1,0,0,0,medio_alto
10,350000.0,339,0.336283185840708,1,4,1,0,0,1,1,1,1,1,0,0,0,baixo
2,10000.0,16,0.875,2,2,1,0,0,0,0,0,0,0,0,1,1,medio_alto
7,75000.0,344,0.6453488372093024,1,3,1,0,0,0,1,0,1,0,0,0,0,gratuito
4,10000.0,0,0.0,7,5,1,1,0,0,1,0,0,1,1,1,1,alto
8,10000.0,6,0.6666666666666666,1,4,1,1,1,0,1,1,0,1,0,1,0,medio_baixo
8,10000.0,28,0.7857142857142857,16,2,1,0,0,0,1,0,0,1,0,0,0,baixo
1,10000.0,0,0.0,11,3,1,0,0,0,1,0,1,0,0,0,1,medio_alto
2,10000.0,46,0.6956521739130435,1,4,1,0,0,0,1,1,1,0,0,0,1,medio_baixo
2,10000.0,9,1.0,1,3,1,0,0,0,1,0,1,1,0,0,0,medio_alto
2,0.0,0,0.0,0,0,1,0,0,0,0,0,0,0,0,0,0,gratuito
7,10000.0,14,0.8571428571428571,1,4,1,0,0,0,0,1,0,0,1,1,0,gratuito
2,10000.0,18,0.2777777777777778,1,3,1,0,0,0,1,0,1,0,1,0,0,alto
4,0.0,0,0.0,0,0,1,0,0,0,0,0,0,0,0,0,0,gratuito
1,0.0,0,0.0,2,3,1,0,0,0,1,1,0,1,0,0,0,medio_baixo
3,10000.0,0,0.0,1,2,1,1,1,0,1,0,0,1,0,0,0,medio_alto
5,0.0,0,0.0,2,5,1,1,0,0,1,0,0,1,0,1,0,gratuito
3,0.0,0,0.0,103,9,1,1,1,0,1,1,1,1,1,1,1,alto
9,10000.0,1,1.0,1,1,1,0,0,0,0,0,0,0,0,0,1,gratuito
6,150000.0,1144,0.7893356643356644,5,4,1,0,0,5,1,0,0,1,1,1,0,alto
3,10000.0,0,0.0,26,4,1,0,0,0,0,1,1,1,1,0,0,alto
5,10000.0,0,0.0,1,3,1,0,0,0,1,1,0,0,0,0,1,baixo
2,0.0,0,0.0,0,0,1,0,0,0,0,0,0,0,0,0,0,gratuito
19,350000.0,1295,0.8972972972972973,1,1,1,0,0,0,0,0,0,0,0,1,0,baixo
9,350000.0,6001,0.9745042492917847,12,2,1,1,1,0,1,0,0,0,0,0,1,alto
4,10000.0,9,0.5555555555555556,2,2,1,0,0,0,1,1,0,0,0,0,0,medio_baixo
8,10000.0,28,0.9642857142857143,27,3,1,0,0,2,1,0,1,1,0,0,0,baixo
9,10000.0,112,0.8571428571428571,10,3,1,0,0,0,0,0,0,0,0,0,0,alto
5,10000.0,1,1.0,1,1,1,0,0,0,0,0,0,0,0,0,0,alto
5,10000.0,19,1.0,2,2,1,0,0,0,1,0,0,0,1,0,0,baixo
1,0.0,0,0.0,0,0,1,0,0,0,0,0,0,0,0,0,0,gratuito
1,0.0,0,0.0,103,4,1,0,0,0,1,1,0,1,0,1,0,baixo
1,10000.0,0,0.0,3,2,1,1,0,0,0,0,1,1,0,0,0,medio_alto
2,10000.0,123,0.6504065040650406,7,4,1,0,0,0,1,0,0,1,0,1,1,medio_alto
1,10000.0,6,1.0,1,3,1,0,0,0,1,0,1,1,0,0,0,baixo
2,0.0,0,0.0,103,2,1,0,0,0,1,0,0,1,0,0,0,baixo
5,10000.0,113,0.8230088495575221,1,5,1,0,0,0,1,0,0,1,0,1,1,medio_alto
2,0.0,0,0.0,0,0,1,0,0,0,0,0,0,0,0,0,0,gratuito
7,10000.0,0,0.0,1,4,1,0,0,0,1,0,0,1,0,0,1,medio_alto
5,10000.0,176,0.7556818181818182,1,2,1,1,1,0,1,0,0,0,0,0,1,medio_alto
1,0.0,0,0.0,0,0,1,0,0,0,0,0,0,0,0,0,0,gratuito
5,10000.0,12,1.0,1,2,1,0,0,0,0,0,1,1,0,0,0,baixo
7,10000.0,55,0.8363636363636363,3,6,1,0,0,0,1,0,1,1,1,1,1,alto
5,0.0,0,0.0,1,4,1,0,0,0,1,0,1,1,0,0,0,gratuito
3,35000.0,1,0.0,1,3,1,0,0,0,0,1,0,1,0,0,0,medio_alto
8,10000.0,12,0.5833333333333334,2,5,1,0,0,0,1,0,1,1,1,1,0,medio_alto
3,10000.0,116,0.9310344827586207,2,4,1,0,0,0,1,1,0,1,0,1,0,baixo
1,0.0,0,0.0,0,0,1,0,0,0,0,0,0,0,0,0,0,gratuito
9,10000.0,8,0.875,1,3,1,0,0,0,1,1,1,0,0,0,0,medio_alto
1,10000.0,0,0.0,8,2,1,0,0,0,1,0,0,0,0,0,1,baixo
2,10000.0,91,0.6703296703296703,13,1,1,0,0,0,0,0,1,0,0,0,0,alto
6,10000.0,91,0.8351648351648352,6,2,1,1,1,0,1,0,1,0,0,0,0,alto
3,10000.0,0,0.0,30,4,1,1,0,0,1,1,1,1,0,0,0,medio_baixo
1,0.0,0,0.0,0,0,1,0,0,0,0,0,0,0,0,0,0,gratuito
1,0.0,0,0.0,1,2,1,0,0,0,1,1,0,0,0,0,0,gratuito
3,0.0,0,0.0,1,4,1,0,0,0,1,0,1,1,0,0,0,gratuito
3,0.0,0,0.0,0,0,1,0,0,0,0,0,0,0,0,0,0,gratuito
1,0.0,0,0.0,0,0,1,0,0,0,0,0,0,0,0,0,0,gratuito
1,0.0,0,0.0,103,5,1,1,0,0,1,0,1,1,1,0,0,gratuito
2,0.0,0,0.0,0,0,1,0,0,0,0,0,0,0,0,0,0,gratuito
1,0.0,0,0.0,1,2,1,0,0,0,0,1,0,0,0,0,0,gratuito
3,75000.0,1508,0.8388594164456233,1,3,1,1,0,1,1,1,0,0,0,1,0,alto
5,10000.0,27,0.8888888888888888,8,3,1,1,0,0,1,0,1,1,0,0,0,medio_alto
6,350000.0,2955,0.9614213197969543,12,2,1,1,0,0,1,0,0,1,0,0,0,medio_baixo
3,10000.0,1,0.0,1,3,1,0,0,2,0,1,1,0,0,1,0,medio_baixo
2,10000.0,150,0.9333333333333333,2,1,1,0,0,0,0,0,1,0,0,0,0,baixo
1,10000.0,67,0.8208955223880597,5,2,1,1,1,0,1,0,0,0,0,1,0,alto
3,0.0,0,0.0,1,4,1,0,0,0,1,0,1,1,0,0,0,gratuito
3,35000.0,7,0.7142857142857143,12,1,1,1,1,0,0,0,1,0,0,0,0,medio_alto
2,10000.0,0,0.0,1,4,1,0,0,1,1,0,1,1,0,0,0,gratuito
1,10000.0,2,1.0,1,2,1,0,0,0,0,0,0,1,1,0,0,alto
9,350000.0,4957,0.8204559209199113,12,3,1,1,1,1,1,1,1,0,0,0,0,medio_baixo
8,35000.0,174,0.7586206896551724,10,3,1,0,0,1,1,0,1,1,0,0,0,baixo
5,10000.0,52,0.8461538461538461,1,1,1,0,0,0,0,0,0,0,0,0,0,baixo
1,10000.0,127,0.9133858267716536,1,2,1,1,0,1,1,0,1,0,0,0,0,alto
3,10000.0,15,0.8666666666666667,2,3,1,1,0,0,0,0,0,1,0,1,0,medio_alto
1,0.0,0,0.0,0,0,1,0,0,0,0,0,0,0,0,0,0,gratuito
3,10000.0,0,0.0,1,3,1,1,1,0,1,0,1,1,0,0,0,baixo
2,10000.0,0,0.0,6,3,1,0,0,0,1,0,0,1,0,0,1,medio_alto
8,10000.0,1,1.0,1,3,1,0,0,0,1,0,0,1,0,0,0,medio_alto
1,0.0,0,0.0,3,3,1,0,0,0,1,0,0,0,1,1,0,medio_alto
1,0.0,0,0.0,1,3,1,0,0,0,0,1,0,0,0,0,0,gratuito
2,0.0,0,0.0,0,0,1,0,0,0,0,0,0,0,0,0,0,gratuito
10,150000.0,1157,0.8522039757994814,2,2,1,0,0,0,1,1,0,0,0,0,0,medio_alto
1,0.0,0,0.0,0,0,1,0,0,0,0,0,0,0,0,0,0,gratuito
2,10000.0,9,1.0,4,3,1,0,0,0,1,0,1,1,0,0,0,baixo
5,10000.0,175,0.6514285714285715,2,3,1,0,0,0,1,0,1,0,0,0,1,medio_alto
5,10000.0,3,1.0,1,4,1,0,0,0,1,1,0,1,0,0,0,alto
7,750000.0,11056,0.8589905933429812,13,3,1,1,0,0,1,0,1,1,0,0,0,medio_baixo
2,10000.0,0,0.0,3,2,1,0,0,0,0,0,1,1,0,0,0,medio_baixo
3,75000.0,420,0.8428571428571429,1,4,1,0,0,0,1,1,1,0,0,0,0,alto
2,10000.0,19,0.9473684210526315,1,4,1,0,0,0,1,0,0,1,0,1,1,baixo
3,10000.0,0,0.0,29,3,1,0,0,0,1,0,0,1,0,1,0,baixo
4,10000.0,5,0.6,1,2,1,0,0,0,1,0,0,0,1,0,0,alto
1,150000.0,1926,0.721183800623053,2,4,1,0,0,0,1,1,1,0,0,0,1,alto
3,10000.0,6,0.5,2,7,1,0,0,0,1,1,1,0,1,0,1,alto
5,10000.0,47,0.9361702127659575,1,3,1,1,1,1,1,1,0,1,0,0,0,gratuito
2,0.0,0,0.0,1,3,1,0,0,0,1,0,1,0,0,0,0,gratuito
2,10000.0,20,0.95,1,3,1,0,0,0,1,0,0,1,0,0,1,medio_baixo
4,35000.0,943,0.591728525980912,9,2,1,1,0,2,0,0,0,0,0,1,1,alto
5,35000.0,3,1.0,1,3,1,0,0,0,1,1,0,0,0,0,0,gratuito
3,10000.0,0,0.0,1,2,1,0,0,0,0,0,1,1,0,0,0,medio_baixo
6,10000.0,52,0.6346153846153846,1,3,1,1,0,0,0,0,0,0,1,1,1,gratuito
1,0.0,0,0.0,1,4,1,0,0,0,1,0,0,1,0,0,1,gratuito
1,10000.0,0,0.0,1,4,1,0,0,0,1,1,1,1,0,0,0,alto
1,75000.0,1,1.0,2,4,1,0,0,0,1,0,1,0,0,1,0,medio_alto
13,10000.0,3983,0.8187296008034145,1,4,1,0,0,1,1,1,1,1,0,0,0,baixo
1,10000.0,0,0.0,8,2,1,0,0,1,0,0,1,0,1,0,0,alto
2,10000.0,0,0.0,1,3,1,0,1,0,1,1,0,0,0,0,0,gratuito
8,10000.0,109,0.7155963302752294,2,4,1,0,0,0,1,1,0,1,0,0,1,baixo
3,35000.0,9,0.7777777777777778,1,2,1,0,0,0,0,0,0,0,0,1,0,alto
1,0.0,0,0.0,1,3,1,0,0,0,0,0,0,1,0,1,0,gratuito
7,150000.0,622,0.9163987138263665,1,3,1,1,0,0,1,0,0,1,0,0,1,gratuito
3,10000.0,0,0.0,1,2,1,0,0,0,0,1,0,0,1,0,0,baixo
2,10000.0,0,0.0,1,1,1,0,0,0,1,0,0,0,0,0,0,medio_alto
8,10000.0,28,0.25,1,4,1,0,0,1,1,1,1,1,0,0,0,baixo
2,10000.0,1,1.0,1,2,1,0,0,0,1,0,0,1,0,0,0,medio_alto
8,10000.0,7,0.7142857142857143,1,1,1,0,0,0,0,0,0,1,0,0,0,medio_baixo
8,10000.0,122,0.8032786885245902,6,2,1,0,0,1,1,1,0,0,0,0,0,medio_alto
1,10000.0,0,0.0,1,2,1,0,0,0,1,0,0,1,0,0,0,baixo
2,10000.0,3,0.3333333333333333,15,3,1,0,0,0,1,0,0,1,0,0,1,medio_alto
8,10000.0,4,0.75,1,2,1,0,0,0,1,0,0,1,0,0,0,baixo
8,10000.0,4,0.5,1,3,1,1,1,0,1,1,1,0,0,0,0,baixo
1,0.0,0,0.0,1,2,1,0,0,0,1,0,0,0,0,0,1,medio_alto
3,10000.0,0,0.0,1,2,1,0,0,0,0,1,1,0,0,0,0,medio_alto
2,10000.0,33,0.9090909090909091,2,2,1,1,1,0,1,0,1,0,0,0,0,medio_alto
3,10000.0,10,0.9,1,2,1,0,1,0,1,1,0,0,0,0,0,medio_alto
2,0.0,0,0.0,3,4,1,0,0,0,1,0,1,0,0,0,0,gratuito
4,10000.0,23,0.8260869565217391,3,3,1,0,1,0,1,0,1,1,0,0,0,medio_baixo
5,0.0,0,0.0,0,0,1,0,0,0,0,0,0,0,0,0,0,gratuito
1,10000.0,0,0.0,3,3,1,0,0,0,1,0,1,0,1,0,0,alto
2,75000.0,69,0.9130434782608695,6,1,1,0,0,0,1,0,0,0,0,0,0,baixo
1,10000.0,0,0.0,15,4,1,1,1,0,0,0,1,1,1,0,1,medio_alto
6,10000.0,0,0.0,1,2,1,0,0,2,1,0,0,1,0,0,0,baixo
4,10000.0,22,0.6818181818181818,6,3,1,0,0,0,1,0,0,1,0,0,1,baixo
2,10000.0,2,1.0,1,5,1,0,0,0,1,1,0,1,0,1,1,medio_baixo
10,10000.0,114,0.8947368421052632,2,3,1,0,0,3,0,1,0,1,0,0,0,alto
1,10000.0,0,0.0,8,2,1,0,0,0,0,1,1,0,0,0,0,alto
6,10000.0,30,1.0,1,1,1,0,0,0,0,1,0,0,0,0,0,medio_alto
2,10000.0,34,0.9705882352941176,2,2,1,0,0,1,1,0,1,0,0,0,0,medio_baixo
1,0.0,0,0.0,12,3,1,0,0,0,1,0,0,1,0,1,0,alto
2,10000.0,100,0.79,11,2,1,0,0,0,1,1,0,0,0,0,0,medio_baixo
1,35000.0,3,1.0,3,2,1,1,1,0,1,0,1,0,0,0,0,baixo
1,10000.0,0,0.0,1,5,1,0,0,0,1,1,1,0,1,0,1,baixo
5,75000.0,16,0.75,1,2,1,1,0,0,0,0,0,0,0,1,0,gratuito
5,10000.0,32,0.96875,6,3,1,0,0,0,1,1,1,0,0,0,0,medio_baixo
5,10000.0,269,0.8215613382899628,7,1,1,0,0,0,1,0,0,0,0,0,0,alto
8,10000.0,15,0.9333333333333333,6,3,1,0,0,0,1,0,0,1,0,1,0,medio_alto
1,0.0,0,0.0,0,0,1,0,0,0,0,0,0,0,0,0,0,gratuito
4,10000.0,6,0.3333333333333333,18,1,1,0,0,0,0,0,0,0,0,0,1,alto
1,10000.0,0,0.0,1,4,1,0,0,0,1,0,0,1,0,0,1,alto
2,10000.0,38,0.9473684210526315,6,3,1,0,0,3,1,1,1,0,0,0,0,alto
3,10000.0,9,1.0,1,1,1,0,0,0,1,0,0,0,0,0,0,medio_alto
9,35000.0,26,0.6538461538461539,2,3,1,0,0,0,0,1,0,0,0,0,0,gratuito
4,0.0,0,0.0,1,4,1,0,0,0,1,0,1,0,0,1,0,gratuito
4,0.0,0,0.0,1,3,1,0,0,0,1,1,0,1,0,0,0,gratuito
4,10000.0,23,0.6086956521739131,1,5,1,0,0,0,1,0,1,1,0,1,1,alto
2,10000.0,0,0.0,1,2,1,0,1,0,1,0,0,0,0,0,0,gratuito
14,75000.0,199,0.6683417085427136,4,1,1,0,0,0,0,0,1,0,0,0,0,medio_baixo
1,10000.0,0,0.0,1,4,1,0,0,0,0,1,1,0,0,1,0,alto
3,10000.0,62,0.8387096774193549,1,4,1,0,0,0,1,0,0,1,0,1,0,medio_alto
4,10000.0,4,0.75,2,3,1,0,0,0,1,0,0,1,0,1,0,baixo
5,10000.0,135,0.8814814814814815,4,3,1,0,0,0,1,0,1,1,0,0,0,medio_alto
8,10000.0,13,0.6923076923076923,2,4,1,0,0,0,1,1,0,1,0,0,0,gratuito
8,10000.0,12,0.8333333333333334,1,3,1,0,0,0,1,1,0,0,0,0,0,gratuito
3,10000.0,6,0.5,2,3,1,0,0,0,1,0,0,1,0,1,0,baixo
7,10000.0,6,1.0,1,4,1,0,0,0,1,1,1,1,0,0,0,medio_alto
3,10000.0,31,0.967741935483871,9,3,1,0,1,1,1,0,1,1,0,0,0,baixo
6,150000.0,17,0.6470588235294118,4,2,1,0,0,0,0,1,0,0,0,0,0,gratuito
1,10000.0,162,0.9753086419753086,11,2,1,1,1,1,1,0,1,0,0,0,0,alto
10,10000.0,17,0.6470588235294118,1,2,1,0,0,0,1,0,0,1,0,0,0,medio_alto
6,35000.0,13,0.9230769230769231,1,3,1,0,0,0,1,1,0,1,0,0,0,medio_baixo
4,10000.0,6,0.5,2,2,1,0,0,0,0,0,1,1,0,0,0,alto
1,10000.0,0,0.0,1,1,1,0,0,0,0,1,0,0,0,0,0,medio_baixo
3,10000.0,0,0.0,1,4,1,0,0,0,1,0,0,1,0,0,1,gratuito
1,10000.0,0,0.0,18,2,1,0,0,0,1,0,0,0,0,0,1,medio_alto
3,10000.0,0,0.0,1,1,1,0,0,0,0,0,0,1,0,0,0,medio_baixo
1,0.0,0,0.0,4,4,1,0,0,0,1,0,0,1,0,1,0,gratuito
1,10000.0,0,0.0,2,4,1,0,0,0,1,1,0,1,0,0,0,baixo
6,10000.0,0,0.0,10,1,1,0,1,1,0,1,0,0,0,0,0,baixo
2,0.0,0,0.0,0,0,1,0,0,0,0,0,0,0,0,0,0,gratuito
2,10000.0,1,0.0,16,3,1,0,0,0,1,0,0,1,0,1,0,medio_alto
2,1500000.0,15078,0.8603926250165804,11,5,1,0,0,3,1,1,0,0,0,1,1,alto
3,10000.0,80,0.75,10,4,1,0,0,0,1,0,1,0,0,1,0,medio_baixo
11,10000.0,76,0.47368421052631576,1,2,1,1,1,0,1,0,0,1,0,0,0,gratuito
3,35000.0,2,1.0,1,4,1,0,0,2,1,0,1,1,0,1,0,baixo
4,10000.0,2,0.5,1,3,1,0,0,0,1,0,1,1,0,0,0,baixo
9,10000.0,19,0.2631578947368421,1,3,1,0,0,0,1,1,0,0,0,1,0,alto
1,0.0,0,0.0,0,0,1,0,0,0,0,0,0,0,0,0,0,gratuito
1,10000.0,0,0.0,7,3,1,0,0,4,0,0,0,0,0,1,1,alto
4,10000.0,19,0.47368421052631576,2,2,1,0,0,1,0,0,0,1,0,1,0,baixo
12,35000.0,613,0.8287112561174551,1,2,1,0,0,0,0,0,0,0,0,1,1,gratuito
10,35000.0,128,0.546875,4,2,1,1,1,2,1,0,1,0,0,0,0,medio_alto
3,10000.0,28,0.9642857142857143,10,3,1,0,0,0,1,0,0,1,0,1,0,baixo
1,0.0,0,0.0,1,3,1,0,0,0,0,1,0,0,0,1,1,baixo
8,10000.0,12,1.0,1,2,1,0,0,0,1,1,0,0,0,0,0,baixo
3,10000.0,18,0.6111111111111112,1,4,1,0,0,0,1,1,0,1,0,1,0,medio_baixo
8,10000.0,11,0.5454545454545454,1,3,1,0,0,0,1,0,0,0,1,1,0,baixo
8,10000.0,6,0.6666666666666666,1,3,1,0,0,0,1,1,1,0,0,0,0,medio_baixo
5,10000.0,3,0.6666666666666666,1,3,1,0,0,0,1,0,0,1,0,0,1,baixo
8,10000.0,3,1.0,1,3,1,0,0,0,1,1,0,1,0,0,0,medio_alto
3,10000.0,0,0.0,1,1,1,0,0,0,1,0,0,0,0,0,0,medio_baixo
11,150000.0,484,0.6260330578512396,1,2,1,0,0,1,1,1,0,0,0,0,0,baixo
4,0.0,0,0.0,0,0,1,0,0,0,0,0,0,0,0,0,0,gratuito
1,10000.0,0,0.0,6,4,1,1,0,0,1,1,1,0,0,0,0,alto
3,10000.0,313,0.9680511182108626,11,2,1,0,0,0,1,0,0,0,0,0,0,medio_baixo
1,0.0,0,0.0,1,1,1,0,0,0,0,0,1,0,0,0,0,medio_baixo
3,10000.0,15,0.9333333333333333,7,3,1,0,0,0,0,1,1,1,0,0,0,baixo
8,10000.0,14,0.5,1,4,1,0,0,0,1,1,1,1,0,0,0,gratuito
13,350000.0,797,0.685069008782936,5,2,1,0,0,0,0,0,0,1,0,1,0,baixo
3,10000.0,32,0.59375,1,3,1,0,0,0,1,1,0,0,0,0,1,baixo
3,0.0,0,0.0,0,0,1,0,0,0,0,0,0,0,0,0,0,gratuito
3,0.0,0,0.0,1,2,1,0,0,0,0,1,0,0,0,0,0,gratuito
14,350000.0,675,0.7051851851851851,7,2,1,0,0,0,0,1,0,0,0,1,0,baixo
4,10000.0,1,0.0,3,2,1,0,0,0,1,0,0,0,1,0,0,medio_baixo
2,10000.0,0,0.0,1,4,1,0,0,0,1,0,1,0,1,0,1,medio_alto
3,10000.0,1,1.0,2,3,1,0,0,0,1,0,0,0,0,1,1,baixo
1,0.0,0,0.0,6,3,1,0,0,1,1,0,1,0,1,0,0,alto
6,10000.0,54,0.9074074074074074,29,2,1,0,0,0,1,0,0,1,0,0,0,baixo
9,35000.0,58,0.5,1,3,1,0,0,0,1,0,0,1,0,0,0,baixo
2,0.0,0,0.0,1,4,1,1,1,0,1,1,1,0,0,0,0,gratuito
3,10000.0,13,0.8461538461538461,15,3,1,1,0,0,1,0,0,1,0,1,0,medio_alto
2,35000.0,18,1.0,1,3,1,0,0,0,1,0,1,0,1,0,0,medio_baixo
1,0.0,0,0.0,1,2,1,0,0,0,1,1,0,0,0,0,0,medio_baixo
2,10000.0,0,0.0,1,5,1,0,0,0,1,1,1,1,1,0,0,medio_baixo
1,0.0,0,0.0,1,2,1,1,0,0,0,0,1,1,0,0,0,medio_alto
10,10000.0,144,0.8680555555555556,1,2,1,0,0,1,0,0,1,1,0,0,0,alto
1,10000.0,0,0.0,1,5,1,0,0,0,1,1,1,0,1,0,0,medio_alto
4,10000.0,0,0.0,1,1,1,0,0,0,0,0,0,1,0,0,0,baixo
13,75000.0,328,0.8079268292682927,4,2,1,0,0,0,0,0,1,1,0,0,0,baixo
3,0.0,0,0.0,103,1,1,0,0,0,0,0,0,1,0,0,0,medio_baixo
10,10000.0,37,0.6756756756756757,5,4,1,1,0,0,1,0,0,1,1,0,1,medio_alto
1,0.0,0,0.0,1,1,1,0,0,0,0,0,0,1,0,0,0,alto
5,0.0,0,0.0,1,3,1,1,0,0,1,0,1,0,0,0,0,gratuito
2,10000.0,2,1.0,5,3,1,0,0,0,0,1,1,0,0,1,0,baixo
1,10000.0,0,0.0,3,2,1,1,0,0,1,0,0,1,0,0,0,medio_baixo
5,150000.0,958,0.6931106471816284,1,3,1,0,0,0,0,0,0,0,1,0,1,gratuito
1,10000.0,0,0.0,1,1,1,0,0,0,0,0,0,0,0,0,1,baixo
5,75000.0,4,0.25,1,3,1,0,0,0,1,1,0,1,0,0,0,medio_alto
4,10000.0,1,0.0,1,4,1,0,0,0,1,0,0,1,0,0,1,baixo
5,10000.0,2,1.0,2,2,1,0,0,0,1,1,0,0,0,0,0,medio_alto
2,10000.0,1,1.0,6,5,1,0,0,0,1,0,0,1,0,0,1,alto
3,10000.0,3,1.0,1,2,1,0,0,0,0,0,0,1,0,0,1,alto
2,10000.0,0,0.0,1,2,1,1,1,0,0,0,0,1,0,1,0,medio_baixo
3,10000.0,0,0.0,1,6,1,0,0,0,1,1,1,0,1,0,0,medio_baixo
4,10000.0,2,1.0,1,1,1,0,0,0,1,0,0,0,0,0,0,baixo
1,10000.0,0,0.0,4,6,1,0,0,0,1,1,1,1,0,1,1,baixo
4,10000.0,33,0.8787878787878788,2,2,1,0,0,0,0,0,1,1,0,0,0,medio_alto
5,150000.0,1518,0.8965744400527009,12,3,1,1,0,1,1,0,1,0,1,0,0,medio_alto
2,10000.0,0,0.0,1,3,1,0,0,0,1,0,0,1,0,0,1,medio_alto
8,10000.0,53,0.8679245283018868,1,2,1,0,0,0,0,0,1,0,0,1,0,medio_baixo
9,350000.0,4097,0.8960214791310716,26,2,1,1,0,1,1,0,1,0,0,0,0,baixo
6,10000.0,73,0.9315068493150684,4,2,1,0,0,0,1,1,0,0,0,0,0,medio_alto
5,0.0,0,0.0,0,0,1,0,0,0,0,0,0,0,0,0,0,gratuito
11,35000.0,116,0.6120689655172413,1,4,1,1,0,0,1,0,0,1,0,0,0,baixo
9,10000.0,27,0.7037037037037037,12,3,1,0,0,0,1,1,0,1,0,0,0,baixo
2,10000.0,16,0.9375,1,2,1,0,0,0,0,0,0,1,0,1,0,baixo
2,10000.0,2,1.0,2,2,1,0,0,2,1,0,1,0,0,0,0,medio_alto
4,0.0,0,0.0,0,0,1,0,0,0,0,0,0,0,0,0,0,gratuito
1,0.0,0,0.0,8,2,1,0,0,0,1,0,0,0,0,0,1,medio_alto
5,10000.0,36,0.9444444444444444,1,1,1,1,1,0,1,0,0,0,0,0,0,baixo
1,10000.0,0,0.0,9,2,1,0,0,3,1,0,0,1,0,0,0,baixo
11,10000.0,95,0.6631578947368421,1,1,1,0,1,0,0,1,0,0,0,0,0,medio_alto
6,10000.0,33,0.7878787878787878,1,4,1,1,0,0,1,0,0,0,1,1,0,alto
1,0.0,0,0.0,1,4,1,0,1,1,1,0,1,0,1,0,0,gratuito
5,10000.0,57,0.9298245614035088,1,2,1,0,1,0,1,0,0,1,0,0,0,baixo
1,10000.0,0,0.0,1,1,1,0,0,0,1,0,0,0,0,0,0,baixo
4,10000.0,1,1.0,2,4,1,0,0,0,1,1,0,0,0,0,1,alto
3,10000.0,862,0.8967517401392111,13,1,1,0,0,0,1,0,0,0,0,0,0,medio_alto
4,10000.0,178,0.848314606741573,6,5,1,0,0,0,1,0,1,1,0,1,1,medio_baixo
8,10000.0,4,1.0,1,1,1,0,0,0,0,0,0,1,0,0,0,medio_alto
7,10000.0,22,0.9545454545454546,4,3,1,1,1,1,1,1,0,1,0,0,0,medio_alto
6,75000.0,5,1.0,1,2,1,0,0,0,0,1,0,0,0,0,1,medio_baixo
4,350000.0,3536,0.8243778280542986,1,3,1,0,0,0,0,0,0,0,0,1,1,alto
5,75000.0,1336,0.8383233532934131,8,3,1,0,0,5,0,0,0,1,1,0,1,alto
2,0.0,0,0.0,2,3,1,1,0,0,0,1,1,0,0,1,0,gratuito
6,150000.0,536,0.835820895522388,1,7,1,1,0,0,1,1,1,1,1,1,1,medio_alto
10,75000.0,54,0.8888888888888888,1,4,1,0,0,0,0,0,0,1,0,0,1,gratuito
9,10000.0,95,0.631578947368421,6,2,1,0,0,0,0,1,1,0,0,0,0,medio_alto
8,10000.0,5,0.4,1,4,1,0,0,0,1,0,1,0,0,1,1,baixo
11,150000.0,664,0.8509036144578314,26,3,1,1,1,0,1,0,1,1,0,0,0,baixo
1,0.0,0,0.0,7,4,1,0,0,0,1,0,0,1,0,0,1,medio_baixo
3,35000.0,1,1.0,4,3,1,0,0,0,1,1,0,1,0,0,0,medio_alto
1,0.0,0,0.0,1,4,1,0,0,0,1,1,1,1,0,0,0,medio_baixo
6,10000.0,10,0.8,9,4,1,0,0,0,1,0,1,1,0,1,0,medio_baixo
4,10000.0,0,0.0,1,3,1,0,0,1,1,0,0,0,1,0,1,alto
1,0.0,0,0.0,1,4,1,0,0,0,1,1,0,1,0,0,0,gratuito
8,10000.0,8,0.875,1,3,1,0,0,0,1,0,0,1,0,0,1,gratuito
3,750000.0,10,0.3,1,2,1,0,0,0,1,1,0,0,0,0,0,baixo
8,10000.0,37,0.5405405405405406,3,4,1,0,0,0,1,1,1,0,1,0,0,medio_alto
3,0.0,0,0.0,103,5,1,0,0,0,1,0,1,1,0,1,1,baixo
10,75000.0,531,0.7909604519774012,10,2,1,0,0,0,0,1,1,0,0,0,0,baixo
1,0.0,0,0.0,11,4,1,0,0,0,1,1,0,1,0,0,0,medio_baixo
2,0.0,0,0.0,0,0,1,0,0,0,0,0,0,0,0,0,0,gratuito
17,35000.0,54,0.7962962962962963,1,1,1,0,0,0,0,0,0,1,0,0,0,baixo
3,10000.0,2,0.5,1,6,1,0,0,0,1,1,1,1,0,0,1,baixo
8,75000.0,1215,0.5292181069958848,7,2,1,0,0,1,1,0,1,0,0,0,0,medio_baixo
2,10000.0,14,0.42857142857142855,12,3,1,0,0,0,1,0,1,0,0,0,1,medio_alto
4,10000.0,9,0.4444444444444444,2,2,1,0,0,0,1,1,0,0,0,0,0,medio_baixo
2,10000.0,1,0.0,15,3,1,0,0,0,0,0,1,1,0,0,1,alto
6,10000.0,7,1.0,2,2,1,0,0,0,1,1,0,0,0,0,0,alto
2,10000.0,1,1.0,1,4,1,0,0,0,1,0,1,1,1,0,0,baixo
3,0.0,0,0.0,2,4,1,0,0,0,0,1,1,1,0,0,1,baixo
5,10000.0,42,0.7619047619047619,3,3,1,0,0,0,1,1,1,0,0,0,0,medio_baixo
12,10000.0,160,0.95625,6,2,1,1,1,0,0,0,1,1,0,0,0,medio_alto
1,10000.0,1,0.0,1,2,1,0,0,0,1,0,0,1,0,0,0,medio_baixo
7,10000.0,0,0.0,1,3,1,0,0,0,1,1,0,0,0,0,1,baixo
6,10000.0,22,0.9545454545454546,1,2,1,0,0,0,1,1,0,0,0,0,0,gratuito
1,0.0,0,0.0,11,3,1,0,0,1,0,0,0,0,0,0,0,gratuito
1,10000.0,18,0.7777777777777778,1,3,1,1,1,0,1,0,1,0,1,0,0,medio_alto
1,10000.0,0,0.0,1,1,1,1,1,0,0,1,0,0,0,0,0,medio_alto
7,10000.0,6,0.3333333333333333,1,3,1,0,0,0,1,1,1,0,0,0,0,baixo
1,10000.0,4,1.0,4,2,1,0,0,0,1,0,0,1,0,0,0,medio_baixo
3,0.0,0,0.0,0,0,1,0,0,0,0,0,0,0,0,0,0,gratuito
6,10000.0,321,0.8629283489096573,1,4,1,0,1,1,1,1,1,1,0,0,0,baixo
1,0.0,0,0.0,1,3,1,0,0,0,1,0,0,1,0,0,1,medio_alto
4,10000.0,4,0.5,1,5,1,0,0,0,1,1,1,1,1,0,0,medio_baixo
5,35000.0,790,0.9898734177215189,8,3,1,1,1,0,1,0,1,0,1,0,0,medio_alto
3,10000.0,7,1.0,1,4,1,0,0,0,1,1,0,1,0,0,1,baixo
5,10000.0,22,0.8181818181818182,3,3,1,0,0,0,1,0,1,1,0,0,0,baixo
2,0.0,0,0.0,1,5,1,0,0,0,1,0,1,1,1,0,0,gratuito
4,10000.0,2,1.0,1,5,1,1,0,0,1,1,1,0,1,0,0,alto
4,10000.0,25,0.84,2,3,1,1,1,0,1,1,0,0,0,1,0,gratuito
4,10000.0,111,0.5945945945945946,7,2,1,0,0,0,1,1,0,0,0,0,0,alto
1,10000.0,65,0.9692307692307692,1,3,1,0,0,0,1,0,1,1,0,0,0,medio_baixo
4,0.0,0,0.0,1,5,1,0,0,0,1,0,0,1,0,1,0,gratuito
2,10000.0,1,1.0,1,1,1,1,1,0,1,0,0,0,0,0,0,alto
1,10000.0,0,0.0,1,2,1,0,0,0,0,0,1,1,0,0,0,medio_baixo
10,150000.0,107,0.6542056074766355,3,6,1,1,1,0,1,1,1,0,0,0,1,medio_baixo
2,10000.0,26,0.6538461538461539,1,3,1,1,0,0,0,0,0,0,0,0,0,gratuito
3,0.0,0,0.0,103,5,1,0,0,0,1,0,1,1,0,1,1,baixo
11,750000.0,9552,0.7527219430485762,7,1,1,0,1,1,0,1,0,0,0,0,0,medio_alto
10,10000.0,15,0.4666666666666667,1,3,1,1,0,0,1,1,0,0,0,1,0,medio_baixo
7,10000.0,32,0.625,2,5,1,0,0,0,1,1,1,1,0,1,0,medio_alto
2,10000.0,2,1.0,3,5,1,0,0,0,0,1,1,1,0,0,1,medio_alto
7,35000.0,9,0.2222222222222222,1,3,1,0,0,0,1,0,1,1,0,0,0,baixo
4,10000.0,27,1.0,1,2,1,0,0,0,0,0,0,1,0,1,0,baixo
2,10000.0,4,0.25,1,2,1,0,0,0,1,0,1,0,0,0,0,alto
7,150000.0,2889,0.7978539286950502,10,4,1,0,0,0,1,1,1,0,1,0,0,medio_baixo
9,75000.0,105,0.6761904761904762,1,3,1,0,0,0,1,0,1,1,0,0,0,baixo
6,10000.0,129,0.9069767441860465,10,4,1,1,0,0,1,1,0,0,0,0,1,medio_alto
3,10000.0,54,0.7222222222222222,3,2,1,0,0,0,1,1,0,0,0,0,0,alto
11,10000.0,161,0.42857142857142855,2,6,1,1,1,5,0,1,0,0,1,0,1,gratuito
5,10000.0,151,0.8609271523178808,3,3,1,0,0,0,1,1,0,0,0,0,0,gratuito
5,10000.0,174,0.9482758620689655,10,4,1,0,0,0,1,1,1,1,0,0,0,baixo
5,35000.0,3,0.3333333333333333,1,2,1,0,0,0,1,0,0,0,1,0,0,baixo
1,10000.0,0,0.0,2,3,1,0,0,0,1,0,1,1,0,0,0,baixo
5,10000.0,0,0.0,1,4,1,1,0,0,1,0,1,0,1,0,0,medio_alto
4,150000.0,754,0.8116710875331565,9,3,1,0,1,0,1,1,1,0,0,0,0,alto
7,10000.0,16,0.375,7,3,1,0,0,1,1,0,0,0,0,1,1,medio_baixo
1,10000.0,0,0.0,1,3,1,0,0,0,1,0,1,1,0,0,0,medio_baixo
5,0.0,0,0.0,0,0,1,0,0,0,0,0,0,0,0,0,0,gratuito
6,10000.0,0,0.0,1,3,1,0,0,0,1,0,1,1,0,0,0,medio_baixo
5,10000.0,2,0.5,1,2,1,0,0,0,0,0,1,0,0,0,0,alto
1,0.0,0,0.0,16,2,1,0,0,1,0,0,0,1,0,0,0,gratuito
1,0.0,0,0.0,6,2,1,0,0,0,0,0,0,1,0,0,1,medio_alto
16,75000.0,268,0.6529850746268657,3,3,1,0,0,0,1,0,1,0,1,0,0,gratuito
2,0.0,0,0.0,8,3,1,0,0,0,0,0,1,1,0,0,0,gratuito
1,0.0,0,0.0,0,0,1,0,0,0,0,0,0,0,0,0,0,gratuito
2,0.0,0,0.0,0,0,1,0,0,0,0,0,0,0,0,0,0,gratuito
7,10000.0,3,1.0,1,2,1,0,0,0,1,1,0,0,0,0,0,medio_alto
6,75000.0,1,1.0,1,2,1,0,0,0,1,0,0,1,0,0,0,medio_alto
1,10000.0,0,0.0,11,3,1,0,0,0,1,1,1,0,0,0,0,alto
4,35000.0,282,0.9574468085106383,1,2,1,0,0,1,0,1,1,0,0,0,0,baixo
2,10000.0,1,1.0,1,1,1,0,0,0,0,1,0,0,0,0,0,baixo
2,10000.0,0,0.0,1,3,1,0,0,0,1,0,1,1,0,0,0,baixo
2,0.0,0,0.0,1,7,1,0,0,1,1,1,1,0,1,0,0,gratuito
1,10000.0,0,0.0,4,3,1,0,0,0,1,0,1,0,1,0,0,alto
10,10000.0,508,0.9409448818897638,1,3,1,1,1,1,1,0,0,1,1,0,0,medio_baixo
1,10000.0,0,0.0,1,4,1,0,0,0,1,1,0,1,0,1,0,baixo
5,10000.0,59,0.9830508474576272,1,2,1,0,0,0,1,1,0,0,0,0,0,baixo
1,10000.0,1,0.0,1,2,1,0,0,0,1,1,0,0,0,0,0,alto
1,10000.0,0,0.0,2,3,1,0,0,0,1,1,0,0,0,1,0,medio_alto
10,350000.0,1166,0.7830188679245284,7,4,1,0,1,0,1,0,0,1,0,1,0,medio_baixo
1,0.0,0,0.0,0,0,1,0,0,0,0,0,0,0,0,0,0,gratuito
6,35000.0,22,0.9090909090909091,1,5,1,0,0,0,1,0,1,1,1,1,0,baixo
3,0.0,0,0.0,0,0,1,0,0,0,0,0,0,0,0,0,0,gratuito
6,10000.0,8,0.25,1,2,1,0,0,0,1,0,0,0,0,0,1,medio_baixo
8,150000.0,794,0.9420654911838791,1,4,1,0,0,1,1,0,1,0,1,0,0,gratuito
1,0.0,0,0.0,1,2,1,0,0,0,0,0,1,1,0,0,0,medio_alto
7,75000.0,8,0.625,1,5,1,0,0,0,1,1,1,1,0,1,0,baixo
5,10000.0,8,0.75,1,2,1,0,0,0,1,0,0,1,0,0,0,baixo
7,10000.0,151,0.9867549668874173,1,2,1,1,1,0,1,0,1,0,0,0,0,medio_alto
1,35000.0,1,1.0,4,4,1,0,0,0,1,0,0,0,1,1,1,baixo
9,10000.0,63,0.36507936507936506,1,3,1,0,0,0,1,0,0,1,0,0,0,baixo
3,35000.0,34,0.9411764705882353,3,3,1,0,0,0,1,1,0,0,1,0,0,medio_baixo
4,10000.0,84,0.9285714285714286,2,1,1,0,0,0,0,0,0,0,1,0,0,alto
3,10000.0,0,0.0,2,3,1,0,0,0,1,0,1,0,1,0,0,medio_baixo
7,10000.0,5,0.8,1,2,1,0,0,0,0,0,0,0,0,0,0,baixo
1,0.0,0,0.0,15,3,1,0,0,0,0,1,0,0,1,0,0,gratuito
5,0.0,0,0.0,1,1,1,0,0,0,0,1,0,0,0,0,0,gratuito
5,10000.0,3,1.0,1,2,1,0,0,0,1,1,0,0,0,0,0,medio_baixo
10,350000.0,862,0.9164733178654292,2,2,1,1,1,1,1,0,0,1,0,0,0,baixo
1,0.0,0,0.0,5,5,1,0,0,0,1,1,1,1,0,0,0,gratuito
5,0.0,0,0.0,0,0,1,0,0,0,0,0,0,0,0,0,0,gratuito
10,750000.0,4918,0.8546156974379829,5,1,1,0,0,0,0,0,0,0,1,0,0,medio_alto
12,35000.0,245,0.8775510204081632,7,3,1,0,0,0,0,0,0,1,0,0,1,medio_baixo
1,10000.0,64,0.96875,6,1,1,0,0,4,0,1,0,0,0,0,0,alto
2,10000.0,54,0.7777777777777778,4,4,1,0,0,0,1,1,1,0,0,0,0,medio_baixo
14,350000.0,7383,0.942299878098334,10,2,1,0,0,0,0,1,1,0,0,0,0,medio_alto
5,10000.0,0,0.0,1,3,1,1,0,0,1,1,1,0,0,0,0,medio_baixo
6,350000.0,2418,0.9416873449131513,13,3,1,1,0,2,1,0,1,0,0,1,0,alto
9,10000.0,4,0.5,2,5,1,0,0,0,1,0,0,1,1,0,0,medio_baixo
6,10000.0,4,0.75,1,1,1,0,0,0,0,0,0,0,0,1,0,medio_alto
4,150000.0,14,0.42857142857142855,1,4,1,0,0,0,1,1,1,0,1,0,0,alto
1,0.0,0,0.0,0,0,1,0,0,0,0,0,0,0,0,0,0,gratuito
9,10000.0,2,1.0,2,1,1,0,0,0,0,1,0,0,0,0,0,medio_alto
1,10000.0,0,0.0,12,3,1,1,0,0,1,1,0,0,0,0,0,medio_baixo
1,0.0,0,0.0,12,3,1,0,0,0,1,0,1,0,1,0,0,medio_baixo
3,35000.0,1,0.0,4,3,1,0,0,0,1,0,1,0,1,0,0,medio_baixo
5,0.0,0,0.0,1,2,1,0,0,0,1,0,0,0,0,0,0,gratuito
4,10000.0,7,0.8571428571428571,1,1,1,0,0,0,0,0,1,0,0,0,0,alto
9,35000.0,124,0.532258064516129,1,2,1,1,1,0,1,0,0,1,0,0,0,medio_alto
1,10000.0,0,0.0,8,4,1,0,0,0,1,0,0,1,0,1,1,medio_alto
6,10000.0,6,0.6666666666666666,4,2,1,0,0,0,0,0,0,0,0,0,0,medio_alto
8,10000.0,59,0.6101694915254238,9,4,1,0,0,0,1,0,0,0,0,1,1,alto
6,10000.0,0,0.0,1,6,1,0,0,0,1,1,1,1,1,0,1,baixo
1,10000.0,18,1.0,7,2,1,0,0,1,0,1,0,0,0,1,0,baixo
4,0.0,0,0.0,0,0,1,0,0,0,0,0,0,0,0,0,0,gratuito
8,10000.0,25,0.48,2,2,1,0,0,0,1,1,0,0,0,0,0,gratuito
4,35000.0,2,0.0,4,2,1,0,0,0,1,0,0,0,1,0,0,medio_baixo
5,75000.0,228,0.7543859649122807,10,3,1,0,0,2,1,1,1,0,0,0,0,gratuito
6,1500000.0,84488,0.9567394186156614,13,2,1,0,0,2,0,1,1,0,0,0,0,alto
9,10000.0,85,0.5058823529411764,1,3,1,0,0,0,1,0,1,1,0,0,0,medio_baixo
1,350000.0,15,0.6666666666666666,1,1,1,0,0,0,0,0,1,0,0,0,0,medio_baixo
4,150000.0,24,0.8333333333333334,7,4,1,0,0,0,1,1,1,0,1,0,0,medio_baixo
1,10000.0,0,0.0,1,5,1,0,0,0,1,0,0,1,1,1,1,baixo
1,0.0,0,0.0,0,0,1,0,0,0,0,0,0,0,0,0,0,gratuito
13,350000.0,812,0.9002463054187192,10,2,1,1,1,0,1,0,0,0,0,1,0,baixo
1,10000.0,5,0.6,1,5,1,0,0,0,1,1,0,1,1,0,1,medio_baixo
1,0.0,0,0.0,0,0,1,0,0,0,0,0,0,0,0,0,0,gratuito
2,10000.0,219,0.863013698630137,4,2,1,0,1,0,1,0,0,0,1,0,0,alto
3,10000.0,2,1.0,1,5,1,0,0,0,0,1,1,1,0,1,0,baixo
6,10000.0,16,0.9375,1,3,1,0,0,0,1,1,0,0,0,0,1,medio_baixo
6,10000.0,1,1.0,1,1,1,0,0,0,0,0,0,0,0,0,0,alto
2,10000.0,0,0.0,12,3,1,1,1,0,1,0,0,1,0,1,0,baixo
4,10000.0,1,1.0,4,3,1,0,0,0,1,0,0,1,0,1,0,alto
4,10000.0,18,0.8888888888888888,3,5,1,0,1,0,1,1,1,1,0,1,0,baixo
2,10000.0,14,0.9285714285714286,1,2,1,1,0,0,1,0,0,0,0,0,1,baixo
1,0.0,0,0.0,3,2,1,1,1,2,1,0,1,0,0,0,0,alto
3,35000.0,22,0.9090909090909091,3,2,1,0,0,0,0,0,0,1,0,0,0,gratuito
6,350000.0,1242,0.8993558776167472,1,6,1,0,0,0,1,1,0,1,0,0,1,alto
2,10000.0,219,0.958904109589041,7,3,1,0,0,0,1,1,1,0,0,0,0,alto
9,10000.0,34,0.35294117647058826,2,1,1,0,0,0,0,0,0,0,0,0,0,alto
11,35000.0,11,0.5454545454545454,1,1,1,0,0,0,0,0,1,0,0,0,0,baixo
2,10000.0,88,0.9659090909090909,4,4,1,1,1,0,1,0,1,0,0,1,1,medio_alto
2,0.0,0,0.0,0,0,1,0,0,0,0,0,0,0,0,0,0,gratuito
7,750000.0,5418,0.9568106312292359,1,5,1,0,0,1,1,0,1,1,0,0,1,alto
8,10000.0,170,0.9117647058823529,1,2,1,0,0,0,1,1,0,0,0,0,0,baixo
4,10000.0,2,0.5,1,3,1,1,0,0,1,0,0,1,0,1,0,medio_baixo
3,0.0,0,0.0,9,3,1,0,0,0,1,0,0,0,0,1,1,gratuito
5,350000.0,1597,0.7820914214151534,12,2,1,0,0,0,1,0,0,1,0,0,0,medio_alto
7,10000.0,11,1.0,1,3,1,1,0,0,1,1,0,1,0,0,0,medio_alto
9,10000.0,9,0.7777777777777778,1,2,1,0,0,0,1,1,0,0,0,0,0,baixo
2,10000.0,0,0.0,1,2,1,0,0,0,0,0,0,0,0,0,1,alto
4,10000.0,0,0.0,2,2,1,0,0,1,0,0,0,0,1,1,0,baixo
1,10000.0,25,0.68,1,2,1,0,0,0,1,0,1,0,0,0,0,baixo
10,35000.0,92,0.7391304347826086,9,3,1,1,0,0,1,0,1,0,0,1,0,baixo
4,10000.0,3,0.6666666666666666,22,5,1,0,0,0,1,1,1,1,0,0,0,alto
7,10000.0,215,0.9255813953488372,2,2,1,1,1,2,1,0,0,1,0,0,0,alto
7,35000.0,34,0.8529411764705882,1,2,1,0,0,0,0,0,1,1,0,0,0,medio_alto
7,10000.0,155,0.864516129032258,1,4,1,0,0,0,1,0,1,1,1,0,0,medio_alto
1,10000.0,0,0.0,1,2,1,0,0,0,1,0,1,0,0,0,0,medio_alto
1,10000.0,94,0.9148936170212766,10,2,1,0,0,0,0,0,1,0,1,0,0,medio_alto
6,10000.0,10,1.0,1,3,1,0,0,0,0,0,1,1,1,0,0,baixo
6,10000.0,199,0.949748743718593,2,4,1,1,1,0,1,1,0,0,0,0,0,gratuito
9,10000.0,4,0.75,1,3,1,1,1,0,1,1,0,1,0,0,0,medio_baixo
3,75000.0,4,0.75,2,2,1,0,0,0,1,0,1,0,0,0,0,medio_alto
1,10000.0,0,0.0,11,4,1,0,0,0,1,0,1,1,0,0,1,medio_baixo
1,0.0,0,0.0,10,3,1,1,1,0,1,1,1,0,0,0,0,medio_alto
5,10000.0,9,0.5555555555555556,1,3,1,0,0,0,1,1,1,0,0,0,0,medio_alto
8,10000.0,124,0.8951612903225806,1,3,1,1,0,0,1,0,1,0,0,0,0,alto
2,10000.0,2,1.0,1,4,1,0,1,0,1,1,1,1,0,0,0,medio_baixo
7,10000.0,1,1.0,1,2,1,0,0,0,1,0,0,0,0,0,0,baixo
2,10000.0,19,0.9473684210526315,2,3,1,0,0,1,1,1,1,0,0,0,0,medio_baixo
1,10000.0,0,0.0,3,2,1,0,0,0,0,0,1,0,1,0,0,alto
5,10000.0,0,0.0,1,3,1,1,1,0,0,0,1,1,0,0,1,gratuito
5,10000.0,0,0.0,29,1,1,1,1,14,0,0,0,1,0,0,0,medio_baixo
1,0.0,0,0.0,0,0,1,0,0,0,0,0,0,0,0,0,0,gratuito
5,35000.0,1,1.0,2,2,1,0,0,0,1,1,0,0,0,0,0,medio_alto
8,150000.0,679,0.6244477172312224,2,1,1,0,0,1,0,0,1,0,0,0,0,baixo
5,150000.0,629,0.9443561208267091,29,3,1,0,0,0,1,1,0,1,0,0,0,baixo
4,0.0,0,0.0,0,0,1,0,0,0,0,0,0,0,0,0,0,gratuito
6,10000.0,24,0.5416666666666666,1,3,1,0,0,0,1,0,1,1,0,0,0,baixo
6,10000.0,232,0.9612068965517241,1,2,1,0,0,0,0,1,1,0,0,0,0,baixo
4,10000.0,0,0.0,1,3,1,1,0,0,0,0,0,1,0,1,1,gratuito
3,10000.0,5,1.0,1,3,1,0,0,0,1,0,1,0,1,0,0,medio_baixo
2,15000000.0,232064,0.9716242071152785,13,4,1,0,0,1,1,0,1,0,0,1,1,alto
5,10000.0,86,0.7674418604651163,4,3,1,0,0,1,1,1,0,0,0,0,0,alto
3,10000.0,73,0.7808219178082192,3,2,1,0,0,0,1,0,0,0,1,0,0,medio_alto
4,10000.0,296,0.972972972972973,4,2,1,0,1,1,1,0,1,0,0,0,0,medio_alto
8,10000.0,35,1.0,1,2,1,1,1,1,1,0,1,0,0,0,0,baixo
5,10000.0,15,0.8666666666666667,4,2,1,0,0,0,1,0,0,1,0,0,0,medio_baixo
1,0.0,0,0.0,1,2,1,0,0,0,0,1,0,0,0,0,0,gratuito
2,35000.0,3,1.0,2,3,1,0,0,0,1,1,1,0,0,0,0,alto
4,0.0,0,0.0,0,0,1,0,0,0,0,0,0,0,0,0,0,gratuito
3,75000.0,2170,0.9617511520737327,3,1,1,0,0,0,0,0,1,0,0,0,0,alto
6,10000.0,4,0.5,2,5,1,0,0,0,1,1,1,1,0,0,0,gratuito
11,10000.0,21,0.6666666666666666,1,5,1,1,1,0,1,1,1,1,1,0,0,baixo
2,10000.0,68,0.8823529411764706,1,3,1,1,1,0,1,0,1,0,1,0,0,alto
2,10000.0,95,0.7368421052631579,2,2,1,0,0,0,1,0,1,0,0,0,0,medio_baixo
5,1500000.0,5695,0.9276558384547849,4,3,1,1,0,3,1,0,0,0,0,0,0,gratuito
6,10000.0,5,1.0,1,2,1,0,0,0,1,0,0,1,0,0,0,baixo
11,75000.0,839,0.9451728247914184,1,1,1,1,0,0,0,0,0,1,0,0,0,medio_baixo
7,10000.0,16,0.75,1,3,1,0,0,0,1,1,1,0,0,0,0,baixo
4,10000.0,15,0.9333333333333333,2,4,1,0,0,0,1,1,1,1,0,0,0,baixo
2,0.0,0,0.0,0,0,1,0,0,0,0,0,0,0,0,0,0,gratuito
3,10000.0,3,0.6666666666666666,1,3,1,0,0,0,1,1,0,1,0,0,0,baixo
4,0.0,0,0.0,0,0,1,0,0,0,0,0,0,0,0,0,0,gratuito
2,10000.0,2,1.0,2,4,1,0,0,0,1,0,1,0,1,1,0,medio_alto
1,0.0,0,0.0,1,2,1,0,0,0,1,0,0,0,0,0,0,gratuito
7,35000.0,3,1.0,1,2,1,0,1,0,1,0,0,0,0,1,0,medio_baixo
2,10000.0,14,0.7857142857142857,2,4,1,0,0,0,1,1,0,0,0,0,1,gratuito
4,10000.0,0,0.0,1,1,1,0,0,0,0,0,1,0,0,0,0,alto
2,10000.0,32,0.9375,8,2,1,1,0,0,1,1,0,0,0,0,0,medio_alto
1,10000.0,0,0.0,1,10,1,0,0,0,1,1,1,1,1,1,1,baixo
6,10000.0,27,0.6296296296296297,2,4,1,0,0,0,1,0,0,1,0,1,1,alto
2,10000.0,0,0.0,1,4,1,1,1,0,1,0,1,0,0,0,1,gratuito
5,10000.0,45,0.8444444444444444,19,3,1,1,0,0,1,0,1,1,0,0,0,medio_alto
2,10000.0,2,1.0,1,1,1,0,0,0,0,1,0,0,0,0,0,medio_alto
7,10000.0,7,0.8571428571428571,1,3,1,0,0,0,1,0,0,0,0,1,1,medio_alto
4,0.0,0,0.0,0,0,1,0,0,0,0,0,0,0,0,0,0,gratuito
4,10000.0,166,0.8855421686746988,1,1,1,0,0,1,0,0,0,0,1,0,0,baixo
8,10000.0,9,0.6666666666666666,1,1,1,0,0,0,0,0,0,0,0,1,0,baixo
3,10000.0,99,0.9292929292929293,1,5,1,0,0,0,1,0,1,1,0,0,1,medio_alto
8,10000.0,5,0.6,1,3,1,1,1,0,1,1,0,0,0,0,0,medio_alto
3,0.0,0,0.0,0,0,1,0,0,0,0,0,0,0,0,0,0,gratuito
11,35000.0,385,0.8389610389610389,5,3,1,0,0,0,1,0,1,1,0,0,0,medio_baixo
2,10000.0,69,0.9710144927536232,1,3,1,1,0,1,1,0,0,0,1,0,1,alto
4,0.0,0,0.0,0,0,1,0,0,0,0,0,0,0,0,0,0,gratuito
2,10000.0,44,0.8863636363636364,3,4,1,0,0,1,1,0,0,0,1,1,0,gratuito
7,10000.0,0,0.0,1,2,1,1,1,0,0,0,0,0,0,1,0,alto
2,0.0,0,0.0,2,4,1,1,0,0,1,0,0,0,0,1,0,gratuito
3,10000.0,6,1.0,9,5,1,1,0,0,1,1,1,1,0,0,1,medio_baixo
5,10000.0,0,0.0,2,4,1,1,1,1,1,0,1,1,0,0,1,medio_alto
3,10000.0,124,0.9032258064516129,1,2,1,0,0,1,1,0,1,0,0,0,0,alto
2,10000.0,0,0.0,1,2,1,0,0,0,0,0,1,0,1,0,0,alto
8,10000.0,2,0.5,1,4,1,0,0,0,1,1,1,0,0,0,1,medio_baixo
1,10000.0,0,0.0,1,3,1,0,0,0,0,0,0,0,0,1,0,gratuito
2,0.0,0,0.0,14,3,1,1,0,0,1,0,0,0,0,0,1,gratuito
1,10000.0,0,0.0,2,2,1,0,0,0,0,0,0,0,0,1,0,alto
18,10000.0,46,0.391304347826087,3,1,1,0,0,0,0,0,0,1,0,0,0,medio_baixo
4,0.0,0,0.0,0,0,1,0,0,0,0,0,0,0,0,0,0,gratuito
17,150000.0,735,0.8054421768707483,3,1,1,0,0,0,0,0,0,0,1,0,0,medio_baixo
1,0.0,0,0.0,1,2,1,1,1,0,0,0,0,1,0,0,0,gratuito
2,0.0,0,0.0,0,0,1,0,0,0,0,0,0,0,0,0,0,gratuito
10,10000.0,12,0.5833333333333334,1,3,1,0,0,0,1,0,0,1,0,1,0,medio_alto
2,10000.0,11,1.0,1,2,1,1,1,0,0,0,0,1,0,0,1,baixo
1,10000.0,0,0.0,1,1,1,1,1,0,0,0,0,0,0,0,0,baixo
4,10000.0,1,0.0,1,4,1,0,0,0,1,0,1,1,1,0,0,medio_alto
7,150000.0,840,0.49166666666666664,1,4,1,0,0,0,1,1,1,0,0,0,1,medio_alto
8,10000.0,3,1.0,1,3,1,0,0,0,1,0,0,1,0,0,0,gratuito
2,10000.0,0,0.0,2,2,1,0,0,0,0,1,0,0,0,0,1,alto
3,10000.0,0,0.0,2,3,1,0,0,1,1,1,1,0,0,0,0,gratuito
9,10000.0,1,1.0,1,2,1,0,0,0,1,1,0,0,0,0,0,medio_baixo
2,10000.0,3,0.6666666666666666,2,2,1,0,0,0,1,0,1,0,0,0,0,baixo
9,10000.0,77,0.8181818181818182,6,4,1,0,0,2,1,1,1,0,1,0,0,alto
1,0.0,0,0.0,0,0,1,0,0,0,0,0,0,0,0,0,0,gratuito
6,10000.0,295,0.7423728813559322,10,0,1,0,0,1,0,0,0,0,0,0,0,baixo
5,0.0,0,0.0,0,0,1,0,0,0,0,0,0,0,0,0,0,gratuito
2,10000.0,10,0.9,1,4,1,0,0,0,1,0,1,1,0,0,0,medio_baixo
8,10000.0,38,0.8421052631578947,1,3,1,0,0,0,1,1,0,1,0,0,0,baixo
1,10000.0,0,0.0,1,4,1,0,0,0,1,1,1,0,0,0,0,medio_alto
2,75000.0,896,0.8995535714285714,9,5,1,0,0,0,1,1,1,1,1,0,0,baixo
1,0.0,0,0.0,0,0,1,0,0,0,0,0,0,0,0,0,0,gratuito
5,10000.0,25,0.84,1,3,1,0,0,0,1,1,0,1,0,0,0,baixo
12,750000.0,5945,0.6222035323801514,1,3,1,1,1,0,1,0,1,0,0,0,0,gratuito
3,10000.0,1,1.0,1,1,1,0,0,0,0,0,0,0,0,1,0,medio_alto
1,10000.0,0,0.0,1,3,1,0,0,0,1,1,1,0,0,0,0,medio_alto
4,10000.0,29,0.9310344827586207,14,2,1,0,0,0,1,1,0,0,0,0,0,medio_baixo
5,10000.0,5,0.8,1,4,1,0,0,0,1,0,0,1,0,1,1,medio_baixo
6,10000.0,4,0.75,2,4,1,0,0,0,1,0,0,1,0,1,0,gratuito
4,10000.0,10,0.7,1,2,1,0,0,0,1,0,1,0,0,0,0,gratuito
7,10000.0,56,0.7142857142857143,1,2,1,0,0,2,1,0,0,1,0,0,0,medio_baixo
2,150000.0,504,0.7996031746031746,1,2,1,0,0,0,0,0,0,0,0,0,0,medio_alto
2,0.0,0,0.0,1,3,1,0,0,0,0,1,0,0,0,1,0,gratuito
1,0.0,0,0.0,5,2,1,0,0,0,1,0,1,0,0,0,0,medio_baixo
8,150000.0,304,0.7598684210526315,10,4,1,0,0,1,1,1,1,0,0,0,0,baixo
8,10000.0,4,1.0,1,2,1,0,0,0,0,0,1,1,0,0,0,medio_alto
5,35000.0,204,0.6421568627450981,3,1,1,0,0,4,0,0,0,0,0,0,1,alto
7,10000.0,58,0.7413793103448276,1,3,1,0,0,0,1,1,0,1,0,0,0,baixo
5,10000.0,0,0.0,1,3,1,0,0,0,0,1,1,0,0,0,1,medio_baixo
2,35000.0,41,0.7804878048780488,21,3,1,1,0,0,1,1,0,0,0,0,0,medio_baixo
3,10000.0,37,0.972972972972973,1,3,1,0,0,0,1,0,0,1,0,1,0,medio_baixo
5,35000.0,5,0.4,29,4,1,0,0,0,1,1,1,0,1,0,0,baixo
1,10000.0,0,0.0,1,4,1,1,0,0,1,0,0,1,0,0,1,alto
3,0.0,0,0.0,2,3,1,1,0,0,1,0,1,0,0,0,0,gratuito
8,10000.0,5,0.6,1,2,1,0,0,0,1,0,0,1,0,0,0,medio_baixo
5,1500000.0,31678,0.9554264789443778,15,4,1,1,0,1,1,0,0,0,0,1,1,alto
7,10000.0,16,0.8125,1,4,1,0,0,0,0,1,1,0,1,0,0,alto
8,10000.0,5,0.6,1,4,1,0,0,0,0,1,1,0,1,1,0,gratuito
1,0.0,0,0.0,1,1,1,0,0,0,0,0,0,0,0,0,0,gratuito
3,10000.0,24,0.9583333333333334,1,3,1,1,0,0,1,1,0,0,0,0,0,medio_alto
5,150000.0,1357,0.8621960206337509,9,2,1,1,1,1,1,0,1,0,0,0,0,medio_alto
6,150000.0,1920,0.8692708333333333,1,4,1,0,0,0,1,1,0,1,0,0,1,medio_alto
5,10000.0,3,0.6666666666666666,13,3,1,0,0,1,0,1,0,1,0,0,1,baixo
8,10000.0,17,0.7647058823529411,7,6,1,1,1,0,1,1,0,1,0,0,0,alto
9,35000.0,146,0.678082191780822,10,2,1,1,1,1,1,1,0,0,0,0,0,medio_baixo
8,750000.0,16866,0.9308075418000712,5,4,1,1,1,5,1,1,1,0,1,0,0,medio_alto
5,10000.0,8,0.375,1,4,1,0,0,0,1,0,0,1,0,1,1,medio_alto
1,10000.0,374,0.8796791443850267,1,4,1,0,0,0,1,1,0,1,0,1,0,medio_alto
2,10000.0,1,1.0,3,1,1,0,0,0,0,0,0,1,0,0,0,medio_baixo
1,10000.0,3,1.0,1,2,1,0,0,0,1,0,0,1,0,0,0,medio_baixo
3,35000.0,431,0.8259860788863109,7,1,1,1,0,1,0,0,1,0,0,0,0,medio_baixo
6,35000.0,10,0.9,1,2,1,0,0,0,0,1,0,1,0,0,0,baixo
1,0.0,0,0.0,0,0,1,0,0,0,0,0,0,0,0,0,0,gratuito
2,10000.0,2,1.0,10,6,1,0,0,0,1,0,0,1,1,1,1,medio_alto
2,0.0,0,0.0,103,3,1,1,1,0,1,1,0,1,0,0,0,alto
11,35000.0,45,0.6666666666666666,1,2,1,1,1,0,1,0,1,0,0,0,0,baixo
1,10000.0,0,0.0,6,4,1,0,0,0,1,1,1,1,0,0,0,medio_alto
2,10000.0,1,1.0,1,2,1,0,0,0,1,0,0,1,0,0,0,baixo
4,0.0,0,0.0,103,9,1,1,1,0,1,1,1,1,1,1,1,alto
5,10000.0,330,0.8181818181818182,7,3,1,1,0,2,1,1,1,0,0,0,0,baixo
5,150000.0,4067,0.9188591099090239,1,4,1,0,0,1,1,0,1,1,0,0,0,gratuito
1,0.0,0,0.0,1,2,1,0,1,0,1,1,0,0,0,0,0,alto
2,10000.0,0,0.0,1,2,1,0,0,0,0,0,0,0,1,0,0,medio_baixo
8,35000.0,20,0.75,1,3,1,0,0,1,1,1,1,0,0,0,0,medio_baixo
1,10000.0,0,0.0,11,4,1,0,0,1,1,0,0,0,0,1,1,alto
1,0.0,0,0.0,0,0,1,0,0,0,0,0,0,0,0,0,0,gratuito
5,35000.0,13,0.8461538461538461,1,2,1,1,0,0,1,0,1,0,0,0,0,alto
3,35000.0,47,0.9361702127659575,3,5,1,0,0,0,1,1,1,0,1,1,0,medio_baixo
8,35000.0,479,0.860125260960334,1,1,1,0,0,0,1,0,0,0,0,0,0,medio_baixo
2,10000.0,0,0.0,1,1,1,0,0,0,1,0,0,0,0,0,0,alto
4,35000.0,5,0.8,1,4,1,0,0,0,1,1,0,0,0,0,1,medio_baixo
1,10000.0,0,0.0,1,4,1,1,1,0,0,1,1,1,1,0,0,alto
5,10000.0,1,1.0,12,3,1,0,0,1,1,1,1,0,0,0,0,medio_baixo
8,10000.0,7,0.0,1,3,1,0,0,0,1,0,0,1,0,1,0,medio_baixo
10,35000.0,2281,0.9561595791319597,2,1,1,1,1,0,0,0,1,0,0,0,0,alto
3,10000.0,32,0.90625,2,4,1,0,0,0,1,1,1,1,0,0,0,medio_baixo
2,10000.0,11,0.8181818181818182,1,4,1,0,0,0,0,1,0,1,0,0,1,medio_alto
4,0.0,0,0.0,1,2,1,0,0,0,0,0,0,1,0,0,1,gratuito
8,10000.0,15,0.5333333333333333,10,3,1,1,0,0,1,0,1,1,0,0,0,baixo
3,10000.0,147,0.7891156462585034,6,0,1,0,0,1,0,0,0,0,0,0,0,medio_baixo
1,10000.0,0,0.0,15,3,1,0,0,0,1,0,1,1,0,0,0,medio_baixo
1,0.0,0,0.0,0,0,1,0,0,0,0,0,0,0,0,0,0,gratuito
6,10000.0,17,0.5294117647058824,6,1,1,0,0,0,0,0,0,0,0,0,0,medio_baixo
2,0.0,0,0.0,1,2,1,0,0,0,0,0,0,0,0,1,0,gratuito
3,35000.0,352,0.875,9,4,1,0,0,1,1,1,1,0,1,0,0,alto
1,10000.0,0,0.0,1,1,1,0,0,0,0,0,0,0,0,1,0,alto
4,10000.0,16,0.5,1,5,1,0,0,0,1,1,0,1,0,1,1,baixo
6,10000.0,5,0.8,103,5,1,0,0,0,1,0,1,1,0,1,1,baixo
6,10000.0,11,0.9090909090909091,29,2,1,1,0,0,1,0,1,0,0,0,0,medio_baixo
1,10000.0,0,0.0,1,2,1,0,0,0,0,0,0,1,0,1,0,medio_alto
7,10000.0,24,0.625,1,1,1,0,0,0,0,1,0,0,0,0,0,gratuito
8,10000.0,8,0.5,1,5,1,1,0,0,1,1,1,1,0,0,0,alto
4,10000.0,24,0.9166666666666666,9,2,1,1,0,0,0,0,0,0,0,1,1,alto
3,350000.0,5071,0.731216722539933,6,4,1,0,0,1,1,1,0,1,0,1,0,medio_alto
1,0.0,0,0.0,1,1,1,0,0,0,0,1,0,0,0,0,0,medio_baixo
7,35000.0,30,0.43333333333333335,1,5,1,0,0,0,1,1,1,1,1,0,0,baixo
4,150000.0,1325,0.9132075471698113,5,1,1,0,0,0,0,0,0,0,0,0,0,medio_alto
6,10000.0,7,0.42857142857142855,12,4,1,0,0,0,1,1,1,0,1,0,0,alto
6,10000.0,13,0.8461538461538461,1,3,1,0,0,0,1,1,0,0,0,0,0,baixo
4,10000.0,0,0.0,1,1,1,0,0,0,0,0,0,1,0,0,0,gratuito
2,10000.0,2,1.0,1,4,1,0,1,0,1,0,1,0,1,0,0,alto
6,10000.0,0,0.0,1,2,1,0,0,1,1,0,0,1,0,0,0,baixo
2,10000.0,1,1.0,5,1,1,1,1,0,0,0,0,1,0,0,0,medio_baixo
10,10000.0,1,1.0,1,1,1,0,0,0,0,1,0,0,0,0,0,alto
7,10000.0,14,0.5,1,3,1,0,0,0,1,0,1,0,1,0,0,medio_alto
9,10000.0,49,0.46938775510204084,2,2,1,1,1,0,1,0,0,0,0,0,0,medio_alto
4,10000.0,4,1.0,1,2,1,0,0,0,0,0,0,1,0,1,0,baixo
1,0.0,0,0.0,103,2,1,0,1,0,1,0,0,1,0,0,0,baixo
7,10000.0,318,0.8018867924528302,1,3,1,0,1,0,1,0,0,0,0,1,1,alto
2,10000.0,10,0.7,12,1,1,0,0,0,0,0,0,1,0,0,0,medio_alto
1,10000.0,1,1.0,1,3,1,0,0,0,1,1,1,0,0,0,0,baixo
2,10000.0,0,0.0,1,1,1,0,0,0,0,0,0,1,0,0,0,baixo
6,10000.0,1,1.0,1,5,1,0,0,0,1,1,0,1,0,1,0,baixo
4,10000.0,8,0.5,1,3,1,1,0,0,1,1,1,0,0,0,0,medio_baixo
3,10000.0,2,1.0,3,3,1,1,1,1,1,0,0,1,0,0,0,medio_baixo
8,35000.0,111,0.6126126126126126,103,3,1,1,1,0,1,1,1,0,0,0,0,baixo
7,10000.0,7,1.0,1,2,1,0,0,0,0,0,0,0,0,0,0,gratuito
1,10000.0,0,0.0,2,4,1,0,0,0,0,0,1,1,0,1,0,gratuito
2,1500000.0,28896,0.9512735326688815,14,3,1,1,0,2,1,1,1,0,0,0,0,alto
1,10000.0,0,0.0,1,1,1,0,0,0,0,0,0,0,1,0,0,alto
3,10000.0,58,0.7068965517241379,4,2,1,0,0,10,1,1,0,0,0,0,0,gratuito
1,35000.0,1,1.0,1,6,1,0,0,0,1,1,1,1,1,1,0,medio_alto
1,10000.0,0,0.0,1,6,1,0,0,0,1,0,1,1,1,0,1,alto
3,10000.0,125,0.968,1,1,1,1,0,0,0,0,1,0,0,0,0,alto
5,10000.0,1,0.0,15,2,1,0,0,0,0,1,0,1,0,0,0,medio_baixo
3,10000.0,9,0.3333333333333333,6,3,1,0,0,0,1,0,1,1,0,0,0,baixo
4,10000.0,0,0.0,1,4,1,0,0,0,1,1,0,1,0,1,0,baixo
1,10000.0,0,0.0,4,3,1,0,0,0,1,0,0,1,1,0,0,alto
2,10000.0,0,0.0,2,1,1,0,0,0,0,1,0,0,0,0,0,medio_baixo
6,10000.0,4,0.5,1,2,1,0,0,0,1,0,0,1,0,0,0,baixo
8,75000.0,43,0.7209302325581395,1,3,1,0,0,0,1,1,0,1,0,0,0,baixo
3,10000.0,0,0.0,1,1,1,0,0,0,1,0,0,0,0,0,0,alto
1,0.0,0,0.0,0,0,1,0,0,0,0,0,0,0,0,0,0,gratuito
13,10000.0,4673,0.9407233040873101,2,2,1,1,0,0,0,1,0,0,1,0,0,gratuito
3,10000.0,0,0.0,1,3,1,0,0,0,1,0,0,1,0,0,1,alto
10,75000.0,142,0.4295774647887324,1,4,1,0,0,0,1,1,1,1,0,0,0,baixo
8,10000.0,7,0.8571428571428571,1,3,1,0,0,0,1,1,0,1,0,0,0,medio_baixo
2,10000.0,3,1.0,2,1,1,0,0,0,1,0,0,0,0,0,0,medio_baixo
1,10000.0,0,0.0,14,5,1,1,1,0,1,1,0,1,1,1,0,medio_alto
8,10000.0,49,0.7346938775510204,4,4,1,0,0,0,1,1,1,0,1,0,0,medio_baixo
6,10000.0,65,0.7384615384615385,3,3,1,0,0,0,1,1,0,1,0,0,0,medio_baixo
1,0.0,0,0.0,0,0,1,0,0,0,0,0,0,0,0,0,0,gratuito
4,10000.0,23,0.7391304347826086,7,2,1,1,1,0,1,0,0,1,0,0,0,medio_baixo
3,10000.0,13,0.15384615384615385,1,5,1,0,0,0,1,1,0,0,0,1,1,alto
7,35000.0,53,0.8301886792452831,5,3,1,1,0,0,1,1,1,0,0,0,0,medio_baixo
1,10000.0,9,1.0,1,2,1,0,0,0,1,0,0,1,0,0,0,medio_baixo
10,350000.0,726,0.8925619834710744,1,4,1,0,0,0,1,1,0,1,0,0,0,baixo
8,75000.0,913,0.895947426067908,5,2,1,0,0,0,0,0,1,0,1,0,0,alto
1,10000.0,0,0.0,10,3,1,1,0,0,0,0,0,1,0,1,0,alto
1,0.0,0,0.0,0,0,1,0,0,0,0,0,0,0,0,0,0,gratuito
7,35000.0,10,0.8,1,5,1,0,0,0,1,0,1,1,1,0,0,gratuito
3,10000.0,115,0.9478260869565217,4,3,1,1,0,0,1,0,0,0,0,1,1,alto
2,0.0,0,0.0,0,0,1,0,0,0,0,0,0,0,0,0,0,gratuito
11,10000.0,37,0.4864864864864865,1,3,1,0,0,0,1,1,1,0,0,0,0,baixo
2,10000.0,11,0.8181818181818182,1,3,1,0,0,0,1,0,0,0,0,0,1,alto
4,10000.0,22,1.0,1,2,1,0,0,0,0,1,1,0,0,0,0,medio_alto
12,150000.0,275,0.7127272727272728,1,1,1,1,1,0,0,1,0,0,0,0,0,medio_baixo
6,10000.0,0,0.0,1,6,1,0,0,0,1,1,0,1,0,1,1,alto
7,10000.0,15,0.4666666666666667,1,2,1,0,0,0,1,0,1,0,0,0,0,medio_alto
3,10000.0,0,0.0,29,4,1,0,0,0,1,1,1,1,0,0,0,baixo
2,10000.0,3,1.0,1,7,1,0,0,0,1,1,1,1,1,1,1,medio_baixo
1,10000.0,0,0.0,2,3,1,1,0,0,1,1,0,0,0,1,0,medio_alto
3,0.0,0,0.0,103,2,1,0,0,0,1,0,0,1,0,0,0,baixo
1,10000.0,0,0.0,1,2,1,0,0,0,1,1,0,0,0,0,0,baixo
1,10000.0,99,0.9292929292929293,1,4,1,0,0,0,1,0,0,0,1,1,1,medio_alto
3,10000.0,0,0.0,1,2,1,0,0,0,1,0,0,1,0,0,0,alto
10,10000.0,7,0.0,5,2,1,0,0,1,1,1,0,0,0,0,0,alto
1,10000.0,0,0.0,2,3,1,1,1,0,1,0,0,1,0,0,0,gratuito
3,10000.0,0,0.0,2,3,1,0,0,0,0,0,0,1,0,1,0,medio_alto
5,10000.0,0,0.0,2,1,1,0,0,0,0,0,1,0,0,0,0,medio_baixo
1,0.0,0,0.0,1,1,1,0,0,0,0,0,0,0,1,0,0,medio_baixo
7,75000.0,1,1.0,2,5,1,0,0,0,1,1,1,0,1,1,0,medio_baixo
3,10000.0,471,0.9278131634819533,11,3,1,1,1,3,1,1,0,1,0,0,0,medio_baixo
1,35000.0,25,1.0,2,4,1,0,0,0,1,0,1,0,1,1,0,medio_baixo
2,0.0,0,0.0,0,0,1,0,0,0,0,0,0,0,0,0,0,gratuito
4,10000.0,398,0.8492462311557789,13,1,1,0,0,0,0,1,0,0,0,0,0,alto
2,35000.0,97,0.5773195876288659,12,3,1,0,0,1,0,0,1,0,1,1,0,alto
7,10000.0,8,1.0,1,3,1,0,0,0,1,1,0,0,0,0,0,alto
7,35000.0,25,0.68,103,2,1,0,0,0,1,0,1,0,0,0,0,baixo
9,10000.0,12,0.8333333333333334,1,1,1,0,0,0,1,0,0,0,0,0,0,medio_baixo
1,10000.0,0,0.0,3,1,1,0,0,0,0,0,1,0,0,0,0,alto
1,0.0,0,0.0,12,4,1,0,0,0,1,0,0,0,0,1,1,medio_alto
2,10000.0,42,0.8571428571428571,3,2,1,0,0,0,0,0,1,0,1,0,0,medio_alto
2,10000.0,3,1.0,1,2,1,1,1,0,1,0,0,1,0,0,0,baixo
1,0.0,0,0.0,1,3,1,0,0,0,1,1,0,0,1,0,0,medio_alto
5,10000.0,14,0.8571428571428571,1,4,1,0,0,0,1,1,1,0,0,0,0,gratuito
5,35000.0,19,0.9473684210526315,4,4,1,1,0,0,1,1,0,1,0,0,0,gratuito
3,10000.0,4,1.0,1,3,1,0,0,0,0,1,0,1,0,0,0,medio_baixo
1,10000.0,0,0.0,27,2,1,1,1,0,1,0,0,0,0,0,1,baixo
6,10000.0,20,0.75,1,4,1,1,0,0,1,0,0,1,0,1,1,alto
1,0.0,0,0.0,103,2,1,0,0,0,1,0,0,1,0,0,0,medio_baixo
2,10000.0,13,0.9230769230769231,1,3,1,0,0,0,1,0,1,1,0,0,0,baixo
1,10000.0,0,0.0,10,3,1,0,0,0,1,1,1,0,0,0,0,medio_baixo
2,0.0,0,0.0,0,0,1,0,0,0,0,0,0,0,0,0,0,gratuito
8,10000.0,8,0.125,1,3,1,1,0,0,0,0,0,1,0,0,0,baixo
2,10000.0,0,0.0,1,4,1,0,0,0,1,1,1,0,0,0,0,medio_alto
4,10000.0,62,0.8548387096774194,10,1,1,0,0,5,0,0,0,1,0,0,0,alto
9,350000.0,643,0.6625194401244168,8,6,1,1,1,0,1,1,0,0,1,1,0,gratuito
4,35000.0,2,0.5,1,2,1,0,0,0,1,0,0,0,1,0,0,baixo
10,10000.0,29,0.8620689655172413,1,1,1,0,0,0,1,0,0,0,0,0,0,baixo
1,10000.0,0,0.0,2,2,1,0,0,0,1,0,0,1,0,0,0,medio_baixo
8,35000.0,29,0.7241379310344828,1,2,1,0,0,0,0,0,0,0,0,0,1,gratuito
4,10000.0,14,0.21428571428571427,1,4,1,0,0,0,1,1,1,1,0,0,0,medio_baixo
4,0.0,0,0.0,1,5,1,0,0,0,1,1,0,1,0,0,0,gratuito
8,35000000.0,1227784,0.8724132257791273,25,5,1,1,0,5,1,1,1,0,1,0,0,alto
6,10000.0,20,0.7,3,2,1,0,0,2,1,0,0,1,0,0,0,baixo
5,150000.0,1227,0.9568052159739201,10,2,1,0,0,1,1,1,0,0,0,0,0,medio_alto
5,75000.0,3,0.6666666666666666,1,4,1,0,0,0,0,1,0,0,1,0,1,alto
9,10000.0,8,0.625,1,2,1,0,0,0,0,0,1,1,0,0,0,medio_alto
1,0.0,0,0.0,2,3,1,0,0,0,1,1,1,0,0,0,0,medio_alto
1,10000.0,0,0.0,3,3,1,0,0,0,1,0,1,1,0,0,0,baixo
6,10000.0,2,1.0,1,3,1,0,0,0,1,1,0,1,0,0,0,medio_baixo
9,150000.0,921,0.8230184581976113,27,3,1,1,1,0,1,0,0,1,0,1,0,baixo
2,10000.0,4,1.0,1,3,1,1,1,0,1,0,1,1,0,0,0,medio_baixo
4,35000.0,31,0.6451612903225806,2,4,1,0,0,0,1,1,1,1,0,0,0,medio_alto
8,75000.0,297,0.9158249158249159,4,1,1,0,0,1,0,0,1,0,0,0,0,medio_baixo
2,0.0,0,0.0,2,3,1,1,1,0,0,1,0,0,0,0,0,gratuito
11,350000.0,3477,0.9649122807017544,1,1,1,0,0,0,0,0,0,0,0,1,0,medio_alto
8,35000.0,1626,0.8923739237392374,1,4,1,0,0,0,1,0,0,0,0,0,1,alto
3,35000.0,154,0.7077922077922078,4,2,1,0,0,0,1,0,0,0,0,1,0,alto
5,10000.0,39,0.8461538461538461,2,3,1,0,0,0,1,1,0,0,0,0,0,gratuito
4,10000.0,16,0.9375,2,3,1,0,0,0,1,1,1,0,0,0,0,baixo
1,10000.0,23,0.9565217391304348,8,3,1,0,0,0,1,0,1,1,0,0,0,alto
4,10000.0,53,0.5283018867924528,6,2,1,0,0,0,1,0,0,0,0,1,0,medio_baixo
5,10000.0,12,0.75,1,2,1,0,0,0,0,0,0,1,0,1,0,gratuito
5,10000.0,16,0.4375,1,4,1,0,0,0,0,1,1,0,1,0,0,alto
1,75000.0,1,1.0,3,3,1,0,0,0,1,0,1,0,1,0,0,baixo
6,150000.0,552,0.8206521739130435,15,4,1,0,0,1,1,0,0,1,1,1,0,medio_alto
8,75000.0,685,0.9430656934306569,1,1,1,0,0,0,0,1,0,0,0,0,0,medio_alto
1,0.0,0,0.0,1,1,1,0,0,1,0,0,0,0,0,0,0,gratuito
6,10000.0,9,1.0,2,4,1,0,0,0,1,1,1,0,0,0,0,alto
1,0.0,0,0.0,1,7,1,0,0,1,1,1,1,1,1,1,0,gratuito
1,35000.0,19,0.8947368421052632,1,3,1,0,0,0,1,1,1,0,0,0,0,baixo
9,10000.0,62,0.43548387096774194,1,3,1,0,0,1,1,1,1,0,0,0,0,baixo
2,10000.0,44,0.8636363636363636,2,3,1,1,0,0,1,0,0,1,1,0,0,medio_baixo
1,10000.0,0,0.0,1,2,1,0,0,0,0,0,0,1,0,0,0,medio_alto
5,350000.0,1369,0.7823228634039445,10,3,1,0,0,2,1,1,1,0,0,0,0,medio_alto
3,0.0,0,0.0,1,5,1,0,0,0,1,1,1,0,0,0,1,gratuito
3,10000.0,23,1.0,5,4,1,0,0,1,1,1,1,1,0,0,0,medio_baixo
1,10000.0,0,0.0,26,8,1,0,0,0,1,1,1,1,1,1,1,medio_alto
1,0.0,0,0.0,1,1,1,0,0,0,0,1,0,0,0,0,0,alto
5,35000.0,152,0.9473684210526315,1,2,1,0,0,0,1,0,1,0,0,0,0,medio_baixo
2,0.0,0,0.0,1,3,1,0,0,0,0,1,0,0,0,0,0,gratuito
1,10000.0,14,0.7142857142857143,1,3,1,0,0,0,1,1,1,0,0,0,0,medio_alto
1,10000.0,49,1.0,21,1,1,1,1,0,1,0,0,0,0,0,0,medio_alto
5,10000.0,90,0.9333333333333333,1,3,1,0,0,0,1,1,0,0,0,0,1,baixo
4,10000.0,2,1.0,4,2,1,0,0,0,0,0,0,1,0,1,0,alto
3,10000.0,1,0.0,16,3,1,0,0,0,0,0,1,1,0,0,1,alto
17,350000.0,5133,0.9322033898305084,5,1,1,0,0,0,0,1,0,0,0,0,0,medio_baixo
7,10000.0,11,0.9090909090909091,10,2,1,1,1,0,1,0,0,0,0,0,0,gratuito
16,10000.0,11,1.0,1,1,1,0,0,0,0,0,0,1,0,0,0,alto
10,10000.0,37,0.7567567567567568,2,2,1,0,0,0,1,1,0,0,0,0,0,medio_alto
9,10000.0,36,0.75,1,6,1,1,0,0,1,0,1,1,1,0,1,alto
5,10000.0,25,0.72,16,1,1,0,0,1,0,1,0,0,0,0,0,alto
3,10000.0,4,0.75,10,3,1,0,0,0,1,0,0,1,0,0,1,baixo
4,0.0,0,0.0,1,4,1,0,0,0,1,0,1,0,0,1,0,gratuito
1,10000.0,0,0.0,8,3,1,0,0,0,1,0,1,1,0,0,0,medio_alto
2,75000.0,6,0.6666666666666666,8,2,1,0,0,2,1,0,0,0,1,0,0,medio_alto
3,10000.0,22,1.0,12,4,1,1,1,0,1,1,0,1,0,0,0,medio_baixo
2,10000.0,1,1.0,1,3,1,0,1,0,1,1,0,1,0,0,0,baixo
1,10000.0,37,0.7297297297297297,1,2,1,0,0,0,1,0,1,0,0,0,0,medio_baixo
6,10000.0,0,0.0,10,2,1,0,0,0,1,0,0,0,0,1,0,medio_alto
2,10000.0,1,1.0,1,4,1,1,1,0,1,1,0,1,0,0,0,medio_alto
8,10000.0,1,0.0,1,1,1,0,0,0,1,0,0,0,0,0,0,baixo
4,10000.0,17,0.6470588235294118,1,6,1,0,0,0,1,1,1,1,0,0,0,gratuito
7,10000.0,2,0.0,1,5,1,0,0,0,1,1,1,1,0,0,1,medio_baixo
1,10000.0,0,0.0,6,4,1,0,0,0,0,0,0,1,1,0,1,alto
8,10000.0,9,0.3333333333333333,1,1,1,0,0,0,1,0,0,0,0,0,0,medio_baixo
4,10000.0,0,0.0,1,2,1,0,0,0,1,0,0,1,0,0,0,baixo
10,35000.0,268,0.8582089552238806,9,2,1,1,1,0,0,0,1,1,0,0,0,medio_baixo
2,10000.0,272,0.8125,11,3,1,1,0,1,0,0,0,0,0,1,1,alto
4,10000.0,10,0.7,7,4,1,0,1,0,1,1,1,1,0,0,0,baixo
2,10000.0,1,1.0,4,2,1,0,0,0,0,0,0,0,0,1,1,baixo
2,10000.0,10,0.8,1,2,1,1,0,0,0,0,1,0,0,0,0,gratuito
5,10000.0,0,0.0,1,5,1,0,0,0,1,0,0,1,0,1,1,medio_alto
6,10000.0,57,0.8070175438596491,4,4,1,1,0,0,1,0,0,0,1,1,1,medio_baixo
5,10000.0,0,0.0,1,1,1,1,1,0,1,0,0,0,0,0,0,medio_alto
7,35000.0,2,1.0,1,3,1,0,0,0,1,1,0,1,0,0,0,medio_alto
5,75000.0,11,0.8181818181818182,1,4,1,1,1,0,1,0,1,0,1,1,0,alto
1,0.0,0,0.0,1,5,1,0,0,0,0,1,0,1,0,1,0,gratuito
10,10000.0,30,0.7,7,3,1,0,0,0,1,0,1,1,0,0,0,medio_baixo
5,10000.0,107,0.7663551401869159,7,5,1,0,0,0,0,0,0,1,0,1,1,alto
4,10000.0,0,0.0,2,2,1,0,0,0,0,0,0,1,0,1,0,medio_alto
3,10000.0,2,1.0,3,2,1,0,0,0,1,0,0,1,0,0,0,medio_baixo
10,75000.0,605,0.8991735537190083,3,2,1,0,0,1,1,1,0,0,0,0,0,medio_baixo
3,10000.0,0,0.0,1,3,1,0,0,0,0,1,0,1,0,0,0,medio_alto
3,10000.0,13,0.9230769230769231,19,4,1,1,0,0,1,1,0,1,0,0,0,baixo
7,10000.0,41,0.5609756097560976,1,3,1,0,0,0,1,0,1,1,0,0,0,baixo
4,10000.0,250,0.816,1,3,1,0,0,0,1,0,1,1,0,0,0,medio_alto
6,10000.0,10,0.6,1,4,1,0,0,0,1,0,0,0,1,1,0,gratuito
2,10000.0,28,0.9642857142857143,18,4,1,0,0,1,1,1,1,1,0,0,0,baixo
4,10000.0,9,0.6666666666666666,7,3,1,1,0,0,1,0,0,1,0,0,1,medio_alto
3,10000.0,1,1.0,1,1,1,0,1,1,0,0,0,1,0,0,0,medio_baixo
10,75000.0,17,0.8823529411764706,3,2,1,0,0,0,1,0,1,0,0,0,0,medio_baixo
6,10000.0,349,0.9742120343839542,1,3,1,0,0,0,1,0,0,1,1,0,0,medio_baixo
2,10000.0,3,1.0,1,1,1,0,0,0,0,0,0,0,0,1,0,medio_alto
6,1500000.0,50698,0.9865675174563099,1,3,1,1,0,0,1,0,1,1,0,0,0,medio_alto
10,10000.0,45,0.9111111111111111,9,2,1,0,0,0,1,1,0,0,0,0,0,medio_alto
4,10000.0,82,0.9024390243902439,2,2,1,0,0,0,1,0,1,0,0,0,0,medio_alto
4,10000.0,12,0.8333333333333334,6,1,1,0,0,0,0,0,0,0,0,0,1,medio_alto
5,75000.0,1479,0.8228532792427316,5,1,1,0,0,18,0,1,0,0,0,0,0,alto
3,75000.0,47,0.7659574468085106,8,2,1,0,0,0,0,1,1,0,0,0,0,alto
6,10000.0,3,1.0,1,4,1,0,0,4,1,1,0,1,0,0,1,medio_baixo
2,0.0,0,0.0,0,0,1,0,0,0,0,0,0,0,0,0,0,gratuito
6,10000.0,5,0.2,1,2,1,0,0,0,1,0,0,0,0,0,0,medio_alto
4,10000.0,36,1.0,1,2,1,0,0,1,1,1,0,0,0,0,0,medio_baixo
4,10000.0,11,1.0,2,2,1,1,0,0,1,0,0,0,0,1,0,medio_baixo
1,0.0,0,0.0,1,2,1,0,0,0,0,0,0,1,0,0,0,gratuito
1,10000.0,0,0.0,1,4,1,0,0,0,1,1,0,0,1,0,0,alto
5,10000.0,19,1.0,2,3,1,1,0,0,1,0,1,1,0,0,0,medio_alto
8,10000.0,7,0.7142857142857143,9,2,1,0,0,0,1,0,0,1,0,0,0,baixo
2,0.0,0,0.0,4,4,1,1,0,0,1,0,1,0,0,0,0,gratuito
1,0.0,0,0.0,1,1,1,0,0,0,0,0,0,1,0,0,0,medio_baixo
1,10000.0,46,0.9565217391304348,2,1,1,0,1,1,0,0,0,0,1,0,0,medio_alto
8,1500000.0,24758,0.46910089667986105,12,1,1,1,1,0,0,0,0,0,0,1,0,gratuito
1,0.0,0,0.0,0,0,1,0,0,0,0,0,0,0,0,0,0,gratuito
7,10000.0,9,0.8888888888888888,1,2,1,0,0,0,0,0,0,0,0,0,0,baixo
9,10000.0,28,0.8214285714285714,1,1,1,0,0,0,0,0,0,0,0,0,1,medio_baixo
5,75000.0,259,0.9420849420849421,7,2,1,0,0,0,0,1,1,0,0,0,0,baixo
4,10000.0,23,0.5217391304347826,1,6,1,0,0,0,1,0,1,1,0,0,1,baixo
2,350000.0,0,0.0,13,1,1,0,0,0,0,0,0,0,0,0,1,baixo
6,10000.0,0,0.0,1,4,1,0,0,0,1,1,0,1,0,0,0,alto
4,10000.0,0,0.0,1,2,1,0,0,2,1,0,0,1,0,0,0,baixo
1,0.0,0,0.0,1,5,1,0,0,0,1,1,0,0,0,0,1,gratuito
11,75000.0,344,0.7034883720930233,1,2,1,1,1,0,1,0,1,0,0,0,0,baixo
1,0.0,0,0.0,0,0,1,0,0,0,0,0,0,0,0,0,0,gratuito
12,10000.0,211,0.6303317535545023,18,2,1,0,0,1,1,1,0,0,0,0,0,medio_baixo
1,10000.0,7,0.7142857142857143,5,5,1,0,0,0,1,1,0,1,0,1,1,alto
8,35000.0,139,0.7050359712230215,1,3,1,1,1,1,1,1,1,0,0,0,0,medio_alto
1,0.0,0,0.0,0,0,1,0,0,0,0,0,0,0,0,0,0,gratuito
2,0.0,0,0.0,1,2,1,0,0,0,0,0,1,0,0,0,1,gratuito
7,10000.0,6,0.5,1,1,1,0,0,0,0,1,0,0,0,0,0,medio_baixo
1,0.0,0,0.0,14,5,1,0,0,0,1,1,0,0,0,1,1,gratuito
1,10000.0,0,0.0,1,3,1,0,0,0,1,1,0,0,0,0,1,medio_alto
10,150000.0,705,0.8397163120567376,2,1,1,1,1,0,1,0,0,0,0,0,0,baixo
3,150000.0,1361,0.9052167523879501,1,3,1,0,0,1,1,0,1,0,0,0,0,gratuito
5,10000.0,43,0.9534883720930233,10,7,1,0,0,0,1,1,1,1,0,1,1,alto
1,0.0,0,0.0,0,0,1,0,0,0,0,0,0,0,0,0,0,gratuito
9,10000.0,14,0.5714285714285714,1,1,1,0,0,0,0,0,1,0,0,0,0,baixo
7,150000.0,759,0.927536231884058,7,2,1,0,0,0,1,0,0,0,0,0,1,gratuito
1,10000.0,42,0.9523809523809523,2,3,1,0,0,0,1,0,0,1,0,0,0,medio_baixo
8,10000.0,152,0.5921052631578947,1,4,1,1,0,0,1,0,0,0,0,1,1,alto
15,75000.0,185,0.7351351351351352,1,2,1,0,0,0,1,0,0,0,0,0,0,alto
1,10000.0,2,1.0,7,2,1,0,0,0,1,0,0,1,0,0,0,alto
2,10000.0,1,0.0,1,2,1,1,0,0,1,1,0,0,0,0,0,medio_baixo
18,35000.0,66,0.8333333333333334,1,1,1,0,0,0,0,0,0,1,0,0,0,baixo
3,10000.0,32,0.78125,14,4,1,0,0,1,1,0,0,1,1,0,1,baixo
8,10000.0,5,0.0,1,3,1,0,1,0,1,1,0,0,0,0,1,medio_baixo
7,10000.0,72,0.5416666666666666,4,5,1,0,0,0,1,1,1,1,0,0,1,gratuito
1,10000.0,12,1.0,4,2,1,0,0,0,1,0,0,1,0,0,0,alto
6,10000.0,0,0.0,1,9,1,0,0,0,1,1,1,1,1,1,1,medio_baixo
1,10000.0,224,0.9598214285714286,9,4,1,0,0,0,1,0,0,0,1,1,1,alto
12,35000.0,199,0.7286432160804021,1,2,1,0,0,0,1,1,0,0,0,0,0,alto
2,35000.0,3,1.0,2,2,1,0,0,0,1,1,0,0,0,0,0,baixo
1,10000.0,0,0.0,10,4,1,0,0,0,1,1,1,0,0,0,0,alto
4,0.0,0,0.0,0,0,1,0,0,0,0,0,0,0,0,0,0,gratuito
9,75000.0,593,0.8077571669477235,7,3,1,0,0,0,0,0,0,0,0,0,1,baixo
4,10000.0,4,0.75,1,2,1,0,0,0,1,1,0,0,0,0,0,gratuito
3,75000.0,99,0.7878787878787878,12,5,1,0,1,0,1,0,0,0,0,0,1,alto
14,350000.0,642,0.411214953271028,12,2,1,1,1,0,1,0,0,1,0,0,0,medio_baixo
2,350000.0,9316,0.6519965650493774,13,2,1,0,0,6,0,0,0,0,0,1,1,alto
11,75000.0,282,0.6063829787234043,10,3,1,1,1,0,1,1,0,0,1,0,0,alto
3,10000.0,35,1.0,1,4,1,0,1,0,1,1,1,0,1,0,0,alto
4,10000.0,587,0.9318568994889267,9,3,1,0,0,0,1,1,1,0,0,0,0,alto
1,0.0,0,0.0,103,3,1,0,0,0,1,1,0,0,0,0,0,medio_baixo
5,35000.0,2,0.5,2,3,1,0,0,0,1,0,0,1,0,0,0,medio_alto
4,10000.0,0,0.0,1,3,1,0,0,0,0,1,1,0,0,0,0,baixo
5,10000.0,39,0.9743589743589743,5,2,1,0,0,0,1,0,0,1,0,0,0,alto
3,10000.0,45,0.8222222222222222,10,3,1,0,0,0,1,0,0,1,0,1,0,baixo
7,10000.0,8,0.75,1,1,1,0,0,0,0,0,0,1,0,0,0,baixo
1,0.0,0,0.0,1,2,1,0,0,0,1,0,0,1,0,0,0,medio_alto
8,10000.0,33,0.8181818181818182,1,4,1,0,0,0,1,1,0,1,0,0,0,medio_baixo
1,10000.0,139,0.8633093525179856,12,3,1,0,0,2,1,1,1,0,0,0,0,medio_alto
1,10000.0,0,0.0,3,2,1,0,0,0,1,0,0,0,1,0,0,medio_baixo
1,0.0,0,0.0,1,2,1,0,0,0,0,0,0,1,1,0,0,medio_alto
1,0.0,0,0.0,103,4,1,0,0,11,1,0,0,1,0,0,1,gratuito
4,10000.0,0,0.0,1,3,1,0,0,0,1,0,1,1,0,0,0,baixo
8,10000.0,31,0.6129032258064516,2,3,1,0,0,0,1,0,0,1,0,0,1,alto
2,0.0,0,0.0,0,0,1,0,0,0,0,0,0,0,0,0,0,gratuito
1,0.0,0,0.0,1,2,1,0,0,0,0,0,0,0,0,1,0,gratuito
2,150000.0,27,0.8518518518518519,11,5,1,0,0,0,1,1,1,1,0,1,0,medio_alto
1,10000.0,66,0.9696969696969697,1,3,1,1,1,0,1,0,1,0,0,0,1,alto
4,10000.0,1,0.0,2,2,1,0,0,0,0,0,0,0,0,0,0,alto
1,35000.0,2,1.0,2,3,1,0,0,0,1,0,0,1,1,0,0,baixo
2,10000.0,0,0.0,1,3,1,1,1,0,1,0,1,1,0,0,0,baixo
2,10000.0,0,0.0,7,2,1,0,0,0,1,0,0,1,0,0,0,medio_alto
9,75000.0,82,0.5365853658536586,1,4,1,0,0,0,1,1,0,0,0,1,0,gratuito
5,10000.0,0,0.0,1,6,1,0,0,0,1,1,1,1,1,0,1,baixo
16,10000.0,6,0.6666666666666666,1,1,1,0,0,0,0,1,0,0,0,0,0,alto
9,35000.0,176,0.6988636363636364,5,4,1,0,0,1,1,1,1,0,0,0,1,medio_baixo
2,10000.0,3638,0.8163826278174822,5,4,1,0,0,9,0,0,1,0,1,0,0,gratuito
2,10000.0,0,0.0,3,4,1,0,0,0,1,0,1,1,1,0,0,alto
3,0.0,0,0.0,103,3,1,0,0,0,1,0,0,1,0,1,0,alto
1,0.0,0,0.0,1,3,1,1,0,0,0,0,1,0,1,1,0,medio_baixo
4,35000.0,4,0.5,2,2,1,0,0,0,1,0,1,0,0,0,0,medio_alto
8,350000.0,1729,0.8282244071717756,10,5,1,1,0,5,0,0,1,1,1,1,1,alto
13,35000.0,500,0.898,1,3,1,1,0,0,1,1,0,1,0,0,0,medio_baixo
7,10000.0,3,1.0,1,1,1,0,0,0,1,0,0,0,0,0,0,baixo
3,10000.0,13,1.0,1,3,1,0,0,0,0,1,1,0,1,0,0,medio_baixo
6,10000.0,0,0.0,1,1,1,0,0,0,1,0,0,0,0,0,0,medio_alto
6,10000.0,4,1.0,2,2,1,0,0,0,1,1,0,0,0,0,0,medio_baixo
5,10000.0,52,0.9038461538461539,1,4,1,1,0,0,1,0,1,0,0,0,1,gratuito
5,75000.0,292,0.660958904109589,5,6,1,0,0,0,1,1,1,1,0,1,1,medio_alto
3,10000.0,1,0.0,2,3,1,0,0,0,1,0,0,1,0,0,1,medio_alto
7,10000.0,16,1.0,1,3,1,1,0,2,1,0,1,0,1,0,0,gratuito
15,75000.0,584,0.9075342465753424,6,2,1,1,1,0,1,0,0,1,0,0,0,medio_baixo
3,10000.0,0,0.0,1,2,1,0,0,0,0,0,0,1,0,1,0,gratuito
2,10000.0,86,0.6627906976744186,2,4,1,0,0,0,1,1,1,1,0,0,0,medio_baixo
15,150000.0,648,0.8302469135802469,1,1,1,0,0,0,0,0,0,0,0,1,0,baixo
1,10000.0,0,0.0,7,3,1,0,0,0,1,0,0,0,0,1,1,medio_alto
4,10000.0,3,1.0,1,1,1,0,0,0,0,1,0,0,0,0,0,medio_alto
2,10000.0,225,0.84,3,1,1,0,0,0,0,0,0,0,1,0,0,alto
5,35000.0,33,0.2727272727272727,8,4,1,0,0,0,1,1,1,0,0,0,0,alto
5,10000.0,10,0.6,1,2,1,0,0,0,0,1,1,0,0,0,0,baixo
9,1500000.0,18382,0.9422260907409422,9,2,1,1,1,8,0,0,0,0,0,1,1,medio_alto
2,35000.0,8,0.75,1,3,1,0,0,0,1,1,1,0,0,0,0,baixo
2,10000.0,0,0.0,1,3,1,0,0,0,1,0,1,0,1,0,0,medio_baixo
4,10000.0,47,1.0,1,3,1,0,0,0,1,0,0,1,0,1,0,baixo
7,35000.0,568,0.9577464788732394,3,2,1,1,0,1,1,0,1,0,0,0,0,medio_baixo
2,10000.0,7,1.0,1,1,1,0,0,0,1,0,0,0,0,0,0,medio_alto
7,10000.0,20,0.95,1,4,1,0,0,0,1,1,0,0,0,0,0,gratuito
8,150000.0,578,0.6349480968858131,19,6,1,1,0,0,1,0,0,1,1,1,1,gratuito
5,10000.0,49,0.7755102040816326,2,3,1,0,0,0,1,0,0,1,0,1,0,medio_baixo
2,10000.0,93,0.6559139784946236,2,3,1,0,0,0,1,0,1,0,0,0,1,medio_baixo
16,35000.0,171,0.9649122807017544,1,1,1,0,0,0,0,0,0,1,0,0,0,medio_alto
1,10000.0,0,0.0,1,4,1,0,1,0,1,0,0,1,0,1,1,medio_baixo
4,0.0,0,0.0,0,0,1,0,0,0,0,0,0,0,0,0,0,gratuito
8,35000.0,117,0.5641025641025641,1,2,1,0,0,0,0,1,0,1,0,0,0,baixo
11,10000.0,18,0.8888888888888888,1,2,1,0,0,0,1,1,0,0,0,0,0,medio_alto
3,35000.0,4,0.75,1,3,1,0,0,0,0,1,0,0,0,1,0,gratuito
5,150000.0,646,0.43188854489164086,1,4,1,0,0,0,1,1,1,0,0,0,1,medio_alto
1,0.0,0,0.0,0,0,1,0,0,0,0,0,0,0,0,0,0,gratuito
2,10000.0,0,0.0,1,2,1,0,0,0,0,0,0,0,0,0,1,gratuito
6,10000.0,235,0.4297872340425532,7,4,1,0,0,0,1,1,1,0,0,0,1,baixo
5,150000.0,4,1.0,1,4,1,0,0,0,1,1,0,1,0,0,1,baixo
5,10000.0,52,0.7884615384615384,14,2,1,0,0,0,0,0,0,0,0,1,0,alto
1,10000.0,38,0.9473684210526315,2,2,1,0,0,0,1,1,0,0,0,0,0,medio_alto
1,35000.0,599,0.7395659432387313,13,1,1,0,0,0,0,0,0,0,0,0,1,alto
6,75000.0,5,1.0,13,2,1,0,0,0,1,0,0,1,0,0,0,medio_alto
2,10000.0,158,0.8354430379746836,9,1,1,0,0,0,0,0,0,0,0,0,1,baixo
10,10000.0,36,0.7777777777777778,1,3,1,0,0,1,1,0,0,0,1,1,0,medio_alto
11,35000.0,298,0.6711409395973155,1,5,1,1,1,0,1,1,1,0,1,0,0,alto
1,0.0,0,0.0,1,3,1,0,0,0,1,1,1,0,0,0,0,alto
2,10000.0,94,0.9787234042553191,21,6,1,0,0,0,1,1,1,1,1,1,0,baixo
4,35000.0,5,0.6,1,2,1,0,0,0,1,0,1,0,0,0,0,baixo
1,10000.0,0,0.0,6,4,1,0,0,1,1,1,1,0,1,0,0,alto
5,10000.0,35,0.8571428571428571,1,1,1,0,0,0,0,0,0,1,0,0,0,baixo
1,10000.0,4,1.0,2,3,1,0,0,2,0,0,1,0,1,1,0,alto
4,10000.0,14,0.7142857142857143,1,5,1,1,0,0,1,0,0,1,0,1,0,medio_alto
4,10000.0,143,0.986013986013986,1,2,1,0,0,1,1,0,1,0,0,0,0,alto
6,10000.0,50,0.66,1,1,1,0,0,0,0,0,0,0,0,1,0,alto
3,10000.0,7,0.8571428571428571,3,2,1,1,0,0,0,0,1,1,0,0,0,medio_alto
3,35000.0,650,0.963076923076923,1,2,1,0,1,1,1,0,0,1,0,0,0,medio_baixo
1,10000.0,2,1.0,1,1,1,0,0,0,0,0,0,0,0,1,0,baixo
5,10000.0,0,0.0,1,2,1,0,0,0,1,0,0,1,0,0,0,baixo
3,10000.0,0,0.0,1,1,1,1,1,0,1,0,0,0,0,0,0,baixo
12,10000.0,52,0.8846153846153846,1,3,1,1,1,0,1,1,1,0,0,0,0,medio_baixo
5,75000.0,2,0.5,1,2,1,0,0,0,1,0,0,0,0,1,0,medio_baixo
5,0.0,0,0.0,0,0,1,0,0,0,0,0,0,0,0,0,0,gratuito
7,10000.0,2,0.5,1,6,1,1,0,0,1,1,1,0,1,1,0,medio_alto
8,10000.0,25,0.64,2,5,1,0,0,0,1,1,1,1,0,1,0,baixo
3,0.0,0,0.0,0,0,1,0,0,0,0,0,0,0,0,0,0,gratuito
1,10000.0,11,0.9090909090909091,1,1,1,0,0,0,1,0,0,0,0,0,0,medio_alto
10,750000.0,905,0.5337016574585636,1,3,1,0,0,0,1,0,1,1,0,0,0,medio_baixo
9,35000.0,43,0.7441860465116279,5,3,1,0,0,0,1,1,1,0,0,0,0,medio_baixo
7,10000.0,28,0.7857142857142857,2,2,1,1,1,0,1,0,0,1,0,0,0,baixo
2,10000.0,10,1.0,5,1,1,0,0,0,0,0,0,1,0,0,0,medio_alto
8,10000.0,11,0.2727272727272727,2,5,1,0,0,0,1,1,1,0,1,0,0,medio_alto
11,35000.0,540,0.8185185185185185,1,3,1,0,0,2,1,0,0,0,0,1,1,alto
3,35000.0,413,0.8329297820823245,2,1,1,1,0,5,0,0,0,0,0,0,0,alto
4,0.0,0,0.0,1,4,1,0,0,0,1,1,1,0,0,0,0,gratuito
2,10000.0,38,0.9473684210526315,1,4,1,1,0,0,1,0,1,1,0,0,0,gratuito
12,35000.0,181,0.7679558011049724,1,3,1,1,0,0,1,0,1,1,0,0,0,alto
4,10000.0,35,0.9142857142857143,1,2,1,0,0,2,1,0,0,0,0,1,0,alto
8,10000.0,5,0.4,12,3,1,1,0,0,1,0,1,1,0,0,0,baixo
8,10000.0,17,0.8823529411764706,1,3,1,0,0,0,1,0,1,1,0,0,0,baixo
5,10000.0,4,1.0,1,2,1,0,0,0,1,1,0,0,0,0,0,medio_alto
11,10000.0,53,0.660377358490566,11,5,1,0,0,1,0,0,0,0,0,0,0,alto
1,0.0,0,0.0,1,3,1,0,0,0,0,0,0,1,0,1,0,gratuito
1,0.0,0,0.0,9,3,1,0,0,0,1,1,0,0,1,0,0,medio_alto
2,10000.0,114,0.9473684210526315,3,1,1,0,0,0,1,0,0,0,0,0,0,medio_baixo
8,10000.0,8,0.875,1,3,1,0,0,0,1,1,0,0,0,0,0,alto
1,35000.0,448,0.9129464285714286,14,3,1,0,0,0,1,1,1,0,0,0,0,alto
5,0.0,0,0.0,0,0,1,0,0,0,0,0,0,0,0,0,0,gratuito
8,10000.0,65,0.8307692307692308,1,2,1,0,0,0,1,0,0,0,1,0,0,baixo
4,10000.0,78,0.8205128205128205,9,3,1,1,1,1,1,0,0,0,0,1,1,medio_baixo
6,10000.0,1,1.0,1,3,1,0,0,0,0,0,0,1,0,0,0,medio_baixo
1,0.0,0,0.0,3,1,1,0,0,0,0,0,1,0,0,0,0,alto
1,10000.0,0,0.0,1,2,1,0,0,0,0,0,0,1,0,0,1,medio_alto
2,0.0,0,0.0,0,0,1,0,0,0,0,0,0,0,0,0,0,gratuito
6,10000.0,13,1.0,1,2,1,0,0,0,1,1,0,0,0,0,0,alto
4,35000.0,9,0.6666666666666666,1,3,1,0,0,1,1,0,0,0,1,1,0,gratuito
2,10000.0,36,0.9722222222222222,1,3,1,0,0,1,1,1,0,1,0,0,0,medio_baixo
6,10000.0,20,0.3,1,3,1,1,1,0,1,1,1,0,0,0,0,baixo
8,10000.0,8,0.75,1,3,1,0,0,0,1,1,0,0,0,0,0,gratuito
7,10000.0,0,0.0,103,3,1,0,0,0,1,0,1,1,0,0,0,medio_baixo
2,0.0,0,0.0,0,0,1,0,0,0,0,0,0,0,0,0,0,gratuito
8,10000.0,17,1.0,1,2,1,1,1,0,1,1,0,0,0,0,0,alto
3,10000.0,158,0.9556962025316456,2,2,1,0,0,0,0,0,0,1,0,0,1,baixo
1,10000.0,0,0.0,30,4,1,0,0,0,1,0,0,1,1,0,1,baixo
2,10000.0,5,1.0,1,2,1,0,1,0,1,1,0,0,0,0,0,medio_baixo
1,10000.0,46,0.8695652173913043,11,3,1,0,0,2,1,0,0,1,0,0,0,medio_baixo
1,0.0,0,0.0,0,0,1,0,0,0,0,0,0,0,0,0,0,gratuito
6,35000.0,8,0.625,1,2,1,0,0,0,0,0,1,1,0,0,0,baixo
2,10000.0,1,0.0,5,2,1,0,0,0,1,0,0,1,0,0,0,baixo
7,10000.0,31,0.967741935483871,1,4,1,0,0,2,1,0,1,1,1,0,0,medio_alto
1,10000.0,2,0.5,2,4,1,0,0,0,1,1,0,1,0,1,0,baixo
3,10000.0,31,0.8387096774193549,1,4,1,0,0,0,1,1,1,0,1,0,0,medio_baixo
11,35000.0,118,0.3644067796610169,1,4,1,0,0,0,1,1,1,0,1,0,0,medio_alto
2,10000.0,10,0.8,1,1,1,0,0,0,0,0,0,0,0,0,0,baixo
4,10000.0,39,0.6410256410256411,2,4,1,0,0,1,1,0,0,1,0,0,1,baixo
6,10000.0,50,0.72,1,3,1,0,0,0,0,0,0,1,0,1,0,alto
2,0.0,0,0.0,0,0,1,0,0,0,0,0,0,0,0,0,0,gratuito
3,0.0,0,0.0,103,3,1,0,0,0,1,0,1,1,0,0,0,medio_baixo
3,35000.0,21,0.7142857142857143,5,1,1,0,0,0,1,0,0,0,0,0,0,medio_baixo
11,3500000.0,25115,0.9361337845908819,9,2,1,1,1,3,1,0,0,0,0,0,1,baixo
6,75000.0,2,0.5,1,3,1,1,0,0,1,1,0,0,0,0,1,medio_alto
3,10000.0,23,0.9565217391304348,1,3,1,1,0,0,1,0,0,1,0,1,0,medio_baixo
7,10000.0,30,0.9333333333333333,1,3,1,1,0,0,1,1,1,0,0,0,0,gratuito
1,0.0,0,0.0,1,2,1,0,0,0,1,1,0,0,0,0,0,medio_baixo
2,35000.0,280,0.95,5,5,1,0,0,0,1,0,0,1,0,1,1,gratuito
1,10000.0,0,0.0,1,2,1,0,0,0,1,1,0,0,0,0,0,medio_alto
2,10000.0,0,0.0,1,4,1,0,0,0,1,1,0,0,0,1,0,alto
4,10000.0,1,1.0,1,2,1,0,0,0,1,0,1,0,0,0,0,medio_alto
1,0.0,0,0.0,0,0,1,0,0,0,0,0,0,0,0,0,0,gratuito
3,10000.0,1,1.0,1,3,1,0,0,0,1,1,1,0,0,0,0,alto
2,0.0,0,0.0,1,5,1,0,0,0,1,0,1,0,0,1,0,gratuito
6,10000.0,0,0.0,2,3,1,0,0,0,1,1,0,0,0,0,0,medio_baixo
4,10000.0,1,0.0,1,3,1,0,0,0,0,0,0,1,0,0,1,medio_alto
4,0.0,0,0.0,1,3,1,0,0,0,1,0,0,1,0,0,0,gratuito
5,350000.0,3928,0.9554480651731161,13,4,1,1,0,1,1,1,1,0,0,0,1,medio_alto
1,0.0,0,0.0,1,2,1,0,0,0,0,0,0,1,0,0,0,alto
10,10000.0,12,0.75,1,3,1,1,0,0,1,1,1,0,0,0,0,medio_alto
3,0.0,0,0.0,1,6,1,1,0,1,1,0,1,1,1,1,0,gratuito
1,10000.0,0,0.0,3,4,1,0,0,1,1,0,0,0,1,1,1,alto
4,0.0,0,0.0,5,1,1,0,0,2,0,0,1,0,0,0,0,gratuito
1,10000.0,0,0.0,30,3,1,0,0,1,1,1,0,0,1,0,0,medio_alto
3,10000.0,0,0.0,1,1,1,0,0,2,0,0,0,1,0,0,0,baixo
6,350000.0,758,0.8759894459102903,3,5,1,1,1,2,1,0,1,1,0,1,0,gratuito
2,0.0,0,0.0,2,2,1,0,0,0,0,0,0,0,0,0,0,gratuito
2,10000.0,2,1.0,1,4,1,0,1,0,1,1,0,0,0,1,0,baixo
4,0.0,0,0.0,0,0,1,0,0,0,0,0,0,0,0,0,0,gratuito
11,350000.0,2808,0.9081196581196581,7,3,1,0,1,1,1,0,1,1,0,0,0,medio_baixo
6,10000.0,26,0.7692307692307693,2,4,1,0,0,0,1,0,0,1,0,1,1,baixo
9,35000.0,69,0.5507246376811594,1,4,1,0,0,0,1,1,0,0,0,0,0,gratuito
2,10000.0,5,1.0,1,6,1,1,1,0,1,1,1,1,1,1,0,medio_alto
6,10000.0,40,0.825,2,1,1,0,0,0,0,0,0,0,0,0,0,baixo
6,10000.0,38,0.9736842105263158,1,2,1,0,0,0,1,0,1,0,0,0,0,baixo
5,0.0,0,0.0,1,6,1,0,0,0,1,1,0,1,0,0,1,gratuito
7,10000.0,0,0.0,29,3,1,1,0,0,1,0,0,1,0,1,0,baixo
4,10000.0,21,0.9523809523809523,1,5,1,0,1,0,1,0,1,0,1,0,1,alto
3,0.0,0,0.0,9,6,1,0,0,0,0,1,1,0,1,1,0,gratuito
1,10000.0,0,0.0,10,2,1,1,0,0,0,0,0,1,0,0,1,medio_alto
1,10000.0,0,0.0,1,2,1,0,0,1,1,1,0,0,0,0,0,alto
5,0.0,0,0.0,0,0,1,0,0,0,0,0,0,0,0,0,0,gratuito
3,10000.0,3,0.0,1,2,1,1,0,0,0,0,1,0,0,0,1,alto
7,10000.0,160,0.8125,3,5,1,0,0,0,1,0,1,0,1,1,0,baixo
1,0.0,0,0.0,2,3,1,0,0,0,1,1,0,0,0,0,0,medio_alto
1,0.0,0,0.0,1,1,1,0,0,0,0,0,0,0,0,0,0,gratuito
9,35000.0,4,1.0,1,3,1,0,0,0,1,1,0,1,0,0,0,baixo
2,0.0,0,0.0,1,7,1,1,0,0,0,1,1,1,1,0,1,gratuito
5,10000.0,17,0.8823529411764706,1,3,1,0,0,0,1,0,0,1,0,0,1,medio_alto
3,10000.0,37,0.7027027027027027,8,4,1,0,0,1,1,0,0,0,1,1,1,medio_alto
2,10000.0,0,0.0,1,3,1,0,0,0,1,0,0,1,0,0,1,medio_alto
3,150000.0,4058,0.9428289797930015,1,4,1,0,0,1,1,1,0,0,0,0,1,alto
8,75000.0,1017,0.7384464110127827,7,6,1,0,0,0,1,1,0,1,0,1,1,alto
1,0.0,0,0.0,0,0,1,0,0,0,0,0,0,0,0,0,0,gratuito
1,0.0,0,0.0,0,0,1,0,0,0,0,0,0,0,0,0,0,gratuito
1,0.0,0,0.0,103,2,1,0,0,2,1,0,0,1,0,0,0,baixo
5,35000.0,336,0.8869047619047619,19,3,1,0,1,1,1,0,0,0,0,0,0,medio_alto
2,10000.0,2,1.0,3,1,1,0,0,0,0,0,0,0,0,0,1,alto
5,10000.0,106,0.9716981132075472,6,2,1,1,1,0,1,0,1,0,0,0,0,medio_alto
5,10000.0,0,0.0,1,3,1,0,0,0,1,0,0,1,0,0,1,medio_baixo
4,10000.0,207,0.927536231884058,2,2,1,0,0,0,0,0,1,1,0,0,0,alto
2,75000.0,155,0.8451612903225807,1,3,1,0,0,0,1,1,1,0,0,0,0,medio_baixo
9,35000.0,236,0.8516949152542372,29,2,1,0,0,0,1,0,0,1,0,0,0,baixo
7,35000.0,269,0.7732342007434945,3,1,1,0,0,11,0,0,0,0,1,0,0,alto
4,10000.0,4,1.0,2,1,1,0,0,0,0,0,0,0,0,1,0,alto
1,0.0,0,0.0,0,0,1,0,0,0,0,0,0,0,0,0,0,gratuito
3,10000.0,11,0.9090909090909091,6,2,1,0,0,0,1,0,0,1,0,0,0,medio_alto
7,10000.0,1,0.0,1,5,1,0,0,0,1,1,1,1,1,0,0,baixo
6,10000.0,6,0.8333333333333334,1,2,1,1,0,0,1,0,0,1,0,0,0,medio_baixo
1,150000.0,1250,0.8648,3,3,1,0,0,3,0,0,0,1,0,0,0,medio_baixo
2,10000.0,119,0.7478991596638656,2,5,1,0,0,0,1,0,0,1,1,1,1,medio_baixo
3,35000.0,17,0.8823529411764706,1,4,1,0,0,0,1,0,1,0,1,0,0,gratuito
2,10000.0,1,0.0,2,2,1,0,0,0,1,0,0,0,0,1,0,medio_baixo
3,35000.0,288,0.8576388888888888,10,5,1,0,0,0,1,1,0,0,0,0,0,alto
9,10000.0,9,0.7777777777777778,1,2,1,1,0,0,0,0,1,1,0,0,0,alto
9,35000.0,16,0.375,1,4,1,0,0,0,1,1,0,0,0,0,1,medio_alto
5,0.0,0,0.0,0,0,1,0,0,0,0,0,0,0,0,0,0,gratuito
1,10000.0,9,1.0,2,2,1,0,0,0,0,1,0,1,0,0,0,medio_alto
1,350000.0,1656,0.8121980676328503,8,7,1,1,1,112,1,1,0,1,0,0,1,gratuito
1,35000.0,4,0.75,1,3,1,0,0,0,1,1,0,0,0,1,0,alto
7,10000.0,124,0.9193548387096774,2,1,1,0,0,0,0,0,0,1,0,0,0,medio_baixo
9,10000.0,5,0.6,1,3,1,0,0,0,1,0,0,1,0,1,0,alto
1,10000.0,10,1.0,2,3,1,0,0,0,1,0,0,1,0,0,1,medio_alto
4,150000.0,1731,0.8833044482957828,1,4,1,0,0,1,1,1,1,0,0,1,0,alto
6,75000.0,144,0.8263888888888888,2,3,1,0,0,0,1,0,1,0,0,0,1,medio_baixo
1,75000.0,404,0.7351485148514851,12,5,1,0,0,3,1,1,1,0,1,1,0,alto
9,10000.0,14,0.2857142857142857,1,4,1,1,0,0,1,1,0,1,0,0,0,baixo
8,10000.0,44,0.38636363636363635,1,7,1,0,0,0,1,1,1,1,1,1,1,baixo
7,10000.0,46,0.3695652173913043,2,3,1,0,0,0,1,0,0,1,0,1,0,gratuito
1,10000.0,0,0.0,6,1,1,0,0,0,1,0,0,0,0,0,0,baixo
11,35000.0,378,0.6957671957671958,1,2,1,0,0,0,1,1,0,0,0,0,0,medio_baixo
3,10000.0,0,0.0,1,3,1,1,0,0,0,1,0,1,0,1,0,medio_alto
2,10000.0,0,0.0,3,2,1,0,0,0,1,1,0,0,0,0,0,alto
2,10000.0,3,0.6666666666666666,2,1,1,0,0,0,0,0,0,0,1,0,0,alto
6,35000.0,6,0.16666666666666666,1,2,1,0,0,0,1,0,1,0,0,0,0,baixo
2,10000.0,3,1.0,1,4,1,0,0,0,1,1,1,1,0,0,0,medio_baixo
11,35000.0,297,0.7003367003367004,4,3,1,0,0,1,1,1,0,0,1,0,0,medio_baixo
6,10000.0,259,0.9420849420849421,9,2,1,1,0,0,1,0,1,0,0,0,0,medio_alto
2,10000.0,1,0.0,1,1,1,0,0,0,0,0,0,0,0,0,0,medio_alto
12,350000.0,604,0.6076158940397351,1,4,1,1,1,1,1,1,1,0,1,0,0,medio_alto
14,75000.0,1014,0.903353057199211,1,3,1,1,1,0,1,0,1,0,1,0,0,medio_alto
4,10000.0,11,0.8181818181818182,6,1,1,0,0,0,1,0,0,0,0,0,0,gratuito
4,10000.0,3,1.0,2,5,1,0,0,0,1,1,1,1,1,0,0,medio_alto
1,10000.0,0,0.0,1,3,1,0,0,0,1,0,0,1,1,0,0,baixo
3,0.0,0,0.0,0,0,1,0,0,0,0,0,0,0,0,0,0,gratuito
3,10000.0,0,0.0,1,2,1,1,1,0,1,0,0,1,0,0,0,baixo
6,35000.0,21,0.9047619047619048,1,1,1,0,1,0,0,0,0,1,0,0,0,baixo
12,10000.0,67,0.582089552238806,1,1,1,0,0,0,0,1,0,0,0,0,0,baixo
17,10000.0,47,0.5319148936170213,5,1,1,0,0,0,0,0,0,0,0,0,0,medio_alto
2,10000.0,0,0.0,1,3,1,0,0,0,1,1,1,0,0,0,0,baixo
5,0.0,0,0.0,0,0,1,0,0,0,0,0,0,0,0,0,0,gratuito
7,10000.0,3,1.0,1,3,1,0,0,0,1,0,0,1,0,0,0,baixo
3,10000.0,1,1.0,1,3,1,0,0,0,1,1,1,0,0,0,0,baixo
6,10000.0,9,0.7777777777777778,8,7,1,0,1,0,1,1,1,1,1,0,0,gratuito
1,10000.0,23,0.6521739130434783,1,9,1,1,1,3,1,1,1,1,1,0,1,gratuito
4,10000.0,1,0.0,1,1,1,0,0,0,0,0,0,0,0,0,0,baixo
5,10000.0,34,0.9117647058823529,1,5,1,0,0,0,1,0,1,0,1,1,1,medio_alto
7,10000.0,74,0.9594594594594594,5,2,1,0,1,0,1,1,0,0,0,0,0,medio_alto
4,0.0,0,0.0,1,2,1,0,0,0,0,0,1,0,1,0,0,gratuito
3,10000.0,0,0.0,2,1,1,0,0,0,1,0,0,0,0,0,0,medio_alto
8,10000.0,43,0.5581395348837209,2,4,1,0,0,4,1,1,1,0,0,0,1,baixo
1,10000.0,0,0.0,3,1,1,0,0,0,1,0,0,0,0,0,0,medio_baixo
1,0.0,0,0.0,1,3,1,0,0,2,1,0,0,1,0,0,0,gratuito
1,0.0,0,0.0,0,0,1,0,0,0,0,0,0,0,0,0,0,gratuito
9,10000.0,0,0.0,1,2,1,0,0,0,1,0,0,1,0,0,0,medio_baixo
1,350000.0,6190,0.4775444264943457,13,2,1,0,0,0,0,0,0,0,0,0,0,baixo
7,10000.0,28,0.8214285714285714,4,1,1,1,0,0,0,0,0,1,0,0,0,medio_baixo
2,10000.0,15,0.7333333333333333,2,3,1,0,0,0,1,1,1,0,0,0,0,medio_baixo
2,10000.0,16,0.875,1,4,1,0,0,0,1,1,0,0,1,0,0,medio_alto
4,75000.0,844,0.8222748815165877,6,2,1,0,0,0,0,0,1,1,0,0,0,medio_baixo
2,10000.0,16,1.0,1,2,1,0,0,0,1,1,0,0,0,0,0,medio_baixo
1,75000.0,6,0.8333333333333334,1,1,1,0,0,0,1,0,0,0,0,0,0,baixo
6,10000.0,56,0.875,1,2,1,0,0,0,1,0,1,0,0,0,0,medio_baixo
1,0.0,0,0.0,1,2,1,1,1,1,0,0,1,0,0,0,0,gratuito
1,0.0,0,0.0,0,0,1,0,0,0,0,0,0,0,0,0,0,gratuito
4,0.0,0,0.0,15,1,1,0,0,0,1,0,0,0,0,0,0,gratuito
3,10000.0,18,0.3333333333333333,8,4,1,0,0,0,1,1,0,1,0,0,0,alto
5,0.0,0,0.0,1,5,1,0,0,0,1,0,1,0,1,0,0,gratuito
2,10000.0,0,0.0,25,1,1,0,0,0,0,0,0,1,0,0,0,medio_baixo
1,10000.0,98,0.7959183673469388,2,1,1,0,0,0,0,1,0,0,0,0,0,medio_alto
1,10000.0,0,0.0,2,1,1,0,0,0,0,0,0,1,0,0,0,medio_alto
3,0.0,0,0.0,2,5,1,0,0,0,1,0,1,1,0,1,0,gratuito
10,35000.0,381,0.8031496062992126,2,4,1,1,1,0,1,1,1,1,0,0,0,medio_alto
2,10000.0,1,1.0,1,2,1,0,0,0,0,0,0,0,0,1,1,alto
1,10000.0,3,1.0,3,3,1,0,0,0,1,0,1,0,0,1,0,medio_alto
2,10000.0,8,0.875,1,3,1,0,0,0,1,1,1,0,0,0,0,baixo
2,10000.0,7,1.0,1,2,1,0,0,0,0,1,1,0,0,0,0,medio_alto
2,10000.0,3,0.3333333333333333,1,4,1,0,0,0,1,1,1,0,1,0,0,baixo
1,0.0,0,0.0,0,0,1,0,0,0,0,0,0,0,0,0,0,gratuito
3,10000.0,14,0.7142857142857143,1,4,1,0,0,0,1,1,1,1,0,0,0,baixo
2,10000.0,15,0.9333333333333333,1,4,1,0,0,0,1,1,1,1,0,0,0,medio_baixo
11,0.0,0,0.0,3,1,1,1,0,0,0,0,0,1,0,0,0,alto
11,150000.0,206,0.8980582524271845,1,2,1,1,0,1,1,0,0,0,0,0,1,medio_baixo
8,10000.0,5,0.8,1,3,1,0,0,1,1,1,1,0,0,0,0,medio_alto
6,150000.0,802,0.47256857855361595,9,5,1,0,0,0,1,0,0,1,0,1,1,gratuito
5,150000.0,5643,0.8807371965266703,9,1,1,0,0,11,0,0,0,0,0,1,0,alto
4,0.0,0,0.0,0,0,1,0,0,0,0,0,0,0,0,0,0,gratuito
2,10000.0,3,1.0,1,2,1,0,0,0,1,0,0,1,0,0,0,medio_baixo
3,0.0,0,0.0,1,2,1,0,0,1,1,1,0,0,0,0,0,gratuito
15,750000.0,4948,0.8783346806790623,7,1,1,0,0,5,0,0,0,0,0,1,0,baixo
5,75000.0,1718,0.810244470314319,1,2,1,0,0,0,0,0,0,0,0,0,1,alto
9,750000.0,2729,0.4873580065958226,14,2,1,0,0,2,0,1,0,0,0,0,0,gratuito
12,35000.0,78,0.7564102564102564,2,1,1,1,1,0,0,0,0,0,1,0,0,baixo
8,35000.0,69,0.7391304347826086,1,2,1,0,0,0,0,0,0,0,0,0,0,gratuito
1,10000.0,0,0.0,9,1,1,1,0,0,0,0,0,0,0,1,0,alto
2,0.0,0,0.0,0,0,1,0,0,0,0,0,0,0,0,0,0,gratuito
4,10000.0,132,0.6666666666666666,3,5,1,0,0,11,1,1,1,0,1,1,0,medio_alto
5,35000.0,14,0.7857142857142857,1,5,1,0,0,0,1,1,1,1,0,0,1,medio_baixo
5,10000.0,25,0.72,27,5,1,0,0,0,1,1,1,1,0,0,1,medio_baixo
5,10000.0,23,0.8260869565217391,4,2,1,0,0,0,1,1,0,0,0,0,0,medio_baixo
1,0.0,0,0.0,1,2,1,0,0,0,0,0,1,0,0,0,0,gratuito
4,10000.0,4,0.75,1,2,1,0,0,0,0,0,1,1,0,0,0,medio_alto
5,35000.0,467,0.9507494646680942,1,3,1,1,1,0,0,0,1,0,1,0,0,alto
1,10000.0,0,0.0,1,2,1,0,0,0,1,0,0,1,0,0,0,medio_alto
7,75000.0,834,0.7637889688249401,6,3,1,0,0,3,0,0,0,0,0,0,0,baixo
1,10000.0,0,0.0,1,4,1,0,0,0,1,1,1,1,0,0,0,medio_alto
8,10000.0,0,0.0,4,5,1,1,1,1,1,1,1,1,1,0,0,medio_baixo
4,10000.0,16,0.25,1,2,1,0,0,0,0,0,0,1,0,1,0,medio_baixo
4,10000.0,3,0.6666666666666666,1,1,1,0,0,0,0,1,0,0,0,0,0,medio_baixo
9,75000.0,81,0.3950617283950617,1,3,1,0,0,0,1,1,0,1,0,0,0,baixo
1,10000.0,0,0.0,1,4,1,0,0,0,1,1,0,1,0,0,0,medio_alto
8,35000.0,43,0.627906976744186,1,4,1,0,0,0,1,1,1,1,0,0,0,gratuito
2,0.0,0,0.0,7,4,1,0,0,0,1,1,0,0,1,0,0,gratuito
5,10000.0,199,0.8090452261306532,1,5,1,0,0,4,1,0,0,0,1,0,1,gratuito
11,75000.0,407,0.43734643734643736,1,3,1,0,0,0,1,1,1,0,0,0,0,baixo
3,10000.0,29,0.9655172413793104,1,2,1,0,0,0,1,0,1,0,0,0,0,medio_alto
10,35000.0,324,0.6604938271604939,3,3,1,1,0,0,1,1,1,0,0,0,0,alto
1,35000.0,760,0.8539473684210527,1,4,1,0,0,0,1,1,1,0,0,0,1,alto
4,10000.0,18,1.0,29,3,1,0,0,0,1,1,1,0,0,0,0,medio_baixo
3,10000.0,32,0.875,1,1,1,1,1,0,0,1,0,0,0,0,0,medio_alto
2,10000.0,0,0.0,1,5,1,0,0,0,1,1,1,1,0,0,0,medio_baixo
7,10000.0,1,1.0,1,4,1,0,0,0,1,1,0,1,0,0,0,baixo
1,0.0,0,0.0,4,2,1,0,0,0,0,0,0,0,0,1,0,gratuito
5,10000.0,9,0.5555555555555556,1,2,1,1,1,0,0,0,1,1,0,0,0,baixo
2,10000.0,3,1.0,1,2,1,0,1,0,1,0,0,0,0,1,0,baixo
10,75000.0,112,0.6428571428571429,1,3,1,0,0,0,0,0,1,1,0,0,0,gratuito
1,10000.0,0,0.0,1,4,1,0,0,0,1,0,1,0,1,1,0,medio_baixo
4,10000.0,19,0.8947368421052632,5,1,1,0,0,0,0,0,0,1,0,0,0,medio_baixo
3,0.0,0,0.0,1,4,1,0,0,0,1,1,1,0,0,0,0,gratuito
1,10000.0,29,0.9655172413793104,1,3,1,1,1,0,1,1,1,0,0,0,0,alto
2,10000.0,0,0.0,1,7,1,0,0,0,1,1,1,1,1,1,1,medio_baixo
8,10000.0,0,0.0,2,2,1,0,0,0,1,0,0,1,0,0,0,medio_alto
7,10000.0,19,0.42105263157894735,1,3,1,0,0,0,1,1,0,0,0,0,0,gratuito
2,10000.0,21,0.9047619047619048,4,3,1,0,1,0,1,1,0,1,0,0,0,baixo
1,10000.0,134,0.9626865671641791,1,2,1,0,0,0,1,0,0,1,0,0,0,alto
4,35000.0,381,0.94750656167979,14,2,1,0,0,1,1,0,1,0,0,0,0,medio_baixo
1,10000.0,0,0.0,1,3,1,0,0,0,0,1,1,0,1,0,0,alto
3,0.0,0,0.0,0,0,1,0,0,0,0,0,0,0,0,0,0,gratuito
2,10000.0,0,0.0,1,3,1,1,1,0,1,0,1,1,0,0,0,baixo
6,10000.0,0,0.0,1,1,1,0,0,0,1,0,0,0,0,0,0,medio_alto
2,10000.0,17,1.0,1,2,1,0,0,0,1,1,0,0,0,0,0,medio_alto
7,10000.0,178,0.8314606741573034,10,3,1,0,0,2,1,1,0,1,0,0,0,baixo
4,0.0,0,0.0,0,0,1,0,0,0,0,0,0,0,0,0,0,gratuito
1,0.0,0,0.0,0,0,1,0,0,0,0,0,0,0,0,0,0,gratuito
6,10000.0,5,1.0,8,1,1,1,0,0,0,0,0,1,0,0,0,medio_baixo
1,0.0,0,0.0,16,4,1,1,0,0,1,1,0,1,0,0,0,gratuito
3,0.0,0,0.0,0,0,1,0,0,0,0,0,0,0,0,0,0,gratuito
5,35000.0,390,0.9153846153846154,2,2,1,1,0,0,1,0,0,0,0,0,1,medio_baixo
12,10000.0,97,0.7628865979381443,20,3,1,0,0,1,0,0,0,0,0,0,0,alto
9,150000.0,1160,0.9293103448275862,13,3,1,1,1,1,1,1,0,0,0,0,1,medio_alto
1,10000.0,0,0.0,1,2,1,0,0,0,0,0,0,1,0,1,0,baixo
6,0.0,0,0.0,0,0,1,0,0,0,0,0,0,0,0,0,0,gratuito
5,10000.0,7,0.8571428571428571,1,1,1,0,0,0,0,1,0,0,0,0,0,medio_baixo
3,10000.0,3,1.0,2,2,1,1,0,0,1,0,0,1,0,0,0,baixo
1,10000.0,99,0.8585858585858586,1,5,1,1,0,0,1,0,0,1,0,0,1,alto
1,10000.0,0,0.0,5,6,1,0,0,1,1,0,1,1,1,1,1,alto
3,10000.0,5,0.8,1,5,1,0,0,2,1,1,1,0,1,1,0,medio_alto
3,10000.0,239,0.9121338912133892,4,4,1,0,0,1,1,0,0,1,1,0,1,alto
2,10000.0,118,0.6186440677966102,5,3,1,0,0,0,0,0,0,0,1,1,1,medio_alto
2,10000.0,1,1.0,1,3,1,0,1,0,1,0,1,1,0,0,0,baixo
2,0.0,0,0.0,1,3,1,0,0,0,1,0,0,1,0,0,0,gratuito
3,0.0,0,0.0,0,0,1,0,0,0,0,0,0,0,0,0,0,gratuito
5,10000.0,1,1.0,2,3,1,0,0,0,1,1,1,0,0,0,0,medio_alto
1,10000.0,0,0.0,30,5,1,0,0,0,1,0,1,0,0,1,1,medio_baixo
3,0.0,0,0.0,0,0,1,0,0,0,0,0,0,0,0,0,0,gratuito
4,0.0,0,0.0,1,2,1,0,0,0,0,1,0,0,0,0,0,gratuito
1,10000.0,0,0.0,2,2,1,0,0,0,0,0,0,1,0,0,1,baixo
3,350000.0,2865,0.8219895287958116,1,4,1,0,0,2,1,0,1,0,1,0,1,alto
9,10000.0,12,0.9166666666666666,1,3,1,0,0,0,1,1,1,0,0,0,0,gratuito
7,10000.0,10,0.6,4,1,1,0,0,1,0,0,0,1,0,0,0,medio_baixo
7,10000.0,5,1.0,1,2,1,0,0,0,1,0,0,0,0,0,0,medio_baixo
1,10000.0,0,0.0,1,4,1,0,0,1,0,1,1,0,1,0,0,medio_baixo
6,10000.0,0,0.0,1,2,1,0,0,0,1,0,1,0,0,0,0,alto
1,0.0,0,0.0,0,0,1,0,0,0,0,0,0,0,0,0,0,gratuito
1,0.0,0,0.0,0,0,1,0,0,0,0,0,0,0,0,0,0,gratuito
1,10000.0,9,0.7777777777777778,1,2,1,0,0,0,0,0,0,1,0,0,0,baixo
1,0.0,0,0.0,0,0,1,0,0,0,0,0,0,0,0,0,0,gratuito
3,35000.0,36,0.5833333333333334,103,6,1,1,0,0,1,1,0,0,0,1,1,gratuito
2,10000.0,27,0.8888888888888888,1,3,1,0,0,0,1,0,0,0,1,0,1,medio_baixo
1,0.0,0,0.0,0,0,1,0,0,0,0,0,0,0,0,0,0,gratuito
2,10000.0,2,0.5,1,2,1,0,1,0,1,1,0,0,0,0,0,baixo
7,10000.0,37,0.6756756756756757,29,3,1,0,0,0,1,0,0,1,0,0,1,baixo
4,10000.0,26,0.6538461538461539,1,2,1,0,0,0,1,0,0,0,0,1,0,gratuito
11,150000.0,1470,0.8353741496598639,1,3,1,1,1,1,1,1,1,0,0,0,0,medio_baixo
1,10000.0,0,0.0,1,2,1,0,0,0,0,0,0,1,0,0,1,medio_baixo
9,10000.0,4,0.75,9,4,1,0,0,0,1,0,0,1,0,1,1,baixo
7,35000.0,366,0.8087431693989071,6,5,1,1,0,1,1,1,1,1,0,0,0,baixo
4,10000.0,40,0.675,1,5,1,0,0,0,1,1,1,1,0,0,1,baixo
2,10000.0,8,0.75,2,3,1,0,0,0,0,1,0,1,0,1,0,medio_alto
2,10000.0,2,1.0,1,4,1,0,0,0,1,1,0,1,0,0,0,gratuito
2,10000.0,12,0.8333333333333334,1,2,1,1,1,0,1,0,0,0,0,0,1,medio_alto
12,150000.0,1480,0.9006756756756756,10,2,1,1,1,0,0,0,1,1,0,0,0,medio_baixo
3,0.0,0,0.0,0,0,1,0,0,0,0,0,0,0,0,0,0,gratuito
1,10000.0,0,0.0,1,3,1,0,0,0,1,0,0,0,0,1,0,alto
2,10000.0,0,0.0,1,2,1,0,0,0,0,1,0,0,0,0,0,baixo
5,10000.0,0,0.0,6,4,1,0,0,0,1,1,0,1,0,0,0,medio_alto
4,10000.0,0,0.0,2,1,1,0,0,0,0,1,0,0,0,0,0,alto
2,10000.0,11,0.9090909090909091,1,3,1,0,0,0,1,1,1,0,0,0,0,medio_alto
3,0.0,0,0.0,0,0,1,0,0,0,0,0,0,0,0,0,0,gratuito
1,10000.0,0,0.0,1,3,1,0,0,0,1,0,0,0,0,0,1,medio_alto
6,10000.0,5,0.6,4,1,1,0,0,0,0,0,0,1,0,0,0,medio_baixo
5,10000.0,13,0.5384615384615384,1,5,1,0,0,0,1,0,1,1,0,0,1,alto
1,10000.0,0,0.0,3,2,1,0,0,0,1,0,0,1,0,0,0,medio_baixo
6,10000.0,43,0.9767441860465116,1,3,1,0,0,0,1,1,1,0,0,0,0,baixo
3,10000.0,8,0.5,1,5,1,0,0,0,1,1,1,1,0,0,0,gratuito
4,150000.0,1989,0.9291101055806938,11,4,1,0,0,1,1,1,1,0,1,0,0,alto
3,10000.0,0,0.0,1,3,1,0,0,1,0,0,1,1,0,0,1,alto
11,35000.0,253,0.616600790513834,7,3,1,1,0,0,1,0,0,0,0,1,1,baixo
1,10000.0,0,0.0,1,2,1,1,1,0,0,0,1,1,0,0,0,medio_baixo
12,350000.0,306,0.7843137254901961,7,1,1,0,0,0,0,0,0,0,0,1,0,baixo
9,10000.0,42,0.7142857142857143,1,4,1,0,0,0,1,0,0,1,0,1,1,gratuito
6,10000.0,4,1.0,1,3,1,0,0,0,1,1,1,0,0,0,0,medio_baixo
2,10000.0,28,0.8928571428571429,17,1,1,0,0,1,0,1,0,0,0,0,0,baixo
3,150000.0,951,0.8759200841219769,10,1,1,1,1,8,0,0,0,0,1,0,0,medio_alto
2,10000.0,13,1.0,1,3,1,0,1,0,1,0,0,1,0,0,1,alto
2,10000.0,3,1.0,1,3,1,0,0,0,1,1,1,0,0,0,0,baixo
2,10000.0,10,0.9,3,1,1,0,0,0,0,0,0,1,0,0,0,medio_alto
12,750000.0,4889,0.8723665371241562,1,3,1,1,1,0,1,0,0,0,0,1,1,medio_alto
5,10000.0,3,0.0,22,5,1,0,0,0,1,0,1,1,1,1,0,medio_baixo
1,10000.0,0,0.0,1,4,1,0,0,0,1,1,0,1,0,0,0,medio_alto
1,10000.0,0,0.0,12,4,1,0,0,0,1,0,0,1,0,1,1,alto
3,10000.0,2,1.0,1,1,1,0,0,0,1,0,0,0,0,0,0,medio_baixo
1,10000.0,0,0.0,1,4,1,0,0,0,1,1,1,1,0,0,0,medio_alto
3,10000.0,190,0.8315789473684211,5,2,1,0,0,2,0,1,1,0,0,0,0,alto
7,10000.0,33,0.9696969696969697,2,3,1,0,0,0,1,1,1,0,0,0,0,medio_alto
3,10000.0,4,1.0,7,3,1,0,1,0,1,1,0,1,0,0,0,baixo
2,10000.0,35,0.7428571428571429,4,2,1,0,0,0,0,0,1,1,0,0,0,medio_alto
5,35000.0,353,0.9376770538243626,1,2,1,1,0,0,1,0,0,1,0,0,0,medio_alto
7,10000.0,28,0.5714285714285714,103,5,1,0,0,0,1,0,1,1,0,1,1,medio_baixo
3,0.0,0,0.0,1,3,1,0,0,0,1,0,1,1,0,0,0,gratuito
4,10000.0,7,0.8571428571428571,2,2,1,0,0,0,1,0,1,0,0,0,0,medio_baixo
6,10000.0,0,0.0,1,1,1,0,0,1,0,0,0,1,0,0,0,baixo
1,0.0,0,0.0,2,2,1,0,0,0,1,0,0,0,0,1,0,medio_baixo
1,0.0,0,0.0,1,2,1,0,0,0,1,0,0,0,0,0,0,gratuito
2,75000.0,923,0.962080173347779,3,2,1,0,0,0,0,1,0,1,0,0,0,medio_baixo
2,0.0,0,0.0,0,0,1,0,0,0,0,0,0,0,0,0,0,gratuito
3,10000.0,4,1.0,3,4,1,0,0,0,1,1,0,1,1,0,0,medio_baixo
5,10000.0,11,0.6363636363636364,2,3,1,0,0,0,1,0,0,1,0,0,0,medio_baixo
4,10000.0,7,0.7142857142857143,1,3,1,0,0,0,1,1,1,0,0,0,0,baixo
11,10000.0,29,0.3793103448275862,1,4,1,1,0,0,1,1,1,1,0,0,0,medio_baixo
1,0.0,0,0.0,30,4,1,0,0,1,1,1,0,1,0,0,0,gratuito
5,10000.0,20,1.0,1,2,1,1,0,1,1,0,0,1,0,0,0,medio_alto
6,10000.0,6,0.16666666666666666,1,6,1,0,0,0,1,1,1,1,1,0,1,medio_alto
1,0.0,0,0.0,0,0,1,0,0,0,0,0,0,0,0,0,0,gratuito
10,10000.0,15,0.6666666666666666,1,2,1,0,0,0,1,1,0,0,0,0,0,medio_alto
2,10000.0,1,0.0,1,1,1,0,0,0,1,0,0,0,0,0,0,medio_baixo
2,0.0,0,0.0,1,4,1,0,0,0,1,0,1,1,0,0,0,gratuito
1,10000.0,0,0.0,1,2,1,0,0,0,1,0,1,0,0,0,0,baixo
1,0.0,0,0.0,1,3,1,0,0,0,1,0,1,0,0,0,0,gratuito
1,10000.0,14,0.5714285714285714,5,3,1,0,0,0,1,0,1,0,1,0,0,medio_alto
9,35000000.0,146552,0.7702863147551722,18,5,1,0,0,25,0,1,0,0,0,1,1,gratuito
12,350000.0,399,0.7919799498746867,8,1,1,1,1,0,0,0,0,0,0,1,0,medio_baixo
2,10000.0,129,0.9302325581395349,1,4,1,1,1,2,1,0,1,1,1,0,0,medio_baixo
1,0.0,0,0.0,10,4,1,0,0,0,1,0,0,1,0,0,1,gratuito
7,10000.0,20,0.85,1,6,1,1,0,0,1,1,0,1,0,0,0,alto
5,10000.0,191,0.8429319371727748,4,1,1,0,0,0,0,1,0,0,0,0,0,baixo
3,10000.0,6,0.8333333333333334,8,4,1,0,0,0,1,1,1,1,0,0,0,medio_alto
8,10000.0,6,0.5,1,1,1,0,0,0,0,0,0,1,0,0,0,medio_alto
9,35000.0,33,0.696969696969697,1,3,1,0,0,1,1,0,0,1,0,0,0,gratuito
7,35000.0,105,0.6190476190476191,3,4,1,0,0,0,0,0,0,0,1,1,0,gratuito
2,10000.0,0,0.0,3,3,1,1,0,1,1,1,0,0,0,0,0,gratuito
3,10000.0,5,1.0,10,3,1,0,0,0,1,1,0,1,0,0,0,baixo
6,75000.0,165,0.7636363636363637,1,3,1,0,0,0,1,0,0,1,0,0,0,gratuito
1,10000.0,0,0.0,1,5,1,0,0,0,1,0,0,1,1,0,1,gratuito
9,10000.0,121,0.7768595041322314,12,3,1,1,1,6,1,0,0,1,0,1,0,medio_alto
4,0.0,0,0.0,0,0,1,0,0,0,0,0,0,0,0,0,0,gratuito
8,10000.0,13,0.5384615384615384,1,2,1,0,0,0,1,1,0,0,0,0,0,medio_baixo
3,10000.0,0,0.0,1,3,1,0,0,0,1,1,1,0,0,0,0,baixo
1,0.0,0,0.0,0,0,1,0,0,0,0,0,0,0,0,0,0,gratuito
4,10000.0,32,0.375,2,1,1,0,0,0,0,0,0,0,0,0,1,alto
9,75000.0,127,0.6535433070866141,1,4,1,0,0,0,1,1,1,0,1,0,0,baixo
2,0.0,0,0.0,0,0,1,0,0,0,0,0,0,0,0,0,0,gratuito
3,0.0,0,0.0,1,3,1,0,0,0,1,0,1,0,1,0,0,gratuito
9,10000.0,24,0.625,1,2,1,1,0,0,1,1,0,0,0,0,0,baixo
1,10000.0,36,1.0,2,2,1,0,0,0,1,0,1,0,0,0,0,alto
3,0.0,0,0.0,0,0,1,0,0,0,0,0,0,0,0,0,0,gratuito
20,75000.0,636,0.9449685534591195,5,1,1,1,0,0,0,0,0,1,0,0,0,baixo
2,0.0,0,0.0,0,0,1,0,0,0,0,0,0,0,0,0,0,gratuito
1,0.0,0,0.0,10,4,1,0,0,0,0,1,1,1,0,0,0,gratuito
3,10000.0,11,1.0,1,3,1,0,0,0,0,0,0,1,0,1,0,alto
1,10000.0,0,0.0,6,4,1,0,0,0,1,0,1,1,0,0,1,medio_alto
9,10000.0,3,1.0,5,4,1,1,0,0,1,0,0,1,0,1,0,alto
5,10000.0,0,0.0,1,2,1,0,0,0,1,0,0,1,0,0,0,medio_baixo
14,350000.0,1492,0.8398123324396782,1,2,1,0,0,0,0,1,1,0,0,0,0,medio_baixo
9,10000.0,12,1.0,1,4,1,0,0,0,1,1,0,1,0,1,0,medio_alto
11,10000.0,4,0.25,1,3,1,0,0,0,1,1,0,1,0,0,0,baixo
4,10000.0,0,0.0,3,3,1,0,0,1,1,0,0,1,0,0,1,baixo
3,10000.0,12,0.9166666666666666,5,2,1,1,0,0,0,0,1,1,0,0,0,alto
10,10000.0,28,0.7857142857142857,1,3,1,1,1,0,1,0,1,0,1,0,0,baixo
1,10000.0,0,0.0,6,2,1,0,1,0,0,1,0,0,1,0,0,medio_alto
7,10000.0,25,0.84,1,4,1,0,0,0,0,1,0,0,0,0,1,gratuito
8,10000.0,2,0.0,1,3,1,0,0,0,1,1,1,0,0,0,0,gratuito
3,10000.0,0,0.0,2,1,1,0,0,0,1,0,0,0,0,0,0,alto
2,10000.0,0,0.0,1,3,1,0,0,0,0,0,0,1,0,1,0,medio_baixo
6,75000.0,1441,0.7356002775850105,15,1,1,0,0,3,0,0,0,0,0,0,1,medio_baixo
8,10000.0,8,0.875,1,3,1,0,0,0,1,0,0,1,0,1,0,baixo
2,10000.0,15,0.9333333333333333,1,4,1,0,0,0,1,1,1,1,0,0,0,medio_baixo
2,0.0,0,0.0,0,0,1,0,0,0,0,0,0,0,0,0,0,gratuito
5,350000.0,1321,0.8099924299772899,9,2,1,1,0,0,0,0,0,0,0,0,0,gratuito
9,10000.0,13,0.07692307692307693,1,3,1,0,0,0,1,0,0,0,0,1,1,medio_baixo
2,10000.0,187,0.7219251336898396,6,3,1,0,0,1,1,0,0,0,0,1,1,medio_alto
5,35000.0,115,0.7739130434782608,1,4,1,0,0,0,1,0,0,0,0,1,1,medio_alto
4,10000.0,1,1.0,1,3,1,0,0,0,1,0,1,1,0,0,0,baixo
2,0.0,0,0.0,10,7,1,0,0,0,1,0,0,1,1,1,1,gratuito
6,10000.0,7,0.7142857142857143,1,4,1,0,0,0,1,0,1,0,1,1,0,baixo
6,10000.0,26,0.9230769230769231,1,3,1,0,0,0,1,0,1,1,0,0,0,medio_alto
3,0.0,0,0.0,1,1,1,0,0,0,0,0,1,0,0,0,0,gratuito
2,0.0,0,0.0,0,0,1,0,0,0,0,0,0,0,0,0,0,gratuito
3,10000.0,70,0.7142857142857143,1,5,1,0,0,0,1,1,1,0,0,0,1,alto
1,10000.0,2,0.5,1,2,1,0,0,0,0,0,0,0,0,1,1,medio_baixo
1,0.0,0,0.0,0,0,1,0,0,0,0,0,0,0,0,0,0,gratuito
4,75000.0,545,0.673394495412844,2,4,1,0,0,0,1,0,1,1,1,0,0,medio_alto
2,0.0,0,0.0,1,4,1,0,0,0,1,0,1,1,0,0,0,gratuito
7,10000.0,25,0.48,30,2,1,0,0,0,0,0,0,1,0,1,0,medio_baixo
1,10000.0,62,0.8548387096774194,12,5,1,0,0,0,1,1,1,1,0,1,0,alto
1,10000.0,0,0.0,1,3,1,1,1,0,1,1,0,1,0,0,0,medio_alto
14,10000.0,1607,0.6882389545737398,8,1,1,1,1,1,0,0,0,0,0,1,0,alto
1,10000.0,0,0.0,30,3,1,0,0,0,1,1,0,1,0,0,0,baixo
6,10000.0,0,0.0,1,2,1,0,0,0,0,0,1,1,0,0,0,alto
1,0.0,0,0.0,1,2,1,0,0,0,0,0,0,1,0,0,0,gratuito
2,35000.0,16,0.75,1,7,1,0,0,0,1,0,1,0,1,1,0,gratuito
5,0.0,0,0.0,0,0,1,0,0,0,0,0,0,0,0,0,0,gratuito
3,10000.0,106,0.9433962264150944,1,3,1,1,0,0,0,0,0,0,0,1,1,alto
2,0.0,0,0.0,103,2,1,0,0,0,1,1,0,0,0,0,0,baixo
5,75000.0,177,0.807909604519774,13,3,1,1,1,0,1,0,1,1,0,0,0,baixo
2,10000.0,1,0.0,1,5,1,0,0,0,1,0,1,0,1,1,1,baixo
5,10000.0,0,0.0,29,4,1,0,0,0,0,1,1,1,0,0,1,baixo
2,10000.0,19,1.0,1,2,1,0,0,0,1,1,0,0,0,0,0,medio_alto
1,0.0,0,0.0,10,2,1,0,0,0,1,0,1,0,0,0,0,medio_baixo
6,10000.0,47,0.7872340425531915,1,1,1,0,0,0,0,0,0,0,0,0,1,baixo
3,35000.0,593,0.6003372681281619,6,2,1,0,0,0,1,0,0,0,0,0,1,medio_alto
6,10000.0,12,0.75,2,2,1,0,0,0,1,0,1,0,0,0,0,alto
1,0.0,0,0.0,103,2,1,0,1,0,1,0,0,1,0,0,0,medio_baixo
9,10000.0,106,0.5188679245283019,1,4,1,0,0,0,1,1,1,0,0,0,1,alto
9,75000.0,194,0.4020618556701031,1,6,1,0,0,0,1,1,1,0,1,0,0,baixo
6,75000.0,985,0.9137055837563451,11,1,1,0,0,0,0,0,0,0,0,1,0,alto
3,10000.0,76,0.8947368421052632,5,1,1,0,0,0,0,0,0,0,0,0,1,alto
6,10000.0,27,0.8148148148148148,1,3,1,1,0,0,1,0,1,1,0,0,0,baixo
2,10000.0,9,0.6666666666666666,1,2,1,0,0,0,1,0,0,0,1,0,0,medio_baixo
3,10000.0,28,0.9642857142857143,1,3,1,0,0,0,1,0,1,1,0,0,0,medio_alto
3,0.0,0,0.0,0,0,1,0,0,0,0,0,0,0,0,0,0,gratuito
4,75000.0,595,0.6739495798319328,1,2,1,0,0,1,1,1,0,0,0,0,0,medio_baixo
6,10000.0,2,1.0,1,4,1,0,0,0,1,1,1,0,0,0,0,alto
1,10000.0,0,0.0,9,4,1,0,0,0,1,1,1,0,0,0,1,medio_alto
2,75000.0,947,0.17317845828933473,25,4,1,0,0,0,1,1,1,0,0,0,0,medio_alto
5,350000.0,189,0.9682539682539683,1,4,1,0,0,0,1,1,1,0,0,0,0,alto
6,10000.0,1,0.0,1,1,1,0,0,0,0,0,0,1,0,0,0,medio_alto
8,10000.0,244,0.7991803278688525,28,2,1,0,0,1,1,0,0,1,0,0,0,baixo
3,10000.0,2,1.0,2,3,1,0,0,0,1,0,1,0,0,1,0,medio_baixo
1,0.0,0,0.0,0,0,1,0,0,0,0,0,0,0,0,0,0,gratuito
8,75000.0,128,0.8671875,1,3,1,0,0,1,1,1,0,0,0,0,0,gratuito
8,10000.0,8,0.0,1,5,1,0,0,0,1,1,1,0,1,0,0,alto
5,35000.0,48,0.8958333333333334,1,2,1,0,0,0,1,0,1,0,0,0,0,baixo
1,10000.0,67,0.6119402985074627,2,1,1,0,0,0,0,0,0,0,0,0,1,medio_alto
9,10000.0,3,1.0,3,3,1,1,0,0,1,1,0,1,0,0,0,baixo
4,10000.0,2,0.5,1,4,1,0,0,0,0,1,1,0,0,0,1,medio_baixo
6,750000.0,11114,0.9079539319776858,8,3,1,0,0,1,1,1,1,0,0,0,0,medio_alto
4,75000.0,8,1.0,1,2,1,0,0,0,1,1,0,0,0,0,0,baixo
8,1500000.0,8608,0.900092936802974,9,1,1,0,0,1,0,0,0,0,1,0,0,alto
3,10000.0,3,1.0,8,4,1,0,1,0,1,1,1,1,0,0,0,baixo
7,750000.0,9847,0.9282014826850817,15,2,1,1,1,1,1,1,0,0,0,0,0,medio_alto
7,10000.0,12,1.0,1,1,1,0,0,0,0,0,0,0,1,0,0,gratuito
6,75000.0,1877,0.5247735748534896,11,1,1,0,0,2,0,1,0,0,0,0,0,medio_alto
11,150000.0,121,0.5289256198347108,1,4,1,0,0,0,1,1,0,1,0,1,0,medio_baixo
3,10000.0,0,0.0,5,1,1,0,0,0,0,0,0,0,0,0,1,alto
5,35000.0,362,0.9281767955801105,3,2,1,0,0,1,1,1,0,0,0,0,0,medio_alto
2,0.0,0,0.0,0,0,1,0,0,0,0,0,0,0,0,0,0,gratuito
12,350000.0,2409,0.9597343295973433,12,4,1,1,1,0,1,1,1,1,0,0,0,alto
4,10000.0,122,0.9672131147540983,1,2,1,1,1,0,1,0,0,0,0,1,0,alto
1,10000.0,0,0.0,19,2,1,1,1,0,1,0,0,1,0,0,0,alto
2,10000.0,3,0.0,0,1,1,0,0,0,1,0,0,0,0,0,0,alto
2,10000.0,4,0.75,4,3,1,0,0,2,1,1,1,0,0,0,0,baixo
1,10000.0,0,0.0,7,6,1,1,1,0,1,1,1,0,1,1,0,alto
4,10000.0,30,0.9333333333333333,11,2,1,0,0,0,1,0,0,1,0,0,0,baixo
17,350000.0,791,0.6434892541087232,2,3,1,0,0,0,1,1,0,0,1,0,0,baixo
3,10000.0,7,0.8571428571428571,1,5,1,0,0,0,1,1,1,1,0,0,0,baixo
9,10000.0,39,0.7692307692307693,1,2,1,0,0,0,1,1,0,0,0,0,0,baixo
2,0.0,0,0.0,0,0,1,0,0,0,0,0,0,0,0,0,0,gratuito
1,10000.0,4,1.0,2,1,1,0,0,0,0,0,0,0,0,0,0,alto
3,10000.0,31,0.5806451612903226,6,2,1,0,0,1,0,1,1,0,0,0,0,alto
8,10000.0,63,0.6507936507936508,2,4,1,0,0,0,1,0,0,0,1,1,0,alto
6,10000.0,20,0.75,8,3,1,0,0,1,1,1,1,0,0,0,0,baixo
1,10000.0,0,0.0,3,4,1,0,0,1,1,0,1,0,1,0,1,medio_alto
7,35000.0,98,0.7755102040816326,2,2,1,0,0,0,0,0,0,0,0,0,0,gratuito
5,10000.0,72,0.5833333333333334,1,3,1,0,0,0,1,0,0,1,0,0,0,gratuito
8,10000.0,3,0.6666666666666666,1,2,1,1,0,0,1,1,0,0,0,0,0,medio_baixo
7,35000.0,109,0.6697247706422018,2,3,1,0,0,0,1,1,0,1,0,0,0,baixo
6,10000.0,60,0.5833333333333334,7,4,1,0,0,0,1,1,1,0,0,0,0,gratuito
2,10000.0,0,0.0,1,5,1,0,0,0,1,0,0,1,0,0,1,medio_alto
3,10000.0,175,0.8685714285714285,1,3,1,0,0,0,0,0,0,0,0,0,0,alto
4,10000.0,4,0.75,1,3,1,0,0,0,1,0,0,1,0,0,1,baixo
11,10000.0,45,0.6222222222222222,1,3,1,1,1,0,1,1,0,0,0,1,0,medio_alto
2,10000.0,166,0.8734939759036144,29,3,1,0,0,0,1,1,0,0,1,0,0,medio_baixo
2,10000.0,6,0.8333333333333334,2,3,1,0,0,0,1,0,1,1,0,0,0,baixo
16,150000.0,180,0.5166666666666667,4,1,1,0,0,2,0,0,0,0,0,1,0,medio_baixo
6,10000.0,376,0.7872340425531915,11,2,1,0,0,0,0,1,1,0,0,0,0,alto
7,10000.0,4,1.0,2,2,1,0,0,0,1,0,0,1,0,0,0,baixo
1,10000.0,0,0.0,1,2,1,0,0,0,0,0,0,0,1,0,0,alto
1,10000.0,0,0.0,1,3,1,0,0,0,1,0,0,1,0,1,0,baixo
2,10000.0,3,1.0,1,2,1,0,0,0,1,0,0,1,0,0,0,baixo
8,35000.0,358,0.611731843575419,15,2,1,0,0,0,1,0,0,0,0,1,0,alto
2,10000.0,10,0.8,1,4,1,0,0,0,1,1,0,1,0,0,1,medio_baixo
8,35000.0,315,0.946031746031746,5,3,1,0,0,0,1,0,1,1,0,0,0,baixo
6,10000.0,0,0.0,10,2,1,0,0,0,1,0,0,1,0,0,0,medio_alto
3,75000.0,113,0.8938053097345132,11,4,1,0,0,0,1,1,0,1,0,0,0,medio_alto
3,35000.0,5,1.0,1,4,1,0,0,1,1,1,1,0,1,0,0,medio_baixo
4,35000.0,220,0.759090909090909,8,3,1,0,0,0,1,0,1,1,0,0,0,baixo
2,10000.0,17,0.8823529411764706,2,4,1,0,0,0,1,0,0,1,0,1,1,baixo
1,0.0,0,0.0,0,0,1,0,0,0,0,0,0,0,0,0,0,gratuito
4,10000.0,212,0.8113207547169812,4,4,1,0,0,0,1,0,0,1,0,1,1,medio_alto
1,10000.0,0,0.0,11,1,1,0,0,0,0,0,0,0,0,1,0,medio_alto
2,10000.0,43,0.8604651162790697,6,3,1,0,0,1,1,0,0,1,0,0,1,baixo
1,10000.0,0,0.0,1,3,1,0,0,0,1,0,1,0,0,1,0,medio_alto
3,10000.0,0,0.0,15,4,1,0,1,0,1,0,1,1,1,0,0,baixo
1,10000.0,6,0.6666666666666666,12,4,1,0,0,0,1,1,0,1,0,1,0,baixo
2,10000.0,3,1.0,19,3,1,0,0,0,1,0,1,1,0,0,0,medio_alto
3,10000.0,93,0.7526881720430108,2,2,1,0,0,0,0,0,0,1,0,0,1,medio_alto
8,10000.0,17,0.23529411764705882,8,4,1,0,0,0,0,0,0,0,0,0,1,alto
1,0.0,0,0.0,6,3,1,0,0,0,1,1,0,0,0,0,0,gratuito
4,350000.0,747,0.6050870147255689,10,3,1,0,0,0,1,1,1,0,0,0,0,medio_alto
4,10000.0,0,0.0,1,4,1,1,0,0,1,0,1,1,1,0,0,alto
3,10000.0,0,0.0,9,4,1,0,1,0,1,0,0,1,0,1,1,alto
1,10000.0,21,0.8571428571428571,1,4,1,0,0,0,1,1,1,1,0,0,0,medio_alto
5,35000.0,4,1.0,2,2,1,0,0,0,1,0,0,0,0,1,0,baixo
1,0.0,0,0.0,0,0,1,0,0,0,0,0,0,0,0,0,0,gratuito
8,10000.0,2,0.5,1,2,1,0,0,0,0,0,1,1,0,0,0,medio_alto
4,10000.0,3,0.6666666666666666,1,1,1,0,0,0,0,0,0,0,0,1,0,medio_baixo
1,10000.0,15,0.8666666666666667,7,1,1,0,0,0,0,0,1,0,0,0,0,medio_alto
1,0.0,0,0.0,103,1,1,0,0,0,0,1,0,0,0,0,0,medio_baixo
3,10000.0,21,0.7142857142857143,1,5,1,0,0,0,1,0,0,1,1,1,1,medio_alto
7,35000.0,6,0.6666666666666666,2,2,1,0,0,0,1,0,0,1,0,0,0,baixo
6,10000.0,3,0.3333333333333333,1,3,1,0,0,0,1,1,1,0,0,0,0,medio_baixo
3,0.0,0,0.0,7,6,1,1,1,0,1,1,1,1,1,0,0,gratuito
2,10000.0,374,0.9064171122994652,11,3,1,1,1,0,1,0,1,0,1,0,0,alto
10,10000.0,35,0.8857142857142857,3,1,1,0,0,0,0,0,0,0,0,1,0,baixo
6,10000.0,3,0.6666666666666666,1,2,1,0,0,0,0,1,0,0,1,0,0,alto
1,10000.0,0,0.0,1,2,1,1,1,0,1,0,0,1,0,0,0,medio_baixo
6,75000.0,651,0.4869431643625192,11,3,1,0,0,2,0,1,0,0,1,0,1,alto
4,10000.0,1412,0.6069405099150141,1,1,1,0,0,0,0,0,0,1,0,0,0,gratuito
5,75000.0,357,0.7030812324929971,3,3,1,0,0,0,1,0,0,0,0,1,1,alto
2,0.0,0,0.0,2,7,1,0,0,1,1,1,1,1,1,0,1,gratuito
10,150000.0,193,0.6994818652849741,3,1,1,0,0,0,0,0,0,1,0,0,0,medio_baixo
5,350000.0,4042,0.8292924294903513,12,2,1,0,0,2,0,1,1,0,0,0,0,medio_alto
1,0.0,0,0.0,1,3,1,0,0,0,0,1,0,0,0,0,0,gratuito
7,10000.0,2,0.0,1,3,1,0,0,0,1,0,0,1,1,0,0,medio_baixo
4,75000.0,6,0.3333333333333333,1,4,1,0,0,0,0,1,0,0,0,1,0,gratuito
4,10000.0,2,1.0,1,2,1,0,0,0,1,0,1,0,0,0,0,medio_alto
1,10000.0,1,1.0,1,3,1,0,0,0,1,1,1,0,0,0,0,baixo
6,10000.0,22,0.9090909090909091,1,3,1,1,0,0,0,0,1,0,1,0,0,gratuito
1,0.0,0,0.0,6,3,1,1,0,0,1,0,1,0,0,0,0,gratuito
2,10000.0,348,0.8362068965517241,15,3,1,0,0,0,1,0,0,1,0,1,0,medio_baixo
6,10000.0,2,0.5,5,1,1,1,0,0,0,0,0,0,0,0,0,medio_baixo
4,10000.0,2,0.5,1,1,1,0,0,0,0,1,0,0,0,0,0,alto
8,10000.0,29,0.7586206896551724,9,2,1,0,0,0,1,0,1,0,0,0,0,medio_alto
2,10000.0,1,1.0,6,1,1,0,0,0,1,0,0,0,0,0,0,medio_baixo
2,10000.0,39,0.8974358974358975,1,5,1,1,1,0,1,0,1,0,1,1,0,alto
1,10000.0,2,0.5,4,3,1,0,0,0,0,1,1,0,0,0,0,alto
11,10000.0,46,0.8043478260869565,1,2,1,0,0,0,1,1,0,0,0,0,0,gratuito
16,350000.0,3802,0.8790110468174644,5,1,1,0,0,0,0,0,0,0,0,0,0,medio_alto
10,35000.0,31,0.45161290322580644,1,1,1,1,0,0,0,0,0,0,0,1,0,alto
2,0.0,0,0.0,1,3,1,0,0,0,1,1,0,1,0,0,0,gratuito
9,150000.0,380,0.39210526315789473,1,3,1,0,0,46,1,0,0,1,0,0,0,gratuito
8,10000.0,1,1.0,1,2,1,1,0,0,1,1,0,0,0,0,0,baixo
7,10000.0,2,1.0,1,4,1,1,0,0,1,0,0,1,0,1,1,alto
5,10000.0,4,0.75,1,2,1,0,0,0,1,1,0,0,0,0,0,alto
2,10000.0,0,0.0,1,2,1,0,0,0,1,0,0,0,1,0,0,medio_alto
7,10000.0,0,0.0,3,2,1,0,0,0,1,1,0,0,0,0,0,medio_alto
6,10000.0,25,0.72,11,2,1,0,0,0,0,1,0,0,0,0,1,alto
8,10000.0,16,0.125,1,4,1,0,0,0,1,0,0,1,0,1,1,medio_baixo
1,0.0,0,0.0,1,3,1,0,0,0,1,0,0,0,0,1,0,gratuito
3,10000.0,1,1.0,1,2,1,1,0,0,0,1,1,0,0,0,0,baixo
1,10000.0,0,0.0,10,5,1,0,0,1,1,0,1,0,1,1,1,alto
3,0.0,0,0.0,1,2,1,0,0,0,1,0,1,0,0,0,0,gratuito
8,10000.0,73,0.8904109589041096,1,4,1,0,0,0,1,0,1,1,1,0,0,baixo
3,75000.0,2167,0.9289340101522843,1,3,1,0,0,0,1,1,0,1,0,0,0,medio_alto
2,10000.0,12,0.4166666666666667,1,5,1,0,0,0,0,1,0,1,1,1,0,medio_baixo
3,10000.0,2,0.5,3,3,1,0,0,0,1,0,1,0,1,0,0,baixo
1,10000.0,143,0.8741258741258742,5,4,1,0,0,0,0,0,0,0,1,1,1,alto
2,10000.0,37,0.918918918918919,1,2,1,0,0,0,0,1,1,0,0,0,0,baixo
6,10000.0,26,0.4230769230769231,1,6,1,1,1,0,1,0,0,1,1,0,1,alto
3,0.0,0,0.0,0,2,1,0,0,0,0,1,0,0,0,0,0,gratuito
2,0.0,0,0.0,2,5,1,0,0,0,1,0,1,0,1,0,0,gratuito
5,0.0,0,0.0,0,0,1,0,0,0,0,0,0,0,0,0,0,gratuito
1,10000.0,0,0.0,10,2,1,0,0,3,0,1,1,0,0,0,0,alto
8,10000.0,79,0.9493670886075949,1,2,1,0,0,0,1,0,1,0,0,0,0,baixo
3,10000.0,0,0.0,1,1,1,1,1,0,0,0,0,1,0,0,0,alto
3,10000.0,35,0.6,3,5,1,0,0,0,1,1,1,0,1,0,0,medio_alto
5,0.0,0,0.0,0,0,1,0,0,0,0,0,0,0,0,0,0,gratuito
12,10000.0,169,0.3727810650887574,1,3,1,0,0,0,1,0,1,0,0,0,0,alto
1,10000.0,0,0.0,13,2,1,0,0,0,1,0,0,0,0,1,0,medio_alto
5,10000.0,14,0.9285714285714286,1,6,1,1,1,0,1,1,0,1,1,1,0,alto
11,35000.0,195,0.7743589743589744,2,2,1,0,0,0,1,0,0,0,1,0,0,medio_alto
6,10000.0,5,0.6,103,5,1,0,0,0,1,0,1,1,0,1,1,baixo
1,0.0,0,0.0,0,0,1,0,0,0,0,0,0,0,0,0,0,gratuito
12,350000.0,884,0.6934389140271493,1,1,1,0,0,1,0,0,0,0,1,0,0,baixo
1,10000.0,0,0.0,1,3,1,0,0,0,1,0,1,0,0,0,0,alto
8,10000.0,2,0.5,1,5,1,0,1,0,1,1,1,0,1,0,0,alto
15,75000.0,428,0.8271028037383178,1,1,1,0,0,0,0,0,1,0,0,0,0,gratuito
9,10000.0,2,0.5,1,4,1,0,0,0,1,0,1,1,0,0,0,medio_baixo
5,75000.0,1055,0.8654028436018958,7,3,1,0,0,3,1,0,0,1,0,0,1,medio_baixo
1,0.0,0,0.0,1,2,1,0,0,0,0,1,0,0,0,0,0,gratuito
4,750000.0,8616,0.9823584029712163,12,2,1,1,1,3,1,0,1,0,0,0,0,alto
2,10000.0,0,0.0,25,1,1,0,0,0,1,0,0,0,0,0,0,medio_baixo
3,10000.0,0,0.0,1,4,1,0,1,0,1,0,1,1,0,0,1,medio_baixo
1,10000.0,19,0.8421052631578947,1,3,1,0,0,0,1,0,1,0,1,0,0,medio_alto
6,10000.0,15,0.7333333333333333,1,2,1,0,0,0,1,0,0,1,0,0,0,gratuito
4,10000.0,77,0.8701298701298701,5,4,1,0,0,0,1,0,0,1,0,1,1,medio_baixo
1,0.0,0,0.0,1,5,1,0,0,0,1,0,0,1,1,0,0,gratuito
2,35000.0,3,1.0,1,3,1,1,0,0,1,0,0,1,0,1,0,medio_alto
5,10000.0,7,0.8571428571428571,1,3,1,0,0,0,1,1,1,0,0,0,0,medio_baixo
8,35000.0,401,0.6359102244389028,3,3,1,0,0,1,1,0,1,0,0,0,1,baixo
5,35000.0,73,0.863013698630137,3,3,1,0,0,1,1,1,1,0,0,0,0,medio_baixo
2,35000.0,402,0.8482587064676617,11,3,1,1,1,0,0,0,0,1,1,1,0,medio_alto
4,10000.0,30,0.8333333333333334,2,3,1,0,0,0,1,1,0,1,0,0,0,medio_baixo
7,10000.0,78,0.6153846153846154,3,4,1,0,0,0,1,0,0,0,1,1,1,alto
2,10000.0,0,0.0,2,2,1,0,0,2,0,0,1,0,0,0,0,gratuito
4,35000.0,41,0.6585365853658537,1,2,1,0,0,0,1,0,1,0,0,0,0,baixo
2,10000.0,1,1.0,1,3,1,0,0,0,1,0,0,1,0,1,0,baixo
1,0.0,0,0.0,14,2,1,0,0,0,1,1,0,0,0,0,0,medio_baixo
1,10000.0,0,0.0,1,1,1,0,0,0,0,0,0,0,0,1,0,medio_baixo
2,10000.0,22,1.0,10,3,1,0,0,0,1,1,0,1,0,0,0,medio_baixo
2,0.0,0,0.0,103,3,1,0,0,1,1,1,0,1,0,0,0,medio_alto
5,0.0,0,0.0,1,6,1,1,0,1,1,1,1,1,1,0,0,gratuito
3,10000.0,62,0.9516129032258065,2,1,1,0,0,0,0,0,1,0,0,0,0,baixo
7,10000.0,3,0.3333333333333333,2,5,1,0,1,0,1,0,1,1,1,0,1,medio_baixo
1,0.0,0,0.0,0,0,1,0,0,0,0,0,0,0,0,0,0,gratuito
1,10000.0,16,1.0,2,2,1,0,0,0,1,1,0,0,0,0,0,medio_baixo
4,75000.0,85,0.8352941176470589,1,3,1,0,0,0,1,1,0,1,0,0,0,baixo
1,0.0,0,0.0,0,0,1,0,0,0,0,0,0,0,0,0,0,gratuito
1,10000.0,0,0.0,8,4,1,0,0,0,1,1,1,0,0,0,0,alto
3,10000.0,29,0.8275862068965517,1,3,1,0,0,0,1,1,0,1,0,0,0,baixo
1,0.0,0,0.0,0,0,1,0,0,0,0,0,0,0,0,0,0,gratuito
1,10000.0,0,0.0,6,3,1,0,0,0,0,0,0,1,1,0,1,alto
4,0.0,0,0.0,0,0,1,0,0,0,0,0,0,0,0,0,0,gratuito
1,0.0,0,0.0,1,2,0,0,1,0,0,0,0,0,0,0,0,medio_alto
8,10000.0,1,1.0,6,3,1,0,0,0,1,1,0,1,0,0,0,medio_alto
5,35000.0,3,0.6666666666666666,1,5,1,0,0,0,1,0,1,0,0,1,1,alto
7,10000.0,26,0.7307692307692307,3,2,1,0,0,0,0,0,0,1,0,0,1,alto
3,10000.0,9,1.0,1,3,1,0,0,0,1,0,1,1,0,0,0,medio_alto
1,10000.0,3,1.0,1,3,1,0,0,0,1,1,0,0,0,0,0,gratuito
10,35000.0,176,0.5340909090909091,1,2,1,1,0,1,1,0,1,0,0,0,0,gratuito
10,10000.0,4,0.5,1,4,1,0,0,0,1,0,0,0,0,1,1,baixo
7,10000.0,45,0.6888888888888889,8,3,1,0,0,0,0,0,0,0,0,1,0,medio_alto
3,10000.0,62,0.9516129032258065,2,2,1,0,0,0,1,0,0,1,0,0,0,baixo
3,10000.0,26,0.9615384615384616,1,3,1,0,0,0,1,0,0,1,0,1,0,baixo
11,10000.0,88,0.6931818181818182,1,4,1,0,0,0,1,1,0,1,0,0,1,baixo
1,10000.0,0,0.0,31,3,1,1,0,0,1,0,1,1,0,0,0,medio_alto
3,10000.0,10,0.8,6,1,1,0,0,0,0,1,0,0,0,0,0,baixo
2,10000.0,13,0.9230769230769231,1,4,1,0,0,0,1,1,1,1,0,0,0,baixo
5,10000.0,0,0.0,1,3,1,0,0,0,1,0,1,1,0,0,0,baixo
2,0.0,0,0.0,1,3,1,0,0,0,1,1,0,0,0,0,0,gratuito
1,10000.0,0,0.0,30,3,1,0,0,0,1,0,1,1,0,0,0,medio_baixo
9,10000.0,9,0.7777777777777778,1,3,1,0,0,0,1,1,1,0,0,0,0,baixo
9,10000.0,21,0.5714285714285714,1,2,1,0,0,0,0,0,0,0,0,0,0,gratuito
5,10000.0,6,0.5,1,2,1,0,0,0,1,0,1,0,0,0,0,alto
1,0.0,0,0.0,12,4,1,1,0,0,1,0,0,1,0,0,1,gratuito
17,150000.0,648,0.720679012345679,7,1,1,0,0,0,0,0,0,0,0,1,0,baixo
5,0.0,0,0.0,0,0,1,0,0,0,0,0,0,0,0,0,0,gratuito
2,10000.0,0,0.0,1,5,1,0,0,0,1,1,1,1,0,0,0,medio_alto
1,0.0,0,0.0,1,4,1,0,0,0,0,0,0,1,0,0,1,gratuito
2,10000.0,16,0.5,6,5,1,0,0,0,1,0,1,1,1,1,0,baixo
2,0.0,0,0.0,0,0,1,0,0,0,0,0,0,0,0,0,0,gratuito
2,10000.0,11,1.0,1,3,1,0,0,0,1,0,0,0,1,0,0,alto
8,10000.0,7,0.8571428571428571,1,6,1,0,0,0,1,1,0,1,0,1,1,alto
10,35000.0,39,0.8974358974358975,1,1,1,1,0,0,0,1,0,0,0,0,0,baixo
9,10000.0,49,0.8163265306122449,3,5,1,0,0,20,0,0,0,0,0,0,0,alto
1,0.0,0,0.0,6,2,1,0,0,0,1,0,1,0,0,0,0,alto
9,10000.0,7,1.0,1,3,1,0,0,0,1,1,0,0,0,0,0,alto
10,10000.0,205,0.8878048780487805,1,4,1,0,0,0,1,1,0,1,0,1,0,alto
1,10000.0,0,0.0,1,4,1,0,1,0,1,1,1,0,0,0,0,medio_baixo
3,10000.0,2,0.5,1,2,1,0,0,0,1,0,0,1,0,0,0,medio_baixo
1,0.0,0,0.0,7,4,1,0,0,0,1,1,0,1,0,0,0,baixo
6,35000.0,78,1.0,1,1,1,1,1,0,0,0,0,1,0,0,0,baixo
3,35000.0,122,0.36065573770491804,1,5,1,0,0,0,1,0,0,1,1,0,1,gratuito
1,10000.0,20,0.85,6,4,1,0,0,0,1,0,0,1,0,1,1,medio_baixo
7,10000.0,37,0.8378378378378378,7,2,1,1,0,0,1,1,0,0,0,0,0,medio_baixo
2,10000.0,4,1.0,1,2,1,0,0,0,1,0,0,1,0,0,0,medio_alto
4,10000.0,14,0.5714285714285714,1,1,1,0,0,0,0,1,0,0,0,0,0,baixo
10,350000.0,425,0.8682352941176471,1,2,1,0,0,0,1,0,1,0,0,0,0,baixo
9,10000.0,41,0.7804878048780488,6,3,1,0,0,0,1,1,0,0,0,0,0,gratuito
4,0.0,0,0.0,0,0,1,0,0,0,0,0,0,0,0,0,0,gratuito
10,75000.0,53,0.4716981132075472,3,1,1,0,0,3,0,0,1,0,0,0,0,baixo
6,35000.0,27,0.5555555555555556,2,2,1,0,0,0,1,0,1,0,0,0,0,medio_baixo
3,10000.0,28,0.7857142857142857,4,4,1,0,0,0,1,0,1,1,0,0,0,alto
4,35000.0,22,0.7272727272727273,1,5,1,0,0,2,1,1,1,0,0,1,0,gratuito
9,150000.0,50,0.84,2,4,1,0,0,0,0,0,1,0,1,1,1,medio_baixo
5,0.0,0,0.0,1,1,1,0,0,0,0,0,0,0,0,0,0,gratuito
1,10000.0,1,1.0,1,3,1,0,0,0,0,0,1,1,0,1,0,medio_baixo
1,10000.0,0,0.0,1,1,1,0,0,0,1,0,0,0,0,0,0,medio_alto
2,10000.0,23,0.8695652173913043,7,3,1,0,0,0,1,0,0,1,0,0,1,medio_baixo
2,10000.0,15,1.0,1,4,1,1,0,0,1,1,1,1,0,0,0,medio_baixo
2,0.0,0,0.0,0,0,1,0,0,0,0,0,0,0,0,0,0,gratuito
5,10000.0,2,0.5,1,3,1,1,0,0,1,0,1,0,1,0,0,medio_baixo
2,10000.0,6,1.0,1,3,1,0,0,0,1,1,0,0,1,0,0,medio_baixo
5,10000.0,37,0.5675675675675675,2,3,1,1,1,1,1,0,0,0,0,1,1,alto
1,10000.0,0,0.0,12,3,1,0,0,0,1,0,0,0,0,0,1,alto
8,10000.0,176,0.6704545454545454,1,4,1,0,0,0,1,1,0,0,0,0,0,medio_baixo
9,10000.0,21,0.7619047619047619,9,1,1,0,0,0,1,0,0,0,0,0,0,baixo
1,10000.0,1,0.0,14,2,1,0,0,0,1,0,0,0,0,1,0,medio_baixo
1,0.0,0,0.0,0,0,1,0,0,0,0,0,0,0,0,0,0,gratuito
4,10000.0,49,0.7142857142857143,1,2,1,0,0,0,1,0,1,0,0,0,0,medio_alto
10,10000.0,16,0.375,5,2,1,0,0,0,0,0,0,1,0,0,0,medio_alto
7,10000.0,16,0.8125,1,3,1,0,0,0,1,0,0,1,0,1,0,medio_alto
4,10000.0,18,0.6111111111111112,1,2,1,0,1,0,1,1,0,0,0,0,0,gratuito
1,10000.0,0,0.0,6,4,1,0,0,0,1,1,1,0,0,0,0,alto
1,10000.0,0,0.0,1,6,1,0,0,0,1,1,1,1,1,1,0,medio_baixo
10,35000.0,310,0.7967741935483871,1,3,1,0,0,0,1,0,1,0,1,0,0,medio_baixo
6,35000.0,54,0.5740740740740741,1,1,1,0,0,0,1,0,0,0,0,0,0,medio_baixo
3,10000.0,2,1.0,1,1,1,0,0,0,0,1,0,0,0,0,0,medio_baixo
2,10000.0,0,0.0,1,1,1,0,0,0,0,0,0,1,0,0,0,medio_alto
2,10000.0,25,0.68,4,3,1,0,0,0,1,0,1,0,1,0,0,medio_baixo
11,10000.0,9,0.3333333333333333,1,2,1,1,0,0,1,0,0,1,0,0,0,medio_alto
2,10000.0,15,0.26666666666666666,1,5,1,0,0,0,1,0,0,1,1,1,1,baixo
1,10000.0,5,0.8,2,2,1,0,0,0,1,0,1,0,0,0,0,medio_baixo
5,0.0,0,0.0,0,0,1,0,0,0,0,0,0,0,0,0,0,gratuito
1,0.0,0,0.0,0,0,1,0,0,0,0,0,0,0,0,0,0,gratuito
3,10000.0,0,0.0,3,3,1,0,0,0,0,0,1,0,1,0,1,alto
4,75000.0,494,0.97165991902834,1,3,1,1,1,1,1,0,1,0,1,0,0,medio_alto
9,350000.0,1288,0.639751552795031,1,3,1,0,0,1,0,0,0,0,1,0,0,gratuito
2,10000.0,150,0.8733333333333333,8,3,1,0,0,1,1,1,1,0,0,0,0,alto
6,75000.0,3130,0.9440894568690096,1,2,1,0,0,0,1,0,1,0,0,0,0,baixo
5,10000.0,60,0.9833333333333333,29,2,1,0,0,0,1,0,0,1,0,0,0,baixo
1,0.0,0,0.0,13,5,1,0,0,0,1,0,0,1,0,1,1,medio_baixo
10,10000.0,6,0.8333333333333334,1,2,1,1,1,1,1,1,0,0,0,0,0,medio_alto
5,10000.0,0,0.0,1,3,1,0,0,0,0,1,1,1,0,0,0,baixo
2,10000.0,0,0.0,8,1,1,0,0,1,0,0,0,1,0,0,0,medio_baixo
4,35000.0,232,0.9008620689655172,2,3,1,1,0,0,1,0,1,0,1,0,0,medio_baixo
6,10000.0,72,0.625,1,3,1,1,1,0,1,1,1,0,0,0,0,baixo
1,10000.0,21,0.9523809523809523,1,2,1,0,0,0,1,0,1,0,0,0,0,baixo
1,0.0,0,0.0,1,4,1,0,0,0,1,1,1,1,0,0,0,alto
8,10000.0,19,0.5263157894736842,2,2,1,1,0,0,1,1,0,0,0,0,0,medio_alto
8,10000.0,31,0.2903225806451613,1,4,1,0,0,0,1,1,1,0,0,0,0,medio_baixo
1,0.0,0,0.0,103,2,1,0,0,0,1,0,0,1,0,0,0,medio_baixo
2,10000.0,75,0.9333333333333333,5,4,1,0,0,0,1,0,0,1,0,1,1,medio_alto
1,10000.0,449,0.6792873051224945,12,4,1,0,0,0,1,1,1,0,0,0,0,medio_baixo
2,10000.0,2,1.0,2,3,1,0,0,0,1,1,0,1,0,0,0,medio_baixo
11,350000.0,1935,0.7627906976744186,10,2,1,1,1,0,1,0,1,0,0,0,0,baixo
5,35000.0,7,0.8571428571428571,1,4,1,0,0,0,1,1,0,1,0,1,0,baixo
2,10000.0,0,0.0,30,3,1,0,0,0,1,0,0,1,0,0,1,medio_alto
7,10000.0,9,0.3333333333333333,1,3,1,0,0,0,1,1,1,0,0,0,0,baixo
7,10000.0,236,0.8559322033898306,103,3,1,0,0,0,1,0,0,1,0,1,0,baixo
8,10000.0,0,0.0,1,3,1,0,0,0,1,0,0,1,0,1,0,baixo
8,10000.0,19,0.631578947368421,5,3,1,0,0,0,1,0,1,0,0,0,0,medio_alto
3,10000.0,0,0.0,1,7,1,0,0,9,1,1,1,0,0,1,1,gratuito
3,0.0,0,0.0,0,0,1,0,0,0,0,0,0,0,0,0,0,gratuito
3,10000.0,2,0.5,2,3,1,0,0,0,1,0,0,1,0,0,0,medio_baixo
2,35000.0,3,1.0,1,2,1,0,0,0,1,1,0,0,0,0,0,baixo
3,10000.0,3,1.0,19,6,1,0,1,0,1,1,1,1,0,1,0,medio_baixo
2,10000.0,11,0.9090909090909091,10,2,1,0,0,0,0,0,0,1,0,0,1,medio_baixo
7,10000.0,7,1.0,1,2,1,1,0,0,1,0,0,0,0,1,0,medio_baixo
5,10000.0,4,1.0,1,2,1,1,1,0,1,0,1,0,0,0,0,medio_alto
7,10000.0,224,0.8348214285714286,2,3,1,0,0,1,1,0,1,0,1,0,0,medio_alto
3,10000.0,137,0.7226277372262774,9,5,1,0,0,0,1,0,0,1,0,0,0,medio_baixo
2,10000.0,27,0.9629629629629629,1,2,1,0,0,0,1,0,0,1,0,0,0,medio_alto
2,10000.0,20,0.85,1,2,1,1,0,0,1,0,0,0,0,1,0,medio_alto
9,35000.0,144,0.5416666666666666,1,3,1,0,0,0,1,1,0,1,0,0,0,baixo
4,10000.0,14,1.0,2,2,1,0,0,1,1,1,0,0,0,0,0,medio_alto
4,10000.0,0,0.0,2,4,1,0,1,1,1,0,0,1,0,0,1,medio_baixo
9,10000.0,79,0.4810126582278481,1,3,1,0,0,0,0,1,0,1,0,0,1,baixo
4,10000.0,39,0.8205128205128205,1,4,1,0,0,0,1,0,1,1,0,0,1,baixo
4,10000.0,7,0.7142857142857143,2,4,1,0,0,0,1,1,1,0,1,0,0,alto
2,75000.0,2,1.0,1,5,1,0,0,0,1,1,1,0,0,0,1,alto
6,10000.0,134,0.6492537313432836,9,3,1,0,0,0,1,1,1,0,0,0,0,medio_baixo
7,10000.0,18,0.6111111111111112,1,1,1,0,0,0,0,0,0,0,0,1,0,baixo
4,10000.0,8,1.0,2,2,1,0,0,1,1,1,0,0,0,0,0,medio_baixo
3,10000.0,0,0.0,1,4,1,0,0,0,0,1,1,1,0,1,0,medio_baixo
1,10000.0,0,0.0,11,6,1,0,0,0,1,1,1,1,0,1,1,medio_alto
4,10000.0,16,0.5,2,4,1,0,0,0,1,1,1,1,0,0,0,medio_baixo
7,350000.0,2059,0.8678970373967946,6,2,1,1,1,1,0,0,1,0,1,0,0,medio_baixo
5,35000.0,23,0.43478260869565216,1,2,1,0,0,0,0,0,1,1,0,0,0,medio_alto
5,10000.0,17,0.8823529411764706,1,5,1,0,1,0,1,1,1,1,0,0,1,medio_baixo
1,10000.0,0,0.0,1,5,1,0,0,1,1,0,0,1,1,1,0,medio_alto
1,75000.0,2244,0.9665775401069518,1,2,1,0,0,0,1,1,0,0,0,0,0,alto
4,10000.0,3,1.0,2,3,1,1,1,1,1,1,0,0,0,0,0,medio_baixo
11,35000.0,246,0.5813008130081301,1,4,1,1,1,0,1,0,0,1,0,1,1,medio_baixo
6,10000.0,9,0.8888888888888888,1,4,1,0,0,0,1,1,1,1,0,0,0,medio_alto
2,10000.0,2,0.5,2,2,1,0,0,0,1,0,1,0,0,0,0,medio_alto
6,10000.0,9,0.8888888888888888,1,2,1,1,1,0,1,1,0,0,0,0,0,gratuito
1,10000.0,0,0.0,5,1,1,0,0,0,0,1,0,0,0,0,0,alto
10,1500000.0,52883,0.903522871244067,13,4,1,0,0,30,0,1,1,1,0,0,0,medio_alto
4,10000.0,320,0.728125,13,3,1,0,0,0,1,1,1,0,0,0,0,alto
4,35000.0,29,0.896551724137931,1,4,1,0,0,2,0,1,1,0,0,1,1,medio_baixo
3,0.0,0,0.0,1,2,1,0,0,0,0,0,0,1,0,0,0,gratuito
9,10000.0,21,0.9523809523809523,1,3,1,1,0,0,1,1,1,0,0,0,0,gratuito
7,10000.0,70,0.7428571428571429,1,2,1,0,0,0,1,0,0,0,0,0,1,baixo
9,150000.0,1307,0.8454475899005356,2,1,1,0,0,0,0,0,1,0,0,0,0,medio_alto
8,150000.0,323,0.30959752321981426,1,7,1,0,0,0,1,1,1,1,1,0,1,medio_alto
4,0.0,0,0.0,2,3,1,0,0,0,0,0,0,0,0,1,1,gratuito
1,10000.0,12,0.6666666666666666,1,3,1,0,0,0,1,1,1,0,0,0,0,baixo
4,10000.0,23,0.8260869565217391,2,4,1,1,0,0,0,0,1,1,1,0,1,gratuito
11,75000.0,124,0.6048387096774194,1,5,1,0,0,0,1,1,1,1,0,1,0,medio_baixo
3,35000.0,327,0.8960244648318043,5,4,1,0,0,8,0,0,1,1,0,1,1,medio_alto
8,10000.0,54,0.4444444444444444,1,4,1,0,0,0,1,1,1,0,1,0,0,baixo
4,75000.0,1598,0.853566958698373,3,2,1,0,0,1,1,0,0,0,0,1,0,alto
1,10000.0,120,0.875,2,4,1,0,0,0,1,0,1,0,1,0,0,alto
4,35000.0,53,1.0,1,2,1,0,0,0,1,1,0,0,0,0,0,medio_baixo
5,0.0,0,0.0,0,0,1,0,0,0,0,0,0,0,0,0,0,gratuito
6,10000.0,42,0.9285714285714286,1,3,1,0,0,0,1,1,0,1,0,0,0,baixo
1,10000.0,0,0.0,18,3,1,1,0,0,0,0,1,1,1,0,0,alto
5,35000.0,77,0.8701298701298701,5,2,1,0,0,1,1,1,0,0,0,0,0,gratuito
9,10000.0,58,0.25862068965517243,1,3,1,0,0,0,0,0,0,0,0,1,1,alto
1,0.0,0,0.0,1,3,1,0,0,0,1,0,0,1,0,0,0,gratuito
3,0.0,0,0.0,1,6,1,0,0,0,0,0,1,0,1,1,0,gratuito
5,10000.0,83,0.8192771084337349,1,1,1,0,0,0,0,0,0,0,0,0,1,baixo
5,35000.0,81,0.8148148148148148,5,1,1,1,0,1,0,0,0,0,0,1,0,alto
1,10000.0,0,0.0,6,1,1,0,0,0,0,0,1,0,0,0,0,medio_baixo
6,10000.0,102,0.9117647058823529,13,2,1,0,0,4,1,0,0,1,0,0,0,baixo
1,0.0,0,0.0,1,4,1,1,1,1,1,0,0,1,0,0,1,gratuito
1,10000.0,5,0.6,1,3,1,1,1,0,0,0,0,1,1,1,0,medio_alto
2,10000.0,2,1.0,2,5,1,1,0,0,1,1,1,1,0,0,1,medio_baixo
6,10000.0,190,0.7894736842105263,4,5,1,0,0,0,1,1,1,1,0,0,1,alto
4,10000.0,0,0.0,14,1,1,0,0,1,0,1,0,0,0,0,0,alto
1,0.0,0,0.0,2,2,1,0,0,0,0,0,0,0,1,0,1,alto
4,35000.0,16,0.875,1,2,1,0,0,0,0,0,1,1,0,0,0,medio_alto
2,10000.0,0,0.0,1,2,1,0,0,0,1,0,0,0,0,0,0,gratuito
1,0.0,0,0.0,30,3,1,0,0,0,1,1,0,1,0,0,0,baixo
4,10000.0,0,0.0,1,2,1,0,1,1,1,0,0,1,0,0,0,baixo
7,75000.0,557,0.7827648114901257,5,2,1,1,0,0,0,1,1,0,0,0,0,baixo
4,10000.0,6,0.6666666666666666,1,4,1,0,0,0,1,1,0,1,0,1,0,medio_alto
3,10000.0,7,0.8571428571428571,1,4,1,0,0,0,1,0,0,1,0,1,1,baixo
1,10000.0,0,0.0,6,5,1,0,0,0,0,1,1,1,1,0,1,alto
5,0.0,0,0.0,1,3,1,1,1,0,1,0,0,1,0,1,0,gratuito
9,10000.0,29,0.5862068965517241,7,1,1,0,0,0,0,1,0,0,0,0,0,baixo
2,10000.0,1,1.0,2,4,1,0,0,2,0,0,1,0,1,1,1,alto
4,35000.0,43,0.7441860465116279,13,4,1,0,0,1,1,1,0,0,0,0,0,gratuito
3,0.0,0,0.0,2,1,1,0,0,0,0,0,0,1,0,0,0,gratuito
10,10000.0,52,0.7115384615384616,1,2,1,0,0,0,1,0,1,0,0,0,0,medio_baixo
4,10000.0,53,0.5660377358490566,6,4,1,0,0,0,1,1,1,0,0,0,0,baixo
2,10000.0,2,1.0,6,3,1,0,0,0,1,0,0,0,0,0,1,baixo
3,10000.0,0,0.0,8,2,1,0,0,0,1,0,0,1,0,0,0,baixo
7,35000.0,458,0.8537117903930131,1,3,1,0,0,0,1,0,0,0,0,0,1,baixo
1,10000.0,0,0.0,1,3,1,1,0,0,0,1,1,0,0,0,1,medio_alto
12,10000.0,65,0.5384615384615384,4,5,1,1,0,0,1,1,0,1,0,0,1,baixo
4,10000.0,35,0.7428571428571429,1,3,1,0,0,0,1,0,1,0,0,0,0,gratuito
4,10000.0,18,0.8888888888888888,1,1,1,1,1,0,0,0,0,0,0,1,0,alto
2,10000.0,19,0.9473684210526315,2,1,1,0,0,0,0,0,0,1,0,0,0,baixo
1,10000.0,0,0.0,1,1,1,0,0,0,0,0,0,1,0,0,0,baixo
6,10000.0,40,0.925,1,4,1,0,0,0,1,0,1,1,1,0,0,baixo
13,350000.0,2688,0.8385416666666666,1,3,1,1,0,0,1,1,0,0,1,0,0,alto
3,10000.0,0,0.0,1,7,1,0,0,0,1,1,1,1,0,1,1,baixo
1,10000.0,0,0.0,1,2,1,0,0,0,1,0,1,0,0,0,0,medio_alto
8,10000.0,38,0.868421052631579,1,3,1,1,0,0,1,0,1,0,0,0,0,gratuito
3,10000.0,3,0.6666666666666666,1,4,1,0,0,0,0,0,1,1,0,0,1,medio_alto
1,10000.0,0,0.0,1,3,1,1,1,0,1,1,0,0,0,0,0,alto
3,10000.0,0,0.0,1,3,1,0,0,0,1,0,0,1,0,0,1,medio_alto
2,350000.0,1105,0.788235294117647,9,4,1,0,0,1,1,1,0,0,1,1,0,alto
1,350000.0,5432,0.9688880706921944,16,3,1,0,0,1,1,0,0,0,0,0,1,alto
1,10000.0,0,0.0,1,3,1,0,0,0,1,1,0,1,0,0,0,medio_alto
4,35000.0,18,0.9444444444444444,1,2,1,0,0,0,1,0,0,1,0,0,0,medio_baixo
2,35000.0,3,0.0,1,3,1,0,0,0,1,0,0,0,0,1,0,alto
2,10000.0,1,1.0,1,1,1,0,0,0,0,0,0,0,0,1,0,alto
3,10000.0,16,0.9375,26,4,1,0,0,0,1,1,0,0,0,1,1,baixo
7,10000.0,3,0.6666666666666666,3,1,1,0,0,0,0,0,0,0,0,0,1,alto
3,10000.0,41,1.0,3,2,1,0,1,0,1,1,0,0,0,0,0,baixo
6,10000.0,1,1.0,6,3,1,0,0,0,1,1,1,0,0,0,0,baixo
3,10000.0,10,0.7,1,3,1,0,0,0,1,0,0,1,0,0,1,baixo
1,0.0,0,0.0,103,2,1,0,0,0,1,0,0,1,0,0,0,baixo
2,10000.0,2,1.0,2,1,1,0,0,0,0,0,0,0,0,1,0,medio_alto
2,10000.0,0,0.0,9,3,1,0,0,0,1,0,1,1,0,0,0,baixo
1,10000.0,0,0.0,3,3,1,0,0,0,1,1,1,0,0,0,0,medio_alto
13,7500000.0,77144,0.8784610598361505,8,2,1,0,1,0,0,1,1,0,0,0,0,medio_baixo
16,75000.0,677,0.8774002954209749,1,1,1,0,0,0,0,0,0,0,0,1,0,medio_baixo
2,10000.0,1,1.0,1,3,1,0,0,0,1,1,0,1,0,0,0,alto
4,10000.0,3,1.0,1,2,1,0,0,0,0,1,0,1,0,0,0,baixo
5,0.0,0,0.0,0,0,1,0,0,0,0,0,0,0,0,0,0,gratuito
3,10000.0,6,0.8333333333333334,1,4,1,0,0,0,1,1,0,1,1,0,0,medio_baixo
11,35000.0,110,0.6272727272727273,1,2,1,1,1,0,1,0,1,0,0,0,0,baixo
2,10000.0,0,0.0,1,4,1,0,0,0,1,1,1,1,0,0,0,baixo
3,75000.0,2,1.0,1,3,1,1,1,0,1,1,1,0,0,0,0,medio_alto
3,10000.0,528,0.9488636363636364,6,4,1,0,0,0,1,0,0,1,1,1,0,medio_baixo
1,10000.0,0,0.0,1,4,1,0,0,0,1,0,0,1,1,1,0,alto
6,10000.0,4,0.5,2,2,1,0,0,0,1,0,0,0,0,1,0,medio_baixo
5,10000.0,13,0.5384615384615384,1,4,1,0,0,0,1,0,1,1,0,0,1,baixo
11,35000.0,47,0.5319148936170213,1,2,1,0,0,0,0,1,0,1,0,0,0,medio_baixo
7,10000.0,8,1.0,1,3,1,1,1,0,1,0,0,1,1,0,0,baixo
12,350000.0,859,0.8370197904540163,1,3,1,1,1,0,1,0,0,0,0,1,0,gratuito
11,150000.0,488,0.5307377049180327,11,4,1,0,0,10,0,1,0,0,1,0,0,gratuito
7,35000.0,20,0.5,1,4,1,0,0,0,1,0,0,1,1,1,0,baixo
5,10000.0,108,0.5462962962962963,5,5,1,0,0,0,1,1,0,1,0,1,1,alto
2,10000.0,0,0.0,2,1,1,0,0,0,0,0,0,0,1,0,0,alto
4,0.0,0,0.0,1,5,1,0,0,2,1,0,1,1,0,0,0,gratuito
2,10000.0,122,0.7622950819672131,18,2,1,0,0,0,0,1,1,0,0,0,0,alto
1,10000.0,0,0.0,1,3,1,0,0,0,1,1,0,0,1,0,0,medio_alto
2,10000.0,2,1.0,9,2,1,0,0,1,1,0,0,1,0,0,0,baixo
9,75000.0,139,0.7410071942446043,1,4,1,0,0,0,1,0,1,1,1,0,0,baixo
4,0.0,0,0.0,5,4,1,0,0,0,1,1,1,1,0,0,0,gratuito
8,10000.0,30,0.8,2,5,1,0,0,0,1,1,0,0,1,1,1,medio_alto
8,10000.0,7,0.7142857142857143,4,4,1,0,0,0,1,0,0,1,0,0,1,medio_alto
1,10000.0,0,0.0,13,5,1,0,0,0,1,0,0,1,0,1,1,medio_alto
7,10000.0,46,0.717391304347826,2,3,1,0,0,0,1,1,1,0,0,0,0,alto
6,150000.0,772,0.8290155440414507,1,4,1,1,0,0,1,0,1,1,0,0,0,gratuito
2,35000.0,7,0.42857142857142855,8,7,1,0,0,0,1,1,1,1,0,1,1,medio_alto
3,0.0,0,0.0,1,1,1,0,1,1,0,0,0,0,0,0,1,gratuito
4,10000.0,11,0.9090909090909091,2,5,1,0,0,0,1,1,1,0,1,0,0,baixo
7,10000.0,0,0.0,1,6,1,0,0,0,0,1,1,1,1,0,1,medio_baixo
1,10000.0,0,0.0,2,5,1,0,0,1,1,1,1,0,0,0,0,gratuito
3,10000.0,0,0.0,1,2,1,0,1,0,1,0,0,1,0,0,0,medio_baixo
8,35000.0,57,0.631578947368421,1,4,1,1,1,0,1,1,0,1,0,0,1,baixo
6,10000.0,9,0.2222222222222222,1,3,1,0,0,0,1,1,0,1,0,0,0,alto
1,0.0,0,0.0,1,4,1,0,0,0,1,1,0,1,0,0,0,gratuito
8,10000.0,20,0.45,2,3,1,0,0,0,1,1,0,1,0,0,0,gratuito
4,10000.0,3,1.0,4,2,1,0,0,0,1,0,0,1,0,0,0,medio_alto
6,10000.0,1,1.0,1,3,1,0,0,0,1,0,1,1,0,0,0,medio_baixo
1,10000.0,0,0.0,1,2,1,0,0,0,1,0,1,0,0,0,0,baixo
5,0.0,0,0.0,1,8,1,0,0,0,0,0,0,1,0,0,1,alto
4,1500000.0,34295,0.9028721387957428,8,3,1,0,0,0,0,1,0,1,0,1,0,medio_baixo
4,1500000.0,23401,0.9488483398145379,12,4,1,0,0,0,1,1,0,1,0,1,0,medio_alto
6,10000.0,19,0.7368421052631579,1,5,1,0,0,0,1,1,1,1,0,0,0,gratuito
10,10000.0,13,0.8461538461538461,1,3,1,0,0,1,1,1,0,1,0,0,0,medio_alto
2,0.0,0,0.0,4,4,1,0,0,0,1,1,1,0,0,0,0,gratuito
2,10000.0,47,0.8085106382978723,5,2,1,0,1,1,1,0,1,0,0,0,0,alto
3,0.0,0,0.0,0,0,1,0,0,0,0,0,0,0,0,0,0,gratuito
4,10000.0,2,0.0,1,2,1,0,0,0,0,1,1,0,0,0,0,medio_alto
7,150000.0,1237,0.6960388035569928,16,3,1,0,0,1,0,0,0,1,0,1,1,medio_baixo
4,0.0,0,0.0,1,1,1,0,0,0,0,0,0,1,0,0,0,gratuito
11,150000.0,961,0.8876170655567117,1,2,1,1,1,0,1,1,0,0,0,0,0,baixo
6,10000.0,1,0.0,1,4,1,0,0,0,1,0,1,1,0,1,0,alto
1,0.0,0,0.0,1,3,1,0,0,0,1,0,0,1,0,0,0,alto
2,10000.0,4,1.0,1,4,1,0,0,0,1,0,1,1,0,0,0,gratuito
7,150000.0,789,0.8314321926489227,2,2,1,0,0,0,1,0,0,0,1,0,0,medio_alto
9,35000.0,62,0.6612903225806451,2,4,1,1,1,0,1,0,1,0,1,1,0,medio_baixo
2,10000.0,3,1.0,3,1,1,0,0,0,0,0,1,0,0,0,0,medio_alto
1,0.0,0,0.0,1,5,1,1,1,2,1,1,1,0,1,0,0,gratuito
2,10000.0,0,0.0,1,4,1,0,0,0,1,1,1,0,0,0,0,medio_baixo
1,10000.0,231,0.8225108225108225,9,5,1,0,0,0,1,0,1,1,1,1,0,alto
1,0.0,0,0.0,1,4,1,0,0,0,1,0,1,1,0,0,0,gratuito
5,10000.0,15,0.4,27,3,1,0,0,6,1,0,1,0,0,0,1,medio_alto
2,10000.0,57,0.8245614035087719,11,3,1,1,0,0,1,0,0,1,0,0,1,medio_baixo
6,10000.0,3,0.6666666666666666,1,2,1,0,0,0,1,1,0,0,0,0,0,medio_alto
4,75000.0,316,0.8924050632911392,3,1,1,0,0,3,0,0,0,0,0,0,1,medio_baixo
1,0.0,0,0.0,4,4,1,1,1,2,1,0,1,1,0,0,0,gratuito
6,10000.0,7,0.5714285714285714,8,1,1,1,0,0,0,0,0,1,0,0,0,medio_baixo
1,10000.0,0,0.0,28,1,1,0,0,0,0,0,0,1,0,0,0,baixo
1,10000.0,0,0.0,1,2,1,0,0,0,0,0,1,0,1,0,0,medio_baixo
4,10000.0,2,0.5,2,2,1,0,0,0,0,0,0,0,0,0,1,alto
3,10000.0,1,1.0,1,3,1,0,0,0,0,1,1,0,0,0,0,alto
8,10000.0,23,0.08695652173913043,6,4,1,0,0,0,1,0,1,0,1,0,1,baixo
2,10000.0,94,0.8297872340425532,10,2,1,0,0,0,1,0,0,1,0,0,0,medio_baixo
9,10000.0,59,0.711864406779661,1,3,1,0,0,0,1,1,0,0,0,1,0,medio_baixo
9,10000.0,14,1.0,1,1,1,0,0,0,0,0,0,0,0,1,0,medio_baixo
3,10000.0,5,1.0,5,2,1,0,0,0,1,1,0,0,0,0,0,baixo
5,10000.0,12,1.0,2,4,1,0,0,0,1,0,0,1,0,1,1,baixo
3,10000.0,0,0.0,2,3,1,1,1,0,1,0,0,1,0,0,0,medio_alto
3,35000.0,473,0.7040169133192389,5,4,1,1,1,0,1,1,1,0,1,0,0,alto
10,10000.0,6,0.3333333333333333,1,4,1,0,0,0,1,1,0,0,0,0,1,alto
1,10000.0,0,0.0,1,4,1,0,1,0,0,0,0,1,0,1,1,medio_baixo
18,350000.0,2618,0.948051948051948,15,1,1,0,0,0,0,0,0,0,0,0,0,alto
8,150000.0,812,0.8115763546798029,103,3,1,0,0,2,1,0,0,1,0,0,0,gratuito
2,10000.0,25,0.92,1,1,1,1,1,1,0,0,0,1,0,0,0,alto
2,10000.0,33,0.9696969696969697,10,2,1,1,1,0,1,0,0,1,0,0,0,medio_baixo
6,35000.0,270,0.825925925925926,12,4,1,0,0,1,1,0,1,1,0,1,0,medio_alto
2,10000.0,7,0.7142857142857143,1,4,1,0,0,0,1,1,0,0,0,0,0,gratuito
1,10000.0,108,0.8796296296296297,1,5,1,0,0,0,1,0,1,1,0,0,1,baixo
1,10000.0,0,0.0,3,2,1,0,0,0,1,0,0,1,0,0,0,medio_alto
2,10000.0,2,0.5,1,2,1,0,0,0,0,1,1,0,0,0,0,alto
5,75000.0,6,0.0,1,2,1,0,0,0,0,1,0,1,0,0,0,alto
1,10000.0,0,0.0,3,1,1,0,0,0,1,0,0,0,0,0,0,medio_baixo
5,10000.0,3,1.0,1,3,1,1,0,0,1,1,1,0,0,0,0,medio_baixo
2,10000.0,4,1.0,1,1,1,0,0,0,1,0,0,0,0,0,0,medio_alto
5,10000.0,0,0.0,1,1,1,0,0,0,1,0,0,0,0,0,0,alto
7,750000.0,9702,0.6175015460729747,1,2,1,0,0,0,0,1,0,0,0,0,0,gratuito
5,10000.0,58,0.9137931034482759,1,2,1,0,0,1,0,0,1,0,1,0,0,alto
9,10000.0,1,0.0,1,2,1,0,0,0,0,1,0,0,0,0,0,medio_baixo
4,350000.0,8470,0.9573789846517119,8,1,1,0,0,3,0,1,0,0,0,0,0,medio_alto
10,10000.0,16,0.875,1,2,1,0,0,0,1,0,1,0,0,0,0,alto
4,10000.0,26,0.7692307692307693,2,2,1,0,0,0,0,0,1,0,0,0,0,medio_baixo
1,10000.0,3,1.0,28,3,1,0,0,0,0,1,0,0,0,1,0,alto
3,0.0,0,0.0,1,2,1,0,0,0,0,0,0,1,0,0,0,gratuito
10,10000.0,7,0.8571428571428571,1,4,1,1,0,0,1,1,0,1,0,0,0,baixo
1,10000.0,0,0.0,1,2,1,1,1,0,1,0,1,0,0,0,0,medio_alto
1,10000.0,29,1.0,1,3,1,0,0,0,1,0,1,0,1,0,0,medio_baixo
3,35000.0,68,0.9705882352941176,1,2,1,0,0,0,1,1,0,0,0,0,0,alto
1,10000.0,0,0.0,1,2,1,0,0,0,0,0,0,0,0,0,1,medio_baixo
6,1500000.0,11515,0.8072948328267477,10,2,1,0,0,0,0,1,0,0,0,0,0,medio_alto
13,75000.0,375,0.33866666666666667,1,2,1,1,1,0,1,0,0,1,0,0,0,medio_alto
1,0.0,0,0.0,9,2,1,0,0,0,1,0,0,1,0,0,0,medio_alto
4,0.0,0,0.0,0,0,1,0,0,0,0,0,0,0,0,0,0,gratuito
6,350000.0,2068,0.9047388781431335,9,1,1,0,0,0,0,1,0,0,0,0,0,alto
5,75000.0,1345,0.8327137546468402,7,6,1,0,0,0,1,1,0,0,1,1,1,alto
2,0.0,0,0.0,2,4,1,0,0,0,1,1,0,1,0,0,0,gratuito
6,10000.0,17,0.35294117647058826,1,3,1,0,0,0,1,1,1,0,0,0,0,medio_baixo
5,10000.0,5,0.2,1,2,1,0,0,0,0,0,0,0,0,1,1,medio_alto
11,750000.0,12106,0.9428382620188336,3,2,1,0,0,21,0,0,0,0,1,1,0,medio_alto
8,10000.0,85,0.5529411764705883,1,2,1,0,0,0,1,0,1,0,0,0,0,baixo
1,10000.0,0,0.0,1,2,1,0,0,0,1,0,0,1,0,0,0,baixo
1,10000.0,0,0.0,29,4,1,0,0,0,1,0,0,1,0,1,0,medio_baixo
2,0.0,0,0.0,30,3,1,0,0,0,1,0,0,1,0,0,1,medio_baixo
2,10000.0,4,1.0,1,3,1,0,0,0,1,1,0,1,0,0,0,medio_baixo
1,0.0,0,0.0,0,0,1,0,0,0,0,0,0,0,0,0,0,gratuito
8,10000.0,3,1.0,2,1,1,0,0,0,1,0,0,0,0,0,0,medio_baixo
1,10000.0,0,0.0,3,3,1,0,0,0,1,0,0,0,1,1,0,baixo
7,10000.0,8,0.375,1,2,1,0,0,0,1,0,0,1,0,0,0,baixo
6,10000.0,11,0.6363636363636364,2,5,1,0,0,0,1,1,1,0,1,0,0,alto
5,10000.0,10,0.8,14,1,1,1,0,0,0,1,0,0,0,0,0,alto
1,0.0,0,0.0,0,0,1,0,0,0,0,0,0,0,0,0,0,gratuito
1,10000.0,74,0.8378378378378378,1,1,1,0,0,0,1,0,0,0,0,0,0,medio_alto
9,10000.0,39,0.9487179487179487,5,2,1,0,0,0,1,0,0,0,0,1,0,alto
2,10000.0,14,0.35714285714285715,1,3,1,0,0,0,1,0,0,1,0,0,1,medio_alto
9,10000.0,59,0.7796610169491526,2,2,1,0,0,0,1,1,0,0,0,0,0,alto
3,10000.0,12,0.9166666666666666,2,1,1,0,0,4,0,0,0,1,0,0,0,baixo
5,10000.0,17,0.7647058823529411,3,1,1,0,0,0,0,0,0,1,0,0,0,medio_alto
1,0.0,0,0.0,0,0,1,0,0,0,0,0,0,0,0,0,0,gratuito
7,10000.0,36,0.9722222222222222,7,2,1,0,0,0,0,0,0,1,0,1,0,medio_alto
10,10000.0,12,0.9166666666666666,13,4,1,0,0,0,1,1,0,1,0,1,0,medio_alto
1,0.0,0,0.0,0,0,1,0,0,0,0,0,0,0,0,0,0,gratuito
3,10000.0,6,0.6666666666666666,1,4,1,0,1,1,1,1,1,1,0,0,0,baixo
6,10000.0,433,0.4503464203233256,5,1,1,0,0,0,0,0,0,0,0,0,0,alto
1,0.0,0,0.0,0,0,1,0,0,0,0,0,0,0,0,0,0,gratuito
2,0.0,0,0.0,1,3,1,0,0,0,1,0,0,1,0,0,0,gratuito
9,10000.0,3,1.0,2,3,1,1,0,0,1,1,0,1,0,0,0,alto
6,350000.0,2396,0.8176126878130217,1,6,1,0,0,0,1,0,1,0,1,1,1,medio_alto
11,10000.0,29,0.8620689655172413,1,1,1,0,0,0,0,0,1,0,0,0,0,medio_alto
3,0.0,0,0.0,0,0,1,0,0,0,0,0,0,0,0,0,0,gratuito
7,150000.0,498,0.7048192771084337,1,4,1,0,0,0,1,1,0,0,0,0,0,gratuito
5,10000.0,7,0.7142857142857143,4,1,1,0,0,0,0,0,0,1,0,0,0,medio_alto
1,0.0,0,0.0,0,0,1,0,0,0,0,0,0,0,0,0,0,gratuito
2,0.0,0,0.0,2,4,1,0,0,0,1,0,0,1,1,0,0,gratuito
1,75000.0,311,0.8263665594855305,17,3,1,0,1,0,1,1,0,0,0,1,0,alto
3,10000.0,4,0.75,1,2,1,0,0,0,1,1,0,0,0,0,0,baixo
2,0.0,0,0.0,0,0,1,0,0,0,0,0,0,0,0,0,0,gratuito
1,0.0,0,0.0,0,0,1,0,0,0,0,0,0,0,0,0,0,gratuito
7,35000.0,3,1.0,1,3,1,0,0,0,1,1,0,0,0,0,0,gratuito
8,10000.0,26,0.5769230769230769,1,3,1,1,1,0,0,0,1,0,1,0,0,alto
1,10000.0,25,0.92,4,2,1,1,1,0,1,0,0,1,0,0,0,baixo
15,150000.0,431,0.4872389791183295,4,2,1,0,0,2,1,1,0,0,0,0,0,medio_alto
6,10000.0,0,0.0,1,3,1,0,0,0,0,1,0,1,0,0,1,medio_alto
3,10000.0,2,0.5,12,2,1,1,1,0,1,0,0,1,0,0,0,medio_baixo
1,0.0,0,0.0,0,0,1,0,0,0,0,0,0,0,0,0,0,gratuito
2,150000.0,54,0.9629629629629629,2,4,1,0,0,2,1,1,1,0,1,0,0,medio_alto
3,10000.0,17,0.8235294117647058,29,3,1,0,0,0,0,0,1,0,0,1,0,alto
1,10000.0,15,0.8666666666666667,12,4,1,1,1,0,1,1,1,1,0,0,0,alto
1,10000.0,0,0.0,3,1,1,1,1,0,1,0,0,0,0,0,0,alto
17,10000.0,67,0.8656716417910447,1,2,1,0,0,0,0,0,0,1,0,0,1,alto
13,350000.0,1527,0.8375900458415193,1,4,1,1,1,5,1,0,0,1,1,1,0,medio_baixo
9,35000.0,1864,0.7736051502145923,16,4,1,1,0,3,1,1,0,0,0,1,1,medio_baixo
6,35000.0,767,0.8383311603650587,1,2,1,0,0,2,1,1,0,0,0,0,0,baixo
1,10000.0,5,0.8,4,2,1,0,0,0,0,1,1,0,0,0,0,alto
2,10000.0,9,0.6666666666666666,1,5,1,1,0,0,1,1,1,1,0,0,0,gratuito
7,10000.0,8,0.75,1,2,1,1,0,0,1,0,0,1,0,0,0,alto
5,0.0,0,0.0,1,3,1,0,0,0,0,1,1,0,0,0,0,gratuito
1,0.0,0,0.0,8,3,1,0,0,1,1,1,0,0,0,0,1,alto
2,0.0,0,0.0,103,3,1,0,0,0,1,0,0,1,0,0,1,baixo
2,150000.0,36,0.6111111111111112,16,3,1,0,0,0,0,0,1,1,0,0,1,alto
9,10000.0,62,0.4838709677419355,1,2,1,0,0,2,1,1,0,0,0,0,0,baixo
2,10000.0,131,0.8625954198473282,2,2,1,0,0,0,1,0,0,1,0,0,0,medio_alto
4,35000.0,8,1.0,1,1,1,0,0,0,0,1,0,0,0,0,0,medio_alto
4,10000.0,1,1.0,1,1,1,0,0,0,0,1,0,0,0,0,0,baixo
5,0.0,0,0.0,0,0,1,0,0,0,0,0,0,0,0,0,0,gratuito
2,10000.0,6,1.0,19,2,1,0,0,0,1,1,0,0,0,0,0,medio_alto
3,0.0,0,0.0,0,0,1,0,0,0,0,0,0,0,0,0,0,gratuito
1,10000.0,9,1.0,1,2,1,0,0,0,0,1,1,0,0,0,0,medio_baixo
2,0.0,0,0.0,0,0,1,0,0,0,0,0,0,0,0,0,0,gratuito
5,10000.0,16,0.75,103,3,1,0,0,0,1,1,1,0,0,0,0,baixo
2,10000.0,0,0.0,1,1,1,0,0,0,1,0,0,0,0,0,0,medio_baixo
8,350000.0,6463,0.9373356026613028,1,4,1,0,0,1,1,0,1,1,0,0,0,gratuito
8,10000.0,18,0.5555555555555556,1,2,1,0,1,0,1,0,1,0,0,0,0,medio_baixo
4,10000.0,2,1.0,1,2,1,0,0,0,1,0,1,0,0,0,0,baixo
9,10000.0,56,0.9285714285714286,27,1,1,0,0,0,1,0,0,0,0,0,0,gratuito
1,0.0,0,0.0,9,7,1,0,0,0,1,1,1,1,1,1,0,gratuito
8,10000.0,29,0.5517241379310345,6,3,1,1,1,0,0,0,0,1,0,1,1,baixo
11,10000.0,74,0.6351351351351351,1,3,1,1,1,0,1,0,1,0,1,0,0,baixo
3,10000.0,0,0.0,0,3,1,0,0,0,0,1,0,1,0,0,1,alto
5,10000.0,20,0.85,1,3,1,0,0,0,1,1,1,0,0,0,0,medio_baixo
1,10000.0,0,0.0,1,3,1,0,1,0,1,1,0,0,0,0,0,medio_alto
3,10000.0,125,0.904,3,4,1,1,1,0,1,0,1,1,0,0,1,medio_baixo
9,10000.0,33,0.2727272727272727,0,2,1,0,0,0,1,0,0,1,0,0,0,baixo
4,10000.0,22,0.6818181818181818,103,1,1,0,0,0,1,0,0,0,0,0,0,baixo
2,0.0,0,0.0,1,4,1,0,0,0,1,0,0,0,0,0,1,gratuito
3,10000.0,25,0.48,1,2,1,0,0,0,1,0,1,0,0,0,0,gratuito
1,0.0,0,0.0,1,1,1,0,0,0,0,0,0,0,0,0,1,baixo
4,10000.0,31,0.8064516129032258,5,3,1,0,0,0,1,0,1,1,0,0,0,medio_alto
4,1500000.0,52410,0.9686510207975577,12,3,1,0,0,17,1,0,0,1,0,0,1,alto
1,0.0,0,0.0,0,0,1,0,0,0,0,0,0,0,0,0,0,gratuito
3,10000.0,8,1.0,11,3,1,1,0,0,1,0,0,1,0,0,1,baixo
4,10000.0,20,0.95,1,2,1,0,0,0,0,0,1,1,0,0,0,medio_alto
18,750000.0,4481,0.8578442311983933,5,2,1,0,0,0,0,1,1,0,0,0,0,medio_baixo
12,35000.0,371,0.3450134770889488,8,1,1,0,0,0,0,0,0,0,0,0,1,baixo
7,150000.0,11128,0.8958483105679368,12,6,1,0,0,1,1,1,0,0,1,0,0,gratuito
2,10000.0,0,0.0,1,2,1,0,0,0,0,0,0,0,0,0,0,alto
6,10000.0,6,1.0,1,2,1,0,0,0,0,0,0,1,0,1,0,baixo
3,10000.0,3,1.0,1,3,1,0,0,1,1,0,1,1,0,0,0,baixo
3,10000.0,26,0.5769230769230769,9,3,1,1,1,1,1,1,1,0,0,0,0,baixo
3,10000.0,6,0.5,1,5,1,0,1,0,1,1,1,1,0,0,1,medio_alto
5,10000.0,36,0.7222222222222222,12,3,1,0,0,1,1,0,1,0,0,0,1,alto
2,750000.0,14741,0.6356420866969676,13,1,1,0,0,1,0,1,0,0,0,0,0,medio_baixo
3,10000.0,0,0.0,2,3,1,0,1,0,1,0,0,1,0,0,1,medio_baixo
9,10000.0,25,0.44,1,2,1,0,0,0,0,0,1,1,0,0,0,medio_alto
2,10000.0,2,1.0,2,1,1,0,0,0,0,0,0,1,0,0,0,medio_baixo
8,10000.0,8,0.75,1,2,1,0,0,0,0,1,0,1,0,0,0,medio_baixo
1,10000.0,5,1.0,1,2,1,0,0,0,0,0,0,0,0,1,1,baixo
4,10000.0,31,0.8387096774193549,1,2,1,0,0,0,1,0,1,0,0,0,0,medio_baixo
7,10000.0,0,0.0,1,4,1,0,0,0,1,0,0,0,1,1,1,baixo
4,10000.0,0,0.0,2,3,1,0,0,1,1,1,0,0,0,0,0,gratuito
3,10000.0,151,0.5894039735099338,9,3,1,0,0,0,1,1,1,0,0,0,0,medio_alto
6,35000.0,182,0.967032967032967,6,4,1,0,0,0,1,0,1,1,0,0,0,gratuito
2,10000.0,0,0.0,3,3,1,0,0,0,1,0,0,1,0,1,0,baixo
1,0.0,0,0.0,20,2,1,1,1,0,0,0,0,1,0,0,0,gratuito
1,10000.0,0,0.0,13,2,1,0,0,2,0,1,0,0,1,0,0,alto
6,10000.0,6,0.3333333333333333,3,3,1,0,0,0,1,1,1,0,0,0,0,alto
8,10000.0,5,0.6,2,1,1,0,0,0,0,0,0,0,0,1,0,baixo
11,350000.0,4710,0.9475583864118896,3,1,1,0,0,0,0,1,0,0,0,0,0,alto
8,10000.0,23,0.08695652173913043,1,3,1,0,0,0,1,0,0,1,0,1,0,baixo
3,35000.0,93,0.978494623655914,13,3,1,1,1,0,1,0,1,1,0,0,0,medio_baixo
8,10000.0,53,0.7547169811320755,2,3,1,1,1,0,1,1,0,0,0,1,0,medio_baixo
7,10000.0,73,0.8767123287671232,1,1,1,0,0,0,1,0,0,0,0,0,0,medio_alto
6,10000.0,3,1.0,1,3,1,0,0,0,1,0,1,0,1,0,0,medio_baixo
8,10000.0,26,0.8076923076923077,1,1,1,0,0,0,0,0,0,0,0,0,0,medio_baixo
10,10000.0,89,0.5393258426966292,1,3,1,1,1,0,1,1,0,1,0,0,0,medio_baixo
4,10000.0,21,0.9047619047619048,1,1,1,0,0,0,0,0,0,0,1,0,0,alto
1,10000.0,0,0.0,2,3,1,0,0,0,1,0,0,0,0,1,1,alto
1,10000.0,0,0.0,2,5,1,1,0,0,1,0,1,1,1,0,1,alto
2,10000.0,0,0.0,21,2,1,0,0,1,0,0,0,0,0,0,1,alto
1,10000.0,242,0.5330578512396694,11,6,1,0,0,0,0,1,1,0,1,0,0,gratuito
1,0.0,0,0.0,1,2,1,0,0,0,0,0,1,0,0,0,0,gratuito
4,10000.0,3,1.0,6,1,1,0,0,0,0,1,0,0,0,0,0,medio_baixo
10,10000.0,32,0.59375,1,3,1,0,0,0,1,1,0,0,1,0,0,gratuito
8,10000.0,11,0.0,1,2,1,0,1,0,1,0,0,1,0,0,0,baixo
3,0.0,0,0.0,0,0,1,0,0,0,0,0,0,0,0,0,0,gratuito
1,10000.0,0,0.0,1,5,1,0,0,0,1,1,0,1,0,0,0,medio_alto
10,10000.0,39,0.6923076923076923,1,2,1,1,0,0,1,0,1,0,0,0,0,medio_baixo
7,10000.0,16,0.4375,3,3,1,0,0,0,1,1,1,0,0,0,0,medio_baixo
1,10000.0,0,0.0,5,5,1,1,0,4,1,0,0,1,0,1,1,medio_baixo
6,10000.0,44,0.4090909090909091,1,2,1,0,0,0,0,0,0,0,0,0,1,alto
1,10000.0,0,0.0,1,2,1,0,0,0,0,0,1,0,1,0,0,baixo
9,150000.0,4533,0.870725788660931,1,3,1,1,0,1,1,0,0,0,0,1,1,alto
3,10000.0,124,0.7419354838709677,41,4,1,0,0,0,1,0,0,0,0,1,1,alto
10,75000.0,273,0.7142857142857143,8,3,1,1,1,1,0,1,1,0,0,0,0,baixo
1,0.0,0,0.0,1,2,1,0,0,0,0,1,0,0,0,0,0,medio_alto
2,10000.0,1,1.0,1,1,1,0,0,0,0,1,0,0,0,0,0,medio_baixo
1,0.0,0,0.0,2,2,1,0,0,0,0,1,0,0,0,0,0,medio_baixo
6,10000.0,34,0.6470588235294118,9,4,1,0,0,0,1,0,0,1,0,1,1,alto
1,0.0,0,0.0,1,2,1,0,0,0,0,0,1,0,0,0,1,alto
1,0.0,0,0.0,1,4,1,1,1,0,1,1,1,0,0,0,0,gratuito
2,10000.0,3,0.0,1,1,1,0,0,0,0,0,0,1,0,0,0,baixo
1,0.0,0,0.0,0,0,1,0,0,0,0,0,0,0,0,0,0,gratuito
7,10000.0,11,0.9090909090909091,1,2,1,0,0,0,1,0,0,1,0,0,0,alto
2,10000.0,0,0.0,2,3,1,0,0,0,1,0,1,1,0,0,0,medio_baixo
1,0.0,0,0.0,103,2,1,0,0,0,1,0,0,1,0,0,0,baixo
7,350000.0,19064,0.9916072177926982,5,2,1,1,1,0,1,0,1,0,0,0,0,medio_alto
1,10000.0,0,0.0,1,3,1,0,0,1,1,0,1,0,1,0,0,medio_alto
4,10000.0,39,0.6923076923076923,2,4,1,0,0,0,1,1,1,1,0,0,0,baixo
1,10000.0,0,0.0,1,3,1,0,1,0,1,1,0,0,0,0,0,alto
2,150000.0,2875,0.9572173913043478,12,3,1,0,0,2,0,1,1,0,0,1,0,alto
6,10000.0,4,1.0,1,4,1,0,0,0,1,1,1,1,0,0,0,baixo
10,10000.0,14,0.8571428571428571,1,3,1,0,0,0,1,1,0,0,0,1,0,gratuito
4,35000.0,361,0.9307479224376731,1,4,1,0,0,0,1,1,1,0,0,0,1,medio_alto
1,10000.0,0,0.0,8,5,1,0,0,0,1,1,0,1,0,1,0,baixo
2,10000.0,12,0.9166666666666666,22,2,1,0,0,0,1,0,0,1,0,0,0,baixo
9,35000.0,74,0.7567567567567568,1,3,1,0,0,1,1,1,0,0,1,0,0,baixo
6,10000.0,8,0.75,1,3,1,1,0,0,1,0,1,0,0,1,0,medio_baixo
4,10000.0,68,0.9705882352941176,1,2,1,1,0,0,1,1,0,0,0,0,0,medio_baixo
2,10000.0,3,1.0,1,4,1,0,0,0,1,1,1,0,0,0,0,gratuito
8,35000.0,157,0.5859872611464968,1,3,1,0,0,0,1,0,1,0,0,0,1,baixo
8,10000.0,11,0.36363636363636365,2,3,1,0,0,0,1,0,1,1,0,0,0,medio_baixo
3,10000.0,3,0.3333333333333333,5,4,1,0,0,0,0,0,0,1,1,1,1,medio_alto
9,10000.0,5,1.0,1,2,1,0,0,0,1,0,0,1,0,0,0,baixo
8,3500000.0,14254,0.9273186473972218,9,2,1,0,0,0,0,0,1,0,0,0,0,gratuito
8,10000.0,3,1.0,11,1,1,0,0,0,0,0,0,0,1,0,0,gratuito
1,0.0,0,0.0,0,0,1,0,0,0,0,0,0,0,0,0,0,gratuito
1,10000.0,0,0.0,2,2,1,0,0,0,0,1,0,0,0,0,0,medio_baixo
9,10000.0,7,0.8571428571428571,1,2,1,0,0,0,0,0,1,1,0,0,0,medio_alto
6,10000.0,35,0.6285714285714286,4,1,1,0,0,0,0,1,0,0,0,0,0,medio_alto
5,10000.0,232,0.9482758620689655,1,3,1,0,0,0,1,0,1,1,0,0,0,medio_baixo
1,0.0,0,0.0,0,0,1,0,0,0,0,0,0,0,0,0,0,gratuito
10,750000.0,5739,0.9444154033803799,9,4,1,1,0,0,1,1,1,0,1,0,0,medio_baixo
2,10000.0,3,0.6666666666666666,2,3,1,0,0,0,1,1,0,0,0,0,0,alto
3,10000.0,3,1.0,2,3,1,0,0,0,1,0,0,1,0,1,0,medio_baixo
7,10000.0,25,0.64,1,2,1,0,0,0,1,0,0,0,0,0,1,baixo
2,10000.0,3,1.0,1,5,1,0,0,10,1,1,1,1,0,0,0,gratuito
3,10000.0,75,0.9466666666666667,1,4,1,0,0,2,1,1,0,1,0,1,0,medio_alto
1,10000.0,42,0.8333333333333334,10,2,1,0,0,0,1,1,0,0,0,0,0,alto
2,10000.0,0,0.0,1,3,1,0,0,0,1,0,1,1,0,0,0,alto
2,10000.0,0,0.0,1,2,1,1,1,0,0,0,0,1,0,0,0,gratuito
10,75000.0,260,0.9653846153846154,1,1,1,1,1,0,0,0,1,0,0,0,0,alto
5,10000.0,257,0.9610894941634242,1,5,1,0,0,0,1,1,1,1,0,0,0,medio_baixo
8,10000.0,162,0.5,2,4,1,0,0,0,1,0,0,0,1,0,1,alto
4,75000.0,12,0.5833333333333334,1,1,1,0,0,0,0,0,0,0,1,0,0,alto
10,75000.0,115,0.7652173913043478,1,3,1,0,0,0,1,1,1,0,0,0,0,baixo
10,350000.0,889,0.7716535433070866,2,4,1,0,0,1,1,0,0,0,0,0,1,gratuito
8,10000.0,75,0.9733333333333334,8,2,1,0,0,1,1,1,0,0,0,0,0,medio_baixo
2,10000.0,20,0.95,9,1,1,0,0,0,0,0,0,1,0,0,0,medio_alto
9,10000.0,128,0.828125,1,6,1,1,1,0,1,0,0,1,1,1,1,alto
2,35000.0,561,0.7005347593582888,10,3,1,0,0,0,0,1,1,1,0,0,0,alto
1,0.0,0,0.0,1,3,1,0,0,0,1,0,0,1,0,1,0,medio_alto
2,10000.0,9,0.6666666666666666,1,2,1,0,0,0,0,1,1,0,0,0,0,medio_baixo
12,35000.0,257,0.7042801556420234,1,4,1,1,1,0,1,1,0,1,0,0,1,medio_alto
1,10000.0,326,0.6073619631901841,19,3,1,0,0,1,1,1,1,0,0,0,0,alto
1,0.0,0,0.0,0,0,1,0,0,0,0,0,0,0,0,0,0,gratuito
2,0.0,0,0.0,0,0,1,0,0,0,0,0,0,0,0,0,0,gratuito
7,10000.0,31,0.9032258064516129,1,3,1,1,1,0,1,0,0,1,0,0,1,medio_alto
3,0.0,0,0.0,1,3,1,1,0,0,0,0,0,0,0,0,1,gratuito
8,10000.0,1,1.0,1,3,1,0,0,0,1,0,1,1,0,0,0,baixo
1,10000.0,0,0.0,1,4,1,0,0,0,1,1,0,1,0,1,0,medio_alto
3,10000.0,8,0.625,2,2,1,0,0,0,1,0,0,0,0,0,1,baixo
1,0.0,0,0.0,1,1,1,0,0,0,0,0,0,0,0,0,0,baixo
2,0.0,0,0.0,103,4,1,0,0,0,1,0,0,1,0,1,1,baixo
7,10000.0,7,0.7142857142857143,1,4,1,0,0,0,0,1,1,0,1,0,0,gratuito
5,10000.0,0,0.0,1,2,1,0,0,0,0,0,0,0,0,1,1,alto
1,10000.0,126,0.42857142857142855,13,3,1,0,0,0,1,0,0,1,0,0,1,medio_baixo
7,75000.0,1603,0.9519650655021834,3,2,1,0,0,0,0,0,0,1,0,0,1,alto
6,150000.0,752,0.8936170212765957,8,2,1,1,0,0,1,0,0,0,0,1,0,medio_alto
4,0.0,0,0.0,2,7,1,0,0,0,1,1,0,1,0,0,1,gratuito
6,10000.0,65,0.8,1,2,1,0,0,0,1,0,0,0,0,1,0,medio_alto
4,0.0,0,0.0,0,0,1,0,0,0,0,0,0,0,0,0,0,gratuito
3,10000.0,108,0.9166666666666666,2,3,1,0,0,0,0,0,1,1,1,0,0,alto
2,10000.0,2,0.0,1,2,1,0,0,0,1,0,0,0,0,0,1,medio_baixo
3,35000.0,10,1.0,1,1,1,1,0,0,0,0,0,0,0,1,0,baixo
11,350000.0,1166,0.48027444253859347,5,4,1,0,0,1,1,0,1,0,0,1,1,medio_baixo
5,10000.0,126,0.8253968253968254,2,2,1,0,0,0,0,0,1,1,0,0,0,alto
1,0.0,0,0.0,0,0,1,0,0,0,0,0,0,0,0,0,0,gratuito
1,10000.0,0,0.0,9,1,1,0,0,38,0,1,0,0,0,0,0,alto
7,10000.0,1,0.0,3,3,1,0,0,0,1,1,1,0,0,0,0,alto
3,0.0,0,0.0,1,1,1,0,0,0,0,0,0,0,0,0,0,gratuito
6,10000.0,2,0.0,2,4,1,0,0,0,1,0,1,0,0,1,1,baixo
13,10000.0,17615,0.958387737723531,15,3,1,1,1,1,1,1,1,0,0,0,0,medio_alto
1,10000.0,0,0.0,5,1,1,0,0,51,0,1,0,0,0,0,0,alto
3,150000.0,543,0.6813996316758748,10,5,1,1,1,1,1,1,0,1,1,1,0,medio_baixo
7,10000.0,13,0.8461538461538461,1,1,1,0,0,1,1,0,0,0,0,0,0,gratuito
1,75000.0,1717,0.9283634245777519,5,2,1,1,0,0,0,0,0,1,0,0,1,alto
6,10000.0,2,1.0,2,2,1,0,0,0,1,0,1,0,0,0,0,medio_alto
1,10000.0,0,0.0,2,3,1,0,0,0,0,0,1,0,1,1,0,alto
4,0.0,0,0.0,1,2,1,0,0,1,0,0,0,1,0,0,0,gratuito
3,10000.0,1,1.0,1,2,1,0,0,0,1,0,0,0,0,0,1,baixo
10,10000.0,6,1.0,1,2,1,0,0,0,0,0,1,1,0,0,0,medio_alto
2,10000.0,43,0.7674418604651163,8,6,1,0,0,0,1,1,0,1,1,1,1,medio_baixo
1,10000.0,2,1.0,4,2,1,0,0,0,1,1,0,0,0,0,0,alto
1,10000.0,2,1.0,1,2,1,0,0,0,1,1,0,0,0,0,0,medio_baixo
9,10000.0,4,0.75,1,2,1,1,0,0,1,0,0,1,0,0,0,medio_alto
3,0.0,0,0.0,1,5,1,0,0,0,1,0,1,1,1,0,0,gratuito
1,0.0,0,0.0,1,1,1,0,0,0,0,0,0,0,0,0,0,gratuito
3,10000.0,0,0.0,3,2,1,0,0,0,0,1,0,0,0,0,0,medio_alto
3,10000.0,0,0.0,1,4,1,0,0,0,0,1,1,0,1,0,1,medio_alto
5,350000.0,7235,0.9304768486523842,3,2,1,0,0,1,0,1,1,0,0,0,0,alto
7,10000.0,4,0.75,1,5,1,0,0,0,1,1,0,1,0,1,0,alto
3,0.0,0,0.0,0,0,1,0,0,0,0,0,0,0,0,0,0,gratuito
1,10000.0,0,0.0,4,5,1,0,0,0,1,1,1,0,0,0,0,baixo
2,10000.0,6,1.0,2,2,1,0,0,0,1,0,0,0,0,1,0,medio_baixo
6,10000.0,5,1.0,2,2,1,0,1,0,1,0,0,1,0,0,0,medio_baixo
5,10000.0,15,0.8,2,4,1,0,0,0,1,1,1,0,1,0,0,medio_baixo
6,10000.0,1,1.0,1,4,1,0,0,0,1,0,1,1,1,0,0,baixo
6,10000.0,2,1.0,1,2,1,0,0,0,1,1,0,0,0,0,0,medio_alto
2,10000.0,0,0.0,30,2,1,0,0,0,1,0,0,1,0,0,0,medio_baixo
2,10000.0,1,1.0,2,2,1,0,0,0,1,1,0,0,0,0,0,alto
1,0.0,0,0.0,0,0,1,0,0,0,0,0,0,0,0,0,0,gratuito
6,10000.0,13,0.46153846153846156,1,3,1,0,0,0,1,0,1,0,0,0,0,baixo
1,0.0,0,0.0,28,5,1,0,0,0,1,0,1,1,0,0,1,medio_alto
3,10000.0,14,0.7142857142857143,7,1,1,0,0,0,0,0,0,0,0,0,1,gratuito
2,750000.0,143,0.7132867132867133,1,3,1,0,0,0,0,0,0,0,0,1,0,gratuito
5,10000.0,0,0.0,2,1,1,0,0,0,0,0,1,0,0,0,0,medio_alto
10,1500000.0,15934,0.8780594954186017,12,3,1,0,0,0,0,1,1,0,1,0,0,medio_alto
7,1500000.0,9371,0.7950058691708463,11,1,1,0,0,0,0,1,0,0,0,0,0,medio_alto
4,10000.0,299,0.6789297658862876,6,2,1,0,0,0,1,0,0,0,0,0,1,alto
3,10000.0,1,1.0,4,1,1,0,0,0,0,0,0,0,0,1,0,medio_alto
7,35000.0,311,0.9228295819935691,4,3,1,1,0,0,1,0,1,0,0,0,1,medio_baixo
1,10000.0,0,0.0,2,3,1,0,0,0,1,0,1,1,0,0,0,baixo
2,0.0,0,0.0,9,4,1,0,0,0,0,0,0,1,0,1,1,gratuito
12,75000.0,347,0.8069164265129684,6,1,1,1,0,0,1,0,0,0,0,0,0,alto
8,35000.0,116,0.9224137931034483,2,2,1,1,1,0,1,1,0,0,0,0,0,medio_alto
8,75000.0,175,0.8285714285714286,9,1,1,1,1,1,1,0,0,0,0,0,0,medio_baixo
2,10000.0,226,0.4247787610619469,11,5,1,0,0,0,1,1,1,1,0,0,1,medio_baixo
2,10000.0,6,0.8333333333333334,1,1,1,0,0,0,0,0,0,1,0,0,0,alto
1,10000.0,0,0.0,9,4,1,0,0,0,1,1,0,1,0,0,1,medio_alto
7,10000.0,5,1.0,1,1,1,0,0,0,0,0,0,0,0,1,0,medio_baixo
4,10000.0,14,0.9285714285714286,1,4,1,0,0,0,1,0,1,1,0,0,1,baixo
2,10000.0,101,0.8613861386138614,8,4,1,0,0,0,1,1,1,0,1,0,0,alto
12,10000.0,71,0.6338028169014085,1,2,1,0,1,0,1,0,1,0,0,0,0,baixo
1,10000.0,0,0.0,10,4,1,0,0,0,1,0,0,1,0,1,1,medio_baixo
5,10000.0,0,0.0,1,3,1,0,0,0,1,1,1,0,0,0,0,gratuito
11,10000.0,24,0.08333333333333333,1,1,1,0,0,0,0,0,0,0,0,0,1,medio_baixo
5,75000.0,918,0.9270152505446623,103,3,1,1,0,1,1,0,1,1,0,0,0,medio_alto
2,10000.0,67,0.7164179104477612,8,3,1,0,0,3,1,0,0,0,1,1,0,medio_baixo
4,0.0,0,0.0,0,0,1,0,0,0,0,0,0,0,0,0,0,gratuito
4,35000.0,41,0.7317073170731707,1,3,1,0,0,0,1,0,0,0,1,0,0,medio_alto
8,10000.0,180,0.9055555555555556,2,3,1,1,0,0,1,1,1,0,0,0,0,medio_alto
3,75000.0,44,0.8636363636363636,1,2,1,0,0,1,1,0,1,0,0,0,0,baixo
1,10000.0,0,0.0,1,3,1,1,1,0,1,0,0,0,0,1,0,alto
1,0.0,0,0.0,103,2,1,0,0,0,1,0,0,1,0,0,0,baixo
2,10000.0,7,1.0,1,2,1,0,0,0,1,0,0,1,0,0,0,baixo
2,0.0,0,0.0,103,2,1,0,0,0,0,0,0,0,0,0,1,gratuito
8,10000.0,165,0.8787878787878788,1,3,1,0,0,0,1,0,0,0,0,0,0,gratuito
15,1500000.0,18047,0.846788939990026,15,2,1,0,0,1,0,1,1,0,0,0,0,medio_alto
2,10000.0,13,0.6923076923076923,1,2,1,0,1,0,0,0,0,1,0,0,0,gratuito
5,10000.0,26,0.8076923076923077,1,4,1,0,0,1,1,0,1,1,0,0,1,medio_alto
1,0.0,0,0.0,1,2,1,0,0,0,0,1,0,0,0,0,0,gratuito
5,35000.0,38,0.7105263157894737,3,6,1,0,0,0,1,1,1,0,1,0,1,medio_baixo
2,0.0,0,0.0,0,0,1,0,0,0,0,0,0,0,0,0,0,gratuito
1,0.0,0,0.0,0,0,1,0,0,0,0,0,0,0,0,0,0,gratuito
1,0.0,0,0.0,1,2,1,1,0,0,1,1,0,0,0,0,0,medio_baixo
3,10000.0,9,0.7777777777777778,1,3,1,0,0,0,1,0,0,0,1,1,0,medio_alto
1,0.0,0,0.0,3,2,1,0,0,0,0,0,1,0,0,0,1,gratuito
8,10000.0,2,1.0,1,4,1,1,1,0,1,1,0,1,0,0,0,medio_alto
1,10000.0,0,0.0,8,2,1,1,0,1,0,0,1,1,0,0,0,alto
10,10000.0,86,0.5232558139534884,3,1,1,0,0,0,0,0,1,0,0,0,0,medio_alto
11,350000.0,3536,0.7955316742081447,1,3,1,0,0,0,1,0,1,0,0,0,0,gratuito
7,10000.0,58,0.7413793103448276,1,4,1,0,0,0,1,1,1,1,0,0,0,baixo
3,10000.0,22,0.5454545454545454,20,4,1,0,0,0,1,1,0,1,0,0,1,baixo
1,10000.0,0,0.0,1,4,1,1,1,0,1,1,1,1,0,0,0,medio_baixo
9,10000.0,4,1.0,1,2,1,0,0,0,1,0,1,0,0,0,0,alto
6,75000.0,1243,0.8889782783588094,2,4,1,0,0,0,1,0,0,1,1,1,0,baixo
3,35000.0,12,0.9166666666666666,1,3,1,0,0,1,1,1,0,1,0,0,0,baixo
2,10000.0,212,0.8726415094339622,1,2,1,0,0,0,1,1,0,0,0,0,0,alto
1,10000.0,15,0.9333333333333333,2,4,1,0,0,2,1,1,0,1,0,0,0,medio_baixo
3,10000.0,32,0.9375,1,5,1,0,0,0,1,0,1,1,1,0,1,alto
9,10000.0,86,0.45348837209302323,1,4,1,0,0,0,1,1,0,0,0,0,0,medio_baixo
8,10000.0,24,0.875,3,2,1,0,0,0,0,0,1,1,0,0,0,medio_alto
1,0.0,0,0.0,0,0,1,0,0,0,0,0,0,0,0,0,0,gratuito
9,10000.0,49,0.7959183673469388,1,5,1,0,0,0,1,1,0,0,0,0,0,medio_alto
13,150000.0,1170,0.4897435897435897,5,3,1,0,0,0,1,1,0,0,0,0,0,gratuito
9,75000.0,807,0.6555142503097894,1,3,1,0,0,0,1,1,0,0,0,0,1,baixo
8,10000.0,5,0.8,1,1,1,0,0,0,1,0,0,0,0,0,0,baixo
6,750000.0,9202,0.9732666811562704,20,3,1,1,0,0,1,0,1,0,0,0,0,gratuito
2,10000.0,3,0.6666666666666666,1,4,1,0,0,0,1,1,1,0,0,1,0,medio_alto
5,10000.0,8,0.0,1,3,1,0,0,0,0,0,0,0,0,0,0,alto
2,10000.0,61,0.6885245901639344,4,3,1,0,0,0,1,1,0,1,0,0,0,medio_baixo
6,35000.0,26,0.9615384615384616,2,5,1,0,0,0,1,1,1,1,1,0,0,baixo
3,35000.0,84,0.9404761904761905,3,3,1,0,0,0,1,1,1,0,0,0,0,baixo
8,10000.0,90,0.9222222222222223,1,3,1,1,1,0,1,1,1,0,0,0,0,alto
4,750000.0,7737,0.8929817758821249,1,4,1,0,0,0,1,1,0,0,0,0,0,gratuito
1,10000.0,0,0.0,5,2,1,0,0,0,1,1,0,0,0,0,0,baixo
11,75000.0,380,0.8105263157894737,1,3,1,0,0,0,1,1,1,0,0,0,0,baixo
9,150000.0,2734,0.8427212874908558,11,3,1,1,1,1,1,1,1,0,0,0,0,baixo
1,10000.0,0,0.0,1,3,1,0,0,0,1,1,0,0,1,0,0,medio_alto
9,10000.0,7,1.0,5,5,1,0,0,0,1,1,1,1,0,1,0,alto
6,10000.0,305,0.9442622950819672,1,3,1,1,1,2,0,0,0,0,1,1,1,alto
8,10000.0,9,0.8888888888888888,2,2,1,0,0,0,1,0,0,1,0,0,0,baixo
3,0.0,0,0.0,2,3,1,1,1,0,1,0,1,0,0,0,0,gratuito
1,10000.0,0,0.0,2,4,1,0,0,0,0,0,1,0,1,1,1,alto
1,10000.0,0,0.0,1,1,1,0,0,0,0,0,0,0,0,0,1,medio_alto
6,10000.0,0,0.0,1,4,1,0,0,0,1,0,0,1,1,0,1,alto
3,10000.0,0,0.0,9,2,1,0,0,0,0,0,0,1,0,0,1,alto
3,10000.0,1,0.0,1,1,1,0,0,0,0,0,0,1,0,0,0,medio_alto
2,35000.0,47,0.9574468085106383,12,6,1,0,0,0,1,1,1,1,0,0,1,baixo
11,750000.0,2385,0.6976939203354298,1,3,1,1,0,1,1,0,0,1,0,1,0,baixo
1,10000.0,0,0.0,2,1,1,0,0,1,0,1,0,0,0,0,0,medio_alto
8,10000.0,13,0.9230769230769231,1,3,1,1,1,0,1,1,0,1,0,0,0,alto
1,10000.0,0,0.0,1,2,1,1,0,0,1,0,1,0,0,0,0,medio_alto
2,10000.0,2,1.0,8,3,1,0,0,0,0,0,0,1,0,1,1,medio_alto
7,75000.0,1418,0.7792665726375176,13,4,1,0,0,0,1,0,1,1,0,0,0,baixo
2,10000.0,233,0.9399141630901288,3,2,1,0,0,1,0,0,0,1,1,0,0,medio_baixo
8,35000.0,58,0.6206896551724138,1,3,1,0,0,0,1,1,0,1,0,0,0,baixo
1,10000.0,0,0.0,1,4,1,0,0,0,1,0,0,1,0,0,0,gratuito
2,10000.0,10,1.0,1,2,1,0,0,0,1,0,0,1,0,0,0,baixo
3,150000.0,4399,0.9806774266878836,11,3,1,1,0,1,1,0,1,1,0,0,0,medio_alto
1,0.0,0,0.0,103,3,1,0,0,0,1,0,0,1,0,0,1,baixo
6,35000.0,1,0.0,1,3,1,0,0,0,1,0,1,1,0,0,0,baixo
4,10000.0,8,0.25,1,1,1,0,0,0,0,0,0,1,0,0,0,baixo
1,10000.0,3,1.0,1,4,1,0,0,0,1,1,0,1,1,0,0,medio_alto
2,10000.0,13,0.7692307692307693,2,1,1,0,0,0,0,0,0,1,0,0,0,medio_alto
3,0.0,0,0.0,1,3,1,1,1,0,1,0,0,0,1,0,0,gratuito
2,10000.0,88,0.8636363636363636,5,2,1,0,0,0,0,0,1,0,0,0,1,baixo
2,0.0,0,0.0,1,4,1,0,0,0,0,1,0,1,0,1,0,gratuito
6,10000.0,93,0.967741935483871,1,3,1,0,0,0,1,0,0,1,0,0,0,alto
4,35000.0,2,0.5,1,2,1,0,0,0,1,0,0,0,1,0,0,baixo
1,10000.0,0,0.0,1,2,1,0,0,0,1,0,1,0,0,0,0,medio_baixo
2,10000.0,0,0.0,1,2,1,1,1,0,1,0,1,0,0,0,0,medio_alto
3,10000.0,107,0.7663551401869159,5,4,1,1,0,0,0,0,0,0,0,1,1,alto
4,0.0,0,0.0,0,0,1,0,0,0,0,0,0,0,0,0,0,gratuito
1,0.0,0,0.0,1,2,1,0,0,0,1,0,0,0,0,0,1,medio_baixo
2,10000.0,0,0.0,2,1,1,0,0,0,0,0,0,0,0,0,1,medio_baixo
2,35000.0,106,0.9245283018867925,31,3,1,1,1,1,1,0,0,1,0,0,0,gratuito
2,0.0,0,0.0,11,4,1,0,0,0,0,0,1,0,0,1,0,gratuito
1,0.0,0,0.0,0,0,1,0,0,0,0,0,0,0,0,0,0,gratuito
6,10000.0,50,0.88,3,2,1,0,0,0,0,0,0,1,0,0,1,medio_baixo
1,0.0,0,0.0,0,0,1,0,0,0,0,0,0,0,0,0,0,gratuito
2,0.0,0,0.0,0,0,1,0,0,0,0,0,0,0,0,0,0,gratuito
5,10000.0,365,0.8465753424657534,10,3,1,0,0,2,1,0,1,1,0,0,0,medio_baixo
12,35000.0,170,0.8470588235294118,1,3,1,0,0,0,1,1,0,1,0,0,0,baixo
1,10000.0,20,0.75,10,5,1,1,1,0,1,0,1,1,0,1,1,medio_alto
9,10000.0,10,0.7,1,2,1,0,1,0,1,1,0,0,0,0,0,baixo
9,10000.0,7,0.42857142857142855,1,2,1,0,0,0,0,0,0,0,0,0,0,baixo
5,0.0,0,0.0,2,2,1,0,0,1,1,0,0,0,0,0,0,gratuito
3,75000.0,1437,0.7766179540709812,11,3,1,0,0,0,1,0,0,0,1,1,0,alto
1,0.0,0,0.0,0,0,1,0,0,0,0,0,0,0,0,0,0,gratuito
4,10000.0,8,1.0,2,2,1,0,0,0,1,1,0,0,0,0,0,baixo
1,0.0,0,0.0,1,3,1,0,0,0,1,1,1,0,0,0,0,medio_baixo
4,0.0,0,0.0,0,0,1,0,0,0,0,0,0,0,0,0,0,gratuito
10,10000.0,780,0.8128205128205128,12,5,1,0,0,0,1,1,1,1,0,0,0,baixo
2,10000.0,95,0.9894736842105263,9,3,1,1,1,1,1,1,0,0,0,0,0,medio_alto
9,10000.0,27,0.7777777777777778,12,3,1,1,0,0,1,0,1,1,0,0,0,baixo
6,10000.0,0,0.0,1,1,1,0,0,0,0,0,0,1,0,0,0,baixo
5,0.0,0,0.0,1,3,1,0,0,0,1,1,0,0,0,1,0,gratuito
4,10000.0,0,0.0,1,2,1,0,0,0,1,1,0,0,0,0,0,alto
8,35000.0,180,0.9388888888888889,1,4,1,1,1,0,0,0,1,1,1,0,0,gratuito
3,10000.0,1,1.0,4,1,1,0,0,0,0,0,1,0,0,0,0,medio_alto
3,350000.0,9710,0.870648815653965,16,4,1,0,0,7,1,1,1,1,0,0,0,medio_alto
3,10000.0,2,1.0,1,2,1,1,0,0,0,0,1,0,1,0,0,medio_baixo
2,10000.0,25,0.44,21,4,1,0,0,0,1,1,1,0,0,0,0,baixo
5,10000.0,0,0.0,1,1,1,0,0,0,0,0,0,1,0,0,0,alto
5,35000.0,7,0.7142857142857143,1,2,1,0,0,1,1,0,0,1,0,0,0,baixo
6,10000.0,88,0.75,1,5,1,0,0,0,1,0,1,1,0,0,1,medio_baixo
5,10000.0,1,1.0,1,5,1,0,0,0,1,0,0,1,0,1,0,baixo
9,35000.0,17,0.8235294117647058,1,2,1,0,0,0,1,0,0,0,0,1,0,medio_alto
6,10000.0,797,0.8381430363864492,1,4,1,0,0,0,1,1,1,0,1,0,0,gratuito
2,10000.0,32,0.875,1,3,1,1,0,0,1,0,1,0,1,0,0,alto
5,75000.0,6,1.0,1,4,1,0,0,0,1,1,0,1,0,0,0,baixo
4,10000.0,1,0.0,1,5,1,0,0,2,1,0,0,1,1,1,1,baixo
4,75000.0,144,0.7291666666666666,2,5,1,0,0,1,1,1,1,0,0,0,1,gratuito
1,0.0,0,0.0,0,0,1,0,0,0,0,0,0,0,0,0,0,gratuito
1,10000.0,23,0.8695652173913043,9,4,1,0,0,0,1,1,1,0,0,0,0,medio_alto
4,10000.0,6,0.8333333333333334,1,1,1,0,0,0,0,0,0,0,0,0,0,alto
1,10000.0,4,0.25,7,5,1,0,0,0,1,1,0,1,0,1,1,alto
2,10000.0,1,1.0,1,2,1,0,0,0,1,0,0,1,0,0,0,baixo
3,10000.0,11,0.2727272727272727,1,3,1,0,1,1,1,1,1,0,0,0,0,medio_baixo
1,0.0,0,0.0,0,0,1,0,0,0,0,0,0,0,0,0,0,gratuito
4,0.0,0,0.0,0,0,1,0,0,0,0,0,0,0,0,0,0,gratuito
4,0.0,0,0.0,3,5,1,1,0,0,1,1,0,1,0,0,0,gratuito
1,10000.0,9,0.7777777777777778,17,3,1,1,0,0,1,0,0,1,1,0,0,alto
7,10000.0,33,0.9090909090909091,1,3,1,1,0,1,1,1,1,0,0,0,0,alto
4,0.0,0,0.0,103,4,1,0,0,0,1,1,1,0,0,0,0,baixo
6,10000.0,0,0.0,1,3,1,0,0,0,1,0,0,1,0,1,0,medio_baixo
5,10000.0,7,1.0,3,3,1,0,0,0,1,0,0,1,0,1,0,medio_baixo
1,10000.0,17,0.9411764705882353,6,3,1,0,0,1,1,0,1,1,0,0,0,medio_baixo
1,10000.0,2,1.0,1,4,1,1,0,0,1,1,1,1,0,0,0,alto
2,10000.0,0,0.0,1,2,1,0,1,0,1,0,0,0,0,1,0,baixo
6,10000.0,30,0.6666666666666666,1,2,1,1,1,0,1,0,1,0,0,0,0,medio_baixo
5,0.0,0,0.0,0,0,1,0,0,0,0,0,0,0,0,0,0,gratuito
8,10000.0,0,0.0,5,5,1,0,0,0,1,0,1,1,1,0,1,medio_alto
7,10000.0,0,0.0,4,3,1,0,0,0,1,0,0,1,0,0,1,baixo
11,75000.0,186,0.543010752688172,1,3,1,1,0,0,1,1,1,0,0,0,0,alto
2,0.0,0,0.0,1,7,1,0,0,0,1,0,1,1,1,1,0,gratuito
4,10000.0,5,1.0,1,2,1,0,0,0,1,0,1,0,0,0,0,medio_alto
6,350000.0,11,0.6363636363636364,1,3,1,1,0,0,1,0,1,1,0,0,0,medio_baixo
4,10000.0,35,0.7714285714285715,3,4,1,0,0,0,1,1,1,0,0,0,0,medio_alto
6,10000.0,33,0.7575757575757576,1,2,1,0,0,0,0,0,0,1,1,0,0,medio_baixo
3,10000.0,0,0.0,8,4,1,0,0,0,1,0,0,1,1,0,1,baixo
7,10000.0,111,0.7207207207207207,1,2,1,1,1,0,1,1,0,0,0,0,0,medio_baixo
4,10000.0,0,0.0,1,2,1,1,0,1,1,0,0,1,0,0,0,medio_alto
3,10000.0,6,0.3333333333333333,1,1,1,0,0,0,0,1,0,0,0,0,0,medio_baixo
1,10000.0,0,0.0,1,4,1,0,0,0,1,0,0,1,0,1,0,medio_baixo
7,10000.0,120,0.9,10,3,1,0,0,0,1,1,0,1,0,0,0,baixo
3,10000.0,3,1.0,1,2,1,0,0,0,1,0,1,0,0,0,0,medio_baixo
1,150000.0,125,0.832,1,1,1,0,0,5,0,1,0,0,0,0,0,gratuito
1,10000.0,0,0.0,4,5,1,0,0,1,1,1,1,0,1,1,0,medio_alto
5,150000.0,37,0.4864864864864865,1,1,1,0,0,7,0,0,0,0,1,0,0,gratuito
1,10000.0,413,0.9733656174334141,8,5,1,0,0,0,1,1,1,1,0,0,1,medio_alto
7,10000.0,122,0.8278688524590164,2,5,1,1,1,1,1,0,0,1,1,1,1,medio_baixo
1,0.0,0,0.0,2,2,1,0,0,0,1,0,1,0,0,0,0,baixo
1,10000.0,2,1.0,1,3,1,0,0,0,0,1,0,0,0,1,1,baixo
4,0.0,0,0.0,0,0,1,0,0,0,0,0,0,0,0,0,0,gratuito
4,10000.0,5,0.8,1,1,1,0,0,0,0,1,0,0,0,0,0,alto
1,10000.0,0,0.0,8,4,1,1,1,0,1,0,1,1,0,0,0,alto
9,10000.0,7,0.8571428571428571,1,3,1,0,0,0,0,1,1,1,0,0,0,medio_alto
1,0.0,0,0.0,1,4,1,0,0,0,1,0,0,1,1,0,1,medio_alto
10,1500000.0,6918,0.7889563457646719,11,5,1,0,0,0,1,0,0,0,0,1,0,gratuito
2,10000.0,98,0.7346938775510204,9,3,1,0,0,0,1,1,1,0,0,0,0,medio_alto
1,0.0,0,0.0,0,0,1,0,0,0,0,0,0,0,0,0,0,gratuito
4,350000.0,4,1.0,2,1,1,0,0,0,1,0,0,0,0,0,0,alto
2,35000.0,13,0.6923076923076923,2,5,1,0,0,0,1,1,1,0,0,0,1,medio_alto
1,0.0,0,0.0,1,1,1,0,0,0,0,0,0,0,0,0,0,gratuito
2,0.0,0,0.0,1,4,1,0,0,44,1,0,0,0,0,0,0,gratuito
7,10000.0,167,0.8862275449101796,1,2,1,0,1,0,1,1,0,0,0,0,0,medio_alto
8,10000.0,43,0.7209302325581395,1,3,1,0,0,0,1,0,0,1,0,0,0,baixo
2,10000.0,80,1.0,13,2,1,1,1,0,1,0,0,1,0,0,0,baixo
8,350000.0,1884,0.8481953290870489,2,7,1,0,0,3,1,0,1,1,1,1,1,gratuito
1,10000.0,0,0.0,1,4,1,0,0,0,1,1,0,0,0,1,0,baixo
4,0.0,0,0.0,0,0,1,0,0,0,0,0,0,0,0,0,0,gratuito
8,35000.0,876,0.9235159817351598,16,4,1,0,0,2,1,1,1,1,0,0,0,medio_baixo
9,350000.0,3971,0.8335431881138252,6,3,1,0,0,2,1,0,0,0,1,1,0,alto
1,10000.0,0,0.0,1,4,1,0,0,0,1,0,0,1,0,0,0,gratuito
4,0.0,0,0.0,0,0,1,0,0,0,0,0,0,0,0,0,0,gratuito
5,10000.0,13,0.6153846153846154,1,3,1,1,0,0,1,1,0,0,0,0,0,gratuito
2,10000.0,5,0.2,1,3,1,0,0,0,1,0,0,1,0,0,1,baixo
3,10000.0,0,0.0,16,3,1,0,0,0,0,0,1,1,0,0,1,alto
5,35000.0,4,0.5,1,2,1,0,0,0,0,0,0,0,0,0,0,baixo
9,150000.0,73,0.4931506849315068,1,3,1,0,0,0,1,0,1,0,1,0,0,baixo
7,750000.0,5851,0.867885831481798,1,3,1,0,1,3,1,1,0,0,0,0,1,medio_alto
2,10000.0,0,0.0,1,3,1,0,0,0,1,0,1,1,0,0,0,medio_alto
7,10000.0,58,0.8793103448275862,1,4,1,1,1,0,1,0,1,0,1,1,0,baixo
1,0.0,0,0.0,2,1,1,1,0,1,0,0,0,0,0,0,0,alto
4,10000.0,64,0.71875,3,4,1,0,0,3,1,1,1,1,0,0,0,medio_alto
8,10000.0,12,0.75,1,4,1,0,0,0,1,1,0,1,0,0,0,gratuito
8,10000.0,18,0.5555555555555556,1,4,1,1,0,2,1,0,1,1,1,0,0,baixo
1,10000.0,0,0.0,4,1,1,0,0,1,0,0,0,0,0,0,1,alto
7,350000.0,2064,0.6090116279069767,12,4,1,1,1,3,1,1,0,1,0,0,0,gratuito
6,75000.0,144,0.5763888888888888,6,5,1,0,0,0,1,0,1,1,1,0,0,gratuito
4,10000.0,2,0.5,2,3,1,0,0,0,1,1,0,1,0,0,0,baixo
3,10000.0,5,0.8,1,7,1,0,0,0,1,0,1,1,0,0,1,baixo
1,0.0,0,0.0,0,0,1,0,0,0,0,0,0,0,0,0,0,gratuito
5,35000.0,41,0.9512195121951219,2,3,1,0,0,0,1,0,1,1,0,0,0,baixo
5,10000.0,49,0.8571428571428571,1,3,1,0,0,0,1,0,1,1,0,0,0,baixo
7,75000.0,210,0.8761904761904762,5,3,1,0,1,1,1,0,1,0,0,0,0,gratuito
2,0.0,0,0.0,0,0,1,0,0,0,0,0,0,0,0,0,0,gratuito
1,0.0,0,0.0,1,2,1,0,0,0,0,1,0,0,0,0,0,gratuito
1,0.0,0,0.0,12,2,1,1,0,0,1,0,0,1,0,0,0,medio_baixo
4,10000.0,94,0.7553191489361702,5,2,1,0,0,1,1,0,0,0,0,0,0,gratuito
3,35000.0,215,0.8046511627906977,9,1,1,0,0,0,1,0,0,0,0,0,0,medio_baixo
4,10000.0,1,1.0,2,3,1,0,1,0,1,0,1,1,0,0,0,medio_alto
8,10000.0,15,0.8666666666666667,1,2,1,0,0,0,1,0,0,1,0,0,0,baixo
3,10000.0,2,0.0,3,3,1,0,0,0,1,0,0,1,0,0,1,medio_alto
3,0.0,0,0.0,0,0,1,0,0,0,0,0,0,0,0,0,0,gratuito
1,75000.0,4606,0.4489795918367347,13,3,1,0,0,0,0,1,1,0,1,0,0,alto
3,10000.0,2,1.0,1,2,1,0,0,0,1,0,0,1,0,0,0,medio_baixo
5,10000.0,0,0.0,10,3,1,0,0,0,1,0,0,1,0,0,1,baixo
12,35000.0,470,0.7872340425531915,1,3,1,1,1,0,0,1,0,0,1,1,0,medio_baixo
9,10000.0,43,0.7441860465116279,10,3,1,0,0,0,1,1,0,0,0,0,0,medio_alto
1,0.0,0,0.0,0,0,1,0,0,0,0,0,0,0,0,0,0,gratuito
9,10000.0,28,0.75,1,3,1,0,0,0,0,0,0,1,0,0,1,gratuito
2,10000.0,2,1.0,1,1,1,0,0,0,0,1,0,0,0,0,0,medio_baixo
4,35000.0,3,0.3333333333333333,1,4,1,0,0,0,1,0,1,1,0,1,0,alto
3,10000.0,0,0.0,1,2,1,1,1,0,0,0,0,1,0,0,0,alto
2,0.0,0,0.0,1,3,1,1,0,1,1,1,0,0,0,0,0,gratuito
10,350000.0,1112,0.789568345323741,3,2,1,0,0,0,1,0,1,0,0,0,0,medio_baixo
4,75000.0,2,0.0,11,3,1,1,1,0,1,1,1,0,0,0,0,baixo
2,0.0,0,0.0,103,2,1,0,0,0,1,0,0,1,0,0,0,baixo
1,10000.0,0,0.0,10,3,1,0,0,0,0,0,0,1,0,1,1,medio_baixo
1,0.0,0,0.0,1,5,1,0,0,0,0,1,1,0,1,0,0,gratuito
2,0.0,0,0.0,1,4,1,0,0,0,0,0,1,0,1,0,0,gratuito
1,10000.0,0,0.0,2,3,1,0,0,0,1,0,0,1,0,1,0,alto
3,0.0,0,0.0,0,0,1,0,0,0,0,0,0,0,0,0,0,gratuito
3,10000.0,3,0.6666666666666666,2,2,1,0,0,0,0,1,0,0,0,0,1,medio_alto
11,10000.0,125,0.68,7,1,1,0,1,1,1,0,0,0,0,0,0,medio_alto
2,10000.0,0,0.0,8,3,1,0,0,0,1,0,0,1,0,0,0,gratuito
6,10000.0,152,0.5855263157894737,2,3,1,0,0,0,1,0,0,0,1,0,1,medio_baixo
2,0.0,0,0.0,0,0,1,0,0,0,0,0,0,0,0,0,0,gratuito
5,35000.0,1,1.0,1,2,1,1,0,1,1,0,0,0,1,0,0,alto
4,10000.0,29,0.6896551724137931,2,4,1,0,0,1,1,1,1,0,0,0,0,gratuito
4,10000.0,18,0.8888888888888888,2,4,1,0,0,0,1,1,1,1,0,0,0,alto
2,10000.0,1,1.0,1,2,1,0,0,0,1,1,0,0,0,0,0,baixo
8,10000.0,13,0.9230769230769231,1,2,1,0,0,0,1,0,0,1,0,0,0,baixo
1,0.0,0,0.0,5,1,1,0,0,0,0,0,1,0,0,0,0,baixo
6,10000.0,7,1.0,6,3,1,0,0,2,1,1,0,1,0,0,0,alto
1,10000.0,65,0.9384615384615385,2,1,1,0,0,0,0,0,0,0,1,0,0,alto
1,0.0,0,0.0,5,4,1,0,0,0,1,0,0,1,1,1,0,alto
6,75000.0,255,0.8509803921568627,1,5,1,0,0,0,1,1,1,1,0,0,0,gratuito
11,10000.0,36,0.6388888888888888,1,3,1,0,0,0,1,1,1,0,0,0,0,gratuito
3,10000.0,1,0.0,2,1,1,0,0,0,1,0,0,0,0,0,0,medio_baixo
1,10000.0,19,0.9473684210526315,12,6,1,0,0,0,1,1,1,1,0,1,0,medio_alto
1,10000.0,0,0.0,13,3,1,0,0,0,1,0,0,1,0,0,1,alto
2,10000.0,7,1.0,2,2,1,0,0,0,0,0,0,0,1,0,1,baixo
11,75000.0,114,0.6666666666666666,2,1,1,0,1,0,0,1,0,0,0,0,0,baixo
4,10000.0,28,0.6785714285714286,3,3,1,0,0,0,0,0,1,0,1,0,1,alto
2,0.0,0,0.0,1,4,1,0,0,0,1,0,1,1,0,0,0,gratuito
1,35000.0,56,0.875,1,3,1,0,0,0,1,0,1,0,1,0,0,medio_baixo
6,10000.0,2,0.5,1,4,1,0,0,0,1,1,0,1,1,0,0,medio_alto
17,3500000.0,67472,0.9488973203699312,8,1,1,1,1,21,0,1,0,0,0,0,0,medio_alto
5,10000.0,0,0.0,1,6,1,0,0,0,0,1,1,1,1,0,0,gratuito
4,10000.0,71,0.8450704225352113,5,4,1,0,0,0,1,0,1,1,0,0,1,medio_baixo
1,0.0,0,0.0,0,0,1,0,0,0,0,0,0,0,0,0,0,gratuito
2,10000.0,5,1.0,2,4,1,0,0,0,1,1,1,1,0,0,0,medio_alto
3,10000.0,0,0.0,1,1,1,0,0,1,1,0,0,0,0,0,0,baixo
9,35000.0,100,0.97,1,1,1,0,0,0,0,0,1,0,0,0,0,medio_alto
11,10000.0,22,0.5,1,2,1,0,0,0,1,1,0,0,0,0,0,medio_alto
1,0.0,0,0.0,4,1,1,0,0,0,0,1,0,0,0,0,0,medio_baixo
3,750000.0,7127,0.884804265469342,10,3,1,0,0,2,1,1,1,0,0,0,0,alto
1,0.0,0,0.0,1,2,1,1,0,0,1,1,0,0,0,0,0,medio_alto
8,35000.0,57,0.5789473684210527,9,3,1,0,0,0,1,1,1,0,0,0,0,alto
3,0.0,0,0.0,13,2,1,0,0,0,1,0,0,0,0,0,1,gratuito
4,10000.0,2,1.0,1,2,1,0,0,0,1,1,0,0,0,0,0,medio_baixo
1,0.0,0,0.0,0,0,1,0,0,0,0,0,0,0,0,0,0,gratuito
5,10000.0,4,1.0,1,4,1,0,1,0,1,1,1,1,0,0,0,medio_alto
3,10000.0,19,1.0,1,3,1,1,0,0,1,0,0,1,0,1,0,baixo
2,0.0,0,0.0,0,0,1,0,0,0,0,0,0,0,0,0,0,gratuito
5,10000.0,17,0.9411764705882353,1,2,1,0,0,0,1,0,0,1,0,0,0,baixo
9,350000.0,127,0.4409448818897638,1,3,1,0,0,0,1,0,1,0,1,0,0,baixo
3,10000.0,1,1.0,3,3,1,0,0,0,1,1,0,1,0,0,0,medio_alto
8,10000.0,25,0.32,1,2,1,0,0,0,1,0,0,1,0,0,0,baixo
6,35000.0,270,0.7925925925925926,9,2,1,1,0,0,1,0,1,0,0,0,0,gratuito
1,10000.0,0,0.0,2,5,1,1,0,0,1,0,1,1,1,0,1,medio_alto
6,35000.0,112,0.9464285714285714,1,2,1,1,1,0,1,0,1,0,0,0,0,baixo
5,35000.0,15,0.7333333333333333,1,2,1,0,0,0,1,0,0,1,0,0,0,medio_baixo
9,10000.0,2,0.5,1,5,1,0,0,0,1,1,1,0,0,0,0,medio_alto
5,10000.0,30,0.9333333333333333,1,3,1,0,0,0,1,1,0,1,0,0,0,baixo
1,10000.0,0,0.0,1,1,1,0,0,1,0,0,0,1,0,0,0,baixo
7,35000.0,53,0.7735849056603774,1,3,1,1,0,1,1,0,1,0,1,0,0,gratuito
4,10000.0,19,1.0,2,2,1,0,0,1,1,1,0,0,0,0,0,alto
7,10000.0,77,0.7662337662337663,1,2,1,0,0,0,1,1,0,0,0,0,0,alto
9,75000.0,44,0.75,1,4,1,0,0,0,1,1,0,0,0,1,0,gratuito
5,10000.0,15,0.6,1,3,1,0,0,0,1,0,0,1,0,1,0,alto
2,10000.0,1,0.0,5,2,1,0,0,0,1,0,1,0,0,0,0,medio_baixo
2,10000.0,0,0.0,2,2,1,0,0,0,1,0,1,0,0,0,0,alto
8,10000.0,1,0.0,6,3,1,0,0,0,1,1,0,0,0,0,1,alto
1,0.0,0,0.0,1,4,1,0,0,0,0,1,0,0,0,1,1,baixo
2,0.0,0,0.0,1,5,1,0,1,0,1,1,1,1,0,0,0,gratuito
3,35000.0,31,0.3870967741935484,2,5,1,0,0,0,0,0,0,0,0,1,1,gratuito
9,75000.0,1413,0.7515923566878981,1,5,1,0,0,0,1,1,1,0,1,0,0,medio_alto
1,0.0,0,0.0,1,4,1,0,0,0,1,1,0,1,0,0,0,gratuito
4,10000.0,18,0.8888888888888888,1,5,1,0,0,0,1,1,1,1,0,0,1,alto
8,10000.0,31,0.7096774193548387,5,3,1,0,0,0,1,1,0,0,0,0,1,medio_alto
4,0.0,0,0.0,103,3,1,1,1,0,1,0,0,1,0,1,0,baixo
7,350000.0,3569,0.9024936957130849,2,2,1,0,0,0,1,1,0,0,0,0,0,medio_baixo
9,10000.0,9,1.0,1,2,1,0,0,0,0,0,1,1,0,0,0,medio_alto
5,10000.0,0,0.0,29,6,1,1,1,0,1,1,1,1,1,1,0,baixo
1,10000.0,30,0.5,1,6,1,0,0,0,1,1,0,1,0,1,1,gratuito
5,10000.0,250,0.86,1,3,1,0,0,0,1,0,1,1,0,0,0,alto
2,75000.0,2407,0.8570835064395513,5,4,1,0,0,2,0,1,1,0,1,0,1,baixo
1,10000.0,0,0.0,8,4,1,0,0,0,0,1,1,0,0,0,1,baixo
3,10000.0,0,0.0,28,7,1,1,1,0,1,0,0,0,0,1,1,gratuito
7,10000.0,296,0.8513513513513513,7,3,1,0,1,0,1,1,0,1,0,0,0,medio_baixo
3,10000.0,0,0.0,1,2,1,0,0,0,0,1,0,0,0,0,0,medio_alto
9,10000.0,11,0.2727272727272727,1,3,1,0,0,0,1,0,1,1,0,0,0,medio_baixo
6,35000.0,594,0.9612794612794613,22,2,1,1,1,1,1,0,0,0,0,1,0,alto
7,10000.0,16,1.0,5,2,1,0,0,0,1,1,0,0,0,0,0,alto
13,150000.0,918,0.6623093681917211,8,2,1,1,1,0,1,0,1,0,0,0,0,baixo
2,10000.0,1,1.0,1,2,1,1,0,0,0,1,1,0,0,0,0,medio_alto
2,10000.0,0,0.0,1,2,1,0,0,0,1,0,0,0,0,0,1,medio_alto
1,0.0,0,0.0,8,4,1,0,0,0,1,1,1,0,0,0,0,baixo
5,350000.0,2242,0.8884924174843889,8,2,1,0,0,0,0,1,1,0,0,0,0,alto
2,10000.0,15,0.7333333333333333,1,3,1,0,0,0,1,1,1,0,0,0,0,medio_baixo
1,10000.0,0,0.0,3,3,1,0,0,0,1,1,0,1,0,0,0,medio_alto
5,10000.0,17,0.6470588235294118,103,3,1,0,0,0,1,0,0,0,0,0,1,baixo
8,10000.0,7,0.8571428571428571,8,1,1,1,1,1,0,0,1,0,0,0,0,medio_baixo
5,0.0,0,0.0,0,0,1,0,0,0,0,0,0,0,0,0,0,gratuito
9,35000.0,97,0.7422680412371134,1,4,1,1,0,0,0,1,1,1,1,0,0,baixo
9,75000.0,1687,0.8980438648488441,28,2,1,0,0,0,1,0,0,1,0,0,0,baixo
2,10000.0,0,0.0,2,2,1,0,0,0,0,1,0,1,0,0,0,medio_baixo
1,10000.0,75,0.88,1,3,1,1,0,0,1,0,0,0,0,1,1,alto
3,0.0,0,0.0,1,3,1,0,0,0,1,0,1,0,0,0,0,gratuito
1,10000.0,0,0.0,11,4,1,0,0,0,1,0,1,1,0,0,0,alto
5,10000.0,0,0.0,3,3,1,0,0,0,0,0,0,1,0,1,1,medio_alto
10,75000.0,213,0.8215962441314554,2,3,1,1,1,2,0,0,1,1,0,0,1,medio_baixo
7,10000.0,355,0.8929577464788733,8,5,1,1,1,3,1,1,0,1,0,1,1,medio_alto
6,10000.0,11,0.8181818181818182,1,3,1,1,0,0,1,0,0,1,0,0,0,medio_baixo
1,10000.0,0,0.0,13,3,1,0,1,1,1,0,0,1,0,1,0,alto
8,75000.0,260,0.6461538461538462,1,2,1,1,0,0,1,0,0,1,0,0,0,alto
11,35000.0,301,0.4053156146179402,10,2,1,0,0,0,1,1,0,0,0,0,0,alto
4,35000.0,17,0.7647058823529411,5,3,1,0,1,0,1,1,0,0,1,0,0,medio_baixo
14,35000.0,197,0.7258883248730964,2,2,1,0,0,0,1,1,0,0,0,0,0,medio_baixo
1,0.0,0,0.0,1,5,1,1,0,0,1,1,1,0,1,1,0,baixo
11,35000.0,123,0.8455284552845529,2,3,1,1,1,1,1,1,0,0,0,1,0,medio_baixo
9,10000.0,269,0.7955390334572491,1,3,1,0,0,0,1,1,0,1,0,0,0,baixo
1,10000.0,0,0.0,1,3,1,0,0,0,1,0,1,0,0,1,0,medio_baixo
2,150000.0,3561,0.8924459421510812,13,1,1,0,0,0,0,0,0,0,0,0,1,medio_alto
4,0.0,0,0.0,0,0,1,0,0,0,0,0,0,0,0,0,0,gratuito
1,10000.0,0,0.0,1,2,1,0,0,0,0,1,1,0,0,0,0,alto
5,10000.0,81,0.9629629629629629,1,4,1,0,0,0,1,0,1,1,1,0,0,gratuito
11,75000.0,99,0.6868686868686869,1,2,1,0,0,0,1,1,0,0,0,0,0,baixo
9,10000.0,105,0.6761904761904762,1,2,1,0,0,0,0,1,0,0,1,0,0,medio_alto
2,0.0,0,0.0,0,0,1,0,0,0,0,0,0,0,0,0,0,gratuito
3,35000.0,1,1.0,6,2,1,0,0,0,1,0,0,0,0,1,0,medio_alto
2,35000.0,889,0.8920134983127109,19,3,1,0,0,1,1,0,0,0,1,1,0,medio_alto
8,10000.0,0,0.0,1,1,1,0,0,0,0,0,0,1,0,0,0,medio_alto
6,10000.0,5,1.0,2,3,1,0,0,0,1,0,0,1,0,0,0,alto
1,10000.0,0,0.0,3,4,1,0,0,0,1,0,0,1,0,1,1,baixo
1,0.0,0,0.0,103,6,1,0,0,0,1,1,1,1,1,0,1,baixo
5,150000.0,98,0.7959183673469388,1,4,1,0,0,0,1,0,1,1,0,0,1,medio_alto
2,10000.0,4,0.75,1,3,1,1,1,0,1,0,0,1,0,1,0,alto
8,35000.0,28,0.7857142857142857,1,4,1,0,0,0,1,1,0,1,0,0,0,gratuito
4,10000.0,40,0.925,2,4,1,0,0,1,1,1,1,1,0,0,0,alto
1,0.0,0,0.0,1,7,1,0,0,0,1,1,1,1,1,0,0,gratuito
2,10000.0,10,0.8,2,2,1,0,0,0,0,1,1,0,0,0,0,baixo
3,10000.0,187,0.9197860962566845,1,1,1,0,0,0,0,1,0,0,0,0,0,medio_alto
1,10000.0,0,0.0,1,1,1,0,0,0,0,0,0,1,0,0,0,medio_alto
5,10000.0,5,0.6,7,2,1,0,0,0,1,1,0,0,0,0,0,baixo
5,10000.0,26,0.3076923076923077,1,1,1,0,0,0,1,0,0,0,0,0,0,baixo
1,0.0,0,0.0,0,0,1,0,0,0,0,0,0,0,0,0,0,gratuito
1,10000.0,2,1.0,1,2,1,0,0,0,0,1,0,0,0,0,0,baixo
7,10000.0,36,0.8333333333333334,4,3,1,0,0,1,1,1,0,0,1,0,0,alto
4,35000.0,2,0.5,37,2,1,1,0,0,0,0,0,0,0,1,1,medio_alto
10,150000.0,1868,0.9170235546038544,10,3,1,1,1,0,1,0,0,0,0,1,1,medio_baixo
1,10000.0,0,0.0,1,4,1,0,0,0,0,0,1,0,1,0,1,baixo
1,0.0,0,0.0,1,2,1,1,0,0,1,1,0,0,0,0,0,medio_alto
2,10000.0,23,0.9130434782608695,1,1,1,1,0,0,0,0,1,0,0,0,0,baixo
4,0.0,0,0.0,1,5,1,0,0,0,1,1,0,1,1,0,0,gratuito
6,750000.0,9484,0.6272669759595108,10,3,1,0,0,3,0,1,1,0,1,0,0,alto
6,10000.0,5,1.0,1,3,1,1,0,0,1,1,0,1,0,0,0,medio_baixo
4,10000.0,0,0.0,1,2,1,0,0,2,1,0,0,1,0,0,0,baixo
10,10000.0,27,0.4074074074074074,27,4,1,0,0,0,1,1,1,0,0,0,0,alto
7,10000.0,89,0.898876404494382,1,2,1,1,1,1,1,0,0,0,0,1,0,medio_alto
3,10000.0,0,0.0,1,2,1,0,0,0,1,0,1,0,0,0,0,alto
6,10000.0,110,0.7636363636363637,1,5,1,0,0,1,1,0,1,1,1,1,0,alto
10,10000.0,54,0.5555555555555556,1,5,1,1,1,0,1,1,0,0,0,1,1,medio_baixo
3,10000.0,51,0.7058823529411765,0,0,1,0,0,1,0,0,0,0,0,0,0,baixo
1,150000.0,1122,0.8172905525846702,2,4,1,0,0,1,1,0,1,0,1,0,0,alto
2,10000.0,5,1.0,1,3,1,0,0,0,1,0,0,1,0,1,0,baixo
6,350000.0,1712,0.915303738317757,1,3,1,0,0,1,1,0,1,0,0,0,0,gratuito
3,10000.0,2,1.0,1,4,1,0,0,0,1,1,1,0,0,0,1,medio_alto
1,10000.0,15,1.0,2,1,1,0,0,0,0,0,1,0,0,0,0,baixo
4,35000.0,4,0.5,1,5,1,0,0,0,1,0,1,1,1,0,0,baixo
7,10000.0,65,0.8153846153846154,5,4,1,1,1,1,1,1,1,1,0,0,0,baixo
18,10000.0,209,0.7511961722488039,3,1,1,0,0,0,0,0,0,0,0,0,1,medio_baixo
7,10000.0,50,0.58,2,3,1,0,0,0,1,1,0,0,0,0,0,gratuito
2,10000.0,16,0.9375,2,3,1,0,1,0,1,0,1,1,0,0,0,baixo
10,35000.0,108,0.6111111111111112,1,4,1,1,0,0,1,0,1,0,1,0,0,gratuito
5,75000.0,572,0.7622377622377622,1,3,1,0,0,0,1,1,1,0,0,0,0,medio_baixo
4,10000.0,6,0.6666666666666666,1,2,1,0,0,0,0,0,0,1,0,1,0,gratuito
2,10000.0,84,0.9880952380952381,14,5,1,0,0,1,1,1,0,1,0,1,1,medio_alto
3,0.0,0,0.0,1,2,1,0,0,0,0,1,1,0,0,0,0,gratuito
3,10000.0,9,0.8888888888888888,1,3,1,0,0,0,1,0,0,0,0,1,0,baixo
3,75000.0,998,0.9519038076152304,12,3,1,0,0,1,1,1,1,0,0,0,0,alto
1,0.0,0,0.0,1,1,1,0,0,0,0,0,0,1,0,0,0,baixo
11,150000.0,5856,0.7774931693989071,9,4,1,1,0,0,1,1,1,0,0,0,1,medio_baixo
2,0.0,0,0.0,1,4,1,0,0,0,1,0,0,1,0,0,1,gratuito
5,10000.0,78,0.8205128205128205,1,2,1,0,0,0,1,0,0,1,0,0,0,medio_alto
3,10000.0,2,0.5,2,2,1,0,0,0,1,1,0,0,0,0,0,medio_baixo
1,0.0,0,0.0,1,4,1,0,0,1,1,0,1,1,0,0,0,gratuito
6,1500000.0,12105,0.8155307724080958,10,3,1,0,0,2,0,0,1,1,0,0,0,gratuito
1,10000.0,49,0.8163265306122449,3,3,1,0,0,0,1,0,0,0,0,1,0,medio_alto
14,750000.0,2425,0.8342268041237113,5,2,1,1,0,1,1,0,1,0,0,0,0,medio_baixo
4,0.0,0,0.0,0,0,1,0,0,0,0,0,0,0,0,0,0,gratuito
10,10000.0,17,0.8823529411764706,2,5,1,0,0,0,1,0,0,1,0,0,1,medio_alto
3,10000.0,3,0.6666666666666666,2,1,1,0,0,0,0,0,0,0,1,0,0,medio_baixo
5,10000.0,68,0.8382352941176471,2,3,1,0,0,0,1,0,1,1,0,0,0,medio_alto
8,10000.0,1,1.0,1,2,1,0,0,0,1,1,0,0,0,0,0,alto
5,10000.0,0,0.0,4,3,1,0,0,0,1,1,1,0,0,0,0,medio_baixo
2,0.0,0,0.0,9,6,1,1,0,2,1,0,0,1,0,1,1,gratuito
5,10000.0,0,0.0,2,1,1,0,0,0,0,0,0,0,1,0,0,medio_alto
5,10000.0,14,0.8571428571428571,5,3,1,1,1,0,1,0,1,1,0,0,0,baixo
5,10000.0,11,0.2727272727272727,2,1,1,0,0,0,0,1,0,0,0,0,0,baixo
2,10000.0,4,0.5,9,2,1,0,1,1,1,1,0,0,0,0,0,baixo
3,10000.0,834,0.23381294964028776,1,5,1,0,0,0,1,1,0,0,1,0,1,alto
2,10000.0,0,0.0,1,2,1,0,0,0,0,0,0,1,0,0,0,medio_alto
1,0.0,0,0.0,1,9,1,0,0,0,0,1,1,1,1,1,1,gratuito
2,350000.0,5957,0.8863521907000168,17,6,1,1,1,4,1,1,1,1,1,1,0,medio_alto
1,10000.0,0,0.0,5,3,1,0,0,0,1,0,0,0,0,1,0,alto
5,0.0,0,0.0,1,4,1,0,0,0,1,1,1,1,0,0,0,gratuito
3,10000.0,0,0.0,5,1,1,0,0,0,0,0,0,1,0,0,0,baixo
7,350000.0,4939,0.9530269285280422,1,4,1,1,0,0,1,0,1,1,0,0,0,gratuito
4,10000.0,26,0.6538461538461539,15,2,1,0,0,0,1,0,0,0,0,0,1,medio_alto
3,10000.0,1,0.0,29,2,1,0,0,0,0,0,1,0,0,1,0,alto
2,10000.0,17,1.0,1,5,1,1,0,0,1,0,1,1,1,1,0,medio_baixo
6,10000.0,11,0.45454545454545453,28,2,1,0,0,0,0,1,0,0,0,0,1,medio_baixo
8,10000.0,5,0.4,1,3,1,0,0,0,1,0,0,1,0,1,0,alto
1,10000.0,6,1.0,29,1,1,1,0,0,0,0,0,1,0,0,0,medio_baixo
8,35000.0,2,1.0,1,3,1,0,0,0,0,0,1,1,1,0,0,medio_baixo
3,75000.0,328,0.6859756097560976,2,4,1,0,0,0,1,0,0,0,1,1,1,medio_alto
2,0.0,0,0.0,1,8,1,0,0,0,1,1,1,1,1,1,1,gratuito
1,0.0,0,0.0,103,5,1,0,0,0,1,0,0,1,1,0,1,alto
7,10000.0,336,0.9553571428571429,3,3,1,1,0,1,1,0,1,0,0,0,0,alto
2,10000.0,379,0.8865435356200527,10,1,1,0,0,0,0,0,1,0,0,0,0,alto
5,10000.0,18,0.6111111111111112,0,1,1,0,0,0,1,0,0,0,0,0,0,alto
4,10000.0,25,0.8,1,3,1,0,0,0,1,0,0,1,0,0,1,medio_alto
6,10000.0,24,0.5,1,4,1,0,0,0,1,1,1,0,0,1,0,medio_baixo
12,75000.0,260,0.8269230769230769,12,3,1,0,0,0,1,0,1,1,0,0,0,medio_alto
7,1500000.0,21933,0.9609264578489035,8,4,1,1,1,3,1,1,1,0,1,0,0,medio_alto
3,10000.0,8,0.25,26,4,1,0,0,0,1,1,0,0,0,1,1,baixo
2,10000.0,0,0.0,1,4,1,0,0,0,1,1,1,0,1,0,0,medio_alto
1,10000.0,0,0.0,1,3,1,0,0,0,1,1,0,0,0,0,0,medio_baixo
4,150000.0,3237,0.7117701575532901,1,2,1,0,0,4,0,0,0,0,0,1,1,alto
4,0.0,0,0.0,0,0,1,0,0,0,0,0,0,0,0,0,0,gratuito
3,0.0,0,0.0,0,0,1,0,0,0,0,0,0,0,0,0,0,gratuito
2,0.0,0,0.0,0,0,1,0,0,0,0,0,0,0,0,0,0,gratuito
5,10000.0,61,0.9672131147540983,1,1,1,1,0,0,0,0,0,0,0,1,0,alto
1,10000.0,194,0.6237113402061856,7,5,1,1,1,0,1,0,0,0,1,1,1,gratuito
1,0.0,0,0.0,1,4,1,1,1,0,1,1,1,1,0,0,0,medio_alto
2,0.0,0,0.0,0,0,1,0,0,0,0,0,0,0,0,0,0,gratuito
1,0.0,0,0.0,1,4,1,0,1,0,1,0,0,0,1,0,1,alto
3,10000.0,29,0.6551724137931034,1,3,1,0,0,0,1,1,1,0,0,0,0,medio_baixo
6,10000.0,40,0.525,1,3,1,0,0,0,0,0,0,0,0,0,1,alto
7,10000.0,1,1.0,1,3,1,0,0,0,1,0,1,0,1,0,0,medio_alto
6,10000.0,14,0.8571428571428571,8,4,1,0,0,0,0,1,1,0,1,1,0,alto
2,10000.0,0,0.0,1,3,1,0,0,0,1,0,0,1,0,0,0,alto
8,10000.0,11,0.9090909090909091,7,3,1,0,0,0,1,1,1,0,0,0,0,gratuito
3,10000.0,29,1.0,1,4,1,0,0,0,0,1,1,0,1,0,0,gratuito
11,10000.0,1,0.0,1,1,1,0,0,0,0,0,0,0,0,0,0,alto
6,10000.0,9,1.0,1,3,1,0,0,0,1,1,0,1,0,0,0,medio_baixo
3,150000.0,386,0.7487046632124352,4,4,1,0,0,0,0,0,0,1,0,0,0,medio_baixo
1,0.0,0,0.0,2,3,1,0,0,0,1,0,1,1,0,0,0,medio_alto
3,10000.0,0,0.0,2,2,1,0,0,0,1,1,0,0,0,0,0,gratuito
2,0.0,0,0.0,0,0,1,0,0,0,0,0,0,0,0,0,0,gratuito
1,10000.0,0,0.0,1,2,1,0,0,0,1,0,0,0,0,1,0,medio_alto
2,150000.0,23,0.5217391304347826,2,3,1,0,0,0,1,1,1,0,0,0,0,baixo
3,10000.0,41,0.8536585365853658,10,4,1,0,1,0,1,0,1,1,0,0,0,gratuito
6,10000.0,10,0.9,29,5,1,0,0,0,1,0,1,0,0,1,1,medio_alto
3,10000.0,0,0.0,1,3,1,0,0,0,1,1,0,0,1,0,0,baixo
3,10000.0,0,0.0,1,2,1,0,0,0,0,0,0,0,0,0,0,alto
2,0.0,0,0.0,103,9,1,1,1,0,1,1,1,1,1,1,1,alto
1,0.0,0,0.0,0,0,1,0,0,0,0,0,0,0,0,0,0,gratuito
2,10000.0,8,1.0,1,2,1,1,0,0,1,0,0,1,0,0,0,medio_baixo
2,0.0,0,0.0,1,4,1,0,0,1,1,0,1,0,1,0,0,gratuito
2,10000.0,5,0.4,1,1,1,0,0,0,0,1,0,0,0,0,0,medio_alto
3,10000.0,9,0.8888888888888888,6,4,1,0,0,0,1,1,1,0,0,0,0,alto
4,10000.0,20,0.55,1,2,1,0,0,0,0,0,0,0,1,0,0,medio_alto
5,35000.0,91,0.8131868131868132,1,3,1,0,0,0,1,0,0,1,0,1,0,gratuito
1,0.0,0,0.0,0,0,1,0,0,0,0,0,0,0,0,0,0,gratuito
5,10000.0,17,0.7058823529411765,2,5,1,0,0,2,1,0,1,0,1,1,1,alto
3,0.0,0,0.0,2,3,1,0,0,0,1,0,0,1,0,0,0,gratuito
9,10000.0,82,0.7317073170731707,2,1,1,0,0,1,0,1,0,0,0,0,0,alto
1,0.0,0,0.0,1,4,1,0,0,0,1,1,0,0,0,0,1,alto
1,0.0,0,0.0,2,3,1,0,0,0,1,0,0,1,0,0,1,baixo
10,150000.0,691,0.48914616497829233,1,4,1,1,0,0,1,1,0,1,0,1,0,baixo
1,10000.0,2,1.0,1,2,1,0,0,0,0,1,0,0,0,1,0,medio_alto
2,10000.0,2,1.0,3,5,1,0,0,0,1,1,0,0,0,1,0,medio_baixo
8,10000.0,4,1.0,2,1,1,0,0,0,0,0,0,0,0,0,0,gratuito
5,1500000.0,23811,0.8331023476544455,10,3,1,0,0,7,0,1,0,0,0,1,1,alto
5,750000.0,5812,0.9523399862353751,11,2,1,0,0,2,1,1,0,0,0,0,0,medio_baixo
1,10000.0,34,1.0,1,3,1,1,1,0,1,0,0,1,0,1,0,alto
2,10000.0,10,1.0,9,2,1,0,0,0,1,0,0,1,0,0,0,baixo
8,10000.0,28,0.7142857142857143,2,1,1,0,0,0,0,0,0,1,0,0,0,baixo
1,10000.0,68,0.5147058823529411,15,2,1,0,0,0,1,1,0,0,0,0,0,medio_baixo
2,35000.0,620,0.8596774193548387,11,5,1,1,0,0,1,0,1,0,1,1,1,medio_alto
10,350000.0,799,0.7734668335419274,1,3,1,1,0,1,1,0,0,1,0,0,0,baixo
2,10000.0,0,0.0,1,3,1,0,0,0,1,0,0,1,0,0,0,gratuito
6,10000.0,7,1.0,1,3,1,0,0,0,1,1,1,0,0,0,0,medio_alto
6,10000.0,18,1.0,1,1,1,0,0,0,0,0,0,0,0,1,0,medio_alto
2,10000.0,0,0.0,1,3,1,0,0,0,1,1,0,1,0,0,0,baixo
4,10000.0,0,0.0,1,2,1,0,0,0,1,0,0,1,0,0,0,medio_alto
2,10000.0,91,0.989010989010989,21,3,1,1,0,0,1,0,0,0,0,0,0,alto
7,10000.0,5,0.8,2,1,1,0,0,0,0,0,1,0,0,0,0,medio_baixo
3,10000.0,7,1.0,2,2,1,0,0,0,1,0,0,0,0,1,0,medio_baixo
9,35000.0,450,0.8666666666666667,2,4,1,1,1,0,1,0,0,1,0,1,1,medio_alto
3,0.0,0,0.0,0,0,1,0,0,0,0,0,0,0,0,0,0,gratuito
7,1500000.0,27527,0.9570240127874451,10,2,1,0,0,1,1,1,0,0,0,0,0,medio_alto
1,0.0,0,0.0,0,0,1,0,0,0,0,0,0,0,0,0,0,gratuito
6,35000.0,443,0.7471783295711061,20,3,1,0,0,1,1,1,1,0,0,0,0,alto
3,10000.0,10,1.0,1,3,1,1,1,0,1,0,0,1,0,0,1,medio_alto
3,35000.0,1,1.0,1,1,1,0,0,0,0,0,0,1,0,0,0,medio_baixo
4,350000.0,3495,0.874964234620887,13,4,1,0,0,4,1,0,1,1,0,0,1,medio_alto
10,35000.0,50,0.46,4,2,1,0,0,0,0,0,1,0,0,0,1,baixo
9,1500000.0,33,0.6060606060606061,2,2,1,0,1,0,1,0,0,0,0,1,0,gratuito
3,35000.0,1,0.0,5,4,1,0,0,0,1,1,1,0,1,0,0,baixo
8,35000.0,61,0.7868852459016393,4,3,1,0,0,0,1,1,0,0,0,1,0,gratuito
2,0.0,0,0.0,103,2,1,1,1,0,1,0,0,1,0,0,0,baixo
5,10000.0,50,0.94,1,3,1,0,0,0,1,1,1,0,0,0,0,medio_baixo
4,35000.0,631,0.7606973058637084,9,3,1,0,0,1,0,0,1,1,0,0,1,alto
1,0.0,0,0.0,0,0,1,0,0,0,0,0,0,0,0,0,0,gratuito
2,10000.0,7,0.7142857142857143,1,1,1,0,0,0,0,0,0,0,0,0,0,baixo
16,35000.0,111,0.8288288288288288,1,2,1,0,0,0,0,0,1,1,0,0,0,medio_alto
3,10000.0,7,0.2857142857142857,2,5,1,0,0,0,1,1,0,1,0,0,1,medio_baixo
2,10000.0,0,0.0,2,3,1,1,1,0,1,1,1,0,0,0,0,medio_alto
7,10000.0,48,0.7916666666666666,1,1,1,0,0,0,0,0,1,0,0,0,0,gratuito
5,10000.0,1,1.0,1,2,1,0,0,0,1,0,0,1,0,0,0,baixo
4,10000.0,1,0.0,1,2,1,0,1,0,1,1,0,0,0,0,0,medio_alto
5,35000.0,25,0.84,1,2,1,0,0,0,0,0,1,1,0,0,0,medio_alto
2,10000.0,102,0.7745098039215687,9,4,1,0,0,0,1,1,0,1,1,0,0,baixo
9,75000.0,679,0.8718703976435935,27,2,1,1,1,0,1,0,0,1,0,0,0,baixo
1,10000.0,0,0.0,1,4,1,0,0,0,1,1,0,0,1,0,0,alto
2,35000.0,159,0.8050314465408805,12,3,1,0,0,0,1,1,0,0,1,0,0,medio_baixo
5,350000.0,3881,0.8760628703942283,5,3,1,1,1,0,1,0,0,0,0,1,1,alto
2,10000.0,0,0.0,2,3,1,0,0,0,1,0,0,1,1,0,0,baixo
2,10000.0,0,0.0,1,1,1,0,0,0,0,1,0,0,0,0,0,medio_baixo
3,75000.0,15,0.8666666666666667,5,1,1,0,0,0,1,0,0,0,0,0,0,medio_baixo
1,0.0,0,0.0,1,2,1,0,0,0,0,0,1,0,0,1,0,alto
4,10000.0,557,0.9712746858168761,1,2,1,1,0,1,1,0,0,1,0,0,0,baixo
3,10000.0,30,0.5,1,4,1,0,0,0,1,1,1,0,0,0,1,medio_alto
7,10000.0,23,0.9565217391304348,1,2,1,0,0,0,1,1,0,0,0,0,0,alto
6,10000.0,45,0.7111111111111111,12,5,1,0,0,0,0,0,0,0,0,0,0,alto
4,10000.0,3,0.3333333333333333,12,3,1,0,1,0,1,1,1,0,0,0,0,medio_baixo
7,10000.0,0,0.0,9,4,1,0,0,0,1,1,1,0,0,0,0,medio_alto
2,10000.0,1,1.0,1,1,1,0,0,0,0,0,0,0,0,1,0,alto
7,150000.0,11,0.8181818181818182,1,2,1,0,0,0,0,1,1,0,0,0,0,gratuito
2,0.0,0,0.0,103,2,1,0,0,1,0,0,0,1,0,0,0,gratuito
4,10000.0,1,1.0,2,6,1,0,0,0,1,1,1,0,1,0,1,medio_alto
1,10000.0,0,0.0,10,2,1,0,0,0,1,0,1,0,0,0,0,medio_baixo
5,750000.0,15840,0.8421085858585858,7,4,1,1,0,3,1,1,1,0,1,0,0,alto
13,150000.0,811,0.8286066584463625,1,3,1,0,0,0,1,1,0,0,1,0,0,baixo
2,10000.0,13,0.8461538461538461,1,3,1,0,0,0,1,0,0,1,0,0,1,alto
7,35000.0,43,0.8372093023255814,7,4,1,1,1,0,1,1,1,1,0,0,0,medio_baixo
14,150000.0,323,0.8080495356037152,1,2,1,1,1,0,1,0,0,0,0,1,0,medio_baixo
13,750000.0,13940,0.896700143472023,8,2,1,0,0,0,0,1,1,0,0,0,0,alto
2,10000.0,3,1.0,2,4,1,1,0,0,1,0,0,1,1,1,0,alto
1,10000.0,6,0.8333333333333334,1,2,1,0,0,0,1,1,0,0,0,0,0,medio_baixo
4,10000.0,145,0.9724137931034482,2,2,1,0,0,0,1,0,1,0,0,0,0,medio_alto
4,0.0,0,0.0,0,0,1,0,0,0,0,0,0,0,0,0,0,gratuito
1,0.0,0,0.0,3,6,1,0,0,1,1,1,1,0,1,1,0,gratuito
5,10000.0,16,0.6875,3,3,1,0,0,0,1,0,1,1,0,0,0,medio_baixo
4,10000.0,31,0.5806451612903226,2,1,1,0,1,0,0,0,0,0,0,0,1,gratuito
3,0.0,0,0.0,1,3,1,0,0,0,1,0,0,1,1,0,0,gratuito
2,10000.0,24,0.875,8,4,1,0,0,0,1,1,1,1,0,0,0,medio_baixo
16,10000.0,0,0.0,3,2,1,0,0,0,0,0,0,0,0,1,1,medio_baixo
3,0.0,0,0.0,103,6,1,0,0,0,1,1,1,1,1,0,1,baixo
6,10000.0,12,1.0,1,4,1,1,0,0,1,0,0,0,1,0,1,medio_alto
5,10000.0,67,0.6865671641791045,1,2,1,0,0,0,0,0,1,0,1,0,0,baixo
6,10000.0,8,0.625,1,7,1,0,0,0,0,0,0,1,0,0,0,baixo
1,10000.0,1,1.0,1,1,1,0,0,0,0,0,0,1,0,0,0,alto
1,10000.0,10,1.0,6,1,1,0,0,0,1,0,0,0,0,0,0,baixo
12,150000.0,499,0.8877755511022044,8,1,1,0,0,0,0,0,1,0,0,0,0,medio_baixo
7,10000.0,17,0.9411764705882353,2,3,1,0,1,0,1,0,1,1,0,0,0,medio_alto
1,10000.0,8,1.0,2,4,1,0,0,0,1,0,0,1,0,1,1,medio_alto
4,35000.0,196,0.8112244897959183,6,0,1,0,0,1,0,0,0,0,0,0,0,baixo
4,10000.0,21,1.0,1,5,1,0,0,1,1,1,0,1,0,1,0,medio_alto
3,10000.0,6,0.6666666666666666,12,2,1,1,1,0,0,0,1,0,0,1,0,alto
1,0.0,0,0.0,6,3,1,0,0,0,1,1,0,1,0,0,0,medio_baixo
4,0.0,0,0.0,1,3,1,0,0,0,1,0,0,0,0,0,1,gratuito
5,75000.0,128,0.90625,1,2,1,1,0,35,0,0,0,0,0,0,0,gratuito
1,0.0,0,0.0,0,0,1,0,0,0,0,0,0,0,0,0,0,gratuito
1,0.0,0,0.0,0,0,1,0,0,0,0,0,0,0,0,0,0,gratuito
2,10000.0,0,0.0,2,2,1,0,0,0,1,0,0,1,0,0,0,baixo
1,0.0,0,0.0,1,1,1,0,0,0,1,0,0,0,0,0,0,medio_baixo
7,35000.0,133,0.6466165413533834,1,2,1,1,0,0,1,0,0,0,0,0,0,gratuito
3,10000.0,45,0.9555555555555556,1,3,1,0,1,0,1,1,1,0,0,0,0,medio_baixo
1,10000.0,0,0.0,1,1,1,0,0,0,1,0,0,0,0,0,0,alto
1,0.0,0,0.0,1,5,1,0,0,0,1,0,0,1,0,1,1,gratuito
2,10000.0,14,0.9285714285714286,1,3,1,0,0,0,1,0,1,1,0,0,0,baixo
3,10000.0,0,0.0,1,2,1,0,0,0,0,0,0,1,0,0,0,alto
5,1500000.0,68441,0.6842828129337678,15,1,1,0,0,4,0,1,0,0,0,0,0,medio_alto
2,10000.0,28,0.9285714285714286,1,3,1,0,0,0,1,1,0,1,0,0,0,medio_baixo
1,10000.0,0,0.0,10,3,1,0,0,0,1,0,0,0,0,1,1,baixo
10,150000.0,2693,0.9335313776457482,13,3,1,1,1,1,1,0,1,0,1,0,0,medio_baixo
3,10000.0,0,0.0,2,2,1,0,0,0,1,0,0,0,0,0,1,baixo
3,10000.0,0,0.0,1,3,1,1,1,0,1,0,0,1,0,0,1,baixo
2,10000.0,0,0.0,4,4,1,1,0,0,1,1,0,0,0,0,0,medio_baixo
6,10000.0,0,0.0,1,2,1,0,0,0,1,1,0,0,0,0,0,medio_alto
4,350000.0,265,0.9433962264150944,13,3,1,1,1,3,1,0,1,0,0,0,0,gratuito
6,10000.0,11,0.9090909090909091,1,5,1,0,0,0,1,0,1,1,0,0,1,gratuito
2,10000.0,6,0.8333333333333334,1,2,1,0,0,0,0,1,1,0,0,0,0,medio_baixo
6,35000.0,19,0.8947368421052632,1,2,1,0,0,0,1,1,0,0,0,0,0,medio_baixo
6,10000.0,2,0.5,1,3,1,1,0,0,1,0,0,0,0,0,0,alto
7,75000.0,1000,0.807,10,6,1,0,0,1,1,1,1,0,1,1,1,medio_baixo
1,10000.0,0,0.0,1,1,1,0,0,0,0,0,0,0,0,0,1,medio_alto
11,10000.0,136,0.6985294117647058,1,4,1,1,0,0,0,0,1,0,1,1,0,alto
4,35000.0,14,0.9285714285714286,1,2,1,0,0,0,0,1,0,1,0,0,0,baixo
3,10000.0,0,0.0,30,2,1,0,0,0,1,0,0,1,0,0,0,baixo
18,150000.0,483,0.6066252587991718,1,1,1,0,0,0,0,1,0,0,0,0,0,medio_baixo
3,10000.0,27,0.9259259259259259,11,2,1,0,0,0,1,0,0,1,0,0,0,baixo
2,35000.0,45,0.8444444444444444,2,1,1,0,0,0,0,1,0,0,0,0,0,medio_baixo
4,35000.0,7,0.8571428571428571,1,2,1,0,0,0,0,0,0,1,0,1,0,medio_alto
5,10000.0,5,0.6,2,2,1,0,0,0,1,0,1,0,0,0,0,baixo
2,10000.0,0,0.0,2,2,1,0,0,0,1,1,0,0,0,0,0,gratuito
3,10000.0,19,0.9473684210526315,1,3,1,1,0,0,0,0,0,0,0,0,0,alto
3,10000.0,1,1.0,29,3,1,0,0,0,1,1,0,1,0,0,0,baixo
10,10000.0,97,0.8144329896907216,7,2,1,1,0,0,1,1,0,0,0,0,0,alto
6,75000.0,10,0.7,2,4,1,0,0,0,1,0,0,1,0,1,0,gratuito
10,350000.0,2220,0.9238738738738739,7,2,1,0,1,4,1,0,1,0,0,0,0,gratuito
2,10000.0,5,0.8,4,3,1,0,0,0,0,0,0,1,0,1,1,medio_alto
9,35000.0,787,0.7890724269377383,1,2,1,0,0,1,1,0,0,0,0,1,0,medio_alto
2,0.0,0,0.0,1,2,1,0,0,0,0,0,0,0,0,0,0,gratuito
6,35000.0,9,0.8888888888888888,1,4,1,0,0,0,1,1,0,1,0,0,0,gratuito
2,10000.0,1,1.0,2,1,1,0,0,0,1,0,0,0,0,0,0,medio_alto
10,10000.0,12,0.9166666666666666,1,2,1,0,0,0,0,0,1,1,0,0,0,medio_alto
5,10000.0,15,0.7333333333333333,2,2,1,0,0,0,1,0,1,0,0,0,0,medio_baixo
4,0.0,0,0.0,1,1,1,0,0,0,0,0,0,0,1,0,0,gratuito
10,75000.0,172,0.7790697674418605,1,8,1,1,0,0,1,0,1,0,1,0,0,gratuito
2,0.0,0,0.0,103,5,1,1,0,0,1,1,0,1,0,1,0,medio_baixo
4,10000.0,149,0.7919463087248322,3,2,1,0,0,0,1,0,0,0,0,0,1,medio_alto
4,10000.0,0,0.0,1,4,1,0,0,0,1,0,0,0,1,1,0,alto
3,10000.0,16,0.8125,12,2,1,0,0,0,1,0,0,1,0,0,0,medio_baixo
2,0.0,0,0.0,0,0,1,0,0,0,0,0,0,0,0,0,0,gratuito
8,10000.0,2,0.5,1,2,1,0,0,0,0,0,1,1,0,0,0,medio_alto
1,10000.0,0,0.0,7,4,1,0,0,0,1,1,1,0,1,0,0,alto
10,10000.0,10,0.2,2,2,1,0,0,0,1,0,0,1,0,0,0,medio_baixo
1,0.0,0,0.0,1,4,1,0,0,0,1,0,0,1,0,0,1,gratuito
9,75000.0,1607,0.8562538892345987,2,2,1,1,0,1,1,1,0,0,0,0,0,baixo
6,10000.0,1,0.0,1,3,1,1,0,0,0,0,0,0,0,0,0,alto
5,10000.0,53,0.7735849056603774,1,2,1,0,0,0,1,0,1,0,0,0,0,medio_alto
6,75000.0,383,0.8798955613577023,16,2,1,0,0,0,0,0,0,1,0,0,0,gratuito
2,10000.0,4,1.0,2,2,1,0,0,0,1,0,1,0,0,0,0,medio_alto
2,10000.0,18,0.5,1,2,1,0,0,0,1,0,1,0,0,0,0,baixo
1,10000.0,2,0.5,1,3,1,0,0,0,1,1,0,0,0,1,0,baixo
4,10000.0,3,1.0,1,2,1,0,0,0,0,0,1,1,0,0,0,medio_alto
5,10000.0,15,0.5333333333333333,1,4,1,0,0,0,1,0,1,1,0,1,0,baixo
3,10000.0,16,0.6875,1,3,1,0,0,0,1,0,1,1,0,0,0,medio_baixo
3,10000.0,6,0.8333333333333334,2,1,1,0,0,0,0,1,0,0,0,0,0,medio_baixo
4,10000.0,25,0.76,1,3,1,0,0,0,1,0,0,0,0,0,0,gratuito
3,10000.0,3,1.0,1,2,1,0,0,0,1,1,0,0,0,0,0,alto
2,10000.0,0,0.0,2,1,1,0,0,0,0,0,0,1,0,0,0,medio_alto
3,10000.0,9,1.0,10,3,1,0,0,0,1,0,1,1,0,0,0,medio_baixo
1,0.0,0,0.0,103,2,1,0,0,0,0,0,0,1,0,0,1,baixo
3,10000.0,11,1.0,1,3,1,0,0,0,1,1,1,0,0,0,0,baixo
3,10000.0,2,1.0,1,3,1,0,0,3,0,0,1,1,0,0,1,medio_baixo
4,0.0,0,0.0,0,0,1,0,0,0,0,0,0,0,0,0,0,gratuito
9,10000.0,7,0.7142857142857143,2,1,1,0,0,0,0,1,0,0,0,0,0,baixo
5,0.0,0,0.0,7,3,1,1,1,1,0,0,0,0,0,1,1,gratuito
1,0.0,0,0.0,1,4,1,0,0,0,1,1,0,0,1,0,0,gratuito
1,10000.0,0,0.0,4,5,1,0,0,0,1,0,1,1,0,1,1,baixo
1,10000.0,0,0.0,1,3,1,0,0,0,1,1,0,0,0,1,0,alto
2,35000.0,30,1.0,2,3,1,1,0,0,1,0,1,0,0,0,1,alto
5,10000.0,10,1.0,1,3,1,0,0,0,1,1,0,0,0,0,0,gratuito
4,10000.0,0,0.0,1,1,1,0,0,0,1,0,0,0,0,0,0,medio_baixo
1,10000.0,99,0.98989898989899,2,2,1,1,1,1,1,0,1,0,0,0,0,alto
6,10000.0,54,0.9074074074074074,1,1,1,1,0,0,1,0,0,0,0,0,0,medio_alto
3,0.0,0,0.0,0,0,1,0,0,0,0,0,0,0,0,0,0,gratuito
7,10000.0,2,1.0,1,3,1,0,0,0,0,0,1,0,0,1,0,medio_baixo
6,35000.0,443,0.8645598194130926,2,3,1,1,1,0,1,0,1,1,0,0,0,gratuito
5,35000.0,209,0.7942583732057417,4,4,1,1,0,1,1,0,0,0,1,1,1,alto
13,150000.0,991,0.8183652875882946,1,2,1,1,1,1,1,0,1,0,0,0,0,baixo
7,10000.0,0,0.0,1,2,1,0,0,0,1,0,0,1,0,0,0,alto
5,0.0,0,0.0,0,0,1,0,0,0,0,0,0,0,0,0,0,gratuito
9,35000.0,196,0.7091836734693877,1,2,1,0,0,0,1,1,0,0,0,0,0,baixo
1,0.0,0,0.0,103,4,1,0,0,0,1,0,1,1,0,0,1,medio_alto
5,750000.0,21432,0.9618794326241135,14,3,1,1,0,0,0,0,0,1,0,1,1,alto
8,10000.0,19,0.5789473684210527,1,2,1,0,0,0,0,0,0,0,0,1,1,gratuito
2,0.0,0,0.0,1,3,1,0,0,0,0,0,1,0,0,0,1,gratuito
4,35000.0,19,0.8947368421052632,1,1,1,1,0,0,0,0,1,0,0,0,0,medio_alto
12,350000.0,7669,0.934280871039249,1,2,1,1,1,2,1,0,1,0,0,0,0,medio_alto
4,10000.0,11,0.5454545454545454,1,3,1,0,0,0,1,0,0,1,0,1,0,alto
1,0.0,0,0.0,1,2,1,0,0,0,1,0,0,0,0,0,0,gratuito
11,10000.0,24,0.4583333333333333,1,5,1,1,0,0,1,1,1,0,0,1,0,gratuito
10,10000.0,140,0.6357142857142857,6,1,1,1,1,1,0,0,0,0,1,0,0,medio_alto
9,10000.0,2,1.0,2,4,1,0,0,0,1,1,0,1,0,0,0,alto
1,10000.0,11,1.0,1,3,1,1,0,5,0,0,1,0,1,1,0,alto
2,0.0,0,0.0,0,0,1,0,0,0,0,0,0,0,0,0,0,gratuito
2,10000.0,15,0.8,2,3,1,0,0,0,1,0,0,1,0,0,1,alto
3,10000.0,20,0.85,1,4,1,0,0,0,1,0,0,0,0,0,0,alto
3,35000.0,21,0.8571428571428571,1,2,1,0,0,0,1,0,0,0,0,1,0,baixo
1,10000.0,41,0.926829268292683,9,4,1,1,0,0,1,0,0,0,1,0,1,alto
2,10000.0,3,1.0,1,3,1,0,0,0,1,0,0,1,0,0,1,medio_baixo
2,10000.0,21,0.7142857142857143,1,1,1,1,1,0,0,0,0,0,1,0,0,alto
5,10000.0,9,0.7777777777777778,1,3,1,0,0,0,1,1,0,1,0,0,0,alto
1,10000.0,0,0.0,27,2,1,1,1,0,1,0,0,0,0,0,1,baixo
2,10000.0,12,0.8333333333333334,1,3,1,0,0,0,1,0,0,0,0,1,1,medio_alto
2,10000.0,3,1.0,5,5,1,0,0,0,1,0,1,1,0,0,0,medio_alto
6,10000.0,3,1.0,1,4,1,1,0,0,1,1,0,1,0,1,0,medio_alto
9,35000.0,60,0.9166666666666666,1,1,1,0,0,0,0,0,1,0,0,0,0,medio_alto
1,75000.0,1,1.0,3,2,1,0,0,0,1,0,1,0,0,0,0,baixo
1,10000.0,5,1.0,1,3,1,0,0,0,1,0,1,0,1,0,0,alto
8,10000.0,5,0.4,1,4,1,0,0,0,1,1,1,1,0,0,0,alto
4,10000.0,17,0.4117647058823529,16,3,1,0,0,0,1,0,0,0,1,0,0,medio_alto
1,10000.0,0,0.0,3,3,1,0,0,1,1,1,1,0,0,0,0,alto
1,0.0,0,0.0,2,2,1,0,0,0,1,0,0,0,1,0,0,alto
8,10000.0,6,0.8333333333333334,2,3,1,1,0,0,1,1,0,1,0,0,0,medio_baixo
7,10000.0,2,0.0,1,1,1,0,0,0,1,0,0,0,0,0,0,medio_baixo
8,10000.0,3,1.0,1,7,1,1,0,2,1,0,1,0,1,0,0,medio_baixo
6,10000.0,59,0.6610169491525424,2,3,1,0,0,0,1,0,1,0,0,0,0,gratuito
6,10000.0,96,0.8125,2,4,1,1,0,1,1,1,1,0,0,0,1,alto
6,10000.0,25,0.72,6,1,1,0,0,0,0,0,0,0,0,0,1,medio_baixo
8,35000.0,91,0.8351648351648352,1,2,1,0,0,0,1,0,0,1,0,0,0,gratuito
1,10000.0,0,0.0,21,8,1,0,0,0,1,1,1,1,1,0,1,alto
2,10000.0,21,0.9523809523809523,15,2,1,0,0,0,0,0,0,0,1,0,0,medio_baixo
4,0.0,0,0.0,1,3,1,0,0,1,0,0,1,1,0,0,0,gratuito
10,150000.0,226,0.504424778761062,1,3,1,1,0,0,1,0,0,1,0,0,1,baixo
7,10000.0,94,0.851063829787234,1,4,1,1,0,0,1,0,0,1,1,0,1,baixo
3,10000.0,17,0.9411764705882353,2,3,1,0,0,0,1,1,0,1,0,0,0,baixo
2,10000.0,12,0.9166666666666666,2,1,1,0,0,0,0,0,1,0,0,0,0,baixo
4,10000.0,2,0.0,1,2,1,0,0,0,1,0,0,0,0,1,0,alto
1,10000.0,0,0.0,1,4,1,1,1,0,1,0,0,1,0,0,1,gratuito
1,0.0,0,0.0,6,2,1,0,0,0,0,0,0,0,0,1,0,gratuito
3,10000.0,0,0.0,1,1,1,0,0,0,0,0,0,1,0,0,0,baixo
5,10000.0,15,0.6,1,2,1,0,0,0,1,0,0,0,0,0,1,baixo
1,10000.0,0,0.0,5,3,1,0,0,0,1,0,0,1,0,0,1,medio_alto
6,10000.0,51,0.9019607843137255,28,1,1,0,0,0,0,0,1,0,0,0,0,medio_alto
10,35000.0,42,0.7380952380952381,1,3,1,1,1,0,1,1,0,1,0,0,0,medio_baixo
10,10000.0,40,0.975,6,1,1,1,0,0,0,0,1,0,0,0,0,medio_alto
2,10000.0,10,0.8,1,3,1,0,0,0,1,0,1,1,0,0,0,baixo
3,10000.0,20,0.85,8,4,1,0,0,0,1,1,1,0,0,0,1,alto
3,10000.0,4,1.0,2,3,1,0,0,0,1,1,0,0,0,0,0,medio_alto
8,150000.0,71,0.8028169014084507,2,1,1,0,0,0,0,0,0,0,1,0,0,baixo
3,10000.0,81,0.5061728395061729,3,5,1,0,0,0,1,0,1,1,1,0,1,alto
12,10000.0,38,0.2894736842105263,10,2,1,1,0,0,0,0,0,1,0,1,0,alto
4,10000.0,1,0.0,1,2,1,0,0,0,1,0,0,1,0,0,0,medio_alto
3,10000.0,1,1.0,1,1,1,0,0,0,0,1,0,0,0,0,0,medio_alto
2,10000.0,52,0.9807692307692307,18,6,1,0,0,0,1,1,0,1,0,1,0,medio_alto
1,0.0,0,0.0,0,0,1,0,0,0,0,0,0,0,0,0,0,gratuito
1,0.0,0,0.0,0,0,1,0,0,0,0,0,0,0,0,0,0,gratuito
5,0.0,0,0.0,0,0,1,0,0,0,0,0,0,0,0,0,0,gratuito
2,0.0,0,0.0,1,4,1,0,0,0,1,0,0,1,0,1,0,gratuito
1,0.0,0,0.0,16,6,1,0,0,0,1,0,0,1,1,1,1,gratuito
9,10000.0,4,0.5,2,3,1,0,0,0,1,0,1,1,0,0,0,medio_alto
7,35000.0,100,0.86,2,4,1,0,0,0,1,0,1,1,1,0,0,baixo
6,75000.0,2696,0.9454747774480712,12,1,1,0,0,0,1,0,0,0,0,0,0,medio_baixo
9,10000.0,13,0.5384615384615384,1,3,1,0,0,0,1,0,0,1,0,0,1,medio_alto
6,350000.0,6737,0.6084310523972094,11,3,1,0,0,4,0,1,1,0,1,0,0,alto
2,10000.0,0,0.0,4,3,1,0,0,1,1,0,0,1,0,1,0,medio_baixo
2,10000.0,0,0.0,1,5,1,0,0,0,0,0,0,1,1,1,1,alto
3,10000.0,16,1.0,1,3,1,0,0,0,1,0,1,1,0,0,0,medio_alto
1,10000.0,0,0.0,2,2,1,0,0,0,1,1,0,0,0,0,0,baixo
2,0.0,0,0.0,0,0,1,0,0,0,0,0,0,0,0,0,0,gratuito
1,10000.0,0,0.0,1,1,1,0,0,0,0,0,0,0,1,0,0,medio_alto
4,10000.0,5,0.8,1,3,1,0,0,0,1,1,1,0,0,0,0,medio_baixo
4,10000.0,18,0.5555555555555556,26,4,1,1,1,0,1,0,0,1,0,1,1,baixo
1,0.0,0,0.0,2,3,1,1,0,0,1,0,1,1,0,0,0,medio_alto
9,10000.0,9,0.6666666666666666,1,3,1,1,0,0,1,0,1,1,0,0,0,baixo
5,75000.0,28,0.8214285714285714,1,5,1,0,0,0,1,1,0,1,0,0,1,baixo
7,10000.0,22,0.8181818181818182,1,2,1,0,0,0,0,1,1,0,0,0,0,medio_alto
8,10000.0,134,0.7835820895522388,7,3,1,0,0,0,1,1,1,0,0,0,0,baixo
6,150000.0,17,0.8235294117647058,1,1,1,0,0,0,0,0,1,0,0,0,0,gratuito
2,10000.0,0,0.0,1,3,1,0,0,0,1,0,0,0,1,1,0,alto
6,10000.0,145,0.6758620689655173,10,5,1,0,0,0,1,1,0,1,0,0,0,baixo
8,10000.0,32,0.65625,1,2,1,0,0,0,0,0,1,1,0,0,0,medio_alto
6,10000.0,4,1.0,8,3,1,1,0,0,1,0,1,1,0,0,0,medio_baixo
3,0.0,0,0.0,2,3,1,0,0,1,1,1,0,1,0,0,0,gratuito
9,10000.0,20,0.7,3,2,1,0,0,0,1,0,0,1,0,0,0,gratuito
1,0.0,0,0.0,0,0,1,0,0,0,0,0,0,0,0,0,0,gratuito
1,0.0,0,0.0,30,2,1,0,1,0,0,1,1,0,0,0,0,alto
15,750000.0,7738,0.9242698371672267,8,3,1,0,0,0,0,1,1,0,1,0,0,medio_baixo
2,10000.0,28,1.0,5,2,1,0,0,0,0,1,0,1,0,0,0,medio_baixo
1,0.0,0,0.0,3,4,1,0,0,0,1,0,1,1,0,0,1,alto
8,350000.0,4263,0.9448745015247478,2,1,1,0,0,0,0,1,0,0,0,0,0,medio_alto
5,10000.0,1,1.0,1,2,1,0,0,0,1,0,0,0,0,1,0,medio_baixo
11,75000.0,202,0.8118811881188119,13,3,1,0,0,0,1,1,0,1,0,0,0,medio_alto
1,0.0,0,0.0,1,2,1,0,1,0,0,1,0,1,0,0,0,alto
2,10000.0,4,1.0,1,2,1,0,0,0,1,1,0,0,0,0,0,alto
4,0.0,0,0.0,103,2,1,0,0,0,1,0,0,1,0,0,0,baixo
2,10000.0,24,0.9166666666666666,1,5,1,0,0,0,1,1,1,1,0,0,0,gratuito
1,0.0,0,0.0,0,0,1,0,0,0,0,0,0,0,0,0,0,gratuito
6,10000.0,4,0.5,1,5,1,0,0,0,1,1,0,1,0,0,1,baixo
11,35000.0,80,0.775,2,1,1,0,0,0,0,0,0,0,0,1,0,baixo
6,10000.0,2,1.0,2,3,1,0,0,0,0,0,0,0,0,1,1,medio_alto
2,10000.0,1,1.0,1,1,1,0,0,0,1,0,0,0,0,0,0,medio_baixo
8,10000.0,6,0.8333333333333334,1,1,1,0,0,0,0,0,0,0,0,0,1,medio_baixo
3,10000.0,6,1.0,4,2,1,1,0,0,0,0,0,1,0,1,0,medio_baixo
3,10000.0,2,1.0,1,3,1,0,0,0,1,1,1,0,0,0,0,alto
3,0.0,0,0.0,1,2,1,0,0,0,1,0,1,0,0,0,0,gratuito
5,10000.0,158,0.9493670886075949,2,2,1,0,0,0,1,0,0,1,0,0,0,alto
6,35000.0,2,0.5,1,1,1,0,0,0,1,0,0,0,0,0,0,baixo
6,10000.0,2,1.0,1,3,1,1,1,1,1,1,1,0,0,0,0,baixo
3,10000.0,83,0.9518072289156626,5,3,1,0,0,1,1,0,0,1,0,1,0,medio_alto
1,0.0,0,0.0,6,1,1,0,0,0,0,0,0,0,0,0,1,medio_baixo
3,10000.0,107,0.9719626168224299,1,2,1,0,0,0,0,1,0,1,0,0,0,medio_baixo
1,10000.0,0,0.0,10,2,1,0,0,0,0,0,0,0,0,1,1,medio_baixo
10,10000.0,51,0.1568627450980392,7,2,1,0,0,0,0,0,0,1,0,0,1,baixo
9,75000.0,78,0.5769230769230769,2,4,1,0,0,0,1,1,0,1,0,1,0,medio_baixo
2,150000.0,2678,0.9660194174757282,1,2,1,1,0,1,1,0,1,0,0,0,0,medio_alto
4,10000.0,12,0.9166666666666666,9,4,1,0,0,0,1,0,1,1,0,0,0,gratuito
1,10000.0,12,0.6666666666666666,4,3,1,0,0,0,0,0,0,1,0,1,1,alto
5,10000.0,62,0.6612903225806451,2,3,1,0,0,2,1,0,0,1,0,0,1,baixo
6,10000.0,2,0.0,1,2,1,0,0,0,0,1,0,1,0,0,0,baixo
4,35000.0,3,0.6666666666666666,1,1,1,0,0,0,0,0,0,0,1,0,0,baixo
2,35000.0,50,0.96,1,4,1,1,0,1,1,0,1,0,1,1,0,medio_alto
1,10000.0,3,0.0,2,4,1,0,0,0,0,0,0,1,1,0,1,alto
1,10000.0,4,0.75,13,5,1,0,0,0,1,1,0,1,0,0,0,alto
9,10000.0,113,0.8141592920353983,4,3,1,1,1,8,1,0,0,1,0,1,0,medio_alto
7,10000.0,0,0.0,29,6,1,0,0,0,1,0,0,1,1,1,1,baixo
2,10000.0,16,0.9375,1,5,1,1,1,0,1,1,1,0,1,1,0,baixo
7,10000.0,20,0.65,8,4,1,1,1,1,1,0,0,0,0,1,1,medio_alto
9,750000.0,9758,0.9772494363599098,1,3,1,1,1,2,1,0,1,0,1,0,0,medio_baixo
9,35000.0,74,0.7567567567567568,1,5,1,0,0,1,1,1,1,0,1,0,0,gratuito
2,0.0,0,0.0,0,0,1,0,0,0,0,0,0,0,0,0,0,gratuito
6,35000.0,110,0.9090909090909091,1,2,1,0,0,0,1,1,0,0,0,0,0,alto
6,10000.0,8,0.375,1,3,1,0,0,0,1,1,1,0,0,0,0,alto
1,10000.0,6,0.8333333333333334,13,3,1,1,1,0,1,0,0,1,1,0,0,medio_baixo
1,0.0,0,0.0,2,3,1,0,0,0,1,1,1,0,0,0,0,gratuito
9,75000.0,961,0.668054110301769,7,3,1,1,1,1,1,0,1,0,0,0,1,baixo
3,0.0,0,0.0,1,5,1,0,0,0,0,0,0,0,1,1,1,gratuito
10,75000.0,167,0.5568862275449101,1,2,1,1,1,0,1,0,1,0,0,0,0,baixo
1,10000.0,25,0.96,5,2,1,0,0,0,1,0,1,0,0,0,0,medio_baixo
6,10000.0,35,0.5714285714285714,2,3,1,0,0,0,0,1,1,0,0,0,0,alto
1,10000.0,0,0.0,9,3,1,0,0,0,1,0,1,0,0,0,1,baixo
2,0.0,0,0.0,2,2,1,0,0,0,0,0,1,0,0,0,1,gratuito
1,10000.0,0,0.0,1,2,1,0,0,0,0,0,1,1,0,0,0,medio_baixo
3,0.0,0,0.0,0,0,1,0,0,0,0,0,0,0,0,0,0,gratuito
5,35000.0,14,0.9285714285714286,6,2,1,0,0,0,1,1,0,0,0,0,0,medio_alto
3,0.0,0,0.0,1,4,1,1,0,1,1,0,0,0,0,1,0,gratuito
11,35000.0,163,0.8895705521472392,18,3,1,0,0,0,0,0,0,1,0,1,1,baixo
2,10000.0,10,0.5,18,5,1,0,0,0,1,0,0,1,0,0,1,alto
5,150000.0,815,0.7226993865030675,1,4,1,1,0,0,1,0,0,1,0,1,0,gratuito
3,10000.0,1,1.0,1,4,1,0,0,3,1,0,1,1,0,1,0,baixo
1,10000.0,0,0.0,1,5,1,0,0,0,1,1,1,1,0,0,0,medio_alto
3,10000.0,20,1.0,1,1,1,0,0,0,0,0,0,1,0,0,0,medio_baixo
14,35000.0,390,0.32051282051282054,2,2,1,0,0,0,0,1,0,0,0,1,0,medio_alto
5,10000.0,4,1.0,2,2,1,0,0,0,0,0,0,1,0,1,0,gratuito
1,0.0,0,0.0,1,3,1,0,0,0,1,0,0,1,0,0,1,alto
5,10000.0,5,1.0,1,2,1,0,0,0,1,0,0,0,0,1,0,baixo
2,0.0,0,0.0,9,2,1,0,0,0,0,0,1,0,0,0,1,gratuito
15,10000.0,41,0.8292682926829268,5,2,1,0,0,0,1,1,0,0,0,0,0,medio_baixo
6,10000.0,1,1.0,1,1,1,1,0,0,1,0,0,0,0,0,0,medio_baixo
2,10000.0,1,1.0,1,3,1,0,0,0,1,0,1,0,0,1,0,baixo
1,10000.0,11,0.9090909090909091,10,4,1,0,0,0,1,0,0,1,0,0,1,baixo
4,10000.0,0,0.0,1,1,1,0,0,0,0,1,0,0,0,0,0,medio_baixo
1,0.0,0,0.0,2,5,1,0,0,0,1,0,1,1,0,1,0,gratuito
9,10000.0,9,0.8888888888888888,1,1,1,1,1,1,0,0,1,0,0,0,0,alto
4,10000.0,0,0.0,1,2,1,0,0,0,0,1,1,0,0,0,0,alto
8,10000.0,6,0.5,1,3,1,1,1,0,1,0,1,1,0,0,0,medio_alto
6,350000.0,5322,0.8013904547162721,1,6,1,1,0,1,1,0,1,1,1,0,1,gratuito
3,0.0,0,0.0,1,1,1,1,0,80,0,0,0,0,0,0,1,gratuito
2,10000.0,11,1.0,2,3,1,0,0,0,1,0,0,1,0,0,1,medio_alto
5,10000.0,11,0.9090909090909091,2,1,1,0,0,0,0,0,0,1,0,0,0,gratuito
16,150000.0,2190,0.7182648401826484,5,1,1,0,0,0,0,1,0,0,0,0,0,baixo
2,10000.0,27,0.8888888888888888,2,3,1,0,0,0,1,0,1,0,0,0,1,medio_alto
7,10000.0,7,0.7142857142857143,8,4,1,0,0,0,1,1,0,1,0,1,0,gratuito
6,10000.0,31,0.7419354838709677,1,3,1,1,1,0,1,0,0,1,0,0,0,baixo
6,10000.0,7,1.0,1,1,1,0,0,0,0,1,0,0,0,0,0,gratuito
4,10000.0,3,1.0,1,1,1,0,0,0,1,0,0,0,0,0,0,medio_alto
1,10000.0,0,0.0,27,2,1,1,1,0,1,0,0,0,0,0,1,baixo
2,0.0,0,0.0,1,3,1,0,0,37,1,1,0,0,0,0,0,gratuito
1,0.0,0,0.0,0,0,1,0,0,0,0,0,0,0,0,0,0,gratuito
3,0.0,0,0.0,1,2,1,0,0,0,1,0,1,0,0,0,0,gratuito
7,75000.0,365,0.6301369863013698,2,2,1,0,0,0,0,1,0,1,0,0,0,alto
2,0.0,0,0.0,1,3,1,0,0,0,0,1,1,0,0,0,0,gratuito
1,10000.0,22,0.7727272727272727,30,6,1,0,0,0,0,1,1,1,0,1,1,baixo
5,35000.0,5,0.8,1,2,1,0,0,0,1,0,1,0,0,0,0,baixo
3,10000.0,0,0.0,8,1,1,1,1,1,0,0,0,1,0,0,0,alto
10,10000.0,17,0.6470588235294118,1,3,1,0,0,0,1,1,1,0,0,0,0,medio_alto
1,0.0,0,0.0,1,2,1,0,0,0,1,0,0,1,0,0,0,medio_alto
6,10000.0,49,0.9387755102040817,1,2,1,1,1,0,1,0,0,1,0,0,0,medio_baixo
8,10000.0,11,0.18181818181818182,2,5,1,0,0,0,1,0,1,1,0,1,0,alto
2,10000.0,50,0.62,8,2,1,0,0,1,1,0,0,0,0,0,0,gratuito
4,0.0,0,0.0,0,0,1,0,0,0,0,0,0,0,0,0,0,gratuito
5,0.0,0,0.0,1,2,1,0,0,0,1,0,0,0,0,0,0,gratuito
2,10000.0,0,0.0,1,3,1,0,0,0,1,0,0,1,0,0,1,medio_alto
7,750000.0,3246,0.7714109673444239,1,5,1,0,0,0,1,1,0,1,0,0,0,gratuito
1,75000.0,1472,0.9198369565217391,1,3,1,0,0,0,0,1,1,0,0,0,1,alto
14,350000.0,428,0.8014018691588785,1,2,1,1,1,0,1,0,0,1,0,0,0,baixo
11,35000.0,124,0.6290322580645161,6,2,1,0,0,0,0,0,1,0,0,0,0,medio_alto
5,750000.0,14482,0.5414997928462919,4,4,1,0,0,4,0,1,0,0,1,1,1,alto
7,10000.0,4,0.5,2,1,1,0,0,0,0,0,0,1,0,0,0,medio_alto
5,75000.0,306,0.7352941176470589,2,4,1,0,0,1,1,0,0,1,1,1,0,baixo
5,350000.0,12007,0.9674356625301908,6,2,1,1,1,1,1,0,0,1,0,0,0,medio_alto
6,75000.0,72,0.6111111111111112,1,3,1,0,0,0,1,1,1,0,0,0,0,medio_baixo
10,10000.0,69,0.7246376811594203,1,3,1,1,1,0,1,0,1,1,0,0,0,baixo
1,10000.0,0,0.0,1,3,1,0,0,2,1,0,0,0,0,1,1,medio_baixo
1,10000.0,0,0.0,2,4,1,0,0,0,1,0,1,1,0,0,0,medio_alto
7,10000.0,11,0.36363636363636365,1,4,1,0,0,0,1,1,0,1,0,1,0,medio_alto
6,10000.0,22,0.7727272727272727,1,4,1,0,0,1,1,1,0,0,0,0,1,alto
10,10000.0,47,0.8723404255319149,8,1,1,0,0,0,1,0,0,0,0,0,0,medio_baixo
4,10000.0,31,0.9032258064516129,13,3,1,0,0,4,0,1,0,1,0,1,0,medio_alto
8,10000.0,18,0.5,1,2,1,0,0,0,1,1,0,0,0,0,0,baixo
4,0.0,0,0.0,0,0,1,0,0,0,0,0,0,0,0,0,0,gratuito
6,10000.0,4,1.0,1,1,1,1,0,1,1,0,0,0,0,0,0,medio_alto
4,10000.0,5,1.0,1,3,1,1,1,0,1,0,1,1,0,0,0,medio_baixo
7,10000.0,34,1.0,3,3,1,0,0,0,1,0,1,1,0,0,0,medio_baixo
2,350000.0,12279,0.9335450769606646,1,3,1,0,0,0,1,0,0,1,0,0,1,medio_alto
2,10000.0,12,0.8333333333333334,9,3,1,1,1,0,1,0,0,1,0,1,0,baixo
1,0.0,0,0.0,2,4,1,0,0,0,1,0,0,1,0,1,1,medio_alto
1,0.0,0,0.0,0,0,1,0,0,0,0,0,0,0,0,0,0,gratuito
4,10000.0,13,0.9230769230769231,8,2,1,1,1,0,1,0,0,1,0,0,0,medio_baixo
1,10000.0,0,0.0,12,1,1,0,0,1,0,1,0,0,0,0,0,alto
1,0.0,0,0.0,1,3,1,0,0,0,1,0,1,1,0,0,0,baixo
9,10000.0,38,0.7894736842105263,1,1,1,1,1,2,1,0,0,0,0,0,0,medio_alto
4,35000.0,587,0.6320272572402045,3,1,1,0,0,0,0,0,1,0,0,0,0,alto
1,10000.0,0,0.0,4,6,1,0,0,0,1,1,1,0,1,1,1,alto
1,75000.0,2,1.0,1,3,1,0,0,0,1,1,1,0,0,0,0,medio_baixo
4,10000.0,0,0.0,1,5,1,0,0,0,1,1,0,1,1,0,0,medio_alto
5,10000.0,11,0.2727272727272727,2,5,1,0,0,0,1,0,1,0,1,1,1,medio_baixo
6,10000.0,175,0.6514285714285715,1,3,1,0,0,0,1,1,0,0,0,0,1,alto
6,10000.0,0,0.0,11,2,1,0,0,1,1,0,0,1,0,0,0,baixo
3,10000.0,7,0.7142857142857143,2,2,1,0,0,0,0,0,0,1,0,0,1,medio_alto
10,75000.0,51,0.8431372549019608,2,5,1,0,0,0,1,1,1,1,0,0,1,medio_baixo
8,10000.0,17,0.29411764705882354,1,4,1,0,0,0,1,0,0,1,0,1,1,gratuito
1,10000.0,0,0.0,4,4,1,0,0,0,1,0,1,0,1,0,1,alto
3,10000.0,1,0.0,4,1,1,0,0,0,0,0,0,1,0,0,0,alto
1,10000.0,0,0.0,1,1,1,0,0,0,0,0,1,0,0,0,0,medio_alto
8,150000.0,405,0.8864197530864197,3,2,1,0,0,0,1,0,0,1,0,0,0,baixo
2,0.0,0,0.0,19,3,1,0,0,0,1,0,0,0,0,1,0,gratuito
9,10000.0,1,1.0,1,3,1,0,0,0,1,1,0,0,0,0,0,alto
2,0.0,0,0.0,1,3,1,0,0,0,0,1,0,0,0,1,0,gratuito
4,0.0,0,0.0,1,3,1,1,0,0,0,0,0,0,0,0,1,gratuito
1,10000.0,0,0.0,1,3,1,0,0,0,1,1,0,1,0,0,0,medio_baixo
5,0.0,0,0.0,0,0,1,0,0,0,0,0,0,0,0,0,0,gratuito
1,10000.0,10,1.0,2,3,1,0,0,1,1,0,1,0,1,0,0,medio_baixo
10,10000.0,40,0.6,1,2,1,0,0,0,1,0,0,1,0,0,0,medio_baixo
2,10000.0,4,0.75,1,3,1,0,0,0,1,0,0,1,0,0,0,medio_alto
2,0.0,0,0.0,103,2,1,0,0,0,1,0,1,0,0,0,0,medio_alto
10,10000.0,19,0.631578947368421,1,6,1,0,0,0,0,1,1,1,1,0,0,alto
3,10000.0,24,0.6666666666666666,1,1,1,0,0,0,0,0,0,1,0,0,0,gratuito
9,10000.0,8,0.875,1,3,1,0,0,0,1,1,0,1,0,0,0,medio_baixo
1,10000.0,4,1.0,2,4,1,0,0,0,1,0,1,0,1,0,1,medio_baixo
1,10000.0,1,1.0,1,3,1,0,1,0,1,0,0,1,0,1,0,medio_baixo
2,10000.0,686,0.8746355685131195,12,3,1,0,1,0,1,1,1,0,0,0,0,baixo
1,10000.0,0,0.0,1,3,1,0,0,0,1,1,0,0,0,0,0,medio_alto
5,10000.0,0,0.0,1,2,1,0,0,0,1,1,0,0,0,0,0,medio_alto
9,10000.0,211,0.95260663507109,2,1,1,0,0,0,0,0,0,1,0,0,0,medio_alto
2,10000.0,4,0.75,1,3,1,0,0,0,1,0,0,1,0,0,1,alto
11,10000.0,73,0.5068493150684932,3,3,1,0,0,0,1,1,1,0,0,0,0,alto
1,10000.0,3,0.6666666666666666,2,2,1,0,1,0,0,0,0,0,0,1,0,medio_alto
4,10000.0,38,0.7894736842105263,3,1,1,1,0,0,0,0,0,0,0,1,0,medio_alto
8,10000.0,38,0.7894736842105263,1,1,1,0,0,0,1,0,0,0,0,0,0,medio_baixo
10,3500000.0,62782,0.894444267465197,10,1,1,0,0,0,0,1,0,0,0,0,0,medio_alto
1,0.0,0,0.0,0,0,1,0,0,0,0,0,0,0,0,0,0,gratuito
8,10000.0,381,0.89501312335958,3,3,1,0,0,0,1,0,1,1,0,0,0,alto
4,10000.0,0,0.0,1,3,1,0,0,0,1,0,1,0,1,0,0,alto
8,10000.0,20,0.95,1,1,1,1,0,0,1,0,0,0,0,0,0,baixo
5,10000.0,0,0.0,1,1,1,0,0,0,0,0,1,0,0,0,0,baixo
2,10000.0,6,0.5,1,4,1,0,1,0,1,1,0,1,0,0,0,gratuito
2,10000.0,732,0.8169398907103825,2,7,1,0,0,0,1,1,1,1,1,1,1,baixo
5,10000.0,8,1.0,1,3,1,0,0,0,1,1,0,1,0,0,0,alto
4,10000.0,5,1.0,9,4,1,0,0,0,1,1,0,1,0,0,0,medio_alto
1,0.0,0,0.0,0,0,1,0,0,0,0,0,0,0,0,0,0,gratuito
7,10000.0,11,0.6363636363636364,1,3,1,1,1,0,1,0,1,0,1,0,0,medio_baixo
3,10000.0,18,0.8888888888888888,2,2,1,0,0,1,1,0,1,0,0,0,0,baixo
1,10000.0,0,0.0,1,3,1,0,0,0,1,1,0,0,0,0,0,gratuito
4,10000.0,71,0.9154929577464789,1,4,1,0,0,0,1,1,1,0,0,0,1,alto
1,0.0,0,0.0,2,4,1,0,0,0,0,0,0,1,0,1,0,gratuito
4,10000.0,5,1.0,1,3,1,0,0,0,0,1,1,1,0,0,0,alto
9,150000.0,426,0.8427230046948356,1,2,1,1,0,1,1,0,0,0,1,0,0,medio_baixo
2,0.0,0,0.0,0,0,1,0,0,0,0,0,0,0,0,0,0,gratuito
2,10000.0,164,0.8902439024390244,1,4,1,0,0,0,1,1,0,1,0,0,0,gratuito
2,10000.0,1,1.0,1,1,1,0,0,0,1,0,0,0,0,0,0,medio_alto
14,75000.0,968,0.90599173553719,1,3,1,1,1,0,1,1,0,1,0,0,0,medio_alto
2,10000.0,2,1.0,2,4,1,1,0,0,1,0,0,1,1,1,0,alto
2,10000.0,0,0.0,1,3,1,0,1,0,1,0,0,1,0,1,0,baixo
1,10000.0,5,1.0,2,3,1,0,0,0,1,0,1,1,0,0,0,medio_alto
3,10000.0,13165,0.3242688947968097,15,1,1,0,0,0,0,1,0,0,0,0,0,alto
5,10000.0,0,0.0,13,1,1,0,0,0,0,0,0,1,0,0,0,baixo
9,10000.0,0,0.0,10,4,1,0,0,0,0,0,0,0,0,0,0,gratuito
13,10000.0,25,0.8,1,1,1,0,0,0,0,0,0,1,0,0,0,medio_baixo
6,75000.0,3227,0.9556863960334676,11,3,1,1,1,10,1,1,1,0,0,0,0,medio_baixo
4,35000.0,283,0.8692579505300353,1,2,1,0,0,0,0,0,1,1,0,0,0,gratuito
1,0.0,0,0.0,1,1,1,0,0,0,1,0,0,0,0,0,0,baixo
7,10000.0,17,0.8235294117647058,2,3,1,0,0,0,0,0,0,0,0,0,0,medio_alto
1,10000.0,0,0.0,10,5,1,0,0,0,1,0,1,1,1,1,0,medio_alto
2,10000.0,2,1.0,1,2,1,0,0,0,0,1,0,0,0,0,0,medio_alto
11,350000.0,609,0.4482758620689655,1,2,1,1,0,0,1,0,1,0,0,0,0,medio_baixo
6,10000.0,3,1.0,7,5,1,0,0,0,1,1,0,1,0,0,0,baixo
6,10000.0,69,0.9420289855072463,2,3,1,0,0,0,1,0,1,1,0,0,0,medio_baixo
1,10000.0,2,0.5,1,2,1,0,0,0,1,0,0,0,0,0,0,medio_baixo
1,10000.0,2,1.0,1,2,1,0,0,0,0,1,0,0,0,0,0,medio_alto
3,10000.0,7,0.5714285714285714,1,2,1,0,0,0,0,0,0,0,0,1,1,alto
2,0.0,0,0.0,1,3,1,0,0,0,1,0,0,1,0,0,0,gratuito
2,150000.0,536,0.7518656716417911,14,2,1,0,0,0,1,1,0,0,0,0,0,medio_alto
1,10000.0,6,0.8333333333333334,1,3,1,0,0,0,1,0,0,1,0,1,0,baixo
8,10000.0,18,0.8333333333333334,8,2,1,0,0,0,0,0,1,1,0,0,0,medio_baixo
5,10000.0,9,1.0,15,4,1,0,0,0,1,0,1,1,1,0,0,medio_alto
15,350000.0,797,0.4905897114178168,1,3,1,0,0,0,1,1,0,0,1,0,0,baixo
8,10000.0,65,0.8153846153846154,1,4,1,0,0,2,1,0,1,1,1,0,0,medio_alto
2,10000.0,3,0.6666666666666666,1,4,1,0,0,0,1,1,1,1,0,0,0,alto
4,35000.0,77,0.36363636363636365,2,3,1,0,0,0,0,0,0,0,0,1,1,gratuito
10,10000.0,38,0.6578947368421053,1,4,1,0,0,0,1,1,0,1,1,0,0,medio_alto
2,10000.0,1,0.0,2,3,1,0,0,0,1,0,1,0,1,0,0,baixo
4,10000.0,47,0.7021276595744681,6,5,1,0,0,32,1,1,1,0,1,0,0,medio_alto
5,10000.0,36,0.6944444444444444,1,3,1,0,0,0,1,1,0,0,0,0,1,medio_baixo
3,10000.0,1,1.0,1,2,1,0,0,0,0,0,0,0,1,0,0,alto
4,10000.0,1,1.0,1,5,1,0,0,0,1,1,1,0,1,1,0,medio_alto
10,35000.0,126,0.8412698412698413,5,2,1,1,0,0,1,0,1,0,0,0,0,medio_baixo
2,350000.0,3432,0.9621212121212122,6,3,1,0,0,1,1,0,1,0,1,0,0,alto
1,0.0,0,0.0,0,0,1,0,0,0,0,0,0,0,0,0,0,gratuito
2,0.0,0,0.0,103,5,1,0,0,0,1,1,1,1,0,0,0,baixo
5,10000.0,1,1.0,1,4,1,0,0,0,1,0,0,0,0,1,1,medio_alto
8,10000.0,25,0.84,3,2,1,0,0,0,1,0,0,1,0,0,0,gratuito
6,350000.0,5,0.6,1,1,1,0,0,0,0,1,0,0,0,0,0,baixo
5,10000.0,8,0.25,2,3,1,0,0,0,1,0,0,1,0,1,0,baixo
7,75000.0,8,0.875,1,4,1,0,0,0,1,0,1,1,1,0,0,baixo
8,10000.0,2,1.0,1,1,1,0,1,0,0,1,0,0,0,0,0,medio_alto
1,10000.0,18,0.9444444444444444,1,6,1,0,1,0,1,1,1,1,0,0,1,alto
2,10000.0,0,0.0,1,1,1,0,0,0,0,0,1,0,0,0,0,baixo
1,10000.0,0,0.0,1,2,1,0,0,0,0,1,1,0,0,0,0,medio_baixo
8,10000.0,5,0.6,1,3,1,0,0,100,1,1,0,1,0,0,0,gratuito
3,10000.0,136,0.9044117647058824,2,5,1,0,0,0,1,1,1,1,1,0,0,alto
9,10000.0,77,0.8831168831168831,3,3,1,0,0,0,1,1,0,1,0,0,0,medio_alto
1,0.0,0,0.0,0,0,1,0,0,0,0,0,0,0,0,0,0,gratuito
4,35000.0,40,0.475,1,5,1,0,0,0,1,1,1,0,1,0,1,medio_baixo
4,10000.0,5,0.6,1,2,1,0,0,0,1,0,0,1,0,0,0,alto
5,10000.0,22,0.9545454545454546,1,3,1,0,0,0,1,0,0,1,0,0,0,gratuito
10,3500000.0,88502,0.909753451899392,12,2,1,0,0,6,0,1,1,0,0,0,0,alto
1,10000.0,0,0.0,1,1,1,0,0,0,0,0,0,1,0,0,0,medio_baixo
5,10000.0,26,0.9230769230769231,2,2,1,0,1,1,1,1,0,0,0,0,0,gratuito
1,0.0,0,0.0,11,3,1,0,0,0,0,0,0,1,0,1,1,gratuito
6,10000.0,35,0.9714285714285714,1,2,1,0,0,0,1,0,1,0,0,0,0,medio_alto
10,35000.0,273,0.3626373626373626,1,2,1,0,0,11,0,0,0,1,0,0,1,gratuito
5,10000.0,2,0.5,1,2,1,1,0,0,0,0,0,0,1,0,0,alto
1,0.0,0,0.0,1,2,1,0,0,0,1,0,0,0,0,0,0,medio_baixo
10,10000.0,21,0.38095238095238093,1,6,1,0,0,0,1,1,0,1,0,0,1,alto
6,10000.0,3,1.0,1,2,1,0,0,0,1,0,0,1,0,0,0,medio_alto
5,10000.0,0,0.0,3,2,1,0,0,0,0,0,1,1,0,0,0,alto
2,10000.0,14,1.0,1,3,1,0,1,0,1,1,0,0,0,0,0,medio_alto
1,10000.0,1,1.0,1,3,1,0,1,0,0,1,0,0,0,0,1,baixo
3,10000.0,22,0.5,1,3,1,0,0,0,1,0,1,1,0,0,0,alto
1,10000.0,21,0.9523809523809523,1,3,1,0,0,0,0,0,0,0,1,1,0,alto
1,10000.0,0,0.0,30,1,1,0,0,0,0,0,0,0,0,0,1,alto
10,1500000.0,27195,0.8915609487038059,13,3,1,1,1,3,1,0,0,1,0,0,0,gratuito
3,10000.0,12,1.0,1,3,1,1,0,0,1,1,0,0,0,0,0,alto
4,10000.0,0,0.0,3,2,1,0,0,1,1,0,1,0,0,0,0,medio_alto
6,35000.0,27,0.8148148148148148,1,4,1,0,0,0,1,0,1,0,0,1,1,baixo
2,10000.0,9,0.6666666666666666,1,5,1,0,0,0,1,1,1,1,0,0,0,baixo
4,10000.0,8,1.0,3,2,1,0,0,0,1,0,0,1,0,0,0,medio_alto
1,10000.0,11,0.9090909090909091,1,4,1,0,0,0,1,0,1,1,1,0,0,baixo
5,10000.0,1,1.0,1,4,1,0,0,0,1,1,1,0,0,0,0,alto
2,10000.0,4,0.0,1,2,1,0,0,0,1,0,1,0,0,0,0,medio_baixo
1,0.0,0,0.0,0,0,1,0,0,0,0,0,0,0,0,0,0,gratuito
4,10000.0,23,0.8260869565217391,1,3,1,0,0,0,1,1,1,0,0,0,0,gratuito
3,10000.0,2,1.0,1,2,1,0,0,0,0,0,0,1,0,0,0,medio_alto
1,0.0,0,0.0,0,0,1,0,0,0,0,0,0,0,0,0,0,gratuito
5,75000.0,141,0.900709219858156,22,3,1,1,0,1,1,0,0,1,0,0,0,gratuito
2,0.0,0,0.0,1,2,1,0,0,0,1,0,0,1,0,0,0,gratuito
1,0.0,0,0.0,0,0,1,0,0,0,0,0,0,0,0,0,0,gratuito
8,35000.0,41,0.5365853658536586,2,2,1,0,0,0,1,1,0,0,0,0,0,baixo
8,35000.0,749,0.9372496662216289,3,2,1,0,0,1,1,0,0,1,0,0,0,medio_alto
6,75000.0,5497,0.8530107331271602,28,5,1,0,0,0,1,1,1,0,0,0,1,alto
2,0.0,0,0.0,14,4,1,0,1,0,0,0,0,1,0,1,1,gratuito
2,0.0,0,0.0,5,2,1,0,0,0,0,1,0,0,0,0,0,gratuito
10,35000.0,6,0.5,1,3,1,1,1,1,0,1,0,0,1,1,0,alto
6,35000.0,6,0.5,8,1,1,0,0,0,0,0,0,1,0,0,0,baixo
2,10000.0,6,0.8333333333333334,4,3,1,1,0,0,0,0,1,1,0,1,0,alto
3,10000.0,95,0.7894736842105263,10,2,1,0,0,0,0,0,1,0,0,0,0,gratuito
4,10000.0,9,1.0,1,2,1,0,0,1,0,1,1,0,0,0,0,alto
1,0.0,0,0.0,1,3,1,0,0,0,0,1,1,0,0,0,0,gratuito
5,0.0,0,0.0,1,3,1,0,0,0,0,0,0,1,1,0,0,gratuito
3,10000.0,6,0.5,2,4,1,0,0,1,1,1,0,1,1,0,0,alto
2,10000.0,5,1.0,2,1,1,0,0,0,0,1,0,0,0,0,0,baixo
6,35000.0,425,0.5929411764705882,1,6,1,0,0,0,1,1,0,0,1,1,1,medio_baixo
3,10000.0,1,0.0,4,3,1,1,1,0,1,1,0,1,0,0,0,medio_baixo
4,0.0,0,0.0,0,0,1,0,0,0,0,0,0,0,0,0,0,gratuito
1,10000.0,0,0.0,1,3,1,0,0,0,1,1,0,1,0,0,0,medio_baixo
5,10000.0,1,0.0,1,4,1,0,0,0,1,1,1,1,0,0,0,medio_alto
12,150000.0,265,0.5547169811320755,5,1,1,0,0,0,0,1,0,0,0,0,0,baixo
5,10000.0,1,1.0,1,3,1,0,0,0,1,0,1,1,0,0,0,medio_baixo
1,0.0,0,0.0,0,0,1,0,0,0,0,0,0,0,0,0,0,gratuito
1,10000.0,5,1.0,11,1,1,0,0,0,0,1,0,0,0,0,0,baixo
8,75000.0,50,0.84,1,3,1,0,0,0,1,0,0,1,0,0,0,gratuito
2,10000.0,57,1.0,4,2,1,0,0,0,1,0,0,1,0,0,0,medio_baixo
5,150000.0,29,0.6896551724137931,1,3,1,1,0,0,1,1,1,0,0,0,0,gratuito
4,10000.0,2,1.0,1,5,1,0,0,0,1,1,1,1,0,1,0,medio_alto
10,75000.0,155,0.7677419354838709,6,2,1,0,0,0,1,0,1,0,0,0,0,baixo
5,10000.0,0,0.0,1,2,1,0,0,0,0,0,0,1,0,0,1,medio_baixo
1,0.0,0,0.0,1,2,1,1,0,0,1,1,0,0,0,0,0,baixo
10,10000.0,127,0.2283464566929134,1,2,1,0,0,0,1,1,0,0,0,0,0,baixo
3,0.0,0,0.0,1,2,1,0,0,0,1,0,0,0,0,0,1,gratuito
1,0.0,0,0.0,0,0,1,0,0,0,0,0,0,0,0,0,0,gratuito
10,35000.0,73,0.589041095890411,5,2,1,0,0,0,1,0,1,0,0,0,0,baixo
3,35000.0,4,1.0,1,1,1,0,1,0,0,0,1,0,0,0,0,alto
8,10000.0,7,0.7142857142857143,1,4,1,1,0,0,1,0,1,0,0,0,1,medio_baixo
7,10000.0,144,0.8402777777777778,29,4,1,1,1,1,1,0,0,1,1,0,1,baixo
4,10000.0,108,0.9444444444444444,1,3,1,0,0,1,1,1,0,1,0,0,0,medio_baixo
9,75000.0,380,0.7631578947368421,7,4,1,0,0,0,1,1,0,0,1,1,0,alto
2,10000.0,0,0.0,2,2,1,0,0,0,0,0,1,0,1,0,0,alto
4,750000.0,3679,0.900244631693395,13,1,1,0,0,1,0,0,1,0,0,0,0,medio_alto
6,10000.0,84,0.8928571428571429,3,3,1,1,1,0,1,1,0,0,0,0,1,gratuito
8,10000.0,55,0.7636363636363637,1,1,1,1,1,0,0,0,0,0,0,0,0,gratuito
1,10000.0,16,0.875,1,7,1,0,0,4,1,0,1,1,1,1,1,alto
5,10000.0,0,0.0,1,1,1,0,1,0,0,0,0,0,0,0,1,alto
9,35000.0,144,0.4930555555555556,5,2,1,0,0,0,0,0,1,1,0,0,0,medio_baixo
7,10000.0,15,0.6666666666666666,1,3,1,0,0,0,1,1,0,0,0,0,0,gratuito
5,10000.0,1,1.0,1,3,1,0,0,0,1,1,1,0,0,0,0,alto
8,350000.0,4354,0.5785484611851172,16,5,1,0,0,0,0,0,1,1,0,0,1,gratuito
5,75000.0,762,0.7559055118110236,1,2,1,1,1,1,0,1,0,0,1,0,0,alto
3,0.0,0,0.0,0,0,1,0,0,0,0,0,0,0,0,0,0,gratuito
8,10000.0,28,0.7142857142857143,1,4,1,1,0,0,1,1,1,1,0,0,0,baixo
2,0.0,0,0.0,0,0,1,0,0,0,0,0,0,0,0,0,0,gratuito
4,350000.0,2859,0.9433368310598111,1,2,1,0,0,0,1,1,0,0,0,0,0,medio_alto
9,750000.0,1980,0.9045454545454545,1,4,1,0,1,1,1,1,0,1,0,0,0,gratuito
4,10000.0,2,1.0,8,4,1,0,0,0,1,1,0,1,0,0,1,medio_baixo
8,35000.0,14,0.35714285714285715,1,3,1,1,0,0,1,0,1,0,1,0,0,baixo
5,10000.0,191,0.675392670157068,2,4,1,0,0,0,1,1,1,0,0,0,0,alto
9,75000.0,145,0.7655172413793103,2,5,1,0,0,0,1,0,1,1,0,0,1,gratuito
5,10000.0,6,1.0,6,3,1,1,1,0,1,0,0,1,0,1,0,medio_alto
2,0.0,0,0.0,103,2,1,0,0,0,1,0,0,1,0,0,0,baixo
4,10000.0,117,0.9572649572649573,1,3,1,0,0,1,1,1,1,0,0,0,0,medio_alto
8,35000.0,80,0.8,4,2,1,0,0,0,1,0,1,0,0,0,0,baixo
3,0.0,0,0.0,0,0,1,0,0,0,0,0,0,0,0,0,0,gratuito
3,10000.0,74,0.9594594594594594,1,2,1,0,0,0,1,0,1,0,0,0,0,medio_alto
4,75000.0,7,0.8571428571428571,1,3,1,0,0,0,1,1,1,0,0,0,0,medio_baixo
7,10000.0,11,0.9090909090909091,1,5,1,1,0,1,1,0,1,1,1,0,1,medio_alto
5,0.0,0,0.0,1,5,1,0,0,0,1,0,1,1,1,0,0,gratuito
2,10000.0,9,0.6666666666666666,1,4,1,0,0,0,1,1,1,0,0,0,0,gratuito
3,10000.0,14,0.6428571428571429,1,2,1,1,1,0,1,0,1,0,0,0,0,baixo
1,10000.0,20,0.75,1,3,1,0,0,2,1,0,0,0,0,1,1,baixo
4,10000.0,38,0.9210526315789473,3,5,1,0,0,0,0,1,1,1,0,0,0,gratuito
7,10000.0,8,0.25,2,2,1,0,0,0,0,0,0,0,0,0,1,alto
1,10000.0,3,1.0,2,4,1,0,0,0,1,0,1,1,1,0,0,medio_baixo
8,10000.0,1,1.0,1,3,1,0,0,0,1,1,0,0,0,0,0,alto
1,10000.0,17,1.0,4,4,1,0,0,0,1,1,1,1,0,0,0,medio_baixo
12,150000.0,991,0.8839556004036327,1,3,1,1,1,1,1,0,1,1,0,0,0,medio_alto
6,35000.0,3,0.3333333333333333,1,1,1,0,0,0,0,0,1,0,0,0,0,medio_alto
5,10000.0,0,0.0,2,2,1,0,0,0,1,0,1,0,0,0,0,baixo
3,10000.0,3,0.3333333333333333,4,1,1,0,0,0,0,0,0,1,0,0,0,medio_alto
12,10000.0,43,0.18604651162790697,1,1,1,0,0,0,0,0,0,0,0,0,1,medio_baixo
4,10000.0,0,0.0,15,3,1,0,0,0,0,0,0,1,1,0,1,medio_alto
1,0.0,0,0.0,1,4,1,0,0,0,1,1,0,0,0,1,0,alto
2,10000.0,1,1.0,1,2,1,0,0,0,1,1,0,0,0,0,0,baixo
1,10000.0,0,0.0,11,3,1,0,0,0,1,1,0,1,0,0,0,medio_baixo
4,10000.0,740,0.7918918918918919,1,3,1,0,0,0,0,1,0,0,0,0,0,alto
6,10000.0,0,0.0,1,3,1,0,0,1,0,1,1,0,1,0,0,medio_alto
8,10000.0,34,0.3235294117647059,1,3,1,0,0,0,1,1,1,0,0,0,0,baixo
4,10000.0,2,1.0,1,3,1,0,0,0,1,0,1,1,0,0,0,medio_alto
11,350000.0,1049,0.8217349857006673,11,5,1,1,1,0,1,1,0,1,1,1,0,medio_baixo
1,10000.0,3,1.0,6,2,1,0,0,0,1,1,0,0,0,0,0,medio_baixo
5,0.0,0,0.0,2,4,1,0,0,0,1,1,1,0,0,0,0,gratuito
6,10000.0,4,0.5,1,3,1,0,0,0,1,1,1,0,0,0,0,baixo
5,10000.0,4,0.75,2,3,1,0,0,0,1,1,0,1,0,0,0,medio_alto
5,10000.0,3,1.0,1,2,1,0,0,0,0,0,0,1,0,0,1,baixo
3,0.0,0,0.0,0,0,1,0,0,0,0,0,0,0,0,0,0,gratuito
3,10000.0,0,0.0,103,6,1,0,0,0,1,1,1,1,1,0,1,baixo
5,10000.0,26,0.9230769230769231,1,2,1,0,0,0,0,0,0,1,0,0,0,medio_baixo
3,35000.0,332,0.786144578313253,11,4,1,0,0,0,0,0,1,1,1,1,0,alto
4,10000.0,14,0.7857142857142857,1,5,1,1,1,0,1,1,1,0,1,1,0,medio_alto
5,35000.0,256,0.76953125,1,3,1,0,0,0,1,1,0,0,1,0,0,medio_baixo
8,350000.0,9293,0.9331755084472183,9,2,1,1,1,1,1,1,0,0,0,0,0,medio_alto
1,0.0,0,0.0,103,2,1,0,0,0,1,0,0,1,0,0,0,baixo
3,10000.0,0,0.0,2,2,1,0,0,0,0,0,1,1,0,0,0,alto
6,10000.0,1,0.0,1,3,1,0,0,0,1,1,0,1,0,0,0,baixo
1,10000.0,0,0.0,1,4,1,0,0,0,1,0,1,0,0,0,0,alto
12,150000.0,359,0.754874651810585,2,2,1,0,1,0,1,1,0,0,0,0,0,medio_baixo
9,75000.0,487,0.8213552361396304,3,3,1,1,1,1,1,0,1,1,0,0,0,medio_baixo
3,10000.0,0,0.0,6,2,1,0,0,0,0,1,0,1,0,0,0,medio_baixo
10,150000.0,1111,0.8937893789378938,4,3,1,1,1,4,0,0,0,1,0,0,1,gratuito
1,10000.0,3,1.0,1,1,1,0,0,0,0,0,1,0,0,0,0,medio_baixo
4,10000.0,4,1.0,1,3,1,0,0,0,1,0,1,1,0,0,0,medio_baixo
1,0.0,0,0.0,30,2,1,1,1,0,1,0,0,1,0,0,0,baixo
6,10000.0,12,1.0,1,3,1,1,0,0,1,1,1,0,0,0,0,alto
6,10000.0,4,0.25,1,3,1,0,0,0,1,1,1,0,0,0,0,baixo
6,10000.0,2,0.5,2,4,1,0,0,0,1,1,1,1,0,0,0,medio_baixo
1,10000.0,0,0.0,27,2,1,1,1,0,1,0,0,0,0,0,1,baixo
1,10000.0,0,0.0,3,2,1,0,0,0,1,0,0,0,1,0,0,medio_alto
1,10000.0,23,0.8695652173913043,5,4,1,0,0,0,1,0,0,1,0,0,1,alto
4,10000.0,0,0.0,1,1,1,0,0,1,0,0,0,1,0,0,0,medio_baixo
1,0.0,0,0.0,10,4,1,0,0,1,1,1,0,0,0,0,0,gratuito
5,10000.0,21,1.0,1,3,1,0,0,0,1,0,0,1,0,0,1,medio_alto
11,10000.0,37,0.8108108108108109,1,3,1,1,1,0,1,1,1,0,0,0,0,medio_baixo
4,10000.0,9,0.8888888888888888,1,3,1,0,0,0,0,1,0,0,1,0,0,gratuito
11,10000.0,215,0.7813953488372093,10,2,1,0,0,0,0,1,1,0,0,0,0,medio_alto
1,10000.0,0,0.0,17,3,1,0,0,0,0,0,0,0,0,1,1,alto
6,10000.0,1,1.0,1,1,1,0,0,0,0,1,0,0,0,0,0,medio_alto
12,10000.0,22,0.5,7,2,1,0,0,0,0,0,1,1,0,0,0,medio_alto
2,10000.0,60,0.7166666666666667,25,4,1,0,0,0,1,1,0,1,0,0,0,gratuito
7,10000.0,21,0.8571428571428571,9,2,1,0,0,0,1,1,0,0,0,0,0,medio_baixo
2,150000.0,334,0.5868263473053892,15,2,1,0,0,3,1,0,0,0,0,0,0,gratuito
9,10000.0,13,0.7692307692307693,1,1,1,0,0,0,0,0,0,0,0,0,1,gratuito
1,10000.0,0,0.0,1,3,1,0,0,1,0,0,1,0,1,1,0,alto
1,0.0,0,0.0,0,0,1,0,0,0,0,0,0,0,0,0,0,gratuito
8,10000.0,55,0.6727272727272727,6,2,1,0,0,0,1,0,0,0,0,1,0,alto
2,10000.0,4,1.0,5,2,1,1,1,0,1,0,0,1,0,0,0,medio_baixo
5,10000.0,4,0.75,1,5,1,0,0,0,0,1,1,1,1,0,0,alto
5,10000.0,3,0.6666666666666666,1,3,1,0,0,0,1,0,0,0,0,1,0,medio_alto
3,0.0,0,0.0,1,2,1,0,0,0,1,1,0,0,0,0,0,gratuito
8,150000.0,581,0.693631669535284,7,2,1,0,0,1,1,1,0,0,0,0,0,medio_baixo
4,10000.0,1,0.0,103,5,1,0,0,0,1,0,1,1,0,1,1,baixo
1,10000.0,0,0.0,1,3,1,0,0,0,1,0,1,0,0,0,1,baixo
7,10000.0,11,0.7272727272727273,1,2,1,0,0,0,1,1,0,0,0,0,0,gratuito
2,0.0,0,0.0,103,4,1,0,0,0,1,1,0,1,0,1,0,baixo
2,10000.0,2,1.0,1,3,1,0,0,0,1,0,1,0,1,0,0,medio_baixo
1,10000.0,0,0.0,8,5,1,0,0,0,1,1,1,1,1,0,0,alto
8,75000.0,98,0.7040816326530612,1,3,1,0,0,0,1,1,0,1,0,0,0,baixo
1,10000.0,0,0.0,11,2,1,0,0,0,1,0,1,0,0,0,0,medio_alto
3,35000.0,12,1.0,1,1,1,0,0,1,0,0,0,0,1,0,0,medio_alto
19,150000.0,340,0.6,1,2,1,0,0,0,1,0,0,1,0,0,0,medio_alto
1,10000.0,5,0.8,4,1,1,0,0,0,1,0,0,0,0,0,0,medio_alto
2,10000.0,3,1.0,0,1,1,0,0,0,1,0,0,0,0,0,0,medio_alto
1,10000.0,1,1.0,1,2,1,0,0,0,1,0,0,1,0,0,0,medio_baixo
6,10000.0,15,0.9333333333333333,3,1,1,0,0,0,1,0,0,0,0,0,0,medio_baixo
7,10000.0,51,0.6078431372549019,3,4,1,0,0,1,1,1,1,1,0,0,0,medio_baixo
1,0.0,0,0.0,26,2,1,1,1,0,1,0,0,0,0,0,1,baixo
9,10000.0,75,0.8266666666666667,1,2,1,0,0,0,1,0,0,1,0,0,0,baixo
2,10000.0,1,1.0,1,3,1,0,0,0,1,0,1,1,0,0,0,medio_alto
5,10000.0,30,0.9666666666666667,1,2,1,1,0,1,1,0,0,1,0,0,0,medio_baixo
10,350000.0,355,0.5267605633802817,2,2,1,0,0,0,1,0,0,0,0,1,0,baixo
6,10000.0,4,0.25,1,7,1,0,0,0,1,0,1,1,1,1,1,medio_baixo
4,10000.0,8,0.5,4,1,1,0,0,0,0,0,0,1,0,0,0,medio_alto
2,10000.0,0,0.0,31,2,1,0,0,0,1,0,0,1,0,0,0,baixo
1,10000.0,89,0.9775280898876404,8,2,1,1,1,0,1,0,0,1,0,0,0,alto
1,10000.0,24,0.9583333333333334,1,2,1,0,0,0,1,0,0,1,0,0,0,baixo
1,0.0,0,0.0,1,3,1,0,0,0,1,1,1,0,0,0,0,alto
1,0.0,0,0.0,0,0,1,0,0,0,0,0,0,0,0,0,0,gratuito
2,10000.0,20,1.0,2,1,1,0,0,0,0,0,1,0,0,0,0,baixo
9,10000.0,41,0.7317073170731707,1,5,1,0,0,0,1,1,1,0,0,0,0,gratuito
2,10000.0,7,1.0,1,3,1,0,0,0,1,0,1,0,1,0,0,medio_baixo
4,35000.0,1,1.0,1,1,1,0,0,0,0,1,0,0,0,0,0,medio_baixo
3,10000.0,182,0.9505494505494505,3,2,1,0,0,0,0,0,1,1,0,0,0,alto
9,10000.0,38,0.7105263157894737,1,2,1,0,0,0,0,0,0,0,0,0,0,medio_alto
4,10000.0,0,0.0,1,3,1,0,0,0,0,0,0,1,0,0,1,alto
2,10000.0,0,0.0,1,3,1,1,0,0,0,1,0,0,1,1,0,medio_alto
10,35000.0,159,0.7484276729559748,9,3,1,1,1,0,1,1,1,0,0,0,0,baixo
10,3500000.0,20311,0.642312047658904,7,3,1,0,0,15,0,0,0,0,1,0,0,gratuito
2,10000.0,0,0.0,1,3,1,0,0,0,1,1,0,1,0,0,0,medio_baixo
6,10000.0,2,1.0,1,1,1,0,0,0,0,1,0,0,0,0,0,medio_baixo
1,10000.0,0,0.0,1,1,1,0,0,0,1,0,0,0,0,0,0,alto
2,350000.0,2660,0.9090225563909774,8,2,1,0,0,0,0,1,1,0,0,0,0,alto
3,35000.0,5,0.6,2,3,1,0,0,0,1,0,1,0,1,0,0,alto
7,10000.0,3,0.3333333333333333,2,1,1,0,0,0,0,0,0,0,0,0,0,medio_alto
4,10000.0,16,0.4375,5,3,1,0,0,0,1,0,0,1,0,1,0,alto
4,10000.0,4,1.0,1,1,1,0,0,0,0,1,0,0,0,0,0,baixo
3,10000.0,11,1.0,1,3,1,0,0,0,1,1,0,1,0,0,0,medio_baixo
5,10000.0,20,0.85,2,2,1,1,1,0,1,0,0,1,0,0,0,medio_baixo
3,10000.0,0,0.0,1,1,1,0,0,0,0,1,0,0,0,0,0,baixo
1,0.0,0,0.0,2,2,1,0,0,0,0,0,0,1,0,0,0,gratuito
5,0.0,0,0.0,9,3,1,0,0,0,0,0,0,0,0,1,1,gratuito
4,35000.0,7,0.8571428571428571,1,2,1,1,0,0,1,1,0,0,0,0,0,baixo
4,10000.0,0,0.0,1,3,1,0,0,0,1,0,0,1,1,0,0,medio_alto
6,10000.0,14,0.21428571428571427,1,3,1,1,0,0,1,0,0,1,0,0,1,baixo
3,10000.0,8,1.0,1,3,1,0,0,0,1,1,0,1,0,0,0,baixo
7,10000.0,41,0.8048780487804879,1,5,1,0,0,0,1,1,1,0,0,0,1,gratuito
1,10000.0,1,1.0,1,3,1,0,0,1,1,0,0,1,0,0,0,medio_baixo
3,10000.0,1,1.0,2,2,1,0,0,0,1,0,1,0,0,0,0,medio_baixo
3,0.0,0,0.0,1,4,1,0,0,0,1,1,1,1,0,0,0,gratuito
8,10000.0,21,0.47619047619047616,3,5,1,0,0,0,1,1,1,1,0,0,1,alto
11,10000.0,63,0.8412698412698413,1,4,1,0,0,0,0,0,0,0,0,0,0,alto
8,75000.0,1439,0.8012508686587908,4,1,1,0,0,1,0,1,0,0,0,0,0,alto
9,75000.0,301,0.292358803986711,1,3,1,0,0,0,1,1,1,0,0,0,0,medio_alto
4,0.0,0,0.0,0,0,1,0,0,0,0,0,0,0,0,0,0,gratuito
4,0.0,0,0.0,1,3,1,0,0,0,1,1,0,0,0,0,0,gratuito
1,0.0,0,0.0,1,3,1,0,0,0,1,1,1,0,0,0,0,medio_alto
11,10000.0,83,0.7469879518072289,1,2,1,0,0,0,1,1,0,0,0,0,0,medio_alto
2,10000.0,313,0.8945686900958466,10,1,1,1,1,0,0,0,0,0,0,1,0,medio_alto
6,10000.0,6,1.0,2,3,1,0,0,0,1,0,0,1,0,0,0,medio_alto
2,10000.0,65,0.46153846153846156,6,4,1,0,0,0,1,0,1,1,1,0,0,medio_alto
1,0.0,0,0.0,0,0,1,0,0,0,0,0,0,0,0,0,0,gratuito
1,0.0,0,0.0,1,2,1,0,0,0,1,1,0,0,0,0,0,medio_alto
2,150000.0,822,0.7116788321167883,11,2,1,0,0,1,0,0,1,1,0,0,0,alto
1,0.0,0,0.0,0,0,1,0,0,0,0,0,0,0,0,0,0,gratuito
7,10000.0,11,0.6363636363636364,1,1,1,0,0,0,0,0,0,0,0,0,0,alto
12,750000.0,17930,0.7503625209146682,5,1,1,0,0,2,0,0,0,0,1,0,0,medio_alto
3,10000.0,5,1.0,1,1,1,0,0,0,0,0,0,0,0,1,0,medio_alto
9,1500000.0,17397,0.5725125021555441,1,3,1,0,1,0,1,1,0,0,0,0,0,gratuito
2,0.0,0,0.0,1,3,1,0,0,0,1,1,1,0,0,0,0,gratuito
2,0.0,0,0.0,0,0,1,0,0,0,0,0,0,0,0,0,0,gratuito
3,10000.0,2,1.0,6,1,1,0,0,0,1,0,0,0,0,0,0,medio_alto
2,75000.0,11,0.8181818181818182,1,2,1,0,0,0,0,0,0,0,1,0,0,gratuito
2,10000.0,5,0.6,5,6,1,0,0,0,1,0,1,1,0,0,1,medio_baixo
1,10000.0,151,0.9072847682119205,3,2,1,0,0,0,0,0,0,1,1,0,0,alto
4,0.0,0,0.0,1,5,1,1,0,0,1,0,0,1,0,0,1,gratuito
17,10000.0,0,0.0,1,1,1,0,0,0,0,0,0,0,0,0,1,medio_baixo
8,10000.0,75,0.6133333333333333,2,5,1,0,0,0,1,1,0,1,0,0,1,medio_baixo
7,10000.0,20,0.7,1,5,1,0,0,0,1,0,0,0,1,1,0,gratuito
2,0.0,0,0.0,103,4,1,0,0,0,1,0,1,1,0,0,1,baixo
10,0.0,0,0.0,0,0,1,0,0,0,0,0,0,0,0,0,0,gratuito
2,10000.0,15,0.8,1,4,1,0,0,0,1,1,0,1,0,0,0,gratuito
2,35000.0,7,0.8571428571428571,1,5,1,0,1,0,1,1,1,1,0,0,0,baixo
11,10000.0,67,0.6716417910447762,1,3,1,1,1,0,1,1,1,0,0,0,0,alto
2,35000.0,449,0.9443207126948775,3,3,1,1,0,7,1,0,0,1,0,0,1,medio_alto
9,35000.0,28,0.8571428571428571,1,2,1,0,0,0,1,1,0,0,0,0,0,medio_baixo
6,10000.0,6,0.8333333333333334,1,1,1,1,1,0,0,0,0,0,0,1,0,medio_alto
7,10000.0,3,0.6666666666666666,1,2,1,0,0,0,0,0,1,1,0,0,0,medio_alto
3,0.0,0,0.0,0,0,1,0,0,0,0,0,0,0,0,0,0,gratuito
2,0.0,0,0.0,103,2,1,0,0,0,1,0,0,1,0,0,0,baixo
1,10000.0,0,0.0,5,4,1,0,0,0,1,1,1,1,0,0,0,baixo
1,10000.0,13,0.46153846153846156,12,4,1,0,0,0,1,1,1,0,0,0,1,medio_baixo
1,0.0,0,0.0,2,2,1,0,0,0,0,0,0,0,0,1,0,gratuito
3,10000.0,0,0.0,1,3,1,0,0,0,0,1,1,0,1,0,0,medio_alto
2,10000.0,306,0.9281045751633987,1,2,1,0,0,0,1,0,0,0,1,0,0,medio_baixo
6,10000.0,45,0.8666666666666667,1,5,1,0,0,0,1,0,1,1,0,1,1,baixo
7,10000.0,0,0.0,2,3,1,0,0,1,0,0,1,1,0,0,1,medio_alto
7,35000.0,31,0.41935483870967744,2,4,1,0,0,0,1,1,1,0,0,0,0,gratuito
7,10000.0,84,0.9761904761904762,1,3,1,0,1,0,1,0,0,0,1,0,0,alto
3,0.0,0,0.0,1,3,1,0,0,1,1,0,0,1,0,0,0,gratuito
1,0.0,0,0.0,1,1,1,1,1,0,0,0,0,0,0,0,1,medio_alto
2,10000.0,12,0.75,8,1,1,0,0,0,0,0,1,0,0,0,0,medio_alto
12,35000.0,238,0.8277310924369747,1,2,1,0,0,0,1,1,0,0,0,0,0,medio_baixo
3,10000.0,3,0.6666666666666666,18,3,1,0,0,0,1,1,0,1,0,0,0,baixo
3,0.0,0,0.0,1,3,1,0,0,0,0,0,1,0,1,0,0,gratuito
7,10000.0,2,1.0,1,3,1,0,0,0,1,1,0,0,0,0,0,alto
1,10000.0,37,0.7567567567567568,14,4,1,0,0,0,0,1,0,1,0,0,0,alto
5,10000.0,0,0.0,1,2,1,0,0,1,1,0,0,1,0,0,0,baixo
2,10000.0,6,1.0,1,2,1,0,0,0,0,0,0,0,0,0,1,alto
5,10000.0,4,1.0,1,2,1,0,0,0,0,0,0,0,0,0,0,medio_alto
1,10000.0,0,0.0,1,2,1,0,0,0,1,1,0,0,0,0,0,baixo
4,1500000.0,30555,0.942398952708231,12,3,1,1,1,1,1,0,1,1,0,0,0,alto
3,10000.0,37,0.9459459459459459,1,1,1,0,0,0,0,0,0,0,1,0,0,alto
1,0.0,0,0.0,0,0,1,0,0,0,0,0,0,0,0,0,0,gratuito
2,10000.0,5,1.0,3,5,1,0,0,0,1,0,1,0,1,1,0,medio_baixo
1,35000.0,282,0.9929078014184397,1,3,1,0,0,1,1,0,0,0,0,1,0,medio_baixo
3,10000.0,0,0.0,1,3,1,0,0,0,1,0,0,1,0,1,0,baixo
10,10000.0,27,0.4444444444444444,1,4,1,0,0,0,1,0,0,1,0,0,0,baixo
6,750000.0,12702,0.7363407337427177,6,1,1,0,0,12,0,1,0,0,0,0,0,medio_alto
4,10000.0,2,1.0,1,5,1,0,0,0,0,1,0,1,0,0,1,medio_baixo
1,10000.0,1,1.0,1,2,1,0,0,0,1,0,0,1,0,0,0,medio_baixo
12,10000.0,88,0.6136363636363636,1,2,1,1,0,2,1,1,0,0,0,0,0,baixo
3,10000.0,3,0.0,1,3,1,0,0,0,1,0,0,1,0,0,1,baixo
6,10000.0,90,0.8444444444444444,1,2,1,1,0,1,1,0,0,1,0,0,0,medio_alto
5,10000.0,19,0.5263157894736842,1,5,1,0,0,0,1,1,1,0,0,1,1,gratuito
3,10000.0,15,0.4,1,2,1,0,0,0,0,0,0,0,0,0,1,baixo
1,0.0,0,0.0,0,0,1,0,0,0,0,0,0,0,0,0,0,gratuito
7,0.0,0,0.0,5,3,1,0,0,0,0,1,0,0,0,0,0,gratuito
7,10000.0,9,0.5555555555555556,1,4,1,0,0,0,1,1,1,1,0,0,0,medio_alto
3,10000.0,7,0.8571428571428571,1,1,1,0,0,2,0,0,0,0,0,0,1,alto
3,0.0,0,0.0,0,0,1,0,0,0,0,0,0,0,0,0,0,gratuito
2,10000.0,11,0.45454545454545453,1,5,1,0,0,0,1,0,1,1,1,0,1,baixo
2,10000.0,0,0.0,6,2,1,0,0,3,1,1,0,0,0,0,0,medio_baixo
6,35000.0,91,0.7032967032967034,1,2,1,0,0,0,1,0,1,0,0,0,0,medio_baixo
6,75000.0,1066,0.9821763602251408,1,3,1,0,0,0,0,0,0,1,1,0,0,gratuito
3,0.0,0,0.0,3,4,1,0,0,0,1,0,1,0,0,0,1,baixo
7,7500000.0,242067,0.9238557919914734,12,1,1,0,0,6,0,1,0,0,0,0,0,alto
3,10000.0,6,0.3333333333333333,1,4,1,0,0,0,1,1,0,1,0,0,1,medio_alto
4,10000.0,27,0.9629629629629629,1,2,1,0,0,0,1,0,0,1,0,0,0,medio_baixo
7,10000.0,16,0.75,2,3,1,0,0,0,1,1,0,0,0,0,0,medio_alto
5,35000.0,342,0.5497076023391813,7,4,1,0,0,1,1,1,1,1,0,0,0,medio_baixo
5,10000.0,2,1.0,2,2,1,0,0,0,1,1,0,0,0,0,0,baixo
3,10000.0,7,0.5714285714285714,1,3,1,0,0,0,1,0,0,1,0,0,1,alto
3,150000.0,1232,0.7922077922077922,14,2,1,0,0,3,0,0,0,0,0,1,1,alto
1,0.0,0,0.0,1,2,1,0,0,0,0,0,1,1,0,0,0,medio_alto
3,10000.0,7,1.0,1,4,1,0,0,0,1,1,1,1,0,0,0,baixo
3,10000.0,0,0.0,1,3,1,0,0,0,1,1,0,0,0,1,0,alto
5,10000.0,6,0.6666666666666666,1,2,1,0,0,0,0,0,0,0,0,0,0,gratuito
1,10000.0,2,1.0,1,1,1,0,0,0,0,0,0,0,1,0,0,medio_baixo
2,10000.0,5,0.8,1,9,1,0,0,20,1,1,1,1,1,1,1,baixo
7,10000.0,41,0.8536585365853658,1,6,1,0,0,0,1,1,1,1,1,0,0,gratuito
4,10000.0,0,0.0,1,3,1,0,0,0,1,0,0,1,0,0,0,gratuito
10,10000.0,8,0.625,1,5,1,0,0,0,1,1,1,1,0,0,1,alto
2,10000.0,1,1.0,5,6,1,0,0,0,0,1,1,1,1,0,1,medio_alto
8,10000.0,5,0.6,2,3,1,0,0,0,1,1,0,1,0,0,0,baixo
2,10000.0,14,0.8571428571428571,1,3,1,0,0,0,1,0,1,1,0,0,0,baixo
6,10000.0,12,1.0,1,4,1,0,0,0,1,1,0,1,0,0,0,medio_alto
5,10000.0,48,0.8125,2,2,1,0,0,0,1,0,0,0,1,0,0,alto
2,0.0,0,0.0,0,0,1,0,0,0,0,0,0,0,0,0,0,gratuito
6,10000.0,218,0.9311926605504587,1,3,1,1,0,0,1,0,1,1,0,0,0,gratuito
2,10000.0,34,0.9705882352941176,8,2,1,1,0,0,1,0,0,1,0,0,0,baixo
6,10000.0,78,0.8076923076923077,2,4,1,0,0,0,1,0,1,1,1,0,0,baixo
1,10000.0,0,0.0,2,2,1,0,0,0,1,0,1,0,0,0,0,medio_baixo
5,750000.0,5578,0.8999641448547867,1,5,1,1,1,0,1,1,1,0,1,0,1,alto
6,10000.0,0,0.0,1,3,1,0,0,0,1,0,0,1,0,1,0,medio_baixo
1,10000.0,0,0.0,27,2,1,1,1,0,1,0,0,0,0,0,1,medio_baixo
9,10000.0,12,0.6666666666666666,3,6,1,0,0,0,1,1,0,0,1,1,1,alto
1,10000.0,20,1.0,1,5,1,0,0,0,1,1,1,0,1,0,0,alto
7,10000.0,59,0.847457627118644,1,2,1,0,0,0,1,1,0,0,0,0,0,medio_alto
3,10000.0,0,0.0,1,5,1,0,0,0,1,1,1,1,0,0,0,gratuito
1,10000.0,30,0.7,2,3,1,1,0,0,1,1,1,0,0,0,0,baixo
6,10000.0,13,0.3076923076923077,28,4,1,1,1,0,1,0,1,1,0,0,0,alto
1,0.0,0,0.0,1,7,1,0,0,0,1,1,1,1,1,1,0,medio_alto
2,10000.0,1,0.0,0,1,1,0,0,0,1,0,0,0,0,0,0,alto
2,10000.0,50,0.86,10,1,1,0,1,0,0,1,0,0,0,0,0,alto
6,75000.0,257,0.4980544747081712,1,3,1,1,1,0,1,1,0,1,0,0,0,medio_baixo
7,10000.0,36,0.9166666666666666,1,2,1,0,0,0,1,0,0,1,0,0,0,alto
10,10000.0,69,0.6521739130434783,1,2,1,1,1,1,1,0,0,0,0,0,1,medio_baixo
2,10000.0,35,1.0,2,2,1,0,0,0,1,0,0,1,0,0,0,alto
4,75000.0,8,0.75,2,2,1,0,0,0,1,0,1,0,0,0,0,medio_baixo
11,0.0,0,0.0,2,3,1,0,0,0,1,0,0,1,0,0,1,gratuito
3,35000.0,0,0.0,7,5,1,0,0,0,1,1,1,0,0,1,1,alto
12,150000.0,584,0.7996575342465754,1,3,1,1,1,1,1,0,0,0,1,1,0,baixo
1,10000.0,0,0.0,3,4,1,0,0,1,1,1,1,0,1,0,0,medio_baixo
2,0.0,0,0.0,5,2,1,0,0,0,0,1,0,0,0,1,0,gratuito
2,0.0,0,0.0,1,6,1,0,0,8,1,1,0,0,0,0,1,gratuito
3,10000.0,13,1.0,1,2,1,0,0,0,0,0,1,0,1,0,0,baixo
3,0.0,0,0.0,63,2,1,0,0,2,1,0,0,1,0,0,0,medio_baixo
12,35000.0,77,0.5194805194805194,5,1,1,1,0,0,0,0,0,1,0,0,0,medio_alto
1,10000.0,4,0.75,1,1,1,0,0,0,0,0,0,0,1,0,0,alto
3,10000.0,0,0.0,1,3,1,0,0,0,1,0,1,0,0,0,1,gratuito
4,0.0,0,0.0,0,0,1,0,0,0,0,0,0,0,0,0,0,gratuito
1,0.0,0,0.0,1,1,1,0,1,0,0,1,0,0,0,0,0,medio_baixo
7,35000.0,50,0.6,29,4,1,0,0,0,1,1,1,1,0,0,0,baixo
1,10000.0,0,0.0,3,1,1,0,0,0,0,0,0,1,0,0,0,baixo
2,10000.0,4,0.75,2,4,1,0,0,0,1,0,1,1,0,0,1,medio_baixo
4,10000.0,4,1.0,5,3,1,1,1,0,1,0,1,1,0,0,0,baixo
7,35000.0,5,0.8,1,1,1,0,0,0,0,0,0,1,0,0,0,medio_baixo
4,10000.0,0,0.0,1,2,1,0,0,1,0,0,0,1,0,0,1,gratuito
1,10000.0,0,0.0,3,6,1,0,0,0,1,1,1,1,1,0,0,medio_baixo
9,10000.0,159,0.7610062893081762,1,3,1,0,0,7,0,0,1,0,1,1,0,alto
7,10000.0,2,0.5,1,3,1,0,0,0,1,1,0,1,0,0,0,baixo
1,0.0,0,0.0,1,4,1,0,0,0,1,0,1,1,0,0,0,medio_baixo
7,10000.0,38,0.631578947368421,1,4,1,1,0,0,1,0,1,1,0,0,1,gratuito
4,10000.0,0,0.0,1,2,1,0,0,0,1,0,1,0,0,0,0,medio_alto
9,35000.0,636,0.8915094339622641,18,3,1,0,0,0,0,0,0,0,0,0,0,alto
6,35000.0,297,0.7609427609427609,1,3,1,0,0,2,1,1,1,0,0,0,0,medio_alto
2,10000.0,14,1.0,1,3,1,0,1,0,0,0,1,0,1,0,1,medio_alto
2,0.0,0,0.0,1,3,1,0,0,0,0,1,0,0,1,0,0,gratuito
4,10000.0,16,0.75,103,5,1,1,1,0,1,1,0,1,0,1,1,alto
6,10000.0,32,0.65625,1,2,1,0,0,0,0,1,0,0,0,0,0,gratuito
3,10000.0,0,0.0,1,4,1,0,0,0,1,0,1,1,0,0,1,medio_baixo
3,10000.0,24,0.8333333333333334,1,4,1,0,0,0,1,1,1,0,1,0,0,medio_alto
5,35000.0,871,0.9701492537313433,5,1,1,0,0,1,0,0,0,1,0,0,0,baixo
11,10000.0,133,0.9699248120300752,1,2,1,1,1,0,1,0,0,1,0,0,0,medio_baixo
1,10000.0,0,0.0,11,1,1,0,0,0,1,0,0,0,0,0,0,medio_baixo
11,35000.0,340,0.9588235294117647,1,3,1,1,0,0,1,1,0,1,0,0,0,medio_baixo
2,10000.0,0,0.0,7,0,1,0,0,1,0,0,0,0,0,0,0,alto
7,10000.0,20,1.0,1,3,1,1,0,0,1,1,1,0,0,0,0,baixo
9,35000.0,105,0.4,1,3,1,0,0,0,1,1,1,0,0,0,0,baixo
1,10000.0,0,0.0,1,4,1,0,0,0,1,0,1,1,0,1,0,alto
2,350000.0,4,0.5,4,4,1,0,0,0,1,1,0,0,0,0,0,alto
1,10000.0,337,0.8071216617210683,15,2,1,0,0,0,0,0,0,0,0,0,1,alto
3,75000.0,1123,0.8575244879786287,11,3,1,0,0,0,0,1,1,1,0,0,0,alto
1,10000.0,0,0.0,3,3,1,0,0,0,1,0,1,0,1,0,0,alto
3,0.0,0,0.0,0,0,1,0,0,0,0,0,0,0,0,0,0,gratuito
9,35000.0,98,0.7755102040816326,1,2,1,1,1,1,1,1,0,0,0,0,0,baixo
4,10000.0,1,1.0,13,2,1,0,0,0,0,0,0,0,1,0,1,medio_baixo
2,0.0,0,0.0,1,5,1,0,0,0,1,0,0,1,1,1,0,gratuito
2,10000.0,226,0.9778761061946902,1,3,1,0,0,0,1,1,0,0,0,0,0,alto
1,10000.0,0,0.0,2,3,1,0,0,0,0,0,0,0,0,0,0,gratuito
4,0.0,0,0.0,1,3,1,0,0,0,0,0,0,0,0,1,0,gratuito
1,10000.0,0,0.0,5,3,1,0,1,0,1,1,1,0,0,0,0,alto
2,10000.0,8,1.0,1,3,1,0,0,0,1,0,0,1,0,0,1,medio_baixo
3,150000.0,1327,0.8733986435568952,4,2,1,0,0,2,0,1,0,0,1,0,0,alto
1,0.0,0,0.0,0,0,1,0,0,0,0,0,0,0,0,0,0,gratuito
6,10000.0,0,0.0,1,4,1,0,0,0,1,1,1,0,1,0,0,alto
1,0.0,0,0.0,20,3,1,1,1,0,1,0,0,1,0,0,1,alto
3,0.0,0,0.0,0,0,1,0,0,0,0,0,0,0,0,0,0,gratuito
1,0.0,0,0.0,1,1,1,0,0,0,0,0,0,1,0,0,0,medio_alto
2,10000.0,0,0.0,1,3,1,0,0,0,1,0,0,1,0,1,0,medio_baixo
4,0.0,0,0.0,1,4,1,0,0,0,1,1,0,1,0,0,0,gratuito
4,0.0,0,0.0,103,3,1,1,1,0,1,0,0,1,0,1,0,baixo
1,10000.0,0,0.0,2,5,1,0,0,0,1,1,1,1,0,0,0,medio_alto
4,10000.0,6,0.6666666666666666,2,4,1,0,0,0,1,0,0,1,0,0,1,alto
8,150000.0,1116,0.6693548387096774,11,1,1,0,0,7,0,0,0,0,0,0,0,medio_baixo
4,10000.0,13,0.7692307692307693,1,2,1,1,0,0,1,0,0,1,0,0,0,medio_baixo
6,10000.0,5,1.0,1,1,1,0,0,0,0,0,0,1,0,0,0,medio_alto
7,10000.0,2,0.5,1,2,1,0,0,0,1,1,0,0,0,0,0,alto
1,10000.0,0,0.0,4,2,1,0,0,0,0,1,1,0,0,0,0,medio_baixo
1,0.0,0,0.0,1,2,1,0,0,0,1,0,0,0,1,0,0,baixo
7,10000.0,3,1.0,1,2,1,0,0,0,1,1,0,0,0,0,0,baixo
18,150000.0,567,0.9012345679012346,1,1,1,0,0,0,0,1,0,0,0,0,0,baixo
3,10000.0,1,0.0,1,3,1,0,0,0,0,1,0,1,0,0,0,medio_alto
1,0.0,0,0.0,13,4,1,0,0,1,1,0,0,1,0,0,1,gratuito
3,10000.0,383,0.6501305483028721,1,5,1,0,0,0,0,0,0,0,0,0,1,alto
8,10000.0,5,0.4,1,3,1,0,0,0,0,0,0,1,0,1,1,alto
2,10000.0,0,0.0,1,1,1,0,0,0,0,0,0,1,0,0,0,medio_baixo
1,10000.0,0,0.0,9,3,1,0,0,0,1,0,0,1,0,0,1,baixo
3,10000.0,38,0.8157894736842105,7,3,1,0,0,0,1,0,0,0,0,1,1,baixo
3,10000.0,22,1.0,1,2,1,1,1,0,1,1,0,0,0,0,0,medio_alto
3,10000.0,2,1.0,2,3,1,0,0,0,1,0,1,1,0,0,0,alto
2,10000.0,17,1.0,2,4,1,0,0,0,1,0,1,0,1,1,0,medio_baixo
1,0.0,0,0.0,0,0,1,0,0,0,0,0,0,0,0,0,0,gratuito
8,10000.0,39,0.4358974358974359,1,2,1,0,0,0,0,1,1,0,0,0,0,baixo
7,10000.0,120,0.75,1,4,1,0,0,0,1,1,1,0,0,0,1,baixo
6,35000.0,150,0.8333333333333334,9,2,1,1,1,0,0,0,1,1,0,0,0,medio_alto
2,3500000.0,65115,0.9381248560239576,26,2,1,0,0,1,0,1,1,0,0,0,0,alto
5,10000.0,12,0.9166666666666666,2,2,1,1,0,1,1,0,1,0,0,0,0,alto
10,150000.0,2093,0.8351648351648352,11,2,1,1,1,1,1,1,0,0,0,0,0,medio_baixo
7,10000.0,104,0.8076923076923077,2,2,1,0,0,0,1,0,0,0,0,0,1,alto
2,10000.0,41,0.975609756097561,1,3,1,0,0,0,1,0,1,0,1,0,0,alto
1,0.0,0,0.0,13,3,1,0,0,0,1,1,1,0,0,0,0,alto
11,750000.0,4644,0.867786391042205,1,4,1,1,1,1,1,0,1,0,1,1,0,medio_alto
4,10000.0,0,0.0,1,3,1,0,0,0,1,0,1,0,0,0,1,baixo
4,10000.0,0,0.0,1,2,1,0,0,0,1,0,0,0,0,0,0,baixo
5,0.0,0,0.0,0,0,1,0,0,0,0,0,0,0,0,0,0,gratuito
6,10000.0,33,0.9696969696969697,2,2,1,0,0,0,1,0,0,0,0,0,1,medio_alto
5,10000.0,2,1.0,1,3,1,0,0,0,1,1,0,1,0,0,0,medio_baixo
1,10000.0,0,0.0,3,2,1,0,0,0,0,0,1,1,0,0,0,alto
12,75000.0,131,0.5419847328244275,1,3,1,1,1,0,1,0,1,1,0,0,0,baixo
6,10000.0,6,1.0,1,3,1,0,0,0,1,0,0,1,0,1,0,medio_alto
5,35000.0,3,1.0,1,4,1,0,0,0,1,0,0,1,0,0,0,baixo
7,10000.0,8,1.0,1,1,1,1,0,0,1,0,0,0,0,0,0,medio_baixo
2,750000.0,2,0.5,1,3,1,0,0,0,0,1,1,0,0,0,0,alto
3,10000.0,5,1.0,3,3,1,0,0,0,1,1,0,1,0,0,0,baixo
4,350000.0,2934,0.9134287661895024,5,3,1,0,0,0,1,0,1,1,0,0,0,medio_alto
10,75000.0,66,0.7575757575757576,14,2,1,1,0,0,0,1,0,1,0,0,0,medio_baixo
1,0.0,0,0.0,103,3,1,0,1,0,0,1,1,1,0,0,0,medio_alto
8,10000.0,2,1.0,1,2,1,1,1,0,1,0,0,1,0,0,0,medio_baixo
1,0.0,0,0.0,1,3,1,0,0,0,0,1,1,0,0,0,0,gratuito
2,10000.0,11,0.6363636363636364,1,3,1,0,0,0,1,1,0,1,0,0,0,medio_alto
1,10000.0,0,0.0,16,5,1,1,1,0,1,1,1,1,0,0,1,medio_baixo
11,35000.0,317,0.7539432176656151,2,3,1,1,1,0,1,0,1,1,0,0,0,baixo
2,10000.0,4,0.75,1,3,1,0,0,0,0,0,0,0,0,0,1,alto
8,35000.0,18,0.8888888888888888,1,3,1,0,0,0,0,1,0,1,0,0,0,medio_baixo
5,10000.0,44,0.9090909090909091,1,1,1,0,0,0,0,0,0,0,0,0,0,medio_alto
5,35000.0,464,0.7155172413793104,8,3,1,0,0,1,1,1,1,0,0,0,0,medio_alto
5,10000.0,0,0.0,1,2,1,0,0,1,1,0,0,1,0,0,0,baixo
1,0.0,0,0.0,0,0,1,0,0,0,0,0,0,0,0,0,0,gratuito
8,75000.0,4020,0.8395522388059702,27,3,1,1,0,1,1,0,1,1,0,0,0,medio_baixo
10,350000.0,3206,0.9366812227074236,12,1,1,1,1,0,0,1,0,0,0,0,0,alto
8,10000.0,16,0.75,2,3,1,0,0,0,1,0,1,0,0,0,1,baixo
3,10000.0,11,0.2727272727272727,1,5,1,0,0,0,1,1,1,0,0,0,0,baixo
9,35000.0,106,0.7169811320754716,4,4,1,0,0,0,1,1,1,0,1,0,0,medio_baixo
3,10000.0,11,0.6363636363636364,12,2,1,0,0,0,1,1,0,0,0,0,0,alto
1,0.0,0,0.0,1,1,1,0,0,0,0,0,1,0,0,0,0,alto
5,350000.0,3017,0.9347033476963872,11,3,1,0,0,2,1,1,1,0,0,0,0,medio_alto
5,0.0,0,0.0,1,4,1,0,0,0,1,1,1,0,0,0,0,gratuito
16,75000.0,256,0.61328125,1,2,1,0,0,0,1,0,1,0,0,0,0,medio_baixo
5,10000.0,13,1.0,1,2,1,0,0,0,1,1,0,0,0,0,0,baixo
5,10000.0,180,0.7277777777777777,11,3,1,1,0,0,0,1,0,0,0,0,1,alto
3,10000.0,1,0.0,1,3,1,1,1,0,1,0,1,1,0,0,0,baixo
7,10000.0,0,0.0,1,4,1,0,0,0,1,1,1,1,0,0,0,baixo
1,0.0,0,0.0,2,6,1,0,0,0,0,0,1,1,1,1,0,gratuito
6,10000.0,14,0.5,1,3,1,0,0,0,0,0,0,1,0,0,1,alto
1,10000.0,0,0.0,1,2,1,0,0,0,1,0,0,0,1,0,0,medio_alto
3,10000.0,0,0.0,1,3,1,0,0,0,1,0,0,0,1,1,0,medio_alto
1,10000.0,0,0.0,1,5,1,0,0,0,1,0,0,1,1,1,0,gratuito
6,350000.0,3852,0.8834371754932503,1,4,1,0,0,0,1,1,0,1,0,0,0,gratuito
9,10000.0,36,0.9444444444444444,1,3,1,0,0,1,1,1,0,0,0,0,0,alto
5,350000.0,1907,0.8820136339800734,7,1,1,0,0,0,0,0,0,0,1,0,0,alto
6,10000.0,0,0.0,1,2,1,0,0,2,1,0,0,1,0,0,0,baixo
3,10000.0,15,0.6666666666666666,3,3,1,0,0,0,0,0,0,1,0,0,1,alto
4,10000.0,0,0.0,1,1,1,0,0,0,0,0,0,0,0,0,1,medio_baixo
1,0.0,0,0.0,12,5,1,0,0,0,1,1,1,1,1,0,0,medio_baixo
1,0.0,0,0.0,1,4,1,0,0,0,1,0,1,1,0,0,0,gratuito
9,10000.0,318,0.9182389937106918,1,2,1,0,0,4,1,0,1,0,0,0,0,alto
2,0.0,0,0.0,0,0,1,0,0,0,0,0,0,0,0,0,0,gratuito
1,10000.0,0,0.0,1,2,1,0,0,0,0,1,1,0,0,0,0,medio_baixo
2,10000.0,0,0.0,1,2,1,0,0,0,0,0,0,1,0,0,1,medio_baixo
2,10000.0,126,0.9365079365079365,1,3,1,1,1,1,0,0,1,0,1,0,1,medio_baixo
7,10000.0,16,0.9375,1,5,1,0,0,0,1,1,1,0,1,0,0,medio_alto
6,10000.0,21,0.8095238095238095,7,5,1,0,0,0,1,1,1,1,0,0,0,gratuito
1,0.0,0,0.0,1,3,1,0,0,0,1,0,0,1,0,1,0,medio_baixo
7,10000.0,0,0.0,29,4,1,0,0,1,1,0,0,1,1,0,1,baixo
5,10000.0,5,0.6,1,1,1,0,0,0,0,0,0,1,0,0,0,baixo
2,10000.0,0,0.0,9,3,1,0,0,0,1,0,0,0,1,0,1,alto
3,10000.0,10,0.0,29,4,1,1,1,0,1,1,1,1,0,0,0,alto
5,10000.0,2,1.0,1,3,1,0,0,0,1,1,0,1,0,0,0,medio_alto
5,150000.0,12,0.8333333333333334,8,2,1,0,0,0,0,0,1,1,0,0,0,medio_baixo
5,75000.0,1774,0.9785794813979707,1,2,1,0,0,0,1,1,0,0,0,0,0,alto
6,10000.0,4,0.5,4,2,1,0,0,0,0,1,0,0,1,0,0,alto
5,10000.0,10,0.8,1,3,1,1,1,1,1,1,0,1,0,0,0,gratuito
1,0.0,0,0.0,1,4,1,0,0,0,1,1,1,0,1,0,0,medio_alto
1,0.0,0,0.0,0,0,1,0,0,0,0,0,0,0,0,0,0,gratuito
10,75000.0,389,0.8457583547557841,2,1,1,1,1,0,0,0,1,0,0,0,0,baixo
7,10000.0,32,0.71875,3,3,1,0,0,0,1,1,0,1,0,0,0,medio_baixo
1,10000.0,0,0.0,1,2,1,0,0,0,1,1,0,0,0,0,0,medio_alto
3,10000.0,75,0.7066666666666667,1,4,1,1,1,0,1,0,1,0,0,0,1,alto
2,0.0,0,0.0,0,0,1,0,0,0,0,0,0,0,0,0,0,gratuito
9,35000.0,7,0.5714285714285714,2,2,1,0,0,1,1,0,1,0,0,0,0,medio_baixo
8,10000.0,9,0.0,1,1,1,0,0,0,0,0,1,0,0,0,0,alto
8,10000.0,4,1.0,1,3,1,1,0,0,1,0,0,1,1,0,0,gratuito
1,10000.0,0,0.0,9,3,1,0,0,0,1,0,1,0,0,0,1,medio_baixo
6,35000.0,258,0.5503875968992248,11,3,1,0,0,1,1,0,1,1,0,0,0,medio_baixo
2,0.0,0,0.0,1,1,1,0,0,0,0,0,0,0,0,0,0,gratuito
1,10000.0,0,0.0,10,2,1,0,0,7,0,1,0,0,1,0,0,alto
8,10000.0,2,0.5,1,7,1,0,0,0,1,1,1,1,0,0,0,medio_alto
3,75000.0,4,0.75,1,3,1,0,0,0,1,1,0,1,0,0,0,medio_alto
2,75000.0,6,0.6666666666666666,16,4,1,1,0,0,1,0,0,1,0,0,1,baixo
4,10000.0,92,0.7282608695652174,1,6,1,0,0,0,1,1,1,0,1,0,1,medio_alto
1,10000.0,1,1.0,11,4,1,0,0,0,1,1,1,0,0,0,0,gratuito
2,10000.0,223,0.9551569506726457,14,3,1,0,0,1,1,0,1,1,0,0,0,alto
9,150000.0,687,0.75254730713246,8,2,1,0,0,1,1,0,1,0,0,0,0,medio_baixo
2,10000.0,2,0.5,1,2,1,0,0,0,0,1,0,1,0,0,0,alto
3,150000.0,863,0.7972190034762456,2,3,1,0,0,0,1,1,0,1,0,0,0,baixo
3,10000.0,361,0.7728531855955678,6,4,1,1,1,1,1,0,1,0,1,1,0,medio_alto
4,0.0,0,0.0,1,3,1,0,0,0,1,0,1,0,0,0,0,gratuito
10,150000.0,111,0.6036036036036037,1,3,1,1,1,0,1,0,0,0,0,0,1,baixo
5,10000.0,17,0.9411764705882353,1,3,1,0,0,0,1,0,0,0,0,1,0,gratuito
8,10000.0,19,0.5263157894736842,2,2,1,0,0,0,1,0,0,0,0,0,1,medio_baixo
4,10000.0,2,0.5,1,3,1,0,0,0,0,1,1,0,0,1,0,medio_baixo
10,75000.0,350,0.43714285714285717,1,1,1,0,0,0,1,0,0,0,0,0,0,gratuito
1,10000.0,0,0.0,9,5,1,0,0,0,1,1,1,1,0,0,1,medio_baixo
6,350000.0,1018,0.831041257367387,1,3,1,1,1,1,1,0,1,0,1,0,0,medio_alto
1,10000.0,0,0.0,1,2,1,0,0,0,1,0,0,0,0,0,1,medio_baixo
5,10000.0,0,0.0,1,4,1,0,0,0,0,1,1,1,0,1,0,medio_alto
2,0.0,0,0.0,0,0,1,0,0,0,0,0,0,0,0,0,0,gratuito
6,10000.0,20,0.65,1,3,1,0,0,0,1,1,0,0,0,0,0,gratuito
2,10000.0,0,0.0,1,4,1,0,0,0,1,1,0,1,0,1,0,baixo
4,10000.0,25,0.88,1,2,1,0,0,0,1,0,0,1,0,0,0,medio_baixo
1,0.0,0,0.0,1,3,1,0,0,0,0,0,0,1,1,1,0,baixo
10,350000.0,1804,0.8919068736141907,1,1,1,0,0,0,0,0,0,0,1,0,0,medio_alto
9,35000.0,7,0.7142857142857143,5,1,1,0,0,0,0,0,0,0,0,0,0,gratuito
3,10000.0,55,0.8545454545454545,1,1,1,0,0,0,1,0,0,0,0,0,0,baixo
3,35000.0,134,0.8955223880597015,9,2,1,0,0,1,0,1,1,0,0,0,0,medio_alto
8,7500000.0,210517,0.979569345943558,24,3,1,1,1,10,1,0,0,0,0,1,1,alto
5,35000.0,55,0.5454545454545454,4,5,1,0,0,0,1,1,1,0,1,1,0,baixo
5,0.0,0,0.0,0,0,1,0,0,0,0,0,0,0,0,0,0,gratuito
6,75000.0,233,0.9184549356223176,2,2,1,0,0,0,0,1,0,0,0,0,0,gratuito
7,10000.0,382,0.9842931937172775,1,2,1,0,0,0,1,1,0,0,0,0,0,alto
4,10000.0,6,0.6666666666666666,1,1,1,0,0,0,0,0,0,1,0,0,0,medio_alto
1,10000.0,0,0.0,2,2,1,0,0,0,1,0,0,1,0,0,0,medio_baixo
9,10000.0,8,0.625,1,4,1,0,0,0,1,1,1,1,0,0,0,medio_alto
5,350000.0,5137,0.6075530465252093,13,1,1,0,0,0,0,1,0,0,0,0,0,alto
3,0.0,0,0.0,0,0,1,0,0,0,0,0,0,0,0,0,0,gratuito
3,150000.0,1373,0.8273852876911871,12,3,1,0,0,0,0,0,0,0,0,1,1,alto
4,10000.0,17,0.9411764705882353,2,2,1,0,0,0,1,0,1,0,0,0,0,baixo
5,10000.0,0,0.0,1,4,1,0,0,0,0,0,0,1,0,1,1,medio_alto
3,10000.0,21,0.9523809523809523,17,3,1,0,0,0,1,0,0,0,0,1,0,medio_alto
8,35000.0,182,0.7307692307692307,1,3,1,0,0,0,1,0,1,0,0,0,1,gratuito
6,10000.0,25,0.92,1,3,1,0,0,0,1,0,0,1,0,1,0,baixo
4,10000.0,51,0.19607843137254902,1,3,1,0,0,0,0,1,1,0,1,0,0,medio_baixo
4,10000.0,0,0.0,1,2,1,0,0,0,1,1,0,0,0,0,0,medio_alto
1,0.0,0,0.0,0,0,1,0,0,0,0,0,0,0,0,0,0,gratuito
1,10000.0,0,0.0,1,4,1,0,0,0,1,0,0,1,1,1,0,alto
7,10000.0,0,0.0,1,2,1,0,0,2,1,0,0,1,0,0,0,baixo
1,0.0,0,0.0,1,1,1,0,0,0,0,0,0,0,0,0,0,gratuito
7,10000.0,136,0.8823529411764706,1,1,1,1,1,0,0,1,0,0,0,0,0,medio_baixo
2,0.0,0,0.0,0,0,1,0,0,0,0,0,0,0,0,0,0,gratuito
10,75000.0,816,0.9436274509803921,1,3,1,1,0,0,1,0,0,1,0,0,1,baixo
5,75000.0,645,0.8635658914728682,2,1,1,0,0,0,0,0,0,0,1,0,0,alto
6,10000.0,0,0.0,1,2,1,1,0,1,1,0,0,0,1,0,0,alto
9,35000.0,28,0.21428571428571427,1,3,1,0,0,0,1,0,0,0,0,1,1,baixo
1,0.0,0,0.0,0,0,1,0,0,0,0,0,0,0,0,0,0,gratuito
7,10000.0,14,0.8571428571428571,1,2,1,0,0,0,1,1,0,0,0,0,0,gratuito
3,10000.0,3,1.0,1,2,1,0,0,0,0,0,0,0,0,1,1,alto
7,150000.0,1104,0.8695652173913043,103,2,1,0,0,0,1,0,0,1,0,0,0,baixo
3,10000.0,0,0.0,2,1,1,0,0,0,0,0,0,1,0,0,0,baixo
1,0.0,0,0.0,0,0,1,0,0,0,0,0,0,0,0,0,0,gratuito
3,10000.0,24,0.7916666666666666,1,3,1,1,1,0,1,1,1,0,0,0,0,baixo
1,10000.0,0,0.0,31,2,1,0,0,0,1,0,0,1,0,0,0,baixo
3,0.0,0,0.0,3,3,1,0,0,0,1,0,1,0,0,0,0,gratuito
1,10000.0,50,0.68,1,2,1,1,0,0,1,0,0,0,0,1,0,alto
2,10000.0,15,1.0,2,3,1,0,0,0,1,0,0,1,0,1,0,baixo
11,10000.0,99,0.8383838383838383,1,3,1,1,1,1,1,1,1,0,0,0,0,baixo
6,10000.0,305,0.9540983606557377,4,5,1,0,0,0,1,0,1,1,1,0,1,medio_alto
3,10000.0,1,1.0,1,3,1,0,0,0,1,0,1,1,0,0,0,medio_baixo
10,10000.0,73,0.8904109589041096,13,2,1,1,1,1,1,1,0,0,0,0,0,baixo
8,35000.0,131,0.7099236641221374,1,3,1,0,0,0,1,1,1,0,0,0,0,medio_baixo
7,10000.0,19,0.42105263157894735,1,4,1,0,0,0,1,1,1,0,0,0,1,medio_baixo
13,150000.0,255,0.8117647058823529,2,2,1,1,1,0,0,0,1,0,1,0,0,baixo
1,0.0,0,0.0,0,0,1,0,0,0,0,0,0,0,0,0,0,gratuito
3,10000.0,1,1.0,2,2,1,0,0,0,1,0,1,0,0,0,0,medio_alto
1,0.0,0,0.0,103,2,1,0,0,0,1,0,0,1,0,0,0,medio_baixo
2,10000.0,0,0.0,1,1,1,1,0,0,0,0,0,0,1,0,0,medio_baixo
2,10000.0,2,0.5,2,3,1,0,0,0,1,0,1,0,0,0,0,medio_alto
5,10000.0,32,0.6875,29,3,1,0,0,0,0,1,1,1,0,0,0,baixo
11,35000.0,89,0.6741573033707865,1,3,1,1,1,0,0,1,1,0,1,0,0,baixo
2,10000.0,0,0.0,30,2,1,0,0,1,0,0,0,1,0,0,0,gratuito
5,0.0,0,0.0,0,0,1,0,0,0,0,0,0,0,0,0,0,gratuito
4,10000.0,165,0.8909090909090909,14,2,1,0,0,1,1,0,0,1,0,0,0,baixo
2,10000.0,0,0.0,30,5,1,0,0,0,1,0,0,1,1,1,0,baixo
1,10000.0,0,0.0,1,7,1,0,0,0,1,1,1,0,1,1,0,alto
5,0.0,0,0.0,1,3,1,0,0,0,1,0,0,1,0,0,0,gratuito
7,10000.0,14,0.21428571428571427,1,3,1,0,0,0,1,0,0,1,0,0,1,baixo
16,750000.0,7379,0.9464697113430004,6,3,1,1,1,2,1,1,0,1,0,0,0,medio_baixo
10,750000.0,3960,0.9434343434343434,1,4,1,0,0,0,0,0,1,1,0,0,1,gratuito
3,0.0,0,0.0,0,0,1,0,0,0,0,0,0,0,0,0,0,gratuito
5,0.0,0,0.0,1,4,1,0,0,0,1,0,1,1,0,0,0,gratuito
6,10000.0,1,1.0,7,2,1,0,0,0,1,1,0,0,0,0,0,alto
4,75000.0,1,1.0,1,2,1,0,0,0,0,0,0,0,1,0,1,alto
7,75000.0,2826,0.9738145789101204,4,4,1,0,0,6,1,0,0,1,0,0,1,medio_baixo
2,10000.0,21,1.0,1,2,1,0,0,0,1,0,1,0,0,0,0,medio_baixo
17,10000.0,83,0.7710843373493976,1,1,1,1,0,0,0,0,0,0,0,0,1,alto
4,10000.0,6,1.0,1,3,1,0,1,0,1,1,1,0,0,0,0,gratuito
5,10000.0,0,0.0,103,2,1,0,0,84,1,0,0,1,0,0,0,baixo
2,10000.0,3,1.0,3,4,1,0,0,0,1,0,1,1,1,0,0,baixo
3,35000.0,3,0.0,1,2,1,0,0,0,1,0,1,0,0,0,0,medio_baixo
2,10000.0,35,0.8857142857142857,2,4,1,0,0,1,1,0,1,0,0,1,0,gratuito
9,10000.0,12,0.6666666666666666,1,5,1,1,1,0,1,1,0,1,0,0,0,gratuito
1,35000.0,1018,0.8850687622789783,11,2,1,0,0,0,0,1,1,0,0,0,0,alto
3,10000.0,15,1.0,1,4,1,0,0,0,1,1,1,0,0,0,0,medio_baixo
4,10000.0,35,0.7142857142857143,2,4,1,0,0,0,1,1,1,0,1,0,0,baixo
6,10000.0,57,0.7192982456140351,13,2,1,0,0,0,0,0,1,0,0,0,0,alto
4,10000.0,6,0.5,1,6,1,0,0,0,1,1,1,1,1,0,0,alto
2,0.0,0,0.0,1,3,1,0,0,0,0,1,1,0,0,0,0,gratuito
17,3500000.0,20466,0.7534447376136031,9,1,1,0,1,0,0,1,0,0,0,0,0,baixo
2,10000.0,0,0.0,28,3,1,0,0,0,0,1,1,0,0,0,1,medio_alto
6,10000.0,4,0.5,1,2,1,0,1,0,0,0,0,0,0,1,1,medio_baixo
6,10000.0,105,0.8,3,2,1,0,0,0,1,0,1,0,0,0,0,medio_baixo
6,10000.0,1,1.0,1,2,1,0,0,0,0,0,0,0,0,0,1,alto
5,150000.0,2137,0.957884885353299,10,3,1,0,0,0,1,0,1,1,0,0,0,alto
4,10000.0,1,1.0,1,4,1,0,0,0,1,1,0,1,0,1,0,baixo
1,0.0,0,0.0,1,1,1,0,0,0,0,1,0,0,0,0,0,medio_baixo
6,10000.0,3,1.0,1,1,1,0,0,0,0,0,0,0,0,0,1,medio_baixo
1,0.0,0,0.0,9,2,1,0,0,0,0,0,1,1,0,0,0,baixo
1,10000.0,6,0.8333333333333334,1,4,1,0,0,0,1,1,1,1,0,0,0,baixo
1,0.0,0,0.0,0,0,1,0,0,0,0,0,0,0,0,0,0,gratuito
2,0.0,0,0.0,0,0,1,0,0,0,0,0,0,0,0,0,0,gratuito
12,350000.0,1787,0.82988248461108,7,4,1,1,1,1,1,1,0,0,0,0,1,gratuito
3,10000.0,177,0.536723163841808,1,6,1,0,0,0,1,1,1,1,1,1,0,medio_baixo
2,10000.0,6,1.0,1,5,1,0,0,0,1,1,1,0,0,0,1,medio_alto
1,10000.0,28,0.9642857142857143,1,3,1,0,0,0,1,1,1,0,0,0,0,alto
1,0.0,0,0.0,0,0,1,0,0,0,0,0,0,0,0,0,0,gratuito
2,10000.0,14,0.9285714285714286,4,2,1,1,0,0,1,0,0,1,0,0,0,baixo
5,0.0,0,0.0,0,0,1,0,0,0,0,0,0,0,0,0,0,gratuito
2,0.0,0,0.0,0,0,1,0,0,0,0,0,0,0,0,0,0,gratuito
1,10000.0,17,1.0,1,3,1,0,0,0,1,0,1,1,0,0,0,alto
5,10000.0,0,0.0,29,2,1,0,0,0,1,0,0,1,0,0,0,baixo
2,10000.0,8,0.75,1,3,1,0,0,0,1,0,0,1,0,0,1,medio_baixo
2,0.0,0,0.0,1,3,1,0,0,1,1,1,0,0,0,0,0,gratuito
1,0.0,0,0.0,9,3,1,0,0,0,1,0,1,1,0,0,0,medio_baixo
3,0.0,0,0.0,0,0,1,0,0,0,0,0,0,0,0,0,0,gratuito
9,10000.0,2,0.0,1,3,1,0,0,0,1,1,0,1,0,0,0,baixo
15,35000.0,160,0.9125,5,2,1,0,0,0,1,1,0,0,0,0,0,gratuito
2,0.0,0,0.0,0,0,1,0,0,0,0,0,0,0,0,0,0,gratuito
16,10000.0,21,0.8571428571428571,1,2,1,1,0,0,1,0,0,1,0,0,0,medio_alto
9,150000.0,913,0.6659364731653888,1,1,1,0,0,32,0,0,0,0,0,0,1,alto
9,10000.0,7,1.0,1,2,1,0,0,0,0,0,1,1,0,0,0,medio_alto
4,0.0,0,0.0,0,0,1,0,0,0,0,0,0,0,0,0,0,gratuito
1,10000.0,0,0.0,1,2,1,0,0,0,1,0,0,1,0,0,0,medio_baixo
8,750000.0,559,0.8228980322003577,1,2,1,0,0,3,1,0,0,1,0,0,0,baixo
2,0.0,0,0.0,0,0,1,0,0,0,0,0,0,0,0,0,0,gratuito
3,0.0,0,0.0,0,0,1,0,0,0,0,0,0,0,0,0,0,gratuito
10,75000.0,288,0.8784722222222222,13,4,1,1,1,0,1,1,0,1,0,0,0,baixo
2,10000.0,0,0.0,1,3,1,1,1,0,1,0,1,1,0,0,0,baixo
6,10000.0,25,0.72,1,4,1,0,0,0,1,0,1,1,0,1,0,gratuito
5,10000.0,30,0.6666666666666666,1,4,1,0,0,0,1,1,0,0,0,1,0,alto
3,10000.0,0,0.0,2,3,1,0,0,0,1,0,1,1,0,0,0,baixo
4,10000.0,21,0.7619047619047619,1,5,1,0,0,0,1,0,1,1,0,0,1,baixo
1,10000.0,0,0.0,10,3,1,0,0,1,1,1,1,0,0,0,0,medio_alto
2,10000.0,0,0.0,29,2,1,0,0,0,1,0,0,1,0,0,0,baixo
1,10000.0,0,0.0,3,4,1,0,0,0,1,1,1,0,0,0,0,baixo
1,10000.0,0,0.0,1,3,1,0,0,0,1,0,1,1,0,0,0,medio_baixo
7,10000.0,11,0.6363636363636364,1,4,1,1,1,1,1,0,1,1,1,0,0,medio_alto
5,150000.0,298,0.9295302013422819,8,1,1,0,0,0,0,0,1,0,0,0,0,medio_baixo
4,10000.0,18,0.5555555555555556,2,2,1,0,0,0,1,0,0,1,0,0,0,alto
7,10000.0,33,0.8787878787878788,2,3,1,0,0,1,1,1,1,0,0,0,0,alto
1,0.0,0,0.0,0,0,1,0,0,0,0,0,0,0,0,0,0,gratuito
8,35000.0,136,0.8088235294117647,4,6,1,1,1,1,1,0,1,1,1,1,1,alto
3,10000.0,1,1.0,1,3,1,0,0,0,0,1,1,0,0,0,0,medio_baixo
11,10000.0,10,0.8,1,1,1,1,1,0,1,0,0,0,0,0,0,medio_alto
6,10000.0,0,0.0,1,1,1,0,0,0,0,0,0,1,0,0,0,alto
2,10000.0,7,1.0,1,4,1,0,0,0,1,0,1,1,1,0,0,medio_alto
1,0.0,0,0.0,13,7,1,1,0,0,1,1,1,1,0,0,0,gratuito
1,10000.0,0,0.0,1,2,1,0,0,0,1,0,1,0,0,0,0,baixo
1,10000.0,0,0.0,1,1,1,1,0,0,0,0,0,0,0,1,0,medio_alto
8,10000.0,224,0.9419642857142857,1,3,1,0,0,0,1,0,1,0,0,0,0,gratuito
1,10000.0,3,1.0,1,4,1,0,0,0,1,1,1,0,1,0,0,alto
5,0.0,0,0.0,0,0,1,0,0,0,0,0,0,0,0,0,0,gratuito
2,10000.0,4,0.5,1,3,1,0,0,0,1,0,0,1,0,0,0,medio_baixo
8,10000.0,6,0.6666666666666666,2,2,1,1,0,0,1,0,0,1,0,0,0,medio_baixo
3,0.0,0,0.0,0,0,1,0,0,0,0,0,0,0,0,0,0,gratuito
2,10000.0,4,1.0,1,2,1,0,0,0,0,1,0,1,0,0,0,medio_baixo
13,350000.0,1091,0.7360219981668195,9,3,1,0,0,0,1,1,1,0,0,0,0,medio_baixo
10,150000.0,1749,0.9382504288164666,2,1,1,0,0,0,0,0,0,1,0,0,0,alto
5,10000.0,7,1.0,2,3,1,0,0,0,1,1,1,0,0,0,0,medio_baixo
4,10000.0,8,1.0,1,4,1,1,1,0,1,1,1,1,0,0,0,medio_baixo
3,10000.0,2,0.5,1,1,1,0,0,0,0,1,0,0,0,0,0,baixo
1,0.0,0,0.0,0,0,1,0,0,0,0,0,0,0,0,0,0,gratuito
11,10000.0,42,0.8333333333333334,1,4,1,1,1,0,1,1,0,1,0,0,0,alto
8,10000.0,50,0.62,1,2,1,0,0,0,1,0,0,0,0,1,0,gratuito
8,10000.0,40,1.0,1,2,1,1,1,1,1,0,1,0,0,0,0,baixo
3,10000.0,4,1.0,1,2,1,1,1,0,1,0,0,0,0,1,0,baixo
4,0.0,0,0.0,1,7,1,0,1,0,1,1,1,0,1,0,0,gratuito
8,10000.0,8,1.0,1,3,1,0,0,0,1,1,0,1,0,0,0,baixo
5,10000.0,31,0.7419354838709677,1,5,1,0,0,0,1,1,1,1,0,0,1,baixo
7,10000.0,27,0.5185185185185185,8,2,1,0,0,0,0,0,1,0,0,0,0,medio_baixo
4,0.0,0,0.0,1,2,1,0,0,0,0,1,0,0,0,0,0,gratuito
18,35000.0,116,0.9482758620689655,1,2,1,0,0,0,1,0,0,1,0,0,0,alto
9,35000.0,156,0.75,10,2,1,0,0,0,0,1,1,0,0,0,0,baixo
2,10000.0,11,0.9090909090909091,8,3,1,0,0,0,1,1,0,0,0,1,0,alto
3,35000.0,300,0.6433333333333333,7,3,1,0,0,0,1,0,0,0,0,1,1,alto
5,10000.0,7,0.7142857142857143,1,1,1,0,0,0,0,0,0,1,0,0,0,medio_baixo
4,10000.0,56,0.8928571428571429,8,3,1,0,0,0,0,1,1,0,0,1,0,medio_alto
5,10000.0,48,0.625,1,3,1,0,0,0,1,0,1,0,1,0,0,baixo
3,10000.0,5,1.0,4,4,1,0,0,0,1,1,0,1,0,0,0,baixo
9,10000.0,2,1.0,1,4,1,0,0,0,0,1,1,1,0,1,0,alto
4,10000.0,17,0.9411764705882353,1,1,1,0,0,0,0,0,0,1,0,0,0,baixo
5,35000.0,750,0.8413333333333334,10,4,1,1,1,1,1,0,0,0,0,0,1,medio_alto
3,10000.0,11,0.2727272727272727,2,3,1,0,0,0,1,0,0,1,1,0,0,medio_alto
1,0.0,0,0.0,0,0,1,0,0,0,0,0,0,0,0,0,0,gratuito
1,10000.0,0,0.0,1,2,1,1,1,0,1,1,0,0,0,0,0,alto
1,10000.0,4,1.0,4,3,1,0,0,0,1,1,0,1,0,0,0,medio_baixo
2,10000.0,8,1.0,1,3,1,0,0,0,1,1,1,0,0,0,0,baixo
4,10000.0,1,0.0,16,2,1,0,0,0,0,0,1,0,0,0,1,alto
10,350000.0,1600,0.705,1,2,1,0,0,1,1,1,0,0,0,0,0,baixo
2,10000.0,58,1.0,10,2,1,0,1,0,1,1,0,0,0,0,0,medio_baixo
2,1500000.0,65810,0.9796839386111533,1,3,1,0,0,0,1,0,0,1,0,0,0,medio_alto
5,10000.0,0,0.0,1,2,1,0,0,0,1,1,0,0,0,0,0,gratuito
5,10000.0,15,0.7333333333333333,2,3,1,0,0,0,1,1,0,0,0,0,0,alto
5,10000.0,0,0.0,3,1,1,0,0,0,0,0,0,0,0,1,0,gratuito
5,10000.0,13,0.9230769230769231,1,1,1,1,0,0,0,0,1,0,0,0,0,medio_alto
1,10000.0,1,1.0,1,1,1,0,0,0,0,1,0,0,0,0,0,alto
6,350000.0,9821,0.8520517258934935,21,4,1,0,0,1,1,1,1,0,0,0,1,alto
2,10000.0,3,1.0,1,4,1,0,0,0,0,1,1,0,1,0,0,alto
6,10000.0,6,0.5,1,5,1,0,0,0,1,1,1,0,1,0,0,medio_alto
4,10000.0,10,0.9,7,5,1,0,0,0,1,1,1,1,0,1,0,alto
1,10000.0,0,0.0,27,2,1,1,1,0,1,0,0,0,0,0,1,baixo
16,350000.0,1017,0.7797443461160275,6,4,1,1,0,1,1,1,0,1,0,1,0,baixo
1,0.0,0,0.0,1,3,1,0,0,0,1,0,0,1,0,1,0,alto
11,75000.0,263,0.8060836501901141,7,5,1,0,0,0,1,1,1,1,0,0,1,baixo
4,10000.0,12,0.5,2,3,1,0,0,0,1,0,1,1,0,0,0,baixo
8,10000.0,4,1.0,1,2,1,0,0,0,1,1,0,0,0,0,0,baixo
1,10000.0,0,0.0,3,4,1,0,0,3,1,1,0,1,0,0,1,baixo
3,10000.0,0,0.0,17,2,1,0,1,1,1,0,0,1,0,0,0,gratuito
5,35000.0,1155,0.6181818181818182,1,2,1,0,0,0,0,0,0,0,0,0,0,alto
9,35000.0,1918,0.9332638164754953,1,2,1,0,0,0,0,0,1,1,0,0,0,alto
1,0.0,0,0.0,3,3,1,0,0,0,1,1,1,0,0,0,0,medio_alto
3,10000.0,5,1.0,2,3,1,0,0,0,1,0,0,1,0,1,0,medio_alto
6,10000.0,13,0.9230769230769231,2,3,1,0,0,0,0,0,1,1,0,1,0,baixo
4,35000.0,29,0.3448275862068966,2,2,1,0,0,0,0,1,0,0,0,0,0,gratuito
2,10000.0,1,0.0,1,1,1,0,0,0,0,0,0,0,1,0,0,medio_baixo
2,10000.0,313,0.8306709265175719,4,6,1,0,0,0,1,1,1,1,0,0,1,gratuito
6,10000.0,28,0.8571428571428571,1,4,1,0,0,0,1,1,0,0,0,0,0,gratuito
2,75000.0,1653,0.6757410768300061,19,5,1,0,0,0,1,0,1,1,1,0,1,medio_alto
3,0.0,0,0.0,8,3,1,1,1,0,1,0,0,1,0,0,1,gratuito
9,10000.0,34,0.38235294117647056,7,5,1,0,0,0,1,1,0,1,0,0,0,baixo
2,10000.0,155,0.5290322580645161,1,5,1,0,0,0,1,1,1,1,0,0,1,gratuito
2,10000.0,1,0.0,3,2,1,0,0,0,1,0,0,1,0,0,0,baixo
8,10000.0,2,0.5,1,1,1,0,0,0,0,1,0,0,0,0,0,alto
2,10000.0,39,0.9487179487179487,12,2,1,0,1,0,1,0,1,0,0,0,0,medio_baixo
6,10000.0,6,0.8333333333333334,3,2,1,0,0,0,1,0,0,0,0,0,1,medio_baixo
7,10000.0,14,0.6428571428571429,3,3,1,1,1,0,1,1,1,0,0,0,0,medio_baixo
1,0.0,0,0.0,0,0,1,0,0,0,0,0,0,0,0,0,0,gratuito
5,10000.0,3,0.3333333333333333,2,2,1,0,0,0,1,0,0,0,0,1,0,medio_baixo
4,10000.0,24,0.7083333333333334,1,4,1,0,0,0,1,1,1,1,0,0,0,alto
1,0.0,0,0.0,1,5,1,0,0,0,1,1,0,1,0,0,1,gratuito
9,10000.0,40,0.675,1,3,1,1,0,0,1,0,1,0,0,0,0,medio_baixo
1,0.0,0,0.0,1,4,1,0,0,0,1,0,0,0,0,1,1,alto
7,35000.0,73,0.8082191780821918,2,2,1,1,1,0,0,0,1,1,0,0,0,baixo
5,10000.0,23,0.9565217391304348,1,3,1,1,1,1,1,0,1,1,0,0,0,medio_baixo
1,0.0,0,0.0,1,3,1,0,0,0,1,0,0,0,0,0,1,gratuito
2,10000.0,0,0.0,1,4,1,0,0,0,1,1,1,0,0,0,0,alto
3,10000.0,11,0.9090909090909091,1,2,1,0,0,0,1,0,0,1,0,0,0,baixo
3,35000.0,255,0.8980392156862745,1,4,1,0,0,1,1,1,0,0,1,1,0,alto
3,10000.0,11,1.0,1,2,1,0,0,0,0,0,1,0,1,0,0,alto
1,0.0,0,0.0,0,0,1,0,0,0,0,0,0,0,0,0,0,gratuito
8,10000.0,3,1.0,14,2,1,1,1,0,1,0,0,1,0,0,0,medio_alto
5,10000.0,118,0.8813559322033898,5,1,1,1,0,0,0,0,0,0,0,1,0,alto
1,0.0,0,0.0,1,2,1,0,0,0,1,0,0,1,0,0,0,medio_alto
1,0.0,0,0.0,5,4,1,0,0,0,1,0,0,1,0,1,1,medio_alto
3,10000.0,3,0.6666666666666666,1,2,1,0,0,0,0,0,1,1,0,0,0,alto
2,0.0,0,0.0,1,3,1,0,0,0,1,1,0,0,0,0,0,gratuito
10,10000.0,13,0.5384615384615384,1,1,1,0,0,0,1,0,0,0,0,0,0,alto
1,10000.0,0,0.0,1,1,1,0,0,0,0,0,0,1,0,0,0,alto
2,75000.0,11,1.0,1,4,1,1,0,0,1,0,1,1,1,0,0,medio_alto
10,75000.0,369,0.8075880758807588,1,4,1,1,0,0,1,0,0,1,0,1,1,medio_baixo
5,10000.0,4,0.75,1,4,1,0,0,0,1,0,1,1,1,0,0,baixo
5,0.0,0,0.0,0,0,1,0,0,0,0,0,0,0,0,0,0,gratuito
11,10000.0,103,0.6213592233009708,3,4,1,1,0,1,1,1,1,0,0,0,0,alto
14,35000.0,146,0.7465753424657534,5,2,1,0,0,0,1,0,0,1,0,0,0,medio_alto
7,10000.0,41,0.6829268292682927,1,1,1,0,0,0,1,0,0,0,0,0,0,gratuito
1,7500000.0,112115,0.7465905543415243,10,4,1,0,0,13,1,1,1,0,0,0,0,alto
9,10000.0,29,0.8275862068965517,1,4,1,0,0,0,1,1,1,0,1,0,0,baixo
4,10000.0,2,0.0,1,3,1,0,0,0,0,1,1,0,0,1,0,baixo
2,0.0,0,0.0,0,0,1,0,0,0,0,0,0,0,0,0,0,gratuito
3,0.0,0,0.0,0,0,1,0,0,0,0,0,0,0,0,0,0,gratuito
9,10000.0,27,0.18518518518518517,2,3,1,0,0,0,0,0,0,1,0,0,1,medio_alto
6,10000.0,21,0.8571428571428571,21,3,1,1,1,0,1,1,0,1,0,0,0,medio_baixo
1,10000.0,3,1.0,2,3,1,1,0,0,1,0,0,0,1,1,0,medio_alto
4,150000.0,1678,0.8426698450536353,15,4,1,1,0,0,1,0,1,1,0,0,1,alto
2,10000.0,59,0.9152542372881356,1,4,1,0,0,0,1,1,1,0,0,0,0,alto
9,1500000.0,22397,0.8626155288654731,9,1,1,0,0,22,0,1,0,0,0,0,0,medio_alto
2,35000.0,1,1.0,1,5,1,0,0,0,1,0,1,1,0,1,1,medio_baixo
2,10000.0,7,1.0,2,2,1,0,0,0,1,0,0,0,0,0,0,medio_baixo
1,10000.0,2,1.0,1,2,1,0,0,0,1,0,0,0,0,0,1,baixo
1,10000.0,0,0.0,9,5,1,0,0,1,1,0,1,1,1,0,1,medio_alto
7,10000.0,9,0.5555555555555556,1,4,1,0,0,0,1,0,0,1,1,0,1,medio_alto
2,10000.0,5,1.0,15,4,1,0,1,0,1,1,0,1,1,0,0,medio_alto
1,0.0,0,0.0,9,4,1,0,0,0,0,1,1,0,1,0,0,gratuito
5,10000.0,2,0.0,1,3,1,1,1,0,1,1,1,0,0,0,0,baixo
2,10000.0,110,0.9727272727272728,11,3,1,0,0,0,1,1,1,0,0,0,0,alto
1,10000.0,3,0.6666666666666666,2,3,1,0,0,0,1,0,0,1,0,1,0,medio_alto
5,10000.0,0,0.0,1,4,1,0,0,0,1,1,1,0,0,1,0,medio_alto
1,0.0,0,0.0,1,4,1,0,0,0,0,1,1,1,1,0,0,alto
3,10000.0,16,1.0,1,3,1,0,0,0,0,0,0,1,0,1,1,medio_alto
6,10000.0,4,0.0,1,6,1,0,0,0,1,1,0,1,0,1,0,medio_alto
6,350000.0,9197,0.9399804284005654,6,4,1,0,0,20,1,0,0,1,1,1,0,alto
16,10000.0,52,0.9807692307692307,1,1,1,1,0,0,0,0,0,1,0,0,0,medio_alto
7,35000.0,538,0.7843866171003717,4,6,1,0,0,0,1,1,1,1,0,1,1,medio_baixo
2,0.0,0,0.0,30,4,1,0,0,0,0,0,1,0,1,0,1,gratuito
2,10000.0,9,0.8888888888888888,13,3,1,0,0,0,1,0,0,1,0,0,1,baixo
6,10000.0,63,0.7619047619047619,2,2,1,0,1,1,1,1,0,0,0,0,0,gratuito
4,75000.0,78,0.8717948717948718,103,3,1,1,0,0,1,0,0,0,0,1,1,medio_baixo
1,10000.0,0,0.0,14,3,1,0,0,2,0,1,1,0,1,0,0,alto
10,75000.0,204,0.6029411764705882,1,3,1,0,0,0,0,1,0,0,0,1,1,alto
1,0.0,0,0.0,3,2,1,1,1,0,1,0,0,0,1,0,0,baixo
7,10000.0,88,0.9090909090909091,3,6,1,0,0,0,1,0,1,1,1,1,1,medio_alto
1,10000.0,0,0.0,1,8,1,0,0,1,1,1,1,1,0,0,1,alto
4,0.0,0,0.0,0,0,1,0,0,0,0,0,0,0,0,0,0,gratuito
3,10000.0,44,0.5909090909090909,2,2,1,0,0,0,1,0,0,0,0,0,1,baixo
11,35000.0,1,1.0,1,4,1,0,0,0,1,0,1,1,0,1,0,medio_baixo
8,35000.0,419,0.8615751789976134,17,3,1,1,1,0,1,1,1,0,0,0,0,alto
2,10000.0,43,0.9767441860465116,1,4,1,0,1,0,1,1,1,0,1,0,0,medio_alto
3,10000.0,25,0.72,1,1,1,1,0,0,0,1,0,0,0,0,0,medio_baixo
1,0.0,0,0.0,0,0,1,0,0,0,0,0,0,0,0,0,0,gratuito
9,10000.0,15,0.5333333333333333,1,3,1,0,0,0,1,0,1,1,0,0,0,medio_alto
1,10000.0,0,0.0,8,2,1,0,0,0,1,0,0,0,0,0,1,baixo
3,10000.0,0,0.0,1,3,1,0,0,0,0,1,1,0,0,0,1,alto
1,10000.0,8,0.375,4,1,1,0,0,0,0,0,0,0,0,0,1,medio_alto
1,10000.0,12,0.75,2,2,1,0,0,0,0,1,0,0,0,0,0,medio_alto
2,10000.0,7,1.0,1,2,1,0,0,2,0,0,0,0,0,1,0,medio_baixo
3,10000.0,22,1.0,1,1,1,0,0,1,0,1,0,0,0,0,0,medio_baixo
1,10000.0,0,0.0,1,3,1,0,0,0,1,1,0,0,1,0,0,medio_alto
5,75000.0,419,0.8782816229116945,1,3,1,0,1,0,1,0,0,0,0,0,0,alto
2,0.0,0,0.0,4,5,1,0,0,0,1,0,0,1,1,1,0,gratuito
2,0.0,0,0.0,13,2,1,0,0,0,0,0,1,1,0,0,0,gratuito
8,10000.0,58,0.7068965517241379,1,4,1,1,1,0,1,0,1,0,1,1,0,medio_alto
1,10000.0,0,0.0,11,2,1,0,0,2,1,0,0,1,0,0,0,medio_alto
2,0.0,0,0.0,1,2,1,0,0,0,0,1,0,0,0,0,0,gratuito
2,10000.0,8,0.625,29,2,1,0,0,0,1,0,0,1,0,0,0,baixo
2,10000.0,1,1.0,2,3,1,0,0,0,1,0,0,1,0,1,0,medio_baixo
2,10000.0,8,1.0,7,3,1,0,1,0,1,1,1,0,0,0,0,medio_baixo
2,10000.0,11,0.6363636363636364,1,4,1,0,0,0,1,1,1,0,0,0,0,gratuito
5,35000.0,633,0.9636650868878357,12,3,1,0,0,0,1,0,0,1,0,0,1,alto
1,0.0,0,0.0,2,2,1,0,0,0,0,0,0,0,0,1,1,baixo
1,0.0,0,0.0,2,2,1,0,0,0,1,0,0,0,1,0,0,alto
6,10000.0,165,0.806060606060606,12,3,1,0,0,0,1,1,0,0,0,0,0,medio_baixo
9,35000.0,193,0.7046632124352331,1,3,1,1,1,4,1,0,1,1,0,0,0,gratuito
4,10000.0,68,0.8970588235294118,3,3,1,0,0,0,1,0,1,0,1,0,0,alto
2,75000.0,1510,0.8490066225165563,30,1,1,0,0,0,1,0,0,0,0,0,0,baixo
6,35000.0,10,0.9,2,2,1,0,0,0,1,0,0,1,0,0,0,baixo
6,10000.0,3,0.3333333333333333,4,2,1,0,0,0,1,0,1,0,0,0,0,medio_baixo
3,10000.0,5,0.8,1,5,1,0,0,0,1,1,1,1,1,0,0,baixo
8,10000.0,17,0.9411764705882353,3,2,1,0,0,0,1,0,0,1,0,0,0,baixo
3,10000.0,56,0.9821428571428571,3,3,1,0,0,1,1,1,1,0,0,0,0,alto
2,10000.0,259,0.9922779922779923,5,2,1,0,0,1,1,1,0,0,0,0,0,medio_baixo
3,10000.0,3,1.0,1,2,1,0,0,0,1,0,0,1,0,0,0,medio_baixo
1,10000.0,0,0.0,16,4,1,0,0,0,1,0,0,1,0,1,1,medio_baixo
3,0.0,0,0.0,1,2,1,1,0,1,0,0,1,0,1,0,0,gratuito
8,35000.0,47,0.6808510638297872,1,2,1,1,1,0,1,1,0,0,0,0,0,medio_baixo
1,10000.0,0,0.0,1,2,1,0,0,0,1,0,0,1,0,0,0,baixo
2,10000.0,3,1.0,1,3,1,0,0,0,1,1,0,1,0,0,0,medio_baixo
4,10000.0,9,1.0,1,2,1,0,0,0,0,1,0,1,0,0,0,baixo
1,0.0,0,0.0,1,2,1,0,1,0,1,0,0,1,0,0,0,medio_alto
1,0.0,0,0.0,1,3,1,0,0,0,1,0,1,1,0,0,0,medio_alto
9,350000.0,639,0.6901408450704225,1,3,1,0,0,0,1,0,0,1,0,1,0,baixo
2,10000.0,5,1.0,5,3,1,0,0,0,1,0,0,1,0,0,1,medio_alto
2,10000.0,8,0.625,2,2,1,0,0,0,1,0,0,0,1,0,0,medio_baixo
5,10000.0,129,0.9612403100775194,4,5,1,0,0,0,1,1,0,1,0,0,1,alto
7,35000.0,272,0.9448529411764706,7,1,1,0,0,0,0,0,0,0,1,0,0,alto
8,35000.0,4,0.75,3,3,1,0,0,0,1,0,0,0,1,1,0,baixo
5,10000.0,8,0.75,1,2,1,0,0,0,0,0,1,1,0,0,0,medio_alto
5,0.0,0,0.0,0,0,1,0,0,0,0,0,0,0,0,0,0,gratuito
1,0.0,0,0.0,0,0,1,0,0,0,0,0,0,0,0,0,0,gratuito
10,150000.0,561,0.9019607843137255,1,1,1,0,0,0,0,1,0,0,0,0,0,alto
6,10000.0,89,0.7191011235955056,10,4,1,0,0,0,1,1,0,0,1,0,1,baixo
2,10000.0,136,0.9558823529411765,2,2,1,0,0,0,1,0,1,0,0,0,0,baixo
7,10000.0,0,0.0,29,2,1,0,0,0,1,0,0,1,0,0,0,baixo
2,10000.0,5,1.0,4,3,1,0,0,0,1,0,1,1,0,0,0,medio_baixo
2,75000.0,1975,0.7281012658227848,6,4,1,0,0,0,1,1,1,0,1,0,0,alto
2,10000.0,25,0.96,8,4,1,0,0,0,1,1,0,0,0,1,1,medio_alto
1,10000.0,0,0.0,3,1,1,0,0,0,1,0,0,0,0,0,0,medio_baixo
1,10000.0,0,0.0,1,2,1,0,0,1,1,1,0,0,0,0,0,medio_alto
5,10000.0,18,0.9444444444444444,1,3,1,0,0,0,1,0,1,0,1,0,0,baixo
8,75000.0,66,0.9242424242424242,1,3,1,0,0,0,1,0,0,0,1,0,0,gratuito
5,10000.0,7,1.0,1,3,1,1,0,0,1,0,0,0,1,1,0,gratuito
9,150000000.0,2557944,0.5944058978617202,17,4,1,0,0,0,0,1,1,0,0,0,0,gratuito
3,10000.0,1,0.0,1,3,1,0,0,0,1,0,0,0,0,1,1,medio_alto
3,10000.0,1,1.0,1,1,1,1,0,0,0,0,0,1,0,0,0,medio_alto
2,0.0,0,0.0,1,4,1,1,1,1,1,1,0,1,0,0,0,gratuito
6,10000.0,0,0.0,2,2,1,0,0,0,0,1,0,0,0,0,0,alto
4,0.0,0,0.0,0,0,1,0,0,0,0,0,0,0,0,0,0,gratuito
1,0.0,0,0.0,0,0,1,0,0,0,0,0,0,0,0,0,0,gratuito
2,10000.0,19,0.8421052631578947,1,1,1,0,0,0,0,0,0,0,0,1,0,medio_baixo
6,10000.0,0,0.0,5,1,1,0,0,1,0,0,0,1,0,0,0,medio_baixo
5,150000.0,199,0.9296482412060302,6,2,1,0,0,0,1,0,1,0,0,0,0,baixo
4,0.0,0,0.0,0,0,1,0,0,0,0,0,0,0,0,0,0,gratuito
8,75000.0,235,0.7574468085106383,1,3,1,0,0,0,1,0,0,0,1,0,1,medio_alto
10,35000.0,109,0.5871559633027523,1,2,1,0,0,0,1,0,1,0,0,0,0,baixo
5,150000.0,923,0.8179848320693391,13,4,1,1,1,2,1,0,0,1,0,1,1,alto
9,10000.0,3,1.0,1,6,1,0,0,0,1,0,1,1,0,1,1,baixo
2,10000.0,13,1.0,4,3,1,0,0,0,1,0,1,1,0,0,0,medio_baixo
5,10000.0,10,0.3,1,1,1,0,0,0,0,0,0,1,0,0,0,baixo
4,35000.0,64,0.75,4,4,1,0,0,0,1,1,1,0,0,1,0,medio_baixo
1,10000.0,0,0.0,12,4,1,0,0,0,1,0,0,1,0,0,1,alto
1,10000.0,0,0.0,1,4,1,0,0,0,1,0,1,1,1,0,0,medio_alto
2,10000.0,17,0.8235294117647058,1,6,1,0,0,0,1,1,1,1,0,0,1,medio_alto
2,10000.0,2,1.0,1,2,1,0,0,0,1,0,0,1,0,0,0,medio_baixo
3,75000.0,1728,0.9762731481481481,18,2,1,0,0,1,1,0,0,1,0,0,0,baixo
6,10000.0,27,0.37037037037037035,2,4,1,0,0,0,0,0,0,0,0,0,0,medio_baixo
6,75000.0,328,0.8719512195121951,3,1,1,0,0,0,0,0,0,0,1,0,0,alto
8,10000.0,189,0.6507936507936508,11,3,1,0,0,0,1,1,1,0,0,0,0,medio_baixo
3,0.0,0,0.0,0,0,1,0,0,0,0,0,0,0,0,0,0,gratuito
5,0.0,0,0.0,0,0,1,0,0,0,0,0,0,0,0,0,0,gratuito
3,10000.0,19,0.7894736842105263,5,1,1,0,0,0,0,0,0,1,0,0,0,medio_alto
7,10000.0,0,0.0,3,3,1,0,0,0,1,0,1,1,0,0,0,medio_baixo
3,10000.0,435,0.8091954022988506,15,4,1,0,0,2,1,1,1,1,0,0,0,medio_baixo
3,10000.0,129,0.5813953488372093,4,3,1,0,0,0,0,0,0,1,1,0,1,baixo
10,10000.0,13,0.23076923076923078,1,1,1,0,0,0,0,0,0,0,0,0,0,alto
5,10000.0,3,1.0,2,3,1,0,0,0,1,0,0,1,0,1,0,baixo
8,10000.0,235,0.9191489361702128,27,3,1,1,0,0,1,0,0,1,0,0,1,medio_baixo
9,35000.0,73,0.4794520547945205,1,3,1,1,1,0,1,0,1,1,0,0,0,baixo
5,10000.0,8,0.75,30,4,1,0,0,0,0,0,0,0,0,0,0,gratuito
3,10000.0,6,1.0,10,3,1,0,0,0,1,1,0,1,0,0,0,baixo
3,150000.0,1656,0.6811594202898551,11,4,1,0,0,2,1,1,1,1,0,0,0,medio_baixo
1,10000.0,0,0.0,28,3,1,0,0,0,1,0,0,1,0,1,0,baixo
3,10000.0,34,0.9705882352941176,5,4,1,0,0,0,1,1,1,0,0,0,0,baixo
2,10000.0,3,1.0,1,2,1,0,0,0,1,1,0,0,0,0,0,baixo
4,10000.0,5,0.8,1,2,1,0,0,0,1,0,1,0,0,0,0,medio_alto
9,10000.0,12,0.8333333333333334,1,2,1,0,0,0,1,1,0,0,0,0,0,medio_baixo
1,10000.0,31,0.9354838709677419,1,3,1,0,0,0,1,0,0,1,1,0,0,medio_baixo
5,10000.0,272,0.8161764705882353,3,4,1,1,0,1,1,0,1,0,0,1,0,alto
6,10000.0,7,0.7142857142857143,1,2,1,1,0,0,1,1,0,0,0,0,0,baixo
2,10000.0,0,0.0,1,4,1,0,0,0,1,1,0,1,0,0,0,gratuito
6,10000.0,26,0.5,1,3,1,0,0,0,1,1,0,1,0,0,0,baixo
6,10000.0,20,0.9,1,1,1,1,0,0,1,0,0,0,0,0,0,baixo
2,0.0,0,0.0,12,4,1,0,0,1,0,1,1,0,0,0,0,gratuito
3,10000.0,12,1.0,1,2,1,0,0,1,0,1,0,0,0,0,0,alto
1,0.0,0,0.0,0,0,1,0,0,0,0,0,0,0,0,0,0,gratuito
4,10000.0,0,0.0,15,2,1,0,1,0,1,0,1,0,0,0,0,medio_alto
1,0.0,0,0.0,1,3,1,0,0,0,1,0,0,1,0,0,1,medio_baixo
1,10000.0,0,0.0,13,4,1,0,1,0,1,0,1,0,1,1,0,medio_alto
9,10000.0,19,0.8421052631578947,2,1,1,1,0,0,1,0,0,0,0,0,0,baixo
3,0.0,0,0.0,0,0,1,0,0,0,0,0,0,0,0,0,0,gratuito
4,150000.0,2322,0.6903531438415159,9,1,1,0,0,0,0,1,0,0,0,0,0,medio_baixo
6,10000.0,35,0.9142857142857143,1,3,1,0,0,0,1,0,1,0,1,0,0,medio_baixo
2,150000.0,2134,0.8561387066541706,9,1,1,0,0,5,0,1,0,0,0,0,0,alto
2,10000.0,5,1.0,1,4,1,0,0,0,1,1,1,0,0,0,0,baixo
1,10000.0,0,0.0,2,1,1,0,0,4,0,0,0,0,0,0,0,gratuito
6,10000.0,1,1.0,1,2,1,0,0,0,1,0,0,1,0,0,0,alto
9,10000.0,3,0.0,1,6,1,0,0,0,1,1,1,0,1,1,0,alto
7,10000.0,1,1.0,1,3,1,1,0,0,1,1,0,0,0,0,0,alto
1,0.0,0,0.0,0,0,1,0,0,0,0,0,0,0,0,0,0,gratuito
3,10000.0,1,1.0,1,5,1,0,0,0,1,1,1,1,1,0,0,medio_baixo
5,10000.0,7,0.8571428571428571,1,5,1,0,0,0,1,0,1,0,1,1,0,gratuito
19,1500000.0,14400,0.9670833333333333,6,1,1,0,0,0,0,1,0,0,0,0,0,medio_alto
7,10000.0,171,0.8654970760233918,103,1,1,0,0,0,1,0,0,0,0,0,0,baixo
4,10000.0,14,0.8571428571428571,1,1,1,0,0,0,1,0,0,0,0,0,0,medio_baixo
3,10000.0,0,0.0,1,3,1,0,0,0,1,0,0,1,0,1,0,baixo
1,0.0,0,0.0,1,1,1,0,0,0,0,0,0,1,0,0,0,medio_alto
6,10000.0,48,0.625,1,1,1,0,0,0,1,0,0,0,0,0,0,gratuito
7,10000.0,13,0.15384615384615385,19,8,1,0,0,4,1,1,1,1,1,1,1,baixo
4,0.0,0,0.0,0,0,1,0,0,0,0,0,0,0,0,0,0,gratuito
1,10000.0,0,0.0,3,2,1,0,1,0,0,1,1,0,0,0,0,medio_baixo
1,10000.0,0,0.0,7,3,1,0,0,0,1,1,1,0,0,0,0,baixo
3,10000.0,8,1.0,3,1,1,0,0,0,0,0,0,1,0,0,0,medio_alto
3,75000.0,75,0.88,7,1,1,0,0,0,1,0,0,0,0,0,0,medio_baixo
5,10000.0,0,0.0,4,4,1,0,0,4,1,0,1,1,0,0,1,medio_alto
1,10000.0,7,0.7142857142857143,1,5,1,0,0,0,1,1,1,0,0,1,1,medio_alto
11,1500000.0,1192,0.7541946308724832,1,3,1,0,0,0,1,1,0,0,0,0,1,gratuito
2,10000.0,0,0.0,3,2,1,0,0,0,1,1,0,0,0,0,0,baixo
2,10000.0,19,0.9473684210526315,19,2,1,0,0,0,1,0,0,1,0,0,0,baixo
1,10000.0,0,0.0,1,3,1,0,0,0,1,1,1,0,0,0,0,medio_baixo
2,0.0,0,0.0,0,0,1,0,0,0,0,0,0,0,0,0,0,gratuito
7,10000.0,2,1.0,1,4,1,0,0,0,1,0,1,1,0,1,0,baixo
4,0.0,0,0.0,0,0,1,0,0,0,0,0,0,0,0,0,0,gratuito
2,10000.0,1,1.0,1,3,1,0,0,0,1,0,0,1,1,0,0,medio_baixo
4,35000.0,3,0.6666666666666666,1,5,1,0,0,0,1,1,0,1,0,1,1,medio_alto
3,10000.0,0,0.0,1,2,1,0,0,0,0,0,0,1,1,0,0,alto
1,10000.0,8,1.0,1,4,1,1,1,0,1,1,1,1,0,0,0,medio_alto
3,0.0,0,0.0,103,3,1,0,0,0,1,0,0,1,0,0,0,gratuito
5,10000.0,3,0.6666666666666666,1,3,1,0,0,0,1,1,1,0,0,0,0,baixo
5,10000.0,9,0.8888888888888888,29,4,1,1,1,0,1,1,1,1,0,0,0,baixo
9,10000.0,27,0.6666666666666666,2,3,1,0,0,0,1,1,0,1,0,0,0,baixo
9,10000.0,15,0.6666666666666666,2,1,1,0,0,0,1,0,0,0,0,0,0,medio_baixo
1,0.0,0,0.0,1,3,1,0,0,0,0,1,0,0,0,0,0,gratuito
1,0.0,0,0.0,2,2,1,0,0,0,1,0,0,0,0,1,0,medio_alto
9,10000.0,4,0.75,1,3,1,0,0,0,1,0,0,1,0,0,0,medio_alto
4,10000.0,3,1.0,1,3,1,0,0,0,1,1,0,1,0,0,0,baixo
7,10000.0,13,0.7692307692307693,1,2,1,0,0,0,1,1,0,0,0,0,0,medio_baixo
1,0.0,0,0.0,0,0,1,0,0,0,0,0,0,0,0,0,0,gratuito
4,35000.0,4,0.75,1,3,1,0,0,0,1,0,0,1,0,1,0,alto
1,0.0,0,0.0,1,4,1,0,0,0,1,1,0,1,0,0,1,alto
8,10000.0,83,0.891566265060241,1,3,1,0,0,0,1,1,0,1,0,0,0,medio_baixo
3,10000.0,2,1.0,1,2,1,0,0,0,0,1,0,1,0,0,0,medio_alto
3,10000.0,4,0.25,1,0,1,0,0,0,0,0,0,0,0,0,0,alto
11,10000.0,25,0.96,2,2,1,0,0,1,1,1,0,0,0,0,0,medio_alto
7,10000.0,13,0.8461538461538461,14,2,1,1,0,0,1,1,0,0,0,0,0,medio_baixo
4,75000.0,3,0.6666666666666666,1,5,1,0,0,0,1,1,1,0,1,0,0,alto
5,10000.0,7,0.2857142857142857,1,3,1,0,0,0,1,0,0,1,0,0,1,baixo
5,35000.0,13,0.46153846153846156,1,3,1,1,0,0,1,0,0,1,0,0,1,alto
9,10000.0,5,0.8,1,3,1,1,1,0,1,1,0,1,0,0,0,medio_alto
8,10000.0,1,0.0,1,4,1,0,0,0,1,1,1,0,0,0,0,baixo
5,35000.0,1118,0.9373881932021467,7,3,1,1,1,1,1,0,1,1,0,0,0,alto
5,10000.0,21,0.6190476190476191,1,5,1,1,1,0,1,1,1,1,1,0,0,medio_baixo
2,10000.0,318,0.6509433962264151,10,3,1,0,0,1,1,1,1,0,0,0,0,medio_alto
4,10000.0,0,0.0,1,5,1,1,0,0,1,1,1,1,0,0,0,medio_baixo
1,10000.0,0,0.0,9,3,1,0,0,2,1,1,1,0,0,0,0,alto
8,10000.0,643,0.9502332814930016,3,1,1,0,0,1,0,0,1,0,0,0,0,alto
1,0.0,0,0.0,1,2,1,0,0,0,1,0,0,0,0,0,1,medio_alto
2,10000.0,39,0.5641025641025641,7,3,1,0,0,0,1,1,1,0,0,0,0,alto
2,10000.0,33,0.7878787878787878,8,4,1,0,1,0,1,1,0,0,1,0,0,alto
1,10000.0,674,0.7952522255192879,3,1,1,0,0,17,0,0,0,0,1,0,0,alto
1,10000.0,26,0.8461538461538461,6,2,1,0,0,0,1,1,0,0,0,0,0,baixo
1,10000.0,6,1.0,1,3,1,0,0,0,1,1,0,1,0,0,0,baixo
9,10000.0,4,0.75,1,1,1,0,0,0,1,0,0,0,0,0,0,medio_alto
8,75000.0,478,0.7426778242677824,9,2,1,0,0,0,0,1,0,1,0,0,0,medio_baixo
1,10000.0,0,0.0,28,3,1,0,0,0,1,0,1,1,0,0,0,baixo
2,35000.0,59,0.7966101694915254,3,4,1,0,0,0,1,0,1,0,1,1,0,medio_alto
4,10000.0,84,0.9166666666666666,2,4,1,0,0,0,1,0,0,0,0,1,1,alto
4,150000.0,434,0.7073732718894009,9,1,1,0,0,5,0,1,0,0,0,0,0,alto
2,10000.0,49,0.8163265306122449,1,2,1,0,0,0,0,1,1,0,0,0,0,medio_alto
6,10000.0,26,0.9230769230769231,1,2,1,0,0,0,1,0,1,0,0,0,0,alto
6,10000.0,131,0.9083969465648855,1,1,1,0,0,0,0,1,0,0,0,0,0,medio_baixo
2,10000.0,21,0.8571428571428571,4,3,1,0,0,0,0,1,0,1,0,0,1,alto
6,10000.0,156,0.7115384615384616,8,2,1,0,0,0,1,1,0,0,0,0,0,baixo
5,0.0,0,0.0,1,3,1,0,0,0,1,0,0,1,0,0,0,gratuito
5,75000.0,432,0.6967592592592593,12,3,1,1,0,2,1,0,0,0,0,1,1,medio_alto
1,10000.0,0,0.0,1,3,1,0,0,0,1,0,0,1,0,0,1,alto
1,10000.0,23,0.782608695652174,1,5,1,1,1,0,1,0,1,1,1,0,1,medio_baixo
2,35000.0,18,0.7222222222222222,1,1,1,0,0,0,1,0,0,0,0,0,0,medio_baixo
1,0.0,0,0.0,0,0,1,0,0,0,0,0,0,0,0,0,0,gratuito
11,150000.0,369,0.7859078590785907,1,3,1,0,0,1,1,0,1,1,0,0,0,baixo
5,0.0,0,0.0,1,3,1,0,0,0,1,1,0,0,0,0,0,gratuito
2,75000.0,2371,0.8203289751159848,1,5,1,0,0,0,1,0,1,0,1,1,1,alto
2,10000.0,11,0.45454545454545453,2,4,1,0,0,0,0,1,1,0,1,0,0,alto
8,35000.0,396,0.8686868686868687,1,4,1,0,0,0,0,0,1,1,0,0,1,baixo
1,0.0,0,0.0,2,1,1,0,0,0,0,0,1,0,0,0,0,medio_alto
9,7500000.0,177610,0.8875682675525026,10,3,1,0,0,57,0,0,1,0,0,0,1,medio_baixo
1,10000.0,0,0.0,1,3,1,0,0,0,1,1,1,0,0,0,0,medio_alto
1,0.0,0,0.0,1,3,1,0,0,0,0,0,1,1,0,0,0,gratuito
1,10000.0,5,1.0,1,3,1,1,1,0,0,0,1,1,1,0,0,medio_baixo
3,10000.0,17,0.9411764705882353,3,2,1,0,0,0,1,0,0,1,0,0,0,baixo
6,10000.0,28,0.6428571428571429,6,4,1,0,0,0,1,1,1,0,1,0,0,medio_alto
1,0.0,0,0.0,1,3,1,0,0,0,0,1,0,0,0,1,0,gratuito
6,10000.0,31,0.5161290322580645,1,1,1,0,0,0,1,0,0,0,0,0,0,baixo
11,3500000.0,116710,0.8401336646388484,10,2,1,0,0,0,0,1,0,0,1,0,0,alto
6,75000.0,343,0.7871720116618076,2,2,1,0,0,0,1,0,1,0,0,0,0,baixo
3,10000.0,17,1.0,1,2,1,0,0,0,0,0,1,0,1,0,0,alto
8,10000.0,119,0.7058823529411765,5,1,1,0,0,0,0,0,0,0,0,0,0,alto
1,10000.0,0,0.0,6,4,1,0,0,0,1,1,0,1,0,0,0,medio_alto
2,10000.0,2,0.5,1,7,1,0,0,0,1,1,1,1,1,0,1,alto
4,0.0,0,0.0,3,4,1,0,1,0,1,0,1,1,0,0,0,gratuito
4,10000.0,253,0.8814229249011858,1,3,1,0,0,1,1,1,1,0,0,0,0,alto
2,10000.0,75,0.4,21,3,1,0,0,0,1,1,0,1,0,0,0,medio_alto
11,1500000.0,13589,0.8834351313562441,6,2,1,1,0,2,0,0,0,0,0,1,1,medio_baixo
5,35000.0,479,0.8768267223382046,6,2,1,0,0,1,1,0,1,0,0,0,0,alto
6,10000.0,8,0.5,1,3,1,0,0,0,1,1,0,0,0,0,0,baixo
9,10000.0,44,0.5,14,3,1,0,0,0,1,0,0,0,0,1,1,gratuito
2,10000.0,1,1.0,1,2,1,0,0,0,1,1,0,0,0,0,0,baixo
6,75000.0,12,0.8333333333333334,1,2,1,0,0,0,0,1,0,0,0,0,1,baixo
4,35000.0,514,0.9552529182879378,9,3,1,1,0,0,1,1,0,1,0,0,0,alto
3,10000.0,1,1.0,1,1,1,0,0,0,0,0,0,1,0,0,0,medio_alto
6,10000.0,8,0.875,1,3,1,0,0,0,1,1,0,0,0,0,0,gratuito
8,10000.0,15,0.5333333333333333,13,4,1,1,0,0,1,1,0,1,0,0,0,baixo
5,10000.0,0,0.0,10,5,1,0,0,0,1,0,1,1,0,1,0,baixo
4,10000.0,4,0.0,1,1,1,0,0,0,0,0,0,0,1,0,0,medio_alto
8,35000.0,28,0.39285714285714285,1,2,1,0,0,0,1,0,0,1,0,0,0,baixo
7,10000.0,6,0.8333333333333334,1,2,1,0,1,0,1,1,0,0,0,0,0,medio_baixo
7,10000.0,0,0.0,1,4,1,0,0,0,1,1,0,1,0,0,0,gratuito
3,0.0,0,0.0,1,4,1,0,0,0,1,0,1,1,0,0,0,gratuito
2,10000.0,23,1.0,4,1,1,0,0,0,0,1,0,0,0,0,0,medio_baixo
1,10000.0,0,0.0,9,4,1,1,1,0,1,0,0,1,0,1,1,alto
3,10000.0,0,0.0,2,3,1,0,1,0,1,1,0,0,1,0,0,medio_baixo
6,10000.0,31,0.9032258064516129,4,3,1,0,0,0,1,0,1,1,0,0,0,medio_alto
4,10000.0,22,0.7272727272727273,1,5,1,0,0,0,1,1,1,0,0,1,0,medio_alto
3,10000.0,0,0.0,2,4,1,0,0,0,0,0,1,1,0,0,1,medio_baixo
5,35000.0,13,1.0,1,4,1,0,0,0,1,1,1,0,0,0,0,gratuito
1,0.0,0,0.0,103,2,1,0,0,0,1,0,0,1,0,0,0,baixo
1,10000.0,2,1.0,10,2,1,1,1,1,0,0,1,1,0,0,0,medio_baixo
7,75000.0,548,0.7846715328467153,4,3,1,1,0,1,1,0,1,0,0,0,1,medio_baixo
1,10000.0,1,0.0,1,2,1,0,0,0,1,0,1,0,0,0,0,baixo
16,1500000.0,3351,0.9092808116980006,5,1,1,1,1,0,0,0,0,0,0,1,0,gratuito
4,10000.0,5,1.0,1,3,1,0,0,0,1,1,1,0,0,0,0,baixo
4,10000.0,5,0.8,1,1,1,0,0,0,1,0,0,0,0,0,0,alto
2,10000.0,2,1.0,1,4,1,0,0,0,1,1,1,1,0,0,0,baixo
8,35000.0,5,0.8,2,3,1,0,0,0,1,0,1,1,0,0,0,medio_baixo
1,0.0,0,0.0,1,4,1,0,0,1,1,1,0,0,1,1,0,alto
5,0.0,0,0.0,1,1,1,0,0,0,0,1,0,0,0,0,0,gratuito
2,10000.0,25,0.92,1,5,1,0,0,0,1,1,1,0,1,0,0,medio_alto
1,10000.0,0,0.0,2,1,1,0,0,1,0,1,0,0,0,0,0,alto
1,10000.0,0,0.0,1,3,1,1,0,0,1,0,0,1,0,1,0,alto
11,10000.0,325,0.8061538461538461,1,1,1,0,0,0,0,0,0,0,0,1,0,alto
9,10000.0,6,0.5,1,2,1,0,0,0,1,0,0,0,0,0,0,gratuito
6,10000.0,0,0.0,1,3,1,1,1,0,1,0,1,1,0,0,0,baixo
1,0.0,0,0.0,1,4,1,0,0,0,1,0,1,1,0,0,0,gratuito
2,10000.0,127,0.8503937007874016,1,2,1,0,0,1,0,0,1,0,1,0,0,medio_alto
1,0.0,0,0.0,1,4,1,0,0,0,1,0,0,1,0,1,0,medio_baixo
8,10000.0,47,0.2765957446808511,1,4,1,1,1,0,0,0,0,0,1,1,0,gratuito
8,10000.0,28,0.5357142857142857,1,3,1,0,0,0,1,0,0,1,0,0,0,baixo
7,350000.0,1524,0.7644356955380578,1,3,1,0,0,0,1,0,1,0,0,1,0,gratuito
1,10000.0,0,0.0,1,2,1,0,0,0,1,0,0,0,0,0,1,alto
7,10000.0,1,0.0,1,3,1,0,0,0,1,0,0,1,0,0,1,medio_alto
8,10000.0,0,0.0,2,2,1,0,0,0,1,0,1,0,0,0,0,alto
2,0.0,0,0.0,0,0,1,0,0,0,0,0,0,0,0,0,0,gratuito
9,35000.0,67,0.3582089552238806,2,2,1,0,0,0,0,0,0,0,0,0,0,gratuito
7,10000.0,2,1.0,2,3,1,0,0,0,1,0,0,1,0,1,0,medio_baixo
1,10000.0,9,1.0,8,1,1,0,0,0,0,0,0,1,0,0,0,baixo
3,10000.0,0,0.0,1,2,1,1,1,0,1,0,0,1,0,0,0,baixo
3,0.0,0,0.0,0,0,1,0,0,0,0,0,0,0,0,0,0,gratuito
5,10000.0,10,0.8,1,5,1,1,0,0,1,1,1,1,0,0,0,gratuito
2,10000.0,11,1.0,1,1,1,0,0,0,0,1,0,0,0,0,0,medio_baixo
8,350000.0,2132,0.7917448405253283,8,3,1,0,0,0,0,0,0,0,0,1,0,gratuito
4,35000.0,32,0.40625,1,5,1,0,0,0,1,1,1,0,1,0,1,baixo
8,350000.0,1611,0.8212290502793296,1,3,1,0,0,1,1,1,0,0,0,0,0,gratuito
12,35000.0,112,0.8125,1,1,1,0,0,0,0,0,1,0,0,0,0,baixo
3,10000.0,0,0.0,1,2,1,1,1,0,1,1,0,0,0,0,0,gratuito
7,75000.0,1306,0.5658499234303216,8,4,1,0,0,0,1,1,1,0,0,0,1,medio_baixo
1,10000.0,134,0.8731343283582089,14,3,1,1,1,0,1,0,0,0,0,1,1,alto
4,10000.0,7,0.5714285714285714,29,4,1,0,0,0,1,1,0,1,0,1,0,baixo
1,10000.0,0,0.0,8,2,1,1,1,0,1,0,0,1,0,0,0,baixo
9,75000.0,426,0.9107981220657277,3,2,1,1,1,0,1,0,1,0,0,0,0,gratuito
11,10000.0,6,0.3333333333333333,1,1,1,0,0,0,1,0,0,0,0,0,0,baixo
1,0.0,0,0.0,2,3,1,0,0,0,0,0,0,0,0,0,1,gratuito
5,35000.0,37,0.9459459459459459,1,2,1,0,0,0,0,0,1,1,0,0,0,medio_alto
3,10000.0,1,1.0,2,2,1,0,0,0,1,1,0,0,0,0,0,medio_baixo
2,150000.0,1813,0.9415333701047987,12,1,1,1,0,2,0,0,1,0,0,0,0,alto
7,35000.0,247,0.728744939271255,1,5,1,0,0,0,0,0,0,0,0,0,0,alto
3,10000.0,32,0.90625,1,2,1,0,0,0,1,0,1,0,0,0,0,medio_baixo
7,10000.0,2,1.0,1,2,1,0,0,0,1,1,0,0,0,0,0,baixo
15,10000.0,33,0.6363636363636364,1,1,1,0,0,0,0,0,1,0,0,0,0,medio_baixo
3,10000.0,4,0.75,2,2,1,0,0,0,1,0,1,0,0,0,0,medio_alto
9,10000.0,41,0.21951219512195122,2,6,1,0,0,0,1,1,1,0,0,1,0,baixo
2,0.0,0,0.0,0,0,1,0,0,0,0,0,0,0,0,0,0,gratuito
2,10000.0,1,1.0,7,5,1,0,0,0,1,1,1,1,0,0,1,baixo
4,10000.0,22,0.8181818181818182,1,3,1,1,1,0,1,1,0,1,0,0,0,baixo
2,10000.0,6,0.3333333333333333,1,1,1,0,0,0,0,0,0,0,1,0,0,medio_alto
10,150000.0,578,0.6487889273356401,1,4,1,0,0,0,0,0,0,0,0,0,1,gratuito
1,10000.0,0,0.0,1,3,1,0,0,0,0,0,1,0,0,1,0,medio_alto
9,10000.0,15,0.4666666666666667,10,3,1,0,0,0,1,1,1,0,0,0,0,medio_alto
2,35000.0,1350,0.9437037037037037,103,5,1,0,0,1,1,0,0,1,1,0,1,baixo
1,0.0,0,0.0,1,1,1,0,0,0,0,0,0,0,0,1,0,baixo
9,10000.0,110,0.5,1,4,1,0,0,0,1,0,0,1,0,0,1,alto
6,10000.0,7,1.0,1,2,1,0,0,0,1,1,0,0,0,0,0,medio_baixo
6,10000.0,54,0.7962962962962963,7,3,1,0,0,0,1,0,1,0,1,0,0,baixo
1,0.0,0,0.0,0,0,1,0,0,0,0,0,0,0,0,0,0,gratuito
1,10000.0,0,0.0,9,5,1,0,0,1,0,0,0,0,0,0,0,alto
4,10000.0,17,0.7647058823529411,1,1,1,0,0,0,0,1,0,0,0,0,0,alto
5,10000.0,1,1.0,1,5,1,1,0,0,1,1,1,0,1,0,0,medio_alto
1,10000.0,0,0.0,1,1,1,0,0,0,0,0,1,0,0,0,0,baixo
1,0.0,0,0.0,11,6,1,0,0,0,1,1,1,1,1,0,0,gratuito
8,35000.0,10,0.1,1,4,1,0,0,2,1,1,1,1,0,0,0,medio_baixo
2,0.0,0,0.0,103,3,1,0,0,0,1,0,0,1,0,0,0,gratuito
4,10000.0,7,1.0,1,1,1,0,0,0,0,0,0,1,0,0,0,baixo
1,10000.0,0,0.0,1,2,1,0,0,0,0,0,1,1,0,0,0,medio_alto
8,10000.0,12,0.9166666666666666,1,1,1,0,0,0,0,1,0,0,0,0,0,medio_baixo
8,10000.0,247,0.8421052631578947,3,4,1,0,0,2,1,0,1,1,1,0,0,medio_alto
5,10000.0,2,0.0,1,4,1,0,0,0,1,1,0,0,0,1,0,alto
6,10000.0,49,0.673469387755102,2,3,1,0,0,0,0,0,0,0,1,1,1,medio_alto
14,75000.0,618,0.8333333333333334,2,1,1,0,0,0,0,0,0,0,0,0,0,medio_alto
9,10000.0,82,0.5365853658536586,1,2,1,0,0,0,0,0,0,1,0,0,1,medio_baixo
11,75000.0,1172,0.9377133105802048,1,1,1,1,1,0,1,0,0,0,0,0,0,medio_baixo
2,0.0,0,0.0,2,2,1,0,0,0,1,0,0,0,0,0,0,gratuito
3,10000.0,0,0.0,1,3,1,0,0,0,0,0,1,1,0,0,0,gratuito
1,0.0,0,0.0,1,4,1,0,1,0,1,1,1,0,0,0,0,gratuito
2,10000.0,2,0.5,1,4,1,0,0,0,1,1,0,1,0,0,0,medio_baixo
4,35000.0,31,0.6451612903225806,1,4,1,0,1,0,1,1,1,0,1,0,0,alto
1,10000.0,1,1.0,1,4,1,0,0,0,1,0,0,1,0,0,1,medio_alto
1,0.0,0,0.0,2,2,1,0,0,0,1,0,0,1,0,0,0,medio_baixo
1,10000.0,27,0.7037037037037037,2,1,1,0,0,0,0,0,0,0,0,1,0,alto
2,0.0,0,0.0,0,0,1,0,0,0,0,0,0,0,0,0,0,gratuito
2,10000.0,29,1.0,10,3,1,0,0,0,1,0,0,1,0,1,0,medio_alto
9,10000.0,20,0.2,1,3,1,0,0,0,1,0,1,1,0,0,0,baixo
6,10000.0,0,0.0,5,1,1,1,1,0,0,0,0,1,0,0,0,medio_alto
5,75000.0,7,0.42857142857142855,1,2,1,0,0,0,0,1,0,0,0,0,0,medio_alto
11,10000.0,11,0.8181818181818182,1,2,1,1,1,0,1,1,0,0,0,0,0,baixo
3,10000.0,6,0.16666666666666666,6,4,1,0,0,0,1,1,1,0,1,0,0,alto
10,150000.0,1885,0.6180371352785146,2,3,1,0,0,0,1,1,1,0,0,0,0,medio_baixo
2,10000.0,0,0.0,2,3,1,1,1,1,1,0,1,0,0,0,0,alto
2,10000.0,403,0.7047146401985112,11,3,1,1,0,2,1,1,1,0,0,0,0,medio_baixo
3,10000.0,0,0.0,10,1,1,1,0,0,0,0,0,0,1,0,0,alto
3,10000.0,202,0.693069306930693,1,4,1,1,1,0,1,0,0,0,0,1,1,alto
7,10000.0,28,0.6428571428571429,9,2,1,0,0,0,1,1,0,0,0,0,0,medio_baixo
4,10000.0,0,0.0,1,4,1,1,1,0,1,0,0,1,1,0,1,medio_alto
9,150000.0,154,0.7987012987012987,1,4,1,0,0,0,1,1,1,0,0,1,0,medio_baixo
4,0.0,0,0.0,2,3,1,0,1,0,0,0,0,1,0,0,0,gratuito
7,10000.0,6,0.8333333333333334,1,2,1,0,0,0,1,0,1,0,0,0,0,medio_baixo
3,10000.0,11,0.9090909090909091,11,4,1,0,0,0,0,1,1,1,0,1,0,medio_alto
1,10000.0,0,0.0,1,4,1,0,0,0,1,1,1,0,0,1,0,medio_alto
3,0.0,0,0.0,1,5,1,0,0,0,1,0,1,1,1,0,1,gratuito
4,10000.0,16,0.75,1,1,1,0,0,0,1,0,0,0,0,0,0,alto
2,10000.0,54,0.9259259259259259,2,1,1,0,0,1,0,0,0,0,1,0,0,alto
4,10000.0,1,0.0,1,1,1,0,0,0,0,0,0,0,0,0,1,medio_baixo
2,10000.0,9,1.0,1,1,1,0,0,0,1,0,0,0,0,0,0,medio_alto
9,150000.0,659,0.6934749620637329,2,1,1,0,0,0,0,0,0,0,1,0,0,alto
11,10000.0,376369,0.829590109706166,16,2,1,0,0,9,0,1,0,0,0,0,0,gratuito
2,0.0,0,0.0,0,0,1,0,0,0,0,0,0,0,0,0,0,gratuito
3,10000.0,0,0.0,5,3,1,1,1,1,1,0,1,1,0,0,0,alto
1,10000.0,0,0.0,1,2,1,1,1,0,1,0,1,0,0,0,0,medio_alto
3,10000.0,62,0.8548387096774194,1,2,1,0,0,0,0,0,0,0,0,1,1,medio_alto
4,10000.0,4,0.5,2,3,1,0,0,0,1,1,1,0,0,0,0,baixo
3,0.0,0,0.0,0,0,1,0,0,0,0,0,0,0,0,0,0,gratuito
10,10000.0,34,0.47058823529411764,1,1,1,1,1,0,0,0,0,0,1,0,0,medio_baixo
4,0.0,0,0.0,0,0,1,0,0,0,0,0,0,0,0,0,0,gratuito
4,10000.0,112,0.9464285714285714,2,1,1,0,0,0,0,0,1,0,0,0,0,medio_alto
1,0.0,0,0.0,0,0,1,0,0,0,0,0,0,0,0,0,0,gratuito
8,10000.0,95,0.6842105263157895,9,2,1,1,0,0,1,1,0,0,0,0,0,baixo
8,750000.0,35305,0.9283670868148988,19,3,1,0,0,2,1,1,0,0,0,0,1,alto
8,10000.0,17,0.9411764705882353,1,1,1,0,0,0,1,0,0,0,0,0,0,baixo
1,10000.0,216,0.6898148148148148,5,2,1,0,0,0,1,0,0,0,0,0,1,medio_alto
6,350000.0,1465,0.8791808873720136,9,2,1,0,0,2,0,0,0,0,1,1,0,medio_alto
1,10000.0,0,0.0,4,4,1,0,0,1,1,1,0,0,0,0,0,alto
12,350000.0,764,0.6164921465968587,1,7,1,0,0,0,0,1,1,1,1,0,1,gratuito
4,10000.0,39,0.7948717948717948,1,4,1,0,0,0,1,1,1,1,0,0,0,gratuito
1,0.0,0,0.0,1,2,1,0,0,0,0,0,0,0,1,0,0,gratuito
6,10000.0,14,0.5,1,5,1,0,0,0,1,1,1,1,0,0,0,gratuito
1,0.0,0,0.0,0,0,1,0,0,0,0,0,0,0,0,0,0,gratuito
1,10000.0,54,0.9814814814814815,3,4,1,0,0,1,0,0,1,0,1,1,0,alto
7,10000.0,8,0.875,1,3,1,0,0,0,1,1,1,0,0,0,0,alto
4,75000.0,1466,0.8990450204638472,8,2,1,0,0,1,0,1,1,0,0,0,0,medio_alto
7,10000.0,4,1.0,1,4,1,0,0,0,1,1,0,0,0,1,0,alto
5,10000.0,0,0.0,2,4,1,0,0,0,1,1,1,0,1,0,0,alto
4,10000.0,1,1.0,1,2,1,0,0,0,0,1,0,1,0,0,0,baixo
2,10000.0,6,0.6666666666666666,3,2,1,0,0,0,1,0,0,1,0,0,0,medio_baixo
7,10000.0,27,0.7407407407407407,1,2,1,0,0,0,1,0,1,0,0,0,0,gratuito
4,10000.0,226,0.7787610619469026,5,4,1,0,0,0,0,0,0,1,0,0,1,medio_baixo
2,10000.0,0,0.0,11,3,1,0,0,0,1,1,0,1,0,0,0,baixo
6,10000.0,4,0.75,1,5,1,0,0,0,1,1,1,1,0,0,1,medio_baixo
1,0.0,0,0.0,103,2,1,0,0,0,1,0,0,1,0,0,0,medio_baixo
1,10000.0,0,0.0,13,3,1,0,0,0,1,0,0,1,0,0,1,medio_alto
7,35000.0,2,0.0,1,2,1,0,0,0,0,0,0,1,0,1,0,medio_alto
1,10000.0,0,0.0,1,4,1,0,0,0,1,0,0,1,0,0,1,baixo
3,10000.0,431,0.8631090487238979,1,2,1,0,0,0,1,1,0,0,0,0,0,medio_baixo
12,75000.0,166,0.7469879518072289,9,3,1,0,0,1,1,0,1,0,0,0,0,gratuito
9,35000.0,130,0.9153846153846154,2,2,1,0,0,2,0,0,1,1,0,0,0,medio_alto
4,35000.0,38,0.8421052631578947,1,2,1,0,0,0,1,1,0,0,0,0,0,medio_baixo
3,10000.0,50,0.98,7,3,1,1,1,0,1,0,0,1,0,0,0,baixo
5,150000.0,4735,0.4006335797254488,4,2,1,0,0,0,1,0,1,0,0,0,0,baixo
1,0.0,0,0.0,0,0,1,0,0,0,0,0,0,0,0,0,0,gratuito
3,35000.0,9,0.6666666666666666,1,3,1,0,0,0,1,0,1,0,1,0,0,medio_baixo
3,0.0,0,0.0,1,4,1,0,0,0,1,1,1,1,0,0,0,gratuito
8,10000.0,29,0.4827586206896552,103,5,1,0,0,0,1,0,1,1,0,1,1,medio_baixo
9,10000.0,32,0.71875,1,3,1,0,0,0,0,0,0,0,0,0,0,medio_baixo
1,0.0,0,0.0,1,4,1,0,0,1,1,0,0,1,0,1,0,gratuito
8,75000.0,594,0.9191919191919192,2,3,1,0,1,0,1,0,1,0,0,0,0,gratuito
7,10000.0,886,0.8148984198645598,5,3,1,0,0,1,1,0,0,1,0,0,1,alto
2,10000.0,54,0.48148148148148145,12,2,1,0,0,1,1,0,0,0,0,1,0,medio_baixo
3,35000.0,62,0.9516129032258065,3,4,1,0,0,2,1,0,0,0,1,1,0,medio_baixo
8,10000.0,236,0.8347457627118644,27,3,1,0,0,2,1,0,0,1,0,1,0,medio_baixo
2,10000.0,4,1.0,1,3,1,0,0,0,1,1,1,0,0,0,0,baixo
6,10000.0,6,0.8333333333333334,1,3,1,0,0,1,1,0,0,0,1,1,0,medio_alto
1,10000.0,0,0.0,12,4,1,0,0,0,0,1,1,1,1,0,0,alto
8,10000.0,13,0.7692307692307693,1,2,1,0,0,0,0,0,1,1,0,0,0,medio_alto
2,0.0,0,0.0,3,4,1,0,0,0,1,0,0,0,1,0,1,gratuito
1,10000.0,0,0.0,2,2,1,1,0,1,0,1,0,1,0,0,0,medio_alto
9,10000.0,44,0.5909090909090909,3,5,1,0,0,0,1,0,0,1,0,0,0,gratuito
6,10000.0,0,0.0,1,5,1,0,0,2,1,0,1,1,0,1,1,baixo
2,10000.0,7,0.8571428571428571,1,3,1,0,0,0,1,0,0,0,0,1,1,medio_alto
1,10000.0,15,1.0,12,1,1,0,0,0,0,1,0,0,0,0,0,medio_alto
1,10000.0,0,0.0,1,3,1,0,0,0,1,1,1,0,0,0,0,medio_baixo
1,10000.0,0,0.0,4,1,1,0,0,2,0,0,1,0,0,0,0,alto
8,75000.0,1088,0.8869485294117647,6,3,1,0,0,0,1,1,1,0,0,0,0,alto
4,10000.0,2,0.0,1,5,1,0,0,0,1,1,1,0,1,0,0,medio_baixo
2,10000.0,76,0.9868421052631579,15,2,1,0,0,1,0,0,1,1,0,0,0,alto
4,1500000.0,8430,0.8588374851720048,13,6,1,1,0,0,1,1,1,0,0,1,0,gratuito
12,350000.0,407,0.7199017199017199,1,2,1,0,0,0,0,1,1,0,0,0,0,baixo
5,10000.0,5,1.0,1,3,1,0,0,0,1,1,0,1,0,0,0,medio_baixo
9,10000.0,34,0.5588235294117647,15,1,1,1,0,0,1,0,0,0,0,0,0,baixo
3,10000.0,2,1.0,1,1,1,1,0,0,0,0,0,0,0,1,0,baixo
10,10000.0,16,0.875,27,2,1,0,0,0,1,0,0,1,0,0,0,alto
2,10000.0,70,0.9714285714285714,1,3,1,0,0,0,1,0,0,1,0,1,0,medio_baixo
2,75000.0,1,0.0,10,2,1,0,0,0,0,1,1,0,0,0,0,baixo
1,10000.0,0,0.0,13,3,1,0,0,0,1,0,0,1,0,0,1,medio_alto
2,0.0,0,0.0,0,0,1,0,0,0,0,0,0,0,0,0,0,gratuito
6,35000.0,36,0.9444444444444444,5,7,1,0,0,0,1,1,1,1,1,1,1,medio_baixo
1,10000.0,0,0.0,2,1,1,0,0,0,0,0,0,0,0,0,0,alto
1,0.0,0,0.0,5,3,1,1,0,0,0,0,0,1,1,0,1,gratuito
8,75000.0,495,0.6747474747474748,10,1,1,0,0,0,0,1,0,0,0,0,0,gratuito
1,0.0,0,0.0,0,0,1,0,0,0,0,0,0,0,0,0,0,gratuito
2,0.0,0,0.0,103,3,1,0,0,0,1,0,0,1,0,0,0,gratuito
2,0.0,0,0.0,1,4,1,0,0,0,1,0,1,0,0,0,1,gratuito
2,10000.0,3,1.0,15,2,1,0,0,0,1,0,0,1,0,0,0,medio_baixo
1,0.0,0,0.0,1,2,1,0,0,7,0,0,0,0,1,1,0,alto
10,10000.0,31,0.25806451612903225,1,2,1,0,0,0,1,0,0,1,0,0,0,baixo
6,10000.0,52,0.8653846153846154,2,4,1,1,1,0,1,0,0,1,0,1,1,baixo
4,10000.0,1,1.0,1,3,1,0,0,0,1,1,1,0,0,0,0,baixo
3,10000.0,109,0.9724770642201835,4,4,1,1,0,1,1,1,0,1,0,0,0,alto
8,10000.0,0,0.0,1,2,1,0,0,0,1,0,0,1,0,0,0,medio_alto
10,75000.0,842,0.8467933491686461,6,1,1,0,0,1,0,0,1,0,0,0,0,alto
3,0.0,0,0.0,103,1,1,0,0,0,0,0,0,1,0,0,0,medio_baixo
7,75000.0,122,0.5163934426229508,7,7,1,1,1,4,1,0,0,1,1,1,1,gratuito
9,350000.0,5309,0.9440572612544735,4,1,1,0,0,12,0,1,0,0,0,0,0,alto
11,10000.0,18,0.3333333333333333,1,2,1,0,0,0,1,1,0,0,0,0,0,medio_alto
8,35000.0,74,0.8378378378378378,1,4,1,1,0,0,1,0,1,1,1,0,0,medio_baixo
1,10000.0,0,0.0,29,3,1,0,0,0,1,1,0,0,0,0,0,medio_alto
1,0.0,0,0.0,13,4,1,0,0,1,1,0,0,0,1,0,1,gratuito
8,10000.0,48,0.8958333333333334,14,3,1,1,0,0,1,0,0,1,0,1,0,baixo
6,10000.0,34,0.5588235294117647,1,2,1,0,0,0,0,0,0,0,0,1,1,alto
2,0.0,0,0.0,0,0,1,0,0,0,0,0,0,0,0,0,0,gratuito
9,10000.0,4,0.5,1,2,1,0,0,0,0,0,1,0,0,1,0,medio_alto
6,10000.0,4,0.75,1,3,1,0,0,0,1,1,0,1,0,0,0,medio_alto
11,10000.0,27,0.8888888888888888,1,3,1,1,1,0,1,0,1,0,1,0,0,baixo
4,10000.0,28,0.6785714285714286,13,2,1,0,0,0,0,1,1,0,0,0,0,baixo
2,10000.0,9,0.7777777777777778,1,3,1,0,0,0,0,1,1,0,0,0,0,gratuito
6,10000.0,91,0.945054945054945,9,6,1,0,0,0,1,1,1,1,0,0,1,alto
1,10000.0,0,0.0,1,1,1,1,0,1,0,0,0,1,0,0,0,medio_alto
1,10000.0,0,0.0,12,3,1,1,1,0,1,0,0,1,0,0,1,medio_alto
8,10000.0,8,1.0,2,4,1,0,0,0,1,1,0,0,1,0,0,medio_alto
2,0.0,0,0.0,2,5,1,0,0,0,1,1,1,1,0,0,0,gratuito
5,35000.0,20,0.45,1,4,1,0,0,0,0,0,0,0,0,0,0,gratuito
3,10000.0,1,0.0,6,2,1,1,1,0,0,1,1,0,0,0,0,baixo
6,35000.0,465,0.8344086021505376,4,3,1,0,0,0,0,1,1,0,1,0,0,alto
10,10000.0,12,0.4166666666666667,1,3,1,0,0,0,1,0,0,1,0,1,0,gratuito
1,10000.0,1,1.0,1,1,1,0,0,0,0,1,0,0,0,0,0,medio_alto
9,10000.0,49,0.8367346938775511,1,3,1,1,0,1,1,0,0,1,0,0,1,baixo
5,10000.0,0,0.0,1,1,1,0,0,0,1,0,0,0,0,0,0,medio_baixo
8,10000.0,1,1.0,1,2,1,0,0,0,1,0,0,1,0,0,0,medio_baixo
2,35000.0,145,0.47586206896551725,2,5,1,0,0,0,1,0,1,1,0,1,0,medio_alto
1,10000.0,0,0.0,3,3,1,0,0,0,0,0,1,1,0,1,0,medio_baixo
1,0.0,0,0.0,0,0,1,0,0,0,0,0,0,0,0,0,0,gratuito
7,750000.0,5410,0.9329020332717191,6,4,1,1,0,0,1,1,1,0,1,0,0,medio_alto
17,35000.0,181,0.8066298342541437,1,1,1,0,0,0,0,1,0,0,0,0,0,alto
1,10000.0,0,0.0,5,3,1,0,0,0,1,1,1,0,0,0,0,alto
10,10000.0,114,0.9210526315789473,2,2,1,0,0,0,1,1,0,0,0,0,0,medio_baixo
9,1500000.0,44497,0.8109310740049891,10,1,1,0,0,4,0,1,0,0,0,0,0,medio_alto
3,10000.0,5,0.8,1,1,1,0,0,0,1,0,0,0,0,0,0,medio_baixo
1,10000.0,0,0.0,1,1,1,1,1,0,0,0,0,0,0,0,1,alto
4,150000.0,2175,0.6142528735632183,6,2,1,0,0,0,0,0,1,0,1,0,0,alto
1,0.0,0,0.0,2,5,1,0,1,0,1,0,1,0,1,1,0,alto
5,10000.0,6,0.5,1,3,1,0,0,0,1,0,0,1,0,1,0,medio_baixo
10,35000.0,37,0.4864864864864865,3,3,1,0,0,0,1,1,0,1,0,0,0,baixo
14,35000.0,434,0.5576036866359447,7,3,1,0,0,0,1,1,0,0,0,1,0,gratuito
9,10000.0,1,0.0,1,1,1,0,0,0,1,0,0,0,0,0,0,baixo
1,0.0,0,0.0,0,0,1,0,0,0,0,0,0,0,0,0,0,gratuito
5,10000.0,2,1.0,1,6,1,0,0,0,1,1,0,1,0,0,1,medio_baixo
13,0.0,0,0.0,1,2,1,0,0,0,1,1,0,0,0,0,0,medio_baixo
4,10000.0,0,0.0,12,3,1,0,1,0,1,1,0,1,0,0,0,medio_baixo
8,10000.0,43,0.813953488372093,1,3,1,1,1,0,1,0,0,1,0,0,1,medio_alto
8,75000.0,138,0.7028985507246377,2,4,1,0,0,1,1,0,0,0,0,1,0,gratuito
8,150000.0,871,0.9425947187141217,1,3,1,0,0,1,1,1,0,0,0,0,0,gratuito
4,35000.0,31,0.8064516129032258,1,3,1,0,0,3,1,1,0,0,0,0,0,gratuito
2,10000.0,0,0.0,1,4,1,0,0,0,0,1,0,0,0,0,0,medio_alto
7,10000.0,18,0.5555555555555556,1,3,1,1,1,0,1,1,0,0,0,1,0,medio_baixo
6,10000.0,10,0.9,5,4,1,1,0,1,1,1,0,1,0,0,1,medio_alto
7,10000.0,15,0.8,2,2,1,1,0,0,1,0,1,0,0,0,0,medio_baixo
5,35000.0,8,0.5,1,4,1,0,0,0,0,1,1,0,1,1,0,medio_baixo
8,35000.0,1,0.0,1,4,1,0,0,0,1,0,0,1,0,1,1,baixo
9,10000.0,1,0.0,1,5,1,0,0,0,1,0,1,0,0,1,0,medio_alto
1,10000.0,0,0.0,2,1,1,0,0,0,0,1,0,0,0,0,0,medio_alto
8,10000.0,11,0.8181818181818182,1,2,1,1,0,0,1,1,0,0,0,0,0,gratuito
10,10000.0,7,1.0,1,2,1,0,0,0,1,1,0,0,0,0,0,medio_baixo
8,10000.0,48,0.8541666666666666,6,3,1,0,0,0,1,1,0,0,1,0,0,alto
5,75000.0,4,1.0,1,3,1,0,0,0,1,0,0,1,0,1,0,medio_baixo
1,0.0,0,0.0,0,0,1,0,0,0,0,0,0,0,0,0,0,gratuito
9,75000.0,937,0.8858057630736392,7,1,1,0,0,0,0,1,0,0,0,0,0,medio_alto
3,10000.0,0,0.0,1,3,1,0,0,0,1,0,0,1,0,0,0,alto
2,10000.0,0,0.0,1,3,1,0,1,0,1,1,0,1,0,0,0,baixo
1,0.0,0,0.0,1,3,1,1,1,0,1,0,0,0,1,0,0,medio_alto
3,10000.0,28,0.8928571428571429,1,4,1,0,0,0,1,1,0,1,0,0,1,baixo
7,10000.0,3,0.6666666666666666,1,3,1,0,0,0,1,0,0,1,0,1,0,alto
1,10000.0,0,0.0,1,5,1,0,1,1,1,0,0,1,0,1,0,alto
4,150000.0,2909,0.7982124441388794,12,4,1,0,0,1,1,0,1,1,0,0,1,baixo
10,10000.0,48,0.6666666666666666,7,3,1,1,0,0,1,0,1,0,0,1,0,gratuito
6,10000.0,305,0.7508196721311475,4,2,1,0,0,1,1,0,0,1,0,0,0,baixo
7,150000.0,493,0.8113590263691683,6,2,1,0,0,2,1,0,1,0,0,0,0,medio_alto
1,10000.0,0,0.0,1,2,1,1,0,0,0,0,0,1,0,1,0,medio_alto
6,10000.0,81,0.9259259259259259,2,2,1,1,1,0,1,0,1,0,0,0,0,baixo
1,10000.0,0,0.0,1,1,1,0,0,2,0,1,0,0,0,0,0,alto
1,10000.0,0,0.0,2,2,1,0,0,0,1,0,0,1,0,0,0,medio_baixo
9,10000.0,0,0.0,1,1,1,0,0,0,0,0,0,0,0,0,0,medio_alto
1,0.0,0,0.0,1,3,1,0,0,0,0,0,1,1,0,0,0,medio_baixo
9,10000.0,53,0.8490566037735849,1,4,1,1,0,1,1,0,0,1,0,0,1,medio_baixo
3,10000.0,4,0.75,26,5,1,0,0,0,1,1,0,0,1,0,1,baixo
3,150000.0,6,0.8333333333333334,11,3,1,1,1,0,1,0,1,0,1,0,0,baixo
2,10000.0,9,0.6666666666666666,12,2,1,0,0,0,0,1,0,0,0,0,0,gratuito
8,35000.0,37,0.3783783783783784,1,2,1,0,0,0,1,0,0,1,0,0,0,baixo
2,10000.0,2,1.0,1,5,1,0,0,0,1,0,1,1,1,0,1,alto
3,0.0,0,0.0,0,0,1,0,0,0,0,0,0,0,0,0,0,gratuito
5,35000.0,14,0.7142857142857143,1,2,1,0,0,0,0,0,0,0,0,0,1,gratuito
5,35000.0,17,1.0,1,2,1,0,0,0,1,0,0,0,0,1,0,baixo
5,0.0,0,0.0,7,3,1,0,0,1,1,1,0,0,0,0,0,gratuito
1,10000.0,1,1.0,1,1,1,0,0,0,0,0,1,0,0,0,0,medio_baixo
3,10000.0,6,1.0,1,2,1,0,0,0,1,0,1,0,0,0,0,medio_alto
1,75000.0,648,0.9074074074074074,1,2,1,0,0,1,1,1,0,0,0,0,0,alto
9,10000.0,10,0.8,1,3,1,1,1,1,1,1,1,0,0,0,0,alto
5,10000.0,23,0.8695652173913043,1,1,1,0,0,0,1,0,0,0,0,0,0,baixo
2,10000.0,82,0.8414634146341463,1,3,1,1,0,0,1,0,0,1,0,0,1,medio_baixo
2,10000.0,3,0.6666666666666666,10,3,1,0,1,0,0,1,0,0,0,0,0,baixo
2,10000.0,5,0.6,1,4,1,0,0,0,1,1,1,0,0,0,0,gratuito
1,0.0,0,0.0,0,0,1,0,0,0,0,0,0,0,0,0,0,gratuito
8,10000.0,61,0.7868852459016393,1,5,1,0,0,0,1,1,1,0,1,0,0,medio_alto
7,10000.0,6,0.5,1,1,1,0,0,0,0,0,0,0,0,0,0,alto
1,0.0,0,0.0,0,0,1,0,0,0,0,0,0,0,0,0,0,gratuito
2,10000.0,7,0.8571428571428571,2,2,1,0,0,1,1,0,0,1,0,0,0,alto
5,10000.0,1,1.0,1,4,1,0,0,0,1,0,0,1,0,1,1,baixo
3,10000.0,0,0.0,1,1,1,0,0,0,0,1,0,0,0,0,0,medio_baixo
1,0.0,0,0.0,3,4,1,1,1,0,1,1,1,0,1,0,0,alto
9,35000.0,204,0.8235294117647058,5,2,1,1,0,74,1,0,0,0,0,1,0,baixo
9,10000.0,137,0.7518248175182481,3,3,1,0,1,1,1,1,0,1,0,0,0,gratuito
3,10000.0,36,0.5555555555555556,9,2,1,0,0,0,0,1,1,0,0,0,0,alto
4,10000.0,8,0.875,5,1,1,0,0,0,0,0,0,1,0,0,0,baixo
1,10000.0,1,1.0,3,4,1,0,0,0,1,0,0,1,0,1,1,baixo
1,10000.0,1,1.0,1,3,1,0,0,0,1,0,0,1,0,0,1,baixo
2,10000.0,5,1.0,1,3,1,0,0,0,1,1,0,0,1,0,0,medio_alto
2,150000.0,4397,0.990448032749602,1,6,1,0,0,2,1,0,1,1,1,1,0,gratuito
2,10000.0,5,1.0,1,3,1,0,0,0,1,0,1,1,0,0,0,medio_baixo
8,35000.0,278,0.8453237410071942,5,4,1,1,1,1,1,1,1,0,1,0,0,medio_baixo
3,10000.0,512,0.7578125,10,5,1,0,0,0,1,0,1,1,1,1,0,baixo
10,10000.0,386,0.7020725388601037,3,4,1,1,0,0,1,0,1,1,0,0,1,baixo
1,0.0,0,0.0,3,4,1,0,0,0,1,0,0,0,1,0,1,gratuito
1,10000.0,41,0.9024390243902439,5,3,1,1,0,0,1,1,0,1,0,0,0,medio_alto
9,10000.0,0,0.0,1,1,0,1,0,0,0,0,0,0,0,0,0,gratuito
1,10000.0,1,1.0,1,2,1,0,0,0,0,0,0,0,0,0,0,medio_baixo
9,150000.0,31,0.7741935483870968,1,2,1,1,0,0,1,0,0,0,0,1,0,baixo
8,750000.0,1554,0.7265122265122265,3,5,1,0,0,2,1,0,0,1,1,0,1,gratuito
5,10000.0,1,1.0,1,2,1,0,0,0,1,1,0,0,0,0,0,medio_alto
9,10000.0,6,0.6666666666666666,1,1,1,0,0,0,0,0,0,0,0,1,0,gratuito
4,10000.0,1,1.0,1,4,1,1,0,0,1,0,1,1,1,0,0,baixo
3,150000.0,1262,0.9548335974643423,9,3,1,0,0,0,1,1,1,0,0,0,0,medio_baixo
2,0.0,0,0.0,0,0,1,0,0,0,0,0,0,0,0,0,0,gratuito
18,750000.0,7088,0.7031602708803611,5,1,1,0,0,0,0,1,0,0,0,0,0,medio_baixo
8,75000.0,9,0.8888888888888888,1,1,1,1,0,0,0,0,1,0,0,0,0,gratuito
1,0.0,0,0.0,0,0,1,0,0,0,0,0,0,0,0,0,0,gratuito
10,10000.0,11,0.8181818181818182,1,3,1,0,0,0,1,1,0,1,0,0,0,medio_alto
2,10000.0,105,0.9714285714285714,6,2,1,1,1,1,1,0,1,0,0,0,0,medio_alto
8,150000.0,1951,0.743208610968734,2,2,1,1,1,1,1,0,1,0,0,0,0,medio_baixo
11,350000.0,3637,0.7387957107506187,13,2,1,0,0,0,0,1,1,0,0,0,0,medio_baixo
10,10000.0,5,1.0,1,4,1,1,0,1,1,0,1,1,0,1,0,medio_alto
4,10000.0,1,0.0,1,1,1,0,0,0,0,0,0,1,0,0,0,medio_alto
4,10000.0,29,0.8275862068965517,7,3,1,0,0,0,1,1,0,1,0,0,0,baixo
2,10000.0,0,0.0,1,4,1,0,0,1,0,1,1,0,1,0,0,gratuito
6,10000.0,60,0.8,6,3,1,0,0,0,0,1,1,0,1,0,0,medio_baixo
4,10000.0,2,1.0,1,3,1,1,0,0,1,0,0,1,0,1,0,alto
1,0.0,0,0.0,12,2,1,0,0,0,0,0,0,1,0,0,0,gratuito
11,35000.0,64,0.6875,1,2,1,0,0,0,1,1,0,0,0,0,0,medio_alto
4,0.0,0,0.0,12,3,1,1,1,0,1,0,0,1,0,0,1,gratuito
5,10000.0,10,0.6,0,1,1,0,0,0,1,0,0,0,0,0,0,alto
1,10000.0,0,0.0,1,4,1,0,0,0,1,0,0,1,0,1,1,medio_baixo
11,10000.0,56,0.19642857142857142,1,1,1,1,0,0,0,0,1,0,0,0,0,alto
3,10000.0,23,0.9130434782608695,1,4,1,1,0,0,1,0,0,1,0,1,0,medio_baixo
2,75000.0,46,0.5652173913043478,1,2,1,0,0,0,0,1,0,0,0,0,0,medio_baixo
11,10000.0,9,0.4444444444444444,1,2,1,0,0,0,0,0,0,0,0,0,0,baixo
9,10000.0,19,0.42105263157894735,3,6,1,0,0,0,1,1,1,0,1,0,0,medio_baixo
1,10000.0,1,1.0,1,4,1,0,0,0,1,1,1,0,0,0,0,gratuito
7,35000.0,686,0.8979591836734694,1,1,1,0,0,0,0,1,0,0,0,0,0,medio_alto
9,10000.0,201,0.7263681592039801,1,3,1,0,0,0,1,1,0,1,0,0,0,gratuito
10,10000.0,153,0.3464052287581699,1,6,1,0,0,0,1,1,0,1,1,1,1,baixo
6,10000.0,88,0.8522727272727273,7,4,1,0,0,0,1,1,1,1,0,0,0,medio_baixo
2,0.0,0,0.0,0,0,1,0,0,0,0,0,0,0,0,0,0,gratuito
10,350000.0,67,0.3582089552238806,2,3,1,1,1,0,1,0,1,0,0,0,0,baixo
4,10000.0,6,0.6666666666666666,8,2,1,1,1,1,1,1,0,0,0,0,0,medio_baixo
3,10000.0,0,0.0,1,3,1,1,1,0,1,0,1,1,0,0,0,baixo
10,10000.0,36,0.8611111111111112,1,3,1,0,0,0,1,0,0,1,0,1,0,medio_baixo
5,35000.0,34,0.6176470588235294,1,5,1,0,0,0,1,0,0,1,0,1,1,baixo
1,0.0,0,0.0,0,0,1,0,0,0,0,0,0,0,0,0,0,gratuito
1,0.0,0,0.0,2,4,1,0,0,0,1,0,1,1,0,0,0,gratuito
6,10000.0,45,0.8444444444444444,1,2,1,0,0,0,1,0,0,0,1,0,0,medio_baixo
1,10000.0,31,0.967741935483871,2,4,1,1,0,1,1,0,1,1,0,0,1,alto
7,10000.0,29,0.896551724137931,9,1,1,1,1,0,0,1,0,0,0,0,0,alto
1,10000.0,0,0.0,2,2,1,0,0,0,1,0,0,0,1,0,0,medio_baixo
8,10000.0,2,1.0,1,2,1,0,0,0,1,0,0,1,0,0,0,medio_baixo
5,10000.0,300,0.62,5,1,1,0,0,3,0,1,0,0,0,0,0,alto
7,10000.0,26,0.9230769230769231,2,3,1,1,1,1,1,1,0,1,0,0,0,alto
1,10000.0,1,1.0,1,2,1,0,0,0,1,0,1,0,0,0,0,medio_baixo
1,35000.0,322,0.8726708074534162,1,1,1,0,0,0,0,1,0,0,0,0,0,medio_baixo
4,0.0,0,0.0,0,0,1,0,0,0,0,0,0,0,0,0,0,gratuito
8,35000.0,2456,0.8591205211726385,1,4,1,1,1,2,1,0,0,0,1,0,0,alto
9,750000.0,4053,0.7875647668393783,9,2,1,0,0,0,1,1,0,0,0,0,0,medio_baixo
5,35000.0,4,0.5,1,3,1,0,1,0,1,0,1,1,0,0,0,baixo
4,10000.0,9,0.8888888888888888,5,8,1,0,0,0,1,1,1,1,1,0,1,alto
10,350000.0,447,0.6174496644295302,1,1,1,0,0,0,1,0,0,0,0,0,0,baixo
1,10000.0,40,0.95,4,1,1,0,0,0,0,0,1,0,0,0,0,alto
1,0.0,0,0.0,1,5,1,0,0,0,1,0,0,1,0,0,0,gratuito
1,0.0,0,0.0,0,0,1,0,0,0,0,0,0,0,0,0,0,gratuito
1,0.0,0,0.0,0,0,1,0,0,0,0,0,0,0,0,0,0,gratuito
6,75000.0,695,0.637410071942446,1,4,1,0,0,0,1,1,1,0,0,0,1,medio_alto
6,10000.0,6,0.8333333333333334,1,3,1,0,0,0,1,0,1,0,1,0,0,medio_baixo
16,350000.0,1114,0.7423698384201077,9,4,1,0,0,0,1,1,1,0,0,1,0,medio_baixo
1,0.0,0,0.0,20,2,1,0,0,0,0,0,0,1,0,0,1,medio_baixo
2,0.0,0,0.0,0,0,1,0,0,0,0,0,0,0,0,0,0,gratuito
5,35000.0,132,0.8181818181818182,1,4,1,0,0,0,1,1,0,0,1,0,0,gratuito
1,10000.0,0,0.0,1,2,1,0,0,0,1,0,0,1,0,0,0,baixo
2,0.0,0,0.0,1,6,1,0,0,0,1,0,1,1,1,1,0,gratuito
2,0.0,0,0.0,103,6,1,0,0,0,1,1,1,1,0,0,1,gratuito
6,10000.0,18,0.7777777777777778,1,4,1,0,0,0,1,1,1,0,0,0,0,gratuito
7,75000.0,167,0.5029940119760479,2,3,1,0,0,0,0,0,0,0,0,0,0,medio_baixo
3,10000.0,23,0.8260869565217391,8,4,1,1,1,1,1,0,1,0,0,1,0,medio_alto
3,10000.0,287,0.9024390243902439,4,1,1,0,0,0,0,0,1,0,0,0,0,alto
8,10000.0,13,0.6153846153846154,1,3,1,0,0,0,1,0,0,1,0,0,1,gratuito
8,10000.0,17,0.23529411764705882,7,6,1,1,1,0,1,1,1,0,1,0,0,baixo
1,0.0,0,0.0,0,0,1,0,0,0,0,0,0,0,0,0,0,gratuito
7,1500000.0,4339,0.9647384189905508,5,1,1,0,0,0,0,1,0,0,0,0,0,medio_alto
4,35000.0,277,0.6895306859205776,1,3,1,0,0,0,1,0,1,0,1,0,0,alto
4,35000.0,287,0.6132404181184669,1,5,1,0,0,0,1,1,1,0,0,0,1,baixo
12,35000.0,174,0.6206896551724138,5,2,1,0,0,0,0,0,1,1,0,0,0,baixo
6,35000.0,42,0.7380952380952381,2,1,1,0,0,0,0,1,0,0,0,0,0,medio_baixo
2,10000.0,63,0.9365079365079365,16,4,1,0,0,1,1,0,0,1,1,0,0,medio_baixo
8,10000.0,78,0.6538461538461539,1,2,1,1,1,1,0,1,0,1,0,0,0,medio_baixo
3,10000.0,7,0.7142857142857143,1,1,1,0,0,0,0,1,0,0,0,0,0,baixo
10,10000.0,16,0.875,1,4,1,0,0,0,1,1,0,0,0,1,0,medio_alto
11,10000.0,35,0.4857142857142857,1,2,1,1,0,0,0,0,0,0,0,0,0,medio_baixo
1,10000.0,0,0.0,9,3,1,0,0,0,0,0,0,1,0,0,0,medio_alto
3,0.0,0,0.0,0,0,1,0,0,0,0,0,0,0,0,0,0,gratuito
1,10000.0,40,0.8,10,3,1,0,0,0,1,0,1,0,0,0,1,medio_baixo
1,10000.0,34,0.9411764705882353,5,5,1,0,0,0,1,1,0,1,0,0,0,alto
1,75000.0,1079,0.9230769230769231,17,3,1,0,0,0,1,0,0,1,0,0,1,alto
2,10000.0,22,0.7272727272727273,1,4,1,0,0,0,1,1,1,0,0,0,1,baixo
3,0.0,0,0.0,1,2,1,0,0,0,0,0,0,1,0,0,1,medio_alto
8,75000.0,529,0.9584120982986768,4,3,1,0,0,0,1,1,0,0,0,0,0,alto
6,10000.0,17,0.9411764705882353,1,3,1,0,0,0,1,0,1,0,1,0,0,baixo
2,10000.0,4,1.0,2,3,1,0,0,0,1,1,0,1,0,0,0,medio_baixo
2,10000.0,70,0.8714285714285714,3,4,1,0,0,0,1,0,1,0,1,1,0,alto
1,10000.0,6,1.0,1,4,1,0,0,0,1,0,1,1,0,0,1,medio_alto
2,10000.0,2,1.0,1,2,1,0,0,0,1,0,0,1,0,0,0,medio_alto
8,10000.0,9,0.8888888888888888,1,3,1,0,0,0,1,1,0,0,0,0,0,medio_alto
1,10000.0,5,0.8,12,4,1,0,0,0,1,1,1,0,0,0,0,medio_baixo
3,10000.0,158,0.34177215189873417,6,2,1,0,0,1,0,1,1,0,0,0,0,medio_alto
3,35000.0,1,0.0,8,3,1,1,0,0,1,0,0,0,1,0,0,medio_alto
6,10000.0,2,1.0,2,1,1,0,0,0,0,1,0,0,0,0,0,medio_alto
15,150000.0,1428,0.8648459383753502,1,2,1,1,1,0,1,0,0,0,1,0,0,baixo
4,0.0,0,0.0,1,4,1,0,0,0,1,1,1,0,0,0,0,gratuito
1,0.0,0,0.0,0,0,1,0,0,0,0,0,0,0,0,0,0,gratuito
8,10000.0,4,0.5,1,2,1,1,0,0,1,1,0,0,0,0,0,medio_baixo
7,10000.0,21,0.5714285714285714,1,3,1,0,0,0,1,0,1,1,0,0,0,medio_baixo
3,10000.0,43,0.4418604651162791,10,3,1,0,0,0,1,0,0,0,0,1,1,baixo
7,10000.0,34,0.7647058823529411,1,2,1,1,1,1,0,0,0,0,1,1,0,medio_alto
1,10000.0,15,1.0,9,3,1,0,0,0,1,0,0,1,0,0,0,medio_alto
2,0.0,0,0.0,2,3,1,0,0,0,1,0,0,1,0,0,0,gratuito
11,350000.0,1998,0.8348348348348348,11,3,1,1,1,0,1,0,1,1,0,0,0,medio_baixo
1,35000.0,3,1.0,1,2,1,0,0,0,1,0,0,1,0,0,0,medio_baixo
1,0.0,0,0.0,1,4,1,1,1,1,1,1,0,0,0,1,0,gratuito
5,0.0,0,0.0,1,7,1,0,0,1,1,1,1,0,0,1,1,gratuito
1,10000.0,0,0.0,27,2,1,1,1,0,1,0,0,0,0,0,1,medio_baixo
12,75000.0,474,0.79957805907173,1,4,1,1,0,0,1,1,1,1,0,0,0,baixo
4,10000.0,0,0.0,2,3,1,0,0,0,1,1,0,0,0,1,0,medio_alto
1,10000.0,0,0.0,5,2,1,0,0,0,0,1,1,0,0,0,0,alto
2,10000.0,0,0.0,1,2,1,0,0,0,1,0,0,1,0,0,0,medio_baixo
1,10000.0,0,0.0,1,2,1,0,0,0,1,1,0,0,0,0,0,medio_alto
6,3500000.0,132855,0.8391253622370253,13,4,1,0,0,2,0,1,1,0,0,0,0,medio_baixo
2,10000.0,2,1.0,1,3,1,0,0,0,1,0,1,1,0,0,0,alto
7,10000.0,85,0.7647058823529411,2,3,1,0,0,0,1,0,0,1,0,0,1,medio_baixo
2,10000.0,1,0.0,1,1,1,0,0,0,1,0,0,0,0,0,0,medio_baixo
7,10000.0,8,1.0,13,2,1,0,0,0,0,1,0,1,0,0,0,medio_baixo
4,750000.0,4490,0.6750556792873051,1,7,1,0,0,1,1,1,1,0,1,0,0,gratuito
4,75000.0,842,0.9239904988123515,8,4,1,0,0,1,1,0,0,1,1,0,1,medio_baixo
6,350000.0,1812,0.6992273730684326,5,1,1,1,0,2,0,0,0,0,0,1,0,medio_alto
10,35000.0,55,0.7454545454545455,1,2,1,1,1,1,1,0,1,0,0,0,0,medio_baixo
7,10000.0,104,0.9423076923076923,1,4,1,0,0,1,1,1,0,1,0,1,0,baixo
1,10000.0,0,0.0,1,3,1,0,0,0,1,0,0,1,0,1,0,medio_alto
2,0.0,0,0.0,9,4,1,0,0,0,0,0,0,0,0,1,1,gratuito
2,0.0,0,0.0,0,0,1,0,0,0,0,0,0,0,0,0,0,gratuito
10,10000.0,17,0.4117647058823529,1,3,1,1,1,0,1,0,1,1,0,0,0,alto
6,10000.0,11,0.6363636363636364,2,2,1,0,0,0,0,0,0,0,0,1,0,medio_baixo
3,10000.0,0,0.0,9,2,1,0,0,0,0,0,1,1,0,0,0,medio_alto
2,35000.0,25,1.0,1,2,1,0,0,0,0,0,0,0,0,1,0,medio_baixo
6,10000.0,9,0.7777777777777778,1,4,1,0,0,0,1,0,1,1,0,0,1,medio_baixo
9,10000.0,107,0.794392523364486,2,1,1,0,0,2,0,0,0,0,1,0,0,medio_alto
6,35000.0,6,0.8333333333333334,1,6,1,0,0,0,1,1,1,1,1,0,0,alto
5,10000.0,4,1.0,1,4,1,0,0,0,1,1,0,1,0,0,0,baixo
10,35000.0,843,0.8908659549228944,1,3,1,0,0,0,1,0,0,0,1,1,0,medio_alto
5,150000.0,233,0.8240343347639485,5,1,1,0,0,0,1,0,0,0,0,0,0,medio_baixo
17,350000.0,741,0.8906882591093117,3,2,1,0,0,0,0,0,1,0,1,0,0,medio_alto
6,350000.0,2291,0.5621999127018769,11,1,1,1,1,0,0,0,0,0,0,1,0,alto
7,10000.0,6,0.3333333333333333,1,3,1,0,0,0,1,0,0,1,0,1,0,medio_alto
1,0.0,0,0.0,2,2,1,0,0,0,1,0,0,1,0,0,0,baixo
3,10000.0,19,0.8421052631578947,1,4,1,0,0,0,1,1,1,0,1,0,0,medio_baixo
3,10000.0,0,0.0,5,2,1,0,1,0,1,1,0,0,0,0,0,alto
4,0.0,0,0.0,0,0,1,0,0,0,0,0,0,0,0,0,0,gratuito
5,35000.0,3,0.6666666666666666,1,3,1,0,0,0,1,0,0,0,1,1,0,medio_alto
1,10000.0,28,0.8571428571428571,1,1,1,0,0,0,0,0,0,0,0,1,0,alto
3,10000.0,5,1.0,4,2,1,1,1,0,0,0,0,0,0,1,1,medio_alto
6,10000.0,8,0.25,1,3,1,0,0,0,1,0,0,0,0,0,1,medio_alto
2,10000.0,5,1.0,7,3,1,1,0,0,0,0,1,1,0,1,0,alto
1,10000.0,32,0.96875,12,2,1,0,0,0,0,0,0,1,0,0,1,alto
11,35000.0,187,0.5454545454545454,2,3,1,1,1,0,1,1,0,0,1,0,0,baixo
7,10000.0,25,0.6,1,2,1,0,1,1,1,0,0,1,0,0,0,baixo
2,10000.0,3,1.0,1,3,1,0,0,1,0,1,0,0,0,0,1,baixo
3,10000.0,42,0.8095238095238095,1,3,1,1,0,0,1,0,0,1,0,0,1,medio_alto
9,35000.0,32,0.78125,1,4,1,0,0,0,1,1,0,1,0,0,0,gratuito
4,75000.0,57,0.6842105263157895,1,3,1,0,0,0,1,0,0,1,1,0,0,baixo
2,0.0,0,0.0,0,0,1,0,0,0,0,0,0,0,0,0,0,gratuito
4,10000.0,14,0.7142857142857143,1,1,1,0,0,0,0,0,0,0,1,0,0,alto
1,0.0,0,0.0,1,2,1,0,0,0,1,1,0,0,0,0,0,baixo
5,10000.0,100,0.58,8,1,1,0,0,1,0,1,0,0,0,0,0,baixo
5,10000.0,0,0.0,29,7,1,0,0,0,1,0,1,1,1,1,1,baixo
6,10000.0,174,0.9540229885057471,9,3,1,1,0,0,1,0,1,1,0,0,0,medio_alto
4,0.0,0,0.0,1,4,1,0,0,1,1,1,0,1,0,0,0,gratuito
2,10000.0,0,0.0,2,2,1,0,0,0,1,0,0,1,0,0,0,medio_baixo
4,10000.0,19,0.7894736842105263,1,4,1,0,0,0,1,0,1,1,0,0,0,medio_alto
1,10000.0,32,0.9375,4,4,1,0,0,0,1,1,1,0,1,0,0,medio_alto
2,10000.0,0,0.0,1,3,1,1,0,0,1,0,0,1,0,1,0,alto
4,10000.0,47,0.9787234042553191,4,3,1,1,1,0,0,0,0,1,0,1,1,medio_alto
5,75000.0,1001,0.8271728271728271,1,4,1,0,0,0,1,0,1,1,1,0,0,medio_alto
6,35000.0,94,0.5638297872340425,6,2,1,0,0,0,1,0,1,0,0,0,0,baixo
1,0.0,0,0.0,0,0,1,0,0,0,0,0,0,0,0,0,0,gratuito
17,35000.0,123,0.4715447154471545,1,2,1,0,0,0,0,1,1,0,0,0,0,alto
1,350000.0,22025,0.931305334846765,10,4,1,0,0,1,1,1,1,0,1,0,0,alto
6,10000.0,10,1.0,1,4,1,0,0,0,1,1,0,0,1,0,0,alto
2,0.0,0,0.0,103,2,1,1,0,0,0,0,0,0,0,0,1,gratuito
2,0.0,0,0.0,0,0,1,0,0,0,0,0,0,0,0,0,0,gratuito
3,35000.0,16,0.9375,2,3,1,0,0,0,1,0,1,0,0,1,0,baixo
4,10000.0,58,0.3275862068965517,3,3,1,0,0,0,1,0,0,1,1,0,0,medio_alto
2,10000.0,7,1.0,3,1,1,0,0,0,0,0,0,1,0,0,0,medio_alto
4,10000.0,12,0.9166666666666666,1,3,1,0,0,0,1,1,1,0,0,0,0,medio_baixo
3,0.0,0,0.0,0,0,1,0,0,0,0,0,0,0,0,0,0,gratuito
4,10000.0,0,0.0,1,2,1,0,0,0,1,0,0,1,0,0,0,baixo
3,10000.0,9,0.1111111111111111,8,5,1,0,0,0,1,1,0,1,0,0,1,baixo
5,10000.0,0,0.0,1,4,1,0,0,0,1,1,1,1,0,0,0,medio_baixo
5,10000.0,12,0.9166666666666666,1,3,1,0,0,0,1,0,0,0,0,1,0,gratuito
6,10000.0,3,0.6666666666666666,2,4,1,0,0,0,1,0,0,1,0,1,1,medio_alto
9,10000.0,55,0.6545454545454545,4,6,1,0,0,0,0,1,1,0,1,1,1,gratuito
8,10000.0,19,0.47368421052631576,3,4,1,0,0,0,0,1,1,0,0,0,1,alto
1,10000.0,0,0.0,2,3,1,0,0,0,1,1,1,0,0,0,0,medio_alto
1,0.0,0,0.0,0,0,1,0,0,0,0,0,0,0,0,0,0,gratuito
7,10000.0,6,1.0,1,2,1,1,1,0,1,1,0,0,0,0,0,alto
7,35000.0,97,0.865979381443299,1,3,1,0,0,0,1,1,0,0,1,0,0,medio_baixo
6,75000.0,15,0.6666666666666666,14,2,1,0,0,0,1,0,0,1,0,0,0,baixo
7,10000.0,8,0.625,1,3,1,0,0,3,1,0,0,1,0,0,1,medio_baixo
2,10000.0,6,0.6666666666666666,11,4,1,0,0,0,1,0,0,1,0,0,1,gratuito
2,10000.0,28,1.0,3,2,1,0,0,0,0,0,1,1,0,0,0,alto
3,10000.0,5,0.4,1,3,1,0,0,0,0,0,0,1,0,1,1,medio_baixo
2,0.0,0,0.0,0,0,1,0,0,0,0,0,0,0,0,0,0,gratuito
3,10000.0,0,0.0,1,3,1,0,0,0,1,1,1,0,0,0,0,medio_baixo
1,10000.0,0,0.0,8,3,1,0,0,0,0,0,1,0,1,0,1,alto
1,10000.0,4,1.0,1,4,1,1,0,0,1,1,0,0,0,0,0,gratuito
2,10000.0,4,1.0,2,3,1,1,0,0,1,1,0,1,0,0,0,medio_baixo
10,350000.0,3612,0.8972868217054264,10,3,1,1,0,1,1,0,0,0,1,1,0,medio_alto
1,0.0,0,0.0,0,0,1,0,0,0,0,0,0,0,0,0,0,gratuito
8,10000.0,106,0.6509433962264151,2,4,1,0,0,0,1,0,0,0,0,1,1,alto
4,10000.0,0,0.0,1,2,1,0,0,2,1,0,0,1,0,0,0,baixo
1,0.0,0,0.0,0,0,1,0,0,0,0,0,0,0,0,0,0,gratuito
1,0.0,0,0.0,0,0,1,0,0,0,0,0,0,0,0,0,0,gratuito
1,0.0,0,0.0,2,3,1,0,0,0,1,1,0,0,0,0,0,medio_baixo
1,10000.0,0,0.0,1,4,1,0,0,1,1,0,1,0,1,0,0,gratuito
2,10000.0,3,0.6666666666666666,2,2,1,0,0,0,1,0,0,1,0,0,0,baixo
9,35000.0,21,0.5714285714285714,1,1,1,1,0,0,0,0,0,0,0,1,0,alto
5,350000.0,2181,0.7936726272352133,13,4,1,0,0,4,1,0,0,1,0,1,1,medio_alto
2,150000.0,35,1.0,1,2,1,0,0,0,1,0,0,0,0,0,0,gratuito
10,35000.0,220,0.9590909090909091,1,2,1,0,0,0,1,0,1,0,0,0,0,alto
3,0.0,0,0.0,1,5,1,0,0,0,1,1,1,1,0,0,0,gratuito
7,150000.0,523,0.7839388145315488,1,3,1,1,1,0,0,1,0,0,0,0,0,gratuito
2,10000.0,37,0.972972972972973,7,3,1,0,0,0,1,1,1,0,0,0,0,medio_alto
18,350000.0,1944,0.9171810699588477,1,1,1,0,0,0,0,1,0,0,0,0,0,medio_baixo
2,10000.0,0,0.0,1,2,1,0,0,0,0,0,0,1,0,0,0,gratuito
1,0.0,0,0.0,1,3,1,0,0,0,1,0,1,1,0,0,0,baixo
2,10000.0,4,1.0,1,4,1,0,0,0,1,1,0,1,0,0,0,gratuito
2,10000.0,677,0.7813884785819794,9,1,1,0,0,0,0,0,0,0,1,0,0,alto
11,0.0,0,0.0,1,5,1,0,0,0,1,0,1,0,1,1,0,gratuito
6,35000.0,437,0.8146453089244852,3,3,1,1,0,0,1,1,1,0,0,0,0,medio_alto
5,35000.0,403,0.9305210918114144,10,3,1,0,0,1,1,1,1,0,0,0,0,medio_alto
5,10000.0,7,1.0,2,2,1,0,0,0,1,1,0,0,0,0,0,baixo
6,10000.0,12,1.0,1,3,1,0,0,0,1,0,0,0,0,0,1,gratuito
2,10000.0,0,0.0,1,5,1,1,0,0,1,0,0,1,1,0,1,gratuito
1,10000.0,0,0.0,1,3,1,0,0,0,1,0,0,1,0,0,0,medio_alto
5,10000.0,15,0.6,2,4,1,0,0,1,1,1,1,1,0,0,0,baixo
2,10000.0,0,0.0,11,4,1,0,0,0,1,1,0,1,0,0,0,medio_alto
1,10000.0,255,0.615686274509804,6,3,1,0,0,1,1,0,0,0,1,1,0,alto
2,150000.0,1975,0.8015189873417722,5,4,1,0,0,17,1,1,1,1,0,0,0,alto
2,10000.0,0,0.0,1,2,1,0,0,0,0,0,0,0,0,1,0,gratuito
1,10000.0,0,0.0,16,3,1,0,0,0,0,0,0,1,0,0,1,alto
2,10000.0,1,1.0,1,3,1,0,0,0,1,0,0,1,0,0,1,medio_baixo
6,10000.0,34,0.6470588235294118,2,1,1,0,0,0,0,0,0,1,0,0,0,baixo
1,10000.0,0,0.0,4,2,1,0,0,0,1,0,1,0,0,0,0,medio_baixo
6,10000.0,7,0.8571428571428571,3,1,1,1,1,0,1,0,0,0,0,0,0,medio_baixo
4,10000.0,2,1.0,1,1,1,1,0,0,1,0,0,0,0,0,0,medio_baixo
1,10000.0,0,0.0,1,3,1,0,0,0,1,1,1,0,0,0,0,medio_alto
3,0.0,0,0.0,1,5,1,0,0,0,0,1,1,1,0,1,0,gratuito
7,10000.0,3,0.3333333333333333,1,3,1,0,0,0,1,0,1,0,0,0,0,alto
9,75000.0,257,0.5680933852140078,12,2,1,1,0,1,1,1,0,0,0,0,0,medio_baixo
2,10000.0,16,0.375,1,3,1,0,0,0,0,0,1,1,0,0,1,baixo
1,10000.0,0,0.0,3,2,1,0,0,0,0,0,0,1,0,0,1,baixo
5,10000.0,41,0.926829268292683,1,3,1,0,0,1,1,0,0,1,0,0,0,medio_baixo
2,10000.0,411,0.8369829683698297,12,3,1,0,0,0,1,0,0,0,0,1,1,medio_alto
3,10000.0,0,0.0,1,2,1,0,0,0,0,0,0,0,0,1,0,alto
2,10000.0,59,0.9491525423728814,2,2,1,0,0,1,0,0,0,1,0,1,0,medio_baixo
1,0.0,0,0.0,1,4,1,0,0,0,1,0,0,1,0,0,0,gratuito
3,35000.0,3,0.6666666666666666,1,1,1,0,0,0,0,0,0,0,1,0,0,medio_alto
1,10000.0,1,0.0,2,4,1,0,0,0,1,1,1,1,0,0,0,medio_baixo
3,35000.0,635,0.7464566929133858,13,3,1,0,0,3,0,0,0,0,0,0,1,alto
1,350000.0,1586,0.8392181588902901,11,2,1,0,0,0,0,1,1,0,0,0,0,medio_alto
2,0.0,0,0.0,1,4,1,0,0,0,1,1,0,1,0,0,0,gratuito
1,0.0,0,0.0,1,3,1,0,0,0,1,1,0,0,0,0,0,gratuito
7,10000.0,69,0.855072463768116,1,2,1,1,1,0,1,0,0,1,0,0,0,medio_baixo
4,0.0,0,0.0,1,4,1,0,0,0,0,1,0,0,0,1,1,gratuito
8,10000.0,11,0.45454545454545453,2,4,1,0,0,0,1,1,0,1,0,0,1,medio_baixo
9,10000.0,20,0.75,1,1,1,0,0,0,0,1,0,0,0,0,0,gratuito
5,10000.0,72,0.9861111111111112,2,3,1,0,0,0,1,0,1,1,0,0,0,medio_baixo
7,10000.0,7,0.8571428571428571,1,3,1,0,0,0,1,1,0,1,0,0,0,baixo
4,35000.0,1,0.0,1,3,1,0,0,0,1,0,1,1,0,0,0,medio_baixo
3,10000.0,2,0.5,1,5,1,0,0,0,1,0,0,1,0,1,1,medio_baixo
3,0.0,0,0.0,0,0,1,0,0,0,0,0,0,0,0,0,0,gratuito
12,10000.0,213,0.7323943661971831,3,3,1,0,0,1,1,1,0,0,0,1,0,medio_baixo
2,10000.0,33,0.696969696969697,2,3,1,0,0,0,1,1,1,0,0,0,0,medio_baixo
1,10000.0,0,0.0,29,3,1,1,1,0,0,0,0,1,0,1,1,medio_baixo
5,35000.0,7,0.2857142857142857,1,3,1,0,0,0,1,1,1,0,0,0,0,medio_alto
6,10000.0,15,0.9333333333333333,7,2,1,1,0,0,0,0,1,1,0,0,0,medio_alto
3,10000.0,37,0.918918918918919,1,2,1,1,1,3,1,0,0,0,0,0,1,medio_alto
8,150000.0,638,0.7617554858934169,1,4,1,1,0,0,1,0,1,1,0,0,1,medio_baixo
1,10000.0,0,0.0,33,4,1,0,0,0,1,1,1,1,0,0,0,alto
6,10000.0,4,0.75,2,2,1,0,0,0,1,1,0,0,0,0,0,medio_baixo
2,0.0,0,0.0,103,3,1,0,0,0,0,0,0,1,0,0,1,baixo
3,150000.0,16,0.9375,1,4,1,0,0,0,1,1,0,0,0,1,0,gratuito
3,10000.0,15,0.5333333333333333,27,3,1,0,0,0,1,0,1,0,0,0,0,medio_baixo
3,10000.0,11,0.8181818181818182,1,2,1,0,0,0,0,1,0,0,0,0,0,medio_alto
8,350000.0,896,0.5714285714285714,1,2,1,0,0,0,0,0,0,0,0,0,0,gratuito
1,10000.0,0,0.0,2,3,1,0,0,1,1,0,0,1,0,0,0,gratuito
5,10000.0,13,0.8461538461538461,1,4,1,0,0,0,1,1,1,1,0,0,0,baixo
1,10000.0,0,0.0,1,2,1,0,0,0,1,0,1,0,0,0,0,medio_baixo
8,10000.0,16,0.625,1,3,1,0,0,0,1,0,1,0,0,0,0,alto
9,10000.0,7,0.7142857142857143,1,3,1,0,0,0,1,1,0,1,0,0,0,medio_baixo
1,10000.0,28,0.9285714285714286,2,2,1,0,0,0,1,0,0,1,0,0,0,baixo
5,10000.0,1,1.0,1,4,1,0,1,0,1,0,0,1,1,1,0,baixo
2,10000.0,0,0.0,1,3,1,1,0,0,1,1,0,1,0,0,0,medio_alto
3,10000.0,14,1.0,1,4,1,0,0,0,1,1,0,1,0,0,0,medio_baixo
3,10000.0,4,0.5,1,3,1,0,0,0,0,0,1,0,1,1,0,medio_alto
2,0.0,0,0.0,0,0,1,0,0,0,0,0,0,0,0,0,0,gratuito
1,10000.0,1,1.0,1,2,1,0,0,0,1,0,0,1,0,0,0,medio_baixo
5,10000.0,1,0.0,1,3,1,0,0,0,1,0,0,1,0,0,1,medio_baixo
4,10000.0,1,1.0,1,1,1,0,0,0,1,0,0,0,0,0,0,baixo
1,0.0,0,0.0,1,3,1,0,1,0,1,0,1,0,0,0,0,gratuito
1,0.0,0,0.0,1,2,1,0,0,0,1,0,0,0,0,1,0,medio_alto
1,0.0,0,0.0,0,0,1,0,0,0,0,0,0,0,0,0,0,gratuito
9,10000.0,26,0.46153846153846156,1,2,1,0,0,0,1,1,0,0,0,0,0,alto
2,10000.0,7,0.5714285714285714,1,4,1,0,0,0,1,1,0,1,0,1,0,baixo
6,10000.0,28,0.7142857142857143,7,3,1,0,0,0,1,1,1,0,0,0,0,medio_baixo
1,10000.0,0,0.0,5,2,1,0,0,0,1,0,0,0,0,0,1,alto
2,10000.0,106,0.8867924528301887,4,4,1,0,0,0,1,1,1,1,0,0,0,baixo
4,10000.0,9,1.0,12,3,1,0,0,0,1,0,0,1,0,1,0,medio_alto
1,0.0,0,0.0,30,3,1,1,1,0,0,0,0,1,1,0,1,medio_alto
3,10000.0,3,1.0,1,3,1,1,0,0,1,1,0,1,0,0,0,baixo
1,10000.0,0,0.0,1,5,1,0,0,0,1,1,1,0,1,1,0,medio_alto
8,10000.0,0,0.0,3,2,1,0,0,0,1,0,0,0,1,0,0,alto
1,0.0,0,0.0,0,0,1,0,0,0,0,0,0,0,0,0,0,gratuito
1,0.0,0,0.0,0,0,1,0,0,0,0,0,0,0,0,0,0,gratuito
3,0.0,0,0.0,5,4,1,1,0,1,0,0,1,1,0,1,0,gratuito
8,10000.0,17,0.47058823529411764,1,4,1,0,0,0,1,1,1,1,0,0,0,baixo
8,150000.0,1977,0.8593829033889732,9,2,1,0,0,1,0,0,1,1,0,0,0,medio_alto
12,35000.0,269,0.828996282527881,1,2,1,1,1,0,1,0,0,0,0,1,0,alto
2,10000.0,6,0.5,5,4,1,0,0,0,0,1,1,1,0,0,1,alto
5,10000.0,2,0.0,1,3,1,0,0,0,1,0,1,1,0,0,0,baixo
1,10000.0,35,0.8285714285714286,1,1,1,0,0,0,0,0,1,0,0,0,0,alto
10,10000.0,134,0.5895522388059702,1,3,1,1,1,0,0,0,0,0,0,1,1,medio_alto
1,10000.0,11,1.0,3,1,1,1,0,1,0,0,1,0,0,0,0,alto
2,10000.0,160,0.75625,11,2,1,0,0,0,1,1,0,0,0,0,0,baixo
6,10000.0,19,0.8947368421052632,1,2,1,0,0,0,1,0,0,1,0,0,0,baixo
1,10000.0,21,0.8571428571428571,6,1,1,0,0,0,1,0,0,0,0,0,0,medio_baixo
1,0.0,0,0.0,1,3,1,0,0,4,1,0,0,1,0,0,0,gratuito
7,10000.0,47,0.8085106382978723,1,2,1,0,0,1,1,0,1,0,0,0,0,baixo
1,10000.0,1,1.0,1,4,1,0,0,0,1,0,0,1,0,1,1,medio_baixo
1,0.0,0,0.0,0,0,1,0,0,0,0,0,0,0,0,0,0,gratuito
5,10000.0,25,0.88,1,3,1,0,0,0,1,0,1,0,1,0,0,gratuito
7,10000.0,2,0.5,1,3,1,0,0,0,1,1,0,1,0,0,0,baixo
1,0.0,0,0.0,2,4,1,0,0,0,1,1,0,0,0,0,0,gratuito
5,35000.0,1,0.0,103,1,1,0,0,0,1,0,0,0,0,0,0,baixo
2,10000.0,56,0.7321428571428571,11,4,1,0,0,0,1,1,1,0,1,0,0,alto
1,0.0,0,0.0,12,1,1,0,0,0,0,0,0,0,0,0,0,alto
3,10000.0,21,0.8095238095238095,2,3,1,1,1,1,0,0,0,0,0,0,1,alto
4,10000.0,5,1.0,1,2,1,0,0,0,0,1,1,0,0,0,0,baixo
4,10000.0,27,0.7777777777777778,1,4,1,0,0,0,0,1,1,1,0,0,0,gratuito
6,350000.0,8619,0.9736628379162315,3,3,1,0,0,1,1,0,1,1,0,0,0,medio_alto
3,10000.0,24,0.875,2,3,1,0,0,0,0,0,1,1,0,0,1,alto
7,10000.0,13,1.0,1,2,1,0,0,0,1,0,0,0,1,0,0,alto
4,10000.0,68,0.6029411764705882,2,5,1,0,0,0,1,1,0,1,0,1,0,baixo
3,10000.0,8,1.0,3,3,1,0,0,0,0,0,1,1,0,0,1,baixo
1,10000.0,3,1.0,2,3,1,0,0,0,1,1,0,1,0,0,0,medio_baixo
8,10000.0,11,0.7272727272727273,1,3,1,0,0,0,1,1,1,0,0,0,0,baixo
1,0.0,0,0.0,0,0,1,0,0,0,0,0,0,0,0,0,0,gratuito
1,10000.0,0,0.0,7,4,1,1,0,0,1,1,0,1,0,1,0,alto
4,10000.0,8,1.0,2,3,1,1,0,0,0,1,1,0,1,0,0,medio_alto
4,10000.0,156,0.4423076923076923,1,4,1,0,0,0,1,1,0,0,1,0,0,gratuito
3,0.0,0,0.0,4,4,1,0,0,0,1,1,0,0,0,0,1,gratuito
8,10000.0,36,0.8888888888888888,2,3,1,0,0,0,1,0,1,1,0,0,0,medio_alto
3,10000.0,5,1.0,1,2,1,0,0,1,1,1,0,0,0,0,0,medio_baixo
4,150000.0,496,0.7762096774193549,14,5,1,0,0,0,1,0,0,1,0,1,1,gratuito
1,10000.0,0,0.0,5,3,1,0,0,0,1,1,1,0,0,0,0,medio_alto
3,10000.0,9,0.7777777777777778,1,5,1,0,0,0,1,1,1,0,1,1,0,baixo
10,350000.0,785,0.6535031847133758,1,5,1,1,1,0,1,1,1,1,1,0,0,baixo
2,0.0,0,0.0,2,6,1,0,0,0,0,0,0,1,1,1,1,gratuito
1,10000.0,0,0.0,1,2,1,0,0,0,0,0,0,0,0,1,1,medio_baixo
2,10000.0,28,1.0,1,3,1,0,0,0,1,1,0,0,0,0,0,medio_alto
3,10000.0,38,0.6052631578947368,1,6,1,0,0,0,1,0,1,1,1,1,1,medio_alto
4,10000.0,22,0.7727272727272727,7,3,1,0,0,0,0,1,0,1,0,1,0,alto
9,10000.0,87,0.5747126436781609,11,3,1,0,0,0,1,0,1,1,0,0,0,medio_alto
10,10000.0,95,0.5368421052631579,3,1,1,0,0,0,0,0,1,0,0,0,0,medio_baixo
2,0.0,0,0.0,0,0,1,0,0,0,0,0,0,0,0,0,0,gratuito
11,75000.0,877,0.9076396807297605,9,2,1,1,1,1,1,0,1,0,0,0,0,baixo
10,3500000.0,66979,0.9523582018244524,8,1,1,0,0,2,0,1,0,0,0,0,0,medio_alto
5,10000.0,337,0.8516320474777448,2,6,1,0,0,0,1,1,1,1,1,0,1,baixo
2,10000.0,0,0.0,1,6,1,0,0,0,1,1,1,1,1,0,0,alto
4,10000.0,56,0.7142857142857143,1,2,1,0,0,0,1,0,1,0,0,0,0,medio_baixo
2,10000.0,31,0.7096774193548387,8,5,1,0,0,0,1,1,0,1,0,1,1,alto
8,10000.0,566,0.8162544169611308,2,3,1,0,0,0,1,0,1,0,1,0,0,baixo
3,10000.0,208,0.9567307692307693,2,4,1,1,1,1,1,0,1,1,0,0,1,alto
8,10000.0,3,0.3333333333333333,1,4,1,0,0,0,0,0,1,1,1,1,0,medio_alto
6,35000.0,35,0.5428571428571428,1,3,1,0,0,0,1,1,1,0,0,0,0,gratuito
9,35000.0,50,0.66,1,2,1,0,0,0,1,1,0,0,0,0,0,medio_alto
4,10000.0,33,0.9393939393939394,1,2,1,0,0,0,1,0,1,0,0,0,0,medio_alto
4,10000.0,2,0.5,1,3,1,0,0,0,0,1,1,1,0,0,0,baixo
7,10000.0,10,0.7,1,5,1,0,0,0,1,1,0,1,0,0,1,gratuito
6,10000.0,0,0.0,1,2,1,0,0,0,1,0,0,0,0,0,1,baixo
7,10000.0,45,0.9777777777777777,1,1,1,0,0,0,1,0,0,0,0,0,0,gratuito
1,10000.0,0,0.0,1,2,1,0,0,0,1,0,0,0,0,1,0,medio_alto
7,10000.0,190,0.8368421052631579,1,4,1,0,0,0,1,0,0,1,0,0,1,baixo
5,0.0,0,0.0,0,0,1,0,0,0,0,0,0,0,0,0,0,gratuito
1,10000.0,0,0.0,2,2,1,0,0,0,1,0,1,0,0,0,0,medio_alto
6,150000.0,114,0.7017543859649122,1,3,1,0,0,0,0,1,0,0,0,0,0,gratuito
5,10000.0,4,0.75,1,3,1,0,1,0,1,1,0,1,0,0,0,baixo
1,10000.0,0,0.0,2,5,1,0,0,0,1,1,1,1,1,0,0,alto
5,10000.0,0,0.0,5,1,1,1,1,0,0,0,0,1,0,0,0,baixo
5,10000.0,5,1.0,1,1,1,0,0,0,0,0,0,1,0,0,0,medio_alto
4,10000.0,3,1.0,1,3,1,0,0,1,1,0,1,1,0,0,0,medio_alto
1,10000.0,10,0.9,26,2,1,0,0,0,0,0,0,0,0,1,1,medio_alto
5,0.0,0,0.0,0,0,1,0,0,0,0,0,0,0,0,0,0,gratuito
6,150000.0,104,0.8365384615384616,1,1,1,0,0,0,0,0,0,0,0,1,0,baixo
3,10000.0,0,0.0,3,1,1,1,1,0,0,0,0,1,0,0,0,alto
1,10000.0,14,1.0,1,4,1,0,0,0,1,1,0,1,0,0,0,alto
10,10000.0,109,0.8623853211009175,1,1,1,0,0,0,0,0,0,0,0,0,1,medio_alto
3,10000.0,22,0.8181818181818182,1,2,1,0,0,0,1,0,0,1,0,0,0,gratuito
10,75000.0,217,0.9539170506912442,1,1,1,0,0,0,0,0,0,0,0,1,0,medio_baixo
6,10000.0,23,0.782608695652174,1,2,1,0,0,0,1,0,0,1,0,0,0,baixo
1,10000.0,0,0.0,1,4,1,0,0,0,1,1,1,0,0,0,0,alto
4,10000.0,0,0.0,1,2,1,0,0,0,1,0,0,0,0,0,0,gratuito
6,10000.0,0,0.0,1,3,1,1,0,0,0,0,0,1,0,1,1,medio_alto
4,0.0,0,0.0,1,4,1,0,0,0,1,0,1,1,0,0,0,gratuito
1,10000.0,0,0.0,1,4,1,0,0,0,1,1,1,0,1,0,0,alto
9,10000.0,9,0.6666666666666666,27,3,1,0,0,0,1,0,0,1,0,0,0,baixo
16,75000.0,542,0.9206642066420664,1,2,1,1,0,0,0,1,0,1,0,0,0,medio_alto
3,150000.0,1381,0.946415640839971,10,3,1,0,0,0,1,1,1,0,0,0,0,medio_alto
8,10000.0,1,1.0,1,3,1,1,1,0,1,1,1,0,0,0,0,medio_alto
3,10000.0,36,0.75,13,4,1,0,0,0,1,1,1,0,1,0,0,medio_baixo
1,10000.0,0,0.0,1,1,1,1,1,0,0,0,0,0,0,0,1,alto
16,350000.0,864,0.8055555555555556,1,3,1,1,0,0,1,1,0,1,0,0,0,medio_baixo
3,10000.0,12,0.5,1,3,1,0,0,0,1,1,0,0,0,0,1,medio_baixo
3,10000.0,7,1.0,10,1,1,1,0,0,0,0,0,1,0,0,0,medio_alto
2,0.0,0,0.0,1,7,1,0,0,0,0,1,1,0,1,1,1,gratuito
9,10000.0,5,0.2,1,2,1,0,0,0,1,1,0,0,0,0,0,baixo
2,10000.0,3,1.0,1,4,1,1,0,0,1,1,1,0,0,0,0,alto
10,10000.0,48,0.75,13,3,1,1,0,0,1,1,1,0,0,0,0,medio_alto
10,15000000.0,349920,0.8689214677640603,12,1,1,1,1,10,0,0,0,0,0,1,0,medio_alto
5,10000.0,12,0.6666666666666666,8,3,1,0,0,0,1,1,1,0,0,0,0,medio_baixo
9,10000.0,16,0.8125,1,8,1,0,0,0,1,0,1,1,1,1,1,alto
6,10000.0,20,0.85,1,2,1,0,0,0,1,0,1,0,0,0,0,baixo
1,0.0,0,0.0,1,3,1,1,1,0,1,0,0,1,0,0,0,gratuito
7,10000.0,94,0.5957446808510638,7,2,1,0,0,1,1,1,0,0,0,0,0,baixo
10,10000.0,3,0.6666666666666666,1,5,1,0,0,0,1,1,1,0,1,1,0,medio_alto
8,10000.0,6,0.3333333333333333,1,4,1,1,1,0,1,1,1,1,0,0,0,baixo
6,35000.0,3,0.3333333333333333,1,1,1,0,0,0,0,1,0,0,0,0,0,medio_alto
10,10000.0,83,0.6265060240963856,1,4,1,0,0,1,1,1,1,1,0,0,0,baixo
4,10000.0,3,0.6666666666666666,1,3,1,0,0,0,1,0,0,1,0,0,1,baixo
6,10000.0,0,0.0,1,2,1,0,0,2,1,0,0,1,0,0,0,baixo
1,0.0,0,0.0,0,0,1,0,0,0,0,0,0,0,0,0,0,gratuito
2,10000.0,14,0.6428571428571429,17,2,1,0,0,0,0,0,1,0,0,0,0,alto
2,10000.0,0,0.0,1,3,1,0,0,0,0,1,1,1,0,0,0,medio_alto
17,0.0,0,0.0,3,3,1,0,0,0,0,1,0,0,0,0,1,baixo
3,10000.0,13,1.0,1,2,1,0,0,0,1,0,0,0,1,0,0,medio_baixo
9,10000.0,10,0.7,1,2,1,0,0,0,0,0,0,1,0,0,1,gratuito
1,0.0,0,0.0,0,0,1,0,0,0,0,0,0,0,0,0,0,gratuito
1,0.0,0,0.0,8,2,1,0,0,0,1,0,1,0,0,0,0,alto
8,10000.0,0,0.0,1,4,1,0,0,0,1,0,1,1,0,0,1,medio_baixo
3,1500000.0,71163,0.9129182299790621,1,2,1,0,0,0,0,1,0,1,0,0,0,alto
2,0.0,0,0.0,1,2,1,0,0,0,0,0,0,0,0,0,0,gratuito
1,0.0,0,0.0,0,0,1,0,0,0,0,0,0,0,0,0,0,gratuito
1,10000.0,1,1.0,1,2,1,1,0,0,0,1,1,0,0,0,0,medio_baixo
2,35000.0,2,0.5,9,3,1,1,0,0,1,0,1,0,0,1,0,medio_baixo
2,10000.0,3,1.0,1,4,1,0,1,0,1,1,1,0,0,0,0,medio_baixo
5,150000.0,611,0.690671031096563,11,2,1,0,0,0,0,1,0,0,1,0,0,alto
12,35000.0,63,0.14285714285714285,1,1,1,0,0,0,0,0,0,1,0,0,0,baixo
6,350000.0,3718,0.9080150618612157,8,2,1,0,0,1,1,1,0,0,0,0,0,medio_baixo
4,10000.0,21,0.9047619047619048,1,1,1,1,0,0,0,0,0,1,0,0,0,baixo
3,10000.0,18,0.9444444444444444,1,2,1,0,1,0,1,1,0,0,0,0,0,medio_baixo
4,10000.0,0,0.0,1,3,1,1,1,0,1,1,0,0,0,0,0,gratuito
5,0.0,0,0.0,0,0,1,0,0,0,0,0,0,0,0,0,0,gratuito
1,0.0,0,0.0,103,2,1,0,0,2,1,0,0,1,0,0,0,baixo
7,10000.0,284,0.7323943661971831,2,3,1,0,0,0,1,1,1,0,0,0,0,medio_baixo
1,0.0,0,0.0,2,2,1,0,0,0,0,0,1,0,0,0,1,alto
1,0.0,0,0.0,0,0,1,0,0,0,0,0,0,0,0,0,0,gratuito
1,10000.0,163,0.8343558282208589,2,2,1,0,0,1,0,0,1,0,1,0,0,medio_alto
9,0.0,0,0.0,1,2,1,0,0,0,1,0,0,0,1,0,0,baixo
1,10000.0,1,1.0,2,4,1,0,0,0,1,0,0,0,0,1,1,baixo
2,0.0,0,0.0,0,0,1,0,0,0,0,0,0,0,0,0,0,gratuito
6,35000.0,9,0.6666666666666666,2,1,1,0,0,0,0,0,1,0,0,0,0,medio_alto
4,10000.0,6,0.8333333333333334,1,1,1,0,0,0,0,0,0,0,0,0,0,medio_baixo
1,10000.0,0,0.0,1,2,1,0,0,0,1,1,0,0,0,0,0,alto
7,10000.0,6,0.8333333333333334,1,5,1,0,0,0,1,1,1,1,0,1,0,baixo
8,10000.0,50,0.58,1,3,1,0,0,0,1,1,0,0,0,0,0,medio_alto
10,10000.0,12,0.4166666666666667,5,1,1,0,0,0,0,1,0,0,0,0,0,medio_baixo
5,10000.0,22,0.9090909090909091,2,2,1,0,0,0,1,0,0,1,0,0,0,gratuito
3,10000.0,134,0.9104477611940298,11,3,1,0,0,0,0,1,1,1,0,0,0,medio_alto
2,10000.0,21,0.5714285714285714,2,3,1,0,0,0,1,0,0,0,0,1,1,medio_alto
2,10000.0,6,1.0,1,1,1,0,0,0,0,0,0,0,0,0,0,alto
6,10000.0,5,0.6,1,1,1,0,0,0,0,1,0,0,0,0,0,medio_alto
1,0.0,0,0.0,1,3,1,0,0,1,1,0,0,0,0,0,1,alto
7,10000.0,5,1.0,1,2,1,0,0,0,0,0,1,0,1,0,0,medio_baixo
2,10000.0,0,0.0,1,3,1,1,1,0,1,0,1,1,0,0,0,baixo
3,0.0,0,0.0,0,0,1,0,0,0,0,0,0,0,0,0,0,gratuito
1,10000.0,0,0.0,12,7,1,0,0,0,1,1,0,1,0,0,1,alto
1,10000.0,6,1.0,1,2,1,0,0,0,1,0,0,1,0,0,0,medio_alto
1,10000.0,0,0.0,1,2,1,0,0,0,1,0,0,1,0,0,0,medio_baixo
9,10000.0,338,0.5976331360946746,1,5,1,0,0,0,1,0,1,0,1,1,0,alto
9,10000.0,39,0.8974358974358975,2,1,1,0,1,0,0,0,1,0,0,0,0,gratuito
5,10000.0,20,1.0,2,6,1,0,0,0,1,1,1,1,1,1,0,baixo
1,0.0,0,0.0,11,4,1,0,0,0,1,1,1,0,0,0,1,medio_baixo
5,10000.0,2,1.0,1,3,1,0,0,0,1,1,0,1,0,0,0,medio_baixo
1,10000.0,0,0.0,2,1,1,0,0,0,0,0,0,0,1,0,0,alto
2,10000.0,14,1.0,1,1,1,0,0,0,0,1,0,0,0,0,0,gratuito
6,10000.0,6,0.8333333333333334,1,5,1,0,0,0,1,1,1,1,0,0,1,baixo
1,10000.0,0,0.0,1,3,1,0,0,0,1,1,1,0,0,0,0,alto
5,10000.0,4,0.25,1,6,1,0,0,1,1,1,1,1,0,1,1,medio_baixo
7,10000.0,2,1.0,1,4,1,1,1,0,1,1,1,0,1,0,0,alto
3,0.0,0,0.0,1,3,1,0,0,1,0,0,0,1,1,1,0,gratuito
8,10000.0,7,1.0,3,2,1,0,0,0,1,0,0,1,0,0,0,medio_alto
4,10000.0,14,0.8571428571428571,1,4,1,0,0,0,1,0,1,1,0,0,0,alto
1,0.0,0,0.0,28,1,1,0,0,0,1,0,0,0,0,0,0,medio_alto
2,10000.0,40,0.825,1,4,1,0,0,0,1,1,0,0,0,0,0,baixo
1,10000.0,10,1.0,1,2,1,0,0,0,0,1,1,0,0,0,0,baixo
8,10000.0,128,0.4609375,1,3,1,0,0,0,1,0,0,1,0,0,1,baixo
2,10000.0,0,0.0,1,5,1,0,0,0,1,1,1,1,1,0,0,medio_alto
3,10000.0,1,0.0,1,4,1,0,0,14,1,0,1,1,0,1,0,baixo
3,10000.0,30,0.9333333333333333,1,4,1,1,1,0,1,1,1,0,0,0,0,gratuito
7,10000.0,0,0.0,2,6,1,1,1,0,1,0,1,1,1,0,0,gratuito
2,0.0,0,0.0,2,3,1,0,0,0,1,0,1,0,0,0,0,gratuito
2,0.0,0,0.0,1,2,1,0,0,0,0,1,0,0,0,0,0,gratuito
2,0.0,0,0.0,0,0,1,0,0,0,0,0,0,0,0,0,0,gratuito
11,10000.0,4,0.5,1,1,1,0,0,0,0,0,0,0,0,0,0,alto
2,0.0,0,0.0,1,6,1,0,0,0,1,1,1,1,0,0,1,gratuito
4,10000.0,2,1.0,1,3,1,0,0,0,1,1,0,1,0,0,0,medio_baixo
1,0.0,0,0.0,1,4,1,0,0,0,1,0,1,0,1,1,0,baixo
1,10000.0,0,0.0,1,1,1,0,0,0,0,0,0,0,0,1,0,alto
1,10000.0,0,0.0,9,1,1,0,0,0,0,1,0,0,0,0,0,alto
1,10000.0,37,0.5675675675675675,3,2,1,0,0,0,0,0,0,0,1,1,0,alto
4,10000.0,18,0.7222222222222222,25,6,1,0,0,0,1,1,0,1,0,1,0,baixo
1,10000.0,0,0.0,1,3,1,0,0,0,0,1,1,1,0,0,0,medio_baixo
1,10000.0,0,0.0,7,2,1,1,1,0,1,1,0,0,0,0,0,medio_baixo
1,0.0,0,0.0,2,2,1,0,0,0,1,0,0,1,0,0,0,baixo
4,35000.0,55,0.9636363636363636,2,5,1,1,0,2,1,0,1,1,1,0,0,gratuito
5,35000.0,233,0.7682403433476395,1,1,1,0,0,1,0,0,0,0,1,0,0,alto
6,10000.0,11,0.7272727272727273,1,5,1,0,0,0,1,0,0,1,1,0,1,alto
2,0.0,0,0.0,1,6,1,0,0,0,1,1,1,1,0,0,0,gratuito
2,0.0,0,0.0,0,0,1,0,0,0,0,0,0,0,0,0,0,gratuito
3,10000.0,0,0.0,1,3,1,0,0,0,0,1,1,0,0,0,0,gratuito
1,0.0,0,0.0,0,0,1,0,0,0,0,0,0,0,0,0,0,gratuito
4,0.0,0,0.0,0,0,1,0,0,0,0,0,0,0,0,0,0,gratuito
6,75000.0,24,0.8333333333333334,1,3,1,1,0,0,1,0,0,1,0,0,0,baixo
4,10000.0,0,0.0,29,3,1,0,0,0,1,0,0,1,0,1,0,baixo
6,35000.0,186,0.7043010752688172,15,2,1,0,0,0,0,0,0,0,0,0,0,medio_baixo
2,10000.0,4,0.75,7,2,1,0,0,0,0,0,0,1,0,1,0,medio_baixo
8,10000.0,19,0.5789473684210527,1,3,1,0,0,0,1,1,0,0,1,0,0,alto
2,10000.0,0,0.0,15,3,1,0,0,0,0,0,1,1,0,0,1,alto
8,10000.0,30,0.5666666666666667,1,5,1,0,0,0,1,1,1,1,1,0,0,baixo
8,10000.0,20,0.65,1,7,1,0,0,0,1,0,0,1,0,1,1,gratuito
2,150000.0,778,0.7647814910025706,1,3,1,0,0,0,1,1,1,0,0,0,0,medio_alto
1,10000.0,22,1.0,14,3,1,1,1,1,1,0,0,1,0,1,0,medio_alto
3,10000.0,0,0.0,30,2,1,0,0,0,0,0,1,1,0,0,0,medio_baixo
7,10000.0,33,0.7878787878787878,1,3,1,0,1,1,1,0,1,1,0,0,0,baixo
2,0.0,0,0.0,0,0,1,0,0,0,0,0,0,0,0,0,0,gratuito
8,10000.0,15,0.8666666666666667,1,3,1,0,0,0,1,0,0,1,0,0,1,medio_alto
5,0.0,0,0.0,1,3,1,1,0,1,0,1,0,0,1,0,0,gratuito
3,10000.0,1,1.0,6,3,1,0,1,0,1,1,0,0,0,0,0,medio_baixo
1,0.0,0,0.0,1,3,1,0,0,0,1,1,0,0,0,0,0,gratuito
6,10000.0,38,0.8157894736842105,1,5,1,0,0,0,1,1,1,0,1,0,0,gratuito
3,0.0,0,0.0,1,2,1,0,0,0,1,1,0,0,0,0,0,gratuito
6,150000.0,1477,0.8991198375084631,6,1,1,0,0,0,0,1,0,0,0,0,0,alto
2,0.0,0,0.0,0,0,1,0,0,0,0,0,0,0,0,0,0,gratuito
1,10000.0,0,0.0,1,2,1,0,0,0,0,0,1,0,0,0,0,medio_alto
12,350000.0,656,0.8353658536585366,1,2,1,0,1,0,1,1,0,0,0,0,0,alto
2,0.0,0,0.0,1,3,1,0,0,0,1,0,1,0,1,0,0,gratuito
3,10000.0,90,0.9777777777777777,11,2,1,1,1,0,0,1,0,1,0,0,0,medio_baixo
6,35000.0,43,0.8837209302325582,1,3,1,0,0,0,1,0,0,0,0,1,0,gratuito
2,150000.0,4037,0.9863760217983651,9,2,1,0,0,0,1,0,0,0,1,0,0,alto
1,10000.0,0,0.0,4,3,1,0,0,0,1,0,0,1,0,1,0,medio_baixo
1,10000.0,0,0.0,1,2,1,0,0,0,0,1,0,0,0,1,0,medio_alto
3,75000.0,23,0.9565217391304348,1,3,1,1,1,0,1,0,0,1,0,1,0,medio_baixo
4,0.0,0,0.0,0,0,1,0,0,0,0,0,0,0,0,0,0,gratuito
3,0.0,0,0.0,0,0,1,0,0,0,0,0,0,0,0,0,0,gratuito
1,0.0,0,0.0,1,3,1,0,0,2,1,0,0,1,0,0,0,gratuito
7,10000.0,41,0.8048780487804879,6,5,1,0,0,0,1,1,1,1,0,1,0,medio_alto
3,0.0,0,0.0,0,0,1,0,0,0,0,0,0,0,0,0,0,gratuito
5,10000.0,32,1.0,1,2,1,1,0,0,1,0,0,1,0,0,0,medio_baixo
2,10000.0,35,0.9714285714285714,3,3,1,0,0,0,1,0,0,1,1,0,0,medio_baixo
2,10000.0,113,0.9734513274336283,1,1,1,0,0,0,0,0,0,1,0,0,0,alto
8,35000.0,218,0.9036697247706422,2,2,1,1,1,1,1,0,1,0,0,0,0,baixo
1,10000.0,6,0.5,1,1,1,0,0,0,0,1,0,0,0,0,0,baixo
2,0.0,0,0.0,1,4,1,0,0,0,1,0,1,1,0,0,0,gratuito
2,150000.0,3221,0.7826761875194039,1,4,1,0,0,0,1,1,1,0,0,0,0,medio_baixo
2,10000.0,1,0.0,1,4,1,0,0,0,1,0,0,1,0,0,1,medio_alto
1,35000.0,17,1.0,9,2,1,0,1,0,1,1,0,0,0,0,0,medio_baixo
3,0.0,0,0.0,0,0,1,0,0,0,0,0,0,0,0,0,0,gratuito
2,10000.0,31,1.0,1,4,1,0,1,0,1,1,0,0,1,0,0,alto
4,10000.0,43,0.8837209302325582,1,3,1,0,0,0,1,0,1,0,0,0,0,gratuito
1,10000.0,40,0.925,1,3,1,0,0,0,1,0,0,0,1,0,0,medio_alto
4,350000.0,1704,0.857981220657277,26,8,1,1,1,5,1,1,0,1,0,1,1,gratuito
1,0.0,0,0.0,1,3,1,0,0,0,1,0,0,0,1,0,0,gratuito
4,10000.0,0,0.0,1,2,1,0,0,0,1,0,0,1,0,0,0,baixo
3,10000.0,1,0.0,1,4,1,0,0,0,0,0,1,1,1,0,0,medio_alto
6,75000.0,266,0.8571428571428571,4,3,1,1,0,0,1,0,0,1,0,0,0,gratuito
12,10000.0,549,0.8943533697632058,3,3,1,0,0,2,1,0,1,1,0,0,0,medio_alto
3,10000.0,1,0.0,1,2,1,0,0,0,0,0,0,0,0,1,1,alto
4,10000.0,36,0.5,1,4,1,0,0,0,1,0,0,0,1,1,1,baixo
4,0.0,0,0.0,1,1,1,0,0,0,0,0,0,0,0,0,0,gratuito
1,10000.0,0,0.0,1,2,1,0,0,0,1,0,1,0,0,0,0,medio_alto
5,10000.0,28,0.75,29,3,1,0,0,0,0,1,1,1,0,0,0,baixo
3,10000.0,1,1.0,1,2,1,0,0,0,1,1,0,0,0,0,0,medio_baixo
2,10000.0,2,1.0,2,3,1,1,0,0,1,0,0,0,0,0,1,alto
6,10000.0,14,0.7142857142857143,2,3,1,0,0,0,1,1,1,0,0,0,0,medio_baixo
1,10000.0,1,1.0,1,2,1,1,0,0,0,1,0,0,0,0,0,baixo
3,10000.0,53,0.8301886792452831,1,4,1,0,0,0,0,1,0,0,0,1,1,medio_baixo
10,10000.0,65,0.7692307692307693,2,3,1,1,0,0,1,1,0,0,0,0,0,gratuito
9,1500000.0,37696,0.9112107385398981,9,1,1,0,0,4,0,0,0,0,0,0,1,medio_alto
5,150000.0,8,0.5,1,2,1,0,0,0,1,0,1,0,0,0,0,medio_alto
3,10000.0,19,0.7368421052631579,7,5,1,1,1,1,1,1,1,0,1,0,0,medio_baixo
4,10000.0,28,0.8214285714285714,11,1,1,1,0,0,0,0,0,1,0,0,0,medio_alto
1,0.0,0,0.0,4,5,1,1,0,4,1,0,0,1,1,0,0,gratuito
15,350000.0,2194,0.9184138559708296,11,2,1,1,1,0,1,1,0,0,0,0,0,baixo
1,0.0,0,0.0,0,0,1,0,0,0,0,0,0,0,0,0,0,gratuito
3,150000.0,6184,0.9759055627425615,2,1,1,0,0,2,0,0,0,0,1,0,0,alto
1,10000.0,0,0.0,2,4,1,0,0,0,1,0,1,0,1,1,0,alto
4,10000.0,87,0.9080459770114943,1,3,1,0,0,0,1,1,1,0,0,0,0,medio_alto
4,10000.0,1,1.0,10,2,1,0,0,0,1,0,0,1,0,0,0,medio_baixo
1,10000.0,0,0.0,34,2,1,0,0,0,0,1,0,0,0,0,1,baixo
2,10000.0,23,0.6956521739130435,1,2,1,1,1,0,0,0,0,0,0,1,1,medio_baixo
5,10000.0,60,0.6333333333333333,1,4,1,1,0,0,1,0,0,1,0,1,1,medio_baixo
4,0.0,0,0.0,1,2,1,0,0,0,0,1,0,1,0,0,0,gratuito
5,350000.0,7043,0.9541388612807042,1,4,1,1,1,0,1,0,0,1,1,0,1,medio_baixo
1,0.0,0,0.0,0,0,1,0,0,0,0,0,0,0,0,0,0,gratuito
2,10000.0,3,1.0,1,1,1,0,0,0,0,0,1,0,0,0,0,medio_alto
2,10000.0,3,0.6666666666666666,1,7,1,1,1,0,1,1,0,1,1,1,1,medio_baixo
9,10000.0,33,0.7575757575757576,1,3,1,0,0,0,1,1,0,0,0,0,0,gratuito
1,0.0,0,0.0,0,0,1,0,0,0,0,0,0,0,0,0,0,gratuito
13,1500000.0,17734,0.8777489568061351,8,2,1,0,0,0,0,1,1,0,0,0,0,medio_alto
1,10000.0,0,0.0,1,3,1,1,0,0,1,1,0,0,0,0,0,alto
11,350000.0,477,0.5324947589098532,1,4,1,0,1,0,1,1,0,1,0,0,0,gratuito
4,10000.0,16,0.875,103,1,1,0,0,0,1,0,0,0,0,0,0,baixo
9,3500000.0,37293,0.9328024025956614,7,2,1,1,1,5,0,1,1,0,0,0,0,alto
2,10000.0,0,0.0,1,3,1,0,0,0,1,1,1,0,0,0,0,baixo
1,10000.0,29,0.9310344827586207,1,2,1,1,1,0,1,0,0,0,0,1,0,alto
9,35000.0,32,0.59375,2,4,1,1,1,0,1,0,0,0,1,1,0,alto
4,0.0,0,0.0,1,5,1,0,0,0,1,0,1,1,1,0,0,gratuito
1,10000.0,9,0.5555555555555556,8,1,1,1,0,0,0,0,0,0,0,1,0,alto
6,35000.0,109,0.8899082568807339,2,3,1,0,0,0,1,0,0,1,0,0,0,gratuito
4,75000.0,1055,0.7080568720379147,6,4,1,0,0,0,1,1,0,1,0,0,1,medio_alto
5,10000.0,0,0.0,6,1,1,0,0,0,0,0,0,1,0,0,0,baixo
2,10000.0,0,0.0,3,4,1,0,0,0,1,1,0,0,0,1,1,medio_baixo
3,10000.0,0,0.0,1,3,1,0,0,0,1,0,1,0,0,0,0,gratuito
5,350000.0,1913,0.8013591217982227,8,1,1,0,0,0,0,1,0,0,0,0,0,alto
1,0.0,0,0.0,103,1,1,0,0,0,0,0,0,1,0,0,0,baixo
6,0.0,0,0.0,0,0,1,0,0,0,0,0,0,0,0,0,0,gratuito
20,75000.0,134,0.7313432835820896,1,1,1,0,0,0,0,0,0,0,0,1,0,medio_baixo
1,10000.0,17,0.8823529411764706,1,2,1,1,1,0,1,0,1,0,0,0,0,baixo
10,10000.0,46,0.7608695652173914,1,3,1,0,0,0,1,0,1,1,0,0,0,medio_baixo
4,10000.0,1,0.0,1,2,1,0,0,1,1,1,0,0,0,0,0,medio_alto
1,10000.0,0,0.0,1,3,1,0,0,1,1,0,1,1,0,0,0,medio_baixo
5,10000.0,7,0.8571428571428571,2,4,1,1,1,3,1,1,1,1,0,0,0,medio_baixo
2,10000.0,6,1.0,2,4,1,0,0,0,1,0,1,1,0,0,0,medio_alto
6,10000.0,0,0.0,1,2,1,0,0,2,0,0,1,1,0,0,0,medio_alto
7,10000.0,2,0.0,1,1,1,0,0,0,0,0,0,0,0,0,0,alto
3,10000.0,0,0.0,1,2,1,0,0,0,0,0,0,0,0,1,0,medio_baixo
7,35000.0,1,0.0,2,2,1,0,0,0,1,0,0,1,0,0,0,baixo
1,10000.0,6,1.0,2,3,1,0,1,0,1,1,0,1,0,0,0,baixo
2,10000.0,1,1.0,2,2,1,0,0,0,1,1,0,0,0,0,0,medio_alto
1,10000.0,0,0.0,1,3,1,0,0,0,1,0,1,1,0,0,0,medio_alto
2,10000.0,13,1.0,1,1,1,0,0,0,0,0,0,1,0,0,0,medio_baixo
2,10000.0,4,0.75,9,2,1,0,0,0,1,0,0,1,0,0,0,medio_baixo
2,150000.0,166,0.608433734939759,8,3,1,0,0,0,1,1,0,1,0,0,0,alto
5,10000.0,49,0.9387755102040817,1,3,1,0,0,1,1,1,0,0,0,0,0,medio_alto
2,35000.0,61,0.9836065573770492,2,4,1,0,0,0,1,0,1,1,0,1,0,baixo
4,35000.0,4,0.5,1,2,1,0,0,0,1,0,0,0,1,0,0,baixo
9,35000.0,103,0.7669902912621359,2,3,1,0,1,0,1,0,0,1,0,0,1,baixo
1,10000.0,0,0.0,1,3,1,1,0,0,1,0,1,0,1,0,0,alto
5,35000.0,15,0.4666666666666667,1,1,1,0,0,0,0,0,1,0,0,0,0,baixo
2,10000.0,2,1.0,1,2,1,0,0,0,0,0,1,1,0,0,0,baixo
4,10000.0,1,1.0,1,1,1,0,0,0,0,0,0,1,0,0,0,medio_baixo
6,10000.0,0,0.0,12,2,1,0,0,0,0,1,0,1,0,0,0,baixo
8,10000.0,17,0.7058823529411765,1,4,1,0,0,0,1,0,0,1,0,1,1,baixo
8,10000.0,3,0.3333333333333333,1,5,1,0,0,0,1,0,0,1,0,0,1,alto
3,75000.0,9,0.6666666666666666,2,1,1,0,0,0,1,0,0,0,0,0,0,medio_baixo
1,10000.0,1,1.0,2,1,1,0,0,0,0,0,1,0,0,0,0,medio_alto
1,0.0,0,0.0,1,2,1,0,0,2,0,0,0,0,1,0,1,alto
5,10000.0,4,1.0,1,3,1,0,0,0,0,1,0,1,0,0,1,medio_baixo
2,10000.0,5,0.6,2,2,1,0,0,0,1,1,0,0,0,0,0,medio_baixo
6,10000.0,15,0.7333333333333333,8,2,1,0,0,0,1,1,0,0,0,0,0,alto
7,10000.0,1,1.0,1,2,1,0,0,0,1,1,0,0,0,0,0,alto
9,10000.0,5,0.8,4,2,1,0,0,0,1,0,1,0,0,0,0,baixo
2,10000.0,6,1.0,4,2,1,0,0,0,1,0,1,0,0,0,0,baixo
3,0.0,0,0.0,1,4,1,0,0,0,1,1,1,0,0,0,0,gratuito
2,10000.0,15,0.9333333333333333,1,3,1,0,0,0,1,1,0,1,0,0,0,medio_alto
4,10000.0,6,0.6666666666666666,4,1,1,0,0,0,0,0,0,1,0,0,0,medio_baixo
1,10000.0,0,0.0,1,3,1,1,1,0,1,0,1,0,1,0,0,alto
9,10000.0,119,0.5378151260504201,1,4,1,0,0,0,1,0,0,1,0,1,1,baixo
4,35000.0,3,0.6666666666666666,2,5,1,0,0,0,1,1,1,0,1,0,0,medio_baixo
6,10000.0,0,0.0,1,3,1,0,0,0,1,0,0,1,0,1,0,medio_baixo
2,10000.0,2,0.5,1,4,1,0,0,0,1,0,1,1,0,0,0,medio_alto
9,10000.0,7,0.8571428571428571,1,3,1,1,0,0,1,0,0,1,0,0,0,medio_baixo
1,10000.0,0,0.0,2,5,1,0,0,0,1,0,0,1,1,0,1,baixo
2,0.0,0,0.0,1,3,1,0,0,0,1,1,0,0,0,0,0,gratuito
2,10000.0,11,1.0,1,3,1,0,0,1,0,0,1,0,1,1,0,baixo
9,10000.0,20,0.8,1,2,1,0,0,0,1,0,1,0,0,0,0,medio_baixo
5,10000.0,6,0.8333333333333334,1,3,1,1,1,0,1,0,0,0,0,0,0,gratuito
2,0.0,0,0.0,2,3,1,0,0,0,1,0,0,1,0,0,0,gratuito
6,10000.0,190,0.9157894736842105,8,3,1,0,0,0,1,1,0,0,0,0,0,baixo
2,10000.0,2,0.5,6,3,1,0,1,0,1,0,1,1,0,0,0,medio_baixo
5,10000.0,0,0.0,4,1,1,0,0,0,0,0,1,0,0,0,0,alto
6,35000.0,17,1.0,4,1,1,1,0,0,0,0,1,0,0,0,0,gratuito
2,10000.0,77,0.6883116883116883,9,5,1,0,0,0,1,1,1,0,0,0,0,medio_alto
1,0.0,0,0.0,103,2,1,0,0,0,1,0,0,1,0,0,0,medio_baixo
1,10000.0,39,1.0,7,2,1,0,0,0,1,1,0,0,0,0,0,medio_baixo
1,10000.0,4,1.0,1,2,1,0,0,0,1,0,0,0,0,1,0,medio_baixo
1,10000.0,0,0.0,11,3,1,0,0,1,1,1,0,0,0,0,0,alto
1,10000.0,0,0.0,27,2,1,1,1,0,1,0,0,0,0,0,1,baixo
15,150000.0,981,0.7176350662589195,3,2,1,0,0,0,0,1,1,0,0,0,0,medio_baixo
2,10000.0,13,0.6153846153846154,10,3,1,0,0,0,1,1,1,0,0,0,0,medio_baixo
6,10000.0,19,1.0,1,1,1,1,0,1,0,0,0,1,0,0,0,baixo
3,10000.0,4,0.5,11,3,1,0,0,0,1,1,1,0,0,0,0,medio_alto
4,10000.0,12,1.0,1,2,1,0,0,0,1,0,0,1,0,0,0,baixo
9,35000.0,62,0.532258064516129,27,6,1,1,0,1,1,1,1,0,1,1,0,medio_baixo
9,10000.0,11,0.45454545454545453,1,3,1,0,0,0,1,1,0,0,0,0,0,baixo
4,75000.0,2,1.0,9,4,1,0,0,0,1,1,1,1,0,0,0,medio_alto
12,75000.0,442,0.7307692307692307,6,2,1,0,0,1,1,0,1,0,0,0,0,alto
9,10000.0,40,0.725,1,1,1,1,1,0,0,0,0,0,0,0,0,medio_alto
1,0.0,0,0.0,1,3,1,0,0,0,1,0,0,1,0,1,0,medio_alto
6,1500000.0,25292,0.9434999209236122,7,3,1,0,0,7,1,0,0,1,0,0,0,gratuito
4,10000.0,3,0.6666666666666666,1,1,1,1,0,0,0,0,0,1,0,0,0,medio_alto
4,10000.0,24,0.875,1,2,1,0,0,0,0,0,0,0,0,0,0,gratuito
1,10000.0,0,0.0,2,3,1,0,0,0,1,0,0,0,0,1,0,medio_alto
12,35000.0,54,0.6666666666666666,1,3,1,0,0,0,1,1,1,0,0,0,0,medio_baixo
2,10000.0,0,0.0,1,4,1,0,0,0,1,1,0,1,0,1,0,medio_baixo
5,0.0,0,0.0,0,0,1,0,0,0,0,0,0,0,0,0,0,gratuito
1,10000.0,0,0.0,13,2,1,0,0,0,0,0,0,1,0,0,1,alto
3,10000.0,0,0.0,21,1,1,0,0,0,0,0,0,1,0,0,0,baixo
16,75000.0,290,0.4517241379310345,7,3,1,0,0,0,0,0,0,1,0,1,1,medio_baixo
3,150000.0,2314,0.7929991356957649,12,2,1,0,0,0,0,1,0,0,0,1,0,alto
3,10000.0,171,0.8362573099415205,3,3,1,0,0,0,1,1,1,0,0,0,0,medio_baixo
9,10000.0,145,0.6413793103448275,1,4,1,1,0,0,1,0,0,0,0,1,1,alto
1,10000.0,0,0.0,1,2,1,1,0,0,0,0,1,1,0,0,0,alto
11,10000.0,34,0.5,1,2,1,0,0,0,1,1,0,0,0,0,0,medio_alto
1,0.0,0,0.0,1,4,1,0,0,0,1,1,1,0,0,1,0,medio_alto
3,0.0,0,0.0,1,5,1,0,0,0,1,1,1,0,1,0,0,gratuito
4,10000.0,1,0.0,1,4,0,1,0,0,1,0,0,1,0,1,1,medio_alto
3,10000.0,3,0.0,10,4,1,0,0,0,1,0,1,0,0,0,0,alto
2,10000.0,11,1.0,2,4,1,0,0,0,1,0,0,1,0,1,0,medio_baixo
10,35000.0,74,0.8648648648648649,5,4,1,1,1,0,1,1,1,0,0,1,0,baixo
3,10000.0,36,0.8888888888888888,1,2,1,0,0,2,1,0,0,0,0,0,1,alto
2,10000.0,56,0.8035714285714286,20,4,1,0,0,0,1,1,1,0,0,0,0,alto
7,10000.0,21,0.7619047619047619,8,3,1,0,0,0,1,0,1,1,0,0,0,medio_baixo
4,10000.0,402,0.972636815920398,5,3,1,1,0,0,1,0,1,0,1,0,0,alto
5,10000.0,160,0.975,2,2,1,0,0,0,1,0,1,0,0,0,0,alto
9,10000.0,9,0.4444444444444444,2,2,1,0,0,0,1,1,0,0,0,0,0,medio_alto
2,10000.0,0,0.0,10,5,1,0,0,0,0,1,0,1,1,1,0,gratuito
9,75000.0,33,0.6666666666666666,1,4,1,0,0,0,1,1,0,0,0,1,0,medio_baixo
5,10000.0,4,1.0,1,7,1,0,0,0,1,0,1,1,1,1,1,baixo
2,10000.0,1,1.0,1,2,1,0,0,0,1,0,0,1,0,0,0,alto
1,0.0,0,0.0,0,0,1,0,0,0,0,0,0,0,0,0,0,gratuito
2,0.0,0,0.0,1,5,1,0,0,0,0,0,1,1,1,1,0,gratuito
3,10000.0,403,0.6550868486352357,5,3,1,0,0,2,1,0,1,0,0,1,0,alto
4,10000.0,42,0.8333333333333334,10,2,1,0,0,2,1,1,0,0,0,0,0,medio_baixo
4,35000.0,6,1.0,3,4,1,0,0,0,1,1,1,0,0,1,0,medio_baixo
5,10000.0,47,0.7872340425531915,1,3,1,1,1,0,1,1,0,0,0,1,0,medio_baixo
2,10000.0,0,0.0,1,3,1,0,0,0,1,0,1,0,0,0,0,gratuito
1,0.0,0,0.0,1,5,1,0,0,0,1,1,0,1,0,1,0,gratuito
12,350000.0,376,0.824468085106383,5,2,1,0,0,0,1,1,0,0,0,0,0,medio_alto
2,10000.0,28,0.9642857142857143,22,3,1,0,0,0,1,1,0,0,0,0,0,medio_alto
1,0.0,0,0.0,1,5,1,0,0,1,1,1,0,1,0,0,0,gratuito
9,10000.0,54,0.8703703703703703,1,4,1,1,0,1,1,1,1,0,1,0,0,alto
7,35000.0,101,0.7425742574257426,1,2,1,0,0,0,1,0,0,0,0,0,0,gratuito
5,35000.0,15,0.6,2,4,1,0,0,0,1,0,0,1,0,1,1,baixo
4,10000.0,3,0.6666666666666666,14,2,1,0,0,0,1,0,0,1,0,0,0,baixo
3,35000.0,315,0.765079365079365,1,3,1,1,1,1,1,0,0,0,0,1,0,gratuito
1,0.0,0,0.0,0,0,1,0,0,0,0,0,0,0,0,0,0,gratuito
2,10000.0,0,0.0,13,3,1,0,0,0,1,0,0,0,0,0,0,alto
9,10000.0,6,0.8333333333333334,2,6,1,0,0,0,0,1,1,0,0,1,0,alto
3,35000.0,370,0.6972972972972973,4,0,1,0,0,0,0,0,0,0,0,0,0,alto
1,10000.0,1,1.0,1,2,1,0,0,0,1,0,0,0,1,0,0,medio_alto
6,10000.0,12,1.0,1,3,1,1,1,0,1,1,0,1,0,0,0,baixo
1,0.0,0,0.0,10,3,1,0,0,0,0,0,0,0,0,1,1,medio_alto
3,10000.0,5,0.2,1,2,1,0,0,0,0,1,0,0,0,0,0,alto
2,0.0,0,0.0,103,2,1,0,0,0,1,0,0,1,0,0,0,baixo
10,10000.0,4,0.25,4,1,1,0,0,0,0,0,0,0,0,0,0,alto
4,10000.0,0,0.0,1,6,1,0,0,0,0,0,1,0,1,1,1,gratuito
2,10000.0,0,0.0,1,2,1,0,0,0,1,0,0,1,0,0,0,medio_baixo
1,0.0,0,0.0,7,6,1,0,0,0,1,1,1,1,1,0,0,gratuito
2,10000.0,38,0.868421052631579,2,2,1,0,0,0,1,0,0,1,0,0,0,medio_baixo
7,10000.0,7,1.0,1,3,1,0,0,0,1,1,0,1,0,0,0,medio_baixo
8,10000.0,41,0.7073170731707317,29,2,1,0,0,0,1,0,0,0,0,0,0,baixo
1,10000.0,5,1.0,1,5,1,0,0,0,1,1,0,0,0,0,1,baixo
1,10000.0,21,0.8095238095238095,8,4,1,0,0,0,1,1,1,1,0,0,0,baixo
5,10000.0,8,0.375,1,2,1,0,0,1,1,0,0,1,0,0,0,baixo
6,10000.0,25,0.76,5,3,1,0,0,0,1,1,1,0,0,0,0,medio_baixo
5,10000.0,2,0.0,1,4,1,1,0,0,1,1,0,0,0,1,0,medio_alto
3,0.0,0,0.0,0,0,1,0,0,0,0,0,0,0,0,0,0,gratuito
1,10000.0,0,0.0,6,5,1,0,0,0,1,0,0,0,0,1,1,alto
7,10000.0,4,0.75,1,3,1,1,1,0,1,1,1,0,0,0,0,baixo
10,10000.0,20,0.8,1,3,1,1,0,0,1,1,0,0,0,1,0,medio_baixo
1,10000.0,0,0.0,1,2,1,0,0,0,1,0,0,1,0,0,0,baixo
7,10000.0,35,0.9428571428571428,1,1,1,0,0,0,0,1,0,0,0,0,0,gratuito
5,10000.0,12,0.3333333333333333,3,3,1,0,0,0,1,0,1,0,1,0,0,alto
6,35000.0,317,0.9589905362776026,2,4,1,1,1,1,1,0,0,1,1,0,0,gratuito
2,10000.0,0,0.0,10,3,1,1,1,0,0,0,1,1,1,0,0,medio_alto
9,10000.0,15,0.3333333333333333,2,3,1,0,0,0,1,0,0,0,0,1,1,alto
2,35000.0,3,1.0,1,2,1,0,0,0,1,1,0,0,0,0,0,medio_baixo
8,35000.0,276,0.6123188405797102,1,5,1,0,0,0,1,0,1,0,1,0,1,gratuito
2,10000.0,0,0.0,1,1,1,0,0,0,0,0,0,0,1,0,0,baixo
3,0.0,0,0.0,3,5,1,0,0,0,0,0,1,0,1,1,0,gratuito
2,10000.0,4,0.75,1,5,1,0,0,0,1,1,0,0,0,0,0,gratuito
10,10000.0,56,0.6964285714285714,9,2,1,1,1,0,1,0,0,1,0,0,0,medio_baixo
11,10000.0,5,0.8,1,4,1,1,0,0,1,0,1,1,0,0,0,medio_alto
3,0.0,0,0.0,1,1,1,0,0,0,0,0,0,0,0,0,0,gratuito
7,10000.0,0,0.0,1,1,1,0,0,0,1,0,0,0,0,0,0,baixo
1,10000.0,40,0.975,1,3,1,0,0,0,1,0,1,0,1,0,0,alto
8,35000.0,16,0.8125,1,2,1,0,0,0,1,0,0,1,0,0,0,medio_baixo
2,10000.0,4,1.0,1,2,1,0,0,0,1,0,0,1,0,0,0,medio_alto
7,75000.0,2584,0.7643188854489165,7,4,1,0,0,4,1,1,0,0,0,1,1,medio_alto
6,3500000.0,23140,0.8624459809853068,9,4,1,0,0,4,1,1,1,0,1,0,0,medio_alto
5,10000.0,3,0.0,2,2,1,1,0,0,0,1,0,0,0,0,1,alto
15,75000.0,257,0.933852140077821,1,1,1,0,0,0,0,0,0,0,0,1,0,alto
3,0.0,0,0.0,0,0,1,0,0,0,0,0,0,0,0,0,0,gratuito
1,10000.0,0,0.0,2,6,1,0,0,0,0,1,1,1,0,1,1,baixo
1,0.0,0,0.0,1,3,1,0,0,0,1,0,0,1,0,0,0,gratuito
3,10000.0,8,1.0,7,2,1,0,0,0,0,0,1,1,0,0,0,alto
5,10000.0,9,0.3333333333333333,1,2,1,0,0,0,1,0,0,1,0,0,0,baixo
1,10000.0,5,1.0,1,4,1,0,0,0,1,0,0,1,0,1,1,baixo
10,350000.0,3935,0.8310038119440915,4,4,1,1,0,0,1,1,1,0,0,0,1,baixo
1,0.0,0,0.0,2,3,1,0,0,0,1,0,0,0,1,0,0,gratuito
2,150000.0,139,0.5971223021582733,13,2,1,0,0,0,0,0,0,0,0,1,1,alto
3,0.0,0,0.0,0,0,1,0,0,0,0,0,0,0,0,0,0,gratuito
3,10000.0,0,0.0,1,3,1,0,0,0,1,1,0,1,0,0,0,medio_alto
5,10000.0,93,0.956989247311828,2,3,1,1,1,0,1,0,1,1,0,0,0,medio_baixo
1,10000.0,6,1.0,1,2,1,0,0,0,1,0,0,0,0,0,1,medio_baixo
1,0.0,0,0.0,1,4,1,0,0,0,1,1,1,0,0,1,0,medio_baixo
1,10000.0,0,0.0,1,2,1,0,0,0,1,0,0,1,0,0,0,baixo
3,10000.0,1,0.0,1,4,1,0,0,0,1,0,1,1,0,0,0,medio_alto
1,10000.0,0,0.0,8,2,1,0,0,0,1,0,0,0,0,1,0,medio_alto
2,10000.0,6,0.6666666666666666,1,2,1,0,0,0,1,0,0,0,0,0,1,baixo
8,10000.0,35,0.4857142857142857,1,3,1,0,0,0,1,0,0,1,0,1,0,baixo
3,10000.0,0,0.0,1,2,1,1,1,1,1,0,1,0,0,0,0,medio_baixo
4,10000.0,24,0.9583333333333334,1,1,1,1,0,0,0,0,1,0,0,0,0,medio_baixo
10,10000.0,34,0.47058823529411764,2,1,1,0,0,0,0,0,0,0,0,0,1,medio_baixo
1,10000.0,3,0.3333333333333333,1,3,1,0,0,0,1,0,0,1,0,0,1,baixo
2,0.0,0,0.0,1,4,1,0,0,1,1,0,1,0,1,0,0,gratuito
1,0.0,0,0.0,0,0,1,0,0,0,0,0,0,0,0,0,0,gratuito
4,1500000.0,45038,0.9073449087437275,15,2,1,0,0,16,0,1,1,0,0,0,0,medio_alto
2,10000.0,1,1.0,13,4,1,0,0,0,1,1,1,1,0,0,0,medio_alto
4,10000.0,16,0.5625,9,3,1,1,0,0,1,0,0,1,0,0,1,medio_baixo
2,10000.0,12,0.8333333333333334,0,2,1,0,0,0,0,0,1,0,0,0,0,alto
1,10000.0,104,0.8269230769230769,12,5,1,0,1,1,1,1,1,1,1,0,0,alto
1,10000.0,0,0.0,1,2,1,1,0,0,0,0,1,0,0,0,1,alto
9,35000.0,70,0.6428571428571429,1,2,1,0,0,0,1,0,0,1,0,0,0,baixo
7,10000.0,5,1.0,1,3,1,1,0,0,1,0,0,1,0,0,0,medio_alto
5,10000.0,49,0.9183673469387755,1,5,1,0,0,0,1,0,0,1,0,0,1,gratuito
8,3500000.0,19913,0.8233314919901572,13,3,1,1,1,3,1,1,1,0,0,0,0,medio_baixo
5,10000.0,12,0.3333333333333333,1,5,1,0,0,0,1,1,1,0,0,0,1,baixo
5,350000.0,2021,0.9440870856011875,16,3,1,1,1,2,1,0,0,0,1,1,0,alto
11,350000.0,1189,0.46173254835996635,8,4,1,0,0,1,1,1,0,1,0,0,1,baixo
1,0.0,0,0.0,2,3,1,0,0,0,1,1,0,0,0,0,0,medio_baixo
1,10000.0,13,0.9230769230769231,6,3,1,0,1,1,1,0,0,1,0,1,0,medio_baixo
9,150000.0,212,0.5471698113207547,1,3,1,1,0,1,1,1,0,1,0,0,0,baixo
9,10000.0,48,0.5833333333333334,5,4,1,0,0,0,1,0,0,1,0,0,1,alto
1,10000.0,15,0.6666666666666666,1,4,1,0,0,0,1,0,1,0,1,1,0,medio_baixo
2,0.0,0,0.0,1,4,1,0,0,0,1,0,1,1,0,0,0,gratuito
2,10000.0,1,1.0,1,1,1,0,0,0,1,0,0,0,0,0,0,baixo
8,10000.0,3,1.0,1,3,1,1,0,0,1,1,0,1,0,0,0,medio_alto
8,35000.0,83,0.25301204819277107,1,3,1,1,1,0,1,0,1,1,0,0,0,baixo
3,10000.0,0,0.0,1,3,1,0,0,0,0,0,0,0,0,0,0,alto
2,10000.0,14,1.0,6,2,1,0,0,0,0,0,0,0,0,1,0,medio_alto
8,10000.0,44,0.20454545454545456,4,2,1,0,0,0,0,1,1,0,0,0,0,medio_baixo
2,150000.0,2742,0.949671772428884,12,4,1,1,0,1,1,1,1,0,1,0,0,alto
11,350000.0,4053,0.8228472736244757,1,3,1,0,0,0,1,1,1,0,0,0,0,medio_baixo
9,10000.0,59,0.559322033898305,10,7,1,0,0,1,0,1,0,1,0,0,1,gratuito
10,35000.0,48,0.5416666666666666,1,1,1,0,0,0,0,1,0,0,0,0,0,medio_baixo
11,10000.0,99,0.7878787878787878,3,1,1,0,0,0,0,0,0,1,0,0,0,medio_alto
2,10000.0,54,1.0,2,3,1,0,0,1,1,1,1,0,0,0,0,alto
3,10000.0,172,0.7034883720930233,1,2,1,0,0,0,1,0,0,0,0,1,0,alto
6,10000.0,0,0.0,3,3,1,0,0,0,1,1,1,0,0,0,0,medio_alto
7,10000.0,2,1.0,1,3,1,0,1,0,1,1,0,1,0,0,0,medio_baixo
2,10000.0,125,0.976,1,1,1,0,0,0,0,0,0,0,0,0,1,alto
6,75000.0,589,0.7011884550084889,1,4,1,0,0,0,1,0,0,0,0,1,1,alto
2,10000.0,0,0.0,1,2,1,1,1,0,0,0,0,1,0,0,1,alto
1,0.0,0,0.0,0,0,1,0,0,0,0,0,0,0,0,0,0,gratuito
10,75000.0,406,0.8596059113300493,2,3,1,0,1,0,1,0,1,1,0,0,0,medio_alto
10,10000.0,9,0.8888888888888888,1,3,1,0,0,0,1,0,0,1,0,0,0,alto
1,0.0,0,0.0,0,0,1,0,0,0,0,0,0,0,0,0,0,gratuito
3,10000.0,2,0.5,1,1,1,0,0,0,0,0,1,0,0,0,0,medio_baixo
5,35000.0,545,0.8458715596330275,20,2,1,0,0,1,0,1,1,0,0,0,0,medio_baixo
2,0.0,0,0.0,103,2,1,0,0,0,1,0,0,1,0,0,0,medio_baixo
9,10000.0,2,0.0,12,2,1,1,1,0,1,0,0,1,0,0,0,alto
3,10000.0,4,1.0,1,3,1,0,0,1,0,0,1,1,1,0,0,alto
10,35000.0,113,0.584070796460177,1,3,1,0,0,0,0,0,0,0,0,0,0,gratuito
1,10000.0,2,0.5,2,3,1,0,0,0,1,0,1,1,0,0,0,baixo
4,35000.0,20,0.7,103,1,1,0,0,0,1,0,0,0,0,0,0,baixo
1,0.0,0,0.0,1,2,1,1,1,0,0,0,0,1,0,0,0,alto
1,0.0,0,0.0,5,2,1,0,0,0,1,0,1,0,0,0,0,alto
2,0.0,0,0.0,0,0,1,0,0,0,0,0,0,0,0,0,0,gratuito
2,10000.0,1,0.0,1,3,1,0,0,0,1,0,0,1,0,1,0,medio_alto
3,0.0,0,0.0,11,4,1,1,1,0,0,1,0,0,0,0,1,gratuito
1,10000.0,1,0.0,1,6,1,0,0,0,1,1,1,1,1,0,1,medio_baixo
2,10000.0,2,0.5,2,2,1,0,0,0,1,0,0,1,0,0,0,medio_baixo
2,0.0,0,0.0,0,0,1,0,0,0,0,0,0,0,0,0,0,gratuito
2,10000.0,13,1.0,1,3,1,0,0,0,0,0,0,0,0,0,1,alto
2,0.0,0,0.0,0,0,1,0,0,0,0,0,0,0,0,0,0,gratuito
2,35000.0,2,1.0,1,2,1,0,0,0,0,0,0,1,1,0,0,medio_baixo
3,35000.0,109,0.6513761467889908,8,3,1,0,0,0,1,1,1,0,0,0,0,medio_alto
2,0.0,0,0.0,1,3,1,0,0,0,0,0,0,1,0,0,1,gratuito
3,0.0,0,0.0,1,3,1,0,0,0,1,0,0,0,0,0,1,gratuito
7,750000.0,14489,0.877838360135275,7,1,1,1,0,0,0,0,0,0,0,0,0,medio_baixo
15,350000.0,676,0.5207100591715976,6,1,1,1,0,0,0,0,0,0,0,1,0,medio_baixo
8,10000.0,119,0.907563025210084,1,5,1,0,0,0,1,0,0,1,0,0,1,alto
7,10000.0,29,0.9655172413793104,1,2,1,0,0,0,1,0,0,1,0,0,0,alto
5,10000.0,0,0.0,1,3,1,0,0,0,1,1,0,1,0,0,0,baixo
2,10000.0,8,1.0,1,3,1,0,0,0,1,1,1,0,0,0,0,medio_baixo
10,35000.0,611,0.8052373158756138,1,3,1,0,0,0,1,1,1,0,0,0,0,medio_alto
1,10000.0,0,0.0,28,3,1,0,0,0,1,0,0,1,0,1,0,baixo
1,10000.0,0,0.0,1,2,1,0,0,0,1,0,0,1,0,0,0,medio_baixo
4,35000.0,366,0.8278688524590164,1,2,1,0,0,1,0,0,0,1,0,0,1,medio_alto
7,10000.0,28,0.39285714285714285,5,3,1,0,0,0,1,1,1,0,0,0,0,baixo
4,10000.0,3,1.0,3,4,1,1,1,0,1,1,1,0,0,0,0,medio_baixo
2,10000.0,39,0.5384615384615384,2,5,1,0,0,0,1,1,1,1,1,0,0,baixo
10,75000.0,107,0.9439252336448598,7,3,1,1,0,0,1,0,1,1,0,0,0,alto
1,10000.0,0,0.0,2,2,1,0,0,0,1,0,0,0,0,0,0,gratuito
1,10000.0,0,0.0,4,3,1,0,0,0,1,1,1,0,0,0,0,alto
2,10000.0,7,1.0,2,2,1,0,0,0,1,1,0,0,0,0,0,baixo
9,10000.0,3,1.0,1,1,1,0,0,0,0,0,0,0,1,0,0,medio_alto
1,10000.0,0,0.0,7,2,1,0,0,0,0,1,1,0,0,0,0,medio_alto
6,10000.0,2,0.0,1,3,1,0,0,0,1,0,1,1,0,0,0,baixo
8,10000.0,0,0.0,1,2,1,0,0,0,1,0,0,1,0,0,0,medio_baixo
2,10000.0,18,0.6666666666666666,16,5,1,0,0,0,1,1,1,0,0,0,0,medio_alto
6,10000.0,18,1.0,10,1,1,1,1,0,1,0,0,0,0,0,0,alto
1,10000.0,6,0.3333333333333333,3,2,1,0,0,0,1,0,1,0,0,0,0,baixo
3,10000.0,4,1.0,1,2,1,0,0,0,0,1,1,0,0,0,0,medio_alto
2,0.0,0,0.0,0,0,1,0,0,0,0,0,0,0,0,0,0,gratuito
8,10000.0,14,0.5714285714285714,1,5,1,1,1,0,1,1,0,1,0,1,0,gratuito
8,10000.0,7,0.5714285714285714,1,2,1,0,0,0,0,0,1,1,0,0,0,medio_alto
7,75000.0,1624,0.9655172413793104,1,4,1,0,0,0,1,0,1,1,0,0,0,gratuito
4,10000.0,3,1.0,2,3,1,0,0,0,1,1,0,1,0,0,0,medio_alto
1,0.0,0,0.0,1,4,1,0,0,0,1,1,1,0,0,0,0,gratuito
6,10000.0,15,0.8,3,4,1,0,0,0,1,1,0,1,0,0,0,alto
2,0.0,0,0.0,1,3,1,0,0,0,0,0,0,1,0,0,1,gratuito
1,10000.0,0,0.0,4,2,1,0,0,0,0,0,1,1,0,0,0,medio_alto
1,10000.0,5,0.4,3,4,1,0,0,0,1,1,1,0,0,0,1,medio_alto
8,35000.0,4,0.75,27,3,1,0,0,0,1,0,0,1,0,1,0,baixo
3,0.0,0,0.0,103,2,1,0,0,0,1,1,0,0,0,0,0,medio_alto
9,35000.0,344,0.8343023255813954,1,4,1,1,0,0,1,1,1,1,0,0,0,medio_baixo
2,750000.0,13375,0.7769719626168224,14,2,1,1,0,14,0,1,1,0,0,0,0,medio_alto
7,10000.0,13,0.46153846153846156,1,3,1,0,0,1,1,1,0,1,0,0,0,baixo
1,0.0,0,0.0,0,0,1,0,0,0,0,0,0,0,0,0,0,gratuito
8,10000.0,1,1.0,1,2,1,0,0,0,1,0,0,0,0,0,1,medio_alto
1,10000.0,2,1.0,3,2,1,1,0,0,0,0,1,1,0,0,0,alto
2,10000.0,1,1.0,2,4,1,0,0,0,1,1,1,0,1,0,0,medio_alto
17,35000.0,27,0.7037037037037037,2,1,1,0,0,0,0,0,0,0,0,1,0,baixo
5,10000.0,15,1.0,1,3,1,0,0,0,1,0,0,1,0,1,0,baixo
3,35000.0,537,0.7523277467411545,1,2,1,0,0,0,1,0,1,0,0,0,0,medio_baixo
5,10000.0,0,0.0,29,3,1,0,0,0,1,0,0,1,0,1,0,baixo
1,0.0,0,0.0,11,4,1,0,0,0,0,1,0,1,0,0,0,gratuito
8,10000.0,6,0.8333333333333334,1,2,1,1,0,1,1,1,0,0,0,0,0,medio_baixo
4,10000.0,69,0.5797101449275363,1,5,1,0,0,0,1,0,0,1,0,0,1,alto
2,10000.0,0,0.0,1,3,1,0,0,0,1,1,0,0,0,0,0,baixo
5,10000.0,77,0.922077922077922,1,3,1,1,1,0,1,1,1,0,0,0,0,medio_alto
1,10000.0,0,0.0,5,2,1,0,0,0,1,0,0,0,0,1,0,alto
11,10000.0,18,0.4444444444444444,1,2,1,0,0,0,0,0,0,1,0,1,0,gratuito
5,0.0,0,0.0,0,0,1,0,0,0,0,0,0,0,0,0,0,gratuito
6,150000.0,1868,0.9116702355460385,11,2,1,0,1,2,0,0,0,1,1,0,0,baixo
7,10000.0,87,0.8620689655172413,9,2,1,0,0,0,1,0,1,0,0,0,0,baixo
1,10000.0,1,1.0,1,3,1,0,0,0,1,0,1,1,0,0,0,baixo
2,10000.0,15,1.0,1,2,1,0,0,0,1,0,0,0,0,1,0,medio_baixo
2,0.0,0,0.0,0,0,1,0,0,0,0,0,0,0,0,0,0,gratuito
3,10000.0,1,1.0,2,3,1,0,0,0,1,1,1,0,0,0,0,alto
5,10000.0,11,0.5454545454545454,1,2,1,0,0,0,1,1,0,0,0,0,0,baixo
3,0.0,0,0.0,2,3,1,0,0,0,0,1,0,1,0,1,0,gratuito
1,0.0,0,0.0,1,1,1,0,0,0,0,0,0,0,0,0,1,alto
8,10000.0,2,1.0,2,4,1,0,0,0,1,0,1,0,1,0,0,alto
3,10000.0,77,0.7012987012987013,2,4,1,0,1,0,1,1,0,0,1,0,0,medio_alto
18,350000.0,3530,0.8362606232294617,4,2,1,0,0,0,0,1,1,0,0,0,0,medio_baixo
2,10000.0,19,0.8947368421052632,9,3,1,1,1,0,1,1,1,0,0,0,0,alto
7,10000.0,15,0.8,1,2,1,0,0,0,0,0,1,1,0,0,0,medio_alto
7,10000.0,34,0.6764705882352942,3,2,1,0,0,1,1,0,1,0,0,0,0,gratuito
3,10000.0,63,0.9206349206349206,4,3,1,0,0,0,1,0,1,1,0,0,0,medio_baixo
4,10000.0,84,0.7261904761904762,1,3,1,0,1,0,1,0,0,0,1,1,0,medio_baixo
5,10000.0,6,0.5,1,1,1,0,0,0,0,0,0,1,0,0,0,medio_baixo
4,10000.0,15,0.9333333333333333,2,3,1,0,0,0,1,0,0,1,0,1,0,medio_alto
2,10000.0,0,0.0,20,3,1,0,0,0,1,1,0,1,0,0,0,medio_baixo
12,150000.0,315,0.44761904761904764,1,2,1,0,0,1,1,1,0,0,0,0,0,baixo
2,10000.0,192,0.8645833333333334,18,4,1,0,0,0,1,0,0,1,0,0,1,alto
5,750000.0,5557,0.7093755623537881,6,1,1,0,0,5,0,1,0,0,0,0,0,medio_baixo
2,10000.0,1,0.0,2,4,1,0,0,0,1,1,1,0,0,1,0,medio_alto
1,0.0,0,0.0,103,4,1,0,0,0,1,1,1,1,0,0,0,baixo
10,10000.0,276,0.8695652173913043,1,3,1,0,0,0,1,0,0,1,0,0,1,medio_alto
1,0.0,0,0.0,103,2,1,0,0,0,0,1,0,1,0,0,0,medio_alto
1,10000.0,0,0.0,12,3,1,0,0,0,0,1,1,0,1,0,0,medio_baixo
1,0.0,0,0.0,1,2,1,0,0,0,1,1,0,0,0,0,0,medio_alto
8,150000.0,1276,0.5564263322884012,1,2,1,0,0,0,1,0,0,1,0,0,0,gratuito
1,0.0,0,0.0,1,2,1,0,0,0,1,0,0,1,0,0,0,medio_baixo
2,10000.0,0,0.0,1,4,1,1,1,6,1,0,0,1,0,0,1,gratuito
3,0.0,0,0.0,0,0,1,0,0,0,0,0,0,0,0,0,0,gratuito
1,0.0,0,0.0,0,0,1,0,0,0,0,0,0,0,0,0,0,gratuito
6,35000.0,16,0.75,29,4,1,0,0,0,1,1,1,1,0,0,0,baixo
8,35000.0,162,0.7160493827160493,9,2,1,1,1,0,0,0,1,1,0,0,0,medio_alto
10,750000.0,4397,0.907664316579486,18,4,1,1,0,0,1,0,0,1,0,1,1,alto
1,0.0,0,0.0,2,2,1,1,0,0,1,1,0,0,0,0,0,alto
1,10000.0,0,0.0,1,3,1,0,0,0,1,0,1,0,0,0,1,medio_alto
8,10000.0,13,0.38461538461538464,3,3,1,1,1,0,1,0,1,0,1,0,0,alto
2,10000.0,4,0.0,1,4,1,0,0,0,1,0,1,1,0,0,1,medio_alto
5,0.0,0,0.0,2,3,1,0,0,0,1,0,1,1,0,0,0,gratuito
6,10000.0,43,0.627906976744186,6,5,1,0,1,0,1,1,0,1,0,0,1,baixo
5,10000.0,5,0.6,4,1,1,0,0,0,0,0,0,1,0,0,0,medio_alto
5,150000.0,16,1.0,8,2,1,0,0,0,0,0,1,1,0,0,0,medio_alto
3,75000.0,19,1.0,2,3,1,0,1,0,1,0,1,1,0,0,0,baixo
11,10000.0,2,0.5,1,1,1,0,0,0,0,0,0,0,0,0,0,alto
6,10000.0,11,0.8181818181818182,1,1,1,0,0,0,0,0,0,0,1,0,0,baixo
2,10000.0,0,0.0,1,3,1,0,0,0,1,0,0,1,0,1,0,baixo
2,10000.0,0,0.0,4,3,1,0,0,0,1,0,1,1,0,0,0,medio_baixo
4,10000.0,17,1.0,1,3,1,0,0,1,1,0,0,0,1,1,0,alto
4,0.0,0,0.0,0,0,1,0,0,0,0,0,0,0,0,0,0,gratuito
1,10000.0,15,0.8666666666666667,17,2,1,0,0,0,0,0,1,1,0,0,0,alto
2,75000.0,15,0.4666666666666667,7,4,1,0,0,0,1,1,0,1,0,0,1,medio_baixo
9,35000.0,88,0.4772727272727273,7,3,1,0,0,0,0,0,0,0,0,1,1,gratuito
12,35000.0,60,0.7166666666666667,1,1,1,0,0,0,0,0,0,1,0,0,0,baixo
6,10000.0,38,0.9473684210526315,1,3,1,0,0,0,1,0,1,0,1,0,0,baixo
5,10000.0,68,0.7794117647058824,6,5,1,1,0,0,1,0,1,0,1,0,1,alto
2,10000.0,4,0.75,1,3,1,0,0,0,1,1,0,1,0,0,0,baixo
4,0.0,0,0.0,1,5,1,0,0,0,1,1,1,0,0,0,0,gratuito
9,10000.0,41,0.7804878048780488,1,3,1,0,0,0,1,1,0,0,0,0,0,gratuito
6,10000.0,36,0.75,1,1,1,0,0,1,1,0,0,0,0,0,0,baixo
5,10000.0,8,1.0,1,3,1,0,0,0,1,0,1,1,0,0,0,baixo
1,0.0,0,0.0,8,2,1,0,0,1,1,0,1,0,0,0,0,alto
2,0.0,0,0.0,7,3,1,0,0,0,0,0,0,1,0,0,1,gratuito
8,10000.0,0,0.0,1,3,1,0,0,0,1,1,0,1,0,0,0,alto
1,0.0,0,0.0,2,2,1,0,0,0,0,0,1,0,0,0,0,gratuito
2,10000.0,10,0.7,1,2,1,0,0,0,1,0,0,1,0,0,0,medio_baixo
4,10000.0,153,0.8496732026143791,12,3,1,1,1,4,1,1,0,1,0,0,0,medio_baixo
1,35000.0,13,0.9230769230769231,1,3,1,0,0,0,1,0,0,1,1,0,0,medio_alto
2,10000.0,4,0.75,2,4,1,0,0,0,0,1,1,1,1,0,0,medio_alto
3,10000.0,3,0.6666666666666666,3,5,1,0,0,0,1,0,0,0,1,1,1,medio_alto
4,10000.0,15,0.8666666666666667,1,4,1,0,0,0,1,1,1,0,0,0,0,gratuito
6,35000.0,11,0.9090909090909091,1,3,1,1,1,0,1,1,0,0,0,0,0,alto
6,35000.0,17,0.5882352941176471,1,6,1,0,0,0,1,0,1,1,1,1,1,baixo
7,35000.0,87,0.7126436781609196,1,1,1,0,0,1,0,0,0,0,0,0,0,gratuito
1,10000.0,19,0.8947368421052632,1,5,1,0,0,1,1,1,1,1,1,0,0,medio_alto
1,10000.0,0,0.0,6,1,1,0,0,0,0,0,0,0,0,0,1,medio_alto
2,10000.0,0,0.0,1,1,1,0,0,0,0,0,0,1,0,0,0,baixo
8,10000.0,15,0.06666666666666667,3,2,1,0,0,0,1,0,0,0,0,0,0,baixo
7,10000.0,13,0.46153846153846156,2,4,1,0,0,0,1,0,0,0,0,1,1,gratuito
5,10000.0,21,1.0,1,3,1,0,0,0,1,1,1,0,0,0,0,baixo
5,10000.0,10,1.0,1,2,1,0,0,1,1,0,0,1,0,0,0,baixo
7,10000.0,2,1.0,2,2,1,1,1,0,1,0,0,1,0,0,0,medio_baixo
1,35000.0,20,0.8,1,2,1,0,0,0,1,1,0,0,0,0,0,medio_baixo
9,10000.0,160,0.60625,6,2,1,0,0,0,0,0,0,0,0,0,0,gratuito
4,35000.0,2,1.0,1,3,1,0,0,0,1,1,0,0,0,1,0,baixo
1,0.0,0,0.0,1,4,1,0,0,0,0,0,0,1,0,1,1,medio_alto
1,10000.0,33,0.696969696969697,2,4,1,1,0,0,1,1,1,0,1,0,0,medio_baixo
1,0.0,0,0.0,0,0,1,0,0,0,0,0,0,0,0,0,0,gratuito
9,10000.0,9,0.8888888888888888,1,2,1,1,0,0,0,0,1,1,0,0,0,gratuito
1,10000.0,2,1.0,12,4,1,0,0,0,1,1,1,1,0,0,0,medio_baixo
2,10000.0,3,0.6666666666666666,4,2,1,0,0,1,0,0,1,1,0,0,0,medio_baixo
4,10000.0,1,1.0,1,5,1,0,0,0,1,1,1,1,0,1,0,baixo
7,10000.0,0,0.0,3,3,1,0,0,0,1,1,1,0,0,0,0,alto
9,10000.0,31,0.8064516129032258,2,5,1,0,0,0,1,0,1,1,1,1,0,medio_alto
2,10000.0,20,0.8,7,4,1,0,0,0,1,1,1,1,0,0,0,medio_alto
2,0.0,0,0.0,0,0,1,0,0,0,0,0,0,0,0,0,0,gratuito
1,0.0,0,0.0,18,3,1,0,0,0,1,0,0,1,0,0,1,alto
6,10000.0,9,0.3333333333333333,8,3,1,0,0,0,1,1,1,0,0,0,0,medio_alto
1,0.0,0,0.0,1,4,1,0,0,0,1,0,1,0,0,0,0,gratuito
1,0.0,0,0.0,0,0,1,0,0,0,0,0,0,0,0,0,0,gratuito
6,10000.0,67,0.47761194029850745,16,2,1,0,0,0,0,0,0,1,0,0,1,baixo
1,10000.0,0,0.0,8,1,1,0,0,0,0,0,0,0,1,0,0,alto
2,10000.0,6,1.0,1,3,1,0,0,0,1,1,1,0,0,0,0,baixo
3,10000.0,20,0.85,1,2,1,1,1,0,1,0,0,1,0,0,0,medio_alto
2,0.0,0,0.0,0,0,1,0,0,0,0,0,0,0,0,0,0,gratuito
5,10000.0,1,1.0,9,3,1,1,1,1,1,1,0,0,0,0,0,alto
8,10000.0,10,0.7,2,2,1,1,0,0,0,0,0,1,0,0,1,medio_alto
6,10000.0,0,0.0,2,3,1,0,0,0,1,0,1,1,0,0,0,baixo
4,10000.0,51,1.0,2,4,1,0,0,0,0,1,1,0,1,1,0,alto
3,10000.0,60,0.6,1,3,1,0,0,1,1,0,1,0,1,0,0,medio_baixo
1,10000.0,8,0.875,2,2,1,0,0,0,1,0,0,0,0,0,0,alto
2,10000.0,8,0.625,3,3,1,0,0,0,0,0,0,1,0,0,1,baixo
6,150000.0,2012,0.8011928429423459,1,3,1,1,0,0,1,1,0,0,0,0,0,gratuito
12,750000.0,2208,0.6838768115942029,1,4,1,0,0,0,1,0,0,1,0,0,0,gratuito
4,35000.0,375,0.88,3,2,1,1,1,1,1,0,1,0,0,0,0,alto
12,35000.0,135,0.8148148148148148,1,2,1,1,0,0,0,1,0,0,0,0,0,gratuito
10,10000.0,10,0.7,2,4,1,0,0,0,1,1,0,0,0,0,0,alto
5,10000.0,3,1.0,1,4,1,0,0,0,1,1,1,1,0,0,0,medio_baixo
10,10000.0,11,0.9090909090909091,1,2,1,0,0,0,1,1,0,0,0,0,0,gratuito
1,0.0,0,0.0,0,0,1,0,0,0,0,0,0,0,0,0,0,gratuito
11,10000.0,376548,0.8296339377715457,16,2,1,0,0,9,0,1,0,0,0,0,0,gratuito
4,10000.0,1,1.0,3,3,1,0,0,0,1,0,1,0,0,1,0,alto
2,75000.0,869,0.7180667433831991,12,3,1,0,0,0,1,1,1,0,0,0,0,medio_baixo
1,150000.0,5,0.0,3,4,1,0,0,0,1,0,1,0,1,0,1,baixo
3,0.0,0,0.0,0,0,1,0,0,0,0,0,0,0,0,0,0,gratuito
8,10000.0,13,0.8461538461538461,1,2,1,0,0,0,1,0,0,0,0,1,0,alto
5,350000.0,1370,0.9401459854014599,6,2,1,0,0,0,0,1,1,0,0,0,0,medio_alto
3,10000.0,3,1.0,1,3,1,0,0,0,1,0,1,0,1,0,0,medio_baixo
2,0.0,0,0.0,1,6,1,0,0,0,1,1,1,0,1,1,0,gratuito
3,0.0,0,0.0,8,4,1,0,0,0,1,0,1,1,0,0,0,gratuito
1,0.0,0,0.0,0,0,1,0,0,0,0,0,0,0,0,0,0,gratuito
6,10000.0,1,0.0,1,2,1,0,0,0,0,0,1,0,0,0,1,alto
1,0.0,0,0.0,1,7,1,0,0,0,1,1,1,1,1,1,1,baixo
3,0.0,0,0.0,0,0,1,0,0,0,0,0,0,0,0,0,0,gratuito
2,0.0,0,0.0,1,2,1,0,0,0,0,0,0,0,1,0,0,gratuito
4,10000.0,74,0.8243243243243243,1,2,1,0,0,0,1,1,0,0,0,0,0,medio_baixo
8,10000.0,83,0.40963855421686746,1,5,1,0,0,0,1,1,1,0,0,0,0,baixo
9,35000.0,210,0.7714285714285715,1,3,1,1,0,1,1,1,1,0,0,0,0,alto
3,10000.0,4,0.75,12,4,1,1,1,0,1,1,0,0,0,1,0,alto
8,350000.0,1574,0.923125794155019,5,2,1,1,0,2,1,0,1,0,0,0,0,alto
6,10000.0,18,0.2777777777777778,1,2,1,0,0,0,1,0,1,0,0,0,0,baixo
2,10000.0,3,1.0,5,2,1,1,1,0,1,0,0,1,0,0,0,medio_baixo
10,75000.0,122,0.5655737704918032,2,3,1,0,0,0,1,1,1,0,0,0,0,baixo
8,35000.0,2,0.5,2,3,1,0,0,0,1,0,0,1,0,1,0,medio_baixo
1,0.0,0,0.0,103,4,1,0,0,0,1,0,1,0,0,0,0,gratuito
2,10000.0,0,0.0,1,4,1,0,0,0,1,0,1,1,0,0,1,baixo
8,10000.0,19,0.6842105263157895,3,4,1,0,1,0,1,0,1,1,0,0,0,gratuito
2,0.0,0,0.0,0,0,1,0,0,0,0,0,0,0,0,0,0,gratuito
11,35000.0,171,0.5964912280701754,7,3,1,0,0,1,1,1,1,0,0,0,0,baixo
10,10000.0,32,0.65625,2,5,1,0,0,0,0,0,0,0,0,0,0,gratuito
9,10000.0,27,0.7777777777777778,1,3,1,0,0,0,1,0,0,0,0,1,1,medio_alto
2,10000.0,0,0.0,1,1,1,0,0,0,0,0,1,0,0,0,0,medio_alto
4,10000.0,0,0.0,5,2,1,1,1,3,1,0,0,0,0,0,1,medio_alto
4,10000.0,121,0.7520661157024794,3,3,1,0,0,0,1,0,1,0,1,0,0,alto
8,10000.0,256,0.76953125,27,3,1,0,0,0,1,0,1,1,0,0,0,baixo
8,35000.0,41,0.8780487804878049,1,3,1,0,0,0,1,0,0,1,1,0,0,gratuito
2,10000.0,95,0.9263157894736842,1,3,1,0,0,0,1,0,1,0,1,0,0,medio_alto
2,75000.0,3,0.6666666666666666,11,2,1,0,0,0,1,0,1,0,0,0,0,baixo
1,0.0,0,0.0,0,0,1,0,0,0,0,0,0,0,0,0,0,gratuito
2,0.0,0,0.0,0,0,1,0,0,0,0,0,0,0,0,0,0,gratuito
3,10000.0,5,1.0,1,2,1,0,1,0,1,0,0,0,0,1,0,medio_alto
2,10000.0,1,1.0,16,2,1,0,0,0,0,0,0,0,0,0,1,alto
1,0.0,0,0.0,2,4,1,0,0,0,1,0,1,1,0,0,0,gratuito
10,10000.0,277,0.7111913357400722,1,2,1,1,1,0,1,0,0,0,0,1,0,medio_alto
5,10000.0,5,0.2,1,1,1,0,0,0,0,0,0,0,1,0,0,alto
4,10000.0,74,0.6486486486486487,7,2,1,0,0,0,0,1,1,0,0,0,0,medio_alto
5,0.0,0,0.0,1,7,1,1,1,0,1,1,1,1,1,0,0,gratuito
5,10000.0,1,1.0,2,4,1,0,0,0,1,1,1,1,0,0,0,alto
1,10000.0,0,0.0,1,2,1,0,0,0,1,0,0,0,0,1,0,alto
9,750000.0,9038,0.9048462049125913,6,3,1,1,1,1,1,1,0,0,1,0,0,medio_alto
2,150000.0,4678,0.9008123129542539,20,5,1,0,0,0,1,1,1,0,1,0,0,alto
7,10000.0,11,0.8181818181818182,1,3,1,0,0,0,1,1,0,0,0,0,0,gratuito
11,75000.0,512,0.87109375,6,3,1,1,1,1,1,1,1,0,0,0,0,medio_baixo
5,35000.0,4,1.0,3,3,1,0,0,1,1,1,1,0,0,0,0,medio_alto
2,10000.0,69,0.5797101449275363,6,5,1,0,0,0,1,1,0,1,0,0,1,medio_baixo
4,10000.0,2,1.0,1,5,1,0,0,0,1,0,1,1,1,1,0,baixo
8,10000.0,1,1.0,5,2,1,0,0,0,1,0,0,0,0,0,0,medio_alto
11,350000.0,310,0.635483870967742,1,2,1,0,0,1,1,1,0,0,0,0,0,medio_baixo
1,10000.0,2,1.0,3,4,1,0,0,0,0,0,0,1,1,0,1,baixo
1,10000.0,0,0.0,1,2,1,0,0,0,1,1,0,0,0,0,0,baixo
5,10000.0,419,0.8735083532219571,1,5,1,1,1,0,1,0,0,1,0,1,0,gratuito
4,10000.0,0,0.0,2,2,1,0,1,0,0,0,0,1,0,0,1,medio_baixo
9,150000.0,122,0.7704918032786885,1,2,1,0,0,0,1,1,0,0,0,0,0,baixo
2,10000.0,0,0.0,29,2,1,0,0,0,1,0,0,1,0,0,0,baixo
4,10000.0,1,0.0,2,5,1,0,0,0,1,1,1,1,1,0,0,alto
8,35000.0,68,0.9264705882352942,1,3,1,0,0,0,1,0,1,0,1,0,0,alto
3,10000.0,1,1.0,1,6,1,0,0,0,1,1,1,1,0,1,0,medio_alto
2,10000.0,0,0.0,1,3,1,0,0,0,1,0,1,1,0,0,0,medio_baixo
1,0.0,0,0.0,1,2,1,0,0,0,1,0,1,0,0,0,0,medio_alto
6,150000.0,46,0.6739130434782609,1,2,1,1,0,0,0,0,0,1,0,1,0,baixo
1,0.0,0,0.0,1,2,1,1,1,2,0,0,1,0,0,0,1,alto
5,10000.0,14,0.8571428571428571,1,3,1,1,1,1,1,1,1,0,0,0,0,baixo
4,0.0,0,0.0,1,2,1,0,0,0,0,1,0,1,0,0,0,gratuito
1,10000.0,0,0.0,2,2,1,0,0,0,0,1,0,0,0,0,1,baixo
3,10000.0,27,0.5185185185185185,1,1,1,0,0,0,1,0,0,0,0,0,0,gratuito
2,10000.0,6,0.6666666666666666,3,2,1,1,0,0,0,0,1,1,0,0,0,medio_alto
9,75000.0,1096,0.573905109489051,1,4,1,1,1,0,1,1,1,0,0,0,1,baixo
7,10000.0,8,0.125,3,3,1,0,0,0,1,1,1,0,0,0,0,medio_alto
1,0.0,0,0.0,0,0,1,0,0,0,0,0,0,0,0,0,0,gratuito
1,0.0,0,0.0,1,2,1,0,0,0,0,1,1,0,0,0,0,baixo
3,10000.0,41,0.8048780487804879,11,2,1,0,1,0,1,0,0,0,0,0,1,medio_baixo
5,10000.0,3,1.0,1,2,1,0,1,0,1,0,0,1,0,0,0,gratuito
2,35000.0,781,0.8117797695262484,9,4,1,0,0,1,1,1,1,0,1,0,0,alto
9,10000.0,59,0.5932203389830508,2,4,1,0,0,0,0,1,1,0,0,0,0,baixo
3,10000.0,9,1.0,1,2,1,1,0,0,0,1,1,0,0,0,0,alto
3,10000.0,46,0.8695652173913043,3,4,1,0,0,0,1,1,1,0,1,0,0,medio_alto
3,0.0,0,0.0,6,1,1,0,0,6,1,0,0,0,0,0,0,gratuito
4,10000.0,2,1.0,1,2,1,0,0,0,1,1,0,0,0,0,0,medio_baixo
4,10000.0,18,0.9444444444444444,2,3,1,0,0,0,1,1,0,0,1,0,0,medio_baixo
10,35000.0,129,0.6744186046511628,1,3,1,0,0,0,1,0,1,0,0,0,0,gratuito
5,10000.0,131,0.8244274809160306,4,3,1,1,0,0,0,0,0,1,0,1,1,medio_baixo
3,10000.0,5,1.0,1,3,1,0,0,0,0,1,1,0,0,0,1,baixo
2,10000.0,23,0.7391304347826086,4,6,1,0,0,0,1,1,1,1,0,0,0,medio_alto
1,10000.0,0,0.0,1,3,1,0,0,0,1,0,0,0,0,0,1,baixo
1,0.0,0,0.0,1,3,1,0,0,0,1,1,1,0,0,0,0,baixo
10,150000.0,963,0.9470404984423676,5,1,1,0,0,1,0,1,0,0,0,0,0,baixo
4,10000.0,1,0.0,1,2,1,0,1,0,1,0,0,1,0,0,0,medio_alto
10,150000.0,185,0.5891891891891892,1,3,1,0,0,1,1,0,0,1,1,0,0,medio_baixo
4,10000.0,8,0.875,1,1,1,1,1,1,0,0,0,0,1,0,0,medio_baixo
5,10000.0,267,0.9700374531835206,1,2,1,1,1,1,1,0,1,0,0,0,0,medio_baixo
1,0.0,0,0.0,1,5,1,0,0,0,1,0,1,0,1,0,0,gratuito
1,0.0,0,0.0,2,4,1,0,0,0,1,1,0,0,1,1,0,alto
1,10000.0,0,0.0,2,1,1,0,0,0,0,0,1,0,0,0,0,medio_alto
1,0.0,0,0.0,1,3,1,0,0,0,0,1,0,0,0,0,0,gratuito
6,750000.0,21868,0.9600786537406256,6,1,1,0,0,2,0,0,0,0,0,1,0,alto
10,75000.0,433,0.9006928406466512,1,1,1,1,0,0,1,0,0,0,0,0,0,gratuito
18,350000.0,2442,0.8783783783783784,2,1,1,0,0,0,0,0,0,0,0,0,1,medio_baixo
4,10000.0,16,0.8125,1,3,1,0,0,0,1,0,1,0,0,0,1,medio_alto
6,10000.0,10,0.3,1,2,1,0,0,0,1,0,1,0,0,0,0,medio_baixo
3,0.0,0,0.0,13,5,1,0,0,0,1,0,1,1,0,0,1,gratuito
6,10000.0,25,0.64,5,2,1,0,0,0,0,0,0,0,0,0,1,medio_baixo
9,10000.0,5,1.0,1,2,1,0,0,0,0,0,0,0,0,0,0,alto
7,75000.0,678,0.8849557522123894,11,3,1,0,0,1,1,1,0,1,0,0,0,alto
9,10000.0,28,0.8571428571428571,1,3,1,1,1,0,1,1,0,1,0,0,0,medio_alto
1,0.0,0,0.0,0,0,1,0,0,0,0,0,0,0,0,0,0,gratuito
7,10000.0,79,0.6962025316455697,16,2,1,1,0,0,1,0,0,0,0,0,1,medio_alto
5,35000.0,583,0.6946826758147513,8,4,1,0,0,0,1,0,1,1,1,0,0,medio_baixo
1,10000.0,4,1.0,1,2,1,0,0,0,1,0,0,1,0,0,0,baixo
5,10000.0,3,0.6666666666666666,29,2,1,0,0,0,1,0,1,0,0,0,0,baixo
1,0.0,0,0.0,1,3,1,0,0,0,1,1,0,0,0,1,0,medio_alto
6,10000.0,41,0.6585365853658537,3,4,1,0,0,0,1,1,0,1,0,0,0,medio_baixo
5,10000.0,4,0.25,1,2,1,0,0,0,1,0,0,1,0,0,0,baixo
8,10000.0,8,0.75,1,2,1,0,0,0,1,0,0,1,0,0,0,medio_alto
6,10000.0,73,0.3561643835616438,1,8,1,0,0,1,1,0,0,1,1,1,1,medio_baixo
3,10000.0,257,0.8054474708171206,2,3,1,0,0,0,1,0,0,1,0,0,0,baixo
7,10000.0,2,1.0,1,2,1,0,0,0,1,0,0,1,0,0,0,medio_baixo
4,10000.0,0,0.0,1,3,1,0,0,0,0,0,1,1,0,0,1,medio_alto
13,350000.0,1795,0.7704735376044568,8,2,1,1,0,0,1,0,1,0,0,0,0,baixo
9,10000.0,23,0.8695652173913043,1,3,1,0,0,0,0,0,0,1,0,0,0,gratuito
3,10000.0,1,1.0,1,2,1,0,0,0,0,0,1,1,0,0,0,medio_baixo
7,35000.0,98,0.8775510204081632,1,6,1,1,1,0,1,1,0,0,1,1,1,alto
8,10000.0,15,0.7333333333333333,1,4,1,0,0,0,1,0,1,0,0,0,0,alto
1,10000.0,9,1.0,2,3,1,0,0,0,1,0,1,0,1,0,0,baixo
2,10000.0,0,0.0,1,1,1,0,1,0,0,0,0,1,0,0,0,medio_alto
1,0.0,0,0.0,2,5,1,0,0,0,1,1,0,1,0,1,0,gratuito
9,75000.0,2877,0.967327076816128,7,2,1,0,1,0,1,1,0,0,0,0,0,alto
6,35000.0,27,0.48148148148148145,1,3,1,0,0,0,0,1,1,0,0,1,0,medio_baixo
4,0.0,0,0.0,0,0,1,0,0,0,0,0,0,0,0,0,0,gratuito
6,10000.0,21,0.9523809523809523,1,3,1,0,1,0,1,1,1,0,0,0,0,alto
4,0.0,0,0.0,0,0,1,0,0,0,0,0,0,0,0,0,0,gratuito
1,35000.0,30,0.8333333333333334,8,4,1,0,0,0,1,1,0,0,1,1,0,alto
5,35000.0,152,0.756578947368421,3,4,1,0,0,0,1,1,1,0,1,0,0,alto
11,10000.0,36,0.3055555555555556,1,3,1,1,1,0,1,1,1,0,0,0,0,alto
4,350000.0,2076,0.9696531791907514,1,2,1,0,0,0,1,1,0,0,0,0,0,alto
3,10000.0,89,0.7303370786516854,2,3,1,0,0,0,1,0,1,0,0,1,0,medio_alto
4,10000.0,51,0.8823529411764706,29,1,1,0,0,0,0,0,0,1,0,0,0,baixo
1,10000.0,1,0.0,1,3,1,0,0,0,0,0,0,1,0,0,0,alto
1,10000.0,0,0.0,1,2,1,0,0,0,1,0,1,0,0,0,0,alto
1,0.0,0,0.0,2,3,1,0,0,0,0,0,1,1,0,0,0,gratuito
3,10000.0,2,1.0,1,2,1,0,0,0,0,0,1,0,1,0,0,medio_baixo
6,10000.0,265,0.8679245283018868,1,3,1,0,0,0,1,1,0,1,0,0,0,baixo
4,35000.0,2,1.0,3,1,1,0,0,0,1,0,0,0,0,0,0,medio_baixo
7,35000.0,190,0.8736842105263158,9,2,1,1,1,0,0,0,1,1,0,0,0,medio_alto
8,35000.0,693,0.8311688311688312,1,4,1,0,0,1,1,1,0,0,0,0,0,medio_alto
2,150000.0,1775,0.92,1,2,1,0,0,0,1,1,0,0,0,0,0,alto
1,0.0,0,0.0,1,4,1,0,0,0,1,0,0,0,0,1,1,gratuito
1,10000.0,29,0.7931034482758621,2,2,1,0,0,0,0,0,0,0,0,0,1,medio_alto
5,10000.0,28,0.8214285714285714,2,4,1,0,0,0,1,0,1,0,0,0,1,alto
1,0.0,0,0.0,2,5,1,0,0,0,0,0,1,0,1,1,1,gratuito
3,35000.0,4,0.75,1,1,1,0,0,0,0,0,1,0,0,0,0,alto
8,10000.0,2,0.5,1,3,1,0,0,0,1,0,1,1,0,0,0,medio_alto
6,10000.0,2,1.0,1,3,1,0,0,0,1,1,0,1,0,0,0,medio_alto
3,10000.0,1,1.0,2,2,1,0,0,0,1,1,0,0,0,0,0,baixo
1,75000.0,8,0.75,27,3,1,0,1,0,1,0,1,0,0,0,1,baixo
4,0.0,0,0.0,1,3,1,0,0,1,0,0,0,0,0,0,1,gratuito
6,10000.0,7,0.5714285714285714,15,1,1,0,0,0,0,0,0,1,0,0,0,medio_baixo
7,10000.0,145,0.7793103448275862,1,1,1,0,0,0,0,1,0,0,0,0,0,gratuito
5,3500000.0,36658,0.9518522559877789,9,2,1,1,0,0,1,1,0,0,0,0,0,medio_baixo
2,0.0,0,0.0,12,2,1,0,0,0,0,1,0,0,0,0,1,gratuito
4,10000.0,0,0.0,1,4,1,0,0,0,1,0,1,1,0,0,0,medio_baixo
1,10000.0,0,0.0,27,2,1,1,1,0,1,0,0,0,0,0,1,baixo
7,10000.0,8,0.625,2,5,1,0,0,0,1,0,0,1,0,1,0,medio_baixo
7,75000.0,274,0.656934306569343,3,5,1,0,0,0,1,1,0,0,0,0,0,gratuito
1,10000.0,0,0.0,1,3,1,0,0,0,1,1,1,0,0,0,0,alto
3,0.0,0,0.0,103,2,1,0,0,0,1,0,0,1,0,0,0,baixo
1,10000.0,15,1.0,2,3,1,0,0,1,1,1,0,1,0,0,0,baixo
2,0.0,0,0.0,0,0,1,0,0,0,0,0,0,0,0,0,0,gratuito
4,10000.0,28,0.6785714285714286,3,5,1,0,0,0,1,1,1,0,1,0,0,alto
4,0.0,0,0.0,1,2,1,0,0,0,1,0,1,0,0,0,0,gratuito
4,10000.0,19,0.7368421052631579,1,4,1,0,0,0,1,0,1,1,0,0,0,alto
10,10000.0,3,1.0,1,2,1,0,0,0,1,0,0,1,0,0,0,medio_baixo
5,10000.0,44,0.6818181818181818,1,2,1,0,0,0,0,0,0,0,0,0,0,alto
2,10000.0,5,1.0,2,1,1,0,0,0,0,0,0,1,0,0,0,baixo
2,10000.0,47,0.8723404255319149,9,3,1,1,1,0,1,0,0,1,0,0,1,medio_baixo
1,0.0,0,0.0,0,0,1,0,0,0,0,0,0,0,0,0,0,gratuito
13,350000.0,2940,0.9768707482993197,9,2,1,0,0,0,0,0,1,1,0,0,0,gratuito
1,0.0,0,0.0,103,1,1,0,0,0,0,0,0,1,0,0,0,medio_baixo
11,10000.0,34,0.7941176470588235,1,2,1,0,0,0,0,0,1,1,0,0,0,medio_alto
1,0.0,0,0.0,1,4,1,0,0,0,1,0,0,1,0,0,1,gratuito
8,350000.0,2801,0.9375223134594788,1,3,1,1,1,1,1,0,0,1,0,1,0,alto
5,10000.0,1,0.0,1,2,1,0,0,0,0,1,1,0,0,0,0,medio_baixo
2,10000.0,8,1.0,1,1,1,1,0,0,0,0,1,0,0,0,0,medio_baixo
3,10000.0,128,0.890625,2,1,1,0,0,0,0,0,0,1,0,0,0,medio_baixo
7,10000.0,8,0.75,3,1,1,0,0,1,1,0,0,0,0,0,0,medio_baixo
1,0.0,0,0.0,0,0,1,0,0,0,0,0,0,0,0,0,0,gratuito
4,35000.0,22,0.9545454545454546,1,4,1,1,1,1,1,1,1,0,1,0,0,medio_alto
1,0.0,0,0.0,1,2,1,0,0,0,0,0,1,0,0,0,0,gratuito
3,10000.0,35,1.0,1,4,1,0,0,1,1,0,0,0,1,0,1,gratuito
3,10000.0,0,0.0,5,1,1,1,1,0,0,0,0,1,0,0,0,baixo
2,10000.0,0,0.0,10,3,1,0,0,0,1,0,1,1,0,0,0,medio_baixo
3,10000.0,0,0.0,1,1,1,0,0,0,0,0,1,0,0,0,0,medio_baixo
2,10000.0,105,0.9904761904761905,1,2,1,1,1,0,1,0,0,1,0,0,0,alto
2,35000.0,1,1.0,2,4,1,0,0,0,1,1,1,1,0,0,0,alto
6,75000.0,96,0.5104166666666666,1,4,1,0,1,1,1,1,1,0,1,0,0,medio_baixo
2,0.0,0,0.0,0,0,1,0,0,0,0,0,0,0,0,0,0,gratuito
11,150000.0,608,0.9111842105263158,6,2,1,0,0,2,0,1,0,1,0,0,0,medio_baixo
6,10000.0,14,0.7857142857142857,2,3,1,0,0,0,0,1,1,1,0,0,0,baixo
5,10000.0,1,1.0,1,1,1,0,0,0,0,0,0,0,0,0,0,medio_baixo
6,10000.0,36,0.9444444444444444,1,2,1,0,0,0,0,1,1,0,0,0,0,medio_baixo
9,35000.0,336,0.8422619047619048,1,5,1,0,0,0,1,1,1,0,1,0,0,alto
3,35000.0,1,1.0,2,2,1,0,0,0,0,1,0,1,0,0,0,medio_baixo
4,10000.0,31,0.7419354838709677,1,4,1,0,0,0,1,1,1,0,1,0,0,baixo
1,10000.0,0,0.0,1,3,1,0,0,0,0,1,1,0,0,0,0,baixo
18,35000.0,34,0.7647058823529411,1,1,1,0,0,0,0,0,0,1,0,0,0,medio_baixo
2,35000.0,714,0.9299719887955182,4,2,1,0,0,0,1,0,0,1,0,0,0,medio_alto
3,10000.0,3,0.6666666666666666,1,4,1,0,1,0,1,0,1,1,1,0,0,alto
1,10000.0,22,1.0,10,3,1,0,0,0,1,1,1,0,0,0,0,medio_alto
8,10000.0,53,0.8301886792452831,2,2,1,1,1,1,1,0,0,1,0,0,0,medio_baixo
4,350000.0,4386,0.9901960784313726,11,2,1,0,0,0,1,0,1,0,0,0,0,alto
3,10000.0,515,0.9475728155339805,1,3,1,0,0,6,1,0,0,1,0,0,1,alto
6,10000.0,13,0.46153846153846156,1,1,1,0,0,0,0,1,0,0,0,0,0,baixo
3,10000.0,0,0.0,1,6,1,0,0,0,1,1,0,1,0,0,1,medio_baixo
1,10000.0,0,0.0,10,1,1,1,0,0,0,0,0,1,0,0,0,medio_alto
5,10000.0,9,0.5555555555555556,1,3,1,0,0,0,1,1,0,0,0,0,0,baixo
2,10000.0,12,1.0,2,2,1,0,1,2,1,0,0,1,0,0,0,medio_baixo
5,35000.0,1,1.0,1,2,1,0,0,0,1,1,0,0,0,0,0,medio_baixo
10,10000.0,57,0.45614035087719296,1,3,1,0,0,0,1,0,1,0,1,0,0,medio_baixo
6,10000.0,90,0.5666666666666667,2,2,1,0,0,0,1,1,0,0,0,0,0,baixo
2,10000.0,7,1.0,9,1,1,0,0,0,0,0,0,1,0,0,0,baixo
1,0.0,0,0.0,1,2,1,0,0,0,0,0,0,1,0,0,0,gratuito
4,0.0,0,0.0,0,0,1,0,0,0,0,0,0,0,0,0,0,gratuito
2,75000.0,1904,0.9774159663865546,11,1,1,0,0,0,0,0,1,0,0,0,0,alto
2,35000.0,26,0.8461538461538461,2,3,1,0,0,0,1,1,1,0,0,0,0,alto
1,10000.0,0,0.0,10,2,1,0,0,0,0,0,0,1,0,0,1,medio_baixo
2,0.0,0,0.0,103,4,1,1,1,0,1,1,1,1,0,0,0,medio_baixo
2,35000.0,1,1.0,2,2,1,0,0,0,1,0,0,0,0,0,0,baixo
1,10000.0,0,0.0,13,4,1,0,0,0,1,0,0,0,1,0,1,alto
6,35000.0,21,0.8095238095238095,2,4,1,0,0,0,1,1,0,0,0,1,1,baixo
3,0.0,0,0.0,1,4,1,0,0,0,1,0,0,1,0,0,0,gratuito
1,0.0,0,0.0,1,5,1,0,0,0,1,1,1,1,0,0,0,gratuito
2,10000.0,12,0.8333333333333334,4,1,1,0,0,0,0,0,0,0,0,0,1,alto
10,10000.0,8,1.0,1,2,1,0,0,0,0,0,1,1,0,0,0,medio_alto
4,10000.0,11,0.8181818181818182,1,2,1,0,0,0,0,0,1,1,0,0,0,medio_alto
16,15000000.0,204265,0.9581866692776541,10,1,1,1,1,15,0,0,0,0,0,1,0,alto
4,0.0,0,0.0,1,1,1,1,1,0,0,0,0,0,0,0,1,gratuito
9,10000.0,10,0.5,2,2,1,0,0,0,0,1,1,0,0,0,0,medio_baixo
4,10000.0,18,1.0,3,1,1,0,0,0,1,0,0,0,0,0,0,baixo
1,0.0,0,0.0,0,0,1,0,0,0,0,0,0,0,0,0,0,gratuito
1,10000.0,0,0.0,1,1,1,1,1,0,0,0,0,1,0,0,0,baixo
11,75000.0,158,0.6075949367088608,4,2,1,1,1,0,0,0,1,0,1,0,0,baixo
10,10000.0,11,1.0,4,4,1,1,0,0,1,1,1,1,0,0,0,alto
2,10000.0,6,0.8333333333333334,8,2,1,0,0,0,1,0,0,1,0,0,0,medio_baixo
2,10000.0,38,0.9210526315789473,1,5,1,0,0,0,1,1,1,1,1,0,0,medio_alto
4,0.0,0,0.0,0,0,1,0,0,0,0,0,0,0,0,0,0,gratuito
1,0.0,0,0.0,1,1,1,0,0,0,0,0,0,0,0,0,0,baixo
11,350000.0,3960,0.9411616161616162,9,3,1,1,1,2,1,1,0,0,0,1,0,alto
1,10000.0,1,1.0,1,3,1,1,0,0,1,1,1,0,0,0,0,medio_baixo
8,75000.0,276,0.8369565217391305,1,1,1,1,1,0,0,0,0,0,0,1,0,gratuito
4,10000.0,28,0.9642857142857143,1,5,1,0,0,0,1,1,0,1,0,0,1,medio_alto
1,10000.0,3,1.0,1,3,1,0,0,0,1,0,1,1,0,0,0,medio_alto
7,35000.0,92,0.5978260869565217,7,4,1,0,0,0,0,0,0,0,0,0,0,medio_baixo
4,10000.0,8,0.875,1,4,1,0,1,0,1,1,1,1,0,0,0,baixo
6,10000.0,7,0.8571428571428571,2,3,1,0,0,0,1,1,1,0,0,0,0,baixo
1,10000.0,0,0.0,1,4,1,1,0,0,1,1,1,1,0,0,0,alto
10,10000.0,40,0.775,1,5,1,0,0,0,1,1,0,0,0,0,1,alto
1,0.0,0,0.0,0,0,1,0,0,0,0,0,0,0,0,0,0,gratuito
4,10000.0,1,1.0,1,2,1,0,0,0,0,1,1,0,0,0,0,medio_alto
1,10000.0,0,0.0,1,3,1,0,0,0,1,0,0,1,0,0,0,medio_alto
7,10000.0,0,0.0,29,5,1,1,0,1,1,0,0,1,1,1,1,baixo
2,10000.0,19,0.9473684210526315,10,2,1,0,0,0,0,0,1,1,0,0,0,baixo
1,0.0,0,0.0,0,0,1,0,0,0,0,0,0,0,0,0,0,gratuito
2,10000.0,430,0.9186046511627907,1,3,1,0,0,0,0,0,0,1,1,0,1,medio_alto
4,0.0,0,0.0,1,2,1,0,0,0,1,0,0,1,0,0,0,gratuito
3,10000.0,2,1.0,1,4,1,1,1,0,1,1,1,1,0,0,0,baixo
9,10000.0,0,0.0,7,2,1,1,1,0,1,0,0,1,0,0,0,medio_baixo
5,10000.0,5,1.0,1,3,1,0,0,0,1,0,1,1,0,0,0,medio_alto
7,10000.0,42,0.8571428571428571,5,2,1,1,1,0,1,0,1,0,0,0,0,medio_alto
7,10000.0,0,0.0,2,3,1,0,0,0,1,1,1,0,0,0,0,medio_baixo
8,10000.0,11,0.8181818181818182,4,1,1,1,0,0,0,0,0,1,0,0,0,medio_alto
4,750000.0,2677,0.7538289129622712,6,5,1,0,0,168,1,0,0,1,0,1,1,gratuito
1,10000.0,42,1.0,6,4,1,0,0,0,1,0,0,1,1,0,1,alto
2,0.0,0,0.0,0,0,1,0,0,0,0,0,0,0,0,0,0,gratuito
4,10000.0,120,0.5083333333333333,4,3,1,0,0,0,1,0,0,0,0,1,1,medio_alto
10,10000.0,15,0.8666666666666667,1,3,1,0,0,1,1,0,0,0,0,1,1,medio_alto
2,10000.0,4,1.0,15,4,1,0,0,0,1,1,1,1,0,0,0,baixo
7,10000.0,454,0.8920704845814978,5,3,1,1,0,0,1,1,0,0,0,1,0,alto
3,0.0,0,0.0,0,0,1,0,0,0,0,0,0,0,0,0,0,gratuito
8,10000.0,18,0.6111111111111112,1,2,1,0,0,0,1,1,0,0,0,0,0,baixo
4,10000.0,0,0.0,23,4,1,1,1,1,1,0,0,1,1,0,1,alto
1,10000.0,0,0.0,17,4,1,0,0,0,1,1,1,0,1,0,0,medio_baixo
6,10000.0,17,0.8235294117647058,1,3,1,1,1,0,1,0,1,1,0,0,0,baixo
4,10000.0,4,0.75,1,4,1,0,0,0,1,1,1,1,0,0,0,medio_alto
2,10000.0,0,0.0,12,2,1,0,0,0,0,0,0,0,1,0,0,medio_alto
2,0.0,0,0.0,30,4,1,1,1,0,1,0,1,1,0,0,1,medio_alto
10,150000.0,816,0.9301470588235294,9,2,1,1,1,0,0,0,1,1,0,0,0,medio_baixo
10,75000.0,730,0.9301369863013699,1,2,1,0,0,0,0,1,0,0,1,0,0,medio_alto
1,0.0,0,0.0,10,2,1,0,0,0,0,1,1,0,0,0,0,baixo
5,35000.0,172,0.9186046511627907,2,1,1,0,0,0,1,0,0,0,0,0,0,gratuito
17,75000.0,544,0.9301470588235294,1,1,1,0,0,0,0,1,0,0,0,0,0,alto
2,10000.0,4,1.0,10,3,1,0,1,0,1,0,1,0,0,1,0,baixo
2,10000.0,0,0.0,4,3,1,0,0,0,1,0,1,0,1,0,0,alto
3,0.0,0,0.0,103,2,1,0,0,0,1,0,0,1,0,0,0,baixo
5,10000.0,16,0.8125,103,3,1,0,0,0,1,0,0,1,0,0,1,baixo
4,350000.0,6873,0.8008147824821766,4,3,1,1,1,3,1,0,1,1,0,0,0,medio_alto
3,10000.0,6,0.8333333333333334,1,3,1,0,0,0,1,1,1,0,0,0,0,medio_alto
15,350000.0,2860,0.6702797202797203,5,2,1,0,0,0,0,0,1,0,0,0,1,medio_alto
2,150000.0,2680,0.8619402985074627,8,3,1,0,0,0,1,0,1,1,0,0,0,medio_alto
8,10000.0,14,0.5714285714285714,1,3,1,0,0,0,1,1,0,0,0,0,0,medio_baixo
1,0.0,0,0.0,11,2,1,0,0,0,0,0,0,1,0,0,1,medio_alto
10,10000.0,18,0.9444444444444444,1,3,1,1,1,0,1,1,0,0,0,0,0,alto
9,10000.0,20,0.9,1,2,1,0,0,0,0,0,0,0,0,0,0,gratuito
4,10000.0,34,0.5294117647058824,1,4,1,0,0,0,1,1,1,0,0,0,0,alto
4,10000.0,12,1.0,103,4,1,1,0,0,1,0,1,1,0,0,1,baixo
7,10000.0,23,0.6521739130434783,1,6,1,0,1,0,1,1,1,1,1,0,0,gratuito
10,35000.0,58,0.896551724137931,1,4,1,0,0,0,1,1,1,0,0,0,0,gratuito
8,10000.0,126,0.9206349206349206,1,2,1,0,0,0,1,0,0,0,1,0,0,medio_baixo
3,10000.0,8,0.875,3,4,1,0,0,0,1,0,1,0,1,1,0,medio_baixo
6,10000.0,6,0.6666666666666666,1,1,1,0,0,0,0,0,0,1,0,0,0,baixo
5,10000.0,17,0.9411764705882353,1,3,1,0,0,0,1,0,1,1,0,0,0,medio_alto
8,10000.0,103,0.7766990291262136,1,2,1,1,1,0,1,0,0,0,0,1,0,alto
3,10000.0,4,0.5,2,3,1,0,0,0,1,0,1,1,0,0,0,medio_baixo
9,10000.0,91,0.3626373626373626,2,2,1,0,0,0,1,0,1,0,0,0,0,baixo
1,35000.0,2,1.0,2,2,1,0,0,0,1,1,0,0,0,0,0,medio_alto
3,0.0,0,0.0,1,2,1,0,1,1,1,0,0,1,0,0,0,gratuito
9,10000.0,8,0.625,1,3,1,0,0,0,1,1,0,1,0,0,0,baixo
2,10000.0,0,0.0,1,2,1,0,0,1,0,0,0,1,0,0,1,alto
2,10000.0,38,0.7105263157894737,4,4,1,0,0,0,1,0,1,1,1,0,0,medio_baixo
6,35000.0,253,0.8735177865612648,10,3,1,0,0,0,1,1,0,0,1,0,0,baixo
4,35000.0,13,0.7692307692307693,4,2,1,0,0,0,0,0,1,1,0,0,0,alto
1,0.0,0,0.0,1,1,1,0,0,0,0,1,0,0,0,0,0,alto
7,10000.0,17,0.29411764705882354,1,3,1,0,0,0,1,1,1,0,0,0,0,baixo
7,10000.0,359,0.9331476323119777,14,1,1,1,1,0,0,0,0,1,0,0,0,medio_baixo
1,10000.0,0,0.0,2,3,1,0,0,1,0,0,1,1,0,0,1,medio_alto
1,10000.0,3,1.0,1,3,1,0,0,0,1,0,1,1,0,0,0,baixo
6,10000.0,128,0.9375,10,4,1,0,0,1,1,1,0,0,0,0,0,medio_alto
1,10000.0,246,0.9715447154471545,1,4,1,0,0,0,1,0,0,1,1,1,0,alto
1,10000.0,5,0.4,1,2,1,0,0,0,0,0,0,0,0,1,0,gratuito
2,0.0,0,0.0,0,0,1,0,0,0,0,0,0,0,0,0,0,gratuito
6,10000.0,67,0.8805970149253731,2,2,1,0,1,1,0,1,0,1,0,0,0,baixo
7,350000.0,456,0.793859649122807,1,2,1,0,0,3,1,0,0,1,0,0,0,baixo
4,75000.0,14,1.0,1,1,1,0,0,0,0,0,0,1,0,0,0,baixo
5,10000.0,6,0.16666666666666666,1,2,1,0,0,0,0,0,0,0,1,0,1,baixo
5,0.0,0,0.0,0,0,1,0,0,0,0,0,0,0,0,0,0,gratuito
9,10000.0,94,0.7978723404255319,1,1,1,1,1,0,0,0,0,0,0,1,0,alto
8,10000.0,0,0.0,1,1,1,0,0,0,0,0,1,0,0,0,0,alto
5,10000.0,24,1.0,1,2,1,1,1,1,1,0,0,1,0,0,0,medio_baixo
1,0.0,0,0.0,0,0,1,0,0,0,0,0,0,0,0,0,0,gratuito
1,10000.0,0,0.0,6,3,1,0,0,0,1,0,0,1,0,0,1,medio_baixo
2,35000.0,31,1.0,1,2,1,0,0,0,0,0,1,0,1,0,0,medio_alto
2,10000.0,21,0.7142857142857143,6,2,1,0,0,0,1,0,1,0,0,0,0,baixo
18,10000.0,71,0.4225352112676056,1,1,1,0,0,0,0,0,0,1,0,0,0,medio_baixo
9,10000.0,8,1.0,1,2,1,0,0,0,1,0,0,1,0,0,0,baixo
2,0.0,0,0.0,0,0,1,0,0,0,0,0,0,0,0,0,0,gratuito
2,10000.0,2,1.0,17,3,1,0,0,0,1,0,1,1,0,0,0,baixo
9,150000.0,976,0.8913934426229508,1,2,1,0,0,1,1,0,0,0,1,0,0,medio_baixo
4,10000.0,8,1.0,1,4,1,1,1,0,1,0,1,1,1,0,0,medio_alto
1,0.0,0,0.0,3,1,1,0,0,0,0,1,0,0,0,0,0,medio_baixo
12,150000.0,163,0.8773006134969326,7,3,1,1,1,1,1,0,0,1,0,1,0,alto
6,10000.0,4,0.5,1,2,1,0,0,0,1,0,0,1,0,0,0,baixo
4,10000.0,35,0.6285714285714286,2,1,1,0,0,1,0,0,0,1,0,0,0,baixo
3,10000.0,2,1.0,1,2,1,0,0,0,1,0,0,1,0,0,0,medio_baixo
12,35000.0,15,0.5333333333333333,1,2,1,0,0,0,0,1,1,0,0,0,0,medio_alto
7,10000.0,66,0.3787878787878788,1,3,1,0,0,0,1,0,1,0,0,0,1,medio_baixo
1,10000.0,45,0.9333333333333333,14,4,1,1,1,0,1,0,0,1,0,1,1,medio_baixo
1,10000.0,0,0.0,3,3,1,1,1,0,1,0,0,0,0,0,1,alto
7,10000.0,7,0.2857142857142857,1,5,1,0,0,1,1,1,1,1,1,0,0,medio_baixo
9,10000.0,73,0.7671232876712328,3,3,1,0,1,1,1,1,1,0,0,0,0,alto
3,10000.0,7,0.5714285714285714,29,3,1,1,1,0,1,1,0,1,0,0,0,baixo
10,150000.0,195,0.48205128205128206,1,3,1,0,0,0,1,1,0,1,0,0,0,baixo
1,10000.0,48,0.7083333333333334,4,4,1,0,0,0,1,0,0,1,1,0,1,baixo
4,0.0,0,0.0,3,4,1,1,0,0,0,1,1,0,1,0,0,gratuito
4,10000.0,121,0.9338842975206612,3,3,1,0,0,0,1,0,0,1,0,1,0,alto
4,35000.0,16,0.8125,1,3,1,0,0,0,1,0,0,1,1,0,0,baixo
5,10000.0,0,0.0,1,3,1,0,0,0,1,0,1,1,0,0,0,baixo
2,10000.0,5,0.4,1,4,1,0,0,0,1,0,1,1,0,0,0,gratuito
5,150000.0,1097,0.8951686417502279,6,4,1,0,0,1,1,0,0,1,1,1,0,medio_alto
5,150000.0,1277,0.7157400156617071,3,3,1,0,0,1,1,0,1,0,1,0,0,medio_alto
4,0.0,0,0.0,0,0,1,0,0,0,0,0,0,0,0,0,0,gratuito
4,35000.0,318,0.7924528301886793,7,2,1,0,0,1,1,0,1,0,0,0,0,medio_baixo
5,35000.0,8,0.625,1,2,1,0,0,1,1,0,0,0,1,0,0,baixo
3,10000.0,9,0.7777777777777778,1,5,1,0,0,0,1,1,1,1,0,1,0,baixo
3,10000.0,0,0.0,2,4,1,0,0,0,1,0,1,1,0,0,0,medio_alto
3,10000.0,0,0.0,1,1,1,0,0,0,0,1,0,0,0,0,0,medio_alto
1,10000.0,0,0.0,1,2,1,0,0,0,1,1,0,0,0,0,0,medio_alto
8,10000.0,25,0.84,1,2,1,0,0,0,1,1,0,0,0,0,0,medio_baixo
1,10000.0,1,0.0,1,3,1,0,0,0,0,1,0,1,0,1,0,baixo
4,75000.0,107,0.8037383177570093,3,2,1,0,0,0,1,0,1,0,0,0,0,medio_alto
7,10000.0,1,1.0,1,2,1,0,0,0,0,0,0,1,0,0,0,baixo
3,350000.0,2083,0.743158905424868,7,2,1,0,0,0,0,0,0,0,0,1,1,medio_alto
3,10000.0,18,0.2222222222222222,27,4,1,0,0,0,1,1,1,0,0,0,1,alto
4,35000.0,9,0.3333333333333333,1,5,1,0,0,0,1,1,1,1,0,1,0,baixo
3,3500000.0,56030,0.8412993039443155,12,1,1,0,0,84,0,1,0,0,0,0,0,medio_alto
6,150000.0,11,0.7272727272727273,1,4,1,0,0,0,1,1,0,1,0,0,0,gratuito
1,10000.0,488,0.9077868852459017,5,4,1,0,0,1,1,1,1,0,1,0,0,alto
5,75000.0,274,0.4854014598540146,7,5,1,0,0,0,1,0,0,1,0,1,1,medio_baixo
12,10000.0,1844,0.8139913232104121,2,2,1,0,0,0,1,0,0,0,0,0,1,baixo
9,75000.0,102,0.6568627450980392,4,4,1,0,0,0,0,1,0,0,0,1,0,gratuito
6,10000.0,19,0.7894736842105263,8,4,1,1,1,0,0,1,1,0,0,0,0,baixo
4,35000.0,1,1.0,1,3,1,0,0,0,1,1,0,1,0,0,0,medio_alto
4,75000.0,25,0.72,1,2,1,0,0,0,1,1,0,0,0,0,0,baixo
1,10000.0,3,1.0,2,3,1,0,0,0,1,1,0,0,0,0,0,medio_baixo
2,10000.0,45,0.8666666666666667,1,2,1,0,0,0,1,1,0,0,0,0,0,medio_baixo
9,35000.0,78,0.6025641025641025,1,3,1,0,0,0,1,1,0,1,0,0,0,baixo
4,350000.0,2262,0.8236074270557029,7,4,1,0,0,1,1,1,1,0,1,0,0,medio_baixo
1,10000.0,14,0.7142857142857143,20,2,1,0,0,0,1,0,0,1,0,0,0,medio_baixo
7,10000.0,62,0.7419354838709677,9,2,1,0,0,0,1,0,0,0,0,1,0,medio_baixo
7,10000.0,3,1.0,1,1,1,0,0,0,1,0,0,0,0,0,0,baixo
9,1500000.0,15361,0.8197382982878719,15,4,1,1,1,0,1,1,0,0,0,0,0,gratuito
2,10000.0,0,0.0,2,1,1,0,0,0,1,0,0,0,0,0,0,medio_baixo
1,0.0,0,0.0,103,3,1,0,0,0,1,0,0,1,0,0,1,medio_baixo
1,75000.0,477,0.9119496855345912,7,8,1,0,0,0,1,1,1,1,1,1,1,alto
6,10000.0,17,0.8823529411764706,1,1,1,0,0,0,0,0,1,0,0,0,0,alto
6,10000.0,0,0.0,4,3,1,0,0,0,1,1,1,0,0,0,0,medio_alto
4,10000.0,8,0.875,2,1,1,1,1,0,0,0,0,0,1,0,0,alto
10,10000.0,46,0.391304347826087,2,1,1,1,0,0,0,0,0,0,0,0,1,gratuito
7,10000.0,1,1.0,1,2,1,0,0,0,1,0,1,0,0,0,0,baixo
2,75000.0,3,1.0,1,2,1,1,1,0,1,0,0,1,0,0,0,alto
6,350000.0,1135,0.8044052863436123,8,2,1,1,0,1,1,0,1,0,0,0,0,medio_baixo
5,10000.0,2,0.0,1,2,1,0,0,0,0,0,1,1,0,0,0,alto
7,7500000.0,103745,0.7224540941732132,13,2,1,1,1,12,0,1,0,0,0,1,0,alto
1,0.0,0,0.0,1,3,1,0,0,0,1,1,0,0,0,0,0,alto
6,350000.0,6788,0.923099587507366,11,3,1,1,1,1,1,0,1,0,1,0,0,alto
11,750000.0,9320,0.9187768240343348,1,4,1,1,1,1,1,0,0,1,0,0,1,gratuito
6,0.0,0,0.0,0,0,1,0,0,0,0,0,0,0,0,0,0,gratuito
8,10000.0,1,1.0,1,2,1,0,0,0,1,1,0,0,0,0,0,medio_baixo
6,10000.0,1,1.0,9,2,1,0,0,0,1,1,0,0,0,0,0,medio_alto
2,10000.0,2,1.0,1,4,1,0,0,0,1,1,1,1,0,0,0,medio_alto
1,0.0,0,0.0,0,0,1,0,0,0,0,0,0,0,0,0,0,gratuito
2,10000.0,76,0.8947368421052632,1,5,1,0,0,0,1,0,1,0,0,1,1,alto
1,10000.0,4,0.5,8,3,1,0,0,0,1,0,0,1,0,1,0,medio_baixo
5,35000.0,9,0.8888888888888888,2,4,1,0,1,1,1,1,0,1,0,0,0,medio_baixo
2,10000.0,19,1.0,25,2,1,0,0,0,1,0,0,1,0,0,0,medio_baixo
5,10000.0,13,0.9230769230769231,1,5,1,0,0,0,1,1,0,0,0,0,1,baixo
6,35000.0,27,0.48148148148148145,5,3,1,0,0,0,1,1,0,0,0,0,0,alto
1,10000.0,16,0.8125,10,1,1,0,0,0,0,0,0,1,0,0,0,medio_alto
4,10000.0,1,0.0,2,3,1,0,0,0,1,1,0,1,0,0,0,medio_alto
1,10000.0,0,0.0,3,2,1,1,1,0,1,0,1,0,0,0,0,alto
2,10000.0,2,0.0,10,3,1,0,0,0,1,0,0,1,1,0,0,medio_alto
17,350000.0,3045,0.8607553366174056,6,2,1,0,0,0,1,1,0,0,0,0,0,medio_baixo
1,10000.0,2,1.0,1,3,1,0,0,1,1,1,1,0,0,0,0,medio_alto
6,10000.0,0,0.0,4,3,1,0,0,1,0,1,1,0,1,0,0,alto
2,350000.0,62,0.7580645161290323,14,4,1,1,1,2,1,0,1,0,1,1,0,alto
2,10000.0,18,1.0,1,3,1,0,1,0,1,0,1,1,0,0,0,medio_baixo
8,10000.0,1,0.0,1,3,1,1,0,0,1,1,1,0,0,0,0,medio_alto
3,10000.0,17,0.8823529411764706,1,2,1,1,1,0,0,0,0,1,0,1,0,medio_alto
4,10000.0,38,0.34210526315789475,2,1,1,0,0,0,0,1,0,0,0,0,0,medio_baixo
2,150000.0,4510,0.6454545454545455,17,2,1,0,0,0,0,0,0,1,0,0,1,medio_alto
10,150000.0,2076,0.9099229287090559,10,3,1,0,0,2,1,1,1,0,0,0,0,medio_baixo
2,0.0,0,0.0,1,4,1,1,0,0,0,1,1,1,0,0,0,gratuito
5,10000.0,0,0.0,4,5,1,0,0,0,1,1,1,1,1,0,0,medio_baixo
2,10000.0,6,0.6666666666666666,11,3,1,0,1,0,0,1,1,0,1,0,0,medio_baixo
9,10000.0,1,0.0,10,3,1,1,0,0,1,1,0,1,0,0,0,baixo
6,10000.0,4,1.0,6,2,1,1,0,0,1,0,0,1,0,0,0,medio_alto
4,10000.0,11,1.0,1,1,1,0,0,0,0,0,0,1,0,0,0,medio_alto
4,150000.0,120,0.7666666666666667,1,6,1,0,0,4,1,1,0,1,0,0,0,gratuito
8,10000.0,42,0.30952380952380953,2,2,1,0,0,0,0,0,0,1,1,0,0,medio_baixo
15,35000000.0,1409473,0.9748175381862583,9,4,1,1,1,2,1,1,1,0,1,0,0,medio_alto
7,10000.0,14,0.6428571428571429,1,5,1,0,0,0,1,0,0,0,1,1,1,alto
6,10000.0,48,0.9375,1,3,1,0,1,0,1,1,0,0,0,0,0,gratuito
9,35000.0,232,0.6982758620689655,1,3,1,0,1,0,1,1,1,0,0,0,0,gratuito
2,10000.0,0,0.0,1,3,1,0,0,0,1,0,0,1,0,0,1,medio_alto
2,10000.0,9,1.0,1,2,1,0,1,0,0,1,0,1,0,0,0,medio_alto
8,10000.0,17,0.5294117647058824,1,2,1,0,0,0,0,0,1,0,0,1,0,baixo
13,35000.0,360,0.6916666666666667,4,3,1,0,0,0,1,1,1,0,0,0,0,gratuito
2,10000.0,47,0.5531914893617021,10,2,1,0,0,1,0,1,0,0,0,1,0,alto
8,10000.0,28,0.6428571428571429,1,2,1,0,0,0,0,0,1,0,0,0,0,gratuito
4,10000.0,203,0.7832512315270936,3,1,1,0,0,0,0,1,0,0,0,0,0,alto
11,350000.0,1879,0.7945715806279936,2,2,1,0,0,8,0,1,1,0,0,0,0,medio_alto
4,0.0,0,0.0,2,2,1,0,0,0,0,0,0,0,0,0,1,gratuito
5,35000.0,506,0.525691699604743,9,4,1,0,0,0,1,1,1,0,1,0,0,medio_baixo
5,10000.0,53,0.8679245283018868,12,2,1,0,0,0,1,0,0,1,0,0,0,medio_baixo
3,10000.0,6,1.0,2,3,1,0,0,0,1,0,0,0,1,0,1,medio_alto
3,10000.0,82,0.9024390243902439,3,2,1,0,0,0,0,0,1,0,1,0,0,alto
5,35000.0,411,0.8807785888077859,1,3,1,0,0,0,1,0,1,0,0,0,1,baixo
2,35000.0,503,0.8906560636182903,3,4,1,0,0,2,1,0,0,0,1,1,1,medio_alto
2,10000.0,4,1.0,1,5,1,0,0,0,1,0,0,0,1,1,1,baixo
2,10000.0,4,1.0,1,4,1,0,0,0,1,1,1,1,0,0,0,baixo
11,150000.0,631,0.8748019017432647,1,3,1,0,0,0,0,0,0,0,0,0,0,alto
2,10000.0,1,1.0,1,1,1,0,0,0,0,0,0,0,0,1,0,baixo
3,10000.0,60,0.9833333333333333,2,2,1,0,0,0,1,1,0,0,0,0,0,baixo
4,75000.0,31,0.45161290322580644,1,4,1,0,0,0,1,0,0,1,0,0,1,gratuito
9,35000.0,82,0.5121951219512195,1,4,1,1,0,0,1,1,1,1,0,0,0,baixo
10,10000.0,25,0.64,1,5,1,1,0,0,1,0,0,0,1,1,1,alto
9,10000.0,23,0.8695652173913043,10,2,1,0,0,0,1,1,0,0,0,0,0,alto
4,10000.0,5,1.0,2,3,1,0,0,0,0,0,0,1,0,0,1,medio_alto
8,75000.0,270,0.9629629629629629,1,2,1,0,0,0,1,1,0,0,0,0,0,medio_alto
8,10000.0,20,0.7,1,4,1,1,0,0,1,1,1,0,0,0,0,gratuito
3,75000.0,32,0.59375,1,2,1,0,0,1,1,1,0,0,0,0,0,medio_alto
7,10000.0,17,0.6470588235294118,29,2,1,0,0,1,1,1,0,0,0,0,0,baixo
10,10000.0,18,0.8888888888888888,1,1,1,1,1,0,1,0,0,0,0,0,0,medio_alto
2,10000.0,25,0.64,2,1,1,0,0,0,0,0,1,0,0,0,0,medio_baixo
2,10000.0,2,1.0,5,4,1,0,0,0,1,0,0,0,0,1,1,medio_alto
3,10000.0,0,0.0,29,2,1,0,0,0,0,1,1,0,0,0,0,medio_alto
1,0.0,0,0.0,0,0,1,0,0,0,0,0,0,0,0,0,0,gratuito
2,10000.0,0,0.0,1,1,1,0,0,0,0,0,0,1,0,0,0,medio_baixo
7,10000.0,6,1.0,2,2,1,1,1,0,1,1,0,0,0,0,0,medio_baixo
3,10000.0,14,0.6428571428571429,2,3,1,0,0,0,0,0,1,0,1,0,0,gratuito
4,10000.0,72,0.8611111111111112,29,2,1,0,0,0,1,0,0,1,0,0,0,baixo
4,350000.0,15519,0.9193246987563631,1,3,1,1,1,0,1,0,0,1,0,0,0,gratuito
3,0.0,0,0.0,0,0,1,0,0,0,0,0,0,0,0,0,0,gratuito
9,150000.0,189,0.6825396825396826,1,4,1,0,0,0,1,1,1,1,0,0,0,baixo
2,10000.0,0,0.0,7,2,1,0,0,0,1,0,0,0,0,1,0,medio_baixo
1,10000.0,20,1.0,18,2,1,0,1,0,1,0,0,1,0,0,0,medio_alto
2,10000.0,0,0.0,1,3,1,0,0,0,1,1,0,1,0,0,0,baixo
3,0.0,0,0.0,0,0,1,0,0,0,0,0,0,0,0,0,0,gratuito
6,0.0,0,0.0,0,0,1,0,0,0,0,0,0,0,0,0,0,gratuito
1,10000.0,0,0.0,1,3,1,0,0,0,1,1,0,1,0,0,0,medio_alto
2,10000.0,0,0.0,11,2,1,1,1,0,1,0,0,0,0,0,0,alto
5,10000.0,0,0.0,29,1,1,0,0,0,0,0,0,0,0,0,1,medio_alto
3,75000.0,447,0.8322147651006712,13,2,1,1,1,0,1,0,0,0,0,1,0,medio_alto
8,0.0,0,0.0,1,2,1,0,0,0,0,0,0,1,0,0,0,gratuito
4,10000.0,20,0.9,1,2,1,0,1,0,0,0,1,0,1,0,0,medio_alto
4,10000.0,0,0.0,1,3,1,1,1,10,1,0,1,0,1,0,0,medio_alto
2,10000.0,1,1.0,2,3,1,0,0,0,1,1,0,0,1,0,0,baixo
4,10000.0,93,0.7741935483870968,3,2,1,0,0,0,0,0,0,0,0,1,1,medio_alto
3,0.0,0,0.0,2,2,1,0,0,0,1,0,0,0,0,0,0,gratuito
1,10000.0,0,0.0,4,5,1,0,0,0,1,1,1,1,0,0,0,medio_alto
3,10000.0,3,0.6666666666666666,3,3,1,0,0,0,1,0,0,0,0,1,1,medio_baixo
2,0.0,0,0.0,1,2,1,0,0,0,0,0,0,1,0,0,0,gratuito
2,10000.0,1,0.0,1,1,1,0,0,0,1,0,0,0,0,0,0,alto
12,10000.0,79,0.7974683544303798,1,2,1,0,0,0,0,0,0,1,0,0,0,alto
5,10000.0,158,0.7341772151898734,2,4,1,0,0,0,0,0,1,0,1,1,1,alto
4,10000.0,4,1.0,1,7,1,0,0,0,1,1,1,1,1,0,0,medio_alto
4,0.0,0,0.0,0,0,1,0,0,0,0,0,0,0,0,0,0,gratuito
1,10000.0,2,1.0,1,2,1,0,0,0,0,1,0,1,0,0,0,medio_alto
2,10000.0,1,1.0,1,1,1,0,0,0,0,0,0,1,0,0,0,baixo
7,10000.0,36,0.2222222222222222,1,3,1,0,0,0,0,1,0,0,0,0,1,alto
1,0.0,0,0.0,11,1,1,0,0,0,0,0,1,0,0,0,0,medio_alto
3,0.0,0,0.0,0,0,1,0,0,0,0,0,0,0,0,0,0,gratuito
1,10000.0,0,0.0,1,1,1,0,0,0,1,0,0,0,0,0,0,medio_alto
4,10000.0,3,1.0,1,3,1,0,0,0,1,0,0,0,0,1,1,alto
2,10000.0,3,0.3333333333333333,1,1,1,0,0,0,0,0,0,0,0,0,1,baixo
3,10000.0,0,0.0,30,3,1,0,0,0,1,0,0,1,0,1,0,baixo
3,35000.0,40,0.925,1,4,1,0,0,0,1,0,1,1,0,1,0,baixo
1,0.0,0,0.0,1,5,1,0,0,0,1,0,1,1,0,1,1,medio_alto
2,10000.0,15,0.9333333333333333,5,9,1,0,0,0,1,1,1,1,1,1,1,gratuito
1,10000.0,0,0.0,2,6,1,1,1,0,1,1,1,1,1,1,0,medio_alto
9,35000.0,80,0.525,1,3,1,0,0,0,1,0,0,1,0,1,0,baixo
7,10000.0,11,0.45454545454545453,1,2,1,0,0,0,1,0,0,0,0,1,0,gratuito
5,0.0,0,0.0,0,0,1,0,0,0,0,0,0,0,0,0,0,gratuito
5,10000.0,0,0.0,1,1,1,0,0,0,0,1,0,0,0,0,0,medio_baixo
5,10000.0,0,0.0,1,2,1,0,0,1,0,1,0,1,0,0,0,medio_baixo
1,0.0,0,0.0,1,5,1,0,0,0,1,1,1,0,1,0,0,medio_alto
1,10000.0,66,0.9242424242424242,7,4,1,0,1,0,1,0,1,0,0,1,0,alto
10,35000.0,69,0.8985507246376812,2,6,1,0,0,0,1,1,0,1,0,1,1,gratuito
8,35000.0,2,1.0,1,4,1,0,0,0,1,0,1,1,1,0,0,baixo
5,10000.0,13,0.8461538461538461,1,5,1,1,1,0,1,1,1,1,1,0,0,medio_alto
5,10000.0,37,0.8918918918918919,1,2,1,0,0,0,1,0,0,1,0,0,0,medio_alto
1,0.0,0,0.0,0,0,1,0,0,0,0,0,0,0,0,0,0,gratuito
5,10000.0,0,0.0,1,2,1,0,0,0,1,0,0,1,0,0,0,baixo
5,10000.0,122,0.7049180327868853,1,4,1,0,0,0,1,0,1,1,0,0,1,baixo
3,10000.0,3,0.0,1,4,1,0,0,0,1,0,1,1,0,0,0,alto
7,10000.0,15,0.6666666666666666,1,4,1,0,0,0,1,0,1,0,0,1,0,alto
4,10000.0,101,0.8118811881188119,14,2,1,0,0,1,1,0,0,1,0,0,0,baixo
5,0.0,0,0.0,1,7,1,0,0,0,1,1,1,1,1,1,0,gratuito
4,10000.0,5,0.4,2,2,1,0,0,0,1,0,1,0,0,0,0,baixo
1,0.0,0,0.0,4,3,1,0,0,2,1,0,0,1,0,0,0,gratuito
5,10000.0,0,0.0,1,2,1,0,0,0,1,0,0,1,0,0,0,medio_baixo
1,0.0,0,0.0,1,2,1,0,1,0,1,0,0,1,0,0,0,alto
1,10000.0,0,0.0,1,4,1,0,0,0,1,1,1,1,0,0,0,baixo
3,10000.0,3,1.0,1,3,1,0,0,0,1,1,0,1,0,0,0,baixo
1,35000.0,1039,0.6352261790182868,12,2,1,0,0,0,1,1,0,0,0,0,0,alto
2,10000.0,0,0.0,1,3,1,0,0,0,1,0,0,1,0,0,0,baixo
4,35000.0,9,0.7777777777777778,1,3,1,0,0,0,1,0,1,1,0,0,0,baixo
2,10000.0,6,0.16666666666666666,1,1,1,0,0,0,0,0,0,0,0,0,1,medio_alto
10,10000.0,144,0.7708333333333334,1,3,1,1,0,0,1,0,0,1,0,1,0,baixo
9,35000.0,204,0.7843137254901961,1,2,1,0,0,0,1,0,0,1,0,0,0,baixo
5,0.0,0,0.0,0,0,1,0,0,0,0,0,0,0,0,0,0,gratuito
3,10000.0,48,0.2916666666666667,6,1,1,0,0,0,0,1,0,0,0,0,0,medio_alto
1,75000.0,893,0.7245240761478163,4,6,1,1,0,0,1,0,1,0,1,1,1,alto
7,10000.0,13,0.3076923076923077,1,4,1,0,0,0,1,1,1,0,0,0,1,baixo
1,0.0,0,0.0,1,1,1,0,0,0,0,0,0,0,0,0,0,alto
11,150000.0,1724,0.9559164733178654,4,1,1,0,0,0,0,0,0,0,0,1,0,medio_baixo
2,10000.0,6,0.8333333333333334,1,2,1,0,0,0,1,0,1,0,0,0,0,baixo
4,0.0,0,0.0,0,0,1,0,0,0,0,0,0,0,0,0,0,gratuito
8,10000.0,30,0.6333333333333333,1,4,1,0,0,0,1,0,0,1,0,0,1,gratuito
1,10000.0,0,0.0,27,2,1,1,1,0,1,0,0,0,0,0,1,baixo
7,10000.0,33,0.7575757575757576,1,3,1,0,0,0,1,1,0,1,0,0,0,baixo
5,3500000.0,30870,0.5266925817946226,6,4,1,0,0,5,0,1,0,0,1,0,0,gratuito
2,10000.0,9,0.7777777777777778,12,3,1,0,0,0,1,0,1,0,1,0,0,medio_alto
11,10000.0,53,0.5849056603773585,1,3,1,1,0,0,1,0,0,0,1,1,0,medio_alto
7,10000.0,7,1.0,1,1,1,0,1,0,1,0,0,0,0,0,0,medio_baixo
1,0.0,0,0.0,14,4,1,0,0,0,1,0,0,1,0,1,0,medio_baixo
4,10000.0,7,1.0,3,2,1,0,0,0,0,0,0,0,0,0,0,medio_alto
5,0.0,0,0.0,1,1,1,0,0,0,0,1,0,0,0,0,0,gratuito
8,35000.0,7,0.5714285714285714,1,4,1,0,0,0,1,1,1,1,0,0,0,baixo
4,10000.0,0,0.0,2,2,1,0,1,0,1,0,0,1,0,0,0,baixo
1,0.0,0,0.0,1,3,1,0,0,0,1,0,1,1,0,0,0,alto
1,0.0,0,0.0,5,2,1,0,0,0,1,0,0,0,0,0,1,medio_baixo
2,10000.0,96,0.5520833333333334,1,6,1,0,0,0,1,1,0,0,0,1,1,alto
1,10000.0,0,0.0,27,2,1,1,1,0,1,0,0,0,0,0,1,baixo
2,0.0,0,0.0,103,8,1,1,1,0,1,1,1,1,1,1,1,alto
9,10000.0,3,0.6666666666666666,1,2,1,1,0,0,1,1,0,0,0,0,0,baixo
7,10000.0,0,0.0,1,2,1,0,0,0,1,1,0,0,0,0,0,baixo
8,10000.0,6,0.8333333333333334,1,1,1,0,0,0,0,0,1,0,0,0,0,medio_baixo
4,10000.0,3,1.0,1,5,1,0,0,0,1,1,1,1,0,0,0,baixo
2,10000.0,1,1.0,1,4,1,0,0,0,1,1,0,1,0,0,0,medio_baixo
4,350000.0,13748,0.9439918533604889,10,4,1,0,1,2,1,1,1,1,0,0,0,alto
2,10000.0,1,1.0,1,2,1,0,0,0,1,1,0,0,0,0,0,medio_alto
11,350000.0,403,0.7096774193548387,1,2,1,0,0,0,0,1,1,0,0,0,0,baixo
2,0.0,0,0.0,1,4,1,0,0,0,1,0,0,0,0,0,1,gratuito
6,10000.0,12,0.8333333333333334,2,5,1,0,0,0,1,1,1,1,1,0,0,medio_alto
11,10000.0,611,0.8903436988543372,1,4,1,1,1,0,1,1,0,0,1,0,0,alto
7,10000.0,17,0.7647058823529411,2,3,1,0,0,0,1,0,1,0,0,1,0,baixo
1,10000.0,0,0.0,30,5,1,0,0,3,1,0,1,1,0,1,1,alto
2,750000.0,3942,0.2432775240994419,2,4,1,0,0,0,1,0,1,0,1,1,0,medio_alto
4,10000.0,51,0.7843137254901961,1,3,1,0,0,0,1,0,0,1,0,1,0,medio_baixo
2,35000.0,532,0.7763157894736842,8,2,1,0,0,3,0,0,0,0,0,1,1,alto
2,10000.0,12,1.0,1,4,1,0,0,1,1,0,1,1,1,0,0,medio_alto
8,75000.0,47,0.7021276595744681,1,3,1,0,0,0,0,0,0,1,0,0,0,gratuito
6,10000.0,82,0.9024390243902439,1,2,1,1,0,0,1,0,1,0,0,0,0,baixo
4,10000.0,3,0.3333333333333333,1,3,1,0,0,0,0,0,0,1,0,1,1,alto
8,10000.0,11,0.9090909090909091,1,1,1,0,0,0,1,0,0,0,0,0,0,baixo
7,10000.0,13,0.7692307692307693,1,3,1,0,0,0,0,1,1,0,0,0,0,medio_alto
9,75000.0,93,0.7526881720430108,1,5,1,0,0,0,1,1,1,1,0,0,0,baixo
4,10000.0,12,1.0,1,3,1,0,0,0,1,0,0,1,0,1,0,baixo
14,150000.0,4869,0.9381803245019511,7,6,1,0,0,448,0,0,1,0,1,0,0,medio_alto
5,150000.0,921,0.9413680781758957,9,2,1,1,1,1,1,0,1,0,0,0,0,medio_alto
1,0.0,0,0.0,1,2,1,0,0,0,1,0,0,1,0,0,0,medio_baixo
1,0.0,0,0.0,2,3,1,0,0,18,0,0,0,0,0,0,0,gratuito
2,0.0,0,0.0,0,0,1,0,0,0,0,0,0,0,0,0,0,gratuito
2,0.0,0,0.0,1,4,1,0,1,0,1,0,0,1,1,0,1,gratuito
2,350000.0,18192,0.9728452066842568,3,3,1,1,0,1,1,0,1,0,1,0,0,alto
2,0.0,0,0.0,1,6,1,1,1,0,1,1,1,1,1,0,0,gratuito
8,10000.0,7,0.8571428571428571,1,4,1,0,0,0,1,1,0,1,0,0,0,medio_alto
4,10000.0,14,0.6428571428571429,9,3,1,1,0,0,1,1,1,0,0,0,0,alto
2,10000.0,3,1.0,1,4,1,0,0,0,1,1,1,1,0,0,0,medio_baixo
2,10000.0,14,0.5,6,1,1,0,0,0,0,1,0,0,0,0,0,baixo
4,0.0,0,0.0,0,0,1,0,0,0,0,0,0,0,0,0,0,gratuito
3,35000.0,652,0.9340490797546013,5,1,1,0,0,0,0,1,0,0,0,0,0,medio_alto
10,750000.0,689,0.8272859216255443,1,3,1,1,1,0,1,1,0,1,0,0,0,baixo
1,10000.0,17,0.5294117647058824,28,3,1,0,0,0,1,1,0,0,0,0,1,alto
2,0.0,0,0.0,1,5,1,0,0,0,1,1,1,1,0,0,0,gratuito
7,10000.0,44,0.6363636363636364,8,5,1,0,0,0,1,1,1,1,1,0,0,baixo
10,10000.0,111,0.8378378378378378,1,2,1,0,0,0,0,0,0,0,0,1,1,medio_baixo
11,10000.0,27,0.8518518518518519,11,2,1,1,1,0,1,0,0,0,0,1,0,medio_baixo
6,10000.0,19,0.631578947368421,2,1,1,0,0,2,0,0,0,0,1,0,0,alto
1,10000.0,23,1.0,1,3,1,0,0,0,1,0,0,1,0,1,0,medio_alto
1,0.0,0,0.0,2,4,1,0,0,0,1,0,0,1,1,0,0,gratuito
8,10000.0,21,0.9047619047619048,1,3,1,0,0,0,1,1,1,0,0,0,0,medio_baixo
10,75000.0,1655,0.797583081570997,1,4,1,1,1,0,1,0,1,1,0,0,0,gratuito
8,10000.0,2,0.0,1,1,1,0,0,0,0,0,0,0,0,0,0,alto
17,350000.0,5246,0.8875333587495234,4,1,1,0,0,0,0,0,0,0,0,1,0,alto
3,10000.0,1,0.0,2,1,1,0,0,0,0,0,0,1,0,0,0,alto
1,10000.0,0,0.0,2,4,1,0,0,0,1,1,0,1,0,0,0,medio_alto
3,0.0,0,0.0,2,5,1,0,0,0,0,0,1,1,0,1,0,gratuito
2,10000.0,1,1.0,1,1,1,0,0,0,1,0,0,0,0,0,0,medio_alto
5,10000.0,27,0.8518518518518519,5,3,1,0,0,0,1,0,0,1,0,1,0,baixo
3,10000.0,1,1.0,1,1,1,0,0,0,0,1,0,0,0,0,0,alto
7,750000.0,7292,0.6619583104772353,1,5,1,0,0,8,1,0,0,0,1,0,1,alto
2,10000.0,4,1.0,2,4,1,0,0,1,1,1,1,0,0,0,0,gratuito
6,75000.0,116,0.8017241379310345,2,4,1,1,1,0,1,0,1,0,1,0,0,gratuito
3,10000.0,17,0.9411764705882353,1,3,1,0,0,1,1,0,0,0,0,0,1,medio_alto
2,10000.0,3,0.6666666666666666,1,1,1,0,0,0,0,0,0,1,0,0,0,medio_baixo
2,10000.0,0,0.0,8,1,1,0,0,0,0,0,0,1,0,0,0,medio_baixo
2,10000.0,3,1.0,1,2,1,0,0,0,1,0,1,0,0,0,0,alto
2,10000.0,0,0.0,3,5,1,1,1,0,1,1,1,0,0,1,1,baixo
8,75000.0,664,0.7876506024096386,6,3,1,1,1,0,1,1,0,0,1,0,0,medio_baixo
2,10000.0,0,0.0,1,3,1,0,0,0,0,0,0,0,1,0,1,alto
8,10000.0,22,0.5,7,5,1,1,1,0,1,0,1,0,1,1,1,medio_baixo
3,10000.0,169,0.7514792899408284,1,1,1,0,0,0,1,0,0,0,0,0,0,baixo
2,0.0,0,0.0,1,4,1,1,1,0,0,0,1,1,0,0,1,gratuito
8,350000.0,1642,0.8057247259439708,11,3,1,0,0,36,0,0,0,0,0,0,1,alto
1,0.0,0,0.0,0,0,1,0,0,0,0,0,0,0,0,0,0,gratuito
11,150000.0,994,0.9285714285714286,2,3,1,1,0,0,1,1,0,0,0,0,0,gratuito
4,10000.0,15,0.6666666666666666,1,8,1,0,0,0,1,1,1,1,0,1,1,baixo
5,10000.0,58,0.9655172413793104,2,2,1,0,0,1,1,0,1,0,0,0,0,medio_baixo
6,10000.0,16,0.625,2,4,1,0,0,0,1,0,0,0,1,1,1,medio_baixo
5,0.0,0,0.0,0,0,1,0,0,0,0,0,0,0,0,0,0,gratuito
1,10000.0,0,0.0,16,6,1,1,1,0,1,1,1,1,1,0,1,medio_baixo
1,0.0,0,0.0,0,0,1,0,0,0,0,0,0,0,0,0,0,gratuito
8,10000.0,47,0.7446808510638298,1,3,1,1,0,0,0,0,1,0,1,1,0,medio_alto
1,10000.0,13,0.6923076923076923,8,5,1,0,0,0,1,1,1,1,1,0,0,medio_alto
5,35000.0,4,0.5,1,2,1,0,0,1,1,0,0,0,1,0,0,baixo
10,350000.0,395,0.6278481012658228,1,2,1,0,0,1,1,0,1,0,0,0,0,baixo
7,10000.0,4,0.0,1,3,1,0,0,0,0,0,0,0,0,0,0,medio_baixo
2,10000.0,0,0.0,1,2,1,0,0,0,0,1,0,1,0,0,0,medio_baixo
2,10000.0,4,1.0,1,2,1,0,0,0,1,0,0,1,0,0,0,medio_alto
2,10000.0,423,0.9550827423167849,7,3,1,0,0,0,1,1,1,0,0,0,0,alto
3,35000.0,38,0.8947368421052632,3,2,1,0,0,0,1,1,0,0,0,0,0,baixo
1,0.0,0,0.0,1,2,1,0,0,0,0,0,0,1,0,1,0,baixo
6,150000.0,513,0.8148148148148148,1,1,1,0,0,0,0,0,0,0,0,0,0,gratuito
5,35000.0,13,1.0,4,2,1,0,0,0,1,0,1,0,0,0,0,medio_baixo
5,35000.0,207,0.8599033816425121,3,3,1,0,0,0,1,0,1,0,1,0,0,alto
3,10000.0,9,1.0,1,2,1,1,0,0,1,0,0,1,0,0,0,medio_baixo
7,10000.0,3,0.6666666666666666,1,4,1,1,0,0,1,1,1,1,0,0,0,medio_baixo
3,35000.0,15,0.8666666666666667,1,3,1,0,0,0,0,0,0,0,0,0,0,gratuito
3,10000.0,0,0.0,1,3,1,1,1,0,0,0,1,1,0,1,0,medio_alto
11,10000.0,52,0.5769230769230769,1,2,1,1,1,0,1,0,1,0,0,0,0,medio_alto
2,10000.0,0,0.0,1,2,1,0,0,0,1,1,0,0,0,0,0,medio_alto
11,350000.0,1322,0.4485627836611195,1,2,1,0,0,0,0,0,1,0,0,0,0,gratuito
1,10000.0,11,0.9090909090909091,5,3,1,1,0,0,1,1,0,1,0,0,0,baixo
2,75000.0,2,1.0,1,3,1,0,0,0,0,0,1,0,1,0,0,alto
2,0.0,0,0.0,1,2,1,0,0,0,1,0,0,0,0,0,0,gratuito
3,10000.0,13,1.0,1,2,1,0,0,0,1,0,0,1,0,0,0,baixo
1,0.0,0,0.0,1,3,1,1,0,0,1,1,0,1,0,0,0,baixo
2,10000.0,16,0.4375,1,2,1,0,0,0,1,0,0,0,0,0,1,baixo
3,10000.0,2,1.0,22,2,1,1,1,0,1,1,0,0,0,0,0,alto
3,10000.0,17,0.7647058823529411,3,2,1,0,0,0,0,0,1,1,0,0,0,alto
1,35000.0,386,0.9067357512953368,6,4,1,0,0,3,1,1,1,0,1,0,0,alto
3,0.0,0,0.0,0,0,1,0,0,0,0,0,0,0,0,0,0,gratuito
2,150000.0,1878,0.9366347177848775,3,2,1,1,0,0,0,0,0,1,0,0,1,medio_baixo
3,10000.0,1,1.0,1,4,1,0,0,0,1,1,1,1,0,0,0,medio_alto
5,10000.0,6,0.16666666666666666,103,3,1,0,0,0,1,0,1,1,0,0,0,baixo
3,0.0,0,0.0,30,3,1,0,0,0,0,0,0,1,1,0,1,medio_baixo
8,10000.0,18,0.9444444444444444,1,6,1,0,0,0,1,0,1,1,1,0,1,medio_baixo
3,10000.0,22,0.7727272727272727,1,3,1,0,0,0,1,0,1,1,0,0,0,baixo
3,10000.0,0,0.0,1,2,1,0,0,0,0,1,0,1,0,0,0,alto
2,0.0,0,0.0,0,0,1,0,0,0,0,0,0,0,0,0,0,gratuito
1,0.0,0,0.0,1,2,1,0,0,0,1,0,1,0,0,0,0,medio_baixo
1,10000.0,312,0.4230769230769231,1,4,1,0,0,0,1,1,1,0,1,0,0,baixo
2,10000.0,0,0.0,1,3,1,1,0,0,1,0,0,1,0,1,0,gratuito
3,10000.0,1,1.0,1,2,1,0,0,0,1,1,0,0,0,0,0,medio_baixo
6,10000.0,6,0.8333333333333334,9,2,1,0,1,0,1,0,0,1,0,0,0,medio_baixo
6,10000.0,14,0.5,1,3,1,0,0,0,1,0,1,1,0,0,0,alto
2,35000.0,462,0.974025974025974,3,2,1,0,0,0,0,0,1,0,0,0,1,alto
3,35000.0,6,0.5,1,4,1,0,0,0,1,1,0,0,0,1,0,medio_alto
1,10000.0,0,0.0,3,3,1,0,0,0,1,0,0,1,0,0,1,medio_baixo
9,35000.0,728,0.9093406593406593,6,4,1,1,1,1,1,1,1,1,0,0,0,medio_baixo
1,0.0,0,0.0,10,11,1,0,0,0,0,0,0,0,0,0,0,alto
2,35000.0,32,0.84375,4,4,1,0,0,0,1,1,1,0,1,0,0,baixo
4,10000.0,0,0.0,1,1,1,0,0,0,0,0,0,1,0,0,0,baixo
8,10000.0,34,0.8529411764705882,27,2,1,0,0,2,1,0,0,1,0,0,0,baixo
4,10000.0,15,0.9333333333333333,2,4,1,0,0,0,0,1,1,0,1,0,0,alto
3,0.0,0,0.0,2,1,1,0,0,0,0,0,0,0,0,0,0,gratuito
6,10000.0,6,0.6666666666666666,1,3,1,1,0,0,1,1,0,0,1,0,0,medio_alto
1,0.0,0,0.0,1,2,1,0,0,0,1,0,0,1,0,0,0,medio_alto
7,10000.0,67,0.9402985074626866,1,3,1,1,0,0,1,0,1,0,0,0,0,gratuito
3,35000.0,611,0.9263502454991817,10,3,1,0,0,0,1,1,1,0,0,0,0,medio_baixo
3,10000.0,0,0.0,1,3,1,0,0,0,1,0,0,1,0,1,0,alto
4,10000.0,64,0.875,3,5,1,0,0,0,1,1,0,0,0,0,1,alto
8,35000.0,187,0.9251336898395722,2,3,1,0,0,0,1,1,0,0,0,0,0,baixo
3,10000.0,1,1.0,1,2,1,0,0,0,1,0,1,0,0,0,0,medio_baixo
10,35000.0,112,0.5446428571428571,1,3,1,0,0,0,1,0,0,1,0,1,0,medio_baixo
2,10000.0,2,1.0,1,3,1,0,0,0,1,0,0,1,0,1,0,medio_alto
10,10000.0,32,0.65625,1,4,1,0,1,0,1,0,0,1,0,0,0,medio_alto
4,10000.0,10,0.5,10,2,1,0,0,0,0,0,0,1,0,1,0,baixo
1,10000.0,0,0.0,1,1,1,0,0,0,0,0,0,1,0,0,0,baixo
4,10000.0,28,0.8214285714285714,4,4,1,1,1,1,1,1,1,0,1,0,0,medio_baixo
4,10000.0,5,0.8,1,3,1,0,0,0,1,1,1,0,0,0,0,medio_alto
11,35000.0,124,0.8306451612903226,1,1,1,0,0,0,0,0,0,0,1,0,0,medio_baixo
9,35000.0,7,0.0,1,2,1,1,1,0,1,0,0,0,0,1,0,medio_baixo
3,10000.0,81,0.8765432098765432,9,1,1,0,0,0,0,1,0,0,0,0,0,alto
4,10000.0,12,0.5833333333333334,2,1,1,0,0,0,0,1,0,0,0,0,0,baixo
3,10000.0,7,1.0,1,2,1,0,0,0,1,0,0,0,0,0,1,medio_baixo
2,10000.0,73,0.684931506849315,8,5,1,1,0,0,1,0,0,0,0,0,1,alto
3,10000.0,7,0.7142857142857143,7,2,1,0,0,0,1,0,1,0,0,0,0,medio_alto
4,10000.0,0,0.0,2,4,1,0,0,0,1,0,1,1,0,0,0,medio_baixo
1,10000.0,8,0.625,2,6,1,0,0,0,1,0,1,1,1,1,1,medio_baixo
5,10000.0,0,0.0,1,3,1,0,0,0,1,0,1,1,0,0,0,baixo
1,0.0,0,0.0,103,1,1,0,0,0,1,0,0,0,0,0,0,medio_alto
4,35000.0,110,0.8181818181818182,3,3,1,0,0,1,1,1,0,0,0,0,0,gratuito
5,10000.0,313,0.9233226837060703,10,4,1,0,0,0,1,1,0,1,0,0,1,alto
4,75000.0,120,0.8833333333333333,1,2,1,0,1,1,0,0,0,0,1,1,0,alto
2,3500000.0,113346,0.8052688228962646,18,3,1,0,0,2,0,1,1,0,1,0,0,alto
3,10000.0,0,0.0,3,3,1,0,0,1,1,1,0,0,1,0,0,alto
5,0.0,0,0.0,0,0,1,0,0,0,0,0,0,0,0,0,0,gratuito
3,10000.0,0,0.0,1,2,1,0,0,0,0,0,0,1,0,0,1,alto
1,0.0,0,0.0,1,2,1,0,0,0,0,1,0,0,0,0,0,gratuito
1,0.0,0,0.0,0,0,1,0,0,0,0,0,0,0,0,0,0,gratuito
6,10000.0,2,0.0,12,3,1,0,0,0,1,1,0,0,0,0,0,alto
1,10000.0,295,0.9491525423728814,12,2,1,0,0,0,0,0,0,1,0,0,1,alto
1,0.0,0,0.0,11,4,1,1,1,0,1,1,1,1,0,0,0,medio_alto
8,10000.0,2,0.5,1,4,1,0,0,0,1,1,0,1,0,0,0,medio_baixo
8,10000.0,7,0.7142857142857143,2,4,1,0,1,0,1,0,1,0,1,0,1,alto
8,10000.0,3,0.3333333333333333,1,4,1,0,0,0,1,1,0,0,0,0,1,alto
4,150000.0,518,0.8803088803088803,10,2,1,0,0,1,0,1,0,1,0,0,0,alto
2,35000.0,29,1.0,1,3,1,0,0,0,1,0,0,1,0,0,1,medio_alto
7,10000.0,1,0.0,1,3,1,0,0,0,1,0,0,1,0,0,1,alto
7,10000.0,6,0.5,1,2,1,0,0,0,0,0,0,0,0,0,1,alto
5,10000.0,6,0.3333333333333333,1,2,1,0,0,0,1,0,0,1,0,0,0,baixo
2,0.0,0,0.0,1,6,1,0,0,0,1,1,1,0,1,1,0,gratuito
6,35000.0,843,0.9051008303677343,9,3,1,1,0,2,1,0,0,0,1,1,0,medio_alto
4,35000.0,8,0.5,1,3,1,0,0,0,1,1,0,0,0,0,0,baixo
1,0.0,0,0.0,1,2,1,0,0,0,0,1,0,0,0,1,0,alto
4,0.0,0,0.0,1,1,1,0,0,0,0,0,0,0,0,0,0,gratuito
12,350000.0,994,0.6951710261569416,1,4,1,1,0,1,1,1,0,0,0,0,0,gratuito
3,10000.0,1,0.0,1,1,1,1,1,0,0,0,0,1,0,0,0,alto
4,10000.0,55,0.8545454545454545,1,6,1,1,1,0,1,1,0,1,0,0,1,gratuito
1,10000.0,0,0.0,2,2,1,0,0,0,1,1,0,0,0,0,0,medio_baixo
3,10000.0,1,0.0,1,1,1,0,0,0,0,0,0,1,0,0,0,medio_alto
7,10000.0,78,0.6794871794871795,1,2,1,0,0,0,0,0,1,0,1,0,0,alto
3,35000.0,1078,0.8237476808905381,6,3,1,1,0,0,1,0,1,0,1,0,0,alto
5,35000.0,55,0.7636363636363637,7,1,1,0,0,0,0,0,0,1,0,0,0,baixo
1,0.0,0,0.0,103,3,1,0,0,2,1,0,0,1,0,0,0,medio_baixo
4,10000.0,8,0.75,2,4,1,0,0,1,1,0,0,1,0,0,1,medio_alto
3,10000.0,6,0.8333333333333334,1,1,1,0,0,0,1,0,0,0,0,0,0,medio_baixo
5,10000.0,0,0.0,1,3,1,0,0,0,1,1,1,0,0,0,0,medio_baixo
8,10000.0,3,0.3333333333333333,1,2,1,0,0,0,0,0,0,0,0,1,1,alto
1,10000.0,1,0.0,1,3,1,0,0,0,0,0,0,1,0,1,1,baixo
5,35000.0,622,0.792604501607717,9,5,1,0,0,0,0,0,0,1,0,1,1,alto
8,10000.0,1,1.0,1,4,1,1,0,0,1,1,0,1,0,0,0,alto
3,0.0,0,0.0,22,4,1,1,0,9,1,0,0,1,0,1,0,gratuito
2,10000.0,2,1.0,1,3,1,0,0,0,1,1,0,1,0,0,0,baixo
3,10000.0,0,0.0,5,8,1,0,0,0,0,1,1,1,1,1,1,gratuito
8,10000.0,8,0.125,2,4,1,1,1,0,1,1,1,0,0,0,0,medio_alto
4,10000.0,4,1.0,27,2,1,1,1,0,0,1,1,0,0,0,0,medio_alto
3,10000.0,273,0.8021978021978022,7,4,1,0,0,0,1,1,1,1,0,0,0,medio_alto
5,35000.0,15,0.9333333333333333,2,2,1,0,0,0,0,0,0,1,0,0,0,medio_baixo
9,35000.0,38,0.7894736842105263,1,3,1,0,0,0,1,0,0,0,0,0,0,gratuito
8,10000.0,13,0.6923076923076923,1,5,1,0,0,0,1,0,0,0,0,1,1,alto
8,35000.0,28,0.75,1,3,1,0,0,0,1,1,0,0,0,0,0,gratuito
1,10000.0,0,0.0,2,1,1,0,0,0,0,0,0,0,1,0,0,medio_baixo
2,10000.0,6,1.0,8,5,1,0,0,0,1,1,1,1,0,1,0,medio_alto
5,10000.0,2,0.0,3,3,1,0,0,0,1,1,0,0,1,0,0,alto
15,3500000.0,31362,0.8608188253300172,7,2,1,0,0,24,0,1,0,0,1,0,0,medio_baixo
1,0.0,0,0.0,1,5,1,1,0,0,1,0,0,1,1,0,1,gratuito
12,150000.0,1240,0.9540322580645161,1,2,1,1,0,0,1,0,0,1,0,0,0,medio_alto
3,10000.0,58,0.8793103448275862,3,4,1,0,0,0,1,1,0,1,1,0,0,medio_baixo
6,10000.0,17,0.29411764705882354,9,3,1,0,0,0,1,1,1,0,0,0,0,alto
1,10000.0,2,0.5,1,2,1,0,0,0,0,1,0,0,0,0,0,medio_baixo
4,10000.0,1,0.0,1,6,1,0,0,0,1,1,1,1,0,0,1,medio_alto
1,10000.0,0,0.0,4,4,1,0,0,1,1,0,0,1,1,0,1,alto
2,10000.0,131,0.9694656488549618,2,2,1,0,0,0,1,1,0,0,0,0,0,alto
2,35000.0,6,0.6666666666666666,1,3,1,1,0,0,1,1,0,0,0,0,0,medio_baixo
10,35000.0,83,0.8674698795180723,3,3,1,0,0,0,1,0,1,1,0,0,0,baixo
2,10000.0,1,0.0,2,2,1,0,0,0,1,1,0,0,0,0,0,medio_baixo
1,0.0,0,0.0,1,5,1,0,0,0,1,1,1,0,1,0,0,gratuito
6,10000.0,0,0.0,6,1,1,1,1,0,0,0,0,1,0,0,0,medio_alto
4,0.0,0,0.0,1,1,1,0,0,0,0,0,0,0,0,0,0,gratuito
6,35000.0,432,0.9074074074074074,1,4,1,1,1,0,1,0,1,1,0,0,0,gratuito
9,10000.0,1,1.0,1,2,1,0,0,0,1,1,0,0,0,0,0,baixo
2,35000.0,654,0.8960244648318043,2,2,1,1,0,1,0,0,0,1,0,0,1,medio_baixo
3,10000.0,2,1.0,1,2,1,1,0,0,0,0,1,1,0,0,0,medio_alto
12,75000.0,549,0.9271402550091075,1,3,1,0,0,0,0,1,1,0,1,0,0,medio_alto
8,750000.0,3575,0.84,2,6,1,0,0,1,1,1,1,1,1,0,1,baixo
9,75000.0,50,0.46,1,4,1,0,0,0,1,0,1,1,1,0,0,baixo
3,0.0,0,0.0,1,7,1,1,0,0,1,1,1,0,1,0,0,gratuito
4,10000.0,9,0.5555555555555556,1,3,1,1,1,0,1,0,0,1,0,0,0,gratuito
8,35000.0,145,0.7448275862068966,1,2,1,0,0,0,1,0,0,1,0,0,0,baixo
1,10000.0,0,0.0,6,3,1,0,0,0,1,0,0,0,0,1,0,medio_alto
11,10000.0,14,0.7142857142857143,1,3,1,1,1,0,1,1,0,0,0,0,0,alto
5,0.0,0,0.0,1,3,1,0,0,0,1,1,1,0,0,0,0,gratuito
1,0.0,0,0.0,0,0,1,0,0,0,0,0,0,0,0,0,0,gratuito
1,0.0,0,0.0,15,3,1,0,0,0,1,1,0,0,0,1,0,medio_baixo
5,0.0,0,0.0,0,0,1,0,0,0,0,0,0,0,0,0,0,gratuito
3,3500000.0,64032,0.7839517741129435,10,3,1,0,0,1,1,1,0,1,0,0,0,alto
3,10000.0,9,0.8888888888888888,1,2,1,0,0,0,1,0,0,1,0,0,0,baixo
5,10000.0,15,0.26666666666666666,1,1,1,0,0,0,0,1,0,0,0,0,0,baixo
11,10000.0,13,0.46153846153846156,1,2,1,1,0,0,1,1,0,0,0,0,0,gratuito
2,10000.0,13,1.0,5,3,1,0,1,0,1,1,1,0,0,0,0,medio_alto
9,350000.0,7377,0.8571234919343906,12,2,1,1,1,1,1,0,1,0,0,0,0,baixo
3,0.0,0,0.0,1,2,1,0,0,0,0,0,0,0,1,1,0,gratuito
4,10000.0,0,0.0,1,2,1,0,0,0,0,0,1,0,0,0,0,medio_alto
6,10000.0,63,0.7777777777777778,1,1,1,0,0,0,0,1,0,0,0,0,0,medio_alto
6,10000.0,3,0.0,1,2,1,0,0,0,1,0,0,1,0,0,0,alto
2,10000.0,3,0.6666666666666666,2,2,1,0,0,0,1,0,0,0,0,1,0,baixo
7,10000.0,30,0.6333333333333333,2,3,1,0,0,0,0,1,1,0,0,0,0,gratuito
3,350000.0,2,0.5,1,4,1,0,0,0,1,1,1,1,0,0,0,medio_alto
10,10000.0,2,0.5,1,7,1,0,0,0,1,1,1,0,1,1,0,alto
11,35000.0,116,0.8189655172413793,13,2,1,1,1,1,1,1,0,0,0,0,0,medio_alto
12,350000.0,552,0.5652173913043478,1,2,1,0,0,0,1,0,1,0,0,0,0,alto
1,0.0,0,0.0,0,0,1,0,0,0,0,0,0,0,0,0,0,gratuito
9,75000.0,237,0.6160337552742616,1,3,1,0,0,0,1,0,1,0,0,0,0,gratuito
4,10000.0,8,0.875,1,3,1,0,0,0,0,1,1,0,0,0,0,gratuito
2,10000.0,10,0.9,6,2,1,0,0,0,0,0,1,0,1,0,0,baixo
1,0.0,0,0.0,2,3,1,0,0,0,0,0,0,0,0,0,0,alto
1,0.0,0,0.0,0,0,1,0,0,0,0,0,0,0,0,0,0,gratuito
1,10000.0,5,0.8,6,2,1,0,0,0,0,0,0,0,1,1,0,medio_alto
3,0.0,0,0.0,1,3,1,0,0,0,1,1,0,0,0,0,0,gratuito
4,10000.0,6,0.5,1,4,1,0,0,0,0,1,0,1,0,1,1,baixo
1,10000.0,0,0.0,1,1,1,0,0,0,0,0,1,0,0,0,0,baixo
5,10000.0,47,0.9787234042553191,2,3,1,0,0,0,1,0,0,1,0,0,1,medio_alto
12,75000.0,834,0.7601918465227818,1,3,1,0,0,0,1,1,1,0,0,0,0,baixo
7,10000.0,0,0.0,103,2,1,0,0,2,1,0,0,1,0,0,0,baixo
3,10000.0,0,0.0,5,1,1,1,1,1,0,0,1,0,0,0,0,medio_alto
1,10000.0,0,0.0,1,3,1,0,0,0,1,0,1,1,0,0,0,medio_alto
1,10000.0,0,0.0,14,6,1,0,0,0,1,1,1,1,1,0,1,medio_alto
4,10000.0,0,0.0,15,4,1,0,0,0,1,0,0,1,1,0,1,medio_alto
7,10000.0,1,0.0,2,3,1,1,0,1,1,0,1,1,0,0,0,baixo
11,35000.0,138,0.7898550724637681,1,1,1,1,0,0,0,0,1,0,0,0,0,medio_alto
3,10000.0,1,1.0,1,1,1,0,0,0,0,0,1,0,0,0,0,medio_alto
2,10000.0,326,0.9478527607361963,10,3,1,0,0,2,1,1,1,0,0,0,0,medio_baixo
6,10000.0,10,1.0,3,4,1,0,0,0,1,0,0,1,0,0,1,medio_alto
1,0.0,0,0.0,0,0,1,0,0,0,0,0,0,0,0,0,0,gratuito
5,35000.0,11,1.0,2,2,1,1,1,0,1,1,0,0,0,0,0,alto
6,75000.0,186,0.8602150537634409,7,2,1,1,1,0,1,0,1,0,0,0,0,gratuito
8,10000.0,19,0.7368421052631579,1,5,1,1,1,0,1,1,0,1,0,1,0,alto
5,10000.0,60,0.9,1,1,1,1,0,0,0,0,0,1,0,0,0,baixo
2,10000.0,218,0.9220183486238532,9,4,1,0,0,2,1,0,1,0,1,0,1,alto
2,10000.0,42,0.8571428571428571,1,3,1,0,0,0,1,1,0,1,0,0,0,gratuito
3,10000.0,6,1.0,2,1,1,0,0,0,0,0,1,0,0,0,0,alto
2,10000.0,1,1.0,1,4,1,0,0,0,1,0,0,1,0,0,1,medio_alto
2,10000.0,50,1.0,7,3,1,0,0,0,1,1,0,1,0,0,0,medio_baixo
11,75000.0,194,0.6391752577319587,1,1,1,0,0,0,0,0,0,0,0,0,0,alto
4,10000.0,19,0.42105263157894735,2,8,1,0,0,0,1,1,1,1,0,1,1,alto
10,35000.0,164,0.8048780487804879,2,4,1,0,0,0,0,0,0,0,0,0,0,medio_alto
8,10000.0,0,0.0,1,4,1,0,0,0,1,0,1,1,0,1,0,medio_alto
3,10000.0,12,0.8333333333333334,1,3,1,0,0,0,1,1,1,0,0,0,0,alto
5,10000.0,99,0.8888888888888888,1,1,1,0,0,0,0,0,1,0,0,0,0,gratuito
1,10000.0,0,0.0,1,2,1,0,0,0,1,1,0,0,0,0,0,medio_baixo
6,10000.0,8,0.625,2,4,1,0,0,0,1,0,0,1,0,1,1,baixo
10,10000.0,40,0.6,5,3,1,1,0,0,1,0,1,1,0,0,0,medio_baixo
4,10000.0,0,0.0,2,2,1,0,0,0,0,0,0,1,0,1,0,medio_alto
4,10000.0,0,0.0,1,1,1,0,0,0,1,0,0,0,0,0,0,medio_alto
6,10000.0,36,0.8055555555555556,1,3,1,0,0,0,0,0,0,1,0,0,1,gratuito
6,750000.0,14,0.5714285714285714,1,2,1,0,0,0,0,0,1,0,1,0,0,medio_alto
2,10000.0,11,1.0,4,3,1,0,0,0,1,0,1,0,0,0,1,medio_baixo
2,10000.0,0,0.0,12,6,1,0,0,2,1,1,1,1,0,0,0,gratuito
2,0.0,0,0.0,0,0,1,0,0,0,0,0,0,0,0,0,0,gratuito
2,10000.0,61,0.8360655737704918,1,3,1,0,0,0,1,0,1,0,0,1,0,medio_baixo
2,35000.0,754,0.33687002652519893,12,2,1,0,0,4,0,1,1,0,0,0,0,alto
6,10000.0,0,0.0,1,2,1,0,0,0,1,1,0,0,0,0,0,medio_baixo
2,10000.0,0,0.0,3,7,1,0,0,0,1,1,1,1,1,0,1,gratuito
6,35000.0,92,0.7391304347826086,2,1,1,1,0,0,0,0,0,0,0,1,0,alto
2,10000.0,0,0.0,6,4,1,0,0,0,1,0,1,1,0,0,0,alto
2,10000.0,20,0.9,1,3,1,0,0,0,1,1,1,0,0,0,0,medio_baixo
2,10000.0,3,0.0,2,4,1,0,0,0,1,0,0,1,1,0,1,baixo
3,10000.0,13,0.3076923076923077,1,4,1,0,0,0,0,0,1,0,1,1,0,gratuito
8,10000.0,4,1.0,1,1,1,0,0,0,0,0,0,0,1,0,0,alto
2,0.0,0,0.0,0,0,1,0,0,0,0,0,0,0,0,0,0,gratuito
5,10000.0,11,0.9090909090909091,5,2,1,0,0,0,0,0,0,1,0,1,0,medio_baixo
3,35000.0,6,0.8333333333333334,1,2,1,0,0,0,0,0,1,0,0,0,0,gratuito
4,75000.0,16,1.0,1,5,1,0,0,0,1,1,0,1,0,1,1,medio_baixo
8,10000.0,1,1.0,1,2,1,0,0,0,1,0,0,1,0,0,0,baixo
5,10000.0,1,1.0,1,1,1,0,0,0,0,0,0,1,0,0,0,alto
4,10000.0,18,0.8333333333333334,8,3,1,1,0,0,0,0,1,1,0,1,0,alto
1,10000.0,0,0.0,1,1,1,0,0,0,1,0,0,0,0,0,0,medio_baixo
5,0.0,0,0.0,1,5,1,0,0,0,0,1,1,1,1,0,0,gratuito
3,0.0,0,0.0,0,0,1,0,0,0,0,0,0,0,0,0,0,gratuito
5,0.0,0,0.0,0,0,1,0,0,0,0,0,0,0,0,0,0,gratuito
4,0.0,0,0.0,1,3,1,0,0,0,0,1,0,1,0,0,0,gratuito
2,10000.0,3,1.0,1,1,1,0,0,1,0,0,0,1,0,0,0,baixo
4,10000.0,20,0.8,1,3,1,0,0,0,1,1,0,0,1,0,0,medio_baixo
7,10000.0,0,0.0,5,1,1,1,1,0,0,0,0,1,0,0,0,medio_baixo
3,10000.0,155,0.8193548387096774,2,2,1,0,0,0,1,0,0,1,0,0,0,baixo
1,10000.0,0,0.0,9,3,1,0,0,0,1,0,0,1,0,0,1,baixo
9,35000.0,124,0.8629032258064516,1,4,1,0,0,9,1,0,0,1,0,0,1,medio_baixo
5,150000.0,1132,0.9090106007067138,1,3,1,0,0,0,1,0,0,1,0,0,1,medio_alto
5,10000.0,6,0.3333333333333333,1,2,1,0,0,0,1,0,0,0,0,0,1,medio_alto
7,10000.0,36,0.8333333333333334,1,2,1,0,0,0,1,1,0,0,0,0,0,alto
7,10000.0,46,0.7391304347826086,3,3,1,1,1,0,1,0,0,0,0,1,1,gratuito
5,10000.0,7,0.42857142857142855,1,1,1,0,0,0,0,0,0,0,0,0,1,medio_alto
7,150000.0,2215,0.9169300225733634,8,3,1,0,0,0,1,1,0,0,0,0,0,medio_baixo
2,10000.0,40,0.6,1,3,1,0,0,0,1,1,0,0,0,0,0,gratuito
1,10000.0,11,1.0,1,3,1,0,1,0,1,0,0,1,0,1,0,alto
8,10000.0,57,0.9298245614035088,1,2,1,1,1,0,0,0,0,0,0,0,0,gratuito
8,35000.0,103,0.7864077669902912,1,2,1,0,0,0,0,0,0,0,1,1,0,alto
9,10000.0,19,0.5789473684210527,1,1,1,0,0,0,0,1,0,0,0,0,0,gratuito
7,10000.0,0,0.0,29,3,1,0,0,1,1,0,1,1,0,0,0,baixo
4,10000.0,75,0.5866666666666667,1,5,1,0,0,0,1,1,0,0,0,0,1,alto
1,10000.0,0,0.0,1,2,1,0,0,0,0,0,1,0,0,0,1,medio_alto
12,150000.0,231,0.8095238095238095,8,3,1,1,1,0,1,1,0,0,0,0,0,baixo
11,10000.0,21,0.8095238095238095,1,1,1,0,0,0,0,0,0,1,0,0,0,gratuito
1,10000.0,0,0.0,1,1,1,0,0,0,1,0,0,0,0,0,0,baixo
10,35000.0,122,0.5819672131147541,1,1,1,0,0,0,0,0,1,0,0,0,0,medio_baixo
2,10000.0,7,0.5714285714285714,30,5,1,0,0,0,1,1,1,1,0,0,0,gratuito
6,35000.0,20,1.0,3,3,1,0,0,0,1,1,0,1,0,0,0,baixo
1,10000.0,58,0.9137931034482759,1,3,1,0,0,0,1,0,1,1,0,0,0,baixo
9,35000.0,169,0.5088757396449705,1,4,1,0,0,0,1,0,1,1,0,0,0,gratuito
5,35000.0,122,0.9344262295081968,7,3,1,1,0,0,1,1,1,0,0,0,0,alto
2,0.0,0,0.0,1,2,1,1,1,0,0,1,0,0,0,0,0,gratuito
2,75000.0,897,0.8450390189520625,6,4,1,1,1,1,1,0,1,0,1,0,0,alto
3,350000.0,7044,0.6626916524701874,20,4,1,0,0,2,1,0,1,0,1,0,0,alto
3,150000.0,1375,0.8145454545454546,2,3,1,1,0,0,0,1,0,1,0,1,0,medio_baixo
16,10000.0,36,0.6666666666666666,1,2,1,0,0,0,1,0,0,1,0,0,0,baixo
3,150000.0,1490,0.9201342281879195,4,2,1,1,0,2,1,0,1,0,0,0,0,medio_alto
2,10000.0,23,1.0,15,2,1,0,0,0,1,0,1,0,0,0,0,baixo
2,10000.0,6,1.0,2,4,1,0,0,0,1,1,0,1,0,0,1,medio_alto
5,10000.0,14,1.0,3,2,1,0,0,1,1,1,0,0,0,0,0,medio_alto
8,10000.0,1,1.0,1,1,1,0,0,0,0,1,0,0,0,0,0,alto
9,35000.0,42,0.5238095238095238,2,5,1,1,1,0,1,0,0,1,0,1,1,baixo
7,10000.0,13,0.8461538461538461,2,4,1,0,0,1,1,0,0,1,1,1,0,baixo
6,150000.0,144,0.7916666666666666,2,3,1,0,0,2,0,0,0,0,0,1,1,alto
8,75000.0,295,0.5728813559322034,6,4,1,0,0,0,0,1,0,0,0,1,0,gratuito
4,10000.0,15,0.9333333333333333,7,4,1,0,0,0,1,1,1,0,0,0,0,baixo
8,35000.0,562,0.7526690391459074,9,2,1,1,0,1,1,0,1,0,0,0,0,baixo
1,0.0,0,0.0,1,2,1,0,0,0,1,0,0,1,0,0,0,baixo
10,10000.0,95,0.7789473684210526,5,2,1,0,0,0,1,0,1,0,0,0,0,medio_alto
9,10000.0,29,0.9310344827586207,11,2,1,1,0,0,0,0,1,1,0,0,0,medio_baixo
2,10000.0,1,0.0,2,2,1,0,0,0,1,0,0,0,0,0,1,medio_alto
3,10000.0,0,0.0,2,3,1,0,0,0,1,1,0,1,0,0,0,medio_alto
6,3500000.0,71208,0.875491517806988,11,2,1,0,0,0,0,1,1,0,0,0,0,medio_alto
7,10000.0,11,0.6363636363636364,1,5,1,0,0,0,1,0,1,1,0,1,1,medio_alto
3,0.0,0,0.0,3,3,1,1,0,0,1,0,0,1,0,0,0,gratuito
1,0.0,0,0.0,1,7,1,1,1,0,1,0,0,1,1,1,1,gratuito
11,35000.0,668,0.9296407185628742,2,1,1,0,0,1,0,0,1,0,0,0,0,medio_alto
4,35000.0,171,0.8947368421052632,6,3,1,0,1,0,0,1,1,0,1,0,0,medio_alto
9,10000.0,748,0.9585561497326203,2,1,1,0,0,2,0,0,1,0,0,0,0,alto
3,35000.0,9,0.5555555555555556,1,4,1,0,0,0,0,0,0,0,0,1,1,gratuito
6,10000.0,6,0.3333333333333333,1,1,1,0,0,0,0,0,1,0,0,0,0,alto
4,75000.0,1250,0.9144,13,2,1,0,0,1,1,0,1,0,0,0,0,alto
2,10000.0,37,0.918918918918919,1,4,1,0,0,0,1,0,1,1,0,0,1,medio_baixo
1,0.0,0,0.0,1,3,1,0,0,0,1,0,1,0,0,0,0,gratuito
2,10000.0,0,0.0,5,1,1,1,1,0,0,0,0,1,0,0,0,medio_alto
3,10000.0,0,0.0,3,1,1,0,0,0,0,0,0,0,0,1,0,medio_alto
10,10000.0,205,0.9463414634146341,2,2,1,0,0,9,1,1,0,0,0,0,0,medio_baixo
5,10000.0,63,0.873015873015873,1,4,1,1,0,0,0,0,1,1,0,1,0,gratuito
1,0.0,0,0.0,5,1,1,0,0,0,1,0,0,0,0,0,0,medio_baixo
5,10000.0,26,0.5769230769230769,12,1,1,0,0,0,0,0,1,0,0,0,0,medio_baixo
11,10000.0,49,0.8163265306122449,1,2,1,1,1,0,1,0,0,0,1,0,0,medio_baixo
3,10000.0,60,0.8333333333333334,11,3,1,0,0,0,1,1,1,0,0,0,0,medio_alto
4,10000.0,3,1.0,1,2,1,0,0,0,0,1,1,0,0,0,0,medio_alto
2,35000.0,2,1.0,1,2,1,0,0,0,0,0,0,1,1,0,0,baixo
2,0.0,0,0.0,0,0,1,0,0,0,0,0,0,0,0,0,0,gratuito
5,10000.0,9,0.7777777777777778,2,3,1,0,0,0,1,0,0,1,0,0,1,medio_alto
3,10000.0,10,0.9,1,3,1,0,1,0,0,1,0,0,0,1,0,gratuito
10,10000.0,15,0.7333333333333333,2,1,1,0,0,0,0,0,0,0,0,0,0,medio_baixo
2,10000.0,4,0.75,2,1,1,0,0,0,0,0,0,0,0,1,0,medio_baixo
4,10000.0,14,0.9285714285714286,1,6,1,0,0,0,1,1,1,1,0,1,0,gratuito
1,0.0,0,0.0,0,0,1,0,0,0,0,0,0,0,0,0,0,gratuito
8,10000.0,39,0.6410256410256411,1,1,1,0,0,0,0,0,0,1,0,0,0,medio_alto
9,35000.0,58,0.5344827586206896,3,3,1,0,0,0,1,1,0,1,0,0,0,baixo
5,0.0,0,0.0,1,5,1,0,0,0,1,0,1,1,0,0,1,gratuito
2,10000.0,1,1.0,29,2,1,0,0,0,1,0,0,1,0,0,0,medio_baixo
1,0.0,0,0.0,9,1,1,1,1,0,0,0,0,1,0,0,0,baixo
9,10000.0,7,0.2857142857142857,1,4,1,1,0,0,0,1,1,0,0,1,1,medio_alto
2,10000.0,10,0.7,2,4,1,0,0,0,1,1,1,0,1,0,0,alto
10,10000.0,5,1.0,1,2,1,1,0,0,1,1,0,0,0,0,0,medio_alto
8,350000.0,3798,0.942074776197999,5,1,1,0,0,26,0,1,0,0,0,0,0,medio_alto
10,10000.0,79,0.27848101265822783,1,7,1,1,1,0,1,1,1,1,1,1,0,gratuito
2,10000.0,7,1.0,3,2,1,0,0,0,0,0,0,1,0,1,0,medio_baixo
8,10000.0,78,0.7564102564102564,1,4,1,0,0,0,1,1,1,1,0,0,0,baixo
2,10000.0,1,1.0,8,2,1,0,0,0,1,0,0,1,0,0,0,medio_baixo
3,10000.0,164,0.4878048780487805,5,3,1,0,0,0,0,1,1,0,1,0,0,alto
1,0.0,0,0.0,1,1,1,0,0,0,0,0,1,0,0,0,0,medio_alto
1,75000.0,1195,0.9723849372384937,2,1,1,0,0,0,0,1,0,0,0,0,0,baixo
6,75000.0,69,0.8260869565217391,3,3,1,1,0,1,1,0,0,1,0,1,0,medio_baixo
4,35000.0,200,0.665,19,3,1,0,0,5,1,1,0,0,0,0,0,gratuito
1,0.0,0,0.0,0,0,1,0,0,0,0,0,0,0,0,0,0,gratuito
1,0.0,0,0.0,0,0,1,0,0,0,0,0,0,0,0,0,0,gratuito
10,10000.0,16,0.875,1,1,1,1,1,0,0,0,0,0,0,0,1,alto
1,0.0,0,0.0,1,3,1,0,0,0,0,0,0,0,0,0,0,baixo
4,10000.0,38,0.8157894736842105,1,4,1,0,0,0,1,1,1,0,0,0,0,gratuito
4,10000.0,3,1.0,2,2,1,0,0,0,0,0,0,0,1,0,1,medio_baixo
17,35000.0,297,0.8720538720538721,1,1,1,0,0,0,0,1,0,0,0,0,0,alto
1,0.0,0,0.0,15,5,1,1,0,0,0,0,0,1,0,1,1,gratuito
5,10000.0,24,1.0,9,2,1,0,0,0,1,0,0,1,0,0,0,alto
3,35000.0,6,0.8333333333333334,1,2,1,0,0,0,0,0,0,0,0,0,0,baixo
7,10000.0,20,0.8,29,6,1,0,0,0,1,0,0,1,1,1,1,baixo
4,750000.0,12678,0.8028080138823158,13,5,1,0,0,1,1,1,0,0,0,1,0,alto
5,0.0,0,0.0,0,0,1,0,0,0,0,0,0,0,0,0,0,gratuito
6,10000.0,12,0.9166666666666666,1,3,1,0,1,0,1,0,0,1,0,0,1,medio_baixo
8,10000.0,0,0.0,1,1,1,0,0,0,0,0,0,0,1,0,0,alto
8,10000.0,6,1.0,1,3,1,0,0,0,1,1,0,0,1,0,0,baixo
11,350000.0,3491,0.8582068175307934,10,3,1,1,1,5,1,1,1,0,0,0,0,medio_alto
12,150000.0,514,0.5894941634241245,7,4,1,0,0,7,1,0,0,1,0,1,1,medio_alto
8,10000.0,7,0.14285714285714285,1,1,1,0,0,0,0,0,0,0,0,0,0,medio_baixo
5,10000.0,13,0.9230769230769231,1,3,1,0,0,0,1,0,0,1,0,1,0,baixo
9,10000.0,14,0.7142857142857143,1,4,1,0,0,0,1,0,1,0,0,0,1,medio_alto
6,35000.0,338,0.7455621301775148,3,2,1,1,1,1,1,1,0,0,0,0,0,medio_alto
8,10000.0,55,0.9454545454545454,1,2,1,0,1,0,1,0,0,0,0,0,1,medio_alto
1,10000.0,1,1.0,5,2,1,0,0,0,1,1,0,0,0,0,0,medio_baixo
3,0.0,0,0.0,0,0,1,0,0,0,0,0,0,0,0,0,0,gratuito
4,10000.0,22,0.9090909090909091,2,1,1,1,0,1,0,0,1,0,0,0,0,alto
8,150000.0,1008,0.7807539682539683,11,3,1,1,1,0,1,0,1,0,1,0,0,baixo
2,35000.0,13,0.7692307692307693,2,2,1,0,0,0,1,0,1,0,0,0,0,medio_baixo
8,35000.0,7,0.7142857142857143,103,3,1,0,0,0,1,1,0,1,0,0,0,baixo
2,10000.0,0,0.0,1,3,1,0,0,0,1,0,1,0,1,0,0,medio_alto
3,0.0,0,0.0,1,1,1,0,0,0,0,1,0,0,0,0,0,gratuito
8,10000.0,0,0.0,1,6,1,0,0,0,1,0,1,1,0,1,1,baixo
2,10000.0,2,1.0,1,1,1,1,0,0,0,0,0,0,0,0,0,medio_baixo
7,35000.0,743,0.9475100942126514,10,2,1,1,1,1,1,0,1,0,0,0,0,alto
12,7500000.0,110967,0.9150738507844675,10,1,1,1,1,0,0,1,0,0,0,0,0,medio_baixo
1,0.0,0,0.0,1,5,1,0,0,1,1,1,1,1,0,0,0,gratuito
1,10000.0,1,0.0,1,3,1,0,0,0,1,0,0,1,0,0,0,medio_baixo
2,10000.0,3,0.6666666666666666,2,3,1,0,0,0,1,0,1,1,0,0,0,medio_alto
10,10000.0,44,0.7954545454545454,1,3,1,0,0,0,1,1,0,0,0,0,1,alto
3,10000.0,7,0.8571428571428571,1,2,1,0,0,0,1,0,0,1,0,0,0,baixo
1,10000.0,0,0.0,1,5,1,0,0,0,1,1,0,1,0,1,0,alto
2,10000.0,25,0.96,35,4,1,0,1,0,1,1,1,0,0,1,0,baixo
1,10000.0,0,0.0,2,4,1,0,0,0,1,1,0,1,0,1,0,medio_alto
7,10000.0,3,1.0,1,2,1,0,0,0,1,1,0,0,0,0,0,baixo
9,10000.0,2,0.0,1,2,1,0,0,0,0,0,1,0,0,0,0,medio_alto
16,750000.0,4867,0.870351345798233,5,1,1,1,1,5,0,0,0,0,0,1,0,medio_baixo
16,150000.0,2481,0.44417573559048773,1,1,1,0,0,0,0,0,0,0,0,0,1,medio_baixo
3,10000.0,50,0.96,3,1,1,0,0,0,0,0,0,1,0,0,0,baixo
5,35000.0,109,0.944954128440367,1,2,1,1,0,1,1,0,1,0,0,0,0,alto
3,10000.0,34,0.8823529411764706,1,3,1,1,1,0,1,0,0,0,1,1,0,alto
5,35000.0,402,0.9651741293532339,3,5,1,0,0,0,1,1,1,0,1,0,0,medio_baixo
1,0.0,0,0.0,103,2,1,0,0,0,0,1,1,0,0,0,0,baixo
12,150000.0,2207,0.8251019483461712,1,4,1,1,0,1,1,1,1,0,1,0,0,baixo
3,10000.0,3,1.0,1,2,1,0,0,0,1,0,0,1,0,0,0,baixo
1,0.0,0,0.0,2,3,1,0,0,0,1,1,0,0,0,1,0,medio_alto
2,10000.0,0,0.0,5,7,1,0,0,0,1,1,1,0,1,0,1,gratuito
1,10000.0,0,0.0,3,1,1,0,0,0,0,0,0,0,1,0,0,alto
9,10000.0,25,0.96,1,3,1,0,0,0,1,1,1,0,0,0,0,alto
1,0.0,0,0.0,0,0,1,0,0,0,0,0,0,0,0,0,0,gratuito
6,10000.0,33,0.9090909090909091,7,3,1,1,1,0,1,0,1,1,0,0,0,medio_baixo
7,10000.0,65,0.8923076923076924,1,3,1,1,1,1,1,0,0,1,0,1,0,alto
8,35000.0,187,0.7754010695187166,8,2,1,0,0,0,1,0,1,0,0,0,0,alto
5,35000.0,494,0.8987854251012146,2,1,1,0,0,0,0,0,0,0,1,0,0,alto
1,10000.0,0,0.0,7,4,1,0,0,1,1,0,0,1,0,1,1,alto
2,10000.0,58,0.9137931034482759,2,2,1,0,1,0,1,0,0,1,0,0,0,alto
8,150000.0,1691,0.7764636309875813,8,5,1,1,1,4,1,0,1,0,1,1,1,medio_baixo
10,10000.0,12,0.75,4,4,1,0,0,0,1,1,0,1,0,0,1,baixo
2,10000.0,1,1.0,1,3,1,0,0,0,1,1,1,0,0,0,0,medio_alto
7,75000.0,397,0.8664987405541562,2,5,1,0,0,0,1,1,1,1,1,0,0,medio_alto
8,10000.0,14,0.7857142857142857,1,3,1,0,0,0,1,1,0,0,0,0,0,medio_alto
5,35000.0,2,0.5,1,3,1,0,0,0,1,1,0,0,0,0,1,baixo
4,10000.0,8,0.875,1,4,1,0,0,0,1,1,1,1,0,0,0,baixo
2,10000.0,5,1.0,1,3,1,0,0,0,1,0,1,0,0,0,1,medio_baixo
1,10000.0,1,0.0,2,4,1,0,0,0,1,0,1,1,0,0,0,gratuito
5,10000.0,23,0.4782608695652174,2,4,1,0,0,0,1,0,0,1,0,1,1,medio_alto
2,10000.0,2,1.0,1,3,1,0,0,0,1,0,0,1,1,0,0,baixo
2,10000.0,2,1.0,9,1,1,0,0,0,0,0,0,0,0,0,0,medio_alto
3,10000.0,0,0.0,2,2,1,0,0,0,1,0,0,0,0,0,1,medio_alto
8,10000.0,9,0.3333333333333333,1,6,1,0,0,0,1,1,0,1,0,0,1,alto
7,10000.0,21,0.5238095238095238,2,4,1,0,0,0,1,1,1,0,0,0,1,medio_alto
1,10000.0,0,0.0,5,5,1,0,0,0,1,0,0,1,0,1,1,alto
5,10000.0,10,0.9,7,7,1,0,0,0,1,1,1,1,0,0,1,baixo
1,10000.0,0,0.0,31,2,1,0,0,0,1,0,0,1,0,0,0,baixo
9,35000.0,300,0.93,1,3,1,0,0,0,1,1,1,0,0,0,0,alto
1,0.0,0,0.0,1,1,1,1,0,1,0,0,0,0,0,0,0,gratuito
3,0.0,0,0.0,1,2,1,0,0,0,0,0,0,0,0,1,0,gratuito
5,35000.0,881,0.8263337116912599,8,5,1,0,0,0,1,1,0,1,0,0,1,baixo
3,150000.0,10,0.4,1,4,1,0,0,0,1,0,1,0,1,0,0,alto
2,10000.0,0,0.0,1,2,1,0,0,0,1,0,0,0,0,0,0,gratuito
2,10000.0,3,1.0,8,2,1,0,0,0,1,0,0,1,0,0,0,medio_baixo
3,10000.0,0,0.0,1,2,1,1,1,4,0,0,0,1,0,0,1,alto
5,35000.0,109,0.8899082568807339,1,4,1,1,0,0,1,1,1,0,0,0,0,gratuito
8,10000.0,0,0.0,1,3,1,0,0,0,1,1,0,0,0,0,0,medio_alto
4,10000.0,73,0.6712328767123288,1,6,1,0,0,0,1,1,1,1,1,1,0,baixo
10,35000.0,49,0.5918367346938775,3,1,1,0,0,0,0,0,0,0,0,0,0,gratuito
1,0.0,0,0.0,0,0,1,0,0,0,0,0,0,0,0,0,0,gratuito
7,35000.0,84,0.8452380952380952,1,3,1,1,0,3,1,0,0,1,0,0,0,gratuito
10,10000.0,33,0.8787878787878788,1,2,1,1,1,0,1,0,0,1,0,0,0,baixo
2,10000.0,86,0.872093023255814,3,3,1,0,1,0,1,1,0,1,0,0,0,medio_alto
3,10000.0,48,0.7916666666666666,4,3,1,0,0,0,0,0,0,1,0,1,0,medio_alto
2,10000.0,44,0.75,1,3,1,0,0,0,1,0,1,1,0,0,0,baixo
3,10000.0,15,0.8666666666666667,1,1,1,0,0,0,1,0,0,0,0,0,0,medio_baixo
4,35000.0,110,0.9,13,2,1,0,0,1,1,1,0,0,0,0,0,medio_baixo
9,10000.0,18,0.8333333333333334,1,1,1,0,0,0,0,0,0,0,0,0,1,medio_baixo
4,10000.0,100,0.66,1,3,1,0,0,0,1,0,0,1,0,0,1,baixo
1,0.0,0,0.0,1,4,1,0,0,11,1,0,0,1,0,1,0,gratuito
5,10000.0,22,1.0,2,3,1,0,1,0,1,1,0,1,0,0,0,baixo
3,10000.0,6,0.6666666666666666,1,2,1,0,0,0,0,1,1,0,0,0,0,gratuito
8,10000.0,2,1.0,1,1,1,1,1,0,0,1,0,0,0,0,0,medio_baixo
6,1500000.0,16681,0.9407109885498471,14,3,1,0,0,1,0,1,1,1,0,0,0,alto
11,75000.0,122,0.680327868852459,1,4,1,0,0,0,1,0,1,1,1,0,0,baixo
9,10000.0,13,0.3076923076923077,1,3,1,1,1,0,1,0,1,0,0,0,1,alto
5,10000.0,46,0.717391304347826,1,6,1,0,0,0,1,1,1,1,1,0,0,alto
10,10000.0,25,0.56,1,3,1,0,0,1,1,0,0,0,0,1,1,medio_baixo
8,10000.0,32,0.5,2,3,1,0,0,0,1,1,0,0,1,0,0,baixo
6,10000.0,2,0.5,1,4,1,0,0,0,1,1,1,0,1,0,0,medio_baixo
8,1500000.0,56,0.875,1,3,1,0,0,0,1,1,0,1,0,0,0,medio_baixo
9,35000.0,328,0.45121951219512196,9,3,1,1,1,0,1,0,1,0,1,0,0,baixo
2,10000.0,12,1.0,4,2,1,0,0,0,1,0,0,1,0,0,0,medio_alto
9,150000.0,1130,0.9389380530973451,1,4,1,0,0,0,1,1,1,0,0,0,1,medio_alto
8,35000.0,5,0.8,1,3,1,0,0,2,1,0,0,0,1,1,0,alto
4,10000.0,75,0.9733333333333334,4,4,1,0,0,1,1,0,0,1,0,0,1,gratuito
3,10000.0,1,1.0,2,1,1,0,0,0,1,0,0,0,0,0,0,medio_alto
2,10000.0,0,0.0,4,3,1,0,0,0,1,0,0,1,1,0,0,medio_baixo
4,10000.0,0,0.0,5,8,1,0,0,0,1,1,0,1,1,1,0,gratuito
4,0.0,0,0.0,0,0,1,0,0,0,0,0,0,0,0,0,0,gratuito
3,75000.0,136,0.7352941176470589,5,2,1,1,0,0,0,0,0,0,1,0,1,medio_alto
2,75000.0,1885,0.9517241379310345,12,3,1,0,0,1,1,0,0,0,1,1,0,alto
6,150000.0,153,0.869281045751634,14,5,1,0,0,5,1,1,1,1,0,0,0,baixo
4,10000.0,0,0.0,2,1,1,0,0,0,0,0,1,0,0,0,0,medio_alto
1,10000.0,0,0.0,2,5,1,0,0,0,1,0,0,1,1,1,1,alto
4,10000.0,0,0.0,1,1,1,0,0,0,0,0,1,0,0,0,0,baixo
2,10000.0,216,0.7962962962962963,7,2,1,0,0,1,1,0,1,0,0,0,0,alto
4,0.0,0,0.0,0,0,1,0,0,0,0,0,0,0,0,0,0,gratuito
9,75000.0,25,0.68,1,4,1,0,0,0,1,0,1,0,0,0,0,alto
6,35000.0,107,0.794392523364486,3,2,1,0,0,0,1,0,0,0,1,0,0,medio_alto
10,350000.0,4102,0.9658703071672355,2,3,1,1,1,0,1,0,1,1,0,0,0,alto
5,0.0,0,0.0,1,3,1,0,0,64,0,0,0,1,0,0,0,gratuito
7,1500000.0,39485,0.9370393820438141,11,3,1,0,0,6,0,1,1,0,1,0,0,alto
2,0.0,0,0.0,103,9,1,1,1,0,1,1,1,1,1,1,1,alto
11,10000.0,18,0.3333333333333333,1,3,1,0,0,0,1,1,0,1,0,0,0,medio_baixo
3,10000.0,24,0.8333333333333334,1,3,1,0,0,0,1,1,0,1,0,0,0,baixo
1,10000.0,63,0.7777777777777778,12,4,1,0,0,0,1,1,0,1,0,0,0,medio_baixo
5,10000.0,17,1.0,7,2,1,0,0,0,1,0,0,1,0,0,0,medio_baixo
5,10000.0,7,0.5714285714285714,1,1,1,0,0,0,0,0,0,0,0,0,0,medio_baixo
1,10000.0,37,0.9459459459459459,8,3,1,0,0,0,1,0,0,1,0,1,0,alto
5,35000.0,29,0.7931034482758621,1,2,1,0,1,0,0,0,0,0,0,0,1,gratuito
2,150000.0,1735,0.9423631123919308,7,3,1,1,1,1,1,0,0,1,0,0,1,medio_baixo
2,10000.0,0,0.0,1,3,1,0,0,0,0,1,1,0,1,0,0,baixo
1,10000.0,0,0.0,1,4,1,0,1,0,1,1,1,1,0,0,0,baixo
1,10000.0,10,0.9,4,3,1,0,0,0,1,0,0,1,0,0,1,medio_alto
7,10000.0,0,0.0,1,3,1,0,0,0,1,1,0,0,0,0,0,medio_baixo
1,10000.0,4,0.75,1,4,1,0,0,0,1,1,0,1,0,0,0,medio_baixo
1,10000.0,26,0.9230769230769231,7,4,1,0,0,0,1,1,1,0,0,0,1,medio_baixo
5,35000.0,30,0.8666666666666667,1,2,1,0,0,0,1,0,0,0,1,0,0,alto
2,10000.0,56,0.6964285714285714,3,3,1,0,0,0,1,0,0,1,0,1,0,medio_alto
2,0.0,0,0.0,0,0,1,0,0,0,0,0,0,0,0,0,0,gratuito
2,10000.0,2,1.0,2,4,1,0,0,0,1,0,0,1,0,1,0,alto
5,0.0,0,0.0,0,0,1,0,0,0,0,0,0,0,0,0,0,gratuito
1,0.0,0,0.0,1,4,1,0,0,0,0,1,1,0,0,0,1,alto
1,10000.0,32,0.90625,1,3,1,0,0,0,0,0,0,1,1,1,0,baixo
2,10000.0,3,1.0,1,3,1,0,0,0,1,0,0,1,0,1,0,medio_baixo
1,750000.0,9657,0.7789168478823651,12,1,1,0,0,2,0,0,0,0,1,0,0,alto
4,35000.0,98,0.8163265306122449,2,3,1,0,0,0,1,1,1,0,0,0,0,medio_alto
2,10000.0,73,0.8356164383561644,3,3,1,0,0,0,1,0,1,0,1,0,0,alto
1,10000.0,0,0.0,1,3,1,0,0,0,1,1,0,0,0,0,0,medio_baixo
3,0.0,0,0.0,1,1,1,0,0,1,1,0,0,0,0,0,0,gratuito
2,150000.0,1191,0.7900923593618808,17,2,1,1,0,2,0,0,0,0,0,1,1,alto
7,10000.0,1,0.0,1,2,1,0,0,0,1,0,0,1,0,0,0,medio_baixo
1,0.0,0,0.0,1,2,1,0,1,0,1,1,0,0,0,0,0,medio_alto
3,10000.0,3,0.3333333333333333,1,4,1,0,0,0,1,1,0,0,1,0,1,baixo
1,0.0,0,0.0,0,0,1,0,0,0,0,0,0,0,0,0,0,gratuito
10,10000.0,114,0.8070175438596491,1,3,1,1,1,0,0,1,1,1,0,0,0,baixo
10,10000.0,66,0.7424242424242424,1,3,1,0,0,0,1,0,1,0,0,0,1,medio_alto
11,10000.0,25,0.76,1,4,1,0,0,0,1,1,1,1,0,0,0,medio_alto
1,10000.0,0,0.0,2,4,1,1,0,0,1,0,1,1,0,0,1,medio_alto
4,0.0,0,0.0,0,0,1,0,0,0,0,0,0,0,0,0,0,gratuito
3,10000.0,1,0.0,1,2,1,0,0,0,1,0,1,0,0,0,0,medio_alto
3,0.0,0,0.0,0,0,1,0,0,0,0,0,0,0,0,0,0,gratuito
6,10000.0,68,0.9264705882352942,1,3,1,1,0,0,1,0,0,1,0,0,1,alto
8,10000.0,8,0.75,1,3,1,0,0,0,0,1,1,1,0,0,0,baixo
4,10000.0,1,1.0,1,3,1,0,0,0,1,1,0,1,0,0,0,baixo
2,10000.0,71,0.8169014084507042,1,1,1,0,0,0,0,0,0,0,0,1,0,medio_alto
5,10000.0,5,0.6,1,1,1,0,0,0,0,0,0,0,0,0,1,alto
9,10000.0,4,0.75,1,2,1,1,1,0,1,1,0,0,0,0,0,baixo
3,75000.0,22,0.9545454545454546,2,3,1,0,0,0,1,0,1,0,1,0,0,baixo
8,10000.0,12,1.0,1,3,1,1,1,1,1,0,0,1,0,0,0,medio_baixo
8,75000.0,2110,0.8090047393364929,11,1,1,0,0,0,0,0,0,0,0,0,0,alto
3,10000.0,1,1.0,2,2,1,0,0,0,1,0,1,0,0,0,0,medio_baixo
5,150000.0,1562,0.9539052496798975,1,4,1,1,1,1,1,1,0,1,0,0,0,gratuito
2,10000.0,31,0.9032258064516129,12,2,1,0,0,1,0,0,0,1,0,1,0,alto
1,0.0,0,0.0,0,0,1,0,0,0,0,0,0,0,0,0,0,gratuito
1,10000.0,0,0.0,5,3,1,1,0,1,1,0,1,1,0,0,0,alto
1,0.0,0,0.0,0,0,1,0,0,0,0,0,0,0,0,0,0,gratuito
2,10000.0,29,0.9310344827586207,2,2,1,0,0,3,1,0,0,0,1,0,0,medio_baixo
2,10000.0,570,0.8824561403508772,10,3,1,0,0,3,0,0,0,1,0,1,1,alto
6,10000.0,158,0.8860759493670886,6,2,1,0,0,0,0,0,0,0,1,0,1,medio_baixo
2,10000.0,43,0.6744186046511628,10,4,1,1,0,0,1,1,0,1,0,0,0,medio_baixo
8,75000.0,224,0.7276785714285714,5,1,1,0,0,0,0,0,1,0,0,0,0,baixo
5,10000.0,127,0.9448818897637795,8,2,1,1,0,0,1,0,0,1,0,0,0,baixo
3,10000.0,2,0.0,1,4,1,0,0,0,0,0,1,1,0,0,1,alto
3,10000.0,48,0.6875,3,2,1,0,0,0,1,0,1,0,0,0,0,baixo
5,0.0,0,0.0,0,0,1,0,0,0,0,0,0,0,0,0,0,gratuito
2,10000.0,0,0.0,1,2,1,0,0,0,0,1,1,0,0,0,0,alto
6,75000.0,133,0.8120300751879699,10,5,1,1,0,5,1,1,0,0,0,0,0,gratuito
2,10000.0,6,0.8333333333333334,1,2,1,0,0,0,1,0,1,0,0,0,0,baixo
4,35000.0,34,0.7058823529411765,4,2,1,0,0,0,1,0,0,0,0,1,0,medio_baixo
6,10000.0,10,0.9,1,3,1,0,0,0,1,1,1,0,0,0,0,baixo
1,10000.0,189,0.8359788359788359,5,4,1,0,0,0,1,0,1,1,0,0,1,medio_alto
5,0.0,0,0.0,0,0,1,0,0,0,0,0,0,0,0,0,0,gratuito
4,10000.0,2,0.0,2,2,1,0,0,0,0,1,0,0,0,0,0,medio_alto
1,0.0,0,0.0,2,4,1,0,0,0,0,0,0,0,0,1,1,gratuito
2,0.0,0,0.0,0,0,1,0,0,0,0,0,0,0,0,0,0,gratuito
4,10000.0,1,1.0,2,1,1,0,0,0,0,0,0,1,0,0,0,alto
2,10000.0,90,0.7444444444444445,34,3,1,1,0,0,0,0,0,1,0,0,1,medio_baixo
3,35000.0,458,0.9170305676855895,1,4,1,1,1,0,1,1,0,1,0,0,0,gratuito
10,150000.0,2058,0.9096209912536443,1,3,1,0,0,1,1,0,1,0,1,0,0,baixo
3,35000.0,32,0.875,3,2,1,0,0,0,0,0,0,0,1,1,0,alto
2,10000.0,3,0.6666666666666666,1,1,1,0,0,0,0,0,0,0,1,0,0,medio_alto
2,10000.0,11,0.8181818181818182,3,2,1,0,0,0,1,0,1,0,0,0,0,medio_baixo
9,10000.0,22,0.6363636363636364,1,2,1,0,0,0,1,1,0,0,0,0,0,baixo
5,35000.0,229,0.6244541484716157,5,2,1,0,0,0,0,1,1,0,0,0,0,medio_alto
11,10000.0,423,0.8747044917257684,5,3,1,0,0,2,0,1,1,0,1,0,0,alto
7,35000.0,20,0.85,1,5,1,0,0,0,1,1,1,0,1,0,0,medio_baixo
10,10000.0,66,0.9848484848484849,1,3,1,0,0,0,1,0,0,1,0,1,0,medio_alto
1,10000.0,0,0.0,9,1,1,0,0,2,0,1,0,0,0,0,0,alto
8,35000.0,11,0.45454545454545453,1,6,1,0,0,0,1,1,1,0,0,0,1,gratuito
1,0.0,0,0.0,0,0,1,0,0,0,0,0,0,0,0,0,0,gratuito
3,150000.0,1596,0.8972431077694235,22,4,1,0,0,2,1,0,0,1,0,1,1,alto
2,10000.0,18,0.8333333333333334,3,3,1,0,0,0,0,0,1,1,1,0,0,medio_alto
1,10000.0,0,0.0,1,3,1,0,0,0,1,0,0,1,0,0,1,alto
2,10000.0,0,0.0,15,1,1,0,0,0,0,0,0,1,0,0,0,baixo
8,35000.0,176,0.5795454545454546,2,5,1,0,0,0,1,0,0,0,0,0,0,medio_alto
6,35000.0,20,0.8,1,3,1,0,0,0,1,1,1,0,0,0,0,baixo
3,10000.0,0,0.0,4,3,1,0,0,0,0,0,0,1,0,1,1,gratuito
3,35000.0,4,1.0,3,2,1,0,0,0,1,0,1,0,0,0,0,alto
10,10000.0,7,0.8571428571428571,1,1,1,0,0,0,0,0,0,1,0,0,0,medio_baixo
8,10000.0,3,1.0,3,2,1,0,0,0,1,0,0,1,0,0,0,medio_alto
4,10000.0,1,0.0,1,5,1,0,0,0,1,1,1,1,1,0,0,medio_alto
9,10000.0,6,0.8333333333333334,2,3,1,0,0,0,1,0,0,1,0,1,0,medio_alto
8,10000.0,44,0.2727272727272727,3,1,1,0,0,0,0,0,1,0,0,0,0,baixo
7,350000.0,2887,0.8347765846899896,5,6,1,0,0,1,1,1,1,1,1,1,0,baixo
5,10000.0,0,0.0,1,2,1,0,0,0,1,0,0,0,1,0,0,alto
3,10000.0,14,0.8571428571428571,1,1,1,0,0,1,1,0,0,0,0,0,0,medio_baixo
6,10000.0,14,0.7857142857142857,1,3,1,0,0,0,1,0,1,0,0,0,1,medio_alto
2,0.0,0,0.0,0,0,1,0,0,0,0,0,0,0,0,0,0,gratuito
2,10000.0,3,0.6666666666666666,1,3,1,0,0,0,0,1,1,0,0,0,1,medio_alto
2,10000.0,2,1.0,1,4,1,0,0,0,1,0,0,1,0,1,1,baixo
4,10000.0,29,0.9655172413793104,1,3,1,0,0,0,1,1,0,1,0,0,0,medio_alto
1,10000.0,0,0.0,1,1,1,0,0,0,0,0,1,0,0,0,0,alto
2,0.0,0,0.0,103,3,1,0,0,0,1,0,1,1,0,0,0,baixo
9,10000.0,34,0.7647058823529411,1,3,1,0,0,0,1,0,0,1,0,1,0,baixo
5,10000.0,27,0.8888888888888888,3,2,1,0,0,1,0,0,0,1,1,0,0,medio_baixo
4,10000.0,0,0.0,1,5,1,0,0,0,0,0,0,0,0,0,0,alto
1,10000.0,1,1.0,1,3,1,0,0,0,1,1,1,0,0,0,0,medio_alto
1,0.0,0,0.0,1,3,1,1,1,0,1,0,0,1,0,0,1,medio_alto
2,10000.0,0,0.0,1,3,1,0,0,0,1,0,0,1,0,0,1,baixo
10,75000.0,85,0.8352941176470589,1,1,1,0,0,0,1,0,0,0,0,0,0,baixo
10,35000.0,76,0.8289473684210527,1,3,1,0,0,0,1,0,1,0,1,0,0,baixo
2,10000.0,0,0.0,6,5,1,0,0,1,1,1,1,0,0,0,0,gratuito
4,75000.0,719,0.7162726008344924,3,3,1,0,0,1,1,0,0,1,0,0,1,baixo
3,10000.0,100,0.78,11,2,1,1,0,0,0,0,0,0,0,1,1,alto
7,10000.0,8,1.0,1,2,1,0,0,0,0,0,1,0,1,0,0,medio_baixo
8,10000.0,110,0.8090909090909091,1,2,1,0,0,0,1,0,0,1,0,0,0,medio_alto
1,0.0,0,0.0,2,5,1,0,0,0,1,0,0,1,0,1,0,gratuito
2,10000.0,2,1.0,2,5,1,0,0,0,0,0,0,0,0,0,0,baixo
1,0.0,0,0.0,1,3,1,0,0,0,1,0,0,1,0,1,0,alto
1,10000.0,0,0.0,13,2,1,0,0,0,1,1,0,0,0,0,0,medio_alto
10,35000.0,118,0.6864406779661016,2,3,1,0,0,0,1,1,0,0,1,0,0,medio_baixo
1,0.0,0,0.0,0,0,1,0,0,0,0,0,0,0,0,0,0,gratuito
1,0.0,0,0.0,1,3,1,0,0,0,0,0,1,1,0,0,0,medio_alto
2,10000.0,2,1.0,3,3,1,0,0,0,1,0,0,0,0,1,0,medio_baixo
2,10000.0,3,1.0,1,3,1,0,0,0,1,1,1,0,0,0,0,alto
4,10000.0,31,0.6451612903225806,10,4,1,0,0,4,1,0,0,1,0,0,0,medio_baixo
1,10000.0,64,0.75,24,1,1,0,0,0,0,0,0,0,0,0,0,medio_baixo
6,10000.0,13,1.0,2,1,1,0,1,0,1,0,0,0,0,0,0,alto
3,35000.0,31,0.9032258064516129,1,2,1,0,0,1,1,1,0,0,0,0,0,baixo
3,350000.0,3604,0.6534406215316315,11,2,1,0,0,2,0,1,0,0,0,1,0,alto
17,150000.0,1089,0.8494031221303948,17,3,1,0,1,0,1,1,0,0,0,0,0,gratuito
9,10000.0,27,0.6666666666666666,1,2,1,1,1,0,1,1,0,0,0,0,0,baixo
4,10000.0,76,0.9868421052631579,1,2,1,0,0,0,0,0,1,0,1,0,0,alto
2,10000.0,14,0.6428571428571429,1,3,1,0,0,0,0,0,0,1,0,0,1,baixo
3,10000.0,90,0.9777777777777777,1,1,1,0,0,0,1,0,0,0,0,0,0,gratuito
1,0.0,0,0.0,1,2,1,0,0,0,1,1,0,0,0,0,0,alto
5,10000.0,2,0.5,2,2,1,0,1,0,1,1,0,0,0,0,0,alto
9,10000.0,1,0.0,1,3,1,0,0,0,1,1,0,0,0,0,1,medio_baixo
5,10000.0,11,0.45454545454545453,4,1,1,0,0,0,0,0,0,1,0,0,0,medio_alto
5,10000.0,41,0.8780487804878049,2,2,1,0,0,0,1,0,1,0,0,0,0,baixo
2,10000.0,0,0.0,2,3,1,0,0,0,1,0,0,1,0,0,1,medio_alto
2,35000.0,305,0.8360655737704918,11,5,1,0,0,2,1,1,1,0,1,0,0,medio_alto
6,10000.0,2,1.0,2,2,1,0,0,0,1,1,0,0,0,0,0,medio_baixo
10,10000.0,63,0.3492063492063492,6,4,1,0,0,0,1,1,1,0,0,0,0,alto
4,150000.0,1106,0.8788426763110307,4,2,1,0,0,0,1,0,0,0,0,1,0,alto
6,10000.0,10,0.3,1,4,1,0,0,0,1,1,1,0,0,0,1,alto
2,10000.0,20,1.0,1,3,1,0,0,0,1,0,0,1,0,1,0,medio_baixo
6,35000.0,20,0.5,1,2,1,0,1,0,0,0,1,0,1,0,0,medio_baixo
3,10000.0,12,0.6666666666666666,1,5,1,0,0,1,1,1,0,1,0,1,1,medio_baixo
2,10000.0,22,0.9090909090909091,1,2,1,0,0,0,1,1,0,0,0,0,0,medio_alto
4,0.0,0,0.0,1,2,1,0,0,0,0,1,0,0,0,0,0,gratuito
6,10000.0,17,0.47058823529411764,1,5,1,0,0,0,1,1,1,1,0,0,1,baixo
2,10000.0,554,0.9296028880866426,14,3,1,1,0,0,0,1,1,0,1,0,0,alto
6,35000.0,196,0.7295918367346939,1,3,1,1,1,0,1,0,0,0,1,1,0,gratuito
6,10000.0,1,1.0,1,2,1,0,1,4,1,0,1,0,0,0,0,medio_alto
7,10000.0,0,0.0,1,1,1,0,0,2,0,0,0,0,1,0,0,medio_baixo
6,10000.0,99,0.8585858585858586,5,3,1,0,0,2,1,1,1,0,0,0,0,medio_alto
8,10000.0,17,0.6470588235294118,1,2,1,0,0,0,1,0,1,0,0,0,0,gratuito
3,10000.0,83,0.8674698795180723,4,3,1,0,0,0,1,0,1,0,1,0,0,alto
1,10000.0,102,0.8921568627450981,1,1,1,0,0,0,0,0,0,1,0,0,0,baixo
1,0.0,0,0.0,1,3,1,0,0,0,0,0,0,0,0,1,0,gratuito
2,10000.0,18,0.6666666666666666,4,2,1,0,0,0,1,1,0,0,0,0,0,medio_alto
8,10000.0,14,1.0,1,3,1,0,0,0,1,1,0,1,0,0,0,medio_baixo
1,10000.0,27,0.7407407407407407,8,2,1,0,0,1,0,1,0,0,0,0,0,medio_alto
2,10000.0,0,0.0,2,3,1,0,0,0,1,1,1,0,0,0,0,medio_baixo
3,0.0,0,0.0,1,1,1,0,0,0,0,0,1,0,0,0,0,gratuito
1,0.0,0,0.0,3,5,1,1,0,0,1,0,0,1,0,1,0,gratuito
5,10000.0,16,0.125,13,3,1,0,0,0,0,0,1,1,1,0,0,baixo
4,10000.0,3,0.6666666666666666,1,2,1,0,0,0,0,1,1,0,0,0,0,medio_alto
10,150000.0,985,0.8761421319796955,6,2,1,1,1,1,1,0,1,0,0,0,0,gratuito
3,10000.0,0,0.0,1,4,1,0,0,0,1,0,1,1,0,0,0,gratuito
2,10000.0,8,1.0,3,2,1,0,0,0,1,0,0,0,0,1,0,baixo
8,35000.0,229,0.8078602620087336,1,3,1,0,0,0,1,0,1,0,0,0,0,gratuito
5,10000.0,13,1.0,1,3,1,0,0,0,1,1,0,0,0,1,0,baixo
11,10000.0,36,0.8055555555555556,3,3,1,1,0,0,1,0,0,1,0,0,1,medio_alto
3,10000.0,50,0.86,3,3,1,0,0,0,1,0,0,0,0,1,1,medio_baixo
5,75000.0,262,0.8664122137404581,4,1,1,0,0,1,0,0,0,0,1,0,0,medio_baixo
8,10000.0,5,0.2,1,3,1,1,1,0,0,1,1,1,0,0,0,medio_baixo
3,75000.0,35,0.34285714285714286,5,6,1,0,0,0,1,1,1,1,0,1,1,alto
4,35000.0,50,0.96,12,2,1,0,0,1,1,0,0,1,0,0,0,baixo
7,10000.0,26,0.9230769230769231,3,2,1,1,0,0,1,0,1,0,0,0,0,medio_baixo
1,0.0,0,0.0,0,0,1,0,0,0,0,0,0,0,0,0,0,gratuito
1,0.0,0,0.0,0,0,1,0,0,0,0,0,0,0,0,0,0,gratuito
1,10000.0,0,0.0,4,4,1,0,0,0,1,1,1,0,0,0,1,medio_baixo
1,10000.0,0,0.0,12,1,1,0,0,0,0,0,0,0,0,1,0,alto
2,10000.0,363,0.9559228650137741,11,5,1,0,0,1,1,0,1,1,0,1,1,alto
1,10000.0,58,0.8448275862068966,3,4,1,0,0,0,1,1,0,1,1,0,0,alto
8,35000.0,388,0.46649484536082475,9,1,1,0,0,0,0,0,0,0,0,0,0,alto
2,10000.0,13,1.0,6,3,1,0,0,1,1,0,0,1,0,0,1,baixo
1,10000.0,1,0.0,1,3,1,0,0,0,0,1,1,0,0,0,0,medio_alto
1,10000.0,0,0.0,1,2,1,1,1,1,1,0,1,0,0,0,0,alto
3,10000.0,32,0.90625,1,2,1,0,0,0,1,1,0,0,0,0,0,baixo
4,10000.0,13,1.0,1,3,1,0,0,0,1,0,0,1,0,1,0,baixo
6,10000.0,0,0.0,2,1,1,0,0,1,0,0,1,0,0,0,0,baixo
2,10000.0,1,1.0,1,4,1,0,0,0,1,0,0,0,1,1,0,medio_baixo
1,0.0,0,0.0,4,4,1,0,0,0,1,0,1,1,0,0,0,gratuito
7,10000.0,0,0.0,1,2,1,0,0,0,1,1,0,0,0,0,0,alto
1,10000.0,0,0.0,3,1,1,0,0,68,0,0,0,0,1,0,0,alto
2,10000.0,2,0.5,1,3,1,0,0,0,1,1,0,1,0,0,0,medio_alto
6,10000.0,0,0.0,1,2,1,0,1,0,1,0,0,1,0,0,0,medio_alto
5,10000.0,13,0.7692307692307693,1,1,1,0,0,0,1,0,0,0,0,0,0,medio_baixo
9,10000.0,27,0.6296296296296297,1,2,1,0,0,0,1,1,0,0,0,0,0,gratuito
3,10000.0,4,0.75,1,2,1,0,0,0,0,1,1,0,0,0,0,medio_alto
6,10000.0,5,0.6,1,4,1,1,1,0,1,1,1,0,1,0,0,medio_baixo
7,10000.0,3,0.6666666666666666,1,2,1,0,0,0,1,1,0,0,0,0,0,baixo
10,10000.0,53,0.8867924528301887,1,4,1,0,0,0,1,1,0,1,0,0,0,gratuito
1,10000.0,58,0.6896551724137931,13,3,1,0,0,0,1,1,0,0,1,0,0,alto
1,10000.0,3,1.0,1,3,1,1,0,0,1,1,0,0,1,0,0,medio_alto
1,10000.0,0,0.0,1,2,1,0,0,0,1,0,0,1,0,0,0,baixo
3,10000.0,1,1.0,1,1,1,0,0,0,0,0,0,1,0,0,0,medio_alto
4,150000.0,2239,0.7387226440375168,12,2,1,0,0,3,0,1,1,0,0,0,0,medio_alto
1,10000.0,0,0.0,1,3,1,0,0,0,1,0,0,1,0,0,0,medio_baixo
4,150000.0,1693,0.3337271116361488,6,1,1,0,0,1,0,0,1,0,0,0,0,alto
1,10000.0,0,0.0,1,3,1,0,0,0,1,0,1,1,0,0,0,medio_baixo
6,1500000.0,24058,0.7504364452572949,13,4,1,0,0,0,1,1,1,0,0,0,1,medio_baixo
2,10000.0,24,0.75,1,4,1,0,0,0,1,0,1,1,1,0,0,alto
9,35000.0,84,0.9047619047619048,9,3,1,1,0,1,1,0,0,0,0,0,0,medio_alto
12,75000.0,436,0.4541284403669725,1,2,1,0,0,0,0,1,1,0,0,0,0,baixo
8,10000.0,11,0.9090909090909091,1,1,1,0,0,0,0,0,0,0,0,1,0,gratuito
2,10000.0,6,1.0,1,2,1,0,0,0,1,1,0,0,0,0,0,alto
4,10000.0,0,0.0,1,3,1,0,0,0,1,1,1,0,0,0,0,medio_baixo
10,10000.0,17,0.8235294117647058,2,3,1,0,0,0,1,0,1,1,0,0,0,medio_alto
1,0.0,0,0.0,15,3,1,0,1,0,0,1,1,0,0,0,0,gratuito
1,10000.0,0,0.0,2,2,1,0,0,0,1,0,0,1,0,0,0,alto
3,150000.0,1,0.0,27,2,1,0,0,0,1,0,0,1,0,0,0,medio_baixo
5,10000.0,42,0.9523809523809523,8,5,1,0,0,0,1,1,1,1,0,0,0,baixo
8,35000.0,240,0.775,2,2,1,1,1,0,1,0,1,0,0,0,0,baixo
6,10000.0,0,0.0,1,2,1,0,0,0,0,1,0,0,0,0,0,alto
2,10000.0,3,0.6666666666666666,5,3,1,0,0,0,1,1,1,0,0,0,0,alto
11,35000.0,219,0.7351598173515982,9,2,1,0,0,0,0,0,1,1,0,0,0,baixo
9,10000.0,15,0.6666666666666666,1,3,1,1,1,0,1,0,1,0,1,0,0,medio_alto
1,0.0,0,0.0,7,2,1,0,0,0,1,0,1,0,0,0,0,baixo
4,10000.0,5,0.2,15,4,1,0,0,0,1,1,1,1,0,0,0,baixo
8,10000.0,8,1.0,1,3,1,0,0,0,1,0,0,1,0,1,0,medio_baixo
2,10000.0,5,1.0,4,2,1,0,0,0,1,1,0,0,0,0,0,medio_baixo
6,10000.0,42,0.8095238095238095,3,4,1,0,0,0,1,1,1,0,0,0,0,medio_alto
2,0.0,0,0.0,34,4,1,0,0,0,1,0,0,1,1,0,1,gratuito
4,0.0,0,0.0,1,3,1,0,0,0,1,0,1,0,0,0,0,gratuito
1,10000.0,0,0.0,1,2,1,0,0,0,1,1,0,0,0,0,0,alto
4,10000.0,5,1.0,1,2,1,0,0,0,1,1,0,0,0,0,0,medio_alto
3,10000.0,36,0.9166666666666666,1,3,1,0,0,0,1,1,1,0,0,0,0,medio_baixo
9,10000.0,15,0.8666666666666667,3,3,1,0,0,0,1,0,0,0,1,0,0,gratuito
1,0.0,0,0.0,0,0,1,0,0,0,0,0,0,0,0,0,0,gratuito
4,10000.0,79,0.8354430379746836,3,3,1,0,0,0,1,0,1,1,0,0,0,baixo
3,10000.0,100,0.82,11,3,1,0,0,2,1,1,0,1,0,0,0,alto
1,10000.0,0,0.0,20,5,1,0,0,0,1,1,0,1,0,0,1,medio_baixo
5,10000.0,252,0.8571428571428571,10,2,1,1,1,2,1,0,1,0,0,0,0,baixo
7,750000.0,31158,0.7602862828166121,15,3,1,1,0,0,0,1,1,0,0,0,1,alto
1,10000.0,0,0.0,1,2,1,0,0,0,1,0,0,1,0,0,0,medio_alto
6,10000.0,24,0.7083333333333334,3,3,1,0,0,0,1,1,1,0,0,0,0,baixo
3,10000.0,0,0.0,4,4,1,0,0,0,1,1,1,0,1,0,0,medio_alto
1,0.0,0,0.0,0,0,1,0,0,0,0,0,0,0,0,0,0,gratuito
9,10000.0,441,0.6303854875283447,9,1,1,1,1,181,0,0,0,0,0,0,0,alto
9,10000.0,33,0.7575757575757576,4,3,1,0,0,0,1,1,1,0,0,0,0,baixo
3,10000.0,14,0.7142857142857143,2,4,1,0,0,0,1,1,0,1,0,0,0,medio_baixo
5,10000.0,20,0.3,2,2,1,0,0,0,0,1,0,0,1,0,0,medio_alto
6,35000.0,205,0.848780487804878,1,2,1,0,0,0,0,1,1,0,0,0,0,gratuito
6,10000.0,104,0.6826923076923077,1,3,1,0,1,1,1,1,1,0,0,0,0,medio_baixo
4,10000.0,105,0.6190476190476191,1,4,1,0,0,0,0,1,1,0,0,1,0,gratuito
5,35000.0,4,1.0,1,3,1,1,1,0,1,0,0,1,0,1,0,medio_baixo
2,0.0,0,0.0,1,5,1,0,0,1,1,1,1,1,0,0,0,gratuito
10,10000.0,6,1.0,1,2,1,0,0,0,0,0,1,1,0,0,0,gratuito
12,350000.0,2690,0.8059479553903346,1,3,1,1,1,0,1,0,0,0,0,1,1,alto
2,10000.0,0,0.0,1,1,1,0,0,0,0,0,0,0,0,0,1,alto
4,10000.0,36,0.8611111111111112,1,1,1,0,0,0,1,0,0,0,0,0,0,medio_baixo
7,10000.0,65,0.7692307692307693,10,3,1,0,0,0,1,1,0,0,1,0,0,alto
4,10000.0,58,0.603448275862069,2,3,1,0,0,0,1,0,0,1,0,0,1,baixo
4,0.0,0,0.0,0,0,1,0,0,0,0,0,0,0,0,0,0,gratuito
17,10000.0,23,0.8695652173913043,1,1,1,0,0,0,0,0,0,0,0,0,1,alto
4,0.0,0,0.0,1,3,1,0,0,1,1,0,1,1,0,0,0,gratuito
4,10000.0,43,0.8604651162790697,1,4,1,1,1,1,1,1,1,0,1,0,0,alto
1,0.0,0,0.0,1,3,1,0,0,1,1,0,1,0,1,0,0,medio_baixo
8,10000.0,48,0.7708333333333334,1,3,1,0,0,0,1,1,0,0,0,0,0,gratuito
9,350000.0,4119,0.6312211701869386,16,1,1,0,0,0,0,0,0,0,0,0,0,gratuito
6,10000.0,292,0.9143835616438356,2,3,1,1,1,0,1,1,1,0,0,0,0,baixo
3,150000.0,36,0.8888888888888888,1,3,1,0,1,1,1,1,1,0,0,0,0,gratuito
10,10000.0,59,0.8983050847457628,1,4,1,1,0,0,1,0,0,0,0,1,1,medio_baixo
3,10000.0,0,0.0,1,2,1,0,0,0,0,1,0,1,0,0,0,alto
2,10000.0,0,0.0,10,2,1,0,0,0,0,0,0,1,0,0,1,medio_alto
7,35000.0,997,0.843530591775326,24,2,1,0,0,0,0,1,1,0,0,0,0,medio_alto
7,10000.0,11,0.8181818181818182,1,2,1,0,0,0,0,1,0,0,0,0,0,gratuito
15,10000.0,967,0.7776628748707343,8,4,1,0,0,0,1,1,0,0,0,1,0,medio_alto
3,10000.0,6,1.0,1,2,1,0,1,0,0,1,0,1,0,0,0,baixo
4,35000.0,13,1.0,1,2,1,0,0,0,1,0,0,0,1,0,0,medio_alto
5,10000.0,135,0.725925925925926,10,4,1,1,0,0,1,0,0,0,0,1,1,alto
5,75000.0,2,0.0,2,0,0,1,0,0,0,0,0,0,0,0,0,baixo
5,1500000.0,29,0.9310344827586207,1,4,1,0,0,0,1,1,1,0,0,1,0,medio_baixo
7,10000.0,15,0.7333333333333333,1,4,1,0,0,0,1,1,0,1,0,1,0,medio_baixo
1,10000.0,1,0.0,2,1,1,1,1,0,0,0,0,0,0,1,0,alto
3,10000.0,21,1.0,1,3,1,0,0,0,1,1,0,1,0,0,0,baixo
1,0.0,0,0.0,3,2,1,0,0,0,0,0,0,1,0,1,0,baixo
3,10000.0,25,0.88,5,1,1,0,0,0,1,0,0,0,0,0,0,medio_baixo
3,1500000.0,27823,0.9016640908600798,11,1,1,0,0,1,0,1,0,0,0,0,0,alto
5,10000.0,48,0.9166666666666666,2,4,1,0,1,0,1,1,1,0,1,0,0,medio_baixo
2,10000.0,8,0.375,26,5,1,0,0,0,1,1,1,0,1,0,1,baixo
2,10000.0,1,0.0,1,1,1,0,0,0,1,0,0,0,0,0,0,alto
1,0.0,0,0.0,15,2,1,1,0,0,1,0,0,1,0,0,0,baixo
2,10000.0,25,0.92,6,2,1,0,0,0,0,1,0,1,0,0,0,medio_baixo
6,10000.0,20,0.9,4,3,1,0,0,0,0,0,1,1,0,1,0,medio_baixo
10,10000.0,201,0.582089552238806,1,3,1,0,0,0,1,0,1,1,0,0,0,medio_alto
2,10000.0,11,0.5454545454545454,12,1,1,0,0,0,0,0,0,0,0,0,1,baixo
6,10000.0,22,1.0,2,2,1,0,0,1,1,1,0,0,0,0,0,medio_alto
4,35000.0,7,0.14285714285714285,1,3,1,0,0,0,1,1,1,0,0,0,0,baixo
5,350000.0,4684,0.7820239111870196,8,1,1,1,1,0,0,0,0,0,0,1,0,medio_alto
1,0.0,0,0.0,0,0,1,0,0,0,0,0,0,0,0,0,0,gratuito
10,10000.0,20,0.55,1,4,1,0,0,0,1,0,0,0,1,1,1,medio_baixo
1,0.0,0,0.0,2,1,1,0,0,0,0,0,0,0,0,0,0,gratuito
3,75000.0,949,0.5226554267650158,2,4,1,0,0,0,1,1,1,0,1,0,0,medio_alto
2,10000.0,0,0.0,1,1,1,0,0,0,0,0,0,1,0,0,0,medio_baixo
5,10000.0,95,0.7157894736842105,2,5,1,0,0,5,1,0,1,1,0,1,0,gratuito
1,0.0,0,0.0,0,0,1,0,0,0,0,0,0,0,0,0,0,gratuito
5,10000.0,450,0.7466666666666667,3,1,1,0,0,0,0,0,1,0,0,0,0,medio_alto
6,10000.0,3,0.3333333333333333,1,2,1,0,0,0,0,0,0,0,0,0,0,medio_alto
1,10000.0,5,1.0,14,2,1,1,1,0,0,1,0,1,0,0,0,medio_alto
1,10000.0,101,0.900990099009901,1,1,1,0,0,0,0,1,0,0,0,0,0,baixo
13,750000.0,7268,0.43560814529444136,8,2,1,1,1,7,0,1,0,0,0,0,1,medio_alto
4,10000.0,17,1.0,2,1,1,0,0,0,1,0,0,0,0,0,0,medio_alto
9,10000.0,5,0.2,1,6,1,0,0,0,1,1,1,0,1,0,1,alto
2,10000.0,30,0.8666666666666667,1,4,1,0,0,0,1,1,1,0,0,0,0,alto
1,10000.0,29,1.0,4,3,1,0,0,0,1,0,1,1,0,0,0,medio_alto
1,0.0,0,0.0,4,5,1,0,0,0,1,0,1,1,0,1,1,alto
2,10000.0,5,0.8,10,3,1,0,0,0,1,1,0,0,0,0,0,medio_alto
3,10000.0,8,0.375,1,4,1,0,0,0,1,1,1,0,0,1,0,medio_baixo
11,10000.0,2,0.5,1,1,1,0,0,0,0,0,0,0,0,0,0,gratuito
5,35000.0,6,0.5,2,2,1,0,0,0,1,1,0,0,0,0,0,baixo
2,10000.0,0,0.0,1,1,1,0,0,0,0,0,0,0,1,0,0,medio_baixo
9,10000.0,98,0.7040816326530612,1,1,1,0,0,0,0,1,0,0,0,0,0,gratuito
1,0.0,0,0.0,0,0,1,0,0,0,0,0,0,0,0,0,0,gratuito
4,10000.0,22,0.8636363636363636,1,3,1,1,0,1,1,0,1,1,0,0,0,baixo
2,10000.0,0,0.0,1,1,1,0,0,0,0,0,0,0,0,0,0,alto
5,10000.0,5,0.4,5,1,1,1,0,0,0,0,0,1,0,0,0,medio_alto
9,10000.0,9,0.5555555555555556,1,4,1,0,0,0,1,1,1,1,0,0,0,medio_baixo
6,10000.0,0,0.0,3,2,1,0,0,0,1,0,0,0,1,0,0,medio_alto
4,10000.0,0,0.0,1,3,1,0,0,0,0,0,0,1,1,0,1,medio_baixo
7,75000.0,128,0.6328125,12,4,1,0,0,0,0,0,0,1,0,1,1,gratuito
9,75000.0,70,0.7,1,7,1,0,0,0,1,1,1,1,0,1,1,gratuito
8,750000.0,4074,0.7994599901816397,11,0,1,0,0,1,0,0,0,0,0,0,0,medio_alto
8,10000.0,0,0.0,1,5,1,0,0,0,0,1,1,1,0,0,0,medio_baixo
1,0.0,0,0.0,15,3,1,0,0,0,1,0,0,1,0,1,0,medio_alto
3,10000.0,29,1.0,1,2,1,0,0,0,1,1,0,0,0,0,0,medio_baixo
1,10000.0,0,0.0,1,1,1,0,0,0,0,1,0,0,0,0,0,alto
2,10000.0,2,0.5,1,3,1,0,0,0,1,0,1,0,0,0,1,baixo
4,10000.0,1,1.0,2,3,1,0,0,0,1,1,1,0,0,0,0,medio_alto
4,10000.0,12,0.8333333333333334,1,1,1,0,0,0,1,0,0,0,0,0,0,medio_baixo
5,10000.0,9,0.7777777777777778,1,4,1,0,0,0,1,0,0,1,1,0,0,gratuito
4,0.0,0,0.0,12,5,1,0,0,0,1,0,1,0,1,0,1,gratuito
4,35000.0,5,0.8,1,1,1,0,0,0,0,0,0,0,0,0,1,baixo
6,10000.0,18,0.5,1,2,1,1,0,0,1,1,0,0,0,0,0,baixo
4,0.0,0,0.0,0,0,1,0,0,0,0,0,0,0,0,0,0,gratuito
1,10000.0,0,0.0,7,4,1,0,0,0,1,0,0,1,0,1,1,medio_baixo
3,10000.0,1,1.0,1,4,1,0,0,0,1,0,0,1,0,1,0,baixo
1,0.0,0,0.0,0,0,1,0,0,0,0,0,0,0,0,0,0,gratuito
3,0.0,0,0.0,0,0,1,0,0,0,0,0,0,0,0,0,0,gratuito
1,0.0,0,0.0,5,3,1,0,0,0,1,0,0,1,0,1,0,baixo
6,35000.0,383,0.8067885117493473,6,1,1,0,0,0,1,0,0,0,0,0,0,baixo
5,0.0,0,0.0,0,0,1,0,0,0,0,0,0,0,0,0,0,gratuito
4,0.0,0,0.0,0,0,1,0,0,0,0,0,0,0,0,0,0,gratuito
1,0.0,0,0.0,1,4,1,0,0,0,1,1,1,1,0,0,0,baixo
1,0.0,0,0.0,0,0,1,0,0,0,0,0,0,0,0,0,0,gratuito
3,10000.0,5,0.4,1,4,1,0,0,0,1,0,1,0,0,0,1,alto
9,75000.0,1,1.0,1,1,1,1,0,0,0,0,0,0,0,0,0,gratuito
1,10000.0,16,0.5,26,5,1,0,0,0,1,0,0,1,1,1,1,baixo
2,0.0,0,0.0,7,1,1,0,0,0,0,0,0,1,0,0,0,gratuito
3,10000.0,48,0.5208333333333334,15,2,1,0,0,1,1,1,0,0,0,0,0,baixo
2,10000.0,7,1.0,16,3,1,0,0,0,1,1,0,0,0,0,0,alto
2,0.0,0,0.0,1,3,1,0,0,0,0,1,0,0,0,0,0,gratuito
6,35000.0,8,0.375,9,2,1,1,1,1,1,0,1,0,0,0,0,medio_baixo
3,0.0,0,0.0,103,1,1,0,0,0,0,0,0,0,0,0,1,alto
8,10000.0,2,0.5,1,2,1,0,0,0,1,0,0,1,0,0,0,medio_baixo
1,10000.0,0,0.0,14,5,1,0,0,0,1,1,1,1,0,0,0,medio_alto
1,10000.0,0,0.0,3,4,1,0,0,0,1,1,0,0,1,0,0,alto
4,10000.0,6,1.0,8,4,1,0,0,1,1,0,1,1,0,1,0,medio_baixo
9,10000.0,182,0.7912087912087912,7,2,1,1,1,0,1,0,0,0,0,0,1,medio_alto
9,10000.0,60,0.23333333333333334,25,11,1,1,1,0,1,1,1,1,1,1,1,alto
3,35000.0,161,0.9875776397515528,1,5,1,0,1,1,1,1,1,1,0,0,1,medio_alto
2,35000.0,2,1.0,1,4,1,0,0,0,1,1,0,1,1,0,0,baixo
10,10000.0,7,0.5714285714285714,1,2,1,0,0,0,1,1,0,0,0,0,0,gratuito
1,0.0,0,0.0,0,0,1,0,0,0,0,0,0,0,0,0,0,gratuito
1,10000.0,1,0.0,1,3,1,0,0,0,1,1,1,0,0,0,0,alto
3,10000.0,22,1.0,1,2,1,0,0,0,0,0,0,0,0,1,1,baixo
6,150000.0,243,0.757201646090535,5,5,1,0,0,0,1,1,1,0,1,0,1,alto
6,10000.0,10,1.0,1,2,1,0,0,0,1,0,0,1,0,0,0,baixo
8,10000.0,15,0.8,1,3,1,1,1,0,1,1,1,0,0,0,0,medio_alto
4,10000.0,4,1.0,2,3,1,0,0,0,1,0,1,0,1,0,0,medio_alto
11,350000.0,162,0.7407407407407407,1,6,1,1,1,0,1,1,1,1,1,1,0,baixo
6,10000.0,24,0.9166666666666666,3,5,1,0,0,3,1,1,1,1,1,0,0,baixo
2,0.0,0,0.0,0,0,1,0,0,0,0,0,0,0,0,0,0,gratuito
2,0.0,0,0.0,103,2,1,0,0,0,1,0,0,1,0,0,0,medio_baixo
1,10000.0,0,0.0,1,3,1,1,0,1,1,0,1,1,0,0,0,medio_baixo
6,10000.0,241,0.8630705394190872,103,2,1,0,0,1,1,0,0,1,0,0,0,medio_alto
1,10000.0,16,1.0,1,1,1,0,1,0,1,0,0,0,0,0,0,alto
5,10000.0,14,0.7857142857142857,3,2,1,0,0,0,1,0,0,0,0,1,0,alto
2,10000.0,0,0.0,2,2,1,0,0,0,1,1,0,0,0,0,0,medio_alto
6,10000.0,7,0.7142857142857143,1,3,1,0,0,0,1,0,0,1,0,0,0,gratuito
3,10000.0,0,0.0,2,2,1,0,0,0,1,1,0,0,0,0,0,baixo
1,0.0,0,0.0,1,6,1,0,0,0,0,0,1,1,1,0,1,gratuito
2,10000.0,0,0.0,3,4,1,1,0,0,1,0,1,0,1,0,0,gratuito
9,35000.0,170,0.7764705882352941,9,2,1,1,1,0,0,0,1,1,0,0,0,medio_baixo
8,10000.0,49,0.6530612244897959,2,2,1,0,0,0,1,0,1,0,0,0,0,baixo
1,0.0,0,0.0,1,2,1,0,0,0,0,0,0,0,0,1,0,baixo
1,10000.0,2,1.0,1,3,1,0,0,0,1,1,1,0,0,0,0,medio_alto
3,35000.0,78,0.782051282051282,2,4,1,0,0,0,1,1,1,1,0,0,0,medio_baixo
4,10000.0,0,0.0,1,1,1,0,0,0,0,0,0,1,0,0,0,medio_baixo
3,75000.0,409,0.8704156479217604,5,3,1,0,0,0,1,0,0,1,0,1,0,baixo
1,10000.0,0,0.0,1,3,1,0,0,0,1,1,0,0,1,0,0,medio_baixo
6,10000.0,0,0.0,2,2,1,0,0,1,1,0,0,1,0,0,0,medio_baixo
5,35000.0,286,0.9895104895104895,1,1,1,1,0,0,0,0,0,1,0,0,0,medio_baixo
8,10000.0,18,0.16666666666666666,2,3,1,0,0,0,1,1,1,0,0,0,0,baixo
3,0.0,0,0.0,0,0,1,0,0,0,0,0,0,0,0,0,0,gratuito
6,150000.0,344,0.7703488372093024,12,6,1,1,0,0,1,1,1,1,0,1,0,baixo
1,0.0,0,0.0,0,0,1,0,0,0,0,0,0,0,0,0,0,gratuito
3,10000.0,15,1.0,2,2,1,0,0,0,1,0,1,0,0,0,0,medio_baixo
1,0.0,0,0.0,2,1,1,0,0,1,0,1,0,0,0,0,0,alto
5,10000.0,11,0.5454545454545454,1,4,1,0,0,0,0,1,1,1,0,0,0,gratuito
12,75000.0,290,0.4586206896551724,1,3,1,0,0,0,1,1,0,0,0,1,0,baixo
3,10000.0,1,1.0,1,6,1,0,0,0,1,1,1,1,1,0,1,medio_alto
11,10000.0,9,0.6666666666666666,1,1,1,0,0,0,0,0,0,0,0,0,0,gratuito
10,3500000.0,164906,0.9226468412307618,1,5,1,1,1,1,1,1,1,1,1,0,0,medio_alto
1,10000.0,0,0.0,1,3,1,1,1,0,0,0,1,1,0,0,1,medio_alto
9,75000.0,615,0.8471544715447155,16,6,1,1,1,0,1,0,1,1,1,0,1,medio_alto
4,75000.0,24,0.875,1,1,1,0,0,0,0,0,0,1,0,0,0,baixo
1,0.0,0,0.0,0,0,1,0,0,0,0,0,0,0,0,0,0,gratuito
10,75000.0,344,0.6424418604651163,10,2,1,1,0,0,0,1,1,0,0,0,0,medio_alto
2,10000.0,99,0.7777777777777778,1,5,1,0,0,0,1,0,1,1,0,1,1,medio_alto
1,10000.0,1,0.0,1,4,1,0,0,0,1,0,1,0,0,0,1,medio_baixo
9,35000.0,9,0.4444444444444444,1,1,1,0,0,0,0,0,0,1,0,0,0,baixo
5,10000.0,8,0.5,1,2,1,0,0,0,0,0,1,0,0,0,1,alto
7,10000.0,0,0.0,1,3,1,0,0,0,1,0,0,1,0,0,0,baixo
4,0.0,0,0.0,0,0,1,0,0,0,0,0,0,0,0,0,0,gratuito
10,10000.0,107,0.8691588785046729,16,3,1,1,0,0,1,1,0,0,0,0,0,alto
4,10000.0,2,0.5,1,10,1,0,0,0,1,1,1,1,1,1,1,baixo
4,10000.0,4,1.0,1,3,1,0,0,0,1,0,0,1,0,1,0,medio_baixo
11,350000.0,2070,0.7966183574879228,12,4,1,1,0,0,1,1,1,0,1,0,0,alto
2,10000.0,1,1.0,7,2,1,0,0,0,1,0,0,0,0,0,0,medio_baixo
10,350000.0,1490,0.4228187919463087,7,4,1,0,0,1,1,1,0,0,0,0,1,gratuito
4,10000.0,15,0.7333333333333333,3,3,1,0,0,0,1,0,0,1,0,1,0,gratuito
4,10000.0,2,1.0,1,3,1,1,1,0,1,0,1,0,0,1,0,medio_baixo
6,10000.0,18,0.05555555555555555,1,3,1,0,0,0,1,0,0,1,0,0,1,baixo
5,10000.0,2,1.0,1,2,1,1,0,1,1,0,0,1,0,0,0,medio_alto
1,35000.0,1,0.0,3,2,1,0,0,0,1,0,0,0,1,0,0,medio_baixo
1,10000.0,0,0.0,4,1,1,1,1,1,0,0,1,0,0,0,0,medio_alto
1,10000.0,9,0.7777777777777778,9,3,1,1,1,0,0,0,0,0,0,0,0,alto
9,10000.0,11,0.18181818181818182,1,2,1,1,0,0,0,0,0,1,0,0,1,medio_baixo
3,10000.0,69,0.5652173913043478,1,4,1,0,0,1,1,1,1,1,0,0,0,alto
4,0.0,0,0.0,0,0,1,0,0,0,0,0,0,0,0,0,0,gratuito
1,10000.0,0,0.0,1,2,1,0,0,0,1,0,0,0,0,0,1,medio_alto
2,35000.0,997,0.8736208625877633,9,1,1,0,0,36,0,0,0,1,0,0,0,alto
7,10000.0,32,0.8125,1,2,1,0,0,0,0,0,0,0,0,0,0,alto
1,0.0,0,0.0,1,2,1,0,0,0,1,0,0,1,0,0,0,medio_baixo
13,150000.0,333,0.6546546546546547,4,2,1,0,0,0,1,0,1,0,0,0,0,medio_baixo
2,10000.0,4,1.0,1,5,1,0,0,0,1,0,1,1,1,0,1,baixo
1,10000.0,0,0.0,1,2,1,0,0,0,0,0,0,1,0,0,1,medio_baixo
7,10000.0,36,0.5833333333333334,1,2,1,1,0,0,0,0,0,1,0,1,0,baixo
6,350000.0,5379,0.8469975831939022,11,3,1,0,0,0,1,0,1,1,0,0,0,medio_baixo
4,10000.0,0,0.0,1,1,1,0,0,0,0,1,0,0,0,0,0,baixo
6,10000.0,7,0.8571428571428571,1,1,1,0,0,0,0,0,1,0,0,0,0,gratuito
3,0.0,0,0.0,1,4,1,0,0,0,1,0,1,1,0,0,0,gratuito
1,0.0,0,0.0,0,0,1,0,0,0,0,0,0,0,0,0,0,gratuito
1,35000.0,15,0.5333333333333333,1,3,1,0,0,0,1,0,1,1,0,0,0,medio_baixo
4,0.0,0,0.0,1,5,1,0,0,1,0,0,0,0,0,0,0,gratuito
5,10000.0,31,0.8064516129032258,4,5,1,0,0,1,1,1,1,1,1,0,0,baixo
3,0.0,0,0.0,0,0,1,0,0,0,0,0,0,0,0,0,0,gratuito
8,10000.0,22,0.5909090909090909,1,2,1,0,0,0,1,0,1,0,0,0,0,medio_baixo
2,10000.0,0,0.0,1,2,1,1,0,0,0,0,1,1,0,0,0,medio_alto
9,10000.0,15,0.3333333333333333,1,2,1,0,0,0,1,0,0,0,1,0,0,baixo
5,10000.0,88,0.8522727272727273,9,4,1,0,1,0,1,1,1,0,0,0,0,alto
26,350000.0,6028,0.8276376907763769,9,1,1,1,1,0,0,1,0,0,0,0,0,baixo
11,350000.0,1440,0.6805555555555556,1,4,1,1,1,0,1,0,0,1,0,0,1,gratuito
1,10000.0,0,0.0,1,4,1,0,0,0,1,0,1,1,1,0,0,alto
8,10000.0,24,0.9583333333333334,1,3,1,0,0,0,1,0,0,1,0,0,0,baixo
4,10000.0,42,0.8809523809523809,5,4,1,0,0,0,1,0,0,1,0,1,1,medio_alto
4,10000.0,6,0.3333333333333333,1,4,1,0,0,0,1,1,1,0,0,0,1,medio_alto
3,10000.0,1,1.0,3,4,1,0,0,0,1,1,1,0,0,1,0,alto
7,1500000.0,5775,0.9129004329004329,11,4,1,1,1,1,1,0,1,1,0,0,0,gratuito
6,10000.0,52,0.6923076923076923,1,4,1,0,0,0,1,0,0,1,0,1,1,baixo
7,10000.0,116,0.7155172413793104,4,7,1,0,0,0,1,1,1,1,0,0,1,baixo
6,10000.0,3,0.6666666666666666,1,2,1,0,0,0,0,0,0,0,0,1,0,medio_alto
8,10000.0,14,0.6428571428571429,2,2,1,0,0,0,1,0,0,1,0,0,0,gratuito
3,10000.0,1,0.0,1,4,1,0,0,1,0,1,1,0,1,1,0,baixo
3,350000.0,4823,0.7663280116110305,1,4,1,0,0,0,1,1,0,1,0,0,1,alto
2,0.0,0,0.0,0,0,1,0,0,0,0,0,0,0,0,0,0,gratuito
6,3500000.0,97229,0.9827829145625276,28,2,1,0,0,1,0,1,1,0,0,0,0,alto
4,10000.0,0,0.0,2,1,1,0,0,1,0,0,0,0,1,0,0,medio_alto
9,10000.0,257,0.7276264591439688,2,6,1,0,0,0,1,1,1,1,1,0,1,medio_baixo
1,150000.0,4,0.75,1,3,1,0,0,0,1,0,0,0,1,0,1,medio_alto
1,10000.0,0,0.0,1,4,1,0,0,0,1,1,1,1,0,0,0,medio_baixo
1,0.0,0,0.0,10,4,1,0,0,0,1,0,0,0,0,0,1,medio_alto
6,10000.0,12,0.9166666666666666,103,5,1,0,0,0,1,0,1,1,0,1,1,baixo
6,10000.0,0,0.0,7,3,1,0,0,1,1,1,0,1,0,0,0,baixo
6,10000.0,4,0.25,1,4,1,1,0,4,1,1,1,0,0,0,0,baixo
7,10000.0,18,0.8888888888888888,1,5,1,0,0,0,1,1,0,1,0,1,0,medio_alto
7,75000.0,590,0.9847457627118644,11,3,1,0,1,1,1,0,0,1,0,1,0,medio_alto
9,350000.0,4053,0.5985689612632618,4,6,1,0,0,0,1,1,1,1,1,1,0,medio_baixo
1,0.0,0,0.0,2,2,1,0,0,0,1,0,0,0,0,0,0,medio_baixo
5,10000.0,39,0.8717948717948718,1,2,1,0,0,0,1,0,0,1,0,0,0,alto
2,750000.0,3752,0.8624733475479744,12,1,1,0,0,1,0,0,1,0,0,0,0,medio_alto
3,0.0,0,0.0,0,0,1,0,0,0,0,0,0,0,0,0,0,gratuito
6,10000.0,5,0.6,1,1,1,0,0,0,0,0,0,1,0,0,0,medio_alto
3,0.0,0,0.0,1,6,1,0,0,0,1,0,1,0,1,0,0,gratuito
2,10000.0,10,1.0,1,4,1,0,0,0,1,0,1,0,1,1,0,medio_alto
1,10000.0,0,0.0,1,4,1,0,0,0,1,0,1,1,0,0,1,alto
4,10000.0,93,0.946236559139785,2,3,1,0,0,0,1,1,1,0,0,0,0,medio_baixo
1,10000.0,0,0.0,12,3,1,0,0,0,0,0,0,1,0,0,1,alto
10,750000.0,5909,0.8940599086139787,17,3,1,1,1,12,1,0,1,0,0,0,0,baixo
1,0.0,0,0.0,0,0,1,0,0,0,0,0,0,0,0,0,0,gratuito
6,10000.0,3,1.0,1,1,1,0,0,0,0,0,0,1,0,0,0,baixo
2,10000.0,3,1.0,2,2,1,0,0,0,0,0,0,0,0,1,0,medio_alto
2,10000.0,454,0.9074889867841409,8,2,1,0,0,0,0,1,1,0,0,0,0,alto
8,10000.0,16,0.9375,1,1,1,1,0,0,0,0,0,0,1,0,0,medio_baixo
3,35000.0,5,0.6,1,1,1,0,0,0,1,0,0,0,0,0,0,baixo
4,10000.0,178,0.8876404494382022,3,3,1,0,0,1,1,0,1,1,0,0,0,alto
1,10000.0,1,0.0,1,2,1,0,0,0,1,1,0,0,0,0,0,baixo
7,35000.0,11,0.36363636363636365,1,1,1,0,0,0,0,0,0,1,0,0,0,baixo
3,10000.0,2,0.5,1,2,1,0,0,0,0,1,0,0,1,0,0,baixo
1,10000.0,0,0.0,1,2,1,0,0,0,1,0,0,0,0,0,1,baixo
7,10000.0,46,0.8695652173913043,1,5,1,0,0,0,1,1,1,1,1,0,0,baixo
1,10000.0,1,1.0,1,1,1,0,0,0,1,0,0,0,0,0,0,medio_baixo
3,75000.0,3,0.3333333333333333,1,2,1,0,0,0,1,0,1,0,0,0,0,medio_baixo
3,10000.0,10,1.0,1,2,1,0,0,0,0,1,0,1,0,0,0,medio_alto
5,10000.0,0,0.0,1,1,1,1,0,0,0,0,0,0,0,1,0,baixo
4,10000.0,0,0.0,1,2,1,0,0,0,0,1,0,0,0,0,0,alto
2,0.0,0,0.0,1,2,1,0,0,0,0,0,0,0,1,0,0,gratuito
6,10000.0,2,0.0,1,2,1,0,0,1,1,1,0,0,0,0,0,baixo
3,10000.0,37,0.918918918918919,14,3,1,1,0,0,1,0,0,1,0,0,0,gratuito
2,10000.0,5,0.8,8,3,1,0,0,0,1,0,0,1,0,0,1,medio_baixo
7,10000.0,22,0.5454545454545454,1,3,1,0,0,0,1,1,0,1,0,0,0,medio_alto
9,10000.0,77,0.7532467532467533,2,2,1,1,1,0,1,0,1,0,0,0,0,baixo
2,10000.0,49,0.8979591836734694,4,1,1,1,0,1,0,0,1,0,0,0,0,medio_alto
3,10000.0,64,0.53125,4,6,1,0,0,0,1,1,1,1,0,0,1,medio_alto
2,10000.0,14,0.7142857142857143,2,4,1,0,0,0,1,1,0,0,1,0,0,gratuito
5,10000.0,139,0.9856115107913669,1,3,1,0,0,0,1,0,0,0,0,0,1,alto
3,10000.0,18,0.6666666666666666,1,4,1,0,0,0,1,0,0,1,0,1,1,medio_baixo
8,35000.0,207,0.6231884057971014,8,5,1,1,1,1,1,1,1,0,1,1,0,medio_alto
4,10000.0,0,0.0,1,5,1,0,0,0,1,1,1,0,0,0,1,gratuito
11,35000.0,249,0.6465863453815262,18,1,1,0,0,0,0,0,0,0,0,0,0,alto
2,10000.0,0,0.0,1,1,1,0,0,0,0,0,0,0,1,0,0,medio_alto
2,10000.0,0,0.0,1,3,1,0,0,0,1,0,1,1,0,0,0,alto
5,10000.0,2,1.0,1,4,1,0,0,0,1,1,1,0,1,0,0,alto
1,0.0,0,0.0,0,0,1,0,0,0,0,0,0,0,0,0,0,gratuito
6,10000.0,1,1.0,1,2,1,0,0,0,1,0,0,1,0,0,0,baixo
3,10000.0,2,1.0,1,4,1,0,0,0,1,0,1,1,0,1,0,baixo
11,35000.0,311,0.6591639871382636,1,4,1,0,0,6,1,1,0,1,0,1,0,medio_baixo
9,10000.0,11,0.45454545454545453,1,2,1,0,0,0,1,0,0,1,0,0,0,baixo
11,10000.0,56,0.7142857142857143,1,1,1,1,1,1,0,0,1,0,0,0,0,medio_baixo
3,10000.0,1,0.0,2,3,1,0,0,0,0,0,0,1,0,1,1,medio_alto
3,0.0,0,0.0,0,0,1,0,0,0,0,0,0,0,0,0,0,gratuito
4,10000.0,8,0.625,3,3,1,0,0,0,1,0,0,0,0,1,1,medio_alto
1,10000.0,0,0.0,1,2,1,0,0,0,1,0,1,0,0,0,0,medio_alto
1,10000.0,0,0.0,1,1,1,0,0,0,0,0,0,1,0,0,0,alto
2,0.0,0,0.0,0,0,1,0,0,0,0,0,0,0,0,0,0,gratuito
2,10000.0,1,0.0,1,2,1,0,0,0,0,0,0,1,0,1,0,alto
4,0.0,0,0.0,1,4,1,0,0,0,1,1,0,1,0,0,0,gratuito
4,35000.0,186,0.9193548387096774,3,2,1,0,0,0,1,0,0,0,1,0,0,alto
2,10000.0,84,0.75,4,4,1,0,0,0,1,1,1,0,0,0,1,medio_baixo
1,10000.0,45,0.7333333333333333,1,4,1,0,0,0,1,1,0,1,1,0,0,medio_alto
3,0.0,0,0.0,0,0,1,0,0,0,0,0,0,0,0,0,0,gratuito
2,10000.0,12,0.75,2,4,1,0,0,0,1,0,0,1,0,1,0,gratuito
13,7500000.0,134436,0.8660775387545003,4,2,1,1,1,33,0,0,0,0,0,1,1,medio_alto
5,0.0,0,0.0,1,2,1,0,0,0,0,0,1,0,0,0,1,gratuito
6,10000.0,24,0.625,2,3,1,0,0,0,1,1,0,0,0,1,0,baixo
8,75000.0,1282,0.7394695787831513,8,2,1,0,0,0,1,0,1,0,0,0,0,medio_baixo
1,0.0,0,0.0,5,1,1,0,0,0,0,0,0,1,0,0,0,medio_baixo
4,10000.0,24,0.875,2,3,1,0,0,1,1,0,1,1,0,0,0,alto
8,10000.0,6,0.5,1,2,1,0,0,0,0,0,0,0,0,0,0,alto
1,0.0,0,0.0,1,5,1,0,0,0,1,1,1,1,0,0,0,medio_baixo
10,350000.0,2994,0.9181696726786908,1,2,1,0,0,2,0,1,0,0,1,0,0,medio_alto
3,10000.0,24,0.875,1,5,1,0,0,0,1,1,1,1,0,0,0,baixo
3,75000.0,2,1.0,1,2,1,1,0,0,1,0,1,0,0,0,0,medio_alto
7,10000.0,57,0.7894736842105263,1,1,1,1,1,0,0,0,0,1,0,0,0,baixo
3,10000.0,0,0.0,1,2,1,0,0,0,1,0,0,1,0,0,0,medio_alto
2,35000.0,254,0.5905511811023622,2,6,1,0,0,1,1,0,0,1,1,1,1,alto
2,10000.0,1,1.0,2,3,1,0,0,0,1,0,1,0,0,0,0,alto
6,10000.0,134,0.7910447761194029,1,5,1,0,0,0,1,0,1,1,0,0,1,gratuito
4,10000.0,7,0.7142857142857143,10,3,1,0,0,0,1,1,0,1,0,0,0,medio_baixo
2,10000.0,1,0.0,13,1,1,0,0,0,1,0,0,0,0,0,0,medio_alto
9,35000.0,332,0.9909638554216867,13,3,1,1,0,0,0,1,0,1,0,0,1,medio_baixo
4,10000.0,6,0.6666666666666666,2,3,1,0,0,0,1,1,0,1,0,0,0,medio_alto
5,10000.0,8,0.625,3,2,1,0,0,0,0,0,0,0,0,0,0,alto
5,0.0,0,0.0,0,0,1,0,0,0,0,0,0,0,0,0,0,gratuito
4,10000.0,10,0.9,2,2,1,0,0,0,0,1,1,0,0,0,0,medio_baixo
2,10000.0,1,1.0,1,2,1,0,1,0,1,0,0,1,0,0,0,medio_baixo
2,10000.0,6,0.8333333333333334,8,3,1,1,1,0,0,0,0,1,1,1,0,medio_baixo
1,0.0,0,0.0,0,0,1,0,0,0,0,0,0,0,0,0,0,gratuito
7,10000.0,0,0.0,1,2,1,0,0,0,1,1,0,0,0,0,0,alto
4,35000.0,117,0.8717948717948718,13,3,1,1,1,0,1,1,1,0,0,0,0,baixo
2,10000.0,0,0.0,1,2,1,0,0,0,0,0,0,0,0,0,1,gratuito
4,10000.0,201,0.8706467661691543,4,1,1,0,0,29,0,1,0,0,0,0,0,alto
5,0.0,0,0.0,0,0,1,0,0,0,0,0,0,0,0,0,0,gratuito
2,0.0,0,0.0,0,0,1,0,0,0,0,0,0,0,0,0,0,gratuito
13,350000.0,5867,0.8261462416908131,3,3,1,1,0,0,1,0,1,0,1,0,0,medio_baixo
1,35000.0,1,0.0,3,2,1,0,0,0,0,0,0,0,0,1,1,medio_alto
3,10000.0,0,0.0,2,3,1,0,0,0,1,0,0,0,1,0,1,medio_alto
2,10000.0,9,0.8888888888888888,3,2,1,0,0,0,0,0,0,0,0,1,1,medio_alto
6,75000.0,8,1.0,1,3,1,0,0,0,0,0,0,1,0,1,1,medio_alto
2,10000.0,5,1.0,9,3,1,0,0,0,1,1,0,0,0,0,0,medio_alto
2,10000.0,44,0.6818181818181818,16,3,1,0,0,1,0,1,1,1,0,0,0,baixo
6,35000.0,701,0.8345221112696148,10,4,1,1,0,1,1,0,1,1,0,1,0,medio_alto
6,350000.0,4413,0.899841377747564,10,3,1,1,0,7,1,0,0,0,0,1,1,medio_alto
8,75000.0,184,0.8967391304347826,1,2,1,0,0,0,0,1,0,0,0,1,0,medio_baixo
4,10000.0,5,1.0,1,3,1,0,0,0,1,0,0,1,0,0,1,medio_baixo
1,10000.0,2,1.0,1,3,1,1,0,0,1,1,1,0,0,0,0,medio_alto
7,10000.0,30,0.6,3,6,1,0,0,0,1,1,1,0,1,1,1,alto
8,350000.0,12082,0.9585333554047343,8,2,1,0,0,0,1,0,1,0,0,0,0,baixo
3,0.0,0,0.0,0,0,1,0,0,0,0,0,0,0,0,0,0,gratuito
2,10000.0,90,0.8111111111111111,1,3,1,0,0,0,1,0,0,1,0,0,0,medio_baixo
5,10000.0,6,0.8333333333333334,2,4,1,1,1,0,1,1,1,1,0,0,0,gratuito
2,10000.0,0,0.0,31,2,1,0,0,0,1,0,0,1,0,0,0,baixo
2,150000.0,134,0.6791044776119403,4,4,1,0,0,0,1,1,1,1,0,0,0,baixo
17,35000.0,154,0.6883116883116883,1,1,1,0,0,0,0,0,1,0,0,0,0,baixo
6,10000.0,1,1.0,1,3,1,1,1,0,1,1,0,1,0,0,0,medio_alto
3,0.0,0,0.0,0,0,1,0,0,0,0,0,0,0,0,0,0,gratuito
1,10000.0,0,0.0,1,3,1,0,0,0,1,0,1,0,0,0,1,medio_alto
1,0.0,0,0.0,1,3,1,0,0,0,0,0,1,0,0,0,1,gratuito
4,35000.0,27,0.5555555555555556,29,3,1,0,0,0,1,1,0,1,0,0,0,medio_baixo
1,0.0,0,0.0,0,0,1,0,0,0,0,0,0,0,0,0,0,gratuito
3,75000.0,1010,0.7217821782178218,10,3,1,0,0,0,1,1,1,0,0,0,0,medio_alto
2,10000.0,38,0.9210526315789473,5,2,1,0,0,1,0,0,1,0,0,0,1,alto
3,10000.0,233,0.7081545064377682,4,4,1,0,0,0,1,0,0,0,1,1,1,medio_alto
5,35000.0,18,0.9444444444444444,2,2,1,0,0,0,1,0,0,0,0,1,0,medio_alto
13,35000.0,96,0.625,1,3,1,0,1,0,1,1,0,0,0,1,0,alto
4,0.0,0,0.0,1,5,1,0,0,0,1,1,0,1,0,0,0,gratuito
3,750000.0,21689,0.9544469546774863,16,2,1,0,0,2,1,1,0,0,0,0,0,alto
4,10000.0,10,0.7,2,3,1,0,0,0,1,1,1,0,0,0,0,medio_alto
14,150000.0,371,0.706199460916442,5,3,1,0,0,0,1,1,0,0,0,1,0,baixo
11,75000.0,462,0.8744588744588745,7,3,1,0,0,0,1,1,0,1,0,0,0,medio_baixo
11,10000.0,79,0.7088607594936709,26,4,1,1,0,1,1,1,0,1,0,0,1,medio_baixo
8,35000.0,129,0.5968992248062015,1,3,1,0,0,0,1,1,0,0,0,0,0,baixo
5,350000.0,578,0.773356401384083,1,4,1,1,0,0,1,0,0,1,0,1,0,gratuito
9,35000.0,322,0.8074534161490683,8,4,1,0,0,0,1,1,1,0,0,0,0,alto
1,10000.0,0,0.0,1,3,1,0,0,0,1,1,1,0,0,0,0,medio_alto
1,10000.0,0,0.0,1,2,1,0,0,0,1,0,1,0,0,0,0,medio_baixo
3,10000.0,9,1.0,2,2,1,0,0,0,1,0,0,1,0,0,0,baixo
2,10000.0,14,0.7142857142857143,1,6,1,0,0,0,1,1,1,1,1,0,0,baixo
1,10000.0,0,0.0,1,4,1,0,1,0,1,1,1,0,1,0,0,alto
3,10000.0,8,0.125,1,2,1,0,0,0,0,1,1,0,0,0,0,medio_alto
8,10000.0,3,0.6666666666666666,1,1,1,0,0,0,0,0,0,0,0,0,0,gratuito
8,10000.0,81,0.5185185185185185,1,3,1,0,0,0,1,0,0,1,0,0,0,medio_baixo
9,75000.0,238,0.6554621848739496,1,4,1,1,0,0,0,0,0,0,0,1,0,gratuito
6,10000.0,1,1.0,1,3,1,0,0,0,1,1,0,0,0,1,0,alto
7,10000.0,0,0.0,1,3,1,0,0,0,1,0,0,0,0,0,1,baixo
10,75000.0,892,0.9674887892376681,1,3,1,1,0,0,1,0,0,0,0,1,1,medio_baixo
5,35000.0,1,1.0,1,2,1,0,0,0,1,0,0,1,0,0,0,medio_alto
1,10000.0,0,0.0,1,2,1,1,0,0,0,0,1,1,0,0,0,medio_alto
1,150000.0,4461,0.8578793992378391,11,4,1,1,0,0,0,1,0,0,0,1,1,alto
2,0.0,0,0.0,1,3,1,1,1,0,1,0,0,1,0,0,0,gratuito
2,10000.0,102,0.37254901960784315,6,6,1,1,0,0,0,0,1,1,0,0,1,gratuito
11,10000.0,45,0.6888888888888889,2,2,1,0,0,0,1,0,1,0,0,0,0,baixo
5,10000.0,0,0.0,13,1,1,0,0,0,0,0,0,1,0,0,0,medio_baixo
7,10000.0,13,0.38461538461538464,6,3,1,0,0,0,1,1,0,0,0,1,0,alto
1,0.0,0,0.0,0,0,1,0,0,0,0,0,0,0,0,0,0,gratuito
4,0.0,0,0.0,0,0,1,0,0,0,0,0,0,0,0,0,0,gratuito
3,10000.0,21,0.9523809523809523,1,2,1,0,0,0,0,0,0,1,0,0,1,alto
9,10000.0,34,0.8823529411764706,9,2,1,1,1,0,1,0,0,1,0,0,0,gratuito
9,10000.0,18,0.8333333333333334,1,6,1,0,0,0,0,0,0,0,0,0,0,alto
8,10000.0,23,0.5217391304347826,1,1,1,0,0,0,0,0,1,0,0,0,0,medio_baixo
10,35000.0,544,0.9669117647058824,2,2,1,0,0,3,1,1,0,0,0,0,0,medio_alto
5,35000.0,600,0.7216666666666667,2,4,1,0,0,0,1,1,1,0,1,0,0,medio_alto
4,10000.0,22,1.0,1,2,1,0,0,0,1,0,0,1,0,0,0,medio_alto
8,10000.0,1,1.0,1,2,1,0,0,0,1,1,0,0,0,0,0,gratuito
2,10000.0,1,0.0,1,5,1,0,0,0,1,1,1,1,1,0,0,baixo
2,10000.0,5,1.0,1,1,1,0,0,0,1,0,0,0,0,0,0,alto
2,10000.0,0,0.0,3,2,1,0,0,1,1,0,0,1,0,0,0,medio_alto
5,10000.0,5,1.0,2,2,1,0,0,0,1,0,0,0,0,1,0,baixo
10,150000.0,529,0.6862003780718336,7,1,1,1,1,0,0,0,1,0,0,0,0,medio_baixo
8,10000.0,9,0.6666666666666666,1,1,1,0,0,0,1,0,0,0,0,0,0,alto
1,10000.0,0,0.0,2,3,1,0,0,0,1,1,0,1,0,0,0,baixo
5,10000.0,6,1.0,1,2,1,0,0,0,0,0,1,1,0,0,0,medio_alto
7,150000.0,1859,0.8402366863905325,25,2,1,1,0,0,1,0,0,0,0,1,0,alto
1,0.0,0,0.0,0,0,1,0,0,0,0,0,0,0,0,0,0,gratuito
7,75000.0,6,0.6666666666666666,1,2,1,0,0,0,1,0,1,0,0,0,0,baixo
3,10000.0,3,1.0,3,2,1,1,0,0,0,0,1,1,0,0,0,medio_alto
5,150000.0,1513,0.7204230006609386,12,3,1,0,0,26,0,1,1,0,1,0,0,medio_alto
6,10000.0,65,0.8153846153846154,3,5,1,1,0,0,1,0,1,1,1,0,1,medio_alto
10,75000.0,165,0.6242424242424243,1,3,1,0,0,0,1,0,1,0,1,0,0,baixo
3,10000.0,1,1.0,1,2,1,0,0,0,1,0,0,1,0,0,0,baixo
6,35000.0,3,0.6666666666666666,1,5,1,0,0,0,1,1,1,1,0,0,1,baixo
5,35000.0,308,0.9383116883116883,1,3,1,1,1,1,1,0,0,0,0,0,1,alto
3,0.0,0,0.0,1,4,1,0,0,0,1,0,0,1,0,1,1,gratuito
4,35000.0,31,0.6129032258064516,1,5,1,0,0,0,0,0,1,1,1,1,0,gratuito
3,10000.0,0,0.0,1,3,1,0,0,0,1,0,1,0,0,0,0,gratuito
5,0.0,0,0.0,0,0,1,0,0,0,0,0,0,0,0,0,0,gratuito
1,10000.0,9,1.0,14,2,1,0,0,0,1,1,0,0,0,0,0,alto
4,10000.0,146,0.9383561643835616,7,4,1,0,0,0,1,0,1,1,0,1,0,baixo
9,10000.0,7,0.8571428571428571,1,1,1,0,0,0,0,0,0,0,1,0,0,medio_baixo
3,0.0,0,0.0,0,0,1,0,0,0,0,0,0,0,0,0,0,gratuito
8,150000.0,1464,0.880464480874317,20,4,1,1,0,1,1,1,0,0,0,0,0,gratuito
8,10000.0,11,1.0,1,2,1,0,0,0,1,1,0,0,0,0,0,alto
10,75000.0,184,0.8315217391304348,1,3,1,1,1,0,1,0,0,0,0,1,0,gratuito
1,10000.0,17,1.0,5,1,1,1,1,0,0,0,0,1,0,0,0,medio_alto
1,0.0,0,0.0,1,4,1,0,0,0,1,0,1,1,1,0,0,medio_baixo
3,150000.0,1863,0.9334406870638755,8,3,1,0,0,1,1,0,1,1,0,0,0,alto
1,0.0,0,0.0,10,3,1,0,0,0,1,1,1,0,0,0,0,medio_alto
7,10000.0,42,0.8571428571428571,2,3,1,1,0,0,1,1,0,1,0,0,0,baixo
1,10000.0,0,0.0,11,4,1,0,0,0,1,1,0,1,0,0,1,medio_baixo
1,10000.0,59,0.864406779661017,9,5,1,0,0,0,1,0,1,1,0,1,1,alto
3,10000.0,40,0.925,4,3,1,0,0,0,1,0,0,0,1,1,0,medio_baixo
4,10000.0,4,0.75,1,1,1,0,0,0,0,0,0,0,1,0,0,baixo
12,350000.0,344,0.5465116279069767,1,1,1,0,0,0,0,1,0,0,0,0,0,baixo
1,10000.0,0,0.0,19,3,1,0,0,0,1,1,1,0,0,0,0,medio_baixo
10,150000.0,664,0.858433734939759,1,4,1,1,1,0,1,1,1,0,0,0,0,gratuito
3,0.0,0,0.0,1,5,1,0,0,0,1,1,0,1,0,0,0,gratuito
5,10000.0,51,0.6862745098039216,3,2,1,0,0,1,1,0,0,0,1,0,0,medio_alto
5,10000.0,0,0.0,29,5,1,0,0,0,0,1,1,1,1,0,1,baixo
2,10000.0,13,0.7692307692307693,6,4,1,1,0,0,0,0,1,1,0,1,1,medio_baixo
11,350000.0,6437,0.8721454093521827,1,2,1,0,0,2,1,0,0,0,1,0,0,medio_alto
6,10000.0,1,1.0,10,3,1,1,1,0,1,0,0,1,0,0,0,medio_alto
4,10000.0,8,0.625,1,3,1,0,0,0,0,0,0,1,0,0,1,alto
6,10000.0,54,0.8888888888888888,1,4,1,0,0,1,1,0,1,1,0,0,1,medio_alto
9,35000.0,79,0.5443037974683544,1,2,1,0,0,0,1,0,0,1,0,0,0,medio_alto
2,35000.0,190,0.7578947368421053,12,2,1,0,0,0,1,1,0,0,0,0,0,medio_alto
1,10000.0,0,0.0,2,4,1,0,1,0,1,1,0,1,0,0,0,medio_alto
17,150000.0,316,0.6234177215189873,6,2,1,1,0,0,1,1,0,0,0,0,0,medio_alto
3,10000.0,302,0.7847682119205298,8,4,1,1,0,0,1,0,1,1,0,0,1,alto
6,750000.0,11439,0.9151149576011889,9,5,1,1,1,2,1,1,1,0,1,1,0,medio_alto
7,10000.0,33,0.48484848484848486,1,3,1,0,0,0,1,1,0,0,0,0,0,baixo
2,10000.0,68,0.8088235294117647,12,7,1,0,0,0,1,1,1,1,1,1,0,alto
1,0.0,0,0.0,1,4,1,0,0,0,1,0,1,1,0,0,0,gratuito
1,10000.0,37,0.972972972972973,7,2,1,0,0,0,0,1,0,0,0,0,0,medio_alto
1,10000.0,4,1.0,1,1,1,0,0,0,0,1,0,0,0,0,0,baixo
6,10000.0,6,0.6666666666666666,2,5,1,0,0,0,1,1,0,1,0,1,1,baixo
11,10000.0,9,0.1111111111111111,2,5,1,0,0,0,1,1,1,0,1,1,0,medio_alto
10,10000.0,1,1.0,1,1,1,0,0,0,0,0,0,0,0,0,0,gratuito
2,10000.0,0,0.0,1,2,1,0,0,0,0,0,0,1,0,0,0,gratuito
9,10000.0,40,0.8,1,4,1,0,0,0,1,1,1,0,1,0,0,baixo
11,75000.0,994,0.5845070422535211,1,4,1,1,1,1,1,0,1,1,0,0,1,medio_baixo
1,10000.0,338,0.9615384615384616,14,3,1,1,0,1,1,0,0,1,0,0,1,alto
5,10000.0,0,0.0,1,2,1,0,0,1,1,0,0,1,0,0,0,baixo
2,10000.0,0,0.0,6,1,1,0,0,0,0,1,0,0,0,0,0,medio_baixo
17,10000.0,47,0.6595744680851063,7,2,1,1,0,0,1,0,0,1,0,0,0,alto
6,10000.0,0,0.0,4,2,1,0,0,0,1,1,0,0,0,0,0,baixo
2,10000.0,155,0.9419354838709677,9,3,1,0,0,0,0,1,0,1,0,0,1,alto
4,10000.0,15,1.0,1,4,1,0,0,0,1,1,1,0,0,0,0,medio_alto
5,75000.0,5,0.6,2,4,1,0,0,6,0,0,1,0,1,1,1,alto
7,35000.0,16,0.875,1,4,1,0,0,0,1,0,1,1,1,0,0,gratuito
2,0.0,0,0.0,5,5,1,0,0,0,0,1,1,0,1,0,0,gratuito
4,0.0,0,0.0,10,6,1,0,0,0,0,1,0,0,1,1,1,gratuito
7,10000.0,38,1.0,1,2,1,0,0,0,1,0,1,0,0,0,0,medio_baixo
11,10000.0,16,0.5625,1,5,1,0,0,0,1,0,0,1,0,1,1,medio_baixo
5,0.0,0,0.0,0,0,1,0,0,0,0,0,0,0,0,0,0,gratuito
4,75000.0,1114,0.8231597845601436,4,2,1,0,0,0,0,1,0,0,1,0,0,alto
1,10000.0,118,0.8389830508474576,10,1,1,0,0,2,0,1,0,0,0,0,0,alto
10,35000.0,140,0.7,1,3,1,0,0,0,1,1,1,0,0,0,0,gratuito
1,10000.0,3,0.6666666666666666,1,3,1,0,0,0,1,1,1,0,0,0,0,medio_alto
6,10000.0,119,0.7563025210084033,1,2,1,0,0,0,0,0,0,1,1,0,0,medio_baixo
2,10000.0,15,0.8,1,4,1,0,0,0,1,0,0,1,0,1,1,baixo
5,10000.0,231,0.7359307359307359,6,2,1,0,0,0,1,0,0,1,0,0,0,alto
4,10000.0,43,0.6511627906976745,2,3,1,0,1,0,1,1,1,0,0,0,0,baixo
3,10000.0,0,0.0,14,2,1,0,0,0,0,0,0,1,1,0,0,medio_alto
1,10000.0,0,0.0,1,1,1,0,0,1,1,0,0,0,0,0,0,medio_alto
3,35000.0,7,0.7142857142857143,1,2,1,0,0,4,0,1,0,0,0,0,0,gratuito
5,0.0,0,0.0,0,0,1,0,0,0,0,0,0,0,0,0,0,gratuito
5,10000.0,31,1.0,1,2,1,0,0,0,1,0,0,1,0,0,0,medio_baixo
2,10000.0,2,1.0,2,5,1,0,0,0,1,0,0,1,0,1,1,medio_baixo
2,10000.0,0,0.0,1,3,1,0,0,0,1,0,0,1,0,1,0,medio_alto
1,0.0,0,0.0,1,2,1,0,0,1,0,1,0,0,0,0,0,gratuito
9,10000.0,23,0.6521739130434783,1,2,1,0,0,0,1,1,0,0,0,0,0,medio_baixo
6,10000.0,0,0.0,1,5,1,0,0,0,1,1,0,1,1,0,0,baixo
1,0.0,0,0.0,10,2,1,0,0,0,1,1,0,0,0,0,0,alto
7,10000.0,0,0.0,1,4,1,0,0,0,1,1,1,1,0,0,0,medio_baixo
3,0.0,0,0.0,103,9,1,1,1,0,1,1,1,1,1,1,1,alto
12,35000.0,1100,0.7481818181818182,1,5,1,0,0,0,1,1,1,1,1,0,0,baixo
3,10000.0,0,0.0,2,2,1,0,0,0,1,0,1,0,0,0,0,gratuito
2,10000.0,2,0.0,1,2,1,0,0,0,0,0,0,0,0,0,1,alto
1,10000.0,0,0.0,7,2,1,0,0,0,1,0,1,0,0,0,0,alto
1,0.0,0,0.0,1,2,1,0,1,0,1,0,0,1,0,0,0,medio_baixo
10,10000.0,52,0.5576923076923077,1,2,1,0,0,0,1,0,0,1,0,0,0,gratuito
4,10000.0,10,0.5,2,2,1,0,0,0,1,0,0,0,0,0,1,medio_alto
2,10000.0,6,0.0,14,7,1,0,0,0,1,1,1,1,0,0,1,medio_baixo
9,35000.0,51,0.6078431372549019,1,6,1,0,0,2,1,0,1,1,1,1,1,baixo
7,750000.0,13883,0.9860260750558236,7,4,1,0,0,1,1,0,1,0,1,0,0,gratuito
2,10000.0,7,0.7142857142857143,3,7,1,0,0,0,1,1,1,1,1,1,1,baixo
4,10000.0,53,0.6037735849056604,10,2,1,0,0,0,1,0,0,0,0,1,0,medio_baixo
9,10000.0,11,0.8181818181818182,1,4,1,0,0,0,1,1,1,1,0,0,0,baixo
1,0.0,0,0.0,0,0,1,0,0,0,0,0,0,0,0,0,0,gratuito
1,10000.0,7,0.7142857142857143,2,4,1,0,0,0,1,0,1,0,1,1,0,medio_alto
6,10000.0,3,1.0,1,1,1,0,0,0,0,0,0,0,0,0,0,alto
3,0.0,0,0.0,0,0,1,0,0,0,0,0,0,0,0,0,0,gratuito
3,150000.0,7,0.8571428571428571,15,2,1,0,0,0,0,0,0,0,0,1,1,medio_baixo
4,10000.0,0,0.0,1,1,1,1,0,0,0,0,0,1,0,0,0,alto
3,10000.0,0,0.0,1,2,1,0,0,0,0,0,1,0,0,1,0,baixo
1,10000.0,5,1.0,12,3,1,0,0,0,1,0,0,1,0,1,0,baixo
7,35000.0,11,0.36363636363636365,2,2,1,1,1,0,1,0,0,0,0,1,0,medio_alto
3,0.0,0,0.0,103,2,1,0,0,0,0,0,0,1,0,0,0,gratuito
2,0.0,0,0.0,0,0,1,0,0,0,0,0,0,0,0,0,0,gratuito
5,35000.0,367,0.8555858310626703,17,7,1,0,0,0,1,1,0,1,1,1,1,alto
2,75000.0,999,0.8688688688688688,3,3,1,0,0,1,1,0,0,1,0,1,0,medio_alto
7,10000.0,13,0.8461538461538461,3,4,1,0,0,1,1,1,1,1,0,0,0,medio_baixo
1,10000.0,0,0.0,1,3,1,0,0,0,1,0,0,1,0,1,0,medio_alto
7,150000.0,2904,0.8767217630853994,7,6,1,0,0,0,1,1,1,0,1,0,1,baixo
1,10000.0,496,0.8991935483870968,12,3,1,0,0,2,1,0,0,0,0,0,0,alto
4,10000.0,12,0.8333333333333334,2,3,1,0,0,0,1,1,0,1,0,0,0,medio_baixo
3,10000.0,3,0.6666666666666666,1,3,1,0,0,0,1,1,0,1,0,0,0,medio_baixo
8,35000.0,105,0.8095238095238095,2,2,1,0,0,0,1,1,0,0,0,0,0,baixo
1,0.0,0,0.0,0,0,1,0,0,0,0,0,0,0,0,0,0,gratuito
2,10000.0,0,0.0,5,4,1,0,1,0,0,0,1,1,1,0,1,alto
4,10000.0,2,1.0,1,5,1,0,0,0,1,0,1,0,1,1,1,medio_alto
3,10000.0,0,0.0,1,2,1,0,0,0,1,0,0,1,0,0,0,alto
3,10000.0,77,0.948051948051948,1,5,1,0,0,0,1,0,1,1,1,0,1,medio_baixo
3,10000.0,4,0.25,9,2,1,0,0,0,0,1,1,0,0,0,0,alto
3,10000.0,34,0.5294117647058824,1,3,1,0,0,0,1,0,0,1,0,0,1,baixo
3,10000.0,1,0.0,12,3,1,0,0,0,0,1,0,0,0,0,1,alto
2,10000.0,10,1.0,1,2,1,0,0,0,1,0,0,1,0,0,0,medio_alto
1,10000.0,20,0.95,13,2,1,0,0,0,1,0,1,0,0,0,0,medio_baixo
7,35000.0,1,0.0,1,3,1,0,0,0,1,1,0,0,0,1,0,alto
2,0.0,0,0.0,1,2,1,0,0,0,0,1,0,0,0,0,0,gratuito
2,10000.0,2,0.5,1,1,1,0,0,0,0,0,0,0,0,0,1,baixo
4,35000.0,741,0.7989203778677463,1,4,1,0,0,0,1,1,0,0,0,0,1,alto
2,0.0,0,0.0,0,0,1,0,0,0,0,0,0,0,0,0,0,gratuito
2,10000.0,1,1.0,1,4,1,0,0,0,1,1,0,1,0,0,0,medio_baixo
2,10000.0,3,0.6666666666666666,6,3,1,0,0,0,0,1,0,1,0,1,0,medio_baixo
9,35000.0,484,0.8657024793388429,3,4,1,0,0,0,1,1,1,0,0,0,0,medio_baixo
2,10000.0,0,0.0,1,2,1,0,0,0,1,0,0,1,0,0,0,alto
7,35000.0,14,0.6428571428571429,4,1,1,1,0,0,0,0,0,1,0,0,0,medio_alto
1,0.0,0,0.0,1,2,1,0,0,0,1,0,0,0,0,0,0,gratuito
2,10000.0,229,0.8908296943231441,11,5,1,0,0,0,1,1,1,1,1,0,0,medio_baixo
1,35000.0,840,0.7976190476190477,8,2,1,0,0,0,1,1,0,0,0,0,0,alto
7,10000.0,15,0.6,1,5,1,1,1,0,1,1,0,0,1,0,1,alto
8,35000.0,108,0.7777777777777778,6,3,1,0,0,3,1,0,1,1,0,0,0,gratuito
4,10000.0,12,0.8333333333333334,103,6,1,1,1,0,1,1,1,1,0,1,1,alto
1,0.0,0,0.0,0,0,1,0,0,0,0,0,0,0,0,0,0,gratuito
1,10000.0,0,0.0,3,2,1,0,0,0,0,0,0,0,0,1,1,medio_baixo
3,10000.0,14,0.7142857142857143,2,1,1,0,0,0,0,0,1,0,0,0,0,medio_baixo
1,0.0,0,0.0,0,0,1,0,0,0,0,0,0,0,0,0,0,gratuito
1,10000.0,0,0.0,1,2,1,0,1,0,1,1,0,0,0,0,0,medio_baixo
18,750000.0,3364,0.8772294887039239,2,1,1,0,0,0,0,1,0,0,0,0,0,medio_baixo
3,10000.0,120,0.5916666666666667,1,5,1,0,0,0,1,1,1,0,0,0,1,medio_alto
4,10000.0,0,0.0,2,2,1,0,0,0,1,0,1,0,0,0,0,alto
2,10000.0,0,0.0,1,3,1,0,0,0,0,0,0,1,1,1,0,medio_baixo
1,0.0,0,0.0,1,3,1,0,0,1,1,1,0,0,0,0,0,gratuito
1,10000.0,0,0.0,3,1,1,0,0,0,0,0,0,0,0,1,0,baixo
1,10000.0,0,0.0,1,1,1,0,0,0,0,0,0,1,0,0,0,medio_alto
3,10000.0,0,0.0,2,2,1,0,0,0,0,0,0,0,0,1,0,alto
5,10000.0,3,0.6666666666666666,1,3,1,0,0,1,1,1,1,0,0,0,0,medio_baixo
1,0.0,0,0.0,0,0,1,0,0,0,0,0,0,0,0,0,0,gratuito
4,75000.0,117,0.8632478632478633,1,3,1,0,0,0,0,0,1,0,1,1,0,baixo
3,10000.0,178,0.8595505617977528,9,3,1,0,0,0,1,1,0,0,0,0,0,alto
4,10000.0,30,0.5666666666666667,23,1,1,1,0,0,0,0,0,1,0,0,0,medio_alto
2,10000.0,120,0.9666666666666667,9,5,1,0,0,0,1,0,0,1,0,1,1,medio_baixo
2,10000.0,0,0.0,3,2,1,0,0,0,1,0,0,0,1,0,0,medio_alto
5,10000.0,3,0.6666666666666666,1,4,1,0,0,0,1,1,0,1,0,1,0,medio_baixo
4,75000.0,16,0.375,1,3,1,0,0,0,1,1,1,0,0,0,0,medio_alto
5,10000.0,28,0.6785714285714286,1,1,1,1,1,0,0,0,0,0,0,0,0,gratuito
3,35000.0,287,0.8118466898954704,1,3,1,1,0,0,1,0,0,0,0,1,1,alto
1,0.0,0,0.0,1,3,1,0,0,0,1,1,1,0,0,0,0,alto
2,10000.0,3,1.0,5,3,1,0,0,0,1,0,0,1,0,0,0,medio_alto
9,10000.0,68,0.7352941176470589,1,4,1,0,0,0,1,0,0,1,0,1,1,medio_baixo
6,350000.0,3,0.6666666666666666,1,1,1,0,0,0,1,0,0,0,0,0,0,medio_alto
9,10000.0,110,0.9545454545454546,11,3,1,1,0,0,1,1,1,0,0,0,0,medio_alto
1,0.0,0,0.0,103,1,1,0,0,0,1,0,0,0,0,0,0,medio_baixo
2,10000.0,3,1.0,5,3,1,0,0,0,1,1,0,0,1,0,0,alto
11,35000.0,449,0.8797327394209354,9,2,1,0,0,0,1,0,0,1,0,0,0,medio_alto
3,10000.0,1,1.0,1,3,1,1,0,0,0,1,1,0,0,0,0,medio_alto
4,3500000.0,54529,0.5409048396266207,11,2,1,0,0,0,0,1,0,0,0,0,0,gratuito
9,10000.0,31,0.2903225806451613,1,3,1,0,0,0,1,0,0,1,0,0,0,baixo
5,10000.0,1,0.0,1,3,1,0,0,0,1,0,1,1,0,0,0,baixo
5,0.0,0,0.0,0,0,1,0,0,0,0,0,0,0,0,0,0,gratuito
7,10000.0,8,1.0,1,2,1,0,0,0,1,0,0,0,0,0,1,medio_baixo
7,10000.0,0,0.0,29,3,1,0,0,0,1,0,0,0,1,0,1,baixo
3,10000.0,14,0.6428571428571429,2,2,1,0,0,0,1,0,1,0,0,0,0,medio_alto
3,10000.0,0,0.0,1,6,1,0,0,0,1,0,0,0,1,1,1,gratuito
2,10000.0,0,0.0,1,2,1,0,0,0,0,0,0,0,0,0,0,medio_alto
9,75000.0,1656,0.8580917874396136,2,1,1,0,0,3,0,0,0,0,1,0,0,alto
8,10000.0,29,0.6206896551724138,1,3,1,0,0,0,1,1,1,0,0,0,0,gratuito
1,10000.0,298,0.959731543624161,1,2,1,0,0,0,1,0,1,0,0,0,0,medio_alto
3,0.0,0,0.0,15,2,1,0,0,0,0,1,0,0,0,0,0,gratuito
3,35000.0,0,0.0,1,4,1,0,0,0,1,0,0,0,1,0,1,gratuito
1,0.0,0,0.0,103,5,1,1,1,0,1,1,1,1,0,0,0,alto
1,10000.0,0,0.0,9,3,1,0,0,2,1,0,0,1,0,0,0,gratuito
2,10000.0,10,0.6,10,3,1,0,0,0,1,0,1,0,0,0,1,medio_baixo
2,10000.0,34,0.7058823529411765,4,3,1,0,0,0,1,0,0,0,0,0,1,baixo
1,0.0,0,0.0,0,0,1,0,0,0,0,0,0,0,0,0,0,gratuito
11,350000.0,358,0.7905027932960894,1,2,1,1,1,0,1,0,0,0,0,1,0,medio_alto
1,0.0,0,0.0,4,3,1,1,0,0,1,0,1,0,1,0,0,alto
1,10000.0,0,0.0,9,2,1,0,0,0,1,0,1,0,0,0,0,medio_baixo
4,10000.0,0,0.0,1,4,1,1,1,0,1,0,1,1,1,0,0,medio_alto
8,10000.0,5,0.4,5,4,1,0,0,0,1,1,0,1,0,1,0,baixo
3,10000.0,16,0.875,1,2,1,0,0,0,1,0,0,1,0,0,0,baixo
2,0.0,0,0.0,0,0,1,0,0,0,0,0,0,0,0,0,0,gratuito
16,35000.0,96,0.71875,5,1,1,0,0,0,1,0,0,0,0,0,0,baixo
10,10000.0,54,0.7777777777777778,1,4,1,0,0,0,1,1,0,1,0,1,0,alto
9,10000.0,7,0.7142857142857143,1,3,1,1,1,0,1,1,0,0,1,0,0,baixo
7,35000.0,83,0.6506024096385542,7,4,1,1,0,0,1,1,1,1,0,0,0,medio_baixo
1,10000.0,9,1.0,15,3,1,0,0,0,1,1,0,1,0,0,0,medio_baixo
4,10000.0,0,0.0,1,1,1,0,0,0,0,0,0,0,1,0,0,medio_alto
2,10000.0,10,1.0,3,3,1,0,0,0,0,0,1,1,0,1,0,medio_baixo
3,10000.0,6,1.0,4,3,1,1,0,0,1,0,0,1,0,1,0,medio_alto
1,10000.0,0,0.0,1,3,1,0,0,0,1,1,0,1,0,0,0,medio_baixo
1,0.0,0,0.0,1,4,1,0,0,0,1,0,1,0,1,0,0,gratuito
9,10000.0,13,0.8461538461538461,1,1,1,0,0,0,0,0,0,1,0,0,0,baixo
5,0.0,0,0.0,1,5,1,0,0,0,1,1,1,1,0,0,0,gratuito
7,10000.0,20,0.9,1,3,1,1,1,0,1,1,1,0,0,0,0,baixo
1,10000.0,0,0.0,1,2,1,0,0,0,1,1,0,0,0,0,0,alto
8,750000.0,9416,0.8280586236193713,10,2,1,0,1,10,0,0,0,0,0,1,1,medio_alto
1,0.0,0,0.0,1,4,1,1,1,0,1,1,0,1,0,1,0,medio_baixo
9,75000.0,236,0.690677966101695,1,4,1,0,0,0,1,1,0,0,0,1,0,baixo
2,10000.0,26,0.9615384615384616,1,3,1,1,1,0,1,0,1,0,1,0,0,medio_alto
3,10000.0,20,0.85,11,3,1,0,1,0,1,1,0,0,0,0,0,baixo
4,10000.0,13,0.6923076923076923,1,5,1,0,0,0,1,0,1,1,0,0,1,baixo
6,35000.0,53,0.41509433962264153,2,3,1,0,0,0,1,0,0,1,0,0,1,baixo
10,35000.0,208,0.7355769230769231,8,1,1,0,0,1,0,1,0,0,0,0,0,baixo
11,10000.0,126,0.4603174603174603,5,3,1,0,0,0,0,1,0,0,0,0,0,gratuito
6,10000.0,1,1.0,1,4,1,0,0,0,0,1,1,0,1,1,0,alto
8,10000.0,1,1.0,1,1,1,1,0,0,0,0,0,0,0,1,0,baixo
4,10000.0,2,0.0,1,4,1,0,0,0,1,0,1,0,1,0,1,alto
8,10000.0,3,0.6666666666666666,2,1,1,0,0,0,0,0,1,0,0,0,0,alto
1,10000.0,1240,0.7991935483870968,12,4,1,1,1,2,1,1,1,0,1,0,0,alto
7,10000.0,0,0.0,1,3,1,1,0,0,1,1,0,1,0,0,0,alto
6,10000.0,1,1.0,1,3,1,0,0,0,1,1,0,1,0,0,0,baixo
2,10000.0,40,0.75,10,3,1,0,0,0,1,0,0,0,0,1,1,medio_alto
4,10000.0,75,0.8533333333333334,4,2,1,1,0,0,1,0,1,0,0,0,0,medio_alto
10,75000.0,268,0.20522388059701493,1,1,1,1,0,0,0,0,0,0,0,0,1,medio_alto
5,35000.0,37,0.972972972972973,1,2,1,0,0,0,1,0,0,0,1,0,0,medio_baixo
7,10000.0,0,0.0,1,2,1,0,0,3,1,0,0,1,0,0,0,baixo
5,150000.0,1626,0.7423124231242313,2,4,1,0,0,0,1,1,1,0,0,0,0,alto
1,10000.0,0,0.0,28,3,1,0,0,0,1,0,0,1,0,0,0,baixo
2,10000.0,26,0.7307692307692307,30,4,1,0,0,0,0,1,1,0,1,0,0,alto
10,10000.0,3,1.0,1,5,1,0,0,0,1,0,1,0,1,0,1,alto
1,10000.0,0,0.0,1,2,1,0,0,0,1,0,1,0,0,0,0,baixo
10,7500000.0,33815,0.5382226822416087,14,5,1,0,0,0,1,1,0,0,1,0,0,gratuito
2,0.0,0,0.0,0,0,1,0,0,0,0,0,0,0,0,0,0,gratuito
3,10000.0,16,0.625,2,4,1,0,0,0,1,1,1,0,1,0,0,medio_baixo
2,0.0,0,0.0,0,0,1,0,0,0,0,0,0,0,0,0,0,gratuito
5,10000.0,1,0.0,1,2,1,0,0,0,1,1,0,0,0,0,0,medio_baixo
1,10000.0,0,0.0,1,1,1,0,0,0,1,0,0,0,0,0,0,medio_alto
7,35000.0,428,0.8411214953271028,2,3,1,0,0,2,1,0,1,0,1,0,0,baixo
2,10000.0,11,1.0,10,2,1,0,0,0,1,0,0,1,0,0,0,baixo
9,10000.0,50,0.52,9,5,1,0,0,0,0,0,0,1,0,1,1,gratuito
1,10000.0,0,0.0,2,3,1,0,0,0,1,0,0,1,0,1,0,baixo
3,10000.0,13,0.6923076923076923,2,3,1,0,0,0,1,0,1,1,0,0,0,baixo
7,35000.0,35,0.5714285714285714,5,2,1,0,0,0,0,0,1,0,1,0,0,alto
4,0.0,0,0.0,1,2,1,0,0,0,0,1,0,0,1,0,0,gratuito
7,10000.0,34,0.6470588235294118,1,2,1,0,0,0,1,0,1,0,0,0,0,gratuito
6,10000.0,5,1.0,1,2,1,0,0,0,1,0,0,1,0,0,0,medio_baixo
4,10000.0,11,0.9090909090909091,3,4,1,0,0,0,1,0,1,1,0,1,0,medio_baixo
5,10000.0,0,0.0,1,2,1,0,0,0,1,0,0,1,0,0,0,baixo
3,10000.0,0,0.0,1,3,1,1,0,0,1,0,1,0,0,1,0,medio_baixo
6,10000.0,6,0.3333333333333333,1,7,1,0,0,0,1,0,1,1,1,1,1,baixo
1,10000.0,0,0.0,4,1,1,0,0,0,0,0,0,1,0,0,0,medio_alto
3,35000.0,1,1.0,1,2,1,0,0,0,1,1,0,0,0,0,0,baixo
2,10000.0,21,0.9047619047619048,2,4,1,1,0,0,1,0,1,1,0,0,1,medio_alto
4,10000.0,175,0.72,29,2,1,1,0,0,1,0,0,1,0,0,0,baixo
1,10000.0,97,0.7835051546391752,1,3,1,0,0,0,1,0,0,0,0,0,1,gratuito
2,10000.0,21,0.9047619047619048,14,2,1,0,0,1,0,0,0,1,0,0,1,medio_alto
3,75000.0,397,0.8463476070528967,5,2,1,0,0,1,1,0,0,0,0,0,1,medio_alto
5,10000.0,4,0.5,4,1,1,0,0,0,0,0,0,1,0,0,0,alto
2,10000.0,35,0.7142857142857143,8,1,1,0,0,0,0,0,0,0,0,0,1,medio_alto
1,10000.0,2,1.0,1,1,1,0,0,0,0,0,0,0,0,0,1,alto
3,10000.0,1,0.0,1,4,1,0,0,0,1,1,1,0,0,0,0,medio_baixo
10,350000.0,220,0.4818181818181818,1,3,1,0,0,0,1,1,0,1,0,0,0,baixo
1,0.0,0,0.0,1,2,1,0,0,0,0,0,0,1,0,1,0,alto
4,10000.0,8,0.875,1,3,1,0,1,0,1,1,0,1,0,0,0,medio_baixo
3,10000.0,10,0.5,7,3,1,0,0,0,0,1,1,1,0,0,0,medio_alto
8,75000.0,5,1.0,1,1,1,0,1,0,0,0,0,1,0,0,0,baixo
5,10000.0,8,0.875,1,2,1,0,0,0,1,1,0,0,0,0,0,medio_alto
4,10000.0,0,0.0,3,3,1,0,0,0,1,1,1,0,0,0,0,medio_baixo
17,35000.0,198,0.9191919191919192,1,1,1,0,0,0,0,0,1,0,0,0,0,medio_alto
5,0.0,0,0.0,0,0,1,0,0,0,0,0,0,0,0,0,0,gratuito
1,0.0,0,0.0,0,0,1,0,0,0,0,0,0,0,0,0,0,gratuito
5,150000.0,931,0.9301825993555317,1,3,1,1,0,0,1,1,0,0,0,0,0,gratuito
3,10000.0,218,0.8165137614678899,21,3,1,0,0,0,0,1,1,0,0,0,0,gratuito
2,10000.0,60,0.6666666666666666,10,2,1,0,0,0,1,0,0,1,0,0,0,medio_baixo
2,10000.0,15,1.0,1,2,1,0,0,0,1,1,0,0,0,0,0,medio_alto
1,10000.0,8,0.875,2,1,1,0,0,0,0,0,0,0,0,1,0,medio_baixo
7,10000.0,0,0.0,1,3,1,0,0,0,1,0,0,1,1,0,0,medio_baixo
5,10000.0,29,0.6551724137931034,1,6,1,0,0,0,1,1,1,0,1,0,1,medio_alto
4,10000.0,50,0.68,1,3,1,1,0,0,1,0,0,1,0,1,0,baixo
1,0.0,0,0.0,10,5,1,0,0,0,1,1,0,1,0,0,1,medio_baixo
4,10000.0,2,1.0,1,4,1,0,0,0,1,1,0,1,0,1,0,medio_baixo
13,350000.0,2786,0.8959081119885139,5,1,1,1,1,0,0,0,1,0,0,0,0,medio_baixo
3,10000.0,8,0.75,1,5,1,0,0,0,1,1,1,0,1,0,1,alto
7,10000.0,71,0.647887323943662,1,2,1,0,0,0,1,1,0,0,0,0,0,gratuito
2,0.0,0,0.0,3,2,1,0,0,0,1,0,0,0,0,0,0,gratuito
1,10000.0,12,0.8333333333333334,1,1,1,0,1,0,0,1,0,0,0,0,0,medio_baixo
4,0.0,0,0.0,0,0,1,0,0,0,0,0,0,0,0,0,0,gratuito
5,10000.0,10,0.7,1,9,1,0,0,0,1,1,1,1,1,1,1,gratuito
7,10000.0,2,1.0,1,3,1,0,0,0,1,0,0,1,0,1,0,medio_baixo
8,10000.0,28,0.75,2,3,1,0,0,0,1,1,0,1,0,0,0,medio_baixo
2,0.0,0,0.0,1,4,1,0,0,0,1,1,0,0,0,0,0,gratuito
3,10000.0,6,1.0,1,3,1,0,0,0,1,1,0,0,0,0,0,medio_baixo
3,10000.0,9,1.0,1,3,1,0,0,0,1,0,0,0,1,0,1,baixo
1,0.0,0,0.0,0,0,1,0,0,0,0,0,0,0,0,0,0,gratuito
7,10000.0,11,0.8181818181818182,8,3,1,0,0,0,1,1,1,0,0,0,0,medio_alto
4,350000.0,3714,0.7008616047388261,10,2,1,0,0,1,0,0,0,0,0,1,1,medio_alto
8,10000.0,95,0.8736842105263158,1,3,1,1,1,0,1,0,1,0,1,0,0,medio_alto
4,10000.0,10,0.8,1,7,1,0,0,0,1,1,1,1,1,1,1,medio_alto
1,0.0,0,0.0,0,0,1,0,0,0,0,0,0,0,0,0,0,gratuito
11,10000.0,124,0.5080645161290323,1,3,1,0,0,1,0,1,1,0,1,0,0,medio_alto
1,10000.0,0,0.0,1,4,1,0,0,0,1,1,0,1,0,0,0,medio_baixo
1,0.0,0,0.0,1,5,1,0,0,0,1,0,1,0,1,0,0,gratuito
8,10000.0,21,0.8571428571428571,1,5,1,0,0,0,1,1,1,1,0,0,0,gratuito
3,10000.0,0,0.0,1,2,1,1,1,0,1,0,0,0,1,0,0,medio_alto
7,10000.0,7,0.7142857142857143,1,5,1,0,0,0,1,1,1,0,1,0,0,baixo
6,10000.0,84,0.8690476190476191,1,2,1,0,0,1,1,0,1,0,0,0,0,alto
5,10000.0,6,0.6666666666666666,1,3,1,0,0,0,1,0,1,0,1,0,0,medio_alto
2,0.0,0,0.0,0,0,1,0,0,0,0,0,0,0,0,0,0,gratuito
1,0.0,0,0.0,1,4,1,0,0,0,1,1,0,0,1,0,0,alto
5,10000.0,30,0.5666666666666667,1,2,1,0,0,0,0,0,0,0,1,0,1,alto
8,10000.0,230,0.6652173913043479,3,1,1,0,0,1,0,1,0,0,0,0,0,medio_baixo
1,10000.0,0,0.0,7,4,1,0,0,0,0,0,0,0,0,0,0,baixo
2,10000.0,329,0.6869300911854104,5,4,1,0,0,0,1,1,1,0,0,0,1,medio_alto
9,10000.0,25,0.84,1,2,1,0,0,0,0,1,0,0,0,0,0,gratuito
8,75000.0,2,0.0,1,3,1,0,0,0,1,1,0,1,0,0,0,baixo
4,150000.0,212,0.9339622641509434,103,4,1,0,0,0,1,1,1,1,0,0,0,baixo
1,10000.0,0,0.0,12,2,1,0,0,0,0,0,1,1,0,0,0,medio_baixo
5,10000.0,14,0.9285714285714286,4,2,1,0,0,0,1,0,1,0,0,0,0,medio_baixo
3,75000.0,15,0.6666666666666666,1,2,1,0,0,0,1,1,0,0,0,0,0,baixo
3,10000.0,2,1.0,1,3,1,0,0,0,1,0,1,1,0,0,0,medio_alto
1,0.0,0,0.0,1,2,1,0,0,0,0,1,0,1,0,0,0,alto
1,10000.0,28,0.9642857142857143,3,2,1,1,0,0,1,0,1,0,0,0,0,medio_alto
3,0.0,0,0.0,0,0,1,0,0,0,0,0,0,0,0,0,0,gratuito
4,10000.0,41,0.926829268292683,1,4,1,0,0,0,1,0,1,1,0,0,0,gratuito
5,10000.0,174,0.6896551724137931,6,2,1,0,0,5,1,0,0,0,0,1,0,alto
2,10000.0,19,1.0,3,4,1,1,1,0,1,0,0,0,1,1,0,alto
2,0.0,0,0.0,0,0,1,0,0,0,0,0,0,0,0,0,0,gratuito
1,0.0,0,0.0,1,3,1,0,0,0,1,1,0,0,0,0,0,gratuito
3,10000.0,5,0.8,6,3,1,1,1,0,1,0,1,1,0,0,0,baixo
1,0.0,0,0.0,2,1,1,0,0,0,0,0,1,0,0,0,0,medio_alto
1,10000.0,0,0.0,24,3,1,1,1,0,1,0,0,1,0,1,0,medio_alto
8,10000.0,24,0.4583333333333333,1,2,1,0,0,0,1,0,0,1,0,0,0,baixo
4,10000.0,1,0.0,2,3,1,0,0,0,1,1,1,0,0,0,0,medio_alto
4,10000.0,3,0.6666666666666666,1,3,1,0,0,0,1,1,1,0,0,0,0,baixo
1,0.0,0,0.0,7,3,1,0,0,0,1,1,0,0,0,0,0,medio_alto
1,35000.0,65,0.7076923076923077,15,3,1,0,0,0,1,0,0,1,0,0,1,medio_baixo
1,0.0,0,0.0,4,3,1,0,1,0,1,0,1,0,0,0,1,baixo
2,10000.0,18,0.8888888888888888,9,2,1,0,0,0,1,1,0,0,0,0,0,baixo
1,10000.0,40,0.625,11,4,1,0,0,0,1,0,1,1,0,0,0,baixo
7,10000.0,2,1.0,1,4,1,1,0,0,1,1,1,1,0,0,0,medio_baixo
1,35000.0,518,0.915057915057915,1,5,1,1,0,0,1,0,0,1,1,0,1,alto
7,10000.0,46,0.8695652173913043,1,4,1,0,0,0,1,0,1,1,0,0,1,baixo
1,0.0,0,0.0,18,3,1,0,0,0,0,1,1,0,1,0,0,medio_baixo
5,10000.0,33,0.696969696969697,3,2,1,0,0,0,0,0,0,1,0,0,0,medio_baixo
3,10000.0,0,0.0,5,3,1,1,0,1,1,0,1,0,0,1,0,alto
2,75000.0,659,0.7389984825493171,9,2,1,0,0,1,0,0,0,0,1,1,0,medio_alto
2,10000.0,4,1.0,1,2,1,0,0,0,1,0,0,1,0,0,0,baixo
3,10000.0,0,0.0,9,5,1,0,0,0,0,1,1,0,1,1,0,gratuito
2,150000.0,1828,0.861597374179431,7,3,1,0,0,0,1,0,0,1,0,1,0,medio_alto
5,10000.0,8,1.0,1,4,1,0,1,0,1,1,1,1,0,0,0,baixo
8,75000.0,869,0.8193325661680092,8,2,1,0,0,0,1,0,1,0,0,0,0,medio_baixo
3,10000.0,9,1.0,1,3,1,0,0,0,1,1,0,0,0,0,0,medio_alto
4,0.0,0,0.0,4,6,1,0,0,0,1,1,1,1,0,1,0,gratuito
3,10000.0,7,1.0,6,2,1,0,0,0,1,0,0,0,0,1,0,medio_alto
8,10000.0,31,0.9032258064516129,6,2,1,1,0,0,1,1,0,0,0,0,0,medio_alto
1,0.0,0,0.0,1,3,1,0,0,0,1,0,0,0,1,0,0,gratuito
1,10000.0,2,1.0,1,3,1,0,0,0,1,1,0,0,0,0,1,medio_alto
2,10000.0,5,1.0,1,1,1,0,0,0,0,0,1,0,0,0,0,alto
1,0.0,0,0.0,1,4,1,0,0,3,1,1,0,1,0,0,0,gratuito
8,10000.0,165,0.9393939393939394,9,3,1,1,1,0,1,1,0,1,0,0,0,baixo
6,10000.0,5,0.6,1,5,1,0,0,0,1,1,1,0,1,0,0,medio_baixo
1,10000.0,79,1.0,15,3,1,1,1,0,1,1,1,0,0,0,0,medio_baixo
3,0.0,0,0.0,0,0,1,0,0,0,0,0,0,0,0,0,0,gratuito
6,10000.0,15,0.9333333333333333,1,4,1,0,0,0,1,1,0,0,0,1,0,alto
2,75000.0,2044,0.5909980430528375,15,1,1,0,0,0,0,0,0,0,0,0,1,alto
2,10000.0,0,0.0,18,6,1,0,0,0,1,1,0,1,1,1,0,medio_baixo
10,150000.0,302,0.5860927152317881,29,4,1,0,0,0,0,0,0,0,0,1,1,gratuito
1,10000.0,47,1.0,6,3,1,0,0,0,1,1,1,0,0,0,0,medio_alto
10,75000.0,391,0.8567774936061381,4,3,1,0,0,0,1,0,0,0,1,1,0,medio_alto
1,10000.0,1,1.0,5,3,1,0,0,0,1,0,1,1,0,0,0,alto
1,10000.0,0,0.0,1,2,1,0,0,0,0,0,1,0,0,1,0,alto
5,10000.0,12,1.0,1,3,1,0,1,0,0,1,0,0,1,0,0,medio_baixo
4,10000.0,134,0.6044776119402985,7,3,1,0,0,1,1,1,1,0,0,0,0,alto
3,10000.0,23,0.8260869565217391,1,3,1,0,0,0,0,0,0,0,1,1,1,medio_alto
7,10000.0,12,0.4166666666666667,1,3,1,0,0,0,1,1,0,0,0,0,0,gratuito
1,0.0,0,0.0,1,1,1,0,0,0,1,0,0,0,0,0,0,medio_alto
1,10000.0,0,0.0,8,4,1,0,0,0,1,0,1,0,1,0,1,medio_baixo
2,10000.0,4,0.5,1,3,1,0,0,0,1,0,1,1,0,0,0,medio_alto
2,0.0,0,0.0,0,0,1,0,0,0,0,0,0,0,0,0,0,gratuito
1,0.0,0,0.0,0,0,1,0,0,0,0,0,0,0,0,0,0,gratuito
2,10000.0,0,0.0,1,4,1,0,0,0,1,0,0,0,0,1,0,gratuito
3,10000.0,14,1.0,2,1,1,0,0,0,1,0,0,0,0,0,0,baixo
1,0.0,0,0.0,103,2,1,0,0,0,1,0,0,1,0,0,0,medio_baixo
1,35000.0,758,0.9340369393139841,3,5,1,0,0,1,1,0,1,1,1,0,1,alto
4,0.0,0,0.0,1,4,1,0,0,0,0,1,1,1,0,0,0,gratuito
8,10000.0,25,0.48,1,3,1,0,0,0,0,1,0,0,0,0,0,alto
2,10000.0,0,0.0,1,2,1,0,0,0,1,0,0,1,0,0,0,medio_baixo
2,10000.0,1,1.0,1,2,1,1,1,0,1,0,0,1,0,0,0,medio_alto
9,10000.0,2,0.0,1,3,1,0,0,0,1,1,1,0,0,0,0,medio_baixo
1,10000.0,0,0.0,11,4,1,1,0,1,1,0,0,1,0,1,1,medio_alto
8,10000.0,32,0.53125,2,3,1,0,0,0,1,0,1,1,0,0,0,baixo
2,10000.0,2,0.5,27,3,1,0,0,0,1,1,1,0,0,0,0,medio_baixo
5,350000.0,1331,0.8069120961682945,2,3,1,1,0,0,1,0,0,0,0,1,1,alto
3,10000.0,29,0.8275862068965517,1,1,1,0,0,0,0,0,0,0,0,0,0,alto
9,75000.0,337,0.5845697329376854,1,5,1,0,0,0,1,0,1,1,1,0,1,baixo
11,10000.0,91,0.5274725274725275,1,3,1,1,1,1,1,0,0,0,0,1,1,medio_baixo
8,10000.0,3,0.6666666666666666,1,3,1,0,0,0,1,1,0,1,0,0,0,medio_alto
8,35000.0,17,0.9411764705882353,1,3,1,0,0,0,1,1,1,0,0,0,0,baixo
4,0.0,0,0.0,1,2,1,0,0,0,0,0,1,0,0,1,0,gratuito
8,10000.0,0,0.0,1,1,1,0,0,1,0,1,0,0,0,0,0,baixo
2,0.0,0,0.0,0,0,1,0,0,0,0,0,0,0,0,0,0,gratuito
3,0.0,0,0.0,0,0,1,0,0,0,0,0,0,0,0,0,0,gratuito
7,10000.0,21,0.9523809523809523,1,3,1,0,0,0,0,0,0,1,0,0,1,alto
1,0.0,0,0.0,3,3,1,0,0,0,1,0,1,0,1,0,0,alto
10,35000.0,202,0.8712871287128713,1,3,1,0,0,0,1,1,0,0,0,0,1,baixo
2,10000.0,128,0.984375,3,1,1,0,0,0,0,0,1,0,0,0,0,alto
1,0.0,0,0.0,0,0,1,0,0,0,0,0,0,0,0,0,0,gratuito
8,10000.0,14,0.6428571428571429,2,1,1,0,0,0,0,1,0,0,0,0,0,baixo
6,10000.0,8,0.625,1,3,1,0,0,0,1,0,0,1,0,1,0,alto
2,0.0,0,0.0,103,2,1,0,0,0,1,0,0,1,0,0,0,baixo
9,10000.0,14,0.21428571428571427,1,1,1,0,0,0,0,0,0,0,0,0,0,baixo
6,35000.0,31,0.7419354838709677,1,3,1,1,0,0,0,0,0,1,0,0,0,gratuito
1,10000.0,3,0.6666666666666666,6,9,1,0,0,0,1,1,1,1,1,1,1,baixo
10,75000.0,1395,0.7598566308243727,1,4,1,0,1,0,1,1,1,0,1,0,0,medio_alto
7,10000.0,0,0.0,1,2,1,0,0,0,0,0,0,0,1,0,1,baixo
3,10000.0,0,0.0,27,2,1,0,0,0,0,1,0,0,0,0,0,baixo
1,0.0,0,0.0,2,3,1,0,0,0,1,0,1,0,1,0,0,baixo
6,75000.0,386,0.966321243523316,2,2,1,0,0,1,0,1,0,0,0,0,0,gratuito
3,10000.0,32,0.90625,1,2,1,1,1,1,1,0,0,0,1,0,0,medio_alto
5,10000.0,0,0.0,1,1,1,1,0,0,0,0,0,0,1,0,0,medio_alto
7,10000.0,45,0.7555555555555555,1,2,1,0,0,0,0,1,1,0,0,0,0,alto
7,10000.0,107,0.719626168224299,3,1,1,0,0,0,0,0,0,0,0,1,0,medio_alto
1,10000.0,0,0.0,1,4,1,0,0,0,1,1,0,1,0,0,0,medio_baixo
5,10000.0,26,0.23076923076923078,4,2,1,0,0,0,0,0,1,1,0,0,0,medio_baixo
3,0.0,0,0.0,1,5,1,0,0,0,1,1,1,0,1,0,0,gratuito
8,10000.0,17,0.7058823529411765,1,1,1,1,0,0,0,0,0,0,0,0,0,medio_baixo
6,10000.0,29,1.0,1,3,1,0,0,0,1,0,1,1,0,0,0,baixo
12,10000.0,19,0.47368421052631576,1,1,1,0,0,0,0,0,1,0,0,0,0,baixo
1,0.0,0,0.0,0,0,1,0,0,0,0,0,0,0,0,0,0,gratuito
7,75000.0,1662,0.9723225030084236,3,2,1,0,0,0,1,0,0,0,0,1,0,medio_alto
8,10000.0,32,0.59375,1,2,1,0,0,1,1,0,0,1,0,0,0,baixo
14,350000.0,147,0.3197278911564626,2,2,1,0,0,1,0,0,0,0,1,0,1,baixo
6,10000.0,53,0.5660377358490566,1,4,1,0,0,0,1,1,1,0,1,0,0,baixo
1,10000.0,28,1.0,2,6,1,0,0,0,1,0,1,1,1,1,0,baixo
2,10000.0,0,0.0,3,2,1,0,1,0,0,0,1,0,0,0,1,medio_baixo
1,10000.0,3,1.0,1,2,1,0,0,0,1,0,0,0,0,0,0,medio_alto
4,0.0,0,0.0,1,2,1,0,0,0,0,0,0,1,0,0,0,gratuito
1,0.0,0,0.0,1,2,1,0,0,0,1,0,1,0,0,0,0,alto
5,10000.0,22,0.8181818181818182,8,3,1,0,1,0,1,0,0,1,0,0,0,medio_baixo
9,10000.0,41,0.9024390243902439,1,6,1,0,0,0,0,0,0,0,0,0,0,gratuito
1,10000.0,0,0.0,6,3,1,0,0,0,1,0,1,0,0,0,1,alto
8,10000.0,25,0.84,26,3,1,0,0,0,1,1,0,1,0,0,0,baixo
1,10000.0,0,0.0,3,2,1,0,0,0,1,0,0,1,0,0,0,medio_baixo
3,35000.0,1,1.0,1,2,1,0,0,0,0,0,1,0,0,0,0,medio_alto
10,1500000.0,53704,0.9828876806196931,9,3,1,1,1,2,1,0,1,1,0,0,0,medio_alto
5,10000.0,29,0.5172413793103449,1,2,1,0,0,0,0,0,0,0,0,0,1,baixo
1,0.0,0,0.0,1,4,1,0,0,0,1,0,0,1,0,0,1,alto
2,10000.0,4,1.0,1,3,1,0,0,1,1,0,1,0,1,0,0,alto
1,0.0,0,0.0,0,0,1,0,0,0,0,0,0,0,0,0,0,gratuito
6,75000.0,2080,0.7235576923076923,9,3,1,1,1,2,1,0,0,0,0,1,1,medio_alto
4,75000.0,1,0.0,1,4,1,0,0,0,1,1,0,1,0,1,0,medio_alto
1,0.0,0,0.0,0,0,1,0,0,0,0,0,0,0,0,0,0,gratuito
2,10000.0,2,1.0,1,3,1,0,0,0,1,1,0,0,0,0,0,medio_alto
4,10000.0,0,0.0,1,4,1,0,0,0,1,1,1,0,0,0,0,medio_alto
4,10000.0,173,0.9421965317919075,1,3,1,0,1,0,1,1,0,1,0,0,0,medio_baixo
7,10000.0,5,1.0,1,4,1,0,0,0,1,1,1,1,0,0,0,medio_baixo
1,0.0,0,0.0,5,1,1,0,0,0,0,0,1,0,0,0,0,alto
2,10000.0,2,1.0,2,4,1,0,0,0,1,1,1,0,1,0,0,baixo
2,10000.0,0,0.0,1,4,1,0,0,0,1,1,1,1,0,0,0,baixo
2,10000.0,25,0.76,10,4,1,1,1,0,1,0,0,0,0,0,1,medio_alto
13,350000.0,1864,0.8910944206008584,3,4,1,0,0,7,0,0,0,0,0,0,0,alto
5,75000.0,11,0.6363636363636364,1,3,1,0,0,0,1,0,0,1,0,0,0,baixo
1,10000.0,14,0.7142857142857143,2,1,1,0,0,0,0,1,0,0,0,0,0,alto
3,0.0,0,0.0,0,0,1,0,0,0,0,0,0,0,0,0,0,gratuito
7,10000.0,7,0.14285714285714285,1,4,1,0,0,0,1,1,1,0,0,0,0,alto
10,35000.0,147,0.41496598639455784,3,5,1,1,0,0,1,0,0,1,0,0,1,gratuito
9,10000.0,73,0.8082191780821918,1,2,1,1,1,1,1,0,0,0,0,1,0,alto
5,10000.0,0,0.0,2,6,1,1,0,0,1,1,1,1,1,1,0,alto
6,750000.0,4545,0.9240924092409241,1,1,1,0,1,3,0,0,0,0,0,0,0,alto
11,35000.0,100,0.7,1,2,1,1,0,0,0,1,1,0,0,0,0,medio_alto
1,10000.0,72,1.0,9,3,1,0,0,2,1,1,1,0,0,0,0,alto
3,10000.0,0,0.0,5,1,1,1,1,0,0,0,0,1,0,0,0,alto
2,0.0,0,0.0,0,0,1,0,0,0,0,0,0,0,0,0,0,gratuito
2,35000.0,13,0.46153846153846156,1,4,1,0,0,0,1,1,1,1,0,0,0,baixo
2,10000.0,13,1.0,1,1,1,0,0,1,0,1,0,0,0,0,0,alto
5,350000.0,7360,0.9745923913043478,3,4,1,0,0,1,1,0,1,1,1,0,0,medio_alto
9,10000.0,27,0.5925925925925926,1,5,1,0,0,0,1,1,1,0,0,0,0,medio_baixo
9,10000.0,10,0.2,1,3,1,0,0,0,0,1,1,1,0,0,0,baixo
5,350000.0,1870,0.772192513368984,13,3,1,0,0,5,0,0,0,0,0,0,1,medio_baixo
2,0.0,0,0.0,103,3,1,0,0,0,1,0,0,1,0,1,0,baixo
1,0.0,0,0.0,0,0,1,0,0,0,0,0,0,0,0,0,0,gratuito
1,10000.0,0,0.0,1,1,1,0,0,0,1,0,0,0,0,0,0,medio_baixo
1,10000.0,0,0.0,6,3,1,0,0,0,1,0,1,1,0,0,0,medio_baixo
10,10000.0,63,0.5238095238095238,3,4,1,0,1,0,1,0,0,0,1,0,0,gratuito
5,10000.0,0,0.0,1,5,1,1,1,0,1,1,0,1,1,0,1,baixo
1,10000.0,0,0.0,4,3,1,0,0,0,1,0,0,0,0,1,0,alto
4,150000.0,716,0.8868715083798883,14,5,1,0,0,0,1,0,0,1,1,1,1,medio_baixo
1,0.0,0,0.0,1,3,1,0,0,0,1,1,1,0,0,0,0,baixo
4,10000.0,10,1.0,3,2,1,0,0,0,0,0,0,0,0,0,1,medio_alto
5,10000.0,16,0.8125,1,6,1,0,0,0,1,0,0,1,0,0,0,medio_alto
4,10000.0,1,1.0,4,1,1,0,0,0,0,0,0,1,0,0,0,medio_baixo
1,10000.0,0,0.0,1,1,1,0,0,0,0,0,0,0,0,1,0,alto
1,10000.0,0,0.0,4,3,1,0,1,0,1,1,0,0,0,0,1,alto
11,10000.0,92,0.30434782608695654,2,1,1,0,0,0,0,1,0,0,0,0,0,baixo
9,10000.0,10,0.6,1,5,1,0,0,0,1,1,1,0,0,0,0,baixo
3,350000.0,3072,0.7535807291666666,5,2,1,0,0,0,0,1,1,0,0,0,0,medio_alto
6,10000.0,5,1.0,2,3,1,1,1,0,1,0,1,1,0,0,0,baixo
2,10000.0,0,0.0,2,3,1,0,0,0,0,1,0,0,1,0,0,medio_alto
6,10000.0,27,1.0,1,1,1,0,0,0,0,1,0,0,0,0,0,medio_alto
4,10000.0,0,0.0,29,2,1,0,0,0,1,0,0,1,0,0,0,medio_alto
3,10000.0,48,0.875,2,2,1,0,0,1,0,0,1,0,1,0,0,alto
1,0.0,0,0.0,3,3,1,1,1,0,0,0,0,1,1,0,0,gratuito
1,0.0,0,0.0,1,1,1,0,0,0,0,0,0,0,0,0,1,medio_baixo
8,10000.0,13,0.9230769230769231,1,3,1,0,0,0,0,0,0,0,0,0,0,gratuito
1,35000.0,7,1.0,1,3,1,0,0,0,1,1,1,0,0,0,0,medio_alto
2,35000.0,15,0.6,1,4,1,0,1,1,1,0,1,0,1,1,0,medio_alto
7,10000.0,1,1.0,1,1,1,0,0,0,1,0,0,0,0,0,0,medio_baixo
3,10000.0,23,0.9130434782608695,11,4,1,0,0,0,0,0,0,1,0,0,1,medio_baixo
10,10000.0,14,0.7142857142857143,2,2,1,1,1,0,1,0,0,1,0,0,0,medio_alto
3,10000.0,26,0.6153846153846154,4,2,1,0,0,5,0,1,0,0,1,0,0,alto
1,0.0,0,0.0,1,1,1,0,0,0,0,0,0,1,0,0,0,baixo
5,150000.0,19,0.7368421052631579,1,1,1,0,0,0,1,0,0,0,0,0,0,baixo
4,10000.0,33,0.6666666666666666,6,4,1,1,0,0,1,0,0,1,0,1,1,baixo
5,35000.0,5,1.0,5,3,1,1,0,0,1,0,0,1,0,0,0,baixo
1,10000.0,0,0.0,13,3,1,0,0,0,1,0,1,0,0,0,1,medio_alto
1,0.0,0,0.0,0,0,1,0,0,0,0,0,0,0,0,0,0,gratuito
4,10000.0,4,0.75,2,6,1,0,0,1,1,0,0,1,1,1,1,gratuito
1,10000.0,0,0.0,1,2,1,0,0,0,1,0,0,1,0,0,0,alto
3,350000.0,3400,0.9305882352941176,7,2,1,0,0,1,0,1,0,0,0,0,1,alto
6,0.0,0,0.0,0,0,1,0,0,0,0,0,0,0,0,0,0,gratuito
5,350000.0,85,0.8352941176470589,8,3,1,0,0,0,1,1,1,0,0,0,0,gratuito
2,10000.0,233,0.9613733905579399,12,3,1,1,1,1,1,0,1,1,0,0,0,medio_baixo
5,10000.0,0,0.0,5,1,1,1,1,0,0,0,0,1,0,0,0,medio_alto
1,10000.0,1,0.0,1,3,1,0,0,0,1,0,0,1,1,0,0,medio_baixo
1,10000.0,0,0.0,2,5,1,0,0,0,1,1,1,0,1,1,0,baixo
1,10000.0,0,0.0,1,2,1,0,0,0,1,0,1,0,0,0,0,alto
7,10000.0,14,0.7142857142857143,3,3,1,1,1,0,1,1,1,0,0,0,0,alto
2,75000.0,80,0.875,5,2,1,0,0,1,1,0,1,0,0,0,0,medio_alto
8,10000.0,15,0.8666666666666667,1,1,1,0,0,0,1,0,0,0,0,0,0,medio_baixo
3,10000.0,0,0.0,4,2,1,0,0,2,0,0,0,1,0,0,1,medio_alto
2,75000.0,83,0.8795180722891566,1,2,1,0,0,1,1,0,0,0,1,0,0,medio_alto
11,350000.0,2500,0.7888,1,4,1,1,1,2,1,1,1,1,0,0,0,medio_baixo
2,10000.0,19,0.631578947368421,1,3,1,1,1,0,1,0,1,0,1,0,0,medio_alto
6,10000.0,5,0.6,1,6,1,0,0,0,1,0,1,1,1,1,1,alto
9,10000.0,5,1.0,1,3,1,0,0,0,1,1,0,1,0,0,0,baixo
6,10000.0,151,0.7284768211920529,1,5,1,0,0,1,1,1,1,0,1,0,1,baixo
2,10000.0,7,0.8571428571428571,1,2,1,0,1,0,1,0,1,0,0,0,0,medio_baixo
7,75000.0,383,0.8642297650130548,1,2,1,1,1,2,1,0,0,0,1,0,0,medio_baixo
2,35000.0,5,0.8,1,3,1,1,1,0,1,1,0,1,0,0,0,medio_alto
2,10000.0,37,0.9459459459459459,1,8,1,0,0,0,1,1,1,1,1,1,1,baixo
4,35000.0,11,0.9090909090909091,1,1,1,0,0,0,0,0,0,0,0,0,1,medio_alto
2,10000.0,8,0.875,3,2,1,1,1,1,1,0,0,1,0,0,0,medio_baixo
2,10000.0,0,0.0,2,2,1,1,0,0,0,0,0,1,0,0,0,gratuito
10,10000.0,36,0.9166666666666666,5,3,1,0,0,0,1,0,1,1,0,0,0,baixo
1,10000.0,52,0.9038461538461539,2,2,1,0,0,0,1,0,1,0,0,0,0,medio_alto
19,10000.0,47,0.7446808510638298,1,3,1,0,0,0,1,1,0,0,0,1,0,medio_baixo
2,75000.0,30,0.9,2,3,1,0,0,0,1,0,1,1,0,0,0,medio_baixo
12,10000.0,109,0.6788990825688074,6,3,1,0,0,0,0,0,0,1,0,0,1,medio_baixo
5,10000.0,1,0.0,1,3,1,0,0,0,1,1,1,0,0,0,0,medio_baixo
1,10000.0,0,0.0,1,1,1,0,0,0,0,0,0,0,0,1,0,medio_alto
6,10000.0,26,0.9615384615384616,1,4,1,1,1,0,1,0,1,1,0,0,0,gratuito
4,35000.0,19,0.5789473684210527,1,2,1,0,0,0,1,0,0,0,0,0,1,baixo
9,10000.0,55,0.8909090909090909,1,2,1,0,0,0,1,0,0,0,0,1,0,medio_alto
5,10000.0,103,0.883495145631068,6,2,1,0,0,1,1,0,0,1,0,0,0,medio_baixo
7,10000.0,36,0.9722222222222222,3,2,1,0,0,0,1,1,0,0,0,0,0,medio_baixo
6,10000.0,50,0.82,16,3,1,1,0,0,1,0,1,1,0,0,0,medio_alto
8,150000.0,1067,0.9053420805998126,8,2,1,1,0,1,1,0,0,0,0,1,0,medio_alto
2,10000.0,0,0.0,5,5,1,1,0,0,1,1,1,1,0,0,0,gratuito
2,10000.0,4,1.0,3,3,1,0,0,0,1,0,0,1,0,1,0,alto
1,0.0,0,0.0,25,2,1,1,1,0,1,0,1,0,0,0,0,medio_alto
3,35000.0,29,0.8620689655172413,2,3,1,0,0,0,1,0,1,0,1,0,0,medio_baixo
7,10000.0,9,0.8888888888888888,1,3,1,1,1,0,1,0,0,1,0,0,0,baixo
1,0.0,0,0.0,1,2,1,0,0,0,1,0,0,1,0,0,0,baixo
2,10000.0,216,0.9814814814814815,7,2,1,0,0,0,1,0,0,1,0,0,0,medio_alto
3,350000.0,8330,0.9841536614645858,1,3,1,1,1,3,1,0,0,0,1,0,0,medio_alto
2,10000.0,0,0.0,9,3,1,0,0,6,1,0,1,0,0,0,1,alto
10,150000.0,659,0.6039453717754173,11,1,1,0,0,0,0,1,0,0,0,0,0,baixo
4,10000.0,2,0.5,1,3,1,0,0,0,1,0,1,1,0,0,0,medio_baixo
2,10000.0,13,1.0,6,2,1,1,0,0,1,0,0,1,0,0,0,medio_baixo
1,10000.0,0,0.0,11,5,1,0,0,0,1,0,1,1,0,1,0,baixo
8,35000.0,8,0.875,1,2,1,0,0,0,1,0,0,0,0,1,0,baixo
1,35000.0,265,0.6679245283018868,12,3,1,0,0,1,0,1,1,0,0,0,0,alto
1,0.0,0,0.0,8,2,1,0,0,0,1,1,0,0,0,0,0,medio_alto
3,0.0,0,0.0,5,3,1,0,0,0,0,1,1,0,1,0,0,gratuito
1,10000.0,0,0.0,1,5,1,0,0,0,1,1,1,0,0,1,1,medio_alto
1,10000.0,0,0.0,1,3,1,0,0,0,1,0,0,1,0,0,1,medio_alto
5,35000.0,38,0.631578947368421,2,3,1,0,0,0,1,1,1,0,0,0,0,medio_alto
4,0.0,0,0.0,0,0,1,0,0,0,0,0,0,0,0,0,0,gratuito
5,75000.0,169,0.8816568047337278,2,3,1,0,0,0,1,1,0,0,0,1,0,medio_baixo
1,350000.0,8402,0.8695548678885979,1,3,1,1,0,1,1,0,1,0,0,1,0,alto
1,0.0,0,0.0,1,3,1,0,0,0,1,0,1,0,0,0,0,gratuito
11,10000.0,11,0.36363636363636365,1,5,1,1,1,0,1,1,1,0,1,0,0,alto
4,10000.0,2,0.5,1,2,1,0,0,0,1,0,1,0,0,0,0,medio_baixo
4,10000.0,2,0.5,1,1,1,0,0,0,0,1,0,0,0,0,0,medio_alto
8,10000.0,14,0.7857142857142857,8,4,1,0,1,0,1,1,0,0,0,1,1,medio_alto
3,10000.0,40,0.725,8,1,1,1,1,0,0,1,0,0,0,0,0,baixo
9,350000.0,114,0.6052631578947368,8,3,1,0,0,0,1,1,0,1,0,0,0,baixo
4,0.0,0,0.0,29,6,1,0,0,1,1,0,1,1,1,1,1,baixo
3,10000.0,0,0.0,1,2,1,0,0,0,0,0,0,1,0,0,1,alto
2,10000.0,10,0.9,1,3,1,0,0,0,0,1,1,1,0,0,0,alto
7,35000.0,1254,0.7974481658692185,7,4,1,1,1,1,1,0,0,0,0,1,1,alto
7,10000.0,80,0.825,1,2,1,0,0,0,1,0,0,1,0,0,0,baixo
9,10000.0,2,0.0,12,3,1,1,1,0,1,1,0,1,0,0,0,alto
6,10000.0,1,1.0,11,1,1,0,0,0,0,0,0,1,0,0,0,medio_baixo
3,10000.0,10,0.9,1,2,1,0,0,0,1,0,1,0,0,0,0,baixo
7,10000.0,39,0.9230769230769231,1,4,1,0,0,0,1,1,1,1,0,0,0,medio_alto
4,10000.0,7,1.0,1,2,1,0,0,0,0,1,0,1,0,0,0,medio_baixo
2,10000.0,64,0.921875,1,1,1,0,0,0,0,0,1,0,0,0,0,medio_baixo
1,10000.0,0,0.0,1,4,1,0,0,0,1,1,0,1,0,1,0,medio_baixo
2,10000.0,0,0.0,4,4,1,0,0,0,1,0,0,1,1,0,1,alto
4,0.0,0,0.0,0,0,1,0,0,0,0,0,0,0,0,0,0,gratuito
2,10000.0,0,0.0,1,2,1,0,0,0,0,1,1,0,0,0,0,baixo
5,10000.0,9,0.2222222222222222,1,2,1,0,1,0,0,1,1,0,0,0,0,alto
7,10000.0,0,0.0,1,2,1,0,0,0,0,0,0,1,0,0,1,baixo
4,10000.0,312,0.7532051282051282,9,2,1,0,0,0,1,1,0,0,0,0,0,medio_baixo
6,10000.0,11,0.8181818181818182,5,1,1,0,0,0,0,0,0,1,0,0,0,alto
4,0.0,0,0.0,1,4,1,0,0,0,0,0,0,0,0,0,0,gratuito
1,10000.0,0,0.0,1,1,1,0,0,0,0,0,1,0,0,0,0,medio_baixo
8,35000.0,180,0.6055555555555555,2,4,1,0,0,0,0,1,1,0,1,0,0,alto
3,10000.0,0,0.0,1,4,1,0,0,0,1,0,0,1,0,1,1,baixo
4,35000.0,349,0.7306590257879656,2,1,1,0,0,2,0,0,0,1,0,0,0,baixo
5,10000.0,14,0.9285714285714286,1,2,1,0,0,0,1,0,0,1,0,0,0,baixo
3,10000.0,7,0.8571428571428571,1,3,1,0,0,0,1,0,0,1,0,0,0,medio_alto
6,10000.0,19,1.0,5,3,1,0,0,0,1,0,1,0,1,0,0,medio_baixo
13,150000.0,392,0.8392857142857143,5,2,1,0,0,0,1,1,0,0,0,0,0,medio_baixo
3,10000.0,153,0.9738562091503268,1,2,1,1,0,1,0,0,0,0,0,1,1,alto
8,10000.0,11,0.45454545454545453,1,2,1,0,0,0,1,1,0,0,0,0,0,medio_baixo
9,10000.0,280,0.8357142857142857,1,3,1,0,0,0,1,1,0,1,0,0,0,gratuito
2,10000.0,6,0.8333333333333334,1,4,1,1,1,0,1,1,1,0,1,0,0,medio_alto
2,10000.0,6,0.8333333333333334,1,4,1,0,0,0,1,0,1,1,0,0,1,medio_baixo
10,150000.0,952,0.7310924369747899,1,5,1,1,0,0,1,0,1,1,1,0,1,medio_baixo
1,10000.0,0,0.0,13,2,1,0,0,0,1,0,0,1,0,0,0,medio_alto
1,10000.0,10,1.0,1,3,1,0,0,0,1,1,1,0,0,0,0,medio_alto
1,10000.0,0,0.0,10,3,1,0,0,0,1,1,0,0,0,0,0,alto
8,10000.0,11,0.09090909090909091,1,1,1,0,0,0,0,0,0,1,0,0,0,baixo
5,0.0,0,0.0,1,3,1,0,0,0,1,1,0,0,0,0,0,gratuito
2,35000.0,114,0.868421052631579,2,3,1,0,0,0,1,0,1,1,0,0,0,medio_alto
4,10000.0,0,0.0,2,1,1,0,0,0,0,0,0,0,0,1,0,alto
1,0.0,0,0.0,1,3,1,0,0,0,1,0,0,1,0,0,0,gratuito
6,350000.0,5,1.0,2,3,1,0,0,0,1,0,0,1,0,1,0,medio_alto
1,10000.0,0,0.0,14,3,1,0,0,2,0,1,1,0,1,0,0,alto
7,10000.0,38,0.7894736842105263,2,4,1,0,0,0,1,1,1,0,1,0,0,medio_alto
1,10000.0,0,0.0,1,1,1,0,0,0,0,1,0,0,0,0,0,baixo
7,75000.0,1037,0.4030858244937319,9,3,1,0,0,0,1,1,1,0,0,0,0,medio_baixo
1,10000.0,2,1.0,1,3,1,0,0,0,1,1,1,0,0,0,0,medio_alto
11,750000.0,10082,0.9009125173576671,1,3,1,0,0,0,1,1,0,0,0,0,1,alto
8,350000.0,1278,0.6017214397496088,1,4,1,0,0,0,1,0,0,1,1,0,1,medio_alto
17,35000.0,125,0.736,6,1,1,1,0,0,0,0,0,1,0,0,0,medio_baixo
2,10000.0,4,0.75,1,2,1,0,0,0,1,0,0,1,0,0,0,baixo
1,10000.0,0,0.0,7,2,1,0,0,0,1,0,0,0,0,0,0,baixo
8,35000.0,208,0.8942307692307693,15,2,1,0,0,0,1,0,0,0,0,0,1,baixo
1,10000.0,14,0.5,6,3,1,0,0,0,1,0,1,1,0,0,0,alto
2,10000.0,27,0.9629629629629629,13,4,1,0,0,0,1,0,0,1,0,1,0,medio_alto
8,10000.0,12,0.25,1,3,1,0,0,0,0,1,0,0,0,0,1,medio_alto
6,7500000.0,192821,0.8649213519274352,13,2,1,0,0,7,0,1,0,0,0,0,0,alto
1,10000.0,0,0.0,9,6,1,0,0,0,1,1,0,1,1,1,1,medio_baixo
1,10000.0,0,0.0,1,4,1,0,0,1,1,1,1,0,1,0,0,medio_alto
8,10000.0,4,0.25,1,4,1,0,0,0,1,1,0,1,0,1,0,baixo
2,10000.0,0,0.0,1,3,1,0,0,0,1,0,1,0,0,1,0,alto
1,10000.0,0,0.0,1,3,1,0,0,1,0,1,1,0,0,0,1,alto
12,75000.0,192,0.5208333333333334,2,1,1,1,0,0,0,0,0,0,0,1,0,medio_baixo
6,10000.0,47,0.9361702127659575,1,3,1,0,0,0,1,0,0,1,0,1,0,baixo
10,350000.0,2521,0.9282030940103134,1,2,1,0,0,0,1,0,1,0,0,0,0,gratuito
3,10000.0,30,0.8333333333333334,3,4,1,0,0,0,1,0,1,1,0,1,0,medio_baixo
3,0.0,0,0.0,1,6,1,0,0,0,0,1,1,0,1,1,0,gratuito
11,10000.0,112,0.6428571428571429,1,3,1,1,1,0,1,0,0,1,0,0,1,alto
10,35000.0,202,0.8217821782178217,1,2,1,0,0,0,1,0,0,1,0,0,0,alto
3,10000.0,18,0.6666666666666666,3,3,1,0,0,0,1,1,0,1,0,0,0,baixo
5,10000.0,14,0.9285714285714286,1,2,1,1,1,0,1,1,0,0,0,0,0,medio_alto
11,350000.0,484,0.5599173553719008,1,4,1,0,0,0,1,1,1,1,0,0,0,baixo
2,0.0,0,0.0,1,1,1,0,0,0,0,1,0,0,0,0,0,gratuito
10,35000.0,98,0.8673469387755102,3,4,1,0,0,1,1,1,1,1,0,0,0,baixo
4,10000.0,40,1.0,2,2,1,1,0,0,1,0,0,1,0,0,0,baixo
9,3500000.0,96577,0.798720192178262,16,2,1,0,0,4,0,1,1,0,0,0,0,alto
2,10000.0,0,0.0,1,2,1,1,1,0,1,0,0,1,0,0,0,baixo
5,0.0,0,0.0,0,0,1,0,0,0,0,0,0,0,0,0,0,gratuito
2,10000.0,1,0.0,4,2,1,0,0,1,0,0,1,1,0,0,0,medio_baixo
4,35000.0,24,0.5833333333333334,3,3,1,0,0,0,1,0,0,0,1,0,1,medio_alto
11,750000.0,10559,0.8933611137418316,12,3,1,1,1,2,1,1,0,0,1,0,0,alto
6,10000.0,6,0.8333333333333334,1,5,1,0,0,0,1,0,1,1,0,0,1,medio_baixo
7,75000.0,425,0.5952941176470589,3,3,1,0,0,0,1,1,0,1,0,0,0,baixo
1,10000.0,68,1.0,9,1,1,1,1,0,1,0,0,0,0,0,0,alto
10,10000.0,12,1.0,1,2,1,0,0,0,0,0,1,1,0,0,0,medio_alto
6,10000.0,0,0.0,1,2,1,0,0,0,1,0,1,0,0,0,0,medio_baixo
8,10000.0,9,0.8888888888888888,1,2,1,0,0,0,1,0,0,0,0,1,0,medio_alto
3,10000.0,2,1.0,1,3,1,0,0,0,1,0,1,1,0,0,0,medio_baixo
9,75000.0,254,0.5196850393700787,3,4,1,0,0,0,1,0,0,0,0,1,0,gratuito
1,10000.0,0,0.0,28,3,1,0,0,0,1,0,0,1,0,1,0,baixo
1,0.0,0,0.0,1,3,1,0,0,0,1,0,1,0,0,0,0,gratuito
1,0.0,0,0.0,1,4,1,1,0,1,1,0,0,1,0,1,1,medio_alto
6,10000.0,10,0.8,2,4,1,0,0,3,0,0,1,1,1,1,0,alto
1,10000.0,0,0.0,1,2,1,0,0,0,1,0,0,0,0,1,0,medio_alto
8,75000.0,775,0.6619354838709678,9,2,1,1,0,0,1,1,0,0,0,0,0,medio_baixo
15,750000.0,12366,0.603994824518842,8,1,1,0,0,10,0,0,0,0,0,1,0,medio_alto
1,10000.0,0,0.0,14,2,1,0,0,0,1,1,0,0,0,0,0,alto
11,10000.0,25,0.8,7,2,1,0,0,0,0,0,0,0,0,0,1,baixo
8,10000.0,17,0.7058823529411765,2,7,1,0,0,0,1,1,1,1,0,1,1,baixo
1,10000.0,73,0.9041095890410958,25,4,1,0,0,0,1,0,0,1,0,0,1,medio_alto
2,0.0,0,0.0,29,2,1,0,0,0,0,0,0,0,0,0,0,gratuito
4,10000.0,0,0.0,5,2,1,0,0,0,0,0,1,1,0,0,0,medio_alto
1,10000.0,55,0.9454545454545454,12,3,1,0,0,1,1,0,1,0,0,0,1,medio_baixo
3,10000.0,2,0.5,4,1,1,0,0,0,0,0,0,1,0,0,0,baixo
1,10000.0,6,1.0,1,3,1,1,1,0,1,0,0,0,0,1,1,alto
1,10000.0,0,0.0,6,1,1,1,1,0,0,0,0,1,0,0,0,alto
1,0.0,0,0.0,8,5,1,0,0,0,1,0,1,0,1,0,0,gratuito
1,10000.0,26,0.8846153846153846,2,1,1,0,0,0,0,1,0,0,0,0,0,medio_alto
1,10000.0,0,0.0,1,2,1,0,0,0,0,0,0,0,0,0,1,medio_baixo
1,0.0,0,0.0,0,0,1,0,0,0,0,0,0,0,0,0,0,gratuito
10,35000.0,547,0.8098720292504571,1,4,1,0,0,1,1,1,1,0,1,0,0,baixo
2,35000.0,18,0.9444444444444444,2,3,1,0,0,0,1,0,1,0,0,1,0,medio_alto
7,150000.0,494,0.7550607287449392,20,5,1,0,0,51,1,0,0,1,0,1,1,gratuito
1,10000.0,13,0.8461538461538461,8,2,1,0,0,0,1,0,1,0,0,0,0,medio_baixo
1,10000.0,55,0.8,6,4,1,0,0,0,1,0,0,1,1,0,1,alto
5,0.0,0,0.0,0,0,1,0,0,0,0,0,0,0,0,0,0,gratuito
3,0.0,0,0.0,0,0,1,0,0,0,0,0,0,0,0,0,0,gratuito
11,35000.0,526,0.8593155893536122,5,2,1,1,1,1,1,0,1,0,0,0,0,medio_baixo
4,150000.0,2017,0.9429846306395637,2,1,1,0,0,0,0,0,0,0,0,1,0,baixo
1,10000.0,0,0.0,1,2,1,0,0,0,1,0,1,0,0,0,0,medio_alto
6,10000.0,0,0.0,4,3,1,1,0,0,1,1,0,1,0,0,0,medio_baixo
1,10000.0,50,0.74,9,2,1,0,0,0,0,1,0,0,0,1,0,alto
7,150000.0,903,0.8959025470653378,1,4,1,1,1,0,1,1,0,1,0,0,0,gratuito
5,0.0,0,0.0,23,6,1,0,0,0,1,1,0,1,0,0,0,gratuito
1,10000.0,3,1.0,1,3,1,0,0,0,1,0,1,0,0,1,0,alto
2,10000.0,1,0.0,2,3,1,0,0,0,1,0,0,1,1,0,0,baixo
1,10000.0,0,0.0,1,2,1,0,0,0,1,1,0,0,0,0,0,medio_alto
3,10000.0,2,0.5,4,2,1,0,0,1,0,0,1,1,0,0,0,medio_baixo
4,350000.0,18,0.5555555555555556,1,3,1,0,0,0,1,1,0,0,0,0,1,baixo
1,10000.0,0,0.0,1,4,1,0,0,0,1,1,0,1,0,0,0,medio_alto
12,150000.0,644,0.8338509316770186,1,3,1,0,0,0,1,0,0,1,0,1,0,medio_baixo
4,0.0,0,0.0,0,0,1,0,0,0,0,0,0,0,0,0,0,gratuito
1,0.0,0,0.0,0,0,1,0,0,0,0,0,0,0,0,0,0,gratuito
3,10000.0,6,0.3333333333333333,1,3,1,0,0,0,1,0,1,1,0,0,0,medio_baixo
12,75000.0,96,0.3229166666666667,1,1,1,0,0,0,0,0,0,0,1,0,0,gratuito
9,10000.0,12,0.3333333333333333,1,3,1,0,0,0,1,1,0,0,0,0,0,medio_alto
2,10000.0,14,0.9285714285714286,1,2,1,0,1,0,0,0,0,1,0,0,0,gratuito
6,10000.0,0,0.0,3,4,1,0,0,0,1,0,1,1,0,0,1,medio_alto
9,350000.0,1642,0.7101096224116931,8,1,1,0,0,2,0,0,0,0,0,0,1,medio_baixo
11,350000.0,4274,0.6780533458118858,8,1,1,0,0,2,0,0,0,0,0,1,0,alto
5,0.0,0,0.0,2,2,1,0,0,0,1,0,1,0,0,0,0,gratuito
3,0.0,0,0.0,3,2,1,1,0,0,0,0,0,1,0,0,1,gratuito
5,150000.0,704,0.9403409090909091,1,5,1,1,1,0,1,1,0,1,0,1,0,gratuito
7,10000.0,14,1.0,1,4,1,0,0,0,1,0,1,0,1,0,0,gratuito
2,150000.0,1369,0.6807888970051132,3,4,1,0,0,0,1,1,0,0,1,0,0,alto
1,10000.0,0,0.0,11,7,1,0,0,0,1,1,1,1,1,0,1,medio_alto
1,0.0,0,0.0,1,4,1,0,0,0,1,1,1,1,0,0,0,alto
3,10000.0,38,0.6578947368421053,1,4,1,0,0,0,0,0,0,1,0,1,1,medio_baixo
2,0.0,0,0.0,0,0,1,0,0,0,0,0,0,0,0,0,0,gratuito
2,10000.0,0,0.0,1,6,1,0,0,0,1,1,1,1,1,0,1,alto
12,10000.0,135,0.8296296296296296,7,2,1,0,0,0,1,0,0,0,0,1,0,medio_alto
8,35000.0,133,0.7218045112781954,1,5,1,0,0,0,1,0,1,1,0,0,1,gratuito
3,10000.0,78,0.5384615384615384,6,4,1,0,0,0,1,0,0,1,0,1,1,medio_baixo
6,10000.0,8,1.0,2,2,1,0,0,0,1,1,0,0,0,0,0,medio_alto
1,10000.0,3,1.0,1,6,1,0,0,0,1,1,0,1,0,1,1,medio_alto
3,10000.0,29,0.9655172413793104,1,1,1,0,0,0,1,0,0,0,0,0,0,medio_alto
5,35000.0,525,0.9352380952380952,1,3,1,0,0,0,1,0,1,1,0,0,0,baixo
9,1500000.0,29715,0.9336362106680128,18,3,1,1,1,2,1,0,0,0,0,1,1,alto
8,10000.0,24,0.4166666666666667,1,4,1,0,0,0,1,1,1,1,0,0,0,baixo
3,10000.0,4,0.75,1,3,1,0,1,0,1,1,1,0,0,0,0,baixo
7,10000.0,3,1.0,1,2,1,1,1,0,1,1,0,0,0,0,0,baixo
1,10000.0,0,0.0,3,5,1,0,0,0,1,1,1,0,1,0,0,alto
18,10000.0,61,0.8852459016393442,6,2,1,0,0,0,1,0,0,1,0,0,0,medio_alto
1,10000.0,0,0.0,12,4,1,0,0,0,1,1,0,0,0,0,1,alto
5,35000.0,8,0.875,1,2,1,0,0,0,1,1,0,0,0,0,0,baixo
7,35000.0,50,0.36,2,2,1,1,1,1,1,0,1,0,0,0,0,baixo
1,0.0,0,0.0,0,0,1,0,0,0,0,0,0,0,0,0,0,gratuito
2,10000.0,1,1.0,2,5,1,0,0,0,1,0,1,1,0,0,1,medio_alto
2,10000.0,18,1.0,2,4,1,0,0,0,1,1,0,0,1,0,0,medio_alto
3,10000.0,3,1.0,1,2,1,0,0,0,1,0,0,1,0,0,0,medio_alto
2,10000.0,2,0.5,1,2,1,0,0,0,1,0,0,0,0,0,1,alto
4,10000.0,26,1.0,1,1,1,0,0,0,0,0,0,1,0,0,0,alto
8,10000.0,149,0.7986577181208053,3,3,1,0,0,0,1,0,1,0,0,1,0,alto
1,10000.0,0,0.0,1,4,1,0,0,0,1,1,1,0,0,1,0,medio_alto
7,10000.0,0,0.0,1,3,1,0,0,0,1,0,0,1,0,0,1,baixo
4,10000.0,13,0.6923076923076923,1,2,1,0,0,0,1,1,0,0,0,0,0,gratuito
1,10000.0,0,0.0,10,2,1,1,0,0,1,1,0,0,0,0,0,medio_baixo
6,10000.0,1,1.0,2,3,1,0,0,0,1,0,0,1,0,1,0,alto
1,0.0,0,0.0,0,0,1,0,0,0,0,0,0,0,0,0,0,gratuito
15,1500000.0,3429,0.9180519101778944,1,2,1,0,0,0,1,0,0,0,1,0,0,baixo
9,10000.0,28,0.9285714285714286,1,2,1,0,0,0,0,0,0,0,0,1,1,gratuito
8,35000.0,55,0.9090909090909091,4,4,1,0,0,0,1,0,0,0,1,1,1,medio_baixo
4,10000.0,38,0.8421052631578947,11,6,1,0,0,1,1,1,1,1,0,1,1,medio_alto
2,10000.0,5,1.0,26,2,1,0,0,0,1,1,0,0,0,0,0,baixo
1,10000.0,0,0.0,1,2,1,0,0,0,1,0,0,0,1,0,0,medio_baixo
8,10000.0,23,0.5652173913043478,8,3,1,1,0,0,1,0,1,1,0,0,0,medio_baixo
8,75000.0,314,0.8248407643312102,1,3,1,0,0,0,1,0,0,1,0,0,0,gratuito
1,0.0,0,0.0,4,5,1,0,0,0,1,0,1,0,1,1,1,alto
10,10000.0,14,0.42857142857142855,1,3,1,0,0,0,1,1,0,0,0,1,0,medio_baixo
5,10000.0,54,0.8888888888888888,2,3,1,1,0,0,1,0,0,1,0,1,0,medio_baixo
2,35000.0,928,0.8706896551724138,13,2,1,1,0,2,1,0,0,0,0,1,0,alto
1,0.0,0,0.0,1,4,1,0,0,0,1,0,0,1,0,0,0,medio_alto
6,10000.0,75,0.7866666666666666,1,1,1,0,0,0,0,1,0,0,0,0,0,medio_alto
2,10000.0,330,0.7242424242424242,7,2,1,0,0,0,0,1,1,0,0,0,0,alto
3,10000.0,0,0.0,1,4,1,0,0,0,0,1,1,1,0,0,0,gratuito
9,35000.0,32,0.75,1,1,1,0,0,0,0,0,0,0,0,1,0,alto
1,10000.0,0,0.0,1,1,1,0,0,0,0,0,0,0,0,1,0,baixo
8,10000.0,116,0.7844827586206896,6,3,1,0,0,0,1,1,1,0,0,0,0,alto
4,10000.0,12,0.9166666666666666,1,5,1,0,0,0,1,0,0,1,1,0,1,gratuito
1,10000.0,0,0.0,2,3,1,0,0,0,1,0,0,0,0,0,1,medio_baixo
2,10000.0,50,0.9,1,3,1,1,0,1,1,0,1,0,1,0,0,alto
8,10000.0,4,1.0,1,3,1,0,0,0,1,1,0,0,0,0,0,gratuito
2,10000.0,19,0.42105263157894735,1,3,1,0,0,0,1,0,0,1,1,0,0,medio_baixo
6,35000.0,16,0.75,1,3,1,1,1,0,1,1,0,1,0,0,0,gratuito
1,10000.0,13,1.0,9,2,1,1,1,0,1,0,0,1,0,0,0,alto
9,35000.0,102,0.4215686274509804,1,2,1,1,1,0,1,0,0,1,0,0,0,baixo
7,35000.0,288,0.8958333333333334,5,1,1,0,0,5,0,0,0,0,0,0,0,gratuito
2,10000.0,19,0.9473684210526315,1,3,1,0,0,0,1,1,0,1,0,0,0,medio_alto
3,10000.0,9,1.0,3,4,1,0,0,0,0,1,1,0,1,0,1,baixo
9,10000.0,70,0.7714285714285715,1,3,1,0,0,1,1,1,1,0,0,0,0,medio_baixo
4,10000.0,10,1.0,1,3,1,0,0,0,1,1,1,0,0,0,0,medio_baixo
1,0.0,0,0.0,1,5,1,0,0,0,1,0,0,1,0,1,1,baixo
1,10000.0,0,0.0,4,3,1,0,0,0,1,1,1,0,0,0,0,medio_baixo
1,10000.0,0,0.0,7,5,1,0,0,0,1,0,0,1,0,1,1,alto
12,35000.0,69,0.391304347826087,5,2,1,0,0,0,0,1,1,0,0,0,0,baixo
1,0.0,0,0.0,0,0,1,0,0,0,0,0,0,0,0,0,0,gratuito
3,0.0,0,0.0,0,0,1,0,0,0,0,0,0,0,0,0,0,gratuito
2,10000.0,13,0.8461538461538461,4,3,1,0,1,0,0,1,1,0,1,0,0,medio_alto
9,10000.0,4,0.5,1,3,1,0,0,0,1,1,0,1,0,0,0,baixo
2,10000.0,0,0.0,5,4,1,0,0,0,0,1,0,0,1,0,0,gratuito
3,0.0,0,0.0,1,2,1,0,0,0,0,0,0,0,0,0,1,gratuito
3,10000.0,158,0.9177215189873418,3,1,1,0,0,0,0,0,1,0,0,0,0,medio_alto
1,0.0,0,0.0,1,3,1,0,0,0,1,0,0,0,0,0,0,gratuito
1,10000.0,15,0.9333333333333333,12,3,1,0,0,0,1,0,1,0,0,0,1,medio_baixo
4,10000.0,112,0.9196428571428571,1,1,1,0,0,0,0,0,0,0,0,1,0,alto
3,10000.0,3,0.0,7,4,1,0,0,0,1,1,0,1,0,0,1,medio_baixo
3,10000.0,43,0.8837209302325582,25,2,1,0,0,1,1,0,0,0,0,1,0,medio_baixo
5,35000.0,37,0.972972972972973,11,3,1,1,0,0,1,0,1,1,0,0,0,alto
1,10000.0,2,1.0,3,2,1,0,0,0,0,0,0,1,0,0,1,medio_baixo
2,10000.0,0,0.0,1,3,1,1,1,0,1,0,1,0,0,0,0,alto
2,0.0,0,0.0,0,0,1,0,0,0,0,0,0,0,0,0,0,gratuito
2,10000.0,0,0.0,10,2,1,0,0,0,1,0,0,1,0,0,0,baixo
6,10000.0,0,0.0,1,3,1,0,0,0,1,1,0,1,0,0,0,medio_alto
1,10000.0,1,1.0,1,1,1,0,0,0,0,0,0,0,0,1,0,alto
10,10000.0,145,0.9379310344827586,3,3,1,1,1,1,1,0,1,0,1,0,0,baixo
2,10000.0,0,0.0,1,2,1,0,0,0,1,0,0,1,0,0,0,medio_baixo
4,10000.0,4,0.75,1,1,1,0,0,0,0,1,0,0,0,0,0,medio_baixo
3,10000.0,33,0.7878787878787878,14,1,1,0,0,1,1,0,0,0,0,0,0,baixo
8,10000.0,58,0.8448275862068966,1,1,1,0,0,0,0,1,0,0,0,0,0,medio_alto
8,10000.0,3,0.6666666666666666,1,2,1,0,0,0,0,1,0,1,0,0,0,gratuito
2,10000.0,1,1.0,1,1,1,0,1,0,0,1,0,0,0,0,0,baixo
3,10000.0,7,1.0,1,3,1,1,0,0,1,0,1,0,1,0,0,medio_alto
1,10000.0,0,0.0,1,1,1,0,0,0,0,0,0,1,0,0,0,medio_baixo
2,10000.0,2,0.5,1,1,1,1,1,0,0,0,0,0,0,1,0,medio_alto
2,10000.0,58,0.7586206896551724,2,3,1,0,0,0,1,1,1,0,0,0,0,medio_baixo
2,10000.0,0,0.0,4,1,1,0,0,0,0,1,0,0,0,0,0,baixo
5,10000.0,72,0.9722222222222222,1,4,1,0,0,0,1,0,1,0,1,0,0,medio_alto
4,0.0,0,0.0,1,5,1,0,0,0,1,1,0,1,0,0,0,gratuito
5,10000.0,0,0.0,29,4,1,1,1,0,1,0,0,1,1,0,1,baixo
2,10000.0,0,0.0,4,3,1,0,1,0,1,1,1,0,0,0,0,medio_baixo
5,75000.0,1593,0.9591964846202135,7,2,1,1,0,1,1,0,0,1,0,0,0,baixo
1,10000.0,0,0.0,1,5,1,1,0,0,1,0,1,0,1,0,1,baixo
5,10000.0,268,0.9402985074626866,2,1,1,1,1,2,0,0,1,0,0,0,0,medio_alto
5,10000.0,13,0.38461538461538464,1,7,1,0,0,0,1,0,1,1,1,1,1,alto
1,10000.0,0,0.0,1,3,1,0,1,0,1,0,0,1,0,1,0,alto
3,150000.0,2122,0.9180018850141376,6,3,1,0,0,0,1,0,1,1,0,0,0,medio_baixo
8,350000.0,3708,0.8988673139158576,1,3,1,0,0,0,1,1,0,0,0,0,0,alto
11,150000.0,2406,0.5024937655860349,10,1,1,1,0,0,0,0,0,0,0,1,0,medio_alto
2,10000.0,2,1.0,1,1,1,0,0,0,0,1,0,0,0,0,0,baixo
1,10000.0,1,0.0,2,4,1,0,0,0,0,0,1,0,1,1,0,alto
3,0.0,0,0.0,0,0,1,0,0,0,0,0,0,0,0,0,0,gratuito
6,10000.0,2,1.0,1,2,1,0,0,0,1,0,0,1,0,0,0,baixo
1,0.0,0,0.0,2,3,1,0,0,0,0,1,0,0,0,1,0,gratuito
7,10000.0,17,0.7058823529411765,3,3,1,0,1,0,1,0,1,1,0,0,0,medio_alto
1,0.0,0,0.0,1,5,1,0,0,0,1,0,0,1,1,1,0,gratuito
4,10000.0,4,1.0,29,1,1,0,0,0,1,0,0,0,0,0,0,baixo
4,10000.0,0,0.0,1,2,1,0,0,0,1,0,0,1,0,0,0,baixo
6,10000.0,7,0.7142857142857143,1,3,1,0,0,0,1,0,0,1,0,1,0,alto
5,75000.0,15,0.8,7,1,1,0,0,0,0,0,1,0,0,0,0,baixo
3,0.0,0,0.0,0,0,1,0,0,0,0,0,0,0,0,0,0,gratuito
10,150000.0,1834,0.9193020719738277,6,3,1,0,0,0,1,0,1,1,0,0,0,medio_baixo
2,10000.0,370,0.9675675675675676,9,4,1,1,0,0,1,1,1,0,0,0,1,medio_baixo
7,35000.0,103,0.9320388349514563,1,6,1,0,0,1,1,1,0,1,1,1,0,medio_baixo
15,350000.0,166,0.7831325301204819,9,2,1,1,1,0,1,0,1,0,0,0,0,medio_alto
9,10000.0,37,0.35135135135135137,1,2,1,0,0,0,1,1,0,0,0,0,0,baixo
9,10000.0,6,1.0,1,1,1,1,0,1,1,0,0,0,0,0,0,alto
1,0.0,0,0.0,2,2,1,0,0,0,1,0,0,1,0,0,0,alto
9,10000.0,9,0.2222222222222222,1,2,1,0,0,0,0,0,0,0,0,0,0,alto
5,10000.0,1,0.0,1,3,1,0,0,0,1,0,0,1,0,0,1,baixo
4,10000.0,36,0.9444444444444444,4,2,1,0,0,0,1,0,0,1,0,0,0,baixo
3,10000.0,2,0.0,2,2,1,0,0,0,1,1,0,0,0,0,0,medio_alto
1,35000.0,2,1.0,4,3,1,0,0,0,1,0,0,1,1,0,0,baixo
1,0.0,0,0.0,0,0,1,0,0,0,0,0,0,0,0,0,0,gratuito
2,10000.0,3,0.6666666666666666,1,2,1,0,0,0,1,1,0,0,0,0,0,medio_baixo
2,0.0,0,0.0,1,2,1,0,0,0,1,0,1,0,0,0,0,gratuito
3,10000.0,11,0.9090909090909091,1,3,1,0,0,0,1,0,0,0,1,0,1,baixo
5,10000.0,0,0.0,4,3,1,0,0,0,1,0,0,1,0,0,1,alto
4,0.0,0,0.0,103,2,1,0,0,0,1,0,0,0,0,0,1,gratuito
7,350000.0,3235,0.8136012364760433,12,5,1,0,0,0,1,1,1,0,0,0,1,baixo
6,10000.0,3,1.0,103,4,1,0,0,0,1,1,1,1,0,0,0,baixo
10,350000.0,2219,0.8562415502478594,6,1,1,0,1,0,0,0,0,0,0,1,0,medio_baixo
6,10000.0,49,0.24489795918367346,1,5,1,0,1,0,1,0,1,0,1,1,0,alto
1,10000.0,0,0.0,5,2,1,0,0,0,0,1,1,0,0,0,0,medio_alto
7,10000.0,0,0.0,1,2,1,0,0,0,1,0,0,1,0,0,0,baixo
1,0.0,0,0.0,1,2,1,0,1,0,1,1,0,0,0,0,0,medio_alto
9,350000.0,1200,0.6916666666666667,11,5,1,1,1,0,1,1,0,1,0,0,1,baixo
6,10000.0,4,1.0,1,5,1,0,0,0,1,1,0,0,0,0,1,alto
1,0.0,0,0.0,0,0,1,0,0,0,0,0,0,0,0,0,0,gratuito
1,0.0,0,0.0,1,1,1,0,0,0,0,0,0,0,0,0,0,alto
11,350000.0,2987,0.8322731837964513,7,1,1,0,0,5,0,1,0,0,0,0,0,baixo
3,35000.0,95,0.9473684210526315,1,3,1,0,0,0,1,0,1,1,0,0,0,medio_baixo
12,10000.0,34,0.6470588235294118,1,1,1,1,0,6,0,0,0,0,0,0,0,medio_baixo
5,10000.0,10,0.6,1,3,1,0,1,1,1,0,1,0,0,0,1,medio_alto
7,10000.0,0,0.0,103,2,1,0,0,2,1,0,0,1,0,0,0,baixo
3,10000.0,7,1.0,1,3,1,0,0,0,1,1,0,1,0,0,0,baixo
1,10000.0,0,0.0,7,2,1,0,0,0,0,0,0,0,0,1,1,alto
3,75000.0,542,0.8597785977859779,6,5,1,1,0,0,1,1,0,1,1,0,1,medio_baixo
8,10000.0,15,0.3333333333333333,1,5,1,0,0,12,0,0,0,0,0,0,1,gratuito
1,10000.0,0,0.0,1,4,1,0,0,0,0,1,1,0,1,0,0,alto
9,10000.0,13,0.3076923076923077,1,1,1,0,0,0,0,0,1,0,0,0,0,medio_baixo
2,10000.0,13,1.0,1,3,1,0,0,0,1,0,1,1,0,0,0,medio_baixo
2,10000.0,2,1.0,1,3,1,0,0,0,1,0,0,1,0,0,1,medio_alto
8,10000.0,24,0.7916666666666666,1,3,1,1,1,0,1,0,1,0,1,0,0,medio_alto
1,0.0,0,0.0,2,2,1,1,1,1,0,0,0,1,0,0,0,gratuito
1,0.0,0,0.0,1,1,1,0,0,0,0,0,1,0,0,0,0,medio_alto
9,10000.0,23,0.6956521739130435,1,3,1,0,0,0,1,1,1,0,0,0,0,medio_alto
9,10000.0,33,0.48484848484848486,1,3,1,0,0,0,1,0,0,0,0,1,1,alto
1,10000.0,0,0.0,1,3,1,0,0,0,1,0,1,1,0,0,0,medio_alto
9,10000.0,11,0.45454545454545453,1,3,1,0,0,0,1,1,1,0,0,0,0,alto
7,75000.0,31,0.8064516129032258,1,2,1,0,0,0,0,1,0,0,0,0,0,gratuito
5,75000.0,411,0.851581508515815,1,3,1,1,0,0,0,0,0,1,0,0,1,medio_alto
1,10000.0,0,0.0,4,6,1,0,0,0,1,1,1,0,1,1,0,medio_baixo
5,35000.0,55,0.9818181818181818,103,2,1,0,0,0,1,0,0,1,0,0,0,baixo
4,10000.0,2,0.5,2,4,1,0,0,0,1,1,0,1,0,0,1,medio_baixo
1,0.0,0,0.0,5,2,1,0,0,0,0,1,1,0,0,0,0,medio_alto
1,10000.0,0,0.0,1,3,1,0,0,0,1,0,0,1,1,0,0,medio_baixo
3,10000.0,79,0.9367088607594937,1,1,1,0,0,0,0,0,1,0,0,0,0,alto
2,10000.0,6,0.3333333333333333,2,2,1,0,0,1,1,0,1,0,0,0,0,medio_baixo
7,35000.0,12,0.9166666666666666,1,1,1,0,0,0,0,0,0,0,0,1,0,medio_baixo
4,10000.0,7,0.8571428571428571,2,2,1,0,0,0,1,1,0,0,0,0,0,baixo
4,10000.0,40,0.975,11,4,1,0,0,0,1,1,1,1,0,0,0,baixo
10,75000.0,267,0.7228464419475655,2,3,1,1,1,0,1,1,0,0,0,0,0,medio_baixo
2,750000.0,13639,0.37583400542561773,2,5,1,0,0,0,1,1,1,0,1,1,0,medio_alto
2,0.0,0,0.0,1,2,1,0,0,0,0,0,0,0,0,1,0,gratuito
3,75000.0,2074,0.970106075216972,5,3,1,0,0,8,1,1,0,1,0,0,0,medio_alto
3,0.0,0,0.0,1,4,1,0,0,0,1,0,1,1,0,0,0,gratuito
2,10000.0,0,0.0,1,5,1,0,0,0,1,1,1,0,1,0,0,medio_alto
5,0.0,0,0.0,13,5,1,0,0,0,1,0,1,1,0,1,1,gratuito
11,35000.0,60,0.9166666666666666,1,3,1,0,1,0,1,0,0,1,0,1,0,medio_alto
12,35000.0,137,0.7153284671532847,3,2,1,0,0,0,0,0,0,0,0,1,1,baixo
2,10000.0,0,0.0,1,2,1,0,0,0,0,0,0,1,1,0,0,alto
1,0.0,0,0.0,1,3,1,1,0,0,1,0,1,0,0,0,0,gratuito
3,10000.0,1,1.0,1,3,1,0,0,0,0,1,1,0,1,0,0,medio_alto
9,10000.0,16,0.3125,2,2,1,0,0,0,1,0,0,0,0,1,0,alto
2,10000.0,3,1.0,2,1,1,0,0,0,0,0,0,1,0,0,0,medio_baixo
2,10000.0,23,0.9565217391304348,1,5,1,0,0,0,1,1,0,0,0,1,1,medio_alto
10,10000.0,65,0.7538461538461538,1,4,1,0,0,2,1,1,1,0,0,0,0,alto
1,0.0,0,0.0,103,2,1,0,0,0,1,0,0,0,0,0,1,baixo
8,150000.0,662,0.8700906344410876,16,3,1,0,0,0,1,1,1,0,0,0,0,medio_baixo
5,35000.0,21,0.7619047619047619,1,2,1,0,0,0,1,0,1,0,0,0,0,baixo
2,75000.0,849,0.9717314487632509,1,1,1,1,1,0,0,0,0,0,0,0,0,gratuito
1,0.0,0,0.0,1,2,1,0,0,0,1,1,0,0,0,0,0,baixo
8,10000.0,7,1.0,1,2,1,0,0,0,1,1,0,0,0,0,0,medio_baixo
9,10000.0,16,0.5625,1,2,1,0,0,0,0,0,1,1,0,0,0,medio_alto
1,10000.0,0,0.0,4,4,1,1,0,0,1,0,0,1,0,0,1,medio_alto
1,150000.0,4375,0.9117714285714286,103,2,1,0,0,0,1,0,0,1,0,0,0,baixo
3,10000.0,7,0.5714285714285714,1,5,1,0,0,0,1,1,1,1,0,0,1,baixo
9,10000.0,1,1.0,1,5,1,1,0,0,1,1,0,1,0,0,0,medio_baixo
5,10000.0,7,1.0,1,3,1,0,0,0,1,1,0,1,0,0,0,alto
3,10000.0,4,0.25,3,3,1,0,0,0,1,0,1,1,0,0,0,medio_baixo
9,350000.0,351,0.7863247863247863,1,2,1,0,0,0,1,1,0,0,0,0,0,baixo
7,10000.0,105,0.9523809523809523,3,2,1,0,0,1,0,0,1,1,0,0,0,alto
3,10000.0,49,0.9795918367346939,14,1,1,0,0,1,0,0,0,1,0,0,0,medio_baixo
4,35000.0,6,0.6666666666666666,1,3,1,0,0,0,1,1,0,0,0,1,0,medio_baixo
5,10000.0,6,0.6666666666666666,1,5,1,0,0,0,1,1,1,1,0,0,0,alto
10,35000.0,462,0.6277056277056277,1,2,1,0,0,0,0,0,1,1,0,0,0,baixo
1,0.0,0,0.0,2,2,1,0,0,0,1,0,0,0,0,0,1,baixo
12,350000.0,628,0.45063694267515925,2,2,1,0,0,1,1,1,0,0,0,0,0,baixo
2,0.0,0,0.0,8,5,1,0,0,9,0,1,1,0,1,0,0,gratuito
3,10000.0,2,1.0,1,3,1,0,0,0,0,1,1,0,0,1,0,medio_baixo
4,10000.0,2,0.5,1,4,1,0,0,0,1,1,1,1,0,0,0,baixo
2,10000.0,6,1.0,1,2,1,0,1,0,1,0,0,1,0,0,0,baixo
3,150000.0,700,0.7714285714285715,9,4,1,0,0,1,1,1,0,1,0,1,0,medio_alto
11,350000.0,2570,0.7700389105058366,5,2,1,1,0,1,1,0,0,0,1,0,0,alto
11,75000.0,1035,0.6975845410628019,1,3,1,1,0,0,1,1,0,1,0,0,0,gratuito
11,10000.0,145,0.8620689655172413,1,3,1,0,0,0,1,1,0,0,1,0,0,medio_alto
1,10000.0,0,0.0,3,4,1,0,0,0,1,1,1,0,1,0,0,alto
2,10000.0,1,1.0,1,2,1,0,0,0,0,0,0,1,0,0,0,baixo
1,10000.0,0,0.0,30,6,1,0,0,2,1,1,1,1,0,1,1,baixo
9,150000.0,579,0.9412780656303973,1,3,1,1,1,1,1,0,1,0,1,0,0,alto
3,10000.0,51,0.7254901960784313,8,4,1,1,1,0,1,0,0,1,0,1,1,alto
2,10000.0,3,1.0,1,3,1,0,0,1,1,0,0,1,0,0,0,baixo
8,75000.0,180,0.6277777777777778,11,2,1,0,0,0,0,0,0,0,0,0,0,baixo
1,0.0,0,0.0,1,3,1,0,0,0,0,0,1,0,1,0,0,gratuito
2,10000.0,1,0.0,1,3,1,0,0,0,1,0,1,0,0,0,0,medio_baixo
1,0.0,0,0.0,10,7,1,0,0,0,1,1,1,0,1,1,1,gratuito
11,35000.0,104,0.6442307692307693,1,2,1,0,0,0,0,0,0,0,1,1,0,medio_alto
1,10000.0,0,0.0,1,2,1,1,0,0,0,0,0,1,0,0,1,medio_baixo
10,75000.0,58,0.6206896551724138,1,1,1,0,0,0,0,0,0,0,0,1,0,alto
2,10000.0,50,0.92,1,2,1,0,0,0,1,0,0,0,0,0,0,medio_alto
1,0.0,0,0.0,1,1,1,0,0,0,0,1,0,0,0,0,0,baixo
1,10000.0,0,0.0,10,3,1,0,0,0,1,1,1,0,0,0,0,medio_alto
1,10000.0,0,0.0,13,2,1,0,0,5,1,1,0,0,0,0,0,alto
1,10000.0,0,0.0,26,2,1,0,0,0,1,0,0,1,0,0,0,baixo
6,35000.0,38,0.15789473684210525,1,4,1,0,0,1,1,0,0,0,0,1,1,alto
2,10000.0,4,1.0,1,7,1,0,0,0,0,1,0,0,0,0,0,medio_baixo
1,10000.0,2,0.5,5,2,1,0,0,0,1,0,0,1,0,0,0,baixo
7,10000.0,1,0.0,1,2,1,0,1,0,1,0,1,0,0,0,0,baixo
8,10000.0,80,0.9375,5,3,1,1,0,0,1,0,0,1,0,1,0,baixo
9,10000.0,48,0.8958333333333334,1,4,1,1,1,0,1,1,0,1,0,0,1,gratuito
4,750000.0,5100,0.6849019607843138,11,2,1,0,0,0,0,1,1,0,0,0,0,alto
1,10000.0,10,0.4,3,2,1,0,0,0,1,0,1,0,0,0,0,medio_baixo
1,10000.0,0,0.0,1,2,1,0,1,0,1,1,0,0,0,0,0,alto
4,0.0,0,0.0,31,4,1,0,0,5,1,1,0,1,0,0,0,gratuito
4,10000.0,0,0.0,1,2,1,0,0,0,1,0,1,0,0,0,0,medio_baixo
4,10000.0,5,0.6,1,3,1,0,0,0,1,1,0,0,0,0,0,medio_alto
8,75000.0,1063,0.8579492003762935,6,2,1,1,1,0,1,0,1,0,0,0,0,baixo
5,10000.0,7,0.42857142857142855,1,2,1,0,0,0,1,1,0,0,0,0,0,medio_alto
4,10000.0,1,1.0,1,2,1,0,0,0,0,0,0,0,0,0,0,alto
1,0.0,0,0.0,1,4,1,0,0,0,1,0,1,0,1,1,0,medio_alto
2,10000.0,0,0.0,1,3,1,0,0,0,1,1,0,1,0,0,0,alto
2,0.0,0,0.0,2,4,1,0,0,1,1,0,0,1,0,1,0,gratuito
7,10000.0,10,0.5,10,2,1,0,0,0,1,0,0,0,0,0,1,alto
1,0.0,0,0.0,8,3,1,0,0,0,1,0,0,1,0,0,1,alto
3,10000.0,13,0.6153846153846154,1,1,1,0,0,0,1,0,0,0,0,0,0,medio_alto
3,35000.0,43,0.8604651162790697,11,1,1,0,0,0,1,0,0,0,0,0,0,baixo
2,0.0,0,0.0,0,0,1,0,0,0,0,0,0,0,0,0,0,gratuito
3,10000.0,11,0.45454545454545453,1,6,1,0,0,0,1,0,1,1,1,1,1,baixo
8,35000.0,24,0.4166666666666667,1,1,1,0,0,4,0,0,0,0,0,1,0,medio_baixo
1,10000.0,0,0.0,4,4,1,0,0,0,1,0,1,1,1,0,0,alto
1,0.0,0,0.0,1,3,1,0,0,0,1,1,1,0,0,0,0,medio_baixo
10,35000.0,138,0.4855072463768116,1,3,1,0,0,0,1,0,0,0,1,0,1,alto
1,10000.0,0,0.0,8,5,1,1,0,0,1,1,1,1,0,0,1,medio_alto
5,10000.0,1,1.0,2,3,1,0,0,0,1,0,1,0,0,0,0,medio_alto
12,150000.0,2709,0.8708010335917312,2,3,1,0,0,1,1,0,1,0,1,0,0,baixo
11,10000.0,66,0.696969696969697,11,4,1,1,0,0,1,1,0,1,1,0,0,baixo
1,0.0,0,0.0,10,3,1,0,0,0,1,0,0,1,0,1,0,baixo
1,10000.0,3,0.6666666666666666,7,4,1,0,0,0,1,1,1,0,0,0,0,medio_alto
8,35000.0,217,0.783410138248848,2,2,1,1,1,0,1,0,0,1,0,0,0,baixo
3,10000.0,5,0.4,1,4,1,0,0,0,1,0,1,0,1,1,0,baixo
2,10000.0,8,1.0,1,3,1,0,0,0,0,1,1,0,0,0,0,alto
3,10000.0,1,0.0,7,2,1,0,0,0,1,0,0,1,0,0,0,alto
2,35000.0,3,0.3333333333333333,3,3,1,0,0,0,1,0,0,0,1,0,1,baixo
3,0.0,0,0.0,0,0,1,0,0,0,0,0,0,0,0,0,0,gratuito
5,35000.0,6,1.0,6,3,1,0,0,4,1,1,1,0,0,0,0,baixo
2,10000.0,0,0.0,1,2,1,0,0,0,0,0,0,0,0,1,0,gratuito
2,10000.0,4,1.0,1,1,1,0,0,0,0,0,0,0,0,1,0,medio_baixo
2,10000.0,1,1.0,5,4,1,0,0,0,1,1,0,1,0,1,0,baixo
3,10000.0,7,0.7142857142857143,1,4,1,0,0,0,1,0,1,1,0,0,1,alto
5,10000.0,11,0.36363636363636365,1,3,1,0,0,0,1,1,0,0,0,1,0,baixo
6,10000.0,182,0.7197802197802198,3,7,1,0,0,0,1,1,1,1,0,0,1,alto
4,0.0,0,0.0,1,3,1,1,0,0,1,0,1,1,0,0,0,gratuito
1,0.0,0,0.0,0,0,1,0,0,0,0,0,0,0,0,0,0,gratuito
2,10000.0,0,0.0,1,4,1,0,0,0,0,0,1,1,1,1,0,alto
1,10000.0,47,0.9574468085106383,1,4,1,0,0,0,1,0,1,1,0,0,1,medio_alto
5,35000.0,66,0.9545454545454546,1,2,1,0,0,0,1,0,1,0,0,0,0,baixo
1,0.0,0,0.0,1,4,1,0,0,0,1,0,1,1,0,0,0,gratuito
1,0.0,0,0.0,0,0,1,0,0,0,0,0,0,0,0,0,0,gratuito
1,10000.0,13,0.8461538461538461,5,3,1,0,0,0,1,1,0,1,0,0,0,alto
5,35000.0,1,0.0,1,3,1,0,0,0,0,0,0,0,0,0,1,alto
10,10000.0,50,0.26,1,3,1,0,0,0,0,0,1,1,0,0,1,medio_alto
11,10000.0,25,0.84,3,3,1,0,0,1,1,1,1,0,0,0,0,medio_alto
2,0.0,0,0.0,1,4,1,0,0,0,1,0,1,0,0,0,1,gratuito
3,0.0,0,0.0,0,0,1,0,0,0,0,0,0,0,0,0,0,gratuito
3,10000.0,12,0.9166666666666666,8,3,1,0,0,1,1,0,1,1,0,0,0,baixo
2,0.0,0,0.0,0,0,1,0,0,0,0,0,0,0,0,0,0,gratuito
9,10000.0,17,0.35294117647058826,1,6,1,0,0,0,1,0,1,1,0,1,0,medio_alto
2,35000.0,12,0.8333333333333334,1,4,1,0,1,0,1,1,0,0,0,1,0,gratuito
2,10000.0,1,1.0,2,3,1,0,0,0,1,1,0,1,0,0,0,alto
3,10000.0,46,0.43478260869565216,2,5,1,0,0,0,1,1,0,0,0,1,1,gratuito
9,10000.0,3,0.6666666666666666,2,2,1,0,0,0,0,0,0,0,0,0,0,medio_baixo
3,10000.0,0,0.0,2,2,1,0,0,0,0,0,0,1,1,0,0,medio_alto
2,10000.0,2,1.0,12,4,1,0,1,0,1,1,1,1,0,0,0,baixo
6,10000.0,40,0.725,3,3,1,0,0,0,1,0,1,0,0,0,0,gratuito
1,0.0,0,0.0,1,4,1,1,1,0,1,0,0,0,0,1,1,alto
4,35000.0,206,0.6699029126213593,1,2,1,0,0,0,0,1,0,0,1,0,0,baixo
12,10000.0,1090,0.8275229357798165,2,3,1,1,1,0,1,0,0,1,0,0,0,baixo
1,0.0,0,0.0,1,1,1,0,0,0,0,0,0,1,0,0,0,medio_baixo
7,10000.0,28,0.9642857142857143,1,3,1,1,0,0,1,0,1,1,0,0,0,baixo
2,10000.0,8,0.0,1,2,1,0,0,0,0,0,0,1,0,0,1,medio_alto
1,10000.0,0,0.0,1,1,1,0,1,0,0,0,0,0,0,1,0,medio_alto
2,10000.0,8,0.5,10,6,1,0,0,0,1,0,1,1,0,1,1,medio_alto
6,35000.0,16,1.0,1,2,1,1,0,0,0,0,0,0,1,0,0,gratuito
1,10000.0,0,0.0,8,4,1,0,0,0,1,0,1,1,0,0,1,medio_baixo
6,10000.0,8,0.625,1,5,1,0,0,0,1,0,1,1,1,0,0,alto
10,10000.0,70,0.07142857142857142,1,2,1,0,0,0,1,1,0,0,0,0,0,alto
9,10000.0,10,1.0,1,4,1,0,0,0,1,1,1,1,0,0,0,baixo
5,10000.0,1,1.0,1,3,1,0,0,0,1,0,0,1,0,1,0,baixo
2,0.0,0,0.0,1,3,1,0,0,0,1,1,0,0,0,0,0,gratuito
1,0.0,0,0.0,1,1,1,0,0,0,0,0,0,1,0,0,0,alto
1,10000.0,0,0.0,3,2,1,1,1,0,1,0,1,0,0,0,0,alto
3,10000.0,8,0.625,1,2,1,0,0,0,0,0,1,1,0,0,0,medio_baixo
3,10000.0,4,1.0,8,2,1,0,0,0,0,0,1,1,0,0,0,medio_alto
2,0.0,0,0.0,1,2,1,0,0,0,0,0,1,0,0,0,0,gratuito
1,0.0,0,0.0,0,0,1,0,0,0,0,0,0,0,0,0,0,gratuito
13,35000.0,103,0.6893203883495146,5,2,1,0,0,0,1,0,0,0,0,0,1,medio_baixo
2,10000.0,10,1.0,1,2,1,0,0,0,1,0,0,1,0,0,0,baixo
1,0.0,0,0.0,1,1,1,0,0,0,0,0,0,0,0,0,0,gratuito
1,0.0,0,0.0,2,1,1,0,0,0,0,0,0,1,0,0,0,alto
1,10000.0,0,0.0,2,3,1,0,0,0,1,0,0,1,0,0,1,baixo
4,10000.0,2,1.0,2,2,1,0,0,0,1,0,0,1,0,0,0,medio_alto
5,350000.0,1827,0.8522167487684729,5,2,1,0,0,1,0,0,1,1,0,0,0,alto
5,10000.0,33,0.8484848484848485,103,3,1,0,0,0,1,0,1,0,0,0,1,baixo
6,10000.0,6,1.0,3,2,1,0,0,0,1,1,0,0,0,0,0,medio_alto
1,0.0,0,0.0,0,0,1,0,0,0,0,0,0,0,0,0,0,gratuito
2,10000.0,8,0.875,1,3,1,0,0,0,1,0,0,1,0,1,0,medio_alto
5,10000.0,0,0.0,1,3,1,0,0,0,1,0,0,0,0,0,1,medio_alto
3,10000.0,0,0.0,2,4,1,0,0,0,1,1,0,1,0,0,0,medio_alto
4,10000.0,42,0.8095238095238095,1,4,1,0,0,0,0,0,1,0,1,1,1,medio_alto
3,35000.0,14,0.5714285714285714,3,1,1,0,0,1,1,0,0,0,0,0,0,baixo
7,10000.0,1,0.0,1,5,1,0,0,0,1,1,1,0,1,0,0,medio_baixo
3,75000.0,10,0.9,1,1,1,0,0,0,1,0,0,0,0,0,0,baixo
3,10000.0,43,0.9767441860465116,1,2,1,0,0,0,1,0,0,1,0,0,0,medio_alto
2,10000.0,127,0.984251968503937,0,5,1,0,0,0,1,1,1,1,0,0,0,gratuito
7,10000.0,0,0.0,1,2,1,0,0,1,0,0,1,0,1,0,0,medio_baixo
3,10000.0,18,0.5555555555555556,2,4,1,0,0,0,0,0,1,1,0,0,1,medio_baixo
1,0.0,0,0.0,0,0,1,0,0,0,0,0,0,0,0,0,0,gratuito
7,10000.0,0,0.0,2,3,1,0,0,0,1,1,0,1,0,0,0,medio_baixo
3,10000.0,5,1.0,1,3,1,0,0,0,1,0,0,1,0,0,1,baixo
7,10000.0,0,0.0,2,1,1,0,0,0,1,0,0,0,0,0,0,baixo
5,10000.0,3,1.0,1,3,1,0,0,0,1,1,0,0,0,0,0,alto
1,10000.0,0,0.0,1,3,1,0,0,0,1,1,0,0,1,0,0,alto
6,10000.0,5,1.0,1,3,1,0,0,0,1,1,0,0,0,0,0,medio_alto
1,10000.0,0,0.0,11,5,1,0,0,0,1,1,0,1,0,1,1,medio_alto
7,10000.0,230,0.8869565217391304,8,1,1,0,0,0,1,0,0,0,0,0,0,medio_alto
9,10000.0,25,0.28,1,2,1,0,0,0,1,0,0,1,0,0,0,baixo
5,10000.0,54,0.9814814814814815,2,2,1,1,0,1,1,0,1,0,0,0,0,medio_alto
5,10000.0,8,1.0,1,6,1,1,1,0,1,1,1,0,1,0,1,alto
4,10000.0,19,0.5263157894736842,1,5,1,0,0,0,1,0,0,1,0,1,1,baixo
7,10000.0,22,0.9090909090909091,14,4,1,0,1,0,1,1,1,1,0,0,0,baixo
1,0.0,0,0.0,1,4,1,0,1,0,1,1,0,1,0,0,0,medio_alto
19,350000.0,1939,0.7503867973182052,5,1,1,0,0,0,0,0,0,0,1,0,0,medio_alto
3,10000.0,2,1.0,5,3,1,0,0,0,0,1,0,0,1,0,1,alto
5,750000.0,13838,0.9764416823240353,9,3,1,0,0,1,1,1,1,0,0,0,0,medio_alto
7,35000.0,404,0.8316831683168316,2,1,1,1,0,2,1,0,0,0,0,0,0,gratuito
1,0.0,0,0.0,2,4,1,0,0,0,1,0,0,1,1,0,0,gratuito
2,10000.0,5,1.0,1,2,1,0,0,0,1,1,0,0,0,0,0,medio_baixo
2,10000.0,0,0.0,2,1,1,0,0,1,1,0,0,0,0,0,0,gratuito
4,10000.0,11,0.6363636363636364,1,5,1,0,0,0,1,1,1,1,0,0,0,gratuito
5,10000.0,4,0.5,1,4,1,0,1,1,1,1,1,1,0,0,0,medio_baixo
4,0.0,0,0.0,2,4,1,1,0,0,0,0,0,1,1,0,0,gratuito
4,10000.0,0,0.0,10,2,1,0,0,0,1,1,0,0,0,0,0,medio_alto
6,10000.0,4,0.5,2,2,1,0,0,0,0,1,0,0,0,0,1,medio_alto
11,10000.0,8599,0.7425282009535993,11,3,1,1,1,0,1,1,0,0,0,0,0,gratuito
8,10000.0,79,0.8354430379746836,4,2,1,1,0,1,0,0,0,1,0,1,0,medio_alto
9,10000.0,25,0.44,2,5,1,0,0,0,1,0,0,1,0,0,1,baixo
3,0.0,0,0.0,1,5,1,0,1,0,1,1,1,1,1,0,0,gratuito
3,10000.0,2,1.0,1,3,1,0,0,0,1,0,0,0,1,0,0,baixo
2,10000.0,9,0.8888888888888888,13,2,1,0,0,0,1,0,0,1,0,0,0,medio_baixo
3,10000.0,3,0.3333333333333333,1,4,1,0,0,0,0,1,1,0,1,0,0,medio_alto
8,35000.0,1021,0.7473065621939275,7,1,1,0,0,9,0,1,0,0,0,0,0,medio_alto
1,0.0,0,0.0,0,0,1,0,0,0,0,0,0,0,0,0,0,gratuito
1,0.0,0,0.0,1,3,1,1,1,0,1,0,1,1,0,0,0,medio_baixo
1,0.0,0,0.0,2,1,1,0,0,0,0,0,1,0,0,0,0,medio_alto
12,1500000.0,16956,0.8423566878980892,8,2,1,0,0,0,0,1,1,0,0,0,0,alto
14,75000.0,349,0.9255014326647565,1,3,1,0,0,0,1,1,0,1,0,0,0,medio_baixo
1,0.0,0,0.0,12,4,1,0,0,0,1,0,0,1,0,0,1,gratuito
2,10000.0,19,1.0,2,3,1,0,0,0,1,1,0,1,0,0,0,medio_alto
5,10000.0,6,0.8333333333333334,2,3,1,0,0,0,1,0,0,0,1,1,0,medio_baixo
5,750000.0,2107,0.7095396298054105,1,3,1,0,0,0,1,0,0,0,0,0,0,medio_baixo
5,10000.0,25,1.0,1,3,1,0,0,0,1,1,1,0,0,0,0,medio_baixo
7,10000.0,58,0.7758620689655172,1,5,1,1,0,0,1,1,0,1,1,0,1,baixo
6,10000.0,18,0.6666666666666666,3,4,1,0,0,0,1,1,0,1,0,0,0,gratuito
8,10000.0,9,0.6666666666666666,1,2,1,0,0,0,0,0,1,1,0,0,0,medio_alto
4,0.0,0,0.0,1,1,1,0,0,0,1,0,0,0,0,0,0,gratuito
1,10000.0,0,0.0,3,3,1,0,0,0,1,0,0,1,1,0,0,medio_baixo
10,10000.0,42,0.3333333333333333,1,4,1,1,1,0,1,0,0,0,0,0,1,gratuito
3,0.0,0,0.0,1,2,1,1,0,0,1,1,0,0,0,0,0,gratuito
8,10000.0,9,0.3333333333333333,1,3,1,0,0,0,1,0,0,0,1,0,0,alto
2,10000.0,7,0.5714285714285714,2,1,1,0,0,0,0,0,0,0,0,1,0,medio_baixo
1,10000.0,0,0.0,1,5,1,0,0,0,1,0,1,1,0,0,1,alto
1,0.0,0,0.0,2,5,1,0,0,0,0,1,0,0,1,0,1,gratuito
8,35000.0,37,0.9459459459459459,1,3,1,0,0,1,1,1,0,0,0,0,0,gratuito
1,0.0,0,0.0,0,0,1,0,0,0,0,0,0,0,0,0,0,gratuito
7,150000.0,514,0.7101167315175098,8,3,1,1,0,1,1,0,0,1,0,0,1,baixo
2,10000.0,44,0.9090909090909091,1,2,1,0,0,0,1,0,0,0,0,0,0,gratuito
4,10000.0,12,0.8333333333333334,5,2,1,0,0,0,1,1,0,0,0,0,0,medio_alto
3,0.0,0,0.0,0,0,1,0,0,0,0,0,0,0,0,0,0,gratuito
6,10000.0,0,0.0,1,2,1,1,1,0,1,0,0,1,0,0,0,medio_alto
1,0.0,0,0.0,0,0,1,0,0,0,0,0,0,0,0,0,0,gratuito
3,10000.0,159,0.949685534591195,12,3,1,1,0,0,1,0,0,1,0,1,0,medio_baixo
5,10000.0,6,0.8333333333333334,1,5,1,1,0,0,1,0,1,1,1,1,0,medio_alto
4,10000.0,63,0.9047619047619048,11,2,1,0,0,1,1,0,0,1,0,0,0,baixo
8,35000.0,31,0.45161290322580644,1,2,1,1,0,0,1,1,0,0,0,0,0,baixo
3,35000.0,291,0.9587628865979382,9,2,1,1,1,0,1,0,0,1,0,0,0,baixo
9,75000.0,227,0.8281938325991189,4,3,1,1,1,0,1,0,1,1,0,0,0,baixo
2,10000.0,25,0.88,1,4,1,0,0,0,1,1,1,0,0,0,0,alto
4,10000.0,224,0.9375,2,2,1,0,0,0,0,0,1,1,0,0,0,alto
10,10000.0,6,0.8333333333333334,1,2,1,1,0,0,1,1,0,0,0,0,0,medio_alto
2,10000.0,2,0.5,28,3,1,0,0,0,1,0,0,1,0,0,1,medio_alto
1,10000.0,5,1.0,11,4,1,0,0,0,1,1,0,0,0,0,0,alto
6,75000.0,9,0.5555555555555556,1,2,1,1,0,1,1,0,0,0,0,1,0,gratuito
1,10000.0,0,0.0,2,9,1,0,0,0,1,1,1,1,1,1,1,baixo
5,35000.0,245,0.8,1,8,1,1,1,3,1,1,0,1,0,0,1,gratuito
6,10000.0,34,0.8823529411764706,6,4,1,0,0,0,0,0,1,1,0,1,1,medio_baixo
14,75000.0,785,0.8840764331210191,11,2,1,0,0,0,0,0,1,1,0,0,0,baixo
7,10000.0,13,0.9230769230769231,1,1,1,0,0,0,1,0,0,0,0,0,0,medio_alto
2,10000.0,15,0.9333333333333333,1,3,1,0,0,0,1,1,1,0,0,0,0,alto
2,0.0,0,0.0,0,0,1,0,0,0,0,0,0,0,0,0,0,gratuito
12,35000.0,47,0.7021276595744681,11,3,1,1,0,0,0,1,0,1,0,1,0,alto
4,10000.0,3,0.3333333333333333,1,3,1,0,0,0,1,0,1,1,0,0,0,baixo
8,10000.0,22,0.8181818181818182,1,2,1,1,0,0,1,0,0,1,0,0,0,medio_alto
9,350000.0,118,0.7627118644067796,1,3,1,0,0,0,1,0,0,1,0,1,0,baixo
9,10000.0,61,0.7213114754098361,2,1,1,1,0,1,0,0,1,0,0,0,0,medio_alto
2,0.0,0,0.0,1,3,1,0,0,0,0,0,1,0,0,0,0,gratuito
2,10000.0,0,0.0,2,2,1,0,0,0,1,0,0,0,0,0,0,medio_baixo
12,75000.0,174,0.5344827586206896,2,2,1,0,0,0,1,0,0,0,1,0,0,medio_alto
2,10000.0,0,0.0,4,3,1,0,0,0,1,1,0,1,0,0,0,medio_baixo
2,0.0,0,0.0,0,0,1,0,0,0,0,0,0,0,0,0,0,gratuito
1,10000.0,0,0.0,1,3,1,0,0,0,1,1,0,1,0,0,0,medio_baixo
15,3500000.0,37392,0.953706675224647,6,3,1,1,1,1,1,1,0,0,1,0,0,medio_baixo
1,10000.0,0,0.0,1,1,1,0,0,0,0,0,0,1,0,0,0,medio_alto
13,350000.0,2741,0.7581174753739511,1,3,1,1,1,0,1,0,1,1,0,0,0,medio_alto
4,350000.0,2237,0.9253464461332142,1,4,1,1,1,0,1,0,1,0,1,1,0,alto
7,10000.0,0,0.0,1,1,1,0,0,0,1,0,0,0,0,0,0,medio_baixo
5,10000.0,31,0.41935483870967744,10,8,1,0,0,0,1,1,1,1,1,1,1,medio_alto
2,10000.0,0,0.0,1,2,1,0,0,0,0,0,0,0,1,0,0,gratuito
10,35000.0,580,0.9793103448275862,9,2,1,1,1,0,1,0,1,0,0,0,0,medio_baixo
3,10000.0,1,1.0,1,2,1,0,0,0,1,0,0,1,0,0,0,medio_alto
7,10000.0,64,0.453125,1,3,1,0,0,0,1,0,0,1,0,0,1,baixo
6,10000.0,11,0.7272727272727273,2,4,1,0,0,0,1,1,1,1,0,0,0,baixo
2,0.0,0,0.0,8,7,1,0,0,0,0,0,1,1,1,1,0,gratuito
3,350000.0,3338,0.9227082085080887,6,1,1,0,0,6,0,0,1,0,0,0,0,alto
2,75000.0,642,0.7897196261682243,11,1,1,0,0,5,0,0,0,1,0,0,0,baixo
3,10000.0,2,1.0,1,3,1,0,0,0,1,0,1,1,0,0,0,alto
7,150000.0,607,0.7215815485996705,13,3,1,1,0,1,1,1,1,0,0,0,0,alto
4,0.0,0,0.0,0,0,1,0,0,0,0,0,0,0,0,0,0,gratuito
2,35000.0,490,0.926530612244898,1,1,1,0,0,1,0,1,0,0,0,0,0,alto
8,10000.0,74,0.8378378378378378,10,2,1,0,0,0,1,0,0,1,0,0,0,baixo
9,10000.0,4,0.75,1,1,1,0,0,0,0,1,0,0,0,0,0,medio_baixo
3,10000.0,0,0.0,1,4,1,0,0,1,1,1,0,1,0,0,0,medio_alto
2,10000.0,5,1.0,1,3,1,0,0,0,1,0,0,1,0,0,1,medio_alto
3,0.0,0,0.0,1,1,1,0,0,0,0,0,0,1,0,0,0,gratuito
1,10000.0,5,0.8,1,4,1,1,0,0,1,0,0,1,0,1,1,medio_alto
1,0.0,0,0.0,0,0,1,0,0,0,0,0,0,0,0,0,0,gratuito
2,10000.0,3,1.0,1,1,1,0,0,0,0,1,0,0,0,0,0,medio_alto
4,10000.0,0,0.0,1,1,1,0,0,0,1,0,0,0,0,0,0,medio_alto
3,10000.0,6,0.5,1,3,1,0,0,0,1,1,1,0,0,0,0,medio_baixo
1,0.0,0,0.0,0,0,1,0,0,0,0,0,0,0,0,0,0,gratuito
8,35000.0,204,0.9411764705882353,103,2,1,0,0,0,1,1,0,0,0,0,0,baixo
4,10000.0,0,0.0,1,1,1,0,0,0,0,0,0,1,0,0,0,baixo
1,10000.0,0,0.0,1,3,1,0,0,0,1,1,0,1,0,0,0,alto
1,10000.0,0,0.0,40,2,1,0,0,0,1,0,0,0,0,0,1,medio_baixo
3,10000.0,2,1.0,1,4,1,0,0,0,1,1,0,1,0,0,0,alto
1,10000.0,0,0.0,1,2,1,0,0,0,1,0,0,1,0,0,0,baixo
7,10000.0,1,0.0,9,3,1,0,0,0,1,1,1,0,0,0,0,medio_alto
1,10000.0,12,1.0,1,2,1,0,0,0,1,0,0,1,0,0,0,medio_baixo
2,10000.0,2,1.0,2,4,1,0,0,0,1,1,1,1,0,0,0,baixo
3,10000.0,9,0.7777777777777778,2,2,1,0,0,0,1,0,1,0,0,0,0,medio_baixo
7,10000.0,14,0.42857142857142855,1,5,1,1,1,0,1,1,1,1,0,0,0,medio_alto
7,10000.0,2,1.0,1,2,1,0,0,0,1,0,0,1,0,0,0,baixo
3,10000.0,2,0.5,2,4,1,0,0,0,1,1,1,1,0,0,0,alto
2,0.0,0,0.0,0,0,1,0,0,0,0,0,0,0,0,0,0,gratuito
7,10000.0,8,0.25,1,4,1,0,0,0,1,0,1,1,0,0,1,alto
1,0.0,0,0.0,11,8,1,0,0,0,1,1,0,1,0,0,1,gratuito
2,10000.0,8,1.0,1,1,1,0,0,0,1,0,0,0,0,0,0,baixo
1,0.0,0,0.0,1,3,1,0,0,0,1,0,1,0,0,0,0,gratuito
1,10000.0,20,0.8,30,3,1,0,0,0,1,0,1,1,0,0,0,medio_baixo
13,1500000.0,4663,0.8468796911859318,9,2,1,1,1,1,0,0,0,0,0,1,1,medio_alto
2,10000.0,2,0.0,1,4,1,0,0,0,1,1,1,1,0,0,0,alto
6,10000.0,0,0.0,1,1,1,0,0,0,0,1,0,0,0,0,0,medio_baixo
2,10000.0,0,0.0,1,2,1,1,1,0,1,0,0,1,0,0,0,medio_baixo
5,10000.0,0,0.0,2,1,1,0,0,0,0,0,1,0,0,0,0,medio_baixo
9,350000.0,634,0.7066246056782335,1,7,1,0,0,0,1,1,1,0,1,1,0,gratuito
2,0.0,0,0.0,1,4,1,0,0,0,1,0,0,0,0,0,0,gratuito
2,0.0,0,0.0,103,9,1,1,1,0,1,1,1,1,1,1,1,alto
1,0.0,0,0.0,3,2,1,1,0,0,0,0,1,1,0,0,0,alto
10,1500000.0,11741,0.8598075121369559,15,3,1,1,1,2,1,0,0,0,0,1,1,medio_baixo
9,10000.0,6,0.16666666666666666,1,0,1,0,0,0,0,0,0,0,0,0,0,alto
10,150000.0,992,0.905241935483871,2,1,1,0,0,0,0,1,0,0,0,0,0,medio_alto
6,10000.0,1,1.0,1,2,1,1,0,0,1,0,1,0,0,0,0,alto
7,10000.0,59,0.5254237288135594,26,2,1,0,0,0,0,0,0,1,0,0,1,alto
4,10000.0,2,1.0,4,1,1,0,0,0,0,0,0,1,0,0,0,medio_alto
1,10000.0,0,0.0,2,3,1,0,0,0,1,1,1,0,0,0,0,medio_alto
11,10000.0,176,0.8352272727272727,9,4,1,1,0,1,1,0,1,1,0,0,1,medio_alto
2,10000.0,0,0.0,10,2,1,0,0,0,1,0,0,1,0,0,0,baixo
8,10000.0,49,0.9387755102040817,2,2,1,1,0,0,1,0,0,1,0,0,0,medio_baixo
5,10000.0,0,0.0,1,3,1,0,1,0,1,0,0,0,0,1,1,alto
5,10000.0,0,0.0,1,1,1,0,0,0,0,0,0,0,0,0,1,alto
2,10000.0,1,1.0,1,3,1,0,0,0,0,1,1,0,0,1,0,medio_alto
10,150000.0,194,0.5670103092783505,1,3,1,0,0,0,1,1,0,1,0,0,0,baixo
6,10000.0,0,0.0,1,4,1,0,0,0,1,1,1,0,0,0,1,medio_baixo
4,10000.0,145,0.7034482758620689,30,8,1,0,1,0,1,1,1,1,1,1,1,medio_alto
2,150000.0,220,0.7772727272727272,1,5,1,1,1,0,1,0,1,0,1,1,0,gratuito
10,750000.0,304,0.4769736842105263,1,2,1,0,0,0,1,1,0,0,0,0,0,baixo
11,10000.0,94,0.4787234042553192,2,5,1,1,0,0,1,1,0,0,1,1,0,alto
3,10000.0,44,0.7727272727272727,1,6,1,0,0,0,1,1,1,1,0,1,1,alto
2,10000.0,6,1.0,1,4,1,0,0,0,1,0,0,1,0,1,0,medio_baixo
1,10000.0,0,0.0,7,2,1,0,0,0,0,0,0,0,0,0,1,medio_baixo
5,10000.0,10,1.0,1,1,1,0,0,0,1,0,0,0,0,0,0,alto
4,0.0,0,0.0,2,3,1,0,0,0,1,0,1,0,0,0,0,gratuito
1,10000.0,0,0.0,4,3,1,0,0,0,0,1,1,1,0,0,0,medio_baixo
8,350000.0,1052,0.7557034220532319,1,1,1,1,0,0,0,0,0,0,0,1,0,gratuito
4,0.0,0,0.0,103,2,1,0,0,0,0,1,1,0,0,0,0,baixo
2,10000.0,14,0.9285714285714286,1,3,1,0,0,0,0,0,1,0,1,0,0,gratuito
8,10000.0,83,0.6265060240963856,17,2,1,0,0,0,1,0,1,0,0,0,0,baixo
5,35000.0,1,1.0,9,3,1,0,1,0,1,1,1,0,0,0,0,medio_alto
3,35000.0,124,0.8225806451612904,5,6,1,1,0,0,1,1,0,1,0,0,0,alto
4,10000.0,2,1.0,2,3,1,0,0,0,1,0,0,1,0,0,1,medio_alto
6,10000.0,235,0.6638297872340425,1,3,1,0,0,0,0,1,0,0,0,0,1,medio_alto
9,10000.0,36,0.7222222222222222,1,2,1,0,1,0,0,0,0,1,0,1,0,medio_baixo
4,10000.0,0,0.0,1,3,1,0,0,0,1,1,1,0,0,0,0,medio_baixo
6,10000.0,1,1.0,1,3,1,0,0,0,1,0,1,1,0,0,0,medio_alto
5,10000.0,289,0.8512110726643599,1,2,1,0,0,1,0,1,0,0,0,0,0,alto
4,10000.0,27,0.8888888888888888,1,2,1,1,1,0,1,0,0,1,0,0,0,medio_alto
1,0.0,0,0.0,4,3,1,0,0,4,0,0,0,1,0,1,0,gratuito
11,10000.0,39,0.8205128205128205,2,3,1,1,1,1,1,1,0,0,0,0,0,alto
6,10000.0,1,1.0,1,2,1,0,0,0,0,1,0,1,0,0,0,alto
6,10000.0,0,0.0,1,2,1,0,0,0,1,0,0,1,0,0,0,medio_baixo
2,10000.0,24,0.5833333333333334,1,2,1,0,0,0,0,1,1,0,0,0,0,baixo
2,10000.0,1,0.0,2,2,1,0,0,0,0,0,0,1,0,1,0,baixo
5,10000.0,6,0.8333333333333334,1,3,1,0,0,0,0,0,0,1,0,0,1,gratuito
3,10000.0,5,1.0,1,1,1,0,0,0,0,0,1,0,0,0,0,medio_alto
5,10000.0,0,0.0,1,3,1,0,0,0,1,0,0,1,0,0,0,medio_alto
10,350000.0,992,0.8639112903225806,2,2,1,1,0,0,0,0,1,0,0,0,0,gratuito
7,10000.0,2,0.5,1,3,1,0,0,0,1,1,1,0,0,0,0,baixo
9,35000.0,93,0.7849462365591398,2,2,1,0,0,0,1,0,1,0,0,0,0,alto
2,0.0,0,0.0,0,0,1,0,0,0,0,0,0,0,0,0,0,gratuito
1,10000.0,2,1.0,1,6,1,0,0,0,1,1,1,1,1,1,0,alto
9,10000.0,24,0.8333333333333334,1,2,1,0,0,0,0,0,1,1,0,0,0,medio_alto
5,10000.0,4,1.0,1,3,1,0,0,0,1,0,0,1,0,1,0,alto
3,0.0,0,0.0,2,2,1,0,0,0,1,0,0,1,0,0,0,gratuito
2,10000.0,20,0.6,30,6,1,0,0,0,0,1,1,1,0,1,1,baixo
5,350000.0,1,1.0,1,3,1,0,0,0,1,1,1,0,0,0,0,medio_baixo
6,35000.0,194,0.9896907216494846,7,4,1,0,0,1,1,0,1,1,0,0,1,medio_alto
6,0.0,0,0.0,0,0,1,0,0,0,0,0,0,0,0,0,0,gratuito
2,0.0,0,0.0,1,4,1,0,0,0,1,1,1,0,0,0,0,gratuito
1,10000.0,0,0.0,1,3,1,1,0,1,0,1,0,0,0,1,0,alto
3,75000.0,755,0.8158940397350993,1,5,1,0,0,3,1,0,0,1,0,0,1,gratuito
8,150000.0,2066,0.7792836398838335,3,1,1,0,0,0,0,0,0,0,1,0,0,medio_alto
3,10000.0,3,0.3333333333333333,1,4,1,0,0,0,1,1,1,1,0,0,0,medio_alto
1,10000.0,104,0.9134615384615384,8,4,1,0,0,1,1,0,0,1,1,0,1,medio_baixo
9,10000.0,68,0.8088235294117647,1,1,1,1,0,0,0,0,0,1,0,0,0,medio_baixo
4,0.0,0,0.0,0,0,1,0,0,0,0,0,0,0,0,0,0,gratuito
6,10000.0,7,0.8571428571428571,4,3,1,0,0,0,0,0,0,0,0,0,0,alto
2,0.0,0,0.0,2,2,1,0,0,1,0,1,0,0,0,0,0,gratuito
12,10000.0,21,0.38095238095238093,5,1,1,0,0,0,0,0,0,1,0,0,0,medio_baixo
2,10000.0,0,0.0,4,1,1,0,0,0,0,0,0,1,0,0,0,baixo
4,10000.0,45,0.9777777777777777,5,2,1,0,0,1,1,1,0,0,0,0,0,medio_alto
1,0.0,0,0.0,2,3,1,0,0,0,1,0,0,1,0,0,0,baixo
3,10000.0,24,0.9583333333333334,1,2,1,0,1,1,1,1,0,0,0,0,0,alto
3,10000.0,1,0.0,1,4,1,0,0,0,1,1,1,0,1,0,0,baixo
3,10000.0,8,0.375,10,2,1,0,0,0,1,1,0,0,0,0,0,baixo
13,350000.0,2027,0.7972372964972866,6,2,1,1,1,2,0,0,0,0,1,1,0,medio_alto
4,10000.0,29,1.0,8,3,1,0,0,0,1,0,0,1,0,1,0,medio_baixo
6,35000.0,82,0.43902439024390244,2,3,1,0,0,0,1,0,0,0,0,1,1,baixo
3,0.0,0,0.0,2,5,1,0,0,0,1,1,0,1,0,0,0,gratuito
2,0.0,0,0.0,0,0,1,0,0,0,0,0,0,0,0,0,0,gratuito
1,0.0,0,0.0,103,6,1,0,0,0,1,0,1,1,1,1,1,medio_baixo
7,10000.0,27,0.5925925925925926,1,2,1,0,0,0,1,0,1,0,0,0,0,baixo
3,10000.0,0,0.0,1,3,1,0,0,0,1,0,1,1,0,0,0,baixo
3,75000.0,107,0.8317757009345794,1,2,1,0,0,1,1,0,1,0,0,0,0,medio_baixo
2,10000.0,1,1.0,2,5,1,0,0,0,1,1,1,1,0,0,0,medio_baixo
10,10000.0,47,0.6382978723404256,1,2,1,0,0,1,1,1,0,0,0,0,0,alto
1,0.0,0,0.0,1,4,1,0,0,0,1,1,0,0,0,1,0,gratuito
8,10000.0,256,0.82421875,7,4,1,0,0,15,0,0,0,0,0,0,0,alto
1,0.0,0,0.0,0,0,1,0,0,0,0,0,0,0,0,0,0,gratuito
5,10000.0,72,0.9166666666666666,1,2,1,0,0,0,1,1,0,0,0,0,0,alto
2,10000.0,2,0.0,1,4,1,0,0,0,1,1,1,1,0,0,0,medio_baixo
1,10000.0,21,0.8571428571428571,1,4,1,0,0,0,1,1,1,0,1,0,0,medio_alto
4,10000.0,2,1.0,4,3,1,0,0,0,1,1,1,0,0,0,0,medio_alto
1,10000.0,0,0.0,1,1,1,1,0,0,0,0,1,0,0,0,0,medio_alto
2,75000.0,2,0.5,1,6,1,0,0,0,1,1,1,1,0,1,0,alto
5,10000.0,79,0.8734177215189873,2,5,1,0,0,1,1,0,1,1,1,0,0,medio_baixo
2,10000.0,2,1.0,1,1,1,0,0,0,0,0,0,1,0,0,0,baixo
3,10000.0,0,0.0,1,4,1,1,0,0,1,0,0,1,0,0,1,gratuito
9,10000.0,30,0.6333333333333333,1,4,1,0,0,0,1,1,0,1,0,0,0,gratuito
8,10000.0,20,0.5,1,3,1,0,0,0,0,1,0,0,0,0,1,alto
1,0.0,0,0.0,0,0,1,0,0,0,0,0,0,0,0,0,0,gratuito
4,10000.0,16,0.9375,1,2,1,0,0,0,1,0,0,0,0,0,1,baixo
7,10000.0,92,0.7282608695652174,1,2,1,0,0,0,0,1,0,0,0,0,1,baixo
6,10000.0,11,1.0,1,2,1,0,0,0,0,0,0,1,0,0,1,medio_alto
1,0.0,0,0.0,0,0,1,0,0,0,0,0,0,0,0,0,0,gratuito
2,10000.0,4,0.75,13,3,1,0,0,0,1,1,0,1,0,0,0,medio_alto
1,0.0,0,0.0,0,0,1,0,0,0,0,0,0,0,0,0,0,gratuito
3,10000.0,3,1.0,1,3,1,0,0,0,1,0,1,1,0,0,0,baixo
2,0.0,0,0.0,0,0,1,0,0,0,0,0,0,0,0,0,0,gratuito
9,10000.0,37,0.5405405405405406,2,3,1,0,0,0,1,0,1,1,0,0,0,baixo
1,10000.0,0,0.0,1,2,1,0,0,0,1,0,0,1,0,0,0,alto
4,10000.0,0,0.0,2,3,1,0,0,0,1,0,1,1,0,0,0,baixo
3,0.0,0,0.0,0,0,1,0,0,0,0,0,0,0,0,0,0,gratuito
8,35000.0,32,0.625,3,2,1,0,0,0,0,0,1,1,0,0,0,baixo
3,10000.0,128,0.671875,1,2,1,0,0,0,0,1,1,0,0,0,0,baixo
7,10000.0,6,0.6666666666666666,1,1,1,0,0,0,1,0,0,0,0,0,0,medio_baixo
2,10000.0,0,0.0,2,4,1,0,0,0,1,0,1,1,1,0,0,baixo
1,10000.0,0,0.0,1,3,1,0,0,0,1,1,1,0,0,0,0,alto
1,10000.0,15,1.0,1,3,1,0,0,0,1,1,0,0,0,0,0,gratuito
6,10000.0,24,0.5416666666666666,1,2,1,0,0,0,0,0,0,1,0,1,0,alto
1,0.0,0,0.0,0,0,1,0,0,0,0,0,0,0,0,0,0,gratuito
9,350000.0,1829,0.868234007654456,9,1,1,1,0,0,0,0,1,0,0,0,0,gratuito
3,10000.0,3,1.0,3,5,1,0,0,0,1,0,1,1,0,1,1,medio_alto
2,10000.0,1,1.0,1,2,1,0,0,0,1,1,0,0,0,0,0,alto
1,10000.0,0,0.0,13,3,1,0,0,0,1,0,0,0,0,1,1,alto
3,10000.0,1,1.0,1,3,1,0,0,0,1,0,0,1,0,1,0,baixo
3,0.0,0,0.0,0,0,1,0,0,0,0,0,0,0,0,0,0,gratuito
6,10000.0,17,1.0,7,2,1,1,1,0,1,0,0,1,0,0,0,alto
5,0.0,0,0.0,0,0,1,0,0,0,0,0,0,0,0,0,0,gratuito
4,10000.0,200,0.845,4,1,1,0,0,2,0,0,0,0,0,1,0,alto
3,35000.0,3,1.0,1,3,1,0,0,0,1,0,0,1,0,0,0,baixo
9,150000.0,166,0.5602409638554217,2,4,1,0,0,0,1,0,0,0,0,1,0,gratuito
1,10000.0,1,1.0,1,2,1,0,0,0,1,0,0,1,0,0,0,medio_baixo
4,10000.0,27,0.6666666666666666,1,4,1,0,0,0,1,1,1,1,0,0,0,baixo
3,10000.0,1,1.0,1,2,1,0,0,0,1,1,0,0,0,0,0,baixo
10,10000.0,10,0.9,1,3,1,0,0,0,1,0,1,0,0,0,0,gratuito
4,10000.0,8,0.375,1,3,1,0,0,0,1,0,0,1,0,0,0,medio_alto
2,0.0,0,0.0,1,5,1,0,0,0,1,1,0,1,1,0,0,gratuito
9,10000.0,6,0.8333333333333334,1,3,1,0,0,0,1,0,0,0,0,1,1,medio_alto
3,0.0,0,0.0,0,0,1,0,0,0,0,0,0,0,0,0,0,gratuito
6,35000.0,618,0.9207119741100324,4,4,1,0,0,0,1,1,1,0,1,0,0,medio_alto
5,10000.0,51,0.9019607843137255,6,4,1,0,0,0,1,0,1,1,0,0,1,baixo
9,10000.0,3,0.6666666666666666,1,2,1,0,1,0,1,1,0,0,0,0,0,medio_alto
1,10000.0,0,0.0,1,3,1,1,0,0,0,0,0,1,0,1,1,baixo
1,10000.0,2,0.0,14,4,1,0,0,0,1,0,0,1,0,1,0,medio_alto
7,10000.0,6,0.3333333333333333,1,4,1,0,0,0,1,0,0,1,0,0,0,medio_alto
4,10000.0,166,0.7710843373493976,12,5,1,0,0,0,1,1,1,1,0,0,1,alto
8,10000.0,132,0.8863636363636364,11,2,1,1,0,0,1,1,0,0,0,0,0,baixo
1,10000.0,0,0.0,1,4,1,0,0,0,1,0,1,1,0,0,1,alto
7,10000.0,0,0.0,3,1,1,0,0,2,0,0,0,0,0,0,1,alto
1,10000.0,0,0.0,1,2,1,1,0,0,0,0,0,0,0,0,1,alto
7,10000.0,6,0.8333333333333334,1,3,1,0,0,0,1,1,0,1,0,0,0,baixo
3,35000.0,14,0.7857142857142857,7,1,1,0,0,0,0,0,0,1,0,0,0,medio_alto
1,10000.0,15,0.9333333333333333,1,2,1,0,0,0,1,0,0,1,0,0,0,medio_baixo
5,10000.0,191,0.8952879581151832,10,2,1,1,1,2,1,0,1,0,0,0,0,alto
8,10000.0,12,0.9166666666666666,1,2,1,0,0,0,1,0,0,1,0,0,0,medio_alto
1,0.0,0,0.0,4,4,1,0,0,0,0,0,1,1,0,1,1,alto
1,0.0,0,0.0,2,6,1,0,0,0,1,1,1,1,1,0,1,baixo
2,10000.0,9,1.0,1,3,1,0,0,0,1,0,1,1,0,0,0,medio_alto
6,10000.0,28,0.7857142857142857,1,6,1,0,0,1,1,1,1,1,0,1,0,gratuito
12,35000.0,109,0.7431192660550459,1,2,1,0,0,0,0,0,1,1,0,0,0,alto
2,35000.0,7,0.8571428571428571,1,1,1,0,0,0,0,1,0,0,0,0,0,alto
4,35000.0,39,0.9230769230769231,29,2,1,0,0,0,1,0,0,1,0,0,0,baixo
2,0.0,0,0.0,1,2,1,0,0,0,0,0,0,1,0,0,0,gratuito
4,10000.0,0,0.0,1,4,1,0,0,0,1,0,0,1,1,0,1,medio_baixo
5,35000.0,35,0.5142857142857142,1,5,1,0,0,0,1,0,1,1,1,0,0,alto
1,0.0,0,0.0,1,1,1,0,0,0,0,0,0,0,0,0,0,gratuito
3,10000.0,26,0.46153846153846156,2,2,1,0,0,0,1,1,0,0,0,0,0,medio_baixo
4,35000.0,6,1.0,6,4,1,0,1,0,1,1,0,0,0,0,0,alto
6,10000.0,9,0.8888888888888888,3,2,1,0,0,0,1,0,1,0,0,0,0,medio_alto
8,150000.0,1046,0.7026768642447419,12,3,1,0,0,2,1,1,1,0,0,0,0,medio_baixo
6,10000.0,110,0.9545454545454546,1,5,1,0,0,0,1,0,1,1,1,0,1,medio_baixo
1,10000.0,2,0.5,1,6,1,0,0,0,1,1,0,1,1,1,1,medio_baixo
3,10000.0,1,1.0,1,1,1,0,0,0,0,0,0,1,0,0,0,medio_baixo
2,10000.0,4,1.0,1,4,1,0,0,0,1,0,0,1,0,0,1,gratuito
3,10000.0,104,0.8076923076923077,1,3,1,0,0,0,1,0,0,1,0,0,1,medio_baixo
2,10000.0,0,0.0,1,4,1,0,0,0,1,0,1,1,1,0,0,medio_alto
3,0.0,0,0.0,0,0,1,0,0,0,0,0,0,0,0,0,0,gratuito
4,10000.0,308,0.75,8,3,1,0,0,0,1,1,1,0,0,0,0,medio_baixo
3,10000.0,91,0.9560439560439561,1,1,1,1,1,0,0,1,0,0,0,0,0,medio_alto
4,10000.0,5,0.8,2,4,1,0,0,0,1,1,1,0,1,0,0,medio_baixo
1,10000.0,0,0.0,1,5,1,0,0,0,1,1,1,1,0,0,0,gratuito
4,10000.0,0,0.0,103,2,1,0,0,0,1,0,0,1,0,0,0,baixo
3,10000.0,40,0.9,1,2,1,0,0,0,0,0,0,1,1,0,0,baixo
3,10000.0,15,1.0,1,2,1,0,0,0,1,1,0,0,0,0,0,baixo
1,10000.0,235,0.8382978723404255,2,2,1,0,0,0,0,0,1,1,0,0,0,alto
17,35000.0,140,0.6285714285714286,1,4,1,0,0,0,1,1,0,0,0,0,0,medio_baixo
9,10000.0,135,0.7037037037037037,2,4,1,0,0,0,0,0,1,0,1,0,0,medio_baixo
1,0.0,0,0.0,1,2,1,1,1,0,1,0,0,0,0,1,0,medio_baixo
3,10000.0,7,0.8571428571428571,1,3,1,0,0,0,1,0,0,1,1,0,0,medio_alto
3,0.0,0,0.0,0,0,1,0,0,0,0,0,0,0,0,0,0,gratuito
6,35000.0,15,0.7333333333333333,4,1,1,0,0,0,0,0,0,1,0,0,0,alto
2,0.0,0,0.0,1,2,1,0,0,0,0,0,1,0,0,0,0,gratuito
1,10000.0,0,0.0,1,2,1,0,0,0,1,1,0,0,0,0,0,medio_baixo
3,10000.0,0,0.0,2,1,1,0,0,0,0,0,0,0,0,0,0,medio_alto
5,10000.0,35,0.9428571428571428,1,3,1,1,0,0,1,0,0,1,0,1,0,medio_baixo
4,75000.0,81,0.9259259259259259,1,1,1,0,1,0,0,0,0,0,1,0,0,medio_alto
5,10000.0,3,0.6666666666666666,1,1,1,0,0,0,0,1,0,0,0,0,0,alto
7,10000.0,12,0.6666666666666666,1,2,1,0,0,0,1,1,0,0,0,0,0,baixo
2,75000.0,523,0.5411089866156787,8,2,1,0,0,0,0,0,0,1,0,0,1,medio_alto
7,10000.0,67,0.9253731343283582,5,4,1,0,0,0,1,1,0,1,0,0,1,baixo
12,350000.0,3287,0.6595679951323395,14,1,1,1,0,0,0,0,0,0,1,0,0,medio_alto
3,10000.0,11,0.5454545454545454,1,7,1,0,0,0,1,1,1,1,1,1,0,alto
5,10000.0,93,0.6989247311827957,3,3,1,0,0,0,1,0,1,0,0,0,0,medio_alto
2,10000.0,14,0.5714285714285714,6,2,1,0,0,0,1,0,1,0,0,0,0,medio_baixo
6,35000.0,60,0.7166666666666667,1,10,1,0,0,0,1,1,1,1,1,1,1,gratuito
8,10000.0,3,1.0,1,2,1,0,0,0,1,0,1,0,0,0,0,medio_baixo
3,10000.0,2,1.0,1,2,1,0,0,0,1,0,0,0,1,0,0,medio_baixo
5,35000.0,2,0.5,1,3,1,1,1,0,1,1,1,0,0,0,0,alto
2,10000.0,1,0.0,3,3,1,0,0,0,1,0,0,0,1,1,0,alto
5,35000.0,63,0.6190476190476191,1,3,1,1,0,0,1,1,1,0,0,0,0,alto
2,10000.0,2,1.0,1,3,1,0,0,0,1,0,1,1,0,0,0,baixo
4,0.0,0,0.0,103,2,1,0,0,0,0,1,0,0,0,0,0,gratuito
2,10000.0,6,0.8333333333333334,2,1,1,0,0,0,0,0,0,0,0,1,0,alto
9,10000.0,32,0.8125,15,3,1,1,0,0,0,0,1,1,0,0,1,gratuito
8,10000.0,17,0.17647058823529413,2,2,1,0,0,0,1,0,0,1,0,0,0,medio_baixo
5,10000.0,131,0.916030534351145,2,2,1,0,0,0,1,1,0,0,0,0,0,medio_alto
5,10000.0,59,0.9830508474576272,11,2,1,0,0,0,1,1,0,0,0,0,0,medio_alto
5,10000.0,187,0.8770053475935828,3,2,1,0,0,1,1,0,0,0,1,0,0,alto
2,35000.0,15,0.8,1,1,1,0,0,0,0,0,1,0,0,0,0,medio_baixo
3,10000.0,6,0.8333333333333334,1,2,1,0,0,0,1,1,0,0,0,0,0,baixo
3,10000.0,47,0.9361702127659575,8,2,1,0,1,1,1,1,0,0,0,0,0,alto
1,10000.0,9,0.6666666666666666,2,1,1,0,0,0,0,0,0,0,0,1,0,medio_alto
4,10000.0,23,0.8260869565217391,1,2,1,1,0,0,1,1,0,0,0,0,0,medio_baixo
3,10000.0,22,0.9090909090909091,13,3,1,1,0,0,1,1,1,0,0,0,0,medio_baixo
1,10000.0,0,0.0,1,3,1,0,0,0,1,0,0,0,1,1,0,medio_alto
2,10000.0,1,1.0,1,3,1,0,0,0,1,1,1,0,0,0,0,medio_alto
5,10000.0,3,1.0,1,2,1,0,0,0,1,0,0,1,0,0,0,baixo
1,10000.0,2,0.5,1,1,1,0,0,0,0,1,0,0,0,0,0,medio_alto
10,150000.0,876,0.8584474885844748,9,2,1,0,0,0,1,1,0,0,0,0,0,alto
6,10000.0,9,0.8888888888888888,4,1,1,0,0,0,0,0,0,1,0,0,0,medio_alto
5,10000.0,0,0.0,1,3,1,0,0,1,1,0,1,1,0,0,0,medio_baixo
2,10000.0,3,1.0,2,3,1,0,0,0,1,1,1,0,0,0,0,medio_baixo
3,10000.0,12,0.9166666666666666,8,3,1,0,0,0,1,0,0,0,0,0,1,medio_baixo
5,10000.0,176,0.5681818181818182,2,2,1,0,0,0,1,0,1,0,0,0,0,medio_baixo
1,0.0,0,0.0,1,2,1,0,0,0,0,0,0,0,0,0,0,gratuito
2,10000.0,0,0.0,1,4,1,0,0,0,1,1,0,1,0,0,0,gratuito
7,10000.0,71,0.5352112676056338,3,2,1,0,0,0,0,1,0,0,0,0,0,baixo
6,10000.0,1,0.0,1,2,1,0,0,0,1,0,0,1,0,0,0,baixo
7,10000.0,187,0.9197860962566845,11,3,1,0,0,0,1,1,0,1,0,0,0,baixo
4,0.0,0,0.0,1,2,1,0,0,0,0,1,0,0,0,0,0,gratuito
3,10000.0,13,0.3076923076923077,1,2,1,1,1,0,1,1,0,0,0,0,0,medio_baixo
3,10000.0,10,0.8,1,2,1,0,0,0,0,1,0,0,0,0,0,alto
8,35000.0,4,0.25,1,1,1,0,0,0,0,0,0,1,0,0,0,medio_baixo
10,10000.0,79,0.8354430379746836,1,3,1,0,0,0,1,0,0,1,0,0,1,gratuito
1,10000.0,9,1.0,3,4,1,0,0,0,1,1,1,0,1,0,0,alto
12,35000.0,118,0.6949152542372882,1,2,1,1,1,1,0,0,1,1,0,0,0,alto
9,10000.0,6,1.0,1,4,1,0,0,0,1,1,0,0,0,0,0,medio_alto
6,35000.0,20,0.95,1,3,1,0,0,0,1,1,0,0,0,1,0,baixo
6,750000.0,19217,0.9381276994327938,8,3,1,0,0,1,1,1,0,0,0,0,1,alto
1,0.0,0,0.0,0,0,1,0,0,0,0,0,0,0,0,0,0,gratuito
4,35000.0,3,1.0,1,3,1,0,1,0,1,0,1,1,0,0,0,baixo
5,0.0,0,0.0,1,4,1,0,0,0,1,0,0,1,0,0,1,gratuito
5,10000.0,0,0.0,1,1,1,0,0,0,0,0,0,0,1,0,0,medio_baixo
7,10000.0,57,0.6666666666666666,1,6,1,0,0,0,1,1,0,1,0,0,1,gratuito
2,10000.0,15,0.8666666666666667,2,3,1,0,0,0,1,1,0,1,0,0,0,baixo
2,10000.0,2,0.0,1,7,1,0,0,0,1,0,1,1,1,0,1,baixo
4,35000.0,28,0.75,1,4,1,0,0,0,1,1,1,0,1,0,0,baixo
3,10000.0,12,0.9166666666666666,1,2,1,0,0,0,0,0,0,1,0,1,0,alto
4,10000.0,33,0.8181818181818182,2,2,1,0,0,0,1,0,0,1,0,0,0,alto
11,750000.0,14457,0.9342187175762606,13,5,1,0,0,3,1,0,0,0,0,1,1,alto
1,35000.0,2,1.0,2,1,1,0,0,0,0,1,0,0,0,0,0,medio_baixo
2,35000.0,3,0.0,1,4,1,0,0,0,1,1,1,0,1,0,0,baixo
2,10000.0,0,0.0,1,2,1,0,0,0,1,0,0,1,0,0,0,baixo
3,10000.0,6,0.16666666666666666,1,4,1,0,0,0,0,1,1,0,1,0,0,alto
4,10000.0,19,0.3684210526315789,1,1,1,0,0,0,0,1,0,0,0,0,0,baixo
5,350000.0,4943,0.9111875379324297,13,2,1,0,0,1,1,0,1,0,0,0,0,medio_baixo
6,10000.0,15,0.9333333333333333,6,3,1,0,0,0,1,1,1,0,0,0,0,medio_baixo
4,10000.0,13,1.0,1,1,1,0,0,0,0,0,0,0,0,0,0,baixo
9,35000.0,5,0.8,1,2,1,0,0,0,1,0,0,1,0,0,0,baixo
1,10000.0,0,0.0,5,4,1,0,0,0,1,0,0,1,1,0,1,alto
2,0.0,0,0.0,12,2,1,0,0,7,0,0,0,1,0,0,0,gratuito
7,350000.0,1548,0.787467700258398,1,5,1,0,0,0,1,1,0,0,0,0,1,gratuito
5,10000.0,2,0.0,0,1,1,0,0,0,0,0,0,0,1,0,0,gratuito
7,35000.0,221,0.7647058823529411,1,4,1,0,0,3,1,1,1,0,1,0,0,baixo
6,10000.0,21,0.8571428571428571,17,2,1,1,0,0,1,1,0,0,0,0,0,medio_baixo
1,0.0,0,0.0,0,0,1,0,0,0,0,0,0,0,0,0,0,gratuito
4,10000.0,6,0.6666666666666666,1,4,1,0,0,0,0,1,1,0,1,0,0,alto
5,1500000.0,45496,0.8784288728679445,14,2,1,0,0,0,0,1,0,0,1,0,0,alto
11,10000.0,8,0.5,1,1,1,1,1,0,1,0,0,0,0,0,0,alto
1,0.0,0,0.0,11,3,1,1,1,0,0,0,1,0,1,0,1,medio_alto
1,0.0,0,0.0,0,0,1,0,0,0,0,0,0,0,0,0,0,gratuito
9,10000.0,500,0.726,6,2,1,0,0,0,0,1,1,0,0,0,0,medio_alto
10,10000.0,70,0.24285714285714285,5,4,1,0,0,0,1,1,1,1,0,0,0,alto
8,3500000.0,98135,0.9549294339430376,9,5,1,0,0,1,1,1,0,0,1,1,1,alto
7,10000.0,2,0.0,2,4,1,1,0,0,1,1,0,1,1,0,0,medio_baixo
3,10000.0,39,0.7692307692307693,6,3,1,0,0,0,1,0,0,1,0,0,0,gratuito
1,0.0,0,0.0,0,0,1,0,0,0,0,0,0,0,0,0,0,gratuito
1,10000.0,0,0.0,1,4,1,0,0,0,1,1,0,0,0,1,1,medio_alto
2,10000.0,7,1.0,1,3,1,0,0,0,1,0,1,0,0,0,1,baixo
2,10000.0,2,1.0,1,2,1,0,0,0,1,0,0,1,0,0,0,baixo
7,10000.0,3,0.6666666666666666,1,4,1,0,0,0,1,1,0,1,0,1,0,medio_baixo
9,35000.0,409,0.8753056234718827,1,5,1,1,0,0,1,1,0,0,0,1,1,medio_alto
1,0.0,0,0.0,0,0,1,0,0,0,0,0,0,0,0,0,0,gratuito
8,75000.0,1476,0.6720867208672087,6,1,1,0,0,0,0,0,0,0,1,0,0,gratuito
8,10000.0,7,0.8571428571428571,1,2,1,0,0,0,0,0,1,1,0,0,0,medio_alto
1,10000.0,0,0.0,7,4,1,0,0,0,1,1,0,0,0,0,1,alto
8,10000.0,3,0.3333333333333333,1,4,1,0,0,0,1,1,0,0,0,0,1,baixo
5,10000.0,36,0.6388888888888888,1,2,1,0,0,0,1,0,1,0,0,0,0,baixo
1,0.0,0,0.0,1,3,1,1,0,1,1,1,0,0,0,0,0,gratuito
9,75000.0,227,0.6211453744493393,1,4,1,0,0,0,1,1,1,1,0,0,0,baixo
2,10000.0,0,0.0,1,3,1,0,0,0,1,0,0,1,0,1,0,medio_baixo
2,10000.0,11,1.0,2,1,1,0,0,0,0,0,1,0,0,0,0,medio_alto
2,10000.0,69,0.9420289855072463,3,1,1,0,0,0,0,0,1,0,0,0,0,alto
2,10000.0,53,0.5094339622641509,8,2,1,1,1,1,0,0,0,0,0,1,1,medio_alto
13,150000.0,427,0.8290398126463701,6,2,1,0,0,0,1,0,0,0,0,1,0,baixo
2,10000.0,77,0.7662337662337663,1,5,1,0,0,0,1,0,0,1,1,1,1,alto
3,0.0,0,0.0,1,4,1,0,0,0,1,0,0,1,0,0,1,gratuito
3,10000.0,0,0.0,16,1,1,0,0,1,1,0,0,0,0,0,0,baixo
8,10000.0,18,0.3888888888888889,2,3,1,0,0,0,1,0,1,0,0,0,0,baixo
10,35000.0,64,0.671875,6,3,1,0,0,0,1,1,1,0,0,0,0,medio_alto
1,10000.0,0,0.0,12,3,1,1,1,0,1,0,0,1,0,1,0,baixo
2,35000.0,6,1.0,1,3,1,0,1,0,1,1,0,1,0,0,0,medio_baixo
2,10000.0,6,0.8333333333333334,1,2,1,0,0,0,0,0,0,1,0,0,0,baixo
5,10000.0,1,1.0,1,3,1,0,0,0,1,1,0,1,0,0,0,baixo
2,10000.0,3,1.0,11,4,1,0,0,0,1,1,1,0,0,0,1,baixo
4,10000.0,82,0.8658536585365854,2,3,1,0,0,0,0,1,1,0,0,0,0,medio_alto
2,10000.0,2,0.0,1,4,1,0,0,0,1,1,1,1,0,0,0,alto
3,10000.0,2,0.5,2,2,1,0,0,0,1,0,1,0,0,0,0,baixo
7,10000.0,33,0.6363636363636364,1,4,1,0,0,0,1,1,1,1,0,0,0,baixo
5,10000.0,9,0.3333333333333333,1,3,1,0,0,1,1,1,0,0,0,0,0,medio_alto
1,10000.0,0,0.0,8,6,1,0,0,0,1,1,1,0,1,1,0,medio_alto
7,10000.0,32,0.53125,1,2,1,0,0,0,1,1,0,0,0,0,0,medio_baixo
4,35000.0,5,0.6,15,6,1,0,1,0,1,0,1,0,1,1,1,medio_baixo
8,10000.0,14,0.7142857142857143,1,3,1,0,0,0,1,1,0,0,0,1,0,medio_alto
1,10000.0,0,0.0,1,3,1,0,0,0,1,1,0,1,0,0,0,alto
6,10000.0,12,1.0,3,4,1,0,0,0,1,1,1,1,0,0,0,alto
2,10000.0,13,0.7692307692307693,7,3,1,0,0,0,0,1,1,1,0,0,0,baixo
1,10000.0,4,1.0,1,1,1,1,0,0,0,0,1,0,0,0,0,baixo
8,10000.0,14,0.6428571428571429,3,2,1,1,1,0,1,0,0,0,0,1,0,medio_baixo
9,150000.0,106,0.3867924528301887,2,3,1,0,0,0,1,1,1,0,0,0,0,baixo
12,150000.0,167,0.6107784431137725,6,2,1,0,0,0,0,0,0,1,0,1,0,baixo
14,350000.0,5614,0.6968293551834699,11,1,1,0,0,0,0,1,0,0,0,0,0,medio_alto
1,0.0,0,0.0,8,2,1,0,0,1,0,1,0,0,0,1,0,alto
2,10000.0,0,0.0,1,4,1,0,0,0,1,0,0,1,0,0,0,gratuito
5,10000.0,13,0.6923076923076923,2,2,1,0,0,0,1,0,1,0,0,0,0,medio_alto
9,10000.0,54,0.48148148148148145,1,4,1,0,0,0,1,1,0,0,0,1,0,medio_alto
1,0.0,0,0.0,1,4,1,1,1,0,1,0,1,0,0,1,0,gratuito
8,35000.0,152,0.7368421052631579,1,5,1,0,0,0,1,0,1,0,0,0,0,gratuito
4,10000.0,1,0.0,1,4,1,0,0,0,1,0,1,1,0,0,0,medio_alto
4,0.0,0,0.0,0,0,1,0,0,0,0,0,0,0,0,0,0,gratuito
6,10000.0,23,0.6956521739130435,1,2,1,1,1,1,0,1,1,0,0,0,0,medio_alto
5,10000.0,19,0.5263157894736842,2,5,1,0,0,0,1,1,0,0,1,0,1,medio_alto
3,10000.0,17,0.9411764705882353,3,3,1,0,0,0,1,0,1,1,0,0,0,medio_baixo
5,10000.0,0,0.0,12,3,1,0,0,1,1,1,1,0,0,0,0,medio_alto
3,10000.0,25,0.52,8,2,1,0,0,0,1,1,0,0,0,0,0,baixo
5,10000.0,58,0.9137931034482759,1,4,1,0,0,0,1,0,0,1,0,0,1,alto
2,0.0,0,0.0,1,3,1,0,0,1,1,0,0,1,0,0,0,gratuito
1,10000.0,0,0.0,1,6,1,0,0,0,1,1,1,1,1,0,0,medio_alto
2,35000.0,3,1.0,1,1,1,0,0,0,0,1,0,0,0,0,0,baixo
6,10000.0,3,0.6666666666666666,1,5,1,0,0,0,0,1,1,1,0,1,0,baixo
6,10000.0,256,0.77734375,1,3,1,1,0,0,0,0,0,0,0,1,1,alto
6,750000.0,9113,0.9085921211456162,9,4,1,0,0,0,1,0,0,0,0,1,1,alto
5,35000.0,21,0.7619047619047619,1,3,1,0,0,0,1,1,0,0,0,1,0,medio_alto
17,35000.0,77,0.7012987012987013,1,2,1,0,0,0,0,0,1,1,0,0,0,alto
11,10000.0,39,0.8717948717948718,1,4,1,0,0,0,1,1,0,1,0,0,0,baixo
9,10000.0,13,0.6153846153846154,7,1,1,0,0,0,0,0,0,1,0,0,0,medio_baixo
10,10000.0,45,0.8444444444444444,1,4,1,1,1,1,1,0,1,0,1,1,0,medio_alto
9,35000.0,125,0.536,2,1,1,0,0,0,0,1,0,0,0,0,0,medio_baixo
5,35000.0,16,0.9375,2,3,1,0,0,2,1,1,1,0,0,0,0,baixo
5,10000.0,2,0.5,1,1,1,0,0,0,0,1,0,0,0,0,0,medio_baixo
7,10000.0,33,0.7272727272727273,3,1,1,0,0,0,0,0,0,1,0,0,0,medio_alto
4,10000.0,45,0.8444444444444444,8,3,1,0,0,1,1,1,1,0,0,0,0,medio_baixo
8,35000.0,715,0.7440559440559441,5,3,1,0,0,0,1,1,0,0,0,0,0,medio_alto
4,10000.0,18,0.9444444444444444,1,4,1,1,1,0,1,0,1,1,1,0,0,medio_alto
6,10000.0,6,0.8333333333333334,1,4,1,0,0,0,1,1,0,1,0,0,0,gratuito
2,10000.0,5,0.6,10,8,1,0,0,0,1,1,1,1,1,1,1,medio_alto
5,35000.0,363,0.9118457300275482,2,1,1,0,0,0,0,0,1,0,0,0,0,medio_alto
10,10000.0,93,0.989247311827957,1,3,1,1,0,0,1,0,1,1,0,0,0,alto
4,10000.0,0,0.0,33,7,1,1,1,0,1,1,1,1,1,0,1,baixo
6,10000.0,2,0.0,1,3,1,0,0,0,1,0,0,1,1,0,0,alto
4,0.0,0,0.0,2,2,1,0,0,0,0,0,1,0,0,0,0,gratuito
5,0.0,0,0.0,14,7,1,1,1,0,1,1,1,1,1,0,1,gratuito
1,10000.0,0,0.0,3,3,1,0,0,0,1,0,0,1,0,0,1,medio_baixo
1,10000.0,0,0.0,2,2,1,0,0,0,0,1,0,1,0,0,0,medio_alto
2,10000.0,31,0.8387096774193549,7,3,1,0,0,0,1,1,1,0,0,0,0,medio_alto
2,10000.0,0,0.0,10,2,1,0,0,0,1,0,0,0,0,1,0,medio_alto
3,10000.0,60,0.8666666666666667,1,4,1,0,0,0,1,0,1,1,0,0,1,medio_alto
1,10000.0,0,0.0,2,1,1,0,0,0,0,0,0,1,0,0,0,alto
2,0.0,0,0.0,3,3,1,0,0,0,1,0,1,0,0,0,0,gratuito
8,750000.0,13509,0.9155377896217337,8,1,1,1,1,3,0,0,0,0,0,1,0,medio_baixo
9,35000.0,316,0.569620253164557,1,4,1,0,0,0,1,0,1,1,0,0,1,medio_baixo
2,0.0,0,0.0,7,5,1,0,0,2,0,1,0,0,0,1,1,gratuito
4,10000.0,0,0.0,1,2,1,0,1,0,1,0,0,1,0,0,0,medio_baixo
11,35000.0,154,0.7077922077922078,1,2,1,0,0,0,0,0,0,0,0,0,1,alto
7,10000.0,8,0.375,7,4,1,0,0,0,1,1,1,1,0,0,0,medio_alto
1,10000.0,0,0.0,2,2,1,1,1,1,1,0,1,0,0,0,0,alto
3,10000.0,0,0.0,30,4,1,0,0,0,1,0,1,1,0,0,1,baixo
4,0.0,0,0.0,0,0,1,0,0,0,0,0,0,0,0,0,0,gratuito
2,10000.0,0,0.0,2,2,1,0,0,1,0,0,1,0,0,0,1,medio_alto
17,10000.0,45,0.8888888888888888,1,1,1,0,0,0,0,0,0,0,0,1,0,alto
4,10000.0,20,1.0,10,3,1,1,0,0,0,0,1,1,0,1,0,alto
1,0.0,0,0.0,10,3,1,0,0,0,1,0,0,1,0,0,0,gratuito
1,10000.0,0,0.0,4,3,1,0,0,0,1,0,0,0,1,0,1,medio_alto
2,10000.0,31,0.8709677419354839,2,3,1,0,0,0,0,0,0,0,1,1,1,alto
5,10000.0,19,0.5263157894736842,1,3,1,0,0,0,1,1,1,0,0,0,0,baixo
6,35000.0,483,0.6790890269151139,1,6,1,0,0,0,1,1,1,0,0,0,1,alto
9,150000.0,1970,0.8761421319796955,1,2,1,1,1,0,1,0,0,0,0,0,0,gratuito
1,0.0,0,0.0,1,4,1,1,1,0,1,1,1,1,0,0,0,medio_alto
2,10000.0,0,0.0,1,4,1,0,0,0,0,0,0,0,1,1,1,gratuito
1,10000.0,0,0.0,4,4,1,0,0,0,1,0,1,1,1,0,0,alto
4,0.0,0,0.0,2,4,1,0,0,0,1,1,1,0,0,0,0,gratuito
1,10000.0,28,1.0,1,2,1,1,1,0,1,0,1,0,0,0,0,medio_alto
1,10000.0,0,0.0,2,1,1,0,0,0,0,0,1,0,0,0,0,medio_alto
8,10000.0,2,0.5,1,5,1,0,0,0,1,1,1,1,0,0,1,baixo
5,350000.0,3013,0.8957849319615002,16,2,1,0,0,1,1,0,0,0,0,1,0,medio_alto
5,10000.0,75,0.9866666666666667,8,4,1,1,0,1,1,1,1,1,0,0,0,medio_alto
9,350000.0,1829,0.8080918534718425,12,3,1,1,1,1,1,0,1,0,0,0,0,gratuito
3,10000.0,3,1.0,1,2,1,0,0,0,0,1,0,1,0,0,0,baixo
7,10000.0,271,0.8228782287822878,8,3,1,1,0,2,1,0,1,0,1,0,0,baixo
5,0.0,0,0.0,1,3,1,0,0,0,1,0,0,1,0,0,1,gratuito
2,10000.0,5,0.4,14,2,1,0,0,0,1,1,0,0,0,0,0,baixo
2,0.0,0,0.0,0,0,1,0,0,0,0,0,0,0,0,0,0,gratuito
7,35000.0,182,0.8956043956043956,8,2,1,0,1,0,1,0,0,1,0,0,0,medio_baixo
1,10000.0,0,0.0,1,5,1,0,0,0,1,0,0,1,1,0,1,medio_alto
5,10000.0,32,0.90625,3,5,1,0,0,1,1,0,0,1,0,1,0,gratuito
2,0.0,0,0.0,0,0,1,0,0,0,0,0,0,0,0,0,0,gratuito
8,10000.0,20,0.8,1,2,1,1,0,0,1,0,1,0,0,0,0,alto
2,10000.0,36,0.7777777777777778,1,3,1,0,0,0,1,1,1,0,0,0,0,medio_alto
2,0.0,0,0.0,12,4,1,1,1,0,0,0,0,1,1,1,0,gratuito
4,0.0,0,0.0,0,0,1,0,0,0,0,0,0,0,0,0,0,gratuito
2,10000.0,0,0.0,5,3,1,0,0,0,0,1,0,1,0,0,0,medio_baixo
1,0.0,0,0.0,0,0,1,0,0,0,0,0,0,0,0,0,0,gratuito
2,10000.0,44,0.7954545454545454,11,3,1,1,1,0,1,0,0,1,0,0,1,medio_baixo
1,0.0,0,0.0,27,2,1,0,0,1,0,0,0,1,0,0,0,gratuito
2,10000.0,386,0.8186528497409327,5,1,1,0,0,1,0,0,1,0,0,0,0,alto
1,0.0,0,0.0,5,4,1,0,0,0,1,0,0,1,0,1,0,gratuito
2,0.0,0,0.0,1,3,1,1,1,0,1,0,1,0,0,0,0,gratuito
6,10000.0,239,0.6485355648535565,8,2,1,1,1,0,1,0,0,0,1,0,0,medio_baixo
6,35000.0,89,0.8876404494382022,2,1,1,0,0,0,0,0,0,0,0,1,0,medio_alto
9,10000.0,151,0.543046357615894,2,2,1,0,0,0,1,0,1,0,0,0,0,baixo
2,10000.0,4,1.0,1,1,1,0,0,0,0,0,0,0,0,0,1,medio_alto
6,10000.0,0,0.0,1,3,1,0,0,0,0,0,1,1,0,0,1,medio_alto
11,35000.0,135,0.6222222222222222,2,4,1,1,1,0,1,0,1,0,1,1,0,baixo
9,10000.0,18,0.8333333333333334,1,2,1,0,0,0,0,0,0,1,0,0,0,gratuito
3,10000.0,0,0.0,1,2,1,0,0,0,0,0,1,1,0,0,0,medio_alto
4,10000.0,4,0.75,1,3,1,0,0,0,0,1,0,1,0,0,0,baixo
3,750000.0,6189,0.9394086282113427,12,3,1,0,0,2,0,1,1,0,1,0,0,alto
8,10000.0,9,0.8888888888888888,2,2,1,0,0,0,1,0,0,1,0,0,0,baixo
1,0.0,0,0.0,1,3,1,0,0,0,1,0,0,0,1,1,0,baixo
5,10000.0,6,0.8333333333333334,10,4,1,1,0,0,1,1,0,1,0,1,0,alto
5,35000.0,966,0.9461697722567288,10,3,1,1,1,0,1,0,1,0,1,0,0,medio_baixo
4,10000.0,0,0.0,1,2,1,0,0,0,1,0,0,1,0,0,0,baixo
10,350000.0,2435,0.9145790554414784,1,2,1,0,0,0,0,0,0,0,0,1,1,medio_alto
5,10000.0,16,0.5,1,1,1,0,0,0,0,0,0,0,0,0,0,gratuito
6,10000.0,47,0.9787234042553191,3,3,1,1,0,0,1,0,1,1,0,0,0,baixo
1,0.0,0,0.0,0,0,1,0,0,0,0,0,0,0,0,0,0,gratuito
7,10000.0,34,0.8823529411764706,2,2,1,0,0,0,1,0,0,0,0,0,1,medio_baixo
3,75000.0,13,0.9230769230769231,1,2,1,0,0,0,0,0,0,0,1,1,0,medio_baixo
4,10000.0,14,0.8571428571428571,1,3,1,0,0,0,1,0,0,1,0,0,0,baixo
6,350000.0,9394,0.8793911007025761,1,4,1,0,0,0,1,0,1,0,0,0,1,gratuito
1,10000.0,13,0.8461538461538461,13,3,1,0,0,0,1,1,1,0,0,0,0,medio_baixo
1,0.0,0,0.0,0,0,1,0,0,0,0,0,0,0,0,0,0,gratuito
5,10000.0,4,0.75,1,3,1,0,0,0,1,1,1,0,0,0,0,medio_baixo
3,10000.0,15,0.9333333333333333,1,1,1,0,0,0,0,0,1,0,0,0,0,alto
8,10000.0,34,0.7941176470588235,2,3,1,0,0,0,1,1,1,0,0,0,0,baixo
9,10000.0,7,0.8571428571428571,1,1,1,0,0,0,0,1,0,0,0,0,0,medio_alto
1,10000.0,6,1.0,1,3,1,0,0,0,1,0,0,1,0,0,1,medio_alto
3,0.0,0,0.0,0,0,1,0,0,0,0,0,0,0,0,0,0,gratuito
1,0.0,0,0.0,0,0,1,0,0,0,0,0,0,0,0,0,0,gratuito
4,10000.0,2,0.5,1,2,1,0,0,0,1,1,0,0,0,0,0,medio_alto
2,10000.0,95,0.7684210526315789,1,4,1,0,0,0,1,1,1,0,1,0,0,medio_baixo
17,35000.0,299,0.8862876254180602,5,1,1,0,0,0,0,1,0,0,0,0,0,medio_baixo
6,10000.0,8,1.0,1,1,1,0,0,0,0,0,0,1,0,0,0,medio_alto
7,10000.0,2,1.0,1,5,1,1,0,0,0,1,0,1,1,0,1,medio_baixo
4,10000.0,457,0.9715536105032823,1,1,1,0,0,0,0,1,0,0,0,0,0,baixo
5,10000.0,0,0.0,29,1,1,0,0,1,0,0,0,0,0,0,1,medio_alto
2,10000.0,492,0.9308943089430894,1,3,1,1,1,1,1,0,0,1,0,0,0,alto
1,0.0,0,0.0,103,2,1,0,0,0,1,0,0,1,0,0,0,baixo
2,0.0,0,0.0,0,0,1,0,0,0,0,0,0,0,0,0,0,gratuito
7,350000.0,5815,0.9324161650902838,14,4,1,0,0,0,1,1,1,0,0,0,0,medio_alto
2,10000.0,1,1.0,1,2,1,0,0,0,1,0,0,0,1,0,0,medio_alto
5,10000.0,73,0.9726027397260274,1,2,1,0,1,0,0,1,1,0,0,0,0,baixo
9,10000.0,282,0.8085106382978723,2,6,1,0,0,0,0,1,1,0,1,1,1,gratuito
6,10000.0,1,1.0,7,3,1,0,0,3,1,1,1,0,0,0,0,alto
7,35000.0,80,0.8,1,2,1,0,0,0,1,1,0,0,0,0,0,medio_baixo
1,0.0,0,0.0,2,2,1,0,1,0,0,0,0,0,0,1,0,alto
6,10000.0,65,0.8615384615384616,1,2,1,0,0,0,1,1,0,0,0,0,0,baixo
4,10000.0,0,0.0,1,1,1,0,0,0,0,0,1,0,0,0,0,alto
4,35000.0,3,1.0,1,3,1,0,0,2,1,0,0,1,1,0,0,baixo
11,75000.0,2027,0.7335964479526393,4,5,1,1,1,2,1,0,1,1,0,1,1,medio_alto
2,0.0,0,0.0,2,4,1,0,0,0,1,1,1,0,0,0,0,gratuito
12,350000.0,991,0.8869828456104945,5,3,1,0,0,0,0,1,1,0,1,0,0,medio_baixo
1,10000.0,200,0.825,29,7,1,0,0,0,1,1,1,1,1,1,1,medio_baixo
7,350000.0,1581,0.5154965211891208,10,4,1,0,0,0,1,1,0,1,0,0,0,medio_baixo
4,35000.0,1137,0.594547053649956,12,4,1,0,0,0,1,1,1,0,0,0,1,alto
2,10000.0,3,0.6666666666666666,9,3,1,0,0,1,1,1,0,1,0,0,0,medio_baixo
1,10000.0,0,0.0,3,2,1,1,0,0,0,0,1,1,0,0,0,medio_alto
2,10000.0,5,0.4,2,1,1,0,0,0,0,0,1,0,0,0,0,medio_baixo
5,0.0,0,0.0,1,4,1,0,0,0,1,1,1,0,0,0,0,gratuito
1,10000.0,5,1.0,2,3,1,0,0,0,1,1,0,1,0,0,0,baixo
2,10000.0,0,0.0,20,3,1,0,0,0,1,0,1,1,0,0,0,alto
6,10000.0,23,0.8260869565217391,1,1,1,0,0,0,1,0,0,0,0,0,0,medio_alto
1,0.0,0,0.0,0,0,1,0,0,0,0,0,0,0,0,0,0,gratuito
1,0.0,0,0.0,1,4,1,0,0,0,1,1,0,1,0,0,0,gratuito
1,0.0,0,0.0,1,3,1,0,1,0,1,0,0,1,0,1,0,medio_baixo
7,150000.0,1316,0.8928571428571429,3,2,1,1,0,5,1,0,0,0,0,1,0,medio_baixo
2,10000.0,0,0.0,1,3,1,0,0,0,1,1,1,0,0,0,0,alto
2,10000.0,1,1.0,1,2,1,1,0,0,0,1,0,0,0,0,0,medio_alto
10,10000.0,10,0.7,1,1,1,0,0,0,0,0,0,1,0,0,0,medio_alto
4,0.0,0,0.0,2,3,1,0,0,0,1,1,0,0,0,0,0,gratuito
11,10000.0,258,0.8333333333333334,1,2,1,1,0,0,1,1,0,0,0,0,0,medio_alto
7,10000.0,27,0.5185185185185185,1,3,1,0,0,0,1,1,1,0,0,0,0,medio_baixo
9,750000.0,7124,0.8360471645143178,13,5,1,1,1,9,1,0,1,0,1,1,0,medio_alto
1,10000.0,0,0.0,2,3,1,0,0,0,1,0,0,1,0,1,0,medio_baixo
10,75000.0,134,0.5597014925373134,1,4,1,0,0,0,1,1,1,1,0,0,0,baixo
6,10000.0,29,0.8275862068965517,11,4,1,0,0,1,1,1,1,1,0,0,0,medio_baixo
4,10000.0,1,0.0,1,3,1,0,0,0,1,1,1,0,0,0,0,medio_alto
4,10000.0,16,0.625,1,2,1,0,0,0,1,0,0,0,0,1,0,medio_baixo
7,75000.0,306,0.5947712418300654,8,4,1,0,0,2,1,1,0,0,1,1,0,baixo
6,10000.0,216,0.8981481481481481,2,1,1,1,1,2,1,0,0,0,0,0,0,medio_alto
5,10000.0,0,0.0,1,2,1,0,0,0,0,0,0,0,1,1,0,medio_alto
11,150000.0,1511,0.9384513567174056,1,3,1,1,0,1,1,1,0,0,0,0,0,baixo
4,10000.0,4,1.0,1,5,1,0,0,0,1,1,0,0,1,1,0,alto
5,10000.0,18,0.0,29,6,1,1,1,0,1,1,0,1,0,0,1,alto
5,10000.0,34,0.14705882352941177,1,4,1,0,0,0,1,1,1,0,0,0,1,baixo
5,10000.0,23,0.17391304347826086,1,4,1,0,0,0,1,1,1,0,1,0,0,baixo
2,10000.0,1,1.0,10,1,1,0,0,0,1,0,0,0,0,0,0,medio_alto
6,10000.0,5,0.6,1,1,1,0,0,0,0,1,0,0,0,0,0,baixo
4,75000.0,94,0.9468085106382979,2,3,1,1,1,0,1,0,1,1,0,0,0,medio_baixo
2,10000.0,1,1.0,2,1,1,0,0,0,0,0,0,1,0,0,0,alto
9,75000.0,320,0.6375,3,5,1,0,0,0,1,0,1,1,1,1,0,baixo
2,0.0,0,0.0,0,0,1,0,0,0,0,0,0,0,0,0,0,gratuito
3,35000.0,322,0.6956521739130435,6,0,1,0,0,1,0,0,0,0,0,0,0,medio_baixo
5,0.0,0,0.0,2,7,1,0,0,0,1,1,1,0,1,1,1,gratuito
2,10000.0,90,0.9444444444444444,2,2,1,0,0,0,1,0,0,0,0,1,0,medio_alto
15,1500000.0,17561,0.7770628096349866,9,1,1,0,0,2,0,1,0,0,0,0,0,medio_alto
5,10000.0,7,0.8571428571428571,7,2,1,0,0,0,1,0,1,0,0,0,0,baixo
1,0.0,0,0.0,21,2,1,0,0,0,1,0,0,1,0,0,0,baixo
4,10000.0,5,1.0,1,3,1,0,0,0,1,0,0,0,1,1,0,medio_baixo
1,10000.0,0,0.0,4,1,1,0,0,0,0,0,0,0,0,1,0,medio_alto
2,0.0,0,0.0,95,4,1,1,1,1,1,1,1,1,0,0,0,baixo
2,10000.0,7,0.8571428571428571,12,5,1,0,1,0,1,1,0,1,1,1,0,medio_alto
5,10000.0,0,0.0,1,2,1,0,0,0,0,1,0,1,0,0,0,medio_baixo
4,10000.0,4,1.0,1,3,1,0,0,0,1,1,0,1,0,0,0,gratuito
19,1500000.0,1591,0.9528598365807668,5,1,1,1,0,0,0,0,0,0,0,1,0,medio_alto
1,10000.0,0,0.0,4,3,1,1,0,0,1,0,1,1,0,0,0,alto
3,10000.0,10,1.0,1,2,1,0,0,0,0,0,1,0,0,1,0,medio_baixo
2,10000.0,0,0.0,1,7,1,0,0,0,1,1,1,1,1,0,1,baixo
1,35000.0,310,0.864516129032258,7,3,1,0,0,0,0,1,1,0,1,0,0,alto
4,10000.0,0,0.0,2,1,1,0,1,0,1,0,0,0,0,0,0,alto
5,10000.0,9,0.7777777777777778,10,3,1,0,0,0,0,1,0,1,0,0,0,alto
7,10000.0,6,0.6666666666666666,2,3,1,0,0,0,1,1,0,1,0,0,0,medio_baixo
5,10000.0,1,1.0,1,2,1,0,0,0,1,1,0,0,0,0,0,baixo
6,10000.0,0,0.0,7,4,1,1,1,0,1,1,1,0,0,0,1,medio_alto
5,75000.0,1,0.0,5,5,1,0,0,0,0,1,0,0,0,1,0,alto
7,35000.0,27,0.8518518518518519,3,1,1,0,0,1,0,0,0,1,0,0,0,alto
1,0.0,0,0.0,2,6,1,0,0,0,1,1,1,1,1,0,1,baixo
2,35000.0,374,0.9278074866310161,10,3,1,0,0,1,1,0,1,0,0,0,1,medio_alto
6,10000.0,29,0.9310344827586207,1,2,1,0,0,0,1,0,0,1,0,0,0,gratuito
9,10000.0,120,0.95,11,3,1,1,0,0,1,1,1,0,0,0,0,medio_baixo
1,10000.0,0,0.0,1,3,1,0,0,0,1,1,1,0,0,0,0,medio_baixo
5,10000.0,12,1.0,1,3,1,1,0,1,1,1,1,0,0,0,0,baixo
1,10000.0,0,0.0,1,4,1,0,0,0,1,0,1,0,1,0,1,alto
9,75000.0,310,0.6741935483870968,3,5,1,0,0,0,1,1,0,0,0,1,0,gratuito
5,10000.0,114,0.9649122807017544,1,4,1,0,0,0,1,0,1,1,0,1,0,baixo
1,0.0,0,0.0,1,4,1,0,0,0,1,0,1,1,0,0,1,medio_baixo
2,10000.0,3,1.0,1,1,1,0,0,0,1,0,0,0,0,0,0,medio_baixo
4,0.0,0,0.0,0,0,1,0,0,0,0,0,0,0,0,0,0,gratuito
7,10000.0,11,0.2727272727272727,1,3,1,1,1,0,1,0,1,0,1,0,0,medio_alto
3,35000.0,10,0.9,1,4,1,0,0,0,1,1,1,1,0,0,0,medio_alto
7,350000.0,1481,0.8683322079675895,1,1,1,0,0,0,0,0,1,0,0,0,0,gratuito
7,10000.0,88,0.8295454545454546,8,3,1,0,0,0,1,0,0,1,0,0,0,medio_alto
7,75000.0,220,0.8681818181818182,2,6,1,0,0,1,1,0,1,1,1,1,1,medio_baixo
4,10000.0,5,1.0,1,3,1,1,1,1,1,1,1,0,0,0,0,alto
1,10000.0,0,0.0,2,1,1,0,0,0,1,0,0,0,0,0,0,medio_baixo
9,10000.0,1,1.0,1,4,1,0,0,0,0,1,1,1,1,0,0,medio_baixo
15,1500000.0,10992,0.6901382823871907,5,1,1,1,0,2,0,1,0,0,0,0,0,medio_alto
1,0.0,0,0.0,0,0,1,0,0,0,0,0,0,0,0,0,0,gratuito
7,10000.0,20,0.75,2,1,1,0,0,0,0,0,0,0,0,0,1,alto
1,10000.0,0,0.0,1,3,1,0,0,0,1,0,0,1,0,1,0,alto
6,35000.0,124,0.9112903225806451,1,3,1,0,0,0,1,1,1,0,0,0,0,gratuito
6,10000.0,11,1.0,1,5,1,0,0,0,1,1,1,1,0,0,0,alto
4,10000.0,3,1.0,3,2,1,1,1,0,1,0,0,1,0,0,0,medio_baixo
2,35000.0,14,1.0,1,5,1,0,0,0,1,1,1,1,0,0,0,medio_alto
1,0.0,0,0.0,1,5,1,0,0,0,1,1,1,0,1,0,0,gratuito
11,35000.0,87,0.5632183908045977,1,3,1,1,1,0,1,1,0,0,1,0,0,medio_alto
1,10000.0,7,0.7142857142857143,6,3,1,0,0,0,1,0,1,0,0,0,0,alto
3,10000.0,4,0.75,1,1,1,0,0,0,0,0,0,0,0,0,1,medio_alto
1,0.0,0,0.0,0,0,1,0,0,0,0,0,0,0,0,0,0,gratuito
1,10000.0,43,0.813953488372093,13,2,1,0,0,0,1,0,0,0,0,1,0,medio_alto
5,10000.0,10,0.7,2,2,1,0,0,0,1,0,0,1,0,0,0,medio_baixo
9,35000000.0,730170,0.8384033855129628,21,5,1,1,0,18,1,1,1,0,1,0,0,alto
6,35000.0,50,0.98,9,2,1,0,0,2,1,0,1,0,0,0,0,alto
1,10000.0,2,1.0,1,1,1,0,0,0,0,1,0,0,0,0,0,alto
1,0.0,0,0.0,0,0,1,0,0,0,0,0,0,0,0,0,0,gratuito
2,10000.0,2,1.0,1,3,1,1,1,0,1,0,0,1,0,0,1,medio_baixo
5,10000.0,15,0.8,103,1,1,0,0,0,0,0,0,1,0,0,0,baixo
8,10000.0,2,0.5,2,1,1,0,0,0,1,0,0,0,0,0,0,alto
6,10000.0,27,0.5185185185185185,1,3,1,0,0,0,1,1,1,0,0,0,0,alto
1,0.0,0,0.0,0,0,1,0,0,0,0,0,0,0,0,0,0,gratuito
7,10000.0,0,0.0,1,4,1,0,0,1,1,0,1,1,1,0,0,baixo
10,75000.0,348,0.6206896551724138,1,3,1,1,1,0,1,0,0,1,0,1,0,baixo
11,35000.0,68,0.6470588235294118,5,2,1,1,1,0,1,0,1,0,0,0,0,medio_baixo
11,10000.0,19,0.47368421052631576,1,1,1,0,1,0,0,0,1,0,0,0,0,medio_alto
7,10000.0,10,0.9,4,2,1,0,0,0,1,0,0,1,0,0,0,gratuito
6,35000.0,14,0.7142857142857143,1,4,1,1,1,0,1,1,1,0,0,0,0,alto
8,10000.0,34,0.7647058823529411,4,2,1,1,0,0,0,0,0,1,0,1,0,medio_alto
4,0.0,0,0.0,5,2,1,0,0,0,0,1,0,0,0,0,0,gratuito
5,10000.0,1,1.0,1,4,1,0,0,0,1,0,1,0,1,0,0,alto
3,10000.0,130,0.7307692307692307,8,1,1,0,0,0,1,0,0,0,0,0,0,baixo
6,150000.0,2071,0.8599710284886528,11,2,1,0,0,0,0,0,1,1,0,0,0,gratuito
9,10000.0,117,0.358974358974359,1,3,1,0,0,0,1,1,1,0,0,0,0,baixo
4,35000.0,85,0.8117647058823529,10,3,1,0,1,0,0,1,1,0,1,0,0,baixo
8,35000.0,10,0.7,1,1,1,0,0,0,0,1,0,0,0,0,0,medio_baixo
4,75000.0,570,0.7929824561403509,3,3,1,0,1,2,1,1,1,0,0,0,0,medio_alto
7,10000.0,19,0.7368421052631579,6,2,1,0,0,0,1,1,0,0,0,0,0,medio_baixo
9,35000.0,51,0.6470588235294118,1,2,1,0,0,0,0,0,0,0,0,0,0,gratuito
6,350000.0,4819,0.8229923220585184,12,2,1,0,0,3,1,0,0,0,0,1,0,medio_baixo
6,10000.0,24,0.5833333333333334,103,2,1,0,0,0,0,1,1,0,0,0,0,baixo
6,10000.0,227,0.6696035242290749,6,3,1,1,1,0,1,0,0,0,1,1,0,medio_baixo
1,10000.0,0,0.0,1,2,1,0,0,0,0,1,0,1,0,0,0,medio_alto
2,10000.0,22,0.8636363636363636,3,3,1,0,0,0,1,0,0,0,1,1,0,medio_baixo
3,10000.0,19,0.631578947368421,1,5,1,1,1,0,1,1,1,1,1,0,0,medio_alto
7,35000.0,57,0.6140350877192983,7,3,1,0,0,0,1,0,0,0,0,1,1,medio_baixo
4,10000.0,0,0.0,1,4,1,0,0,0,1,0,1,0,1,0,1,medio_alto
4,10000.0,10,0.8,2,2,1,1,1,23,1,0,0,1,0,0,0,medio_baixo
1,10000.0,3,0.6666666666666666,2,2,1,0,0,0,1,0,0,1,0,0,0,baixo
3,0.0,0,0.0,0,0,1,0,0,0,0,0,0,0,0,0,0,gratuito
8,10000.0,6,0.8333333333333334,1,1,1,0,0,0,1,0,0,0,0,0,0,baixo
5,0.0,0,0.0,0,0,1,0,0,0,0,0,0,0,0,0,0,gratuito
9,10000.0,196,0.6989795918367347,1,5,1,0,0,0,1,1,1,1,0,0,1,gratuito
5,10000.0,6,0.5,1,2,1,0,0,0,1,0,0,1,0,0,0,baixo
2,0.0,0,0.0,0,0,1,0,0,0,0,0,0,0,0,0,0,gratuito
1,0.0,0,0.0,1,3,1,0,0,0,1,0,0,1,0,1,0,baixo
4,0.0,0,0.0,0,0,1,0,0,0,0,0,0,0,0,0,0,gratuito
7,10000.0,7,0.42857142857142855,2,2,1,0,0,0,1,0,0,0,0,0,1,baixo
10,10000.0,50,0.84,1,1,1,0,0,0,0,0,0,0,1,0,0,medio_baixo
7,35000.0,5,1.0,1,2,1,1,1,0,1,0,0,1,0,0,0,medio_baixo
8,150000.0,264,0.7651515151515151,4,2,1,1,0,1,1,0,1,0,0,0,0,gratuito
1,10000.0,3,0.0,1,3,1,0,0,0,1,1,1,0,0,0,0,alto
1,10000.0,0,0.0,1,5,1,0,0,0,1,0,1,1,1,0,0,alto
7,10000.0,35,0.7714285714285715,2,5,1,0,0,1,1,0,1,0,1,1,1,baixo
4,35000.0,182,0.5164835164835165,1,4,1,0,0,0,1,1,1,0,0,0,0,gratuito
1,10000.0,0,0.0,1,6,1,0,0,0,1,1,1,1,0,0,1,baixo
1,0.0,0,0.0,0,0,1,0,0,0,0,0,0,0,0,0,0,gratuito
4,0.0,0,0.0,1,4,1,0,0,0,0,0,0,1,0,1,1,gratuito
6,10000.0,6,0.6666666666666666,1,1,1,0,0,0,0,0,0,1,0,0,0,baixo
3,10000.0,1,1.0,7,2,1,0,0,0,1,1,0,0,0,0,0,medio_baixo
2,10000.0,11,1.0,3,5,1,0,0,0,1,0,1,1,0,1,0,medio_baixo
7,10000.0,20,0.55,1,2,1,0,0,0,1,0,0,1,0,0,0,baixo
2,10000.0,1,0.0,2,2,1,0,0,0,0,1,0,0,0,0,0,baixo
2,0.0,0,0.0,0,0,1,0,0,0,0,0,0,0,0,0,0,gratuito
5,10000.0,3,0.6666666666666666,3,3,1,0,0,0,1,0,1,1,0,0,0,medio_baixo
2,0.0,0,0.0,12,3,1,0,0,0,0,0,0,0,0,1,0,gratuito
8,10000.0,36,0.3888888888888889,1,2,1,0,0,0,1,0,0,1,0,0,0,baixo
2,10000.0,0,0.0,5,1,1,0,0,1,0,0,0,0,0,0,1,alto
4,10000.0,18,1.0,4,5,1,0,0,0,1,1,1,0,0,1,0,gratuito
1,10000.0,0,0.0,2,7,1,0,1,0,1,1,1,1,0,0,1,medio_alto
2,0.0,0,0.0,0,0,1,0,0,0,0,0,0,0,0,0,0,gratuito
1,0.0,0,0.0,0,0,1,0,0,0,0,0,0,0,0,0,0,gratuito
1,0.0,0,0.0,0,0,1,0,0,0,0,0,0,0,0,0,0,gratuito
9,150000.0,72,0.625,1,3,1,0,0,0,1,1,0,0,0,0,1,baixo
2,10000.0,49,0.8979591836734694,6,4,1,0,0,0,1,0,0,1,0,1,1,medio_baixo
1,10000.0,107,0.8878504672897196,1,5,1,0,0,0,1,0,1,1,0,0,1,baixo
1,10000.0,0,0.0,9,2,1,0,0,0,0,1,1,0,0,0,0,alto
6,10000.0,93,0.3655913978494624,1,3,1,0,1,1,1,1,1,0,0,0,0,medio_baixo
5,0.0,0,0.0,1,3,1,0,0,0,0,1,1,0,0,0,1,gratuito
7,35000.0,167,0.9520958083832335,9,3,1,1,1,1,1,0,0,1,0,0,0,alto
2,10000.0,0,0.0,2,1,1,0,0,0,1,0,0,0,0,0,0,medio_baixo
7,10000.0,15,1.0,1,2,1,0,0,0,1,0,0,1,0,0,0,baixo
6,10000.0,82,0.975609756097561,1,2,1,0,0,0,0,0,0,0,0,1,1,medio_baixo
10,35000.0,135,0.6888888888888889,2,1,1,0,0,0,0,0,1,0,0,0,0,alto
3,10000.0,26,0.6923076923076923,1,7,1,0,0,0,0,1,1,1,1,1,1,baixo
4,10000.0,2,0.0,1,2,1,0,0,0,1,0,1,0,0,0,0,medio_baixo
3,10000.0,43,0.9069767441860465,2,2,1,0,0,0,1,0,1,0,0,0,0,baixo
4,75000.0,705,0.8780141843971632,12,3,1,0,0,0,1,0,0,0,0,1,0,medio_alto
1,0.0,0,0.0,1,3,1,1,1,0,0,1,0,0,0,0,0,gratuito
3,10000.0,18,0.8333333333333334,2,2,1,0,0,0,1,0,1,0,0,0,0,medio_baixo
6,10000.0,649,0.9445300462249615,1,3,1,1,1,1,1,0,0,1,0,0,0,gratuito
1,10000.0,0,0.0,12,4,1,1,1,0,1,0,1,0,1,0,0,alto
2,10000.0,58,0.7068965517241379,6,2,1,0,0,0,0,1,1,0,0,0,0,medio_baixo
2,0.0,0,0.0,0,0,1,0,0,0,0,0,0,0,0,0,0,gratuito
1,0.0,0,0.0,2,3,1,0,0,0,1,1,0,0,0,0,0,medio_alto
6,10000.0,54,0.7037037037037037,5,3,1,1,1,0,1,0,0,1,0,0,1,medio_baixo
1,10000.0,0,0.0,1,3,1,0,0,0,0,0,0,0,0,0,0,alto
1,10000.0,0,0.0,6,3,1,0,0,0,1,1,0,1,0,0,0,medio_alto
8,10000.0,2,1.0,2,3,1,0,0,0,1,0,1,0,0,0,1,baixo
10,10000.0,79,0.7088607594936709,1,3,1,0,0,0,1,1,0,0,1,0,0,baixo
2,10000.0,3,1.0,1,3,1,0,0,0,0,1,1,1,0,0,0,baixo
1,0.0,0,0.0,1,2,1,0,0,0,0,1,0,0,0,0,0,alto
7,10000.0,9,0.6666666666666666,1,4,1,0,0,0,1,1,1,0,0,0,0,medio_alto
8,10000.0,0,0.0,1,3,1,0,0,0,0,0,1,1,0,1,0,baixo
15,75000.0,501,0.46706586826347307,1,3,1,1,0,0,1,0,1,1,0,0,0,medio_alto
4,150000.0,3059,0.9807126511932004,2,4,1,0,0,1,1,0,1,0,1,0,0,gratuito
2,0.0,0,0.0,2,3,1,0,0,0,0,1,0,0,0,0,0,gratuito
5,10000.0,3,0.6666666666666666,1,6,1,0,0,0,1,0,1,1,1,1,1,medio_baixo
5,10000.0,20,0.9,8,3,1,1,0,0,0,0,1,1,0,1,0,alto
2,10000.0,1,0.0,12,2,1,0,1,0,1,0,1,0,0,0,0,gratuito
6,750000.0,10783,0.9356394324399517,9,2,1,0,0,1,1,1,0,0,0,0,0,alto
18,1500000.0,3824,0.8577405857740585,9,1,1,0,0,0,0,1,0,0,0,0,0,medio_alto
8,10000.0,16,0.625,1,3,1,1,1,0,1,0,1,0,1,0,0,medio_alto
7,10000.0,36,0.6111111111111112,8,3,1,0,0,0,1,1,1,0,0,0,0,alto
3,750000.0,26283,0.8833846973328767,12,5,1,0,0,16,1,0,1,1,1,0,1,alto
8,10000.0,7,1.0,10,4,1,0,0,0,1,1,0,1,0,0,0,medio_alto
8,10000.0,15,0.6,1,1,1,1,1,0,1,0,0,0,0,0,0,medio_alto
4,10000.0,5,0.4,11,5,1,0,0,0,1,0,0,1,1,1,0,medio_alto
3,10000.0,9,0.1111111111111111,26,4,1,0,0,0,1,0,1,0,0,0,1,baixo
8,75000.0,408,0.6764705882352942,2,3,1,0,0,2,0,0,0,0,0,1,0,gratuito
1,35000.0,838,0.8902147971360382,4,2,1,0,0,0,1,1,0,0,0,0,0,alto
5,150000.0,172,0.9476744186046512,1,3,1,1,0,0,1,1,0,1,0,0,0,baixo
8,35000.0,243,0.9670781893004116,1,3,1,0,0,0,1,1,0,1,0,0,0,gratuito
12,1500000.0,1133,0.5666372462488968,1,6,1,0,0,1,1,1,1,1,0,1,1,gratuito
1,0.0,0,0.0,103,2,1,0,0,0,1,0,0,1,0,0,0,baixo
5,10000.0,5,1.0,3,3,1,0,0,0,0,1,1,1,0,0,0,alto
4,10000.0,40,0.75,4,4,1,0,0,0,1,1,1,1,0,0,0,medio_baixo
2,10000.0,29,1.0,19,3,1,0,0,0,1,1,1,0,0,0,0,medio_alto
2,0.0,0,0.0,1,3,1,0,0,0,0,1,1,0,0,0,0,gratuito
11,150000.0,270,0.9,1,1,1,0,0,1,1,0,0,0,0,0,0,baixo
5,35000.0,16,1.0,1,4,1,0,0,0,1,1,0,1,0,0,0,baixo
6,10000.0,373,0.8016085790884718,1,5,1,0,0,0,1,0,0,1,1,0,1,gratuito
1,10000.0,6,0.8333333333333334,9,3,1,0,0,0,1,0,0,0,0,1,1,medio_baixo
9,10000.0,259,0.9343629343629344,8,3,1,0,0,0,1,0,1,1,0,0,0,medio_alto
6,10000.0,0,0.0,1,2,1,0,0,0,1,0,0,1,0,0,0,medio_alto
2,10000.0,4,1.0,1,2,1,0,0,0,1,0,0,1,0,0,0,baixo
4,10000.0,4,0.25,1,2,1,0,0,0,0,0,0,1,0,0,1,baixo
9,75000.0,114,0.7192982456140351,27,2,1,0,0,0,1,0,1,0,0,0,0,baixo
7,10000.0,8,1.0,6,3,1,0,0,1,1,1,1,0,0,0,0,alto
6,35000.0,4,0.75,1,4,1,0,0,0,1,1,1,1,0,0,0,baixo
3,10000.0,0,0.0,1,3,1,0,0,2,1,1,0,0,0,0,0,gratuito
2,10000.0,9,1.0,1,1,1,0,0,0,0,0,0,0,1,0,0,medio_alto
2,10000.0,4,1.0,1,2,1,0,1,0,1,0,0,1,0,0,0,medio_baixo
3,10000.0,21,0.8571428571428571,9,2,1,1,0,0,1,0,1,0,0,0,0,medio_alto
2,150000.0,1,1.0,1,1,1,0,0,0,0,0,0,1,0,0,0,baixo
6,10000.0,0,0.0,1,4,1,0,0,0,1,1,1,1,0,0,0,medio_baixo
3,10000.0,15,0.9333333333333333,1,2,1,0,0,0,0,0,1,0,1,0,0,alto
7,10000.0,171,0.935672514619883,103,2,1,0,0,0,1,1,0,0,0,0,0,baixo
7,10000.0,537,0.9236499068901304,3,1,1,0,0,0,0,0,1,0,0,0,0,alto
8,10000.0,10,0.9,1,2,1,0,0,0,0,0,0,0,0,0,1,gratuito
7,10000.0,118,0.6949152542372882,1,4,1,1,1,0,1,0,0,0,0,1,1,alto
5,10000.0,9,0.6666666666666666,4,1,1,0,0,0,0,0,0,1,0,0,0,alto
2,0.0,0,0.0,1,2,1,0,0,0,1,0,0,0,0,0,0,gratuito
7,350000.0,5,0.8,1,3,1,0,0,0,1,0,1,0,1,0,0,medio_alto
2,10000.0,109,0.8073394495412844,8,2,1,0,0,0,0,0,0,0,0,1,1,medio_alto
13,75000.0,499,0.8577154308617234,1,3,1,0,0,0,0,1,0,1,0,1,0,alto
11,35000.0,4329,0.5987525987525988,4,6,1,1,1,0,1,1,1,0,1,0,0,gratuito
2,10000.0,0,0.0,1,3,1,0,0,0,1,1,1,0,0,0,0,medio_alto
9,75000.0,236,0.809322033898305,1,1,1,1,1,0,0,0,0,0,0,1,0,baixo
1,0.0,0,0.0,10,3,1,0,0,0,1,1,0,0,0,1,0,medio_alto
2,10000.0,1,0.0,2,4,1,0,0,0,1,0,1,0,1,0,0,alto
2,10000.0,6,0.8333333333333334,1,3,1,0,0,0,1,0,0,0,1,0,0,gratuito
5,10000.0,12,0.8333333333333334,1,2,1,0,0,0,0,0,0,1,0,0,1,medio_baixo
2,10000.0,0,0.0,1,1,1,0,0,0,0,1,0,0,0,0,0,medio_alto
4,35000.0,289,0.7612456747404844,5,2,1,0,0,0,0,0,0,1,0,1,0,medio_baixo
5,10000.0,0,0.0,1,3,1,0,0,0,1,0,0,0,1,0,1,medio_alto
4,10000.0,23,0.8695652173913043,1,5,1,0,0,0,0,1,0,1,0,0,1,alto
2,10000.0,78,0.7692307692307693,3,3,1,0,0,0,1,0,0,1,1,0,0,medio_alto
1,0.0,0,0.0,1,5,1,1,0,0,1,0,0,0,0,1,1,gratuito
1,10000.0,0,0.0,1,3,1,0,0,0,1,1,0,0,0,1,0,baixo
2,0.0,0,0.0,1,5,1,0,0,0,1,1,0,0,0,1,0,gratuito
2,0.0,0,0.0,103,2,1,0,0,0,1,0,0,1,0,0,0,baixo
2,0.0,0,0.0,1,2,1,0,0,0,0,1,0,0,0,0,0,gratuito
9,150000.0,1217,0.8874281018898932,1,2,1,0,0,0,0,1,0,0,0,1,0,baixo
2,10000.0,242,0.9917355371900827,8,2,1,0,0,2,1,0,1,0,0,0,0,alto
2,0.0,0,0.0,0,0,1,0,0,0,0,0,0,0,0,0,0,gratuito
3,10000.0,3,1.0,1,2,1,1,1,0,0,0,0,1,0,0,1,medio_baixo
5,0.0,0,0.0,0,0,1,0,0,0,0,0,0,0,0,0,0,gratuito
6,10000.0,94,0.8617021276595744,1,2,1,0,0,2,1,0,0,1,0,0,0,baixo
3,10000.0,0,0.0,1,4,1,0,0,0,1,0,0,0,0,1,1,medio_alto
3,10000.0,3,1.0,1,3,1,0,0,0,1,0,1,1,0,0,0,medio_baixo
3,0.0,0,0.0,1,3,1,0,0,0,0,0,1,0,0,0,1,gratuito
1,0.0,0,0.0,1,3,1,0,0,0,1,0,0,1,0,1,0,baixo
10,35000.0,286,0.916083916083916,1,4,1,1,0,2,1,1,1,1,0,0,0,medio_baixo
4,10000.0,0,0.0,1,1,1,0,0,0,0,1,0,0,0,0,0,medio_alto
7,10000.0,4,0.25,1,2,1,0,0,0,1,1,0,0,0,0,0,baixo
7,10000.0,227,0.7577092511013216,2,3,1,0,0,2,1,0,0,1,0,0,1,baixo
2,35000.0,457,0.8643326039387309,1,3,1,0,0,0,0,0,0,1,1,0,1,alto
6,35000.0,4,1.0,1,3,1,0,0,0,1,1,0,0,0,0,0,medio_alto
1,10000.0,0,0.0,1,3,1,0,0,0,0,0,1,1,0,0,0,medio_alto
4,0.0,0,0.0,6,3,1,0,0,0,1,0,0,1,0,0,0,gratuito
5,10000.0,5,1.0,1,3,1,1,1,0,1,0,0,1,0,1,0,medio_alto
2,10000.0,10,0.9,3,2,1,1,0,0,1,0,1,0,0,0,0,medio_alto
2,10000.0,0,0.0,1,2,1,0,0,0,0,0,0,0,1,0,1,baixo
1,10000.0,3,0.6666666666666666,1,3,1,0,0,0,1,0,0,1,0,1,0,baixo
8,750000.0,4218,0.7759601706970128,7,1,1,0,0,5,0,1,0,0,0,0,0,alto
3,35000.0,596,0.790268456375839,9,2,1,1,0,0,1,0,0,0,0,0,1,medio_alto
8,10000.0,9,0.6666666666666666,1,3,1,0,0,0,1,1,0,0,0,0,1,medio_alto
4,10000.0,2,1.0,1,4,1,0,0,1,1,1,1,1,0,0,0,medio_alto
5,10000.0,2,1.0,1,2,1,0,0,0,1,0,0,1,0,0,0,medio_baixo
7,350000.0,1875,0.9130666666666667,1,4,1,0,1,1,1,1,1,0,1,0,0,alto
2,0.0,0,0.0,0,0,1,0,0,0,0,0,0,0,0,0,0,gratuito
2,35000.0,355,0.9887323943661972,1,3,1,0,0,0,1,1,0,1,0,0,0,medio_baixo
1,0.0,0,0.0,0,0,1,0,0,0,0,0,0,0,0,0,0,gratuito
3,10000.0,16,0.875,13,1,1,0,0,1,1,0,0,0,0,0,0,medio_baixo
7,10000.0,0,0.0,1,1,1,0,0,0,0,0,0,0,0,0,0,alto
5,10000.0,29,0.8620689655172413,1,3,1,1,0,0,0,0,0,1,0,0,1,baixo
1,0.0,0,0.0,0,0,1,0,0,0,0,0,0,0,0,0,0,gratuito
5,10000.0,63,0.9523809523809523,1,2,1,0,1,0,1,1,0,0,0,0,0,medio_alto
1,0.0,0,0.0,0,0,1,0,0,0,0,0,0,0,0,0,0,gratuito
1,0.0,0,0.0,1,4,1,1,1,1,1,0,1,1,0,0,0,gratuito
8,35000.0,42,0.6190476190476191,2,3,1,0,0,0,1,0,0,1,0,0,0,baixo
14,1500000.0,11369,0.8649837276805348,6,1,1,0,0,0,0,1,0,0,0,0,0,medio_alto
2,10000.0,9,1.0,4,2,1,0,0,0,0,0,0,1,0,0,1,baixo
8,10000.0,71,0.971830985915493,1,1,1,0,0,0,0,0,0,0,0,0,0,alto
4,10000.0,29,1.0,4,2,1,1,0,1,1,1,0,0,0,0,0,medio_baixo
11,10000.0,19,0.7894736842105263,6,4,1,0,0,0,0,0,1,1,0,1,1,medio_baixo
3,35000.0,320,0.85625,4,4,1,1,1,0,1,1,0,1,0,0,1,medio_alto
8,10000.0,6,0.8333333333333334,1,2,1,0,1,0,1,0,0,1,0,0,0,baixo
6,10000.0,29,0.6551724137931034,4,2,1,1,0,0,1,0,0,0,0,1,0,baixo
8,75000.0,327,0.8715596330275229,1,3,1,0,0,0,1,1,0,0,0,0,0,medio_alto
1,10000.0,0,0.0,4,3,1,0,0,0,1,0,1,1,0,0,0,alto
8,10000.0,3,0.3333333333333333,1,2,1,0,0,0,1,0,0,1,0,0,0,baixo
5,350000.0,3454,0.7840185292414592,10,4,1,0,0,1,1,1,1,0,1,0,0,medio_baixo
3,10000.0,4,0.5,1,3,1,0,1,0,1,0,1,1,0,0,0,baixo
8,10000.0,8,0.875,1,2,1,0,0,0,0,0,1,1,0,0,0,medio_alto
7,10000.0,70,0.9285714285714286,8,3,1,1,0,0,1,1,0,1,0,0,0,gratuito
1,10000.0,0,0.0,2,6,1,0,0,0,1,0,1,1,1,1,1,alto
2,150000.0,2063,0.7726611730489579,8,1,1,0,0,7,0,0,0,0,1,0,0,alto
5,10000.0,37,0.32432432432432434,29,5,1,1,1,0,1,1,0,1,0,0,1,alto
5,75000.0,446,0.8295964125560538,3,3,1,0,0,0,1,0,0,1,0,0,1,medio_alto
1,0.0,0,0.0,0,0,1,0,0,0,0,0,0,0,0,0,0,gratuito
2,10000.0,0,0.0,1,4,1,0,0,0,1,0,0,1,0,0,1,gratuito
2,10000.0,28,0.9642857142857143,12,1,1,0,0,0,1,0,0,0,0,0,0,alto
7,10000.0,31,0.6129032258064516,5,4,1,0,0,0,1,1,1,0,0,0,0,gratuito
3,10000.0,5,0.8,1,2,1,1,0,0,1,1,0,0,0,0,0,baixo
1,10000.0,0,0.0,1,4,1,0,0,0,1,0,0,0,1,1,1,alto
1,0.0,0,0.0,1,5,1,0,0,0,1,1,1,1,0,0,0,gratuito
1,0.0,0,0.0,1,2,1,0,0,0,1,1,0,0,0,0,0,baixo
4,10000.0,9,0.4444444444444444,1,1,1,0,0,0,0,1,0,0,0,0,0,medio_baixo
4,75000.0,657,0.8964992389649924,11,3,1,0,0,1,1,1,1,0,0,0,0,medio_alto
4,10000.0,0,0.0,1,5,1,0,0,0,0,1,1,1,0,0,1,baixo
1,0.0,0,0.0,1,2,1,0,0,0,1,0,0,0,0,1,0,medio_baixo
2,10000.0,2,1.0,2,2,1,0,0,1,0,1,1,0,0,0,0,alto
2,0.0,0,0.0,9,4,1,0,0,0,1,0,0,1,0,1,0,gratuito
1,10000.0,13,1.0,4,3,1,0,0,0,1,0,0,1,1,0,0,medio_baixo
4,0.0,0,0.0,0,0,1,0,0,0,0,0,0,0,0,0,0,gratuito
2,350000.0,3537,0.8199038733389878,15,3,1,1,0,2,1,0,0,0,0,1,1,medio_alto
7,10000.0,7,0.42857142857142855,4,1,1,1,0,0,0,0,0,1,0,0,0,medio_alto
9,10000.0,22,0.7272727272727273,2,4,1,0,0,0,1,1,0,0,1,0,0,alto
4,0.0,0,0.0,1,4,1,0,0,0,1,0,1,1,0,0,0,gratuito
4,0.0,0,0.0,10,4,1,0,0,0,1,1,1,0,0,0,1,gratuito
3,10000.0,0,0.0,1,2,1,0,0,0,0,0,0,0,1,0,0,gratuito
1,10000.0,48,0.9583333333333334,5,4,1,1,1,0,1,1,1,1,0,0,0,baixo
2,10000.0,8,0.875,1,1,1,0,0,0,0,0,1,0,0,0,0,medio_alto
11,1500000.0,14998,0.9285238031737565,1,4,1,0,0,2,1,1,1,0,0,0,0,gratuito
4,10000.0,25,0.92,1,1,1,0,0,0,0,1,0,0,0,0,0,alto
11,150000.0,877,0.6909920182440137,1,3,1,1,1,1,1,1,0,0,0,1,0,baixo
5,10000.0,3,1.0,1,2,1,0,0,0,1,0,0,1,0,0,0,medio_alto
8,35000.0,459,0.8213507625272332,1,1,1,0,0,0,0,0,0,1,0,0,0,baixo
9,10000.0,3,0.6666666666666666,1,2,1,0,0,0,0,0,1,1,0,0,0,medio_alto
1,0.0,0,0.0,0,0,1,0,0,0,0,0,0,0,0,0,0,gratuito
6,10000.0,4,1.0,1,2,1,0,0,0,0,1,1,0,0,0,0,medio_alto
10,35000.0,34,0.8529411764705882,1,2,1,1,0,0,0,1,0,0,0,1,0,baixo
1,10000.0,0,0.0,1,2,1,1,1,0,1,1,0,0,0,0,0,medio_baixo
4,10000.0,12,0.16666666666666666,1,4,1,0,0,0,1,0,0,0,0,1,1,alto
1,10000.0,0,0.0,14,3,1,0,0,0,1,1,0,0,1,0,0,medio_alto
6,10000.0,139,0.539568345323741,7,2,1,0,0,0,1,0,1,0,0,0,0,medio_baixo
2,10000.0,14,0.7857142857142857,1,4,1,0,0,0,1,0,0,0,1,1,1,medio_alto
1,0.0,0,0.0,1,3,1,1,1,0,1,0,0,1,0,0,0,gratuito
8,10000.0,2,1.0,1,2,1,0,0,0,0,0,1,1,0,0,0,gratuito
2,0.0,0,0.0,0,0,1,0,0,0,0,0,0,0,0,0,0,gratuito
1,10000.0,0,0.0,13,2,1,0,0,0,0,0,0,0,1,0,0,alto
5,150000.0,1399,0.7619728377412437,13,3,1,0,0,5,1,1,1,0,0,0,0,alto
5,150000.0,631,0.9413629160063391,1,4,1,0,0,0,1,1,1,0,0,0,0,alto
4,10000.0,0,0.0,1,2,1,0,0,0,1,0,0,1,0,0,0,baixo
6,10000.0,1,1.0,1,3,1,0,0,0,0,1,0,0,0,1,0,medio_baixo
9,10000.0,11,0.8181818181818182,1,3,1,1,1,0,1,1,0,1,0,0,0,medio_baixo
6,35000.0,130,0.676923076923077,14,2,1,1,1,1,1,1,0,0,0,0,0,medio_baixo
3,10000.0,2,1.0,12,2,1,0,0,0,1,1,0,0,0,0,0,baixo
6,10000.0,9,0.6666666666666666,1,3,1,0,0,0,1,0,1,1,0,0,0,baixo
6,10000.0,2,0.5,1,5,1,0,0,0,1,1,1,1,0,1,0,baixo
2,10000.0,2,1.0,1,2,1,0,0,0,1,0,0,1,0,0,0,baixo
6,35000.0,91,0.7142857142857143,3,5,1,0,0,0,1,0,0,0,1,1,0,gratuito
6,10000.0,4,1.0,1,1,1,0,0,0,0,0,0,0,0,1,0,medio_baixo
13,350000.0,622,0.819935691318328,1,2,1,0,0,0,1,1,0,0,0,0,0,medio_baixo
13,10000.0,83,0.5783132530120482,1,3,1,0,0,0,1,0,0,1,0,1,0,baixo
1,10000.0,0,0.0,3,3,1,0,0,0,1,0,0,0,1,0,1,medio_alto
5,10000.0,0,0.0,1,4,1,0,0,0,1,0,0,1,0,0,1,baixo
5,10000.0,45,0.8444444444444444,2,3,1,0,0,0,1,0,0,0,0,1,0,gratuito
1,0.0,0,0.0,1,7,1,0,0,0,0,1,1,0,1,1,1,gratuito
1,10000.0,5,0.4,10,4,1,0,0,0,1,1,0,0,0,1,1,medio_alto
3,10000.0,159,0.779874213836478,4,3,1,1,1,0,1,0,1,0,0,1,0,medio_alto
7,150000.0,1336,0.46107784431137727,1,3,1,0,0,0,0,1,0,0,0,0,0,gratuito
6,1500000.0,32728,0.9048215595208995,8,3,1,0,0,0,1,1,1,0,0,0,0,medio_baixo
7,75000.0,937,0.7577374599786553,11,3,1,0,0,1,1,1,1,0,0,0,0,medio_alto
1,10000.0,1,0.0,1,1,1,0,0,0,0,0,0,0,0,0,1,alto
6,10000.0,11,0.6363636363636364,4,3,1,0,0,0,1,1,1,0,0,0,0,alto
7,350000.0,5488,0.9529883381924198,11,2,1,1,0,0,1,0,1,0,0,0,0,medio_baixo
4,10000.0,0,0.0,10,2,1,1,1,0,0,0,0,1,0,0,1,medio_alto
2,75000.0,729,0.7956104252400549,17,3,1,0,0,0,1,1,1,0,0,0,0,medio_alto
3,35000.0,40,0.75,9,2,1,0,0,0,1,0,0,0,0,1,0,medio_baixo
1,0.0,0,0.0,2,3,1,0,1,0,1,1,1,0,0,0,0,medio_alto
3,0.0,0,0.0,1,5,1,0,0,1,1,0,0,0,0,1,1,gratuito
1,35000.0,1,1.0,1,4,1,0,0,0,0,1,1,0,1,0,0,medio_alto
1,10000.0,10,1.0,1,3,1,0,0,0,1,1,0,1,0,0,0,medio_alto
9,10000.0,71,0.9577464788732394,1,3,1,1,1,0,1,0,1,1,0,0,0,alto
3,10000.0,15,0.9333333333333333,9,1,1,0,1,1,0,0,0,0,1,0,0,alto
5,35000.0,2,1.0,1,2,1,0,0,0,0,0,1,0,0,1,0,medio_baixo
8,10000.0,42,0.40476190476190477,1,3,1,0,0,0,1,1,0,1,0,0,0,alto
3,10000.0,0,0.0,1,3,1,0,0,0,1,0,0,1,0,0,0,baixo
3,10000.0,1,1.0,1,2,1,0,0,0,1,0,0,0,0,1,0,alto
8,35000.0,534,0.7528089887640449,2,2,1,1,1,0,1,0,0,1,0,0,0,baixo
5,10000.0,5,0.8,15,4,1,0,0,0,1,0,1,1,1,0,0,medio_alto
10,35000.0,126,0.4126984126984127,8,4,1,1,0,6,1,1,1,1,0,0,0,medio_baixo
11,10000.0,6,0.6666666666666666,1,1,1,0,0,0,0,0,0,0,0,0,0,alto
8,35000.0,135,0.4962962962962963,1,3,1,1,1,0,1,1,0,0,0,0,1,baixo
4,10000.0,18,0.7777777777777778,8,3,1,1,1,0,1,1,1,0,0,0,0,medio_baixo
2,10000.0,0,0.0,1,2,1,0,0,0,0,1,0,1,0,0,0,medio_baixo
5,150000.0,22,0.5909090909090909,1,1,1,0,0,0,0,1,0,0,0,0,0,medio_baixo
9,10000.0,4,1.0,2,3,1,0,0,0,0,1,1,0,0,0,1,medio_baixo
1,10000.0,121,0.71900826446281,9,2,1,0,0,0,0,0,0,0,0,1,1,alto
1,10000.0,0,0.0,1,2,1,0,0,0,0,0,0,1,1,0,0,alto
1,10000.0,0,0.0,2,2,1,0,0,0,1,0,1,0,0,0,0,baixo
10,10000.0,22,0.2727272727272727,9,2,1,0,0,0,1,1,0,0,0,0,0,baixo
1,10000.0,2,1.0,1,5,1,0,0,0,1,1,1,1,0,1,0,medio_alto
2,10000.0,56,0.6428571428571429,3,5,1,0,0,0,1,1,1,0,0,0,1,baixo
1,10000.0,0,0.0,2,3,1,0,0,0,1,0,0,1,0,0,1,baixo
4,10000.0,4,1.0,1,5,1,0,0,0,1,1,1,1,0,1,0,baixo
4,10000.0,175,0.9028571428571428,11,2,1,0,0,0,1,1,0,0,0,0,0,gratuito
9,10000.0,20,0.85,10,2,1,1,0,0,1,0,0,1,0,0,0,medio_alto
15,750000.0,7699,0.844914924016106,2,3,1,0,0,0,1,1,0,0,1,0,0,medio_alto
1,0.0,0,0.0,4,2,1,0,1,0,0,0,1,1,0,0,0,alto
7,35000.0,474,0.4704641350210971,12,3,1,0,0,10,0,1,1,0,1,0,0,alto
4,10000.0,0,0.0,1,5,1,0,1,0,1,0,0,1,0,1,1,baixo
11,10000.0,64,0.515625,1,4,1,0,0,0,1,1,0,1,0,0,1,baixo
4,10000.0,2,0.0,1,5,1,0,0,0,1,1,1,1,0,0,1,medio_alto
5,10000.0,55,0.8727272727272727,2,1,1,0,1,0,0,0,0,0,0,0,1,medio_baixo
1,10000.0,0,0.0,1,2,1,0,0,0,1,0,1,0,0,0,0,medio_baixo
6,10000.0,5,0.6,1,3,1,0,0,0,1,1,1,0,0,0,0,alto
2,10000.0,0,0.0,1,3,1,0,0,0,1,1,1,0,0,0,0,medio_alto
6,10000.0,3,0.6666666666666666,1,4,1,0,0,0,1,0,1,1,0,0,0,alto
5,150000.0,1682,0.9239001189060642,14,3,1,0,0,1,1,1,1,0,0,0,0,medio_alto
1,10000.0,70,1.0,13,4,1,1,0,1,1,1,1,1,0,0,0,baixo
1,10000.0,0,0.0,1,2,1,0,0,0,1,0,0,1,0,0,0,baixo
4,10000.0,5,0.8,4,3,1,0,0,0,0,0,0,1,0,1,0,alto
7,10000.0,162,0.5493827160493827,1,5,1,0,0,0,1,1,1,0,0,0,1,medio_baixo
10,10000.0,1,0.0,1,1,1,0,0,0,0,0,0,0,0,0,0,gratuito
2,10000.0,1,1.0,1,2,1,0,0,0,1,0,0,1,0,0,0,baixo
10,75000.0,217,0.5483870967741935,1,5,1,0,0,0,0,1,1,0,1,0,0,gratuito
4,0.0,0,0.0,1,3,1,1,0,0,1,0,1,0,0,0,0,gratuito
6,10000.0,11,0.36363636363636365,1,1,1,1,0,0,1,0,0,0,0,0,0,baixo
1,10000.0,3,1.0,13,3,1,0,0,0,1,0,1,1,0,0,0,medio_alto
2,10000.0,12,1.0,1,2,1,0,1,0,1,1,0,0,0,0,0,medio_alto
4,10000.0,3,0.3333333333333333,2,4,1,0,0,0,1,1,1,1,0,0,0,medio_baixo
3,10000.0,5,0.8,6,1,1,0,0,0,0,0,0,1,0,0,0,medio_baixo
10,350000.0,5425,0.9577880184331797,1,2,1,1,1,0,1,1,0,0,0,0,0,alto
7,10000.0,8,0.875,1,2,1,0,0,0,1,0,0,0,0,0,0,gratuito
2,0.0,0,0.0,1,4,1,1,1,0,1,0,0,1,1,0,0,gratuito
3,0.0,0,0.0,0,0,1,0,0,0,0,0,0,0,0,0,0,gratuito
3,10000.0,12,0.75,1,3,1,1,1,0,1,0,1,0,1,0,0,medio_alto
4,0.0,0,0.0,2,6,1,1,0,0,1,0,0,1,0,1,0,gratuito
3,10000.0,47,0.9574468085106383,1,1,1,0,0,1,0,0,0,1,0,0,0,medio_baixo
9,75000.0,251,0.6733067729083665,1,3,1,0,0,1,1,1,0,0,0,0,0,alto
4,10000.0,0,0.0,1,5,1,0,0,0,1,1,0,1,0,1,0,gratuito
4,10000.0,10,0.9,9,4,1,0,0,0,1,1,0,1,1,0,0,medio_baixo
11,10000.0,175,0.7771428571428571,1,2,1,1,1,4,1,0,1,0,0,0,0,medio_alto
10,10000.0,307,0.7980456026058632,5,2,1,1,1,0,1,0,1,0,0,0,0,medio_baixo
1,10000.0,0,0.0,1,3,1,0,0,0,1,1,0,0,0,0,0,gratuito
10,10000.0,15,0.6666666666666666,1,3,1,1,1,0,1,0,1,0,1,0,0,medio_alto
3,0.0,0,0.0,0,0,1,0,0,0,0,0,0,0,0,0,0,gratuito
2,10000.0,1,0.0,1,1,1,0,0,0,1,0,0,0,0,0,0,medio_alto
3,10000.0,7,0.5714285714285714,1,2,1,0,0,0,0,0,1,1,0,0,0,medio_baixo
2,10000.0,147,0.5238095238095238,11,2,1,0,0,0,0,1,1,0,0,0,0,alto
5,10000.0,0,0.0,1,2,1,0,0,1,1,0,0,0,1,0,0,medio_alto
8,35000.0,219,0.7853881278538812,11,3,1,1,1,0,1,0,0,1,0,0,0,medio_baixo
1,10000.0,0,0.0,2,4,1,0,0,0,0,0,0,0,1,0,1,gratuito
4,10000.0,89,0.8314606741573034,4,3,1,0,1,1,1,1,1,0,0,0,0,medio_baixo
5,0.0,0,0.0,0,0,1,0,0,0,0,0,0,0,0,0,0,gratuito
6,10000.0,4,0.75,4,5,1,1,0,0,1,1,1,1,0,0,0,baixo
2,0.0,0,0.0,1,5,1,0,0,0,1,1,0,1,0,1,0,gratuito
2,0.0,0,0.0,1,3,1,0,0,0,1,0,1,0,0,0,0,gratuito
9,10000.0,1,0.0,1,2,1,0,0,0,0,0,1,1,0,0,0,gratuito
2,0.0,0,0.0,0,0,1,0,0,0,0,0,0,0,0,0,0,gratuito
2,0.0,0,0.0,1,4,1,0,0,0,0,1,1,0,1,0,0,gratuito
4,10000.0,0,0.0,3,2,1,1,0,0,1,0,1,0,0,0,0,medio_baixo
1,0.0,0,0.0,1,4,1,0,0,0,1,0,1,1,0,0,0,medio_baixo
1,10000.0,0,0.0,1,3,1,0,0,0,1,1,0,1,0,0,0,medio_baixo
3,10000.0,2,1.0,1,2,1,0,0,0,1,1,0,0,0,0,0,baixo
5,10000.0,1,0.0,1,3,1,0,0,0,1,0,0,1,0,0,1,baixo
3,0.0,0,0.0,103,9,1,1,1,0,1,1,1,1,1,1,1,alto
2,10000.0,111,0.9819819819819819,6,4,1,0,0,1,1,1,0,1,1,0,0,medio_baixo
16,150000.0,232,0.8318965517241379,1,3,1,1,1,0,1,0,1,0,0,1,0,medio_alto
1,10000.0,0,0.0,1,1,1,0,0,0,0,0,1,0,0,0,0,medio_alto
4,0.0,0,0.0,1,4,1,0,0,0,1,1,0,1,0,0,0,gratuito
6,35000.0,58,0.9655172413793104,1,3,1,0,1,0,1,0,1,1,0,0,0,medio_baixo
1,0.0,0,0.0,1,3,1,0,0,0,1,0,0,1,0,0,1,medio_baixo
10,10000.0,38,0.8157894736842105,1,2,1,0,0,0,0,1,0,0,0,0,0,gratuito
3,10000.0,4,1.0,8,5,1,0,0,0,1,1,0,1,0,0,1,medio_alto
4,10000.0,3,0.6666666666666666,2,1,1,0,0,0,0,0,0,1,0,0,0,alto
2,10000.0,0,0.0,1,3,1,0,0,0,1,0,1,0,0,0,0,gratuito
1,0.0,0,0.0,0,0,1,0,0,0,0,0,0,0,0,0,0,gratuito
1,10000.0,0,0.0,15,2,1,0,0,1,1,0,0,1,0,0,0,baixo
2,150000.0,1809,0.6268656716417911,10,6,1,0,0,0,1,1,1,0,0,1,1,alto
1,10000.0,20,0.8,6,3,1,0,0,0,1,1,1,0,0,0,0,baixo
3,10000.0,27,0.9259259259259259,21,4,1,0,0,0,1,1,1,0,1,0,0,medio_alto
13,150000.0,1394,0.8938307030129125,2,2,1,1,1,1,1,0,1,0,0,0,0,baixo
4,10000.0,1,1.0,1,4,1,0,0,0,1,1,0,1,0,1,0,medio_baixo
3,10000.0,2,1.0,1,2,1,0,0,0,1,1,0,0,0,0,0,medio_alto
4,10000.0,58,0.8103448275862069,5,3,1,0,0,2,1,0,1,1,0,0,0,baixo
2,0.0,0,0.0,0,0,1,0,0,0,0,0,0,0,0,0,0,gratuito
6,10000.0,34,0.6764705882352942,2,4,1,0,0,3,1,0,1,0,1,0,0,gratuito
2,0.0,0,0.0,103,4,1,0,0,0,1,0,0,1,0,1,1,baixo
3,75000.0,800,0.59125,5,4,1,0,0,0,1,0,1,1,1,0,0,alto
19,350000.0,481,0.5758835758835759,1,3,1,1,0,0,1,1,1,0,0,0,0,medio_baixo
5,10000.0,1,1.0,3,3,1,0,0,1,1,1,1,0,0,0,0,baixo
5,10000.0,0,0.0,1,2,1,0,1,0,1,0,0,1,0,0,0,baixo
9,10000.0,3,0.3333333333333333,1,1,1,0,0,0,0,0,0,0,0,0,0,alto
4,0.0,0,0.0,1,7,1,0,0,0,0,1,1,0,1,1,1,gratuito
2,10000.0,224,0.7544642857142857,13,3,1,0,0,1,1,1,1,0,0,0,0,alto
3,10000.0,8,0.875,1,3,1,0,0,0,1,1,0,0,0,0,0,medio_alto
2,10000.0,5,1.0,3,1,1,0,0,0,0,1,0,0,0,0,0,alto
8,750000.0,29016,0.9681899641577061,14,2,1,1,0,1,1,0,1,0,0,0,0,alto
1,10000.0,32,0.46875,7,7,1,0,0,0,1,1,1,1,1,0,1,alto
1,10000.0,85,0.9411764705882353,6,2,1,0,0,0,0,0,0,1,0,0,0,medio_baixo
5,10000.0,137,0.48175182481751827,4,5,1,0,0,0,1,1,0,1,1,0,1,medio_baixo
1,0.0,0,0.0,1,4,1,0,0,0,1,1,1,0,0,0,0,gratuito
1,0.0,0,0.0,5,4,1,0,0,0,1,1,1,0,0,0,1,medio_alto
1,0.0,0,0.0,1,2,1,0,0,0,0,0,1,0,0,0,0,gratuito
1,0.0,0,0.0,28,3,1,0,0,0,1,1,1,0,0,0,0,medio_alto
5,10000.0,10,1.0,2,2,1,0,0,1,1,1,0,0,0,0,0,medio_baixo
7,10000.0,16,0.875,1,3,1,1,0,0,0,1,0,1,0,0,1,gratuito
3,10000.0,13,0.6923076923076923,1,4,1,0,0,0,1,0,1,1,0,0,1,baixo
7,10000.0,47,0.8723404255319149,1,2,1,1,1,0,1,1,0,0,0,0,0,alto
1,0.0,0,0.0,11,2,1,0,0,0,1,0,0,1,0,0,0,medio_baixo
1,10000.0,0,0.0,1,3,1,1,1,0,1,0,0,1,1,0,0,alto
16,1500000.0,28412,0.8657961424750106,4,1,1,0,0,0,0,0,0,0,1,0,0,medio_baixo
5,10000.0,60,0.8666666666666667,1,2,1,0,0,0,1,0,1,0,0,0,0,gratuito
3,0.0,0,0.0,1,2,1,1,0,0,0,0,0,1,0,0,0,gratuito
6,10000.0,19,0.5789473684210527,1,7,1,0,0,0,1,1,1,0,1,1,1,alto
6,10000.0,135,0.9407407407407408,1,6,1,0,0,0,1,0,0,1,0,1,1,alto
1,10000.0,0,0.0,1,2,1,1,0,0,0,1,1,0,0,0,0,baixo
8,35000.0,329,0.8996960486322189,1,4,1,1,0,4,1,0,1,1,1,0,0,alto
5,10000.0,5,0.8,1,3,1,0,0,0,1,1,1,0,0,0,0,baixo
7,10000.0,45,0.6666666666666666,1,4,1,0,0,0,1,0,1,1,0,0,1,medio_baixo
5,10000.0,7,0.8571428571428571,4,1,1,0,0,0,0,0,0,1,0,0,0,alto
1,0.0,0,0.0,1,3,1,0,1,2,1,1,0,0,0,0,0,gratuito
4,10000.0,4,0.25,1,3,1,0,0,0,1,0,0,1,0,0,0,gratuito
2,10000.0,4,1.0,2,3,1,0,0,0,0,0,0,0,1,1,1,alto
4,0.0,0,0.0,3,4,1,0,0,0,1,0,0,1,0,0,1,gratuito
3,10000.0,1,1.0,2,3,1,0,0,0,1,1,0,0,0,0,0,medio_alto
9,10000.0,5,1.0,1,2,1,0,0,0,0,0,1,1,0,0,0,medio_alto
5,75000.0,792,0.7840909090909091,3,7,1,0,0,0,1,1,1,1,1,1,1,medio_alto
10,10000.0,81,0.7777777777777778,1,4,1,1,1,1,1,1,1,0,1,0,0,alto
1,0.0,0,0.0,1,2,1,0,0,0,1,0,0,0,0,0,0,gratuito
11,75000.0,79,0.7974683544303798,7,2,1,0,0,0,0,0,0,1,0,1,0,medio_alto
8,10000.0,18,0.7777777777777778,1,2,1,0,0,0,1,0,0,0,0,0,0,medio_baixo
1,10000.0,22,1.0,5,5,1,0,0,0,1,1,1,0,0,1,1,medio_alto
5,35000.0,20,0.75,1,2,1,0,1,0,1,0,0,0,0,0,1,baixo
2,10000.0,7,0.8571428571428571,2,3,1,0,0,0,1,1,0,1,0,0,0,baixo
9,35000.0,86,0.7325581395348837,3,3,1,0,0,0,1,0,1,1,0,0,0,baixo
9,10000.0,32,0.625,1,2,1,0,1,0,1,1,0,0,0,0,0,baixo
1,10000.0,0,0.0,1,3,1,0,0,0,1,0,0,1,1,0,0,medio_alto
3,10000.0,35,0.9714285714285714,3,1,1,0,0,0,0,0,0,0,0,0,0,medio_baixo
1,10000.0,0,0.0,11,2,1,0,0,1,0,1,1,0,0,0,0,alto
3,10000.0,1,1.0,1,3,1,1,0,1,1,0,0,1,1,0,0,medio_baixo
1,10000.0,3,0.6666666666666666,4,5,1,1,1,0,1,0,0,1,0,1,1,medio_alto
2,0.0,0,0.0,0,0,1,0,0,0,0,0,0,0,0,0,0,gratuito
5,10000.0,31,0.7741935483870968,29,4,1,0,0,0,1,1,1,1,0,0,0,baixo
4,10000.0,40,0.9,1,2,1,0,0,0,0,0,0,1,1,0,0,alto
2,0.0,0,0.0,1,4,1,1,1,0,1,0,1,1,0,0,0,gratuito
1,0.0,0,0.0,1,1,1,0,0,0,0,1,0,0,0,0,0,medio_baixo
11,10000.0,6,1.0,1,2,1,0,0,0,1,0,0,0,0,0,0,medio_alto
3,10000.0,0,0.0,2,3,1,0,0,0,1,0,0,0,0,0,1,alto
3,35000.0,295,0.8745762711864407,5,3,1,1,0,1,1,1,1,0,0,0,0,alto
5,10000.0,15,1.0,1,3,1,0,0,0,1,1,0,1,0,0,0,alto
7,10000.0,6,0.16666666666666666,1,1,1,1,0,0,0,0,0,1,0,0,0,alto
4,0.0,0,0.0,2,2,1,0,0,0,0,1,0,0,0,0,0,gratuito
1,0.0,0,0.0,1,4,1,0,1,0,1,0,0,0,0,1,1,gratuito
2,10000.0,2,0.5,103,3,1,0,0,0,1,1,0,1,0,0,0,medio_baixo
1,10000.0,0,0.0,1,4,1,0,0,0,1,0,0,0,1,1,0,medio_alto
2,150000.0,887,0.9582863585118376,1,4,1,0,0,0,1,1,1,0,0,1,0,gratuito
6,350000.0,1443,0.8551628551628552,20,2,1,0,0,0,0,0,0,0,0,0,0,alto
8,10000.0,19,0.7894736842105263,1,5,1,0,0,0,1,1,1,1,1,0,0,gratuito
2,10000.0,0,0.0,1,4,1,0,0,0,1,1,1,0,0,0,0,medio_alto
4,35000.0,70,0.5857142857142857,21,3,1,0,0,0,1,1,0,0,0,0,0,medio_baixo
4,10000.0,4,0.75,1,2,1,0,0,0,1,0,0,1,0,0,0,medio_alto
10,10000.0,96,0.7708333333333334,1,2,1,1,1,1,1,0,0,0,1,0,0,medio_baixo
7,10000.0,64,0.71875,1,5,1,0,0,0,1,0,1,1,0,0,1,baixo
2,0.0,0,0.0,1,5,1,1,0,0,1,1,1,1,0,0,0,gratuito
2,10000.0,3,0.0,3,2,1,0,0,0,1,0,0,0,0,0,0,medio_baixo
7,10000.0,650,0.7876923076923077,13,3,1,0,0,1,1,0,1,1,0,0,0,medio_baixo
1,0.0,0,0.0,4,4,1,0,0,0,1,1,0,1,0,0,1,baixo
4,10000.0,2,0.5,1,2,1,0,0,0,1,0,1,0,0,0,0,alto
2,1500000.0,7602,0.8367534859247566,6,3,1,0,0,0,0,1,1,0,1,0,0,alto
6,10000.0,13,1.0,1,1,1,0,0,0,0,1,0,0,0,0,0,gratuito
3,10000.0,0,0.0,1,3,1,0,0,0,1,0,0,1,0,0,1,baixo
3,10000.0,7,0.8571428571428571,29,3,1,1,1,0,1,1,0,1,0,0,0,baixo
5,10000.0,7,0.7142857142857143,1,4,1,0,0,0,1,1,0,1,0,0,1,baixo
4,10000.0,11,0.9090909090909091,2,2,1,1,0,0,0,0,0,1,0,0,1,baixo
1,0.0,0,0.0,1,4,1,0,0,0,1,1,0,1,0,0,0,gratuito
1,10000.0,0,0.0,1,1,1,0,0,0,0,1,0,0,0,0,0,baixo
3,35000.0,198,0.8131313131313131,11,4,1,0,0,0,1,1,1,0,1,0,0,medio_alto
2,10000.0,52,1.0,2,3,1,0,0,0,1,0,0,1,0,1,0,medio_baixo
2,10000.0,24,1.0,2,3,1,0,0,0,1,0,1,0,0,0,1,medio_baixo
4,10000.0,10,1.0,1,3,1,0,0,0,1,0,0,1,0,0,1,medio_alto
5,35000.0,21,0.7619047619047619,2,6,1,0,0,0,1,1,1,1,0,0,1,baixo
1,0.0,0,0.0,1,2,1,0,0,0,0,0,0,1,0,0,1,baixo
5,10000.0,1,1.0,1,2,1,0,0,0,0,0,0,0,0,0,1,medio_baixo
2,0.0,0,0.0,1,3,1,1,0,0,1,0,1,0,0,0,0,gratuito
2,0.0,0,0.0,1,4,1,0,1,0,1,1,0,0,0,0,0,gratuito
9,10000.0,62,0.8387096774193549,26,2,1,0,0,0,1,0,0,1,0,0,0,baixo
1,0.0,0,0.0,2,5,1,0,0,0,1,0,1,0,1,1,0,gratuito
1,10000.0,1,0.0,1,2,1,0,0,0,0,0,0,0,0,0,1,alto
9,10000.0,23,0.8695652173913043,1,2,1,0,0,0,0,0,0,1,0,0,1,medio_baixo
1,0.0,0,0.0,1,3,1,0,0,0,0,1,0,0,0,1,0,gratuito
1,10000.0,0,0.0,8,5,1,0,0,0,1,0,1,1,0,1,0,medio_alto
3,10000.0,4,0.75,2,1,1,1,0,0,1,0,0,0,0,0,0,medio_alto
3,10000.0,10,1.0,1,3,1,0,0,0,0,1,0,1,0,0,0,alto
6,10000.0,11,0.5454545454545454,2,3,1,0,0,1,1,0,0,1,0,1,0,medio_baixo
6,75000.0,796,0.8015075376884422,4,2,1,0,0,1,0,0,1,0,0,0,1,medio_alto
7,10000.0,3,1.0,1,2,1,1,1,0,1,0,0,1,0,0,0,medio_alto
2,10000.0,17,0.9411764705882353,10,3,1,0,0,0,1,1,0,1,0,0,0,medio_baixo
8,10000.0,289,0.9134948096885813,7,2,1,1,0,0,1,0,1,0,0,0,0,baixo
2,10000.0,1,1.0,1,1,1,1,0,0,0,0,1,0,0,0,0,medio_alto
4,10000.0,14,0.2857142857142857,1,4,1,1,1,0,1,1,0,1,0,0,0,gratuito
11,350000.0,326,0.6656441717791411,1,1,1,0,0,11,0,0,0,0,0,0,1,gratuito
6,10000.0,10,1.0,2,3,1,0,0,0,1,0,0,1,0,1,0,alto
2,10000.0,16,1.0,3,1,1,1,1,0,0,0,0,1,0,0,0,medio_alto
2,35000.0,260,0.9730769230769231,16,2,1,1,1,6,0,0,0,1,0,0,0,gratuito
10,10000.0,13,0.7692307692307693,1,1,1,0,0,0,0,0,0,0,0,0,0,baixo
5,10000.0,0,0.0,1,3,1,0,0,0,1,0,0,1,0,1,0,baixo
2,10000.0,5,1.0,1,2,1,0,0,0,1,0,0,0,0,0,0,baixo
7,10000.0,35,0.4,1,5,1,0,0,0,1,1,1,0,1,0,1,alto
11,10000.0,46,0.41304347826086957,2,4,1,1,1,0,1,1,0,0,0,0,1,medio_alto
3,0.0,0,0.0,0,0,1,0,0,0,0,0,0,0,0,0,0,gratuito
1,10000.0,0,0.0,1,1,1,1,0,0,0,0,0,0,0,0,0,alto
5,10000.0,1,1.0,1,4,1,0,0,0,1,1,1,1,0,0,0,baixo
8,35000.0,189,0.8042328042328042,4,3,1,0,0,0,1,1,1,0,0,0,0,baixo
8,75000.0,596,0.7785234899328859,11,4,1,0,0,0,1,1,1,0,1,0,0,medio_alto
5,75000.0,317,0.9716088328075709,9,2,1,1,0,0,0,0,1,1,0,0,0,medio_alto
2,10000.0,0,0.0,1,3,1,1,1,1,1,1,1,0,0,0,0,alto
2,10000.0,0,0.0,1,1,1,0,0,0,0,0,0,1,0,0,0,medio_alto
3,10000.0,14,0.8571428571428571,1,2,1,0,0,0,1,1,0,0,0,0,0,baixo
2,10000.0,87,0.9885057471264368,2,1,1,0,0,0,0,1,0,0,0,0,0,medio_baixo
6,35000.0,364,0.6620879120879121,6,2,1,1,0,0,1,0,0,0,0,0,1,medio_baixo
4,10000.0,80,0.9875,3,3,1,0,0,0,1,0,0,1,0,1,0,baixo
4,10000.0,48,0.9375,2,7,1,0,0,0,1,0,1,1,1,1,1,baixo
6,10000.0,63,0.6190476190476191,8,0,1,0,0,1,0,0,0,0,0,0,0,baixo
5,75000.0,227,0.775330396475771,13,2,1,1,1,2,1,0,1,0,0,0,0,medio_baixo
3,10000.0,0,0.0,30,2,1,0,0,0,1,0,0,1,0,0,0,baixo
2,0.0,0,0.0,0,0,1,0,0,0,0,0,0,0,0,0,0,gratuito
5,10000.0,16,0.6875,2,2,1,0,0,0,0,1,0,0,0,0,1,baixo
5,0.0,0,0.0,0,0,1,0,0,0,0,0,0,0,0,0,0,gratuito
3,0.0,0,0.0,1,3,1,0,0,0,0,0,0,0,0,1,0,gratuito
1,10000.0,0,0.0,2,2,1,0,0,0,1,0,1,0,0,0,0,baixo
1,0.0,0,0.0,0,0,1,0,0,0,0,0,0,0,0,0,0,gratuito
8,10000.0,17,0.7058823529411765,1,2,1,1,0,0,0,0,0,0,0,0,0,gratuito
8,150000.0,967,0.9482936918304034,103,2,1,0,0,1,1,0,0,1,0,0,0,baixo
7,10000.0,10,0.9,7,3,1,0,0,0,1,0,0,1,0,1,0,medio_alto
2,0.0,0,0.0,1,3,1,0,0,0,0,1,1,0,0,0,0,gratuito
4,350000.0,4673,0.8219559169698266,10,3,1,1,1,6,0,0,0,0,1,1,1,alto
1,0.0,0,0.0,1,3,1,0,0,0,0,1,0,1,1,0,0,medio_baixo
5,35000.0,4,0.5,1,3,1,0,0,0,1,0,1,0,0,0,0,baixo
7,10000.0,88,0.8522727272727273,1,1,1,0,0,0,0,0,0,0,0,1,0,gratuito
8,75000.0,2022,0.9411473788328387,5,1,1,1,1,4,0,1,0,0,0,0,0,medio_alto
5,10000.0,4,0.75,1,5,1,0,0,0,1,1,1,1,1,0,0,medio_baixo
3,10000.0,6,0.6666666666666666,1,3,1,0,0,1,1,1,0,1,0,0,0,medio_baixo
2,10000.0,3,0.6666666666666666,12,1,1,0,0,0,0,0,0,0,0,0,1,medio_alto
2,10000.0,0,0.0,1,2,1,0,0,0,0,0,0,1,0,0,1,alto
1,10000.0,40,0.9,2,3,1,0,0,0,1,0,0,1,0,1,0,medio_baixo
1,0.0,0,0.0,0,0,1,0,0,0,0,0,0,0,0,0,0,gratuito
3,35000.0,40,0.5,1,2,1,0,0,0,1,1,0,0,0,0,0,alto
8,10000.0,19,0.7368421052631579,4,1,1,1,0,0,0,0,0,1,0,0,0,baixo
4,10000.0,2,0.0,1,3,1,0,0,0,0,1,0,1,0,0,0,alto
2,10000.0,182,0.8901098901098901,10,3,1,1,1,0,1,0,0,1,0,0,1,medio_alto
3,0.0,0,0.0,1,5,1,0,0,0,0,1,1,0,1,0,0,gratuito
9,10000.0,16,0.6875,1,2,1,0,0,0,0,0,0,1,0,0,1,medio_baixo
2,0.0,0,0.0,1,3,1,0,0,0,0,0,1,0,1,0,0,gratuito
10,10000.0,59,0.5084745762711864,4,3,1,0,0,0,1,0,0,1,0,1,0,baixo
1,10000.0,0,0.0,1,3,1,0,0,0,0,0,0,1,0,0,1,alto
5,75000.0,70,0.8428571428571429,1,2,1,0,0,0,1,1,0,0,0,0,0,medio_baixo
2,0.0,0,0.0,1,6,1,1,0,0,1,0,1,0,1,0,0,gratuito
13,150000.0,685,0.8379562043795621,4,2,1,1,1,0,1,1,0,0,0,0,0,medio_baixo
1,0.0,0,0.0,5,3,1,0,0,0,1,0,0,1,0,0,1,baixo
2,10000.0,0,0.0,1,2,1,0,0,0,1,1,0,0,0,0,0,medio_alto
5,10000.0,5,1.0,12,2,1,1,1,0,1,1,0,0,0,0,0,baixo
6,10000.0,11,0.5454545454545454,1,4,1,0,0,0,1,1,1,0,0,0,0,medio_baixo
11,75000.0,176,0.4034090909090909,12,1,1,1,0,0,0,0,0,0,0,0,1,medio_baixo
5,10000.0,0,0.0,1,1,1,0,0,0,0,0,1,0,0,0,0,alto
1,0.0,0,0.0,1,5,1,0,0,0,1,1,1,0,1,0,0,gratuito
3,10000.0,21,0.9047619047619048,1,2,1,0,0,0,0,1,1,0,0,0,0,baixo
10,10000.0,1,0.0,1,2,1,0,0,0,1,1,0,0,0,0,0,baixo
4,35000.0,3,0.6666666666666666,1,1,1,0,0,0,0,1,0,0,0,0,0,baixo
2,10000.0,41,1.0,1,4,1,0,0,2,1,1,1,1,0,0,0,medio_alto
6,10000.0,28,0.9285714285714286,1,2,1,0,0,1,1,1,0,0,0,0,0,alto
10,75000.0,291,0.6460481099656358,1,4,1,0,0,0,1,0,0,1,0,1,1,baixo
8,10000.0,90,0.6333333333333333,6,3,1,1,1,0,1,0,0,1,0,1,0,baixo
3,10000.0,11,0.8181818181818182,3,3,1,0,0,0,1,0,1,1,0,0,0,baixo
1,0.0,0,0.0,0,0,1,0,0,0,0,0,0,0,0,0,0,gratuito
5,35000.0,5,0.8,3,2,1,0,0,0,0,0,0,1,0,0,1,baixo
4,10000.0,86,0.5348837209302325,8,4,1,1,0,0,1,1,1,0,0,0,0,medio_baixo
2,10000.0,0,0.0,2,3,1,1,1,0,1,1,1,0,0,0,0,medio_baixo
10,75000.0,1122,0.8850267379679144,3,2,1,0,0,0,1,0,1,0,0,0,0,baixo
6,10000.0,0,0.0,1,3,1,0,0,0,0,1,1,1,0,0,0,alto
5,0.0,0,0.0,10,1,1,0,0,1,0,0,0,0,0,0,0,gratuito
8,10000.0,18,0.6111111111111112,1,4,1,1,0,0,1,0,0,0,1,1,1,alto
9,10000.0,6,1.0,1,2,1,0,0,0,0,0,0,1,0,0,0,baixo
5,35000.0,4,0.25,1,1,1,0,0,0,0,0,0,0,0,0,0,medio_alto
2,10000.0,36,0.7222222222222222,28,4,1,0,1,0,1,0,0,0,0,1,1,alto
2,0.0,0,0.0,1,3,1,0,0,0,0,1,1,0,0,0,0,gratuito
8,10000.0,173,0.791907514450867,7,2,1,0,0,0,1,1,0,0,0,0,0,medio_alto
1,0.0,0,0.0,1,2,1,0,0,0,0,0,0,1,0,0,0,gratuito
2,10000.0,19,0.8421052631578947,1,5,1,0,0,0,1,0,1,1,1,1,0,medio_baixo
1,0.0,0,0.0,1,4,1,0,0,0,1,0,0,1,0,0,1,gratuito
2,10000.0,43,0.5348837209302325,13,4,1,0,0,0,1,0,1,1,0,0,1,medio_baixo
9,75000.0,245,0.8448979591836735,5,3,1,0,0,2,0,0,0,1,0,1,0,gratuito
3,10000.0,66,0.9848484848484849,10,3,1,0,0,0,1,0,0,0,0,1,1,baixo
1,10000.0,0,0.0,1,2,1,1,0,0,1,0,0,0,0,0,1,baixo
8,75000.0,61,0.39344262295081966,1,4,1,1,1,0,0,0,0,0,1,1,0,gratuito
5,10000.0,1,0.0,1,3,1,0,0,0,1,1,0,1,0,0,0,medio_baixo
6,10000.0,0,0.0,1,3,1,0,0,0,1,0,0,1,1,0,0,baixo
4,10000.0,13,0.5384615384615384,5,2,1,1,0,0,0,1,1,0,0,0,0,medio_baixo
1,0.0,0,0.0,1,4,1,0,0,0,0,0,1,0,0,0,1,gratuito
8,10000.0,0,0.0,1,1,1,0,0,0,0,0,0,0,0,1,0,medio_alto
4,10000.0,0,0.0,2,1,1,0,0,0,1,0,0,0,0,0,0,gratuito
7,10000.0,7,0.5714285714285714,3,3,1,0,0,1,1,1,0,1,0,0,0,medio_baixo
2,10000.0,7,1.0,2,3,1,0,1,0,1,1,1,0,0,0,0,alto
7,10000.0,91,0.8241758241758241,1,5,1,0,0,0,1,1,0,0,0,1,0,gratuito
2,10000.0,16,0.5,2,2,1,0,0,0,0,0,0,1,0,0,0,gratuito
3,35000.0,2,1.0,1,2,1,0,0,0,1,0,1,0,0,0,0,medio_baixo
1,10000.0,144,0.9027777777777778,1,3,1,0,0,1,1,0,0,1,1,0,0,medio_alto
1,0.0,0,0.0,103,6,1,0,0,0,1,1,0,1,0,0,1,medio_baixo
1,0.0,0,0.0,0,0,1,0,0,0,0,0,0,0,0,0,0,gratuito
11,75000.0,75,0.5733333333333334,1,2,1,0,0,0,0,0,0,1,1,0,0,medio_alto
7,10000.0,17,0.8823529411764706,1,4,1,0,1,0,1,1,1,0,0,1,0,gratuito
2,0.0,0,0.0,1,4,1,0,0,1,1,0,0,1,0,0,1,gratuito
5,35000.0,57,0.8596491228070176,1,3,1,0,0,0,1,0,0,1,0,0,0,gratuito
7,10000.0,10,0.8,4,1,1,0,0,0,0,0,0,1,0,0,0,medio_alto
7,10000.0,26,0.7307692307692307,1,3,1,1,1,0,1,1,0,1,0,0,0,baixo
4,10000.0,0,0.0,2,1,1,0,0,0,0,0,1,0,0,0,0,baixo
10,10000.0,28,0.6785714285714286,1,1,1,1,0,0,0,0,1,0,0,0,0,medio_alto
1,10000.0,55,0.8909090909090909,3,3,1,0,1,0,1,0,0,1,0,1,0,medio_baixo
1,10000.0,0,0.0,1,1,1,0,0,0,1,0,0,0,0,0,0,alto
3,10000.0,0,0.0,2,3,1,1,1,0,1,0,1,1,0,0,0,medio_alto
2,10000.0,1,0.0,2,2,1,0,0,0,1,0,1,0,0,0,0,alto
1,0.0,0,0.0,1,2,1,0,0,0,0,0,1,0,0,0,0,gratuito
3,10000.0,4,0.75,1,1,1,0,0,0,0,1,0,0,0,0,0,baixo
10,750000.0,6012,0.935129740518962,6,2,1,1,1,4,0,0,0,0,1,1,0,baixo
1,0.0,0,0.0,0,0,1,0,0,0,0,0,0,0,0,0,0,gratuito
2,10000.0,0,0.0,1,3,1,0,0,0,1,0,1,0,0,0,0,gratuito
5,35000.0,140,0.6714285714285714,1,5,1,0,0,2,1,1,1,1,0,0,1,medio_alto
3,10000.0,0,0.0,1,4,1,0,0,0,1,0,1,0,0,1,0,medio_alto
5,750000.0,15641,0.6733584809155425,3,3,1,0,0,0,0,1,0,0,0,0,0,gratuito
1,35000.0,1036,0.999034749034749,1,5,1,1,1,1,1,0,0,1,1,1,1,medio_alto
1,0.0,0,0.0,1,5,1,0,1,0,1,1,0,0,0,0,0,alto
3,10000.0,1,1.0,1,3,1,0,1,1,1,1,1,0,0,0,0,alto
6,75000.0,312,0.7051282051282052,9,2,1,0,0,1,1,0,1,0,0,0,0,medio_baixo
4,10000.0,3,1.0,1,3,1,0,0,0,1,1,1,0,0,0,0,baixo
7,35000.0,2,0.0,1,2,1,0,0,0,1,0,0,1,0,0,0,medio_baixo
9,10000.0,16,0.625,1,2,1,0,0,0,0,0,0,0,0,0,0,medio_alto
5,75000.0,1020,0.8803921568627451,18,3,1,0,0,0,1,0,1,1,0,0,0,medio_alto
6,10000.0,25,1.0,2,1,1,0,1,0,1,0,0,0,0,0,0,medio_baixo
1,10000.0,15,0.6666666666666666,2,3,1,0,0,0,1,0,1,0,0,0,1,medio_alto
5,10000.0,47,0.9148936170212766,29,4,1,0,0,0,1,1,1,1,0,0,0,baixo
2,10000.0,6,0.8333333333333334,8,3,1,0,0,0,1,1,0,0,0,0,0,baixo
5,10000.0,0,0.0,1,1,1,0,0,1,0,0,0,1,0,0,0,baixo
1,10000.0,13,0.46153846153846156,1,3,1,1,1,0,1,0,1,0,1,0,0,baixo
2,10000.0,14,1.0,1,3,1,0,0,0,1,0,1,1,0,0,0,alto
1,10000.0,0,0.0,5,3,1,0,0,0,1,1,0,1,0,0,0,alto
1,10000.0,1,0.0,9,1,1,0,0,0,0,1,0,0,0,0,0,medio_alto
2,10000.0,11,0.18181818181818182,1,3,1,0,0,0,1,1,0,0,0,0,0,medio_alto
2,10000.0,4,1.0,1,3,1,0,0,0,1,1,1,0,0,0,0,baixo
4,0.0,0,0.0,1,4,1,0,0,1,1,0,0,1,0,0,1,gratuito
4,10000.0,7,0.8571428571428571,1,3,1,0,0,0,1,1,0,1,0,0,0,medio_alto
1,10000.0,0,0.0,7,2,1,0,0,1,1,1,0,0,0,0,0,medio_baixo
3,35000.0,492,0.676829268292683,23,4,1,1,1,0,1,0,0,0,0,1,1,alto
8,10000.0,96,0.5833333333333334,8,2,1,0,0,0,1,0,1,0,0,0,0,alto
3,10000.0,0,0.0,1,6,1,0,0,0,1,1,1,1,1,1,0,medio_baixo
1,10000.0,0,0.0,1,2,1,0,0,0,1,0,0,0,0,0,1,alto
3,75000.0,835,0.6850299401197605,11,2,1,0,0,2,0,0,0,0,0,1,1,alto
1,10000.0,5,0.8,7,3,1,0,0,0,1,0,0,0,0,1,1,medio_baixo
9,10000.0,11,0.45454545454545453,8,5,1,1,0,0,1,0,1,1,1,1,0,baixo
4,10000.0,14,0.9285714285714286,2,2,1,1,1,0,1,1,0,0,0,0,0,baixo
1,10000.0,0,0.0,2,3,1,0,0,1,0,0,1,0,1,0,1,baixo
4,10000.0,44,0.75,1,3,1,0,0,1,1,0,0,0,0,0,1,alto
2,10000.0,56,0.5892857142857143,1,4,1,0,0,0,1,0,0,0,1,0,1,baixo
10,35000.0,690,0.9231884057971015,5,3,1,0,0,0,1,1,1,0,0,0,0,alto
8,10000.0,54,0.9259259259259259,1,3,1,1,1,5,1,0,0,1,0,0,0,gratuito
4,10000.0,15,1.0,2,4,1,0,0,0,1,1,1,1,0,0,0,baixo
3,10000.0,3,1.0,1,3,1,0,0,0,1,1,0,1,0,0,0,alto
4,35000.0,13,0.7692307692307693,1,3,1,0,0,0,1,1,0,0,0,0,1,medio_alto
3,0.0,0,0.0,0,0,1,0,0,0,0,0,0,0,0,0,0,gratuito
6,10000.0,9,0.7777777777777778,3,4,1,1,0,0,1,0,0,1,0,0,1,medio_baixo
5,35000.0,251,0.7768924302788844,12,3,1,0,0,3,1,0,1,1,0,0,0,baixo
1,35000.0,1,1.0,1,3,1,0,0,0,1,0,0,1,0,0,1,baixo
1,0.0,0,0.0,7,4,1,0,0,0,0,0,0,0,0,1,1,alto
6,10000.0,215,0.9627906976744186,13,2,1,0,0,0,1,0,0,1,0,0,0,medio_baixo
11,10000.0,24,0.9166666666666666,2,2,1,0,0,0,1,1,0,0,0,0,0,medio_alto
5,10000.0,9,0.8888888888888888,7,2,1,1,0,0,0,0,1,1,0,0,0,medio_alto
3,10000.0,5,0.8,7,3,1,0,0,0,1,1,1,0,0,0,0,baixo
8,75000.0,1077,0.9368616527390901,1,3,1,0,0,0,1,0,0,0,1,0,0,alto
8,10000.0,9,0.2222222222222222,1,3,1,0,0,0,0,1,0,0,0,0,1,alto
1,0.0,0,0.0,103,4,1,0,0,0,1,1,1,1,0,0,0,baixo
8,150000.0,272,0.8235294117647058,3,3,1,0,0,0,1,1,0,1,0,0,0,baixo
1,10000.0,0,0.0,1,2,1,0,0,0,1,0,1,0,0,0,0,medio_alto
8,10000.0,13,0.9230769230769231,1,2,1,0,1,0,1,0,0,1,0,0,0,medio_alto
4,10000.0,19,0.9473684210526315,1,2,1,0,0,0,1,0,0,1,0,0,0,medio_alto
3,10000.0,2,0.5,2,4,1,0,0,0,1,1,0,1,1,0,0,baixo
1,10000.0,0,0.0,2,5,1,0,0,0,1,1,1,1,0,1,0,baixo
2,10000.0,4,1.0,1,3,1,1,1,0,1,0,0,1,0,1,0,baixo
1,10000.0,218,0.963302752293578,3,3,1,0,0,0,1,0,1,0,1,0,0,medio_alto
5,35000.0,16,1.0,2,1,1,0,0,0,0,0,0,0,0,1,0,medio_baixo
1,10000.0,0,0.0,9,3,1,0,0,0,1,1,1,0,0,0,0,medio_alto
3,10000.0,3,0.3333333333333333,1,3,1,0,0,0,1,0,1,0,1,0,0,baixo
8,10000.0,48,0.9583333333333334,2,3,1,0,0,0,1,0,1,0,1,0,0,medio_alto
2,10000.0,1,1.0,103,2,1,1,0,0,1,0,0,1,0,0,0,medio_baixo
2,1500000.0,111087,0.9801596946537399,31,4,1,0,0,1,1,0,1,0,1,0,1,alto
7,35000.0,294,0.5408163265306123,2,2,1,0,0,0,1,0,1,0,0,0,0,baixo
10,10000.0,39,0.7435897435897436,1,2,1,0,0,0,1,0,0,0,0,0,0,gratuito
1,10000.0,0,0.0,1,3,1,0,0,0,1,0,1,0,1,0,0,medio_baixo
9,75000.0,579,0.8842832469775475,1,4,1,0,0,0,1,1,0,1,0,0,1,gratuito
6,35000.0,531,0.8493408662900188,1,4,1,0,0,0,1,1,0,1,0,0,0,alto
6,10000.0,2,0.5,1,4,1,1,1,0,1,0,1,0,0,0,1,alto
8,10000.0,21,0.5714285714285714,1,2,1,0,0,0,0,0,0,1,0,0,1,baixo
4,10000.0,23,1.0,6,2,1,0,0,0,1,0,0,1,0,0,0,baixo
10,75000.0,2081,0.9029312830370014,1,5,1,1,1,0,1,0,1,1,0,0,0,baixo
1,10000.0,0,0.0,11,4,1,0,0,0,1,0,1,0,0,0,1,medio_baixo
1,75000.0,10,1.0,2,3,1,0,0,2,1,0,1,1,0,0,0,medio_baixo
7,10000.0,2,0.5,1,2,1,0,0,0,0,1,0,0,0,0,0,medio_alto
3,75000.0,2,0.0,1,3,1,0,0,0,1,1,0,0,0,0,1,alto
1,10000.0,2,1.0,1,1,1,1,1,0,0,0,0,1,0,0,0,medio_baixo
5,35000.0,169,0.7751479289940828,2,2,1,0,0,1,0,0,0,0,1,1,0,alto
2,35000.0,745,0.8563758389261745,3,1,1,0,0,1,0,0,0,0,1,0,0,alto
1,10000.0,0,0.0,11,4,1,0,0,0,1,0,0,1,0,1,0,alto
2,0.0,0,0.0,0,0,1,0,0,0,0,0,0,0,0,0,0,gratuito
4,0.0,0,0.0,0,0,1,0,0,0,0,0,0,0,0,0,0,gratuito
4,10000.0,45,0.4222222222222222,24,3,1,0,0,0,1,0,1,0,0,0,1,baixo
4,35000.0,1,1.0,1,1,1,0,0,0,1,0,0,0,0,0,0,medio_baixo
3,10000.0,5,1.0,1,3,1,0,0,0,1,1,0,0,0,0,0,medio_alto
1,0.0,0,0.0,0,0,1,0,0,0,0,0,0,0,0,0,0,gratuito
5,0.0,0,0.0,2,6,1,0,0,0,1,1,1,1,0,1,0,gratuito
9,10000.0,54,0.7962962962962963,1,4,1,0,0,0,1,1,0,1,0,0,0,alto
6,10000.0,83,0.7108433734939759,1,3,1,1,1,0,1,0,1,1,0,0,0,medio_baixo
5,10000.0,8,0.875,3,1,1,0,0,0,0,0,0,1,0,0,0,medio_alto
9,75000.0,173,0.5202312138728323,7,3,1,1,0,0,0,0,1,1,0,0,0,gratuito
8,10000.0,39,0.38461538461538464,1,6,1,0,0,4,1,1,0,1,0,0,1,gratuito
9,10000.0,7,0.7142857142857143,1,2,1,0,0,0,0,0,1,0,1,0,0,medio_baixo
6,10000.0,18,0.7777777777777778,1,3,1,0,1,0,1,1,0,1,0,0,0,gratuito
11,150000.0,1956,0.90439672801636,1,3,1,1,0,0,1,0,1,0,0,1,0,medio_alto
5,10000.0,92,0.9456521739130435,2,2,1,0,0,0,0,0,1,1,0,0,0,alto
1,10000.0,0,0.0,1,3,1,0,0,0,1,0,1,0,0,0,0,gratuito
7,10000.0,11,0.7272727272727273,1,2,1,0,0,0,1,1,0,0,0,0,0,baixo
1,10000.0,57,0.8947368421052632,3,3,1,0,0,1,1,0,1,1,0,0,0,medio_alto
9,10000.0,3,0.6666666666666666,1,3,1,0,0,0,1,1,0,1,0,0,0,alto
5,35000.0,10,0.9,2,3,1,0,0,0,1,1,1,0,0,0,0,medio_baixo
1,10000.0,0,0.0,2,4,1,0,0,0,1,1,1,1,0,0,0,medio_alto
7,10000.0,2,1.0,1,4,1,0,0,0,1,1,1,1,0,0,0,baixo
2,0.0,0,0.0,0,0,1,0,0,0,0,0,0,0,0,0,0,gratuito
5,10000.0,3,0.6666666666666666,1,3,1,0,0,0,1,1,0,1,0,0,0,alto
4,10000.0,39,0.717948717948718,5,4,1,0,0,0,1,1,1,1,0,0,0,medio_baixo
2,35000.0,733,0.7653478854024557,14,4,1,0,0,0,1,0,1,1,0,0,1,medio_baixo
12,10000.0,207,0.5458937198067633,1,4,1,1,1,0,1,1,0,0,0,0,1,alto
1,10000.0,0,0.0,1,1,1,0,0,0,1,0,0,0,0,0,0,medio_alto
5,10000.0,483,0.968944099378882,1,1,1,0,1,0,0,0,1,0,0,0,0,medio_baixo
1,0.0,0,0.0,2,4,1,0,0,0,1,0,0,1,0,1,0,gratuito
10,35000.0,53,0.7924528301886793,1,2,1,0,0,0,0,0,0,1,0,1,0,medio_alto
2,10000.0,3,1.0,1,2,1,0,0,0,1,0,0,1,0,0,0,baixo
3,10000.0,0,0.0,5,1,1,1,1,0,0,0,0,1,0,0,0,alto
5,0.0,0,0.0,11,3,1,0,0,0,1,0,1,0,0,0,0,gratuito
5,10000.0,7,0.8571428571428571,2,1,1,0,0,0,1,0,0,0,0,0,0,gratuito
6,10000.0,3,1.0,2,1,1,0,0,0,1,0,0,0,0,0,0,baixo
2,10000.0,3,0.6666666666666666,3,1,1,1,0,0,0,0,1,0,0,0,0,medio_alto
3,10000.0,13,0.5384615384615384,5,1,1,0,0,0,0,0,0,0,0,0,0,medio_baixo
5,35000.0,21,0.7142857142857143,1,2,1,0,0,1,1,0,0,1,0,0,0,baixo
3,10000.0,0,0.0,1,3,1,0,1,0,1,1,0,0,0,0,0,gratuito
2,10000.0,22,0.9545454545454546,5,1,1,0,0,0,0,0,0,1,0,0,0,medio_alto
9,10000.0,4,0.75,2,3,1,0,0,0,0,0,1,0,0,1,1,medio_alto
5,10000.0,0,0.0,1,2,1,1,1,1,1,0,0,1,0,0,0,baixo
7,10000.0,2,0.0,1,2,1,0,0,0,1,1,0,0,0,0,0,medio_baixo
2,10000.0,3,1.0,1,3,1,0,0,0,1,0,0,1,0,0,0,medio_alto
1,10000.0,0,0.0,1,4,1,0,0,0,1,1,0,1,0,0,1,baixo
1,0.0,0,0.0,1,1,1,0,0,0,0,0,0,0,1,0,0,alto
5,10000.0,6,1.0,1,3,1,0,0,0,1,0,0,0,0,1,0,medio_alto
3,750000.0,4458,0.9387617765814267,11,3,1,0,0,1,1,0,1,0,0,0,1,medio_alto
5,10000.0,12,0.75,1,5,1,0,0,0,1,1,1,1,0,1,0,medio_baixo
7,10000.0,31,0.7741935483870968,3,1,1,0,0,0,1,0,0,0,0,0,0,medio_baixo
3,10000.0,13,0.9230769230769231,1,2,1,1,1,0,1,1,0,0,0,0,0,medio_alto
5,75000.0,20,0.95,1,2,1,0,0,0,1,0,0,1,0,0,0,baixo
7,10000.0,7,1.0,2,1,1,0,0,0,0,0,0,0,0,1,0,gratuito
9,75000.0,68,0.5294117647058824,2,4,1,0,0,0,1,1,1,0,1,0,0,medio_alto
2,10000.0,11,0.8181818181818182,2,2,1,0,0,0,1,1,0,0,0,0,0,medio_baixo
3,10000.0,3,1.0,2,5,1,0,0,0,1,1,1,0,1,0,0,medio_baixo
10,10000.0,9,0.3333333333333333,2,3,1,0,0,0,0,0,1,1,0,0,0,medio_baixo
9,10000.0,36,0.5833333333333334,1,3,1,1,1,0,1,0,1,0,1,0,0,medio_alto
3,10000.0,0,0.0,3,2,1,0,0,0,0,1,0,1,0,0,0,baixo
2,10000.0,0,0.0,1,3,1,0,0,0,1,1,0,1,0,0,0,baixo
1,10000.0,0,0.0,14,4,1,0,0,0,1,0,0,1,0,1,1,medio_baixo
1,10000.0,0,0.0,4,2,1,0,0,0,1,0,1,0,0,0,0,medio_alto
8,75000.0,33,0.5151515151515151,2,4,1,0,0,0,1,1,1,1,0,0,0,gratuito
1,10000.0,30,0.7666666666666667,3,4,1,0,0,0,1,0,1,0,1,0,1,medio_baixo
4,75000.0,159,0.949685534591195,3,4,1,0,0,0,0,0,0,0,1,1,1,gratuito
1,0.0,0,0.0,1,5,1,0,0,0,1,0,0,0,1,1,1,gratuito
5,150000.0,7,0.14285714285714285,1,4,1,0,0,0,1,1,0,0,0,1,0,alto
2,0.0,0,0.0,0,0,1,0,0,0,0,0,0,0,0,0,0,gratuito
12,75000.0,693,0.8701298701298701,5,2,1,1,0,0,1,0,1,0,0,0,0,medio_baixo
3,10000.0,7,0.5714285714285714,8,3,1,0,0,0,1,0,0,0,1,0,1,medio_alto
1,0.0,0,0.0,1,5,1,0,0,0,1,1,1,1,0,0,0,gratuito
7,10000.0,15,0.6,1,2,1,0,0,0,1,0,0,0,0,1,0,medio_baixo
4,35000.0,115,0.9043478260869565,1,3,1,1,1,0,1,0,0,1,1,0,0,medio_alto
8,10000.0,37,0.9459459459459459,2,2,1,0,0,0,1,0,0,1,0,0,0,medio_alto
11,10000.0,73,0.863013698630137,3,4,1,1,1,0,1,1,0,1,0,0,0,alto
3,0.0,0,0.0,1,7,1,1,0,0,1,1,1,1,1,0,0,gratuito
1,10000.0,0,0.0,4,1,1,0,0,0,0,0,0,1,0,0,0,medio_baixo
3,10000.0,7,1.0,2,3,1,0,0,0,0,1,1,0,0,1,0,medio_baixo
1,10000.0,0,0.0,11,3,1,0,0,0,1,0,0,1,0,0,1,medio_baixo
3,10000.0,2,1.0,1,4,1,0,0,4,1,0,1,1,0,1,0,baixo
12,35000.0,153,0.9281045751633987,1,1,1,1,1,0,0,1,0,0,0,0,0,alto
11,75000.0,322,0.8819875776397516,4,3,1,0,0,1,1,0,0,1,0,1,0,medio_alto
6,350000.0,1882,0.8501594048884166,12,5,1,1,0,875,0,0,0,0,1,0,0,alto
2,10000.0,8,0.125,7,3,1,0,0,0,1,0,0,1,0,0,1,medio_baixo
1,10000.0,4,0.75,14,3,1,0,0,0,1,0,0,1,0,0,0,medio_baixo
10,350000.0,360,0.3527777777777778,1,5,1,0,0,0,1,1,1,0,0,0,0,baixo
8,10000.0,0,0.0,1,3,1,0,1,0,1,0,1,0,1,0,0,alto
1,10000.0,0,0.0,1,4,1,1,1,0,1,1,1,1,0,0,0,medio_alto
1,10000.0,192,0.875,18,2,1,0,0,0,1,0,0,0,0,0,1,medio_alto
3,10000.0,6,1.0,1,7,1,0,0,0,1,1,1,1,0,1,1,alto
3,10000.0,17,1.0,1,3,1,0,0,1,1,1,0,0,0,0,0,baixo
2,10000.0,0,0.0,4,2,1,0,0,0,1,0,0,0,1,0,0,gratuito
6,10000.0,28,0.8571428571428571,1,3,1,1,0,0,0,0,1,1,0,1,0,alto
1,10000.0,5,1.0,3,3,1,0,0,0,1,0,0,1,0,1,0,baixo
1,0.0,0,0.0,5,3,1,0,0,0,1,0,1,0,0,0,1,medio_alto
1,10000.0,1,1.0,1,5,1,0,0,0,1,0,1,1,0,1,1,medio_alto
2,0.0,0,0.0,0,0,1,0,0,0,0,0,0,0,0,0,0,gratuito
5,35000.0,20,0.95,2,2,1,1,1,0,1,0,0,1,0,0,0,baixo
2,10000.0,10,0.4,8,1,1,0,0,0,0,0,1,0,0,0,0,medio_alto
9,350000.0,1460,0.7054794520547946,11,2,1,1,0,1,1,0,0,0,0,0,1,medio_baixo
5,10000.0,7,0.8571428571428571,1,1,1,1,0,0,0,0,0,1,0,0,0,medio_baixo
1,0.0,0,0.0,1,2,1,0,1,1,1,0,0,1,0,0,0,medio_alto
4,10000.0,2,1.0,1,2,1,0,0,0,1,1,0,0,0,0,0,medio_alto
1,0.0,0,0.0,7,2,1,0,1,0,1,1,0,0,0,0,0,medio_alto
3,0.0,0,0.0,103,4,1,0,0,0,1,0,1,1,0,0,1,baixo
1,0.0,0,0.0,0,0,1,0,0,0,0,0,0,0,0,0,0,gratuito
1,0.0,0,0.0,10,5,1,0,0,0,0,1,1,0,1,1,0,gratuito
9,35000.0,27,0.6666666666666666,3,3,1,1,1,0,1,1,0,0,0,0,0,baixo
2,10000.0,12,0.8333333333333334,1,2,1,0,0,0,0,1,1,0,0,0,0,baixo
4,10000.0,8,0.875,1,4,1,0,0,0,1,1,1,1,0,0,0,medio_baixo
3,10000.0,2,1.0,1,3,1,0,0,0,1,0,1,1,0,0,0,medio_alto
2,10000.0,0,0.0,1,4,1,0,0,0,1,1,0,1,0,1,0,medio_baixo
1,10000.0,0,0.0,10,4,1,0,0,0,1,0,1,1,0,1,0,medio_alto
1,0.0,0,0.0,7,3,1,0,0,0,1,0,0,1,0,1,0,medio_alto
6,10000.0,2,1.0,1,2,1,0,0,0,1,0,0,1,0,0,0,medio_baixo
1,0.0,0,0.0,1,3,1,0,0,0,1,0,0,1,0,0,0,gratuito
10,750000.0,9408,0.9675807823129252,10,1,1,1,1,0,0,0,0,0,0,1,0,medio_alto
6,0.0,0,0.0,0,0,1,0,0,0,0,0,0,0,0,0,0,gratuito
1,10000.0,4,1.0,1,3,1,1,1,1,1,0,1,1,0,0,0,medio_baixo
11,10000.0,14,0.8571428571428571,1,2,1,0,0,0,1,0,0,0,0,1,0,medio_alto
5,35000.0,704,0.9573863636363636,8,3,1,1,0,1,1,0,1,0,0,1,0,alto
1,10000.0,0,0.0,2,4,1,0,0,0,1,1,1,1,0,0,0,baixo
6,35000.0,12,0.6666666666666666,1,3,1,0,0,0,1,0,0,0,0,1,0,gratuito
5,10000.0,65,0.7230769230769231,7,1,1,0,0,1,0,0,0,1,0,0,0,medio_alto
3,10000.0,52,0.9038461538461539,3,3,1,0,0,0,1,1,0,1,0,0,0,alto
3,0.0,0,0.0,0,0,1,0,0,0,0,0,0,0,0,0,0,gratuito
5,35000.0,1285,0.982101167315175,21,2,1,0,0,1,1,0,0,1,0,0,0,baixo
2,10000.0,15,0.6666666666666666,3,5,1,0,0,0,1,0,0,1,1,1,1,baixo
3,10000.0,4,0.75,1,3,1,0,0,0,1,1,1,0,0,0,0,medio_baixo
5,10000.0,9,0.3333333333333333,4,1,1,0,0,0,0,0,0,1,0,0,0,alto
3,10000.0,27,0.6296296296296297,1,4,1,0,0,0,1,0,0,1,0,0,1,medio_baixo
4,35000.0,3,0.6666666666666666,1,3,1,0,0,0,1,1,0,0,1,0,0,medio_baixo
4,10000.0,0,0.0,1,3,1,0,0,0,1,0,1,1,0,0,0,baixo
5,10000.0,1184,0.785472972972973,3,4,1,0,0,1,0,0,0,1,1,1,1,baixo
1,0.0,0,0.0,1,2,1,0,0,0,0,0,0,1,0,0,0,gratuito
6,350000.0,52,0.8076923076923077,1,3,1,1,1,0,0,1,0,0,0,0,0,gratuito
2,10000.0,5,1.0,1,2,1,1,1,0,1,0,1,0,0,0,0,alto
3,10000.0,45,0.4444444444444444,1,2,1,1,0,0,0,0,0,1,0,0,1,medio_baixo
1,0.0,0,0.0,0,0,1,0,0,0,0,0,0,0,0,0,0,gratuito
7,10000.0,2401,0.9579341940857976,1,5,1,0,0,1,1,1,1,0,0,1,0,alto
1,10000.0,12,1.0,1,2,1,1,0,0,1,0,1,0,0,0,0,medio_baixo
3,35000.0,2,0.5,1,1,1,0,0,0,0,0,0,0,1,0,0,baixo
8,10000.0,8,0.625,1,3,1,1,0,0,1,1,0,0,0,0,0,alto
2,10000.0,100,0.93,0,1,1,0,0,0,1,0,0,0,0,0,0,alto
4,0.0,0,0.0,0,0,1,0,0,0,0,0,0,0,0,0,0,gratuito
6,10000.0,228,0.8728070175438597,2,2,1,0,0,0,0,0,1,1,0,0,0,alto
5,35000.0,34,0.7941176470588235,1,2,1,0,0,0,1,1,0,0,0,0,0,medio_alto
11,10000.0,65,0.36923076923076925,10,2,1,1,1,0,1,1,0,0,0,0,0,medio_alto
2,10000.0,4,1.0,2,2,1,0,0,1,0,0,1,0,0,0,1,medio_alto
1,10000.0,0,0.0,2,1,1,0,0,0,0,0,1,0,0,0,0,medio_baixo
13,150000.0,1023,0.7927663734115347,5,3,1,0,0,2,0,0,0,0,0,0,1,baixo
1,10000.0,0,0.0,1,3,1,1,0,0,1,0,0,1,0,1,0,alto
2,0.0,0,0.0,1,2,1,0,0,0,0,1,0,0,0,0,0,gratuito
4,75000.0,645,0.9100775193798449,1,1,1,0,0,1,0,1,0,0,0,0,0,medio_baixo
2,0.0,0,0.0,0,0,1,0,0,0,0,0,0,0,0,0,0,gratuito
3,10000.0,15,0.4,1,4,1,0,0,0,1,1,1,0,0,0,0,baixo
2,10000.0,1,1.0,5,4,1,0,0,0,1,0,0,1,1,1,0,medio_alto
2,0.0,0,0.0,0,0,1,0,0,0,0,0,0,0,0,0,0,gratuito
2,35000.0,14,0.9285714285714286,1,2,1,0,0,0,1,0,1,0,0,0,0,medio_baixo
2,0.0,0,0.0,0,0,1,0,0,0,0,0,0,0,0,0,0,gratuito
8,10000.0,162,0.8950617283950617,1,6,1,0,0,0,1,1,1,0,1,1,0,alto
6,10000.0,0,0.0,7,3,1,0,0,0,1,1,0,1,0,0,0,medio_baixo
2,10000.0,6,0.5,1,2,1,0,0,0,1,0,1,0,0,0,0,medio_baixo
6,10000.0,8,1.0,1,3,1,0,0,0,1,0,1,1,0,0,0,medio_baixo
1,10000.0,11,0.8181818181818182,1,3,1,0,0,0,1,1,1,0,0,0,0,medio_alto
7,10000.0,3,1.0,14,2,1,0,0,0,1,0,0,0,0,1,0,alto
6,10000.0,0,0.0,2,2,1,1,0,1,1,0,0,0,0,0,1,alto
2,350000.0,5,1.0,1,2,1,0,0,0,0,1,1,0,0,0,0,medio_baixo
6,10000.0,5,0.0,1,3,1,0,1,0,1,1,0,1,0,0,0,baixo
1,150000.0,227,0.9030837004405287,9,6,1,0,0,1,0,1,0,1,1,1,1,alto
4,10000.0,3,1.0,1,2,1,0,0,0,1,1,0,0,0,0,0,medio_alto
5,10000.0,11,0.36363636363636365,1,2,1,0,0,0,0,0,1,1,0,0,0,medio_alto
4,10000.0,10,0.9,2,4,1,0,0,0,1,1,1,1,0,0,0,medio_baixo
1,10000.0,0,0.0,3,4,1,0,0,0,1,0,1,0,1,0,0,alto
6,10000.0,78,0.717948717948718,1,2,1,0,0,0,1,0,1,0,0,0,0,medio_baixo
10,35000.0,413,0.8353510895883777,6,3,1,1,0,2,1,0,1,1,0,0,0,baixo
6,10000.0,12,0.4166666666666667,1,5,1,0,0,0,1,1,0,1,0,1,1,medio_baixo
3,0.0,0,0.0,11,5,1,0,0,0,1,1,1,0,1,0,0,gratuito
2,10000.0,0,0.0,1,3,1,0,0,0,1,1,0,1,0,0,0,gratuito
4,10000.0,244,0.5901639344262295,1,6,1,0,0,8,1,0,0,1,0,0,1,gratuito
9,35000.0,58,0.3103448275862069,1,4,1,1,1,0,1,1,1,0,1,0,0,baixo
1,0.0,0,0.0,0,0,1,0,0,0,0,0,0,0,0,0,0,gratuito
11,35000.0,41,0.6585365853658537,1,2,1,0,0,0,1,1,0,0,0,0,0,medio_baixo
3,10000.0,9,1.0,1,4,1,0,0,0,1,1,0,1,0,0,0,gratuito
8,10000.0,96,0.6770833333333334,9,3,1,0,0,0,1,1,0,0,0,0,1,alto
7,10000.0,13,0.6153846153846154,1,2,1,0,0,0,0,1,0,0,0,0,0,gratuito
1,10000.0,0,0.0,2,3,1,0,0,0,1,0,0,1,0,0,1,medio_alto
12,35000.0,305,0.898360655737705,11,1,1,0,0,0,0,1,0,0,0,0,0,medio_alto
1,10000.0,0,0.0,10,5,1,0,0,5,1,0,1,1,1,0,1,alto
1,0.0,0,0.0,2,3,1,0,0,0,0,1,1,0,0,0,0,gratuito
1,10000.0,0,0.0,1,2,1,0,0,0,1,0,0,1,0,0,0,baixo
6,10000.0,2,0.5,1,5,1,1,1,0,1,1,1,1,0,1,0,medio_baixo
1,0.0,0,0.0,0,0,1,0,0,0,0,0,0,0,0,0,0,gratuito
2,10000.0,0,0.0,6,2,1,0,0,0,1,0,0,0,0,0,0,gratuito
7,10000.0,11,1.0,1,2,1,0,0,0,1,0,0,1,0,0,0,medio_baixo
4,10000.0,0,0.0,1,2,1,0,0,0,1,0,0,1,0,0,0,baixo
7,10000.0,2,1.0,2,3,1,0,0,0,1,1,0,1,0,0,0,medio_baixo
3,10000.0,1,1.0,1,2,1,0,0,0,0,0,0,1,0,0,1,medio_alto
1,10000.0,190,0.9789473684210527,1,2,1,0,0,0,1,1,0,0,0,0,0,alto
6,35000.0,176,0.8125,103,3,1,0,0,1,1,1,1,0,0,0,0,baixo
9,10000.0,6,0.0,2,3,1,0,0,0,1,0,0,0,0,1,1,medio_baixo
10,10000.0,11,0.7272727272727273,1,4,1,0,0,0,1,1,0,0,0,1,1,baixo
2,35000.0,730,0.8506849315068493,13,4,1,0,0,1,1,0,1,1,0,0,1,alto
7,350000.0,4421,0.9633567066274599,1,3,1,0,0,0,1,1,0,1,0,0,0,medio_baixo
2,10000.0,5,1.0,7,2,1,0,0,0,1,0,0,1,0,0,0,alto
3,10000.0,0,0.0,13,4,1,1,0,0,1,0,0,1,1,0,1,medio_baixo
3,0.0,0,0.0,1,5,1,0,0,0,1,1,1,1,0,0,0,gratuito
3,0.0,0,0.0,0,0,1,0,0,0,0,0,0,0,0,0,0,gratuito
1,10000.0,0,0.0,11,2,1,0,0,0,0,1,0,1,0,0,0,medio_alto
1,10000.0,9,1.0,7,2,1,1,1,0,1,1,0,0,0,0,0,alto
10,10000.0,35,0.7714285714285715,4,2,1,1,1,0,1,0,0,0,0,1,0,medio_baixo
1,0.0,0,0.0,0,0,1,0,0,0,0,0,0,0,0,0,0,gratuito
2,10000.0,6,0.3333333333333333,2,4,1,1,1,0,1,0,1,0,1,1,0,baixo
1,0.0,0,0.0,1,3,1,1,0,0,1,1,1,0,0,0,0,medio_alto
3,35000.0,143,0.8251748251748252,2,2,1,0,0,1,0,0,0,0,1,1,0,medio_alto
3,10000.0,37,0.7837837837837838,8,2,1,0,0,0,0,0,0,0,0,0,1,alto
8,75000.0,638,0.9263322884012539,5,2,1,0,0,1,1,0,1,0,0,0,0,baixo
3,35000.0,580,0.9051724137931034,1,2,1,0,0,0,1,1,0,0,0,0,0,medio_alto
7,10000.0,17,0.6470588235294118,1,3,1,1,1,1,1,1,0,1,0,0,0,baixo
3,10000.0,3,1.0,1,3,1,0,0,0,1,1,0,1,0,0,0,medio_alto
3,35000.0,8,0.625,5,4,1,0,0,1,1,0,1,0,1,1,0,alto
3,10000.0,1,1.0,1,3,1,0,0,0,1,1,0,0,0,0,0,medio_alto
7,10000.0,29,0.7931034482758621,2,1,1,0,0,0,0,0,0,0,0,0,0,gratuito
1,10000.0,0,0.0,1,2,1,0,0,0,1,0,0,1,0,0,0,medio_alto
2,10000.0,0,0.0,1,2,1,0,0,0,1,0,0,1,0,0,0,medio_baixo
1,0.0,0,0.0,1,4,1,0,0,0,0,1,0,1,0,1,0,gratuito
2,0.0,0,0.0,103,1,1,0,0,0,0,0,0,1,0,0,0,baixo
1,0.0,0,0.0,2,8,1,0,0,0,1,1,1,1,1,0,0,gratuito
4,10000.0,64,0.65625,1,2,1,1,0,0,0,1,1,0,0,0,0,medio_alto
1,10000.0,0,0.0,13,3,1,0,0,0,0,1,0,1,1,0,0,alto
7,35000.0,6,1.0,1,2,1,0,0,0,0,0,0,1,0,1,0,baixo
4,10000.0,13,0.7692307692307693,2,3,1,0,0,0,1,0,0,1,0,1,0,medio_baixo
2,10000.0,11,0.8181818181818182,3,1,1,0,0,1,0,0,1,0,0,0,0,medio_baixo
1,0.0,0,0.0,7,4,1,0,0,0,1,0,0,1,0,1,0,baixo
8,10000.0,16,0.75,1,3,1,0,0,0,1,1,0,0,0,1,0,gratuito
1,0.0,0,0.0,2,3,1,0,0,0,1,0,0,1,0,0,0,gratuito
7,10000.0,14,0.8571428571428571,1,5,1,0,0,0,1,1,1,0,1,0,0,baixo
1,0.0,0,0.0,1,2,1,0,0,0,0,0,1,0,0,0,0,gratuito
12,75000.0,210,0.6857142857142857,6,2,1,1,0,0,0,0,1,1,0,0,0,baixo
1,0.0,0,0.0,0,0,1,0,0,0,0,0,0,0,0,0,0,gratuito
3,10000.0,12,0.6666666666666666,6,1,1,0,0,0,0,0,0,1,0,0,0,medio_baixo
2,0.0,0,0.0,0,0,1,0,0,0,0,0,0,0,0,0,0,gratuito
1,0.0,0,0.0,0,0,1,0,0,0,0,0,0,0,0,0,0,gratuito
9,10000.0,44,0.6363636363636364,1,2,1,0,0,0,1,0,0,0,0,0,0,baixo
14,10000.0,46,0.8695652173913043,5,2,1,0,0,0,0,1,0,1,0,0,0,baixo
5,35000.0,17,0.8235294117647058,1,6,1,0,0,0,1,1,1,1,1,0,1,gratuito
10,10000.0,26,0.8461538461538461,1,2,1,0,0,0,1,1,0,0,0,0,0,medio_baixo
12,75000.0,301,0.9136212624584718,1,1,1,0,0,0,0,0,0,0,0,1,0,baixo
1,10000.0,28,0.6785714285714286,2,5,1,0,0,0,1,0,1,1,1,0,1,medio_alto
2,0.0,0,0.0,0,0,1,0,0,0,0,0,0,0,0,0,0,gratuito
3,75000.0,4,0.75,1,2,1,0,0,0,1,1,0,0,0,0,0,baixo
2,10000.0,163,0.9754601226993865,10,4,1,1,0,1,1,0,0,1,0,0,0,alto
6,10000.0,7,0.42857142857142855,1,4,1,0,0,0,1,1,1,0,1,0,0,baixo
4,0.0,0,0.0,2,3,1,0,0,0,1,1,0,0,0,0,0,gratuito
4,10000.0,0,0.0,1,1,1,0,0,0,0,1,0,0,0,0,0,medio_baixo
5,10000.0,22,0.7272727272727273,1,2,1,0,0,0,1,0,1,0,0,0,0,baixo
2,10000.0,0,0.0,1,3,1,0,0,0,1,0,0,1,0,0,1,medio_alto
7,10000.0,11,0.9090909090909091,1,4,1,0,0,0,1,1,1,0,0,0,0,gratuito
2,0.0,0,0.0,0,0,1,0,0,0,0,0,0,0,0,0,0,gratuito
1,0.0,0,0.0,0,0,1,0,0,0,0,0,0,0,0,0,0,gratuito
7,10000.0,40,0.775,4,3,1,0,0,0,1,0,1,0,0,1,0,medio_alto
1,0.0,0,0.0,2,3,1,1,1,0,0,0,1,0,1,1,0,medio_baixo
1,10000.0,0,0.0,2,2,1,0,0,0,1,1,0,0,0,0,0,medio_baixo
2,10000.0,4,0.25,1,5,1,0,0,0,1,0,0,1,1,1,0,alto
1,10000.0,0,0.0,1,3,1,0,0,0,1,1,0,1,0,0,0,medio_baixo
1,0.0,0,0.0,0,0,1,0,0,0,0,0,0,0,0,0,0,gratuito
1,10000.0,0,0.0,5,4,1,0,0,0,1,0,0,1,0,1,0,baixo
2,10000.0,0,0.0,1,4,1,0,0,0,1,1,1,0,0,0,0,baixo
1,10000.0,0,0.0,1,3,1,0,0,0,1,0,1,1,0,0,0,baixo
3,750000.0,7692,0.8767550702028081,18,5,1,1,1,1,1,0,1,1,1,1,0,alto
9,35000.0,46,0.6521739130434783,1,2,1,0,0,0,1,0,0,1,0,0,0,baixo
6,10000.0,21,0.9523809523809523,2,1,1,0,0,0,1,0,0,0,0,0,0,alto
8,10000.0,10,0.7,2,2,1,0,0,0,1,1,0,0,0,0,0,alto
2,10000.0,295,0.9661016949152542,5,2,1,0,0,0,1,0,1,0,0,0,0,medio_alto
4,10000.0,0,0.0,2,3,1,0,0,0,1,1,1,0,0,0,0,medio_baixo
6,10000.0,0,0.0,1,2,1,0,0,2,1,0,0,1,0,0,0,baixo
3,0.0,0,0.0,2,3,1,0,0,0,1,1,0,0,0,0,0,gratuito
7,10000.0,6,1.0,1,3,1,0,0,0,1,0,1,1,0,0,0,medio_alto
5,0.0,0,0.0,0,0,1,0,0,0,0,0,0,0,0,0,0,gratuito
3,10000.0,7,0.5714285714285714,1,4,1,1,0,0,1,0,1,0,1,1,0,medio_alto
1,10000.0,0,0.0,7,2,1,1,0,0,1,0,0,1,0,0,0,medio_alto
2,150000.0,13,0.8461538461538461,1,3,1,1,1,0,0,0,1,0,1,0,0,alto
6,10000.0,157,0.5477707006369427,2,5,1,0,0,0,1,0,1,0,1,0,0,medio_alto
8,35000.0,198,0.8383838383838383,1,3,1,1,1,1,1,1,0,0,0,0,0,baixo
2,10000.0,0,0.0,3,2,1,0,0,0,0,1,0,0,0,0,0,gratuito
1,0.0,0,0.0,0,0,1,0,0,0,0,0,0,0,0,0,0,gratuito
9,10000.0,17,0.5882352941176471,2,4,1,0,0,0,1,1,1,1,0,0,0,medio_alto
5,10000.0,17,0.7058823529411765,2,4,1,0,0,0,1,0,0,1,1,1,0,medio_alto
1,10000.0,0,0.0,3,2,1,0,0,0,0,0,0,0,0,0,0,baixo
3,10000.0,1,0.0,2,4,1,0,0,0,1,0,0,1,0,1,1,medio_baixo
1,10000.0,0,0.0,4,2,1,0,0,0,0,0,0,0,0,1,0,alto
1,10000.0,0,0.0,1,3,1,0,0,0,1,1,1,0,0,0,0,medio_alto
3,10000.0,1,1.0,1,2,1,0,0,0,1,1,0,0,0,0,0,baixo
1,0.0,0,0.0,0,0,1,0,0,0,0,0,0,0,0,0,0,gratuito
12,10000.0,91,0.7802197802197802,1,2,1,0,0,0,0,0,0,0,0,0,0,alto
1,10000.0,0,0.0,7,2,1,0,0,0,1,1,0,0,0,0,0,medio_alto
2,35000.0,3,0.6666666666666666,6,3,1,0,0,0,0,1,1,0,0,0,0,alto
10,10000.0,37,0.8378378378378378,1,5,1,0,0,0,1,1,1,0,0,0,1,medio_alto
4,150000.0,1789,0.5427613191727222,1,5,1,0,0,0,1,1,0,1,0,0,1,medio_alto
1,10000.0,6,1.0,2,4,1,0,0,0,1,1,1,0,0,0,0,alto
1,10000.0,0,0.0,6,2,1,0,0,0,1,0,0,0,0,0,1,medio_baixo
10,10000.0,38,0.7894736842105263,8,3,1,0,0,0,0,0,0,1,0,1,1,baixo
3,10000.0,2,1.0,1,3,1,0,0,0,1,1,0,0,0,0,0,medio_alto
12,35000.0,133,0.6766917293233082,1,2,1,1,1,1,1,1,0,0,0,0,0,baixo
1,0.0,0,0.0,2,2,1,1,1,0,0,0,0,0,0,0,0,medio_alto
4,10000.0,39,0.6923076923076923,1,3,1,0,0,0,1,1,0,0,0,0,0,medio_alto
5,10000.0,0,0.0,1,1,1,0,0,0,1,0,0,0,0,0,0,medio_alto
5,10000.0,143,0.8111888111888111,2,4,1,0,0,1,0,0,1,0,1,1,1,medio_baixo
3,10000.0,0,0.0,1,4,1,0,0,0,1,0,1,1,0,0,0,gratuito
8,35000.0,589,0.9202037351443124,3,3,1,0,0,1,1,0,1,1,0,0,0,baixo
3,10000.0,0,0.0,1,2,1,0,0,0,1,0,0,1,0,0,0,medio_baixo
2,0.0,0,0.0,0,0,1,0,0,0,0,0,0,0,0,0,0,gratuito
1,10000.0,0,0.0,14,2,1,1,1,1,1,0,0,1,0,0,0,alto
1,0.0,0,0.0,4,2,1,0,0,0,1,0,0,0,0,0,0,gratuito
9,35000.0,75,0.88,1,3,1,0,0,0,1,0,0,0,0,0,1,gratuito
2,10000.0,4,0.75,2,1,1,0,0,0,0,0,0,0,0,0,1,medio_alto
3,0.0,0,0.0,0,0,1,0,0,0,0,0,0,0,0,0,0,gratuito
3,75000.0,4,0.0,1,3,1,0,0,0,1,0,1,1,0,0,0,medio_baixo
6,10000.0,32,0.40625,12,3,1,0,0,0,1,1,1,0,0,0,0,alto
1,10000.0,0,0.0,1,2,1,0,0,0,1,0,0,1,0,0,0,baixo
9,10000.0,147,0.17687074829931973,2,4,1,1,0,0,1,0,0,0,0,1,1,alto
1,10000.0,0,0.0,1,3,1,0,0,0,1,0,0,0,0,1,0,baixo
6,10000.0,26,1.0,2,3,1,0,0,2,1,0,0,0,1,0,1,medio_alto
2,35000.0,27,0.9259259259259259,1,4,1,0,0,0,1,1,0,0,0,0,1,gratuito
6,10000.0,0,0.0,2,5,1,0,1,0,1,0,1,1,0,0,0,gratuito
3,10000.0,0,0.0,8,6,1,1,0,0,1,0,0,1,1,0,0,gratuito
7,10000.0,40,0.65,1,2,1,0,0,0,1,0,0,0,0,0,0,gratuito
1,0.0,0,0.0,103,2,1,0,0,0,1,0,0,1,0,0,0,baixo
6,35000.0,791,0.7243994943109987,8,5,1,0,0,0,1,1,0,0,0,0,1,alto
8,10000.0,14,0.5714285714285714,1,4,1,0,0,0,0,1,1,0,0,0,0,baixo
8,10000.0,8,0.25,2,4,1,0,0,0,1,0,1,1,0,1,0,alto
4,35000.0,3,0.3333333333333333,1,1,1,0,0,0,0,0,1,0,0,0,0,medio_alto
2,10000.0,2,1.0,1,4,1,0,1,0,1,1,1,0,0,1,0,medio_baixo
1,35000.0,791,0.965865992414665,1,1,1,0,1,1,1,0,0,0,0,0,0,alto
4,10000.0,4,0.75,27,3,1,0,0,0,1,0,0,1,0,1,0,medio_baixo
4,10000.0,6,0.3333333333333333,1,1,1,0,0,0,0,1,0,0,0,0,0,baixo
9,10000.0,5,0.2,2,2,1,0,0,0,0,0,0,1,0,0,1,alto
7,10000.0,12,0.75,2,2,1,0,0,0,1,0,0,0,0,0,1,medio_baixo
10,35000.0,263,0.7376425855513308,8,5,1,0,0,2,1,0,0,1,0,1,1,medio_alto
2,10000.0,0,0.0,1,4,1,0,0,0,1,0,0,1,0,1,0,gratuito
2,10000.0,0,0.0,4,4,1,0,0,0,1,1,1,0,0,0,0,medio_baixo
7,10000.0,315,0.8095238095238095,2,1,1,0,0,0,0,0,1,0,0,0,0,alto
1,10000.0,8,0.875,2,1,1,0,0,0,1,0,0,0,0,0,0,medio_alto
2,10000.0,26,0.8076923076923077,2,3,1,0,1,0,1,0,0,0,0,1,1,alto
1,10000.0,14,0.7142857142857143,17,4,1,0,0,0,1,0,0,1,0,0,1,medio_baixo
9,35000.0,256,0.5703125,9,4,1,1,1,0,1,0,0,0,0,1,1,alto
1,0.0,0,0.0,1,2,1,0,0,0,0,1,0,1,0,0,0,medio_alto
5,35000.0,19,0.8421052631578947,30,2,1,1,1,1,1,0,0,1,0,0,0,baixo
5,3500000.0,79892,0.9665298152505883,17,4,1,1,0,1,1,0,0,1,0,1,1,medio_baixo
8,10000.0,5,0.8,1,4,1,1,1,0,1,1,0,0,0,0,1,medio_baixo
1,10000.0,0,0.0,3,4,1,0,0,0,1,0,1,1,1,0,0,alto
1,0.0,0,0.0,0,0,1,0,0,0,0,0,0,0,0,0,0,gratuito
2,10000.0,9,0.5555555555555556,4,2,1,0,0,0,1,0,0,0,0,0,1,medio_baixo
12,3500000.0,27117,0.8232105321385109,13,2,1,0,0,13,0,1,1,0,0,0,0,medio_alto
1,10000.0,3,1.0,1,2,1,0,0,0,1,0,0,1,0,0,0,baixo
8,10000.0,1,1.0,3,4,1,0,0,0,1,1,0,1,0,0,0,medio_alto
2,10000.0,1,0.0,2,3,1,0,0,0,0,1,1,0,1,0,0,baixo
3,10000.0,68,0.8676470588235294,1,3,1,0,0,0,0,0,1,0,1,0,1,medio_baixo
1,0.0,0,0.0,1,2,1,0,0,0,1,0,0,1,0,0,0,medio_baixo
4,10000.0,140,0.5357142857142857,3,2,1,0,0,1,0,1,0,0,0,1,0,medio_alto
1,35000.0,500,0.962,6,6,1,0,0,1,1,0,1,1,1,1,1,alto
4,3500000.0,38365,0.737573309005604,8,2,1,0,0,0,0,1,0,0,0,0,0,gratuito
1,0.0,0,0.0,0,0,1,0,0,0,0,0,0,0,0,0,0,gratuito
3,10000.0,0,0.0,8,4,1,1,1,0,1,0,1,1,0,0,0,medio_alto
4,0.0,0,0.0,4,4,1,0,0,1,1,1,0,1,0,0,0,gratuito
2,10000.0,13,0.8461538461538461,2,2,1,1,0,0,1,0,0,0,0,1,0,alto
9,150000.0,200,0.555,1,4,1,0,0,0,1,1,0,1,0,0,0,gratuito
4,35000.0,18,0.8888888888888888,6,1,1,1,1,0,0,0,0,1,0,0,0,medio_baixo
1,0.0,0,0.0,0,0,1,0,0,0,0,0,0,0,0,0,0,gratuito
2,10000.0,1,1.0,1,3,1,0,0,0,1,0,1,0,1,0,0,medio_alto
2,0.0,0,0.0,1,3,1,0,0,0,0,0,1,0,0,0,1,gratuito
16,35000.0,173,0.6069364161849711,1,1,1,0,0,0,0,1,0,0,0,0,0,medio_baixo
2,10000.0,26,1.0,1,4,1,1,1,0,1,0,1,1,1,0,0,medio_alto
6,1500000.0,50448,0.8730772280367903,13,2,1,1,0,0,0,1,1,0,0,0,0,medio_alto
12,150000.0,369,0.7208672086720868,4,3,1,0,0,0,0,1,1,0,0,0,1,baixo
5,10000.0,31,0.8064516129032258,1,6,1,0,0,0,1,1,1,1,0,1,1,baixo
10,10000.0,31,0.6129032258064516,1,3,1,0,0,0,0,0,0,1,0,1,1,baixo
2,35000.0,433,0.7066974595842956,5,3,1,0,0,1,1,1,1,0,0,0,0,medio_alto
11,35000.0,117,0.7350427350427351,11,1,1,0,0,0,1,0,0,0,0,0,0,medio_baixo
1,10000.0,0,0.0,3,2,1,0,0,0,0,0,0,1,1,0,0,medio_baixo
5,10000.0,3,0.3333333333333333,1,2,1,0,0,0,1,1,0,0,0,0,0,baixo
4,0.0,0,0.0,10,3,1,0,0,0,1,0,0,0,0,0,1,gratuito
6,75000.0,556,0.9640287769784173,1,4,1,0,0,0,1,0,1,1,1,0,0,medio_baixo
15,350000.0,5301,0.9390681003584229,1,3,1,1,1,3,1,0,0,1,1,0,0,medio_alto
3,10000.0,51,0.9019607843137255,1,2,1,0,0,0,1,1,0,0,0,0,0,alto
2,0.0,0,0.0,1,4,1,0,0,0,0,0,0,1,1,0,0,gratuito
12,75000.0,790,0.850632911392405,1,2,1,0,0,0,1,1,0,0,0,0,0,medio_alto
1,0.0,0,0.0,103,3,1,0,0,1,1,0,0,1,0,0,0,gratuito
3,0.0,0,0.0,1,5,1,0,0,0,1,1,1,1,0,0,0,gratuito
1,0.0,0,0.0,0,0,1,0,0,0,0,0,0,0,0,0,0,gratuito
6,35000.0,3,1.0,2,3,1,1,0,0,1,0,1,1,0,0,0,alto
4,10000.0,2,1.0,1,3,1,0,0,0,1,1,1,0,0,0,0,medio_alto
3,10000.0,16,1.0,1,3,1,0,0,1,1,0,1,1,0,0,0,medio_baixo
4,10000.0,43,0.6511627906976745,6,4,1,0,0,0,1,0,0,1,0,1,1,medio_alto
2,10000.0,0,0.0,1,2,1,0,0,0,0,0,0,1,0,0,1,alto
1,0.0,0,0.0,1,2,1,0,0,0,1,0,0,0,1,0,0,alto
7,10000.0,3,0.0,1,2,1,0,0,0,1,0,0,1,0,0,0,baixo
2,10000.0,35,0.7714285714285715,1,1,1,0,0,0,0,0,0,0,0,1,0,alto
2,350000.0,4797,0.3260371065249114,15,5,1,0,0,0,1,1,1,1,0,0,1,medio_baixo
10,150000.0,514,0.9416342412451362,1,3,1,0,0,0,1,0,1,1,0,0,0,gratuito
3,10000.0,185,0.7243243243243244,1,3,1,0,0,0,1,1,1,0,0,0,0,alto
5,10000.0,4,1.0,1,2,1,0,0,0,0,0,0,1,0,0,1,medio_baixo
1,10000.0,6,1.0,4,1,1,0,0,1,0,0,0,1,0,0,0,medio_alto
8,10000.0,6,1.0,9,4,1,1,0,0,1,0,1,1,0,0,0,medio_alto
7,10000.0,54,0.9444444444444444,1,2,1,0,0,0,1,1,0,0,0,0,0,alto
7,10000.0,41,0.4634146341463415,1,5,1,0,0,0,1,0,1,1,0,0,1,baixo
2,35000.0,100,0.94,3,2,1,1,0,0,1,0,1,0,0,0,0,medio_alto
10,35000.0,145,0.7862068965517242,2,1,1,1,1,0,1,0,0,0,0,0,0,baixo
12,150000.0,761,0.9106438896189225,1,1,1,1,0,0,0,0,0,0,0,0,0,gratuito
2,0.0,0,0.0,103,2,1,1,1,0,1,0,0,1,0,0,0,medio_baixo
6,10000.0,1,0.0,1,1,1,0,0,0,0,0,0,1,0,0,0,baixo
1,10000.0,0,0.0,1,2,1,0,0,0,1,0,0,1,0,0,0,medio_alto
4,10000.0,1,0.0,1,1,1,0,0,0,1,0,0,0,0,0,0,medio_baixo
2,10000.0,2,1.0,1,3,1,0,0,0,1,1,1,0,0,0,0,medio_baixo
7,10000.0,43,0.9069767441860465,1,3,1,0,0,0,1,0,0,1,1,0,0,gratuito
2,10000.0,2,1.0,1,2,1,0,0,2,1,0,0,1,0,0,0,baixo
6,10000.0,61,0.8524590163934426,1,2,1,0,0,0,1,1,0,0,0,0,0,medio_baixo
5,0.0,0,0.0,1,3,1,0,0,0,1,1,0,0,0,0,0,gratuito
3,10000.0,4,1.0,6,3,1,0,0,0,1,1,1,0,0,0,0,baixo
1,10000.0,0,0.0,1,2,1,0,0,0,1,0,0,0,0,0,1,baixo
4,0.0,0,0.0,14,6,1,1,0,3,0,1,1,0,1,1,0,gratuito
8,150000.0,4952,0.9446688206785138,13,2,1,1,0,0,0,1,1,0,0,0,0,medio_alto
8,10000.0,8,0.375,1,2,1,0,1,0,1,1,0,0,0,0,0,baixo
4,10000.0,3,1.0,3,2,1,0,0,0,1,0,0,1,0,0,0,baixo
4,10000.0,337,0.9851632047477745,16,4,1,1,0,1,1,0,0,1,0,1,1,medio_alto
5,35000.0,8,0.75,1,4,1,0,0,1,1,1,1,0,0,1,0,gratuito
1,1500000.0,2835,0.9890652557319224,2,2,1,1,0,1,1,0,0,0,1,0,0,alto
10,10000.0,40,0.525,1,3,1,1,1,0,1,1,1,0,0,0,0,medio_alto
1,0.0,0,0.0,0,0,1,0,0,0,0,0,0,0,0,0,0,gratuito
2,10000.0,0,0.0,2,2,1,0,0,0,1,0,0,1,0,0,0,medio_baixo
1,10000.0,1,0.0,1,4,1,0,0,0,1,0,1,1,0,1,0,medio_baixo
2,10000.0,1,1.0,4,3,1,0,0,0,1,0,1,0,1,0,0,medio_alto
7,350000.0,2511,0.8112305854241338,14,3,1,1,0,1,1,0,1,0,1,0,0,medio_baixo
9,10000.0,15,0.5333333333333333,6,5,1,0,0,0,0,1,1,0,1,0,0,medio_alto
5,0.0,0,0.0,1,3,1,0,0,0,1,1,0,0,0,0,0,gratuito
12,10000.0,32,0.25,3,1,1,0,0,0,0,0,0,0,0,0,1,medio_baixo
4,350000.0,6309,0.9809795530194959,14,4,1,0,0,1,1,0,1,1,0,1,0,medio_baixo
4,10000.0,1,1.0,1,2,1,1,1,0,1,0,0,1,0,0,0,baixo
5,10000.0,5,1.0,1,2,1,0,1,0,1,1,0,0,0,0,0,medio_baixo
4,10000.0,0,0.0,1,2,1,0,0,0,1,0,0,1,0,0,0,baixo
3,10000.0,2,0.5,1,2,1,0,0,0,1,0,1,0,0,0,0,medio_alto
4,10000.0,11,0.7272727272727273,7,1,1,0,0,0,0,0,0,1,0,0,0,medio_alto
10,350000.0,6007,0.8530048277010155,5,2,1,0,0,0,0,1,0,0,0,0,0,medio_alto
2,10000.0,37,0.8378378378378378,18,3,1,0,0,1,1,0,0,0,0,0,0,baixo
5,10000.0,87,0.9655172413793104,2,3,1,1,0,0,1,0,0,1,0,1,0,medio_baixo
7,10000.0,5,0.6,1,1,1,0,0,0,0,0,0,0,1,0,0,medio_alto
5,10000.0,1,1.0,10,3,1,0,0,0,1,0,0,1,0,0,0,baixo
4,10000.0,1,0.0,1,2,1,0,0,0,1,0,0,1,0,0,0,medio_alto
4,0.0,0,0.0,0,0,1,0,0,0,0,0,0,0,0,0,0,gratuito
6,10000.0,14,0.5,1,2,1,0,0,0,0,0,1,0,0,0,0,alto
4,10000.0,156,0.9487179487179487,1,4,1,0,0,0,1,0,0,1,0,1,1,medio_alto
3,10000.0,10,0.7,1,3,1,0,0,0,1,1,1,0,0,0,0,medio_alto
1,10000.0,0,0.0,1,3,1,0,0,0,1,0,1,0,1,0,0,medio_alto
5,10000.0,12,0.6666666666666666,14,3,1,0,0,0,1,1,0,1,0,0,0,baixo
2,10000.0,14,0.9285714285714286,6,3,1,0,0,0,1,0,0,1,0,0,1,medio_baixo
1,10000.0,0,0.0,1,2,1,0,0,0,1,1,0,0,0,0,0,medio_baixo
7,10000.0,9,0.5555555555555556,1,2,1,0,0,0,0,1,1,0,0,0,0,medio_baixo
2,10000.0,0,0.0,2,5,1,0,0,0,1,0,1,1,1,0,1,alto
9,10000.0,6,0.3333333333333333,2,2,1,1,0,0,1,0,1,0,0,0,0,medio_baixo
9,10000.0,37,0.7567567567567568,1,3,1,1,1,0,1,0,0,0,0,0,1,gratuito
8,10000.0,53,0.49056603773584906,1,3,1,1,1,1,1,0,1,1,0,0,0,medio_alto
6,75000.0,20,0.6,1,2,1,1,1,1,0,0,0,1,0,1,0,baixo
6,10000.0,12,1.0,1,2,1,0,0,0,1,0,0,1,0,0,0,gratuito
9,35000.0,126,0.8412698412698413,6,2,1,1,0,0,1,0,0,0,0,1,0,baixo
1,10000.0,0,0.0,12,2,1,0,0,0,0,1,0,1,0,0,0,baixo
9,10000.0,9,0.8888888888888888,2,3,1,0,0,0,1,0,0,1,0,1,0,medio_baixo
2,10000.0,361,0.8808864265927978,1,4,1,0,0,0,1,0,0,1,1,0,1,medio_baixo
1,10000.0,0,0.0,2,4,1,0,0,0,1,1,0,0,0,1,1,medio_alto
2,0.0,0,0.0,1,5,1,0,0,0,1,1,0,0,0,0,1,gratuito
7,10000.0,100,0.68,1,3,1,0,0,1,1,0,1,0,1,0,0,medio_alto
6,35000.0,134,0.7910447761194029,1,2,1,0,0,1,0,0,0,1,1,0,0,medio_baixo
11,35000.0,28,0.6785714285714286,1,4,1,0,0,0,1,0,1,1,1,0,0,medio_baixo
4,10000.0,62,0.6451612903225806,6,1,1,0,0,0,0,0,0,1,0,0,0,medio_baixo
9,10000.0,25,0.56,1,1,1,0,0,0,1,0,0,0,0,0,0,medio_baixo
2,10000.0,4,1.0,1,2,1,0,0,0,1,0,0,1,0,0,0,baixo
4,0.0,0,0.0,2,2,1,0,0,0,1,0,0,0,1,0,0,gratuito
8,10000.0,48,0.6458333333333334,2,3,1,0,0,0,1,0,0,0,0,1,0,gratuito
6,10000.0,10,1.0,1,2,1,0,0,0,1,1,0,0,0,0,0,alto
12,10000.0,116,0.1810344827586207,3,1,1,0,0,2,0,0,0,0,0,0,1,medio_alto
1,10000.0,0,0.0,1,4,1,0,0,0,1,1,1,0,0,0,0,alto
2,10000.0,0,0.0,1,1,1,0,0,0,0,0,0,0,0,0,0,baixo
5,10000.0,12,0.3333333333333333,29,2,1,0,0,0,0,1,0,1,0,0,0,baixo
1,0.0,0,0.0,1,3,1,0,0,0,0,0,1,0,1,0,0,gratuito
10,750000.0,5280,0.834659090909091,10,2,1,0,0,0,0,0,0,0,0,1,0,gratuito
3,10000.0,0,0.0,1,2,1,0,0,0,1,1,0,0,0,0,0,medio_baixo
5,10000.0,0,0.0,1,1,1,0,0,0,0,0,0,0,1,0,0,medio_alto
2,10000.0,24,0.9583333333333334,1,2,1,0,0,0,1,0,0,1,0,0,0,medio_alto
4,10000.0,4,1.0,10,1,1,0,1,1,0,1,0,0,0,0,0,baixo
10,35000.0,22,0.5909090909090909,1,6,1,0,0,0,1,1,1,0,1,1,0,gratuito
2,0.0,0,0.0,103,6,1,0,0,0,1,1,1,1,0,0,1,baixo
2,10000.0,5,1.0,1,2,1,0,0,0,1,0,0,1,0,0,0,medio_baixo
1,0.0,0,0.0,1,6,1,1,0,0,1,1,1,1,0,0,0,gratuito
2,35000.0,10,1.0,1,1,1,0,0,0,0,1,0,0,0,0,0,medio_alto
4,10000.0,59,0.7288135593220338,1,1,1,0,0,0,1,0,0,0,0,0,0,baixo
5,10000.0,15,0.4666666666666667,1,2,1,0,0,0,1,0,0,0,0,1,0,medio_baixo
2,10000.0,4,1.0,1,1,1,0,0,0,0,0,0,1,0,0,0,medio_alto
3,10000.0,17,0.8823529411764706,3,5,1,0,0,0,1,0,1,0,0,0,1,alto
2,75000.0,1878,0.9440894568690096,1,4,1,1,0,0,1,0,1,1,0,0,1,medio_alto
5,10000.0,144,0.9652777777777778,8,1,1,0,0,0,0,0,0,1,0,0,0,baixo
7,75000.0,6,0.8333333333333334,1,1,1,0,0,1,1,0,0,0,0,0,0,baixo
4,10000.0,2,0.0,1,1,1,0,0,0,1,0,0,0,0,0,0,baixo
5,10000.0,0,0.0,2,1,1,0,0,0,0,0,1,0,0,0,0,medio_baixo
6,10000.0,0,0.0,1,2,1,0,0,0,0,0,0,1,0,0,0,gratuito
8,10000.0,26,0.3076923076923077,1,3,1,0,0,0,1,1,1,0,0,0,0,baixo
7,10000.0,20,0.9,1,2,1,0,0,0,1,1,0,0,0,0,0,gratuito
4,10000.0,15,0.9333333333333333,2,3,1,0,0,0,1,1,0,0,0,1,0,alto
1,10000.0,2,0.5,1,5,1,0,0,0,1,1,1,1,1,0,0,alto
2,35000.0,1005,0.8646766169154229,14,2,1,1,1,1,1,1,0,0,0,0,0,medio_alto
5,10000.0,8,0.5,13,3,1,0,0,0,0,1,0,1,0,0,0,medio_alto
1,0.0,0,0.0,1,3,1,0,0,0,0,1,0,0,0,1,0,gratuito
2,10000.0,43,0.6511627906976745,2,3,1,0,0,0,0,0,1,1,0,0,1,baixo
1,10000.0,0,0.0,1,3,1,0,0,0,1,0,0,1,0,1,0,medio_baixo
8,10000.0,32,0.78125,6,2,1,1,1,1,1,1,0,0,0,0,0,gratuito
8,10000.0,702,0.9344729344729344,18,2,1,1,0,0,0,0,1,1,0,0,0,medio_baixo
2,0.0,0,0.0,1,4,1,0,0,0,1,0,0,1,0,0,1,gratuito
1,0.0,0,0.0,7,3,1,0,0,0,1,0,0,0,0,1,1,medio_baixo
4,0.0,0,0.0,0,0,1,0,0,0,0,0,0,0,0,0,0,gratuito
2,10000.0,0,0.0,27,4,1,0,0,11,1,0,1,1,0,0,1,medio_alto
9,150000.0,537,0.6759776536312849,1,3,1,0,0,0,0,0,0,0,1,0,0,gratuito
1,0.0,0,0.0,2,4,1,0,0,0,1,1,1,0,0,0,0,gratuito
1,10000.0,0,0.0,6,3,1,1,1,0,1,0,1,0,1,0,0,alto
1,10000.0,0,0.0,1,4,1,1,0,0,1,1,1,0,0,0,0,gratuito
6,10000.0,92,0.6847826086956522,3,4,1,0,0,0,1,0,0,0,0,1,1,alto
3,10000.0,4,0.5,29,2,1,1,1,0,1,1,0,0,0,0,0,baixo
7,35000.0,194,0.8762886597938144,1,3,1,0,0,0,1,1,1,0,0,0,0,gratuito
6,10000.0,7,1.0,2,2,1,0,0,1,1,0,1,0,0,0,0,baixo
3,10000.0,0,0.0,1,3,1,0,0,0,1,0,1,1,0,0,0,baixo
11,75000.0,1455,0.8515463917525773,1,2,1,0,0,1,0,1,0,0,0,1,0,medio_baixo
1,0.0,0,0.0,2,3,1,0,0,0,0,1,1,0,0,0,0,gratuito
8,10000.0,63,0.38095238095238093,27,5,1,0,0,0,1,1,1,1,0,0,1,baixo
1,0.0,0,0.0,1,3,1,0,0,0,1,1,0,1,0,0,0,medio_baixo
1,75000.0,700,0.9242857142857143,2,6,1,0,0,0,0,1,1,1,1,1,1,alto
4,10000.0,6,0.0,1,1,1,0,0,0,1,0,0,0,0,0,0,medio_baixo
9,10000.0,104,0.9326923076923077,1,1,1,0,0,0,0,1,0,0,0,0,0,baixo
7,10000.0,5,0.4,1,3,1,0,0,0,1,1,0,1,0,0,0,medio_alto
2,0.0,0,0.0,1,4,1,0,0,1,1,0,1,1,0,0,0,gratuito
3,10000.0,5,0.6,1,3,1,0,0,0,1,0,1,0,1,0,0,medio_baixo
6,10000.0,22,0.5909090909090909,1,4,1,0,0,0,1,0,0,0,0,1,1,medio_baixo
6,35000.0,259,0.8223938223938224,10,2,1,1,0,1,1,1,0,0,0,0,0,alto
1,0.0,0,0.0,0,0,1,0,0,0,0,0,0,0,0,0,0,gratuito
3,0.0,0,0.0,12,3,1,1,0,5,0,0,1,1,0,0,0,gratuito
9,10000.0,244,0.930327868852459,2,2,1,0,1,0,1,0,1,0,0,0,0,gratuito
2,10000.0,37,0.8378378378378378,2,1,1,0,0,0,1,0,0,0,0,0,0,medio_baixo
3,75000.0,67,0.9701492537313433,1,3,1,1,0,0,1,0,1,0,1,0,0,gratuito
9,10000.0,86,0.7209302325581395,1,1,1,0,0,0,0,0,0,0,0,0,0,alto
1,10000.0,0,0.0,1,4,1,0,0,0,1,1,0,1,0,0,0,medio_alto
6,10000.0,4,1.0,1,1,1,0,0,0,1,0,0,0,0,0,0,medio_baixo
1,0.0,0,0.0,0,0,1,0,0,0,0,0,0,0,0,0,0,gratuito
6,35000.0,13,0.38461538461538464,1,3,1,0,0,0,1,0,0,1,0,1,0,baixo
1,0.0,0,0.0,0,0,1,0,0,0,0,0,0,0,0,0,0,gratuito
8,10000.0,0,0.0,1,2,1,1,0,0,1,1,0,0,0,0,0,medio_baixo
1,0.0,0,0.0,1,2,1,0,0,0,1,0,1,0,0,0,0,gratuito
1,10000.0,1,0.0,2,1,1,0,0,0,0,0,0,0,0,0,1,medio_alto
5,10000.0,30,0.6666666666666666,1,2,1,0,0,0,1,1,0,0,0,0,0,baixo
8,35000.0,2248,0.9381672597864769,2,6,1,0,0,0,1,1,1,1,1,0,1,baixo
2,10000.0,5,0.8,29,3,1,1,0,0,0,0,0,1,0,1,1,medio_baixo
10,75000.0,111,0.7657657657657657,1,6,1,0,0,0,1,1,1,1,0,1,1,baixo
7,10000.0,0,0.0,2,3,1,1,0,0,1,0,1,0,1,0,0,alto
8,10000.0,26,0.5384615384615384,1,5,1,0,0,0,0,0,1,1,1,1,1,alto
1,0.0,0,0.0,0,0,1,0,0,0,0,0,0,0,0,0,0,gratuito
3,10000.0,1,0.0,1,2,1,0,1,0,1,0,0,1,0,0,0,alto
1,0.0,0,0.0,1,3,1,0,0,0,0,0,0,0,0,0,0,gratuito
6,35000.0,168,0.8809523809523809,1,3,1,1,0,0,1,0,0,0,1,0,0,baixo
2,0.0,0,0.0,0,0,1,0,0,0,0,0,0,0,0,0,0,gratuito
9,10000.0,65,0.8,1,4,1,0,0,1,1,1,1,0,1,0,0,medio_baixo
2,10000.0,8,1.0,2,5,1,0,0,0,1,0,0,0,0,1,1,medio_alto
3,10000.0,83,0.8433734939759037,11,4,1,0,1,0,1,0,0,1,0,1,1,medio_alto
7,150000.0,384,0.7760416666666666,29,5,1,1,1,0,1,1,0,1,0,0,0,gratuito
2,0.0,0,0.0,0,0,1,0,0,0,0,0,0,0,0,0,0,gratuito
8,10000.0,34,0.2647058823529412,20,9,1,1,1,0,1,1,1,1,1,1,1,alto
8,35000.0,629,0.56120826709062,13,1,1,0,0,0,0,1,0,0,0,0,0,alto
10,10000.0,36,0.6111111111111112,1,3,1,0,0,0,1,0,0,0,1,0,0,gratuito
1,10000.0,25,1.0,1,4,1,0,0,1,0,1,1,1,0,0,1,alto
1,10000.0,0,0.0,9,2,1,0,0,1,1,0,0,1,0,0,0,alto
3,0.0,0,0.0,0,0,1,0,0,0,0,0,0,0,0,0,0,gratuito
4,10000.0,5,1.0,2,4,1,0,0,4,0,0,1,0,1,1,1,alto
2,10000.0,3,0.6666666666666666,3,2,1,1,0,0,0,0,1,1,0,0,0,medio_alto
1,10000.0,30,0.5,1,3,1,0,0,0,1,0,0,1,0,0,1,baixo
7,10000.0,50,0.86,8,1,1,0,0,0,1,0,0,0,0,0,0,medio_baixo
9,10000.0,2,0.5,3,2,1,1,0,0,1,0,0,1,0,0,0,alto
6,10000.0,1,1.0,1,5,1,0,0,0,1,0,0,1,1,0,1,medio_baixo
2,10000.0,0,0.0,13,5,1,0,0,0,1,0,0,1,0,1,0,gratuito
6,10000.0,2,0.5,1,3,1,0,0,0,1,1,0,1,0,0,0,baixo
5,10000.0,0,0.0,1,2,1,0,0,2,1,0,0,1,0,0,0,baixo
1,10000.0,0,0.0,1,4,1,0,1,0,1,0,0,0,0,0,1,alto
1,10000.0,341,0.9120234604105572,4,3,1,0,0,2,1,1,0,0,1,0,0,alto
1,10000.0,32,0.9375,2,3,1,0,0,0,1,0,0,1,0,0,1,alto
7,10000.0,5,1.0,1,2,1,1,0,0,0,1,0,1,0,0,0,medio_baixo
2,10000.0,0,0.0,1,2,1,0,0,0,0,0,0,0,0,1,0,gratuito
4,0.0,0,0.0,1,3,1,0,0,0,0,1,0,0,0,0,0,gratuito
4,10000.0,10,0.5,1,3,1,0,0,0,0,1,1,0,1,0,0,medio_alto
2,10000.0,89,0.9550561797752809,1,3,1,1,0,0,1,1,1,0,0,0,0,alto
5,150000.0,29,0.9655172413793104,9,1,1,0,0,0,0,0,0,1,0,0,0,medio_baixo
10,75000.0,247,0.9271255060728745,1,4,1,1,1,0,1,0,0,1,0,0,1,gratuito
3,0.0,0,0.0,103,6,1,0,0,2,1,1,1,1,0,0,1,gratuito
6,10000.0,3,0.3333333333333333,2,4,1,0,0,0,1,1,0,1,0,1,0,medio_alto
2,10000.0,0,0.0,16,1,1,0,0,0,0,0,0,0,0,0,1,alto
4,0.0,0,0.0,0,0,1,0,0,0,0,0,0,0,0,0,0,gratuito
2,10000.0,3,0.3333333333333333,1,4,1,0,0,0,1,1,1,0,0,0,0,baixo
8,10000.0,19,0.6842105263157895,1,2,1,1,0,0,1,0,0,0,0,1,0,alto
2,0.0,0,0.0,1,3,1,0,0,0,0,0,0,0,0,1,1,gratuito
1,10000.0,0,0.0,11,4,1,0,0,0,1,0,0,1,1,1,0,medio_alto
3,10000.0,34,0.8823529411764706,2,3,1,1,1,1,1,0,1,1,0,0,0,medio_baixo
2,35000.0,603,0.7976782752902156,2,7,1,0,0,0,1,1,1,0,1,1,1,alto
8,10000.0,24,0.5416666666666666,1,3,1,0,0,0,1,0,0,1,0,1,0,baixo
3,10000.0,10,0.6,1,1,1,0,0,0,0,0,0,0,0,1,0,baixo
4,35000.0,8,0.25,1,3,1,0,0,0,1,1,0,1,0,0,0,medio_alto
5,10000.0,46,0.45652173913043476,29,2,1,0,0,0,0,0,0,1,0,0,1,medio_alto
10,10000.0,79,0.3291139240506329,26,3,1,0,0,0,1,0,1,0,0,0,0,alto
1,10000.0,0,0.0,1,4,1,1,1,1,1,0,1,1,0,1,0,alto
8,10000.0,13,0.8461538461538461,1,6,1,0,0,0,1,1,1,0,0,0,0,alto
7,10000.0,0,0.0,1,1,1,0,0,0,0,1,0,0,0,0,0,baixo
6,10000.0,17,0.9411764705882353,15,3,1,1,0,0,1,1,0,1,0,0,0,medio_alto
1,0.0,0,0.0,1,1,1,1,1,0,1,0,0,0,0,0,0,medio_alto
5,10000.0,10,0.6,1,3,1,0,0,0,1,0,0,0,0,0,0,gratuito
1,0.0,0,0.0,0,0,1,0,0,0,0,0,0,0,0,0,0,gratuito
3,10000.0,0,0.0,1,1,1,0,0,0,0,0,0,0,0,0,1,baixo
19,3500000.0,25070,0.9349022736338253,5,1,1,1,0,0,0,1,0,0,0,0,0,alto
2,0.0,0,0.0,0,0,1,0,0,0,0,0,0,0,0,0,0,gratuito
2,10000.0,110,0.9636363636363636,1,2,1,0,0,0,1,0,1,0,0,0,0,medio_baixo
2,10000.0,5,1.0,1,4,1,0,0,0,1,1,0,0,0,0,1,alto
6,10000.0,42,0.8095238095238095,6,3,1,0,0,0,1,1,1,0,0,0,0,baixo
7,10000.0,33,0.9393939393939394,6,4,1,0,0,0,0,0,1,1,0,1,1,medio_baixo
6,150000.0,13,0.46153846153846156,3,3,1,0,0,0,1,1,1,0,0,0,0,medio_alto
5,150000.0,953,0.7691500524658972,1,4,1,0,0,1,1,0,0,0,0,1,1,alto
3,10000.0,7,0.8571428571428571,1,4,1,0,0,0,1,0,1,0,0,0,1,medio_baixo
7,10000.0,106,0.9150943396226415,1,4,1,0,0,0,1,0,1,1,0,0,1,baixo
4,0.0,0,0.0,1,2,1,0,0,0,1,0,0,1,0,0,0,gratuito
5,35000.0,164,0.8292682926829268,19,4,1,0,0,0,1,0,0,1,0,0,1,gratuito
1,0.0,0,0.0,1,1,1,0,0,0,0,1,0,0,0,0,0,baixo
7,10000.0,79,0.6329113924050633,1,2,1,0,0,1,1,1,0,0,0,0,0,medio_baixo
8,10000.0,1,1.0,10,2,1,1,1,0,1,0,0,1,0,0,0,baixo
1,0.0,0,0.0,0,0,1,0,0,0,0,0,0,0,0,0,0,gratuito
3,750000.0,754,0.7891246684350133,11,5,1,0,0,7,1,1,1,0,0,1,1,medio_baixo
1,0.0,0,0.0,0,0,1,0,0,0,0,0,0,0,0,0,0,gratuito
7,10000.0,23,1.0,2,3,1,0,0,0,1,1,1,0,0,0,0,alto
2,0.0,0,0.0,0,0,1,0,0,0,0,0,0,0,0,0,0,gratuito
1,0.0,0,0.0,0,0,1,0,0,0,0,0,0,0,0,0,0,gratuito
6,10000.0,1,0.0,1,1,1,0,0,0,0,0,0,0,0,1,0,medio_baixo
7,75000.0,216,0.7083333333333334,1,8,1,1,0,0,1,1,1,1,0,1,1,gratuito
2,10000.0,9,1.0,1,5,1,0,0,0,1,1,1,0,1,0,0,alto
4,0.0,0,0.0,1,3,1,1,1,0,1,1,1,0,0,0,0,gratuito
2,10000.0,4,1.0,3,3,1,0,1,0,1,0,0,1,0,0,1,medio_alto
1,10000.0,0,0.0,13,5,1,1,1,0,1,0,0,1,1,1,1,alto
4,0.0,0,0.0,29,2,1,0,0,1,0,0,0,1,0,0,0,gratuito
5,10000.0,7,0.42857142857142855,2,4,1,0,0,0,1,1,0,1,0,1,0,baixo
3,10000.0,10,1.0,1,3,1,0,0,0,1,1,0,1,0,0,0,baixo
3,150000.0,1392,0.6257183908045977,9,5,1,0,0,1,1,1,1,0,0,0,1,alto
5,10000.0,14,1.0,4,3,1,0,0,0,1,1,0,1,0,0,0,baixo
8,10000.0,167,0.5209580838323353,2,3,1,0,0,0,1,0,0,0,0,0,0,baixo
4,35000.0,193,0.5854922279792746,12,5,1,0,0,0,1,0,1,1,0,1,1,alto
2,10000.0,104,0.7596153846153846,11,3,1,0,0,1,1,0,0,0,1,1,0,medio_alto
3,10000.0,21,0.8095238095238095,1,3,1,0,0,0,0,1,0,1,0,0,0,gratuito
9,35000.0,389,0.897172236503856,7,2,1,0,0,2,1,1,0,0,0,0,0,medio_alto
5,10000.0,27,0.7407407407407407,29,4,1,0,0,0,1,1,1,1,0,0,0,alto
4,10000.0,1,1.0,1,3,1,1,0,0,0,1,1,1,0,0,0,medio_alto
2,75000.0,1,1.0,1,3,1,0,0,0,1,0,1,1,0,0,0,alto
2,10000.0,14,0.6428571428571429,5,1,1,0,0,0,1,0,0,0,0,0,0,baixo
3,0.0,0,0.0,1,3,1,0,0,0,1,1,1,0,0,0,0,gratuito
4,0.0,0,0.0,2,2,1,0,0,0,0,1,0,0,0,0,0,gratuito
2,10000.0,201,0.8606965174129353,1,2,1,0,1,0,0,1,1,0,0,0,0,medio_alto
3,10000.0,108,0.8888888888888888,8,4,1,0,0,0,1,0,0,1,0,1,1,medio_alto
8,10000.0,27,0.8518518518518519,1,4,1,0,0,0,0,0,0,0,0,0,0,gratuito
1,10000.0,279,0.974910394265233,11,2,1,0,0,0,1,1,0,0,0,0,0,medio_baixo
3,0.0,0,0.0,0,0,1,0,0,0,0,0,0,0,0,0,0,gratuito
1,0.0,0,0.0,103,6,1,0,0,0,0,1,1,1,0,1,1,baixo
3,35000.0,222,0.5900900900900901,7,3,1,0,0,0,0,1,0,0,0,1,1,medio_baixo
6,10000.0,3,0.6666666666666666,1,3,1,0,0,0,1,0,1,1,0,0,0,alto
1,0.0,0,0.0,1,2,0,1,0,0,0,0,0,0,0,0,0,alto
1,0.0,0,0.0,0,0,1,0,0,0,0,0,0,0,0,0,0,gratuito
1,10000.0,0,0.0,11,3,1,0,0,2,1,0,1,1,0,0,0,alto
4,75000.0,23,0.6956521739130435,2,2,1,0,0,0,1,1,0,0,0,0,0,medio_baixo
6,10000.0,5,1.0,1,3,1,0,0,1,0,0,1,1,1,0,0,baixo
2,0.0,0,0.0,1,4,1,0,0,0,1,1,0,1,0,0,0,gratuito
3,10000.0,2,0.5,1,2,1,0,0,0,0,0,0,0,1,0,1,medio_alto
7,10000.0,3,0.6666666666666666,1,4,1,0,0,0,0,0,0,1,0,0,1,medio_alto
5,35000.0,43,0.9767441860465116,6,5,1,0,0,0,1,1,1,1,1,0,0,medio_baixo
6,10000.0,141,0.6099290780141844,10,2,1,0,0,0,1,1,0,0,0,0,0,medio_alto
3,10000.0,3,0.6666666666666666,1,3,1,0,0,0,1,0,0,1,0,1,0,baixo
4,150000.0,6,1.0,1,3,1,0,0,0,1,1,1,0,0,0,0,medio_baixo
2,0.0,0,0.0,0,0,1,0,0,0,0,0,0,0,0,0,0,gratuito
2,10000.0,2,1.0,2,3,1,0,0,1,1,0,1,1,0,0,0,medio_baixo
3,0.0,0,0.0,103,5,1,0,0,1,1,1,1,1,0,0,0,gratuito
9,10000.0,40,0.45,1,3,1,0,0,0,1,0,0,1,0,0,0,baixo
2,75000.0,467,0.7644539614561028,1,5,1,1,1,0,1,1,0,0,1,0,1,gratuito
12,150000.0,573,0.7643979057591623,9,2,1,0,0,0,0,1,1,0,0,0,0,medio_baixo
2,0.0,0,0.0,11,3,1,0,0,0,0,0,0,1,1,0,0,gratuito
4,75000.0,1237,0.7510105092966856,11,2,1,0,0,9,0,0,0,1,0,0,1,medio_alto
2,10000.0,3,1.0,1,3,1,0,0,0,0,1,0,1,0,0,0,medio_baixo
1,0.0,0,0.0,1,3,1,0,0,0,0,1,1,0,0,0,0,gratuito
2,75000.0,666,0.9324324324324325,1,3,1,0,0,1,0,0,0,0,1,1,0,alto
6,10000.0,3,0.6666666666666666,1,4,1,0,0,0,1,1,0,1,0,0,0,gratuito
3,0.0,0,0.0,0,0,1,0,0,0,0,0,0,0,0,0,0,gratuito
12,150000.0,210,0.6714285714285714,1,2,1,0,0,0,1,1,0,0,0,0,0,medio_alto
4,75000.0,250,0.98,4,5,1,0,0,1,1,0,0,0,0,1,1,gratuito
2,0.0,0,0.0,1,1,1,0,0,1,0,0,0,1,0,0,0,gratuito
4,10000.0,411,0.9464720194647201,10,4,1,1,1,0,0,0,0,0,1,0,0,alto
4,10000.0,3,0.0,1,2,1,0,0,0,0,1,1,0,0,0,0,alto
1,10000.0,12,0.75,12,3,1,0,0,4,1,0,0,0,0,1,1,medio_baixo
3,0.0,0,0.0,0,0,1,0,0,0,0,0,0,0,0,0,0,gratuito
1,0.0,0,0.0,0,0,1,0,0,0,0,0,0,0,0,0,0,gratuito
1,10000.0,0,0.0,7,3,1,0,0,1,1,1,1,0,0,0,0,alto
5,10000.0,2,0.5,1,3,1,0,0,0,0,1,0,0,0,1,0,medio_baixo
9,10000.0,0,0.0,12,2,1,1,1,0,1,0,0,1,0,0,0,medio_alto
3,10000.0,300,0.5966666666666667,13,1,1,0,0,0,0,0,0,0,0,0,1,alto
2,10000.0,4,0.75,1,1,1,0,0,0,1,0,0,0,0,0,0,medio_alto
5,35000.0,5,0.6,1,2,1,1,1,0,0,0,0,1,0,0,0,gratuito
4,10000.0,2,1.0,1,2,1,0,0,0,1,0,0,1,0,0,0,baixo
5,75000.0,422,0.8957345971563981,1,4,1,0,0,1,1,0,1,1,1,0,0,medio_alto
4,35000.0,7,0.5714285714285714,1,2,1,1,1,0,1,0,0,1,0,0,0,medio_baixo
5,10000.0,12,0.9166666666666666,2,2,1,0,1,0,1,0,0,1,0,0,0,alto
12,75000.0,116,0.5431034482758621,3,1,1,0,0,0,0,0,0,0,0,1,0,baixo
2,10000.0,182,0.8791208791208791,2,2,1,0,0,0,1,0,1,0,0,0,0,alto
3,10000.0,1,1.0,2,1,1,1,0,0,0,0,1,0,0,0,0,medio_alto
5,10000.0,12,0.9166666666666666,2,2,1,0,0,0,1,1,0,0,0,0,0,medio_alto
1,10000.0,26,0.5769230769230769,13,4,1,0,0,0,1,0,0,1,0,0,1,alto
8,10000.0,17,0.29411764705882354,1,4,1,0,0,0,1,0,1,1,0,0,0,gratuito
5,750000.0,5542,0.7183327318657524,25,1,1,0,0,0,0,0,0,0,0,0,0,medio_alto
1,10000.0,5,1.0,1,1,1,0,1,0,0,1,0,0,0,0,0,medio_alto
3,10000.0,37,0.8378378378378378,1,2,1,0,0,0,1,0,1,0,0,0,0,medio_baixo
1,0.0,0,0.0,1,3,1,0,0,0,1,1,0,1,0,0,0,medio_baixo
3,10000.0,16,0.8125,10,6,1,0,0,0,1,1,1,1,1,0,1,medio_baixo
9,35000.0,621,0.7777777777777778,2,2,1,0,0,2,0,0,0,0,1,1,0,medio_alto
1,0.0,0,0.0,0,0,1,0,0,0,0,0,0,0,0,0,0,gratuito
3,10000.0,4,0.5,4,1,1,0,0,0,0,0,0,1,0,0,0,medio_alto
3,0.0,0,0.0,0,0,1,0,0,0,0,0,0,0,0,0,0,gratuito
6,10000.0,5,1.0,1,2,1,1,1,0,1,1,0,0,0,0,0,medio_baixo
5,10000.0,10,1.0,8,2,1,0,0,0,1,0,0,1,0,0,0,baixo
8,10000.0,8,0.625,2,6,1,0,0,0,1,1,1,1,1,0,1,medio_baixo
5,0.0,0,0.0,0,0,1,0,0,0,0,0,0,0,0,0,0,gratuito
5,10000.0,6,1.0,1,3,1,1,1,0,1,0,0,1,0,1,0,medio_baixo
4,10000.0,122,0.7049180327868853,6,0,1,0,0,1,0,0,0,0,0,0,0,baixo
11,10000.0,34,0.5882352941176471,1,5,1,0,0,0,0,0,0,0,0,0,0,alto
6,10000.0,21,0.8095238095238095,1,5,1,1,1,2,1,0,1,1,1,0,1,medio_baixo
8,10000.0,16,0.625,1,3,1,0,0,0,1,1,0,0,1,0,0,medio_alto
8,75000.0,220,0.7181818181818181,5,3,1,0,0,0,1,1,0,1,0,0,0,medio_baixo
8,10000.0,5,0.6,1,2,1,0,0,0,1,0,0,1,0,0,0,baixo
3,35000.0,1,1.0,1,2,1,0,0,0,0,0,1,1,0,0,0,alto
3,10000.0,0,0.0,1,4,1,0,0,0,1,0,1,1,1,0,0,medio_baixo
6,10000.0,1,1.0,1,4,1,0,0,0,1,0,0,1,0,1,0,baixo
5,10000.0,2,1.0,1,4,1,0,0,0,0,1,1,0,0,1,1,medio_baixo
4,10000.0,4,1.0,1,3,1,0,0,0,1,1,1,0,0,0,0,medio_alto
2,0.0,0,0.0,0,0,1,0,0,0,0,0,0,0,0,0,0,gratuito
2,10000.0,23,0.7391304347826086,1,2,1,0,0,0,1,0,0,1,0,0,0,medio_baixo
2,10000.0,0,0.0,1,3,1,0,0,0,1,0,0,1,0,1,0,medio_alto
4,10000.0,44,0.9318181818181818,1,4,1,0,0,1,1,0,1,1,0,1,0,medio_alto
8,10000.0,4,0.25,2,5,1,0,0,0,1,0,1,1,0,0,1,medio_baixo
1,10000.0,3,0.6666666666666666,1,2,1,0,0,0,1,0,0,0,1,0,0,medio_alto
8,10000.0,28,0.9642857142857143,1,3,1,1,1,0,1,0,1,1,0,0,0,baixo
2,0.0,0,0.0,2,3,1,0,0,0,0,0,0,1,0,0,1,gratuito
5,750000.0,18606,0.9468988498333871,6,1,1,0,0,0,0,0,1,0,0,0,0,alto
2,10000.0,39,0.9743589743589743,1,1,1,0,0,0,0,0,1,0,0,0,0,alto
9,35000.0,207,0.9227053140096618,2,4,1,0,0,1,1,1,0,1,0,0,1,baixo
2,10000.0,17,0.8823529411764706,1,4,1,0,0,0,0,1,1,1,0,0,0,medio_baixo
4,0.0,0,0.0,9,3,1,0,0,1,1,1,1,0,0,0,0,gratuito
3,10000.0,0,0.0,1,1,1,0,0,0,0,0,1,0,0,0,0,medio_alto
8,10000.0,21,0.23809523809523808,1,2,1,0,0,0,0,1,0,1,0,0,0,baixo
4,10000.0,31,0.8064516129032258,3,3,1,0,0,0,1,1,1,0,0,0,0,medio_baixo
1,10000.0,0,0.0,12,5,1,0,0,0,1,1,1,0,0,0,1,alto
2,10000.0,22,0.9090909090909091,1,3,1,1,0,0,1,0,0,0,1,0,1,alto
3,10000.0,17,1.0,13,3,1,0,0,0,1,1,1,0,0,0,0,medio_alto
2,10000.0,4,1.0,1,2,1,0,0,0,1,1,0,0,0,0,0,medio_alto
8,10000.0,23,0.8695652173913043,29,3,1,1,1,3,1,0,0,1,0,1,0,medio_alto
11,75000.0,351,0.9316239316239316,1,0,1,1,1,0,0,0,0,0,0,0,0,gratuito
1,10000.0,0,0.0,1,3,1,0,0,0,1,0,0,1,0,1,0,medio_alto
1,10000.0,4,1.0,7,2,1,1,1,0,1,0,0,1,0,0,0,medio_baixo
12,10000.0,117,0.5726495726495726,1,3,1,0,0,0,1,0,1,0,1,0,0,medio_alto
6,10000.0,14,0.35714285714285715,1,3,1,1,1,1,0,1,1,0,1,0,0,baixo
9,10000.0,2,1.0,27,3,1,1,0,0,1,1,0,1,0,0,0,medio_baixo
2,10000.0,81,0.9506172839506173,1,3,1,0,0,0,1,1,0,0,0,0,0,medio_alto
3,10000.0,21,0.9523809523809523,1,2,1,1,1,0,1,0,0,0,1,0,0,alto
1,0.0,0,0.0,6,4,1,1,1,0,1,0,0,0,0,1,1,alto
1,10000.0,10,0.3,6,4,1,0,0,1,0,0,0,0,0,1,1,alto
3,10000.0,91,0.5604395604395604,5,1,1,0,0,0,0,1,0,0,0,0,0,medio_baixo
4,10000.0,0,0.0,2,2,1,0,0,0,1,0,0,1,0,0,0,medio_baixo
6,10000.0,2,1.0,1,5,1,0,0,0,1,1,0,0,0,1,1,medio_alto
4,10000.0,6,0.8333333333333334,1,3,1,0,0,0,1,1,0,1,0,0,0,medio_alto
6,35000.0,868,0.6693548387096774,12,5,1,0,0,4,0,1,1,0,0,1,1,medio_alto
8,10000.0,7,0.2857142857142857,1,3,1,0,0,0,1,0,0,1,0,0,0,medio_baixo
1,0.0,0,0.0,1,1,1,0,0,0,0,0,0,0,0,1,0,medio_alto
1,0.0,0,0.0,103,2,1,0,1,0,1,0,1,0,0,0,0,medio_baixo
5,10000.0,41,0.5853658536585366,4,4,1,0,0,2,1,0,0,1,0,1,1,medio_baixo
3,35000.0,48,0.6666666666666666,3,3,1,0,0,0,1,1,0,0,1,0,0,alto
1,10000.0,1,1.0,1,2,1,0,0,0,1,0,0,1,0,0,0,baixo
1,0.0,0,0.0,3,3,1,1,0,0,1,0,1,1,0,0,0,medio_alto
3,10000.0,1,1.0,1,7,1,0,0,0,1,1,1,1,1,1,1,alto
7,10000.0,0,0.0,1,1,1,0,0,0,1,0,0,0,0,0,0,baixo
1,10000.0,0,0.0,4,2,1,0,0,0,0,0,1,0,0,0,1,alto
4,0.0,0,0.0,1,3,1,0,0,3,0,0,0,1,0,0,1,gratuito
3,0.0,0,0.0,0,0,1,0,0,0,0,0,0,0,0,0,0,gratuito
1,10000.0,0,0.0,1,2,1,0,0,2,1,1,0,0,0,0,0,alto
4,10000.0,25,0.88,1,3,1,0,0,0,1,1,0,1,0,0,0,alto
7,35000.0,257,0.8832684824902723,1,5,1,1,0,0,1,1,0,0,1,0,0,gratuito
11,75000.0,1519,0.9618169848584596,1,2,1,0,0,0,0,0,0,0,1,1,0,baixo
2,10000.0,15,0.7333333333333333,1,4,1,0,0,0,1,0,0,0,0,1,1,medio_alto
1,0.0,0,0.0,1,3,1,0,0,0,1,1,0,1,0,0,0,medio_alto
2,10000.0,38,0.6842105263157895,9,4,1,0,0,0,1,0,0,1,0,0,1,medio_baixo
4,0.0,0,0.0,0,0,1,0,0,0,0,0,0,0,0,0,0,gratuito
4,35000.0,240,0.9458333333333333,2,3,1,0,0,0,1,0,0,1,0,0,1,medio_baixo
5,10000.0,0,0.0,1,1,1,0,0,0,0,0,0,1,0,0,0,baixo
7,10000.0,12,1.0,4,4,1,1,0,0,1,0,0,1,0,1,1,alto
1,10000.0,1,0.0,1,1,1,0,0,0,0,0,1,0,0,0,0,baixo
1,10000.0,0,0.0,1,2,1,0,0,0,0,1,0,1,0,0,0,medio_baixo
3,0.0,0,0.0,0,0,1,0,0,0,0,0,0,0,0,0,0,gratuito
2,10000.0,34,1.0,8,3,1,0,0,0,1,0,0,1,0,0,1,medio_baixo
7,10000.0,0,0.0,3,2,1,0,0,0,0,0,1,1,0,0,0,medio_baixo
5,10000.0,28,0.9285714285714286,10,2,1,0,0,0,1,0,0,1,0,0,0,medio_baixo
3,10000.0,9,0.2222222222222222,11,4,1,0,0,0,1,1,1,1,0,0,0,medio_baixo
4,10000.0,22,1.0,1,1,1,1,1,0,1,0,0,0,0,0,0,medio_baixo
6,150000.0,2194,0.894257064721969,1,3,1,1,1,0,1,0,0,1,0,0,0,gratuito
5,10000.0,13,0.07692307692307693,29,6,1,1,1,0,1,1,1,1,1,1,0,alto
3,0.0,0,0.0,1,1,1,0,0,0,0,0,1,0,0,0,0,gratuito
1,10000.0,0,0.0,12,3,1,0,0,1,0,1,1,1,0,0,0,medio_alto
7,10000.0,10,0.8,1,3,1,1,1,0,1,0,1,0,1,0,0,medio_alto
1,0.0,0,0.0,1,3,1,0,0,0,1,0,0,1,0,0,0,gratuito
7,10000.0,13,0.7692307692307693,1,2,1,0,1,0,1,1,0,0,0,0,0,gratuito
2,10000.0,11,0.8181818181818182,2,1,1,0,0,0,0,0,0,1,0,0,0,medio_baixo
8,10000.0,1,1.0,2,3,1,1,1,0,1,0,0,1,0,1,0,medio_alto
7,35000.0,149,0.5637583892617449,1,4,1,0,0,0,1,1,0,0,0,0,1,medio_alto
8,10000.0,6,0.6666666666666666,1,4,1,0,0,0,1,0,0,1,0,1,0,medio_baixo
1,10000.0,0,0.0,8,2,1,0,0,0,1,0,0,1,0,0,0,medio_baixo
11,35000.0,37,0.21621621621621623,1,1,1,0,0,0,0,0,0,0,0,1,0,alto
1,0.0,0,0.0,1,4,1,0,0,0,1,0,0,1,0,0,1,gratuito
3,10000.0,0,0.0,1,3,1,1,1,1,1,0,0,1,1,0,0,medio_alto
2,10000.0,5,1.0,1,4,1,0,0,0,1,0,1,1,1,0,0,baixo
2,10000.0,8,0.875,1,4,1,0,0,0,1,0,0,1,0,1,1,medio_baixo
8,10000.0,45,0.6666666666666666,3,3,1,1,1,0,1,0,1,1,0,0,0,baixo
1,0.0,0,0.0,3,2,1,1,0,0,0,0,1,1,0,0,0,medio_alto
3,10000.0,1,1.0,1,2,1,0,0,0,1,0,0,1,0,0,0,baixo
8,35000.0,34,0.9411764705882353,1,2,1,0,0,0,0,0,1,1,0,0,0,medio_alto
3,10000.0,2,0.0,1,4,1,0,0,0,1,1,0,1,1,0,0,baixo
18,750000.0,3815,0.8791612057667103,5,1,1,0,0,0,0,0,0,0,0,1,0,medio_baixo
1,0.0,0,0.0,0,0,1,0,0,0,0,0,0,0,0,0,0,gratuito
1,10000.0,0,0.0,1,4,1,0,0,0,1,0,1,0,1,1,0,alto
4,150000.0,8,1.0,1,2,1,0,0,0,0,0,0,0,1,1,0,alto
1,0.0,0,0.0,2,3,1,0,1,0,1,0,0,1,0,0,0,medio_alto
2,10000.0,9,1.0,7,4,1,0,0,0,1,0,0,1,1,0,1,alto
4,150000.0,7,0.5714285714285714,1,2,1,0,1,0,0,1,0,0,0,0,0,gratuito
3,75000.0,1819,0.914238592633315,3,5,1,0,0,0,1,1,0,1,1,1,0,medio_baixo
5,10000.0,0,0.0,5,1,1,1,1,0,0,0,0,1,0,0,0,medio_alto
5,75000.0,1,0.0,1,4,1,0,0,0,1,1,0,1,0,0,0,medio_baixo
3,10000.0,1,0.0,1,2,1,0,0,0,0,0,1,0,0,0,1,medio_baixo
5,10000.0,173,0.9884393063583815,12,3,1,0,0,0,1,0,1,0,1,0,0,medio_alto
6,35000.0,6,0.6666666666666666,1,3,1,1,1,0,1,1,0,1,0,0,0,medio_baixo
9,75000.0,703,0.716927453769559,1,2,1,1,0,1,1,0,0,0,0,0,0,medio_alto
6,10000.0,9,0.4444444444444444,2,2,1,0,0,0,0,1,0,1,0,0,0,baixo
2,10000.0,0,0.0,12,3,1,0,0,0,1,1,0,1,0,0,0,medio_alto
4,10000.0,8,0.875,1,2,1,1,1,0,1,0,0,1,0,0,0,baixo
3,10000.0,5,1.0,6,2,1,0,0,1,1,0,0,1,0,0,0,medio_baixo
2,0.0,0,0.0,0,0,1,0,0,0,0,0,0,0,0,0,0,gratuito
3,0.0,0,0.0,1,5,1,0,0,0,1,0,1,1,1,0,0,gratuito
9,35000.0,376,0.9069148936170213,7,0,1,1,0,0,0,0,0,0,0,0,0,alto
9,35000.0,105,0.8095238095238095,1,2,1,0,0,0,1,1,0,0,0,0,0,baixo
8,10000.0,142,0.6619718309859155,2,2,1,0,0,0,1,0,0,0,1,0,0,medio_baixo
1,0.0,0,0.0,4,5,1,0,0,0,1,1,1,0,1,1,0,medio_baixo
12,35000.0,321,0.881619937694704,11,2,1,0,0,0,0,0,1,1,0,0,0,baixo
5,0.0,0,0.0,1,5,1,0,0,0,1,1,1,1,0,0,0,gratuito
2,0.0,0,0.0,0,0,1,0,0,0,0,0,0,0,0,0,0,gratuito
6,10000.0,4,0.75,1,4,1,0,0,0,1,0,0,1,0,0,1,baixo
7,10000.0,52,0.6153846153846154,1,3,1,0,0,0,1,1,1,0,0,0,0,baixo
9,10000.0,22,0.5,3,4,1,0,0,0,1,1,1,1,0,0,0,baixo
5,10000.0,11,0.8181818181818182,2,3,1,1,1,0,1,1,0,1,0,0,0,medio_baixo
1,75000.0,3,1.0,1,5,1,0,0,0,1,1,0,1,0,1,1,alto
14,350000.0,1179,0.8515691263782866,1,2,1,0,0,0,0,1,1,0,0,0,0,baixo
2,35000.0,321,0.8566978193146417,12,3,1,0,0,0,0,1,1,0,0,0,1,alto
9,35000.0,183,0.3879781420765027,1,5,1,0,0,0,0,1,1,0,1,0,0,gratuito
1,10000.0,0,0.0,1,1,1,0,0,0,0,1,0,0,0,0,0,medio_baixo
9,10000.0,21,0.9047619047619048,26,3,1,1,1,0,1,1,1,0,0,0,0,alto
13,10000.0,346,0.8901734104046243,1,1,1,0,0,0,0,0,0,0,0,0,0,alto
3,10000.0,5,1.0,1,4,1,0,0,0,1,1,1,0,0,0,0,baixo
1,0.0,0,0.0,10,3,1,1,1,0,1,0,0,1,0,1,0,medio_alto
2,10000.0,18,0.7222222222222222,12,4,1,0,0,0,1,1,1,0,0,0,1,baixo
8,10000.0,0,0.0,9,4,1,0,0,0,1,1,0,1,1,0,0,baixo
2,0.0,0,0.0,2,4,1,0,0,0,0,1,1,0,1,0,0,gratuito
3,0.0,0,0.0,0,0,1,0,0,0,0,0,0,0,0,0,0,gratuito
1,0.0,0,0.0,1,4,1,0,0,0,1,0,0,1,1,0,1,medio_baixo
4,0.0,0,0.0,2,5,1,1,0,0,1,1,0,0,1,0,0,gratuito
1,10000.0,0,0.0,2,3,1,0,0,0,1,0,1,0,0,0,0,medio_baixo
8,10000.0,16,0.6875,2,6,1,0,0,0,1,1,1,0,1,1,1,alto
3,10000.0,21,0.8571428571428571,1,3,1,0,0,0,1,0,0,0,0,1,1,baixo
4,0.0,0,0.0,0,0,1,0,0,0,0,0,0,0,0,0,0,gratuito
2,10000.0,35,0.6857142857142857,2,4,1,0,0,0,1,0,0,1,0,0,1,gratuito
4,0.0,0,0.0,1,5,1,0,0,0,0,0,0,1,0,0,1,gratuito
14,150000.0,884,0.8959276018099548,6,2,1,0,0,0,0,1,1,0,0,0,0,alto
6,10000.0,0,0.0,6,3,1,1,0,11,1,0,1,1,0,0,0,baixo
5,10000.0,1,0.0,1,4,1,0,0,0,1,0,0,1,1,1,0,baixo
11,1500000.0,1259,0.4614773629864972,2,3,1,1,1,0,1,0,1,0,0,0,1,baixo
9,10000.0,1,1.0,1,3,1,0,0,0,1,0,1,1,0,0,0,medio_baixo
2,10000.0,90,0.8444444444444444,7,1,1,0,0,0,0,0,0,0,0,1,0,alto
8,35000.0,41,0.6097560975609756,5,2,1,0,0,0,0,0,1,1,0,0,0,baixo
3,10000.0,64,0.625,1,5,1,0,0,0,1,1,1,1,1,0,0,gratuito
6,10000.0,0,0.0,29,1,1,1,0,2,0,1,0,0,0,0,0,baixo
2,10000.0,139,0.7410071942446043,8,1,1,0,0,0,0,0,0,0,0,1,0,medio_alto
9,10000.0,5,0.8,1,1,1,0,0,0,1,0,0,0,0,0,0,baixo
5,10000.0,5,0.8,1,3,1,0,0,1,1,0,1,0,1,0,0,alto
5,10000.0,0,0.0,13,10,1,0,0,0,1,1,1,1,1,1,1,baixo
3,75000.0,81,0.6790123456790124,2,2,1,0,0,0,1,1,0,0,0,0,0,baixo
1,0.0,0,0.0,1,3,1,1,1,0,0,1,1,1,0,0,0,alto
5,75000.0,54,0.9074074074074074,6,3,1,0,0,0,1,0,1,1,0,0,0,alto
1,0.0,0,0.0,1,4,1,0,0,0,1,0,1,1,0,0,0,gratuito
2,10000.0,205,0.8048780487804879,1,1,1,0,0,0,0,0,0,1,0,0,0,baixo
3,35000.0,9,1.0,16,3,1,0,0,0,0,0,1,1,0,0,1,alto
2,10000.0,2,1.0,1,4,1,0,0,0,1,1,0,1,0,1,0,medio_baixo
11,35000.0,193,0.6424870466321243,7,4,1,1,1,1,1,1,1,1,0,0,0,medio_baixo
8,10000.0,33,0.7575757575757576,1,4,1,1,0,0,1,1,0,0,0,0,0,medio_alto
5,10000.0,11,0.5454545454545454,12,1,1,0,0,0,0,0,0,1,0,0,0,medio_baixo
5,10000.0,89,0.898876404494382,10,2,1,0,0,0,1,0,1,0,0,0,0,baixo
2,10000.0,0,0.0,4,4,1,0,0,0,1,0,1,0,1,0,0,alto
8,10000.0,11,0.8181818181818182,1,3,1,1,1,0,1,1,0,1,0,0,0,alto
6,10000.0,28,0.8928571428571429,29,4,1,0,0,0,1,1,1,1,0,0,0,baixo
2,10000.0,98,0.7653061224489796,15,2,1,0,0,0,0,0,0,0,0,0,0,medio_alto
4,10000.0,0,0.0,1,2,1,0,0,0,1,0,0,1,0,0,0,baixo
2,10000.0,5,1.0,4,2,1,1,0,0,0,0,0,0,1,1,0,alto
7,35000.0,243,0.6666666666666666,1,4,1,1,0,2,1,1,1,0,1,0,0,baixo
2,10000.0,10,1.0,1,2,1,0,0,0,1,1,0,0,0,0,0,alto
5,0.0,0,0.0,0,0,1,0,0,0,0,0,0,0,0,0,0,gratuito
2,10000.0,0,0.0,6,2,1,1,1,0,1,0,0,1,0,0,0,medio_baixo
4,35000.0,19,0.8421052631578947,4,2,1,0,0,0,0,0,1,1,0,0,0,alto
6,10000.0,1,1.0,1,7,1,0,0,0,1,1,1,1,1,1,0,alto
1,0.0,0,0.0,8,4,1,0,1,1,1,0,1,0,0,0,1,gratuito
1,10000.0,0,0.0,1,4,1,1,1,0,1,0,0,0,1,0,1,alto
6,10000.0,2,0.0,1,1,1,0,0,0,0,0,0,0,0,0,0,medio_alto
6,350000.0,10402,0.9779850028840608,1,4,1,1,1,2,1,0,0,1,0,0,1,gratuito
2,10000.0,5,0.8,3,2,1,1,1,0,1,0,0,1,0,0,0,baixo
6,10000.0,14,0.8571428571428571,1,2,1,1,1,0,1,1,0,0,0,0,0,medio_alto
4,0.0,0,0.0,2,1,1,0,0,0,1,0,0,0,0,0,0,gratuito
1,10000.0,158,0.7151898734177216,1,3,1,0,0,0,0,1,0,0,0,1,1,baixo
3,10000.0,6,1.0,1,4,1,0,0,0,1,0,0,1,0,0,1,baixo
9,10000.0,36,0.5,1,3,1,0,0,0,1,0,0,1,0,0,0,gratuito
2,10000.0,0,0.0,1,3,1,0,0,19,0,0,0,1,0,1,0,gratuito
5,75000.0,111,0.7297297297297297,2,3,1,0,0,0,0,1,0,0,0,0,0,gratuito
16,750000.0,1006,0.6968190854870775,6,1,1,0,0,0,0,1,0,0,0,0,0,baixo
2,10000.0,84,0.9285714285714286,3,2,1,0,0,0,0,0,1,1,0,0,0,alto
6,10000.0,5,0.6,1,3,1,0,0,0,0,1,0,0,1,1,0,baixo
3,10000.0,23,0.6956521739130435,1,4,1,0,0,0,1,1,1,1,0,0,0,gratuito
7,350000.0,8936,0.9815353625783348,1,2,1,1,1,1,1,0,0,1,0,0,0,medio_alto
1,0.0,0,0.0,1,3,1,0,0,0,0,1,1,0,1,0,0,baixo
10,10000.0,16,0.875,2,2,1,0,0,0,0,0,0,0,0,0,0,medio_baixo
11,35000.0,397,0.6297229219143576,2,1,1,0,0,0,0,0,0,1,0,0,0,medio_baixo
3,10000.0,37,0.8648648648648649,2,2,1,0,0,0,1,0,0,1,0,0,0,baixo
8,75000.0,793,0.8058007566204287,7,7,1,0,0,0,1,1,1,0,0,1,0,baixo
12,150000.0,4748,0.9505054759898904,6,2,1,1,1,1,1,1,0,0,0,0,0,alto
1,10000.0,0,0.0,1,3,1,0,0,0,0,1,1,0,1,0,0,alto
1,0.0,0,0.0,1,1,1,0,0,0,0,0,0,0,0,0,0,baixo
2,10000.0,0,0.0,1,4,1,1,0,0,1,1,1,0,1,0,0,alto
1,10000.0,50,0.96,3,3,1,0,0,0,1,1,1,0,0,0,0,alto
5,10000.0,413,0.8547215496368039,2,1,1,0,0,6,0,0,0,0,1,0,0,alto
3,0.0,0,0.0,1,4,1,0,0,0,1,1,1,1,0,0,0,gratuito
3,10000.0,0,0.0,1,4,1,0,0,0,1,1,0,1,0,0,0,gratuito
2,10000.0,16,1.0,2,3,1,1,0,0,1,0,1,1,0,0,0,baixo
10,10000.0,64,0.703125,3,2,1,1,0,3,1,0,1,0,0,0,0,baixo
3,75000.0,593,0.7993254637436762,18,4,1,1,0,0,1,0,0,0,0,1,1,alto
8,35000.0,150,0.7666666666666667,6,3,1,1,0,0,1,0,1,1,0,0,0,medio_alto
9,10000.0,7,0.42857142857142855,1,3,1,0,0,0,0,0,1,1,0,0,0,medio_alto
2,10000.0,0,0.0,1,1,1,1,0,0,0,0,0,0,1,0,0,medio_baixo
8,10000.0,119,0.8235294117647058,5,1,1,0,0,1,0,0,0,0,0,1,0,alto
7,10000.0,13,0.9230769230769231,1,2,1,0,0,0,1,1,0,0,0,0,0,medio_baixo
8,10000.0,18,0.5,2,5,1,0,0,0,1,1,1,1,0,1,0,baixo
9,10000.0,30,0.5333333333333333,1,2,1,0,0,0,1,1,0,0,0,0,0,baixo
2,10000.0,9,1.0,1,2,1,1,0,0,1,1,0,0,0,0,0,alto
1,10000.0,7,0.7142857142857143,1,1,1,1,1,0,0,0,0,0,0,1,0,medio_baixo
6,10000.0,6,0.5,2,4,1,0,0,0,1,0,1,1,0,0,0,medio_baixo
4,0.0,0,0.0,0,0,1,0,0,0,0,0,0,0,0,0,0,gratuito
9,750000.0,51687,0.9785245806489059,11,2,1,1,0,6,1,0,1,0,0,0,0,alto
1,0.0,0,0.0,1,4,1,0,0,0,1,1,0,0,0,0,0,gratuito
1,0.0,0,0.0,0,0,1,0,0,0,0,0,0,0,0,0,0,gratuito
7,750000.0,16406,0.6290381567719127,13,1,1,0,0,0,0,1,0,0,0,0,0,alto
7,10000.0,8,0.5,1,3,1,0,0,0,0,1,1,0,0,0,0,medio_baixo
1,0.0,0,0.0,2,5,1,0,0,0,1,1,0,1,0,0,1,gratuito
1,10000.0,264,0.928030303030303,1,3,1,0,0,0,1,0,0,0,0,1,0,alto
10,150000.0,375,0.8933333333333333,7,2,1,1,0,2,0,0,1,0,1,0,0,gratuito
4,10000.0,13,0.8461538461538461,1,2,1,0,0,0,1,0,1,0,0,0,0,baixo
9,150000.0,607,0.771004942339374,10,6,1,1,1,0,1,1,1,0,0,1,1,gratuito
1,10000.0,0,0.0,2,1,1,0,0,0,0,0,0,0,0,1,0,alto
4,10000.0,6,1.0,2,3,1,0,0,0,1,1,0,0,1,0,0,alto
1,10000.0,3,1.0,1,4,1,0,0,0,1,0,1,1,0,0,1,medio_baixo
4,10000.0,2,1.0,1,3,1,0,0,0,1,1,0,1,0,0,0,alto
3,35000.0,82,0.9024390243902439,2,5,1,0,0,0,1,1,1,1,1,0,0,medio_baixo
9,75000.0,97,0.6391752577319587,1,2,1,1,1,0,1,1,0,0,0,0,0,medio_baixo
8,75000.0,625,0.9264,4,1,1,0,0,0,0,0,0,0,1,0,0,alto
2,10000.0,0,0.0,1,5,1,0,0,0,1,1,0,1,0,1,1,baixo
10,35000.0,108,0.9166666666666666,1,2,1,0,1,1,1,1,0,0,0,0,0,medio_baixo
3,10000.0,1,1.0,6,3,1,0,0,0,1,0,1,1,0,0,0,medio_alto
1,10000.0,0,0.0,1,2,1,1,1,1,1,1,0,0,0,0,0,medio_alto
2,10000.0,2,0.5,1,2,1,0,0,0,1,0,0,1,0,0,0,baixo
9,150000.0,3092,0.9353169469598965,1,3,1,1,1,1,1,1,1,0,0,0,0,medio_alto
7,10000.0,30,0.9333333333333333,1,2,1,0,0,0,0,0,1,1,0,0,0,medio_alto
7,10000.0,5,1.0,1,1,1,0,0,0,1,0,0,0,0,0,0,medio_baixo
1,0.0,0,0.0,1,1,1,0,1,0,1,0,0,0,0,0,0,medio_alto
7,10000.0,59,0.9830508474576272,1,3,1,0,0,0,1,0,0,1,0,0,0,medio_alto
4,10000.0,5,1.0,6,3,1,0,1,0,1,1,0,1,0,0,0,baixo
1,0.0,0,0.0,8,1,1,0,0,0,0,0,1,0,0,0,0,medio_alto
6,10000.0,9,0.5555555555555556,2,3,1,0,0,1,1,1,0,0,0,0,0,medio_baixo
10,35000.0,126,0.6984126984126984,13,2,1,1,0,1,1,0,1,0,0,0,0,baixo
6,10000.0,41,0.8780487804878049,1,4,1,0,0,0,1,1,0,1,0,0,0,gratuito
3,10000.0,0,0.0,2,2,1,0,0,0,1,0,0,0,0,1,0,alto
7,10000.0,10,0.8,1,4,1,0,0,0,1,1,1,0,0,0,0,medio_alto
3,10000.0,6,0.16666666666666666,8,4,1,0,0,0,1,1,1,0,0,1,0,medio_alto
6,10000.0,19,0.8947368421052632,1,3,1,0,0,0,1,0,0,1,0,1,0,medio_baixo
7,10000.0,5,0.8,1,2,1,0,0,0,1,1,0,0,0,0,0,medio_baixo
5,0.0,0,0.0,0,0,1,0,0,0,0,0,0,0,0,0,0,gratuito
3,10000.0,10,0.7,6,5,1,0,0,0,1,1,1,1,0,1,0,medio_baixo
3,10000.0,7,1.0,12,4,1,0,0,0,1,0,0,1,0,1,1,baixo
4,10000.0,41,0.8780487804878049,4,1,1,0,0,0,0,0,1,0,0,0,0,alto
12,350000.0,1634,0.6768665850673194,10,3,1,0,0,1,1,0,1,1,0,0,0,baixo
1,0.0,0,0.0,0,0,1,0,0,0,0,0,0,0,0,0,0,gratuito
1,0.0,0,0.0,0,0,1,0,0,0,0,0,0,0,0,0,0,gratuito
9,35000.0,107,0.5887850467289719,3,3,1,0,0,0,1,1,1,0,0,0,0,medio_baixo
12,35000.0,700,0.5814285714285714,9,3,1,0,0,3,0,0,0,1,0,0,1,medio_baixo
5,35000.0,4,1.0,1,1,1,0,0,0,0,0,0,1,0,0,0,medio_alto
1,10000.0,4,0.75,3,2,1,1,0,0,0,0,1,1,0,0,0,alto
3,10000.0,0,0.0,11,1,1,0,0,0,1,0,0,0,0,0,0,medio_alto
3,0.0,0,0.0,1,4,1,0,0,0,0,1,1,1,0,0,0,gratuito
8,10000.0,51,0.6666666666666666,2,5,1,0,0,2,0,1,0,1,0,1,1,medio_alto
1,10000.0,4,1.0,1,4,1,0,0,0,1,1,1,0,0,1,0,alto
2,10000.0,2,0.0,1,3,1,0,0,0,1,0,0,0,0,0,1,medio_baixo
2,0.0,0,0.0,0,0,1,0,0,0,0,0,0,0,0,0,0,gratuito
12,35000.0,50,0.48,1,1,1,0,0,7,0,0,0,0,0,0,1,alto
4,150000.0,2312,0.8918685121107266,9,2,1,0,0,1,1,1,0,0,0,0,0,alto
2,35000.0,13,0.8461538461538461,5,4,1,0,0,0,1,1,0,1,0,1,0,medio_alto
4,0.0,0,0.0,0,0,1,0,0,0,0,0,0,0,0,0,0,gratuito
1,10000.0,9,1.0,1,3,1,1,1,1,1,0,1,0,1,0,0,medio_alto
1,10000.0,1,1.0,5,3,1,0,0,0,1,0,1,1,0,0,0,medio_baixo
1,10000.0,0,0.0,1,2,1,1,0,0,0,0,0,0,0,0,1,gratuito
1,10000.0,315,0.7523809523809524,11,3,1,0,0,1,1,1,1,0,0,0,0,alto
4,75000.0,1409,0.9233498935415189,1,2,1,1,1,0,1,0,0,0,0,0,1,alto
2,10000.0,0,0.0,1,2,1,0,0,0,0,0,0,0,0,0,0,medio_alto
9,350000.0,457,0.5754923413566739,1,2,1,1,1,0,1,1,0,0,0,0,0,baixo
13,350000.0,3667,0.8516498500136351,5,2,1,1,0,1,1,0,1,0,0,0,0,medio_baixo
3,10000.0,55,0.7090909090909091,1,3,1,1,0,0,1,0,0,1,0,1,0,alto
6,10000.0,3,1.0,1,4,1,0,0,0,1,1,1,0,1,0,0,alto
3,35000.0,22,0.9090909090909091,2,2,1,1,0,0,1,0,1,0,0,0,0,baixo
4,0.0,0,0.0,0,0,1,0,0,0,0,0,0,0,0,0,0,gratuito
1,35000.0,163,0.8895705521472392,4,2,1,0,0,0,0,1,0,0,0,0,0,alto
2,0.0,0,0.0,0,0,1,0,0,0,0,0,0,0,0,0,0,gratuito
2,10000.0,0,0.0,3,2,1,0,0,0,1,0,0,0,1,0,0,medio_alto
1,0.0,0,0.0,12,6,1,0,0,0,1,1,0,0,0,0,1,gratuito
6,3500000.0,82462,0.8769251291503966,8,3,1,0,0,0,1,1,1,0,0,0,0,medio_baixo
1,10000.0,10,0.9,1,2,1,0,0,1,1,0,1,0,0,0,0,medio_alto
13,350000.0,1409,0.24201561391057488,6,2,1,0,0,0,0,1,0,0,0,1,0,gratuito
6,150000.0,3103,0.7921366419593941,1,4,1,1,1,2,1,1,1,0,0,0,0,gratuito
5,0.0,0,0.0,3,6,1,0,0,0,1,1,1,1,1,0,0,gratuito
6,75000.0,426,0.8544600938967136,1,4,1,1,0,1,1,0,0,1,0,1,0,gratuito
1,10000.0,0,0.0,14,3,1,0,0,0,1,0,0,0,0,1,0,medio_baixo
6,10000.0,2,1.0,1,5,1,0,0,0,1,1,0,1,0,1,1,medio_alto
7,10000.0,7,0.8571428571428571,1,3,1,0,0,0,1,0,1,1,0,0,0,medio_baixo
10,35000.0,98,0.7448979591836735,1,3,1,0,0,0,1,1,0,0,0,1,0,medio_alto
6,10000.0,20,0.75,2,4,1,0,0,0,1,0,1,1,0,0,1,baixo
3,10000.0,11,0.8181818181818182,1,4,1,0,0,0,1,1,0,1,0,0,1,baixo
6,10000.0,203,0.9310344827586207,1,2,1,0,0,0,1,0,0,0,0,0,0,gratuito
5,0.0,0,0.0,1,2,1,1,0,0,0,0,0,1,0,0,0,gratuito
5,10000.0,286,0.8706293706293706,8,1,1,0,0,0,0,0,0,0,0,1,0,medio_alto
2,10000.0,1,0.0,2,3,1,0,0,0,1,1,0,1,0,0,0,baixo
1,10000.0,38,0.9736842105263158,2,1,1,0,0,0,1,0,0,0,0,0,0,baixo
1,10000.0,0,0.0,29,3,1,0,0,0,1,1,0,1,0,0,0,baixo
7,150000.0,2272,0.980193661971831,3,2,1,1,0,0,1,0,1,0,0,0,0,medio_baixo
4,35000.0,2,0.5,103,4,1,0,0,0,1,1,1,1,0,0,0,medio_baixo
3,0.0,0,0.0,103,3,1,0,0,0,1,0,0,1,0,1,0,baixo
1,10000.0,0,0.0,1,3,1,1,0,0,1,1,0,0,0,0,0,alto
2,0.0,0,0.0,0,0,1,0,0,0,0,0,0,0,0,0,0,gratuito
3,10000.0,9,0.7777777777777778,1,4,1,0,0,0,1,1,1,0,0,0,0,gratuito
3,10000.0,5,1.0,1,2,1,0,0,1,0,0,0,1,0,0,0,alto
9,0.0,0,0.0,0,0,1,0,0,0,0,0,0,0,0,0,0,gratuito
2,10000.0,19,0.8421052631578947,6,1,1,0,0,0,0,0,0,0,0,0,0,alto
4,75000.0,14,0.8571428571428571,103,1,1,0,0,0,1,0,0,0,0,0,0,baixo
4,0.0,0,0.0,0,0,1,0,0,0,0,0,0,0,0,0,0,gratuito
1,10000.0,0,0.0,1,2,1,0,0,0,0,1,1,0,0,0,0,baixo
8,10000.0,3,0.3333333333333333,10,3,1,1,0,0,1,1,0,0,0,1,0,alto
2,75000.0,2019,0.8746904408122833,11,3,1,0,0,1,1,0,1,0,0,0,0,alto
3,10000.0,530,0.9320754716981132,5,4,1,0,0,1,1,1,1,0,1,0,0,medio_alto
1,10000.0,38,0.9473684210526315,1,1,1,0,0,0,0,0,0,0,0,0,1,medio_alto
1,10000.0,31,0.9032258064516129,7,3,1,0,0,0,1,0,1,0,0,0,1,medio_baixo
3,10000.0,0,0.0,2,4,1,0,0,0,1,1,1,1,0,0,0,medio_alto
9,10000.0,24,0.25,1,4,1,1,1,4,1,1,0,1,0,1,0,medio_baixo
5,0.0,0,0.0,0,0,1,0,0,0,0,0,0,0,0,0,0,gratuito
9,35000.0,86,0.46511627906976744,8,3,1,1,1,0,1,0,0,0,0,1,0,gratuito
5,0.0,0,0.0,0,0,1,0,0,0,0,0,0,0,0,0,0,gratuito
2,35000.0,461,0.806941431670282,11,4,1,1,0,1,1,1,1,0,1,0,0,medio_baixo
5,1500000.0,19427,0.660935810984712,14,2,1,0,0,2,0,1,0,0,1,0,0,alto
4,10000.0,148,0.7567567567567568,5,5,1,1,0,0,1,0,0,0,0,1,1,alto
7,10000.0,0,0.0,2,2,1,0,0,0,1,0,0,1,0,0,0,baixo
10,150000.0,641,0.4290171606864275,1,2,1,0,0,0,0,1,0,0,0,0,0,baixo
3,10000.0,30,0.9666666666666667,1,5,1,0,0,0,1,1,1,1,0,1,0,baixo
3,10000.0,5,0.0,1,6,1,0,0,0,1,1,1,1,1,0,1,baixo
1,0.0,0,0.0,13,5,1,1,0,0,1,1,0,0,0,0,1,alto
3,0.0,0,0.0,1,5,1,0,0,0,1,0,1,1,0,0,1,gratuito
7,35000.0,1582,0.984197218710493,3,3,1,0,0,0,0,1,0,1,0,0,1,alto
9,35000.0,1421,0.7656579873328642,1,4,1,1,1,2,1,1,1,0,0,0,1,baixo
3,0.0,0,0.0,1,8,1,1,1,0,1,1,1,1,1,0,0,gratuito
8,10000.0,0,0.0,2,2,1,0,0,0,1,1,0,0,0,0,0,alto
1,10000.0,0,0.0,2,2,1,0,0,0,1,0,0,1,0,0,0,medio_baixo
2,35000.0,423,0.8037825059101655,2,1,1,0,0,0,0,0,0,0,1,0,0,alto
2,0.0,0,0.0,1,4,1,0,0,0,1,0,1,0,0,0,1,gratuito
3,10000.0,1,0.0,16,2,1,0,0,0,0,0,1,0,0,0,1,alto
4,10000.0,3,1.0,3,3,1,0,0,0,1,0,0,1,0,1,0,medio_baixo
1,10000.0,23,0.9130434782608695,3,4,1,1,1,1,1,1,1,1,0,0,0,alto
6,10000.0,0,0.0,11,4,1,1,0,0,1,1,1,1,0,0,0,baixo
1,0.0,0,0.0,1,1,1,0,0,0,0,0,0,0,0,0,0,gratuito
5,10000.0,4,0.75,2,1,1,0,0,0,0,1,0,0,0,0,0,medio_baixo
5,35000.0,51,0.9215686274509803,2,2,1,0,0,0,1,0,0,1,0,0,0,baixo
2,0.0,0,0.0,0,0,1,0,0,0,0,0,0,0,0,0,0,gratuito
1,0.0,0,0.0,0,0,1,0,0,0,0,0,0,0,0,0,0,gratuito
7,35000.0,524,0.6526717557251909,7,2,1,0,0,1,1,1,0,0,0,0,0,alto
1,10000.0,0,0.0,6,2,1,0,0,0,0,0,0,0,1,1,0,alto
3,10000.0,0,0.0,11,1,1,0,0,0,0,0,0,0,0,0,1,alto
6,10000.0,12,0.75,1,1,1,0,1,0,0,0,1,0,0,0,0,baixo
3,10000.0,3,0.6666666666666666,2,3,1,0,0,0,0,1,1,1,0,0,0,baixo
8,150000.0,2904,0.9552341597796143,15,3,1,1,1,1,1,0,0,0,0,0,1,gratuito
10,75000.0,105,0.3904761904761905,1,1,1,0,0,0,0,0,0,1,0,0,0,baixo
10,10000.0,34,0.7352941176470589,1,2,1,0,0,0,1,1,0,0,0,0,0,baixo
3,10000.0,0,0.0,2,3,1,0,0,0,0,1,1,0,0,0,0,medio_baixo
1,0.0,0,0.0,1,4,1,0,0,0,1,0,0,1,0,0,1,alto
2,10000.0,32,1.0,19,4,1,1,1,0,1,1,1,0,0,0,0,medio_alto
1,10000.0,7,0.8571428571428571,1,3,1,0,0,0,1,0,0,1,0,1,0,baixo
4,10000.0,49,0.8571428571428571,2,4,1,0,0,0,1,0,0,0,1,1,0,alto
2,10000.0,3,1.0,2,2,1,0,0,0,1,0,1,0,0,0,0,alto
2,10000.0,4,1.0,1,2,1,0,0,0,1,1,0,0,0,0,0,medio_alto
1,0.0,0,0.0,0,0,1,0,0,0,0,0,0,0,0,0,0,gratuito
6,75000.0,660,0.7015151515151515,9,2,1,0,0,0,0,1,0,0,1,0,0,alto
1,0.0,0,0.0,1,3,1,0,0,0,1,0,0,0,0,0,1,medio_alto
3,10000.0,0,0.0,1,3,1,0,0,0,1,0,1,1,0,0,0,alto
4,10000.0,15,0.9333333333333333,1,3,1,0,0,0,0,0,1,1,0,0,1,baixo
1,0.0,0,0.0,1,2,1,0,0,0,1,0,0,1,0,0,0,medio_alto
4,10000.0,9,0.8888888888888888,6,2,1,0,0,0,1,0,0,1,0,0,0,alto
2,10000.0,21,0.47619047619047616,1,3,1,0,0,0,1,0,0,1,0,0,1,baixo
2,35000.0,5,0.8,14,4,1,0,0,0,1,0,0,1,0,1,0,medio_alto
1,0.0,0,0.0,1,6,1,1,1,0,1,0,1,1,1,1,1,alto
7,10000.0,0,0.0,4,3,1,0,1,0,1,1,0,1,0,0,0,baixo
3,0.0,0,0.0,0,0,1,0,0,0,0,0,0,0,0,0,0,gratuito
1,0.0,0,0.0,3,5,1,0,0,0,1,1,1,1,1,0,0,alto
6,10000.0,0,0.0,1,2,1,0,0,3,1,0,0,1,0,0,0,baixo
11,10000.0,34,0.8823529411764706,4,2,1,1,0,0,0,0,1,1,0,0,0,medio_baixo
1,10000.0,0,0.0,1,3,1,0,0,1,0,1,1,0,1,0,0,medio_alto
5,10000.0,1,1.0,1,2,1,0,0,0,0,1,1,0,0,0,0,alto
9,10000.0,54,0.8518518518518519,4,4,1,1,0,0,1,0,1,1,0,1,0,alto
2,10000.0,11,0.7272727272727273,1,4,1,0,0,1,1,1,1,0,0,0,1,medio_alto
7,35000.0,1118,0.9042933810375671,5,3,1,1,1,4,1,0,0,0,1,0,1,alto
2,10000.0,0,0.0,28,4,1,0,0,0,1,0,0,1,1,1,0,baixo
3,10000.0,0,0.0,1,4,1,0,0,0,1,1,1,1,0,0,0,medio_alto
1,10000.0,0,0.0,9,3,1,0,0,0,0,0,0,1,0,1,1,medio_baixo
7,10000.0,96,0.8645833333333334,1,1,1,0,0,0,0,0,0,0,0,0,1,baixo
12,350000.0,356,0.5196629213483146,1,2,1,0,0,0,1,0,0,0,1,0,0,medio_baixo
6,10000.0,3,0.6666666666666666,3,4,1,0,0,0,1,1,0,1,0,1,0,baixo
2,10000.0,17,0.8235294117647058,1,2,1,0,0,0,1,0,0,0,0,0,1,medio_alto
8,10000.0,198,0.9393939393939394,9,3,1,1,1,1,1,0,0,1,0,1,0,medio_alto
1,0.0,0,0.0,8,2,1,0,0,0,1,0,0,1,0,0,0,medio_baixo
8,10000.0,2,0.5,1,3,1,0,0,0,1,0,1,0,0,0,0,baixo
4,0.0,0,0.0,10,5,1,1,1,0,0,1,0,1,0,0,1,gratuito
10,10000.0,70,0.9,1,3,1,0,0,1,1,1,0,0,0,0,0,gratuito
2,10000.0,101,0.9702970297029703,11,6,1,0,0,0,1,0,1,1,1,0,1,alto
4,10000.0,19,0.42105263157894735,4,5,1,0,0,0,1,0,1,1,1,1,0,medio_alto
3,10000.0,1,0.0,1,4,1,0,0,0,1,1,0,0,0,0,0,alto
2,35000.0,753,0.7861885790172642,1,4,1,0,0,1,0,1,0,1,1,0,1,alto
5,0.0,0,0.0,0,0,1,0,0,0,0,0,0,0,0,0,0,gratuito
7,35000.0,7,0.5714285714285714,1,2,1,0,0,1,1,0,0,0,1,0,0,medio_alto
2,10000.0,13,0.23076923076923078,1,2,1,0,0,0,1,0,0,0,0,0,1,medio_baixo
3,0.0,0,0.0,0,0,1,0,0,0,0,0,0,0,0,0,0,gratuito
10,350000.0,1423,0.6957132817990161,7,3,1,0,0,0,1,1,0,0,1,0,0,medio_alto
8,10000.0,15,0.8666666666666667,1,3,1,0,0,1,1,0,1,1,0,0,0,baixo
4,35000.0,17,0.8235294117647058,1,3,1,1,1,0,1,1,1,0,0,0,0,medio_alto
5,10000.0,16,1.0,3,3,1,0,1,0,1,0,0,1,0,1,0,baixo
3,10000.0,0,0.0,1,2,1,0,0,0,1,0,0,0,0,0,1,medio_alto
8,35000.0,79,0.7468354430379747,5,4,1,0,0,0,1,0,0,1,0,1,0,gratuito
11,10000.0,55,0.7636363636363637,1,4,1,0,0,0,0,0,0,1,0,1,1,medio_alto
5,35000.0,637,0.8932496075353218,1,1,1,0,0,0,0,0,0,0,0,0,0,gratuito
6,10000.0,53,0.8679245283018868,4,4,1,0,0,1,1,1,0,1,0,0,0,medio_alto
4,35000.0,2,1.0,1,5,1,0,0,0,1,1,1,1,1,0,0,alto
6,350000.0,3224,0.9426178660049628,9,3,1,0,0,1,1,1,1,0,0,0,0,alto
2,0.0,0,0.0,11,2,1,0,0,0,0,1,0,0,1,0,0,gratuito
5,1500000.0,4407,0.5439074200136147,12,2,1,0,0,43,0,1,0,0,0,0,0,gratuito
11,10000.0,61,0.8688524590163934,1,3,1,0,1,0,1,0,0,0,1,1,0,baixo
3,10000.0,25,0.84,14,3,1,1,0,0,0,0,1,1,0,0,0,gratuito
1,0.0,0,0.0,1,4,1,0,0,0,1,1,0,0,0,0,0,gratuito
6,150000.0,4725,0.6611640211640212,7,5,1,0,0,7,1,1,1,0,1,1,0,medio_alto
4,10000.0,57,0.7017543859649122,8,3,1,0,0,0,0,1,1,1,0,0,0,medio_alto
10,35000.0,83,0.8192771084337349,1,1,1,0,0,0,0,1,0,0,0,0,0,medio_alto
4,10000.0,399,0.7969924812030075,11,2,1,1,1,0,1,1,0,0,0,0,0,medio_alto
1,10000.0,0,0.0,13,2,1,0,0,0,1,0,0,0,0,1,0,medio_alto
5,10000.0,0,0.0,1,4,1,0,0,0,1,1,1,1,0,0,0,medio_baixo
4,0.0,0,0.0,1,2,1,0,0,0,0,1,1,0,0,0,0,gratuito
9,10000.0,62,0.8064516129032258,1,2,1,1,0,0,1,0,0,1,0,0,0,gratuito
3,10000.0,22,0.8181818181818182,2,3,1,0,0,0,1,0,0,1,0,0,1,medio_alto
2,10000.0,0,0.0,1,4,1,0,1,0,1,0,1,1,0,1,0,medio_baixo
1,10000.0,1,1.0,1,1,1,1,0,0,0,0,0,1,0,0,0,medio_alto
8,10000.0,69,0.9565217391304348,2,4,1,0,0,0,1,0,1,1,0,0,1,gratuito
4,10000.0,10,0.7,5,4,1,0,0,0,1,0,1,1,0,1,0,baixo
12,750000.0,5706,0.9349807220469681,1,3,1,1,0,0,1,1,0,0,0,0,1,baixo
5,10000.0,26,0.8461538461538461,2,6,1,0,0,0,1,0,1,1,1,1,1,medio_alto
10,10000.0,139,0.697841726618705,11,2,1,1,1,1,1,0,1,0,0,0,0,alto
4,10000.0,30,0.9,1,2,1,1,0,0,1,0,1,0,0,0,0,alto
1,10000.0,0,0.0,2,6,1,0,0,0,0,1,1,1,0,1,1,baixo
1,0.0,0,0.0,0,0,1,0,0,0,0,0,0,0,0,0,0,gratuito
4,10000.0,18,0.5,1,4,1,0,0,0,1,0,0,0,0,1,1,medio_alto
8,10000.0,30,0.8,1,3,1,1,1,0,1,0,1,0,1,0,0,medio_alto
2,10000.0,13,1.0,2,3,1,1,1,0,1,0,1,0,1,0,0,medio_alto
2,10000.0,0,0.0,1,2,1,0,0,0,1,0,1,0,0,0,0,baixo
9,10000.0,60,0.5666666666666667,9,3,1,1,0,0,1,0,1,1,0,0,0,medio_baixo
1,10000.0,0,0.0,1,4,1,0,0,0,1,0,0,1,0,1,0,gratuito
4,10000.0,8,1.0,3,3,1,0,0,0,1,0,1,1,0,0,0,medio_alto
1,10000.0,29,0.9310344827586207,7,3,1,0,0,1,1,0,0,1,0,1,0,medio_baixo
4,10000.0,18,0.8888888888888888,1,3,1,0,0,0,1,1,0,1,0,0,0,baixo
1,10000.0,38,0.6842105263157895,2,3,1,0,0,1,1,1,1,0,0,0,0,medio_alto
7,10000.0,3,0.6666666666666666,1,1,1,1,0,0,0,0,0,0,0,0,1,alto
9,150000.0,246,0.8658536585365854,1,3,1,0,0,0,1,1,0,1,0,0,0,baixo
12,75000.0,204,0.7598039215686274,7,2,1,0,0,0,0,0,1,1,0,0,0,baixo
5,10000.0,301,0.8438538205980066,2,3,1,0,0,0,1,0,1,0,1,0,0,baixo
1,10000.0,298,0.8825503355704698,8,1,1,1,0,1,0,0,0,0,0,1,0,alto
2,10000.0,14,0.8571428571428571,6,3,1,0,0,0,1,1,1,0,0,0,0,medio_alto
4,0.0,0,0.0,0,0,1,0,0,0,0,0,0,0,0,0,0,gratuito
2,0.0,0,0.0,0,0,1,0,0,0,0,0,0,0,0,0,0,gratuito
6,10000.0,3,0.6666666666666666,1,3,1,0,0,0,0,0,0,0,0,0,1,alto
5,10000.0,219,0.91324200913242,2,2,1,1,1,2,1,0,1,0,0,0,0,medio_baixo
1,10000.0,0,0.0,16,3,1,0,0,0,1,0,0,1,0,0,1,alto
1,10000.0,0,0.0,1,3,1,0,0,0,1,1,0,1,0,0,0,medio_baixo
8,0.0,0,0.0,0,0,1,0,0,0,0,0,0,0,0,0,0,gratuito
9,35000.0,51,0.9019607843137255,1,3,1,0,0,1,1,0,0,1,0,0,0,gratuito
4,10000.0,14,0.9285714285714286,3,5,1,0,0,0,1,1,0,1,0,1,0,medio_alto
2,10000.0,1,0.0,1,1,1,0,0,0,1,0,0,0,0,0,0,alto
2,10000.0,3,1.0,7,1,1,1,0,0,1,0,0,0,0,0,0,medio_alto
7,35000.0,8,0.125,2,3,1,1,1,0,1,1,0,1,0,0,0,medio_baixo
8,10000.0,5,0.8,1,1,1,0,0,0,0,0,0,1,0,0,0,alto
6,10000.0,10,0.8,1,5,1,0,0,0,1,1,1,1,0,1,0,medio_alto
3,75000.0,663,0.7843137254901961,3,4,1,0,0,1,1,1,1,0,1,0,0,medio_baixo
2,10000.0,3,0.6666666666666666,15,3,1,0,0,0,0,0,1,1,0,0,1,alto
5,10000.0,11,0.5454545454545454,1,4,1,0,0,0,1,1,0,0,0,0,1,medio_baixo
5,35000.0,5,0.8,1,4,1,0,0,1,1,1,1,0,1,0,0,alto
6,10000.0,0,0.0,103,2,1,0,1,0,1,0,0,1,0,0,0,baixo
5,10000.0,18,0.7777777777777778,3,3,1,0,0,0,1,1,1,0,0,0,0,medio_baixo
2,10000.0,0,0.0,2,4,1,0,0,0,1,1,1,0,1,0,0,medio_alto
6,10000.0,10,0.8,9,3,1,1,1,0,1,1,1,0,0,0,0,medio_alto
6,10000.0,1,1.0,1,4,1,0,0,0,0,1,0,1,1,0,1,medio_alto
1,75000.0,91,0.9230769230769231,2,4,1,0,0,1,1,0,1,1,1,0,0,alto
3,10000.0,9,0.6666666666666666,2,2,1,0,0,0,1,0,0,0,0,0,1,medio_alto
6,35000.0,70,0.4142857142857143,1,7,1,0,0,0,0,0,1,1,1,1,1,gratuito
6,10000.0,4,0.75,4,3,1,1,1,0,1,1,1,0,0,0,0,alto
5,10000.0,138,0.8623188405797102,7,4,1,0,0,0,1,1,0,0,1,0,1,medio_alto
2,10000.0,0,0.0,2,4,1,0,0,0,1,0,1,1,1,0,0,medio_baixo
10,10000.0,9,0.7777777777777778,1,3,1,0,0,0,1,1,0,1,0,0,0,medio_baixo
9,75000.0,165,0.8121212121212121,8,2,1,0,0,0,0,1,0,1,0,0,0,medio_alto
4,10000.0,3,1.0,1,4,1,0,0,0,0,1,0,1,0,0,1,baixo
4,10000.0,1,1.0,3,3,1,0,0,0,1,0,0,1,0,0,1,alto
3,10000.0,0,0.0,1,2,1,0,0,0,0,1,0,0,0,0,1,medio_alto
1,150000.0,65,0.9846153846153847,4,3,1,0,0,1,1,0,0,1,0,1,0,alto
2,10000.0,3,0.3333333333333333,2,2,1,0,0,0,0,0,0,0,1,1,0,medio_alto
10,750000.0,483,0.7039337474120083,1,2,1,1,1,0,1,0,0,1,0,0,0,baixo
2,10000.0,23,0.6086956521739131,103,6,1,0,0,0,0,1,1,1,0,1,1,baixo
1,0.0,0,0.0,1,5,1,0,0,1,1,0,0,1,1,1,0,gratuito
2,35000.0,36,0.9444444444444444,1,2,1,0,0,0,1,0,0,1,0,0,0,baixo
5,0.0,0,0.0,0,0,1,0,0,0,0,0,0,0,0,0,0,gratuito
5,10000.0,0,0.0,29,4,1,0,0,1,0,1,1,1,0,0,1,baixo
2,10000.0,0,0.0,1,2,1,0,0,0,1,1,0,0,0,0,0,medio_alto
7,10000.0,18,0.8888888888888888,1,3,1,0,0,0,1,0,1,0,1,0,0,medio_alto
4,10000.0,10,1.0,1,2,1,0,0,0,0,0,0,0,1,0,1,baixo
2,10000.0,0,0.0,6,4,1,1,1,0,1,1,1,1,0,0,0,alto
5,10000.0,6,0.5,6,3,1,0,0,0,1,1,0,1,0,0,0,medio_alto
8,10000.0,0,0.0,1,2,1,1,0,0,1,0,1,0,0,0,0,gratuito
10,10000.0,91,0.6043956043956044,10,4,1,1,1,0,1,0,0,0,1,1,1,medio_baixo
2,0.0,0,0.0,0,0,1,0,0,0,0,0,0,0,0,0,0,gratuito
2,10000.0,25,0.88,1,2,1,0,0,0,1,0,0,1,0,0,0,medio_alto
9,350000.0,11,0.18181818181818182,1,4,1,0,0,0,1,0,0,0,0,0,1,alto
3,10000.0,12,0.6666666666666666,1,2,1,0,0,0,1,1,0,0,0,0,0,gratuito
1,0.0,0,0.0,103,3,1,0,0,0,1,0,1,1,0,0,0,baixo
8,35000.0,12,0.4166666666666667,1,6,1,0,0,1,1,1,1,1,1,1,0,baixo
7,10000.0,16,0.875,1,2,1,0,0,0,1,0,0,1,0,0,0,gratuito
24,1500000.0,15257,0.8747460182211444,8,2,1,0,0,0,0,1,1,0,0,0,0,medio_alto
2,10000.0,0,0.0,1,4,1,0,0,0,0,1,1,0,1,0,0,alto
2,0.0,0,0.0,103,7,1,1,1,0,1,1,1,1,0,1,1,gratuito
8,10000.0,5,0.2,1,3,1,0,0,0,1,0,0,1,0,0,0,medio_baixo
3,10000.0,41,0.8536585365853658,2,2,1,0,0,0,1,1,0,0,0,0,0,medio_baixo
1,10000.0,10,0.9,1,3,1,0,0,0,1,0,1,1,0,0,0,alto
3,10000.0,18,1.0,2,5,1,0,1,0,1,0,1,1,0,1,0,baixo
10,35000.0,64,0.53125,1,1,1,0,0,0,0,0,0,0,0,0,0,gratuito
4,10000.0,141,0.4397163120567376,1,6,1,1,0,1,1,1,1,0,1,1,0,gratuito
4,10000.0,19,0.6842105263157895,21,2,1,0,0,0,0,0,1,1,0,0,0,baixo
7,10000.0,3,1.0,2,4,1,0,0,0,1,0,0,1,0,1,1,medio_baixo
17,0.0,0,0.0,1,2,1,0,0,0,1,1,0,0,0,0,0,baixo
4,0.0,0,0.0,1,3,1,0,0,0,1,1,0,1,0,0,0,gratuito
2,0.0,0,0.0,0,0,1,0,0,0,0,0,0,0,0,0,0,gratuito
5,10000.0,2,1.0,8,1,1,1,0,0,0,0,0,1,0,0,0,baixo
8,150000.0,340,0.8029411764705883,2,6,1,1,1,14,1,1,1,0,1,1,1,baixo
3,0.0,0,0.0,0,0,1,0,0,0,0,0,0,0,0,0,0,gratuito
3,10000.0,2,1.0,1,2,1,0,0,0,1,0,0,1,0,0,0,medio_alto
3,10000.0,9,0.6666666666666666,5,4,1,1,0,0,1,1,0,1,0,1,0,medio_alto
5,10000.0,36,0.3888888888888889,1,5,1,0,0,0,0,1,1,0,1,0,1,alto
4,10000.0,23,1.0,2,2,1,0,0,0,1,1,0,0,0,0,0,medio_baixo
6,10000.0,112,0.8571428571428571,1,3,1,0,0,1,1,0,0,1,0,0,0,gratuito
3,10000.0,155,0.567741935483871,1,4,1,0,0,0,1,1,0,1,0,0,0,baixo
3,10000.0,6,1.0,3,3,1,0,0,0,1,0,0,1,0,0,1,medio_baixo
9,10000.0,31,0.6774193548387096,2,2,1,0,0,0,1,0,1,0,0,0,0,alto
8,10000.0,7,0.42857142857142855,1,2,1,0,0,0,0,0,1,1,0,0,0,medio_alto
2,0.0,0,0.0,0,0,1,0,0,0,0,0,0,0,0,0,0,gratuito
6,10000.0,26,0.5769230769230769,1,4,1,0,0,1,1,1,1,1,0,0,0,baixo
7,35000.0,373,0.5683646112600537,1,7,1,0,0,0,1,1,1,0,1,1,1,alto
6,10000.0,19,0.8421052631578947,29,4,1,0,0,0,1,1,1,1,0,0,0,medio_baixo
9,35000.0,109,0.7155963302752294,1,3,1,0,0,0,1,1,0,0,0,1,0,medio_alto
3,10000.0,1,1.0,1,3,1,0,0,1,1,0,1,0,1,0,0,baixo
4,10000.0,18,1.0,2,1,1,0,0,0,0,1,0,0,0,0,0,medio_alto
4,10000.0,105,0.9428571428571428,1,4,1,0,0,1,1,0,1,0,1,0,1,alto
2,0.0,0,0.0,1,2,1,1,0,0,1,0,0,1,0,0,0,gratuito
5,10000.0,69,0.43478260869565216,1,5,1,0,0,0,1,1,1,0,1,0,1,baixo
1,10000.0,0,0.0,3,1,1,0,0,0,0,0,1,0,0,0,0,alto
11,75000.0,400,0.8675,1,2,1,1,1,1,1,1,0,0,0,0,0,medio_baixo
4,0.0,0,0.0,1,9,1,0,0,3,1,1,1,1,0,1,1,gratuito
10,10000.0,14,0.9285714285714286,1,3,1,0,0,0,1,1,1,0,0,0,0,medio_baixo
4,10000.0,0,0.0,3,3,1,0,0,0,1,0,1,0,1,0,0,gratuito
2,10000.0,2,1.0,2,1,1,0,0,0,0,1,0,0,0,0,0,medio_alto
4,35000.0,69,0.8115942028985508,7,5,1,0,0,0,1,1,1,0,1,0,0,alto
3,35000.0,4,0.5,1,3,1,0,0,0,1,0,0,0,1,0,0,medio_alto
9,10000.0,32,0.8125,5,1,1,1,0,0,0,0,0,0,0,1,0,medio_alto
1,0.0,0,0.0,0,0,1,0,0,0,0,0,0,0,0,0,0,gratuito
7,10000.0,15,0.7333333333333333,1,4,1,0,0,0,1,0,0,1,0,1,1,alto
1,10000.0,2,1.0,7,3,1,0,0,0,0,0,0,1,1,0,1,medio_baixo
5,10000.0,34,0.6470588235294118,1,4,1,0,0,0,1,1,1,0,1,0,0,medio_alto
1,10000.0,0,0.0,1,2,1,0,1,0,1,1,0,0,0,0,0,alto
5,0.0,0,0.0,0,0,1,0,0,0,0,0,0,0,0,0,0,gratuito
5,35000.0,11,0.9090909090909091,1,3,1,0,0,0,1,1,1,0,0,0,0,alto
8,10000.0,26,0.6923076923076923,23,2,1,0,0,0,0,0,0,0,0,0,0,alto
3,10000.0,14,0.5,1,4,1,0,1,0,1,1,0,0,1,0,0,gratuito
5,10000.0,10,0.8,1,3,1,0,0,1,1,0,1,0,1,0,0,baixo
4,10000.0,97,0.8762886597938144,1,2,1,0,0,0,0,1,0,0,0,0,0,medio_alto
9,10000.0,269,0.9479553903345725,4,3,1,0,0,1,1,0,1,0,1,0,0,baixo
3,10000.0,5,1.0,1,2,1,0,0,0,1,0,0,1,0,0,0,baixo
5,10000.0,2,1.0,11,2,1,0,0,0,1,0,1,0,0,0,0,baixo
9,10000.0,1,1.0,1,3,1,0,0,0,1,1,0,0,0,0,0,medio_alto
12,10000.0,170,0.8352941176470589,1,2,1,0,0,0,0,0,0,0,0,1,1,alto
1,0.0,0,0.0,0,0,1,0,0,0,0,0,0,0,0,0,0,gratuito
2,0.0,0,0.0,77,2,1,1,1,0,1,0,0,1,0,0,0,medio_alto
6,1500000.0,49754,0.954516219801423,14,2,1,1,1,3,1,0,0,0,0,0,1,medio_baixo
2,10000.0,12,0.6666666666666666,2,3,1,0,0,0,1,1,0,0,0,0,0,medio_baixo
4,10000.0,1,1.0,1,2,1,1,1,0,1,0,0,1,0,0,0,medio_alto
4,10000.0,0,0.0,1,2,1,0,0,0,1,0,0,1,0,0,0,baixo
5,10000.0,17,0.7647058823529411,103,2,1,0,0,0,1,1,0,0,0,0,0,baixo
4,10000.0,0,0.0,1,1,1,0,0,0,0,0,0,1,0,0,0,medio_baixo
9,150000.0,470,0.8808510638297873,1,3,1,0,0,0,1,1,0,0,0,0,0,gratuito
8,10000.0,13,0.7692307692307693,1,3,1,0,0,0,1,0,0,1,0,0,0,gratuito
8,10000.0,21,0.5714285714285714,1,2,1,0,0,0,1,0,0,0,0,0,0,alto
1,10000.0,0,0.0,2,2,1,0,0,0,1,1,0,0,0,0,0,medio_alto
4,35000.0,34,0.7352941176470589,1,6,1,0,0,0,1,1,1,1,1,0,0,medio_alto
7,10000.0,0,0.0,1,3,1,0,0,1,1,0,0,1,0,0,0,baixo
11,150000.0,1393,0.7839195979899497,1,2,1,0,0,0,1,0,1,0,0,0,0,medio_baixo
10,10000.0,111,0.7567567567567568,1,1,1,0,0,0,0,0,1,0,0,0,0,medio_alto
11,10000.0,42,0.3333333333333333,8,1,1,0,0,0,0,0,0,0,0,0,1,baixo
5,10000.0,121,0.7933884297520661,1,3,1,0,0,0,1,1,1,0,0,0,0,medio_baixo
5,10000.0,26,0.9615384615384616,1,1,1,1,0,0,1,0,0,0,0,0,0,alto
4,10000.0,45,0.8222222222222222,1,2,1,0,0,2,0,1,0,0,1,0,0,medio_alto
2,3500000.0,47999,0.8982687139315403,10,3,1,0,0,25,0,1,1,0,1,0,0,alto
2,75000.0,1471,0.8116927260367097,9,3,1,1,1,0,1,1,0,0,1,0,0,baixo
2,35000.0,120,0.775,14,3,1,0,0,0,1,0,1,0,0,0,1,medio_baixo
4,0.0,0,0.0,0,0,1,0,0,0,0,0,0,0,0,0,0,gratuito
1,10000.0,0,0.0,1,3,1,0,0,0,1,1,1,0,0,0,0,baixo
9,35000.0,536,0.9365671641791045,9,3,1,1,1,0,1,1,0,1,0,0,0,baixo
3,35000.0,19,1.0,1,2,1,0,0,0,1,0,1,0,0,0,0,baixo
6,10000.0,0,0.0,15,2,1,0,0,0,0,1,0,1,0,0,0,medio_alto
6,10000.0,7,0.42857142857142855,1,4,1,0,0,0,0,0,0,1,0,0,1,medio_baixo
8,10000.0,7,0.14285714285714285,1,5,1,0,0,0,1,0,0,0,1,1,1,alto
3,10000.0,23,0.9565217391304348,1,3,1,0,0,0,0,1,0,1,0,0,0,alto
1,10000.0,0,0.0,14,4,1,1,1,1,1,0,1,1,1,0,0,alto
2,10000.0,2,1.0,3,1,1,0,0,0,0,0,0,1,0,0,0,medio_alto
1,0.0,0,0.0,1,3,1,0,0,0,1,1,0,0,1,0,0,alto
11,10000.0,53,0.9433962264150944,8,3,1,1,1,1,1,1,1,0,0,0,0,alto
1,0.0,0,0.0,0,0,1,0,0,0,0,0,0,0,0,0,0,gratuito
6,10000.0,10,0.6,1,2,1,0,0,0,1,1,0,0,0,0,0,gratuito
3,10000.0,0,0.0,1,1,1,0,0,0,0,1,0,0,0,0,0,baixo
4,10000.0,1,1.0,2,1,1,0,0,0,0,0,0,0,0,0,1,baixo
4,0.0,0,0.0,0,0,1,0,0,0,0,0,0,0,0,0,0,gratuito
2,10000.0,122,0.9426229508196722,1,3,1,0,0,0,1,0,0,1,0,0,0,gratuito
3,35000.0,36,0.3333333333333333,2,4,1,0,0,0,1,1,1,0,0,0,1,baixo
9,35000.0,123,0.5284552845528455,1,5,1,0,0,0,1,1,0,1,0,1,1,baixo
5,10000.0,10,0.4,29,6,1,1,1,0,1,1,0,1,0,0,1,alto
1,10000.0,1,1.0,1,3,1,0,0,0,1,1,0,0,0,1,0,baixo
8,10000.0,22,0.7272727272727273,2,2,1,0,0,0,1,1,0,0,0,0,0,alto
5,35000.0,116,0.896551724137931,1,3,1,0,0,0,1,0,1,1,0,0,0,baixo
6,10000.0,61,0.8360655737704918,3,4,1,0,0,0,1,1,1,0,1,0,0,medio_baixo
11,10000.0,28,0.8214285714285714,1,1,1,0,1,0,0,0,0,0,0,0,0,medio_alto
4,10000.0,29,1.0,1,3,1,0,0,0,1,0,0,1,0,0,0,medio_alto
9,10000.0,6,0.3333333333333333,1,3,1,0,0,0,1,0,0,1,0,0,1,medio_baixo
2,0.0,0,0.0,1,2,1,0,0,0,0,0,0,1,0,0,0,gratuito
5,0.0,0,0.0,0,0,1,0,0,0,0,0,0,0,0,0,0,gratuito
3,10000.0,2,1.0,6,3,1,0,0,0,1,1,0,1,0,0,0,baixo
1,0.0,0,0.0,6,3,1,0,0,0,0,0,0,1,0,0,1,gratuito
2,0.0,0,0.0,0,0,1,0,0,0,0,0,0,0,0,0,0,gratuito
3,0.0,0,0.0,0,0,1,0,0,0,0,0,0,0,0,0,0,gratuito
1,10000.0,4,1.0,1,2,1,0,0,0,0,0,0,0,0,1,0,alto
4,10000.0,34,1.0,9,1,1,0,0,0,0,0,0,1,0,0,0,baixo
10,75000.0,79,0.25316455696202533,1,2,1,0,1,0,1,0,0,0,1,0,0,baixo
5,10000.0,14,0.7142857142857143,4,3,1,0,0,0,1,1,0,1,0,0,0,medio_alto
5,750000.0,15798,0.9722749715153817,1,2,1,0,0,1,1,1,0,0,0,0,0,alto
9,10000.0,4,0.75,1,3,1,0,0,0,0,0,0,1,0,1,1,alto
1,10000.0,34,0.8823529411764706,1,1,1,0,0,0,0,0,0,0,0,1,0,alto
2,10000.0,0,0.0,6,3,1,0,0,0,1,0,0,1,0,0,0,gratuito
8,150000.0,711,0.5977496483825597,17,3,1,0,0,0,0,0,0,1,0,0,1,gratuito
6,10000.0,36,0.8333333333333334,1,2,1,1,0,0,1,1,0,0,0,0,0,baixo
4,35000.0,113,0.5486725663716814,14,5,1,0,0,0,1,1,1,0,1,0,0,baixo
5,10000.0,17,0.7058823529411765,4,4,1,0,0,0,1,1,1,0,0,0,0,gratuito
8,10000.0,127,0.9606299212598425,3,2,1,0,0,1,0,0,1,1,0,0,0,alto
7,10000.0,0,0.0,1,2,1,0,0,0,1,0,1,0,0,0,0,medio_baixo
10,10000.0,40,0.675,1,2,1,1,0,0,1,1,0,0,0,0,0,baixo
2,10000.0,54,0.7037037037037037,22,3,1,0,0,0,1,0,0,1,0,0,1,baixo
4,10000.0,453,0.9426048565121413,4,2,1,0,1,0,0,0,0,0,0,0,1,alto
6,3500000.0,124918,0.977561280199811,1,3,1,1,1,1,1,0,1,0,0,0,0,gratuito
4,10000.0,0,0.0,1,2,1,0,0,0,0,1,1,0,0,0,0,medio_baixo
4,0.0,0,0.0,0,0,1,0,0,0,0,0,0,0,0,0,0,gratuito
6,10000.0,9,0.6666666666666666,1,2,1,0,0,0,1,0,0,0,1,0,0,medio_baixo
1,0.0,0,0.0,0,0,1,0,0,0,0,0,0,0,0,0,0,gratuito
7,10000.0,29,0.896551724137931,1,1,1,0,0,0,1,0,0,0,0,0,0,medio_baixo
3,0.0,0,0.0,1,2,1,0,0,0,0,1,1,0,0,0,0,gratuito
4,10000.0,37,0.9459459459459459,1,3,1,0,0,1,1,1,1,0,0,0,0,medio_alto
4,0.0,0,0.0,0,0,1,0,0,0,0,0,0,0,0,0,0,gratuito
12,10000.0,128,0.8671875,1,3,1,0,0,1,1,1,1,0,0,0,0,medio_alto
3,10000.0,0,0.0,1,1,1,0,0,0,1,0,0,0,0,0,0,medio_alto
1,10000.0,0,0.0,1,4,1,0,1,0,1,0,0,0,0,1,1,gratuito
1,10000.0,0,0.0,1,3,1,0,0,0,1,0,1,1,0,0,0,baixo
9,35000.0,524,0.8492366412213741,7,4,1,0,0,2,1,1,1,0,0,1,0,alto
1,0.0,0,0.0,10,4,1,0,0,0,1,1,0,1,0,0,0,alto
4,10000.0,77,0.8441558441558441,5,1,1,0,0,0,0,0,0,0,0,0,1,medio_alto
1,0.0,0,0.0,1,4,1,0,0,0,1,1,1,0,0,0,0,gratuito
8,750000.0,10728,0.8420954511558538,11,2,1,0,0,10,0,1,1,0,0,0,0,medio_alto
8,10000.0,276,0.9094202898550725,21,3,1,1,1,1,1,1,1,0,0,0,0,baixo
7,10000.0,120,0.9083333333333333,2,3,1,0,0,2,1,0,1,0,1,0,0,medio_alto
1,10000.0,3,0.6666666666666666,1,2,1,0,0,0,1,0,0,1,0,0,0,baixo
2,0.0,0,0.0,0,0,1,0,0,0,0,0,0,0,0,0,0,gratuito
2,0.0,0,0.0,1,6,1,0,0,0,0,1,1,1,0,1,1,gratuito
9,10000.0,96,0.5833333333333334,1,4,1,1,1,0,1,1,0,1,0,0,1,alto
5,350000.0,18,0.7222222222222222,1,2,1,0,0,0,1,1,0,0,0,0,0,baixo
2,350000.0,3739,0.9197646429526611,4,6,1,0,0,2,1,0,0,1,1,1,1,alto
5,0.0,0,0.0,1,2,1,0,0,0,0,1,0,0,0,0,0,gratuito
3,35000.0,260,0.8769230769230769,1,2,1,0,0,0,1,1,0,0,0,0,0,medio_alto
8,10000.0,69,0.6956521739130435,1,2,1,0,0,0,1,0,0,1,0,0,0,baixo
1,10000.0,7,1.0,3,2,1,1,0,1,1,0,1,0,0,0,0,baixo
4,10000.0,5,0.8,1,2,1,0,0,0,0,0,0,0,0,0,0,baixo
9,75000.0,143,0.4195804195804196,7,4,1,0,0,0,0,1,0,0,0,1,0,gratuito
8,35000.0,44,0.5681818181818182,3,4,1,0,0,1,0,0,0,0,1,1,0,gratuito
5,10000.0,6,0.3333333333333333,2,5,1,0,0,0,1,1,1,0,1,1,0,medio_alto
3,0.0,0,0.0,0,0,1,0,0,0,0,0,0,0,0,0,0,gratuito
3,10000.0,7,0.8571428571428571,1,3,1,0,0,0,1,1,0,1,0,0,0,medio_alto
2,10000.0,0,0.0,2,3,1,0,0,0,1,0,0,0,0,1,0,medio_alto
9,10000.0,12,0.5833333333333334,2,6,1,0,0,0,1,0,1,1,0,0,1,medio_alto
8,10000.0,8,1.0,13,3,1,0,0,0,1,1,0,1,0,0,0,medio_alto
3,10000.0,16,0.9375,1,3,1,0,0,0,1,0,1,0,0,1,0,baixo
11,35000.0,69,0.6956521739130435,2,3,1,0,1,0,1,1,0,0,0,0,0,medio_baixo
1,10000.0,0,0.0,13,5,1,1,1,0,0,0,0,0,1,1,1,gratuito
3,0.0,0,0.0,1,4,1,0,0,0,1,0,0,1,1,0,0,gratuito
6,10000.0,18,0.6111111111111112,1,3,1,0,0,0,0,0,0,0,0,0,0,alto
8,10000.0,6,0.16666666666666666,1,1,1,0,0,0,0,1,0,0,0,0,0,baixo
4,10000.0,9,0.4444444444444444,12,1,1,0,0,0,0,0,0,1,0,0,0,alto
10,150000.0,1569,0.9649458253664754,3,1,1,1,1,0,0,0,0,0,0,1,0,medio_alto
2,10000.0,3,1.0,1,3,1,0,0,0,1,1,0,1,0,0,0,baixo
8,10000.0,1,0.0,1,3,1,0,0,0,1,1,0,1,0,0,0,baixo
10,35000.0,53,0.8301886792452831,3,3,1,1,0,2,1,0,1,1,0,0,0,alto
4,10000.0,28,0.5357142857142857,1,2,1,0,0,0,0,0,1,1,0,0,0,medio_alto
3,0.0,0,0.0,0,0,1,0,0,0,0,0,0,0,0,0,0,gratuito
6,10000.0,41,0.9512195121951219,2,5,1,0,0,1,1,1,1,1,0,1,0,baixo
6,10000.0,23,0.9565217391304348,1,3,1,0,0,0,1,0,0,0,0,1,0,gratuito
1,0.0,0,0.0,5,3,1,0,0,0,0,0,1,0,1,0,0,gratuito
6,35000.0,50,0.92,1,1,1,0,0,2,0,0,0,0,0,0,0,gratuito
1,0.0,0,0.0,1,3,1,0,0,0,1,0,1,0,0,0,0,medio_alto
2,10000.0,10,0.5,3,5,1,0,0,0,1,0,1,1,0,1,1,medio_baixo
6,10000.0,2,0.0,2,1,1,0,0,0,1,0,0,0,0,0,0,medio_baixo
3,10000.0,2,1.0,2,1,1,0,0,0,0,0,1,0,0,0,0,medio_alto
2,0.0,0,0.0,0,0,1,0,0,0,0,0,0,0,0,0,0,gratuito
2,10000.0,3,1.0,1,3,1,0,0,0,1,0,0,1,0,0,0,medio_baixo
5,35000.0,438,0.6917808219178082,1,3,1,0,0,1,1,0,1,0,1,0,0,baixo
7,10000.0,10,1.0,1,2,1,1,1,0,1,0,0,1,0,0,0,medio_baixo
16,35000.0,126,0.31746031746031744,7,1,1,0,0,0,0,0,0,0,0,0,1,baixo
4,10000.0,10,0.9,1,6,1,0,0,0,1,1,1,1,0,0,1,medio_baixo
2,75000.0,1,1.0,8,2,1,0,0,0,0,1,1,0,0,0,0,medio_alto
1,10000.0,0,0.0,11,4,1,1,0,1,1,1,1,0,0,1,0,alto
1,10000.0,7,0.42857142857142855,16,1,1,0,0,0,0,0,0,0,0,0,1,medio_alto
10,10000.0,39,0.4358974358974359,1,3,1,0,0,1,1,1,1,0,0,0,0,medio_baixo
6,10000.0,44,0.9772727272727273,11,3,1,0,0,0,1,1,0,1,0,0,0,baixo
1,0.0,0,0.0,0,0,1,0,0,0,0,0,0,0,0,0,0,gratuito
6,10000.0,15,0.5333333333333333,1,4,1,0,0,0,0,0,0,1,1,0,0,gratuito
7,10000.0,5,1.0,1,5,1,0,0,0,1,1,1,1,1,0,0,medio_alto
1,10000.0,0,0.0,12,3,1,0,0,0,1,0,0,1,0,1,0,medio_alto
4,10000.0,0,0.0,1,1,1,0,0,0,0,0,1,0,0,0,0,baixo
12,35000.0,128,0.75,1,1,1,1,1,0,0,0,1,0,0,0,0,alto
2,10000.0,0,0.0,2,7,1,0,0,0,1,1,1,1,1,1,0,alto
4,10000.0,8,0.75,2,1,1,0,0,0,1,0,0,0,0,0,0,medio_alto
6,10000.0,72,0.5416666666666666,6,7,1,0,0,0,1,1,0,1,0,0,0,medio_baixo
7,10000.0,1,1.0,2,3,1,0,0,0,1,1,1,0,0,0,0,medio_alto
2,10000.0,0,0.0,1,3,1,0,0,0,0,1,0,0,0,0,1,medio_alto
7,10000.0,5,0.8,1,2,1,0,0,0,1,0,1,0,0,0,0,gratuito
11,35000.0,84,0.5595238095238095,1,2,1,0,1,0,1,1,0,0,0,0,0,gratuito
5,10000.0,1,1.0,1,2,1,0,0,0,0,0,0,1,0,0,0,medio_alto
4,0.0,0,0.0,0,0,1,0,0,0,0,0,0,0,0,0,0,gratuito
4,10000.0,9,0.8888888888888888,4,2,1,0,0,0,0,0,1,1,0,0,0,alto
1,10000.0,1,1.0,1,4,1,0,0,0,1,0,1,0,1,1,0,baixo
8,75000.0,419,0.8233890214797136,2,2,1,0,0,3,1,0,0,1,0,0,0,baixo
5,0.0,0,0.0,0,0,1,0,0,0,0,0,0,0,0,0,0,gratuito
4,0.0,0,0.0,0,0,1,0,0,0,0,0,0,0,0,0,0,gratuito
7,35000.0,101,0.8712871287128713,2,3,1,0,0,0,1,0,0,0,1,0,0,gratuito
4,0.0,0,0.0,1,4,1,0,0,0,1,1,0,0,0,0,0,gratuito
2,0.0,0,0.0,0,0,1,0,0,0,0,0,0,0,0,0,0,gratuito
2,10000.0,0,0.0,29,2,1,0,0,0,1,0,0,1,0,0,0,medio_alto
6,10000.0,31,0.8387096774193549,1,1,1,1,0,0,1,0,0,0,0,0,0,baixo
2,35000.0,16,0.875,2,2,1,0,0,0,1,1,0,0,0,0,0,medio_alto
3,10000.0,14,0.7142857142857143,1,5,1,0,0,0,1,1,0,1,1,0,0,baixo
6,10000.0,16,0.625,1,3,1,0,0,0,1,0,0,1,0,0,1,medio_alto
1,10000.0,1,1.0,4,3,1,0,0,0,1,0,0,1,0,0,1,baixo
8,10000.0,13,0.7692307692307693,7,3,1,1,0,0,1,1,1,0,0,0,0,medio_alto
4,10000.0,10,0.9,2,4,1,0,1,0,1,0,1,1,0,0,1,baixo
9,75000.0,246,0.8902439024390244,1,3,1,0,0,0,1,0,1,0,1,0,0,baixo
1,10000.0,17,0.9411764705882353,33,2,1,0,0,1,1,0,1,0,0,0,0,alto
1,0.0,0,0.0,3,1,1,0,0,0,0,0,1,0,0,0,0,alto
10,10000.0,5,0.6,1,4,1,1,0,0,1,1,0,1,0,0,0,baixo
1,10000.0,0,0.0,1,2,1,0,0,0,0,0,1,1,0,0,0,medio_alto
1,0.0,0,0.0,0,0,1,0,0,0,0,0,0,0,0,0,0,gratuito
8,10000.0,15,0.8666666666666667,2,2,1,0,1,0,1,1,0,0,0,0,0,gratuito
1,10000.0,0,0.0,1,5,1,0,0,0,1,0,0,0,1,1,1,alto
2,35000.0,105,0.9619047619047619,6,2,1,0,0,0,0,0,0,1,0,0,0,gratuito
4,10000.0,7,1.0,1,3,1,0,0,0,1,1,0,1,0,0,0,baixo
5,10000.0,20,0.9,1,4,1,0,1,0,1,1,1,1,0,0,0,baixo
4,0.0,0,0.0,0,0,1,0,0,0,0,0,0,0,0,0,0,gratuito
1,10000.0,0,0.0,1,1,1,0,0,0,0,0,0,1,0,0,0,baixo
7,10000.0,13,0.38461538461538464,1,3,1,0,0,0,1,1,0,1,0,0,0,baixo
9,1500000.0,27856,0.8191412981045376,2,3,1,0,0,6,1,0,1,1,0,0,0,baixo
11,75000.0,60,0.55,1,4,1,0,0,1,1,0,1,1,1,0,0,baixo
3,10000.0,6,1.0,1,4,1,0,0,0,1,0,1,0,0,0,1,alto
1,0.0,0,0.0,2,5,1,0,0,0,0,1,0,0,1,0,1,gratuito
2,10000.0,5,0.2,1,4,1,0,0,0,1,0,0,1,1,1,0,baixo
3,10000.0,51,0.9019607843137255,3,1,1,0,0,0,0,0,0,1,0,0,0,alto
1,0.0,0,0.0,0,0,1,0,0,0,0,0,0,0,0,0,0,gratuito
10,35000.0,114,0.6666666666666666,1,1,1,0,0,0,0,0,0,0,0,0,0,baixo
1,10000.0,0,0.0,16,4,1,1,1,0,0,0,1,1,1,0,1,medio_alto
5,35000.0,338,0.7840236686390533,8,3,1,1,1,0,1,0,0,1,0,1,0,alto
10,10000.0,51,0.803921568627451,8,3,1,0,0,1,1,0,1,1,0,0,0,medio_alto
5,0.0,0,0.0,0,0,1,0,0,0,0,0,0,0,0,0,0,gratuito
1,10000.0,0,0.0,11,2,1,0,0,0,1,1,0,0,0,0,0,alto
2,0.0,0,0.0,1,3,1,0,0,0,0,1,1,0,0,0,0,gratuito
1,0.0,0,0.0,1,5,1,0,0,1,1,1,0,1,0,0,0,gratuito
1,35000.0,56,0.9642857142857143,6,1,1,0,0,0,1,0,0,0,0,0,0,medio_baixo
3,10000.0,149,0.7785234899328859,11,2,1,0,0,0,0,1,0,0,0,0,1,alto
4,10000.0,10,0.7,9,1,1,0,0,0,0,0,0,0,0,0,0,alto
4,150000.0,1936,0.734504132231405,11,4,1,0,0,0,1,0,1,1,0,0,1,medio_alto
3,35000.0,2,1.0,1,1,1,0,1,0,0,1,0,0,0,0,0,medio_baixo
1,0.0,0,0.0,1,3,1,0,0,0,1,1,0,1,0,0,0,baixo
3,10000.0,1,1.0,1,2,1,0,0,0,1,1,0,0,0,0,0,medio_alto
1,10000.0,0,0.0,1,3,1,0,0,0,0,1,0,0,0,1,1,alto
3,10000.0,1,1.0,2,1,1,0,0,0,0,1,0,0,0,0,0,baixo
11,10000.0,41,0.34146341463414637,1,2,1,0,0,0,1,0,0,1,0,0,0,baixo
2,10000.0,1,0.0,1,3,1,0,0,0,0,0,0,0,0,1,0,alto
7,10000.0,1,1.0,4,2,1,0,1,0,1,0,0,1,0,0,0,baixo
2,10000.0,3,0.6666666666666666,1,4,1,0,0,0,1,1,1,0,1,0,0,medio_alto
3,10000.0,0,0.0,1,4,1,0,0,0,1,0,1,1,1,0,0,medio_baixo
4,10000.0,3,0.3333333333333333,1,4,1,0,0,0,1,1,1,1,0,0,0,medio_alto
4,0.0,0,0.0,1,3,1,0,0,0,1,1,0,0,0,0,0,gratuito
2,0.0,0,0.0,103,8,1,1,1,0,1,1,1,1,1,1,1,alto
10,10000.0,63,0.7301587301587301,1,3,1,0,0,0,1,0,0,0,0,0,1,medio_alto
3,10000.0,69,0.927536231884058,3,2,1,0,0,0,1,1,0,0,0,0,0,alto
6,10000.0,3,0.6666666666666666,1,2,1,0,0,0,1,0,0,1,0,0,0,baixo
1,0.0,0,0.0,5,5,1,0,0,0,1,1,0,1,0,0,0,gratuito
1,10000.0,0,0.0,1,1,1,0,0,0,0,0,0,1,0,0,0,alto
4,10000.0,0,0.0,1,3,1,0,0,0,1,1,0,1,0,0,0,medio_baixo
2,10000.0,2,1.0,1,3,1,0,1,0,1,0,1,0,0,0,1,baixo
2,10000.0,14,0.8571428571428571,1,2,1,0,0,0,1,0,0,0,0,1,0,medio_baixo
4,0.0,0,0.0,103,5,1,0,0,0,1,0,1,1,0,1,1,baixo
9,35000.0,10,0.5,7,1,1,1,0,0,0,0,0,0,0,1,0,baixo
2,10000.0,0,0.0,1,3,1,0,0,0,1,1,0,1,0,0,0,baixo
8,35000.0,34,0.7352941176470589,3,5,1,0,0,0,1,1,0,1,0,0,0,gratuito
1,0.0,0,0.0,15,1,1,0,0,0,0,0,0,1,0,0,0,medio_baixo
1,1500000.0,36558,0.8669237923299962,17,1,1,0,0,2,0,1,0,0,0,0,0,alto
3,10000.0,3,1.0,1,4,1,0,0,0,1,1,1,0,0,1,0,baixo
5,10000.0,0,0.0,1,4,1,0,0,0,1,1,0,0,0,1,1,medio_baixo
11,35000.0,258,0.9689922480620154,2,1,1,0,0,2,0,1,0,0,0,0,0,alto
4,0.0,0,0.0,8,4,1,1,1,1,1,0,0,1,0,0,1,gratuito
2,10000.0,312,0.9551282051282052,10,3,1,0,0,1,1,1,0,0,1,0,0,medio_alto
9,10000.0,3,0.6666666666666666,1,5,1,0,0,0,1,0,1,1,0,0,1,medio_alto
11,10000.0,10,0.4,1,2,1,0,0,0,1,1,0,0,0,0,0,alto
8,10000.0,16,0.75,1,2,1,0,0,0,0,0,0,0,0,0,0,alto
3,10000.0,3,1.0,1,1,1,1,0,0,0,0,0,1,0,0,0,medio_alto
6,10000.0,17,0.9411764705882353,2,3,1,1,1,0,1,0,0,1,0,1,0,medio_baixo
4,10000.0,82,0.926829268292683,1,5,1,0,0,0,1,0,0,1,0,1,1,medio_alto
5,35000.0,12,0.6666666666666666,1,1,1,0,0,0,0,0,0,1,0,0,0,medio_alto
6,10000.0,7,1.0,1,4,1,1,1,0,1,1,0,1,0,0,0,gratuito
8,10000.0,25,0.84,3,4,1,0,0,0,1,0,1,1,0,0,1,medio_alto
3,10000.0,0,0.0,1,3,1,0,0,0,1,1,1,0,0,0,0,baixo
3,10000.0,6,1.0,1,4,1,0,0,0,1,1,0,1,0,0,0,gratuito
5,10000.0,25,0.84,2,2,1,0,0,1,1,1,0,0,0,0,0,alto
3,35000.0,2,0.5,1,1,1,0,0,0,0,0,0,0,1,0,0,baixo
6,10000.0,16,0.8125,1,2,1,0,0,0,0,0,0,0,0,0,0,medio_alto
2,10000.0,31,0.8064516129032258,4,3,1,1,0,0,0,0,0,0,0,1,1,medio_alto
7,150000.0,1632,0.8033088235294118,7,3,1,1,0,1,1,0,0,0,0,1,1,medio_alto
5,10000.0,12,0.4166666666666667,1,3,1,0,0,0,1,1,1,0,0,0,0,baixo
1,10000.0,0,0.0,5,3,1,0,0,0,1,0,0,1,0,0,1,alto
2,10000.0,0,0.0,2,3,1,0,0,0,0,0,0,1,0,1,0,medio_baixo
7,10000.0,6,0.8333333333333334,1,2,1,0,0,0,0,0,1,1,0,0,0,medio_alto
12,10000.0,27,0.48148148148148145,1,3,1,0,0,0,1,1,1,0,0,0,0,medio_baixo
8,10000.0,27,0.9629629629629629,1,2,1,0,0,0,1,1,0,0,0,0,0,baixo
2,10000.0,3,0.6666666666666666,1,2,1,0,0,0,0,0,1,0,0,1,0,alto
7,10000.0,1,1.0,1,3,1,0,0,0,1,0,1,1,0,0,0,baixo
1,0.0,0,0.0,0,0,1,0,0,0,0,0,0,0,0,0,0,gratuito
3,0.0,0,0.0,103,9,1,1,1,0,1,1,1,1,1,1,1,alto
8,10000.0,17,0.29411764705882354,1,1,1,0,0,0,0,1,0,0,0,0,0,baixo
4,10000.0,230,0.8608695652173913,1,1,1,1,0,0,0,0,0,1,0,0,0,medio_baixo
1,10000.0,9,1.0,1,4,1,0,0,0,1,0,0,1,0,1,0,baixo
6,75000.0,6095,0.9417555373256767,11,4,1,1,1,0,1,0,0,1,0,1,1,baixo
2,10000.0,0,0.0,1,1,1,1,1,0,0,0,0,0,1,0,0,medio_alto
2,75000.0,34,0.6470588235294118,1,3,1,0,0,0,1,1,0,0,0,0,0,medio_alto
2,10000.0,0,0.0,2,2,1,0,0,0,1,1,0,0,0,0,0,medio_alto
1,10000.0,0,0.0,4,4,1,1,0,0,1,0,0,0,0,1,1,alto
8,10000.0,40,0.775,1,2,1,0,0,0,1,0,0,0,1,0,0,medio_alto
3,10000.0,340,0.6970588235294117,1,6,1,0,0,71,0,0,0,0,0,0,0,alto
8,35000.0,19,0.6842105263157895,1,4,1,0,0,0,1,1,1,0,1,0,0,baixo
8,35000.0,57,0.6140350877192983,1,2,1,1,1,1,1,0,0,1,0,0,0,baixo
3,0.0,0,0.0,0,0,1,0,0,0,0,0,0,0,0,0,0,gratuito
2,10000.0,0,0.0,19,3,1,0,0,0,1,0,1,1,0,0,0,medio_alto
8,10000.0,18,0.6666666666666666,1,2,1,0,0,0,1,0,0,1,0,0,0,baixo
6,10000.0,9,0.2222222222222222,2,1,1,0,0,0,1,0,0,0,0,0,0,medio_baixo
6,10000.0,1,0.0,1,1,1,0,0,0,0,0,0,0,1,0,0,medio_alto
1,0.0,0,0.0,1,1,1,0,0,0,1,0,0,0,0,0,0,medio_baixo
1,10000.0,0,0.0,1,2,1,0,0,0,1,0,0,0,1,0,0,alto
3,10000.0,2,1.0,1,3,1,0,0,0,1,0,1,1,0,0,0,alto
13,35000.0,1008,0.8630952380952381,3,2,1,0,0,0,1,0,0,1,0,0,0,baixo
4,10000.0,2,1.0,1,2,1,1,0,0,1,1,0,0,0,0,0,medio_baixo
1,0.0,0,0.0,1,3,1,0,0,0,1,1,0,1,0,0,0,medio_alto
9,10000.0,15,0.8666666666666667,2,2,1,0,1,0,1,1,0,0,0,0,0,baixo
4,10000.0,23,0.6086956521739131,103,1,1,0,0,0,1,0,0,0,0,0,0,baixo
3,10000.0,1,1.0,1,1,1,0,0,0,0,0,0,0,0,1,0,baixo
3,10000.0,1,1.0,1,4,1,0,0,0,1,1,0,1,0,0,1,baixo
1,0.0,0,0.0,3,4,1,1,0,0,1,0,1,1,0,0,1,medio_baixo
6,10000.0,0,0.0,1,2,1,0,0,0,1,0,0,1,0,0,0,baixo
7,10000.0,1,1.0,1,3,1,0,0,0,0,1,0,0,1,0,0,alto
12,10000.0,17,0.29411764705882354,2,2,1,0,0,0,0,0,0,1,0,0,1,medio_baixo
2,10000.0,5,0.6,1,2,1,0,0,0,0,0,0,1,0,0,0,baixo
2,0.0,0,0.0,0,0,1,0,0,0,0,0,0,0,0,0,0,gratuito
10,10000.0,4,0.75,1,3,1,0,0,0,1,0,0,0,0,0,1,alto
8,35000.0,191,0.8010471204188482,4,2,1,1,1,0,1,0,0,0,0,1,0,baixo
1,0.0,0,0.0,1,2,1,0,0,0,1,0,1,0,0,0,0,medio_alto
2,0.0,0,0.0,2,2,1,0,0,0,0,0,0,1,0,0,0,gratuito
2,10000.0,21,0.8571428571428571,1,3,1,0,0,0,1,1,1,0,0,0,0,medio_baixo
4,10000.0,0,0.0,1,5,1,1,1,0,1,1,0,0,0,0,1,alto
3,10000.0,15,1.0,1,3,1,0,0,0,1,1,0,1,0,0,0,medio_baixo
6,350000.0,4855,0.948918640576725,18,3,1,1,0,1,1,0,1,1,0,0,0,medio_alto
6,10000.0,1,0.0,1,4,1,0,0,0,1,1,1,0,1,0,0,baixo
5,10000.0,16,0.75,2,3,1,0,0,0,1,0,1,0,0,0,1,medio_baixo
7,10000.0,4,0.0,1,2,1,0,0,0,1,1,0,0,0,0,0,baixo
1,10000.0,0,0.0,1,5,1,0,0,0,1,1,1,0,0,1,0,gratuito
1,10000.0,3,1.0,1,1,1,0,0,0,0,1,0,0,0,0,0,medio_alto
8,350000.0,2198,0.9754322111010009,2,2,1,0,0,0,1,0,0,0,0,0,0,medio_baixo
13,10000.0,106,0.7641509433962265,5,3,1,0,1,0,0,1,1,1,0,0,0,medio_alto
1,10000.0,0,0.0,1,2,1,1,1,0,1,0,1,0,0,0,0,medio_alto
4,10000.0,6,0.6666666666666666,1,1,1,0,0,0,0,0,1,0,0,0,0,medio_baixo
2,10000.0,1,0.0,1,3,1,0,0,3,1,0,0,1,0,1,0,baixo
1,10000.0,9,0.8888888888888888,7,3,1,0,0,0,1,0,0,1,0,0,1,medio_baixo
1,10000.0,0,0.0,2,2,1,1,0,2,1,0,0,1,0,0,0,medio_baixo
1,0.0,0,0.0,103,7,1,0,1,0,0,0,1,1,0,1,0,gratuito
3,10000.0,30,0.9333333333333333,1,3,1,1,0,0,1,1,1,0,0,0,0,medio_baixo
6,35000.0,1,1.0,1,3,1,0,0,0,1,0,0,1,0,1,0,medio_alto
1,10000.0,1,1.0,5,1,1,0,0,0,0,0,0,0,0,0,1,alto
1,0.0,0,0.0,0,0,1,0,0,0,0,0,0,0,0,0,0,gratuito
1,10000.0,0,0.0,1,2,1,0,0,0,1,0,1,0,0,0,0,medio_baixo
1,0.0,0,0.0,14,5,1,1,1,1,1,1,1,1,1,0,0,medio_alto
5,35000.0,15,0.8666666666666667,1,3,1,0,0,0,1,1,1,0,0,0,0,medio_alto
4,10000.0,0,0.0,1,4,1,1,0,0,1,0,1,1,1,0,0,alto
1,0.0,0,0.0,1,1,1,0,0,0,1,0,0,0,0,0,0,medio_baixo
9,10000.0,33,0.8484848484848485,5,2,1,0,0,0,1,0,1,0,0,0,0,medio_alto
8,10000.0,101,0.7623762376237624,2,4,1,0,0,0,1,1,0,0,0,0,0,alto
1,0.0,0,0.0,0,0,1,0,0,0,0,0,0,0,0,0,0,gratuito
12,150000.0,942,0.8874734607218684,5,3,1,1,1,0,0,0,1,1,1,0,0,medio_baixo
6,10000.0,5,0.6,1,1,1,1,1,0,0,0,0,1,0,0,0,medio_alto
2,10000.0,48,0.6875,5,2,1,0,0,0,1,0,1,0,0,0,0,medio_baixo
1,10000.0,0,0.0,1,1,1,0,1,0,0,0,0,1,0,0,0,alto
8,150000.0,485,0.5092783505154639,11,4,1,0,0,0,0,0,1,0,1,1,1,medio_alto
2,10000.0,2,1.0,10,8,1,0,0,0,1,0,1,1,0,1,1,baixo
1,10000.0,1,1.0,1,3,1,0,0,0,1,1,0,1,0,0,0,baixo
11,350000.0,8212,0.7710667316122747,7,1,1,1,0,0,0,0,1,0,0,0,0,gratuito
1,10000.0,0,0.0,18,3,1,0,0,0,1,0,1,0,0,1,0,medio_alto
2,150000.0,3168,0.9242424242424242,4,4,1,0,0,0,1,1,1,0,1,0,0,alto
3,10000.0,21,0.6666666666666666,1,4,1,0,0,0,1,0,0,0,1,1,1,medio_baixo
7,350000.0,6875,0.9800727272727273,9,4,1,0,0,0,1,1,1,0,0,0,0,gratuito
2,10000.0,2,0.5,1,4,1,0,0,0,1,1,1,0,0,1,0,alto
3,10000.0,47,0.9787234042553191,1,1,1,1,1,0,0,0,0,1,0,0,0,alto
2,10000.0,3,1.0,1,3,1,0,0,0,0,1,1,0,1,0,0,medio_alto
8,75000.0,72,0.8472222222222222,1,3,1,1,0,1,1,1,1,0,0,0,0,medio_alto
2,10000.0,0,0.0,1,3,1,0,0,0,0,1,1,0,1,0,0,gratuito
3,35000.0,9,0.6666666666666666,1,3,1,0,0,0,1,0,1,1,0,0,0,medio_alto
2,0.0,0,0.0,1,3,1,0,0,0,1,0,0,1,0,0,0,gratuito
5,10000.0,6,1.0,1,3,1,0,0,0,1,1,0,0,1,0,0,medio_alto
9,10000.0,61,0.7049180327868853,1,3,1,0,0,0,0,1,0,1,0,0,0,alto
1,10000.0,6,1.0,1,4,1,0,0,0,1,1,1,1,0,0,0,medio_baixo
4,10000.0,15,0.6666666666666666,4,3,1,0,0,0,1,0,1,0,1,0,0,medio_alto
10,10000.0,148,0.9527027027027027,1,2,1,1,1,0,1,0,0,1,0,0,0,medio_alto
6,10000.0,0,0.0,1,2,1,0,0,2,1,0,0,1,0,0,0,baixo
4,10000.0,15,0.8,103,4,1,0,0,0,1,1,1,1,0,0,0,baixo
6,35000.0,66,0.45454545454545453,7,5,1,0,0,0,1,1,0,0,0,0,0,gratuito
7,75000.0,1851,0.7882225823878984,10,4,1,0,0,1,1,1,1,0,0,0,1,medio_baixo
1,0.0,0,0.0,1,2,1,0,0,0,1,0,0,1,0,0,0,medio_alto
9,350000.0,2136,0.9424157303370787,1,2,1,1,1,0,1,0,0,0,0,1,0,alto
1,75000.0,711,0.9015471167369902,17,4,1,0,0,0,1,0,0,1,0,0,1,alto
1,0.0,0,0.0,103,3,1,0,0,0,1,0,0,1,0,0,0,gratuito
9,10000.0,13,0.8461538461538461,1,3,1,0,0,0,0,0,0,1,0,1,0,gratuito
9,10000.0,175,0.8628571428571429,1,3,1,1,0,0,1,0,0,1,0,0,0,gratuito
2,10000.0,26,1.0,6,3,1,0,0,0,1,0,0,1,0,0,0,medio_baixo
10,750000.0,277,0.7725631768953068,3,6,1,0,0,0,1,1,1,1,1,0,1,baixo
2,3500000.0,153566,0.980190927679304,12,3,1,1,0,1,1,0,0,1,0,1,0,alto
2,10000.0,0,0.0,1,4,1,0,0,0,1,1,0,1,0,0,0,baixo
1,0.0,0,0.0,1,5,1,0,0,0,1,1,1,0,1,0,0,gratuito
9,10000.0,29,0.7931034482758621,1,2,1,0,0,0,1,1,0,0,0,0,0,medio_alto
9,10000.0,14,0.9285714285714286,2,4,1,0,0,0,1,0,0,0,0,1,1,alto
3,10000.0,0,0.0,1,3,1,0,0,0,0,0,0,1,1,1,0,alto
2,10000.0,42,1.0,2,4,1,0,0,0,1,1,0,0,0,0,0,alto
10,10000.0,45,0.5777777777777777,1,2,1,0,0,0,1,1,0,0,0,0,0,baixo
2,150000.0,2565,0.6619883040935672,13,3,1,0,0,8,0,1,0,1,1,0,0,alto
1,0.0,0,0.0,1,2,1,0,0,0,1,1,0,0,0,0,0,medio_alto
9,75000.0,52,0.5384615384615384,1,5,1,0,0,0,1,1,1,1,1,0,0,baixo
7,10000.0,7,0.8571428571428571,1,3,1,0,0,0,1,0,1,1,0,0,0,medio_baixo
8,10000.0,2,1.0,1,2,1,0,0,0,1,1,0,0,0,0,0,medio_baixo
11,350000.0,3098,0.7120723047127179,1,3,1,0,1,0,1,0,1,0,1,0,0,alto
3,75000.0,1258,0.8537360890302067,24,5,1,0,0,0,1,1,0,1,0,1,1,medio_baixo
1,0.0,0,0.0,1,3,1,0,0,0,1,0,0,1,0,0,0,gratuito
2,10000.0,13,0.6153846153846154,16,6,1,0,0,0,1,1,1,1,1,0,0,baixo
6,10000.0,0,0.0,7,3,1,0,0,0,1,1,0,1,0,0,0,medio_baixo
13,150000.0,321,0.3115264797507788,7,2,1,1,1,0,0,1,0,0,0,0,1,alto
1,10000.0,10,1.0,1,2,1,0,0,0,0,0,0,0,0,1,1,medio_alto
5,35000.0,202,0.7475247524752475,2,2,1,0,0,0,1,0,0,1,0,0,0,medio_baixo
11,150000.0,188,0.5851063829787234,1,4,1,0,0,0,1,0,0,1,1,1,0,baixo
4,10000.0,10,0.8,5,3,1,0,1,0,1,1,1,0,0,0,0,alto
1,10000.0,8,1.0,1,3,1,1,1,0,1,0,0,1,0,1,0,baixo
6,10000.0,84,0.6666666666666666,4,2,1,0,0,0,1,1,0,0,0,0,0,medio_baixo
12,35000.0,98,0.7551020408163265,5,1,1,0,0,0,0,0,1,0,0,0,0,baixo
8,10000.0,15,0.7333333333333333,1,1,1,1,1,1,0,0,0,0,1,0,0,medio_alto
5,10000.0,24,0.3333333333333333,28,4,1,1,1,0,1,1,0,1,0,0,1,alto
8,0.0,0,0.0,1,4,1,0,0,0,0,1,1,0,1,0,0,medio_baixo
11,0.0,0,0.0,2,2,1,0,0,0,0,0,1,1,0,0,0,medio_alto
7,0.0,0,0.0,6,3,1,0,0,0,1,1,1,0,0,0,0,medio_baixo
2,0.0,0,0.0,0,0,1,0,0,0,0,0,0,0,0,0,0,gratuito
5,150000.0,228,0.5307017543859649,1,3,1,1,1,1,1,0,0,0,1,1,0,medio_alto
8,0.0,0,0.0,1,3,1,0,0,0,1,0,1,0,1,0,0,medio_alto
1,0.0,0,0.0,1,2,1,0,0,0,0,1,1,0,0,0,0,alto
6,0.0,0,0.0,1,3,1,0,0,0,1,0,0,1,0,1,0,baixo
1,0.0,0,0.0,1,4,1,0,0,0,1,0,1,0,1,0,0,gratuito
1,0.0,0,0.0,4,3,1,1,0,0,1,0,0,1,0,1,0,medio_alto
2,0.0,0,0.0,5,4,1,0,0,0,1,0,1,1,0,0,0,medio_alto
2,10000.0,8,1.0,2,3,1,0,0,0,1,1,1,0,0,0,0,alto
8,750000.0,11458,0.7518764182230756,9,1,1,0,0,0,0,0,0,0,1,0,0,alto
7,10000.0,66,0.9393939393939394,1,3,1,0,1,0,1,1,0,1,0,0,0,baixo
5,0.0,0,0.0,0,0,1,0,0,0,0,0,0,0,0,0,0,gratuito
5,10000.0,0,0.0,1,2,1,0,0,1,1,0,0,1,0,0,0,baixo
10,350000.0,5306,0.9159442140972484,9,3,1,1,0,0,0,0,1,1,0,0,0,gratuito
1,0.0,0,0.0,0,0,1,0,0,0,0,0,0,0,0,0,0,gratuito
2,10000.0,13,0.7692307692307693,1,3,1,0,0,0,1,1,1,0,0,0,0,baixo
3,10000.0,5,0.8,1,4,1,0,0,0,1,1,0,0,0,0,1,medio_baixo
3,10000.0,51,0.7058823529411765,2,4,1,0,0,0,1,1,1,1,0,0,0,alto
2,0.0,0,0.0,0,0,1,0,0,0,0,0,0,0,0,0,0,gratuito
3,10000.0,0,0.0,1,2,1,0,1,0,0,0,0,0,0,0,0,baixo
10,10000.0,8,0.25,1,5,1,0,0,0,1,1,0,0,1,0,1,medio_baixo
4,0.0,0,0.0,1,5,1,1,1,0,1,0,0,1,0,0,1,gratuito
4,10000.0,5,0.6,1,3,1,0,0,0,0,0,0,1,1,0,1,medio_alto
7,10000.0,20,0.8,3,1,1,0,0,0,0,0,0,1,0,0,0,medio_alto
7,10000.0,0,0.0,2,2,1,0,1,0,1,1,0,0,0,0,0,medio_alto
6,10000.0,43,0.5116279069767442,1,5,1,0,0,0,1,1,1,1,0,0,1,baixo
1,0.0,0,0.0,3,5,1,0,1,0,1,0,1,1,1,0,0,gratuito
3,10000.0,8,0.625,1,4,1,0,0,0,1,0,0,0,0,1,1,medio_alto
2,0.0,0,0.0,1,3,1,0,0,0,0,0,0,1,0,0,0,gratuito
6,10000.0,1,1.0,1,2,1,0,0,0,0,1,0,1,0,0,0,medio_baixo
2,75000.0,1182,0.5913705583756346,1,4,1,0,0,0,1,1,1,0,1,0,0,alto
2,10000.0,3,0.6666666666666666,1,2,1,0,0,0,0,0,0,1,0,0,1,alto
10,1500000.0,7806,0.8578016910069177,29,1,1,1,1,0,0,0,0,0,0,0,0,gratuito
7,10000.0,0,0.0,1,1,1,1,0,0,1,0,0,0,0,0,0,medio_alto
2,10000.0,13,0.9230769230769231,7,5,1,0,0,0,1,0,1,1,0,1,1,medio_baixo
1,0.0,0,0.0,1,2,1,0,0,0,0,0,0,0,1,0,0,gratuito
2,0.0,0,0.0,0,0,1,0,0,0,0,0,0,0,0,0,0,gratuito
5,10000.0,6,0.6666666666666666,1,2,1,0,0,0,0,0,1,1,0,0,0,medio_alto
6,10000.0,30,1.0,1,3,1,0,0,0,1,0,1,0,1,0,0,alto
6,10000.0,35,0.6571428571428571,5,2,1,0,0,0,1,0,1,0,0,0,0,alto
1,10000.0,0,0.0,1,3,1,1,1,0,0,0,1,1,0,0,1,medio_alto
9,10000.0,6,0.8333333333333334,2,6,1,0,0,0,1,0,1,1,1,1,0,alto
2,10000.0,1,1.0,1,1,1,0,0,0,1,0,0,0,0,0,0,baixo
3,10000.0,0,0.0,2,1,1,0,0,0,0,0,0,0,0,0,1,alto
7,10000.0,25,0.76,1,1,1,0,0,0,1,0,0,0,0,0,0,gratuito
5,75000.0,9,0.5555555555555556,1,4,1,0,0,0,1,0,1,0,1,1,0,medio_baixo
5,10000.0,0,0.0,1,4,1,0,0,0,0,0,1,1,1,0,0,medio_baixo
3,350000.0,21540,0.6695914577530176,9,2,1,0,0,52,1,1,0,0,0,0,0,alto
1,0.0,0,0.0,1,3,1,0,0,0,1,0,0,0,1,0,0,gratuito
6,35000.0,5,0.8,1,5,1,0,0,0,1,1,1,1,0,0,1,baixo
1,10000.0,0,0.0,1,2,1,1,1,1,1,0,0,1,0,0,0,medio_baixo
3,10000.0,1,1.0,10,2,1,0,0,0,1,0,0,0,0,0,1,baixo
4,0.0,0,0.0,1,4,1,1,0,1,1,0,1,0,1,0,0,gratuito
4,10000.0,15,0.4666666666666667,1,2,1,0,0,0,1,0,0,1,0,0,0,baixo
2,35000.0,404,0.7178217821782178,9,1,1,0,0,1,0,0,0,0,0,1,0,alto
8,10000.0,6,0.6666666666666666,1,4,1,1,0,0,1,1,1,1,0,0,0,medio_baixo
2,10000.0,723,0.9598893499308437,4,2,1,1,0,0,1,0,0,0,0,0,1,alto
15,350000.0,1005,0.8199004975124378,4,1,1,0,0,0,0,0,1,0,0,0,0,baixo
1,10000.0,0,0.0,1,5,1,1,1,0,1,0,0,1,0,1,0,gratuito
1,0.0,0,0.0,1,3,1,1,0,0,1,0,0,1,0,0,1,medio_alto
1,10000.0,6,0.8333333333333334,3,3,1,0,0,1,1,0,1,0,0,1,0,medio_alto
9,10000.0,34,0.7941176470588235,2,3,1,1,1,0,1,1,0,0,1,0,0,medio_baixo
8,75000.0,1839,0.9271343121261555,29,4,1,1,0,0,1,0,0,1,1,0,1,baixo
2,10000.0,2,1.0,1,2,1,0,0,0,1,0,0,0,1,0,0,medio_alto
6,10000.0,21,1.0,3,3,1,0,0,0,1,1,0,1,0,0,0,baixo
6,10000.0,76,0.6578947368421053,3,7,1,0,0,0,1,1,1,1,1,0,1,alto
4,0.0,0,0.0,0,0,1,0,0,0,0,0,0,0,0,0,0,gratuito
10,35000.0,363,0.7823691460055097,5,3,1,0,0,6,1,0,1,1,0,0,0,alto
1,0.0,0,0.0,8,3,1,0,0,0,1,0,0,1,0,1,0,medio_baixo
10,10000.0,23,0.6956521739130435,6,2,1,1,1,0,1,0,1,0,0,0,0,medio_alto
3,10000.0,15,0.9333333333333333,2,2,1,0,0,0,1,1,0,0,0,0,0,baixo
2,10000.0,11,1.0,1,2,1,0,0,0,0,0,0,1,0,0,0,medio_baixo
1,10000.0,0,0.0,1,2,1,0,0,0,0,0,0,0,0,1,1,medio_alto
1,0.0,0,0.0,8,2,1,0,0,0,1,1,0,0,0,0,0,alto
4,10000.0,13,0.7692307692307693,5,3,1,1,0,0,1,1,0,1,0,0,0,gratuito
1,10000.0,18,0.6666666666666666,1,3,1,0,0,0,1,0,1,1,0,0,0,medio_baixo
1,10000.0,0,0.0,2,1,1,0,0,0,0,1,0,0,0,0,0,medio_alto
3,0.0,0,0.0,1,2,1,1,0,1,0,1,0,0,0,0,0,gratuito
11,35000.0,115,0.25217391304347825,1,3,1,0,0,0,1,1,1,0,0,0,0,alto
8,10000.0,13,0.6923076923076923,1,1,1,0,0,0,1,0,0,0,0,0,0,medio_baixo
2,10000.0,0,0.0,10,6,1,0,0,3,1,0,1,1,1,0,1,gratuito
1,10000.0,0,0.0,8,3,1,1,0,2,1,1,1,0,0,0,0,medio_alto
5,10000.0,16,0.625,1,1,1,0,0,0,0,0,0,0,0,0,0,medio_alto
8,10000.0,25,0.32,1,5,1,0,0,0,1,1,1,1,1,0,0,alto
3,0.0,0,0.0,1,3,1,0,0,0,0,1,1,0,0,0,0,gratuito
2,0.0,0,0.0,1,4,1,0,0,0,1,0,0,1,0,0,1,gratuito
2,0.0,0,0.0,103,9,1,1,1,0,1,1,1,1,1,1,1,alto
2,10000.0,151,0.8741721854304636,20,3,1,0,0,0,1,0,1,0,0,0,1,medio_baixo
6,10000.0,11,1.0,1,1,1,0,0,0,0,0,0,1,0,0,0,baixo
8,10000.0,212,0.7547169811320755,2,3,1,0,0,1,1,1,1,0,0,0,0,baixo
1,10000.0,0,0.0,1,2,1,0,0,0,1,0,1,0,0,0,0,medio_baixo
5,10000.0,3,1.0,1,2,1,0,1,0,1,1,0,0,0,0,0,baixo
3,10000.0,71,0.8309859154929577,5,3,1,1,0,0,1,0,0,1,0,1,0,alto
8,10000.0,19,0.8947368421052632,1,2,1,0,0,0,0,0,1,1,0,0,0,medio_alto
6,10000.0,0,0.0,1,2,1,0,0,0,0,0,1,0,1,0,0,medio_alto
8,10000.0,3,0.0,1,4,1,0,0,0,1,1,1,0,0,0,1,medio_baixo
1,0.0,0,0.0,0,0,1,0,0,0,0,0,0,0,0,0,0,gratuito
9,150000.0,829,0.6718938480096501,2,2,1,0,0,0,1,1,0,0,0,0,0,baixo
1,0.0,0,0.0,0,0,1,0,0,0,0,0,0,0,0,0,0,gratuito
1,0.0,0,0.0,1,6,1,0,0,0,1,1,1,0,1,0,0,gratuito
5,10000.0,1,1.0,1,1,1,0,0,0,0,0,0,0,1,0,0,medio_baixo
2,0.0,0,0.0,1,3,1,0,0,0,0,0,0,0,0,1,0,gratuito
5,0.0,0,0.0,0,0,1,0,0,0,0,0,0,0,0,0,0,gratuito
9,10000.0,26,0.6538461538461539,1,5,1,0,0,7,1,1,1,0,1,0,1,alto
5,10000.0,3,1.0,1,3,1,1,0,0,1,1,0,0,0,0,0,baixo
9,10000.0,47,0.723404255319149,1,3,1,0,0,0,1,0,1,0,0,0,1,medio_baixo
2,0.0,0,0.0,1,3,1,0,0,0,1,0,0,1,0,0,0,gratuito
9,10000.0,54,0.9074074074074074,10,3,1,1,0,1,1,0,1,1,0,0,0,medio_baixo
7,10000.0,0,0.0,1,3,1,0,0,0,0,0,0,1,0,0,1,alto
2,0.0,0,0.0,0,0,1,0,0,0,0,0,0,0,0,0,0,gratuito
4,750000.0,0,0.0,12,3,1,1,0,2,1,0,0,1,0,0,1,medio_alto
6,10000.0,956,0.9361924686192469,1,3,1,0,0,0,1,0,0,1,0,0,1,baixo
6,10000.0,3,1.0,3,4,1,0,0,1,1,0,0,1,0,1,1,medio_alto
8,10000.0,6,1.0,1,3,1,0,0,0,1,0,0,1,0,1,0,medio_baixo
2,0.0,0,0.0,1,5,1,1,0,0,1,0,0,1,0,1,0,gratuito
1,10000.0,0,0.0,15,4,1,0,0,0,1,1,1,1,0,0,0,alto
3,0.0,0,0.0,1,4,1,0,0,0,1,0,1,1,0,0,1,gratuito
5,10000.0,21,0.38095238095238093,2,3,1,0,0,0,1,0,1,0,0,0,1,baixo
9,10000.0,2,0.5,1,2,1,0,0,0,1,1,0,0,0,0,0,baixo
3,10000.0,26,0.9230769230769231,2,2,1,0,0,0,1,0,1,0,0,0,0,medio_alto
6,10000.0,30,0.6333333333333333,2,3,1,0,0,0,1,0,0,1,0,0,1,medio_alto
7,10000.0,10,1.0,1,1,1,0,0,0,1,0,0,0,0,0,0,medio_baixo
3,10000.0,1,1.0,1,4,1,0,0,0,1,1,1,1,0,0,0,medio_baixo
9,10000.0,34,0.6764705882352942,3,1,1,1,1,0,1,0,0,0,0,0,0,medio_alto
12,75000.0,316,0.810126582278481,4,3,1,1,0,0,1,1,0,1,0,0,0,alto
2,10000.0,4,0.75,1,2,1,0,0,0,1,0,0,0,0,0,1,baixo
1,10000.0,4,0.5,5,4,1,0,0,0,1,0,1,0,1,1,0,alto
1,0.0,0,0.0,4,3,1,0,0,0,1,0,0,1,0,0,1,medio_baixo
4,10000.0,1,1.0,1,1,1,0,0,0,0,0,0,0,0,1,0,medio_alto
2,0.0,0,0.0,103,2,1,0,0,0,1,0,0,1,0,0,0,baixo
5,35000.0,321,0.9844236760124611,1,3,1,0,0,0,1,0,1,1,0,0,0,baixo
4,35000.0,2,1.0,1,2,1,0,0,0,1,0,0,0,1,0,0,baixo
3,35000.0,5,0.6,1,3,1,1,0,0,1,0,1,0,1,0,0,medio_baixo
4,10000.0,20,1.0,6,3,1,0,0,0,1,0,1,1,0,0,0,medio_baixo
1,0.0,0,0.0,1,5,1,0,0,0,0,1,1,0,1,1,0,gratuito
5,10000.0,91,1.0,3,3,1,1,0,2,1,1,0,1,0,0,0,medio_alto
1,0.0,0,0.0,4,2,1,0,0,0,0,1,0,0,1,0,0,medio_alto
2,10000.0,10,0.9,1,3,1,0,0,0,1,0,0,1,0,0,0,medio_alto
3,10000.0,0,0.0,1,3,1,1,0,0,1,0,1,0,0,0,0,gratuito
2,0.0,0,0.0,1,3,1,0,0,0,1,0,0,1,0,0,0,gratuito
4,10000.0,1,0.0,7,4,1,0,0,0,1,1,1,0,0,1,0,medio_baixo
8,10000.0,43,0.8837209302325582,3,3,1,1,0,1,1,0,1,1,0,0,0,baixo
3,10000.0,0,0.0,16,3,1,0,0,0,0,0,1,1,0,0,1,alto
1,150000.0,2,1.0,4,4,1,0,0,0,1,0,0,1,0,1,1,baixo
9,10000.0,19,0.3684210526315789,1,2,1,1,0,0,1,0,0,0,0,0,0,medio_baixo
2,0.0,0,0.0,2,3,1,0,0,0,1,0,0,1,0,0,0,gratuito
3,75000.0,115,0.7565217391304347,12,5,1,0,0,0,0,0,0,0,1,1,0,gratuito
1,10000.0,293,0.757679180887372,17,3,1,1,0,0,1,0,0,0,0,0,1,alto
8,10000.0,3,0.3333333333333333,1,3,1,1,0,0,1,0,0,1,0,0,0,baixo
8,10000.0,40,0.475,2,5,1,0,0,0,1,0,0,1,0,1,1,medio_baixo
8,75000.0,265,0.909433962264151,1,2,1,0,0,1,1,1,0,0,0,0,0,medio_alto
2,0.0,0,0.0,7,6,1,0,0,8,1,1,0,0,0,0,1,gratuito
2,0.0,0,0.0,103,5,1,0,0,0,1,1,0,1,0,0,1,gratuito
2,35000.0,2001,0.7831084457771115,4,5,1,0,0,0,0,1,1,0,0,1,1,alto
5,10000.0,11,1.0,3,1,1,0,0,0,0,0,0,1,0,0,0,baixo
3,10000.0,0,0.0,4,2,1,0,1,0,1,0,0,0,0,0,0,gratuito
2,10000.0,3,1.0,2,5,1,0,0,0,1,1,1,1,1,0,0,medio_baixo
2,0.0,0,0.0,1,5,1,0,0,0,0,1,0,1,0,0,0,gratuito
1,10000.0,2,0.5,1,2,1,0,0,0,0,0,0,1,0,0,1,alto
2,10000.0,1,0.0,1,5,1,0,0,0,1,1,1,0,1,0,1,medio_baixo
3,10000.0,0,0.0,14,5,1,0,0,0,0,1,1,0,1,0,0,gratuito
4,0.0,0,0.0,0,0,1,0,0,0,0,0,0,0,0,0,0,gratuito
7,10000.0,30,0.8666666666666667,1,3,1,0,0,0,1,1,0,1,0,0,0,gratuito
5,35000.0,12,0.8333333333333334,1,1,1,0,0,0,0,0,0,0,1,0,0,alto
3,10000.0,154,0.8311688311688312,3,2,1,0,0,0,1,0,0,0,1,0,0,alto
4,0.0,0,0.0,2,3,1,0,0,0,0,0,0,0,1,0,0,gratuito
3,10000.0,8,0.625,2,2,1,0,0,1,0,1,0,0,1,0,0,alto
9,10000.0,81,0.7160493827160493,2,5,1,0,0,1,1,1,0,1,0,0,1,alto
3,10000.0,53,0.9433962264150944,3,2,1,0,0,1,1,1,0,0,0,0,0,medio_baixo
1,0.0,0,0.0,5,4,1,0,0,0,1,0,1,1,0,0,0,medio_alto
6,10000.0,0,0.0,1,2,1,0,0,2,1,0,0,1,0,0,0,baixo
2,0.0,0,0.0,1,3,1,1,0,0,1,0,0,1,0,0,0,gratuito
5,10000.0,8,0.25,2,1,1,0,0,0,0,0,0,0,0,1,0,baixo
2,0.0,0,0.0,5,3,1,0,0,0,1,1,0,0,0,0,0,gratuito
5,150000.0,1245,0.5044176706827309,6,1,1,0,0,2,0,0,0,1,0,0,0,medio_baixo
10,10000.0,5,0.8,1,3,1,1,1,0,1,1,0,1,0,0,0,medio_baixo
2,10000.0,1,1.0,1,4,1,0,0,0,1,1,1,1,0,0,0,alto
1,0.0,0,0.0,0,0,1,0,0,0,0,0,0,0,0,0,0,gratuito
8,10000.0,1,1.0,1,3,1,0,0,0,0,0,1,1,1,0,0,medio_baixo
1,35000.0,848,0.8691037735849056,4,5,1,1,0,0,1,0,0,1,0,1,1,alto
3,10000.0,3,1.0,1,2,1,1,0,0,1,0,0,1,0,0,0,medio_baixo
8,350000.0,5257,0.7671675860757086,24,4,1,1,0,3,1,0,0,0,0,1,0,gratuito
6,10000.0,37,0.918918918918919,1,1,1,1,0,0,1,0,0,0,0,0,0,medio_baixo
1,0.0,0,0.0,11,3,1,0,0,0,0,1,0,1,0,1,0,medio_alto
1,10000.0,0,0.0,1,2,1,0,0,0,1,0,0,1,0,0,0,baixo
10,75000.0,277,0.7111913357400722,26,2,1,1,1,0,1,1,0,0,0,0,0,baixo
4,10000.0,84,0.8809523809523809,4,6,1,0,0,2,1,1,1,0,0,0,1,medio_alto
2,0.0,0,0.0,5,5,1,0,0,0,0,0,0,0,0,0,1,gratuito
2,10000.0,7,0.7142857142857143,2,4,1,0,0,0,1,0,0,0,0,0,1,alto
4,10000.0,4,0.75,1,7,1,0,0,0,1,1,1,1,0,1,1,alto
7,10000.0,20,0.7,1,2,1,0,0,0,1,0,0,0,0,0,0,alto
6,10000.0,18,1.0,1,2,1,1,0,1,1,0,0,1,0,0,0,medio_alto
2,0.0,0,0.0,0,0,1,0,0,0,0,0,0,0,0,0,0,gratuito
1,10000.0,180,0.8388888888888889,29,4,1,0,0,0,1,0,0,1,0,1,1,alto
7,150000.0,1629,0.6863106200122775,3,4,1,0,0,2,1,0,1,1,1,0,0,baixo
3,10000.0,36,0.6388888888888888,2,4,1,0,0,0,1,1,1,0,0,0,1,baixo
4,35000.0,31,0.6129032258064516,1,3,1,0,0,0,1,1,0,0,0,0,0,gratuito
5,1500000.0,34659,0.9294555526703021,13,3,1,1,1,1,1,0,0,0,1,1,0,medio_baixo
6,10000.0,24,0.6666666666666666,1,2,1,0,0,0,1,0,0,1,0,0,0,medio_baixo
12,10000.0,84,0.4523809523809524,2,3,1,0,0,0,1,1,1,0,0,0,0,medio_alto
7,35000.0,70,0.7142857142857143,1,5,1,0,0,0,1,1,0,1,0,0,1,baixo
1,10000.0,0,0.0,1,2,1,0,0,0,1,0,0,1,0,0,0,medio_baixo
5,35000.0,22,0.8636363636363636,2,4,1,0,0,0,1,0,0,0,1,1,0,medio_baixo
9,10000.0,74,0.8378378378378378,6,2,1,0,0,0,0,1,1,0,0,0,0,alto
8,10000.0,16,0.5,1,2,1,0,0,0,0,1,1,0,0,0,0,medio_baixo
3,350000.0,2520,0.8436507936507937,13,3,1,0,0,5,1,1,0,0,1,0,0,alto
3,10000.0,0,0.0,1,3,1,0,0,0,1,1,0,0,0,0,0,alto
9,150000.0,347,0.4409221902017291,8,2,1,0,0,0,0,1,0,0,1,0,0,gratuito
2,35000.0,12,0.9166666666666666,2,1,1,0,1,1,0,0,1,0,0,0,0,medio_alto
1,10000.0,22,0.9545454545454546,10,2,1,0,0,0,1,1,0,0,0,0,0,baixo
1,10000.0,0,0.0,1,4,1,0,0,0,1,1,1,0,0,0,0,baixo
10,150000.0,1590,0.7081761006289308,7,2,1,0,0,2,1,0,1,0,0,0,0,medio_baixo
6,35000.0,71,0.8309859154929577,14,3,1,0,0,0,1,1,0,1,0,0,0,baixo
3,150000.0,2821,0.9454094292803971,8,2,1,1,1,1,1,1,0,0,0,0,0,alto
3,75000.0,3,0.6666666666666666,1,3,1,0,0,0,1,1,0,1,0,0,0,baixo
2,75000000.0,380709,0.9410494629756586,17,5,1,0,0,1,1,1,1,0,1,0,0,alto
9,35000.0,157,0.6942675159235668,5,2,1,1,0,1,1,0,1,0,0,0,0,medio_baixo
6,10000.0,10,1.0,1,6,1,0,0,0,1,1,1,1,0,0,1,gratuito
5,10000.0,135,0.6962962962962963,1,3,1,0,0,0,1,0,0,0,0,0,0,medio_alto
4,10000.0,20,1.0,1,2,1,0,0,0,1,0,0,1,0,0,0,baixo
2,10000.0,1,1.0,1,2,1,0,0,0,0,0,0,0,0,0,0,baixo
2,10000.0,45,1.0,2,5,1,0,0,0,1,1,1,1,1,0,0,medio_baixo
3,0.0,0,0.0,0,0,1,0,0,0,0,0,0,0,0,0,0,gratuito
1,35000.0,355,0.6422535211267606,10,3,1,0,0,2,0,0,0,0,0,0,1,alto
3,10000.0,0,0.0,2,1,1,0,1,0,0,0,0,0,0,0,1,medio_baixo
8,10000.0,7,0.8571428571428571,1,3,1,0,0,0,1,1,0,0,0,1,0,baixo
5,10000.0,59,0.7457627118644068,9,2,1,1,0,2,1,0,1,0,0,0,0,baixo
2,10000.0,21,1.0,3,4,1,1,1,1,1,1,1,1,0,0,0,medio_alto
4,10000.0,4,1.0,1,2,1,0,0,0,0,0,1,1,0,0,0,baixo
9,10000.0,1,1.0,1,2,1,0,0,0,1,0,1,0,0,0,0,medio_alto
8,10000.0,31,0.6774193548387096,7,3,1,1,1,0,1,0,0,1,0,0,1,baixo
5,35000.0,8,0.5,2,2,1,0,0,0,1,1,0,0,0,0,0,alto
12,35000.0,122,0.5983606557377049,9,2,1,0,0,0,0,0,1,1,0,0,0,baixo
4,10000.0,10,1.0,1,3,1,0,0,0,1,0,1,1,0,0,0,medio_alto
5,10000.0,12,0.5,2,2,1,0,0,0,1,1,0,0,0,0,0,medio_baixo
1,0.0,0,0.0,1,1,1,0,0,0,1,0,0,0,0,0,0,medio_alto
1,10000.0,0,0.0,2,4,1,0,0,0,1,1,1,0,0,0,1,medio_baixo
6,10000.0,11,0.8181818181818182,1,4,1,0,0,0,1,1,1,1,0,0,0,gratuito
11,10000.0,67,0.8955223880597015,1,3,1,1,0,0,1,1,0,1,0,0,0,medio_baixo
3,0.0,0,0.0,5,4,1,0,1,0,0,0,0,1,0,0,1,gratuito
5,75000.0,246,0.7560975609756098,30,5,1,0,0,39,1,0,0,1,0,1,1,gratuito
6,350000.0,2995,0.8727879799666111,12,3,1,1,1,2,1,1,1,0,0,0,0,medio_baixo
4,10000.0,0,0.0,1,3,1,1,1,0,1,0,0,1,0,0,1,medio_alto
11,35000.0,469,0.8933901918976546,5,4,1,1,1,0,1,1,1,0,0,1,0,medio_baixo
5,35000.0,43,0.8837209302325582,29,2,1,0,0,0,1,0,0,1,0,0,0,baixo
5,10000.0,13,1.0,1,3,1,0,0,0,1,0,0,1,0,1,0,medio_baixo
8,10000.0,0,0.0,1,1,1,0,0,0,0,0,0,0,0,0,0,alto
5,35000.0,10,0.7,1,1,1,0,0,0,1,0,0,0,0,0,0,medio_baixo
4,10000.0,0,0.0,1,3,1,0,0,0,0,1,1,1,0,0,0,medio_baixo
2,10000.0,3,0.6666666666666666,1,1,1,1,0,0,0,0,0,1,0,0,0,medio_alto
7,10000.0,70,0.42857142857142855,1,6,1,0,0,0,1,0,1,1,1,1,1,medio_alto
3,10000.0,7,1.0,1,2,1,0,0,0,1,1,0,0,0,0,0,medio_baixo
4,10000.0,3,0.3333333333333333,4,1,1,0,0,0,0,0,0,1,0,0,0,baixo
3,0.0,0,0.0,0,0,1,0,0,0,0,0,0,0,0,0,0,gratuito
2,0.0,0,0.0,103,3,1,1,0,0,1,1,0,1,0,0,0,medio_baixo
6,10000.0,6,0.6666666666666666,1,6,1,0,0,0,1,0,1,0,1,1,1,medio_alto
11,10000.0,12,0.5,1,2,1,1,1,1,1,0,0,1,0,0,0,baixo
4,10000.0,66,1.0,1,2,1,0,0,0,1,0,1,0,0,0,0,medio_baixo
10,10000.0,20,0.9,1,2,1,0,0,0,0,0,1,1,0,0,0,medio_baixo
10,10000.0,174,0.8390804597701149,2,2,1,1,1,2,1,0,0,0,1,0,0,alto
2,0.0,0,0.0,5,3,1,1,0,0,1,0,1,0,0,0,0,gratuito
5,0.0,0,0.0,0,0,1,0,0,0,0,0,0,0,0,0,0,gratuito
6,35000.0,48,0.9166666666666666,1,2,1,0,1,2,1,0,0,0,1,0,0,medio_alto
11,350000.0,1067,0.7656982193064668,6,4,1,0,0,1,1,1,0,1,0,1,0,medio_baixo
3,10000.0,391,0.8849104859335039,10,4,1,0,0,55,1,1,0,1,0,0,1,alto
4,10000.0,8,1.0,1,3,1,0,0,0,1,1,1,0,0,0,0,baixo
5,35000.0,35,0.8571428571428571,3,5,1,0,0,0,1,0,0,1,1,1,1,medio_alto
18,35000.0,125,0.816,1,1,1,0,0,0,0,0,0,1,0,0,0,medio_baixo
2,10000.0,38,0.6842105263157895,1,1,1,0,0,0,0,0,1,0,0,0,0,baixo
3,10000.0,42,0.8809523809523809,1,2,1,0,0,0,1,1,0,0,0,0,0,medio_alto
19,350000.0,2415,0.9449275362318841,1,2,1,0,0,0,0,0,0,1,0,0,0,gratuito
6,10000.0,24,0.9166666666666666,1,3,1,1,0,0,1,1,1,0,0,0,0,medio_baixo
1,0.0,0,0.0,1,1,1,0,1,0,1,0,0,0,0,0,0,alto
1,0.0,0,0.0,1,1,1,0,1,0,0,0,0,0,0,0,0,medio_alto
1,0.0,0,0.0,1,3,1,0,0,0,1,1,0,1,0,0,0,medio_alto
5,35000.0,5,1.0,28,2,1,1,1,0,1,1,0,0,0,0,0,baixo
6,1500000.0,22104,0.9583785740137531,14,2,1,1,0,0,1,1,0,0,0,0,0,alto
2,10000.0,17,0.8823529411764706,7,3,1,1,0,0,0,0,1,1,0,1,0,alto
7,10000.0,5,0.6,1,3,1,0,0,0,1,0,1,1,0,0,0,baixo
1,0.0,0,0.0,1,2,1,0,1,0,1,1,0,0,0,0,0,medio_baixo
7,10000.0,51,0.19607843137254902,1,3,1,0,0,0,1,1,1,0,0,0,0,medio_alto
3,10000.0,9,0.8888888888888888,1,1,1,1,0,0,0,0,0,0,1,0,0,gratuito
3,10000.0,93,0.8924731182795699,3,3,1,0,0,0,1,0,0,1,0,0,1,baixo
2,10000.0,85,0.8235294117647058,1,2,1,0,0,0,1,0,0,1,0,0,0,baixo
2,0.0,0,0.0,1,6,1,0,0,0,1,0,0,1,1,1,0,gratuito
5,35000.0,17,0.7058823529411765,103,3,1,0,0,0,1,1,1,0,0,0,0,baixo
1,10000.0,0,0.0,14,3,1,0,0,0,1,0,0,0,0,1,0,medio_alto
4,35000.0,19,0.5263157894736842,1,3,1,0,0,0,1,1,1,0,0,0,0,baixo
9,150000.0,1093,0.9176578225068619,1,3,1,0,0,0,1,0,0,1,0,0,1,alto
17,150000.0,1336,0.7979041916167665,1,1,1,0,0,0,0,1,0,0,0,0,0,alto
1,10000.0,0,0.0,11,4,1,1,0,0,1,0,0,1,0,1,0,alto
1,10000.0,0,0.0,11,4,1,0,0,0,1,0,1,1,0,1,0,medio_alto
5,0.0,0,0.0,1,1,1,0,1,1,1,0,0,0,0,0,0,gratuito
1,10000.0,3,1.0,1,2,1,0,0,0,1,1,0,0,0,0,0,alto
6,10000.0,2,0.5,1,3,1,0,0,0,0,1,1,1,0,0,0,medio_alto
7,10000.0,9,0.6666666666666666,1,6,1,0,1,0,1,1,1,1,1,1,0,baixo
10,150000.0,195,0.6307692307692307,5,3,1,1,0,1,1,1,1,0,0,0,0,medio_baixo
3,35000.0,3,1.0,1,4,1,1,1,0,1,0,1,1,0,0,1,medio_baixo
1,10000.0,0,0.0,1,2,1,0,0,0,1,0,1,0,0,0,0,alto
6,10000.0,32,0.625,2,2,1,0,0,0,1,0,1,0,0,0,0,baixo
4,35000.0,15,0.3333333333333333,1,4,1,0,0,0,1,1,1,0,0,1,0,medio_baixo
7,10000.0,56,0.9821428571428571,1,1,1,0,0,0,0,0,1,0,0,0,0,gratuito
10,10000.0,41,0.7560975609756098,1,2,1,1,1,0,1,0,0,1,0,0,0,medio_baixo
6,75000.0,2,0.0,1,3,1,0,0,0,1,0,0,0,1,1,0,baixo
8,35000.0,589,0.9354838709677419,7,4,1,0,0,0,1,0,1,1,0,0,1,alto
5,10000.0,961,0.8938605619146722,14,4,1,1,1,0,1,0,1,1,0,0,0,gratuito
8,35000.0,169,0.7692307692307693,1,2,1,0,0,1,1,0,0,1,0,0,0,baixo
2,10000.0,11,0.9090909090909091,4,3,1,0,0,0,1,0,0,0,0,1,1,medio_alto
4,10000.0,180,0.9111111111111111,6,6,1,0,0,0,1,0,0,1,0,1,1,medio_alto
1,0.0,0,0.0,4,1,1,0,0,0,1,0,0,0,0,0,0,medio_alto
2,10000.0,0,0.0,1,2,1,0,0,0,0,0,0,1,0,0,0,gratuito
3,0.0,0,0.0,3,3,1,0,0,0,1,1,1,0,0,0,0,gratuito
3,10000.0,0,0.0,1,6,1,0,0,0,1,0,1,0,1,1,0,gratuito
4,10000.0,28,0.9285714285714286,1,4,1,0,0,0,1,0,1,1,0,0,0,gratuito
3,10000.0,0,0.0,1,3,1,0,0,0,1,0,0,0,0,0,1,medio_alto
1,10000.0,0,0.0,7,4,1,1,0,2,1,0,0,0,1,1,0,gratuito
12,150000.0,774,0.7661498708010336,2,3,1,0,0,0,1,1,0,1,0,0,0,gratuito
1,0.0,0,0.0,0,0,1,0,0,0,0,0,0,0,0,0,0,gratuito
6,10000.0,20,0.7,1,3,1,0,0,0,1,1,0,0,1,0,0,gratuito
5,0.0,0,0.0,0,0,1,0,0,0,0,0,0,0,0,0,0,gratuito
1,10000.0,0,0.0,12,3,1,0,0,0,1,0,0,1,0,0,1,medio_baixo
3,10000.0,103,0.6116504854368932,1,4,1,0,0,0,1,1,1,0,0,0,1,baixo
1,10000.0,10,0.9,1,5,1,0,0,0,1,0,1,1,1,0,0,medio_alto
3,10000.0,9,0.3333333333333333,1,2,1,0,0,0,0,0,0,1,0,1,0,alto
10,10000.0,26,0.7307692307692307,6,3,1,1,1,0,1,1,0,1,0,0,0,alto
2,10000.0,4,1.0,1,3,1,0,0,0,1,0,1,1,0,0,0,baixo
8,10000.0,3,1.0,1,3,1,1,0,0,1,1,0,0,0,0,0,baixo
3,10000.0,5,1.0,1,2,1,1,0,0,1,0,0,0,1,0,0,baixo
7,10000.0,14,0.7857142857142857,9,1,1,0,0,0,0,0,0,1,0,0,0,baixo
6,10000.0,1,1.0,1,3,1,0,0,0,0,1,0,1,0,0,0,baixo
10,35000.0,60,0.8333333333333334,1,1,1,1,1,0,0,0,0,0,0,0,0,baixo
1,10000.0,147,0.9047619047619048,9,1,1,0,0,0,1,0,0,0,0,0,0,medio_baixo
6,10000.0,29,0.8275862068965517,6,3,1,1,0,47,1,0,0,1,0,0,1,alto
1,10000.0,34,0.8235294117647058,5,3,1,0,0,0,1,1,1,0,0,0,0,alto
2,750000.0,7075,0.8,13,4,1,0,0,0,0,0,1,0,0,1,1,alto
5,10000.0,4,0.75,2,4,1,0,0,0,1,1,1,0,0,0,0,medio_alto
2,0.0,0,0.0,0,0,1,0,0,0,0,0,0,0,0,0,0,gratuito
2,0.0,0,0.0,2,4,1,0,0,1,1,1,1,0,0,0,0,gratuito
5,10000.0,14,0.7142857142857143,1,1,1,0,0,0,0,0,0,0,0,0,0,gratuito
12,35000.0,224,0.7232142857142857,8,1,1,0,0,0,0,0,1,0,0,0,0,medio_baixo
1,10000.0,0,0.0,1,5,1,0,0,0,1,0,0,1,1,0,1,medio_alto
5,10000.0,15,1.0,1,3,1,0,0,0,1,0,0,0,1,1,0,alto
2,10000.0,0,0.0,103,6,1,0,0,0,1,0,1,1,1,1,1,baixo
4,10000.0,69,0.8260869565217391,1,5,1,0,0,0,1,1,1,0,1,0,0,alto
6,75000.0,272,0.7352941176470589,1,4,1,0,0,0,1,1,0,0,0,0,0,gratuito
10,10000.0,23,0.6086956521739131,2,4,1,0,0,0,1,1,0,1,0,0,1,alto
3,10000.0,24,0.7916666666666666,2,2,1,0,0,0,0,0,0,0,1,0,0,medio_baixo
8,10000.0,34,0.8235294117647058,1,3,1,0,0,0,1,0,1,0,0,0,0,gratuito
2,10000.0,49,0.8571428571428571,1,2,1,0,0,0,0,1,0,1,0,0,0,baixo
2,75000.0,121,0.9338842975206612,3,2,1,0,0,0,1,0,1,0,0,0,0,alto
9,10000.0,4,1.0,1,2,1,0,0,0,1,1,0,0,0,0,0,medio_baixo
4,35000.0,487,0.8069815195071869,1,3,1,1,1,3,1,0,1,0,1,0,0,medio_alto
1,10000.0,0,0.0,1,4,1,0,0,0,1,1,0,0,1,0,0,gratuito
2,10000.0,0,0.0,1,2,1,0,0,0,1,1,0,0,0,0,0,medio_baixo
1,75000.0,567,0.9171075837742504,9,4,1,1,1,1,1,1,0,0,0,1,1,medio_alto
4,35000.0,256,0.95703125,2,2,1,0,0,0,1,0,0,0,0,0,1,medio_baixo
1,10000.0,0,0.0,12,5,1,0,0,0,1,1,1,1,0,0,0,alto
3,10000.0,3,1.0,3,2,1,0,0,0,1,1,0,0,0,0,0,medio_baixo
5,0.0,0,0.0,0,0,1,0,0,0,0,0,0,0,0,0,0,gratuito
1,0.0,0,0.0,2,3,1,0,0,0,1,0,0,1,0,1,0,medio_baixo
2,10000.0,19,0.9473684210526315,6,2,1,1,0,0,0,0,0,0,0,0,1,medio_baixo
2,0.0,0,0.0,0,0,1,0,0,0,0,0,0,0,0,0,0,gratuito
4,10000.0,0,0.0,1,4,1,0,0,0,1,1,0,0,0,1,1,medio_alto
3,350000.0,1722,0.9047619047619048,1,4,1,0,0,0,1,0,0,1,1,1,0,baixo
4,10000.0,3,0.3333333333333333,1,2,1,0,0,0,0,1,1,0,0,0,0,baixo
4,150000.0,29,0.9310344827586207,2,2,1,0,0,0,0,1,0,0,0,1,0,medio_baixo
2,10000.0,1,1.0,1,2,1,0,0,0,1,0,0,0,0,1,0,medio_alto
7,10000.0,31,0.7096774193548387,1,3,1,0,0,0,1,1,1,0,0,0,0,baixo
5,1500000.0,13952,0.912055619266055,15,3,1,0,0,12,0,1,1,0,1,0,0,alto
7,10000.0,0,0.0,2,3,1,0,0,0,0,0,1,1,0,1,0,medio_baixo
1,10000.0,0,0.0,2,3,1,1,0,1,1,0,1,1,0,0,0,alto
5,0.0,0,0.0,1,3,1,0,0,0,1,0,0,0,1,1,0,gratuito
5,10000.0,1,1.0,29,5,1,0,0,0,1,1,1,1,0,0,0,medio_baixo
2,35000.0,460,0.717391304347826,9,2,1,0,0,0,0,0,0,0,0,0,1,alto
1,10000.0,100,0.91,1,5,1,1,0,2,1,0,1,1,1,0,1,alto
8,10000.0,19,0.7894736842105263,12,4,1,1,0,1,1,1,1,0,0,0,0,gratuito
1,10000.0,0,0.0,10,4,1,0,0,1,1,1,0,1,1,0,0,medio_baixo
2,10000.0,0,0.0,6,4,1,0,0,0,1,1,1,0,1,0,0,baixo
5,35000.0,8,0.25,2,4,1,0,0,0,1,1,1,0,1,0,0,medio_baixo
2,0.0,0,0.0,0,0,1,0,0,0,0,0,0,0,0,0,0,gratuito
7,10000.0,3,1.0,1,3,1,0,0,0,1,0,1,0,0,0,0,medio_alto
2,10000.0,2,1.0,2,2,1,0,0,0,1,0,0,1,0,0,0,medio_baixo
2,0.0,0,0.0,0,0,1,0,0,0,0,0,0,0,0,0,0,gratuito
2,10000.0,0,0.0,13,1,1,0,0,0,0,0,0,0,0,1,0,medio_alto
5,10000.0,3,1.0,1,2,1,0,0,0,1,0,0,1,0,0,0,medio_baixo
1,0.0,0,0.0,1,3,1,0,0,0,0,0,0,0,1,0,1,gratuito
3,75000.0,5,0.6,1,3,1,0,0,0,0,1,0,1,0,0,0,medio_baixo
2,10000.0,3,0.6666666666666666,1,3,1,0,0,0,1,1,0,1,0,0,0,baixo
6,10000.0,14,0.42857142857142855,1,3,1,0,0,0,1,0,0,0,0,0,1,gratuito
1,10000.0,0,0.0,1,4,1,0,0,0,1,1,1,1,0,0,0,medio_alto
6,150000.0,830,0.8024096385542169,1,3,1,0,0,1,1,0,0,0,1,0,1,baixo
12,35000.0,129,0.49612403100775193,1,2,1,1,1,0,1,0,0,0,0,1,0,baixo
5,10000.0,35,0.5142857142857142,1,2,1,1,1,0,0,0,0,1,0,0,0,baixo
1,0.0,0,0.0,1,5,1,0,0,0,0,1,1,0,1,0,0,gratuito
6,10000.0,15,0.8666666666666667,1,2,1,0,0,1,1,1,0,0,0,0,0,medio_alto
1,10000.0,0,0.0,3,5,1,0,0,0,1,1,1,0,0,0,1,alto
1,10000.0,0,0.0,2,3,1,0,0,0,1,0,1,0,0,0,1,medio_alto
8,10000.0,25,0.92,1,3,1,0,0,0,1,1,0,1,0,0,0,medio_alto
3,150000.0,1327,0.8455162019593067,19,2,1,0,0,13,0,1,0,0,0,1,0,alto
5,350000.0,3490,0.9234957020057306,5,2,1,1,0,1,0,0,0,0,0,0,0,medio_alto
2,0.0,0,0.0,103,2,1,1,0,0,1,0,0,1,0,0,0,medio_baixo
1,0.0,0,0.0,10,5,1,0,0,0,1,0,1,1,1,0,1,medio_baixo
7,750000.0,15929,0.8362734634942558,22,3,1,1,0,2,1,0,1,1,0,0,0,medio_alto
16,0.0,0,0.0,1,1,1,0,0,0,0,0,0,0,0,1,0,gratuito
5,1500000.0,22884,0.7399056109071841,10,4,1,0,0,9,1,1,1,0,1,0,0,alto
1,0.0,0,0.0,1,2,1,0,0,0,0,1,0,0,0,0,0,gratuito
1,10000.0,0,0.0,6,3,1,1,0,0,1,0,0,1,0,0,0,baixo
2,10000.0,86,0.9302325581395349,3,3,1,0,0,0,1,0,0,1,0,0,1,medio_alto
5,10000.0,1,0.0,1,7,1,0,0,0,1,1,1,0,1,1,1,medio_baixo
7,10000.0,3,0.6666666666666666,4,2,1,0,0,0,1,1,0,0,0,0,0,baixo
2,10000.0,65,0.7538461538461538,2,3,1,0,0,0,1,1,1,0,0,0,0,alto
1,0.0,0,0.0,4,3,1,0,0,0,1,0,0,0,1,0,0,gratuito
4,0.0,0,0.0,0,0,1,0,0,0,0,0,0,0,0,0,0,gratuito
1,0.0,0,0.0,17,6,1,0,0,0,1,1,1,1,0,1,0,medio_baixo
3,10000.0,8,1.0,2,2,1,0,1,0,1,0,0,1,0,0,0,baixo
1,0.0,0,0.0,1,2,1,0,0,0,1,0,0,1,0,0,0,medio_baixo
9,75000.0,1087,0.6844526218951242,1,1,1,1,1,0,0,1,0,0,0,0,0,alto
2,10000.0,0,0.0,1,3,1,0,0,0,1,0,0,1,0,0,0,alto
5,10000.0,0,0.0,103,1,1,0,0,0,0,0,0,1,0,0,0,gratuito
1,10000.0,0,0.0,17,5,1,0,0,1,1,0,0,0,0,0,1,alto
7,35000.0,408,0.9558823529411765,1,2,1,0,0,0,1,1,0,0,0,0,0,medio_alto
4,0.0,0,0.0,103,5,1,0,0,0,1,0,1,1,0,1,1,baixo
8,35000.0,146,0.6712328767123288,1,4,1,0,0,0,1,0,1,1,0,0,1,baixo
1,10000.0,0,0.0,1,3,1,0,0,0,1,0,1,1,0,0,0,alto
12,10000.0,458,0.9672489082969432,1,1,1,1,1,0,0,1,0,0,0,0,0,alto
7,10000.0,14,0.8571428571428571,1,3,1,0,0,0,1,0,1,0,1,0,0,baixo
2,10000.0,1,0.0,1,2,1,0,0,0,0,0,0,1,1,0,0,alto
1,10000.0,0,0.0,1,4,1,0,0,0,1,1,0,1,0,0,0,baixo
7,75000.0,1992,0.9588353413654619,4,1,1,1,1,0,1,0,0,0,0,0,0,medio_baixo
5,0.0,0,0.0,2,3,1,0,0,0,0,0,0,1,0,1,1,gratuito
1,10000.0,0,0.0,1,2,1,0,0,0,0,1,0,0,0,1,0,medio_baixo
2,10000.0,0,0.0,1,3,1,0,0,0,1,0,0,1,0,0,0,gratuito
9,350000.0,341,0.9413489736070382,103,2,1,0,1,0,1,1,0,0,0,0,0,baixo
9,75000.0,939,0.6347177848775293,9,1,1,0,0,4,0,0,0,0,0,0,1,alto
2,10000.0,7,0.8571428571428571,1,3,1,1,0,0,1,1,0,1,0,0,0,medio_baixo
2,10000.0,6,1.0,3,2,1,0,0,0,1,0,0,0,0,0,1,medio_alto
1,10000.0,0,0.0,12,2,1,0,0,0,1,1,0,0,0,0,0,baixo
2,10000.0,0,0.0,1,1,1,0,0,0,0,1,0,0,0,0,0,medio_baixo
5,75000.0,35,0.9142857142857143,1,1,1,1,0,0,1,0,0,0,0,0,0,alto
1,0.0,0,0.0,2,5,1,0,0,0,1,0,1,1,1,1,0,medio_alto
10,10000.0,3,0.6666666666666666,2,4,1,0,0,0,1,0,0,1,0,0,1,medio_alto
13,3500000.0,140682,0.93807310103638,11,1,1,1,1,5,0,1,0,0,0,0,0,alto
5,10000.0,368,0.5625,8,2,1,0,0,0,0,1,0,0,0,0,1,medio_alto
7,10000.0,16,0.375,1,3,1,1,0,0,0,0,0,0,0,1,1,alto
1,10000.0,0,0.0,15,4,1,0,0,0,1,0,0,1,0,0,1,alto
5,0.0,0,0.0,0,0,1,0,0,0,0,0,0,0,0,0,0,gratuito
2,10000.0,312,0.875,5,4,1,0,0,0,1,1,1,1,0,0,0,medio_baixo
1,10000.0,1,1.0,8,4,1,1,0,0,0,0,1,1,0,1,1,alto
2,10000.0,81,0.8518518518518519,1,3,1,0,0,0,1,1,1,0,0,0,0,baixo
8,10000.0,382,0.8691099476439791,2,2,1,0,0,1,1,0,1,0,0,0,0,alto
1,35000.0,3,0.6666666666666666,1,2,1,0,0,0,1,0,0,0,0,1,0,medio_alto
8,10000.0,218,0.8853211009174312,10,3,1,0,0,0,1,0,1,1,0,0,0,medio_alto
2,10000.0,0,0.0,1,1,1,0,0,0,0,0,0,0,0,0,1,alto
5,10000.0,0,0.0,2,1,1,0,0,0,0,0,0,1,0,0,0,medio_alto
11,15000000.0,583220,0.8735039950618977,12,4,1,0,0,0,1,1,0,0,0,0,0,gratuito
1,10000.0,1,1.0,10,2,1,1,0,0,1,0,0,0,1,0,0,alto
1,0.0,0,0.0,2,1,1,0,0,0,0,0,0,0,0,0,1,baixo
7,1500000.0,22266,0.9579179017335848,22,1,1,1,1,0,0,0,0,0,0,1,0,medio_alto
6,10000.0,1,1.0,2,4,1,0,0,0,0,0,1,1,0,0,1,medio_baixo
7,10000.0,3,0.6666666666666666,5,1,1,0,0,0,0,1,0,0,0,0,0,baixo
8,10000.0,10,0.8,4,2,1,1,1,0,1,0,1,0,0,0,0,medio_baixo
6,10000.0,3,1.0,1,1,1,0,0,0,0,0,1,0,0,0,0,medio_baixo
10,3500000.0,30409,0.799697457989411,11,3,1,1,0,1,1,1,0,1,0,0,0,medio_baixo
1,10000.0,17,0.8823529411764706,1,5,1,0,1,0,1,0,0,0,0,0,1,medio_alto
11,10000.0,7,0.0,1,2,1,0,0,0,1,0,0,1,0,0,0,baixo
3,10000.0,20,0.7,2,2,1,0,0,2,0,1,1,0,0,0,0,alto
1,0.0,0,0.0,1,3,1,0,0,0,1,1,0,0,0,1,0,alto
2,0.0,0,0.0,1,3,1,0,0,0,1,0,0,0,0,0,0,gratuito
1,10000.0,1,0.0,7,3,1,0,0,0,1,0,0,1,0,0,1,medio_baixo
2,0.0,0,0.0,0,0,1,0,0,0,0,0,0,0,0,0,0,gratuito
1,0.0,0,0.0,0,0,1,0,0,0,0,0,0,0,0,0,0,gratuito
3,0.0,0,0.0,0,0,1,0,0,0,0,0,0,0,0,0,0,gratuito
1,10000.0,0,0.0,7,4,1,0,0,0,0,0,1,1,0,1,1,alto
9,10000.0,47,0.723404255319149,1,2,1,0,0,0,1,0,0,1,0,0,0,medio_baixo
4,10000.0,9,0.6666666666666666,1,4,1,1,0,0,0,0,0,0,0,1,0,medio_baixo
1,0.0,0,0.0,1,4,1,0,0,0,1,1,0,0,1,0,0,gratuito
6,10000.0,0,0.0,5,2,1,1,0,0,1,0,0,1,0,0,0,baixo
2,750000.0,8029,0.40328808070743555,13,2,1,0,0,7,0,0,0,0,0,1,1,alto
2,10000.0,43,0.9302325581395349,4,1,1,0,0,0,1,0,0,0,0,0,0,baixo
1,0.0,0,0.0,0,0,1,0,0,0,0,0,0,0,0,0,0,gratuito
1,10000.0,0,0.0,3,3,1,1,1,0,0,0,0,1,0,0,1,baixo
4,350000.0,1798,0.7413793103448276,1,3,1,0,0,0,1,1,0,0,0,1,0,alto
9,10000.0,7,0.42857142857142855,1,3,1,0,0,0,1,1,0,1,0,0,0,medio_baixo
9,10000.0,25,0.84,1,3,1,0,0,0,1,1,1,0,0,0,0,baixo
2,10000.0,2,1.0,1,3,1,0,0,0,1,1,0,1,0,0,0,medio_baixo
1,10000.0,6,0.6666666666666666,1,5,1,0,0,0,1,1,1,1,1,0,0,baixo
5,10000.0,6,0.6666666666666666,1,3,1,0,0,0,1,0,1,0,1,0,0,medio_baixo
7,10000.0,4,0.25,5,1,1,0,0,0,1,0,0,0,0,0,0,medio_baixo
2,10000.0,6,0.6666666666666666,2,3,1,0,0,0,1,1,0,0,0,1,0,medio_baixo
3,10000.0,8,1.0,1,3,1,0,0,0,1,0,0,1,1,0,0,baixo
1,0.0,0,0.0,1,3,1,0,0,0,0,1,0,0,0,0,0,gratuito
13,10000.0,356,0.7247191011235955,1,5,1,1,0,0,1,1,1,1,0,0,1,medio_baixo
2,10000.0,9,0.6666666666666666,5,2,1,1,0,0,1,0,0,0,0,1,0,medio_baixo
3,0.0,0,0.0,103,1,1,0,0,0,0,0,0,1,0,0,0,baixo
5,75000.0,1,1.0,4,3,1,0,0,0,1,1,1,0,0,0,0,baixo
9,10000.0,0,0.0,1,1,0,1,0,0,0,0,0,0,0,0,0,alto
7,10000.0,0,0.0,29,3,1,0,0,0,1,0,0,1,0,1,0,baixo
2,10000.0,8,0.75,1,3,1,0,0,0,1,1,1,0,0,0,0,alto
6,10000.0,3,1.0,2,3,1,0,0,0,1,1,0,0,0,1,0,baixo
1,10000.0,8,1.0,1,3,1,0,0,0,1,1,1,0,0,0,0,alto
8,10000.0,69,0.7536231884057971,1,3,1,0,0,0,1,0,0,1,0,0,1,baixo
5,10000.0,0,0.0,2,2,1,0,0,0,1,1,0,0,0,0,0,baixo
11,10000.0,23,0.21739130434782608,1,3,1,1,1,0,1,0,0,1,0,0,0,medio_alto
1,10000.0,0,0.0,13,3,1,0,0,1,0,0,1,1,0,0,1,alto
10,10000.0,21,0.9047619047619048,1,2,1,1,0,0,1,0,1,0,0,0,0,medio_alto
10,10000.0,52,0.5,6,6,1,1,1,0,1,1,0,1,0,0,1,medio_alto
2,0.0,0,0.0,0,0,1,0,0,0,0,0,0,0,0,0,0,gratuito
3,10000.0,9,0.7777777777777778,1,2,1,0,0,0,0,0,0,0,1,0,0,gratuito
1,0.0,0,0.0,9,2,1,0,0,0,0,0,0,0,0,0,0,medio_baixo
1,0.0,0,0.0,1,1,1,0,0,0,0,1,0,0,0,0,0,alto
4,10000.0,3,1.0,1,4,1,0,0,0,1,1,0,1,0,0,1,alto
8,75000.0,1536,0.8404947916666666,3,1,1,0,0,0,0,1,0,0,0,0,0,medio_alto
4,10000.0,0,0.0,3,4,1,0,0,1,1,0,0,1,1,1,0,baixo
3,10000.0,2,0.5,2,3,1,0,0,0,1,0,1,1,0,0,0,baixo
2,0.0,0,0.0,0,0,1,0,0,0,0,0,0,0,0,0,0,gratuito
1,0.0,0,0.0,1,2,1,0,0,0,0,0,1,1,0,0,0,medio_alto
1,0.0,0,0.0,1,4,1,0,0,0,1,1,1,0,0,0,0,gratuito
9,10000.0,7,0.5714285714285714,1,2,1,0,0,0,1,0,0,0,0,0,1,medio_alto
5,10000.0,17,0.8235294117647058,6,4,1,0,0,0,1,1,1,1,0,0,0,medio_alto
1,0.0,0,0.0,27,2,1,1,1,0,1,0,0,0,0,0,1,baixo
3,75000.0,77,0.6753246753246753,13,5,1,0,1,0,1,1,1,0,1,0,0,alto
3,10000.0,142,0.9436619718309859,9,5,1,0,0,0,1,1,0,1,0,0,0,baixo
4,0.0,0,0.0,1,5,1,0,0,0,1,1,1,1,0,0,0,gratuito
9,10000.0,29,0.5172413793103449,1,6,1,0,0,1,1,0,1,1,1,1,1,baixo
8,10000.0,24,0.5833333333333334,1,3,1,0,0,0,1,1,0,1,0,0,0,medio_baixo
1,0.0,0,0.0,5,2,1,0,0,0,0,0,0,1,0,0,1,medio_alto
3,0.0,0,0.0,4,4,1,0,0,0,1,1,0,0,0,1,1,gratuito
2,0.0,0,0.0,103,4,1,0,0,0,1,0,0,1,0,0,1,gratuito
2,10000.0,0,0.0,1,4,1,0,0,0,1,0,1,1,1,0,0,gratuito
1,10000.0,0,0.0,5,2,1,0,0,0,0,0,0,1,0,0,1,alto
9,10000.0,48,0.7708333333333334,1,2,1,0,0,0,1,0,1,0,0,0,0,baixo
3,10000.0,5,1.0,1,3,1,0,0,0,1,1,0,1,0,0,0,alto
1,10000.0,9,0.8888888888888888,2,1,1,0,0,0,1,0,0,0,0,0,0,medio_alto
8,10000.0,26,0.8846153846153846,1,3,1,0,0,0,1,0,1,0,0,0,0,gratuito
9,10000.0,181,0.8784530386740331,1,2,1,1,1,0,0,1,0,0,0,1,0,medio_alto
2,0.0,0,0.0,1,2,1,1,1,0,1,0,0,0,0,0,0,gratuito
5,10000.0,14,0.7857142857142857,1,3,1,0,0,0,1,0,0,1,0,0,1,medio_baixo
10,35000.0,1581,0.846932321315623,2,3,1,0,0,5,1,0,1,1,0,0,0,medio_alto
2,0.0,0,0.0,77,2,1,0,0,0,1,0,0,1,0,0,0,medio_alto
4,0.0,0,0.0,1,3,1,0,0,0,1,1,0,0,0,0,0,gratuito
3,10000.0,1,1.0,1,4,1,0,0,4,1,0,1,1,0,1,0,baixo
3,10000.0,8,0.75,1,5,1,0,0,0,1,1,1,0,1,0,0,gratuito
9,75000.0,1256,0.8789808917197452,1,3,1,1,1,7,1,1,0,1,0,0,0,medio_baixo
5,10000.0,2,0.0,1,4,1,1,0,0,1,1,0,1,0,1,0,medio_alto
5,10000.0,6,0.8333333333333334,2,3,1,0,0,0,1,0,1,1,0,0,0,gratuito
6,350000.0,2357,0.8939329656342808,5,1,1,0,0,0,0,1,0,0,0,0,0,medio_baixo
1,10000.0,26,0.5,1,4,1,0,0,0,1,0,0,1,0,0,1,medio_baixo
3,10000.0,10,0.3,3,1,1,0,0,1,0,0,0,0,1,0,0,medio_alto
4,1500000.0,15689,0.7833513926955191,9,3,1,0,0,2,1,0,0,0,0,1,1,alto
1,0.0,0,0.0,0,0,1,0,0,0,0,0,0,0,0,0,0,gratuito
6,10000.0,1584,0.8390151515151515,2,2,1,0,0,1,1,0,1,0,0,0,0,medio_alto
6,10000.0,1,1.0,1,4,1,0,0,0,1,1,0,1,0,1,0,medio_alto
6,150000.0,2066,0.9143272023233301,1,4,1,0,0,0,1,1,0,0,0,0,1,alto
3,10000.0,1,1.0,1,2,1,0,0,0,0,1,1,0,0,0,0,medio_baixo
8,10000.0,6,1.0,1,3,1,0,1,0,1,1,0,0,1,0,0,medio_alto
4,0.0,0,0.0,3,4,1,0,0,1,1,1,1,0,0,0,0,gratuito
6,10000.0,413,0.8861985472154964,6,4,1,0,0,1,1,0,1,0,1,1,0,alto
12,75000.0,520,0.36538461538461536,1,2,1,1,1,0,1,0,1,0,0,0,0,baixo
12,150000.0,698,0.8868194842406877,5,5,1,0,0,1,1,1,1,1,1,0,0,alto
4,10000.0,2,0.5,1,4,1,0,0,0,1,1,0,1,0,1,0,medio_baixo
5,150000.0,19,0.3157894736842105,1,2,1,0,0,0,1,1,0,0,0,0,0,baixo
8,350000.0,1919,0.8535695674830641,3,3,1,0,0,1,1,0,1,0,1,0,0,medio_alto
6,75000.0,122,0.8852459016393442,5,2,1,0,0,0,1,0,1,0,0,0,0,medio_baixo
5,10000.0,14,0.5714285714285714,1,3,1,0,0,0,1,1,1,0,0,0,0,medio_baixo
4,35000.0,14,0.8571428571428571,2,3,1,0,0,0,1,0,1,0,1,0,0,gratuito
3,0.0,0,0.0,0,0,1,0,0,0,0,0,0,0,0,0,0,gratuito
2,10000.0,1,1.0,1,3,1,0,0,0,1,0,0,1,0,1,0,medio_baixo
7,150000.0,682,0.8636363636363636,1,3,1,1,0,0,1,0,0,0,0,1,0,gratuito
3,0.0,0,0.0,1,3,1,0,0,4,1,0,0,0,1,0,0,gratuito
13,150000.0,1187,0.8550968828980623,27,1,1,0,0,0,0,0,0,0,0,0,0,alto
4,10000.0,1,0.0,1,7,1,0,0,0,1,1,1,0,1,1,1,alto
5,10000.0,0,0.0,13,3,1,0,0,0,0,0,0,1,1,0,1,medio_alto
11,750000.0,14751,0.9278015049827131,1,3,1,0,0,0,1,1,0,0,0,1,0,alto
1,0.0,0,0.0,12,4,1,0,0,0,1,0,0,1,0,1,0,baixo
7,10000.0,3,0.3333333333333333,2,4,1,0,0,0,1,1,1,1,0,0,0,medio_baixo
11,35000.0,276,0.7898550724637681,6,3,1,0,0,2,1,1,1,0,0,0,0,medio_baixo
6,10000.0,33,0.7272727272727273,1,3,1,1,1,0,1,1,0,1,0,0,0,baixo
1,0.0,0,0.0,1,3,1,0,0,0,1,0,0,0,0,1,0,alto
3,10000.0,1,1.0,1,4,1,0,0,0,1,1,1,1,0,0,0,medio_baixo
7,10000.0,44,0.9090909090909091,1,2,1,1,0,0,1,0,0,0,0,0,0,gratuito
3,10000.0,2,1.0,1,3,1,0,0,0,0,1,0,0,0,0,0,gratuito
1,10000.0,0,0.0,1,4,1,0,0,0,1,1,1,0,0,0,1,alto
2,150000.0,6585,0.9384965831435079,14,3,1,1,0,1,1,0,1,0,1,0,0,baixo
1,10000.0,6,0.8333333333333334,9,4,1,0,0,0,1,1,0,1,0,0,1,medio_baixo
1,10000.0,0,0.0,2,1,1,0,0,0,1,0,0,0,0,0,0,baixo
7,35000.0,181,0.5414364640883977,0,5,1,0,0,0,1,1,0,1,0,1,0,medio_alto
10,10000.0,95,0.9157894736842105,2,2,1,0,1,0,1,0,0,0,0,1,0,gratuito
12,35000.0,116,0.4827586206896552,1,3,1,0,0,0,1,0,0,0,0,1,0,medio_alto
7,35000.0,22,0.8636363636363636,1,6,1,0,0,0,1,0,1,1,1,0,0,gratuito
1,10000.0,0,0.0,2,3,1,0,0,1,1,1,0,0,0,0,1,medio_alto
1,0.0,0,0.0,1,4,0,1,0,0,1,0,0,1,0,0,0,medio_alto
5,10000.0,6,0.6666666666666666,4,4,1,1,1,0,1,0,1,0,1,0,1,alto
5,0.0,0,0.0,1,2,1,0,0,0,1,0,0,0,0,0,1,gratuito
12,35000.0,104,0.34615384615384615,1,1,1,0,0,0,1,0,0,0,0,0,0,baixo
3,10000.0,62,0.8548387096774194,5,1,1,0,0,0,0,1,0,0,0,0,0,medio_alto
3,10000.0,3,1.0,2,4,1,0,0,0,1,0,0,1,0,1,1,baixo
1,0.0,0,0.0,8,4,1,1,1,0,0,0,1,0,0,0,1,gratuito
2,0.0,0,0.0,1,2,1,0,0,0,1,1,0,0,0,0,0,gratuito
1,0.0,0,0.0,0,0,1,0,0,0,0,0,0,0,0,0,0,gratuito
7,10000.0,30,0.8,29,3,1,0,0,1,1,1,1,0,0,0,0,baixo
4,0.0,0,0.0,1,4,1,0,1,0,1,1,0,0,0,0,1,gratuito
4,10000.0,0,0.0,1,1,1,1,1,0,0,0,0,0,0,0,1,alto
4,10000.0,0,0.0,24,5,1,0,0,0,1,1,0,1,1,0,0,gratuito
2,0.0,0,0.0,1,3,1,0,0,0,1,0,0,1,0,0,0,gratuito
3,350000.0,917,0.7306434023991276,4,4,1,0,0,0,1,0,1,0,1,1,0,medio_baixo
6,10000.0,2,1.0,1,1,1,0,0,0,1,0,0,0,0,0,0,baixo
2,10000.0,21,1.0,13,3,1,0,0,0,1,1,0,1,0,0,0,medio_alto
5,10000.0,5,0.6,2,6,1,0,0,0,1,1,1,1,1,0,0,medio_alto
5,10000.0,276,0.9891304347826086,8,1,1,1,0,0,1,0,0,0,0,0,0,medio_alto
2,10000.0,26,0.9615384615384616,1,3,1,0,0,3,1,0,0,0,1,1,0,alto
4,10000.0,0,0.0,3,4,1,0,0,0,1,1,1,1,0,0,0,gratuito
9,10000.0,9,0.7777777777777778,1,3,1,1,1,0,1,0,1,0,1,0,0,medio_baixo
8,10000.0,18,0.7222222222222222,1,3,1,1,1,0,1,0,1,0,1,0,0,medio_alto
11,35000.0,75,0.49333333333333335,7,2,1,1,1,0,1,1,0,0,0,0,0,baixo
2,0.0,0,0.0,0,0,1,0,0,0,0,0,0,0,0,0,0,gratuito
1,10000.0,2,0.5,1,1,1,0,0,0,0,0,0,0,1,0,0,baixo
10,10000.0,85,0.32941176470588235,3,2,1,0,0,0,0,1,0,0,0,0,1,medio_baixo
2,10000.0,13,0.9230769230769231,2,3,1,0,0,0,1,0,0,1,0,0,1,baixo
8,35000.0,149,0.8389261744966443,1,2,1,0,0,0,0,0,1,1,0,0,0,baixo
10,10000.0,19,0.3157894736842105,1,8,1,1,1,0,1,1,1,1,1,0,1,alto
1,10000.0,0,0.0,16,4,1,0,0,0,1,0,0,1,0,1,1,alto
1,0.0,0,0.0,1,5,1,0,1,0,1,0,0,1,0,1,1,gratuito
12,75000.0,313,0.38977635782747605,5,3,1,1,0,1,1,0,0,1,0,0,1,baixo
3,10000.0,1,0.0,3,2,1,0,0,0,0,0,0,0,0,1,1,medio_alto
6,10000.0,2,1.0,1,3,1,0,0,0,1,1,0,1,0,0,0,medio_baixo
16,10000.0,30,0.16666666666666666,1,3,1,0,0,0,0,1,1,1,0,0,0,medio_baixo
5,75000.0,195,0.8769230769230769,3,3,1,0,0,0,1,0,1,1,0,0,0,baixo
4,10000.0,7,0.7142857142857143,4,1,1,0,0,0,0,0,0,1,0,0,0,alto
9,10000.0,1,0.0,1,3,1,0,0,0,1,1,0,0,0,0,0,medio_alto
12,350000.0,1608,0.8955223880597015,1,2,1,1,1,23,1,0,0,0,0,1,0,medio_baixo
6,10000.0,17,0.4117647058823529,1,6,1,0,0,0,1,1,1,0,1,0,1,gratuito
1,10000.0,24,0.875,12,3,1,0,0,0,1,1,0,0,1,0,0,alto
4,10000.0,0,0.0,1,2,1,0,0,0,0,0,1,0,0,1,0,medio_baixo
1,0.0,0,0.0,0,0,1,0,0,0,0,0,0,0,0,0,0,gratuito
1,0.0,0,0.0,1,3,1,0,0,0,1,0,0,1,0,0,0,gratuito
3,10000.0,3,0.6666666666666666,11,1,1,0,0,0,0,0,0,0,0,1,0,medio_baixo
1,10000.0,108,0.8333333333333334,2,5,1,1,0,0,1,0,1,1,1,0,1,medio_alto
8,10000.0,95,0.8105263157894737,103,5,1,0,0,0,1,0,1,1,0,1,1,baixo
6,10000.0,101,0.9603960396039604,2,3,1,0,0,1,1,0,0,0,0,0,1,gratuito
5,10000.0,1,0.0,1,4,1,0,0,0,1,0,0,0,1,0,1,alto
1,10000.0,7,1.0,12,5,1,0,0,0,1,1,1,1,0,0,1,medio_baixo
1,10000.0,25,0.96,1,4,1,0,0,0,1,0,0,0,1,1,0,alto
2,10000.0,0,0.0,1,5,1,0,0,0,1,1,1,1,1,0,0,medio_alto
2,10000.0,313,0.9904153354632588,14,2,1,1,0,1,1,0,0,1,0,0,0,alto
1,0.0,0,0.0,10,3,1,0,0,1,1,0,0,1,0,0,0,gratuito
3,0.0,0,0.0,0,0,1,0,0,0,0,0,0,0,0,0,0,gratuito
8,10000.0,106,0.9905660377358491,2,2,1,1,0,0,1,1,0,0,0,0,0,alto
3,10000.0,22,0.6818181818181818,2,2,1,0,0,1,0,1,1,0,0,0,0,alto
2,35000.0,260,0.6692307692307692,1,4,1,0,0,0,0,1,0,0,0,1,1,alto
10,10000.0,5,0.6,1,3,1,0,0,0,1,1,0,0,0,0,1,gratuito
5,10000.0,64,0.8125,1,3,1,0,0,0,0,0,0,0,1,1,0,alto
3,10000.0,0,0.0,1,3,1,0,0,0,1,1,0,0,1,0,0,medio_alto
1,0.0,0,0.0,0,0,1,0,0,0,0,0,0,0,0,0,0,gratuito
1,10000.0,0,0.0,12,3,1,0,0,0,0,0,0,0,1,1,1,alto
1,10000.0,0,0.0,1,3,1,0,0,0,1,1,1,0,0,0,0,medio_alto
11,10000.0,36,0.7777777777777778,1,3,1,1,1,0,1,1,0,1,0,0,0,gratuito
1,10000.0,0,0.0,1,2,1,0,0,0,1,0,0,1,0,0,0,baixo
9,10000.0,3,1.0,7,3,1,0,0,0,1,1,0,1,0,0,0,baixo
2,10000.0,32,0.75,1,2,1,0,0,0,1,0,1,0,0,0,0,alto
2,0.0,0,0.0,103,4,1,0,0,0,1,1,1,1,0,0,0,baixo
2,0.0,0,0.0,0,0,1,0,0,0,0,0,0,0,0,0,0,gratuito
4,10000.0,5,0.8,3,5,1,0,0,0,1,0,1,1,1,0,1,baixo
1,0.0,0,0.0,1,4,1,1,0,0,1,0,0,1,0,0,1,gratuito
5,10000.0,0,0.0,1,1,1,0,0,0,0,0,0,0,1,0,0,alto
1,0.0,0,0.0,1,4,1,0,0,0,1,1,1,1,0,0,0,baixo
2,0.0,0,0.0,0,0,1,0,0,0,0,0,0,0,0,0,0,gratuito
2,10000.0,0,0.0,1,6,1,0,0,0,1,1,1,0,1,1,0,alto
4,150000.0,3849,0.7931930371525071,7,5,1,0,0,0,1,0,1,1,1,0,1,medio_alto
1,10000.0,7,0.5714285714285714,22,3,1,1,1,0,1,0,0,1,0,1,0,medio_alto
4,10000.0,187,0.8609625668449198,6,4,1,1,0,0,1,0,0,0,0,1,1,alto
1,10000.0,11,0.36363636363636365,9,3,1,0,0,0,1,0,1,0,0,0,1,alto
6,35000.0,86,0.9418604651162791,1,3,1,1,0,0,1,0,0,0,0,0,1,gratuito
4,10000.0,33,0.696969696969697,26,2,1,1,0,0,0,0,1,1,0,0,0,medio_alto
1,10000.0,22,0.9545454545454546,1,3,1,0,0,1,1,0,0,1,0,0,1,medio_alto
2,10000.0,170,0.8705882352941177,3,5,1,0,0,0,1,1,1,0,1,0,1,medio_baixo
5,10000.0,113,0.7079646017699115,4,3,1,0,0,0,1,0,1,1,0,0,0,baixo
3,10000.0,33,0.8787878787878788,2,3,1,0,0,0,1,0,0,1,0,0,1,alto
16,350000.0,2262,0.5083996463306808,3,1,1,0,0,6,0,0,0,0,0,0,1,medio_alto
3,35000.0,3521,0.97784720249929,1,1,1,0,0,1,0,0,1,0,0,0,0,medio_baixo
5,750000.0,6089,0.9104943340449991,12,2,1,0,0,1,0,1,1,0,0,0,0,medio_alto
2,10000.0,21,0.9047619047619048,5,3,1,0,0,0,1,0,0,0,0,1,1,baixo
1,10000.0,0,0.0,16,3,1,0,0,0,1,1,1,0,0,0,0,medio_alto
11,10000.0,15,0.13333333333333333,1,7,1,0,0,0,1,1,1,1,1,0,1,alto
10,35000.0,149,0.8322147651006712,1,1,1,0,0,0,0,0,1,0,0,0,0,gratuito
3,10000.0,12,0.8333333333333334,1,6,1,0,0,0,1,1,1,1,1,0,0,gratuito
9,10000.0,21,0.8095238095238095,1,3,1,0,0,0,1,0,1,0,0,0,1,alto
6,35000.0,111,0.8198198198198198,10,3,1,0,0,0,0,0,0,1,0,1,0,gratuito
4,0.0,0,0.0,2,2,1,0,0,0,0,0,1,0,0,0,0,gratuito
2,10000.0,0,0.0,1,2,1,0,0,0,1,0,0,0,1,0,0,baixo
1,10000.0,0,0.0,30,2,1,0,0,0,1,1,0,0,0,0,0,medio_alto
1,10000.0,0,0.0,13,1,1,0,0,0,1,0,0,0,0,0,0,medio_baixo
16,150000.0,545,0.7963302752293578,1,1,1,1,1,0,0,1,0,0,0,0,0,medio_baixo
2,10000.0,15,0.9333333333333333,4,1,1,0,0,0,1,0,0,0,0,0,0,baixo
9,10000.0,28,0.6428571428571429,2,4,1,1,0,0,1,0,1,1,0,1,0,medio_alto
2,350000.0,27,0.7777777777777778,1,5,1,0,0,0,0,1,1,0,1,0,0,gratuito
1,10000.0,1,1.0,1,2,1,0,0,0,1,0,0,1,0,0,0,baixo
1,10000.0,0,0.0,1,4,1,1,0,0,1,0,1,1,0,1,0,medio_baixo
6,10000.0,0,0.0,1,2,1,0,0,2,1,0,0,1,0,0,0,baixo
4,10000.0,3,1.0,1,3,1,0,0,0,1,0,0,0,0,1,0,baixo
1,10000.0,0,0.0,9,2,1,1,1,0,1,0,0,0,0,0,1,medio_baixo
2,10000.0,15,0.8666666666666667,20,3,1,0,0,0,1,1,0,1,0,0,0,medio_baixo
5,0.0,0,0.0,0,0,1,0,0,0,0,0,0,0,0,0,0,gratuito
1,10000.0,0,0.0,12,5,1,0,0,0,1,1,1,0,1,0,0,alto
1,10000.0,0,0.0,2,3,1,0,0,0,1,0,0,1,0,0,1,alto
3,75000.0,424,0.75,1,2,1,0,0,2,1,0,0,0,1,0,0,medio_baixo
3,10000.0,15,0.8666666666666667,2,5,1,0,0,0,1,0,1,1,0,1,0,medio_baixo
2,10000.0,3,0.6666666666666666,1,9,1,0,0,0,1,1,1,1,1,1,1,medio_alto
1,75000.0,1823,0.8837081733406473,2,5,1,0,0,7,0,1,1,1,1,1,0,alto
3,0.0,0,0.0,2,4,1,0,0,0,1,0,1,0,0,0,1,gratuito
4,10000.0,17,0.7647058823529411,103,8,1,1,1,0,1,1,1,1,0,1,1,alto
4,0.0,0,0.0,1,2,1,0,0,0,0,1,0,0,0,0,0,gratuito
2,10000.0,2,0.5,1,1,1,0,0,0,1,0,0,0,0,0,0,baixo
1,0.0,0,0.0,1,2,1,0,0,0,1,0,0,0,0,1,0,alto
3,0.0,0,0.0,4,2,1,0,0,0,0,1,0,0,0,0,0,gratuito
3,10000.0,23,1.0,1,3,1,0,1,0,1,1,1,0,0,0,0,medio_alto
4,10000.0,15,0.8,1,2,1,0,0,0,1,1,0,0,0,0,0,medio_baixo
1,10000.0,10,1.0,1,2,1,0,1,0,0,0,0,0,0,0,1,medio_alto
4,10000.0,0,0.0,2,5,1,0,0,0,1,1,1,1,0,0,1,baixo
7,10000.0,0,0.0,1,3,1,0,0,0,0,0,0,0,1,0,1,baixo
2,10000.0,3,0.6666666666666666,4,1,1,0,1,0,1,0,0,0,0,0,0,baixo
4,10000.0,0,0.0,2,3,1,0,0,0,1,0,0,1,0,1,0,medio_baixo
1,10000.0,0,0.0,2,3,1,1,0,0,0,0,0,1,0,0,1,medio_baixo
2,10000.0,0,0.0,1,1,1,0,0,0,0,0,0,0,1,0,0,alto
9,10000.0,468,0.7286324786324786,3,3,1,0,0,1,1,1,0,0,1,0,0,medio_baixo
4,10000.0,1,1.0,5,2,1,0,0,0,1,0,0,1,0,0,0,baixo
3,10000.0,13,1.0,15,2,1,0,0,0,1,0,0,0,0,1,0,medio_baixo
8,10000.0,12,0.6666666666666666,2,9,1,0,0,0,1,1,1,1,1,1,1,alto
3,10000.0,1,1.0,1,1,1,0,0,0,0,0,0,0,0,0,1,medio_alto
12,10000.0,90,0.7,1,3,1,0,0,0,1,1,0,0,0,1,0,medio_baixo
7,10000.0,39,0.41025641025641024,1,4,1,0,0,0,1,1,1,0,0,0,1,medio_baixo
1,0.0,0,0.0,2,1,1,0,0,0,0,1,0,0,0,0,0,medio_baixo
7,75000.0,356,0.7808988764044944,3,2,1,0,0,0,1,0,0,0,0,1,0,medio_baixo
2,0.0,0,0.0,103,3,1,0,0,0,1,0,0,0,0,1,0,gratuito
5,35000.0,47,0.8297872340425532,1,3,1,0,0,0,1,0,0,1,0,1,0,baixo
9,150000.0,1176,0.8537414965986394,7,3,1,1,1,2,0,0,0,0,0,0,1,medio_baixo
1,10000.0,0,0.0,27,2,1,1,1,0,1,0,0,0,0,0,1,baixo
1,0.0,0,0.0,1,3,1,0,1,0,1,1,0,1,0,0,0,medio_alto
3,35000.0,314,0.7993630573248408,1,2,1,0,0,0,1,0,0,0,0,0,1,medio_baixo
4,0.0,0,0.0,0,0,1,0,0,0,0,0,0,0,0,0,0,gratuito
7,10000.0,27,0.4074074074074074,1,3,1,0,0,0,1,1,0,0,0,0,0,alto
4,0.0,0,0.0,2,3,1,0,0,0,1,1,0,0,0,0,0,gratuito
2,35000.0,143,0.45454545454545453,3,3,1,0,0,0,1,1,1,0,0,0,0,medio_baixo
5,35000.0,3,0.0,1,5,1,1,1,0,1,1,1,1,1,0,0,medio_baixo
1,0.0,0,0.0,1,4,1,1,1,0,1,0,1,1,0,0,0,gratuito
4,10000.0,6,1.0,2,1,1,1,0,0,0,0,0,0,1,0,0,alto
4,0.0,0,0.0,1,3,1,0,0,0,0,0,0,0,0,0,1,gratuito
2,10000.0,15,1.0,2,3,1,0,0,0,1,1,0,0,0,1,0,baixo
9,10000.0,13,0.46153846153846156,2,3,1,1,1,1,1,1,1,0,0,0,0,baixo
10,10000.0,39,0.5384615384615384,1,4,1,0,0,0,1,1,0,0,0,0,1,alto
1,0.0,0,0.0,0,0,1,0,0,0,0,0,0,0,0,0,0,gratuito
2,10000.0,26,0.8461538461538461,1,1,1,0,0,0,0,1,0,0,0,0,0,baixo
1,10000.0,11,0.7272727272727273,3,3,1,0,0,0,1,1,1,0,0,0,0,medio_baixo
1,0.0,0,0.0,1,1,1,0,0,0,0,0,0,0,1,0,0,alto
7,10000.0,8,0.75,1,5,1,0,0,0,1,0,0,1,1,1,0,alto
1,0.0,0,0.0,0,0,1,0,0,0,0,0,0,0,0,0,0,gratuito
2,35000.0,2,1.0,1,3,1,1,0,0,1,0,1,0,0,0,0,gratuito
1,10000.0,2,1.0,3,2,1,0,0,0,0,1,0,0,0,0,0,medio_alto
5,10000.0,8,0.75,1,2,1,0,0,0,1,0,1,0,0,0,0,medio_baixo
8,35000.0,14,0.9285714285714286,6,4,1,0,0,0,1,1,1,0,0,1,0,baixo
3,10000.0,6,0.8333333333333334,1,1,1,1,0,0,0,0,0,1,0,0,0,medio_alto
9,10000.0,14,0.5714285714285714,2,2,1,0,0,0,0,1,0,0,0,0,1,alto
4,35000.0,477,0.9643605870020965,2,2,1,0,0,0,1,1,0,0,0,0,0,baixo
1,10000.0,0,0.0,2,2,1,0,0,0,0,0,1,1,0,0,0,alto
2,75000.0,379,0.5567282321899736,8,1,1,0,0,2,0,0,0,0,1,0,0,alto
3,0.0,0,0.0,1,2,1,0,0,0,0,1,1,0,0,0,0,gratuito
2,10000.0,0,0.0,4,4,1,0,0,0,1,1,1,0,1,0,0,alto
4,35000.0,968,0.7262396694214877,2,1,1,0,0,28,0,0,0,0,0,0,1,alto
3,10000.0,2,1.0,2,1,1,0,0,0,0,0,0,1,0,0,0,baixo
4,10000.0,10,0.8,2,3,1,0,0,0,1,1,0,1,0,0,0,gratuito
2,10000.0,1,0.0,1,2,1,0,0,0,0,0,0,0,0,0,1,medio_alto
4,0.0,0,0.0,0,0,1,0,0,0,0,0,0,0,0,0,0,gratuito
2,35000.0,19,0.7894736842105263,1,4,1,0,0,0,1,1,1,0,0,0,1,baixo
3,10000.0,0,0.0,1,1,1,0,0,0,1,0,0,0,0,0,0,alto
2,10000.0,4,1.0,1,3,1,0,1,0,1,0,0,1,0,1,0,alto
5,10000.0,0,0.0,1,5,1,0,0,0,1,1,0,1,0,1,0,medio_alto
6,10000.0,123,0.8130081300813008,2,2,1,1,1,0,1,0,1,0,0,0,0,baixo
2,75000.0,1153,0.6938421509106678,5,5,1,0,0,19,1,1,1,1,0,0,0,medio_baixo
7,10000.0,194,0.5773195876288659,4,2,1,0,0,0,1,1,0,0,0,0,0,alto
8,10000.0,42,0.8095238095238095,5,2,1,0,0,0,1,0,0,0,1,0,0,gratuito
10,35000.0,47,0.851063829787234,1,2,1,0,0,0,1,0,0,1,0,0,0,baixo
3,10000.0,6,1.0,2,3,1,1,0,0,1,1,0,1,0,0,0,baixo
5,10000.0,28,0.8571428571428571,1,4,1,0,0,0,1,1,1,0,0,1,0,baixo
8,10000.0,8,0.875,1,5,1,1,0,0,1,0,1,1,1,1,0,gratuito
3,10000.0,7,0.2857142857142857,2,3,1,0,0,0,1,0,0,1,0,0,1,alto
1,0.0,0,0.0,1,1,1,0,0,0,0,0,0,0,0,0,1,alto
10,750000.0,7890,0.8808618504435995,12,2,1,0,0,12,0,1,1,0,0,0,0,medio_alto
3,10000.0,13,0.8461538461538461,2,3,1,1,1,1,1,0,1,1,0,0,0,medio_alto
6,75000.0,480,0.9520833333333333,2,1,1,1,0,0,0,0,1,0,0,0,0,gratuito
12,75000.0,546,0.6538461538461539,8,3,1,0,0,0,1,0,1,1,0,0,0,baixo
2,10000.0,0,0.0,1,4,1,0,0,0,1,1,1,1,0,0,0,baixo
6,10000.0,9,0.7777777777777778,1,2,1,1,1,0,0,0,0,1,0,1,0,baixo
6,35000.0,8,0.875,1,1,1,0,0,0,1,0,0,0,0,0,0,gratuito
2,0.0,0,0.0,0,0,1,0,0,0,0,0,0,0,0,0,0,gratuito
7,10000.0,0,0.0,1,3,1,0,0,0,1,1,0,1,0,0,0,medio_baixo
7,10000.0,7,1.0,1,1,1,0,0,0,0,0,0,0,0,0,1,medio_alto
2,10000.0,2,0.5,1,2,1,1,0,0,0,0,0,1,0,0,1,baixo
7,10000.0,1,1.0,4,4,1,0,0,0,1,1,0,1,0,0,0,medio_alto
1,0.0,0,0.0,1,4,1,1,1,0,1,0,0,1,0,1,0,gratuito
6,10000.0,6,0.3333333333333333,14,3,1,1,1,0,1,0,0,0,0,1,1,alto
3,10000.0,326,0.8680981595092024,2,2,1,0,0,0,1,0,1,0,0,0,0,medio_baixo
2,0.0,0,0.0,103,3,1,0,0,0,1,0,0,1,0,0,1,baixo
10,10000.0,48,0.875,1,3,1,1,1,0,1,0,1,0,1,0,0,medio_alto
2,10000.0,0,0.0,1,2,1,1,0,0,0,0,1,1,0,0,0,medio_baixo
1,0.0,0,0.0,33,6,1,1,0,0,0,0,0,1,0,1,1,gratuito
1,10000.0,2,1.0,1,2,1,0,0,0,0,1,1,0,0,0,0,medio_baixo
4,10000.0,5,1.0,6,3,1,0,0,0,1,1,1,0,0,0,0,baixo
10,75000.0,659,0.7723823975720789,6,2,1,0,0,0,1,0,0,0,1,0,0,medio_baixo
6,10000.0,26,0.8846153846153846,25,4,1,0,0,0,1,1,0,0,0,1,0,gratuito
6,0.0,0,0.0,0,0,1,0,0,0,0,0,0,0,0,0,0,gratuito
2,0.0,0,0.0,1,3,1,1,1,0,1,1,0,0,0,0,0,gratuito
1,10000.0,0,0.0,8,3,1,0,0,0,1,1,0,1,0,0,0,baixo
1,0.0,0,0.0,1,5,1,1,0,0,0,0,1,0,1,0,0,gratuito
2,10000.0,7,0.7142857142857143,11,2,1,0,0,0,1,0,0,1,0,0,0,medio_alto
6,10000.0,23,0.782608695652174,2,3,1,0,0,0,1,0,0,1,0,1,0,medio_alto
1,10000.0,0,0.0,4,3,1,0,0,1,1,0,1,0,0,0,0,alto
1,10000.0,0,0.0,6,2,1,0,0,10,0,0,1,0,1,0,0,alto
9,35000.0,722,0.8947368421052632,2,2,1,1,1,1,1,0,0,0,0,0,0,gratuito
3,10000.0,19,0.9473684210526315,7,3,1,0,0,0,0,1,0,1,0,0,0,medio_alto
2,10000.0,1,1.0,1,2,1,0,0,0,0,0,0,1,1,0,0,alto
4,10000.0,259,0.9111969111969112,14,2,1,0,0,2,1,0,1,0,0,0,0,medio_alto
3,0.0,0,0.0,0,0,1,0,0,0,0,0,0,0,0,0,0,gratuito
2,75000.0,1,1.0,1,3,1,0,0,0,1,0,0,0,0,0,0,alto
2,10000.0,81,1.0,15,1,1,1,1,1,1,0,0,0,0,0,0,medio_alto
6,10000.0,0,0.0,1,2,1,0,0,0,1,0,0,1,0,0,0,medio_alto
9,10000.0,18,1.0,1,2,1,0,0,0,1,1,0,0,0,0,0,alto
1,0.0,0,0.0,1,3,1,0,0,0,1,0,0,1,1,0,0,medio_alto
3,10000.0,493,0.896551724137931,10,3,1,1,0,2,1,0,1,0,1,0,0,alto
2,0.0,0,0.0,1,4,1,0,0,0,0,0,0,0,0,1,1,gratuito
4,10000.0,11,1.0,1,1,1,0,0,0,1,0,0,0,0,0,0,medio_alto
3,10000.0,2,0.5,2,3,1,0,0,0,1,0,0,0,1,1,0,medio_alto
10,35000.0,160,0.8375,1,4,1,1,1,0,1,0,0,1,0,1,1,baixo
5,350000.0,2180,0.8238532110091743,5,6,1,1,1,7,0,0,1,1,0,0,1,gratuito
4,10000.0,0,0.0,1,2,1,0,0,0,1,0,0,1,0,0,0,gratuito
5,150000.0,441,0.7868480725623582,5,5,1,0,0,1,1,1,0,1,1,0,0,gratuito
6,75000.0,78,0.782051282051282,1,2,1,0,1,0,0,0,0,1,0,0,1,medio_alto
6,35000.0,138,0.8260869565217391,7,2,1,1,1,2,1,0,1,0,0,0,0,medio_baixo
3,10000.0,0,0.0,3,3,1,1,1,0,1,0,0,1,0,0,0,medio_alto
7,35000.0,332,0.9367469879518072,2,4,1,1,0,0,1,0,1,1,1,0,0,medio_alto
9,10000.0,12,0.6666666666666666,2,3,1,0,0,0,1,1,1,0,0,0,0,alto
1,0.0,0,0.0,0,0,1,0,0,0,0,0,0,0,0,0,0,gratuito
2,10000.0,1,1.0,1,2,1,0,0,0,1,0,0,1,0,0,0,baixo
9,10000.0,25,0.64,8,2,1,1,1,0,0,0,0,1,0,1,0,baixo
1,10000.0,0,0.0,27,2,1,1,1,0,1,0,0,0,0,0,1,baixo
2,10000.0,7,1.0,1,2,1,0,0,0,1,0,0,1,0,0,0,baixo
5,10000.0,22,0.5909090909090909,3,3,1,0,0,0,1,0,0,1,0,1,0,baixo
1,0.0,0,0.0,0,0,1,0,0,0,0,0,0,0,0,0,0,gratuito
3,10000.0,2,0.5,3,2,1,0,0,0,1,0,1,0,0,0,0,medio_baixo
9,10000.0,107,0.7102803738317757,1,1,1,0,0,0,0,0,0,0,1,0,0,alto
3,10000.0,0,0.0,1,3,1,0,0,0,1,0,0,1,0,1,0,medio_baixo
4,10000.0,5,1.0,1,1,1,0,0,0,0,0,1,0,0,0,0,alto
3,0.0,0,0.0,0,0,1,0,0,0,0,0,0,0,0,0,0,gratuito
12,35000.0,117,0.6752136752136753,5,3,1,0,0,0,1,1,0,0,0,1,0,baixo
2,0.0,0,0.0,0,0,1,0,0,0,0,0,0,0,0,0,0,gratuito
5,10000.0,0,0.0,8,3,1,0,0,0,1,0,0,1,0,1,0,medio_alto
1,10000.0,0,0.0,3,2,1,0,1,0,1,1,0,0,0,0,0,medio_baixo
4,10000.0,4,1.0,1,4,1,0,0,0,1,1,1,1,0,0,0,medio_baixo
3,150000.0,66,0.9848484848484849,6,3,1,0,0,0,1,0,1,1,0,0,0,baixo
2,10000.0,0,0.0,3,3,1,0,0,0,1,0,1,1,0,0,0,medio_baixo
2,0.0,0,0.0,2,3,1,0,0,0,0,0,1,0,1,0,0,gratuito
3,750000.0,10712,0.9290515309932785,11,3,1,1,0,0,1,0,0,0,0,0,1,alto
7,750000.0,15188,0.8605478008954438,9,1,1,0,0,0,0,0,0,0,1,0,0,alto
2,10000.0,16,0.875,1,2,1,0,0,1,1,0,0,0,0,1,0,medio_baixo
1,10000.0,3,1.0,1,2,1,0,0,0,1,0,0,1,0,0,0,baixo
10,10000.0,35,0.6571428571428571,17,2,1,0,0,0,1,1,0,0,0,0,0,alto
2,10000.0,380,0.781578947368421,13,3,1,0,0,1,0,1,1,0,0,1,0,alto
4,0.0,0,0.0,4,4,1,0,0,0,1,0,0,1,0,0,1,baixo
1,0.0,0,0.0,2,5,1,0,0,0,1,0,0,1,0,1,1,gratuito
4,35000.0,9,0.6666666666666666,8,3,1,0,0,0,1,1,0,1,0,0,0,baixo
1,10000.0,0,0.0,7,3,1,1,1,1,1,0,0,1,0,1,0,medio_alto
3,10000.0,8,1.0,1,1,1,0,0,0,0,0,0,1,0,0,0,medio_baixo
10,75000.0,318,0.9465408805031447,1,3,1,1,1,0,1,0,0,1,0,1,0,medio_baixo
10,10000.0,25,0.72,2,3,1,1,1,0,1,1,1,0,0,0,0,medio_alto
2,10000.0,0,0.0,1,5,1,0,0,0,1,0,1,1,0,0,1,baixo
13,350000.0,6244,0.8832479180012812,1,1,1,1,0,0,1,0,0,0,0,0,0,baixo
2,10000.0,151,0.8609271523178808,4,1,1,0,0,0,0,0,0,0,1,0,0,medio_alto
2,10000.0,31,0.9354838709677419,7,3,1,0,0,1,1,1,0,1,0,0,0,alto
7,10000.0,7,0.2857142857142857,4,4,1,0,0,0,1,1,1,1,0,0,0,medio_alto
2,0.0,0,0.0,0,0,1,0,0,0,0,0,0,0,0,0,0,gratuito
1,0.0,0,0.0,1,3,1,0,0,0,1,0,0,0,0,1,1,medio_baixo
10,75000.0,89,0.8876404494382022,1,2,1,1,1,0,1,0,0,1,0,0,0,baixo
9,75000.0,137,0.6788321167883211,2,1,1,0,0,0,0,0,0,0,0,1,0,alto
10,150000.0,234,0.4188034188034188,8,2,1,1,0,1,0,0,0,0,1,0,0,gratuito
6,10000.0,0,0.0,1,3,1,1,1,0,1,0,0,1,0,0,1,medio_baixo
2,10000.0,0,0.0,1,1,1,1,1,0,0,0,0,0,1,0,0,alto
7,10000.0,7,1.0,1,3,1,0,0,0,1,1,0,1,0,0,0,baixo
1,10000.0,0,0.0,6,4,1,0,0,0,1,0,0,1,1,0,1,medio_alto
3,35000.0,455,0.8989010989010989,12,4,1,0,0,0,1,1,0,0,0,0,1,medio_baixo
6,10000.0,3,0.6666666666666666,1,2,1,0,0,0,0,1,1,0,0,0,0,medio_alto
2,10000.0,0,0.0,1,3,1,0,0,0,1,0,0,1,0,1,0,baixo
3,10000.0,7,0.8571428571428571,1,2,1,0,0,0,1,0,0,1,0,0,0,medio_baixo
1,0.0,0,0.0,1,3,1,0,0,0,1,0,0,0,0,1,0,medio_alto
7,75000.0,129,0.6201550387596899,1,6,1,0,0,0,1,0,0,0,1,1,1,gratuito
1,10000.0,0,0.0,13,5,1,0,0,5,1,1,0,1,0,0,0,alto
2,10000.0,1,1.0,2,2,1,0,0,0,0,0,0,1,0,1,0,baixo
1,10000.0,3,1.0,2,4,1,0,0,0,1,1,1,0,1,0,0,medio_baixo
2,10000.0,5,0.8,1,5,1,0,0,1,1,1,1,1,0,0,0,medio_alto
8,35000.0,368,0.7771739130434783,1,1,1,0,0,1,0,0,0,0,0,0,0,alto
4,75000.0,711,0.7074542897327707,6,3,1,0,0,0,1,0,1,0,0,1,0,alto
10,75000.0,85,0.6588235294117647,1,3,1,0,0,0,1,1,1,0,0,0,0,baixo
1,10000.0,21,0.6666666666666666,5,3,1,1,1,0,1,0,1,0,1,0,0,medio_baixo
1,10000.0,2,1.0,1,3,1,0,0,0,1,1,0,1,0,0,0,baixo
11,350000.0,445,0.47415730337078654,9,4,1,0,0,0,0,1,0,1,0,1,0,gratuito
2,10000.0,21,1.0,1,3,1,0,0,0,1,0,0,1,0,1,0,baixo
8,10000.0,459,0.6993464052287581,1,2,1,1,0,0,0,0,0,0,0,0,1,alto
1,0.0,0,0.0,3,2,1,1,0,0,0,0,1,1,0,0,0,medio_alto
3,10000.0,1,0.0,2,5,1,0,0,0,1,0,0,1,1,1,0,medio_alto
3,0.0,0,0.0,0,0,1,0,0,0,0,0,0,0,0,0,0,gratuito
8,10000.0,13,0.9230769230769231,4,6,1,0,0,0,1,1,1,1,0,1,0,alto
9,10000.0,235,0.8468085106382979,1,2,1,0,1,0,1,1,0,0,0,0,0,medio_baixo
5,0.0,0,0.0,1,1,1,0,0,0,1,0,0,0,0,0,0,gratuito
3,75000.0,28,0.9642857142857143,2,2,1,0,0,1,1,1,0,0,0,0,0,medio_baixo
4,75000.0,3,0.6666666666666666,1,3,1,0,0,0,1,0,1,1,0,0,0,medio_alto
1,10000.0,0,0.0,14,4,1,0,0,0,1,1,1,0,1,0,0,medio_alto
1,0.0,0,0.0,1,3,1,0,0,0,1,0,1,0,0,0,0,gratuito
5,10000.0,3,0.0,1,1,1,0,0,0,0,0,0,1,0,0,0,alto
3,10000.0,0,0.0,1,3,1,0,0,0,1,0,1,0,1,0,0,gratuito
1,10000.0,15,0.6,1,4,1,0,0,0,1,1,1,0,0,0,0,alto
2,10000.0,221,0.7013574660633484,8,1,1,0,0,0,0,0,0,1,0,0,0,alto
5,10000.0,0,0.0,1,3,1,0,0,0,0,0,1,1,0,0,0,gratuito
1,10000.0,6,1.0,5,4,1,0,0,0,1,1,0,1,0,0,0,medio_alto
5,0.0,0,0.0,0,0,1,0,0,0,0,0,0,0,0,0,0,gratuito
1,10000.0,0,0.0,12,3,1,0,0,0,0,0,0,0,1,1,1,medio_baixo
7,10000.0,11,0.7272727272727273,2,4,1,0,0,0,1,1,0,1,1,0,0,alto
8,10000.0,99,0.8181818181818182,1,3,1,0,0,0,1,1,1,0,0,0,0,gratuito
8,10000.0,34,0.7058823529411765,29,2,1,1,1,0,1,0,0,1,0,0,0,medio_baixo
3,10000.0,0,0.0,1,3,1,1,1,0,1,0,0,1,0,0,1,medio_alto
2,10000.0,14,1.0,9,3,1,1,0,0,1,0,0,1,0,0,1,alto
1,0.0,0,0.0,2,5,1,0,0,1,0,0,1,1,1,1,0,gratuito
2,10000.0,6,0.8333333333333334,8,5,1,0,0,1,1,0,0,0,1,1,1,alto
5,10000.0,0,0.0,1,3,1,1,1,0,1,1,0,0,0,1,0,alto
4,10000.0,33,0.9090909090909091,1,3,1,1,1,1,1,0,1,1,0,0,0,baixo
3,10000.0,563,0.9023090586145648,1,3,1,0,1,0,1,0,0,0,0,0,1,alto
9,10000.0,0,0.0,1,3,1,0,0,0,1,1,0,0,0,1,0,medio_alto
5,10000.0,0,0.0,1,2,1,0,0,0,0,0,0,1,0,0,1,baixo
2,10000.0,13,0.8461538461538461,1,3,1,0,1,0,1,1,0,1,0,0,0,baixo
1,0.0,0,0.0,16,4,1,0,0,0,1,1,0,1,0,0,0,gratuito
2,10000.0,18,1.0,1,4,1,0,0,1,1,1,1,0,0,0,0,medio_alto
1,10000.0,1,0.0,1,2,1,0,0,0,0,0,0,0,0,0,0,alto
2,10000.0,25,0.6,1,1,1,0,0,0,0,0,0,0,0,1,0,medio_baixo
3,10000.0,7,1.0,1,2,1,0,0,0,1,0,0,1,0,0,0,medio_alto
5,75000.0,1,1.0,1,5,1,1,1,0,1,1,0,0,0,1,1,alto
1,0.0,0,0.0,103,2,1,0,0,0,1,0,0,1,0,0,0,medio_baixo
5,35000.0,8,0.625,103,2,1,0,0,0,1,0,0,1,0,0,0,baixo
4,1500000.0,977,0.6806550665301945,12,2,1,0,0,50,0,1,0,0,0,0,0,gratuito
11,75000.0,261,0.8544061302681992,1,2,1,1,1,1,1,0,0,0,1,0,0,medio_alto
9,75000.0,581,0.7142857142857143,10,3,1,0,1,1,1,0,0,0,1,1,0,medio_baixo
8,10000.0,33,0.7878787878787878,2,2,1,1,0,0,1,0,1,0,0,0,0,medio_baixo
4,10000.0,2,1.0,1,3,1,0,0,0,1,0,0,1,0,0,0,baixo
1,10000.0,9,0.4444444444444444,8,6,1,0,0,0,1,1,1,1,0,0,1,medio_alto
1,10000.0,0,0.0,1,3,1,0,0,0,0,1,1,0,0,1,0,medio_alto
4,10000.0,23,0.9130434782608695,1,4,1,1,1,0,1,0,0,1,0,0,0,baixo
6,10000.0,9,0.5555555555555556,1,2,1,0,0,0,0,0,1,1,0,0,0,medio_alto
1,75000.0,11,0.8181818181818182,11,4,1,0,0,0,1,1,1,0,1,0,0,medio_baixo
11,150000.0,678,0.7581120943952803,1,4,1,0,0,0,1,1,1,0,1,0,0,baixo
6,75000.0,20,0.5,29,9,1,1,1,0,1,1,1,1,1,1,1,alto
2,10000.0,0,0.0,4,1,1,1,1,0,1,0,0,0,0,0,0,medio_alto
3,10000.0,3,1.0,1,3,1,0,0,1,1,1,1,0,0,0,0,baixo
7,10000.0,52,0.5769230769230769,2,4,1,0,0,1,1,1,1,0,1,0,0,baixo
4,10000.0,13,1.0,1,2,1,0,1,0,0,0,0,0,0,1,1,medio_alto
9,150000.0,1087,0.49862005519779207,1,4,1,1,1,0,1,0,0,0,0,1,1,gratuito
10,35000.0,23,0.43478260869565216,1,4,1,0,0,2,1,1,0,1,0,0,1,baixo
1,10000.0,0,0.0,2,1,1,0,0,0,1,0,0,0,0,0,0,medio_baixo
5,75000.0,714,0.7507002801120448,9,7,1,0,1,0,1,1,1,1,1,0,1,medio_alto
6,10000.0,15,0.6,1,1,1,0,0,0,0,0,0,1,0,0,0,medio_baixo
8,10000.0,21,0.9523809523809523,1,3,1,1,0,0,1,1,0,1,0,0,0,baixo
9,350000.0,4047,0.9631826043983197,1,3,1,1,1,1,1,0,0,0,0,0,1,gratuito
5,10000.0,1,1.0,1,2,1,0,0,0,1,1,0,0,0,0,0,medio_alto
12,35000.0,134,0.835820895522388,1,1,1,1,0,0,0,1,0,0,0,0,0,baixo
5,10000.0,404,0.9876237623762376,5,2,1,0,0,2,1,0,1,0,0,0,0,alto
1,3500000.0,65672,0.7446248020465343,15,2,1,0,0,1,0,1,0,0,1,0,0,alto
11,350000.0,110,0.6272727272727273,5,1,1,0,0,0,0,1,0,0,0,0,0,medio_baixo
5,10000.0,12,0.16666666666666666,2,3,1,0,0,0,1,0,1,0,0,0,1,baixo
2,10000.0,54,0.8888888888888888,1,2,1,0,0,0,1,0,0,1,0,0,0,medio_alto
1,10000.0,0,0.0,1,3,1,0,0,0,1,0,0,1,0,0,1,alto
3,0.0,0,0.0,2,3,1,0,1,0,1,0,0,1,0,1,0,gratuito
7,35000.0,48,0.4166666666666667,1,5,1,0,0,0,1,1,1,1,0,0,1,gratuito
3,0.0,0,0.0,0,0,1,0,0,0,0,0,0,0,0,0,0,gratuito
4,10000.0,6,0.16666666666666666,1,5,1,1,1,0,1,1,1,0,0,1,1,alto
6,150000.0,1573,0.8531468531468531,4,2,1,0,0,1,0,0,0,0,1,1,0,medio_alto
8,10000.0,7,0.8571428571428571,1,5,1,0,0,0,1,1,1,0,1,0,0,baixo
3,10000.0,11,0.8181818181818182,1,4,1,0,0,0,1,1,1,0,0,0,0,baixo
4,0.0,0,0.0,0,0,1,0,0,0,0,0,0,0,0,0,0,gratuito
10,350000.0,902,0.7184035476718403,1,4,1,0,0,1,1,1,1,1,0,0,0,baixo
9,10000.0,75,0.8133333333333334,2,2,1,0,0,0,1,1,0,0,0,0,0,baixo
5,10000.0,34,0.7647058823529411,2,4,1,0,0,0,0,0,0,0,1,1,1,alto
1,0.0,0,0.0,0,0,1,0,0,0,0,0,0,0,0,0,0,gratuito
7,10000.0,4,0.75,1,3,1,0,0,0,1,1,1,0,0,0,0,baixo
17,75000.0,135,0.5703703703703704,1,3,1,1,0,0,1,0,1,1,0,0,0,medio_alto
21,35000000.0,13686,0.8925179015051878,9,1,1,0,1,0,0,1,0,0,0,0,0,gratuito
4,0.0,0,0.0,1,3,1,0,0,0,1,1,1,0,0,0,0,gratuito
4,10000.0,0,0.0,4,3,1,0,0,1,1,0,1,1,0,0,0,medio_alto
2,0.0,0,0.0,0,0,1,0,0,0,0,0,0,0,0,0,0,gratuito
1,0.0,0,0.0,2,1,1,0,0,0,1,0,0,0,0,0,0,baixo
8,10000.0,1,0.0,6,1,1,0,1,0,0,1,0,0,0,0,0,medio_alto
7,150000.0,4067,0.8652569461519548,12,2,1,0,0,1,1,0,1,0,0,0,0,medio_baixo
1,10000.0,0,0.0,6,1,1,0,0,1,0,0,1,0,0,0,0,alto
1,10000.0,0,0.0,4,3,1,0,0,0,1,0,0,1,1,0,0,alto
4,0.0,0,0.0,0,0,1,0,0,0,0,0,0,0,0,0,0,gratuito
1,75000.0,2642,0.9897804693414081,1,2,1,0,0,1,0,0,1,0,1,0,0,medio_alto
3,35000.0,119,0.8907563025210085,4,2,1,1,1,1,1,0,1,0,0,0,0,alto
8,10000.0,11,0.6363636363636364,1,4,1,0,0,0,1,0,0,0,0,1,1,baixo
2,10000.0,12,0.6666666666666666,2,1,1,0,0,0,0,0,0,0,0,0,1,baixo
2,10000.0,78,0.9615384615384616,1,1,1,0,1,1,0,1,0,0,0,0,0,medio_alto
8,3500000.0,82973,0.9692189025345594,10,3,1,1,0,7,1,0,1,0,1,0,0,baixo
1,0.0,0,0.0,0,0,1,0,0,0,0,0,0,0,0,0,0,gratuito
1,0.0,0,0.0,1,5,1,0,0,0,0,0,1,1,0,1,0,gratuito
6,10000.0,8,1.0,1,3,1,0,0,0,0,1,0,0,0,0,1,alto
3,10000.0,3,1.0,11,2,1,1,1,0,1,0,0,1,0,0,0,medio_baixo
8,10000.0,23,0.9130434782608695,2,2,1,0,1,0,1,0,0,0,1,0,0,medio_alto
12,350000.0,1902,0.45110410094637227,9,3,1,0,0,1,1,1,0,1,0,0,0,medio_alto
15,75000.0,162,0.8395061728395061,5,2,1,0,0,0,1,1,0,0,0,0,0,gratuito
4,10000.0,3,0.6666666666666666,2,2,1,0,0,0,0,0,0,0,0,1,0,medio_baixo
1,0.0,0,0.0,0,0,1,0,0,0,0,0,0,0,0,0,0,gratuito
8,10000.0,37,0.32432432432432434,7,7,1,1,1,0,1,1,1,1,1,1,1,alto
1,10000.0,0,0.0,2,3,1,0,0,0,1,1,1,0,0,0,0,medio_alto
7,35000.0,191,0.8010471204188482,1,3,1,1,0,0,1,0,1,0,1,0,0,alto
2,10000.0,4,1.0,1,5,1,0,0,0,1,1,1,1,0,0,1,alto
4,75000.0,156,0.9230769230769231,1,8,1,0,1,0,1,1,1,1,1,1,0,gratuito
4,0.0,0,0.0,1,3,1,0,0,0,0,0,0,0,0,1,1,gratuito
3,10000.0,0,0.0,1,3,1,0,0,0,0,1,1,0,0,1,0,medio_baixo
3,10000.0,2,0.5,1,3,1,1,1,0,1,0,0,0,0,1,1,alto
8,750000.0,7560,0.9447089947089947,13,4,1,1,1,4,1,0,0,1,0,1,1,alto
4,150000.0,24,0.9166666666666666,1,2,1,0,0,0,1,1,0,0,0,0,0,medio_baixo
1,10000.0,1,1.0,2,4,1,0,0,0,1,0,0,1,0,1,1,medio_baixo
3,10000.0,11,1.0,1,2,1,0,0,0,1,1,0,0,0,0,0,baixo
9,10000.0,42,0.14285714285714285,10,1,1,0,0,0,1,0,0,0,0,0,0,baixo
2,0.0,0,0.0,0,0,1,0,0,0,0,0,0,0,0,0,0,gratuito
1,10000.0,0,0.0,2,4,1,0,0,0,1,1,0,0,0,0,1,medio_alto
5,35000.0,249,0.9477911646586346,1,1,1,1,0,0,0,0,0,0,0,0,0,alto
4,0.0,0,0.0,1,1,1,0,0,0,0,0,0,0,0,0,0,gratuito
3,0.0,0,0.0,1,4,1,0,0,0,1,1,0,1,0,0,0,gratuito
2,10000.0,9,0.7777777777777778,5,2,1,0,0,0,1,0,0,0,0,1,0,medio_baixo
2,10000.0,14,1.0,15,4,1,0,0,0,0,0,0,0,0,0,1,alto
9,3500000.0,92807,0.8321247319706487,11,2,1,0,0,24,0,1,0,0,0,0,0,alto
5,35000.0,6,0.16666666666666666,8,4,1,0,0,0,1,0,1,1,0,1,0,medio_baixo
1,0.0,0,0.0,0,0,1,0,0,0,0,0,0,0,0,0,0,gratuito
2,0.0,0,0.0,1,2,1,1,1,0,0,0,0,1,0,0,0,gratuito
5,10000.0,3,0.6666666666666666,1,3,1,0,0,0,1,0,1,1,0,0,0,baixo
5,10000.0,7,0.42857142857142855,1,3,1,0,0,0,1,0,0,1,0,0,1,alto
1,10000.0,4,0.25,1,3,1,0,0,0,1,1,0,0,0,0,1,medio_baixo
2,10000.0,5,0.6,6,3,1,0,0,0,1,1,1,0,0,0,0,medio_baixo
1,10000.0,0,0.0,5,3,1,0,1,0,1,0,0,0,1,0,0,alto
6,75000.0,1,0.0,1,3,1,0,0,0,0,0,1,0,1,1,0,medio_baixo
2,10000.0,47,0.8936170212765957,9,3,1,0,0,0,1,0,0,1,0,0,0,alto
4,10000.0,2,1.0,1,2,1,0,0,0,0,0,1,1,0,0,0,medio_alto
5,750000.0,41558,0.9786803984792338,2,1,1,0,0,1,1,0,0,0,0,0,0,medio_alto
1,10000.0,0,0.0,1,6,1,0,0,0,1,0,1,1,1,1,1,medio_alto
8,10000.0,13,0.5384615384615384,1,3,1,0,0,0,1,0,1,0,0,0,1,baixo
1,10000.0,0,0.0,1,3,1,0,0,0,1,0,0,1,0,0,1,alto
8,35000.0,80,0.525,1,5,1,0,0,0,1,1,0,0,0,1,0,gratuito
1,0.0,0,0.0,1,2,1,0,0,0,1,0,0,1,0,0,0,alto
5,35000.0,8,0.875,5,4,1,0,0,0,1,0,1,1,1,0,0,baixo
2,0.0,0,0.0,103,9,1,1,1,0,1,1,1,1,1,1,1,alto
5,10000.0,20,0.7,12,5,1,0,0,0,1,1,1,0,0,0,1,gratuito
5,0.0,0,0.0,0,0,1,0,0,0,0,0,0,0,0,0,0,gratuito
1,10000.0,0,0.0,1,3,1,0,0,0,1,0,0,0,0,1,1,medio_baixo
3,35000.0,3,0.3333333333333333,2,3,1,0,0,0,1,0,1,0,0,0,1,medio_baixo
3,10000.0,32,0.59375,1,2,1,0,0,0,1,0,0,0,0,0,0,gratuito
5,150000.0,1917,0.856546687532603,5,3,1,0,0,0,1,0,0,1,0,0,1,medio_alto
2,10000.0,0,0.0,2,3,1,0,0,0,1,0,1,1,0,0,0,medio_baixo
8,350000.0,6021,0.9325693406410895,6,2,1,0,0,0,0,1,0,1,0,0,0,alto
10,10000.0,30,0.8666666666666667,1,3,1,0,0,1,1,0,1,0,0,0,0,alto
1,10000.0,0,0.0,2,3,1,1,0,0,1,1,0,1,0,0,0,medio_baixo
3,10000.0,8,1.0,1,4,1,0,0,0,1,1,1,0,0,0,0,gratuito
12,75000.0,171,0.543859649122807,1,1,1,1,0,0,1,0,0,0,0,0,0,alto
1,75000.0,514,0.9319066147859922,13,2,1,1,1,3,1,0,0,1,0,0,0,alto
8,750000.0,5519,0.8432687080992933,1,2,1,0,0,0,0,1,0,1,0,0,0,alto
4,10000.0,0,0.0,3,4,1,0,0,1,1,0,0,1,1,0,1,medio_baixo
1,0.0,0,0.0,10,4,1,0,0,0,1,0,0,1,0,0,1,gratuito
2,10000.0,88,0.75,4,4,1,0,0,0,1,0,1,0,1,0,1,medio_alto
3,10000.0,0,0.0,4,1,1,1,0,0,0,0,0,0,0,0,1,alto
5,10000.0,58,0.8448275862068966,9,3,1,0,0,0,1,0,0,1,0,0,0,medio_alto
2,0.0,0,0.0,1,2,1,0,0,0,0,1,0,0,0,0,0,gratuito
1,0.0,0,0.0,1,5,1,0,0,0,1,0,1,0,1,0,1,gratuito
1,10000.0,0,0.0,2,3,1,0,0,0,0,1,1,0,0,1,0,medio_alto
3,10000.0,0,0.0,1,3,1,1,1,0,0,1,1,0,0,0,1,gratuito
1,0.0,0,0.0,1,3,1,0,0,0,1,1,0,0,0,0,0,gratuito
2,0.0,0,0.0,0,0,1,0,0,0,0,0,0,0,0,0,0,gratuito
3,10000.0,3,0.6666666666666666,2,4,1,0,0,0,1,0,1,1,0,0,1,medio_alto
3,0.0,0,0.0,1,2,1,0,1,0,0,0,0,0,0,1,0,gratuito
10,35000.0,173,0.7630057803468208,18,3,1,0,0,0,1,1,0,1,0,0,0,medio_alto
2,0.0,0,0.0,3,3,1,0,0,0,1,0,0,0,0,1,0,gratuito
2,10000.0,284,0.7570422535211268,31,3,1,1,1,0,1,0,1,1,0,0,0,alto
1,10000.0,1,1.0,2,2,1,0,0,0,1,0,0,1,0,0,0,medio_alto
3,35000.0,139,0.8920863309352518,2,1,1,0,0,0,1,0,0,0,0,0,0,medio_baixo
5,35000.0,653,0.667687595712098,6,3,1,0,0,0,1,0,0,1,0,0,1,alto
2,10000.0,5,0.8,1,3,1,0,0,0,1,0,1,0,0,0,1,baixo
1,0.0,0,0.0,1,3,1,0,0,0,1,0,1,0,0,0,0,gratuito
3,35000.0,1,1.0,14,3,1,0,0,0,1,1,0,1,0,0,0,medio_baixo
6,350000.0,9,0.5555555555555556,1,2,1,1,1,0,1,1,0,0,0,0,0,baixo
1,10000.0,0,0.0,6,2,1,0,0,0,1,0,0,0,0,0,1,medio_alto
6,10000.0,7,1.0,3,3,1,0,1,0,1,1,1,0,0,0,0,medio_alto
1,10000.0,5,0.6,1,3,1,0,0,0,1,1,1,0,0,0,0,baixo
5,10000.0,16,0.375,103,8,1,1,1,0,1,1,1,1,1,1,1,alto
1,0.0,0,0.0,0,0,1,0,0,0,0,0,0,0,0,0,0,gratuito
9,350000.0,3037,0.8748765228844254,7,2,1,0,0,1,1,1,0,0,0,0,0,medio_baixo
5,10000.0,113,0.9734513274336283,21,2,1,0,1,1,1,1,0,0,0,0,0,medio_alto
3,10000.0,25,0.64,1,2,1,0,0,0,0,0,0,1,1,0,0,baixo
4,35000.0,1364,0.9193548387096774,8,1,1,0,0,0,0,0,1,0,0,0,0,medio_baixo
7,10000.0,185,0.972972972972973,103,3,1,1,1,0,1,0,0,1,0,1,0,baixo
1,0.0,0,0.0,11,3,1,0,0,0,1,1,1,0,0,0,0,medio_alto
1,10000.0,0,0.0,9,2,1,0,0,6,0,1,1,0,0,0,0,alto
6,35000.0,44,0.9318181818181818,1,1,1,0,0,0,1,0,0,0,0,0,0,medio_alto
7,10000.0,208,0.8894230769230769,2,3,1,1,0,0,1,1,0,0,0,0,1,baixo
8,10000.0,19,0.21052631578947367,1,0,1,0,0,2,0,0,0,0,0,0,0,medio_alto
4,10000.0,3,0.6666666666666666,2,4,1,0,0,0,0,1,0,0,0,0,1,medio_alto
1,10000.0,0,0.0,4,3,1,1,1,1,1,0,0,1,0,0,1,alto
5,0.0,0,0.0,0,0,1,0,0,0,0,0,0,0,0,0,0,gratuito
1,0.0,0,0.0,12,5,1,0,0,0,1,1,1,1,0,1,0,medio_alto
3,150000.0,4,1.0,2,3,1,0,0,0,1,1,1,0,0,0,0,medio_alto
5,10000.0,0,0.0,6,1,1,0,0,0,0,0,0,1,0,0,0,baixo
2,10000.0,103,0.8640776699029126,1,1,1,0,0,0,0,1,0,0,0,0,0,medio_alto
1,0.0,0,0.0,11,2,1,0,0,0,0,0,0,0,1,1,0,alto
2,10000.0,18,0.9444444444444444,4,2,1,0,0,0,1,0,1,0,0,0,0,medio_baixo
10,10000.0,23,0.6086956521739131,2,1,1,0,0,0,0,0,0,1,0,0,0,medio_baixo
5,10000.0,0,0.0,1,3,1,0,0,0,1,1,1,0,0,0,0,medio_alto
12,10000.0,20,0.1,1,5,1,0,0,0,1,1,0,1,1,1,0,medio_alto
4,10000.0,0,0.0,1,4,1,0,1,0,1,0,1,1,0,0,1,medio_baixo
6,150000.0,4,0.75,1,1,1,0,0,0,0,0,1,0,0,0,0,medio_baixo
2,10000.0,7,1.0,1,3,1,0,0,0,1,1,1,0,0,0,0,medio_alto
8,35000.0,31,0.8387096774193549,2,3,1,0,0,0,0,1,1,0,0,0,1,medio_baixo
1,0.0,0,0.0,0,0,1,0,0,0,0,0,0,0,0,0,0,gratuito
4,10000.0,42,0.5238095238095238,2,3,1,0,0,0,1,1,0,0,1,0,0,alto
3,0.0,0,0.0,0,0,1,0,0,0,0,0,0,0,0,0,0,gratuito
3,0.0,0,0.0,0,0,1,0,0,0,0,0,0,0,0,0,0,gratuito
7,10000.0,0,0.0,3,2,1,0,0,0,1,0,0,1,0,0,0,medio_baixo
1,0.0,0,0.0,0,0,1,0,0,0,0,0,0,0,0,0,0,gratuito
8,10000.0,35,0.8,11,3,1,0,0,0,1,1,0,1,0,0,0,alto
6,10000.0,13,0.5384615384615384,1,3,1,0,0,0,1,1,0,0,0,0,1,alto
7,35000.0,1,1.0,1,3,1,0,0,2,1,0,0,1,1,0,0,baixo
4,10000.0,2,1.0,1,1,1,0,0,0,0,0,0,1,0,0,0,alto
1,0.0,0,0.0,12,4,1,0,0,0,1,1,1,0,0,0,0,gratuito
5,10000.0,9,0.8888888888888888,2,3,1,0,0,0,1,0,1,0,1,0,0,medio_baixo
1,10000.0,0,0.0,1,3,1,0,0,0,1,1,0,0,0,1,0,medio_alto
8,350000.0,762,0.8937007874015748,5,3,1,1,0,1,1,0,1,0,0,0,1,medio_alto
4,10000.0,28,0.8928571428571429,103,1,1,1,0,0,1,0,0,0,0,0,0,baixo
4,0.0,0,0.0,0,0,1,0,0,0,0,0,0,0,0,0,0,gratuito
6,10000.0,0,0.0,1,1,1,0,0,0,0,0,1,0,0,0,0,alto
3,0.0,0,0.0,103,5,1,0,0,0,1,0,1,1,0,1,1,baixo
10,35000.0,346,0.8236994219653179,19,4,1,1,0,0,1,1,1,1,0,0,0,alto
3,10000.0,0,0.0,1,5,1,0,0,0,1,1,1,0,1,1,0,alto
5,10000.0,90,0.8,9,3,1,0,0,1,1,1,1,0,0,0,0,alto
3,0.0,0,0.0,0,0,1,0,0,0,0,0,0,0,0,0,0,gratuito
11,10000.0,32,0.3125,2,2,1,0,0,0,1,0,0,1,0,0,0,medio_baixo
3,10000.0,4,0.75,1,5,1,0,0,0,1,1,0,0,0,1,1,alto
3,0.0,0,0.0,1,2,1,0,0,0,0,0,0,0,0,1,0,gratuito
1,10000.0,1,0.0,2,2,1,0,0,0,1,0,0,0,0,1,0,medio_alto
10,35000.0,158,0.6518987341772152,1,1,1,0,0,0,0,0,0,0,0,0,0,gratuito
1,150000.0,29,0.8620689655172413,9,5,1,0,0,0,1,1,1,1,1,0,0,medio_alto
4,10000.0,16,0.8125,103,2,1,0,0,0,1,0,0,1,0,0,0,baixo
7,10000.0,0,0.0,2,3,1,0,0,0,1,0,0,1,0,0,0,gratuito
1,0.0,0,0.0,2,1,1,0,0,0,0,0,0,0,1,0,0,medio_alto
1,0.0,0,0.0,1,3,1,0,0,0,1,0,0,0,1,0,0,gratuito
4,10000.0,4,0.75,1,3,1,0,0,0,1,0,0,1,0,0,0,medio_alto
3,10000.0,410,0.8,1,3,1,1,0,0,1,0,0,0,0,1,0,gratuito
1,10000.0,0,0.0,1,2,1,1,0,0,1,0,0,0,0,1,0,medio_alto
1,0.0,0,0.0,103,1,1,0,0,0,0,0,0,1,0,0,0,baixo
1,0.0,0,0.0,0,0,1,0,0,0,0,0,0,0,0,0,0,gratuito
2,10000.0,6,0.16666666666666666,1,4,1,0,0,0,1,1,1,1,0,0,0,baixo
9,10000.0,10,0.5,1,3,1,0,0,0,1,1,0,1,0,0,0,medio_alto
4,10000.0,2,1.0,1,1,1,0,0,1,0,0,1,0,0,0,0,medio_baixo
3,10000.0,22,0.9090909090909091,1,2,1,0,0,0,1,0,1,0,0,0,0,baixo
4,10000.0,4,0.75,2,2,1,0,0,0,1,0,0,0,0,0,1,medio_alto
5,10000.0,14,0.9285714285714286,1,3,1,0,0,0,1,1,1,0,0,0,0,baixo
2,10000.0,253,0.8932806324110671,1,3,1,0,0,0,1,0,0,0,1,1,0,medio_baixo
2,10000.0,25,1.0,1,3,1,0,0,1,1,0,1,0,1,0,0,medio_alto
2,10000.0,2,0.5,1,4,1,0,0,0,1,0,1,0,1,0,1,medio_baixo
3,35000.0,2,0.0,1,3,1,0,0,0,1,1,1,0,0,0,0,medio_alto
6,10000.0,20,0.85,2,3,1,0,0,1,1,0,1,1,0,0,0,medio_baixo
7,35000.0,447,0.8187919463087249,1,3,1,1,0,1,0,0,0,0,1,1,1,alto
8,35000.0,55,0.2727272727272727,1,5,1,0,0,0,1,1,1,1,0,0,0,gratuito
5,35000.0,2,1.0,1,3,1,0,0,0,1,1,0,1,0,0,0,baixo
20,1500000.0,5950,0.8584873949579832,8,3,1,0,0,0,1,1,0,0,1,0,0,medio_baixo
7,35000.0,238,0.8739495798319328,2,4,1,0,0,1,1,0,1,0,1,0,0,gratuito
3,10000.0,0,0.0,1,1,1,1,1,0,0,0,0,1,0,0,0,medio_alto
3,0.0,0,0.0,0,0,1,0,0,0,0,0,0,0,0,0,0,gratuito
9,10000.0,4,0.75,1,5,1,0,0,0,1,0,1,0,1,0,0,baixo
3,10000.0,0,0.0,2,2,1,0,0,0,1,1,0,0,0,0,0,medio_baixo
1,0.0,0,0.0,0,0,1,0,0,0,0,0,0,0,0,0,0,gratuito
4,35000.0,13,0.9230769230769231,103,1,1,0,0,0,0,0,0,1,0,0,0,baixo
1,10000.0,0,0.0,7,3,1,0,0,1,1,0,1,0,1,0,0,alto
7,75000.0,171,0.5730994152046783,2,3,1,0,0,0,0,0,0,0,1,1,0,gratuito
5,10000.0,211,0.909952606635071,1,1,1,1,0,0,0,0,0,0,0,0,1,gratuito
1,0.0,0,0.0,1,2,1,0,0,0,1,0,0,0,0,0,0,gratuito
19,750000.0,2449,0.8125765618619845,1,1,1,0,0,0,0,1,0,0,0,0,0,medio_baixo
8,10000.0,29,0.6896551724137931,2,8,1,0,0,0,1,1,1,1,0,0,1,medio_alto
2,10000.0,1,0.0,2,1,1,0,0,0,0,0,0,1,0,0,0,baixo
4,10000.0,14,0.7857142857142857,2,3,1,0,0,0,1,0,0,1,0,0,1,alto
8,10000.0,11,0.5454545454545454,2,3,1,0,0,0,1,1,1,0,0,0,0,gratuito
1,0.0,0,0.0,10,1,1,0,0,0,0,0,0,1,0,0,0,medio_baixo
5,10000.0,10,1.0,1,2,1,1,0,0,0,0,1,1,0,0,0,medio_baixo
10,75000.0,607,0.9390444810543658,1,2,1,0,0,0,1,0,0,1,0,0,0,gratuito
8,10000.0,49,0.8163265306122449,4,2,1,1,1,0,1,0,1,0,0,0,0,medio_baixo
3,0.0,0,0.0,1,6,1,0,0,1,1,1,0,1,0,0,1,gratuito
5,0.0,0,0.0,0,0,1,0,0,0,0,0,0,0,0,0,0,gratuito
2,0.0,0,0.0,1,5,1,0,0,0,1,1,0,1,0,0,1,gratuito
6,10000.0,13,0.8461538461538461,1,3,1,0,0,0,0,1,1,1,0,0,0,alto
4,10000.0,1,1.0,1,3,1,0,0,0,0,1,1,0,0,0,0,baixo
10,10000.0,95,0.8105263157894737,1,2,1,0,0,0,1,1,0,0,0,0,0,medio_alto
4,0.0,0,0.0,0,0,1,0,0,0,0,0,0,0,0,0,0,gratuito
9,35000.0,29,0.6551724137931034,5,1,1,0,0,0,0,0,0,1,0,0,0,medio_baixo
1,10000.0,0,0.0,8,4,1,0,0,0,1,0,1,1,0,0,0,alto
12,35000.0,82,0.524390243902439,2,3,1,1,1,0,1,0,0,1,0,1,0,gratuito
2,10000.0,0,0.0,1,5,1,0,0,0,1,1,1,0,1,0,0,gratuito
1,0.0,0,0.0,2,2,1,0,0,0,1,0,1,0,0,0,0,baixo
7,10000.0,31,0.8387096774193549,10,6,1,0,0,0,1,1,1,1,0,1,1,medio_baixo
7,10000.0,3,0.3333333333333333,2,3,1,0,0,0,1,0,0,1,0,1,0,medio_baixo
3,350000.0,10130,0.5721618953603159,15,2,1,0,0,2,0,1,1,0,0,0,0,medio_alto
5,10000.0,17,0.47058823529411764,1,5,1,0,0,0,1,1,1,1,0,0,0,baixo
2,0.0,0,0.0,0,0,1,0,0,0,0,0,0,0,0,0,0,gratuito
7,10000.0,0,0.0,1,2,1,0,0,0,1,0,0,1,0,0,0,baixo
2,10000.0,140,0.8642857142857143,6,4,1,0,0,0,1,0,0,0,0,0,1,medio_alto
6,35000.0,16,0.875,1,1,1,0,0,0,0,0,0,0,0,0,1,alto
17,75000.0,315,0.5650793650793651,1,1,1,0,0,0,0,0,0,1,0,0,0,medio_baixo
4,750000.0,8518,0.9162949049072552,10,2,1,1,1,0,0,0,1,1,0,0,0,alto
9,10000.0,17,0.47058823529411764,4,1,1,0,0,0,0,1,0,0,0,0,0,baixo
2,10000.0,88,0.8522727272727273,7,4,1,0,0,0,0,0,1,1,1,0,1,medio_baixo
2,10000.0,27,0.9629629629629629,2,2,1,1,1,2,1,0,1,0,0,0,0,medio_baixo
3,10000.0,196,0.9591836734693877,2,6,1,1,1,1,1,0,1,1,1,1,0,alto
1,10000.0,0,0.0,1,3,1,0,0,0,1,1,0,0,1,0,0,medio_alto
4,150000.0,1018,0.9332023575638507,4,3,1,1,1,1,1,0,0,0,1,1,0,baixo
2,10000.0,147,0.9251700680272109,10,2,1,1,1,0,1,1,0,0,0,0,0,medio_baixo
3,35000.0,159,0.9874213836477987,2,2,1,1,0,0,1,0,0,0,1,0,0,medio_alto
2,10000.0,288,0.8611111111111112,18,1,1,0,0,0,1,0,0,0,0,0,0,medio_baixo
8,10000.0,11,0.6363636363636364,1,4,1,0,0,0,1,1,0,1,0,0,1,baixo
2,350000.0,1266,0.8538704581358609,13,6,1,1,0,1,1,1,1,1,1,0,0,alto
8,10000.0,0,0.0,1,3,1,1,1,1,1,0,0,1,0,0,1,medio_baixo
1,0.0,0,0.0,0,0,1,0,0,0,0,0,0,0,0,0,0,gratuito
2,0.0,0,0.0,103,9,1,1,1,0,1,1,1,1,1,1,1,alto
5,10000.0,3,0.0,1,5,1,0,0,0,0,1,1,0,1,0,1,alto
3,150000.0,1637,0.9004276114844227,3,4,1,0,1,1,1,1,1,0,1,0,0,medio_alto
2,10000.0,2,1.0,1,2,1,0,0,0,1,1,0,0,0,0,0,alto
6,10000.0,4,0.5,1,4,1,0,0,0,1,1,1,0,0,0,0,medio_alto
4,10000.0,4,1.0,1,3,1,0,0,0,1,1,0,0,0,1,0,medio_baixo
11,150000.0,935,0.7283422459893049,5,3,1,1,1,3,1,0,0,0,1,1,0,medio_baixo
8,10000.0,148,0.6621621621621622,29,4,1,0,0,0,1,0,1,1,0,0,1,medio_baixo
1,10000.0,0,0.0,27,2,1,1,1,0,1,0,0,0,0,0,1,baixo
6,10000.0,3,1.0,2,4,1,0,0,0,1,0,1,1,0,0,1,baixo
1,0.0,0,0.0,1,1,1,0,0,0,0,1,0,0,0,0,0,baixo
10,10000.0,41,0.7560975609756098,2,2,1,1,0,0,0,0,0,1,0,0,1,medio_baixo
3,10000.0,8,1.0,1,3,1,1,0,1,1,1,0,1,0,0,0,gratuito
9,10000.0,276,0.9746376811594203,1,2,1,1,1,0,1,0,0,0,1,0,0,medio_baixo
2,10000.0,7,0.8571428571428571,1,3,1,0,0,0,1,0,0,1,0,0,1,baixo
10,35000.0,128,0.453125,1,3,1,0,0,0,1,0,0,1,0,0,0,alto
5,10000.0,387,0.8449612403100775,1,4,1,1,0,1,1,0,1,0,1,0,1,medio_alto
4,10000.0,58,0.5689655172413793,8,2,1,0,0,0,1,1,0,0,0,0,0,medio_baixo
8,10000.0,156,0.8076923076923077,9,5,1,1,0,0,1,1,0,1,1,0,1,medio_baixo
5,10000.0,20,0.9,1,1,1,0,0,0,0,0,0,1,0,0,0,baixo
2,10000.0,2,0.5,5,3,1,0,0,0,1,1,0,1,0,0,0,baixo
9,75000.0,164,0.823170731707317,3,1,1,0,0,1,1,0,0,0,0,0,0,medio_alto
5,10000.0,7,1.0,2,6,1,1,1,0,1,0,1,1,1,1,0,medio_alto
9,10000.0,3,1.0,1,2,1,0,0,0,0,0,1,1,0,0,0,medio_alto
8,10000.0,5,0.4,1,3,1,0,0,0,1,1,0,1,0,0,0,medio_baixo
6,10000.0,2,1.0,1,3,1,0,0,0,1,1,0,1,0,0,0,baixo
2,0.0,0,0.0,11,3,1,0,0,0,1,0,0,1,0,0,0,gratuito
1,10000.0,0,0.0,10,1,1,0,0,0,0,0,1,0,0,0,0,alto
1,0.0,0,0.0,0,0,1,0,0,0,0,0,0,0,0,0,0,gratuito
8,10000.0,10,0.7,1,5,1,1,1,0,1,0,0,0,0,1,1,alto
2,350000.0,93,0.9247311827956989,6,3,1,0,0,0,1,1,1,0,0,0,0,medio_baixo
3,35000.0,35,0.8285714285714286,3,2,1,0,0,0,1,0,0,1,0,0,0,medio_baixo
9,10000.0,103,0.7669902912621359,1,2,1,0,0,1,1,0,0,1,0,0,0,baixo
8,10000.0,145,0.6827586206896552,1,3,1,0,0,0,1,0,0,0,0,0,1,alto
3,10000.0,171,0.8830409356725146,2,2,1,0,0,3,1,0,0,0,1,0,0,medio_alto
8,35000.0,27,0.6296296296296297,2,3,1,0,1,0,1,0,0,0,0,0,1,baixo
7,10000.0,40,0.525,1,2,1,0,0,0,0,0,1,1,0,0,0,medio_alto
3,10000.0,16,0.9375,1,2,1,0,0,0,1,1,0,0,0,0,0,gratuito
4,10000.0,5,0.6,1,3,1,0,0,0,1,0,0,1,0,1,0,baixo
3,10000.0,15,1.0,1,4,1,0,0,0,1,1,0,1,0,1,0,medio_baixo
3,10000.0,1,1.0,1,2,1,1,1,0,0,1,0,1,0,0,0,baixo
8,150000.0,1647,0.7607771706132362,9,2,1,0,0,0,1,0,0,0,0,0,1,baixo
6,10000.0,0,0.0,1,1,1,0,0,2,0,0,0,0,1,0,0,medio_baixo
9,75000.0,105,0.9333333333333333,1,2,1,0,0,0,1,0,0,0,1,0,0,gratuito
1,0.0,0,0.0,1,8,1,0,0,0,1,1,1,1,0,0,1,gratuito
2,10000.0,234,0.9358974358974359,9,3,1,0,0,1,1,1,1,0,0,0,0,alto
3,10000.0,0,0.0,3,3,1,0,1,0,1,0,0,1,0,0,1,medio_baixo
2,10000.0,276,0.9528985507246377,3,6,1,1,1,1,1,0,1,1,1,1,0,medio_alto
5,35000.0,12,0.6666666666666666,3,3,1,0,0,0,0,0,0,1,0,1,0,medio_baixo
1,10000.0,11,0.36363636363636365,2,3,1,0,0,0,0,1,1,0,0,0,0,baixo
2,10000.0,0,0.0,1,3,1,0,0,0,1,0,0,1,0,0,0,gratuito
1,0.0,0,0.0,1,3,1,0,0,0,1,0,0,0,1,0,1,alto
2,10000.0,0,0.0,2,6,1,0,0,4,1,1,1,1,1,0,0,gratuito
4,0.0,0,0.0,0,0,1,0,0,0,0,0,0,0,0,0,0,gratuito
8,10000.0,116,0.8448275862068966,8,3,1,0,0,0,1,0,0,1,0,0,1,medio_baixo
8,10000.0,4,0.5,1,3,1,0,0,0,1,0,1,0,1,0,0,medio_baixo
1,0.0,0,0.0,1,3,1,1,0,0,1,0,0,1,1,0,0,medio_baixo
4,10000.0,19,0.3157894736842105,4,5,1,0,0,0,1,1,1,0,1,0,1,medio_baixo
1,0.0,0,0.0,0,0,1,0,0,0,0,0,0,0,0,0,0,gratuito
4,75000.0,1779,0.7993254637436762,13,2,1,0,0,1,0,1,1,0,0,0,0,alto
6,10000.0,12,0.6666666666666666,1,4,1,1,1,0,1,0,1,1,0,0,1,baixo
7,75000.0,665,0.8045112781954887,5,3,1,0,0,1,1,1,1,0,0,0,0,medio_alto
3,10000.0,4,0.5,1,7,1,0,0,0,1,1,1,0,1,1,0,alto
1,0.0,0,0.0,2,5,1,0,0,0,1,0,1,1,0,0,0,gratuito
10,150000.0,726,0.800275482093664,1,4,1,1,1,0,1,0,1,0,1,1,0,medio_alto
4,0.0,0,0.0,8,4,1,1,1,0,0,1,0,1,0,0,0,gratuito
2,10000.0,0,0.0,1,3,1,0,0,0,1,1,1,0,0,0,0,medio_alto
3,10000.0,21,0.9523809523809523,4,1,1,0,0,0,0,0,0,0,0,0,0,alto
2,10000.0,3,1.0,1,5,1,0,0,0,1,0,1,1,1,1,0,baixo
7,10000.0,4,0.75,3,5,1,0,0,0,1,1,0,0,0,1,1,alto
9,10000.0,10,0.6,1,1,1,0,0,0,0,1,0,0,0,0,0,medio_baixo
10,10000.0,30,0.5666666666666667,1,3,1,0,1,2,1,1,1,0,0,0,0,baixo
4,10000.0,18,0.7222222222222222,13,2,1,0,0,0,0,0,0,1,0,0,1,medio_baixo
6,10000.0,404,0.8960396039603961,9,3,1,0,0,1,1,0,1,1,0,0,0,baixo
1,10000.0,22,0.5909090909090909,1,3,1,0,0,0,1,0,1,1,0,0,0,medio_baixo
1,0.0,0,0.0,0,0,1,0,0,0,0,0,0,0,0,0,0,gratuito
2,0.0,0,0.0,0,0,1,0,0,0,0,0,0,0,0,0,0,gratuito
7,10000.0,50,0.88,1,4,1,0,0,0,1,0,1,1,1,0,0,baixo
1,10000.0,424,0.7216981132075472,12,4,1,0,0,2,1,0,0,1,0,1,1,alto
8,350000.0,1766,0.9490373725934315,1,2,1,1,1,0,1,0,0,0,0,0,1,alto
1,35000.0,1563,0.9373000639795266,2,1,1,0,0,1,0,0,0,0,0,0,1,alto
1,10000.0,0,0.0,1,2,1,0,0,0,0,0,1,1,0,0,0,alto
3,10000.0,1,0.0,1,3,1,0,0,0,0,0,1,1,0,1,0,alto
4,10000.0,23,0.391304347826087,1,4,1,0,0,0,1,0,1,1,0,0,1,alto
8,75000.0,92,0.7282608695652174,1,5,1,0,1,4,1,1,1,0,1,1,0,baixo
4,10000.0,2,0.5,2,1,1,0,0,0,0,0,0,1,0,0,0,baixo
7,10000.0,12,0.5833333333333334,4,3,1,0,0,0,1,0,1,1,0,0,0,medio_baixo
3,10000.0,27,0.9629629629629629,1,2,1,0,0,0,1,1,0,0,0,0,0,baixo
2,10000.0,11,1.0,1,4,1,0,0,0,1,1,0,1,0,0,0,medio_alto
3,10000.0,270,0.9407407407407408,8,3,1,0,0,1,1,1,1,0,0,0,0,alto
2,10000.0,6,0.8333333333333334,1,2,1,0,0,0,1,0,0,0,1,0,0,alto
1,0.0,0,0.0,5,3,1,0,0,0,1,1,1,0,0,0,0,alto
6,35000.0,773,0.7684346701164295,2,3,1,0,0,0,1,0,0,0,1,0,1,baixo
2,10000.0,49,0.8571428571428571,1,3,1,0,0,0,1,1,0,0,1,0,0,alto
2,10000.0,14,0.9285714285714286,1,2,1,0,0,1,1,0,1,0,0,0,0,alto
9,10000.0,22,0.36363636363636365,1,2,1,0,0,0,1,0,0,0,0,1,0,baixo
2,35000.0,28,0.8214285714285714,13,3,1,0,0,0,1,1,1,0,0,0,0,medio_baixo
2,10000.0,0,0.0,1,1,1,0,1,0,0,0,0,0,0,0,1,alto
7,10000.0,129,0.8682170542635659,2,1,1,0,0,2,0,0,1,0,0,0,0,alto
5,10000.0,11,0.2727272727272727,6,3,1,0,1,0,1,0,0,0,0,1,1,alto
7,10000.0,35,0.9142857142857143,7,2,1,0,0,0,0,0,1,1,0,0,0,alto
2,10000.0,2,1.0,1,2,1,1,0,0,1,0,0,1,0,0,0,medio_baixo
4,10000.0,7,1.0,1,2,1,0,0,0,1,1,0,0,0,0,0,medio_alto
7,10000.0,1,1.0,2,2,1,0,0,0,0,1,0,0,0,0,0,alto
10,10000.0,105,0.7619047619047619,1,2,1,0,0,0,1,0,0,0,0,0,0,medio_baixo
14,35000.0,141,0.3191489361702128,2,2,1,0,0,0,1,1,0,0,0,0,0,medio_alto
5,10000.0,1,0.0,2,1,1,0,0,0,0,0,0,0,0,0,0,medio_baixo
4,75000.0,192,0.6510416666666666,1,2,1,0,0,0,0,1,0,0,1,0,0,medio_baixo
7,10000.0,6,0.5,1,5,1,0,0,0,1,1,1,1,0,1,0,medio_alto
1,0.0,0,0.0,1,1,1,0,0,0,0,0,0,0,0,0,0,gratuito
5,10000.0,0,0.0,1,1,1,0,0,0,0,0,1,0,0,0,0,alto
3,10000.0,12,0.9166666666666666,1,2,1,0,0,0,1,1,0,0,0,0,0,medio_alto
3,0.0,0,0.0,0,0,1,0,0,0,0,0,0,0,0,0,0,gratuito
1,10000.0,0,0.0,2,6,1,0,0,0,1,1,1,1,0,0,1,alto
4,10000.0,8,0.5,1,1,1,0,0,0,0,0,0,0,0,0,1,gratuito
10,10000.0,33,0.7575757575757576,1,7,1,0,0,0,1,1,1,1,0,0,1,gratuito
7,10000.0,0,0.0,1,5,1,0,0,1,1,1,1,0,1,0,1,alto
10,10000.0,15,0.4666666666666667,8,1,1,0,0,0,0,0,0,0,0,0,0,gratuito
2,1500000.0,57485,0.9666173784465513,10,5,1,0,0,0,1,1,1,0,1,0,1,alto
4,10000.0,0,0.0,1,2,1,0,0,0,0,0,0,1,0,1,0,alto
3,0.0,0,0.0,1,4,1,0,0,0,1,0,0,1,1,0,0,gratuito
5,10000.0,1,0.0,1,2,1,0,0,0,0,0,1,1,0,0,0,baixo
4,0.0,0,0.0,1,3,1,0,0,0,0,1,0,0,1,0,0,gratuito
4,35000.0,28,0.8928571428571429,9,3,1,0,1,0,1,0,0,1,0,0,0,medio_alto
2,10000.0,3,1.0,1,2,1,0,0,0,0,0,1,1,0,0,0,medio_baixo
3,10000.0,3,0.6666666666666666,26,4,1,0,0,0,1,0,0,1,0,0,1,baixo
1,10000.0,0,0.0,2,2,1,0,0,0,1,0,0,0,0,0,1,baixo
7,35000.0,170,0.9352941176470588,1,2,1,1,0,0,1,0,0,1,0,0,0,baixo
3,10000.0,0,0.0,6,3,1,0,0,0,0,1,0,1,1,0,0,medio_alto
9,35000.0,72,0.4444444444444444,1,8,1,0,0,0,1,1,1,0,0,0,1,medio_baixo
11,10000.0,297,0.9494949494949495,1,2,1,1,1,0,1,0,0,0,1,0,0,alto
1,10000.0,0,0.0,11,1,1,0,0,11,0,0,0,0,1,0,0,alto
13,1500000.0,7231,0.876365647904854,1,2,1,1,0,0,0,0,0,1,0,0,0,gratuito
9,10000.0,88,0.5227272727272727,1,5,1,0,0,0,1,0,0,1,0,0,1,baixo
2,10000.0,0,0.0,1,1,1,0,0,0,0,0,1,0,0,0,0,medio_baixo
7,10000.0,9,1.0,1,4,1,0,0,0,1,1,1,0,1,0,0,baixo
7,10000.0,11,0.9090909090909091,12,3,1,0,0,0,1,0,0,1,0,1,0,medio_alto
8,35000.0,333,0.93993993993994,103,2,1,0,0,0,1,0,0,1,0,0,0,baixo
8,150000.0,698,0.9283667621776505,2,3,1,1,1,4,1,0,0,0,0,1,1,medio_baixo
3,10000.0,2,0.5,2,4,1,0,0,5,0,0,1,0,1,1,1,alto
2,10000.0,3,1.0,0,2,1,0,0,0,0,0,0,0,1,0,1,alto
2,10000.0,16,0.5,2,2,1,0,0,0,1,0,0,1,0,0,0,alto
7,10000.0,1,1.0,1,3,1,0,0,0,1,0,1,0,1,0,0,medio_baixo
4,10000.0,54,0.7037037037037037,1,1,1,0,0,1,0,0,0,1,0,0,0,baixo
2,10000.0,1,0.0,1,5,1,0,0,0,1,1,0,1,0,0,1,medio_baixo
1,0.0,0,0.0,20,3,1,0,0,0,1,0,0,1,0,0,1,alto
12,10000.0,162,0.7716049382716049,6,2,1,0,0,0,0,1,0,0,0,0,0,medio_baixo
5,0.0,0,0.0,0,0,1,0,0,0,0,0,0,0,0,0,0,gratuito
11,10000.0,74,0.6486486486486487,1,2,1,0,0,0,1,1,0,0,0,0,0,baixo
1,0.0,0,0.0,1,3,1,0,0,0,1,0,1,1,0,0,0,medio_baixo
6,150000.0,333,0.924924924924925,1,4,1,1,1,0,0,0,0,1,1,0,0,gratuito
4,0.0,0,0.0,1,2,1,1,1,1,1,0,1,0,0,0,0,gratuito
7,10000.0,1016,0.9645669291338582,1,6,1,0,0,0,1,1,1,1,1,0,0,alto
4,10000.0,236,0.8389830508474576,17,2,1,1,1,0,0,1,1,0,0,0,0,baixo
1,0.0,0,0.0,1,3,1,0,0,0,1,0,0,1,0,0,0,gratuito
3,0.0,0,0.0,21,4,1,0,0,0,0,1,1,1,0,0,0,gratuito
9,1500000.0,9937,0.9006742477608937,28,4,1,0,1,0,1,1,0,1,0,0,0,gratuito
1,10000.0,0,0.0,1,3,1,0,1,0,0,1,1,0,0,0,1,medio_baixo
17,750000.0,4285,0.9519253208868145,2,3,1,0,0,2,1,1,0,0,1,0,0,baixo
7,10000.0,59,0.6610169491525424,10,3,1,1,0,0,1,0,1,1,0,0,0,baixo
3,10000.0,2,0.5,1,2,1,0,0,0,1,1,0,0,0,0,0,baixo
2,10000.0,0,0.0,10,6,1,0,0,0,1,1,1,0,1,0,1,gratuito
3,150000.0,943,0.9618239660657476,2,3,1,0,0,0,1,1,1,0,0,0,0,medio_alto
1,10000.0,0,0.0,3,2,1,0,0,0,0,1,1,0,0,0,0,medio_baixo
5,35000.0,47,0.8723404255319149,6,3,1,0,0,1,1,1,1,0,0,0,0,alto
3,0.0,0,0.0,3,5,1,0,0,0,1,1,1,0,1,0,0,gratuito
1,10000.0,0,0.0,3,4,1,0,0,0,1,1,1,0,0,0,0,medio_alto
1,10000.0,5,1.0,1,3,1,0,0,1,1,1,1,0,0,0,0,medio_alto
2,10000.0,0,0.0,1,3,1,0,0,0,1,1,1,0,0,0,0,alto
2,0.0,0,0.0,0,0,1,0,0,0,0,0,0,0,0,0,0,gratuito
2,75000.0,252,0.9285714285714286,1,2,1,0,0,1,1,0,0,1,0,0,0,medio_baixo
3,10000.0,17,1.0,1,1,1,0,0,0,0,1,0,0,0,0,0,medio_alto
8,10000.0,26,0.8076923076923077,8,4,1,0,0,0,1,1,1,0,0,0,0,baixo
3,10000.0,10,0.8,38,8,1,0,1,3,1,1,1,1,1,1,1,medio_baixo
3,0.0,0,0.0,2,3,1,0,0,2,1,0,0,1,0,0,0,gratuito
3,10000.0,2,0.0,1,4,1,0,0,0,1,1,1,1,0,0,0,baixo
10,10000.0,24,0.7083333333333334,7,4,1,1,1,0,1,1,0,1,0,1,0,alto
1,0.0,0,0.0,9,1,1,1,0,0,0,0,0,0,0,0,0,gratuito
8,10000.0,9,0.7777777777777778,16,1,1,0,0,0,0,1,0,0,0,0,0,baixo
3,10000.0,1,0.0,1,3,1,0,1,0,1,1,0,1,0,0,0,medio_baixo
4,0.0,0,0.0,0,0,1,0,0,0,0,0,0,0,0,0,0,gratuito
5,10000.0,14,1.0,1,5,1,1,0,0,1,1,1,0,0,1,1,medio_alto
4,10000.0,86,0.7441860465116279,2,5,1,0,0,0,1,1,1,1,1,0,0,baixo
1,0.0,0,0.0,0,0,1,0,0,0,0,0,0,0,0,0,0,gratuito
9,10000.0,57,0.6491228070175439,3,2,1,0,0,0,1,0,1,0,0,0,0,baixo
3,10000.0,0,0.0,1,3,1,0,0,0,0,1,1,0,0,0,1,alto
4,10000.0,11,1.0,1,1,1,0,0,0,0,0,1,0,0,0,0,medio_baixo
2,10000.0,3,0.6666666666666666,3,1,1,0,0,1,0,0,0,0,0,0,1,baixo
3,35000.0,40,0.9,5,3,1,0,0,0,1,1,1,0,0,0,0,medio_alto
2,10000.0,2,0.5,6,4,1,0,0,1,1,0,0,1,0,1,1,baixo
4,10000.0,0,0.0,1,7,1,0,0,0,1,0,1,1,1,1,1,medio_alto
9,10000.0,36,0.8333333333333334,10,3,1,0,0,0,0,1,0,0,0,0,0,alto
6,10000.0,431,0.7819025522041764,3,7,1,0,0,0,1,1,1,0,1,0,1,alto
1,0.0,0,0.0,0,0,1,0,0,0,0,0,0,0,0,0,0,gratuito
10,35000.0,84,0.6190476190476191,1,5,1,0,0,0,1,1,1,1,0,1,0,baixo
3,35000.0,291,0.37800687285223367,9,4,1,1,0,0,1,0,0,1,0,1,1,baixo
4,35000.0,1,1.0,1,3,1,0,0,1,1,0,0,1,0,0,0,medio_alto
10,10000.0,14,0.6428571428571429,1,3,1,0,0,0,1,1,1,0,0,0,0,medio_baixo
4,10000.0,69,0.9420289855072463,2,2,1,0,0,0,0,1,1,0,0,0,0,medio_baixo
12,35000.0,172,0.7790697674418605,1,2,1,1,1,0,1,1,0,0,0,0,0,alto
6,10000.0,67,0.7611940298507462,1,5,1,0,0,0,1,1,1,1,0,0,1,medio_baixo
10,10000.0,12,1.0,1,2,1,0,0,0,0,0,1,1,0,0,0,medio_alto
3,0.0,0,0.0,0,0,1,0,0,0,0,0,0,0,0,0,0,gratuito
1,10000.0,0,0.0,1,1,1,0,0,0,0,0,0,1,0,0,0,medio_baixo
3,10000.0,7,0.7142857142857143,1,4,1,0,0,0,1,1,1,0,1,0,0,medio_baixo
6,10000.0,22,0.5909090909090909,7,3,1,0,0,0,1,0,0,1,0,0,1,medio_baixo
1,0.0,0,0.0,1,1,1,0,0,0,1,0,0,0,0,0,0,medio_alto
1,0.0,0,0.0,7,2,1,1,0,0,1,0,0,1,0,0,0,medio_baixo
2,0.0,0,0.0,1,4,1,1,1,0,1,0,0,0,1,0,0,gratuito
1,0.0,0,0.0,1,4,1,1,1,1,1,0,0,0,1,0,1,alto
2,10000.0,17,0.8823529411764706,1,2,1,1,0,0,0,0,0,1,0,0,0,gratuito
6,35000.0,368,0.9565217391304348,5,3,1,1,0,0,1,0,0,1,0,1,0,medio_baixo
2,10000.0,11,1.0,1,1,1,0,0,0,0,1,0,0,0,0,0,medio_baixo
4,10000.0,34,0.7941176470588235,3,4,1,0,0,0,1,1,0,1,1,0,0,alto
6,10000.0,100,0.67,2,4,1,0,0,1,1,0,1,1,1,0,0,baixo
1,0.0,0,0.0,1,2,1,0,0,0,1,0,0,1,0,0,0,medio_alto
2,10000.0,10,1.0,1,2,1,0,0,0,1,0,0,1,0,0,0,baixo
5,35000.0,5,0.6,1,2,1,0,0,0,1,1,0,0,0,0,0,medio_baixo
9,75000.0,585,0.882051282051282,13,2,1,1,0,1,1,1,0,0,0,0,0,medio_baixo
3,10000.0,5,1.0,3,2,1,0,0,0,1,0,1,0,0,0,0,medio_baixo
11,75000.0,201,0.47761194029850745,1,2,1,0,0,0,1,0,0,0,1,0,0,gratuito
7,10000.0,7,0.0,1,1,1,0,0,0,0,0,0,0,0,0,1,alto
7,10000.0,10,1.0,2,4,1,0,0,0,1,1,1,0,1,0,0,alto
2,0.0,0,0.0,1,2,1,1,0,1,0,0,1,0,0,0,0,gratuito
8,35000.0,152,0.756578947368421,1,2,1,0,0,0,1,0,0,1,0,0,0,baixo
3,0.0,0,0.0,0,0,1,0,0,0,0,0,0,0,0,0,0,gratuito
1,10000.0,0,0.0,1,3,1,0,0,0,1,1,0,0,0,0,0,gratuito
4,0.0,0,0.0,6,4,1,0,0,0,1,0,1,1,0,0,0,gratuito
2,0.0,0,0.0,0,0,1,0,0,0,0,0,0,0,0,0,0,gratuito
3,10000.0,5,0.8,1,1,1,0,0,0,0,0,0,0,0,0,0,gratuito
8,10000.0,35,0.5714285714285714,1,2,1,0,0,0,1,0,1,0,0,0,0,baixo
6,10000.0,31,0.5161290322580645,9,5,1,0,0,0,1,1,0,1,0,1,1,baixo
1,10000.0,0,0.0,1,2,1,0,0,0,0,1,0,1,0,0,0,baixo
10,350000.0,473,0.587737843551797,1,4,1,0,0,0,1,1,0,1,0,1,0,baixo
1,10000.0,0,0.0,1,5,1,0,0,0,1,1,1,1,0,1,0,medio_baixo
4,10000.0,10,0.9,14,3,1,1,0,0,1,1,1,0,0,0,0,medio_alto
1,0.0,0,0.0,1,3,1,0,0,0,1,1,0,0,0,0,1,medio_baixo
4,10000.0,8,1.0,1,3,1,1,1,0,1,1,0,1,0,0,0,baixo
7,10000.0,2,0.5,1,2,1,1,0,0,1,1,0,0,0,0,0,medio_baixo
2,10000.0,9,1.0,1,3,1,1,1,0,1,1,1,0,0,0,0,medio_alto
1,0.0,0,0.0,0,0,1,0,0,0,0,0,0,0,0,0,0,gratuito
1,0.0,0,0.0,0,0,1,0,0,0,0,0,0,0,0,0,0,gratuito
8,35000.0,8,0.875,1,1,1,0,0,0,1,0,0,0,0,0,0,baixo
2,10000.0,0,0.0,1,4,1,0,0,0,1,1,0,1,0,1,0,baixo
4,0.0,0,0.0,1,1,1,0,0,0,0,1,0,0,0,0,0,gratuito
4,35000.0,594,0.9141414141414141,1,3,1,0,0,2,1,0,0,1,0,0,1,alto
1,10000.0,37,0.8378378378378378,4,2,1,0,0,0,1,0,0,0,0,1,0,medio_alto
1,10000.0,13,0.9230769230769231,7,2,1,0,0,0,1,1,0,0,0,0,0,medio_alto
4,10000.0,16,0.75,2,2,1,0,0,0,0,1,1,0,0,0,0,medio_baixo
6,10000.0,111,0.9099099099099099,11,2,1,0,0,0,1,1,0,0,0,0,0,medio_alto
4,10000.0,58,0.7068965517241379,1,4,1,0,0,0,1,1,0,0,0,0,0,gratuito
1,0.0,0,0.0,0,0,1,0,0,0,0,0,0,0,0,0,0,gratuito
4,0.0,0,0.0,1,3,1,0,0,0,1,0,1,0,0,0,0,gratuito
9,10000.0,16,0.1875,1,4,1,0,0,0,1,1,1,0,1,0,0,medio_alto
6,10000.0,15,0.26666666666666666,1,4,1,0,0,0,1,0,1,1,0,0,1,medio_alto
5,10000.0,6,0.8333333333333334,1,4,1,0,0,1,1,1,0,1,0,0,0,gratuito
3,0.0,0,0.0,103,2,1,0,0,0,1,0,0,1,0,0,0,medio_baixo
5,10000.0,1,1.0,1,3,1,0,0,1,1,0,0,1,0,1,0,baixo
7,10000.0,32,0.3125,1,5,1,0,0,0,1,1,0,0,1,1,1,alto
2,10000.0,0,0.0,28,3,1,0,1,0,1,0,0,1,0,0,0,gratuito
4,0.0,0,0.0,3,3,1,0,0,11,1,0,0,1,0,0,0,gratuito
3,10000.0,129,0.751937984496124,2,3,1,0,0,0,0,1,0,0,1,0,0,alto
2,10000.0,6,0.8333333333333334,1,5,1,0,0,0,1,1,1,0,1,0,0,medio_alto
2,0.0,0,0.0,10,2,1,1,0,0,0,0,0,1,0,0,0,gratuito
3,10000.0,23,0.9130434782608695,10,4,1,0,0,0,0,0,1,1,1,0,1,medio_baixo
2,10000.0,77,0.8311688311688312,8,2,1,0,0,0,0,1,0,0,0,0,0,gratuito
3,10000.0,26,0.9230769230769231,2,2,1,1,0,0,1,0,1,0,0,0,0,medio_baixo
4,1500000.0,18662,0.8248312078019505,14,1,1,0,0,3,0,1,0,0,0,0,0,alto
5,10000.0,167,0.6467065868263473,7,6,1,0,0,0,1,1,1,0,0,0,1,medio_alto
8,10000.0,14,0.7142857142857143,4,4,1,0,0,0,1,0,1,1,0,1,0,medio_alto
5,35000.0,13,0.5384615384615384,1,4,1,0,0,0,0,0,0,1,1,0,0,gratuito
1,10000.0,0,0.0,1,4,1,0,0,0,1,1,1,0,0,0,0,medio_baixo
10,350000.0,2432,0.9004934210526315,7,3,1,0,0,9,0,0,0,0,0,0,1,alto
2,0.0,0,0.0,11,3,1,0,0,2,0,1,1,0,0,0,0,gratuito
5,10000.0,0,0.0,29,6,1,1,1,0,1,1,1,1,1,1,0,baixo
3,10000.0,25,0.72,1,4,1,0,0,0,1,1,0,0,0,0,0,medio_baixo
1,10000.0,0,0.0,3,3,1,0,0,0,1,0,0,1,0,1,0,baixo
8,10000.0,44,0.7954545454545454,1,2,1,0,0,0,1,1,0,0,0,0,0,gratuito
2,10000.0,72,0.9444444444444444,1,1,1,0,1,0,0,0,0,0,0,0,0,alto
4,10000.0,174,0.9885057471264368,29,2,1,0,0,0,1,0,0,1,0,0,0,baixo
1,35000.0,14,0.9285714285714286,2,3,1,0,0,0,1,1,1,0,0,0,0,baixo
9,10000.0,51,0.7254901960784313,1,2,1,1,0,0,0,1,1,0,0,0,0,gratuito
6,10000.0,6,0.6666666666666666,1,3,1,0,0,0,1,1,0,1,0,0,0,medio_baixo
2,10000.0,2,0.5,1,3,1,0,0,0,0,1,1,0,1,0,0,alto
6,10000.0,18,0.5555555555555556,1,4,1,0,0,0,1,1,1,0,0,0,1,baixo
1,0.0,0,0.0,1,5,1,1,0,0,1,0,1,1,1,0,0,gratuito
9,75000.0,531,0.839924670433145,1,4,1,1,0,1,1,0,1,0,1,1,0,medio_alto
1,10000.0,4,0.5,11,3,1,0,0,0,1,0,1,0,0,0,1,medio_baixo
3,350000.0,8505,0.9423868312757202,13,2,1,0,0,0,1,0,1,0,0,0,0,alto
2,10000.0,1,1.0,1,3,1,0,0,0,1,0,0,0,0,1,0,medio_baixo
6,350000.0,9217,0.7669523706195074,14,4,1,0,0,3,1,1,1,1,0,0,0,medio_baixo
7,350000.0,3582,0.9274148520379676,103,3,1,0,0,5,1,0,0,1,0,0,0,gratuito
8,75000.0,231,0.7835497835497836,2,7,1,0,0,3,1,0,1,1,1,1,1,gratuito
4,0.0,0,0.0,0,0,1,0,0,0,0,0,0,0,0,0,0,gratuito
8,10000.0,3,0.6666666666666666,1,5,1,0,0,0,1,1,0,0,1,0,0,medio_alto
2,10000.0,3,1.0,2,5,1,0,0,1,1,0,1,1,1,0,0,medio_alto
10,10000.0,14,0.7857142857142857,1,2,1,0,0,0,1,1,0,0,0,0,0,alto
1,0.0,0,0.0,0,0,1,0,0,0,0,0,0,0,0,0,0,gratuito
2,10000.0,15,0.8666666666666667,2,3,1,0,1,0,1,0,1,1,0,0,0,medio_baixo
8,35000.0,115,0.48695652173913045,6,2,1,0,0,0,1,1,0,0,0,0,0,medio_baixo
4,10000.0,8,1.0,1,3,1,0,0,0,1,0,1,1,0,0,0,medio_alto
1,0.0,0,0.0,30,2,1,0,0,2,0,0,0,1,0,0,0,gratuito
11,350000.0,1176,0.5068027210884354,2,3,1,1,1,0,1,1,0,0,0,0,0,gratuito
7,10000.0,6,0.16666666666666666,5,2,1,0,0,0,0,0,0,1,0,0,1,baixo
5,10000.0,14,0.8571428571428571,5,2,1,0,0,0,0,0,0,0,0,0,0,alto
3,10000.0,1,1.0,1,2,1,0,0,0,0,0,0,1,0,0,0,medio_alto
3,10000.0,11,0.45454545454545453,9,1,1,0,0,0,0,1,0,0,0,0,0,medio_alto
12,350000.0,2405,0.8806652806652807,5,4,1,1,1,0,1,1,1,0,0,0,0,medio_baixo
2,10000.0,2,0.0,1,2,1,0,0,0,0,0,1,0,1,0,0,alto
2,0.0,0,0.0,1,2,1,0,0,0,0,0,0,1,0,0,0,gratuito
1,10000.0,0,0.0,1,2,1,0,0,0,1,1,0,0,0,0,0,medio_baixo
1,10000.0,49,0.7959183673469388,9,3,1,0,0,0,1,0,0,1,0,0,1,baixo
5,10000.0,15,0.8666666666666667,1,1,1,0,0,0,0,0,0,1,0,0,0,alto
11,10000.0,19,0.5789473684210527,1,4,1,1,0,0,1,1,1,1,0,0,0,baixo
11,35000.0,637,0.7252747252747253,1,2,1,0,0,0,0,0,0,0,0,0,1,medio_baixo
1,0.0,0,0.0,1,1,1,0,0,0,0,0,1,0,0,0,0,alto
2,10000.0,3,0.6666666666666666,1,2,1,1,0,0,1,0,0,0,0,0,1,medio_alto
8,10000.0,12,0.9166666666666666,1,4,1,1,1,0,1,1,1,1,0,0,0,medio_baixo
10,150000.0,74,0.7702702702702703,3,6,1,1,1,0,1,1,1,0,0,0,1,medio_baixo
6,35000.0,43,0.8604651162790697,1,1,1,0,0,0,0,0,0,0,0,1,0,gratuito
1,10000.0,3,1.0,4,5,1,0,0,0,1,0,1,1,1,0,1,baixo
2,10000.0,4,0.5,1,2,1,0,0,0,0,0,1,1,0,0,0,medio_alto
1,0.0,0,0.0,1,3,1,0,0,1,1,0,0,1,0,0,0,gratuito
10,35000.0,72,0.8888888888888888,3,2,1,0,0,0,1,0,0,1,0,0,0,baixo
6,35000.0,10,0.7,1,5,1,0,0,0,1,0,1,1,1,1,0,medio_alto
10,350000.0,1290,0.727906976744186,4,2,1,0,0,0,0,1,0,0,0,0,1,medio_alto
1,10000.0,0,0.0,9,3,1,1,1,1,1,1,0,0,1,0,0,alto
3,35000.0,2,1.0,2,3,1,0,0,0,1,0,1,0,1,0,0,medio_alto
1,10000.0,0,0.0,1,3,1,0,0,0,1,0,1,0,0,0,0,alto
15,75000.0,192,0.453125,3,1,1,0,0,0,0,0,0,0,0,1,0,baixo
10,75000.0,293,0.8668941979522184,1,3,1,0,1,1,1,1,1,0,0,0,0,baixo
3,10000.0,3,1.0,5,3,1,0,0,0,1,0,1,0,0,0,0,baixo
4,0.0,0,0.0,1,3,1,0,0,0,1,0,0,0,0,1,0,gratuito
1,10000.0,12,0.9166666666666666,1,3,1,0,0,0,1,1,0,1,0,0,0,medio_baixo
4,10000.0,18,0.5555555555555556,1,4,1,0,0,0,1,1,1,0,1,0,0,baixo
2,10000.0,50,0.78,2,4,1,0,0,0,1,0,0,0,1,1,0,medio_alto
1,10000.0,18,0.9444444444444444,1,1,1,0,0,1,0,0,1,0,0,0,0,medio_baixo
12,10000.0,156,0.8846153846153846,2,2,1,1,1,0,0,0,1,1,0,0,0,medio_alto
2,10000.0,148,0.8581081081081081,7,2,1,1,0,0,1,0,0,1,0,0,0,baixo
2,0.0,0,0.0,1,3,1,0,0,0,1,1,0,0,0,0,0,gratuito
7,10000.0,23,0.391304347826087,4,3,1,0,0,0,1,1,0,0,0,0,0,alto
8,10000.0,2,0.0,2,4,1,0,1,0,1,0,0,0,0,0,1,baixo
4,0.0,0,0.0,0,0,1,0,0,0,0,0,0,0,0,0,0,gratuito
6,35000.0,190,0.868421052631579,1,5,1,0,0,0,1,0,0,1,1,0,1,gratuito
12,75000.0,395,0.589873417721519,2,2,1,1,0,0,1,0,0,0,0,0,0,baixo
10,150000.0,398,0.9045226130653267,3,1,1,1,1,0,0,0,0,0,0,1,0,medio_alto
9,10000.0,42,0.6428571428571429,12,3,1,0,0,0,1,1,1,0,0,0,0,medio_baixo
12,35000.0,271,0.2915129151291513,5,2,1,1,0,0,0,0,1,1,0,0,0,baixo
3,10000.0,569,0.6942003514938488,1,5,1,1,0,0,1,1,0,0,0,1,1,alto
1,10000.0,8,1.0,2,4,1,0,0,0,1,0,0,1,1,0,0,medio_alto
8,35000.0,97,0.9072164948453608,3,2,1,1,1,0,1,0,0,0,0,1,0,medio_alto
7,10000.0,28,0.7857142857142857,1,5,1,0,0,9,1,0,1,1,0,1,1,baixo
7,10000.0,7,0.14285714285714285,1,3,1,1,1,0,0,1,0,0,0,1,1,medio_baixo
6,10000.0,47,0.8297872340425532,1,3,1,0,0,0,0,1,0,0,0,1,0,baixo
1,10000.0,1,1.0,1,5,1,0,0,0,1,0,1,1,0,1,0,baixo
1,10000.0,0,0.0,10,3,1,0,1,0,1,1,0,1,0,0,0,medio_baixo
3,0.0,0,0.0,9,5,1,0,0,0,0,0,0,0,1,1,1,gratuito
6,10000.0,157,0.7898089171974523,6,1,1,0,0,0,0,1,0,0,0,0,0,medio_alto
2,10000.0,0,0.0,2,1,1,0,0,0,0,1,0,0,0,0,0,baixo
17,35000.0,105,0.7047619047619048,1,2,1,1,1,0,0,1,1,0,0,0,0,alto
3,350000.0,6987,0.8756261628739087,17,3,1,1,1,2,1,0,0,1,0,1,0,alto
1,0.0,0,0.0,1,4,1,0,0,0,1,0,1,1,0,1,0,baixo
1,0.0,0,0.0,2,1,1,0,0,0,0,0,0,0,0,0,1,medio_baixo
3,75000.0,667,0.7706146926536732,13,5,1,1,0,0,1,1,0,1,1,0,0,medio_alto
11,75000.0,185,0.7621621621621621,1,2,1,0,0,0,1,0,1,0,0,0,0,baixo
8,10000.0,22,0.8636363636363636,1,1,1,0,0,1,1,0,0,0,0,0,0,gratuito
7,10000.0,0,0.0,1,4,1,0,0,0,0,1,1,0,0,0,1,alto
1,0.0,0,0.0,0,0,1,0,0,0,0,0,0,0,0,0,0,gratuito
3,35000.0,44,0.9545454545454546,2,3,1,1,1,0,1,1,1,0,0,0,0,alto
12,10000.0,24,0.125,1,5,1,1,0,0,1,1,1,0,1,1,0,alto
1,0.0,0,0.0,1,5,1,0,0,0,0,1,1,1,0,1,0,medio_baixo
12,10000.0,29,0.6206896551724138,1,1,1,1,1,0,0,0,0,0,0,0,1,medio_alto
3,10000.0,10,0.7,2,4,1,0,0,0,1,1,1,1,0,0,0,medio_baixo
1,0.0,0,0.0,0,0,1,0,0,0,0,0,0,0,0,0,0,gratuito
9,10000.0,13,0.8461538461538461,1,3,1,0,0,0,1,1,1,0,0,0,0,medio_baixo
6,10000.0,20,0.95,1,2,1,0,0,0,0,0,1,1,0,0,0,medio_alto
7,35000.0,225,0.9244444444444444,2,2,1,0,0,2,0,0,0,0,0,0,0,gratuito
11,10000.0,174,0.764367816091954,1,3,1,0,0,1,1,1,0,1,0,0,0,baixo
12,350000.0,4647,0.9655691844200559,1,3,1,1,1,0,1,0,0,0,0,1,1,medio_alto
2,10000.0,10,1.0,8,2,1,0,0,0,1,0,0,1,0,0,0,medio_alto
1,0.0,0,0.0,1,4,1,0,0,0,1,0,0,1,0,0,1,gratuito
3,10000.0,59,0.7796610169491526,1,2,1,0,0,0,0,1,1,0,0,0,0,alto
1,10000.0,9,0.7777777777777778,2,3,1,0,0,0,1,0,0,0,0,1,0,medio_baixo
5,10000.0,0,0.0,1,3,1,0,0,0,0,1,1,1,0,0,0,medio_baixo
5,35000.0,26,0.4230769230769231,1,1,1,0,0,0,0,0,1,0,0,0,0,baixo
3,10000.0,183,0.9234972677595629,9,1,1,1,0,4,0,0,0,1,0,0,0,medio_baixo
7,10000.0,31,0.06451612903225806,28,8,1,1,1,0,1,1,1,1,1,1,1,alto
3,10000.0,5,1.0,1,1,1,1,1,0,0,0,0,1,0,0,0,baixo
6,10000.0,0,0.0,1,3,1,0,0,0,1,1,1,0,0,0,0,baixo
7,10000.0,65,0.8153846153846154,2,5,1,1,0,0,1,1,1,0,0,1,0,alto
1,0.0,0,0.0,1,5,1,0,0,0,1,0,1,1,0,0,1,gratuito
5,150000.0,1418,0.8547249647390691,1,3,1,1,1,9,1,0,0,0,1,1,0,alto
5,10000.0,1,0.0,6,4,1,0,0,0,1,1,1,0,0,1,0,medio_alto
4,10000.0,200,0.81,17,3,1,0,0,0,1,1,0,0,0,0,0,medio_baixo
2,10000.0,4,0.75,1,3,1,0,1,0,1,1,1,0,0,0,0,baixo
5,35000.0,2,1.0,1,3,1,0,0,0,1,1,1,0,0,0,0,baixo
5,75000.0,273,0.8315018315018315,3,3,1,0,0,0,1,0,1,0,1,0,0,alto
1,10000.0,1,1.0,1,4,1,0,0,0,1,1,1,1,0,0,0,medio_alto
1,0.0,0,0.0,0,0,1,0,0,0,0,0,0,0,0,0,0,gratuito
1,10000.0,0,0.0,1,2,1,1,1,0,1,0,0,1,0,0,0,baixo
9,35000.0,15,0.4,4,4,1,0,0,0,1,1,1,1,0,0,0,medio_alto
2,10000.0,2,1.0,1,3,1,0,0,0,1,1,0,0,0,1,0,baixo
4,10000.0,7,0.8571428571428571,2,4,1,0,1,0,1,1,0,0,1,1,0,alto
5,350000.0,4829,0.7713812383516256,12,2,1,0,0,16,0,1,1,0,0,0,0,medio_alto
7,10000.0,4,0.5,1,4,1,0,0,0,1,1,0,1,0,1,0,medio_alto
10,150000.0,835,0.7473053892215569,8,3,1,1,0,0,0,0,1,1,0,0,0,gratuito
8,35000.0,386,0.9222797927461139,1,3,1,1,1,0,1,0,0,1,0,0,0,gratuito
4,0.0,0,0.0,1,5,1,0,0,0,0,0,0,1,1,1,0,gratuito
14,350000.0,5833,0.7649579975998628,1,2,1,0,0,0,1,1,0,0,0,0,0,medio_alto
2,75000.0,104,0.6923076923076923,12,6,1,1,0,0,0,0,1,1,1,0,1,gratuito
3,10000.0,7,1.0,3,2,1,0,0,0,1,0,1,0,0,0,0,baixo
5,10000.0,3,1.0,1,2,1,0,0,0,1,1,0,0,0,0,0,medio_baixo
8,10000.0,5,0.6,1,1,1,0,0,0,0,0,0,1,0,0,0,baixo
2,0.0,0,0.0,2,3,1,1,1,0,1,0,1,0,0,0,0,gratuito
5,150000.0,13,0.23076923076923078,1,2,1,0,0,0,0,1,0,0,0,0,1,baixo
1,10000.0,0,0.0,3,4,1,1,0,0,1,0,0,1,1,0,1,alto
9,10000.0,1,0.0,1,5,1,0,0,0,0,1,1,0,0,0,0,alto
9,10000.0,19,0.7894736842105263,6,4,1,0,0,0,1,0,0,1,1,0,1,medio_alto
3,10000.0,0,0.0,1,4,1,0,0,0,1,0,1,1,0,1,0,medio_baixo
10,350000.0,1329,0.7659894657637322,5,2,1,1,1,0,0,1,1,0,0,0,0,medio_baixo
6,7500000.0,256188,0.9544709354068106,10,1,1,0,0,5,0,1,0,0,0,0,0,medio_alto
1,10000.0,0,0.0,2,1,1,0,0,0,0,0,0,1,0,0,0,baixo
2,10000.0,0,0.0,1,3,1,0,0,0,1,0,0,1,0,0,0,medio_alto
10,10000.0,10,0.7,1,1,1,0,0,0,0,0,0,0,0,0,0,gratuito
10,750000.0,4437,0.9695740365111561,5,1,1,1,1,0,0,0,1,0,0,0,0,medio_baixo
5,150000.0,13,0.38461538461538464,1,4,1,0,0,0,1,1,1,0,0,0,0,alto
2,10000.0,24,1.0,12,4,1,0,0,0,1,0,0,1,0,1,1,medio_alto
3,10000.0,172,0.5465116279069767,12,5,1,0,0,0,0,1,1,1,1,0,0,alto
1,0.0,0,0.0,1,5,1,0,0,0,1,1,1,1,0,0,0,medio_baixo
5,10000.0,1,0.0,1,2,1,0,0,0,0,1,1,0,0,0,0,medio_baixo
1,0.0,0,0.0,0,0,1,0,0,0,0,0,0,0,0,0,0,gratuito
5,1500000.0,14394,0.9618591079616506,29,4,1,1,1,0,1,0,0,1,0,0,1,gratuito
6,10000.0,12,1.0,2,1,1,1,0,1,0,1,0,0,0,0,0,medio_baixo
1,0.0,0,0.0,1,3,1,0,0,0,1,1,0,1,0,0,0,medio_baixo
17,1500000.0,12357,0.800841628226916,4,2,1,0,0,0,0,1,1,0,0,0,0,medio_alto
1,10000.0,0,0.0,1,5,1,0,0,0,1,0,1,1,0,1,0,alto
9,10000.0,50,0.5,1,2,1,1,0,1,1,0,1,0,0,0,0,gratuito
1,10000.0,2,1.0,1,2,1,0,0,0,0,1,0,1,0,0,0,alto
8,10000.0,47,0.6170212765957447,3,3,1,0,0,0,1,1,0,0,0,1,0,gratuito
11,35000.0,115,0.8,1,4,1,1,0,2,1,1,0,1,0,0,0,baixo
2,10000.0,18,0.7777777777777778,1,3,1,0,0,0,0,0,0,1,1,0,1,medio_baixo
1,10000.0,0,0.0,1,2,1,0,0,0,1,1,0,0,0,0,0,alto
11,10000.0,46,0.6956521739130435,2,1,1,1,1,1,0,1,0,0,0,0,0,medio_baixo
4,75000.0,1069,0.8793264733395697,4,1,1,0,0,3,0,0,1,0,0,0,0,medio_alto
6,10000.0,20,0.6,1,2,1,0,0,0,0,0,1,1,0,0,0,medio_alto
2,0.0,0,0.0,0,0,1,0,0,0,0,0,0,0,0,0,0,gratuito
2,0.0,0,0.0,0,0,1,0,0,0,0,0,0,0,0,0,0,gratuito
1,10000.0,3,1.0,8,4,1,0,0,0,1,0,0,1,0,1,1,baixo
4,35000.0,1,1.0,1,1,1,0,0,0,0,1,0,0,0,0,0,medio_alto
1,10000.0,22,1.0,1,2,1,0,1,1,1,1,0,0,0,0,0,alto
2,0.0,0,0.0,1,5,1,0,0,0,0,1,1,0,1,1,0,gratuito
1,0.0,0,0.0,4,1,1,0,0,0,0,0,0,0,1,0,0,gratuito
3,10000.0,9,0.8888888888888888,7,3,1,0,0,0,1,0,0,1,0,0,1,baixo
6,35000.0,2089,0.7970320727620871,12,3,1,1,1,1,1,1,0,0,0,0,1,medio_alto
7,150000.0,591,0.6988155668358714,2,4,1,0,0,0,1,0,0,1,0,1,0,gratuito
11,35000.0,141,0.7943262411347518,3,3,1,0,0,0,1,0,1,1,0,0,0,gratuito
6,10000.0,183,0.5136612021857924,1,1,1,0,0,0,0,0,0,0,0,0,0,medio_alto
5,10000.0,1,1.0,1,2,1,0,0,0,0,0,0,1,0,1,0,medio_baixo
13,3500000.0,88173,0.8342576525693807,9,1,1,1,0,14,0,0,0,0,0,1,0,alto
3,10000.0,20,0.3,6,1,1,0,0,1,0,0,0,0,0,0,0,alto
3,10000.0,6,1.0,1,2,1,1,0,0,1,0,0,1,0,0,0,medio_baixo
1,10000.0,0,0.0,4,4,1,0,0,0,1,1,1,0,1,0,0,alto
2,10000.0,10,1.0,3,5,1,1,1,16,1,1,1,0,0,0,1,baixo
1,10000.0,2,1.0,1,5,1,0,1,0,1,1,1,0,1,0,0,medio_alto
1,10000.0,0,0.0,1,3,1,0,0,0,1,0,0,0,0,1,0,medio_baixo
6,10000.0,5,0.2,1,2,1,0,0,0,0,1,0,0,0,0,0,alto
4,10000.0,7,1.0,1,2,1,1,1,0,1,0,0,0,1,0,0,medio_baixo
1,35000.0,81,1.0,11,1,1,0,0,1,0,1,0,0,0,0,0,alto
1,0.0,0,0.0,2,4,1,0,0,0,1,1,1,0,1,0,0,gratuito
1,10000.0,0,0.0,3,4,1,0,0,0,1,1,1,0,0,0,1,medio_alto
4,10000.0,3,1.0,1,2,1,0,0,0,1,0,1,0,0,0,0,medio_baixo
2,10000.0,0,0.0,1,2,1,0,0,3,1,0,1,0,0,0,0,alto
9,10000.0,1,0.0,1,1,1,0,0,0,0,1,0,0,0,0,0,medio_baixo
7,10000.0,108,0.75,2,2,1,0,0,0,1,0,0,0,1,0,0,medio_alto
2,0.0,0,0.0,1,4,1,0,0,0,1,1,1,1,0,0,0,gratuito
2,10000.0,6,1.0,1,4,1,1,1,0,1,1,0,1,0,0,1,baixo
1,10000.0,223,0.8430493273542601,7,5,1,1,0,0,1,0,1,1,1,0,1,medio_alto
1,10000.0,3,1.0,12,6,1,0,0,0,1,0,1,1,1,1,1,alto
1,0.0,0,0.0,0,0,1,0,0,0,0,0,0,0,0,0,0,gratuito
5,10000.0,0,0.0,1,3,1,0,0,1,1,0,0,1,0,0,1,medio_alto
2,35000.0,5,1.0,2,3,1,0,0,0,1,0,0,1,0,0,1,medio_baixo
8,10000.0,700,0.99,2,1,1,1,1,0,0,0,1,0,0,0,0,medio_alto
6,10000.0,251,0.8326693227091634,7,4,1,1,1,1,1,0,1,0,1,1,0,medio_alto
7,10000.0,28,0.35714285714285715,1,4,1,0,0,0,1,1,1,0,0,0,1,baixo
4,10000.0,4,1.0,5,2,1,0,0,0,1,0,0,1,0,0,0,baixo
2,10000.0,100,0.98,2,3,1,1,1,2,0,1,0,0,1,1,0,alto
3,10000.0,7,1.0,5,3,1,0,0,0,1,1,0,1,0,0,0,baixo
10,10000.0,38,0.21052631578947367,1,3,1,0,0,0,1,0,0,0,0,0,1,medio_alto
3,0.0,0,0.0,0,0,1,0,0,0,0,0,0,0,0,0,0,gratuito
10,3500000.0,7123,0.8861434788712621,5,3,1,1,0,0,1,0,1,1,0,0,0,baixo
7,10000.0,15,0.4,2,3,1,0,0,0,1,0,0,0,0,0,1,baixo
3,10000.0,38,0.9210526315789473,2,5,1,0,0,0,0,1,1,1,1,0,1,alto
1,10000.0,16,0.9375,2,1,1,0,0,0,0,0,0,1,0,0,0,medio_alto
8,350000.0,761,0.8922470433639947,2,2,1,1,1,1,1,0,1,0,0,0,0,alto
2,0.0,0,0.0,1,4,1,0,0,0,1,1,1,0,0,0,0,gratuito
17,1500000.0,2459,0.7043513623424156,1,1,1,0,0,0,0,1,0,0,0,0,0,gratuito
1,10000.0,0,0.0,2,4,1,0,0,0,1,0,0,1,1,0,0,alto
12,3500000.0,80036,0.8777799990004498,4,2,1,0,0,36,0,0,0,0,1,0,0,alto
5,10000.0,2,1.0,1,3,1,0,0,1,1,0,1,0,1,0,0,baixo
6,10000.0,0,0.0,1,2,1,0,0,0,1,1,0,0,0,0,0,alto
1,10000.0,0,0.0,1,3,1,0,0,0,1,1,0,1,0,0,0,baixo
5,750000.0,11962,0.760909546898512,7,1,1,1,1,1,0,0,0,0,0,1,0,alto
17,10000.0,174,0.8735632183908046,4,1,1,0,0,0,0,0,0,0,0,1,0,medio_baixo
2,10000.0,14,0.9285714285714286,2,8,1,0,0,0,1,1,1,1,1,1,1,baixo
1,10000.0,0,0.0,3,2,1,0,0,0,1,0,1,0,0,0,0,medio_alto
3,35000.0,944,0.760593220338983,9,2,1,0,0,1,1,0,1,0,0,0,0,alto
2,0.0,0,0.0,1,4,1,0,0,0,1,0,1,0,0,1,0,gratuito
1,10000.0,3,1.0,1,5,1,0,0,0,1,1,1,0,1,0,0,alto
3,0.0,0,0.0,22,3,1,0,0,12,0,0,0,1,0,0,1,gratuito
9,1500000.0,42277,0.9411027272512241,10,3,1,0,0,5,1,1,1,0,0,0,0,alto
4,10000.0,9,0.8888888888888888,1,1,1,0,0,0,1,0,0,0,0,0,0,gratuito
6,10000.0,6,1.0,1,2,1,0,0,1,1,1,0,0,0,0,0,alto
7,10000.0,15,0.8666666666666667,1,3,1,1,0,0,1,1,1,0,0,0,0,medio_baixo
6,10000.0,18,0.6666666666666666,2,2,1,0,0,0,0,1,0,0,0,0,0,gratuito
5,75000.0,9,0.8888888888888888,2,3,1,0,0,0,1,0,1,1,0,0,0,baixo
5,10000.0,12,0.9166666666666666,1,2,1,0,0,0,1,0,0,1,0,0,0,medio_baixo
1,0.0,0,0.0,0,0,1,0,0,0,0,0,0,0,0,0,0,gratuito
8,75000.0,542,0.7730627306273062,103,1,1,0,0,2,0,1,0,0,0,0,0,baixo
2,10000.0,1,1.0,1,3,1,0,0,0,1,1,1,0,0,0,0,baixo
6,10000.0,0,0.0,2,1,1,0,0,0,1,0,0,0,0,0,0,baixo
6,10000.0,0,0.0,1,3,1,0,0,2,0,0,1,0,0,0,0,alto
4,0.0,0,0.0,1,3,1,0,0,0,1,1,0,0,0,0,0,gratuito
7,75000.0,894,0.5480984340044742,2,5,1,0,0,0,0,1,1,0,1,0,1,medio_alto
1,10000.0,0,0.0,2,2,1,1,1,0,1,0,1,0,0,0,0,alto
2,10000.0,34,0.9117647058823529,1,1,1,0,0,3,0,1,0,0,0,0,0,baixo
5,10000.0,0,0.0,2,1,1,0,0,0,0,0,0,1,0,0,0,medio_alto
14,350000.0,2339,0.8790081231295426,1,2,1,1,1,1,1,1,0,0,0,0,0,alto
3,0.0,0,0.0,2,2,1,0,0,0,1,0,1,0,0,0,0,gratuito
5,0.0,0,0.0,0,0,1,0,0,0,0,0,0,0,0,0,0,gratuito
7,10000.0,28,0.7142857142857143,1,3,1,0,0,0,1,1,0,0,0,0,1,medio_baixo
7,1500000.0,27627,0.9034640026061461,13,4,1,1,1,2,1,0,0,1,0,1,1,alto
3,150000.0,2081,0.6895723209995195,10,4,1,0,0,0,0,1,1,0,0,0,1,baixo
5,10000.0,5,0.4,3,3,1,0,0,0,1,0,1,1,0,0,0,baixo
4,10000.0,121,0.5289256198347108,4,7,1,0,0,0,1,1,1,1,1,1,1,medio_baixo
3,10000.0,3,0.3333333333333333,2,3,1,0,0,0,0,0,1,1,0,1,0,medio_alto
2,0.0,0,0.0,1,4,1,0,0,0,1,1,1,0,1,0,0,gratuito
3,10000.0,0,0.0,1,2,1,0,0,2,1,0,0,1,0,0,0,baixo
3,10000.0,0,0.0,4,3,1,0,0,0,1,1,1,0,0,0,0,alto
3,10000.0,4,0.75,1,2,1,0,0,0,1,0,0,1,0,0,0,baixo
1,0.0,0,0.0,1,1,1,0,0,0,1,0,0,0,0,0,0,gratuito
5,75000.0,6,0.8333333333333334,3,4,1,0,0,0,1,1,1,0,1,0,0,medio_baixo
11,150000.0,251,0.5976095617529881,1,4,1,0,0,1,1,1,1,0,1,0,0,baixo
4,10000.0,2,0.5,1,3,1,0,0,0,1,0,1,1,0,0,0,alto
8,10000.0,13,0.23076923076923078,2,3,1,0,0,0,1,0,1,1,0,0,0,alto
2,10000.0,3,1.0,1,2,1,0,0,0,1,0,0,1,0,0,0,medio_baixo
5,10000.0,0,0.0,11,1,1,1,0,0,0,0,0,1,0,0,0,gratuito
7,35000.0,64,0.75,1,3,1,0,0,0,1,0,0,1,0,0,0,gratuito
3,0.0,0,0.0,2,2,1,0,0,0,0,0,0,0,1,0,0,gratuito
3,10000.0,22,0.6363636363636364,9,2,1,0,0,0,0,1,1,0,0,0,0,medio_baixo
1,10000.0,61,0.639344262295082,1,2,1,0,0,0,1,0,1,0,0,0,0,baixo
5,10000.0,137,0.8832116788321168,1,5,1,0,0,0,0,0,0,0,0,0,0,alto
9,35000.0,78,0.7051282051282052,1,4,1,0,0,0,1,1,0,0,1,1,0,medio_alto
2,75000.0,24,0.9583333333333334,3,2,1,0,0,0,1,0,0,0,0,1,0,medio_baixo
2,10000.0,33,0.8787878787878788,9,5,1,1,0,2,1,0,0,1,0,1,0,medio_alto
1,0.0,0,0.0,1,3,1,0,0,0,1,0,0,0,0,0,1,gratuito
2,75000.0,10,1.0,1,2,1,0,0,0,1,1,0,0,0,0,0,medio_alto
1,0.0,0,0.0,0,0,1,0,0,0,0,0,0,0,0,0,0,gratuito
9,10000.0,8,0.5,1,3,1,0,0,0,1,0,0,1,0,0,0,alto
11,350000.0,2323,0.3981919931123547,8,1,1,0,0,1,0,0,0,0,0,0,1,medio_baixo
1,10000.0,0,0.0,2,2,1,1,0,2,1,0,0,1,0,0,0,medio_baixo
2,10000.0,5,1.0,4,2,1,0,0,0,0,0,0,1,0,1,0,baixo
3,10000.0,17,0.9411764705882353,8,1,1,0,0,0,0,0,1,0,0,0,0,baixo
1,0.0,0,0.0,0,0,1,0,0,0,0,0,0,0,0,0,0,gratuito
1,10000.0,2,1.0,1,3,1,0,0,0,1,1,1,0,0,0,0,medio_alto
8,10000.0,16,0.4375,1,1,1,0,0,0,0,0,0,0,0,0,1,alto
3,10000.0,1,1.0,6,3,1,0,0,0,1,0,0,0,0,0,0,baixo
4,10000.0,2,1.0,4,3,1,0,0,0,1,0,1,0,0,0,1,baixo
10,35000.0,21,0.47619047619047616,1,5,1,0,0,0,1,1,1,0,1,0,0,baixo
10,750000.0,441,0.562358276643991,1,1,1,0,0,0,0,0,0,1,0,0,0,baixo
4,0.0,0,0.0,0,0,1,0,0,0,0,0,0,0,0,0,0,gratuito
8,0.0,0,0.0,3,3,1,0,0,0,1,0,0,0,0,0,1,alto
2,10000.0,41,0.926829268292683,11,3,1,0,0,0,1,0,1,1,0,0,0,baixo
2,0.0,0,0.0,1,3,1,0,0,0,1,0,0,1,0,0,0,gratuito
3,10000.0,4,1.0,7,2,1,0,0,0,1,0,0,1,0,0,0,medio_baixo
12,10000.0,113,0.6106194690265486,7,2,1,0,0,0,1,0,1,0,0,0,0,baixo
6,10000.0,118,0.6864406779661016,1,3,1,1,1,0,1,0,0,0,1,0,0,alto
1,10000.0,0,0.0,16,4,1,0,0,1,1,1,1,1,0,0,0,alto
13,750000.0,1656,0.7705314009661836,7,3,1,1,1,4,1,1,0,0,0,0,1,medio_alto
4,0.0,0,0.0,1,4,1,0,0,0,1,0,0,1,1,0,0,gratuito
9,10000.0,81,0.654320987654321,1,1,1,0,0,0,0,0,0,0,0,1,0,alto
8,75000.0,266,0.5338345864661654,10,3,1,0,0,0,1,0,1,1,0,0,0,medio_baixo
7,35000.0,420,0.6619047619047619,4,2,1,0,0,0,0,1,0,0,1,0,0,alto
1,10000.0,1,1.0,1,1,1,0,1,0,0,0,0,0,0,1,0,alto
5,10000.0,35,0.7714285714285715,8,3,1,0,0,0,1,0,0,1,0,0,1,baixo
3,10000.0,13,0.8461538461538461,1,1,1,0,0,0,0,0,0,0,0,0,1,gratuito
2,10000.0,341,0.9149560117302052,2,7,1,1,0,0,1,1,1,1,1,1,1,alto
6,75000.0,160,0.85625,1,4,1,0,0,0,1,0,1,1,0,0,0,gratuito
2,0.0,0,0.0,103,3,1,0,0,0,0,0,0,1,0,0,1,gratuito
3,10000.0,2,1.0,1,2,1,0,0,0,0,0,0,0,1,1,0,alto
18,10000.0,6,0.8333333333333334,1,1,1,0,0,0,0,0,0,0,0,0,0,gratuito
6,75000.0,399,0.8345864661654135,2,3,1,1,0,0,1,1,0,0,0,0,0,gratuito
2,10000.0,0,0.0,7,1,1,0,0,0,0,0,0,0,0,0,1,alto
8,35000.0,114,0.6228070175438597,4,3,1,1,0,0,1,0,1,0,1,0,0,medio_baixo
7,10000.0,11,1.0,1,1,1,0,0,0,0,1,0,0,0,0,0,gratuito
2,10000.0,6,1.0,1,3,1,0,1,0,1,0,0,0,1,1,0,medio_baixo
6,10000.0,5,1.0,1,2,1,0,0,0,1,1,0,0,0,0,0,medio_alto
4,35000.0,203,0.7931034482758621,10,5,1,0,0,0,1,0,1,1,0,0,1,medio_baixo
2,10000.0,23,0.7391304347826086,1,4,1,1,0,0,0,0,0,1,0,0,1,alto
1,10000.0,0,0.0,1,5,1,0,0,0,1,1,0,1,0,0,1,alto
1,10000.0,0,0.0,1,3,1,1,1,0,1,1,0,1,0,0,0,medio_alto
2,10000.0,11,0.9090909090909091,5,2,1,0,1,0,1,1,0,0,0,0,0,baixo
11,35000.0,123,0.5934959349593496,1,2,1,0,0,0,1,0,0,0,0,1,0,baixo
4,0.0,0,0.0,0,0,1,0,0,0,0,0,0,0,0,0,0,gratuito
1,0.0,0,0.0,8,3,1,1,0,0,1,0,0,1,0,1,0,medio_alto
4,10000.0,3,1.0,1,5,1,0,0,0,1,1,1,1,1,0,0,medio_baixo
23,7500000.0,7102,0.9031258800337933,5,1,1,1,1,0,0,1,0,0,0,0,0,baixo
2,10000.0,5,1.0,1,1,1,0,0,0,0,0,1,0,0,0,0,alto
6,10000.0,412,0.9296116504854369,1,3,1,0,0,0,0,0,0,1,1,0,1,medio_baixo
2,10000.0,6,1.0,1,1,1,0,0,0,0,0,0,0,0,0,0,medio_baixo
3,0.0,0,0.0,0,0,1,0,0,0,0,0,0,0,0,0,0,gratuito
1,10000.0,0,0.0,2,1,1,0,0,0,0,0,0,1,0,0,0,medio_baixo
2,10000.0,0,0.0,11,1,1,0,0,0,0,0,0,0,1,0,0,baixo
5,10000.0,7,0.8571428571428571,2,5,1,0,0,0,1,1,1,0,1,0,0,medio_baixo
7,350000.0,13538,0.5486777958339489,9,4,1,0,0,18,1,0,0,0,0,0,1,alto
8,150000.0,975,0.6523076923076923,10,2,1,0,0,0,1,1,0,0,0,0,0,medio_alto
8,10000.0,9,0.7777777777777778,1,2,1,0,0,0,1,0,0,1,0,0,0,medio_baixo
3,35000.0,18,1.0,2,2,1,0,1,1,1,1,0,0,0,0,0,medio_alto
6,10000.0,193,0.7875647668393783,1,1,1,0,0,0,0,0,0,0,0,0,1,medio_alto
2,10000.0,26,0.9230769230769231,3,2,1,1,0,1,0,0,0,1,0,1,0,gratuito
2,10000.0,9,1.0,4,2,1,0,0,0,0,0,0,1,0,0,0,baixo
1,10000.0,0,0.0,1,4,1,0,0,1,1,1,0,1,0,0,0,baixo
6,10000.0,343,0.8688046647230321,8,7,1,0,0,0,1,0,1,1,1,0,1,alto
3,10000.0,0,0.0,1,3,1,1,1,0,1,0,1,0,1,0,0,alto
3,35000.0,26,0.6538461538461539,1,2,1,0,0,0,1,0,0,0,0,0,0,medio_alto
4,10000.0,3,0.6666666666666666,1,2,1,0,0,0,1,0,0,0,0,0,1,baixo
7,75000.0,934,0.7430406852248393,9,1,1,0,0,2,0,1,0,0,0,0,0,medio_alto
1,10000.0,0,0.0,5,1,1,0,0,0,0,0,0,1,0,0,0,medio_alto
3,10000.0,37,0.8378378378378378,1,4,1,0,1,0,1,0,0,0,0,1,1,alto
4,10000.0,26,0.7307692307692307,7,4,1,0,0,0,1,1,0,1,0,0,0,baixo
3,10000.0,46,0.9782608695652174,4,3,1,1,1,1,1,0,1,1,0,0,0,medio_alto
2,10000.0,3,1.0,10,3,1,0,1,0,1,1,1,0,0,0,0,baixo
4,10000.0,0,0.0,1,2,1,1,1,3,0,0,0,1,0,0,1,alto
3,10000.0,68,0.9852941176470589,1,3,1,0,1,0,1,1,1,0,0,0,0,medio_alto
7,10000.0,24,0.875,11,3,1,1,1,0,1,0,1,1,0,0,0,baixo
1,10000.0,0,0.0,1,3,1,0,0,0,1,1,0,0,0,0,0,baixo
6,10000.0,59,0.847457627118644,1,4,1,0,0,0,1,1,0,1,0,0,0,gratuito
10,10000.0,1,1.0,1,3,1,0,0,0,0,1,1,0,0,1,0,medio_alto
6,10000.0,26,0.7692307692307693,2,1,1,0,0,0,1,0,0,0,0,0,0,medio_baixo
10,350000.0,3680,0.9309782608695653,11,3,1,1,1,1,1,1,0,0,0,1,0,baixo
6,10000.0,5,0.8,1,2,1,1,0,0,1,1,0,0,0,0,0,medio_alto
2,10000.0,1,1.0,1,1,1,0,0,0,1,0,0,0,0,0,0,alto
2,10000.0,2,0.5,1,4,1,0,0,0,1,0,0,1,0,1,1,medio_baixo
9,10000.0,67,0.8955223880597015,1,4,1,0,0,0,1,0,1,1,0,0,1,baixo
7,10000.0,3,0.6666666666666666,1,3,1,0,0,1,1,0,1,1,0,0,0,medio_baixo
2,0.0,0,0.0,0,0,1,0,0,0,0,0,0,0,0,0,0,gratuito
6,10000.0,14,0.7857142857142857,16,2,1,0,0,0,1,1,0,0,0,0,0,baixo
1,10000.0,0,0.0,1,7,1,0,0,0,1,1,0,1,0,1,1,baixo
6,10000.0,10,0.9,1,3,1,1,1,0,1,1,0,1,0,0,0,gratuito
3,75000.0,1374,0.7998544395924309,13,1,1,1,0,2,0,0,1,0,0,0,0,alto
7,75000.0,305,0.9606557377049181,27,3,1,1,0,2,1,1,0,1,0,0,0,medio_baixo
2,10000.0,10,0.9,1,2,1,0,0,0,1,0,0,1,0,0,0,medio_alto
8,10000.0,2,0.0,1,2,1,0,0,0,1,0,0,1,0,0,0,gratuito
3,10000.0,3,1.0,3,6,1,0,0,0,1,1,1,1,1,0,1,alto
2,10000.0,0,0.0,1,3,1,0,1,0,1,0,0,1,0,0,0,alto
2,0.0,0,0.0,103,9,1,1,1,0,1,1,1,1,1,1,1,alto
8,75000.0,21,0.6666666666666666,9,3,1,0,0,0,1,1,0,1,0,0,0,alto
2,75000.0,337,0.8219584569732937,9,3,1,0,0,0,1,1,1,0,0,0,0,alto
1,10000.0,0,0.0,3,3,1,0,0,0,1,1,1,0,0,0,0,medio_alto
1,10000.0,0,0.0,1,4,1,0,0,0,1,1,0,0,1,0,0,medio_alto
5,10000.0,37,0.7027027027027027,1,4,1,0,0,0,1,0,0,1,0,1,1,medio_alto
2,0.0,0,0.0,0,0,1,0,0,0,0,0,0,0,0,0,0,gratuito
11,35000.0,365,0.873972602739726,11,2,1,1,1,0,0,0,0,1,0,0,1,baixo
10,35000.0,220,0.6227272727272727,4,2,1,1,0,0,1,0,0,1,0,0,0,baixo
10,350000.0,7743,0.9665504326488441,14,2,1,1,0,0,1,0,1,0,0,0,0,medio_baixo
2,35000.0,292,0.8767123287671232,1,2,1,0,0,0,0,0,0,0,1,0,1,medio_baixo
3,0.0,0,0.0,0,0,1,0,0,0,0,0,0,0,0,0,0,gratuito
9,75000.0,424,0.7570754716981132,1,6,1,1,1,0,1,1,0,0,1,0,0,gratuito
11,350000.0,2082,0.9236311239193083,11,2,1,1,1,1,1,1,0,0,0,0,0,alto
2,35000.0,16,0.75,1,3,1,0,1,1,1,0,0,0,0,1,1,medio_baixo
3,10000.0,19,0.9473684210526315,2,4,1,0,0,0,1,1,0,1,0,0,0,medio_alto
6,10000.0,3,1.0,1,1,1,0,0,0,1,0,0,0,0,0,0,baixo
3,10000.0,3,1.0,1,3,1,0,0,0,1,0,0,1,0,0,1,baixo
2,10000.0,100,0.98,11,3,1,0,0,0,1,1,0,0,0,0,0,medio_alto
3,0.0,0,0.0,1,4,1,1,0,0,0,0,0,1,0,0,1,gratuito
3,35000.0,1072,0.9692164179104478,13,3,1,1,1,2,1,0,1,0,1,0,0,alto
4,10000.0,17,0.7058823529411765,2,1,1,0,0,0,1,0,0,0,0,0,0,gratuito
4,10000.0,20,0.5,1,1,1,0,0,0,0,0,0,0,0,0,0,alto
1,10000.0,1,1.0,1,3,1,1,0,0,0,0,1,1,0,1,0,alto
5,10000.0,4,0.25,9,3,1,0,0,0,1,1,1,0,0,0,0,alto
1,0.0,0,0.0,6,3,1,0,0,0,1,0,1,0,0,0,1,medio_alto
1,0.0,0,0.0,1,4,1,0,1,1,1,0,0,1,0,0,1,gratuito
9,75000.0,319,0.3730407523510972,1,4,1,0,0,0,0,0,0,1,1,0,0,gratuito
3,10000.0,0,0.0,1,3,1,1,1,0,1,0,1,1,0,0,0,baixo
17,75000.0,3,0.0,1,4,1,0,0,0,1,1,0,1,0,0,1,medio_alto
5,350000.0,44,0.9318181818181818,1,2,1,0,0,1,1,1,0,0,0,0,0,baixo
7,10000.0,0,0.0,1,2,1,0,0,0,1,0,0,0,1,0,0,medio_baixo
1,10000.0,0,0.0,1,4,1,0,0,0,1,0,1,0,1,0,0,alto
2,10000.0,0,0.0,1,4,1,1,1,0,1,0,1,1,0,0,0,alto
17,35000.0,162,0.49382716049382713,1,2,1,1,1,0,0,1,1,0,0,0,0,alto
5,35000.0,20,0.8,3,5,1,0,0,0,1,0,1,1,0,1,1,medio_alto
2,150000.0,1809,0.6860143725815367,10,5,1,0,1,0,0,1,1,1,1,0,0,alto
1,10000.0,9,1.0,9,4,1,0,0,0,1,0,0,1,1,0,1,medio_alto
2,75000.0,22,0.8181818181818182,4,2,1,0,0,0,1,0,0,0,0,1,0,medio_baixo
2,0.0,0,0.0,103,1,1,0,0,0,0,0,0,1,0,0,0,baixo
8,10000.0,3,0.6666666666666666,1,4,1,0,0,0,1,1,1,0,0,0,0,baixo
1,10000.0,0,0.0,1,2,1,0,0,1,0,1,1,0,0,0,0,alto
18,10000.0,160,0.8875,1,2,1,0,0,0,0,0,0,1,0,0,1,alto
4,10000.0,0,0.0,14,3,1,0,0,0,0,0,0,1,1,0,1,medio_alto
5,150000.0,505,0.9108910891089109,11,3,1,1,0,1,1,1,1,0,0,0,0,alto
2,10000.0,13,0.8461538461538461,1,4,1,0,0,0,1,0,1,0,0,1,0,gratuito
20,75000.0,268,0.8805970149253731,1,1,1,0,0,0,0,0,0,1,0,0,0,baixo
4,10000.0,0,0.0,8,1,1,0,0,0,0,0,0,0,0,1,0,medio_baixo
6,10000.0,0,0.0,29,3,1,0,0,1,1,0,0,1,0,1,0,baixo
3,10000.0,20,0.95,1,4,1,0,0,0,0,0,0,0,0,0,1,alto
7,10000.0,12,0.5833333333333334,1,3,1,0,0,0,1,1,1,0,0,0,0,alto
1,0.0,0,0.0,1,4,1,0,0,0,1,0,0,0,0,0,1,gratuito
1,35000.0,12,0.5833333333333334,10,2,1,0,0,0,1,0,0,1,0,0,0,baixo
8,35000.0,133,0.6541353383458647,2,5,1,0,0,0,1,1,1,0,1,0,0,baixo
6,10000.0,21,0.7142857142857143,2,1,1,0,0,0,0,1,0,0,0,0,0,gratuito
2,10000.0,16,0.375,1,2,1,0,0,0,0,1,0,0,0,0,0,gratuito
4,0.0,0,0.0,0,0,1,0,0,0,0,0,0,0,0,0,0,gratuito
2,10000.0,8,0.875,2,3,1,0,0,0,1,1,1,0,0,0,0,medio_baixo
9,10000.0,79,0.5569620253164557,2,1,1,0,0,0,0,0,1,0,0,0,0,alto
1,0.0,0,0.0,1,4,1,0,0,0,1,0,1,1,0,0,0,gratuito
3,10000.0,0,0.0,1,2,1,0,0,0,0,1,1,0,0,0,0,alto
4,10000.0,5,1.0,1,1,1,0,0,0,0,1,0,0,0,0,0,medio_alto
7,10000.0,19,0.631578947368421,1,3,1,0,0,0,1,0,0,1,0,1,0,alto
3,10000.0,11,0.5454545454545454,1,4,1,0,0,0,1,1,1,0,0,0,0,gratuito
1,10000.0,65,0.9846153846153847,11,4,1,0,0,0,0,0,1,0,1,1,1,medio_baixo
8,10000.0,0,0.0,1,2,1,0,0,0,1,0,1,0,0,0,0,baixo
3,10000.0,70,0.8,2,3,1,0,0,0,1,1,1,0,0,0,0,gratuito
10,150000.0,1753,0.9537934968625214,1,1,1,1,1,0,1,0,0,0,0,0,0,alto
12,150000.0,121,0.5371900826446281,14,2,1,1,1,0,1,0,1,0,0,0,0,medio_baixo
1,10000.0,0,0.0,1,4,1,0,0,0,1,0,1,1,0,0,1,baixo
1,0.0,0,0.0,1,5,1,0,0,0,1,1,1,0,1,0,0,gratuito
2,10000.0,2,0.5,1,2,1,0,0,0,0,0,0,1,1,0,0,alto
15,3500000.0,27715,0.8836731012087318,9,2,1,1,1,2,1,1,0,0,0,0,0,medio_baixo
2,0.0,0,0.0,0,0,1,0,0,0,0,0,0,0,0,0,0,gratuito
7,10000.0,31,0.8709677419354839,4,4,1,0,0,0,1,0,0,1,0,1,1,alto
1,0.0,0,0.0,1,2,1,0,0,0,0,1,0,0,0,0,0,gratuito
1,0.0,0,0.0,1,3,1,0,0,6,1,0,0,0,1,0,0,gratuito
2,0.0,0,0.0,2,2,1,0,0,0,1,0,0,0,0,0,0,gratuito
10,10000.0,66,0.6818181818181818,1,3,1,1,1,1,1,0,0,0,1,0,1,medio_alto
1,0.0,0,0.0,1,2,1,0,0,0,1,0,1,0,0,0,0,baixo
8,35000.0,32,0.875,2,1,1,0,0,0,0,0,1,0,0,0,0,baixo
1,0.0,0,0.0,0,0,1,0,0,0,0,0,0,0,0,0,0,gratuito
1,10000.0,311,0.8971061093247589,2,4,1,0,0,0,1,1,1,0,1,0,0,medio_alto
1,10000.0,2,1.0,1,3,1,0,0,0,1,1,1,0,0,0,0,baixo
7,75000.0,2392,0.9306020066889632,6,1,1,0,0,31,0,1,0,0,0,0,0,alto
5,75000.0,12,1.0,1,5,1,0,0,0,1,1,1,0,1,1,0,medio_baixo
1,10000.0,0,0.0,1,2,1,0,0,0,1,0,0,0,0,0,0,gratuito
2,0.0,0,0.0,1,4,1,1,0,0,1,0,1,0,1,0,0,gratuito
1,0.0,0,0.0,5,4,1,1,0,1,1,1,0,1,0,0,0,gratuito
2,0.0,0,0.0,1,3,1,0,0,1,1,0,0,0,0,0,1,gratuito
3,10000.0,1,1.0,1,3,1,0,0,0,1,0,1,1,0,0,0,alto
4,10000.0,14,1.0,1,4,1,0,0,0,1,0,1,1,1,0,0,gratuito
3,350000.0,4101,0.8980736405754693,13,3,1,1,1,1,1,1,0,0,1,0,0,medio_baixo
2,0.0,0,0.0,0,0,1,0,0,0,0,0,0,0,0,0,0,gratuito
2,0.0,0,0.0,0,0,1,0,0,0,0,0,0,0,0,0,0,gratuito
11,150000.0,116,0.5775862068965517,2,1,1,0,0,0,0,0,0,0,0,1,0,baixo
7,35000.0,2,0.5,1,2,1,1,1,0,1,1,0,0,0,0,0,medio_baixo
5,75000.0,233,0.8454935622317596,12,3,1,1,0,0,1,0,1,1,0,0,0,medio_baixo
1,0.0,0,0.0,103,2,1,0,0,1,1,0,1,0,0,0,0,medio_baixo
5,10000.0,0,0.0,1,5,1,0,0,0,1,0,1,0,1,0,0,gratuito
5,35000.0,4,0.75,1,3,1,1,1,0,1,0,0,1,0,1,0,baixo
3,10000.0,1,0.0,1,3,1,0,0,0,0,1,0,1,0,0,0,medio_baixo
2,10000.0,33,1.0,9,4,1,0,1,0,1,0,0,1,0,1,1,medio_baixo
2,10000.0,7,0.5714285714285714,2,1,1,0,0,0,0,1,0,0,0,0,0,baixo
2,10000.0,102,0.8235294117647058,3,4,1,0,0,0,1,0,1,0,1,0,0,alto
5,35000.0,456,0.7324561403508771,2,3,1,0,0,1,0,0,0,0,1,1,1,alto
1,75000.0,2669,0.7426002248032971,10,3,1,1,0,0,0,0,0,0,0,1,1,alto
10,3500000.0,36740,0.9397114861186717,19,5,1,1,1,3,1,1,0,1,0,0,0,medio_baixo
7,35000.0,10,0.8,2,1,1,0,0,0,0,0,1,0,0,0,0,gratuito
1,10000.0,0,0.0,2,3,1,0,0,0,0,1,0,0,0,0,0,alto
4,0.0,0,0.0,0,0,1,0,0,0,0,0,0,0,0,0,0,gratuito
11,10000.0,27,0.48148148148148145,6,2,1,0,0,0,1,0,1,0,0,0,0,alto
2,10000.0,80,0.825,8,1,1,1,0,0,1,0,0,0,0,0,0,alto
2,0.0,0,0.0,0,0,1,0,0,0,0,0,0,0,0,0,0,gratuito
11,35000.0,1100,0.5745454545454546,1,2,1,1,1,1,1,0,0,0,0,0,0,baixo
5,0.0,0,0.0,3,3,1,0,0,0,1,0,0,0,0,1,0,gratuito
1,0.0,0,0.0,0,0,1,0,0,0,0,0,0,0,0,0,0,gratuito
3,10000.0,1,1.0,1,2,1,0,0,0,0,0,0,1,0,1,0,baixo
4,35000.0,423,0.6430260047281324,1,4,1,0,0,0,1,1,1,0,1,0,0,alto
7,10000.0,1,0.0,1,5,1,0,0,0,1,1,1,1,1,0,0,medio_alto
2,10000.0,49,0.9387755102040817,10,2,1,0,1,0,1,0,0,1,0,0,0,medio_baixo
2,10000.0,4,0.5,7,5,1,0,0,0,1,1,1,1,1,0,0,medio_alto
1,0.0,0,0.0,27,6,1,0,0,0,1,1,1,0,1,1,0,medio_baixo
10,10000.0,1,1.0,1,4,1,0,0,0,1,1,0,1,0,0,0,gratuito
8,10000.0,7,0.8571428571428571,1,2,1,0,0,0,0,0,1,1,0,0,0,medio_baixo
5,10000.0,6,0.8333333333333334,1,1,1,1,1,0,0,0,0,1,0,0,0,medio_baixo
5,10000.0,0,0.0,1,2,1,0,0,0,1,0,0,1,0,0,0,baixo
4,35000.0,183,0.9562841530054644,1,4,1,0,0,0,1,1,0,1,0,0,1,alto
2,10000.0,3,1.0,4,1,1,0,0,0,0,0,0,0,0,1,0,medio_baixo
2,0.0,0,0.0,0,0,1,0,0,0,0,0,0,0,0,0,0,gratuito
1,10000.0,2,1.0,11,1,1,0,1,0,0,0,0,1,0,0,0,baixo
4,750000.0,24480,0.9066993464052288,12,2,1,0,0,3,0,1,1,0,0,0,0,alto
6,10000.0,24,0.8333333333333334,11,2,1,0,0,0,1,0,1,0,0,0,0,alto
3,10000.0,6,1.0,1,2,1,0,0,0,0,0,0,1,0,0,0,medio_baixo
2,0.0,0,0.0,1,3,1,0,0,1,1,1,0,0,0,0,0,gratuito
4,10000.0,38,0.9736842105263158,1,3,1,0,0,0,1,0,1,1,0,0,0,baixo
9,10000.0,210,0.8142857142857143,9,2,1,1,1,0,0,0,1,1,0,0,0,medio_alto
1,10000.0,3,1.0,12,5,1,0,0,0,1,0,0,0,0,1,1,alto
4,75000.0,54,0.8148148148148148,3,4,1,0,0,0,1,0,1,0,1,1,0,alto
3,10000.0,0,0.0,1,4,1,0,0,0,1,0,1,0,0,1,1,medio_alto
2,10000.0,1,0.0,1,3,1,0,0,0,1,0,1,1,0,0,0,medio_alto
1,10000.0,0,0.0,1,2,1,0,1,0,1,0,1,0,0,0,0,medio_baixo
2,10000.0,0,0.0,1,4,1,0,0,0,1,0,0,1,0,1,1,medio_alto
8,35000.0,314,0.8694267515923567,4,1,1,1,0,0,0,0,0,0,0,0,0,gratuito
5,10000.0,3,1.0,1,2,1,0,0,0,1,1,0,0,0,0,0,alto
3,10000.0,20,0.95,1,2,1,0,0,0,1,1,0,0,0,0,0,medio_baixo
1,0.0,0,0.0,2,3,1,0,0,0,1,1,1,0,0,0,0,baixo
6,35000.0,314,0.9681528662420382,1,3,1,1,0,0,1,0,1,0,0,0,0,gratuito
2,10000.0,2,0.5,26,4,1,0,0,0,1,1,0,0,0,1,1,baixo
1,10000.0,6,0.8333333333333334,1,2,1,0,0,0,0,0,1,0,0,0,0,alto
1,10000.0,0,0.0,9,2,1,1,1,0,1,0,0,1,0,0,0,baixo
1,10000.0,0,0.0,2,3,1,0,0,0,1,0,0,0,1,0,1,medio_baixo
4,10000.0,54,0.9629629629629629,1,6,1,0,1,0,1,0,1,1,1,1,1,medio_baixo
2,10000.0,0,0.0,2,4,1,0,0,0,0,1,1,1,0,0,1,alto
2,10000.0,127,0.8346456692913385,7,5,1,0,0,0,1,0,1,1,1,0,1,medio_alto
12,75000.0,441,0.9569160997732427,1,3,1,1,1,0,1,1,0,1,0,0,0,medio_baixo
2,10000.0,12,1.0,7,3,1,0,0,0,0,1,0,0,0,0,1,alto
3,10000.0,0,0.0,1,3,1,0,0,0,1,1,0,1,0,0,0,gratuito
4,0.0,0,0.0,0,0,1,0,0,0,0,0,0,0,0,0,0,gratuito
1,0.0,0,0.0,0,0,1,0,0,0,0,0,0,0,0,0,0,gratuito
10,350000.0,614,0.6938110749185668,6,3,1,0,0,0,1,0,1,0,1,0,0,alto
8,10000.0,43,0.8837209302325582,1,2,1,1,1,0,1,0,0,0,1,0,0,baixo
4,10000.0,13,0.7692307692307693,1,4,1,0,0,0,1,0,1,1,0,0,1,medio_alto
1,0.0,0,0.0,0,0,1,0,0,0,0,0,0,0,0,0,0,gratuito
4,35000.0,68,0.9852941176470589,7,2,1,0,0,1,1,0,1,0,0,0,0,medio_baixo
5,35000.0,161,0.9192546583850931,1,4,1,0,0,0,1,0,0,1,1,0,1,medio_baixo
1,10000.0,0,0.0,11,6,1,0,0,0,1,1,1,1,1,0,1,medio_alto
5,10000.0,453,0.7902869757174393,9,3,1,0,0,0,1,1,1,0,0,0,0,medio_baixo
2,10000.0,0,0.0,1,3,1,1,1,1,1,0,0,1,0,0,1,medio_alto
11,35000.0,110,0.7363636363636363,1,2,1,1,1,0,1,0,0,0,0,1,0,alto
2,10000.0,9,1.0,2,3,1,1,0,0,0,0,0,0,0,0,0,alto
6,10000.0,6,0.8333333333333334,2,2,1,0,0,0,1,0,1,0,0,0,0,medio_baixo
1,10000.0,16,0.625,8,2,1,0,0,0,1,0,1,0,0,0,0,medio_baixo
7,10000.0,32,0.96875,1,4,1,0,0,0,1,1,0,1,0,1,0,baixo
9,75000.0,563,0.8241563055062167,1,4,1,1,1,0,1,0,1,1,0,0,1,medio_baixo
13,10000.0,220,0.7772727272727272,1,3,1,0,0,0,1,0,0,1,0,1,0,baixo
4,10000.0,7,0.2857142857142857,1,1,1,0,0,0,0,0,1,0,0,0,0,baixo
8,10000.0,55,0.6727272727272727,13,3,1,0,0,0,1,0,0,1,0,0,1,medio_alto
1,75000.0,3196,0.954630788485607,12,3,1,0,0,44,1,1,0,0,1,0,0,alto
3,10000.0,5,1.0,1,2,1,0,0,0,1,0,0,1,0,0,0,baixo
1,0.0,0,0.0,103,2,1,0,1,0,1,0,0,1,0,0,0,baixo
4,10000.0,13,0.8461538461538461,1,1,1,0,0,0,0,0,1,0,0,0,0,baixo
4,10000.0,30,0.6666666666666666,2,5,1,0,0,0,1,1,1,0,1,0,0,gratuito
8,10000.0,29,0.5862068965517241,2,2,1,1,1,1,1,0,1,0,0,0,0,medio_alto
5,10000.0,72,0.7083333333333334,1,4,1,0,0,0,0,0,0,1,0,0,1,alto
5,10000.0,0,0.0,4,3,1,0,0,0,1,0,1,0,0,0,0,gratuito
9,750000.0,3433,0.7084182930381591,8,5,1,0,0,1,0,1,1,0,1,0,0,gratuito
2,0.0,0,0.0,0,0,1,0,0,0,0,0,0,0,0,0,0,gratuito
3,0.0,0,0.0,0,0,1,0,0,0,0,0,0,0,0,0,0,gratuito
9,10000.0,3,1.0,1,2,1,1,1,0,1,0,0,1,0,0,0,medio_baixo
1,10000.0,7,1.0,1,4,1,0,0,0,0,1,1,0,1,0,1,baixo
3,0.0,0,0.0,0,0,1,0,0,0,0,0,0,0,0,0,0,gratuito
2,10000.0,7,1.0,1,5,1,0,0,0,1,1,0,1,1,1,0,baixo
3,0.0,0,0.0,3,3,1,0,0,0,1,1,1,0,0,0,0,gratuito
3,10000.0,0,0.0,2,2,1,0,0,0,0,0,1,0,1,0,0,alto
3,10000.0,0,0.0,1,2,1,0,0,0,0,1,1,0,0,0,0,medio_alto
2,10000.0,9,0.4444444444444444,1,3,1,1,1,1,1,1,1,0,0,0,0,alto
4,10000.0,39,0.5128205128205128,1,3,1,0,0,0,1,1,1,0,0,0,0,medio_alto
1,0.0,0,0.0,1,4,1,0,0,0,1,1,1,0,1,0,0,alto
2,10000.0,0,0.0,3,2,1,0,0,1,0,1,0,0,0,0,1,baixo
6,10000.0,22,0.9090909090909091,1,2,1,0,0,0,1,0,0,0,0,0,0,gratuito
13,750000.0,7628,0.8584163607760881,5,2,1,0,0,0,0,1,1,0,0,0,0,medio_baixo
1,0.0,0,0.0,1,3,1,1,0,0,0,0,0,0,0,1,1,alto
1,10000.0,0,0.0,8,4,1,0,0,0,1,0,0,1,0,0,0,alto
3,0.0,0,0.0,103,3,1,1,1,0,1,0,0,1,0,1,0,baixo
5,10000.0,3,1.0,1,2,1,0,0,0,1,1,0,0,0,0,0,alto
1,0.0,0,0.0,0,0,1,0,0,0,0,0,0,0,0,0,0,gratuito
4,10000.0,0,0.0,1,3,1,0,0,0,1,1,1,0,0,0,0,alto
2,75000.0,2151,0.8907484890748489,12,3,1,1,1,2,1,1,1,0,0,0,0,alto
6,10000.0,27,0.6296296296296297,1,1,1,0,0,0,0,0,0,0,0,0,1,alto
3,0.0,0,0.0,1,3,1,1,1,0,0,0,0,1,0,0,1,gratuito
4,0.0,0,0.0,1,3,1,0,0,0,1,1,0,0,0,0,0,gratuito
1,0.0,0,0.0,1,2,1,0,0,0,1,0,0,0,1,0,0,medio_alto
8,75000.0,264,0.6022727272727273,1,2,1,0,0,0,0,0,0,0,0,0,0,gratuito
7,10000.0,31,0.9354838709677419,1,1,1,0,0,0,1,0,0,0,0,0,0,baixo
2,10000.0,122,0.8360655737704918,1,4,1,0,0,0,1,1,0,1,1,0,0,medio_alto
9,35000.0,143,0.7132867132867133,11,2,1,0,0,0,0,0,1,1,0,0,0,baixo
3,35000.0,1086,0.919889502762431,13,2,1,0,0,0,1,0,1,0,0,0,0,medio_alto
2,10000.0,0,0.0,4,4,1,1,1,0,0,0,0,1,1,0,1,gratuito
7,10000.0,8,0.5,4,4,1,0,0,0,1,1,1,0,1,0,0,medio_alto
3,10000.0,586,0.8668941979522184,4,2,1,0,0,7,0,1,1,0,0,0,0,alto
20,150000.0,351,0.9515669515669516,1,1,1,0,0,0,0,0,0,1,0,0,0,baixo
3,10000.0,0,0.0,11,8,1,0,0,0,1,1,1,1,1,1,0,gratuito
8,10000.0,1,1.0,1,2,1,0,0,0,1,0,0,0,1,0,0,baixo
2,0.0,0,0.0,0,0,1,0,0,0,0,0,0,0,0,0,0,gratuito
8,10000.0,72,0.9861111111111112,2,4,1,1,0,1,1,1,1,1,0,0,0,alto
2,10000.0,3,0.6666666666666666,1,5,1,0,0,0,1,1,1,0,1,0,0,alto
2,10000.0,2,1.0,1,1,1,1,0,0,0,0,1,0,0,0,0,alto
9,10000.0,72,0.7222222222222222,11,4,1,0,0,1,1,1,0,1,0,0,0,medio_alto
1,10000.0,29,0.9655172413793104,1,4,1,0,0,0,1,0,1,1,1,0,0,baixo
18,10000.0,9,0.6666666666666666,1,1,1,0,0,0,0,0,0,0,0,0,0,medio_alto
7,10000.0,22,0.8636363636363636,1,3,1,1,1,0,1,1,1,0,0,0,0,baixo
2,10000.0,1,0.0,7,3,1,0,0,0,1,1,1,0,0,0,0,alto
6,10000.0,6,0.6666666666666666,1,3,1,0,0,0,1,0,0,0,0,1,1,medio_baixo
2,10000.0,2,0.5,1,3,1,0,0,0,1,0,0,1,0,1,0,medio_baixo
7,750000.0,6508,0.955900430239705,6,2,1,1,0,2,1,0,0,0,0,0,0,gratuito
4,10000.0,2,1.0,1,4,1,0,0,0,1,0,0,1,0,0,1,medio_alto
7,10000.0,6,1.0,2,2,1,0,0,0,1,1,0,0,0,0,0,medio_baixo
1,10000.0,58,0.9827586206896551,13,1,1,0,0,0,0,0,0,1,0,0,0,medio_baixo
4,10000.0,31,0.967741935483871,11,2,1,0,0,0,1,0,0,1,0,0,0,baixo
2,0.0,0,0.0,0,0,1,0,0,0,0,0,0,0,0,0,0,gratuito
5,10000.0,0,0.0,1,2,1,0,0,0,0,0,0,1,0,0,0,gratuito
1,10000.0,0,0.0,1,2,1,0,0,0,1,0,0,1,0,0,0,baixo
5,10000.0,0,0.0,1,2,1,1,1,0,1,0,0,1,0,0,0,baixo
14,3500000.0,14645,0.899419597132127,1,4,1,1,1,0,1,1,1,0,0,0,1,baixo
6,10000.0,0,0.0,1,2,1,0,0,0,1,0,0,1,0,0,0,alto
2,10000.0,3,1.0,1,3,1,0,0,0,1,1,0,1,0,0,0,medio_alto
7,35000.0,56,0.75,6,2,1,0,0,1,1,1,0,0,0,0,0,baixo
4,10000.0,0,0.0,1,1,1,1,1,0,0,0,0,1,0,0,0,medio_baixo
5,350000.0,2797,0.8666428316052914,1,7,1,0,0,0,1,1,1,1,0,0,1,gratuito
4,35000.0,315,0.8253968253968254,4,3,1,0,0,0,1,0,1,0,1,0,0,alto
2,10000.0,3,1.0,1,6,1,0,0,0,1,1,0,1,0,1,1,medio_baixo
1,10000.0,0,0.0,3,5,1,0,0,0,1,0,0,1,0,0,0,gratuito
9,10000.0,13,0.6153846153846154,1,3,1,0,0,0,1,1,0,0,0,0,0,baixo
1,0.0,0,0.0,0,0,1,0,0,0,0,0,0,0,0,0,0,gratuito
4,750000.0,2276,0.8145869947275922,13,3,1,0,0,1,0,1,1,0,1,0,0,medio_alto
5,10000.0,6,1.0,1,1,1,1,1,0,0,0,0,0,0,0,0,alto
6,10000.0,14,0.8571428571428571,1,4,1,0,0,0,1,0,1,0,1,0,0,gratuito
11,10000.0,9,1.0,1,4,1,0,0,0,1,1,0,1,0,0,0,alto
9,10000.0,2,1.0,1,2,1,0,0,0,0,1,1,0,0,0,0,medio_baixo
2,10000.0,19,0.9473684210526315,2,4,1,0,0,0,1,0,1,1,1,0,0,medio_baixo
3,10000.0,9,0.2222222222222222,26,5,1,0,0,0,1,1,0,0,1,0,1,baixo
4,10000.0,15,0.8666666666666667,1,2,1,1,1,0,1,0,1,0,0,0,0,baixo
1,10000.0,0,0.0,3,3,1,0,0,0,1,0,1,0,1,0,0,alto
2,10000.0,6,0.8333333333333334,6,4,1,0,0,0,0,1,1,1,0,0,0,alto
3,10000.0,34,0.7647058823529411,2,2,1,1,0,0,1,0,0,1,0,0,0,medio_alto
5,10000.0,0,0.0,2,1,1,0,0,0,0,1,0,0,0,0,0,baixo
3,10000.0,1,1.0,1,1,1,0,0,0,0,0,0,1,0,0,0,medio_baixo
4,350000.0,6108,0.9194499017681729,1,4,1,0,0,1,1,1,0,0,0,0,1,alto
3,10000.0,42,0.9761904761904762,1,3,1,0,0,0,1,0,0,1,0,0,1,baixo
2,10000.0,18,0.7777777777777778,2,3,1,1,1,1,1,0,0,1,0,1,0,medio_alto
8,10000.0,4,1.0,4,3,1,0,0,0,1,0,0,0,0,1,0,medio_alto
4,10000.0,121,0.8429752066115702,10,3,1,1,0,0,1,1,1,0,0,0,0,alto
9,10000.0,1261,0.9563838223632039,2,1,1,1,1,0,0,0,1,0,0,0,0,alto
6,10000.0,9,1.0,1,1,1,0,0,2,1,0,0,0,0,0,0,alto
1,10000.0,22,0.9090909090909091,25,4,1,1,0,0,1,1,1,0,1,0,0,medio_baixo
4,10000.0,12,0.9166666666666666,1,3,1,1,1,2,1,0,1,1,0,0,0,alto
10,10000.0,32,0.59375,2,5,1,1,0,0,1,1,0,0,0,0,0,medio_baixo
2,0.0,0,0.0,103,1,1,0,0,0,0,0,0,1,0,0,0,baixo
2,10000.0,6,0.8333333333333334,3,2,1,1,0,0,0,0,1,1,0,0,0,medio_alto
3,10000.0,13,0.6923076923076923,1,4,1,0,0,0,1,0,0,1,0,0,0,medio_baixo
6,10000.0,13,0.8461538461538461,1,1,1,0,0,0,0,0,0,0,0,1,0,baixo
2,10000.0,8,1.0,8,2,1,0,0,0,0,0,0,1,0,0,0,medio_baixo
2,10000.0,1,1.0,1,2,1,1,1,0,1,0,1,0,0,0,0,alto
1,10000.0,0,0.0,28,2,1,0,0,0,1,0,0,1,0,0,0,baixo
7,10000.0,11,0.45454545454545453,1,2,1,0,0,0,1,1,0,0,0,0,0,medio_alto
4,10000.0,0,0.0,2,2,1,0,0,0,1,1,0,0,0,0,0,alto
3,10000.0,457,0.6761487964989059,1,2,1,0,0,0,0,1,1,0,0,0,0,alto
13,350000.0,2332,0.8194682675814752,7,4,1,0,0,0,0,1,1,1,0,1,0,medio_baixo
8,10000.0,6,0.5,4,3,1,0,0,0,1,0,0,1,0,1,0,alto
1,10000.0,3,1.0,2,2,1,0,0,0,0,1,1,0,0,0,0,medio_baixo
2,0.0,0,0.0,1,4,1,0,0,0,1,1,1,0,0,0,0,gratuito
4,10000.0,236,0.9364406779661016,1,3,1,1,0,0,1,0,1,0,1,0,0,medio_baixo
8,35000.0,182,0.8021978021978022,4,3,1,0,0,1,1,0,0,0,1,1,0,medio_alto
2,10000.0,2,1.0,1,1,1,1,0,0,0,0,0,0,0,1,0,medio_alto
2,10000.0,0,0.0,4,2,1,0,0,0,1,0,0,1,0,0,0,gratuito
1,10000.0,4,1.0,1,4,1,0,0,0,1,1,0,1,0,0,0,alto
5,10000.0,0,0.0,1,4,1,0,0,0,1,1,0,1,0,0,1,baixo
10,35000.0,115,0.7652173913043478,1,2,1,0,0,0,0,0,0,1,0,0,0,gratuito
1,150000.0,591,0.7868020304568528,18,3,1,0,0,1,1,0,0,1,0,0,1,alto
1,10000.0,0,0.0,1,3,1,0,1,0,1,1,1,0,0,0,0,medio_alto
8,35000.0,141,0.7588652482269503,1,6,1,0,0,0,1,1,1,1,1,0,0,gratuito
7,35000.0,12,1.0,29,1,1,0,0,0,1,0,0,0,0,0,0,baixo
8,10000.0,108,0.7129629629629629,8,1,1,1,0,0,0,0,0,0,0,1,0,gratuito
1,0.0,0,0.0,2,3,1,0,0,0,1,1,0,0,0,0,0,gratuito
1,0.0,0,0.0,1,5,1,1,0,0,1,1,1,1,1,0,0,alto
3,10000.0,8,0.5,1,1,1,0,0,0,0,0,1,0,0,0,0,baixo
2,10000.0,76,0.8947368421052632,8,2,1,0,0,0,1,1,0,0,0,0,0,medio_baixo
11,10000.0,58,0.7931034482758621,1,4,1,0,1,1,1,0,1,0,0,1,1,medio_baixo
2,10000.0,12,0.9166666666666666,2,2,1,0,0,0,1,0,1,0,0,0,0,medio_baixo
2,10000.0,7,1.0,3,3,1,0,0,0,1,0,1,0,1,0,0,alto
3,10000.0,4,0.75,2,3,1,1,0,0,1,1,0,1,0,0,0,baixo
10,10000.0,14,0.6428571428571429,1,2,1,1,0,0,1,0,0,0,0,0,1,alto
11,10000.0,120,0.9083333333333333,1,2,1,1,1,1,1,0,0,0,1,0,0,medio_alto
5,10000.0,8,0.75,1,4,1,0,0,0,1,1,0,1,0,0,0,medio_alto
1,10000.0,0,0.0,1,1,1,0,0,0,0,1,0,0,0,0,0,alto
1,150000.0,359,0.7075208913649025,9,4,1,0,0,0,1,1,1,0,0,1,0,alto
1,10000.0,0,0.0,1,5,1,1,1,0,1,0,1,1,0,0,1,baixo
17,10000.0,0,0.0,6,2,1,0,0,0,0,0,1,1,0,0,0,medio_alto
3,10000.0,3,1.0,1,3,1,0,0,0,1,0,1,1,0,0,0,medio_baixo
3,10000.0,271,0.9520295202952029,1,3,1,0,0,1,1,0,1,0,1,0,0,alto
1,10000.0,0,0.0,1,3,1,0,0,0,1,0,1,0,0,0,1,medio_baixo
6,10000.0,55,0.9636363636363636,2,2,1,0,0,0,1,1,0,0,0,0,0,medio_baixo
2,10000.0,0,0.0,2,4,1,0,0,0,1,1,0,0,0,1,0,gratuito
1,0.0,0,0.0,2,1,1,0,0,0,0,0,0,1,0,0,0,medio_baixo
1,0.0,0,0.0,0,0,1,0,0,0,0,0,0,0,0,0,0,gratuito
8,10000.0,49,0.8163265306122449,1,3,1,0,0,0,1,0,1,0,1,0,0,medio_baixo
4,750000.0,16281,0.7915975677169707,1,3,1,0,0,1,0,1,1,0,0,0,1,alto
1,0.0,0,0.0,0,0,1,0,0,0,0,0,0,0,0,0,0,gratuito
9,10000.0,17,0.9411764705882353,8,1,1,1,0,0,0,0,0,1,0,0,0,medio_alto
1,0.0,0,0.0,9,2,1,0,0,0,1,0,1,0,0,0,0,medio_baixo
6,10000.0,0,0.0,1,3,1,0,0,0,0,0,0,1,0,0,0,gratuito
2,0.0,0,0.0,103,9,1,1,1,0,1,1,1,1,1,1,1,alto
1,0.0,0,0.0,1,4,1,0,0,0,1,0,0,1,1,0,1,medio_alto
2,10000.0,0,0.0,12,3,1,0,0,0,0,0,0,1,0,0,1,gratuito
10,75000.0,311,0.7041800643086816,3,3,1,1,0,0,1,0,0,0,0,0,1,medio_baixo
10,75000.0,178,0.8370786516853933,6,2,1,0,1,0,1,0,0,1,0,0,0,baixo
17,150000.0,677,0.5391432791728212,5,2,1,0,0,0,0,1,0,0,0,0,1,medio_baixo
1,0.0,0,0.0,0,0,1,0,0,0,0,0,0,0,0,0,0,gratuito
1,10000.0,66,0.6666666666666666,2,4,1,0,0,0,1,0,0,0,1,1,1,medio_alto
2,0.0,0,0.0,1,2,1,0,0,0,0,0,0,1,0,0,0,gratuito
5,10000.0,6,1.0,1,2,1,0,0,0,0,0,1,1,0,0,0,medio_alto
2,10000.0,0,0.0,1,2,1,0,0,0,0,0,1,0,0,0,1,medio_alto
4,10000.0,0,0.0,1,1,1,0,0,0,0,0,1,0,0,0,0,medio_alto
5,10000.0,1,1.0,1,2,1,0,0,0,1,1,0,0,0,0,0,medio_baixo
5,0.0,0,0.0,1,3,1,0,0,0,1,0,0,1,0,0,0,gratuito
1,10000.0,4,1.0,2,4,1,0,0,0,1,1,1,0,1,0,0,baixo
10,75000.0,235,0.7659574468085106,11,5,1,0,0,1,1,1,1,1,0,0,1,medio_baixo
5,10000.0,33,0.8787878787878788,1,2,1,1,0,0,0,0,0,1,0,0,1,baixo
8,35000.0,161,0.6894409937888198,6,2,1,0,0,1,1,0,1,0,0,0,0,alto
1,0.0,0,0.0,30,5,1,0,0,0,1,0,0,1,0,1,0,gratuito
1,10000.0,12,1.0,15,2,1,1,0,0,1,0,0,1,0,0,0,medio_alto
3,10000.0,0,0.0,1,1,1,0,0,0,0,0,0,0,0,1,0,medio_baixo
5,10000.0,0,0.0,29,4,1,0,0,0,1,1,1,0,0,0,0,baixo
3,10000.0,2,0.5,9,1,1,0,0,0,0,0,0,0,0,0,0,alto
12,750000.0,8054,0.8245592252296995,8,4,1,1,1,0,1,0,1,0,1,1,0,alto
5,10000.0,8,0.125,1,3,1,0,0,0,1,1,0,1,0,0,0,baixo
4,0.0,0,0.0,1,2,1,0,0,0,0,0,0,0,0,0,0,gratuito
2,35000.0,95,0.8526315789473684,2,5,1,0,0,0,1,1,1,0,1,0,0,alto
2,10000.0,300,0.81,3,4,1,0,0,0,1,0,0,1,1,0,1,medio_alto
4,10000.0,2,0.5,1,6,1,0,0,0,1,1,1,1,0,1,1,baixo
3,0.0,0,0.0,0,0,1,0,0,0,0,0,0,0,0,0,0,gratuito
1,0.0,0,0.0,103,3,1,0,0,0,1,0,0,1,0,0,1,baixo
3,10000.0,5,0.4,1,2,1,0,0,0,0,1,0,0,0,1,0,medio_baixo
4,10000.0,0,0.0,1,2,1,0,0,0,1,0,0,0,1,0,0,medio_alto
5,75000.0,396,0.9545454545454546,1,4,1,0,0,1,1,0,1,1,0,1,0,medio_baixo
7,10000.0,22,0.8636363636363636,29,4,1,0,0,0,1,1,1,1,0,0,0,baixo
1,0.0,0,0.0,8,2,1,0,0,0,1,0,0,1,0,0,0,medio_baixo
1,0.0,0,0.0,5,2,1,0,0,1,0,0,0,0,0,1,1,alto
6,10000.0,6,0.5,2,2,1,0,0,0,1,0,0,0,0,0,1,medio_alto
7,10000.0,4,0.5,5,5,1,0,0,0,1,1,0,1,0,1,1,baixo
8,35000.0,223,0.7443946188340808,1,6,1,0,0,0,1,1,1,0,1,1,0,alto
1,0.0,0,0.0,1,5,1,1,0,0,1,1,0,0,0,1,0,gratuito
3,10000.0,13,0.8461538461538461,17,3,1,0,0,0,1,0,0,1,0,0,1,medio_baixo
1,0.0,0,0.0,1,2,1,0,0,0,1,0,1,0,0,0,0,medio_alto
1,0.0,0,0.0,1,2,1,0,0,0,0,0,0,0,0,1,0,gratuito
1,0.0,0,0.0,11,2,1,0,0,0,1,0,0,1,0,0,0,medio_baixo
1,0.0,0,0.0,0,0,1,0,0,0,0,0,0,0,0,0,0,gratuito
2,10000.0,0,0.0,1,6,1,0,0,0,1,1,1,1,0,1,0,medio_baixo
8,150000.0,2715,0.7465930018416206,7,3,1,1,1,2,1,0,0,0,1,1,0,medio_baixo
4,10000.0,8,1.0,1,2,1,0,0,0,1,0,0,1,0,0,0,medio_baixo
8,35000.0,70,0.8428571428571429,4,4,1,0,0,0,1,0,0,1,0,1,0,gratuito
3,0.0,0,0.0,0,0,1,0,0,0,0,0,0,0,0,0,0,gratuito
1,0.0,0,0.0,0,0,1,0,0,0,0,0,0,0,0,0,0,gratuito
4,75000.0,62,0.7419354838709677,1,4,1,1,0,0,1,1,1,0,0,0,0,gratuito
2,35000.0,5,1.0,1,3,1,0,0,0,1,1,1,0,0,0,0,medio_baixo
4,0.0,0,0.0,0,0,1,0,0,0,0,0,0,0,0,0,0,gratuito
1,0.0,0,0.0,0,0,1,0,0,0,0,0,0,0,0,0,0,gratuito
7,10000.0,29,0.6206896551724138,1,3,1,0,0,0,1,0,0,1,0,0,1,alto
9,10000.0,33,0.8181818181818182,1,3,1,1,1,0,1,0,1,0,1,0,0,medio_alto
6,10000.0,10,0.9,1,2,1,0,0,0,0,0,1,1,0,0,0,medio_alto
8,10000.0,1,1.0,1,3,1,0,0,0,1,0,0,1,0,0,1,medio_baixo
10,10000.0,23,0.9130434782608695,1,2,1,0,0,0,0,0,1,1,0,0,0,medio_baixo
7,75000.0,228,0.8771929824561403,4,4,1,0,0,0,1,1,1,0,0,0,0,gratuito
4,10000.0,0,0.0,1,4,1,0,0,0,1,1,1,1,0,0,0,medio_baixo
3,0.0,0,0.0,0,0,1,0,0,0,0,0,0,0,0,0,0,gratuito
6,10000.0,56,0.8392857142857143,1,5,1,0,0,0,0,0,0,0,1,0,1,gratuito
7,10000.0,391,0.9948849104859335,1,3,1,0,0,1,1,0,1,1,0,0,0,medio_alto
1,10000.0,0,0.0,10,2,1,0,0,0,1,0,0,1,0,0,0,medio_baixo
5,10000.0,874,0.9096109839816934,10,3,1,0,0,1,1,1,1,0,0,0,0,medio_baixo
5,0.0,0,0.0,0,0,1,0,0,0,0,0,0,0,0,0,0,gratuito
1,10000.0,1,0.0,1,2,1,0,0,0,1,0,0,1,0,0,0,medio_alto
1,10000.0,0,0.0,1,2,1,0,0,1,1,1,0,0,0,0,0,medio_alto
4,0.0,0,0.0,1,4,1,1,1,2,1,1,0,1,0,0,0,gratuito
8,10000.0,122,0.8032786885245902,3,3,1,0,0,0,0,1,1,0,1,0,0,alto
2,0.0,0,0.0,0,0,1,0,0,0,0,0,0,0,0,0,0,gratuito
8,10000.0,1,1.0,1,2,1,0,0,0,1,0,0,0,0,1,0,medio_alto
3,10000.0,0,0.0,2,3,1,0,0,1,1,0,0,0,1,1,0,alto
1,10000.0,0,0.0,10,3,1,0,0,0,1,1,0,1,0,0,0,medio_alto
5,10000.0,1,1.0,1,2,1,0,0,0,0,0,0,1,0,0,1,medio_alto
6,10000.0,18,0.8333333333333334,1,4,1,0,0,0,1,0,1,1,0,0,0,gratuito
2,10000.0,10,1.0,1,3,1,1,0,0,1,0,0,1,0,0,0,medio_baixo
3,10000.0,20,0.4,1,5,1,0,0,0,1,0,0,1,0,1,0,gratuito
8,10000.0,12,0.3333333333333333,1,1,1,0,0,2,1,0,0,0,0,0,0,medio_alto
2,10000.0,5,0.2,3,2,1,0,0,0,0,1,0,0,0,1,0,medio_alto
8,750000.0,13456,0.7685047562425684,1,5,1,0,0,0,1,1,1,0,0,0,1,alto
4,10000.0,5,1.0,2,4,1,0,0,0,0,1,0,1,0,1,1,medio_alto
2,10000.0,43,0.7674418604651163,1,2,1,1,1,1,1,0,0,0,0,1,0,medio_alto
3,10000.0,43,0.7906976744186046,1,3,1,0,0,0,1,0,0,0,0,1,1,alto
1,10000.0,138,0.8188405797101449,1,4,1,0,0,2,1,0,1,1,0,0,0,gratuito
4,0.0,0,0.0,0,0,1,0,0,0,0,0,0,0,0,0,0,gratuito
6,10000.0,30,0.3,28,5,1,1,1,0,1,1,1,1,0,0,1,alto
8,10000.0,30,0.9,1,2,1,0,1,0,1,0,1,0,0,0,0,medio_alto
6,10000.0,7,1.0,1,3,1,0,0,0,1,0,1,1,0,0,0,baixo
3,35000.0,1,1.0,8,2,1,1,0,0,0,0,1,1,0,0,0,alto
2,0.0,0,0.0,3,3,1,0,0,0,1,0,1,0,0,0,0,gratuito
1,0.0,0,0.0,2,3,1,0,0,0,1,1,0,1,0,0,0,medio_alto
5,10000.0,36,0.9166666666666666,29,2,1,0,0,1,1,0,0,1,0,0,0,baixo
7,10000.0,5,0.2,5,4,1,0,0,0,0,0,1,1,1,0,1,baixo
1,0.0,0,0.0,6,4,1,0,0,0,1,1,1,0,1,0,0,alto
3,35000.0,775,0.8761290322580645,13,1,1,0,0,0,0,0,1,0,0,0,0,baixo
8,10000.0,36,0.6111111111111112,2,2,1,1,0,0,1,0,0,1,0,0,0,baixo
6,10000.0,3,1.0,5,2,1,0,0,0,1,0,0,1,0,0,0,medio_baixo
8,35000.0,4,0.5,1,2,1,0,0,0,1,0,0,1,0,0,0,baixo
1,0.0,0,0.0,0,0,1,0,0,0,0,0,0,0,0,0,0,gratuito
5,10000.0,41,0.9024390243902439,1,5,1,0,0,0,1,0,1,1,0,1,1,alto
6,350000.0,970,0.7185567010309278,11,3,1,1,0,2,0,0,0,1,0,1,1,medio_baixo
6,75000.0,64,0.859375,1,2,1,1,0,0,0,0,0,0,1,0,0,gratuito
2,10000.0,5,0.8,1,3,1,0,0,0,1,1,0,0,0,0,0,medio_alto
8,35000.0,68,0.6617647058823529,1,3,1,1,0,0,1,0,0,1,0,1,0,baixo
9,10000.0,83,0.891566265060241,10,2,1,1,0,0,1,1,0,0,0,0,0,baixo
1,0.0,0,0.0,1,4,1,0,0,0,1,1,0,0,0,0,0,gratuito
5,10000.0,41,0.8536585365853658,1,2,1,0,0,0,1,0,0,1,0,0,0,baixo
7,10000.0,80,0.8,14,3,1,0,0,1,0,1,0,1,0,0,0,medio_alto
3,0.0,0,0.0,1,1,1,0,0,0,1,0,0,0,0,0,0,gratuito
3,10000.0,21,0.8095238095238095,12,3,1,1,1,0,1,1,1,0,0,0,0,medio_baixo
7,10000.0,2,0.5,1,3,1,0,0,0,1,1,1,0,0,0,0,baixo
6,1500000.0,48342,0.8469033138885441,13,2,1,0,0,9,0,0,0,0,0,1,0,gratuito
2,10000.0,2,1.0,2,3,1,0,1,0,1,1,1,0,0,0,0,baixo
8,10000.0,48,0.9791666666666666,1,2,1,1,0,0,1,0,1,0,0,0,0,medio_baixo
1,10000.0,0,0.0,2,7,1,1,0,0,1,1,1,1,0,1,1,medio_alto
4,10000.0,23,0.9130434782608695,1,2,1,0,0,0,1,0,0,1,0,0,0,medio_baixo
1,10000.0,4,0.75,1,3,1,0,0,0,1,1,1,0,0,0,0,alto
6,10000.0,10,0.6,1,2,1,1,1,1,1,0,0,1,0,0,0,alto
2,10000.0,66,0.8636363636363636,6,4,1,0,0,0,0,0,0,1,1,1,1,medio_baixo
8,10000.0,24,0.125,13,4,1,0,0,1,1,0,1,0,0,0,0,alto
4,10000.0,1,1.0,1,2,1,0,0,0,1,0,0,1,0,0,0,baixo
6,10000.0,4,0.25,15,1,1,0,0,0,0,0,0,1,0,0,0,medio_baixo
2,10000.0,0,0.0,12,5,1,0,0,0,1,1,0,1,0,0,1,alto
1,0.0,0,0.0,0,0,1,0,0,0,0,0,0,0,0,0,0,gratuito
9,10000.0,38,0.47368421052631576,2,5,1,0,0,0,1,0,1,1,0,1,1,baixo
4,10000.0,24,0.5,2,3,1,0,0,0,1,0,1,1,0,0,0,alto
2,10000.0,25,0.96,3,2,1,1,0,0,0,0,0,1,0,1,0,medio_baixo
2,0.0,0,0.0,0,0,1,0,0,0,0,0,0,0,0,0,0,gratuito
3,0.0,0,0.0,1,2,1,0,0,0,0,1,1,0,0,0,0,gratuito
4,35000.0,58,0.9655172413793104,1,3,1,0,0,0,1,0,0,1,0,0,1,medio_alto
2,10000.0,5,1.0,1,4,1,0,0,0,1,0,1,1,0,1,0,medio_alto
7,10000.0,19,0.5263157894736842,10,2,1,0,0,0,1,1,0,0,0,0,0,baixo
10,75000.0,286,0.7692307692307693,1,1,1,0,0,2,0,0,0,0,0,1,0,gratuito
10,150000.0,976,0.8043032786885246,1,1,1,0,0,0,0,0,0,0,0,0,1,medio_baixo
1,10000.0,4,1.0,1,2,1,1,0,0,1,0,0,0,0,1,0,alto
4,10000.0,0,0.0,3,3,1,0,0,0,1,0,1,1,0,0,0,medio_baixo
5,10000.0,11,0.36363636363636365,1,3,1,0,0,0,1,1,1,0,0,0,0,baixo
2,10000.0,75,0.8666666666666667,1,2,1,0,0,0,1,1,0,0,0,0,0,alto
2,10000.0,16,0.4375,1,2,1,0,0,0,1,0,0,1,0,0,0,baixo
17,35000.0,30,0.8333333333333334,2,1,1,0,0,0,0,0,0,0,0,1,0,baixo
5,10000.0,2,0.5,1,3,1,0,0,0,1,1,1,0,0,0,0,medio_alto
11,75000.0,123,0.8861788617886179,3,4,1,1,0,0,1,0,0,1,0,1,1,baixo
5,10000.0,5,0.2,1,4,1,0,0,0,1,0,1,0,1,0,0,alto
6,10000.0,13,0.7692307692307693,1,3,1,0,0,0,1,0,0,0,0,1,0,gratuito
2,350000.0,10687,0.7079629456348835,8,4,1,1,1,4,0,0,0,0,0,0,1,alto
4,10000.0,23,0.782608695652174,1,5,1,0,0,0,0,1,1,1,0,1,0,medio_baixo
5,35000.0,46,0.782608695652174,8,1,1,0,0,10,0,0,1,0,0,0,0,medio_baixo
4,0.0,0,0.0,1,5,1,0,0,3,1,0,0,1,0,1,1,gratuito
9,10000.0,55,0.9454545454545454,1,2,1,0,0,0,1,0,0,1,0,0,0,baixo
4,35000.0,387,0.8397932816537468,6,0,1,0,0,1,0,0,0,0,0,0,0,medio_baixo
2,0.0,0,0.0,0,0,1,0,0,0,0,0,0,0,0,0,0,gratuito
3,10000.0,2,1.0,1,3,1,0,0,0,1,0,1,1,0,0,0,medio_alto
9,10000.0,1,1.0,2,3,1,0,0,0,1,0,0,1,0,0,1,baixo
9,750000.0,2134,0.6082474226804123,11,4,1,0,0,7,1,0,1,1,0,0,0,gratuito
4,10000.0,29,0.6206896551724138,7,3,1,1,1,1,1,0,0,1,0,0,1,medio_alto
9,10000.0,56,0.48214285714285715,1,3,1,0,0,0,1,1,0,0,0,0,0,gratuito
2,10000.0,11,1.0,1,1,1,0,0,0,1,0,0,0,0,0,0,medio_baixo
7,10000.0,23,1.0,4,3,1,0,0,0,1,0,1,1,0,0,0,medio_baixo
4,150000.0,6,0.6666666666666666,1,2,1,0,0,0,0,1,1,0,0,0,0,medio_alto
8,750000.0,1173,0.824381926683717,103,4,1,0,0,0,1,1,0,1,0,0,0,baixo
1,10000.0,0,0.0,1,1,1,0,0,0,0,0,0,0,1,0,0,alto
6,10000.0,3,0.3333333333333333,2,5,1,0,0,0,1,0,1,1,1,0,1,alto
3,0.0,0,0.0,0,0,1,0,0,0,0,0,0,0,0,0,0,gratuito
1,0.0,0,0.0,0,0,1,0,0,0,0,0,0,0,0,0,0,gratuito
5,10000.0,0,0.0,26,1,1,0,0,0,0,0,0,0,0,0,1,medio_alto
2,10000.0,19,0.631578947368421,1,3,1,0,0,0,1,0,1,1,0,0,0,baixo
4,75000.0,1,1.0,1,2,1,0,0,0,1,1,0,0,0,0,0,alto
5,35000.0,3,1.0,6,6,1,0,0,0,1,1,1,1,0,1,0,medio_alto
2,0.0,0,0.0,1,4,1,0,0,0,1,0,0,1,0,1,0,gratuito
7,10000.0,2,0.5,1,2,1,0,0,0,0,0,1,1,0,0,0,medio_alto
5,10000.0,12,0.75,2,3,1,0,0,0,1,1,1,0,0,0,0,baixo
5,10000.0,36,0.6666666666666666,1,4,1,0,0,1,1,1,0,1,0,0,0,medio_alto
7,10000.0,35,0.8285714285714286,1,3,1,0,0,0,0,1,1,0,1,0,0,medio_baixo
3,10000.0,0,0.0,7,4,1,0,0,2,1,0,1,1,0,0,1,medio_baixo
2,10000.0,60,0.9333333333333333,5,3,1,0,0,1,1,1,1,0,0,0,0,medio_baixo
4,10000.0,18,0.7222222222222222,4,5,1,0,0,0,1,0,1,1,0,1,1,baixo
9,10000.0,20,0.6,1,4,1,0,0,0,0,1,1,0,0,0,1,alto
7,10000.0,16,0.375,2,2,1,0,0,0,1,1,0,0,0,0,0,baixo
2,35000.0,8,1.0,1,5,1,0,0,0,1,1,1,1,0,0,1,baixo
1,10000.0,29,1.0,2,1,1,0,0,0,1,0,0,0,0,0,0,medio_alto
8,10000.0,44,0.4318181818181818,3,3,1,0,0,0,1,0,0,0,0,1,1,baixo
5,0.0,0,0.0,0,0,1,0,0,0,0,0,0,0,0,0,0,gratuito
5,10000.0,63,0.7301587301587301,3,3,1,0,0,2,0,0,0,1,1,1,0,medio_alto
3,10000.0,0,0.0,1,4,1,0,0,0,1,0,1,0,1,1,0,gratuito
5,10000.0,13,0.8461538461538461,2,3,1,0,0,0,1,0,1,1,0,0,0,gratuito
6,35000.0,10,0.3,1,2,1,0,0,0,1,0,0,1,0,0,0,baixo
6,35000.0,16,0.8125,1,1,1,0,0,0,0,0,0,0,0,1,0,baixo
10,10000.0,23,0.7391304347826086,1,2,1,0,0,0,0,0,0,1,0,0,0,medio_baixo
2,10000.0,124,0.9758064516129032,7,2,1,0,0,1,0,1,1,0,0,0,0,medio_alto
10,10000.0,65,0.7384615384615385,4,2,1,0,0,0,1,1,0,0,0,0,0,medio_baixo
2,10000.0,1,1.0,1,2,1,0,0,0,1,0,0,1,0,0,0,medio_baixo
3,0.0,0,0.0,0,0,1,0,0,0,0,0,0,0,0,0,0,gratuito
5,10000.0,3,1.0,1,2,1,0,0,0,1,1,0,0,0,0,0,alto
1,10000.0,0,0.0,1,2,1,0,0,0,0,0,0,1,0,1,0,baixo
1,10000.0,3,1.0,2,3,1,0,0,0,1,0,0,1,0,0,1,baixo
3,10000.0,1173,0.9701619778346121,3,2,1,0,0,0,0,0,1,1,0,0,0,alto
1,0.0,0,0.0,1,3,1,0,0,2,1,0,0,1,0,0,0,gratuito
4,10000.0,34,1.0,1,1,1,0,0,0,0,1,0,0,0,0,0,medio_alto
4,10000.0,0,0.0,2,3,1,0,0,0,1,1,1,0,0,0,0,medio_alto
1,0.0,0,0.0,0,0,1,0,0,0,0,0,0,0,0,0,0,gratuito
4,10000.0,0,0.0,5,3,1,0,0,0,1,0,0,1,0,0,0,baixo
1,10000.0,20,0.95,1,1,1,0,0,0,0,1,0,0,0,0,0,medio_alto
2,10000.0,1,0.0,1,2,1,0,0,0,1,0,0,1,0,0,0,medio_baixo
9,10000.0,65,0.6153846153846154,1,2,1,0,0,0,1,0,0,0,0,0,1,baixo
6,10000.0,4,1.0,1,2,1,1,1,0,0,0,0,0,0,1,0,alto
1,0.0,0,0.0,1,5,1,1,1,0,1,1,1,1,1,0,0,medio_alto
3,0.0,0,0.0,3,3,1,0,0,1,0,0,1,0,1,0,0,gratuito
5,10000.0,0,0.0,1,1,1,0,0,0,1,0,0,0,0,0,0,alto
7,10000.0,26,0.8461538461538461,2,1,1,0,0,0,0,0,0,1,0,0,0,medio_alto
4,10000.0,2,0.5,1,1,1,0,0,0,0,1,0,0,0,0,0,medio_baixo
3,10000.0,0,0.0,2,2,1,1,1,0,1,0,0,1,0,0,0,baixo
1,10000.0,0,0.0,15,3,1,0,0,0,1,0,0,1,0,0,1,medio_baixo
6,10000.0,1,0.0,1,3,1,0,0,0,1,1,0,1,0,0,0,medio_baixo
2,35000.0,2,1.0,1,1,1,0,0,0,0,0,1,0,0,0,0,medio_baixo
15,10000.0,13,0.6153846153846154,1,2,1,0,0,0,1,0,0,1,0,0,0,medio_alto
1,0.0,0,0.0,0,1,1,0,0,0,0,0,0,0,0,0,0,gratuito
4,10000.0,78,0.6666666666666666,10,6,1,0,0,0,1,1,1,1,1,0,0,alto
2,75000.0,50,0.44,2,2,1,0,0,0,0,1,0,0,0,0,0,gratuito
3,10000.0,0,0.0,1,6,1,1,1,0,1,1,1,0,1,1,1,alto
1,35000.0,71,0.8169014084507042,2,4,1,0,1,6,1,1,0,1,0,0,0,gratuito
2,10000.0,15,0.6666666666666666,11,3,1,0,0,0,1,1,1,0,0,0,0,baixo
2,10000.0,0,0.0,3,2,1,0,0,0,0,1,0,0,1,0,0,alto
5,10000.0,84,0.4166666666666667,3,4,1,0,0,0,1,0,1,1,1,0,0,alto
2,35000.0,319,0.7021943573667712,1,3,1,0,0,0,1,0,0,1,1,0,0,medio_alto
1,10000.0,0,0.0,12,3,1,0,0,0,1,0,0,0,0,0,1,alto
1,10000.0,0,0.0,2,3,1,0,0,0,1,0,0,1,0,0,1,medio_alto
1,10000.0,1,1.0,1,1,1,0,0,0,0,0,0,1,0,0,0,baixo
3,10000.0,2,1.0,4,3,1,1,1,0,1,0,1,1,0,0,0,medio_alto
6,10000.0,61,0.9016393442622951,1,2,1,0,0,0,1,0,0,0,1,0,0,gratuito
3,10000.0,101,0.9603960396039604,1,2,1,1,0,2,1,0,1,0,0,0,0,alto
2,10000.0,118,0.9491525423728814,1,3,1,0,0,0,1,0,0,1,0,0,0,gratuito
2,10000.0,62,0.8709677419354839,9,3,1,0,1,1,0,0,1,0,1,1,0,medio_baixo
3,10000.0,42,0.8571428571428571,3,1,1,0,0,1,0,1,0,0,0,0,0,medio_alto
15,350000.0,1239,0.4971751412429379,7,1,1,0,0,0,0,0,0,0,1,0,0,medio_baixo
9,10000.0,76,0.5394736842105263,6,2,1,0,0,0,0,1,0,0,0,1,0,alto
12,35000.0,406,0.6576354679802956,9,3,1,1,0,1,1,1,1,0,0,0,0,baixo
4,10000.0,0,0.0,1,3,1,0,0,0,1,1,0,1,0,0,0,gratuito
9,10000.0,50,0.84,9,3,1,1,0,0,1,0,1,1,0,0,0,baixo
3,10000.0,3,1.0,2,3,1,1,1,0,0,1,0,1,1,0,0,medio_baixo
2,10000.0,1,1.0,1,4,1,0,0,0,1,0,1,1,0,1,0,baixo
4,0.0,0,0.0,0,0,1,0,0,0,0,0,0,0,0,0,0,gratuito
11,35000.0,566,0.7314487632508834,5,5,1,1,0,0,1,0,1,0,1,1,1,baixo
5,35000.0,5,0.2,1,6,1,1,1,0,1,1,1,1,0,1,0,alto
9,10000.0,94,0.574468085106383,2,5,1,0,0,0,1,1,1,0,0,0,0,baixo
5,10000.0,0,0.0,6,2,1,1,0,0,1,0,1,0,0,0,0,medio_baixo
6,0.0,0,0.0,1,2,1,0,0,0,0,0,0,0,1,0,1,medio_baixo
3,0.0,0,0.0,1,4,1,0,0,0,1,0,1,1,1,0,0,alto
2,150000.0,1135,0.8916299559471366,1,2,1,1,0,1,1,0,1,0,0,0,0,medio_alto
5,0.0,0,0.0,1,2,1,1,1,0,1,0,1,0,0,0,0,medio_baixo
3,0.0,0,0.0,10,2,1,1,1,0,1,0,0,0,0,1,0,alto
2,10000.0,6,0.3333333333333333,1,2,1,0,0,0,1,0,0,1,0,0,0,alto
4,0.0,0,0.0,9,3,1,0,0,0,0,0,0,0,0,0,0,alto
3,0.0,0,0.0,1,6,1,0,0,0,1,1,0,1,1,1,0,gratuito
7,10000.0,85,0.9176470588235294,1,1,1,0,0,0,0,0,0,0,0,0,1,gratuito
1,10000.0,0,0.0,1,3,1,0,0,0,1,0,1,1,0,0,0,medio_baixo
1,0.0,0,0.0,0,0,1,0,0,0,0,0,0,0,0,0,0,gratuito
7,10000.0,1,1.0,2,4,1,0,0,0,0,0,0,0,0,0,0,alto
2,0.0,0,0.0,1,3,1,0,1,0,0,0,1,1,0,0,0,gratuito
1,10000.0,0,0.0,1,3,1,0,0,0,1,0,1,1,0,0,0,medio_alto
1,10000.0,121,0.6942148760330579,30,3,1,0,0,0,0,1,1,0,0,0,1,medio_alto
2,10000.0,2,1.0,1,1,1,0,0,0,1,0,0,0,0,0,0,baixo
6,150000.0,8,1.0,1,1,1,0,0,0,0,1,0,0,0,0,0,medio_alto
4,10000.0,33,1.0,10,5,1,0,0,1,1,1,0,1,0,0,1,baixo
5,35000.0,1700,0.9452941176470588,29,4,1,0,0,1,1,1,1,1,0,0,0,medio_baixo
10,75000.0,495,0.8545454545454545,9,2,1,1,1,0,0,0,1,1,0,0,0,medio_baixo
8,750000.0,11860,0.9324620573355817,10,2,1,0,0,5,1,1,0,0,0,0,0,medio_alto
1,10000.0,3,1.0,1,1,1,0,0,0,0,1,0,0,0,0,0,alto
1,0.0,0,0.0,0,0,1,0,0,0,0,0,0,0,0,0,0,gratuito
1,10000.0,5,1.0,1,4,1,0,0,0,1,1,1,0,0,0,0,alto
12,10000.0,368,0.7255434782608695,1,4,1,0,0,0,1,0,0,0,1,0,0,alto
1,10000.0,0,0.0,3,3,1,0,0,1,1,0,1,0,1,0,0,medio_alto
1,35000.0,417,0.9040767386091128,1,5,1,0,0,0,1,1,0,0,0,1,1,alto
1,10000.0,0,0.0,5,2,1,0,0,0,0,0,1,1,0,0,0,medio_alto
3,0.0,0,0.0,0,0,1,0,0,0,0,0,0,0,0,0,0,gratuito
3,10000.0,29,0.6896551724137931,1,5,1,0,0,0,1,1,1,0,1,0,0,alto
7,10000.0,10,0.2,7,3,1,0,0,0,1,1,0,0,0,1,0,baixo
2,10000.0,4,0.75,1,5,1,0,0,0,1,1,0,1,0,1,0,medio_baixo
8,10000.0,19,0.5789473684210527,1,3,1,0,0,0,1,1,0,1,0,0,0,medio_baixo
6,10000.0,66,0.9242424242424242,8,3,1,0,0,0,1,1,0,1,0,0,0,medio_baixo
6,10000.0,15,1.0,3,3,1,0,0,0,0,1,1,1,0,0,0,medio_alto
5,35000.0,93,0.7634408602150538,1,5,1,0,0,0,1,1,1,0,1,0,0,alto
1,0.0,0,0.0,10,4,1,0,0,0,1,1,0,1,1,0,0,medio_alto
1,0.0,0,0.0,1,3,1,0,0,0,0,0,0,1,0,0,1,alto
3,75000.0,70,0.6571428571428571,1,4,1,1,0,0,1,1,0,0,0,0,0,gratuito
4,10000.0,2,1.0,1,2,1,0,0,0,0,1,1,0,0,0,0,medio_alto
3,10000.0,54,0.9074074074074074,10,3,1,0,0,0,1,0,1,0,0,1,0,medio_baixo
2,10000.0,6,0.5,1,1,1,0,0,0,0,1,0,0,0,0,0,baixo
3,10000.0,0,0.0,1,3,1,0,0,0,0,1,0,0,0,0,0,alto
2,10000.0,23,0.8695652173913043,4,2,1,0,0,0,1,0,1,0,0,0,0,baixo
20,150000.0,1283,0.9384255650818394,5,1,1,1,0,0,0,0,0,1,0,0,0,baixo
3,10000.0,2,0.5,1,4,1,0,0,0,1,1,0,1,1,0,0,baixo
1,10000.0,0,0.0,1,4,1,0,0,0,1,0,0,1,0,1,0,medio_baixo
1,10000.0,0,0.0,6,3,1,0,0,1,1,1,0,1,0,0,0,alto
6,10000.0,1,1.0,1,3,1,0,0,0,1,1,1,0,0,0,0,medio_alto
5,0.0,0,0.0,0,0,1,0,0,0,0,0,0,0,0,0,0,gratuito
4,10000.0,29,0.896551724137931,1,2,1,1,0,0,1,0,0,1,0,0,0,baixo
5,35000.0,27,0.37037037037037035,1,6,1,0,0,0,1,1,1,1,1,0,1,baixo
9,10000.0,12,0.8333333333333334,5,2,1,0,0,1,1,0,1,0,0,0,0,medio_alto
5,10000.0,15,0.8,7,3,1,0,0,0,1,0,1,1,0,0,0,medio_baixo
4,10000.0,0,0.0,2,3,1,1,1,0,1,1,0,1,0,0,0,baixo
1,0.0,0,0.0,0,0,1,0,0,0,0,0,0,0,0,0,0,gratuito
8,10000.0,28,0.4642857142857143,1,2,1,0,0,0,1,0,0,0,0,0,0,medio_alto
1,0.0,0,0.0,10,2,1,1,0,0,1,0,0,1,0,0,0,medio_alto
2,10000.0,5,1.0,8,3,1,0,0,0,1,0,1,1,0,0,0,baixo
2,10000.0,59,0.847457627118644,2,2,1,0,0,2,0,1,0,0,1,0,0,alto
5,150000.0,3169,0.8936573051435784,2,2,1,0,0,0,1,0,1,0,0,0,0,medio_alto
1,0.0,0,0.0,1,2,1,0,0,1,0,1,1,0,0,0,0,alto
1,10000.0,0,0.0,1,3,1,0,0,0,1,1,0,1,0,0,0,medio_baixo
2,10000.0,1,1.0,7,1,1,0,0,0,0,0,0,1,0,0,0,medio_alto
5,10000.0,18,0.7222222222222222,2,3,1,0,0,0,1,1,1,0,0,0,0,baixo
3,0.0,0,0.0,0,0,1,0,0,0,0,0,0,0,0,0,0,gratuito
5,10000.0,5,0.8,1,3,1,0,0,0,0,1,0,0,1,1,0,medio_baixo
2,10000.0,0,0.0,2,3,1,0,0,0,1,1,0,0,1,0,0,medio_alto
2,0.0,0,0.0,8,5,1,0,1,0,1,0,0,1,0,1,1,gratuito
4,75000.0,10,0.6,1,4,1,0,0,0,1,1,0,0,0,1,0,gratuito
7,35000.0,11,0.36363636363636365,1,3,1,0,0,100,1,1,0,1,0,0,0,gratuito
1,0.0,0,0.0,1,4,1,0,0,0,1,0,1,0,1,0,0,gratuito
4,10000.0,4,0.5,103,5,1,0,0,0,1,0,1,1,0,1,1,medio_baixo
18,1500000.0,16434,0.9367165632225873,5,2,1,0,0,0,0,1,0,0,1,0,0,alto
5,10000.0,219,0.91324200913242,5,3,1,0,0,0,1,1,0,1,0,0,0,baixo
3,10000.0,97,0.9587628865979382,1,1,1,1,0,0,0,0,1,0,0,0,0,medio_alto
5,10000.0,25,0.72,1,3,1,0,0,0,1,1,0,0,0,1,0,alto
2,0.0,0,0.0,1,4,1,0,0,0,0,0,0,1,0,1,0,gratuito
1,10000.0,0,0.0,4,3,1,0,0,0,1,0,0,1,0,1,0,alto
1,0.0,0,0.0,1,2,1,0,0,0,0,0,0,0,0,1,1,medio_baixo
5,10000.0,568,0.8309859154929577,1,4,1,0,0,0,1,1,0,0,0,0,1,alto
7,750000.0,2917,0.622214604045252,13,3,1,1,0,4,0,0,1,0,0,1,0,gratuito
2,10000.0,2,1.0,1,3,1,1,0,0,1,0,1,1,0,0,0,medio_alto
4,10000.0,34,0.7941176470588235,1,1,1,0,0,0,0,0,0,0,0,0,0,baixo
1,10000.0,0,0.0,1,2,1,0,0,0,1,0,1,0,0,0,0,medio_alto
1,10000.0,0,0.0,1,4,1,0,0,0,1,1,1,1,0,0,0,medio_alto
1,10000.0,0,0.0,2,2,1,0,0,0,1,0,0,0,0,1,0,medio_baixo
4,35000.0,3,1.0,2,3,1,0,0,0,1,0,1,0,1,0,0,medio_alto
2,35000.0,731,0.9439124487004104,1,1,1,0,0,0,0,0,0,0,1,0,0,medio_alto
6,10000.0,3,0.0,1,4,1,0,0,0,1,0,0,0,1,1,0,alto
6,10000.0,8,0.625,1,3,1,1,1,0,1,1,1,0,0,0,0,baixo
11,10000.0,26,0.4230769230769231,6,2,1,0,0,0,1,1,0,0,0,0,0,medio_baixo
7,10000.0,24,0.9583333333333334,1,3,1,1,1,0,1,1,1,0,0,0,0,medio_baixo
1,10000.0,0,0.0,1,4,1,0,0,0,0,1,1,1,0,0,0,medio_alto
1,10000.0,0,0.0,12,4,1,0,0,1,1,1,1,1,0,0,0,medio_alto
2,0.0,0,0.0,30,4,1,0,0,0,1,0,1,1,0,0,1,medio_alto
9,10000.0,4,0.5,1,4,1,0,0,0,1,0,1,1,0,0,1,alto
2,10000.0,3,1.0,1,2,1,0,0,0,1,0,0,1,0,0,0,baixo
1,10000.0,0,0.0,11,4,1,1,0,0,1,0,0,0,0,1,1,alto
2,75000.0,1,1.0,1,4,1,0,0,0,1,0,1,1,0,1,0,medio_baixo
2,0.0,0,0.0,0,0,1,0,0,0,0,0,0,0,0,0,0,gratuito
7,10000.0,6,0.3333333333333333,2,2,1,1,0,0,0,1,0,1,0,0,0,medio_baixo
5,35000.0,10,1.0,1,3,1,0,1,1,1,0,1,0,1,0,0,alto
4,10000.0,0,0.0,1,2,1,0,0,0,0,1,1,0,0,0,0,medio_baixo
1,10000.0,0,0.0,5,4,1,0,0,0,1,1,0,1,1,0,0,medio_alto
2,10000.0,5,0.8,1,6,1,0,0,0,1,1,1,1,1,0,1,baixo
2,10000.0,40,0.95,3,2,1,0,0,0,1,0,1,0,0,0,0,alto
9,35000.0,94,0.5851063829787234,8,3,1,0,0,1,1,1,1,0,0,0,0,medio_baixo
8,10000.0,123,0.9186991869918699,1,4,1,0,0,0,1,0,1,0,0,0,1,gratuito
5,0.0,0,0.0,2,3,1,1,0,0,1,0,1,0,0,0,0,gratuito
3,10000.0,7,0.14285714285714285,1,2,1,0,0,0,1,1,0,0,0,0,0,baixo
7,10000.0,1,1.0,1,2,1,0,0,0,1,0,0,0,0,1,0,alto
10,10000.0,9,0.4444444444444444,10,5,1,0,0,0,1,1,1,0,1,0,0,medio_baixo
8,10000.0,8,0.625,6,3,1,0,0,0,1,0,0,1,0,1,0,medio_alto
10,10000.0,8,0.5,1,3,1,0,0,0,1,0,0,0,1,0,1,medio_alto
14,350000.0,586,0.8771331058020477,1,2,1,0,1,2,1,0,0,1,0,0,0,medio_alto
6,10000.0,7,1.0,2,3,1,0,0,0,1,1,0,0,0,0,0,medio_alto
7,10000.0,26,1.0,3,2,1,1,0,1,1,0,1,0,0,0,0,baixo
2,0.0,0,0.0,0,0,1,0,0,0,0,0,0,0,0,0,0,gratuito
3,10000.0,195,0.9641025641025641,5,4,1,0,0,0,1,0,0,1,0,1,1,medio_alto
6,10000.0,15,0.8666666666666667,3,2,1,0,0,0,1,0,0,1,0,0,0,baixo
1,0.0,0,0.0,2,2,1,0,0,0,0,0,0,0,1,0,0,gratuito
8,10000.0,26,0.5,1,3,1,0,0,0,1,1,0,1,0,0,0,medio_baixo
5,10000.0,0,0.0,1,6,1,0,0,0,1,1,1,1,1,0,1,medio_baixo
1,10000.0,0,0.0,1,4,1,0,0,0,1,0,0,1,0,0,1,medio_baixo
2,10000.0,0,0.0,1,1,1,1,0,0,0,0,0,1,0,0,0,baixo
1,0.0,0,0.0,2,1,1,0,0,0,0,0,0,0,0,1,0,baixo
6,10000.0,35,0.9428571428571428,2,4,1,0,0,1,1,1,1,1,0,0,0,medio_baixo
2,10000.0,1,1.0,26,4,1,0,0,0,1,0,0,1,0,1,1,baixo
3,10000.0,8,0.75,5,5,1,0,0,0,1,0,0,1,0,0,1,medio_alto
2,10000.0,6,1.0,2,4,1,0,0,0,1,1,1,0,1,0,0,medio_baixo
10,10000.0,19,0.42105263157894735,10,3,1,1,0,0,1,0,0,1,0,1,0,medio_baixo
2,10000.0,7,0.8571428571428571,2,2,1,0,0,0,1,0,0,1,0,0,0,baixo
2,350000.0,10,1.0,1,2,1,0,0,0,0,1,0,0,0,0,0,medio_alto
3,10000.0,0,0.0,1,1,1,0,0,2,0,0,0,1,0,0,0,baixo
2,10000.0,22,1.0,10,2,1,0,0,1,0,0,1,1,0,0,0,medio_alto
1,10000.0,0,0.0,2,3,1,0,0,0,1,0,1,0,1,0,0,alto
6,10000.0,46,0.5,1,5,1,0,0,0,1,1,1,0,1,0,0,alto
9,10000.0,26,0.7692307692307693,1,4,1,0,0,0,1,1,1,1,0,0,0,gratuito
5,0.0,0,0.0,1,4,1,0,0,0,1,0,1,1,0,0,0,gratuito
5,10000.0,7,0.42857142857142855,1,4,1,0,0,0,0,1,0,1,0,0,1,medio_baixo
1,10000.0,0,0.0,1,4,1,0,0,0,1,1,1,0,0,0,0,alto
2,10000.0,6,1.0,1,3,1,0,0,0,1,1,0,0,1,0,0,medio_baixo
3,10000.0,12,0.9166666666666666,1,3,1,0,0,0,1,1,0,1,0,0,0,alto
5,10000.0,40,0.925,6,3,1,1,1,0,1,1,1,0,0,0,0,medio_baixo
1,0.0,0,0.0,1,2,1,0,0,0,1,0,0,1,0,0,0,medio_baixo
3,10000.0,145,0.9586206896551724,3,7,1,0,0,0,1,1,1,1,1,0,0,medio_alto
5,10000.0,8,0.0,1,2,1,0,0,0,1,0,0,1,0,0,0,baixo
3,10000.0,73,0.8493150684931506,1,1,1,0,0,0,1,0,0,0,0,0,0,medio_baixo
1,0.0,0,0.0,4,2,1,0,0,0,1,0,1,0,0,0,0,medio_baixo
9,10000.0,8,0.875,1,2,1,0,0,0,0,1,1,0,0,0,0,medio_alto
6,35000.0,148,0.8378378378378378,8,2,1,0,0,2,1,0,0,1,0,0,0,baixo
4,10000.0,1,1.0,1,3,1,0,0,0,1,1,1,0,0,0,0,medio_baixo
1,0.0,0,0.0,103,2,1,0,0,1,1,0,0,1,0,0,0,medio_baixo
6,10000.0,5,1.0,1,2,1,0,0,0,0,1,0,1,0,0,0,gratuito
4,10000.0,11,1.0,1,3,1,0,0,0,1,1,0,1,0,0,0,baixo
2,10000.0,76,0.9605263157894737,14,4,1,0,0,0,1,1,1,0,1,0,0,medio_alto
8,10000.0,116,0.9051724137931034,1,2,1,1,1,0,1,0,0,0,0,0,1,medio_baixo
3,10000.0,1,1.0,11,2,1,0,0,0,1,0,0,1,0,0,0,medio_baixo
11,10000.0,72,0.3611111111111111,1,3,1,0,0,1,1,0,1,0,1,0,0,baixo
5,0.0,0,0.0,0,0,1,0,0,0,0,0,0,0,0,0,0,gratuito
9,10000.0,53,0.8113207547169812,1,1,1,1,1,0,1,0,0,0,0,0,0,medio_alto
1,0.0,0,0.0,1,5,1,0,0,0,0,1,1,0,1,0,0,gratuito
7,10000.0,1,1.0,1,2,1,0,0,0,1,1,0,0,0,0,0,alto
2,0.0,0,0.0,0,0,1,0,0,0,0,0,0,0,0,0,0,gratuito
5,75000.0,395,0.9518987341772152,2,1,1,0,0,1,0,0,1,0,0,0,0,alto
1,10000.0,0,0.0,13,3,1,0,0,0,1,0,0,1,0,0,1,alto
4,10000.0,10,0.7,1,3,1,0,0,0,1,0,1,1,0,0,0,medio_baixo
3,0.0,0,0.0,0,0,1,0,0,0,0,0,0,0,0,0,0,gratuito
11,10000.0,11,0.2727272727272727,1,1,1,0,0,0,1,0,0,0,0,0,0,medio_alto
8,10000.0,104,0.7211538461538461,1,2,1,0,0,0,1,0,0,1,0,0,0,medio_baixo
3,10000.0,13,1.0,6,2,1,0,0,0,1,0,1,0,0,0,0,medio_baixo
4,75000.0,98,0.7653061224489796,1,3,1,0,0,0,1,0,1,0,0,0,1,medio_alto
1,10000.0,1,0.0,2,3,1,0,0,0,0,0,0,1,1,0,1,medio_baixo
2,10000.0,25,0.44,1,2,1,0,0,0,0,0,0,0,0,0,1,gratuito
3,10000.0,14,1.0,2,4,1,0,0,0,1,1,1,1,0,0,0,medio_baixo
7,10000.0,6,1.0,1,2,1,0,0,0,0,0,1,1,0,0,0,medio_alto
2,10000.0,4,1.0,2,3,1,1,1,0,0,0,0,0,1,1,0,alto
3,150000.0,444,0.8198198198198198,25,3,1,0,0,1,1,0,1,0,1,0,0,alto
2,10000.0,165,0.8909090909090909,5,3,1,0,0,0,1,0,0,1,0,0,1,medio_baixo
3,0.0,0,0.0,103,4,1,0,0,0,1,0,1,1,0,0,1,baixo
3,10000.0,11,0.9090909090909091,1,2,1,0,0,0,1,0,0,0,1,0,0,baixo
6,75000.0,3,0.6666666666666666,2,1,1,0,1,0,0,0,0,1,0,0,0,alto
1,0.0,0,0.0,1,5,1,0,0,0,0,0,1,1,1,0,0,gratuito
5,10000.0,24,1.0,1,4,1,1,0,0,1,0,1,1,0,1,0,alto
2,10000.0,136,0.9632352941176471,3,2,1,0,0,0,1,1,0,0,0,0,0,baixo
8,10000.0,68,0.8676470588235294,1,3,1,0,0,0,1,1,0,0,0,1,0,medio_alto
2,0.0,0,0.0,0,0,1,0,0,0,0,0,0,0,0,0,0,gratuito
3,10000.0,2,0.5,1,4,1,0,0,0,1,0,0,1,0,1,0,alto
11,150000.0,324,0.8055555555555556,4,2,1,1,1,1,1,1,0,0,0,0,0,medio_alto
3,10000.0,91,0.7362637362637363,7,3,1,0,0,0,0,1,1,0,1,0,0,medio_baixo
7,10000.0,83,0.7469879518072289,1,2,1,0,0,0,1,0,0,0,0,1,0,baixo
4,10000.0,140,0.9642857142857143,1,2,1,1,0,2,0,0,0,1,0,1,0,medio_baixo
3,35000.0,594,0.7962962962962963,11,2,1,0,0,1,0,1,1,0,0,0,0,baixo
9,35000.0,53,0.6226415094339622,1,3,1,1,1,0,1,1,0,1,0,0,0,baixo
2,0.0,0,0.0,5,4,1,0,0,0,0,0,0,1,0,0,1,gratuito
7,10000.0,124,0.8870967741935484,5,2,1,0,0,1,1,0,1,0,0,0,0,medio_baixo
8,10000.0,64,0.5625,7,3,1,0,0,0,1,0,0,0,0,1,0,gratuito
4,150000.0,1997,0.801201802704056,3,3,1,0,0,0,1,0,1,0,1,0,0,alto
1,0.0,0,0.0,1,2,1,0,0,0,0,0,0,1,0,0,0,gratuito
5,10000.0,4,1.0,2,4,1,0,0,0,1,1,1,0,0,0,0,medio_alto
6,10000.0,5,1.0,1,2,1,0,0,0,1,1,0,0,0,0,0,medio_alto
3,10000.0,28,0.75,1,5,1,0,0,0,0,0,0,0,0,0,0,alto
7,35000.0,137,0.7883211678832117,1,4,1,0,0,0,1,1,1,0,0,0,0,gratuito
8,10000.0,91,0.4725274725274725,3,3,1,0,0,0,1,0,0,1,0,0,1,medio_baixo
8,10000.0,41,0.6097560975609756,1,1,1,0,0,0,0,0,0,1,0,0,0,medio_alto
4,10000.0,45,1.0,1,3,1,0,0,1,1,1,0,0,1,0,0,baixo
3,10000.0,17,0.8823529411764706,8,3,1,0,0,1,1,1,0,1,0,0,0,medio_alto
1,10000.0,0,0.0,3,4,1,0,0,0,1,0,1,0,1,0,1,alto
5,10000.0,0,0.0,1,2,1,0,0,4,0,0,0,0,1,1,0,medio_alto
4,10000.0,210,0.8761904761904762,2,1,1,0,0,0,0,0,0,1,0,0,0,medio_alto
1,0.0,0,0.0,9,2,1,1,0,0,1,0,0,1,0,0,0,medio_alto
5,10000.0,16,0.625,103,3,1,0,0,0,1,0,1,1,0,0,0,baixo
2,10000.0,6,1.0,1,5,1,0,0,0,1,1,0,1,0,0,0,gratuito
6,10000.0,5,1.0,1,3,1,0,0,0,0,0,0,1,0,1,0,medio_alto
5,10000.0,16,0.5,1,3,1,0,0,0,1,0,0,0,1,1,0,alto
4,10000.0,402,0.9577114427860697,1,3,1,0,0,0,1,0,1,1,0,0,0,baixo
5,10000.0,8,0.375,11,3,1,1,0,0,0,0,0,0,0,0,1,alto
3,0.0,0,0.0,1,2,1,0,0,0,0,1,0,0,0,0,0,gratuito
2,0.0,0,0.0,2,3,1,1,1,0,1,0,1,0,0,0,0,gratuito
3,10000.0,0,0.0,2,3,1,0,0,0,1,0,0,1,0,1,0,medio_alto
3,0.0,0,0.0,0,0,1,0,0,0,0,0,0,0,0,0,0,gratuito
8,10000.0,18,0.6111111111111112,1,3,1,0,0,0,0,0,0,0,0,0,1,alto
2,10000.0,0,0.0,1,3,1,1,1,0,1,0,0,1,0,0,0,alto
2,10000.0,3,1.0,2,5,1,0,0,0,1,1,1,1,0,1,0,medio_alto
6,0.0,0,0.0,0,0,1,0,0,0,0,0,0,0,0,0,0,gratuito
4,0.0,0,0.0,0,0,1,0,0,0,0,0,0,0,0,0,0,gratuito
3,0.0,0,0.0,13,4,1,0,1,0,1,0,0,1,0,1,1,gratuito
10,35000.0,358,0.7402234636871509,2,3,1,0,0,0,1,0,1,1,0,0,0,baixo
2,10000.0,14,0.9285714285714286,1,3,1,0,0,0,1,0,0,1,0,1,0,medio_baixo
6,10000.0,14,0.5,1,2,1,0,0,0,0,0,0,1,0,0,1,gratuito
8,10000.0,1,0.0,1,4,1,0,0,0,1,0,1,0,1,0,0,gratuito
7,10000.0,0,0.0,1,3,1,0,0,4,1,0,1,1,0,0,0,alto
5,0.0,0,0.0,0,0,1,0,0,0,0,0,0,0,0,0,0,gratuito
1,0.0,0,0.0,0,0,1,0,0,0,0,0,0,0,0,0,0,gratuito
2,10000.0,0,0.0,10,3,1,0,0,0,1,0,0,1,0,0,0,gratuito
1,0.0,0,0.0,1,5,1,0,0,0,1,0,0,1,0,1,1,gratuito
4,10000.0,3,1.0,1,1,1,1,0,0,1,0,0,0,0,0,0,baixo
1,0.0,0,0.0,1,3,1,0,0,0,1,0,0,1,0,0,0,medio_alto
3,0.0,0,0.0,0,0,1,0,0,0,0,0,0,0,0,0,0,gratuito
5,10000.0,9,0.8888888888888888,1,2,1,0,0,0,1,1,0,0,0,0,0,baixo
6,75000.0,495,0.8444444444444444,1,2,1,0,0,0,0,0,0,0,0,0,0,gratuito
1,0.0,0,0.0,0,0,1,0,0,0,0,0,0,0,0,0,0,gratuito
1,10000.0,0,0.0,2,2,1,0,1,0,1,0,0,0,0,0,0,medio_baixo
1,0.0,0,0.0,11,6,1,0,0,1,1,1,1,1,1,1,0,alto
1,0.0,0,0.0,1,1,1,0,0,0,0,0,0,1,0,0,0,alto
2,10000.0,3,1.0,8,3,1,0,1,0,1,0,0,1,0,0,0,alto
1,10000.0,0,0.0,27,2,1,1,1,0,1,0,0,0,0,0,1,baixo
5,10000.0,6,0.5,1,2,1,0,0,1,1,0,0,1,0,0,0,baixo
17,150000.0,826,0.8535108958837773,4,1,1,0,0,0,0,0,0,0,0,1,0,baixo
1,35000.0,9,0.2222222222222222,1,3,1,0,0,0,1,1,0,0,0,0,0,medio_alto
2,10000.0,9,0.8888888888888888,2,1,1,0,0,0,1,0,0,0,0,0,0,medio_baixo
5,35000.0,6,0.6666666666666666,1,7,1,0,0,1,1,0,1,1,1,1,1,baixo
4,10000.0,3,1.0,1,1,1,0,0,0,1,0,0,0,0,0,0,medio_alto
5,150000.0,1803,0.6644481419855796,13,6,1,0,0,1,1,1,1,1,0,1,1,baixo
1,35000.0,230,0.9695652173913043,5,1,1,1,1,2,0,0,1,0,0,0,0,alto
1,0.0,0,0.0,2,3,1,0,0,0,1,1,1,0,0,0,0,alto
8,10000.0,4,0.5,1,5,1,1,1,0,1,0,1,0,1,1,0,medio_baixo
12,75000.0,157,0.8598726114649682,9,1,1,0,0,0,0,0,0,1,0,0,0,baixo
9,10000.0,113,0.5486725663716814,1,1,1,0,0,0,0,0,0,1,0,0,0,baixo
2,10000.0,0,0.0,1,2,1,0,0,0,1,0,0,1,0,0,0,alto
2,10000.0,19,0.7368421052631579,103,4,1,0,0,0,0,0,0,1,0,1,1,baixo
5,10000.0,87,0.9655172413793104,1,2,1,0,0,0,1,1,0,0,0,0,0,baixo
5,10000.0,1,1.0,1,3,1,0,0,0,1,1,0,1,0,0,0,medio_baixo
10,10000.0,72,0.6666666666666666,1,3,1,0,0,0,0,1,0,1,0,0,1,baixo
6,10000.0,16,0.75,1,4,1,0,0,0,1,1,1,0,1,0,0,gratuito
2,10000.0,74,0.9594594594594594,1,2,1,0,0,1,1,0,0,0,0,1,0,medio_alto
1,10000.0,3,1.0,9,2,1,0,0,0,0,0,0,0,0,0,1,medio_alto
8,10000.0,2,0.0,11,3,1,0,0,0,0,0,0,1,0,0,1,alto
2,10000.0,35,0.8,1,2,1,0,0,0,1,1,0,0,0,0,0,medio_baixo
7,10000.0,11,0.7272727272727273,1,3,1,0,0,0,1,1,0,1,0,0,0,medio_alto
1,10000.0,0,0.0,1,4,1,0,0,0,1,0,0,1,0,1,0,alto
6,35000.0,22,0.6818181818181818,1,3,1,1,0,3,1,0,0,1,0,0,1,medio_baixo
2,0.0,0,0.0,11,3,1,0,0,1,1,1,0,0,0,0,0,gratuito
1,0.0,0,0.0,1,1,1,0,0,0,1,0,0,0,0,0,0,baixo
3,10000.0,148,0.8783783783783784,102,3,1,0,0,2,1,0,0,1,0,0,0,baixo
7,10000.0,5,0.2,2,3,1,0,0,0,1,1,1,0,0,0,0,medio_alto
4,0.0,0,0.0,22,6,1,0,0,0,1,0,0,1,1,1,1,gratuito
2,10000.0,0,0.0,16,6,1,0,0,0,1,1,1,1,1,0,1,baixo
2,10000.0,316,0.7626582278481012,2,1,1,0,0,0,0,0,0,0,1,0,0,alto
3,10000.0,0,0.0,1,2,1,0,1,0,1,0,0,1,0,0,0,medio_alto
5,35000.0,50,0.86,1,2,1,1,1,0,1,1,0,0,0,0,0,gratuito
9,35000.0,171,0.7017543859649122,13,3,1,1,0,0,1,0,1,1,0,0,0,medio_alto
2,10000.0,5,1.0,1,1,1,0,0,0,1,0,0,0,0,0,0,alto
11,35000.0,122,0.45901639344262296,5,2,1,0,0,0,1,1,0,0,0,0,0,baixo
3,10000.0,0,0.0,1,1,1,0,0,2,0,0,0,1,0,0,0,baixo
7,10000.0,8,0.5,1,1,1,0,0,0,0,0,1,0,0,0,0,baixo
11,35000.0,132,0.7954545454545454,5,2,1,1,1,0,1,0,0,0,0,0,0,medio_alto
1,10000.0,0,0.0,1,1,1,0,0,0,0,0,0,0,0,1,0,medio_alto
2,0.0,0,0.0,0,0,1,0,0,0,0,0,0,0,0,0,0,gratuito
9,10000.0,15,0.6666666666666666,103,2,1,0,0,0,1,0,1,0,0,0,0,baixo
4,10000.0,49,1.0,1,2,1,0,1,0,1,1,0,0,0,0,0,alto
6,10000.0,8,0.875,8,1,1,1,0,0,0,0,0,1,0,0,0,baixo
5,10000.0,5,0.4,4,1,1,0,0,0,0,0,0,1,0,0,0,alto
1,10000.0,234,0.8760683760683761,5,3,1,0,0,1,1,1,0,0,1,0,0,alto
9,75000.0,207,0.7922705314009661,1,6,1,1,1,1,1,1,1,0,1,0,1,gratuito
1,0.0,0,0.0,1,5,1,0,0,0,0,0,1,1,1,0,1,gratuito
15,150000.0,299,0.39464882943143814,3,3,1,0,0,0,0,0,0,0,1,1,1,baixo
3,10000.0,42,0.8333333333333334,2,2,1,0,0,0,1,0,0,1,0,0,0,baixo
6,10000.0,34,0.6176470588235294,1,3,1,0,0,0,1,1,0,0,0,0,0,gratuito
2,10000.0,6,1.0,3,4,1,0,0,0,1,1,1,1,0,0,0,baixo
7,10000.0,26,0.8461538461538461,5,4,1,0,0,0,1,1,0,1,0,0,0,alto
5,35000.0,293,0.7713310580204779,4,2,1,0,0,2,1,0,0,0,1,0,0,alto
4,10000.0,146,0.8424657534246576,3,3,1,0,0,0,1,0,0,1,1,0,0,medio_baixo
3,350000.0,3095,0.7657512116316639,11,3,1,0,0,2,1,0,0,0,0,1,1,alto
4,10000.0,4,0.75,2,3,1,0,0,1,1,1,0,0,1,0,0,medio_alto
5,10000.0,20,0.8,1,3,1,0,0,0,0,1,0,0,0,1,1,medio_alto
1,0.0,0,0.0,7,3,1,0,0,1,1,1,0,0,1,0,0,medio_baixo
12,35000.0,181,0.861878453038674,1,2,1,1,0,0,0,1,1,0,0,0,0,baixo
8,10000.0,26,0.8461538461538461,1,3,1,0,0,0,1,0,0,1,0,0,1,medio_alto
1,10000.0,0,0.0,1,2,1,0,0,0,0,0,0,0,0,0,1,alto
7,10000.0,13,0.6923076923076923,1,2,1,0,0,0,0,0,0,0,0,0,1,gratuito
2,0.0,0,0.0,0,0,1,0,0,0,0,0,0,0,0,0,0,gratuito
1,10000.0,0,0.0,1,3,1,0,0,0,1,1,0,1,0,0,0,alto
6,10000.0,71,0.6619718309859155,1,5,1,0,0,0,1,1,0,1,0,0,0,gratuito
4,35000.0,26,0.9615384615384616,1,3,1,0,0,0,0,0,0,1,1,1,0,medio_baixo
9,35000.0,26,0.5384615384615384,1,3,1,1,1,1,1,0,1,0,1,0,0,baixo
2,10000.0,2,1.0,1,1,1,0,0,0,0,0,0,1,0,0,0,baixo
5,10000.0,68,0.8088235294117647,14,2,1,1,0,0,1,0,0,1,0,0,0,baixo
4,10000.0,10,0.8,1,1,1,0,0,0,0,1,0,0,0,0,0,alto
9,75000.0,516,0.872093023255814,1,2,1,0,0,0,1,1,0,0,0,0,0,medio_baixo
8,35000.0,158,0.6075949367088608,1,5,1,0,0,0,1,1,0,1,0,1,0,baixo
6,75000.0,772,0.9145077720207254,1,1,1,0,0,0,0,0,0,0,0,0,1,baixo
3,0.0,0,0.0,1,4,1,0,1,0,1,1,1,0,0,0,0,gratuito
4,35000.0,7,0.7142857142857143,1,3,1,0,0,0,1,1,1,0,0,0,0,alto
5,0.0,0,0.0,1,3,1,0,0,0,1,0,0,1,0,0,0,gratuito
4,0.0,0,0.0,1,6,1,0,0,0,1,1,0,1,0,0,1,gratuito
1,0.0,0,0.0,7,1,1,1,0,0,0,1,0,0,0,0,0,medio_alto
9,10000.0,3,1.0,1,3,1,0,0,0,1,0,0,0,0,1,0,medio_baixo
4,10000.0,35,0.9428571428571428,1,2,1,1,0,0,1,0,0,0,0,0,1,alto
4,10000.0,8,1.0,12,2,1,0,0,0,1,1,0,0,0,0,0,baixo
8,10000.0,0,0.0,5,2,1,0,0,0,1,0,0,0,0,1,0,medio_alto
8,10000.0,174,0.7011494252873564,1,2,1,0,0,0,0,1,0,0,1,0,0,medio_alto
1,0.0,0,0.0,1,2,1,0,0,0,1,0,0,1,0,0,0,medio_baixo
2,0.0,0,0.0,0,0,1,0,0,0,0,0,0,0,0,0,0,gratuito
1,10000.0,8,1.0,1,2,1,0,0,0,1,0,0,0,0,0,1,medio_alto
4,10000.0,26,0.5,2,4,1,0,0,0,1,1,1,0,1,0,0,baixo
9,10000.0,2,0.0,1,2,1,1,0,0,0,1,0,1,0,0,0,medio_baixo
6,10000.0,346,0.9046242774566474,4,2,1,0,0,0,1,0,1,0,0,0,0,medio_alto
2,10000.0,3,1.0,13,2,1,1,1,0,0,1,0,1,0,0,0,baixo
3,10000.0,2,1.0,1,1,1,0,0,0,0,1,0,0,0,0,0,medio_baixo
5,10000.0,202,0.9306930693069307,1,2,1,0,0,0,0,0,1,1,0,0,0,medio_baixo
2,75000.0,1278,0.8622848200312989,9,2,1,0,0,0,0,0,0,1,0,0,1,alto
11,35000.0,336,0.8392857142857143,2,2,1,0,0,1,0,0,0,0,0,1,1,alto
1,10000.0,0,0.0,5,5,1,0,0,0,0,1,1,1,1,0,1,alto
4,35000.0,653,0.8392036753445635,11,4,1,0,0,0,1,1,1,0,1,0,0,alto
4,0.0,0,0.0,2,3,1,0,0,1,1,0,0,0,0,1,0,gratuito
4,10000.0,53,0.8301886792452831,1,4,1,0,0,0,1,0,1,0,1,1,0,medio_alto
2,10000.0,2,0.5,1,2,1,0,0,0,0,1,1,0,0,0,0,medio_alto
8,10000.0,4,0.75,1,2,1,0,0,0,0,0,1,1,0,0,0,medio_alto
5,10000.0,13,0.8461538461538461,2,4,1,0,0,0,1,1,0,1,0,1,0,baixo
2,0.0,0,0.0,14,2,1,1,0,0,0,0,0,0,0,1,0,gratuito
1,0.0,0,0.0,1,2,1,0,0,0,1,1,0,0,0,0,0,medio_baixo
1,10000.0,0,0.0,1,2,1,0,0,0,1,0,0,0,1,0,0,medio_alto
9,150000.0,1175,0.9276595744680851,3,5,1,0,0,0,1,1,1,1,0,0,0,baixo
4,0.0,0,0.0,0,0,1,0,0,0,0,0,0,0,0,0,0,gratuito
4,35000.0,6,1.0,1,4,1,1,0,0,1,1,1,1,0,0,0,medio_alto
4,10000.0,143,0.8181818181818182,5,3,1,0,0,6,1,1,1,0,0,0,0,medio_alto
3,0.0,0,0.0,0,0,1,0,0,0,0,0,0,0,0,0,0,gratuito
2,10000.0,1,0.0,1,3,1,0,0,0,1,0,0,0,0,1,1,medio_baixo
9,35000.0,77,0.5974025974025974,1,2,1,1,1,0,1,0,1,0,0,0,0,baixo
11,35000.0,155,0.6967741935483871,2,3,1,0,0,3,1,0,0,1,0,1,0,baixo
5,350000.0,4638,0.8883139284174213,6,3,1,0,0,0,1,1,1,0,0,0,0,medio_alto
6,10000.0,587,0.8671209540034072,1,6,1,0,0,5,1,0,0,1,1,1,1,gratuito
13,35000.0,285,0.4666666666666667,10,3,1,1,0,0,1,0,0,1,0,0,1,alto
2,10000.0,0,0.0,1,3,1,0,0,0,1,0,0,1,0,0,0,gratuito
1,10000.0,0,0.0,12,4,1,0,0,4,1,0,0,1,1,0,1,medio_baixo
11,10000.0,56,0.5357142857142857,1,1,1,0,0,0,1,0,0,0,0,0,0,medio_baixo
11,35000.0,59,0.5932203389830508,2,4,1,0,0,0,1,1,0,1,0,1,0,baixo
8,10000.0,11,0.2727272727272727,3,3,1,0,0,0,0,1,0,0,0,0,1,baixo
2,0.0,0,0.0,0,0,1,0,0,0,0,0,0,0,0,0,0,gratuito
1,35000.0,393,0.910941475826972,15,0,1,1,0,3,0,0,0,0,0,0,0,medio_alto
1,10000.0,3,0.3333333333333333,1,3,1,0,0,0,1,1,1,0,0,0,0,medio_alto
2,0.0,0,0.0,0,0,1,0,0,0,0,0,0,0,0,0,0,gratuito
2,35000.0,55,1.0,1,5,1,1,1,0,1,0,1,1,0,0,0,gratuito
6,35000.0,377,0.9708222811671088,2,1,1,0,0,1,0,0,0,1,0,0,0,baixo
11,10000.0,13,0.46153846153846156,1,2,1,0,0,0,0,0,1,0,0,0,1,medio_baixo
3,35000.0,5,0.6,1,7,1,0,0,0,1,1,1,0,1,1,0,gratuito
6,10000.0,7,1.0,1,2,1,0,0,0,1,0,1,0,0,0,0,medio_alto
3,10000.0,18,0.8888888888888888,1,3,1,0,0,0,1,1,0,0,0,0,0,alto
4,0.0,0,0.0,1,1,1,0,0,1,1,0,0,0,0,0,0,gratuito
2,10000.0,23,0.9130434782608695,2,2,1,0,0,1,1,1,0,0,0,0,0,medio_baixo
5,0.0,0,0.0,1,2,1,1,0,0,0,1,1,0,0,0,0,gratuito
11,75000.0,609,0.5320197044334976,1,3,1,0,0,1,1,0,1,1,0,0,0,baixo
1,10000.0,0,0.0,11,1,1,0,0,0,1,0,0,0,0,0,0,alto
8,10000.0,14,0.9285714285714286,1,5,1,0,0,0,1,1,1,1,0,1,0,medio_alto
1,10000.0,10,0.8,1,1,1,0,0,0,1,0,0,0,0,0,0,medio_alto
4,10000.0,27,0.9629629629629629,7,3,1,1,0,1,0,1,1,1,0,0,0,medio_baixo
6,10000.0,65,0.676923076923077,1,4,1,0,1,3,1,1,1,1,0,0,0,gratuito
7,10000.0,28,0.5,2,4,1,0,0,0,0,0,0,0,0,0,0,medio_baixo
3,150000.0,2,0.5,1,3,1,0,0,0,0,1,0,1,0,0,0,medio_baixo
1,0.0,0,0.0,1,4,1,0,0,0,1,0,0,0,0,1,1,gratuito
4,10000.0,131,1.0,29,2,1,0,0,0,1,0,0,1,0,0,0,baixo
1,0.0,0,0.0,0,0,1,0,0,0,0,0,0,0,0,0,0,gratuito
2,0.0,0,0.0,99,5,1,0,0,0,1,0,1,1,1,1,0,baixo
9,35000.0,342,0.9239766081871345,3,2,1,0,0,1,0,0,1,1,0,0,0,medio_alto
12,35000.0,83,0.24096385542168675,2,2,1,0,0,0,0,1,0,0,0,0,1,medio_baixo
4,10000.0,678,0.8702064896755162,1,4,1,1,0,0,1,0,1,0,1,1,0,alto
17,75000.0,232,0.9008620689655172,1,1,1,0,0,0,0,0,0,0,0,0,1,medio_baixo
8,10000.0,41,0.5365853658536586,10,3,1,0,0,0,1,0,1,1,0,0,0,gratuito
2,10000.0,4,1.0,1,6,1,0,0,1,1,1,1,1,1,0,0,medio_alto
3,75000.0,28,0.8214285714285714,2,2,1,0,0,0,0,1,1,0,0,0,0,medio_baixo
3,35000.0,501,0.7904191616766467,7,1,1,1,0,0,0,0,1,0,0,0,0,medio_alto
12,10000.0,9,0.3333333333333333,1,1,1,0,0,0,1,0,0,0,0,0,0,baixo
1,0.0,0,0.0,11,2,1,0,0,0,0,0,0,1,0,0,1,medio_alto
3,10000.0,63,0.9206349206349206,1,1,1,0,0,0,1,0,0,0,0,0,0,medio_baixo
4,10000.0,43,1.0,12,5,1,0,0,0,1,1,0,1,0,0,1,medio_alto
8,35000.0,68,0.8970588235294118,2,3,1,0,0,0,0,0,0,1,0,0,1,gratuito
6,10000.0,45,0.4888888888888889,2,3,1,0,0,0,1,0,0,0,1,0,1,medio_baixo
2,10000.0,523,0.9235181644359465,5,1,1,0,0,16,0,0,0,0,1,0,0,alto
8,10000.0,5,1.0,1,4,1,0,0,1,1,1,1,1,0,0,0,medio_baixo
1,10000.0,1,1.0,1,1,1,0,0,0,0,0,0,1,0,0,0,medio_baixo
2,0.0,0,0.0,13,3,1,0,0,10,0,0,0,1,0,0,1,gratuito
2,10000.0,0,0.0,2,2,1,0,0,0,0,0,1,1,0,0,0,baixo
2,10000.0,28,0.8571428571428571,1,3,1,0,0,0,1,0,1,0,0,0,0,baixo
2,10000.0,0,0.0,1,3,1,0,0,0,1,0,1,1,0,0,0,medio_alto
2,10000.0,6,1.0,2,2,1,0,0,0,0,1,0,0,0,0,0,baixo
12,150000.0,58,0.6896551724137931,1,4,1,1,0,0,1,1,0,1,0,1,0,medio_baixo
4,10000.0,5,0.8,4,2,1,0,0,0,1,0,0,1,0,0,0,baixo
1,0.0,0,0.0,0,0,1,0,0,0,0,0,0,0,0,0,0,gratuito
6,10000.0,23,0.7391304347826086,2,2,1,0,0,0,0,1,1,0,0,0,0,medio_alto
4,10000.0,51,0.8431372549019608,2,5,1,0,0,0,1,0,1,1,1,0,0,gratuito
7,10000.0,25,0.56,2,3,1,0,0,0,1,1,0,0,1,0,0,medio_baixo
6,35000.0,190,0.6473684210526316,18,4,1,1,0,0,1,0,1,1,0,0,1,alto
2,10000.0,202,0.8910891089108911,6,3,1,0,0,0,1,0,0,1,0,1,0,medio_alto
4,0.0,0,0.0,1,4,1,0,0,1,1,0,0,1,0,0,0,gratuito
4,10000.0,32,0.9375,6,1,1,0,0,0,1,0,0,0,0,0,0,medio_alto
2,10000.0,0,0.0,1,2,1,0,0,0,1,1,0,0,0,0,0,baixo
3,35000.0,17,0.47058823529411764,1,2,1,0,0,4,0,0,0,1,0,0,1,medio_baixo
2,35000.0,538,0.912639405204461,13,3,1,0,0,1,1,1,0,0,1,0,0,medio_alto
4,0.0,0,0.0,0,0,1,0,0,0,0,0,0,0,0,0,0,gratuito
1,10000.0,0,0.0,1,5,1,0,0,0,1,1,1,1,0,0,0,medio_alto
1,10000.0,1,1.0,1,3,1,0,0,0,0,0,0,1,0,0,1,baixo
4,10000.0,0,0.0,1,3,1,0,0,0,1,0,0,1,0,1,0,medio_baixo
9,35000.0,3,1.0,2,3,1,0,0,0,1,1,0,1,0,0,0,baixo
3,10000.0,101,0.8613861386138614,13,2,1,0,0,0,1,1,0,0,0,0,0,gratuito
4,10000.0,10,1.0,1,1,1,1,0,0,0,0,0,1,0,0,0,medio_alto
9,35000.0,865,0.8959537572254336,1,4,1,1,1,0,1,0,1,1,0,0,0,gratuito
3,10000.0,5,0.8,1,4,1,0,0,0,1,1,1,1,0,0,0,medio_alto
3,35000.0,6,0.8333333333333334,1,4,1,0,0,0,1,1,0,0,1,1,0,alto
4,35000.0,703,0.5846372688477952,5,3,1,0,0,16,0,1,1,0,1,0,0,alto
4,0.0,0,0.0,0,0,1,0,0,0,0,0,0,0,0,0,0,gratuito
6,75000.0,5,0.8,1,2,1,0,0,0,0,1,0,0,0,1,0,medio_alto
5,10000.0,31,1.0,3,4,1,0,0,0,1,0,1,0,0,0,1,medio_alto
5,10000.0,78,0.44871794871794873,3,5,1,0,0,0,0,1,1,0,0,1,0,gratuito
1,0.0,0,0.0,30,3,1,0,0,0,0,1,1,0,0,0,1,alto
9,75000.0,635,0.7291338582677165,27,4,1,0,0,2,1,0,0,1,1,0,0,gratuito
5,10000.0,4,1.0,1,4,1,0,1,0,1,1,0,0,0,0,1,alto
3,10000.0,59,0.9830508474576272,1,3,1,0,0,1,0,1,0,1,0,0,1,baixo
2,0.0,0,0.0,0,0,1,0,0,0,0,0,0,0,0,0,0,gratuito
1,0.0,0,0.0,11,3,1,0,0,0,0,0,0,0,0,1,0,gratuito
7,10000.0,0,0.0,1,2,1,0,0,0,1,0,0,1,0,0,0,baixo
3,10000.0,0,0.0,1,1,1,0,0,0,0,0,0,1,0,0,0,alto
2,0.0,0,0.0,0,0,1,0,0,0,0,0,0,0,0,0,0,gratuito
7,35000.0,749,0.9025367156208278,11,1,1,0,0,2,0,1,0,0,0,0,0,alto
6,10000.0,0,0.0,29,3,1,0,0,0,1,0,0,1,0,1,0,baixo
2,10000.0,2,0.5,1,1,1,0,0,0,0,0,0,0,0,0,0,baixo
3,10000.0,3,1.0,1,6,1,0,0,0,1,0,0,1,0,0,1,medio_alto
10,75000.0,52,0.5384615384615384,1,2,1,0,0,0,0,0,1,0,0,0,0,gratuito
6,10000.0,3,0.6666666666666666,2,2,1,0,0,0,1,0,0,1,0,0,0,baixo
6,10000.0,39,0.9487179487179487,3,3,1,0,0,0,1,0,1,1,0,0,0,medio_alto
3,0.0,0,0.0,1,3,1,0,0,0,1,1,0,0,0,0,0,gratuito
6,10000.0,9,0.8888888888888888,1,2,1,0,0,0,1,1,0,0,0,0,0,gratuito
1,10000.0,0,0.0,4,3,1,0,0,1,1,1,1,0,0,0,0,alto
2,150000.0,21,0.8095238095238095,1,4,1,0,0,0,1,1,1,0,1,0,0,alto
3,10000.0,11,0.8181818181818182,1,2,1,0,0,0,1,0,1,0,0,0,0,medio_baixo
2,0.0,0,0.0,1,2,1,0,0,0,1,0,0,0,0,0,0,gratuito
2,10000.0,0,0.0,16,3,1,0,0,0,1,0,0,1,0,0,1,alto
7,10000.0,3,1.0,1,2,1,0,0,0,0,0,0,0,0,0,0,medio_alto
1,10000.0,13,0.9230769230769231,3,2,1,0,0,0,1,0,0,1,0,0,0,medio_baixo
5,10000.0,16,0.5,2,1,1,0,0,0,1,0,0,0,0,0,0,baixo
1,10000.0,0,0.0,12,4,1,0,0,0,1,1,0,1,0,1,0,alto
2,10000.0,2,1.0,1,2,1,0,0,0,0,1,1,0,0,0,0,medio_baixo
4,10000.0,2,1.0,6,5,1,0,0,0,1,1,1,1,0,0,0,medio_baixo
1,10000.0,0,0.0,6,4,1,0,1,0,1,1,1,0,1,0,0,medio_baixo
4,10000.0,235,0.8042553191489362,11,4,1,0,0,3,1,1,1,0,1,0,0,medio_alto
2,10000.0,1,0.0,1,2,1,0,0,0,0,0,0,1,0,1,0,baixo
1,0.0,0,0.0,4,5,1,1,0,0,1,1,1,1,0,0,0,gratuito
3,0.0,0,0.0,103,2,1,0,0,0,0,0,0,0,1,0,1,medio_baixo
3,10000.0,1,1.0,12,4,1,0,0,0,1,0,0,1,0,1,0,gratuito
5,10000.0,3,0.6666666666666666,1,3,1,0,0,0,0,1,0,0,0,0,0,baixo
12,75000.0,757,0.9577278731836195,6,4,1,0,0,0,1,1,1,1,0,0,0,baixo
6,10000.0,3,1.0,6,4,1,0,0,0,1,1,0,1,0,0,0,alto
4,35000.0,520,0.6788461538461539,7,3,1,0,0,8,0,0,0,0,0,0,1,medio_alto
10,350000.0,874,0.8089244851258581,2,4,1,1,1,1,1,0,0,1,0,1,1,alto
8,10000.0,4,0.0,2,8,1,0,0,0,1,1,1,1,1,0,1,medio_baixo
1,0.0,0,0.0,2,1,1,0,0,0,0,0,0,0,0,1,0,medio_alto
6,10000.0,14,0.5,1,5,1,0,0,0,1,1,1,1,0,0,1,baixo
2,35000.0,85,0.6823529411764706,1,3,1,0,0,1,1,0,0,0,0,1,1,alto
3,10000.0,0,0.0,1,5,1,0,0,0,1,0,1,1,0,0,1,gratuito
2,10000.0,9,0.8888888888888888,4,2,1,0,0,0,1,0,1,0,0,0,0,baixo
4,10000.0,43,0.9069767441860465,5,3,1,0,0,0,1,0,0,1,0,0,1,baixo
1,10000.0,0,0.0,3,3,1,0,0,0,1,1,0,0,0,0,0,alto
1,0.0,0,0.0,103,6,1,0,0,0,0,1,1,1,0,1,1,baixo
6,10000.0,21,0.9523809523809523,4,2,1,1,1,0,1,0,0,0,0,0,1,medio_baixo
1,10000.0,0,0.0,14,5,1,1,1,0,1,1,1,0,1,0,0,alto
1,0.0,0,0.0,0,0,1,0,0,0,0,0,0,0,0,0,0,gratuito
1,0.0,0,0.0,1,3,1,0,0,0,1,0,0,1,0,1,0,baixo
1,10000.0,0,0.0,12,3,1,0,0,0,1,0,1,1,0,0,0,baixo
1,10000.0,0,0.0,11,3,1,0,0,0,0,0,0,1,0,0,1,baixo
10,10000.0,145,0.5103448275862069,10,2,1,0,0,0,1,0,1,0,0,0,0,baixo
6,10000.0,0,0.0,29,3,1,0,0,0,1,0,0,1,0,0,1,baixo
2,0.0,0,0.0,1,5,1,0,0,0,1,1,1,1,0,0,0,gratuito
4,35000.0,83,0.8795180722891566,8,3,1,0,0,0,1,0,1,1,0,0,0,medio_alto
1,10000.0,13,0.6923076923076923,2,3,1,0,0,0,1,0,1,0,0,0,1,medio_baixo
5,10000.0,0,0.0,1,6,1,0,0,0,1,1,1,1,1,0,0,medio_alto
5,0.0,0,0.0,0,0,1,0,0,0,0,0,0,0,0,0,0,gratuito
1,10000.0,3,0.6666666666666666,28,5,1,0,0,0,0,1,1,1,0,0,1,medio_baixo
3,0.0,0,0.0,1,3,1,0,0,0,0,1,0,0,0,0,1,gratuito
7,150000.0,387,0.6046511627906976,8,2,1,0,0,1,1,0,1,0,0,0,0,alto
1,0.0,0,0.0,0,0,1,0,0,0,0,0,0,0,0,0,0,gratuito
3,10000.0,3,1.0,1,3,1,0,0,1,1,0,0,1,0,1,0,baixo
5,10000.0,10,0.8,1,2,1,1,0,0,1,0,0,0,0,1,0,medio_baixo
5,10000.0,0,0.0,1,2,1,0,0,0,1,0,0,0,0,1,0,baixo
9,350000.0,304,0.8223684210526315,2,4,1,0,0,1,1,1,1,0,0,0,1,baixo
8,35000.0,632,0.8623417721518988,29,5,1,1,0,1,1,0,0,1,1,1,1,baixo
1,0.0,0,0.0,1,4,1,1,0,0,0,1,0,0,1,1,1,medio_alto
5,10000.0,33,0.7878787878787878,1,2,1,0,0,0,1,0,0,1,0,0,0,medio_baixo
2,0.0,0,0.0,103,2,1,1,1,0,1,1,0,0,0,0,0,medio_baixo
2,0.0,0,0.0,0,0,1,0,0,0,0,0,0,0,0,0,0,gratuito
1,0.0,0,0.0,5,4,1,0,1,0,1,0,0,1,1,0,1,medio_alto
11,350000.0,438,0.776255707762557,1,3,1,0,0,0,1,0,1,1,0,0,0,baixo
1,0.0,0,0.0,11,5,1,0,0,0,1,0,0,1,1,0,1,gratuito
4,10000.0,110,0.9454545454545454,1,4,1,0,0,0,1,0,1,1,0,0,1,medio_alto
1,10000.0,0,0.0,10,3,1,0,0,0,1,0,1,0,0,0,1,medio_alto
2,10000.0,100,0.94,1,1,1,0,0,0,1,0,0,0,0,0,0,alto
8,10000.0,12,0.25,2,4,1,0,0,0,1,1,0,0,0,0,1,medio_baixo
10,10000.0,83,0.9397590361445783,2,2,1,0,0,1,0,0,1,1,0,0,0,medio_alto
1,0.0,0,0.0,1,4,1,0,0,0,1,1,1,0,0,0,0,gratuito
1,10000.0,0,0.0,2,2,1,0,0,0,0,0,0,1,1,0,0,medio_baixo
10,35000.0,82,0.3902439024390244,3,3,1,0,0,3,1,1,0,1,0,0,0,alto
1,0.0,0,0.0,1,3,1,0,0,0,1,0,0,1,0,0,0,medio_baixo
5,10000.0,0,0.0,5,1,1,1,1,4,1,0,0,0,0,0,0,medio_baixo
1,0.0,0,0.0,2,2,1,0,0,0,1,0,0,0,0,0,1,gratuito
2,10000.0,3,1.0,2,3,1,0,0,0,1,0,0,0,1,1,0,alto
6,10000.0,3,1.0,1,8,1,0,0,0,1,1,1,1,1,1,1,baixo
1,10000.0,0,0.0,1,6,1,0,0,0,1,0,1,1,1,1,1,alto
3,10000.0,50,0.76,1,2,1,0,0,0,0,1,0,0,0,0,0,medio_baixo
5,10000.0,115,0.6347826086956522,9,1,1,0,0,0,0,1,0,0,0,0,0,alto
11,35000.0,44,0.4090909090909091,2,3,1,1,1,2,1,0,0,0,1,1,0,medio_baixo
4,35000.0,327,0.9663608562691132,2,5,1,0,0,1,1,1,1,1,1,0,0,medio_alto
6,10000.0,16,0.4375,1,2,1,0,0,0,1,0,1,0,0,0,0,baixo
2,0.0,0,0.0,6,2,1,0,0,0,0,1,0,0,0,0,0,gratuito
11,750000.0,2426,0.7254740313272877,5,6,1,0,0,7,1,0,0,1,0,1,1,gratuito
8,35000.0,27,0.48148148148148145,1,3,1,0,0,0,1,1,0,0,0,0,0,gratuito
5,10000.0,6,0.6666666666666666,3,1,1,0,0,0,0,0,0,1,0,0,0,alto
3,10000.0,0,0.0,2,2,1,0,0,0,1,0,0,1,0,0,0,medio_baixo
9,10000.0,10,0.8,1,3,1,0,0,0,1,1,0,0,0,0,0,medio_alto
3,10000.0,0,0.0,1,1,1,0,0,0,0,0,0,1,0,0,0,medio_baixo
2,10000.0,0,0.0,1,5,1,0,0,0,1,1,1,1,0,0,0,gratuito
3,10000.0,3,0.6666666666666666,1,2,1,0,0,0,1,0,0,1,0,0,0,medio_baixo
2,10000.0,2,1.0,1,1,1,0,0,0,0,0,0,1,0,0,0,medio_alto
5,10000.0,0,0.0,3,4,1,0,0,0,0,1,1,1,0,0,1,baixo
4,0.0,0,0.0,1,1,1,0,0,0,1,0,0,0,0,0,0,gratuito
1,10000.0,6,0.3333333333333333,2,3,1,0,0,0,1,0,1,0,0,0,1,medio_baixo
2,0.0,0,0.0,0,0,1,0,0,0,0,0,0,0,0,0,0,gratuito
3,10000.0,0,0.0,1,3,1,0,0,0,0,0,1,1,0,0,1,medio_baixo
1,0.0,0,0.0,1,1,1,1,1,0,0,0,0,0,0,0,0,gratuito
1,0.0,0,0.0,1,5,1,0,0,0,1,0,1,1,0,0,0,gratuito
1,0.0,0,0.0,1,4,1,0,0,0,1,0,0,1,0,1,0,gratuito
1,10000.0,0,0.0,9,4,1,0,1,1,1,1,1,0,0,0,0,alto
1,0.0,0,0.0,0,0,1,0,0,0,0,0,0,0,0,0,0,gratuito
2,10000.0,1,0.0,1,1,1,0,0,0,0,1,0,0,0,0,0,medio_alto
11,150000.0,1003,0.9152542372881356,1,4,1,0,0,0,1,1,1,0,1,0,0,medio_baixo
2,35000.0,31,0.8064516129032258,1,2,1,0,0,1,1,1,0,0,0,0,0,baixo
8,10000.0,0,0.0,2,2,1,1,1,0,1,0,0,1,0,0,0,medio_baixo
1,10000.0,13,0.9230769230769231,1,4,1,0,0,0,1,0,0,1,0,0,1,gratuito
9,10000.0,11,0.5454545454545454,1,4,1,0,0,0,1,0,0,1,0,1,1,baixo
6,10000.0,1,1.0,1,2,1,0,0,0,0,0,0,1,0,1,0,medio_baixo
2,75000.0,1,0.0,8,3,1,0,0,0,1,1,1,0,0,0,0,medio_baixo
4,10000.0,26,0.7307692307692307,1,3,1,0,0,0,1,1,1,0,0,0,0,medio_alto
2,10000.0,18,1.0,5,3,1,0,0,0,1,0,1,0,0,0,0,baixo
5,750000.0,5571,0.869323281278047,8,3,1,1,0,3,1,0,0,0,0,0,1,alto
8,10000.0,37,0.5675675675675675,1,4,1,0,0,2,1,1,1,0,1,0,0,gratuito
1,0.0,0,0.0,0,0,1,0,0,0,0,0,0,0,0,0,0,gratuito
4,35000.0,1371,0.7892049598832969,2,3,1,0,0,0,1,0,0,0,1,1,0,alto
3,0.0,0,0.0,1,4,1,0,0,1,1,0,1,1,0,0,0,gratuito
2,10000.0,0,0.0,1,4,1,0,0,0,1,1,0,0,1,0,0,medio_baixo
9,10000.0,12,0.9166666666666666,1,3,1,0,0,0,1,1,0,0,0,0,0,alto
11,150000.0,198,0.4595959595959596,1,2,1,0,0,0,1,1,0,0,0,0,0,baixo
7,10000.0,5,0.2,1,3,1,0,0,0,1,1,0,1,0,0,0,baixo
6,35000.0,9,0.8888888888888888,1,7,1,0,0,1,0,0,0,0,0,0,0,gratuito
3,0.0,0,0.0,0,0,1,0,0,0,0,0,0,0,0,0,0,gratuito
1,0.0,0,0.0,0,0,1,0,0,0,0,0,0,0,0,0,0,gratuito
4,0.0,0,0.0,0,0,1,0,0,0,0,0,0,0,0,0,0,gratuito
4,10000.0,73,0.5753424657534246,8,3,1,1,0,0,1,1,1,0,0,0,0,medio_alto
6,10000.0,19,0.8947368421052632,1,2,1,0,0,0,1,0,0,0,1,0,0,medio_baixo
6,10000.0,8,0.875,3,3,1,0,0,0,1,0,1,0,0,1,0,alto
5,10000.0,5,1.0,1,2,1,0,0,0,0,0,1,1,0,0,0,medio_alto
3,10000.0,59,0.9830508474576272,7,3,1,0,0,0,1,0,0,1,0,1,0,medio_alto
5,10000.0,21,1.0,1,4,1,0,0,0,1,1,0,1,0,0,0,medio_alto
2,10000.0,0,0.0,1,4,1,0,0,0,1,0,1,1,0,0,1,medio_baixo
2,10000.0,1,1.0,1,1,1,1,0,0,0,0,0,1,0,0,0,baixo
1,10000.0,0,0.0,1,2,1,0,0,0,0,1,1,0,0,0,0,baixo
5,75000.0,31,0.8064516129032258,1,2,1,1,0,0,1,0,1,0,0,0,0,baixo
2,0.0,0,0.0,103,1,1,0,0,0,0,0,0,1,0,0,0,baixo
6,10000.0,1,1.0,1,2,1,0,0,0,1,1,0,0,0,0,0,medio_baixo
2,10000.0,34,0.6764705882352942,1,5,1,0,0,0,1,0,1,0,0,0,1,medio_baixo
2,10000.0,2,1.0,1,2,1,0,0,0,0,0,0,0,0,0,0,alto
7,10000.0,33,0.5454545454545454,2,4,1,0,0,0,1,0,0,0,0,1,0,gratuito
2,0.0,0,0.0,103,1,1,0,0,0,0,0,0,1,0,0,0,baixo
1,10000.0,0,0.0,2,1,1,0,0,0,1,0,0,0,0,0,0,medio_baixo
1,10000.0,5,0.6,1,4,1,0,0,0,1,1,1,1,0,0,0,medio_baixo
7,10000.0,27,0.8888888888888888,1,3,1,0,0,0,1,0,0,1,0,0,1,medio_baixo
4,0.0,0,0.0,0,0,1,0,0,0,0,0,0,0,0,0,0,gratuito
9,35000.0,239,0.4393305439330544,3,2,1,0,0,1,1,0,0,0,0,1,0,medio_baixo
11,1500000.0,5229,0.7146681965959074,7,3,1,1,1,3,1,1,0,0,0,1,0,medio_alto
3,10000.0,6,1.0,1,5,1,0,0,0,1,1,0,1,1,0,0,medio_alto
1,10000.0,0,0.0,8,3,1,0,0,1,1,0,0,0,0,1,1,alto
10,10000.0,30,0.7666666666666667,1,3,1,1,1,0,1,1,0,1,0,0,0,alto
7,35000.0,15,0.5333333333333333,1,2,1,0,0,0,0,1,0,0,0,0,0,gratuito
1,0.0,0,0.0,1,4,1,1,0,0,1,0,1,1,0,0,0,gratuito
7,35000.0,646,0.8993808049535603,6,2,1,1,0,0,1,0,1,0,0,0,0,medio_alto
4,10000.0,38,0.6842105263157895,2,1,1,0,0,0,1,0,0,0,0,0,0,baixo
8,10000.0,12,1.0,1,2,1,0,0,0,1,1,0,0,0,0,0,medio_alto
6,150000.0,435,0.9241379310344827,1,2,1,0,0,1,0,0,1,0,1,0,0,baixo
6,35000.0,4,1.0,1,3,1,1,0,0,1,0,1,0,1,0,0,alto
1,0.0,0,0.0,0,0,1,0,0,0,0,0,0,0,0,0,0,gratuito
6,10000.0,4,1.0,1,1,1,0,0,0,0,1,0,0,0,0,0,medio_alto
2,35000.0,3,1.0,1,2,1,0,1,0,0,1,0,0,0,0,0,gratuito
6,10000.0,4,0.25,1,7,1,0,0,1,1,1,1,1,1,1,0,medio_baixo
7,350000.0,708,0.480225988700565,3,5,1,0,0,5,0,1,1,0,1,0,0,gratuito
5,10000.0,21,0.5238095238095238,2,3,1,0,0,0,1,1,1,0,0,0,0,medio_alto
2,10000.0,11,1.0,1,3,1,0,0,0,1,1,0,1,0,0,0,medio_alto
1,0.0,0,0.0,0,0,1,0,0,0,0,0,0,0,0,0,0,gratuito
2,0.0,0,0.0,0,0,1,0,0,0,0,0,0,0,0,0,0,gratuito
2,35000.0,112,0.8928571428571429,1,1,1,0,0,0,0,0,1,0,0,0,0,medio_baixo
1,0.0,0,0.0,30,3,1,0,0,0,1,0,0,1,0,0,0,medio_alto
2,10000.0,0,0.0,1,4,1,1,0,0,1,1,1,1,0,0,0,gratuito
1,10000.0,0,0.0,2,3,1,0,0,0,1,0,1,0,0,0,1,medio_baixo
13,1500000.0,16293,0.9209476462284416,6,1,1,0,0,0,1,0,0,0,0,0,0,medio_alto
1,0.0,0,0.0,1,4,1,0,0,0,1,0,0,1,0,1,0,gratuito
4,10000.0,1,0.0,1,4,1,0,0,0,0,0,0,1,0,1,1,medio_alto
8,10000.0,0,0.0,1,4,1,0,0,0,1,1,1,1,0,0,0,medio_alto
6,10000.0,35,0.8285714285714286,1,4,1,1,0,0,0,1,1,0,0,1,1,alto
10,35000.0,124,0.7338709677419355,1,1,1,0,0,1,1,0,0,0,0,0,0,medio_alto
1,10000.0,7,1.0,1,1,1,0,0,1,0,0,1,0,0,0,0,medio_baixo
3,10000.0,62,0.9032258064516129,1,3,1,0,0,0,0,0,0,0,1,0,1,medio_alto
4,10000.0,22,0.6818181818181818,8,3,1,0,0,0,1,0,0,1,0,0,1,medio_baixo
1,0.0,0,0.0,0,0,1,0,0,0,0,0,0,0,0,0,0,gratuito
5,10000.0,5,1.0,1,4,1,0,0,0,1,1,0,1,0,0,0,baixo
5,10000.0,14,0.5714285714285714,1,1,1,0,0,0,0,0,0,0,0,0,1,baixo
5,150000.0,20,0.8,1,4,1,0,0,0,1,1,1,0,1,0,0,baixo
3,10000.0,77,0.8311688311688312,2,2,1,0,0,0,1,0,0,1,0,0,0,baixo
3,0.0,0,0.0,0,0,1,0,0,0,0,0,0,0,0,0,0,gratuito
4,10000.0,2,1.0,1,1,1,0,0,0,0,1,0,0,0,0,0,baixo
2,10000.0,0,0.0,1,1,1,0,0,0,0,0,0,0,0,0,0,medio_alto
4,10000.0,124,0.6854838709677419,2,4,1,0,0,0,1,0,1,1,0,1,0,baixo
1,0.0,0,0.0,0,0,1,0,0,0,0,0,0,0,0,0,0,gratuito
1,0.0,0,0.0,0,0,1,0,0,0,0,0,0,0,0,0,0,gratuito
8,10000.0,43,0.6511627906976745,1,2,1,0,0,0,0,1,1,0,0,0,0,alto
2,10000.0,0,0.0,1,3,1,0,0,0,1,0,0,1,0,1,0,baixo
1,10000.0,3,1.0,1,1,1,0,0,0,0,1,0,0,0,0,0,baixo
3,10000.0,1,0.0,1,2,1,0,0,0,0,1,0,1,0,0,0,medio_baixo
1,0.0,0,0.0,0,0,1,0,0,0,0,0,0,0,0,0,0,gratuito
6,10000.0,101,0.8514851485148515,5,3,1,0,0,0,1,0,0,1,0,1,0,medio_alto
5,0.0,0,0.0,1,1,1,1,0,0,0,1,0,0,0,0,0,gratuito
3,35000.0,70,0.5714285714285714,1,4,1,0,0,0,1,0,0,0,0,1,1,alto
2,10000.0,0,0.0,3,5,1,0,0,0,1,0,1,0,1,0,0,gratuito
8,10000.0,32,0.5625,1,2,1,0,0,0,1,0,0,1,0,0,0,baixo
1,0.0,0,0.0,2,5,1,0,0,0,1,1,1,1,0,1,0,baixo
7,35000.0,4,0.75,1,2,1,0,1,0,0,0,0,1,0,0,0,medio_alto
1,10000.0,0,0.0,11,3,1,0,0,0,1,0,0,1,0,0,1,medio_alto
3,0.0,0,0.0,0,0,1,0,0,0,0,0,0,0,0,0,0,gratuito
6,35000.0,34,0.9411764705882353,1,1,1,0,1,0,0,0,0,0,0,1,0,medio_alto
12,10000.0,50,0.6,1,3,1,1,0,0,1,0,0,0,1,1,0,baixo
7,10000.0,2,1.0,1,6,1,0,0,0,1,1,1,1,1,0,0,baixo
2,10000.0,0,0.0,1,2,1,0,0,0,0,0,0,1,1,0,0,baixo
7,35000.0,268,0.9514925373134329,29,2,1,1,1,0,1,0,0,1,0,0,0,baixo
1,0.0,0,0.0,7,3,1,0,0,0,1,0,0,1,0,0,1,medio_baixo
3,350000.0,5070,0.6378698224852071,12,2,1,1,0,2,0,1,0,0,0,1,0,alto
7,10000.0,2,1.0,1,4,1,0,0,0,1,0,0,1,0,0,1,medio_alto
4,10000.0,8,0.75,1,2,1,0,0,0,1,0,1,0,0,0,0,medio_alto
4,10000.0,105,0.819047619047619,11,2,1,1,1,0,0,1,0,1,0,0,0,medio_baixo
2,0.0,0,0.0,0,0,1,0,0,0,0,0,0,0,0,0,0,gratuito
1,0.0,0,0.0,1,5,1,0,0,0,1,0,0,1,1,1,0,gratuito
2,10000.0,18,0.6111111111111112,1,8,1,0,0,0,1,1,1,1,1,0,1,gratuito
4,10000.0,7,0.7142857142857143,2,3,1,0,0,0,1,1,0,0,1,0,0,baixo
1,10000.0,3,0.3333333333333333,1,2,1,0,0,0,1,0,1,0,0,0,0,baixo
1,10000.0,0,0.0,1,2,1,0,0,0,1,0,0,1,0,0,0,medio_alto
7,10000.0,13,0.7692307692307693,1,1,1,0,0,0,1,0,0,0,0,0,0,medio_baixo
2,10000.0,0,0.0,5,1,1,1,1,0,0,0,0,1,0,0,0,alto
1,10000.0,3,1.0,1,4,1,0,0,0,0,1,1,1,0,0,0,baixo
5,10000.0,3,0.6666666666666666,1,3,1,0,0,0,1,1,0,1,0,0,0,alto
9,75000.0,491,0.8207739307535642,1,2,1,0,0,0,1,0,0,0,0,0,0,alto
8,10000.0,243,0.6213991769547325,2,3,1,1,1,0,1,0,1,1,0,0,0,baixo
2,0.0,0,0.0,103,6,1,0,0,3,1,1,0,1,1,0,1,gratuito
5,0.0,0,0.0,0,0,1,0,0,0,0,0,0,0,0,0,0,gratuito
3,0.0,0,0.0,4,4,1,0,0,0,1,0,1,1,0,0,0,gratuito
10,10000.0,36,0.9166666666666666,1,3,1,0,0,1,1,0,1,0,0,1,0,medio_alto
4,0.0,0,0.0,1,2,1,0,0,0,1,0,1,0,0,0,0,gratuito
2,0.0,0,0.0,1,4,1,0,0,0,1,0,1,1,0,0,0,gratuito
8,10000.0,33,0.9696969696969697,1,3,1,0,1,0,1,1,0,1,0,0,0,medio_alto
1,10000.0,0,0.0,2,3,1,1,1,0,1,0,1,1,0,0,0,medio_baixo
9,10000.0,37,0.972972972972973,1,1,1,0,0,0,0,1,0,0,0,0,0,alto
8,10000.0,1,0.0,1,6,1,0,0,0,1,0,1,0,1,1,1,alto
3,0.0,0,0.0,103,8,1,1,1,0,1,1,1,1,1,1,0,alto
6,35000.0,385,0.8441558441558441,21,2,1,1,1,0,1,0,0,0,0,0,1,medio_alto
5,10000.0,0,0.0,2,6,1,0,0,0,1,1,1,1,0,1,0,medio_baixo
1,0.0,0,0.0,1,2,1,0,0,0,1,0,0,1,0,0,0,medio_alto
8,10000.0,13,0.8461538461538461,5,2,1,0,0,0,1,0,1,0,0,0,0,medio_baixo
3,35000.0,436,0.5504587155963303,11,2,1,0,0,0,1,0,0,0,0,0,1,medio_baixo
8,10000.0,99,0.5353535353535354,103,5,1,0,0,0,1,0,1,1,0,1,1,baixo
9,35000.0,171,0.5964912280701754,10,2,1,0,0,1,1,1,0,0,0,0,0,alto
1,0.0,0,0.0,0,0,1,0,0,0,0,0,0,0,0,0,0,gratuito
7,35000.0,2,0.5,1,4,1,1,0,0,1,1,1,1,0,0,0,medio_baixo
5,350000.0,2544,0.9406446540880503,3,2,1,0,0,0,1,0,0,0,1,0,0,alto
1,10000.0,2,1.0,1,5,1,0,0,0,1,0,0,1,1,1,1,medio_alto
4,0.0,0,0.0,0,0,1,0,0,0,0,0,0,0,0,0,0,gratuito
20,35000.0,88,0.7613636363636364,9,2,1,0,0,0,1,1,0,0,0,0,0,alto
9,10000.0,34,0.6764705882352942,1,4,1,0,0,0,1,1,1,0,1,0,0,medio_baixo
1,10000.0,0,0.0,10,5,1,0,0,0,1,1,0,1,0,0,1,alto
4,10000.0,36,0.9722222222222222,1,1,1,0,0,0,1,0,0,0,0,0,0,medio_baixo
9,150000.0,2414,0.8487986743993372,12,3,1,1,1,1,1,1,1,0,0,0,0,medio_alto
2,0.0,0,0.0,0,0,1,0,0,0,0,0,0,0,0,0,0,gratuito
6,10000.0,13,0.6923076923076923,11,3,1,1,0,0,1,0,0,1,0,1,0,medio_baixo
2,10000.0,56,0.6071428571428571,11,6,1,0,0,18,0,0,0,0,0,0,0,alto
3,0.0,0,0.0,1,7,1,0,0,2,1,1,1,0,1,1,0,gratuito
4,10000.0,208,0.5528846153846154,6,3,1,0,0,0,1,0,1,1,0,0,0,medio_baixo
4,35000.0,15,1.0,1,3,1,0,0,0,1,0,1,0,1,0,0,medio_alto
1,10000.0,8,1.0,1,4,1,0,0,0,1,0,1,0,1,1,0,alto
3,10000.0,21,0.7619047619047619,1,4,1,0,0,0,1,0,1,0,0,0,1,baixo
10,35000.0,2,0.0,1,6,1,0,0,0,1,1,1,1,1,1,0,baixo
2,0.0,0,0.0,103,1,1,0,0,0,0,0,0,1,0,0,0,baixo
1,10000.0,0,0.0,1,3,1,1,0,0,1,0,1,1,0,0,0,medio_alto
3,10000.0,60,0.5833333333333334,2,3,1,0,0,0,0,0,0,0,0,1,1,alto
5,0.0,0,0.0,0,0,1,0,0,0,0,0,0,0,0,0,0,gratuito
8,10000.0,24,1.0,6,3,1,1,1,0,1,1,0,1,0,0,0,alto
6,10000.0,0,0.0,1,2,1,0,0,0,1,0,0,1,0,0,0,baixo
10,350000.0,1994,0.8515546639919759,21,3,1,0,0,1,1,1,0,1,0,0,0,baixo
8,150000.0,22,0.36363636363636365,1,3,1,1,1,0,1,1,0,1,0,0,0,baixo
5,10000.0,39,0.7692307692307693,1,3,1,0,0,0,1,0,0,1,0,0,1,medio_baixo
4,10000.0,0,0.0,1,2,1,0,0,0,0,0,0,0,1,1,0,medio_baixo
1,0.0,0,0.0,1,2,1,0,0,0,1,1,0,0,0,0,0,alto
6,10000.0,10,0.9,103,7,1,0,1,0,1,1,1,1,0,1,1,alto
3,10000.0,6,0.5,5,3,1,0,0,0,1,1,1,0,0,0,0,medio_baixo
7,10000.0,38,0.9473684210526315,5,1,1,1,0,0,0,0,0,1,0,0,0,medio_baixo
7,10000.0,12,0.9166666666666666,1,2,1,1,0,0,1,0,1,0,0,0,0,baixo
4,10000.0,1,0.0,1,3,1,0,0,0,1,0,1,1,0,0,0,baixo
7,10000.0,8,1.0,1,2,1,0,0,0,0,0,1,1,0,0,0,medio_alto
1,10000.0,3,1.0,3,1,1,0,0,0,0,0,0,0,1,0,0,alto
6,10000.0,26,0.5769230769230769,6,3,1,0,0,0,1,1,1,0,0,0,0,medio_baixo
5,10000.0,0,0.0,1,3,1,0,0,0,1,0,0,1,1,0,0,medio_alto
7,10000.0,5,0.4,1,2,1,0,0,0,0,0,0,1,0,0,1,medio_alto
3,10000.0,2,1.0,1,2,1,0,0,0,1,0,0,1,0,0,0,alto
1,0.0,0,0.0,1,3,1,0,0,0,1,0,0,1,0,0,0,gratuito
1,10000.0,0,0.0,3,3,1,0,0,0,1,1,0,1,0,0,0,medio_baixo
4,10000.0,3,0.6666666666666666,1,1,1,0,0,0,0,0,0,1,0,0,0,baixo
3,0.0,0,0.0,0,0,1,0,0,0,0,0,0,0,0,0,0,gratuito
3,0.0,0,0.0,0,0,1,0,0,0,0,0,0,0,0,0,0,gratuito
3,10000.0,3,0.6666666666666666,103,4,1,0,0,0,1,0,0,1,0,1,1,baixo
6,10000.0,12,1.0,3,2,1,0,1,0,1,0,0,1,0,0,0,medio_baixo
5,10000.0,27,0.9259259259259259,11,3,1,0,0,0,1,0,0,1,0,0,0,gratuito
5,10000.0,12,0.6666666666666666,3,3,1,0,0,0,1,1,1,0,0,0,0,baixo
3,750000.0,14504,0.9056811913954771,1,4,1,0,0,0,1,1,0,1,0,0,1,alto
1,10000.0,6,0.5,1,4,1,0,0,0,1,1,1,1,0,0,0,alto
8,10000.0,9,0.8888888888888888,2,3,1,1,0,0,1,1,1,0,0,0,0,alto
2,10000.0,0,0.0,1,4,1,0,0,0,1,0,0,1,1,0,1,alto
1,0.0,0,0.0,0,0,1,0,0,0,0,0,0,0,0,0,0,gratuito
2,10000.0,25,1.0,1,1,1,0,1,0,0,1,0,0,0,0,0,medio_alto
2,10000.0,16,0.5625,8,6,1,0,0,0,1,1,1,1,1,0,1,alto
3,35000.0,535,0.9439252336448598,1,4,1,1,1,0,1,0,0,1,1,0,0,alto
6,10000.0,37,0.7297297297297297,1,5,1,0,0,0,1,0,1,1,1,0,0,gratuito
3,10000.0,7,0.8571428571428571,1,1,1,0,0,1,0,0,0,1,0,0,0,baixo
5,10000.0,26,0.9615384615384616,1,3,1,0,0,0,0,0,0,0,0,0,1,gratuito
4,10000.0,11,1.0,1,3,1,1,1,0,1,0,0,1,0,0,1,medio_baixo
5,10000.0,0,0.0,1,2,1,1,1,1,1,0,0,1,0,0,0,baixo
2,10000.0,12,1.0,1,2,1,0,0,2,1,0,1,0,0,0,0,medio_alto
2,10000.0,1,1.0,6,3,1,0,0,0,1,0,1,1,0,0,0,baixo
5,0.0,0,0.0,0,0,1,0,0,0,0,0,0,0,0,0,0,gratuito
9,75000.0,49,0.8163265306122449,1,1,1,0,0,0,1,0,0,0,0,0,0,medio_alto
1,10000.0,0,0.0,2,1,1,0,0,0,1,0,0,0,0,0,0,alto
7,10000.0,6,0.8333333333333334,1,2,1,1,1,0,1,0,0,0,0,1,0,alto
2,10000.0,0,0.0,1,2,1,0,0,0,1,0,0,1,0,0,0,baixo
5,10000.0,51,0.5882352941176471,1,3,1,0,0,0,1,0,0,1,0,0,0,gratuito
2,10000.0,3,1.0,1,2,1,0,0,0,1,0,0,1,0,0,0,medio_alto
3,10000.0,95,0.6526315789473685,2,2,1,0,0,17,0,1,0,0,1,0,0,alto
5,0.0,0,0.0,1,3,1,0,0,0,0,0,0,0,0,0,1,gratuito
1,10000.0,0,0.0,1,4,1,0,0,0,1,0,0,1,0,0,1,gratuito
3,10000.0,0,0.0,1,4,1,0,0,0,1,1,0,1,0,0,0,alto
2,35000.0,2,0.5,1,1,1,0,0,0,0,0,0,0,0,1,0,medio_baixo
1,10000.0,0,0.0,3,3,1,0,0,0,1,0,0,1,0,0,1,medio_baixo
8,10000.0,8,1.0,1,1,1,0,0,0,0,0,0,0,0,1,0,alto
11,350000.0,498,0.3453815261044177,1,8,1,0,0,0,1,1,1,1,1,1,1,baixo
2,10000.0,6,0.16666666666666666,9,3,1,0,0,0,1,1,0,0,0,0,0,alto
5,10000.0,0,0.0,1,1,1,0,0,0,0,0,0,1,0,0,0,medio_baixo
7,10000.0,3,0.6666666666666666,2,2,1,0,0,0,1,1,0,0,0,0,0,medio_alto
4,10000.0,29,0.9310344827586207,2,1,1,0,0,0,1,0,0,0,0,0,0,baixo
1,0.0,0,0.0,1,4,1,0,0,0,1,1,0,1,0,0,0,gratuito
4,0.0,0,0.0,8,5,1,0,0,0,1,1,1,0,1,0,0,gratuito
7,10000.0,7,0.5714285714285714,1,3,1,0,0,0,0,1,0,0,0,1,1,gratuito
2,35000.0,745,0.8590604026845637,5,4,1,0,0,3,1,0,0,1,1,0,1,alto
1,0.0,0,0.0,1,4,1,0,0,0,1,0,0,1,0,1,1,medio_alto
2,0.0,0,0.0,0,0,1,0,0,0,0,0,0,0,0,0,0,gratuito
5,35000.0,295,0.8711864406779661,2,2,1,0,0,1,1,0,0,1,0,0,0,alto
4,10000.0,50,0.84,29,2,1,0,0,0,1,0,0,1,0,0,0,baixo
5,10000.0,24,0.9583333333333334,5,3,1,1,1,1,1,0,1,1,0,0,0,medio_baixo
12,350000.0,4309,0.18101647714086794,1,3,1,1,1,0,1,0,0,0,0,1,1,baixo
2,350000.0,3983,0.8506151142355008,14,2,1,0,0,4,0,1,1,0,0,0,0,alto
7,10000.0,19,0.8421052631578947,4,3,1,0,0,0,1,1,1,0,0,0,0,baixo
7,35000.0,2,1.0,1,3,1,0,0,0,1,0,0,1,0,1,0,baixo
11,150000.0,453,0.9602649006622517,7,1,1,1,1,0,1,0,0,0,0,0,0,medio_alto
2,10000.0,23,1.0,1,3,1,0,0,0,1,1,0,0,1,0,0,alto
5,10000.0,9,0.5555555555555556,1,3,1,0,0,0,1,1,0,1,0,0,0,baixo
1,10000.0,0,0.0,12,4,1,0,0,0,1,1,0,0,1,0,0,alto
10,10000.0,52,0.7692307692307693,1,1,1,0,0,1,0,0,0,1,0,0,0,alto
3,10000.0,0,0.0,1,1,1,0,0,0,0,0,0,0,0,0,1,medio_alto
4,10000.0,57,0.9298245614035088,2,3,1,0,0,1,0,0,0,0,1,1,1,medio_alto
2,0.0,0,0.0,1,4,1,0,0,0,1,0,1,1,0,0,0,gratuito
2,10000.0,2,0.5,1,3,1,0,1,0,1,0,0,0,0,0,0,medio_baixo
1,10000.0,0,0.0,1,4,1,0,0,0,1,1,0,0,0,0,1,medio_alto
9,10000.0,6,1.0,1,2,1,0,0,0,0,0,1,1,0,0,0,medio_alto
5,10000.0,229,0.8864628820960698,1,5,1,0,0,2,0,1,1,0,1,0,0,gratuito
2,0.0,0,0.0,1,3,1,0,0,0,1,0,0,0,0,0,0,gratuito
4,150000.0,2722,0.8148420279206466,10,2,1,0,0,1,0,1,1,0,0,0,0,alto
9,10000.0,16,0.625,1,3,1,1,0,0,1,0,0,1,0,0,1,baixo
1,10000.0,8,1.0,2,2,1,0,0,0,1,0,0,0,0,1,0,medio_baixo
8,10000.0,41,0.7073170731707317,1,5,1,0,0,0,1,1,0,1,0,0,0,gratuito
1,10000.0,0,0.0,1,1,1,0,0,0,0,0,0,1,0,0,0,alto
2,10000.0,4,0.75,1,3,1,0,0,0,1,1,0,0,0,1,0,medio_alto
8,10000.0,3,1.0,1,2,1,0,0,0,0,0,1,1,0,0,0,medio_alto
1,10000.0,7,0.8571428571428571,2,3,1,0,0,0,1,1,1,0,0,0,0,medio_baixo
2,0.0,0,0.0,1,3,1,1,1,0,1,1,0,0,0,0,0,gratuito
1,10000.0,8,1.0,1,3,1,0,0,0,1,1,0,0,0,0,0,baixo
2,10000.0,7,1.0,1,4,1,1,1,0,1,0,0,1,1,0,1,medio_baixo
9,10000.0,240,0.9458333333333333,27,2,1,1,1,0,1,1,0,0,0,0,0,medio_baixo
5,35000.0,13,0.6923076923076923,1,2,1,0,0,0,0,0,1,1,0,0,0,baixo
10,75000.0,368,0.8233695652173914,1,3,1,1,1,0,1,0,1,0,0,0,0,gratuito
1,0.0,0,0.0,1,4,1,0,0,0,1,1,0,1,0,0,0,gratuito
9,10000.0,8,0.375,2,7,1,0,0,0,1,1,1,1,0,1,1,medio_alto
7,10000.0,18,0.8888888888888888,1,3,1,0,0,0,1,1,0,0,0,1,0,gratuito
7,10000.0,32,0.875,8,2,1,0,0,0,1,1,0,0,0,0,0,alto
1,10000.0,0,0.0,2,3,1,0,0,0,1,0,0,1,0,0,1,medio_alto
1,0.0,0,0.0,1,3,1,0,0,0,1,1,1,0,0,0,0,medio_baixo
7,75000.0,1490,0.8275167785234899,2,4,1,0,0,3,1,0,1,0,1,0,1,baixo
2,10000.0,1,0.0,3,4,1,0,0,0,1,1,1,0,1,0,0,baixo
5,10000.0,3,0.3333333333333333,1,2,1,0,0,0,0,0,0,0,1,1,0,medio_baixo
1,0.0,0,0.0,1,5,1,0,0,0,0,0,1,1,1,0,1,gratuito
8,10000.0,12,0.25,1,3,1,0,0,0,1,1,0,1,0,0,0,baixo
3,35000.0,6,1.0,1,3,1,0,0,0,1,0,1,1,0,0,0,medio_baixo
10,75000.0,441,0.6099773242630385,6,3,1,0,0,0,0,0,0,0,1,1,1,medio_alto
6,35000.0,29,0.7586206896551724,1,1,1,0,0,0,0,0,0,0,0,0,0,gratuito
8,10000.0,10,0.6,1,2,1,0,0,2,1,0,1,0,0,0,0,baixo
5,10000.0,14,0.9285714285714286,1,2,1,1,1,1,1,1,0,0,0,0,0,baixo
7,10000.0,2,1.0,3,5,1,1,1,0,1,1,1,1,0,0,1,alto
2,0.0,0,0.0,103,3,1,0,0,0,1,0,0,1,0,0,0,gratuito
6,35000.0,58,0.9310344827586207,1,3,1,0,0,0,1,0,0,1,0,0,0,gratuito
2,10000.0,14,0.42857142857142855,1,3,1,0,0,0,1,1,1,0,0,0,0,baixo
2,10000.0,0,0.0,1,2,1,1,0,0,0,0,1,1,0,0,0,medio_alto
4,0.0,0,0.0,1,2,1,0,0,0,1,1,0,0,0,0,0,gratuito
1,0.0,0,0.0,1,2,1,0,1,0,1,0,0,1,0,0,0,medio_alto
6,10000.0,25,0.24,8,1,1,0,0,0,0,0,0,1,0,0,0,alto
1,0.0,0,0.0,1,3,1,0,0,0,1,0,1,0,0,0,0,gratuito
2,10000.0,0,0.0,1,2,1,0,0,0,0,1,0,0,0,0,0,gratuito
7,10000.0,8,0.875,2,5,1,0,0,0,1,1,1,0,1,0,0,alto
1,75000.0,436,0.7591743119266054,18,5,1,0,0,1,1,1,1,1,0,0,0,alto
1,0.0,0,0.0,11,3,1,0,1,1,1,0,0,1,0,0,1,baixo
6,10000.0,15,1.0,1,3,1,0,0,0,1,0,0,0,0,0,1,baixo
10,10000.0,23,0.8260869565217391,6,1,1,1,1,0,1,0,0,0,0,0,0,baixo
5,10000.0,31,0.5483870967741935,15,1,1,0,0,0,0,0,1,0,0,0,0,medio_baixo
5,10000.0,3,0.6666666666666666,1,4,1,0,0,0,0,0,0,0,0,0,0,alto
1,10000.0,0,0.0,28,1,1,0,0,0,0,0,0,1,0,0,0,baixo
6,75000.0,1005,0.9164179104477612,2,3,1,0,0,0,1,0,1,0,0,0,0,gratuito
7,35000.0,357,0.9495798319327731,1,3,1,0,0,0,1,0,0,1,0,0,0,gratuito
2,10000.0,62,0.9838709677419355,5,5,1,0,0,0,1,1,1,0,0,1,1,medio_alto
1,0.0,0,0.0,13,5,1,0,0,0,1,1,0,1,0,0,0,medio_baixo
8,10000.0,70,0.9,2,3,1,0,0,0,1,0,1,0,1,0,0,baixo
3,10000.0,16,0.875,1,1,1,0,0,0,0,0,1,0,0,0,0,alto
6,10000.0,5,0.8,1,3,1,0,0,0,1,0,1,0,1,0,0,alto
1,10000.0,0,0.0,2,2,1,0,0,0,0,0,0,0,0,1,0,medio_baixo
2,10000.0,4,1.0,1,1,1,0,0,0,0,1,0,0,0,0,0,medio_baixo
1,10000.0,0,0.0,6,5,1,0,0,0,1,0,1,1,0,0,1,alto
2,0.0,0,0.0,0,0,1,0,0,0,0,0,0,0,0,0,0,gratuito
5,10000.0,22,0.9090909090909091,3,4,1,0,0,0,1,1,0,0,0,0,1,alto
8,10000.0,5,1.0,1,3,1,0,0,0,1,0,0,1,0,1,0,medio_baixo
1,0.0,0,0.0,0,0,1,0,0,0,0,0,0,0,0,0,0,gratuito
17,350000.0,1703,0.724603640634175,10,2,1,0,0,0,0,1,1,0,0,0,0,medio_baixo
2,10000.0,163,0.9570552147239264,12,4,1,1,0,0,1,1,1,0,0,0,0,medio_baixo
8,35000.0,41,0.4146341463414634,1,2,1,0,0,0,1,1,0,0,0,0,0,baixo
1,0.0,0,0.0,1,2,1,0,0,1,0,1,1,0,0,0,0,alto
3,0.0,0,0.0,0,0,1,0,0,0,0,0,0,0,0,0,0,gratuito
4,0.0,0,0.0,103,3,1,1,1,0,1,0,0,1,0,1,0,baixo
2,10000.0,11,0.9090909090909091,1,1,1,0,0,0,0,0,1,0,0,0,0,baixo
2,0.0,0,0.0,0,0,1,0,0,0,0,0,0,0,0,0,0,gratuito
1,350000.0,3664,0.9566048034934498,10,2,1,1,0,2,1,0,0,0,0,1,0,alto
2,10000.0,45,0.8888888888888888,2,2,1,0,0,1,1,0,1,0,0,0,0,alto
9,10000.0,46,0.45652173913043476,4,2,1,0,0,0,0,0,0,0,0,0,1,alto
3,10000.0,12,0.3333333333333333,7,5,1,0,0,0,1,1,0,1,0,0,1,medio_baixo
1,0.0,0,0.0,3,1,1,0,0,0,0,0,0,0,1,0,0,alto
4,10000.0,10,0.8,1,2,1,0,0,0,1,0,0,1,0,0,0,baixo
9,10000.0,12,0.9166666666666666,4,4,1,0,0,0,1,1,0,1,0,0,0,gratuito
3,10000.0,4,1.0,1,1,1,1,0,0,0,0,0,0,0,1,0,alto
2,0.0,0,0.0,0,0,1,0,0,0,0,0,0,0,0,0,0,gratuito
1,0.0,0,0.0,0,0,1,0,0,0,0,0,0,0,0,0,0,gratuito
5,10000.0,85,0.7294117647058823,3,6,1,0,0,0,1,0,1,1,1,1,0,alto
6,10000.0,1,1.0,1,2,1,0,0,0,0,0,0,1,0,1,0,medio_baixo
1,10000.0,0,0.0,3,4,1,0,0,1,1,1,1,0,1,0,0,alto
1,0.0,0,0.0,0,0,1,0,0,0,0,0,0,0,0,0,0,gratuito
2,35000.0,18,1.0,9,3,1,0,0,0,0,0,0,1,0,1,1,medio_baixo
3,35000.0,6,0.6666666666666666,1,3,1,1,0,0,1,0,0,1,0,0,0,gratuito
8,150000.0,2299,0.8534145280556764,1,1,1,1,0,1,1,0,0,0,0,0,0,gratuito
2,10000.0,1,1.0,1,3,1,0,1,0,1,1,0,1,0,0,0,medio_baixo
7,750000.0,10080,0.7505952380952381,6,1,1,0,0,2,0,0,0,0,0,1,0,medio_alto
6,10000.0,76,0.6973684210526315,7,1,1,0,0,0,0,0,1,0,0,0,0,medio_baixo
2,0.0,0,0.0,0,0,1,0,0,0,0,0,0,0,0,0,0,gratuito
1,10000.0,0,0.0,5,3,1,0,0,0,1,1,0,0,0,1,0,baixo
1,10000.0,0,0.0,27,2,1,1,1,0,1,0,0,0,0,0,1,baixo
2,10000.0,2,1.0,1,2,1,0,0,0,1,1,0,0,0,0,0,medio_baixo
1,10000.0,4,1.0,1,2,1,0,0,0,1,1,0,0,0,0,0,baixo
2,10000.0,3,1.0,1,1,1,0,0,0,0,0,0,0,1,0,0,baixo
1,10000.0,8,0.875,14,2,1,0,0,0,1,0,0,1,0,0,0,baixo
1,0.0,0,0.0,0,0,1,0,0,0,0,0,0,0,0,0,0,gratuito
1,0.0,0,0.0,103,8,1,1,1,0,1,1,1,1,0,1,1,alto
1,10000.0,0,0.0,10,4,1,0,0,0,1,0,1,0,1,0,1,medio_baixo
1,10000.0,0,0.0,3,4,1,0,0,0,1,0,1,0,1,0,0,medio_baixo
7,35000.0,330,0.8181818181818182,1,3,1,0,0,0,1,1,1,0,0,0,0,baixo
3,10000.0,8,1.0,1,7,1,1,1,0,0,1,1,1,1,1,1,medio_baixo
1,10000.0,0,0.0,1,4,1,1,0,1,1,0,1,0,1,0,0,alto
7,350000.0,796,0.8907035175879398,1,2,1,1,0,0,1,0,0,0,0,0,0,gratuito
7,10000.0,1,1.0,3,2,1,0,0,0,1,0,1,0,0,0,0,medio_alto
9,75000.0,513,0.7777777777777778,1,4,1,1,0,0,1,1,0,1,0,0,0,baixo
2,0.0,0,0.0,0,0,1,0,0,0,0,0,0,0,0,0,0,gratuito
10,75000.0,255,0.6588235294117647,9,2,1,1,1,0,0,0,1,1,0,0,0,medio_alto
1,0.0,0,0.0,0,0,1,0,0,0,0,0,0,0,0,0,0,gratuito
4,10000.0,1,1.0,5,4,1,0,0,0,0,1,0,1,0,0,1,medio_alto
6,10000.0,2,1.0,1,3,1,0,0,0,1,0,1,1,0,0,0,medio_alto
5,10000.0,301,0.7906976744186046,4,5,1,0,0,0,1,1,1,0,1,0,0,gratuito
8,35000.0,16,0.625,1,4,1,0,0,0,1,1,1,0,0,0,1,alto
6,35000.0,127,0.7795275590551181,5,2,1,0,0,0,1,1,0,0,0,0,0,baixo
3,10000.0,61,0.8688524590163934,1,4,1,0,0,0,0,1,1,0,0,0,1,baixo
9,10000.0,5,0.6,1,2,1,0,0,0,0,0,1,1,0,0,0,medio_alto
1,0.0,0,0.0,103,1,1,0,1,0,0,0,0,1,0,0,0,baixo
6,10000.0,1,1.0,1,3,1,0,0,0,1,0,0,0,1,0,1,alto
1,0.0,0,0.0,1,4,1,0,0,0,1,1,0,0,0,1,1,alto
1,10000.0,49,0.9795918367346939,1,2,1,0,0,0,0,1,0,1,0,0,0,medio_alto
3,10000.0,0,0.0,1,2,1,0,0,0,0,0,0,1,0,0,0,medio_baixo
4,10000.0,6,1.0,1,2,1,0,0,0,1,0,0,1,0,0,0,medio_baixo
9,10000.0,12,0.6666666666666666,1,2,1,1,1,0,1,1,0,0,0,0,0,medio_baixo
8,10000.0,84,0.7857142857142857,1,2,1,0,0,0,1,1,0,0,0,0,0,medio_baixo
1,0.0,0,0.0,1,3,1,0,0,0,0,0,0,0,1,1,0,alto
8,10000.0,13,0.6923076923076923,2,4,1,0,0,0,0,0,1,1,1,0,1,alto
8,75000.0,1617,0.7854050711193569,3,5,1,0,0,1,1,0,1,1,1,1,0,baixo
8,10000.0,0,0.0,1,2,1,0,0,0,1,1,0,0,0,0,0,medio_baixo
4,10000.0,0,0.0,1,1,1,0,0,0,0,0,0,0,0,0,1,alto
5,10000.0,0,0.0,1,2,1,1,1,0,1,0,0,1,0,0,0,alto
8,10000.0,92,0.6195652173913043,2,3,1,0,0,0,1,0,1,0,0,0,1,baixo
1,10000.0,0,0.0,5,2,1,1,0,1,1,0,1,0,0,0,0,alto
4,10000.0,0,0.0,1,1,1,0,0,0,0,0,0,1,0,0,0,medio_alto
7,10000.0,55,0.509090909090909,1,4,1,0,0,0,1,0,1,1,0,1,0,baixo
1,0.0,0,0.0,0,0,1,0,0,0,0,0,0,0,0,0,0,gratuito
2,10000.0,15,0.9333333333333333,1,1,1,1,0,0,0,1,0,0,0,0,0,medio_baixo
1,10000.0,3,1.0,1,2,1,0,0,0,0,1,0,0,0,0,0,medio_alto
9,10000.0,5,0.8,1,2,1,0,1,0,1,0,0,1,0,0,0,medio_alto
1,10000.0,0,0.0,2,3,1,0,0,0,1,1,0,0,0,0,1,baixo
2,0.0,0,0.0,1,4,1,0,0,0,1,0,1,0,1,0,0,gratuito
7,150000.0,1528,0.8252617801047121,5,1,1,0,0,20,0,1,0,0,0,0,0,medio_alto
1,0.0,0,0.0,1,4,1,0,0,1,1,1,1,0,0,0,0,gratuito
2,35000.0,80,0.7875,3,3,1,0,0,0,1,0,1,0,1,0,0,alto
2,0.0,0,0.0,8,3,1,0,0,0,0,1,0,0,1,0,0,gratuito
6,750000.0,14,0.7142857142857143,2,3,1,0,0,0,1,0,1,0,0,0,1,baixo
2,10000.0,73,0.8767123287671232,9,1,1,0,0,0,0,0,0,0,0,0,0,medio_alto
12,10000.0,71,0.8309859154929577,1,1,1,1,0,0,0,0,1,0,0,0,0,baixo
3,10000.0,59,0.9491525423728814,4,3,1,1,0,0,1,0,1,0,0,1,0,medio_alto
4,10000.0,90,0.8444444444444444,1,2,1,0,0,0,0,1,1,0,0,0,0,medio_baixo
5,350000.0,4641,0.9293255763843999,2,3,1,0,0,0,1,0,0,0,1,0,0,gratuito
7,10000.0,21,0.9523809523809523,1,5,1,0,0,0,1,0,0,0,0,0,1,alto
3,75000.0,243,0.8930041152263375,3,4,1,0,0,1,1,1,1,0,1,0,0,medio_alto
4,35000.0,854,0.9461358313817331,12,5,1,1,1,2,1,0,1,1,1,0,1,medio_baixo
3,10000.0,2,1.0,1,1,1,0,0,0,0,1,0,0,0,0,0,medio_baixo
2,10000.0,47,0.851063829787234,4,3,1,0,0,0,1,1,1,0,0,0,0,medio_baixo
5,75000.0,815,0.7901840490797546,9,2,1,0,0,0,0,1,0,0,0,0,0,medio_baixo
3,10000.0,4,0.75,2,4,1,0,0,0,0,0,0,0,0,0,0,alto
2,10000.0,5,1.0,1,4,1,0,0,0,1,0,1,0,1,0,0,gratuito
1,10000.0,11,0.8181818181818182,4,1,1,0,0,0,0,0,1,0,0,0,0,medio_baixo
3,0.0,0,0.0,103,2,1,0,0,0,1,1,0,0,0,0,0,gratuito
8,10000.0,31,0.41935483870967744,1,3,1,1,1,0,1,0,0,1,0,1,0,alto
8,10000.0,5,1.0,2,3,1,0,0,0,1,0,1,0,0,1,0,baixo
3,10000.0,13,0.9230769230769231,1,2,1,0,0,0,1,0,0,0,0,1,0,medio_baixo
6,10000.0,31,0.967741935483871,2,2,1,0,0,0,0,0,0,1,0,0,0,baixo
1,0.0,0,0.0,0,0,1,0,0,0,0,0,0,0,0,0,0,gratuito
2,10000.0,46,0.717391304347826,2,2,1,0,0,1,1,1,0,0,0,0,0,baixo
6,35000.0,168,0.7559523809523809,29,7,1,1,1,0,1,1,1,1,0,1,1,baixo
8,10000.0,1,1.0,1,4,1,1,0,0,1,1,0,0,0,0,1,medio_alto
1,10000.0,0,0.0,5,2,1,0,0,0,1,1,0,0,0,0,0,medio_baixo
1,10000.0,0,0.0,2,3,1,0,0,0,0,0,1,1,0,1,0,medio_baixo
5,10000.0,12,1.0,1,4,1,1,1,0,1,1,0,1,0,0,0,medio_alto
2,10000.0,3,1.0,1,2,1,0,0,0,0,1,1,0,0,0,0,medio_alto
3,0.0,0,0.0,0,0,1,0,0,0,0,0,0,0,0,0,0,gratuito
9,10000.0,31,0.9032258064516129,1,3,1,0,0,0,1,1,0,0,0,0,0,alto
3,35000.0,27,0.7037037037037037,1,5,1,0,0,0,1,0,1,0,1,1,0,medio_alto
4,1500000.0,44068,0.8363211400562767,6,5,1,0,0,0,1,1,0,0,1,1,0,alto
2,10000.0,0,0.0,1,2,1,0,0,0,0,0,0,0,0,1,0,alto
1,10000.0,0,0.0,1,5,1,0,0,0,1,1,1,1,0,0,1,alto
4,35000.0,43,0.9302325581395349,2,3,1,0,0,0,1,0,1,1,0,0,0,baixo
1,0.0,0,0.0,30,3,1,0,0,0,0,1,1,1,0,0,0,medio_alto
1,10000.0,0,0.0,11,2,1,1,0,1,0,1,0,0,0,1,0,alto
9,10000.0,1,0.0,1,4,1,1,0,0,0,1,0,1,0,0,0,medio_alto
5,10000.0,5,0.6,1,2,1,0,0,0,1,0,0,1,0,0,0,gratuito
5,35000.0,2,0.0,1,5,1,0,0,0,1,1,1,1,1,0,0,medio_baixo
3,10000.0,0,0.0,1,2,1,0,0,0,0,0,0,1,1,0,0,baixo
5,10000.0,1,1.0,2,1,1,0,0,0,0,0,0,1,0,0,0,baixo
1,10000.0,0,0.0,1,3,1,0,0,0,1,1,1,0,0,0,0,medio_alto
6,10000.0,149,0.7583892617449665,1,4,1,0,0,1,1,1,1,0,1,0,0,baixo
5,10000.0,44,0.9318181818181818,1,4,1,0,0,0,1,0,0,1,0,0,1,gratuito
5,10000.0,0,0.0,1,4,1,0,0,0,1,0,1,1,0,0,0,baixo
2,75000.0,3,0.6666666666666666,3,3,1,0,0,0,0,1,1,0,0,0,0,alto
6,75000.0,45,0.8,1,3,1,0,0,0,1,1,0,0,1,0,0,alto
8,750000.0,13998,0.9324189169881412,3,2,1,1,1,1,1,0,0,0,0,0,1,medio_baixo
3,35000.0,14,0.9285714285714286,1,3,1,0,0,0,1,0,0,1,0,1,0,medio_baixo
7,35000.0,24,0.5,1,3,1,0,0,0,1,1,0,0,0,0,0,gratuito
6,10000.0,9,0.8888888888888888,1,1,1,0,0,0,0,0,0,0,0,0,1,gratuito
10,75000.0,751,0.8428761651131824,9,3,1,0,0,0,1,0,0,0,0,1,1,alto
5,35000.0,56,0.75,5,2,1,0,0,0,0,0,0,1,0,1,0,baixo
1,10000.0,30,0.8666666666666667,1,2,1,0,1,0,0,0,0,0,0,1,0,medio_baixo
4,0.0,0,0.0,2,3,1,0,1,1,1,0,1,0,1,0,0,gratuito
1,0.0,0,0.0,1,3,1,0,0,0,1,0,1,0,0,0,0,gratuito
5,10000.0,37,0.7297297297297297,1,5,1,0,0,0,1,1,1,1,0,0,1,baixo
9,10000.0,38,0.7105263157894737,1,4,1,0,0,0,1,1,0,0,0,1,1,gratuito
8,350000.0,1506,0.5444887118193891,2,4,1,1,0,0,1,0,0,1,0,1,1,baixo
5,10000.0,4,1.0,1,2,1,0,0,0,1,0,1,0,0,0,0,medio_baixo
8,10000.0,20,0.3,1,6,1,0,0,0,1,1,1,0,0,1,1,alto
5,10000.0,55,0.9818181818181818,29,2,1,0,0,0,1,0,0,1,0,0,0,baixo
9,10000.0,8,0.875,1,3,1,1,1,0,1,1,0,0,0,1,0,gratuito
7,350000.0,1458,0.6646090534979424,13,6,1,1,1,0,0,1,0,1,0,1,1,gratuito
7,750000.0,16661,0.952523858111758,2,3,1,0,0,0,0,1,1,0,1,0,0,gratuito
3,10000.0,24,0.625,2,2,1,0,0,0,1,0,0,1,0,0,0,medio_alto
1,10000.0,0,0.0,16,4,1,0,0,0,1,1,1,0,1,0,0,medio_baixo
10,10000.0,15,0.8666666666666667,1,1,1,0,0,0,0,0,0,1,0,0,0,gratuito
2,0.0,0,0.0,1,3,1,0,0,0,0,1,1,0,0,0,0,gratuito
3,10000.0,381,0.9921259842519685,1,3,1,0,1,0,1,0,1,1,0,0,0,medio_alto
2,35000.0,347,0.9769452449567724,2,3,1,0,0,0,1,1,1,0,0,0,0,baixo
7,750000.0,9065,0.7959183673469388,6,4,1,0,0,38,1,1,0,0,0,1,1,alto
1,0.0,0,0.0,1,1,1,0,0,0,0,0,1,0,0,0,0,medio_baixo
2,10000.0,9,1.0,12,4,1,0,0,0,1,1,0,0,0,1,1,medio_alto
5,150000.0,428,0.7686915887850467,3,4,1,0,0,1,1,0,1,0,1,0,0,gratuito
9,150000.0,567,0.5784832451499118,1,2,1,0,0,0,1,1,0,0,0,0,0,baixo
7,10000.0,0,0.0,2,4,1,0,0,0,1,0,1,0,1,1,0,baixo
7,10000.0,8,0.875,1,3,1,1,0,0,1,1,0,0,0,1,0,gratuito
11,10000.0,215,0.8093023255813954,1,1,1,0,0,0,0,0,0,0,0,1,0,alto
5,10000.0,0,0.0,4,6,1,0,0,0,1,1,1,1,1,1,0,baixo
8,10000.0,66,0.6666666666666666,6,2,1,0,0,0,1,0,1,0,0,0,0,baixo
1,10000.0,0,0.0,1,5,1,0,0,0,1,0,0,1,1,1,1,medio_alto
6,10000.0,0,0.0,1,3,1,1,0,0,1,1,0,1,0,0,0,baixo
2,35000.0,8,0.875,8,4,1,0,0,0,1,0,0,1,1,1,0,medio_baixo
9,10000.0,10,0.7,9,4,1,0,0,0,1,0,0,1,0,1,1,baixo
3,10000.0,12,0.8333333333333334,1,2,1,0,0,0,1,0,0,1,0,0,0,medio_baixo
4,10000.0,17,0.7058823529411765,2,2,1,0,0,0,1,1,0,0,0,0,0,medio_alto
16,150000.0,1653,0.8179068360556564,6,2,1,1,1,3,1,0,0,1,0,0,0,medio_alto
7,10000.0,0,0.0,1,0,1,1,0,0,0,0,0,0,0,0,0,medio_alto
2,10000.0,4,1.0,3,5,1,0,0,0,1,0,1,0,1,0,1,medio_alto
1,10000.0,0,0.0,2,2,1,0,0,0,1,0,0,0,1,0,0,medio_baixo
8,10000.0,194,0.8917525773195877,5,3,1,0,0,0,1,0,1,1,0,0,0,baixo
4,10000.0,24,0.4583333333333333,2,3,1,0,0,0,1,0,1,1,0,0,0,medio_alto
2,750000.0,7172,0.7861126603457892,2,5,1,0,0,6,1,0,1,0,1,1,1,alto
1,0.0,0,0.0,1,5,1,1,1,0,1,1,1,1,0,0,0,medio_alto
3,10000.0,111,0.8648648648648649,9,3,1,0,0,0,1,0,0,0,0,1,1,medio_baixo
3,10000.0,0,0.0,6,4,1,0,0,1,1,0,0,1,1,0,1,medio_alto
7,350000.0,9891,0.72995652613487,9,3,1,0,0,0,1,0,1,0,0,0,1,medio_baixo
2,10000.0,154,0.8311688311688312,1,2,1,0,0,1,0,1,0,0,0,0,1,alto
1,0.0,0,0.0,0,0,1,0,0,0,0,0,0,0,0,0,0,gratuito
3,10000.0,0,0.0,2,4,1,0,0,0,1,1,1,1,0,0,0,medio_baixo
8,150000.0,1480,0.7891891891891892,10,3,1,1,1,1,1,1,1,0,0,0,0,medio_baixo
2,0.0,0,0.0,0,0,1,0,0,0,0,0,0,0,0,0,0,gratuito
6,10000.0,8,0.875,1,4,1,0,0,1,1,1,1,0,0,1,0,medio_baixo
5,10000.0,11,0.8181818181818182,13,5,1,1,1,1,1,1,1,1,0,1,0,baixo
2,10000.0,29,0.6896551724137931,3,2,1,0,0,3,1,0,0,1,0,0,0,alto
5,75000.0,75,0.5866666666666667,3,1,1,0,0,0,0,1,0,0,0,0,0,gratuito
4,0.0,0,0.0,1,2,1,1,0,0,1,1,0,0,0,0,0,gratuito
1,0.0,0,0.0,0,0,1,0,0,0,0,0,0,0,0,0,0,gratuito
1,35000.0,50,0.46,1,3,1,0,0,1,0,1,0,0,0,0,1,gratuito
7,10000.0,12,0.75,2,4,1,0,0,0,1,1,0,1,0,0,0,gratuito
6,35000.0,91,0.8131868131868132,3,2,1,0,0,0,0,0,0,0,1,1,0,medio_alto
5,10000.0,1,1.0,1,1,1,0,0,0,0,0,0,0,1,0,0,alto
9,35000.0,17,0.9411764705882353,1,1,1,0,0,0,0,0,0,0,1,0,0,alto
5,350000.0,1478,0.9140730717185386,1,2,1,0,0,2,1,1,0,0,0,0,0,medio_alto
7,10000.0,5,0.6,1,3,1,0,0,0,1,1,0,1,0,0,0,baixo
7,10000.0,3,0.6666666666666666,1,2,1,0,0,0,1,0,1,0,0,0,0,medio_alto
2,10000.0,27,0.8518518518518519,2,7,1,1,1,0,1,1,1,1,1,0,1,medio_alto
1,0.0,0,0.0,1,5,1,0,0,0,1,0,0,1,1,0,1,gratuito
2,0.0,0,0.0,2,4,1,0,0,0,1,0,1,1,0,0,0,gratuito
5,10000.0,0,0.0,1,1,1,0,0,0,0,1,0,0,0,0,0,baixo
3,0.0,0,0.0,0,0,1,0,0,0,0,0,0,0,0,0,0,gratuito
7,10000.0,3,0.3333333333333333,9,2,1,0,0,0,1,0,0,1,0,0,0,medio_alto
8,10000.0,85,0.6941176470588235,1,3,1,0,0,0,1,1,0,0,0,0,0,alto
3,10000.0,11,0.9090909090909091,1,4,1,0,0,0,1,1,1,0,1,0,0,alto
1,0.0,0,0.0,1,5,1,0,0,0,1,1,1,1,1,0,0,medio_baixo
4,10000.0,17,0.47058823529411764,2,3,1,0,0,0,1,0,1,0,1,0,0,medio_baixo
4,10000.0,2,1.0,1,4,1,0,0,0,1,1,0,0,0,1,0,medio_alto
5,10000.0,0,0.0,1,4,1,0,0,0,0,1,1,1,1,0,0,baixo
6,10000.0,127,0.5039370078740157,1,5,1,0,0,0,1,1,0,0,0,1,1,alto
5,35000.0,126,0.9761904761904762,1,2,1,1,0,0,1,0,0,1,0,0,0,baixo
1,10000.0,12,0.8333333333333334,13,2,1,0,0,0,0,1,0,0,0,1,0,alto
3,10000.0,214,0.9626168224299065,7,2,1,0,0,1,0,0,1,1,0,0,0,medio_baixo
2,10000.0,69,0.8695652173913043,9,1,1,1,0,0,0,0,0,0,0,1,0,alto
5,10000.0,11,0.8181818181818182,1,2,1,0,0,0,0,1,0,1,0,0,0,gratuito
1,0.0,0,0.0,14,5,1,0,0,0,1,0,0,1,1,1,1,alto
4,10000.0,0,0.0,1,1,1,0,0,0,0,1,0,0,0,0,0,gratuito
5,10000.0,72,0.9583333333333334,2,4,1,0,0,0,1,0,0,1,0,1,1,baixo
4,10000.0,7,0.8571428571428571,1,1,1,0,0,0,0,0,0,0,0,0,1,medio_alto
4,0.0,0,0.0,1,7,1,0,0,0,1,1,1,1,1,1,0,gratuito
3,10000.0,4,1.0,4,3,1,1,1,0,1,0,1,1,0,0,0,baixo
2,0.0,0,0.0,103,1,1,0,0,0,0,0,0,1,0,0,0,baixo
8,10000.0,19,0.8947368421052632,1,2,1,0,0,1,1,0,0,1,0,0,0,baixo
4,35000.0,4,1.0,1,3,1,0,0,0,1,0,1,0,0,0,0,gratuito
4,0.0,0,0.0,0,0,1,0,0,0,0,0,0,0,0,0,0,gratuito
6,10000.0,29,0.7586206896551724,1,5,1,0,0,0,1,1,1,0,0,1,1,baixo
3,10000.0,15,0.8,1,3,1,0,0,0,1,1,0,0,0,0,0,medio_alto
15,75000.0,177,0.7740112994350282,6,1,1,1,0,0,1,0,0,0,0,0,0,baixo
5,0.0,0,0.0,0,0,1,0,0,0,0,0,0,0,0,0,0,gratuito
2,35000.0,3,1.0,1,1,1,1,1,0,0,1,0,0,0,0,0,baixo
7,10000.0,41,0.9512195121951219,1,4,1,0,0,0,1,0,0,1,1,0,1,baixo
1,10000.0,77,1.0,15,2,1,0,0,0,1,0,0,1,0,0,0,baixo
10,10000.0,18,0.5555555555555556,1,2,1,0,0,0,1,0,1,0,0,0,0,alto
2,10000.0,4,0.75,7,5,1,0,0,0,1,1,0,1,0,1,0,medio_alto
2,0.0,0,0.0,0,0,1,0,0,0,0,0,0,0,0,0,0,gratuito
4,35000.0,37,0.5405405405405406,6,2,1,0,0,0,1,0,1,0,0,0,0,medio_baixo
1,10000.0,0,0.0,11,3,1,0,0,0,1,1,0,1,0,0,0,medio_alto
1,0.0,0,0.0,1,2,1,0,0,0,0,0,1,0,0,1,0,medio_baixo
1,10000.0,0,0.0,6,3,1,0,0,1,0,0,0,0,1,0,1,alto
6,35000.0,5,0.8,1,3,1,0,0,0,1,0,0,1,1,0,0,medio_alto
9,10000.0,39,0.6153846153846154,16,3,1,0,0,0,0,1,0,0,0,0,1,baixo
6,10000.0,6,0.5,5,3,1,0,0,0,1,1,0,1,0,0,0,baixo
1,75000.0,17,1.0,1,2,1,0,0,1,0,1,0,0,0,0,0,gratuito
11,35000.0,57,0.9473684210526315,1,3,1,0,0,0,0,1,1,0,0,0,1,alto
2,10000.0,0,0.0,1,7,1,0,0,0,1,1,1,1,1,0,1,baixo
9,10000.0,10,0.8,1,3,1,0,0,0,1,1,0,1,0,0,0,medio_alto
6,10000.0,11,0.8181818181818182,3,3,1,0,0,0,1,1,1,0,0,0,0,medio_alto
5,35000.0,8,0.875,1,2,1,0,0,0,1,1,0,0,0,0,0,medio_baixo
2,10000.0,36,0.9166666666666666,8,6,1,0,0,0,1,1,1,1,0,0,1,medio_baixo
2,10000.0,0,0.0,1,2,1,0,0,0,1,0,0,0,0,1,0,medio_alto
2,10000.0,170,0.7352941176470589,13,4,1,0,0,0,1,0,1,1,0,0,1,medio_alto
9,10000.0,60,0.85,1,3,1,1,1,0,1,0,0,0,0,1,0,baixo
9,10000.0,53,0.4716981132075472,14,4,1,0,0,0,1,0,0,1,0,1,1,medio_alto
11,10000.0,148,0.5405405405405406,3,3,1,0,0,4,1,0,0,0,1,1,0,gratuito
1,10000.0,12,1.0,2,2,1,1,1,1,0,0,0,1,0,0,1,alto
8,10000.0,50,0.7,17,3,1,1,1,0,1,1,0,0,0,1,0,medio_alto
1,0.0,0,0.0,0,0,1,0,0,0,0,0,0,0,0,0,0,gratuito
9,10000.0,265,0.939622641509434,2,4,1,0,0,1,1,1,0,1,0,0,1,baixo
4,35000.0,649,0.9722650231124808,1,2,1,0,0,0,0,0,0,0,1,0,1,medio_alto
7,10000.0,26,0.6153846153846154,1,4,1,1,1,0,1,1,1,0,1,0,0,alto
6,10000.0,0,0.0,1,1,1,0,0,0,1,0,0,0,0,0,0,medio_alto
4,10000.0,194,0.7731958762886598,8,4,1,0,0,0,1,0,0,1,0,1,1,medio_alto
3,10000.0,0,0.0,3,1,1,1,0,0,0,0,0,1,0,0,0,medio_baixo
2,35000.0,4,0.75,4,2,1,0,0,1,0,0,1,1,0,0,0,medio_baixo
7,35000.0,22,0.5454545454545454,1,4,1,0,0,1,1,1,0,1,0,0,0,gratuito
4,10000.0,52,0.9423076923076923,1,3,1,0,0,0,1,0,0,1,0,0,0,gratuito
1,0.0,0,0.0,2,4,1,0,0,0,0,1,1,0,1,0,0,medio_baixo
2,0.0,0,0.0,0,0,1,0,0,0,0,0,0,0,0,0,0,gratuito
9,0.0,0,0.0,1,4,1,0,0,0,1,0,0,1,0,1,1,medio_alto
5,10000.0,11,0.36363636363636365,1,2,1,0,0,0,1,0,0,1,0,0,0,baixo
9,10000.0,21,0.6666666666666666,2,3,1,0,0,0,1,0,1,1,0,0,0,baixo
9,10000.0,23,0.782608695652174,1,3,1,1,1,0,1,1,0,1,0,0,0,medio_alto
5,10000.0,5,0.6,1,2,1,0,0,0,0,0,0,0,0,0,0,alto
11,350000.0,1252,0.7579872204472844,1,6,1,0,0,1,1,1,1,1,1,1,0,medio_alto
2,10000.0,41,0.4634146341463415,27,2,1,0,0,0,0,0,0,1,0,1,0,medio_baixo
1,10000.0,4,1.0,1,1,1,0,0,0,0,0,0,0,0,0,0,medio_alto
3,0.0,0,0.0,1,2,1,0,1,0,0,0,0,1,0,0,0,gratuito
7,10000.0,0,0.0,1,6,1,0,0,0,1,1,1,1,1,0,0,medio_alto
8,150000.0,2298,0.8833768494342907,10,3,1,0,0,0,1,1,1,0,0,0,0,medio_alto
2,0.0,0,0.0,0,0,1,0,0,0,0,0,0,0,0,0,0,gratuito
2,10000.0,5,0.8,1,2,1,0,0,0,1,0,0,1,0,0,0,baixo
1,0.0,0,0.0,0,0,1,0,0,0,0,0,0,0,0,0,0,gratuito
3,10000.0,6,1.0,1,2,1,0,1,0,1,1,0,0,0,0,0,medio_baixo
7,10000.0,9,1.0,1,2,1,1,0,0,1,0,0,1,0,0,0,alto
1,10000.0,8,0.75,3,3,1,0,0,0,1,0,1,0,0,0,1,baixo
1,10000.0,0,0.0,12,4,1,0,0,0,1,1,0,1,0,0,1,alto
2,10000.0,2,0.0,2,3,1,0,0,0,0,1,1,0,1,0,0,medio_baixo
5,10000.0,0,0.0,1,4,1,0,0,0,1,1,1,1,0,0,0,baixo
5,10000.0,0,0.0,1,2,1,0,1,1,1,0,0,1,0,0,0,baixo
2,10000.0,0,0.0,4,2,1,0,0,1,1,0,0,1,0,0,0,alto
6,10000.0,6,0.16666666666666666,1,2,1,0,0,0,1,0,0,0,0,1,0,baixo
4,10000.0,0,0.0,5,1,1,1,1,0,0,0,0,1,0,0,0,alto
7,10000.0,153,0.9607843137254902,3,2,1,1,1,2,1,0,0,0,0,0,1,medio_alto
4,0.0,0,0.0,0,0,1,0,0,0,0,0,0,0,0,0,0,gratuito
4,10000.0,300,0.68,2,6,1,1,0,0,1,1,1,0,1,0,0,gratuito
4,10000.0,20,0.3,1,3,1,0,0,0,1,1,1,0,0,0,0,gratuito
2,10000.0,164,0.9512195121951219,1,4,1,0,1,0,1,1,1,0,0,0,0,alto
6,35000.0,13,0.6153846153846154,1,4,1,1,0,0,1,0,0,1,0,1,0,gratuito
7,10000.0,67,0.8955223880597015,1,3,1,1,1,0,0,1,1,0,1,0,0,medio_alto
1,10000.0,0,0.0,1,2,1,0,0,0,0,0,0,1,0,0,1,medio_baixo
16,75000.0,505,0.9148514851485149,5,1,1,0,0,0,0,0,1,0,0,0,0,baixo
1,0.0,0,0.0,0,0,1,0,0,0,0,0,0,0,0,0,0,gratuito
4,0.0,0,0.0,0,0,1,0,0,0,0,0,0,0,0,0,0,gratuito
1,0.0,0,0.0,1,3,1,0,1,0,1,0,1,0,1,0,0,medio_alto
2,10000.0,7,1.0,22,4,1,0,0,0,1,1,1,0,0,0,1,baixo
3,0.0,0,0.0,0,0,1,0,0,0,0,0,0,0,0,0,0,gratuito
1,10000.0,0,0.0,13,3,1,0,0,2,1,0,0,1,0,0,1,alto
9,10000.0,6,0.3333333333333333,1,2,1,0,0,0,1,1,0,0,0,0,0,alto
7,10000.0,88,0.9431818181818182,7,3,1,0,0,1,1,1,1,0,0,0,0,baixo
4,0.0,0,0.0,1,4,1,0,0,0,1,0,0,1,0,0,1,gratuito
4,10000.0,16,0.25,1,5,1,0,0,0,1,1,0,1,0,0,1,baixo
2,10000.0,15,0.9333333333333333,2,1,1,0,0,0,0,0,0,0,1,0,0,medio_baixo
5,10000.0,8,0.875,9,3,1,1,0,0,1,1,0,1,0,0,0,baixo
3,10000.0,34,0.5588235294117647,14,4,1,0,0,0,0,1,1,0,0,0,0,alto
1,10000.0,0,0.0,10,2,1,0,0,0,1,0,0,1,0,0,0,medio_baixo
11,75000.0,417,0.947242206235012,2,3,1,1,0,0,1,0,1,0,1,0,0,medio_alto
2,10000.0,51,0.8627450980392157,3,3,1,0,0,0,1,1,0,0,0,0,0,alto
9,150000.0,329,0.8662613981762918,2,1,1,1,1,0,0,0,0,0,0,1,0,baixo
6,750000.0,8615,0.930354033662217,11,4,1,0,0,0,1,1,1,0,0,0,0,gratuito
3,10000.0,25,0.92,1,4,1,0,0,0,0,1,0,1,0,0,1,alto
2,0.0,0,0.0,0,0,1,0,0,0,0,0,0,0,0,0,0,gratuito
5,10000.0,31,0.6774193548387096,1,2,1,0,0,0,0,0,0,1,0,1,0,alto
1,10000.0,3,0.6666666666666666,1,3,1,0,1,0,1,0,0,1,0,1,0,medio_baixo
2,0.0,0,0.0,15,3,1,1,1,3,1,0,1,1,0,0,0,gratuito
10,35000.0,14,0.42857142857142855,5,3,1,0,0,0,1,0,1,1,0,0,0,medio_baixo
1,0.0,0,0.0,0,0,1,0,0,0,0,0,0,0,0,0,0,gratuito
1,0.0,0,0.0,2,3,1,0,0,0,1,1,0,1,0,0,0,medio_alto
4,10000.0,7,0.2857142857142857,10,5,1,0,0,0,1,0,1,0,1,1,0,medio_alto
5,10000.0,30,0.9666666666666667,103,3,1,0,0,0,1,1,1,0,0,0,0,baixo
1,0.0,0,0.0,1,3,1,0,0,0,1,0,0,1,0,0,0,gratuito
4,35000.0,7,0.7142857142857143,1,4,1,0,0,0,1,1,1,0,0,1,0,medio_alto
1,10000.0,0,0.0,3,6,1,0,0,0,0,1,1,1,0,1,1,baixo
2,10000.0,0,0.0,1,4,1,1,1,0,1,1,0,0,0,0,0,gratuito
1,10000.0,1,0.0,2,3,1,0,0,0,1,0,0,1,0,1,0,baixo
6,750000.0,20896,0.846812787136294,8,2,1,1,1,4,0,0,0,0,1,1,0,alto
2,0.0,0,0.0,1,4,1,0,0,0,1,1,1,0,0,0,0,gratuito
3,10000.0,3,0.6666666666666666,4,2,1,0,0,2,1,0,0,0,1,0,0,alto
4,10000.0,15,0.4666666666666667,1,1,1,0,0,0,1,0,0,0,0,0,0,baixo
2,350000.0,12083,0.9759165770090209,10,3,1,1,0,4,1,0,0,1,0,0,1,alto
1,10000.0,0,0.0,3,3,1,1,0,0,1,0,1,0,1,0,0,medio_alto
7,10000.0,14,0.21428571428571427,1,3,1,0,0,0,1,0,0,0,0,0,1,baixo
3,10000.0,0,0.0,9,1,1,0,0,0,0,0,1,0,0,0,0,medio_alto
1,0.0,0,0.0,1,1,1,0,0,0,0,0,0,1,0,0,0,medio_baixo
15,1500000.0,14653,0.8921040060055961,1,1,1,0,0,0,0,1,0,0,0,0,0,medio_baixo
7,35000.0,299,0.7424749163879598,5,7,1,0,0,0,1,1,1,1,0,0,1,baixo
1,10000.0,0,0.0,1,1,1,0,0,0,0,0,1,0,0,0,0,medio_alto
3,0.0,0,0.0,1,1,1,0,1,0,1,0,0,0,0,0,0,gratuito
8,35000.0,65,0.9538461538461539,1,2,1,0,0,0,0,0,1,1,0,0,0,medio_alto
11,150000.0,153,0.7843137254901961,9,1,1,0,0,0,0,0,0,1,0,0,0,medio_alto
9,35000.0,111,0.8828828828828829,2,3,1,1,0,0,1,0,1,1,0,0,0,alto
1,10000.0,21,0.6666666666666666,1,4,1,0,0,0,1,0,0,1,0,1,0,gratuito
1,0.0,0,0.0,1,3,1,0,0,0,1,0,0,1,0,0,0,gratuito
8,10000.0,24,0.8333333333333334,1,3,1,1,1,0,1,0,1,0,1,0,0,medio_alto
1,10000.0,0,0.0,8,2,1,0,0,0,0,1,0,0,1,0,0,alto
5,10000.0,4,1.0,1,2,1,0,0,0,1,1,0,0,0,0,0,medio_baixo
6,35000.0,18,0.7222222222222222,1,2,1,0,0,0,1,0,1,0,0,0,0,medio_alto
3,10000.0,48,0.9375,26,2,1,0,0,1,0,0,0,1,0,1,0,medio_alto
7,10000.0,151,0.8741721854304636,9,2,1,1,1,0,0,0,1,1,0,0,0,medio_alto
8,10000.0,0,0.0,1,3,1,0,0,0,1,1,0,1,0,0,0,medio_baixo
8,10000.0,19,0.7894736842105263,1,3,1,0,0,0,0,1,0,1,0,0,1,medio_alto
1,0.0,0,0.0,5,1,1,0,0,0,1,0,0,0,0,0,0,medio_baixo
1,10000.0,0,0.0,1,8,1,0,0,0,1,0,0,1,0,0,1,alto
5,10000.0,2,1.0,2,4,1,0,0,0,1,0,1,0,0,0,1,medio_baixo
3,150000.0,3404,0.668331374853114,13,1,1,0,0,10,0,1,0,0,0,0,0,alto
13,10000.0,1031,0.17749757516973813,4,3,1,0,0,0,0,0,0,0,0,1,1,baixo
10,10000.0,9,0.3333333333333333,1,5,1,0,0,0,1,1,0,1,0,1,1,medio_alto
9,750000.0,9158,0.8666739462764795,14,1,1,0,0,11,0,1,0,0,0,0,0,medio_alto
1,10000.0,0,0.0,1,3,1,0,0,0,1,1,1,0,0,0,0,baixo
5,75000.0,8,1.0,1,2,1,0,0,0,0,0,1,1,0,0,0,gratuito
5,10000.0,2,0.5,1,2,1,0,0,0,0,0,0,1,0,0,1,alto
2,0.0,0,0.0,0,0,1,0,0,0,0,0,0,0,0,0,0,gratuito
3,10000.0,16,0.875,1,3,1,0,0,0,1,0,0,1,0,0,1,medio_alto
2,10000.0,76,0.9078947368421053,1,3,1,0,0,0,1,0,1,1,0,0,0,baixo
7,350000.0,1840,0.9353260869565218,6,1,1,1,0,1,0,0,1,0,0,0,0,medio_baixo
8,10000.0,9,0.4444444444444444,1,3,1,0,0,0,1,0,1,1,0,0,0,baixo
10,10000.0,59,0.9152542372881356,9,4,1,0,0,0,0,0,1,1,0,1,1,baixo
8,10000.0,35,0.8,1,1,1,0,0,5,0,0,1,0,0,0,0,gratuito
1,10000.0,7,1.0,6,4,1,0,0,0,1,1,1,0,0,0,0,medio_alto
8,35000.0,40,0.8,8,4,1,0,0,0,1,1,1,1,0,0,0,alto
1,0.0,0,0.0,103,2,1,0,0,0,1,0,0,1,0,0,0,medio_alto
7,10000.0,5,0.6,1,3,1,0,0,0,1,0,0,1,0,1,0,medio_baixo
7,10000.0,7,0.8571428571428571,1,4,1,0,0,0,1,1,0,1,0,0,1,medio_baixo
3,10000.0,20,1.0,2,5,1,0,0,0,1,1,1,1,0,0,0,alto
3,10000.0,32,0.9375,1,2,1,0,0,0,1,0,1,0,0,0,0,baixo
2,0.0,0,0.0,1,2,1,0,0,0,0,0,0,1,0,0,0,gratuito
2,0.0,0,0.0,1,3,1,0,0,0,0,0,0,1,0,0,0,gratuito
2,10000.0,2,1.0,1,3,1,0,0,0,1,1,1,0,0,0,0,medio_alto
4,10000.0,24,0.5416666666666666,1,3,1,0,0,0,1,1,1,0,0,0,0,baixo
3,10000.0,72,0.9027777777777778,1,4,1,0,0,0,1,0,0,1,1,0,1,medio_alto
1,0.0,0,0.0,0,0,1,0,0,0,0,0,0,0,0,0,0,gratuito
6,10000.0,26,0.9230769230769231,2,2,1,0,0,0,1,1,0,0,0,0,0,baixo
3,0.0,0,0.0,103,3,1,0,0,0,1,0,0,1,0,0,0,gratuito
7,10000.0,2,1.0,1,4,1,0,0,0,1,1,1,0,0,0,1,alto
8,350000.0,9817,0.9399001731689925,12,2,1,0,0,0,1,1,0,0,0,0,0,baixo
1,10000.0,0,0.0,1,2,1,0,0,0,1,0,0,1,0,0,0,medio_alto
10,10000.0,113,0.5575221238938053,4,2,1,0,0,0,0,1,0,0,1,0,0,medio_baixo
1,0.0,0,0.0,0,0,1,0,0,0,0,0,0,0,0,0,0,gratuito
15,750000.0,4618,0.8486357730619316,1,2,1,0,0,1,1,0,1,0,0,0,0,gratuito
2,0.0,0,0.0,0,0,1,0,0,0,0,0,0,0,0,0,0,gratuito
7,10000.0,63,0.9365079365079365,2,3,1,1,1,0,1,0,0,1,0,1,0,baixo
2,10000.0,6,0.8333333333333334,3,2,1,0,0,0,1,0,0,1,0,0,0,baixo
3,0.0,0,0.0,0,0,1,0,0,0,0,0,0,0,0,0,0,gratuito
4,0.0,0,0.0,1,4,1,1,0,0,1,0,0,1,0,1,0,gratuito
2,10000.0,1,0.0,1,1,1,0,0,0,0,0,0,0,0,0,0,medio_baixo
3,10000.0,3,1.0,1,1,1,0,1,0,0,1,0,0,0,0,0,medio_baixo
1,0.0,0,0.0,0,0,1,0,0,0,0,0,0,0,0,0,0,gratuito
1,0.0,0,0.0,0,0,1,0,0,0,0,0,0,0,0,0,0,gratuito
3,10000.0,4,1.0,9,1,1,0,0,4,0,0,0,1,0,0,0,baixo
3,10000.0,0,0.0,6,4,1,1,0,0,1,1,0,1,0,0,0,medio_baixo
1,0.0,0,0.0,14,1,1,0,0,2,0,0,0,1,0,0,0,medio_baixo
11,10000.0,15,0.8666666666666667,1,3,1,0,0,0,1,1,0,1,0,0,0,baixo
4,10000.0,25,0.64,2,1,1,0,0,0,0,0,0,1,0,0,0,baixo
11,75000.0,226,0.9380530973451328,1,3,1,1,1,2,1,1,1,0,0,0,0,alto
1,10000.0,0,0.0,1,2,1,0,0,0,0,0,0,1,1,0,0,alto
7,150000.0,1079,0.758109360518999,2,4,1,0,0,0,1,0,0,0,0,1,1,alto
3,10000.0,0,0.0,1,3,1,0,0,0,1,1,0,1,0,0,0,baixo
3,10000.0,70,0.7714285714285715,2,6,1,0,0,0,1,1,1,1,1,0,1,baixo
5,35000.0,93,0.9247311827956989,6,2,1,0,0,0,0,1,1,0,0,0,0,alto
5,10000.0,32,0.6875,2,3,1,0,0,0,1,0,1,0,0,0,1,medio_baixo
6,10000.0,56,0.8928571428571429,1,3,1,0,0,1,1,0,1,0,1,0,0,medio_alto
2,10000.0,110,0.9272727272727272,7,3,1,0,0,1,1,0,0,1,0,0,0,medio_alto
3,0.0,0,0.0,1,4,1,0,0,0,0,1,0,1,0,1,0,gratuito
3,10000.0,0,0.0,103,3,1,0,0,1,1,1,0,1,0,0,0,baixo
3,35000.0,144,0.7847222222222222,1,1,1,0,0,0,0,0,0,1,0,0,0,medio_alto
8,10000.0,10,0.4,1,2,1,0,0,0,1,1,0,0,0,0,0,baixo
1,10000.0,0,0.0,1,3,1,0,1,0,1,0,0,1,0,1,0,baixo
12,150000.0,629,0.6263910969793323,5,2,1,0,0,1,0,0,0,0,0,1,1,alto
4,10000.0,12,0.5833333333333334,1,2,1,0,0,0,0,1,1,0,0,0,0,medio_baixo
1,0.0,0,0.0,1,4,1,1,1,0,1,0,1,0,1,1,0,alto
12,150000.0,990,0.7242424242424242,1,4,1,1,1,0,1,1,0,0,1,1,0,medio_baixo
1,0.0,0,0.0,0,0,1,0,0,0,0,0,0,0,0,0,0,gratuito
10,1500000.0,38776,0.9126779451206932,15,2,1,1,1,0,1,1,0,0,0,0,0,alto
2,0.0,0,0.0,0,0,1,0,0,0,0,0,0,0,0,0,0,gratuito
1,0.0,0,0.0,8,5,1,0,0,0,0,1,1,0,1,0,0,gratuito
2,0.0,0,0.0,2,3,1,0,0,0,1,0,1,0,0,0,0,gratuito
6,35000.0,185,0.7351351351351352,9,2,1,1,1,0,0,0,1,1,0,0,0,medio_alto
10,75000.0,407,0.5945945945945946,1,4,1,1,0,0,1,1,1,1,0,0,0,baixo
3,0.0,0,0.0,1,2,1,1,0,0,1,1,0,0,0,0,0,gratuito
7,10000.0,5,0.6,1,3,1,0,0,0,1,1,0,0,1,0,0,medio_baixo
2,10000.0,100,0.95,1,1,1,0,0,0,1,0,0,0,0,0,0,alto
9,10000.0,3,1.0,1,2,1,0,0,0,0,0,1,1,0,0,0,medio_alto
1,10000.0,0,0.0,1,2,1,1,0,1,1,0,0,1,0,0,0,medio_alto
2,35000.0,15,1.0,1,3,1,0,1,1,1,1,0,1,0,0,0,medio_alto
10,1500000.0,14954,0.9054433596362177,10,3,1,1,1,1,1,0,1,0,0,0,1,medio_baixo
9,10000.0,58,0.41379310344827586,1,1,1,0,0,0,1,0,0,0,0,0,0,baixo
3,10000.0,7,1.0,1,2,1,0,0,0,1,1,0,0,0,0,0,baixo
2,10000.0,6,0.6666666666666666,2,1,1,0,0,0,0,0,1,0,0,0,0,baixo
5,10000.0,102,0.7156862745098039,4,1,1,1,1,0,0,0,1,0,0,0,0,alto
2,10000.0,0,0.0,10,3,1,0,0,0,0,0,1,1,0,0,0,gratuito
2,10000.0,1,0.0,1,2,1,0,0,0,1,0,0,1,0,0,0,medio_baixo
5,10000.0,5,0.8,1,3,1,0,0,0,1,1,0,1,0,0,0,baixo
3,10000.0,1,1.0,10,1,1,0,0,0,0,0,0,0,0,0,0,alto
3,75000.0,28,0.21428571428571427,1,4,1,0,0,0,1,1,1,0,0,0,1,baixo
6,10000.0,14,0.6428571428571429,1,2,1,0,0,0,0,0,1,1,0,0,0,medio_alto
14,350000.0,1217,0.7058340180772391,1,1,1,0,0,0,0,1,0,0,0,0,0,baixo
5,10000.0,65,0.7538461538461538,1,4,1,0,0,0,1,0,1,0,1,1,0,alto
9,150000.0,1841,0.933188484519283,27,4,1,1,1,0,1,0,0,1,0,1,0,gratuito
4,10000.0,143,0.8041958041958042,1,2,1,1,1,1,1,0,1,0,0,0,0,alto
7,10000.0,8,0.75,1,3,1,0,0,0,0,1,1,0,0,0,0,gratuito
9,35000.0,142,0.8169014084507042,5,4,1,1,1,0,1,0,1,1,0,0,1,baixo
4,10000.0,0,0.0,2,2,1,0,0,0,1,1,0,0,0,0,0,baixo
7,10000.0,52,0.7115384615384616,1,4,1,0,1,0,1,1,0,1,0,0,0,gratuito
5,10000.0,53,0.9245283018867925,1,6,1,1,0,0,1,0,1,0,1,1,0,gratuito
5,10000.0,26,0.9230769230769231,1,3,1,0,0,0,1,0,1,1,0,0,0,baixo
4,10000.0,9,1.0,11,3,1,0,0,0,1,1,0,1,0,0,0,medio_baixo
14,35000.0,141,0.8297872340425532,1,2,1,1,0,1,1,1,0,0,0,0,0,medio_alto
12,35000.0,128,0.734375,1,2,1,1,1,0,1,0,1,0,0,0,0,medio_baixo
10,35000.0,96,0.59375,1,4,1,0,0,0,1,0,0,1,1,0,0,gratuito
1,0.0,0,0.0,11,3,1,0,0,0,0,0,1,1,0,1,0,alto
12,350000.0,2372,0.898397976391231,8,3,1,1,1,1,1,1,1,0,0,0,0,baixo
2,0.0,0,0.0,0,0,1,0,0,0,0,0,0,0,0,0,0,gratuito
2,10000.0,142,0.7676056338028169,2,1,1,1,0,0,0,0,0,1,0,0,0,medio_baixo
11,10000.0,16,0.625,1,3,1,1,1,0,1,1,0,1,0,0,0,medio_alto
5,10000.0,33,0.6060606060606061,1,5,1,0,0,0,1,1,0,1,0,1,0,gratuito
4,10000.0,7,0.2857142857142857,2,4,1,0,0,0,1,0,0,1,0,0,1,alto
8,10000.0,2,1.0,1,5,1,0,0,0,1,0,1,1,1,0,0,alto
2,10000.0,652,0.906441717791411,1,5,1,1,0,1,1,0,1,1,1,0,1,alto
10,750000.0,399,0.7944862155388471,103,4,1,0,0,0,1,1,1,1,0,0,0,baixo
8,10000.0,39,0.8974358974358975,1,2,1,0,0,0,1,0,0,0,1,0,0,baixo
2,10000.0,37,0.918918918918919,7,3,1,1,1,0,1,0,0,1,0,1,0,medio_baixo
3,10000.0,91,0.7362637362637363,9,2,1,0,0,0,0,1,1,0,0,0,0,medio_alto
2,10000.0,0,0.0,1,1,1,0,0,0,0,0,0,1,0,0,0,baixo
3,10000.0,1,1.0,1,3,1,0,0,0,1,1,0,1,0,0,0,medio_alto
2,0.0,0,0.0,1,5,1,0,0,0,1,1,0,0,1,0,0,gratuito
1,10000.0,9,0.3333333333333333,1,5,1,0,0,0,1,0,0,1,1,1,0,medio_baixo
1,10000.0,0,0.0,1,1,1,0,0,0,1,0,0,0,0,0,0,medio_baixo
2,10000.0,3,1.0,1,1,1,0,0,0,0,1,0,0,0,0,0,medio_baixo
12,35000.0,247,0.39271255060728744,1,5,1,0,0,0,1,1,1,0,1,0,0,baixo
6,10000.0,17,0.7647058823529411,1,2,1,1,1,0,1,0,1,0,0,0,0,medio_baixo
2,35000.0,51,0.7647058823529411,2,2,1,0,0,2,1,0,1,0,0,0,0,medio_baixo
1,10000.0,0,0.0,1,4,1,1,1,0,1,1,0,1,0,0,0,medio_baixo
7,10000.0,61,0.9508196721311475,1,3,1,0,0,0,1,1,0,0,0,0,0,gratuito
2,10000.0,2,1.0,2,5,1,0,0,0,1,1,1,1,1,0,0,medio_baixo
9,1500000.0,29997,0.9005567223389006,22,4,1,1,0,1,1,1,1,0,0,0,0,gratuito
1,0.0,0,0.0,1,3,1,0,0,0,1,0,1,0,0,0,0,gratuito
1,0.0,0,0.0,0,0,1,0,0,0,0,0,0,0,0,0,0,gratuito
5,150000.0,2934,0.8115201090661214,19,4,1,0,0,1,1,1,1,0,1,0,0,alto
2,10000.0,151,0.9072847682119205,1,4,1,0,0,0,0,1,0,1,0,1,0,gratuito
1,10000.0,0,0.0,7,4,1,0,0,1,1,0,0,1,1,0,1,alto
1,0.0,0,0.0,1,2,1,0,0,0,1,1,0,0,0,0,0,medio_baixo
1,0.0,0,0.0,1,1,1,0,0,0,0,0,0,0,0,0,0,gratuito
10,10000.0,43,0.7906976744186046,1,2,1,1,1,0,1,0,0,0,0,1,0,medio_alto
11,350000.0,421,0.38954869358669836,3,3,1,0,0,0,1,0,1,0,0,0,0,gratuito
6,10000.0,10,1.0,1,2,1,0,1,0,1,1,0,0,0,0,0,medio_alto
4,10000.0,41,0.7804878048780488,1,4,1,0,0,0,1,0,1,1,1,0,0,medio_baixo
3,150000.0,450,0.9577777777777777,1,4,1,1,1,1,1,1,0,1,0,1,0,medio_baixo
4,10000.0,31,0.8709677419354839,2,3,1,0,0,1,1,0,0,1,0,1,0,baixo
19,1500000.0,47291,0.9465014484785689,9,2,1,0,0,0,0,1,0,0,1,0,0,alto
6,10000.0,15,0.7333333333333333,3,2,1,0,0,0,1,0,0,1,0,0,0,baixo
11,10000.0,45,0.8888888888888888,1,1,1,1,1,0,0,0,0,1,0,0,0,medio_baixo
1,10000.0,0,0.0,1,2,1,1,0,0,1,0,0,1,0,0,0,baixo
10,75000.0,448,0.6450892857142857,3,3,1,1,0,1,1,0,0,0,0,1,1,alto
4,0.0,0,0.0,5,5,1,0,0,2,1,0,1,1,1,0,0,gratuito
3,0.0,0,0.0,2,3,1,0,0,0,1,1,1,0,0,0,0,baixo
9,35000.0,45,0.7111111111111111,1,3,1,0,0,0,1,0,1,0,1,0,0,baixo
9,10000.0,0,0.0,1,2,1,0,0,0,0,1,0,0,0,0,0,alto
8,10000.0,16,0.4375,1,5,1,0,0,0,1,1,1,0,1,0,0,baixo
1,0.0,0,0.0,0,0,1,0,0,0,0,0,0,0,0,0,0,gratuito
7,10000.0,9,0.8888888888888888,1,2,1,0,0,0,1,1,0,0,0,0,0,medio_baixo
4,75000.0,5,0.6,2,3,1,0,0,0,1,0,1,0,1,0,0,baixo
1,35000.0,18,0.7777777777777778,6,1,1,0,0,0,0,1,0,0,0,0,0,alto
1,0.0,0,0.0,26,4,1,0,0,0,1,1,0,0,0,0,1,baixo
8,10000.0,8,0.625,5,2,1,1,1,0,1,0,0,1,0,0,0,medio_alto
4,10000.0,12,1.0,1,2,1,0,0,0,1,0,0,1,0,0,0,medio_alto
7,10000.0,0,0.0,1,3,1,0,0,0,0,0,0,0,0,0,1,baixo
11,35000.0,305,0.8590163934426229,1,1,1,1,1,3,1,0,0,0,0,0,0,medio_alto
2,10000.0,33,0.696969696969697,1,5,1,0,0,0,1,1,1,1,0,0,1,medio_alto
8,35000.0,16,0.25,2,3,1,0,0,1,1,0,0,1,0,1,0,baixo
10,75000.0,608,0.8223684210526315,1,2,1,0,0,0,0,0,1,0,0,0,1,alto
4,10000.0,17,1.0,1,4,1,0,0,0,1,0,0,1,0,1,1,baixo
3,10000.0,0,0.0,5,2,1,1,1,0,1,0,1,0,0,0,0,medio_alto
1,10000.0,0,0.0,2,4,1,0,0,0,1,0,1,0,1,1,0,alto
2,10000.0,12,0.75,2,4,1,0,0,0,1,1,1,1,0,0,0,medio_baixo
9,10000.0,60,0.6833333333333333,2,1,1,0,0,0,0,0,1,0,0,0,0,alto
6,75000.0,582,0.7164948453608248,5,2,1,0,0,0,0,0,1,0,1,0,0,medio_baixo
4,10000.0,2,1.0,1,5,1,1,0,0,1,1,1,1,1,0,0,medio_alto
3,10000.0,0,0.0,1,1,1,0,0,0,0,0,0,0,0,1,0,medio_alto
2,0.0,0,0.0,0,0,1,0,0,0,0,0,0,0,0,0,0,gratuito
3,0.0,0,0.0,0,0,1,0,0,0,0,0,0,0,0,0,0,gratuito
2,10000.0,3,0.6666666666666666,1,2,1,0,0,0,1,0,0,1,0,0,0,baixo
1,0.0,0,0.0,1,3,1,0,0,0,1,1,0,1,0,0,0,medio_baixo
3,150000.0,4536,0.8699294532627866,11,1,1,0,0,4,0,0,0,0,0,1,0,alto
6,10000.0,17,0.7058823529411765,1,3,1,1,1,0,1,1,0,1,0,0,0,baixo
7,35000.0,502,0.950199203187251,2,4,1,0,0,0,1,0,1,0,1,0,0,baixo
12,1500000.0,22697,0.9372163722077808,1,1,1,0,0,0,1,0,0,0,0,0,0,alto
9,10000.0,6,0.6666666666666666,1,4,1,0,0,0,1,1,0,1,0,0,1,medio_baixo
1,10000.0,0,0.0,1,3,1,0,0,0,1,1,1,0,0,0,0,medio_alto
2,10000.0,3,0.6666666666666666,2,5,1,0,0,0,1,1,1,1,0,0,0,gratuito
10,350000.0,2671,0.7615125421190565,1,3,1,0,0,0,1,0,0,1,0,0,0,gratuito
8,10000.0,16,0.875,1,6,1,0,0,0,1,1,0,1,0,0,1,gratuito
3,10000.0,3,1.0,1,2,1,0,0,0,1,0,0,1,0,0,0,baixo
6,35000.0,196,0.923469387755102,7,3,1,1,0,1,1,0,1,0,1,0,0,gratuito
11,10000.0,187,0.7219251336898396,1,3,1,0,1,1,1,0,0,0,1,1,0,medio_alto
7,750000.0,8528,0.7648921200750469,13,2,1,0,0,7,0,1,0,0,1,0,0,medio_baixo
1,10000.0,0,0.0,1,1,1,0,0,0,0,0,0,0,1,0,0,alto
2,10000.0,4,1.0,1,2,1,0,0,0,1,0,0,1,0,0,0,alto
4,10000.0,169,0.9289940828402367,2,1,1,0,0,1,0,0,0,0,1,0,0,alto
1,10000.0,5,1.0,5,3,1,0,0,0,1,0,1,1,0,0,0,medio_alto
1,10000.0,0,0.0,2,4,1,0,0,1,1,1,1,0,1,0,0,medio_baixo
2,10000.0,17,1.0,1,3,1,0,0,0,1,1,0,0,0,0,1,alto
5,10000.0,23,0.6086956521739131,1,4,1,0,0,0,1,1,1,0,0,0,0,gratuito
2,10000.0,2,1.0,5,5,1,0,0,0,1,1,0,1,1,1,0,medio_baixo
6,150000.0,124,0.8387096774193549,1,1,1,0,0,0,0,0,0,0,0,0,1,gratuito
9,10000.0,83,0.7951807228915663,2,2,1,1,0,0,1,0,1,0,0,0,0,baixo
1,10000.0,8,1.0,1,3,1,0,0,0,1,1,1,0,0,0,0,baixo
7,10000.0,8,0.875,2,3,1,1,1,0,1,0,1,1,0,0,0,medio_baixo
4,10000.0,161,0.7701863354037267,11,3,1,0,0,1,1,1,1,0,0,0,0,medio_alto
8,35000.0,3,1.0,1,3,1,1,0,0,1,0,1,0,1,0,0,medio_baixo
2,10000.0,60,0.9,5,2,1,0,0,0,0,1,0,1,0,0,0,alto
1,0.0,0,0.0,0,0,1,0,0,0,0,0,0,0,0,0,0,gratuito
2,10000.0,0,0.0,2,3,1,0,0,0,1,0,1,0,0,0,0,gratuito
4,0.0,0,0.0,0,0,1,0,0,0,0,0,0,0,0,0,0,gratuito
1,10000.0,0,0.0,1,2,1,1,1,0,1,0,0,1,0,0,0,medio_alto
1,10000.0,0,0.0,9,6,1,0,0,0,1,1,1,1,1,1,0,medio_alto
1,10000.0,0,0.0,1,2,1,0,1,0,1,0,1,0,0,0,0,medio_baixo
4,10000.0,3,0.6666666666666666,2,2,1,0,0,0,1,0,1,0,0,0,0,medio_alto
4,10000.0,82,0.6707317073170732,30,5,1,1,1,1,1,1,1,1,0,0,1,baixo
1,10000.0,0,0.0,2,2,1,0,0,0,1,0,0,1,0,0,0,medio_baixo
2,0.0,0,0.0,6,5,1,0,0,0,1,1,1,0,1,0,0,gratuito
13,7500000.0,74253,0.8989939800412104,17,3,1,0,1,1,1,1,0,0,0,0,0,gratuito
11,10000.0,402,0.8208955223880597,1,4,1,1,1,1,1,0,1,1,1,0,0,medio_baixo
3,75000.0,913,0.9419496166484118,1,4,1,0,0,0,1,1,1,1,0,0,0,alto
1,10000.0,0,0.0,1,4,1,0,0,0,0,1,0,1,0,1,1,baixo
4,150000.0,794,0.9571788413098237,1,2,1,0,0,2,0,0,0,1,0,0,0,gratuito
5,350000.0,220,0.8363636363636363,1,4,1,0,0,0,1,0,1,1,0,0,0,gratuito
1,0.0,0,0.0,0,0,1,0,0,0,0,0,0,0,0,0,0,gratuito
4,10000.0,6,1.0,1,3,1,0,0,0,1,0,1,1,0,0,0,medio_alto
5,10000.0,2,0.5,1,2,1,0,0,0,1,0,0,1,0,0,0,medio_baixo
12,150000.0,1478,0.9330175913396481,10,2,1,0,0,4,1,1,0,0,0,0,0,gratuito
2,10000.0,4,1.0,1,3,1,0,1,0,1,0,1,1,0,0,0,medio_alto
4,0.0,0,0.0,0,0,1,0,0,0,0,0,0,0,0,0,0,gratuito
2,10000.0,44,0.8409090909090909,2,2,1,0,0,0,1,0,1,0,0,0,0,medio_alto
9,10000.0,234,0.8888888888888888,1,3,1,0,0,5,1,0,1,1,0,0,0,alto
1,0.0,0,0.0,2,3,1,0,0,0,1,0,0,1,0,0,1,alto
1,10000.0,0,0.0,1,3,1,0,0,0,1,1,0,0,0,0,0,baixo
1,10000.0,1,1.0,4,3,1,0,0,0,1,0,0,1,0,1,0,medio_alto
4,0.0,0,0.0,1,4,1,0,0,0,1,0,0,1,0,1,1,gratuito
10,10000.0,25,0.76,5,1,1,1,0,1,1,0,0,0,0,0,0,medio_alto
16,10000.0,418,0.8827751196172249,1,1,1,0,0,0,0,0,0,0,0,1,0,medio_baixo
6,10000.0,56,0.9464285714285714,5,2,1,0,0,0,1,0,1,0,0,0,0,medio_baixo
1,10000.0,0,0.0,5,2,1,1,1,0,1,1,0,0,0,0,0,medio_baixo
7,10000.0,4,0.75,1,2,1,1,0,0,1,0,0,1,0,0,0,medio_alto
4,75000.0,3748,0.9754535752401281,3,2,1,0,0,0,0,0,1,1,0,0,0,alto
8,10000.0,57,0.9649122807017544,1,3,1,0,1,0,1,0,1,1,0,0,0,medio_baixo
6,35000.0,157,0.8853503184713376,1,3,1,1,1,1,1,0,1,0,1,0,0,alto
7,10000.0,15,0.2,2,1,1,0,0,0,0,0,1,0,0,0,0,medio_baixo
1,0.0,0,0.0,103,2,1,0,0,0,1,0,0,1,0,0,0,medio_baixo
7,10000.0,53,0.9811320754716981,11,4,1,1,0,0,1,1,1,1,0,0,0,medio_baixo
9,10000.0,15,0.6,1,4,1,0,0,0,1,1,0,1,0,0,0,medio_baixo
1,10000.0,5,1.0,1,4,1,0,0,0,1,1,1,1,0,0,0,medio_alto
1,75000.0,1961,0.8388577256501785,4,5,1,0,0,7,1,0,1,0,1,1,0,alto
10,75000.0,463,0.8747300215982722,10,2,1,0,0,1,1,1,0,0,0,0,0,medio_alto
5,10000.0,14,0.7857142857142857,103,1,1,0,0,0,0,0,0,1,0,0,0,baixo
3,35000.0,141,0.7659574468085106,3,2,1,0,0,0,1,0,0,0,1,0,0,alto
3,10000.0,8,0.75,1,4,1,1,1,0,1,1,1,0,0,0,0,medio_baixo
5,35000.0,1,1.0,1,7,1,0,0,0,1,1,1,1,1,1,1,baixo
4,10000.0,10,0.8,4,3,1,0,0,0,0,0,1,0,1,0,1,baixo
2,0.0,0,0.0,0,0,1,0,0,0,0,0,0,0,0,0,0,gratuito
11,35000.0,98,0.8571428571428571,1,2,1,1,0,0,1,1,0,0,0,0,0,baixo
9,10000.0,1,1.0,2,2,1,0,0,0,0,1,0,0,0,0,0,medio_alto
2,10000.0,0,0.0,31,2,1,0,0,0,1,0,0,1,0,0,0,baixo
8,10000.0,17,0.8235294117647058,1,2,1,0,0,0,1,0,0,0,1,0,0,gratuito
2,10000.0,3,0.6666666666666666,13,2,1,0,0,0,1,0,0,1,0,0,0,baixo
2,0.0,0,0.0,103,3,1,0,0,0,1,1,0,1,0,0,0,medio_baixo
8,10000.0,26,1.0,1,2,1,0,0,0,1,0,0,1,0,0,0,medio_alto
9,3500000.0,43333,0.693582258325064,12,1,1,0,0,3,0,1,0,0,0,0,0,alto
3,10000.0,7,1.0,1,3,1,0,0,0,1,1,0,1,0,0,0,medio_baixo
2,10000.0,9,0.0,5,4,1,0,0,0,1,1,1,0,1,0,0,alto
9,75000.0,1111,0.7947794779477948,1,3,1,0,0,0,1,1,0,0,0,1,0,alto
2,10000.0,30,0.5333333333333333,12,3,1,0,0,0,1,0,1,1,0,0,0,medio_baixo
3,350000.0,1587,0.8273471959672338,16,3,1,0,0,0,1,0,0,0,1,1,0,medio_alto
5,150000.0,428,0.530373831775701,12,2,1,0,0,1,1,1,0,0,0,0,0,baixo
2,10000.0,27,0.9629629629629629,15,2,1,0,0,0,1,0,0,1,0,0,0,medio_baixo
11,10000.0,6,0.16666666666666666,2,3,1,0,0,0,0,0,0,1,0,1,1,medio_alto
11,150000.0,356,0.6966292134831461,5,3,1,0,0,0,1,0,0,1,0,0,1,medio_alto
7,10000.0,58,0.896551724137931,1,8,1,0,0,0,1,1,1,1,0,1,1,baixo
1,0.0,0,0.0,0,0,1,0,0,0,0,0,0,0,0,0,0,gratuito
8,75000.0,906,0.9216335540838853,7,3,1,0,0,4,1,1,1,0,0,0,0,baixo
3,10000.0,21,0.7619047619047619,13,4,1,0,0,0,1,1,0,0,0,0,1,baixo
2,0.0,0,0.0,0,0,1,0,0,0,0,0,0,0,0,0,0,gratuito
6,10000.0,15,0.6,1,4,1,0,0,0,1,1,0,1,0,0,0,medio_alto
7,10000.0,0,0.0,1,3,1,0,0,0,1,0,0,1,0,0,0,medio_baixo
4,10000.0,4,1.0,3,5,1,1,1,0,1,0,1,1,0,0,0,alto
1,0.0,0,0.0,1,2,1,1,1,0,1,0,1,0,0,0,0,medio_alto
2,10000.0,0,0.0,4,1,1,0,0,0,0,0,0,0,0,1,0,medio_baixo
1,0.0,0,0.0,0,0,1,0,0,0,0,0,0,0,0,0,0,gratuito
6,10000.0,2,1.0,1,2,1,0,0,0,0,1,0,0,0,0,0,alto
1,0.0,0,0.0,2,4,1,0,0,15,1,0,0,1,0,0,0,gratuito
2,10000.0,146,0.8287671232876712,17,2,1,0,1,0,1,0,0,0,1,0,0,medio_alto
2,10000.0,8,0.375,7,3,1,0,0,0,1,0,0,1,0,0,1,baixo
3,0.0,0,0.0,0,0,1,0,0,0,0,0,0,0,0,0,0,gratuito
5,35000.0,64,0.953125,1,2,1,0,0,0,0,0,0,0,1,0,0,gratuito
5,10000.0,1,1.0,2,2,1,0,0,0,1,0,1,0,0,0,0,baixo
4,35000.0,15,0.6,1,2,1,0,0,0,0,0,1,1,0,0,0,medio_alto
1,0.0,0,0.0,2,1,1,0,0,0,0,0,0,0,0,0,0,alto
1,0.0,0,0.0,0,0,1,0,0,0,0,0,0,0,0,0,0,gratuito
7,0.0,0,0.0,103,7,1,0,0,0,1,1,1,1,1,1,1,baixo
5,10000.0,49,0.8979591836734694,2,3,1,0,0,0,1,1,0,0,0,1,0,medio_alto
3,75000.0,15,0.8666666666666667,1,2,1,0,0,0,0,0,0,0,1,1,0,baixo
5,35000.0,230,0.7913043478260869,1,4,1,0,0,0,1,0,1,0,1,1,0,alto
2,35000.0,580,0.8,2,1,1,0,0,0,1,0,0,0,0,0,0,alto
6,35000.0,544,0.5680147058823529,13,2,1,0,0,0,0,1,0,0,0,0,0,baixo
4,10000.0,14,0.7857142857142857,9,4,1,0,0,1,1,1,1,0,0,0,1,medio_baixo
5,10000.0,0,0.0,10,2,1,0,0,0,1,1,0,0,0,0,0,alto
1,0.0,0,0.0,103,1,1,0,0,0,0,0,0,1,0,0,0,medio_baixo
8,75000.0,698,0.6948424068767909,6,1,1,0,0,0,0,1,0,0,0,0,0,medio_alto
5,0.0,0,0.0,0,0,1,0,0,0,0,0,0,0,0,0,0,gratuito
2,10000.0,1,1.0,1,1,1,0,1,0,0,1,0,0,0,0,0,medio_alto
2,10000.0,1,1.0,1,1,1,0,0,0,0,1,0,0,0,0,0,baixo
2,10000.0,28,0.6785714285714286,11,3,1,1,1,1,1,1,0,0,0,1,0,medio_alto
10,350000.0,4213,0.9178732494659387,18,2,1,0,0,1,1,1,0,0,0,0,0,medio_alto
2,10000.0,3,1.0,1,1,1,1,1,1,0,0,0,1,0,0,0,medio_baixo
3,350000.0,10630,0.9339604891815616,20,3,1,1,1,1,1,0,0,0,0,1,1,medio_alto
7,35000.0,1347,0.7646622123236823,3,3,1,0,0,10,0,1,1,0,1,0,0,alto
5,10000.0,18,0.6111111111111112,103,3,1,0,0,0,1,1,1,0,0,0,0,baixo
3,10000.0,157,0.9745222929936306,10,2,1,0,0,1,0,1,0,1,0,0,0,medio_alto
3,10000.0,24,0.9583333333333334,5,2,1,1,1,0,1,1,0,0,0,0,0,medio_baixo
1,0.0,0,0.0,1,2,1,0,0,0,0,0,0,0,0,1,0,medio_baixo
3,10000.0,0,0.0,1,3,1,0,0,0,0,0,0,1,0,1,0,medio_baixo
3,0.0,0,0.0,13,3,1,0,0,0,1,0,0,1,0,0,1,gratuito
2,10000.0,17,0.7058823529411765,2,3,1,0,0,0,1,1,1,0,0,0,0,medio_baixo
2,10000.0,2,1.0,1,2,1,0,0,0,1,0,0,1,0,0,0,medio_alto
6,10000.0,16,0.9375,3,3,1,0,0,0,1,0,0,1,1,0,0,medio_alto
4,10000.0,33,0.5454545454545454,3,4,1,0,0,0,1,0,0,0,0,0,1,baixo
1,10000.0,0,0.0,1,1,1,0,0,0,0,0,0,1,0,0,0,medio_baixo
4,10000.0,0,0.0,1,3,1,0,0,0,0,0,1,1,1,0,0,baixo
1,0.0,0,0.0,1,3,1,0,0,0,0,1,0,1,0,0,0,gratuito
4,10000.0,2,0.5,1,2,1,0,0,0,0,1,0,0,1,0,0,medio_baixo
5,10000.0,3,0.3333333333333333,1,5,1,0,0,0,1,0,1,1,1,1,0,alto
3,10000.0,2,1.0,1,3,1,1,0,0,1,0,0,0,0,0,0,baixo
7,35000.0,6,0.5,4,3,1,0,0,0,1,0,0,1,1,0,0,medio_baixo
1,10000.0,326,0.9447852760736196,8,3,1,0,0,0,1,0,0,1,0,0,1,medio_baixo
6,10000.0,40,0.4,1,4,1,0,0,1,0,1,0,0,0,0,1,gratuito
2,10000.0,1,0.0,12,4,1,0,0,0,0,1,1,1,0,1,0,baixo
8,10000.0,58,0.6724137931034483,1,2,1,0,0,0,0,0,0,0,0,0,0,alto
8,10000.0,29,0.6551724137931034,1,2,1,0,0,0,0,0,0,1,0,0,0,gratuito
7,75000.0,100,0.87,103,3,1,0,0,0,1,1,0,1,0,0,0,baixo
1,10000.0,0,0.0,4,2,1,0,0,0,0,0,1,1,0,0,0,alto
12,350000.0,2086,0.8547459252157239,6,2,1,1,1,0,1,0,0,0,0,1,0,baixo
7,35000.0,106,0.8113207547169812,2,2,1,0,0,0,1,0,0,1,0,0,0,baixo
6,35000.0,955,0.8282722513089005,1,3,1,0,0,2,1,1,1,0,0,0,0,alto
9,10000.0,1,0.0,1,2,1,0,0,0,1,0,0,0,0,0,0,baixo
4,10000.0,58,0.7241379310344828,12,3,1,0,0,0,1,0,0,0,0,1,1,baixo
5,10000.0,1,0.0,1,2,1,0,0,0,1,0,0,0,0,1,0,medio_baixo
11,10000.0,277,0.8122743682310469,1,2,1,0,0,0,1,1,0,0,0,0,0,baixo
7,10000.0,96,0.6145833333333334,2,5,1,0,0,2,1,0,1,0,0,1,1,alto
4,10000.0,8,1.0,1,4,1,1,0,0,1,0,1,1,0,0,0,medio_alto
5,10000.0,7,1.0,1,1,1,0,0,0,0,0,0,0,1,0,0,medio_baixo
2,10000.0,232,0.9870689655172413,1,1,1,0,0,0,0,0,0,0,1,0,0,medio_alto
7,10000.0,2,1.0,1,1,1,0,0,0,0,0,0,0,0,0,0,medio_alto
11,75000.0,161,0.7639751552795031,1,5,1,0,0,2,1,0,1,1,1,1,0,baixo
3,0.0,0,0.0,0,0,1,0,0,0,0,0,0,0,0,0,0,gratuito
4,0.0,0,0.0,1,7,1,0,0,0,1,1,1,1,1,1,0,gratuito
1,10000.0,0,0.0,2,1,1,0,0,0,0,0,1,0,0,0,0,alto
7,10000.0,6,0.6666666666666666,9,3,1,0,0,0,1,0,1,1,0,0,0,medio_alto
5,10000.0,24,0.9166666666666666,1,2,1,0,0,0,1,1,0,0,0,0,0,baixo
1,0.0,0,0.0,1,4,1,0,0,0,0,0,0,1,0,1,1,alto
5,10000.0,0,0.0,1,2,1,0,0,2,1,0,0,1,0,0,0,baixo
2,10000.0,20,0.85,4,4,1,0,0,0,1,0,0,1,0,1,1,medio_baixo
10,10000.0,33,0.6666666666666666,1,4,1,0,0,0,0,0,0,1,0,1,1,alto
1,10000.0,0,0.0,12,2,1,1,1,0,1,0,1,0,0,0,0,medio_baixo
1,10000.0,0,0.0,1,2,1,0,0,0,1,1,0,0,0,0,0,medio_alto
2,3500000.0,40479,0.6946317843820252,12,4,1,0,0,2,0,1,1,0,1,1,0,alto
10,10000.0,10,1.0,1,3,1,1,1,0,1,1,0,0,0,0,0,alto
1,0.0,0,0.0,1,2,1,0,0,0,1,1,0,0,0,0,0,medio_alto
2,0.0,0,0.0,2,4,1,0,0,0,1,1,1,0,0,0,0,gratuito
2,150000.0,2137,0.7674309780065512,9,1,1,0,0,0,0,1,0,0,0,0,0,medio_baixo
15,350000.0,1067,0.7713214620431116,4,1,1,1,1,14,0,0,0,0,0,0,1,medio_alto
9,10000.0,10,0.1,1,1,1,0,0,0,0,0,1,0,0,0,0,baixo
1,0.0,0,0.0,103,2,1,0,0,0,1,0,0,1,0,0,0,medio_baixo
5,10000.0,2,1.0,1,3,1,0,0,0,1,0,0,1,0,0,1,alto
8,75000.0,494,0.8016194331983806,3,3,1,0,0,0,1,0,1,0,1,0,0,medio_alto
6,10000.0,6,0.6666666666666666,1,1,1,0,0,0,0,0,0,0,0,1,0,alto
3,10000.0,1,0.0,1,2,1,0,0,0,1,1,0,0,0,0,0,alto
9,10000.0,58,0.7586206896551724,7,2,1,0,0,0,1,0,1,0,0,0,0,medio_alto
1,0.0,0,0.0,26,1,1,0,0,0,1,0,0,0,0,0,0,alto
6,10000.0,127,0.7165354330708661,7,5,1,1,1,0,1,1,1,0,1,1,0,medio_alto
2,350000.0,2099,0.786088613625536,10,4,1,1,1,1,1,1,1,0,1,0,0,alto
2,10000.0,2,0.5,6,3,1,1,0,0,1,0,1,1,0,0,0,medio_alto
1,0.0,0,0.0,0,0,1,0,0,0,0,0,0,0,0,0,0,gratuito
3,10000.0,2,1.0,2,3,1,0,0,0,1,1,0,1,0,0,0,medio_baixo
2,0.0,0,0.0,1,3,1,0,0,0,1,1,0,0,0,0,0,gratuito
2,10000.0,0,0.0,1,2,1,0,0,2,0,0,0,1,0,0,1,medio_baixo
3,10000.0,4,0.75,9,3,1,0,0,0,1,1,1,0,0,0,0,alto
1,0.0,0,0.0,1,3,1,0,0,0,1,1,0,1,0,0,0,medio_baixo
11,35000.0,20,0.6,1,1,1,0,0,0,0,0,1,0,0,0,0,baixo
4,10000.0,9,0.8888888888888888,29,2,1,0,0,0,0,1,0,1,0,0,0,medio_baixo
2,10000.0,0,0.0,29,2,1,0,0,0,1,0,0,1,0,0,0,baixo
3,10000.0,7,1.0,2,2,1,0,0,0,0,1,1,0,0,0,0,baixo
2,0.0,0,0.0,1,3,1,0,0,0,1,0,1,1,0,0,0,gratuito
2,10000.0,4,0.75,2,3,1,0,0,0,1,0,1,0,0,0,1,alto
8,10000.0,2,1.0,1,3,1,0,0,0,1,0,0,1,0,0,0,gratuito
7,10000.0,140,0.9214285714285714,2,5,1,0,0,1,1,1,1,0,1,0,0,medio_alto
3,35000.0,1,0.0,1,4,1,0,0,0,1,0,0,1,0,1,0,baixo
1,0.0,0,0.0,0,0,1,0,0,0,0,0,0,0,0,0,0,gratuito
2,10000.0,0,0.0,1,1,1,1,1,0,0,0,0,0,0,1,0,alto
6,10000.0,5,1.0,1,4,1,0,0,0,1,1,1,1,0,0,0,baixo
2,10000.0,11,1.0,2,2,1,1,0,0,1,0,0,1,0,0,0,medio_baixo
1,35000.0,323,0.8668730650154799,8,3,1,0,0,1,0,1,0,0,1,0,0,alto
17,75000.0,220,0.7181818181818181,1,1,1,0,0,0,0,0,1,0,0,0,0,medio_alto
2,0.0,0,0.0,11,2,1,0,0,0,0,0,0,1,0,0,0,gratuito
7,10000.0,176,0.2840909090909091,2,3,1,0,0,0,0,0,0,0,0,1,1,alto
1,0.0,0,0.0,0,0,1,0,0,0,0,0,0,0,0,0,0,gratuito
9,10000.0,52,0.7307692307692307,1,1,1,0,0,0,0,1,0,0,0,0,0,gratuito
5,10000.0,2,1.0,2,4,1,0,0,0,1,1,0,1,0,0,0,alto
4,10000.0,116,0.8103448275862069,3,3,1,1,1,4,1,0,0,0,0,1,0,gratuito
1,10000.0,244,0.9631147540983607,4,5,1,1,0,0,1,0,1,1,0,0,1,alto
2,10000.0,37,1.0,1,3,1,1,1,0,1,0,1,0,1,0,0,alto
4,10000.0,1,0.0,1,5,1,0,1,0,1,1,1,0,0,0,1,medio_baixo
8,10000.0,7,0.8571428571428571,1,1,1,1,0,0,1,0,0,0,0,0,0,medio_baixo
2,10000.0,6,1.0,1,2,1,0,1,0,1,0,0,0,1,0,0,medio_baixo
3,10000.0,30,1.0,1,1,1,1,1,1,0,0,0,1,0,0,0,medio_alto
3,10000.0,4,1.0,1,3,1,0,0,0,1,0,0,1,0,0,0,alto
1,0.0,0,0.0,2,4,1,0,0,0,1,1,1,0,0,0,0,medio_baixo
1,10000.0,0,0.0,103,3,1,0,0,1,1,0,0,1,0,0,1,baixo
5,10000.0,0,0.0,1,2,1,0,0,0,1,1,0,0,0,0,0,medio_baixo
8,35000.0,212,0.7264150943396226,1,4,1,1,1,1,1,0,1,1,1,0,0,medio_baixo
2,10000.0,1,1.0,1,2,1,1,0,0,1,0,0,1,0,0,0,baixo
6,10000.0,28,0.9285714285714286,1,3,1,1,0,2,1,0,1,1,0,0,0,alto
1,0.0,0,0.0,103,3,1,0,0,2,1,0,0,1,0,0,0,medio_baixo
3,10000.0,1,0.0,2,1,1,0,0,0,0,0,0,0,0,1,0,alto
2,35000.0,5,1.0,1,3,1,0,0,0,0,1,0,0,0,1,0,gratuito
5,10000.0,0,0.0,1,1,1,0,0,2,0,0,0,0,1,0,0,medio_alto
1,0.0,0,0.0,3,1,1,0,0,0,0,0,0,0,0,1,0,baixo
1,10000.0,3,1.0,2,4,1,0,0,2,0,0,1,0,1,1,1,alto
3,10000.0,1,0.0,1,1,1,0,0,0,0,0,0,0,0,0,1,baixo
4,0.0,0,0.0,0,0,1,0,0,0,0,0,0,0,0,0,0,gratuito
5,350000.0,4321,0.9076602638278176,10,3,1,1,0,1,1,0,0,0,0,1,1,alto
7,10000.0,12,0.75,4,3,1,0,0,1,1,1,1,0,0,0,0,medio_alto
8,75000.0,984,0.8363821138211383,7,3,1,0,0,7,0,0,0,0,0,0,1,medio_baixo
1,10000.0,0,0.0,1,6,1,0,0,0,1,0,1,1,0,1,1,medio_baixo
2,10000.0,3,1.0,1,2,1,0,0,0,0,1,0,1,0,0,0,baixo
4,0.0,0,0.0,0,0,1,0,0,0,0,0,0,0,0,0,0,gratuito
4,10000.0,3,0.3333333333333333,9,4,1,0,0,0,1,1,0,1,0,0,0,medio_alto
2,10000.0,0,0.0,1,1,1,0,0,0,0,0,0,0,0,0,1,medio_baixo
5,10000.0,34,0.5,8,3,1,0,0,0,1,1,1,0,0,0,0,medio_alto
7,75000.0,429,0.9557109557109557,1,4,1,0,0,0,1,0,1,1,0,0,0,gratuito
5,0.0,0,0.0,0,0,1,0,0,0,0,0,0,0,0,0,0,gratuito
4,10000.0,28,0.5,1,4,1,0,0,0,1,0,0,0,1,1,1,baixo
5,10000.0,11,0.8181818181818182,1,4,1,0,0,0,1,1,1,0,0,0,0,alto
7,35000.0,43,0.7441860465116279,5,4,1,0,0,0,1,1,0,0,0,0,1,medio_baixo
1,10000.0,296,0.4797297297297297,9,5,1,1,0,0,1,0,0,1,0,1,1,alto
1,0.0,0,0.0,0,0,1,0,0,0,0,0,0,0,0,0,0,gratuito
2,10000.0,0,0.0,1,3,1,0,1,0,1,0,1,1,0,0,0,medio_baixo
4,35000.0,71,0.8169014084507042,2,2,1,0,0,0,1,0,0,1,0,0,0,gratuito
1,0.0,0,0.0,1,3,1,1,0,0,0,0,1,1,0,0,0,gratuito
10,75000.0,795,0.8301886792452831,10,3,1,1,0,3,1,0,1,1,0,0,0,medio_alto
1,15000000.0,322,0.8260869565217391,14,4,1,0,0,0,1,1,1,0,1,0,0,alto
9,150000.0,2625,0.9546666666666667,8,4,1,1,0,1,1,1,1,0,1,0,0,medio_alto
1,10000.0,0,0.0,3,3,1,0,0,0,1,1,0,0,0,0,0,alto
1,0.0,0,0.0,0,0,1,0,0,0,0,0,0,0,0,0,0,gratuito
5,75000.0,1,0.0,1,4,1,0,0,0,1,1,1,0,1,0,0,baixo
5,10000.0,3,1.0,4,2,1,0,0,0,1,0,0,1,0,0,0,medio_baixo
2,10000.0,7,0.7142857142857143,1,6,1,0,0,0,1,1,1,1,0,1,0,alto
17,750000.0,5324,0.8358377160030053,12,3,1,0,0,0,0,1,0,0,0,1,0,gratuito
7,10000.0,23,0.6956521739130435,1,2,1,0,0,0,1,1,0,0,0,0,0,medio_alto
3,10000.0,7,0.7142857142857143,1,3,1,0,0,0,1,0,0,1,0,0,0,gratuito
4,10000.0,41,0.9512195121951219,3,3,1,0,0,0,1,1,0,1,0,0,0,medio_baixo
2,10000.0,0,0.0,1,3,1,0,0,0,1,1,1,0,0,0,0,alto
1,10000.0,0,0.0,1,2,1,0,0,0,0,0,1,0,0,0,0,alto
2,750000.0,33804,0.7483433913146373,10,6,1,0,0,0,1,1,0,0,0,1,1,alto
4,10000.0,0,0.0,1,2,1,0,1,0,1,0,0,1,0,0,0,baixo
2,10000.0,0,0.0,12,4,1,0,0,0,1,0,0,1,0,0,1,gratuito
8,10000.0,300,0.96,10,0,1,0,0,1,0,0,0,0,0,0,0,medio_baixo
7,350000.0,1812,0.8565121412803532,102,5,1,0,0,0,1,0,0,1,0,0,1,baixo
12,150000.0,653,0.9050535987748851,8,1,1,0,0,0,0,0,1,0,0,0,0,medio_baixo
8,10000.0,12,0.9166666666666666,1,2,1,0,0,0,1,1,0,0,0,0,0,medio_alto
4,1500000.0,49608,0.602846315110466,12,2,1,0,0,19,0,1,0,0,0,0,0,medio_alto
12,35000.0,52,0.5576923076923077,1,2,1,1,1,1,1,0,1,0,0,0,0,medio_alto
5,3500000.0,60468,0.6659224713898261,13,3,1,0,0,2,0,1,1,0,1,0,0,alto
1,10000.0,3,0.6666666666666666,29,3,1,0,0,0,1,0,0,1,0,1,0,baixo
9,10000.0,1,0.0,1,2,1,0,0,2,0,0,0,0,0,0,0,alto
7,10000.0,6,0.16666666666666666,1,1,1,0,0,0,0,0,1,0,0,0,0,alto
1,10000.0,1,0.0,1,3,1,0,0,0,1,1,0,0,1,0,0,alto
2,10000.0,3,0.3333333333333333,1,2,1,0,0,0,0,0,1,0,0,0,0,alto
8,10000.0,33,0.7878787878787878,1,2,1,0,0,1,1,0,0,1,0,0,0,medio_baixo
1,10000.0,0,0.0,1,2,1,0,0,0,1,0,0,1,0,0,0,baixo
2,10000.0,0,0.0,1,4,1,1,1,0,1,1,1,1,0,0,0,baixo
3,10000.0,8,0.875,2,5,1,0,0,0,1,1,0,1,0,0,0,medio_baixo
4,10000.0,24,0.9583333333333334,7,4,1,0,0,0,1,1,1,1,0,0,0,medio_baixo
1,0.0,0,0.0,0,0,1,0,0,0,0,0,0,0,0,0,0,gratuito
3,0.0,0,0.0,1,3,1,0,0,0,1,0,1,1,0,0,0,gratuito
5,35000.0,13,0.9230769230769231,1,1,1,1,0,0,1,0,0,0,0,0,0,medio_alto
1,10000.0,63,0.9682539682539683,1,2,1,1,0,0,0,0,0,0,0,1,1,medio_baixo
6,10000.0,174,0.8390804597701149,2,2,1,1,1,0,1,0,1,0,0,0,0,baixo
10,10000.0,26,0.8846153846153846,1,2,1,0,0,0,1,0,1,0,0,0,0,baixo
4,0.0,0,0.0,1,5,1,0,0,0,1,0,1,1,1,0,0,gratuito
6,10000.0,1,0.0,1,3,1,0,0,0,1,1,0,1,0,0,0,medio_alto
1,0.0,0,0.0,2,2,1,0,1,1,0,0,0,1,0,0,0,gratuito
6,35000.0,461,0.9674620390455532,1,1,1,0,0,0,0,0,1,0,0,0,0,alto
2,10000.0,0,0.0,10,2,1,0,0,0,0,0,0,1,0,0,1,medio_baixo
4,35000.0,778,0.916452442159383,1,2,1,0,0,0,1,1,0,0,0,0,0,alto
5,35000.0,15,0.8,1,2,1,0,0,0,1,1,0,0,0,0,0,gratuito
9,35000.0,64,0.859375,1,2,1,1,1,0,1,0,0,1,0,0,0,gratuito
2,10000.0,68,0.9411764705882353,15,1,1,1,0,0,0,0,0,0,0,1,0,medio_alto
1,0.0,0,0.0,1,4,1,0,0,0,1,1,0,1,0,0,0,gratuito
1,10000.0,0,0.0,1,1,1,0,0,0,0,0,1,0,0,0,0,medio_baixo
9,35000.0,1757,0.900398406374502,3,2,1,1,1,4,1,0,1,0,0,0,0,medio_baixo
4,10000.0,10,0.9,2,4,1,0,0,0,0,1,1,1,1,0,0,medio_baixo
3,10000.0,5,1.0,1,2,1,1,0,0,1,0,1,0,0,0,0,medio_alto
4,10000.0,0,0.0,15,3,1,0,0,0,1,0,1,0,0,1,0,gratuito
6,10000.0,5,1.0,1,2,1,0,0,0,0,1,0,1,0,0,0,baixo
2,0.0,0,0.0,29,3,1,0,0,0,1,0,0,1,0,0,1,medio_alto
7,350000.0,1080,0.8953703703703704,1,3,1,0,0,0,0,1,0,0,0,1,0,gratuito
5,10000.0,29,0.896551724137931,27,1,1,0,0,0,0,0,0,0,0,0,0,alto
7,35000.0,551,0.9655172413793104,1,1,1,0,0,0,0,0,0,0,0,0,0,gratuito
8,10000.0,4,0.5,1,3,1,0,0,0,1,0,1,1,0,0,0,baixo
2,10000.0,0,0.0,1,4,1,1,0,0,1,0,0,1,0,0,1,medio_alto
9,10000.0,12,0.9166666666666666,1,3,1,0,1,0,1,1,1,0,0,0,0,medio_alto
6,75000.0,418,0.8779904306220095,1,2,1,0,0,0,1,0,1,0,0,0,0,medio_baixo
5,0.0,0,0.0,1,4,1,0,0,0,1,1,1,0,0,0,0,gratuito
4,35000.0,36,0.9444444444444444,1,5,1,1,1,1,1,1,1,1,1,0,0,medio_alto
4,10000.0,0,0.0,1,2,1,0,0,0,0,0,0,1,0,0,0,baixo
4,10000.0,58,0.8620689655172413,1,2,1,0,0,0,1,0,0,1,0,0,0,medio_baixo
7,10000.0,88,0.9431818181818182,1,3,1,0,0,0,1,0,0,1,0,0,1,medio_alto
8,75000.0,237,0.5443037974683544,15,3,1,0,0,0,0,0,0,1,0,0,1,gratuito
1,0.0,0,0.0,1,4,1,0,0,0,1,0,0,1,1,0,0,gratuito
1,0.0,0,0.0,0,0,1,0,0,0,0,0,0,0,0,0,0,gratuito
4,10000.0,2,0.5,2,1,1,0,1,0,0,1,0,0,0,0,0,baixo
3,10000.0,77,0.948051948051948,3,3,1,0,0,0,0,0,1,1,0,0,1,alto
5,10000.0,1,1.0,2,5,1,1,1,0,1,1,1,1,1,0,0,medio_baixo
3,10000.0,41,1.0,2,1,1,1,0,0,0,1,0,0,0,0,0,medio_alto
9,350000.0,1353,0.7161862527716186,1,2,1,1,0,1,1,0,0,1,0,0,0,alto
3,0.0,0,0.0,0,0,1,0,0,0,0,0,0,0,0,0,0,gratuito
10,10000.0,8,0.25,1,1,1,0,0,0,0,0,0,0,0,0,0,medio_alto
7,10000.0,14,0.5,1,4,1,0,0,0,1,0,0,1,1,0,1,medio_alto
6,10000.0,7,1.0,1,2,1,0,0,0,1,1,0,0,0,0,0,medio_alto
3,0.0,0,0.0,2,2,1,0,0,0,0,0,1,0,1,0,0,gratuito
2,10000.0,11,0.2727272727272727,5,4,1,0,0,0,1,1,0,0,1,1,0,baixo
1,0.0,0,0.0,103,2,1,0,0,0,1,0,0,1,0,0,0,baixo
2,10000.0,0,0.0,1,2,1,0,0,0,1,0,0,0,0,0,1,medio_baixo
5,10000.0,2,1.0,1,1,1,0,0,0,0,1,0,0,0,0,0,alto
8,10000.0,16,0.75,1,2,1,0,0,0,1,1,0,0,0,0,0,baixo
1,0.0,0,0.0,0,0,1,0,0,0,0,0,0,0,0,0,0,gratuito
11,35000.0,352,0.8607954545454546,1,4,1,1,0,1,1,1,1,0,1,0,0,alto
2,10000.0,8,1.0,1,4,1,0,0,0,1,0,1,1,1,0,0,medio_baixo
1,10000.0,2,1.0,1,4,1,0,0,0,1,1,1,0,0,0,0,baixo
1,10000.0,3,1.0,1,3,1,1,0,0,1,0,0,1,0,1,0,alto
2,10000.0,1,0.0,3,4,1,0,0,0,1,1,0,1,0,0,0,alto
1,0.0,0,0.0,0,0,1,0,0,0,0,0,0,0,0,0,0,gratuito
6,10000.0,0,0.0,2,1,1,0,0,0,0,1,0,0,0,0,0,alto
1,10000.0,48,0.9583333333333334,13,4,1,1,0,0,1,0,0,1,0,1,1,medio_alto
2,10000.0,10,1.0,1,3,1,0,0,0,0,1,1,0,1,0,0,medio_baixo
6,10000.0,9,1.0,1,2,1,0,0,0,0,0,0,1,0,0,1,baixo
3,10000.0,283,0.7561837455830389,1,4,1,0,0,1,1,1,1,0,1,0,0,alto
12,35000.0,284,0.7183098591549296,1,4,1,0,0,0,1,0,0,1,0,1,1,medio_baixo
1,3500000.0,64132,0.9487307428428865,15,3,1,1,0,1,1,1,0,0,1,0,0,alto
2,10000.0,4,0.5,1,3,1,0,0,0,1,1,1,0,0,0,0,medio_baixo
4,10000.0,7,0.8571428571428571,1,2,1,1,0,0,1,0,0,1,0,0,0,alto
2,10000.0,0,0.0,1,2,1,0,0,0,0,0,0,1,0,1,0,medio_alto
10,150000.0,483,0.5072463768115942,1,5,1,1,0,3,1,0,1,0,1,1,1,medio_alto
17,35000.0,87,0.5977011494252874,6,1,1,0,0,0,0,0,0,1,0,0,0,medio_baixo
3,0.0,0,0.0,0,0,1,0,0,0,0,0,0,0,0,0,0,gratuito
6,150000.0,1586,0.8650693568726355,6,2,1,0,0,0,1,0,0,0,0,0,1,medio_baixo
4,10000.0,6,0.6666666666666666,1,3,1,0,0,0,1,1,1,0,0,0,0,medio_alto
4,10000.0,53,0.6792452830188679,29,2,1,0,0,0,1,0,0,1,0,0,0,baixo
2,10000.0,15,1.0,6,3,1,0,0,0,1,1,1,0,0,0,0,baixo
1,0.0,0,0.0,1,4,1,1,0,0,1,0,0,1,0,1,0,gratuito
2,10000.0,121,0.6033057851239669,10,5,1,0,0,2,1,1,1,0,0,0,0,gratuito
1,0.0,0,0.0,1,6,1,1,0,0,1,1,0,1,0,0,0,gratuito
5,35000.0,6,0.6666666666666666,1,2,1,0,0,0,1,1,0,0,0,0,0,alto
7,10000.0,21,0.9047619047619048,1,2,1,0,0,0,0,0,1,1,0,0,0,medio_alto
4,150000.0,1041,0.7598463016330451,13,4,1,0,0,2,1,0,0,1,0,0,1,medio_baixo
5,10000.0,11,0.09090909090909091,28,5,1,1,1,0,1,1,0,1,0,0,1,alto
5,10000.0,5,0.8,11,3,1,0,0,0,1,1,0,1,0,0,0,baixo
2,10000.0,18,0.9444444444444444,2,4,1,0,0,0,1,1,1,0,0,0,0,medio_baixo
6,10000.0,2,0.0,1,2,1,0,0,0,0,1,1,0,0,0,0,medio_baixo
2,0.0,0,0.0,1,2,1,1,1,0,0,0,0,0,0,1,0,gratuito
3,35000.0,2,0.5,1,3,1,0,0,0,1,1,0,0,1,0,0,medio_alto
4,75000.0,987,0.7406281661600811,1,1,1,0,0,0,0,0,0,0,0,0,1,medio_alto
4,10000.0,0,0.0,1,3,1,0,0,0,0,1,1,1,0,0,0,baixo
3,10000.0,0,0.0,4,2,1,1,1,0,1,0,0,0,0,0,0,alto
1,10000.0,0,0.0,1,2,1,0,0,0,1,0,0,1,0,0,0,medio_alto
2,10000.0,26,0.8846153846153846,6,2,1,0,1,0,0,0,1,0,1,0,0,alto
2,10000.0,3,1.0,1,1,1,0,0,0,1,0,0,0,0,0,0,medio_alto
4,10000.0,3,0.3333333333333333,1,2,1,0,0,0,1,0,1,0,0,0,0,medio_baixo
1,10000.0,0,0.0,1,1,1,0,0,0,1,0,0,0,0,0,0,baixo
5,10000.0,19,0.7894736842105263,2,2,1,0,0,0,1,1,0,0,0,0,0,medio_alto
10,35000.0,383,0.8485639686684073,1,3,1,0,0,0,1,1,1,0,0,0,0,medio_baixo
5,10000.0,0,0.0,1,3,1,0,0,0,1,0,0,1,0,0,1,baixo
9,150000.0,660,0.693939393939394,9,3,1,0,0,1,1,1,1,0,0,0,0,alto
2,10000.0,44,0.9090909090909091,3,2,1,0,0,0,0,1,0,0,0,0,0,gratuito
5,75000.0,14,1.0,1,3,1,0,0,0,1,1,0,1,0,0,0,medio_alto
2,35000.0,2,1.0,1,1,1,0,0,0,0,0,0,0,1,0,0,medio_alto
17,350000.0,2748,0.8842794759825328,10,2,1,1,1,0,1,1,0,0,0,0,0,baixo
1,10000.0,0,0.0,1,3,1,0,1,0,0,0,0,1,0,1,0,alto
7,35000.0,3,0.3333333333333333,29,3,1,0,0,0,1,1,1,0,0,0,0,gratuito
6,10000.0,118,0.5169491525423728,14,4,1,0,0,0,1,1,1,0,0,0,0,gratuito
3,10000.0,2,1.0,1,3,1,0,0,0,1,0,1,0,1,0,0,medio_alto
1,0.0,0,0.0,1,2,1,0,0,0,0,0,0,1,0,0,1,alto
7,10000.0,0,0.0,1,5,1,0,0,0,1,0,1,1,0,0,1,baixo
5,35000.0,54,0.6296296296296297,1,4,1,0,0,0,1,1,1,0,0,0,0,gratuito
2,0.0,0,0.0,103,2,1,0,0,0,1,0,0,1,0,0,0,baixo
3,35000.0,139,0.48201438848920863,2,5,1,0,0,0,1,1,0,1,0,0,1,medio_baixo
10,150000.0,666,0.8003003003003003,2,1,1,0,0,0,0,0,0,0,1,0,0,medio_alto
2,10000.0,64,0.84375,18,4,1,0,0,0,1,1,1,1,0,0,0,baixo
7,150000.0,8889,0.5617054786815164,3,5,1,0,0,2,1,1,1,0,0,0,1,medio_baixo
7,1500000.0,32181,0.7570305459743327,15,2,1,0,0,5,0,1,1,0,0,0,0,alto
5,10000.0,177,0.7344632768361582,1,4,1,1,1,0,1,0,1,1,1,0,0,alto
1,0.0,0,0.0,12,3,1,1,0,0,1,1,0,0,0,0,0,alto
2,10000.0,129,0.9767441860465116,1,4,1,0,0,0,1,1,0,1,0,1,0,baixo
3,75000.0,13,0.6923076923076923,1,2,1,0,0,0,1,1,0,0,0,0,0,medio_alto
8,10000.0,17,0.9411764705882353,2,2,1,1,1,0,1,0,1,0,0,0,0,baixo
7,35000.0,208,0.9759615384615384,4,2,1,0,0,3,1,0,1,0,0,0,0,medio_baixo
1,0.0,0,0.0,0,0,1,0,0,0,0,0,0,0,0,0,0,gratuito
1,10000.0,0,0.0,9,3,1,0,0,0,1,0,1,0,0,0,1,alto
2,10000.0,123,0.991869918699187,2,1,1,0,0,0,0,0,1,0,0,0,0,medio_baixo
4,35000.0,0,0.0,2,2,1,0,0,0,1,0,1,0,0,0,0,baixo
1,0.0,0,0.0,0,0,1,0,0,0,0,0,0,0,0,0,0,gratuito
9,10000.0,13,0.8461538461538461,1,4,1,0,0,0,1,1,0,1,0,0,0,alto
6,10000.0,9,0.2222222222222222,1,3,1,0,0,1,1,0,0,1,0,0,1,baixo
1,10000.0,0,0.0,1,1,1,0,0,0,0,1,0,0,0,0,0,medio_baixo
7,10000.0,34,0.4411764705882353,5,2,1,0,0,0,1,0,1,0,0,0,0,baixo
2,0.0,0,0.0,1,2,1,0,0,0,0,0,0,0,1,0,0,gratuito
1,10000.0,0,0.0,27,2,1,1,1,0,1,0,0,0,0,0,1,baixo
2,10000.0,7,0.8571428571428571,1,3,1,1,0,0,1,0,0,1,0,1,0,medio_baixo
1,0.0,0,0.0,1,4,1,0,0,0,1,1,0,0,0,0,0,gratuito
8,10000.0,10,0.2,10,3,1,1,1,0,1,0,0,1,0,1,0,alto
1,0.0,0,0.0,1,1,1,0,0,3,0,0,0,0,0,0,1,medio_alto
6,10000.0,0,0.0,6,3,1,0,0,0,1,0,0,1,0,0,1,medio_baixo
6,35000.0,8,0.625,6,2,1,0,0,0,0,0,0,1,0,0,0,medio_alto
4,10000.0,6,1.0,1,3,1,0,0,0,1,1,1,0,0,0,0,medio_alto
1,10000.0,10,1.0,3,4,1,1,0,0,1,1,1,0,1,0,0,medio_alto
6,10000.0,5,1.0,1,2,1,0,0,0,1,0,0,1,0,0,0,medio_baixo
2,10000.0,82,0.9878048780487805,12,4,1,0,0,0,1,0,0,1,0,1,1,medio_alto
20,350000.0,2014,0.9205561072492552,1,1,1,0,0,0,0,1,0,0,0,0,0,medio_alto
6,150000.0,20,0.7,2,3,1,1,0,0,1,1,1,0,0,0,0,medio_baixo
8,10000.0,0,0.0,27,2,1,0,0,0,1,0,0,1,0,0,0,baixo
2,10000.0,4,1.0,4,3,1,0,0,0,1,1,1,0,0,0,0,medio_baixo
4,10000.0,0,0.0,1,1,1,0,0,0,0,0,1,0,0,0,0,medio_alto
1,0.0,0,0.0,0,0,1,0,0,0,0,0,0,0,0,0,0,gratuito
1,0.0,0,0.0,1,3,1,0,0,0,0,1,1,0,0,0,0,gratuito
2,35000.0,269,0.6133828996282528,14,2,1,0,0,0,0,1,0,0,1,0,0,baixo
3,10000.0,26,0.9615384615384616,1,3,1,0,0,0,1,1,0,0,0,0,1,medio_alto
5,10000.0,152,0.9868421052631579,1,3,1,0,1,0,1,1,1,0,0,0,0,baixo
1,0.0,0,0.0,3,3,1,1,0,0,0,0,0,1,1,0,0,gratuito
1,10000.0,3,1.0,1,2,1,0,0,1,1,0,0,0,0,1,0,medio_alto
7,10000.0,0,0.0,1,6,1,0,0,0,1,0,1,1,1,1,1,medio_baixo
4,0.0,0,0.0,0,0,1,0,0,0,0,0,0,0,0,0,0,gratuito
2,0.0,0,0.0,2,10,1,0,0,0,1,1,1,1,1,1,1,gratuito
2,0.0,0,0.0,0,0,1,0,0,0,0,0,0,0,0,0,0,gratuito
7,10000.0,13,0.7692307692307693,2,2,1,0,0,1,1,0,1,0,0,0,0,alto
4,150000.0,1758,0.8549488054607508,1,5,1,1,1,0,0,0,1,0,1,0,1,gratuito
3,10000.0,2,1.0,1,1,1,0,1,0,0,0,0,1,0,0,0,medio_baixo
8,10000.0,0,0.0,1,2,1,0,0,0,1,0,0,1,0,0,0,gratuito
1,10000.0,0,0.0,8,3,1,0,0,1,0,0,0,1,1,1,0,medio_alto
9,7500000.0,190124,0.958143106604111,13,3,1,1,0,3,0,0,1,0,1,1,0,alto
8,10000.0,30,0.7,1,3,1,0,1,0,1,0,0,0,0,0,0,medio_baixo
2,0.0,0,0.0,1,2,1,0,0,0,1,0,0,1,0,0,0,gratuito
1,10000.0,92,0.8695652173913043,1,3,1,0,0,0,1,1,0,1,0,0,0,medio_baixo
6,10000.0,242,0.8471074380165289,4,1,1,0,0,1,0,0,1,0,0,0,0,alto
9,350000.0,5445,0.947842056932966,2,1,1,0,0,24,0,0,0,0,1,0,0,alto
2,35000.0,23,1.0,13,3,1,1,1,1,1,1,1,0,0,0,0,alto
3,10000.0,0,0.0,13,2,1,0,0,0,1,1,0,0,0,0,0,medio_baixo
1,10000.0,0,0.0,1,5,1,0,0,0,1,1,0,1,0,1,1,medio_baixo
8,35000.0,280,0.95,1,2,1,0,0,0,0,0,0,1,0,0,0,gratuito
6,10000.0,24,0.7083333333333334,5,1,1,0,0,0,0,1,0,0,0,0,0,baixo
11,10000.0,71,0.30985915492957744,1,4,1,1,0,0,1,0,0,1,0,1,1,baixo
1,10000.0,0,0.0,1,4,1,0,0,0,1,1,1,0,1,0,0,medio_alto
3,35000.0,93,0.8602150537634409,11,2,1,1,0,0,1,1,0,0,0,0,0,baixo
9,10000.0,122,0.7295081967213115,3,3,1,1,0,0,1,0,1,1,0,0,0,medio_baixo
16,150000.0,1037,0.7704918032786885,5,3,1,0,0,0,0,1,1,0,0,1,0,baixo
6,35000.0,13,0.8461538461538461,1,1,1,0,0,0,1,0,0,0,0,0,0,gratuito
8,10000.0,100,0.6,1,4,1,0,0,0,0,1,0,1,0,1,1,baixo
2,10000.0,0,0.0,2,1,1,0,0,0,0,0,0,0,1,0,0,medio_alto
9,35000.0,35,0.6285714285714286,1,3,1,0,0,0,1,0,1,1,0,0,0,medio_baixo
11,10000.0,30,0.8333333333333334,1,2,1,1,1,0,1,1,0,0,0,0,0,medio_alto
5,10000.0,0,0.0,1,2,1,0,0,0,0,0,0,1,0,0,0,medio_alto
11,10000.0,54,0.8333333333333334,1,2,1,1,0,1,1,1,0,0,0,0,0,gratuito
2,10000.0,0,0.0,21,2,1,0,0,1,0,0,0,0,0,0,1,alto
3,10000.0,0,0.0,1,3,1,0,0,0,1,0,0,1,0,0,1,medio_alto
7,10000.0,5,0.8,2,3,1,0,0,0,1,1,0,0,0,1,0,medio_alto
2,10000.0,5,1.0,2,3,1,0,0,0,1,0,0,1,0,0,1,baixo
2,0.0,0,0.0,1,6,1,0,0,0,1,0,1,1,0,1,1,gratuito
4,10000.0,2,0.5,1,2,1,0,0,0,0,1,1,0,0,0,0,medio_baixo
4,10000.0,843,0.7200474495848161,10,2,1,0,0,2,0,1,1,0,0,0,0,alto
5,35000.0,870,0.825287356321839,3,1,1,0,0,2,0,0,0,1,0,0,0,baixo
1,10000.0,4,0.5,5,4,1,0,0,0,1,1,1,0,0,0,0,gratuito
1,0.0,0,0.0,0,0,1,0,0,0,0,0,0,0,0,0,0,gratuito
7,10000.0,4,0.25,4,3,1,0,0,0,1,1,1,0,0,0,0,medio_alto
9,150000.0,1320,0.7363636363636363,13,2,1,0,0,1,1,0,1,0,0,0,0,baixo
7,10000.0,3,0.6666666666666666,1,2,1,1,0,0,1,0,0,0,0,1,0,medio_alto
2,10000.0,10,1.0,8,3,1,1,0,0,0,0,1,1,0,1,0,alto
4,10000.0,5,1.0,1,2,1,0,1,1,1,0,0,1,0,0,0,medio_alto
1,0.0,0,0.0,0,0,1,0,0,0,0,0,0,0,0,0,0,gratuito
5,10000.0,15,0.9333333333333333,1,2,1,0,0,0,1,0,0,1,0,0,0,baixo
6,10000.0,37,0.8108108108108109,13,3,1,1,1,0,1,0,1,1,0,0,0,baixo
7,10000.0,2,0.0,1,4,1,0,0,0,0,1,1,0,0,1,0,alto
4,10000.0,4,0.5,1,9,1,0,0,0,1,0,1,1,1,1,0,gratuito
4,10000.0,61,0.7540983606557377,7,6,1,0,0,0,1,1,0,0,0,1,0,gratuito
2,10000.0,1,1.0,1,4,1,0,0,0,1,1,1,0,1,0,0,baixo
6,10000.0,11,0.7272727272727273,4,1,1,0,0,0,0,0,0,1,0,0,0,alto
7,10000.0,1,1.0,1,3,1,0,0,0,1,0,0,1,0,1,0,medio_baixo
4,10000.0,1,1.0,1,4,1,0,0,0,1,0,1,1,0,1,0,baixo
6,10000.0,1,0.0,1,5,1,0,0,0,1,1,1,0,0,1,1,medio_alto
17,350000.0,2656,0.8791415662650602,3,2,1,0,0,0,0,1,0,0,1,0,0,medio_baixo
9,10000.0,25,0.56,9,5,1,0,0,0,1,0,0,1,0,1,1,alto
6,10000.0,28,0.35714285714285715,4,1,1,0,0,0,0,0,0,0,0,0,0,alto
2,10000.0,0,0.0,1,1,1,0,0,0,0,1,0,0,0,0,0,gratuito
7,10000.0,61,0.6721311475409836,4,5,1,0,0,0,1,0,1,0,0,1,1,alto
16,75000.0,422,0.8483412322274881,4,2,1,0,0,0,0,0,0,0,1,1,0,baixo
1,10000.0,0,0.0,15,3,1,0,0,0,1,1,0,1,0,0,0,medio_baixo
9,35000.0,397,0.8841309823677582,8,2,1,0,0,0,0,0,1,0,0,0,1,alto
3,75000.0,694,0.4956772334293948,1,3,1,1,0,0,0,0,0,1,1,0,1,baixo
4,10000.0,32,0.96875,3,4,1,0,0,0,1,0,0,1,0,0,1,alto
9,10000.0,5,1.0,1,3,1,0,0,0,1,0,0,0,1,0,1,baixo
8,10000.0,29,0.41379310344827586,1,4,1,0,0,0,1,0,0,1,0,0,1,alto
1,10000.0,0,0.0,2,2,1,0,0,0,1,0,1,0,0,0,0,medio_baixo
2,0.0,0,0.0,1,2,1,0,0,0,0,0,0,0,1,0,0,gratuito
1,10000.0,9,1.0,5,4,1,1,1,0,1,1,1,1,0,0,0,baixo
6,150000.0,5075,0.8906403940886699,1,2,1,0,0,1,0,0,0,1,1,0,0,baixo
7,10000.0,11,1.0,1,2,1,0,0,0,1,0,0,1,0,0,0,baixo
2,10000.0,1,1.0,5,3,1,0,0,0,1,1,1,0,0,0,0,medio_baixo
7,10000.0,131,0.9083969465648855,7,3,1,0,0,0,1,0,1,0,0,0,1,alto
1,10000.0,0,0.0,2,3,1,0,0,0,1,0,1,0,1,0,0,medio_alto
1,10000.0,0,0.0,12,3,1,1,1,0,1,0,0,1,0,1,0,baixo
1,0.0,0,0.0,103,1,1,1,0,0,0,0,0,1,0,0,0,medio_baixo
3,35000.0,4,0.5,1,2,1,0,0,0,1,1,0,0,0,0,0,baixo
4,75000000.0,202021,0.7102281445988289,2,5,1,0,0,7,0,1,1,0,1,0,0,gratuito
2,35000.0,214,0.8598130841121495,4,4,1,0,0,1,1,0,0,1,1,1,0,medio_alto
3,10000.0,11,0.6363636363636364,2,3,1,0,0,0,1,0,0,0,1,1,0,medio_baixo
3,35000.0,13,1.0,2,3,1,0,0,0,1,1,1,0,0,0,0,alto
3,10000.0,93,0.7311827956989247,3,3,1,1,1,0,0,0,1,1,0,0,1,baixo
4,10000.0,0,0.0,1,2,1,0,0,0,1,0,0,1,0,0,0,baixo
5,75000.0,1442,0.9479889042995839,9,3,1,0,1,0,1,1,1,0,0,0,0,medio_baixo
3,10000.0,9,0.7777777777777778,1,5,1,0,0,0,1,1,1,1,0,0,1,medio_baixo
10,10000.0,12,0.75,3,4,1,1,1,0,1,1,0,1,0,1,0,medio_baixo
2,10000.0,9,0.8888888888888888,2,3,1,1,1,0,1,0,0,1,0,1,0,medio_baixo
9,10000.0,405,0.8049382716049382,4,3,1,0,0,0,1,0,1,1,0,0,0,medio_baixo
1,10000.0,0,0.0,10,5,1,0,0,0,1,1,1,0,0,0,1,alto
1,10000.0,0,0.0,1,3,1,0,0,0,1,0,0,1,0,1,0,medio_baixo
1,0.0,0,0.0,4,4,1,0,0,0,1,0,0,0,1,1,0,medio_alto
6,150000.0,1991,0.7609241587142139,6,2,1,0,0,3,0,0,0,1,0,0,1,alto
4,0.0,0,0.0,0,0,1,0,0,0,0,0,0,0,0,0,0,gratuito
9,150000.0,2133,0.9442100328176277,1,1,1,0,0,0,0,0,0,0,1,0,0,alto
2,10000.0,15,0.7333333333333333,1,3,1,0,0,0,1,0,1,0,1,0,0,medio_alto
6,10000.0,11,0.8181818181818182,1,4,1,1,0,0,1,1,1,0,1,0,0,medio_alto
5,10000.0,11,0.8181818181818182,1,2,1,0,0,0,0,0,0,0,0,0,0,alto
3,350000.0,1639,0.6668700427089689,6,2,1,0,0,0,0,1,1,0,0,0,0,medio_alto
8,35000.0,108,0.8611111111111112,2,3,1,0,0,0,1,0,0,1,0,1,0,baixo
8,10000.0,18,0.6666666666666666,1,2,1,0,0,1,1,0,0,1,0,0,0,medio_baixo
1,0.0,0,0.0,1,2,1,0,0,0,1,0,0,1,0,0,0,medio_baixo
2,10000.0,8,1.0,10,4,1,0,1,0,1,0,1,0,0,0,1,medio_baixo
3,0.0,0,0.0,3,3,1,1,1,0,0,0,1,1,0,0,0,gratuito
10,10000.0,26,0.6923076923076923,1,2,1,0,0,0,0,0,0,1,0,0,1,gratuito
5,10000.0,7,1.0,1,2,1,0,0,0,1,1,0,0,0,0,0,medio_baixo
1,0.0,0,0.0,103,9,1,1,1,0,1,1,1,1,1,1,1,medio_baixo
8,10000.0,4,1.0,1,3,1,0,0,0,1,0,0,1,0,1,0,medio_baixo
8,35000.0,48,0.625,1,5,1,0,0,0,1,0,1,1,0,1,0,gratuito
5,0.0,0,0.0,1,2,1,1,0,0,1,0,1,0,0,0,0,gratuito
10,75000.0,166,0.4939759036144578,6,3,1,1,1,0,1,0,0,0,0,1,1,alto
9,75000.0,191,0.581151832460733,8,4,1,1,1,1,1,1,0,0,0,1,1,medio_alto
8,10000.0,0,0.0,1,3,1,0,0,0,1,0,0,1,0,0,0,baixo
9,10000.0,1,1.0,1,2,1,0,0,0,0,1,0,0,0,0,0,alto
9,10000.0,50,0.44,1,4,1,0,0,0,1,1,0,0,0,1,1,alto
1,10000.0,66,0.7424242424242424,9,4,1,0,0,0,1,0,0,1,0,0,1,alto
6,10000.0,29,0.5172413793103449,2,3,1,0,0,0,1,0,0,0,0,0,1,baixo
4,35000.0,142,0.8661971830985915,1,3,1,0,0,0,1,0,0,0,1,1,0,alto
2,10000.0,244,0.9836065573770492,2,2,1,0,0,1,1,1,0,0,0,0,0,medio_baixo
7,10000.0,15,0.3333333333333333,1,4,1,0,0,0,1,1,1,1,0,0,0,medio_baixo
2,35000.0,8,1.0,2,2,1,0,0,1,0,0,1,1,0,0,0,baixo
10,75000.0,43,0.5116279069767442,1,2,1,0,0,0,1,0,0,1,0,0,0,gratuito
2,0.0,0,0.0,1,3,1,0,0,0,1,0,0,1,0,1,0,gratuito
3,10000.0,0,0.0,8,3,1,1,1,4,1,0,1,1,0,0,0,alto
3,10000.0,7,1.0,1,5,1,0,0,1,1,1,1,0,1,0,0,alto
7,10000.0,64,0.765625,1,2,1,1,0,0,1,1,0,0,0,0,0,medio_baixo
4,10000.0,1,0.0,1,1,1,0,0,0,0,1,0,0,0,0,0,alto
4,10000.0,1,0.0,1,2,1,0,0,0,1,1,0,0,0,0,0,baixo
2,10000.0,0,0.0,3,5,1,0,0,0,1,0,1,1,1,0,1,alto
12,10000.0,334,0.9820359281437125,4,2,1,1,1,0,0,0,1,1,0,0,0,medio_alto
2,10000.0,87,0.7471264367816092,8,3,1,1,0,0,1,0,0,0,0,1,1,medio_alto
2,10000.0,21,0.9047619047619048,7,1,1,0,0,0,1,0,0,0,0,0,0,medio_baixo
1,0.0,0,0.0,0,0,1,0,0,0,0,0,0,0,0,0,0,gratuito
1,10000.0,0,0.0,1,5,1,0,0,0,1,1,1,1,0,0,0,medio_baixo
5,10000.0,1,1.0,2,3,1,0,0,0,1,1,1,0,0,0,0,medio_baixo
10,10000.0,18,0.5555555555555556,1,4,1,0,0,0,1,0,0,1,0,0,1,medio_alto
2,0.0,0,0.0,0,0,1,0,0,0,0,0,0,0,0,0,0,gratuito
4,0.0,0,0.0,1,4,1,0,0,0,1,0,1,1,0,0,0,gratuito
2,0.0,0,0.0,103,4,1,0,0,3,1,0,1,1,0,0,0,gratuito
2,10000.0,0,0.0,1,2,1,0,0,0,0,0,0,0,0,0,1,gratuito
4,10000.0,452,0.7920353982300885,14,2,1,0,0,2,0,0,1,1,0,0,0,alto
3,10000.0,0,0.0,1,7,1,0,0,0,1,1,0,1,1,1,1,gratuito
3,10000.0,3,1.0,1,2,1,0,0,0,1,0,0,1,0,0,0,medio_baixo
7,10000.0,1,1.0,1,3,1,1,0,0,1,0,1,0,0,1,0,medio_alto
2,10000.0,0,0.0,1,1,1,0,0,0,0,1,0,0,0,0,0,medio_baixo
2,10000.0,0,0.0,3,3,1,0,0,0,0,1,0,0,1,0,0,gratuito
2,35000.0,2,0.5,1,3,1,0,0,0,1,0,1,0,1,0,0,medio_alto
1,10000.0,0,0.0,1,2,1,0,0,0,0,0,0,1,0,0,0,gratuito
4,150000.0,2745,0.9828779599271402,2,3,1,0,0,0,1,0,0,0,1,0,1,medio_alto
6,10000.0,101,0.9504950495049505,6,1,1,1,0,1,0,0,0,1,0,0,0,baixo
3,10000.0,5,1.0,1,2,1,0,0,1,1,0,0,0,1,0,0,medio_alto
4,0.0,0,0.0,0,0,1,0,0,0,0,0,0,0,0,0,0,gratuito
6,10000.0,4,1.0,11,5,1,0,0,0,1,1,1,0,1,0,1,baixo
4,10000.0,61,0.4918032786885246,9,6,1,0,0,0,1,1,0,1,0,0,1,alto
9,10000.0,11,0.8181818181818182,1,4,1,0,0,0,1,1,0,0,0,1,1,alto
2,10000.0,0,0.0,1,1,1,0,0,0,0,0,0,1,0,0,0,medio_alto
5,10000.0,2,1.0,1,2,1,0,0,0,1,0,0,1,0,0,0,medio_baixo
10,750000.0,11858,0.9574970484061394,8,4,1,0,0,9,1,1,1,1,0,0,0,medio_alto
1,35000.0,249,0.7791164658634538,10,3,1,1,1,0,0,0,0,1,0,1,1,medio_alto
10,35000.0,11,1.0,1,2,1,0,0,0,0,0,0,1,0,1,0,medio_baixo
4,150000.0,15,0.4666666666666667,1,1,1,0,0,0,1,0,0,0,0,0,0,baixo
4,0.0,0,0.0,1,4,1,1,0,1,1,0,1,0,1,0,0,gratuito
3,150000.0,1681,0.8120166567519334,4,5,1,1,0,3,1,0,1,0,1,1,0,alto
2,35000.0,57,0.9473684210526315,1,4,1,1,0,0,1,1,0,1,0,1,0,baixo
10,750000.0,21078,0.974048771230667,4,1,1,0,0,0,0,0,1,0,0,0,0,alto
8,10000.0,59,0.559322033898305,1,3,1,0,0,0,1,1,0,0,0,1,0,medio_alto
7,10000.0,50,0.72,1,3,1,0,0,0,1,1,0,1,0,0,0,baixo
5,10000.0,20,0.65,103,2,1,0,0,0,1,0,1,0,0,0,0,baixo
3,10000.0,2,1.0,4,2,1,1,0,0,0,0,0,1,0,1,0,medio_baixo
5,350000.0,1209,0.8535980148883374,5,2,1,0,0,9,1,1,0,0,0,0,0,alto
1,0.0,0,0.0,5,4,1,0,0,0,1,0,0,1,0,1,1,medio_baixo
1,0.0,0,0.0,0,0,1,0,0,0,0,0,0,0,0,0,0,gratuito
3,10000.0,72,0.7083333333333334,6,5,1,0,0,0,1,0,0,1,0,1,1,medio_alto
4,10000.0,13,0.5384615384615384,10,3,1,0,0,8,0,1,0,1,0,0,0,baixo
1,10000.0,0,0.0,6,2,1,0,0,0,1,0,1,0,0,0,0,medio_alto
10,75000.0,81,0.5679012345679012,1,2,1,0,0,0,1,0,0,1,0,0,0,baixo
1,10000.0,13,0.9230769230769231,1,3,1,1,1,0,1,0,1,0,0,0,1,medio_baixo
3,10000.0,10,0.9,4,4,1,0,0,0,1,1,0,1,0,0,0,medio_baixo
1,10000.0,17,0.9411764705882353,20,4,1,0,0,0,0,0,0,1,0,1,0,medio_alto
2,10000.0,9,0.8888888888888888,1,2,1,0,0,1,1,0,1,0,0,0,0,medio_baixo
9,10000.0,47,0.574468085106383,2,4,1,0,0,0,1,0,0,1,1,1,0,gratuito
2,10000.0,13,0.9230769230769231,1,2,1,0,0,0,1,1,0,0,0,0,0,medio_baixo
1,10000.0,37,1.0,1,2,1,0,0,0,0,0,1,1,0,0,0,medio_baixo
7,10000.0,152,0.6710526315789473,13,3,1,0,0,0,1,0,1,1,0,0,0,baixo
2,350000.0,2921,0.984251968503937,12,3,1,1,1,2,1,0,1,0,1,0,0,medio_alto
1,0.0,0,0.0,0,0,1,0,0,0,0,0,0,0,0,0,0,gratuito
8,10000.0,8,0.875,1,1,1,1,0,0,0,1,0,0,0,0,0,baixo
8,35000.0,203,0.8571428571428571,5,3,1,0,0,0,1,0,0,1,0,1,0,baixo
4,0.0,0,0.0,1,5,1,0,0,0,1,1,1,0,1,0,0,gratuito
7,10000.0,8,1.0,1,3,1,0,0,0,1,1,1,0,0,0,0,gratuito
10,150000.0,163,0.5398773006134969,1,6,1,0,0,0,1,1,1,0,0,1,1,alto
1,10000.0,24,0.9166666666666666,4,2,1,0,0,0,1,0,0,1,0,0,0,baixo
4,35000.0,92,0.5869565217391305,16,2,1,0,0,0,1,0,0,0,0,0,1,baixo
1,10000.0,0,0.0,2,4,1,0,0,0,1,1,0,1,1,0,0,baixo
9,10000.0,13,0.5384615384615384,1,4,1,0,0,0,1,1,1,0,0,0,0,baixo
2,10000.0,27,0.4074074074074074,1,5,1,0,0,0,1,0,1,1,1,0,1,medio_alto
7,10000.0,6,1.0,1,3,1,0,0,0,1,1,1,0,0,0,0,medio_alto
2,10000.0,13,0.6153846153846154,12,6,1,0,0,0,1,1,1,0,0,1,0,gratuito
5,10000.0,60,0.9,10,2,1,0,0,0,1,0,0,0,0,0,1,alto
4,10000.0,1,1.0,1,4,1,0,0,1,1,0,1,1,0,0,1,medio_baixo
10,10000.0,2,0.5,1,6,1,0,0,0,1,1,1,0,0,1,0,medio_alto
6,10000.0,82,0.7682926829268293,7,2,1,1,0,1,1,0,1,0,0,0,0,medio_baixo
5,10000.0,7,0.5714285714285714,103,5,1,0,0,0,0,1,1,1,0,1,1,baixo
10,35000.0,107,0.6635514018691588,2,2,1,1,0,1,1,1,0,0,0,0,0,alto
2,35000.0,123,0.6504065040650406,6,1,1,0,0,0,0,0,0,1,0,0,0,medio_baixo
1,0.0,0,0.0,8,3,1,0,0,0,1,0,1,0,0,0,1,baixo
1,10000.0,0,0.0,9,4,1,0,0,0,1,1,0,1,0,0,1,alto
3,10000.0,16,0.8125,1,4,1,0,0,0,1,1,1,0,0,0,1,gratuito
4,0.0,0,0.0,0,0,1,0,0,0,0,0,0,0,0,0,0,gratuito
7,350000.0,1092,0.5943223443223443,3,4,1,0,0,0,0,1,0,1,0,0,0,gratuito
7,35000.0,488,0.8831967213114754,2,4,1,1,0,0,1,0,1,1,0,0,0,medio_baixo
7,7500000.0,111740,0.9158403436549132,15,3,1,0,1,0,1,1,0,0,0,0,0,gratuito
4,1500000.0,43681,0.9322588768572148,22,2,1,0,0,0,0,1,1,0,0,0,0,alto
6,10000.0,0,0.0,1,2,1,0,0,0,0,1,0,1,0,0,0,medio_alto
2,10000.0,0,0.0,1,4,1,0,0,0,1,1,1,0,0,1,0,medio_baixo
2,0.0,0,0.0,0,0,1,0,0,0,0,0,0,0,0,0,0,gratuito
6,10000.0,8,0.125,1,5,1,0,1,0,1,1,0,0,0,0,1,medio_alto
1,10000.0,0,0.0,2,2,1,0,0,0,0,1,1,0,0,0,0,medio_alto
9,10000.0,23,0.5217391304347826,1,3,1,0,0,0,1,0,1,0,0,0,0,gratuito
6,75000.0,179,0.3854748603351955,5,4,1,0,0,0,1,1,1,0,0,0,1,baixo
3,10000.0,139,0.8848920863309353,3,3,1,1,1,0,1,0,0,1,0,1,0,medio_alto
4,0.0,0,0.0,0,0,1,0,0,0,0,0,0,0,0,0,0,gratuito
9,750000.0,12155,0.7654463183874949,2,5,1,0,0,0,1,1,1,0,0,1,1,alto
1,0.0,0,0.0,1,4,1,0,0,0,1,1,0,0,0,0,0,gratuito
1,0.0,0,0.0,2,5,1,0,0,0,0,1,1,1,1,0,0,gratuito
8,10000.0,64,0.953125,1,1,1,0,0,1,0,0,1,0,0,0,0,alto
12,10000.0,107,0.34579439252336447,1,1,1,0,0,0,0,0,0,0,0,0,0,medio_alto
3,10000.0,14,0.7142857142857143,8,3,1,0,0,0,1,1,1,0,0,0,0,alto
2,15000000.0,370046,0.8860763256460008,14,6,1,1,1,9,1,1,1,0,1,1,1,alto
8,10000.0,6,0.5,1,4,1,0,0,0,1,1,1,0,0,0,0,alto
3,10000.0,6,1.0,1,3,1,0,0,0,1,0,0,1,0,0,1,baixo
3,10000.0,7,1.0,1,2,1,0,0,0,1,0,0,0,1,0,0,alto
2,10000.0,1,1.0,1,2,1,0,1,0,1,1,0,0,0,0,0,baixo
11,75000.0,299,0.6421404682274248,2,3,1,0,0,0,1,0,1,0,0,0,0,gratuito
8,10000.0,2,0.5,1,1,1,0,0,0,0,0,0,1,0,0,0,medio_baixo
3,10000.0,0,0.0,1,2,1,0,0,0,0,0,1,1,0,0,0,medio_baixo
6,10000.0,1,0.0,2,2,1,0,0,0,1,1,0,0,0,0,0,medio_baixo
7,10000.0,2,1.0,2,2,1,0,0,0,1,1,0,0,0,0,0,medio_alto
9,10000.0,15,0.8666666666666667,1,3,1,0,0,0,0,0,0,0,0,0,0,alto
3,10000.0,16,0.875,2,2,1,0,0,0,0,1,1,0,0,0,0,baixo
3,0.0,0,0.0,1,3,1,0,0,0,0,0,1,1,0,0,0,gratuito
5,10000.0,27,0.8888888888888888,1,3,1,0,1,0,1,0,1,1,0,0,0,baixo
5,35000.0,17,0.8823529411764706,1,2,1,0,0,8,0,0,1,1,0,0,0,baixo
2,10000.0,2,1.0,1,5,1,0,0,0,1,0,1,0,1,1,0,alto
8,10000.0,28,0.8571428571428571,4,2,1,1,1,0,1,0,1,0,0,0,0,medio_baixo
1,150000.0,697,0.6341463414634146,4,1,1,0,0,0,1,0,0,0,0,0,0,alto
4,10000.0,3,1.0,1,1,1,0,0,0,0,0,0,1,0,0,0,baixo
6,10000.0,19,0.7894736842105263,8,3,1,0,1,0,1,1,1,0,0,0,0,medio_baixo
7,10000.0,0,0.0,3,3,1,0,1,0,1,1,1,0,0,0,0,medio_baixo
4,10000.0,0,0.0,1,2,1,0,0,1,0,0,0,0,0,0,0,alto
7,750000.0,5121,0.8308924038273775,11,2,1,0,0,3,1,0,0,0,0,1,0,alto
4,10000.0,0,0.0,2,2,1,0,0,10,1,0,0,1,0,0,0,medio_baixo
1,10000.0,0,0.0,2,3,1,0,0,0,1,0,0,1,0,1,0,baixo
1,10000.0,35,0.8285714285714286,1,4,1,1,0,0,1,1,0,1,0,0,0,gratuito
3,350000.0,4861,0.4875540012343139,12,2,1,0,0,6,0,0,0,0,0,1,0,alto
2,3500000.0,65180,0.8932341208959803,16,1,1,0,0,11,0,1,0,0,0,0,0,alto
3,0.0,0,0.0,1,2,1,0,0,1,1,1,0,0,0,0,0,gratuito
9,10000.0,47,0.2553191489361702,1,3,1,0,0,0,1,0,1,1,0,0,0,baixo
2,10000.0,104,0.8076923076923077,1,3,1,0,0,0,1,0,0,1,0,0,1,baixo
3,10000.0,30,0.5333333333333333,1,6,1,0,0,0,1,1,1,1,1,0,1,baixo
1,0.0,0,0.0,0,0,1,0,0,0,0,0,0,0,0,0,0,gratuito
7,10000.0,1,0.0,2,2,1,0,0,0,1,1,0,0,0,0,0,medio_baixo
1,10000.0,0,0.0,4,2,1,0,0,0,0,1,1,0,0,0,0,medio_alto
2,10000.0,3,1.0,1,3,1,0,1,0,1,1,0,0,0,0,0,medio_alto
1,0.0,0,0.0,0,0,1,0,0,0,0,0,0,0,0,0,0,gratuito
1,10000.0,0,0.0,1,3,1,0,0,0,1,1,0,1,0,0,0,baixo
1,0.0,0,0.0,2,2,1,0,0,0,1,0,0,1,0,0,0,baixo
6,35000.0,254,0.7322834645669292,1,3,1,0,0,0,1,0,1,1,0,0,0,baixo
1,0.0,0,0.0,0,0,1,0,0,0,0,0,0,0,0,0,0,gratuito
1,0.0,0,0.0,0,0,1,0,0,0,0,0,0,0,0,0,0,gratuito
1,0.0,0,0.0,2,3,1,0,0,0,1,1,0,1,0,0,0,medio_alto
10,150000.0,799,0.7108886107634543,4,3,1,0,0,0,0,0,0,0,1,0,0,gratuito
4,75000.0,14,0.9285714285714286,103,1,1,0,0,0,0,0,0,1,0,0,0,baixo
1,10000.0,0,0.0,1,2,1,0,0,0,0,0,0,0,0,0,1,alto
3,0.0,0,0.0,0,0,1,0,0,0,0,0,0,0,0,0,0,gratuito
2,10000.0,18,0.6666666666666666,30,6,1,0,0,0,0,1,1,1,0,1,1,baixo
5,10000.0,23,0.8260869565217391,3,1,1,0,0,0,0,0,0,1,0,0,0,medio_alto
3,75000.0,620,0.9096774193548387,2,2,1,1,1,4,1,1,0,0,0,0,0,alto
1,10000.0,7,0.8571428571428571,2,2,1,0,0,0,1,0,1,0,0,0,0,alto
1,0.0,0,0.0,11,3,1,1,1,2,1,1,1,0,0,0,0,alto
2,10000.0,18,0.9444444444444444,1,3,1,1,1,1,1,0,0,1,0,0,1,alto
2,10000.0,12,0.9166666666666666,1,1,1,0,1,0,1,0,0,0,0,0,0,baixo
1,10000.0,0,0.0,1,3,1,0,0,0,0,0,1,0,1,0,0,alto
3,10000.0,0,0.0,1,2,1,0,0,0,0,1,0,1,0,0,0,alto
10,35000.0,186,0.7688172043010753,4,1,1,0,0,8,0,0,0,0,0,1,0,medio_alto
7,150000.0,11,0.8181818181818182,1,3,1,1,1,0,1,0,1,0,1,0,0,baixo
1,10000.0,0,0.0,26,2,1,1,1,0,1,0,0,0,0,0,1,baixo
5,350000.0,13,0.38461538461538464,1,5,1,0,0,0,1,0,1,1,1,1,0,alto
1,10000.0,1,1.0,7,2,1,0,0,0,1,0,1,0,0,0,0,alto
5,10000.0,4,1.0,1,3,1,0,0,0,1,1,0,0,0,0,0,medio_baixo
5,10000.0,21,0.38095238095238093,2,4,1,0,0,1,1,1,0,1,0,1,0,baixo
9,10000.0,21,0.3333333333333333,1,4,1,0,0,0,1,1,1,0,0,1,0,alto
4,10000.0,26,0.9615384615384616,1,4,1,0,0,0,0,1,0,0,0,0,0,medio_alto
2,10000.0,3,1.0,1,1,1,0,0,0,0,1,0,0,0,0,0,medio_alto
5,10000.0,8,0.625,1,5,1,0,1,0,1,0,1,0,1,0,1,gratuito
5,10000.0,13,0.8461538461538461,1,2,1,0,0,0,1,1,0,0,0,0,0,medio_baixo
3,10000.0,114,1.0,1,2,1,1,0,0,1,0,1,0,0,0,0,baixo
6,35000.0,142,0.7605633802816901,1,4,1,0,0,0,1,0,0,1,0,1,0,gratuito
2,0.0,0,0.0,0,0,1,0,0,0,0,0,0,0,0,0,0,gratuito
2,10000.0,17,0.8235294117647058,9,3,1,0,0,0,1,1,1,0,0,0,0,alto
1,10000.0,2,1.0,1,3,1,0,0,0,1,1,1,0,0,0,0,baixo
4,10000.0,6,1.0,1,3,1,0,0,0,1,0,0,1,0,1,0,baixo
1,0.0,0,0.0,1,3,1,0,0,0,1,1,1,0,0,0,0,medio_alto
5,75000.0,130,0.8307692307692308,1,3,1,0,0,0,1,1,0,0,0,0,0,gratuito
2,10000.0,6,1.0,1,2,1,0,0,0,1,0,0,0,0,1,0,alto
9,350000.0,160,0.425,1,5,1,1,1,0,1,0,1,1,1,0,0,baixo
3,10000.0,14,0.9285714285714286,3,4,1,0,0,0,1,0,1,1,0,1,0,medio_baixo
2,10000.0,25,1.0,11,1,1,0,0,0,0,0,0,1,0,0,0,medio_alto
5,10000.0,2,0.5,4,2,1,0,0,0,1,1,0,0,0,0,0,baixo
10,75000.0,107,0.719626168224299,2,3,1,0,0,0,1,1,1,0,0,0,0,medio_baixo
4,10000.0,548,0.9051094890510949,2,2,1,0,0,0,0,1,0,0,1,0,0,alto
7,750000.0,7618,0.914544499868732,32,2,1,1,1,3,1,0,0,0,0,0,1,alto
5,10000.0,3,0.3333333333333333,1,1,1,0,0,0,0,0,0,0,0,0,1,baixo
1,0.0,0,0.0,0,0,1,0,0,0,0,0,0,0,0,0,0,gratuito
1,10000.0,9,1.0,1,3,1,0,0,0,1,1,1,0,0,0,0,medio_alto
4,10000.0,21,0.8571428571428571,1,2,1,0,0,0,0,0,1,1,0,0,0,medio_alto
3,0.0,0,0.0,1,5,1,0,0,1,1,0,0,1,1,1,0,gratuito
3,10000.0,3,1.0,1,2,1,0,0,0,0,0,0,1,0,0,1,medio_baixo
2,0.0,0,0.0,0,0,1,0,0,0,0,0,0,0,0,0,0,gratuito
3,10000.0,15,0.9333333333333333,1,3,1,0,0,0,1,0,0,1,0,1,0,medio_alto
1,0.0,0,0.0,1,2,1,0,0,0,0,1,0,0,0,0,0,medio_alto
5,10000.0,4,1.0,1,3,1,1,0,0,1,1,0,1,0,0,0,medio_baixo
7,75000.0,265,0.7018867924528301,8,3,1,0,0,0,1,1,1,0,0,0,0,medio_baixo
4,75000.0,1296,0.6057098765432098,7,2,1,0,0,0,0,0,0,0,0,1,1,alto
6,10000.0,943,0.9342523860021209,1,1,1,1,0,0,1,0,0,0,0,0,0,gratuito
2,10000.0,11,0.45454545454545453,11,4,1,0,1,0,1,0,1,0,0,0,0,medio_baixo
10,10000.0,171,0.6900584795321637,2,4,1,0,0,0,1,0,1,0,0,1,1,alto
6,750000.0,18945,0.9002903140670362,4,2,1,0,0,0,1,0,1,0,0,0,0,medio_alto
1,0.0,0,0.0,1,3,1,1,0,0,1,0,0,1,0,0,0,gratuito
3,10000.0,10,0.7,1,3,1,0,0,0,1,0,0,1,0,0,1,gratuito
5,35000.0,818,0.5672371638141809,9,2,1,1,0,2,0,0,0,0,0,1,1,alto
7,10000.0,2,0.5,8,2,1,0,0,0,0,0,0,0,0,1,1,alto
3,750000.0,13336,0.9451859628074385,28,5,1,0,0,0,1,1,1,0,1,0,1,baixo
3,0.0,0,0.0,0,0,1,0,0,0,0,0,0,0,0,0,0,gratuito
2,35000.0,97,0.8969072164948454,12,1,1,0,0,0,0,1,0,0,0,0,0,medio_baixo
8,10000.0,54,0.18518518518518517,6,2,1,0,0,0,1,0,0,1,0,0,0,baixo
7,10000.0,47,0.851063829787234,1,1,1,0,0,0,0,0,0,0,0,0,1,medio_baixo
6,10000.0,66,0.5757575757575758,3,2,1,0,0,0,0,0,1,0,0,1,0,gratuito
2,10000.0,0,0.0,1,2,1,0,0,1,1,0,0,0,0,0,0,gratuito
2,10000.0,4,1.0,1,2,1,0,0,0,1,0,1,0,0,0,0,alto
10,150000.0,240,0.5625,2,3,1,0,0,1,1,1,0,1,0,0,0,baixo
9,10000.0,6,1.0,1,3,1,1,0,0,1,1,1,0,0,0,0,medio_alto
7,10000.0,0,0.0,1,4,1,0,0,0,1,0,0,0,0,1,1,medio_alto
6,10000.0,26,0.7307692307692307,1,2,1,0,0,0,1,0,0,0,0,0,1,baixo
2,10000.0,14,1.0,1,2,1,0,1,0,0,0,0,1,0,1,0,baixo
3,0.0,0,0.0,0,0,1,0,0,0,0,0,0,0,0,0,0,gratuito
8,10000.0,3,1.0,1,2,1,0,0,0,0,0,1,1,0,0,0,medio_alto
10,75000.0,171,0.52046783625731,1,1,1,0,0,0,0,0,0,0,0,1,0,alto
1,0.0,0,0.0,1,2,1,0,0,0,1,0,0,0,1,0,0,baixo
2,10000.0,7,0.8571428571428571,2,3,1,0,0,0,1,0,1,0,0,0,1,medio_baixo
1,0.0,0,0.0,0,0,1,0,0,0,0,0,0,0,0,0,0,gratuito
10,10000.0,334,0.8233532934131736,3,2,1,1,0,0,1,0,1,0,0,0,0,baixo
1,0.0,0,0.0,1,1,1,0,0,0,0,1,0,0,0,0,0,alto
3,10000.0,198,0.7727272727272727,8,1,1,0,0,2,0,0,0,1,0,0,0,medio_baixo
1,0.0,0,0.0,6,3,1,0,0,0,0,0,0,0,0,1,1,medio_alto
2,10000.0,5,1.0,28,3,1,0,1,0,1,1,0,1,0,0,0,medio_alto
3,10000.0,65,0.8153846153846154,1,2,1,0,0,1,0,0,0,1,0,0,1,medio_baixo
2,10000.0,8,0.875,28,4,1,0,0,0,1,0,0,0,1,1,1,baixo
2,10000.0,4,0.75,3,2,1,1,0,0,0,0,1,1,0,0,0,medio_alto
5,35000.0,450,0.7244444444444444,1,3,1,0,0,0,1,0,1,1,0,0,0,medio_baixo
2,0.0,0,0.0,0,0,1,0,0,0,0,0,0,0,0,0,0,gratuito
4,0.0,0,0.0,0,0,1,0,0,0,0,0,0,0,0,0,0,gratuito
9,75000.0,470,0.776595744680851,7,2,1,0,0,1,0,1,1,0,0,0,0,medio_alto
2,10000.0,0,0.0,1,1,1,0,0,0,0,0,0,0,0,0,0,medio_baixo
1,10000.0,0,0.0,1,3,1,0,0,0,1,1,0,1,0,0,0,baixo
2,35000.0,354,0.9322033898305084,11,3,1,0,0,0,1,0,0,0,0,0,1,baixo
1,0.0,0,0.0,0,0,1,0,0,0,0,0,0,0,0,0,0,gratuito
1,0.0,0,0.0,1,2,1,0,0,0,0,1,0,0,0,0,0,gratuito
1,0.0,0,0.0,103,10,1,0,0,0,1,1,1,1,1,1,1,medio_baixo
13,75000.0,418,0.6483253588516746,5,3,1,0,0,0,1,1,1,0,0,0,0,medio_baixo
10,35000.0,84,0.5357142857142857,1,3,1,1,1,0,1,0,0,0,0,1,0,gratuito
12,75000.0,443,0.7042889390519187,1,3,1,1,1,0,1,1,0,0,1,0,0,alto
1,0.0,0,0.0,2,3,1,0,0,0,1,1,0,0,0,0,0,gratuito
2,10000.0,0,0.0,1,2,1,0,0,0,0,0,0,0,1,1,0,baixo
7,10000.0,5,1.0,1,3,1,0,0,0,1,0,1,1,0,0,0,medio_alto
3,10000.0,0,0.0,1,2,1,0,0,0,0,0,0,0,1,0,0,alto
8,10000.0,14,1.0,1,2,1,0,0,0,1,0,0,1,0,0,0,medio_baixo
1,0.0,0,0.0,0,0,1,0,0,0,0,0,0,0,0,0,0,gratuito
2,10000.0,64,0.84375,1,2,1,0,0,0,1,0,0,1,0,0,0,medio_baixo
6,35000.0,12,0.3333333333333333,2,2,1,0,0,0,1,0,0,1,0,0,0,medio_baixo
8,10000.0,80,0.7,5,3,1,0,0,0,1,0,0,0,0,1,1,alto
3,10000.0,3,0.3333333333333333,1,2,1,0,0,0,1,1,0,0,0,0,0,baixo
2,10000.0,9,0.7777777777777778,13,1,1,0,0,0,1,0,0,0,0,0,0,medio_baixo
3,0.0,0,0.0,0,0,1,0,0,0,0,0,0,0,0,0,0,gratuito
2,0.0,0,0.0,0,0,1,0,0,0,0,0,0,0,0,0,0,gratuito
5,35000.0,386,0.883419689119171,3,1,1,0,0,2,0,1,0,0,0,0,0,alto
2,10000.0,2,1.0,8,2,1,0,0,0,1,0,0,1,0,0,0,baixo
10,75000.0,295,0.7186440677966102,1,2,1,1,1,0,1,1,0,0,0,0,0,baixo
2,10000.0,0,0.0,2,1,1,0,0,0,0,1,0,0,0,0,0,baixo
4,35000.0,19,0.8947368421052632,1,1,1,0,0,0,1,0,0,0,0,0,0,medio_baixo
4,10000.0,20,0.55,1,4,1,0,0,0,1,1,1,0,1,0,0,medio_baixo
1,10000.0,0,0.0,2,2,1,0,0,0,1,1,0,0,0,0,0,baixo
8,35000.0,101,0.7821782178217822,1,3,1,0,0,0,1,0,0,1,0,0,0,baixo
2,10000.0,1,1.0,1,3,1,0,0,0,1,1,0,0,0,0,1,baixo
10,10000.0,163,0.803680981595092,1,3,1,1,1,0,1,0,1,0,0,0,1,gratuito
1,0.0,0,0.0,0,0,1,0,0,0,0,0,0,0,0,0,0,gratuito
1,0.0,0,0.0,2,3,1,0,1,0,1,0,1,0,0,0,0,gratuito
5,10000.0,124,0.9112903225806451,1,3,1,0,0,0,1,1,1,0,0,0,0,medio_baixo
9,10000.0,149,0.9194630872483222,1,4,1,0,0,0,1,1,0,1,0,0,0,alto
4,10000.0,7,0.42857142857142855,1,2,1,0,0,0,1,0,0,1,0,0,0,baixo
9,10000.0,11,0.6363636363636364,1,3,1,0,0,0,1,0,0,0,0,0,1,alto
5,10000.0,15,0.7333333333333333,3,4,1,1,1,1,0,0,1,1,1,0,1,baixo
1,10000.0,0,0.0,1,3,1,0,0,0,1,0,0,0,0,0,0,medio_baixo
5,10000.0,36,0.6666666666666666,1,3,1,0,0,0,1,1,1,0,0,0,0,baixo
1,10000.0,0,0.0,1,2,1,0,0,0,1,0,0,1,0,0,0,medio_baixo
7,350000.0,3347,0.7364804302360323,10,1,1,0,0,0,0,0,0,0,0,0,0,alto
1,0.0,0,0.0,0,0,1,0,0,0,0,0,0,0,0,0,0,gratuito
11,35000.0,119,0.7142857142857143,2,3,1,1,0,0,1,0,1,1,0,0,0,baixo
7,10000.0,14,0.9285714285714286,2,3,1,0,0,0,1,0,0,1,0,1,0,baixo
5,10000.0,23,0.9565217391304348,5,4,1,0,0,0,1,1,0,1,0,0,1,alto
1,0.0,0,0.0,1,1,1,0,0,1,0,0,0,1,0,0,0,baixo
6,150000.0,3,0.6666666666666666,1,2,1,0,0,0,0,1,0,0,0,0,1,medio_alto
1,0.0,0,0.0,3,2,1,0,0,0,1,0,1,0,0,0,0,medio_baixo
4,10000.0,0,0.0,17,4,1,0,0,0,0,1,0,1,0,1,0,gratuito
5,10000.0,0,0.0,2,2,1,1,0,0,1,0,0,1,0,0,0,medio_baixo
9,10000.0,39,0.6666666666666666,1,4,1,0,0,0,1,1,0,1,0,0,1,gratuito
1,10000.0,0,0.0,8,3,1,0,0,0,1,0,1,1,0,0,0,medio_alto
1,0.0,0,0.0,0,0,1,0,0,0,0,0,0,0,0,0,0,gratuito
2,10000.0,39,0.8461538461538461,33,1,1,0,0,0,0,0,0,0,0,0,0,medio_baixo
7,10000.0,6,0.0,1,1,1,1,1,0,0,1,0,0,0,0,0,medio_baixo
4,0.0,0,0.0,1,5,1,1,1,0,0,1,0,1,1,1,0,gratuito
2,10000.0,5,1.0,1,4,1,0,0,0,1,1,1,0,0,1,0,medio_baixo
5,10000.0,104,0.9519230769230769,1,3,1,0,0,0,1,1,1,0,0,0,0,baixo
4,10000.0,0,0.0,1,2,1,0,0,0,1,1,0,0,0,0,0,medio_baixo
8,350000.0,552,0.5543478260869565,16,3,1,0,0,0,0,0,0,1,0,0,1,gratuito
8,10000.0,4,0.5,1,2,1,0,0,0,1,0,0,0,0,0,0,baixo
4,10000.0,8,0.25,16,3,1,0,0,0,1,0,1,1,0,0,0,medio_baixo
5,10000.0,14,0.6428571428571429,1,1,1,0,0,0,0,0,0,1,0,0,0,medio_baixo
1,0.0,0,0.0,0,0,1,0,0,0,0,0,0,0,0,0,0,gratuito
6,10000.0,4,1.0,1,2,1,0,0,0,1,0,0,1,0,0,0,baixo
6,350000.0,20,0.5,2,4,1,0,0,0,1,0,0,1,0,0,0,baixo
1,0.0,0,0.0,0,0,1,0,0,0,0,0,0,0,0,0,0,gratuito
5,10000.0,24,0.75,1,2,1,0,0,0,0,0,1,1,0,0,0,medio_alto
2,10000.0,1,0.0,1,3,1,0,0,0,0,0,1,0,1,0,0,medio_baixo
2,0.0,0,0.0,0,0,1,0,0,0,0,0,0,0,0,0,0,gratuito
3,10000.0,0,0.0,1,1,1,0,0,0,0,1,0,0,0,0,0,medio_alto
1,10000.0,4,0.75,1,1,1,0,0,0,0,0,1,0,0,0,0,medio_alto
4,10000.0,4,1.0,1,3,1,0,0,0,0,1,0,0,0,0,1,alto
5,0.0,0,0.0,2,2,1,0,0,0,0,0,0,0,1,0,0,gratuito
12,150000.0,1202,0.9367720465890182,3,1,1,0,0,0,0,0,1,0,0,0,0,medio_alto
14,10000.0,155,0.632258064516129,1,1,1,0,0,0,0,1,0,0,0,0,0,alto
12,10000.0,68,0.27941176470588236,3,2,1,0,0,0,1,1,0,0,0,0,0,gratuito
4,10000.0,8,0.5,2,4,1,0,0,0,1,0,0,0,0,1,1,baixo
4,150000.0,704,0.8125,1,1,1,0,0,0,0,0,0,0,1,0,0,medio_baixo
2,0.0,0,0.0,0,0,1,0,0,0,0,0,0,0,0,0,0,gratuito
8,10000.0,23,0.6956521739130435,1,3,1,0,0,0,1,0,1,1,0,0,0,alto
4,10000.0,0,0.0,1,4,1,0,0,0,1,0,0,1,0,0,1,gratuito
2,10000.0,11,0.09090909090909091,10,3,1,0,0,0,1,1,1,0,0,0,0,medio_alto
2,0.0,0,0.0,1,3,1,0,0,0,1,0,0,1,0,0,0,gratuito
7,10000.0,2,0.0,2,2,1,0,0,0,1,0,0,1,0,0,0,baixo
5,10000.0,3,1.0,1,3,1,0,0,0,1,1,0,1,0,0,0,medio_baixo
9,10000.0,26,0.46153846153846156,1,1,1,0,0,0,0,0,0,0,0,1,0,alto
5,10000.0,10,0.9,1,2,1,0,0,0,0,0,1,1,0,0,0,medio_alto
1,0.0,0,0.0,2,2,1,0,0,0,1,0,1,0,0,0,0,medio_alto
3,10000.0,2,1.0,1,4,1,0,0,0,1,1,0,0,0,1,1,baixo
2,10000.0,24,0.75,2,3,1,0,0,0,1,0,1,1,0,0,0,medio_alto
3,0.0,0,0.0,0,0,1,0,0,0,0,0,0,0,0,0,0,gratuito
10,350000.0,365,0.8383561643835616,103,2,1,0,1,0,1,1,0,0,0,0,0,baixo
11,10000.0,20,0.6,4,3,1,0,0,0,1,0,0,1,0,1,0,gratuito
1,0.0,0,0.0,9,3,1,0,1,0,1,0,0,0,0,1,0,alto
1,10000.0,19,0.9473684210526315,2,1,1,0,1,1,0,0,1,0,0,0,0,medio_baixo
2,10000.0,0,0.0,1,3,1,0,0,0,1,0,1,0,0,0,0,medio_alto
2,10000.0,0,0.0,1,2,1,0,0,0,1,0,0,0,0,0,0,gratuito
9,150000.0,139,0.5467625899280576,1,0,1,0,0,0,0,0,0,0,0,0,0,gratuito
3,10000.0,47,0.6170212765957447,2,1,1,0,0,0,0,1,0,0,0,0,0,baixo
1,0.0,0,0.0,2,5,1,0,0,0,1,1,1,0,0,0,1,gratuito
4,10000.0,5,0.6,1,5,1,0,0,0,0,1,0,1,1,0,1,medio_alto
7,10000.0,3,0.0,2,2,1,0,1,0,1,0,1,0,0,0,0,baixo
1,10000.0,0,0.0,1,1,1,0,0,0,0,0,0,1,0,0,0,medio_baixo
2,10000.0,0,0.0,1,4,1,0,0,0,1,0,0,1,0,0,0,gratuito
6,35000.0,51,0.7450980392156863,1,1,1,0,0,0,0,0,1,0,0,0,0,alto
6,35000.0,436,0.9174311926605505,18,3,1,0,0,0,1,0,1,1,0,0,0,alto
10,150000.0,118,0.6186440677966102,1,3,1,0,0,0,1,0,0,0,0,1,1,baixo
2,10000.0,0,0.0,11,3,1,0,0,0,1,0,0,0,0,0,1,medio_baixo
4,10000.0,49,0.7551020408163265,1,3,1,0,0,0,1,0,1,0,0,0,0,alto
7,35000.0,10,0.7,1,3,1,0,0,0,1,1,1,0,0,0,0,gratuito
3,10000.0,83,0.7831325301204819,2,3,1,0,0,0,1,0,0,0,0,1,0,alto
2,10000.0,37,0.8648648648648649,5,2,1,0,0,0,0,1,1,0,0,0,0,medio_alto
2,0.0,0,0.0,1,2,1,0,0,0,0,1,0,0,0,0,0,gratuito
4,10000.0,0,0.0,1,4,1,0,0,0,1,0,1,1,1,0,0,baixo
8,10000.0,6,0.6666666666666666,1,3,1,0,0,0,0,0,0,1,0,0,1,medio_alto
2,0.0,0,0.0,1,1,1,0,0,0,0,0,0,0,0,0,0,gratuito
4,750000.0,6534,0.8740434649525559,11,4,1,1,1,4,1,0,0,1,0,1,1,medio_alto
1,10000.0,0,0.0,4,2,1,0,0,0,0,0,1,1,0,0,0,medio_alto
7,10000.0,0,0.0,2,1,1,0,0,0,0,0,0,0,1,0,0,medio_alto
1,10000.0,0,0.0,2,3,1,0,0,0,1,1,1,0,0,0,0,medio_alto
9,10000.0,21,0.8095238095238095,1,2,1,0,0,0,0,0,0,0,0,0,1,alto
9,10000.0,3,1.0,2,3,1,1,0,0,1,0,0,1,0,0,0,medio_baixo
1,10000.0,0,0.0,1,3,1,1,1,0,0,0,1,1,0,0,1,medio_alto
1,10000.0,0,0.0,6,2,1,0,0,1,1,1,0,0,0,0,0,medio_baixo
5,35000.0,1171,0.9333902647309992,1,2,1,0,0,0,1,0,1,0,0,0,0,alto
3,10000.0,37,0.7297297297297297,1,5,1,0,0,0,1,0,1,1,1,0,1,medio_baixo
8,10000.0,3,1.0,1,1,1,0,0,0,1,0,0,0,0,0,0,medio_alto
4,10000.0,0,0.0,2,4,1,0,1,0,1,0,0,1,0,0,1,baixo
3,10000.0,8,1.0,3,2,1,0,0,0,1,0,0,1,0,0,0,baixo
1,35000.0,381,0.8241469816272966,1,3,1,0,0,1,1,0,0,0,1,1,0,alto
9,75000.0,577,0.8960138648180243,12,3,1,1,0,0,1,1,1,0,0,0,0,medio_baixo
1,10000.0,2,1.0,1,1,1,0,0,0,0,0,0,0,1,0,0,medio_alto
9,35000.0,186,0.7580645161290323,1,3,1,1,0,1,1,1,0,0,0,0,0,medio_baixo
2,10000.0,117,0.9401709401709402,3,2,1,0,0,0,0,0,1,1,0,0,0,alto
10,35000.0,38,0.8421052631578947,1,5,1,1,0,2,1,1,1,1,0,1,0,alto
2,75000.0,900,0.9488888888888889,30,5,1,0,0,0,1,1,1,1,0,1,0,medio_baixo
1,10000.0,0,0.0,2,3,1,0,0,0,1,1,1,0,0,0,0,medio_alto
1,10000.0,0,0.0,9,1,1,1,0,1,0,0,1,0,0,0,0,alto
7,35000.0,290,0.8413793103448276,10,3,1,1,0,0,1,0,1,1,0,0,0,medio_baixo
4,10000.0,7,0.5714285714285714,2,4,1,0,0,4,0,0,1,0,1,1,1,alto
2,75000.0,2,0.5,28,4,1,1,1,0,1,0,1,1,1,0,0,baixo
4,10000.0,5,0.8,4,3,1,0,0,0,1,1,0,0,0,0,1,medio_baixo
8,10000.0,62,0.967741935483871,1,3,1,0,0,1,1,0,0,1,0,0,1,alto
6,75000.0,637,0.7676609105180534,11,2,1,0,0,1,1,0,0,0,0,0,1,medio_baixo
6,10000.0,100,0.64,2,3,1,0,0,0,1,0,1,0,0,0,0,gratuito
2,0.0,0,0.0,2,3,1,0,1,0,0,1,0,0,0,0,1,gratuito
2,10000.0,57,1.0,9,4,1,0,0,0,1,1,1,1,0,0,0,medio_alto
3,35000.0,6,0.5,1,6,1,0,0,0,1,1,1,0,1,1,0,medio_alto
5,10000.0,37,0.8378378378378378,2,2,1,0,0,0,0,0,1,1,0,0,0,baixo
3,0.0,0,0.0,0,0,1,0,0,0,0,0,0,0,0,0,0,gratuito
6,10000.0,5,0.8,1,3,1,0,1,0,1,0,1,1,0,0,0,medio_baixo
9,10000.0,36,0.9166666666666666,2,1,1,0,0,0,1,0,0,0,0,0,0,baixo
11,10000.0,38,0.631578947368421,1,1,1,0,0,0,0,0,0,0,1,0,0,gratuito
3,10000.0,7,1.0,30,3,1,1,1,0,1,0,0,1,0,1,0,medio_baixo
6,10000.0,0,0.0,1,4,1,0,0,0,1,1,1,0,1,0,0,medio_alto
1,10000.0,1,0.0,1,4,1,0,0,0,1,0,1,1,0,0,0,baixo
7,10000.0,3,0.0,1,4,1,0,0,0,1,1,1,1,0,0,0,baixo
1,10000.0,0,0.0,6,2,1,0,0,0,0,0,0,0,0,0,1,alto
13,7500000.0,37189,0.8513538949689424,7,2,1,0,0,167,0,0,0,0,0,0,1,gratuito
10,10000.0,29,1.0,1,1,1,1,0,0,1,0,0,0,0,0,0,baixo
7,35000.0,52,0.8076923076923077,2,4,1,0,1,0,1,0,1,1,0,0,1,baixo
11,75000.0,268,0.4216417910447761,1,4,1,0,0,1,1,1,0,0,0,1,1,medio_alto
3,10000.0,0,0.0,9,1,1,0,0,0,0,0,0,1,0,0,0,alto
8,10000.0,30,0.7,1,4,1,0,0,0,1,0,1,0,1,1,0,gratuito
4,75000.0,234,0.9188034188034188,3,3,1,0,0,0,0,0,0,0,1,1,1,alto
8,35000.0,47,0.6382978723404256,3,2,1,0,0,0,1,0,0,1,0,0,0,medio_baixo
1,0.0,0,0.0,1,3,1,0,0,0,1,1,0,1,0,0,0,medio_alto
10,350000.0,526,0.6825095057034221,19,5,1,1,0,0,1,0,0,0,1,1,0,gratuito
4,10000.0,52,0.7692307692307693,2,3,1,0,0,0,1,0,1,0,0,0,0,alto
3,10000.0,7,1.0,2,2,1,0,0,0,1,1,0,0,0,0,0,baixo
2,10000.0,184,0.8913043478260869,1,2,1,0,0,1,1,1,0,0,0,0,0,medio_baixo
11,150000.0,1757,0.9322709163346613,5,2,1,0,0,0,1,0,0,0,0,0,0,gratuito
11,10000.0,42,0.35714285714285715,4,2,1,0,0,0,0,0,0,0,0,0,0,gratuito
1,10000.0,0,0.0,1,3,1,0,0,0,0,0,1,1,0,1,0,alto
10,75000.0,48,0.5625,1,8,1,1,0,0,1,1,1,0,1,0,0,gratuito
1,10000.0,150,0.94,1,3,1,0,1,0,1,0,1,0,0,1,0,medio_baixo
3,0.0,0,0.0,0,0,1,0,0,0,0,0,0,0,0,0,0,gratuito
10,10000.0,8,0.625,1,3,1,0,0,0,1,0,0,1,0,0,0,medio_alto
4,0.0,0,0.0,103,2,1,0,0,0,0,0,0,0,0,0,1,baixo
14,10000.0,8824,0.8026971894832275,3,5,1,0,0,0,0,1,1,0,1,0,0,gratuito
4,0.0,0,0.0,1,3,1,0,0,0,1,1,0,1,0,0,0,gratuito
3,75000.0,546,0.8498168498168498,1,1,1,0,1,0,1,0,0,0,0,0,0,baixo
4,10000.0,3,0.6666666666666666,1,1,1,0,0,0,0,0,0,1,0,0,0,medio_baixo
1,10000.0,0,0.0,1,2,1,1,0,0,1,0,0,1,0,0,0,medio_alto
2,10000.0,13,0.6923076923076923,6,4,1,0,0,0,0,0,0,0,0,0,0,alto
1,0.0,0,0.0,1,4,1,0,0,29,1,1,0,1,0,0,0,gratuito
5,0.0,0,0.0,1,4,1,0,0,0,1,1,1,0,0,0,1,gratuito
3,0.0,0,0.0,1,1,1,0,0,0,0,0,0,0,0,0,0,gratuito
8,10000.0,4,1.0,1,2,1,0,0,0,1,0,0,1,0,0,0,baixo
3,10000.0,7,0.8571428571428571,1,3,1,1,1,0,1,0,0,1,0,0,0,baixo
11,10000.0,12,0.5833333333333334,1,1,1,0,0,0,0,0,0,0,1,0,0,medio_baixo
9,75000.0,3,0.6666666666666666,1,1,1,0,0,0,0,0,0,0,0,1,0,medio_baixo
4,10000.0,7,0.5714285714285714,1,4,1,0,0,0,1,1,0,0,1,0,0,medio_alto
10,10000.0,4,0.25,5,1,1,0,0,0,0,1,0,0,0,0,0,alto
1,0.0,0,0.0,5,2,1,1,1,0,1,0,0,1,0,0,0,baixo
11,350000.0,3077,0.8570035749106273,12,3,1,1,1,1,1,1,1,0,0,0,0,baixo
9,35000.0,81,0.5432098765432098,1,4,1,1,0,1,1,0,0,1,1,1,0,baixo
1,0.0,0,0.0,1,3,1,0,1,0,1,0,0,0,0,1,0,gratuito
2,10000.0,1,1.0,1,4,1,0,0,0,0,0,0,0,0,1,1,alto
3,0.0,0,0.0,29,5,1,0,0,1,1,0,1,1,1,0,1,medio_baixo
6,10000.0,10,0.9,3,3,1,0,0,0,1,0,0,1,0,0,0,medio_alto
5,10000.0,7,0.8571428571428571,1,4,1,0,0,0,1,0,1,1,0,0,1,baixo
2,0.0,0,0.0,103,2,1,0,0,0,1,0,0,1,0,0,0,baixo
1,10000.0,4,1.0,1,4,1,0,0,0,1,0,0,0,0,0,1,medio_alto
4,10000.0,1,1.0,2,2,1,0,0,1,0,0,1,1,0,0,0,medio_baixo
8,10000.0,6,1.0,1,4,1,0,0,0,1,0,0,1,0,1,1,baixo
6,10000.0,42,0.7857142857142857,3,3,1,0,0,0,0,0,1,1,0,1,0,medio_baixo
5,75000.0,333,0.6456456456456456,4,3,1,0,0,1,0,0,0,0,0,1,1,alto
6,1500000.0,19280,0.8888485477178423,22,3,1,0,0,5,1,1,0,1,0,0,0,medio_baixo
4,10000.0,77,0.948051948051948,1,3,1,0,1,1,1,0,1,1,0,0,0,baixo
6,35000.0,5,1.0,7,1,1,0,0,0,0,0,0,1,0,0,0,baixo
1,0.0,0,0.0,9,6,1,0,0,0,0,1,1,1,0,1,0,medio_alto
1,10000.0,0,0.0,1,5,1,0,0,0,1,0,0,1,1,1,1,medio_baixo
3,10000.0,7,1.0,1,3,1,1,0,1,1,1,0,1,0,0,0,medio_baixo
4,10000.0,9,0.6666666666666666,1,3,1,1,1,0,1,0,0,1,0,1,0,medio_alto
6,35000.0,6,0.3333333333333333,1,3,1,0,0,0,0,1,0,0,1,1,0,medio_alto
8,10000.0,14,0.2857142857142857,1,3,1,0,0,0,1,0,0,0,0,0,1,medio_baixo
7,75000.0,4,0.75,29,4,1,0,0,0,1,1,1,1,0,0,0,baixo
9,10000.0,64,0.890625,2,2,1,0,0,0,1,1,0,0,0,0,0,baixo
1,10000.0,0,0.0,1,3,1,0,0,1,0,0,1,1,0,0,1,medio_baixo
1,10000.0,1,1.0,1,2,1,0,0,0,1,0,0,1,0,0,0,medio_baixo
12,350000.0,853,0.7608440797186401,1,3,1,1,0,2,0,0,0,0,1,1,0,gratuito
12,3500000.0,83293,0.9603808243189704,7,1,1,1,0,0,0,1,0,0,0,0,0,alto
4,35000.0,3,1.0,1,1,1,0,0,0,0,1,0,0,0,0,0,alto
4,10000.0,147,0.7551020408163265,6,4,1,0,0,0,1,0,0,1,0,1,1,medio_baixo
1,0.0,0,0.0,1,2,1,0,0,0,0,1,1,0,0,0,0,alto
6,10000.0,10,1.0,1,2,1,0,0,0,1,0,1,0,0,0,0,medio_alto
5,10000.0,58,0.9482758620689655,3,3,1,1,0,0,1,0,0,0,1,0,1,medio_alto
1,10000.0,3,1.0,1,1,1,0,0,0,0,0,1,0,0,0,0,medio_baixo
2,35000.0,5,0.6,1,2,1,0,0,0,1,0,1,0,0,0,0,medio_baixo
3,10000.0,0,0.0,1,1,1,0,0,0,0,0,0,1,0,0,0,medio_baixo
10,150000.0,867,0.7958477508650519,1,4,1,0,0,0,1,0,0,1,1,0,1,medio_baixo
8,10000.0,2,1.0,2,3,1,0,0,1,1,1,0,1,0,0,0,medio_alto
4,10000.0,16,1.0,4,2,1,1,1,0,0,1,0,1,0,0,0,medio_alto
4,10000.0,8,1.0,1,3,1,0,0,0,1,1,1,0,0,0,0,baixo
8,75000.0,187,0.6149732620320856,6,3,1,1,0,1,1,0,1,0,0,0,0,gratuito
1,10000.0,0,0.0,1,2,1,1,1,0,1,0,1,0,0,0,0,medio_alto
1,10000.0,1,0.0,1,2,1,0,0,0,0,0,1,1,0,0,0,alto
1,10000.0,0,0.0,1,3,1,1,1,0,1,0,0,1,0,0,0,alto
4,10000.0,2,0.5,2,3,1,0,0,0,0,1,0,0,1,0,0,alto
11,10000.0,45,0.7777777777777778,2,2,1,0,0,0,1,0,0,1,0,0,0,medio_alto
6,10000.0,97,0.6597938144329897,1,4,1,0,0,0,1,1,1,0,0,0,0,baixo
3,10000.0,2,0.0,2,3,1,0,0,0,1,0,1,1,0,0,0,alto
6,10000.0,144,0.9444444444444444,1,5,1,1,1,0,1,1,0,1,0,0,0,medio_alto
4,10000.0,7,0.5714285714285714,2,2,1,0,0,0,1,1,0,0,0,0,0,alto
9,10000.0,1,1.0,1,2,1,0,0,0,0,0,1,1,0,0,0,medio_alto
1,0.0,0,0.0,8,1,1,0,0,0,0,0,0,1,0,0,0,baixo
3,35000.0,39,0.6153846153846154,31,3,1,0,0,1,1,1,1,0,0,0,0,baixo
5,0.0,0,0.0,0,0,1,0,0,0,0,0,0,0,0,0,0,gratuito
5,35000.0,297,0.7205387205387206,4,4,1,0,0,1,1,0,1,1,1,0,0,medio_baixo
2,10000.0,12,0.75,2,4,1,0,0,0,1,0,0,1,1,0,1,baixo
1,10000.0,8,1.0,12,3,1,0,0,0,1,1,0,0,1,0,0,medio_alto
3,10000.0,6,1.0,1,1,1,0,0,0,1,0,0,0,0,0,0,medio_baixo
4,10000.0,0,0.0,3,2,1,0,0,0,0,1,0,1,0,0,0,baixo
5,10000.0,0,0.0,7,2,1,0,1,0,1,0,0,1,0,0,0,baixo
2,10000.0,13,0.9230769230769231,3,3,1,0,0,0,1,0,0,1,0,1,0,medio_baixo
2,10000.0,0,0.0,1,3,1,0,0,0,1,0,0,1,0,1,0,medio_baixo
3,10000.0,29,0.8275862068965517,1,4,1,0,0,0,1,0,1,0,0,0,1,gratuito
7,10000.0,99,0.9191919191919192,1,3,1,1,0,2,1,0,1,0,1,0,0,medio_baixo
2,10000.0,1,1.0,2,3,1,0,1,1,1,1,0,1,0,0,0,medio_baixo
2,0.0,0,0.0,0,0,1,0,0,0,0,0,0,0,0,0,0,gratuito
1,150000.0,966,0.8426501035196687,17,3,1,1,1,0,0,0,0,0,0,1,1,alto
1,10000.0,0,0.0,11,3,1,0,0,0,1,0,1,1,0,0,0,alto
5,10000.0,97,0.5979381443298969,1,7,1,0,0,0,1,1,1,1,0,0,1,baixo
1,0.0,0,0.0,13,5,1,0,0,0,1,0,0,1,0,1,1,gratuito
1,0.0,0,0.0,0,0,1,0,0,0,0,0,0,0,0,0,0,gratuito
5,10000.0,28,0.5714285714285714,1,2,1,0,0,1,1,0,0,1,0,0,0,baixo
1,0.0,0,0.0,0,0,1,0,0,0,0,0,0,0,0,0,0,gratuito
4,10000.0,0,0.0,3,2,1,0,0,0,0,0,1,0,0,1,0,medio_alto
4,35000.0,12,0.4166666666666667,1,4,1,0,0,0,1,0,1,0,0,1,0,medio_baixo
1,0.0,0,0.0,1,3,1,1,0,0,1,0,1,1,0,0,0,baixo
1,0.0,0,0.0,103,3,1,0,0,1,1,0,0,1,0,0,0,gratuito
9,10000.0,36,0.5555555555555556,1,3,1,0,0,0,1,1,1,0,0,0,0,baixo
3,10000.0,11,0.6363636363636364,1,3,1,0,0,0,1,0,0,1,0,1,0,baixo
3,0.0,0,0.0,0,0,1,0,0,0,0,0,0,0,0,0,0,gratuito
2,0.0,0,0.0,0,0,1,0,0,0,0,0,0,0,0,0,0,gratuito
3,10000.0,0,0.0,2,4,1,0,0,0,1,0,1,0,1,0,1,baixo
4,35000.0,129,0.9302325581395349,5,3,1,0,0,0,1,1,0,1,0,0,0,medio_baixo
1,0.0,0,0.0,2,2,1,0,0,0,1,0,0,0,0,1,0,medio_baixo
2,10000.0,1,1.0,1,1,1,0,0,0,0,0,1,0,0,0,0,alto
1,10000.0,0,0.0,1,1,1,0,0,0,0,0,1,0,0,0,0,alto
8,10000.0,17,0.5882352941176471,3,6,1,0,0,0,0,1,0,1,0,1,0,gratuito
4,10000.0,33,0.7272727272727273,2,1,1,0,0,0,0,0,1,0,0,0,0,baixo
2,0.0,0,0.0,0,0,1,0,0,0,0,0,0,0,0,0,0,gratuito
1,0.0,0,0.0,0,0,1,0,0,0,0,0,0,0,0,0,0,gratuito
7,10000.0,0,0.0,1,4,1,0,0,0,1,1,0,1,0,0,1,baixo
2,10000.0,8,1.0,1,6,1,1,1,0,1,0,1,1,1,1,0,medio_alto
3,0.0,0,0.0,1,3,1,0,0,0,0,0,0,1,0,0,1,gratuito
8,10000.0,19,0.47368421052631576,2,2,1,0,0,0,1,0,0,1,0,0,0,baixo
2,10000.0,0,0.0,1,3,1,1,0,0,1,0,0,1,0,0,1,alto
3,75000.0,1399,0.8820586132952108,13,4,1,0,0,0,1,0,0,1,0,0,1,medio_baixo
4,0.0,0,0.0,2,3,1,0,0,0,1,0,0,1,0,0,0,gratuito
5,10000.0,4,1.0,1,3,1,0,0,0,1,0,1,1,0,0,0,medio_alto
3,10000.0,2,1.0,1,2,1,0,1,0,1,1,0,0,0,0,0,medio_baixo
9,10000.0,16,0.5,4,4,1,1,0,0,1,0,1,1,1,0,0,medio_alto
8,35000.0,99,0.8888888888888888,1,1,1,0,0,0,1,0,0,0,0,0,0,alto
3,35000.0,10,0.7,1,3,1,0,0,0,1,0,1,0,0,0,0,gratuito
11,10000.0,9,0.7777777777777778,1,1,1,0,0,0,0,0,0,0,0,0,1,baixo
5,10000.0,38,1.0,7,2,1,0,1,1,1,0,0,1,0,0,0,medio_baixo
3,10000.0,0,0.0,1,1,1,1,1,0,0,0,1,0,0,0,0,medio_alto
6,10000.0,26,0.5384615384615384,1,3,1,0,0,0,1,0,1,0,0,0,0,gratuito
8,10000.0,3,1.0,1,2,1,0,0,0,1,0,0,1,0,0,0,medio_baixo
1,75000.0,1708,0.9613583138173302,2,1,1,1,0,0,0,0,0,0,1,0,0,alto
10,10000.0,77,0.5194805194805194,4,2,1,0,0,0,0,0,0,0,0,0,1,alto
4,10000.0,67,0.7611940298507462,17,3,1,0,0,2,0,1,1,0,0,0,0,alto
9,10000.0,5,0.6,1,2,1,1,0,0,1,0,0,1,0,0,0,medio_alto
4,10000.0,303,0.8844884488448845,29,5,1,1,0,0,1,0,0,1,0,1,1,medio_baixo
3,35000.0,1167,0.781491002570694,12,4,1,0,0,1,1,1,1,0,1,0,0,alto
9,10000.0,45,0.5333333333333333,6,2,1,0,0,0,1,0,1,0,0,0,0,baixo
7,10000.0,0,0.0,1,3,1,0,0,0,1,1,0,0,0,0,0,alto
2,10000.0,4,0.75,4,2,1,0,0,0,1,0,0,0,0,0,0,medio_baixo
6,10000.0,12,0.75,1,3,1,0,0,0,1,1,0,1,0,0,0,gratuito
5,10000.0,13,0.6153846153846154,1,4,1,0,0,0,1,1,1,0,1,0,0,gratuito
1,10000.0,0,0.0,5,2,1,0,0,0,1,0,0,1,0,0,0,baixo
2,10000.0,40,0.9,25,5,1,0,0,0,1,1,1,1,0,0,0,medio_alto
9,1500000.0,19018,0.7446629508886318,9,3,1,0,0,1,0,1,1,0,1,0,0,alto
6,10000.0,17,0.5294117647058824,8,4,1,1,0,0,0,1,1,1,0,1,0,alto
6,10000.0,13,1.0,1,5,1,0,0,0,1,1,1,1,1,0,0,alto
5,35000.0,13,0.5384615384615384,1,1,1,0,0,0,0,0,0,0,0,1,0,medio_baixo
1,10000.0,5,1.0,1,2,1,1,0,0,1,1,0,0,0,0,0,baixo
6,75000.0,872,0.7339449541284404,4,2,1,0,0,4,0,0,0,0,1,1,0,alto
5,75000.0,483,0.8157349896480331,8,2,1,0,0,1,1,0,1,0,0,0,0,medio_alto
5,10000.0,143,0.8111888111888111,18,5,1,0,0,0,1,1,0,1,0,0,1,baixo
3,10000.0,0,0.0,2,2,1,0,0,0,0,0,0,0,1,0,0,baixo
10,35000.0,169,0.7692307692307693,1,6,1,1,1,1,1,1,1,1,0,0,1,medio_alto
1,10000.0,17,0.9411764705882353,2,1,1,0,0,0,0,0,0,0,1,0,0,medio_baixo
10,10000.0,5,0.2,1,7,1,0,0,0,1,1,1,1,1,1,0,alto
2,10000.0,117,0.5555555555555556,14,6,1,0,0,0,1,1,1,0,1,0,1,alto
2,10000.0,0,0.0,5,6,1,0,0,0,0,1,1,1,1,0,1,medio_alto
9,10000.0,23,0.8260869565217391,1,4,1,0,0,0,1,0,1,1,1,0,0,gratuito
4,3500000.0,112960,0.7105878186968838,12,3,1,0,0,7,0,1,1,0,1,0,0,alto
2,10000.0,38,0.9210526315789473,10,3,1,0,0,0,1,1,1,0,0,0,0,medio_alto
3,10000.0,2,0.5,1,5,1,0,0,0,1,1,0,1,0,0,0,medio_baixo
7,350000.0,3588,0.8054626532887402,1,5,1,0,1,1,1,0,1,1,0,0,1,gratuito
5,10000.0,2,1.0,1,2,1,0,0,0,0,1,0,1,0,0,0,alto
1,0.0,0,0.0,1,4,1,0,0,0,1,1,0,1,0,0,0,medio_baixo
8,10000.0,14,0.14285714285714285,1,5,1,0,0,0,1,0,1,1,1,1,0,baixo
2,10000.0,8,0.875,17,3,1,0,0,0,1,1,1,0,0,0,0,medio_alto
3,10000.0,0,0.0,1,1,1,0,0,0,0,0,1,0,0,0,0,gratuito
3,10000.0,3,0.0,12,3,1,0,0,0,1,0,0,1,0,0,1,alto
1,10000.0,7,0.2857142857142857,5,3,1,0,0,0,0,1,1,0,0,0,0,medio_baixo
14,150000.0,1140,0.47543859649122805,7,2,1,0,0,0,0,1,0,0,0,1,0,medio_alto
5,10000.0,85,0.5647058823529412,2,4,1,0,0,0,1,0,1,1,0,0,1,baixo
4,10000.0,0,0.0,3,3,1,0,0,0,1,0,0,1,1,0,0,medio_baixo
2,10000.0,5,1.0,2,3,1,0,0,1,1,0,0,1,0,0,1,medio_alto
2,10000.0,1,1.0,1,2,1,0,0,0,1,0,0,1,0,0,0,baixo
10,75000.0,1052,0.9287072243346007,4,1,1,0,1,2,0,0,1,0,0,0,0,gratuito
1,0.0,0,0.0,1,4,1,1,0,0,1,1,0,1,0,0,0,gratuito
2,10000.0,0,0.0,6,3,1,1,1,0,1,0,1,1,0,0,0,alto
1,10000.0,0,0.0,6,2,1,0,0,0,0,0,0,0,0,0,1,medio_baixo
3,35000.0,22,0.9090909090909091,1,2,1,0,0,0,1,0,1,0,0,0,0,medio_baixo
8,10000.0,0,0.0,1,4,1,0,0,0,1,1,0,1,0,0,0,medio_baixo
1,10000.0,0,0.0,2,2,1,0,0,0,1,0,1,0,0,0,0,medio_alto
10,150000.0,1870,0.7631016042780748,22,4,1,1,1,0,1,1,0,1,0,1,0,medio_alto
5,10000.0,29,0.7241379310344828,7,3,1,1,1,0,1,1,1,0,0,0,0,gratuito
5,150000.0,1656,0.9039855072463768,10,2,1,1,0,1,0,0,0,0,0,1,1,alto
4,0.0,0,0.0,1,3,1,0,0,0,1,0,1,0,0,0,0,gratuito
8,10000.0,43,0.7906976744186046,9,3,1,0,0,1,1,0,1,0,1,0,0,medio_alto
8,10000.0,19,0.631578947368421,1,4,1,0,0,0,1,1,0,1,0,0,0,medio_baixo
4,75000.0,50,0.36,2,4,1,0,0,0,1,1,1,0,0,0,1,medio_baixo
1,10000.0,22,1.0,2,2,1,0,0,0,1,1,0,0,0,0,0,alto
6,10000.0,17,0.35294117647058826,1,3,1,0,0,0,1,0,1,0,1,0,0,medio_alto
5,10000.0,35,0.8285714285714286,2,1,1,1,0,0,1,0,0,0,0,0,0,baixo
2,10000.0,1,0.0,0,2,1,0,0,0,1,0,0,1,0,0,0,alto
1,10000.0,0,0.0,1,1,1,0,0,0,1,0,0,0,0,0,0,medio_alto
6,10000.0,2,0.5,11,1,1,0,0,0,0,0,0,1,0,0,0,medio_baixo
3,10000.0,0,0.0,1,2,1,1,1,0,1,0,1,0,0,0,0,medio_baixo
1,0.0,0,0.0,1,2,1,0,0,0,0,0,0,0,0,0,0,gratuito
4,0.0,0,0.0,0,0,1,0,0,0,0,0,0,0,0,0,0,gratuito
3,10000.0,0,0.0,1,3,1,0,0,0,1,1,0,1,0,0,0,medio_baixo
1,0.0,0,0.0,0,0,1,0,0,0,0,0,0,0,0,0,0,gratuito
12,75000.0,262,0.6030534351145038,1,1,1,0,0,0,0,0,0,0,1,0,0,baixo
7,10000.0,162,0.8395061728395061,1,1,1,0,0,0,0,0,0,0,0,1,0,medio_alto
2,0.0,0,0.0,0,0,1,0,0,0,0,0,0,0,0,0,0,gratuito
5,75000.0,231,0.7878787878787878,1,3,1,0,0,0,1,0,1,0,1,0,0,baixo
1,10000.0,0,0.0,6,5,1,0,0,0,0,1,1,1,1,1,0,alto
8,35000.0,165,0.6909090909090909,1,4,1,0,0,0,1,1,1,1,0,0,0,alto
1,0.0,0,0.0,0,0,1,0,0,0,0,0,0,0,0,0,0,gratuito
4,10000.0,19,0.8421052631578947,2,2,1,0,0,0,0,0,0,1,0,0,1,medio_baixo
5,0.0,0,0.0,1,2,1,0,0,0,0,0,0,0,0,0,1,gratuito
12,35000.0,259,0.41312741312741313,1,1,1,0,0,0,0,1,0,0,0,0,0,baixo
7,10000.0,0,0.0,1,1,1,0,0,0,0,0,0,1,0,0,0,medio_alto
1,0.0,0,0.0,1,4,1,0,0,0,1,1,1,1,0,0,0,medio_baixo
14,750000.0,1957,0.9463464486458866,1,2,1,0,0,0,0,1,0,0,0,0,1,medio_baixo
5,10000.0,24,0.9583333333333334,1,2,1,0,0,0,1,0,0,1,0,0,0,alto
3,10000.0,0,0.0,8,4,1,0,0,0,0,1,0,0,0,0,0,gratuito
3,10000.0,0,0.0,1,3,1,0,0,0,1,0,0,1,0,0,1,medio_alto
4,0.0,0,0.0,1,1,1,0,0,0,0,0,0,0,0,0,0,gratuito
3,75000.0,4,1.0,1,4,1,0,0,1,1,1,1,0,1,0,0,alto
2,10000.0,0,0.0,5,3,1,0,0,0,1,0,0,0,0,1,1,baixo
8,350000.0,4356,0.9575298438934803,13,3,1,0,0,1,1,0,1,1,0,0,0,baixo
9,10000.0,4,0.25,1,4,1,0,0,0,1,1,0,0,0,1,1,medio_alto
2,10000.0,28,0.9285714285714286,2,5,1,0,0,0,1,0,1,0,1,1,0,medio_alto
1,0.0,0,0.0,10,3,1,0,0,0,1,0,0,1,0,0,0,gratuito
2,10000.0,23,0.9565217391304348,2,5,1,0,0,4,1,1,1,1,0,0,1,medio_baixo
4,10000.0,3,1.0,2,3,1,0,0,0,1,0,1,0,1,0,0,alto
7,75000.0,26,0.9615384615384616,1,1,1,0,0,0,0,0,0,0,1,0,0,medio_alto
2,0.0,0,0.0,1,2,1,0,0,0,0,0,1,0,0,0,0,gratuito
5,10000.0,1,1.0,1,1,1,0,0,0,0,0,0,0,0,1,0,medio_alto
4,10000.0,17,0.7058823529411765,1,1,1,0,0,0,0,1,0,0,0,0,0,alto
1,10000.0,6,1.0,1,3,1,0,0,0,0,1,0,1,0,1,0,medio_baixo
3,10000.0,6,1.0,2,2,1,0,1,0,1,0,0,1,0,0,0,medio_baixo
4,10000.0,10,0.9,1,4,1,0,0,0,1,0,0,1,0,1,1,baixo
2,10000.0,109,0.8807339449541285,13,2,1,1,1,1,1,0,0,0,0,1,0,medio_alto
6,10000.0,21,0.6190476190476191,1,4,1,0,0,0,1,0,1,0,1,0,1,baixo
5,10000.0,177,0.576271186440678,1,4,1,0,0,0,1,1,0,0,0,0,1,alto
1,10000.0,0,0.0,6,3,1,0,0,0,1,0,1,1,0,0,0,alto
10,10000.0,12,0.6666666666666666,1,3,1,0,0,0,1,0,0,1,0,0,1,medio_alto
2,10000.0,45,0.9333333333333333,1,1,1,1,1,0,0,0,1,0,0,0,0,alto
2,10000.0,5,0.8,1,3,1,0,0,0,1,0,0,1,0,0,0,baixo
2,10000.0,8,0.75,2,2,1,0,0,0,1,0,0,1,0,0,0,baixo
7,150000.0,894,0.6543624161073825,8,3,1,1,1,1,1,0,1,0,1,0,0,medio_baixo
4,0.0,0,0.0,0,0,1,0,0,0,0,0,0,0,0,0,0,gratuito
4,10000.0,0,0.0,1,2,1,0,0,0,1,0,1,0,0,0,0,alto
2,10000.0,0,0.0,1,2,1,0,0,0,0,1,0,1,0,0,0,medio_alto
12,150000.0,480,0.42083333333333334,5,3,1,0,0,1,1,0,1,1,0,0,0,medio_baixo
3,75000.0,208,0.7932692307692307,8,3,1,0,0,0,1,1,0,0,0,0,0,alto
1,10000.0,0,0.0,1,2,1,0,0,0,1,0,1,0,0,0,0,alto
6,350000.0,6626,0.950347117416239,2,4,1,0,0,2,1,0,0,0,0,1,1,alto
2,10000.0,41,0.6341463414634146,8,1,1,0,0,0,0,0,1,0,0,0,0,medio_alto
1,0.0,0,0.0,0,0,1,0,0,0,0,0,0,0,0,0,0,gratuito
6,10000.0,15,0.5333333333333333,1,5,1,0,0,0,1,0,1,1,0,1,0,gratuito
10,10000.0,34,0.7941176470588235,1,3,1,1,1,0,1,1,0,1,0,0,0,medio_alto
9,10000.0,3,0.6666666666666666,1,5,1,0,0,0,1,0,0,1,0,0,1,medio_alto
11,75000.0,456,0.8135964912280702,2,1,1,0,0,0,0,1,0,0,0,0,0,medio_alto
2,10000.0,15,1.0,3,4,1,0,0,0,1,1,1,0,1,0,0,medio_alto
9,10000.0,3,0.6666666666666666,1,3,1,0,0,0,1,0,0,0,0,0,1,alto
7,10000.0,24,0.875,1,3,1,1,1,0,1,0,1,0,1,0,0,medio_alto
4,35000.0,20,0.85,1,2,1,1,1,0,1,0,0,0,1,0,0,medio_alto
1,10000.0,0,0.0,9,2,1,0,0,1,1,0,0,0,0,1,0,alto
6,10000.0,94,0.7340425531914894,2,5,1,1,1,0,1,0,1,0,1,1,0,alto
7,10000.0,31,0.967741935483871,1,1,1,1,1,0,0,0,0,0,0,1,0,medio_alto
10,35000.0,92,0.6521739130434783,2,7,1,1,1,0,1,1,0,1,0,1,1,baixo
1,10000.0,0,0.0,1,1,1,1,1,0,0,0,0,0,0,1,0,medio_alto
1,10000.0,0,0.0,1,3,1,0,0,0,1,0,0,1,0,0,1,baixo
3,10000.0,31,0.8709677419354839,15,2,1,0,0,0,1,0,0,1,0,0,0,baixo
2,10000.0,5,0.8,4,5,1,0,0,0,1,1,1,0,1,1,0,medio_baixo
1,0.0,0,0.0,4,5,1,0,0,0,0,1,1,0,1,0,0,gratuito
1,0.0,0,0.0,9,4,1,0,0,0,1,1,1,0,0,0,1,alto
5,10000.0,0,0.0,2,4,1,0,0,0,1,1,1,0,0,1,0,medio_alto
4,10000.0,6,0.5,14,2,1,1,0,0,0,0,0,0,0,0,1,medio_alto
1,0.0,0,0.0,1,5,1,1,0,0,1,1,1,1,0,0,0,gratuito
2,10000.0,39,1.0,1,4,1,0,0,0,1,1,0,0,1,0,0,medio_alto
9,35000.0,3195,0.9014084507042254,11,2,1,1,1,2,1,1,0,0,0,0,0,medio_baixo
2,10000.0,22,0.5909090909090909,1,3,1,0,0,0,1,0,1,1,0,0,0,baixo
5,10000.0,24,0.9583333333333334,1,2,1,0,0,1,1,1,0,0,0,0,0,medio_baixo
3,10000.0,13,0.9230769230769231,1,3,1,0,0,0,1,1,0,1,0,0,0,alto
11,75000.0,1040,0.9634615384615385,8,3,1,1,0,2,1,1,0,1,0,0,0,medio_baixo
5,10000.0,11,0.7272727272727273,1,3,1,0,0,0,0,1,1,1,0,0,0,baixo
2,350000.0,2159,0.8985641500694767,12,4,1,1,1,3,1,0,0,1,0,1,1,alto
2,10000.0,2,1.0,1,1,1,0,0,0,0,0,0,0,0,1,0,medio_alto
5,10000.0,23,0.30434782608695654,1,4,1,0,0,0,1,1,1,0,0,0,0,alto
8,35000.0,132,0.8409090909090909,1,3,1,0,0,1,1,0,1,0,1,0,0,baixo
3,10000.0,55,0.41818181818181815,6,3,1,0,0,0,1,0,1,0,1,0,0,medio_baixo
1,0.0,0,0.0,0,0,1,0,0,0,0,0,0,0,0,0,0,gratuito
5,75000.0,32,0.40625,2,3,1,0,0,0,1,1,0,1,0,0,0,baixo
1,10000.0,0,0.0,5,2,1,0,0,0,0,0,0,0,0,1,0,gratuito
8,10000.0,3,0.6666666666666666,2,2,1,0,0,0,1,0,0,0,0,0,0,medio_baixo
1,0.0,0,0.0,0,0,1,0,0,0,0,0,0,0,0,0,0,gratuito
2,0.0,0,0.0,0,0,1,0,0,0,0,0,0,0,0,0,0,gratuito
11,10000.0,54,0.1111111111111111,2,2,1,0,0,0,1,0,0,0,1,0,0,alto
1,10000.0,0,0.0,2,3,1,0,0,0,1,1,1,0,0,0,0,alto
1,0.0,0,0.0,0,0,1,0,0,0,0,0,0,0,0,0,0,gratuito
4,10000.0,59,0.5932203389830508,21,2,1,0,0,2,1,0,1,0,0,0,0,medio_baixo
4,10000.0,0,0.0,1,2,1,0,0,0,0,0,1,0,1,0,0,baixo
2,10000.0,25,0.44,1,6,1,0,0,0,1,1,1,1,1,0,1,baixo
1,10000.0,69,1.0,3,3,1,0,0,1,1,1,1,0,0,0,0,alto
10,10000.0,22,0.36363636363636365,1,5,1,0,0,0,1,1,0,0,0,1,1,medio_alto
1,10000.0,6,1.0,2,1,1,0,0,1,0,0,0,1,0,0,0,medio_baixo
1,10000.0,0,0.0,5,6,1,0,0,0,1,1,1,1,0,0,0,baixo
4,10000.0,0,0.0,6,3,1,0,1,1,1,0,1,0,1,0,0,baixo
5,10000.0,0,0.0,13,3,1,0,0,0,0,0,0,1,1,0,1,medio_alto
4,10000.0,11,0.9090909090909091,1,1,1,0,0,0,0,1,0,0,0,0,0,medio_baixo
5,350000.0,13,0.6923076923076923,1,5,1,0,0,0,1,1,1,0,1,0,0,medio_alto
3,10000.0,2,1.0,1,1,1,0,0,0,0,0,1,0,0,0,0,medio_alto
7,10000.0,84,0.7619047619047619,12,3,1,0,0,0,1,0,0,1,0,0,0,baixo
6,10000.0,17,0.8823529411764706,1,4,1,1,0,0,1,0,0,1,0,1,1,baixo
5,10000.0,2,1.0,1,2,1,0,0,0,0,0,1,0,0,0,1,medio_baixo
2,10000.0,234,0.9487179487179487,15,4,1,0,0,1,1,1,1,0,1,0,0,medio_baixo
3,35000.0,214,0.6401869158878505,1,6,1,0,0,0,1,1,1,0,1,0,0,medio_alto
8,10000.0,15,0.8666666666666667,1,2,1,1,1,0,1,0,0,1,0,0,0,baixo
3,10000.0,5,1.0,1,4,1,1,0,0,1,1,1,1,0,0,0,medio_baixo
4,10000.0,0,0.0,6,6,1,1,1,0,1,1,1,1,0,1,0,gratuito
4,10000.0,0,0.0,4,1,1,0,0,0,0,0,0,1,0,0,0,medio_baixo
2,0.0,0,0.0,0,0,1,0,0,0,0,0,0,0,0,0,0,gratuito
2,10000.0,21,0.9523809523809523,4,2,1,0,0,0,0,1,0,1,0,0,0,medio_alto
7,10000.0,139,0.8561151079136691,2,2,1,0,0,1,1,0,1,0,0,0,0,medio_alto
7,10000.0,55,0.7272727272727273,14,3,1,0,0,0,1,0,1,0,0,1,0,baixo
11,75000.0,134,0.5597014925373134,1,4,1,0,0,1,1,0,0,0,0,1,0,gratuito
3,35000.0,40,0.55,30,7,1,0,0,0,0,1,1,1,1,1,1,baixo
11,35000.0,584,0.791095890410959,1,2,1,0,0,0,1,0,0,1,0,0,0,alto
6,10000.0,6,0.6666666666666666,1,5,1,0,0,0,1,1,1,0,0,1,1,baixo
3,10000.0,0,0.0,30,5,1,0,0,0,1,1,1,1,0,0,1,medio_alto
10,10000.0,7,0.42857142857142855,1,6,1,0,0,0,1,1,0,1,0,0,1,alto
10,35000.0,417,0.6282973621103117,2,2,1,0,0,0,1,0,1,0,0,0,0,baixo
6,75000.0,16,0.75,1,3,1,0,1,0,1,1,0,1,0,0,0,gratuito
8,10000.0,60,0.6833333333333333,1,2,1,0,1,0,1,0,1,0,0,0,0,medio_baixo
7,10000.0,38,0.8947368421052632,1,2,1,0,0,0,1,0,0,1,0,0,0,gratuito
1,10000.0,0,0.0,1,4,1,0,0,0,1,1,0,1,0,0,1,medio_baixo
2,10000.0,2,0.0,1,3,1,0,0,0,0,1,1,0,1,0,0,alto
7,10000.0,36,0.7222222222222222,2,3,1,0,0,0,1,1,1,0,0,0,0,baixo
5,10000.0,0,0.0,1,4,1,0,0,0,1,0,0,1,1,0,1,baixo
3,10000.0,35,0.9714285714285714,10,2,1,1,0,1,1,0,0,1,0,0,0,medio_alto
2,10000.0,2,1.0,2,3,1,0,0,0,1,1,0,1,0,0,0,baixo
4,75000.0,4,1.0,1,3,1,0,0,0,1,1,1,0,0,0,0,baixo
11,35000.0,381,0.8031496062992126,11,3,1,1,0,0,1,0,1,1,0,0,0,medio_baixo
1,10000.0,1,1.0,1,3,1,1,1,0,1,1,1,0,0,0,0,baixo
3,10000.0,8,0.25,12,4,1,0,0,1,1,1,1,0,0,0,1,alto
2,10000.0,3,1.0,1,2,1,0,0,0,1,0,0,1,0,0,0,medio_baixo
1,10000.0,0,0.0,2,4,1,0,0,0,1,1,1,0,0,0,0,medio_baixo
7,10000.0,68,0.4264705882352941,1,3,1,0,0,4,1,0,1,1,0,0,0,alto
1,0.0,0,0.0,7,3,1,0,0,0,1,1,1,0,0,0,0,alto
8,150000.0,807,0.563816604708798,2,11,1,1,0,0,0,0,0,0,0,0,0,medio_alto
4,10000.0,16,0.9375,1,2,1,0,0,0,1,0,0,1,0,0,0,medio_baixo
5,35000.0,2,1.0,1,5,1,0,0,1,1,0,1,1,0,1,1,baixo
9,150000.0,1405,0.8042704626334519,3,1,1,0,0,24,0,0,0,0,1,0,0,alto
3,10000.0,20,1.0,1,3,1,0,0,0,1,0,0,1,0,0,0,baixo
6,10000.0,1,1.0,1,4,1,0,0,0,1,0,0,1,0,0,0,medio_baixo
7,10000.0,13,0.38461538461538464,1,1,1,0,0,0,1,0,0,0,0,0,0,baixo
2,10000.0,1,0.0,10,2,1,0,0,0,1,0,0,1,0,0,0,baixo
2,35000.0,202,0.8118811881188119,4,4,1,0,0,0,0,0,1,1,1,1,0,medio_alto
1,10000.0,4,1.0,1,3,1,0,0,0,0,0,1,1,0,0,0,baixo
1,10000.0,0,0.0,4,4,1,0,0,0,1,0,0,1,1,0,1,medio_baixo
1,0.0,0,0.0,2,2,1,0,0,0,1,1,0,0,0,0,0,baixo
1,0.0,0,0.0,1,3,1,0,0,0,1,0,1,0,0,0,1,medio_baixo
16,3500000.0,35494,0.9458218290415281,2,1,1,1,1,1,1,0,0,0,0,0,0,medio_baixo
1,0.0,0,0.0,1,2,1,0,0,0,0,1,1,0,0,0,0,baixo
6,10000.0,37,0.7567567567567568,3,4,1,0,0,2,1,1,0,1,0,0,0,gratuito
1,10000.0,3,0.3333333333333333,1,3,1,0,0,0,1,0,0,1,0,0,1,medio_baixo
15,750000.0,25232,0.9356769181991123,5,1,1,0,0,1,0,1,0,0,0,0,0,gratuito
3,0.0,0,0.0,103,5,1,0,0,0,1,0,1,1,0,1,1,baixo
4,10000.0,9,0.5555555555555556,2,3,1,0,0,0,1,0,0,0,1,0,0,medio_baixo
1,10000.0,0,0.0,2,4,1,1,1,4,1,0,0,1,0,0,1,alto
7,750000.0,19233,0.9432225861800031,17,3,1,1,1,1,0,1,0,0,0,0,0,medio_alto
2,10000.0,0,0.0,5,3,1,0,0,0,1,0,1,0,1,0,0,alto
3,10000.0,5,1.0,1,2,1,0,0,0,0,1,1,0,0,0,0,medio_baixo
4,1500000.0,45032,0.8179960916681471,6,3,1,0,0,0,1,0,1,0,0,0,0,medio_alto
7,10000.0,33,0.9696969696969697,1,1,1,0,0,0,0,0,0,0,0,0,0,gratuito
1,10000.0,0,0.0,1,4,1,0,0,0,1,1,1,0,0,0,1,alto
5,10000.0,0,0.0,1,1,1,0,0,0,0,0,0,1,0,0,0,medio_alto
3,10000.0,0,0.0,2,3,1,0,0,0,1,0,0,1,0,0,1,medio_alto
2,35000.0,54,0.5,1,3,1,0,0,0,1,1,1,0,0,0,0,medio_alto
5,0.0,0,0.0,1,3,1,0,0,2,1,0,1,0,0,0,0,gratuito
8,75000.0,166,0.8373493975903614,1,3,1,0,0,0,1,0,1,0,1,0,0,medio_alto
1,10000.0,0,0.0,1,2,1,0,0,0,0,0,1,1,0,0,0,medio_alto
6,35000.0,413,0.8934624697336562,6,3,1,1,0,1,1,0,1,1,0,0,0,medio_baixo
3,10000.0,42,0.9523809523809523,1,2,1,0,0,0,1,0,0,1,0,0,0,baixo
1,0.0,0,0.0,0,0,1,0,0,0,0,0,0,0,0,0,0,gratuito
1,0.0,0,0.0,0,0,1,0,0,0,0,0,0,0,0,0,0,gratuito
1,0.0,0,0.0,0,0,1,0,0,0,0,0,0,0,0,0,0,gratuito
11,75000.0,1313,0.7067783701447068,5,2,1,0,0,1,1,1,0,0,0,0,0,alto
1,10000.0,26,0.9615384615384616,7,3,1,0,0,0,1,0,1,1,0,0,0,baixo
2,10000.0,0,0.0,1,2,1,0,0,0,1,0,0,0,0,1,0,medio_baixo
9,10000.0,92,0.7717391304347826,2,1,1,0,0,4,0,1,0,0,0,0,0,alto
7,10000.0,38,0.4473684210526316,2,5,1,0,0,0,1,0,0,1,0,1,0,gratuito
1,0.0,0,0.0,2,1,1,0,1,0,1,0,0,0,0,0,0,alto
1,10000.0,31,0.9354838709677419,1,1,1,0,0,0,0,0,0,0,0,0,0,alto
2,0.0,0,0.0,0,0,1,0,0,0,0,0,0,0,0,0,0,gratuito
5,10000.0,37,0.8108108108108109,2,3,1,1,1,0,1,0,1,1,0,0,0,alto
7,35000.0,37,0.7027027027027027,1,4,1,0,0,0,1,0,0,0,1,1,1,alto
2,10000.0,0,0.0,30,9,1,0,0,3,1,1,1,1,1,1,1,gratuito
6,35000.0,9,0.7777777777777778,5,4,1,0,0,0,1,1,0,1,0,1,0,gratuito
9,10000.0,13,0.8461538461538461,1,3,1,0,0,0,1,1,1,0,0,0,0,baixo
3,10000.0,3,1.0,1,3,1,0,0,0,1,0,1,1,0,0,0,baixo
1,10000.0,0,0.0,5,1,1,0,0,1,0,1,0,0,0,0,0,medio_baixo
1,10000.0,1,1.0,6,2,1,0,0,2,1,0,1,0,0,0,0,medio_baixo
5,0.0,0,0.0,1,3,1,0,0,0,0,1,1,0,0,0,0,gratuito
2,10000.0,9,0.8888888888888888,1,1,1,0,0,0,1,0,0,0,0,0,0,medio_baixo
1,10000.0,0,0.0,5,4,1,0,0,0,1,1,1,0,0,0,0,medio_alto
1,0.0,0,0.0,4,6,1,0,0,0,1,1,1,0,0,1,1,medio_alto
5,10000.0,47,0.9574468085106383,1,4,1,0,0,1,1,0,1,0,0,1,1,baixo
7,150000.0,605,0.8942148760330578,1,5,1,0,0,0,1,1,1,1,0,0,0,gratuito
2,10000.0,4,0.25,1,3,1,0,0,0,1,0,0,0,0,1,1,medio_baixo
1,10000.0,3,1.0,1,3,1,0,0,0,1,1,0,0,0,0,1,baixo
10,35000.0,198,0.7929292929292929,1,2,1,0,0,0,0,1,0,0,0,0,1,baixo
1,10000.0,0,0.0,1,2,1,0,0,0,1,0,1,0,0,0,0,alto
4,10000.0,18,0.6111111111111112,26,4,1,0,0,0,1,1,1,0,0,0,0,medio_alto
2,10000.0,2,0.0,11,2,1,0,0,0,0,1,1,0,0,0,0,alto
18,150000.0,1383,0.8973246565437455,1,3,1,1,0,0,1,1,0,1,0,0,0,medio_alto
5,10000.0,0,0.0,29,2,1,0,0,0,1,0,0,1,0,0,0,baixo
2,0.0,0,0.0,0,0,1,0,0,0,0,0,0,0,0,0,0,gratuito
7,10000.0,179,0.8379888268156425,29,2,1,0,0,2,1,1,0,0,0,0,0,medio_baixo
6,10000.0,28,0.8928571428571429,1,5,1,0,0,0,1,1,0,1,0,0,0,gratuito
5,10000.0,8,0.875,1,1,1,0,0,0,1,0,0,0,0,0,0,baixo
5,0.0,0,0.0,1,4,1,0,0,0,0,1,0,1,0,1,0,gratuito
8,10000.0,3,1.0,1,2,1,0,0,0,1,0,1,0,0,0,0,alto
14,35000.0,171,0.7777777777777778,1,3,1,1,1,0,1,1,1,0,0,0,0,medio_alto
8,10000.0,70,0.8142857142857143,2,1,1,1,1,3,0,0,0,1,0,0,0,medio_alto
4,10000.0,112,1.0,2,2,1,0,0,1,1,0,1,0,0,0,0,medio_alto
1,10000.0,0,0.0,1,5,1,0,0,0,1,1,1,1,0,1,0,medio_alto
2,10000.0,0,0.0,2,6,1,0,0,0,0,0,1,1,1,1,0,gratuito
5,0.0,0,0.0,0,0,1,0,0,0,0,0,0,0,0,0,0,gratuito
2,10000.0,13,1.0,2,2,1,0,1,0,1,0,0,0,0,0,1,medio_baixo
9,35000.0,38,0.7894736842105263,1,3,1,0,0,0,1,1,1,0,0,0,0,baixo
2,0.0,0,0.0,1,4,1,0,0,0,1,1,1,0,0,0,0,gratuito
1,10000.0,91,0.9230769230769231,6,2,1,1,1,1,1,0,0,0,0,1,0,alto
1,10000.0,4,0.5,1,3,1,0,0,0,1,0,0,1,0,0,1,baixo
2,10000.0,541,0.9796672828096118,1,1,1,1,0,1,0,0,1,0,0,0,0,alto
2,10000.0,0,0.0,3,5,1,1,1,2,1,0,1,0,1,1,1,alto
12,7500000.0,42953,0.5810769911298396,17,5,1,0,0,1,0,1,1,0,0,0,1,gratuito
18,35000.0,228,0.5964912280701754,1,2,1,0,0,0,0,0,0,0,0,1,1,medio_baixo
4,0.0,0,0.0,1,3,1,0,0,0,0,0,0,1,0,0,1,gratuito
1,0.0,0,0.0,11,2,1,0,0,0,1,0,0,0,0,1,0,alto
1,0.0,0,0.0,9,3,1,0,0,1,1,1,1,0,0,0,0,alto
4,10000.0,31,0.8709677419354839,1,6,1,0,0,0,1,1,1,0,1,0,1,baixo
10,10000.0,0,0.0,1,3,1,0,0,0,0,1,0,1,0,1,0,alto
5,10000.0,17,0.9411764705882353,1,2,1,1,1,0,1,1,0,0,0,0,0,baixo
5,35000.0,21,0.8095238095238095,1,5,1,0,0,0,1,1,1,1,0,0,1,medio_baixo
1,10000.0,0,0.0,30,3,1,0,0,3,1,0,1,0,1,0,0,medio_alto
5,10000.0,26,0.6538461538461539,29,3,1,0,0,0,1,1,1,0,0,0,0,baixo
1,10000.0,0,0.0,1,1,1,0,0,0,0,0,0,0,1,0,0,alto
2,0.0,0,0.0,0,0,1,0,0,0,0,0,0,0,0,0,0,gratuito
5,10000.0,10,0.5,6,3,1,0,0,0,1,1,0,0,0,0,0,baixo
4,0.0,0,0.0,0,0,1,0,0,0,0,0,0,0,0,0,0,gratuito
2,10000.0,2,1.0,1,1,1,0,0,0,0,0,0,0,1,0,0,alto
2,10000.0,1,1.0,1,1,1,0,0,0,1,0,0,0,0,0,0,baixo
7,10000.0,30,0.9666666666666667,1,1,1,0,0,0,0,0,0,1,0,0,0,gratuito
2,10000.0,22,0.7727272727272727,9,1,1,0,0,0,0,0,0,1,0,0,0,baixo
5,10000.0,3,0.6666666666666666,1,1,1,0,0,0,0,0,0,1,0,0,0,medio_baixo
1,0.0,0,0.0,0,0,1,0,0,0,0,0,0,0,0,0,0,gratuito
10,75000.0,70,0.8857142857142857,1,2,1,0,0,0,0,0,1,1,0,0,0,medio_alto
3,10000.0,129,0.6821705426356589,6,4,1,0,0,0,0,0,0,0,0,0,0,alto
2,10000.0,9,0.7777777777777778,1,2,1,0,0,0,1,0,0,0,1,0,0,baixo
6,10000.0,17,0.6470588235294118,29,3,1,1,1,0,1,1,0,1,0,0,0,gratuito
7,10000.0,30,0.8666666666666667,10,4,1,0,0,0,1,1,0,1,1,0,0,medio_alto
1,0.0,0,0.0,1,4,1,0,0,0,1,1,1,0,0,0,1,medio_alto
6,10000.0,9,0.6666666666666666,1,1,1,0,0,0,0,0,0,1,0,0,0,medio_baixo
5,35000.0,2,0.0,1,1,1,0,0,0,0,0,0,0,0,1,0,medio_baixo
4,0.0,0,0.0,1,4,1,0,0,0,1,1,0,0,0,0,0,gratuito
4,10000.0,5,1.0,1,3,1,0,0,0,1,0,1,0,0,0,1,medio_alto
6,10000.0,3,1.0,1,5,1,0,0,0,0,1,1,1,0,1,1,baixo
2,10000.0,1,1.0,1,1,1,0,0,0,1,0,0,0,0,0,0,baixo
1,10000.0,3,1.0,5,1,1,1,1,0,0,1,0,0,0,0,0,baixo
4,10000.0,10,1.0,2,2,1,0,0,0,0,0,0,0,0,1,1,medio_alto
2,10000.0,1,1.0,1,1,1,0,0,0,1,0,0,0,0,0,0,baixo
2,0.0,0,0.0,0,0,1,0,0,0,0,0,0,0,0,0,0,gratuito
2,35000.0,6,0.6666666666666666,6,4,1,0,1,0,1,1,1,1,0,0,0,baixo
3,10000.0,66,0.9090909090909091,4,4,1,0,0,1,1,1,1,0,1,0,0,medio_alto
8,10000.0,23,0.8260869565217391,1,3,1,1,1,0,1,0,0,0,0,1,1,medio_alto
8,35000.0,7,0.5714285714285714,1,2,1,0,0,0,1,0,0,0,0,1,0,gratuito
4,0.0,0,0.0,1,1,1,0,1,0,0,0,0,0,0,1,0,gratuito
3,10000.0,0,0.0,1,5,1,0,0,0,1,1,0,1,0,1,0,gratuito
2,10000.0,0,0.0,1,3,1,0,0,0,1,1,1,0,0,0,0,baixo
1,0.0,0,0.0,0,0,1,0,0,0,0,0,0,0,0,0,0,gratuito
1,10000.0,0,0.0,9,2,1,0,0,0,1,0,0,1,0,0,0,medio_alto
4,10000.0,50,0.8,1,4,1,0,0,0,1,0,0,0,0,1,1,medio_baixo
3,0.0,0,0.0,2,2,1,0,0,0,0,0,0,0,0,0,1,gratuito
6,10000.0,0,0.0,1,2,1,0,0,0,1,0,0,0,0,0,1,baixo
1,0.0,0,0.0,0,0,1,0,0,0,0,0,0,0,0,0,0,gratuito
4,10000.0,9,0.8888888888888888,1,3,1,0,0,0,0,0,1,1,0,0,1,baixo
10,10000.0,16,0.9375,7,3,1,1,0,0,1,1,0,1,0,0,0,medio_baixo
1,10000.0,11,1.0,4,2,1,0,0,0,1,1,0,0,0,0,0,medio_alto
2,0.0,0,0.0,1,5,1,0,0,3,1,1,1,1,0,0,0,gratuito
11,350000.0,3201,0.9543892533583255,3,3,1,0,0,3,1,0,1,1,0,0,0,medio_baixo
2,10000.0,0,0.0,2,2,1,0,0,0,1,0,0,0,0,1,0,baixo
2,10000.0,2,1.0,2,2,1,0,0,0,1,0,0,1,0,0,0,medio_baixo
1,10000.0,0,0.0,1,1,1,0,0,0,1,0,0,0,0,0,0,medio_alto
4,10000.0,26,0.6153846153846154,103,1,1,0,0,0,0,0,0,1,0,0,0,baixo
6,10000.0,12,0.5,1,2,1,0,0,0,1,1,0,0,0,0,0,gratuito
1,10000.0,0,0.0,1,4,1,0,0,0,1,0,1,1,0,1,0,medio_alto
4,10000.0,7,0.8571428571428571,1,1,1,0,0,0,0,0,0,1,0,0,0,baixo
2,10000.0,0,0.0,2,2,1,0,0,0,1,0,1,0,0,0,0,medio_alto
9,10000.0,138,0.855072463768116,1,2,1,1,1,0,1,0,0,1,0,0,0,medio_alto
8,10000.0,6,0.8333333333333334,15,4,1,0,0,0,1,0,0,1,0,1,1,medio_baixo
5,10000.0,5,0.6,103,5,1,0,0,0,1,0,1,1,0,1,1,baixo
4,10000.0,6,0.8333333333333334,1,3,1,0,0,3,1,0,1,1,0,0,0,medio_baixo
6,10000.0,26,0.5384615384615384,1,4,1,0,0,0,1,0,1,1,0,1,0,medio_alto
2,10000.0,1,1.0,9,3,1,0,0,0,1,0,0,1,0,1,0,medio_baixo
1,10000.0,0,0.0,2,3,1,0,0,0,1,0,1,0,0,0,0,gratuito
5,35000.0,465,0.9655913978494624,1,3,1,0,0,0,1,0,1,0,1,0,0,medio_alto
2,10000.0,24,0.7916666666666666,2,6,1,1,0,0,1,1,1,1,1,1,0,medio_baixo
1,10000.0,0,0.0,6,2,1,0,0,0,0,0,0,0,0,0,1,medio_alto
2,10000.0,0,0.0,1,3,1,0,0,0,1,0,0,1,0,1,0,baixo
4,35000.0,4,0.25,1,4,1,0,0,0,1,1,1,0,0,0,1,medio_baixo
3,10000.0,1,1.0,1,4,1,0,0,0,1,0,1,0,0,0,1,baixo
6,10000.0,28,0.6785714285714286,1,4,1,0,0,0,1,1,0,1,0,0,0,gratuito
1,10000.0,0,0.0,27,1,1,0,1,0,0,0,0,0,0,0,0,medio_alto
3,10000.0,56,0.8035714285714286,1,2,1,0,0,0,1,0,0,0,0,1,0,medio_baixo
4,0.0,0,0.0,1,2,1,0,0,0,1,0,0,0,0,0,0,gratuito
4,35000.0,7,1.0,12,1,1,1,0,0,0,0,0,1,0,0,0,medio_alto
12,350000.0,5050,0.9574257425742574,25,4,1,1,1,0,1,0,0,0,0,0,0,medio_alto
3,10000.0,2,1.0,2,2,1,0,0,0,1,1,0,0,0,0,0,alto
6,10000.0,29,0.9310344827586207,1,2,1,0,0,1,1,1,0,0,0,0,0,alto
1,10000.0,14,0.9285714285714286,8,3,1,0,0,0,0,1,1,0,1,0,0,alto
6,10000.0,5,1.0,2,1,1,0,0,0,1,0,0,0,0,0,0,medio_alto
9,35000.0,88,0.5113636363636364,6,2,1,0,0,1,1,0,1,0,0,0,0,alto
6,10000.0,40,1.0,1,1,1,0,0,0,1,0,0,0,0,0,0,baixo
2,10000.0,0,0.0,30,2,1,0,0,0,1,0,0,1,0,0,0,baixo
1,0.0,0,0.0,1,2,1,0,0,0,1,0,1,0,0,0,0,alto
2,10000.0,44,0.75,2,4,1,0,0,0,1,1,0,0,1,0,0,gratuito
1,10000.0,0,0.0,1,3,1,0,0,0,0,1,1,1,0,0,0,baixo
9,10000.0,30,0.7666666666666667,1,1,1,0,0,0,0,0,0,0,0,0,0,medio_alto
3,10000.0,49,0.9795918367346939,2,2,1,0,0,0,1,1,0,0,0,0,0,medio_alto
6,35000.0,13,0.6153846153846154,1,1,1,0,0,0,0,0,0,0,1,0,0,gratuito
5,75000.0,1374,0.9213973799126638,8,4,1,0,0,1,1,0,0,1,1,0,1,medio_baixo
5,10000.0,11,0.45454545454545453,2,3,1,0,0,0,1,1,1,0,0,0,0,baixo
14,750000.0,2612,0.7741194486983155,2,2,1,1,1,0,1,0,1,0,0,0,0,medio_baixo
1,10000.0,0,0.0,5,1,1,0,0,0,1,0,0,0,0,0,0,medio_baixo
1,10000.0,0,0.0,2,2,1,0,0,0,0,0,0,0,1,0,0,medio_baixo
2,10000.0,7,1.0,1,5,1,0,0,0,1,0,1,0,1,1,0,alto
4,10000.0,26,0.9615384615384616,1,1,1,0,0,0,0,0,0,1,0,0,0,alto
7,10000.0,10,0.6,4,1,1,1,0,0,0,0,0,1,0,0,0,medio_alto
1,0.0,0,0.0,103,1,1,1,1,1,0,0,0,1,0,0,0,baixo
16,3500000.0,12402,0.8929204966940816,9,2,1,0,0,0,0,1,1,0,0,0,0,gratuito
9,10000.0,27,0.8518518518518519,1,3,1,1,1,0,1,1,0,1,0,0,0,alto
3,0.0,0,0.0,1,4,1,0,0,0,1,0,1,0,0,1,0,gratuito
3,10000.0,10,0.9,3,5,1,0,0,0,1,1,1,1,0,1,0,medio_alto
3,35000.0,7,0.8571428571428571,1,3,1,0,0,0,1,0,1,1,0,0,0,medio_baixo
10,10000.0,14,0.7142857142857143,1,6,1,0,0,0,1,1,0,1,0,0,1,alto
5,10000.0,7,0.8571428571428571,1,2,1,0,0,0,1,1,0,0,0,0,0,baixo
5,10000.0,21,0.8571428571428571,4,1,1,0,0,0,0,0,0,1,0,0,0,alto
5,150000.0,35,0.8571428571428571,1,3,1,0,0,0,1,1,1,0,0,0,0,baixo
10,1500000.0,13570,0.8141488577745026,8,2,1,0,0,6,0,1,1,0,0,0,0,medio_alto
2,10000.0,221,0.9502262443438914,3,2,1,0,0,0,1,0,1,0,0,0,0,medio_baixo
3,0.0,0,0.0,103,1,1,0,0,0,0,0,0,1,0,0,0,baixo
1,0.0,0,0.0,1,2,1,0,0,0,1,0,1,0,0,0,0,baixo
9,35000.0,93,0.8709677419354839,8,1,1,0,0,0,1,0,0,0,0,0,0,baixo
6,350000.0,1927,0.6471198754540737,7,3,1,0,0,0,0,1,1,0,0,0,0,gratuito
10,35000.0,107,0.7663551401869159,1,2,1,0,0,1,1,1,0,0,0,0,0,medio_alto
1,10000.0,93,0.9247311827956989,13,1,1,0,0,1,0,0,1,0,0,0,0,alto
4,10000.0,28,0.6071428571428571,1,1,1,0,0,0,0,0,0,1,0,0,0,medio_baixo
1,10000.0,0,0.0,2,2,1,0,0,0,1,0,0,1,0,0,0,baixo
7,10000.0,89,0.7752808988764045,1,4,1,1,1,0,1,0,1,0,1,0,1,medio_alto
11,150000.0,539,0.6716141001855288,1,4,1,0,0,1,1,0,0,1,0,1,1,baixo
12,75000.0,774,0.851421188630491,7,2,1,1,0,0,1,1,0,0,0,0,0,medio_baixo
1,0.0,0,0.0,1,3,1,0,0,0,1,1,0,0,0,0,0,gratuito
6,10000.0,15,1.0,7,3,1,1,1,0,1,1,0,1,0,0,0,medio_alto
3,75000.0,1,0.0,1,4,1,0,0,0,0,1,0,0,1,1,1,medio_baixo
1,10000.0,21,0.8095238095238095,2,1,1,0,0,0,1,0,0,0,0,0,0,baixo
6,350000.0,53,0.9245283018867925,1,3,1,0,0,0,1,0,1,1,0,0,0,baixo
1,10000.0,0,0.0,1,2,1,0,0,0,1,0,0,0,1,0,0,alto
10,10000.0,3,0.3333333333333333,2,4,1,0,0,0,0,1,1,1,0,1,0,alto
2,0.0,0,0.0,0,0,1,0,0,0,0,0,0,0,0,0,0,gratuito
2,10000.0,0,0.0,4,2,1,0,0,0,1,0,0,1,0,0,0,medio_baixo
1,0.0,0,0.0,27,2,1,1,1,0,1,0,0,0,0,0,1,baixo
8,10000.0,49,0.9795918367346939,1,2,1,1,0,0,1,1,0,0,0,0,0,baixo
3,10000.0,23,0.8695652173913043,4,3,1,0,0,0,1,1,1,0,0,0,0,medio_alto
4,75000.0,2256,0.8222517730496454,13,7,1,0,0,0,1,1,1,1,0,1,1,alto
3,10000.0,0,0.0,2,4,1,0,0,0,1,1,0,1,1,0,0,baixo
4,10000.0,230,0.5956521739130435,2,4,1,0,0,0,1,0,1,0,0,1,1,medio_alto
3,10000.0,2,1.0,1,3,1,0,0,0,1,0,1,1,0,0,0,medio_baixo
4,10000.0,0,0.0,1,2,1,0,0,0,0,0,0,1,0,0,1,medio_alto
8,35000.0,33,0.3333333333333333,3,4,1,0,0,0,1,0,1,0,1,0,1,baixo
7,10000.0,1,1.0,3,3,1,0,0,0,1,1,1,0,0,0,0,alto
5,10000.0,0,0.0,1,2,1,0,0,1,1,0,0,1,0,0,0,baixo
1,0.0,0,0.0,8,2,1,1,1,1,1,0,0,0,0,1,0,alto
2,0.0,0,0.0,103,3,1,1,1,0,0,1,0,1,0,0,0,medio_baixo
1,0.0,0,0.0,21,4,1,0,0,0,1,1,0,1,0,0,0,gratuito
3,150000.0,47,0.851063829787234,2,4,1,0,0,0,1,1,1,0,1,0,0,baixo
1,10000.0,20,1.0,2,1,1,0,0,0,1,0,0,0,0,0,0,medio_alto
1,10000.0,0,0.0,7,3,1,0,0,0,0,1,0,0,0,0,1,alto
6,35000.0,1571,0.8224061107574793,6,3,1,0,0,4,1,0,0,1,0,0,1,alto
1,0.0,0,0.0,0,0,1,0,0,0,0,0,0,0,0,0,0,gratuito
9,35000.0,264,0.7196969696969697,1,3,1,1,1,0,1,1,0,0,0,0,0,gratuito
2,10000.0,0,0.0,1,3,1,0,0,0,0,1,1,0,0,0,0,alto
5,10000.0,2,0.5,1,5,1,0,0,0,1,1,1,0,1,1,0,alto
6,10000.0,4,1.0,1,3,1,0,0,0,1,0,0,1,1,0,0,medio_baixo
9,10000.0,3,1.0,1,2,1,0,0,0,0,0,1,1,0,0,0,gratuito
3,10000.0,111,0.963963963963964,1,1,1,1,1,0,1,0,0,0,0,0,0,medio_baixo
3,10000.0,6,0.3333333333333333,4,4,1,0,0,0,1,1,1,1,0,0,0,medio_alto
6,75000.0,750,0.9373333333333334,1,3,1,0,0,0,1,0,1,1,0,0,0,baixo
1,0.0,0,0.0,9,5,1,0,0,0,1,1,1,0,0,0,1,medio_baixo
4,10000.0,32,0.8125,7,4,1,0,0,0,1,0,0,1,0,1,1,medio_alto
11,150000.0,33,0.8787878787878788,1,2,1,0,1,0,1,0,0,0,0,1,0,medio_alto
11,10000.0,53,0.8679245283018868,1,4,1,0,0,0,1,1,1,0,1,0,0,baixo
1,10000.0,20,0.95,3,3,1,0,0,0,1,0,1,1,0,0,0,alto
1,10000.0,0,0.0,1,3,1,0,0,0,1,1,1,0,0,0,0,medio_alto
1,35000.0,523,0.9311663479923518,7,2,1,0,0,0,0,0,1,1,0,0,0,alto
5,0.0,0,0.0,0,0,1,0,0,0,0,0,0,0,0,0,0,gratuito
17,150000.0,680,0.6044117647058823,9,1,1,0,0,0,0,0,1,0,0,0,0,baixo
9,10000.0,29,0.6551724137931034,11,3,1,1,0,0,1,0,0,1,0,1,0,medio_alto
7,10000.0,56,0.9821428571428571,5,3,1,0,0,0,1,0,0,1,0,1,0,medio_baixo
1,0.0,0,0.0,11,2,1,0,0,0,0,0,0,0,0,1,0,medio_alto
6,35000.0,20,0.65,1,4,1,0,0,0,1,1,0,0,0,1,0,gratuito
2,0.0,0,0.0,0,0,1,0,0,0,0,0,0,0,0,0,0,gratuito
10,10000.0,26,0.8846153846153846,2,2,1,0,0,0,0,0,1,0,1,0,0,medio_baixo
1,0.0,0,0.0,2,4,1,0,0,0,1,0,1,1,0,0,1,medio_alto
4,10000.0,2,1.0,1,2,1,0,0,0,1,0,0,1,0,0,0,baixo
2,10000.0,2,0.5,1,2,1,0,0,0,1,0,0,1,0,0,0,baixo
6,10000.0,2,1.0,1,3,1,0,0,1,1,0,1,0,0,1,0,alto
8,10000.0,8,0.625,1,3,1,0,0,0,1,1,0,0,0,0,1,baixo
6,35000.0,692,0.8236994219653179,2,2,1,1,1,0,0,0,0,1,0,0,1,medio_baixo
11,10000.0,10,0.1,1,3,1,0,0,0,1,1,0,1,0,0,0,baixo
15,10000.0,87,0.5747126436781609,10,2,1,1,1,0,1,0,0,1,0,0,0,medio_alto
1,10000.0,118,0.847457627118644,12,3,1,0,0,0,1,0,0,0,0,1,0,alto
2,10000.0,2,1.0,1,3,1,0,0,0,1,0,1,1,0,0,0,alto
1,10000.0,0,0.0,1,2,1,0,0,0,1,0,0,1,0,0,0,baixo
8,10000.0,106,0.33962264150943394,2,1,1,0,0,0,0,0,0,0,0,1,0,alto
1,0.0,0,0.0,9,2,1,0,0,0,0,0,0,0,0,1,0,gratuito
8,10000.0,24,0.4166666666666667,1,2,1,0,0,1,0,0,1,1,0,0,0,medio_baixo
3,0.0,0,0.0,88,4,1,0,0,3,1,1,0,1,0,1,0,baixo
3,0.0,0,0.0,0,0,1,0,0,0,0,0,0,0,0,0,0,gratuito
3,0.0,0,0.0,0,0,1,0,0,0,0,0,0,0,0,0,0,gratuito
4,10000.0,77,0.935064935064935,1,4,1,0,0,0,1,0,0,0,0,0,1,alto
8,10000.0,5,0.6,8,2,1,0,0,0,1,0,0,1,0,0,0,baixo
5,10000.0,18,0.8333333333333334,1,3,1,0,0,0,1,1,0,1,0,0,0,medio_baixo
8,10000.0,69,0.6811594202898551,1,3,1,0,0,0,1,1,1,0,0,0,0,medio_alto
1,10000.0,15,1.0,5,2,1,1,1,0,1,0,0,1,0,0,0,medio_baixo
6,10000.0,39,0.9743589743589743,2,2,1,1,1,0,1,0,1,0,0,0,0,gratuito
6,35000.0,251,0.8127490039840638,2,1,1,0,0,0,0,0,0,1,0,0,0,medio_baixo
2,10000.0,6,1.0,1,2,1,0,0,0,0,0,1,0,0,0,0,gratuito
1,0.0,0,0.0,1,5,1,0,0,0,1,0,1,1,0,1,0,gratuito
17,150000.0,750,0.8426666666666667,1,3,1,0,0,1,1,1,0,0,0,0,0,alto
7,75000.0,1908,0.9585953878406709,1,4,1,0,0,0,1,0,0,0,0,1,1,alto
1,10000.0,0,0.0,12,1,1,1,0,0,0,0,0,0,0,0,1,alto
2,0.0,0,0.0,103,2,1,0,0,0,1,0,0,1,0,0,0,baixo
2,10000.0,0,0.0,1,2,1,1,1,0,0,0,0,1,0,1,0,baixo
2,10000.0,3,1.0,7,3,1,0,0,0,0,0,0,0,0,0,0,baixo
1,10000.0,0,0.0,1,3,1,0,0,0,1,0,0,1,0,1,0,medio_baixo
1,0.0,0,0.0,0,0,1,0,0,0,0,0,0,0,0,0,0,gratuito
7,10000.0,23,0.8260869565217391,1,4,1,0,0,0,0,1,0,1,0,0,1,medio_baixo
2,10000.0,113,0.7610619469026548,6,3,1,0,0,0,1,1,1,0,0,0,0,medio_baixo
3,0.0,0,0.0,0,0,1,0,0,0,0,0,0,0,0,0,0,gratuito
1,10000.0,1,1.0,2,4,1,0,0,1,1,0,1,1,0,0,1,baixo
5,10000.0,13,0.9230769230769231,1,2,1,0,0,1,1,0,0,0,1,0,0,baixo
7,10000.0,15,0.8,7,3,1,0,0,0,1,1,0,1,0,0,0,baixo
5,10000.0,53,0.6792452830188679,3,1,1,0,0,1,0,0,0,0,1,0,0,medio_alto
7,10000.0,0,0.0,103,3,1,0,0,0,1,1,0,1,0,0,0,baixo
2,0.0,0,0.0,0,0,1,0,0,0,0,0,0,0,0,0,0,gratuito
2,35000.0,282,0.4219858156028369,1,3,1,0,0,0,0,1,1,0,0,0,0,alto
3,10000.0,28,0.75,2,3,1,0,0,0,1,0,0,1,0,1,0,baixo
3,10000.0,1,0.0,1,3,1,0,0,0,0,0,0,0,0,1,1,medio_alto
1,0.0,0,0.0,0,0,1,0,0,0,0,0,0,0,0,0,0,gratuito
3,0.0,0,0.0,0,0,1,0,0,0,0,0,0,0,0,0,0,gratuito
8,10000.0,9,0.7777777777777778,1,4,1,0,1,0,1,1,0,1,0,0,0,alto
3,10000.0,0,0.0,11,1,1,0,0,0,0,0,0,1,0,0,0,medio_baixo
2,10000.0,350,0.6485714285714286,1,4,1,0,0,0,1,1,1,0,0,0,1,alto
19,150000.0,613,0.5905383360522023,4,2,1,0,0,0,0,0,1,1,0,0,0,baixo
2,10000.0,2,0.5,1,4,1,0,0,0,1,1,1,0,0,0,0,alto
3,10000.0,174,0.8735632183908046,3,2,1,0,0,0,0,0,1,1,0,0,0,alto
3,0.0,0,0.0,0,0,1,0,0,0,0,0,0,0,0,0,0,gratuito
2,10000.0,2,1.0,1,1,1,0,0,0,0,0,0,0,0,1,0,medio_alto
1,0.0,0,0.0,6,2,1,0,0,0,1,0,0,0,0,0,0,gratuito
2,10000.0,19,0.7368421052631579,1,5,1,0,0,0,1,0,0,1,1,1,1,baixo
6,10000.0,2,1.0,1,2,1,0,0,0,1,0,0,1,0,0,0,medio_baixo
5,0.0,0,0.0,1,2,1,0,0,0,0,0,0,1,0,0,0,gratuito
8,35000.0,10,0.8,1,1,1,0,1,0,0,0,0,0,0,0,0,baixo
1,10000.0,15,0.5333333333333333,1,3,1,0,0,0,1,1,0,0,1,0,0,medio_alto
7,10000.0,1,1.0,1,1,1,0,0,0,0,1,0,0,0,0,0,baixo
5,0.0,0,0.0,16,5,1,0,0,0,0,1,0,0,1,1,0,gratuito
8,35000.0,66,0.7878787878787878,1,4,1,0,0,0,1,1,1,1,0,0,0,baixo
2,10000.0,2,1.0,1,3,1,1,1,0,1,0,0,0,0,1,0,baixo
2,10000.0,3,0.6666666666666666,1,2,1,1,1,0,1,1,0,0,0,0,0,baixo
1,0.0,0,0.0,1,2,1,0,1,1,0,0,1,0,0,0,0,gratuito
2,35000.0,5,1.0,2,3,1,0,0,0,1,1,1,0,0,0,0,medio_baixo
5,35000.0,11,0.8181818181818182,18,3,1,1,0,0,0,1,1,1,0,0,0,gratuito
1,10000.0,0,0.0,6,2,1,1,0,0,1,0,0,1,0,0,0,baixo
5,10000.0,93,0.967741935483871,1,3,1,0,1,0,1,0,1,1,0,0,0,medio_alto
5,10000.0,128,0.828125,1,4,1,0,0,0,1,0,1,0,1,1,0,alto
6,10000.0,32,0.75,3,1,1,0,0,0,0,0,0,0,0,0,0,gratuito
2,10000.0,6,0.16666666666666666,2,1,1,0,0,0,0,0,0,1,0,0,0,medio_alto
7,75000.0,111,0.7567567567567568,1,5,1,0,0,0,1,1,1,1,0,0,0,gratuito
6,10000.0,0,0.0,5,2,1,0,0,0,0,0,0,1,0,0,0,baixo
6,10000.0,0,0.0,1,2,1,0,0,0,0,0,0,0,0,0,1,alto
2,10000.0,74,0.8648648648648649,17,3,1,0,0,0,1,0,1,1,0,0,0,alto
7,10000.0,126,0.9126984126984127,1,4,1,1,1,0,1,0,0,0,1,0,0,alto
2,0.0,0,0.0,0,0,1,0,0,0,0,0,0,0,0,0,0,gratuito
2,10000.0,31,0.7096774193548387,6,3,1,0,0,0,1,0,0,1,0,0,1,medio_baixo
3,10000.0,34,0.7941176470588235,3,4,1,0,0,0,1,0,0,1,0,1,1,medio_alto
2,10000.0,11,0.9090909090909091,6,2,1,0,1,0,1,0,0,0,0,0,0,baixo
2,35000.0,780,0.8320512820512821,10,3,1,0,0,0,1,1,1,0,0,0,0,medio_alto
1,10000.0,0,0.0,9,2,1,1,1,0,1,0,0,1,0,0,0,baixo
3,10000.0,58,0.8448275862068966,13,3,1,0,0,0,1,1,0,1,0,0,0,alto
1,0.0,0,0.0,1,3,1,0,0,0,1,0,1,1,0,0,0,medio_baixo
2,10000.0,2,1.0,1,2,1,0,0,0,1,0,0,1,0,0,0,medio_baixo
6,10000.0,17,0.6470588235294118,1,2,1,0,0,0,1,0,0,1,0,0,0,baixo
4,10000.0,252,0.9285714285714286,10,3,1,0,0,0,1,0,1,1,0,0,0,medio_baixo
2,0.0,0,0.0,103,2,1,0,0,0,1,0,0,1,0,0,0,baixo
2,10000.0,3,1.0,1,1,1,0,0,0,0,0,0,0,0,0,1,medio_baixo
3,10000.0,0,0.0,1,6,1,1,0,0,1,1,1,1,1,0,0,medio_alto
2,10000.0,10,0.6,11,6,1,0,1,0,1,1,1,1,1,1,0,medio_baixo
1,0.0,0,0.0,1,1,1,0,0,0,0,0,0,0,0,0,0,medio_baixo
5,75000.0,710,0.9338028169014084,1,4,1,1,0,0,1,0,1,0,1,1,0,medio_baixo
2,10000.0,1,1.0,1,4,1,0,0,0,1,1,0,0,0,1,0,alto
10,35000.0,428,0.9322429906542056,1,4,1,1,1,0,1,1,1,0,0,1,0,medio_alto
5,10000.0,0,0.0,1,2,1,1,0,0,0,0,0,1,0,1,0,medio_alto
8,10000.0,2,0.5,1,3,1,0,0,0,1,1,0,1,0,0,0,baixo
2,0.0,0,0.0,1,2,1,0,0,0,1,0,1,0,0,0,0,gratuito
9,10000.0,29,1.0,11,1,1,1,1,3,1,0,0,0,0,0,0,alto
7,10000.0,29,0.7586206896551724,1,1,1,1,0,0,0,0,0,1,0,0,0,medio_baixo
2,10000.0,0,0.0,1,3,1,0,0,0,1,0,0,1,0,0,1,medio_alto
6,10000.0,818,0.8594132029339854,1,3,1,0,0,0,1,0,0,1,0,0,0,baixo
3,10000.0,8,0.75,1,3,1,1,0,0,1,1,1,0,0,0,0,baixo
4,10000.0,53,0.8679245283018868,1,3,1,0,0,1,1,1,1,0,0,0,0,alto
1,10000.0,0,0.0,5,1,1,0,0,6,0,0,0,0,1,0,0,alto
2,10000.0,0,0.0,2,4,1,0,0,2,1,1,0,1,0,0,0,baixo
1,0.0,0,0.0,1,3,1,0,0,0,0,0,1,0,1,1,0,medio_alto
12,350000.0,362,0.4447513812154696,5,1,1,1,0,0,0,0,0,0,0,1,0,medio_alto
4,10000.0,0,0.0,1,1,1,0,0,0,0,0,1,0,0,0,0,baixo
1,0.0,0,0.0,1,3,1,1,1,0,1,1,1,0,0,0,0,medio_alto
7,10000.0,0,0.0,2,2,1,0,0,0,1,0,1,0,0,0,0,baixo
5,0.0,0,0.0,1,2,1,0,0,0,0,0,0,1,0,0,0,gratuito
4,10000.0,31,0.9032258064516129,9,2,1,0,0,0,1,0,1,0,0,0,0,medio_baixo
4,0.0,0,0.0,0,0,1,0,0,0,0,0,0,0,0,0,0,gratuito
11,10000.0,129,0.6744186046511628,2,4,1,1,1,0,1,1,1,0,0,0,0,alto
2,10000.0,9,0.7777777777777778,2,1,1,0,0,1,0,1,0,0,0,0,0,medio_alto
7,10000.0,1,1.0,1,5,1,0,0,0,1,1,1,0,1,0,0,medio_alto
3,10000.0,18,0.9444444444444444,1,2,1,0,0,0,1,0,0,1,0,0,0,medio_baixo
2,10000.0,0,0.0,1,2,1,0,0,0,0,0,0,0,1,0,1,medio_baixo
6,10000.0,0,0.0,5,1,1,1,1,0,0,0,0,1,0,0,0,medio_alto
1,0.0,0,0.0,1,3,1,0,0,0,1,0,0,1,0,0,0,gratuito
1,0.0,0,0.0,1,3,1,0,1,0,1,0,0,0,1,0,1,medio_baixo
8,10000.0,3,1.0,6,3,1,0,0,0,1,0,0,0,0,1,0,baixo
2,10000.0,26,1.0,1,2,1,0,1,0,1,1,0,0,0,0,0,baixo
7,10000.0,75,0.72,1,5,1,0,0,0,1,0,1,1,1,0,1,baixo
1,10000.0,1,1.0,2,1,1,1,0,0,0,0,1,0,0,0,0,medio_alto
10,350000.0,5702,0.5438442651701157,4,2,1,0,0,0,0,1,1,0,0,0,0,gratuito
12,35000.0,139,0.6187050359712231,1,1,1,0,0,0,0,0,0,0,1,0,0,baixo
5,10000.0,0,0.0,1,3,1,0,0,0,1,1,0,1,0,0,0,medio_alto
5,0.0,0,0.0,0,0,1,0,0,0,0,0,0,0,0,0,0,gratuito
22,15000000.0,14296,0.9066871852266368,1,1,1,0,1,0,0,1,0,0,0,0,0,gratuito
5,10000.0,1,0.0,1,7,1,0,0,0,1,1,1,0,1,1,1,medio_baixo
1,0.0,0,0.0,2,3,1,0,0,0,0,1,1,0,0,0,0,gratuito
6,10000.0,84,0.7976190476190477,10,5,1,0,0,0,1,1,1,1,0,1,0,medio_alto
8,35000.0,131,0.9007633587786259,1,1,1,1,0,0,0,0,1,0,0,0,0,medio_baixo
6,150000.0,4780,0.8734309623430963,9,4,1,1,0,3,1,0,0,1,1,0,1,medio_baixo
9,10000.0,157,0.8598726114649682,1,3,1,1,0,0,1,0,0,1,0,0,1,alto
6,10000.0,6,1.0,6,4,1,0,0,0,1,1,0,0,1,1,0,medio_baixo
6,10000.0,19,0.7894736842105263,7,5,1,0,0,0,1,1,0,1,0,1,1,baixo
5,10000.0,6,0.8333333333333334,1,5,1,0,0,0,1,0,1,1,0,0,0,medio_baixo
7,10000.0,20,0.85,27,3,1,0,0,1,1,0,0,1,0,1,0,gratuito
3,150000.0,883,0.8924122310305775,19,3,1,0,1,1,1,0,0,0,0,0,0,alto
1,10000.0,1,1.0,1,2,1,0,0,0,0,0,1,1,0,0,0,medio_baixo
2,10000.0,4,0.5,1,3,1,0,0,0,1,0,1,0,1,0,0,alto
17,35000.0,50,0.84,1,1,1,0,0,0,0,0,0,1,0,0,0,baixo
10,75000.0,35,0.8,1,6,1,0,0,0,1,1,1,1,0,0,0,gratuito
2,35000.0,134,0.8059701492537313,1,5,1,0,0,0,1,0,0,1,1,1,0,medio_baixo
8,10000.0,3,0.3333333333333333,1,2,1,0,0,0,1,1,0,0,0,0,0,medio_baixo
1,10000.0,0,0.0,8,1,1,0,0,0,1,0,0,0,0,0,0,medio_alto
6,35000.0,290,0.7931034482758621,3,2,1,0,0,0,1,0,0,0,1,0,0,alto
3,0.0,0,0.0,2,4,1,0,0,2,1,0,0,1,0,1,0,gratuito
8,10000.0,97,0.5979381443298969,1,3,1,0,0,0,0,1,0,1,0,1,0,baixo
1,10000.0,48,0.5,15,3,1,0,0,0,1,0,0,1,0,0,1,medio_baixo
3,10000.0,0,0.0,1,3,1,0,0,0,1,1,1,0,0,0,0,medio_alto
8,350000.0,5406,0.8660747317795042,5,1,1,0,0,66,0,1,0,0,0,0,0,alto
2,35000.0,296,0.6216216216216216,11,2,1,0,0,0,1,0,0,1,0,0,0,medio_baixo
1,0.0,0,0.0,1,3,1,0,0,0,1,0,0,0,0,0,1,gratuito
1,10000.0,0,0.0,5,2,1,0,0,0,0,1,1,0,0,0,0,alto
4,750000.0,5373,0.6824865066071096,27,5,1,0,0,1,1,1,1,0,0,0,1,medio_alto
5,0.0,0,0.0,1,2,1,0,0,0,1,0,0,1,0,0,0,gratuito
8,10000.0,115,0.9391304347826087,2,2,1,0,0,0,1,0,0,0,1,0,0,baixo
2,10000.0,36,0.8888888888888888,11,1,1,0,1,0,0,1,0,0,0,0,0,medio_alto
2,10000.0,0,0.0,4,1,1,0,0,0,0,0,0,1,0,0,0,alto
8,15000000.0,346404,0.8497967690904262,9,5,1,0,0,8,0,1,1,0,0,1,0,gratuito
6,10000.0,6,0.5,1,2,1,0,0,0,1,0,0,1,0,0,0,baixo
7,10000.0,1,0.0,1,5,1,0,0,0,1,1,0,1,0,0,1,medio_alto
5,10000.0,186,0.8333333333333334,5,2,1,0,0,2,1,0,1,0,0,0,0,alto
5,10000.0,0,0.0,1,5,1,0,0,0,1,0,0,1,0,1,1,medio_baixo
7,10000.0,8,0.625,1,3,1,1,1,0,1,0,0,0,0,1,1,medio_alto
6,10000.0,182,0.8021978021978022,3,2,1,0,0,0,0,0,0,1,0,0,1,alto
5,35000.0,5,1.0,1,2,1,1,0,0,1,1,0,0,0,0,0,medio_alto
2,10000.0,92,0.8043478260869565,1,1,1,0,0,0,0,0,0,0,1,0,0,alto
9,10000.0,12,0.3333333333333333,2,1,1,0,0,0,0,0,0,0,0,0,0,baixo
1,0.0,0,0.0,0,0,1,0,0,0,0,0,0,0,0,0,0,gratuito
4,10000.0,67,0.9552238805970149,7,3,1,0,0,0,1,1,1,0,0,0,0,baixo
6,10000.0,2,0.0,1,1,1,0,0,0,0,0,0,0,1,0,0,baixo
10,10000.0,29,0.9310344827586207,9,1,1,0,0,0,0,0,0,1,0,0,0,baixo
4,10000.0,3,0.6666666666666666,1,3,1,0,0,0,1,0,0,1,0,0,0,alto
5,10000.0,27,0.8888888888888888,1,1,1,0,0,0,0,0,0,0,0,1,0,alto
2,35000.0,1,0.0,1,4,1,0,0,0,1,1,1,0,0,1,0,medio_alto
9,150000.0,372,0.793010752688172,2,6,1,0,0,0,0,1,1,0,1,0,1,gratuito
9,10000.0,1,1.0,1,3,1,0,0,0,1,0,0,1,0,1,0,gratuito
11,350000.0,4813,0.8595470600457096,8,1,1,0,0,6,0,1,0,0,0,0,0,medio_alto
5,10000.0,4,0.5,1,3,1,0,0,0,1,0,0,1,0,0,0,baixo
1,0.0,0,0.0,0,0,1,0,0,0,0,0,0,0,0,0,0,gratuito
3,0.0,0,0.0,1,3,1,1,0,0,1,0,1,0,0,0,0,gratuito
10,35000.0,105,0.819047619047619,11,5,1,0,0,1,1,1,1,1,0,1,0,gratuito
8,10000.0,10,0.4,1,6,1,1,1,0,1,0,1,1,1,1,0,gratuito
1,10000.0,0,0.0,2,3,1,0,0,0,1,1,1,0,0,0,0,medio_baixo
3,10000.0,17,0.5294117647058824,3,3,1,0,0,0,1,0,0,1,0,0,1,medio_alto
3,10000.0,0,0.0,1,2,1,0,0,0,0,0,1,1,0,0,0,alto
2,10000.0,8,1.0,1,3,1,1,1,0,1,0,1,1,0,0,0,medio_alto
1,0.0,0,0.0,1,3,1,0,0,0,0,0,1,1,0,0,0,gratuito
10,10000.0,17,0.29411764705882354,1,3,1,0,0,0,0,1,1,0,0,0,0,alto
3,75000.0,173,0.5433526011560693,9,3,1,1,1,1,1,0,0,0,1,1,0,alto
3,0.0,0,0.0,1,2,1,0,0,17,0,0,0,1,0,0,0,gratuito
2,10000.0,12,0.9166666666666666,1,1,1,0,0,0,0,0,0,0,1,0,0,alto
6,10000.0,44,0.6590909090909091,1,7,1,0,0,0,1,1,1,1,1,1,0,alto
5,10000.0,4,1.0,1,4,1,0,1,0,1,1,0,0,0,0,0,baixo
3,0.0,0,0.0,2,5,1,0,0,1,1,0,0,1,1,1,0,gratuito
3,10000.0,5,1.0,3,3,1,0,0,0,1,1,0,0,0,0,0,baixo
4,10000.0,16,0.8125,4,4,1,0,1,0,1,0,0,0,0,1,1,alto
1,35000.0,4,1.0,2,4,1,1,1,0,1,1,0,1,0,1,0,medio_alto
7,10000.0,18,0.8333333333333334,1,2,1,0,0,0,1,0,0,1,0,0,0,medio_baixo
1,10000.0,4,1.0,2,3,1,0,0,0,1,1,1,0,0,0,0,medio_baixo
20,1500000.0,7231,0.8968330797953257,1,1,1,0,0,0,0,0,0,0,0,1,0,medio_alto
3,0.0,0,0.0,0,0,1,0,0,0,0,0,0,0,0,0,0,gratuito
5,10000.0,23,1.0,1,3,1,0,0,0,1,0,0,1,0,1,0,medio_alto
4,10000.0,0,0.0,1,1,1,1,1,0,0,0,0,0,1,0,0,alto
4,10000.0,1,1.0,1,4,1,0,0,0,1,0,1,1,1,0,0,medio_alto
9,35000.0,139,0.697841726618705,1,3,1,0,0,0,1,0,1,1,0,0,0,medio_baixo
2,10000.0,2,0.5,1,3,1,0,0,0,1,0,1,1,0,0,0,medio_baixo
3,10000.0,0,0.0,7,3,1,0,0,0,1,0,0,1,0,0,0,gratuito
3,10000.0,95,0.8526315789473684,12,2,1,0,0,0,0,0,1,0,1,0,0,medio_baixo
3,0.0,0,0.0,30,3,1,0,0,0,1,0,0,1,0,0,1,baixo
5,10000.0,0,0.0,1,3,1,0,0,0,1,0,0,1,0,1,0,medio_baixo
1,10000.0,0,0.0,10,1,1,0,0,0,0,0,0,1,0,0,0,medio_baixo
1,10000.0,82,0.5975609756097561,17,3,1,0,0,0,1,0,0,1,0,0,1,medio_alto
5,10000.0,12,0.9166666666666666,1,2,1,0,0,0,0,0,1,1,0,0,0,medio_alto
8,150000.0,115,0.5565217391304348,3,5,1,0,0,1,1,1,0,0,0,1,0,gratuito
5,150000.0,93,0.8817204301075269,1,2,1,0,0,0,1,1,0,0,0,0,0,medio_alto
3,10000.0,1,1.0,1,3,1,0,0,0,1,0,1,0,1,0,0,medio_baixo
5,10000.0,1,1.0,1,4,1,0,0,0,1,1,0,1,0,0,0,baixo
1,10000.0,0,0.0,1,3,1,0,1,0,1,0,0,1,0,0,0,medio_alto
8,35000.0,25,0.44,1,3,1,1,1,0,1,1,0,1,0,0,0,baixo
1,0.0,0,0.0,0,0,1,0,0,0,0,0,0,0,0,0,0,gratuito
1,10000.0,9,1.0,2,3,1,0,0,0,1,0,1,1,0,0,0,baixo
4,10000.0,1,1.0,1,2,1,1,0,0,1,1,0,0,0,0,0,alto
10,10000.0,6,0.8333333333333334,1,2,1,1,0,0,1,1,0,0,0,0,0,medio_alto
1,0.0,0,0.0,0,0,1,0,0,0,0,0,0,0,0,0,0,gratuito
4,10000.0,0,0.0,1,3,1,0,0,0,0,1,1,0,1,0,0,alto
6,10000.0,7,0.8571428571428571,1,3,1,0,0,0,1,1,1,0,0,0,0,baixo
1,0.0,0,0.0,103,6,1,0,0,0,1,0,1,1,0,0,1,gratuito
3,10000.0,25,0.96,3,2,1,0,0,0,1,0,1,0,0,0,0,baixo
4,10000.0,12,0.6666666666666666,1,2,1,0,0,0,1,0,1,0,0,0,0,baixo
4,10000.0,170,0.8823529411764706,10,4,1,0,0,0,1,0,0,1,0,1,1,medio_alto
2,10000.0,139,0.8848920863309353,11,3,1,0,1,1,1,0,0,0,0,1,1,alto
8,10000.0,40,0.9,1,2,1,0,1,0,1,1,0,0,0,0,0,medio_baixo
3,10000.0,156,0.9743589743589743,103,1,1,0,0,1,0,0,0,1,0,0,0,baixo
4,10000.0,10,0.7,1,3,1,0,0,0,1,1,1,0,0,0,0,medio_alto
2,35000.0,2,0.5,1,3,1,0,1,0,1,1,1,0,0,0,0,alto
7,150000.0,1007,0.7169811320754716,3,3,1,0,0,0,1,0,0,0,1,0,1,baixo
2,10000.0,1,0.0,1,4,1,0,0,0,1,0,0,1,0,0,1,baixo
2,0.0,0,0.0,0,0,1,0,0,0,0,0,0,0,0,0,0,gratuito
2,10000.0,35,0.8857142857142857,5,6,1,0,0,4,1,1,1,1,1,1,0,medio_baixo
4,10000.0,5,0.6,1,3,1,0,0,0,0,1,1,1,0,0,0,medio_alto
1,10000.0,0,0.0,12,2,1,0,0,4,0,0,0,1,0,1,0,medio_alto
4,0.0,0,0.0,1,4,1,0,0,0,1,0,1,1,1,0,0,gratuito
2,10000.0,18,0.16666666666666666,14,3,1,0,0,0,1,0,0,1,0,0,1,medio_alto
5,10000.0,23,0.6086956521739131,1,2,1,0,0,0,0,0,1,1,0,0,0,baixo
6,10000.0,25,0.44,1,5,1,0,0,0,1,1,0,0,1,0,0,gratuito
1,10000.0,0,0.0,16,5,1,0,0,0,1,1,1,1,0,0,1,medio_alto
1,0.0,0,0.0,0,0,1,0,0,0,0,0,0,0,0,0,0,gratuito
1,10000.0,0,0.0,22,4,1,0,0,0,1,0,1,1,0,0,1,medio_alto
9,10000.0,18,0.6666666666666666,1,4,1,0,0,0,1,1,1,0,1,0,0,baixo
1,0.0,0,0.0,0,0,1,0,0,0,0,0,0,0,0,0,0,gratuito
3,10000.0,22,0.8181818181818182,15,5,1,0,0,0,1,1,0,0,1,1,0,medio_alto
3,10000.0,232,0.9094827586206896,6,2,1,0,0,0,0,0,1,1,0,0,0,medio_baixo
12,10000.0,96,0.84375,7,2,1,0,0,0,0,1,0,1,0,0,0,baixo
7,10000.0,17,0.8823529411764706,3,3,1,0,0,0,1,0,1,1,0,0,0,medio_baixo
4,0.0,0,0.0,0,0,1,0,0,0,0,0,0,0,0,0,0,gratuito
4,10000.0,2,0.5,1,1,1,0,0,0,0,0,0,1,0,0,0,baixo
7,150000.0,1570,0.7464968152866241,8,2,1,1,0,1,1,0,1,0,0,0,0,medio_baixo
1,10000.0,3,0.3333333333333333,3,2,1,1,1,0,0,0,1,1,0,0,0,medio_alto
8,10000.0,8,0.5,2,2,1,0,0,0,1,0,1,0,0,0,0,medio_baixo
1,0.0,0,0.0,1,2,1,0,0,0,1,0,0,0,1,0,0,alto
3,35000.0,1,1.0,1,5,1,0,0,0,1,1,1,1,0,0,0,medio_baixo
9,75000.0,712,0.8525280898876404,1,4,1,1,1,4,1,1,1,0,1,0,0,alto
4,10000.0,15,0.8666666666666667,2,3,1,0,0,0,1,1,1,0,0,0,0,medio_baixo
2,35000.0,1421,0.9500351864883885,8,4,1,0,0,0,0,0,1,1,0,0,1,alto
3,10000.0,6,1.0,6,2,1,0,0,0,1,0,0,1,0,0,0,medio_alto
8,10000.0,12,0.6666666666666666,3,3,1,1,0,0,1,1,1,0,0,0,0,baixo
1,10000.0,39,0.8717948717948718,12,4,1,0,0,0,1,0,0,1,1,1,0,medio_alto
3,10000.0,1,0.0,15,4,1,0,0,0,1,0,1,1,0,1,0,baixo
3,35000.0,211,0.943127962085308,1,3,1,0,0,0,1,0,1,0,1,0,0,gratuito
8,10000.0,4,1.0,1,3,1,1,0,0,1,0,1,1,0,0,0,baixo
7,10000.0,47,0.6382978723404256,1,4,1,0,0,0,1,1,0,0,0,0,1,gratuito
6,35000.0,39,0.6153846153846154,1,3,1,0,0,0,0,0,0,0,0,0,1,gratuito
3,10000.0,88,0.9204545454545454,2,3,1,0,0,0,1,0,0,1,0,0,1,medio_alto
2,10000.0,0,0.0,1,3,1,1,1,0,1,0,1,1,0,0,0,baixo
6,10000.0,10,0.3,10,1,1,0,0,0,0,0,0,0,0,1,0,medio_baixo
9,10000.0,187,0.7219251336898396,2,3,1,1,1,1,1,0,1,0,1,0,0,medio_baixo
1,10000.0,0,0.0,3,2,1,0,0,0,0,0,1,0,1,0,0,alto
1,0.0,0,0.0,1,1,1,0,0,0,0,0,0,1,0,0,0,alto
3,10000.0,24,0.875,1,4,1,0,0,0,1,1,1,0,1,0,0,medio_baixo
2,10000.0,74,0.972972972972973,6,2,1,0,0,0,1,0,1,0,0,0,0,alto
1,10000.0,0,0.0,1,3,1,0,1,0,1,1,0,0,0,0,0,medio_alto
1,10000.0,0,0.0,1,2,1,0,0,0,0,0,1,0,0,1,0,medio_baixo
1,10000.0,0,0.0,14,4,1,1,1,0,1,0,0,1,1,0,1,alto
5,10000.0,6,0.6666666666666666,1,3,1,0,0,0,1,0,1,1,0,0,0,medio_alto
11,75000.0,226,0.6371681415929203,1,2,1,1,1,1,1,0,1,0,0,0,0,baixo
2,750000.0,23043,0.7916937898711105,14,2,1,0,0,5,0,1,0,0,1,0,0,alto
13,150000.0,2156,0.890074211502783,1,2,1,0,0,0,0,1,1,0,0,0,0,baixo
11,10000.0,119,0.6386554621848739,1,2,1,0,0,0,1,0,1,0,0,0,0,medio_alto
3,35000.0,0,0.0,6,6,1,0,0,0,1,1,1,1,1,0,1,alto
10,750000.0,16453,0.6051176077311129,10,2,1,0,0,9,0,1,1,0,0,0,0,medio_baixo
1,0.0,0,0.0,8,2,1,0,0,0,1,1,0,0,0,0,0,baixo
7,10000.0,42,0.6666666666666666,1,3,1,0,0,0,1,0,0,1,0,1,0,gratuito
1,10000.0,0,0.0,2,2,1,0,0,0,1,0,1,0,0,0,0,medio_alto
1,0.0,0,0.0,0,0,1,0,0,0,0,0,0,0,0,0,0,gratuito
1,0.0,0,0.0,1,5,1,0,0,0,0,1,1,0,1,0,0,gratuito
1,10000.0,0,0.0,1,2,1,0,0,1,0,1,1,0,0,0,0,baixo
1,0.0,0,0.0,10,4,1,0,0,3,0,1,0,0,0,0,0,gratuito
5,0.0,0,0.0,0,0,1,0,0,0,0,0,0,0,0,0,0,gratuito
3,35000.0,409,0.9095354523227384,12,3,1,0,0,0,1,1,0,0,0,0,0,medio_baixo
2,10000.0,0,0.0,1,3,1,0,0,0,1,1,0,0,0,0,0,gratuito
9,10000.0,42,0.8571428571428571,3,3,1,0,0,0,1,1,1,0,0,0,0,medio_alto
1,10000.0,0,0.0,8,3,1,0,0,1,1,0,0,1,0,1,0,medio_alto
16,350000.0,1172,0.6237201365187713,6,1,1,0,0,5,0,1,0,0,0,0,0,medio_alto
4,10000.0,1,1.0,1,3,1,1,1,2,1,0,0,1,0,0,1,alto
6,10000.0,74,0.9594594594594594,11,5,1,0,0,1,1,1,0,0,1,1,0,medio_alto
2,10000.0,61,0.639344262295082,5,3,1,0,0,0,1,0,1,0,1,0,0,alto
1,0.0,0,0.0,1,4,1,0,0,0,1,0,1,0,1,1,0,alto
2,35000.0,462,0.7121212121212122,12,2,1,0,0,1,1,1,0,0,0,0,0,medio_alto
2,10000.0,198,0.7373737373737373,10,4,1,0,0,0,1,0,0,0,0,1,1,alto
1,0.0,0,0.0,1,3,1,0,0,0,0,1,1,0,0,1,0,baixo
3,10000.0,16,0.8125,3,7,1,0,0,0,1,0,0,1,0,0,1,baixo
1,0.0,0,0.0,2,2,1,0,0,0,1,0,0,1,0,0,0,medio_alto
3,0.0,0,0.0,0,0,1,0,0,0,0,0,0,0,0,0,0,gratuito
1,10000.0,0,0.0,2,2,1,0,0,0,1,1,0,0,0,0,0,baixo
10,10000.0,65,0.676923076923077,6,1,1,0,0,0,1,0,0,0,0,0,0,medio_alto
4,10000.0,15,0.9333333333333333,1,1,1,1,0,0,0,0,0,1,0,0,0,baixo
4,0.0,0,0.0,14,3,1,0,0,0,0,0,0,1,0,0,1,gratuito
11,10000.0,21,0.2857142857142857,1,4,1,0,0,0,1,1,1,1,0,0,0,medio_baixo
2,10000.0,0,0.0,1,4,1,0,0,0,1,0,0,1,1,0,1,medio_baixo
1,10000.0,0,0.0,1,3,1,0,0,0,1,0,0,1,0,1,0,baixo
3,10000.0,0,0.0,103,3,1,0,0,0,1,0,0,0,1,0,1,medio_alto
2,10000.0,172,0.9302325581395349,17,6,1,1,0,0,1,1,0,1,0,0,1,medio_baixo
3,10000.0,0,0.0,5,1,1,0,0,2,0,0,0,1,0,0,0,medio_alto
3,10000.0,15,0.6,3,5,1,0,0,0,1,1,1,0,0,0,1,baixo
8,10000.0,13,0.46153846153846156,1,4,1,0,0,0,1,1,0,0,0,0,0,medio_alto
3,10000.0,1,1.0,1,2,1,1,0,0,1,0,0,1,0,0,0,baixo
8,10000.0,14,0.8571428571428571,1,1,1,0,0,0,0,0,0,0,0,1,0,alto
4,0.0,0,0.0,1,6,1,1,1,14,1,1,0,1,0,1,0,gratuito
3,10000.0,1,0.0,15,2,1,0,0,0,0,0,0,1,0,0,0,alto
2,10000.0,341,0.7008797653958945,16,5,1,0,0,0,0,1,1,0,1,0,1,medio_alto
3,35000.0,3,0.6666666666666666,3,1,1,0,0,0,0,0,0,0,0,0,1,baixo
4,10000.0,9,0.4444444444444444,1,2,1,0,0,0,1,0,0,1,0,0,0,baixo
5,10000.0,35,0.4,2,3,1,0,0,0,1,1,1,0,0,0,0,medio_alto
4,35000.0,171,0.631578947368421,10,2,1,0,0,0,0,1,1,0,0,0,0,medio_alto
3,10000.0,0,0.0,2,1,1,0,0,0,0,1,0,0,0,0,0,alto
8,10000.0,27,0.9259259259259259,1,1,1,0,0,0,1,0,0,0,0,0,0,baixo
5,35000.0,2,1.0,1,5,1,0,0,0,1,1,1,0,1,0,0,alto
5,10000.0,87,0.5402298850574713,1,5,1,0,0,0,1,1,1,0,1,0,1,medio_alto
10,10000.0,172,0.9069767441860465,1,1,1,0,0,0,0,1,0,0,0,0,0,medio_alto
5,10000.0,10,1.0,1,7,1,0,0,0,1,1,1,1,1,1,1,baixo
6,10000.0,38,0.8947368421052632,1,1,1,0,0,0,0,0,0,1,0,0,0,baixo
2,10000.0,0,0.0,1,1,1,0,0,0,0,0,0,1,0,0,0,alto
1,0.0,0,0.0,0,0,1,0,0,0,0,0,0,0,0,0,0,gratuito
2,10000.0,1,1.0,1,3,1,0,0,0,1,1,1,0,0,0,0,medio_alto
1,0.0,0,0.0,1,3,1,0,1,0,1,1,0,0,1,0,0,medio_baixo
3,750000.0,20479,0.9489232872698862,18,3,1,0,0,1,0,1,1,0,0,0,1,alto
9,10000.0,4,0.5,27,2,1,0,1,0,1,0,0,1,0,0,0,baixo
1,0.0,0,0.0,1,4,1,0,0,0,1,0,0,0,1,0,1,gratuito
12,0.0,0,0.0,1,3,1,0,0,0,1,1,0,0,1,0,0,baixo
3,10000.0,33,0.8787878787878788,1,3,1,1,0,0,1,1,0,1,0,0,0,medio_baixo
1,0.0,0,0.0,103,1,1,0,0,0,0,0,1,0,0,0,0,medio_baixo
2,10000.0,3,1.0,1,2,1,0,0,0,1,0,0,1,0,0,0,baixo
5,10000.0,10,0.1,1,3,1,0,0,0,1,0,1,0,0,0,1,medio_baixo
11,35000.0,84,0.7023809523809523,3,3,1,1,0,1,1,1,0,0,1,0,0,medio_baixo
3,0.0,0,0.0,3,4,1,0,0,0,1,1,1,0,1,0,0,gratuito
4,10000.0,249,0.9156626506024096,1,1,1,0,0,0,0,0,1,0,0,0,0,alto
1,10000.0,69,0.8115942028985508,7,3,1,0,0,1,1,1,1,0,0,0,0,medio_alto
1,10000.0,0,0.0,1,3,1,1,0,0,1,0,0,1,0,0,1,medio_alto
8,10000.0,34,0.6176470588235294,4,3,1,0,0,0,0,1,0,0,0,1,1,alto
11,150000.0,1571,0.5843411839592616,7,2,1,1,1,0,1,0,1,0,0,0,0,medio_baixo
2,35000.0,8,1.0,12,2,1,0,0,0,1,0,0,1,0,0,0,medio_baixo
1,10000.0,6,1.0,2,2,1,0,0,0,0,1,0,0,0,0,0,alto
11,10000.0,29,0.6206896551724138,1,2,1,1,0,0,1,0,1,0,0,0,0,baixo
4,35000.0,3,0.3333333333333333,10,3,1,0,1,0,1,1,0,0,0,0,1,medio_baixo
4,10000.0,2,1.0,1,2,1,0,0,0,0,0,0,1,0,0,0,baixo
10,35000.0,81,0.8395061728395061,1,3,1,1,1,0,1,1,0,1,0,0,0,baixo
4,35000.0,424,0.8561320754716981,3,2,1,0,0,1,1,0,0,0,1,0,0,alto
4,750000.0,3,0.3333333333333333,1,3,1,0,0,0,0,1,1,0,0,1,0,alto
2,10000.0,8,0.875,1,3,1,0,0,0,1,1,0,1,0,0,0,baixo
2,10000.0,0,0.0,1,3,1,0,1,0,1,1,0,1,0,0,0,medio_baixo
6,35000.0,1050,0.8952380952380953,3,1,1,0,0,1,0,0,1,0,0,0,0,alto
8,35000.0,172,0.6918604651162791,6,2,1,1,0,0,1,0,1,0,0,0,0,alto
1,10000.0,0,0.0,1,2,1,0,0,0,1,0,0,1,0,0,0,medio_alto
18,35000.0,109,0.7522935779816514,1,3,1,0,0,0,0,0,1,1,1,0,0,medio_baixo
6,750000.0,2911,0.6252147028512539,4,4,1,1,0,5,0,0,0,0,0,0,1,gratuito
6,10000.0,29,0.7931034482758621,2,3,1,0,0,0,1,1,0,1,0,0,0,alto
1,10000.0,0,0.0,3,3,1,1,1,1,1,0,1,0,0,0,0,gratuito
9,350000.0,6991,0.7744242597625518,8,1,1,0,0,0,0,0,0,0,0,0,1,alto
5,75000.0,17,1.0,1,4,1,0,0,0,1,1,0,1,0,0,1,gratuito
6,10000.0,15,1.0,1,3,1,0,0,0,1,1,0,0,0,0,0,alto
10,35000.0,95,0.7263157894736842,1,2,1,0,0,1,1,0,1,0,0,0,0,alto
9,10000.0,49,0.4489795918367347,1,2,1,0,0,0,0,0,0,0,0,0,0,alto
2,0.0,0,0.0,0,0,1,0,0,0,0,0,0,0,0,0,0,gratuito
2,10000.0,10,0.9,7,4,1,0,0,1,1,1,1,0,1,0,0,medio_baixo
1,0.0,0,0.0,0,0,1,0,0,0,0,0,0,0,0,0,0,gratuito
7,10000.0,3,0.6666666666666666,1,4,1,0,0,0,1,1,0,1,0,1,0,alto
6,75000.0,3,0.6666666666666666,4,2,1,0,0,0,0,0,0,0,0,0,1,baixo
1,10000.0,29,0.9655172413793104,1,3,1,1,0,1,1,1,0,0,0,0,0,medio_baixo
4,10000.0,36,0.8055555555555556,1,4,1,1,0,0,1,0,1,1,1,0,0,medio_baixo
7,10000.0,0,0.0,29,3,1,0,0,0,1,0,0,1,0,1,0,baixo
1,10000.0,0,0.0,1,3,1,0,0,0,1,0,1,0,1,0,0,medio_alto
2,10000.0,36,0.9444444444444444,2,2,1,0,0,0,0,0,1,0,1,0,0,alto
9,10000.0,18,1.0,7,3,1,1,1,0,1,1,0,0,0,0,0,medio_baixo
1,10000.0,0,0.0,16,3,1,0,0,0,0,0,1,1,0,0,1,medio_alto
3,0.0,0,0.0,0,0,1,0,0,0,0,0,0,0,0,0,0,gratuito
2,10000.0,15,0.7333333333333333,2,2,1,1,1,1,0,1,0,0,0,0,0,medio_baixo
2,10000.0,82,0.6341463414634146,8,2,1,0,0,0,0,0,0,1,0,0,1,alto
3,150000.0,1931,0.7871569135163128,1,2,1,0,0,0,0,0,0,0,0,0,1,alto
3,10000.0,15,0.8666666666666667,1,2,1,1,0,0,0,1,1,0,0,0,0,gratuito
9,10000.0,86,0.9651162790697675,8,3,1,1,0,0,1,0,1,1,0,0,0,medio_baixo
1,0.0,0,0.0,2,3,1,0,1,0,1,0,1,0,1,0,0,alto
6,75000.0,403,0.684863523573201,5,5,1,0,0,0,1,1,1,1,1,0,0,medio_alto
8,10000.0,29,0.5517241379310345,1,3,1,0,0,0,1,1,0,1,0,0,0,gratuito
3,750000.0,21728,0.8829160530191458,10,6,1,0,0,1,1,0,1,1,1,1,1,alto
17,1500000.0,23787,0.9669147013074368,5,1,1,0,0,0,0,0,1,0,0,0,0,medio_alto
2,10000.0,1,0.0,3,3,1,0,0,0,0,0,0,1,1,0,1,baixo
2,10000.0,49,0.8571428571428571,4,4,1,1,0,0,1,0,0,1,0,1,1,alto
2,75000.0,228,0.7631578947368421,1,2,1,1,0,1,0,0,0,0,0,1,1,medio_alto
3,10000.0,5,0.6,18,3,1,0,0,0,1,1,0,1,0,0,0,baixo
7,35000.0,182,0.7252747252747253,8,2,1,0,0,0,1,1,0,0,0,0,0,alto
7,10000.0,67,0.8656716417910447,5,2,1,1,1,5,1,0,1,0,0,0,0,medio_alto
2,10000.0,4,1.0,1,3,1,0,0,0,1,1,0,1,0,0,0,baixo
1,10000.0,0,0.0,8,3,1,1,0,0,1,0,1,1,0,0,0,alto
9,10000.0,81,0.9753086419753086,13,3,1,1,1,0,1,1,0,1,0,0,0,medio_alto
4,10000.0,4,0.75,1,6,1,0,0,0,1,1,0,0,0,0,1,baixo
14,3500000.0,19288,0.9289195354624638,9,5,1,0,0,4,1,1,1,0,1,1,0,medio_alto
10,350000.0,904,0.6581858407079646,1,4,1,1,1,0,1,0,0,0,0,1,1,alto
1,10000.0,0,0.0,1,2,1,1,1,0,1,1,0,0,0,0,0,alto
12,10000.0,20,0.2,4,3,1,0,1,0,1,1,1,0,0,0,0,alto
10,10000.0,47,0.3617021276595745,5,3,1,0,0,0,1,0,0,1,0,0,0,alto
2,10000.0,21,0.7619047619047619,1,3,1,0,0,0,1,0,0,0,0,0,1,alto
11,350000.0,4364,0.7094408799266728,1,4,1,0,0,0,1,1,1,0,0,0,1,medio_alto
1,10000.0,0,0.0,3,3,1,0,0,0,1,1,1,0,0,0,0,baixo
6,10000.0,36,0.8055555555555556,2,2,1,0,0,1,1,1,0,0,0,0,0,baixo
3,0.0,0,0.0,1,3,1,0,0,0,1,1,0,0,0,1,0,gratuito
2,10000.0,0,0.0,2,2,1,0,0,0,1,0,0,1,0,0,0,baixo
1,0.0,0,0.0,1,3,1,0,0,0,1,1,0,0,1,0,0,medio_baixo
9,10000.0,1,1.0,1,1,1,0,0,0,1,0,0,0,0,0,0,baixo
5,10000.0,1,1.0,1,7,1,0,0,0,1,1,1,1,0,1,1,medio_baixo
4,75000.0,32,0.40625,12,1,1,0,0,0,0,1,0,0,0,0,0,medio_alto
1,0.0,0,0.0,1,1,1,0,1,0,0,0,0,1,0,0,0,medio_alto
2,10000.0,286,0.972027972027972,3,2,1,0,0,0,0,0,1,1,0,0,0,alto
9,10000.0,22,0.7727272727272727,1,1,1,0,0,0,0,1,0,0,0,0,0,gratuito
2,10000.0,0,0.0,6,3,1,0,0,4,1,0,0,1,0,0,1,medio_baixo
3,0.0,0,0.0,0,0,1,0,0,0,0,0,0,0,0,0,0,gratuito
2,10000.0,0,0.0,1,3,1,1,1,0,1,0,1,1,0,0,0,medio_baixo
9,3500000.0,31948,0.9060974082884687,7,3,1,1,1,5,1,0,0,0,0,1,1,medio_alto
9,350000.0,3532,0.734144960362401,7,4,1,0,0,6,0,1,0,0,1,1,1,medio_alto
3,10000.0,4,0.75,1,4,1,0,0,0,1,0,0,0,0,1,1,medio_alto
8,10000.0,10,1.0,2,3,1,0,0,0,1,0,0,1,0,0,0,gratuito
4,35000.0,34,0.8823529411764706,3,4,1,0,0,0,1,1,1,0,1,0,0,baixo
6,10000.0,28,0.8214285714285714,1,3,1,0,0,0,1,0,0,1,0,0,1,baixo
1,10000.0,34,0.8823529411764706,1,4,1,0,0,0,1,0,0,1,1,0,1,medio_alto
6,10000.0,6,1.0,1,2,1,0,0,0,0,0,1,1,0,0,0,medio_alto
1,35000.0,3,0.6666666666666666,2,3,1,0,0,0,1,1,1,0,0,0,0,baixo
1,0.0,0,0.0,0,0,1,0,0,0,0,0,0,0,0,0,0,gratuito
11,750000.0,347,0.6080691642651297,1,1,1,0,1,0,1,0,0,0,0,0,0,baixo
2,10000.0,2,0.0,10,5,1,0,0,0,1,1,1,1,0,1,0,baixo
2,10000.0,1,1.0,1,5,1,0,0,0,1,1,0,1,0,1,1,medio_alto
1,0.0,0,0.0,1,3,1,0,0,1,1,0,0,1,0,0,0,gratuito
4,10000.0,22,0.7727272727272727,2,3,1,0,0,0,1,1,1,0,0,0,0,baixo
3,10000.0,4,1.0,8,3,1,0,0,0,1,0,0,1,0,1,0,baixo
3,0.0,0,0.0,0,0,1,0,0,0,0,0,0,0,0,0,0,gratuito
11,35000.0,271,0.7121771217712177,1,3,1,1,1,4,1,0,0,0,0,1,0,alto
6,10000.0,12,0.75,103,5,1,0,0,0,1,0,1,1,0,1,1,baixo
1,10000.0,3,1.0,1,3,1,0,0,0,1,1,0,1,0,0,0,medio_alto
11,75000.0,130,0.5461538461538461,1,1,1,1,0,0,1,0,0,0,0,0,0,medio_alto
9,10000.0,32,0.6875,3,4,1,0,0,0,1,0,1,1,0,0,1,medio_alto
5,10000.0,11,1.0,7,4,1,0,0,0,1,0,0,1,0,0,0,baixo
3,0.0,0,0.0,20,3,1,0,0,0,1,0,1,0,0,0,1,medio_baixo
6,35000.0,84,0.6785714285714286,2,1,1,0,0,0,0,0,1,0,0,0,0,baixo
2,35000.0,16,0.9375,12,1,1,0,0,0,0,1,0,0,0,0,0,medio_alto
2,0.0,0,0.0,0,0,1,0,0,0,0,0,0,0,0,0,0,gratuito
12,350000.0,2957,0.9357456881974975,1,3,1,0,0,2,1,1,0,0,0,1,0,medio_baixo
14,35000.0,629,0.9236883942766295,1,2,1,0,0,0,1,1,0,0,0,0,0,medio_alto
8,10000.0,40,0.825,7,3,1,0,0,0,1,0,0,1,0,0,1,medio_baixo
4,10000.0,0,0.0,1,2,1,0,0,0,1,0,0,1,0,0,0,alto
5,10000.0,3,1.0,1,3,1,0,0,0,1,1,1,0,0,0,0,baixo
7,350000.0,17,0.7058823529411765,6,1,1,0,0,0,0,1,0,0,0,0,0,baixo
8,10000.0,9,0.8888888888888888,1,3,1,1,0,0,1,1,0,1,0,0,0,medio_baixo
4,0.0,0,0.0,1,4,1,0,1,1,1,1,1,0,0,0,0,gratuito
3,10000.0,19,0.5789473684210527,26,4,1,0,0,0,1,0,0,1,0,1,1,baixo
5,10000.0,0,0.0,3,1,1,0,0,1,0,0,0,0,1,0,0,medio_alto
1,0.0,0,0.0,8,5,1,0,0,0,0,0,0,1,0,0,1,medio_baixo
5,35000.0,239,0.7573221757322176,9,4,1,0,0,0,1,1,1,0,1,0,0,medio_alto
2,0.0,0,0.0,0,0,1,0,0,0,0,0,0,0,0,0,0,gratuito
2,10000.0,1,1.0,1,1,1,0,0,0,0,0,0,1,0,0,0,baixo
1,0.0,0,0.0,1,3,1,0,0,0,1,0,0,1,0,0,0,gratuito
7,10000.0,9,0.4444444444444444,1,4,1,0,0,0,1,0,1,0,0,0,1,medio_baixo
8,75000.0,466,0.8133047210300429,2,2,1,0,0,0,0,1,0,0,1,0,0,medio_alto
5,75000.0,23,0.4782608695652174,1,1,1,0,0,0,0,1,0,0,0,0,0,baixo
3,35000.0,4,1.0,28,3,1,0,0,0,1,0,1,0,0,0,0,medio_alto
10,35000.0,154,0.6298701298701299,1,5,1,1,1,1,1,0,1,1,0,1,1,medio_baixo
3,75000.0,3,0.3333333333333333,2,4,1,0,0,0,1,0,1,1,0,0,0,medio_baixo
10,350000.0,1016,0.6525590551181102,13,2,1,0,0,0,0,1,1,0,0,0,0,medio_baixo
2,10000.0,8,1.0,1,3,1,0,0,0,1,0,1,0,0,0,1,baixo
7,10000.0,40,0.975,1,3,1,1,1,1,1,0,1,1,0,0,0,alto
2,35000.0,231,0.8528138528138528,1,5,1,0,0,0,1,1,0,0,0,1,1,alto
6,35000.0,281,0.8434163701067615,3,3,1,0,0,0,1,1,1,0,0,0,0,baixo
1,0.0,0,0.0,1,4,1,0,0,0,1,0,0,1,0,0,1,gratuito
2,10000.0,0,0.0,30,5,1,0,0,0,1,1,1,1,0,0,1,medio_alto
2,10000.0,3,0.3333333333333333,1,4,1,0,0,0,1,1,0,1,0,0,1,medio_baixo
15,150000.0,363,0.6005509641873278,7,2,1,0,1,2,1,1,0,0,0,0,0,alto
7,75000.0,533,0.8123827392120075,3,2,1,0,0,0,1,0,0,0,1,0,0,medio_alto
10,10000.0,12,0.6666666666666666,1,1,1,0,0,0,0,0,0,0,0,0,0,baixo
6,10000.0,5,1.0,2,2,1,0,0,0,1,0,0,1,0,0,0,baixo
5,35000.0,1730,0.9011560693641618,13,4,1,0,0,1,1,1,1,0,1,0,0,alto
2,10000.0,3,0.6666666666666666,1,3,1,0,0,0,0,1,1,0,0,1,0,alto
6,10000.0,5,0.8,1,2,1,0,0,0,0,1,0,0,0,1,0,baixo
2,0.0,0,0.0,1,2,1,0,0,0,1,0,0,0,0,0,0,gratuito
5,0.0,0,0.0,0,0,1,0,0,0,0,0,0,0,0,0,0,gratuito
2,10000.0,4,1.0,1,3,1,0,0,0,1,1,1,0,0,0,0,baixo
9,10000.0,8,0.5,1,3,1,1,0,0,1,0,1,1,0,0,0,baixo
4,10000.0,12,1.0,2,6,1,1,0,0,1,1,1,1,1,1,0,baixo
6,10000.0,21,0.9523809523809523,8,1,1,0,0,1,1,0,0,0,0,0,0,alto
10,10000.0,18,0.7777777777777778,1,3,1,1,1,0,1,0,1,0,1,0,0,medio_alto
2,0.0,0,0.0,0,0,1,0,0,0,0,0,0,0,0,0,0,gratuito
1,0.0,0,0.0,0,0,1,0,0,0,0,0,0,0,0,0,0,gratuito
2,10000.0,28,0.6071428571428571,1,4,1,0,0,0,0,1,1,0,0,0,1,baixo
1,10000.0,0,0.0,8,3,1,1,1,0,1,0,0,1,0,1,0,medio_baixo
14,150000.0,494,0.868421052631579,5,3,1,0,0,1,1,1,1,0,0,0,0,medio_baixo
1,10000.0,0,0.0,12,2,1,0,0,1,1,0,0,1,0,0,0,baixo
3,0.0,0,0.0,1,1,1,0,0,2,0,0,0,0,0,0,0,gratuito
2,75000.0,2,1.0,1,2,1,0,0,0,1,1,0,0,0,0,0,medio_alto
5,10000.0,6,0.6666666666666666,1,3,1,0,0,0,1,1,1,0,0,0,0,medio_baixo
2,10000.0,0,0.0,11,2,1,0,0,0,1,0,0,1,0,0,0,baixo
7,10000.0,42,0.9761904761904762,1,3,1,1,1,0,1,1,0,1,0,0,0,baixo
1,10000.0,18,0.6111111111111112,4,2,1,0,1,0,1,1,0,0,0,0,0,alto
3,0.0,0,0.0,0,0,1,0,0,0,0,0,0,0,0,0,0,gratuito
2,10000.0,86,0.9302325581395349,1,1,1,0,0,0,0,0,0,0,1,0,0,alto
3,0.0,0,0.0,1,3,1,0,0,3,1,1,1,0,0,0,0,gratuito
8,75000.0,54,0.2962962962962963,1,7,1,0,0,0,1,0,0,1,0,0,0,gratuito
2,10000.0,23,0.9565217391304348,9,2,1,1,1,0,1,0,0,1,0,0,0,baixo
4,10000.0,9,0.7777777777777778,1,1,1,0,0,0,0,0,0,0,1,0,0,alto
1,0.0,0,0.0,2,5,1,0,0,0,1,1,1,1,1,0,0,medio_baixo
6,35000.0,2,1.0,1,2,1,0,0,0,0,1,1,0,0,0,0,medio_alto
2,75000.0,1,0.0,1,4,1,0,0,0,1,1,0,0,0,1,0,medio_alto
4,10000.0,15,0.6666666666666666,1,3,1,0,0,0,1,1,0,0,0,0,0,gratuito
5,10000.0,1,1.0,1,3,1,0,0,0,1,0,0,0,0,1,0,gratuito
3,0.0,0,0.0,0,0,1,0,0,0,0,0,0,0,0,0,0,gratuito
4,350000.0,2788,0.7302725968436155,4,5,1,1,0,1,1,0,1,0,1,1,1,alto
1,10000.0,0,0.0,1,2,1,0,0,0,1,0,0,1,0,0,0,medio_baixo
7,10000.0,179,0.8100558659217877,2,4,1,0,0,0,1,0,0,1,0,1,1,medio_baixo
2,10000.0,0,0.0,1,4,1,0,0,0,1,0,1,1,0,0,0,medio_alto
4,10000.0,560,0.8,15,2,1,0,0,0,0,1,0,1,0,0,0,medio_baixo
10,150000.0,370,0.8243243243243243,1,3,1,0,0,0,0,1,1,0,1,0,0,gratuito
3,10000.0,88,0.8977272727272727,12,3,1,0,0,0,1,1,1,0,0,0,0,medio_baixo
7,10000.0,13,0.46153846153846156,1,5,1,0,0,0,1,1,1,0,1,0,0,alto
5,0.0,0,0.0,0,0,1,0,0,0,0,0,0,0,0,0,0,gratuito
3,10000.0,356,0.36235955056179775,10,2,1,0,0,0,0,1,0,0,1,0,0,alto
9,35000.0,75,0.41333333333333333,2,4,1,0,0,0,1,1,1,1,0,0,0,baixo
6,10000.0,338,0.8136094674556213,1,2,1,0,0,1,1,1,0,0,0,0,0,baixo
5,10000.0,3,0.6666666666666666,1,1,1,0,0,0,0,1,0,0,0,0,0,baixo
7,10000.0,9,0.5555555555555556,1,2,1,0,0,0,0,1,0,0,0,0,1,medio_baixo
3,75000.0,2,1.0,1,1,1,0,0,0,0,1,0,0,0,0,0,medio_baixo
2,10000.0,5,0.4,10,3,1,0,0,0,1,0,1,1,0,0,0,medio_alto
3,10000.0,33,0.9696969696969697,1,1,1,0,0,0,0,0,0,0,0,0,1,alto
16,10000.0,205,0.9853658536585366,7,1,1,0,0,0,0,1,0,0,0,0,0,gratuito
6,35000.0,2,0.5,1,3,1,0,0,0,1,1,0,1,0,0,0,alto
2,10000.0,0,0.0,1,1,1,0,0,0,0,1,0,0,0,0,0,baixo
2,10000.0,0,0.0,2,2,1,0,0,0,1,0,1,0,0,0,0,medio_alto
8,150000.0,665,0.8120300751879699,5,3,1,1,1,0,1,1,1,0,0,0,0,alto
1,10000.0,0,0.0,10,1,1,0,0,0,0,1,0,0,0,0,0,medio_alto
4,10000.0,4,1.0,1,3,1,0,0,0,1,0,1,1,0,0,0,medio_alto
3,0.0,0,0.0,0,0,1,0,0,0,0,0,0,0,0,0,0,gratuito
4,10000.0,18,0.3888888888888889,1,5,1,0,0,0,1,0,1,0,1,1,0,alto
7,35000.0,8,0.25,1,2,1,0,0,0,1,0,0,1,0,0,0,baixo
1,10000.0,0,0.0,2,2,1,0,0,0,1,0,1,0,0,0,0,medio_baixo
8,10000.0,13,0.3076923076923077,2,2,1,0,0,0,1,0,0,1,0,0,0,medio_baixo
1,10000.0,0,0.0,1,2,1,0,0,1,1,0,0,0,1,0,0,medio_alto
6,1500000.0,46417,0.9520649761940668,11,3,1,1,1,2,1,0,1,0,0,0,1,medio_baixo
2,10000.0,4,1.0,1,2,1,1,0,0,1,1,0,0,0,0,0,baixo
6,75000.0,131,0.9847328244274809,1,3,1,0,0,0,1,0,1,0,1,0,0,gratuito
8,10000.0,46,0.41304347826086957,1,4,1,0,0,0,1,1,0,0,0,0,0,gratuito
10,10000.0,126,0.8809523809523809,1,3,1,0,0,0,0,0,0,0,0,0,1,alto
8,10000.0,99,0.7272727272727273,2,1,1,0,0,0,0,1,0,0,0,0,0,medio_baixo
6,10000.0,0,0.0,5,1,1,1,1,0,0,0,0,1,0,0,0,medio_alto
11,10000.0,20,0.8,1,3,1,1,1,0,1,1,0,0,0,0,0,alto
3,0.0,0,0.0,0,0,1,0,0,0,0,0,0,0,0,0,0,gratuito
7,35000.0,56,0.8214285714285714,1,1,1,0,0,0,0,0,0,0,0,1,0,alto
4,10000.0,0,0.0,1,3,1,0,0,0,1,1,0,1,0,0,0,medio_baixo
7,10000.0,4,0.5,1,3,1,0,0,0,1,0,1,0,1,0,0,medio_alto
8,10000.0,0,0.0,1,2,1,0,0,0,1,1,0,0,0,0,0,medio_alto
1,10000.0,0,0.0,1,3,1,0,0,0,1,1,0,0,0,1,0,medio_baixo
7,10000.0,18,0.8333333333333334,1,3,1,0,0,0,1,1,0,1,0,0,0,baixo
2,10000.0,0,0.0,1,1,1,0,0,0,1,0,0,0,0,0,0,medio_alto
2,10000.0,178,0.7134831460674157,14,2,1,0,0,0,0,0,1,0,0,0,1,alto
9,10000.0,1,1.0,1,3,1,0,0,0,1,1,0,0,0,0,0,alto
1,0.0,0,0.0,4,2,1,0,0,0,1,0,0,0,0,0,0,gratuito
1,10000.0,0,0.0,1,2,1,1,1,0,1,0,0,0,0,0,1,alto
2,0.0,0,0.0,103,2,1,0,0,0,0,0,0,1,0,0,0,gratuito
1,350000.0,5975,0.945439330543933,15,4,1,1,1,4,1,0,0,1,0,1,1,alto
2,10000.0,0,0.0,1,3,1,0,0,0,1,0,1,0,1,0,0,baixo
2,10000.0,7,1.0,1,2,1,0,0,0,0,0,0,1,0,0,0,medio_alto
3,750000.0,8,0.75,1,2,1,1,0,0,1,0,1,0,0,0,0,baixo
3,35000.0,101,0.6534653465346535,1,3,1,1,0,0,1,0,0,0,1,1,0,baixo
3,10000.0,11,0.9090909090909091,1,1,1,0,0,0,1,0,0,0,0,0,0,baixo
7,35000.0,121,0.8264462809917356,1,5,1,1,0,0,1,0,0,1,0,1,1,gratuito
7,10000.0,4,1.0,1,3,1,0,0,0,1,0,0,1,0,0,1,medio_alto
1,10000.0,0,0.0,3,2,1,0,0,0,1,1,0,0,0,0,0,medio_alto
1,0.0,0,0.0,1,8,1,0,0,0,1,1,1,1,1,1,1,baixo
2,35000.0,51,1.0,5,4,1,1,1,0,1,1,1,0,0,1,0,medio_alto
2,10000.0,0,0.0,0,3,1,0,0,0,1,0,1,1,0,0,0,baixo
4,10000.0,35,0.9428571428571428,1,3,1,0,0,2,1,0,1,1,0,0,0,alto
2,350000.0,7,0.7142857142857143,1,3,1,0,0,0,1,1,0,0,0,1,0,baixo
1,0.0,0,0.0,1,2,1,0,0,0,0,0,0,1,0,0,0,gratuito
1,10000.0,49,0.7142857142857143,6,4,1,1,0,1,1,1,0,1,0,0,0,medio_alto
2,0.0,0,0.0,3,2,1,0,0,0,0,0,0,1,0,0,0,gratuito
1,0.0,0,0.0,2,4,1,0,0,0,1,1,0,0,0,1,0,gratuito
11,35000.0,356,0.6910112359550562,2,2,1,0,0,0,1,0,0,1,0,0,0,medio_alto
1,10000.0,10,1.0,9,5,1,0,0,0,1,1,1,1,0,1,0,alto
6,10000.0,3,1.0,1,2,1,0,0,1,0,0,0,0,1,1,0,alto
1,35000.0,4,0.25,1,3,1,1,1,0,1,0,1,0,1,0,0,medio_baixo
8,10000.0,5,1.0,1,2,1,0,0,0,0,0,1,1,0,0,0,medio_alto
5,10000.0,5,1.0,2,2,1,0,0,0,1,0,0,1,0,0,0,baixo
2,0.0,0,0.0,2,5,1,0,0,0,1,1,0,1,0,1,0,gratuito
3,0.0,0,0.0,0,0,1,0,0,0,0,0,0,0,0,0,0,gratuito
11,150000.0,395,0.8202531645569621,10,3,1,0,0,1,1,1,1,0,0,0,0,baixo
6,10000.0,2,0.0,2,4,1,0,0,0,1,1,1,0,0,0,0,medio_baixo
7,10000.0,72,0.7638888888888888,4,3,1,0,0,0,1,0,0,1,0,0,1,medio_alto
8,10000.0,40,0.55,1,4,1,0,0,0,0,1,1,0,0,0,0,gratuito
1,10000.0,0,0.0,1,4,1,0,0,0,0,0,1,1,0,1,1,medio_baixo
3,10000.0,1,1.0,1,3,1,0,0,0,1,0,1,0,1,0,0,alto
4,10000.0,6,0.6666666666666666,4,2,1,0,0,0,1,1,0,0,0,0,0,baixo
1,10000.0,0,0.0,1,4,1,0,0,0,1,0,0,1,1,1,0,alto
5,10000.0,5,0.6,1,2,1,0,0,0,1,0,0,1,0,0,0,baixo
9,35000.0,23,0.30434782608695654,1,1,1,0,1,0,0,0,0,0,0,1,0,medio_baixo
7,10000.0,7,0.42857142857142855,1,2,1,1,1,0,1,1,0,0,0,0,0,medio_alto
5,0.0,0,0.0,0,0,1,0,0,0,0,0,0,0,0,0,0,gratuito
8,10000.0,61,0.9344262295081968,1,5,1,0,0,0,1,1,0,1,0,0,0,gratuito
5,10000.0,15,0.7333333333333333,14,3,1,0,0,0,1,1,0,1,0,0,0,baixo
3,10000.0,28,0.8571428571428571,3,3,1,1,1,0,1,0,0,0,0,1,1,medio_baixo
4,0.0,0,0.0,1,2,1,1,1,0,1,0,0,1,0,0,0,gratuito
9,10000.0,19,0.6842105263157895,1,4,1,1,1,0,1,0,1,1,1,0,0,alto
10,75000.0,331,0.5226586102719033,6,3,1,1,1,0,1,0,0,0,0,1,1,alto
12,350000.0,3974,0.6006542526421741,1,4,1,1,1,0,1,0,0,0,1,0,1,gratuito
2,0.0,0,0.0,2,4,1,0,0,0,0,0,0,1,0,1,1,gratuito
2,10000.0,7,0.7142857142857143,9,3,1,0,0,0,1,1,0,0,0,0,0,medio_alto
3,0.0,0,0.0,0,0,1,0,0,0,0,0,0,0,0,0,0,gratuito
5,35000.0,58,0.8275862068965517,1,4,1,0,0,0,1,1,1,1,0,0,0,medio_baixo
4,10000.0,9,0.7777777777777778,1,2,1,0,0,0,0,0,0,1,0,0,0,alto
1,35000.0,6,0.6666666666666666,8,3,1,1,0,0,1,0,1,0,0,1,0,medio_baixo
6,35000.0,41,0.8048780487804879,4,3,1,0,1,0,1,0,0,0,0,1,1,alto
1,10000.0,14,0.9285714285714286,9,3,1,0,0,0,1,0,1,0,0,0,1,medio_baixo
9,10000.0,12,0.6666666666666666,1,2,1,0,0,0,1,1,0,0,0,0,0,medio_baixo
2,10000.0,0,0.0,1,2,1,0,0,0,1,0,0,1,0,0,0,baixo
5,10000.0,98,0.9693877551020408,7,2,1,0,0,0,1,0,1,0,0,0,0,baixo
6,0.0,0,0.0,0,0,1,0,0,0,0,0,0,0,0,0,0,gratuito
11,10000.0,25,0.76,1,2,1,1,1,0,1,0,0,0,0,0,1,medio_baixo
1,10000.0,0,0.0,1,1,1,0,0,0,0,1,0,0,0,0,0,baixo
3,10000.0,21,0.9047619047619048,1,3,1,0,0,0,1,1,1,0,0,0,0,medio_alto
11,750000.0,8202,0.9062423799073397,6,1,1,1,1,1,0,0,1,0,0,0,0,medio_baixo
4,0.0,0,0.0,3,2,1,0,0,0,0,0,1,0,0,0,0,gratuito
1,0.0,0,0.0,0,0,1,0,0,0,0,0,0,0,0,0,0,gratuito
9,10000.0,2,1.0,1,2,1,0,0,0,1,1,0,0,0,0,0,alto
1,35000.0,9,0.8888888888888888,8,1,1,0,0,0,0,1,0,0,0,0,0,medio_alto
4,10000.0,0,0.0,3,4,1,0,0,0,1,0,1,1,0,0,1,alto
4,10000.0,22,0.9090909090909091,1,3,1,0,0,0,1,1,0,0,0,0,0,alto
3,0.0,0,0.0,103,9,1,1,1,0,1,1,1,1,1,1,1,alto
3,10000.0,14,0.9285714285714286,2,1,1,0,0,0,0,0,1,0,0,0,0,alto
9,75000.0,227,0.6828193832599119,2,3,1,0,0,0,1,0,0,0,0,1,0,gratuito
2,0.0,0,0.0,16,4,1,0,0,0,0,0,0,1,0,0,1,gratuito
2,0.0,0,0.0,103,4,1,0,0,0,1,1,0,1,0,0,0,medio_alto
1,10000.0,27,0.9629629629629629,1,2,1,0,0,0,0,1,1,0,0,0,0,medio_alto
1,10000.0,0,0.0,21,6,1,0,0,0,1,1,1,1,1,0,0,medio_baixo
3,10000.0,5,0.6,1,5,1,0,0,0,1,1,1,0,1,0,0,gratuito
4,35000.0,4,0.5,1,1,1,0,0,0,0,1,0,0,0,0,0,alto
7,10000.0,27,0.6666666666666666,1,3,1,0,0,0,1,1,0,1,0,0,0,gratuito
1,10000.0,0,0.0,1,3,1,0,0,2,0,1,1,1,0,0,0,alto
9,75000.0,518,0.6872586872586872,2,4,1,0,0,1,1,1,1,0,1,0,0,medio_baixo
1,0.0,0,0.0,0,0,1,0,0,0,0,0,0,0,0,0,0,gratuito
13,150000.0,854,0.8536299765807962,20,1,1,0,0,0,0,1,0,0,0,0,0,medio_alto
2,10000.0,11,0.8181818181818182,1,3,1,0,0,0,1,0,1,1,0,0,0,medio_baixo
4,10000.0,3,1.0,1,1,1,0,0,0,0,0,0,0,0,0,1,baixo
7,10000.0,128,0.828125,1,2,1,1,0,0,1,0,1,0,0,0,0,alto
1,10000.0,0,0.0,1,2,1,0,0,0,1,1,0,0,0,0,0,baixo
1,10000.0,0,0.0,13,4,1,0,0,1,1,0,0,1,1,0,1,alto
1,10000.0,1,1.0,14,3,1,0,0,0,1,1,0,0,0,0,0,medio_alto
6,10000.0,69,0.4782608695652174,19,4,1,0,0,0,1,1,1,0,1,0,0,medio_baixo
1,10000.0,127,0.9606299212598425,3,2,1,0,1,0,1,1,0,0,0,0,0,baixo
2,10000.0,54,0.9444444444444444,4,1,1,0,0,0,0,0,1,0,0,0,0,alto
4,10000.0,40,0.825,1,3,1,0,0,0,0,0,0,0,1,1,0,alto
7,10000.0,18,0.8333333333333334,1,3,1,0,0,0,1,1,1,0,0,0,0,gratuito
2,0.0,0,0.0,0,0,1,0,0,0,0,0,0,0,0,0,0,gratuito
3,10000.0,13,0.9230769230769231,1,3,1,0,0,0,1,1,1,0,0,0,0,medio_baixo
1,10000.0,1,1.0,1,4,1,0,0,0,1,0,1,0,1,1,0,medio_baixo
2,10000.0,33,0.696969696969697,1,1,1,0,0,0,0,0,0,0,0,1,0,medio_alto
5,10000.0,16,0.625,103,2,1,0,0,0,1,0,1,0,0,0,0,baixo
1,10000.0,0,0.0,27,2,1,1,1,0,1,0,0,0,0,0,1,baixo
1,10000.0,0,0.0,20,3,1,0,0,0,0,1,1,1,0,0,0,baixo
2,350000.0,5232,0.841743119266055,16,3,1,0,0,15,1,1,1,0,0,0,0,alto
1,0.0,0,0.0,14,2,1,0,0,0,1,0,1,0,0,0,0,medio_baixo
2,0.0,0,0.0,0,0,1,0,0,0,0,0,0,0,0,0,0,gratuito
2,0.0,0,0.0,103,3,1,0,0,0,1,0,0,1,0,1,0,baixo
3,0.0,0,0.0,1,3,1,1,1,0,1,1,0,0,0,0,0,gratuito
5,10000.0,72,0.8472222222222222,4,3,1,0,0,1,1,1,0,0,0,0,0,medio_baixo
5,10000.0,4,0.75,1,2,1,1,0,0,0,0,0,1,0,1,0,medio_baixo
9,10000.0,2,1.0,1,2,1,1,1,0,0,0,0,1,0,0,0,medio_baixo
11,350000.0,2240,0.6160714285714286,8,4,1,0,1,1,1,1,1,0,0,0,1,medio_baixo
3,75000.0,25,0.64,1,2,1,0,0,0,1,1,0,0,0,0,0,medio_baixo
9,10000.0,4,0.75,1,5,1,1,1,0,1,1,1,1,0,0,1,medio_baixo
2,10000.0,13,1.0,1,2,1,0,0,0,1,1,0,0,0,0,0,alto
5,10000.0,17,0.35294117647058826,3,2,1,0,0,1,0,1,0,0,1,0,0,medio_alto
2,10000.0,158,0.930379746835443,2,2,1,0,0,0,1,0,0,0,0,1,0,medio_alto
5,10000.0,11,0.9090909090909091,103,2,1,0,0,0,1,0,1,0,0,0,0,baixo
6,10000.0,10,0.7,2,5,1,1,0,0,1,1,1,1,0,0,0,gratuito
3,10000.0,36,0.8055555555555556,25,4,1,0,0,0,1,1,1,1,0,0,0,medio_baixo
4,10000.0,5,0.4,2,3,1,0,0,0,1,1,1,0,0,0,0,medio_alto
5,10000.0,41,0.8048780487804879,6,3,1,0,0,0,0,1,0,1,0,1,0,alto
4,0.0,0,0.0,1,4,1,0,0,0,1,1,1,0,0,0,0,gratuito
2,10000.0,3,0.6666666666666666,3,2,1,0,0,0,1,0,1,0,0,0,0,medio_alto
5,10000.0,22,0.8181818181818182,1,6,1,0,0,0,1,1,1,0,0,1,1,alto
2,75000.0,9,1.0,1,3,1,0,0,0,1,0,0,0,1,1,0,alto
1,0.0,0,0.0,0,0,1,0,0,0,0,0,0,0,0,0,0,gratuito
11,35000.0,83,0.5662650602409639,1,2,1,1,1,0,0,0,1,1,0,0,0,medio_baixo
2,35000.0,1969,0.9949212798374809,14,2,1,0,1,1,0,0,1,1,0,0,0,medio_alto
1,0.0,0,0.0,2,4,1,1,1,0,0,1,1,0,1,0,0,gratuito
7,10000.0,2,0.5,2,2,1,0,0,0,0,1,0,1,0,0,0,alto
9,10000.0,0,0.0,1,3,1,0,0,0,1,0,1,0,0,0,1,medio_alto
4,150000.0,630,0.8666666666666667,6,1,1,0,0,0,0,1,0,0,0,0,0,medio_baixo
3,10000.0,0,0.0,1,5,1,0,0,0,1,1,0,1,0,0,0,medio_baixo
2,10000.0,6,1.0,2,2,1,0,0,0,1,1,0,0,0,0,0,alto
1,10000.0,0,0.0,12,4,1,0,0,1,1,1,1,0,0,0,0,alto
3,0.0,0,0.0,0,0,1,0,0,0,0,0,0,0,0,0,0,gratuito
2,10000.0,2,1.0,1,4,1,0,0,0,0,1,1,0,1,0,0,alto
1,10000.0,471,0.8556263269639066,5,4,1,0,0,9,1,1,0,1,0,0,0,alto
9,35000.0,70,0.6857142857142857,11,4,1,0,0,0,1,1,0,0,0,0,0,baixo
2,10000.0,85,0.9176470588235294,4,3,1,0,0,1,0,0,0,0,1,1,0,alto
4,10000.0,203,0.812807881773399,2,2,1,0,0,2,0,1,0,0,1,0,0,alto
6,10000.0,25,0.76,1,3,1,0,0,0,1,0,1,1,0,0,0,baixo
1,10000.0,0,0.0,5,1,1,0,0,1,0,1,0,0,0,0,0,medio_alto
1,10000.0,0,0.0,1,3,1,1,1,0,1,0,1,0,1,0,0,alto
2,0.0,0,0.0,1,3,1,0,0,0,0,0,1,0,1,0,0,gratuito
10,75000.0,46,0.8913043478260869,1,2,1,1,1,0,0,0,0,0,1,1,0,medio_baixo
4,35000.0,6,1.0,1,3,1,1,1,0,1,0,1,1,0,0,0,medio_alto
2,0.0,0,0.0,0,0,1,0,0,0,0,0,0,0,0,0,0,gratuito
1,0.0,0,0.0,4,5,1,0,0,0,1,0,0,1,0,0,0,alto
7,10000.0,27,1.0,1,3,1,0,0,0,1,0,1,1,0,0,0,baixo
1,0.0,0,0.0,1,1,1,0,0,0,0,0,0,0,1,0,0,alto
2,10000.0,18,0.8888888888888888,1,2,1,0,0,0,1,0,0,0,0,1,0,medio_alto
4,35000.0,41,0.4146341463414634,1,5,1,0,0,0,1,1,1,0,0,0,1,gratuito
2,10000.0,19,1.0,1,4,1,0,0,0,1,0,0,1,0,0,1,alto
3,10000.0,22,0.9090909090909091,1,4,1,0,0,0,1,0,0,1,1,0,1,gratuito
9,150000.0,2467,0.9359546007296311,103,2,1,0,0,1,1,0,0,1,0,0,0,baixo
1,10000.0,0,0.0,9,3,1,0,0,0,1,0,1,0,0,0,1,baixo
4,10000.0,23,1.0,1,2,1,0,0,0,1,0,0,0,1,0,0,medio_alto
5,10000.0,20,0.8,1,1,1,1,0,0,1,0,0,0,0,0,0,baixo
1,0.0,0,0.0,103,2,1,1,1,2,1,0,1,0,0,0,0,medio_alto
9,75000.0,212,0.8490566037735849,1,3,1,1,0,0,0,0,1,1,0,0,1,alto
10,350000.0,4569,0.8483256730137886,10,2,1,1,0,5,0,0,0,0,0,1,1,medio_alto
1,0.0,0,0.0,0,0,1,0,0,0,0,0,0,0,0,0,0,gratuito
14,75000.0,162,0.32098765432098764,2,2,1,1,0,0,1,0,0,0,0,1,0,medio_baixo
6,10000.0,33,0.7575757575757576,1,1,1,1,0,1,1,0,0,0,0,0,0,medio_alto
9,10000.0,2,0.5,1,2,1,0,0,0,0,1,0,0,0,0,0,medio_baixo
7,10000.0,0,0.0,1,3,1,1,0,0,1,0,0,0,1,1,0,alto
9,10000.0,23,0.5652173913043478,1,3,1,0,0,0,1,0,0,0,1,0,0,gratuito
5,10000.0,4,0.25,1,3,1,0,0,0,1,1,0,0,0,0,0,alto
6,35000.0,36,0.5833333333333334,1,3,1,0,0,0,0,0,0,1,0,0,0,gratuito
6,150000.0,1170,0.9085470085470085,2,2,1,1,0,0,1,0,0,0,1,0,0,medio_alto
5,0.0,0,0.0,0,0,1,0,0,0,0,0,0,0,0,0,0,gratuito
5,10000.0,59,0.6610169491525424,2,2,1,0,0,1,0,0,0,1,1,0,0,baixo
4,10000.0,17,1.0,2,3,1,0,1,1,1,1,0,1,0,0,0,medio_alto
2,10000.0,3,1.0,1,2,1,0,0,0,1,1,0,0,0,0,0,baixo
9,10000.0,10,1.0,1,3,1,0,0,0,1,1,1,0,0,0,0,baixo
3,10000.0,108,0.9722222222222222,5,3,1,0,0,0,1,0,0,1,0,0,0,medio_alto
6,10000.0,5,0.4,1,2,1,0,0,0,1,1,0,0,0,0,0,medio_baixo
11,10000.0,91,0.8791208791208791,1,3,1,1,0,0,1,0,0,1,0,1,0,medio_baixo
3,10000.0,16,0.625,2,2,1,0,0,0,1,0,1,0,0,0,0,medio_baixo
1,10000.0,4,0.75,1,3,1,0,0,0,1,0,1,0,1,0,0,alto
5,10000.0,1,0.0,29,1,1,0,0,0,0,0,0,0,0,0,1,medio_baixo
1,75000.0,234,0.8333333333333334,4,2,1,0,0,0,0,0,1,0,1,0,0,medio_alto
4,75000.0,539,0.8200371057513914,10,3,1,0,0,0,1,0,0,0,0,1,1,baixo
5,0.0,0,0.0,1,2,1,0,0,0,0,0,0,0,0,0,1,gratuito
8,10000.0,1,1.0,1,1,1,1,0,0,1,0,0,0,0,0,0,baixo
8,10000.0,71,0.647887323943662,2,2,1,0,0,1,1,0,0,0,1,0,0,medio_baixo
2,35000.0,6,1.0,7,2,1,0,0,0,1,0,0,1,0,0,0,baixo
2,0.0,0,0.0,0,0,1,0,0,0,0,0,0,0,0,0,0,gratuito
4,10000.0,110,0.8454545454545455,3,3,1,0,0,2,1,0,0,0,1,0,1,alto
3,150000.0,7,0.8571428571428571,4,4,1,0,0,0,1,0,1,1,1,0,0,medio_alto
1,10000.0,0,0.0,1,3,1,0,0,0,1,1,1,0,0,0,0,baixo
4,0.0,0,0.0,1,4,1,0,0,0,1,1,0,0,0,0,1,gratuito
11,35000.0,793,0.8991172761664565,2,2,1,1,1,0,1,0,0,0,1,0,0,medio_baixo
3,10000.0,2,1.0,1,4,1,1,0,0,1,1,1,1,0,0,0,medio_baixo
5,10000.0,7,0.7142857142857143,4,1,1,0,0,0,0,0,0,1,0,0,0,medio_alto
7,10000.0,0,0.0,5,4,1,1,0,0,1,0,1,1,1,0,0,medio_baixo
1,10000.0,1,1.0,1,2,1,0,0,0,1,1,0,0,0,0,0,medio_baixo
8,150000.0,982,0.4215885947046843,1,3,1,0,0,0,1,1,0,0,0,1,0,gratuito
9,10000.0,13,0.8461538461538461,3,4,1,0,0,0,0,1,1,0,0,0,1,alto
1,10000.0,0,0.0,1,3,1,1,1,0,0,0,1,1,0,0,1,medio_alto
2,10000.0,10,0.9,13,2,1,0,1,0,1,1,0,0,0,0,0,medio_alto
10,350000.0,1763,0.6999432785025524,1,4,1,0,0,0,1,1,1,0,0,0,0,gratuito
3,10000.0,5,0.6,1,3,1,0,0,0,1,0,1,1,0,0,0,baixo
7,10000.0,92,0.9456521739130435,1,3,1,0,0,0,1,0,1,0,0,0,0,gratuito
3,10000.0,112,0.6785714285714286,3,1,1,0,1,1,0,0,0,0,1,0,0,medio_alto
6,10000.0,0,0.0,5,2,1,0,0,0,1,0,0,1,0,0,0,medio_baixo
1,10000.0,16,0.6875,1,2,1,0,0,0,0,1,1,0,0,0,0,alto
1,10000.0,189,0.8783068783068783,9,4,1,0,0,1,1,0,1,1,0,1,0,medio_baixo
6,75000.0,1113,0.4636118598382749,1,5,1,0,0,0,1,1,1,0,1,0,1,medio_alto
2,0.0,0,0.0,0,0,1,0,0,0,0,0,0,0,0,0,0,gratuito
1,0.0,0,0.0,1,2,1,1,0,0,0,0,0,0,1,0,0,gratuito
3,10000.0,10,0.3,3,6,1,0,0,0,1,0,1,1,1,0,1,medio_baixo
1,10000.0,0,0.0,3,1,1,0,0,0,0,0,1,0,0,0,0,alto
2,10000.0,26,0.8076923076923077,1,3,1,0,0,0,1,1,0,1,0,0,0,medio_baixo
4,0.0,0,0.0,1,6,1,0,0,0,1,1,1,1,0,0,0,gratuito
6,10000.0,46,0.8043478260869565,1,3,1,0,0,0,1,1,1,0,0,0,0,gratuito
8,75000.0,268,0.8507462686567164,1,3,1,0,0,0,0,1,1,0,0,0,1,alto
5,0.0,0,0.0,1,2,1,0,0,0,1,0,0,0,0,0,0,gratuito
1,0.0,0,0.0,1,4,1,0,0,0,1,1,0,0,0,0,0,medio_alto
2,10000.0,0,0.0,3,5,1,0,0,0,1,0,1,1,1,0,0,gratuito
9,10000.0,48,0.625,1,2,1,1,1,1,0,0,1,0,0,0,1,medio_alto
3,35000.0,131,0.9618320610687023,9,3,1,0,0,1,1,0,1,1,0,0,0,medio_alto
2,10000.0,0,0.0,1,5,1,0,0,0,1,1,1,0,0,1,0,alto
3,0.0,0,0.0,1,2,1,1,1,0,1,0,0,0,0,0,1,gratuito
1,10000.0,0,0.0,1,3,1,0,0,0,0,0,0,1,0,0,0,gratuito
2,10000.0,33,0.9090909090909091,11,5,1,0,0,0,1,1,0,1,1,0,0,medio_alto
5,10000.0,2,1.0,2,2,1,0,0,0,0,0,0,1,0,1,0,alto
4,10000.0,43,0.6976744186046512,1,3,1,1,0,1,1,0,0,1,0,0,0,gratuito
2,10000.0,0,0.0,32,1,1,0,1,0,0,0,1,0,0,0,0,medio_baixo
4,10000.0,188,0.8723404255319149,1,4,1,0,0,0,1,1,1,1,0,0,0,medio_alto
1,0.0,0,0.0,4,1,1,0,0,0,0,1,0,0,0,0,0,medio_alto
4,10000.0,16,0.9375,1,3,1,0,0,0,1,0,1,1,0,0,0,medio_baixo
7,10000.0,78,0.9102564102564102,1,4,1,0,0,0,1,0,0,0,0,1,0,gratuito
4,10000.0,49,0.8775510204081632,1,3,1,0,0,0,1,1,0,1,0,0,0,medio_alto
2,10000.0,0,0.0,9,2,1,0,0,0,1,0,0,0,0,0,1,medio_alto
1,0.0,0,0.0,1,4,1,0,0,0,1,1,0,1,0,0,0,gratuito
12,10000.0,49,0.2857142857142857,1,5,1,0,0,0,1,1,1,1,0,0,0,alto
1,0.0,0,0.0,1,1,1,0,1,0,0,0,0,0,0,0,1,alto
7,150000.0,2748,0.7751091703056768,11,1,1,0,0,0,0,0,1,0,0,0,0,medio_alto
9,10000.0,90,0.9333333333333333,2,2,1,0,1,1,1,0,0,1,0,0,0,medio_baixo
5,0.0,0,0.0,0,0,1,0,0,0,0,0,0,0,0,0,0,gratuito
2,0.0,0,0.0,0,0,1,0,0,0,0,0,0,0,0,0,0,gratuito
5,0.0,0,0.0,1,2,1,0,0,0,0,1,0,0,0,0,0,gratuito
3,0.0,0,0.0,0,0,1,0,0,0,0,0,0,0,0,0,0,gratuito
2,35000.0,4,1.0,18,2,1,0,0,0,1,0,0,1,0,0,0,alto
5,10000.0,12,0.25,1,3,1,0,0,0,0,0,0,1,0,0,1,baixo
7,10000.0,1,1.0,1,2,1,0,0,0,1,0,0,1,0,0,0,medio_alto
3,10000.0,0,0.0,2,7,1,0,0,0,1,1,1,1,1,0,1,medio_alto
2,10000.0,0,0.0,8,2,1,0,0,0,1,0,0,1,0,0,0,medio_alto
11,150000.0,119,0.2184873949579832,9,1,1,0,0,0,0,0,0,0,0,0,1,alto
9,10000.0,137,0.8248175182481752,1,2,1,1,0,1,1,0,0,0,1,0,0,baixo
4,350000.0,1209,0.6658395368072787,1,4,1,0,0,0,0,1,1,0,1,0,0,gratuito
17,75000.0,156,0.782051282051282,1,2,1,1,1,0,1,0,0,0,0,1,0,alto
6,10000.0,185,0.9621621621621622,15,3,1,0,0,1,1,1,1,0,0,0,0,medio_alto
3,10000.0,5,1.0,1,4,1,0,0,0,1,0,1,0,0,1,0,medio_alto
5,10000.0,9,0.4444444444444444,2,1,1,0,0,0,0,0,0,1,0,0,0,alto
2,0.0,0,0.0,103,9,1,1,1,0,1,1,1,1,1,1,1,alto
3,0.0,0,0.0,0,0,1,0,0,0,0,0,0,0,0,0,0,gratuito
2,35000.0,1,0.0,2,2,1,0,0,0,1,0,0,1,0,0,0,medio_baixo
2,10000.0,0,0.0,1,3,1,0,0,0,1,0,1,1,0,0,0,medio_baixo
2,10000.0,3,0.0,1,5,1,1,1,0,1,1,0,1,0,0,0,medio_alto
11,35000.0,86,0.5348837209302325,2,2,1,0,0,0,0,0,1,1,0,0,0,alto
2,35000.0,474,0.31645569620253167,1,3,1,0,0,0,0,1,0,0,0,0,1,medio_alto
7,10000.0,29,0.7241379310344828,8,4,1,1,0,0,1,0,1,1,1,0,0,medio_alto
9,10000.0,27,0.7407407407407407,1,2,1,1,1,0,1,1,0,0,0,0,0,gratuito
7,10000.0,16,0.75,1,4,1,1,0,0,1,0,0,1,0,1,0,gratuito
5,10000.0,34,0.9117647058823529,2,3,1,0,0,0,1,1,1,0,0,0,0,baixo
1,0.0,0,0.0,103,2,1,1,1,1,1,0,0,1,0,0,0,medio_baixo
8,10000.0,15,0.8,1,1,1,0,0,0,1,0,0,0,0,0,0,gratuito
1,10000.0,9,0.8888888888888888,5,1,1,0,0,0,0,1,0,0,0,0,0,medio_alto
3,35000.0,428,0.9766355140186916,1,4,1,1,1,1,1,1,1,1,0,0,0,alto
1,10000.0,0,0.0,6,1,1,1,1,0,0,0,0,1,0,0,0,alto
5,0.0,0,0.0,5,3,1,0,0,0,0,1,0,1,0,0,0,gratuito
8,10000.0,4,1.0,5,2,1,1,0,0,1,0,0,0,0,1,0,medio_baixo
4,10000.0,34,0.6470588235294118,3,3,1,0,0,1,1,1,1,0,0,0,0,medio_alto
1,0.0,0,0.0,1,3,1,0,0,0,1,0,0,0,0,0,1,alto
7,10000.0,43,0.3023255813953488,2,2,1,0,0,0,1,1,0,0,0,0,0,baixo
4,10000.0,14,0.7142857142857143,1,3,1,1,0,0,1,1,0,1,0,0,0,medio_baixo
5,10000.0,9,0.6666666666666666,1,2,1,0,1,0,1,0,0,1,0,0,0,alto
2,0.0,0,0.0,0,0,1,0,0,0,0,0,0,0,0,0,0,gratuito
9,10000.0,13,0.46153846153846156,1,5,1,0,0,0,1,1,1,0,0,0,1,medio_baixo
10,10000.0,113,0.9026548672566371,1,1,1,0,0,0,0,0,0,0,1,0,0,medio_alto
11,10000.0,15,0.8,1,2,1,0,0,0,1,0,0,0,0,0,0,gratuito
2,0.0,0,0.0,1,2,1,0,0,2,0,1,0,0,0,0,0,gratuito
2,150000.0,1085,0.9142857142857143,10,3,1,1,0,0,1,0,0,1,0,0,1,medio_baixo
6,10000.0,80,0.8375,2,2,1,0,0,0,1,1,0,0,0,0,0,baixo
2,0.0,0,0.0,1,3,1,0,0,0,1,0,0,0,1,0,0,gratuito
7,10000.0,0,0.0,15,3,1,1,1,0,1,0,0,1,0,0,0,medio_alto
3,10000.0,33,0.6666666666666666,3,3,1,0,0,0,1,1,0,0,0,0,1,baixo
6,1500000.0,23603,0.6992331483286023,9,4,1,0,0,0,0,1,1,0,0,0,1,medio_baixo
4,10000.0,30,0.8,3,2,1,1,1,0,0,0,0,0,1,1,0,alto
6,75000.0,991,0.7901109989909183,6,3,1,0,0,0,0,1,1,0,1,0,0,alto
4,10000.0,0,0.0,4,4,1,0,0,0,1,0,1,1,1,0,0,medio_alto
2,150000.0,4603,0.6308928959374321,15,1,1,0,0,0,0,0,1,0,0,0,0,alto
6,150000.0,945,0.8973544973544973,3,2,1,0,0,1,1,0,0,0,1,0,0,alto
1,0.0,0,0.0,1,1,1,1,0,0,0,0,0,0,0,0,0,gratuito
10,150000.0,1166,0.5840480274442539,13,2,1,0,0,0,0,1,1,0,0,0,0,medio_baixo
8,10000.0,93,0.7956989247311828,1,5,1,1,0,0,1,1,0,1,0,0,1,medio_baixo
2,10000.0,0,0.0,1,1,1,0,0,0,0,0,0,0,0,0,0,baixo
11,10000.0,2,0.5,1,1,1,0,0,0,0,0,0,0,0,0,0,alto
1,10000.0,0,0.0,1,3,1,1,1,0,1,0,1,0,0,0,1,medio_alto
2,10000.0,0,0.0,1,5,1,0,0,0,1,0,1,1,0,1,1,medio_alto
2,10000.0,70,0.8285714285714286,7,4,1,0,0,0,0,0,0,1,1,1,1,alto
4,0.0,0,0.0,1,3,1,0,0,0,1,1,0,0,0,0,0,gratuito
9,10000.0,30,0.7333333333333333,15,4,1,1,1,2,1,1,0,0,1,1,0,medio_baixo
6,75000.0,6,1.0,4,2,1,0,0,0,0,0,0,0,0,0,1,baixo
2,0.0,0,0.0,0,0,1,0,0,0,0,0,0,0,0,0,0,gratuito
1,10000.0,0,0.0,3,3,1,0,0,0,1,0,0,1,0,0,1,medio_alto
9,10000.0,23,0.6086956521739131,3,5,1,0,0,0,1,1,1,0,1,0,0,alto
3,10000.0,133,0.9323308270676691,1,1,1,0,0,2,0,0,1,0,0,0,0,medio_alto
5,350000.0,2027,0.8771583621114948,3,1,1,0,0,1,0,0,0,1,0,0,0,medio_baixo
2,10000.0,1,0.0,10,2,1,0,0,0,0,0,1,0,0,0,0,alto
1,0.0,0,0.0,1,3,1,0,0,0,1,1,0,0,0,0,0,gratuito
1,10000.0,1,1.0,1,2,1,0,0,0,1,1,0,0,0,0,0,medio_baixo
2,0.0,0,0.0,1,3,1,0,0,0,1,0,0,1,0,0,0,gratuito
8,10000.0,69,0.8840579710144928,1,4,1,0,0,0,1,1,1,1,0,0,0,alto
4,75000.0,876,0.9680365296803652,2,5,1,0,0,0,1,1,1,0,1,0,0,alto
8,75000.0,37,0.7837837837837838,5,2,1,0,0,0,1,0,0,0,0,1,0,medio_baixo
5,10000.0,1,0.0,1,2,1,0,0,0,0,1,0,1,0,0,0,baixo
1,10000.0,0,0.0,1,4,1,1,1,1,1,0,1,0,1,0,1,alto
4,10000.0,184,0.7989130434782609,8,3,1,0,0,0,1,1,1,0,0,0,0,medio_baixo
11,350000.0,1870,0.9245989304812834,1,1,1,1,0,0,1,0,0,0,0,0,0,baixo
3,10000.0,11,0.6363636363636364,9,1,1,1,1,0,0,1,0,0,0,0,0,medio_baixo
9,10000.0,157,0.9299363057324841,2,3,1,0,0,0,1,1,1,0,0,0,0,medio_alto
4,10000.0,7,1.0,2,4,1,0,0,0,1,1,0,1,0,0,0,medio_baixo
5,10000.0,21,0.5714285714285714,2,4,1,0,0,0,1,1,1,0,0,0,1,baixo
17,75000.0,183,0.8961748633879781,1,2,1,0,0,0,0,0,1,0,1,0,0,medio_alto
4,10000.0,10,0.8,2,3,1,0,0,0,0,1,1,0,1,0,0,medio_baixo
1,10000.0,0,0.0,6,3,1,1,1,0,1,0,1,0,1,0,0,medio_alto
3,10000.0,122,0.9098360655737705,3,3,1,0,0,1,1,0,1,1,0,0,0,medio_alto
2,10000.0,3,1.0,1,4,1,0,0,0,1,1,0,1,1,0,0,medio_alto
18,350000.0,2699,0.9662838088180807,1,1,1,1,0,0,0,0,0,1,0,0,0,baixo
4,10000.0,15,0.9333333333333333,1,3,1,0,0,0,1,0,0,1,0,1,0,baixo
8,35000.0,2,1.0,1,1,1,1,0,0,0,0,0,1,0,0,0,medio_baixo
2,0.0,0,0.0,8,4,1,1,1,0,1,0,0,1,0,1,0,gratuito
4,10000.0,10,0.6,2,2,1,0,0,0,0,0,0,1,0,1,0,baixo
7,10000.0,16,0.6875,1,5,1,0,0,0,1,0,0,1,0,1,1,alto
8,10000.0,7,0.8571428571428571,1,4,1,0,0,0,1,1,0,1,0,1,0,gratuito
3,10000.0,1,0.0,1,2,1,1,1,0,0,0,0,0,0,1,0,baixo
3,10000.0,0,0.0,1,2,1,0,0,0,1,0,0,1,0,0,0,medio_baixo
6,750000.0,17915,0.9275467485347474,12,2,1,1,1,2,1,1,0,0,0,0,0,alto
6,10000.0,35,0.5714285714285714,1,4,1,0,0,0,1,0,1,1,0,1,0,gratuito
6,10000.0,1,1.0,1,4,1,0,0,0,1,0,0,1,0,0,0,alto
12,10000.0,152,0.8026315789473685,9,2,1,0,0,0,0,1,1,0,0,0,0,medio_alto
6,150000.0,274,0.6788321167883211,2,8,1,0,0,0,1,1,0,1,0,0,1,gratuito
8,10000.0,35,0.4857142857142857,1,4,1,0,0,0,1,0,0,0,0,1,1,medio_alto
4,10000.0,7,0.8571428571428571,1,2,1,0,0,0,0,0,1,1,0,0,0,baixo
1,0.0,0,0.0,3,5,1,0,0,0,1,1,1,1,0,0,0,medio_baixo
9,10000.0,1,0.0,1,2,1,0,0,0,1,0,0,1,0,0,0,medio_baixo
1,10000.0,0,0.0,1,2,1,0,0,0,1,0,1,0,0,0,0,alto
1,10000.0,0,0.0,1,4,1,1,0,1,1,1,0,1,0,0,0,gratuito
5,10000.0,37,0.972972972972973,12,1,1,1,1,0,0,1,0,0,0,0,0,medio_alto
8,10000.0,3,1.0,1,2,1,1,1,0,1,0,0,1,0,0,0,baixo
5,10000.0,91,0.8461538461538461,4,3,1,0,0,0,1,0,0,1,0,0,1,alto
6,10000.0,4,0.5,29,1,1,0,0,0,0,1,0,0,0,0,0,medio_alto
4,75000.0,144,0.9236111111111112,1,2,1,0,0,0,0,1,0,1,0,0,0,medio_baixo
6,10000.0,19,0.8421052631578947,2,4,1,0,0,0,1,0,1,0,1,0,1,medio_baixo
2,10000.0,6,0.8333333333333334,1,2,1,0,0,0,1,0,0,1,0,0,0,medio_alto
5,10000.0,21,0.42857142857142855,1,2,1,1,1,1,1,0,0,1,0,0,0,baixo
3,1500000.0,36019,0.8044920736278075,12,1,1,0,0,2,0,0,0,0,0,0,1,medio_baixo
2,10000.0,99,0.7171717171717171,2,1,1,1,1,0,0,0,0,0,0,1,0,alto
2,0.0,0,0.0,7,2,1,0,0,1,1,0,0,1,0,0,0,gratuito
1,0.0,0,0.0,1,6,1,0,0,0,1,0,1,1,1,1,0,gratuito
9,1500000.0,113496,0.857307746528512,14,3,1,0,0,6,0,1,1,0,1,0,0,medio_alto
4,10000.0,57,0.3508771929824561,26,5,1,0,0,0,1,1,1,1,0,1,0,medio_alto
7,35000.0,77,0.7272727272727273,1,3,1,0,0,0,1,1,0,1,0,0,0,baixo
9,10000.0,3,1.0,1,3,1,0,1,0,1,1,0,1,0,0,0,baixo
9,10000.0,10,0.7,1,3,1,0,0,0,0,1,0,0,0,0,0,alto
2,10000.0,3,0.6666666666666666,1,3,1,0,0,0,1,0,1,1,0,0,0,medio_alto
3,10000.0,1,0.0,1,1,1,0,0,0,0,0,0,1,0,0,0,medio_alto
2,10000.0,36,0.8333333333333334,1,2,1,0,0,0,0,0,1,1,0,0,0,baixo
9,10000.0,5,0.6,1,2,1,0,0,0,1,1,0,0,0,0,0,baixo
1,0.0,0,0.0,1,5,1,0,0,0,1,1,1,0,1,0,0,gratuito
3,10000.0,9,0.2222222222222222,5,4,1,0,0,0,1,1,0,1,0,0,0,medio_alto
5,10000.0,27,0.9629629629629629,1,1,1,0,0,0,1,0,0,0,0,0,0,medio_alto
2,75000.0,113,0.8230088495575221,8,3,1,0,0,0,0,0,0,1,1,1,0,medio_baixo
7,10000.0,155,0.864516129032258,1,1,1,0,0,0,1,0,0,0,0,0,0,gratuito
12,35000.0,95,0.5578947368421052,1,2,1,1,0,1,1,1,0,0,0,0,0,alto
2,0.0,0,0.0,103,5,1,0,0,0,1,1,1,1,0,0,1,alto
5,10000.0,13,0.7692307692307693,1,1,1,0,0,0,0,1,0,0,0,0,0,medio_baixo
8,10000.0,28,0.9642857142857143,2,2,1,0,0,0,1,0,1,0,0,0,0,alto
3,0.0,0,0.0,0,0,1,0,0,0,0,0,0,0,0,0,0,gratuito
1,0.0,0,0.0,1,3,1,0,0,0,1,1,1,0,0,0,0,medio_baixo
9,10000.0,2,0.5,1,1,0,1,0,0,0,0,0,0,0,0,0,alto
7,10000.0,6,0.16666666666666666,1,3,1,0,0,0,1,1,1,0,0,0,0,baixo
1,10000.0,0,0.0,7,2,1,0,0,0,1,0,1,0,0,0,0,medio_baixo
4,10000.0,154,0.9090909090909091,1,3,1,1,1,0,1,0,0,1,1,0,0,alto
12,35000.0,260,0.7846153846153846,2,3,1,1,1,1,1,0,1,1,0,0,0,medio_baixo
7,10000.0,14,0.6428571428571429,10,6,1,0,0,0,1,1,1,1,0,0,1,medio_alto
10,150000.0,539,0.7680890538033395,4,3,1,0,0,0,1,0,0,0,1,1,0,medio_alto
3,0.0,0,0.0,103,4,1,0,0,0,1,0,1,1,0,1,0,alto
1,0.0,0,0.0,1,4,1,0,0,0,0,1,1,0,0,1,1,medio_alto
2,0.0,0,0.0,103,2,1,0,0,0,0,0,0,0,0,0,1,gratuito
4,35000.0,15,0.6,2,2,1,0,0,1,1,0,0,0,0,0,1,medio_alto
2,0.0,0,0.0,0,0,1,0,0,0,0,0,0,0,0,0,0,gratuito
4,10000.0,26,0.6923076923076923,1,3,1,0,0,0,1,1,1,0,0,0,0,medio_baixo
4,0.0,0,0.0,0,0,1,0,0,0,0,0,0,0,0,0,0,gratuito
1,0.0,0,0.0,1,2,1,0,0,0,0,0,0,1,0,1,0,baixo
3,0.0,0,0.0,3,1,1,1,0,1,0,0,1,0,0,0,0,gratuito
5,75000.0,917,0.8320610687022901,5,2,1,1,1,0,0,1,0,0,1,0,0,alto
3,10000.0,4,1.0,1,3,1,1,1,0,1,0,1,1,0,0,0,baixo
5,10000.0,9,0.8888888888888888,6,3,1,0,0,0,1,1,0,1,0,0,0,baixo
4,35000.0,1,1.0,1,2,1,0,0,0,0,0,0,1,0,1,0,baixo
3,0.0,0,0.0,0,0,1,0,0,0,0,0,0,0,0,0,0,gratuito
2,0.0,0,0.0,0,0,1,0,0,0,0,0,0,0,0,0,0,gratuito
1,10000.0,0,0.0,1,3,1,0,0,0,1,0,0,1,0,0,1,medio_baixo
2,10000.0,0,0.0,12,2,1,0,0,0,0,0,0,1,0,1,0,medio_baixo
2,0.0,0,0.0,1,5,1,0,0,0,1,0,0,1,0,1,1,gratuito
5,0.0,0,0.0,6,3,1,0,0,0,0,0,0,0,1,0,0,gratuito
4,10000.0,21,0.7142857142857143,1,4,1,0,0,0,1,0,1,1,0,0,1,baixo
4,10000.0,16,1.0,1,1,1,0,0,0,0,0,0,1,0,0,0,medio_baixo
4,10000.0,2,0.0,1,2,1,0,0,0,0,0,0,0,0,1,1,baixo
2,10000.0,0,0.0,2,5,1,0,0,0,1,0,0,1,0,0,1,medio_baixo
3,10000.0,46,0.8260869565217391,3,2,1,0,0,0,0,1,1,0,0,0,0,alto
2,10000.0,3,1.0,1,2,1,0,0,0,1,0,0,0,1,0,0,medio_alto
9,10000.0,86,0.8255813953488372,9,2,1,1,1,2,1,1,0,0,0,0,0,baixo
5,10000.0,129,0.9302325581395349,1,2,1,0,0,1,0,0,0,1,0,0,1,medio_baixo
2,10000.0,17,1.0,1,1,1,0,0,0,0,0,1,0,0,0,0,medio_alto
1,0.0,0,0.0,1,2,1,0,1,0,1,0,0,0,0,0,1,medio_alto
15,350000.0,1237,0.6459175424413904,7,1,1,0,0,1,0,0,0,0,0,1,0,baixo
1,0.0,0,0.0,1,4,1,0,0,0,1,0,0,1,0,0,0,medio_alto
2,10000.0,0,0.0,1,3,1,1,1,6,1,0,0,1,0,0,0,gratuito
3,10000.0,85,0.8,1,3,1,1,0,0,1,0,0,0,0,0,1,medio_baixo
9,150000.0,125,0.608,1,4,1,0,1,8,1,1,1,0,1,0,0,baixo
2,10000.0,4,0.5,1,7,1,0,0,0,1,1,1,1,0,1,1,medio_alto
1,0.0,0,0.0,0,0,1,0,0,0,0,0,0,0,0,0,0,gratuito
8,10000.0,121,0.743801652892562,1,1,1,1,1,1,0,0,0,0,1,0,0,medio_alto
1,0.0,0,0.0,1,1,1,0,0,0,0,1,0,0,0,0,0,medio_baixo
1,0.0,0,0.0,1,3,1,1,0,0,1,0,0,1,0,1,0,medio_alto
4,10000.0,6,1.0,1,2,1,0,0,0,1,1,0,0,0,0,0,medio_alto
3,10000.0,0,0.0,1,2,1,0,0,0,1,0,0,1,0,0,0,baixo
1,0.0,0,0.0,103,1,1,0,0,0,0,0,0,1,0,0,0,medio_baixo
9,10000.0,46,0.8260869565217391,1,1,1,0,0,0,0,0,1,0,0,0,0,gratuito
1,10000.0,0,0.0,14,6,1,0,0,1,1,1,1,0,1,0,1,alto
1,35000.0,14,0.9285714285714286,2,6,1,0,0,0,1,0,1,1,1,1,1,medio_alto
3,10000.0,0,0.0,1,2,1,0,0,0,1,0,0,0,0,0,1,medio_baixo
5,10000.0,0,0.0,2,1,1,0,0,0,0,1,0,0,0,0,0,alto
6,35000.0,15,0.8,1,4,1,0,0,0,1,1,1,1,0,0,0,medio_baixo
2,10000.0,133,0.849624060150376,1,3,1,1,1,1,1,0,0,1,0,1,0,medio_baixo
5,10000.0,12,0.6666666666666666,1,3,1,0,0,0,1,0,1,1,0,0,0,baixo
7,10000.0,18,1.0,2,2,1,0,0,0,1,0,0,1,0,0,0,medio_alto
2,10000.0,0,0.0,2,3,1,0,0,0,1,1,0,0,0,1,0,alto
4,350000.0,4,1.0,1,1,1,0,0,0,1,0,0,0,0,0,0,baixo
5,10000.0,6,1.0,1,2,1,1,1,0,1,1,0,0,0,0,0,baixo
5,10000.0,7,0.8571428571428571,4,5,1,0,0,0,1,0,0,1,1,0,1,medio_baixo
1,10000.0,0,0.0,14,3,1,1,1,0,1,0,0,1,0,1,0,alto
6,10000.0,26,0.5769230769230769,6,3,1,1,1,0,1,0,0,1,0,0,1,baixo
12,10000.0,29,0.6206896551724138,1,2,1,1,0,1,0,0,0,0,0,0,0,alto
8,150000.0,1101,0.9073569482288828,9,3,1,0,0,0,1,0,1,0,0,0,0,alto
6,10000.0,39,0.4358974358974359,1,2,1,0,0,0,1,0,0,0,0,0,1,medio_alto
2,10000.0,0,0.0,1,3,1,1,1,1,1,1,0,0,0,0,0,baixo
15,750000.0,8481,0.9469402193137602,6,2,1,0,0,0,0,1,1,0,0,0,0,medio_alto
17,150000.0,635,0.7086614173228346,1,1,1,0,0,0,0,0,0,0,0,1,0,baixo
4,10000.0,9,0.7777777777777778,2,2,1,0,0,0,1,0,0,1,0,0,0,medio_baixo
3,0.0,0,0.0,29,3,1,0,0,0,0,0,1,1,0,0,1,medio_baixo
2,0.0,0,0.0,0,0,1,0,0,0,0,0,0,0,0,0,0,gratuito
2,0.0,0,0.0,0,0,1,0,0,0,0,0,0,0,0,0,0,gratuito
8,10000.0,7,0.2857142857142857,2,3,1,0,0,1,1,0,0,1,0,1,0,baixo
1,10000.0,12,0.6666666666666666,1,4,1,0,0,0,1,0,1,0,0,1,0,alto
12,35000.0,134,0.7164179104477612,1,1,1,0,0,0,0,0,0,0,0,1,0,medio_baixo
3,0.0,0,0.0,0,0,1,0,0,0,0,0,0,0,0,0,0,gratuito
12,350000.0,1233,0.8467153284671532,3,1,1,0,0,0,0,0,0,0,0,1,0,medio_alto
9,35000.0,90,0.8222222222222222,1,4,1,0,0,0,1,0,0,0,1,0,0,gratuito
2,10000.0,1,0.0,1,1,1,0,0,0,0,0,0,1,0,0,0,baixo
5,10000.0,1,1.0,1,2,1,0,0,0,1,0,0,1,0,0,0,baixo
1,10000.0,135,0.8518518518518519,7,5,1,0,0,0,1,1,0,1,1,0,0,medio_alto
6,10000.0,142,0.9225352112676056,1,2,1,0,0,0,0,0,0,1,0,0,1,alto
4,75000.0,493,0.8235294117647058,1,2,1,0,0,0,1,1,0,0,0,0,0,alto
1,10000.0,6,1.0,1,3,1,0,0,0,1,1,1,0,0,0,0,alto
3,10000.0,10,0.7,2,2,1,0,0,0,1,1,0,0,0,0,0,medio_alto
5,10000.0,0,0.0,1,2,1,0,0,0,1,0,0,1,0,0,0,alto
3,0.0,0,0.0,1,4,1,0,0,0,1,1,0,1,0,0,0,gratuito
1,10000.0,0,0.0,1,1,1,1,1,0,0,0,0,1,0,0,0,medio_alto
2,10000.0,0,0.0,1,2,1,0,0,3,0,0,0,1,1,0,0,medio_alto
3,10000.0,0,0.0,1,2,1,1,1,0,1,0,1,0,0,0,0,alto
1,10000.0,0,0.0,15,3,1,0,0,1,0,0,0,1,0,0,0,medio_baixo
2,750000.0,29019,0.9580274992246459,17,3,1,0,1,3,1,1,0,0,1,0,0,medio_alto
12,35000.0,501,0.8622754491017964,1,2,1,0,0,0,1,0,1,0,0,0,0,medio_baixo
1,0.0,0,0.0,1,3,1,0,0,0,1,1,0,0,0,0,0,gratuito
12,150000.0,281,0.5373665480427047,4,3,1,0,0,0,1,1,0,0,1,0,0,gratuito
2,0.0,0,0.0,102,3,1,0,0,0,1,1,1,0,0,0,0,baixo
1,0.0,0,0.0,0,0,1,0,0,0,0,0,0,0,0,0,0,gratuito
17,350000.0,3283,0.9174535485836125,2,3,1,0,0,0,1,1,0,0,1,0,0,baixo
6,10000.0,1,1.0,1,2,1,0,0,0,1,0,0,1,0,0,0,medio_alto
5,10000.0,356,0.7556179775280899,3,1,1,0,0,1,0,0,0,0,1,0,0,alto
1,10000.0,0,0.0,1,4,1,0,1,0,1,0,1,1,0,1,0,alto
9,75000.0,265,0.7245283018867924,1,5,1,0,0,6,1,1,1,1,0,1,0,baixo
7,10000.0,0,0.0,1,3,1,0,0,1,1,1,0,1,0,0,0,baixo
5,10000.0,10,1.0,1,1,1,0,0,0,0,0,0,1,0,0,0,medio_alto
1,10000.0,1,1.0,1,6,1,0,0,0,1,0,1,1,1,1,0,gratuito
8,10000.0,12,0.8333333333333334,1,2,1,0,0,0,1,0,0,1,0,0,0,baixo
5,10000.0,3,0.6666666666666666,1,4,1,0,1,0,1,1,0,1,0,0,1,medio_baixo
9,10000.0,148,0.9054054054054054,2,1,1,0,0,0,0,0,1,0,0,0,0,alto
4,350000.0,2260,0.8911504424778761,4,2,1,0,0,0,0,1,0,0,0,1,0,alto
2,10000.0,1,1.0,2,3,1,0,0,1,1,1,0,0,0,0,0,baixo
8,10000.0,27,0.5555555555555556,2,3,1,0,0,0,1,0,0,1,0,0,1,medio_baixo
8,150000.0,2841,0.8898275255191834,9,4,1,1,0,1,1,1,1,0,1,0,0,medio_alto
3,10000.0,0,0.0,5,3,1,1,0,0,0,1,0,0,0,1,1,gratuito
5,10000.0,59,0.8135593220338984,1,3,1,0,0,0,0,1,0,0,0,0,1,baixo
3,10000.0,156,0.7564102564102564,11,2,1,1,1,1,1,0,1,0,0,0,0,baixo
5,10000.0,21,0.7619047619047619,1,2,1,1,0,0,1,0,1,0,0,0,0,baixo
6,10000.0,0,0.0,1,5,1,0,0,0,1,1,0,1,0,1,0,gratuito
1,10000.0,0,0.0,1,3,1,0,0,0,1,1,1,0,0,0,0,medio_alto
6,10000.0,13,0.6153846153846154,1,5,1,0,0,0,1,0,0,1,0,1,1,baixo
3,35000.0,19,0.8947368421052632,2,2,1,0,0,1,0,0,1,0,1,0,0,alto
7,35000.0,44,0.5,2,2,1,0,0,0,0,1,0,0,0,0,1,baixo
6,10000.0,20,0.8,1,8,1,0,0,0,1,1,1,1,1,0,1,gratuito
1,0.0,0,0.0,1,5,1,0,0,0,1,1,0,1,0,1,0,medio_alto
5,10000.0,0,0.0,1,3,1,1,0,0,1,0,0,1,0,0,0,alto
1,10000.0,0,0.0,4,5,1,1,0,0,1,0,1,1,0,0,1,medio_alto
2,10000.0,0,0.0,1,1,1,0,0,0,0,1,0,0,0,0,0,medio_baixo
5,10000.0,16,0.1875,1,2,1,0,0,0,1,0,0,1,0,0,0,baixo
2,10000.0,0,0.0,1,1,1,0,0,0,0,0,1,0,0,0,0,baixo
3,0.0,0,0.0,103,1,1,1,0,0,1,0,0,0,0,0,0,medio_baixo
7,10000.0,59,0.8813559322033898,1,2,1,0,0,0,1,0,1,0,0,0,0,medio_alto
1,0.0,0,0.0,0,0,1,0,0,0,0,0,0,0,0,0,0,gratuito
3,10000.0,9,0.8888888888888888,1,2,1,0,0,0,1,0,1,0,0,0,0,medio_alto
2,10000.0,6,1.0,3,3,1,0,0,0,1,1,1,0,0,0,0,medio_baixo
1,10000.0,0,0.0,10,4,1,0,0,0,1,1,1,1,0,0,0,medio_alto
8,1500000.0,19153,0.7905811100088759,11,2,1,0,0,5,0,1,0,0,1,0,0,medio_alto
10,10000.0,9,0.7777777777777778,4,4,1,0,0,0,1,1,0,1,0,0,1,medio_baixo
12,350000.0,1803,0.8219633943427621,10,2,1,1,1,1,1,0,1,0,0,0,0,medio_baixo
2,10000.0,0,0.0,9,1,1,0,0,0,0,0,0,0,0,0,1,alto
8,10000.0,72,0.9583333333333334,1,2,1,1,1,0,1,0,1,0,0,0,0,medio_baixo
6,10000.0,181,0.9447513812154696,1,3,1,1,0,1,1,0,0,0,1,1,0,medio_alto
2,10000.0,77,0.961038961038961,1,3,1,0,0,0,1,1,0,0,0,0,0,alto
5,10000.0,1,1.0,1,4,1,1,0,0,1,1,1,1,0,0,0,medio_alto
3,10000.0,0,0.0,3,3,1,0,0,0,1,0,1,0,1,0,0,alto
15,350000.0,1955,0.7411764705882353,1,1,1,0,0,11,0,0,0,0,0,0,1,medio_baixo
6,75000.0,13,0.8461538461538461,1,2,1,0,0,0,0,1,0,0,1,0,0,gratuito
5,10000.0,15,0.8666666666666667,1,4,1,0,0,0,1,1,1,0,0,0,0,gratuito
3,10000.0,40,0.45,26,4,1,0,0,0,1,1,0,0,0,0,1,baixo
6,3500000.0,38679,0.7379456552651309,14,4,1,0,0,1,1,0,0,1,0,1,0,gratuito
3,10000.0,12,0.3333333333333333,1,1,1,0,0,0,0,0,0,0,0,0,1,baixo
5,35000.0,16,0.625,1,3,1,0,0,0,1,0,0,1,0,0,0,baixo
10,10000.0,13,0.7692307692307693,2,3,1,0,0,0,1,0,1,0,1,0,0,baixo
7,10000.0,21,0.6190476190476191,4,3,1,0,0,0,1,1,0,0,0,0,0,alto
1,10000.0,0,0.0,1,3,1,0,0,1,0,1,1,1,0,0,0,baixo
9,35000.0,350,0.8857142857142857,14,4,1,0,0,0,1,1,1,1,0,0,0,medio_alto
6,10000.0,4,1.0,2,1,1,0,0,0,0,1,0,0,0,0,0,medio_baixo
5,10000.0,111,0.5045045045045045,1,1,1,0,0,0,0,0,0,0,0,0,1,baixo
3,10000.0,2,0.5,1,1,1,0,0,0,0,0,1,0,0,0,0,medio_baixo
4,10000.0,6,0.5,1,2,1,1,1,0,1,1,0,0,0,0,0,medio_baixo
4,10000.0,10,1.0,5,2,1,0,0,0,1,1,0,0,0,0,0,medio_baixo
9,10000.0,18,0.6111111111111112,1,3,1,0,0,0,0,0,0,1,0,0,0,baixo
2,10000.0,1,1.0,1,4,1,0,0,0,1,0,1,0,1,1,0,medio_baixo
3,10000.0,17,0.6470588235294118,2,1,1,0,0,0,0,0,1,0,0,0,0,medio_baixo
7,10000.0,17,0.5294117647058824,29,2,1,1,0,0,1,0,1,0,0,0,0,medio_alto
3,10000.0,23,0.6956521739130435,5,1,1,0,0,0,0,0,0,0,0,0,0,medio_baixo
1,10000.0,0,0.0,1,2,1,0,0,0,0,1,1,0,0,0,0,medio_baixo
10,10000.0,13,0.5384615384615384,1,3,1,1,1,0,1,0,0,1,0,0,1,alto
2,10000.0,4,0.75,1,3,1,1,0,0,1,0,0,0,0,1,1,medio_baixo
10,35000.0,22,0.7272727272727273,1,2,1,1,1,0,1,1,0,0,0,0,0,medio_baixo
5,35000.0,431,0.8932714617169374,13,2,1,0,0,0,0,1,0,0,0,0,1,alto
4,10000.0,47,0.723404255319149,8,3,1,0,0,0,1,0,0,1,0,1,0,gratuito
3,10000.0,2,1.0,1,2,1,0,0,0,1,0,0,1,0,0,0,medio_alto
1,10000.0,11,1.0,2,2,1,0,0,0,0,0,0,0,0,0,1,alto
2,75000.0,13,1.0,1,2,1,0,0,0,0,0,1,0,0,1,0,baixo
6,75000.0,41,0.7073170731707317,2,5,1,0,0,0,1,1,1,1,1,0,0,medio_baixo
8,10000.0,0,0.0,3,5,1,0,0,0,1,1,1,0,1,0,0,alto
12,1500000.0,9573,0.7371774783244542,3,6,1,0,0,0,0,1,1,1,1,0,0,gratuito
1,10000.0,8,1.0,1,2,1,0,0,0,1,0,0,1,0,0,0,alto
5,10000.0,139,0.8273381294964028,10,1,1,1,1,0,0,1,0,0,0,0,0,medio_baixo
6,75000.0,5,0.8,1,2,1,1,1,0,0,1,1,0,0,0,0,baixo
1,10000.0,0,0.0,1,4,1,1,1,0,1,0,0,1,0,0,1,medio_alto
2,0.0,0,0.0,29,1,1,0,0,0,0,0,0,0,0,0,1,gratuito
1,10000.0,4,0.75,2,5,1,0,0,0,1,1,1,1,0,0,1,baixo
2,10000.0,0,0.0,1,2,1,0,0,0,0,0,0,1,0,0,0,baixo
1,35000.0,451,0.811529933481153,11,3,1,0,0,0,0,1,0,1,0,0,1,alto
2,0.0,0,0.0,10,3,1,0,0,6,0,1,0,0,0,0,0,gratuito
4,10000.0,19,1.0,1,5,1,0,1,0,1,1,0,0,0,0,1,baixo
7,10000.0,12,0.75,1,3,1,0,0,0,1,0,0,1,0,0,1,medio_alto
2,10000.0,1,1.0,1,1,1,0,0,0,0,0,0,1,0,0,0,medio_baixo
1,10000.0,0,0.0,11,2,1,0,0,0,0,0,0,0,0,1,1,alto
2,10000.0,31,0.9032258064516129,2,2,1,0,0,0,1,1,0,0,0,0,0,gratuito
2,10000.0,29,0.8620689655172413,1,4,1,0,0,0,1,0,1,1,0,0,1,medio_baixo
5,35000.0,18,0.7222222222222222,2,4,1,1,0,0,1,0,0,1,0,1,1,medio_alto
7,10000.0,29,0.896551724137931,2,4,1,0,0,0,1,0,1,1,1,0,0,medio_alto
4,0.0,0,0.0,5,2,1,0,0,0,1,1,0,0,0,0,0,gratuito
5,35000.0,37,0.9459459459459459,9,3,1,0,0,0,1,0,0,1,0,1,0,baixo
1,0.0,0,0.0,12,6,1,0,0,0,0,1,1,1,1,0,1,gratuito
6,35000.0,1,1.0,1,6,1,0,0,0,1,1,1,0,0,1,0,alto
2,10000.0,0,0.0,5,1,1,1,1,0,0,0,0,1,0,0,0,alto
1,10000.0,2,1.0,1,2,1,0,0,0,0,0,0,1,0,1,0,baixo
7,10000.0,0,0.0,1,2,1,0,0,2,1,0,0,1,0,0,0,baixo
13,35000.0,370,0.7648648648648648,6,1,1,0,0,0,0,0,0,0,0,0,0,baixo
3,0.0,0,0.0,1,7,1,0,0,0,1,1,1,1,0,1,0,gratuito
5,10000.0,0,0.0,1,3,1,1,0,0,1,0,0,1,0,0,1,baixo
2,350000.0,3947,0.8624271598682544,1,3,1,0,0,0,1,1,0,0,0,0,0,gratuito
2,0.0,0,0.0,0,0,1,0,0,0,0,0,0,0,0,0,0,gratuito
1,0.0,0,0.0,0,0,1,0,0,0,0,0,0,0,0,0,0,gratuito
1,10000.0,11,1.0,22,1,1,0,0,0,0,0,1,0,0,0,0,medio_alto
5,35000.0,143,0.8181818181818182,3,4,1,0,0,0,1,1,1,0,1,0,0,medio_alto
5,0.0,0,0.0,0,0,1,0,0,0,0,0,0,0,0,0,0,gratuito
1,0.0,0,0.0,0,0,1,0,0,0,0,0,0,0,0,0,0,gratuito
2,35000.0,146,0.9383561643835616,3,2,1,0,0,0,1,0,1,0,0,0,0,medio_alto
2,10000.0,1,0.0,28,3,1,1,1,0,0,0,1,1,0,0,0,alto
4,10000.0,122,0.6065573770491803,10,2,1,0,0,0,1,1,0,0,0,0,0,medio_baixo
1,10000.0,0,0.0,1,3,1,0,1,0,0,0,0,0,0,0,1,alto
6,10000.0,0,0.0,4,2,1,0,0,0,1,0,0,1,0,0,0,medio_baixo
1,35000.0,0,0.0,12,3,1,0,0,0,1,1,1,0,0,0,0,alto
4,35000.0,596,0.8909395973154363,8,3,1,0,0,0,1,1,0,0,0,0,1,alto
7,10000.0,6,0.8333333333333334,4,2,1,0,0,0,1,1,0,0,0,0,0,medio_alto
6,35000.0,99,0.7878787878787878,1,3,1,1,0,0,1,0,0,0,1,0,0,gratuito
6,35000.0,26,0.8076923076923077,1,3,1,0,0,0,0,0,0,0,0,0,0,gratuito
12,350000.0,3002,0.9253830779480346,5,3,1,1,1,0,1,1,0,0,1,0,0,medio_alto
1,0.0,0,0.0,0,0,1,0,0,0,0,0,0,0,0,0,0,gratuito
4,10000.0,3,0.3333333333333333,4,2,1,0,0,0,0,0,1,1,0,0,0,alto
1,10000.0,10,1.0,8,3,1,0,0,0,1,0,0,1,0,1,0,medio_baixo
6,10000.0,0,0.0,29,1,1,1,0,2,0,0,1,0,0,0,0,baixo
5,35000.0,5,1.0,30,2,1,0,0,0,1,1,0,0,0,0,0,baixo
8,10000.0,38,0.4473684210526316,1,3,1,0,0,0,1,0,1,1,0,0,0,baixo
5,10000.0,1,1.0,1,4,1,0,0,0,1,1,0,1,0,0,0,medio_baixo
3,10000.0,19,0.7894736842105263,7,3,1,0,0,0,1,1,0,1,0,0,0,medio_baixo
5,35000.0,125,0.688,15,3,1,0,0,0,1,1,1,0,0,0,0,medio_baixo
9,1500000.0,18741,0.94173203137506,2,1,1,1,1,3,0,0,1,0,0,0,0,alto
2,35000.0,7,0.5714285714285714,1,1,1,0,0,0,0,0,0,0,0,0,0,medio_baixo
2,10000.0,2,0.5,2,3,1,0,0,0,1,0,1,0,0,0,1,medio_alto
3,35000.0,7,1.0,13,4,1,0,1,0,1,1,0,1,0,0,0,baixo
6,10000.0,0,0.0,1,2,1,0,0,0,1,0,0,1,0,0,0,baixo
9,10000.0,198,0.8484848484848485,2,3,1,0,0,0,1,0,1,1,0,0,0,baixo
1,10000.0,213,0.8591549295774648,14,3,1,0,0,3,1,1,1,0,0,0,0,alto
8,10000.0,19,0.9473684210526315,1,1,1,0,0,0,0,0,0,0,1,0,0,gratuito
3,0.0,0,0.0,1,3,1,0,0,0,1,0,1,0,0,0,0,gratuito
5,10000.0,3,0.3333333333333333,1,3,1,0,0,0,1,1,0,0,0,0,0,baixo
12,10000.0,2,1.0,1,0,1,0,0,0,0,0,0,0,0,0,0,gratuito
5,0.0,0,0.0,0,0,1,0,0,0,0,0,0,0,0,0,0,gratuito
2,10000.0,5,0.4,1,2,1,0,0,0,1,0,0,0,0,1,0,medio_alto
1,10000.0,0,0.0,1,3,1,1,1,0,1,0,1,1,0,0,0,medio_alto
6,10000.0,48,0.6041666666666666,1,1,1,1,0,8,0,0,0,0,0,0,1,medio_baixo
2,10000.0,9,0.8888888888888888,9,1,1,0,1,1,0,0,0,0,1,0,0,alto
2,150000.0,701,0.8787446504992867,1,0,1,0,0,0,0,0,0,0,0,0,0,gratuito
5,10000.0,62,0.8387096774193549,29,4,1,1,0,0,1,1,1,1,0,0,0,baixo
1,0.0,0,0.0,1,2,1,1,1,0,0,0,0,1,0,0,0,gratuito
6,10000.0,326,0.48773006134969327,12,3,1,0,0,0,1,0,0,1,0,0,1,baixo
2,10000.0,5,0.8,2,3,1,0,0,0,1,0,0,0,0,1,0,gratuito
2,0.0,0,0.0,1,5,1,0,1,0,0,0,1,1,0,1,1,gratuito
13,75000.0,317,0.7917981072555205,9,2,1,0,0,0,1,1,0,0,0,0,0,medio_baixo
2,0.0,0,0.0,4,5,1,0,0,1,1,0,1,1,0,0,1,gratuito
2,35000.0,4,0.75,1,1,1,0,0,0,1,0,0,0,0,0,0,baixo
4,0.0,0,0.0,13,5,1,0,0,0,1,1,0,1,0,0,0,gratuito
6,350000.0,2269,0.7884530630233583,13,4,1,0,0,3,1,1,0,1,0,0,1,medio_baixo
10,10000.0,16,0.5,4,1,1,1,0,0,0,0,0,0,0,1,0,alto
13,150000.0,535,0.8467289719626169,5,3,1,1,1,0,1,1,0,0,0,0,0,alto
5,0.0,0,0.0,0,0,1,0,0,0,0,0,0,0,0,0,0,gratuito
3,10000.0,5,0.8,1,5,1,0,0,0,1,1,1,1,0,0,1,baixo
3,10000.0,0,0.0,1,3,1,0,0,0,1,1,0,0,0,1,0,medio_alto
5,10000.0,528,0.8428030303030303,5,2,1,0,0,1,0,0,0,0,0,1,1,alto
8,10000.0,125,0.696,5,5,1,0,0,0,1,1,1,1,1,0,0,baixo
4,0.0,0,0.0,0,0,1,0,0,0,0,0,0,0,0,0,0,gratuito
1,0.0,0,0.0,1,4,1,0,0,0,1,0,0,0,0,0,1,gratuito
3,10000.0,0,0.0,1,4,1,0,0,1,1,0,0,1,1,0,1,medio_alto
1,0.0,0,0.0,1,5,1,0,0,0,1,1,1,0,1,0,0,gratuito
3,10000.0,6,0.8333333333333334,1,5,1,0,0,0,0,0,0,1,0,0,0,gratuito
3,10000.0,2,0.5,1,3,1,0,0,0,1,0,0,0,0,0,1,medio_alto
5,10000.0,9,0.1111111111111111,2,4,1,0,0,0,1,1,1,1,0,0,0,baixo
1,0.0,0,0.0,0,0,1,0,0,0,0,0,0,0,0,0,0,gratuito
2,10000.0,4,0.75,4,2,1,0,0,1,0,0,1,1,0,0,0,medio_alto
7,10000.0,6,0.3333333333333333,1,3,1,0,1,0,1,0,0,0,0,1,1,medio_alto
5,10000.0,0,0.0,1,6,1,0,0,0,1,1,1,1,1,0,1,baixo
3,10000.0,0,0.0,2,2,1,1,0,0,1,1,0,0,0,0,0,medio_alto
2,35000.0,839,0.8295589988081049,11,1,1,0,0,1,0,1,0,0,0,0,0,alto
5,150000.0,3,0.3333333333333333,1,3,1,0,0,0,1,1,0,0,0,0,0,alto
2,0.0,0,0.0,5,3,1,0,0,1,1,0,0,0,0,0,1,gratuito
9,10000.0,15,0.8666666666666667,1,2,1,0,0,0,0,0,1,1,0,0,0,medio_alto
12,35000.0,305,0.7868852459016393,1,1,1,0,0,0,0,1,0,0,0,0,0,alto
2,10000.0,1,1.0,1,1,1,0,0,0,0,0,0,1,0,0,0,medio_baixo
4,10000.0,20,0.75,5,2,1,0,0,0,0,0,1,1,0,0,0,alto
1,0.0,0,0.0,0,0,1,0,0,0,0,0,0,0,0,0,0,gratuito
2,0.0,0,0.0,0,0,1,0,0,0,0,0,0,0,0,0,0,gratuito
6,10000.0,57,0.8421052631578947,2,3,1,0,0,0,1,0,1,1,0,0,0,medio_baixo
9,35000.0,1004,0.9173306772908366,2,1,1,0,0,0,0,0,1,0,0,0,0,medio_alto
6,10000.0,33,0.7272727272727273,1,4,1,0,0,0,1,1,1,1,0,0,0,alto
3,10000.0,0,0.0,1,1,1,0,0,0,1,0,0,0,0,0,0,medio_baixo
9,10000.0,42,0.7619047619047619,3,3,1,0,0,0,1,1,1,0,0,0,0,baixo
9,75000.0,189,0.7407407407407407,6,2,1,0,0,1,1,0,1,0,0,0,0,medio_alto
2,10000.0,45,0.9111111111111111,2,2,1,0,0,0,0,1,0,1,0,0,0,baixo
1,0.0,0,0.0,1,4,1,0,0,0,1,0,1,1,1,0,0,medio_baixo
2,35000.0,21,0.9523809523809523,2,3,1,0,0,0,1,0,0,1,0,0,0,gratuito
11,350000.0,1542,0.8041504539559015,6,1,1,0,0,0,0,1,0,0,0,0,0,baixo
1,10000.0,0,0.0,1,1,1,0,0,1,0,0,0,1,0,0,0,alto
5,350000.0,7249,0.7853497034073665,14,1,1,0,0,67,0,0,0,0,0,0,0,medio_alto
1,10000.0,0,0.0,1,3,1,0,0,0,1,0,0,1,0,0,0,baixo
4,10000.0,4,0.5,4,1,1,0,0,0,0,0,0,1,0,0,0,baixo
2,10000.0,0,0.0,3,5,1,1,1,0,1,0,1,1,1,0,0,medio_alto
5,10000.0,13,0.9230769230769231,1,2,1,0,1,0,1,1,0,0,0,0,0,medio_alto
3,10000.0,24,0.5,1,7,1,0,0,0,0,1,1,1,1,1,1,baixo
1,10000.0,2,0.5,14,3,1,0,0,0,1,0,0,0,0,1,0,medio_baixo
1,0.0,0,0.0,1,3,1,0,0,0,0,0,0,0,0,0,1,baixo
1,0.0,0,0.0,1,3,1,0,0,0,1,1,0,0,0,0,0,medio_baixo
3,10000.0,0,0.0,1,2,1,0,0,0,0,0,0,0,1,0,0,alto
3,10000.0,122,0.8114754098360656,3,4,1,0,0,1,1,0,1,0,1,1,0,alto
1,10000.0,0,0.0,9,3,1,0,0,0,1,1,0,0,0,0,0,medio_alto
1,10000.0,0,0.0,1,3,1,0,0,0,1,1,1,0,0,0,0,baixo
3,10000.0,0,0.0,1,1,1,0,0,0,0,0,0,1,0,0,0,medio_baixo
2,10000.0,0,0.0,1,2,1,0,0,0,0,0,0,1,0,1,0,alto
1,10000.0,127,0.984251968503937,1,1,1,1,0,0,0,0,0,0,1,0,0,medio_alto
1,0.0,0,0.0,0,0,1,0,0,0,0,0,0,0,0,0,0,gratuito
7,10000.0,3,1.0,1,2,1,1,1,0,1,1,0,0,0,0,0,medio_baixo
5,10000.0,3,0.3333333333333333,1,3,1,0,0,0,1,1,1,0,0,0,0,baixo
5,10000.0,18,0.9444444444444444,1,4,1,0,0,0,1,0,0,1,1,0,1,baixo
3,75000.0,465,0.8365591397849462,1,1,1,0,0,0,1,0,0,0,0,0,0,medio_alto
4,10000.0,4,0.75,1,4,1,0,0,0,1,0,0,1,0,1,1,alto
2,10000.0,0,0.0,1,2,1,1,1,0,1,0,0,1,0,0,0,baixo
1,10000.0,2,1.0,11,3,1,0,0,0,1,1,1,0,0,0,0,medio_alto
1,0.0,0,0.0,0,0,1,0,0,0,0,0,0,0,0,0,0,gratuito
3,10000.0,18,0.8333333333333334,1,2,1,0,0,0,1,0,0,1,0,0,0,medio_baixo
3,10000.0,28,0.75,5,4,1,0,0,0,1,1,1,0,1,0,0,medio_alto
2,10000.0,32,0.6875,10,3,1,0,0,0,1,1,0,0,0,0,0,medio_baixo
7,10000.0,22,0.45454545454545453,2,2,1,0,0,0,0,0,0,0,0,0,0,medio_alto
4,10000.0,0,0.0,1,2,1,0,0,0,0,1,0,1,0,0,0,medio_baixo
4,0.0,0,0.0,1,4,1,0,0,0,1,1,1,0,0,0,0,gratuito
1,0.0,0,0.0,2,2,1,0,0,0,1,0,0,0,0,0,1,medio_baixo
7,10000.0,2,1.0,1,3,1,1,0,0,1,0,0,0,0,1,1,alto
6,10000.0,28,0.8214285714285714,29,4,1,0,0,0,1,1,1,1,0,0,0,baixo
8,10000.0,30,0.4666666666666667,1,1,1,0,0,0,1,0,0,0,0,0,0,alto
9,150000.0,131,0.4961832061068702,27,2,1,0,0,0,1,1,0,0,0,0,0,baixo
1,0.0,0,0.0,1,4,1,0,0,0,1,0,0,0,1,1,0,medio_alto
1,10000.0,7,0.8571428571428571,12,2,1,1,1,0,0,0,0,1,0,1,0,baixo
4,10000.0,9,1.0,1,1,1,0,0,0,0,0,0,1,0,0,0,baixo
2,35000.0,20,1.0,11,2,1,0,0,0,1,0,1,0,0,0,0,medio_alto
4,350000.0,4027,0.8495157685622051,11,5,1,0,0,0,1,0,1,1,1,0,1,alto
6,350000.0,1486,0.8539703903095559,2,1,1,0,0,0,0,1,0,0,0,0,0,medio_alto
2,35000.0,51,0.8235294117647058,2,2,1,0,0,2,1,0,0,0,1,0,0,medio_alto
5,10000.0,7,1.0,1,2,1,0,0,1,1,1,0,0,0,0,0,medio_alto
3,10000.0,73,0.8767123287671232,3,2,1,0,0,0,1,0,0,0,1,0,0,medio_alto
4,0.0,0,0.0,1,4,1,0,0,0,1,1,1,0,0,0,0,gratuito
16,1500000.0,7388,0.6350839198700595,7,1,1,0,0,0,0,1,0,0,0,0,0,alto
1,10000.0,0,0.0,27,3,1,0,0,0,1,0,0,0,1,0,1,baixo
5,10000.0,2,1.0,2,1,1,0,0,0,0,0,0,0,0,0,1,medio_baixo
5,10000.0,15,0.6,1,2,1,0,0,0,1,0,0,1,0,0,0,baixo
10,10000.0,4,0.75,1,2,1,0,0,0,1,0,1,0,0,0,0,medio_baixo
1,0.0,0,0.0,1,3,1,0,0,2,1,1,0,0,0,0,0,gratuito
2,10000.0,106,0.9150943396226415,3,1,1,1,1,1,1,0,0,0,0,0,0,medio_alto
2,10000.0,19,0.8947368421052632,1,1,1,0,0,0,0,0,1,0,0,0,0,medio_baixo
3,35000.0,3,0.3333333333333333,1,3,1,0,0,0,0,0,0,1,1,1,0,alto
1,10000.0,0,0.0,1,2,1,1,1,0,1,0,0,0,0,0,0,alto
2,0.0,0,0.0,0,0,1,0,0,0,0,0,0,0,0,0,0,gratuito
7,10000.0,35,0.8285714285714286,2,3,1,0,0,0,1,1,1,0,0,0,0,alto
9,10000.0,34,0.5294117647058824,1,2,1,0,0,0,1,0,0,1,0,0,0,baixo
5,10000.0,0,0.0,1,2,1,0,0,0,1,0,0,1,0,0,0,medio_baixo
5,10000.0,0,0.0,1,3,1,0,0,0,1,0,0,1,1,0,0,baixo
4,10000.0,3,1.0,1,2,1,0,0,0,1,0,0,1,0,0,0,medio_alto
2,10000.0,56,0.875,4,3,1,0,0,0,1,0,1,1,0,0,0,baixo
2,10000.0,0,0.0,1,3,1,0,0,0,1,0,1,0,0,0,0,alto
6,10000.0,0,0.0,1,2,1,0,0,0,0,0,1,1,0,0,0,medio_baixo
1,0.0,0,0.0,1,3,1,0,0,0,0,1,1,0,0,0,0,gratuito
4,10000.0,55,0.8727272727272727,3,4,1,0,0,0,1,0,1,1,1,0,0,alto
3,10000.0,6,0.6666666666666666,6,3,1,1,0,1,1,0,1,0,0,1,0,medio_baixo
2,10000.0,5,1.0,1,1,1,0,0,0,1,0,0,0,0,0,0,medio_baixo
2,0.0,0,0.0,0,0,1,0,0,0,0,0,0,0,0,0,0,gratuito
10,10000.0,138,0.6739130434782609,3,1,1,0,0,1,0,0,1,0,0,0,0,medio_alto
7,10000.0,47,0.5319148936170213,1,1,1,0,0,0,0,0,0,1,0,0,0,medio_alto
1,10000.0,1,1.0,1,3,1,0,0,0,1,0,0,0,1,0,0,gratuito
1,10000.0,0,0.0,5,2,1,0,1,0,0,0,0,0,0,0,1,alto
3,0.0,0,0.0,103,3,1,1,1,0,1,0,0,1,0,1,0,baixo
1,10000.0,0,0.0,1,3,1,0,0,0,1,1,1,0,0,0,0,medio_alto
3,75000.0,23,0.9565217391304348,1,3,1,0,0,0,1,0,1,0,1,0,0,baixo
4,0.0,0,0.0,1,2,1,0,0,0,0,0,0,1,0,0,0,gratuito
3,10000.0,8,0.875,1,4,1,0,0,0,0,0,0,1,0,0,1,alto
5,10000.0,1,1.0,1,2,1,0,0,0,0,0,0,0,0,1,1,medio_baixo
5,0.0,0,0.0,1,5,1,0,0,0,0,1,1,1,0,0,1,gratuito
1,0.0,0,0.0,0,0,1,0,0,0,0,0,0,0,0,0,0,gratuito
1,10000.0,181,0.8784530386740331,10,2,1,0,0,1,1,1,0,0,0,0,0,alto
6,75000.0,255,0.9058823529411765,1,4,1,0,0,0,1,0,0,0,1,1,0,alto
2,10000.0,29,0.4827586206896552,1,3,1,0,0,0,1,0,1,1,0,0,0,medio_baixo
3,10000.0,0,0.0,1,3,1,0,0,0,0,0,0,1,0,0,1,baixo
13,35000.0,447,0.7740492170022372,1,3,1,1,1,0,1,0,0,1,0,1,0,medio_alto
2,10000.0,22,0.9090909090909091,13,4,1,0,0,0,1,0,0,1,0,1,0,baixo
1,0.0,0,0.0,1,4,1,0,0,0,1,0,0,1,1,1,0,medio_alto
4,0.0,0,0.0,0,0,1,0,0,0,0,0,0,0,0,0,0,gratuito
2,0.0,0,0.0,1,5,1,0,0,0,0,0,0,1,0,1,1,gratuito
2,10000.0,16,0.625,13,4,1,0,0,3,1,0,1,1,0,0,1,medio_alto
3,0.0,0,0.0,0,0,1,0,0,0,0,0,0,0,0,0,0,gratuito
4,75000.0,584,0.6815068493150684,2,4,1,0,0,3,1,1,0,0,1,1,0,alto
9,75000.0,834,0.8405275779376499,3,4,1,0,0,1,1,1,1,0,1,0,0,alto
8,10000.0,8,0.375,1,3,1,0,0,0,1,1,1,0,0,0,0,medio_alto
1,10000.0,18,0.8888888888888888,9,1,1,0,0,0,0,0,1,0,0,0,0,medio_alto
2,10000.0,0,0.0,5,3,1,0,0,0,1,0,0,0,0,0,1,gratuito
4,10000.0,0,0.0,1,4,1,0,0,0,1,1,1,0,0,0,0,medio_baixo
7,10000.0,81,0.9382716049382716,1,3,1,0,0,1,1,1,0,1,0,0,0,medio_alto
3,10000.0,45,1.0,1,3,1,0,0,0,1,0,0,1,0,1,0,medio_alto
4,0.0,0,0.0,0,0,1,0,0,0,0,0,0,0,0,0,0,gratuito
1,10000.0,20,1.0,1,3,1,0,0,1,1,0,1,1,0,0,0,medio_alto
1,0.0,0,0.0,0,0,1,0,0,0,0,0,0,0,0,0,0,gratuito
10,10000.0,45,0.4888888888888889,12,2,1,1,1,0,0,0,1,1,0,0,0,baixo
2,10000.0,27,0.48148148148148145,1,7,1,0,0,1,1,1,1,0,1,0,0,gratuito
1,10000.0,211,0.8672985781990521,1,3,1,0,0,1,1,0,0,1,0,0,1,medio_alto
4,10000.0,47,0.6382978723404256,2,3,1,0,0,0,1,1,0,0,1,0,0,alto
1,0.0,0,0.0,1,4,1,0,0,0,1,1,1,1,0,0,0,baixo
6,35000.0,10,0.2,3,4,1,0,1,0,0,0,0,1,0,0,1,medio_baixo
6,35000.0,260,0.7423076923076923,3,2,1,0,0,0,1,0,0,0,1,0,0,alto
20,350000.0,497,0.8289738430583501,8,1,1,0,0,0,0,0,0,0,0,1,0,baixo
4,35000.0,34,0.8823529411764706,2,3,1,0,0,0,1,1,1,0,0,0,0,medio_alto
3,10000.0,3,1.0,1,2,1,0,0,0,1,0,0,1,0,0,0,baixo
1,0.0,0,0.0,1,2,1,0,0,0,0,0,0,1,0,0,1,medio_alto
1,10000.0,2,1.0,1,6,1,0,0,0,1,1,1,1,0,1,1,alto
1,0.0,0,0.0,1,3,1,0,0,0,1,0,1,1,0,0,0,alto
1,10000.0,0,0.0,1,3,1,0,0,0,0,1,1,0,0,0,1,medio_baixo
1,10000.0,0,0.0,1,2,1,0,0,0,1,0,0,1,0,0,0,medio_baixo
4,10000.0,4,0.75,2,1,1,0,0,0,0,0,0,1,0,0,0,medio_baixo
9,35000.0,184,0.782608695652174,8,2,1,0,0,0,1,0,0,1,0,0,0,alto
8,10000.0,34,0.9411764705882353,4,3,1,1,0,0,1,0,1,1,0,0,0,gratuito
2,10000.0,17,0.9411764705882353,2,3,1,0,0,0,1,1,1,0,0,0,0,medio_baixo
8,10000.0,106,0.9905660377358491,1,2,1,0,1,0,0,0,1,0,0,0,1,medio_alto
4,10000.0,1,1.0,1,1,1,0,0,0,0,0,0,1,0,0,0,medio_alto
1,10000.0,24,0.9583333333333334,1,4,1,0,0,0,1,1,0,1,1,0,0,medio_baixo
3,10000.0,0,0.0,7,4,1,1,0,0,1,0,1,0,1,1,0,medio_baixo
1,10000.0,178,0.8651685393258427,12,5,1,0,0,0,1,1,0,1,0,1,1,medio_baixo
2,0.0,0,0.0,2,4,1,0,0,0,0,1,1,0,1,0,0,gratuito
13,750000.0,9319,0.8079193046464213,6,2,1,0,0,0,0,1,1,0,0,0,0,medio_alto
6,10000.0,11,1.0,1,1,1,0,0,0,0,1,0,0,0,0,0,medio_alto
7,1500000.0,16924,0.9434530843772158,12,5,1,1,0,0,1,0,1,1,0,1,1,medio_alto
4,10000.0,3,0.0,1,3,1,1,1,0,1,0,0,1,0,1,0,medio_baixo
5,10000.0,72,0.8888888888888888,1,3,1,1,0,0,1,0,0,1,0,1,0,baixo
1,10000.0,0,0.0,9,1,1,0,0,0,0,0,0,0,0,0,1,medio_baixo
1,10000.0,0,0.0,1,2,1,1,1,0,1,0,0,0,1,0,0,alto
3,10000.0,7,0.8571428571428571,1,3,1,0,0,0,1,1,1,0,0,0,0,medio_alto
6,10000.0,20,0.8,1,5,1,0,0,0,1,1,0,1,0,1,0,gratuito
2,0.0,0,0.0,0,0,1,0,0,0,0,0,0,0,0,0,0,gratuito
3,0.0,0,0.0,0,0,1,0,0,0,0,0,0,0,0,0,0,gratuito
3,350000.0,93,0.8279569892473119,11,2,1,1,1,0,1,1,0,0,0,0,0,medio_baixo
5,35000.0,71,0.7323943661971831,2,4,1,0,0,0,1,1,1,0,0,1,0,baixo
2,10000.0,5,1.0,2,5,1,0,0,0,1,1,1,0,1,0,0,baixo
8,10000.0,2,1.0,2,2,1,0,0,0,1,0,0,0,0,0,1,gratuito
1,10000.0,0,0.0,1,4,1,0,0,0,0,1,1,0,0,1,0,gratuito
6,10000.0,2,0.5,1,5,1,1,0,0,1,1,0,1,0,1,1,baixo
2,10000.0,0,0.0,7,5,1,0,0,4,1,0,1,1,0,1,1,medio_alto
5,10000.0,2,0.0,1,2,1,0,0,0,0,0,0,1,1,0,0,baixo
1,0.0,0,0.0,2,5,1,0,0,0,0,0,1,1,0,1,1,medio_alto
8,10000.0,28,0.6785714285714286,2,2,1,0,0,0,1,0,1,0,0,0,0,medio_baixo
3,10000.0,6,0.8333333333333334,1,4,1,0,0,0,1,0,1,0,0,1,1,baixo
8,10000.0,9,0.1111111111111111,2,1,1,0,0,0,1,0,0,0,0,0,0,medio_baixo
1,10000.0,0,0.0,1,3,1,0,0,1,1,1,1,0,0,0,0,alto
5,10000.0,30,0.8,14,1,1,0,0,0,0,0,0,0,0,0,1,medio_baixo
10,10000.0,14,0.35714285714285715,3,3,1,1,0,0,1,0,0,1,1,0,0,gratuito
1,0.0,0,0.0,103,4,1,0,0,0,1,0,0,1,0,1,1,medio_alto
7,10000.0,49,0.7959183673469388,9,4,1,0,0,0,1,0,0,1,0,1,1,medio_alto
4,10000.0,8,0.375,32,3,1,0,0,0,0,1,1,0,0,0,1,alto
7,10000.0,8,0.75,1,4,1,1,1,0,1,0,1,1,1,0,0,medio_alto
7,10000.0,2,0.5,29,4,1,0,0,0,1,0,1,1,0,0,0,alto
2,35000.0,150,0.82,1,2,1,1,0,0,1,0,1,0,0,0,0,medio_baixo
6,10000.0,110,0.7454545454545455,2,3,1,0,0,2,1,0,1,1,0,0,0,baixo
16,35000.0,182,0.9560439560439561,1,1,1,0,0,0,0,0,0,1,0,0,0,medio_alto
4,10000.0,0,0.0,1,2,1,0,0,0,1,0,0,1,0,0,0,baixo
6,10000.0,27,0.9629629629629629,8,3,1,0,0,0,1,0,0,1,0,1,0,baixo
2,0.0,0,0.0,0,0,1,0,0,0,0,0,0,0,0,0,0,gratuito
4,10000.0,7,0.5714285714285714,3,3,1,0,0,0,1,0,0,1,1,0,0,medio_alto
2,10000.0,25,0.92,1,4,1,0,0,0,1,1,1,0,0,0,0,gratuito
8,35000.0,76,0.5394736842105263,3,3,1,0,0,0,0,0,0,0,1,1,0,gratuito
3,10000.0,45,0.8888888888888888,15,6,1,0,0,1,0,0,0,0,1,0,0,alto
1,0.0,0,0.0,0,0,1,0,0,0,0,0,0,0,0,0,0,gratuito
2,0.0,0,0.0,0,0,1,0,0,0,0,0,0,0,0,0,0,gratuito
6,10000.0,19,0.6842105263157895,2,3,1,0,0,0,1,1,1,0,0,0,0,gratuito
1,10000.0,0,0.0,3,2,1,1,1,0,1,0,0,1,0,0,0,medio_baixo
4,10000.0,27,0.7407407407407407,1,5,1,0,0,0,1,0,1,0,1,0,0,gratuito
5,150000.0,385,0.9402597402597402,1,5,1,0,0,0,1,0,1,1,1,1,0,alto
10,10000.0,10,0.7,1,1,1,1,0,0,0,1,0,0,0,0,0,alto
1,10000.0,0,0.0,1,4,1,0,0,0,0,0,1,1,0,1,1,medio_alto
1,10000.0,0,0.0,2,3,1,0,1,0,1,0,0,1,1,0,0,medio_alto
4,10000.0,4,0.75,1,3,1,0,0,0,1,1,1,0,0,0,0,baixo
4,10000.0,30,0.9333333333333333,1,3,1,0,0,0,1,0,1,1,0,0,0,medio_baixo
10,35000.0,43,0.8837209302325582,1,1,1,0,0,0,0,0,0,1,0,0,0,alto
1,0.0,0,0.0,2,4,1,0,0,0,1,0,1,1,0,0,1,medio_alto
11,150000.0,602,0.8122923588039868,1,1,1,1,0,0,0,1,0,0,0,0,0,medio_alto
1,0.0,0,0.0,7,4,1,0,0,0,1,0,0,1,0,0,1,gratuito
1,10000.0,3,1.0,1,4,1,0,0,0,1,1,1,0,1,0,0,medio_alto
2,10000.0,0,0.0,13,1,1,0,0,0,0,0,0,1,0,0,0,medio_baixo
1,10000.0,0,0.0,1,3,1,0,0,0,0,1,0,1,0,0,0,gratuito
7,10000.0,59,0.4915254237288136,2,3,1,0,0,0,1,1,1,0,0,0,0,medio_baixo
10,10000.0,27,0.07407407407407407,3,6,1,0,0,0,1,0,1,0,1,0,1,alto
3,35000.0,30,0.9666666666666667,1,3,1,0,0,0,1,1,0,0,0,0,0,alto
1,0.0,0,0.0,1,1,1,0,0,0,1,0,0,0,0,0,0,medio_alto
8,10000.0,9,0.8888888888888888,1,3,1,0,0,1,1,1,1,0,0,0,0,alto
1,10000.0,0,0.0,1,2,1,0,0,0,0,0,0,1,0,0,1,medio_alto
1,10000.0,2,1.0,1,1,1,0,0,0,0,0,0,0,0,0,0,medio_alto
11,10000.0,66,0.45454545454545453,1,4,1,0,0,0,1,0,1,1,0,1,0,medio_baixo
3,0.0,0,0.0,1,1,1,0,0,0,0,0,0,0,0,0,1,gratuito
1,10000.0,54,0.8888888888888888,1,4,1,1,0,0,1,0,0,1,1,0,1,alto
8,350000.0,29,0.5517241379310345,20,4,1,0,0,2,1,0,1,1,0,1,0,gratuito
8,75000.0,525,0.6952380952380952,7,4,1,1,1,0,1,0,1,0,1,0,0,gratuito
8,10000.0,10,0.4,4,3,1,0,0,0,0,0,0,0,0,1,1,medio_alto
6,10000.0,33,0.8787878787878788,5,3,1,0,0,0,1,0,1,1,0,0,0,baixo
4,10000.0,0,0.0,1,5,1,0,1,2,1,0,1,1,1,1,0,medio_alto
1,10000.0,0,0.0,2,2,1,0,0,0,0,0,0,0,0,1,1,medio_baixo
9,150000.0,4451,0.8674455178611548,10,2,1,0,0,0,1,0,1,0,0,0,0,medio_alto
1,0.0,0,0.0,1,2,1,0,0,0,1,0,0,1,0,0,0,medio_baixo
3,150000.0,3257,0.815474362910654,10,3,1,0,0,4,1,1,1,0,0,0,0,alto
1,10000.0,5,1.0,1,3,1,0,1,1,1,1,0,0,0,1,0,medio_baixo
1,10000.0,0,0.0,1,1,1,0,1,2,0,0,1,0,0,0,0,alto
4,10000.0,7,1.0,14,3,1,0,0,0,1,1,0,1,0,0,0,medio_baixo
7,35000.0,199,0.7286432160804021,1,5,1,0,0,1,1,1,1,0,1,0,0,medio_baixo
2,10000.0,9,1.0,14,2,1,0,0,2,1,0,0,1,0,0,0,baixo
3,10000.0,0,0.0,3,2,1,0,0,0,1,0,1,0,0,0,0,medio_alto
8,10000.0,9,0.1111111111111111,8,1,1,0,0,0,0,0,0,1,0,0,0,medio_baixo
2,10000.0,241,0.941908713692946,2,3,1,0,0,1,1,0,1,0,0,1,0,medio_alto
5,0.0,0,0.0,2,1,1,0,0,0,0,0,1,0,0,0,0,gratuito
8,10000.0,6,0.8333333333333334,1,2,1,0,0,0,0,1,0,1,0,0,0,alto
1,0.0,0,0.0,0,0,1,0,0,0,0,0,0,0,0,0,0,gratuito
2,0.0,0,0.0,11,3,1,0,0,0,1,0,1,1,0,0,0,gratuito
4,10000.0,0,0.0,1,2,1,0,0,0,1,0,0,1,0,0,0,baixo
7,10000.0,0,0.0,2,5,1,0,0,0,1,0,1,1,0,1,0,alto
2,0.0,0,0.0,1,4,1,0,0,0,1,0,0,0,0,1,1,gratuito
9,10000.0,4,1.0,1,4,1,0,0,0,1,1,0,0,0,0,0,alto
3,10000.0,0,0.0,1,3,1,0,0,0,1,0,0,1,0,1,0,medio_baixo
2,10000.0,4,1.0,1,4,1,0,0,0,1,1,1,1,0,0,0,medio_baixo
1,0.0,0,0.0,0,0,1,0,0,0,0,0,0,0,0,0,0,gratuito
1,10000.0,7,0.8571428571428571,5,4,1,1,0,0,0,0,0,1,1,1,1,medio_baixo
1,10000.0,61,0.9508196721311475,3,1,1,0,0,0,0,0,0,0,1,0,0,alto
2,10000.0,0,0.0,8,3,1,0,0,0,1,1,1,0,0,0,0,medio_baixo
3,0.0,0,0.0,0,0,1,0,0,0,0,0,0,0,0,0,0,gratuito
1,10000.0,0,0.0,1,4,1,0,0,0,1,0,0,0,0,1,1,medio_alto
6,10000.0,24,0.7083333333333334,1,7,1,1,1,0,1,1,1,1,0,0,1,baixo
12,350000.0,7605,0.884681130834977,18,3,1,1,1,0,1,1,1,0,0,0,0,medio_alto
1,0.0,0,0.0,0,0,1,0,0,0,0,0,0,0,0,0,0,gratuito
13,350000.0,2357,0.8879932117098006,7,2,1,1,1,1,1,0,1,0,0,0,0,medio_baixo
5,0.0,0,0.0,1,4,1,0,0,0,1,1,1,0,0,0,0,gratuito
1,0.0,0,0.0,0,0,1,0,0,0,0,0,0,0,0,0,0,gratuito
4,10000.0,29,0.8275862068965517,9,4,1,0,0,1,1,1,1,1,0,0,0,medio_alto
1,0.0,0,0.0,0,0,1,0,0,0,0,0,0,0,0,0,0,gratuito
7,10000.0,2,0.5,7,3,1,0,0,0,1,0,1,0,0,0,1,medio_baixo
1,0.0,0,0.0,0,0,1,0,0,0,0,0,0,0,0,0,0,gratuito
8,350000.0,1412,0.6848441926345609,5,5,1,0,0,3,0,1,1,0,1,0,0,gratuito
6,10000.0,108,0.75,1,3,1,0,0,0,1,1,1,0,0,0,0,alto
7,10000.0,0,0.0,2,3,1,0,0,0,1,0,0,1,1,0,0,alto
4,10000.0,4,0.75,1,3,1,0,0,1,1,1,1,0,0,0,0,gratuito
1,10000.0,0,0.0,11,3,1,0,0,0,0,1,1,1,0,0,0,alto
9,10000.0,3,1.0,2,1,1,0,1,0,0,0,0,0,1,0,0,medio_baixo
9,35000.0,182,0.7087912087912088,2,3,1,0,0,0,1,1,0,0,0,0,0,medio_baixo
3,10000.0,56,0.9285714285714286,1,2,1,0,0,0,1,0,0,0,1,0,0,medio_alto
5,10000.0,32,0.96875,1,3,1,0,0,0,1,0,1,1,0,0,0,alto
6,150000.0,1819,0.9004947773501925,16,1,1,0,0,0,0,0,1,0,0,0,0,alto
7,10000.0,20,0.75,1,1,1,0,0,0,0,0,0,0,0,0,0,medio_alto
9,10000.0,30,0.8333333333333334,1,1,1,0,0,0,0,0,0,0,1,0,0,alto
2,10000.0,16,0.75,1,4,1,0,0,0,1,1,0,1,0,1,0,medio_baixo
5,10000.0,22,0.45454545454545453,1,5,1,0,0,0,0,1,1,0,0,0,0,alto
2,75000.0,1434,0.797071129707113,11,4,1,0,0,2,1,0,0,1,1,0,1,alto
6,10000.0,7,0.2857142857142857,1,2,1,0,0,0,0,0,1,1,0,0,0,baixo
9,10000.0,13,1.0,3,4,1,0,0,0,0,0,1,1,0,1,1,medio_baixo
14,350000.0,583,0.8524871355060034,1,2,1,1,0,0,1,0,0,0,1,0,0,gratuito
2,35000.0,96,0.59375,13,3,1,0,0,0,1,0,0,0,0,1,1,alto
9,10000.0,38,0.3684210526315789,1,2,1,0,0,0,1,0,0,0,0,0,1,medio_alto
2,0.0,0,0.0,30,3,1,0,0,0,1,0,0,1,0,0,1,medio_alto
2,0.0,0,0.0,1,3,1,0,0,0,1,1,0,0,0,0,0,gratuito
7,10000.0,8,0.75,11,3,1,0,0,0,1,1,0,0,0,1,0,medio_baixo
3,75000.0,1953,0.6364567332309268,10,3,1,0,0,0,1,0,0,0,0,1,1,alto
9,10000.0,110,0.9090909090909091,17,3,1,1,1,0,0,0,1,1,0,0,1,alto
1,0.0,0,0.0,10,8,1,0,0,0,1,0,1,1,1,1,1,alto
9,10000.0,15,1.0,1,4,1,0,0,0,0,0,1,1,0,0,1,gratuito
11,35000.0,23,0.6086956521739131,1,1,1,0,0,0,0,1,0,0,0,0,0,medio_alto
1,0.0,0,0.0,9,4,1,0,0,0,0,0,0,0,0,0,0,medio_alto
6,10000.0,37,0.7567567567567568,8,4,1,0,0,0,1,1,1,0,0,0,0,medio_alto
9,10000.0,17,0.6470588235294118,1,3,1,0,0,0,1,1,0,1,0,0,0,medio_alto
2,10000.0,0,0.0,2,3,1,0,0,0,0,0,1,1,0,0,1,baixo
9,10000.0,118,0.635593220338983,1,3,1,0,0,1,1,0,1,1,0,0,0,medio_baixo
1,0.0,0,0.0,0,0,1,0,0,0,0,0,0,0,0,0,0,gratuito
4,75000.0,961,0.8147762747138397,5,4,1,0,0,1,1,0,1,0,1,1,0,medio_baixo
11,350000.0,3261,0.8770315854032505,27,4,1,1,0,1,1,0,1,1,0,0,0,gratuito
3,0.0,0,0.0,103,3,1,0,0,0,1,0,0,1,0,0,0,gratuito
4,10000.0,18,0.7777777777777778,2,6,1,0,0,0,0,0,0,0,0,0,0,alto
10,10000.0,25,0.92,5,2,1,0,0,0,1,0,0,1,0,0,0,medio_baixo
7,75000.0,1347,0.7639198218262806,5,2,1,1,1,3,0,0,0,0,0,1,1,medio_baixo
1,10000.0,0,0.0,2,1,1,0,0,0,0,0,1,0,0,0,0,baixo
1,10000.0,0,0.0,1,4,1,0,0,0,1,0,0,1,1,1,0,alto
3,10000.0,9,1.0,3,2,1,0,0,0,1,0,0,1,0,0,0,medio_alto
4,350000.0,6790,0.982621502209131,1,2,1,0,0,2,1,1,0,0,0,0,0,alto
1,10000.0,0,0.0,1,2,1,0,0,0,0,0,0,0,1,1,0,baixo
4,10000.0,526,0.9334600760456274,5,4,1,1,1,1,1,1,1,0,0,0,1,alto
7,10000.0,78,0.9487179487179487,1,3,1,1,1,0,1,1,1,0,0,0,0,medio_baixo
3,10000.0,1,1.0,1,3,1,0,0,0,1,1,0,1,0,0,0,baixo
1,0.0,0,0.0,1,2,1,0,1,0,1,0,0,0,0,1,0,medio_alto
1,0.0,0,0.0,1,4,1,0,0,0,1,1,0,1,0,0,0,gratuito
6,10000.0,0,0.0,2,6,1,0,0,0,1,0,1,1,1,1,1,medio_alto
3,10000.0,0,0.0,1,3,1,0,0,0,1,0,1,1,0,0,0,baixo
8,10000.0,5,1.0,1,4,1,0,0,0,1,1,0,1,0,0,0,medio_alto
4,10000.0,0,0.0,2,4,1,0,0,0,0,0,0,1,0,0,1,medio_baixo
5,0.0,0,0.0,18,3,1,1,0,0,1,0,1,1,0,0,0,gratuito
8,10000.0,12,0.5,2,3,1,0,0,0,1,1,1,0,0,0,0,baixo
5,10000.0,22,1.0,1,3,1,0,0,0,1,0,0,1,0,1,0,baixo
3,10000.0,12,1.0,2,4,1,0,0,0,1,1,1,1,0,0,0,medio_baixo
2,10000.0,2,1.0,7,1,1,0,0,0,0,0,0,0,0,0,0,medio_baixo
3,10000.0,17,0.47058823529411764,2,4,1,0,0,0,1,1,0,0,1,0,0,medio_alto
3,0.0,0,0.0,0,0,1,0,0,0,0,0,0,0,0,0,0,gratuito
2,0.0,0,0.0,0,0,1,0,0,0,0,0,0,0,0,0,0,gratuito
4,10000.0,7,0.8571428571428571,1,4,1,0,0,0,1,0,1,1,0,0,0,medio_alto
1,35000.0,1,0.0,1,2,1,0,1,0,1,1,0,0,0,0,0,medio_alto
2,10000.0,40,0.975,1,2,1,1,0,0,1,0,0,1,0,0,0,medio_alto
6,10000.0,8,0.875,2,2,1,0,0,0,1,1,0,0,0,0,0,baixo
2,0.0,0,0.0,103,9,1,1,1,0,1,1,1,1,1,1,1,alto
3,0.0,0,0.0,103,2,1,0,0,0,1,0,0,1,0,0,0,baixo
6,10000.0,4,1.0,103,5,1,0,0,0,1,0,1,1,0,1,1,baixo
1,10000.0,0,0.0,8,5,1,0,0,0,1,1,1,1,1,0,0,alto
2,75000.0,1160,0.8267241379310345,7,3,1,0,0,1,1,0,0,1,0,0,0,medio_baixo
3,0.0,0,0.0,10,5,1,0,0,0,0,1,1,0,1,0,0,gratuito
3,10000.0,0,0.0,1,1,1,0,0,1,0,0,0,1,0,0,0,alto
4,35000.0,15,0.7333333333333333,1,2,1,0,0,0,1,0,1,0,0,0,0,gratuito
4,10000.0,8,1.0,1,3,1,0,0,0,0,1,1,1,0,0,0,medio_baixo
4,10000.0,3,1.0,6,2,1,0,0,0,1,1,0,0,0,0,0,medio_baixo
5,10000.0,5,0.4,6,2,1,0,0,0,0,0,0,0,0,0,1,alto
5,10000.0,2,1.0,2,5,1,0,0,0,1,1,1,0,1,0,0,alto
9,10000.0,3,1.0,1,4,1,1,0,0,1,1,0,1,0,0,0,baixo
3,10000.0,12,1.0,3,2,1,0,0,0,1,1,0,0,0,0,0,baixo
5,10000.0,21,0.6190476190476191,2,1,1,0,0,0,1,0,0,0,0,0,0,baixo
4,10000.0,1,1.0,1,3,1,0,0,0,1,1,1,0,0,0,0,medio_alto
1,10000.0,2,1.0,2,1,1,0,0,0,0,0,1,0,0,0,0,alto
8,10000.0,7,1.0,1,3,1,0,0,0,1,0,0,1,0,1,0,medio_baixo
6,10000.0,588,0.9404761904761905,3,4,1,0,0,1,1,0,1,0,1,0,0,gratuito
12,150000.0,498,0.7389558232931727,1,4,1,0,0,0,1,1,1,0,1,0,0,medio_baixo
2,10000.0,14,0.6428571428571429,1,2,1,0,0,0,0,1,0,1,0,0,0,medio_baixo
1,10000.0,640,0.9359375,3,4,1,0,0,1,0,1,0,1,0,0,1,alto
9,10000.0,29,0.4827586206896552,1,1,1,0,0,0,0,0,0,1,0,0,0,baixo
1,10000.0,0,0.0,2,1,1,0,0,0,0,1,0,0,0,0,0,alto
8,10000.0,8,0.5,2,4,1,0,0,0,1,1,1,0,1,0,0,alto
3,10000.0,3,0.6666666666666666,2,2,1,0,0,0,1,1,0,0,0,0,0,medio_baixo
1,10000.0,65,0.9076923076923077,6,4,1,1,1,0,1,0,0,1,0,1,0,medio_alto
4,10000.0,30,0.6666666666666666,5,2,1,0,0,0,1,0,0,0,1,0,0,medio_alto
7,10000.0,4,1.0,13,3,1,0,0,0,1,1,0,1,0,0,0,medio_alto
8,10000.0,13,0.6153846153846154,1,3,1,0,0,0,1,1,0,0,0,0,0,gratuito
3,35000.0,3,0.6666666666666666,2,1,1,0,0,0,0,0,0,0,1,0,0,medio_alto
4,35000.0,8,1.0,1,2,1,0,0,0,1,0,0,1,0,0,0,baixo
1,10000.0,0,0.0,4,1,1,0,0,0,0,0,1,0,0,0,0,medio_baixo
1,10000.0,3,1.0,1,1,1,0,0,0,0,0,1,0,0,0,0,medio_baixo
1,0.0,0,0.0,0,0,1,0,0,0,0,0,0,0,0,0,0,gratuito
2,10000.0,0,0.0,1,2,1,0,0,0,0,0,0,1,1,0,0,baixo
2,10000.0,182,0.9285714285714286,1,1,1,1,1,1,0,0,1,0,0,0,0,alto
7,10000.0,4,0.75,2,2,1,0,0,1,1,1,0,0,0,0,0,baixo
9,10000.0,69,0.782608695652174,9,3,1,0,0,0,1,0,1,1,0,0,0,baixo
3,10000.0,0,0.0,2,4,1,0,0,0,1,1,0,1,0,0,0,alto
1,0.0,0,0.0,1,1,1,0,0,0,0,0,0,1,0,0,0,alto
3,75000.0,50,0.82,2,3,1,0,0,1,0,0,1,0,1,1,0,medio_alto
5,35000.0,1,1.0,1,1,1,0,0,0,1,0,0,0,0,0,0,medio_baixo
7,75000.0,154,0.9025974025974026,3,1,1,0,0,0,0,0,0,0,0,1,0,medio_alto
6,10000.0,27,0.7777777777777778,8,4,1,0,0,0,1,0,1,1,1,0,0,baixo
2,10000.0,5,0.8,2,1,1,0,0,0,0,0,0,1,0,0,0,medio_alto
1,10000.0,43,0.9069767441860465,1,2,1,0,0,0,1,0,0,0,0,1,0,medio_baixo
6,10000.0,4,0.5,1,4,1,0,0,0,1,1,1,1,0,0,0,baixo
2,0.0,0,0.0,1,1,1,0,0,2,0,1,0,0,0,0,0,gratuito
2,10000.0,38,0.7894736842105263,2,2,1,0,0,0,1,0,1,0,0,0,0,baixo
8,35000.0,387,0.5943152454780362,1,7,1,0,0,0,1,1,1,0,1,1,1,baixo
5,35000.0,225,0.38666666666666666,29,4,1,0,0,0,1,0,1,1,0,0,1,medio_baixo
6,10000.0,7,0.7142857142857143,3,2,1,1,1,0,1,0,0,0,1,0,0,medio_baixo
2,10000.0,18,0.7777777777777778,1,2,1,0,0,0,0,0,0,0,0,1,1,medio_alto
7,10000.0,11,0.9090909090909091,7,3,1,1,0,1,1,0,1,1,0,0,0,baixo
5,10000.0,17,0.9411764705882353,1,3,1,0,0,0,0,0,0,1,0,0,0,alto
2,10000.0,4,0.75,2,4,1,0,0,0,1,1,0,1,0,0,0,medio_alto
2,10000.0,1,1.0,1,1,1,0,0,0,0,0,0,1,0,0,0,baixo
6,10000.0,95,0.9789473684210527,1,2,1,0,0,0,1,1,0,0,0,0,0,medio_alto
2,10000.0,0,0.0,10,3,1,0,0,0,1,0,0,1,0,1,0,medio_baixo
15,75000.0,164,0.9146341463414634,5,2,1,0,0,0,1,0,0,1,0,0,0,medio_alto
2,0.0,0,0.0,0,0,1,0,0,0,0,0,0,0,0,0,0,gratuito
6,75000.0,11,1.0,1,2,1,1,0,0,1,0,0,1,0,0,0,baixo
11,35000.0,123,0.5934959349593496,27,1,0,0,1,0,0,0,0,0,0,0,1,alto
3,10000.0,122,0.9426229508196722,2,3,1,0,0,0,1,1,1,0,0,0,0,medio_baixo
8,10000.0,1,1.0,1,2,1,1,0,0,1,1,0,0,0,0,0,baixo
5,35000.0,584,0.9041095890410958,4,6,1,0,0,0,1,1,1,1,1,0,1,baixo
6,10000.0,8,0.75,1,3,1,0,0,0,1,0,0,1,0,0,0,baixo
8,10000.0,9,0.7777777777777778,2,2,1,0,0,0,1,0,0,1,0,0,0,medio_alto
10,150000.0,1301,0.8255188316679477,14,3,1,1,0,0,1,0,1,1,0,0,0,medio_alto
1,0.0,0,0.0,1,3,1,0,0,0,0,0,1,1,0,0,1,alto
1,10000.0,0,0.0,1,5,1,0,0,0,1,1,1,1,0,0,0,medio_alto
1,10000.0,0,0.0,5,1,1,0,0,0,1,0,0,0,0,0,0,medio_alto
6,10000.0,13,0.8461538461538461,1,2,1,0,0,0,0,0,0,1,0,0,0,gratuito
8,75000.0,172,0.6918604651162791,1,5,1,0,0,1,1,0,0,1,1,1,1,medio_alto
3,0.0,0,0.0,0,0,1,0,0,0,0,0,0,0,0,0,0,gratuito
2,10000.0,8,1.0,1,2,1,0,0,0,1,0,0,1,0,0,0,medio_alto
12,150000.0,755,0.8357615894039735,12,2,1,1,1,0,0,0,1,1,0,0,0,medio_baixo
1,10000.0,0,0.0,10,3,1,0,1,0,1,1,1,0,0,0,0,medio_alto
5,35000.0,4,1.0,1,5,1,0,0,0,1,1,1,1,1,0,0,baixo
2,0.0,0,0.0,1,2,1,0,0,0,0,0,1,0,0,0,0,gratuito
6,35000.0,630,0.9126984126984127,9,4,1,0,0,0,1,1,1,0,1,0,0,medio_alto
8,10000.0,17,0.47058823529411764,5,3,1,0,0,0,1,1,1,0,0,0,0,baixo
1,0.0,0,0.0,0,0,1,0,0,0,0,0,0,0,0,0,0,gratuito
8,10000.0,102,0.2549019607843137,7,3,1,0,0,0,1,0,0,1,0,0,1,baixo
2,150000.0,1635,0.9755351681957186,1,2,1,0,0,0,0,0,0,1,0,0,0,alto
5,10000.0,5,0.6,1,2,1,0,0,0,0,0,1,1,0,0,0,medio_alto
9,35000.0,255,0.9176470588235294,1,1,1,0,0,0,0,0,0,1,0,0,0,gratuito
2,10000.0,20,0.75,1,3,1,0,0,1,1,0,0,1,1,0,0,medio_alto
5,35000.0,45,0.9555555555555556,1,4,1,0,0,0,1,1,1,0,1,0,0,medio_baixo
5,10000.0,1,0.0,2,4,1,0,0,0,1,0,0,1,0,1,1,baixo
3,0.0,0,0.0,3,4,1,0,0,0,1,1,1,0,0,0,0,gratuito
3,10000.0,50,0.86,5,5,1,0,0,0,1,0,0,1,0,1,1,medio_alto
8,10000.0,17,0.7058823529411765,2,3,1,1,1,0,1,0,0,1,0,1,0,medio_baixo
5,75000.0,439,0.7972665148063781,7,1,1,0,0,0,0,0,0,0,0,1,0,medio_baixo
2,10000.0,13,0.38461538461538464,1,2,1,0,1,0,1,0,0,0,0,0,1,medio_alto
3,35000.0,41,0.8292682926829268,2,3,1,1,0,0,0,0,1,0,1,1,0,alto
7,10000.0,2,0.5,1,4,1,0,0,0,0,1,1,0,1,1,0,baixo
3,0.0,0,0.0,1,2,1,0,0,0,1,0,1,0,0,0,0,gratuito
10,150000.0,1494,0.7115127175368139,5,2,1,0,0,0,0,1,1,0,0,0,0,medio_baixo
6,10000.0,0,0.0,1,3,1,0,0,0,1,0,0,0,0,0,1,alto
3,75000.0,573,0.41535776614310643,5,1,1,0,0,3,0,1,0,0,0,0,0,alto
8,10000.0,23,0.8695652173913043,1,3,1,0,0,0,1,1,0,0,0,0,0,alto
3,10000.0,0,0.0,1,3,1,0,0,0,1,1,1,0,0,0,0,gratuito
1,0.0,0,0.0,103,3,1,0,0,5,1,0,0,1,0,0,0,gratuito
11,75000.0,411,0.8686131386861314,2,1,1,0,0,1,1,0,0,0,0,0,0,medio_baixo
3,10000.0,215,0.9767441860465116,1,2,1,1,0,3,1,0,0,0,0,0,1,alto
3,0.0,0,0.0,2,3,1,0,0,0,1,1,0,0,0,0,0,gratuito
2,10000.0,0,0.0,1,5,1,0,0,0,1,1,1,0,0,1,0,gratuito
4,10000.0,12,0.8333333333333334,2,3,1,0,0,0,1,0,0,1,0,0,0,gratuito
9,10000.0,33,0.7575757575757576,2,3,1,0,0,0,1,0,1,1,0,0,0,medio_alto
3,10000.0,0,0.0,10,1,1,0,0,0,0,0,0,0,1,0,0,medio_alto
17,150000.0,487,0.28542094455852157,8,1,1,0,0,0,0,0,1,0,0,0,0,gratuito
2,0.0,0,0.0,13,4,1,0,0,0,1,0,1,1,0,0,1,gratuito
6,10000.0,58,0.8620689655172413,1,4,1,0,0,0,1,1,1,0,1,0,0,medio_baixo
1,10000.0,0,0.0,5,4,1,0,0,0,1,1,1,0,0,1,0,medio_alto
1,0.0,0,0.0,1,2,1,1,0,1,0,0,1,0,0,0,0,gratuito
2,10000.0,11,1.0,2,2,1,1,0,0,1,1,0,0,0,0,0,medio_alto
5,10000.0,106,0.8867924528301887,5,2,1,0,0,0,0,1,1,0,0,0,0,alto
2,10000.0,0,0.0,12,3,1,1,1,0,1,0,0,1,0,1,0,baixo
7,10000.0,3,0.6666666666666666,1,3,1,1,1,0,1,0,1,1,0,0,0,medio_alto
1,10000.0,0,0.0,1,6,1,0,0,0,0,1,1,1,1,0,1,medio_baixo
3,0.0,0,0.0,1,4,1,1,0,0,0,1,0,1,0,0,1,gratuito
1,0.0,0,0.0,1,4,1,0,0,0,1,1,0,0,1,0,0,alto
6,10000.0,0,0.0,1,1,1,0,0,0,0,0,0,0,0,0,1,alto
1,10000.0,0,0.0,6,2,1,0,0,0,1,0,0,1,0,0,0,baixo
1,0.0,0,0.0,1,2,1,0,0,0,0,1,0,1,0,0,0,medio_baixo
3,0.0,0,0.0,0,0,1,0,0,0,0,0,0,0,0,0,0,gratuito
4,10000.0,17,0.5882352941176471,26,8,1,0,0,0,1,1,1,1,1,1,1,medio_alto
7,10000.0,6,0.8333333333333334,29,3,1,0,1,1,1,1,0,1,0,0,0,baixo
1,10000.0,0,0.0,1,3,1,0,0,0,1,1,1,0,0,0,0,alto
4,10000.0,16,1.0,1,3,1,0,0,0,1,1,1,0,0,0,0,medio_baixo
7,150000.0,1213,0.8887056883759274,2,2,1,1,0,2,1,0,1,0,0,0,0,medio_baixo
2,10000.0,1,1.0,1,2,1,0,0,0,0,1,1,0,0,0,0,medio_baixo
1,75000.0,7,1.0,7,2,1,0,0,0,1,1,0,0,0,0,0,medio_baixo
2,10000.0,8,0.875,1,2,1,0,0,0,1,0,0,1,0,0,0,medio_alto
2,10000.0,5,1.0,1,3,1,0,0,1,1,0,0,1,0,0,1,baixo
7,10000.0,111,0.9369369369369369,5,1,1,0,0,0,0,0,0,0,0,0,0,gratuito
4,10000.0,9,0.8888888888888888,2,5,1,0,0,0,1,1,1,0,1,0,1,baixo
6,0.0,0,0.0,0,0,1,0,0,0,0,0,0,0,0,0,0,gratuito
1,10000.0,5,0.6,9,2,1,0,0,0,0,0,0,1,0,1,0,medio_baixo
6,10000.0,0,0.0,1,2,1,0,0,0,1,0,0,1,0,0,0,baixo
4,10000.0,866,0.6224018475750578,9,3,1,0,0,5,0,1,1,0,0,0,1,medio_alto
3,0.0,0,0.0,2,2,1,0,0,0,0,0,1,0,1,0,0,gratuito
1,0.0,0,0.0,1,3,1,0,0,0,1,1,0,1,0,0,0,medio_baixo
2,10000.0,19,0.9473684210526315,2,4,1,0,0,1,1,0,0,1,1,0,1,alto
6,35000.0,160,0.91875,1,3,1,0,0,0,1,0,1,1,0,0,0,gratuito
1,10000.0,0,0.0,1,2,1,0,0,0,1,0,1,0,0,0,0,alto
1,10000.0,0,0.0,1,4,1,0,0,0,1,0,1,0,0,0,1,medio_alto
5,0.0,0,0.0,0,0,1,0,0,0,0,0,0,0,0,0,0,gratuito
8,35000.0,1661,0.9512341962673089,3,2,1,0,0,1,0,0,1,1,0,0,0,alto
3,10000.0,0,0.0,1,3,1,1,1,0,0,0,1,0,0,1,1,medio_alto
1,0.0,0,0.0,4,2,1,0,0,0,1,0,0,1,0,0,0,baixo
1,0.0,0,0.0,0,0,1,0,0,0,0,0,0,0,0,0,0,gratuito
6,10000.0,19,0.8421052631578947,3,3,1,0,0,0,1,1,1,0,0,0,0,medio_baixo
2,10000.0,0,0.0,28,2,1,0,0,0,1,0,0,1,0,0,0,baixo
1,10000.0,63,0.9841269841269841,1,2,1,0,0,1,1,0,0,1,0,0,0,baixo
4,10000.0,0,0.0,1,3,1,0,0,0,1,1,0,1,0,0,0,baixo
2,10000.0,0,0.0,1,1,1,0,0,0,0,0,0,0,0,0,1,alto
1,10000.0,0,0.0,1,2,1,0,0,0,0,1,0,0,0,0,0,medio_baixo
1,10000.0,1,1.0,1,3,1,0,0,0,1,1,0,1,0,0,0,baixo
2,10000.0,118,0.788135593220339,3,4,1,0,0,0,1,0,0,0,1,1,0,alto
9,75000.0,67,0.6716417910447762,2,3,1,0,0,2,1,0,0,1,0,1,0,baixo
16,750000.0,7259,0.9592230334756854,5,2,1,1,0,0,0,0,0,1,0,1,0,baixo
8,10000.0,15,0.26666666666666666,11,3,1,0,0,0,0,0,0,1,1,0,1,alto
8,10000.0,6,1.0,3,3,1,0,0,0,1,1,0,1,0,0,0,medio_baixo
1,0.0,0,0.0,1,2,1,1,0,0,0,1,0,0,1,0,0,alto
9,10000.0,46,0.17391304347826086,1,2,1,0,0,0,1,1,0,0,0,0,0,baixo
4,75000.0,846,0.9858156028368794,1,3,1,1,1,0,1,0,0,1,0,1,0,medio_baixo
4,0.0,0,0.0,1,2,1,1,0,0,0,0,0,1,0,0,1,gratuito
5,35000.0,20,0.35,1,4,1,0,0,0,1,0,1,1,0,0,0,medio_alto
12,150000.0,687,0.7962154294032023,3,2,1,1,1,2,1,0,1,0,0,0,0,medio_alto
2,10000.0,18,0.9444444444444444,1,2,1,0,0,0,0,1,0,0,0,0,0,gratuito
9,10000.0,3,0.6666666666666666,1,3,1,0,0,0,1,0,0,1,0,0,0,medio_alto
16,35000.0,109,0.6422018348623854,7,2,1,0,0,0,0,1,0,0,0,0,0,baixo
3,0.0,0,0.0,0,0,1,0,0,0,0,0,0,0,0,0,0,gratuito
5,750000.0,14720,0.9320652173913043,3,3,1,1,0,3,1,0,0,0,1,0,1,medio_alto
2,0.0,0,0.0,0,0,1,0,0,0,0,0,0,0,0,0,0,gratuito
1,10000.0,0,0.0,2,5,1,0,0,0,1,1,1,1,0,0,0,gratuito
5,35000.0,6,1.0,1,1,1,0,0,0,0,1,0,0,0,0,0,baixo
2,10000.0,0,0.0,1,4,1,0,1,0,1,1,0,1,0,1,0,medio_baixo
1,10000.0,0,0.0,2,4,1,0,0,1,1,0,1,1,0,0,1,medio_baixo
3,35000.0,2,0.5,2,1,1,0,0,0,1,0,0,0,0,0,0,medio_baixo
1,0.0,0,0.0,2,3,1,1,0,0,0,0,0,0,0,0,0,gratuito
2,10000.0,7,1.0,1,2,1,1,0,0,1,0,1,0,0,0,0,alto
2,10000.0,37,0.6216216216216216,1,5,1,0,0,0,1,1,1,1,0,0,0,gratuito
12,35000.0,176,0.5965909090909091,1,3,1,0,0,0,1,0,1,1,0,0,0,alto
7,10000.0,0,0.0,1,3,1,0,0,0,1,0,1,1,0,0,0,medio_alto
2,10000.0,5,1.0,1,2,1,0,1,0,1,0,0,0,0,0,0,gratuito
6,10000.0,8,0.625,1,1,1,0,0,0,0,1,0,0,0,0,0,baixo
8,75000.0,1487,0.8890383322125084,9,4,1,0,0,2,1,1,1,0,1,0,0,alto
1,0.0,0,0.0,3,3,1,0,1,0,1,1,0,0,0,1,0,medio_alto
1,0.0,0,0.0,0,0,1,0,0,0,0,0,0,0,0,0,0,gratuito
2,10000.0,0,0.0,6,1,1,1,0,1,0,0,0,1,0,0,0,medio_baixo
1,0.0,0,0.0,0,0,1,0,0,0,0,0,0,0,0,0,0,gratuito
7,10000.0,12,0.5833333333333334,1,3,1,0,0,0,1,0,1,0,0,0,0,gratuito
9,10000.0,6,0.0,1,2,1,0,0,0,1,1,0,0,0,0,0,medio_baixo
8,10000.0,194,0.7371134020618557,12,3,1,1,1,1,1,0,1,1,0,0,0,medio_alto
2,0.0,0,0.0,0,0,1,0,0,0,0,0,0,0,0,0,0,gratuito
1,0.0,0,0.0,0,0,1,0,0,0,0,0,0,0,0,0,0,gratuito
2,0.0,0,0.0,103,4,1,0,0,0,1,0,0,1,1,0,1,baixo
1,10000.0,0,0.0,8,2,1,0,1,0,1,0,0,1,0,0,0,baixo
5,35000.0,2,1.0,1,4,1,0,0,0,1,0,1,1,0,0,0,medio_baixo
3,10000.0,39,0.7435897435897436,4,3,1,0,0,0,1,0,1,1,0,0,0,medio_alto
9,10000.0,1,0.0,1,4,1,1,0,0,0,0,0,1,1,1,1,alto
1,0.0,0,0.0,1,6,1,0,0,0,1,0,1,0,1,1,1,alto
3,10000.0,3,0.6666666666666666,1,1,1,0,0,0,1,0,0,0,0,0,0,alto
3,75000.0,831,0.8748495788206979,4,4,1,1,0,0,1,0,1,1,1,0,0,baixo
2,10000.0,1,1.0,1,3,1,0,0,0,1,0,1,1,0,0,0,medio_alto
9,10000.0,28,0.9285714285714286,1,3,1,1,1,0,1,1,0,1,0,0,0,medio_alto
4,75000.0,193,0.9326424870466321,4,3,1,0,0,0,0,1,0,1,0,0,1,medio_baixo
2,0.0,0,0.0,0,0,1,0,0,0,0,0,0,0,0,0,0,gratuito
6,10000.0,0,0.0,1,5,1,0,0,0,1,1,1,1,0,0,1,baixo
1,10000.0,227,0.9427312775330396,1,3,1,0,0,1,1,0,1,0,0,0,0,medio_baixo
1,0.0,0,0.0,1,1,1,0,0,0,1,0,0,0,0,0,0,baixo
2,0.0,0,0.0,1,3,1,0,0,0,1,1,0,0,0,0,0,gratuito
9,35000.0,102,0.9803921568627451,13,2,1,1,0,0,0,0,1,1,0,0,0,alto
3,0.0,0,0.0,6,1,1,0,0,2,0,0,0,1,0,0,0,gratuito
6,10000.0,4,1.0,103,6,1,0,0,0,1,1,1,1,0,1,1,baixo
5,0.0,0,0.0,1,3,1,1,0,0,1,0,1,1,0,0,0,gratuito
12,1500000.0,17082,0.7216953518323381,10,2,1,0,0,6,0,0,0,0,0,1,1,medio_alto
7,10000.0,1,1.0,1,2,1,0,0,0,0,1,0,0,0,0,0,baixo
7,10000.0,11,0.6363636363636364,1,3,1,0,0,0,1,0,0,0,0,1,1,baixo
5,3500000.0,22475,0.7651612903225806,19,4,1,0,0,3,1,1,1,0,1,0,0,medio_alto
5,35000.0,241,0.6721991701244814,3,3,1,0,0,0,0,0,1,1,1,0,0,medio_baixo
1,10000.0,0,0.0,1,3,1,0,0,0,1,1,1,0,0,0,0,medio_baixo
2,0.0,0,0.0,1,2,1,0,0,0,0,0,0,0,0,0,1,gratuito
4,0.0,0,0.0,1,3,1,0,0,0,1,0,0,1,0,1,0,gratuito
9,35000.0,20,0.85,2,1,1,0,0,0,0,0,0,1,0,0,0,medio_alto
4,0.0,0,0.0,0,0,1,0,0,0,0,0,0,0,0,0,0,gratuito
1,0.0,0,0.0,2,3,1,0,0,0,1,0,1,0,1,0,0,alto
2,10000.0,3,1.0,10,2,1,0,1,0,0,1,0,0,0,1,0,medio_baixo
2,10000.0,1,1.0,2,5,1,0,0,0,1,1,1,1,0,0,0,baixo
1,10000.0,210,0.9142857142857143,4,5,1,0,0,0,1,0,1,1,1,0,1,medio_baixo
2,0.0,0,0.0,1,3,1,0,0,0,1,0,0,1,0,0,0,gratuito
2,10000.0,2,1.0,10,4,1,1,1,0,1,0,1,1,0,1,0,baixo
10,350000.0,994,0.8782696177062375,1,4,1,1,1,1,1,1,1,0,1,0,0,baixo
1,0.0,0,0.0,1,1,1,0,0,0,0,0,0,0,1,0,0,alto
3,0.0,0,0.0,0,0,1,0,0,0,0,0,0,0,0,0,0,gratuito
6,10000.0,1,1.0,1,2,1,0,0,0,1,0,0,1,0,0,0,alto
7,10000.0,12,0.9166666666666666,1,2,1,0,0,0,1,0,0,0,0,0,1,alto
3,10000.0,4,0.5,12,4,1,0,0,0,1,0,0,1,0,1,1,medio_baixo
11,10000.0,44,0.7727272727272727,1,2,1,1,0,0,1,1,0,0,0,0,0,medio_baixo
5,10000.0,9,0.7777777777777778,1,1,1,0,0,0,0,0,0,1,0,0,0,medio_alto
3,0.0,0,0.0,0,0,1,0,0,0,0,0,0,0,0,0,0,gratuito
3,35000.0,15,1.0,1,2,1,1,0,0,0,1,0,1,0,0,0,medio_alto
8,10000.0,40,0.5,2,3,1,0,0,0,0,1,0,0,0,1,0,medio_baixo
2,0.0,0,0.0,1,3,1,0,0,0,1,0,0,1,0,0,0,gratuito
3,10000.0,8,0.875,4,4,1,0,0,0,1,0,0,1,0,1,0,gratuito
1,10000.0,69,0.9710144927536232,18,2,1,1,1,1,1,1,0,0,0,0,0,medio_alto
7,10000.0,26,0.6538461538461539,2,3,1,0,0,0,1,0,1,0,0,0,0,gratuito
8,750000.0,11200,0.8827678571428571,9,1,1,0,0,0,0,0,0,0,1,0,0,alto
3,10000.0,30,0.9666666666666667,1,3,1,1,1,0,0,0,1,1,0,1,0,baixo
7,10000.0,74,0.918918918918919,1,3,1,0,0,0,1,0,0,0,0,1,0,gratuito
8,10000.0,45,0.6,27,1,1,0,0,0,0,0,0,0,0,0,0,alto
11,35000.0,125,0.544,1,1,1,0,0,0,0,0,1,0,0,0,0,baixo
6,10000.0,10,1.0,1,3,1,0,0,0,0,1,0,0,0,0,0,medio_alto
6,35000.0,920,0.9586956521739131,2,3,1,0,0,0,1,0,1,1,0,0,0,medio_baixo
7,10000.0,18,0.6111111111111112,1,3,1,1,1,0,1,0,1,1,0,0,0,medio_alto
13,75000.0,356,0.648876404494382,5,1,1,0,0,0,0,0,0,0,0,0,1,alto
10,150000.0,1758,0.6973833902161547,12,2,1,1,0,1,1,0,1,0,0,0,0,medio_baixo
4,10000.0,1,1.0,1,3,1,0,0,0,1,1,0,1,0,0,0,medio_alto
1,10000.0,14,0.7142857142857143,10,2,1,0,0,0,1,0,0,0,0,1,0,medio_alto
17,350000.0,3967,0.7955633980337786,1,6,1,1,0,0,1,1,1,1,1,1,0,alto
1,0.0,0,0.0,1,1,1,0,0,0,0,0,0,1,0,0,0,alto
5,10000.0,1,1.0,4,4,1,0,0,0,1,0,1,1,0,1,0,baixo
1,0.0,0,0.0,0,0,1,0,0,0,0,0,0,0,0,0,0,gratuito
2,10000.0,44,0.6363636363636364,2,1,1,0,0,0,0,1,0,0,0,0,0,medio_alto
1,10000.0,0,0.0,1,2,1,0,1,0,1,0,0,1,0,0,0,medio_baixo
2,10000.0,0,0.0,0,1,1,0,0,0,0,1,0,0,0,0,0,medio_baixo
2,10000.0,1,0.0,1,3,1,0,0,0,1,0,0,1,0,0,0,medio_baixo
1,10000.0,352,0.8267045454545454,13,5,1,0,0,0,1,1,1,1,0,0,1,alto
13,350000.0,482,0.7468879668049793,1,3,1,1,0,0,1,1,0,0,0,1,0,medio_alto
2,0.0,0,0.0,0,0,1,0,0,0,0,0,0,0,0,0,0,gratuito
9,10000.0,6,0.5,1,1,1,0,0,0,1,0,0,0,0,0,0,medio_baixo
11,75000.0,337,0.6913946587537092,5,3,1,1,0,0,0,1,1,0,1,0,0,medio_alto
6,10000.0,1,1.0,1,2,1,1,0,0,1,1,0,0,0,0,0,alto
4,10000.0,4,0.5,1,4,1,0,0,0,1,1,0,1,0,1,0,medio_baixo
13,3500000.0,10952,0.7886230825420014,1,2,1,0,0,0,0,1,0,0,0,0,0,gratuito
6,10000.0,9,1.0,2,3,1,0,0,0,1,0,1,0,1,0,0,medio_alto
7,10000.0,20,0.5,1,3,1,0,0,0,1,1,1,0,0,0,0,baixo
5,35000.0,58,0.9827586206896551,1,3,1,0,0,0,1,0,1,0,0,0,0,gratuito
4,10000.0,67,0.7014925373134329,1,8,1,0,0,0,1,1,1,1,1,1,0,medio_alto
6,10000.0,51,0.7058823529411765,1,7,1,1,1,0,1,1,1,1,1,1,0,alto
5,0.0,0,0.0,1,3,1,0,0,9,0,0,0,0,1,0,1,gratuito
1,10000.0,0,0.0,1,1,1,0,1,0,0,0,0,0,1,0,0,alto
3,10000.0,0,0.0,2,2,1,0,0,0,0,0,1,0,0,0,0,gratuito
4,35000.0,15,0.7333333333333333,1,2,1,0,0,0,1,0,1,0,0,0,0,gratuito
1,10000.0,0,0.0,4,3,1,0,0,0,1,1,0,0,0,0,1,medio_alto
6,10000.0,16,0.75,1,5,1,0,0,0,1,0,1,1,0,1,0,gratuito
5,10000.0,84,0.7857142857142857,1,6,1,0,0,0,1,1,0,1,0,0,0,alto
5,0.0,0,0.0,1,3,1,0,0,0,0,1,0,0,1,0,0,gratuito
1,10000.0,0,0.0,14,4,1,0,0,4,0,1,1,0,1,0,0,alto
8,10000.0,13,0.38461538461538464,1,2,1,0,0,0,1,0,0,0,0,1,0,medio_alto
2,0.0,0,0.0,1,2,1,0,0,0,1,0,0,0,0,0,0,gratuito
1,10000.0,0,0.0,1,3,1,0,0,0,1,1,0,1,0,0,0,medio_alto
8,35000.0,41,0.7804878048780488,1,6,1,1,1,0,0,0,0,0,0,0,0,alto
1,10000.0,0,0.0,1,3,1,1,0,0,0,1,1,0,1,0,0,medio_alto
3,10000.0,214,0.7102803738317757,10,6,1,0,0,0,1,1,1,0,1,1,0,medio_alto
11,10000.0,72,0.3194444444444444,1,3,1,0,0,0,1,0,1,0,1,0,0,baixo
6,10000.0,33,0.6666666666666666,3,4,1,0,0,2,1,1,1,0,1,0,0,alto
1,10000.0,0,0.0,1,1,1,1,1,0,0,0,0,1,0,0,0,medio_baixo
4,10000.0,85,0.9764705882352941,1,2,1,0,0,0,1,0,0,0,0,1,0,medio_alto
13,75000.0,351,0.5612535612535613,7,2,1,0,0,0,1,0,1,0,0,0,0,medio_baixo
5,10000.0,21,0.9523809523809523,1,1,1,0,0,0,0,0,0,0,0,1,0,medio_baixo
8,10000.0,11,0.8181818181818182,1,3,1,0,0,0,1,1,0,1,0,0,0,baixo
3,10000.0,3,0.3333333333333333,4,1,1,0,0,0,0,0,0,1,0,0,0,medio_alto
1,0.0,0,0.0,1,3,1,0,0,0,1,0,0,1,0,1,0,alto
2,35000.0,25,1.0,2,1,1,0,0,0,1,0,0,0,0,0,0,baixo
6,350000.0,1546,0.6532988357050453,1,4,1,1,0,0,1,0,0,0,0,0,0,gratuito
1,10000.0,0,0.0,1,5,1,0,0,0,1,1,0,1,0,1,0,medio_baixo
2,10000.0,10,1.0,1,4,1,0,0,0,1,1,1,1,0,0,0,baixo
1,0.0,0,0.0,5,2,1,1,0,0,0,1,0,1,0,0,0,medio_baixo
6,10000.0,282,0.900709219858156,6,6,1,1,1,0,1,1,0,0,1,0,1,medio_alto
3,0.0,0,0.0,3,2,1,0,0,0,0,0,1,0,0,0,0,gratuito
2,10000.0,0,0.0,1,2,1,0,0,0,1,0,0,1,0,0,0,baixo
4,10000.0,5,0.6,1,5,1,0,0,0,1,0,0,1,1,0,1,baixo
3,10000.0,21,0.9047619047619048,9,2,1,0,0,0,0,1,1,0,0,0,0,baixo
7,10000.0,0,0.0,1,3,1,0,0,0,1,0,0,0,0,1,1,medio_baixo
7,10000.0,464,0.8857758620689655,1,4,1,0,0,2,0,0,1,1,0,0,1,medio_baixo
5,35000.0,27,0.4074074074074074,22,3,1,0,0,0,0,0,1,1,0,0,1,medio_alto
1,10000.0,0,0.0,1,7,1,0,0,0,1,1,1,1,1,1,1,medio_alto
11,10000.0,22,0.7727272727272727,1,3,1,0,0,0,1,1,0,1,0,0,0,medio_alto
1,10000.0,0,0.0,3,3,1,0,0,0,1,0,0,1,0,1,0,alto
2,10000.0,0,0.0,1,3,1,0,0,0,1,1,1,0,0,0,0,baixo
6,35000.0,245,0.9387755102040817,103,3,1,1,0,1,1,0,1,1,0,0,0,medio_baixo
6,150000.0,499,0.9158316633266533,1,4,1,0,0,0,1,0,1,1,0,0,1,gratuito
4,10000.0,14,0.2857142857142857,2,3,1,0,0,0,1,1,0,0,1,0,0,medio_baixo
3,10000.0,0,0.0,1,7,1,0,0,0,1,0,0,1,0,1,1,gratuito
17,10000.0,16,0.9375,1,1,1,1,0,0,0,0,0,1,0,0,0,alto
2,10000.0,6,0.8333333333333334,1,1,1,0,0,0,0,0,0,0,1,0,0,baixo
8,10000.0,12,0.0,8,3,1,0,0,0,0,1,1,0,0,0,1,baixo
6,35000.0,337,0.7329376854599406,7,6,1,0,0,0,1,1,0,1,0,1,1,medio_alto
10,35000.0,105,0.7047619047619048,1,3,1,1,0,0,1,1,0,1,0,0,0,medio_baixo
3,10000.0,18,0.8888888888888888,1,3,1,0,0,1,1,1,0,0,0,0,0,gratuito
1,0.0,0,0.0,1,4,1,0,0,0,0,1,0,0,1,1,0,gratuito
2,10000.0,5,0.8,1,5,1,0,0,0,1,1,1,1,0,0,0,gratuito
4,10000.0,4,0.25,2,4,1,0,0,0,1,1,0,1,1,0,0,alto
8,10000.0,3,1.0,1,3,1,0,0,0,1,0,1,1,0,0,0,baixo
5,35000.0,5,1.0,3,2,1,0,0,0,1,0,0,0,1,0,0,medio_baixo
5,75000.0,22,0.9545454545454546,9,1,1,0,0,0,0,0,0,1,0,0,0,medio_baixo
12,75000.0,862,0.8700696055684455,10,2,1,1,1,0,1,1,0,0,0,0,0,medio_baixo
3,0.0,0,0.0,2,3,1,0,0,0,1,0,1,0,0,0,0,gratuito
1,10000.0,0,0.0,1,3,1,0,0,0,1,0,0,0,1,1,0,medio_baixo
6,10000.0,51,0.7647058823529411,1,3,1,0,0,1,1,0,1,1,0,0,0,alto
2,10000.0,1,1.0,1,6,1,0,0,0,1,1,1,1,1,1,0,baixo
1,10000.0,0,0.0,5,2,1,0,0,0,1,1,0,0,0,0,0,medio_baixo
9,10000.0,10,0.9,1,2,1,1,1,0,1,0,0,0,1,0,0,medio_alto
2,35000.0,5,0.8,1,2,1,0,0,0,1,0,1,0,0,0,0,medio_alto
2,10000.0,8,0.625,8,2,1,0,0,0,0,1,1,0,0,0,0,alto
1,0.0,0,0.0,9,5,1,0,0,0,1,1,1,1,1,0,0,baixo
6,10000.0,147,0.8775510204081632,4,4,1,1,1,0,1,1,1,1,0,0,0,baixo
1,0.0,0,0.0,1,5,1,0,0,3,1,0,1,0,1,1,0,gratuito
14,350000.0,2173,0.8711458812701335,1,3,1,0,0,5,1,0,1,1,0,0,0,baixo
8,10000.0,31,0.8387096774193549,3,1,1,0,0,0,0,0,0,1,0,0,0,medio_alto
8,10000.0,71,0.8591549295774648,3,2,1,1,0,0,1,0,1,0,0,0,0,baixo
1,10000.0,0,0.0,1,2,1,1,1,0,1,0,0,1,0,0,0,medio_alto
8,35000.0,41,0.5365853658536586,1,2,1,1,1,0,0,0,0,1,0,1,0,medio_baixo
1,10000.0,0,0.0,1,5,1,0,0,0,1,1,0,1,1,1,0,alto
12,10000.0,17,0.35294117647058826,1,3,1,1,1,0,1,0,0,1,0,0,1,alto
2,10000.0,0,0.0,1,2,1,0,0,0,0,0,0,1,1,0,0,alto
1,0.0,0,0.0,1,3,1,0,0,0,0,1,0,0,0,0,1,gratuito
9,10000.0,8,1.0,1,2,1,0,0,0,0,0,0,0,0,0,0,alto
1,0.0,0,0.0,0,0,1,0,0,0,0,0,0,0,0,0,0,gratuito
2,0.0,0,0.0,1,3,1,0,0,0,1,0,0,1,0,0,1,gratuito
1,0.0,0,0.0,3,1,1,1,1,0,0,0,0,1,0,0,0,alto
2,10000.0,13,0.8461538461538461,4,2,1,0,1,1,1,1,0,0,0,0,0,medio_baixo
1,10000.0,104,0.9230769230769231,2,3,1,1,1,1,1,0,0,0,1,0,1,alto
8,10000.0,11,0.9090909090909091,1,4,1,0,1,0,1,1,0,1,0,0,0,baixo
3,10000.0,18,0.8888888888888888,1,1,1,0,0,1,0,0,0,0,1,0,0,baixo
7,10000.0,28,0.8571428571428571,2,3,1,0,0,0,1,1,1,0,0,0,0,alto
6,10000.0,7,0.8571428571428571,3,5,1,0,0,1,1,0,1,1,1,0,0,alto
7,10000.0,0,0.0,1,2,1,0,0,0,1,1,0,0,0,0,0,baixo
7,10000.0,23,0.7391304347826086,2,4,1,0,0,0,1,0,1,0,0,0,1,gratuito
3,35000.0,94,0.7446808510638298,6,1,1,0,0,3,1,0,0,0,0,0,0,medio_baixo
12,150000.0,615,0.8341463414634146,2,1,1,1,1,0,0,0,0,0,0,0,1,baixo
10,10000.0,63,0.746031746031746,1,5,1,0,0,0,0,0,0,0,0,0,0,gratuito
4,10000.0,10,1.0,8,3,1,1,0,0,0,0,1,1,0,1,0,alto
5,10000.0,2,0.5,9,2,1,0,0,0,1,0,1,0,0,0,0,medio_baixo
2,0.0,0,0.0,0,0,1,0,0,0,0,0,0,0,0,0,0,gratuito
1,10000.0,0,0.0,9,3,1,0,0,0,1,0,1,0,0,0,1,baixo
1,0.0,0,0.0,0,0,1,0,0,0,0,0,0,0,0,0,0,gratuito
10,10000.0,70,0.6571428571428571,2,3,1,0,0,0,1,0,0,0,0,1,0,gratuito
1,150000.0,1340,0.7343283582089553,3,4,1,0,0,1,1,0,1,0,1,1,0,alto
1,0.0,0,0.0,0,0,1,0,0,0,0,0,0,0,0,0,0,gratuito
1,10000.0,3,1.0,12,2,1,1,0,0,1,1,0,0,0,0,0,medio_alto
1,0.0,0,0.0,103,7,1,0,0,0,1,1,1,1,1,1,0,baixo
5,10000.0,6,1.0,1,2,1,0,0,0,1,1,0,0,0,0,0,medio_baixo
1,10000.0,10,1.0,1,2,1,1,1,0,1,0,1,0,0,0,0,medio_baixo
9,150000.0,813,0.8794587945879458,10,2,1,1,0,4,1,0,0,0,0,1,0,medio_baixo
5,35000.0,904,0.9026548672566371,6,4,1,1,1,1,1,0,1,1,1,0,0,medio_baixo
3,0.0,0,0.0,1,2,1,0,0,0,0,0,0,0,1,0,0,gratuito
6,10000.0,8,0.875,3,3,1,1,1,0,1,0,1,1,0,0,0,medio_baixo
2,35000.0,186,0.9139784946236559,13,2,1,1,0,0,0,1,1,0,0,0,0,medio_alto
1,0.0,0,0.0,0,0,1,0,0,0,0,0,0,0,0,0,0,gratuito
8,35000.0,412,0.3470873786407767,1,2,1,0,0,0,1,0,0,0,0,0,0,baixo
2,150000.0,255,0.8823529411764706,1,4,1,0,0,0,1,0,0,0,1,1,1,alto
11,35000.0,103,0.7281553398058253,1,3,1,1,1,0,1,1,1,0,0,0,0,baixo
5,10000.0,2,1.0,3,4,1,0,0,0,1,1,1,1,0,0,0,alto
1,10000.0,0,0.0,27,2,1,1,1,0,1,0,0,0,0,0,1,baixo
6,10000.0,14,0.8571428571428571,2,3,1,0,0,0,1,1,1,0,0,0,0,medio_baixo
2,10000.0,8,0.75,1,1,1,0,0,0,0,0,0,0,0,0,0,medio_baixo
4,35000.0,1,1.0,2,1,1,0,0,0,0,0,0,0,1,0,0,medio_baixo
1,0.0,0,0.0,2,2,1,0,0,0,1,1,0,0,0,0,0,medio_alto
1,0.0,0,0.0,1,3,1,0,0,0,1,1,0,0,0,0,0,medio_alto
1,10000.0,0,0.0,5,3,1,0,0,1,1,0,0,0,1,1,0,alto
1,0.0,0,0.0,103,2,1,0,1,0,1,0,0,1,0,0,0,medio_baixo
6,10000.0,0,0.0,1,1,1,0,0,0,0,0,0,0,0,0,1,baixo
10,10000.0,55,0.8545454545454545,1,4,1,0,0,0,1,1,0,1,0,0,0,medio_alto
3,10000.0,3,0.6666666666666666,13,2,1,0,0,0,1,0,0,0,0,1,0,baixo
2,10000.0,3,1.0,1,2,1,0,0,0,1,0,0,1,0,0,0,medio_alto
7,10000.0,146,0.9041095890410958,2,3,1,0,0,0,1,0,0,1,0,0,1,medio_baixo
10,1500000.0,28140,0.8570362473347548,10,1,1,0,0,1,0,1,0,0,0,0,0,alto
4,75000.0,56,0.625,6,5,1,0,0,0,1,1,0,0,0,0,0,baixo
1,10000.0,0,0.0,1,2,1,0,0,0,1,0,0,1,0,0,0,medio_alto
7,10000.0,8,0.875,4,3,1,1,0,0,0,0,1,1,0,1,0,medio_alto
4,10000.0,45,0.9555555555555556,3,1,1,1,1,1,1,0,0,0,0,0,0,medio_alto
5,10000.0,2,0.5,1,2,1,0,0,0,1,0,1,0,0,0,0,medio_baixo
3,10000.0,47,0.6170212765957447,1,3,1,0,0,0,0,0,0,0,0,1,1,alto
5,10000.0,31,0.5806451612903226,7,2,1,1,1,0,0,0,1,1,0,0,0,medio_baixo
5,75000.0,723,0.7773167358229599,1,4,1,0,0,1,1,0,1,0,1,0,1,alto
2,10000.0,11,1.0,1,1,1,0,0,0,0,0,0,0,0,1,0,medio_baixo
5,0.0,0,0.0,6,3,1,0,0,0,1,0,1,0,1,0,0,gratuito
11,350000.0,1875,0.9136,1,3,1,1,0,0,1,1,1,0,0,0,0,alto
1,10000.0,0,0.0,7,5,1,0,0,0,1,0,1,1,1,1,0,alto
6,10000.0,17,0.7647058823529411,1,3,1,1,0,0,0,0,0,1,0,0,0,gratuito
1,0.0,0,0.0,1,1,1,0,0,0,0,0,0,1,0,0,0,medio_baixo
3,10000.0,13,1.0,1,3,1,1,1,0,1,1,0,0,0,0,0,medio_alto
2,10000.0,74,0.918918918918919,11,2,1,1,1,0,1,0,0,1,0,0,0,alto
4,10000.0,119,0.8403361344537815,10,2,1,1,0,0,0,0,0,0,0,1,1,alto
5,350000.0,3798,0.7027382833070037,11,3,1,0,0,10,1,0,0,0,0,1,1,medio_baixo
5,0.0,0,0.0,1,1,1,0,0,0,1,0,0,0,0,0,0,gratuito
8,35000.0,1432,0.8289106145251397,5,2,1,1,1,4,1,0,0,0,1,0,0,medio_alto
6,10000.0,24,0.375,1,5,1,1,0,0,1,0,0,1,0,1,1,alto
5,10000.0,0,0.0,5,3,1,0,0,0,1,0,0,0,1,0,1,alto
3,10000.0,4,1.0,7,3,1,0,0,0,1,0,1,0,0,0,0,medio_alto
1,0.0,0,0.0,0,0,1,0,0,0,0,0,0,0,0,0,0,gratuito
9,10000.0,21,0.9523809523809523,2,1,1,1,0,0,1,0,0,0,0,0,0,medio_baixo
9,35000.0,85,0.611764705882353,13,3,1,1,1,0,1,0,0,0,0,1,1,baixo
1,0.0,0,0.0,1,3,1,0,0,0,1,1,1,0,0,0,0,medio_alto
12,350000.0,4426,0.9089471305919566,1,3,1,1,1,0,1,1,0,0,0,0,1,medio_baixo
1,10000.0,0,0.0,1,2,1,1,1,1,1,0,0,1,0,0,0,alto
20,35000.0,204,0.7941176470588235,1,1,1,0,0,0,0,0,0,0,0,1,0,medio_baixo
8,10000.0,13,1.0,2,3,1,0,0,0,1,1,0,1,0,0,0,medio_baixo
2,10000.0,103,0.9320388349514563,15,3,1,0,1,0,1,1,1,0,0,0,0,alto
4,10000.0,51,0.7254901960784313,1,1,1,0,0,0,0,0,0,0,1,0,0,baixo
1,0.0,0,0.0,1,3,1,0,0,0,0,0,0,1,0,1,1,medio_alto
2,10000.0,43,0.7441860465116279,6,3,1,0,0,0,1,0,0,1,1,0,0,medio_baixo
1,10000.0,0,0.0,1,3,1,0,1,0,1,1,0,1,0,0,0,baixo
6,10000.0,2,1.0,2,3,1,0,0,0,1,1,0,1,0,0,0,medio_alto
3,0.0,0,0.0,0,0,1,0,0,0,0,0,0,0,0,0,0,gratuito
5,0.0,0,0.0,0,0,1,0,0,0,0,0,0,0,0,0,0,gratuito
1,10000.0,63,1.0,1,3,1,0,0,1,1,0,0,1,0,1,0,medio_alto
3,10000.0,14,0.9285714285714286,3,2,1,0,0,1,1,0,1,0,0,0,0,medio_baixo
10,10000.0,24,0.75,4,2,1,0,0,0,1,1,0,0,0,0,0,baixo
1,0.0,0,0.0,14,5,1,0,0,0,0,1,1,0,1,0,0,gratuito
3,10000.0,54,1.0,4,2,1,0,0,0,1,0,0,1,0,0,0,medio_alto
1,10000.0,0,0.0,18,3,1,0,0,0,1,0,0,0,0,1,1,alto
2,350000.0,9557,0.5663911269226745,11,1,1,0,0,11,0,1,0,0,0,0,0,medio_baixo
5,10000.0,64,0.78125,7,3,1,0,0,0,1,0,0,1,0,1,0,baixo
4,10000.0,27,0.9629629629629629,2,5,1,0,0,0,1,0,0,1,0,1,1,baixo
1,0.0,0,0.0,0,0,1,0,0,0,0,0,0,0,0,0,0,gratuito
12,35000.0,90,0.6444444444444445,1,2,1,1,1,0,1,0,0,0,0,1,0,gratuito
7,35000.0,166,0.963855421686747,1,1,1,0,0,0,1,0,0,0,0,0,0,gratuito
1,10000.0,5,0.8,2,4,1,0,0,0,1,0,0,1,0,1,0,medio_baixo
4,10000.0,9,0.3333333333333333,1,2,1,0,0,0,1,0,1,0,0,0,0,baixo
4,10000.0,426,0.8333333333333334,8,2,1,0,0,0,0,0,1,1,0,0,0,alto
6,35000.0,248,0.46774193548387094,3,4,1,0,0,1,0,0,0,1,1,1,1,baixo
8,10000.0,127,0.8346456692913385,17,1,1,0,0,0,0,0,0,0,0,0,0,medio_baixo
7,10000.0,68,0.6764705882352942,29,2,1,1,0,0,0,0,0,1,0,1,0,baixo
6,10000.0,1,0.0,1,3,1,0,1,0,1,0,0,1,0,0,1,alto
5,10000.0,4,1.0,3,4,1,0,0,0,0,0,0,0,0,0,0,alto
6,35000.0,232,0.6853448275862069,10,5,1,0,0,1,1,1,1,1,1,0,0,medio_baixo
2,10000.0,1,0.0,1,4,1,0,0,0,1,0,0,1,1,0,1,medio_alto
6,75000.0,672,0.8943452380952381,2,3,1,1,0,0,1,0,0,0,0,1,0,gratuito
2,10000.0,34,1.0,1,2,1,1,1,0,1,0,0,1,0,0,0,medio_alto
6,75000.0,1202,0.7412645590682196,1,3,1,0,0,0,1,1,0,0,0,0,0,alto
1,10000.0,0,0.0,1,2,1,1,1,0,1,0,0,1,0,0,0,alto
2,0.0,0,0.0,1,1,1,0,0,0,0,0,0,0,0,0,0,gratuito
9,10000.0,5,0.6,1,4,1,1,0,0,1,1,1,0,0,0,0,alto
2,35000.0,16,0.9375,4,3,1,0,0,0,1,1,1,0,0,0,0,medio_alto
1,0.0,0,0.0,0,0,1,0,0,0,0,0,0,0,0,0,0,gratuito
10,10000.0,59,0.559322033898305,2,2,1,1,1,0,1,0,0,0,0,0,1,baixo
5,10000.0,0,0.0,1,2,1,0,0,0,0,0,1,1,0,0,0,medio_alto
5,10000.0,9,0.6666666666666666,1,3,1,0,0,0,1,1,0,0,0,0,0,medio_alto
1,0.0,0,0.0,1,2,1,0,0,0,1,0,0,1,0,0,0,medio_baixo
10,10000.0,5,0.2,1,2,1,0,0,0,0,1,0,0,0,0,1,medio_alto
2,10000.0,11,0.8181818181818182,1,1,1,1,1,0,0,1,0,0,0,0,0,medio_alto
3,10000.0,6,0.8333333333333334,1,2,1,0,0,0,0,1,0,1,0,0,0,medio_alto
9,35000.0,71,0.29577464788732394,1,1,1,1,0,0,0,0,0,1,0,0,0,baixo
3,10000.0,5,1.0,7,3,1,1,0,0,1,0,1,0,0,1,0,medio_baixo
2,10000.0,0,0.0,1,3,1,0,0,0,1,1,1,0,0,0,0,baixo
5,10000.0,0,0.0,1,2,1,0,0,0,1,0,0,1,0,0,0,medio_baixo
11,150000.0,858,0.921911421911422,1,3,1,1,0,0,1,1,0,0,0,0,0,gratuito
1,0.0,0,0.0,0,0,1,0,0,0,0,0,0,0,0,0,0,gratuito
5,10000.0,5,0.6,1,2,1,0,0,0,1,0,0,1,0,0,0,baixo
10,35000.0,328,0.7225609756097561,3,3,1,0,0,1,1,0,1,1,0,0,0,baixo
3,10000.0,6,0.5,1,6,1,0,0,0,1,0,1,0,1,0,1,alto
7,10000.0,105,0.8857142857142857,1,5,1,1,0,1,1,0,1,1,1,0,0,gratuito
3,0.0,0,0.0,0,0,1,0,0,0,0,0,0,0,0,0,0,gratuito
5,10000.0,0,0.0,1,3,1,0,0,0,1,0,1,1,0,0,0,gratuito
2,0.0,0,0.0,0,0,1,0,0,0,0,0,0,0,0,0,0,gratuito
7,10000.0,4,1.0,4,2,1,0,0,0,1,0,0,1,0,0,0,medio_alto
2,10000.0,0,0.0,1,2,1,0,0,0,0,1,0,1,0,0,0,medio_baixo
2,0.0,0,0.0,103,3,1,0,0,0,1,0,1,1,0,0,0,baixo
2,75000.0,431,0.6890951276102089,10,4,1,0,0,0,1,0,0,1,0,1,1,medio_alto
9,10000.0,11,0.9090909090909091,1,4,1,1,0,0,1,1,1,0,1,0,0,medio_alto
3,10000.0,14,1.0,1,3,1,0,0,0,1,0,0,0,0,0,0,alto
6,10000.0,8,0.75,4,1,1,0,0,0,0,0,0,1,0,0,0,medio_alto
1,0.0,0,0.0,0,0,1,0,0,0,0,0,0,0,0,0,0,gratuito
1,10000.0,0,0.0,9,5,1,0,0,0,1,1,1,0,1,1,0,alto
3,10000.0,1,1.0,1,5,1,0,0,0,0,0,0,0,0,0,0,baixo
2,0.0,0,0.0,7,4,1,0,0,0,1,1,0,1,0,0,0,gratuito
10,350000.0,207,0.4492753623188406,1,2,1,0,0,0,1,1,0,0,0,0,0,baixo
8,10000.0,12,0.75,2,2,1,0,0,0,1,0,1,0,0,0,0,medio_alto
1,10000.0,145,0.7724137931034483,5,3,1,0,0,1,1,0,0,0,0,1,1,alto
8,10000.0,13,0.46153846153846156,1,3,1,0,0,0,0,1,0,0,0,1,1,baixo
2,150000.0,3811,0.9430595644187877,8,1,1,0,0,0,0,0,0,0,1,0,0,alto
2,10000.0,1,1.0,1,5,1,0,0,0,1,1,1,1,0,1,0,medio_baixo
4,35000.0,1,0.0,1,4,1,0,0,0,1,0,0,1,0,1,1,alto
8,35000.0,217,0.7695852534562212,1,2,1,0,0,0,1,1,0,0,0,0,0,medio_alto
4,0.0,0,0.0,12,7,1,1,1,0,1,1,1,1,0,1,1,gratuito
2,10000.0,17,0.6470588235294118,14,3,1,0,0,0,1,0,1,0,0,0,1,baixo
2,10000.0,1,1.0,5,2,1,0,0,2,1,0,1,0,0,0,0,alto
5,10000.0,0,0.0,1,2,1,0,0,0,1,0,0,1,0,0,0,baixo
5,10000.0,415,0.5759036144578313,1,6,1,0,0,0,1,1,1,1,0,0,1,medio_alto
4,10000.0,41,0.5121951219512195,2,3,1,0,0,0,1,1,1,0,0,0,0,medio_baixo
3,10000.0,35,0.9428571428571428,1,1,1,0,0,0,0,0,1,0,0,0,0,medio_baixo
1,10000.0,195,0.764102564102564,12,2,1,1,1,1,0,0,0,1,0,1,0,alto
10,10000.0,86,0.7906976744186046,1,3,1,1,1,0,1,1,0,1,0,0,0,baixo
2,10000.0,354,0.8559322033898306,10,3,1,0,0,0,1,1,1,0,0,0,0,alto
2,10000.0,13,1.0,1,4,1,0,0,0,1,0,0,0,0,0,1,medio_alto
3,35000.0,274,0.7664233576642335,1,2,1,0,0,0,0,1,0,0,0,0,0,medio_baixo
7,10000.0,12,0.5,1,3,1,0,0,0,0,1,1,0,0,0,0,baixo
9,10000.0,50,0.7,1,3,1,1,0,0,1,0,0,0,1,1,0,alto
2,10000.0,6,0.8333333333333334,3,3,1,0,0,0,1,0,0,0,1,0,1,medio_alto
1,0.0,0,0.0,0,0,1,0,0,0,0,0,0,0,0,0,0,gratuito
3,10000.0,0,0.0,1,1,1,0,0,0,0,1,0,0,0,0,0,medio_baixo
6,75000.0,476,0.8004201680672269,14,1,1,0,0,1,1,0,0,0,0,0,0,medio_alto
7,10000.0,46,0.6739130434782609,4,3,1,1,0,0,1,0,0,0,0,1,0,gratuito
8,35000.0,5,0.8,1,2,1,0,0,0,1,0,0,0,0,0,0,medio_alto
1,10000.0,1,1.0,1,2,1,0,0,0,0,1,0,0,0,1,0,medio_baixo
9,75000.0,586,0.7201365187713311,1,3,1,0,1,0,1,0,1,1,0,0,0,medio_baixo
11,10000.0,46,0.5869565217391305,1,3,1,0,0,0,1,1,1,0,0,0,0,medio_baixo
11,10000.0,10,0.4,1,2,1,0,0,0,1,0,1,0,0,0,0,medio_baixo
8,35000.0,67,0.8208955223880597,2,2,1,0,0,0,1,1,0,0,0,0,0,baixo
4,10000.0,0,0.0,1,3,1,1,1,0,1,0,1,1,0,0,0,gratuito
5,10000.0,86,0.9651162790697675,2,4,1,1,0,1,1,1,1,0,1,0,0,medio_baixo
4,10000.0,102,0.7843137254901961,1,3,1,0,0,0,1,0,0,0,1,0,0,gratuito
3,35000.0,47,0.8936170212765957,9,1,1,0,0,2,0,1,0,0,0,0,0,medio_baixo
5,150000.0,933,0.92497320471597,1,3,1,0,0,0,1,0,1,1,0,0,0,baixo
4,10000.0,70,0.9428571428571428,4,2,1,0,0,1,1,0,1,0,0,0,0,medio_alto
1,10000.0,6,1.0,1,2,1,0,0,0,1,0,0,1,0,0,0,medio_alto
2,10000.0,0,0.0,12,3,1,1,1,0,1,0,0,1,0,1,0,baixo
3,10000.0,12,1.0,31,3,1,0,0,0,1,1,1,0,0,0,0,baixo
4,35000.0,163,0.7852760736196319,10,4,1,0,0,0,0,1,0,0,0,0,1,alto
4,0.0,0,0.0,2,3,1,0,0,0,1,0,0,1,0,0,0,gratuito
12,75000.0,180,0.7333333333333333,6,3,1,0,0,0,1,0,0,0,0,0,0,baixo
10,150000.0,929,0.844994617868676,10,1,1,1,0,1,0,1,0,0,0,0,0,alto
10,35000.0,210,0.8047619047619048,1,1,1,0,0,0,0,0,1,0,0,0,0,medio_alto
2,35000.0,12,0.8333333333333334,2,2,1,0,0,0,1,0,0,0,0,0,0,gratuito
1,0.0,0,0.0,0,0,1,0,0,0,0,0,0,0,0,0,0,gratuito
3,35000.0,343,0.9358600583090378,3,3,1,0,0,1,1,0,1,0,1,0,0,medio_alto
4,75000.0,1088,0.9770220588235294,12,4,1,1,0,3,1,1,1,0,1,0,0,alto
5,10000.0,12,0.4166666666666667,11,3,1,0,0,0,1,1,0,1,0,0,0,medio_baixo
9,10000.0,2,0.5,1,2,1,0,0,0,1,0,0,1,0,0,0,medio_alto
1,10000.0,12,0.9166666666666666,1,3,1,0,0,0,1,0,1,1,0,0,0,medio_alto
4,35000.0,267,0.846441947565543,6,4,1,0,0,0,1,0,0,1,0,1,1,medio_alto
1,0.0,0,0.0,2,4,1,1,0,1,1,1,1,1,0,0,0,baixo
1,0.0,0,0.0,1,6,1,0,0,0,1,0,0,1,0,0,1,gratuito
7,10000.0,11,0.7272727272727273,2,1,1,0,0,0,0,1,0,0,0,0,0,alto
2,10000.0,33,1.0,1,2,1,1,1,0,1,0,0,0,0,0,1,medio_alto
5,75000.0,744,0.5846774193548387,10,4,1,0,0,1,1,1,1,0,1,0,0,medio_baixo
9,150000.0,3751,0.819248200479872,1,1,1,0,0,7,0,1,0,0,0,0,0,alto
11,75000.0,158,0.7151898734177216,1,4,1,1,0,0,1,0,0,0,1,1,1,alto
7,10000.0,2,1.0,1,2,1,0,0,0,1,0,1,0,0,0,0,baixo
2,10000.0,17,0.8823529411764706,1,2,1,0,0,0,1,0,0,1,0,0,0,medio_baixo
9,750000.0,11690,0.5246364414029084,8,6,1,0,0,1,0,1,1,0,1,0,1,medio_alto
1,0.0,0,0.0,18,4,1,0,0,4,1,0,0,1,0,1,0,gratuito
9,350000.0,3970,0.8697732997481108,27,3,1,1,0,1,1,0,1,1,0,0,0,medio_baixo
5,10000.0,17,0.6470588235294118,29,4,1,0,0,0,1,1,1,1,0,0,0,baixo
2,10000.0,20,0.95,2,2,1,1,0,0,1,0,0,1,0,0,0,medio_alto
8,10000.0,1,0.0,1,5,1,0,0,0,1,0,1,1,0,1,0,alto
1,10000.0,0,0.0,6,1,1,0,0,1,0,1,0,0,0,0,0,medio_alto
2,10000.0,0,0.0,2,3,1,0,0,0,1,0,0,1,0,1,0,medio_alto
5,10000.0,38,0.42105263157894735,2,4,1,0,0,0,1,1,1,1,0,0,0,medio_baixo
3,0.0,0,0.0,0,0,1,0,0,0,0,0,0,0,0,0,0,gratuito
3,10000.0,1,1.0,1,3,1,0,0,0,0,0,0,1,0,0,0,medio_alto
1,10000.0,0,0.0,1,2,1,0,0,0,1,0,0,1,0,0,0,baixo
2,0.0,0,0.0,1,4,1,0,0,36,1,0,0,1,0,0,1,gratuito
3,10000.0,146,0.9452054794520548,1,5,1,0,0,0,0,0,0,0,0,0,0,medio_baixo
3,10000.0,0,0.0,1,4,1,0,0,0,1,0,0,0,0,1,0,gratuito
2,10000.0,0,0.0,6,3,1,1,1,0,1,1,0,0,0,1,0,gratuito
4,10000.0,11,0.7272727272727273,1,4,1,0,1,0,1,0,0,1,1,1,0,medio_baixo
5,10000.0,2,1.0,1,4,1,0,0,0,1,1,0,0,0,0,1,alto
6,35000.0,85,0.8941176470588236,2,3,1,1,1,1,1,0,0,0,1,0,0,gratuito
9,10000.0,25,0.36,1,4,1,1,0,0,1,1,1,0,1,0,0,baixo
7,10000.0,33,0.9090909090909091,1,2,1,0,0,0,0,1,1,0,0,0,0,baixo
5,10000.0,0,0.0,1,1,1,0,0,0,0,0,0,1,0,0,0,baixo
7,10000.0,60,0.75,7,2,1,1,0,0,1,0,0,0,0,1,0,medio_baixo
11,35000.0,134,0.8208955223880597,1,3,1,0,0,0,0,0,0,1,0,1,1,medio_baixo
3,0.0,0,0.0,1,4,1,0,0,0,1,0,1,1,0,0,1,gratuito
2,35000.0,726,0.8650137741046832,3,3,1,0,0,0,1,0,1,0,0,0,1,baixo
1,10000.0,0,0.0,3,2,1,0,0,0,1,0,1,0,0,0,0,alto
2,10000.0,0,0.0,1,1,1,0,0,0,0,0,0,0,1,0,0,medio_baixo
7,10000.0,11,0.8181818181818182,2,3,1,0,0,0,1,1,1,0,0,0,0,medio_baixo
9,10000.0,448,0.96875,1,3,1,0,0,0,1,0,0,1,0,0,1,medio_alto
1,0.0,0,0.0,1,1,1,1,0,0,1,0,0,0,0,0,0,medio_baixo
6,35000.0,61,0.9016393442622951,1,1,1,0,0,0,1,0,0,0,0,0,0,medio_alto
1,10000.0,0,0.0,5,3,1,0,0,0,0,1,0,1,0,0,0,medio_alto
1,0.0,0,0.0,1,2,1,0,0,0,1,0,0,0,0,0,0,gratuito
1,10000.0,0,0.0,4,2,1,0,0,0,0,0,0,1,1,0,0,alto
9,10000.0,6,0.5,2,4,1,1,0,0,1,0,1,1,0,1,0,medio_alto
4,10000.0,7,0.5714285714285714,10,3,1,0,0,0,1,1,1,0,0,0,0,alto
3,10000.0,18,0.2222222222222222,1,3,1,1,0,0,1,1,0,0,0,0,1,medio_alto
6,35000.0,72,0.8333333333333334,2,4,1,0,0,0,1,1,1,0,0,0,0,gratuito
3,35000.0,261,0.9386973180076629,1,3,1,0,0,0,1,1,0,0,0,0,1,medio_baixo
1,10000.0,19,0.6842105263157895,1,4,1,0,0,0,1,1,1,0,0,0,0,alto
4,35000.0,10,0.8,1,4,1,1,1,0,1,0,1,1,1,0,0,medio_alto
3,35000.0,224,0.9553571428571429,2,3,1,1,0,0,1,0,0,1,0,0,1,medio_alto
4,10000.0,1,1.0,1,6,1,0,0,0,1,0,1,0,1,1,1,alto
3,10000.0,0,0.0,1,1,1,0,0,0,0,0,0,1,0,0,0,medio_alto
17,35000.0,83,0.7349397590361446,7,1,1,0,0,0,1,0,0,0,0,0,0,alto
9,35000.0,98,0.7244897959183674,1,3,1,1,0,0,1,0,1,1,0,0,0,baixo
9,35000.0,43,0.3488372093023256,1,5,1,0,0,0,1,1,1,1,1,0,0,baixo
4,10000.0,6,0.8333333333333334,11,3,1,1,1,0,1,0,0,1,0,1,0,medio_alto
3,10000.0,2,0.0,1,2,1,0,0,0,1,1,0,0,0,0,0,medio_alto
2,10000.0,37,0.7297297297297297,7,3,1,1,0,0,1,0,0,1,0,0,1,medio_baixo
1,0.0,0,0.0,0,0,1,0,0,0,0,0,0,0,0,0,0,gratuito
1,10000.0,0,0.0,6,3,1,0,0,0,1,1,1,0,0,0,0,baixo
7,35000.0,341,0.906158357771261,4,2,1,0,0,6,0,0,1,1,0,0,0,medio_alto
4,35000.0,221,0.832579185520362,7,1,1,1,1,0,0,0,0,0,0,1,0,medio_baixo
7,10000.0,36,0.5833333333333334,1,2,1,0,0,0,0,0,1,0,0,0,0,gratuito
4,0.0,0,0.0,88,4,1,0,0,4,1,1,0,1,0,1,0,baixo
11,35000.0,60,0.7,5,3,1,0,0,0,1,1,1,0,0,0,0,baixo
7,350000.0,2322,0.9039621016365202,10,3,1,0,0,2,1,1,0,0,0,0,0,gratuito
5,10000.0,190,0.8263157894736842,2,2,1,0,0,1,1,1,0,0,0,0,0,medio_baixo
2,0.0,0,0.0,103,2,1,0,0,0,1,0,0,1,0,0,0,baixo
1,0.0,0,0.0,0,0,1,0,0,0,0,0,0,0,0,0,0,gratuito
7,350000.0,918,0.8638344226579521,8,3,1,0,0,0,0,0,0,0,0,0,0,gratuito
3,10000.0,2,1.0,1,2,1,1,0,0,0,0,1,1,0,0,0,medio_alto
9,10000.0,11,1.0,1,2,1,1,0,0,1,1,0,0,0,0,0,baixo
6,10000.0,2,1.0,1,3,1,0,0,0,1,1,0,1,0,0,0,medio_alto
1,0.0,0,0.0,0,0,1,0,0,0,0,0,0,0,0,0,0,gratuito
3,0.0,0,0.0,6,3,1,0,0,0,0,0,0,0,0,0,1,gratuito
6,10000.0,0,0.0,3,2,1,0,1,0,0,0,1,1,0,0,0,medio_baixo
1,0.0,0,0.0,1,1,1,0,0,0,0,0,0,1,0,0,0,medio_alto
7,10000.0,7,0.5714285714285714,1,4,1,0,0,0,1,1,0,1,0,0,0,gratuito
4,10000.0,6,0.5,1,4,1,0,0,1,1,1,0,0,0,1,1,alto
1,10000.0,0,0.0,1,4,1,0,0,0,0,0,1,0,1,1,0,alto
4,0.0,0,0.0,1,3,1,0,0,0,0,0,0,1,1,0,0,gratuito
1,10000.0,0,0.0,17,3,1,0,0,0,1,0,0,1,0,0,1,alto
1,10000.0,0,0.0,1,3,1,0,0,0,0,0,1,1,1,0,0,alto
5,10000.0,1,1.0,1,4,1,0,0,0,1,1,1,0,0,0,0,alto
6,10000.0,2,0.0,1,3,1,0,0,0,1,1,0,1,0,0,0,medio_baixo
9,10000.0,0,0.0,1,4,1,0,0,0,1,1,0,0,0,0,1,medio_alto
9,10000.0,13,0.5384615384615384,1,2,1,0,0,0,0,0,0,0,0,0,0,medio_baixo
2,0.0,0,0.0,0,0,1,0,0,0,0,0,0,0,0,0,0,gratuito
1,10000.0,1,1.0,1,3,1,1,0,0,1,0,0,1,0,0,1,medio_baixo
4,10000.0,9,0.6666666666666666,1,6,1,0,0,0,0,1,1,1,0,1,0,gratuito
2,10000.0,2,1.0,1,3,1,1,0,0,0,0,0,0,0,0,0,baixo
6,75000.0,1,0.0,1,2,1,0,0,0,0,0,0,0,0,0,1,baixo
3,10000.0,0,0.0,3,1,1,0,0,0,0,0,0,1,0,0,0,baixo
2,3500000.0,106939,0.6092632248291082,14,2,1,0,0,22,0,1,0,0,1,0,0,alto
4,0.0,0,0.0,1,1,1,1,1,0,1,0,0,0,0,0,0,gratuito
2,10000.0,1,0.0,1,1,1,0,0,0,0,0,0,1,0,0,0,medio_baixo
3,0.0,0,0.0,2,3,1,0,1,0,1,0,0,1,0,1,0,gratuito
1,0.0,0,0.0,2,2,1,0,0,0,1,0,0,0,0,0,0,gratuito
2,0.0,0,0.0,1,3,1,0,0,0,0,0,0,0,1,1,0,gratuito
7,750000.0,8701,0.8511665325824618,11,4,1,0,0,2,1,1,0,0,0,1,1,medio_alto
1,10000.0,0,0.0,2,3,1,0,0,0,1,0,0,1,0,0,0,medio_baixo
1,0.0,0,0.0,0,0,1,0,0,0,0,0,0,0,0,0,0,gratuito
4,0.0,0,0.0,0,0,1,0,0,0,0,0,0,0,0,0,0,gratuito
4,0.0,0,0.0,0,0,1,0,0,0,0,0,0,0,0,0,0,gratuito
1,0.0,0,0.0,0,0,1,0,0,0,0,0,0,0,0,0,0,gratuito
10,750000.0,5095,0.7801766437684003,9,3,1,1,1,2,1,0,1,0,1,0,0,baixo
1,10000.0,3,1.0,1,3,1,0,0,0,1,0,0,1,0,1,0,medio_alto
2,10000.0,30,0.9666666666666667,2,3,1,0,0,0,1,0,0,0,1,0,1,medio_alto
6,10000.0,127,0.6141732283464567,16,4,1,0,0,0,1,1,1,0,1,0,0,baixo
5,35000.0,6,0.6666666666666666,1,1,1,0,0,0,0,1,0,0,0,0,0,medio_alto
1,35000.0,618,0.86084142394822,15,3,1,0,0,0,1,1,1,0,0,0,0,medio_alto
6,150000.0,2170,0.9170506912442397,12,4,1,0,0,0,1,1,0,1,0,0,1,gratuito
2,0.0,0,0.0,4,4,1,0,0,0,1,0,0,1,0,1,0,gratuito
17,3500000.0,50593,0.8119305042199514,5,1,1,0,0,0,0,0,0,0,1,0,0,medio_alto
3,10000.0,14,0.5714285714285714,17,3,1,0,0,0,1,1,0,0,0,1,0,alto
1,0.0,0,0.0,0,0,1,0,0,0,0,0,0,0,0,0,0,gratuito
1,10000.0,0,0.0,1,2,1,1,0,2,1,0,0,1,0,0,0,medio_alto
11,350000.0,1191,0.6675062972292192,11,4,1,1,0,0,1,0,1,0,1,1,0,baixo
3,10000.0,0,0.0,1,2,1,0,0,0,0,0,0,1,0,0,1,alto
8,35000.0,6,1.0,1,3,1,0,0,0,1,1,0,1,0,0,0,gratuito
2,10000.0,0,0.0,2,3,1,0,0,0,0,1,1,0,0,0,0,gratuito
5,10000.0,13,0.7692307692307693,1,2,1,0,0,0,0,0,0,0,0,0,1,medio_baixo
2,10000.0,14,1.0,10,4,1,0,0,0,1,1,1,0,1,0,0,medio_baixo
1,10000.0,0,0.0,1,3,1,0,0,0,1,0,0,0,0,0,0,medio_baixo
4,10000.0,2,1.0,1,2,1,0,0,0,1,0,0,1,0,0,0,baixo
4,10000.0,7,0.5714285714285714,1,1,1,0,0,0,0,1,0,0,0,0,0,medio_baixo
2,10000.0,17,0.8823529411764706,1,2,1,0,0,0,1,0,0,1,0,0,0,medio_alto
2,10000.0,4,0.75,1,4,1,0,0,0,1,1,1,0,1,0,0,alto
12,10000.0,28,0.8928571428571429,1,1,1,0,0,0,0,0,1,0,0,0,0,medio_alto
1,10000.0,0,0.0,9,2,1,1,1,0,1,0,0,1,0,0,0,baixo
5,10000.0,4,0.5,1,4,1,0,0,0,1,1,1,0,0,1,0,baixo
8,10000.0,17,0.7058823529411765,1,2,1,0,0,0,1,0,0,0,0,0,0,medio_alto
3,35000.0,1178,0.8641765704584041,1,3,1,0,0,0,1,1,0,0,0,0,0,alto
6,150000.0,382,0.900523560209424,18,3,1,0,0,0,1,0,0,1,0,0,0,gratuito
3,10000.0,14,0.35714285714285715,12,3,1,1,0,0,1,0,1,1,0,0,0,baixo
5,10000.0,99,0.46464646464646464,16,2,1,0,0,0,0,1,1,0,0,0,0,alto
1,0.0,0,0.0,1,3,1,0,0,0,1,1,0,0,0,0,0,alto
7,10000.0,4,0.75,1,5,1,0,0,0,1,1,1,1,1,0,0,baixo
5,10000.0,11,0.8181818181818182,2,3,1,0,0,0,1,1,0,0,0,1,0,baixo
9,10000.0,4,1.0,1,1,1,1,0,0,1,0,0,0,0,0,0,medio_alto
5,0.0,0,0.0,6,1,1,0,0,0,0,0,0,0,0,0,1,gratuito
2,10000.0,1,1.0,6,3,1,0,0,0,1,1,0,0,1,0,0,medio_baixo
5,10000.0,0,0.0,1,1,1,0,0,0,0,0,0,1,0,0,0,medio_baixo
2,10000.0,1,0.0,1,1,1,0,0,0,0,0,0,0,0,0,1,medio_alto
3,0.0,0,0.0,0,0,1,0,0,0,0,0,0,0,0,0,0,gratuito
9,10000.0,72,0.875,7,3,1,1,1,1,1,1,1,0,0,0,0,baixo
7,10000.0,5,1.0,1,3,1,0,0,0,1,0,0,1,0,0,0,baixo
11,350000.0,3745,0.931909212283044,5,2,1,1,1,0,0,1,1,0,0,0,0,medio_alto
5,10000.0,24,0.7916666666666666,1,1,1,1,1,0,0,1,0,0,0,0,0,baixo
1,0.0,0,0.0,0,0,1,0,0,0,0,0,0,0,0,0,0,gratuito
1,0.0,0,0.0,0,0,1,0,0,0,0,0,0,0,0,0,0,gratuito
5,10000.0,0,0.0,10,3,1,0,0,1,1,1,0,1,0,0,0,medio_baixo
2,10000.0,5,0.6,1,3,1,1,1,0,1,0,1,0,1,0,0,medio_alto
6,35000.0,2,0.5,1,3,1,0,0,0,1,0,1,0,1,0,0,medio_alto
1,10000.0,0,0.0,27,2,1,1,1,0,1,0,0,0,0,0,1,baixo
3,0.0,0,0.0,0,0,1,0,0,0,0,0,0,0,0,0,0,gratuito
4,10000.0,0,0.0,1,1,1,0,0,0,0,0,0,1,0,0,0,baixo
2,0.0,0,0.0,3,7,1,0,0,0,0,1,1,0,1,1,0,gratuito
5,10000.0,33,0.9393939393939394,1,2,1,0,0,0,1,0,0,1,0,0,0,baixo
6,10000.0,194,0.8865979381443299,3,2,1,0,0,0,0,0,1,0,1,0,0,alto
7,10000.0,1,1.0,2,2,1,0,0,0,1,0,0,1,0,0,0,baixo
7,10000.0,21,0.6190476190476191,1,3,1,0,1,0,1,0,0,1,0,0,0,medio_baixo
2,10000.0,5,0.4,1,3,1,0,0,0,0,0,0,1,1,1,0,alto
10,75000.0,1148,0.8414634146341463,1,3,1,1,0,0,1,1,0,1,0,0,0,medio_baixo
1,0.0,0,0.0,9,3,1,0,0,0,1,0,0,1,0,0,1,medio_alto
1,0.0,0,0.0,0,0,1,0,0,0,0,0,0,0,0,0,0,gratuito
11,150000.0,1256,0.5979299363057324,3,5,1,0,0,2,1,1,1,0,1,1,0,medio_alto
5,0.0,0,0.0,1,1,1,0,0,0,0,0,0,0,0,0,0,gratuito
1,10000.0,0,0.0,13,1,1,0,0,0,0,0,0,1,0,0,0,medio_baixo
5,10000.0,22,1.0,3,4,1,0,0,0,1,1,1,0,1,0,0,medio_baixo
3,0.0,0,0.0,103,1,1,0,0,0,0,1,0,0,0,0,0,medio_alto
4,10000.0,1,0.0,1,3,1,0,0,0,1,1,1,0,0,0,0,baixo
1,0.0,0,0.0,6,2,1,0,0,0,0,0,0,1,0,0,1,alto
1,0.0,0,0.0,0,0,1,0,0,0,0,0,0,0,0,0,0,gratuito
10,150000.0,966,0.8405797101449275,1,1,1,0,0,0,0,0,0,0,0,0,1,alto
1,0.0,0,0.0,103,2,1,0,1,0,1,1,0,0,0,0,0,medio_alto
6,35000.0,22,0.5,1,5,1,1,1,0,1,1,1,1,1,0,0,medio_baixo
6,10000.0,1,1.0,1,2,1,0,0,0,1,1,0,0,0,0,0,baixo
7,10000.0,38,0.9736842105263158,6,6,1,0,0,0,1,1,1,1,1,0,0,gratuito
3,10000.0,9,1.0,1,1,1,1,0,0,0,0,0,0,0,1,0,alto
3,10000.0,25,1.0,1,3,1,1,1,0,1,0,0,1,0,1,0,gratuito
1,10000.0,11,1.0,2,3,1,0,0,0,1,1,0,0,0,0,0,medio_alto
2,10000.0,5,0.6,2,1,1,0,0,0,0,0,0,0,0,0,1,baixo
5,10000.0,15,0.9333333333333333,1,7,1,0,0,0,1,0,1,1,1,1,1,gratuito
2,10000.0,6,1.0,1,3,1,0,0,0,1,1,0,1,0,0,0,alto
4,10000.0,8,0.0,2,1,1,0,0,0,0,1,0,0,0,0,0,medio_alto
1,750000.0,6017,0.5442911750041549,4,7,1,0,0,4,1,1,1,1,1,1,0,gratuito
13,15000000.0,377063,0.9419407366938681,21,4,1,1,1,0,1,0,0,0,1,0,1,alto
9,75000.0,719,0.6397774687065368,5,1,1,0,0,0,0,1,0,0,0,0,0,baixo
1,0.0,0,0.0,1,4,1,0,0,0,1,0,0,1,1,0,1,medio_alto
3,10000.0,4,1.0,1,4,1,0,0,0,1,1,1,1,0,0,0,gratuito
4,10000.0,0,0.0,1,4,1,1,0,0,1,1,1,1,0,0,0,alto
1,10000.0,0,0.0,10,2,1,0,0,0,1,0,1,0,0,0,0,alto
3,10000.0,4,0.5,2,3,1,0,0,0,0,0,0,1,0,1,0,medio_baixo
7,10000.0,366,0.8715846994535519,29,5,1,0,0,0,1,0,0,1,0,1,1,baixo
3,10000.0,2,0.5,3,2,1,0,0,0,1,0,1,0,0,0,0,alto
1,10000.0,2,0.5,10,4,1,1,1,0,0,0,1,1,1,0,0,medio_alto
2,10000.0,46,0.9782608695652174,1,4,1,0,0,1,1,1,1,0,0,0,0,alto
6,10000.0,21,0.9047619047619048,1,2,1,1,1,0,1,1,0,0,0,0,0,baixo
2,10000.0,0,0.0,1,3,1,0,0,0,1,0,0,1,0,0,1,baixo
2,10000.0,0,0.0,1,2,1,0,0,0,1,0,0,0,0,0,0,gratuito
12,75000.0,599,0.9031719532554258,1,4,1,0,0,1,1,1,1,0,1,0,0,alto
2,10000.0,0,0.0,2,2,1,0,0,0,1,0,0,1,0,0,0,medio_baixo
11,10000.0,27,0.7037037037037037,1,2,1,0,0,0,1,1,0,0,0,0,0,medio_baixo
9,150000.0,121,0.6694214876033058,1,2,1,1,1,0,0,1,0,0,0,0,0,gratuito
5,10000.0,15,0.6,1,3,1,0,0,0,1,1,1,0,0,0,0,medio_baixo
2,10000.0,32,0.53125,14,2,1,0,0,0,1,0,0,0,0,0,1,medio_baixo
3,10000.0,1,1.0,1,2,1,0,0,0,0,1,0,1,0,0,0,baixo
1,10000.0,41,0.8292682926829268,6,3,1,0,0,0,1,0,0,0,0,1,1,alto
1,10000.0,0,0.0,3,3,1,1,1,2,1,0,1,1,0,0,0,baixo
6,35000.0,20,0.9,1,3,1,0,0,0,1,1,0,0,0,0,0,gratuito
1,10000.0,0,0.0,6,1,1,0,0,0,1,0,0,0,0,0,0,medio_baixo
1,10000.0,0,0.0,8,3,1,0,0,0,1,0,0,1,0,0,1,medio_baixo
2,10000.0,6,0.6666666666666666,2,1,1,0,0,4,0,0,0,0,0,0,1,medio_baixo
1,10000.0,0,0.0,1,3,1,0,0,0,1,0,0,1,0,0,1,medio_baixo
7,35000.0,87,0.3563218390804598,1,2,1,0,0,1,1,0,0,1,0,0,0,alto
2,150000.0,3,1.0,2,6,1,0,0,0,1,0,1,1,0,1,1,alto
1,10000.0,73,0.9726027397260274,2,3,1,0,0,0,1,0,1,1,0,0,0,medio_alto
1,0.0,0,0.0,1,2,1,0,0,0,1,0,0,0,0,0,0,gratuito
2,0.0,0,0.0,1,6,1,0,1,0,1,1,1,1,0,1,0,gratuito
3,0.0,0,0.0,0,0,1,0,0,0,0,0,0,0,0,0,0,gratuito
10,35000.0,319,0.5078369905956113,1,1,1,0,0,0,0,0,0,0,0,0,1,medio_alto
7,10000.0,0,0.0,8,4,1,0,0,1,1,0,1,1,0,0,1,baixo
1,10000.0,0,0.0,1,1,1,0,0,0,0,0,0,1,0,0,0,baixo
1,0.0,0,0.0,15,2,1,0,0,0,0,0,0,0,1,0,0,medio_alto
9,10000.0,24,0.625,1,3,1,1,1,0,1,0,1,0,1,0,0,medio_alto
4,10000.0,3,1.0,1,1,1,0,0,0,0,0,0,0,0,0,1,baixo
2,10000.0,182,0.8241758241758241,19,4,1,0,0,0,1,1,1,1,0,0,0,medio_baixo
1,10000.0,0,0.0,4,2,1,0,0,0,0,0,0,1,1,0,0,alto
7,10000.0,26,0.7692307692307693,2,2,1,1,1,0,1,0,0,0,0,1,0,medio_alto
5,10000.0,31,0.5483870967741935,1,1,1,0,0,0,0,1,0,0,0,0,0,gratuito
13,75000.0,191,0.31413612565445026,1,4,1,0,0,0,1,1,1,0,1,0,0,gratuito
2,10000.0,3,0.3333333333333333,2,1,1,0,0,0,1,0,0,0,0,0,0,baixo
17,150000.0,623,0.8651685393258427,1,1,1,0,0,0,0,0,0,0,0,1,0,medio_alto
1,10000.0,0,0.0,1,2,1,0,0,0,0,0,1,0,0,0,0,medio_alto
1,10000.0,0,0.0,30,3,1,0,0,3,1,0,1,1,0,0,0,medio_alto
1,35000.0,19,1.0,6,3,1,0,0,0,1,1,1,0,0,0,0,medio_baixo
1,35000.0,66,0.9393939393939394,8,5,1,0,0,0,1,0,0,1,0,1,1,alto
1,0.0,0,0.0,17,1,1,0,0,3,0,0,0,0,0,1,0,gratuito
4,150000.0,4472,0.9921735241502684,10,3,1,1,1,1,1,0,0,1,0,1,0,alto
1,0.0,0,0.0,4,3,1,1,1,1,1,1,0,0,0,0,0,gratuito
7,10000.0,7,0.8571428571428571,1,4,1,1,1,0,1,0,0,0,0,1,0,alto
9,10000.0,34,0.6764705882352942,1,2,1,0,0,0,1,1,0,0,0,0,0,medio_baixo
14,10000.0,85,0.7176470588235294,1,1,1,1,0,0,0,0,0,0,0,0,0,alto
6,10000.0,7,0.7142857142857143,1,3,1,0,0,0,1,0,1,1,0,0,0,baixo
5,10000.0,0,0.0,29,2,1,0,0,1,1,0,0,1,0,0,0,baixo
3,0.0,0,0.0,1,1,1,0,0,0,0,0,1,0,0,0,0,gratuito
5,10000.0,0,0.0,1,3,1,0,0,0,1,0,1,1,0,0,0,medio_alto
10,10000.0,36,0.7222222222222222,1,5,1,0,0,0,1,0,1,1,0,1,1,gratuito
2,10000.0,1,1.0,1,1,1,0,0,0,0,0,0,0,0,0,0,medio_alto
1,350000.0,447,0.36017897091722595,13,4,1,0,0,0,1,1,1,0,0,1,0,medio_baixo
1,0.0,0,0.0,0,0,1,0,0,0,0,0,0,0,0,0,0,gratuito
7,10000.0,2,1.0,1,3,1,0,0,0,1,0,0,1,0,1,0,medio_alto
8,35000.0,47,0.2127659574468085,3,3,1,1,1,4,1,0,0,1,1,0,0,baixo
2,0.0,0,0.0,0,0,1,0,0,0,0,0,0,0,0,0,0,gratuito
11,10000.0,6,0.8333333333333334,5,1,1,0,0,10,1,0,0,0,0,0,0,medio_baixo
12,750000.0,10779,0.8081454680397069,6,3,1,0,0,0,1,1,1,0,0,0,0,medio_baixo
2,10000.0,64,0.9375,1,4,1,0,0,0,1,0,0,1,1,0,0,gratuito
2,10000.0,30,0.7666666666666667,7,4,1,0,0,0,1,1,0,0,0,0,0,gratuito
2,0.0,0,0.0,0,0,1,0,0,0,0,0,0,0,0,0,0,gratuito
1,10000.0,0,0.0,1,2,1,0,0,0,1,1,0,0,0,0,0,alto
12,75000.0,645,0.9503875968992248,4,2,1,1,1,0,0,0,1,1,0,0,0,medio_alto
1,10000.0,0,0.0,1,5,1,0,0,0,1,0,1,0,1,1,1,medio_baixo
3,0.0,0,0.0,2,4,1,0,0,0,1,0,0,1,0,0,1,gratuito
8,10000.0,36,0.5833333333333334,2,8,1,0,0,0,1,1,1,1,1,1,1,baixo
5,10000.0,37,0.8918918918918919,2,3,1,0,0,1,1,0,0,1,0,0,1,medio_alto
17,350000.0,1291,0.6994577846630519,6,2,1,1,1,0,1,1,0,0,0,0,0,medio_baixo
4,10000.0,147,0.7006802721088435,3,2,1,0,0,0,0,0,1,0,1,0,0,alto
3,0.0,0,0.0,1,1,1,0,0,0,0,0,0,0,0,0,0,gratuito
4,10000.0,3,1.0,1,3,1,0,0,0,1,0,1,1,0,0,0,baixo
1,10000.0,18,0.8333333333333334,11,3,1,0,0,0,0,0,0,1,0,0,1,medio_baixo
1,10000.0,0,0.0,31,2,1,0,0,0,1,0,0,1,0,0,0,baixo
2,0.0,0,0.0,103,2,1,0,0,0,0,0,0,1,0,0,0,gratuito
3,10000.0,10,0.8,1,3,1,1,1,0,1,0,1,0,0,0,0,gratuito
10,10000.0,10,0.2,1,4,1,1,0,0,1,0,0,1,0,1,1,medio_baixo
8,10000.0,7,0.8571428571428571,1,3,1,1,1,0,1,1,0,0,1,0,0,alto
3,10000.0,1,0.0,1,1,1,0,0,0,0,1,0,0,0,0,0,medio_alto
3,10000.0,1,0.0,13,3,1,0,0,0,0,1,1,1,0,0,0,alto
6,10000.0,37,0.8648648648648649,2,3,1,0,0,0,1,0,0,1,0,0,1,baixo
2,10000.0,1,1.0,2,4,1,0,0,0,1,1,1,1,0,0,0,medio_baixo
2,0.0,0,0.0,0,0,1,0,0,0,0,0,0,0,0,0,0,gratuito
2,0.0,0,0.0,0,0,1,0,0,0,0,0,0,0,0,0,0,gratuito
5,0.0,0,0.0,1,2,1,1,0,0,1,1,0,0,0,0,0,gratuito
3,0.0,0,0.0,0,0,1,0,0,0,0,0,0,0,0,0,0,gratuito
1,10000.0,0,0.0,1,3,1,0,0,0,1,0,1,1,0,0,0,alto
3,0.0,0,0.0,0,0,1,0,0,0,0,0,0,0,0,0,0,gratuito
3,10000.0,6,1.0,1,2,1,1,0,0,1,1,0,0,0,0,0,alto
1,35000.0,16,0.8125,9,4,1,0,0,0,1,0,1,0,0,0,1,baixo
3,10000.0,0,0.0,1,1,1,0,0,0,0,0,1,0,0,0,0,alto
3,10000.0,0,0.0,2,1,1,0,0,0,1,0,0,0,0,0,0,baixo
5,150000.0,516,0.7810077519379846,2,4,1,0,0,0,1,0,0,1,0,1,0,gratuito
1,10000.0,198,0.8535353535353535,4,3,1,0,1,1,1,0,0,0,1,0,1,alto
3,10000.0,17,0.9411764705882353,2,2,1,0,0,1,0,0,1,1,0,0,0,medio_alto
2,0.0,0,0.0,1,3,1,0,0,0,1,0,1,0,0,0,0,gratuito
1,10000.0,26,0.9615384615384616,8,2,1,0,0,0,0,0,0,0,0,1,1,alto
6,10000.0,20,0.65,1,3,1,0,0,0,1,0,0,0,0,0,1,gratuito
3,0.0,0,0.0,0,0,1,0,0,0,0,0,0,0,0,0,0,gratuito
6,10000.0,7,0.0,7,2,1,0,0,0,0,1,0,0,0,0,1,baixo
1,10000.0,10,0.5,15,2,1,0,0,0,1,0,0,0,0,0,1,alto
5,10000.0,6,0.8333333333333334,10,3,1,0,0,0,1,0,1,0,0,1,0,alto
7,35000.0,48,0.5833333333333334,1,2,1,0,0,0,1,0,0,1,0,0,0,medio_baixo
9,10000.0,67,0.8656716417910447,1,3,1,0,0,0,0,0,1,1,0,0,1,gratuito
3,10000.0,2,0.0,1,4,1,0,0,0,1,0,0,1,0,0,0,medio_alto
5,35000.0,5,0.6,1,4,1,0,0,0,1,1,0,1,0,1,0,baixo
11,75000.0,58,0.6206896551724138,1,5,1,1,0,0,1,1,1,1,1,0,0,baixo
3,0.0,0,0.0,0,0,1,0,0,0,0,0,0,0,0,0,0,gratuito
1,10000.0,0,0.0,2,3,1,0,0,0,1,0,0,1,0,0,1,baixo
2,10000.0,0,0.0,3,4,1,0,0,0,1,1,0,1,0,0,1,medio_baixo
7,10000.0,0,0.0,1,3,1,0,0,0,0,1,1,1,0,0,0,medio_alto
2,10000.0,0,0.0,1,3,1,0,0,1,1,0,0,1,0,0,1,medio_alto
9,10000.0,19,0.7368421052631579,8,2,1,0,0,0,0,0,1,1,0,0,0,baixo
6,10000.0,23,0.6521739130434783,2,3,1,0,0,0,1,0,1,1,0,0,0,medio_alto
7,35000.0,268,0.6529850746268657,9,1,1,0,0,1,0,0,1,0,0,0,0,medio_baixo
3,10000.0,4,0.0,1,1,1,0,0,0,0,0,1,0,0,0,0,medio_baixo
5,10000.0,11,0.7272727272727273,1,1,1,0,0,0,0,1,0,0,0,0,0,medio_alto
4,10000.0,14,0.7857142857142857,1,4,1,0,0,0,1,0,0,1,0,1,1,baixo
1,10000.0,1,1.0,1,1,1,0,0,0,0,0,0,0,0,0,0,medio_alto
7,10000.0,2,0.5,1,5,1,0,0,0,1,1,1,0,1,0,0,medio_baixo
1,10000.0,121,0.7355371900826446,3,5,1,0,0,1,1,0,1,0,1,1,1,alto
3,10000.0,0,0.0,1,3,1,0,0,0,1,0,0,1,0,0,1,alto
8,35000.0,52,0.7884615384615384,2,4,1,0,0,0,1,1,0,1,0,0,1,medio_alto
4,0.0,0,0.0,0,0,1,0,0,0,0,0,0,0,0,0,0,gratuito
1,0.0,0,0.0,1,1,1,0,0,0,0,1,0,0,0,0,0,baixo
5,10000.0,0,0.0,1,5,1,0,0,0,1,0,1,1,1,1,0,baixo
1,10000.0,0,0.0,1,1,1,0,0,0,0,0,0,1,0,0,0,baixo
4,75000.0,3,1.0,2,2,1,0,0,0,1,1,0,0,0,0,0,medio_alto
2,10000.0,1,1.0,103,3,1,0,0,0,1,1,1,0,0,0,0,alto
1,0.0,0,0.0,1,4,1,0,0,0,0,1,1,1,0,0,0,gratuito
4,10000.0,24,0.9583333333333334,103,3,1,0,0,0,1,0,0,1,0,0,1,baixo
1,0.0,0,0.0,1,2,1,0,0,0,0,0,1,1,0,0,0,medio_alto
4,10000.0,9,0.8888888888888888,1,5,1,0,0,0,1,1,1,1,0,1,0,baixo
3,10000.0,0,0.0,1,3,1,0,0,0,1,0,0,1,0,1,0,medio_baixo
4,10000.0,6,1.0,1,4,1,0,0,0,1,0,1,1,0,1,0,medio_alto
4,75000.0,3,0.6666666666666666,1,4,1,0,0,0,0,0,0,1,0,1,1,baixo
4,35000.0,284,0.9014084507042254,5,4,1,0,0,0,1,1,1,0,0,0,0,medio_alto
5,35000.0,6,0.8333333333333334,2,2,1,1,1,1,1,0,1,0,0,0,0,alto
2,10000.0,8,0.875,1,1,1,0,0,0,0,0,0,1,0,0,0,medio_baixo
7,10000.0,4,0.75,1,3,1,1,0,0,1,0,1,0,1,0,0,baixo
7,10000.0,36,0.75,1,5,1,0,0,0,1,1,1,1,0,0,0,gratuito
9,35000.0,118,0.7033898305084746,1,4,1,1,1,1,0,0,0,0,0,0,0,gratuito
2,0.0,0,0.0,1,3,1,0,0,0,0,0,0,1,0,0,1,gratuito
1,10000.0,2,1.0,1,4,1,1,0,0,1,1,1,0,1,0,0,baixo
3,10000.0,0,0.0,2,4,1,0,0,0,1,0,0,1,0,1,0,medio_baixo
2,10000.0,3,0.6666666666666666,6,4,1,0,0,0,1,1,0,0,0,0,1,medio_baixo
4,35000.0,12,0.5833333333333334,4,2,1,0,0,0,0,0,1,1,0,0,0,medio_alto
1,0.0,0,0.0,0,0,1,0,0,0,0,0,0,0,0,0,0,gratuito
2,10000.0,26,0.8076923076923077,2,2,1,0,0,0,1,0,1,0,0,0,0,medio_baixo
1,10000.0,0,0.0,1,2,1,1,0,0,1,0,0,1,0,0,0,medio_baixo
3,35000.0,47,0.5531914893617021,1,4,1,0,0,0,1,1,1,0,0,0,1,medio_baixo
5,10000.0,35,0.9142857142857143,1,3,1,0,0,0,1,0,0,1,0,1,0,baixo
1,10000.0,0,0.0,3,3,1,0,0,0,1,0,0,1,0,0,1,baixo
5,10000.0,40,0.775,1,3,1,0,0,0,0,1,1,1,0,0,0,baixo
1,10000.0,0,0.0,1,1,1,0,0,0,0,0,0,0,0,1,0,medio_alto
6,35000.0,696,0.7385057471264368,1,2,1,0,0,0,1,0,0,0,0,0,0,alto
3,10000.0,287,0.7700348432055749,10,3,1,1,0,0,1,1,1,0,0,0,0,medio_baixo
6,35000.0,337,0.884272997032641,1,3,1,0,0,0,1,1,0,1,0,0,0,gratuito
1,10000.0,0,0.0,4,2,1,1,1,0,1,0,1,0,0,0,0,alto
11,10000.0,65,0.38461538461538464,3,4,1,1,1,0,1,0,1,1,0,0,1,medio_baixo
3,0.0,0,0.0,0,0,1,0,0,0,0,0,0,0,0,0,0,gratuito
1,0.0,0,0.0,3,3,1,0,0,0,0,0,0,0,1,0,0,gratuito
1,0.0,0,0.0,0,0,1,0,0,0,0,0,0,0,0,0,0,gratuito
2,10000.0,6,1.0,1,2,1,0,0,0,1,0,0,0,0,1,0,medio_alto
9,10000.0,7,0.42857142857142855,1,3,1,0,0,0,0,1,1,0,0,0,1,medio_baixo
1,10000.0,0,0.0,1,2,1,0,0,0,1,1,0,0,0,0,0,medio_baixo
2,10000.0,0,0.0,3,1,1,0,0,0,0,0,0,0,1,0,0,medio_alto
4,35000.0,21,0.9523809523809523,2,4,1,0,0,2,1,0,1,1,0,0,1,medio_baixo
2,0.0,0,0.0,0,0,1,0,0,0,0,0,0,0,0,0,0,gratuito
3,75000.0,1561,0.6258808456117874,15,1,1,0,0,10,0,0,0,0,0,0,0,alto
2,10000.0,0,0.0,1,4,1,0,0,0,1,0,1,0,1,0,0,medio_alto
2,10000.0,2,1.0,1,3,1,0,0,1,0,0,1,1,0,0,1,baixo
3,35000.0,8,0.875,2,2,1,0,0,0,0,1,1,0,0,0,0,medio_baixo
2,0.0,0,0.0,1,4,1,1,0,0,1,0,0,1,0,0,0,gratuito
7,10000.0,12,0.9166666666666666,2,3,1,0,0,0,1,0,1,0,1,0,0,medio_baixo
9,35000.0,47,0.574468085106383,1,2,1,0,0,0,0,0,0,0,0,0,0,gratuito
1,0.0,0,0.0,1,3,1,0,0,0,0,0,0,0,0,1,1,medio_alto
3,35000.0,160,0.95625,1,4,1,0,1,1,1,0,1,1,0,0,1,baixo
4,75000.0,23,0.6956521739130435,4,11,1,0,0,4,0,1,1,1,1,1,1,gratuito
3,35000.0,1,0.0,1,4,1,0,0,0,1,0,1,0,1,1,0,alto
3,35000.0,7,0.7142857142857143,11,2,1,0,0,0,1,0,1,0,0,0,0,medio_baixo
9,10000.0,76,0.8421052631578947,1,3,1,0,0,0,1,1,1,0,0,0,0,alto
8,3500000.0,126918,0.8498164168991003,23,1,1,0,0,55,0,1,0,0,0,0,0,alto
10,10000.0,6,0.8333333333333334,1,2,1,0,0,0,1,1,0,0,0,0,0,medio_alto
4,0.0,0,0.0,1,4,1,0,0,0,1,1,1,0,0,0,0,gratuito
2,10000.0,6,1.0,1,5,1,0,0,0,1,0,0,1,0,0,1,medio_alto
4,10000.0,6,0.6666666666666666,1,5,1,0,0,0,1,1,0,0,0,0,1,alto
8,35000.0,277,0.8194945848375451,3,2,1,0,0,1,1,0,1,0,0,0,0,alto
1,10000.0,7,0.5714285714285714,1,1,1,0,0,0,0,0,0,1,0,0,0,medio_baixo
1,0.0,0,0.0,4,5,1,1,1,0,1,0,0,1,0,1,0,gratuito
2,0.0,0,0.0,0,0,1,0,0,0,0,0,0,0,0,0,0,gratuito
4,10000.0,41,0.6341463414634146,6,2,1,0,1,0,0,1,1,0,0,0,0,medio_alto
1,10000.0,0,0.0,2,2,1,0,0,0,1,0,0,0,1,0,0,medio_alto
1,0.0,0,0.0,2,7,1,0,0,0,1,0,1,1,1,0,1,gratuito
6,150000.0,2267,0.870313189236877,3,2,1,1,0,2,1,0,1,0,0,0,0,medio_alto
11,35000.0,151,0.3576158940397351,6,3,1,0,0,0,1,0,1,1,0,0,0,baixo
3,10000.0,53,0.9245283018867925,1,3,1,0,0,0,1,1,0,0,0,1,0,medio_baixo
4,10000.0,0,0.0,10,4,1,0,0,0,1,1,0,0,0,0,0,medio_baixo
4,10000.0,14,0.7142857142857143,1,1,1,0,0,0,0,0,0,1,0,0,0,alto
1,10000.0,0,0.0,1,3,1,0,0,0,1,0,0,1,0,1,0,medio_alto
2,10000.0,14,0.6428571428571429,1,2,1,0,0,0,0,1,1,0,0,0,0,alto
2,10000.0,0,0.0,1,4,1,0,0,0,1,0,1,0,0,1,1,medio_baixo
5,10000.0,3,0.6666666666666666,1,1,1,1,1,0,0,0,0,1,0,0,0,medio_alto
3,10000.0,5,1.0,1,3,1,0,0,0,0,1,1,1,0,0,0,baixo
7,10000.0,9,0.7777777777777778,2,1,1,0,0,0,0,0,1,0,0,0,0,baixo
3,750000.0,15650,0.8819808306709265,12,2,1,0,0,1,0,1,0,0,0,1,0,alto
4,0.0,0,0.0,1,2,1,0,0,0,1,0,0,1,0,0,0,gratuito
6,10000.0,53,0.5849056603773585,8,5,1,0,1,0,1,0,0,1,0,1,1,medio_alto
7,10000.0,2,0.5,2,3,1,0,0,0,1,1,0,0,1,0,0,alto
8,350000.0,1507,0.6688785666887856,2,2,1,0,0,0,0,1,0,0,0,0,0,gratuito
18,350000.0,3005,0.8792013311148087,2,1,1,0,0,0,0,0,0,0,0,0,1,medio_baixo
4,10000.0,52,0.8653846153846154,1,2,1,0,0,0,1,1,0,0,0,0,0,alto
4,10000.0,3,1.0,1,4,1,0,0,0,1,0,1,1,0,0,0,medio_baixo
5,0.0,0,0.0,1,1,1,0,0,0,0,0,1,0,0,0,0,gratuito
1,10000.0,23,1.0,6,3,1,0,0,1,1,1,1,0,0,0,0,alto
11,150000.0,488,0.7274590163934426,2,3,1,0,0,0,0,0,0,0,1,0,0,gratuito
5,10000.0,18,0.8333333333333334,1,1,1,0,0,0,1,0,0,0,0,0,0,gratuito
4,10000.0,1,0.0,1,3,1,0,0,0,1,0,0,1,1,0,0,baixo
11,35000.0,131,0.8473282442748091,1,1,1,1,1,0,0,0,0,0,0,0,0,medio_baixo
5,10000.0,15,0.6,2,3,1,0,0,0,1,0,0,1,0,0,1,medio_baixo
2,10000.0,6,1.0,2,4,1,0,0,0,1,1,1,0,1,0,0,medio_baixo
6,10000.0,10,0.7,12,4,1,0,0,2,1,1,1,0,0,1,0,baixo
5,35000.0,38,0.8947368421052632,2,1,1,0,0,1,0,0,1,0,0,0,0,medio_baixo
4,10000.0,51,0.7058823529411765,1,3,1,0,0,0,1,0,0,0,0,0,1,alto
1,10000.0,0,0.0,1,2,1,0,0,0,0,0,0,1,1,0,0,medio_alto
2,0.0,0,0.0,0,0,1,0,0,0,0,0,0,0,0,0,0,gratuito
1,0.0,0,0.0,30,3,1,0,1,0,1,1,0,1,0,0,0,medio_baixo
2,10000.0,17,0.7058823529411765,9,4,1,0,0,0,1,1,1,1,0,0,0,medio_baixo
1,10000.0,0,0.0,1,4,1,0,0,2,1,0,0,0,0,1,1,alto
8,35000.0,2,0.5,1,1,1,0,0,0,0,0,0,1,0,0,0,medio_baixo
1,10000.0,0,0.0,1,2,1,0,0,0,1,0,1,0,0,0,0,medio_baixo
5,10000.0,16,1.0,1,2,1,0,0,0,0,0,1,1,0,0,0,medio_baixo
3,0.0,0,0.0,0,0,1,0,0,0,0,0,0,0,0,0,0,gratuito
1,10000.0,0,0.0,2,3,1,0,0,0,1,1,0,1,0,0,0,medio_alto
5,10000.0,9,0.1111111111111111,1,2,1,0,0,0,1,0,0,1,0,0,0,baixo
2,0.0,0,0.0,0,0,1,0,0,0,0,0,0,0,0,0,0,gratuito
1,10000.0,0,0.0,5,3,1,0,0,0,1,0,0,1,0,1,0,alto
3,10000.0,0,0.0,1,1,1,1,0,0,0,0,0,1,0,0,0,alto
3,150000.0,40,0.55,2,3,1,0,0,0,0,0,0,1,0,0,0,baixo
8,10000.0,15,0.6,1,2,1,0,0,0,0,0,1,0,0,0,0,gratuito
3,35000.0,12,0.5833333333333334,1,5,1,0,0,0,1,1,1,1,0,0,1,medio_alto
9,3500000.0,107218,0.8865395735790632,13,3,1,0,0,8,0,1,1,0,1,0,0,medio_alto
14,150000.0,2280,0.9302631578947368,3,1,1,1,1,1,1,0,0,0,0,0,0,medio_baixo
4,0.0,0,0.0,1,3,1,0,1,0,1,1,0,0,0,0,0,gratuito
5,10000.0,11,1.0,14,4,1,0,0,1,1,0,0,1,0,1,0,alto
5,10000.0,3,0.6666666666666666,1,1,1,0,0,0,0,0,0,0,0,0,1,baixo
4,35000.0,7,0.8571428571428571,19,3,1,0,0,0,1,0,1,1,0,0,0,medio_baixo
9,35000.0,50,0.48,1,4,1,0,0,0,0,1,1,1,1,0,0,gratuito
12,10000.0,38,0.5526315789473685,1,2,1,0,0,1,1,1,0,0,0,0,0,baixo
4,0.0,0,0.0,27,2,1,0,0,0,0,1,0,0,0,0,0,gratuito
3,0.0,0,0.0,1,3,1,0,0,0,1,0,0,0,1,0,0,gratuito
1,0.0,0,0.0,1,2,1,0,0,0,1,0,0,1,0,0,0,medio_baixo
3,35000.0,8,0.875,1,3,1,0,0,0,1,0,0,1,0,1,0,baixo
8,35000.0,91,0.7472527472527473,2,1,1,0,0,0,0,0,0,1,0,0,0,alto
14,35000.0,397,0.35516372795969775,5,1,1,0,0,0,0,0,0,0,0,0,1,baixo
1,10000.0,9,0.6666666666666666,1,2,1,0,0,0,1,0,0,0,1,0,0,medio_baixo
1,10000.0,30,0.8666666666666667,13,4,1,0,0,0,1,0,0,1,0,1,1,baixo
5,0.0,0,0.0,2,3,1,0,0,0,0,0,0,1,1,1,0,gratuito
8,10000.0,8,0.875,1,2,1,0,0,0,0,0,0,1,0,0,0,gratuito
8,10000.0,34,0.9411764705882353,2,1,1,0,0,0,0,0,0,0,1,0,0,medio_alto
4,10000.0,0,0.0,1,1,1,1,1,0,0,0,0,0,1,0,0,alto
5,350000.0,2902,0.8986905582356995,19,3,1,1,0,1,1,0,1,1,0,0,0,medio_baixo
4,10000.0,0,0.0,1,3,1,0,0,0,1,0,0,1,0,1,0,medio_baixo
4,10000.0,15,0.9333333333333333,3,3,1,1,1,1,1,0,1,0,0,1,0,medio_baixo
6,10000.0,15,1.0,3,3,1,0,0,0,1,0,0,1,0,0,1,medio_alto
10,75000.0,1026,0.9103313840155945,7,4,1,1,1,1,1,1,1,0,0,0,1,alto
5,10000.0,6,0.6666666666666666,2,2,1,0,0,0,1,0,0,1,0,0,0,baixo
1,0.0,0,0.0,103,2,1,0,0,0,1,0,0,1,0,0,0,baixo
4,10000.0,10,0.7,10,3,1,0,0,0,1,0,0,0,1,0,1,alto
1,10000.0,2,1.0,1,1,1,0,0,0,1,0,0,0,0,0,0,medio_alto
2,10000.0,36,1.0,1,2,1,1,0,0,1,0,1,0,0,0,0,medio_alto
3,0.0,0,0.0,0,0,1,0,0,0,0,0,0,0,0,0,0,gratuito
1,0.0,0,0.0,1,4,1,1,0,0,1,0,0,1,1,0,1,medio_alto
9,150000.0,2135,0.9166276346604215,7,3,1,1,0,0,1,0,1,1,0,0,0,medio_baixo
7,10000.0,25,0.76,1,5,1,1,1,0,1,0,1,1,1,0,1,medio_baixo
2,10000.0,0,0.0,10,2,1,0,0,0,1,0,0,1,0,0,0,medio_baixo
3,10000.0,8,0.625,12,2,1,1,0,0,0,0,0,0,0,0,0,gratuito
6,75000.0,30,0.8,1,1,1,1,0,5,0,1,0,0,0,0,0,gratuito
2,10000.0,80,0.9,10,1,1,0,0,1,0,0,0,0,0,0,1,medio_alto
10,10000.0,44,0.8409090909090909,1,3,1,0,0,0,1,0,1,0,0,0,0,medio_alto
9,10000.0,25,0.8,5,3,1,1,1,0,1,1,0,1,0,0,0,medio_baixo
10,35000.0,557,0.9317773788150808,6,4,1,0,1,0,1,1,1,1,0,0,0,baixo
1,10000.0,0,0.0,1,3,1,0,0,0,1,1,1,0,0,0,0,medio_baixo
6,10000.0,0,0.0,3,2,1,0,1,0,1,1,0,0,0,0,0,alto
1,10000.0,0,0.0,13,5,1,0,0,0,1,1,1,1,1,0,0,baixo
2,10000.0,0,0.0,30,3,1,0,0,0,1,0,0,1,0,1,0,baixo
9,10000.0,73,0.9178082191780822,2,3,1,0,0,0,1,1,1,0,0,0,0,medio_baixo
1,10000.0,0,0.0,9,3,1,0,0,0,0,1,1,0,0,0,0,medio_alto
5,10000.0,52,0.7307692307692307,12,2,1,0,0,0,1,0,1,0,0,0,0,medio_baixo
4,75000.0,6,0.5,1,4,1,0,0,5,1,0,0,0,1,1,1,medio_alto
8,75000.0,65,0.5538461538461539,3,3,1,0,0,0,0,0,0,0,1,1,0,gratuito
3,10000.0,0,0.0,1,2,1,0,0,0,1,0,1,0,0,0,0,baixo
9,10000.0,2,1.0,1,3,1,0,0,0,0,1,0,1,0,0,1,medio_alto
1,0.0,0,0.0,30,3,1,0,0,0,0,0,1,1,0,0,1,alto
4,10000.0,6,0.6666666666666666,1,1,1,0,0,0,0,0,0,1,0,0,0,medio_baixo
1,10000.0,0,0.0,6,2,1,0,0,0,1,0,1,0,0,0,0,medio_baixo
1,10000.0,0,0.0,1,7,1,0,0,0,1,1,1,1,1,0,1,baixo
2,10000.0,11,0.5454545454545454,7,3,1,0,0,0,1,0,1,0,0,0,0,alto
4,10000.0,16,0.9375,2,4,1,1,1,0,1,1,1,0,0,0,0,gratuito
1,10000.0,48,0.6666666666666666,12,3,1,0,0,0,1,1,1,0,0,0,0,baixo
7,10000.0,1,0.0,1,1,1,0,0,0,0,0,0,1,0,0,0,medio_alto
4,35000.0,2,0.5,2,4,1,0,0,0,1,0,0,0,1,1,0,alto
8,10000.0,12,0.3333333333333333,1,6,1,0,0,0,0,1,1,1,1,0,1,medio_alto
5,10000.0,28,0.8214285714285714,5,3,1,0,0,1,1,0,1,0,0,0,0,gratuito
6,10000.0,10,0.5,1,2,1,0,0,0,1,0,1,0,0,0,0,alto
1,10000.0,36,0.6944444444444444,11,1,1,0,0,0,0,0,0,1,0,0,0,medio_alto
3,10000.0,0,0.0,4,4,1,0,0,0,1,1,0,1,0,0,0,medio_alto
4,10000.0,0,0.0,1,2,1,0,0,0,1,0,0,1,0,0,0,baixo
4,35000.0,294,0.5238095238095238,3,2,1,0,0,1,0,1,0,0,1,0,0,medio_baixo
5,10000.0,25,0.68,1,5,1,0,0,0,1,0,0,1,1,1,1,baixo
3,10000.0,67,0.6865671641791045,1,4,1,0,0,1,1,1,1,0,1,0,0,medio_alto
6,10000.0,4,0.25,1,1,1,0,0,0,0,0,1,0,0,0,0,medio_alto
1,0.0,0,0.0,0,0,1,0,0,0,0,0,0,0,0,0,0,gratuito
5,10000.0,87,0.7011494252873564,1,3,1,1,0,0,1,0,1,1,0,0,0,alto
1,0.0,0,0.0,1,4,1,0,0,0,1,1,0,0,0,0,0,gratuito
1,0.0,0,0.0,1,2,1,0,0,0,1,0,0,1,0,0,0,medio_baixo
5,0.0,0,0.0,1,2,1,0,0,0,0,0,1,0,0,0,0,gratuito
7,10000.0,6,0.3333333333333333,2,2,1,0,0,0,1,0,0,0,0,1,0,alto
2,0.0,0,0.0,0,0,1,0,0,0,0,0,0,0,0,0,0,gratuito
2,10000.0,12,0.9166666666666666,1,3,1,0,0,0,1,0,0,1,0,0,1,medio_alto
4,15000000.0,346359,0.9331300760193902,12,3,1,0,0,0,1,0,1,0,0,0,1,alto
2,10000.0,56,0.8571428571428571,7,3,1,0,0,0,1,0,0,1,0,1,0,alto
8,350000.0,1655,0.8435045317220544,9,4,1,0,0,4,1,1,1,0,0,0,1,medio_alto
1,1500000.0,19504,0.8603363412633306,15,3,1,0,0,0,1,0,0,0,0,1,1,alto
5,10000.0,7,0.8571428571428571,2,5,1,0,0,0,1,0,1,1,0,1,1,alto
1,10000.0,0,0.0,1,10,1,0,0,0,1,1,1,1,1,1,1,medio_alto
11,10000.0,26,0.8846153846153846,1,2,1,0,0,0,1,0,0,1,0,0,0,medio_alto
6,10000.0,25,0.68,2,3,1,0,0,0,1,0,1,1,0,0,0,medio_alto
1,10000.0,0,0.0,1,4,1,0,0,0,1,0,1,1,1,0,0,baixo
5,0.0,0,0.0,0,0,1,0,0,0,0,0,0,0,0,0,0,gratuito
1,10000.0,4,0.75,10,3,1,0,0,0,1,1,0,0,0,0,0,medio_baixo
5,150000.0,817,0.8225214198286414,6,1,1,0,0,4,0,0,1,0,0,0,0,medio_baixo
1,0.0,0,0.0,3,4,1,0,0,1,1,0,0,1,0,1,0,gratuito
10,10000.0,37,0.8378378378378378,2,2,1,1,1,0,1,1,0,0,0,0,0,baixo
5,35000.0,14,1.0,1,3,1,0,0,0,1,0,0,0,0,1,0,medio_baixo
12,35000.0,104,0.5384615384615384,1,1,1,0,0,0,0,0,1,0,0,0,0,baixo
1,10000.0,0,0.0,1,2,1,0,0,0,1,0,0,0,0,1,0,medio_baixo
3,35000.0,3,1.0,1,3,1,0,0,0,1,1,0,0,0,0,0,gratuito
2,0.0,0,0.0,0,0,1,0,0,0,0,0,0,0,0,0,0,gratuito
2,0.0,0,0.0,1,6,1,0,0,0,1,0,0,1,1,1,1,gratuito
1,0.0,0,0.0,2,1,1,0,0,0,0,0,0,1,0,0,0,baixo
5,10000.0,27,0.7777777777777778,6,4,1,1,0,1,1,0,0,1,0,1,0,baixo
3,0.0,0,0.0,0,0,1,0,0,0,0,0,0,0,0,0,0,gratuito
4,0.0,0,0.0,0,0,1,0,0,0,0,0,0,0,0,0,0,gratuito
7,10000.0,6,0.6666666666666666,1,3,1,0,1,0,1,0,1,0,1,0,0,medio_alto
5,75000.0,21,0.6666666666666666,1,2,1,0,0,0,0,1,0,0,0,0,0,gratuito
4,10000.0,6,1.0,1,1,1,0,0,0,0,0,0,1,0,0,0,medio_alto
4,35000.0,323,0.8947368421052632,6,2,1,1,1,2,1,0,1,0,0,0,0,alto
3,10000.0,2,1.0,1,3,1,0,1,0,1,1,0,1,0,0,0,medio_baixo
7,10000.0,14,0.5714285714285714,1,2,1,0,0,0,1,0,1,0,0,0,0,medio_baixo
3,10000.0,2,1.0,1,3,1,0,0,0,1,0,0,0,0,0,0,medio_alto
9,10000.0,114,0.7280701754385965,1,5,1,0,0,0,1,1,0,0,0,0,1,medio_baixo
9,150000.0,93,0.7526881720430108,3,4,1,0,0,0,1,0,1,1,1,0,0,baixo
5,10000.0,1,0.0,2,3,1,0,0,0,1,0,1,0,1,0,0,baixo
5,10000.0,1,1.0,1,4,1,0,0,0,1,1,1,0,0,1,0,medio_baixo
6,10000.0,41,0.9512195121951219,1,3,1,0,0,0,1,0,0,0,1,1,0,baixo
8,10000.0,19,0.7894736842105263,11,2,1,0,0,0,1,0,0,1,0,0,0,baixo
6,10000.0,37,0.918918918918919,2,1,1,0,0,0,0,0,0,0,0,0,0,gratuito
1,0.0,0,0.0,1,4,1,0,0,0,1,0,0,1,0,0,1,medio_alto
3,75000.0,1708,0.7254098360655737,6,3,1,0,0,1,1,0,0,0,1,0,1,alto
2,10000.0,13,0.9230769230769231,5,1,1,0,0,0,1,0,0,0,0,0,0,medio_baixo
4,10000.0,16,0.9375,1,3,1,0,0,1,1,0,0,1,0,0,1,medio_baixo
3,0.0,0,0.0,10,4,1,0,0,1,0,0,1,1,0,1,0,gratuito
1,0.0,0,0.0,0,0,1,0,0,0,0,0,0,0,0,0,0,gratuito
1,10000.0,11,1.0,5,3,1,0,0,0,1,1,1,0,0,0,0,baixo
8,10000.0,51,0.7254901960784313,1,2,1,1,0,0,1,0,1,0,0,0,0,baixo
1,0.0,0,0.0,2,4,1,1,1,0,1,0,1,1,0,0,0,gratuito
2,10000.0,8,1.0,1,3,1,0,0,0,1,0,1,0,0,1,0,medio_alto
12,1500000.0,32665,0.8786468697382519,13,2,1,0,0,21,1,1,0,0,0,0,0,medio_alto
1,10000.0,1,1.0,1,3,1,0,0,2,1,0,1,1,0,0,0,medio_alto
7,10000.0,19,0.631578947368421,1,5,1,0,0,0,1,1,0,1,0,0,0,baixo
6,10000.0,0,0.0,1,2,1,0,0,0,0,1,0,0,0,0,0,medio_alto
1,0.0,0,0.0,0,0,1,0,0,0,0,0,0,0,0,0,0,gratuito
7,1500000.0,5801,0.8093432166867781,1,3,1,0,0,0,1,0,1,0,0,1,0,medio_alto
2,10000.0,0,0.0,3,3,1,0,0,1,1,1,0,0,0,1,0,baixo
2,0.0,0,0.0,0,0,1,0,0,0,0,0,0,0,0,0,0,gratuito
3,0.0,0,0.0,0,0,1,0,0,0,0,0,0,0,0,0,0,gratuito
1,10000.0,16,1.0,1,2,1,0,0,0,1,0,0,1,0,0,0,medio_alto
1,0.0,0,0.0,1,3,1,0,0,0,1,1,0,0,0,0,0,medio_alto
1,10000.0,0,0.0,2,3,1,0,0,0,1,1,1,0,0,0,0,alto
5,10000.0,5,0.8,5,4,1,0,0,0,1,1,1,1,0,0,0,medio_alto
4,10000.0,0,0.0,1,2,1,0,1,0,1,1,0,0,0,0,0,gratuito
1,10000.0,109,0.9174311926605505,6,4,1,1,1,0,1,1,0,0,1,0,0,medio_alto
1,35000.0,485,0.5979381443298969,1,7,1,0,0,0,1,1,1,0,1,1,1,medio_baixo
10,75000.0,92,0.40217391304347827,1,3,1,0,0,0,0,1,1,0,0,0,0,baixo
5,10000.0,13,0.8461538461538461,103,2,1,0,0,0,1,0,1,0,0,0,0,baixo
2,0.0,0,0.0,0,0,1,0,0,0,0,0,0,0,0,0,0,gratuito
6,10000.0,0,0.0,3,3,1,0,0,0,1,1,1,0,0,0,0,alto
3,10000.0,20,0.85,1,4,1,0,0,0,0,1,1,0,1,0,0,gratuito
2,10000.0,81,0.8765432098765432,8,3,1,0,0,0,0,0,0,1,0,1,1,baixo
9,10000.0,64,0.90625,1,1,1,0,0,0,1,0,0,0,0,0,0,medio_baixo
1,10000.0,16,1.0,4,3,1,1,0,0,1,0,0,1,0,1,0,medio_baixo
2,10000.0,59,0.6610169491525424,1,4,1,1,1,0,1,0,1,1,1,0,0,medio_alto
2,10000.0,5,0.8,2,1,1,0,0,0,0,0,0,0,0,1,0,medio_alto
9,350000.0,158,0.7848101265822784,1,3,1,0,0,0,1,1,0,1,0,0,0,baixo
6,10000.0,1016,0.9547244094488189,1,3,1,0,0,0,0,0,0,1,1,0,1,medio_baixo
8,10000.0,6,0.8333333333333334,2,4,1,0,0,0,1,1,0,1,0,0,0,medio_baixo
7,10000.0,18,0.6666666666666666,1,1,1,0,0,1,0,1,0,0,0,0,0,alto
2,10000.0,45,1.0,2,3,1,0,0,0,1,1,1,0,0,0,0,medio_alto
11,75000.0,370,0.927027027027027,1,2,1,0,0,0,0,1,0,0,0,1,0,medio_baixo
3,0.0,0,0.0,10,5,1,1,1,0,0,1,0,1,0,0,1,gratuito
4,10000.0,0,0.0,1,4,1,0,1,0,1,0,1,1,0,0,1,medio_baixo
6,10000.0,69,0.5507246376811594,1,6,1,0,0,0,1,0,1,0,1,1,1,medio_baixo
3,10000.0,433,0.9815242494226328,1,4,1,1,0,1,0,1,0,1,0,0,1,medio_alto
1,10000.0,0,0.0,10,2,1,0,0,0,1,1,0,0,0,0,0,alto
5,10000.0,21,0.9523809523809523,2,2,1,0,0,0,1,0,1,0,0,0,0,medio_baixo
1,0.0,0,0.0,0,0,1,0,0,0,0,0,0,0,0,0,0,gratuito
3,10000.0,14,0.42857142857142855,1,3,1,0,0,0,1,1,1,0,0,0,0,medio_alto
5,35000.0,70,0.8714285714285714,1,4,1,1,0,0,1,1,1,0,0,0,0,alto
1,10000.0,0,0.0,1,1,1,1,1,3,0,0,0,0,0,0,1,alto
2,10000.0,0,0.0,1,3,1,0,1,0,1,1,0,0,0,0,0,medio_alto
11,10000.0,424,0.8372641509433962,2,2,1,1,0,0,1,0,0,0,0,0,1,medio_baixo
3,0.0,0,0.0,1,3,1,0,0,0,1,0,1,0,0,0,0,gratuito
7,35000.0,2,1.0,3,2,1,0,0,0,0,0,0,1,0,0,1,baixo
6,10000.0,1,0.0,1,6,1,0,0,0,1,1,1,1,1,1,0,medio_baixo
1,0.0,0,0.0,1,3,1,0,0,0,0,1,0,0,0,0,0,gratuito
9,10000.0,26,0.7307692307692307,1,1,1,0,0,0,0,0,1,0,0,0,0,baixo
5,10000.0,0,0.0,1,2,1,0,0,0,0,0,0,1,0,0,1,medio_alto
1,10000.0,0,0.0,12,3,1,0,0,0,0,1,1,0,1,0,0,alto
3,10000.0,2,1.0,1,2,1,0,0,0,1,1,0,0,0,0,0,alto
8,35000.0,8,0.0,1,4,1,0,0,0,1,1,0,0,0,1,1,medio_alto
6,35000.0,5,0.6,1,3,1,0,0,0,1,1,0,0,0,0,0,alto
11,35000.0,250,0.464,5,1,1,1,0,0,0,0,0,0,0,0,1,baixo
1,10000.0,0,0.0,8,1,1,0,0,0,0,0,0,0,1,0,0,alto
1,0.0,0,0.0,1,5,1,0,0,0,1,1,1,1,0,0,0,gratuito
7,10000.0,15,0.7333333333333333,1,2,1,0,0,1,1,0,0,1,0,0,0,gratuito
4,10000.0,40,0.5,2,2,1,0,0,1,1,0,0,1,0,0,0,gratuito
2,10000.0,5,1.0,1,2,1,1,0,0,1,0,0,1,0,0,0,medio_baixo
3,10000.0,3,1.0,57,3,1,0,0,0,1,1,0,1,0,0,0,medio_alto
3,35000.0,473,0.7526427061310782,3,0,1,0,0,0,0,0,0,0,0,0,0,alto
1,0.0,0,0.0,9,3,1,0,0,0,1,0,0,1,0,0,0,gratuito
7,10000.0,37,0.7027027027027027,103,5,1,0,0,0,1,0,1,1,0,1,1,baixo
1,10000.0,14,0.9285714285714286,8,1,1,0,0,0,1,0,0,0,0,0,0,medio_baixo
6,10000.0,5,0.4,2,3,1,0,0,0,1,0,1,0,0,0,0,alto
3,10000.0,1,0.0,1,2,1,0,0,0,0,1,0,0,0,0,0,alto
1,35000.0,810,0.908641975308642,15,8,1,1,0,3,1,1,1,1,1,0,1,alto
7,10000.0,17,0.35294117647058826,13,3,1,0,0,0,1,0,0,1,0,0,1,baixo
1,0.0,0,0.0,15,5,1,0,0,1,1,0,0,0,1,1,1,alto
1,0.0,0,0.0,19,4,1,0,0,0,0,0,0,0,1,1,0,gratuito
9,350000.0,423,0.7659574468085106,2,3,1,0,0,0,1,1,0,1,0,0,0,baixo
6,10000.0,16,0.875,1,4,1,1,1,1,1,1,1,1,0,0,0,medio_baixo
4,750000.0,22769,0.874654135008125,22,5,1,0,0,0,1,1,1,1,0,0,0,medio_alto
2,10000.0,42,0.9761904761904762,2,2,1,0,0,1,0,0,1,1,0,0,0,alto
1,10000.0,7,0.42857142857142855,6,2,1,0,0,1,0,0,0,0,0,0,1,alto
1,0.0,0,0.0,0,0,1,0,0,0,0,0,0,0,0,0,0,gratuito
3,0.0,0,0.0,5,3,1,1,1,0,1,0,0,1,0,0,0,gratuito
5,10000.0,1,0.0,1,3,1,0,0,0,1,0,0,1,0,1,0,alto
3,0.0,0,0.0,0,0,1,0,0,0,0,0,0,0,0,0,0,gratuito
4,10000.0,0,0.0,1,2,1,1,1,0,1,0,0,0,0,0,1,baixo
1,0.0,0,0.0,2,4,1,0,0,0,1,1,1,0,0,1,0,medio_alto
1,0.0,0,0.0,0,0,1,0,0,0,0,0,0,0,0,0,0,gratuito
2,10000.0,2,0.0,2,4,1,0,0,0,1,0,0,1,0,1,1,medio_alto
9,35000.0,63,0.7619047619047619,1,4,1,0,0,0,1,1,1,1,0,0,0,baixo
2,0.0,0,0.0,103,1,1,0,0,0,0,1,0,0,0,0,0,baixo
3,10000.0,7,0.8571428571428571,1,3,1,1,1,0,1,0,1,0,1,0,0,medio_alto
11,35000.0,40,0.6,1,7,1,0,0,0,1,1,1,1,1,1,0,medio_baixo
7,10000.0,6,0.3333333333333333,3,4,1,0,0,0,1,0,0,1,0,1,1,medio_baixo
6,35000.0,72,0.7916666666666666,1,3,1,1,1,1,1,0,0,0,0,1,1,alto
3,10000.0,272,0.7095588235294118,3,6,1,0,0,0,1,0,1,1,0,1,1,alto
2,10000.0,1,1.0,2,2,1,0,0,0,1,0,0,1,0,0,0,medio_alto
2,0.0,0,0.0,0,0,1,0,0,0,0,0,0,0,0,0,0,gratuito
3,0.0,0,0.0,0,0,1,0,0,0,0,0,0,0,0,0,0,gratuito
8,75000.0,95,0.4,1,1,1,0,0,1,0,0,0,0,0,0,0,gratuito
8,75000.0,788,0.8109137055837563,2,2,1,0,0,1,1,0,0,1,0,0,0,medio_baixo
10,75000.0,330,0.603030303030303,4,2,1,1,1,1,0,0,0,0,0,1,1,medio_alto
2,10000.0,17,0.9411764705882353,11,4,1,0,0,0,1,1,0,1,0,0,0,alto
5,10000.0,3,1.0,1,2,1,0,0,0,1,1,0,0,0,0,0,medio_alto
4,35000.0,44,0.8409090909090909,2,3,1,0,0,0,1,1,0,0,0,0,1,medio_alto
2,10000.0,286,0.8181818181818182,4,1,1,0,0,2,0,0,0,0,0,1,0,alto
4,10000.0,2,1.0,2,2,1,0,0,0,1,0,0,1,0,0,0,baixo
1,10000.0,0,0.0,1,4,1,1,1,0,1,0,1,0,1,1,0,alto
6,150000.0,1624,0.8029556650246306,1,4,1,0,0,0,1,1,0,0,0,0,1,alto
1,0.0,0,0.0,3,2,1,0,0,0,0,0,0,0,0,1,1,medio_baixo
2,10000.0,3,0.6666666666666666,1,2,1,0,0,0,1,0,0,1,0,0,0,baixo
3,10000.0,14,1.0,2,3,1,0,0,0,1,1,0,0,0,0,0,medio_baixo
6,10000.0,4,1.0,1,2,1,0,0,0,1,1,0,0,0,0,0,medio_alto
8,10000.0,51,0.7254901960784313,2,4,1,0,0,0,1,0,1,1,0,1,0,medio_alto
6,10000.0,10,0.9,4,1,1,0,0,0,0,0,0,1,0,0,0,alto
2,10000.0,0,0.0,1,3,1,0,0,0,1,0,1,1,0,0,0,medio_baixo
6,10000.0,290,0.9620689655172414,2,2,1,1,1,1,1,0,0,1,0,0,0,gratuito
5,1500000.0,39533,0.9398477221561733,11,3,1,0,0,1,1,1,0,0,1,0,0,alto
2,0.0,0,0.0,11,5,1,0,1,1,1,1,0,0,0,0,0,gratuito
3,10000.0,0,0.0,1,3,1,0,0,0,1,1,0,1,0,0,0,medio_baixo
2,10000.0,0,0.0,1,2,1,0,0,0,1,0,0,0,1,0,0,alto
3,0.0,0,0.0,0,0,1,0,0,0,0,0,0,0,0,0,0,gratuito
1,10000.0,0,0.0,5,1,1,0,1,0,0,0,0,0,0,1,0,medio_alto
8,10000.0,9,0.4444444444444444,1,3,1,1,1,0,1,1,0,1,0,0,0,baixo
5,10000.0,22,0.8181818181818182,1,2,1,0,0,0,1,0,0,1,0,0,0,baixo
1,0.0,0,0.0,103,4,1,1,1,0,0,1,1,1,0,0,0,alto
4,0.0,0,0.0,5,5,1,0,0,0,0,0,0,0,1,1,0,gratuito
11,10000.0,64,0.90625,1,2,1,0,0,0,0,0,0,0,0,1,1,alto
5,0.0,0,0.0,1,6,1,0,0,0,1,1,1,1,0,0,1,gratuito
7,10000.0,10,1.0,5,3,1,1,0,0,1,0,1,1,0,0,0,medio_baixo
1,10000.0,16,0.875,12,2,1,0,0,0,0,0,0,1,0,0,1,alto
3,0.0,0,0.0,2,2,1,0,0,0,1,0,0,0,1,0,0,gratuito
2,75000.0,8,0.75,11,4,1,0,0,0,1,1,1,0,1,0,0,medio_baixo
2,10000.0,13,0.15384615384615385,5,1,1,0,0,0,0,0,0,1,0,0,0,medio_baixo
4,150000.0,1573,0.9071837253655436,11,3,1,0,0,2,1,0,0,0,0,1,1,medio_alto
9,35000.0,75,0.5333333333333333,1,2,1,0,0,0,1,0,0,1,0,0,0,baixo
1,10000.0,0,0.0,26,1,1,0,0,0,0,0,0,1,0,0,0,baixo
1,0.0,0,0.0,4,2,1,0,0,0,1,0,1,0,0,0,0,medio_baixo
7,10000.0,7,1.0,1,4,1,0,0,0,1,0,1,0,1,1,0,medio_alto
5,0.0,0,0.0,1,2,1,0,0,0,0,1,0,0,0,0,0,gratuito
7,10000.0,9,0.8888888888888888,9,2,1,0,0,0,1,0,0,1,0,0,0,baixo
4,10000.0,3,1.0,10,3,1,0,0,0,1,0,0,1,0,1,0,medio_baixo
6,10000.0,32,0.75,1,5,1,0,0,0,1,1,0,1,0,0,0,gratuito
1,0.0,0,0.0,3,4,1,0,0,1,0,0,1,0,1,1,0,medio_baixo
5,10000.0,12,0.25,3,1,1,0,0,0,0,0,1,0,0,0,0,medio_alto
2,10000.0,6,1.0,1,2,1,0,0,0,1,0,0,0,1,0,0,medio_baixo
3,75000.0,55,0.9636363636363636,8,5,1,0,0,0,1,1,1,1,0,0,0,medio_alto
1,10000.0,0,0.0,1,2,1,0,0,0,1,0,0,1,0,0,0,medio_alto
5,35000.0,103,0.7378640776699029,3,3,1,0,0,0,1,0,1,0,1,0,0,alto
12,1500000.0,22578,0.6025334396314997,10,1,1,1,1,2,0,0,0,0,0,1,0,alto
4,10000.0,24,0.7083333333333334,1,4,1,0,0,0,1,0,0,0,0,1,1,medio_alto
4,10000.0,0,0.0,1,2,1,0,0,0,1,0,0,1,0,0,0,baixo
6,10000.0,50,1.0,1,5,1,0,0,1,1,1,1,1,0,1,0,baixo
1,0.0,0,0.0,2,3,1,0,0,0,1,0,1,0,0,0,0,gratuito
7,10000.0,0,0.0,2,4,1,0,0,0,1,1,0,1,0,1,0,baixo
1,0.0,0,0.0,6,6,1,0,0,7,1,1,1,1,1,0,0,gratuito
1,10000.0,0,0.0,2,4,1,0,0,0,1,1,1,1,0,0,0,medio_baixo
1,10000.0,0,0.0,1,4,1,0,0,0,1,1,1,0,0,0,1,baixo
5,10000.0,0,0.0,1,2,1,0,0,0,1,1,0,0,0,0,0,medio_alto
1,10000.0,0,0.0,3,3,1,0,0,0,1,0,1,1,0,0,0,alto
1,0.0,0,0.0,1,2,1,0,0,0,1,0,0,1,0,0,0,medio_baixo
8,10000.0,66,0.6212121212121212,6,2,1,1,0,2,1,0,1,0,0,0,0,alto
3,0.0,0,0.0,2,4,1,0,0,0,1,0,1,1,0,0,1,baixo
5,10000.0,4,0.75,2,5,1,0,0,0,1,1,1,1,1,0,0,baixo
5,10000.0,3,0.6666666666666666,30,5,1,0,0,0,1,0,1,1,0,0,0,alto
8,35000.0,997,0.9267803410230692,6,3,1,0,0,0,1,1,0,1,0,0,0,baixo
10,350000.0,1916,0.8549060542797495,1,5,1,1,1,0,1,0,0,1,0,1,1,gratuito
1,0.0,0,0.0,0,0,1,0,0,0,0,0,0,0,0,0,0,gratuito
1,10000.0,0,0.0,1,4,1,0,1,1,0,1,0,0,1,0,1,alto
6,10000.0,10,0.6,1,1,1,0,0,0,1,0,0,0,0,0,0,baixo
1,10000.0,0,0.0,11,3,1,1,1,1,1,0,0,0,1,1,0,medio_alto
3,0.0,0,0.0,20,3,1,0,0,0,1,1,0,0,0,0,0,gratuito
4,0.0,0,0.0,1,1,1,0,0,0,0,0,0,0,0,0,1,gratuito
1,10000.0,0,0.0,27,3,1,0,0,0,1,0,0,1,0,0,1,medio_baixo
1,0.0,0,0.0,1,2,1,0,0,0,1,0,1,0,0,0,0,alto
2,0.0,0,0.0,0,0,1,0,0,0,0,0,0,0,0,0,0,gratuito
2,10000.0,4,1.0,1,2,1,0,0,0,1,0,0,0,0,1,0,alto
7,3500000.0,48192,0.8757055112881806,13,2,1,0,0,21,0,1,0,0,0,0,1,medio_alto
2,350000.0,8711,0.9727930203191367,6,4,1,0,0,1,1,1,1,0,1,0,0,alto
1,10000.0,0,0.0,3,3,1,0,0,0,0,0,0,1,1,0,1,medio_baixo
4,35000.0,144,0.5763888888888888,1,4,1,0,0,0,1,1,1,0,0,0,1,baixo
2,10000.0,11,1.0,10,1,1,0,1,0,1,0,0,0,0,0,0,alto
8,10000.0,7,1.0,2,4,1,0,0,0,1,1,0,1,0,0,0,alto
2,10000.0,86,0.813953488372093,3,3,1,0,0,0,1,0,0,0,0,1,0,alto
6,75000.0,924,0.5735930735930735,2,5,1,1,1,1,1,0,0,1,1,1,1,alto
1,0.0,0,0.0,0,0,1,0,0,0,0,0,0,0,0,0,0,gratuito
1,10000.0,0,0.0,2,1,1,0,0,0,0,0,0,0,0,1,0,medio_alto
1,10000.0,3,1.0,1,4,1,0,0,0,1,0,1,1,0,0,0,medio_alto
2,0.0,0,0.0,0,0,1,0,0,0,0,0,0,0,0,0,0,gratuito
5,10000.0,4,1.0,1,4,1,1,0,0,1,1,0,0,0,0,0,alto
9,35000.0,112,0.7589285714285714,1,2,1,0,0,0,1,0,0,0,0,0,0,gratuito
5,35000.0,31,0.8709677419354839,2,3,1,0,0,0,1,0,0,1,0,0,1,baixo
1,0.0,0,0.0,0,0,1,0,0,0,0,0,0,0,0,0,0,gratuito
8,10000.0,39,0.7692307692307693,1,4,1,1,1,0,1,1,0,1,0,0,0,gratuito
6,10000.0,12,0.8333333333333334,1,3,1,0,0,0,1,0,0,1,0,0,0,baixo
10,35000.0,29,0.5862068965517241,5,2,1,1,1,0,0,1,0,0,0,1,0,baixo
1,10000.0,1,0.0,2,3,1,0,1,0,1,0,1,0,1,0,0,medio_alto
6,10000.0,13,0.7692307692307693,1,1,1,0,0,0,0,0,0,1,0,0,0,medio_alto
8,10000.0,10,0.7,1,1,1,1,0,0,0,0,0,0,0,1,0,gratuito
10,35000.0,57,0.7543859649122807,11,3,1,1,0,0,1,1,1,0,0,0,0,baixo
2,0.0,0,0.0,0,5,1,0,0,0,1,0,0,1,0,1,1,gratuito
1,10000.0,273,0.8571428571428571,2,3,1,0,0,2,1,0,1,1,0,0,0,medio_alto
1,10000.0,0,0.0,1,2,1,0,0,0,1,0,0,0,0,1,0,medio_alto
2,10000.0,1,1.0,16,2,1,0,0,0,1,1,0,0,0,0,0,medio_baixo
6,10000.0,0,0.0,1,1,1,0,0,0,0,0,1,0,0,0,0,alto
1,75000.0,2,1.0,1,3,1,0,0,0,1,0,0,0,0,1,1,medio_alto
1,0.0,0,0.0,1,8,1,1,0,0,1,1,1,1,1,1,0,gratuito
1,10000.0,0,0.0,1,2,1,0,0,0,1,0,0,0,0,1,0,medio_baixo
3,0.0,0,0.0,1,4,1,0,0,0,1,1,1,0,1,0,0,gratuito
1,10000.0,0,0.0,2,1,1,1,1,0,0,0,0,1,0,0,0,medio_baixo
10,150000.0,783,0.7841634738186463,5,4,1,0,0,0,1,0,1,1,0,0,0,gratuito
6,10000.0,1,1.0,1,2,1,0,0,0,1,0,0,1,0,0,0,medio_alto
8,10000.0,1,0.0,1,4,1,0,0,0,1,0,1,1,0,0,0,medio_baixo
11,10000.0,203,0.7093596059113301,1,2,1,0,0,1,1,0,1,0,0,0,0,alto
2,10000.0,1,1.0,3,4,1,0,0,0,1,1,1,0,0,1,0,medio_alto
9,10000.0,45,0.4888888888888889,2,5,1,0,0,0,1,1,1,1,0,0,1,baixo
3,10000.0,54,0.6851851851851852,12,4,1,0,1,0,1,1,0,1,0,0,1,medio_baixo
1,10000.0,0,0.0,1,2,1,0,0,0,0,0,0,1,0,0,0,alto
3,0.0,0,0.0,13,3,1,1,1,25,1,0,0,1,0,0,1,gratuito
1,0.0,0,0.0,0,0,1,0,0,0,0,0,0,0,0,0,0,gratuito
5,10000.0,10,1.0,1,1,1,0,0,0,0,0,0,1,0,0,0,baixo
9,7500000.0,210717,0.9645496091914748,1,3,1,1,0,1,1,0,0,1,0,0,0,gratuito
9,35000.0,36,0.6388888888888888,1,4,1,0,0,0,1,1,1,1,0,0,0,baixo
8,35000.0,85,0.5294117647058824,4,3,1,0,0,0,1,0,0,0,0,1,1,medio_baixo
3,10000.0,5,1.0,1,1,1,0,0,0,0,1,0,0,0,0,0,medio_alto
6,10000.0,7,0.7142857142857143,2,4,1,1,1,0,1,0,1,1,1,0,0,medio_alto
3,10000.0,37,0.8378378378378378,1,4,1,0,0,0,1,1,0,1,0,0,0,gratuito
6,10000.0,2,0.5,1,3,1,0,0,0,1,1,0,1,0,0,0,baixo
9,10000.0,132,0.9166666666666666,1,1,1,0,0,0,0,0,0,0,0,0,0,gratuito
4,10000.0,8,1.0,2,1,1,0,0,0,1,0,0,0,0,0,0,baixo
8,75000.0,3145,0.9103338632750397,9,3,1,0,0,3,1,1,1,0,0,0,0,medio_alto
5,10000.0,27,0.8148148148148148,1,4,1,1,0,0,1,0,1,0,1,0,0,gratuito
6,10000.0,9,0.8888888888888888,3,4,1,0,0,0,1,1,1,0,1,0,0,medio_baixo
8,10000.0,6,1.0,1,4,1,1,1,0,1,0,0,0,1,1,0,medio_alto
8,10000.0,23,0.9565217391304348,1,3,1,1,0,0,1,0,1,1,0,0,0,medio_alto
6,750000.0,11444,0.8490912268437609,7,4,1,1,0,314,0,0,1,0,1,1,0,gratuito
1,10000.0,0,0.0,1,3,1,0,0,0,1,0,0,1,0,0,1,medio_alto
2,10000.0,16,0.6875,5,3,1,0,0,0,1,0,0,1,0,0,1,medio_baixo
9,10000.0,110,0.8818181818181818,1,3,1,1,1,1,1,1,1,0,0,0,0,medio_baixo
3,10000.0,98,0.9795918367346939,2,2,1,0,0,0,1,0,0,1,0,0,0,alto
3,75000.0,368,0.8233695652173914,10,2,1,0,0,0,1,0,0,1,0,0,0,baixo
18,35000.0,88,0.8068181818181818,1,3,1,0,0,0,1,1,0,0,0,1,0,medio_baixo
4,35000.0,20,0.5,1,2,1,0,0,0,1,1,0,0,0,0,0,baixo
2,10000.0,29,0.9655172413793104,1,3,1,1,0,0,1,1,1,0,0,0,0,medio_alto
2,75000.0,29,0.8620689655172413,2,2,1,1,1,1,1,0,1,0,0,0,0,alto
5,10000.0,2,0.0,2,1,1,0,0,0,0,0,0,0,1,0,0,baixo
2,10000.0,0,0.0,1,4,1,0,0,0,0,1,1,0,1,0,0,gratuito
6,10000.0,41,0.8780487804878049,1,4,1,1,0,0,1,0,0,1,0,0,1,gratuito
2,10000.0,2,1.0,1,1,1,0,0,0,0,0,0,0,0,1,0,medio_baixo
10,35000.0,33,0.5757575757575758,1,3,1,0,0,0,1,0,1,0,1,0,0,baixo
5,0.0,0,0.0,1,3,1,0,0,0,1,0,1,0,0,0,0,gratuito
2,10000.0,4,1.0,1,3,1,0,0,0,0,1,0,1,1,0,0,baixo
16,35000.0,132,0.8484848484848485,1,2,1,1,0,0,0,0,0,1,0,0,1,medio_alto
1,0.0,0,0.0,1,5,1,0,0,0,1,1,1,0,1,0,0,alto
8,10000.0,6,0.6666666666666666,2,2,1,0,0,0,1,1,0,0,0,0,0,baixo
5,10000.0,0,0.0,1,1,1,0,0,0,0,0,0,0,1,0,0,alto
1,10000.0,25,0.8,2,4,1,0,0,0,1,0,0,1,1,1,0,medio_baixo
3,10000.0,3,1.0,1,3,1,0,0,0,0,0,1,1,1,0,0,baixo
2,10000.0,1,0.0,9,3,1,1,0,0,1,0,1,0,0,1,0,medio_baixo
1,10000.0,0,0.0,30,6,1,0,0,3,1,0,1,1,1,1,1,medio_alto
9,35000.0,858,0.9568764568764568,1,2,1,1,1,0,1,1,0,0,0,0,0,medio_baixo
10,10000.0,8,0.75,1,2,1,0,0,0,0,0,0,1,0,1,0,medio_baixo
1,0.0,0,0.0,1,4,1,0,0,0,1,1,1,0,0,0,0,gratuito
1,0.0,0,0.0,2,3,1,0,0,0,0,1,1,0,1,0,0,alto
10,10000.0,10,0.8,1,4,1,1,1,0,1,1,0,0,0,0,0,medio_baixo
5,10000.0,38,0.7894736842105263,1,2,1,0,0,0,1,0,0,1,0,0,0,medio_baixo
4,0.0,0,0.0,0,0,1,0,0,0,0,0,0,0,0,0,0,gratuito
5,750000.0,28249,0.9795744982123261,5,4,1,1,0,11,1,0,0,1,1,0,1,medio_baixo
9,10000.0,0,0.0,1,2,1,0,0,0,1,1,0,0,0,0,0,medio_alto
1,0.0,0,0.0,0,0,1,0,0,0,0,0,0,0,0,0,0,gratuito
5,10000.0,6,0.6666666666666666,2,3,1,0,0,0,0,0,0,1,0,0,0,gratuito
7,35000.0,47,0.48936170212765956,1,3,1,0,0,0,1,0,0,1,0,0,0,gratuito
5,150000.0,551,0.7531760435571688,3,2,1,0,0,0,0,0,0,0,1,1,0,alto
9,35000.0,33,0.7272727272727273,3,3,1,0,1,0,1,1,1,0,0,0,0,gratuito
6,10000.0,70,0.8285714285714286,3,2,1,0,0,0,1,1,0,0,0,0,0,medio_alto
1,0.0,0,0.0,0,0,1,0,0,0,0,0,0,0,0,0,0,gratuito
5,10000.0,59,0.9661016949152542,4,3,1,1,0,1,1,1,0,1,0,0,0,medio_alto
4,10000.0,25,0.6,14,1,1,0,0,0,0,0,0,1,0,0,0,medio_baixo
8,10000.0,8,1.0,5,3,1,0,0,0,1,0,0,1,0,1,0,alto
2,10000.0,5,0.8,1,3,1,0,0,0,0,1,0,1,0,0,0,medio_alto
1,10000.0,8,1.0,2,2,1,0,0,0,0,0,0,1,0,1,0,medio_alto
2,10000.0,5,0.2,3,3,1,1,0,0,1,0,0,0,0,1,1,medio_alto
1,10000.0,0,0.0,1,5,1,0,0,0,1,0,1,0,1,1,1,medio_baixo
5,35000.0,1,0.0,1,5,1,0,0,0,0,1,1,1,1,0,0,medio_alto
2,35000.0,198,0.9646464646464646,1,2,1,1,0,1,0,0,1,0,1,0,0,alto
2,10000.0,17,0.8823529411764706,1,2,1,0,0,0,1,0,0,1,0,0,0,medio_alto
1,0.0,0,0.0,1,3,1,0,0,0,1,0,0,1,0,0,1,medio_baixo
11,75000.0,143,0.7272727272727273,4,4,1,0,0,0,1,1,1,1,0,0,0,alto
11,10000.0,17,0.5294117647058824,1,3,1,0,0,0,1,1,0,0,0,0,0,medio_alto
4,10000.0,1,1.0,9,3,1,0,0,0,1,0,1,0,0,1,0,medio_alto
17,10000.0,42,0.38095238095238093,1,1,1,0,0,0,0,1,0,0,0,0,0,alto
2,10000.0,42,0.6904761904761905,1,4,1,0,0,0,1,1,0,0,0,0,1,medio_baixo
10,35000.0,141,0.49645390070921985,1,2,1,0,0,0,0,0,0,1,0,0,1,medio_baixo
2,10000.0,223,0.9327354260089686,10,1,1,0,0,0,0,1,0,0,0,0,0,medio_alto
5,10000.0,15,0.8,103,5,1,0,0,0,1,0,1,1,0,1,1,baixo
4,10000.0,10,0.8,3,1,1,0,0,1,0,0,1,0,0,0,0,medio_alto
4,10000.0,11,0.8181818181818182,1,2,1,0,1,0,0,0,0,0,0,0,1,medio_alto
9,10000.0,27,0.37037037037037035,2,1,1,0,0,0,1,0,0,0,0,0,0,medio_alto
7,10000.0,2,0.5,1,2,1,1,0,0,1,0,1,0,0,0,0,baixo
5,10000.0,3,1.0,1,3,1,0,0,0,1,1,0,1,0,0,0,medio_baixo
3,10000.0,6,1.0,1,3,1,0,0,1,1,1,1,0,0,0,0,alto
1,10000.0,0,0.0,1,2,1,0,0,0,0,0,1,0,1,0,0,medio_baixo
2,10000.0,3,1.0,1,2,1,0,0,0,0,0,0,0,1,0,0,gratuito
1,10000.0,0,0.0,1,2,1,0,0,0,0,1,0,0,0,0,1,medio_alto
9,150000.0,836,0.8373205741626795,1,3,1,1,1,0,1,0,0,1,0,1,0,baixo
7,35000.0,9,0.7777777777777778,1,5,1,0,0,0,1,1,0,1,1,1,0,gratuito
1,10000.0,0,0.0,9,3,1,0,0,0,1,1,1,0,0,0,0,baixo
6,75000.0,249,0.7590361445783133,1,4,1,1,1,0,1,0,0,0,1,0,0,gratuito
9,10000.0,11,0.7272727272727273,1,3,1,0,0,0,1,0,1,0,1,0,0,medio_alto
1,10000.0,1,0.0,1,2,1,0,0,0,1,1,0,0,0,0,0,baixo
10,35000.0,511,0.8454011741682974,6,5,1,1,0,0,1,1,1,1,0,0,1,baixo
1,10000.0,0,0.0,4,2,1,0,0,1,0,0,1,0,0,0,1,alto
1,0.0,0,0.0,0,0,1,0,0,0,0,0,0,0,0,0,0,gratuito
3,10000.0,4,1.0,11,2,1,0,0,0,1,0,0,1,0,0,0,medio_baixo
2,10000.0,13,0.6923076923076923,1,4,1,0,0,0,1,1,1,0,0,0,0,gratuito
6,10000.0,95,0.7052631578947368,14,3,1,0,0,0,1,0,0,0,0,0,1,baixo
12,35000.0,754,0.96684350132626,4,2,1,1,1,0,0,0,1,1,0,0,0,medio_alto
2,10000.0,78,0.7435897435897436,3,3,1,0,0,0,1,0,1,0,1,0,0,alto
1,10000.0,0,0.0,4,2,1,0,0,0,1,0,0,0,0,1,0,alto
3,0.0,0,0.0,0,0,1,0,0,0,0,0,0,0,0,0,0,gratuito
8,35000.0,75,0.64,5,2,1,0,0,0,0,0,1,1,0,0,0,baixo
7,10000.0,4,1.0,1,2,1,0,0,0,0,0,1,1,0,0,0,alto
1,10000.0,0,0.0,2,2,1,0,0,0,0,0,0,0,0,0,0,gratuito
2,10000.0,11,0.36363636363636365,30,4,1,0,0,0,1,0,0,1,0,0,1,medio_alto
3,0.0,0,0.0,1,5,1,0,0,0,0,1,1,1,0,0,0,gratuito
4,10000.0,0,0.0,2,2,1,0,0,0,1,0,1,0,0,0,0,alto
4,10000.0,76,0.9736842105263158,1,1,1,0,0,0,0,0,0,1,0,0,0,medio_alto
3,10000.0,0,0.0,1,1,1,0,0,0,0,1,0,0,0,0,0,gratuito
3,10000.0,0,0.0,2,3,1,0,0,0,1,0,0,0,1,0,0,gratuito
6,10000.0,3,1.0,1,2,1,1,0,0,1,0,0,1,0,0,0,medio_alto
6,10000.0,3,0.6666666666666666,1,3,1,0,0,0,0,1,0,0,0,0,0,alto
1,0.0,0,0.0,2,3,1,0,0,0,0,0,1,1,1,0,0,alto
6,75000.0,45,0.7777777777777778,1,5,1,0,0,0,1,1,1,0,1,0,0,gratuito
3,0.0,0,0.0,1,3,1,0,0,0,0,0,0,0,1,0,0,gratuito
3,10000.0,38,0.42105263157894735,26,4,1,0,0,0,1,1,0,0,0,0,1,baixo
17,3500000.0,12774,0.8844527947393143,5,1,1,1,1,0,0,0,0,0,0,1,0,alto
7,75000.0,236,0.3177966101694915,1,7,1,0,0,0,1,1,1,1,1,1,0,gratuito
5,10000.0,0,0.0,1,2,1,0,0,0,0,1,0,1,0,0,0,alto
2,10000.0,0,0.0,1,4,1,0,0,0,1,0,1,1,0,0,1,baixo
1,0.0,0,0.0,103,3,1,0,0,0,1,1,0,0,0,0,0,alto
9,10000.0,27,0.48148148148148145,1,1,1,0,0,0,0,0,0,0,0,0,0,gratuito
7,10000.0,3,0.0,1,5,1,0,0,0,1,1,1,0,1,0,0,alto
3,75000.0,12,0.4166666666666667,1,5,1,0,0,0,1,1,1,0,0,1,0,alto
3,0.0,0,0.0,0,0,1,0,0,0,0,0,0,0,0,0,0,gratuito
2,0.0,0,0.0,0,0,1,0,0,0,0,0,0,0,0,0,0,gratuito
1,0.0,0,0.0,103,2,1,0,0,0,1,0,0,1,0,0,0,baixo
1,0.0,0,0.0,1,4,1,0,0,0,1,1,0,1,0,1,0,medio_baixo
7,750000.0,4355,0.7637198622273249,31,6,1,1,1,2,1,1,1,0,1,0,1,gratuito
4,10000.0,19,0.6842105263157895,103,1,1,0,0,0,0,0,1,0,0,0,0,baixo
2,0.0,0,0.0,103,3,1,0,0,1,1,0,1,0,0,0,1,medio_alto
1,0.0,0,0.0,3,3,1,0,0,0,1,1,1,0,0,0,0,medio_baixo
3,150000.0,208,0.6634615384615384,2,1,1,0,0,0,0,0,0,0,0,1,0,baixo
3,10000.0,5,0.8,2,2,1,0,0,0,1,0,0,1,0,0,0,medio_baixo
12,10000.0,58,0.7586206896551724,1,2,1,1,0,0,0,1,1,0,0,0,0,baixo
2,10000.0,0,0.0,1,2,1,0,0,0,0,1,1,0,0,0,0,medio_alto
2,10000.0,11,1.0,1,4,1,0,0,0,1,0,0,1,0,0,1,medio_baixo
4,0.0,0,0.0,1,5,1,0,0,0,1,1,1,1,0,0,0,gratuito
1,0.0,0,0.0,1,3,1,0,0,0,0,1,0,1,0,0,0,gratuito
2,10000.0,26,0.8461538461538461,1,2,1,0,0,0,0,1,0,0,0,0,0,gratuito
4,35000.0,6,0.8333333333333334,6,2,1,0,0,0,1,0,1,0,0,0,0,baixo
5,10000.0,0,0.0,29,2,1,0,0,0,1,0,0,1,0,0,0,medio_baixo
1,0.0,0,0.0,1,4,1,0,0,0,1,1,1,0,0,0,0,gratuito
3,0.0,0,0.0,103,5,1,0,0,0,1,0,1,1,0,1,1,baixo
5,35000.0,9,0.8888888888888888,1,4,1,0,0,0,1,0,0,1,0,1,1,gratuito
5,10000.0,0,0.0,1,1,1,0,1,0,0,0,0,1,0,0,0,medio_alto
2,10000.0,28,1.0,1,1,1,0,0,0,0,0,0,0,0,1,0,medio_baixo
5,10000.0,64,0.515625,1,2,1,0,0,0,1,0,1,0,0,0,0,gratuito
1,0.0,0,0.0,1,4,1,1,1,1,1,1,0,0,0,1,0,gratuito
5,35000.0,260,0.6961538461538461,5,3,1,0,0,0,1,1,1,0,0,0,0,medio_alto
2,10000.0,1,1.0,2,3,1,0,0,0,1,1,1,0,0,0,0,alto
4,10000.0,0,0.0,1,2,1,0,0,0,1,0,0,1,0,0,0,medio_alto
1,10000.0,23,0.9130434782608695,12,4,1,0,1,0,1,1,1,0,0,0,1,medio_baixo
2,10000.0,8,0.625,1,3,1,0,0,0,1,1,0,0,0,0,1,medio_baixo
5,10000.0,5,0.6,1,2,1,0,0,0,0,0,1,1,0,0,0,baixo
3,10000.0,36,0.9166666666666666,1,3,1,0,1,0,1,0,1,1,0,0,0,medio_baixo
1,10000.0,0,0.0,1,3,1,0,0,0,1,0,0,1,0,0,1,alto
4,10000.0,23,0.9130434782608695,1,2,1,0,0,0,1,0,1,0,0,0,0,medio_baixo
6,10000.0,2,0.5,1,3,1,0,1,0,1,1,1,0,0,0,0,baixo
3,10000.0,6,0.8333333333333334,3,2,1,0,0,0,1,0,0,1,0,0,0,baixo
1,10000.0,0,0.0,10,3,1,0,0,0,1,0,0,1,0,0,1,baixo
12,75000.0,216,0.7638888888888888,5,3,1,1,1,0,1,1,0,0,0,1,0,baixo
8,10000.0,0,0.0,1,6,1,0,0,0,1,1,1,0,0,1,1,alto
2,35000.0,103,0.7475728155339806,11,2,1,0,1,0,1,0,0,1,0,0,0,alto
1,10000.0,0,0.0,1,2,1,1,0,0,0,0,0,1,0,0,1,medio_alto
4,10000.0,47,0.8085106382978723,26,2,1,0,0,0,1,0,0,1,0,0,0,baixo
3,10000.0,0,0.0,8,4,1,0,0,0,1,0,1,1,0,0,0,medio_baixo
2,10000.0,55,0.6,1,2,1,1,0,0,0,0,0,1,0,1,0,alto
5,35000.0,78,0.6666666666666666,2,2,1,0,0,0,1,0,0,0,0,0,0,gratuito
10,10000.0,9,1.0,1,3,1,0,0,0,0,1,0,1,0,0,0,gratuito
3,0.0,0,0.0,2,2,1,0,0,0,0,0,1,1,0,0,0,gratuito
4,10000.0,3,0.3333333333333333,1,3,1,0,0,1,1,0,0,0,0,0,1,medio_baixo
8,10000.0,16,0.4375,2,3,1,0,0,1,1,0,0,1,0,1,0,baixo
1,10000.0,354,0.9661016949152542,12,2,1,0,0,0,1,0,1,0,0,0,0,alto
2,35000.0,32,0.90625,1,3,1,1,1,0,1,0,0,1,0,1,0,baixo
5,10000.0,1,1.0,1,3,1,0,0,0,1,0,0,1,0,1,0,medio_alto
2,0.0,0,0.0,2,3,1,0,0,0,1,0,1,0,0,0,0,gratuito
1,10000.0,0,0.0,12,2,1,0,0,0,1,0,0,1,0,0,0,alto
1,10000.0,0,0.0,1,3,1,0,0,0,1,1,1,0,0,0,0,baixo
1,10000.0,0,0.0,1,2,1,0,0,0,1,1,0,0,0,0,0,medio_alto
1,10000.0,21,0.42857142857142855,26,4,1,0,0,0,1,0,0,1,1,0,1,baixo
5,10000.0,235,0.5148936170212766,12,3,1,0,0,0,1,0,0,1,0,0,0,baixo
5,10000.0,202,0.6485148514851485,12,6,1,0,0,0,1,0,1,1,0,1,1,gratuito
5,75000.0,70,0.6285714285714286,1,4,1,0,0,0,1,0,1,1,0,0,0,gratuito
3,0.0,0,0.0,1,3,1,0,0,0,1,0,0,0,0,0,1,gratuito
1,0.0,0,0.0,1,3,1,0,0,0,1,0,1,0,0,0,0,medio_alto
4,10000.0,17,0.8235294117647058,1,2,1,0,0,0,1,0,0,0,0,1,0,gratuito
11,75000.0,564,0.8847517730496454,1,4,1,1,0,0,0,1,1,0,1,1,0,baixo
1,10000.0,37,0.8378378378378378,14,4,1,0,0,2,1,0,1,1,1,0,0,alto
4,35000.0,19,0.8421052631578947,3,3,1,0,0,0,0,1,1,0,1,0,0,medio_baixo
12,750000.0,2563,0.6894264533749512,10,4,1,0,0,4,1,1,1,0,1,0,0,baixo
1,0.0,0,0.0,3,4,1,0,0,0,1,1,1,0,0,0,0,baixo
2,0.0,0,0.0,0,0,1,0,0,0,0,0,0,0,0,0,0,gratuito
2,10000.0,321,0.9688473520249221,12,3,1,0,0,0,1,1,0,1,0,0,0,baixo
6,35000.0,5,0.4,1,7,1,0,0,0,1,1,1,1,1,1,0,medio_alto
4,75000.0,334,0.6646706586826348,12,3,1,0,0,0,1,1,1,0,0,0,0,medio_alto
2,10000.0,2,1.0,3,4,1,0,0,0,1,1,1,1,0,0,0,alto
5,10000.0,35,0.6857142857142857,1,2,1,0,0,0,1,1,0,0,0,0,0,alto
1,10000.0,2,0.5,1,2,1,0,0,0,1,1,0,0,0,0,0,baixo
4,10000.0,5,0.8,1,2,1,0,0,0,0,1,1,0,0,0,0,baixo
3,10000.0,4,0.25,13,2,1,0,0,0,1,1,0,0,0,0,0,baixo
2,35000.0,23,0.9130434782608695,7,1,1,0,0,1,0,0,1,0,0,0,0,alto
3,0.0,0,0.0,0,0,1,0,0,0,0,0,0,0,0,0,0,gratuito
6,10000.0,2,1.0,1,1,1,0,0,0,0,0,0,1,0,0,0,medio_alto
1,10000.0,0,0.0,12,3,1,0,0,0,1,1,0,1,0,0,0,alto
2,10000.0,180,0.9111111111111111,1,4,1,1,1,3,1,0,1,1,1,0,0,alto
3,10000.0,34,0.7941176470588235,1,6,1,0,0,1,1,0,1,0,1,1,1,gratuito
1,0.0,0,0.0,1,2,1,0,0,0,1,0,0,0,0,1,0,medio_alto
8,35000.0,41,0.8536585365853658,2,2,1,0,0,0,1,1,0,0,0,0,0,baixo
2,10000.0,3,1.0,1,4,1,0,0,0,1,1,1,0,0,0,0,alto
8,10000.0,67,0.8507462686567164,1,2,1,0,0,0,0,1,1,0,0,0,0,baixo
5,10000.0,1,1.0,1,4,1,0,0,0,1,1,1,1,0,0,0,medio_baixo
10,10000.0,53,0.6981132075471698,1,1,1,0,0,0,0,0,1,0,0,0,0,gratuito
7,35000.0,130,0.4153846153846154,1,3,1,0,0,0,1,0,0,0,0,1,1,medio_baixo
2,10000.0,0,0.0,30,3,1,0,0,0,0,1,1,0,0,0,1,alto
4,35000.0,4,0.75,1,3,1,0,0,0,1,1,1,0,0,0,0,baixo
6,10000.0,11,0.8181818181818182,1,4,1,0,0,0,1,1,0,1,0,0,0,medio_alto
4,10000.0,8,0.875,1,4,1,0,0,1,1,1,0,0,1,1,0,medio_baixo
9,35000.0,228,0.6447368421052632,1,3,1,1,1,0,1,1,0,1,0,0,0,baixo
9,10000.0,26,0.7307692307692307,1,5,1,0,0,0,0,1,1,0,1,0,0,gratuito
4,350000.0,9286,0.8167133318974801,1,7,1,1,0,0,1,1,1,1,1,0,0,gratuito
1,10000.0,50,0.88,8,2,1,0,0,0,1,0,0,0,0,0,1,medio_baixo
5,10000.0,377,0.5013262599469496,9,5,1,0,0,0,0,1,1,1,0,0,0,medio_alto
8,10000.0,119,0.7899159663865546,1,4,1,1,0,0,1,1,1,0,1,0,0,alto
4,0.0,0,0.0,0,0,1,0,0,0,0,0,0,0,0,0,0,gratuito
1,10000.0,14,0.8571428571428571,3,3,1,1,0,0,1,0,0,1,0,1,0,alto
6,10000.0,65,0.5384615384615384,13,5,1,0,0,0,0,0,0,0,0,0,0,alto
8,10000.0,0,0.0,1,1,1,0,0,0,0,0,0,1,0,0,0,baixo
1,10000.0,0,0.0,8,3,1,0,0,0,1,0,0,1,0,1,0,medio_baixo
11,35000.0,91,0.7472527472527473,1,3,1,0,0,0,1,1,1,0,0,0,0,baixo
9,10000.0,4,1.0,1,4,1,1,0,0,1,1,1,0,0,0,0,medio_baixo
4,10000.0,0,0.0,15,4,1,0,0,0,0,1,0,1,1,0,1,medio_alto
2,10000.0,1,1.0,2,3,1,1,1,0,0,0,0,1,1,0,1,baixo
5,10000.0,54,0.9074074074074074,1,3,1,0,0,1,1,1,0,0,1,0,0,gratuito
9,75000.0,657,0.756468797564688,5,3,1,1,1,2,1,0,0,1,0,0,0,gratuito
8,0.0,0,0.0,3,4,1,0,0,0,1,0,1,1,1,0,0,baixo
2,10000.0,0,0.0,1,3,1,0,0,0,1,1,1,0,0,0,0,medio_alto
4,10000.0,24,0.625,1,3,1,0,0,0,1,0,0,0,0,1,0,gratuito
9,10000.0,2,1.0,2,1,1,0,0,0,0,0,1,0,0,0,0,medio_alto
2,10000.0,13,0.5384615384615384,1,5,1,0,0,0,1,1,1,0,1,0,1,medio_alto
1,0.0,0,0.0,0,0,1,0,0,0,0,0,0,0,0,0,0,gratuito
1,0.0,0,0.0,0,0,1,0,0,0,0,0,0,0,0,0,0,gratuito
4,35000.0,2,1.0,1,4,1,0,0,0,1,1,1,0,1,0,0,medio_baixo
2,10000.0,0,0.0,7,2,1,0,0,0,0,0,0,0,1,0,1,medio_alto
3,10000.0,1,1.0,16,3,1,0,0,0,0,0,1,1,0,0,1,alto
1,0.0,0,0.0,10,5,1,0,0,0,1,0,0,1,1,1,0,medio_alto
2,10000.0,22,0.7727272727272727,1,6,1,0,0,0,1,1,0,1,0,0,1,medio_baixo
8,10000.0,15,1.0,1,1,1,0,0,1,0,0,1,0,0,0,0,medio_alto
3,10000.0,1,0.0,1,4,1,0,0,0,1,1,0,1,0,1,0,baixo
2,10000.0,0,0.0,1,3,1,1,1,0,1,0,1,1,0,0,0,baixo
4,10000.0,0,0.0,1,5,1,0,0,0,1,1,1,0,0,1,0,medio_alto
2,10000.0,0,0.0,1,4,1,0,0,0,1,0,1,0,1,0,0,gratuito
5,10000.0,52,0.9615384615384616,1,2,1,0,0,0,1,0,0,1,0,0,0,medio_baixo
3,10000.0,2,0.5,1,3,1,1,1,0,0,1,0,1,0,0,0,medio_baixo
3,10000.0,6,0.8333333333333334,3,2,1,0,0,2,0,0,1,0,1,0,0,medio_alto
1,10000.0,0,0.0,2,2,1,0,0,1,1,1,0,0,0,0,0,alto
8,150000.0,1649,0.9587628865979382,103,3,1,0,0,0,1,1,0,1,0,0,0,baixo
5,10000.0,28,0.6071428571428571,1,3,1,0,0,0,0,1,1,0,0,0,0,alto
1,10000.0,0,0.0,1,3,1,0,0,0,1,1,0,1,0,0,0,baixo
5,35000.0,715,0.7748251748251749,8,4,1,0,0,0,1,0,1,0,1,0,1,medio_baixo
2,0.0,0,0.0,1,2,1,0,0,0,0,0,0,0,1,0,0,gratuito
2,35000.0,4,0.5,4,4,1,0,1,0,1,1,0,0,0,1,0,medio_alto
3,10000.0,344,0.8662790697674418,29,4,1,0,0,0,1,0,0,1,1,0,1,medio_baixo
7,10000.0,3,0.3333333333333333,1,2,1,0,0,0,1,0,0,0,1,0,0,baixo
3,35000.0,4,0.75,1,2,1,0,0,0,1,0,1,0,0,0,0,medio_alto
5,10000.0,1,1.0,1,3,1,0,0,0,1,0,0,1,0,1,0,baixo
1,10000.0,0,0.0,16,2,1,0,0,0,1,0,1,0,0,0,0,alto
4,10000.0,65,0.5846153846153846,16,4,1,1,0,1,1,0,0,0,0,1,1,gratuito
1,0.0,0,0.0,1,4,1,0,0,0,1,0,1,1,0,0,0,baixo
6,10000.0,0,0.0,1,2,1,0,0,2,1,0,0,1,0,0,0,baixo
3,10000.0,0,0.0,1,4,1,0,0,0,1,0,1,1,0,0,0,gratuito
5,10000.0,9,0.7777777777777778,3,2,1,1,1,0,1,0,1,0,0,0,0,alto
8,150000.0,36,0.7222222222222222,1,1,1,0,0,0,0,0,0,0,0,0,0,alto
4,10000.0,25,0.8,103,1,1,0,0,0,1,0,0,0,0,0,0,baixo
1,0.0,0,0.0,2,2,1,0,0,1,1,1,0,0,0,0,0,medio_alto
4,35000.0,15,0.9333333333333333,4,3,1,0,0,0,1,0,0,1,0,0,0,gratuito
1,10000.0,1,1.0,9,5,1,0,0,0,1,1,0,1,0,1,0,medio_alto
3,35000.0,14,0.5,29,5,1,0,0,0,1,1,1,0,1,0,0,gratuito
1,0.0,0,0.0,1,3,1,0,1,0,1,0,1,0,0,0,0,medio_baixo
9,10000.0,4,1.0,1,2,1,0,0,0,1,1,0,0,0,0,0,medio_baixo
7,10000.0,0,0.0,1,2,1,0,0,0,1,0,0,1,0,0,0,baixo
4,35000.0,5,1.0,1,1,1,0,0,0,0,0,0,0,1,0,0,medio_alto
11,75000.0,478,0.7050209205020921,1,2,1,0,0,0,1,1,0,0,0,0,0,baixo
3,0.0,0,0.0,1,6,1,0,0,0,1,1,1,1,1,1,0,gratuito
1,0.0,0,0.0,1,3,1,0,0,0,1,0,1,0,1,0,0,alto
3,10000.0,3,1.0,1,2,1,0,0,0,0,0,0,1,0,1,0,medio_baixo
1,10000.0,0,0.0,5,2,1,0,0,1,1,1,0,0,0,0,0,alto
2,10000.0,1,1.0,2,3,1,0,0,0,1,0,1,1,0,0,0,baixo
2,0.0,0,0.0,0,0,1,0,0,0,0,0,0,0,0,0,0,gratuito
9,10000.0,55,0.4909090909090909,7,3,1,1,0,0,1,0,1,0,0,0,1,gratuito
5,10000.0,18,0.8888888888888888,2,3,1,0,0,0,1,0,0,1,0,1,0,medio_alto
2,75000.0,417,0.7721822541966427,2,6,1,0,0,0,1,1,1,0,1,0,1,alto
2,0.0,0,0.0,7,5,1,0,0,0,0,1,0,1,0,0,0,gratuito
1,0.0,0,0.0,1,4,1,0,1,0,1,1,1,0,1,0,0,medio_alto
8,3500000.0,41487,0.881746089136356,12,4,1,1,1,7,1,0,1,0,1,1,0,medio_alto
1,10000.0,4,0.75,1,1,1,0,0,0,0,1,0,0,0,0,0,medio_baixo
3,10000.0,0,0.0,1,1,1,0,0,0,0,0,0,0,0,0,0,gratuito
1,0.0,0,0.0,0,0,1,0,0,0,0,0,0,0,0,0,0,gratuito
5,75000.0,31,0.6774193548387096,1,3,1,0,0,0,1,1,1,0,0,0,0,baixo
4,0.0,0,0.0,1,4,1,0,0,0,1,1,0,0,0,0,1,gratuito
1,0.0,0,0.0,1,8,1,0,0,0,0,0,0,0,0,0,0,gratuito
2,0.0,0,0.0,17,3,1,1,0,0,0,1,0,0,0,1,1,gratuito
5,10000.0,3,1.0,1,2,1,0,0,0,0,0,0,1,0,1,0,medio_baixo
8,10000.0,18,0.5555555555555556,1,5,1,0,0,0,1,0,1,1,0,0,1,medio_baixo
1,0.0,0,0.0,1,3,1,1,0,0,1,0,0,0,0,0,1,gratuito
4,0.0,0,0.0,1,3,1,0,0,0,1,0,1,0,0,0,0,gratuito
4,10000.0,36,0.75,1,4,1,0,0,0,1,0,0,1,1,1,0,medio_baixo
1,10000.0,0,0.0,30,2,1,0,0,0,0,0,1,1,0,0,0,baixo
3,10000.0,12,0.6666666666666666,1,4,1,1,1,0,1,0,0,1,0,1,1,medio_baixo
3,10000.0,45,0.8222222222222222,1,3,1,0,0,0,1,1,0,1,0,0,0,gratuito
8,10000.0,6,0.16666666666666666,2,7,1,0,0,0,1,0,0,1,1,0,1,alto
3,10000.0,13,0.7692307692307693,1,1,1,0,0,0,0,0,0,1,0,0,0,baixo
1,0.0,0,0.0,1,4,1,0,0,0,1,0,0,1,0,0,1,gratuito
1,10000.0,0,0.0,1,1,1,0,0,0,0,0,0,0,1,0,0,alto
8,10000.0,11,0.8181818181818182,1,2,1,0,0,1,1,0,0,1,0,0,0,medio_baixo
3,10000.0,1,0.0,1,2,1,0,0,0,0,1,0,0,0,1,0,medio_baixo
5,35000.0,454,0.7444933920704846,2,2,1,0,0,1,1,1,0,0,0,0,0,alto
4,10000.0,10,0.8,1,5,1,0,0,0,1,1,1,1,1,0,0,baixo
4,75000.0,3,0.6666666666666666,1,6,1,0,0,0,1,1,1,1,0,0,0,baixo
3,10000.0,0,0.0,1,2,1,1,0,0,0,0,0,1,0,1,0,medio_alto
8,10000.0,21,0.7619047619047619,1,3,1,0,0,0,1,0,1,1,0,0,0,baixo
18,150000.0,256,0.46875,1,2,1,0,0,10,0,0,0,1,0,1,0,alto
10,10000.0,156,0.8141025641025641,1,3,1,1,0,1,1,0,1,0,0,1,0,alto
1,0.0,0,0.0,1,5,1,0,1,0,1,1,0,1,0,0,0,gratuito
3,10000.0,4,0.5,1,2,1,0,0,0,0,0,1,1,0,0,0,medio_alto
3,10000.0,104,0.8173076923076923,7,3,1,1,1,0,0,1,0,0,0,1,1,alto
8,75000.0,319,0.6739811912225705,2,2,1,0,0,2,0,0,1,0,1,0,0,alto
3,10000.0,254,0.7204724409448819,6,4,1,0,0,2,1,1,0,1,0,0,0,alto
4,10000.0,38,1.0,2,2,1,0,0,0,1,0,0,1,0,0,0,medio_baixo
3,10000.0,13,0.9230769230769231,22,3,1,0,0,0,1,1,1,0,0,0,0,baixo
2,10000.0,1,1.0,1,2,1,0,0,0,1,1,0,0,0,0,0,baixo
7,75000.0,161,0.7763975155279503,1,5,1,0,0,0,1,1,0,1,0,0,0,gratuito
1,10000.0,0,0.0,1,3,1,1,1,0,0,0,1,1,0,0,1,medio_alto
1,0.0,0,0.0,8,2,1,0,0,0,1,1,0,0,0,0,0,medio_baixo
3,10000.0,58,0.8448275862068966,2,5,1,0,0,0,1,1,1,1,1,0,0,baixo
3,0.0,0,0.0,0,0,1,0,0,0,0,0,0,0,0,0,0,gratuito
7,10000.0,9,0.5555555555555556,1,5,1,0,0,0,0,0,1,1,1,1,1,medio_baixo
3,10000.0,109,0.9174311926605505,3,1,1,0,0,0,0,0,1,0,0,0,0,alto
10,75000.0,397,0.7279596977329975,3,3,1,1,0,0,1,0,0,0,0,1,1,medio_alto
6,10000.0,16,0.6875,6,4,1,0,0,0,1,0,1,1,0,0,0,gratuito
6,10000.0,24,0.9166666666666666,1,2,1,0,0,1,1,0,1,0,0,0,0,medio_baixo
4,75000.0,1716,0.8537296037296037,10,3,1,0,0,1,0,1,1,0,1,0,0,alto
3,0.0,0,0.0,91,9,1,1,1,0,1,1,1,1,1,1,1,alto
4,35000.0,1781,0.99606962380685,4,3,1,0,0,1,0,0,1,1,0,0,0,alto
1,10000.0,0,0.0,1,2,1,0,0,1,0,0,0,1,0,0,1,alto
7,10000.0,0,0.0,1,1,1,1,0,0,0,0,0,1,0,0,0,alto
4,0.0,0,0.0,0,0,1,0,0,0,0,0,0,0,0,0,0,gratuito
1,10000.0,0,0.0,1,1,1,0,0,0,1,0,0,0,0,0,0,medio_baixo
7,10000.0,7,0.7142857142857143,1,2,1,0,0,0,1,1,0,0,0,0,0,gratuito
8,10000.0,5,0.2,1,3,1,0,0,0,1,1,0,1,0,0,0,baixo
4,10000.0,1,0.0,1,1,1,0,0,0,0,0,0,0,0,0,1,alto
4,10000.0,5,0.8,1,3,1,0,0,0,0,1,1,0,1,0,0,medio_alto
2,10000.0,0,0.0,2,3,1,0,0,0,1,0,0,1,0,0,0,alto
2,10000.0,11,0.9090909090909091,1,1,1,1,1,0,0,1,0,0,0,0,0,medio_alto
8,10000.0,53,0.39622641509433965,2,2,1,0,0,1,1,0,0,1,0,0,0,baixo
5,10000.0,1,1.0,1,2,1,0,0,0,1,1,0,0,0,0,0,alto
11,35000.0,106,0.6415094339622641,8,2,1,0,0,0,1,0,1,0,0,0,0,baixo
8,35000.0,387,0.8578811369509044,11,2,1,1,0,0,1,0,1,0,0,0,0,baixo
6,10000.0,5,0.6,2,3,1,0,0,0,1,0,1,1,0,0,0,alto
2,0.0,0,0.0,0,0,1,0,0,0,0,0,0,0,0,0,0,gratuito
2,10000.0,6,0.8333333333333334,1,1,1,0,0,0,0,1,0,0,0,0,0,baixo
10,10000.0,18,0.6666666666666666,1,3,1,0,0,0,0,1,0,0,0,0,0,alto
5,150000.0,163,0.7914110429447853,1,5,1,1,1,0,1,1,0,1,0,0,0,gratuito
8,10000.0,32,0.8125,3,2,1,0,0,0,0,0,0,0,0,1,1,alto
10,3500000.0,185433,0.8602945538280673,10,2,1,1,1,32,0,0,0,0,0,1,1,alto
5,10000.0,5,0.6,1,1,1,0,0,0,0,0,0,1,0,0,0,medio_baixo
2,10000.0,7,1.0,1,1,1,0,0,1,1,0,0,0,0,0,0,medio_baixo
3,10000.0,30,1.0,6,2,1,0,0,0,1,0,1,0,0,0,0,baixo
1,0.0,0,0.0,0,0,1,0,0,0,0,0,0,0,0,0,0,gratuito
1,0.0,0,0.0,9,4,1,0,0,1,1,1,0,1,0,1,0,medio_baixo
3,10000.0,47,0.9148936170212766,4,3,1,0,0,0,1,1,0,1,0,0,0,medio_baixo
7,750000.0,20102,0.7675355686001393,9,1,1,0,0,2,0,0,0,0,1,0,0,medio_baixo
2,10000.0,1,1.0,1,3,1,0,0,0,0,1,0,1,0,0,0,medio_alto
7,35000.0,368,0.4945652173913043,1,6,1,0,0,0,1,1,1,0,1,1,1,medio_baixo
1,10000.0,0,0.0,2,5,1,0,0,0,1,1,1,0,1,0,0,medio_alto
1,10000.0,0,0.0,10,2,1,0,0,0,1,0,0,1,0,0,0,medio_baixo
5,75000.0,3570,0.9098039215686274,6,1,1,0,0,17,0,0,0,0,1,0,0,gratuito
8,10000.0,45,0.28888888888888886,1,3,1,0,0,0,1,1,1,0,0,0,0,medio_alto
2,10000.0,0,0.0,1,3,1,0,0,0,1,0,0,0,0,0,1,medio_alto
6,10000.0,3,0.6666666666666666,1,3,1,0,0,0,1,1,0,1,0,0,0,medio_baixo
1,0.0,0,0.0,2,4,1,1,1,0,0,1,1,1,0,0,0,alto
5,0.0,0,0.0,6,4,1,0,0,0,1,0,1,1,0,0,0,gratuito
3,10000.0,23,0.8260869565217391,3,5,1,0,0,0,1,0,1,1,0,0,1,alto
5,10000.0,72,0.9305555555555556,6,3,1,0,0,0,0,1,0,0,0,1,1,medio_alto
7,10000.0,2,1.0,1,4,1,0,0,0,1,0,0,1,0,1,0,medio_alto
2,10000.0,0,0.0,2,2,1,0,0,0,1,0,0,1,0,0,0,baixo
5,350000.0,3795,0.7130434782608696,8,5,1,0,0,4,1,1,1,0,1,1,0,medio_alto
1,0.0,0,0.0,33,6,1,1,0,0,0,0,0,1,0,1,1,gratuito
1,10000.0,0,0.0,1,1,1,0,0,0,0,0,1,0,0,0,0,medio_baixo
7,10000.0,193,0.8808290155440415,2,1,1,0,0,0,0,0,1,0,0,0,0,alto
9,10000.0,57,0.9122807017543859,1,2,1,0,0,0,1,0,0,0,0,1,0,medio_alto
12,35000.0,222,0.5720720720720721,12,4,1,0,1,0,1,1,0,0,0,0,1,medio_alto
3,0.0,0,0.0,0,0,1,0,0,0,0,0,0,0,0,0,0,gratuito
2,10000.0,2,0.5,1,1,1,0,0,0,0,0,0,0,0,0,1,baixo
3,10000.0,6,0.8333333333333334,1,2,1,1,0,0,0,0,1,1,0,0,0,medio_alto
8,10000.0,136,0.8161764705882353,1,3,1,0,0,0,1,0,1,0,1,0,0,baixo
1,0.0,0,0.0,1,5,1,0,0,0,1,1,1,0,0,0,1,gratuito
3,0.0,0,0.0,0,0,1,0,0,0,0,0,0,0,0,0,0,gratuito
3,10000.0,1,1.0,7,4,1,1,1,0,0,0,0,0,0,0,0,medio_baixo
4,10000.0,31,0.6774193548387096,2,3,1,0,1,0,1,0,0,1,0,0,0,baixo
3,0.0,0,0.0,1,3,1,0,0,0,1,0,0,1,0,0,0,gratuito
5,10000.0,20,0.8,1,2,1,0,0,0,1,0,1,0,0,0,0,gratuito
6,35000.0,9,0.8888888888888888,1,3,1,0,0,0,1,1,0,1,0,0,0,baixo
6,10000.0,71,0.9436619718309859,1,2,1,0,0,0,1,1,0,0,0,0,0,alto
12,10000.0,107,0.897196261682243,1,3,1,1,1,0,1,1,0,1,0,0,0,medio_alto
2,10000.0,15,0.8666666666666667,1,1,1,0,0,0,0,0,0,0,0,0,1,medio_baixo
1,0.0,0,0.0,1,3,1,0,0,0,0,1,0,1,0,0,0,gratuito
10,10000.0,29,0.9655172413793104,7,4,1,0,0,0,1,0,1,1,0,1,0,medio_baixo
8,10000.0,164,0.7987804878048781,13,3,1,1,0,0,1,0,1,0,0,1,0,baixo
1,10000.0,267,0.5655430711610487,7,2,1,0,0,0,1,1,0,0,0,0,0,alto
1,75000.0,32,1.0,3,4,1,0,0,0,1,1,1,0,1,0,0,medio_baixo
7,10000.0,1,0.0,2,1,1,0,0,0,0,0,0,0,0,0,0,alto
3,10000.0,58,0.7413793103448276,6,5,1,1,0,0,1,0,1,1,1,0,1,medio_alto
17,35000.0,126,0.9444444444444444,1,1,1,0,0,0,0,0,1,0,0,0,0,medio_baixo
2,10000.0,0,0.0,2,1,1,0,0,0,0,0,0,1,0,0,0,medio_alto
2,10000.0,0,0.0,1,1,1,0,0,0,0,0,0,0,0,1,0,alto
4,10000.0,0,0.0,29,3,1,1,1,0,1,0,0,1,0,1,0,baixo
12,35000.0,185,0.827027027027027,1,1,1,0,0,0,0,0,1,0,0,0,0,baixo
7,10000.0,155,0.9225806451612903,2,5,1,1,1,1,1,0,1,1,1,0,1,medio_alto
1,10000.0,0,0.0,1,2,1,1,1,0,1,0,0,1,0,0,0,baixo
1,10000.0,3,1.0,7,4,1,0,0,0,1,0,0,0,0,0,0,medio_alto
2,10000.0,7,0.42857142857142855,1,3,1,0,0,0,0,1,1,0,0,0,0,baixo
9,75000.0,133,0.8195488721804511,1,4,1,0,0,0,1,1,0,1,0,1,0,baixo
2,35000.0,404,0.8712871287128713,7,3,1,0,0,0,1,1,0,0,0,0,0,alto
3,35000.0,953,0.8614900314795383,10,8,1,0,0,1,1,1,1,1,1,1,1,medio_alto
5,10000.0,0,0.0,1,5,1,0,0,0,1,1,1,1,0,0,1,baixo
2,10000.0,0,0.0,1,3,1,0,0,0,1,0,1,0,0,0,0,gratuito
4,10000.0,27,0.6666666666666666,2,6,1,1,0,0,1,1,1,1,1,0,0,medio_baixo
9,35000.0,341,0.9501466275659824,2,2,1,0,0,0,0,0,1,1,0,0,0,alto
5,10000.0,84,0.8333333333333334,1,5,1,0,0,0,1,1,1,1,0,1,0,baixo
1,10000.0,7,1.0,1,1,1,0,0,0,1,0,0,0,0,0,0,baixo
9,10000.0,39,0.46153846153846156,1,4,1,0,0,0,1,1,1,0,0,0,1,alto
2,10000.0,0,0.0,2,4,1,0,0,0,1,1,0,1,0,0,0,baixo
1,10000.0,0,0.0,1,2,1,0,0,0,0,0,0,0,0,1,1,medio_alto
1,0.0,0,0.0,0,0,1,0,0,0,0,0,0,0,0,0,0,gratuito
1,10000.0,0,0.0,1,4,1,0,0,0,1,1,1,1,0,0,0,medio_alto
1,10000.0,0,0.0,3,3,1,0,0,0,1,0,0,1,0,0,0,baixo
1,10000.0,0,0.0,1,3,1,0,0,3,0,0,1,1,1,0,0,medio_alto
9,10000.0,1,1.0,1,3,1,0,0,0,1,1,1,0,0,0,0,alto
7,10000.0,73,0.8082191780821918,1,2,1,0,0,3,1,0,0,1,0,0,0,baixo
1,10000.0,36,0.8888888888888888,15,2,1,0,0,0,0,0,0,0,0,1,0,alto
2,10000.0,3,1.0,1,1,1,0,0,1,0,0,0,0,1,0,0,medio_baixo
8,10000.0,68,0.7794117647058824,1,1,1,0,0,0,1,0,0,0,0,0,0,baixo
1,10000.0,0,0.0,2,2,1,0,0,0,0,0,0,1,0,0,0,gratuito
2,10000.0,2,0.5,9,3,1,0,0,0,0,1,0,1,0,0,0,medio_baixo
8,350000.0,331,0.8096676737160121,11,2,1,0,0,2,0,0,0,0,0,0,0,gratuito
1,10000.0,19,1.0,1,4,1,0,0,1,0,0,1,0,0,0,1,gratuito
2,350000.0,3200,0.88625,6,4,1,1,0,1,1,1,0,1,0,1,0,medio_alto
2,10000.0,86,0.9418604651162791,1,3,1,1,1,0,1,0,1,0,1,0,0,medio_alto
12,150000.0,1480,0.9027027027027027,12,2,1,1,1,0,0,0,1,1,0,0,0,medio_baixo
4,35000.0,8,0.375,2,2,1,0,0,0,1,0,1,0,0,0,0,baixo
6,10000.0,0,0.0,2,3,1,0,0,0,1,0,0,0,0,1,1,alto
2,10000.0,14,0.5714285714285714,4,2,1,0,0,0,0,1,1,0,0,0,0,baixo
1,0.0,0,0.0,0,0,1,0,0,0,0,0,0,0,0,0,0,gratuito
9,150000.0,1157,0.8297320656871219,4,2,1,0,0,6,0,0,0,0,0,1,1,medio_alto
4,35000.0,3,1.0,1,5,1,0,0,0,1,0,1,1,1,1,0,alto
10,35000.0,1467,0.9202453987730062,1,5,1,1,0,0,1,0,1,1,1,0,1,alto
4,10000.0,23,0.5217391304347826,1,3,1,0,0,0,1,1,0,1,0,0,0,alto
9,10000.0,178,0.9550561797752809,1,3,1,1,1,1,1,0,0,0,0,0,0,medio_alto
1,10000.0,0,0.0,11,4,1,0,0,1,1,1,1,0,0,0,1,alto
3,0.0,0,0.0,1,4,1,0,0,1,0,1,0,1,0,0,0,gratuito
1,10000.0,0,0.0,1,3,1,0,1,0,1,1,0,1,0,0,0,baixo
3,75000.0,6,1.0,1,1,1,1,1,0,0,1,0,0,0,0,0,gratuito
5,10000.0,0,0.0,1,1,1,1,1,0,0,0,1,0,0,0,0,alto
4,35000.0,17,0.7647058823529411,1,1,1,1,1,0,0,0,0,0,1,0,0,gratuito
5,10000.0,2,1.0,2,3,1,0,0,0,1,0,1,0,0,0,0,medio_alto
1,0.0,0,0.0,1,3,1,0,0,0,0,0,0,1,0,0,0,gratuito
12,35000.0,216,0.8472222222222222,1,2,1,0,0,0,1,1,0,0,0,0,0,medio_baixo
4,10000.0,47,0.9574468085106383,1,1,1,1,1,0,0,0,0,1,0,0,0,medio_alto
7,10000.0,66,0.9545454545454546,1,2,1,0,0,0,1,0,1,0,0,0,0,baixo
1,10000.0,0,0.0,12,5,1,1,0,1,0,1,1,1,1,0,1,alto
4,10000.0,7,0.5714285714285714,4,1,1,0,0,0,0,0,0,1,0,0,0,medio_alto
3,10000.0,46,0.8913043478260869,1,4,1,0,0,0,1,1,1,0,1,0,0,medio_baixo
2,10000.0,12,0.8333333333333334,8,3,1,0,0,0,1,0,0,1,0,1,0,baixo
3,10000.0,0,0.0,1,1,1,1,1,7,0,0,1,0,0,0,0,alto
5,10000.0,28,0.75,1,2,1,0,0,0,1,0,1,0,0,0,0,baixo
5,10000.0,34,0.7058823529411765,1,3,1,0,0,0,0,0,0,0,0,0,0,medio_alto
2,0.0,0,0.0,0,0,1,0,0,0,0,0,0,0,0,0,0,gratuito
8,10000.0,24,0.6666666666666666,1,4,1,0,1,1,1,1,1,1,0,0,0,medio_baixo
4,10000.0,0,0.0,2,4,1,0,0,0,1,1,1,0,0,0,0,alto
9,35000.0,49,0.673469387755102,5,1,1,0,0,0,0,0,0,1,0,0,0,alto
5,10000.0,33,0.7878787878787878,2,4,1,0,0,1,1,1,1,0,0,0,0,alto
9,350000.0,3165,0.8192733017377567,10,2,1,0,0,1,1,0,1,0,0,0,0,medio_alto
7,10000.0,279,0.7168458781362007,1,3,1,1,0,0,1,0,0,1,1,0,0,alto
4,10000.0,42,0.8095238095238095,6,3,1,0,0,0,1,0,0,1,0,0,1,medio_baixo
1,0.0,0,0.0,2,3,1,0,0,1,1,0,0,1,0,0,0,gratuito
1,10000.0,36,0.9166666666666666,13,4,1,0,0,0,1,0,0,1,0,0,1,alto
4,10000.0,36,0.9166666666666666,3,2,1,0,0,0,0,0,0,0,0,1,1,medio_baixo
6,10000.0,17,0.35294117647058826,1,3,1,0,0,0,1,1,0,0,0,0,0,alto
1,10000.0,0,0.0,1,3,1,0,0,0,1,0,1,0,0,0,1,alto
8,350000.0,1516,0.8423482849604221,1,3,1,0,0,1,1,0,0,1,0,0,0,gratuito
3,10000.0,6,0.6666666666666666,5,4,1,1,1,0,1,1,0,1,0,1,0,medio_alto
5,10000.0,14,0.7857142857142857,1,3,1,0,0,0,1,0,1,0,0,0,1,medio_baixo
9,10000.0,3,1.0,1,4,1,0,0,0,0,1,0,1,0,1,1,medio_alto
9,35000.0,108,0.39814814814814814,1,4,1,1,0,0,1,1,0,0,0,0,0,gratuito
8,10000.0,37,0.6216216216216216,4,0,1,0,0,0,0,0,0,0,0,0,0,gratuito
9,10000.0,7,0.8571428571428571,1,3,1,1,0,0,1,0,0,1,0,1,0,baixo
5,10000.0,3,1.0,1,3,1,0,0,0,1,0,0,1,0,1,0,baixo
1,0.0,0,0.0,1,3,1,1,1,1,1,0,1,0,0,0,0,gratuito
2,10000.0,144,0.9722222222222222,1,2,1,0,0,0,0,0,0,1,0,0,0,alto
2,35000.0,182,0.8901098901098901,2,4,1,0,0,3,1,0,1,0,1,0,0,gratuito
1,0.0,0,0.0,1,5,1,0,1,0,1,0,1,0,0,1,1,medio_baixo
2,10000.0,0,0.0,1,1,1,0,0,0,1,0,0,0,0,0,0,alto
4,10000.0,3,0.6666666666666666,1,4,1,1,1,0,1,0,1,1,0,0,0,medio_baixo
11,35000.0,108,0.4537037037037037,13,3,1,1,1,1,1,1,0,0,0,0,0,baixo
3,0.0,0,0.0,18,2,1,0,0,1,1,0,0,1,0,0,0,baixo
2,10000.0,0,0.0,1,2,1,0,0,0,1,0,0,1,0,0,0,baixo
5,10000.0,21,0.7619047619047619,2,1,1,0,0,0,0,1,0,0,0,0,0,medio_alto
8,150000.0,754,0.7771883289124668,3,3,1,0,0,0,1,0,1,0,1,0,0,medio_alto
1,10000.0,0,0.0,1,4,1,0,0,0,1,0,1,1,0,0,1,medio_baixo
1,10000.0,14,1.0,1,1,1,1,0,0,0,0,1,0,0,0,0,medio_alto
1,35000.0,549,0.9617486338797814,1,2,1,0,0,0,1,0,0,0,0,0,1,medio_baixo
2,10000.0,111,0.8738738738738738,2,2,1,0,0,0,1,0,0,0,1,0,0,alto
11,75000.0,116,0.8103448275862069,1,4,1,0,0,2,1,0,1,1,1,0,0,baixo
1,10000.0,0,0.0,1,1,1,1,0,0,1,0,0,0,0,0,0,baixo
2,10000.0,5,0.4,4,4,1,0,0,0,0,1,1,0,1,0,1,alto
7,10000.0,43,0.7674418604651163,14,1,1,0,0,0,0,1,0,0,0,0,0,medio_alto
4,750000.0,8693,0.9253422293799609,11,3,1,0,0,0,1,0,0,1,0,0,1,medio_baixo
5,10000.0,10,0.7,1,4,1,0,0,0,1,1,0,1,0,0,0,gratuito
7,10000.0,8,0.75,1,4,1,0,0,0,1,0,0,1,0,1,1,alto
11,10000.0,41,0.34146341463414637,1,3,1,0,0,0,1,1,0,1,0,0,0,medio_alto
1,10000.0,1,1.0,1,1,1,0,0,0,0,1,0,0,0,0,0,baixo
2,350000.0,6723,0.8926074669046556,11,3,1,0,0,2,1,1,1,0,0,0,0,alto
2,10000.0,1,1.0,9,5,1,0,0,0,1,1,1,1,0,0,0,medio_baixo
1,0.0,0,0.0,7,2,1,1,1,0,0,1,0,1,0,0,0,medio_baixo
1,0.0,0,0.0,1,5,1,0,0,0,1,0,1,1,1,1,0,medio_baixo
9,10000.0,156,0.7564102564102564,103,5,1,0,0,0,1,0,1,1,0,1,1,medio_baixo
1,10000.0,0,0.0,1,6,1,0,0,0,1,1,1,1,1,0,1,medio_alto
1,10000.0,9,1.0,1,4,1,0,0,0,1,1,1,0,1,0,0,baixo
6,10000.0,75,0.6666666666666666,14,7,1,0,0,0,0,0,0,0,0,0,0,alto
1,10000.0,0,0.0,9,4,1,0,0,0,0,1,1,0,1,0,1,alto
2,10000.0,19,0.7368421052631579,1,3,1,0,0,0,1,0,1,1,0,0,0,baixo
1,0.0,0,0.0,3,5,1,0,0,1,1,0,1,0,0,0,1,gratuito
8,10000.0,15,0.6,1,0,1,0,0,0,0,0,0,0,0,0,0,gratuito
1,10000.0,20,0.5,6,2,1,0,0,0,0,1,0,0,1,0,0,alto
3,0.0,0,0.0,1,4,1,1,0,0,0,0,0,0,1,1,0,gratuito
1,0.0,0,0.0,4,4,1,0,0,0,1,1,0,1,0,0,0,gratuito
1,10000.0,17,0.9411764705882353,2,2,1,0,0,0,0,0,1,0,0,1,0,baixo
5,10000.0,13,0.9230769230769231,29,6,1,0,0,1,1,1,1,0,1,0,1,medio_baixo
5,10000.0,0,0.0,1,5,1,0,0,0,1,0,1,0,1,0,1,alto
1,0.0,0,0.0,1,3,1,0,0,0,1,0,0,0,0,1,0,gratuito
2,10000.0,8,0.625,1,3,1,0,0,1,0,1,1,0,1,0,0,baixo
7,150000.0,1184,0.7668918918918919,1,3,1,0,0,0,1,0,0,1,0,0,0,gratuito
2,35000.0,454,0.6718061674008811,1,4,1,0,0,0,1,1,0,0,1,0,1,alto
6,10000.0,3,0.6666666666666666,7,2,1,0,0,0,1,0,0,1,0,0,0,medio_baixo
8,10000.0,10,0.7,1,6,1,0,0,0,1,1,0,1,0,0,1,medio_baixo
2,0.0,0,0.0,0,0,1,0,0,0,0,0,0,0,0,0,0,gratuito
3,0.0,0,0.0,0,0,1,0,0,0,0,0,0,0,0,0,0,gratuito
10,350000.0,940,0.9223404255319149,1,3,1,1,1,1,1,1,1,0,0,0,0,alto
4,10000.0,15,0.9333333333333333,2,3,1,1,0,0,1,0,0,0,0,1,0,baixo
3,35000.0,335,0.9761194029850746,1,1,1,1,0,1,0,0,1,0,0,0,0,gratuito
1,0.0,0,0.0,103,3,1,0,0,1,1,1,0,0,0,0,0,gratuito
8,10000.0,21,0.6190476190476191,1,2,1,0,0,0,1,0,0,0,0,0,0,gratuito
8,150000.0,718,0.7186629526462396,3,3,1,0,0,0,1,0,1,0,1,0,0,medio_alto
1,10000.0,0,0.0,27,2,1,1,1,0,1,0,0,0,0,0,1,baixo
4,10000.0,451,0.9379157427937915,7,3,1,1,1,0,1,0,0,1,0,1,0,alto
1,10000.0,0,0.0,12,4,1,0,0,1,1,1,1,0,0,0,1,alto
2,0.0,0,0.0,1,4,1,0,0,1,1,1,0,1,0,0,0,gratuito
1,10000.0,2,0.5,3,5,1,0,0,0,1,1,0,0,1,1,1,baixo
7,75000.0,275,0.6654545454545454,7,3,1,1,0,1,1,1,0,1,0,0,0,baixo
9,10000.0,40,0.925,1,2,1,0,0,0,1,1,0,0,0,0,0,medio_alto
2,10000.0,5,0.8,6,2,1,0,0,0,1,0,0,1,0,0,0,baixo
8,10000.0,10,1.0,1,2,1,0,0,0,1,0,0,1,0,0,0,medio_baixo
2,350000.0,8,0.75,4,2,1,0,0,0,0,0,0,0,0,0,0,gratuito
3,10000.0,3,1.0,2,2,1,1,0,0,1,1,0,0,0,0,0,medio_baixo
2,10000.0,5,0.8,1,3,1,0,0,0,1,0,0,1,0,0,1,baixo
4,10000.0,19,0.7894736842105263,1,2,1,0,0,0,0,0,0,1,0,0,1,baixo
10,35000.0,163,0.9202453987730062,1,3,1,0,0,0,1,1,1,0,0,0,0,gratuito
2,10000.0,6,1.0,1,5,1,0,0,0,1,1,1,1,0,0,0,alto
3,10000.0,0,0.0,1,4,1,1,1,1,1,1,1,1,0,0,0,medio_alto
1,10000.0,1,1.0,6,3,1,0,0,0,1,0,0,1,0,1,0,baixo
1,150000.0,1917,0.974960876369327,1,3,1,0,0,4,0,1,0,1,0,0,1,medio_alto
9,150000.0,244,0.7786885245901639,2,4,1,0,0,0,1,0,1,1,0,0,0,gratuito
6,35000.0,6,0.5,2,2,1,0,0,0,0,1,1,0,0,0,0,medio_baixo
2,0.0,0,0.0,0,0,1,0,0,0,0,0,0,0,0,0,0,gratuito
6,35000.0,35,1.0,1,2,1,0,0,0,1,1,0,0,0,0,0,baixo
2,10000.0,48,0.8333333333333334,6,2,1,0,0,0,1,0,1,0,0,0,0,baixo
10,35000.0,29,0.6551724137931034,1,3,1,1,1,0,0,0,1,1,0,0,0,baixo
12,10000.0,84,0.5595238095238095,1,3,1,0,0,0,0,1,1,1,0,0,0,medio_baixo
5,10000.0,1,1.0,1,2,1,0,1,0,1,0,0,0,0,0,0,medio_baixo
12,350000.0,5003,0.9124525284829103,10,2,1,0,0,0,0,1,1,0,0,0,0,medio_alto
3,10000.0,6,0.5,1,4,1,0,0,0,1,0,0,1,1,1,0,medio_baixo
2,10000.0,4,1.0,3,2,1,1,0,0,0,0,1,1,0,0,0,medio_alto
5,35000.0,32,0.78125,16,3,1,1,0,0,1,0,1,1,0,0,0,medio_alto
1,10000.0,22,1.0,3,3,1,0,0,0,1,1,1,0,0,0,0,alto
12,350000.0,623,0.7399678972712681,1,3,1,0,0,0,1,1,1,0,0,0,0,baixo
10,10000.0,10,0.6,1,1,1,0,0,0,0,1,0,0,0,0,0,gratuito
12,10000.0,68,0.47058823529411764,5,3,1,0,0,0,1,0,1,0,0,0,1,alto
2,10000.0,13,1.0,1,2,1,1,1,0,1,0,0,1,0,0,0,medio_alto
1,10000.0,0,0.0,1,5,1,0,0,0,1,1,1,1,1,0,0,medio_alto
1,0.0,0,0.0,0,0,1,0,0,0,0,0,0,0,0,0,0,gratuito
4,10000.0,22,0.7727272727272727,103,1,1,0,0,0,1,0,0,0,0,0,0,baixo
5,10000.0,3,1.0,1,2,1,0,0,0,1,0,0,1,0,0,0,baixo
11,10000.0,218,0.8807339449541285,6,4,1,0,1,0,1,1,1,0,1,0,0,medio_alto
1,10000.0,0,0.0,1,3,1,0,1,1,1,0,1,0,1,0,0,medio_alto
2,10000.0,43,0.9767441860465116,1,3,1,0,0,1,1,0,1,1,0,0,0,medio_baixo
8,10000.0,24,0.5,9,4,1,0,0,0,1,1,1,1,0,0,0,baixo
6,10000.0,10,0.7,1,3,1,0,0,1,1,1,0,1,0,0,0,medio_alto
3,0.0,0,0.0,1,3,1,0,0,0,0,1,0,0,0,0,0,gratuito
8,10000.0,152,0.8947368421052632,1,3,1,1,0,0,1,0,0,0,1,1,0,medio_alto
1,10000.0,3,1.0,2,2,1,0,0,1,1,0,1,0,0,0,0,medio_alto
5,10000.0,5,0.6,2,2,1,0,0,0,1,1,0,0,0,0,0,medio_baixo
2,10000.0,79,0.5063291139240507,5,3,1,0,0,1,1,1,0,0,1,0,0,medio_alto
4,35000.0,31,0.9032258064516129,2,3,1,0,0,0,1,0,1,1,0,0,0,medio_alto
1,10000.0,2,1.0,1,2,1,0,0,0,0,1,1,0,0,0,0,medio_alto
2,10000.0,20,1.0,10,1,1,0,0,0,1,0,0,0,0,0,0,medio_baixo
3,0.0,0,0.0,10,2,1,0,0,0,0,0,1,0,0,0,0,gratuito
8,10000.0,3,1.0,2,3,1,0,0,0,1,1,0,0,0,0,0,medio_baixo
3,10000.0,33,0.9090909090909091,2,4,1,0,0,1,1,1,1,1,0,0,0,baixo
5,10000.0,6,0.8333333333333334,2,2,1,1,0,0,1,0,0,0,0,1,0,alto
2,10000.0,39,0.8717948717948718,11,2,1,0,0,0,0,1,0,0,1,0,0,alto
7,10000.0,24,0.875,1,5,1,0,0,0,1,0,1,1,1,1,0,baixo
5,10000.0,14,0.7857142857142857,1,1,1,0,0,0,0,0,0,1,0,0,0,medio_alto
16,350000.0,2762,0.8852280955829109,4,1,1,0,0,1,0,0,0,0,0,1,0,baixo
1,10000.0,0,0.0,13,1,1,0,0,1,0,1,0,0,0,0,0,alto
9,35000.0,183,0.33879781420765026,1,3,1,0,0,0,1,1,1,0,0,0,0,baixo
3,150000.0,1217,0.9745275267050123,9,1,1,0,0,1,0,1,0,0,0,0,0,medio_alto
1,10000.0,0,0.0,14,2,1,0,0,0,1,0,1,0,0,0,0,medio_baixo
7,350000.0,642,0.8878504672897196,1,2,1,1,1,0,1,0,0,0,0,0,1,medio_alto
2,10000.0,2,1.0,3,4,1,0,0,0,1,0,1,1,0,0,1,baixo
6,75000.0,8,1.0,2,3,1,0,0,0,1,1,1,0,0,0,0,baixo
4,10000.0,54,0.8703703703703703,16,1,1,1,0,0,0,0,0,1,0,0,0,medio_baixo
7,10000.0,149,0.28187919463087246,8,2,1,0,0,0,0,0,0,1,0,0,1,alto
4,10000.0,1,1.0,1,2,1,0,0,0,1,0,0,1,0,0,0,medio_baixo
1,0.0,0,0.0,103,2,1,0,1,3,1,0,0,1,0,0,0,gratuito
8,10000.0,7,0.8571428571428571,1,2,1,0,0,0,0,0,1,0,1,0,0,baixo
3,10000.0,147,0.891156462585034,1,4,1,1,1,0,1,0,0,1,1,1,0,alto
9,35000.0,661,0.848714069591528,1,2,1,1,0,1,1,0,0,1,0,0,0,medio_alto
4,10000.0,36,0.9166666666666666,2,1,1,0,0,0,1,0,0,0,0,0,0,medio_baixo
6,10000.0,4,0.5,11,4,1,0,0,0,1,0,0,0,1,1,1,medio_alto
1,0.0,0,0.0,1,2,1,0,0,0,0,0,0,0,1,0,0,gratuito
11,35000.0,241,0.6597510373443983,1,4,1,1,1,0,1,1,1,0,1,0,0,medio_baixo
1,10000.0,0,0.0,9,2,1,0,0,0,1,0,1,0,0,0,0,alto
1,10000.0,3,0.0,1,5,1,0,0,0,1,1,1,1,0,1,0,medio_alto
4,35000.0,157,0.89171974522293,1,3,1,0,0,0,1,0,1,1,0,0,0,medio_alto
3,350000.0,4011,0.8808277237596609,12,4,1,0,0,0,1,1,1,0,0,0,1,medio_alto
7,75000.0,157,0.6242038216560509,9,5,1,0,0,0,1,1,0,1,0,0,0,medio_baixo
12,75000.0,83,0.7951807228915663,3,1,1,0,0,0,0,0,0,0,0,0,1,medio_alto
7,10000.0,0,0.0,1,4,1,1,0,1,1,0,1,1,0,0,1,alto
4,10000.0,1,1.0,1,1,1,0,0,0,0,1,0,0,0,0,0,medio_baixo
2,10000.0,1,1.0,1,2,1,0,0,0,0,1,1,0,0,0,0,medio_baixo
3,10000.0,1,1.0,1,2,1,0,0,0,0,0,0,0,0,1,0,medio_alto
4,10000.0,6,0.8333333333333334,1,2,1,0,0,0,1,0,0,1,0,0,0,baixo
4,10000.0,0,0.0,1,3,1,0,0,0,1,1,0,0,0,0,0,medio_alto
4,35000.0,126,0.8412698412698413,3,3,1,0,0,0,1,0,1,0,1,0,0,alto
2,10000.0,0,0.0,2,4,1,0,0,0,1,1,1,1,0,0,0,alto
1,10000.0,0,0.0,1,2,1,0,0,0,0,0,1,1,0,0,0,medio_alto
7,10000.0,4,1.0,1,3,1,0,0,0,1,1,0,1,0,0,0,medio_alto
9,10000.0,49,0.40816326530612246,1,3,1,0,0,0,1,0,0,1,0,0,1,baixo
4,10000.0,84,0.8452380952380952,5,2,1,0,0,0,1,1,0,0,0,0,0,medio_alto
1,10000.0,12,1.0,2,3,1,0,0,0,1,1,1,0,0,0,0,medio_alto
2,10000.0,3,1.0,2,2,1,0,0,0,1,0,0,1,0,0,0,baixo
2,10000.0,8,0.75,11,3,1,0,0,0,1,0,0,1,0,0,1,baixo
1,0.0,0,0.0,1,2,1,0,0,0,0,0,0,0,0,1,0,alto
8,10000.0,4,1.0,1,3,1,0,0,0,1,0,1,1,0,0,0,medio_baixo
4,0.0,0,0.0,0,0,1,0,0,0,0,0,0,0,0,0,0,gratuito
10,75000.0,72,0.6527777777777778,3,1,1,0,1,0,0,0,0,0,1,0,0,baixo
7,10000.0,12,0.8333333333333334,1,1,1,0,0,0,0,0,0,0,0,0,0,gratuito
9,10000.0,15,0.7333333333333333,1,2,1,0,0,0,0,1,0,0,0,1,0,alto
2,150000.0,2271,0.9471598414795245,10,2,1,0,0,1,1,0,1,0,0,0,0,alto
6,150000.0,458,0.7882096069868996,7,3,1,1,1,0,0,0,0,0,1,0,0,gratuito
7,35000.0,118,0.6694915254237288,1,4,1,0,0,0,1,0,1,0,1,1,0,alto
5,10000.0,4,1.0,1,3,1,1,0,0,1,1,0,1,0,0,0,medio_baixo
6,10000.0,3,0.6666666666666666,1,2,1,1,0,0,1,1,0,0,0,0,0,medio_alto
4,10000.0,8,0.625,7,2,1,0,0,0,0,1,0,0,1,0,0,alto
2,10000.0,1,1.0,3,5,1,0,0,0,1,1,1,1,0,1,0,medio_alto
1,0.0,0,0.0,1,2,1,0,0,0,0,1,0,0,0,0,0,gratuito
5,10000.0,5,0.2,1,3,1,0,0,0,1,0,0,1,0,0,1,alto
10,75000.0,1231,0.8610885458976442,1,3,1,1,1,0,1,1,0,1,0,0,0,medio_baixo
2,10000.0,12,0.8333333333333334,2,4,1,0,0,1,0,1,1,0,0,0,1,gratuito
10,75000.0,171,0.7017543859649122,1,1,1,0,0,0,0,0,0,0,1,0,0,baixo
10,75000.0,142,0.8661971830985915,4,2,1,0,0,0,0,0,0,1,0,1,0,alto
9,10000.0,24,0.6666666666666666,1,4,1,0,0,0,0,0,0,0,1,0,0,gratuito
12,75000.0,424,0.23349056603773585,1,1,1,0,0,0,0,1,0,0,0,0,0,baixo
7,10000.0,2,1.0,1,4,1,0,0,0,1,0,0,1,0,0,0,medio_baixo
2,10000.0,8,0.125,3,1,1,0,0,0,0,0,1,0,0,0,0,medio_baixo
1,10000.0,0,0.0,12,3,1,1,0,0,1,0,0,1,0,1,0,medio_baixo
3,10000.0,1,0.0,4,1,1,0,0,0,0,0,0,1,0,0,0,medio_alto
1,0.0,0,0.0,0,0,1,0,0,0,0,0,0,0,0,0,0,gratuito
5,10000.0,0,0.0,1,1,1,0,0,0,1,0,0,0,0,0,0,alto
5,0.0,0,0.0,0,0,1,0,0,0,0,0,0,0,0,0,0,gratuito
8,10000.0,45,0.7777777777777778,1,3,1,0,0,0,1,1,0,1,0,0,0,baixo
1,10000.0,0,0.0,1,6,1,0,0,0,1,1,1,1,1,0,0,alto
1,0.0,0,0.0,0,0,1,0,0,0,0,0,0,0,0,0,0,gratuito
5,75000.0,269,0.8661710037174721,3,3,1,0,0,0,1,0,1,0,1,0,0,alto
2,10000.0,12,0.75,1,5,1,0,0,0,1,1,1,1,0,0,0,medio_alto
10,10000.0,24,0.8333333333333334,3,4,1,1,1,0,1,1,0,1,0,1,0,medio_baixo
1,0.0,0,0.0,0,0,1,0,0,0,0,0,0,0,0,0,0,gratuito
2,10000.0,1,0.0,1,1,1,0,0,0,0,0,1,0,0,0,0,medio_baixo
4,10000.0,78,0.34615384615384615,9,1,1,0,0,0,1,0,0,0,0,0,0,baixo
12,35000.0,52,0.4807692307692308,2,3,1,0,0,0,1,0,0,1,0,1,0,baixo
10,10000.0,116,0.75,1,3,1,0,1,0,1,0,0,1,0,0,1,alto
5,10000.0,0,0.0,8,2,1,0,1,1,1,0,0,1,0,0,0,baixo
1,0.0,0,0.0,7,4,1,0,1,0,1,1,0,1,0,1,0,baixo
1,10000.0,16,0.9375,7,2,1,0,0,0,0,0,0,0,0,0,0,gratuito
2,10000.0,0,0.0,1,1,1,0,0,0,0,0,0,1,0,0,0,alto
6,150000.0,1627,0.6914566687154272,7,3,1,0,0,2,1,1,0,0,0,0,1,medio_alto
6,10000.0,2,0.0,2,2,1,0,0,0,1,1,0,0,0,0,0,medio_alto
1,10000.0,15,0.8,4,3,1,0,0,0,1,0,0,1,0,0,1,medio_baixo
6,10000.0,109,0.7064220183486238,27,5,1,0,0,0,1,0,0,0,0,0,1,baixo
3,0.0,0,0.0,1,1,1,0,0,0,0,1,0,0,0,0,0,gratuito
5,10000.0,1,1.0,1,1,1,0,0,0,0,0,0,0,1,0,0,baixo
2,35000.0,4,0.75,2,2,1,0,0,0,1,0,0,0,0,1,0,medio_baixo
4,10000.0,11,0.5454545454545454,1,4,1,1,1,0,1,1,0,0,0,0,0,gratuito
1,10000.0,0,0.0,21,5,1,0,0,0,1,0,1,1,0,1,1,medio_baixo
3,10000.0,52,0.5961538461538461,10,1,1,0,0,0,0,0,0,0,1,0,0,medio_baixo
2,10000.0,14,1.0,1,2,1,0,0,0,0,0,0,1,0,0,1,medio_alto
2,10000.0,3,1.0,1,4,1,0,0,0,1,0,0,1,0,0,1,medio_baixo
1,10000.0,0,0.0,2,4,1,0,0,0,1,0,1,1,0,0,1,baixo
2,10000.0,1,1.0,1,5,1,0,0,0,0,1,0,0,0,0,0,baixo
1,0.0,0,0.0,5,2,1,0,0,0,0,1,0,0,0,1,0,medio_baixo
10,10000.0,2,1.0,1,2,1,0,0,0,0,1,0,0,0,0,0,baixo
9,10000.0,10,0.8,1,3,1,1,1,0,1,1,0,1,0,0,0,baixo
10,10000.0,19,0.7894736842105263,1,2,1,0,0,0,0,0,1,1,0,0,0,medio_alto
2,35000.0,467,0.8394004282655246,13,2,1,0,0,0,0,1,1,0,0,0,0,medio_alto
6,10000.0,0,0.0,11,3,1,1,1,1,1,0,1,1,0,0,0,medio_baixo
3,10000.0,1,1.0,1,4,1,0,0,0,1,0,0,1,0,1,0,medio_alto
3,0.0,0,0.0,0,0,1,0,0,0,0,0,0,0,0,0,0,gratuito
4,10000.0,579,0.6839378238341969,9,3,1,0,0,0,1,1,0,0,1,0,0,medio_baixo
5,35000.0,4,1.0,2,3,1,0,0,0,1,0,0,1,1,0,0,baixo
7,10000.0,192,0.96875,2,5,1,0,0,6,1,0,0,0,1,1,1,gratuito
7,10000.0,87,0.7586206896551724,2,4,1,0,0,0,0,1,0,1,0,1,0,medio_alto
2,150000.0,3220,0.948136645962733,12,2,1,1,0,2,0,0,0,0,0,1,1,alto
8,10000.0,24,1.0,1,3,1,0,0,0,1,0,0,1,0,1,0,gratuito
8,150000.0,10,0.6,1,1,1,1,0,1,0,0,1,0,0,0,0,gratuito
1,10000.0,0,0.0,1,3,1,0,1,1,1,1,1,0,0,0,0,baixo
5,35000.0,14,0.8571428571428571,1,5,1,0,0,0,1,1,1,0,1,0,1,alto
3,10000.0,12,1.0,2,4,1,1,1,0,1,1,1,1,0,0,0,medio_baixo
12,75000.0,211,0.7582938388625592,8,2,1,0,0,0,0,0,0,0,1,1,0,baixo
9,75000.0,620,0.8048387096774193,1,3,1,0,0,0,1,0,0,1,0,0,1,alto
9,10000.0,175,0.8,2,5,1,0,0,0,1,1,0,1,0,0,1,medio_baixo
9,10000.0,58,0.896551724137931,1,1,1,0,0,0,1,0,0,0,0,0,0,gratuito
10,10000.0,111,0.8198198198198198,2,2,1,1,1,0,0,0,1,1,0,0,0,baixo
1,0.0,0,0.0,3,8,1,0,0,0,1,1,1,1,0,0,0,gratuito
6,10000.0,0,0.0,1,3,1,0,0,0,1,1,1,0,0,0,0,baixo
7,10000.0,1,1.0,1,2,1,0,0,0,0,0,0,1,0,1,0,medio_alto
6,35000.0,89,0.6629213483146067,1,3,1,0,0,0,1,0,1,0,1,0,0,medio_baixo
3,10000.0,6,0.6666666666666666,1,1,1,0,0,0,1,0,0,0,0,0,0,baixo
7,10000.0,1,1.0,2,2,1,0,0,0,1,0,0,1,0,0,0,baixo
4,10000.0,17,0.5882352941176471,1,3,1,0,0,0,1,1,1,0,0,0,0,baixo
11,10000.0,2,0.0,1,4,1,0,0,0,0,1,0,0,0,1,1,alto
6,350000.0,1438,0.3678720445062587,5,1,1,0,0,1,0,1,0,0,0,0,0,medio_baixo
7,75000.0,808,0.7599009900990099,2,3,1,1,0,0,1,0,0,1,0,0,1,medio_alto
6,10000.0,239,0.5439330543933054,9,4,1,0,0,0,1,1,0,0,0,0,1,baixo
3,35000.0,13,0.6923076923076923,3,2,1,0,0,0,1,0,0,0,0,0,0,medio_baixo
1,0.0,0,0.0,14,1,1,0,0,0,0,0,0,1,0,0,0,medio_alto
2,10000.0,15,0.3333333333333333,1,2,1,0,0,0,1,0,1,0,0,0,0,alto
5,10000.0,59,0.711864406779661,29,2,1,0,0,0,1,0,0,1,0,0,0,baixo
5,0.0,0,0.0,0,0,1,0,0,0,0,0,0,0,0,0,0,gratuito
4,10000.0,2,1.0,1,2,1,0,0,0,1,0,0,0,0,1,0,medio_baixo
1,0.0,0,0.0,1,4,1,0,0,0,1,1,0,0,0,0,0,gratuito
4,10000.0,9,0.6666666666666666,5,4,1,1,1,0,1,1,0,1,0,0,0,baixo
1,35000.0,3,1.0,1,1,1,0,0,0,1,0,0,0,0,0,0,medio_baixo
2,10000.0,1,1.0,1,3,1,0,0,0,1,0,0,0,0,1,0,medio_baixo
7,10000.0,17,0.7058823529411765,2,1,1,0,0,0,0,0,0,1,0,0,0,baixo
8,10000.0,2,1.0,1,5,1,0,0,0,1,1,1,1,1,0,0,medio_baixo
9,10000.0,191,0.45549738219895286,1,7,1,0,0,1,1,1,1,1,1,0,1,alto
3,35000.0,435,0.7195402298850575,6,2,1,0,0,1,0,0,0,0,0,1,1,alto
2,0.0,0,0.0,1,3,1,1,1,0,1,1,0,1,0,0,0,gratuito
2,150000.0,1,1.0,1,1,1,1,1,0,1,0,0,0,0,0,0,medio_alto
1,10000.0,0,0.0,11,3,1,0,0,0,1,1,1,0,0,0,0,baixo
11,75000.0,79,0.46835443037974683,1,7,1,0,0,0,1,1,1,1,1,1,1,baixo
3,10000.0,9,1.0,1,2,1,0,0,0,1,0,0,1,0,0,0,medio_baixo
1,0.0,0,0.0,14,1,1,1,1,0,1,0,0,0,0,0,0,alto
4,0.0,0,0.0,1,3,1,0,0,0,1,0,1,0,0,0,0,gratuito
8,10000.0,10,0.4,4,3,1,0,0,1,1,0,1,0,1,0,0,baixo
5,10000.0,1,1.0,1,3,1,0,0,1,1,0,0,1,0,1,0,baixo
2,10000.0,21,0.8095238095238095,9,4,1,0,0,0,1,1,0,1,0,0,1,medio_alto
6,10000.0,22,0.8636363636363636,1,3,1,0,0,0,1,1,0,1,0,0,0,medio_alto
1,10000.0,0,0.0,18,5,1,0,0,0,1,0,0,1,1,0,1,medio_alto
3,0.0,0,0.0,0,0,1,0,0,0,0,0,0,0,0,0,0,gratuito
1,0.0,0,0.0,1,2,1,1,1,0,0,0,0,1,0,0,0,gratuito
5,10000.0,3,1.0,2,1,1,0,0,0,0,0,0,1,0,0,0,medio_alto
2,10000.0,0,0.0,1,7,1,0,0,0,1,1,1,1,1,0,1,baixo
7,10000.0,48,0.3958333333333333,1,2,1,0,0,0,0,0,0,0,1,0,1,baixo
5,10000.0,201,0.6716417910447762,5,2,1,0,0,1,0,0,0,0,0,1,1,alto
3,10000.0,305,0.7540983606557377,3,4,1,0,0,1,0,1,1,0,1,0,0,alto
1,10000.0,0,0.0,3,1,1,0,0,0,0,0,0,1,0,0,0,baixo
1,10000.0,28,0.8928571428571429,4,3,1,0,0,0,1,0,1,0,0,0,1,baixo
4,10000.0,12,0.8333333333333334,1,3,1,1,1,0,1,1,0,0,0,1,0,medio_baixo
5,10000.0,11,0.45454545454545453,1,2,1,0,0,0,1,0,0,1,0,0,0,baixo
2,10000.0,9,1.0,1,2,1,0,0,0,1,1,0,0,0,0,0,medio_baixo
2,10000.0,3,1.0,3,4,1,0,0,0,1,1,0,0,0,1,0,medio_alto
9,35000.0,194,0.5515463917525774,27,2,1,0,0,0,1,1,0,0,0,0,0,baixo
2,10000.0,13,1.0,2,2,1,0,0,0,1,0,0,1,0,0,0,medio_baixo
9,10000.0,7,0.8571428571428571,1,2,1,1,1,0,1,0,0,1,0,0,0,medio_baixo
1,0.0,0,0.0,27,2,1,1,1,0,1,0,0,0,0,0,1,baixo
4,75000.0,743,0.845222072678331,2,3,1,0,1,0,1,0,1,0,0,0,0,gratuito
8,350000.0,4794,0.8491864831038799,11,3,1,0,0,24,1,1,0,0,0,0,0,medio_alto
3,0.0,0,0.0,103,1,1,0,0,0,0,0,0,1,0,0,0,medio_baixo
1,0.0,0,0.0,0,0,1,0,0,0,0,0,0,0,0,0,0,gratuito
3,10000.0,74,0.9594594594594594,3,3,1,0,1,0,1,0,1,1,0,0,0,medio_baixo
6,35000.0,11,0.36363636363636365,1,3,1,0,1,0,1,1,0,0,0,0,0,gratuito
2,10000.0,23,1.0,1,2,1,1,1,0,1,1,0,0,0,0,0,medio_alto
5,0.0,0,0.0,0,0,1,0,0,0,0,0,0,0,0,0,0,gratuito
3,0.0,0,0.0,0,0,1,0,0,0,0,0,0,0,0,0,0,gratuito
3,75000.0,66,0.7121212121212122,12,5,1,0,0,1,1,1,1,0,0,1,1,medio_alto
8,35000.0,309,0.9255663430420712,1,1,1,0,0,0,1,0,0,0,0,0,0,gratuito
5,10000.0,2,1.0,1,2,1,0,0,0,1,0,0,1,0,0,0,baixo
4,35000.0,101,0.6633663366336634,8,5,1,0,0,0,1,1,1,0,1,1,0,medio_alto
1,10000.0,0,0.0,31,2,1,0,0,0,1,0,0,1,0,0,0,baixo
4,35000.0,29,0.7241379310344828,1,4,1,1,1,0,1,1,0,1,0,0,0,medio_baixo
1,0.0,0,0.0,0,0,1,0,0,0,0,0,0,0,0,0,0,gratuito
11,0.0,0,0.0,1,4,1,1,1,0,1,1,1,0,1,0,0,baixo
7,35000.0,162,0.9567901234567902,1,2,1,0,0,0,0,0,1,1,0,0,0,alto
3,75000.0,528,0.7935606060606061,9,1,1,0,0,0,0,0,0,0,0,1,0,alto
1,10000.0,36,0.8333333333333334,8,5,1,0,0,0,1,1,0,1,0,0,1,medio_alto
1,10000.0,0,0.0,1,2,1,0,0,0,1,0,0,1,0,0,0,medio_alto
8,10000.0,16,0.625,1,1,1,0,0,0,1,0,0,0,0,0,0,gratuito
1,0.0,0,0.0,1,3,1,0,0,0,1,0,0,1,0,0,0,gratuito
5,10000.0,3,0.3333333333333333,1,3,1,0,0,0,1,0,1,0,1,0,0,alto
6,10000.0,10,0.1,1,5,1,0,0,0,1,1,0,1,1,1,0,medio_alto
4,10000.0,2,0.5,15,6,1,0,0,0,1,1,1,1,0,0,1,medio_baixo
2,10000.0,0,0.0,5,3,1,0,0,0,1,1,0,1,0,0,0,medio_alto
4,10000.0,4,0.25,1,1,1,0,0,0,1,0,0,0,0,0,0,medio_alto
1,10000.0,0,0.0,1,3,1,1,1,0,1,0,0,1,0,0,1,alto
3,10000.0,17,1.0,2,4,1,0,0,0,1,1,1,0,0,0,0,baixo
4,75000.0,1593,0.8336472065285625,9,4,1,0,0,3,1,1,1,0,1,0,0,alto
2,10000.0,0,0.0,1,4,1,0,0,0,1,1,1,1,0,0,0,medio_alto
5,35000.0,28,1.0,1,2,1,0,0,0,0,1,0,0,0,0,0,gratuito
3,10000.0,5,1.0,1,3,1,0,0,0,1,1,1,0,0,0,0,alto
1,0.0,0,0.0,0,0,1,0,0,0,0,0,0,0,0,0,0,gratuito
1,10000.0,0,0.0,1,3,1,0,0,0,1,1,0,1,0,0,0,baixo
6,10000.0,1,1.0,2,2,1,0,0,0,1,0,1,0,0,0,0,baixo
1,0.0,0,0.0,2,3,1,0,0,0,1,0,1,0,0,0,1,medio_baixo
7,35000.0,167,0.5508982035928144,2,2,1,0,0,0,1,0,0,0,1,0,0,medio_baixo
1,10000.0,34,0.9705882352941176,5,3,1,0,1,0,1,1,1,0,0,0,0,medio_alto
1,10000.0,1,1.0,1,5,1,0,0,0,1,1,1,1,0,0,0,alto
4,10000.0,18,1.0,29,2,1,0,0,0,1,0,0,1,0,0,0,medio_baixo
1,10000.0,0,0.0,2,2,1,0,0,0,1,0,1,0,0,0,0,baixo
3,10000.0,15,0.3333333333333333,3,4,1,0,1,0,1,1,1,1,0,0,0,alto
8,35000.0,79,0.5822784810126582,1,3,1,0,0,0,1,0,0,1,0,1,0,baixo
4,35000.0,301,0.9003322259136213,2,4,1,0,0,0,1,0,0,0,1,1,1,alto
1,10000.0,20,0.95,4,1,1,0,0,0,0,0,0,1,0,0,0,medio_baixo
6,10000.0,38,0.868421052631579,11,3,1,0,0,0,1,1,1,0,0,0,0,baixo
3,10000.0,4,0.0,11,4,1,0,1,0,1,1,0,1,0,1,0,medio_baixo
6,10000.0,0,0.0,2,3,1,1,1,9,0,1,0,1,0,0,1,alto
6,150000.0,348,0.4281609195402299,4,5,1,0,0,0,0,1,0,0,1,0,0,gratuito
1,10000.0,0,0.0,1,4,1,0,0,0,1,1,1,0,0,0,0,medio_baixo
4,10000.0,5,0.8,1,3,1,0,0,0,1,0,0,1,0,1,0,medio_alto
5,10000.0,10,1.0,29,2,1,0,0,0,1,0,0,1,0,0,0,baixo
1,10000.0,0,0.0,1,4,1,0,0,0,0,1,0,0,0,1,1,baixo
4,10000.0,22,0.8636363636363636,4,4,1,0,0,0,1,1,0,0,1,0,0,medio_alto
4,10000.0,71,0.8309859154929577,1,3,1,0,0,0,0,0,1,0,1,1,0,medio_baixo
16,3500000.0,73651,0.9631912669210194,5,2,1,0,0,0,0,1,1,0,0,0,0,medio_alto
8,10000.0,26,0.38461538461538464,6,1,1,0,0,0,0,1,0,0,0,0,0,baixo
6,10000.0,5,0.4,1,1,1,0,0,0,0,1,0,0,0,0,0,baixo
6,10000.0,208,0.9423076923076923,9,5,1,1,1,0,1,0,0,1,0,1,1,medio_alto
4,10000.0,90,0.6,4,2,1,0,0,2,0,1,0,0,1,0,0,alto
5,35000.0,10,0.9,1,2,1,0,0,0,1,1,0,0,0,0,0,medio_baixo
6,10000.0,358,0.9497206703910615,3,2,1,0,1,0,1,0,1,0,0,0,0,medio_baixo
6,35000.0,60,0.7,1,4,1,1,0,0,1,1,0,1,0,0,0,gratuito
9,35000.0,349,0.8825214899713467,14,2,1,0,1,0,1,0,1,0,0,0,0,medio_baixo
10,350000.0,810,0.5493827160493827,8,6,1,0,0,0,1,0,0,0,1,1,1,gratuito
6,75000.0,691,0.8827785817655571,1,1,1,0,0,0,1,0,0,0,0,0,0,medio_alto
1,10000.0,126,0.8253968253968254,3,2,1,0,0,1,0,0,0,1,1,0,0,alto
16,350000.0,704,0.6349431818181818,6,1,1,0,0,1,0,0,0,0,0,0,1,medio_baixo
7,10000.0,11,0.8181818181818182,8,1,1,0,0,0,1,0,0,0,0,0,0,medio_alto
7,10000.0,1,0.0,1,5,1,1,0,0,1,1,1,1,0,0,0,alto
5,10000.0,175,0.9542857142857143,8,3,1,0,0,1,1,0,0,1,1,0,0,medio_baixo
1,0.0,0,0.0,0,0,1,0,0,0,0,0,0,0,0,0,0,gratuito
11,75000.0,37,0.5135135135135135,1,2,1,1,1,0,1,1,0,0,0,0,0,baixo
8,35000.0,175,0.64,1,3,1,0,0,0,1,1,0,1,0,0,0,baixo
5,0.0,0,0.0,2,3,1,1,0,0,1,1,0,0,0,0,0,gratuito
1,10000.0,1,1.0,1,5,1,0,0,0,1,0,0,1,0,1,1,medio_alto
6,75000.0,440,0.9727272727272728,1,5,1,1,1,0,1,0,1,1,1,0,0,gratuito
6,75000.0,1761,0.6712095400340715,8,3,1,0,1,1,1,0,0,1,0,0,1,alto
1,0.0,0,0.0,0,0,1,0,0,0,0,0,0,0,0,0,0,gratuito
2,0.0,0,0.0,30,3,1,0,0,0,0,0,0,1,1,0,1,medio_alto
6,10000.0,99,0.7474747474747475,4,1,1,0,0,2,0,1,0,0,0,0,0,medio_alto
1,0.0,0,0.0,2,5,1,0,0,0,0,1,0,0,1,0,1,gratuito
7,10000.0,15,1.0,1,2,1,0,0,0,1,1,0,0,0,0,0,medio_alto
8,75000.0,1176,0.9778911564625851,2,4,1,0,0,0,1,0,0,1,1,0,0,gratuito
5,0.0,0,0.0,0,0,1,0,0,0,0,0,0,0,0,0,0,gratuito
9,35000.0,8,0.0,1,6,1,0,0,0,1,0,1,1,0,0,1,baixo
6,10000.0,1,0.0,1,4,1,0,0,0,1,0,1,0,0,1,1,alto
4,350000.0,6000,0.8908333333333334,10,2,1,0,0,1,0,1,1,0,0,0,0,alto
7,10000.0,244,0.8934426229508197,4,3,1,0,0,1,1,1,0,1,0,0,0,medio_alto
3,10000.0,0,0.0,1,1,1,0,0,0,0,0,0,1,0,0,0,baixo
3,10000.0,0,0.0,4,3,1,0,0,0,1,0,1,0,1,0,0,alto
3,0.0,0,0.0,0,0,1,0,0,0,0,0,0,0,0,0,0,gratuito
3,10000.0,0,0.0,10,4,1,1,1,0,1,0,1,1,0,0,0,alto
5,10000.0,451,0.88470066518847,12,3,1,0,0,0,1,1,1,0,0,0,0,alto
7,75000.0,269,0.7360594795539034,1,6,1,0,0,0,1,1,1,1,1,0,0,gratuito
3,10000.0,22,1.0,1,2,1,0,0,0,1,0,0,1,0,0,0,medio_alto
11,350000.0,2179,0.867370353373107,1,2,1,1,1,2,0,0,0,1,0,0,1,gratuito
1,10000.0,18,0.2777777777777778,14,2,1,0,0,0,1,0,0,1,0,0,0,alto
7,35000.0,118,0.6864406779661016,1,5,1,0,0,0,1,0,0,1,0,0,1,baixo
7,10000.0,4,0.25,1,3,1,0,0,0,1,1,0,1,0,0,0,baixo
5,150000.0,657,0.8736681887366818,3,1,1,0,0,1,0,0,0,0,0,0,0,gratuito
1,10000.0,0,0.0,1,4,1,0,1,1,1,1,1,0,1,0,0,alto
6,10000.0,0,0.0,3,4,1,0,0,0,1,0,1,1,1,0,0,medio_alto
8,10000.0,4,0.75,1,1,1,1,0,0,1,0,0,0,0,0,0,alto
1,0.0,0,0.0,10,3,1,0,0,0,1,0,0,1,0,0,0,gratuito
5,10000.0,3,0.6666666666666666,1,3,1,0,0,0,1,1,0,1,0,0,0,medio_alto
6,10000.0,14,0.9285714285714286,1,2,1,0,0,0,0,0,1,1,0,0,0,medio_alto
7,10000.0,16,0.75,12,4,1,0,0,0,1,0,0,1,0,1,1,baixo
6,10000.0,8,1.0,1,3,1,0,0,0,0,1,1,0,1,0,0,medio_baixo
5,10000.0,9,0.3333333333333333,6,3,1,0,0,0,1,0,0,0,0,0,0,medio_baixo
7,10000.0,16,1.0,1,1,1,0,0,0,1,0,0,0,0,0,0,medio_alto
1,10000.0,0,0.0,7,4,1,0,0,0,1,1,1,0,1,0,0,alto
2,10000.0,1,1.0,103,2,1,0,0,0,1,1,0,0,0,0,0,baixo
4,10000.0,117,0.8888888888888888,10,2,1,1,1,2,1,0,1,0,0,0,0,alto
2,10000.0,210,0.9,5,5,1,0,0,0,1,0,1,0,1,1,1,alto
2,10000.0,2,1.0,2,5,1,0,0,0,1,1,1,0,1,0,0,gratuito
2,10000.0,16,1.0,1,3,1,1,1,1,1,0,1,1,0,0,0,medio_alto
4,35000.0,462,0.961038961038961,1,3,1,0,0,0,1,0,1,1,0,0,0,baixo
3,10000.0,0,0.0,1,2,1,0,0,0,0,1,0,0,0,0,0,gratuito
3,35000.0,2,1.0,1,2,1,0,0,0,1,0,0,0,0,1,0,alto
1,10000.0,1,1.0,1,1,1,0,0,0,0,0,0,1,0,0,0,medio_baixo
11,10000.0,33,0.18181818181818182,1,1,1,0,0,0,0,0,1,0,0,0,0,medio_baixo
3,10000.0,117,0.7948717948717948,1,1,1,0,0,2,0,0,0,0,0,1,0,alto
6,35000.0,3,1.0,1,2,1,0,0,0,1,1,0,0,0,0,0,baixo
4,10000.0,0,0.0,2,3,1,0,0,0,1,1,0,1,0,0,0,gratuito
3,10000.0,35,0.7714285714285715,1,4,1,0,0,1,1,0,0,1,1,0,1,medio_alto
1,0.0,0,0.0,103,4,1,0,0,0,1,0,1,1,0,1,0,medio_alto
11,35000.0,62,0.8387096774193549,1,4,1,0,0,0,1,1,0,1,0,1,0,medio_alto
5,10000.0,28,1.0,1,2,1,0,0,2,1,1,0,0,0,0,0,baixo
12,350000.0,555,0.4900900900900901,1,1,1,0,0,0,1,0,0,0,0,0,0,baixo
1,150000.0,1329,0.8517682468021068,11,2,1,0,0,2,1,0,0,0,0,1,0,alto
2,0.0,0,0.0,1,4,1,0,0,0,0,1,1,0,0,1,0,gratuito
2,10000.0,2,0.5,8,3,1,0,0,0,0,0,1,0,1,1,0,medio_alto
2,10000.0,1,0.0,1,2,1,0,0,0,1,1,0,0,0,0,0,medio_baixo
5,35000.0,23,0.9130434782608695,1,2,1,0,0,0,1,0,0,0,0,1,0,medio_alto
7,10000.0,20,0.45,6,3,1,0,0,0,0,1,0,1,0,0,0,baixo
1,10000.0,0,0.0,1,1,1,0,0,0,0,0,0,0,1,0,0,medio_alto
4,10000.0,25,0.92,1,3,1,0,0,0,1,0,0,1,0,0,0,gratuito
8,35000.0,57,0.8245614035087719,27,3,1,1,1,0,1,1,0,1,0,0,0,baixo
6,10000.0,5,1.0,1,1,1,0,0,0,1,0,0,0,0,0,0,medio_alto
9,35000.0,86,0.9069767441860465,1,1,1,1,1,0,1,0,0,0,0,0,0,medio_baixo
3,10000.0,31,0.967741935483871,25,2,1,1,1,0,1,0,0,1,0,0,0,medio_baixo
1,0.0,0,0.0,1,2,1,0,0,0,0,0,1,1,0,0,0,medio_baixo
1,10000.0,0,0.0,1,3,1,0,0,0,1,1,1,0,0,0,0,alto
1,0.0,0,0.0,1,3,1,0,0,0,0,1,0,1,0,0,0,gratuito
3,10000.0,8,0.875,28,2,1,0,0,0,0,1,1,0,0,0,0,baixo
7,10000.0,9,1.0,1,2,1,0,0,0,0,0,1,0,0,0,0,gratuito
1,10000.0,0,0.0,1,2,1,0,0,0,0,1,0,0,0,0,0,alto
8,10000.0,7,0.42857142857142855,2,4,1,0,0,0,1,0,1,1,1,0,0,medio_alto
2,0.0,0,0.0,1,3,1,0,0,5,1,0,0,1,0,0,0,gratuito
2,750000.0,18415,0.9519956557154493,1,2,1,0,0,0,0,0,0,0,0,0,1,gratuito
9,75000.0,105,0.7047619047619048,1,1,1,0,0,0,0,0,0,0,1,0,0,baixo
2,10000.0,16,1.0,1,3,1,1,0,1,1,1,0,1,0,0,0,medio_alto
5,10000.0,0,0.0,2,1,1,0,0,0,0,0,0,0,1,0,0,medio_alto
6,10000.0,186,0.532258064516129,1,2,1,0,0,0,1,1,0,0,0,0,0,baixo
1,0.0,0,0.0,0,0,1,0,0,0,0,0,0,0,0,0,0,gratuito
3,10000.0,2,1.0,7,3,1,0,1,0,1,1,0,1,0,0,0,baixo
2,10000.0,4,0.75,3,2,1,1,0,0,0,0,1,1,0,0,0,medio_alto
1,10000.0,33,0.8181818181818182,8,4,1,0,0,0,1,1,1,1,0,0,0,alto
2,10000.0,0,0.0,2,2,1,0,0,0,0,1,0,1,0,0,0,baixo
3,0.0,0,0.0,0,0,1,0,0,0,0,0,0,0,0,0,0,gratuito
6,750000.0,7,0.7142857142857143,3,5,1,0,0,0,1,1,0,1,1,0,1,baixo
4,10000.0,2,1.0,1,3,1,0,0,0,0,1,1,1,0,0,0,alto
8,10000.0,106,0.7452830188679245,13,4,1,1,0,0,1,1,1,0,0,0,1,alto
10,350000.0,774,0.6046511627906976,5,4,1,1,0,0,0,0,0,0,0,1,1,gratuito
7,150000.0,28,0.9285714285714286,9,2,1,1,0,0,1,1,0,0,0,0,0,medio_alto
5,10000.0,177,0.8248587570621468,2,2,1,0,0,0,0,1,1,0,0,0,0,medio_baixo
4,10000.0,0,0.0,1,3,1,1,1,0,1,0,1,0,1,0,0,alto
6,10000.0,12,0.9166666666666666,1,3,1,0,0,0,1,1,1,0,0,0,0,medio_alto
1,10000.0,0,0.0,1,1,1,0,0,0,0,0,0,1,0,0,0,baixo
2,10000.0,0,0.0,13,3,1,0,0,1,0,0,1,1,0,0,0,gratuito
1,10000.0,0,0.0,5,5,1,0,0,0,1,0,0,1,1,1,1,alto
2,10000.0,0,0.0,3,2,1,1,1,0,1,0,0,0,0,0,0,alto
5,10000.0,7,0.7142857142857143,1,3,1,0,0,0,1,1,0,0,0,0,0,alto
1,0.0,0,0.0,1,6,1,1,1,1,1,1,0,1,0,0,0,gratuito
5,10000.0,12,0.16666666666666666,4,3,1,0,0,0,1,1,0,1,0,0,0,baixo
2,10000.0,48,0.8958333333333334,4,5,1,0,0,0,1,1,1,1,0,0,0,medio_baixo
1,35000.0,464,0.7952586206896551,15,3,1,0,0,0,1,0,0,0,0,0,1,medio_alto
1,0.0,0,0.0,0,0,1,0,0,0,0,0,0,0,0,0,0,gratuito
1,10000.0,0,0.0,7,2,1,0,0,0,1,1,0,0,0,0,0,medio_alto
10,35000.0,130,0.7230769230769231,5,2,1,0,0,0,1,1,0,0,0,0,0,baixo
3,10000.0,32,0.90625,1,4,1,0,0,0,1,0,1,0,0,1,1,medio_alto
2,10000.0,4,1.0,1,1,1,0,0,0,0,0,0,0,0,1,0,medio_baixo
1,10000.0,0,0.0,1,3,1,0,1,0,1,1,0,0,1,0,0,alto
10,10000.0,13,0.7692307692307693,1,2,1,0,0,0,0,0,1,1,0,0,0,medio_alto
5,10000.0,8,0.875,1,2,1,0,0,0,1,0,0,0,1,0,0,alto
1,10000.0,0,0.0,1,2,1,0,0,0,0,1,0,1,0,0,0,alto
2,0.0,0,0.0,0,0,1,0,0,0,0,0,0,0,0,0,0,gratuito
3,10000.0,0,0.0,29,3,1,0,0,0,0,0,1,1,0,0,1,medio_baixo
1,10000.0,0,0.0,3,4,1,0,0,1,1,0,0,0,0,1,0,gratuito
2,10000.0,38,0.9473684210526315,1,4,1,0,0,0,1,1,0,0,0,0,1,medio_baixo
4,10000.0,6,1.0,1,1,1,0,0,0,0,1,0,0,0,0,0,medio_alto
5,0.0,0,0.0,1,4,1,0,0,1,1,1,1,0,0,0,0,gratuito
1,10000.0,0,0.0,9,2,1,0,1,0,1,0,0,0,0,1,0,alto
7,10000.0,24,0.7916666666666666,29,3,1,0,0,0,1,1,1,0,0,0,0,medio_baixo
6,35000.0,13,0.7692307692307693,1,3,1,0,0,0,1,1,1,0,0,0,0,gratuito
2,1500000.0,52780,0.9636036377415688,8,3,1,0,0,2,1,0,1,0,1,0,0,medio_alto
4,75000.0,1441,0.926439972241499,10,3,1,0,0,2,0,1,1,1,0,0,0,alto
6,10000.0,5,0.6,6,3,1,0,0,0,0,1,0,0,0,0,1,alto
4,10000.0,1,0.0,2,6,1,0,0,0,1,1,1,1,1,0,0,alto
2,0.0,0,0.0,103,4,1,1,0,0,1,0,1,1,0,0,0,gratuito
12,10000.0,10,0.1,1,1,1,1,1,0,0,0,0,0,0,0,0,medio_alto
18,750000.0,1042,0.8656429942418427,8,3,1,0,1,0,0,1,0,0,0,1,0,gratuito
2,10000.0,4,0.75,2,4,1,1,1,0,1,1,1,0,1,0,0,alto
8,10000.0,7,0.2857142857142857,1,6,1,1,0,0,1,1,1,0,1,0,1,alto
5,35000.0,152,0.875,8,2,1,0,0,0,0,0,0,0,0,1,1,alto
7,10000.0,1,1.0,4,2,1,0,0,0,1,0,0,1,0,0,0,alto
7,10000.0,51,0.47058823529411764,1,2,1,0,0,2,0,0,0,1,0,0,1,gratuito
7,10000.0,2,1.0,1,2,1,0,0,0,1,0,0,1,0,0,0,medio_baixo
7,10000.0,11,0.6363636363636364,4,1,1,1,0,0,0,0,0,1,0,0,0,medio_alto
1,0.0,0,0.0,1,6,1,0,0,0,1,1,1,0,0,0,1,gratuito
5,10000.0,0,0.0,29,3,1,0,0,0,1,0,0,1,0,0,1,baixo
1,10000.0,0,0.0,14,3,1,1,1,0,1,0,0,1,1,0,0,medio_alto
6,10000.0,62,0.7096774193548387,27,5,1,0,0,0,1,1,1,0,0,1,0,medio_baixo
5,10000.0,212,0.9292452830188679,3,3,1,1,0,2,1,0,0,1,0,1,0,medio_baixo
1,10000.0,0,0.0,6,5,1,0,0,0,1,0,0,1,0,1,1,alto
4,10000.0,101,0.7623762376237624,1,4,1,0,0,0,1,1,0,0,0,1,0,alto
9,10000.0,17,0.8235294117647058,1,3,1,0,0,0,1,1,1,0,0,0,0,baixo
8,35000.0,2,0.5,1,4,1,0,0,0,1,0,1,1,1,0,0,baixo
9,75000.0,243,0.6748971193415638,2,4,1,1,0,0,1,0,0,1,0,1,0,gratuito
6,35000.0,84,0.35714285714285715,1,5,1,0,0,0,1,0,1,1,0,1,0,gratuito
7,10000.0,60,0.8666666666666667,1,2,1,1,0,0,1,1,0,0,0,0,0,medio_alto
2,10000.0,7,0.8571428571428571,1,3,1,0,0,0,0,0,0,1,0,1,1,baixo
1,10000.0,3,1.0,1,4,1,0,0,0,1,0,0,1,1,1,0,alto
8,10000.0,36,1.0,4,3,1,0,0,0,1,1,1,0,0,0,0,baixo
3,10000.0,71,0.7887323943661971,6,2,1,0,0,0,1,1,0,0,0,0,0,baixo
1,0.0,0,0.0,0,0,1,0,0,0,0,0,0,0,0,0,0,gratuito
5,10000.0,0,0.0,1,4,1,0,0,0,1,1,1,1,0,0,0,medio_alto
2,10000.0,191,0.9319371727748691,5,3,1,0,0,0,1,0,0,1,0,0,1,medio_baixo
4,0.0,0,0.0,0,0,1,0,0,0,0,0,0,0,0,0,0,gratuito
5,0.0,0,0.0,1,2,1,0,0,0,0,1,0,0,0,0,0,gratuito
6,10000.0,11,0.7272727272727273,1,3,1,0,0,0,1,1,1,0,0,0,0,baixo
9,10000.0,9,0.5555555555555556,1,3,1,0,0,0,0,1,0,0,0,0,0,baixo
4,75000.0,2,0.5,1,10,1,0,0,0,1,1,1,1,1,1,1,medio_alto
7,10000.0,0,0.0,2,3,1,0,0,0,1,0,1,1,0,0,0,baixo
14,75000.0,247,0.8987854251012146,1,1,1,1,1,0,1,0,0,0,0,0,0,medio_alto
2,35000.0,679,0.759941089837997,4,4,1,0,0,0,1,0,0,1,0,1,1,alto
2,10000.0,79,0.7341772151898734,3,3,1,0,0,0,1,0,1,0,1,0,0,medio_baixo
7,10000.0,1,1.0,1,3,1,0,0,0,1,0,1,1,0,0,0,medio_alto
4,10000.0,1,1.0,1,4,1,0,0,0,1,0,0,1,1,0,0,medio_alto
4,10000.0,5,1.0,27,2,1,1,0,0,1,1,0,0,0,0,0,medio_alto
4,0.0,0,0.0,1,3,1,0,0,0,1,0,0,1,0,1,0,gratuito
1,0.0,0,0.0,0,0,1,0,0,0,0,0,0,0,0,0,0,gratuito
1,10000.0,0,0.0,9,4,1,0,0,0,1,1,0,1,0,1,0,medio_baixo
3,35000.0,62,0.9516129032258065,1,3,1,0,0,0,1,1,1,0,0,0,0,baixo
6,10000.0,244,0.7049180327868853,2,6,1,1,1,0,1,0,0,1,1,1,1,alto
11,350000.0,737,0.22388059701492538,5,2,1,0,0,0,0,1,1,0,0,0,0,medio_alto
4,10000.0,10,1.0,1,3,1,0,0,0,1,1,0,1,0,0,0,medio_baixo
1,0.0,0,0.0,0,0,1,0,0,0,0,0,0,0,0,0,0,gratuito
5,35000.0,7,0.5714285714285714,1,2,1,1,1,0,0,0,0,0,0,1,1,baixo
1,10000.0,0,0.0,1,4,1,1,0,0,1,0,0,1,0,1,1,medio_alto
1,10000.0,0,0.0,23,2,1,0,0,3,0,0,0,0,0,0,1,alto
3,10000.0,40,0.95,1,4,1,0,0,1,1,1,1,0,1,0,0,medio_alto
1,10000.0,3,0.6666666666666666,1,1,1,0,0,0,0,0,0,0,0,1,0,medio_baixo
1,10000.0,0,0.0,1,6,1,0,0,0,1,1,1,1,0,0,1,baixo
5,10000.0,0,0.0,1,2,1,0,0,2,1,0,0,1,0,0,0,baixo
2,10000.0,0,0.0,1,2,1,1,0,0,1,1,0,0,0,0,0,alto
1,10000.0,0,0.0,20,1,1,0,0,0,1,0,0,0,0,0,0,baixo
11,350000.0,3558,0.9269252388982574,1,4,1,0,0,0,1,1,1,0,1,0,0,medio_alto
1,0.0,0,0.0,2,2,1,0,1,1,1,0,1,0,0,0,0,medio_alto
3,10000.0,0,0.0,10,1,1,0,0,0,0,0,0,1,0,0,0,baixo
4,10000.0,0,0.0,1,3,1,0,0,0,0,0,1,1,0,0,1,medio_baixo
1,10000.0,0,0.0,4,2,1,0,1,1,1,1,0,0,0,0,0,alto
1,10000.0,42,0.8333333333333334,5,1,1,0,0,0,0,0,1,0,0,0,0,medio_alto
4,10000.0,5,0.4,1,4,1,0,0,0,1,0,1,0,1,1,0,baixo
6,150000.0,882,0.9523809523809523,1,1,1,1,0,0,0,1,0,0,0,0,0,baixo
8,75000.0,485,0.5298969072164949,2,1,1,0,0,0,0,0,0,0,1,0,0,medio_alto
2,10000.0,3,0.3333333333333333,4,5,1,0,0,1,1,1,1,0,1,0,0,alto
1,0.0,0,0.0,2,4,1,1,0,0,1,0,0,1,0,0,1,medio_baixo
1,10000.0,0,0.0,1,4,1,0,1,0,1,0,1,1,1,0,0,baixo
3,10000.0,65,0.8461538461538461,6,2,1,1,0,0,1,0,0,1,0,0,0,medio_alto
2,10000.0,11,0.9090909090909091,6,3,1,0,0,0,0,1,0,0,0,0,0,baixo
2,10000.0,8,1.0,8,6,1,0,0,0,1,1,1,1,0,0,0,gratuito
11,150000.0,417,0.7721822541966427,4,5,1,1,0,3,1,0,1,1,1,1,0,alto
2,0.0,0,0.0,1,4,1,0,0,0,1,0,1,0,1,0,0,gratuito
4,35000.0,168,0.75,1,5,1,1,1,0,1,1,1,0,1,0,0,alto
1,0.0,0,0.0,2,2,1,0,0,0,0,1,0,0,0,0,0,gratuito
4,10000.0,153,0.8235294117647058,2,3,1,0,0,0,1,0,0,1,0,1,0,medio_baixo
3,10000.0,287,0.9825783972125436,1,1,1,1,0,1,0,0,0,1,0,0,0,medio_baixo
12,10000.0,191,0.6963350785340314,6,5,1,1,1,0,1,1,0,0,0,0,1,baixo
2,10000.0,6,1.0,2,2,1,0,0,0,1,0,0,0,0,1,0,medio_baixo
4,10000.0,109,0.8440366972477065,2,2,1,1,1,2,1,0,1,0,0,0,0,gratuito
1,10000.0,0,0.0,1,1,1,0,0,0,0,1,0,0,0,0,0,baixo
2,0.0,0,0.0,1,1,1,0,0,0,0,0,0,0,0,1,0,gratuito
5,10000.0,0,0.0,2,3,1,0,0,0,1,1,0,1,0,0,0,baixo
1,0.0,0,0.0,0,0,1,0,0,0,0,0,0,0,0,0,0,gratuito
2,0.0,0,0.0,0,0,1,0,0,0,0,0,0,0,0,0,0,gratuito
10,10000.0,16,0.4375,4,1,1,0,0,1,0,1,0,0,0,0,0,baixo
5,10000.0,15,0.8,29,3,1,0,0,0,1,1,1,0,0,0,0,baixo
6,75000.0,9,1.0,1,2,1,1,1,0,1,0,0,0,0,1,0,medio_baixo
1,0.0,0,0.0,0,0,1,0,0,0,0,0,0,0,0,0,0,gratuito
1,10000.0,1,1.0,1,4,1,0,0,0,1,1,1,1,0,0,0,alto
1,0.0,0,0.0,0,0,1,0,0,0,0,0,0,0,0,0,0,gratuito
4,10000.0,2,1.0,3,2,1,0,1,0,1,0,0,1,0,0,0,baixo
1,10000.0,1,1.0,4,3,1,0,0,0,0,0,0,1,0,0,1,baixo
5,10000.0,17,0.8823529411764706,3,4,1,0,0,0,1,1,1,0,0,0,0,alto
3,10000.0,0,0.0,1,1,1,0,0,0,0,0,0,1,0,0,0,baixo
6,10000.0,0,0.0,29,1,1,1,0,2,0,1,0,0,0,0,0,baixo
4,0.0,0,0.0,29,5,1,0,0,1,1,1,1,1,0,0,0,gratuito
1,10000.0,58,0.9137931034482759,4,2,1,0,0,0,1,0,0,0,0,1,0,medio_alto
1,0.0,0,0.0,1,3,1,0,1,0,1,0,0,1,0,0,0,medio_baixo
10,3500000.0,68046,0.9692560914675367,14,3,1,0,0,0,1,1,1,0,0,0,0,medio_baixo
8,10000.0,24,0.7916666666666666,1,5,1,0,0,0,1,0,1,1,0,0,1,alto
3,10000.0,16,0.875,1,2,1,0,0,0,0,1,1,0,0,0,0,baixo
9,10000.0,26,0.34615384615384615,6,4,1,0,0,0,1,1,0,1,0,0,0,gratuito
6,10000.0,92,0.8043478260869565,1,1,1,1,0,0,1,0,0,0,0,0,0,baixo
13,35000.0,50,0.52,1,3,1,0,0,0,1,1,0,0,0,1,0,baixo
2,10000.0,2,1.0,1,2,1,0,0,0,0,1,1,0,0,0,0,medio_baixo
5,75000.0,26,0.9615384615384616,2,4,1,0,0,0,1,1,0,0,0,1,0,medio_alto
2,10000.0,5,1.0,5,3,1,0,0,0,1,1,0,1,0,0,0,medio_baixo
2,75000.0,809,0.7095179233621756,4,5,1,0,0,3,1,0,1,1,1,0,1,alto
2,10000.0,0,0.0,1,1,1,0,0,0,0,0,0,1,0,0,0,baixo
3,10000.0,0,0.0,1,2,1,0,0,0,0,0,1,1,0,0,0,medio_alto
1,0.0,0,0.0,5,3,1,0,0,0,0,0,0,1,0,1,0,gratuito
5,35000.0,418,0.8588516746411483,5,5,1,1,1,0,1,1,1,0,1,1,0,medio_alto
4,75000.0,268,0.8880597014925373,1,2,1,0,0,0,1,0,1,0,0,0,0,medio_baixo
8,10000.0,18,1.0,1,3,1,0,0,0,1,1,0,0,0,0,0,medio_alto
7,10000.0,26,0.8846153846153846,1,4,1,0,0,0,0,1,0,1,0,0,0,gratuito
20,750000.0,18660,0.9605037513397642,11,1,1,0,0,0,0,0,0,0,0,0,0,medio_baixo
4,75000.0,965,0.23834196891191708,5,4,1,0,0,0,1,1,1,0,0,0,1,medio_baixo
7,10000.0,27,0.8148148148148148,4,3,1,0,0,0,1,0,1,1,0,0,0,medio_baixo
10,350000.0,99,0.7272727272727273,1,1,1,0,0,0,0,1,0,0,0,0,0,medio_baixo
2,0.0,0,0.0,0,0,1,0,0,0,0,0,0,0,0,0,0,gratuito
6,10000.0,21,0.7619047619047619,1,2,1,0,0,0,0,1,0,0,0,0,0,gratuito
6,35000.0,8,0.875,1,5,1,0,0,0,1,0,0,1,0,1,1,medio_alto
6,10000.0,14,1.0,1,2,1,1,0,0,1,0,0,1,0,0,0,baixo
8,10000.0,9,0.8888888888888888,1,6,1,0,0,0,1,0,1,1,0,1,1,baixo
4,0.0,0,0.0,1,3,1,0,0,0,1,1,0,0,0,0,0,gratuito
7,10000.0,81,0.8395061728395061,2,2,1,0,0,0,1,0,0,0,0,1,0,medio_alto
10,75000.0,326,0.696319018404908,5,3,1,0,0,0,1,0,0,0,0,1,0,gratuito
8,10000.0,13,0.8461538461538461,1,4,1,0,0,0,1,0,0,0,0,1,1,alto
11,150000.0,342,0.5233918128654971,3,3,1,0,0,0,0,0,0,0,0,1,0,gratuito
4,10000.0,0,0.0,1,5,1,0,0,0,1,1,0,0,0,1,0,medio_alto
4,10000.0,5,1.0,1,1,1,0,0,0,1,0,0,0,0,0,0,baixo
1,0.0,0,0.0,0,0,1,0,0,0,0,0,0,0,0,0,0,gratuito
11,35000.0,55,0.7272727272727273,1,6,1,0,0,0,0,0,0,0,0,0,0,gratuito
11,10000.0,60,0.8833333333333333,11,4,1,0,1,0,1,1,0,1,0,0,0,alto
1,0.0,0,0.0,5,2,1,0,0,0,1,0,1,0,0,0,0,alto
6,10000.0,7,1.0,1,3,1,0,0,0,1,1,1,0,0,0,0,baixo
1,0.0,0,0.0,0,0,1,0,0,0,0,0,0,0,0,0,0,gratuito
2,10000.0,1,0.0,2,3,1,0,0,0,1,0,0,1,0,0,1,medio_baixo
10,35000.0,121,0.7272727272727273,1,3,1,0,0,2,1,1,0,1,0,0,0,baixo
1,10000.0,0,0.0,5,3,1,0,0,0,1,1,0,0,0,0,0,alto
9,75000.0,1040,0.7509615384615385,2,2,1,0,0,0,1,0,1,0,0,0,0,baixo
6,10000.0,7,0.7142857142857143,2,1,1,0,0,0,0,0,0,1,0,0,0,medio_baixo
4,10000.0,6,1.0,5,3,1,0,0,0,1,1,0,1,0,0,0,baixo
3,10000.0,0,0.0,1,3,1,1,0,0,0,1,1,1,0,0,0,gratuito
1,10000.0,51,0.9803921568627451,10,3,1,0,0,2,1,0,1,1,0,0,0,alto
5,35000.0,12,0.9166666666666666,1,2,1,0,0,0,1,1,0,0,0,0,0,medio_baixo
2,10000.0,35,0.8857142857142857,2,3,1,0,0,1,1,1,1,0,0,0,0,alto
5,0.0,0,0.0,11,6,1,0,0,4,1,1,1,0,0,0,1,gratuito
1,10000.0,0,0.0,1,1,1,0,0,0,0,0,0,0,0,1,0,medio_alto
2,10000.0,35,0.9142857142857143,2,1,1,0,0,0,0,0,0,0,0,0,0,alto
3,75000.0,9,1.0,1,2,1,0,0,0,0,0,1,0,1,0,0,medio_alto
3,0.0,0,0.0,1,1,1,0,0,0,0,0,0,0,0,0,0,gratuito
2,10000.0,9,1.0,6,1,1,0,0,0,0,0,0,1,0,0,0,medio_baixo
2,10000.0,1,1.0,0,4,1,0,0,0,1,0,1,1,0,0,1,baixo
3,10000.0,1,1.0,1,2,1,0,0,0,1,0,0,0,0,0,1,medio_alto
6,75000.0,1,1.0,1,5,1,0,0,0,1,1,0,0,0,0,1,medio_alto
5,10000.0,19,0.9473684210526315,2,2,1,0,0,0,1,1,0,0,0,0,0,medio_alto
2,35000.0,1223,0.9893704006541292,3,2,1,0,0,0,1,0,0,1,0,0,0,medio_alto
2,0.0,0,0.0,0,0,1,0,0,0,0,0,0,0,0,0,0,gratuito
2,10000.0,7,1.0,28,10,1,0,0,0,0,0,1,1,1,0,1,alto
5,35000.0,4,0.75,1,3,1,1,1,0,1,0,0,1,0,0,0,medio_alto
5,10000.0,56,0.9642857142857143,1,4,1,0,0,0,1,1,1,0,0,0,0,alto
3,10000.0,192,0.953125,1,3,1,1,1,0,1,0,0,1,1,0,0,alto
5,10000.0,8,0.25,1,1,1,0,0,1,0,0,0,0,0,0,1,alto
17,35000.0,65,0.6923076923076923,3,1,1,0,0,0,0,0,0,1,0,0,0,medio_baixo
3,10000.0,13,0.8461538461538461,1,2,1,0,0,0,0,1,1,0,0,0,0,alto
9,10000.0,5,0.4,2,4,1,0,0,0,1,0,0,1,1,0,1,baixo
5,10000.0,28,0.8214285714285714,29,2,1,0,0,0,1,1,0,0,0,0,0,baixo
8,10000.0,175,0.7942857142857143,103,1,1,0,0,2,0,1,0,0,0,0,0,baixo
6,35000.0,276,0.6992753623188406,7,2,1,0,0,1,0,0,0,0,1,1,0,medio_alto
2,0.0,0,0.0,1,1,1,0,0,0,0,0,0,0,0,0,1,gratuito
3,350000.0,4043,0.9718031164976503,11,3,1,1,1,4,1,1,0,1,0,0,0,medio_alto
6,10000.0,0,0.0,1,1,1,0,0,2,0,1,0,0,0,0,0,baixo
9,10000.0,4,1.0,1,2,1,0,0,0,0,0,1,1,0,0,0,medio_alto
1,0.0,0,0.0,3,3,1,1,0,1,1,0,1,0,1,0,0,medio_alto
6,10000.0,88,0.8863636363636364,6,3,1,1,1,0,0,0,0,0,0,0,0,alto
9,10000.0,2,1.0,1,3,1,1,1,0,1,1,0,1,0,0,0,medio_baixo
6,35000.0,14,0.8571428571428571,2,1,1,0,0,0,0,1,0,0,0,0,0,medio_alto
4,10000.0,0,0.0,1,3,1,0,0,0,1,1,0,1,0,0,0,baixo
7,10000.0,224,0.9419642857142857,2,3,1,0,0,1,1,1,0,1,0,0,0,medio_alto
1,0.0,0,0.0,1,3,1,0,0,0,1,0,0,1,0,0,0,medio_baixo
2,10000.0,23,0.5652173913043478,1,4,1,0,0,0,1,1,0,0,1,1,0,medio_baixo
3,10000.0,0,0.0,1,3,1,1,1,0,1,0,0,1,0,0,1,baixo
6,35000.0,9,0.7777777777777778,1,3,1,0,0,0,1,0,1,1,0,0,0,gratuito
2,10000.0,43,0.9767441860465116,1,2,1,1,1,0,0,1,1,0,0,0,0,medio_baixo
3,10000.0,1,0.0,1,3,1,0,0,0,1,0,1,1,0,0,0,medio_alto
1,0.0,0,0.0,3,2,1,0,0,0,0,1,0,1,0,0,0,baixo
2,35000.0,17,0.7058823529411765,13,4,1,0,0,0,1,0,1,1,0,0,1,alto
6,10000.0,57,0.5964912280701754,1,2,1,1,0,0,1,0,0,0,0,1,0,baixo
1,0.0,0,0.0,103,9,1,0,0,0,1,1,1,1,1,1,1,baixo
2,10000.0,62,0.8387096774193549,8,5,1,0,0,0,1,1,0,1,1,0,1,medio_baixo
5,10000.0,33,0.6060606060606061,11,2,1,0,0,0,0,1,1,0,0,0,0,baixo
2,0.0,0,0.0,0,0,1,0,0,0,0,0,0,0,0,0,0,gratuito
1,10000.0,0,0.0,1,1,1,0,0,0,0,1,0,0,0,0,0,medio_alto
1,10000.0,0,0.0,1,2,1,0,0,0,1,0,0,1,0,0,0,medio_alto
15,1500000.0,6093,0.7971442639094042,5,3,1,0,0,0,0,1,0,0,0,1,1,baixo
9,75000.0,178,0.8370786516853933,1,5,1,0,0,0,1,0,1,0,0,0,0,gratuito
1,10000.0,0,0.0,11,5,1,0,0,0,1,1,0,0,0,1,1,alto
8,10000.0,18,0.4444444444444444,5,7,1,1,1,0,1,0,0,1,0,0,0,medio_baixo
3,75000.0,26,0.6538461538461539,2,4,1,0,0,0,1,1,1,0,0,0,0,baixo
1,10000.0,0,0.0,9,2,1,1,1,0,1,0,0,1,0,0,0,baixo
9,10000.0,33,0.8181818181818182,1,2,1,1,1,0,1,1,0,0,0,0,0,gratuito
2,0.0,0,0.0,0,0,1,0,0,0,0,0,0,0,0,0,0,gratuito
8,10000.0,5,1.0,1,2,1,0,0,0,0,0,1,1,0,0,0,medio_alto
6,10000.0,48,0.8541666666666666,3,2,1,0,0,0,0,0,0,1,0,0,0,medio_alto
3,10000.0,8,1.0,5,1,1,0,0,0,0,0,0,1,0,0,0,medio_baixo
2,10000.0,1,0.0,0,1,1,0,0,0,1,0,0,0,0,0,0,alto
1,0.0,0,0.0,10,3,1,0,0,0,0,1,1,0,1,0,0,alto
10,35000.0,112,0.7321428571428571,1,3,1,1,1,3,1,0,1,1,0,0,0,baixo
5,0.0,0,0.0,0,0,1,0,0,0,0,0,0,0,0,0,0,gratuito
8,75000.0,365,0.8301369863013699,1,4,1,0,0,5,1,0,1,0,1,1,0,baixo
8,10000.0,37,0.6486486486486487,8,2,1,0,0,0,1,0,0,0,0,0,0,medio_alto
3,10000.0,6,0.0,1,1,1,0,0,0,0,0,0,1,0,0,0,baixo
5,10000.0,9,0.6666666666666666,1,2,1,0,0,0,1,1,0,0,0,0,0,medio_baixo
6,10000.0,7,0.7142857142857143,1,2,1,0,0,0,1,1,0,0,0,0,0,medio_alto
3,75000.0,97,0.711340206185567,6,3,1,0,0,0,1,1,1,0,0,0,0,medio_alto
5,350000.0,2340,0.9508547008547008,1,2,1,0,0,0,0,1,0,0,0,0,0,gratuito
5,10000.0,123,0.7479674796747967,14,3,1,1,1,1,1,1,1,0,0,0,0,baixo
3,10000.0,16,0.875,2,3,1,0,1,0,1,0,0,1,0,1,0,medio_alto
1,10000.0,0,0.0,1,1,1,0,0,0,0,0,0,0,0,0,1,alto
4,10000.0,21,0.9523809523809523,4,3,1,1,0,0,1,1,1,0,0,0,0,medio_alto
4,10000.0,15,0.8,1,3,1,0,0,0,1,1,0,0,0,0,0,medio_baixo
1,10000.0,0,0.0,8,3,1,0,0,0,0,0,0,1,0,1,1,medio_baixo
3,0.0,0,0.0,1,3,1,0,0,0,0,0,1,1,0,0,0,gratuito
1,0.0,0,0.0,1,3,1,1,1,0,1,0,1,1,0,0,0,medio_alto
7,35000.0,16,0.75,3,3,1,0,0,0,1,0,1,0,1,0,0,medio_alto
4,10000.0,0,0.0,1,4,1,0,0,0,1,1,1,1,0,0,0,medio_alto
7,10000.0,37,0.7027027027027027,11,2,1,0,0,0,1,0,0,1,0,0,0,alto
8,10000.0,2,1.0,1,1,1,0,0,0,1,0,0,0,0,0,0,baixo
5,0.0,0,0.0,1,1,1,0,0,0,0,0,0,0,0,0,1,baixo
5,35000.0,27,0.7777777777777778,1,3,1,0,0,0,1,0,0,1,0,1,0,baixo
7,10000.0,6,0.0,6,2,1,0,0,0,1,0,1,0,0,0,0,medio_baixo
7,10000.0,116,0.7672413793103449,1,7,1,1,0,3,0,0,0,0,0,0,0,alto
7,10000.0,17,0.8235294117647058,1,4,1,0,0,0,1,0,0,1,0,1,1,gratuito
7,35000.0,186,0.7688172043010753,1,3,1,1,1,0,1,1,0,0,1,0,0,medio_alto
2,10000.0,0,0.0,3,3,1,0,0,0,1,0,0,1,0,1,0,baixo
5,10000.0,322,0.7763975155279503,4,6,1,0,0,0,1,0,1,1,1,1,1,medio_alto
2,10000.0,7,0.5714285714285714,7,5,1,0,0,0,0,1,1,0,1,0,1,alto
8,10000.0,2,1.0,1,2,1,0,0,0,1,1,0,0,0,0,0,medio_alto
8,350000.0,2661,0.7993235625704622,10,4,1,1,1,1,1,1,0,1,0,0,0,medio_baixo
2,10000.0,8,1.0,1,6,1,0,0,0,1,1,1,1,0,0,0,medio_baixo
4,10000.0,140,0.9642857142857143,6,3,1,0,0,0,0,1,1,1,0,0,0,medio_alto
8,10000.0,0,0.0,1,3,1,0,0,0,1,1,0,1,0,0,0,medio_baixo
5,10000.0,4,0.75,1,3,1,0,0,0,0,0,0,1,1,0,1,medio_alto
4,10000.0,41,0.5609756097560976,3,2,1,0,0,0,0,0,0,0,0,0,0,alto
4,0.0,0,0.0,0,0,1,0,0,0,0,0,0,0,0,0,0,gratuito
1,75000.0,22,0.5,10,4,1,0,0,0,1,1,1,0,0,0,1,alto
3,10000.0,5,0.8,2,3,1,0,0,0,1,1,0,0,0,0,0,gratuito
9,35000.0,422,0.8033175355450237,1,3,1,0,0,2,0,0,1,1,0,0,1,medio_baixo
2,10000.0,0,0.0,1,2,1,0,0,0,1,0,0,1,0,0,0,baixo
4,0.0,0,0.0,1,4,1,0,0,0,1,1,1,0,0,0,0,gratuito
5,35000.0,205,0.9707317073170731,1,3,1,0,0,1,1,0,1,1,0,0,0,medio_baixo
1,10000.0,105,0.8857142857142857,3,4,1,0,0,0,1,1,1,0,1,0,0,alto
9,35000.0,35,0.4,1,7,1,0,0,0,1,1,1,1,0,1,1,gratuito
5,10000.0,15,0.6666666666666666,1,1,1,0,0,0,0,0,0,1,0,0,0,baixo
1,0.0,0,0.0,1,3,1,0,0,0,1,0,0,0,0,0,1,gratuito
1,0.0,0,0.0,1,4,1,0,0,0,1,1,1,0,0,0,0,gratuito
4,35000.0,73,0.7397260273972602,1,3,1,0,0,0,1,1,0,0,0,0,0,gratuito
6,10000.0,10,0.8,1,3,1,0,0,0,1,1,1,0,0,0,0,baixo
1,10000.0,0,0.0,1,7,1,0,0,0,1,1,1,1,1,0,1,baixo
2,10000.0,70,1.0,1,2,1,1,0,1,1,0,0,0,1,0,0,alto
2,10000.0,2,0.5,21,2,1,0,0,0,1,0,0,1,0,0,0,medio_baixo
3,0.0,0,0.0,2,4,1,1,0,0,1,0,0,1,0,0,0,gratuito
2,0.0,0,0.0,0,0,1,0,0,0,0,0,0,0,0,0,0,gratuito
2,0.0,0,0.0,1,7,1,0,0,0,0,0,1,1,1,1,0,gratuito
1,0.0,0,0.0,1,2,1,0,0,0,1,0,1,0,0,0,0,medio_alto
8,10000.0,3,0.3333333333333333,1,4,1,0,0,0,1,1,1,1,0,0,0,alto
5,0.0,0,0.0,1,3,1,0,0,0,0,0,0,0,1,1,0,gratuito
5,10000.0,22,0.6818181818181818,10,4,1,0,0,0,1,0,0,1,0,1,1,baixo
5,10000.0,0,0.0,4,2,1,1,0,0,1,0,1,0,0,0,0,medio_baixo
3,10000.0,56,0.6607142857142857,1,4,1,1,0,0,1,0,1,1,0,1,0,medio_alto
1,10000.0,5,0.4,1,2,1,0,0,0,0,0,0,1,0,0,1,medio_alto
1,0.0,0,0.0,0,0,1,0,0,0,0,0,0,0,0,0,0,gratuito
6,35000.0,1,1.0,1,2,1,0,0,0,1,0,0,0,0,1,0,medio_alto
8,10000.0,107,0.3177570093457944,1,4,1,0,0,0,1,1,1,1,0,0,0,baixo
2,10000.0,10,1.0,1,3,1,0,0,0,1,1,0,0,1,0,0,medio_baixo
11,35000.0,459,0.8453159041394336,6,1,1,1,1,1,1,0,0,0,0,0,0,baixo
8,35000.0,369,0.8536585365853658,1,1,1,0,0,0,0,0,0,1,0,0,0,baixo
6,350000.0,7,0.7142857142857143,1,3,1,0,0,0,1,1,0,1,0,0,0,baixo
2,0.0,0,0.0,1,3,1,0,0,0,0,0,0,0,1,0,0,gratuito
2,10000.0,0,0.0,1,4,1,0,0,0,1,1,0,1,0,0,1,baixo
7,35000.0,5,1.0,1,3,1,0,0,0,1,0,1,0,1,0,0,baixo
8,10000.0,0,0.0,1,4,1,0,0,0,1,1,0,1,0,1,0,medio_baixo
4,10000.0,48,0.8541666666666666,5,4,1,0,0,0,1,1,1,1,0,0,0,baixo
8,10000.0,3,0.6666666666666666,1,2,1,0,0,0,1,1,0,0,0,0,0,medio_baixo
1,10000.0,0,0.0,13,3,1,0,0,0,0,1,1,0,1,0,0,alto
8,35000.0,71,0.7183098591549296,9,1,1,0,0,9,0,0,1,0,0,0,0,medio_alto
3,10000.0,0,0.0,2,5,1,0,0,0,1,0,1,1,0,0,1,alto
12,1500000.0,28236,0.9167729140104831,10,2,1,1,1,42,1,0,0,0,0,1,0,gratuito
6,10000.0,4,0.75,1,2,1,0,0,0,0,0,1,1,0,0,0,medio_alto
10,10000.0,65,0.6153846153846154,1,5,1,0,0,1,1,1,1,0,1,0,1,medio_baixo
1,10000.0,0,0.0,15,7,1,0,0,2,1,1,1,0,1,1,1,alto
5,10000.0,2,0.0,1,2,1,0,0,0,1,0,0,1,0,0,0,alto
6,10000.0,3,0.3333333333333333,4,1,1,0,0,0,0,1,0,0,0,0,0,medio_alto
6,10000.0,13,0.7692307692307693,1,2,1,0,0,0,0,0,1,1,0,0,0,medio_alto
4,10000.0,3,0.0,10,3,1,0,0,0,1,0,0,1,0,0,0,medio_alto
2,10000.0,2,1.0,1,5,1,1,1,0,0,1,1,1,0,1,0,medio_alto
2,10000.0,1,0.0,1,3,1,0,0,0,1,0,1,0,0,0,0,medio_alto
13,75000.0,3,0.6666666666666666,10,2,1,0,0,0,0,0,0,0,1,1,0,gratuito
1,10000.0,22,0.8181818181818182,3,4,1,0,0,0,1,1,1,0,0,0,1,baixo
2,0.0,0,0.0,0,0,1,0,0,0,0,0,0,0,0,0,0,gratuito
1,0.0,0,0.0,3,5,1,0,0,0,1,1,0,1,0,1,0,medio_alto
8,150000.0,1223,0.6860179885527392,11,3,1,0,0,0,1,1,1,0,0,0,0,alto
10,7500000.0,207279,0.9552390739052196,10,1,1,0,0,1,0,1,0,0,0,0,0,medio_alto
1,10000.0,0,0.0,16,3,1,0,0,1,1,1,0,0,0,1,0,alto
4,0.0,0,0.0,1,2,1,0,0,0,0,0,0,0,0,0,1,gratuito
1,10000.0,0,0.0,1,3,1,0,0,0,1,1,1,0,0,0,0,medio_baixo
1,0.0,0,0.0,1,4,1,0,0,0,1,0,1,1,1,0,0,medio_alto
8,10000.0,19,0.7368421052631579,2,3,1,0,0,1,1,1,0,0,0,0,0,gratuito
3,10000.0,1,1.0,1,1,1,0,0,1,1,0,0,0,0,0,0,medio_baixo
7,10000.0,21,0.42857142857142855,28,4,1,1,1,0,1,1,0,1,0,1,0,baixo
3,10000.0,0,0.0,1,5,1,0,0,0,1,0,0,1,0,0,1,medio_baixo
1,10000.0,0,0.0,1,3,1,0,0,0,1,0,0,1,0,0,1,medio_alto
5,0.0,0,0.0,0,0,1,0,0,0,0,0,0,0,0,0,0,gratuito
1,10000.0,12,1.0,1,3,1,0,0,0,1,0,1,1,0,0,0,medio_baixo
2,10000.0,51,0.6862745098039216,6,2,1,0,0,0,1,0,1,0,0,0,0,baixo
3,10000.0,12,1.0,2,3,1,0,0,0,1,0,1,1,0,0,0,medio_baixo
1,10000.0,0,0.0,1,3,1,1,1,0,0,0,1,1,0,0,1,medio_alto
1,0.0,0,0.0,1,4,1,0,0,0,1,1,0,1,0,0,0,gratuito
2,10000.0,24,0.6666666666666666,17,3,1,0,0,0,1,1,0,0,0,0,0,gratuito
5,10000.0,3,0.6666666666666666,2,2,1,0,0,0,1,0,1,0,0,0,0,medio_alto
3,0.0,0,0.0,103,1,1,0,0,0,0,0,0,1,0,0,0,baixo
2,10000.0,6,1.0,1,3,1,1,1,0,1,1,1,0,0,0,0,medio_alto
3,10000.0,2,1.0,2,4,1,0,0,3,0,0,1,0,1,1,1,alto
10,75000.0,136,0.4411764705882353,1,1,1,0,0,0,0,0,0,1,0,0,0,medio_baixo
5,10000.0,16,0.4375,1,4,1,0,0,0,1,1,0,1,0,0,1,baixo
1,0.0,0,0.0,2,4,1,1,0,0,1,0,1,0,0,1,0,gratuito
1,10000.0,6,1.0,1,3,1,0,0,0,1,1,0,1,0,0,0,medio_baixo
9,10000.0,85,0.9058823529411765,2,1,1,0,0,0,0,0,0,1,0,0,0,alto
4,0.0,0,0.0,2,2,1,0,0,0,0,0,1,0,0,0,0,gratuito
10,1500000.0,17843,0.931289581348428,6,4,1,1,1,1,1,1,1,0,1,0,0,alto
5,35000.0,171,0.9064327485380117,1,1,1,0,0,1,1,0,0,0,0,0,0,baixo
8,10000.0,1,0.0,1,4,1,0,0,0,1,1,1,0,0,0,0,medio_alto
3,10000.0,22,0.5909090909090909,2,3,1,0,0,0,1,0,0,0,1,0,1,medio_baixo
4,10000.0,0,0.0,2,4,1,1,1,0,1,0,1,1,0,0,1,medio_alto
5,35000.0,1,1.0,1,3,1,0,0,0,1,0,1,1,0,0,0,medio_baixo
11,35000.0,72,0.7638888888888888,1,2,1,1,1,0,1,1,0,0,0,0,0,medio_alto
1,0.0,0,0.0,0,0,1,0,0,0,0,0,0,0,0,0,0,gratuito
2,10000.0,1,1.0,1,3,1,0,0,0,0,0,0,1,0,1,1,baixo
4,75000.0,4739,0.9898712808609411,5,4,1,0,0,1,1,1,1,1,0,0,0,alto
1,0.0,0,0.0,3,3,1,0,0,0,1,1,0,1,0,0,0,medio_alto
1,0.0,0,0.0,11,4,1,1,0,0,1,0,0,1,0,1,1,medio_baixo
9,10000.0,42,0.8095238095238095,1,1,1,1,1,0,0,1,0,0,0,0,0,alto
3,10000.0,2,0.5,2,3,1,0,0,0,1,1,0,1,0,0,0,medio_baixo
6,10000.0,4,0.25,1,3,1,1,1,0,1,0,0,1,0,0,1,medio_alto
10,35000.0,12,0.25,1,4,1,0,0,0,1,1,1,0,0,0,1,medio_alto
3,10000.0,0,0.0,1,3,1,0,0,0,1,1,1,0,0,0,0,gratuito
2,0.0,0,0.0,0,0,1,0,0,0,0,0,0,0,0,0,0,gratuito
8,35000.0,172,0.6627906976744186,1,3,1,0,0,0,0,0,0,0,1,0,0,gratuito
6,10000.0,32,0.8125,2,4,1,0,0,0,1,1,1,1,0,0,0,alto
2,10000.0,13,0.7692307692307693,1,2,1,0,0,0,1,0,1,0,0,0,0,medio_alto
4,35000.0,574,0.8989547038327527,7,3,1,1,0,1,1,0,0,1,0,1,0,alto
10,0.0,0,0.0,5,2,1,1,1,0,1,0,1,0,0,0,0,baixo
2,10000.0,2,1.0,1,2,1,0,0,0,1,0,0,0,0,0,0,medio_alto
2,0.0,0,0.0,5,4,1,0,0,2,1,0,0,1,0,0,0,gratuito
4,10000.0,8,0.375,2,5,1,0,0,0,1,0,1,0,1,1,0,alto
4,10000.0,0,0.0,1,3,1,1,0,0,1,1,1,0,0,0,0,medio_baixo
3,35000.0,587,0.7751277683134583,6,2,1,0,0,1,1,0,1,0,0,0,0,medio_alto
2,10000.0,77,0.948051948051948,5,1,1,0,0,1,0,0,0,0,0,1,0,alto
10,10000.0,7,0.8571428571428571,1,1,1,1,1,1,1,0,0,0,0,0,0,alto
5,75000.0,708,0.7923728813559322,1,3,1,0,0,0,1,0,1,0,0,0,0,baixo
8,10000.0,12,1.0,1,2,1,0,0,0,1,1,0,0,0,0,0,medio_alto
1,0.0,0,0.0,27,3,1,1,1,0,1,1,1,0,0,0,0,medio_baixo
1,0.0,0,0.0,1,2,1,0,0,0,1,1,0,0,0,0,0,medio_baixo
1,10000.0,37,0.10810810810810811,1,5,1,0,0,0,1,1,0,0,0,0,0,medio_baixo
8,35000.0,29,0.6206896551724138,1,3,1,0,0,0,0,0,0,1,0,1,0,gratuito
17,150000.0,1193,0.9178541492036881,5,1,1,1,0,0,0,0,1,0,0,0,0,medio_baixo
6,10000.0,4,1.0,1,3,1,0,0,0,1,1,1,0,0,0,0,medio_baixo
11,75000.0,356,0.8342696629213483,1,2,1,0,1,1,1,1,0,0,0,0,0,medio_baixo
7,10000.0,0,0.0,1,2,1,0,0,0,0,0,0,0,0,0,0,alto
2,10000.0,7,0.8571428571428571,9,2,1,0,0,0,1,1,0,0,0,0,0,medio_baixo
4,10000.0,38,0.7894736842105263,1,3,1,0,0,0,0,1,1,0,1,0,0,medio_baixo
2,0.0,0,0.0,0,0,1,0,0,0,0,0,0,0,0,0,0,gratuito
5,10000.0,3,1.0,2,2,1,0,0,0,1,0,1,0,0,0,0,medio_baixo
8,10000.0,85,0.7529411764705882,103,5,1,0,0,0,1,0,1,1,0,1,1,baixo
1,0.0,0,0.0,1,4,1,0,0,0,1,1,1,0,0,0,0,gratuito
3,0.0,0,0.0,1,4,1,1,0,0,1,1,1,0,0,0,0,gratuito
4,0.0,0,0.0,0,0,1,0,0,0,0,0,0,0,0,0,0,gratuito
3,10000.0,5,0.8,1,4,1,0,0,0,1,0,1,0,0,0,1,alto
2,0.0,0,0.0,4,4,1,1,1,1,1,0,1,0,0,0,1,gratuito
2,10000.0,2,1.0,1,3,1,0,0,0,1,0,1,1,0,0,0,baixo
6,35000.0,8,0.875,3,3,1,0,0,0,1,1,1,0,0,0,0,baixo
7,35000.0,458,0.925764192139738,5,3,1,1,1,0,1,0,1,1,0,0,0,medio_alto
7,10000.0,10,0.7,1,3,1,0,0,0,1,1,1,0,0,0,0,alto
6,35000.0,24,0.7916666666666666,1,6,1,0,0,0,0,1,0,1,0,0,1,gratuito
4,10000.0,25,0.88,4,4,1,0,0,0,1,1,1,0,1,0,0,alto
4,10000.0,131,0.7633587786259542,1,3,1,1,0,1,1,0,1,0,1,0,0,alto
5,10000.0,30,0.6,2,3,1,0,0,0,1,0,0,1,0,1,0,baixo
2,10000.0,14,0.9285714285714286,2,2,1,0,0,0,1,0,1,0,0,0,0,medio_alto
5,10000.0,0,0.0,1,2,1,0,0,0,1,0,1,0,0,0,0,medio_baixo
1,10000.0,0,0.0,9,4,1,0,0,0,1,1,1,1,0,0,0,medio_baixo
10,75000.0,730,0.8931506849315068,1,3,1,0,0,0,1,1,0,0,0,0,1,baixo
2,10000.0,55,0.8,6,1,1,0,0,1,0,0,0,0,1,0,0,alto
2,10000.0,1,0.0,2,2,1,0,0,0,0,0,0,1,0,1,0,medio_alto
3,0.0,0,0.0,1,5,1,0,0,0,1,1,1,0,1,0,0,gratuito
1,0.0,0,0.0,1,5,1,0,0,0,1,1,1,0,1,1,0,alto
1,10000.0,3,1.0,1,2,1,0,0,0,1,0,0,0,1,0,0,medio_alto
5,10000.0,11,0.7272727272727273,1,4,1,0,0,0,1,0,1,1,1,0,0,medio_baixo
8,10000.0,35,0.45714285714285713,1,2,1,0,0,0,0,1,0,1,0,0,0,baixo
1,0.0,0,0.0,1,2,1,0,0,0,0,0,0,0,0,1,1,gratuito
14,750000.0,3916,0.8414198161389173,1,3,1,1,0,0,1,1,1,0,0,0,0,baixo
1,10000.0,0,0.0,1,2,1,0,0,0,0,0,0,0,1,0,0,alto
5,150000.0,858,0.7214452214452215,1,7,1,1,1,0,1,1,1,1,1,0,1,gratuito
2,10000.0,34,0.7941176470588235,26,4,1,0,0,0,1,1,1,1,0,0,0,medio_baixo
6,75000.0,1026,0.9230019493177388,4,5,1,0,0,0,1,0,1,1,1,0,0,gratuito
1,0.0,0,0.0,2,2,1,1,0,0,0,0,0,1,0,0,0,gratuito
5,0.0,0,0.0,0,0,1,0,0,0,0,0,0,0,0,0,0,gratuito
3,10000.0,0,0.0,1,3,1,0,0,0,1,0,0,0,0,0,1,medio_baixo
2,0.0,0,0.0,0,0,1,0,0,0,0,0,0,0,0,0,0,gratuito
1,10000.0,26,1.0,8,3,1,0,0,1,1,0,1,0,0,0,0,medio_alto
1,10000.0,110,0.9181818181818182,1,3,1,0,0,0,1,0,0,0,0,1,0,medio_alto
11,10000.0,12,0.9166666666666666,3,2,1,1,0,0,1,1,0,0,0,0,0,alto
2,10000.0,0,0.0,1,4,1,1,1,0,1,1,0,1,0,0,0,medio_alto
3,0.0,0,0.0,0,0,1,0,0,0,0,0,0,0,0,0,0,gratuito
4,10000.0,38,0.6578947368421053,5,4,1,0,0,0,1,0,0,1,0,1,1,medio_alto
3,10000.0,6,0.5,1,3,1,0,0,0,1,0,0,1,0,0,0,baixo
4,75000.0,43,0.8604651162790697,1,3,1,0,0,0,1,1,0,0,0,1,0,medio_baixo
9,10000.0,227,0.5770925110132159,3,3,1,0,0,0,1,1,0,0,0,0,1,alto
2,10000.0,2,1.0,1,2,1,0,0,0,1,0,0,1,0,0,0,baixo
2,10000.0,0,0.0,4,2,1,0,0,0,0,0,0,1,1,0,0,medio_alto
4,10000.0,42,0.9761904761904762,103,1,1,0,0,1,0,0,0,1,0,0,0,baixo
8,10000.0,1,1.0,2,3,1,0,0,0,0,0,0,0,1,1,0,alto
2,75000.0,697,0.8321377331420373,6,2,1,0,0,0,1,1,0,0,0,0,0,medio_alto
10,10000.0,100,0.59,1,3,1,1,1,0,1,1,1,0,0,0,0,medio_alto
3,10000.0,2,1.0,1,1,1,0,1,0,0,0,0,1,0,0,0,medio_baixo
8,10000.0,5,0.4,1,4,1,0,0,0,1,1,0,1,0,0,0,baixo
7,10000.0,0,0.0,29,2,1,0,0,0,1,0,0,0,0,0,1,baixo
6,150000.0,611,0.8772504091653028,1,2,1,1,1,0,1,0,1,0,0,0,0,gratuito
7,10000.0,4,0.25,1,2,1,0,0,0,1,1,0,0,0,0,0,baixo
2,10000.0,191,0.7382198952879581,9,2,1,0,0,0,1,1,0,0,0,0,0,medio_alto
5,10000.0,1,1.0,1,2,1,0,0,0,0,0,0,0,0,0,1,medio_baixo
4,35000.0,73,0.9041095890410958,1,3,1,1,1,2,1,0,0,1,0,0,1,gratuito
2,10000.0,0,0.0,10,2,1,0,0,0,1,0,0,1,0,0,0,medio_baixo
1,10000.0,1,1.0,9,1,1,0,0,0,0,1,0,0,0,0,0,baixo
3,10000.0,0,0.0,1,3,1,0,0,0,1,1,0,1,0,0,0,baixo
2,10000.0,154,0.7467532467532467,8,3,1,0,0,7,0,0,1,0,1,1,0,alto
1,10000.0,0,0.0,1,2,1,0,0,0,1,1,0,0,0,0,0,medio_baixo
3,35000.0,6,1.0,27,4,1,0,0,0,1,0,0,1,0,1,0,baixo
6,350000.0,20882,0.9857293362704722,4,2,1,0,0,1,0,0,1,1,0,0,0,alto
1,0.0,0,0.0,1,2,1,0,0,0,0,1,1,0,0,0,0,alto
4,35000.0,27,0.9259259259259259,1,3,1,0,0,0,1,1,0,0,0,0,0,baixo
3,0.0,0,0.0,0,0,1,0,0,0,0,0,0,0,0,0,0,gratuito
10,35000.0,96,0.8645833333333334,2,2,1,0,1,0,1,0,0,0,0,0,1,medio_baixo
1,10000.0,44,0.6590909090909091,8,3,1,0,0,3,1,0,0,0,0,1,1,alto
19,1500000.0,1138,0.9182776801405975,1,2,1,0,0,0,0,1,0,0,0,1,0,medio_alto
7,10000.0,4,1.0,1,4,1,0,0,0,1,1,0,1,0,1,0,baixo
1,0.0,0,0.0,103,5,1,0,0,0,1,1,1,1,1,0,0,medio_baixo
1,0.0,0,0.0,30,1,1,0,0,0,0,0,0,0,1,0,0,medio_baixo
2,10000.0,51,0.7450980392156863,3,2,1,0,0,0,1,0,0,1,0,0,0,alto
5,10000.0,0,0.0,1,2,1,0,0,1,1,0,0,1,0,0,0,baixo
11,150000.0,839,0.9070321811680572,1,1,1,1,1,0,1,0,0,0,0,0,0,gratuito
8,35000.0,202,0.5891089108910891,2,4,1,0,0,1,1,1,1,0,1,0,0,medio_baixo
2,10000.0,1,0.0,6,5,1,0,0,0,1,1,1,0,1,0,0,baixo
2,10000.0,3,0.0,2,3,1,0,0,0,1,1,1,0,0,0,0,medio_baixo
4,10000.0,63,0.9682539682539683,11,4,1,0,0,1,1,0,1,1,0,1,0,medio_alto
3,0.0,0,0.0,1,1,1,0,0,0,0,1,0,0,0,0,0,gratuito
1,10000.0,0,0.0,1,1,1,0,0,0,0,0,0,1,0,0,0,medio_baixo
9,10000.0,147,0.35374149659863946,2,2,1,0,0,0,0,0,0,0,0,1,0,medio_alto
8,10000.0,7,0.8571428571428571,1,3,1,0,0,0,1,1,0,1,0,0,0,medio_baixo
1,0.0,0,0.0,0,0,1,0,0,0,0,0,0,0,0,0,0,gratuito
1,0.0,0,0.0,1,2,1,1,0,1,1,0,0,0,0,0,0,gratuito
6,10000.0,1,1.0,3,5,1,0,0,0,1,1,1,1,0,0,0,medio_baixo
1,10000.0,0,0.0,1,1,1,0,0,2,0,0,0,0,1,0,0,alto
2,10000.0,0,0.0,5,2,1,0,0,0,0,1,0,1,0,0,0,medio_alto
8,10000.0,6,1.0,1,1,1,0,0,0,1,0,0,0,0,0,0,medio_alto
2,0.0,0,0.0,1,5,1,0,0,0,1,1,1,1,0,0,0,gratuito
8,150000.0,186,0.7741935483870968,2,3,1,0,0,1,1,0,1,1,0,0,0,baixo
1,0.0,0,0.0,1,1,1,0,0,0,0,0,1,0,0,0,0,gratuito
8,10000.0,5,0.8,1,2,1,0,0,0,1,1,0,0,0,0,0,alto
2,0.0,0,0.0,0,0,1,0,0,0,0,0,0,0,0,0,0,gratuito
8,10000.0,2,0.5,1,3,1,0,0,0,0,0,0,0,0,0,1,medio_alto
8,10000.0,6,0.3333333333333333,1,2,1,0,0,0,1,0,0,0,0,0,1,alto
5,10000.0,355,0.7661971830985915,1,4,1,0,0,0,0,1,0,0,0,1,1,alto
2,10000.0,0,0.0,18,2,1,1,0,0,0,0,0,1,1,0,0,medio_alto
6,10000.0,0,0.0,7,4,1,1,1,0,0,1,0,1,0,0,1,gratuito
8,10000.0,133,0.6992481203007519,1,3,1,0,0,0,1,1,0,0,1,0,0,medio_baixo
10,10000.0,6,0.6666666666666666,1,2,1,0,0,0,1,1,0,0,0,0,0,baixo
3,35000.0,480,0.86875,8,2,1,0,0,0,1,0,1,0,0,0,0,medio_baixo
3,0.0,0,0.0,0,0,1,0,0,0,0,0,0,0,0,0,0,gratuito
7,10000.0,7,0.42857142857142855,1,3,1,0,0,0,1,1,0,0,1,0,0,baixo
1,10000.0,0,0.0,16,3,1,0,0,0,1,1,1,0,0,0,0,alto
7,10000.0,318,0.8710691823899371,4,1,1,0,0,0,0,0,1,0,0,0,0,alto
3,0.0,0,0.0,1,3,1,0,0,0,1,1,0,0,0,0,0,gratuito
2,35000.0,4,1.0,1,1,1,1,0,0,0,0,0,0,1,0,0,medio_baixo
1,35000.0,2,1.0,1,3,1,0,0,0,1,1,0,0,1,0,0,medio_alto
5,10000.0,19,0.7368421052631579,2,4,1,0,0,1,1,1,1,1,0,0,0,baixo
8,35000.0,358,0.840782122905028,9,2,1,1,1,1,1,1,0,0,0,0,0,baixo
6,10000.0,12,0.5,2,2,1,0,0,0,1,0,0,1,0,0,0,medio_alto
2,10000.0,1,1.0,1,4,1,0,0,0,1,1,1,0,0,0,0,alto
9,10000.0,51,0.803921568627451,1,5,1,0,0,0,1,0,1,0,1,0,0,baixo
2,10000.0,3,1.0,1,2,1,0,0,0,1,0,0,1,0,0,0,baixo
1,0.0,0,0.0,2,3,1,0,0,1,1,0,0,0,0,1,0,gratuito
5,10000.0,74,0.7432432432432432,7,2,1,0,0,1,1,1,0,0,0,0,0,alto
3,10000.0,10,0.7,1,1,1,0,0,0,0,0,0,0,0,1,0,baixo
1,0.0,0,0.0,2,1,1,1,1,0,0,0,0,1,0,0,0,gratuito
5,35000.0,2,1.0,2,2,1,0,0,0,0,0,1,0,0,1,0,medio_alto
6,10000.0,109,0.9908256880733946,2,4,1,0,0,0,1,1,0,1,0,0,0,baixo
5,10000.0,0,0.0,1,3,1,0,0,0,1,1,1,0,0,0,0,medio_baixo
2,10000.0,9,0.7777777777777778,4,3,1,1,1,0,1,1,1,0,0,0,0,medio_baixo
1,0.0,0,0.0,1,4,1,0,0,0,1,1,1,0,0,0,1,alto
3,10000.0,11,0.8181818181818182,20,7,1,0,0,0,1,1,1,1,0,1,0,alto
10,150000.0,1300,0.8676923076923077,1,4,1,1,1,0,1,0,0,0,1,0,1,gratuito
3,75000.0,23,0.5652173913043478,103,7,1,0,0,0,0,1,1,1,1,1,1,baixo
2,10000.0,0,0.0,12,3,1,0,0,3,1,0,1,1,0,0,0,medio_baixo
3,10000.0,13,1.0,14,4,1,0,0,0,1,1,0,1,0,1,0,medio_baixo
4,10000.0,2,1.0,1,2,1,0,1,0,1,1,0,0,0,0,0,alto
5,0.0,0,0.0,0,0,1,0,0,0,0,0,0,0,0,0,0,gratuito
4,10000.0,0,0.0,2,1,1,1,1,0,0,0,0,1,0,0,0,medio_baixo
3,10000.0,86,0.627906976744186,1,5,1,0,0,0,1,1,1,1,0,0,1,baixo
3,0.0,0,0.0,1,5,1,0,0,0,0,1,1,0,1,0,0,gratuito
2,35000.0,7,0.8571428571428571,1,3,1,0,0,0,1,1,1,0,0,0,0,medio_alto
6,1500000.0,7138,0.7660409078173158,8,2,1,0,0,2,0,1,0,0,1,0,0,alto
3,10000.0,22,0.9090909090909091,2,3,1,0,0,0,1,0,0,0,1,1,0,baixo
1,150000.0,3615,0.9532503457814662,1,3,1,0,0,0,0,0,0,0,0,0,1,alto
10,35000.0,245,0.889795918367347,2,2,1,0,0,0,1,0,0,0,1,0,0,medio_baixo
3,10000.0,0,0.0,1,3,1,0,0,0,1,0,0,0,0,1,1,medio_baixo
1,0.0,0,0.0,10,3,1,0,0,0,1,0,1,0,0,0,1,medio_baixo
1,10000.0,0,0.0,1,1,1,0,0,1,0,0,1,0,0,0,0,alto
2,10000.0,1,1.0,1,4,1,0,0,0,1,0,1,1,0,1,0,alto
1,35000.0,474,0.6265822784810127,8,4,1,0,0,0,1,1,1,0,0,0,1,alto
4,75000.0,2,1.0,4,4,1,0,0,0,1,1,0,0,0,0,0,alto
1,10000.0,5,1.0,6,2,1,0,0,0,1,1,0,0,0,0,0,medio_alto
2,0.0,0,0.0,0,0,1,0,0,0,0,0,0,0,0,0,0,gratuito
2,10000.0,9,1.0,1,2,1,0,0,0,1,0,1,0,0,0,0,baixo
5,10000.0,6,0.8333333333333334,5,2,1,0,0,0,0,1,0,0,0,0,1,baixo
4,10000.0,3486,0.8588640275387264,10,3,1,0,0,2,1,1,1,0,0,0,0,alto
10,10000.0,12,0.5833333333333334,1,3,1,1,0,0,1,0,1,0,0,0,1,baixo
1,150000.0,2190,0.6593607305936073,9,3,1,0,0,8,0,0,0,0,1,0,1,alto
3,0.0,0,0.0,0,0,1,0,0,0,0,0,0,0,0,0,0,gratuito
5,35000.0,145,0.896551724137931,2,3,1,0,0,0,1,1,0,0,1,0,0,medio_baixo
4,0.0,0,0.0,10,5,1,1,1,0,0,1,0,1,0,0,1,gratuito
4,0.0,0,0.0,0,0,1,0,0,0,0,0,0,0,0,0,0,gratuito
5,10000.0,0,0.0,1,2,1,0,0,2,1,0,0,1,0,0,0,baixo
3,10000.0,102,0.8627450980392157,10,5,1,1,0,0,1,0,1,1,0,0,0,baixo
9,10000.0,11,0.9090909090909091,7,2,1,0,0,0,1,0,0,1,0,0,0,medio_baixo
5,10000.0,18,0.5555555555555556,1,3,1,0,0,0,0,0,0,0,0,0,0,alto
2,75000.0,1312,0.6425304878048781,10,2,1,0,0,2,0,1,0,0,0,0,0,alto
2,0.0,0,0.0,0,0,1,0,0,0,0,0,0,0,0,0,0,gratuito
7,10000.0,47,0.8936170212765957,1,2,1,1,0,0,1,1,0,0,0,0,0,alto
5,10000.0,17,0.8235294117647058,8,3,1,0,0,0,1,0,0,1,0,0,0,medio_baixo
2,10000.0,605,0.9884297520661157,1,2,1,0,0,0,1,0,1,0,0,0,0,medio_baixo
4,10000.0,46,0.8913043478260869,2,5,1,1,1,0,1,1,1,0,0,1,0,gratuito
1,10000.0,0,0.0,4,6,1,0,0,1,1,0,1,1,1,0,1,medio_alto
1,0.0,0,0.0,103,2,1,0,0,0,1,1,0,0,0,0,0,medio_baixo
2,0.0,0,0.0,0,0,1,0,0,0,0,0,0,0,0,0,0,gratuito
6,35000.0,312,0.7948717948717948,26,2,1,1,0,0,0,0,0,1,0,0,0,gratuito
1,0.0,0,0.0,0,0,1,0,0,0,0,0,0,0,0,0,0,gratuito
1,35000.0,1,0.0,1,1,1,0,0,0,0,1,0,0,0,0,0,baixo
3,10000.0,7,0.8571428571428571,4,3,1,0,0,0,1,0,1,1,0,0,0,medio_baixo
12,350000.0,339,0.49557522123893805,2,2,1,0,0,1,0,0,0,0,1,1,0,medio_alto
2,0.0,0,0.0,1,3,1,0,0,0,1,0,1,0,1,0,0,gratuito
4,10000.0,23,0.7391304347826086,103,1,1,0,0,0,0,1,0,0,0,0,0,baixo
2,10000.0,3,1.0,1,1,1,0,0,0,0,1,0,0,0,0,0,medio_baixo
3,10000.0,207,0.9468599033816425,10,4,1,0,0,0,1,0,0,0,0,0,1,alto
1,0.0,0,0.0,0,0,1,0,0,0,0,0,0,0,0,0,0,gratuito
4,0.0,0,0.0,0,0,1,0,0,0,0,0,0,0,0,0,0,gratuito
1,10000.0,0,0.0,3,1,1,0,0,0,1,0,0,0,0,0,0,medio_baixo
1,10000.0,0,0.0,1,5,1,1,1,0,1,1,1,1,1,0,0,medio_alto
2,0.0,0,0.0,1,5,1,0,0,0,0,0,0,1,1,1,1,gratuito
1,10000.0,1,1.0,1,1,1,0,0,0,0,1,0,0,0,0,0,medio_alto
13,150000.0,1818,0.8371837183718371,1,2,1,0,0,0,1,1,0,0,0,0,0,medio_alto
4,10000.0,5,1.0,2,4,1,0,0,0,1,0,1,0,1,1,0,medio_baixo
2,10000.0,36,0.8888888888888888,1,2,1,1,0,0,1,0,1,0,0,0,0,medio_baixo
8,10000.0,32,0.75,2,1,1,0,0,0,0,1,0,0,0,0,0,alto
1,0.0,0,0.0,0,0,1,0,0,0,0,0,0,0,0,0,0,gratuito
4,10000.0,105,0.8380952380952381,8,2,1,0,0,0,1,0,1,0,0,0,0,baixo
3,0.0,0,0.0,1,2,1,0,0,1,0,1,0,0,0,0,0,gratuito
16,75000.0,112,0.6785714285714286,1,2,1,1,0,0,1,0,1,0,0,0,0,medio_alto
2,10000.0,0,0.0,1,6,1,0,0,0,1,1,1,1,0,0,1,baixo
1,0.0,0,0.0,5,3,1,0,0,0,1,0,0,0,1,0,1,alto
4,10000.0,12,0.9166666666666666,1,1,1,0,0,0,0,0,0,0,0,0,0,baixo
1,10000.0,0,0.0,1,3,1,0,0,6,0,0,1,1,1,0,0,baixo
6,10000.0,15,0.8666666666666667,1,1,1,1,0,0,0,1,0,0,0,0,0,medio_baixo
12,75000.0,324,0.75,6,2,1,1,1,1,1,0,1,0,0,0,0,medio_alto
7,150000.0,1672,0.7589712918660287,11,1,1,1,1,0,0,0,0,0,0,1,0,medio_baixo
3,10000.0,12,1.0,1,2,1,1,0,0,0,1,0,0,0,0,0,baixo
6,10000.0,4,0.25,1,3,1,0,0,0,1,0,0,1,0,0,0,baixo
1,10000.0,0,0.0,12,2,1,0,0,0,0,1,0,0,0,0,0,medio_alto
12,10000.0,82,0.6341463414634146,7,1,1,0,0,0,0,0,0,0,0,0,0,medio_baixo
5,10000.0,2,1.0,2,3,1,0,0,0,1,0,0,1,0,1,0,baixo
2,10000.0,0,0.0,1,2,1,1,1,0,1,0,0,1,0,0,0,baixo
1,0.0,0,0.0,1,4,1,0,0,0,1,0,1,1,0,0,0,gratuito
11,35000.0,53,0.7358490566037735,1,2,1,0,0,0,0,0,0,0,0,1,1,medio_baixo
3,10000.0,0,0.0,1,3,1,0,0,0,1,0,0,1,0,0,1,baixo
1,10000.0,409,0.9144254278728606,7,2,1,0,0,0,0,0,1,0,1,0,0,alto
3,10000.0,2,1.0,1,1,1,1,1,0,1,0,0,0,0,0,0,baixo
4,10000.0,0,0.0,1,2,1,1,0,0,1,0,0,1,0,0,0,medio_baixo
3,10000.0,19,0.6842105263157895,1,2,1,0,0,0,1,0,0,1,0,0,0,gratuito
6,10000.0,0,0.0,5,2,1,0,0,0,0,0,1,0,0,0,0,gratuito
6,75000.0,160,0.79375,5,2,1,1,0,1,1,0,1,0,0,0,0,baixo
3,10000.0,1,0.0,28,4,1,0,0,0,1,1,0,0,0,0,0,medio_baixo
1,0.0,0,0.0,0,0,1,0,0,0,0,0,0,0,0,0,0,gratuito
8,75000.0,262,0.5534351145038168,1,1,1,1,0,0,0,0,0,0,0,0,1,gratuito
4,10000.0,57,0.7543859649122807,1,2,1,0,0,0,0,0,0,0,0,1,1,baixo
1,10000.0,0,0.0,1,3,1,0,0,0,1,1,0,1,0,0,0,baixo
1,10000.0,4,1.0,7,3,1,0,0,0,1,0,1,0,0,0,1,medio_alto
1,10000.0,0,0.0,3,1,1,0,0,0,1,0,0,0,0,0,0,medio_alto
1,10000.0,0,0.0,27,2,1,1,1,0,1,0,0,0,0,0,1,baixo
4,10000.0,4,1.0,1,3,1,0,0,0,1,1,0,1,0,0,0,baixo
3,10000.0,30,1.0,2,1,1,0,0,0,1,0,0,0,0,0,0,alto
2,10000.0,10,1.0,1,3,1,0,0,0,1,0,0,1,0,0,1,medio_alto
5,0.0,0,0.0,0,0,1,0,0,0,0,0,0,0,0,0,0,gratuito
5,10000.0,11,0.5454545454545454,1,5,1,0,0,0,1,1,0,0,0,1,1,medio_alto
4,10000.0,10,1.0,3,3,1,0,0,0,1,0,1,0,1,0,0,baixo
3,10000.0,0,0.0,1,3,1,0,1,0,1,1,0,1,0,0,0,gratuito
8,10000.0,26,0.4230769230769231,1,5,1,0,1,0,1,0,1,1,0,1,1,medio_baixo
7,35000.0,43,0.9534883720930233,1,2,1,0,0,0,1,0,0,0,1,0,0,gratuito
2,0.0,0,0.0,2,4,1,0,0,0,1,0,0,1,0,0,1,gratuito
4,10000.0,29,0.8620689655172413,1,3,1,0,0,0,1,0,1,1,0,0,0,medio_baixo
2,10000.0,46,0.8478260869565217,2,3,1,0,0,0,1,0,0,1,0,0,1,baixo
6,10000.0,22,0.7727272727272727,6,4,1,0,0,0,1,0,0,1,0,1,1,medio_baixo
2,10000.0,2,1.0,1,2,1,0,0,0,1,0,0,1,0,0,0,alto
2,10000.0,1,1.0,3,3,1,0,0,0,0,0,0,0,0,0,1,medio_alto
1,150000.0,5,1.0,1,4,1,0,0,0,1,0,0,0,1,1,0,medio_alto
1,10000.0,0,0.0,10,1,1,0,0,1,0,1,0,0,0,0,0,alto
3,35000.0,83,0.8795180722891566,1,3,1,0,0,0,1,0,0,1,0,0,0,medio_baixo
1,10000.0,1,0.0,1,5,1,0,0,0,1,0,1,1,1,0,0,alto
7,35000.0,3,0.6666666666666666,29,2,1,1,1,0,1,0,0,1,0,0,0,medio_baixo
1,10000.0,0,0.0,1,2,1,0,0,0,1,0,1,0,0,0,0,medio_alto
5,75000.0,11,1.0,2,1,1,0,0,2,0,0,0,0,1,0,0,alto
4,10000.0,19,0.631578947368421,1,5,1,0,0,0,1,1,0,1,0,0,1,alto
3,10000.0,16,1.0,1,2,1,0,0,0,1,1,0,0,0,0,0,medio_baixo
6,35000.0,141,0.8085106382978723,9,2,1,1,1,0,0,0,1,1,0,0,0,medio_alto
6,10000.0,2,1.0,1,2,1,0,0,0,1,1,0,0,0,0,0,medio_baixo
2,35000.0,388,0.9458762886597938,5,2,1,1,1,0,1,0,0,1,0,0,0,baixo
10,350000.0,357,0.3277310924369748,1,3,1,0,0,0,1,1,0,1,0,0,0,baixo
8,10000.0,9,0.3333333333333333,1,3,1,0,0,0,1,1,1,0,0,0,0,medio_alto
2,10000.0,12,1.0,1,2,1,0,0,0,0,1,1,0,0,0,0,medio_baixo
1,0.0,0,0.0,2,4,1,0,0,0,1,1,1,1,0,0,0,baixo
3,10000.0,54,0.9629629629629629,11,3,1,1,0,1,1,0,1,1,0,0,0,medio_alto
9,10000.0,38,0.5,2,3,1,0,0,0,1,1,0,0,1,0,0,medio_alto
10,10000.0,20,0.75,1,3,1,0,0,0,0,1,1,1,0,0,0,alto
4,0.0,0,0.0,3,3,1,0,0,0,1,0,0,0,1,1,0,gratuito
1,0.0,0,0.0,0,0,1,0,0,0,0,0,0,0,0,0,0,gratuito
4,10000.0,1,1.0,1,2,1,1,1,0,1,1,0,0,0,0,0,medio_alto
3,0.0,0,0.0,1,3,1,0,0,0,0,0,0,1,0,1,1,medio_baixo
2,750000.0,13208,0.2969412477286493,3,4,1,1,0,0,1,0,0,1,0,0,1,alto
6,35000.0,40,0.675,1,4,1,0,0,1,1,0,1,1,0,0,0,gratuito
6,10000.0,566,0.7526501766784452,1,6,1,1,0,0,1,1,1,1,0,1,0,medio_alto
1,10000.0,79,0.9493670886075949,3,1,1,0,0,0,0,0,1,0,0,0,0,alto
3,10000.0,0,0.0,2,2,1,0,0,0,1,0,0,1,0,0,0,medio_alto
1,0.0,0,0.0,1,2,1,0,0,0,0,0,0,0,0,0,0,gratuito
4,10000.0,0,0.0,1,1,1,0,0,0,0,0,1,0,0,0,0,medio_alto
6,10000.0,22,0.9090909090909091,1,3,1,1,0,0,0,0,0,0,0,0,0,alto
2,0.0,0,0.0,0,0,1,0,0,0,0,0,0,0,0,0,0,gratuito
3,10000.0,3,0.6666666666666666,3,1,1,0,0,0,1,0,0,0,0,0,0,baixo
8,10000.0,289,0.8304498269896193,1,2,1,0,0,0,0,1,0,0,0,0,1,alto
1,10000.0,23,0.782608695652174,1,2,1,0,0,0,1,0,0,0,0,0,1,medio_baixo
2,10000.0,20,0.9,2,3,1,1,1,0,1,0,1,1,0,0,0,medio_alto
10,10000.0,7,0.7142857142857143,1,1,1,0,0,0,0,0,0,0,0,0,0,medio_alto
1,0.0,0,0.0,0,0,1,0,0,0,0,0,0,0,0,0,0,gratuito
3,10000.0,0,0.0,1,1,1,0,0,0,0,0,0,1,0,0,0,medio_alto
1,10000.0,10,0.8,14,2,1,0,0,0,1,0,0,0,0,0,1,medio_alto
5,35000.0,624,0.5592948717948718,12,2,1,1,1,1,0,0,0,0,0,1,1,alto
2,0.0,0,0.0,103,1,1,0,0,0,0,1,0,0,0,0,0,baixo
5,10000.0,28,0.7857142857142857,2,8,1,0,0,0,1,1,1,1,0,1,1,baixo
9,35000.0,475,0.9557894736842105,1,2,1,0,0,0,1,0,0,0,0,0,0,gratuito
12,150000.0,455,0.7604395604395604,1,1,1,0,0,0,0,0,0,0,0,1,0,baixo
1,10000.0,17,1.0,6,4,1,0,0,0,1,1,0,1,1,0,0,baixo
10,10000.0,24,0.9583333333333334,1,1,1,0,0,0,0,0,0,0,0,0,1,medio_baixo
1,10000.0,1,1.0,1,3,1,1,0,1,1,1,0,0,0,1,0,medio_alto
6,750000.0,7810,0.8571062740076825,12,3,1,1,1,5,1,0,0,0,1,1,0,medio_baixo
10,10000.0,15,0.9333333333333333,1,3,1,0,0,0,1,0,0,1,0,0,1,alto
5,35000.0,75,0.92,1,3,1,1,0,0,1,0,0,1,0,0,0,gratuito
1,0.0,0,0.0,2,3,1,0,0,0,1,0,0,1,0,0,0,medio_baixo
3,10000.0,0,0.0,1,5,1,1,1,0,1,1,1,1,0,1,0,medio_alto
10,35000.0,140,0.4857142857142857,1,3,1,0,0,0,1,1,1,0,0,0,0,baixo
2,0.0,0,0.0,0,0,1,0,0,0,0,0,0,0,0,0,0,gratuito
3,10000.0,10,0.9,4,3,1,0,0,0,1,1,1,0,0,0,0,medio_baixo
3,10000.0,46,0.8913043478260869,11,2,1,0,1,1,0,1,1,0,0,0,0,alto
1,10000.0,0,0.0,1,4,1,0,0,0,1,0,1,0,1,0,0,baixo
6,10000.0,8,0.75,2,2,1,0,0,0,1,0,0,1,0,0,0,medio_baixo
5,10000.0,1,1.0,1,2,1,0,0,0,1,0,0,1,0,0,0,baixo
5,10000.0,52,0.7307692307692307,1,3,1,0,0,0,1,1,1,0,0,0,0,baixo
5,35000.0,1,1.0,1,4,1,0,0,0,1,1,1,1,0,0,0,medio_alto
9,10000.0,20,0.95,13,3,1,1,0,0,1,0,1,1,0,0,0,medio_alto
2,10000.0,0,0.0,30,3,1,1,1,0,0,1,1,1,0,0,0,medio_alto
5,10000.0,11,0.6363636363636364,11,2,1,0,0,0,0,1,1,0,0,0,0,baixo
5,10000.0,20,0.75,6,2,1,0,0,0,1,0,1,0,0,0,0,baixo
3,0.0,0,0.0,2,4,1,0,0,0,0,1,1,0,0,0,0,gratuito
1,0.0,0,0.0,0,0,1,0,0,0,0,0,0,0,0,0,0,gratuito
1,10000.0,1,1.0,6,2,1,0,0,0,0,1,0,0,0,0,0,medio_alto
4,10000.0,51,0.9411764705882353,1,3,1,0,0,0,1,0,1,0,1,0,0,alto
5,35000.0,75,0.9466666666666667,25,2,1,0,1,1,1,0,0,1,0,0,0,baixo
2,10000.0,5,1.0,3,3,1,1,0,0,1,0,1,1,0,0,0,alto
7,10000.0,0,0.0,1,4,1,0,0,0,1,1,1,1,0,0,0,alto
7,10000.0,53,0.7547169811320755,6,3,1,1,1,0,1,1,1,0,0,0,0,baixo
6,350000.0,8893,0.7337231530417182,13,1,1,0,0,0,0,0,1,0,0,0,0,alto
8,10000.0,39,0.8205128205128205,2,2,1,1,1,0,1,1,0,0,0,0,0,medio_baixo
8,10000.0,76,0.5131578947368421,1,2,1,1,1,0,1,0,0,1,0,0,0,baixo
3,0.0,0,0.0,2,4,1,0,0,0,1,0,1,1,0,0,1,medio_baixo
6,75000.0,1596,0.5632832080200502,3,4,1,0,0,4,1,0,0,1,0,0,1,alto
8,10000.0,6,0.8333333333333334,2,1,1,0,0,0,1,0,0,0,0,0,0,baixo
3,10000.0,1,1.0,1,3,1,0,1,0,1,0,1,1,0,0,0,medio_alto
2,0.0,0,0.0,1,3,1,0,0,2,0,0,0,0,0,1,1,gratuito
3,0.0,0,0.0,1,3,1,0,0,0,0,0,0,0,0,1,0,gratuito
4,10000.0,7,1.0,3,3,1,0,1,0,0,1,1,0,0,0,0,alto
1,10000.0,0,0.0,1,2,1,0,0,0,0,0,0,1,1,0,0,alto
4,150000.0,1406,0.8399715504978663,2,3,1,0,0,0,1,1,1,0,0,0,0,medio_alto
3,10000.0,4,1.0,1,2,1,0,0,0,1,1,0,0,0,0,0,medio_alto
2,10000.0,5,0.8,11,2,1,0,0,0,1,0,1,0,0,0,0,medio_baixo
5,10000.0,3,1.0,1,2,1,0,0,0,1,0,0,1,0,0,0,medio_alto
1,10000.0,21,0.9523809523809523,2,1,1,1,0,0,0,0,0,0,1,0,0,alto
4,10000.0,70,0.7142857142857143,7,3,1,1,0,0,1,0,0,0,1,1,0,alto
1,0.0,0,0.0,1,2,1,0,0,0,0,0,0,1,0,1,0,medio_alto
1,0.0,0,0.0,1,6,1,0,0,0,1,0,1,1,1,1,1,alto
5,10000.0,11,1.0,2,2,1,1,0,0,1,1,0,0,0,0,0,medio_baixo
6,10000.0,1,1.0,1,2,1,0,0,0,1,0,1,0,0,0,0,medio_alto
1,0.0,0,0.0,8,4,1,1,1,0,0,1,0,1,0,0,1,alto
12,10000.0,48,0.7291666666666666,1,3,1,1,1,0,1,1,0,1,0,0,0,alto
3,150000.0,586,0.9402730375426621,18,1,1,1,1,0,1,0,0,0,0,0,0,alto
4,10000.0,257,0.9610894941634242,1,2,1,0,0,1,1,1,0,0,0,0,0,medio_alto
5,10000.0,8,0.375,103,5,1,0,0,0,1,0,1,1,0,1,1,baixo
6,150000.0,2570,0.9638132295719845,19,3,1,0,0,2,1,1,0,1,0,0,0,alto
8,10000.0,64,0.796875,1,3,1,1,1,0,1,1,0,0,1,0,0,alto
1,10000.0,0,0.0,0,2,1,0,0,0,1,0,0,1,0,0,0,medio_alto
8,10000.0,8,0.625,1,3,1,0,0,0,1,0,0,1,0,0,0,alto
1,10000.0,38,1.0,13,3,1,0,0,0,0,1,0,1,0,0,1,medio_baixo
2,0.0,0,0.0,1,4,1,0,0,0,1,1,1,0,0,0,0,gratuito
7,10000.0,20,0.75,7,2,1,0,0,0,1,0,1,0,0,0,0,medio_baixo
9,35000.0,584,0.898972602739726,1,5,1,1,0,0,1,1,1,1,0,0,0,baixo
1,0.0,0,0.0,0,0,1,0,0,0,0,0,0,0,0,0,0,gratuito
1,10000.0,0,0.0,14,1,1,0,0,0,0,1,0,0,0,0,0,medio_baixo
5,10000.0,20,1.0,1,2,1,0,1,0,1,1,0,0,0,0,0,medio_baixo
8,15000000.0,36634,0.8630234208658624,10,1,1,1,1,6,0,0,1,0,0,0,0,gratuito
8,10000.0,17,0.47058823529411764,1,1,1,0,0,0,0,0,0,0,0,0,0,gratuito
5,10000.0,19,1.0,1,4,1,0,0,0,1,1,1,0,1,0,0,medio_alto
1,10000.0,0,0.0,3,2,1,0,0,2,0,0,1,0,0,0,1,alto
2,10000.0,1,0.0,1,3,1,1,0,0,0,0,0,1,0,1,1,medio_alto
3,35000.0,101,0.6831683168316832,10,3,1,0,0,0,1,1,0,0,0,1,0,medio_baixo
2,10000.0,0,0.0,1,2,1,1,1,0,1,0,0,0,0,0,0,alto
10,10000.0,94,0.6063829787234043,1,5,1,0,0,0,1,1,1,1,1,0,0,baixo
8,75000.0,9,0.6666666666666666,1,6,1,0,0,1,1,1,1,1,1,0,0,medio_baixo
4,0.0,0,0.0,1,4,1,1,0,1,1,0,1,1,0,0,0,gratuito
1,0.0,0,0.0,0,0,1,0,0,0,0,0,0,0,0,0,0,gratuito
1,10000.0,0,0.0,2,4,1,1,1,0,0,1,1,1,0,0,0,alto
4,150000.0,738,0.8306233062330624,6,3,1,1,1,0,1,0,0,1,0,1,0,alto
3,10000.0,1,1.0,1,2,1,1,0,0,0,0,1,0,1,0,0,medio_baixo
2,10000.0,4,1.0,1,2,1,0,0,5,1,0,0,1,0,0,0,medio_alto
1,0.0,0,0.0,0,0,1,0,0,0,0,0,0,0,0,0,0,gratuito
2,10000.0,2,0.0,1,2,1,0,0,0,1,0,0,0,0,1,0,baixo
5,10000.0,142,0.795774647887324,7,3,1,1,0,0,1,0,0,0,0,1,1,alto
6,10000.0,149,0.6241610738255033,1,4,1,1,0,0,1,0,1,0,1,1,0,medio_alto
5,10000.0,2,0.5,1,3,1,0,0,0,0,0,0,1,0,0,1,medio_alto
8,10000.0,37,0.8108108108108109,7,2,1,0,0,0,0,1,0,0,0,0,1,medio_baixo
4,10000.0,161,0.7453416149068323,9,4,1,0,0,1,1,1,1,0,1,0,0,alto
1,0.0,0,0.0,1,4,1,0,0,3,1,0,0,1,1,0,1,medio_alto
14,75000.0,398,0.6809045226130653,1,3,1,0,0,0,1,1,1,0,0,0,0,medio_baixo
4,150000.0,4,0.5,5,4,1,1,0,0,1,1,1,0,1,0,0,baixo
2,10000.0,0,0.0,1,1,1,0,0,0,0,0,1,0,0,0,0,baixo
6,10000.0,25,0.8,1,1,1,1,0,0,0,0,0,0,0,0,0,baixo
4,0.0,0,0.0,0,0,1,0,0,0,0,0,0,0,0,0,0,gratuito
6,10000.0,13,0.38461538461538464,1,3,1,0,0,0,1,1,1,0,0,0,0,medio_baixo
5,10000.0,0,0.0,4,5,1,0,0,0,1,0,1,1,1,1,0,baixo
4,10000.0,1,1.0,1,1,1,0,0,0,0,1,0,0,0,0,0,medio_alto
7,10000.0,6,1.0,2,3,1,0,1,0,1,0,1,1,0,0,0,medio_alto
9,10000.0,24,0.9583333333333334,1,2,1,0,0,0,0,0,1,1,0,0,0,medio_alto
1,0.0,0,0.0,103,2,1,0,0,0,1,0,0,1,0,0,0,medio_alto
8,10000.0,19,0.8947368421052632,9,3,1,1,1,0,1,0,0,1,0,1,0,baixo
9,10000.0,75,0.6666666666666666,2,3,1,0,0,0,1,0,0,0,0,1,0,alto
3,10000.0,7,1.0,12,1,1,1,0,0,0,0,0,1,0,0,0,medio_alto
3,0.0,0,0.0,1,4,1,0,0,0,1,1,1,1,0,0,0,gratuito
4,10000.0,64,0.90625,2,1,1,0,0,0,0,0,0,0,0,0,1,medio_alto
9,10000.0,5,0.6,2,2,1,0,0,0,0,0,0,0,0,0,0,alto
1,0.0,0,0.0,0,0,1,0,0,0,0,0,0,0,0,0,0,gratuito
2,10000.0,3,0.3333333333333333,2,3,1,0,0,0,1,0,0,1,0,0,1,medio_baixo
6,10000.0,19,0.5789473684210527,1,7,1,1,1,0,1,0,1,1,1,1,1,gratuito
1,0.0,0,0.0,1,2,1,0,0,0,0,0,1,1,0,0,0,alto
3,10000.0,6,0.8333333333333334,1,2,1,1,0,0,1,1,0,0,0,0,0,baixo
12,35000.0,137,0.2846715328467153,1,1,1,0,0,0,0,0,0,0,0,1,0,baixo
2,10000.0,20,1.0,2,4,1,0,0,0,1,1,0,1,0,1,0,medio_baixo
1,0.0,0,0.0,0,0,1,0,0,0,0,0,0,0,0,0,0,gratuito
4,10000.0,0,0.0,2,3,1,0,0,1,0,0,1,1,0,0,1,medio_alto
8,35000.0,8,0.625,1,3,1,0,0,0,1,0,1,0,1,0,0,baixo
1,0.0,0,0.0,103,1,1,0,0,0,0,0,0,0,0,0,1,medio_baixo
1,0.0,0,0.0,3,6,1,0,0,0,1,0,1,0,1,1,1,alto
6,10000.0,4,0.25,1,3,1,0,0,0,0,0,0,1,0,1,0,medio_baixo
6,350000.0,277,0.7292418772563177,1,2,1,0,0,0,0,1,0,0,0,0,0,gratuito
2,0.0,0,0.0,0,0,1,0,0,0,0,0,0,0,0,0,0,gratuito
1,0.0,0,0.0,0,0,1,0,0,0,0,0,0,0,0,0,0,gratuito
7,10000.0,25,0.68,29,3,1,0,0,1,1,0,1,1,0,0,0,baixo
1,10000.0,0,0.0,9,2,1,0,0,1,0,0,0,0,1,0,0,alto
9,10000.0,20,0.5,1,3,1,0,0,0,1,0,0,0,0,1,0,medio_alto
6,35000.0,33,0.42424242424242425,1,4,1,0,0,0,1,0,0,1,1,0,1,baixo
8,10000.0,24,0.7083333333333334,2,4,1,0,0,0,1,1,1,0,0,0,0,alto
4,0.0,0,0.0,2,2,1,0,1,0,0,0,0,1,0,0,1,gratuito
1,0.0,0,0.0,0,0,1,0,0,0,0,0,0,0,0,0,0,gratuito
1,10000.0,3,1.0,1,2,1,0,0,0,1,0,0,0,1,0,0,medio_baixo
3,10000.0,0,0.0,13,3,1,0,0,0,1,0,0,0,0,0,1,gratuito
4,10000.0,0,0.0,5,1,1,1,1,0,0,0,0,1,0,0,0,alto
7,75000.0,1283,0.7342166796570537,11,4,1,1,1,2,1,0,1,0,1,1,0,medio_alto
1,10000.0,0,0.0,4,4,1,0,0,0,1,0,0,1,0,0,1,alto
3,10000.0,2,1.0,1,4,1,0,0,0,0,0,0,0,0,0,1,alto
10,75000.0,123,0.7154471544715447,2,3,1,0,0,0,1,0,0,1,0,0,0,gratuito
5,35000.0,19,0.7894736842105263,4,2,1,0,0,0,0,0,0,1,0,0,1,baixo
5,350000.0,12,0.9166666666666666,2,5,1,0,0,0,1,1,1,1,1,0,0,baixo
6,10000.0,9,0.4444444444444444,2,3,1,0,0,1,1,0,0,1,0,0,1,medio_baixo
2,10000.0,0,0.0,3,1,1,1,1,0,0,0,0,1,0,0,0,alto
5,150000.0,1468,0.9339237057220708,1,3,1,1,1,0,1,0,0,1,0,1,0,gratuito
9,35000.0,161,0.8571428571428571,1,3,1,1,1,1,1,0,0,0,1,1,0,alto
1,0.0,0,0.0,21,4,1,0,1,0,1,1,1,0,0,1,0,medio_alto
4,10000.0,33,0.696969696969697,1,3,1,0,0,0,1,0,1,1,0,0,0,baixo
2,0.0,0,0.0,2,3,1,0,0,0,1,0,1,0,1,0,0,gratuito
2,10000.0,93,0.6559139784946236,8,4,1,0,0,0,1,1,1,1,0,0,0,medio_alto
2,0.0,0,0.0,0,0,1,0,0,0,0,0,0,0,0,0,0,gratuito
5,10000.0,13,0.9230769230769231,13,2,1,0,0,0,1,0,0,1,0,0,0,baixo
1,10000.0,0,0.0,27,2,1,1,1,0,1,0,0,0,0,0,1,baixo
2,0.0,0,0.0,0,0,1,0,0,0,0,0,0,0,0,0,0,gratuito
3,10000.0,0,0.0,4,1,1,0,0,0,0,1,0,0,0,0,0,medio_alto
4,10000.0,8,1.0,1,3,1,0,0,0,0,1,1,0,1,0,0,medio_baixo
6,10000.0,36,0.8888888888888888,1,3,1,0,0,0,0,1,1,0,0,0,1,gratuito
5,75000.0,1348,0.8011869436201781,6,2,1,0,0,8,0,0,0,0,1,1,0,alto
2,10000.0,14,0.7142857142857143,15,1,1,0,0,0,0,0,0,0,0,0,0,alto
2,0.0,0,0.0,1,4,1,0,0,0,1,0,0,1,0,1,0,gratuito
7,10000.0,158,0.8417721518987342,1,2,1,0,0,0,0,1,1,0,0,0,0,gratuito
10,10000.0,17,0.8235294117647058,1,3,1,1,0,0,1,1,0,0,0,0,0,medio_alto
3,10000.0,4,0.75,6,2,1,0,0,0,1,0,0,1,0,0,0,baixo
5,10000.0,97,0.7010309278350515,2,4,1,0,0,0,1,1,1,1,0,0,0,medio_baixo
2,10000.0,22,0.9545454545454546,12,2,1,1,0,0,1,1,0,0,0,0,0,baixo
2,0.0,0,0.0,3,5,1,0,0,0,1,0,0,1,1,1,0,gratuito
7,350000.0,1602,0.7340823970037453,1,3,1,0,0,0,0,1,0,0,0,0,0,gratuito
9,10000.0,3,0.6666666666666666,1,3,1,0,0,0,1,1,0,1,0,0,0,medio_baixo
2,10000.0,0,0.0,1,1,1,0,0,0,0,0,0,0,0,0,1,gratuito
8,10000.0,5,1.0,1,3,1,1,0,0,1,0,1,1,0,0,0,medio_baixo
1,10000.0,0,0.0,3,4,1,0,0,0,1,1,0,1,0,0,0,gratuito
4,0.0,0,0.0,1,4,1,0,0,0,1,0,0,1,0,1,0,gratuito
2,150000.0,6909,0.8739325517441019,27,2,1,0,0,1,0,1,1,0,0,0,0,alto
5,10000.0,34,0.7647058823529411,1,3,1,0,0,0,1,0,1,0,0,0,0,gratuito
8,10000.0,9,0.8888888888888888,1,2,1,1,0,0,1,0,1,0,0,0,0,medio_alto
3,10000.0,28,0.32142857142857145,29,5,1,1,1,0,1,1,0,1,0,1,1,alto
1,10000.0,15,0.7333333333333333,1,3,1,0,0,0,1,1,1,0,0,0,0,baixo
3,10000.0,103,0.9805825242718447,6,1,1,0,0,0,0,1,0,0,0,0,0,alto
2,0.0,0,0.0,103,2,1,0,0,0,0,0,0,1,1,0,0,baixo
4,10000.0,5,0.2,1,2,1,0,0,0,1,0,1,0,0,0,0,medio_baixo
5,10000.0,2,1.0,2,5,1,0,0,0,1,1,1,1,0,0,1,medio_alto
5,75000.0,3,0.6666666666666666,1,1,1,0,0,0,0,0,0,0,0,0,0,medio_baixo
2,10000.0,10,1.0,103,2,1,1,1,1,1,1,0,0,0,0,0,medio_baixo
10,35000.0,64,0.671875,1,3,1,1,0,0,1,0,1,1,0,0,0,baixo
4,10000.0,0,0.0,2,4,1,0,0,0,1,1,1,0,0,0,1,medio_alto
8,35000.0,58,0.3448275862068966,1,8,1,0,0,0,1,1,1,0,1,0,1,baixo
4,0.0,0,0.0,0,0,1,0,0,0,0,0,0,0,0,0,0,gratuito
8,10000.0,26,0.8076923076923077,1,2,1,0,0,0,1,0,0,0,0,0,1,gratuito
4,0.0,0,0.0,0,0,1,0,0,0,0,0,0,0,0,0,0,gratuito
1,10000.0,4,1.0,1,3,1,0,0,1,1,0,0,1,0,0,0,gratuito
14,35000.0,801,0.9213483146067416,4,3,1,1,0,0,1,0,0,1,0,1,0,alto
6,10000.0,0,0.0,1,3,1,0,0,0,1,1,0,0,0,1,0,alto
1,10000.0,0,0.0,1,3,1,0,0,0,1,0,1,1,0,0,0,alto
7,10000.0,3,1.0,1,2,1,0,1,0,0,1,1,0,0,0,0,medio_baixo
1,0.0,0,0.0,1,1,1,0,0,0,1,0,0,0,0,0,0,medio_alto
1,10000.0,0,0.0,3,3,1,0,0,0,0,0,1,0,1,1,0,alto
5,10000.0,3,0.3333333333333333,1,2,1,0,0,0,1,0,0,0,0,1,0,baixo
1,10000.0,0,0.0,27,2,1,1,1,0,1,0,0,0,0,0,1,baixo
4,0.0,0,0.0,1,1,1,0,0,0,0,1,0,0,0,0,0,gratuito
2,10000.0,0,0.0,1,3,1,0,0,0,1,0,1,0,1,0,0,medio_alto
2,10000.0,0,0.0,15,4,1,1,1,0,1,0,1,1,1,0,0,baixo
2,10000.0,8,0.875,4,5,1,1,1,1,1,1,1,0,0,0,0,gratuito
1,0.0,0,0.0,5,5,1,0,0,0,1,0,1,1,0,1,1,medio_baixo
4,10000.0,4,0.5,29,2,1,0,0,0,1,0,0,1,0,0,0,baixo
1,10000.0,50,0.86,2,2,1,0,1,2,1,0,0,1,0,0,0,medio_alto
7,10000.0,2,1.0,1,2,1,0,0,0,0,0,0,1,0,0,1,medio_baixo
1,10000.0,0,0.0,10,2,1,0,0,1,1,0,0,0,0,0,1,alto
5,10000.0,7,0.5714285714285714,5,2,1,0,0,11,0,0,0,0,0,0,1,gratuito
2,10000.0,0,0.0,1,3,1,1,1,0,1,0,1,1,0,0,0,baixo
2,10000.0,9,0.8888888888888888,1,4,1,0,0,0,1,1,1,0,0,0,0,medio_baixo
5,35000.0,13,0.7692307692307693,1,3,1,0,0,0,1,1,1,0,0,0,0,baixo
2,35000.0,5,1.0,1,3,1,0,0,0,0,1,0,1,0,1,0,alto
4,10000.0,65,0.6615384615384615,6,3,1,0,0,0,1,1,1,0,0,0,0,medio_baixo
9,10000.0,0,0.0,1,3,1,0,0,0,0,1,0,1,0,0,0,alto
2,10000.0,0,0.0,1,3,1,0,0,0,1,0,0,0,0,1,0,alto
9,10000.0,9,0.3333333333333333,1,4,1,0,0,0,1,0,0,0,0,1,1,alto
3,150000.0,3187,0.9460307499215563,5,1,1,1,0,1,0,0,1,0,0,0,0,alto
5,0.0,0,0.0,1,2,1,0,0,0,1,1,0,0,0,0,0,gratuito
7,10000.0,3,0.3333333333333333,1,2,1,0,0,0,0,1,1,0,0,0,0,medio_baixo
12,3500000.0,124871,0.9175068670868336,11,3,1,1,1,0,1,1,0,0,0,1,0,medio_alto
4,0.0,0,0.0,1,3,1,1,1,0,1,0,0,0,0,1,0,gratuito
5,10000.0,27,0.8518518518518519,1,3,1,0,0,0,1,0,0,1,1,0,0,gratuito
1,10000.0,37,0.8378378378378378,4,3,1,0,1,2,1,0,1,0,1,0,0,medio_alto
4,10000.0,10,0.9,2,1,1,0,0,0,1,0,0,0,0,0,0,medio_baixo
8,10000.0,4,0.5,1,5,1,0,1,0,1,0,1,1,1,1,0,baixo
9,10000.0,16,0.5,1,3,1,0,0,0,1,0,0,1,0,0,1,medio_alto
4,0.0,0,0.0,1,4,1,0,0,1,0,1,1,1,0,0,0,gratuito
15,1500000.0,3302,0.8912780133252575,12,4,1,1,0,5,1,1,0,1,0,1,0,medio_baixo
13,150000.0,46,0.8478260869565217,1,1,1,0,0,0,0,0,0,0,0,0,0,gratuito
6,75000.0,227,0.8502202643171806,1,4,1,0,0,0,1,1,0,1,0,0,0,gratuito
3,10000.0,0,0.0,1,3,1,0,0,0,1,1,1,0,0,0,0,baixo
5,10000.0,0,0.0,1,3,1,0,0,0,0,1,1,0,0,0,0,gratuito
6,750000.0,5545,0.8504959422903516,9,3,1,0,0,0,0,1,1,0,0,1,0,gratuito
6,10000.0,28,0.5714285714285714,1,2,1,0,0,0,0,1,0,0,0,0,0,gratuito
5,0.0,0,0.0,1,2,1,0,0,0,0,0,0,0,0,1,0,gratuito
5,75000.0,321,0.719626168224299,3,3,1,0,0,0,1,0,1,0,1,0,0,alto
1,0.0,0,0.0,30,3,1,0,0,0,1,1,0,1,0,0,0,medio_alto
5,1500000.0,16316,0.8815886246629075,8,2,1,0,0,2,0,1,1,0,0,0,0,alto
6,10000.0,2,1.0,1,3,1,0,0,0,1,1,0,1,0,0,0,medio_baixo
3,0.0,0,0.0,0,0,1,0,0,0,0,0,0,0,0,0,0,gratuito
1,0.0,0,0.0,0,0,1,0,0,0,0,0,0,0,0,0,0,gratuito
9,35000.0,89,0.8089887640449438,1,3,1,0,0,5,1,0,1,1,0,0,0,medio_alto
1,10000.0,4,1.0,28,4,1,0,0,0,1,1,0,1,0,0,0,medio_alto
1,0.0,0,0.0,6,3,1,0,0,0,1,0,0,1,0,0,1,medio_baixo
5,10000.0,12,0.8333333333333334,1,5,1,0,0,0,1,1,1,0,1,0,0,alto
4,10000.0,0,0.0,1,2,1,0,0,0,1,0,0,1,0,0,0,baixo
3,0.0,0,0.0,0,0,1,0,0,0,0,0,0,0,0,0,0,gratuito
1,10000.0,5,0.6,1,2,1,0,0,0,1,0,0,0,0,0,0,gratuito
8,10000.0,19,0.8421052631578947,1,3,1,0,0,1,1,1,1,0,0,0,0,medio_baixo
2,10000.0,80,0.8125,11,2,1,1,1,0,1,0,0,0,0,1,0,medio_alto
1,0.0,0,0.0,0,0,1,0,0,0,0,0,0,0,0,0,0,gratuito
1,10000.0,0,0.0,3,2,1,1,0,0,1,0,0,0,0,1,0,medio_alto
5,10000.0,0,0.0,3,2,1,0,0,0,1,0,0,0,1,0,0,medio_alto
4,10000.0,0,0.0,1,2,1,0,0,0,1,0,0,1,0,0,0,baixo
2,10000.0,33,0.9696969696969697,3,2,1,0,0,0,0,0,1,1,0,0,0,alto
2,10000.0,14,1.0,1,2,1,0,0,0,1,0,0,0,1,0,0,medio_alto
1,0.0,0,0.0,2,5,1,0,0,0,1,1,1,1,0,0,0,gratuito
13,0.0,0,0.0,1,2,1,1,1,0,1,1,0,0,0,0,0,medio_baixo
1,10000.0,0,0.0,1,1,1,0,0,0,0,1,0,0,0,0,0,medio_alto
1,10000.0,0,0.0,1,4,1,0,0,0,1,0,0,1,1,1,0,medio_baixo
2,10000.0,0,0.0,5,3,1,0,0,0,1,0,1,1,0,0,0,medio_baixo
2,10000.0,6,0.8333333333333334,1,4,1,1,1,0,1,0,0,1,0,1,1,alto
6,10000.0,14,1.0,1,1,1,0,0,0,1,0,0,0,0,0,0,medio_alto
5,0.0,0,0.0,2,2,1,0,0,0,0,1,0,0,0,0,0,gratuito
5,10000.0,17,0.9411764705882353,1,1,1,1,0,0,0,0,0,1,0,0,0,baixo
1,10000.0,247,0.9635627530364372,3,2,1,0,0,0,0,0,1,1,0,0,0,alto
10,35000.0,74,0.5405405405405406,4,2,1,0,0,0,1,0,0,1,0,0,0,baixo
8,35000.0,171,0.9064327485380117,14,2,1,1,0,0,1,1,0,0,0,0,0,medio_alto
2,10000.0,93,0.7204301075268817,10,3,1,0,0,0,1,0,1,0,0,0,1,medio_baixo
9,10000.0,22,0.22727272727272727,1,2,1,0,0,0,0,0,1,1,0,0,0,baixo
5,10000.0,5,1.0,1,4,1,1,1,0,1,1,0,1,0,0,0,baixo
9,35000.0,93,0.6451612903225806,8,1,1,1,0,0,0,1,0,0,0,0,0,alto
3,10000.0,23,1.0,1,2,1,1,0,1,1,0,0,1,0,0,0,alto
6,10000.0,5,0.8,25,1,1,0,0,0,1,0,0,0,0,0,0,baixo
2,10000.0,31,0.8387096774193549,25,4,1,0,0,0,1,0,0,1,0,0,1,gratuito
4,10000.0,55,0.4727272727272727,1,3,1,0,0,0,1,1,1,0,0,0,0,medio_baixo
1,0.0,0,0.0,1,2,1,0,0,0,1,0,0,1,0,0,0,baixo
1,0.0,0,0.0,103,5,1,1,1,0,1,1,1,1,0,0,0,alto
11,35000.0,178,0.6853932584269663,1,2,1,0,0,0,1,0,1,0,0,0,0,medio_alto
2,10000.0,5,1.0,15,1,1,0,0,0,0,1,0,0,0,0,0,medio_baixo
3,10000.0,4,0.75,3,1,1,0,0,0,0,0,0,0,0,1,0,alto
8,10000.0,53,0.8679245283018868,2,3,1,0,0,0,1,0,1,1,0,0,0,alto
14,35000.0,72,0.4305555555555556,1,2,1,1,0,0,1,0,0,1,0,0,0,baixo
2,10000.0,1,0.0,1,1,1,0,0,0,1,0,0,0,0,0,0,baixo
6,35000.0,35,0.3142857142857143,1,3,1,1,0,0,1,0,0,0,0,1,1,baixo
3,1500000.0,11628,0.867561059511524,13,4,1,1,0,8,0,1,1,0,1,0,1,alto
1,10000.0,0,0.0,30,2,1,0,0,0,1,0,0,0,0,0,0,baixo
4,10000.0,0,0.0,1,3,1,0,0,4,1,0,1,1,0,0,0,medio_baixo
1,10000.0,1,1.0,1,2,1,0,0,0,1,0,0,1,0,0,0,medio_baixo
6,10000.0,9,0.7777777777777778,10,3,1,1,1,0,1,0,0,1,0,1,0,medio_alto
9,3500000.0,11692,0.6642148477591515,20,6,1,0,0,0,1,1,1,0,1,1,0,gratuito
8,10000.0,4,0.75,1,2,1,0,0,0,1,1,0,0,0,0,0,baixo
3,10000.0,18,0.8333333333333334,2,5,1,0,0,0,1,0,1,1,0,1,1,medio_baixo
3,10000.0,2,1.0,2,2,1,0,0,0,0,0,0,1,0,0,1,medio_alto
10,35000.0,148,0.777027027027027,1,2,1,0,0,1,1,1,0,0,0,0,0,medio_alto
2,0.0,0,0.0,0,0,1,0,0,0,0,0,0,0,0,0,0,gratuito
1,10000.0,5,0.2,5,3,1,0,0,0,0,1,1,0,1,0,0,alto
8,10000.0,40,0.85,5,2,1,1,1,0,1,1,0,0,0,0,0,medio_baixo
4,0.0,0,0.0,1,4,1,0,0,0,0,0,0,0,1,0,0,gratuito
9,10000.0,4,1.0,1,2,1,0,0,0,1,0,1,0,0,0,0,baixo
1,10000.0,3,1.0,1,1,1,0,0,0,0,0,1,0,0,0,0,medio_alto
5,10000.0,327,0.926605504587156,4,2,1,0,0,0,0,0,0,1,0,0,1,gratuito
5,75000.0,750,0.8826666666666667,10,2,1,1,0,0,1,0,1,0,0,0,0,alto
1,10000.0,3,1.0,1,2,1,0,0,0,1,0,1,0,0,0,0,medio_alto
5,150000.0,8,1.0,1,6,1,0,1,0,1,1,1,1,0,1,0,alto
3,10000.0,26,0.8846153846153846,1,4,1,0,0,0,1,0,1,1,1,0,0,baixo
2,10000.0,1,0.0,1,1,1,0,0,0,0,0,0,0,1,0,0,medio_baixo
6,10000.0,2,1.0,1,2,1,0,0,0,1,0,0,1,0,0,0,baixo
2,0.0,0,0.0,103,1,1,0,0,0,0,0,0,1,0,0,0,baixo
2,10000.0,9,0.8888888888888888,1,3,1,0,0,0,0,1,1,0,0,0,0,baixo
1,0.0,0,0.0,1,4,1,0,0,0,1,1,0,0,0,0,1,gratuito
3,0.0,0,0.0,0,0,1,0,0,0,0,0,0,0,0,0,0,gratuito
9,10000.0,93,0.7956989247311828,1,2,1,1,1,0,1,0,0,0,0,1,0,baixo
2,10000.0,11,0.9090909090909091,2,2,1,0,0,0,1,0,1,0,0,0,0,medio_alto
10,10000.0,54,0.7037037037037037,1,2,1,0,0,0,1,0,0,1,0,0,0,medio_baixo
6,10000.0,0,0.0,10,3,1,0,0,0,1,0,0,1,0,0,1,alto
9,10000.0,6,0.8333333333333334,1,3,1,1,0,0,1,1,0,0,0,0,1,medio_baixo
5,10000.0,9,1.0,1,4,1,0,0,0,1,1,1,0,0,1,0,medio_alto
2,10000.0,0,0.0,1,2,1,0,0,0,1,0,0,1,0,0,0,baixo
4,10000.0,2,0.0,1,3,1,1,0,0,0,1,1,0,1,0,0,alto
7,10000.0,6,0.3333333333333333,1,5,1,0,0,0,1,1,1,1,0,0,1,baixo
1,10000.0,0,0.0,1,2,1,0,0,0,0,0,0,1,0,1,0,medio_alto
3,10000.0,33,0.9696969696969697,1,3,1,0,0,1,1,1,0,1,0,0,0,medio_alto
2,10000.0,1,0.0,7,3,1,0,0,0,0,0,0,1,0,0,1,medio_baixo
7,10000.0,157,0.9044585987261147,1,2,1,1,0,0,1,0,1,0,0,0,0,baixo
9,35000.0,94,0.648936170212766,1,3,1,1,0,0,1,1,0,0,0,0,0,gratuito
5,10000.0,28,0.17857142857142858,10,3,1,0,0,0,1,0,0,1,0,1,0,alto
2,10000.0,0,0.0,2,4,1,0,0,0,0,0,1,1,0,0,0,gratuito
9,10000.0,18,0.4444444444444444,1,4,1,0,0,0,1,1,1,0,0,0,0,medio_alto
1,0.0,0,0.0,1,2,1,0,1,0,0,1,0,0,0,0,0,gratuito
9,75000.0,98,0.5714285714285714,4,3,1,1,0,0,0,0,0,1,0,1,0,gratuito
2,10000.0,15,0.8,7,2,1,0,0,0,0,0,0,1,0,0,1,medio_baixo
2,10000.0,4,0.5,1,2,1,0,0,0,0,0,0,0,1,1,0,medio_alto
7,10000.0,15,0.9333333333333333,2,6,1,0,0,2,1,1,1,1,1,0,1,medio_baixo
1,10000.0,9,1.0,3,4,1,0,0,0,1,1,1,1,0,0,0,alto
11,35000.0,116,0.9310344827586207,1,1,1,0,0,0,0,0,0,0,0,1,0,baixo
9,10000.0,21,0.5714285714285714,1,2,1,0,0,0,0,0,0,0,0,0,0,gratuito
2,35000.0,67,0.9402985074626866,7,5,1,0,0,0,1,1,1,1,0,0,0,gratuito
5,10000.0,7,0.14285714285714285,2,2,1,0,0,0,1,0,0,1,0,0,0,baixo
15,750000.0,4640,0.8713362068965518,7,3,1,1,1,0,1,1,0,0,0,1,0,baixo
9,75000.0,76,0.7236842105263158,5,1,1,0,0,0,0,1,0,0,0,0,0,alto
2,10000.0,5,0.6,1,1,1,0,0,0,1,0,0,0,0,0,0,baixo
2,10000.0,73,0.7671232876712328,1,3,1,0,0,0,1,0,0,1,0,0,1,baixo
5,10000.0,58,0.8275862068965517,1,5,1,0,0,0,1,0,1,0,1,1,0,medio_alto
3,35000.0,30,0.9333333333333333,1,5,1,0,0,0,1,1,1,0,1,1,0,medio_alto
9,35000.0,56,0.39285714285714285,2,3,1,0,0,0,1,0,1,1,0,0,0,gratuito
1,10000.0,0,0.0,1,2,1,0,0,0,1,1,0,0,0,0,0,medio_baixo
1,10000.0,76,1.0,4,1,1,1,1,1,0,0,0,0,0,1,0,medio_alto
6,35000.0,17,0.7647058823529411,2,3,1,0,0,0,0,0,0,1,0,0,1,gratuito
12,150000.0,429,0.8344988344988346,1,1,1,1,0,0,1,0,0,0,0,0,0,alto
3,10000.0,7,0.8571428571428571,1,2,1,0,0,0,0,0,1,1,0,0,0,medio_baixo
5,10000.0,39,0.9487179487179487,5,2,1,0,0,1,0,1,0,0,1,0,0,alto
1,10000.0,17,0.5882352941176471,1,3,1,0,0,0,1,1,1,0,0,0,0,medio_baixo
6,10000.0,13,0.8461538461538461,1,3,1,0,0,0,1,1,0,1,0,0,0,baixo
4,0.0,0,0.0,1,4,1,0,0,0,1,0,1,1,0,0,0,gratuito
10,15000000.0,499061,0.9525749357292996,12,6,1,1,1,49,1,1,1,0,1,1,1,medio_alto
13,0.0,0,0.0,1,1,1,0,0,0,0,0,0,0,1,0,0,baixo
5,10000.0,0,0.0,1,1,1,0,0,0,0,1,0,0,0,0,0,baixo
4,10000.0,0,0.0,1,2,1,0,0,0,1,0,0,1,0,0,0,baixo
4,10000.0,32,0.59375,2,3,1,0,0,0,0,0,1,0,1,0,0,medio_baixo
7,10000.0,21,0.42857142857142855,6,2,1,0,0,0,0,0,1,0,0,0,1,alto
3,10000.0,170,0.9352941176470588,6,1,1,0,0,0,0,1,0,0,0,0,0,alto
3,10000.0,5,0.8,1,1,1,0,0,0,0,0,0,0,0,0,1,medio_baixo
1,0.0,0,0.0,103,2,1,0,0,0,1,0,0,1,0,0,0,baixo
2,10000.0,0,0.0,1,4,1,0,0,0,1,0,1,0,0,1,0,alto
4,35000.0,192,0.7083333333333334,11,2,1,0,0,0,0,0,1,1,0,0,0,medio_alto
3,10000.0,0,0.0,2,5,1,0,0,0,1,1,1,0,1,1,0,baixo
1,10000.0,0,0.0,1,3,1,0,0,0,1,0,0,1,0,0,1,baixo
10,10000.0,36,0.19444444444444445,1,5,1,0,0,0,1,1,0,0,0,0,0,baixo
1,0.0,0,0.0,0,0,1,0,0,0,0,0,0,0,0,0,0,gratuito
7,10000.0,14,0.7857142857142857,1,4,1,0,0,0,1,0,1,0,1,0,0,gratuito
9,150000.0,1243,0.7425583266291231,12,3,1,1,1,0,1,0,0,0,0,1,1,medio_baixo
3,10000.0,6,0.3333333333333333,3,3,1,0,0,0,0,0,0,0,0,0,1,medio_alto
1,0.0,0,0.0,1,5,1,0,0,0,1,0,0,1,1,1,0,medio_baixo
6,10000.0,67,0.835820895522388,1,4,1,0,0,0,1,1,1,0,0,1,0,medio_alto
3,10000.0,8,1.0,2,2,1,0,0,0,1,1,0,0,0,0,0,baixo
2,10000.0,2,1.0,4,2,1,0,0,0,1,0,1,0,0,0,0,baixo
3,0.0,0,0.0,0,0,1,0,0,0,0,0,0,0,0,0,0,gratuito
3,10000.0,8,0.75,8,1,1,0,0,0,0,0,0,1,0,0,0,baixo
9,10000.0,62,0.6451612903225806,7,2,1,0,0,0,0,0,1,0,0,0,1,medio_alto
1,10000.0,1,1.0,2,3,1,0,0,0,1,0,0,1,0,0,1,medio_baixo
1,10000.0,1,1.0,11,3,1,0,1,0,1,1,0,0,0,0,0,medio_alto
9,10000.0,60,0.8166666666666667,1,3,1,0,0,0,1,1,0,1,0,0,0,alto
4,0.0,0,0.0,1,5,1,0,0,0,1,1,0,1,0,0,0,gratuito
10,350000.0,3954,0.8856853818917552,1,2,1,0,0,1,0,0,0,0,0,0,1,medio_alto
4,150000.0,3185,0.9403453689167975,3,4,1,0,0,1,1,0,1,0,1,0,1,alto
8,10000.0,17,0.5294117647058824,1,3,1,0,0,0,1,1,0,1,0,0,0,gratuito
9,35000.0,14,0.7142857142857143,3,3,1,1,0,0,1,0,0,1,0,1,0,medio_baixo
1,0.0,0,0.0,6,3,1,0,0,0,0,0,0,0,0,0,0,gratuito
8,10000.0,3,0.3333333333333333,1,1,1,0,0,0,0,0,0,0,1,0,0,baixo
5,0.0,0,0.0,0,0,1,0,0,0,0,0,0,0,0,0,0,gratuito
3,35000.0,14,0.7857142857142857,1,3,1,0,0,0,0,1,0,0,0,0,0,gratuito
1,10000.0,0,0.0,2,5,1,0,1,2,1,1,1,1,1,0,0,medio_baixo
4,75000.0,3,1.0,1,2,1,0,0,1,1,1,0,0,0,0,0,baixo
5,10000.0,14,0.7142857142857143,1,3,1,0,0,0,1,1,1,0,0,0,0,baixo
8,350000.0,8348,0.8854815524676569,19,3,1,1,1,4,1,0,0,0,0,1,1,alto
6,35000.0,121,0.6363636363636364,2,2,1,0,0,0,1,0,0,0,1,0,0,medio_baixo
3,10000.0,0,0.0,1,1,1,0,0,0,0,1,0,0,0,0,0,medio_alto
6,350000.0,56,0.75,1,1,1,0,0,0,0,1,0,0,0,0,0,gratuito
10,350000.0,2188,0.9698354661791591,2,4,1,0,0,1,1,0,1,0,1,0,0,gratuito
1,10000.0,0,0.0,9,4,1,0,0,0,1,0,1,1,0,1,0,alto
5,0.0,0,0.0,0,0,1,0,0,0,0,0,0,0,0,0,0,gratuito
8,350000.0,1277,0.5747846515270164,10,2,1,0,0,0,0,0,0,0,0,1,0,gratuito
1,10000.0,0,0.0,2,3,1,0,0,0,1,1,0,0,0,1,0,medio_alto
3,10000.0,40,0.775,1,2,1,0,0,0,0,0,0,0,0,0,1,gratuito
2,10000.0,2,1.0,3,2,1,0,0,0,1,0,0,0,0,0,0,baixo
1,0.0,0,0.0,0,0,1,0,0,0,0,0,0,0,0,0,0,gratuito
7,10000.0,22,0.6818181818181818,1,1,1,1,0,0,0,0,0,0,0,0,0,gratuito
2,10000.0,0,0.0,1,1,1,0,0,0,0,0,0,1,0,0,0,medio_baixo
9,10000.0,7,1.0,1,3,1,0,0,0,1,1,1,0,0,0,0,alto
4,10000.0,9,0.8888888888888888,2,3,1,0,0,0,0,1,0,1,0,0,0,alto
2,0.0,0,0.0,1,2,1,0,0,0,0,0,0,1,0,0,0,gratuito
1,0.0,0,0.0,1,2,1,0,0,0,1,0,0,1,0,0,0,medio_alto
1,0.0,0,0.0,1,6,1,0,0,0,1,1,1,1,0,0,0,gratuito
8,10000.0,1,0.0,1,3,1,0,0,0,1,0,0,0,0,1,1,medio_alto
3,10000.0,45,0.9777777777777777,2,2,1,0,0,0,0,1,1,0,0,0,0,baixo
1,0.0,0,0.0,0,0,1,0,0,0,0,0,0,0,0,0,0,gratuito
6,10000.0,21,0.6190476190476191,2,3,1,0,0,0,1,0,1,1,0,0,0,medio_alto
7,10000.0,40,0.8,2,2,1,0,0,0,1,1,0,0,0,0,0,alto
2,10000.0,20,1.0,2,3,1,0,0,0,1,1,1,0,0,0,0,baixo
1,10000.0,10,0.4,5,1,1,0,0,0,0,0,1,0,0,0,0,alto
2,10000.0,1,0.0,1,3,1,0,0,0,1,0,0,1,0,0,0,baixo
2,10000.0,2,1.0,2,2,1,0,1,0,1,0,0,1,0,0,0,medio_alto
1,10000.0,0,0.0,6,3,1,0,0,0,1,0,1,0,1,0,0,medio_alto
1,0.0,0,0.0,3,2,1,0,0,0,1,0,0,0,0,0,1,medio_baixo
5,35000.0,1,1.0,1,4,1,0,0,0,1,0,0,1,1,0,0,baixo
1,10000.0,0,0.0,1,4,1,0,0,0,1,1,0,1,0,0,0,medio_baixo
2,10000.0,10,1.0,1,1,1,0,1,0,0,0,0,1,0,0,0,baixo
9,10000.0,20,0.75,1,3,1,0,0,0,1,0,0,1,0,1,0,medio_baixo
9,350000.0,441,0.7278911564625851,9,2,1,0,0,0,0,0,0,0,0,0,1,baixo
1,10000.0,0,0.0,1,3,1,1,0,1,1,0,1,1,0,0,0,alto
9,35000.0,159,0.7547169811320755,2,3,1,0,0,1,1,0,1,1,0,0,0,baixo
5,0.0,0,0.0,0,0,1,0,0,0,0,0,0,0,0,0,0,gratuito
5,35000.0,139,0.8345323741007195,1,4,1,0,0,0,1,1,1,1,0,0,0,baixo
20,10000.0,0,0.0,1,1,1,0,0,0,0,0,0,0,0,1,0,medio_alto
5,10000.0,39,0.5384615384615384,1,4,1,0,0,0,1,1,1,0,0,0,0,medio_alto
5,10000.0,6,0.6666666666666666,4,1,1,0,0,0,0,0,0,1,0,0,0,alto
3,0.0,0,0.0,16,3,1,0,0,2,1,0,0,1,0,0,0,gratuito
2,0.0,0,0.0,0,0,1,0,0,0,0,0,0,0,0,0,0,gratuito
5,350000.0,6910,0.9432706222865412,10,3,1,1,0,3,1,0,1,1,0,0,0,alto
1,0.0,0,0.0,0,0,1,0,0,0,0,0,0,0,0,0,0,gratuito
4,10000.0,2,1.0,1,2,1,0,0,0,0,0,1,1,0,0,0,baixo
4,10000.0,4,0.0,9,1,1,0,0,0,0,0,0,1,0,0,0,medio_baixo
8,10000.0,68,0.8676470588235294,6,4,1,1,0,0,1,1,0,1,0,0,0,baixo
5,10000.0,4,0.5,4,1,1,0,0,0,0,0,0,1,0,0,0,medio_alto
1,10000.0,4,0.75,1,2,1,1,1,0,0,0,0,1,0,1,0,alto
8,10000.0,32,0.6875,1,5,1,0,0,0,1,0,0,0,1,1,0,gratuito
3,0.0,0,0.0,2,4,1,0,0,0,1,0,0,0,1,1,0,gratuito
1,10000.0,0,0.0,6,2,1,0,0,0,1,0,0,0,0,0,1,medio_baixo
6,10000.0,18,0.7222222222222222,29,1,1,0,0,3,0,0,0,0,0,0,1,medio_alto
2,10000.0,6,0.8333333333333334,1,3,1,0,0,1,1,1,1,0,0,0,0,alto
11,0.0,0,0.0,28,0,1,1,1,0,0,0,0,0,0,0,0,gratuito
10,10000.0,18,0.8333333333333334,1,2,1,0,0,0,1,0,1,0,0,0,0,alto
2,10000.0,19,0.9473684210526315,1,4,1,0,0,0,1,0,1,1,0,0,0,gratuito
4,10000.0,12,0.75,2,3,1,0,0,0,1,0,0,1,0,0,1,medio_baixo
3,0.0,0,0.0,1,4,1,0,0,0,1,0,0,1,1,0,0,gratuito
11,35000.0,27,0.6296296296296297,1,3,1,0,0,0,1,1,0,0,1,0,0,medio_baixo
9,75000.0,393,0.7557251908396947,11,3,1,0,0,3,1,1,1,0,0,0,0,medio_baixo
1,10000.0,0,0.0,1,1,1,0,0,0,0,1,0,0,0,0,0,medio_alto
6,10000.0,52,0.5384615384615384,1,4,1,0,0,0,1,1,0,1,0,1,0,medio_alto
2,3500000.0,67435,0.9489730851931489,14,4,1,0,0,1,1,0,0,1,0,0,1,gratuito
1,0.0,0,0.0,0,0,1,0,0,0,0,0,0,0,0,0,0,gratuito
8,75000.0,1743,0.7653471026965003,11,3,1,0,0,0,1,0,0,0,0,1,1,alto
5,10000.0,9,0.7777777777777778,0,2,1,0,0,0,1,0,0,1,0,0,0,alto
4,35000.0,11,1.0,2,3,1,1,1,0,1,0,1,1,0,0,0,alto
2,0.0,0,0.0,0,0,1,0,0,0,0,0,0,0,0,0,0,gratuito
2,10000.0,40,0.95,10,4,1,0,0,1,1,0,1,1,0,0,1,alto
1,0.0,0,0.0,1,3,1,0,0,0,1,1,0,0,0,0,0,baixo
1,0.0,0,0.0,0,0,1,0,0,0,0,0,0,0,0,0,0,gratuito
6,10000.0,81,0.8024691358024691,9,2,1,1,0,0,0,0,0,0,0,1,1,alto
1,10000.0,1,1.0,1,3,1,0,0,0,1,0,0,1,0,1,0,baixo
1,0.0,0,0.0,20,3,1,0,0,0,1,0,0,0,0,0,1,alto
1,0.0,0,0.0,0,0,1,0,0,0,0,0,0,0,0,0,0,gratuito
5,35000.0,3,1.0,1,4,1,0,0,0,1,0,1,1,1,0,0,medio_baixo
4,10000.0,0,0.0,1,2,1,0,0,2,1,0,0,1,0,0,0,baixo
2,0.0,0,0.0,1,3,1,0,0,0,1,0,0,0,0,0,0,gratuito
4,35000.0,6,0.3333333333333333,1,4,1,0,0,0,1,1,1,0,0,0,1,medio_baixo
3,10000.0,0,0.0,2,1,1,0,0,0,1,0,0,0,0,0,0,alto
3,0.0,0,0.0,3,5,1,0,0,0,1,1,1,0,0,0,1,baixo
1,0.0,0,0.0,0,0,1,0,0,0,0,0,0,0,0,0,0,gratuito
2,0.0,0,0.0,1,3,1,0,0,0,1,0,1,1,0,0,0,gratuito
2,10000.0,5,1.0,1,1,1,0,0,0,1,0,0,0,0,0,0,baixo
5,10000.0,0,0.0,1,6,1,0,0,0,1,1,1,1,0,0,1,baixo
10,10000.0,31,0.6451612903225806,5,4,1,0,0,0,1,1,1,0,0,1,0,gratuito
5,10000.0,7,0.7142857142857143,8,1,1,0,0,0,0,0,0,0,0,0,0,medio_alto
8,10000.0,35,0.8571428571428571,6,2,1,1,0,0,0,0,1,1,0,0,0,alto
5,0.0,0,0.0,0,0,1,0,0,0,0,0,0,0,0,0,0,gratuito
1,10000.0,4,0.25,14,4,1,0,0,0,1,1,0,0,0,0,0,alto
1,0.0,0,0.0,5,4,1,0,0,0,0,0,1,0,1,1,0,alto
5,10000.0,45,0.8888888888888888,3,3,1,1,1,1,1,0,0,1,1,0,0,medio_baixo
2,0.0,0,0.0,103,5,1,0,0,0,1,1,1,1,1,0,0,medio_alto
9,10000.0,101,0.5148514851485149,1,1,1,1,0,1,0,0,1,0,0,0,0,alto
9,35000.0,257,0.8210116731517509,1,4,1,1,1,0,1,0,0,1,0,0,1,gratuito
8,10000.0,838,0.964200477326969,2,3,1,0,0,2,0,0,1,1,0,0,1,medio_alto
1,75000.0,2,1.0,2,3,1,0,1,0,0,0,0,1,0,1,1,medio_alto
4,10000.0,0,0.0,1,2,1,1,1,0,1,0,0,1,0,0,0,baixo
1,150000.0,3765,0.8749003984063745,11,2,1,0,0,1,1,0,1,0,0,0,0,alto
3,10000.0,6,1.0,1,2,1,0,0,0,1,0,0,0,0,1,0,medio_alto
4,0.0,0,0.0,1,2,1,0,0,0,1,0,1,0,0,0,0,gratuito
2,350000.0,2226,0.6877807726864331,10,4,1,0,0,0,1,1,0,1,1,0,0,medio_alto
4,1500000.0,26157,0.9680009175364147,8,3,1,0,0,0,1,1,1,0,0,0,0,alto
7,10000.0,113,0.6371681415929203,2,4,1,1,0,0,1,0,1,0,0,1,1,alto
6,75000.0,375,0.792,1,7,1,0,1,1,1,1,0,1,0,1,0,medio_baixo
6,35000.0,1,1.0,1,2,1,1,1,0,1,1,0,0,0,0,0,medio_baixo
1,0.0,0,0.0,1,2,1,0,0,0,0,0,0,0,0,1,0,alto
6,10000.0,116,0.7586206896551724,1,3,1,0,0,0,1,0,0,1,0,0,0,medio_alto
5,10000.0,6,0.3333333333333333,4,1,1,0,0,0,0,0,0,1,0,0,0,medio_alto
6,10000.0,4,0.25,1,2,1,0,0,0,1,0,0,1,0,0,0,medio_alto
5,10000.0,4,1.0,2,2,1,0,0,0,1,0,0,1,0,0,0,baixo
5,10000.0,131,0.7709923664122137,6,5,1,0,0,0,1,0,0,1,0,1,1,alto
2,10000.0,17,1.0,1,2,1,0,0,0,0,1,0,0,0,0,0,alto
3,0.0,0,0.0,0,0,1,0,0,0,0,0,0,0,0,0,0,gratuito
7,10000.0,1,0.0,3,1,1,0,0,0,0,1,0,0,0,0,0,alto
5,10000.0,0,0.0,1,1,1,0,0,0,0,1,0,0,0,0,0,baixo
1,0.0,0,0.0,0,0,1,0,0,0,0,0,0,0,0,0,0,gratuito
1,10000.0,37,0.918918918918919,13,3,1,0,0,0,1,0,0,1,0,0,1,medio_baixo
3,10000.0,1,1.0,2,3,1,0,0,0,1,0,1,0,1,0,0,medio_baixo
6,35000.0,3,0.6666666666666666,1,3,1,0,0,0,1,0,1,0,1,0,0,medio_alto
3,10000.0,49,0.7755102040816326,5,1,1,1,0,0,1,0,0,0,0,0,0,baixo
3,10000.0,0,0.0,5,1,1,0,0,0,0,0,0,1,0,0,0,gratuito
4,10000.0,12,0.3333333333333333,3,4,1,0,0,0,1,1,1,0,0,0,1,medio_alto
1,10000.0,0,0.0,2,3,1,0,0,0,0,1,0,0,1,1,0,medio_alto
3,0.0,0,0.0,2,2,1,0,0,0,0,1,0,0,0,0,0,gratuito
7,10000.0,0,0.0,1,1,1,1,0,0,0,0,1,0,0,0,0,alto
2,0.0,0,0.0,0,0,1,0,0,0,0,0,0,0,0,0,0,gratuito
8,10000.0,1,0.0,1,3,1,0,1,0,1,1,0,0,0,0,0,medio_baixo
9,35000.0,29,0.7241379310344828,1,3,1,1,1,0,1,1,1,0,0,0,0,medio_baixo
4,10000.0,4,0.75,5,2,1,0,0,0,1,0,0,1,0,0,0,baixo
1,10000.0,33,0.9090909090909091,12,4,1,0,0,0,1,0,0,1,1,1,0,alto
1,0.0,0,0.0,1,4,1,1,1,0,1,0,1,1,0,0,0,gratuito
5,350000.0,3166,0.8638660770688567,8,3,1,0,0,2,1,0,0,0,1,1,0,medio_alto
1,0.0,0,0.0,3,3,1,0,0,0,1,0,0,0,1,0,0,gratuito
4,10000.0,23,0.8260869565217391,1,3,1,0,1,0,1,1,1,0,0,0,0,gratuito
10,10000.0,16,0.8125,1,2,1,1,1,0,1,1,0,0,0,0,0,baixo
1,10000.0,0,0.0,30,2,1,0,0,0,1,0,0,1,0,0,0,baixo
1,0.0,0,0.0,3,3,1,0,0,0,1,1,0,1,0,0,0,medio_alto
9,350000.0,318,0.7075471698113207,3,3,1,0,0,1,1,0,0,1,0,0,1,baixo
5,10000.0,0,0.0,2,4,1,0,0,0,1,0,1,1,0,0,1,medio_baixo
3,10000.0,10,0.9,1,4,1,1,0,0,1,0,0,0,0,1,1,medio_baixo
3,0.0,0,0.0,3,5,1,0,0,0,1,0,1,1,0,0,1,baixo
8,10000.0,48,0.8958333333333334,1,2,1,0,0,0,0,0,1,0,0,0,0,gratuito
7,150000.0,1005,0.8696517412935323,2,3,1,0,0,0,1,0,0,1,0,1,0,baixo
3,0.0,0,0.0,1,2,1,0,0,0,1,1,0,0,0,0,0,gratuito
9,10000.0,0,0.0,1,1,0,1,0,0,0,0,0,0,0,0,0,alto
5,10000.0,8,0.875,3,3,1,0,0,0,1,0,0,0,0,1,1,medio_baixo
3,10000.0,0,0.0,1,2,1,0,1,3,1,0,0,1,0,0,0,alto
9,10000.0,15,0.4,6,2,1,0,0,0,1,0,0,0,0,0,0,medio_alto
2,10000.0,2,1.0,1,3,1,0,0,0,1,1,1,0,0,0,0,medio_baixo
2,10000.0,1,1.0,1,3,1,0,0,1,1,1,1,0,0,0,0,baixo
10,75000.0,747,0.9892904953145917,3,2,1,1,1,1,1,1,0,0,0,0,0,alto
2,0.0,0,0.0,14,0,1,0,0,0,0,0,0,0,0,0,0,gratuito
6,10000.0,18,0.6666666666666666,6,4,1,0,1,0,1,1,1,1,0,0,0,baixo
5,10000.0,3,1.0,1,1,1,0,0,0,1,0,0,0,0,0,0,baixo
2,10000.0,26,0.9230769230769231,1,3,1,0,0,1,1,0,1,0,0,0,0,gratuito
6,10000.0,2,1.0,1,1,1,0,0,0,0,0,0,1,0,0,0,baixo
2,0.0,0,0.0,12,3,1,0,0,0,0,0,0,0,0,0,1,gratuito
5,10000.0,30,0.9333333333333333,2,4,1,0,0,0,1,1,1,0,0,0,0,alto
4,10000.0,0,0.0,2,2,1,0,0,0,1,0,0,0,0,0,1,medio_alto
9,150000.0,94,0.7659574468085106,1,4,1,0,0,0,1,1,1,0,1,0,0,baixo
10,150000.0,378,0.4523809523809524,1,2,1,0,0,0,1,1,0,0,0,0,0,baixo
1,10000.0,10,1.0,1,3,1,1,0,0,0,0,0,0,0,0,1,alto
10,35000.0,96,0.6145833333333334,1,2,1,0,0,0,0,0,1,1,0,0,0,medio_alto
10,10000.0,13,0.7692307692307693,1,3,1,0,0,0,0,0,0,1,0,1,1,baixo
5,0.0,0,0.0,1,4,1,1,1,2,1,0,1,1,0,0,0,gratuito
1,0.0,0,0.0,0,0,1,0,0,0,0,0,0,0,0,0,0,gratuito
6,10000.0,0,0.0,2,3,1,0,0,0,1,0,0,1,0,0,0,baixo
11,10000.0,23,0.8260869565217391,1,3,1,0,0,0,1,0,1,0,1,0,0,medio_alto
7,10000.0,10,0.6,1,4,1,0,0,0,1,0,0,1,0,0,1,gratuito
1,0.0,0,0.0,1,1,1,0,0,3,0,0,0,1,0,0,0,medio_alto
2,0.0,0,0.0,2,4,1,0,0,0,1,0,1,0,0,0,0,gratuito
2,10000.0,0,0.0,13,5,1,0,0,0,1,1,1,1,1,0,0,medio_baixo
4,10000.0,0,0.0,1,2,1,0,0,0,1,0,0,1,0,0,0,baixo
8,35000.0,139,0.5467625899280576,15,1,1,1,1,0,0,1,0,0,0,0,0,alto
4,350000.0,643,0.8413685847589425,1,4,1,0,0,1,1,1,1,0,0,0,1,alto
3,10000.0,0,0.0,1,1,1,1,1,0,0,0,0,1,0,0,0,medio_alto
6,10000.0,710,0.9887323943661972,2,2,1,0,0,0,0,0,1,1,0,0,0,alto
1,0.0,0,0.0,0,0,1,0,0,0,0,0,0,0,0,0,0,gratuito
2,10000.0,1,1.0,2,2,1,0,0,0,1,1,0,0,0,0,0,baixo
2,10000.0,106,0.9622641509433962,12,4,1,0,1,0,1,1,1,0,1,0,0,medio_baixo
1,0.0,0,0.0,0,0,1,0,0,0,0,0,0,0,0,0,0,gratuito
6,350000.0,5660,0.9219081272084806,17,2,1,0,0,6,1,1,0,0,0,0,0,medio_baixo
12,150000.0,549,0.7413479052823315,2,2,1,0,0,0,0,0,0,0,0,1,1,medio_baixo
5,0.0,0,0.0,0,0,1,0,0,0,0,0,0,0,0,0,0,gratuito
4,10000.0,108,0.5833333333333334,15,3,1,0,0,0,1,1,1,0,0,0,0,medio_alto
4,0.0,0,0.0,1,2,1,0,0,0,1,0,0,0,0,0,0,gratuito
8,10000.0,4,1.0,1,2,1,0,0,0,1,1,0,0,0,0,0,baixo
1,0.0,0,0.0,0,0,1,0,0,0,0,0,0,0,0,0,0,gratuito
3,0.0,0,0.0,2,4,1,0,0,3,0,0,0,1,0,0,1,gratuito
2,10000.0,56,0.875,2,3,1,0,0,0,1,0,0,1,0,0,1,gratuito
7,75000.0,794,0.5856423173803527,6,3,1,1,1,0,1,0,0,0,0,1,0,alto
5,10000.0,35,0.9714285714285714,1,1,1,0,0,0,0,1,0,0,0,0,0,baixo
5,35000.0,32,0.375,29,3,1,0,0,0,1,0,0,1,0,0,1,baixo
6,350000.0,1978,0.9302325581395349,1,1,1,0,0,0,0,1,0,0,0,0,0,medio_alto
1,10000.0,0,0.0,1,2,1,0,0,0,1,0,0,0,1,0,0,alto
1,10000.0,0,0.0,14,4,1,0,0,0,1,0,0,1,0,0,1,alto
8,10000.0,21,0.5238095238095238,1,3,1,0,0,0,1,1,0,1,0,0,0,baixo
1,0.0,0,0.0,30,4,1,0,0,0,0,1,1,1,0,0,1,medio_alto
3,10000.0,5,0.8,2,1,1,0,0,0,1,0,0,0,0,0,0,baixo
10,10000.0,34,0.7058823529411765,1,3,1,0,0,0,1,1,1,0,0,0,0,medio_alto
5,0.0,0,0.0,1,4,1,1,0,0,1,1,1,0,0,0,0,gratuito
4,10000.0,0,0.0,6,6,1,0,0,0,1,0,1,1,1,1,1,alto
3,10000.0,13,1.0,1,2,1,0,0,0,0,0,0,0,0,1,0,alto
2,10000.0,17,0.7058823529411765,1,4,1,0,0,0,0,1,1,0,1,0,0,alto
4,10000.0,4,0.5,1,2,1,0,0,0,0,0,0,0,0,0,1,medio_alto
1,0.0,0,0.0,2,4,1,0,0,0,1,1,0,1,0,0,0,medio_baixo
6,10000.0,0,0.0,1,2,1,0,0,2,1,0,1,0,0,0,0,medio_alto
9,75000.0,4,0.75,1,2,1,1,0,0,1,1,0,0,0,0,0,baixo
4,10000.0,0,0.0,1,3,1,0,0,0,0,0,1,1,0,0,1,medio_alto
1,10000.0,0,0.0,8,6,1,0,0,0,1,1,1,1,1,0,0,medio_alto
2,10000.0,0,0.0,1,3,1,1,1,0,1,0,0,1,0,0,1,baixo
10,75000.0,181,0.7790055248618785,1,4,1,1,1,0,1,0,0,1,0,0,0,gratuito
7,10000.0,19,0.7368421052631579,4,1,1,1,0,0,0,0,0,1,0,0,0,medio_alto
1,10000.0,18,0.7777777777777778,1,5,1,0,1,0,1,0,1,1,1,0,0,gratuito
3,35000.0,5,1.0,2,2,1,0,0,1,1,0,0,1,0,0,0,baixo
2,10000.0,120,0.8333333333333334,2,2,1,0,0,0,0,1,0,0,0,0,0,medio_alto
10,10000.0,83,0.4819277108433735,8,1,1,0,0,0,0,0,0,0,0,0,0,gratuito
4,35000.0,183,0.9562841530054644,1,3,1,0,0,0,1,1,0,1,0,0,0,medio_baixo
1,10000.0,0,0.0,2,3,1,0,0,0,1,0,0,1,0,1,0,medio_baixo
12,10000.0,21,0.5714285714285714,1,1,1,0,0,0,0,0,0,0,0,0,0,alto
6,10000.0,34,0.5882352941176471,2,4,1,1,0,1,1,0,1,1,1,0,0,alto
4,10000.0,277,0.8086642599277978,7,4,1,0,0,1,1,1,1,1,0,0,0,medio_alto
9,10000.0,1,1.0,1,2,1,1,0,0,1,0,0,1,0,0,0,medio_alto
6,10000.0,1,1.0,4,2,1,1,0,0,1,0,0,1,0,0,0,alto
3,35000.0,365,0.6136986301369863,9,2,1,0,0,0,1,0,0,1,0,0,0,medio_baixo
3,750000.0,21419,0.8181054204211214,9,3,1,0,0,0,1,1,0,0,0,0,0,alto
12,35000.0,85,0.5647058823529412,6,2,1,1,0,1,1,1,0,0,0,0,0,medio_baixo
3,10000.0,210,0.719047619047619,9,3,1,1,0,3,0,0,0,1,0,1,1,medio_alto
9,75000.0,304,0.7532894736842105,1,2,1,1,0,0,1,0,1,0,0,0,0,baixo
5,10000.0,12,1.0,6,3,1,0,0,0,1,0,1,1,0,0,0,baixo
7,10000.0,17,0.5882352941176471,1,5,1,0,0,0,1,0,1,1,1,0,0,medio_baixo
4,35000.0,12,0.9166666666666666,1,4,1,0,0,0,1,0,1,1,1,0,0,medio_baixo
3,10000.0,4,0.25,5,2,1,0,0,1,1,0,0,1,0,0,0,medio_baixo
2,0.0,0,0.0,0,0,1,0,0,0,0,0,0,0,0,0,0,gratuito
6,10000.0,6,0.5,1,2,1,0,0,0,0,0,0,0,0,1,1,medio_baixo
5,10000.0,0,0.0,2,4,1,0,0,0,1,1,1,1,0,0,0,baixo
3,10000.0,1,1.0,1,3,1,0,0,0,1,1,0,0,0,0,1,baixo
6,10000.0,0,0.0,1,4,1,1,0,0,1,1,0,1,0,0,0,medio_alto
2,10000.0,0,0.0,2,4,1,0,0,0,1,0,0,1,0,1,1,alto
4,10000.0,41,0.8048780487804879,11,3,1,1,0,0,1,1,1,0,0,0,0,medio_alto
4,10000.0,3,1.0,1,2,1,0,0,0,0,0,1,1,0,0,0,medio_alto
1,10000.0,0,0.0,1,1,1,1,1,0,0,0,0,0,0,0,1,medio_alto
3,10000.0,50,0.94,3,1,1,0,0,1,0,0,1,0,0,0,0,gratuito
3,350000.0,2440,0.7077868852459016,12,2,1,0,0,1,0,1,1,0,0,0,0,medio_alto
1,0.0,0,0.0,0,0,1,0,0,0,0,0,0,0,0,0,0,gratuito
1,10000.0,7,1.0,1,2,1,0,1,1,1,0,0,1,0,0,0,medio_alto
2,35000.0,4,0.75,1,3,1,0,0,0,1,1,1,0,0,0,0,baixo
9,10000.0,12,0.8333333333333334,1,2,1,0,0,0,0,0,0,0,0,0,0,medio_alto
11,35000.0,89,0.7865168539325843,2,3,1,0,0,0,1,1,1,0,0,0,0,baixo
8,35000.0,47,0.6170212765957447,1,2,1,0,0,0,1,1,0,0,0,0,0,baixo
5,10000.0,44,0.7727272727272727,6,3,1,0,0,0,1,0,0,0,0,0,1,medio_baixo
10,10000.0,7,0.7142857142857143,1,2,1,0,0,0,0,0,1,1,0,0,0,medio_alto
1,10000.0,27,0.9259259259259259,14,5,1,1,1,1,1,1,0,1,0,0,1,alto
3,10000.0,1,1.0,1,3,1,0,0,0,1,0,0,1,0,0,0,baixo
2,10000.0,74,0.9324324324324325,1,4,1,1,0,0,1,0,1,0,1,0,1,alto
11,350000.0,1576,0.8128172588832487,1,3,1,1,1,1,1,1,1,0,0,0,0,medio_alto
1,0.0,0,0.0,2,4,1,0,0,0,1,0,1,1,1,0,0,medio_alto
10,750000.0,3842,0.8565851119208745,11,2,1,1,1,0,1,0,1,0,0,0,0,medio_baixo
2,10000.0,0,0.0,1,1,1,0,1,0,0,0,0,1,0,0,0,alto
4,35000.0,24,0.5833333333333334,1,3,1,0,0,0,1,1,1,0,0,0,0,baixo
17,150000.0,159,0.7484276729559748,2,2,1,0,0,0,0,0,0,0,0,1,1,medio_baixo
1,10000.0,0,0.0,1,3,1,0,0,0,1,1,0,0,0,0,0,medio_baixo
6,10000.0,17,0.6470588235294118,4,4,1,0,0,0,1,0,0,1,0,1,1,baixo
3,10000.0,30,0.6666666666666666,30,3,1,0,0,0,0,0,1,1,0,1,0,baixo
8,10000.0,7,0.5714285714285714,1,2,1,0,0,0,1,1,0,0,0,0,0,alto
4,10000.0,2,1.0,1,1,1,0,0,0,0,1,0,0,0,0,0,medio_baixo
2,0.0,0,0.0,1,3,1,0,0,0,1,0,1,0,0,0,0,gratuito
5,10000.0,39,0.8205128205128205,11,5,1,0,0,0,1,0,1,1,0,1,0,medio_alto
5,10000.0,3,0.3333333333333333,1,5,1,0,0,0,0,1,1,0,1,0,1,alto
3,0.0,0,0.0,0,0,1,0,0,0,0,0,0,0,0,0,0,gratuito
7,75000.0,1532,0.8714099216710183,1,3,1,0,0,2,1,0,0,1,0,0,1,baixo
12,35000.0,60,0.2,1,2,1,1,1,1,1,0,1,0,0,0,0,baixo
3,10000.0,0,0.0,1,5,1,0,0,0,1,1,1,1,0,0,1,medio_baixo
4,1500000.0,11866,0.8202427102646216,8,4,1,1,1,13,1,0,1,0,1,1,0,alto
17,35000.0,332,0.4879518072289157,1,2,1,0,0,0,0,0,0,1,1,0,0,alto
5,10000.0,66,0.4090909090909091,8,3,1,0,0,0,0,0,0,0,0,1,1,alto
4,10000.0,25,0.96,3,3,1,0,1,1,1,0,0,1,0,0,0,gratuito
6,150000.0,869,0.9205983889528193,9,3,1,0,0,0,1,0,0,0,0,0,1,medio_baixo
2,10000.0,0,0.0,7,4,1,0,0,0,1,1,0,1,0,0,0,medio_alto
2,0.0,0,0.0,2,4,1,0,0,0,0,1,0,1,0,0,0,gratuito
2,0.0,0,0.0,0,0,1,0,0,0,0,0,0,0,0,0,0,gratuito
3,0.0,0,0.0,0,0,1,0,0,0,0,0,0,0,0,0,0,gratuito
8,10000.0,89,0.9438202247191011,1,1,1,0,0,0,0,0,1,0,0,0,0,alto
1,0.0,0,0.0,2,5,1,0,0,0,1,1,0,0,0,1,1,medio_alto
1,0.0,0,0.0,1,4,1,0,0,0,1,1,1,1,0,0,0,medio_baixo
5,10000.0,4,0.5,2,1,1,0,0,0,0,0,0,0,0,0,0,medio_alto
4,150000.0,12,1.0,1,4,1,1,0,0,1,1,0,1,0,0,0,medio_alto
6,35000.0,3,0.6666666666666666,1,4,1,0,0,0,1,0,1,1,0,0,1,medio_alto
7,10000.0,14,0.7142857142857143,1,3,1,0,0,0,1,0,1,0,0,1,0,alto
6,75000.0,1470,0.7877551020408163,19,3,1,0,0,0,0,0,0,1,0,0,1,gratuito
1,0.0,0,0.0,0,0,1,0,0,0,0,0,0,0,0,0,0,gratuito
2,0.0,0,0.0,0,0,1,0,0,0,0,0,0,0,0,0,0,gratuito
1,10000.0,0,0.0,1,3,1,0,0,1,1,1,1,0,0,0,0,alto
1,0.0,0,0.0,2,1,1,0,0,0,0,1,0,0,0,0,0,baixo
7,35000.0,391,0.9309462915601023,3,3,1,1,1,0,1,0,0,1,0,0,1,medio_baixo
1,10000.0,7,0.42857142857142855,1,5,1,0,0,0,1,0,0,1,1,1,1,medio_alto
5,10000.0,216,0.9351851851851852,4,3,1,0,0,1,1,0,1,0,1,0,0,medio_alto
4,10000.0,4,1.0,7,4,1,0,0,0,1,1,0,1,0,0,0,medio_alto
2,10000.0,43,0.8837209302325582,1,5,1,0,0,0,1,0,0,0,0,0,1,medio_alto
1,0.0,0,0.0,2,3,1,0,0,0,0,0,0,1,0,1,1,medio_alto
9,150000.0,152,0.6447368421052632,9,5,1,1,0,0,1,1,0,1,0,0,0,gratuito
7,10000.0,78,0.9102564102564102,8,3,1,0,0,0,1,1,0,1,0,0,0,alto
7,35000.0,3,1.0,1,2,1,0,0,0,1,0,1,0,0,0,0,alto
7,10000.0,23,0.5652173913043478,103,5,1,0,0,0,1,0,1,1,0,1,1,baixo
1,10000.0,48,0.9375,1,2,1,1,1,0,0,1,0,0,0,0,1,baixo
1,35000.0,2,1.0,3,1,1,0,0,0,0,0,1,0,0,0,0,medio_alto
6,10000.0,5,0.6,1,2,1,0,0,0,1,1,0,0,0,0,0,medio_baixo
1,10000.0,0,0.0,1,3,1,0,0,0,1,0,0,1,0,0,1,alto
2,10000.0,1,1.0,1,2,1,0,0,1,0,0,0,1,0,0,1,medio_alto
4,10000.0,74,0.8918918918918919,2,2,1,0,0,0,1,0,0,0,0,1,0,medio_alto
1,10000.0,0,0.0,17,4,1,0,0,0,1,0,0,1,0,0,1,alto
10,350000.0,460,0.48695652173913045,1,3,1,1,1,0,1,0,0,1,0,1,0,baixo
3,10000.0,0,0.0,1,5,1,0,0,0,0,0,1,0,1,1,0,gratuito
12,750000.0,4328,0.8542051756007394,26,8,1,0,0,8,1,1,0,1,0,1,0,gratuito
1,0.0,0,0.0,1,3,1,0,0,0,1,1,0,1,0,0,0,gratuito
7,10000.0,13,0.0,1,3,1,0,0,0,1,1,1,0,0,0,0,baixo
12,10000.0,588,0.5697278911564626,6,2,1,0,0,5,0,0,0,0,0,0,0,alto
1,0.0,0,0.0,6,3,1,0,0,0,1,0,0,1,0,0,1,medio_alto
2,10000.0,0,0.0,1,3,1,0,0,0,0,0,1,1,1,0,0,alto
1,0.0,0,0.0,1,6,1,0,0,0,1,1,1,1,1,1,0,medio_alto
4,10000.0,24,0.7916666666666666,2,5,1,0,0,0,1,1,1,1,0,0,0,medio_alto
4,10000.0,27,0.9259259259259259,2,3,1,0,1,0,1,0,0,1,1,0,0,medio_baixo
2,10000.0,52,0.9807692307692307,2,2,1,0,0,0,1,0,0,0,0,0,1,medio_baixo
2,10000.0,72,0.875,1,6,1,0,0,0,1,1,1,0,0,0,1,alto
1,0.0,0,0.0,0,0,1,0,0,0,0,0,0,0,0,0,0,gratuito
17,75000.0,395,0.8835443037974684,2,1,1,0,0,0,0,0,1,0,0,0,0,medio_alto
3,10000.0,274,0.8394160583941606,4,4,1,1,0,0,1,1,0,0,1,1,0,medio_alto
8,10000.0,17566,0.7297620403051349,12,2,1,1,1,0,0,1,1,0,0,0,0,medio_alto
1,0.0,0,0.0,103,2,1,0,1,0,1,0,0,1,0,0,0,medio_baixo
9,150000.0,1155,0.9376623376623376,1,3,1,0,0,1,1,0,1,0,0,0,0,gratuito
7,10000.0,0,0.0,1,1,1,1,1,0,1,0,0,0,0,0,0,alto
4,0.0,0,0.0,1,5,1,0,0,0,0,0,0,0,1,1,1,gratuito
1,10000.0,0,0.0,1,2,1,0,0,0,1,0,0,0,1,0,0,medio_alto
7,10000.0,50,0.64,9,3,1,0,0,0,1,1,0,0,1,0,0,medio_baixo
9,10000.0,1,1.0,1,4,1,0,0,0,1,0,1,0,1,0,0,medio_alto
2,10000.0,0,0.0,2,3,1,0,1,0,0,1,1,0,0,0,0,alto
8,10000.0,25,0.64,1,3,1,1,1,0,1,0,1,0,1,0,0,medio_alto
6,10000.0,10,0.9,1,4,1,1,1,0,1,0,1,1,1,0,0,alto
2,10000.0,0,0.0,8,8,1,0,0,0,1,1,1,1,1,1,0,gratuito
2,10000.0,1,1.0,1,6,1,1,1,0,1,1,1,1,1,1,0,medio_baixo
4,10000.0,3,0.6666666666666666,1,3,1,0,0,0,1,1,1,0,0,0,0,baixo
19,1500000.0,16177,0.9460344934165791,1,1,1,0,0,0,0,0,0,0,0,1,0,gratuito
2,350000.0,42,0.6428571428571429,17,9,1,0,0,3,1,1,1,1,1,0,1,medio_alto
4,10000.0,6,0.8333333333333334,1,1,1,0,0,0,1,0,0,0,0,0,0,gratuito
5,10000.0,9,1.0,12,3,1,0,0,0,1,1,0,1,0,0,0,medio_alto
1,10000.0,4,1.0,1,2,1,0,0,0,1,0,0,0,0,1,0,medio_alto
2,10000.0,5,0.6,1,3,1,0,0,0,1,1,1,0,0,0,0,medio_alto
7,150000.0,2262,0.9279398762157383,2,1,1,0,0,1,1,0,0,0,0,0,0,baixo
1,10000.0,5,1.0,10,4,1,0,0,0,1,1,1,0,0,0,0,baixo
1,35000.0,5,0.6,2,4,1,0,0,0,1,0,0,1,0,0,1,medio_alto
5,10000.0,59,0.9661016949152542,103,1,1,0,0,1,0,0,0,1,0,0,0,baixo
10,10000.0,65,0.9384615384615385,2,3,1,1,1,0,1,0,1,1,0,0,0,medio_baixo
2,10000.0,0,0.0,2,3,1,0,0,0,1,1,0,1,0,0,0,baixo
4,10000.0,17,0.6470588235294118,6,2,1,0,0,0,0,0,1,0,0,0,0,medio_baixo
6,10000.0,45,0.9111111111111111,1,3,1,0,0,0,1,1,0,1,0,0,0,baixo
6,10000.0,5,1.0,1,4,1,0,0,0,1,1,1,0,1,0,0,medio_alto
7,10000.0,13,0.6923076923076923,103,2,1,0,0,0,1,0,0,1,0,0,0,baixo
3,75000.0,436,0.8600917431192661,10,2,1,0,0,1,1,1,0,0,0,0,0,alto
9,10000.0,26,0.6923076923076923,2,1,1,0,0,0,0,1,0,0,0,0,0,medio_alto
1,35000.0,113,0.9823008849557522,3,4,1,1,0,2,1,1,0,0,0,1,0,alto
7,10000.0,4,1.0,1,4,1,0,0,0,1,1,0,1,0,0,0,baixo
2,10000.0,12,0.8333333333333334,3,2,1,0,0,0,1,0,1,0,0,0,0,medio_baixo
4,75000000.0,714114,0.5875728525137444,14,1,1,0,0,43,0,1,0,0,0,0,0,gratuito
5,35000.0,91,0.5274725274725275,1,4,1,0,0,0,1,0,0,1,0,0,1,gratuito
8,10000.0,67,0.8656716417910447,2,3,1,1,1,0,1,0,1,1,0,0,0,baixo
6,10000.0,31,0.8387096774193549,1,5,1,0,0,0,1,0,1,1,0,1,1,medio_alto
1,10000.0,1,1.0,1,3,1,0,0,1,1,1,0,0,0,0,0,medio_baixo
1,0.0,0,0.0,0,0,1,0,0,0,0,0,0,0,0,0,0,gratuito
1,10000.0,0,0.0,1,5,1,0,0,0,1,0,1,0,1,0,1,baixo
2,0.0,0,0.0,0,0,1,0,0,0,0,0,0,0,0,0,0,gratuito
4,10000.0,5,0.8,17,6,1,0,0,0,1,1,1,1,1,1,0,medio_baixo
3,10000.0,73,0.8904109589041096,2,3,1,0,0,0,0,0,1,1,1,0,0,alto
10,150000.0,255,0.9333333333333333,1,4,1,0,0,0,1,0,0,1,1,1,0,baixo
4,35000.0,22,1.0,1,4,1,0,0,0,1,1,1,0,1,0,0,baixo
3,0.0,0,0.0,1,7,1,0,0,0,1,0,1,1,1,1,0,gratuito
2,10000.0,29,0.8620689655172413,1,6,1,0,0,0,1,1,1,1,1,1,0,medio_baixo
4,10000.0,0,0.0,1,2,1,0,0,0,1,0,1,0,0,0,0,gratuito
4,35000.0,119,0.8991596638655462,1,3,1,0,0,0,0,0,1,0,1,1,0,medio_alto
2,35000.0,1414,0.8345120226308345,26,4,1,0,0,0,1,1,1,1,0,0,0,medio_alto
5,10000.0,11,0.8181818181818182,1,1,1,0,0,0,0,0,0,0,0,0,1,gratuito
10,10000.0,44,0.6136363636363636,1,2,1,0,1,0,1,0,0,0,0,1,0,medio_baixo
4,10000.0,0,0.0,1,4,1,0,0,0,1,1,1,1,0,0,0,baixo
6,10000.0,1,1.0,3,1,1,0,0,0,0,0,0,0,0,0,0,alto
11,75000.0,109,0.3211009174311927,1,2,1,0,0,0,0,0,0,0,0,1,0,gratuito
3,0.0,0,0.0,1,3,1,0,0,0,1,0,1,0,0,0,0,gratuito
6,10000.0,9,0.4444444444444444,2,4,1,0,0,0,1,1,1,0,1,0,0,baixo
1,0.0,0,0.0,1,3,1,0,0,0,1,0,0,1,0,1,0,medio_baixo
5,10000.0,32,0.90625,1,3,1,1,0,0,1,0,0,1,0,1,0,medio_baixo
1,10000.0,6,0.8333333333333334,1,3,1,0,0,0,1,0,0,1,0,0,0,medio_baixo
1,0.0,0,0.0,2,1,1,0,1,0,1,0,0,0,0,0,0,alto
1,10000.0,2,1.0,8,2,1,0,0,0,0,1,0,0,0,0,0,medio_alto
1,0.0,0,0.0,2,4,1,0,0,0,1,0,0,1,1,0,1,medio_baixo
1,0.0,0,0.0,103,2,1,0,0,0,1,1,0,0,0,0,0,medio_alto
6,10000.0,3,0.6666666666666666,2,3,1,0,0,0,1,0,1,1,0,0,0,medio_baixo
9,35000.0,56,0.5,1,7,1,0,0,0,1,1,1,1,1,1,1,baixo
1,0.0,0,0.0,1,3,1,0,0,0,0,1,1,0,1,0,0,alto
6,10000.0,13,0.6923076923076923,2,7,1,0,0,0,1,1,1,1,1,1,0,baixo
4,10000.0,3,1.0,1,1,1,0,0,0,0,0,0,0,0,0,1,medio_alto
1,10000.0,0,0.0,27,2,1,1,1,0,1,0,0,0,0,0,1,baixo
2,10000.0,3,0.0,1,1,1,0,0,0,1,0,0,0,0,0,0,baixo
2,10000.0,11,1.0,7,4,1,0,0,0,1,1,1,0,0,0,0,gratuito
13,350000.0,2809,0.8743325026699893,5,1,1,1,1,1,0,0,1,0,0,0,0,medio_baixo
1,10000.0,228,0.8771929824561403,22,4,1,1,0,1,1,0,0,1,0,1,1,medio_baixo
2,10000.0,2,0.5,3,3,1,0,0,0,1,0,0,1,0,0,1,medio_alto
1,35000.0,7,1.0,2,1,1,0,0,0,0,0,1,0,0,0,0,medio_alto
1,0.0,0,0.0,1,3,1,0,1,0,1,1,0,0,1,0,0,baixo
7,10000.0,2,0.0,1,3,1,1,0,0,1,0,0,0,0,1,0,medio_alto
3,10000.0,39,0.8205128205128205,7,4,1,1,1,0,1,0,0,1,0,1,1,medio_alto
3,10000.0,180,0.9333333333333333,9,2,1,0,0,1,1,1,0,0,0,0,0,baixo
2,10000.0,8,0.875,1,5,1,0,0,0,0,1,1,1,0,0,1,gratuito
4,10000.0,11,0.8181818181818182,1,4,1,1,0,0,1,1,0,1,0,0,0,medio_alto
3,0.0,0,0.0,1,4,1,0,0,0,1,1,0,1,0,0,0,gratuito
1,10000.0,530,0.690566037735849,8,3,1,0,0,0,1,1,1,0,0,0,0,medio_alto
2,0.0,0,0.0,1,1,1,0,0,0,0,0,0,0,0,0,0,gratuito
1,0.0,0,0.0,0,0,1,0,0,0,0,0,0,0,0,0,0,gratuito
1,0.0,0,0.0,1,3,1,0,0,1,1,1,0,0,0,1,0,baixo
4,10000.0,36,0.7777777777777778,29,4,1,1,1,1,1,0,0,1,1,1,0,medio_baixo
7,10000.0,0,0.0,1,2,1,0,0,0,0,0,1,0,1,0,0,alto
5,10000.0,18,0.6666666666666666,1,2,1,0,0,0,0,1,0,1,0,0,0,baixo
5,10000.0,7,0.7142857142857143,1,3,1,0,0,0,1,0,1,0,1,0,0,medio_baixo
2,10000.0,131,0.8396946564885496,1,2,1,1,1,1,0,0,0,0,1,1,0,alto
6,750000.0,17216,0.9192611524163569,31,7,1,1,0,0,1,0,1,1,1,1,1,gratuito
8,10000.0,0,0.0,1,2,1,0,0,0,1,0,0,1,0,0,0,baixo
1,10000.0,0,0.0,10,2,1,0,0,0,1,0,0,1,0,0,0,medio_baixo
1,10000.0,4,0.75,1,2,1,0,0,0,0,0,0,0,1,1,0,medio_alto
1,10000.0,9,0.8888888888888888,1,1,1,0,0,0,1,0,0,0,0,0,0,medio_baixo
3,0.0,0,0.0,1,4,1,0,0,0,1,1,0,1,0,0,0,gratuito
9,35000.0,499,0.8036072144288577,1,2,1,0,0,0,1,0,0,0,0,0,1,baixo
7,10000.0,25,0.72,3,2,1,1,0,0,1,0,0,1,0,0,0,medio_baixo
2,10000.0,1,1.0,1,4,1,0,0,0,1,0,1,0,0,0,1,medio_baixo
1,0.0,0,0.0,1,1,1,0,0,0,0,0,0,0,0,1,0,medio_baixo
4,10000.0,106,0.9905660377358491,1,3,1,0,1,0,1,1,0,1,0,0,0,baixo
9,10000.0,36,0.6666666666666666,1,2,1,0,0,0,1,0,0,0,0,0,1,gratuito
11,35000.0,114,0.5877192982456141,1,3,1,1,0,1,1,1,0,0,0,0,1,baixo
8,10000.0,24,0.625,8,5,1,0,0,0,1,1,1,1,0,0,0,baixo
1,10000.0,0,0.0,10,4,1,0,0,0,1,1,1,0,1,0,0,medio_alto
12,10000.0,67,0.8059701492537313,2,2,1,1,1,0,0,0,1,1,0,0,0,medio_baixo
2,10000.0,8,0.5,9,3,1,0,0,0,1,0,0,0,0,1,1,medio_baixo
8,10000.0,14,1.0,3,1,1,0,0,0,0,1,0,0,0,0,0,gratuito
2,0.0,0,0.0,103,2,1,0,0,0,0,0,0,1,0,0,0,gratuito
7,10000.0,314,0.9585987261146497,5,2,1,1,1,1,1,0,1,0,0,0,0,medio_baixo
6,75000.0,382,0.9397905759162304,2,7,1,0,0,0,1,1,1,1,1,0,1,gratuito
3,0.0,0,0.0,1,1,1,0,0,0,1,0,0,0,0,0,0,gratuito
10,150000.0,419,0.23389021479713604,1,3,1,0,0,0,1,1,0,0,0,0,0,gratuito
2,10000.0,0,0.0,1,1,1,0,0,0,0,0,1,0,0,0,0,baixo
5,10000.0,15,0.8666666666666667,3,3,1,0,0,0,1,1,1,0,0,0,0,baixo
1,10000.0,0,0.0,28,2,1,0,0,0,1,0,0,1,0,0,0,baixo
5,10000.0,25,1.0,6,3,1,0,0,0,1,1,1,0,0,0,0,medio_baixo
2,150000.0,1,1.0,2,4,1,0,0,0,1,0,1,0,1,0,0,medio_alto
4,0.0,0,0.0,0,0,1,0,0,0,0,0,0,0,0,0,0,gratuito
2,75000.0,3,1.0,2,3,1,0,0,2,1,0,1,1,0,0,0,baixo
3,10000.0,5,0.8,1,2,1,1,0,0,0,0,1,1,0,0,0,medio_alto
1,0.0,0,0.0,103,2,1,0,0,0,1,0,0,1,0,0,0,baixo
1,0.0,0,0.0,103,2,1,0,0,0,0,0,0,0,0,1,1,alto
1,10000.0,17,0.7058823529411765,2,2,1,0,0,0,1,0,1,0,0,0,0,medio_baixo
2,0.0,0,0.0,0,0,1,0,0,0,0,0,0,0,0,0,0,gratuito
1,10000.0,6,0.8333333333333334,1,3,1,0,0,0,1,1,0,1,0,0,0,medio_baixo
10,10000.0,49,0.8775510204081632,1,1,1,0,0,0,0,0,0,0,0,0,1,gratuito
6,35000.0,3,0.6666666666666666,5,2,1,1,0,0,1,1,0,0,0,0,0,medio_baixo
3,10000.0,1,1.0,1,4,1,0,0,0,1,0,0,1,0,0,1,medio_alto
1,0.0,0,0.0,0,0,1,0,0,0,0,0,0,0,0,0,0,gratuito
7,10000.0,9,0.7777777777777778,1,2,1,0,0,0,0,1,0,0,0,0,0,gratuito
6,10000.0,61,0.6557377049180327,2,2,1,0,0,1,1,1,0,0,0,0,0,medio_alto
1,10000.0,13,1.0,16,2,1,0,0,0,1,0,1,0,0,0,0,medio_baixo
2,10000.0,3,1.0,10,4,1,0,0,0,1,0,0,1,1,1,0,medio_baixo
9,10000.0,21,0.8571428571428571,2,4,1,0,0,0,1,0,0,1,0,0,1,gratuito
8,35000.0,4,0.25,27,2,1,0,0,0,1,0,0,1,0,0,0,baixo
7,350000.0,6103,0.8364738653121415,15,4,1,0,0,0,1,1,1,1,0,0,0,medio_baixo
8,10000.0,24,0.4583333333333333,1,4,1,0,0,0,0,0,0,0,0,0,1,baixo
6,10000.0,15,0.8,1,3,1,0,0,0,1,0,0,0,0,1,1,baixo
7,10000.0,40,0.8,12,3,1,1,0,0,1,0,1,1,0,0,0,medio_baixo
3,10000.0,0,0.0,2,1,1,0,1,0,0,0,0,0,1,0,0,medio_baixo
1,10000.0,0,0.0,20,2,1,0,0,0,1,0,0,1,0,0,0,baixo
10,10000.0,3,1.0,1,3,1,0,0,0,0,0,0,1,0,1,1,medio_alto
3,10000.0,16,0.9375,1,2,1,0,0,0,1,0,1,0,0,0,0,medio_alto
5,150000.0,490,0.8959183673469387,1,3,1,0,0,0,1,0,0,0,1,0,0,gratuito
1,0.0,0,0.0,1,2,1,0,0,0,0,1,0,1,0,0,0,medio_alto
2,10000.0,0,0.0,1,6,1,0,0,0,1,0,1,1,1,0,1,alto
5,10000.0,6,1.0,1,5,1,0,0,0,0,0,0,0,0,0,0,medio_alto
7,10000.0,22,0.8181818181818182,1,1,1,0,1,1,0,0,0,1,0,0,0,baixo
9,10000.0,24,0.8333333333333334,1,2,1,0,1,1,1,1,0,0,0,0,0,medio_baixo
4,10000.0,46,0.30434782608695654,103,5,1,1,1,0,1,1,1,1,0,0,1,alto
1,0.0,0,0.0,1,2,1,0,0,0,1,0,0,0,0,0,0,gratuito
4,35000.0,4,0.5,1,4,1,0,0,0,0,0,0,1,0,1,1,gratuito
5,0.0,0,0.0,0,0,1,0,0,0,0,0,0,0,0,0,0,gratuito
10,750000.0,436,0.5068807339449541,1,4,1,0,0,0,0,1,0,0,0,0,1,baixo
1,10000.0,0,0.0,1,1,1,1,0,0,0,0,0,0,0,0,0,alto
5,10000.0,0,0.0,1,2,1,0,0,2,1,0,0,1,0,0,0,baixo
4,350000.0,3877,0.7198865101882899,15,3,1,0,0,4,0,1,1,0,1,0,0,alto
7,10000.0,2,0.5,1,3,1,0,0,0,1,0,1,1,0,0,0,medio_alto
2,10000.0,8,0.0,26,5,1,0,0,0,1,1,0,0,0,0,1,baixo
1,0.0,0,0.0,3,2,1,0,0,0,1,1,0,0,0,0,0,alto
5,10000.0,6,0.8333333333333334,7,3,1,0,0,0,1,1,0,0,0,0,0,medio_alto
5,10000.0,3,0.6666666666666666,1,3,1,0,1,0,1,1,1,0,0,0,0,medio_alto
5,10000.0,84,0.8452380952380952,5,3,1,0,0,0,1,0,0,1,0,0,1,medio_baixo
6,10000.0,31,0.8387096774193549,5,4,1,0,0,1,1,1,0,0,0,0,1,alto
1,0.0,0,0.0,1,3,1,0,0,0,0,0,0,0,1,1,0,gratuito
2,0.0,0,0.0,1,2,1,0,0,0,0,1,0,0,0,0,0,gratuito
17,350000.0,3170,0.6772870662460568,1,0,1,0,0,0,0,0,0,0,0,0,0,medio_baixo
8,150000.0,191,0.8115183246073299,2,4,1,1,1,1,1,0,1,0,1,0,0,gratuito
8,75000.0,193,0.7927461139896373,9,2,1,1,1,0,0,0,1,1,0,0,0,medio_alto
2,10000.0,3,1.0,1,4,1,0,0,0,1,0,1,1,0,0,1,medio_baixo
5,10000.0,28,0.35714285714285715,1,5,1,0,0,0,1,1,1,1,0,1,0,baixo
6,10000.0,154,0.8506493506493507,1,4,1,1,1,0,1,0,1,1,0,0,0,gratuito
1,10000.0,7,1.0,1,2,1,1,1,0,1,0,0,1,0,0,0,medio_alto
5,0.0,0,0.0,0,0,1,0,0,0,0,0,0,0,0,0,0,gratuito
1,0.0,0,0.0,4,4,1,0,0,0,1,0,0,1,0,1,1,alto
1,10000.0,0,0.0,4,4,1,0,0,0,1,0,1,1,0,1,0,alto
5,10000.0,89,0.8426966292134831,6,4,1,0,0,1,1,1,1,1,0,0,0,alto
2,10000.0,6,1.0,7,2,1,0,0,0,1,0,0,1,0,0,0,medio_alto
3,10000.0,12,0.5,1,3,1,0,0,0,0,1,1,0,1,0,0,medio_baixo
8,10000.0,38,0.9473684210526315,1,2,1,0,0,0,1,0,0,0,0,1,0,alto
4,35000.0,7,0.5714285714285714,1,3,1,0,0,0,1,1,0,0,0,0,0,alto
2,10000.0,12,1.0,1,1,1,0,0,0,1,0,0,0,0,0,0,baixo
2,10000.0,1,1.0,7,3,1,0,0,0,1,1,1,0,0,0,0,medio_baixo
1,0.0,0,0.0,1,3,1,0,1,0,1,0,0,1,0,0,0,gratuito
1,10000.0,2,1.0,1,5,1,0,0,0,1,1,1,1,0,0,1,medio_alto
10,10000.0,55,0.5454545454545454,1,3,1,0,1,0,1,1,0,0,1,0,0,gratuito
2,10000.0,103,0.883495145631068,1,3,1,0,0,0,1,0,0,1,0,0,0,baixo
5,35000.0,6,0.8333333333333334,1,4,1,0,0,0,1,1,0,0,0,1,0,gratuito
2,10000.0,12,0.75,15,2,1,1,0,0,0,0,0,1,0,1,0,medio_alto
3,10000.0,1,1.0,103,5,1,0,0,0,1,0,0,1,0,0,1,medio_alto
2,10000.0,0,0.0,2,3,1,0,0,0,1,1,0,1,0,0,0,medio_baixo
2,0.0,0,0.0,0,0,1,0,0,0,0,0,0,0,0,0,0,gratuito
4,0.0,0,0.0,10,3,1,0,0,0,0,0,0,0,0,1,1,gratuito
10,10000.0,26,0.8846153846153846,1,4,1,0,0,0,0,0,0,0,0,0,0,gratuito
20,1500000.0,1618,0.9103831891223733,5,1,1,1,0,0,0,0,0,0,0,1,0,medio_alto
9,10000.0,37,0.5135135135135135,2,1,1,0,0,0,0,0,0,1,0,0,0,medio_baixo
2,10000.0,4,0.25,11,8,1,0,0,0,1,1,1,1,0,1,1,baixo
1,0.0,0,0.0,3,2,1,0,1,1,1,0,0,0,0,0,1,baixo
5,10000.0,29,0.9655172413793104,1,2,1,0,0,0,1,0,0,1,0,0,0,baixo
1,10000.0,147,0.8435374149659864,1,3,1,0,0,0,1,0,0,1,0,0,1,medio_baixo
6,10000.0,1,1.0,1,1,1,0,0,0,0,0,0,1,0,0,0,medio_baixo
3,10000.0,3,1.0,2,1,1,0,0,0,0,0,1,0,0,0,0,alto
6,35000.0,14,0.9285714285714286,2,2,1,0,0,0,1,0,0,0,0,0,0,gratuito
10,10000.0,13,0.5384615384615384,1,2,1,0,0,0,1,1,0,0,0,0,0,gratuito
1,10000.0,0,0.0,31,2,1,0,0,0,1,0,0,1,0,0,0,baixo
1,0.0,0,0.0,12,2,1,0,0,0,1,1,0,0,0,0,0,medio_alto
5,10000.0,6,1.0,1,4,1,0,0,0,1,0,1,0,1,1,0,medio_baixo
2,10000.0,7,0.8571428571428571,1,2,1,0,0,0,1,1,0,0,0,0,0,medio_baixo
6,10000.0,515,0.6893203883495146,8,4,1,0,0,0,1,1,0,1,0,1,0,medio_baixo
2,10000.0,0,0.0,1,3,1,1,1,0,1,0,1,1,0,0,0,medio_baixo
1,10000.0,0,0.0,9,3,1,0,0,0,1,0,0,1,0,0,1,medio_alto
4,75000.0,4,1.0,29,2,1,0,0,0,1,0,0,1,0,0,0,medio_baixo
8,10000.0,13,0.5384615384615384,2,3,1,0,0,1,1,0,0,1,0,1,0,baixo
2,0.0,0,0.0,103,8,1,1,1,0,1,1,1,1,0,1,1,alto
3,10000.0,17,1.0,5,2,1,1,0,1,1,0,0,1,0,0,0,alto
3,10000.0,0,0.0,1,3,1,0,0,0,1,1,0,1,0,0,0,baixo
1,10000.0,0,0.0,2,3,1,0,0,0,1,1,0,0,0,1,0,medio_alto
11,10000.0,53,0.660377358490566,2,3,1,1,0,0,1,0,1,1,0,0,0,baixo
12,10000.0,133,0.6842105263157895,1,3,1,1,1,1,1,0,0,1,0,0,1,medio_baixo
1,0.0,0,0.0,103,2,1,0,0,2,1,0,0,1,0,0,0,baixo
4,10000.0,1145,0.7991266375545851,1,4,1,0,0,9,0,0,0,0,0,0,1,medio_alto
10,10000.0,18,0.7777777777777778,1,2,1,0,0,0,0,0,1,1,0,0,0,medio_alto
4,10000.0,35,0.14285714285714285,2,6,1,0,0,0,1,1,1,1,1,0,1,medio_alto
3,35000.0,334,0.9131736526946108,2,3,1,0,0,1,1,0,1,1,0,0,0,baixo
2,10000.0,7,0.8571428571428571,3,3,1,0,0,0,1,0,0,1,0,1,0,medio_baixo
8,75000.0,370,0.7972972972972973,8,1,1,0,0,2,1,0,0,0,0,0,0,alto
7,10000.0,59,0.7796610169491526,2,5,1,0,0,0,1,1,1,0,1,0,0,baixo
11,10000.0,50,0.8,1,2,1,1,1,0,1,0,0,1,0,0,0,baixo
3,10000.0,12,0.9166666666666666,2,3,1,1,0,0,1,0,0,1,0,0,1,baixo
6,10000.0,50,0.9,29,2,1,0,0,1,1,0,0,1,0,0,0,baixo
6,10000.0,25,1.0,2,1,1,0,0,0,0,0,1,0,0,0,0,baixo
7,1500000.0,27191,0.8744069728954433,11,2,1,1,1,11,0,0,0,0,0,1,1,alto
1,0.0,0,0.0,0,0,1,0,0,0,0,0,0,0,0,0,0,gratuito
1,0.0,0,0.0,0,0,1,0,0,0,0,0,0,0,0,0,0,gratuito
7,10000.0,4,0.75,1,4,1,0,0,0,1,0,0,1,0,0,1,baixo
1,10000.0,1,0.0,2,1,1,0,0,0,1,0,0,0,0,0,0,baixo
3,10000.0,5,0.8,1,3,1,0,1,1,1,1,0,1,0,0,0,baixo
6,10000.0,4,0.75,1,5,1,0,0,0,1,1,1,1,0,0,0,alto
3,10000.0,37,0.7297297297297297,2,2,1,0,0,0,1,0,1,0,0,0,0,alto
4,10000.0,0,0.0,1,3,1,0,0,0,0,1,0,1,0,0,0,medio_baixo
6,10000.0,53,0.8301886792452831,4,1,1,0,0,0,0,0,0,1,0,0,0,alto
8,35000.0,4,1.0,1,3,1,0,0,0,0,0,1,0,1,1,0,medio_alto
10,10000.0,9,0.4444444444444444,6,2,1,1,1,0,1,1,0,0,0,0,0,medio_alto
8,10000.0,94,0.648936170212766,2,3,1,0,0,0,0,0,0,0,0,0,1,gratuito
1,10000.0,82,0.8292682926829268,10,5,1,0,0,0,1,1,0,1,0,0,1,medio_alto
5,10000.0,7,0.42857142857142855,1,2,1,0,0,0,1,1,0,0,0,0,0,baixo
2,10000.0,36,0.6944444444444444,1,3,1,0,0,0,0,1,0,0,0,0,0,gratuito
2,35000.0,1449,0.9158040027605245,3,3,1,0,0,9,1,1,0,1,0,0,0,alto
7,10000.0,38,0.9736842105263158,11,3,1,0,0,0,1,1,0,1,0,0,0,baixo
4,10000.0,0,0.0,1,2,1,0,0,0,0,0,1,1,0,0,0,medio_baixo
3,10000.0,9,0.6666666666666666,1,1,1,0,0,0,0,0,1,0,0,0,0,alto
4,10000.0,0,0.0,3,2,1,0,0,0,1,0,0,0,0,0,1,alto
9,10000.0,67,0.8507462686567164,1,1,1,1,1,0,1,0,0,0,0,0,0,alto
4,10000.0,18,0.4444444444444444,3,5,1,0,0,0,1,1,1,0,1,0,0,medio_baixo
8,10000.0,44,0.8863636363636364,4,2,1,1,0,0,0,0,0,0,0,1,1,medio_baixo
8,10000.0,16,1.0,1,1,1,1,1,0,1,0,0,0,0,0,0,alto
11,10000.0,55,0.8,1,2,1,0,0,0,1,0,0,0,0,1,0,medio_alto
3,75000.0,2236,0.7075134168157424,16,3,1,0,0,0,0,0,0,1,0,1,1,alto
8,10000.0,4,0.25,1,5,1,1,0,0,1,1,1,0,0,1,1,gratuito
2,350000.0,3691,0.968843131942563,16,3,1,1,1,1,1,0,1,0,0,0,1,medio_alto
2,0.0,0,0.0,1,3,1,1,1,0,1,0,0,1,0,0,0,gratuito
3,10000.0,69,0.6956521739130435,9,4,1,0,0,1,1,1,1,1,0,0,0,medio_alto
1,10000.0,5,1.0,1,2,1,0,1,0,1,0,1,0,0,0,0,baixo
6,10000.0,9,1.0,13,4,1,1,1,0,1,1,0,1,0,1,0,medio_alto
5,35000.0,29,0.6206896551724138,1,2,1,0,0,0,1,0,1,0,0,0,0,medio_alto
6,10000.0,8,0.875,8,1,1,0,0,1,0,1,0,0,0,0,0,baixo
1,10000.0,0,0.0,10,5,1,0,0,0,1,0,0,1,1,0,1,medio_alto
3,10000.0,13,0.9230769230769231,1,4,1,0,0,0,1,1,0,1,0,0,0,medio_alto
1,0.0,0,0.0,0,0,1,0,0,0,0,0,0,0,0,0,0,gratuito
4,0.0,0,0.0,0,0,1,0,0,0,0,0,0,0,0,0,0,gratuito
5,10000.0,0,0.0,1,1,1,0,0,0,0,0,0,1,0,0,0,medio_alto
1,0.0,0,0.0,1,2,1,0,0,0,0,0,1,0,1,0,0,alto
3,10000.0,56,0.9821428571428571,3,3,1,0,0,0,1,0,1,1,0,0,0,medio_baixo
3,10000.0,15,0.6,2,2,1,0,0,0,1,0,1,0,0,0,0,medio_alto
1,10000.0,0,0.0,2,2,1,0,0,0,0,0,0,1,0,1,0,medio_baixo
4,0.0,0,0.0,1,1,1,0,0,0,0,0,0,0,0,0,0,gratuito
2,10000.0,0,0.0,10,1,1,0,0,0,0,1,0,0,0,0,0,medio_alto
6,10000.0,4,1.0,1,2,1,0,0,0,1,1,0,0,0,0,0,medio_baixo
5,10000.0,0,0.0,1,6,1,0,0,0,1,1,1,1,1,0,1,baixo
2,10000.0,0,0.0,1,3,1,0,0,0,1,1,0,1,0,0,0,medio_alto
1,10000.0,0,0.0,1,1,1,0,0,0,0,0,0,1,0,0,0,medio_baixo
9,75000.0,164,0.6829268292682927,2,3,1,0,0,0,1,1,0,0,0,1,0,baixo
6,10000.0,58,0.5517241379310345,3,4,1,0,0,0,1,1,0,0,0,0,1,medio_baixo
1,0.0,0,0.0,2,3,1,0,0,0,0,0,0,1,0,0,0,gratuito
6,10000.0,22,0.6363636363636364,1,3,1,0,0,0,1,1,0,1,0,0,0,alto
4,35000.0,5,0.8,2,5,1,0,0,0,1,1,0,1,0,1,0,medio_alto
1,0.0,0,0.0,0,0,1,0,0,0,0,0,0,0,0,0,0,gratuito
2,35000.0,5,1.0,1,3,1,0,0,0,1,0,0,1,0,1,0,medio_baixo
8,10000.0,60,0.5333333333333333,2,2,1,0,0,1,1,0,1,0,0,0,0,medio_baixo
9,10000.0,60,0.48333333333333334,1,4,1,0,0,1,1,0,1,0,1,1,0,baixo
4,10000.0,14,0.5714285714285714,2,4,1,0,0,3,0,0,1,0,1,1,1,alto
3,10000.0,0,0.0,1,3,1,1,1,0,1,0,0,1,0,0,1,baixo
3,0.0,0,0.0,1,6,1,0,0,0,0,1,1,1,1,1,0,gratuito
10,10000.0,23,0.8695652173913043,1,1,1,0,0,0,0,0,0,0,0,0,0,gratuito
8,150000.0,693,0.7575757575757576,9,2,1,0,0,3,0,0,0,0,1,1,0,medio_alto
1,10000.0,19,1.0,1,5,1,0,0,1,1,0,1,1,1,1,0,alto
3,350000.0,3,1.0,1,3,1,0,0,0,1,1,1,0,0,0,0,medio_baixo
4,10000.0,5,0.8,6,2,1,0,0,0,1,0,0,1,0,0,0,medio_baixo
2,10000.0,0,0.0,1,3,1,0,0,0,1,0,0,1,0,1,0,baixo
1,10000.0,0,0.0,1,3,1,0,0,0,1,1,1,0,0,0,0,medio_alto
14,10000.0,10366,0.8515338606984372,10,3,1,0,0,10,1,1,0,0,0,1,0,baixo
12,10000.0,69,0.6666666666666666,1,1,1,1,1,0,0,0,0,0,0,0,1,medio_baixo
7,10000.0,11,0.9090909090909091,1,3,1,0,0,0,1,0,0,1,0,1,0,baixo
2,0.0,0,0.0,1,3,1,0,0,0,1,0,0,1,0,1,0,gratuito
3,10000.0,71,0.9436619718309859,10,1,1,0,0,0,0,0,0,1,0,0,0,baixo
2,0.0,0,0.0,1,3,1,0,0,0,0,0,0,0,1,0,1,gratuito
1,10000.0,0,0.0,1,2,1,0,0,0,1,0,0,1,0,0,0,alto
5,10000.0,12,0.6666666666666666,4,1,1,0,0,0,0,0,0,1,0,0,0,alto
7,10000.0,13,0.6923076923076923,1,5,1,0,0,0,1,0,1,1,1,1,0,alto
8,10000.0,88,0.7613636363636364,18,3,1,1,0,0,1,0,1,1,0,0,0,medio_alto
1,10000.0,0,0.0,8,3,1,0,0,0,1,1,1,0,0,0,0,baixo
1,10000.0,0,0.0,20,4,1,0,0,3,0,1,0,0,1,0,1,alto
3,10000.0,0,0.0,1,2,1,0,0,0,1,0,0,1,0,0,0,baixo
3,35000.0,37,0.8918918918918919,4,3,1,0,0,0,1,1,1,0,0,0,0,medio_baixo
2,10000.0,3,1.0,1,3,1,0,0,0,1,1,1,0,0,0,0,baixo
1,10000.0,0,0.0,3,4,1,0,0,0,1,1,0,1,0,1,0,medio_baixo
11,150000.0,332,0.4006024096385542,1,2,1,1,1,0,1,1,0,0,0,0,0,baixo
1,10000.0,0,0.0,1,4,1,1,1,0,1,1,1,0,1,0,0,baixo
5,10000.0,0,0.0,3,2,1,0,0,0,0,1,0,0,0,0,1,baixo
8,10000.0,85,0.7529411764705882,1,3,1,0,0,0,1,1,0,1,0,0,0,alto
5,10000.0,6,0.8333333333333334,6,3,1,0,0,1,1,1,1,0,0,0,0,medio_baixo
3,10000.0,4,0.5,1,3,1,0,0,0,1,0,0,1,0,0,1,alto
4,0.0,0,0.0,0,0,1,0,0,0,0,0,0,0,0,0,0,gratuito
2,10000.0,0,0.0,1,3,1,0,0,0,1,1,0,0,0,0,0,alto
1,10000.0,0,0.0,5,3,1,0,0,0,0,1,1,0,1,0,0,alto
2,10000.0,1,1.0,9,4,1,0,0,0,1,1,1,1,0,0,0,baixo
2,10000.0,0,0.0,15,4,1,0,0,0,1,1,1,0,0,1,0,medio_alto
1,10000.0,34,1.0,4,3,1,0,0,2,1,1,1,0,0,0,0,alto
4,0.0,0,0.0,0,0,1,0,0,0,0,0,0,0,0,0,0,gratuito
3,10000.0,52,0.6153846153846154,2,3,1,0,0,0,1,0,0,1,0,0,0,medio_alto
2,10000.0,44,0.5,7,2,1,0,0,0,0,0,0,1,0,0,1,medio_alto
6,35000.0,83,0.8433734939759037,3,1,1,0,0,1,1,0,0,0,0,0,0,medio_baixo
4,10000.0,2,0.5,3,5,1,0,0,0,1,0,0,1,0,1,1,alto
1,10000.0,0,0.0,1,3,1,0,0,0,1,0,1,0,1,0,0,medio_baixo
12,350000.0,555,0.5045045045045045,1,3,1,1,0,0,1,1,0,0,0,1,0,alto
4,10000.0,6,1.0,1,3,1,0,0,0,1,0,0,0,0,1,1,medio_baixo
1,35000.0,395,0.9088607594936708,2,3,1,0,0,10,0,1,1,0,1,0,0,alto
1,0.0,0,0.0,1,2,1,1,0,0,0,1,0,0,0,0,0,gratuito
1,10000.0,9,1.0,6,2,1,0,0,0,0,0,0,1,0,1,0,baixo
2,10000.0,3,0.6666666666666666,1,2,1,1,0,0,1,0,1,0,0,0,0,alto
7,10000.0,1,0.0,1,3,1,0,0,0,1,1,0,0,0,0,0,alto
4,0.0,0,0.0,0,0,1,0,0,0,0,0,0,0,0,0,0,gratuito
5,0.0,0,0.0,0,0,1,0,0,0,0,0,0,0,0,0,0,gratuito
7,350000.0,1876,0.45362473347547977,7,4,1,0,0,0,0,1,0,0,0,0,0,gratuito
1,10000.0,0,0.0,3,2,1,0,0,0,1,0,0,1,0,0,0,baixo
2,10000.0,22,0.6818181818181818,1,4,1,0,0,0,0,0,0,0,1,1,1,alto
4,10000.0,0,0.0,1,3,1,0,0,0,1,1,0,1,0,0,0,baixo
8,10000.0,11,0.8181818181818182,1,1,1,0,0,0,1,0,0,0,0,0,0,gratuito
7,10000.0,0,0.0,2,3,1,0,1,0,1,0,1,1,0,0,0,baixo
4,350000.0,7106,0.9501829439909936,10,2,1,1,0,0,1,1,0,0,0,0,0,alto
3,0.0,0,0.0,0,0,1,0,0,0,0,0,0,0,0,0,0,gratuito
1,0.0,0,0.0,0,0,1,0,0,0,0,0,0,0,0,0,0,gratuito
1,10000.0,2,1.0,1,2,1,0,0,0,1,0,0,1,0,0,0,medio_baixo
3,10000.0,16,1.0,2,1,1,1,0,0,0,1,0,0,0,0,0,baixo
11,150000.0,426,0.49295774647887325,13,2,1,0,0,0,0,0,0,1,0,0,1,medio_baixo
3,10000.0,281,0.8647686832740213,2,3,1,0,0,0,0,0,0,1,0,0,1,alto
5,10000.0,35,0.6571428571428571,1,3,1,0,0,0,1,1,1,0,0,0,0,baixo
5,150000.0,760,0.8065789473684211,3,4,1,0,1,0,1,0,0,0,1,1,1,alto
2,10000.0,19,0.631578947368421,4,5,1,0,0,0,1,0,0,1,1,0,1,alto
7,35000.0,107,0.5981308411214953,8,3,1,0,0,0,1,1,1,0,0,0,0,medio_baixo
2,0.0,0,0.0,0,0,1,0,0,0,0,0,0,0,0,0,0,gratuito
3,0.0,0,0.0,0,0,1,0,0,0,0,0,0,0,0,0,0,gratuito
2,10000.0,0,0.0,2,4,1,0,0,0,1,1,0,1,0,0,1,medio_baixo
10,150000.0,894,0.7930648769574944,23,3,1,1,1,1,1,1,1,0,0,0,0,baixo
1,0.0,0,0.0,0,0,1,0,0,0,0,0,0,0,0,0,0,gratuito
8,10000.0,2,1.0,1,2,1,0,0,0,1,0,0,1,0,0,0,medio_baixo
6,10000.0,0,0.0,1,3,1,0,0,0,1,1,1,0,0,0,0,alto
2,0.0,0,0.0,0,0,1,0,0,0,0,0,0,0,0,0,0,gratuito
4,10000.0,18,1.0,1,1,1,0,0,0,0,0,0,0,0,1,0,medio_alto
12,75000.0,1267,0.8650355169692187,1,3,1,1,1,0,1,1,0,1,0,0,0,baixo
1,10000.0,0,0.0,11,4,1,0,0,0,1,1,1,0,0,0,0,alto
9,35000.0,407,0.6805896805896806,4,1,1,0,0,0,0,0,0,0,0,0,0,alto
4,0.0,0,0.0,0,0,1,0,0,0,0,0,0,0,0,0,0,gratuito
10,10000.0,24,0.4583333333333333,12,1,1,1,0,0,0,0,0,0,0,0,1,alto
2,10000.0,8,0.625,1,1,1,0,0,0,0,0,0,0,1,0,0,medio_alto
1,0.0,0,0.0,0,0,1,0,0,0,0,0,0,0,0,0,0,gratuito
6,350000.0,6372,0.8601694915254238,6,5,1,0,0,5,1,0,1,1,0,0,1,gratuito
5,10000.0,1,0.0,13,2,1,0,0,0,0,0,1,1,0,0,0,medio_baixo
9,10000.0,33,0.6060606060606061,2,3,1,0,0,0,0,0,0,1,0,0,0,gratuito
1,35000.0,2,0.5,4,2,1,0,0,1,0,0,1,1,0,0,0,alto
8,10000.0,19,0.21052631578947367,20,8,1,1,1,0,1,1,1,1,1,1,1,alto
7,10000.0,24,0.7916666666666666,7,4,1,0,0,0,1,1,1,0,0,1,0,medio_alto
7,10000.0,36,0.9444444444444444,29,2,1,1,1,1,1,0,0,1,0,0,0,medio_baixo
3,10000.0,1,1.0,1,3,1,0,0,0,1,1,0,1,0,0,0,medio_baixo
3,10000.0,3,1.0,1,2,1,1,1,0,1,0,0,1,0,0,0,baixo
6,3500000.0,25338,0.8264661772831321,4,3,1,1,0,11,0,0,0,0,1,0,0,gratuito
5,10000.0,102,0.7254901960784313,11,3,1,0,0,0,1,1,1,0,0,0,0,alto
1,0.0,0,0.0,1,3,1,0,0,0,1,1,0,0,0,0,0,gratuito
7,10000.0,11,0.7272727272727273,1,3,1,0,0,0,1,1,0,0,0,0,0,alto
1,0.0,0,0.0,1,5,1,1,0,0,1,1,0,1,0,0,1,gratuito
5,10000.0,15,0.9333333333333333,1,3,1,1,0,1,1,1,0,1,0,0,0,medio_alto
5,10000.0,9,0.5555555555555556,1,2,1,0,0,0,1,0,0,1,0,0,0,baixo
5,10000.0,4,0.75,1,3,1,0,0,0,1,0,1,1,0,0,0,medio_alto
5,35000.0,11,0.8181818181818182,1,3,1,0,0,0,0,0,0,1,0,0,0,gratuito
2,0.0,0,0.0,1,3,1,0,0,0,1,0,0,0,0,1,0,gratuito
1,0.0,0,0.0,0,0,1,0,0,0,0,0,0,0,0,0,0,gratuito
1,10000.0,0,0.0,12,3,1,1,1,1,1,0,0,1,0,0,1,alto
2,0.0,0,0.0,4,3,1,0,0,0,0,1,0,0,1,0,0,gratuito
4,75000.0,9,0.4444444444444444,1,3,1,0,0,0,0,1,0,0,0,1,1,medio_baixo
6,10000.0,9,0.7777777777777778,2,3,1,0,0,0,1,1,1,0,0,0,0,medio_baixo
6,10000.0,23,0.34782608695652173,1,2,1,1,0,0,1,0,1,0,0,0,0,baixo
10,10000.0,153,0.39215686274509803,1,8,1,1,1,0,1,1,1,1,1,0,1,alto
13,75000.0,66,0.7878787878787878,1,1,1,0,0,0,0,0,0,0,0,0,1,alto
11,10000.0,8,0.25,1,4,1,1,1,0,1,1,0,1,0,0,0,alto
6,150000.0,4,0.75,1,4,1,0,0,0,1,1,1,0,1,0,0,baixo
7,35000.0,15,0.8,3,3,1,0,0,0,1,0,1,1,0,0,0,medio_alto
11,35000.0,64,0.546875,2,3,1,1,1,0,1,0,0,1,0,1,0,medio_baixo
1,0.0,0,0.0,0,0,1,0,0,0,0,0,0,0,0,0,0,gratuito
5,10000.0,5,0.8,2,1,1,0,0,0,1,0,0,0,0,0,0,baixo
9,3500000.0,34892,0.7986644503037945,13,2,1,0,0,0,0,1,0,0,1,0,0,medio_alto
8,10000.0,9,0.5555555555555556,1,3,1,1,1,0,1,0,1,0,1,0,0,medio_baixo
2,0.0,0,0.0,1,4,1,0,0,0,1,1,0,1,0,0,0,gratuito
4,10000.0,42,0.7142857142857143,2,4,1,0,0,2,0,0,1,0,1,1,1,alto
1,10000.0,0,0.0,6,5,1,0,0,0,1,0,0,1,1,0,1,alto
1,10000.0,0,0.0,1,3,1,0,0,0,0,1,1,1,0,0,0,baixo
2,10000.0,7,1.0,1,2,1,0,0,0,1,0,0,1,0,0,0,baixo
9,35000.0,23,0.4782608695652174,1,2,1,0,0,0,0,0,0,1,0,0,1,gratuito
3,10000.0,11,0.5454545454545454,2,2,1,1,1,0,0,0,1,0,1,0,0,medio_alto
1,10000.0,0,0.0,1,3,1,1,1,0,1,0,1,0,0,0,1,alto
8,35000.0,152,0.743421052631579,1,2,1,0,0,0,1,0,1,0,0,0,0,alto
8,10000.0,0,0.0,1,2,1,0,0,0,1,0,0,1,0,0,0,medio_baixo
9,10000.0,19,0.2631578947368421,1,5,1,0,0,0,1,1,1,0,0,0,1,baixo
2,0.0,0,0.0,1,5,1,0,0,1,1,0,0,0,1,1,1,gratuito
1,10000.0,0,0.0,1,3,1,0,1,0,1,0,0,0,0,0,1,gratuito
4,10000.0,3,1.0,1,3,1,0,0,0,0,1,1,1,0,0,0,medio_alto
1,0.0,0,0.0,0,0,1,0,0,0,0,0,0,0,0,0,0,gratuito
1,0.0,0,0.0,0,0,1,0,0,0,0,0,0,0,0,0,0,gratuito
11,10000.0,37,0.7567567567567568,1,3,1,0,0,0,1,0,0,1,1,0,0,medio_baixo
6,10000.0,7,1.0,1,6,1,1,0,0,1,1,1,1,1,1,0,baixo
2,10000.0,4,0.25,1,2,1,0,0,0,0,1,1,0,0,0,0,medio_baixo
1,10000.0,100,0.78,4,3,1,0,0,0,1,1,1,0,0,0,0,medio_baixo
1,0.0,0,0.0,0,0,1,0,0,0,0,0,0,0,0,0,0,gratuito
1,0.0,0,0.0,0,0,1,0,0,0,0,0,0,0,0,0,0,gratuito
6,75000.0,4,1.0,2,4,1,0,0,0,1,0,1,1,0,0,0,medio_alto
2,10000.0,6,1.0,6,3,1,0,0,0,1,0,0,1,0,0,1,medio_baixo
2,10000.0,0,0.0,1,3,1,0,0,0,1,0,0,1,1,0,0,alto
7,35000.0,3297,0.9384288747346072,2,1,1,0,0,1,0,0,1,0,0,0,0,alto
1,10000.0,0,0.0,14,4,1,1,0,0,1,0,0,0,0,1,1,alto
1,10000.0,0,0.0,12,2,1,0,0,0,0,1,1,0,0,0,0,alto
6,10000.0,16,0.875,3,4,1,0,0,0,1,0,0,1,0,1,1,medio_baixo
5,10000.0,0,0.0,1,3,1,1,0,0,0,1,1,1,0,0,0,medio_alto
6,10000.0,59,0.4915254237288136,2,9,1,0,0,0,1,1,1,1,1,1,1,baixo
5,10000.0,12,0.6666666666666666,2,3,1,0,0,0,1,0,0,1,0,1,0,baixo
1,0.0,0,0.0,0,0,1,0,0,0,0,0,0,0,0,0,0,gratuito
10,10000.0,10,0.8,1,4,1,1,0,0,1,0,1,0,0,0,0,alto
2,10000.0,3,1.0,13,3,1,1,0,0,1,1,0,1,0,0,0,baixo
2,10000.0,63,0.9523809523809523,9,5,1,0,0,0,1,1,1,1,0,1,0,baixo
15,75000.0,345,0.553623188405797,5,2,1,0,0,0,0,0,0,1,0,1,0,baixo
11,35000.0,655,0.9022900763358779,10,3,1,1,1,0,1,0,0,1,0,1,0,baixo
1,10000.0,29,0.896551724137931,10,2,1,0,0,0,1,1,0,0,0,0,0,baixo
4,10000.0,12,0.9166666666666666,1,3,1,0,0,0,1,1,0,1,0,0,0,baixo
1,0.0,0,0.0,5,1,1,0,0,0,0,0,0,0,0,1,0,medio_alto
4,10000.0,0,0.0,3,2,1,0,0,0,1,0,1,0,0,0,0,baixo
2,0.0,0,0.0,0,0,1,0,0,0,0,0,0,0,0,0,0,gratuito
6,10000.0,12,0.4166666666666667,3,3,1,0,0,0,1,0,1,0,0,1,0,alto
1,10000.0,11,1.0,1,1,1,1,1,0,0,0,0,1,0,0,0,medio_baixo
4,10000.0,15,0.8666666666666667,6,4,1,0,0,0,1,0,0,1,0,1,0,medio_alto
7,10000.0,33,0.7272727272727273,1,3,1,0,0,0,1,0,0,1,0,0,0,baixo
3,10000.0,2,1.0,9,2,1,0,0,17,0,0,0,1,0,1,0,medio_baixo
3,35000.0,291,0.845360824742268,5,3,1,0,0,0,0,0,1,0,1,1,0,alto
3,35000.0,88,0.8522727272727273,9,4,1,1,1,0,1,0,0,1,0,0,1,gratuito
7,10000.0,42,0.8333333333333334,29,1,1,0,0,0,1,0,0,0,0,0,0,baixo
4,10000.0,135,0.7555555555555555,4,5,1,0,0,0,1,1,1,1,1,0,0,medio_alto
8,10000.0,7,0.8571428571428571,1,2,1,0,0,0,1,0,1,0,0,0,0,medio_alto
5,10000.0,8,0.875,8,4,1,0,0,0,1,1,0,1,0,0,1,baixo
9,10000.0,55,0.9454545454545454,1,3,1,0,0,0,1,0,1,1,0,0,0,alto
3,10000.0,2,1.0,9,3,1,0,0,1,1,0,0,1,0,1,0,baixo
1,10000.0,38,0.868421052631579,11,5,1,0,0,0,1,1,1,0,1,0,1,alto
1,10000.0,8,0.5,3,5,1,0,0,2,1,0,1,0,1,1,1,medio_alto
4,35000.0,101,0.9108910891089109,2,3,1,1,1,0,1,0,1,1,0,0,0,medio_alto
3,10000.0,1,1.0,1,1,1,0,0,0,0,0,0,0,0,0,0,baixo
2,10000.0,0,0.0,1,2,1,0,0,0,0,0,0,0,1,0,1,alto
2,0.0,0,0.0,0,0,1,0,0,0,0,0,0,0,0,0,0,gratuito
2,0.0,0,0.0,0,0,1,0,0,0,0,0,0,0,0,0,0,gratuito
2,10000.0,0,0.0,5,3,1,0,0,0,0,1,0,1,0,0,0,medio_baixo
3,10000.0,7,0.7142857142857143,2,7,1,0,0,0,1,1,1,1,1,0,1,medio_alto
4,10000.0,5,0.6,1,7,1,0,0,0,1,1,1,0,0,1,1,gratuito
3,10000.0,27,0.9259259259259259,1,3,1,0,0,0,0,0,1,1,0,0,1,baixo
5,10000.0,0,0.0,1,2,1,0,0,0,1,0,0,1,0,0,0,baixo
8,10000.0,13,1.0,1,1,1,1,1,0,1,0,0,0,0,0,0,baixo
9,10000.0,58,0.7413793103448276,6,2,1,0,0,0,1,0,1,0,0,0,0,medio_alto
5,10000.0,17,0.5294117647058824,4,1,1,0,0,0,0,0,0,0,0,0,0,alto
5,10000.0,165,0.509090909090909,2,2,1,0,0,0,0,1,1,0,0,0,0,baixo
2,10000.0,35,0.6571428571428571,4,1,1,0,0,0,0,0,1,0,0,0,0,alto
9,10000.0,7,1.0,1,2,1,1,1,0,1,1,0,0,0,0,0,medio_baixo
4,10000.0,161,0.8881987577639752,1,2,1,0,0,0,1,0,1,0,0,0,0,medio_alto
6,10000.0,76,0.8289473684210527,1,5,1,0,0,0,1,1,1,1,0,0,1,medio_alto
5,10000.0,21,0.9047619047619048,1,4,1,1,0,0,1,0,0,0,0,1,1,alto
9,10000.0,24,0.4583333333333333,8,3,1,0,0,0,0,1,0,1,0,0,0,gratuito
6,10000.0,7,1.0,1,3,1,0,0,0,1,1,0,1,0,0,0,baixo
6,10000.0,1,1.0,1,3,1,0,0,0,1,1,1,0,0,0,0,baixo
3,10000.0,136,0.7647058823529411,6,2,1,0,0,0,0,1,0,1,0,0,0,medio_baixo
5,10000.0,12,0.6666666666666666,4,1,1,0,0,0,0,0,0,1,0,0,0,medio_baixo
9,10000.0,20,0.8,1,3,1,0,0,0,1,1,0,0,0,0,0,gratuito
4,35000.0,329,0.8936170212765957,1,5,1,0,0,0,1,1,0,0,0,1,1,alto
1,10000.0,3,1.0,1,1,1,0,0,1,0,0,0,0,1,0,0,medio_baixo
2,10000.0,0,0.0,1,3,1,0,0,0,0,1,0,0,0,0,1,gratuito
9,10000.0,114,0.9122807017543859,1,3,1,1,0,0,1,0,0,0,1,1,0,medio_baixo
2,10000.0,19,0.8421052631578947,3,1,1,0,0,0,0,1,0,0,0,0,0,alto
1,10000.0,0,0.0,6,1,1,0,0,0,0,0,0,1,0,0,0,medio_baixo
5,75000.0,6,0.8333333333333334,1,3,1,0,0,0,1,1,0,0,0,1,0,baixo
2,10000.0,1,1.0,2,3,1,0,0,0,1,1,0,0,0,0,0,baixo
8,10000.0,16,0.25,1,2,1,0,0,0,1,0,0,1,0,0,0,medio_alto
6,10000.0,3,0.6666666666666666,1,3,1,0,0,0,1,1,1,0,0,0,0,alto
2,10000.0,42,0.5952380952380952,1,3,1,0,0,0,1,1,0,0,0,0,1,baixo
4,10000.0,3,1.0,4,2,1,1,1,0,1,1,0,0,0,0,0,medio_baixo
4,10000.0,405,0.9234567901234568,4,1,1,0,0,17,0,0,0,0,1,0,0,alto
5,35000.0,15,0.8666666666666667,1,4,1,0,0,0,1,0,0,1,1,1,0,alto
1,10000.0,0,0.0,6,3,1,0,0,0,1,0,0,0,1,1,0,medio_baixo
4,0.0,0,0.0,0,0,1,0,0,0,0,0,0,0,0,0,0,gratuito
7,10000.0,214,0.9579439252336449,1,2,1,0,0,0,1,0,0,1,0,0,0,gratuito
8,10000.0,156,0.9230769230769231,1,4,1,0,0,0,1,1,0,1,0,0,0,baixo
2,10000.0,4,1.0,12,3,1,0,0,0,1,1,0,0,0,1,0,medio_baixo
1,10000.0,0,0.0,4,4,1,0,0,0,1,0,0,0,1,1,1,medio_alto
4,10000.0,14,1.0,1,1,1,0,0,0,0,1,0,0,0,0,0,baixo
1,10000.0,0,0.0,20,2,1,0,0,0,1,0,0,1,0,0,0,baixo
11,10000.0,62,0.6129032258064516,12,6,1,1,1,0,1,1,0,1,0,0,1,alto
1,0.0,0,0.0,1,3,1,0,0,0,1,0,0,1,0,0,1,medio_alto
4,10000.0,0,0.0,1,2,1,0,0,0,0,0,0,0,1,1,0,baixo
1,10000.0,25,0.8,1,2,1,0,0,0,1,0,1,0,0,0,0,medio_alto
4,0.0,0,0.0,1,5,1,0,0,0,1,0,0,1,0,1,0,gratuito
2,10000.0,55,0.6545454545454545,3,3,1,1,0,0,1,0,0,0,0,1,1,alto
1,0.0,0,0.0,4,1,1,0,0,0,0,1,0,0,0,0,0,medio_alto
8,10000.0,26,0.8076923076923077,1,3,1,0,0,0,1,1,1,0,0,0,0,baixo
2,10000.0,181,0.9005524861878453,1,3,1,0,0,0,1,0,0,0,0,1,1,medio_alto
4,0.0,0,0.0,1,1,1,0,0,0,0,0,1,0,0,0,0,gratuito
2,10000.0,0,0.0,3,2,1,0,0,0,1,0,0,1,0,0,0,baixo
4,0.0,0,0.0,0,0,1,0,0,0,0,0,0,0,0,0,0,gratuito
1,0.0,0,0.0,2,2,1,0,0,0,0,0,1,1,0,0,0,medio_baixo
2,10000.0,0,0.0,2,2,1,0,0,0,0,0,1,1,0,0,0,medio_alto
3,150000.0,272,0.8529411764705882,1,1,1,0,0,0,0,1,0,0,0,0,0,medio_alto
5,35000.0,40,0.825,1,4,1,0,0,0,1,0,1,1,0,0,0,baixo
2,10000.0,89,0.8539325842696629,11,4,1,0,0,0,1,1,0,1,0,0,0,medio_alto
2,10000.0,0,0.0,1,3,1,0,0,0,1,1,0,1,0,0,0,baixo
8,10000.0,5,0.2,1,2,1,0,0,0,1,0,1,0,0,0,0,medio_baixo
1,0.0,0,0.0,1,1,1,1,0,0,0,0,0,0,0,0,0,alto
5,75000.0,233,0.8240343347639485,2,2,1,1,0,0,1,0,0,1,0,0,0,gratuito
6,10000.0,24,0.8333333333333334,1,5,1,0,0,0,1,0,1,1,1,1,0,medio_baixo
4,10000.0,10,0.2,1,2,1,0,0,0,0,0,1,1,0,0,0,medio_alto
2,35000.0,8,0.75,1,3,1,0,1,0,1,0,1,0,1,0,0,baixo
3,10000.0,106,0.4716981132075472,8,1,1,0,0,3,0,0,0,0,1,0,0,medio_alto
1,0.0,0,0.0,0,0,1,0,0,0,0,0,0,0,0,0,0,gratuito
8,35000.0,89,0.9550561797752809,1,2,1,1,1,1,1,0,1,0,0,0,0,medio_alto
5,10000.0,269,0.8661710037174721,5,2,1,0,0,0,0,1,0,0,1,0,0,medio_alto
8,10000.0,12,0.75,1,4,1,0,0,0,1,1,0,1,0,0,1,alto
2,0.0,0,0.0,0,0,1,0,0,0,0,0,0,0,0,0,0,gratuito
1,0.0,0,0.0,1,4,1,0,1,0,1,1,0,0,1,0,0,medio_alto
1,10000.0,0,0.0,2,3,1,0,0,8,0,1,1,0,0,0,0,alto
9,10000.0,14,0.8571428571428571,1,2,1,1,1,1,1,0,0,1,0,0,0,medio_baixo
9,75000.0,87,0.8045977011494253,1,4,1,0,0,0,1,1,0,0,0,1,0,gratuito
2,10000.0,7,0.7142857142857143,1,4,1,0,0,0,1,0,1,1,0,0,1,baixo
1,10000.0,8,1.0,4,1,1,0,0,0,1,0,0,0,0,0,0,medio_baixo
2,0.0,0,0.0,0,0,1,0,0,0,0,0,0,0,0,0,0,gratuito
4,75000.0,58,0.9310344827586207,2,3,1,0,0,0,0,0,1,0,1,0,0,gratuito
9,35000.0,13,0.8461538461538461,1,3,1,1,0,0,1,1,1,0,0,0,0,medio_baixo
3,10000.0,108,0.8888888888888888,2,3,1,0,0,0,1,0,1,1,0,0,0,medio_baixo
6,10000.0,12,1.0,1,4,1,1,1,0,1,1,0,1,0,1,0,baixo
9,10000.0,11,0.45454545454545453,1,1,1,0,0,0,0,0,0,1,0,0,0,medio_alto
12,75000.0,718,0.7200557103064067,2,2,1,1,1,4,1,0,0,0,1,0,0,medio_baixo
8,10000.0,95,0.43157894736842106,103,5,1,0,0,0,1,0,1,1,0,1,1,baixo
1,10000.0,0,0.0,1,2,1,1,0,0,1,0,0,1,0,0,0,medio_alto
4,0.0,0,0.0,0,0,1,0,0,0,0,0,0,0,0,0,0,gratuito
2,0.0,0,0.0,0,0,1,0,0,0,0,0,0,0,0,0,0,gratuito
1,0.0,0,0.0,1,3,1,0,0,0,1,0,0,1,0,1,0,medio_baixo
4,10000.0,20,0.75,4,2,1,0,0,0,1,1,0,0,0,0,0,medio_alto
1,0.0,0,0.0,15,3,1,0,0,0,1,0,0,1,0,0,1,alto
1,0.0,0,0.0,1,2,1,0,0,2,0,0,0,0,1,0,1,alto
9,75000.0,44,0.6136363636363636,1,4,1,0,0,0,1,0,0,1,0,0,0,gratuito
1,0.0,0,0.0,0,0,1,0,0,0,0,0,0,0,0,0,0,gratuito
4,10000.0,23,0.43478260869565216,12,2,1,0,0,0,1,0,0,0,0,0,1,baixo
1,10000.0,0,0.0,1,3,1,0,0,1,1,1,0,0,1,0,0,alto
2,10000.0,200,0.685,6,3,1,1,0,2,1,0,0,0,0,1,1,alto
2,0.0,0,0.0,0,0,1,0,0,0,0,0,0,0,0,0,0,gratuito
4,75000.0,965,0.8093264248704664,14,4,1,0,0,1,0,0,1,1,0,1,1,alto
5,10000.0,16,0.75,3,2,1,0,0,0,1,1,0,0,0,0,0,baixo
1,10000.0,0,0.0,2,2,1,0,0,0,1,1,0,0,0,0,0,medio_alto
7,75000.0,678,0.7492625368731564,3,2,1,1,0,1,1,0,0,0,0,0,1,medio_baixo
8,10000.0,5,1.0,6,3,1,1,0,0,0,1,1,0,1,0,0,baixo
6,10000.0,18,0.9444444444444444,1,1,1,0,0,0,1,0,0,0,0,0,0,medio_baixo
4,10000.0,10,1.0,1,4,1,0,0,0,1,0,1,0,1,0,0,medio_alto
5,35000.0,21,0.5238095238095238,1,4,1,0,0,0,1,1,1,1,0,0,0,baixo
1,10000.0,5,0.8,6,3,1,0,0,0,0,0,1,1,0,0,1,medio_alto
14,350000.0,726,0.5041322314049587,5,1,1,0,0,0,0,0,0,0,1,0,0,baixo
1,10000.0,15,0.4666666666666667,4,3,1,0,0,0,1,1,0,0,0,0,1,medio_alto
1,35000.0,8,1.0,1,3,1,0,0,0,1,1,0,1,0,0,0,medio_alto
2,10000.0,262,0.8969465648854962,9,3,1,1,1,1,1,1,1,0,0,0,0,medio_baixo
2,0.0,0,0.0,0,0,1,0,0,0,0,0,0,0,0,0,0,gratuito
8,10000.0,22,0.9545454545454546,1,3,1,0,0,0,1,1,1,0,0,0,0,medio_baixo
4,10000.0,265,0.9962264150943396,1,2,1,1,1,0,1,0,0,1,0,0,0,medio_alto
2,0.0,0,0.0,0,0,1,0,0,0,0,0,0,0,0,0,0,gratuito
1,35000.0,37,0.972972972972973,3,3,1,0,0,0,1,1,0,0,0,0,0,baixo
6,10000.0,2,0.0,3,1,1,0,0,0,1,0,0,0,0,0,0,medio_alto
6,350000.0,260,0.8269230769230769,1,4,1,0,0,4,1,0,1,1,0,1,0,alto
1,10000.0,0,0.0,2,3,1,0,1,0,1,0,1,0,0,0,1,medio_baixo
5,10000.0,2,0.5,1,5,1,0,0,0,1,1,1,1,0,0,1,medio_alto
8,10000.0,20,0.8,1,3,1,0,0,0,1,0,1,0,0,0,1,medio_baixo
4,3500000.0,19657,0.8976446049753268,16,2,1,1,0,1,0,0,0,0,0,0,1,gratuito
1,10000.0,0,0.0,1,2,1,1,0,0,1,0,0,1,0,0,0,medio_baixo
6,10000.0,0,0.0,1,5,1,0,0,1,1,0,0,1,1,0,1,alto
2,10000.0,0,0.0,1,1,1,0,0,0,0,0,0,0,1,0,0,medio_baixo
1,0.0,0,0.0,2,2,1,0,0,0,1,0,0,1,0,0,0,alto
7,35000.0,693,0.9422799422799423,3,1,1,0,0,2,0,0,1,0,0,0,0,medio_baixo
2,10000.0,3,0.6666666666666666,1,2,1,0,0,0,1,0,1,0,0,0,0,baixo
5,10000.0,78,0.9743589743589743,7,1,1,0,0,0,0,0,1,0,0,0,0,medio_alto
10,10000.0,44,0.3409090909090909,2,1,1,1,1,0,0,0,0,0,0,1,0,baixo
4,35000.0,2,0.5,1,1,1,0,0,0,0,0,0,0,1,0,0,baixo
9,10000.0,1,1.0,1,2,1,0,0,0,0,0,1,1,0,0,0,gratuito
3,10000.0,38,0.868421052631579,1,2,1,0,0,0,0,0,0,0,1,1,0,medio_alto
3,10000.0,3,0.6666666666666666,1,2,1,1,0,0,1,1,0,0,0,0,0,baixo
1,10000.0,0,0.0,1,1,1,0,0,0,0,1,0,0,0,0,0,alto
7,350000.0,2340,0.9457264957264957,1,3,1,0,0,0,1,0,0,1,0,0,0,gratuito
17,1500000.0,15434,0.942723856420889,3,1,1,0,0,0,0,0,0,0,1,0,0,medio_baixo
4,350000.0,8953,0.7942589076287278,16,3,1,0,0,19,0,0,1,0,0,0,1,alto
2,750000.0,4,0.75,1,3,1,0,0,0,1,0,1,0,0,0,1,medio_alto
10,10000.0,32,0.5,1,3,1,0,0,0,1,0,1,0,1,0,0,medio_alto
2,10000.0,3,1.0,1,1,1,0,1,0,0,1,0,0,0,0,0,medio_alto
8,10000.0,2,1.0,1,2,1,0,0,0,1,0,0,1,0,0,0,baixo
4,10000.0,6,0.6666666666666666,1,5,1,1,1,0,1,1,1,0,1,0,1,alto
9,10000.0,41,0.4878048780487805,1,1,1,0,0,0,0,0,0,0,0,1,0,alto
9,10000.0,5,0.8,1,4,1,1,0,0,1,1,1,1,0,0,0,baixo
8,10000.0,9,0.8888888888888888,1,3,1,0,0,0,1,1,0,1,0,0,0,baixo
6,10000.0,0,0.0,1,2,1,0,1,0,1,0,0,1,0,0,0,baixo
2,0.0,0,0.0,0,0,1,0,0,0,0,0,0,0,0,0,0,gratuito
2,10000.0,3,1.0,1,2,1,1,1,1,1,0,1,0,0,0,0,baixo
1,0.0,0,0.0,0,0,1,0,0,0,0,0,0,0,0,0,0,gratuito
1,10000.0,0,0.0,1,3,1,0,0,0,1,1,0,0,0,0,0,gratuito
2,0.0,0,0.0,0,0,1,0,0,0,0,0,0,0,0,0,0,gratuito
8,35000.0,22,0.36363636363636365,1,4,1,0,0,0,1,1,1,1,0,0,0,medio_baixo
5,10000.0,15,0.6666666666666666,5,3,1,0,0,0,1,1,1,0,0,0,0,baixo
13,1500000.0,40995,0.9445298207098427,9,3,1,0,0,0,1,1,1,0,0,0,0,alto
3,10000.0,1,0.0,1,2,1,0,0,1,0,1,0,1,0,0,0,baixo
1,10000.0,0,0.0,7,3,1,0,0,0,1,1,1,0,0,0,0,medio_baixo
4,10000.0,136,0.8235294117647058,1,3,1,0,0,0,1,1,1,0,0,0,0,gratuito
6,10000.0,26,0.6153846153846154,1,1,1,1,0,3,0,0,0,1,0,0,0,baixo
1,0.0,0,0.0,0,0,1,0,0,0,0,0,0,0,0,0,0,gratuito
10,35000.0,362,0.6215469613259669,1,3,1,0,0,0,1,0,0,1,0,1,0,gratuito
8,10000.0,175,0.6628571428571428,7,4,1,1,1,1,1,0,0,1,0,1,1,baixo
10,10000.0,22,0.6818181818181818,1,4,1,0,0,0,1,1,0,0,0,0,0,medio_baixo
2,10000.0,80,0.7375,16,2,1,0,0,0,1,0,0,0,0,0,1,medio_alto
9,10000.0,39,0.8205128205128205,1,2,1,0,0,0,0,1,0,0,0,0,0,baixo
8,10000.0,2,1.0,1,2,1,0,0,0,0,0,1,1,0,0,0,medio_alto
7,10000.0,5,0.6,2,4,1,0,0,0,1,1,0,1,0,1,0,baixo
5,10000.0,40,0.625,1,4,1,0,0,0,1,1,1,1,0,0,0,alto
2,35000.0,1195,0.8736401673640167,15,7,1,0,0,0,1,1,1,1,1,1,1,medio_alto
7,10000.0,31,0.9354838709677419,1,3,1,1,1,0,1,0,1,0,1,0,0,medio_alto
1,10000.0,1,1.0,1,2,1,0,0,0,0,1,1,0,0,0,0,medio_baixo
6,10000.0,24,0.8333333333333334,1,3,1,0,0,0,1,0,0,0,0,1,1,medio_baixo
3,10000.0,0,0.0,1,4,1,0,0,0,1,1,0,0,0,0,1,medio_alto
12,75000.0,136,0.7352941176470589,5,2,1,0,0,0,1,0,0,0,0,1,0,baixo
6,75000.0,22,0.5,1,9,1,0,0,1,1,1,1,1,0,1,1,alto
1,0.0,0,0.0,1,4,1,0,0,0,1,0,1,0,0,0,1,gratuito
7,10000.0,13,1.0,1,3,1,1,1,1,1,1,0,0,0,0,0,medio_alto
3,35000.0,77,0.9090909090909091,5,3,1,0,0,0,1,0,0,0,1,1,0,alto
4,10000.0,2,0.0,2,1,1,0,0,0,0,0,0,0,0,0,0,alto
3,0.0,0,0.0,103,2,1,0,0,0,1,0,1,0,0,0,0,baixo
2,10000.0,0,0.0,1,1,1,0,0,0,1,0,0,0,0,0,0,baixo
4,10000.0,8,0.875,1,4,1,0,0,0,1,0,0,1,0,1,1,gratuito
1,10000.0,43,1.0,4,3,1,0,0,0,1,1,0,0,1,0,0,medio_baixo
7,10000.0,0,0.0,3,2,1,0,0,2,1,0,0,1,0,0,0,baixo
1,10000.0,0,0.0,2,5,1,0,0,1,1,0,1,1,0,1,1,medio_baixo
3,10000.0,0,0.0,1,1,1,0,0,0,0,0,0,1,0,0,0,alto
4,0.0,0,0.0,0,0,1,0,0,0,0,0,0,0,0,0,0,gratuito
11,10000.0,97,0.7525773195876289,3,2,1,1,0,0,1,1,0,0,0,0,0,medio_baixo
5,10000.0,0,0.0,1,1,1,0,0,0,0,0,0,0,0,0,1,alto
4,0.0,0,0.0,0,0,1,0,0,0,0,0,0,0,0,0,0,gratuito
2,10000.0,93,0.7634408602150538,2,1,1,0,0,0,0,0,0,0,0,0,0,alto
6,35000.0,32,0.59375,1,2,1,0,0,0,1,0,0,1,0,0,0,gratuito
3,0.0,0,0.0,103,9,1,1,1,0,1,1,1,1,1,1,1,alto
1,10000.0,15,1.0,1,1,1,0,0,0,1,0,0,0,0,0,0,medio_baixo
4,10000.0,5,0.6,1,3,1,0,0,0,1,0,1,1,0,0,0,medio_baixo
1,10000.0,0,0.0,1,2,1,0,0,0,1,0,0,1,0,0,0,baixo
1,0.0,0,0.0,2,2,1,0,0,0,1,0,1,0,0,0,0,medio_alto
7,10000.0,21,0.9047619047619048,1,1,1,0,0,0,0,0,0,0,0,0,0,gratuito
3,10000.0,33,0.7878787878787878,2,4,1,0,0,0,1,1,1,0,0,0,0,gratuito
7,10000.0,31,0.9354838709677419,1,3,1,0,0,0,1,1,0,0,0,0,0,gratuito
5,0.0,0,0.0,0,0,1,0,0,0,0,0,0,0,0,0,0,gratuito
9,10000.0,11,0.6363636363636364,1,4,1,0,0,0,1,0,1,1,0,1,0,alto
1,10000.0,10,1.0,3,2,1,0,0,0,0,0,0,1,0,0,0,baixo
4,10000.0,5,1.0,1,2,1,0,0,0,0,1,1,0,0,0,0,medio_baixo
1,0.0,0,0.0,0,0,1,0,0,0,0,0,0,0,0,0,0,gratuito
13,150000.0,3142,0.8835136855506047,1,3,1,0,0,1,1,1,1,0,0,0,0,medio_baixo
8,10000.0,89,0.7191011235955056,2,3,1,0,0,1,1,1,0,1,0,0,0,medio_alto
2,35000.0,510,0.8254901960784313,18,4,1,0,0,0,0,0,1,1,1,0,1,medio_baixo
3,10000.0,3,1.0,1,3,1,0,0,0,1,0,1,1,0,0,0,medio_alto
4,10000.0,1,0.0,2,4,1,0,0,0,1,0,0,0,1,1,0,alto
2,10000.0,23,0.8260869565217391,1,3,1,0,0,0,0,1,1,0,1,0,0,alto
3,10000.0,156,0.7884615384615384,3,2,1,0,0,0,0,0,1,1,0,0,0,alto
2,10000.0,14,0.8571428571428571,0,1,1,0,0,0,0,0,0,0,0,1,0,baixo
5,0.0,0,0.0,0,0,1,0,0,0,0,0,0,0,0,0,0,gratuito
7,10000.0,10,1.0,1,3,1,1,0,0,1,1,1,0,0,0,0,medio_baixo
7,10000.0,0,0.0,3,2,1,0,0,1,0,1,0,0,1,0,0,medio_alto
6,75000.0,560,0.7339285714285714,13,6,1,0,0,0,1,1,1,0,1,0,1,medio_baixo
2,150000.0,2231,0.8238458090542358,11,4,1,0,0,0,1,1,0,1,1,0,0,medio_baixo
2,0.0,0,0.0,1,1,1,0,0,0,0,1,0,0,0,0,0,gratuito
8,10000.0,22,0.6818181818181818,1,2,1,0,0,1,1,1,0,0,0,0,0,baixo
1,10000.0,0,0.0,6,3,1,0,0,0,1,0,1,0,0,0,1,medio_baixo
15,1500000.0,60379,0.9489888868646383,1,4,1,1,0,1,1,1,1,0,1,0,0,medio_baixo
2,0.0,0,0.0,0,0,1,0,0,0,0,0,0,0,0,0,0,gratuito
5,10000.0,0,0.0,1,4,1,0,0,0,1,1,0,1,0,0,0,alto
10,10000.0,14,0.7857142857142857,1,3,1,0,0,0,1,0,0,1,0,0,0,alto
6,10000.0,69,0.927536231884058,1,2,1,0,0,0,1,0,0,0,0,0,0,gratuito
5,10000.0,3,0.6666666666666666,1,4,1,0,0,3,1,0,1,1,0,0,1,baixo
4,75000.0,1075,0.9423255813953488,29,1,1,0,0,0,0,0,0,1,0,0,0,alto
4,35000.0,21,0.7142857142857143,1,2,1,1,1,1,0,1,1,0,0,0,0,alto
2,0.0,0,0.0,103,3,1,0,1,0,1,1,1,0,0,0,0,baixo
7,10000.0,1,0.0,1,3,1,0,0,0,1,1,0,0,0,0,0,medio_alto
7,10000.0,15,0.6,1,3,1,0,0,0,1,1,0,1,0,0,0,gratuito
6,10000.0,19,1.0,3,3,1,0,0,0,1,0,0,0,1,1,0,alto
4,10000.0,1,1.0,1,2,1,0,1,0,1,0,0,1,0,0,0,medio_baixo
3,10000.0,0,0.0,4,3,1,0,0,0,1,1,0,1,0,0,0,medio_baixo
12,10000.0,90,0.5555555555555556,3,3,1,0,0,0,0,1,1,0,0,1,0,baixo
1,0.0,0,0.0,1,3,1,0,0,0,0,0,1,1,0,0,0,gratuito
2,35000.0,44,0.6818181818181818,2,4,1,0,0,0,1,1,1,0,0,0,1,baixo
2,0.0,0,0.0,0,0,1,0,0,0,0,0,0,0,0,0,0,gratuito
1,0.0,0,0.0,30,3,1,0,0,0,0,1,1,1,0,0,0,medio_baixo
4,10000.0,14,0.7142857142857143,2,1,1,0,0,0,0,0,0,0,0,1,0,baixo
2,10000.0,1,0.0,1,2,1,0,0,0,1,1,0,0,0,0,0,medio_alto
10,10000.0,0,0.0,1,2,1,0,0,0,0,0,0,1,0,0,0,alto
1,10000.0,0,0.0,1,3,1,0,0,0,0,1,1,0,1,0,0,alto
1,10000.0,7,1.0,3,2,1,1,1,0,1,0,0,1,0,0,0,medio_alto
6,10000.0,30,0.9,103,3,1,0,1,0,1,0,0,1,0,0,0,baixo
2,10000.0,22,0.7727272727272727,1,5,1,0,0,0,1,0,0,1,1,0,1,gratuito
12,10000.0,46,0.1956521739130435,1,4,1,0,0,0,1,1,1,1,0,0,0,baixo
10,750000.0,19928,0.9765154556403051,6,2,1,0,0,0,1,0,1,0,0,0,0,baixo
1,0.0,0,0.0,1,2,1,0,0,0,1,0,0,0,0,0,0,gratuito
1,10000.0,0,0.0,3,5,1,0,0,0,1,0,0,1,0,0,1,medio_baixo
6,10000.0,1,0.0,1,2,1,0,0,0,1,0,0,0,1,0,0,medio_alto
5,150000.0,12,1.0,4,3,1,0,0,0,1,0,1,1,0,0,0,medio_baixo
2,35000.0,420,0.969047619047619,2,1,1,0,0,0,1,0,0,0,0,0,0,medio_baixo
3,0.0,0,0.0,29,2,1,0,0,0,0,0,0,0,0,1,1,gratuito
16,3500000.0,34108,0.9457605253899378,7,3,1,1,1,0,1,1,1,0,0,0,0,medio_baixo
19,75000.0,615,0.7934959349593496,1,2,1,0,0,0,0,1,0,0,0,1,0,baixo
2,0.0,0,0.0,0,0,1,0,0,0,0,0,0,0,0,0,0,gratuito
8,10000.0,16,0.875,2,9,1,0,0,0,1,1,1,1,1,1,1,baixo
3,10000.0,18,0.4444444444444444,1,2,1,0,0,0,0,0,0,0,0,0,1,alto
1,10000.0,2,0.5,2,4,1,0,0,0,0,1,1,1,1,0,0,baixo
5,35000.0,105,0.9428571428571428,4,2,1,0,0,1,1,0,0,1,0,0,0,gratuito
4,0.0,0,0.0,1,1,1,0,0,3,1,0,0,0,0,0,0,gratuito
12,75000.0,57,0.45614035087719296,1,2,1,0,0,0,0,0,0,0,0,1,1,baixo
9,10000.0,8,1.0,2,3,1,0,1,0,1,1,0,0,0,0,0,alto
6,10000.0,13,0.6153846153846154,1,3,1,1,0,0,1,0,0,1,0,0,0,gratuito
7,10000.0,2,0.0,1,3,1,0,0,0,1,1,1,0,0,0,0,alto
7,10000.0,29,0.8620689655172413,4,4,1,0,0,1,1,1,1,1,0,0,0,alto
1,10000.0,0,0.0,1,6,1,0,0,0,1,0,0,1,0,0,1,alto
4,35000.0,143,0.6153846153846154,10,4,1,0,0,0,1,1,1,1,0,0,0,medio_alto
2,10000.0,0,0.0,103,2,1,0,0,0,1,0,0,1,0,0,0,alto
2,0.0,0,0.0,0,0,1,0,0,0,0,0,0,0,0,0,0,gratuito
10,1500000.0,26926,0.902362029265394,6,3,1,1,0,2,0,1,1,0,1,0,0,alto
6,10000.0,4,1.0,103,5,1,0,0,0,1,0,1,1,0,1,1,baixo
5,10000.0,5,0.8,1,4,1,0,0,0,0,1,1,0,0,1,1,baixo
1,10000.0,1,1.0,1,3,1,0,0,0,1,0,0,1,0,0,1,medio_baixo
8,10000.0,20,0.8,3,4,1,0,0,1,1,1,1,1,0,0,0,medio_baixo
8,10000.0,477,0.9119496855345912,11,5,1,1,1,0,1,1,0,0,0,0,1,medio_alto
4,10000.0,0,0.0,1,2,1,0,0,0,1,0,0,1,0,0,0,baixo
4,0.0,0,0.0,0,0,1,0,0,0,0,0,0,0,0,0,0,gratuito
2,10000.0,4,1.0,1,2,1,0,0,0,1,1,0,0,0,0,0,medio_alto
3,10000.0,269,0.9776951672862454,9,1,1,0,0,0,1,0,0,0,0,0,0,medio_baixo
2,10000.0,19,0.8947368421052632,5,1,1,0,0,0,0,0,0,0,0,1,0,medio_baixo
4,10000.0,71,0.7464788732394366,13,6,1,1,1,1,1,1,1,1,1,0,1,medio_baixo
10,10000.0,27,0.8888888888888888,2,1,1,0,0,0,0,1,0,0,0,0,0,alto
3,10000.0,43,0.9069767441860465,2,3,1,0,0,1,1,0,1,1,0,0,0,alto
5,35000.0,1,0.0,1,2,1,0,0,1,0,0,0,1,0,1,0,baixo
5,10000.0,37,0.918918918918919,4,3,1,0,0,0,1,1,0,1,0,0,0,baixo
1,10000.0,0,0.0,1,3,1,0,1,0,1,0,1,0,1,0,0,medio_baixo
11,35000.0,48,0.6458333333333334,1,2,1,0,0,1,1,0,1,0,0,0,0,medio_baixo
1,10000.0,5,0.0,7,7,1,0,0,0,1,1,1,0,1,1,1,alto
7,350000.0,8314,0.9226605725282656,1,3,1,0,0,0,1,0,1,0,0,0,0,gratuito
4,10000.0,23,0.5217391304347826,1,4,1,0,0,0,0,0,0,0,0,0,0,alto
1,0.0,0,0.0,0,0,1,0,0,0,0,0,0,0,0,0,0,gratuito
4,10000.0,37,0.8378378378378378,2,1,1,0,0,0,0,0,0,0,1,0,0,medio_baixo
1,10000.0,0,0.0,1,1,1,0,0,0,0,0,1,0,0,0,0,baixo
1,0.0,0,0.0,21,2,1,0,0,1,0,0,0,0,0,0,1,alto
9,35000.0,471,0.9171974522292994,1,2,1,1,1,0,1,0,1,0,0,0,0,alto
1,0.0,0,0.0,1,3,1,0,0,2,1,0,0,1,0,0,0,gratuito
6,10000.0,563,0.7779751332149201,1,2,1,0,0,0,1,1,0,0,0,0,0,medio_alto
1,10000.0,0,0.0,6,2,1,1,1,0,0,0,0,1,0,0,0,alto
4,150000.0,1954,0.9442169907881269,10,3,1,0,0,1,0,1,1,1,0,0,0,alto
3,10000.0,398,0.914572864321608,1,3,1,0,1,1,1,1,0,0,0,0,1,alto
5,10000.0,3,0.3333333333333333,1,3,1,0,0,0,1,0,1,0,0,0,0,medio_baixo
2,10000.0,22,0.9090909090909091,4,2,1,0,0,0,1,0,0,1,0,0,0,medio_alto
4,0.0,0,0.0,0,0,1,0,0,0,0,0,0,0,0,0,0,gratuito
6,10000.0,8,0.75,1,5,1,0,0,0,1,0,0,1,1,1,1,medio_alto
2,10000.0,13,0.8461538461538461,14,3,1,0,1,0,1,1,1,0,0,0,0,medio_alto
5,10000.0,18,1.0,1,3,1,0,0,1,1,0,1,0,1,0,0,baixo
1,10000.0,13,0.9230769230769231,103,6,1,1,1,0,0,1,1,1,0,1,1,alto
4,0.0,0,0.0,1,1,1,1,0,0,0,0,0,1,0,0,0,gratuito
4,75000.0,3,1.0,1,3,1,0,0,0,1,0,0,1,1,0,0,medio_baixo
2,10000.0,8,1.0,1,3,1,0,0,0,0,0,1,0,1,1,0,alto
8,10000.0,8,0.375,1,5,1,0,0,0,0,1,1,0,1,0,0,alto
7,350000.0,2572,0.8316485225505443,10,7,1,0,0,3,1,1,1,0,0,1,1,gratuito
8,150000.0,1694,0.9592680047225501,1,5,1,1,0,0,1,0,1,1,0,1,0,gratuito
6,10000.0,109,0.963302752293578,1,3,1,0,0,0,1,0,0,1,1,0,0,medio_alto
1,0.0,0,0.0,0,0,1,0,0,0,0,0,0,0,0,0,0,gratuito
1,10000.0,0,0.0,11,4,1,1,0,0,1,1,1,1,0,0,0,medio_baixo
4,0.0,0,0.0,1,3,1,0,0,0,1,0,1,0,0,0,0,gratuito
10,10000.0,4,0.75,1,5,1,0,0,0,0,0,0,0,0,0,0,alto
3,0.0,0,0.0,0,0,1,0,0,0,0,0,0,0,0,0,0,gratuito
1,10000.0,18,1.0,1,2,1,1,0,1,1,0,0,0,1,0,0,alto
2,0.0,0,0.0,2,4,1,0,0,4,0,0,0,0,1,1,0,gratuito
7,10000.0,0,0.0,1,2,1,0,0,2,1,0,0,1,0,0,0,baixo
9,10000.0,10,1.0,1,3,1,0,1,0,1,1,0,1,0,0,0,medio_baixo
6,10000.0,38,0.8421052631578947,4,4,1,0,0,0,1,0,0,1,0,0,0,gratuito
1,0.0,0,0.0,3,3,1,0,0,0,1,0,0,1,1,0,0,alto
7,350000.0,4975,0.9475376884422111,1,4,1,1,1,0,1,0,1,1,0,0,0,gratuito
2,0.0,0,0.0,103,6,1,0,0,0,0,1,1,1,0,1,1,medio_baixo
5,0.0,0,0.0,0,0,1,0,0,0,0,0,0,0,0,0,0,gratuito
1,0.0,0,0.0,1,4,1,1,1,1,1,1,0,1,1,0,0,medio_baixo
2,10000.0,6,0.8333333333333334,30,4,1,0,1,0,1,0,0,1,0,0,1,medio_baixo
1,10000.0,0,0.0,1,4,1,0,0,0,1,1,1,1,0,0,0,medio_alto
2,10000.0,17,0.6470588235294118,17,2,1,0,0,2,1,0,0,0,0,1,0,alto
3,0.0,0,0.0,30,4,1,1,1,0,1,0,1,1,0,0,0,gratuito
9,10000.0,355,0.7577464788732394,8,2,1,0,0,0,1,1,0,0,0,0,0,baixo
5,10000.0,6,0.16666666666666666,1,2,1,0,0,0,1,0,0,1,0,0,0,alto
2,35000.0,3,0.3333333333333333,6,3,1,0,0,0,1,1,1,0,0,0,0,medio_baixo
3,10000.0,1,1.0,1,1,1,0,0,0,1,0,0,0,0,0,0,medio_baixo
9,750000.0,18763,0.9781484837179556,17,3,1,1,1,2,1,0,1,0,1,0,0,medio_baixo
2,10000.0,36,0.9722222222222222,1,3,1,0,0,0,1,0,0,0,0,1,0,alto
7,150000.0,1495,0.959866220735786,1,3,1,0,0,1,1,1,0,0,0,0,0,gratuito
8,35000.0,129,0.6976744186046512,1,3,1,0,0,1,1,1,1,0,0,0,0,alto
1,0.0,0,0.0,1,3,1,0,0,0,1,1,0,1,0,0,0,medio_alto
7,10000.0,0,0.0,1,3,1,0,0,0,1,0,0,1,0,1,0,baixo
6,75000.0,17,0.47058823529411764,1,4,1,0,0,1,1,0,1,0,1,0,0,gratuito
8,10000.0,7,0.7142857142857143,1,3,1,0,0,0,1,1,0,0,0,1,0,baixo
9,35000.0,104,0.9615384615384616,2,2,1,0,0,0,1,0,1,0,0,0,0,baixo
5,10000.0,14,0.5714285714285714,1,4,1,0,0,0,1,1,1,0,0,0,1,alto
6,10000.0,1,1.0,1,4,1,0,0,0,1,1,1,0,0,1,0,medio_baixo
10,10000.0,35,0.9142857142857143,1,3,1,1,1,0,1,1,0,0,0,1,0,alto
1,0.0,0,0.0,103,2,1,0,0,0,1,0,0,1,0,0,0,baixo
11,35000.0,116,0.6206896551724138,1,2,1,1,1,0,1,0,1,0,0,0,0,baixo
9,35000.0,729,0.8353909465020576,1,2,1,0,0,1,1,0,1,0,0,0,0,baixo
4,0.0,0,0.0,1,4,1,0,0,0,1,1,0,1,0,1,0,gratuito
1,0.0,0,0.0,2,3,1,0,0,0,1,0,0,1,0,0,1,medio_alto
7,35000.0,520,0.6346153846153846,1,4,1,0,0,0,1,1,1,0,1,0,0,alto
3,10000.0,7,0.42857142857142855,11,3,1,0,0,0,1,0,0,1,0,0,1,baixo
3,0.0,0,0.0,1,3,1,0,1,0,1,0,0,1,0,0,1,gratuito
4,0.0,0,0.0,0,0,1,0,0,0,0,0,0,0,0,0,0,gratuito
5,350000.0,4109,0.8391336091506449,6,2,1,0,0,1,0,1,0,1,0,0,0,gratuito
2,10000.0,10,0.6,1,2,1,0,0,0,0,0,0,1,1,0,0,baixo
5,10000.0,0,0.0,29,1,1,0,0,0,0,0,0,0,0,0,1,medio_alto
1,10000.0,0,0.0,2,2,1,0,0,0,1,0,0,1,0,0,0,baixo
1,10000.0,0,0.0,1,2,1,0,0,0,0,0,0,1,0,1,0,medio_alto
3,10000.0,0,0.0,12,5,1,0,0,0,1,0,0,1,1,1,1,baixo
3,10000.0,0,0.0,19,2,1,0,0,0,1,0,0,0,0,1,0,baixo
8,10000.0,19,0.5789473684210527,1,5,1,1,1,0,1,1,1,0,0,0,1,baixo
1,10000.0,10,1.0,1,4,1,0,0,0,1,1,0,0,1,0,0,alto
6,10000.0,4,0.5,1,4,1,1,0,0,1,1,1,0,0,0,1,baixo
16,75000.0,185,0.42162162162162165,5,1,1,0,0,1,0,1,0,0,0,0,0,alto
2,150000.0,1703,0.9095713446858485,12,5,1,0,0,0,1,1,0,1,0,0,1,alto
2,10000.0,7,1.0,1,2,1,0,0,3,0,0,0,1,0,0,1,medio_baixo
10,10000.0,17,0.29411764705882354,1,3,1,0,0,0,1,0,0,1,0,1,0,baixo
6,10000.0,12,0.6666666666666666,1,2,1,0,0,0,1,0,0,1,0,0,0,baixo
2,0.0,0,0.0,103,9,1,1,1,0,1,1,1,1,1,1,1,alto
10,350000.0,1380,0.7927536231884058,1,1,1,0,0,0,0,1,0,0,0,0,0,gratuito
3,10000.0,2,1.0,1,2,1,0,0,0,1,1,0,0,0,0,0,medio_baixo
7,350000.0,3428,0.9600350058343057,3,3,1,0,0,0,1,1,0,0,0,0,0,gratuito
9,10000.0,159,0.6540880503144654,1,3,1,0,0,0,1,0,1,1,0,0,0,baixo
6,10000.0,87,0.6436781609195402,1,4,1,0,0,0,1,0,1,0,0,1,1,medio_baixo
5,0.0,0,0.0,0,0,1,0,0,0,0,0,0,0,0,0,0,gratuito
2,10000.0,0,0.0,15,3,1,0,0,1,1,0,0,1,0,0,0,gratuito
1,0.0,0,0.0,0,0,1,0,0,0,0,0,0,0,0,0,0,gratuito
5,10000.0,4,0.75,13,4,1,0,0,0,0,0,0,0,0,0,0,alto
5,35000.0,57,0.7368421052631579,3,3,1,0,0,0,1,0,1,0,1,0,0,medio_alto
1,0.0,0,0.0,9,4,1,1,0,0,1,0,0,1,0,0,1,gratuito
4,750000.0,7418,0.8987597735238608,9,2,1,0,0,1,0,1,0,0,1,0,0,alto
2,0.0,0,0.0,2,4,1,0,0,0,1,0,1,1,0,0,0,gratuito
2,10000.0,4,1.0,5,4,1,0,0,0,1,1,0,1,0,0,1,medio_alto
1,0.0,0,0.0,1,3,1,0,0,0,1,1,0,1,0,0,0,medio_baixo
3,0.0,0,0.0,0,0,1,0,0,0,0,0,0,0,0,0,0,gratuito
3,10000.0,0,0.0,1,1,1,0,0,0,0,0,0,1,0,0,0,medio_baixo
7,10000.0,65,0.5384615384615384,1,4,1,0,0,0,1,0,0,0,1,1,1,medio_alto
3,10000.0,4,0.75,2,3,1,0,0,0,1,0,0,1,0,1,0,medio_baixo
3,10000.0,13,1.0,103,2,1,1,1,0,1,0,0,0,0,0,0,baixo
3,35000.0,710,0.7887323943661971,11,5,1,0,0,0,1,1,1,0,0,0,1,alto
3,0.0,0,0.0,0,0,1,0,0,0,0,0,0,0,0,0,0,gratuito
1,10000.0,39,0.8974358974358975,1,4,1,0,0,0,1,1,0,0,0,0,1,gratuito
2,0.0,0,0.0,2,4,1,1,0,1,1,0,1,1,0,0,0,gratuito
6,10000.0,0,0.0,27,2,1,0,0,0,1,0,0,1,0,0,0,baixo
17,35000.0,336,0.7857142857142857,6,1,1,0,0,0,0,1,0,0,0,0,0,alto
19,350000.0,1152,0.8420138888888888,1,2,1,0,0,0,0,0,1,0,1,0,0,medio_alto
9,10000.0,19,0.631578947368421,1,2,1,0,0,0,0,0,1,0,0,0,1,medio_baixo
1,10000.0,0,0.0,43,4,1,0,0,2,1,1,1,0,0,0,0,alto
2,10000.0,0,0.0,5,4,1,1,1,0,1,0,1,1,0,0,0,alto
7,10000.0,15,0.8666666666666667,1,2,1,1,1,0,1,1,0,0,0,0,0,medio_alto
2,0.0,0,0.0,103,4,1,0,0,0,1,1,1,1,0,0,0,medio_alto
7,35000.0,31,0.9032258064516129,16,4,1,0,0,0,1,1,0,1,0,1,0,alto
9,10000.0,4,0.75,1,4,1,0,0,0,1,1,1,0,1,0,0,medio_baixo
11,35000.0,145,0.7931034482758621,1,2,1,0,0,1,1,1,0,0,0,0,0,baixo
1,10000.0,0,0.0,1,3,1,0,1,0,1,1,0,1,0,0,0,alto
2,10000.0,15,0.8666666666666667,13,2,1,0,0,6,1,1,0,0,0,0,0,medio_baixo
3,10000.0,0,0.0,1,4,1,0,0,0,1,1,0,1,0,0,0,medio_baixo
2,0.0,0,0.0,1,2,1,0,0,0,0,0,0,1,0,0,0,gratuito
2,10000.0,2,1.0,1,6,1,0,0,0,1,1,1,0,0,1,1,medio_alto
5,35000.0,279,0.6272401433691757,12,3,1,0,0,0,1,0,0,0,0,1,1,alto
6,10000.0,6,0.8333333333333334,1,1,1,0,0,0,0,1,0,0,0,0,0,baixo
1,0.0,0,0.0,1,3,1,0,0,0,0,0,1,0,1,0,0,alto
5,35000.0,1860,0.9064516129032258,10,2,1,0,0,2,1,0,0,1,0,0,0,medio_alto
3,10000.0,0,0.0,1,2,1,0,0,0,0,0,0,1,0,0,0,baixo
4,10000.0,5,1.0,1,3,1,0,0,0,1,1,1,0,0,0,0,baixo
1,10000.0,43,0.7209302325581395,4,2,1,0,0,1,0,0,1,0,0,0,1,alto
8,10000.0,40,0.775,1,2,1,0,1,0,1,1,0,0,0,0,0,baixo
8,10000.0,28,0.7857142857142857,5,1,1,0,0,0,0,0,0,1,0,0,0,medio_alto
4,10000.0,0,0.0,1,1,1,1,1,2,0,0,0,0,0,0,1,alto
7,350000.0,21,0.47619047619047616,1,3,1,0,0,0,1,1,1,0,0,0,0,baixo
5,10000.0,13,0.46153846153846156,103,2,1,0,0,0,0,0,0,0,0,0,1,baixo
2,0.0,0,0.0,0,0,1,0,0,0,0,0,0,0,0,0,0,gratuito
1,10000.0,0,0.0,13,2,1,1,0,0,0,1,1,0,0,0,0,baixo
8,10000.0,17,0.8823529411764706,3,4,1,0,0,0,1,0,0,1,0,0,0,alto
11,35000.0,1530,0.8477124183006536,1,4,1,1,1,0,1,0,1,0,1,1,0,alto
10,35000.0,721,0.8529819694868238,2,1,1,0,0,3,0,0,1,0,0,0,0,medio_alto
1,10000.0,0,0.0,7,3,1,0,0,0,1,0,0,1,0,0,1,alto
2,10000.0,132,0.7196969696969697,1,2,1,1,0,0,1,0,0,0,0,0,1,alto
3,35000.0,57,0.8947368421052632,1,5,1,1,0,1,1,0,1,0,1,0,1,gratuito
2,10000.0,1,1.0,9,6,1,0,0,1,0,1,1,1,0,1,1,alto
1,10000.0,0,0.0,4,2,1,0,0,0,1,0,1,0,0,0,0,medio_baixo
9,35000.0,4,0.75,1,3,1,0,1,0,1,0,0,1,0,1,0,medio_baixo
1,0.0,0,0.0,1,5,1,0,0,0,1,1,1,0,0,0,0,gratuito
1,0.0,0,0.0,2,3,1,0,0,0,0,1,0,1,0,0,1,baixo
1,0.0,0,0.0,0,0,1,0,0,0,0,0,0,0,0,0,0,gratuito
2,10000.0,4,0.5,2,1,1,0,0,0,0,1,0,0,0,0,0,alto
3,10000.0,9,0.8888888888888888,2,4,1,0,0,0,0,0,1,1,0,0,1,alto
10,10000.0,50,0.96,1,2,1,0,0,0,1,0,0,1,0,0,0,medio_baixo
5,0.0,0,0.0,1,2,1,0,0,0,1,1,0,0,0,0,0,gratuito
1,0.0,0,0.0,26,3,1,0,0,0,1,1,0,1,0,0,0,baixo
4,10000.0,64,0.875,3,3,1,1,0,0,1,0,0,1,0,0,1,medio_alto
10,350000.0,997,0.6399197592778335,5,2,1,0,0,0,1,0,0,0,0,1,0,baixo
6,3500000.0,121315,0.8980340436054899,15,1,1,1,1,3,0,1,0,0,0,0,0,medio_alto
2,10000.0,496,0.9596774193548387,13,4,1,1,0,1,1,0,1,1,0,1,0,medio_alto
4,10000.0,5,0.8,2,2,1,0,0,0,1,0,0,0,1,0,0,alto
12,10000.0,33,0.21212121212121213,1,1,1,0,0,0,0,1,0,0,0,0,0,baixo
2,0.0,0,0.0,0,0,1,0,0,0,0,0,0,0,0,0,0,gratuito
5,0.0,0,0.0,0,0,1,0,0,0,0,0,0,0,0,0,0,gratuito
4,10000.0,21,0.3333333333333333,1,3,1,0,0,0,0,0,0,0,0,0,0,alto
1,0.0,0,0.0,2,2,1,0,0,1,0,0,1,0,1,0,0,medio_baixo
9,350000.0,11893,0.970066425628521,3,2,1,0,0,3,1,0,0,1,0,0,0,medio_alto
5,10000.0,22,0.7727272727272727,1,6,1,0,0,0,1,1,1,1,0,1,0,baixo
8,75000.0,23,0.7391304347826086,1,2,1,0,0,1,1,1,0,0,0,0,0,gratuito
7,10000.0,20,0.9,1,2,1,0,1,1,0,1,0,1,0,0,0,baixo
1,10000.0,0,0.0,1,3,1,0,0,0,1,1,0,1,0,0,0,medio_alto
1,10000.0,0,0.0,2,2,1,0,0,0,1,1,0,0,0,0,0,medio_baixo
10,35000.0,224,0.6875,1,3,1,1,1,0,1,0,0,1,0,0,1,alto
2,75000.0,14,0.8571428571428571,8,3,1,0,0,0,1,1,0,1,0,0,0,medio_baixo
1,0.0,0,0.0,0,0,1,0,0,0,0,0,0,0,0,0,0,gratuito
5,350000.0,4727,0.9655172413793104,17,2,1,1,0,1,1,0,0,1,0,0,0,baixo
1,0.0,0,0.0,33,6,1,1,0,0,0,0,0,1,0,1,1,gratuito
5,10000.0,384,0.6588541666666666,3,3,1,1,1,1,1,0,1,1,0,0,0,medio_baixo
2,0.0,0,0.0,0,0,1,0,0,0,0,0,0,0,0,0,0,gratuito
1,10000.0,78,0.9102564102564102,12,1,1,0,0,0,0,0,0,0,0,0,1,medio_baixo
9,10000.0,39,0.717948717948718,6,4,1,0,1,1,1,1,1,1,0,0,0,medio_baixo
5,350000.0,3574,0.735870173475098,8,2,1,0,0,2,0,0,0,0,1,1,0,alto
8,150000.0,482,0.9336099585062241,6,2,1,1,0,0,0,0,1,1,0,0,0,medio_alto
2,0.0,0,0.0,0,0,1,0,0,0,0,0,0,0,0,0,0,gratuito
1,10000.0,0,0.0,1,2,1,0,0,0,0,0,1,1,0,0,0,alto
1,0.0,0,0.0,2,4,1,1,0,0,1,1,0,1,0,0,0,gratuito
4,10000.0,96,0.9375,5,2,1,0,0,0,1,0,0,1,0,0,0,alto
2,0.0,0,0.0,21,5,1,0,0,0,1,0,0,0,0,0,1,gratuito
2,75000.0,579,0.9343696027633851,6,4,1,0,0,0,1,0,1,0,1,0,0,alto
3,75000.0,1379,0.9332849891225525,13,3,1,0,1,0,1,0,0,1,0,0,1,medio_alto
3,0.0,0,0.0,1,6,1,0,0,0,1,1,0,1,1,0,0,gratuito
9,35000.0,1,0.0,1,3,1,0,0,0,1,1,0,1,0,0,0,baixo
9,350000.0,161,0.7142857142857143,2,2,1,0,0,0,0,1,1,0,0,0,0,baixo
5,10000.0,39,0.8461538461538461,3,3,1,0,0,0,1,0,1,0,0,0,1,baixo
8,10000.0,24,0.5416666666666666,1,2,1,1,1,0,1,0,1,0,0,0,0,medio_baixo
2,10000.0,0,0.0,1,1,1,0,0,0,0,0,0,1,0,0,0,medio_baixo
7,10000.0,98,0.9081632653061225,1,3,1,0,0,0,1,0,0,1,0,0,0,gratuito
5,10000.0,4,0.75,12,2,1,0,0,0,1,0,0,1,0,0,0,medio_alto
6,10000.0,14,0.9285714285714286,1,1,1,0,0,0,0,0,0,1,0,0,0,baixo
3,10000.0,1,1.0,1,3,1,0,1,0,1,0,0,1,0,0,0,baixo
4,10000.0,1,0.0,1,2,1,0,0,0,1,0,1,0,0,0,0,medio_baixo
9,35000.0,318,0.9276729559748428,1,4,1,0,0,1,1,0,0,1,0,0,1,gratuito
7,10000.0,2,0.5,1,2,1,1,0,0,0,1,0,1,0,0,0,baixo
2,0.0,0,0.0,0,0,1,0,0,2,0,0,0,0,0,0,0,gratuito
2,10000.0,13,0.5384615384615384,1,4,1,0,0,0,1,0,0,1,0,0,1,gratuito
5,0.0,0,0.0,0,0,1,0,0,0,0,0,0,0,0,0,0,gratuito
3,10000.0,186,0.967741935483871,4,3,1,1,1,0,1,0,1,1,0,0,0,medio_baixo
1,0.0,0,0.0,1,3,1,0,0,0,0,1,1,1,0,0,0,medio_alto
5,35000.0,15,0.8666666666666667,1,5,1,0,0,0,1,0,1,1,1,1,0,medio_alto
2,10000.0,35,0.7428571428571429,1,3,1,0,0,0,0,1,0,0,1,0,0,alto
1,0.0,0,0.0,0,0,1,0,0,0,0,0,0,0,0,0,0,gratuito
1,0.0,0,0.0,1,4,1,0,0,0,1,1,1,0,0,0,0,gratuito
4,75000.0,1,1.0,1,4,1,0,0,0,1,0,1,0,1,1,0,medio_baixo
2,10000.0,1,1.0,2,2,1,0,0,0,1,0,1,0,0,0,0,baixo
1,0.0,0,0.0,3,3,1,0,0,0,1,0,0,1,0,0,1,medio_alto
2,10000.0,58,0.7586206896551724,1,4,1,0,0,0,1,1,1,0,0,1,0,medio_alto
9,10000.0,19,1.0,1,2,1,0,0,0,0,0,1,1,0,0,0,medio_alto
3,10000.0,0,0.0,4,1,1,0,0,0,0,0,1,0,0,0,0,alto
5,10000.0,9,0.4444444444444444,1,4,1,0,0,0,1,1,1,1,0,0,0,baixo
9,35000.0,423,0.6666666666666666,1,5,1,1,1,0,1,1,0,1,0,0,1,baixo
9,150000.0,36,0.6666666666666666,2,6,1,0,0,0,1,1,0,1,0,0,1,medio_alto
10,350000.0,5094,0.9409108755398508,3,3,1,0,0,2,1,0,1,1,0,0,0,gratuito
5,75000.0,916,0.6997816593886463,6,3,1,0,0,1,1,0,1,0,0,0,1,alto
1,0.0,0,0.0,0,0,1,0,0,0,0,0,0,0,0,0,0,gratuito
10,1500000.0,25009,0.9348234635531208,18,1,1,1,0,4,0,0,0,0,0,0,1,alto
4,10000.0,67,0.9552238805970149,1,1,1,1,0,1,0,0,0,0,0,0,1,alto
4,10000.0,51,0.8823529411764706,9,2,1,1,1,0,1,0,0,0,0,1,0,medio_baixo
7,35000.0,195,0.9487179487179487,1,1,1,1,0,0,0,0,1,0,0,0,0,baixo
1,10000.0,0,0.0,9,4,1,0,0,0,1,0,0,1,1,0,1,baixo
2,10000.0,19,1.0,1,2,1,1,1,0,1,1,0,0,0,0,0,medio_alto
2,0.0,0,0.0,1,3,1,0,0,0,1,1,0,0,0,0,0,gratuito
2,10000.0,12,0.8333333333333334,1,2,1,0,0,0,0,0,1,0,0,0,1,baixo
3,0.0,0,0.0,103,2,1,0,0,0,1,0,0,1,0,0,0,medio_baixo
5,10000.0,5,0.6,1,2,1,0,0,0,0,1,0,1,0,0,0,baixo
7,75000.0,216,0.7361111111111112,3,3,1,0,0,3,0,0,1,0,1,0,1,medio_alto
6,10000.0,7,0.5714285714285714,4,1,1,0,0,0,0,0,0,1,0,0,0,medio_alto
2,150000.0,2267,0.7613586237318042,1,5,1,0,0,1,1,0,1,1,1,1,0,medio_alto
5,10000.0,4,1.0,1,3,1,0,0,0,1,0,0,1,0,0,0,medio_alto
1,10000.0,0,0.0,2,2,1,0,0,0,1,0,0,1,0,0,0,medio_baixo
3,0.0,0,0.0,1,8,1,1,0,0,0,0,0,0,0,0,0,gratuito
3,10000.0,4,0.75,1,2,1,0,0,0,0,0,1,1,0,0,0,alto
1,0.0,0,0.0,0,0,1,0,0,0,0,0,0,0,0,0,0,gratuito
2,10000.0,8,1.0,1,3,1,1,1,0,1,0,0,1,0,1,0,baixo
3,10000.0,49,0.9795918367346939,5,3,1,1,0,0,1,0,0,1,0,1,0,medio_baixo
4,10000.0,18,0.9444444444444444,2,2,1,0,0,0,1,0,0,1,0,0,0,baixo
8,150000.0,642,0.8333333333333334,1,1,1,0,0,11,0,0,0,0,0,0,0,gratuito
5,0.0,0,0.0,1,1,1,0,0,0,0,1,0,0,0,0,0,gratuito
5,0.0,0,0.0,8,4,1,0,0,1,1,0,1,1,0,0,0,gratuito
8,10000.0,47,0.8936170212765957,1,4,1,0,0,0,1,0,1,1,0,0,1,medio_baixo
5,10000.0,5,0.8,1,2,1,0,0,0,0,0,0,1,0,0,1,medio_baixo
2,0.0,0,0.0,0,0,1,0,0,0,0,0,0,0,0,0,0,gratuito
9,10000.0,4,1.0,1,2,1,0,0,0,1,1,0,0,0,0,0,medio_alto
7,10000.0,6,0.8333333333333334,21,2,1,1,1,0,1,0,0,0,0,1,0,alto
3,10000.0,0,0.0,2,2,1,0,0,0,1,0,0,1,0,0,0,medio_alto
6,10000.0,53,0.8679245283018868,2,1,1,0,0,0,1,0,0,0,0,0,0,baixo
7,10000.0,102,0.7058823529411765,13,3,1,1,1,0,1,1,1,0,0,0,0,baixo
3,10000.0,248,0.7540322580645161,9,1,1,0,0,0,0,0,0,0,1,0,0,alto
6,10000.0,9,0.7777777777777778,1,6,1,0,0,0,1,1,0,1,0,1,1,gratuito
1,0.0,0,0.0,1,4,1,0,0,0,1,1,0,0,0,1,0,alto
8,75000.0,1161,0.8570198105081827,13,2,1,1,1,2,1,0,0,0,0,1,0,alto
1,0.0,0,0.0,3,3,1,0,0,0,1,0,0,0,0,1,0,alto
9,10000.0,231,0.8008658008658008,1,3,1,0,0,6,0,0,0,1,0,1,1,alto
2,10000.0,90,0.7111111111111111,13,2,1,0,0,1,0,1,1,0,0,0,0,alto
4,10000.0,49,0.8979591836734694,4,3,1,0,0,0,1,1,1,0,0,0,0,medio_alto
1,10000.0,1,1.0,2,4,1,0,0,0,1,1,1,0,0,0,0,baixo
1,10000.0,0,0.0,12,2,1,1,1,0,0,1,0,0,0,1,0,medio_alto
2,10000.0,1,1.0,1,4,1,0,0,0,1,1,1,1,0,0,0,medio_baixo
2,10000.0,30,0.4666666666666667,1,4,1,0,0,0,0,1,1,0,1,0,0,alto
1,0.0,0,0.0,1,3,1,0,0,0,1,1,0,0,0,0,0,alto
13,10000.0,20,0.1,1,1,1,0,0,0,0,0,0,0,0,1,0,medio_baixo
3,75000.0,260,0.7423076923076923,1,4,1,0,0,0,1,1,0,1,0,0,0,medio_alto
1,10000.0,72,0.9583333333333334,3,1,1,1,1,1,0,0,0,0,0,1,0,medio_alto
2,35000.0,511,0.9647749510763209,4,2,1,1,1,0,1,0,1,0,0,0,0,alto
4,10000.0,0,0.0,1,1,1,0,0,0,0,1,0,0,0,0,0,medio_baixo
1,10000.0,0,0.0,2,3,1,0,0,0,1,0,1,0,1,0,0,medio_baixo
3,10000.0,0,0.0,1,2,1,1,0,0,1,0,1,0,0,0,0,alto
3,10000.0,6,0.8333333333333334,1,2,1,0,0,0,1,1,0,0,0,0,0,medio_alto
1,0.0,0,0.0,20,4,1,0,0,2,1,1,0,1,0,0,0,gratuito
6,10000.0,0,0.0,2,2,1,0,0,0,1,0,0,1,0,0,0,medio_baixo
1,0.0,0,0.0,0,0,1,0,0,0,0,0,0,0,0,0,0,gratuito
18,10000.0,77,0.22077922077922077,1,2,1,0,0,0,1,0,1,0,0,0,0,medio_alto
1,0.0,0,0.0,3,5,1,1,0,0,1,0,1,1,1,0,0,gratuito
8,10000.0,36,0.3333333333333333,10,3,1,0,0,2,1,1,0,1,0,0,0,medio_alto
9,35000.0,431,0.8236658932714617,5,2,1,0,0,0,0,0,0,0,0,0,0,alto
6,10000.0,26,0.6153846153846154,29,3,1,0,0,0,0,1,1,1,0,0,0,baixo
2,10000.0,0,0.0,1,3,1,0,0,0,1,0,1,1,0,0,0,alto
7,10000.0,1,1.0,5,3,1,0,0,0,1,1,0,1,0,0,0,medio_alto
4,35000.0,58,0.9137931034482759,1,2,1,1,1,0,1,0,0,1,0,0,0,alto
2,0.0,0,0.0,0,0,1,0,0,0,0,0,0,0,0,0,0,gratuito
8,10000.0,8,0.875,1,2,1,1,1,0,1,0,0,0,0,0,1,medio_baixo
4,10000.0,2,0.5,1,3,1,0,0,0,1,0,0,1,0,0,1,baixo
3,10000.0,0,0.0,2,2,1,0,0,0,1,0,0,0,0,0,1,baixo
3,10000.0,73,0.9041095890410958,1,2,1,0,0,1,0,0,1,1,0,0,0,alto
6,10000.0,45,0.8666666666666667,1,3,1,0,0,0,1,1,0,0,0,0,0,alto
6,10000.0,30,0.6,3,2,1,0,0,0,0,0,0,0,0,1,1,baixo
4,35000.0,11,0.7272727272727273,3,3,1,0,0,0,1,1,1,0,0,0,0,alto
4,0.0,0,0.0,1,5,1,0,0,0,1,1,1,1,0,0,0,gratuito
9,10000.0,25,0.92,2,3,1,1,1,0,1,0,0,1,0,1,0,medio_baixo
5,150000.0,847,0.8807556080283353,7,3,1,0,0,0,1,0,0,1,0,1,0,medio_baixo
5,10000.0,1,1.0,1,3,1,0,0,0,1,0,0,1,0,0,0,baixo
2,35000.0,3,1.0,1,2,1,1,0,0,1,0,0,1,0,0,0,baixo
14,75000.0,319,0.9153605015673981,1,3,1,0,0,0,0,0,0,0,0,0,1,medio_alto
6,35000.0,7,0.5714285714285714,2,2,1,0,0,0,1,0,1,0,0,0,0,baixo
7,10000.0,11,0.8181818181818182,4,1,1,1,0,0,0,0,0,1,0,0,0,medio_alto
9,10000.0,21,0.9047619047619048,4,2,1,0,0,0,0,1,0,1,0,0,0,alto
3,10000.0,9,0.8888888888888888,1,3,1,0,0,0,1,0,0,0,0,0,1,medio_alto
3,10000.0,0,0.0,1,1,1,0,0,0,0,1,0,0,0,0,0,baixo
2,10000.0,2,1.0,6,4,1,0,0,0,1,1,1,0,0,0,0,baixo
1,0.0,0,0.0,7,3,1,0,0,0,1,1,1,0,0,0,0,medio_alto
2,10000.0,16,0.6875,2,1,1,0,0,0,0,0,0,0,0,0,1,alto
2,0.0,0,0.0,0,0,1,0,0,0,0,0,0,0,0,0,0,gratuito
12,35000.0,125,0.936,2,2,1,1,1,0,0,0,1,1,0,0,0,baixo
5,75000.0,13,1.0,1,3,1,0,0,1,1,1,1,0,0,0,0,medio_baixo
2,0.0,0,0.0,0,0,1,0,0,0,0,0,0,0,0,0,0,gratuito
7,10000.0,0,0.0,1,1,1,0,0,0,1,0,0,0,0,0,0,medio_alto
9,10000.0,15,0.4,1,4,1,0,0,0,0,0,0,0,0,0,0,alto
6,10000.0,8,0.875,1,1,1,0,0,0,1,0,0,0,0,0,0,gratuito
1,0.0,0,0.0,1,4,1,0,0,0,1,1,1,0,0,0,0,gratuito
5,10000.0,4,0.75,1,1,1,0,0,0,1,0,0,0,0,0,0,baixo
2,10000.0,39,0.7692307692307693,1,3,1,0,0,0,1,1,0,0,0,0,0,alto
2,0.0,0,0.0,0,0,1,0,0,0,0,0,0,0,0,0,0,gratuito
5,150000.0,33,0.9090909090909091,1,1,1,0,0,0,0,1,0,0,0,0,0,medio_alto
2,10000.0,276,0.9202898550724637,7,3,1,1,1,1,1,0,0,1,0,1,0,medio_alto
2,10000.0,2,1.0,1,3,1,0,0,0,1,1,0,1,0,0,0,medio_alto
5,10000.0,14,0.9285714285714286,1,5,1,0,0,0,1,0,1,1,1,0,1,medio_baixo
10,350000.0,2862,0.9779874213836478,1,3,1,0,0,0,1,1,1,0,0,0,0,gratuito
1,0.0,0,0.0,2,4,1,0,0,1,0,0,1,1,1,0,0,medio_alto
2,10000.0,22,0.8636363636363636,2,3,1,0,0,0,1,0,0,1,0,0,0,gratuito
1,0.0,0,0.0,0,0,1,0,0,0,0,0,0,0,0,0,0,gratuito
10,10000.0,9,0.7777777777777778,1,3,1,0,0,0,1,1,0,0,0,0,0,gratuito
2,10000.0,75,0.8,4,1,1,0,0,0,0,0,0,0,0,0,1,medio_alto
3,350000.0,7545,0.94831013916501,17,2,1,0,0,1,1,0,1,0,0,0,0,alto
2,10000.0,5,1.0,2,3,1,1,0,0,1,0,1,1,0,0,0,medio_baixo
9,10000.0,7,0.7142857142857143,1,3,1,0,0,0,1,1,0,1,0,0,0,medio_baixo
5,0.0,0,0.0,0,0,1,0,0,0,0,0,0,0,0,0,0,gratuito
5,10000.0,26,0.8846153846153846,2,4,1,0,0,0,1,1,1,1,0,0,0,medio_baixo
1,10000.0,629,0.8934817170111288,8,2,1,0,0,4,0,0,0,1,0,0,1,alto
4,10000.0,32,0.65625,1,3,1,1,0,0,1,1,1,0,0,0,0,baixo
2,10000.0,1,0.0,1,2,1,0,0,0,0,0,1,0,1,0,0,medio_baixo
2,350000.0,1917,0.9160146061554513,6,2,1,0,0,0,0,1,1,0,0,0,0,medio_alto
8,10000.0,7,0.8571428571428571,1,2,1,0,0,0,0,0,1,1,0,0,0,medio_alto
2,10000.0,4,1.0,1,2,1,0,0,0,1,0,0,1,0,0,0,baixo
3,10000.0,2,0.5,1,2,1,0,0,0,0,0,0,1,1,0,0,alto
3,0.0,0,0.0,2,4,1,0,0,0,1,0,0,1,0,1,0,gratuito
10,150000.0,2023,0.8690064260998517,5,3,1,1,1,0,1,1,1,0,0,0,0,medio_alto
9,10000.0,2,1.0,1,1,1,0,0,0,0,0,0,1,0,0,0,alto
1,0.0,0,0.0,103,1,1,0,0,0,0,0,0,1,0,0,0,baixo
3,75000.0,10,0.9,1,4,1,0,0,0,1,0,1,1,1,0,0,alto
4,10000.0,20,0.75,1,1,1,0,0,0,1,0,0,0,0,0,0,alto
3,10000.0,3,1.0,1,1,1,0,0,0,0,1,0,0,0,0,0,alto
2,10000.0,3,1.0,2,3,1,0,0,0,1,0,1,0,1,0,0,medio_alto
5,35000.0,106,0.46226415094339623,9,4,1,0,1,0,1,1,1,0,1,0,0,medio_baixo
6,10000.0,27,0.8148148148148148,1,4,1,0,0,0,1,0,0,1,0,1,0,gratuito
3,10000.0,52,0.8269230769230769,13,5,1,0,0,0,0,1,0,1,0,0,1,alto
2,10000.0,10,1.0,2,1,1,0,0,0,0,0,0,0,0,0,0,medio_alto
11,1500000.0,29066,0.8968898369228652,11,4,1,1,1,1,1,0,1,0,1,1,0,medio_alto
2,10000.0,8,0.625,2,4,1,0,0,0,1,1,0,0,0,1,0,gratuito
4,10000.0,0,0.0,1,1,1,0,0,0,0,0,0,0,0,1,0,medio_alto
2,10000.0,0,0.0,1,2,1,0,0,0,0,0,1,0,1,0,0,medio_alto
9,10000.0,10,0.7,1,4,1,0,0,0,1,0,1,1,0,1,0,baixo
5,10000.0,38,0.6578947368421053,11,5,1,0,0,0,1,1,0,1,0,0,1,alto
6,350000.0,2740,0.9142335766423357,10,2,1,0,0,0,1,0,1,0,0,0,0,medio_baixo
1,0.0,0,0.0,3,3,1,1,0,1,1,0,0,0,1,1,0,alto
6,10000.0,14,0.9285714285714286,1,1,1,0,0,0,0,0,1,0,0,0,0,medio_baixo
1,10000.0,0,0.0,5,3,1,0,0,0,1,1,0,1,0,0,0,alto
11,35000.0,365,0.8821917808219178,1,3,1,1,1,1,1,0,0,0,1,1,0,medio_alto
11,10000.0,27,0.9629629629629629,8,2,1,1,1,1,1,0,1,0,0,0,0,medio_alto
14,750000.0,9267,0.9371965037228877,1,1,1,1,0,0,1,0,0,0,0,0,0,medio_alto
3,10000.0,20,0.9,3,1,1,0,0,0,0,0,0,0,1,0,0,medio_alto
1,0.0,0,0.0,0,0,1,0,0,0,0,0,0,0,0,0,0,gratuito
3,10000.0,157,0.7515923566878981,3,2,1,0,0,0,1,1,0,0,0,0,0,medio_baixo
2,0.0,0,0.0,13,2,1,1,0,0,0,0,0,1,0,0,1,gratuito
6,10000.0,91,0.8901098901098901,1,1,1,0,0,0,1,0,0,0,0,0,0,baixo
9,35000.0,108,0.8518518518518519,1,5,1,0,0,1,1,0,1,1,0,0,1,baixo
9,10000.0,84,0.75,2,1,1,0,0,0,1,0,0,0,0,0,0,medio_alto
4,75000.0,308,0.6071428571428571,2,2,1,0,0,1,1,0,0,0,0,0,1,medio_alto
9,10000.0,30,0.5333333333333333,6,2,1,0,0,1,1,1,0,0,0,0,0,medio_alto
3,0.0,0,0.0,0,0,1,0,0,0,0,0,0,0,0,0,0,gratuito
9,10000.0,1,1.0,12,2,1,1,1,0,1,0,0,1,0,0,0,alto
1,10000.0,0,0.0,16,6,1,1,1,0,1,1,1,1,1,0,1,medio_alto
2,0.0,0,0.0,103,3,1,0,0,0,0,0,0,1,0,0,1,gratuito
2,10000.0,484,0.44008264462809915,1,7,1,1,0,0,1,1,1,1,1,1,1,medio_baixo
2,150000.0,6,1.0,1,1,1,1,0,1,0,0,0,0,1,0,0,medio_baixo
1,10000.0,0,0.0,1,2,1,1,0,0,1,0,0,1,0,0,0,alto
1,0.0,0,0.0,2,3,1,0,0,0,1,1,1,0,0,0,0,alto
1,10000.0,0,0.0,1,1,1,0,0,0,0,0,0,0,1,0,0,alto
9,150000.0,964,0.8692946058091287,29,2,1,0,0,0,1,0,0,1,0,0,0,baixo
1,10000.0,13,0.7692307692307693,2,4,1,0,0,0,1,1,1,0,0,0,0,medio_alto
2,10000.0,16,1.0,3,3,1,0,0,0,1,0,1,1,0,0,0,medio_alto
10,10000.0,9,0.7777777777777778,1,5,1,0,0,0,1,1,0,1,0,0,0,medio_alto
2,10000.0,0,0.0,1,3,1,0,0,0,1,1,0,0,0,0,0,medio_alto
4,10000.0,4,0.75,2,2,1,0,0,0,1,1,0,0,0,0,0,medio_baixo
5,10000.0,2,1.0,1,2,1,0,0,0,0,1,1,0,0,0,0,medio_alto
13,1500000.0,16493,0.8225307706299643,13,3,1,1,1,0,1,1,0,0,0,0,1,medio_baixo
12,350000.0,7443,0.9404809888485826,7,3,1,0,0,0,1,0,0,1,0,0,1,alto
2,10000.0,6,1.0,36,3,1,0,0,0,1,0,0,1,0,1,0,alto
2,10000.0,2,1.0,6,5,1,0,0,0,1,1,0,1,0,0,1,alto
1,0.0,0,0.0,1,3,1,1,1,0,1,0,0,1,0,0,1,medio_alto
5,75000.0,25,0.84,40,2,1,1,0,0,1,0,0,0,0,0,1,medio_baixo
4,0.0,0,0.0,1,4,1,0,0,1,1,0,1,0,1,0,0,gratuito
5,10000.0,6,1.0,1,3,1,0,0,0,1,1,0,1,0,0,0,baixo
2,35000.0,7,0.7142857142857143,1,3,1,0,0,0,1,1,1,0,0,0,0,medio_baixo
13,350000.0,1832,0.8111353711790393,21,2,1,0,0,0,0,0,0,0,0,0,0,alto
3,0.0,0,0.0,103,1,1,0,0,0,0,0,0,1,0,0,0,baixo
1,0.0,0,0.0,4,3,1,0,0,0,0,0,0,1,0,0,1,gratuito
8,350000.0,3659,0.7291609729434272,1,5,1,0,0,0,0,1,0,1,0,0,1,medio_alto
2,10000.0,180,0.7722222222222223,9,5,1,0,0,0,1,0,0,1,0,0,1,medio_alto
3,0.0,0,0.0,0,0,1,0,0,0,0,0,0,0,0,0,0,gratuito
6,10000.0,35,1.0,5,3,1,1,0,0,1,0,0,1,0,1,0,medio_baixo
10,10000.0,4,0.25,1,6,1,0,0,0,1,1,1,0,0,0,0,alto
2,10000.0,23,0.9565217391304348,1,3,1,0,0,4,0,0,0,1,0,1,0,gratuito
1,10000.0,28,0.4642857142857143,1,5,1,0,0,0,1,1,1,1,0,0,1,medio_alto
3,10000.0,0,0.0,1,3,1,0,0,0,1,0,0,0,1,0,0,alto
11,10000.0,5,0.4,1,2,1,0,0,0,1,0,0,1,0,0,0,medio_alto
9,10000.0,101,0.5544554455445545,1,4,1,0,0,0,1,0,0,1,0,1,1,baixo
2,10000.0,7,0.8571428571428571,2,3,1,0,0,0,1,1,1,0,0,0,0,medio_alto
2,0.0,0,0.0,0,0,1,0,0,0,0,0,0,0,0,0,0,gratuito
5,0.0,0,0.0,0,0,1,0,0,0,0,0,0,0,0,0,0,gratuito
2,10000.0,12,1.0,2,2,1,1,1,0,1,0,0,1,0,0,0,medio_baixo
8,10000.0,62,0.8387096774193549,1,3,1,0,0,2,0,1,0,1,0,0,0,gratuito
8,10000.0,83,0.3373493975903614,1,7,1,0,0,0,1,1,1,1,1,1,1,alto
6,35000.0,6,0.8333333333333334,1,3,1,0,0,0,1,1,1,0,0,0,0,baixo
8,10000.0,6,0.5,1,4,1,1,1,0,1,1,1,1,0,0,0,medio_alto
2,10000.0,5,1.0,2,2,1,0,0,0,1,0,0,0,0,1,0,baixo
1,35000.0,19,0.7894736842105263,17,5,1,0,0,0,1,1,1,0,0,1,1,medio_baixo
1,10000.0,5,1.0,14,3,1,0,0,1,1,1,0,1,0,0,0,medio_alto
3,0.0,0,0.0,103,5,1,0,0,0,1,0,1,1,0,1,1,baixo
11,35000.0,100,0.71,3,3,1,1,1,0,1,0,0,1,0,1,0,gratuito
12,35000.0,75,0.48,1,2,1,0,0,0,1,0,0,1,0,0,0,medio_alto
8,35000.0,27,0.7777777777777778,1,3,1,1,0,1,1,0,0,1,0,1,0,medio_alto
9,10000.0,19,0.7368421052631579,1,2,1,0,0,0,1,0,0,1,0,0,0,baixo
6,10000.0,12,1.0,3,2,1,0,0,1,1,0,0,1,0,0,0,baixo
2,10000.0,11,1.0,9,3,1,0,0,1,1,1,0,0,1,0,0,medio_baixo
8,10000.0,33,0.8787878787878788,1,1,1,0,0,0,1,0,0,0,0,0,0,baixo
1,0.0,0,0.0,0,0,1,0,0,0,0,0,0,0,0,0,0,gratuito
5,10000.0,2,0.5,9,6,1,1,0,0,1,1,1,1,1,0,0,medio_baixo
8,35000.0,33,0.8181818181818182,1,4,1,0,0,0,0,0,0,0,0,0,0,gratuito
8,10000.0,6,0.3333333333333333,1,2,1,0,0,0,1,0,0,1,0,0,0,alto
3,10000.0,145,0.9448275862068966,21,2,1,0,0,1,0,0,0,1,0,1,0,medio_alto
3,10000.0,9,0.6666666666666666,6,3,1,0,0,0,1,1,0,0,0,0,0,medio_baixo
1,10000.0,0,0.0,6,3,1,0,0,1,0,0,1,0,1,1,0,alto
5,10000.0,1,1.0,2,2,1,0,0,0,1,0,0,1,0,0,0,baixo
10,75000.0,73,0.8082191780821918,4,2,1,0,0,0,1,0,0,0,0,0,0,alto
7,10000.0,80,0.5625,1,8,1,1,0,0,1,1,1,1,1,1,1,alto
9,10000.0,25,0.76,1,2,1,0,0,1,0,0,0,0,0,0,0,gratuito
8,10000.0,1,0.0,3,2,1,1,0,0,1,0,0,1,0,0,0,medio_baixo
8,35000.0,243,0.9423868312757202,1,1,1,0,0,0,0,1,0,0,0,0,0,medio_alto
5,10000.0,16,0.4375,1,5,1,1,1,3,1,1,1,1,1,0,0,medio_alto
1,10000.0,51,0.9607843137254902,2,3,1,0,0,0,0,1,0,0,0,0,0,alto
3,10000.0,5,1.0,1,1,1,0,0,0,0,0,0,0,0,0,1,medio_baixo
4,0.0,0,0.0,1,3,1,0,0,0,1,1,0,0,0,0,0,gratuito
6,10000.0,36,0.8333333333333334,11,3,1,0,0,0,1,1,0,1,0,0,0,baixo
8,10000.0,8,0.625,1,4,1,1,0,0,1,0,0,0,0,0,0,medio_baixo
9,10000.0,29,0.9655172413793104,2,3,1,1,1,1,1,0,1,1,0,0,0,medio_baixo
6,10000.0,13,1.0,1,1,1,0,0,0,1,0,0,0,0,0,0,medio_alto
9,35000.0,446,0.6031390134529148,9,2,1,0,0,0,1,1,0,0,0,0,0,medio_baixo
11,10000.0,354,0.7824858757062146,12,5,1,0,0,0,1,0,0,1,0,1,1,baixo
5,10000.0,2,1.0,1,3,1,0,0,0,0,0,1,1,1,0,0,baixo
2,10000.0,2,1.0,16,8,1,0,0,0,1,0,0,1,0,0,0,medio_baixo
4,10000.0,1,1.0,2,4,1,0,0,3,0,0,1,0,1,1,1,alto
1,10000.0,0,0.0,2,3,1,0,0,0,1,0,1,0,1,0,0,medio_alto
3,10000.0,1,1.0,8,2,1,0,0,0,1,1,0,0,0,0,0,medio_alto
9,10000.0,23,0.4782608695652174,1,2,1,1,1,1,1,1,0,0,0,0,0,medio_baixo
5,10000.0,0,0.0,1,3,1,0,0,0,1,0,1,0,1,0,0,alto
6,10000.0,45,0.8888888888888888,1,1,1,0,0,0,1,0,0,0,0,0,0,baixo
2,10000.0,2,0.5,1,2,1,0,0,0,1,0,0,0,0,1,0,baixo
2,10000.0,4,0.0,1,4,1,0,0,0,1,1,1,0,0,0,0,alto
4,10000.0,17,1.0,1,1,1,1,0,0,0,1,0,0,0,0,0,medio_alto
1,10000.0,0,0.0,1,2,1,0,0,0,0,1,0,0,0,0,1,medio_alto
1,0.0,0,0.0,2,3,1,0,0,0,1,0,0,1,0,0,0,gratuito
5,0.0,0,0.0,0,0,1,0,0,0,0,0,0,0,0,0,0,gratuito
1,0.0,0,0.0,6,5,1,0,0,0,1,1,0,0,1,1,0,medio_alto
4,10000.0,24,1.0,103,3,1,1,1,0,1,0,0,1,0,1,0,baixo
10,750000.0,5538,0.6133983387504515,1,5,1,0,0,2,0,1,1,0,1,0,0,gratuito
1,35000.0,2,1.0,12,1,1,0,0,0,1,0,0,0,0,0,0,alto
6,10000.0,11,0.7272727272727273,1,5,1,1,1,0,1,1,1,1,1,0,0,medio_alto
6,35000.0,110,0.8727272727272727,1,4,1,1,0,0,1,0,0,0,0,1,1,alto
2,0.0,0,0.0,0,0,1,0,0,0,0,0,0,0,0,0,0,gratuito
7,75000.0,242,0.7355371900826446,1,3,1,0,0,0,0,0,0,1,0,1,0,gratuito
1,0.0,0,0.0,42,6,1,0,0,0,1,1,1,1,0,0,0,baixo
2,35000.0,36,0.9722222222222222,8,2,1,0,0,0,0,1,1,0,0,0,0,alto
9,10000.0,394,0.8299492385786802,2,2,1,0,0,4,0,0,0,0,0,1,1,medio_alto
3,10000.0,0,0.0,4,2,1,0,0,0,0,1,1,0,0,0,0,medio_baixo
6,10000.0,30,0.9333333333333333,1,2,1,0,0,0,1,0,0,0,0,0,1,medio_baixo
5,10000.0,8,1.0,3,3,1,0,0,0,1,1,0,1,0,0,0,baixo
1,10000.0,19,0.9473684210526315,1,5,1,0,1,0,1,1,1,0,1,0,0,alto
8,35000.0,332,0.5692771084337349,9,5,1,1,1,1,1,1,0,0,1,0,1,medio_alto
2,10000.0,2,1.0,2,3,1,0,0,0,1,1,0,1,0,0,0,medio_baixo
8,10000.0,0,0.0,1,4,1,1,1,0,0,1,1,0,1,0,0,alto
3,10000.0,30,1.0,1,2,1,1,1,0,1,1,0,0,0,0,0,medio_alto
4,10000.0,3,0.6666666666666666,2,4,1,0,0,0,1,1,1,0,1,0,0,baixo
9,10000.0,0,0.0,7,3,1,0,0,0,1,0,0,1,0,0,0,medio_baixo
5,10000.0,10,0.2,15,1,1,0,0,0,0,0,0,1,0,0,0,baixo
2,0.0,0,0.0,1,2,1,0,0,0,0,1,0,0,0,0,0,gratuito
7,10000.0,3,0.6666666666666666,1,4,1,0,0,0,1,0,1,1,0,0,0,medio_baixo
2,0.0,0,0.0,103,3,1,0,0,0,1,0,1,1,0,0,0,baixo
1,10000.0,65,0.36923076923076925,12,3,1,0,0,0,1,0,0,1,0,0,1,alto
2,35000.0,8,0.625,4,1,1,0,0,1,0,0,0,1,0,0,0,medio_alto
1,10000.0,0,0.0,2,2,1,0,0,0,1,0,1,0,0,0,0,alto
7,150000.0,23,0.2608695652173913,5,3,1,0,0,0,1,1,1,0,0,0,0,baixo
7,35000.0,143,0.7062937062937062,1,2,1,0,1,1,1,1,0,0,0,0,0,medio_baixo
3,10000.0,1,1.0,1,2,1,0,0,0,1,0,1,0,0,0,0,medio_alto
1,10000.0,2,1.0,4,2,1,0,0,0,1,0,1,0,0,0,0,alto
2,10000.0,0,0.0,3,3,1,1,0,1,1,0,1,1,0,0,0,alto
8,10000.0,4,0.25,1,2,1,0,0,0,0,0,1,0,0,0,1,baixo
9,35000.0,186,0.6989247311827957,1,5,1,0,0,0,1,1,0,1,0,0,1,baixo
1,0.0,0,0.0,0,0,1,0,0,0,0,0,0,0,0,0,0,gratuito
7,10000.0,9,0.7777777777777778,1,2,1,0,0,0,1,0,0,1,0,0,0,medio_baixo
7,75000.0,104,0.36538461538461536,1,11,1,0,0,2,1,1,1,1,1,1,1,gratuito
1,0.0,0,0.0,103,2,1,0,0,0,1,0,0,1,0,0,0,baixo
7,150000.0,583,0.516295025728988,1,6,1,1,1,0,1,1,1,0,1,1,1,medio_alto
3,15000000.0,30805,0.855705242655413,8,5,1,1,0,8,1,1,1,0,1,1,0,alto
3,10000.0,14,0.7142857142857143,4,1,1,0,0,0,0,0,1,0,0,0,0,medio_alto
2,10000.0,16,1.0,16,4,1,0,0,0,1,1,1,1,0,0,0,baixo
7,75000.0,12,0.9166666666666666,1,4,1,0,1,0,1,0,1,0,0,1,0,alto
2,10000.0,15,0.9333333333333333,11,4,1,0,0,0,1,0,1,1,0,0,0,medio_alto
5,10000.0,6,0.6666666666666666,2,2,1,0,0,0,1,0,1,0,0,0,0,medio_alto
6,10000.0,3,1.0,3,2,1,0,1,1,0,0,1,0,0,1,0,baixo
8,10000.0,13,0.7692307692307693,5,3,1,0,0,0,0,0,0,1,0,0,1,medio_alto
9,35000.0,102,0.7843137254901961,1,4,1,0,0,0,1,1,1,0,1,0,0,gratuito
7,10000.0,55,0.8181818181818182,1,3,1,0,0,0,1,0,0,1,0,0,0,medio_alto
6,10000.0,1,0.0,1,4,1,0,0,0,1,0,1,0,1,0,0,medio_baixo
9,10000.0,34,0.9117647058823529,1,3,1,0,0,0,1,0,0,0,0,1,1,medio_baixo
12,35000.0,394,0.7715736040609137,6,4,1,0,0,0,1,0,0,1,0,1,1,alto
5,35000.0,5,0.8,1,1,1,1,0,0,1,0,0,0,0,0,0,medio_alto
2,10000.0,55,0.8,3,4,1,0,1,0,1,1,0,0,1,0,0,gratuito
5,10000.0,16,0.6875,12,1,1,0,0,0,0,0,0,1,0,0,0,alto
1,10000.0,0,0.0,13,3,1,0,0,0,1,1,1,0,0,0,0,medio_baixo
3,10000.0,14,0.8571428571428571,1,3,1,0,0,0,1,0,0,0,0,1,1,medio_baixo
4,0.0,0,0.0,3,6,1,0,0,0,1,1,0,0,1,0,1,gratuito
2,10000.0,152,0.9473684210526315,6,5,1,1,0,2,1,0,1,1,1,0,1,medio_baixo
10,10000.0,77,0.6493506493506493,1,1,1,0,0,0,0,0,1,0,0,0,0,gratuito
3,150000.0,3371,0.9442301987540789,9,2,1,0,0,0,0,1,0,0,1,0,0,alto
1,0.0,0,0.0,1,4,1,1,0,0,1,0,0,1,0,0,1,gratuito
3,10000.0,30,0.8666666666666667,1,1,1,0,0,0,0,1,0,0,0,0,0,medio_alto
6,10000.0,4,1.0,1,3,1,0,0,0,1,1,0,1,0,0,0,medio_baixo
2,10000.0,0,0.0,1,3,1,0,0,0,1,1,0,0,0,0,0,gratuito
3,10000.0,0,0.0,1,2,1,0,0,0,0,1,0,1,0,0,0,medio_baixo
4,35000.0,250,0.912,1,2,1,1,0,2,1,0,1,0,0,0,0,medio_baixo
1,0.0,0,0.0,4,3,1,0,0,3,0,0,0,0,0,1,1,gratuito
3,0.0,0,0.0,103,3,1,1,1,0,1,0,0,1,0,1,0,baixo
3,10000.0,0,0.0,1,5,1,0,0,0,1,1,1,0,1,0,0,gratuito
1,10000.0,0,0.0,1,1,1,0,0,0,0,1,0,0,0,0,0,medio_alto
7,10000.0,13,0.5384615384615384,1,3,1,0,1,0,1,0,1,1,0,0,0,baixo
10,75000.0,1246,0.8764044943820225,6,2,1,0,0,0,0,1,1,0,0,0,0,alto
1,0.0,0,0.0,103,6,1,1,1,0,1,1,1,0,1,1,1,baixo
10,10000.0,78,0.8589743589743589,10,2,1,0,0,0,1,0,0,1,0,0,0,medio_alto
4,10000.0,1,0.0,1,4,1,0,0,0,1,0,0,1,0,1,1,medio_alto
2,35000.0,157,0.7070063694267515,3,1,1,0,0,0,0,1,0,0,0,0,0,baixo
3,10000.0,22,0.8181818181818182,1,2,1,1,0,0,0,0,1,1,0,0,0,medio_alto
2,10000.0,5,1.0,1,2,1,0,0,0,1,1,0,0,0,0,0,medio_alto
3,10000.0,14,0.9285714285714286,10,2,1,0,0,0,0,0,1,1,0,0,0,baixo
8,10000.0,25,0.76,4,1,1,1,0,0,0,0,0,1,0,0,0,alto
9,35000.0,205,0.8390243902439024,7,2,1,1,1,0,1,0,0,1,0,0,0,alto
4,10000.0,14,0.8571428571428571,1,3,1,0,0,0,1,0,1,1,0,0,0,medio_baixo
1,10000.0,0,0.0,2,3,1,1,0,0,1,0,1,0,0,0,0,medio_alto
4,10000.0,20,0.8,1,1,1,0,0,0,0,1,0,0,0,0,0,baixo
2,10000.0,0,0.0,1,6,1,0,0,0,0,0,0,0,1,1,1,gratuito
5,10000.0,69,0.9565217391304348,4,2,1,1,1,0,0,0,1,1,0,0,0,medio_alto
11,150000.0,1946,0.8617677286742035,1,4,1,1,0,0,1,0,0,0,1,1,1,medio_alto
8,10000.0,59,0.9661016949152542,1,2,1,1,1,1,1,0,0,1,0,0,0,medio_baixo
9,35000.0,166,0.8012048192771084,1,1,1,0,0,0,0,0,0,0,1,0,0,baixo
1,10000.0,0,0.0,1,3,1,0,0,0,1,1,1,0,0,0,0,medio_alto
10,10000.0,14,0.7142857142857143,1,2,1,1,0,0,1,1,0,0,0,0,0,baixo
2,10000.0,1,1.0,1,2,1,0,0,0,0,0,1,0,0,1,0,alto
1,10000.0,0,0.0,1,6,1,0,0,0,1,1,0,0,0,0,1,alto
2,10000.0,1,0.0,1,2,1,0,0,0,0,0,0,1,1,0,0,alto
5,75000.0,499,0.7715430861723447,5,3,1,0,1,1,1,0,0,0,0,1,1,medio_baixo
2,10000.0,0,0.0,2,2,1,0,0,0,1,0,0,1,0,0,0,medio_baixo
8,10000.0,68,0.7205882352941176,4,3,1,0,0,0,0,0,0,1,0,1,1,medio_baixo
3,35000.0,35,0.9428571428571428,3,5,1,0,0,0,1,0,1,0,1,1,1,baixo
4,35000.0,336,0.9345238095238095,11,2,1,0,0,0,1,0,0,1,0,0,0,baixo
2,10000.0,29,0.9310344827586207,2,1,1,0,0,0,0,0,0,0,1,0,0,medio_alto
2,10000.0,1,1.0,1,1,1,0,0,0,1,0,0,0,0,0,0,alto
2,0.0,0,0.0,0,0,1,0,0,0,0,0,0,0,0,0,0,gratuito
3,10000.0,9,0.8888888888888888,1,5,1,0,0,0,1,1,1,1,0,1,0,medio_alto
5,35000.0,22,0.7272727272727273,1,2,1,0,0,0,1,0,0,1,0,0,0,baixo
3,10000.0,1,0.0,1,3,1,0,0,0,0,0,1,0,0,0,1,medio_alto
3,10000.0,8,0.75,1,3,1,0,0,0,1,1,0,1,0,0,0,medio_alto
14,350000.0,1501,0.8627581612258495,1,3,1,1,0,0,1,0,1,0,0,1,0,baixo
5,10000.0,1,1.0,2,3,1,0,0,0,1,1,0,1,0,0,0,medio_alto
2,0.0,0,0.0,103,3,1,0,0,0,1,0,0,1,0,0,0,gratuito
7,10000.0,2,1.0,1,3,1,0,0,0,1,0,0,1,0,1,0,medio_baixo
5,10000.0,4,1.0,10,2,1,0,0,0,1,1,0,0,0,0,0,medio_baixo
1,10000.0,4,1.0,9,4,1,0,0,0,1,1,1,0,1,0,0,alto
4,10000.0,67,0.8059701492537313,1,3,1,0,0,0,1,0,0,1,0,0,1,medio_alto
6,35000.0,230,0.9173913043478261,1,3,1,1,0,0,1,1,0,0,0,0,0,gratuito
7,35000000.0,625616,0.7958412188946574,13,3,1,0,0,16,0,1,1,0,0,0,0,gratuito
8,10000.0,29,0.7586206896551724,1,2,1,1,0,0,1,0,1,0,0,0,0,medio_baixo
2,0.0,0,0.0,2,3,1,0,0,0,1,0,0,1,0,0,0,gratuito
1,10000.0,0,0.0,13,4,1,0,0,0,1,1,0,0,0,0,1,gratuito
3,10000.0,12,0.75,9,4,1,0,0,0,1,0,0,1,0,1,1,medio_baixo
3,0.0,0,0.0,1,4,1,0,0,0,1,1,0,1,0,0,0,gratuito
2,10000.0,6,0.5,1,1,1,0,0,3,0,0,0,0,0,0,1,medio_baixo
1,150000.0,3,0.0,11,2,1,0,0,0,1,1,0,0,0,0,0,baixo
6,75000.0,3,1.0,1,3,1,0,0,0,0,1,1,0,0,0,1,medio_baixo
4,10000.0,21,0.38095238095238093,6,4,1,0,0,0,1,1,1,0,1,0,0,medio_baixo
1,0.0,0,0.0,0,0,1,0,0,0,0,0,0,0,0,0,0,gratuito
1,0.0,0,0.0,14,4,1,0,0,0,1,0,0,1,0,0,1,medio_alto
1,0.0,0,0.0,0,0,1,0,0,0,0,0,0,0,0,0,0,gratuito
1,10000.0,0,0.0,10,4,1,0,0,0,1,1,0,1,0,1,0,medio_alto
6,10000.0,9,0.5555555555555556,18,2,1,0,0,1,1,1,0,0,0,0,0,baixo
5,75000.0,46,0.45652173913043476,103,1,1,0,0,0,1,0,0,0,0,0,0,baixo
1,10000.0,0,0.0,4,1,1,0,0,1,0,0,1,0,0,0,0,alto
3,10000.0,19,0.8421052631578947,23,5,1,0,0,0,1,0,1,1,0,0,1,baixo
8,35000.0,9,0.8888888888888888,1,2,1,0,0,1,1,1,0,0,0,0,0,medio_baixo
7,10000.0,567,0.5432098765432098,6,3,1,0,0,2,0,1,1,0,0,1,0,medio_alto
13,350000.0,1626,0.7312423124231242,1,3,1,1,1,1,1,1,0,0,1,0,0,alto
8,10000.0,15,0.5333333333333333,1,2,1,0,0,0,0,1,0,0,0,0,0,alto
5,150000.0,619,0.6962843295638126,17,2,1,0,0,0,1,0,1,0,0,0,0,medio_alto
1,0.0,0,0.0,8,3,1,0,0,0,1,0,0,1,0,0,0,gratuito
7,10000.0,0,0.0,4,7,1,0,0,0,1,1,1,1,0,1,0,baixo
1,10000.0,1,1.0,1,2,1,0,0,0,1,0,0,1,0,0,0,baixo
5,35000.0,3,1.0,1,3,1,0,0,0,0,1,1,0,1,0,0,medio_baixo
7,35000.0,4,1.0,1,2,1,0,0,0,1,1,0,0,0,0,0,medio_alto
2,10000.0,245,0.6081632653061224,9,1,1,0,0,0,0,0,0,0,0,1,0,alto
1,10000.0,0,0.0,2,3,1,0,0,0,1,0,0,1,0,0,1,medio_alto
3,10000.0,2,0.0,4,1,1,0,0,0,0,0,0,1,0,0,0,baixo
2,10000.0,4,0.5,1,3,1,0,0,0,1,1,0,1,0,0,0,medio_baixo
7,150000.0,3552,0.9166666666666666,29,4,1,1,0,1,1,0,0,1,1,0,1,baixo
2,10000.0,25,1.0,2,4,1,0,0,0,1,0,1,0,1,1,0,medio_alto
6,10000.0,31,0.6129032258064516,1,4,1,1,0,0,1,0,1,0,1,0,0,gratuito
2,10000.0,9,1.0,3,6,1,0,1,0,1,1,1,0,1,1,0,alto
6,35000.0,103,0.6213592233009708,3,2,1,0,0,0,0,0,1,0,0,0,1,alto
2,0.0,0,0.0,1,3,1,0,0,0,0,0,0,0,1,0,0,gratuito
1,0.0,0,0.0,0,0,1,0,0,0,0,0,0,0,0,0,0,gratuito
3,10000.0,1,1.0,7,1,1,1,0,0,0,0,0,1,0,0,0,medio_baixo
6,10000.0,2,1.0,1,2,1,0,1,0,1,0,0,1,0,0,0,medio_baixo
2,10000.0,0,0.0,1,2,1,0,0,0,0,1,1,0,0,0,0,medio_alto
6,10000.0,2,1.0,1,4,1,0,0,0,1,1,0,1,0,1,0,medio_baixo
1,0.0,0,0.0,2,4,1,0,0,0,1,0,1,1,1,0,0,baixo
1,10000.0,2,1.0,1,5,1,0,0,0,1,0,0,1,0,0,1,medio_alto
4,0.0,0,0.0,0,0,1,0,0,0,0,0,0,0,0,0,0,gratuito
4,10000.0,41,0.8292682926829268,1,1,1,0,0,0,0,1,0,0,0,0,0,baixo
1,0.0,0,0.0,2,6,1,0,1,0,1,1,1,0,1,1,0,gratuito
4,10000.0,4,0.25,1,5,1,0,0,0,1,1,1,1,0,1,0,baixo
10,10000.0,29,0.9655172413793104,1,2,1,1,1,0,1,0,0,0,0,1,0,medio_alto
10,10000.0,48,0.6458333333333334,8,5,1,1,1,0,1,1,1,1,0,1,0,baixo
11,10000.0,24,0.3333333333333333,1,2,1,0,0,0,0,0,0,0,1,1,0,medio_alto
1,0.0,0,0.0,0,0,1,0,0,0,0,0,0,0,0,0,0,gratuito
3,10000.0,1,0.0,10,2,1,1,0,0,0,0,0,0,0,1,0,baixo
3,10000.0,4,0.5,1,3,1,0,1,0,1,0,0,1,0,0,0,baixo
8,10000.0,2,1.0,1,2,1,0,0,0,1,1,0,0,0,0,0,medio_baixo
3,10000.0,37,0.7837837837837838,9,3,1,0,0,0,1,1,0,1,0,0,0,alto
2,10000.0,51,0.8431372549019608,1,5,1,0,0,2,1,0,1,1,0,1,1,baixo
8,10000.0,30,0.4666666666666667,1,3,1,0,0,1,1,0,0,1,0,1,0,baixo
12,150000.0,942,0.7993630573248408,1,2,1,0,0,0,1,1,0,0,0,0,0,medio_baixo
6,10000.0,7,0.7142857142857143,2,3,1,0,0,0,1,0,1,1,0,0,0,baixo
7,10000.0,5,0.8,1,4,1,0,0,0,1,0,0,0,0,1,1,alto
3,10000.0,2,1.0,1,2,1,0,0,0,0,0,1,0,0,0,1,medio_baixo
5,35000.0,5,1.0,2,1,1,0,0,0,0,0,1,0,0,0,0,medio_alto
3,10000.0,0,0.0,1,2,1,1,0,0,1,0,1,0,0,0,0,medio_alto
1,0.0,0,0.0,27,4,1,0,0,0,0,0,0,1,0,1,1,alto
8,75000.0,689,0.8795355587808418,18,2,1,1,0,1,1,1,0,0,0,0,0,medio_baixo
4,10000.0,36,0.75,1,2,1,0,0,0,0,0,1,0,0,0,1,medio_alto
1,0.0,0,0.0,9,2,1,0,0,0,0,0,0,0,1,0,0,alto
3,0.0,0,0.0,1,7,1,0,0,0,1,0,1,0,1,1,0,gratuito
2,0.0,0,0.0,0,0,1,0,0,0,0,0,0,0,0,0,0,gratuito
2,0.0,0,0.0,1,4,1,0,0,0,1,1,1,0,0,0,0,gratuito
6,75000.0,515,0.5184466019417475,1,1,1,0,0,0,1,0,0,0,0,0,0,gratuito
1,10000.0,0,0.0,5,6,1,1,0,0,1,1,1,1,1,0,0,alto
3,10000.0,448,0.43526785714285715,1,2,1,0,0,0,0,0,0,0,0,0,1,alto
2,10000.0,10,1.0,2,3,1,0,0,0,0,1,1,1,0,0,0,medio_alto
10,10000.0,9,0.1111111111111111,1,1,1,0,0,0,0,0,0,0,0,0,0,alto
7,10000.0,1,1.0,1,6,1,0,0,0,1,1,1,1,0,1,1,medio_baixo
1,10000.0,0,0.0,9,2,1,0,0,1,1,1,0,0,0,0,0,medio_alto
7,10000.0,30,1.0,1,3,1,0,0,1,1,1,0,1,0,0,0,medio_alto
3,10000.0,11,0.7272727272727273,1,4,1,1,0,0,1,0,1,0,1,1,0,baixo
3,10000.0,8,0.375,3,3,1,0,0,0,0,0,1,1,0,0,1,baixo
1,10000.0,0,0.0,2,2,1,0,1,0,1,0,0,0,0,0,1,alto
2,10000.0,20,0.85,1,3,1,0,0,0,1,0,0,1,0,0,1,medio_alto
1,10000.0,0,0.0,1,4,1,0,0,0,1,1,1,1,0,0,0,baixo
2,10000.0,274,0.7700729927007299,1,4,1,0,0,0,1,0,0,0,1,1,0,alto
4,10000.0,2,1.0,2,2,1,0,0,0,0,0,0,1,0,1,0,alto
3,10000.0,0,0.0,2,3,1,0,0,0,1,0,0,1,0,0,1,medio_alto
6,10000.0,1,1.0,2,2,1,0,1,0,1,0,0,1,0,0,0,medio_baixo
1,10000.0,0,0.0,1,4,1,0,0,0,1,0,0,1,0,0,1,gratuito
4,10000.0,0,0.0,1,2,1,0,0,0,1,0,0,1,0,0,0,baixo
6,10000.0,27,0.7037037037037037,7,3,1,1,1,0,1,0,1,1,0,0,0,medio_baixo
4,10000.0,17,0.8823529411764706,1,2,1,0,0,0,0,0,0,1,0,1,0,baixo
3,10000.0,19,0.6842105263157895,2,2,1,0,0,0,0,0,1,1,0,0,0,medio_baixo
5,10000.0,63,0.6190476190476191,5,3,1,0,0,0,1,0,1,0,0,0,0,gratuito
1,10000.0,0,0.0,7,3,1,0,0,0,0,0,0,1,0,0,1,medio_baixo
3,10000.0,9,0.6666666666666666,1,4,1,0,0,0,1,1,1,1,0,0,0,baixo
5,35000.0,25,0.88,15,4,1,0,0,0,1,0,1,1,1,0,0,medio_alto
7,150000.0,900,0.9044444444444445,15,0,1,0,0,0,0,0,0,0,0,0,0,gratuito
1,10000.0,46,1.0,1,4,1,0,1,0,1,0,1,0,1,1,0,alto
4,10000.0,113,0.9292035398230089,2,3,1,0,0,1,1,0,1,0,1,0,0,medio_alto
2,10000.0,197,0.9086294416243654,2,3,1,1,1,6,1,0,0,0,0,1,1,medio_baixo
4,10000.0,4,1.0,1,3,1,1,0,0,1,0,0,1,0,1,0,medio_baixo
9,35000.0,180,0.6722222222222223,1,5,1,0,0,0,1,0,0,0,1,1,1,gratuito
10,10000.0,164,0.7012195121951219,3,2,1,0,0,2,1,0,1,0,0,0,0,medio_alto
3,35000.0,574,0.9024390243902439,9,2,1,0,0,1,0,0,1,0,1,0,0,alto
14,350000.0,1895,0.7762532981530343,7,2,1,0,0,1,1,1,0,0,0,0,0,medio_baixo
1,10000.0,0,0.0,1,1,1,0,0,0,0,0,0,1,0,0,0,alto
4,10000.0,23,0.782608695652174,1,1,1,0,0,0,0,0,0,1,0,0,0,baixo
3,10000.0,0,0.0,1,3,1,0,0,0,1,1,0,0,0,0,0,gratuito
1,10000.0,6,0.8333333333333334,2,3,1,0,0,0,0,1,0,1,0,0,0,baixo
8,10000.0,4,0.25,2,2,1,0,0,0,1,0,0,1,0,0,0,baixo
9,10000.0,3,1.0,1,2,1,0,0,0,0,0,1,1,0,0,0,medio_alto
6,10000.0,163,0.7300613496932515,9,4,1,0,0,1,1,1,1,0,1,0,0,medio_alto
6,10000.0,28,0.5,14,2,1,0,0,0,1,1,0,0,0,0,0,baixo
6,10000.0,43,0.813953488372093,29,3,1,1,1,1,1,0,1,1,0,0,0,medio_baixo
3,350000.0,56,0.875,1,4,1,1,0,1,1,1,1,0,0,0,0,medio_alto
2,75000.0,1716,0.9265734265734266,13,2,1,1,0,1,1,1,0,0,0,0,0,alto
7,10000.0,8,0.875,1,2,1,0,0,0,1,0,0,1,0,0,0,gratuito
1,0.0,0,0.0,0,0,1,0,0,0,0,0,0,0,0,0,0,gratuito
5,150000.0,1390,0.9064748201438849,15,2,1,1,1,2,1,1,0,0,0,0,0,alto
9,10000.0,1,0.0,1,5,1,0,0,0,1,1,0,1,0,0,1,alto
2,75000.0,5,0.8,2,2,1,0,1,1,1,0,0,0,0,0,1,baixo
2,10000.0,6,1.0,1,4,1,0,0,0,1,1,0,1,0,0,1,baixo
7,10000.0,4,0.0,1,2,1,0,0,0,1,0,1,0,0,0,0,baixo
1,0.0,0,0.0,103,3,1,0,0,2,1,0,1,1,0,0,0,baixo
5,0.0,0,0.0,1,3,1,0,0,0,0,0,1,1,0,0,0,gratuito
5,0.0,0,0.0,1,3,1,0,0,0,1,0,0,0,1,1,0,gratuito
1,10000.0,1,0.0,5,4,1,0,0,0,1,0,0,1,0,1,1,medio_baixo
9,10000.0,168,0.8154761904761905,3,2,1,0,0,1,1,0,0,1,0,0,0,baixo
1,10000.0,0,0.0,11,3,1,0,0,0,1,1,1,0,0,0,0,alto
1,10000.0,0,0.0,6,2,1,0,0,0,0,0,0,0,0,0,0,alto
4,75000.0,2099,0.7765602667937113,4,1,1,0,0,0,0,1,0,0,0,0,0,alto
9,1500000.0,4951,0.6540092910523126,5,4,1,0,0,4,0,1,0,0,0,0,1,gratuito
1,10000.0,2,1.0,1,2,1,0,0,0,1,0,0,1,0,0,0,medio_baixo
8,350000.0,13,0.7692307692307693,1,1,1,0,0,0,0,0,1,0,0,0,0,baixo
5,75000.0,2,0.5,1,1,1,0,0,0,0,0,0,0,1,0,0,medio_baixo
7,35000.0,49,0.7346938775510204,1,5,1,1,0,0,1,1,1,0,1,0,0,medio_alto
3,75000.0,592,0.893581081081081,3,2,1,0,0,0,1,0,0,0,0,0,1,medio_alto
1,0.0,0,0.0,0,0,1,0,0,0,0,0,0,0,0,0,0,gratuito
6,10000.0,3,0.3333333333333333,1,3,1,0,0,0,1,1,1,0,0,0,0,baixo
7,10000.0,247,0.7246963562753036,6,4,1,1,0,0,1,0,1,1,1,0,0,medio_baixo
7,10000.0,9,0.8888888888888888,2,1,1,0,0,0,0,0,0,1,0,0,0,medio_alto
3,0.0,0,0.0,0,0,1,0,0,0,0,0,0,0,0,0,0,gratuito
12,10000.0,24,0.4166666666666667,1,1,1,0,0,0,0,0,0,0,0,0,0,baixo
15,750000.0,1423,0.8376669009135629,1,2,1,0,0,0,1,0,0,0,1,0,0,baixo
4,10000.0,19,1.0,1,4,1,0,0,0,1,1,1,1,0,0,0,baixo
5,10000.0,6,1.0,1,2,1,0,0,0,0,1,1,0,0,0,0,gratuito
3,10000.0,8,0.75,1,2,1,1,0,0,1,0,0,0,0,0,1,alto
2,0.0,0,0.0,0,0,1,0,0,0,0,0,0,0,0,0,0,gratuito
5,10000.0,15,0.3333333333333333,6,1,1,1,0,0,0,0,0,0,0,0,1,baixo
4,35000.0,14,1.0,1,4,1,1,0,0,1,1,0,1,0,1,0,medio_baixo
3,150000.0,3534,0.8978494623655914,8,4,1,0,0,1,1,1,1,1,0,0,0,alto
1,10000.0,0,0.0,1,3,1,0,0,0,1,0,0,0,0,0,1,medio_baixo
6,10000.0,7,0.7142857142857143,1,2,1,1,1,2,0,0,0,1,0,0,1,medio_alto
2,10000.0,7,1.0,1,4,1,0,0,0,1,0,1,1,0,0,0,medio_alto
8,10000.0,54,0.7037037037037037,1,3,1,1,0,0,1,1,0,0,0,0,0,gratuito
2,35000.0,38,0.9473684210526315,1,2,1,0,0,0,1,0,0,0,1,0,0,medio_baixo
3,10000.0,8,0.375,3,1,1,0,0,0,0,0,0,0,0,0,1,medio_baixo
7,35000.0,10,0.9,6,1,1,0,0,0,0,0,0,0,0,1,0,medio_alto
10,10000.0,14,0.6428571428571429,1,3,1,1,1,0,1,1,0,1,0,0,0,alto
5,10000.0,5,0.6,1,4,1,0,1,0,1,1,0,1,0,1,0,baixo
9,35000.0,973,0.9116135662898253,1,3,1,0,0,1,1,0,1,1,0,0,0,medio_alto
5,10000.0,492,0.967479674796748,1,4,1,1,1,0,0,0,0,0,0,1,1,alto
5,10000.0,2,1.0,1,2,1,0,0,0,0,1,0,1,0,0,0,baixo
1,0.0,0,0.0,3,2,1,1,1,0,1,0,0,0,0,1,0,medio_alto
5,10000.0,4,1.0,2,4,1,0,0,0,1,1,1,0,1,0,0,alto
4,10000.0,12,1.0,1,3,1,0,0,0,1,1,0,1,0,0,0,medio_baixo
9,10000.0,18,0.4444444444444444,1,1,1,1,1,0,0,0,0,1,0,0,0,alto
2,10000.0,2,1.0,1,6,1,0,0,0,0,0,0,0,0,0,0,medio_alto
1,0.0,0,0.0,3,4,1,0,0,0,1,0,0,1,0,1,1,medio_baixo
6,10000.0,0,0.0,4,2,1,0,0,0,1,0,0,0,1,0,0,medio_alto
2,10000.0,72,0.6527777777777778,8,2,1,0,0,11,0,1,0,0,1,0,0,alto
4,35000.0,4,0.75,1,1,1,0,0,0,1,0,0,0,0,0,0,medio_alto
2,10000.0,8,1.0,2,3,1,0,0,0,1,1,0,0,0,0,0,baixo
1,10000.0,0,0.0,1,3,1,1,0,0,1,1,1,0,0,0,0,medio_baixo
7,10000.0,9,0.8888888888888888,1,2,1,0,0,0,0,0,0,0,1,1,0,medio_alto
6,10000.0,0,0.0,2,1,1,0,0,0,0,0,0,1,0,0,0,medio_baixo
1,10000.0,0,0.0,1,2,1,0,0,0,0,1,0,0,0,0,0,medio_alto
1,0.0,0,0.0,1,5,1,0,0,0,0,0,1,1,1,1,0,gratuito
3,0.0,0,0.0,1,5,1,0,0,0,1,1,0,0,0,0,1,gratuito
5,10000.0,0,0.0,1,3,1,0,0,0,1,0,1,1,0,0,0,medio_alto
5,10000.0,18,0.7777777777777778,1,3,1,0,0,0,1,1,1,0,0,0,0,medio_alto
2,10000.0,2,0.0,12,4,1,0,0,0,1,1,1,0,1,0,0,medio_alto
6,10000.0,42,0.6190476190476191,7,3,1,0,0,0,1,1,1,0,0,0,0,medio_alto
5,0.0,0,0.0,0,0,1,0,0,0,0,0,0,0,0,0,0,gratuito
7,10000.0,131,0.9312977099236641,4,2,1,0,0,1,0,1,0,0,0,1,0,medio_alto
1,10000.0,0,0.0,2,2,1,0,0,0,1,0,0,1,0,0,0,medio_baixo
4,10000.0,79,0.6835443037974683,1,5,1,0,0,0,1,1,1,0,0,1,1,baixo
3,150000.0,2988,0.6328647925033467,10,6,1,0,0,6,1,1,1,1,0,0,1,medio_alto
8,10000.0,10,0.7,2,1,1,0,0,0,0,0,0,0,0,0,0,gratuito
2,10000.0,8,0.875,2,3,1,0,0,0,1,0,1,0,0,0,1,medio_baixo
7,10000.0,22,0.6818181818181818,1,6,1,0,0,0,1,1,1,1,1,0,0,gratuito
1,10000.0,0,0.0,1,3,1,0,0,0,1,1,0,1,0,0,0,alto
5,75000.0,391,0.7468030690537084,4,1,1,0,0,0,0,0,0,0,1,0,0,alto
4,10000.0,32,0.65625,1,5,1,1,1,0,1,0,0,1,1,1,1,baixo
1,0.0,0,0.0,0,0,1,0,0,0,0,0,0,0,0,0,0,gratuito
3,150000.0,1860,0.8774193548387097,1,4,1,0,0,0,1,0,0,0,0,0,1,alto
6,10000.0,269,0.8773234200743495,6,3,1,1,0,7,1,0,0,0,0,1,1,alto
2,10000.0,1,1.0,1,3,1,0,0,0,1,1,0,1,0,0,0,medio_baixo
1,750000.0,248,0.7217741935483871,6,7,1,0,0,0,1,1,1,1,1,1,1,alto
4,10000.0,15,1.0,1,1,1,0,1,1,0,1,0,0,0,0,0,alto
3,10000.0,16,0.9375,3,5,1,0,0,0,1,1,1,1,0,1,0,medio_baixo
6,10000.0,8,0.75,2,2,1,0,1,0,1,0,0,0,0,1,0,medio_baixo
3,0.0,0,0.0,0,0,1,0,0,0,0,0,0,0,0,0,0,gratuito
10,10000.0,6,0.5,1,4,1,0,0,0,0,1,0,1,0,0,1,medio_alto
4,150000.0,4290,0.8386946386946387,11,1,1,1,1,51,0,0,0,0,0,0,1,alto
4,35000.0,643,0.8584758942457231,2,3,1,1,0,0,1,0,0,1,0,1,0,medio_alto
9,10000.0,5,0.2,2,5,1,0,0,0,0,1,1,0,1,0,0,gratuito
3,10000.0,9,0.6666666666666666,5,2,1,0,0,0,0,0,0,1,0,1,0,alto
9,10000.0,43,0.5116279069767442,1,8,1,0,0,0,1,1,1,1,1,1,1,medio_alto
3,7500000.0,181708,0.9770565962973562,13,2,1,0,0,27,0,1,1,0,0,0,0,alto
3,10000.0,0,0.0,1,3,1,0,0,0,1,0,1,1,0,0,0,alto
2,10000.0,29,0.9655172413793104,2,4,1,0,0,2,1,0,1,0,1,0,0,medio_alto
4,10000.0,10,0.7,2,3,1,0,0,0,1,0,1,0,1,0,0,alto
8,75000.0,857,0.852975495915986,15,2,1,1,0,0,1,0,0,1,0,0,0,baixo
3,10000.0,23,0.8695652173913043,1,6,1,0,0,0,1,0,1,0,1,1,0,gratuito
1,10000.0,4,1.0,7,4,1,0,0,0,1,0,0,1,1,1,0,medio_baixo
4,10000.0,31,0.3548387096774194,5,4,1,0,0,0,1,0,1,1,0,0,1,baixo
2,0.0,0,0.0,103,8,1,0,0,0,1,0,1,1,1,1,1,gratuito
3,10000.0,12,0.9166666666666666,3,4,1,0,0,0,1,0,1,1,0,1,0,medio_baixo
18,75000.0,438,0.589041095890411,2,2,1,0,0,0,1,1,0,0,0,0,0,medio_alto
7,350000.0,629,0.8839427662957074,1,2,1,0,0,1,0,0,1,0,0,0,0,gratuito
3,10000.0,12,1.0,1,3,1,1,0,0,1,0,1,1,0,0,0,baixo
1,0.0,0,0.0,103,2,1,0,0,0,1,0,0,1,0,0,0,baixo
1,10000.0,5,1.0,1,3,1,0,0,0,1,1,0,0,0,0,0,medio_alto
3,10000.0,0,0.0,1,4,1,0,0,0,1,1,1,1,0,0,0,baixo
2,0.0,0,0.0,1,1,1,0,0,0,0,1,0,0,0,0,0,gratuito
10,10000.0,36,0.5277777777777778,5,3,1,1,0,0,1,1,1,0,0,0,0,medio_baixo
1,10000.0,13,0.5384615384615384,2,3,1,0,0,0,1,1,0,0,0,0,1,alto
3,10000.0,21,0.9047619047619048,1,3,1,0,0,0,1,1,1,0,0,0,0,alto
6,35000.0,1,1.0,2,3,1,0,0,0,1,0,0,1,0,0,0,baixo
4,150000.0,3437,0.8193191736979925,1,4,1,0,0,0,0,0,0,0,0,0,1,medio_baixo
6,10000.0,33,0.36363636363636365,8,5,1,0,0,0,1,1,0,1,0,1,1,alto
3,10000.0,3,1.0,1,2,1,0,0,0,0,0,1,1,0,0,0,medio_baixo
2,75000.0,613,0.7292006525285482,10,2,1,0,0,2,0,0,0,0,0,1,1,alto
1,0.0,0,0.0,16,6,1,0,0,1,1,0,0,1,1,1,1,gratuito
3,0.0,0,0.0,1,3,1,1,1,0,1,1,1,0,0,0,0,gratuito
4,10000.0,10,0.3,1,2,1,0,0,0,0,0,0,1,0,1,0,alto
8,10000.0,8,0.625,1,3,1,1,0,0,1,0,1,1,0,0,0,baixo
1,10000.0,0,0.0,5,1,1,0,0,3,0,1,0,0,0,0,0,alto
1,75000.0,1756,0.9316628701594533,11,3,1,0,0,1,1,0,1,0,0,0,1,alto
1,10000.0,0,0.0,1,3,1,0,0,0,1,0,0,1,1,0,0,baixo
5,350000.0,2154,0.9285051067780873,6,1,1,1,0,1,0,0,0,0,0,1,0,medio_alto
3,10000.0,29,0.9655172413793104,1,2,1,0,0,0,1,1,0,0,0,0,0,baixo
9,10000.0,4,0.75,1,3,1,1,0,0,1,0,0,0,1,0,1,alto
4,75000.0,200,0.67,1,1,1,1,0,1,0,0,0,0,1,0,0,alto
1,0.0,0,0.0,1,3,1,0,0,0,1,0,0,1,0,1,0,baixo
5,10000.0,6,0.5,4,1,1,0,0,0,0,0,0,1,0,0,0,alto
7,10000.0,0,0.0,1,5,1,1,0,0,1,0,1,1,1,0,1,baixo
2,10000.0,63,0.9206349206349206,1,3,1,1,1,0,1,0,0,0,0,1,1,alto
1,0.0,0,0.0,0,0,1,0,0,0,0,0,0,0,0,0,0,gratuito
5,0.0,0,0.0,1,5,1,0,0,0,1,1,1,1,1,0,0,gratuito
1,10000.0,1,1.0,1,3,1,0,0,0,1,1,1,0,0,0,0,medio_alto
3,10000.0,0,0.0,1,3,1,0,0,0,1,1,0,1,0,0,0,medio_baixo
5,10000.0,47,0.8936170212765957,2,2,1,0,0,0,1,0,0,1,0,0,0,medio_baixo
2,10000.0,3,1.0,1,5,1,0,0,0,1,1,1,0,0,0,1,alto
6,10000.0,51,0.5882352941176471,8,3,1,0,0,0,1,1,0,0,0,1,0,medio_baixo
7,10000.0,7,1.0,1,3,1,0,0,0,1,1,0,0,0,0,0,medio_alto
5,10000.0,9,1.0,2,4,1,0,0,0,1,1,1,0,1,0,0,baixo
6,35000.0,9,0.7777777777777778,1,6,1,0,0,0,1,1,0,1,0,0,0,gratuito
2,10000.0,2,0.0,6,3,1,0,0,0,1,1,0,0,0,0,0,medio_alto
7,10000.0,5,0.2,4,2,1,0,0,0,1,0,0,1,0,0,0,medio_baixo
7,10000.0,5,0.8,2,3,1,0,0,0,1,0,0,0,1,1,0,medio_baixo
6,10000.0,13,0.8461538461538461,1,5,1,0,0,0,1,1,1,0,1,0,0,gratuito
2,10000.0,27,0.9629629629629629,1,2,1,0,0,1,1,0,0,1,0,0,0,medio_alto
5,75000.0,35,0.6285714285714286,2,4,1,0,0,0,1,1,0,0,1,1,0,alto
1,10000.0,88,0.8636363636363636,13,4,1,0,0,1,1,1,1,0,0,1,0,alto
6,10000.0,10,1.0,1,1,1,0,0,0,0,0,0,0,0,0,0,gratuito
10,3500000.0,6521,0.8823800030670143,7,4,1,0,0,2,1,1,1,0,1,0,0,alto
4,35000.0,98,0.5816326530612245,12,6,1,0,0,0,1,1,1,1,0,1,0,medio_baixo
4,10000.0,26,0.6538461538461539,1,2,1,0,0,0,1,0,0,0,0,1,0,alto
5,1500000.0,21028,0.9559159216283051,25,3,1,1,0,0,1,0,0,1,0,0,1,medio_baixo
18,1500000.0,10960,0.9571167883211679,2,1,1,0,0,0,1,0,0,0,0,0,0,medio_baixo
10,10000.0,20,0.7,1,3,1,0,0,0,1,1,0,0,0,0,0,baixo
4,10000.0,3,0.6666666666666666,1,3,1,0,0,0,1,0,1,1,0,0,0,medio_alto
3,75000.0,52,0.8269230769230769,1,4,1,0,0,0,0,0,1,0,1,1,0,gratuito
4,0.0,0,0.0,1,2,1,0,0,0,1,0,1,0,0,0,0,gratuito
3,0.0,0,0.0,1,5,1,0,0,0,1,1,1,1,0,0,0,gratuito
1,0.0,0,0.0,0,0,1,0,0,0,0,0,0,0,0,0,0,gratuito
2,10000.0,0,0.0,1,5,1,0,0,0,1,1,1,0,1,0,0,gratuito
3,75000.0,1394,0.9053084648493543,1,4,1,0,0,1,1,1,0,1,0,1,0,medio_baixo
11,75000.0,187,0.6898395721925134,1,4,1,1,0,0,1,0,1,0,1,1,0,alto
4,0.0,0,0.0,0,0,1,0,0,0,0,0,0,0,0,0,0,gratuito
3,10000.0,6,1.0,1,1,1,0,0,0,0,1,0,0,0,0,0,baixo
7,1500000.0,8191,0.7432547918447076,6,3,1,0,0,3,0,1,0,0,0,0,0,gratuito
1,10000.0,0,0.0,1,1,1,0,0,0,0,0,0,1,0,0,0,medio_baixo
10,10000.0,10,0.3,2,2,1,1,0,0,1,1,0,0,0,0,0,medio_baixo
1,10000.0,0,0.0,1,4,1,0,0,0,1,1,1,1,0,0,0,alto
6,10000.0,68,0.45588235294117646,3,2,1,0,0,0,1,0,0,1,0,0,0,baixo
1,10000.0,0,0.0,5,3,1,0,0,0,1,0,1,1,0,0,0,medio_alto
5,10000.0,830,0.8843373493975903,2,3,1,1,1,0,1,1,1,0,0,0,0,medio_alto
7,10000.0,2,0.5,1,3,1,0,0,0,1,0,1,0,0,0,0,medio_alto
14,3500000.0,87064,0.8953183864743177,14,1,1,1,1,1,0,0,0,0,1,0,0,medio_baixo
3,10000.0,3,1.0,6,2,1,0,0,0,1,1,0,0,0,0,0,baixo
3,10000.0,38,0.868421052631579,1,4,1,0,0,0,1,1,1,0,1,0,0,medio_alto
4,0.0,0,0.0,3,3,1,0,0,1,1,1,0,0,0,0,0,gratuito
8,10000.0,28,1.0,2,2,1,0,0,0,1,0,1,0,0,0,0,baixo
2,0.0,0,0.0,30,4,1,0,0,0,1,0,0,1,1,0,1,medio_alto
6,10000.0,0,0.0,1,1,1,0,0,0,1,0,0,0,0,0,0,baixo
12,75000.0,292,0.7363013698630136,1,3,1,0,0,0,1,1,0,1,0,0,0,baixo
10,75000.0,177,0.5310734463276836,1,2,1,0,0,0,1,0,0,1,0,0,0,baixo
5,0.0,0,0.0,1,4,1,0,0,0,1,1,1,0,0,0,0,gratuito
6,10000.0,3,0.6666666666666666,2,3,1,0,0,0,1,1,0,1,0,0,0,medio_baixo
4,10000.0,11,0.18181818181818182,1,3,1,0,0,0,1,0,1,1,0,0,0,medio_alto
12,75000.0,801,0.7378277153558053,2,2,1,0,0,0,0,1,0,0,0,0,0,baixo
4,10000.0,20,0.8,103,1,1,0,0,0,0,0,0,1,0,0,0,baixo
10,10000.0,56,0.6607142857142857,1,1,1,1,0,0,0,0,0,0,0,1,0,gratuito
2,10000.0,3,0.3333333333333333,1,3,1,1,1,0,1,0,0,1,0,0,1,medio_baixo
1,0.0,0,0.0,0,0,1,0,0,0,0,0,0,0,0,0,0,gratuito
6,350000.0,4438,0.8564668769716088,11,3,1,1,0,4,1,0,0,1,0,0,0,gratuito
3,10000.0,6,0.6666666666666666,1,2,1,0,0,0,0,0,1,1,0,0,0,medio_baixo
4,10000.0,11,0.9090909090909091,1,2,1,0,0,0,0,0,1,1,0,0,0,medio_alto
1,10000.0,0,0.0,1,1,1,0,0,0,1,0,0,0,0,0,0,medio_baixo
4,0.0,0,0.0,0,0,1,0,0,0,0,0,0,0,0,0,0,gratuito
4,10000.0,0,0.0,103,4,1,0,0,0,1,0,1,1,1,0,0,medio_baixo
9,10000.0,79,0.8354430379746836,1,3,1,0,0,0,1,0,1,0,0,0,0,baixo
10,150000.0,336,0.8125,3,8,1,0,0,3,1,1,1,1,1,1,1,alto
3,0.0,0,0.0,1,2,1,0,0,0,0,1,0,0,1,0,0,gratuito
10,10000.0,306,0.5424836601307189,1,3,1,0,0,1,1,0,0,0,1,0,0,gratuito
2,10000.0,144,0.9097222222222222,3,6,1,0,0,0,1,0,0,1,1,1,1,medio_alto
1,0.0,0,0.0,1,2,1,0,0,0,0,0,0,1,0,1,0,alto
5,0.0,0,0.0,2,1,1,0,0,0,0,0,0,0,0,0,0,gratuito
3,150000.0,21,0.9047619047619048,1,5,1,0,0,1,1,1,0,1,0,1,0,alto
9,150000.0,326,0.8803680981595092,7,4,1,1,1,15,1,1,0,1,0,0,1,gratuito
1,10000.0,301,0.8803986710963455,9,4,1,0,0,1,1,0,1,0,1,1,0,alto
1,0.0,0,0.0,24,1,1,0,0,0,1,0,0,0,0,0,0,medio_alto
2,10000.0,0,0.0,1,1,1,0,0,0,0,0,0,0,0,0,1,alto
4,0.0,0,0.0,1,2,1,0,0,0,1,0,0,1,0,0,0,gratuito
7,10000.0,9,0.7777777777777778,1,3,1,0,0,0,1,0,1,1,0,0,0,medio_alto
1,75000.0,577,0.7348353552859619,3,2,1,0,0,1,0,0,0,0,0,1,1,alto
6,75000.0,428,0.7850467289719626,10,3,1,1,0,0,1,0,0,0,0,1,1,alto
8,10000.0,122,0.9754098360655737,3,2,1,0,0,1,0,0,1,1,0,0,0,alto
1,10000.0,0,0.0,1,3,1,0,0,0,1,0,0,0,0,1,0,medio_baixo
4,10000.0,5,0.2,1,5,1,0,0,0,1,0,1,1,0,1,0,medio_baixo
9,10000.0,13,0.8461538461538461,1,3,1,1,0,0,1,1,0,1,0,0,0,medio_alto
1,10000.0,0,0.0,1,3,1,1,1,0,1,0,1,1,0,0,0,alto
5,10000.0,12,0.8333333333333334,1,2,1,0,0,1,1,1,0,0,0,0,0,baixo
8,10000.0,28,0.75,2,3,1,0,0,0,1,1,0,0,0,0,0,medio_alto
2,0.0,0,0.0,2,3,1,0,0,0,1,0,0,0,0,1,0,gratuito
6,10000.0,39,0.717948717948718,30,2,1,1,1,1,1,0,0,1,0,0,0,baixo
1,0.0,0,0.0,0,0,1,0,0,0,0,0,0,0,0,0,0,gratuito
7,10000.0,2,1.0,1,1,1,0,0,0,0,0,0,0,0,0,1,medio_alto
10,10000.0,14,0.7857142857142857,1,4,1,0,0,0,1,0,0,0,0,1,1,gratuito
3,0.0,0,0.0,0,0,1,0,0,0,0,0,0,0,0,0,0,gratuito
2,10000.0,2,1.0,1,1,1,0,0,0,0,0,1,0,0,0,0,medio_baixo
1,10000.0,17,0.9411764705882353,9,3,1,0,1,0,1,0,1,1,0,0,0,medio_baixo
7,10000.0,27,0.9629629629629629,1,3,1,0,0,0,1,1,0,0,1,0,0,medio_alto
6,75000.0,37,0.5675675675675675,1,4,1,0,0,0,1,1,1,0,0,0,0,gratuito
2,10000.0,78,0.8846153846153846,1,4,1,1,0,0,0,0,0,1,1,1,1,alto
7,10000.0,5,0.4,1,3,1,0,0,0,1,1,1,0,0,0,0,medio_baixo
2,0.0,0,0.0,0,0,1,0,0,0,0,0,0,0,0,0,0,gratuito
4,0.0,0,0.0,0,0,1,0,0,0,0,0,0,0,0,0,0,gratuito
3,10000.0,8,1.0,2,3,1,0,0,0,1,0,0,1,0,0,1,medio_baixo
1,10000.0,3,0.6666666666666666,1,1,1,0,0,0,0,0,0,0,0,1,0,alto
3,10000.0,1,1.0,4,2,1,1,0,0,1,0,0,1,0,0,0,baixo
6,0.0,0,0.0,0,0,1,0,0,0,0,0,0,0,0,0,0,gratuito
2,0.0,0,0.0,0,0,1,0,0,0,0,0,0,0,0,0,0,gratuito
6,10000.0,41,0.7804878048780488,1,1,1,0,0,0,1,0,0,0,0,0,0,medio_alto
8,10000.0,8,0.875,1,2,1,0,0,0,1,0,1,0,0,0,0,medio_baixo
4,10000.0,4,1.0,12,1,1,1,0,0,0,0,0,1,0,0,0,medio_alto
8,35000.0,2,0.0,1,1,1,0,0,0,0,0,0,1,0,0,0,baixo
3,10000.0,1,0.0,29,3,1,0,0,0,1,1,0,1,0,0,0,baixo
1,10000.0,0,0.0,1,3,1,0,0,0,1,1,0,1,0,0,0,baixo
3,0.0,0,0.0,6,3,1,0,0,0,0,1,0,0,0,0,0,gratuito
2,10000.0,450,0.9444444444444444,9,1,1,1,1,2,0,0,1,0,0,0,0,alto
4,35000.0,3,1.0,1,2,1,0,0,0,1,0,0,0,0,0,0,medio_alto
6,10000.0,3,0.6666666666666666,8,3,1,1,0,0,0,1,1,0,0,1,0,alto
5,10000.0,1,1.0,2,2,1,1,0,0,1,1,0,0,0,0,0,medio_baixo
2,0.0,0,0.0,1,3,1,1,1,2,1,0,0,1,0,0,0,gratuito
5,10000.0,7,0.5714285714285714,1,2,1,0,0,0,0,0,1,1,0,0,0,medio_alto
5,10000.0,6,0.5,1,4,1,0,0,0,1,1,1,1,0,0,0,baixo
3,0.0,0,0.0,0,0,1,0,0,0,0,0,0,0,0,0,0,gratuito
1,0.0,0,0.0,0,0,1,0,0,0,0,0,0,0,0,0,0,gratuito
4,10000.0,4,0.75,1,2,1,0,0,0,0,0,1,1,0,0,0,medio_alto
2,10000.0,1,1.0,2,2,1,0,0,0,1,1,0,0,0,0,0,medio_alto
2,35000.0,4,1.0,1,5,1,0,0,0,0,1,1,1,1,1,0,baixo
2,0.0,0,0.0,17,2,1,0,0,0,0,0,0,0,0,0,1,gratuito
6,10000.0,1,1.0,2,3,1,0,0,0,1,0,0,1,0,1,0,medio_baixo
1,0.0,0,0.0,0,0,1,0,0,0,0,0,0,0,0,0,0,gratuito
1,10000.0,0,0.0,1,1,1,0,0,0,0,0,0,1,0,0,0,baixo
5,10000.0,8,0.875,7,2,1,1,1,0,1,0,0,1,0,0,0,medio_baixo
5,35000.0,137,0.7956204379562044,8,4,1,0,0,1,1,1,1,1,0,0,0,baixo
7,35000.0,83,0.7710843373493976,103,1,1,0,0,1,0,0,0,1,0,0,0,baixo
9,10000.0,19,0.631578947368421,5,4,1,1,0,0,1,0,0,1,0,0,1,alto
7,35000.0,174,0.8275862068965517,3,3,1,0,0,0,1,0,1,1,0,0,0,medio_baixo
2,10000.0,0,0.0,1,4,1,0,0,0,1,0,0,1,0,0,1,medio_alto
3,10000.0,12,0.5833333333333334,3,8,1,0,0,0,1,1,1,1,1,1,1,baixo
9,750000.0,1946,0.8329907502569374,9,4,1,0,0,1,1,1,1,1,0,0,0,baixo
8,10000.0,78,0.6794871794871795,1,3,1,0,0,0,1,0,0,1,0,0,1,baixo
2,10000.0,1,0.0,1,3,1,0,0,0,1,1,0,0,0,0,1,baixo
2,10000.0,1,1.0,5,4,1,0,0,0,1,0,0,1,0,1,1,medio_alto
4,0.0,0,0.0,1,3,1,0,0,0,1,0,0,1,0,0,0,gratuito
7,10000.0,1,1.0,1,4,1,0,0,0,1,0,1,0,1,1,0,medio_alto
3,0.0,0,0.0,1,2,1,1,1,1,1,0,1,0,0,0,0,gratuito
3,10000.0,2,0.0,3,5,1,0,0,0,1,1,1,0,1,0,0,medio_alto
1,0.0,0,0.0,0,0,1,0,0,0,0,0,0,0,0,0,0,gratuito
3,10000.0,20,0.95,1,2,1,0,0,0,1,0,1,0,0,0,0,medio_alto
6,10000.0,7,0.5714285714285714,10,5,1,0,0,0,1,1,0,0,1,1,1,medio_baixo
2,10000.0,4,1.0,1,2,1,1,1,0,0,0,0,0,0,1,0,medio_baixo
3,10000.0,9,0.7777777777777778,1,2,1,0,0,0,1,0,0,1,0,0,0,medio_alto
4,10000.0,20,0.75,1,2,1,1,1,1,1,1,0,0,0,0,0,medio_baixo
1,0.0,0,0.0,0,0,1,0,0,0,0,0,0,0,0,0,0,gratuito
7,35000.0,7,0.42857142857142855,5,2,1,0,0,0,1,1,0,0,0,0,0,baixo
6,10000.0,19,0.7368421052631579,1,3,1,0,0,0,1,1,0,1,0,0,0,baixo
10,75000.0,234,0.6666666666666666,2,3,1,0,0,0,0,0,0,0,1,1,1,baixo
9,10000.0,6,0.5,1,3,1,0,0,0,1,1,0,0,0,0,1,medio_baixo
1,0.0,0,0.0,0,0,1,0,0,0,0,0,0,0,0,0,0,gratuito
1,0.0,0,0.0,1,4,1,0,0,0,0,0,0,1,1,1,0,gratuito
6,10000.0,37,0.7027027027027027,2,1,1,0,0,0,0,0,0,1,0,0,0,medio_baixo
1,10000.0,29,0.896551724137931,5,2,1,0,0,0,1,0,0,0,0,1,0,medio_baixo
6,10000.0,5,0.2,1,3,1,0,0,0,1,1,1,0,0,0,0,baixo
8,10000.0,7,0.7142857142857143,1,3,1,0,0,1,1,1,1,0,0,0,0,medio_alto
1,10000.0,0,0.0,1,5,1,0,0,0,1,1,0,1,0,1,0,medio_baixo
4,35000.0,174,0.764367816091954,4,3,1,0,0,1,1,1,0,0,1,0,0,alto
3,10000.0,3,0.3333333333333333,2,1,1,0,0,0,0,0,0,0,0,1,0,medio_alto
2,0.0,0,0.0,1,4,1,0,0,0,1,1,1,1,0,0,0,gratuito
3,10000.0,1,1.0,1,3,1,0,0,0,1,0,1,0,1,0,0,medio_alto
3,150000.0,1107,0.8075880758807588,1,2,1,0,0,0,1,0,1,0,0,0,0,alto
9,35000.0,222,0.8333333333333334,9,2,1,1,1,0,0,0,1,1,0,0,0,medio_alto
7,10000.0,70,0.7857142857142857,1,1,1,0,0,1,1,0,0,0,0,0,0,gratuito
2,10000.0,17,1.0,2,2,1,0,0,0,1,0,1,0,0,0,0,medio_baixo
5,35000.0,67,0.6865671641791045,1,3,1,0,0,0,1,0,1,0,1,0,0,baixo
3,75000.0,215,0.7627906976744186,10,2,1,0,0,0,1,1,0,0,0,0,0,medio_baixo
3,75000.0,1736,0.8294930875576036,2,4,1,0,0,0,1,0,0,0,1,1,0,alto
3,10000.0,37,0.8108108108108109,1,3,1,0,0,0,1,0,1,1,0,0,0,medio_alto
2,10000.0,12,1.0,1,1,1,0,0,0,1,0,0,0,0,0,0,baixo
5,10000.0,1,1.0,2,4,1,0,0,0,1,1,1,0,1,0,0,medio_baixo
4,75000.0,389,0.8946015424164524,13,3,1,1,1,1,1,0,1,1,0,0,0,alto
2,10000.0,0,0.0,1,5,1,0,0,0,1,1,1,1,0,0,1,baixo
1,0.0,0,0.0,103,2,1,0,0,0,0,1,0,0,0,0,0,medio_alto
8,75000.0,326,0.8773006134969326,1,2,1,0,0,0,0,0,0,0,1,1,0,alto
1,0.0,0,0.0,3,4,1,0,0,0,0,0,0,0,0,0,0,gratuito
3,10000.0,9,0.7777777777777778,1,3,1,0,0,0,1,0,1,1,0,0,0,gratuito
2,0.0,0,0.0,0,0,1,0,0,0,0,0,0,0,0,0,0,gratuito
1,10000.0,11,1.0,10,2,1,0,0,0,0,1,1,0,0,0,0,medio_baixo
5,10000.0,15,0.9333333333333333,3,1,1,0,0,0,0,0,1,0,0,0,0,medio_alto
2,10000.0,9,1.0,2,4,1,0,0,0,1,1,1,1,0,0,0,alto
2,10000.0,0,0.0,1,1,1,0,0,0,0,0,0,1,0,0,0,medio_baixo
7,10000.0,8,0.375,1,3,1,1,0,0,1,1,1,0,0,0,0,baixo
3,10000.0,22,0.9090909090909091,1,2,1,0,0,0,1,0,1,0,0,0,0,medio_baixo
11,15000000.0,92370,0.8022409873335499,6,6,1,0,0,12,0,1,1,1,1,0,0,gratuito
9,3500000.0,97846,0.9526603029250046,15,2,1,0,0,6,0,1,1,0,0,0,0,alto
16,150000.0,289,0.8512110726643599,8,1,1,0,0,0,0,0,0,0,0,1,0,baixo
7,35000.0,83,0.7469879518072289,4,4,1,1,0,2,1,1,0,0,0,0,0,gratuito
2,10000.0,2,1.0,1,3,1,0,0,0,1,0,0,1,0,1,0,medio_alto
6,75000.0,445,0.8786516853932584,2,3,1,0,0,0,1,0,0,1,0,0,0,gratuito
4,10000.0,0,0.0,1,3,1,0,0,0,0,0,1,1,0,0,1,alto
4,10000.0,16,0.8125,1,2,1,1,0,0,0,0,0,0,0,0,0,alto
7,10000.0,0,0.0,1,3,1,0,0,0,1,0,1,0,0,0,0,alto
1,0.0,0,0.0,0,0,1,0,0,0,0,0,0,0,0,0,0,gratuito
15,3500000.0,11243,0.742417504224851,3,5,1,0,0,10,0,1,1,0,1,0,0,gratuito
1,10000.0,0,0.0,1,1,1,1,1,0,0,0,0,0,0,0,0,alto
2,10000.0,0,0.0,2,2,1,0,0,0,1,0,1,0,0,0,0,alto
4,0.0,0,0.0,0,0,1,0,0,0,0,0,0,0,0,0,0,gratuito
9,10000.0,7,1.0,1,2,1,0,0,0,1,1,0,0,0,0,0,medio_alto
7,10000.0,6,0.8333333333333334,1,4,1,1,0,0,1,1,1,0,1,0,0,baixo
4,10000.0,1,1.0,1,4,1,0,0,0,1,0,1,0,1,0,0,alto
8,75000.0,119,0.7647058823529411,2,5,1,1,0,0,0,1,1,1,0,0,1,baixo
5,35000.0,29,0.6896551724137931,1,4,1,0,0,0,1,1,1,1,0,0,0,baixo
8,10000.0,435,0.9333333333333333,27,1,1,1,1,0,1,0,0,0,0,0,0,medio_baixo
8,10000.0,2,0.0,1,6,1,0,0,0,1,1,1,1,0,1,1,alto
2,0.0,0,0.0,0,0,1,0,0,0,0,0,0,0,0,0,0,gratuito
16,750000.0,10097,0.9626621768842231,22,2,1,1,1,0,1,1,0,0,0,0,0,baixo
1,10000.0,0,0.0,1,2,1,0,0,0,1,0,0,0,0,0,0,alto
6,10000.0,2,1.0,3,2,1,0,0,0,0,0,0,1,0,0,0,medio_alto
1,10000.0,18,0.4444444444444444,1,3,1,0,0,0,1,0,0,1,0,1,0,baixo
4,10000.0,13,0.7692307692307693,2,2,1,0,0,0,1,0,0,0,0,1,0,alto
11,75000.0,753,0.6892430278884463,10,4,1,1,1,1,1,1,0,1,0,0,0,baixo
5,10000.0,0,0.0,2,4,1,1,0,0,1,0,1,0,1,0,1,alto
4,10000.0,104,0.9423076923076923,1,1,1,0,0,3,0,0,0,0,1,0,0,medio_alto
1,35000.0,451,0.8603104212860311,11,2,1,0,0,0,0,1,0,1,0,0,0,alto
11,35000.0,222,0.5315315315315315,1,2,1,1,1,0,1,0,1,0,0,0,0,medio_baixo
2,10000.0,5,1.0,1,3,1,1,0,0,1,1,0,0,0,0,0,alto
10,150000.0,693,0.4588744588744589,8,2,1,0,0,1,1,0,0,0,0,0,1,baixo
9,35000.0,212,0.7830188679245284,1,3,1,0,0,0,0,1,1,0,0,1,0,alto
8,10000.0,4,0.75,2,2,1,0,0,0,1,0,0,1,0,0,0,baixo
3,150000.0,2047,0.8422081094284318,12,2,1,0,0,4,1,0,0,1,0,0,0,medio_alto
8,10000.0,42,0.47619047619047616,1,1,1,0,0,0,0,0,1,0,0,0,0,medio_alto
4,0.0,0,0.0,1,4,1,0,0,0,1,1,0,0,0,0,0,gratuito
1,0.0,0,0.0,1,1,1,0,0,0,0,0,1,0,0,0,0,baixo
5,10000.0,12,0.6666666666666666,1,3,1,0,0,0,1,0,1,0,0,0,1,medio_alto
5,35000.0,625,0.824,1,5,1,0,0,1,1,1,1,1,0,0,1,medio_baixo
4,10000.0,0,0.0,1,3,1,0,0,0,0,1,1,1,0,0,0,baixo
4,10000.0,87,0.632183908045977,5,3,1,0,0,0,1,1,1,0,0,0,0,baixo
5,0.0,0,0.0,0,0,1,0,0,0,0,0,0,0,0,0,0,gratuito
7,10000.0,3,0.3333333333333333,2,4,1,0,0,0,1,0,0,1,0,1,1,medio_alto
5,10000.0,48,0.7916666666666666,1,2,1,0,0,0,0,0,1,1,0,0,0,medio_alto
5,10000.0,1,1.0,1,3,1,0,0,0,1,0,0,1,0,1,0,baixo
1,0.0,0,0.0,1,3,1,0,0,0,1,0,0,1,0,0,0,gratuito
1,10000.0,0,0.0,7,3,1,1,1,0,1,0,0,1,0,1,0,baixo
2,0.0,0,0.0,1,2,1,0,0,0,0,0,0,1,0,0,0,gratuito
4,10000.0,31,0.6451612903225806,2,1,1,0,0,0,0,0,0,0,1,0,0,alto
7,10000.0,0,0.0,1,1,1,0,0,0,0,0,0,0,1,0,0,alto
2,10000.0,30,1.0,6,5,1,1,1,0,0,0,0,0,0,0,0,medio_alto
10,10000.0,8,0.375,1,3,1,0,0,0,1,1,0,0,0,1,0,medio_alto
11,35000.0,113,0.6991150442477876,1,3,1,1,0,0,1,1,1,0,0,0,0,medio_alto
2,10000.0,90,0.8444444444444444,1,1,1,0,0,0,0,1,0,0,0,0,0,baixo
5,10000.0,14,1.0,1,1,1,0,0,0,0,1,0,0,0,0,0,alto
6,35000.0,9,0.8888888888888888,1,4,1,0,0,0,1,0,1,1,0,1,0,gratuito
7,10000.0,26,0.3076923076923077,1,4,1,1,0,0,0,0,1,1,1,0,1,alto
2,10000.0,10,1.0,1,2,1,0,1,0,1,0,0,1,0,0,0,baixo
2,10000.0,4,0.75,25,3,1,0,0,0,0,1,1,1,0,0,0,medio_baixo
10,75000.0,8,0.875,1,3,1,1,0,0,1,0,0,1,0,0,1,baixo
7,75000.0,980,0.8755102040816326,1,1,1,1,0,0,0,1,0,0,0,0,0,baixo
5,75000.0,510,0.6843137254901961,2,1,1,0,0,0,0,0,0,0,1,0,0,alto
1,10000.0,0,0.0,1,3,1,0,0,3,1,1,1,0,0,0,0,medio_alto
12,1500000.0,17025,0.8264904552129222,7,3,1,0,0,9,0,1,1,0,1,0,0,medio_alto
5,75000.0,576,0.9079861111111112,2,2,1,1,0,0,1,0,1,0,0,0,0,alto
5,10000.0,5,0.8,1,2,1,0,0,0,1,1,0,0,0,0,0,medio_baixo
6,10000.0,149,0.9060402684563759,29,3,1,1,1,0,1,0,0,1,0,1,0,baixo
8,10000.0,3,0.0,1,2,1,0,0,0,1,0,0,0,0,0,0,baixo
8,10000.0,15,0.4,1,3,1,0,0,0,0,0,1,0,0,0,1,alto
2,0.0,0,0.0,0,0,1,0,0,0,0,0,0,0,0,0,0,gratuito
3,10000.0,0,0.0,6,2,1,1,1,0,1,0,0,1,0,0,0,medio_baixo
4,10000.0,19,0.631578947368421,1,4,1,1,1,0,1,0,1,1,1,0,0,medio_alto
7,35000.0,14,0.5714285714285714,1,4,1,0,0,0,1,1,0,1,0,1,0,medio_baixo
1,0.0,0,0.0,15,5,1,0,0,0,1,1,1,0,0,0,1,gratuito
12,75000.0,210,0.6047619047619047,11,1,1,1,0,0,0,0,0,0,0,0,1,medio_baixo
1,75000.0,7,1.0,10,4,1,0,0,0,1,1,1,0,1,0,0,baixo
7,10000.0,17,0.5294117647058824,10,4,1,0,0,0,1,1,1,0,1,0,0,baixo
10,10000.0,7,0.8571428571428571,1,1,1,0,0,0,0,1,0,0,0,0,0,medio_baixo
4,10000.0,52,0.6730769230769231,11,6,1,0,0,0,1,1,1,1,0,1,1,baixo
1,35000.0,104,0.8269230769230769,9,3,1,0,0,2,1,1,1,0,0,0,0,medio_alto
9,35000.0,18,0.6666666666666666,1,3,1,1,1,1,0,0,1,0,0,0,0,medio_baixo
1,10000.0,6,1.0,1,3,1,0,0,0,1,1,0,1,0,0,0,alto
7,35000.0,23,0.43478260869565216,2,2,1,0,0,0,1,1,0,0,0,0,0,gratuito
2,10000.0,6,0.6666666666666666,1,9,1,0,0,0,1,1,1,1,1,1,0,alto
6,10000.0,6,0.6666666666666666,3,6,1,0,0,0,1,1,1,0,1,0,1,alto
3,0.0,0,0.0,0,0,1,0,0,0,0,0,0,0,0,0,0,gratuito
5,0.0,0,0.0,0,0,1,0,0,0,0,0,0,0,0,0,0,gratuito
8,10000.0,92,0.5434782608695652,7,4,1,0,0,0,0,0,0,0,0,0,0,medio_baixo
2,10000.0,15,1.0,1,2,1,0,0,0,1,0,0,1,0,0,0,medio_baixo
1,10000.0,0,0.0,1,1,1,0,0,0,0,0,1,0,0,0,0,medio_alto
1,10000.0,50,0.92,8,5,1,0,0,1,0,1,1,1,1,1,0,alto
6,10000.0,47,0.574468085106383,1,3,1,0,0,0,1,0,1,0,0,0,1,medio_alto
10,150000.0,482,0.7717842323651453,1,3,1,0,0,1,1,1,1,0,0,0,0,medio_baixo
4,10000.0,10,0.8,1,2,1,0,0,1,1,1,0,0,0,0,0,alto
5,10000.0,2,0.5,2,3,1,0,0,0,1,1,0,1,0,0,0,medio_baixo
8,10000.0,78,0.6538461538461539,5,2,1,0,0,0,1,0,0,0,1,0,0,alto
6,10000.0,5,1.0,1,4,1,1,1,0,1,0,1,0,1,0,1,alto
4,10000.0,33,0.9090909090909091,1,3,1,0,0,1,1,1,0,0,0,0,0,medio_baixo
3,10000.0,14,0.9285714285714286,1,1,1,0,0,0,0,0,1,0,0,0,0,baixo
2,10000.0,0,0.0,1,3,1,0,0,0,1,0,1,1,0,0,0,baixo
1,10000.0,440,0.35454545454545455,7,1,1,0,0,0,0,0,0,0,0,0,0,alto
4,10000.0,332,0.4879518072289157,5,4,1,0,0,0,1,1,0,1,0,0,0,medio_alto
1,10000.0,0,0.0,23,3,1,0,0,0,1,0,1,0,1,0,0,medio_alto
1,10000.0,0,0.0,5,4,1,0,0,0,1,1,0,0,1,1,0,medio_alto
2,10000.0,34,0.9117647058823529,4,2,1,0,0,0,1,0,0,0,0,0,1,medio_alto
8,10000.0,25,0.64,27,2,1,0,0,0,1,0,1,0,0,0,0,medio_alto
6,35000.0,16,0.875,2,3,1,0,1,0,0,0,0,0,0,1,0,gratuito
8,10000.0,67,0.5970149253731343,1,2,1,1,0,0,0,0,0,1,0,0,0,gratuito
3,35000.0,204,0.8872549019607843,5,3,1,0,0,0,1,1,0,0,0,0,0,baixo
8,10000.0,525,0.96,1,3,1,1,0,1,1,0,0,1,0,0,1,medio_alto
3,10000.0,0,0.0,1,2,1,0,0,0,1,0,0,1,0,0,0,alto
9,10000.0,2,0.0,1,2,1,0,0,0,0,1,1,0,0,0,0,baixo
1,0.0,0,0.0,1,5,1,0,1,0,1,1,0,1,0,0,0,gratuito
6,10000.0,41,0.3170731707317073,1,4,1,0,0,0,1,1,1,1,0,0,0,alto
1,10000.0,0,0.0,8,3,1,1,1,1,1,0,1,1,0,0,0,medio_alto
9,10000.0,69,0.8405797101449275,2,1,1,0,0,1,0,1,0,0,0,0,0,alto
5,35000.0,214,0.7523364485981309,3,3,1,0,0,1,1,1,0,1,0,0,0,baixo
3,10000.0,2,0.0,1,6,1,0,0,0,1,1,1,1,1,1,0,baixo
5,0.0,0,0.0,3,4,1,0,0,1,1,0,1,0,1,0,0,gratuito
4,10000.0,0,0.0,1,2,1,0,0,0,1,0,0,1,0,0,0,medio_baixo
4,750000.0,20610,0.9108199902959728,16,2,1,0,0,1,0,1,1,0,0,0,0,alto
2,35000.0,1,1.0,4,5,1,0,0,0,0,0,1,1,1,1,0,baixo
6,10000.0,0,0.0,4,2,1,0,0,0,0,0,1,1,0,0,0,medio_alto
1,10000.0,0,0.0,1,2,1,0,0,0,0,1,0,0,0,0,0,medio_baixo
2,10000.0,30,0.6333333333333333,4,2,1,0,0,3,1,0,0,0,0,0,1,alto
2,10000.0,18,0.8333333333333334,8,2,1,1,1,0,1,0,0,1,0,0,0,medio_baixo
5,10000.0,994,0.9245472837022133,13,2,1,0,0,4,1,0,0,1,0,0,0,medio_baixo
4,10000.0,4,0.75,2,2,1,0,1,0,1,0,0,1,0,0,0,baixo
1,0.0,0,0.0,0,0,1,0,0,0,0,0,0,0,0,0,0,gratuito
2,10000.0,6,0.8333333333333334,1,6,1,0,1,0,1,1,1,1,0,1,0,baixo
2,10000.0,0,0.0,2,1,1,0,0,0,0,0,0,0,0,0,1,medio_alto
1,0.0,0,0.0,1,3,1,0,0,0,1,0,0,1,0,0,1,alto
1,10000.0,9,1.0,10,1,1,0,0,0,0,0,0,1,0,0,0,baixo
3,0.0,0,0.0,1,3,1,0,0,0,0,1,0,0,1,0,0,gratuito
2,10000.0,11,0.2727272727272727,4,4,1,0,0,0,1,0,0,1,0,0,1,alto
7,10000.0,4,0.5,1,2,1,0,0,0,1,1,0,0,0,0,0,medio_baixo
1,0.0,0,0.0,103,2,1,0,0,0,1,1,0,0,0,0,0,medio_alto
2,10000.0,1,1.0,1,2,1,0,0,0,0,1,1,0,0,0,0,medio_alto
2,0.0,0,0.0,0,0,1,0,0,0,0,0,0,0,0,0,0,gratuito
2,0.0,0,0.0,0,0,1,0,0,0,0,0,0,0,0,0,0,gratuito
2,10000.0,21,0.9047619047619048,1,2,1,1,1,0,1,0,0,1,0,0,0,baixo
6,10000.0,0,0.0,1,2,1,0,0,2,1,0,0,1,0,0,0,baixo
4,10000.0,90,0.9666666666666667,1,1,1,1,0,0,0,0,0,0,1,0,0,alto
2,0.0,0,0.0,2,5,1,0,0,0,1,0,0,1,0,0,1,gratuito
1,0.0,0,0.0,0,0,1,0,0,0,0,0,0,0,0,0,0,gratuito
2,10000.0,8,1.0,1,2,1,0,0,0,0,1,1,0,0,0,0,medio_alto
9,10000.0,60,0.9333333333333333,15,4,1,1,0,0,1,0,1,1,0,0,1,alto
12,10000.0,83,0.7951807228915663,1,3,1,1,1,0,1,0,0,0,0,0,0,gratuito
5,150000.0,2279,0.9087318999561211,7,2,1,0,0,0,0,1,0,0,1,0,0,medio_alto
2,10000.0,454,0.9559471365638766,5,2,1,1,1,1,1,0,1,0,0,0,0,baixo
5,0.0,0,0.0,15,3,1,0,0,0,0,1,0,1,0,0,0,gratuito
2,0.0,0,0.0,1,3,1,0,0,0,0,0,1,0,0,0,0,gratuito
4,10000.0,15,0.8666666666666667,103,1,1,0,0,0,0,0,1,0,0,0,0,baixo
7,10000.0,0,0.0,1,2,1,0,0,0,0,0,0,1,0,0,1,alto
1,0.0,0,0.0,1,4,1,0,0,0,1,1,0,0,0,0,0,gratuito
10,10000.0,53,0.9245283018867925,27,3,1,0,0,0,1,0,0,1,0,0,1,medio_baixo
2,0.0,0,0.0,0,0,1,0,0,0,0,0,0,0,0,0,0,gratuito
8,10000.0,8,0.75,2,3,1,0,0,0,1,1,1,0,0,0,0,baixo
2,0.0,0,0.0,0,0,1,0,0,0,0,0,0,0,0,0,0,gratuito
2,10000.0,0,0.0,10,6,1,0,0,1,1,0,1,1,1,1,1,medio_alto
3,10000.0,0,0.0,1,3,1,0,0,1,0,0,1,1,0,0,1,baixo
2,0.0,0,0.0,2,4,1,0,0,0,1,1,0,1,0,0,0,gratuito
2,0.0,0,0.0,0,0,1,0,0,0,0,0,0,0,0,0,0,gratuito
9,10000.0,9,0.3333333333333333,1,3,1,1,0,0,0,1,0,0,0,1,1,alto
4,10000.0,10,1.0,2,6,1,0,0,0,1,1,0,1,1,1,0,medio_baixo
6,350000.0,812,0.7783251231527094,9,3,1,0,0,4,1,1,1,0,0,0,0,medio_alto
1,10000.0,0,0.0,2,3,1,0,0,0,1,0,1,0,1,0,0,medio_baixo
7,150000.0,1896,0.8064345991561181,4,3,1,1,1,12,1,0,0,0,0,1,1,medio_alto
3,10000.0,12,1.0,1,3,1,0,0,0,1,0,0,1,0,1,0,medio_baixo
9,75000.0,1539,0.949317738791423,7,2,1,1,1,0,1,1,0,0,0,0,0,medio_baixo
3,10000.0,0,0.0,1,1,1,0,0,0,0,0,0,0,0,1,0,medio_alto
1,10000.0,0,0.0,1,1,1,0,0,0,0,0,0,0,0,1,0,medio_alto
2,0.0,0,0.0,0,0,1,0,0,0,0,0,0,0,0,0,0,gratuito
5,0.0,0,0.0,5,4,1,0,0,0,1,0,1,0,0,1,0,gratuito
1,0.0,0,0.0,2,3,1,0,0,0,1,0,0,1,0,0,0,gratuito
4,350000.0,3,1.0,1,2,1,0,0,0,0,1,0,0,0,0,0,baixo
1,10000.0,0,0.0,5,2,1,1,1,0,0,0,0,1,0,0,1,medio_baixo
9,10000.0,144,0.9027777777777778,10,2,1,1,1,0,1,1,0,0,0,0,0,alto
2,10000.0,0,0.0,1,2,1,1,1,0,1,0,0,1,0,0,0,baixo
1,10000.0,0,0.0,6,1,1,0,0,1,0,0,0,0,0,0,0,alto
5,0.0,0,0.0,0,0,1,0,0,0,0,0,0,0,0,0,0,gratuito
7,75000.0,732,0.9180327868852459,6,2,1,1,1,1,1,0,1,0,0,0,0,medio_baixo
2,35000.0,1,1.0,1,2,1,0,0,0,0,0,1,0,1,0,0,baixo
1,0.0,0,0.0,0,0,1,0,0,0,0,0,0,0,0,0,0,gratuito
4,10000.0,9,1.0,1,2,1,0,0,0,0,1,0,1,0,0,0,baixo
1,10000.0,0,0.0,19,3,1,1,0,1,0,0,0,0,0,1,1,alto
1,10000.0,0,0.0,2,2,1,1,0,0,0,1,1,0,0,0,0,medio_baixo
7,10000.0,13,0.9230769230769231,1,5,1,0,0,0,1,0,0,1,0,0,1,gratuito
2,0.0,0,0.0,1,3,1,0,0,3,1,0,0,0,0,0,1,gratuito
1,0.0,0,0.0,1,4,1,0,0,0,0,1,1,1,0,0,0,gratuito
10,35000.0,147,0.7959183673469388,1,2,1,0,0,0,1,1,0,0,0,0,0,medio_baixo
10,10000.0,60,0.8166666666666667,2,5,1,1,1,1,1,1,1,1,1,0,0,medio_baixo
10,10000.0,95,0.5578947368421052,1,2,1,1,1,0,1,0,1,0,0,0,0,baixo
2,10000.0,5,1.0,1,5,1,1,0,0,1,1,1,0,1,1,0,medio_baixo
6,10000.0,14,0.8571428571428571,1,1,1,0,1,0,1,0,0,0,0,0,0,gratuito
9,10000.0,5,0.2,2,3,1,0,0,0,1,1,1,0,0,0,0,alto
4,35000.0,442,0.7013574660633484,1,4,1,0,0,0,0,1,0,0,1,0,1,medio_alto
8,10000.0,13,0.23076923076923078,2,6,1,0,0,0,1,1,1,1,0,0,0,medio_baixo
2,10000.0,89,0.651685393258427,5,2,1,0,0,0,0,0,1,1,0,0,0,alto
4,35000.0,359,0.5264623955431755,2,3,1,0,0,1,1,1,1,0,0,0,0,medio_baixo
3,0.0,0,0.0,0,0,1,0,0,0,0,0,0,0,0,0,0,gratuito
9,35000.0,109,0.5229357798165137,1,3,1,0,0,0,1,0,0,1,0,1,0,baixo
8,75000.0,271,0.9003690036900369,5,2,1,0,0,0,1,1,0,0,0,0,0,gratuito
1,0.0,0,0.0,1,4,1,0,0,0,1,0,1,1,0,0,0,gratuito
7,10000.0,34,0.6764705882352942,3,4,1,0,0,0,1,1,1,0,0,0,0,medio_baixo
7,35000.0,307,0.8338762214983714,2,3,1,0,0,0,1,0,0,0,1,1,0,alto
1,35000.0,4,1.0,1,4,1,0,0,0,1,1,0,0,0,1,0,medio_alto
1,10000.0,31,0.8709677419354839,1,4,1,0,0,0,1,1,1,0,0,0,1,medio_baixo
4,10000.0,42,0.6666666666666666,1,2,1,0,0,0,1,1,0,0,0,0,0,baixo
5,10000.0,0,0.0,1,2,1,0,0,0,0,1,1,0,0,0,0,medio_baixo
3,0.0,0,0.0,2,4,1,0,0,1,1,0,1,0,1,0,0,gratuito
4,0.0,0,0.0,13,2,1,1,1,0,0,1,0,0,0,0,0,gratuito
2,10000.0,0,0.0,1,4,1,0,0,0,1,0,0,1,0,1,0,gratuito
2,10000.0,1,1.0,1,2,1,0,0,0,1,0,0,1,0,0,0,alto
1,10000.0,0,0.0,5,1,1,0,0,0,0,1,0,0,0,0,0,alto
9,10000.0,9,0.6666666666666666,1,3,1,0,0,0,1,1,1,0,0,0,0,medio_alto
2,10000.0,2,1.0,1,2,1,1,0,0,1,0,0,1,0,0,0,baixo
5,10000.0,39,1.0,4,1,1,0,0,0,1,0,0,0,0,0,0,medio_baixo
7,35000.0,33,0.9090909090909091,9,2,1,0,0,0,1,0,1,0,0,0,0,medio_baixo
1,0.0,0,0.0,76,2,1,0,0,0,1,0,0,1,0,0,0,medio_alto
6,10000.0,292,0.8458904109589042,1,3,1,0,0,1,1,0,1,0,1,0,0,alto
1,0.0,0,0.0,2,3,1,0,0,0,1,0,0,1,0,0,0,gratuito
1,10000.0,342,0.8157894736842105,7,3,1,0,0,0,1,1,0,0,1,0,0,alto
8,350000.0,1174,0.6993185689948893,11,3,1,1,0,0,1,0,0,0,0,1,0,gratuito
2,10000.0,6,1.0,1,4,1,0,0,0,1,1,1,1,0,0,0,baixo
2,10000.0,2,1.0,1,1,1,1,0,0,0,0,0,1,0,0,0,alto
1,0.0,0,0.0,0,0,1,0,0,0,0,0,0,0,0,0,0,gratuito
7,75000.0,222,0.9369369369369369,3,2,1,1,1,2,1,0,1,0,0,0,0,gratuito
1,10000.0,0,0.0,1,4,1,0,0,0,1,1,1,1,0,0,0,alto
2,0.0,0,0.0,1,3,1,0,0,0,0,1,0,1,0,0,0,gratuito
6,35000.0,130,0.5307692307692308,1,4,1,0,0,0,0,1,1,1,0,0,0,gratuito
1,10000.0,0,0.0,1,2,1,0,0,0,1,0,1,0,0,0,0,baixo
6,75000.0,9,0.4444444444444444,1,1,1,0,0,0,0,0,0,0,0,1,0,baixo
1,10000.0,11,1.0,1,4,1,0,0,0,1,0,0,1,0,0,0,medio_baixo
2,10000.0,1,0.0,29,4,1,0,0,0,1,0,0,1,1,1,0,medio_baixo
7,10000.0,7,0.7142857142857143,1,3,1,0,0,0,1,0,1,1,0,0,0,medio_baixo
2,10000.0,4,0.75,1,1,1,0,0,0,1,0,0,0,0,0,0,medio_baixo
1,10000.0,27,0.8888888888888888,8,1,1,0,0,5,0,0,0,0,0,0,0,alto
2,0.0,0,0.0,1,2,1,0,0,0,0,1,0,0,0,0,0,gratuito
4,0.0,0,0.0,1,5,1,0,0,0,1,1,1,0,0,1,0,gratuito
3,0.0,0,0.0,0,0,1,0,0,0,0,0,0,0,0,0,0,gratuito
6,10000.0,19,0.8421052631578947,1,2,1,1,1,1,1,0,0,1,0,0,0,medio_baixo
10,10000.0,43,0.5348837209302325,7,3,1,1,0,0,1,0,0,1,0,0,0,baixo
4,10000.0,0,0.0,3,2,1,0,0,1,1,0,0,0,1,0,0,medio_alto
1,35000.0,933,0.8928188638799571,7,2,1,0,0,1,0,1,1,0,0,0,0,alto
5,0.0,0,0.0,1,3,1,0,0,2,0,0,0,1,0,0,1,gratuito
4,150000.0,751,0.8668442077230359,1,4,1,1,1,0,1,1,0,0,0,1,0,baixo
5,10000.0,0,0.0,1,3,1,1,1,0,1,0,0,1,0,0,1,alto
10,10000.0,7,0.2857142857142857,2,4,1,0,0,0,1,1,1,0,0,1,0,alto
4,0.0,0,0.0,0,0,1,0,0,0,0,0,0,0,0,0,0,gratuito
3,10000.0,32,0.75,2,1,1,0,0,0,0,1,0,0,0,0,0,medio_baixo
6,10000.0,10,0.6,1,1,1,0,0,0,0,0,0,1,0,0,0,medio_alto
4,10000.0,22,0.5909090909090909,1,4,1,0,0,0,1,0,1,1,1,0,0,baixo
4,10000.0,0,0.0,1,1,1,0,0,0,0,0,0,0,0,1,0,medio_baixo
2,10000.0,2,1.0,1,4,1,0,0,0,1,1,1,0,0,0,0,medio_baixo
9,35000.0,89,0.8426966292134831,10,3,1,1,0,0,1,1,0,1,0,0,0,medio_alto
2,10000.0,1,1.0,1,3,1,0,0,0,1,0,1,1,0,0,0,alto
12,750000.0,1542,0.7756160830090791,11,3,1,0,0,0,1,0,1,1,0,0,0,baixo
5,75000.0,86,0.9651162790697675,1,3,1,1,0,0,1,1,0,0,0,0,0,gratuito
6,10000.0,19,0.5789473684210527,1,2,1,0,0,0,0,0,1,1,0,0,0,medio_alto
8,10000.0,19,0.5263157894736842,1,3,1,0,0,0,1,1,0,1,0,0,0,baixo
8,10000.0,63,0.7142857142857143,1,2,1,0,0,0,1,0,0,0,0,0,1,baixo
2,0.0,0,0.0,1,4,1,1,1,0,0,0,1,1,1,0,0,gratuito
3,10000.0,0,0.0,3,4,1,0,0,0,1,1,1,1,0,0,0,medio_alto
9,10000.0,12,0.6666666666666666,2,3,1,0,0,0,1,1,0,1,0,0,0,baixo
5,10000.0,61,0.9836065573770492,3,3,1,0,0,32,1,1,0,1,0,0,0,baixo
7,10000.0,139,0.5035971223021583,3,3,1,0,0,0,1,0,0,0,1,0,1,medio_baixo
9,10000.0,2,0.5,1,2,1,0,0,0,0,0,0,0,0,0,0,baixo
1,0.0,0,0.0,1,4,1,0,0,0,1,0,0,1,0,1,1,medio_baixo
5,750000.0,6583,0.8878930578763482,2,4,1,0,0,0,1,1,1,0,0,1,0,alto
4,0.0,0,0.0,1,1,1,0,0,0,0,1,0,0,0,0,0,gratuito
4,10000.0,6,0.6666666666666666,1,4,1,0,0,0,1,0,1,0,1,0,1,medio_alto
4,75000.0,78,0.8205128205128205,3,5,1,0,0,0,1,0,1,0,1,1,1,medio_alto
9,10000.0,18,0.3888888888888889,1,1,1,0,0,0,0,0,0,1,0,0,0,baixo
7,10000.0,0,0.0,6,2,1,0,0,0,1,0,1,0,0,0,0,baixo
2,35000.0,10,0.5,1,4,1,0,0,0,0,1,1,0,1,0,0,alto
5,10000.0,44,0.8409090909090909,1,3,1,0,0,0,1,1,1,0,0,0,0,medio_baixo
1,0.0,0,0.0,2,3,1,1,0,0,1,0,0,1,0,0,1,medio_alto
5,35000.0,156,0.7756410256410257,3,3,1,0,0,0,1,0,1,0,1,0,0,medio_alto
6,10000.0,35,0.9428571428571428,1,3,1,1,1,0,1,0,0,1,0,0,1,baixo
7,10000.0,8,0.5,1,3,1,0,0,0,1,1,0,1,0,0,0,medio_baixo
4,10000.0,20,0.5,2,3,1,0,0,0,1,1,0,1,0,0,0,medio_baixo
1,10000.0,0,0.0,2,2,1,0,1,0,0,1,0,1,0,0,0,medio_baixo
6,35000.0,14,0.7142857142857143,1,2,1,0,0,1,1,0,0,0,0,0,0,gratuito
6,10000.0,18,0.6666666666666666,8,2,1,0,0,0,0,0,0,0,0,0,0,medio_alto
1,0.0,0,0.0,1,4,1,1,1,0,1,0,1,1,1,0,0,medio_alto
2,10000.0,15,1.0,2,5,1,0,0,0,1,1,0,0,0,1,0,medio_baixo
11,75000.0,129,0.937984496124031,1,2,1,0,0,0,1,0,1,0,0,0,0,medio_alto
2,0.0,0,0.0,0,0,1,0,0,0,0,0,0,0,0,0,0,gratuito
7,10000.0,40,0.475,1,2,1,0,0,0,0,1,1,0,0,0,0,medio_baixo
1,10000.0,0,0.0,10,3,1,0,0,0,1,1,1,0,0,0,0,alto
5,10000.0,44,0.7954545454545454,9,3,1,0,0,2,1,0,1,1,0,0,0,medio_baixo
1,10000.0,0,0.0,1,2,1,0,0,1,1,0,1,0,0,0,0,medio_alto
6,10000.0,80,0.9375,1,3,1,0,1,3,1,0,1,1,0,0,0,medio_alto
2,10000.0,1,1.0,1,2,1,0,0,0,1,0,0,0,0,0,1,alto
10,10000.0,21,0.5714285714285714,2,2,1,0,0,0,1,1,0,0,0,0,0,baixo
10,10000.0,56,0.6428571428571429,1,2,1,0,0,0,1,1,0,0,0,0,0,alto
6,10000.0,31,0.6774193548387096,9,2,1,0,0,0,1,0,1,0,0,0,0,alto
6,150000.0,811,0.9395807644882861,1,2,1,0,0,0,0,1,0,0,0,1,0,gratuito
5,75000.0,12,0.6666666666666666,1,2,1,1,1,0,0,1,0,0,1,0,0,medio_baixo
5,10000.0,93,0.6021505376344086,3,3,1,0,0,4,0,0,1,0,0,1,1,alto
2,10000.0,2,0.5,1,3,1,0,0,0,1,1,0,1,0,0,0,baixo
1,0.0,0,0.0,1,2,1,0,1,0,0,0,0,0,0,0,0,gratuito
6,10000.0,179,0.9162011173184358,5,3,1,1,1,1,1,0,1,1,0,0,0,medio_baixo
3,0.0,0,0.0,1,3,1,0,0,0,1,0,1,0,0,0,0,gratuito
6,10000.0,7,0.2857142857142857,1,3,1,0,0,0,0,0,0,0,0,0,0,alto
3,10000.0,6,0.3333333333333333,16,3,1,0,0,0,0,0,1,1,0,0,1,alto
3,0.0,0,0.0,0,0,1,0,0,0,0,0,0,0,0,0,0,gratuito
3,10000.0,12,1.0,3,2,1,0,0,0,1,0,0,0,0,1,0,alto
7,150000.0,1028,0.9494163424124513,12,4,1,0,0,176,1,0,0,1,0,1,0,gratuito
2,0.0,0,0.0,10,7,1,0,0,0,1,1,1,1,0,1,1,gratuito
3,10000.0,1,1.0,1,2,1,0,0,0,1,0,0,0,1,0,0,baixo
1,10000.0,0,0.0,1,1,1,1,1,0,0,0,1,0,0,0,0,baixo
3,0.0,0,0.0,0,0,1,0,0,0,0,0,0,0,0,0,0,gratuito
2,0.0,0,0.0,1,4,1,0,0,0,0,0,1,1,0,0,1,gratuito
4,10000.0,22,0.5454545454545454,2,3,1,0,0,0,1,0,0,1,0,0,1,alto
4,10000.0,5,0.8,1,2,1,0,0,0,0,0,1,1,0,0,0,medio_alto
2,0.0,0,0.0,5,3,1,0,0,0,1,0,0,0,0,0,0,gratuito
6,10000.0,208,0.9134615384615384,1,4,1,0,1,0,1,0,1,0,1,0,1,alto
4,10000.0,0,0.0,1,1,1,0,0,1,0,0,0,1,0,0,0,gratuito
6,1500000.0,33247,0.7878906367491804,8,4,1,0,0,1,1,0,1,0,0,1,1,medio_alto
12,35000.0,235,0.451063829787234,1,5,1,0,0,0,1,1,1,0,0,1,0,alto
2,0.0,0,0.0,1,3,1,0,0,0,1,0,0,1,0,0,0,gratuito
4,10000.0,2,0.5,3,5,1,0,0,0,1,0,0,1,0,1,1,alto
10,75000.0,367,0.8201634877384196,27,3,1,1,0,0,1,0,1,1,0,0,0,medio_alto
4,10000.0,3,1.0,1,4,1,0,0,0,1,1,0,1,0,0,0,baixo
1,10000.0,0,0.0,1,2,1,1,0,0,1,0,0,1,0,0,0,medio_baixo
1,0.0,0,0.0,0,0,1,0,0,0,0,0,0,0,0,0,0,gratuito
2,35000.0,12,0.75,1,2,1,0,0,0,0,1,1,0,0,0,0,medio_baixo
5,15000000.0,177041,0.6966352426838981,18,2,1,0,0,1,0,1,0,0,0,0,0,gratuito
4,10000.0,132,0.8257575757575758,15,4,1,0,0,0,1,1,1,1,0,0,0,medio_baixo
7,10000.0,131,0.9007633587786259,1,3,1,1,0,1,1,0,1,0,0,0,1,medio_alto
2,10000.0,7,1.0,1,2,1,0,0,0,1,1,0,0,0,0,0,medio_baixo
1,10000.0,0,0.0,5,2,1,0,0,1,0,1,1,0,0,0,0,alto
4,10000.0,45,0.9777777777777777,1,4,1,0,0,0,0,0,0,1,0,1,1,alto
3,10000.0,35,0.8,6,3,1,1,1,0,1,0,0,1,1,0,0,medio_baixo
4,350000.0,29,0.6896551724137931,2,3,1,0,0,0,1,0,1,0,0,0,1,medio_baixo
1,10000.0,0,0.0,2,2,1,1,0,0,1,0,1,0,0,0,0,alto
3,0.0,0,0.0,1,4,1,1,0,0,1,0,1,1,0,0,0,gratuito
1,0.0,0,0.0,0,0,1,0,0,0,0,0,0,0,0,0,0,gratuito
12,75000.0,215,0.8930232558139535,1,1,1,1,0,0,0,1,0,0,0,0,0,baixo
4,10000.0,13,0.6923076923076923,1,2,1,0,0,0,1,0,0,1,0,0,0,gratuito
1,0.0,0,0.0,1,2,1,0,0,0,0,0,0,0,0,0,0,gratuito
3,0.0,0,0.0,1,3,1,0,0,0,1,1,0,0,0,0,0,gratuito
1,10000.0,1,1.0,2,1,1,0,0,0,1,0,0,0,0,0,0,baixo
2,0.0,0,0.0,0,0,1,0,0,0,0,0,0,0,0,0,0,gratuito
1,10000.0,0,0.0,1,3,1,1,1,0,1,0,0,0,1,0,0,medio_alto
3,10000.0,0,0.0,1,3,1,0,0,0,1,1,0,1,0,0,0,medio_baixo
2,10000.0,1,1.0,1,1,1,0,0,0,0,0,0,0,1,0,0,alto
11,35000.0,302,0.9668874172185431,1,1,1,1,1,1,1,0,0,0,0,0,0,alto
6,35000.0,7,0.7142857142857143,1,1,1,0,0,0,0,0,0,0,0,1,0,medio_baixo
7,75000.0,347,0.622478386167147,11,2,1,0,0,0,0,0,0,0,0,0,0,medio_alto
1,10000.0,12,1.0,1,5,1,0,0,0,1,1,0,1,0,0,0,medio_baixo
6,10000.0,2,1.0,6,2,1,0,0,0,1,1,0,0,0,0,0,medio_alto
5,10000.0,19,1.0,3,2,1,1,0,0,1,0,0,0,0,0,0,gratuito
1,0.0,0,0.0,0,0,1,0,0,0,0,0,0,0,0,0,0,gratuito
5,10000.0,52,0.5769230769230769,1,4,1,0,0,0,0,1,1,1,0,0,0,baixo
4,75000.0,2,1.0,1,5,1,0,0,0,1,0,1,0,1,1,0,gratuito
1,0.0,0,0.0,1,4,1,1,0,0,1,1,0,1,0,0,0,gratuito
2,0.0,0,0.0,0,0,1,0,0,0,0,0,0,0,0,0,0,gratuito
1,10000.0,0,0.0,1,4,1,0,0,0,1,0,1,1,1,0,0,medio_alto
2,10000.0,0,0.0,1,1,1,0,0,0,0,0,0,0,0,0,1,medio_alto
6,10000.0,10,1.0,1,2,1,0,0,0,1,0,0,0,0,0,1,medio_alto
1,10000.0,0,0.0,7,2,1,0,0,0,1,0,0,0,0,1,0,alto
2,10000.0,5,0.4,3,2,1,0,0,0,1,0,0,1,0,0,0,alto
1,0.0,0,0.0,2,2,1,0,0,0,1,0,0,1,0,0,0,alto
1,0.0,0,0.0,0,0,1,0,0,0,0,0,0,0,0,0,0,gratuito
2,0.0,0,0.0,11,3,1,0,0,1,1,1,0,0,0,0,0,gratuito
3,0.0,0,0.0,1,2,1,0,0,0,1,0,0,0,0,0,0,gratuito
3,10000.0,2,0.5,1,2,1,1,0,0,1,0,0,1,0,0,0,medio_baixo
2,10000.0,49,0.8367346938775511,10,2,1,0,0,0,0,0,1,1,0,0,0,baixo
1,10000.0,6,0.8333333333333334,9,2,1,0,0,0,0,0,0,0,0,0,1,medio_baixo
6,10000.0,19,0.7894736842105263,7,3,1,0,0,0,1,1,1,0,0,0,0,alto
1,10000.0,0,0.0,11,2,1,0,0,0,1,0,0,1,0,0,0,medio_baixo
2,35000.0,31,0.967741935483871,9,4,1,0,0,0,1,0,1,1,0,0,0,medio_alto
6,10000.0,16,0.6875,1,3,1,0,0,0,1,1,1,0,0,0,0,medio_baixo
7,10000.0,2,0.5,1,2,1,0,0,0,1,0,1,0,0,0,0,medio_alto
2,10000.0,0,0.0,2,4,1,1,0,1,1,0,1,0,0,0,1,gratuito
2,750000.0,10547,0.8050630511045795,27,3,1,0,0,1,1,1,1,0,0,0,0,medio_baixo
2,10000.0,9,0.6666666666666666,6,4,1,0,1,1,1,0,0,1,0,0,1,alto
3,35000.0,6,0.6666666666666666,1,2,1,0,0,0,0,1,0,0,0,0,1,medio_alto
1,10000.0,0,0.0,9,4,1,0,0,0,1,1,1,0,1,0,0,alto
3,10000.0,0,0.0,1,1,1,0,0,0,0,1,0,0,0,0,0,medio_alto
5,10000.0,84,0.9404761904761905,10,3,1,0,0,0,1,1,1,0,0,0,0,medio_baixo
2,0.0,0,0.0,1,3,1,0,0,0,1,0,1,0,0,0,0,gratuito
3,35000.0,147,0.7755102040816326,2,2,1,0,0,0,1,0,1,0,0,0,0,medio_alto
2,0.0,0,0.0,0,0,1,0,0,0,0,0,0,0,0,0,0,gratuito
4,10000.0,22,0.13636363636363635,1,4,1,0,0,0,1,0,1,0,0,1,0,medio_alto
8,10000.0,4,0.25,1,6,1,0,0,0,1,1,1,1,0,1,1,medio_baixo
2,0.0,0,0.0,0,0,1,0,0,0,0,0,0,0,0,0,0,gratuito
7,35000.0,60,0.8333333333333334,1,2,1,0,0,0,1,0,1,0,0,0,0,medio_alto
2,0.0,0,0.0,1,3,1,0,0,0,1,1,1,0,0,0,0,gratuito
4,35000.0,27,0.9259259259259259,1,1,1,0,0,1,0,1,0,0,0,0,0,medio_alto
2,10000.0,0,0.0,2,1,1,0,0,0,0,0,1,0,0,0,0,medio_alto
1,0.0,0,0.0,0,0,1,0,0,0,0,0,0,0,0,0,0,gratuito
1,0.0,0,0.0,103,2,1,0,0,0,1,0,0,1,0,0,0,baixo
1,10000.0,0,0.0,7,5,1,0,0,0,1,1,1,0,0,0,1,alto
2,0.0,0,0.0,0,0,1,0,0,0,0,0,0,0,0,0,0,gratuito
1,10000.0,0,0.0,1,1,1,0,0,0,0,1,0,0,0,0,0,medio_alto
2,10000.0,11,0.6363636363636364,3,4,1,0,0,0,1,0,0,0,1,1,0,gratuito
6,10000.0,16,0.375,2,4,1,0,0,0,1,1,1,1,0,0,0,baixo
8,10000.0,9,1.0,1,1,1,0,0,0,1,0,0,0,0,0,0,medio_baixo
5,10000.0,30,0.36666666666666664,28,6,1,1,1,0,1,1,1,1,0,1,1,alto
9,75000.0,11,0.8181818181818182,1,3,1,0,0,0,1,1,1,0,0,0,0,baixo
3,0.0,0,0.0,0,0,1,0,0,0,0,0,0,0,0,0,0,gratuito
1,10000.0,0,0.0,1,3,1,0,0,0,1,0,0,1,0,1,0,medio_baixo
4,10000.0,663,0.8883861236802413,3,2,1,0,0,5,0,0,1,1,0,0,0,alto
7,35000.0,1159,0.8723037100949094,9,4,1,0,0,2,1,1,1,0,1,0,0,medio_alto
1,10000.0,21,0.9523809523809523,15,5,1,1,1,0,1,1,1,0,0,1,1,medio_baixo
4,150000.0,118,0.6440677966101694,1,4,1,0,0,0,1,0,1,1,1,0,0,medio_alto
10,75000.0,78,0.6153846153846154,1,6,1,0,0,0,1,0,1,1,0,0,1,gratuito
15,150000.0,456,0.6907894736842105,5,2,1,0,0,0,0,1,0,0,0,0,1,medio_alto
5,75000.0,18,0.8333333333333334,3,3,1,0,0,0,1,1,0,0,0,0,0,medio_baixo
2,10000.0,5,1.0,1,5,1,0,0,0,1,1,1,1,0,0,0,gratuito
2,10000.0,10,0.4,1,1,1,0,0,0,0,0,0,0,0,1,0,alto
5,10000.0,49,0.4897959183673469,1,4,1,0,0,0,1,1,0,0,1,0,0,gratuito
3,10000.0,4,1.0,27,2,1,1,1,0,1,0,0,0,0,1,0,medio_alto
2,10000.0,0,0.0,2,8,1,0,0,0,1,1,1,1,1,0,1,alto
7,10000.0,0,0.0,1,1,1,0,0,0,0,0,0,1,0,0,0,medio_baixo
2,10000.0,19,1.0,1,3,1,1,1,0,1,1,1,0,0,0,0,medio_alto
1,0.0,0,0.0,1,4,1,1,0,0,1,1,0,1,0,0,0,gratuito
1,10000.0,206,0.9660194174757282,5,3,1,0,1,0,1,0,1,1,0,0,0,medio_alto
13,75000.0,617,0.6871961102106969,1,3,1,1,1,0,1,0,0,1,0,1,0,alto
3,35000.0,138,0.927536231884058,2,2,1,0,0,1,1,0,1,0,0,0,0,baixo
3,10000.0,1,1.0,2,3,1,0,0,0,0,1,1,0,1,0,0,baixo
3,10000.0,54,0.7777777777777778,3,4,1,0,0,1,1,0,1,0,1,1,0,medio_baixo
8,10000.0,57,0.5263157894736842,1,4,1,0,0,0,1,1,0,0,0,0,0,baixo
10,10000.0,17,0.8235294117647058,1,1,1,0,0,0,0,0,0,0,1,0,0,medio_baixo
8,10000.0,1224,0.8382352941176471,11,4,1,1,1,1,1,0,1,1,0,0,0,gratuito
3,10000.0,19,0.5789473684210527,10,4,1,0,0,0,1,1,0,1,1,0,0,baixo
9,35000.0,71,0.5070422535211268,1,2,1,0,0,0,0,0,0,0,0,0,1,gratuito
1,0.0,0,0.0,0,0,1,0,0,0,0,0,0,0,0,0,0,gratuito
3,10000.0,16,0.9375,3,3,1,0,0,0,1,0,0,1,0,1,0,baixo
4,10000.0,0,0.0,2,3,1,0,0,0,1,0,1,1,0,0,0,alto
3,10000.0,3,0.3333333333333333,1,5,1,0,0,0,1,1,1,1,0,1,0,medio_baixo
2,35000.0,4,1.0,2,1,1,0,1,1,0,0,1,0,0,0,0,baixo
2,35000.0,19,1.0,1,3,1,1,1,0,1,0,1,0,0,0,1,medio_alto
1,10000.0,0,0.0,6,4,1,0,0,0,1,0,0,0,0,1,1,alto
3,10000.0,9,0.6666666666666666,1,1,1,0,0,0,1,0,0,0,0,0,0,medio_alto
4,35000.0,107,0.9906542056074766,1,3,1,1,0,0,1,0,1,1,0,0,0,medio_baixo
6,75000.0,29,0.7931034482758621,1,5,1,0,0,1,1,0,1,0,1,1,1,baixo
1,10000.0,0,0.0,1,2,1,0,0,0,1,0,0,0,0,0,1,medio_alto
3,10000.0,2,0.5,1,3,1,0,0,0,1,1,0,0,1,0,0,medio_baixo
2,10000.0,0,0.0,1,1,1,0,0,0,1,0,0,0,0,0,0,medio_baixo
1,0.0,0,0.0,0,0,1,0,0,0,0,0,0,0,0,0,0,gratuito
4,0.0,0,0.0,0,0,1,0,0,0,0,0,0,0,0,0,0,gratuito
7,35000.0,2,0.0,1,2,1,1,1,0,0,0,1,0,0,1,0,baixo
8,10000.0,9,0.1111111111111111,1,2,1,0,0,0,0,1,1,0,0,0,0,alto
4,10000.0,94,0.9468085106382979,3,2,1,0,0,2,0,0,1,1,0,0,0,alto
4,10000.0,3,0.6666666666666666,1,3,1,0,0,0,0,1,1,0,0,0,1,medio_baixo
2,10000.0,215,0.8418604651162791,3,2,1,0,0,0,0,0,1,1,0,0,0,alto
1,0.0,0,0.0,2,2,1,0,0,0,1,0,0,0,0,0,1,medio_baixo
1,10000.0,0,0.0,12,2,1,0,0,0,1,0,0,0,0,0,1,medio_baixo
2,0.0,0,0.0,1,2,1,0,0,0,1,0,0,0,0,0,0,gratuito
5,10000.0,3,1.0,1,1,1,0,0,0,0,1,0,0,0,0,0,gratuito
5,10000.0,4,1.0,1,1,1,1,1,0,0,0,1,0,0,0,0,medio_baixo
5,10000.0,1,1.0,1,3,1,1,1,0,1,0,0,0,1,1,0,alto
3,10000.0,0,0.0,2,3,1,0,0,1,0,0,1,0,1,0,0,gratuito
3,10000.0,0,0.0,1,1,1,0,0,0,0,0,0,0,1,0,0,medio_alto
5,10000.0,18,0.6666666666666666,1,4,1,0,0,0,1,0,1,1,0,0,1,baixo
7,10000.0,14,0.7857142857142857,1,3,1,0,0,0,1,1,1,0,0,0,0,medio_baixo
3,0.0,0,0.0,103,5,1,0,0,0,1,0,1,1,0,1,1,baixo
4,10000.0,14,0.7857142857142857,2,4,1,0,0,0,1,0,1,1,0,0,1,baixo
2,10000.0,0,0.0,1,1,1,0,0,0,0,0,0,1,0,0,0,baixo
3,10000.0,1,0.0,1,1,1,0,0,0,0,0,0,0,1,0,0,medio_alto
8,10000.0,3,0.6666666666666666,1,4,1,0,0,0,0,1,1,0,0,0,1,alto
1,0.0,0,0.0,3,1,1,0,0,0,0,0,0,0,0,1,0,medio_alto
1,10000.0,5,1.0,10,1,1,0,0,0,0,1,0,0,0,0,0,medio_baixo
2,10000.0,1,1.0,1,1,1,0,1,0,0,1,0,0,0,0,0,medio_alto
4,10000.0,0,0.0,1,3,1,0,0,0,0,1,1,0,1,0,0,alto
8,10000.0,2,0.5,1,3,1,0,0,0,1,1,0,1,0,0,0,medio_baixo
10,10000.0,17,0.11764705882352941,8,1,1,0,0,0,0,0,0,1,0,0,0,medio_alto
3,150000.0,2060,0.7883495145631068,2,3,1,0,0,0,1,1,0,0,0,0,0,medio_baixo
6,35000.0,13,0.8461538461538461,1,1,1,0,0,0,0,1,0,0,0,0,0,gratuito
9,75000.0,144,0.5763888888888888,1,1,1,0,0,0,0,0,0,0,0,0,0,gratuito
1,10000.0,0,0.0,2,4,1,0,0,0,1,1,1,0,0,0,0,gratuito
2,0.0,0,0.0,0,0,1,0,0,0,0,0,0,0,0,0,0,gratuito
6,35000.0,322,0.6304347826086957,13,2,1,0,0,2,1,0,0,0,0,1,0,medio_baixo
3,10000.0,4,0.5,1,1,1,0,0,2,0,0,0,0,0,0,1,medio_baixo
1,0.0,0,0.0,0,0,1,0,0,0,0,0,0,0,0,0,0,gratuito
2,35000.0,4,0.75,1,2,1,0,0,0,1,1,0,0,0,0,0,baixo
1,0.0,0,0.0,0,0,1,0,0,0,0,0,0,0,0,0,0,gratuito
7,10000.0,4,0.25,2,3,1,0,0,0,0,1,1,0,0,0,1,alto
9,35000.0,562,0.905693950177936,1,3,1,1,1,1,1,0,1,1,0,0,0,alto
7,10000.0,115,0.7565217391304347,1,3,1,0,0,0,1,0,1,1,0,0,0,baixo
2,10000.0,4,1.0,1,3,1,0,0,0,1,0,1,1,0,0,0,medio_baixo
1,10000.0,0,0.0,30,5,1,0,0,3,1,0,1,1,0,1,1,medio_alto
1,0.0,0,0.0,0,0,1,0,0,0,0,0,0,0,0,0,0,gratuito
6,10000.0,30,0.5333333333333333,1,3,1,1,0,0,1,0,1,0,0,1,0,baixo
3,10000.0,11,0.9090909090909091,6,3,1,0,0,0,1,0,0,1,0,1,0,medio_alto
3,10000.0,8,0.875,1,3,1,0,0,0,1,1,1,0,0,0,0,baixo
4,10000.0,3,1.0,2,3,1,0,0,0,1,1,0,1,0,0,0,medio_alto
8,10000.0,6,0.8333333333333334,6,5,1,1,0,0,1,1,0,1,0,0,0,medio_alto
5,10000.0,5,0.8,1,1,1,0,0,0,1,0,0,0,0,0,0,gratuito
1,10000.0,0,0.0,7,3,1,0,0,0,1,0,0,1,0,1,0,alto
6,35000.0,1,1.0,1,2,1,1,0,0,1,1,0,0,0,0,0,medio_baixo
1,10000.0,0,0.0,3,3,1,0,0,0,1,0,0,1,0,0,1,baixo
5,10000.0,20,0.2,1,4,1,0,0,0,1,1,1,0,0,0,1,baixo
1,0.0,0,0.0,1,4,1,0,0,0,0,1,1,0,1,0,0,gratuito
7,10000.0,20,0.45,4,3,1,1,0,2,0,0,0,1,0,0,1,baixo
5,75000.0,695,0.9913669064748202,2,6,1,0,0,0,1,0,1,1,1,0,1,gratuito
1,0.0,0,0.0,16,2,1,0,1,1,0,1,0,0,0,0,0,gratuito
4,10000.0,0,0.0,1,3,1,0,0,0,1,1,1,0,0,0,0,alto
1,10000.0,6,0.16666666666666666,4,2,1,0,0,0,1,0,0,0,0,0,1,medio_alto
8,10000.0,18,0.7777777777777778,1,4,1,0,1,1,1,1,0,1,0,1,0,baixo
5,0.0,0,0.0,0,0,1,0,0,0,0,0,0,0,0,0,0,gratuito
8,10000.0,25,0.6,1,3,1,0,0,1,1,0,0,1,0,0,0,baixo
5,35000.0,523,0.9445506692160612,1,3,1,0,0,1,1,0,0,1,0,0,1,alto
4,10000.0,4,1.0,1,2,1,0,0,0,1,0,0,1,0,0,0,medio_baixo
7,10000.0,28,0.9285714285714286,1,1,1,0,0,0,0,1,0,0,0,0,0,baixo
1,10000.0,0,0.0,1,2,0,1,1,0,1,0,0,1,0,0,0,medio_alto
5,10000.0,76,0.7105263157894737,3,3,1,0,0,0,1,1,0,0,0,0,0,medio_alto
1,0.0,0,0.0,76,2,1,0,0,1,1,0,0,1,0,0,0,medio_alto
4,0.0,0,0.0,1,3,1,0,0,0,0,0,0,1,0,1,0,gratuito
9,10000.0,15,1.0,1,5,1,0,0,0,1,1,0,0,0,0,1,medio_alto
2,10000.0,4,1.0,1,2,1,1,1,0,1,1,0,0,0,0,0,alto
1,150000.0,20,1.0,21,2,1,0,0,0,1,0,0,1,0,0,0,medio_alto
1,10000.0,23,1.0,2,3,1,0,0,0,1,1,1,0,0,0,0,medio_baixo
1,10000.0,0,0.0,1,4,1,0,0,0,1,1,0,1,0,0,0,baixo
2,10000.0,18,0.5555555555555556,1,4,1,0,0,0,1,1,1,0,0,1,0,medio_baixo
11,35000.0,205,0.8048780487804879,1,6,1,0,0,12,1,1,1,0,1,1,1,medio_baixo
2,10000.0,37,0.972972972972973,8,3,1,0,0,0,1,0,0,1,0,1,0,baixo
8,150000.0,325,0.7507692307692307,2,5,1,0,1,0,0,0,0,0,0,0,0,alto
4,10000.0,4,1.0,1,4,1,0,0,0,1,0,1,0,1,1,0,medio_baixo
5,0.0,0,0.0,0,0,1,0,0,0,0,0,0,0,0,0,0,gratuito
8,10000.0,212,0.7216981132075472,2,3,1,0,0,0,1,0,0,1,0,0,1,baixo
2,350000.0,30,1.0,12,3,1,0,0,1,1,1,1,0,0,0,0,alto
3,10000.0,1,1.0,1,2,1,0,0,0,1,0,1,0,0,0,0,medio_alto
3,10000.0,94,0.925531914893617,16,2,1,0,0,5,0,1,1,0,0,0,0,alto
2,10000.0,1,1.0,1,2,1,0,0,0,0,0,0,1,0,1,0,medio_baixo
5,10000.0,85,0.9647058823529412,1,4,1,0,0,0,1,1,1,0,1,0,0,alto
1,0.0,0,0.0,0,0,1,0,0,0,0,0,0,0,0,0,0,gratuito
2,10000.0,2,0.0,23,2,1,0,0,0,0,0,0,0,0,0,1,baixo
17,3500000.0,50661,0.953534276859912,1,0,1,0,0,0,0,0,0,0,0,0,0,medio_alto
15,75000.0,288,0.78125,7,5,1,1,0,1,1,1,0,1,0,1,1,medio_alto
3,0.0,0,0.0,2,1,1,0,0,1,0,0,0,0,0,1,0,gratuito
2,10000.0,0,0.0,1,1,1,0,0,0,0,0,0,1,0,0,0,medio_baixo
6,10000.0,9,0.4444444444444444,3,4,1,1,0,0,1,0,1,1,0,1,0,alto
2,10000.0,2,0.5,19,3,1,0,0,0,1,0,1,1,0,0,0,medio_alto
2,0.0,0,0.0,1,2,1,1,0,0,1,0,0,0,1,0,0,gratuito
10,35000.0,8,0.5,3,1,1,1,0,0,0,0,0,0,0,1,0,medio_alto
7,10000.0,23,0.391304347826087,4,4,1,0,0,0,1,0,1,1,1,0,0,baixo
2,10000.0,1,1.0,4,1,1,0,0,0,0,0,1,0,0,0,0,baixo
5,10000.0,1,1.0,1,2,1,0,0,0,0,1,1,0,0,0,0,medio_baixo
4,0.0,0,0.0,1,2,1,1,0,0,0,0,1,0,0,0,0,gratuito
1,0.0,0,0.0,1,1,1,0,1,0,0,1,0,0,0,0,0,medio_baixo
2,0.0,0,0.0,0,0,1,0,0,0,0,0,0,0,0,0,0,gratuito
5,35000.0,7,1.0,3,3,1,0,0,0,1,1,1,0,0,0,0,medio_alto
7,10000.0,227,0.2026431718061674,1,4,1,0,0,0,1,1,1,0,0,0,0,medio_alto
8,10000.0,69,0.6956521739130435,1,4,1,0,0,1,1,0,1,1,0,0,1,baixo
2,0.0,0,0.0,16,3,1,0,0,0,1,0,0,0,0,1,1,gratuito
1,35000.0,3,1.0,1,2,1,0,0,0,1,0,1,0,0,0,0,medio_alto
8,350000.0,3422,0.9172998246639392,4,2,1,0,0,2,0,1,1,0,0,0,0,alto
3,10000.0,1,1.0,1,2,1,0,0,0,1,0,1,0,0,0,0,medio_baixo
10,10000.0,64,0.515625,3,4,1,0,0,0,0,0,0,1,0,0,1,baixo
10,75000.0,244,0.7377049180327869,5,1,1,0,0,0,0,1,0,0,0,0,0,baixo
2,10000.0,5,0.6,2,2,1,0,0,0,1,0,1,0,0,0,0,medio_baixo
6,10000.0,30,0.9,1,5,1,0,1,0,1,0,1,1,0,1,0,gratuito
10,35000.0,70,0.4,1,3,1,0,0,0,1,0,1,1,0,0,0,medio_baixo
2,0.0,0,0.0,1,4,1,0,1,0,1,0,0,1,0,1,0,gratuito
8,10000.0,1,1.0,1,2,1,0,0,0,1,1,0,0,0,0,0,medio_baixo
9,10000.0,138,0.9202898550724637,3,2,1,0,0,1,1,0,1,0,0,0,0,baixo
5,10000.0,58,0.9655172413793104,2,3,1,0,0,0,1,0,1,1,0,0,0,medio_baixo
5,35000.0,13,1.0,1,2,1,0,1,0,0,0,1,0,1,0,0,baixo
9,10000.0,49,0.8367346938775511,1,5,1,0,0,0,1,1,1,1,0,0,1,alto
3,0.0,0,0.0,1,3,1,0,0,0,1,1,0,0,0,0,0,gratuito
3,10000.0,18,0.8888888888888888,1,4,1,0,1,0,1,0,1,0,1,0,1,medio_alto
3,10000.0,0,0.0,29,3,1,1,0,0,0,0,0,0,0,1,1,gratuito
10,150000.0,519,0.4682080924855491,1,2,1,0,0,0,1,1,0,0,0,0,0,medio_alto
8,10000.0,6,0.16666666666666666,1,1,1,0,0,0,0,0,0,0,0,0,0,medio_alto
5,0.0,0,0.0,0,0,1,0,0,0,0,0,0,0,0,0,0,gratuito
2,10000.0,0,0.0,1,2,1,0,0,0,0,1,1,0,0,0,0,medio_alto
2,10000.0,0,0.0,1,2,1,1,1,0,0,0,0,1,0,0,1,alto
6,10000.0,38,0.8947368421052632,1,2,1,0,0,0,1,0,0,0,0,1,0,alto
5,10000.0,0,0.0,1,4,1,0,1,0,1,0,1,1,0,0,1,medio_baixo
17,75000.0,214,0.616822429906542,6,1,1,0,0,0,0,0,0,1,0,0,0,medio_baixo
3,10000.0,22,1.0,1,2,1,0,0,1,1,1,0,0,0,0,0,medio_alto
2,10000.0,481,0.9334719334719335,1,5,1,0,0,0,1,1,1,0,1,0,0,alto
1,10000.0,0,0.0,10,1,1,0,0,0,0,0,0,1,0,0,0,medio_baixo
2,10000.0,5,1.0,1,3,1,0,0,0,1,1,0,1,0,0,0,medio_alto
7,10000.0,4,1.0,1,2,1,0,0,0,1,0,0,1,0,0,0,baixo
4,0.0,0,0.0,0,0,1,0,0,0,0,0,0,0,0,0,0,gratuito
2,10000.0,20,0.75,1,2,1,0,0,1,0,0,0,0,1,1,0,medio_baixo
2,35000.0,2,0.5,3,7,1,0,0,0,1,1,1,1,1,1,1,alto
2,0.0,0,0.0,103,3,1,0,0,0,1,0,0,1,0,0,0,gratuito
2,10000.0,0,0.0,1,3,1,0,0,0,1,0,0,1,0,0,1,medio_baixo
2,10000.0,14,1.0,1,3,1,0,0,0,1,1,0,1,0,0,0,alto
9,10000.0,1,0.0,1,2,1,0,0,0,1,1,0,0,0,0,0,medio_baixo
9,350000.0,6231,0.7443428021184401,6,3,1,0,0,3,0,1,0,0,0,1,1,medio_alto
2,35000.0,664,0.8057228915662651,8,2,1,0,0,39,0,1,0,0,1,0,0,alto
6,10000.0,1,1.0,1,2,1,0,0,0,0,0,0,1,0,1,0,baixo
12,10000.0,123,0.943089430894309,2,1,1,0,0,0,0,0,1,0,0,0,0,alto
6,35000.0,180,0.9166666666666666,1,5,1,0,0,0,1,0,0,1,0,1,1,gratuito
7,10000.0,13,0.23076923076923078,2,1,1,1,0,0,1,0,0,0,0,0,0,alto
1,10000.0,0,0.0,3,6,1,1,1,0,1,1,1,1,1,0,0,alto
5,10000.0,12,0.5833333333333334,1,3,1,0,0,0,1,0,0,1,0,0,0,gratuito
1,0.0,0,0.0,1,2,1,1,0,0,0,0,0,1,0,0,0,gratuito
8,10000.0,954,0.9287211740041929,4,3,1,1,1,4,1,0,1,1,0,0,0,alto
2,75000.0,1184,0.9307432432432432,14,4,1,1,1,0,1,0,0,1,0,1,1,medio_alto
1,75000.0,8,0.125,1,3,1,0,0,0,1,0,1,0,0,0,1,medio_baixo
4,10000.0,2,1.0,1,3,1,0,0,0,1,0,1,0,0,1,0,medio_alto
4,35000.0,108,0.9907407407407407,1,2,1,0,0,0,1,1,0,0,0,0,0,baixo
6,10000.0,5,0.8,1,3,1,0,0,0,1,1,0,0,1,0,0,medio_alto
11,35000.0,539,0.8905380333951762,1,2,1,0,0,1,1,0,1,0,0,0,0,baixo
7,10000.0,295,0.8372881355932204,17,2,1,0,0,0,1,0,0,0,0,0,1,alto
3,35000.0,1,1.0,2,4,1,0,0,0,1,1,0,1,1,0,0,medio_baixo
7,10000.0,89,0.7415730337078652,1,6,1,1,0,0,1,1,1,0,0,0,1,alto
1,0.0,0,0.0,2,7,1,0,0,0,1,1,1,1,1,0,0,gratuito
2,10000.0,0,0.0,1,3,1,0,0,0,1,0,0,1,0,0,1,alto
8,35000.0,436,0.7178899082568807,1,2,1,1,0,1,1,1,0,0,0,0,0,medio_baixo
3,10000.0,22,0.36363636363636365,2,2,1,0,1,0,1,0,0,0,0,0,1,baixo
9,10000.0,70,0.8571428571428571,11,2,1,1,0,0,1,0,0,1,0,0,0,medio_alto
2,10000.0,0,0.0,1,3,1,0,0,0,1,1,1,0,0,0,0,alto
1,0.0,0,0.0,0,0,1,0,0,0,0,0,0,0,0,0,0,gratuito
2,10000.0,2,1.0,10,5,1,0,0,0,1,0,1,1,0,1,1,alto
2,10000.0,0,0.0,1,3,1,0,0,0,1,0,1,1,0,0,0,medio_baixo
2,10000.0,0,0.0,13,5,1,0,0,0,1,0,0,1,0,1,1,gratuito
1,10000.0,7,1.0,1,3,1,0,0,0,1,1,1,0,0,0,0,baixo
4,10000.0,0,0.0,1,1,1,0,0,0,1,0,0,0,0,0,0,baixo
4,35000.0,139,0.6618705035971223,1,4,1,1,1,0,1,0,1,1,1,0,0,medio_alto
5,0.0,0,0.0,3,2,1,0,1,0,1,1,0,0,0,0,0,gratuito
7,10000.0,157,0.8280254777070064,12,5,1,0,0,0,1,1,0,1,0,0,1,baixo
1,10000.0,0,0.0,1,3,1,0,1,0,1,0,0,1,0,0,1,alto
4,10000.0,21,0.6666666666666666,2,3,1,0,0,0,1,0,0,1,0,0,1,medio_baixo
2,0.0,0,0.0,0,0,1,0,0,0,0,0,0,0,0,0,0,gratuito
2,10000.0,1,0.0,1,3,1,0,1,0,1,0,0,0,0,1,1,medio_alto
5,10000.0,30,0.6666666666666666,3,2,1,0,0,0,0,0,1,1,0,0,0,medio_baixo
6,75000.0,436,0.6743119266055045,12,3,1,0,0,0,1,1,1,0,0,0,0,medio_baixo
1,10000.0,4,1.0,7,2,1,0,0,0,0,0,0,1,0,0,1,medio_baixo
8,10000.0,1,1.0,2,4,1,0,0,0,0,1,0,1,1,0,0,medio_alto
2,35000.0,687,0.868995633187773,10,3,1,0,0,1,0,0,0,0,0,1,1,alto
2,75000.0,896,0.8348214285714286,9,4,1,0,0,1,1,0,0,0,0,1,1,alto
14,150000.0,501,0.5528942115768463,1,2,1,0,0,1,0,0,0,0,1,1,0,medio_baixo
1,10000.0,0,0.0,4,3,1,0,0,0,1,1,0,0,0,0,1,medio_baixo
3,0.0,0,0.0,0,0,1,0,0,0,0,0,0,0,0,0,0,gratuito
6,10000.0,1649,0.9151000606428138,1,4,1,0,0,0,1,1,0,1,0,0,1,gratuito
9,35000000.0,240355,0.7556447754363338,11,7,1,0,0,0,0,0,1,1,0,0,1,gratuito
3,10000.0,58,0.8793103448275862,6,4,1,0,0,0,1,0,0,1,1,1,0,medio_baixo
1,10000.0,6,1.0,8,1,1,0,0,0,0,1,0,0,0,0,0,medio_baixo
5,75000.0,491,0.4989816700610998,6,3,1,1,1,0,1,0,0,0,1,1,0,medio_baixo
8,150000.0,3179,0.8486945580371186,1,3,1,1,0,0,1,0,0,0,0,1,1,medio_alto
4,10000.0,0,0.0,4,3,1,0,0,1,1,0,0,1,0,0,1,alto
3,0.0,0,0.0,0,0,1,0,0,0,0,0,0,0,0,0,0,gratuito
10,10000.0,3,1.0,5,2,1,1,0,0,1,0,1,0,0,0,0,medio_alto
1,10000.0,0,0.0,27,3,1,0,0,0,1,1,0,1,0,0,0,medio_alto
4,0.0,0,0.0,35,5,1,0,1,0,1,1,0,1,0,0,1,gratuito
4,10000.0,0,0.0,29,4,1,0,0,0,0,1,1,1,0,0,1,baixo
2,10000.0,172,0.7965116279069767,3,3,1,0,0,0,1,1,0,1,0,0,0,alto
5,35000.0,569,0.8611599297012302,6,0,1,0,0,1,0,0,0,0,0,0,0,baixo
4,10000.0,20,1.0,1,3,1,0,0,0,1,1,1,0,0,0,0,baixo
3,10000.0,7,1.0,1,6,1,0,0,0,1,0,1,1,1,1,0,gratuito
3,10000.0,10,0.8,1,5,1,0,0,0,1,1,0,1,0,1,0,gratuito
4,10000.0,5,0.6,7,4,1,0,0,0,1,1,1,0,1,0,0,medio_baixo
4,10000.0,0,0.0,2,2,1,0,1,0,1,0,0,1,0,0,0,baixo
5,10000.0,0,0.0,9,2,1,0,1,0,1,0,0,1,0,0,0,baixo
6,10000.0,5,1.0,2,3,1,0,0,0,1,0,0,0,0,1,0,medio_alto
3,10000.0,369,0.6422764227642277,12,5,1,0,0,0,1,1,1,1,1,0,0,baixo
1,0.0,0,0.0,11,1,1,0,0,0,0,0,0,0,0,0,1,alto
11,75000.0,3719,0.9776821726270503,1,1,1,0,0,0,0,0,0,0,1,0,0,alto
1,0.0,0,0.0,0,0,1,0,0,0,0,0,0,0,0,0,0,gratuito
5,10000.0,20,0.9,1,3,1,0,0,1,1,1,0,1,0,0,0,baixo
1,10000.0,0,0.0,7,2,1,0,0,0,1,0,1,0,0,0,0,medio_baixo
1,10000.0,7,1.0,1,2,1,1,0,0,1,0,0,0,1,0,0,baixo
5,10000.0,1,1.0,1,3,1,0,0,0,1,1,0,1,0,0,0,baixo
3,10000.0,2,1.0,1,2,1,0,0,0,1,0,0,1,0,0,0,baixo
1,10000.0,0,0.0,1,1,1,0,0,0,0,0,1,0,0,0,0,medio_alto
5,10000.0,36,0.8333333333333334,3,2,1,0,0,0,1,0,1,0,0,0,0,baixo
1,0.0,0,0.0,0,0,1,0,0,0,0,0,0,0,0,0,0,gratuito
4,10000.0,2,1.0,1,1,1,0,0,0,1,0,0,0,0,0,0,medio_alto
4,10000.0,0,0.0,1,2,1,0,0,0,0,1,0,0,0,0,0,gratuito
3,10000.0,80,0.9625,2,4,1,0,0,0,0,0,1,1,1,1,0,alto
7,10000.0,6,1.0,1,3,1,0,1,0,1,0,0,1,0,1,0,medio_alto
1,10000.0,0,0.0,10,3,1,0,0,0,1,0,1,1,0,0,0,medio_baixo
5,75000.0,206,0.6553398058252428,2,1,1,0,0,0,0,0,0,0,0,0,1,medio_alto
1,10000.0,0,0.0,1,3,1,0,0,0,1,0,1,1,0,0,0,medio_alto
2,0.0,0,0.0,103,4,1,0,1,0,0,1,0,1,0,0,1,gratuito
4,10000.0,17,0.8823529411764706,1,1,1,0,0,0,0,0,1,0,0,0,0,alto
4,10000.0,12,0.5833333333333334,1,2,1,0,0,0,1,0,1,0,0,0,0,baixo
8,10000.0,35,0.8,1,2,1,0,0,8,1,0,0,0,0,0,0,gratuito
4,0.0,0,0.0,0,0,1,0,0,0,0,0,0,0,0,0,0,gratuito
8,10000.0,33,0.5151515151515151,1,3,1,0,0,0,1,0,1,1,0,0,0,baixo
6,10000.0,30,0.6666666666666666,2,3,1,0,0,2,1,0,0,0,1,0,0,alto
10,10000.0,86,0.6511627906976745,1,1,1,0,1,0,0,0,0,0,0,1,0,gratuito
9,35000.0,251,0.9362549800796812,1,1,1,0,0,1,1,0,0,0,0,0,0,medio_alto
10,10000.0,7,0.5714285714285714,1,2,1,1,1,0,1,0,0,0,0,1,0,alto
6,10000.0,30,0.9,1,2,1,1,1,0,1,0,0,0,0,0,0,alto
9,10000.0,33,0.7878787878787878,1,2,1,1,1,0,1,1,0,0,0,0,0,baixo
1,0.0,0,0.0,9,3,1,0,0,0,1,1,0,1,0,0,0,medio_alto
1,0.0,0,0.0,8,5,1,0,0,0,1,1,1,1,1,0,0,alto
5,35000.0,357,0.8179271708683473,4,4,1,0,0,0,1,0,0,1,0,1,1,baixo
2,10000.0,4,1.0,1,2,1,0,0,0,1,0,0,1,0,0,0,alto
2,10000.0,2,1.0,11,3,1,0,0,0,1,0,0,1,0,0,0,medio_baixo
3,0.0,0,0.0,0,0,1,0,0,0,0,0,0,0,0,0,0,gratuito
11,10000.0,102,0.7843137254901961,6,2,1,1,0,0,1,0,1,0,0,0,0,baixo
6,10000.0,0,0.0,1,3,1,1,1,0,1,0,1,0,1,0,0,alto
2,10000.0,0,0.0,1,1,1,1,0,0,0,1,0,0,0,0,0,baixo
2,10000.0,4,0.75,1,4,1,0,0,0,1,1,0,0,0,1,1,medio_baixo
5,10000.0,13,0.8461538461538461,1,1,1,1,0,0,1,0,0,0,0,0,0,medio_alto
6,10000.0,13,0.6923076923076923,23,3,1,0,0,0,1,1,1,0,0,0,0,baixo
2,0.0,0,0.0,47,7,1,0,0,0,1,0,0,1,1,1,1,gratuito
3,10000.0,18,0.6666666666666666,2,3,1,0,0,0,0,0,1,0,1,1,0,alto
7,10000.0,10,0.7,103,3,1,1,1,0,1,1,1,0,0,0,0,baixo
7,10000.0,22,0.9090909090909091,1,3,1,1,1,2,1,0,0,1,0,0,1,medio_alto
1,10000.0,0,0.0,1,2,1,0,0,3,0,0,0,0,0,1,0,gratuito
4,10000.0,23,0.8260869565217391,5,1,1,0,0,0,0,0,0,1,0,0,0,baixo
5,10000.0,0,0.0,1,2,1,0,0,0,1,0,0,0,0,1,0,medio_alto
2,10000.0,2,1.0,13,2,1,1,0,0,1,0,0,1,0,0,0,baixo
4,10000.0,19,0.8421052631578947,1,3,1,0,0,2,1,0,1,0,1,0,0,medio_alto
10,10000.0,83,0.7590361445783133,1,2,1,0,0,0,0,1,0,1,0,0,0,gratuito
2,0.0,0,0.0,103,2,1,0,0,0,1,0,0,1,0,0,0,baixo
4,10000.0,6,0.8333333333333334,1,4,1,0,0,0,1,1,0,0,0,0,1,medio_baixo
12,350000.0,11545,0.9463837158943266,14,2,1,1,0,18,0,1,0,0,0,1,0,medio_alto
6,10000.0,20,0.85,1,4,1,0,0,0,1,1,0,1,0,0,0,gratuito
5,150000.0,18,1.0,5,2,1,0,0,0,1,0,1,0,0,0,0,medio_baixo
8,10000.0,45,0.6222222222222222,1,2,1,0,0,0,1,1,0,0,0,0,0,alto
6,10000.0,8,0.875,2,1,1,0,0,0,0,0,0,1,0,0,0,baixo
3,10000.0,8,0.875,3,6,1,0,0,0,1,1,1,1,0,1,1,medio_alto
1,0.0,0,0.0,1,3,1,0,0,0,1,0,1,1,0,0,0,baixo
4,10000.0,30,0.9666666666666667,1,4,1,0,0,0,1,1,0,0,0,0,0,medio_baixo
6,35000.0,312,0.8205128205128205,3,4,1,0,0,1,1,0,1,1,0,0,0,gratuito
1,0.0,0,0.0,1,4,1,0,0,0,1,0,0,1,0,0,0,gratuito
3,10000.0,68,0.8529411764705882,9,2,1,0,0,0,1,1,0,0,0,0,0,alto
11,150000.0,750,0.7853333333333333,1,2,1,1,0,0,1,1,0,0,0,0,0,baixo
1,0.0,0,0.0,1,2,1,0,0,0,1,0,0,1,0,0,0,medio_baixo
2,10000.0,8,0.75,3,2,1,0,0,0,1,0,1,0,0,0,0,medio_alto
4,35000.0,415,0.8216867469879519,7,3,1,0,0,1,1,1,1,0,0,0,0,medio_baixo
8,10000.0,9,0.6666666666666666,2,3,1,0,0,0,1,1,1,0,0,0,0,baixo
5,10000.0,40,0.975,4,4,1,0,0,0,1,0,1,1,0,1,0,medio_baixo
5,10000.0,33,0.8484848484848485,1,1,1,1,1,0,1,0,0,0,0,0,0,medio_baixo
6,35000.0,460,0.9,1,6,1,0,0,1,1,1,1,0,1,1,1,baixo
6,150000.0,16,0.75,1,1,1,0,0,0,0,0,0,0,1,0,0,gratuito
1,0.0,0,0.0,0,0,1,0,0,0,0,0,0,0,0,0,0,gratuito
6,10000.0,5,0.8,1,3,1,0,0,0,0,0,0,0,0,0,1,medio_alto
6,10000.0,70,0.8571428571428571,9,3,1,0,0,0,1,1,0,0,0,0,0,alto
1,10000.0,0,0.0,9,3,1,0,0,0,1,1,1,0,0,0,0,baixo
2,0.0,0,0.0,30,3,1,0,0,0,1,0,1,1,0,0,0,baixo
5,10000.0,10,0.4,1,2,1,0,0,0,1,0,0,1,0,0,0,baixo
6,10000.0,0,0.0,1,2,1,0,0,0,1,0,0,1,0,0,0,baixo
5,10000.0,36,0.9722222222222222,13,1,1,0,0,0,0,0,1,0,0,0,0,medio_alto
4,0.0,0,0.0,0,0,1,0,0,0,0,0,0,0,0,0,0,gratuito
3,35000.0,362,0.8950276243093923,2,4,1,0,0,1,1,1,0,1,0,0,0,medio_alto
8,350000.0,7190,0.9246175243393602,1,3,1,1,1,1,1,1,0,0,0,0,0,medio_alto
2,10000.0,154,0.538961038961039,10,3,1,0,0,0,1,1,0,0,0,0,0,alto
1,10000.0,0,0.0,1,4,1,0,0,0,1,0,0,1,0,1,1,medio_alto
1,10000.0,0,0.0,27,3,1,1,0,0,1,0,0,1,0,0,0,medio_baixo
5,10000.0,0,0.0,1,5,1,0,0,0,1,0,0,1,1,1,0,medio_alto
4,10000.0,14,0.5714285714285714,1,3,1,0,0,0,1,0,0,1,0,0,0,baixo
1,10000.0,0,0.0,1,3,1,0,0,0,1,0,0,1,0,1,0,baixo
2,10000.0,0,0.0,3,1,1,0,0,0,0,0,0,0,1,0,0,medio_baixo
3,10000.0,12,0.9166666666666666,12,4,1,1,1,0,1,1,0,1,0,1,0,baixo
6,10000.0,20,1.0,1,3,1,0,0,1,1,0,0,1,0,1,0,baixo
4,10000.0,2,1.0,1,3,1,0,0,0,1,0,0,0,0,1,0,baixo
5,35000.0,11,0.9090909090909091,2,5,1,0,0,0,1,0,1,0,1,1,1,medio_alto
1,0.0,0,0.0,1,3,1,0,0,0,1,0,1,0,0,0,0,gratuito
3,10000.0,1,0.0,1,2,1,0,0,0,0,1,0,1,0,0,0,alto
7,10000.0,89,0.8202247191011236,1,2,1,0,0,1,0,0,0,0,1,1,0,alto
1,10000.0,3,0.6666666666666666,1,1,1,0,0,0,1,0,0,0,0,0,0,baixo
7,10000.0,117,0.8974358974358975,8,1,1,0,0,1,0,0,1,0,0,0,0,medio_alto
5,10000.0,0,0.0,5,1,1,1,1,0,0,0,0,1,0,0,0,medio_alto
2,0.0,0,0.0,103,2,1,0,0,0,1,0,0,1,0,0,0,baixo
9,10000.0,14,0.8571428571428571,1,4,1,0,0,0,0,1,1,0,0,0,1,medio_alto
3,10000.0,3,0.6666666666666666,1,2,1,0,0,0,1,0,0,0,1,0,0,baixo
1,10000.0,0,0.0,4,2,1,0,0,0,0,0,1,1,0,0,0,alto
1,10000.0,0,0.0,1,3,1,0,1,0,1,0,0,1,1,0,0,medio_alto
3,10000.0,4,0.75,3,1,1,0,0,0,0,0,0,0,0,0,1,baixo
2,10000.0,3,1.0,1,4,1,0,0,1,1,1,0,1,1,0,0,baixo
7,10000.0,6,0.5,1,2,1,0,0,0,1,0,0,1,0,0,0,medio_alto
3,10000.0,60,0.7833333333333333,5,3,1,0,0,0,0,1,1,0,0,0,1,alto
1,10000.0,0,0.0,3,2,1,0,0,0,0,0,1,0,1,0,0,alto
9,35000.0,117,0.8803418803418803,1,2,1,0,0,0,1,0,1,0,0,0,0,baixo
1,10000.0,1,1.0,3,1,1,0,0,0,0,0,0,1,0,0,0,medio_baixo
7,10000.0,0,0.0,5,2,0,1,0,0,0,0,0,0,0,0,0,alto
2,10000.0,1,0.0,1,2,1,0,0,0,0,0,0,1,0,0,1,medio_baixo
5,10000.0,12,0.8333333333333334,3,3,1,0,0,0,1,0,0,1,0,1,0,baixo
2,0.0,0,0.0,1,3,1,0,0,0,0,1,0,0,1,0,0,gratuito
3,0.0,0,0.0,0,0,1,0,0,0,0,0,0,0,0,0,0,gratuito
6,10000.0,77,0.5844155844155844,3,3,1,0,0,0,0,1,1,1,0,0,0,alto
5,10000.0,63,0.9682539682539683,5,3,1,0,0,0,1,0,0,1,0,1,0,baixo
4,10000.0,17,0.9411764705882353,1,3,1,0,0,0,1,0,1,0,0,0,0,baixo
1,10000.0,0,0.0,1,6,1,0,0,0,1,1,1,1,0,0,1,medio_alto
9,10000.0,23,0.6521739130434783,5,4,1,0,0,0,1,1,0,1,0,0,1,alto
4,10000.0,218,0.9862385321100917,2,4,1,0,0,1,1,0,1,1,0,0,1,medio_baixo
16,75000.0,312,0.8076923076923077,5,1,1,0,0,0,0,0,0,1,0,0,0,medio_baixo
1,0.0,0,0.0,1,3,1,0,0,0,1,0,0,1,0,0,0,gratuito
8,35000.0,147,0.5986394557823129,4,5,1,0,0,1,1,0,0,1,1,1,1,medio_baixo
3,10000.0,0,0.0,2,3,1,0,0,0,1,0,0,1,0,0,1,gratuito
4,0.0,0,0.0,1,3,1,0,0,0,1,0,1,0,0,0,0,gratuito
8,75000.0,229,0.8122270742358079,1,4,1,0,0,0,0,1,0,0,0,0,1,medio_baixo
7,35000.0,203,0.8620689655172413,3,2,1,1,0,0,1,0,1,0,0,0,0,medio_alto
2,10000.0,1,1.0,1,3,1,0,0,0,1,1,0,1,0,0,0,medio_alto
5,0.0,0,0.0,0,0,1,0,0,0,0,0,0,0,0,0,0,gratuito
1,10000.0,0,0.0,2,7,1,0,0,0,1,1,1,0,1,0,0,gratuito
4,10000.0,171,0.7719298245614035,1,5,1,0,0,1,1,1,1,0,1,0,0,alto
6,10000.0,171,0.7953216374269005,8,4,1,0,1,1,1,1,1,0,1,0,0,baixo
3,0.0,0,0.0,0,0,1,0,0,0,0,0,0,0,0,0,0,gratuito
2,10000.0,4,1.0,1,2,1,0,0,0,1,0,0,1,0,0,0,baixo
2,10000.0,40,1.0,1,2,1,0,0,0,1,1,0,0,0,0,0,medio_baixo
4,10000.0,0,0.0,29,3,1,1,1,0,1,0,0,1,0,1,0,baixo
2,75000.0,767,0.9791395045632334,5,1,1,1,0,3,0,0,0,1,0,0,0,medio_alto
1,0.0,0,0.0,12,2,1,0,0,0,1,1,0,0,0,0,0,alto
5,10000.0,0,0.0,1,2,1,0,0,0,1,0,0,1,0,0,0,baixo
1,10000.0,0,0.0,5,1,1,0,0,0,0,1,0,0,0,0,0,medio_baixo
7,10000.0,5,0.0,1,1,1,0,0,0,0,0,0,0,1,0,0,medio_alto
4,10000.0,37,0.8918918918918919,2,2,1,0,0,0,1,0,1,0,0,0,0,gratuito
1,0.0,0,0.0,1,3,1,1,0,0,1,0,0,1,0,1,0,medio_baixo
1,0.0,0,0.0,0,0,1,0,0,0,0,0,0,0,0,0,0,gratuito
3,10000.0,19,0.9473684210526315,1,3,1,0,0,0,1,0,1,0,1,0,0,medio_alto
2,10000.0,0,0.0,1,3,1,1,1,0,1,0,1,1,0,0,0,baixo
6,35000.0,416,0.8197115384615384,3,2,1,0,0,0,1,0,0,0,1,0,0,alto
2,10000.0,1,1.0,1,2,1,0,0,0,0,1,0,0,0,0,0,medio_alto
7,10000.0,11,0.2727272727272727,1,2,1,1,1,5,1,0,1,0,0,0,0,baixo
6,10000.0,14,0.8571428571428571,1,4,1,0,0,0,1,1,0,1,0,0,1,alto
3,10000.0,5,1.0,1,1,1,0,0,0,1,0,0,0,0,0,0,medio_alto
6,35000.0,1,1.0,2,5,1,0,0,0,1,1,1,1,1,0,0,medio_alto
2,10000.0,41,0.6097560975609756,2,3,1,0,0,0,1,0,0,1,0,0,0,medio_alto
1,10000.0,3,1.0,1,2,1,1,0,0,1,1,0,0,0,0,0,medio_alto
2,10000.0,0,0.0,19,3,1,0,0,0,1,0,1,1,0,0,0,medio_alto
6,10000.0,0,0.0,1,2,1,0,0,0,0,0,1,0,0,0,0,alto
1,0.0,0,0.0,14,4,1,0,0,0,1,1,0,1,0,0,1,medio_baixo
5,0.0,0,0.0,1,5,1,0,0,0,1,0,1,1,1,0,0,gratuito
5,75000.0,237,0.8565400843881856,1,3,1,0,0,0,1,1,1,0,0,0,0,medio_baixo
6,10000.0,93,0.6881720430107527,6,4,1,0,0,0,1,1,1,1,0,0,0,baixo
8,10000.0,7,0.42857142857142855,1,2,1,1,1,0,1,1,0,0,0,0,0,medio_baixo
2,10000.0,7,0.42857142857142855,25,3,1,0,0,0,1,1,1,0,0,0,0,medio_baixo
2,0.0,0,0.0,0,0,1,0,0,0,0,0,0,0,0,0,0,gratuito
1,10000.0,0,0.0,5,3,1,0,0,0,0,0,0,1,0,0,1,alto
1,0.0,0,0.0,0,0,1,0,0,0,0,0,0,0,0,0,0,gratuito
8,10000.0,3,1.0,1,2,1,0,0,0,0,0,1,1,0,0,0,medio_alto
7,3500000.0,112200,0.803048128342246,10,2,1,0,0,9,1,1,0,0,0,0,0,medio_baixo
6,10000.0,10,1.0,3,2,1,0,0,1,1,0,0,1,0,0,0,baixo
3,0.0,0,0.0,3,3,1,1,0,0,0,0,0,0,0,0,0,gratuito
9,10000.0,906,0.9823399558498896,2,3,1,0,0,7,0,0,1,1,0,0,1,alto
1,10000.0,0,0.0,34,5,1,0,1,0,1,0,0,1,0,1,1,alto
1,0.0,0,0.0,103,2,1,0,0,0,1,0,0,1,0,0,0,baixo
5,10000.0,23,0.6956521739130435,2,3,1,0,0,9,0,1,1,0,1,0,0,gratuito
5,0.0,0,0.0,0,0,1,0,0,0,0,0,0,0,0,0,0,gratuito
1,0.0,0,0.0,1,3,1,0,0,4,1,0,0,1,0,0,0,gratuito
9,35000.0,6,1.0,1,2,1,1,1,0,1,1,0,0,0,0,0,alto
5,10000.0,9,0.7777777777777778,2,1,1,0,0,0,0,0,0,1,0,0,0,medio_alto
1,10000.0,4,0.5,1,2,1,0,0,0,1,0,0,1,0,0,0,alto
5,10000.0,0,0.0,1,5,1,0,0,0,1,0,1,1,0,0,1,alto
2,0.0,0,0.0,1,3,1,0,0,0,1,1,0,1,0,0,0,gratuito
3,10000.0,129,0.9767441860465116,6,1,1,0,1,1,0,0,0,0,0,1,0,alto
9,10000.0,36,0.75,1,5,1,0,0,0,1,1,1,1,0,1,0,baixo
1,0.0,0,0.0,1,3,1,0,0,0,1,0,0,1,0,0,0,medio_baixo
3,35000.0,17,1.0,1,5,1,0,0,0,1,1,1,1,0,0,1,baixo
2,10000.0,0,0.0,23,2,1,1,1,1,1,1,0,0,0,0,0,alto
3,10000.0,0,0.0,3,7,1,0,0,0,1,1,1,1,1,1,0,medio_baixo
3,10000.0,0,0.0,3,3,1,0,0,0,0,1,1,1,0,0,0,medio_alto
1,10000.0,0,0.0,1,3,1,0,0,0,1,1,1,0,0,0,0,alto
6,10000.0,30,0.5,4,5,1,0,0,0,1,1,0,1,0,1,1,medio_alto
1,10000.0,46,0.782608695652174,7,2,1,0,0,1,0,0,1,0,0,1,0,alto
6,10000.0,0,0.0,2,5,1,0,0,0,1,1,0,1,1,0,0,baixo
1,0.0,0,0.0,1,1,1,0,0,0,0,0,0,1,0,0,0,baixo
3,0.0,0,0.0,1,1,1,0,0,0,0,0,1,0,0,0,0,gratuito
11,35000.0,272,0.8161764705882353,2,5,1,0,0,0,1,0,0,1,1,1,1,baixo
6,10000.0,16,0.6875,1,4,1,0,0,0,1,1,1,0,1,0,0,gratuito
2,10000.0,1,0.0,24,2,1,0,0,0,0,0,0,0,0,0,0,alto
4,10000.0,17,0.7647058823529411,1,3,1,0,0,0,1,1,0,0,0,0,0,medio_baixo
1,10000.0,0,0.0,2,3,1,0,0,0,1,1,1,0,0,0,0,medio_alto
4,10000.0,23,0.9130434782608695,2,2,1,0,0,5,1,0,0,1,0,0,0,medio_baixo
4,10000.0,13,0.9230769230769231,11,3,1,0,0,0,1,1,1,0,0,0,0,alto
1,10000.0,1,1.0,1,9,1,0,0,0,1,1,1,1,1,1,1,alto
3,0.0,0,0.0,0,0,1,0,0,0,0,0,0,0,0,0,0,gratuito
1,0.0,0,0.0,1,1,1,0,0,0,0,0,1,0,0,0,0,medio_baixo
1,10000.0,6,0.8333333333333334,7,2,1,0,0,0,1,0,0,0,0,1,0,alto
3,10000.0,26,0.6153846153846154,2,3,1,0,0,0,1,0,0,0,1,1,0,medio_alto
5,10000.0,0,0.0,1,4,1,0,0,1,1,1,1,1,0,0,0,gratuito
3,10000.0,0,0.0,1,2,1,0,0,0,0,1,0,1,0,0,0,alto
7,350000.0,4356,0.890495867768595,29,2,1,0,0,1,0,1,0,1,0,0,0,baixo
1,0.0,0,0.0,0,0,1,0,0,0,0,0,0,0,0,0,0,gratuito
11,1500000.0,2370,0.6274261603375527,1,3,1,1,1,2,1,0,1,0,0,0,0,baixo
3,35000.0,5,1.0,2,3,1,0,0,0,0,1,1,1,0,0,0,baixo
8,10000.0,329,0.7537993920972644,1,2,1,0,0,0,1,1,0,0,0,0,0,medio_baixo
9,10000.0,11,0.8181818181818182,1,1,1,0,0,0,0,0,0,0,0,1,0,medio_alto
2,10000.0,0,0.0,6,2,1,0,1,0,1,0,0,0,1,0,0,alto
1,35000.0,530,0.5547169811320755,10,4,1,0,0,3,1,1,1,0,1,0,0,alto
6,350000.0,2337,0.20453572956782198,4,2,1,0,0,0,0,0,0,0,0,0,0,alto
4,0.0,0,0.0,3,5,1,0,0,25,1,0,0,1,0,1,1,gratuito
1,0.0,0,0.0,0,0,1,0,0,0,0,0,0,0,0,0,0,gratuito
2,10000.0,1,1.0,3,1,1,0,0,1,1,0,0,0,0,0,0,medio_baixo
1,10000.0,22,0.5,30,6,1,0,0,0,0,1,1,1,0,1,1,medio_baixo
5,0.0,0,0.0,1,1,1,0,0,0,0,1,0,0,0,0,0,gratuito
1,10000.0,0,0.0,16,4,1,0,0,4,1,0,1,0,1,0,1,medio_baixo
8,10000.0,4,1.0,1,4,1,0,0,0,1,1,1,1,0,0,0,medio_alto
1,0.0,0,0.0,0,0,1,0,0,0,0,0,0,0,0,0,0,gratuito
2,10000.0,0,0.0,2,3,1,0,0,0,0,0,0,1,0,1,0,gratuito
1,0.0,0,0.0,3,2,1,1,1,0,1,1,0,0,0,0,0,medio_alto
10,150000.0,224,0.7946428571428571,3,3,1,1,0,0,1,1,1,0,0,0,0,baixo
2,10000.0,0,0.0,1,2,1,0,0,0,0,0,0,1,0,0,0,alto
1,10000.0,0,0.0,1,3,1,0,0,0,1,1,0,1,0,0,0,medio_baixo
7,10000.0,67,0.5373134328358209,1,4,1,0,0,0,1,0,1,0,1,1,0,medio_alto
6,10000.0,11,0.9090909090909091,1,3,1,0,0,0,1,0,0,0,0,1,1,baixo
5,35000.0,115,0.6695652173913044,15,2,1,0,0,0,1,0,1,0,0,0,0,baixo
7,35000.0,74,0.7702702702702703,2,3,1,0,0,0,1,0,0,0,0,1,1,alto
6,35000.0,138,0.6376811594202898,9,3,1,0,0,1,1,0,0,0,0,0,1,gratuito
10,10000.0,27,0.7407407407407407,1,1,1,0,0,0,0,0,0,0,0,0,0,gratuito
10,10000.0,73,0.7945205479452054,27,2,1,1,1,0,1,0,0,1,0,0,0,medio_baixo
4,10000.0,16,0.875,1,3,1,0,0,0,1,1,0,0,0,0,0,medio_baixo
9,10000.0,15,0.2,2,4,1,0,0,0,1,1,1,0,0,0,0,alto
5,10000.0,0,0.0,2,1,1,0,0,0,0,0,0,1,0,0,0,medio_alto
5,10000.0,1,0.0,1,2,1,0,0,0,0,1,0,1,0,0,0,baixo
2,0.0,0,0.0,0,0,1,0,0,0,0,0,0,0,0,0,0,gratuito
7,10000.0,0,0.0,5,1,1,1,1,0,0,0,0,1,0,0,0,medio_alto
4,150000.0,2238,0.8628239499553172,11,4,1,0,0,0,1,1,1,0,1,0,0,medio_alto
1,10000.0,36,0.9166666666666666,1,3,1,0,0,0,1,0,0,1,0,0,0,gratuito
6,35000.0,15,0.7333333333333333,2,2,1,1,1,4,0,0,1,0,1,0,0,medio_baixo
8,750000.0,7919,0.9624952645536052,1,3,1,1,1,90,1,0,0,1,0,0,0,gratuito
7,35000.0,67,0.6716417910447762,2,1,1,1,1,0,0,0,0,0,0,1,0,alto
4,10000.0,12,0.8333333333333334,1,2,1,0,0,1,1,1,0,0,0,0,0,baixo
5,10000.0,52,0.9615384615384616,3,3,1,0,0,1,1,1,1,0,0,0,0,medio_baixo
4,10000.0,57,0.9824561403508771,5,5,1,1,1,3,1,1,0,1,0,1,0,alto
3,35000.0,15,0.4666666666666667,1,2,1,0,0,0,1,1,0,0,0,0,0,gratuito
1,0.0,0,0.0,1,4,1,0,0,0,1,0,0,1,0,1,0,gratuito
1,10000.0,9,0.7777777777777778,4,4,1,0,0,0,1,1,1,0,0,0,0,medio_alto
5,10000.0,1,1.0,2,5,1,0,0,0,1,0,0,1,0,1,1,medio_alto
6,10000.0,77,0.6883116883116883,16,5,1,0,0,0,1,1,1,0,1,0,0,medio_baixo
2,10000.0,4,0.75,3,1,1,0,0,0,0,0,0,1,0,0,0,medio_alto
9,10000.0,56,0.7142857142857143,5,1,1,0,0,0,0,0,0,0,0,0,0,medio_baixo
9,10000.0,2,1.0,1,4,1,0,0,0,1,1,0,1,0,0,0,baixo
5,0.0,0,0.0,0,0,1,0,0,0,0,0,0,0,0,0,0,gratuito
1,10000.0,0,0.0,13,4,1,0,0,0,1,1,1,1,0,0,0,medio_alto
1,10000.0,0,0.0,8,3,1,0,0,0,1,1,0,1,0,0,0,medio_baixo
7,10000.0,108,0.8981481481481481,5,2,1,1,0,0,1,0,0,0,0,1,0,medio_alto
1,0.0,0,0.0,0,0,1,0,0,0,0,0,0,0,0,0,0,gratuito
1,10000.0,255,0.9294117647058824,3,1,1,0,0,1,0,0,0,0,0,0,1,medio_baixo
4,750000.0,19348,0.8890841430638826,5,2,1,0,0,1,0,1,1,0,0,0,0,alto
2,35000.0,8,0.875,1,2,1,1,0,0,1,1,0,0,0,0,0,medio_alto
8,10000.0,10,0.6,2,2,1,0,0,0,1,1,0,0,0,0,0,baixo
1,10000.0,0,0.0,4,1,1,0,0,0,0,1,0,0,0,0,0,alto
3,10000.0,0,0.0,1,2,1,0,0,0,1,0,0,1,0,0,0,alto
1,0.0,0,0.0,0,0,1,0,0,0,0,0,0,0,0,0,0,gratuito
5,10000.0,4,1.0,1,3,1,0,0,0,0,0,1,0,1,0,0,medio_baixo
10,350000.0,503,0.6043737574552683,5,4,1,0,0,0,0,1,0,0,0,1,0,gratuito
2,10000.0,0,0.0,1,2,1,0,0,0,1,0,0,0,0,1,0,alto
5,10000.0,7,0.2857142857142857,3,1,1,0,0,0,1,0,0,0,0,0,0,medio_alto
2,10000.0,103,0.9902912621359223,1,2,1,1,0,0,1,0,0,1,0,0,0,medio_baixo
1,10000.0,0,0.0,20,8,1,0,0,0,1,1,0,1,0,0,0,gratuito
3,10000.0,5,0.4,1,1,1,0,0,0,0,0,0,0,0,1,0,medio_alto
7,10000.0,8,1.0,1,2,1,0,0,0,1,1,0,0,0,0,0,baixo
5,35000.0,59,0.7627118644067796,1,6,1,0,0,0,0,0,1,0,1,1,1,gratuito
8,10000.0,17334,0.7301834544825199,12,2,1,1,1,0,0,1,1,0,0,0,0,medio_alto
10,10000.0,42,0.9285714285714286,1,3,1,0,0,0,0,0,0,0,0,0,0,alto
8,35000.0,69,0.4057971014492754,2,1,1,0,0,0,1,0,0,0,0,0,0,baixo
2,10000.0,45,0.8444444444444444,9,4,1,0,0,0,1,1,0,0,1,0,0,medio_alto
4,10000.0,41,0.8048780487804879,1,1,1,0,0,0,0,0,0,0,0,1,0,alto
2,0.0,0,0.0,6,5,1,0,0,0,1,1,1,1,0,0,0,gratuito
4,150000.0,31,0.9354838709677419,1,3,1,0,0,1,0,0,1,1,1,0,0,gratuito
2,10000.0,0,0.0,1,2,1,0,0,0,0,1,0,0,0,1,0,medio_alto
3,10000.0,59,0.5084745762711864,9,3,1,0,0,0,0,0,0,0,0,0,0,medio_baixo
1,0.0,0,0.0,1,4,1,0,0,0,0,0,0,0,0,1,1,medio_alto
6,10000.0,17,0.6470588235294118,10,3,1,0,0,0,1,1,0,0,0,1,0,medio_alto
5,10000.0,2,1.0,1,1,1,0,0,0,0,0,0,0,0,1,0,baixo
5,10000.0,1,0.0,1,1,1,0,0,0,1,0,0,0,0,0,0,baixo
4,10000.0,0,0.0,2,4,1,1,1,0,1,0,1,1,0,0,0,gratuito
8,150000.0,20,0.35,1,4,1,0,0,0,1,0,1,1,1,0,0,baixo
1,10000.0,30,0.9666666666666667,2,2,1,0,0,0,1,0,1,0,0,0,0,medio_baixo
1,0.0,0,0.0,1,4,1,0,0,0,1,0,1,0,0,0,0,gratuito
10,10000.0,23,0.6086956521739131,1,4,1,0,0,0,0,0,1,1,1,0,0,medio_baixo
5,0.0,0,0.0,1,4,1,0,1,0,1,0,1,1,0,0,0,gratuito
8,10000.0,32,0.84375,1,3,1,0,0,0,1,1,1,0,0,0,0,medio_alto
5,10000.0,41,0.6097560975609756,1,1,1,1,1,1,0,0,0,0,0,0,1,medio_alto
5,10000.0,4,0.75,3,1,1,1,0,1,1,0,0,0,0,0,0,alto
1,0.0,0,0.0,1,1,1,0,0,0,1,0,0,0,0,0,0,medio_baixo
1,35000.0,4,0.25,1,5,1,0,0,0,1,1,1,0,0,0,1,baixo
3,35000.0,11,0.6363636363636364,1,6,1,1,1,0,1,1,1,1,1,0,0,medio_baixo
1,10000.0,0,0.0,1,2,1,0,0,1,0,1,1,0,0,0,0,alto
3,10000.0,3,1.0,4,2,1,0,0,0,1,0,0,1,0,0,0,baixo
3,10000.0,8,0.75,5,3,1,1,1,0,1,0,1,1,0,0,0,medio_baixo
2,10000.0,5,1.0,2,2,1,0,0,0,1,0,0,1,0,0,0,medio_alto
3,75000.0,246,0.7845528455284553,2,3,1,0,0,1,1,0,1,1,0,0,0,alto
4,10000.0,80,0.775,4,4,1,0,0,3,1,0,0,1,0,1,1,medio_alto
2,10000.0,27,0.9629629629629629,1,3,1,0,0,0,1,1,0,1,0,0,0,medio_alto
3,10000.0,0,0.0,9,3,1,0,0,0,1,1,1,0,0,0,0,gratuito
2,10000.0,8,0.875,2,5,1,0,0,0,1,1,1,1,1,0,0,baixo
6,10000.0,4,0.75,1,4,1,0,0,0,1,0,0,1,0,0,1,alto
5,10000.0,21,0.6666666666666666,4,5,1,0,0,2,1,1,1,1,0,1,0,medio_baixo
2,10000.0,95,0.8736842105263158,10,3,1,0,0,0,1,0,1,0,0,0,0,medio_baixo
3,10000.0,0,0.0,2,3,1,0,0,0,1,1,0,1,0,0,0,baixo
2,10000.0,11,0.8181818181818182,1,5,1,0,0,0,1,1,1,1,0,0,1,medio_baixo
6,10000.0,27,0.5555555555555556,1,4,1,0,0,0,1,1,1,1,0,0,0,alto
10,150000.0,209,0.8660287081339713,10,4,1,0,0,1,1,0,0,1,0,1,0,alto
1,10000.0,0,0.0,10,2,1,0,0,0,1,1,0,0,0,0,0,medio_baixo
1,10000.0,0,0.0,2,4,1,0,0,0,0,1,0,1,0,1,1,medio_baixo
3,0.0,0,0.0,0,0,1,0,0,0,0,0,0,0,0,0,0,gratuito
1,0.0,0,0.0,13,5,1,1,0,0,1,1,1,1,1,0,0,medio_alto
2,10000.0,0,0.0,4,3,1,0,0,0,0,0,0,1,1,0,1,medio_alto
1,0.0,0,0.0,10,2,1,0,0,0,1,0,0,1,0,0,0,baixo
9,10000.0,222,0.9369369369369369,2,3,1,0,0,1,1,1,1,0,0,0,0,medio_baixo
8,75000.0,27,0.8518518518518519,1,2,1,1,1,2,1,0,1,0,0,0,0,baixo
10,10000.0,9,0.4444444444444444,1,2,1,1,1,0,1,1,0,0,0,0,0,baixo
1,10000.0,0,0.0,2,2,1,0,0,0,1,0,0,1,0,0,0,medio_baixo
9,150000.0,184,0.46195652173913043,1,2,1,0,0,0,1,0,0,0,0,0,0,baixo
3,10000.0,46,0.8478260869565217,3,2,1,1,1,1,1,0,0,1,0,0,0,baixo
2,150000.0,10,1.0,1,1,1,0,1,0,0,1,0,0,0,0,0,medio_baixo
1,10000.0,0,0.0,8,2,1,0,0,0,1,0,1,0,0,0,0,medio_alto
2,10000.0,0,0.0,5,1,1,0,0,0,0,0,0,0,1,0,0,alto
3,0.0,0,0.0,103,3,1,0,0,0,1,0,0,1,0,1,0,baixo
1,10000.0,0,0.0,2,2,1,0,0,0,0,0,1,0,0,0,1,alto
9,35000.0,53,0.7358490566037735,1,3,1,1,1,0,1,0,0,1,0,0,0,baixo
11,35000.0,72,0.7777777777777778,2,2,1,0,1,0,1,1,0,0,0,0,0,medio_baixo
1,0.0,0,0.0,2,2,1,1,1,1,1,0,0,1,0,0,0,baixo
5,10000.0,1,1.0,2,2,1,0,0,0,1,0,1,0,0,0,0,baixo
4,10000.0,15,0.6666666666666666,1,2,1,1,1,0,1,0,0,0,1,0,0,medio_alto
1,10000.0,7,1.0,1,3,1,0,0,0,1,0,1,0,0,0,1,medio_alto
9,10000.0,9,0.1111111111111111,1,2,1,0,0,0,1,1,0,0,0,0,0,medio_alto
3,10000.0,5,0.6,1,1,1,0,0,0,0,0,0,1,0,0,0,medio_baixo
3,350000.0,40,0.875,1,2,1,0,0,0,0,1,0,0,0,0,0,medio_alto
5,10000.0,53,0.6415094339622641,1,3,1,0,1,0,0,0,1,0,0,1,1,alto
8,10000.0,121,0.7024793388429752,3,2,1,0,0,1,1,0,1,0,0,0,0,medio_baixo
1,0.0,0,0.0,3,3,1,1,1,1,1,0,1,1,0,0,0,medio_alto
3,10000.0,11,0.9090909090909091,1,2,1,0,0,0,0,0,0,1,0,0,0,gratuito
8,35000.0,15,0.6,1,2,1,0,0,0,1,0,1,0,0,0,0,baixo
11,150000.0,509,0.8644400785854617,5,3,1,1,0,0,1,0,1,1,0,0,0,baixo
4,10000.0,80,0.9375,1,2,1,0,0,0,1,0,0,1,0,0,0,medio_baixo
2,35000.0,155,0.9225806451612903,4,5,1,0,0,2,1,0,1,0,1,1,0,alto
1,10000.0,0,0.0,9,2,1,0,0,0,1,0,0,0,0,0,1,medio_alto
7,35000.0,93,0.7849462365591398,7,1,1,0,0,0,0,0,1,0,0,0,0,alto
8,75000.0,405,0.8888888888888888,1,4,1,1,0,0,1,1,0,0,0,0,1,medio_baixo
9,35000.0,88,0.5,1,3,1,0,0,0,1,0,0,1,0,0,0,baixo
1,10000.0,0,0.0,5,3,1,0,0,2,1,1,1,0,0,0,0,medio_alto
6,35000.0,530,0.809433962264151,1,3,1,0,0,1,0,1,1,0,0,0,0,alto
9,150000.0,1581,0.9133459835547122,2,1,1,1,1,1,0,0,0,0,1,0,0,medio_alto
5,10000.0,6,1.0,1,6,1,0,0,0,1,1,1,0,1,0,0,gratuito
1,10000.0,0,0.0,31,2,1,0,0,0,1,0,0,1,0,0,0,baixo
5,35000.0,420,0.8119047619047619,2,6,1,0,0,0,1,1,1,1,0,1,1,medio_alto
1,10000.0,0,0.0,10,4,1,0,0,0,0,0,1,0,0,0,1,alto
5,0.0,0,0.0,1,4,1,0,0,0,1,0,0,1,0,1,0,gratuito
4,10000.0,30,0.6666666666666666,1,4,1,0,0,0,0,0,0,1,1,1,1,alto
6,10000.0,43,0.27906976744186046,4,4,1,0,1,1,1,0,1,0,0,1,1,gratuito
1,10000.0,0,0.0,1,5,1,0,0,0,1,1,0,1,0,0,1,gratuito
9,150000.0,380,0.6263157894736842,1,4,1,0,0,0,1,1,1,0,1,0,0,medio_baixo
1,0.0,0,0.0,0,0,1,0,0,0,0,0,0,0,0,0,0,gratuito
6,10000.0,0,0.0,1,5,1,0,0,0,1,0,1,1,0,0,1,baixo
5,0.0,0,0.0,0,0,1,0,0,0,0,0,0,0,0,0,0,gratuito
9,10000.0,19,0.42105263157894735,1,1,1,0,0,0,0,0,1,0,0,0,0,medio_baixo
5,75000.0,519,0.4277456647398844,16,1,1,0,0,0,0,0,0,0,0,0,0,medio_alto
3,10000.0,6,0.6666666666666666,26,4,1,0,0,0,1,1,0,0,0,0,1,baixo
3,35000.0,5,1.0,1,4,1,0,0,0,0,1,0,1,1,0,1,medio_baixo
7,10000.0,717,0.8298465829846583,3,3,1,1,0,0,1,0,1,0,1,0,0,baixo
1,10000.0,90,0.8666666666666667,4,3,1,0,0,0,1,1,0,0,0,0,1,medio_alto
3,10000.0,96,0.9791666666666666,1,5,1,0,0,0,1,0,1,1,1,0,1,medio_baixo
2,10000.0,7,0.42857142857142855,1,2,1,0,0,0,1,0,0,1,0,0,0,baixo
5,10000.0,4,1.0,2,1,1,0,0,0,0,0,0,0,1,0,0,baixo
1,0.0,0,0.0,1,2,1,0,0,0,1,0,0,0,0,0,1,alto
1,0.0,0,0.0,1,2,1,0,0,0,1,0,0,0,0,0,0,gratuito
3,10000.0,112,0.9642857142857143,7,2,1,0,0,0,1,0,0,0,0,0,1,alto
14,750000.0,4800,0.8454166666666667,7,1,1,0,0,0,0,0,0,0,1,0,0,medio_baixo
1,10000.0,0,0.0,13,2,1,0,0,0,1,1,0,0,0,0,0,alto
15,1500000.0,24087,0.9021048698468054,6,2,1,0,0,0,0,1,1,0,0,0,0,medio_baixo
2,10000.0,2,1.0,2,5,1,0,0,0,1,1,1,1,1,0,0,medio_baixo
10,75000.0,708,0.8163841807909604,7,1,1,0,0,0,0,0,1,0,0,0,0,medio_baixo
2,10000.0,0,0.0,1,2,1,0,0,0,0,0,1,1,0,0,0,alto
2,0.0,0,0.0,0,0,1,0,0,0,0,0,0,0,0,0,0,gratuito
6,10000.0,11,0.9090909090909091,1,2,1,1,0,1,0,0,0,1,1,0,0,medio_baixo
5,0.0,0,0.0,0,0,1,0,0,0,0,0,0,0,0,0,0,gratuito
3,0.0,0,0.0,1,5,1,0,0,0,1,1,1,1,0,0,0,gratuito
5,0.0,0,0.0,0,0,1,0,0,0,0,0,0,0,0,0,0,gratuito
1,10000.0,0,0.0,1,4,1,0,0,0,1,1,0,0,1,0,0,alto
3,10000.0,1,1.0,1,2,1,1,1,0,1,0,0,1,0,0,0,baixo
5,10000.0,65,0.8769230769230769,2,2,1,0,0,0,1,0,0,0,0,1,0,medio_baixo
5,150000.0,1023,0.7741935483870968,11,3,1,1,0,3,1,0,0,0,0,1,1,alto
5,10000.0,0,0.0,1,2,1,0,0,0,1,0,0,1,0,0,0,baixo
2,10000.0,0,0.0,1,2,1,0,0,0,1,1,0,0,0,0,0,alto
8,10000.0,46,0.41304347826086957,5,2,1,0,0,0,0,1,0,0,0,0,0,medio_alto
3,0.0,0,0.0,3,1,1,0,0,0,0,0,1,0,0,0,0,gratuito
3,10000.0,736,0.8220108695652174,7,3,1,0,0,0,1,0,0,0,0,1,0,medio_alto
1,0.0,0,0.0,0,0,1,0,0,0,0,0,0,0,0,0,0,gratuito
1,0.0,0,0.0,9,3,1,0,0,0,1,0,0,0,0,1,1,alto
5,10000.0,23,0.9130434782608695,27,3,1,1,1,0,1,1,0,1,0,0,0,alto
1,0.0,0,0.0,0,0,1,0,0,0,0,0,0,0,0,0,0,gratuito
4,35000.0,123,0.967479674796748,1,1,1,0,0,0,0,0,0,1,0,0,0,baixo
10,10000.0,36,0.5833333333333334,1,3,1,1,0,1,0,1,0,0,0,1,0,medio_alto
2,10000.0,33,0.8484848484848485,10,2,1,0,0,0,1,0,0,0,0,0,0,medio_baixo
1,10000.0,19,1.0,12,2,1,0,0,0,1,1,0,0,0,0,0,medio_baixo
8,10000.0,78,0.8076923076923077,1,4,1,0,0,0,1,0,0,1,0,1,1,baixo
8,75000.0,136,0.8161764705882353,2,1,1,0,0,0,0,0,0,1,0,0,0,alto
10,35000.0,398,0.8442211055276382,1,3,1,1,0,0,1,1,0,1,0,0,0,medio_baixo
6,10000.0,25,0.92,1,2,1,1,0,1,1,0,0,1,0,0,0,baixo
4,10000.0,35,0.6857142857142857,1,6,1,0,0,0,1,1,1,1,0,0,1,baixo
11,750000.0,5236,0.856951871657754,1,3,1,1,0,0,0,0,0,0,1,1,0,gratuito
7,10000.0,24,0.4583333333333333,1,2,1,0,0,0,1,0,0,1,0,0,0,baixo
4,75000.0,118,0.652542372881356,21,2,1,0,0,1,1,1,0,0,0,0,0,baixo
10,10000.0,21,0.47619047619047616,1,1,1,0,0,0,0,0,0,0,0,0,1,baixo
6,10000.0,11,0.18181818181818182,2,4,1,0,0,0,1,0,0,0,1,0,1,alto
1,10000.0,19,0.7368421052631579,2,1,1,0,0,0,0,0,1,0,0,0,0,medio_baixo
1,0.0,0,0.0,2,3,1,0,0,0,0,1,0,1,0,0,0,gratuito
2,10000.0,0,0.0,30,3,1,0,0,2,0,0,0,1,0,0,1,gratuito
6,75000.0,2890,0.9366782006920416,12,4,1,0,0,0,1,1,0,0,1,1,0,alto
7,10000.0,3,0.6666666666666666,1,3,1,0,0,0,1,0,0,1,0,1,0,medio_alto
2,35000.0,86,0.8604651162790697,7,3,1,0,0,0,1,1,1,0,0,0,0,medio_baixo
3,10000.0,0,0.0,1,3,1,0,0,0,1,1,0,1,0,0,0,baixo
4,0.0,0,0.0,1,2,1,0,0,0,1,1,0,0,0,0,0,gratuito
2,10000.0,90,0.9888888888888889,11,2,1,0,0,0,1,0,1,0,0,0,0,baixo
3,0.0,0,0.0,0,0,1,0,0,0,0,0,0,0,0,0,0,gratuito
1,10000.0,20,0.95,1,2,1,0,0,0,0,1,0,0,0,1,0,medio_alto
5,0.0,0,0.0,0,0,1,0,0,0,0,0,0,0,0,0,0,gratuito
5,10000.0,10,0.7,1,3,1,0,0,0,1,0,1,1,0,0,0,baixo
6,35000.0,660,0.43636363636363634,2,4,1,1,0,0,1,0,1,1,1,0,0,baixo
3,0.0,0,0.0,0,0,1,0,0,0,0,0,0,0,0,0,0,gratuito
4,0.0,0,0.0,1,4,1,0,0,0,1,0,0,1,0,0,1,gratuito
1,10000.0,30,0.5,13,5,1,0,0,0,1,0,1,1,1,0,1,medio_alto
6,10000.0,18,0.6666666666666666,1,3,1,1,1,1,1,1,1,0,0,0,0,medio_alto
10,10000.0,119,0.7310924369747899,4,2,1,0,0,0,0,1,1,0,0,0,0,medio_alto
8,10000.0,8,0.75,1,3,1,0,0,0,1,1,1,0,0,0,0,alto
2,0.0,0,0.0,0,0,1,0,0,0,0,0,0,0,0,0,0,gratuito
5,10000.0,27,0.8888888888888888,18,6,1,0,0,0,1,1,0,0,1,1,1,medio_baixo
7,35000.0,101,0.6633663366336634,1,2,1,0,0,0,1,0,1,0,0,0,0,baixo
1,0.0,0,0.0,103,4,1,0,0,0,1,0,0,1,0,1,1,medio_alto
11,35000.0,41,0.9512195121951219,1,4,1,0,0,0,1,0,0,1,1,1,0,medio_baixo
3,35000.0,117,0.9316239316239316,1,1,1,0,0,0,0,0,0,0,0,0,1,medio_alto
3,0.0,0,0.0,0,0,1,0,0,0,0,0,0,0,0,0,0,gratuito
7,10000.0,12,1.0,5,4,1,0,0,0,0,1,1,1,1,0,0,medio_baixo
6,10000.0,10,0.6,1,3,1,1,0,0,1,0,0,1,0,0,1,baixo
1,10000.0,3,1.0,1,4,1,0,0,0,0,0,0,0,0,0,0,alto
1,10000.0,0,0.0,1,3,1,0,0,0,1,0,1,1,0,0,0,medio_baixo
5,10000.0,0,0.0,1,2,1,0,0,0,1,0,1,0,0,0,0,baixo
5,10000.0,11,0.7272727272727273,3,5,1,1,1,0,1,0,1,1,1,1,0,medio_baixo
10,150000.0,462,0.6883116883116883,1,5,1,1,0,1,1,0,0,0,1,0,0,gratuito
8,10000.0,25,0.4,1,4,1,0,0,0,1,0,0,1,0,1,1,baixo
3,0.0,0,0.0,30,8,1,0,0,0,1,1,1,1,0,0,1,gratuito
5,10000.0,0,0.0,1,4,1,1,0,0,1,1,0,1,0,0,0,medio_baixo
7,10000.0,14,0.6428571428571429,1,4,1,0,0,0,1,0,1,1,0,1,0,medio_alto
10,10000.0,0,0.0,2,2,1,0,0,0,0,0,1,1,0,0,0,alto
6,10000.0,29,0.9310344827586207,1,2,1,0,0,0,1,1,0,0,0,0,0,alto
3,10000.0,6,0.8333333333333334,1,3,1,0,0,0,1,1,0,0,0,0,0,gratuito
3,10000.0,0,0.0,1,4,1,0,0,0,1,1,0,1,1,0,0,medio_baixo
4,10000.0,2,0.0,1,3,1,0,0,0,0,1,0,1,0,1,0,medio_baixo
1,10000.0,3,1.0,1,1,1,0,0,0,0,0,0,1,0,0,0,medio_baixo
7,10000.0,28,0.8214285714285714,2,5,1,0,0,0,1,1,1,1,0,1,0,medio_alto
1,0.0,0,0.0,0,0,1,0,0,0,0,0,0,0,0,0,0,gratuito
1,10000.0,0,0.0,7,2,1,1,1,0,1,0,0,0,1,0,0,alto
5,10000.0,6,0.5,4,1,1,0,0,0,0,0,0,1,0,0,0,medio_alto
1,10000.0,86,1.0,8,3,1,1,0,1,1,0,0,1,0,0,1,alto
1,10000.0,2,1.0,1,1,1,0,0,0,0,0,0,1,0,0,0,baixo
3,10000.0,8,0.375,1,4,1,0,0,0,1,0,1,1,0,0,0,medio_alto
3,0.0,0,0.0,30,4,1,0,0,0,0,1,1,1,0,0,1,medio_baixo
6,10000.0,79,0.6962025316455697,11,3,1,1,0,1,1,0,1,1,0,0,0,medio_baixo
7,10000.0,3,0.6666666666666666,2,3,1,0,0,0,1,0,1,0,0,0,0,baixo
5,75000.0,837,0.954599761051374,3,3,1,0,0,0,1,0,1,0,1,0,0,alto
3,10000.0,0,0.0,4,1,1,0,0,0,0,0,0,1,0,0,0,medio_alto
6,10000.0,4,1.0,1,3,1,0,0,0,1,0,1,0,0,0,1,medio_alto
2,10000.0,57,0.9298245614035088,9,1,1,0,0,0,0,1,0,0,0,0,0,medio_baixo
3,10000.0,38,0.8947368421052632,6,1,1,0,0,0,0,1,0,0,0,0,0,medio_alto
4,10000.0,193,0.8393782383419689,6,1,1,1,0,2,0,0,1,0,0,0,0,alto
5,10000.0,12,0.9166666666666666,1,1,1,0,1,0,0,1,0,0,0,0,0,baixo
1,10000.0,0,0.0,10,3,1,0,0,0,0,0,0,1,1,1,0,baixo
4,10000.0,3,0.6666666666666666,1,3,1,0,0,0,1,1,1,0,0,0,0,alto
1,0.0,0,0.0,1,6,1,0,0,0,1,1,1,0,0,1,0,gratuito
2,10000.0,2,1.0,1,2,1,0,0,0,1,0,1,0,0,0,0,baixo
5,10000.0,11,0.6363636363636364,9,2,1,1,1,0,0,1,0,1,0,0,0,medio_baixo
1,10000.0,0,0.0,14,5,1,0,0,0,1,0,0,1,0,0,1,medio_baixo
2,10000.0,4,1.0,1,4,1,0,0,0,1,1,0,0,1,0,0,medio_baixo
6,35000.0,223,0.9551569506726457,4,3,1,1,1,0,0,0,1,1,0,0,0,gratuito
1,0.0,0,0.0,0,0,1,0,0,0,0,0,0,0,0,0,0,gratuito
6,10000.0,68,0.35294117647058826,1,3,1,0,0,0,0,0,0,0,1,1,0,alto
4,10000.0,11,0.45454545454545453,4,2,1,0,0,0,0,0,1,1,0,0,0,medio_baixo
9,35000.0,79,0.6329113924050633,1,3,1,1,1,0,1,1,0,1,0,0,0,baixo
1,0.0,0,0.0,0,0,1,0,0,0,0,0,0,0,0,0,0,gratuito
1,0.0,0,0.0,0,0,1,0,0,0,0,0,0,0,0,0,0,gratuito
12,75000.0,80,0.8875,1,1,1,1,1,0,0,0,1,0,0,0,0,baixo
10,10000.0,125,0.744,1,2,1,1,1,0,1,0,1,0,0,0,0,medio_alto
1,0.0,0,0.0,0,0,1,0,0,0,0,0,0,0,0,0,0,gratuito
2,10000.0,7,0.42857142857142855,1,5,1,0,0,0,1,0,0,1,1,1,1,medio_baixo
1,35000.0,2,1.0,1,3,1,0,0,0,1,0,0,1,0,0,0,baixo
2,10000.0,12,0.8333333333333334,3,3,1,0,0,0,1,1,1,0,0,0,0,medio_alto
2,10000.0,20,0.6,1,2,1,0,0,0,1,0,0,0,0,1,0,medio_alto
3,10000.0,0,0.0,29,4,1,0,0,0,0,1,1,1,1,0,0,medio_baixo
5,35000.0,7,1.0,1,4,1,0,0,0,1,0,1,1,1,0,0,baixo
6,10000.0,54,0.8148148148148148,1,3,1,0,0,0,1,0,0,1,0,0,0,gratuito
5,10000.0,0,0.0,1,1,1,1,1,5,0,0,0,1,0,0,0,alto
1,10000.0,0,0.0,11,3,1,0,0,2,0,0,0,0,1,1,0,alto
5,10000.0,17,1.0,1,2,1,0,0,0,1,0,0,1,0,0,0,alto
8,10000.0,11,0.7272727272727273,1,6,1,0,0,0,1,1,0,1,0,1,1,alto
5,10000.0,5,0.6,1,4,1,0,0,0,1,0,1,1,0,1,0,baixo
4,0.0,0,0.0,1,1,1,0,0,0,0,0,0,0,0,0,1,gratuito
5,35000.0,4,0.75,1,4,1,0,0,0,1,0,0,1,0,1,1,baixo
8,10000.0,1,1.0,1,3,1,0,0,0,1,0,0,1,0,1,0,baixo
7,10000.0,28,0.6071428571428571,1,5,1,0,0,0,1,1,0,1,1,0,0,gratuito
4,350000.0,3939,0.7466362020817466,9,4,1,0,0,0,1,1,1,0,0,0,0,alto
1,10000.0,0,0.0,1,2,1,0,1,0,0,1,0,1,0,0,0,medio_alto
3,35000.0,63,0.6190476190476191,2,4,1,0,0,0,0,1,0,0,0,1,1,alto
4,10000.0,1,0.0,2,1,1,0,0,0,1,0,0,0,0,0,0,baixo
1,0.0,0,0.0,0,0,1,0,0,0,0,0,0,0,0,0,0,gratuito
6,10000.0,4,1.0,1,3,1,0,0,0,1,1,1,0,0,0,0,baixo
6,10000.0,97,0.8144329896907216,1,5,1,1,0,1,1,1,1,0,1,0,0,alto
9,75000.0,97,0.6082474226804123,1,2,1,0,0,0,1,0,0,1,0,0,0,baixo
2,10000.0,3,0.3333333333333333,1,2,1,1,1,0,1,0,0,0,0,0,1,medio_baixo
8,150000.0,384,0.7604166666666666,1,4,1,0,0,0,1,1,0,0,0,0,0,gratuito
3,0.0,0,0.0,0,0,1,0,0,0,0,0,0,0,0,0,0,gratuito
1,0.0,0,0.0,30,4,1,1,1,0,1,0,1,1,0,0,1,alto
3,10000.0,0,0.0,1,1,1,0,0,0,0,0,1,0,0,0,0,alto
2,35000.0,5,1.0,1,3,1,0,0,0,0,1,0,1,0,0,0,alto
3,10000.0,35,0.9428571428571428,1,2,1,0,0,0,0,0,0,0,1,0,0,alto
4,10000.0,7,0.7142857142857143,1,1,1,0,0,0,0,1,0,0,0,0,0,baixo
4,10000.0,34,0.6764705882352942,1,2,1,0,0,1,1,0,1,0,0,0,0,medio_alto
5,0.0,0,0.0,0,0,1,0,0,0,0,0,0,0,0,0,0,gratuito
17,35000.0,234,0.5811965811965812,7,1,1,0,0,0,0,0,0,0,0,1,0,medio_baixo
3,10000.0,19,0.9473684210526315,2,2,1,1,0,0,1,0,1,0,0,0,0,medio_baixo
1,10000.0,97,0.7628865979381443,3,2,1,0,0,0,1,0,0,0,0,0,1,medio_baixo
2,10000.0,0,0.0,1,1,1,0,0,0,0,1,0,0,0,0,0,alto
1,10000.0,0,0.0,1,3,1,0,0,0,1,0,0,1,0,0,0,medio_baixo
10,150000.0,420,0.6571428571428571,3,2,1,0,0,0,0,0,1,0,0,1,0,medio_alto
2,0.0,0,0.0,0,0,1,0,0,0,0,0,0,0,0,0,0,gratuito
1,10000.0,0,0.0,2,2,1,0,0,0,1,0,0,1,0,0,0,medio_alto
4,35000.0,147,0.9251700680272109,7,3,1,0,0,0,1,0,0,1,0,0,0,gratuito
5,0.0,0,0.0,0,0,1,0,0,0,0,0,0,0,0,0,0,gratuito
12,350000.0,2820,0.9070921985815603,3,1,1,0,0,1,0,1,0,0,0,0,0,alto
3,10000.0,6,1.0,1,3,1,0,0,0,1,0,1,1,0,0,0,baixo
1,0.0,0,0.0,10,1,1,1,0,0,0,0,0,1,0,0,0,medio_baixo
3,150000.0,6536,0.9646572827417381,7,3,1,0,0,6,1,0,1,0,1,0,0,alto
1,10000.0,0,0.0,3,4,1,0,0,0,1,1,1,0,1,0,0,medio_alto
17,75000.0,154,0.564935064935065,5,1,1,0,0,0,0,0,0,0,0,0,0,baixo
2,10000.0,20,0.85,18,1,1,0,0,0,0,0,1,0,0,0,0,medio_alto
5,10000.0,2,1.0,1,5,1,0,0,0,1,1,0,1,0,1,0,baixo
12,75000.0,172,0.5,6,1,1,0,0,1,0,0,0,0,0,1,0,medio_alto
7,10000.0,67,0.7014925373134329,1,3,1,0,0,0,0,0,0,1,0,0,1,gratuito
14,10000.0,63,0.25396825396825395,1,3,1,0,0,1,1,1,0,0,0,1,0,alto
2,0.0,0,0.0,0,0,1,0,0,0,0,0,0,0,0,0,0,gratuito
2,0.0,0,0.0,0,0,1,0,0,0,0,0,0,0,0,0,0,gratuito
5,0.0,0,0.0,2,4,1,0,0,0,1,1,1,0,0,0,0,gratuito
1,10000.0,28,0.9642857142857143,1,6,1,1,1,0,0,0,0,1,1,1,1,medio_alto
4,10000.0,0,0.0,1,2,1,0,0,0,1,0,0,1,0,0,0,baixo
4,35000.0,17,0.8823529411764706,1,5,1,0,0,0,1,1,1,0,1,1,0,gratuito
2,10000.0,21,0.7619047619047619,1,3,1,0,1,0,1,1,1,0,0,0,0,medio_alto
2,10000.0,9,0.5555555555555556,1,3,1,0,0,0,1,1,0,0,0,0,0,gratuito
1,10000.0,9,1.0,1,1,1,0,0,0,0,1,0,0,0,0,0,baixo
1,0.0,0,0.0,0,0,1,0,0,0,0,0,0,0,0,0,0,gratuito
4,10000.0,0,0.0,1,2,1,1,0,0,0,0,0,1,0,0,1,gratuito
10,10000.0,54,0.8703703703703703,1,9,1,0,0,0,1,1,1,1,0,0,1,medio_alto
1,0.0,0,0.0,1,3,1,0,0,0,1,0,0,1,0,1,0,medio_alto
9,10000.0,34,0.8235294117647058,2,3,1,1,0,0,1,0,0,1,0,1,0,gratuito
1,10000.0,5,1.0,5,3,1,0,0,0,1,0,0,1,0,1,0,medio_baixo
2,10000.0,2,0.5,7,2,1,1,1,0,1,0,0,1,0,0,0,medio_baixo
2,0.0,0,0.0,2,3,1,1,0,0,1,0,0,0,1,0,0,gratuito
8,35000.0,164,0.45121951219512196,2,3,1,0,0,0,1,0,1,1,0,0,0,baixo
1,10000.0,3,1.0,3,3,1,0,0,0,1,0,0,0,0,0,1,medio_alto
2,10000.0,18,1.0,2,2,1,0,0,0,1,0,0,1,0,0,0,medio_baixo
6,10000.0,10,1.0,2,1,1,1,1,1,0,0,1,0,0,0,0,medio_baixo
1,10000.0,0,0.0,25,4,1,0,0,0,1,0,1,0,0,0,1,alto
1,0.0,0,0.0,0,0,1,0,0,0,0,0,0,0,0,0,0,gratuito
1,10000.0,0,0.0,1,4,1,0,0,0,1,1,0,1,0,1,0,gratuito
10,10000.0,9,0.5555555555555556,1,4,1,0,0,0,1,1,1,1,0,0,0,medio_baixo
10,10000.0,37,0.7297297297297297,1,4,1,0,0,0,1,1,0,1,0,0,0,alto
1,0.0,0,0.0,2,5,1,0,0,0,1,1,0,1,0,1,1,medio_baixo
16,10000.0,0,0.0,5,1,1,0,0,0,0,0,0,0,0,1,0,gratuito
4,75000.0,25,1.0,1,3,1,0,0,0,0,0,0,1,0,1,1,medio_baixo
4,10000.0,1,1.0,1,3,1,0,0,0,1,0,1,0,0,0,1,alto
6,35000.0,13,0.6923076923076923,6,3,1,0,0,0,1,1,0,1,0,0,0,baixo
1,10000.0,0,0.0,1,3,1,1,1,0,1,1,0,1,0,0,0,baixo
2,10000.0,4,0.75,1,2,1,0,0,0,1,0,0,1,0,0,0,alto
3,10000.0,20,0.85,1,6,1,0,0,4,1,1,1,1,1,0,0,gratuito
2,0.0,0,0.0,0,0,1,0,0,0,0,0,0,0,0,0,0,gratuito
2,10000.0,74,0.972972972972973,2,4,1,0,0,0,1,0,1,0,1,1,0,alto
2,10000.0,336,0.9107142857142857,9,3,1,0,0,3,1,1,1,0,0,0,0,alto
2,0.0,0,0.0,0,0,1,0,0,0,0,0,0,0,0,0,0,gratuito
5,10000.0,0,0.0,1,3,1,0,1,0,0,0,1,1,0,0,1,alto
3,0.0,0,0.0,0,0,1,0,0,0,0,0,0,0,0,0,0,gratuito
2,0.0,0,0.0,30,3,1,0,0,0,0,0,1,0,0,0,1,gratuito
5,35000.0,9,0.6666666666666666,1,5,1,0,0,0,1,1,1,1,1,0,0,gratuito
10,10000.0,33,0.2727272727272727,6,3,1,0,0,0,1,1,1,0,0,0,0,medio_baixo
5,10000.0,4,0.75,1,2,1,0,0,1,1,1,0,0,0,0,0,medio_alto
9,10000.0,65,0.6153846153846154,1,3,1,0,0,0,1,0,0,1,0,0,1,medio_baixo
9,10000.0,38,0.5526315789473685,1,3,1,1,1,1,1,0,1,0,0,0,1,medio_alto
3,10000.0,1,1.0,12,3,1,0,1,0,1,1,1,0,0,0,0,medio_baixo
1,0.0,0,0.0,0,0,1,0,0,0,0,0,0,0,0,0,0,gratuito
3,10000.0,27,0.5185185185185185,1,1,1,0,0,0,0,0,0,1,0,0,0,baixo
2,10000.0,0,0.0,1,5,1,0,0,0,0,0,0,1,0,1,1,gratuito
3,10000.0,8,0.375,1,1,1,0,0,0,1,0,0,0,0,0,0,baixo
2,10000.0,2,0.5,2,3,1,0,0,0,1,1,0,1,0,0,0,baixo
6,10000.0,469,0.7718550106609808,2,1,1,0,0,0,0,1,0,0,0,0,0,baixo
4,10000.0,0,0.0,29,1,1,1,0,0,0,0,0,0,0,0,0,baixo
3,75000.0,446,0.6412556053811659,11,2,1,0,0,0,0,1,1,0,0,0,0,medio_baixo
2,150000.0,68,0.9264705882352942,13,2,1,0,0,1,1,0,0,0,0,1,0,alto
4,10000.0,5,1.0,2,1,1,0,0,1,0,0,0,1,0,0,0,baixo
3,10000.0,4,0.75,2,2,1,1,0,0,1,0,0,1,0,0,0,medio_baixo
8,10000.0,3,0.6666666666666666,1,2,1,0,0,0,0,0,1,1,0,0,0,medio_alto
10,10000.0,11,0.18181818181818182,1,2,1,0,0,0,0,0,0,0,0,0,0,alto
5,10000.0,1,1.0,1,2,1,0,0,0,1,0,0,0,0,0,1,medio_alto
1,10000.0,0,0.0,2,3,1,0,0,0,1,1,0,0,0,0,1,alto
1,0.0,0,0.0,1,4,1,0,0,0,1,0,0,1,0,1,0,gratuito
1,10000.0,0,0.0,1,4,1,0,0,0,1,1,1,0,1,0,0,medio_alto
1,10000.0,0,0.0,4,3,1,0,0,0,1,0,1,0,1,0,0,alto
7,10000.0,8,0.25,1,1,1,0,0,0,0,0,0,0,0,0,0,medio_alto
3,0.0,0,0.0,0,0,1,0,0,0,0,0,0,0,0,0,0,gratuito
7,10000.0,18,0.7777777777777778,1,2,1,0,0,0,0,1,0,1,0,0,0,baixo
2,0.0,0,0.0,0,0,1,0,0,0,0,0,0,0,0,0,0,gratuito
5,35000.0,2,1.0,1,4,1,0,0,0,0,0,0,0,1,1,1,medio_alto
3,0.0,0,0.0,7,3,1,0,0,1,0,1,0,1,0,0,0,gratuito
3,10000.0,0,0.0,1,3,1,1,1,0,1,0,0,1,0,0,1,baixo
11,10000.0,22,0.3181818181818182,1,2,1,0,0,0,1,1,0,0,0,0,0,medio_baixo
1,10000.0,0,0.0,1,3,1,1,1,0,1,0,1,0,0,0,0,medio_baixo
9,75000.0,451,0.4501108647450111,10,3,1,0,0,0,1,1,1,0,0,0,0,baixo
4,10000.0,5,0.6,1,1,1,0,0,0,0,0,0,1,0,0,0,medio_baixo
3,10000.0,1,1.0,1,2,1,0,0,0,1,0,0,1,0,0,0,medio_baixo
12,150000.0,1693,0.8452451269935026,12,2,1,1,1,0,0,0,1,1,0,0,0,medio_baixo
3,10000.0,0,0.0,3,3,1,0,1,0,1,0,0,1,0,0,1,medio_baixo
1,10000.0,0,0.0,1,7,1,0,0,0,1,1,1,1,0,1,1,baixo
6,10000.0,0,0.0,1,5,1,0,0,5,1,0,1,1,0,1,1,baixo
3,75000.0,80,0.975,2,3,1,0,1,0,1,1,0,0,0,0,0,medio_alto
6,35000.0,15,0.8,1,2,1,0,0,0,1,1,0,0,0,0,0,medio_baixo
1,0.0,0,0.0,0,0,1,0,0,0,0,0,0,0,0,0,0,gratuito
2,10000.0,0,0.0,11,3,1,1,1,0,1,0,0,1,0,1,0,baixo
3,0.0,0,0.0,0,0,1,0,0,0,0,0,0,0,0,0,0,gratuito
3,10000.0,0,0.0,1,2,1,1,1,0,0,0,0,1,0,1,0,medio_alto
5,10000.0,289,0.6816608996539792,12,1,1,0,0,0,0,0,0,0,0,0,0,medio_baixo
2,10000.0,6,1.0,1,3,1,0,0,0,0,0,1,1,0,0,0,gratuito
1,0.0,0,0.0,103,2,1,0,0,0,1,0,0,1,0,0,0,medio_alto
4,10000.0,2,0.5,1,4,1,0,0,0,1,1,1,1,0,0,0,baixo
2,10000.0,7,1.0,1,2,1,0,0,0,1,0,0,0,1,0,0,alto
1,0.0,0,0.0,0,0,1,0,0,0,0,0,0,0,0,0,0,gratuito
4,0.0,0,0.0,1,2,1,0,0,0,1,0,0,1,0,0,0,gratuito
4,10000.0,74,0.8783783783783784,1,3,1,0,0,0,1,0,1,1,0,0,0,medio_alto
5,10000.0,59,0.6779661016949152,1,2,1,0,0,0,1,0,0,0,0,0,0,medio_alto
1,0.0,0,0.0,2,2,1,0,0,0,0,0,0,0,0,1,1,medio_baixo
1,0.0,0,0.0,1,2,1,0,0,0,1,0,0,0,0,0,0,gratuito
1,0.0,0,0.0,1,4,1,0,0,1,0,1,1,0,1,0,0,gratuito
3,10000.0,1,0.0,1,4,1,0,0,0,1,0,1,1,0,1,0,medio_alto
1,10000.0,1856,0.7995689655172413,8,3,1,0,0,0,0,1,0,0,0,1,0,gratuito
1,10000.0,0,0.0,1,1,1,0,0,0,0,1,0,0,0,0,0,alto
3,35000.0,14,1.0,1,2,1,0,0,0,1,0,1,0,0,0,0,alto
1,0.0,0,0.0,0,0,1,0,0,0,0,0,0,0,0,0,0,gratuito
1,0.0,0,0.0,0,0,1,0,0,0,0,0,0,0,0,0,0,gratuito
2,10000.0,2,0.5,1,2,1,1,1,0,1,0,0,0,1,0,0,alto
2,10000.0,122,0.9016393442622951,14,2,1,1,0,1,0,1,1,0,0,0,0,medio_baixo
10,10000.0,15,0.6666666666666666,1,3,1,0,0,1,1,1,1,0,0,0,0,baixo
9,75000.0,55,0.7272727272727273,1,5,1,0,0,0,1,0,1,1,1,1,0,baixo
2,0.0,0,0.0,1,2,1,0,0,0,0,0,1,0,0,0,0,gratuito
5,0.0,0,0.0,0,0,1,0,0,0,0,0,0,0,0,0,0,gratuito
7,10000.0,12,0.4166666666666667,1,2,1,0,0,0,1,1,0,0,0,0,0,medio_baixo
1,10000.0,1,1.0,5,5,1,0,0,0,1,1,1,1,0,1,0,baixo
5,10000.0,15,0.6,3,2,1,0,0,1,1,0,0,0,1,0,0,alto
3,75000.0,449,0.8129175946547884,10,5,1,0,0,0,0,1,1,1,1,1,0,baixo
2,10000.0,72,0.9583333333333334,1,3,1,0,0,0,1,1,0,1,0,0,0,alto
1,10000.0,5,1.0,1,2,1,1,1,0,1,0,0,1,0,0,0,medio_baixo
5,10000.0,32,0.96875,1,1,1,0,0,1,0,0,0,1,0,0,0,baixo
8,10000.0,1,1.0,1,3,1,0,0,0,1,1,0,0,0,0,0,alto
3,10000.0,13,0.9230769230769231,1,2,1,0,0,0,1,0,0,0,0,0,1,gratuito
4,0.0,0,0.0,0,0,1,0,0,0,0,0,0,0,0,0,0,gratuito
3,10000.0,3,0.6666666666666666,1,5,1,0,0,0,1,1,0,1,0,1,0,gratuito
2,10000.0,45,0.9777777777777777,7,3,1,1,0,0,1,1,1,0,0,0,0,medio_baixo
3,10000.0,0,0.0,1,4,1,0,0,0,1,1,1,1,0,0,0,medio_baixo
7,35000.0,305,0.9114754098360656,1,2,1,0,0,1,1,0,0,0,1,0,0,medio_baixo
4,10000.0,39,0.8974358974358975,2,1,1,0,0,0,1,0,0,0,0,0,0,medio_baixo
4,10000.0,5,0.6,1,3,1,0,1,0,1,1,0,1,0,0,0,medio_alto
10,75000.0,221,0.7285067873303167,1,2,1,1,1,0,1,1,0,0,0,0,0,baixo
8,10000.0,0,0.0,1,2,1,0,0,0,1,0,0,1,0,0,0,medio_baixo
3,10000.0,75,0.84,4,3,1,0,0,1,1,0,1,0,0,0,1,alto
3,0.0,0,0.0,0,0,1,0,0,0,0,0,0,0,0,0,0,gratuito
4,10000.0,18,1.0,6,3,1,1,0,1,1,1,1,0,0,0,0,medio_baixo
3,150000.0,3989,0.568062170970168,15,2,1,0,0,8,0,1,1,0,0,0,0,alto
16,10000.0,8,0.75,1,1,1,0,0,0,0,0,1,0,0,0,0,alto
12,35000.0,101,0.6831683168316832,3,2,1,0,0,0,0,1,0,0,0,0,1,baixo
11,350000.0,5970,0.8283082077051926,1,1,1,1,1,0,1,0,0,0,0,0,0,medio_alto
3,35000.0,797,0.821831869510665,3,3,1,0,0,0,1,0,0,1,1,0,0,medio_baixo
11,350000.0,1275,0.7403921568627451,1,4,1,0,0,0,1,1,1,0,1,0,0,baixo
2,10000.0,0,0.0,1,4,1,0,0,0,1,0,0,1,0,1,0,medio_alto
2,10000.0,0,0.0,1,2,1,0,0,0,1,0,0,1,0,0,0,baixo
5,10000.0,7,1.0,2,5,1,0,0,0,1,1,1,0,0,0,0,alto
8,350000.0,704,0.7599431818181818,14,1,1,0,0,0,0,0,0,0,0,0,0,gratuito
9,75000.0,109,0.8532110091743119,1,4,1,0,0,0,1,0,0,0,1,1,0,gratuito
7,15000000.0,81714,0.7592578995031452,14,2,1,0,0,2,0,1,0,0,0,0,0,gratuito
3,10000.0,0,0.0,1,2,1,0,0,0,1,0,0,1,0,0,0,medio_baixo
1,10000.0,0,0.0,1,1,1,0,0,0,0,0,0,0,0,0,1,medio_baixo
2,10000.0,148,0.7432432432432432,1,2,1,0,0,0,1,0,0,0,1,0,0,baixo
6,10000.0,0,0.0,1,4,1,0,0,0,1,1,0,0,1,0,1,alto
8,1500000.0,73481,0.9566010261155945,2,3,1,0,0,0,0,1,1,0,1,0,0,gratuito
8,10000.0,1,1.0,2,1,1,0,0,0,1,0,0,0,0,0,0,medio_alto
1,10000.0,0,0.0,12,3,1,0,0,0,1,1,1,0,0,0,0,medio_baixo
3,10000.0,5,0.4,1,3,1,0,0,0,0,0,1,0,1,1,0,baixo
1,0.0,0,0.0,1,3,1,0,0,0,1,1,1,0,0,0,0,medio_baixo
6,75000.0,11,1.0,2,6,1,0,0,0,1,1,1,1,1,0,0,baixo
1,10000.0,8,0.875,1,2,1,0,0,0,1,0,0,1,0,0,0,baixo
2,10000.0,12,0.5833333333333334,9,2,1,0,0,0,0,1,1,0,0,0,0,medio_alto
7,10000.0,11,0.9090909090909091,1,6,1,0,0,1,1,0,1,1,1,1,1,baixo
3,35000.0,390,0.8256410256410256,8,3,1,1,1,0,1,0,0,1,0,1,0,medio_baixo
8,10000.0,2,1.0,1,6,1,0,0,0,1,1,1,1,1,0,0,medio_baixo
1,0.0,0,0.0,1,2,1,0,0,0,1,0,0,0,0,0,0,gratuito
2,10000.0,0,0.0,3,3,1,0,0,1,1,0,1,0,0,0,0,gratuito
1,10000.0,1,0.0,14,3,1,0,0,0,1,1,0,0,0,0,0,baixo
3,75000.0,1,0.0,1,1,1,0,0,0,1,0,0,0,0,0,0,baixo
7,35000.0,91,0.6373626373626373,1,6,1,0,0,0,1,0,1,1,1,1,1,medio_alto
5,10000.0,0,0.0,3,1,1,1,0,0,1,0,0,0,0,0,0,medio_baixo
3,150000.0,1570,0.9388535031847134,10,0,1,0,0,4,0,0,0,0,0,0,0,alto
3,10000.0,0,0.0,1,2,1,1,1,3,1,0,0,1,0,0,0,alto
2,10000.0,20,0.75,1,3,1,0,0,0,0,1,0,0,0,0,0,gratuito
2,10000.0,3,0.6666666666666666,9,2,1,0,0,0,0,0,0,0,0,0,0,alto
10,10000.0,14,0.6428571428571429,6,2,1,1,0,0,1,0,0,1,0,0,0,medio_baixo
1,0.0,0,0.0,1,3,1,0,0,0,1,1,1,0,0,0,0,medio_baixo
2,0.0,0,0.0,1,3,1,0,0,0,0,0,1,1,0,0,0,gratuito
9,10000.0,31,0.967741935483871,1,3,1,0,0,0,1,1,1,0,0,0,0,gratuito
8,350000.0,5581,0.6590216807023831,10,3,1,0,0,0,0,1,1,0,0,1,0,alto
1,10000.0,0,0.0,3,1,1,0,0,0,0,0,0,0,1,0,0,alto
2,0.0,0,0.0,0,0,1,0,0,0,0,0,0,0,0,0,0,gratuito
7,10000.0,3,0.3333333333333333,1,2,1,0,1,0,0,0,1,0,1,0,0,medio_baixo
6,10000.0,0,0.0,2,2,1,1,1,1,1,0,0,1,0,0,0,medio_baixo
6,150000.0,647,0.8408037094281299,11,5,1,1,0,0,1,1,0,1,0,0,0,gratuito
9,10000.0,25,0.48,1,2,1,0,0,0,1,0,0,1,0,0,0,baixo
5,10000.0,7,0.14285714285714285,1,6,1,0,0,0,1,1,1,0,1,1,1,alto
2,10000.0,3,1.0,1,3,1,0,0,0,1,0,0,1,0,1,0,alto
7,10000.0,34,0.4117647058823529,2,2,1,0,0,0,1,0,1,0,0,0,0,baixo
3,35000.0,6,0.3333333333333333,1,2,1,0,0,0,1,0,1,0,0,0,0,baixo
7,10000.0,35,0.42857142857142855,7,6,1,0,0,0,1,0,1,1,0,0,1,baixo
1,10000.0,3,0.6666666666666666,1,5,1,0,0,0,1,0,1,1,0,0,1,alto
12,75000.0,143,0.8181818181818182,1,2,1,1,1,0,1,1,0,0,0,0,0,gratuito
5,10000.0,0,0.0,1,2,1,0,0,1,1,0,0,1,0,0,0,baixo
6,10000.0,0,0.0,1,4,1,0,1,1,1,0,1,1,0,0,1,alto
1,0.0,0,0.0,2,5,1,0,0,0,1,1,0,1,1,0,0,gratuito
1,0.0,0,0.0,1,1,1,0,0,0,1,0,0,0,0,0,0,medio_baixo
1,10000.0,0,0.0,9,4,1,0,0,0,1,0,0,1,0,0,1,alto
8,150000.0,1114,0.6122082585278277,11,3,1,0,0,0,1,0,0,1,0,1,0,baixo
2,10000.0,2,1.0,35,5,1,0,0,0,1,1,1,1,0,0,0,medio_baixo
2,10000.0,205,0.7804878048780488,10,1,1,0,0,4,0,0,0,0,0,1,0,medio_alto
2,10000.0,8,1.0,2,2,1,0,0,0,1,0,0,1,0,0,0,medio_baixo
10,10000.0,4,0.75,1,2,1,0,0,0,1,0,1,0,0,0,0,medio_alto
1,0.0,0,0.0,0,0,1,0,0,0,0,0,0,0,0,0,0,gratuito
2,0.0,0,0.0,1,5,1,0,0,1,1,0,0,1,0,0,1,gratuito
4,10000.0,1,0.0,24,1,1,0,0,0,0,0,1,0,0,0,0,medio_alto
2,10000.0,8,0.875,1,2,1,0,0,0,1,0,0,0,0,0,1,medio_baixo
2,35000.0,7,0.8571428571428571,1,5,1,0,0,0,0,1,1,0,0,0,0,gratuito
19,1500000.0,4202,0.8277010947168015,1,1,1,0,0,0,0,1,0,0,0,0,0,baixo
1,0.0,0,0.0,0,0,1,0,0,0,0,0,0,0,0,0,0,gratuito
3,35000.0,69,0.7536231884057971,1,4,1,0,0,0,0,1,0,0,0,0,0,gratuito
12,1500000.0,12053,0.8655936281423712,1,4,1,0,0,0,1,1,0,1,0,1,0,gratuito
1,0.0,0,0.0,5,1,1,0,0,0,0,0,0,0,0,0,1,medio_alto
3,10000.0,0,0.0,1,2,1,0,0,0,1,0,1,0,0,0,0,alto
2,10000.0,0,0.0,1,4,1,0,0,0,1,1,1,0,0,0,0,gratuito
7,10000.0,10,0.2,1,3,1,0,0,0,1,1,1,0,0,0,0,baixo
6,10000.0,38,0.868421052631579,1,2,1,0,0,0,0,0,0,0,1,0,1,alto
2,10000.0,1,1.0,1,2,1,0,0,0,1,0,0,1,0,0,0,baixo
3,10000.0,35,0.8,14,1,1,0,0,1,1,0,0,0,0,0,0,baixo
2,75000.0,481,0.7505197505197505,2,4,1,0,0,1,1,0,1,0,1,1,0,alto
6,10000.0,13,0.8461538461538461,29,2,1,0,0,0,1,0,0,1,0,0,0,baixo
3,10000.0,0,0.0,1,3,1,0,0,0,1,1,1,0,0,0,0,gratuito
4,10000.0,8,1.0,1,3,1,1,1,0,1,0,0,1,0,1,0,medio_baixo
1,10000.0,16,0.5,12,1,1,0,0,0,1,0,0,0,0,0,0,medio_baixo
3,10000.0,54,0.8148148148148148,3,3,1,0,0,0,1,1,1,0,0,0,0,alto
9,350000.0,2454,0.33985330073349634,5,2,1,0,0,0,0,0,0,0,0,1,1,medio_baixo
2,10000.0,14,0.7142857142857143,11,4,1,0,0,0,1,1,1,1,0,0,0,baixo
2,10000.0,0,0.0,5,3,1,0,0,0,1,0,1,0,1,0,0,alto
1,10000.0,221,0.7058823529411765,4,2,1,0,0,0,1,1,0,0,0,0,0,medio_baixo
8,10000.0,0,0.0,3,5,1,0,0,2,1,0,1,1,1,1,0,medio_alto
2,10000.0,128,0.8828125,11,4,1,1,1,0,1,1,0,1,0,1,0,medio_alto
3,10000.0,0,0.0,14,2,1,0,0,1,1,0,0,1,0,0,0,baixo
2,10000.0,0,0.0,2,2,1,0,0,0,1,0,0,1,0,0,0,gratuito
4,0.0,0,0.0,0,0,1,0,0,0,0,0,0,0,0,0,0,gratuito
2,10000.0,15,0.9333333333333333,1,4,1,0,0,0,1,1,0,1,0,0,0,gratuito
11,10000.0,10,0.1,1,2,1,0,0,0,0,0,0,0,0,0,0,alto
1,0.0,0,0.0,1,2,1,0,0,0,0,0,1,1,0,0,0,medio_baixo
9,350000.0,1231,0.7920389926888708,1,2,1,0,0,2,1,1,0,0,0,0,0,medio_baixo
11,35000.0,140,0.6285714285714286,1,3,1,1,1,0,1,0,1,0,0,0,1,alto
3,10000.0,22,1.0,1,1,1,0,0,0,1,0,0,0,0,0,0,medio_baixo
5,0.0,0,0.0,1,5,1,0,0,0,0,1,0,0,1,1,0,gratuito
4,75000.0,5,0.8,2,5,1,0,0,0,1,0,1,0,1,1,0,alto
11,10000.0,58,0.5689655172413793,1,2,1,0,0,0,1,0,0,0,0,1,0,gratuito
1,0.0,0,0.0,2,5,1,0,0,0,1,1,1,0,0,1,0,gratuito
3,10000.0,482,0.9688796680497925,1,3,1,1,1,0,1,0,1,1,0,0,0,alto
2,10000.0,6,1.0,7,2,1,0,0,0,0,1,0,1,0,0,0,baixo
6,10000.0,21,0.9047619047619048,1,4,1,0,0,0,1,1,1,1,0,0,0,medio_alto
1,0.0,0,0.0,1,3,1,1,0,0,1,0,0,1,0,0,1,medio_alto
8,10000.0,2,0.0,1,2,1,0,0,0,1,1,0,0,0,0,0,baixo
6,10000.0,223,0.9461883408071748,4,4,1,0,0,1,1,0,1,0,1,1,0,alto
8,10000.0,14,0.7142857142857143,2,3,1,0,0,0,1,0,0,0,1,0,0,alto
8,10000.0,31,0.9032258064516129,2,4,1,0,0,0,1,0,1,1,0,1,0,medio_baixo
10,75000.0,1223,0.9247751430907605,1,3,1,1,1,1,1,0,0,0,0,1,1,medio_alto
4,35000.0,26,1.0,11,2,1,0,0,1,1,0,0,1,0,0,0,baixo
4,10000.0,12,0.8333333333333334,2,4,1,0,0,0,1,0,0,1,1,0,1,medio_alto
3,10000.0,6,1.0,1,4,1,0,0,0,1,1,0,1,0,0,1,baixo
1,10000.0,3,1.0,103,3,1,0,0,0,1,0,0,1,0,0,1,baixo
3,10000.0,8,1.0,3,4,1,1,1,0,1,0,0,0,0,0,0,gratuito
7,10000.0,2,1.0,1,3,1,0,0,0,1,0,0,1,0,0,0,medio_baixo
1,10000.0,0,0.0,1,3,1,1,1,0,0,0,1,1,0,0,1,medio_alto
1,10000.0,0,0.0,7,2,1,0,0,0,0,1,0,1,0,0,0,alto
6,10000.0,57,0.49122807017543857,1,6,1,0,0,0,1,0,1,1,0,0,1,medio_alto
9,35000.0,27,0.8888888888888888,1,3,1,0,0,1,1,1,0,0,0,0,0,gratuito
1,0.0,0,0.0,1,4,1,0,0,0,1,1,1,0,0,0,0,gratuito
1,0.0,0,0.0,0,0,1,0,0,0,0,0,0,0,0,0,0,gratuito
4,0.0,0,0.0,1,3,1,0,0,0,1,1,0,0,0,0,0,gratuito
3,10000.0,0,0.0,1,1,1,0,1,0,0,0,0,1,0,0,0,medio_alto
5,10000.0,15,0.6666666666666666,2,3,1,0,0,0,1,0,0,0,0,1,1,alto
7,10000.0,44,0.8863636363636364,4,4,1,0,0,1,1,1,1,1,0,0,0,medio_alto
1,10000.0,0,0.0,1,6,1,0,0,0,1,1,1,1,1,0,1,baixo
8,10000.0,23,0.21739130434782608,1,7,1,0,0,0,1,1,1,1,1,1,1,baixo
10,75000.0,368,0.6141304347826086,1,4,1,0,0,0,1,1,1,1,0,0,0,baixo
8,10000.0,41,0.5121951219512195,1,4,1,0,0,0,1,1,1,0,0,0,0,gratuito
1,10000.0,13,1.0,1,1,1,0,0,0,0,0,0,1,0,0,0,baixo
10,10000.0,42,0.8095238095238095,2,3,1,1,1,0,1,0,1,1,0,0,0,baixo
1,0.0,0,0.0,1,4,1,0,0,0,1,0,1,1,0,0,0,gratuito
5,150000.0,2722,0.8982365907421014,1,4,1,1,1,0,1,1,1,0,0,0,0,alto
1,10000.0,0,0.0,11,4,1,0,0,1,1,1,1,1,0,0,0,alto
3,10000.0,20,1.0,1,1,1,0,0,0,0,0,0,1,0,0,0,baixo
2,10000.0,10,1.0,2,1,1,0,1,0,1,0,0,0,0,0,0,medio_baixo
10,10000.0,1,1.0,1,3,1,1,0,0,0,1,1,1,0,0,0,alto
2,0.0,0,0.0,0,0,1,0,0,0,0,0,0,0,0,0,0,gratuito
2,150000.0,40,0.9,3,2,1,0,0,0,1,1,0,0,0,0,0,medio_alto
3,10000.0,5,1.0,2,2,1,0,0,0,0,0,1,0,1,0,0,medio_baixo
8,10000.0,2,1.0,1,6,1,1,0,1,1,1,1,0,1,0,0,medio_alto
12,10000.0,96,0.90625,2,2,1,0,1,0,1,0,0,1,0,0,0,medio_alto
2,10000.0,15,0.8666666666666667,1,3,1,0,0,0,1,1,1,0,0,0,0,alto
8,10000.0,20,0.6,1,2,1,0,0,0,1,1,0,0,0,0,0,medio_baixo
1,10000.0,0,0.0,5,1,1,1,0,3,0,0,0,0,0,1,0,alto
1,0.0,0,0.0,1,5,1,0,0,0,1,0,1,1,0,1,1,baixo
2,0.0,0,0.0,0,0,1,0,0,0,0,0,0,0,0,0,0,gratuito
10,150000.0,1908,0.8988469601677149,1,3,1,0,0,0,1,1,0,0,0,0,1,medio_alto
1,0.0,0,0.0,103,9,1,0,0,0,1,1,1,1,1,1,1,alto
4,0.0,0,0.0,0,0,1,0,0,0,0,0,0,0,0,0,0,gratuito
6,10000.0,1,1.0,1,4,1,0,0,0,1,0,1,1,1,0,0,medio_alto
2,10000.0,0,0.0,1,2,1,0,0,0,1,1,0,0,0,0,0,medio_baixo
9,10000.0,0,0.0,1,3,1,0,0,0,1,0,1,0,0,1,0,medio_alto
11,75000.0,487,0.8069815195071869,11,2,1,1,1,0,0,0,1,1,0,0,0,medio_alto
1,10000.0,0,0.0,1,3,1,0,0,0,1,0,0,1,0,0,1,alto
4,35000.0,927,0.8813376483279396,2,4,1,1,1,4,1,1,0,0,0,0,1,alto
10,35000.0,260,0.6038461538461538,3,1,1,0,0,2,0,0,0,0,0,1,0,medio_baixo
7,10000.0,18,0.7777777777777778,2,3,1,0,0,1,1,0,1,0,0,0,0,gratuito
3,10000.0,5,1.0,1,1,1,0,0,0,0,1,0,0,0,0,0,medio_baixo
8,35000.0,464,0.875,2,1,1,0,0,0,0,0,1,0,0,0,0,alto
5,10000.0,4,1.0,1,3,1,0,0,0,1,1,0,1,0,0,0,baixo
4,0.0,0,0.0,2,3,1,0,0,1,1,0,1,1,0,0,0,baixo
6,75000.0,288,0.7708333333333334,2,3,1,0,0,0,1,1,0,0,1,0,0,baixo
1,10000.0,0,0.0,6,1,1,0,0,1,0,0,1,0,0,0,0,alto
9,10000.0,9,0.8888888888888888,1,2,1,0,0,0,1,0,0,1,0,0,0,baixo
10,10000.0,47,0.9361702127659575,1,3,1,0,0,0,1,1,0,0,0,0,1,medio_baixo
3,75000.0,1483,0.9763991908293999,2,2,1,0,0,0,1,1,0,0,0,0,0,baixo
7,10000.0,66,0.5606060606060606,1,1,1,0,0,0,0,0,1,0,0,0,0,alto
1,10000.0,0,0.0,1,2,1,0,0,0,0,0,0,0,0,0,1,gratuito
6,10000.0,2,1.0,1,2,1,1,0,0,0,0,1,0,1,0,0,baixo
6,10000.0,40,0.55,1,3,1,0,0,0,1,0,1,1,0,0,0,gratuito
10,35000.0,139,0.762589928057554,1,2,1,1,1,0,1,1,0,0,0,0,0,baixo
7,10000.0,170,0.9176470588235294,1,3,1,1,1,0,1,0,0,1,0,0,0,medio_baixo
7,10000.0,71,0.9014084507042254,1,3,1,0,0,1,1,1,0,0,0,0,0,gratuito
6,10000.0,285,0.8736842105263158,5,4,1,0,0,0,1,1,1,0,1,0,0,alto
3,10000.0,53,0.8679245283018868,1,1,1,1,1,0,0,1,0,0,0,0,0,medio_alto
3,35000.0,258,0.8449612403100775,5,2,1,0,0,0,1,0,0,1,0,0,0,medio_baixo
3,10000.0,7,0.7142857142857143,8,4,1,0,0,0,1,0,0,1,0,1,1,alto
3,1500000.0,20988,0.7914046121593291,13,1,1,0,0,2,0,1,0,0,0,0,0,alto
12,750000.0,1707,0.869361452841242,1,2,1,1,1,0,0,0,0,1,1,0,0,alto
9,10000.0,28,0.03571428571428571,12,5,1,1,1,0,1,0,0,1,0,1,1,alto
1,10000.0,0,0.0,13,3,1,0,0,0,1,1,0,0,1,0,0,alto
6,35000.0,7,0.5714285714285714,7,3,1,0,1,1,1,1,1,0,0,0,0,baixo
7,10000.0,0,0.0,1,1,1,0,0,0,1,0,0,0,0,0,0,baixo
4,10000.0,3,0.6666666666666666,6,3,1,0,0,0,1,0,0,1,0,0,0,medio_baixo
1,10000.0,0,0.0,7,4,1,1,1,0,1,1,1,0,1,0,0,alto
1,10000.0,14,0.9285714285714286,11,3,1,0,0,0,1,0,0,0,0,1,1,medio_alto
1,0.0,0,0.0,103,3,1,0,1,0,1,0,0,1,0,1,0,baixo
1,10000.0,0,0.0,2,2,1,0,0,0,1,0,0,0,1,0,0,alto
8,10000.0,3,0.0,1,4,1,0,0,0,1,0,1,1,1,0,0,baixo
1,0.0,0,0.0,11,5,1,0,0,0,0,1,0,0,1,1,0,gratuito
3,10000.0,103,0.9805825242718447,2,2,1,0,0,1,1,1,0,0,0,0,0,medio_baixo
8,10000.0,10,0.8,1,2,1,1,1,0,0,1,0,1,0,0,0,medio_alto
2,10000.0,23,0.43478260869565216,4,4,1,0,0,1,1,0,0,1,1,1,0,medio_alto
1,10000.0,0,0.0,1,3,1,0,0,0,0,0,1,1,0,0,1,medio_alto
10,10000.0,91,0.5604395604395604,2,3,1,0,0,0,1,1,1,0,0,0,0,baixo
1,10000.0,0,0.0,1,4,1,0,0,0,1,0,0,1,0,0,1,gratuito
8,10000.0,25,0.8,1,2,1,0,0,0,1,0,0,0,0,0,0,medio_alto
1,0.0,0,0.0,0,0,1,0,0,0,0,0,0,0,0,0,0,gratuito
2,35000.0,521,0.8905950095969289,2,3,1,0,0,0,1,0,1,0,1,0,0,medio_alto
9,10000.0,11,0.18181818181818182,1,2,1,0,0,0,0,1,0,0,0,0,1,medio_alto
16,75000.0,265,0.7547169811320755,3,1,1,0,0,0,0,1,0,0,0,0,0,baixo
2,0.0,0,0.0,29,3,1,0,0,0,0,0,1,0,0,1,0,gratuito
4,10000.0,3,1.0,1,2,1,0,0,0,1,1,0,0,0,0,0,medio_baixo
4,10000.0,1,1.0,1,2,1,0,0,0,0,1,0,1,0,0,0,alto
4,10000.0,7,0.42857142857142855,1,2,1,1,1,0,1,0,0,0,1,0,0,medio_alto
1,10000.0,1,1.0,1,2,1,0,0,0,1,0,1,0,0,0,0,alto
1,0.0,0,0.0,5,5,1,0,0,0,0,1,1,0,1,1,0,gratuito
1,10000.0,2,1.0,8,4,1,0,0,0,1,1,1,0,1,0,0,medio_alto
3,0.0,0,0.0,0,0,1,0,0,0,0,0,0,0,0,0,0,gratuito
11,10000.0,69,0.6231884057971014,1,3,1,0,0,0,1,0,0,1,1,0,0,medio_alto
1,10000.0,0,0.0,1,3,1,0,1,1,1,1,0,0,1,0,0,alto
10,10000.0,31,0.2903225806451613,1,1,1,0,0,0,0,0,0,0,0,0,1,medio_alto
6,10000.0,1,1.0,2,5,1,0,0,0,1,1,1,1,0,1,0,medio_alto
11,10000.0,28,0.8928571428571429,7,2,1,1,0,0,1,1,0,0,0,0,0,medio_alto
12,75000.0,489,0.7791411042944786,2,3,1,0,0,0,0,1,0,0,1,0,1,baixo
3,10000.0,357,0.9635854341736695,14,3,1,0,0,1,1,0,1,1,0,0,0,medio_alto
2,10000.0,14,0.8571428571428571,2,2,1,0,0,1,1,1,0,0,0,0,0,medio_baixo
4,10000.0,3,0.6666666666666666,2,3,1,0,1,0,1,1,0,1,0,0,0,medio_baixo
2,10000.0,0,0.0,1,4,1,0,1,0,1,0,0,1,1,0,0,medio_baixo
1,0.0,0,0.0,1,3,1,0,0,0,1,0,0,1,0,1,0,alto
2,10000.0,23,0.5652173913043478,1,2,1,0,0,0,0,0,1,0,0,0,0,gratuito
7,10000.0,169,0.8165680473372781,1,2,1,1,1,0,1,1,0,0,0,0,0,alto
1,0.0,0,0.0,1,2,1,0,0,1,1,0,0,0,0,0,1,medio_alto
15,35000.0,136,0.6029411764705882,1,3,1,0,0,0,1,1,1,0,0,0,0,baixo
7,35000.0,5,1.0,8,3,1,1,0,0,1,0,0,1,0,1,0,medio_baixo
3,10000.0,15,0.9333333333333333,4,3,1,0,0,0,0,0,0,1,0,1,1,medio_baixo
2,10000.0,34,0.9411764705882353,10,5,1,0,0,0,1,0,0,1,0,0,1,medio_alto
3,10000.0,0,0.0,1,3,1,0,0,0,1,1,0,0,0,1,0,baixo
7,10000.0,644,0.968944099378882,1,2,1,0,0,6,1,0,0,0,1,0,0,alto
1,0.0,0,0.0,2,2,1,0,0,0,1,0,1,0,0,0,0,baixo
3,10000.0,5,0.8,3,3,1,0,0,0,1,0,0,1,0,1,0,baixo
3,10000.0,0,0.0,3,1,1,1,1,0,0,0,0,1,0,0,0,alto
2,10000.0,3,1.0,9,2,1,0,0,0,1,1,0,0,0,0,0,medio_baixo
4,0.0,0,0.0,0,0,1,0,0,0,0,0,0,0,0,0,0,gratuito
2,10000.0,0,0.0,1,2,1,0,0,0,1,0,1,0,0,0,0,medio_baixo
4,10000.0,0,0.0,1,2,1,0,0,0,0,1,1,0,0,0,0,medio_alto
4,10000.0,11,1.0,2,2,1,0,0,0,0,1,1,0,0,0,0,alto
2,10000.0,11,0.9090909090909091,6,4,1,0,0,0,1,1,0,1,1,0,0,medio_alto
6,10000.0,52,0.9230769230769231,1,8,1,1,0,0,1,1,1,1,1,1,1,alto
1,10000.0,0,0.0,1,7,1,0,0,0,1,1,1,1,1,0,1,baixo
3,10000.0,77,0.8831168831168831,1,3,1,0,1,0,1,0,0,0,1,1,0,alto
1,10000.0,4,1.0,3,4,1,0,0,0,1,0,0,0,1,1,0,medio_alto
11,75000.0,53,0.5849056603773585,1,6,1,1,1,0,0,0,0,0,0,0,0,gratuito
6,10000.0,0,0.0,29,2,1,0,1,0,1,0,0,1,0,0,0,baixo
2,10000.0,0,0.0,1,4,1,0,1,0,1,0,1,1,0,0,1,medio_baixo
8,10000.0,1,0.0,1,4,1,0,0,0,1,1,0,1,0,1,0,medio_alto
3,10000.0,1,1.0,1,3,1,0,0,0,1,1,0,1,0,0,0,baixo
2,0.0,0,0.0,30,3,1,0,0,0,0,0,0,1,1,0,1,medio_alto
2,0.0,0,0.0,2,4,1,0,0,0,1,0,1,1,0,0,0,gratuito
1,0.0,0,0.0,0,0,1,0,0,0,0,0,0,0,0,0,0,gratuito
2,10000.0,2,1.0,1,1,1,0,0,0,0,0,0,1,0,0,0,medio_baixo
6,10000.0,12,1.0,2,3,1,1,0,0,1,1,1,0,0,0,0,baixo
2,0.0,0,0.0,0,0,1,0,0,0,0,0,0,0,0,0,0,gratuito
1,10000.0,1,1.0,1,2,1,0,0,0,1,0,0,1,0,0,0,medio_baixo
1,10000.0,0,0.0,4,4,1,0,0,0,1,0,1,1,1,0,0,alto
4,10000.0,29,1.0,1,2,1,0,0,0,0,0,1,0,1,0,0,medio_alto
2,10000.0,100,0.95,1,1,1,0,0,0,1,0,0,0,0,0,0,alto
11,35000.0,29,0.4827586206896552,1,3,1,0,0,0,1,0,1,0,1,0,0,gratuito
3,10000.0,3,1.0,1,1,1,1,1,0,0,1,0,0,0,0,0,medio_alto
3,10000.0,0,0.0,1,2,1,0,0,0,0,1,0,0,0,0,0,gratuito
2,10000.0,6,1.0,11,3,1,0,0,0,1,1,1,0,0,0,0,medio_baixo
3,350000.0,5963,0.9793727989267147,1,4,1,0,0,1,1,1,1,0,0,0,0,gratuito
2,0.0,0,0.0,0,0,1,0,0,0,0,0,0,0,0,0,0,gratuito
5,10000.0,12,0.8333333333333334,1,1,1,0,0,0,0,0,0,1,0,0,0,medio_alto
2,10000.0,16,0.8125,1,2,1,0,0,0,1,0,1,0,0,0,0,medio_baixo
3,0.0,0,0.0,103,3,1,1,1,0,1,0,0,1,0,1,0,baixo
17,350000.0,788,0.751269035532995,3,2,1,0,0,0,0,0,0,0,0,1,1,medio_baixo
9,7500000.0,110196,0.9480561907873244,13,1,1,0,0,9,0,0,1,0,0,0,0,alto
1,10000.0,2,0.5,1,4,1,0,0,0,1,1,1,0,0,0,0,medio_alto
6,10000.0,25,0.92,1,5,1,1,0,0,1,0,1,1,0,0,1,gratuito
4,10000.0,73,0.3287671232876712,1,1,1,0,0,0,0,0,1,0,0,0,0,medio_baixo
8,10000.0,1,0.0,1,2,1,0,0,0,0,1,0,0,0,0,0,alto
9,10000.0,20,0.65,4,2,1,0,0,0,1,1,0,0,0,0,0,medio_alto
4,10000.0,60,0.8666666666666667,1,5,1,0,0,0,1,1,1,1,1,0,0,baixo
7,10000.0,4,0.5,3,3,1,1,1,0,1,1,0,0,0,0,0,alto
10,35000.0,68,0.7647058823529411,10,3,1,0,0,1,1,1,0,1,0,0,0,alto
4,10000.0,83,0.927710843373494,1,5,1,0,0,1,1,1,0,0,0,0,0,alto
7,10000.0,11,0.5454545454545454,2,2,1,0,0,0,1,0,1,0,0,0,0,medio_baixo
2,10000.0,64,0.921875,10,2,1,0,1,0,1,0,0,1,0,0,0,medio_baixo
6,10000.0,17,0.35294117647058826,2,5,1,0,0,0,1,0,1,1,0,1,1,medio_baixo
1,0.0,0,0.0,0,0,1,0,0,0,0,0,0,0,0,0,0,gratuito
7,10000.0,2,0.0,1,3,1,0,0,0,1,0,0,1,1,0,0,alto
2,10000.0,0,0.0,1,3,1,0,1,0,1,1,1,0,0,0,0,alto
1,0.0,0,0.0,4,3,1,0,0,0,1,0,1,1,0,0,0,alto
4,75000.0,32,0.9375,1,3,1,1,1,0,0,0,1,1,1,0,0,alto
1,35000.0,1058,0.947069943289225,4,5,1,0,0,1,1,0,1,1,1,1,0,alto
4,10000.0,3,0.3333333333333333,17,2,1,0,0,0,0,0,1,0,0,0,1,alto
5,10000.0,0,0.0,3,1,1,0,0,1,0,0,1,0,0,0,0,medio_alto
3,0.0,0,0.0,1,3,1,0,0,0,0,0,1,0,0,1,0,gratuito
6,35000.0,3,0.0,1,2,1,0,0,0,1,0,1,0,0,0,0,baixo
2,10000.0,14,0.8571428571428571,11,4,1,1,1,0,1,0,1,0,0,1,1,medio_alto
2,0.0,0,0.0,1,4,1,1,0,0,1,1,0,1,0,0,0,gratuito
2,10000.0,2,1.0,2,1,1,0,0,0,1,0,0,0,0,0,0,medio_alto
8,350000.0,2617,0.8937714940771876,12,2,1,1,1,1,1,0,1,0,0,0,0,medio_baixo
2,10000.0,9,1.0,1,2,1,0,0,0,1,1,0,0,0,0,0,baixo
2,0.0,0,0.0,1,4,1,0,0,0,1,0,1,1,0,0,0,gratuito
4,10000.0,1,1.0,5,3,1,0,0,0,1,1,0,1,0,0,0,baixo
10,35000.0,47,0.5319148936170213,1,3,1,0,0,0,1,0,1,1,0,0,0,baixo
1,0.0,0,0.0,0,0,1,0,0,0,0,0,0,0,0,0,0,gratuito
1,10000.0,0,0.0,2,2,1,0,0,0,1,0,0,1,0,0,0,medio_baixo
3,0.0,0,0.0,0,0,1,0,0,0,0,0,0,0,0,0,0,gratuito
1,0.0,0,0.0,0,0,1,0,0,0,0,0,0,0,0,0,0,gratuito
1,75000.0,3070,0.7876221498371335,12,2,1,0,0,5,0,1,1,0,0,0,0,alto
5,10000.0,0,0.0,1,1,1,0,0,0,0,0,1,0,0,0,0,baixo
8,10000.0,139,0.7338129496402878,103,5,1,0,0,0,1,0,1,1,0,1,1,baixo
1,10000.0,28,1.0,7,3,1,0,0,0,1,1,0,1,0,0,0,medio_baixo
2,10000.0,1,1.0,1,4,1,0,0,0,1,1,0,0,0,1,1,baixo
2,35000.0,41,0.5121951219512195,7,5,1,0,0,6,1,0,0,1,0,1,1,alto
2,0.0,0,0.0,1,3,1,0,0,0,1,1,0,0,0,0,0,gratuito
10,150000.0,142,0.4014084507042254,12,2,1,1,1,1,1,0,0,1,0,0,0,medio_alto
2,10000.0,91,0.8901098901098901,6,2,1,1,1,0,1,1,0,0,0,0,0,medio_alto
4,3500000.0,116712,0.2461272191377065,6,4,1,0,0,11,1,0,1,0,1,0,0,baixo
8,10000.0,33,0.24242424242424243,4,6,1,0,0,0,1,1,1,1,1,1,0,gratuito
17,350000.0,2558,0.7134480062548866,5,2,1,0,0,0,0,1,0,0,0,1,0,gratuito
6,10000.0,19,0.9473684210526315,1,3,1,1,1,0,1,1,0,0,0,0,0,medio_alto
1,0.0,0,0.0,3,3,1,0,0,0,1,0,1,0,0,1,0,medio_alto
2,0.0,0,0.0,30,3,1,0,0,0,1,0,0,1,0,0,1,medio_baixo
9,35000.0,138,0.7246376811594203,4,3,1,1,0,0,1,0,1,0,1,0,0,baixo
7,750000.0,9438,0.8711591438864166,16,6,1,0,0,0,1,0,0,1,0,0,1,gratuito
2,10000.0,22,0.8636363636363636,1,1,1,0,0,0,0,0,0,0,0,0,0,medio_baixo
9,10000.0,35,0.7428571428571429,1,5,1,0,0,0,1,1,1,0,0,0,0,gratuito
6,10000.0,2,0.0,8,3,1,1,0,0,0,1,1,0,0,1,0,alto
1,0.0,0,0.0,0,0,1,0,0,0,0,0,0,0,0,0,0,gratuito
1,10000.0,0,0.0,1,4,1,0,0,0,1,1,1,1,0,0,0,medio_alto
2,10000.0,53,0.6981132075471698,1,3,1,0,0,0,0,0,0,1,0,0,1,alto
1,0.0,0,0.0,0,0,1,0,0,0,0,0,0,0,0,0,0,gratuito
2,10000.0,36,0.8333333333333334,1,1,1,0,0,0,0,0,1,0,0,0,0,baixo
1,0.0,0,0.0,0,0,1,0,0,0,0,0,0,0,0,0,0,gratuito
1,10000.0,0,0.0,3,3,1,0,0,0,1,1,0,0,1,0,0,medio_alto
11,750000.0,9237,0.8324131211432283,4,2,1,0,0,8,1,1,0,0,0,0,0,alto
1,0.0,0,0.0,1,1,1,0,0,0,1,0,0,0,0,0,0,medio_alto
2,750000.0,16708,0.9003471390950443,25,1,1,0,0,5,0,0,0,0,0,1,0,alto
8,10000.0,4,0.25,1,2,1,0,0,0,1,1,0,0,0,0,0,baixo
1,10000.0,58,0.9482758620689655,2,1,1,0,0,0,1,0,0,0,0,0,0,medio_baixo
10,10000.0,10,1.0,1,2,1,0,0,0,0,0,1,1,0,0,0,medio_alto
4,10000.0,0,0.0,2,3,1,0,0,0,0,1,1,1,0,0,0,baixo
10,10000.0,95,0.8105263157894737,1,3,1,1,1,0,1,1,0,0,0,0,0,alto
8,10000.0,13,0.15384615384615385,7,5,1,0,0,0,1,1,1,0,0,1,0,medio_alto
1,10000.0,0,0.0,1,2,1,0,0,0,1,0,0,1,0,0,0,medio_baixo
2,35000.0,9,0.8888888888888888,1,4,1,0,0,0,1,1,1,0,1,0,0,baixo
3,0.0,0,0.0,0,0,1,0,0,0,0,0,0,0,0,0,0,gratuito
8,10000.0,412,0.8058252427184466,1,4,1,1,1,0,0,0,1,1,1,0,1,alto
6,10000.0,0,0.0,1,4,1,0,0,0,1,1,1,0,1,0,0,baixo
4,10000.0,32,0.96875,4,4,1,1,1,0,1,1,0,1,0,0,0,medio_baixo
1,10000.0,0,0.0,1,2,1,0,0,0,1,1,0,0,0,0,0,alto
1,10000.0,187,0.6310160427807486,16,3,1,0,0,0,0,1,1,1,0,0,0,baixo
9,10000.0,53,0.9622641509433962,1,3,1,1,0,1,1,1,1,0,0,0,0,medio_baixo
3,35000.0,2,0.5,1,6,1,0,0,0,1,1,1,1,1,0,0,medio_baixo
4,10000.0,0,0.0,7,1,1,0,0,0,0,0,0,0,0,0,1,baixo
8,10000.0,1,1.0,1,2,1,0,0,0,1,0,0,1,0,0,0,medio_baixo
4,10000.0,3,1.0,1,3,1,0,0,0,1,0,0,1,0,1,0,medio_baixo
3,10000.0,1,1.0,2,1,1,0,0,0,1,0,0,0,0,0,0,medio_baixo
11,75000.0,341,0.8152492668621701,8,2,1,1,1,0,0,0,0,0,0,1,1,medio_baixo
6,75000.0,559,0.851520572450805,1,3,1,0,0,0,0,0,0,0,0,0,0,gratuito
3,0.0,0,0.0,0,0,1,0,0,0,0,0,0,0,0,0,0,gratuito
3,10000.0,5,0.6,1,2,1,0,0,0,1,0,1,0,0,0,0,medio_baixo
9,10000.0,22,0.6818181818181818,1,3,1,0,0,0,1,1,0,0,1,0,0,alto
4,10000.0,23,0.6086956521739131,3,3,1,0,0,0,1,1,1,0,0,0,0,medio_alto
6,10000.0,7,0.42857142857142855,1,3,1,1,0,0,1,0,0,0,1,0,1,baixo
1,0.0,0,0.0,103,1,1,1,1,1,0,0,0,1,0,0,0,medio_baixo
2,0.0,0,0.0,1,2,1,0,0,0,0,0,0,0,1,0,0,gratuito
8,3500000.0,7063,0.8840436075322101,11,4,1,1,1,8,1,0,1,0,0,1,1,medio_alto
12,150000.0,338,0.7307692307692307,1,4,1,1,0,0,1,1,0,0,0,0,0,gratuito
4,150000.0,151,0.7019867549668874,8,2,1,0,0,0,0,0,0,0,1,1,0,medio_alto
5,0.0,0,0.0,1,2,1,0,0,0,1,0,0,1,0,0,0,gratuito
2,10000.0,313,0.7795527156549521,5,5,1,0,0,0,1,0,0,0,1,1,1,alto
1,10000.0,0,0.0,1,3,1,0,0,0,1,0,1,0,0,0,1,baixo
7,10000.0,20,0.95,12,6,1,1,0,0,1,1,1,1,1,1,0,medio_baixo
11,35000.0,311,0.9228295819935691,1,2,1,0,1,0,0,1,0,0,0,0,0,gratuito
3,0.0,0,0.0,1,4,1,0,0,0,0,0,1,0,1,1,0,gratuito
3,10000.0,5,0.6,2,1,1,0,0,0,0,0,0,1,0,0,0,alto
2,10000.0,2,1.0,2,2,1,0,0,0,1,0,1,0,0,0,0,baixo
7,10000.0,13,0.5384615384615384,1,3,1,0,0,0,1,1,1,0,0,0,0,baixo
8,10000.0,17,0.7647058823529411,1,3,1,0,0,0,1,0,0,0,1,0,1,gratuito
1,0.0,0,0.0,2,5,1,1,0,0,1,0,1,0,1,0,0,gratuito
1,10000.0,0,0.0,1,2,1,0,0,0,0,0,0,1,1,0,0,baixo
8,35000.0,16,0.8125,1,3,1,0,0,0,1,0,1,0,1,0,0,gratuito
4,10000.0,5,0.2,2,3,1,0,0,0,1,0,0,1,0,1,0,medio_alto
2,10000.0,3,1.0,10,2,1,0,0,0,1,0,0,1,0,0,0,medio_baixo
5,750000.0,14538,0.9042509286009079,13,4,1,1,1,3,1,0,1,1,1,0,0,medio_alto
6,75000.0,217,0.6405529953917051,1,5,1,0,0,0,1,0,1,1,0,0,1,gratuito
1,10000.0,0,0.0,1,1,1,0,0,0,0,0,1,0,0,0,0,medio_alto
2,10000.0,18,0.9444444444444444,10,3,1,1,1,0,1,1,1,0,0,0,0,baixo
8,10000.0,6,0.8333333333333334,11,3,1,0,0,0,1,0,0,1,0,1,0,alto
8,35000.0,27,0.8888888888888888,29,3,1,0,0,0,1,0,1,0,0,0,0,alto
13,1500000.0,3184,0.5804020100502513,3,3,1,0,0,5,0,0,0,0,1,0,0,gratuito
6,10000.0,1,1.0,1,4,1,0,1,0,1,1,1,1,0,0,0,baixo
7,10000.0,4,1.0,1,5,1,0,0,1,1,1,1,1,0,0,0,alto
1,10000.0,86,0.8837209302325582,3,1,1,0,0,0,0,0,1,0,0,0,0,alto
1,10000.0,0,0.0,8,2,1,0,0,0,0,0,0,1,0,0,1,medio_alto
6,75000.0,201,0.900497512437811,7,2,1,0,0,0,0,0,1,1,0,0,0,baixo
4,35000.0,141,0.851063829787234,1,3,1,0,0,0,1,1,1,0,0,0,0,baixo
3,10000.0,0,0.0,1,2,1,0,0,0,0,1,0,0,0,1,0,alto
3,10000.0,0,0.0,1,1,1,1,1,0,0,0,0,1,0,0,0,baixo
3,10000.0,0,0.0,6,1,1,0,0,0,0,0,0,0,0,0,1,medio_alto
7,10000.0,96,0.6979166666666666,1,4,1,1,1,0,1,0,0,1,1,0,1,medio_alto
4,10000.0,8,0.375,1,3,1,1,1,0,1,0,0,1,0,1,0,medio_alto
4,10000.0,3,0.6666666666666666,4,1,1,0,0,0,0,0,0,1,0,0,0,alto
1,10000.0,9,1.0,30,1,1,0,1,0,0,0,0,1,0,0,0,medio_alto
2,10000.0,8,1.0,12,5,1,0,0,0,1,1,0,1,1,0,0,medio_alto
2,10000.0,6,1.0,1,1,1,0,0,0,0,1,0,0,0,0,0,medio_baixo
4,10000.0,2,1.0,1,3,1,0,0,0,1,1,1,0,0,0,0,baixo
1,0.0,0,0.0,0,0,1,0,0,0,0,0,0,0,0,0,0,gratuito
7,10000.0,37,0.8108108108108109,2,2,1,0,0,0,1,0,1,0,0,0,0,gratuito
8,10000.0,3,0.6666666666666666,26,7,1,1,0,0,0,0,0,0,0,0,0,medio_alto
9,350000.0,420,0.8642857142857143,27,2,1,1,1,0,1,0,0,1,0,0,0,baixo
4,0.0,0,0.0,0,0,1,0,0,0,0,0,0,0,0,0,0,gratuito
9,10000.0,44,0.7045454545454546,1,5,1,1,1,0,1,1,1,0,1,0,0,alto
3,0.0,0,0.0,1,2,1,0,0,0,0,1,0,0,0,0,0,gratuito
8,35000.0,960,0.9239583333333333,4,2,1,0,0,1,1,1,0,0,0,0,0,medio_alto
12,150000.0,864,0.7858796296296297,5,2,1,1,1,0,1,0,0,0,0,0,0,medio_baixo
1,0.0,0,0.0,1,3,1,0,0,0,0,1,1,0,0,0,0,gratuito
6,10000.0,1,1.0,1,2,1,0,0,1,0,0,1,0,0,0,0,alto
2,0.0,0,0.0,0,0,1,0,0,0,0,0,0,0,0,0,0,gratuito
2,10000.0,3,1.0,1,3,1,0,0,0,1,0,0,1,0,0,1,baixo
2,10000.0,23,0.9130434782608695,4,1,1,0,0,0,0,0,1,0,0,0,0,alto
1,0.0,0,0.0,0,0,1,0,0,0,0,0,0,0,0,0,0,gratuito
1,10000.0,0,0.0,10,2,1,0,0,0,1,0,0,1,0,0,0,medio_baixo
8,10000.0,47,0.6170212765957447,1,4,1,0,0,2,1,0,0,1,0,1,1,baixo
2,10000.0,3,0.6666666666666666,8,5,1,0,0,0,1,1,1,0,1,1,0,medio_alto
3,10000.0,2,1.0,16,4,1,0,1,0,1,1,1,0,1,0,0,medio_alto
6,10000.0,0,0.0,1,3,1,0,0,0,1,0,0,0,0,0,1,medio_alto
5,10000.0,2,0.5,1,7,1,1,1,0,1,0,1,1,1,0,1,gratuito
1,10000.0,0,0.0,12,4,1,0,0,1,1,1,1,0,1,0,0,medio_baixo
3,10000.0,6,1.0,1,2,1,0,0,0,1,0,0,1,0,0,0,medio_alto
1,10000.0,0,0.0,3,2,1,1,0,0,1,0,0,1,0,0,0,alto
8,10000.0,31,0.8387096774193549,1,1,1,0,0,0,0,1,0,0,0,0,0,gratuito
1,35000.0,2,1.0,1,5,1,0,0,0,1,1,1,0,1,0,0,medio_baixo
1,0.0,0,0.0,0,0,1,0,0,0,0,0,0,0,0,0,0,gratuito
1,0.0,0,0.0,1,3,1,0,0,0,1,1,0,0,1,0,0,medio_baixo
2,10000.0,62,0.8870967741935484,1,2,1,0,0,1,1,1,0,0,0,0,0,medio_baixo
3,10000.0,4,1.0,4,3,1,0,0,0,1,0,0,1,0,0,0,medio_baixo
6,10000.0,16,0.75,11,3,1,0,0,0,1,0,0,1,0,0,1,baixo
4,10000.0,2,1.0,1,3,1,0,0,0,1,0,0,1,0,1,0,baixo
2,10000.0,50,0.88,5,5,1,0,0,0,1,1,0,1,1,1,0,medio_alto
5,10000.0,126,0.7777777777777778,1,1,1,0,0,1,0,0,0,1,0,0,0,medio_baixo
1,0.0,0,0.0,2,3,1,0,0,0,1,0,1,0,0,0,0,gratuito
3,10000.0,0,0.0,1,2,1,0,1,0,1,0,0,1,0,0,0,baixo
4,10000.0,8,0.375,1,2,1,0,0,0,0,1,1,0,0,0,0,alto
2,10000.0,0,0.0,1,4,1,0,0,0,1,1,0,1,0,0,0,medio_baixo
6,150000.0,461,0.6832971800433839,6,4,1,1,1,1,1,1,0,1,0,0,0,gratuito
9,10000.0,6,0.3333333333333333,1,2,1,1,1,0,1,1,0,0,0,0,0,medio_alto
1,10000.0,15,1.0,7,3,1,0,0,0,1,1,0,1,0,0,0,medio_alto
7,10000.0,1,0.0,1,2,1,1,0,0,1,0,0,1,0,0,0,alto
5,10000.0,3,0.3333333333333333,1,1,1,0,0,0,0,0,0,0,0,0,1,medio_alto
1,0.0,0,0.0,0,0,1,0,0,0,0,0,0,0,0,0,0,gratuito
17,35000.0,184,0.782608695652174,1,1,1,0,0,0,0,1,0,0,0,0,0,alto
1,0.0,0,0.0,1,4,1,0,0,0,0,0,1,1,0,0,1,gratuito
5,10000.0,12,0.25,5,1,1,0,0,0,0,0,0,1,0,0,0,baixo
4,0.0,0,0.0,0,0,1,0,0,0,0,0,0,0,0,0,0,gratuito
2,10000.0,0,0.0,10,3,1,0,0,0,1,0,0,1,0,1,0,medio_baixo
1,10000.0,0,0.0,1,3,1,0,0,0,1,1,0,1,0,0,0,baixo
4,10000.0,2,1.0,1,7,1,0,0,0,1,1,1,1,1,1,1,medio_baixo
5,1500000.0,18005,0.9022493751735629,10,6,1,0,0,4,1,1,1,0,1,1,1,alto
5,10000.0,103,0.46601941747572817,2,2,1,0,0,0,0,0,0,0,0,1,1,alto
8,35000.0,85,0.7058823529411765,1,4,1,0,0,0,1,1,0,0,1,1,0,gratuito
11,150000.0,2044,0.50293542074364,5,6,1,1,1,0,1,0,1,1,1,1,1,baixo
2,35000.0,72,0.7222222222222222,2,1,1,0,0,0,0,0,1,0,0,0,0,medio_alto
2,0.0,0,0.0,13,5,1,0,0,0,1,0,0,1,0,0,1,gratuito
20,75000.0,161,0.7391304347826086,1,1,1,0,0,0,0,0,0,0,0,1,0,baixo
2,35000.0,11,0.6363636363636364,5,4,1,0,0,0,1,0,1,0,1,0,1,baixo
5,10000.0,31,0.8387096774193549,5,1,1,0,0,0,0,0,0,1,0,0,0,baixo
2,10000.0,0,0.0,7,5,1,0,0,2,1,0,1,1,1,0,1,medio_baixo
6,10000.0,6,0.8333333333333334,1,2,1,0,0,0,1,1,0,0,0,0,0,baixo
3,0.0,0,0.0,1,4,1,0,0,0,1,0,0,1,0,0,1,gratuito
4,10000.0,2,0.5,1,2,1,0,0,0,0,1,1,0,0,0,0,baixo
10,35000.0,13,0.6923076923076923,1,4,1,0,0,0,1,0,0,1,1,0,0,alto
3,0.0,0,0.0,0,0,1,0,0,0,0,0,0,0,0,0,0,gratuito
1,10000.0,0,0.0,15,3,1,0,0,0,1,0,1,1,0,0,0,medio_alto
10,10000.0,4,0.25,1,2,1,0,0,0,1,1,0,0,0,0,0,medio_alto
8,35000.0,1051,0.8525214081826832,9,3,1,1,1,1,1,1,1,0,0,0,0,baixo
2,0.0,0,0.0,103,2,1,0,0,0,1,0,0,1,0,0,0,baixo
4,10000.0,3,0.6666666666666666,2,3,1,0,0,0,1,0,0,1,0,1,0,medio_alto
5,10000.0,23,0.8695652173913043,1,3,1,0,0,0,1,1,0,1,0,0,0,gratuito
5,35000.0,2,0.5,1,4,1,0,0,0,0,1,0,0,1,1,0,alto
7,10000.0,45,0.8888888888888888,2,4,1,0,0,1,1,1,1,1,0,0,0,baixo
2,10000.0,2,0.0,11,2,1,0,0,0,1,0,0,0,1,0,0,medio_baixo
7,35000.0,105,0.8761904761904762,1,3,1,0,0,0,1,1,0,1,0,0,0,medio_baixo
6,150000.0,970,0.7257731958762886,11,4,1,0,0,3,1,1,1,0,0,1,0,medio_baixo
3,10000.0,115,0.8869565217391304,1,2,1,0,0,0,0,0,1,1,0,0,0,baixo
9,35000.0,321,0.8317757009345794,6,2,1,0,0,0,1,0,1,0,0,0,0,baixo
1,35000.0,4,1.0,1,1,1,0,0,0,0,0,0,0,0,1,0,medio_alto
2,10000.0,0,0.0,1,3,1,0,0,0,1,1,1,0,0,0,0,medio_alto
5,0.0,0,0.0,0,0,1,0,0,0,0,0,0,0,0,0,0,gratuito
6,750000.0,2841,0.805702217529039,1,3,1,0,0,0,0,0,0,0,1,1,1,medio_alto
1,10000.0,0,0.0,2,3,1,0,0,0,1,0,0,1,1,0,0,medio_alto
4,10000.0,0,0.0,1,4,1,0,0,0,0,1,1,1,1,0,0,medio_baixo
7,10000.0,49,0.7142857142857143,1,3,1,0,0,0,1,0,0,1,0,0,1,baixo
2,0.0,0,0.0,103,2,1,0,0,0,1,0,0,1,0,0,0,medio_baixo
7,150000.0,3518,0.7109152927799887,11,3,1,1,1,2,1,1,0,0,1,0,0,medio_baixo
7,10000.0,2,0.5,1,2,1,0,0,0,1,1,0,0,0,0,0,medio_baixo
1,10000.0,2,1.0,1,3,1,1,0,0,1,0,1,1,0,0,0,medio_baixo
7,10000.0,2,1.0,1,3,1,0,0,0,1,0,0,1,0,0,0,medio_alto
3,0.0,0,0.0,1,2,1,0,0,0,0,1,0,0,0,0,0,gratuito
1,10000.0,0,0.0,1,2,1,0,0,1,0,0,0,0,1,0,0,gratuito
2,0.0,0,0.0,0,0,1,0,0,0,0,0,0,0,0,0,0,gratuito
6,10000.0,10,0.8,1,1,1,0,0,0,0,0,0,0,0,0,1,alto
5,10000.0,8,1.0,1,2,1,0,0,0,1,1,0,0,0,0,0,medio_alto
9,10000.0,2,0.5,1,5,1,0,0,0,1,1,1,0,1,1,0,alto
4,35000.0,10,0.6,1,1,1,0,0,0,0,1,0,0,0,0,0,medio_baixo
2,10000.0,10,0.8,1,4,1,1,0,0,1,0,1,1,1,0,0,alto
9,10000.0,11,0.9090909090909091,1,4,1,0,0,0,1,0,0,1,0,0,1,gratuito
6,1500000.0,8851,0.7494068466839905,11,3,1,0,0,1,0,1,1,0,0,0,0,medio_alto
4,35000.0,858,0.8787878787878788,6,1,1,0,0,0,0,1,0,0,0,0,0,alto
4,10000.0,151,0.8675496688741722,1,4,1,0,0,1,1,1,1,1,0,0,0,medio_baixo
3,0.0,0,0.0,0,0,1,0,0,0,0,0,0,0,0,0,0,gratuito
5,1500000.0,28499,0.908066949717534,1,3,1,0,0,1,1,1,0,1,0,0,0,medio_baixo
5,10000.0,0,0.0,2,1,1,0,0,0,1,0,0,0,0,0,0,medio_alto
1,10000.0,1,1.0,5,3,1,0,0,0,1,1,1,0,0,0,0,medio_alto
7,150000.0,1671,0.743865948533812,1,2,1,0,0,0,1,1,0,0,0,0,0,medio_alto
11,35000.0,35,0.8,1,3,1,0,0,0,1,0,1,1,0,0,0,alto
2,350000.0,8244,0.8296943231441049,9,3,1,0,0,8,0,1,1,0,1,0,0,alto
1,10000.0,0,0.0,6,1,1,0,0,0,0,0,0,1,0,0,0,medio_baixo
1,10000.0,151,0.9668874172185431,9,1,1,0,0,0,1,0,0,0,0,0,0,medio_alto
5,10000.0,10,0.6,1,3,1,0,0,0,1,0,0,1,0,0,1,baixo
10,10000.0,138,0.7391304347826086,2,2,1,0,0,0,1,0,1,0,0,0,0,medio_baixo
3,0.0,0,0.0,0,0,1,0,0,0,0,0,0,0,0,0,0,gratuito
10,10000.0,13,0.23076923076923078,2,3,1,0,0,0,0,1,1,0,0,1,0,baixo
4,10000.0,14,0.7857142857142857,1,2,1,0,0,0,1,0,0,1,0,0,0,baixo
4,10000.0,1,1.0,2,5,1,0,0,0,1,1,1,0,1,1,0,medio_baixo
4,10000.0,166,0.9698795180722891,10,2,1,0,0,1,1,1,0,0,0,0,0,baixo
11,150000.0,1794,0.7591973244147158,8,4,1,0,0,2,1,0,1,0,1,1,0,medio_alto
7,35000.0,90,0.7333333333333333,1,4,1,0,0,0,1,0,1,0,0,0,0,gratuito
3,10000.0,1,1.0,1,1,1,0,0,0,1,0,0,0,0,0,0,baixo
1,10000.0,22,0.9090909090909091,11,4,1,0,0,0,1,1,1,0,1,0,0,alto
4,0.0,0,0.0,1,4,1,0,0,0,1,1,0,1,0,0,0,gratuito
2,10000.0,2,0.0,1,2,1,0,0,0,0,0,0,0,0,1,1,alto
5,10000.0,11,0.9090909090909091,1,3,1,0,0,0,1,1,0,1,0,0,0,baixo
1,0.0,0,0.0,1,1,1,0,0,0,0,0,0,0,0,0,0,gratuito
9,10000.0,270,0.8629629629629629,1,4,1,1,1,1,1,0,0,1,1,1,0,medio_alto
8,35000.0,13,0.9230769230769231,4,3,1,0,0,0,1,1,0,1,0,0,0,alto
3,10000.0,0,0.0,2,4,1,0,0,0,0,0,1,0,0,1,1,gratuito
7,10000.0,87,0.6091954022988506,1,3,1,0,0,1,1,0,1,1,0,0,0,baixo
5,10000.0,15,0.8,103,1,1,0,0,0,0,0,1,0,0,0,0,baixo
3,10000.0,6,1.0,1,5,1,0,0,0,1,1,1,1,0,1,0,baixo
3,35000.0,73,0.6575342465753424,29,6,1,0,0,0,1,1,0,0,0,1,1,medio_alto
6,10000.0,159,0.8176100628930818,29,3,1,1,1,0,1,0,1,1,0,0,0,baixo
5,35000.0,11,0.7272727272727273,1,3,1,0,0,0,1,0,1,0,1,0,0,gratuito
9,10000.0,29,0.5862068965517241,1,2,1,0,0,0,1,1,0,0,0,0,0,baixo
5,75000.0,59,0.6779661016949152,1,2,1,0,0,0,0,0,0,1,0,0,0,gratuito
7,10000.0,10,0.7,1,3,1,0,0,0,1,1,1,0,0,0,0,baixo
8,10000.0,21,0.8571428571428571,6,3,1,0,0,0,1,1,1,0,0,0,0,alto
2,150000.0,4792,0.7406093489148581,12,2,1,0,0,9,0,1,1,0,0,0,0,alto
8,10000.0,35,0.6857142857142857,2,3,1,0,0,0,1,0,0,1,0,0,0,gratuito
2,10000.0,2,1.0,2,2,1,0,0,0,1,0,1,0,0,0,0,medio_alto
2,10000.0,21,0.7142857142857143,2,8,1,0,0,0,1,1,0,0,0,0,1,gratuito
3,0.0,0,0.0,1,6,1,0,0,0,1,1,1,0,1,0,1,gratuito
7,10000.0,1,1.0,1,4,1,0,0,0,1,1,0,1,0,0,0,medio_alto
4,0.0,0,0.0,0,0,1,0,0,0,0,0,0,0,0,0,0,gratuito
6,35000.0,256,0.92578125,1,4,1,0,0,0,1,0,1,1,0,0,0,gratuito
7,10000.0,94,0.8085106382978723,1,3,1,1,1,1,1,0,1,1,0,0,0,medio_baixo
3,10000.0,28,0.8928571428571429,1,4,1,0,0,0,1,1,1,0,1,0,0,baixo
7,10000.0,13,0.46153846153846156,1,4,1,0,0,0,1,0,0,0,0,1,1,medio_baixo
8,10000.0,132,0.8181818181818182,1,4,1,0,0,1,1,1,1,1,0,0,0,medio_baixo
1,0.0,0,0.0,0,0,1,0,0,0,0,0,0,0,0,0,0,gratuito
7,10000.0,7,0.5714285714285714,1,4,1,0,0,0,1,1,1,0,0,1,0,gratuito
9,10000.0,6,0.6666666666666666,1,4,1,0,0,0,1,1,0,1,0,0,0,medio_alto
8,10000.0,115,0.8869565217391304,1,5,1,0,0,0,1,0,0,1,0,1,1,baixo
14,350000.0,5296,0.451095166163142,7,1,1,0,0,1,0,1,0,0,0,0,0,medio_baixo
11,10000.0,127,0.5433070866141733,13,5,1,0,0,13,1,0,0,1,0,1,1,alto
4,35000.0,137,0.7956204379562044,1,3,1,1,1,2,1,0,0,0,1,0,1,medio_baixo
2,10000.0,0,0.0,7,3,1,1,0,0,1,0,1,1,0,0,0,medio_baixo
1,10000.0,0,0.0,9,4,1,0,0,2,0,1,1,0,1,0,0,alto
1,10000.0,11,0.9090909090909091,1,1,1,0,0,1,1,0,0,0,0,0,0,baixo
7,35000.0,75,0.5733333333333334,1,3,1,0,0,2,1,1,1,0,0,0,0,gratuito
11,75000.0,298,0.7885906040268457,1,3,1,1,1,0,1,1,0,1,0,0,0,baixo
5,10000.0,19,0.8947368421052632,1,2,1,0,0,0,1,0,0,1,0,0,0,medio_alto
5,10000.0,1,1.0,1,2,1,0,0,0,1,1,0,0,0,0,0,alto
5,10000.0,0,0.0,1,2,1,0,0,0,0,0,1,0,0,0,1,alto
2,10000.0,0,0.0,9,4,1,0,0,0,1,0,1,1,0,0,0,medio_baixo
3,750000.0,20327,0.9100211541299749,1,5,1,1,0,0,1,1,0,1,1,0,0,medio_alto
2,10000.0,0,0.0,2,2,1,0,0,0,1,1,0,0,0,0,0,baixo
2,10000.0,10,0.8,1,3,1,0,0,0,1,1,1,0,0,0,0,alto
1,10000.0,5,1.0,2,1,1,1,0,0,0,0,0,1,0,0,0,baixo
5,10000.0,39,0.4358974358974359,2,2,1,0,0,0,1,0,1,0,0,0,0,alto
3,75000.0,1188,0.8425925925925926,13,6,1,0,0,4,1,1,1,1,1,0,1,alto
8,10000.0,25,0.88,2,2,1,0,1,1,1,0,0,1,0,0,0,baixo
1,0.0,0,0.0,0,0,1,0,0,0,0,0,0,0,0,0,0,gratuito
15,750000.0,2341,0.9410508329773601,1,2,1,1,0,1,1,1,0,0,0,0,0,alto
3,10000.0,30,0.8333333333333334,2,4,1,0,0,0,1,0,1,0,1,1,0,alto
2,10000.0,18,1.0,1,3,1,0,0,0,1,0,0,1,0,1,0,alto
3,10000.0,0,0.0,3,2,1,0,0,1,0,0,1,1,0,0,0,alto
4,10000.0,0,0.0,1,3,1,0,0,0,1,0,0,0,1,1,0,gratuito
1,10000.0,0,0.0,1,2,1,0,0,0,1,0,0,1,0,0,0,medio_alto
4,10000.0,17,0.5882352941176471,2,2,1,0,0,0,1,0,0,1,0,0,0,baixo
2,10000.0,27,0.9629629629629629,1,2,1,0,0,0,0,1,0,0,0,0,0,medio_baixo
1,10000.0,0,0.0,1,1,1,0,0,0,0,0,0,0,0,0,1,baixo
7,35000.0,389,0.9383033419023136,1,5,1,0,0,0,1,0,1,1,1,1,0,medio_baixo
1,10000.0,0,0.0,1,3,1,1,1,0,0,0,1,1,0,0,1,medio_alto
3,10000.0,19,0.7894736842105263,1,1,1,1,1,0,0,1,0,0,0,0,0,medio_alto
8,1500000.0,17118,0.929080500058418,8,1,1,0,0,4,0,1,0,0,0,0,0,alto
9,35000.0,127,0.9133858267716536,5,2,1,1,0,1,1,1,0,0,0,0,0,baixo
3,10000.0,0,0.0,5,3,1,1,0,0,0,1,1,1,0,0,0,medio_alto
2,35000.0,39,0.9487179487179487,1,2,1,1,0,0,1,0,1,0,0,0,0,medio_baixo
9,10000.0,76,0.7105263157894737,4,1,1,0,0,2,0,0,0,1,0,0,0,medio_baixo
2,10000.0,2,0.0,2,3,1,0,0,0,0,0,0,1,1,0,0,medio_baixo
3,10000.0,8,1.0,1,4,1,0,0,0,1,0,0,0,1,1,0,alto
4,10000.0,4,1.0,2,3,1,0,0,0,1,0,1,1,0,0,0,medio_baixo
5,10000.0,39,0.717948717948718,3,3,1,0,0,0,1,0,1,0,0,0,1,medio_baixo
2,350000.0,6204,0.8610573823339781,9,3,1,0,0,0,0,0,0,1,0,1,1,alto
2,10000.0,15,0.6666666666666666,2,2,1,0,0,0,1,0,0,1,0,0,0,medio_baixo
5,35000.0,75,0.8,4,3,1,0,0,0,1,1,0,1,0,0,0,medio_baixo
2,10000.0,224,0.9241071428571429,1,2,1,0,0,1,1,1,0,0,0,0,0,alto
4,35000.0,7,0.8571428571428571,1,4,1,0,0,0,1,0,0,1,0,0,0,gratuito
4,10000.0,6,1.0,1,2,1,0,0,0,1,1,0,0,0,0,0,baixo
2,10000.0,2,1.0,2,3,1,0,0,0,1,1,0,0,0,0,0,medio_baixo
14,150000.0,604,0.9586092715231788,1,2,1,1,1,1,1,0,1,0,0,0,0,medio_baixo
1,10000.0,0,0.0,8,2,1,0,0,0,1,0,0,0,0,1,0,medio_baixo
2,0.0,0,0.0,1,4,1,1,0,0,1,1,1,0,0,0,0,gratuito
7,10000.0,77,0.6623376623376623,5,1,1,0,0,0,1,0,0,0,0,0,0,baixo
5,10000.0,3,1.0,1,3,1,0,0,0,0,1,0,1,0,1,0,medio_baixo
2,10000.0,0,0.0,103,3,1,0,0,0,1,1,0,1,0,0,0,medio_baixo
2,0.0,0,0.0,2,4,1,0,0,0,1,1,1,0,0,0,0,gratuito
1,10000.0,0,0.0,1,3,1,0,0,0,0,1,0,0,0,0,1,medio_alto
9,10000.0,14,0.7142857142857143,1,4,1,0,0,0,1,0,0,1,0,0,1,alto
1,10000.0,0,0.0,1,4,1,0,0,0,1,0,1,0,1,0,1,medio_baixo
4,35000.0,321,0.8504672897196262,2,1,1,0,0,4,0,0,0,0,0,1,0,baixo
3,10000.0,5,0.4,1,3,1,0,0,0,1,0,0,0,1,0,0,alto
5,10000.0,6,0.8333333333333334,2,2,1,0,0,1,1,1,0,0,0,0,0,medio_baixo
7,10000.0,128,0.6328125,12,3,1,1,1,0,1,1,0,0,1,0,0,medio_baixo
6,150000.0,123,0.8861788617886179,10,3,1,0,0,1,0,0,0,1,0,1,0,gratuito
2,10000.0,1,1.0,1,2,1,0,0,0,0,1,0,1,0,0,0,baixo
4,10000.0,3,0.3333333333333333,1,1,1,0,0,0,0,0,0,0,1,0,0,baixo
3,10000.0,0,0.0,1,2,1,0,0,0,1,1,0,0,0,0,0,medio_baixo
6,10000.0,0,0.0,29,1,1,0,0,1,0,0,0,0,0,0,1,medio_alto
2,10000.0,4,0.75,1,3,1,0,0,0,1,0,0,1,0,0,1,medio_alto
2,10000.0,0,0.0,2,2,1,0,0,0,1,0,0,0,0,0,1,alto
1,10000.0,1,1.0,1,2,1,0,0,0,1,1,0,0,0,0,0,medio_alto
11,35000.0,57,0.5614035087719298,5,1,1,1,0,0,0,0,1,0,0,0,0,medio_baixo
6,10000.0,104,0.5576923076923077,2,2,1,0,0,0,1,0,1,0,0,0,0,alto
4,10000.0,12,0.75,1,3,1,0,0,0,1,1,0,0,0,0,0,gratuito
5,10000.0,0,0.0,1,2,1,0,0,0,1,0,0,1,0,0,0,baixo
5,10000.0,0,0.0,1,1,1,1,0,0,0,0,0,0,1,0,0,alto
1,0.0,0,0.0,15,5,1,0,0,0,0,1,0,1,0,0,0,gratuito
7,35000.0,68,0.8676470588235294,1,2,1,0,0,0,1,0,0,0,1,0,0,medio_baixo
4,0.0,0,0.0,103,5,1,0,0,0,1,0,1,1,0,1,1,alto
4,0.0,0,0.0,2,3,1,0,0,1,1,0,1,0,0,0,0,gratuito
1,10000.0,0,0.0,1,3,1,0,0,0,1,0,0,1,0,0,1,medio_alto
6,10000.0,5,0.6,1,4,1,0,0,0,1,1,1,0,1,0,0,baixo
12,150000.0,650,0.8553846153846154,1,3,1,1,1,0,1,0,0,1,0,1,0,baixo
11,35000.0,204,0.6078431372549019,6,3,1,1,1,4,1,1,1,0,0,0,0,alto
5,10000.0,1,1.0,2,4,1,0,0,0,1,1,0,1,0,0,1,medio_baixo
2,10000.0,0,0.0,4,2,1,1,1,0,1,0,0,0,0,0,0,alto
5,0.0,0,0.0,0,0,1,0,0,0,0,0,0,0,0,0,0,gratuito
10,10000.0,44,0.8181818181818182,1,2,1,0,0,0,1,1,0,0,0,0,0,gratuito
6,10000.0,3,1.0,1,2,1,0,0,0,1,0,1,0,0,0,0,alto
10,1500000.0,12204,0.9097836774827925,11,2,1,0,0,3,1,1,0,0,0,0,0,medio_alto
2,150000.0,1476,0.8163956639566395,1,4,1,0,0,0,1,1,1,0,1,0,0,baixo
1,10000.0,95,0.8631578947368421,4,1,1,0,0,0,0,0,1,0,0,0,0,medio_alto
5,35000.0,3,0.6666666666666666,1,4,1,1,0,0,1,0,1,1,1,0,0,baixo
1,0.0,0,0.0,1,2,1,0,0,0,1,1,0,0,0,0,0,medio_alto
5,750000.0,18723,0.9703039042888426,9,2,1,1,1,1,1,0,0,1,0,0,0,medio_baixo
4,35000.0,2,1.0,1,1,1,1,0,0,0,1,0,0,0,0,0,baixo
8,10000.0,112,0.8214285714285714,1,4,1,1,0,0,1,1,1,1,0,0,0,baixo
4,10000.0,9,1.0,1,3,1,0,0,0,1,0,0,1,0,1,0,medio_alto
8,10000.0,26,0.5384615384615384,27,4,1,0,0,0,1,1,1,1,0,0,0,baixo
7,35000.0,86,0.5581395348837209,1,1,1,0,0,0,1,0,0,0,0,0,0,baixo
5,35000.0,4,0.0,1,5,1,0,0,0,1,1,1,0,0,0,1,alto
1,0.0,0,0.0,1,3,1,0,0,0,1,1,0,0,0,1,0,medio_alto
3,0.0,0,0.0,9,2,1,0,0,0,0,0,1,1,0,0,0,gratuito
2,10000.0,5,0.8,1,2,1,0,0,0,1,0,0,1,0,0,0,medio_baixo
1,10000.0,6,0.6666666666666666,1,2,1,0,0,0,1,1,0,0,0,0,0,baixo
4,35000.0,366,0.8524590163934426,14,2,1,0,0,0,1,1,0,0,0,0,0,medio_baixo
1,10000.0,20,1.0,3,3,1,0,0,0,1,0,1,0,1,0,0,baixo
6,150000.0,137,0.8394160583941606,8,1,1,1,0,0,0,0,1,0,0,0,0,medio_baixo
7,10000.0,3,0.6666666666666666,1,2,1,0,0,0,0,0,0,0,0,0,0,medio_baixo
11,350000.0,4741,0.7589116220206708,13,1,1,0,0,1,0,0,1,0,0,0,0,alto
3,10000.0,1,0.0,1,3,1,0,0,0,1,0,0,0,0,1,1,medio_baixo
1,10000.0,2,0.5,4,2,1,0,0,1,0,0,1,1,0,0,0,alto
2,10000.0,2,0.5,1,3,1,0,0,0,1,0,0,1,0,1,0,medio_baixo
7,35000.0,300,0.9433333333333334,7,5,1,1,0,1,1,0,1,1,1,0,0,gratuito
7,10000.0,5,0.0,1,2,1,0,0,0,1,1,0,0,0,0,0,baixo
1,0.0,0,0.0,1,2,1,1,1,1,0,1,0,0,0,0,0,gratuito
2,35000.0,51,0.9607843137254902,1,2,1,0,0,0,1,1,0,0,0,0,0,baixo
9,750000.0,2408,0.49335548172757476,2,1,1,0,0,0,0,0,0,0,1,0,0,medio_baixo
3,350000.0,3893,0.9383508862060108,10,3,1,1,1,1,1,0,0,0,1,0,1,alto
4,10000.0,3,1.0,1,4,1,0,0,0,1,1,1,1,0,0,0,baixo
14,75000.0,253,0.7312252964426877,1,3,1,1,1,1,1,0,1,1,0,0,0,medio_baixo
8,10000.0,21,0.7142857142857143,1,4,1,0,0,1,1,1,1,1,0,0,0,baixo
5,0.0,0,0.0,0,0,1,0,0,0,0,0,0,0,0,0,0,gratuito
5,10000.0,4,1.0,6,4,1,0,0,0,1,1,0,1,0,1,0,baixo
5,35000.0,9,0.7777777777777778,1,2,1,0,0,0,0,1,0,1,0,0,0,medio_alto
7,10000.0,8,0.375,2,3,1,0,0,0,1,1,0,1,0,0,0,medio_baixo
7,10000.0,0,0.0,1,7,1,0,0,0,1,0,1,1,1,1,1,medio_baixo
2,35000.0,12,1.0,2,2,1,0,0,0,1,0,1,0,0,0,0,medio_baixo
4,10000.0,0,0.0,1,6,1,0,0,0,1,1,0,1,0,1,0,gratuito
3,10000.0,22,0.8636363636363636,9,4,1,0,0,0,1,1,0,1,0,1,0,baixo
2,0.0,0,0.0,5,3,1,0,0,0,1,0,0,1,0,0,0,gratuito
5,150000.0,2,0.0,1,2,1,1,0,0,0,0,0,0,1,1,0,medio_alto
3,10000.0,1,0.0,1,1,1,0,0,0,0,0,0,0,0,1,0,baixo
2,10000.0,0,0.0,2,3,1,1,1,0,1,1,1,0,0,0,0,alto
3,10000.0,0,0.0,5,1,1,0,0,0,0,0,0,0,0,0,1,medio_alto
8,10000.0,21,0.7142857142857143,1,3,1,0,0,0,1,0,0,1,0,0,0,medio_baixo
4,10000.0,14,1.0,2,2,1,1,1,0,1,0,0,1,0,0,0,baixo
2,10000.0,4,0.75,1,3,1,0,0,0,1,0,1,0,0,1,0,medio_baixo
1,10000.0,0,0.0,5,1,1,0,0,1,0,0,0,1,0,0,0,medio_baixo
10,10000.0,43,0.9069767441860465,1,4,1,0,0,1,1,1,1,1,0,0,0,medio_alto
6,10000.0,2,0.5,1,4,1,0,0,0,1,1,1,1,0,0,0,medio_alto
11,150000.0,218,0.6146788990825688,1,3,1,0,0,2,1,0,1,0,1,0,0,baixo
3,35000.0,520,0.575,9,2,1,1,0,2,0,0,0,0,0,1,1,alto
5,350000.0,2473,0.9251920744035584,11,4,1,0,0,1,1,1,1,1,0,0,0,medio_alto
7,10000.0,9,0.6666666666666666,1,1,1,0,0,0,0,0,0,0,0,0,1,medio_alto
3,350000.0,8143,0.9638953702566622,7,4,1,0,0,0,1,0,0,1,0,1,1,medio_alto
1,10000.0,0,0.0,16,5,1,0,0,0,1,1,1,1,0,0,0,alto
1,0.0,0,0.0,0,0,1,0,0,0,0,0,0,0,0,0,0,gratuito
10,10000.0,52,0.6730769230769231,2,2,1,1,1,0,1,0,0,0,0,1,0,alto
5,0.0,0,0.0,2,2,1,0,0,0,0,1,0,0,0,0,0,gratuito
3,10000.0,6,0.5,1,2,1,0,0,0,0,1,0,0,0,0,0,gratuito
3,35000.0,14,1.0,4,5,1,0,0,0,1,0,1,1,1,1,0,baixo
5,10000.0,5,1.0,1,4,1,1,0,1,1,0,0,1,1,1,0,alto
3,0.0,0,0.0,0,0,1,0,0,0,0,0,0,0,0,0,0,gratuito
1,0.0,0,0.0,2,1,1,0,0,6,0,0,0,0,0,0,0,gratuito
1,10000.0,0,0.0,15,5,1,0,0,0,1,1,1,0,0,0,0,medio_alto
1,350000.0,4601,0.9239295805259726,14,3,1,1,0,4,1,0,0,1,0,0,1,medio_alto
8,10000.0,76,0.7894736842105263,15,3,1,1,0,0,0,0,1,1,0,0,1,alto
5,10000.0,11,1.0,1,2,1,0,0,0,1,0,0,0,0,0,0,medio_baixo
10,3500000.0,58263,0.8231982561831694,7,2,1,1,0,0,0,1,0,0,1,0,0,medio_alto
5,10000.0,4,0.0,15,3,1,0,0,0,0,0,1,1,0,0,1,baixo
1,10000.0,0,0.0,2,5,1,0,0,0,1,0,0,1,0,1,1,baixo
1,0.0,0,0.0,2,4,1,0,0,0,1,1,0,1,1,0,0,medio_alto
1,10000.0,46,0.9347826086956522,16,4,1,0,0,1,1,1,1,1,0,0,0,medio_baixo
1,10000.0,0,0.0,3,2,1,0,0,0,1,0,0,1,0,0,0,alto
2,35000.0,6,0.6666666666666666,1,4,1,1,1,0,1,0,1,1,1,0,0,baixo
10,750000.0,6581,0.9474244035860812,11,3,1,1,1,1,1,1,1,0,0,0,0,medio_alto
1,0.0,0,0.0,0,0,1,0,0,0,0,0,0,0,0,0,0,gratuito
1,10000.0,0,0.0,7,4,1,0,0,0,1,0,1,1,1,0,0,alto
1,10000.0,0,0.0,7,3,1,0,0,0,1,1,0,1,0,0,0,medio_alto
8,35000.0,5,0.4,1,2,1,0,0,0,1,0,0,1,0,0,0,baixo
3,10000.0,2,0.0,1,3,1,0,0,0,1,1,0,1,0,0,0,gratuito
1,10000.0,0,0.0,28,4,1,0,1,0,1,1,1,0,0,0,0,alto
1,10000.0,4,1.0,1,1,1,0,0,0,0,1,0,0,0,0,0,medio_alto
3,0.0,0,0.0,1,4,1,0,0,1,1,0,0,0,0,0,1,gratuito
3,10000.0,74,0.8783783783783784,1,2,1,1,1,2,0,0,1,0,1,0,0,alto
1,10000.0,0,0.0,1,2,1,0,0,0,1,1,0,0,0,0,0,baixo
2,0.0,0,0.0,1,5,1,1,1,0,1,0,0,0,1,1,0,gratuito
1,0.0,0,0.0,0,0,1,0,0,0,0,0,0,0,0,0,0,gratuito
8,10000.0,22,0.8181818181818182,1,1,1,0,0,0,0,0,0,0,0,0,0,baixo
1,10000.0,0,0.0,2,2,1,0,0,0,1,0,0,1,0,0,0,alto
9,10000.0,2,0.5,1,2,1,0,0,0,1,0,0,1,0,0,0,medio_alto
8,350000.0,326,0.8588957055214724,5,2,1,0,0,1,1,0,1,0,0,0,0,medio_baixo
3,10000.0,0,0.0,7,3,1,1,1,0,0,1,0,1,1,0,0,medio_baixo
1,10000.0,0,0.0,10,2,1,0,0,1,1,0,0,0,0,1,0,alto
1,10000.0,11,0.5454545454545454,2,6,1,1,0,0,0,0,0,0,0,0,0,alto
7,35000.0,396,0.8863636363636364,8,5,1,0,1,0,1,1,1,0,1,0,0,gratuito
2,10000.0,235,0.8,2,7,1,0,0,0,1,1,0,1,1,0,0,gratuito
5,10000.0,4,1.0,6,3,1,0,0,0,1,1,1,0,0,0,0,medio_alto
1,0.0,0,0.0,1,2,1,0,0,0,1,1,0,0,0,0,0,alto
2,10000.0,0,0.0,1,5,1,0,1,0,1,1,1,0,1,0,0,medio_baixo
12,7500000.0,28916,0.915721399917001,5,3,1,1,1,0,1,0,1,1,0,0,0,medio_baixo
1,0.0,0,0.0,10,3,1,0,0,0,1,1,1,0,0,0,0,baixo
3,0.0,0,0.0,0,0,1,0,0,0,0,0,0,0,0,0,0,gratuito
1,10000.0,0,0.0,2,1,1,0,0,2,0,1,0,0,0,0,0,alto
7,10000.0,160,0.525,4,2,1,0,0,0,0,1,1,0,0,0,0,alto
6,10000.0,42,0.5238095238095238,3,5,1,0,0,0,1,0,1,1,1,1,0,medio_alto
6,10000.0,13,0.6153846153846154,1,2,1,0,1,0,0,1,0,1,0,0,0,baixo
1,35000.0,443,0.9006772009029346,1,2,1,0,0,0,0,0,0,1,0,0,0,gratuito
4,0.0,0,0.0,0,0,1,0,0,0,0,0,0,0,0,0,0,gratuito
3,10000.0,42,0.9047619047619048,1,3,1,0,0,0,0,1,0,0,1,0,0,alto
1,10000.0,0,0.0,1,3,1,0,0,0,1,0,1,0,0,0,1,baixo
6,10000.0,1,0.0,4,5,1,0,0,0,1,1,1,1,0,0,1,medio_alto
8,10000.0,21,0.6190476190476191,4,2,1,1,0,0,1,0,0,1,0,0,0,medio_alto
4,75000.0,34,0.7941176470588235,3,3,1,0,0,0,0,0,1,1,1,0,0,baixo
4,10000.0,78,0.7564102564102564,8,3,1,0,0,0,1,1,1,0,0,0,0,medio_baixo
2,10000.0,2,0.0,1,2,1,0,0,0,1,1,0,0,0,0,0,medio_baixo
7,10000.0,16,0.5625,1,5,1,0,0,0,1,1,1,1,1,0,0,baixo
4,10000.0,28,0.7857142857142857,14,6,1,0,0,0,1,0,1,1,0,1,1,baixo
1,0.0,0,0.0,0,0,1,0,0,0,0,0,0,0,0,0,0,gratuito
4,0.0,0,0.0,0,0,1,0,0,0,0,0,0,0,0,0,0,gratuito
1,10000.0,6,0.6666666666666666,8,1,1,0,0,0,0,0,0,1,0,0,0,medio_baixo
2,0.0,0,0.0,2,5,1,0,0,0,1,1,1,0,1,0,0,gratuito
4,35000.0,993,0.865055387713998,2,2,1,0,0,0,1,0,0,0,0,0,1,medio_baixo
1,0.0,0,0.0,1,3,1,1,1,0,1,0,0,1,0,0,1,medio_alto
4,0.0,0,0.0,1,4,1,0,0,0,1,1,0,1,0,0,0,gratuito
2,10000.0,0,0.0,1,2,1,0,0,0,0,0,0,0,0,1,0,gratuito
8,10000.0,16,0.625,2,3,1,0,0,0,1,0,0,0,0,0,0,gratuito
1,10000.0,3,0.6666666666666666,1,1,1,0,0,0,0,0,0,1,0,0,0,medio_alto
2,0.0,0,0.0,0,0,1,0,0,0,0,0,0,0,0,0,0,gratuito
6,75000.0,125,0.656,2,3,1,0,0,0,1,0,0,1,0,0,1,gratuito
1,0.0,0,0.0,1,2,1,0,0,0,0,0,0,1,1,0,0,alto
2,10000.0,3,1.0,1,2,1,0,0,0,0,1,0,1,0,0,0,baixo
2,0.0,0,0.0,0,0,1,0,0,0,0,0,0,0,0,0,0,gratuito
8,10000.0,42,0.8571428571428571,1,3,1,0,0,0,1,1,0,0,0,0,0,alto
1,0.0,0,0.0,2,4,1,0,0,0,1,1,1,1,0,0,0,alto
3,10000.0,0,0.0,2,2,1,0,0,0,1,0,0,1,0,0,0,medio_baixo
8,75000.0,1580,0.960126582278481,27,2,1,1,0,0,1,0,0,1,0,0,0,baixo
1,0.0,0,0.0,1,4,1,0,0,0,1,1,0,0,0,0,0,gratuito
6,10000.0,16,0.9375,1,3,1,1,0,0,1,0,1,1,0,0,0,gratuito
9,10000.0,6,0.5,1,3,1,0,0,0,1,1,0,1,0,0,0,baixo
6,10000.0,10,0.9,2,3,1,0,0,0,1,0,1,0,1,0,0,alto
2,10000.0,0,0.0,40,2,1,0,0,0,0,0,1,0,0,0,1,alto
3,10000.0,6,0.6666666666666666,1,5,1,0,0,0,0,0,0,1,0,1,1,medio_alto
2,0.0,0,0.0,1,5,1,0,0,0,1,1,1,1,0,0,0,gratuito
4,10000.0,4,1.0,1,2,1,0,0,0,0,0,0,1,0,0,1,medio_baixo
7,10000.0,12,1.0,2,6,1,0,0,0,1,1,1,1,1,0,0,medio_alto
15,150000.0,427,0.8992974238875878,4,1,1,0,0,0,0,0,1,0,0,0,0,baixo
7,10000.0,7,0.5714285714285714,1,2,1,0,0,0,0,1,0,0,0,0,0,gratuito
3,10000.0,0,0.0,1,3,1,1,1,0,1,0,1,0,1,0,0,medio_alto
10,10000.0,81,0.8888888888888888,6,2,1,1,1,1,1,1,0,0,0,0,0,baixo
5,10000.0,63,0.38095238095238093,2,3,1,0,0,0,1,0,1,1,0,0,0,medio_baixo
4,0.0,0,0.0,12,4,1,0,0,2,0,0,0,0,0,0,0,gratuito
1,10000.0,98,0.7346938775510204,12,5,1,0,0,0,1,0,0,1,1,0,1,alto
1,10000.0,0,0.0,2,3,1,0,0,0,1,0,0,1,0,0,1,baixo
10,10000.0,47,0.851063829787234,1,1,1,0,0,0,1,0,0,0,0,0,0,gratuito
10,35000.0,70,0.8857142857142857,2,3,1,0,1,0,1,1,1,0,0,0,0,baixo
3,10000.0,116,0.75,4,5,1,0,0,0,1,1,1,0,0,0,1,gratuito
2,0.0,0,0.0,0,0,1,0,0,0,0,0,0,0,0,0,0,gratuito
1,0.0,0,0.0,1,5,1,0,0,0,1,0,0,1,1,1,1,medio_baixo
9,10000.0,65,0.8153846153846154,8,3,1,0,0,2,1,1,0,0,0,0,1,medio_alto
2,10000.0,1,1.0,2,4,1,0,0,0,1,1,1,1,0,0,0,baixo
5,10000.0,5,0.8,1,4,1,0,0,0,1,0,1,1,0,1,0,baixo
3,10000.0,0,0.0,1,1,1,0,0,0,0,0,0,0,0,0,0,baixo
6,75000.0,8,0.375,1,2,1,0,0,0,0,0,0,1,0,1,0,gratuito
1,10000.0,0,0.0,1,4,1,0,0,0,0,0,0,1,0,0,1,gratuito
2,10000.0,106,0.8018867924528302,7,3,1,1,1,1,1,0,0,1,0,0,0,gratuito
4,10000.0,11,0.09090909090909091,1,3,1,0,0,0,0,0,0,0,0,0,0,baixo
10,10000.0,23,0.30434782608695654,1,2,1,0,0,0,0,1,1,0,0,0,0,baixo
1,10000.0,2,1.0,4,3,1,0,0,0,1,1,1,0,0,0,0,baixo
3,10000.0,39,0.9487179487179487,1,3,1,0,0,0,1,0,0,0,1,1,0,alto
3,10000.0,7,0.5714285714285714,1,2,1,0,0,0,1,1,0,0,0,0,0,medio_baixo
7,150000.0,357,0.5294117647058824,1,8,1,1,0,0,1,1,0,1,1,1,1,gratuito
3,10000.0,195,0.6974358974358974,9,5,1,0,0,0,1,0,0,0,1,1,0,gratuito
2,0.0,0,0.0,3,4,1,0,0,0,0,0,1,0,1,1,0,gratuito
9,10000.0,10,0.7,2,3,1,0,0,0,1,0,1,0,1,0,0,baixo
1,10000.0,0,0.0,4,5,1,0,0,0,1,0,0,0,1,1,1,alto
4,10000.0,3,1.0,3,3,1,0,0,0,1,0,1,0,0,0,0,baixo
5,0.0,0,0.0,1,3,1,0,0,0,1,1,0,0,0,0,0,gratuito
1,10000.0,5,0.8,1,3,1,0,0,0,1,0,0,0,0,1,1,alto
4,10000.0,100,0.94,5,5,1,0,0,0,1,1,1,0,1,0,0,medio_alto
2,10000.0,62,0.8064516129032258,11,1,1,0,0,1,1,0,0,0,0,0,0,medio_baixo
3,10000.0,45,0.4222222222222222,1,4,1,0,0,0,1,0,0,0,0,1,1,gratuito
2,10000.0,11,0.5454545454545454,7,5,1,0,0,0,1,1,0,0,1,1,0,gratuito
4,10000.0,12,0.9166666666666666,1,3,1,0,0,0,1,0,0,0,0,1,1,baixo
2,10000.0,0,0.0,5,3,1,1,1,0,1,0,0,1,0,0,1,medio_baixo
10,10000.0,180,0.8722222222222222,2,2,1,0,0,3,0,0,1,1,0,0,0,medio_alto
5,10000.0,11,0.8181818181818182,7,1,1,1,0,0,0,0,0,1,0,0,0,medio_alto
3,10000.0,2,1.0,1,3,1,0,0,0,1,0,0,1,0,1,0,medio_baixo
10,10000.0,28,0.7857142857142857,1,2,1,0,0,0,1,1,0,0,0,0,0,alto
3,35000.0,589,0.8590831918505942,7,4,1,0,0,2,1,0,1,1,1,0,0,medio_alto
8,10000.0,73,0.5753424657534246,15,3,1,1,0,0,0,0,1,1,0,0,1,alto
7,75000.0,402,0.6766169154228856,1,2,1,0,0,0,0,0,0,0,0,0,0,gratuito
2,10000.0,10,0.5,1,6,1,0,0,0,1,1,1,1,1,0,1,alto
9,10000.0,86,0.813953488372093,1,3,1,0,0,0,1,0,0,0,0,0,1,alto
7,35000.0,81,0.41975308641975306,1,4,1,0,0,0,1,1,1,0,0,0,1,baixo
7,10000.0,1,1.0,1,2,1,0,0,0,1,0,0,0,1,0,0,baixo
12,35000.0,91,0.6153846153846154,7,2,1,1,1,0,0,0,1,1,0,0,0,alto
3,10000.0,705,0.7574468085106383,10,4,1,0,0,0,1,1,1,0,1,0,0,medio_alto
6,35000.0,10,1.0,1,2,1,0,0,0,1,0,1,0,0,0,0,baixo
3,10000.0,0,0.0,1,3,1,0,0,0,1,0,0,1,0,0,1,medio_baixo
11,10000.0,14,0.5,1,2,1,0,1,0,0,1,0,0,0,0,1,baixo
9,10000.0,27,0.8148148148148148,1,1,1,0,0,0,1,0,0,0,0,0,0,medio_alto
3,35000.0,17,0.7647058823529411,3,1,1,0,0,0,1,0,0,0,0,0,0,medio_alto
1,10000.0,0,0.0,3,3,1,0,0,0,1,1,1,0,0,0,0,alto
7,10000.0,15,0.4666666666666667,1,2,1,0,0,0,1,1,0,0,0,0,0,medio_baixo
11,10000.0,88,0.7613636363636364,3,2,1,0,0,0,1,1,0,0,0,0,0,medio_baixo
8,350000.0,2493,0.9085439229843562,15,3,1,0,0,3,1,1,0,0,0,0,0,alto
9,10000.0,112,0.9017857142857143,7,2,1,0,0,0,1,0,1,0,0,0,0,medio_baixo
7,35000.0,441,0.9455782312925171,3,2,1,1,0,0,1,0,0,1,0,0,0,alto
1,0.0,0,0.0,2,4,1,0,0,0,1,1,0,1,0,0,0,gratuito
1,10000.0,126,0.9444444444444444,5,3,1,0,0,0,0,0,1,1,0,0,1,medio_baixo
1,0.0,0,0.0,1,3,1,0,0,0,0,0,0,0,0,0,0,gratuito
5,10000.0,9,1.0,1,4,1,0,0,0,1,0,0,1,0,1,0,alto
1,0.0,0,0.0,2,3,1,0,0,0,0,0,0,0,0,0,1,medio_baixo
2,10000.0,14,0.9285714285714286,1,1,1,0,0,0,1,0,0,0,0,0,0,medio_baixo
8,10000.0,51,0.6862745098039216,1,5,1,0,0,4,1,1,1,0,1,1,0,alto
1,10000.0,0,0.0,1,2,1,1,1,0,1,0,0,0,0,1,0,alto
10,10000.0,1,0.0,1,2,1,0,0,0,0,0,0,0,0,0,0,baixo
2,10000.0,49,0.9795918367346939,1,2,1,0,0,0,1,1,0,0,0,0,0,baixo
1,10000.0,68,0.8970588235294118,10,1,1,0,0,0,0,0,1,0,0,0,0,medio_baixo
1,0.0,0,0.0,9,6,1,0,0,0,0,1,1,0,1,1,0,gratuito
5,10000.0,0,0.0,6,2,1,0,0,0,1,0,0,1,0,0,0,medio_baixo
6,350000.0,960,0.6416666666666667,4,7,1,0,0,0,0,1,1,1,1,1,0,gratuito
2,10000.0,0,0.0,1,4,1,1,0,0,1,1,1,0,1,0,0,medio_alto
7,350000.0,6431,0.7987871248639403,9,1,1,1,0,5,0,0,0,0,0,1,0,alto
5,10000.0,1,0.0,1,1,1,0,0,0,0,0,0,1,0,0,0,baixo
2,10000.0,1,1.0,1,3,1,0,1,0,1,1,1,0,0,0,0,baixo
1,10000.0,0,0.0,1,3,1,0,0,0,1,0,0,1,0,0,1,medio_baixo
6,10000.0,12,0.75,2,2,1,0,0,0,1,1,0,0,0,0,0,medio_alto
4,0.0,0,0.0,3,4,1,0,0,25,1,1,0,1,0,0,0,gratuito
2,10000.0,29,0.896551724137931,8,2,1,0,0,0,1,0,1,0,0,0,0,medio_baixo
8,35000.0,73,0.9041095890410958,1,2,1,0,0,0,1,1,0,0,0,0,0,medio_baixo
16,3500000.0,21274,0.9485287205039015,1,2,1,0,0,0,0,1,0,0,0,0,0,gratuito
7,10000.0,5,0.4,1,2,1,0,0,0,0,0,0,1,0,0,0,baixo
7,10000.0,7,0.42857142857142855,1,3,1,0,1,0,1,1,0,0,0,0,0,baixo
2,10000.0,16,0.9375,1,4,1,0,0,0,1,1,1,0,1,0,0,medio_alto
7,10000.0,0,0.0,1,4,1,0,0,0,1,0,0,1,0,1,1,baixo
2,10000.0,6,1.0,3,3,1,1,1,0,1,0,1,1,0,0,0,baixo
3,10000.0,24,1.0,1,2,1,1,1,0,1,0,0,1,0,0,0,medio_alto
1,0.0,0,0.0,7,5,1,0,0,0,1,1,1,0,1,0,0,alto
3,10000.0,0,0.0,1,2,1,0,0,0,1,0,0,1,0,0,0,alto
7,10000.0,13,0.6923076923076923,1,1,1,0,0,0,0,0,0,0,0,0,1,medio_baixo
7,10000.0,14,0.7142857142857143,3,4,1,0,0,0,1,1,0,1,0,1,0,medio_baixo
5,10000.0,86,0.8488372093023255,1,2,1,1,0,0,1,0,0,0,0,0,1,gratuito
1,0.0,0,0.0,0,0,1,0,0,0,0,0,0,0,0,0,0,gratuito
5,10000.0,47,0.7446808510638298,5,3,1,0,0,0,1,1,1,0,0,0,0,baixo
9,35000.0,1051,0.966698382492864,6,4,1,1,1,1,1,1,1,1,0,0,0,medio_alto
3,0.0,0,0.0,0,0,1,0,0,0,0,0,0,0,0,0,0,gratuito
12,1500000.0,43512,0.6851673101673101,8,5,1,0,1,5,1,1,1,0,1,0,0,medio_baixo
3,10000.0,83,0.8192771084337349,4,4,1,0,0,0,0,1,1,1,0,0,1,baixo
2,10000.0,6,0.8333333333333334,16,4,1,0,0,0,1,1,1,0,0,0,1,baixo
3,10000.0,0,0.0,1,3,1,0,0,0,1,1,0,0,0,1,0,gratuito
6,10000.0,4,0.75,2,5,1,0,0,0,1,1,1,0,1,1,0,baixo
10,10000.0,8,0.625,1,1,1,0,0,0,0,0,0,0,0,0,0,alto
1,0.0,0,0.0,0,0,1,0,0,0,0,0,0,0,0,0,0,gratuito
6,10000.0,97,0.979381443298969,10,3,1,0,0,0,1,0,1,0,0,0,1,medio_alto
6,150000.0,911,0.48737650933040616,3,3,1,0,0,1,0,0,0,0,0,1,1,gratuito
5,750000.0,12,0.16666666666666666,1,6,1,0,0,0,1,1,1,1,1,0,1,baixo
12,150000.0,512,0.771484375,1,1,1,0,0,0,0,1,0,0,0,0,0,baixo
8,10000.0,7,0.42857142857142855,1,3,1,0,0,0,1,0,1,1,0,0,0,alto
9,10000.0,2,0.5,1,3,1,1,1,0,1,0,0,1,0,1,0,medio_alto
11,75000.0,73,0.5342465753424658,1,4,1,0,0,0,1,0,1,1,1,0,0,baixo
2,10000.0,10,0.5,1,2,1,0,0,0,1,0,0,1,0,0,0,medio_baixo
1,0.0,0,0.0,0,0,1,0,0,0,0,0,0,0,0,0,0,gratuito
1,10000.0,79,0.9873417721518988,13,3,1,1,0,1,1,0,0,1,0,0,0,medio_alto
1,10000.0,0,0.0,1,4,1,0,0,0,1,1,0,1,1,0,0,baixo
11,10000.0,101,0.801980198019802,1,2,1,1,1,0,1,1,0,0,0,0,0,alto
2,0.0,0,0.0,0,0,1,0,0,0,0,0,0,0,0,0,0,gratuito
8,10000.0,5,1.0,1,2,1,0,0,0,0,0,1,1,0,0,0,medio_baixo
1,10000.0,8,1.0,1,3,1,0,0,0,0,0,0,1,1,1,0,baixo
1,0.0,0,0.0,1,1,1,0,0,0,1,0,0,0,0,0,0,baixo
9,75000.0,59,0.8813559322033898,2,1,1,0,0,0,1,0,0,0,0,0,0,baixo
1,0.0,0,0.0,0,0,1,0,0,0,0,0,0,0,0,0,0,gratuito
4,10000.0,13,0.8461538461538461,1,2,1,1,1,0,1,0,0,0,1,0,0,medio_alto
1,10000.0,2,1.0,1,3,1,0,0,0,1,0,1,1,0,0,0,alto
4,35000.0,46,0.8695652173913043,1,1,1,0,0,0,1,0,0,0,0,0,0,baixo
2,10000.0,3,0.6666666666666666,1,4,1,0,0,0,1,0,0,1,1,1,0,baixo
1,0.0,0,0.0,0,0,1,0,0,0,0,0,0,0,0,0,0,gratuito
8,35000.0,4,1.0,1,1,1,1,1,0,0,0,0,1,0,0,0,medio_baixo
3,0.0,0,0.0,28,3,1,0,0,0,1,0,0,0,0,1,1,gratuito
3,0.0,0,0.0,0,0,1,0,0,0,0,0,0,0,0,0,0,gratuito
5,10000.0,35,0.7142857142857143,1,5,1,0,0,0,1,0,1,1,1,1,0,medio_alto
5,0.0,0,0.0,0,0,1,0,0,0,0,0,0,0,0,0,0,gratuito
5,35000.0,5,1.0,1,1,1,0,0,0,0,1,0,0,0,0,0,medio_baixo
2,0.0,0,0.0,0,0,1,0,0,0,0,0,0,0,0,0,0,gratuito
6,10000.0,13,0.6153846153846154,1,5,1,0,0,0,1,1,1,0,1,1,0,gratuito
1,10000.0,23,1.0,1,3,1,0,0,0,1,1,0,0,1,0,0,alto
1,0.0,0,0.0,1,5,1,0,0,0,1,1,1,1,1,0,0,medio_baixo
1,10000.0,1,1.0,2,1,1,0,0,0,0,1,0,0,0,0,0,medio_alto
2,10000.0,18,0.9444444444444444,13,1,1,0,0,0,0,1,0,0,0,0,0,medio_alto
5,0.0,0,0.0,0,0,1,0,0,0,0,0,0,0,0,0,0,gratuito
1,10000.0,1,1.0,1,2,1,0,0,0,1,0,0,1,0,0,0,baixo
1,10000.0,0,0.0,1,6,1,1,1,0,1,0,1,1,1,0,1,alto
4,0.0,0,0.0,1,3,1,0,0,0,1,1,0,1,0,0,0,gratuito
6,10000.0,10,0.9,5,1,1,0,0,0,0,0,0,0,0,0,0,medio_alto
1,10000.0,8,1.0,1,3,1,0,0,0,1,0,0,1,0,0,1,medio_alto
1,10000.0,0,0.0,12,4,1,0,0,1,1,0,1,1,1,0,0,medio_baixo
1,10000.0,0,0.0,1,2,1,1,1,1,1,0,0,0,1,0,0,medio_alto
2,35000.0,19,1.0,1,5,1,0,0,0,1,0,0,1,1,1,1,medio_alto
15,1500000.0,15050,0.8411295681063123,1,2,1,0,0,2,1,1,0,0,0,0,0,baixo
4,10000.0,2,0.5,1,1,1,1,0,0,1,0,0,0,0,0,0,medio_baixo
3,0.0,0,0.0,0,0,1,0,0,0,0,0,0,0,0,0,0,gratuito
2,10000.0,0,0.0,10,2,1,0,0,0,1,0,0,1,0,0,0,baixo
9,10000.0,45,0.7555555555555555,1,3,1,0,0,0,0,1,0,1,0,0,1,gratuito
3,10000.0,10,1.0,1,2,1,0,0,0,0,0,1,0,1,0,0,medio_alto
4,10000.0,39,0.3333333333333333,2,1,1,0,0,0,1,0,0,0,0,0,0,medio_baixo
1,10000.0,0,0.0,2,2,1,0,0,3,1,0,0,0,1,0,0,medio_alto
4,10000.0,11,0.8181818181818182,2,5,1,0,0,0,1,0,1,1,1,1,0,medio_alto
5,150000.0,3247,0.9069910686787804,4,2,1,0,0,2,1,0,0,1,0,0,0,baixo
10,10000.0,48,0.9166666666666666,1,1,1,0,0,0,0,0,0,0,0,0,1,medio_alto
3,10000.0,0,0.0,2,3,1,0,0,0,1,1,0,0,0,0,0,gratuito
8,10000.0,73,0.726027397260274,2,3,1,0,0,0,0,1,1,0,1,0,0,medio_alto
4,10000.0,34,0.5588235294117647,3,2,1,0,0,0,1,0,1,0,0,0,0,medio_baixo
3,0.0,0,0.0,0,0,1,0,0,0,0,0,0,0,0,0,0,gratuito
2,10000.0,34,0.29411764705882354,9,3,1,0,0,0,1,1,1,0,0,0,0,medio_baixo
6,35000.0,2,1.0,1,4,1,0,0,0,1,1,0,1,0,0,0,medio_baixo
4,10000.0,18,0.8888888888888888,4,1,1,0,0,0,0,0,0,1,0,0,0,medio_baixo
4,10000.0,15,0.8,1,3,1,0,0,0,0,1,0,0,0,0,0,gratuito
1,0.0,0,0.0,4,4,1,0,0,0,1,0,1,0,1,1,0,alto
3,35000.0,6,1.0,2,3,1,0,0,0,1,1,1,0,0,0,0,medio_alto
2,35000.0,106,0.7075471698113207,3,3,1,0,0,1,1,0,1,0,0,1,0,medio_alto
2,150000.0,1723,0.9361578641903656,10,3,1,0,0,1,1,1,0,0,0,1,0,medio_alto
4,10000.0,35,0.8857142857142857,7,3,1,0,0,0,1,0,0,1,0,0,1,baixo
4,0.0,0,0.0,1,2,1,0,0,0,0,0,0,0,0,1,0,gratuito
7,10000.0,3,0.6666666666666666,1,2,1,0,0,0,1,0,1,0,0,0,0,alto
8,10000.0,0,0.0,9,4,1,0,0,0,1,0,0,1,0,1,0,baixo
1,10000.0,8,1.0,1,3,1,0,0,0,1,0,0,1,0,0,1,medio_baixo
8,0.0,0,0.0,1,5,1,0,0,0,1,1,0,0,0,1,1,medio_alto
1,0.0,0,0.0,0,0,1,0,0,0,0,0,0,0,0,0,0,gratuito
9,10000.0,6,1.0,1,2,1,0,0,0,0,0,1,1,0,0,0,medio_alto
1,0.0,0,0.0,1,3,1,0,0,0,0,0,0,1,0,1,1,baixo
8,10000.0,7,0.8571428571428571,1,2,1,0,0,0,0,0,1,1,0,0,0,medio_alto
10,35000.0,1584,0.6571969696969697,13,2,1,0,0,0,0,0,0,0,1,1,0,alto
1,10000.0,0,0.0,2,2,1,0,0,1,1,0,0,0,0,0,0,alto
6,35000.0,116,0.8793103448275862,6,1,1,0,0,0,1,0,0,0,0,0,0,medio_baixo
10,10000.0,13,0.6923076923076923,1,3,1,0,0,0,0,0,1,1,1,0,0,gratuito
4,35000.0,3,0.3333333333333333,2,3,1,0,0,0,1,1,1,0,0,0,0,alto
4,10000.0,18,0.3333333333333333,1,3,1,0,0,0,1,0,1,0,1,0,0,baixo
1,0.0,0,0.0,1,1,1,0,0,0,0,0,0,0,0,0,1,alto
9,35000.0,62,0.6451612903225806,1,1,1,0,0,0,0,0,0,0,0,1,0,alto
4,10000.0,12,0.8333333333333334,1,3,1,1,0,0,1,0,1,1,0,0,0,alto
4,0.0,0,0.0,1,1,1,0,0,0,1,0,0,0,0,0,0,gratuito
9,10000.0,12,0.8333333333333334,1,2,1,0,0,0,1,0,0,1,0,0,0,gratuito
6,10000.0,7,0.7142857142857143,4,1,1,0,0,0,0,0,0,1,0,0,0,alto
4,10000.0,15,0.7333333333333333,103,1,1,0,0,0,0,1,0,0,0,0,0,baixo
8,10000.0,5,0.6,1,10,1,0,0,0,1,1,1,1,1,1,1,baixo
2,750000.0,2958,0.9415145368492225,1,2,1,1,0,3,1,0,0,0,1,0,0,alto
7,10000.0,120,0.9,7,6,1,0,0,0,1,1,1,1,1,1,0,medio_baixo
2,150000.0,361,0.7340720221606648,8,3,1,0,0,1,0,0,0,0,1,1,1,medio_alto
5,35000.0,7,0.7142857142857143,2,4,1,0,0,0,1,0,0,0,1,0,1,medio_baixo
2,10000.0,46,0.8913043478260869,1,3,1,0,1,0,1,0,1,0,1,0,0,medio_baixo
2,10000.0,5,0.8,1,3,1,0,0,0,1,1,0,0,1,0,0,baixo
7,75000.0,38,0.7105263157894737,1,2,1,0,0,1,1,0,0,0,1,0,0,baixo
2,0.0,0,0.0,0,0,1,0,0,0,0,0,0,0,0,0,0,gratuito
1,10000.0,0,0.0,1,2,1,0,0,0,1,0,0,1,0,0,0,baixo
11,750000.0,7837,0.8593849687380375,11,3,1,1,1,8,1,0,0,0,0,1,1,medio_alto
2,150000.0,29,1.0,2,4,1,0,0,0,1,1,0,1,0,0,1,baixo
3,10000.0,2,1.0,1,3,1,0,0,1,1,1,0,0,0,0,0,medio_alto
2,10000.0,38,0.868421052631579,1,4,1,0,0,0,1,1,0,1,1,0,0,medio_baixo
1,0.0,0,0.0,1,2,1,0,0,0,0,1,0,0,0,1,0,baixo
2,10000.0,0,0.0,8,3,1,0,0,0,1,0,1,1,0,0,0,medio_baixo
3,10000.0,0,0.0,1,2,1,0,0,0,1,0,1,0,0,0,0,medio_alto
8,10000.0,4,0.75,2,3,1,1,1,0,1,1,0,1,0,0,0,medio_baixo
7,10000.0,4,0.25,1,2,1,0,0,0,0,0,0,0,0,0,1,alto
1,0.0,0,0.0,1,3,1,0,0,0,1,1,0,0,0,0,0,gratuito
1,10000.0,0,0.0,1,2,1,0,0,0,1,0,0,0,0,1,0,medio_alto
7,10000.0,3,0.0,1,2,1,0,0,0,0,0,0,0,0,0,0,medio_baixo
6,10000.0,515,0.8854368932038835,9,2,1,0,0,0,1,0,1,0,0,0,0,medio_alto
6,35000.0,20,0.2,1,2,1,0,0,0,1,0,0,0,0,0,1,baixo
8,35000.0,57,0.7543859649122807,10,4,1,1,0,0,1,1,1,0,1,0,0,baixo
11,10000.0,12,0.75,1,1,1,1,0,0,0,0,0,0,0,1,0,medio_alto
4,10000.0,34,0.9411764705882353,17,2,1,1,1,0,1,1,0,0,0,0,0,gratuito
7,10000.0,1,1.0,5,3,1,0,0,0,0,0,0,1,0,1,1,medio_alto
1,0.0,0,0.0,8,2,1,1,0,1,0,0,1,1,0,0,0,alto
1,10000.0,142,0.9154929577464789,15,3,1,0,0,0,1,0,0,1,0,0,1,medio_alto
3,0.0,0,0.0,0,0,1,0,0,0,0,0,0,0,0,0,0,gratuito
6,10000.0,22,1.0,1,2,1,0,0,2,1,1,0,0,0,0,0,alto
6,10000.0,89,0.5842696629213483,11,4,1,0,0,5,1,1,0,1,0,0,0,gratuito
1,350000.0,13465,0.9562569624953583,11,2,1,0,0,1,0,1,0,0,1,0,0,alto
2,10000.0,6,0.8333333333333334,16,1,1,0,0,0,0,0,0,1,0,0,0,baixo
6,75000.0,68,0.9852941176470589,1,3,1,0,0,0,1,1,0,0,0,0,0,gratuito
10,10000.0,43,0.3023255813953488,1,3,1,1,1,0,1,0,0,0,0,1,1,medio_alto
2,150000.0,9260,0.9454643628509719,1,4,1,0,0,0,0,1,1,1,0,0,0,baixo
1,10000.0,0,0.0,1,3,1,0,0,0,1,1,0,0,0,0,0,medio_alto
1,0.0,0,0.0,0,0,1,0,0,0,0,0,0,0,0,0,0,gratuito
1,0.0,0,0.0,0,0,1,0,0,0,0,0,0,0,0,0,0,gratuito
1,0.0,0,0.0,1,2,1,0,0,0,0,1,1,0,0,0,0,medio_alto
1,0.0,0,0.0,3,4,1,1,1,0,1,0,1,0,1,0,0,alto
1,10000.0,0,0.0,3,3,1,0,1,0,1,0,0,0,0,1,1,alto
9,10000.0,29,0.8620689655172413,1,2,1,0,0,0,1,0,0,0,0,1,0,baixo
1,10000.0,0,0.0,5,2,1,0,1,0,1,1,0,0,0,0,0,medio_alto
7,35000.0,252,0.7777777777777778,1,1,1,0,0,0,0,0,0,0,1,0,0,medio_baixo
3,35000.0,471,0.9617834394904459,11,3,1,1,1,1,1,0,1,0,1,0,0,alto
2,10000.0,7,1.0,1,1,1,0,0,0,1,0,0,0,0,0,0,medio_baixo
1,10000.0,0,0.0,10,3,1,0,0,0,1,1,1,0,0,0,0,medio_baixo
2,10000.0,0,0.0,1,3,1,0,0,0,1,0,0,1,0,0,0,baixo
2,0.0,0,0.0,1,5,1,0,0,0,1,1,1,0,1,0,0,gratuito
6,10000.0,47,0.9148936170212766,1,1,1,0,0,0,1,0,0,0,0,0,0,alto
4,10000.0,2,0.5,2,3,1,0,1,0,1,1,0,1,0,0,0,baixo
2,350000.0,8361,0.9575409639995216,11,3,1,1,1,1,1,1,1,0,0,0,0,medio_baixo
5,10000.0,0,0.0,2,2,1,0,0,0,1,0,0,1,0,0,0,medio_baixo
8,10000.0,29,0.6896551724137931,1,4,1,0,0,0,1,1,0,1,0,0,0,gratuito
7,10000.0,12,0.5,7,3,1,1,0,0,0,0,1,1,0,1,0,alto
2,0.0,0,0.0,1,4,1,0,0,0,1,1,0,1,0,0,0,gratuito
2,10000.0,0,0.0,1,3,1,0,0,0,1,0,1,0,0,1,0,alto
3,10000.0,11,1.0,6,1,1,1,1,0,0,0,0,0,0,1,0,medio_alto
6,10000.0,20,1.0,1,2,1,0,0,0,1,0,1,0,0,0,0,medio_baixo
2,10000.0,12,0.8333333333333334,16,7,1,0,0,0,1,1,0,1,1,1,1,medio_baixo
6,10000.0,8,0.75,1,1,1,0,0,0,0,0,0,0,0,0,0,baixo
2,10000.0,0,0.0,2,7,1,0,0,0,1,1,1,1,1,0,1,baixo
1,10000.0,1,1.0,1,1,1,0,0,0,0,0,0,0,0,1,0,baixo
1,0.0,0,0.0,1,4,1,1,1,0,1,1,0,1,0,0,0,gratuito
7,10000.0,24,0.8333333333333334,1,2,1,0,0,0,0,0,0,0,0,0,0,medio_baixo
2,10000.0,20,0.95,1,2,1,1,1,0,1,0,0,0,0,1,0,medio_baixo
3,10000.0,4,1.0,4,1,1,0,0,0,0,0,0,1,0,0,0,medio_alto
6,10000.0,5,1.0,1,2,1,0,0,0,0,0,1,1,0,0,0,medio_alto
3,35000.0,251,0.9043824701195219,3,3,1,0,0,0,1,0,1,0,1,0,0,alto
10,75000.0,3831,0.8519968676585747,4,1,1,0,0,11,0,1,0,0,0,0,0,alto
1,10000.0,0,0.0,5,4,1,0,0,0,1,0,1,0,1,1,0,alto
6,10000.0,12,0.4166666666666667,2,3,1,0,0,0,1,1,1,0,0,0,0,baixo
8,10000.0,1,1.0,4,2,1,0,0,0,0,0,0,0,0,0,0,gratuito
1,0.0,0,0.0,4,4,1,0,0,0,1,1,0,0,0,0,0,medio_baixo
4,10000.0,11,0.8181818181818182,1,3,1,0,0,0,1,1,0,0,0,0,0,medio_baixo
5,10000.0,135,0.8148148148148148,1,3,1,0,1,0,1,0,0,1,0,0,0,medio_alto
1,0.0,0,0.0,3,1,1,0,0,0,1,0,0,0,0,0,0,medio_alto
11,35000.0,554,0.9350180505415162,4,2,1,0,0,1,1,0,1,0,0,0,0,alto
7,35000.0,29,0.9655172413793104,1,3,1,0,0,5,1,0,1,1,0,0,0,gratuito
6,10000.0,151,0.7086092715231788,2,3,1,0,0,2,1,1,1,0,0,0,0,medio_baixo
10,35000.0,134,0.7910447761194029,1,4,1,0,0,0,1,0,0,1,0,0,0,gratuito
2,10000.0,141,0.8581560283687943,22,3,1,0,1,0,1,1,1,0,0,0,0,alto
7,150000.0,2124,0.8870056497175142,1,4,1,1,0,0,1,0,1,0,1,1,0,alto
3,35000.0,248,0.907258064516129,5,3,1,0,0,0,0,0,1,0,1,1,0,alto
8,10000.0,35,0.6285714285714286,1,2,1,0,0,0,0,1,0,0,0,0,0,gratuito
9,10000.0,5,0.8,1,3,1,1,1,0,1,0,1,1,0,0,0,medio_alto
7,10000.0,5,0.6,1,3,1,0,0,0,0,0,0,0,0,0,0,gratuito
3,10000.0,178,0.7078651685393258,28,0,1,0,0,0,0,0,0,0,0,0,0,medio_alto
8,35000.0,3,1.0,1,1,1,0,0,0,1,0,0,0,0,0,0,medio_baixo
3,10000.0,20,0.9,1,3,1,0,0,0,1,0,0,1,0,1,0,medio_baixo
7,150000.0,487,0.9260780287474333,1,1,1,0,0,0,0,0,0,0,0,1,0,alto
4,10000.0,5,0.4,1,2,1,0,0,0,1,0,0,1,0,0,0,alto
1,10000.0,0,0.0,1,6,1,0,0,0,1,1,0,1,0,0,0,gratuito
2,35000.0,325,0.8892307692307693,5,1,1,0,0,0,0,1,0,0,0,0,0,medio_baixo
1,10000.0,1,1.0,1,2,1,0,0,0,1,0,0,1,0,0,0,medio_alto
3,10000.0,0,0.0,8,3,1,0,0,0,1,1,0,1,0,0,0,medio_alto
15,3500000.0,37953,0.8865438832239876,5,1,1,0,0,4,0,1,0,0,0,0,0,alto
8,350000.0,6259,0.8975874740373861,3,2,1,0,0,25,0,1,0,0,1,0,0,alto
1,10000.0,0,0.0,12,4,1,0,0,0,1,1,1,1,0,0,0,medio_baixo
2,10000.0,3,1.0,1,4,1,0,0,0,1,0,0,1,0,0,1,medio_alto
7,10000.0,85,0.8705882352941177,5,3,1,0,0,0,1,1,0,1,0,0,0,alto
9,10000.0,25,0.92,1,4,1,0,0,0,1,1,1,1,0,0,0,gratuito
2,0.0,0,0.0,0,0,1,0,0,0,0,0,0,0,0,0,0,gratuito
5,10000.0,15,0.8666666666666667,1,2,1,0,0,1,1,0,1,0,0,0,0,medio_alto
6,10000.0,152,0.9078947368421053,10,4,1,0,0,0,0,0,1,0,1,1,1,medio_alto
1,10000.0,16,0.875,1,3,1,0,0,0,1,0,0,0,0,0,1,gratuito
1,0.0,0,0.0,1,4,1,0,0,0,1,1,1,0,0,0,0,medio_alto
4,75000.0,303,0.5577557755775577,11,4,1,0,0,1,1,1,1,0,1,0,0,medio_baixo
9,35000.0,169,0.9763313609467456,1,3,1,1,1,0,1,0,1,1,0,0,0,medio_alto
3,10000.0,24,0.6666666666666666,1,6,1,0,0,0,1,1,1,0,0,1,1,medio_alto
1,10000.0,0,0.0,1,3,1,0,0,0,1,1,0,0,0,0,0,medio_alto
1,10000.0,0,0.0,6,3,1,0,0,0,1,1,0,0,0,0,1,medio_alto
6,10000.0,1,1.0,2,2,1,0,0,0,1,1,0,0,0,0,0,baixo
2,0.0,0,0.0,0,0,1,0,0,0,0,0,0,0,0,0,0,gratuito
1,10000.0,0,0.0,1,4,1,0,0,0,1,0,1,1,0,0,1,alto
7,10000.0,8,0.25,1,2,1,0,0,0,1,1,0,0,0,0,0,baixo
6,10000.0,50,1.0,1,2,1,1,0,0,0,0,0,1,0,1,0,baixo
4,10000.0,39,0.6410256410256411,1,3,1,0,0,0,1,1,1,0,0,0,0,gratuito
3,10000.0,20,1.0,1,2,1,1,1,0,1,0,0,1,0,0,0,medio_alto
1,0.0,0,0.0,0,0,1,0,0,0,0,0,0,0,0,0,0,gratuito
1,0.0,0,0.0,0,0,1,0,0,0,0,0,0,0,0,0,0,gratuito
1,10000.0,0,0.0,1,2,1,0,0,0,0,0,0,1,0,0,1,medio_baixo
3,10000.0,1,1.0,1,4,1,0,0,0,1,0,0,0,0,1,1,medio_alto
1,10000.0,0,0.0,1,2,1,0,0,0,1,0,0,0,0,0,0,medio_alto
9,35000.0,73,0.8356164383561644,1,1,1,0,0,0,0,0,0,0,1,0,0,medio_alto
8,350000.0,4442,0.7708239531742458,20,5,1,0,0,0,1,1,1,0,1,0,0,baixo
2,10000.0,8,1.0,2,4,1,0,0,0,0,1,1,1,0,0,0,baixo
4,150000.0,639,0.8435054773082942,1,2,1,0,1,0,1,0,0,0,0,1,0,alto
1,0.0,0,0.0,2,2,1,0,0,0,1,0,0,1,0,0,0,medio_alto
10,35000.0,260,0.676923076923077,11,2,1,1,1,0,0,0,1,1,0,0,0,medio_baixo
3,10000.0,3,0.3333333333333333,2,4,1,0,0,4,0,0,1,0,1,1,1,alto
3,10000.0,0,0.0,1,3,1,0,0,0,1,0,0,0,0,1,0,gratuito
3,10000.0,17,0.5882352941176471,2,2,1,1,0,0,1,0,0,0,0,0,0,alto
5,0.0,0,0.0,25,3,1,0,0,7,1,1,0,0,0,0,0,gratuito
2,75000.0,2227,0.9797934440951953,9,4,1,0,0,3,1,1,1,0,0,0,1,alto
1,0.0,0,0.0,1,7,1,0,0,0,1,0,1,1,1,1,1,medio_alto
1,10000.0,24,0.8333333333333334,2,2,1,0,0,0,0,1,1,0,0,0,0,medio_baixo
2,10000.0,2,1.0,1,2,1,0,0,0,1,0,0,1,0,0,0,medio_alto
5,10000.0,7,0.8571428571428571,1,6,1,0,0,0,1,1,0,0,0,0,1,medio_alto
10,10000.0,45,0.6,1,4,1,0,0,0,1,1,0,0,1,0,0,alto
3,10000.0,5,1.0,1,3,1,0,0,0,1,1,1,0,0,0,0,baixo
5,10000.0,4,1.0,9,4,1,0,0,0,1,1,1,0,0,1,0,alto
2,0.0,0,0.0,14,3,1,0,0,0,0,0,0,0,1,0,0,gratuito
2,10000.0,5,1.0,6,4,1,0,0,0,1,0,0,1,0,0,1,baixo
4,10000.0,68,0.9852941176470589,10,4,1,0,0,2,1,0,1,1,0,1,0,alto
2,10000.0,0,0.0,1,4,1,0,0,0,1,0,0,1,0,1,1,baixo
11,10000.0,62,0.8870967741935484,1,2,1,0,0,0,1,1,0,0,0,0,0,medio_baixo
5,0.0,0,0.0,0,0,1,0,0,0,0,0,0,0,0,0,0,gratuito
10,10000.0,67,0.6268656716417911,1,3,1,0,0,0,1,1,0,0,0,1,0,medio_alto
1,10000.0,0,0.0,1,1,1,0,0,0,0,0,0,0,0,0,1,medio_baixo
14,7500000.0,73694,0.8087225554319212,7,3,1,0,0,0,0,1,0,0,0,0,0,gratuito
9,150000.0,658,0.89209726443769,10,2,1,1,0,0,1,0,0,1,0,0,0,medio_baixo
10,10000.0,22,0.5,2,3,1,1,0,0,1,0,0,0,0,0,1,medio_baixo
6,10000.0,19,1.0,1,2,1,0,0,0,1,1,0,0,0,0,0,medio_baixo
18,350000.0,2584,0.5565015479876161,1,1,1,0,0,0,0,1,0,0,0,0,0,baixo
2,75000.0,780,0.8884615384615384,1,5,1,0,0,0,1,1,0,1,0,0,1,alto
4,35000.0,7,0.8571428571428571,3,2,1,0,0,0,1,0,0,0,1,0,0,medio_alto
8,10000.0,23,0.8695652173913043,1,3,1,0,0,0,1,1,0,0,0,0,0,baixo
2,0.0,0,0.0,103,3,1,0,0,1,0,0,0,1,0,0,1,gratuito
8,10000.0,40,0.7,2,1,1,0,0,0,0,0,0,0,0,1,0,gratuito
5,10000.0,21,0.3333333333333333,17,1,1,0,0,0,0,0,1,0,0,0,0,medio_alto
9,10000.0,13,0.6923076923076923,5,4,1,0,0,1,1,0,1,1,0,0,1,alto
1,10000.0,0,0.0,2,3,1,1,0,1,0,0,1,0,0,1,1,alto
1,10000.0,0,0.0,1,2,1,0,0,0,1,0,0,0,0,0,1,baixo
3,10000.0,1,1.0,3,4,1,0,0,0,1,1,0,1,0,0,0,medio_alto
1,10000.0,0,0.0,1,2,1,0,0,0,0,0,0,0,0,1,0,medio_baixo
1,10000.0,0,0.0,27,1,1,1,1,0,1,0,0,0,0,0,0,medio_baixo
8,10000.0,9,0.2222222222222222,1,3,1,0,0,0,1,1,1,0,0,0,0,alto
5,10000.0,3,0.3333333333333333,1,3,1,0,0,0,0,1,1,1,0,0,0,medio_baixo
8,10000.0,2,0.5,1,3,1,0,0,0,1,1,0,1,0,0,0,medio_baixo
4,10000.0,3,1.0,1,4,1,1,0,0,1,1,0,1,0,0,1,baixo
1,10000.0,8,0.875,2,3,1,0,0,0,1,0,0,1,0,0,0,baixo
4,10000.0,28,0.8571428571428571,1,2,1,0,0,0,1,1,0,0,0,0,0,baixo
1,350000.0,16364,0.9740283549254461,22,5,1,0,0,0,1,0,1,1,0,0,1,alto
2,0.0,0,0.0,0,0,1,0,0,0,0,0,0,0,0,0,0,gratuito
1,0.0,0,0.0,1,3,1,0,0,0,0,1,1,0,0,0,0,gratuito
4,10000.0,3,1.0,2,3,1,0,0,0,1,0,0,0,0,0,1,medio_baixo
1,10000.0,0,0.0,1,5,1,0,0,0,1,0,0,0,1,1,1,alto
2,10000.0,249,0.8232931726907631,2,1,1,0,0,0,0,0,0,0,0,1,0,medio_alto
3,10000.0,17,0.8235294117647058,2,1,1,0,0,0,0,0,0,0,0,1,0,medio_baixo
3,35000.0,208,0.6586538461538461,12,5,1,1,0,0,0,1,1,0,0,0,1,gratuito
2,0.0,0,0.0,1,2,1,0,0,0,0,0,0,1,0,0,0,gratuito
5,10000.0,135,0.8666666666666667,1,3,1,0,0,0,1,1,0,0,0,0,0,alto
12,10000.0,17,0.5294117647058824,5,1,1,0,0,0,0,0,0,1,0,0,0,medio_baixo
1,0.0,0,0.0,1,4,1,0,0,0,0,1,1,1,0,0,0,gratuito
11,150000.0,996,0.6907630522088354,2,3,1,0,0,0,1,1,1,0,0,0,0,baixo
2,10000.0,36,1.0,1,4,1,0,0,1,1,1,1,1,0,0,0,medio_baixo
2,10000.0,7,1.0,1,4,1,0,1,0,1,1,0,1,0,0,0,gratuito
2,10000.0,8,1.0,1,2,1,1,0,0,0,0,0,1,0,1,0,medio_alto
10,350000.0,88,0.5340909090909091,1,4,1,0,1,8,1,0,1,1,1,0,0,medio_alto
4,10000.0,10,0.9,8,1,1,0,0,0,0,0,0,0,0,0,0,medio_alto
8,10000.0,24,0.9583333333333334,1,2,1,0,0,0,0,0,1,1,0,0,0,medio_alto
1,10000.0,0,0.0,10,1,1,0,0,0,0,0,0,0,1,0,0,alto
9,150000.0,541,0.711645101663586,8,8,1,0,0,0,1,1,1,0,1,1,1,gratuito
6,10000.0,13,1.0,1,1,1,0,0,0,0,0,1,0,0,0,0,alto
3,10000.0,16,1.0,1,2,1,0,0,0,1,1,0,0,0,0,0,medio_alto
3,10000.0,14,1.0,2,2,1,0,0,0,0,1,0,1,0,0,0,medio_baixo
6,35000.0,189,0.7566137566137566,1,2,1,0,0,0,1,0,0,0,0,0,0,baixo
1,10000.0,5,0.8,39,3,1,0,0,0,0,0,1,1,0,0,1,alto
1,10000.0,0,0.0,2,2,1,1,0,0,1,0,0,1,0,0,0,alto
1,10000.0,20,0.95,2,1,1,0,0,0,0,1,0,0,0,0,0,medio_alto
6,10000.0,18,0.8888888888888888,7,3,1,0,0,0,1,1,0,1,0,0,0,medio_baixo
3,0.0,0,0.0,103,3,1,0,0,0,0,0,1,1,0,0,1,baixo
1,0.0,0,0.0,0,0,1,0,0,0,0,0,0,0,0,0,0,gratuito
2,10000.0,0,0.0,1,2,1,0,0,0,1,0,0,1,0,0,0,medio_alto
2,10000.0,1,1.0,6,1,1,0,0,0,0,0,0,0,0,1,0,medio_baixo
8,10000.0,28,0.42857142857142855,1,2,1,0,0,0,1,1,0,0,0,0,0,alto
7,10000.0,5,0.8,2,2,1,0,0,0,1,1,0,0,0,0,0,baixo
1,0.0,0,0.0,0,0,1,0,0,0,0,0,0,0,0,0,0,gratuito
2,10000.0,78,0.8461538461538461,3,2,1,0,0,1,1,0,0,1,0,0,0,alto
1,0.0,0,0.0,0,0,1,0,0,0,0,0,0,0,0,0,0,gratuito
3,0.0,0,0.0,0,0,1,0,0,0,0,0,0,0,0,0,0,gratuito
1,10000.0,0,0.0,1,3,1,0,0,0,1,1,0,1,0,0,0,medio_baixo
2,10000.0,63,0.5714285714285714,12,4,1,0,0,0,1,1,0,1,0,0,0,alto
9,35000.0,964,0.4927385892116183,3,1,1,0,0,24,0,0,0,0,0,0,1,alto
2,10000.0,4,1.0,3,4,1,1,1,0,1,0,0,1,0,0,1,medio_baixo
3,35000.0,17,0.6470588235294118,1,3,1,0,0,1,1,0,1,0,0,0,0,alto
10,10000.0,18,0.5,1,3,1,1,0,0,1,1,0,0,0,0,1,medio_alto
9,75000.0,132,0.6136363636363636,1,5,1,0,0,0,1,1,1,1,0,0,0,baixo
9,750000.0,9672,0.9080851943755169,13,1,1,0,0,0,0,1,0,0,0,0,0,medio_baixo
3,10000.0,1,1.0,8,2,1,0,0,0,1,1,0,0,0,0,0,medio_baixo
1,10000.0,105,0.8952380952380953,1,3,1,0,0,0,1,1,0,0,1,0,0,alto
7,10000.0,0,0.0,29,3,1,0,0,1,1,0,0,1,0,0,1,medio_baixo
9,10000.0,1,0.0,1,3,1,0,0,0,1,0,0,1,0,0,1,baixo
1,10000.0,0,0.0,1,4,1,0,0,0,1,0,1,0,1,0,0,alto
1,10000.0,3,1.0,6,3,1,0,0,0,1,1,1,0,0,0,0,medio_baixo
6,10000.0,24,0.7083333333333334,3,5,1,0,0,0,1,0,0,1,0,0,0,gratuito
6,35000.0,998,0.9118236472945892,1,5,1,1,0,0,1,0,1,1,1,0,1,medio_baixo
10,10000.0,35,0.6285714285714286,1,4,1,0,0,0,1,1,0,1,0,0,1,medio_alto
2,10000.0,136,0.9044117647058824,5,1,1,0,0,25,0,1,0,0,0,0,0,alto
8,10000.0,3,0.6666666666666666,1,3,1,1,1,0,1,0,1,1,0,0,0,medio_alto
11,10000.0,28,0.42857142857142855,7,1,1,0,0,0,0,0,0,0,0,0,0,gratuito
4,0.0,0,0.0,0,0,1,0,0,0,0,0,0,0,0,0,0,gratuito
6,10000.0,86,0.9418604651162791,2,1,1,0,0,0,0,1,0,0,0,0,0,gratuito
5,35000.0,2,1.0,1,1,1,1,0,0,0,1,0,0,0,0,0,medio_baixo
6,10000.0,0,0.0,3,1,1,0,0,0,0,0,0,0,0,0,1,alto
2,10000.0,0,0.0,1,1,1,0,0,0,0,0,0,1,0,0,0,medio_baixo
7,10000.0,3,1.0,1,2,1,0,0,0,0,0,1,1,0,0,0,medio_alto
9,10000.0,19,0.5789473684210527,1,3,1,0,0,0,1,1,1,0,0,0,0,gratuito
2,10000.0,8,1.0,3,4,1,0,0,0,1,0,0,1,0,1,0,medio_alto
2,10000.0,96,1.0,2,3,1,0,0,0,0,1,0,1,0,0,0,gratuito
2,10000.0,12,1.0,16,3,1,0,0,0,1,0,0,1,0,1,0,medio_baixo
1,0.0,0,0.0,0,0,1,0,0,0,0,0,0,0,0,0,0,gratuito
1,0.0,0,0.0,1,5,1,0,0,0,1,1,1,0,1,1,0,alto
7,350000.0,3133,0.9601021385253751,1,2,1,0,0,0,1,1,0,0,0,0,0,baixo
2,10000.0,27,0.9259259259259259,1,3,1,0,0,0,1,0,1,0,0,0,1,medio_baixo
11,75000.0,178,0.43820224719101125,1,3,1,0,0,0,1,1,0,0,0,0,1,baixo
1,0.0,0,0.0,0,0,1,0,0,0,0,0,0,0,0,0,0,gratuito
5,10000.0,0,0.0,1,4,1,0,0,0,1,1,1,0,0,0,0,medio_baixo
3,0.0,0,0.0,0,0,1,0,0,0,0,0,0,0,0,0,0,gratuito
3,0.0,0,0.0,0,0,1,0,0,0,0,0,0,0,0,0,0,gratuito
4,10000.0,83,0.4457831325301205,9,2,1,0,0,0,0,1,1,0,0,0,0,alto
5,35000.0,21,0.8095238095238095,3,2,1,0,0,0,1,1,0,0,0,0,0,medio_baixo
1,0.0,0,0.0,2,2,1,0,0,0,1,0,0,0,0,1,0,medio_baixo
1,10000.0,9,0.8888888888888888,1,2,1,1,0,0,1,1,0,0,0,0,0,medio_alto
1,10000.0,4,1.0,4,1,1,0,0,0,0,0,1,0,0,0,0,medio_alto
3,35000.0,446,0.8318385650224215,12,4,1,1,0,0,0,1,1,0,1,1,0,medio_alto
1,0.0,0,0.0,2,6,1,0,0,0,1,1,1,0,0,1,1,alto
7,10000.0,27,0.9629629629629629,14,4,1,1,0,0,1,1,1,1,0,0,0,medio_baixo
5,10000.0,0,0.0,1,5,1,0,0,1,1,1,1,1,0,0,0,medio_alto
8,10000.0,5,0.6,1,4,1,0,0,0,1,0,0,0,0,0,1,baixo
5,0.0,0,0.0,0,0,1,0,0,0,0,0,0,0,0,0,0,gratuito
5,0.0,0,0.0,8,5,1,0,0,0,1,0,0,1,0,0,1,gratuito
1,10000.0,82,0.8536585365853658,11,2,1,0,0,1,0,0,0,0,1,1,0,medio_alto
5,35000.0,21,0.38095238095238093,2,3,1,0,0,0,1,0,1,0,0,0,1,medio_alto
4,10000.0,2,0.0,2,4,1,0,0,0,1,1,0,0,1,0,0,medio_baixo
2,0.0,0,0.0,0,0,1,0,0,0,0,0,0,0,0,0,0,gratuito
8,10000.0,55,0.7818181818181819,6,4,1,0,0,0,1,1,1,1,0,0,0,baixo
9,10000.0,87,0.9885057471264368,1,2,1,1,0,0,1,0,0,0,0,0,0,baixo
1,0.0,0,0.0,1,3,1,0,0,0,1,1,0,0,0,0,0,gratuito
5,0.0,0,0.0,1,6,1,0,0,0,0,0,1,1,1,1,0,gratuito
9,10000.0,13,1.0,9,2,1,1,0,0,1,1,0,0,0,0,0,medio_alto
1,10000.0,0,0.0,1,2,1,0,0,0,1,0,0,0,1,0,0,alto
1,0.0,0,0.0,1,2,1,0,1,0,0,0,0,0,0,1,0,gratuito
3,150000.0,3127,0.7998081228014071,13,2,1,0,0,1,0,0,0,0,0,1,1,alto
1,10000.0,0,0.0,3,2,1,0,0,0,0,0,1,0,0,0,0,alto
2,10000.0,4,1.0,3,2,1,0,0,0,1,0,0,1,0,0,0,baixo
8,10000.0,13,0.8461538461538461,1,3,1,1,1,0,1,0,1,0,1,0,0,medio_alto
1,10000.0,0,0.0,2,4,1,0,0,0,1,1,1,0,0,0,0,alto
11,3500000.0,99922,0.9174656231860852,8,2,1,0,0,13,0,1,1,0,0,0,0,alto
3,10000.0,1,1.0,1,2,1,0,0,0,0,0,0,1,0,0,1,baixo
9,10000.0,15,0.4,1,9,1,1,1,0,1,1,1,0,1,1,1,alto
1,10000.0,0,0.0,8,3,1,0,0,0,1,0,0,0,0,1,1,medio_alto
5,10000.0,10,0.7,29,4,1,0,0,0,1,1,0,1,0,0,0,baixo
2,10000.0,6,0.8333333333333334,3,2,1,0,0,1,0,1,1,0,0,0,0,baixo
1,0.0,0,0.0,1,4,1,0,0,0,1,1,1,0,0,0,0,gratuito
10,10000.0,358,0.9273743016759777,1,5,1,1,1,0,1,0,0,1,0,1,1,medio_baixo
2,0.0,0,0.0,2,3,1,0,0,0,0,0,0,0,0,0,1,gratuito
6,10000.0,0,0.0,1,4,1,0,0,0,1,0,0,1,1,0,1,baixo
1,10000.0,0,0.0,12,3,1,0,0,0,1,1,0,0,0,0,0,medio_baixo
10,35000.0,66,0.696969696969697,4,3,1,1,1,1,1,1,0,1,0,0,0,medio_alto
6,35000.0,3,0.0,11,1,1,0,0,0,0,0,0,1,0,0,0,medio_baixo
3,10000.0,1,0.0,1,2,1,0,0,0,1,0,0,1,0,0,0,alto
8,35000.0,1220,0.9229508196721311,19,4,1,1,0,1,1,1,1,0,1,0,0,medio_alto
1,0.0,0,0.0,0,0,1,0,0,0,0,0,0,0,0,0,0,gratuito
6,75000.0,11,1.0,1,3,1,0,0,1,1,1,0,1,0,0,0,medio_alto
2,3500000.0,50533,0.7829141353175153,12,4,1,0,0,0,0,1,1,0,1,0,0,alto
4,10000.0,0,0.0,3,2,1,0,0,0,0,0,1,1,0,0,0,alto
1,10000.0,0,0.0,11,2,1,0,0,0,0,1,0,0,0,0,0,alto
4,10000.0,0,0.0,1,4,1,0,0,0,1,1,1,0,1,0,0,alto
2,0.0,0,0.0,0,0,1,0,0,0,0,0,0,0,0,0,0,gratuito
1,10000.0,0,0.0,1,1,1,0,1,0,1,0,0,0,0,0,0,medio_alto
7,10000.0,0,0.0,29,6,1,1,0,1,1,0,1,1,1,1,1,baixo
2,10000.0,0,0.0,1,3,1,1,0,0,1,0,1,0,0,0,0,gratuito
6,10000.0,14,1.0,2,4,1,0,0,0,1,1,0,1,1,0,0,medio_baixo
13,75000.0,304,0.7171052631578947,1,2,1,1,1,1,1,1,0,0,0,0,0,medio_baixo
2,10000.0,848,0.8525943396226415,12,5,1,0,0,3,1,1,1,0,1,1,0,alto
2,0.0,0,0.0,7,2,1,0,0,0,1,0,0,0,0,0,0,gratuito
1,0.0,0,0.0,13,4,1,0,0,0,1,0,0,1,0,0,1,gratuito
10,35000.0,82,0.6707317073170732,1,3,1,1,0,1,1,0,0,1,0,0,1,medio_baixo
6,350000.0,7754,0.9526695898890895,11,2,1,1,1,1,1,0,0,0,0,0,1,medio_baixo
2,35000.0,61,0.8032786885245902,9,3,1,0,0,0,0,1,0,1,0,0,0,medio_baixo
6,10000.0,265,0.6754716981132075,16,7,1,0,0,1,1,0,1,1,1,1,1,medio_alto
1,10000.0,3,1.0,2,4,1,0,0,0,1,1,1,0,0,1,0,alto
7,150000.0,2716,0.959499263622975,1,2,1,1,0,0,1,0,0,0,0,0,0,gratuito
5,0.0,0,0.0,0,0,1,0,0,0,0,0,0,0,0,0,0,gratuito
3,10000.0,6,1.0,1,6,1,0,1,0,1,1,1,1,1,0,0,medio_baixo
12,150000.0,1087,0.8325666973321068,5,4,1,1,1,0,1,1,0,0,1,0,0,medio_baixo
2,10000.0,0,0.0,10,1,1,0,0,0,0,0,0,1,0,0,0,medio_baixo
3,10000.0,3,0.6666666666666666,2,3,1,0,0,0,1,0,0,0,0,0,0,medio_baixo
9,750000.0,219,0.680365296803653,1,2,1,1,1,1,1,0,0,1,0,0,0,baixo
2,0.0,0,0.0,0,0,1,0,0,0,0,0,0,0,0,0,0,gratuito
17,10000.0,0,0.0,1,1,1,0,0,0,0,0,0,1,0,0,0,alto
8,35000.0,38,0.7105263157894737,1,2,1,0,0,0,1,0,0,1,0,0,0,baixo
10,350000.0,317,0.6466876971608833,4,2,1,0,0,0,1,1,0,0,0,0,0,baixo
8,10000.0,42,0.7619047619047619,5,3,1,0,1,0,1,1,1,0,0,0,0,baixo
4,0.0,0,0.0,1,4,1,0,0,0,0,1,1,1,0,0,0,gratuito
6,10000.0,6,0.0,1,2,1,0,0,0,1,0,0,1,0,0,0,baixo
2,10000.0,2,0.5,1,2,1,1,0,0,0,0,0,1,0,0,0,alto
6,10000.0,198,0.9040404040404041,4,2,1,1,1,0,0,0,0,0,0,0,0,alto
17,1500000.0,1855,0.8911051212938005,5,2,1,0,0,0,0,0,0,0,0,1,1,medio_baixo
3,0.0,0,0.0,1,4,1,0,0,0,1,1,1,0,0,0,0,gratuito
11,35000.0,118,0.635593220338983,1,2,1,1,1,0,1,0,1,0,0,0,0,medio_alto
5,10000.0,1,0.0,1,2,1,0,0,0,1,0,0,1,0,0,0,medio_baixo
2,10000.0,2,1.0,1,2,1,0,1,0,1,0,0,1,0,0,0,medio_baixo
3,10000.0,3,1.0,1,3,1,0,0,0,1,0,0,1,0,1,0,medio_baixo
2,10000.0,0,0.0,15,3,1,1,1,1,1,0,1,0,0,0,0,medio_alto
6,10000.0,0,0.0,1,1,1,0,0,1,1,0,0,0,0,0,0,medio_alto
1,10000.0,1,1.0,1,2,1,0,0,1,1,0,0,0,1,0,0,medio_alto
8,10000.0,17,0.9411764705882353,1,3,1,0,0,0,1,0,1,0,1,0,0,medio_baixo
2,10000.0,13,1.0,1,3,1,1,0,0,1,0,0,1,0,0,1,medio_alto
10,75000.0,340,0.5794117647058824,1,3,1,0,0,0,1,1,0,1,0,0,0,baixo
9,350000.0,4390,0.9047835990888383,2,3,1,1,0,0,1,0,1,0,0,0,1,baixo
3,10000.0,3,1.0,6,3,1,0,0,0,1,0,1,0,0,0,0,alto
1,0.0,0,0.0,1,3,1,0,0,0,0,0,0,1,0,1,0,gratuito
1,0.0,0,0.0,1,3,1,0,0,0,1,1,1,0,0,0,0,baixo
7,10000.0,15,1.0,1,3,1,0,0,0,0,0,1,1,0,0,1,alto
1,10000.0,0,0.0,4,2,1,0,0,0,0,1,1,0,0,0,0,baixo
1,10000.0,3,0.6666666666666666,1,3,1,0,0,0,1,1,1,0,0,0,0,medio_baixo
3,10000.0,7,0.42857142857142855,4,1,1,0,0,0,0,0,0,1,0,0,0,alto
10,75000.0,142,0.6056338028169014,1,3,1,0,0,1,1,0,1,0,1,0,0,baixo
4,10000.0,5,0.8,1,3,1,0,0,0,0,1,1,1,0,0,0,medio_baixo
5,10000.0,14,0.6428571428571429,2,5,1,0,0,0,1,0,1,1,0,1,1,baixo
1,0.0,0,0.0,0,0,1,0,0,0,0,0,0,0,0,0,0,gratuito
1,10000.0,0,0.0,31,2,1,0,0,0,1,0,0,1,0,0,0,baixo
5,10000.0,74,0.9324324324324325,4,1,1,0,0,0,0,0,0,1,0,0,0,baixo
5,10000.0,78,0.6666666666666666,9,6,1,0,0,0,1,1,1,1,1,0,0,medio_baixo
1,10000.0,40,0.675,1,3,1,0,0,0,0,1,1,1,0,0,0,medio_alto
1,75000.0,485,0.7731958762886598,13,4,1,0,0,2,1,0,0,1,1,1,0,alto
9,150000.0,3405,0.960352422907489,4,3,1,1,0,0,1,1,1,0,0,0,0,medio_alto
13,0.0,0,0.0,5,3,1,0,0,0,1,0,1,1,0,0,0,baixo
3,0.0,0,0.0,0,0,1,0,0,0,0,0,0,0,0,0,0,gratuito
3,10000.0,6,1.0,1,3,1,0,0,0,1,0,0,1,0,1,0,medio_alto
1,0.0,0,0.0,0,0,1,0,0,0,0,0,0,0,0,0,0,gratuito
2,750000.0,12712,0.8735840151038389,36,2,1,1,0,1,0,0,0,0,0,1,1,medio_alto
2,0.0,0,0.0,1,5,1,1,0,0,1,0,0,1,0,0,1,gratuito
4,10000.0,29,0.9655172413793104,3,3,1,0,0,0,1,0,1,0,0,0,1,medio_alto
12,350000.0,565,0.7486725663716814,3,3,1,1,1,0,0,1,0,0,0,1,1,medio_alto
1,0.0,0,0.0,0,0,1,0,0,0,0,0,0,0,0,0,0,gratuito
4,35000.0,271,0.8450184501845018,1,3,1,0,1,2,1,0,1,0,1,0,0,baixo
9,10000.0,54,0.6481481481481481,1,1,1,0,0,0,0,0,0,0,0,0,1,medio_alto
6,10000.0,50,0.86,9,2,1,0,0,0,1,0,1,0,0,0,0,medio_baixo
4,0.0,0,0.0,0,0,1,0,0,0,0,0,0,0,0,0,0,gratuito
7,10000.0,162,0.9506172839506173,1,3,1,1,0,0,1,1,1,0,0,0,0,medio_baixo
1,35000.0,215,0.7534883720930232,2,5,1,0,0,0,1,1,1,0,1,1,0,alto
5,10000.0,11,1.0,1,1,1,0,0,0,0,0,0,1,0,0,0,baixo
2,35000.0,37,0.5405405405405406,2,3,1,0,0,0,1,0,1,1,0,0,0,medio_baixo
12,350000.0,1726,0.7311703360370799,6,2,1,0,0,0,1,0,1,0,0,0,0,baixo
9,10000.0,0,0.0,1,4,1,0,0,0,0,1,1,0,1,1,0,alto
9,10000.0,29,0.7931034482758621,1,3,1,0,1,0,1,1,0,1,0,0,0,alto
9,35000.0,557,0.9174147217235189,27,3,1,1,1,0,1,0,0,1,0,1,0,baixo
9,10000.0,4,0.0,1,2,1,0,0,0,0,1,0,0,0,0,0,alto
2,10000.0,3,1.0,1,3,1,0,1,0,1,0,0,0,0,0,1,medio_alto
2,10000.0,4,0.75,1,4,1,0,0,0,1,1,1,1,0,0,0,alto
7,10000.0,28,0.35714285714285715,4,2,1,0,0,0,0,0,1,1,0,0,0,medio_alto
4,35000.0,2,1.0,1,5,1,0,1,0,1,1,1,1,0,0,0,gratuito
1,10000.0,0,0.0,1,4,1,0,0,0,1,0,0,1,0,0,1,medio_baixo
1,10000.0,0,0.0,1,2,1,0,0,0,1,0,0,1,0,0,0,baixo
5,75000.0,8,0.875,1,3,1,0,0,0,1,0,1,0,1,0,0,medio_baixo
20,750000.0,2359,0.9084357778719796,1,2,1,1,1,0,1,0,0,0,0,1,0,medio_baixo
9,10000.0,0,0.0,1,3,1,0,0,0,0,1,0,0,0,0,1,medio_alto
6,350000.0,565,0.7858407079646018,2,2,1,0,0,0,0,0,1,0,1,0,0,gratuito
1,0.0,0,0.0,6,4,1,0,0,0,1,1,1,1,0,0,0,medio_alto
6,10000.0,3864,0.6319875776397516,14,6,1,0,0,7,1,1,0,1,1,0,0,gratuito
3,10000.0,52,0.9615384615384616,13,2,1,0,1,5,1,0,1,0,0,0,0,medio_alto
5,10000.0,7,1.0,1,4,1,0,0,0,1,1,1,1,0,0,0,baixo
1,10000.0,0,0.0,4,2,1,0,0,0,1,0,1,0,0,0,0,medio_alto
6,35000.0,115,0.6782608695652174,15,7,1,0,0,0,1,0,1,1,1,1,1,gratuito
5,10000.0,25,0.72,1,4,1,0,0,0,1,0,0,1,0,1,0,gratuito
1,10000.0,0,0.0,6,4,1,0,0,1,1,0,1,1,0,0,1,alto
1,10000.0,0,0.0,10,2,1,0,0,0,1,0,0,0,0,0,1,alto
5,0.0,0,0.0,1,3,1,0,0,0,1,1,0,0,0,0,0,gratuito
2,0.0,0,0.0,102,2,1,0,0,0,1,0,0,1,0,0,0,baixo
8,150000.0,1009,0.9207135777998018,17,3,1,1,1,0,1,0,1,1,0,0,0,medio_alto
3,10000.0,0,0.0,1,2,1,1,0,0,1,0,0,1,0,0,0,gratuito
5,10000.0,2,0.5,1,1,1,0,0,0,0,1,0,0,0,0,0,baixo
3,10000.0,2,0.5,1,6,1,1,1,0,1,1,0,0,0,0,1,alto
3,0.0,0,0.0,1,2,1,0,0,0,0,1,0,0,0,0,0,gratuito
9,35000.0,30,0.6666666666666666,2,2,1,0,0,0,1,0,0,1,0,0,0,baixo
6,10000.0,16,1.0,1,1,1,0,0,0,0,0,0,0,0,0,0,gratuito
3,10000.0,138,0.855072463768116,1,4,1,0,0,0,1,0,1,1,1,0,0,medio_alto
1,0.0,0,0.0,0,0,1,0,0,0,0,0,0,0,0,0,0,gratuito
7,10000.0,5,1.0,1,5,1,0,0,0,1,1,1,1,0,0,1,medio_baixo
1,0.0,0,0.0,8,1,1,0,0,0,1,0,0,0,0,0,0,medio_baixo
3,35000.0,328,0.8384146341463414,6,1,1,0,0,1,0,0,0,1,0,0,0,medio_alto
1,10000.0,0,0.0,1,2,1,1,1,0,1,0,0,0,1,0,0,alto
7,10000.0,13,0.8461538461538461,1,1,1,0,1,1,0,0,0,1,0,0,0,baixo
4,10000.0,2,1.0,3,4,1,0,0,0,1,0,0,1,0,0,0,baixo
1,0.0,0,0.0,16,3,1,0,0,0,1,0,0,1,0,0,1,alto
2,10000.0,6,1.0,1,2,1,0,0,0,0,0,0,0,0,0,1,medio_alto
1,0.0,0,0.0,1,4,1,0,0,0,1,1,1,0,0,0,0,gratuito
2,75000.0,94,0.9148936170212766,11,2,1,0,0,0,1,0,0,0,0,1,0,medio_alto
1,10000.0,0,0.0,1,2,1,0,0,1,1,1,0,0,0,0,0,alto
2,10000.0,6,1.0,7,4,1,0,0,0,1,1,1,1,0,0,0,medio_alto
1,10000.0,0,0.0,10,2,1,0,0,2,1,0,1,0,0,0,0,medio_baixo
3,10000.0,9,0.8888888888888888,2,3,1,0,0,0,1,0,0,1,0,0,0,gratuito
8,10000.0,12,0.9166666666666666,2,2,1,0,0,0,1,0,1,0,0,0,0,medio_alto
2,10000.0,1,0.0,1,3,1,0,0,0,1,1,1,0,0,0,0,baixo
6,35000.0,18,0.6666666666666666,1,2,1,0,0,0,1,1,0,0,0,0,0,baixo
3,35000.0,112,0.5089285714285714,2,2,1,0,0,0,0,0,0,0,1,1,0,medio_baixo
3,35000.0,10,0.9,7,3,1,1,0,0,1,0,1,1,0,0,0,medio_alto
3,10000.0,1,0.0,1,5,1,0,0,0,1,1,1,0,1,0,0,alto
3,10000.0,0,0.0,1,3,1,0,0,0,1,0,0,1,0,0,1,baixo
12,350000.0,3026,0.8740912095175148,1,2,1,0,0,0,0,1,1,0,0,0,0,baixo
4,10000.0,9,0.5555555555555556,2,4,1,0,0,0,1,1,0,1,0,0,0,alto
9,0.0,0,0.0,1,5,1,0,0,0,1,1,0,1,0,0,0,medio_baixo
1,10000.0,0,0.0,9,4,1,1,1,0,1,0,0,1,0,1,0,medio_alto
1,10000.0,0,0.0,3,3,1,0,0,0,1,0,1,0,1,0,0,medio_alto
1,10000.0,0,0.0,16,3,1,0,0,0,0,0,0,0,0,1,1,alto
9,10000.0,19,0.6842105263157895,1,5,1,0,0,0,1,0,1,1,1,1,0,baixo
4,10000.0,28,0.8928571428571429,1,2,1,0,0,0,1,0,0,1,0,0,0,medio_baixo
1,10000.0,0,0.0,1,1,1,0,0,0,0,0,0,0,0,0,1,medio_alto
4,10000.0,5,1.0,1,2,1,0,0,0,0,1,1,0,0,0,0,medio_alto
5,10000.0,33,1.0,1,4,1,0,0,0,1,1,1,0,0,1,0,alto
4,10000.0,122,0.9836065573770492,9,2,1,0,0,1,1,1,0,0,0,0,0,baixo
8,75000.0,948,0.7447257383966245,3,3,1,0,0,14,0,1,0,0,1,1,0,alto
3,10000.0,1,1.0,1,3,1,1,1,0,0,0,0,1,0,0,1,medio_baixo
2,10000.0,0,0.0,2,3,1,0,0,0,1,0,0,1,0,1,0,medio_baixo
5,10000.0,0,0.0,1,2,1,0,0,0,0,1,0,0,0,0,0,gratuito
2,0.0,0,0.0,20,4,1,0,0,0,1,1,0,1,0,0,0,gratuito
4,10000.0,158,0.930379746835443,1,3,1,0,0,0,1,0,0,0,0,0,1,medio_alto
3,10000.0,7,0.42857142857142855,1,2,1,0,1,0,1,0,0,1,0,0,0,medio_baixo
2,0.0,0,0.0,1,2,1,0,0,0,1,0,0,0,0,0,0,gratuito
3,150000.0,1999,0.8419209604802401,15,1,1,0,0,3,0,0,1,0,0,0,0,medio_alto
2,10000.0,1,1.0,1,4,1,0,0,0,1,0,0,0,1,1,0,alto
7,75000.0,127,0.6377952755905512,2,3,1,0,0,0,0,0,0,0,1,1,0,gratuito
1,10000.0,115,0.7913043478260869,2,3,1,0,0,0,1,0,0,1,0,0,1,medio_alto
8,10000.0,38,0.2631578947368421,1,1,1,0,0,0,1,0,0,0,0,0,0,baixo
3,10000.0,0,0.0,1,2,1,0,0,0,1,0,1,0,0,0,0,medio_baixo
7,10000.0,33,0.7575757575757576,8,3,1,1,0,0,1,0,1,1,0,0,0,medio_baixo
1,0.0,0,0.0,0,0,1,0,0,0,0,0,0,0,0,0,0,gratuito
10,10000.0,69,0.5217391304347826,1,3,1,0,0,0,0,1,0,0,0,0,1,medio_baixo
2,10000.0,8,0.625,7,1,1,0,0,0,0,1,0,0,0,0,0,medio_alto
9,10000.0,6,1.0,1,2,1,0,0,0,0,0,1,1,0,0,0,medio_alto
5,10000.0,24,0.8333333333333334,0,2,1,0,0,0,1,0,0,1,0,0,0,alto
1,0.0,0,0.0,0,0,1,0,0,0,0,0,0,0,0,0,0,gratuito
1,10000.0,0,0.0,1,3,1,0,0,0,0,0,1,1,0,0,1,alto
2,10000.0,3,1.0,1,3,1,0,0,0,1,1,0,1,0,0,0,medio_baixo
1,10000.0,1,1.0,1,1,1,0,0,0,1,0,0,0,0,0,0,baixo
2,10000.0,158,0.9810126582278481,2,2,1,0,0,0,1,0,0,1,0,0,0,alto
3,0.0,0,0.0,2,2,1,0,0,0,0,1,0,0,0,0,0,gratuito
2,10000.0,0,0.0,3,1,1,0,0,0,0,0,1,0,0,0,0,medio_baixo
4,10000.0,4,0.75,1,2,1,1,1,0,1,1,0,0,0,0,0,medio_baixo
2,75000.0,358,0.7821229050279329,2,3,1,0,1,0,1,0,0,1,0,0,1,medio_baixo
9,10000.0,86,0.686046511627907,2,3,1,1,1,1,1,0,0,0,0,0,0,medio_baixo
6,10000.0,2,1.0,1,2,1,0,0,0,1,0,1,0,0,0,0,medio_baixo
3,10000.0,2,1.0,1,4,1,0,0,0,1,1,1,1,0,0,0,baixo
10,35000.0,89,0.6966292134831461,2,1,1,1,1,0,1,0,0,0,0,0,0,medio_baixo
18,10000.0,118,0.8813559322033898,1,2,1,0,0,0,0,0,0,1,0,0,1,alto
2,0.0,0,0.0,10,3,1,1,0,1,1,0,1,0,0,0,0,gratuito
1,10000.0,0,0.0,27,2,1,1,1,0,1,0,0,0,0,0,1,baixo
1,10000.0,37,0.918918918918919,3,4,1,0,0,0,1,1,1,0,0,0,1,medio_baixo
7,10000.0,1654,0.9474002418379686,7,3,1,0,0,1,1,0,0,1,0,0,1,baixo
1,0.0,0,0.0,9,3,1,0,0,0,1,0,1,0,0,0,1,baixo
1,0.0,0,0.0,0,0,1,0,0,0,0,0,0,0,0,0,0,gratuito
3,10000.0,10,1.0,1,1,1,0,0,0,1,0,0,0,0,0,0,baixo
1,10000.0,0,0.0,1,2,1,0,0,0,1,0,0,1,0,0,0,medio_alto
4,10000.0,16,0.875,103,1,1,0,0,0,1,0,0,0,0,0,0,baixo
8,10000.0,13,0.6153846153846154,1,3,1,0,0,0,0,1,0,1,0,0,1,baixo
4,10000.0,4,0.75,1,1,1,0,0,0,0,1,0,0,0,0,0,medio_baixo
3,35000.0,17,0.47058823529411764,10,4,1,1,1,0,1,1,1,0,0,1,0,gratuito
10,350000.0,2593,0.7990744311608176,10,3,1,0,0,1,1,0,1,0,0,0,1,alto
8,10000.0,10,0.8,1,4,1,0,0,0,1,0,0,1,0,0,1,baixo
2,0.0,0,0.0,0,0,1,0,0,0,0,0,0,0,0,0,0,gratuito
4,10000.0,2,0.0,1,6,1,0,0,0,1,1,1,1,1,0,0,medio_alto
4,10000.0,10,0.8,1,2,1,0,0,1,1,1,0,0,0,0,0,medio_alto
2,10000.0,6,0.5,11,5,1,0,1,0,0,1,1,1,1,1,0,medio_baixo
1,10000.0,0,0.0,1,3,1,0,0,0,1,0,1,1,0,0,0,medio_baixo
4,10000.0,6,0.6666666666666666,1,4,1,0,0,0,1,1,1,0,1,0,0,baixo
2,0.0,0,0.0,0,0,1,0,0,0,0,0,0,0,0,0,0,gratuito
1,10000.0,0,0.0,5,4,1,1,1,0,1,1,1,0,0,0,0,alto
3,35000.0,643,0.7153965785381027,8,2,1,0,0,2,0,1,1,0,0,0,0,medio_alto
1,0.0,0,0.0,1,4,1,1,0,0,1,1,1,0,1,0,0,alto
2,10000.0,1,1.0,3,4,1,0,0,0,1,0,0,1,0,0,1,medio_baixo
7,350000.0,1013,0.7788746298124383,20,8,1,0,0,0,1,1,1,1,1,1,1,baixo
2,10000.0,2,1.0,1,4,1,0,0,0,1,0,0,1,0,1,0,medio_baixo
1,10000.0,0,0.0,6,8,1,0,0,0,1,1,1,1,1,1,0,medio_alto
4,10000.0,8,0.5,4,5,1,0,0,0,1,1,0,1,1,0,0,medio_baixo
4,10000.0,6,1.0,6,1,1,0,0,0,0,0,0,1,0,0,0,baixo
8,10000.0,15,0.9333333333333333,2,3,1,0,0,0,1,1,0,1,0,0,0,medio_baixo
2,10000.0,83,0.8313253012048193,2,2,1,0,0,1,1,0,0,0,1,0,0,alto
5,10000.0,11,0.8181818181818182,1,3,1,0,0,0,1,0,0,0,0,1,1,medio_baixo
1,0.0,0,0.0,3,6,1,0,0,0,1,1,1,1,1,0,0,gratuito
3,10000.0,0,0.0,1,3,1,1,1,0,1,0,0,1,0,0,1,baixo
1,0.0,0,0.0,0,0,1,0,0,0,0,0,0,0,0,0,0,gratuito
2,0.0,0,0.0,103,8,1,0,0,0,1,1,1,1,1,1,1,medio_baixo
10,150000.0,675,0.5496296296296296,11,2,1,1,0,0,0,0,0,0,0,1,1,medio_alto
1,0.0,0,0.0,6,2,1,1,1,0,0,0,1,0,0,0,0,gratuito
6,10000.0,0,0.0,2,3,1,0,0,0,0,0,1,0,1,0,1,medio_alto
10,150000.0,250,0.364,2,5,1,0,0,1,1,1,0,1,1,1,0,medio_alto
4,10000.0,3,1.0,2,2,1,0,0,0,1,1,0,0,0,0,0,medio_baixo
1,0.0,0,0.0,1,4,1,0,0,0,1,0,0,1,0,0,1,gratuito
8,150000.0,3623,0.8410157328181065,1,2,1,1,1,2,0,0,0,0,1,1,0,medio_alto
3,10000.0,0,0.0,6,3,1,0,0,2,1,0,0,0,0,1,1,medio_baixo
7,10000.0,45,0.8444444444444444,3,3,1,1,1,1,1,1,0,0,1,0,0,alto
1,0.0,0,0.0,1,5,1,0,0,0,1,1,0,1,1,0,0,alto
9,10000.0,11,0.18181818181818182,1,2,1,0,0,1,0,0,0,0,0,0,0,medio_alto
3,10000.0,4,0.75,1,1,1,0,0,0,0,0,0,1,0,0,0,alto
4,0.0,0,0.0,3,4,1,0,0,0,1,1,1,0,1,0,0,gratuito
3,0.0,0,0.0,1,4,1,1,1,0,1,0,0,1,0,0,0,gratuito
6,10000.0,47,0.5531914893617021,11,3,1,0,0,0,1,1,0,0,0,0,0,baixo
3,10000.0,0,0.0,1,3,1,1,0,0,1,0,1,1,0,0,0,gratuito
4,10000.0,1,0.0,1,4,1,0,0,0,1,1,0,0,0,0,1,alto
3,10000.0,12,0.25,3,3,1,0,0,0,1,0,0,1,0,1,0,baixo
2,10000.0,4,1.0,1,3,1,0,0,0,1,1,0,1,0,0,0,baixo
1,0.0,0,0.0,1,2,1,0,0,0,0,0,0,0,0,0,1,medio_baixo
5,0.0,0,0.0,0,0,1,0,0,0,0,0,0,0,0,0,0,gratuito
4,10000.0,3,0.3333333333333333,1,6,1,0,0,0,0,0,1,1,1,1,1,medio_baixo
8,35000.0,269,0.4758364312267658,1,1,1,0,0,0,1,0,0,0,0,0,0,baixo
3,35000.0,2,0.0,3,4,1,0,0,0,1,1,0,0,1,0,0,medio_alto
3,0.0,0,0.0,1,4,1,0,0,0,0,1,1,0,1,0,1,gratuito
1,10000.0,149,0.6912751677852349,7,5,1,0,0,0,1,1,1,1,0,1,0,alto
10,10000.0,49,0.8775510204081632,1,3,1,0,0,0,1,0,0,1,0,1,0,medio_baixo
3,0.0,0,0.0,103,9,1,1,1,0,1,1,1,1,1,1,1,alto
2,10000.0,6,0.8333333333333334,1,2,1,0,0,1,0,1,1,0,0,0,0,medio_alto
1,0.0,0,0.0,0,0,1,0,0,0,0,0,0,0,0,0,0,gratuito
6,10000.0,0,0.0,1,3,1,0,0,0,1,0,0,1,0,0,1,baixo
2,0.0,0,0.0,1,4,1,0,1,0,1,0,0,1,0,0,1,gratuito
5,150000.0,1808,0.8396017699115044,2,1,1,0,0,1,0,0,0,0,1,0,0,medio_alto
8,150000.0,2789,0.9551810684833274,1,3,1,1,1,1,1,1,0,1,0,0,0,medio_alto
2,10000.0,1,1.0,8,5,1,0,0,0,1,0,1,0,1,1,0,medio_baixo
1,10000.0,15,0.9333333333333333,2,6,1,0,0,1,1,1,0,0,0,0,1,alto
4,750000.0,4519,0.6634211108652357,1,4,1,0,0,0,1,0,1,0,1,1,0,alto
1,0.0,0,0.0,1,2,1,0,0,0,1,1,0,0,0,0,0,baixo
2,10000.0,121,0.768595041322314,14,4,1,0,0,0,0,1,0,0,0,1,1,alto
12,7500000.0,3132,0.815772669220945,12,5,1,1,1,0,1,0,1,1,1,1,0,baixo
4,150000.0,2784,0.8958333333333334,11,3,1,0,0,1,1,1,0,0,1,0,0,alto
1,10000.0,11,0.9090909090909091,21,3,1,1,0,0,1,0,1,1,0,0,0,medio_alto
3,10000.0,8,0.75,1,6,1,0,0,0,1,1,1,1,0,0,1,gratuito
1,35000.0,290,0.7965517241379311,8,5,1,0,0,0,0,1,1,1,0,0,1,medio_baixo
5,10000.0,38,0.7894736842105263,5,2,1,1,0,0,0,0,0,0,0,1,1,alto
3,35000.0,246,0.9715447154471545,3,2,1,1,0,1,0,1,0,0,1,0,0,alto
1,0.0,0,0.0,2,2,1,0,0,0,1,0,0,1,0,0,0,alto
1,0.0,0,0.0,0,0,1,0,0,0,0,0,0,0,0,0,0,gratuito
1,10000.0,0,0.0,12,4,1,0,0,0,1,1,0,0,1,1,0,medio_alto
1,10000.0,0,0.0,1,2,1,0,0,0,1,1,0,0,0,0,0,medio_alto
10,75000.0,207,0.6328502415458938,7,2,1,1,0,1,1,0,1,0,0,0,0,alto
3,0.0,0,0.0,14,3,1,0,0,0,1,0,0,0,0,1,1,gratuito
8,10000.0,4,1.0,1,3,1,0,0,0,1,1,1,0,0,0,0,medio_alto
2,10000.0,0,0.0,1,2,1,0,0,0,1,0,1,0,0,0,0,medio_baixo
9,10000.0,26,0.5384615384615384,1,3,1,0,0,0,1,0,1,1,0,0,0,baixo
5,10000.0,50,0.58,1,4,1,0,1,1,0,1,1,1,0,0,1,medio_alto
8,10000.0,43,0.18604651162790697,1,3,1,0,0,0,1,1,0,1,0,0,0,medio_baixo
1,10000.0,534,0.9868913857677902,11,2,1,0,0,5,1,0,0,1,0,0,0,medio_baixo
3,10000.0,0,0.0,1,3,1,1,1,0,1,0,0,1,0,0,1,baixo
5,10000.0,0,0.0,1,2,1,1,1,0,1,0,0,1,0,0,0,medio_baixo
7,10000.0,5,1.0,1,2,1,0,0,0,1,1,0,0,0,0,0,baixo
6,10000.0,44,0.9318181818181818,3,3,1,0,0,0,1,0,0,1,0,1,0,medio_alto
4,10000.0,1,1.0,2,5,1,0,0,0,1,0,0,1,0,1,0,baixo
3,10000.0,18,0.7222222222222222,3,3,1,0,0,0,1,0,1,1,0,0,0,medio_alto
1,10000.0,0,0.0,1,3,1,0,0,0,1,0,0,0,1,0,1,medio_baixo
3,0.0,0,0.0,103,1,1,1,1,0,0,0,0,0,0,0,1,medio_baixo
5,0.0,0,0.0,0,0,1,0,0,0,0,0,0,0,0,0,0,gratuito
2,0.0,0,0.0,103,1,1,0,0,0,0,0,0,1,0,0,0,baixo
8,35000.0,20,0.55,9,2,1,0,0,0,0,0,0,0,0,1,0,alto
3,10000.0,13,1.0,3,2,1,0,0,0,0,0,0,1,0,0,0,medio_baixo
6,10000.0,6,1.0,1,2,1,0,0,0,1,0,1,0,0,0,0,medio_baixo
6,75000.0,404,0.7846534653465347,2,2,1,0,0,0,1,0,0,0,0,1,0,baixo
10,75000.0,1077,0.7650882079851439,6,3,1,1,0,1,1,1,1,0,0,0,0,alto
1,10000.0,0,0.0,1,2,1,1,1,0,0,0,1,0,1,0,0,baixo
8,10000.0,67,0.582089552238806,1,2,1,1,1,1,1,0,0,0,0,0,0,gratuito
1,0.0,0,0.0,0,0,1,0,0,0,0,0,0,0,0,0,0,gratuito
2,10000.0,8,1.0,4,1,1,0,0,0,0,0,0,1,0,0,0,alto
4,10000.0,5,0.6,1,3,1,0,0,0,1,1,0,1,0,0,0,baixo
4,10000.0,0,0.0,4,3,1,0,0,1,0,0,1,1,0,0,1,medio_alto
1,10000.0,0,0.0,1,3,1,0,0,0,1,0,0,0,1,0,1,baixo
1,0.0,0,0.0,0,0,1,0,0,0,0,0,0,0,0,0,0,gratuito
5,10000.0,21,0.9523809523809523,1,1,1,0,0,0,0,0,0,1,0,0,0,baixo
4,35000.0,65,0.9384615384615385,2,2,1,1,1,0,1,0,0,1,0,0,0,medio_baixo
5,10000.0,6,0.8333333333333334,1,3,1,0,0,0,1,0,1,0,1,0,0,medio_alto
3,10000.0,39,0.8717948717948718,1,3,1,0,0,0,1,1,0,0,0,0,0,medio_alto
1,10000.0,0,0.0,2,1,1,0,0,0,0,0,0,0,0,0,1,baixo
5,10000.0,2,1.0,2,2,1,0,0,0,1,0,1,0,0,0,0,baixo
1,10000.0,0,0.0,18,4,1,1,0,0,1,0,0,0,0,0,0,alto
7,10000.0,20,0.85,1,1,1,1,0,0,1,0,0,0,0,0,0,medio_alto
2,10000.0,47,0.5106382978723404,3,1,1,0,0,0,0,1,0,0,0,0,0,alto
5,10000.0,47,0.7659574468085106,2,3,1,0,0,0,1,0,0,1,0,0,1,medio_alto
5,0.0,0,0.0,0,0,1,0,0,0,0,0,0,0,0,0,0,gratuito
2,0.0,0,0.0,0,0,1,0,0,0,0,0,0,0,0,0,0,gratuito
3,10000.0,131,0.7938931297709924,3,2,1,0,0,0,1,0,0,0,1,0,0,alto
1,10000.0,61,0.9672131147540983,6,3,1,1,1,1,1,0,1,1,0,0,0,medio_alto
2,0.0,0,0.0,1,4,1,0,1,5,1,0,1,0,1,0,0,gratuito
7,10000.0,1,1.0,2,3,1,0,0,0,1,0,1,0,1,0,0,medio_baixo
1,10000.0,15,1.0,13,3,1,0,0,0,1,0,0,1,0,1,0,baixo
1,0.0,0,0.0,1,4,1,0,0,0,1,0,0,1,0,1,1,medio_alto
2,0.0,0,0.0,1,5,1,0,0,0,0,0,1,1,0,1,1,gratuito
1,10000.0,6,0.8333333333333334,1,3,1,0,0,0,1,0,0,1,0,1,0,medio_alto
4,75000.0,9,0.7777777777777778,1,1,1,0,0,0,0,1,0,0,0,0,0,gratuito
1,0.0,0,0.0,1,5,1,0,0,0,1,1,1,0,0,0,0,gratuito
6,75000.0,11,0.9090909090909091,1,3,1,0,0,0,1,1,1,0,0,0,0,alto
2,10000.0,0,0.0,5,2,1,0,0,0,1,0,0,0,0,0,1,alto
5,350000.0,2,1.0,1,2,1,0,0,0,0,0,0,0,0,1,1,medio_baixo
4,10000.0,23,0.8260869565217391,1,5,1,0,0,0,1,1,1,0,1,0,0,alto
4,3500000.0,45782,0.8616705255340527,9,2,1,0,0,9,0,1,1,0,0,0,0,medio_baixo
1,0.0,0,0.0,1,2,1,0,0,0,0,0,1,0,0,0,0,gratuito
8,75000.0,288,0.8854166666666666,1,1,1,1,0,0,0,0,0,0,0,0,1,medio_alto
2,10000.0,20,0.8,5,3,1,0,0,0,1,0,0,0,0,0,1,alto
4,0.0,0,0.0,1,1,1,1,0,1,0,0,0,0,0,0,1,gratuito
10,150000.0,1531,0.8987589810581319,2,4,1,0,1,0,1,0,1,1,0,0,0,gratuito
9,10000.0,4,0.5,1,4,1,0,0,1,1,1,0,0,0,1,0,alto
1,0.0,0,0.0,0,0,1,0,0,0,0,0,0,0,0,0,0,gratuito
10,10000.0,20,0.75,1,2,1,0,0,0,1,1,0,0,0,0,0,medio_baixo
2,0.0,0,0.0,1,2,1,0,1,0,0,1,0,0,1,0,0,gratuito
4,75000.0,373,0.9302949061662198,2,2,1,0,0,0,0,0,1,1,0,0,0,alto
9,1500000.0,1012,0.7312252964426877,27,3,1,1,0,0,1,0,0,1,0,0,0,gratuito
3,0.0,0,0.0,1,4,1,1,1,0,1,0,0,1,1,0,1,gratuito
3,10000.0,3,0.3333333333333333,7,3,1,0,0,0,1,1,0,0,0,0,0,baixo
5,10000.0,0,0.0,1,3,1,0,0,0,0,0,1,0,0,0,1,gratuito
11,75000.0,146,0.8013698630136986,4,5,1,1,1,0,1,1,0,1,0,1,0,gratuito
7,10000.0,4,0.0,1,2,1,0,0,0,0,1,1,0,0,0,0,medio_baixo
3,10000.0,2,1.0,1,3,1,0,0,0,1,1,0,1,0,0,0,medio_baixo
2,10000.0,0,0.0,1,2,1,0,0,0,1,0,0,0,0,0,1,medio_baixo
6,10000.0,96,0.8333333333333334,1,6,1,0,0,0,1,0,1,1,1,0,1,gratuito
3,10000.0,1,1.0,16,2,1,0,0,0,0,0,1,0,0,0,1,alto
3,10000.0,0,0.0,1,2,1,0,0,0,1,0,0,1,0,0,0,gratuito
4,0.0,0,0.0,0,0,1,0,0,0,0,0,0,0,0,0,0,gratuito
1,0.0,0,0.0,1,5,1,0,0,0,1,0,1,1,0,1,1,baixo
9,75000.0,222,0.8648648648648649,1,3,1,0,0,0,1,0,0,1,0,0,0,gratuito
14,75000.0,183,0.5792349726775956,1,2,1,0,0,0,1,1,0,0,0,0,0,medio_alto
10,35000.0,102,0.8823529411764706,6,3,1,0,1,0,1,1,0,1,0,0,0,baixo
3,10000.0,7,0.5714285714285714,1,3,1,0,0,0,1,1,1,0,0,0,0,medio_baixo
1,0.0,0,0.0,0,0,1,0,0,0,0,0,0,0,0,0,0,gratuito
8,35000.0,245,0.636734693877551,1,3,1,1,0,0,1,0,1,0,0,0,0,gratuito
5,35000.0,17,0.8823529411764706,1,3,1,0,0,0,1,0,1,0,0,1,0,medio_alto
5,10000.0,0,0.0,1,2,1,0,0,0,0,0,1,0,0,0,1,alto
7,10000.0,7,0.8571428571428571,4,2,1,0,0,1,1,0,0,0,0,1,0,medio_alto
1,10000.0,0,0.0,29,2,1,0,1,0,1,1,0,0,0,0,0,medio_baixo
3,10000.0,32,0.875,5,3,1,0,1,0,1,0,0,0,0,0,1,alto
1,0.0,0,0.0,2,7,1,0,0,0,1,0,1,1,1,0,0,gratuito
16,350000.0,2111,0.8787304594978683,6,2,1,1,1,0,1,0,0,1,0,0,0,baixo
2,10000.0,6,1.0,5,1,1,0,0,0,1,0,0,0,0,0,0,medio_alto
1,0.0,0,0.0,0,0,1,0,0,0,0,0,0,0,0,0,0,gratuito
1,10000.0,0,0.0,1,3,1,0,0,0,0,1,0,1,0,1,0,medio_baixo
10,10000.0,70,0.8285714285714286,1,3,1,0,0,1,1,1,0,1,0,0,0,alto
3,0.0,0,0.0,0,0,1,0,0,0,0,0,0,0,0,0,0,gratuito
1,0.0,0,0.0,0,0,1,0,0,0,0,0,0,0,0,0,0,gratuito
1,10000.0,0,0.0,1,2,1,0,0,2,0,0,1,1,0,0,0,alto
3,0.0,0,0.0,10,5,1,0,0,0,1,0,0,1,1,0,1,gratuito
1,0.0,0,0.0,0,0,1,0,0,0,0,0,0,0,0,0,0,gratuito
5,0.0,0,0.0,1,1,1,0,0,0,0,0,0,0,0,0,0,gratuito
3,10000.0,23,0.6086956521739131,26,5,1,0,0,0,1,1,0,0,0,0,1,baixo
14,350000.0,3933,0.8339689804220697,6,3,1,0,0,5,1,1,0,0,0,0,0,medio_baixo
11,10000.0,24,0.5833333333333334,2,2,1,0,1,0,1,0,1,0,0,0,0,baixo
11,10000.0,37,0.6756756756756757,1,4,1,0,0,0,1,1,0,0,0,1,1,baixo
2,10000.0,23,0.8695652173913043,1,5,1,0,0,0,1,0,0,1,0,1,1,medio_baixo
2,0.0,0,0.0,0,0,1,0,0,0,0,0,0,0,0,0,0,gratuito
5,10000.0,3,0.0,103,3,1,0,0,0,1,0,1,1,0,0,0,baixo
5,10000.0,15,0.9333333333333333,2,4,1,0,0,0,1,1,1,0,0,1,0,medio_baixo
4,10000.0,0,0.0,1,2,1,0,0,0,1,1,0,0,0,0,0,baixo
3,0.0,0,0.0,0,0,1,0,0,0,0,0,0,0,0,0,0,gratuito
2,10000.0,0,0.0,1,2,1,0,0,0,1,0,0,1,0,0,0,baixo
7,10000.0,24,0.5833333333333334,1,5,1,0,0,0,1,1,1,1,0,0,0,gratuito
2,10000.0,52,0.8653846153846154,1,5,1,0,0,0,1,0,1,1,1,1,0,alto
3,75000.0,247,0.7651821862348178,3,4,1,0,0,0,1,1,0,0,1,0,0,alto
7,75000.0,5825,0.9793991416309012,4,2,1,0,0,6,0,0,1,1,0,0,0,alto
5,10000.0,52,0.8269230769230769,6,3,1,0,0,0,1,0,0,1,0,1,0,baixo
1,10000.0,0,0.0,1,2,1,0,0,0,1,0,0,1,0,0,0,baixo
8,10000.0,0,0.0,1,2,1,0,0,0,1,0,0,1,0,0,0,baixo
1,75000.0,1512,0.8802910052910053,16,2,1,0,0,0,0,1,1,0,0,0,0,alto
4,10000.0,1,1.0,1,2,1,1,0,0,1,1,0,0,0,0,0,medio_baixo
6,10000.0,2,0.0,1,4,1,0,0,0,1,1,1,1,0,0,0,medio_alto
9,10000.0,23,0.391304347826087,1,4,1,0,0,0,1,0,0,1,0,0,1,medio_alto
1,0.0,0,0.0,1,2,1,0,0,0,1,0,0,0,1,0,0,medio_baixo
1,0.0,0,0.0,0,0,1,0,0,0,0,0,0,0,0,0,0,gratuito
6,10000.0,8,0.875,1,2,1,0,0,0,0,0,0,0,0,0,0,alto
4,10000.0,18,0.16666666666666666,8,3,1,0,0,0,1,1,0,0,0,0,0,medio_baixo
8,10000.0,11,0.9090909090909091,1,2,1,0,0,1,1,0,0,1,0,0,0,baixo
5,10000.0,29,0.5517241379310345,3,3,1,0,0,0,1,1,1,0,0,0,0,medio_alto
3,10000.0,34,0.6176470588235294,4,3,1,0,0,0,0,0,0,0,0,1,1,alto
1,0.0,0,0.0,1,3,1,0,0,0,1,1,0,1,0,0,0,medio_baixo
7,35000.0,37,0.7297297297297297,2,2,1,0,0,0,1,0,0,1,0,0,0,medio_baixo
4,0.0,0,0.0,1,2,1,0,0,0,0,0,0,1,0,0,0,gratuito
4,350000.0,3870,0.8782945736434109,9,3,1,0,0,0,1,1,0,0,0,0,0,alto
9,10000.0,7,0.8571428571428571,2,3,1,0,0,0,1,0,1,1,0,0,0,medio_baixo
4,10000.0,10,1.0,2,2,1,0,0,0,1,0,1,0,0,0,0,baixo
5,10000.0,46,0.9347826086956522,1,2,1,0,0,0,1,0,0,1,0,0,0,medio_baixo
2,0.0,0,0.0,1,4,1,0,1,0,1,0,0,1,0,0,1,gratuito
3,10000.0,37,0.8918918918918919,1,2,1,0,0,0,1,0,0,0,1,0,0,medio_alto
1,10000.0,0,0.0,27,2,1,1,1,0,1,0,0,0,0,0,1,baixo
1,10000.0,1,1.0,1,3,1,0,0,0,0,0,0,0,0,0,1,baixo
4,150000.0,315,0.780952380952381,1,4,1,0,0,0,0,0,0,0,0,0,0,gratuito
7,10000.0,3,1.0,1,3,1,0,0,0,1,1,0,1,0,0,0,medio_baixo
7,10000.0,4,1.0,1,2,1,0,0,0,1,1,0,0,0,0,0,baixo
7,10000.0,20,0.95,5,3,1,1,0,0,0,0,0,1,0,1,1,medio_baixo
1,10000.0,0,0.0,26,3,1,0,1,9,1,0,1,0,1,0,0,alto
1,10000.0,0,0.0,4,3,1,0,0,0,1,0,1,0,1,0,0,alto
9,10000.0,152,0.756578947368421,8,2,1,0,0,1,1,0,1,0,0,0,0,medio_baixo
2,10000.0,0,0.0,24,1,1,1,0,0,0,0,0,1,0,0,0,medio_alto
7,350000.0,2613,0.8296976655185611,7,2,1,0,0,8,1,1,0,0,0,0,0,medio_alto
1,10000.0,306,0.9607843137254902,1,2,1,0,0,1,1,1,0,0,0,0,0,medio_baixo
1,10000.0,0,0.0,1,5,1,0,0,0,1,1,1,1,0,0,0,baixo
6,10000.0,653,0.7733537519142419,16,2,1,1,1,2,1,0,1,0,0,0,0,medio_alto
3,0.0,0,0.0,0,0,1,0,0,0,0,0,0,0,0,0,0,gratuito
2,0.0,0,0.0,1,3,1,0,0,0,0,0,1,1,0,0,0,gratuito
8,10000.0,6,0.3333333333333333,2,2,1,0,0,0,0,1,0,1,0,0,0,medio_baixo
3,10000.0,6,0.6666666666666666,10,3,1,1,1,0,1,1,0,1,0,0,0,alto
8,10000.0,47,0.6595744680851063,1,3,1,0,0,0,1,1,1,0,0,0,0,baixo
8,10000.0,3,1.0,1,3,1,0,0,0,1,0,0,1,0,0,1,medio_alto
3,10000.0,70,0.9,5,2,1,0,0,2,1,0,0,1,0,0,0,baixo
12,75000.0,442,0.8235294117647058,1,3,1,0,0,0,0,1,1,0,1,0,0,medio_alto
1,35000.0,248,0.8145161290322581,10,2,1,0,0,1,1,1,0,0,0,0,0,medio_baixo
2,10000.0,0,0.0,4,5,1,0,0,0,1,0,1,1,1,0,1,alto
4,35000.0,313,0.6517571884984026,13,2,1,0,0,2,0,0,0,0,1,1,0,medio_alto
1,10000.0,0,0.0,1,2,1,0,0,0,1,0,0,0,0,0,0,medio_alto
4,10000.0,0,0.0,1,2,1,0,0,0,1,0,0,1,0,0,0,medio_alto
5,10000.0,1,1.0,1,4,1,0,0,0,1,1,1,1,0,0,0,medio_baixo
6,10000.0,33,0.7878787878787878,29,4,1,0,0,0,1,1,1,1,0,0,0,baixo
1,10000.0,26,0.46153846153846156,14,2,1,0,0,0,0,0,0,0,0,1,1,alto
7,10000.0,175,0.8514285714285714,1,2,1,1,1,0,0,0,0,0,1,0,0,medio_alto
7,350000.0,1228,0.26384364820846906,1,2,1,0,0,0,1,0,0,1,0,0,0,medio_baixo
13,10000.0,44,0.6818181818181818,1,1,1,0,0,0,0,0,0,0,0,0,0,gratuito
1,0.0,0,0.0,1,4,1,0,0,0,1,1,0,0,0,1,0,gratuito
7,10000.0,8,0.75,1,3,1,0,0,0,1,0,1,0,1,0,0,gratuito
3,0.0,0,0.0,1,3,1,0,0,0,1,0,1,0,1,0,0,gratuito
11,10000.0,3,1.0,1,3,1,0,0,0,1,1,1,0,0,0,0,medio_baixo
1,10000.0,36,0.8888888888888888,1,1,1,0,0,0,0,0,1,0,0,0,0,alto
3,35000.0,45,0.8888888888888888,1,2,1,0,0,0,0,1,0,0,0,0,1,medio_baixo
3,10000.0,0,0.0,1,1,1,0,0,0,0,0,0,1,0,0,0,medio_alto
3,10000.0,0,0.0,1,2,1,0,0,0,1,0,0,1,0,0,0,medio_alto
2,10000.0,21,0.47619047619047616,8,5,1,0,0,0,1,1,1,1,0,0,0,alto
6,10000.0,15,0.6666666666666666,8,2,1,1,1,0,1,0,0,1,0,0,0,medio_alto
9,10000.0,107,0.719626168224299,1,1,1,1,1,0,0,0,0,0,0,0,1,gratuito
8,10000.0,8,0.0,10,1,1,0,0,0,0,0,0,0,0,0,0,alto
4,10000.0,5,1.0,1,3,1,0,0,0,1,0,1,1,0,0,0,baixo
5,10000.0,3,1.0,1,1,1,0,0,0,0,0,0,0,0,0,1,medio_baixo
1,0.0,0,0.0,1,2,1,0,0,0,0,1,0,0,0,0,0,gratuito
6,10000.0,86,0.813953488372093,1,2,1,0,0,0,0,0,0,0,0,1,1,alto
4,10000.0,2,1.0,2,2,1,1,0,0,0,0,0,0,0,0,0,medio_alto
1,10000.0,29,1.0,1,2,1,0,0,0,1,0,0,1,0,0,0,baixo
6,10000.0,16,0.375,1,1,1,0,0,0,1,0,0,0,0,0,0,medio_alto
2,10000.0,0,0.0,2,3,1,0,0,0,1,0,0,1,0,1,0,baixo
2,150000.0,7607,0.6852898645983962,12,2,1,0,0,2,0,1,1,0,0,0,0,alto
2,10000.0,8,0.375,1,3,1,0,0,0,0,0,0,0,0,0,1,gratuito
3,0.0,0,0.0,0,0,1,0,0,0,0,0,0,0,0,0,0,gratuito
1,0.0,0,0.0,0,0,1,0,0,0,0,0,0,0,0,0,0,gratuito
1,0.0,0,0.0,2,5,1,0,0,0,1,1,1,1,0,0,0,baixo
7,10000.0,1,1.0,1,5,1,0,0,0,1,1,1,0,0,0,0,alto
7,10000.0,1,1.0,1,4,1,0,0,0,1,1,0,1,0,0,1,baixo
1,0.0,0,0.0,1,6,1,1,1,0,1,1,1,0,1,1,0,gratuito
9,35000.0,269,0.7955390334572491,2,3,1,1,0,0,1,1,0,0,1,0,0,medio_alto
3,0.0,0,0.0,1,2,1,0,0,0,0,0,0,0,0,0,0,gratuito
5,10000.0,22,0.9545454545454546,2,2,1,0,0,0,1,0,0,1,0,0,0,medio_baixo
2,10000.0,3,0.3333333333333333,3,2,1,1,0,0,1,0,0,0,0,1,0,alto
1,0.0,0,0.0,2,2,1,0,0,0,1,0,0,1,0,0,0,medio_alto
8,10000.0,0,0.0,2,3,1,0,0,0,1,0,1,0,0,0,0,alto
2,10000.0,24,0.9166666666666666,9,2,1,1,0,0,1,0,0,1,0,0,0,baixo
3,10000.0,155,0.864516129032258,1,3,1,0,0,0,1,0,1,0,1,0,0,baixo
7,10000.0,0,0.0,2,2,1,0,0,0,0,1,1,0,0,0,0,gratuito
8,10000.0,1,1.0,1,3,1,0,0,1,1,0,1,1,0,0,0,medio_baixo
3,10000.0,306,0.8300653594771242,8,3,1,0,0,1,1,1,1,0,0,0,0,medio_alto
3,10000.0,1,1.0,1,2,1,0,0,0,1,0,0,1,0,0,0,baixo
1,0.0,0,0.0,2,3,1,1,1,0,1,0,1,0,0,0,0,gratuito
5,10000.0,68,0.6617647058823529,1,1,1,0,0,0,0,0,0,0,0,0,0,alto
2,10000.0,6,0.8333333333333334,4,1,1,0,0,0,0,1,0,0,0,0,0,baixo
6,10000.0,64,0.90625,5,2,1,0,0,0,1,1,0,0,0,0,0,medio_baixo
5,10000.0,0,0.0,1,4,1,0,1,2,1,0,1,1,0,0,0,alto
2,10000.0,144,0.9513888888888888,1,1,1,0,0,0,1,0,0,0,0,0,0,medio_baixo
6,10000.0,5,0.6,1,3,1,0,0,0,1,0,0,1,0,1,0,baixo
2,10000.0,9,0.3333333333333333,1,2,1,0,0,0,1,0,0,1,0,0,0,baixo
8,10000.0,10,0.8,1,4,1,0,0,0,1,1,0,1,0,0,0,alto
4,0.0,0,0.0,2,3,1,0,0,0,1,1,0,1,0,0,0,gratuito
18,350000.0,1515,0.9240924092409241,1,1,1,0,0,0,0,1,0,0,0,0,0,medio_baixo
1,10000.0,2,1.0,1,2,1,0,0,1,1,0,0,0,1,0,0,medio_alto
8,350000.0,2778,0.8394528437724982,10,4,1,0,0,0,1,0,0,0,0,1,1,alto
10,10000.0,17,0.5882352941176471,1,3,1,0,0,0,1,1,0,0,0,1,0,baixo
4,10000.0,9,0.4444444444444444,4,3,1,0,0,0,0,0,0,1,0,1,1,alto
11,10000.0,21,0.6190476190476191,5,4,1,0,0,0,0,0,0,0,0,0,0,medio_baixo
1,10000.0,0,0.0,1,3,1,0,0,0,1,0,0,1,0,0,0,gratuito
2,0.0,0,0.0,0,0,1,0,0,0,0,0,0,0,0,0,0,gratuito
9,10000.0,38,0.42105263157894735,2,2,1,0,0,0,1,0,1,0,0,0,0,baixo
2,0.0,0,0.0,1,5,1,0,0,0,1,0,1,1,1,0,0,gratuito
1,10000.0,0,0.0,2,2,1,0,0,0,0,1,1,0,0,0,0,alto
5,10000.0,1,1.0,1,3,1,1,0,0,1,0,0,1,0,1,0,alto
8,35000.0,740,0.6824324324324325,5,6,1,0,0,0,1,1,1,0,1,0,1,alto
8,10000.0,28,1.0,2,2,1,0,0,0,1,1,0,0,0,0,0,medio_baixo
5,10000.0,0,0.0,2,1,1,0,0,0,0,0,0,0,1,0,0,alto
3,10000.0,4,1.0,1,1,1,0,0,0,1,0,0,0,0,0,0,baixo
1,10000.0,52,0.8846153846153846,6,2,1,0,0,3,0,1,0,1,0,0,0,alto
4,10000.0,62,1.0,4,2,1,0,0,0,1,0,1,0,0,0,0,medio_alto
2,10000.0,4,1.0,1,3,1,0,0,0,0,0,1,1,1,0,0,medio_baixo
1,10000.0,0,0.0,9,5,1,0,0,0,1,0,1,1,0,1,1,alto
2,35000.0,53,0.9056603773584906,13,5,1,0,0,0,1,1,0,1,0,1,1,alto
4,10000.0,25,0.84,3,3,1,0,0,0,1,0,0,1,1,0,0,medio_alto
6,10000.0,23,0.7391304347826086,1,6,1,1,0,0,1,1,0,0,0,1,1,medio_alto
2,0.0,0,0.0,0,0,1,0,0,0,0,0,0,0,0,0,0,gratuito
1,0.0,0,0.0,0,0,1,0,0,0,0,0,0,0,0,0,0,gratuito
6,10000.0,2,1.0,1,2,1,1,0,1,1,0,1,0,0,0,0,medio_alto
4,10000.0,8,1.0,1,3,1,0,0,0,1,0,1,1,0,0,0,medio_baixo
6,10000.0,541,0.6432532347504621,1,4,1,0,0,0,1,1,0,0,0,0,0,gratuito
1,10000.0,0,0.0,1,3,1,1,1,0,1,1,0,1,0,0,0,medio_baixo
2,10000.0,51,0.8235294117647058,8,2,1,0,0,1,1,0,0,1,0,0,0,baixo
4,0.0,0,0.0,1,4,1,0,0,5,1,1,0,1,0,0,0,gratuito
2,10000.0,2,1.0,1,4,1,1,1,0,1,1,0,1,0,1,0,medio_alto
9,350000.0,2354,0.848768054375531,3,2,1,0,0,8,0,0,1,0,1,0,0,alto
4,10000.0,0,0.0,4,2,1,0,0,0,1,1,0,0,0,0,0,medio_baixo
6,10000.0,25,0.68,6,2,1,1,0,0,0,0,0,1,0,0,1,baixo
8,10000.0,46,0.6304347826086957,4,2,1,1,1,1,1,1,0,0,0,0,0,medio_alto
5,10000.0,3,1.0,2,5,1,1,1,1,1,0,0,1,1,0,1,alto
8,35000.0,315,0.9396825396825397,1,2,1,0,0,0,1,1,0,0,0,0,0,gratuito
9,350000.0,4060,0.8248768472906404,10,1,1,0,0,2,0,1,0,0,0,0,0,alto
4,10000.0,1,0.0,1,1,1,0,0,0,0,1,0,0,0,0,0,medio_alto
3,35000.0,247,0.8866396761133604,6,3,1,1,1,0,1,0,1,1,0,0,0,medio_baixo
5,35000.0,3743,0.9468340903018969,7,2,1,1,1,1,1,1,0,0,0,0,0,medio_alto
3,10000.0,11,0.9090909090909091,3,2,1,0,0,0,0,1,1,0,0,0,0,medio_baixo
5,10000.0,26,0.46153846153846156,1,7,1,0,0,0,1,1,1,1,1,0,1,baixo
1,10000.0,0,0.0,2,3,1,0,0,0,1,1,0,1,0,0,0,medio_baixo
5,10000.0,0,0.0,1,3,1,0,0,0,1,1,1,0,0,0,0,alto
6,10000.0,17,0.9411764705882353,1,2,1,0,0,0,1,0,0,1,0,0,0,medio_baixo
3,35000.0,1,1.0,1,2,1,1,1,0,1,0,0,0,0,1,0,medio_alto
13,750000.0,2741,0.6935425027362276,3,5,1,0,0,2,0,1,1,0,1,0,0,gratuito
1,10000.0,2,1.0,1,2,1,0,1,0,0,1,0,0,0,0,1,medio_alto
1,10000.0,0,0.0,1,4,1,0,1,0,1,0,0,0,0,1,1,alto
5,10000.0,249,0.7791164658634538,9,7,1,0,0,4,1,1,0,1,0,0,0,gratuito
4,0.0,0,0.0,0,0,1,0,0,0,0,0,0,0,0,0,0,gratuito
3,10000.0,10,0.4,1,3,1,0,0,0,0,0,1,1,0,0,1,baixo
7,10000.0,10,0.6,1,4,1,1,1,1,1,0,1,1,1,0,0,medio_alto
1,0.0,0,0.0,1,4,1,1,0,0,1,0,1,0,1,0,0,gratuito
5,35000.0,29,0.896551724137931,1,2,1,1,0,0,1,0,1,0,0,0,0,medio_baixo
2,10000.0,2,0.5,2,2,1,0,0,0,0,0,0,0,0,1,0,medio_alto
4,75000.0,9,0.6666666666666666,1,3,1,0,1,0,1,0,1,0,1,0,0,baixo
3,10000.0,0,0.0,1,3,1,0,0,0,1,0,0,1,1,0,0,medio_alto
7,10000.0,9,0.5555555555555556,2,5,1,0,0,0,1,1,1,1,1,0,0,baixo
2,10000.0,0,0.0,2,1,1,0,0,0,0,0,0,0,0,1,0,medio_alto
3,0.0,0,0.0,3,5,1,0,0,5,1,1,1,0,1,0,0,gratuito
9,350000.0,4724,0.9449618966977138,5,3,1,1,1,1,1,0,1,1,0,0,0,medio_alto
4,0.0,0,0.0,1,5,1,1,1,0,1,1,1,1,0,0,0,gratuito
2,10000.0,1,1.0,4,2,1,0,0,0,0,1,0,1,0,0,0,baixo
1,10000.0,3,0.3333333333333333,5,3,1,0,1,0,1,1,1,0,0,0,0,baixo
3,0.0,0,0.0,1,2,1,0,0,0,0,1,1,0,0,0,0,gratuito
2,0.0,0,0.0,2,3,1,0,0,0,1,0,0,0,1,0,0,gratuito
1,0.0,0,0.0,9,2,1,1,0,0,0,0,0,1,0,0,1,medio_baixo
1,0.0,0,0.0,7,5,1,0,0,0,1,1,1,1,1,0,0,medio_alto
4,10000.0,7,0.8571428571428571,1,4,1,1,0,0,1,0,1,1,0,0,1,medio_baixo
3,10000.0,10,0.6,1,2,1,0,0,0,1,0,0,1,0,0,0,medio_alto
1,10000.0,0,0.0,12,4,1,0,0,0,1,0,0,0,0,0,1,medio_alto
2,0.0,0,0.0,0,0,1,0,0,0,0,0,0,0,0,0,0,gratuito
3,10000.0,1,1.0,1,4,1,0,0,0,0,1,0,1,0,0,0,medio_alto
4,10000.0,0,0.0,1,2,1,0,1,0,0,0,1,0,0,0,0,medio_alto
7,35000.0,55,0.8545454545454545,1,2,1,0,0,0,1,0,0,1,0,0,0,baixo
1,0.0,0,0.0,0,0,1,0,0,0,0,0,0,0,0,0,0,gratuito
2,10000.0,9,1.0,3,2,1,0,0,1,1,0,0,1,0,0,0,baixo
4,35000.0,31,0.8064516129032258,1,3,1,1,1,1,1,0,1,0,0,0,1,medio_baixo
1,10000.0,0,0.0,6,2,1,0,0,0,1,0,0,1,0,0,0,baixo
5,150000.0,194,0.6855670103092784,2,3,1,0,0,1,1,0,1,0,1,0,0,baixo
8,10000.0,6,0.5,1,3,1,0,0,0,1,0,0,1,0,1,0,alto
1,10000.0,0,0.0,1,2,1,0,0,0,0,1,0,0,0,0,0,baixo
6,10000.0,29,0.41379310344827586,1,3,1,0,0,0,1,1,1,0,0,0,0,baixo
2,10000.0,5,1.0,1,1,1,0,0,0,1,0,0,0,0,0,0,medio_baixo
8,10000.0,35,0.8857142857142857,1,3,1,1,1,0,1,0,1,1,0,0,0,medio_alto
4,10000.0,1,1.0,2,2,1,0,0,0,1,1,0,0,0,0,0,medio_baixo
7,10000.0,1,1.0,29,4,1,0,0,0,0,1,1,1,0,0,1,alto
3,0.0,0,0.0,1,3,1,1,1,1,1,0,0,0,0,1,0,gratuito
5,35000.0,155,0.7096774193548387,15,5,1,0,0,0,1,1,1,1,0,1,0,baixo
7,10000.0,37,0.6486486486486487,3,1,1,0,0,0,0,0,0,1,0,0,0,medio_baixo
3,75000.0,288,0.9583333333333334,1,2,1,0,0,0,0,1,1,0,0,0,0,baixo
6,35000.0,12,0.8333333333333334,1,3,1,0,0,0,1,1,1,0,0,0,0,medio_baixo
9,35000.0,70,0.6142857142857143,3,3,1,0,0,0,1,0,0,1,0,0,1,baixo
5,75000.0,35,0.6571428571428571,1,3,1,0,0,0,1,0,0,1,0,0,0,gratuito
2,35000.0,108,0.8148148148148148,1,1,1,0,0,0,0,0,1,0,0,0,0,medio_baixo
8,10000.0,22,0.45454545454545453,1,3,1,0,0,0,0,1,1,0,0,0,0,alto
2,10000.0,97,0.6804123711340206,2,1,1,0,0,0,1,0,0,0,0,0,0,baixo
4,10000.0,0,0.0,1,2,1,0,0,0,1,0,0,1,0,0,0,baixo
1,10000.0,0,0.0,5,2,1,1,0,0,1,0,0,1,0,0,0,alto
6,10000.0,2,1.0,9,4,1,0,0,0,1,1,0,0,1,1,0,alto
1,10000.0,0,0.0,1,3,1,0,0,0,0,0,0,1,0,0,0,medio_baixo
1,0.0,0,0.0,1,2,1,0,0,0,1,0,1,0,0,0,0,medio_baixo
1,10000.0,0,0.0,1,4,1,1,1,1,1,0,1,1,0,0,1,baixo
2,10000.0,12,0.8333333333333334,103,9,1,1,1,0,1,1,1,1,1,1,1,alto
1,0.0,0,0.0,1,3,1,0,0,0,1,0,0,1,0,0,0,baixo
1,0.0,0,0.0,1,5,1,0,0,0,1,0,0,1,0,1,1,gratuito
3,10000.0,7,0.42857142857142855,1,2,1,0,0,0,1,0,0,1,0,0,0,baixo
5,10000.0,0,0.0,29,1,1,0,0,0,0,0,0,0,0,0,1,medio_alto
5,10000.0,31,1.0,7,4,1,0,0,0,1,1,0,1,0,0,1,baixo
5,35000.0,30,0.2,6,1,1,0,0,0,0,0,1,0,0,0,0,medio_baixo
5,10000.0,107,0.9532710280373832,7,3,1,0,0,1,1,0,0,1,0,0,1,baixo
5,10000.0,12,0.8333333333333334,29,2,1,0,0,0,0,0,0,1,0,0,0,gratuito
6,10000.0,83,0.8795180722891566,2,4,1,0,0,0,1,0,0,0,1,1,1,medio_alto
6,10000.0,0,0.0,1,3,1,0,0,0,1,1,0,1,0,0,0,medio_alto
9,10000.0,15,0.7333333333333333,1,2,1,0,0,0,0,1,0,0,1,0,0,medio_alto
10,10000.0,149,0.825503355704698,5,3,1,1,1,0,1,1,1,0,0,0,0,gratuito
4,0.0,0,0.0,0,0,1,0,0,0,0,0,0,0,0,0,0,gratuito
1,10000.0,9,1.0,7,3,1,0,0,0,1,1,1,0,0,0,0,medio_baixo
5,10000.0,47,0.6595744680851063,11,1,1,0,0,0,0,1,0,0,0,0,0,medio_baixo
3,0.0,0,0.0,0,0,1,0,0,0,0,0,0,0,0,0,0,gratuito
2,35000.0,7,0.8571428571428571,7,3,1,1,0,0,0,0,0,1,0,1,1,medio_baixo
5,0.0,0,0.0,10,4,1,0,0,0,1,0,0,1,0,0,1,gratuito
5,10000.0,0,0.0,1,3,1,0,0,0,1,1,0,1,0,0,0,medio_baixo
2,10000.0,182,0.8186813186813187,13,4,1,0,0,0,1,0,0,1,0,0,1,gratuito
2,35000.0,3,1.0,2,3,1,0,0,0,1,1,0,0,0,1,0,medio_alto
1,10000.0,0,0.0,1,2,1,0,0,0,0,0,0,1,0,0,1,alto
2,10000.0,1,1.0,1,2,1,0,0,0,0,1,0,0,0,0,0,medio_baixo
3,10000.0,0,0.0,2,1,1,0,0,0,1,0,0,0,0,0,0,medio_alto
3,0.0,0,0.0,1,2,1,0,0,0,0,1,0,0,0,0,0,gratuito
8,10000.0,2,0.5,1,3,1,0,0,0,1,0,0,1,0,1,0,medio_baixo
6,35000.0,52,0.9423076923076923,1,5,1,0,0,0,1,0,1,1,1,1,0,baixo
6,10000.0,11,0.6363636363636364,4,3,1,0,1,0,1,1,1,0,0,0,0,medio_alto
1,0.0,0,0.0,1,2,1,0,0,0,1,1,0,0,0,0,0,medio_alto
1,0.0,0,0.0,2,3,1,0,0,0,1,0,0,1,0,0,1,medio_baixo
4,10000.0,0,0.0,1,2,1,0,0,0,1,0,0,1,0,0,0,baixo
4,10000.0,0,0.0,2,2,1,0,0,0,1,0,0,1,0,0,0,medio_alto
12,35000.0,325,0.9353846153846154,1,2,1,1,1,0,0,0,1,1,0,0,0,medio_alto
12,10000.0,127,0.6377952755905512,1,1,1,0,0,0,0,0,0,0,0,0,1,medio_baixo
9,10000.0,1,0.0,1,2,1,0,0,0,1,0,0,1,0,0,0,medio_baixo
2,35000.0,12,1.0,1,1,1,0,0,0,0,0,1,0,0,0,0,medio_baixo
7,10000.0,14,0.9285714285714286,1,3,1,0,0,0,1,0,0,0,1,0,0,baixo
1,0.0,0,0.0,9,2,1,0,0,0,1,0,0,1,0,0,0,medio_baixo
3,10000.0,22,0.9090909090909091,1,3,1,0,0,0,1,0,1,0,0,0,1,medio_baixo
7,10000.0,18,0.8888888888888888,1,3,1,1,0,0,1,1,1,0,0,0,0,alto
5,35000.0,11,0.9090909090909091,1,5,1,0,0,0,1,1,1,1,1,0,0,alto
10,10000.0,11,0.7272727272727273,2,3,1,0,0,0,1,1,1,0,0,0,0,medio_alto
3,10000.0,0,0.0,1,3,1,1,1,2,0,0,0,1,1,0,1,medio_baixo
1,0.0,0,0.0,0,0,1,0,0,0,0,0,0,0,0,0,0,gratuito
6,10000.0,6,1.0,1,6,1,0,0,0,0,0,0,0,0,0,0,gratuito
6,10000.0,145,0.8758620689655172,2,5,1,1,0,0,1,0,1,1,1,0,0,gratuito
6,10000.0,8,0.875,1,4,1,0,0,0,0,1,1,0,1,1,0,baixo
2,10000.0,2,0.0,1,3,1,0,0,0,1,1,0,0,0,0,1,medio_alto
5,75000.0,66,0.5454545454545454,5,9,1,0,0,0,1,1,1,1,1,1,1,baixo
2,10000.0,0,0.0,1,3,1,0,0,0,1,1,0,1,0,0,0,baixo
1,10000.0,0,0.0,9,4,1,0,0,0,1,0,1,1,0,1,0,medio_baixo
7,10000.0,34,0.7941176470588235,1,3,1,1,1,0,1,1,0,1,0,0,0,gratuito
9,35000.0,10,0.6,1,3,1,0,0,0,1,1,0,1,0,0,0,medio_baixo
2,10000.0,7,0.5714285714285714,16,5,1,0,0,0,1,1,1,0,1,1,0,medio_baixo
7,10000.0,20,0.85,2,2,1,1,0,0,0,0,0,1,0,1,0,medio_baixo
7,10000.0,36,0.8888888888888888,2,2,1,0,0,0,1,0,1,0,0,0,0,baixo
1,0.0,0,0.0,14,4,1,0,0,0,1,0,1,1,0,0,0,gratuito
11,10000.0,51,0.5882352941176471,1,2,1,0,0,0,0,0,0,0,1,0,1,medio_alto
6,35000.0,623,0.5682182985553772,3,5,1,0,0,0,1,0,1,0,0,0,1,alto
3,10000.0,105,0.6476190476190476,16,4,1,1,0,0,1,0,0,1,0,1,1,alto
5,35000.0,39,0.9230769230769231,9,2,1,0,0,0,0,0,0,1,0,1,0,baixo
4,10000.0,24,0.8333333333333334,1,2,1,0,1,2,1,0,1,0,0,0,0,alto
2,10000.0,4,0.5,1,2,1,0,0,0,1,0,1,0,0,0,0,medio_alto
12,35000.0,201,0.4577114427860697,1,4,1,0,0,0,1,1,1,1,0,0,0,medio_baixo
8,10000.0,135,0.7851851851851852,4,3,1,0,0,0,1,1,0,1,0,0,0,alto
8,10000.0,15503,0.7118622202154422,12,2,1,1,1,0,0,1,1,0,0,0,0,medio_alto
8,75000.0,9,0.3333333333333333,2,6,1,0,0,0,1,1,0,1,0,1,1,baixo
1,0.0,0,0.0,14,5,1,0,0,0,1,0,1,1,1,1,0,gratuito
5,35000.0,205,0.7707317073170732,2,5,1,0,0,0,1,0,1,1,1,1,0,alto
6,75000.0,761,0.8725361366622865,3,5,1,1,1,3,1,0,1,1,1,0,1,medio_alto
1,10000.0,0,0.0,1,4,1,0,0,0,1,1,1,0,0,1,0,medio_alto
1,10000.0,5,1.0,8,1,1,0,0,0,0,0,0,0,0,1,0,medio_baixo
1,0.0,0,0.0,0,0,1,0,0,0,0,0,0,0,0,0,0,gratuito
8,10000.0,15,0.7333333333333333,2,5,1,0,0,0,1,0,0,1,0,1,1,gratuito
2,0.0,0,0.0,0,0,1,0,0,0,0,0,0,0,0,0,0,gratuito
10,10000.0,7,0.14285714285714285,1,3,1,0,0,2,0,0,1,0,0,0,1,medio_alto
7,10000.0,45,0.8888888888888888,1,5,1,0,0,0,1,1,1,1,0,0,1,baixo
1,10000.0,0,0.0,2,2,1,0,0,0,1,0,0,0,0,1,0,alto
2,0.0,0,0.0,2,2,1,0,0,0,1,0,0,0,0,0,0,gratuito
4,35000.0,90,0.9,8,2,1,1,0,0,1,0,1,0,0,0,0,baixo
4,10000.0,100,0.83,30,4,1,1,1,0,1,0,0,1,1,0,1,baixo
2,10000.0,40,0.925,5,6,1,1,0,0,1,0,1,1,1,1,1,medio_baixo
1,10000.0,3,1.0,2,1,1,0,0,0,0,0,1,0,0,0,0,baixo
2,10000.0,611,0.9705400981996727,7,2,1,0,0,0,1,0,1,0,0,0,0,medio_alto
18,750000.0,6432,0.9225746268656716,6,2,1,0,0,0,1,0,0,0,1,0,0,medio_baixo
2,35000.0,14,1.0,7,3,1,0,0,0,1,1,0,1,0,0,0,medio_alto
8,10000.0,2,0.5,1,3,1,0,0,0,1,0,0,0,0,0,0,baixo
6,10000.0,184,0.8260869565217391,9,5,1,0,0,0,1,1,1,1,0,0,1,baixo
7,10000.0,9,0.4444444444444444,2,1,1,0,0,0,1,0,0,0,0,0,0,baixo
2,10000.0,0,0.0,1,1,1,0,0,0,0,0,0,0,1,0,0,medio_baixo
3,10000.0,0,0.0,11,2,1,0,0,0,0,1,0,0,0,0,1,alto
5,150000.0,2542,0.9299763965381589,3,4,1,0,0,7,1,1,1,0,1,0,0,medio_baixo
8,10000.0,43,0.27906976744186046,1,4,1,0,0,0,1,0,0,0,1,1,0,medio_baixo
1,0.0,0,0.0,27,2,1,1,1,0,1,0,0,0,0,0,1,baixo
1,10000.0,0,0.0,1,3,1,0,0,0,1,0,0,1,0,0,1,baixo
8,35000.0,9,0.6666666666666666,1,4,1,0,0,0,1,0,1,1,0,1,0,medio_baixo
3,350000.0,5557,0.8252654309879431,9,1,1,0,0,52,0,1,0,0,0,0,0,alto
4,35000.0,66,0.8636363636363636,6,3,1,0,0,0,1,1,1,0,0,0,0,baixo
6,10000.0,5,0.4,103,5,1,0,0,0,1,1,1,1,0,0,1,baixo
8,35000.0,903,0.9545957918050941,1,2,1,1,1,1,1,0,0,1,0,0,0,alto
3,0.0,0,0.0,103,2,1,0,0,0,1,1,0,0,0,0,0,baixo
8,10000.0,5,0.8,1,3,1,0,0,0,1,1,1,0,0,0,0,medio_alto
7,150000.0,1125,0.48444444444444446,10,3,1,0,0,0,0,0,0,1,0,1,1,alto
1,10000.0,34,0.6176470588235294,1,3,1,0,0,0,0,1,1,0,1,0,0,medio_alto
12,75000.0,459,0.9237472766884531,1,2,1,0,0,0,1,1,0,0,0,0,0,baixo
14,3500000.0,73628,0.9729043298745043,5,1,1,1,0,1,0,0,1,0,0,0,0,baixo
1,0.0,0,0.0,1,1,1,1,1,0,0,0,1,0,0,0,0,medio_alto
4,0.0,0,0.0,1,5,1,0,0,0,1,0,1,1,0,0,1,gratuito
2,10000.0,12,0.9166666666666666,1,1,1,0,1,2,0,0,0,0,1,0,0,medio_baixo
6,75000.0,20,0.95,1,5,1,0,0,0,1,0,1,0,1,1,0,alto
5,10000.0,29,1.0,1,2,1,0,0,0,1,1,0,0,0,0,0,medio_baixo
4,10000.0,91,0.8351648351648352,7,3,1,1,0,0,0,1,1,0,1,0,0,medio_baixo
1,0.0,0,0.0,1,4,1,0,0,0,1,0,1,0,1,0,0,gratuito
1,0.0,0,0.0,1,3,1,0,1,0,1,0,1,1,0,0,0,medio_alto
10,10000.0,1,1.0,1,1,1,0,0,0,1,0,0,0,0,0,0,alto
3,10000.0,34,0.7647058823529411,4,3,1,0,0,0,1,0,1,1,0,0,0,baixo
9,10000.0,34,0.6176470588235294,1,2,1,0,0,0,0,0,0,0,0,0,1,alto
5,10000.0,0,0.0,1,3,1,0,0,0,1,0,1,0,1,0,0,medio_baixo
12,150000.0,300,0.8433333333333334,8,3,1,0,0,0,1,0,0,1,0,1,0,medio_alto
3,0.0,0,0.0,1,2,1,1,0,0,1,1,0,0,0,0,0,gratuito
10,10000.0,13,0.6923076923076923,1,3,1,0,0,0,0,1,0,0,0,0,0,medio_baixo
1,0.0,0,0.0,1,4,1,0,0,0,0,1,1,0,1,0,0,gratuito
2,0.0,0,0.0,13,3,1,0,0,4,1,0,0,1,0,0,0,gratuito
3,10000.0,0,0.0,5,1,1,0,0,0,0,0,0,0,0,0,1,alto
7,75000.0,1406,0.7240398293029872,3,3,1,0,0,0,0,1,0,0,0,0,1,alto
4,10000.0,38,0.6052631578947368,1,3,1,0,0,0,0,0,1,0,1,0,1,medio_baixo
2,10000.0,53,0.9433962264150944,3,6,1,1,1,0,1,1,0,0,0,1,0,gratuito
3,10000.0,0,0.0,1,2,1,0,0,0,1,0,0,0,0,0,0,medio_baixo
1,0.0,0,0.0,0,0,1,0,0,0,0,0,0,0,0,0,0,gratuito
1,35000.0,209,0.7177033492822966,11,2,1,0,0,0,1,1,0,0,0,0,0,alto
1,35000.0,1396,0.7012893982808023,2,6,1,0,0,0,1,1,1,0,0,0,0,alto
5,10000.0,22,0.5,6,4,1,0,0,0,1,1,1,0,0,0,1,baixo
9,10000.0,4,1.0,1,1,1,0,0,0,1,0,0,0,0,0,0,baixo
2,10000.0,9,0.8888888888888888,2,1,1,1,0,0,0,0,0,0,0,0,1,medio_alto
6,10000.0,1,1.0,1,2,1,0,0,0,0,0,1,0,0,0,0,medio_alto
4,10000.0,40,0.675,9,2,1,0,0,1,1,1,0,0,0,0,0,medio_baixo
3,0.0,0,0.0,0,0,1,0,0,0,0,0,0,0,0,0,0,gratuito
12,3500000.0,68580,0.907684456109653,14,3,1,1,1,4,1,0,0,1,0,0,1,medio_baixo
10,750000.0,9219,0.9594316086343421,20,2,1,1,0,0,1,0,1,0,0,0,0,baixo
4,10000.0,16,0.9375,1,2,1,0,0,0,1,1,0,0,0,0,0,alto
7,10000.0,52,0.9038461538461539,2,1,1,0,0,1,0,1,0,0,0,0,0,alto
1,10000.0,0,0.0,1,2,1,0,0,0,1,0,0,0,0,0,1,baixo
5,10000.0,11,0.6363636363636364,1,4,1,0,0,0,1,0,0,1,0,0,1,baixo
2,10000.0,0,0.0,2,4,1,0,0,0,1,1,1,0,1,0,0,baixo
3,10000.0,86,0.5116279069767442,1,3,1,0,0,0,1,0,1,0,0,0,1,medio_alto
10,10000.0,159,0.8176100628930818,1,3,1,1,1,0,1,0,0,1,0,0,1,baixo
6,10000.0,3,0.6666666666666666,1,3,1,0,0,0,1,1,0,1,0,0,0,baixo
2,0.0,0,0.0,2,3,1,0,0,0,1,0,1,0,0,0,0,gratuito
11,750000.0,4637,0.6047013155057149,1,7,1,0,0,2,1,1,1,0,1,0,0,gratuito
4,35000.0,2,1.0,1,2,1,0,0,0,0,0,1,0,1,0,0,medio_baixo
1,10000.0,64,0.890625,1,4,1,0,0,0,1,1,1,0,1,0,0,medio_alto
6,10000.0,13,0.8461538461538461,1,4,1,0,0,0,1,1,0,0,0,0,0,gratuito
8,10000.0,7,0.7142857142857143,1,2,1,0,0,0,1,1,0,0,0,0,0,baixo
7,10000.0,9,1.0,1,3,1,0,0,0,1,0,0,1,0,0,1,medio_baixo
2,10000.0,50,1.0,7,1,1,0,0,0,0,0,0,0,0,0,0,medio_baixo
8,35000.0,91,0.8241758241758241,2,2,1,0,0,0,1,1,0,0,0,0,0,medio_baixo
7,10000.0,15,0.8,3,4,1,0,0,1,1,0,0,1,0,0,1,medio_alto
1,10000.0,0,0.0,2,3,1,1,0,0,1,0,0,1,0,1,0,baixo
3,0.0,0,0.0,0,0,1,0,0,0,0,0,0,0,0,0,0,gratuito
5,10000.0,33,0.8181818181818182,2,2,1,0,0,0,1,0,0,1,0,0,0,baixo
7,10000.0,2,1.0,1,3,1,1,1,0,1,0,1,0,0,0,0,gratuito
1,0.0,0,0.0,7,1,1,0,0,1,0,0,0,1,0,0,0,medio_baixo
3,10000.0,20,0.8,1,3,1,0,0,0,1,0,1,1,0,0,0,medio_alto
3,10000.0,7,0.42857142857142855,2,2,1,0,0,0,1,1,0,0,0,0,0,medio_baixo
2,10000.0,14,0.7857142857142857,1,1,1,0,0,2,1,0,0,0,0,0,0,medio_baixo
10,150000.0,2152,0.7699814126394052,2,2,1,0,0,2,0,0,1,0,0,1,0,medio_alto
1,10000.0,5,0.8,4,2,1,0,0,0,1,0,0,0,0,0,1,baixo
5,150000.0,2705,0.711275415896488,11,1,1,0,0,3,0,0,0,0,0,0,1,medio_alto
11,75000.0,972,0.9125514403292181,7,1,1,1,1,1,0,0,1,0,0,0,0,alto
5,10000.0,36,0.9722222222222222,2,4,1,0,0,0,1,1,1,0,1,0,0,baixo
2,10000.0,1,1.0,1,2,1,0,0,0,1,0,1,0,0,0,0,medio_alto
2,0.0,0,0.0,103,2,1,0,0,0,1,1,0,0,0,0,0,medio_alto
1,0.0,0,0.0,6,3,1,0,0,0,1,0,0,1,0,0,1,alto
5,10000.0,118,0.9745762711864406,1,3,1,1,1,0,1,0,1,1,0,0,0,baixo
9,10000.0,20,0.8,2,5,1,0,0,0,1,1,0,0,0,0,0,alto
7,10000.0,4,0.5,1,1,1,0,0,0,0,0,0,0,0,0,1,medio_alto
5,0.0,0,0.0,3,3,1,0,0,0,1,1,0,0,0,0,0,gratuito
7,10000.0,36,0.9166666666666666,1,3,1,0,0,0,1,1,1,0,0,0,0,gratuito
7,10000.0,8,0.625,1,1,1,1,0,0,0,0,0,0,0,0,1,alto
6,10000.0,0,0.0,1,3,1,0,0,0,0,0,0,1,0,0,1,alto
8,35000.0,25,0.68,5,3,1,0,0,0,1,0,1,1,0,0,0,baixo
1,0.0,0,0.0,1,3,1,1,0,0,0,0,0,1,0,0,0,gratuito
3,0.0,0,0.0,103,2,1,0,0,1,1,0,0,1,0,0,0,gratuito
2,10000.0,67,0.7910447761194029,9,3,1,0,0,0,1,0,0,0,0,1,1,alto
1,10000.0,0,0.0,1,4,1,0,0,1,1,0,1,1,1,0,0,medio_alto
3,35000.0,58,0.7758620689655172,12,2,1,0,0,0,1,0,1,0,0,0,0,medio_baixo
12,150000.0,1827,0.7668308702791461,1,2,1,1,0,0,1,1,0,0,0,0,0,baixo
5,10000.0,43,0.9302325581395349,8,3,1,1,0,0,0,0,1,1,0,1,0,alto
7,10000.0,17,0.9411764705882353,1,2,1,0,0,0,1,0,0,1,0,0,0,baixo
3,10000.0,83,0.6626506024096386,3,3,1,0,0,0,1,1,0,1,0,0,0,baixo
1,0.0,0,0.0,0,0,1,0,0,0,0,0,0,0,0,0,0,gratuito
1,10000.0,0,0.0,8,2,1,1,0,0,0,0,0,1,0,0,1,medio_baixo
16,75000.0,408,0.8921568627450981,5,1,1,0,0,0,0,0,0,1,0,0,0,medio_alto
8,10000.0,21,0.3333333333333333,1,3,1,1,1,0,1,1,0,1,0,0,0,baixo
6,10000.0,0,0.0,1,2,1,0,0,2,1,0,0,1,0,0,0,baixo
2,0.0,0,0.0,1,3,1,0,0,0,1,0,0,1,0,0,0,gratuito
10,10000.0,187,0.8770053475935828,1,3,1,1,1,2,1,0,1,0,1,0,0,baixo
2,10000.0,4,0.5,26,4,1,0,0,0,1,0,1,1,0,0,1,baixo
7,10000.0,2,0.5,0,1,1,0,0,0,1,0,0,0,0,0,0,baixo
6,10000.0,18,0.9444444444444444,29,2,1,1,1,0,1,0,0,1,0,0,0,gratuito
8,75000.0,1527,0.8487229862475442,20,3,1,0,0,0,1,1,1,0,0,0,0,gratuito
3,150000.0,2060,0.866504854368932,10,5,1,0,1,2,1,0,1,1,1,0,1,alto
7,10000.0,8,0.25,1,3,1,0,0,0,1,1,1,0,0,0,0,medio_baixo
1,0.0,0,0.0,1,4,1,1,0,0,1,0,0,1,0,0,1,medio_baixo
3,10000.0,4,0.5,12,1,1,0,0,0,0,0,0,1,0,0,0,medio_baixo
2,10000.0,0,0.0,1,2,1,1,0,0,1,0,1,0,0,0,0,medio_baixo
1,10000.0,0,0.0,1,2,1,0,0,0,1,0,0,1,0,0,0,medio_baixo
7,10000.0,29,0.6896551724137931,7,4,1,0,0,0,1,1,0,1,0,1,0,medio_alto
7,10000.0,10,0.8,1,2,1,1,0,0,0,1,0,1,0,0,0,gratuito
1,10000.0,108,0.7129629629629629,1,4,1,0,0,0,1,0,1,1,0,0,0,gratuito
3,35000.0,13,0.5384615384615384,3,4,1,0,0,0,1,1,1,0,0,1,0,baixo
8,10000.0,48,0.6041666666666666,3,2,1,0,0,0,1,1,0,0,0,0,0,medio_alto
5,10000.0,5,0.2,1,3,1,0,0,0,1,1,1,0,0,0,0,baixo
1,10000.0,0,0.0,12,3,1,0,0,0,1,0,0,1,0,1,0,baixo
4,10000.0,0,0.0,1,2,1,0,0,2,1,0,0,1,0,0,0,baixo
3,75000.0,2125,0.8178823529411765,9,2,1,0,0,0,0,0,0,0,1,0,1,alto
2,10000.0,18,0.8888888888888888,2,4,1,0,0,1,1,1,1,1,0,0,0,medio_alto
6,10000.0,10,1.0,1,4,1,0,0,0,1,1,1,1,0,0,0,baixo
1,10000.0,0,0.0,1,1,1,0,0,0,0,0,0,0,0,1,0,medio_alto
4,10000.0,5,0.4,2,2,1,0,0,0,1,1,0,0,0,0,0,alto
6,3500000.0,23900,0.9348117154811716,17,2,1,1,0,1,0,0,0,0,0,0,1,gratuito
3,10000.0,0,0.0,1,4,1,0,0,0,1,1,0,0,0,1,0,medio_alto
3,10000.0,50,0.84,1,2,1,0,0,0,1,0,0,1,0,0,0,medio_alto
2,10000.0,4,1.0,3,3,1,0,0,0,1,0,1,1,0,0,0,baixo
3,75000.0,543,0.7826887661141805,8,2,1,0,0,0,0,1,1,0,0,0,0,medio_baixo
7,10000.0,61,0.5081967213114754,2,3,1,0,0,0,1,0,1,1,0,0,0,medio_baixo
1,0.0,0,0.0,2,4,1,1,1,0,1,0,0,1,0,0,1,gratuito
2,10000.0,0,0.0,2,2,1,0,0,0,1,0,0,0,0,1,0,alto
1,10000.0,0,0.0,9,4,1,0,0,1,1,0,1,1,0,0,1,medio_baixo
9,10000.0,82,0.9512195121951219,3,3,1,0,1,0,1,1,1,0,0,0,0,baixo
4,10000.0,15,0.7333333333333333,1,2,1,0,0,0,1,0,0,0,0,0,0,gratuito
1,10000.0,15,0.9333333333333333,2,2,1,0,0,0,0,0,1,1,0,0,0,alto
2,0.0,0,0.0,1,3,1,0,0,0,1,1,0,1,0,0,0,gratuito
5,10000.0,3,0.3333333333333333,1,1,1,0,0,0,0,1,0,0,0,0,0,alto
8,10000.0,9,0.2222222222222222,1,4,1,0,0,0,1,1,0,1,1,0,0,baixo
1,0.0,0,0.0,2,4,1,1,0,0,0,1,1,0,0,1,0,gratuito
1,10000.0,0,0.0,1,1,1,0,0,0,0,0,0,1,0,0,0,medio_baixo
8,10000.0,204,0.946078431372549,4,3,1,1,1,2,1,0,1,1,0,0,0,medio_baixo
4,10000.0,80,0.7125,1,3,1,0,0,0,1,1,1,0,0,0,0,baixo
10,10000.0,12,0.5,1,1,1,0,0,0,0,0,0,1,0,0,0,medio_alto
6,35000.0,301,0.8803986710963455,16,1,1,1,0,0,0,0,0,0,0,0,1,medio_alto
1,0.0,0,0.0,0,0,1,0,0,0,0,0,0,0,0,0,0,gratuito
7,10000.0,29,0.4482758620689655,1,5,1,0,0,0,1,1,1,1,0,0,0,baixo
12,35000.0,68,0.75,1,4,1,0,0,1,1,0,1,1,1,0,0,baixo
4,10000.0,8,0.875,1,4,1,0,1,1,1,0,1,1,1,0,0,medio_alto
2,10000.0,1,1.0,13,4,1,1,1,0,1,1,1,0,0,1,0,medio_baixo
7,10000.0,59,0.3050847457627119,1,6,1,0,0,0,1,1,1,0,0,0,1,medio_alto
2,10000.0,0,0.0,1,4,1,0,0,0,0,0,0,0,0,0,0,gratuito
3,10000.0,21,0.3333333333333333,1,4,1,0,0,0,1,0,0,1,0,1,1,baixo
13,150000.0,370,0.8243243243243243,1,2,1,1,1,0,1,1,0,0,0,0,0,medio_alto
14,3500000.0,16015,0.9315641586013113,8,4,1,0,0,5,1,1,0,0,0,1,1,medio_alto
12,35000.0,81,0.7901234567901234,11,3,1,1,0,0,1,1,0,0,0,1,0,alto
3,10000.0,24,0.9583333333333334,6,2,1,1,1,1,0,1,0,0,0,1,0,medio_alto
1,35000.0,784,0.9693877551020408,2,2,1,0,0,1,1,0,0,0,1,0,0,medio_alto
1,0.0,0,0.0,0,0,1,0,0,0,0,0,0,0,0,0,0,gratuito
3,0.0,0,0.0,10,5,1,0,0,1,1,0,1,1,1,0,1,baixo
4,10000.0,2,1.0,1,3,1,0,0,0,1,1,0,1,0,0,0,baixo
6,10000.0,4,0.5,1,6,1,0,0,0,1,0,1,1,1,1,1,medio_baixo
5,10000.0,2,1.0,1,2,1,1,0,0,0,1,0,0,0,1,0,medio_baixo
1,10000.0,2,1.0,1,4,1,0,0,0,1,0,0,1,1,1,0,medio_alto
5,10000.0,25,0.84,3,2,1,0,0,0,1,1,0,0,0,0,0,medio_alto
2,10000.0,0,0.0,6,2,1,1,1,0,1,0,0,1,0,0,0,baixo
1,10000.0,0,0.0,11,5,1,0,0,0,1,0,1,1,0,0,1,alto
2,10000.0,4,1.0,1,2,1,0,0,0,1,0,0,0,0,0,1,baixo
8,10000.0,13,0.5384615384615384,1,4,1,0,0,0,1,0,0,1,0,1,1,alto
2,150000.0,1486,0.8775235531628532,12,2,1,0,0,2,1,0,0,0,0,1,0,alto
1,0.0,0,0.0,30,4,1,0,0,0,1,0,1,1,0,0,1,medio_alto
5,10000.0,17,0.47058823529411764,5,6,1,0,0,0,1,1,1,1,0,1,1,alto
9,35000.0,101,0.44554455445544555,7,3,1,0,0,0,1,0,0,0,0,0,1,baixo
1,0.0,0,0.0,0,0,1,0,0,0,0,0,0,0,0,0,0,gratuito
12,750000.0,6366,0.862708136977694,1,3,1,1,1,1,1,1,0,1,0,0,0,baixo
4,10000.0,5,0.6,7,2,1,0,0,0,1,1,0,0,0,0,0,alto
5,10000.0,2,1.0,1,1,1,0,0,0,0,0,1,0,0,0,0,medio_alto
3,35000.0,823,0.8347509113001215,1,6,1,0,0,0,1,1,1,1,0,0,1,medio_alto
9,10000.0,32,0.8125,7,2,1,0,0,1,1,0,1,0,0,0,0,medio_alto
1,35000.0,341,0.39882697947214074,9,1,1,0,0,0,0,1,0,0,0,0,0,medio_alto
2,10000.0,30,0.9666666666666667,1,1,1,0,0,1,0,1,0,0,0,0,0,medio_baixo
10,75000.0,670,0.9417910447761194,5,1,1,1,1,0,0,1,0,0,0,0,0,gratuito
2,0.0,0,0.0,103,3,1,0,1,3,1,0,0,1,0,0,0,gratuito
4,75000.0,57,0.5614035087719298,1,4,1,0,0,0,1,1,1,0,0,0,0,gratuito
8,10000.0,2,0.5,3,2,1,1,0,0,1,0,0,0,0,1,0,medio_alto
2,10000.0,3,0.6666666666666666,10,2,1,0,0,0,1,0,0,1,0,0,0,baixo
4,0.0,0,0.0,0,0,1,0,0,0,0,0,0,0,0,0,0,gratuito
3,10000.0,17,0.6470588235294118,2,3,1,0,0,0,1,1,1,0,0,0,0,baixo
2,10000.0,0,0.0,5,2,1,1,1,0,1,0,0,0,0,0,0,alto
5,35000.0,8,0.75,16,4,1,1,0,0,1,1,0,1,0,0,1,baixo
9,150000.0,1,1.0,1,1,1,0,0,0,0,0,0,0,0,0,0,gratuito
2,10000.0,2,1.0,12,4,1,0,0,0,1,0,0,0,0,1,1,medio_baixo
1,0.0,0,0.0,0,0,1,0,0,0,0,0,0,0,0,0,0,gratuito
4,0.0,0,0.0,0,0,1,0,0,0,0,0,0,0,0,0,0,gratuito
4,10000.0,1,0.0,2,2,1,0,0,0,1,1,0,0,0,0,0,alto
2,0.0,0,0.0,0,0,1,0,0,0,0,0,0,0,0,0,0,gratuito
7,35000.0,368,0.9510869565217391,5,2,1,0,0,0,1,1,0,0,0,0,0,alto
2,10000.0,6,0.6666666666666666,1,2,1,0,0,0,1,0,0,0,0,1,0,medio_alto
6,10000.0,4,1.0,1,2,1,1,0,0,1,0,0,0,0,1,0,alto
3,10000.0,2,0.5,1,2,1,0,0,0,0,1,0,0,0,0,0,medio_alto
8,10000.0,30,0.8666666666666667,1,4,1,1,1,0,1,1,0,1,0,0,1,gratuito
2,0.0,0,0.0,8,4,1,0,0,0,0,0,1,0,1,1,0,gratuito
2,10000.0,5,1.0,1,1,1,1,0,0,0,0,1,0,0,0,0,alto
8,75000.0,536,0.6921641791044776,10,2,1,1,0,1,1,0,1,0,0,0,0,medio_baixo
4,10000.0,0,0.0,1,3,1,1,1,0,1,0,0,1,0,0,1,baixo
1,0.0,0,0.0,1,3,1,1,1,0,1,1,1,0,0,0,0,medio_alto
3,10000.0,13,0.7692307692307693,10,3,1,0,0,0,1,1,0,0,1,0,0,medio_alto
8,10000.0,1,1.0,1,4,1,1,1,0,1,0,0,1,0,1,1,alto
1,0.0,0,0.0,0,0,1,0,0,0,0,0,0,0,0,0,0,gratuito
10,10000.0,29,0.3103448275862069,1,2,1,0,0,0,1,1,0,0,0,0,0,medio_baixo
5,35000.0,5,0.8,2,4,1,0,0,0,1,1,1,0,0,1,0,medio_baixo
5,0.0,0,0.0,0,0,1,0,0,0,0,0,0,0,0,0,0,gratuito
6,10000.0,62,0.7419354838709677,11,2,1,0,0,0,1,1,0,0,0,0,0,baixo
8,10000.0,4,0.75,1,6,1,1,1,0,1,1,1,0,1,1,0,medio_alto
5,10000.0,4,0.25,1,2,1,0,0,0,0,1,0,0,0,0,1,medio_alto
1,10000.0,0,0.0,5,5,1,0,0,0,1,0,1,0,0,1,1,alto
1,0.0,0,0.0,1,2,1,0,0,0,1,0,0,1,0,0,0,medio_alto
9,10000.0,41,0.8780487804878049,6,3,1,0,0,0,1,0,1,1,0,0,0,alto
3,10000.0,4,0.75,10,2,1,0,0,1,0,0,0,0,0,1,1,medio_alto
8,10000.0,27,0.7407407407407407,1,3,1,1,0,0,1,1,0,1,0,0,0,baixo
3,10000.0,85,0.6352941176470588,10,7,1,1,0,0,1,0,1,1,1,1,1,baixo
1,10000.0,0,0.0,1,3,1,0,0,5,1,0,0,1,0,1,0,baixo
6,10000.0,144,0.7361111111111112,2,4,1,0,0,1,1,0,1,0,1,0,1,baixo
3,10000.0,2,1.0,1,2,1,0,0,0,0,0,0,1,0,0,1,alto
6,10000.0,29,1.0,2,2,1,0,0,1,1,0,1,0,0,0,0,medio_alto
11,35000.0,117,0.28205128205128205,1,4,1,0,0,0,1,1,1,1,0,0,0,medio_alto
5,350000.0,3581,0.9427534208321697,1,5,1,1,1,0,1,0,1,1,1,0,1,alto
1,10000.0,0,0.0,2,2,1,1,1,0,0,0,1,0,0,0,0,medio_alto
4,10000.0,3,1.0,1,1,1,0,0,0,0,0,0,0,0,1,0,baixo
2,10000.0,550,0.8781818181818182,1,4,1,0,1,0,1,1,1,0,1,0,0,alto
9,10000.0,58,0.8448275862068966,1,3,1,0,0,1,1,0,0,0,1,1,0,gratuito
12,350000.0,908,0.5286343612334802,1,3,1,1,1,0,1,0,1,1,0,0,0,medio_baixo
4,10000.0,20,0.95,2,2,1,1,1,0,0,0,0,0,0,1,1,medio_baixo
2,0.0,0,0.0,1,5,1,0,0,0,1,1,1,1,0,0,0,gratuito
9,35000.0,212,0.44339622641509435,1,5,1,0,0,0,1,1,1,0,1,0,0,gratuito
1,10000.0,0,0.0,3,5,1,0,0,0,1,1,1,0,1,0,0,gratuito
6,10000.0,10,0.7,1,3,1,0,0,0,1,1,1,0,0,0,0,baixo
2,35000.0,6,0.3333333333333333,1,4,1,0,0,0,1,1,0,0,0,0,1,baixo
7,10000.0,24,0.4166666666666667,1,1,1,0,0,0,0,0,0,0,0,0,0,gratuito
3,10000.0,0,0.0,2,2,1,0,0,0,1,0,0,0,0,1,0,medio_alto
6,35000.0,13,0.9230769230769231,1,2,1,0,0,0,0,0,0,0,0,0,0,medio_baixo
5,10000.0,44,0.6590909090909091,1,1,1,1,0,0,0,0,0,1,0,0,0,medio_baixo
3,10000.0,1,1.0,2,4,1,0,0,0,1,1,1,1,0,0,0,medio_baixo
5,35000.0,11,0.7272727272727273,1,5,1,1,1,1,1,1,1,1,1,0,0,medio_alto
5,0.0,0,0.0,1,3,1,0,0,0,0,1,1,0,0,0,0,gratuito
6,10000.0,26,0.5384615384615384,1,4,1,0,0,0,0,1,1,0,0,0,0,gratuito
1,0.0,0,0.0,1,4,1,0,0,0,1,1,0,1,0,0,0,baixo
11,10000.0,7,0.14285714285714285,1,4,1,0,0,0,1,0,0,1,0,0,1,alto
2,10000.0,13,1.0,5,3,1,0,0,0,0,1,0,0,1,1,0,alto
1,10000.0,4,0.75,1,3,1,0,0,0,0,1,1,0,1,0,0,alto
2,10000.0,0,0.0,4,1,1,1,1,0,0,0,1,0,0,0,0,baixo
3,10000.0,7,0.7142857142857143,2,3,1,0,0,2,1,1,0,0,1,0,0,medio_baixo
1,0.0,0,0.0,0,0,1,0,0,0,0,0,0,0,0,0,0,gratuito
1,0.0,0,0.0,1,3,1,0,0,0,1,0,1,1,0,0,0,alto
5,10000.0,3,0.3333333333333333,2,4,1,0,0,0,1,1,1,1,0,0,0,medio_alto
2,0.0,0,0.0,103,2,1,0,0,0,1,0,0,1,0,0,0,baixo
6,150000.0,325,0.48615384615384616,14,5,1,0,0,0,1,1,0,0,1,0,0,gratuito
4,10000.0,0,0.0,1,4,1,0,0,0,1,0,0,1,0,0,0,alto
2,10000.0,3,1.0,1,3,1,0,0,0,1,0,0,1,0,1,0,medio_alto
1,10000.0,0,0.0,1,2,1,0,0,0,1,1,0,0,0,0,0,baixo
4,35000.0,106,0.7547169811320755,1,3,1,0,0,0,0,0,0,1,0,0,1,alto
1,0.0,0,0.0,18,3,1,0,0,1,0,1,1,0,1,0,0,gratuito
1,10000.0,0,0.0,3,4,1,0,0,0,1,0,0,1,1,0,1,medio_baixo
3,10000.0,0,0.0,1,2,1,0,0,0,1,0,0,0,0,0,1,alto
2,10000.0,2,1.0,2,2,1,0,0,0,1,1,0,0,0,0,0,medio_baixo
1,0.0,0,0.0,0,0,1,0,0,0,0,0,0,0,0,0,0,gratuito
7,75000.0,230,0.8043478260869565,1,4,1,1,1,0,1,0,0,1,1,0,1,alto
5,0.0,0,0.0,1,3,1,0,0,0,1,0,0,1,0,0,0,gratuito
5,35000.0,2,0.5,5,2,1,0,0,0,1,1,0,0,0,0,0,medio_alto
4,75000.0,3,0.6666666666666666,1,1,1,0,0,0,0,1,0,0,0,0,0,medio_baixo
8,35000.0,3,0.6666666666666666,1,2,1,0,0,0,1,0,0,0,0,1,0,medio_alto
1,10000.0,0,0.0,8,3,1,0,0,4,0,0,1,1,0,0,1,alto
5,350000.0,4681,0.9124118778038881,1,4,1,1,0,0,1,0,0,0,1,0,1,alto
1,10000.0,13,1.0,30,5,1,0,0,0,1,1,0,1,0,0,1,baixo
3,10000.0,3,1.0,1,1,1,1,0,0,0,0,0,0,0,1,0,baixo
9,350000.0,7260,0.5431129476584022,11,1,1,0,0,1,0,0,0,0,0,1,0,alto
8,150000.0,762,0.5118110236220472,1,5,1,1,1,0,1,0,1,0,1,0,0,gratuito
6,3500000.0,31352,0.9337522327124267,15,9,1,0,0,0,1,1,1,0,0,0,0,medio_baixo
1,0.0,0,0.0,103,2,1,0,0,0,1,0,0,1,0,0,0,medio_baixo
9,150000.0,628,0.9394904458598726,6,3,1,1,1,2,0,1,1,0,1,0,0,medio_alto
12,35000.0,53,0.3018867924528302,1,1,1,0,0,0,0,0,0,0,0,0,0,baixo
3,10000.0,61,0.9836065573770492,4,2,1,0,0,0,1,0,1,0,0,0,0,medio_baixo
8,35000.0,109,0.9174311926605505,2,5,1,1,1,0,1,0,1,1,1,0,1,gratuito
4,10000.0,1,1.0,1,5,1,0,0,0,0,1,1,1,0,1,0,medio_alto
8,10000.0,165,0.9151515151515152,3,2,1,0,0,0,0,0,1,0,0,0,0,gratuito
9,10000.0,130,0.9615384615384616,2,1,1,1,1,0,0,0,1,0,0,0,0,alto
8,10000.0,28,0.7857142857142857,1,3,1,0,0,0,1,1,1,0,0,0,0,gratuito
7,10000.0,0,0.0,1,3,1,0,0,0,1,0,1,1,0,0,0,alto
5,10000.0,0,0.0,2,3,1,1,0,0,1,0,1,0,0,0,1,alto
4,0.0,0,0.0,0,0,1,0,0,0,0,0,0,0,0,0,0,gratuito
7,10000.0,3,1.0,1,4,1,0,0,0,1,1,0,1,0,0,0,alto
2,10000.0,12,1.0,1,3,1,0,0,0,1,0,1,0,1,0,0,medio_baixo
4,350000.0,2195,0.8018223234624146,8,5,1,0,0,0,0,1,1,0,0,0,1,alto
1,10000.0,0,0.0,1,3,1,0,0,0,1,0,1,1,0,0,0,medio_alto
2,10000.0,82,0.7195121951219512,5,3,1,0,0,0,1,0,1,0,1,0,0,alto
2,0.0,0,0.0,0,0,1,0,0,0,0,0,0,0,0,0,0,gratuito
6,750000.0,31226,0.9885351950297828,4,2,1,0,0,0,0,0,1,1,0,0,0,alto
1,10000.0,0,0.0,1,2,1,0,0,0,1,0,1,0,0,0,0,alto
1,10000.0,0,0.0,18,4,1,0,0,0,0,1,1,0,1,0,0,gratuito
1,10000.0,9,0.4444444444444444,1,3,1,0,0,0,0,0,0,1,0,1,1,medio_baixo
3,750000.0,14237,0.9131137177776217,11,3,1,0,0,3,1,1,1,0,0,0,0,alto
1,0.0,0,0.0,0,0,1,0,0,0,0,0,0,0,0,0,0,gratuito
14,1500000.0,24310,0.9359934183463595,5,1,1,1,1,0,0,0,0,0,1,0,0,medio_alto
4,0.0,0,0.0,1,1,1,1,0,0,0,0,0,1,0,0,0,gratuito
8,10000.0,78,0.5512820512820513,2,2,1,0,0,0,1,0,0,1,0,0,0,gratuito
6,35000.0,33,0.7575757575757576,14,5,1,0,1,1,1,1,0,1,1,1,0,baixo
5,0.0,0,0.0,1,3,1,0,0,0,1,1,0,0,0,0,0,gratuito
2,35000.0,173,0.9364161849710982,5,3,1,0,1,0,1,0,0,1,0,1,0,alto
7,10000.0,19,0.9473684210526315,1,1,1,1,0,0,0,1,0,0,0,0,0,baixo
7,10000.0,133,0.5864661654135338,1,4,1,0,0,0,1,1,0,0,1,1,0,alto
5,10000.0,0,0.0,1,4,1,0,0,0,1,0,0,0,0,1,1,medio_alto
5,10000.0,0,0.0,1,4,1,1,0,0,0,1,1,1,0,1,0,alto
3,10000.0,3,0.0,1,2,1,0,0,0,0,1,0,0,0,1,0,baixo
1,0.0,0,0.0,1,3,1,0,0,0,0,1,1,0,1,0,0,alto
12,10000.0,123,0.9105691056910569,2,2,1,1,0,0,1,0,1,0,0,0,0,medio_alto
1,10000.0,2,1.0,1,2,1,0,0,0,1,0,0,1,0,0,0,medio_alto
7,10000.0,76,0.6578947368421053,2,3,1,0,0,2,1,0,1,1,0,0,0,baixo
8,10000.0,294,0.9489795918367347,10,2,1,1,0,1,1,0,1,0,0,0,0,medio_baixo
2,35000.0,1,1.0,2,1,1,0,0,0,0,0,0,0,0,1,0,baixo
2,10000.0,1,1.0,2,2,1,0,0,0,1,0,0,0,0,1,0,medio_baixo
10,75000.0,177,0.807909604519774,1,6,1,0,0,0,1,1,1,1,1,1,0,baixo
1,0.0,0,0.0,0,0,1,0,0,0,0,0,0,0,0,0,0,gratuito
1,0.0,0,0.0,1,5,1,0,0,0,1,1,1,0,1,1,0,alto
1,10000.0,2,0.5,1,3,1,1,0,0,0,0,1,1,0,1,0,alto
8,10000.0,4,1.0,1,1,1,0,0,0,0,0,0,1,0,0,0,medio_baixo
4,10000.0,15,0.8666666666666667,2,2,1,0,0,0,1,0,0,1,0,0,0,medio_baixo
1,0.0,0,0.0,1,4,1,0,0,0,0,0,0,1,0,1,1,baixo
1,0.0,0,0.0,2,5,1,1,0,0,0,0,0,0,1,1,1,gratuito
1,10000.0,0,0.0,2,1,1,0,0,1,0,1,0,0,0,0,0,alto
3,0.0,0,0.0,1,4,1,0,0,0,1,1,1,0,0,0,0,gratuito
7,35000.0,897,0.5975473801560758,6,2,1,1,0,0,1,1,0,0,0,0,0,medio_alto
4,75000.0,16,0.625,1,4,1,1,0,0,0,1,1,1,1,0,0,medio_alto
5,10000.0,11,0.7272727272727273,0,1,1,0,0,0,1,0,0,0,0,0,0,alto
1,10000.0,17,0.9411764705882353,11,3,1,1,0,0,1,0,0,1,0,0,1,medio_baixo
5,10000.0,24,0.9166666666666666,1,3,1,0,0,0,1,0,1,1,0,0,0,medio_baixo
2,10000.0,1,1.0,1,4,1,0,0,0,1,1,1,1,0,0,0,baixo
3,0.0,0,0.0,1,4,1,0,0,0,1,0,0,1,0,0,1,gratuito
2,10000.0,15,1.0,1,2,1,0,0,0,1,1,0,0,0,0,0,alto
11,35000.0,49,0.7346938775510204,1,2,1,1,1,0,1,0,1,0,0,0,0,baixo
7,10000.0,9,0.8888888888888888,1,3,1,0,0,0,1,1,0,0,0,0,0,alto
8,10000.0,43,0.4883720930232558,1,2,1,1,1,0,1,0,0,1,0,0,0,baixo
5,0.0,0,0.0,1,4,1,0,0,0,1,0,1,0,1,0,0,gratuito
1,0.0,0,0.0,30,1,1,0,0,1,0,0,0,0,0,0,0,gratuito
11,750000.0,10470,0.9324737344794651,1,2,1,1,0,0,1,0,0,0,0,0,1,medio_alto
4,10000.0,0,0.0,12,7,1,1,1,0,0,1,1,1,0,1,0,gratuito
6,75000.0,137,0.38686131386861317,16,2,1,0,0,1,1,0,0,0,0,0,1,gratuito
10,10000.0,28,0.6071428571428571,1,3,1,1,1,0,1,0,0,0,0,0,1,medio_baixo
5,0.0,0,0.0,0,0,1,0,0,0,0,0,0,0,0,0,0,gratuito
6,10000.0,0,0.0,1,4,1,1,0,0,0,1,1,0,1,0,1,alto
2,10000.0,0,0.0,7,3,1,0,0,0,1,0,1,1,0,0,0,medio_baixo
1,10000.0,0,0.0,1,1,1,0,0,0,0,0,0,1,0,0,0,medio_alto
2,10000.0,4,1.0,1,4,1,0,0,0,1,1,1,0,0,1,0,medio_baixo
5,10000.0,0,0.0,3,2,1,0,0,0,1,0,1,0,0,0,0,baixo
1,35000.0,9,1.0,4,2,1,0,0,0,1,0,0,0,0,1,0,medio_baixo
1,10000.0,3,0.3333333333333333,4,2,1,0,0,0,1,0,1,0,0,0,0,baixo
1,10000.0,490,0.8469387755102041,1,2,1,0,0,0,0,1,0,0,0,0,0,alto
7,10000.0,30,0.8666666666666667,5,9,1,0,0,0,1,1,1,1,1,1,1,medio_baixo
1,0.0,0,0.0,0,0,1,0,0,0,0,0,0,0,0,0,0,gratuito
7,35000.0,2,0.0,1,3,1,1,1,0,1,1,0,1,0,0,0,baixo
2,10000.0,54,0.6481481481481481,12,5,1,0,0,0,1,1,0,1,0,0,1,medio_alto
3,10000.0,0,0.0,1,4,1,0,0,0,0,0,1,1,0,0,1,gratuito
8,10000.0,3,0.3333333333333333,7,3,1,0,0,0,1,1,1,0,0,0,0,medio_baixo
9,10000.0,63,0.8095238095238095,3,3,1,0,0,0,1,1,0,0,0,0,0,alto
1,10000.0,0,0.0,16,2,1,1,1,0,1,0,0,1,0,0,0,baixo
2,10000.0,3,0.6666666666666666,7,1,1,0,0,0,0,0,0,0,0,0,1,medio_alto
1,0.0,0,0.0,8,4,1,0,0,0,0,0,0,1,0,1,1,gratuito
1,0.0,0,0.0,0,0,1,0,0,0,0,0,0,0,0,0,0,gratuito
4,10000.0,82,0.7195121951219512,2,1,1,0,1,0,0,0,0,0,0,0,1,medio_baixo
3,10000.0,4,0.0,3,1,1,0,0,0,0,1,0,0,0,0,0,medio_baixo
2,10000.0,54,0.9629629629629629,10,3,1,0,0,1,1,1,0,1,0,0,0,medio_baixo
7,10000.0,4,1.0,3,5,1,0,0,0,1,1,0,0,0,0,1,alto
7,10000.0,37,0.5135135135135135,7,4,1,1,1,0,1,1,0,0,0,0,0,gratuito
7,10000.0,13,0.46153846153846156,1,2,1,0,0,0,1,0,1,0,0,0,0,alto
7,10000.0,222,0.7927927927927928,7,3,1,1,1,0,1,1,1,0,0,0,0,medio_alto
1,10000.0,0,0.0,2,4,1,0,0,0,1,1,1,1,0,0,0,medio_baixo
1,0.0,0,0.0,0,0,1,0,0,0,0,0,0,0,0,0,0,gratuito
11,350000.0,8200,0.9659756097560975,9,3,1,0,0,0,1,1,1,0,0,0,0,baixo
1,10000.0,22,1.0,14,4,1,1,1,0,1,1,1,1,0,0,0,baixo
2,10000.0,49,0.8571428571428571,1,3,1,0,0,0,1,0,1,0,0,0,1,medio_baixo
2,10000.0,0,0.0,1,3,1,0,0,0,0,0,0,1,0,0,1,medio_alto
3,0.0,0,0.0,103,3,1,0,0,0,1,1,1,0,0,0,0,medio_baixo
6,10000.0,380,0.7052631578947368,7,3,1,0,0,0,1,1,1,0,0,0,0,medio_alto
3,10000.0,187,0.8609625668449198,1,2,1,0,0,1,1,0,1,0,0,0,0,alto
7,10000.0,30,0.8666666666666667,6,4,1,0,0,0,1,1,0,1,0,1,0,medio_alto
5,10000.0,7,0.8571428571428571,1,2,1,0,0,0,1,1,0,0,0,0,0,baixo
2,10000.0,2,1.0,1,2,1,0,0,0,0,0,0,1,1,0,0,alto
1,0.0,0,0.0,1,4,1,0,0,0,1,0,1,1,0,0,1,medio_baixo
7,1500000.0,25091,0.8117651747638596,11,2,1,0,0,35,0,0,0,0,0,1,1,alto
3,10000.0,55,0.6,10,2,1,1,0,0,1,0,0,1,0,0,0,baixo
7,10000.0,50,0.96,1,3,1,1,0,1,1,0,1,0,1,0,0,medio_alto
6,10000.0,2,0.5,15,1,1,0,0,0,0,0,0,1,0,0,0,medio_baixo
1,10000.0,0,0.0,7,1,1,0,0,0,0,0,0,1,0,0,0,medio_alto
2,150000.0,106,0.6886792452830188,1,4,1,0,0,3,1,1,0,0,0,1,0,gratuito
1,10000.0,0,0.0,1,1,1,0,0,0,0,0,0,1,0,0,0,alto
6,10000.0,1,1.0,1,4,1,0,0,0,1,1,1,1,0,0,0,medio_baixo
1,10000.0,0,0.0,1,3,1,0,0,0,1,1,0,0,1,0,0,medio_baixo
2,10000.0,0,0.0,2,1,1,0,0,0,0,0,0,1,0,0,0,alto
5,350000.0,4840,0.9495867768595041,14,2,1,0,1,2,0,0,0,1,1,0,0,baixo
8,10000.0,7,0.2857142857142857,1,2,1,0,0,0,1,0,1,0,0,0,0,gratuito
5,10000.0,20,0.5,2,1,1,0,0,0,1,0,0,0,0,0,0,gratuito
2,0.0,0,0.0,0,0,1,0,0,0,0,0,0,0,0,0,0,gratuito
2,0.0,0,0.0,1,2,1,0,0,0,0,0,0,0,0,0,1,gratuito
1,0.0,0,0.0,1,2,1,0,0,0,0,1,0,0,0,0,0,gratuito
4,0.0,0,0.0,0,0,1,0,0,0,0,0,0,0,0,0,0,gratuito
5,150000.0,782,0.7493606138107417,9,1,1,0,0,19,0,1,0,0,0,0,0,alto
1,1500000.0,4296,0.8575418994413407,8,3,1,0,0,0,1,1,0,0,1,0,0,alto
12,0.0,0,0.0,7,2,1,0,0,0,0,0,0,1,0,1,0,medio_alto
3,10000.0,0,0.0,3,4,1,0,0,0,1,1,0,1,0,0,0,alto
4,10000.0,4,0.75,12,3,1,0,1,0,0,1,1,0,0,1,0,baixo
1,75000.0,529,0.5841209829867675,7,2,1,0,0,0,1,0,0,0,0,1,0,alto
3,10000.0,0,0.0,2,1,1,0,0,0,0,0,0,0,0,0,1,alto
9,0.0,0,0.0,1,3,1,0,0,0,0,1,0,1,0,0,0,medio_alto
9,10000.0,2,0.5,1,2,1,0,0,0,1,1,0,0,0,0,0,medio_alto
5,350000.0,2912,0.8918269230769231,9,3,1,0,0,0,0,1,0,0,1,0,1,gratuito
2,10000.0,1,0.0,1,1,1,0,0,0,1,0,0,0,0,0,0,alto
2,0.0,0,0.0,2,3,1,0,0,0,1,0,0,0,0,1,0,gratuito
5,35000.0,3,1.0,1,1,1,0,0,0,1,0,0,0,0,0,0,medio_alto
3,10000.0,9,0.7777777777777778,1,6,1,0,0,0,1,1,0,1,1,0,0,gratuito
8,35000.0,909,0.9262926292629263,2,2,1,0,0,0,0,1,0,0,1,0,0,alto
7,35000.0,329,0.9544072948328267,2,1,1,0,0,0,1,0,0,0,0,0,0,medio_alto
3,35000.0,377,0.6737400530503979,3,3,1,0,0,0,1,1,0,0,1,0,0,medio_alto
5,10000.0,7,0.8571428571428571,1,1,1,0,0,0,0,0,0,1,0,0,0,baixo
4,750000.0,5307,0.8155266628980592,10,2,1,0,0,5,1,1,0,0,0,0,0,alto
2,75000.0,6,1.0,1,4,1,0,0,0,1,0,1,1,0,1,0,baixo
1,0.0,0,0.0,1,3,1,0,0,0,1,0,1,0,0,0,0,gratuito
6,75000.0,103,0.9029126213592233,1,4,1,1,0,0,1,1,0,1,0,0,0,gratuito
1,10000.0,1,1.0,1,4,1,0,0,0,1,1,0,0,0,1,0,alto
1,10000.0,3,0.6666666666666666,3,3,1,0,0,0,0,0,1,1,0,1,0,medio_baixo
3,10000.0,75,0.9333333333333333,5,3,1,0,0,1,1,1,1,0,0,0,0,alto
9,10000.0,51,0.9019607843137255,1,2,1,0,0,0,0,0,1,0,0,0,0,gratuito
8,10000.0,17,0.8823529411764706,1,3,1,0,0,0,1,1,1,0,0,0,0,baixo
7,75000.0,421,0.8741092636579573,1,2,1,0,0,0,1,0,0,0,0,0,0,gratuito
2,35000.0,4,1.0,2,2,1,1,0,1,1,0,1,0,0,0,0,baixo
8,35000.0,6,0.6666666666666666,4,2,1,0,0,0,1,0,0,0,0,1,0,baixo
3,10000.0,2,1.0,2,1,1,0,0,0,0,0,0,1,0,0,0,alto
10,75000.0,504,0.8670634920634921,1,3,1,1,0,2,1,0,1,0,1,0,0,medio_alto
3,10000.0,0,0.0,1,2,1,0,0,0,0,1,0,0,0,1,0,alto
8,35000.0,181,0.8784530386740331,8,2,1,1,1,1,1,0,0,1,0,0,0,baixo
1,10000.0,90,0.8444444444444444,3,5,1,0,0,0,1,1,1,1,0,0,1,medio_baixo
6,150000.0,5,0.6,1,3,1,1,0,0,0,0,0,1,1,0,1,gratuito
6,10000.0,28,0.9285714285714286,1,4,1,0,0,0,0,0,1,1,1,0,0,gratuito
6,10000.0,4,1.0,1,3,1,0,0,0,1,0,1,1,0,0,0,medio_alto
5,75000.0,399,0.87468671679198,1,2,1,1,1,0,1,0,0,0,0,0,0,gratuito
11,35000.0,33,0.5757575757575758,5,1,1,1,0,0,0,0,0,0,0,1,0,baixo
9,10000.0,56,0.9285714285714286,8,3,1,1,1,1,1,0,1,1,0,0,0,medio_baixo
1,0.0,0,0.0,0,0,1,0,0,0,0,0,0,0,0,0,0,gratuito
5,35000.0,23,0.7391304347826086,5,1,1,0,0,0,0,0,0,1,0,0,0,medio_baixo
9,350000.0,248,0.8830645161290323,103,2,1,0,1,0,1,1,0,0,0,0,0,baixo
8,10000.0,28,0.6785714285714286,1,2,1,0,0,0,1,1,0,0,0,0,0,medio_alto
1,0.0,0,0.0,33,6,1,1,0,0,0,0,0,1,0,1,1,gratuito
5,10000.0,70,0.7428571428571429,1,2,1,0,0,0,1,0,1,0,0,0,0,medio_baixo
2,10000.0,373,0.9758713136729222,14,2,1,0,0,0,1,1,0,0,0,0,0,medio_baixo
2,10000.0,41,0.7560975609756098,12,5,1,0,0,0,1,1,1,0,1,0,0,alto
1,10000.0,5,1.0,1,2,1,0,0,0,1,0,1,0,0,0,0,medio_baixo
6,10000.0,21,0.8095238095238095,1,3,1,0,0,0,1,0,1,1,0,0,0,baixo
5,10000.0,0,0.0,1,1,1,0,0,0,0,0,1,0,0,0,0,alto
3,10000.0,47,0.7021276595744681,2,3,1,0,0,0,0,0,0,1,0,0,1,baixo
1,0.0,0,0.0,1,2,1,0,0,1,0,0,0,0,0,0,0,gratuito
1,0.0,0,0.0,1,3,1,0,0,0,1,1,0,0,0,0,0,gratuito
1,10000.0,0,0.0,2,2,1,0,0,0,1,0,0,0,0,1,0,medio_baixo
3,10000.0,165,0.7696969696969697,8,2,1,1,0,1,0,1,1,0,0,0,0,medio_alto
5,0.0,0,0.0,0,0,1,0,0,0,0,0,0,0,0,0,0,gratuito
1,10000.0,0,0.0,1,1,1,0,0,1,0,0,0,1,0,0,0,medio_baixo
1,10000.0,20,0.8,13,3,1,0,0,0,1,0,0,0,1,1,0,medio_baixo
2,0.0,0,0.0,1,3,1,0,0,0,1,0,0,0,0,0,1,gratuito
11,75000.0,422,0.3056872037914692,9,1,1,0,0,0,0,0,0,1,0,0,0,gratuito
2,75000.0,1772,0.886568848758465,2,3,1,1,0,0,0,0,0,0,1,1,1,alto
5,35000.0,26,0.9230769230769231,6,3,1,0,0,0,1,0,0,1,0,1,0,baixo
3,0.0,0,0.0,103,2,1,0,0,0,0,1,1,0,0,0,0,baixo
7,10000.0,24,0.625,1,3,1,1,1,0,1,0,1,0,1,0,0,medio_alto
1,0.0,0,0.0,2,2,1,0,0,0,1,1,0,0,0,0,0,medio_baixo
10,1500000.0,12738,0.869838279164704,6,2,1,1,1,5,0,0,1,0,1,0,0,alto
8,10000.0,93,0.8494623655913979,4,2,1,1,0,0,1,0,0,0,1,0,0,gratuito
4,0.0,0,0.0,1,3,1,1,1,0,1,1,0,0,0,1,0,gratuito
5,150000.0,4015,0.7890410958904109,12,1,1,0,0,12,1,0,0,0,0,0,0,medio_alto
2,10000.0,31,1.0,9,5,1,0,0,0,1,0,1,1,1,1,0,medio_alto
1,0.0,0,0.0,1,4,1,0,0,0,1,1,0,0,0,1,0,gratuito
1,10000.0,0,0.0,1,3,1,1,1,0,1,0,0,0,1,0,0,medio_baixo
1,0.0,0,0.0,1,2,1,1,0,0,0,0,0,1,0,0,0,gratuito
5,10000.0,1,1.0,1,1,1,0,0,0,0,0,0,0,0,0,1,alto
18,10000.0,1553,0.8725048293625242,2,1,1,0,0,0,0,0,0,0,0,0,1,medio_baixo
3,0.0,0,0.0,4,3,1,0,0,0,0,0,0,0,0,1,1,gratuito
6,10000.0,8,0.75,2,5,1,0,0,0,1,0,1,0,1,1,0,alto
6,10000.0,11,0.7272727272727273,1,5,1,0,1,0,1,1,1,0,1,1,0,alto
3,150000.0,1242,0.5040257648953301,1,4,1,0,0,0,1,0,1,0,1,0,0,gratuito
1,10000.0,0,0.0,1,1,1,0,0,0,0,0,1,0,0,0,0,medio_alto
4,75000.0,5,0.0,1,3,1,0,0,3,1,1,0,1,0,0,0,medio_baixo
7,10000.0,13,1.0,1,4,1,0,0,0,1,0,0,0,0,0,1,gratuito
2,0.0,0,0.0,0,0,1,0,0,0,0,0,0,0,0,0,0,gratuito
10,10000.0,73,0.7808219178082192,2,3,1,0,0,0,0,1,1,0,0,0,1,medio_alto
5,0.0,0,0.0,1,2,1,0,0,0,0,0,0,0,1,0,0,gratuito
4,10000.0,10,0.5,1,1,1,0,0,0,0,0,1,0,0,0,0,alto
2,0.0,0,0.0,0,0,1,0,0,0,0,0,0,0,0,0,0,gratuito
8,10000.0,43,0.9069767441860465,27,2,1,0,0,0,1,0,0,1,0,0,0,baixo
1,10000.0,24,0.9583333333333334,1,2,1,0,1,1,1,0,1,0,0,0,0,alto
9,10000.0,5,0.0,1,1,1,0,0,0,0,1,0,0,0,0,0,baixo
4,10000.0,1,0.0,1,3,1,0,0,0,1,0,0,1,0,1,0,alto
4,35000.0,1,1.0,1,5,1,0,0,0,1,1,0,0,1,0,1,alto
2,10000.0,303,0.6864686468646864,11,3,1,0,0,0,1,0,0,1,0,0,1,medio_baixo
7,10000.0,105,0.7333333333333333,3,3,1,0,0,0,0,0,1,0,1,0,0,gratuito
3,0.0,0,0.0,0,0,1,0,0,0,0,0,0,0,0,0,0,gratuito
5,10000.0,0,0.0,13,2,1,0,0,2,1,0,0,1,0,0,0,baixo
3,10000.0,1,0.0,14,4,1,0,0,0,1,1,0,1,0,0,0,baixo
4,10000.0,0,0.0,1,1,1,0,0,1,0,0,0,1,0,0,0,baixo
10,10000.0,34,0.8823529411764706,8,2,1,1,1,1,1,1,0,0,0,0,0,alto
6,10000.0,0,0.0,1,5,1,0,0,0,1,0,1,1,1,0,1,baixo
3,10000.0,1,1.0,1,1,1,0,0,0,0,1,0,0,0,0,0,medio_baixo
2,10000.0,73,0.589041095890411,6,1,1,0,0,0,0,1,0,0,0,0,0,alto
1,0.0,0,0.0,0,0,1,0,0,0,0,0,0,0,0,0,0,gratuito
1,10000.0,0,0.0,1,2,1,1,1,1,1,0,1,0,0,0,0,alto
5,10000.0,22,0.6363636363636364,1,1,1,0,0,0,0,0,0,0,0,0,0,medio_baixo
3,10000.0,250,0.932,9,2,1,0,0,0,1,1,0,0,0,0,0,alto
2,10000.0,3,1.0,1,2,1,0,0,0,1,0,0,0,0,0,0,medio_baixo
6,10000.0,7,0.7142857142857143,1,3,1,0,0,0,1,0,0,1,0,0,0,alto
1,10000.0,0,0.0,1,4,1,0,0,0,1,1,1,0,0,0,1,alto
3,10000.0,2,0.5,1,4,1,0,0,0,1,1,0,0,1,0,0,alto
8,10000.0,73,0.547945205479452,2,3,1,0,0,2,1,0,1,0,1,0,0,baixo
1,10000.0,0,0.0,1,2,1,0,0,0,1,0,0,1,0,0,0,medio_baixo
4,10000.0,6,0.8333333333333334,1,4,1,0,0,0,0,0,0,1,0,1,0,gratuito
9,10000.0,17,0.29411764705882354,7,2,1,0,0,0,1,0,0,1,0,0,0,baixo
1,35000.0,9,0.5555555555555556,1,3,1,0,0,0,1,0,0,0,1,1,0,baixo
11,75000.0,176,0.4090909090909091,1,3,1,0,0,0,1,1,0,0,0,0,0,gratuito
5,10000.0,0,0.0,1,3,1,0,0,0,0,0,1,1,1,0,0,alto
2,10000.0,22,0.8181818181818182,9,5,1,0,0,0,1,0,1,0,1,1,0,medio_alto
2,10000.0,125,0.928,6,4,1,0,0,3,1,1,0,0,0,1,1,alto
10,10000.0,15,0.6666666666666666,2,2,1,0,0,0,1,1,0,0,0,0,0,medio_alto
1,0.0,0,0.0,1,3,1,0,0,0,0,0,1,0,1,0,1,alto
9,350000.0,4003,0.8088933300024981,9,3,1,0,0,41,1,1,1,0,0,0,0,alto
7,10000.0,47,0.6595744680851063,2,3,1,0,0,0,1,0,0,1,0,0,1,medio_baixo
9,10000.0,17,0.7647058823529411,1,3,1,0,0,0,1,1,0,1,0,0,0,baixo
3,10000.0,47,0.7872340425531915,9,4,1,0,0,0,0,1,1,0,0,0,1,medio_alto
3,10000.0,21,0.7142857142857143,9,3,1,0,0,0,1,1,1,0,0,0,0,alto
15,350000.0,615,0.6390243902439025,2,3,1,0,0,0,0,0,0,1,0,1,1,gratuito
2,10000.0,0,0.0,2,4,1,0,0,0,1,1,0,0,0,0,0,medio_baixo
2,10000.0,1,1.0,1,3,1,0,0,0,1,1,0,0,1,0,0,baixo
5,35000.0,6,0.16666666666666666,1,1,1,0,0,0,0,0,0,0,0,0,1,medio_baixo
1,10000.0,0,0.0,1,3,1,0,0,0,1,0,0,1,1,0,0,medio_baixo
1,0.0,0,0.0,6,2,1,0,0,0,0,0,1,0,0,0,0,gratuito
1,0.0,0,0.0,1,3,1,1,1,0,1,1,0,0,0,0,0,gratuito
3,10000.0,8,1.0,1,3,1,0,0,0,1,0,0,1,0,0,1,alto
1,10000.0,0,0.0,5,2,1,1,1,1,1,0,0,1,0,0,0,medio_baixo
4,10000.0,3,1.0,1,4,1,0,0,0,1,1,1,0,0,0,0,medio_baixo
6,10000.0,10,0.9,1,3,1,0,0,0,1,1,1,0,0,0,0,baixo
3,35000.0,13,0.9230769230769231,10,6,1,0,0,0,1,0,1,1,1,0,1,alto
3,10000.0,6,0.8333333333333334,1,2,1,0,0,0,1,0,0,1,0,0,0,medio_alto
9,75000.0,419,0.883054892601432,1,3,1,1,0,2,1,0,1,0,1,0,0,medio_baixo
3,0.0,0,0.0,4,5,1,0,0,0,1,0,1,1,0,1,1,baixo
5,10000.0,1,1.0,11,4,1,0,0,0,1,1,1,1,0,0,0,medio_baixo
1,0.0,0,0.0,103,4,1,1,1,0,1,0,1,1,1,0,0,baixo
6,1500000.0,125197,0.8790066854637092,20,3,1,0,0,0,0,1,1,0,1,0,0,gratuito
8,10000.0,11,0.36363636363636365,2,1,1,0,0,0,0,0,0,0,0,0,1,medio_baixo
10,75000.0,414,0.7995169082125604,6,2,1,0,0,4,0,1,0,0,0,0,0,medio_alto
6,10000.0,0,0.0,1,3,1,0,0,0,1,0,0,1,0,0,1,baixo
10,10000.0,51,0.7254901960784313,1,1,1,0,0,0,0,0,1,0,0,0,0,gratuito
3,0.0,0,0.0,0,0,1,0,0,0,0,0,0,0,0,0,0,gratuito
1,0.0,0,0.0,1,5,1,0,0,0,1,0,0,1,1,1,1,medio_alto
4,10000.0,19,0.5263157894736842,1,1,1,0,0,0,0,1,0,0,0,0,0,gratuito
4,75000.0,680,0.75,7,6,1,0,0,1,0,1,1,0,1,1,0,gratuito
4,10000.0,0,0.0,1,5,1,0,0,0,1,1,1,0,0,0,0,gratuito
7,10000.0,5,0.8,1,3,1,0,0,0,1,0,1,0,1,0,0,baixo
1,0.0,0,0.0,1,4,1,0,1,0,1,1,0,0,0,0,0,medio_alto
4,10000.0,44,0.7954545454545454,1,5,1,0,0,0,1,0,1,1,0,0,1,baixo
9,10000.0,21,0.42857142857142855,103,2,1,0,0,0,1,0,0,1,0,0,0,baixo
2,10000.0,2,0.5,1,3,1,0,0,0,1,0,1,0,1,0,0,medio_alto
2,0.0,0,0.0,103,9,1,1,1,0,1,1,1,1,1,1,1,alto
5,10000.0,4,0.75,1,5,1,0,0,0,1,1,0,1,0,1,1,medio_baixo
6,10000.0,35,0.4857142857142857,3,4,1,0,0,0,1,0,0,1,0,1,1,alto
2,10000.0,44,0.6136363636363636,4,1,1,0,0,0,0,0,1,0,0,0,0,alto
3,350000.0,6914,0.9472085623372867,9,3,1,1,1,5,1,1,1,0,0,0,0,alto
3,10000.0,321,0.9750778816199377,13,3,1,0,0,19,0,0,0,0,1,1,1,alto
5,10000.0,9,0.1111111111111111,2,1,1,0,0,0,1,0,0,0,0,0,0,baixo
1,0.0,0,0.0,0,0,1,0,0,0,0,0,0,0,0,0,0,gratuito
11,750000.0,5048,0.875594294770206,1,4,1,1,1,0,1,1,0,1,0,0,0,gratuito
4,35000.0,3,0.6666666666666666,1,3,1,0,0,0,0,1,1,0,0,0,1,baixo
6,75000.0,47,1.0,1,1,1,0,0,0,0,0,1,0,0,0,0,gratuito
1,0.0,0,0.0,4,2,1,0,0,0,1,0,0,1,0,0,0,medio_baixo
5,0.0,0,0.0,2,3,1,0,0,0,1,0,0,0,0,0,0,gratuito
1,0.0,0,0.0,0,0,1,0,0,0,0,0,0,0,0,0,0,gratuito
1,0.0,0,0.0,103,6,1,0,0,2,1,1,1,1,0,1,0,baixo
2,10000.0,2,0.5,3,4,1,0,0,0,1,1,1,0,1,0,0,baixo
1,0.0,0,0.0,1,3,1,0,0,0,1,1,0,0,0,0,0,gratuito
2,10000.0,14,0.7857142857142857,5,4,1,0,0,0,1,1,1,0,0,0,0,alto
5,10000.0,3,0.6666666666666666,1,4,1,0,0,0,1,1,1,1,0,0,0,baixo
8,35000.0,11,0.8181818181818182,1,3,1,1,0,0,1,1,0,1,0,0,0,baixo
8,10000.0,0,0.0,1,5,1,0,0,0,1,1,1,0,1,0,0,medio_baixo
6,150000.0,370,0.7216216216216216,3,2,1,0,0,1,1,0,0,0,1,0,0,medio_alto
4,0.0,0,0.0,103,5,1,0,0,0,1,0,1,1,0,1,1,medio_baixo
9,150000.0,752,0.7686170212765957,8,2,1,0,0,2,0,0,0,0,0,1,1,alto
1,10000.0,0,0.0,31,2,1,0,0,0,1,0,0,1,0,0,0,baixo
7,35000.0,55,0.8545454545454545,2,3,1,0,0,1,1,0,1,1,0,0,0,baixo
2,10000.0,0,0.0,31,2,1,0,0,0,1,0,0,1,0,0,0,baixo
5,35000.0,19,0.9473684210526315,1,3,1,1,1,1,1,0,1,0,1,0,0,baixo
10,35000.0,93,0.9032258064516129,12,3,1,1,1,0,1,1,1,0,0,0,0,medio_alto
3,10000.0,7,0.14285714285714285,2,5,1,0,0,0,1,0,1,1,1,1,0,baixo
6,10000.0,3,1.0,1,2,1,1,1,0,1,1,0,0,0,0,0,medio_alto
2,0.0,0,0.0,103,2,1,0,0,0,1,0,0,1,0,0,0,alto
1,10000.0,0,0.0,1,1,1,0,0,0,0,1,0,0,0,0,0,medio_baixo
5,10000.0,25,0.44,1,2,1,0,0,0,1,0,0,0,0,0,0,gratuito
5,10000.0,27,0.9629629629629629,8,3,1,1,0,0,1,1,0,1,0,0,0,alto
2,0.0,0,0.0,0,0,1,0,0,0,0,0,0,0,0,0,0,gratuito
1,10000.0,1,1.0,1,2,1,1,1,0,0,0,1,1,0,0,0,alto
7,10000.0,17,1.0,1,2,1,1,0,1,1,1,0,0,0,0,0,baixo
4,10000.0,96,0.8229166666666666,2,5,1,0,0,0,1,1,1,0,1,0,0,alto
10,350000.0,6272,0.9556760204081632,103,2,1,0,0,1,1,0,0,1,0,0,0,baixo
6,10000.0,2,1.0,10,3,1,1,1,0,1,0,0,1,0,1,0,medio_alto
3,10000.0,5,1.0,1,3,1,0,0,0,1,1,0,1,0,0,0,medio_alto
4,0.0,0,0.0,0,0,1,0,0,0,0,0,0,0,0,0,0,gratuito
1,0.0,0,0.0,0,0,1,0,0,0,0,0,0,0,0,0,0,gratuito
2,10000.0,33,0.9696969696969697,10,1,1,0,0,0,0,0,1,0,0,0,0,medio_alto
3,10000.0,50,0.76,4,2,1,0,0,0,1,0,0,0,0,1,0,medio_baixo
2,0.0,0,0.0,103,1,1,0,0,0,0,0,0,1,0,0,0,baixo
11,150000.0,756,0.503968253968254,3,3,1,1,0,0,0,0,0,1,0,1,0,gratuito
5,10000.0,0,0.0,1,3,1,0,1,0,1,1,0,0,0,0,0,medio_alto
3,0.0,0,0.0,1,5,1,0,1,0,1,1,0,1,0,1,0,gratuito
7,350000.0,1627,0.8236017209588199,1,4,1,0,0,0,1,0,0,1,0,1,0,gratuito
7,10000.0,1,1.0,1,4,1,0,0,0,1,1,0,1,0,0,0,medio_alto
8,10000.0,8,0.375,1,1,1,0,0,0,0,0,0,1,0,0,0,alto
1,10000.0,0,0.0,1,1,1,0,0,0,0,0,1,0,0,0,0,medio_alto
7,10000.0,241,0.5726141078838174,1,3,1,0,0,0,1,0,1,0,0,0,1,baixo
1,10000.0,0,0.0,3,2,1,0,0,0,0,0,0,0,1,0,0,gratuito
7,10000.0,0,0.0,10,2,1,0,0,3,1,0,0,1,0,0,0,medio_baixo
1,0.0,0,0.0,2,3,1,0,0,0,1,1,0,1,0,0,0,medio_alto
9,10000.0,36,0.5,1,5,1,1,0,0,1,0,0,1,0,1,0,gratuito
1,10000.0,0,0.0,1,5,1,0,0,0,0,1,1,1,0,1,1,medio_alto
3,10000.0,25,1.0,1,2,1,0,0,0,1,0,1,0,0,0,0,alto
3,0.0,0,0.0,1,4,1,0,0,0,0,1,0,0,1,0,0,gratuito
4,10000.0,7,0.42857142857142855,10,2,1,0,0,0,1,1,0,0,0,0,0,medio_alto
8,10000.0,0,0.0,1,4,1,0,0,0,1,1,1,0,0,0,0,gratuito
3,10000.0,21,0.8095238095238095,1,4,1,0,0,0,1,1,1,0,1,0,0,alto
9,750000.0,7191,0.8936170212765957,6,1,1,0,0,0,0,1,0,0,0,0,0,medio_alto
7,10000.0,87,0.8045977011494253,2,3,1,0,0,1,1,1,1,0,0,0,0,medio_baixo
4,10000.0,57,1.0,7,3,1,0,1,0,1,0,0,1,0,1,0,medio_alto
2,75000.0,1187,0.8534119629317607,1,4,1,0,0,0,1,1,1,0,0,0,0,alto
7,10000.0,11,1.0,2,3,1,0,0,0,1,1,1,0,0,0,0,baixo
4,150000.0,1192,0.886744966442953,14,3,1,0,0,0,1,1,0,0,0,0,0,medio_alto
1,10000.0,0,0.0,1,3,1,1,1,0,1,0,1,0,1,0,0,alto
2,10000.0,1,1.0,14,3,1,0,0,0,0,0,0,1,0,1,0,medio_baixo
3,0.0,0,0.0,0,0,1,0,0,0,0,0,0,0,0,0,0,gratuito
6,10000.0,19,0.8421052631578947,2,3,1,0,0,0,1,1,1,0,0,0,0,medio_baixo
8,10000.0,22,0.2727272727272727,1,4,1,0,0,0,1,1,1,1,0,0,0,baixo
1,0.0,0,0.0,0,0,1,0,0,0,0,0,0,0,0,0,0,gratuito
8,10000.0,20,0.35,1,2,1,0,0,0,1,0,0,1,0,0,0,baixo
12,75000.0,1653,0.8771929824561403,9,4,1,1,1,1,1,1,0,1,0,0,0,medio_baixo
11,750000.0,8224,0.5953307392996109,1,5,1,1,0,0,1,1,0,1,0,0,1,gratuito
9,10000.0,29,0.4482758620689655,1,3,1,0,0,0,1,0,0,0,1,0,0,gratuito
1,10000.0,0,0.0,14,4,1,0,0,0,1,0,1,1,0,0,1,medio_alto
4,10000.0,0,0.0,1,2,1,0,0,0,0,0,0,1,0,0,1,alto
5,10000.0,5,0.8,1,3,1,0,0,0,0,1,0,0,1,0,0,medio_alto
8,10000.0,38,0.868421052631579,1,3,1,0,0,0,1,0,0,0,1,1,0,medio_alto
9,10000.0,0,0.0,1,3,1,0,0,0,1,1,0,0,0,0,1,medio_alto
2,10000.0,21,1.0,3,3,1,1,0,0,1,0,1,0,1,0,0,baixo
4,75000.0,13,0.8461538461538461,5,3,1,0,0,0,0,1,0,1,0,0,0,medio_baixo
11,350000.0,730,0.6068493150684932,1,8,1,0,0,0,1,1,1,1,1,0,0,gratuito
5,75000.0,72,0.8055555555555556,1,2,1,0,0,0,1,0,1,0,0,0,0,medio_baixo
6,10000.0,10,0.9,1,3,1,0,0,0,1,0,0,0,0,0,0,medio_alto
5,35000.0,12,0.6666666666666666,1,3,1,0,0,0,1,1,0,0,0,0,0,medio_baixo
1,10000.0,1,0.0,1,3,1,0,1,0,1,0,1,1,0,0,0,baixo
2,10000.0,5,1.0,1,2,1,0,0,0,1,0,0,0,0,0,0,baixo
7,10000.0,2,0.0,1,4,1,0,0,0,1,1,0,1,0,1,0,baixo
2,10000.0,0,0.0,1,3,1,0,0,0,1,1,0,0,0,0,0,alto
1,10000.0,0,0.0,1,3,1,1,0,0,0,0,0,0,1,1,0,medio_alto
2,0.0,0,0.0,1,3,1,0,0,0,0,1,0,0,0,0,0,gratuito
5,10000.0,96,0.59375,3,1,1,0,0,0,1,0,0,0,0,0,0,baixo
2,0.0,0,0.0,0,0,1,0,0,0,0,0,0,0,0,0,0,gratuito
5,10000.0,30,0.7,13,3,1,1,0,0,0,1,1,1,0,0,0,medio_alto
8,10000.0,16,0.4375,5,2,1,1,0,0,0,0,0,1,0,0,1,baixo
1,0.0,0,0.0,1,4,1,0,0,0,1,0,1,1,0,0,0,gratuito
10,75000.0,404,0.7747524752475248,1,3,1,1,1,0,1,1,0,1,0,0,0,baixo
3,35000.0,36,0.6944444444444444,3,2,1,0,0,0,0,0,0,0,1,1,0,alto
7,10000.0,1,1.0,1,2,1,0,0,0,1,1,0,0,0,0,0,baixo
6,150000.0,3399,0.6490144160047072,4,4,1,0,0,11,1,1,1,0,1,0,0,medio_baixo
8,10000.0,15,0.7333333333333333,1,1,1,0,0,0,0,0,1,0,0,0,0,alto
17,150000.0,327,0.5198776758409785,6,1,1,0,0,0,0,0,0,0,1,0,0,medio_baixo
2,750000.0,15428,0.8387995851698211,9,4,1,0,0,2,1,1,1,0,1,0,0,alto
4,35000.0,543,0.6611418047882136,14,3,1,0,0,0,1,0,1,1,0,0,0,medio_baixo
2,10000.0,4,1.0,1,2,1,0,1,0,0,0,0,0,0,0,1,alto
4,10000.0,38,0.7894736842105263,1,2,1,1,1,1,1,0,0,0,0,0,1,medio_baixo
7,10000.0,185,0.772972972972973,5,2,1,0,0,0,0,0,0,0,0,0,1,alto
5,10000.0,16,0.3125,1,2,1,0,0,0,1,0,0,1,0,0,0,alto
2,10000.0,4,0.5,10,3,1,0,0,0,0,1,1,0,0,0,0,alto
3,10000.0,2,1.0,1,4,1,0,0,0,1,1,0,1,0,0,1,baixo
4,0.0,0,0.0,1,3,1,0,0,1,1,1,0,0,0,0,0,gratuito
1,0.0,0,0.0,1,1,1,0,0,0,0,0,0,1,0,0,0,medio_baixo
9,10000.0,31,0.41935483870967744,1,4,1,0,0,0,0,1,0,1,0,1,0,alto
3,150000.0,2052,0.9132553606237817,5,4,1,0,0,9,0,0,1,1,1,0,1,gratuito
1,35000.0,1269,0.851063829787234,9,2,1,0,0,10,0,1,0,0,1,0,0,alto
3,10000.0,26,0.9615384615384616,8,3,1,0,0,0,1,1,0,1,0,0,0,medio_baixo
5,10000.0,0,0.0,1,4,1,0,0,0,1,1,1,1,0,0,0,baixo
3,10000.0,1,1.0,29,3,1,1,1,0,1,1,0,1,0,0,0,baixo
3,10000.0,11,0.9090909090909091,1,1,1,0,0,0,0,1,0,0,0,0,0,gratuito
3,10000.0,14,0.42857142857142855,2,4,1,0,0,0,1,1,0,1,1,0,0,baixo
4,10000.0,0,0.0,103,1,1,0,0,0,1,0,0,0,0,0,0,baixo
1,10000.0,15,0.5333333333333333,1,3,1,0,0,2,1,0,0,0,0,1,1,alto
3,0.0,0,0.0,1,2,1,0,0,0,0,0,1,0,0,0,0,gratuito
1,10000.0,0,0.0,1,5,1,0,0,0,1,1,1,0,0,0,0,medio_alto
9,150000.0,1120,0.8866071428571428,4,2,1,1,1,1,1,0,1,0,0,0,0,medio_baixo
1,0.0,0,0.0,1,4,1,0,0,0,1,1,0,1,0,0,0,gratuito
6,35000.0,6,1.0,1,2,1,0,0,0,1,1,0,0,0,0,0,medio_alto
9,10000.0,116,0.8103448275862069,11,1,1,1,0,0,1,0,0,0,0,0,0,medio_baixo
1,10000.0,0,0.0,1,3,1,1,1,0,0,0,1,1,0,0,1,medio_alto
1,10000.0,0,0.0,1,4,1,0,0,0,1,1,1,1,0,0,0,baixo
9,10000.0,10,0.8,3,2,1,0,0,0,0,1,0,1,0,0,0,alto
4,3500000.0,112392,0.9590184354758345,21,3,1,0,0,0,0,1,1,1,0,0,0,alto
3,150000.0,2299,0.9073510221835581,2,2,1,0,0,1,1,0,1,0,0,0,0,alto
8,10000.0,52,0.8461538461538461,2,3,1,0,0,0,1,1,0,0,1,0,0,alto
2,0.0,0,0.0,0,0,1,0,0,0,0,0,0,0,0,0,0,gratuito
4,10000.0,1,1.0,1,2,1,0,0,0,0,0,0,0,1,0,0,alto
1,0.0,0,0.0,1,2,1,0,0,0,0,0,0,1,1,0,0,medio_baixo
5,0.0,0,0.0,2,4,1,0,0,0,1,1,0,0,0,0,0,gratuito
1,0.0,0,0.0,1,4,1,0,0,0,1,0,0,1,1,0,0,gratuito
1,0.0,0,0.0,1,4,1,1,1,0,1,1,0,0,0,1,0,medio_baixo
4,0.0,0,0.0,0,0,1,0,0,0,0,0,0,0,0,0,0,gratuito
10,10000.0,50,0.52,1,1,1,0,0,0,0,0,0,1,0,0,0,baixo
1,10000.0,0,0.0,4,3,1,0,0,0,1,0,0,1,1,0,0,alto
1,0.0,0,0.0,0,0,1,0,0,0,0,0,0,0,0,0,0,gratuito
15,35000.0,91,0.5384615384615384,5,1,1,0,0,0,0,0,0,0,0,1,0,baixo
3,10000.0,20,0.9,2,2,1,0,0,0,1,1,0,0,0,0,0,medio_alto
8,35000.0,330,0.696969696969697,1,3,1,0,0,1,1,1,0,0,1,0,0,medio_baixo
8,10000.0,3,1.0,1,2,1,0,0,0,1,1,0,0,0,0,0,baixo
8,10000.0,16,0.9375,3,2,1,0,0,0,1,0,0,1,0,0,0,baixo
9,75000.0,78,0.358974358974359,11,3,1,0,0,0,1,1,0,1,0,0,0,baixo
1,10000.0,0,0.0,40,5,1,0,0,0,1,0,1,1,0,1,1,baixo
4,0.0,0,0.0,1,2,1,0,0,1,0,1,0,0,0,0,0,gratuito
3,10000.0,8,0.875,28,4,1,0,1,0,1,1,0,1,1,0,0,baixo
1,0.0,0,0.0,1,2,1,0,0,0,1,0,1,0,0,0,0,alto
5,0.0,0,0.0,0,0,1,0,0,0,0,0,0,0,0,0,0,gratuito
4,35000.0,41,0.7073170731707317,1,2,1,0,0,0,1,1,0,0,0,0,0,medio_baixo
3,10000.0,143,0.8251748251748252,1,3,1,0,0,1,1,0,1,0,1,0,0,medio_baixo
1,10000.0,0,0.0,30,3,1,0,0,0,1,0,0,1,0,1,0,baixo
3,75000.0,1036,0.9527027027027027,14,2,1,0,0,1,0,1,1,0,0,0,0,alto
2,0.0,0,0.0,103,3,1,0,0,0,1,0,0,1,0,0,1,medio_alto
3,10000.0,1,0.0,5,3,1,0,0,0,1,1,0,1,0,0,0,medio_alto
1,0.0,0,0.0,1,3,1,0,0,0,1,1,0,0,1,0,0,medio_alto
8,75000.0,359,0.8133704735376045,8,1,1,1,1,0,0,0,1,0,0,0,0,medio_alto
2,35000.0,807,0.8587360594795539,2,6,1,0,0,0,1,1,1,1,1,0,1,baixo
6,350000.0,2343,0.8655569782330346,1,3,1,0,0,0,1,0,1,0,1,0,0,medio_alto
4,10000.0,38,0.47368421052631576,1,3,1,0,0,0,0,0,0,0,1,0,0,gratuito
2,75000.0,3787,0.9007129654079746,4,4,1,0,0,1,0,1,0,0,0,1,1,alto
7,75000.0,3930,0.9450381679389313,1,3,1,0,0,0,1,0,1,0,0,1,0,gratuito
2,35000.0,1,1.0,1,1,1,0,0,0,0,0,0,0,0,1,0,medio_alto
3,35000.0,55,0.8181818181818182,2,3,1,0,0,1,1,1,0,0,0,0,0,gratuito
2,10000.0,191,0.9476439790575916,1,2,1,0,0,1,1,0,1,0,0,0,0,medio_alto
2,10000.0,2,1.0,1,2,1,0,0,0,0,1,1,0,0,0,0,alto
3,75000.0,232,0.8922413793103449,12,3,1,0,0,0,1,1,1,0,0,0,0,medio_alto
19,350000.0,1947,0.8145865434001027,7,2,1,0,0,0,0,1,1,0,0,0,0,medio_baixo
1,10000.0,0,0.0,15,4,1,1,1,0,1,0,1,1,1,0,0,medio_alto
5,10000.0,70,0.8285714285714286,1,3,1,0,0,0,1,0,0,0,0,1,1,alto
1,10000.0,13,1.0,1,5,1,1,0,0,1,0,1,1,1,0,1,medio_baixo
5,350000.0,10645,0.9374354156881165,1,4,1,0,0,0,1,1,0,0,0,0,1,alto
15,35000.0,123,0.5853658536585366,5,2,1,0,0,0,1,0,1,0,0,0,0,alto
1,10000.0,19,0.7894736842105263,1,1,1,0,0,0,0,0,0,0,1,0,0,alto
3,10000.0,8,1.0,1,3,1,0,0,0,0,0,0,0,0,0,1,alto
1,10000.0,7,0.8571428571428571,5,4,1,0,0,0,0,1,0,0,1,0,0,gratuito
3,0.0,0,0.0,0,0,1,0,0,0,0,0,0,0,0,0,0,gratuito
3,10000.0,12,0.9166666666666666,1,4,1,0,0,0,1,0,0,0,1,0,1,medio_alto
1,10000.0,0,0.0,13,6,1,1,1,1,1,1,1,1,0,1,1,medio_alto
4,10000.0,3,1.0,2,1,1,0,0,0,0,1,0,0,0,0,0,medio_alto
9,10000.0,103,0.6407766990291263,2,2,1,1,0,0,1,0,0,1,0,0,0,baixo
6,10000.0,13,0.9230769230769231,5,4,1,1,0,0,0,1,1,1,0,0,0,medio_baixo
1,75000.0,474,0.8270042194092827,1,4,1,0,0,0,1,0,1,0,1,0,1,medio_alto
1,10000.0,0,0.0,4,5,1,0,0,0,1,1,0,1,0,1,0,medio_alto
1,10000.0,0,0.0,11,1,1,1,1,0,0,0,0,0,0,0,1,alto
3,10000.0,2,1.0,2,3,1,0,1,0,1,1,0,0,0,0,0,alto
2,10000.0,0,0.0,5,1,1,0,0,4,0,0,0,0,0,0,1,alto
9,10000.0,53,0.6792452830188679,1,2,1,1,1,0,1,0,0,0,1,0,0,baixo
8,10000.0,88,0.6931818181818182,103,5,1,0,0,0,1,0,1,1,0,1,1,medio_baixo
4,10000.0,0,0.0,1,3,1,0,0,0,1,1,0,0,0,0,0,gratuito
9,10000.0,114,0.5964912280701754,2,1,1,0,0,2,0,1,0,0,0,0,0,medio_alto
2,10000.0,16,0.9375,2,1,1,1,1,0,0,0,0,0,0,0,1,medio_alto
5,10000.0,39,0.28205128205128205,5,3,1,0,0,0,0,1,1,0,0,1,0,medio_alto
3,0.0,0,0.0,1,4,1,0,0,1,1,1,0,1,0,1,0,gratuito
9,10000.0,9,0.8888888888888888,2,3,1,0,0,0,1,1,1,0,0,0,0,baixo
3,10000.0,91,0.8461538461538461,4,4,1,0,0,0,1,1,0,1,1,0,0,baixo
5,10000.0,13,0.9230769230769231,1,2,1,0,0,0,1,1,0,0,0,0,0,medio_alto
1,10000.0,0,0.0,2,3,1,0,0,1,1,1,1,0,0,0,0,medio_alto
2,10000.0,39,0.41025641025641024,5,3,1,0,0,1,1,0,1,1,0,0,0,medio_alto
8,10000.0,1,0.0,2,2,1,0,0,0,1,1,0,0,0,0,0,medio_baixo
1,10000.0,0,0.0,1,3,1,0,0,0,0,0,0,0,1,1,0,medio_alto
3,150000.0,2126,0.8499529633113829,14,1,1,0,0,4,0,0,0,0,0,0,1,medio_alto
2,0.0,0,0.0,2,4,1,0,0,2,1,0,0,1,0,0,1,gratuito
2,10000.0,18,1.0,1,3,1,0,0,0,1,0,1,1,0,0,0,medio_baixo
8,10000.0,11,0.36363636363636365,1,2,1,0,0,0,1,0,0,1,0,0,0,baixo
11,75000.0,277,0.5270758122743683,8,3,1,1,0,1,1,1,1,0,0,0,0,baixo
7,10000.0,31,0.5161290322580645,1,4,1,0,0,0,1,1,0,1,0,1,0,gratuito
2,10000.0,0,0.0,1,2,1,0,0,0,1,1,0,0,0,0,0,medio_baixo
2,0.0,0,0.0,0,0,1,0,0,0,0,0,0,0,0,0,0,gratuito
7,10000.0,154,0.8896103896103896,1,4,1,1,1,0,1,1,1,0,1,0,0,medio_baixo
2,10000.0,5,0.6,1,3,1,0,0,0,1,1,1,0,0,0,0,alto
3,10000.0,0,0.0,1,1,1,0,0,0,0,0,0,1,0,0,0,baixo
1,0.0,0,0.0,1,3,1,0,0,0,1,0,1,0,0,0,0,gratuito
1,0.0,0,0.0,0,0,1,0,0,0,0,0,0,0,0,0,0,gratuito
1,10000.0,0,0.0,2,3,1,1,0,0,1,1,1,0,0,0,0,medio_alto
2,10000.0,0,0.0,1,2,1,0,0,0,1,0,0,1,0,0,0,medio_alto
12,150000.0,819,0.8449328449328449,1,2,1,1,1,0,1,1,0,0,0,0,0,medio_alto
8,10000.0,17,0.8235294117647058,2,4,1,0,0,0,1,1,0,1,0,0,0,medio_baixo
1,10000.0,0,0.0,1,4,1,0,0,0,0,1,0,1,1,0,0,baixo
7,10000.0,59,0.8305084745762712,2,2,1,0,0,0,1,0,1,0,0,0,0,baixo
2,10000.0,363,0.8099173553719008,6,3,1,1,0,0,1,0,0,1,0,1,0,alto
3,35000.0,4,1.0,1,3,1,0,0,1,0,1,1,0,1,0,0,medio_baixo
2,10000.0,1,1.0,1,2,1,0,0,0,0,1,0,1,0,0,0,medio_baixo
4,10000.0,11,0.9090909090909091,1,1,1,0,0,0,1,0,0,0,0,0,0,baixo
3,0.0,0,0.0,1,2,1,0,0,0,0,0,1,0,0,0,0,gratuito
5,10000.0,9,1.0,2,3,1,0,0,0,1,1,0,0,0,0,0,alto
2,10000.0,0,0.0,30,1,1,0,0,0,0,0,0,1,0,0,0,medio_baixo
10,10000.0,23,0.782608695652174,1,3,1,1,0,0,1,0,0,1,0,1,0,gratuito
2,0.0,0,0.0,0,0,1,0,0,0,0,0,0,0,0,0,0,gratuito
3,35000.0,11,0.6363636363636364,1,3,1,0,0,0,0,1,1,0,1,0,0,medio_alto
4,10000.0,34,0.8529411764705882,11,2,1,0,0,0,1,0,0,1,0,0,0,baixo
7,10000.0,11,0.45454545454545453,3,7,1,0,0,0,1,0,0,1,0,1,1,gratuito
8,10000.0,2,0.5,1,2,1,0,0,0,0,1,0,0,0,0,0,alto
1,10000.0,0,0.0,1,1,1,1,0,0,0,0,1,0,0,0,0,alto
10,10000.0,15,0.7333333333333333,1,2,1,1,0,0,1,0,1,0,0,0,0,baixo
2,0.0,0,0.0,11,2,1,0,0,0,1,0,0,0,0,0,0,gratuito
9,10000.0,2,1.0,19,3,1,0,1,0,1,1,0,0,0,0,0,medio_alto
7,10000.0,758,0.7242744063324539,5,3,1,0,0,1,1,0,0,0,0,0,1,alto
5,10000.0,3,0.6666666666666666,1,5,1,0,0,0,1,1,1,1,0,1,0,baixo
1,10000.0,1,1.0,1,1,1,0,0,1,1,0,0,0,0,0,0,medio_alto
7,150000.0,1652,0.8486682808716707,17,1,1,0,0,0,1,0,0,0,0,0,0,gratuito
4,10000.0,18,1.0,1,2,1,1,1,0,1,1,0,0,0,0,0,medio_alto
3,10000.0,4,1.0,1,2,1,0,0,0,1,1,0,0,0,0,0,baixo
3,10000.0,38,0.6052631578947368,1,3,1,0,0,1,1,0,1,0,0,0,1,baixo
1,0.0,0,0.0,2,1,1,0,0,0,1,0,0,0,0,0,0,baixo
2,0.0,0,0.0,2,4,1,0,0,0,0,1,1,1,0,0,0,gratuito
2,10000.0,0,0.0,3,4,1,0,0,0,1,0,0,1,0,0,1,medio_alto
12,350000.0,1097,0.7529626253418414,1,1,1,0,0,1,0,0,1,0,0,0,0,baixo
5,0.0,0,0.0,1,2,1,0,0,0,0,1,1,0,0,0,0,gratuito
8,10000.0,28,0.5714285714285714,1,6,1,0,0,0,0,1,1,1,1,1,0,gratuito
5,10000.0,0,0.0,1,1,1,0,0,0,0,0,1,0,0,0,0,baixo
3,10000.0,29,0.7931034482758621,2,2,1,0,0,0,1,0,1,0,0,0,0,alto
8,10000.0,3,0.3333333333333333,9,2,1,0,0,0,1,1,0,0,0,0,0,alto
8,10000.0,153,0.9607843137254902,4,2,1,1,0,0,0,0,1,0,0,1,0,baixo
4,0.0,0,0.0,0,0,1,0,0,0,0,0,0,0,0,0,0,gratuito
1,10000.0,29,0.6551724137931034,6,2,1,0,0,0,1,0,0,0,0,1,0,medio_alto
7,10000.0,11,0.6363636363636364,13,2,0,1,0,0,0,0,0,0,0,0,0,alto
3,150000.0,960,0.828125,2,4,1,0,0,0,1,0,0,1,0,1,0,medio_alto
6,10000.0,17,0.7058823529411765,4,2,1,0,0,0,1,0,0,0,1,0,0,alto
1,10000.0,0,0.0,20,2,1,1,0,0,1,0,0,1,0,0,0,medio_baixo
8,0.0,0,0.0,1,2,1,1,1,0,1,0,0,1,0,0,0,baixo
1,10000.0,0,0.0,1,1,1,0,0,0,1,0,0,0,0,0,0,medio_baixo
4,10000.0,0,0.0,1,2,1,0,0,0,0,1,1,0,0,0,0,medio_alto
5,10000.0,17,0.8235294117647058,1,4,1,0,0,0,1,0,1,1,1,0,0,baixo
3,0.0,0,0.0,2,2,1,0,0,0,1,0,0,1,0,0,0,gratuito
5,10000.0,0,0.0,7,1,1,0,0,0,0,0,1,0,0,0,0,gratuito
8,35000.0,38,0.42105263157894735,2,1,1,0,0,0,1,0,0,0,0,0,0,gratuito
1,10000.0,1,1.0,6,4,1,1,0,0,0,1,0,1,0,1,1,medio_baixo
4,0.0,0,0.0,0,0,1,0,0,0,0,0,0,0,0,0,0,gratuito
1,10000.0,0,0.0,5,3,1,0,0,1,0,0,0,1,0,1,1,alto
3,10000.0,14,0.2857142857142857,1,3,1,0,0,0,1,0,0,0,0,1,1,baixo
1,10000.0,5,1.0,2,3,1,0,0,0,1,1,0,1,0,0,0,medio_baixo
2,10000.0,14,0.6428571428571429,1,2,1,0,0,0,1,0,0,1,0,0,0,baixo
9,35000.0,294,0.8197278911564626,1,4,1,0,0,8,1,0,0,0,0,1,1,gratuito
8,10000.0,22,0.7727272727272727,2,4,1,0,0,0,1,0,0,1,0,1,0,baixo
4,0.0,0,0.0,0,0,1,0,0,0,0,0,0,0,0,0,0,gratuito
8,35000.0,217,0.6497695852534562,1,3,1,0,0,0,1,1,0,0,0,0,0,alto
1,0.0,0,0.0,2,1,1,0,1,0,0,1,0,0,0,0,0,alto
4,10000.0,35,0.4857142857142857,10,2,1,0,0,0,0,1,0,1,0,0,0,baixo
1,10000.0,0,0.0,1,4,1,0,0,0,1,1,0,1,1,0,0,medio_alto
4,35000.0,143,0.5804195804195804,1,6,1,0,0,0,1,1,1,0,1,0,0,alto
1,10000.0,5,1.0,1,3,1,0,1,1,1,0,0,1,0,0,1,alto
4,0.0,0,0.0,1,1,1,0,0,0,0,0,0,0,0,0,0,gratuito
4,10000.0,35,0.4857142857142857,7,2,1,0,0,0,0,0,1,0,0,0,1,baixo
1,10000.0,7,1.0,30,3,1,1,0,0,1,1,0,1,0,0,0,medio_baixo
5,10000.0,24,0.8333333333333334,29,1,1,1,1,0,1,0,0,0,0,0,0,medio_baixo
1,10000.0,27,0.8888888888888888,3,3,1,0,0,0,1,0,1,1,0,0,0,medio_alto
10,10000.0,37,0.8378378378378378,2,4,1,0,0,1,1,0,1,1,1,0,0,medio_alto
1,0.0,0,0.0,1,3,1,0,0,0,1,1,1,0,0,0,0,medio_alto
7,10000.0,50,0.9,1,5,1,0,0,0,1,1,0,1,0,0,1,gratuito
4,10000.0,4,0.5,1,6,1,0,0,0,1,1,1,1,1,0,0,alto
10,350000.0,499,0.6492985971943888,1,2,1,1,1,0,1,0,1,0,0,0,0,baixo
4,0.0,0,0.0,1,3,1,1,0,4,1,0,0,1,0,1,0,gratuito
1,10000.0,0,0.0,14,3,1,0,0,5,1,0,1,1,0,0,0,medio_alto
4,10000.0,16,1.0,11,2,1,0,0,0,1,1,0,0,0,0,0,medio_baixo
1,10000.0,39,0.7692307692307693,12,4,1,0,0,0,1,0,0,1,0,0,1,alto
7,10000.0,90,0.7,4,3,1,1,0,0,1,0,0,0,0,1,1,baixo
4,10000.0,0,0.0,1,6,1,0,0,0,1,1,1,1,1,0,0,medio_alto
2,10000.0,0,0.0,1,7,1,0,0,0,1,1,1,1,1,0,1,baixo
7,10000.0,6,0.8333333333333334,3,3,1,0,0,1,1,0,0,1,0,0,1,baixo
12,1500000.0,9887,0.8171336097906342,8,3,1,0,0,1,0,1,1,0,1,0,0,medio_baixo
2,10000.0,140,0.9642857142857143,18,2,1,0,0,0,0,1,0,0,0,1,0,alto
4,10000.0,77,0.8701298701298701,29,2,1,0,0,0,1,0,0,1,0,0,0,baixo
4,10000.0,33,0.5454545454545454,3,5,1,0,0,0,1,0,1,1,0,0,1,baixo
7,10000.0,68,0.8382352941176471,3,3,1,1,1,0,1,0,0,0,0,0,1,gratuito
11,750000.0,11911,0.7142137519939552,27,2,1,0,0,0,0,0,0,0,0,0,0,medio_alto
11,10000.0,54,0.42592592592592593,1,4,1,0,0,0,1,1,1,1,0,0,0,medio_baixo
5,75000.0,15,0.6666666666666666,1,3,1,0,0,0,0,0,0,1,0,1,0,gratuito
4,75000.0,13,1.0,1,2,1,1,0,0,1,1,0,0,0,0,0,medio_baixo
4,10000.0,302,0.9735099337748344,7,5,1,0,0,0,1,1,0,1,0,1,1,alto
3,0.0,0,0.0,2,4,1,0,0,0,1,1,1,0,1,0,0,medio_baixo
4,10000.0,64,0.875,4,1,1,0,0,0,0,1,0,0,0,0,0,alto
3,35000.0,9,1.0,1,2,1,0,0,0,1,1,0,0,0,0,0,baixo
2,10000.0,24,1.0,1,4,1,1,0,0,1,0,1,1,0,0,1,medio_alto
6,10000.0,65,0.6615384615384615,4,3,1,1,1,0,0,0,0,1,0,0,1,alto
1,10000.0,0,0.0,7,2,1,0,0,2,1,0,0,0,0,1,0,alto
5,10000.0,163,0.6503067484662577,2,4,1,0,0,0,1,0,0,0,0,1,1,medio_alto
2,10000.0,1,0.0,3,2,1,0,0,0,1,0,0,1,0,0,0,baixo
10,35000.0,104,0.7115384615384616,1,1,1,0,0,0,0,1,0,0,0,0,0,medio_alto
2,0.0,0,0.0,1,3,1,1,0,0,1,0,0,1,0,0,0,gratuito
3,35000.0,189,0.7724867724867724,5,2,1,0,0,1,1,1,0,0,0,0,0,medio_alto
1,0.0,0,0.0,3,2,1,0,0,0,0,0,1,0,0,0,1,alto
5,10000.0,21,0.9523809523809523,8,6,1,0,0,0,1,1,0,1,0,0,0,alto
2,10000.0,109,0.8256880733944955,1,5,1,0,0,0,1,0,1,1,0,0,1,baixo
3,10000.0,18,0.8888888888888888,2,2,1,0,0,0,1,1,0,0,0,0,0,baixo
4,0.0,0,0.0,0,0,1,0,0,0,0,0,0,0,0,0,0,gratuito
12,35000.0,108,0.7870370370370371,1,2,1,1,0,0,1,1,0,0,0,0,0,baixo
2,10000.0,4,1.0,1,3,1,0,0,0,1,0,0,1,0,0,1,medio_alto
10,10000.0,66,0.8636363636363636,1,1,1,0,0,0,1,0,0,0,0,0,0,baixo
1,0.0,0,0.0,1,2,1,0,0,0,0,1,1,0,0,0,0,medio_alto
3,75000.0,6,1.0,1,2,1,0,0,0,0,1,0,0,0,0,0,medio_baixo
5,10000.0,0,0.0,1,2,1,0,0,0,0,1,0,1,0,0,0,baixo
3,10000.0,122,0.5737704918032787,9,2,1,0,0,0,1,0,0,0,0,0,1,medio_alto
10,1500000.0,1812,0.7764900662251656,1,2,1,0,0,1,1,0,0,1,0,0,0,baixo
1,10000.0,0,0.0,1,2,1,0,0,0,1,0,1,0,0,0,0,medio_baixo
1,10000.0,1033,0.739593417231365,7,5,1,0,0,1,1,1,1,1,0,0,0,gratuito
2,10000.0,11,0.7272727272727273,17,2,1,1,0,0,0,0,0,1,0,1,0,medio_alto
4,35000.0,5,0.8,37,2,1,1,0,0,0,0,0,0,0,1,1,medio_alto
2,0.0,0,0.0,0,0,1,0,0,0,0,0,0,0,0,0,0,gratuito
2,0.0,0,0.0,10,6,1,0,0,2,0,1,1,0,1,1,1,gratuito
3,10000.0,49,0.8775510204081632,5,2,1,0,0,0,1,0,1,0,0,0,0,alto
2,35000.0,1,1.0,1,6,1,0,0,0,1,1,1,0,1,1,0,medio_alto
5,0.0,0,0.0,5,5,1,0,0,2,1,0,0,1,1,1,0,gratuito
6,10000.0,0,0.0,1,5,1,0,0,0,0,1,1,1,1,0,1,alto
4,10000.0,330,0.5272727272727272,8,2,1,0,0,0,1,0,0,0,0,0,1,alto
1,10000.0,0,0.0,2,4,1,0,0,0,1,1,0,1,0,0,0,alto
1,10000.0,0,0.0,2,3,1,0,0,1,0,1,0,0,1,0,0,alto
1,0.0,0,0.0,1,2,1,0,0,0,1,0,0,0,1,0,0,baixo
10,350000.0,3300,0.7824242424242425,21,2,1,0,0,0,0,1,1,0,0,0,0,baixo
3,10000.0,59,0.864406779661017,4,4,1,1,0,0,1,0,1,1,1,0,0,baixo
1,0.0,0,0.0,2,3,1,1,0,0,1,1,0,0,0,0,0,medio_alto
4,10000.0,17,0.8235294117647058,1,6,1,0,0,0,1,1,0,1,0,1,1,medio_alto
3,10000.0,0,0.0,1,4,1,0,0,0,1,0,1,1,0,0,1,medio_alto
3,10000.0,2,0.0,1,3,1,0,0,0,1,1,0,0,0,0,0,medio_alto
4,10000.0,20,0.7,1,5,1,0,0,0,1,1,1,0,0,1,1,baixo
2,0.0,0,0.0,6,2,1,0,0,0,1,0,1,0,0,0,0,gratuito
27,1500000.0,8738,0.8699931334401465,9,1,1,1,1,0,0,1,0,0,0,0,0,baixo
5,10000.0,11,0.5454545454545454,3,1,1,0,0,0,0,0,0,1,0,0,0,medio_alto
5,0.0,0,0.0,0,0,1,0,0,0,0,0,0,0,0,0,0,gratuito
11,10000.0,36,0.5277777777777778,2,2,1,0,0,1,1,1,0,0,0,0,0,medio_alto
1,10000.0,0,0.0,4,3,1,1,0,0,1,0,0,1,0,1,0,alto
7,10000.0,12,1.0,5,3,1,0,0,0,1,1,1,0,0,0,0,alto
2,10000.0,3,1.0,2,4,1,0,1,0,0,1,0,0,0,1,1,medio_alto
7,10000.0,148,0.668918918918919,2,3,1,1,1,0,0,0,1,0,0,1,1,medio_alto
4,0.0,0,0.0,2,3,1,0,0,0,1,0,0,0,0,1,0,gratuito
1,0.0,0,0.0,1,4,1,0,0,0,1,0,1,1,0,1,0,baixo
7,10000.0,0,0.0,3,1,1,0,0,0,0,0,1,0,0,0,0,alto
2,10000.0,3,1.0,3,5,1,0,0,0,1,0,0,1,0,1,1,medio_baixo
2,10000.0,8,0.875,4,4,1,0,0,0,1,1,1,1,0,0,0,medio_baixo
1,10000.0,0,0.0,1,2,1,0,0,0,0,0,1,1,0,0,0,alto
3,10000.0,1,1.0,2,4,1,0,0,0,0,1,1,1,1,0,0,medio_alto
2,10000.0,1,1.0,2,3,1,0,0,0,1,1,0,1,0,0,0,medio_baixo
2,10000.0,3,0.6666666666666666,12,4,1,0,0,0,0,0,0,0,0,0,0,medio_alto
4,10000.0,5,0.8,1,4,1,0,0,0,1,0,1,0,1,1,0,medio_alto
9,75000.0,819,0.9255189255189256,6,2,1,1,1,0,0,1,0,0,1,0,0,medio_baixo
1,0.0,0,0.0,2,4,1,0,0,1,1,0,0,1,0,1,0,gratuito
1,10000.0,11,0.8181818181818182,1,2,1,0,0,0,0,0,0,0,1,1,0,alto
5,10000.0,1,1.0,1,3,1,0,0,0,1,1,0,1,0,0,0,medio_alto
2,10000.0,2,1.0,2,2,1,0,0,0,1,1,0,0,0,0,0,medio_alto
2,10000.0,14,1.0,1,1,1,0,0,0,0,1,0,0,0,0,0,medio_baixo
5,10000.0,10,0.6,4,1,1,0,0,0,0,0,0,1,0,0,0,medio_alto
1,75000.0,714,0.8081232492997199,9,2,1,1,0,0,0,0,0,0,0,1,1,alto
7,10000.0,14,0.5714285714285714,8,1,1,0,0,0,0,0,1,0,0,0,0,medio_alto
2,0.0,0,0.0,2,7,1,0,0,0,0,1,1,1,0,1,1,gratuito
3,10000.0,216,0.8055555555555556,4,2,1,0,0,0,0,1,0,0,0,1,0,medio_alto
9,10000.0,69,0.37681159420289856,1,2,1,0,0,0,0,0,0,1,0,0,1,baixo
3,0.0,0,0.0,103,5,1,0,0,1,1,0,1,1,0,1,1,baixo
7,10000.0,3,1.0,2,3,1,0,0,0,1,1,0,1,0,0,0,alto
1,10000.0,0,0.0,1,2,1,0,0,0,1,1,0,0,0,0,0,baixo
17,1500000.0,11015,0.756604630049932,5,1,1,1,0,0,0,1,0,0,0,0,0,alto
2,10000.0,158,0.8417721518987342,1,5,1,0,0,0,1,0,1,0,1,0,1,alto
5,10000.0,3,1.0,3,3,1,0,0,0,1,0,0,1,0,0,1,medio_baixo
4,35000.0,7,1.0,1,2,1,0,0,0,1,0,1,0,0,0,0,medio_alto
1,0.0,0,0.0,43,3,1,0,0,0,1,1,1,0,0,0,0,alto
2,0.0,0,0.0,1,3,1,0,0,0,1,1,1,0,0,0,0,gratuito
2,0.0,0,0.0,0,0,1,0,0,0,0,0,0,0,0,0,0,gratuito
6,35000.0,391,0.9335038363171355,1,3,1,1,0,3,1,1,1,0,0,0,0,baixo
3,10000.0,23,1.0,4,5,1,0,0,0,1,1,1,0,1,0,1,baixo
5,0.0,0,0.0,1,1,1,0,0,0,0,0,0,0,1,0,0,gratuito
5,35000.0,57,0.8947368421052632,3,2,1,0,0,1,1,0,1,0,0,0,0,medio_baixo
3,35000.0,62,0.8870967741935484,4,2,1,1,0,0,1,0,1,0,0,0,0,medio_baixo
2,10000.0,0,0.0,1,3,1,0,0,0,1,1,1,0,0,0,0,alto
6,10000.0,1,1.0,4,4,1,1,1,0,1,1,1,1,0,0,0,alto
1,10000.0,0,0.0,5,4,1,1,1,0,1,0,0,1,1,0,1,medio_baixo
8,10000.0,6,0.5,1,2,1,0,0,0,0,0,0,0,0,1,0,alto
9,10000.0,9,0.5555555555555556,1,3,1,1,1,1,1,0,1,0,1,0,0,medio_baixo
3,10000.0,1,0.0,1,5,1,1,0,0,1,1,0,1,1,1,0,medio_baixo
5,10000.0,19,0.8947368421052632,6,4,1,1,0,0,1,1,0,1,0,0,0,medio_baixo
3,10000.0,0,0.0,1,2,1,0,0,0,1,0,0,0,0,0,0,gratuito
3,10000.0,16,0.3125,1,5,1,0,0,0,1,1,0,1,0,1,1,medio_alto
1,10000.0,0,0.0,103,4,1,0,0,0,1,0,0,1,1,0,1,baixo
4,10000.0,24,0.625,1,5,1,0,0,0,1,1,0,1,0,0,0,alto
11,10000.0,32,0.3125,1,1,1,0,0,0,0,0,0,0,1,0,0,gratuito
5,10000.0,354,0.6892655367231638,2,3,1,1,1,0,0,0,1,0,0,1,1,medio_alto
1,0.0,0,0.0,0,0,1,0,0,0,0,0,0,0,0,0,0,gratuito
9,10000.0,17,0.47058823529411764,1,3,1,0,0,0,1,0,1,0,1,0,0,baixo
5,10000.0,33,1.0,6,3,1,0,0,2,1,0,1,1,0,0,0,alto
1,10000.0,0,0.0,12,6,1,1,0,1,0,1,1,0,1,1,1,alto
6,10000.0,2,1.0,1,2,1,0,0,0,1,1,0,0,0,0,0,baixo
10,10000.0,26,0.7692307692307693,1,2,1,1,1,0,0,1,1,0,0,0,0,medio_alto
9,10000.0,141,0.9716312056737588,1,2,1,0,0,0,1,0,0,1,0,0,0,gratuito
1,0.0,0,0.0,1,4,1,0,0,0,1,1,1,0,0,0,0,gratuito
12,35000.0,226,0.4690265486725664,2,1,1,0,0,0,0,1,0,0,0,0,0,baixo
8,10000.0,2,1.0,1,5,1,0,0,0,1,1,1,1,0,1,0,medio_alto
4,10000.0,2,1.0,4,2,1,0,0,0,1,0,0,1,0,0,0,alto
5,0.0,0,0.0,1,3,1,0,0,0,0,0,0,0,1,1,0,gratuito
4,10000.0,5,0.8,1,2,1,0,0,0,1,0,1,0,0,0,0,medio_alto
2,10000.0,0,0.0,1,4,1,0,0,0,1,0,0,1,0,0,1,gratuito
1,35000.0,1,1.0,1,5,1,0,0,0,1,0,0,1,1,1,0,gratuito
4,10000.0,335,0.8208955223880597,11,3,1,0,0,0,0,1,0,0,1,1,0,alto
8,35000.0,27,0.25925925925925924,1,5,1,0,0,0,1,1,1,0,1,1,0,baixo
3,0.0,0,0.0,0,0,1,0,0,0,0,0,0,0,0,0,0,gratuito
8,10000.0,33,0.7878787878787878,1,4,1,0,0,0,1,0,1,1,0,0,0,medio_baixo
6,350000.0,5450,0.9177981651376147,8,1,1,0,0,1,0,0,0,0,1,0,0,alto
2,10000.0,0,0.0,2,3,1,0,0,0,1,0,0,1,0,0,1,baixo
1,0.0,0,0.0,1,1,1,0,0,0,0,0,0,1,0,0,0,baixo
7,10000.0,39,0.717948717948718,3,1,1,0,0,0,0,1,0,0,0,0,0,alto
5,10000.0,5,1.0,1,3,1,1,1,0,1,0,0,1,0,0,1,alto
7,150000.0,176,0.8920454545454546,1,2,1,1,0,1,1,0,0,1,0,0,0,baixo
4,10000.0,8,0.875,1,3,1,0,0,0,1,1,1,0,0,0,0,medio_alto
1,10000.0,0,0.0,2,2,1,0,0,0,0,1,0,0,0,0,1,medio_baixo
7,10000.0,19,0.8947368421052632,2,3,1,0,0,0,1,0,0,0,0,1,1,alto
1,10000.0,0,0.0,1,2,1,0,0,0,1,0,1,0,0,0,0,medio_alto
4,10000.0,2,1.0,1,3,1,0,0,0,1,0,1,0,1,0,0,medio_baixo
3,10000.0,33,0.8181818181818182,8,1,1,1,0,0,0,0,0,0,0,1,0,alto
9,150000.0,1535,0.7895765472312704,12,2,1,1,0,1,1,1,0,0,0,0,0,medio_baixo
3,0.0,0,0.0,1,2,1,0,0,0,0,0,1,0,0,0,0,gratuito
10,10000.0,26,0.7692307692307693,1,1,1,0,0,0,0,1,0,0,0,0,0,medio_alto
6,10000.0,19,1.0,1,5,1,0,0,0,1,1,1,1,1,0,0,gratuito
7,350000.0,5461,0.8628456326680095,5,4,1,0,0,1,1,0,1,1,1,0,0,baixo
4,10000.0,14,0.6428571428571429,103,3,1,0,0,0,1,1,1,0,0,0,0,baixo
5,10000.0,3,0.6666666666666666,1,4,1,0,0,0,1,0,0,1,0,1,1,baixo
10,10000.0,107,0.5420560747663551,2,2,1,0,0,0,0,0,1,0,1,0,0,baixo
8,10000.0,280,0.8285714285714286,6,3,1,0,0,0,1,1,1,0,0,0,0,baixo
2,10000.0,53,0.6415094339622641,1,2,1,0,0,0,0,1,0,0,0,0,0,gratuito
1,0.0,0,0.0,9,4,1,0,0,0,1,1,0,0,1,1,0,medio_alto
1,10000.0,0,0.0,27,2,1,1,1,0,1,0,0,0,0,0,1,baixo
4,10000.0,1,1.0,1,3,1,0,0,0,1,1,0,1,0,0,0,medio_baixo
4,10000.0,2,0.5,1,3,1,0,0,0,1,0,0,0,0,0,1,baixo
2,10000.0,20,0.85,1,4,1,0,0,0,1,1,0,0,0,0,1,medio_alto
3,35000.0,5,0.8,1,1,1,0,0,0,0,1,0,0,0,0,0,baixo
11,75000.0,281,0.9323843416370107,14,2,1,1,0,0,0,0,1,1,0,0,0,alto
3,35000.0,4,0.5,1,1,1,0,0,0,0,0,0,0,1,0,0,medio_baixo
8,10000.0,6,0.8333333333333334,1,5,1,0,0,0,1,1,0,1,0,0,0,alto
1,0.0,0,0.0,5,2,1,1,0,3,1,0,0,1,0,0,0,medio_baixo
4,10000.0,0,0.0,5,2,1,1,0,2,0,0,0,0,0,0,0,alto
5,10000.0,16,0.9375,2,1,1,0,0,0,0,0,0,0,0,1,0,alto
5,10000.0,1,1.0,12,2,1,0,0,7,1,0,0,1,0,0,0,medio_baixo
1,10000.0,45,0.7555555555555555,11,1,1,1,0,1,0,0,0,0,0,1,0,alto
3,10000.0,3,1.0,1,3,1,0,0,0,1,1,0,1,0,0,0,medio_alto
10,10000.0,43,0.3023255813953488,1,3,1,0,0,0,1,0,1,0,0,0,1,alto
3,10000.0,2,0.0,1,3,1,0,0,0,1,0,0,1,0,0,0,baixo
6,10000.0,0,0.0,1,2,1,0,0,0,1,0,0,1,0,0,0,medio_alto
3,10000.0,0,0.0,1,2,1,0,0,0,0,0,1,1,0,0,0,alto
3,35000.0,1,1.0,1,1,1,0,1,0,0,1,0,0,0,0,0,medio_alto
1,0.0,0,0.0,9,4,1,0,0,0,1,0,0,1,0,0,0,alto
1,10000.0,0,0.0,1,2,1,0,0,0,1,0,0,1,0,0,0,alto
4,10000.0,4,1.0,1,2,1,0,0,0,1,0,0,1,0,0,0,baixo
5,10000.0,24,0.5,6,6,1,0,0,1,1,1,1,1,1,0,1,baixo
10,10000.0,8,0.375,1,2,1,0,0,0,1,1,0,0,0,0,0,medio_baixo
5,10000.0,11,0.6363636363636364,1,3,1,0,0,0,1,1,1,0,0,0,0,baixo
1,0.0,0,0.0,1,3,1,0,0,0,0,1,0,0,0,1,0,gratuito
1,0.0,0,0.0,0,0,1,0,0,0,0,0,0,0,0,0,0,gratuito
8,10000.0,20,0.85,1,2,1,0,0,0,1,0,0,1,0,0,0,baixo
6,10000.0,28,0.75,2,3,1,0,0,0,1,0,0,1,1,0,0,medio_baixo
2,10000.0,6,0.16666666666666666,4,3,1,0,0,0,1,0,1,0,0,0,1,alto
7,10000.0,11,0.9090909090909091,1,3,1,0,0,0,1,1,1,0,0,0,0,alto
2,35000.0,33,0.6363636363636364,1,3,1,0,0,0,0,1,1,0,0,0,0,gratuito
1,10000.0,0,0.0,3,3,1,0,0,0,0,0,0,1,0,1,1,medio_baixo
2,0.0,0,0.0,0,0,1,0,0,0,0,0,0,0,0,0,0,gratuito
1,0.0,0,0.0,0,0,1,0,0,0,0,0,0,0,0,0,0,gratuito
12,35000.0,179,0.8715083798882681,1,2,1,1,0,0,1,1,0,0,0,0,0,medio_baixo
9,10000.0,48,0.625,1,5,1,0,0,0,1,1,1,0,0,0,0,gratuito
5,10000.0,6,0.8333333333333334,1,2,1,0,0,0,0,0,1,1,0,0,0,baixo
7,10000.0,3,0.3333333333333333,1,3,1,0,0,0,1,0,0,1,0,0,0,medio_alto
4,0.0,0,0.0,0,0,1,0,0,0,0,0,0,0,0,0,0,gratuito
5,150000.0,1531,0.9157413455258001,1,4,1,1,0,0,1,1,0,0,0,1,0,gratuito
3,0.0,0,0.0,1,2,1,0,0,0,0,0,0,0,0,1,0,gratuito
1,10000.0,0,0.0,4,1,1,0,0,0,0,0,1,0,0,0,0,alto
6,10000.0,32,0.75,1,5,1,0,0,0,1,1,1,1,0,0,0,gratuito
2,10000.0,18,1.0,1,3,1,0,0,0,1,1,0,0,0,0,0,alto
3,10000.0,37,0.8918918918918919,2,3,1,0,0,0,1,0,1,1,0,0,0,medio_baixo
6,10000.0,31,1.0,2,3,1,0,0,0,1,0,0,1,0,0,1,baixo
7,35000.0,536,0.7798507462686567,1,3,1,0,0,0,0,1,1,0,1,0,0,medio_alto
6,1500000.0,52942,0.9002682180499414,1,1,1,1,0,3,0,0,0,0,0,0,1,alto
8,10000.0,12,0.75,1,2,1,0,0,0,1,0,1,0,0,0,0,gratuito
2,10000.0,0,0.0,1,2,1,1,0,0,0,1,0,0,0,1,0,medio_alto
1,10000.0,0,0.0,1,4,1,0,0,0,0,1,1,1,0,0,0,baixo
4,10000.0,1,0.0,2,3,1,0,0,0,1,0,0,1,0,1,0,medio_alto
1,10000.0,0,0.0,4,4,1,0,0,0,0,1,1,0,0,0,0,baixo
1,10000.0,0,0.0,3,3,1,0,0,4,0,1,0,0,1,0,0,gratuito
7,10000.0,6,0.5,1,3,1,1,0,0,1,1,1,0,0,0,0,baixo
7,10000.0,2,1.0,1,2,1,0,0,0,1,0,0,1,0,0,0,baixo
4,10000.0,14,1.0,7,5,1,1,1,0,1,1,0,1,0,0,0,baixo
3,10000.0,2,1.0,2,1,1,0,0,0,0,0,0,1,0,0,0,alto
2,10000.0,36,0.9722222222222222,13,3,1,1,1,0,1,0,1,1,0,0,0,baixo
1,10000.0,9,0.7777777777777778,9,2,1,0,0,0,0,0,1,1,0,0,0,alto
5,10000.0,18,0.9444444444444444,4,3,1,1,1,0,1,0,1,1,0,0,0,medio_baixo
1,0.0,0,0.0,0,0,1,0,0,0,0,0,0,0,0,0,0,gratuito
7,10000.0,15,0.9333333333333333,1,3,1,1,0,0,1,1,0,1,0,0,0,medio_alto
4,10000.0,0,0.0,1,2,1,0,0,0,1,0,0,1,0,0,0,baixo
5,0.0,0,0.0,1,3,1,0,0,0,0,1,0,0,0,0,0,gratuito
3,10000.0,6,1.0,1,2,1,0,0,0,1,0,0,1,0,0,0,medio_baixo
1,0.0,0,0.0,0,0,1,0,0,0,0,0,0,0,0,0,0,gratuito
5,35000.0,1002,0.8333333333333334,6,3,1,0,0,1,0,0,0,0,0,0,1,medio_alto
10,10000.0,27,0.25925925925925924,3,1,1,0,0,0,0,0,0,0,0,0,1,medio_baixo
4,150000.0,467,0.9764453961456103,2,2,1,1,1,2,1,0,0,1,0,0,0,medio_alto
1,10000.0,2,1.0,1,2,1,0,0,0,0,1,0,1,0,0,0,medio_alto
4,10000.0,3,0.0,4,4,1,0,0,0,1,0,0,1,0,1,1,baixo
11,10000.0,2,0.5,1,6,1,0,0,0,1,1,1,1,1,0,0,baixo
4,10000.0,1,1.0,1,2,1,0,0,0,0,1,0,1,0,0,0,alto
7,350000.0,2577,0.7272021730694607,10,3,1,1,0,0,0,0,0,0,0,1,0,gratuito
1,0.0,0,0.0,0,0,1,0,0,0,0,0,0,0,0,0,0,gratuito
2,0.0,0,0.0,3,3,1,0,0,0,1,0,0,0,0,0,1,gratuito
1,10000.0,12,1.0,4,2,1,0,0,0,1,0,0,0,1,0,0,medio_baixo
7,35000.0,1,0.0,1,1,1,1,1,0,0,0,0,1,0,0,0,medio_baixo
1,10000.0,2,0.5,2,2,1,0,0,0,0,0,0,0,0,1,1,medio_baixo
9,10000.0,42,0.8333333333333334,1,3,1,0,0,0,1,0,0,0,1,1,0,medio_alto
2,10000.0,2,1.0,1,5,1,0,0,0,1,0,1,1,0,0,1,medio_alto
7,35000.0,9,0.7777777777777778,1,2,1,0,0,0,1,0,0,0,0,1,0,gratuito
8,10000.0,0,0.0,1,2,1,0,0,0,0,1,1,0,0,0,0,baixo
6,75000.0,893,0.799552071668533,3,3,1,0,1,0,0,0,1,0,0,1,1,medio_baixo
8,10000.0,1,1.0,1,3,1,0,0,0,0,0,0,1,1,0,0,medio_baixo
1,0.0,0,0.0,1,4,1,0,0,0,1,0,1,1,0,1,0,medio_alto
2,10000.0,8,0.75,1,1,1,0,0,0,0,0,0,1,0,0,0,baixo
8,10000.0,18,0.9444444444444444,1,2,1,0,0,0,1,1,0,0,0,0,0,medio_baixo
3,10000.0,0,0.0,1,1,1,0,0,0,0,0,1,0,0,0,0,alto
1,0.0,0,0.0,0,0,1,0,0,0,0,0,0,0,0,0,0,gratuito
2,10000.0,1,1.0,1,4,1,0,0,0,1,1,1,0,0,1,0,medio_alto
1,10000.0,0,0.0,1,1,1,0,0,0,0,0,1,0,0,0,0,baixo
1,10000.0,0,0.0,2,5,1,0,0,0,1,1,1,0,1,0,0,alto
4,10000.0,6,1.0,3,3,1,1,1,0,1,1,0,1,0,0,0,medio_baixo
2,10000.0,1,1.0,1,3,1,0,1,0,1,0,0,1,1,0,0,baixo
8,10000.0,4,0.75,1,6,1,0,0,0,1,1,1,1,0,0,0,baixo
1,0.0,0,0.0,0,0,1,0,0,0,0,0,0,0,0,0,0,gratuito
3,0.0,0,0.0,1,7,1,0,0,0,1,1,1,1,0,1,1,gratuito
4,75000.0,660,0.9333333333333333,1,3,1,0,1,0,1,1,0,0,0,0,0,medio_alto
3,10000.0,1,0.0,26,5,1,0,0,0,1,0,0,0,0,0,1,baixo
4,10000.0,2,1.0,1,3,1,0,0,0,1,0,1,1,0,0,0,medio_alto
2,0.0,0,0.0,1,7,1,0,0,0,1,0,1,1,1,1,1,gratuito
6,10000.0,10,0.4,1,1,1,0,0,0,1,0,0,0,0,0,0,baixo
9,350000.0,248,0.2782258064516129,2,2,1,0,0,0,1,0,0,1,0,0,0,medio_baixo
1,0.0,0,0.0,1,2,1,0,0,0,0,0,1,0,1,0,0,medio_baixo
3,0.0,0,0.0,0,0,1,0,0,0,0,0,0,0,0,0,0,gratuito
4,75000.0,4011,0.9895287958115183,16,1,1,0,1,1,0,0,0,1,0,0,0,baixo
2,10000.0,28,0.8928571428571429,1,1,1,0,0,0,0,0,1,0,0,0,0,baixo
1,0.0,0,0.0,2,4,1,0,1,0,1,0,1,1,0,1,0,medio_baixo
11,10000.0,7,0.2857142857142857,1,1,1,1,1,0,1,0,0,0,0,0,0,baixo
2,10000.0,24,0.875,1,4,1,1,0,0,1,0,0,1,0,1,1,medio_baixo
3,10000.0,11,0.9090909090909091,103,3,1,0,0,0,1,0,0,1,0,1,0,baixo
3,10000.0,0,0.0,16,1,1,0,0,0,0,0,0,0,0,0,1,alto
2,0.0,0,0.0,1,2,1,0,0,0,1,0,0,0,0,0,0,gratuito
5,150000.0,932,0.8068669527896996,11,4,1,0,0,0,0,0,0,1,1,1,0,gratuito
6,10000.0,6,0.3333333333333333,1,1,1,0,0,0,0,0,0,1,0,0,0,medio_baixo
8,10000.0,31,0.8709677419354839,1,3,1,1,0,2,1,0,0,1,1,0,0,medio_baixo
2,10000.0,17,1.0,5,2,1,0,0,0,1,0,0,1,0,0,0,alto
5,10000.0,7,0.2857142857142857,1,2,1,0,0,0,0,1,1,0,0,0,0,alto
1,10000.0,0,0.0,3,3,1,0,0,0,1,0,0,0,0,1,1,medio_baixo
1,0.0,0,0.0,1,2,1,0,0,0,1,1,0,0,0,0,0,alto
5,35000.0,125,0.864,103,3,1,0,0,0,1,0,1,1,0,0,0,baixo
6,10000.0,9,0.6666666666666666,2,2,1,0,0,0,1,1,0,0,0,0,0,alto
2,10000.0,1,1.0,1,1,1,0,0,0,1,0,0,0,0,0,0,baixo
1,10000.0,0,0.0,2,4,1,0,1,0,1,0,1,0,1,1,0,alto
5,350000.0,2219,0.932401982875169,12,1,1,0,0,1,0,0,0,0,1,0,0,alto
10,75000.0,158,0.5189873417721519,1,8,1,0,0,0,1,1,1,1,0,0,0,baixo
6,10000.0,32,0.8125,3,2,1,0,0,0,1,0,1,0,0,0,0,baixo
7,10000.0,21,0.8571428571428571,1,3,1,0,0,0,1,1,0,1,0,0,0,gratuito
4,10000.0,10,0.6,1,5,1,0,0,0,1,1,1,1,0,1,0,baixo
3,0.0,0,0.0,1,1,1,1,0,0,0,0,1,0,0,0,0,gratuito
2,0.0,0,0.0,103,3,1,0,0,0,1,0,0,1,0,0,1,baixo
2,0.0,0,0.0,1,4,1,0,0,0,0,0,0,1,1,1,0,gratuito
9,350000.0,3183,0.7552623311341502,3,3,1,0,0,0,0,0,0,1,1,0,1,gratuito
2,10000.0,5,1.0,13,4,1,0,0,0,1,1,1,0,0,0,0,medio_alto
2,10000.0,12,0.9166666666666666,10,7,1,0,0,0,1,1,0,1,0,0,1,medio_baixo
4,0.0,0,0.0,1,5,1,0,0,0,1,1,0,1,0,0,0,gratuito
1,10000.0,0,0.0,1,2,1,0,0,0,0,1,0,0,0,0,0,medio_baixo
9,10000.0,902,0.926829268292683,8,3,1,1,1,1,1,0,1,1,0,0,0,medio_alto
2,10000.0,554,0.7166064981949458,11,4,1,0,0,0,1,1,0,1,0,1,0,baixo
3,10000.0,148,0.7837837837837838,1,4,1,0,0,0,1,1,0,0,0,0,1,alto
5,35000.0,42,0.7380952380952381,7,3,1,0,0,0,1,1,1,0,0,0,0,medio_alto
1,0.0,0,0.0,103,3,1,0,0,2,1,0,0,1,0,0,0,medio_baixo
8,10000.0,7,1.0,4,2,1,1,1,0,1,0,0,1,0,0,0,medio_baixo
3,10000.0,116,0.75,1,5,1,0,0,0,1,1,1,1,0,0,0,alto
2,0.0,0,0.0,0,0,1,0,0,0,0,0,0,0,0,0,0,gratuito
3,10000.0,0,0.0,2,1,1,0,0,0,0,0,0,1,0,0,0,gratuito
1,10000.0,0,0.0,12,3,1,1,1,0,1,0,0,1,0,1,0,baixo
1,10000.0,0,0.0,13,4,1,1,1,0,1,0,0,0,0,1,1,alto
9,10000.0,152,0.9013157894736842,4,3,1,0,0,0,1,1,1,0,0,0,0,medio_baixo
4,10000.0,1,1.0,1,6,1,0,0,0,1,1,1,1,1,1,0,alto
1,10000.0,6,0.6666666666666666,1,5,1,0,0,0,1,1,1,1,0,0,1,medio_baixo
6,35000.0,146,0.773972602739726,3,2,1,0,0,0,1,0,0,0,1,0,0,alto
1,10000.0,11,0.8181818181818182,2,1,1,0,0,0,0,1,0,0,0,0,0,medio_alto
2,10000.0,6,0.6666666666666666,1,2,1,0,0,0,0,1,0,1,0,0,0,baixo
1,10000.0,0,0.0,1,4,1,0,0,0,1,0,1,1,0,0,0,gratuito
6,10000.0,3,0.6666666666666666,3,3,1,0,0,0,1,1,1,0,0,0,0,baixo
10,10000.0,56,0.9107142857142857,4,1,1,0,0,1,0,1,0,0,0,0,0,medio_baixo
6,10000.0,0,0.0,1,1,1,0,0,0,0,0,0,0,1,0,0,medio_baixo
3,10000.0,1,1.0,2,4,1,0,0,0,1,0,1,1,0,0,1,medio_baixo
6,10000.0,5,0.2,15,2,1,0,0,0,0,0,0,1,0,0,1,medio_baixo
2,10000.0,19,0.8947368421052632,1,4,1,0,0,0,1,0,1,1,0,0,0,medio_alto
1,10000.0,0,0.0,17,2,1,0,1,1,0,1,1,0,0,0,0,alto
3,10000.0,1,1.0,1,1,1,0,0,0,0,1,0,0,0,0,0,medio_alto
11,10000.0,14437,0.6162637667105354,8,1,1,0,0,782,0,0,0,0,0,0,1,alto
9,10000.0,40,0.65,3,5,1,0,0,0,0,1,0,1,0,0,0,baixo
5,10000.0,4,0.75,1,4,1,0,0,0,0,1,0,1,0,0,0,medio_alto
10,350000.0,757,0.6908850726552179,7,5,1,0,0,0,0,1,1,0,1,0,0,gratuito
9,75000.0,496,0.8487903225806451,2,2,1,0,0,2,0,0,1,0,0,1,0,medio_alto
1,35000.0,263,0.8935361216730038,1,3,1,0,0,0,1,1,1,0,0,0,0,medio_alto
6,10000.0,4,1.0,1,1,1,0,0,0,1,0,0,0,0,0,0,baixo
1,10000.0,5,0.8,1,4,1,0,0,0,1,0,0,1,0,0,0,alto
1,0.0,0,0.0,1,3,1,0,0,0,1,0,0,1,0,0,1,baixo
1,10000.0,0,0.0,1,3,1,1,0,1,1,1,1,0,0,0,0,medio_alto
5,10000.0,8,0.25,1,1,1,0,0,0,0,0,0,1,0,0,0,baixo
2,150000.0,4466,0.8419167039856695,12,1,1,0,0,2,0,0,0,0,0,0,1,alto
4,10000.0,9,0.5555555555555556,1,2,1,1,0,0,0,0,0,1,0,0,0,gratuito
3,10000.0,20,1.0,1,4,1,0,0,0,1,1,1,1,0,0,0,medio_alto
1,10000.0,2,1.0,1,1,1,0,0,0,0,0,0,0,1,0,0,medio_baixo
2,10000.0,0,0.0,5,5,1,1,0,0,1,0,0,1,0,1,1,gratuito
7,10000.0,5,0.4,1,4,1,0,0,0,1,1,1,0,0,0,0,alto
1,10000.0,0,0.0,1,1,1,0,0,0,0,0,0,1,0,0,0,medio_alto
3,10000.0,0,0.0,1,5,1,0,0,0,1,1,0,1,0,0,0,gratuito
11,10000.0,97,0.4742268041237113,1,2,1,0,0,0,1,1,0,0,0,0,0,medio_baixo
3,0.0,0,0.0,0,0,1,0,0,0,0,0,0,0,0,0,0,gratuito
3,10000.0,16,0.875,2,2,1,0,0,0,1,0,0,0,0,1,0,alto
2,10000.0,79,0.8481012658227848,1,2,1,1,1,0,1,0,1,0,0,0,0,medio_alto
1,0.0,0,0.0,2,3,1,0,0,0,1,0,1,0,0,0,1,medio_baixo
3,35000.0,4,0.5,1,3,1,0,0,0,0,0,0,1,0,1,1,medio_alto
10,350000.0,241,0.6887966804979253,1,2,1,0,0,1,1,0,0,1,0,0,0,baixo
3,150000.0,1398,0.9649499284692418,7,3,1,1,1,1,1,0,0,0,0,0,1,alto
1,10000.0,0,0.0,17,3,1,1,1,0,1,1,1,0,0,0,0,alto
8,10000.0,58,0.6379310344827587,15,4,1,0,0,0,1,1,1,0,0,0,0,baixo
7,1500000.0,35679,0.9225875164662687,1,4,1,0,0,1,1,1,1,0,0,0,1,alto
2,10000.0,6,1.0,2,2,1,0,1,0,1,0,0,0,1,0,0,medio_baixo
1,10000.0,0,0.0,1,3,1,1,0,3,1,0,0,0,1,0,1,medio_alto
1,0.0,0,0.0,1,2,1,0,0,0,1,0,0,1,0,0,0,baixo
8,10000.0,24,0.75,12,4,1,1,1,0,1,0,1,1,0,0,1,baixo
9,75000.0,314,0.5636942675159236,2,3,1,0,1,0,1,0,1,1,0,0,0,baixo
3,10000.0,58,1.0,10,3,1,1,1,0,1,0,1,1,0,0,0,medio_baixo
6,10000.0,8,0.875,1,4,1,0,0,0,1,1,1,1,0,0,0,medio_baixo
8,10000.0,49,0.4489795918367347,1,2,1,0,0,1,0,1,1,0,0,0,0,gratuito
7,10000.0,37,0.6756756756756757,6,4,1,0,0,0,1,1,0,0,1,0,0,gratuito
7,10000.0,1,1.0,1,2,1,0,0,0,1,0,0,1,0,0,0,baixo
7,10000.0,4,1.0,1,3,1,0,0,0,1,1,1,0,0,0,0,medio_alto
9,10000.0,12,0.4166666666666667,1,4,1,1,1,0,1,0,1,0,1,0,0,alto
1,0.0,0,0.0,1,4,1,0,0,0,1,0,1,1,0,0,0,gratuito
1,10000.0,6,0.6666666666666666,5,4,1,0,0,0,1,0,0,1,0,1,1,baixo
4,1500000.0,28455,0.7287998594271657,12,1,1,0,0,1,0,0,0,0,1,0,0,medio_alto
4,75000.0,334,0.7485029940119761,1,3,1,0,0,0,1,0,0,0,1,0,0,gratuito
5,0.0,0,0.0,1,6,1,0,0,0,1,1,1,1,1,0,0,gratuito
1,75000.0,7,1.0,1,2,1,0,0,0,1,1,0,0,0,0,0,baixo
1,10000.0,0,0.0,1,4,1,0,0,0,0,0,0,0,0,1,0,gratuito
7,10000.0,158,0.7341772151898734,3,5,1,0,0,0,1,0,0,1,0,1,1,alto
3,35000.0,2,1.0,8,3,1,1,1,0,1,1,0,0,0,0,0,medio_alto
3,10000.0,17,0.9411764705882353,9,4,1,0,0,2,1,1,1,0,1,0,0,medio_baixo
3,10000.0,59,0.8135593220338984,20,3,1,0,0,0,1,1,1,0,0,0,0,medio_baixo
2,150000.0,21,0.7619047619047619,1,4,1,0,0,0,1,1,1,1,0,0,0,medio_baixo
8,35000.0,78,0.5769230769230769,2,4,1,0,0,0,1,1,1,1,0,0,0,baixo
1,10000.0,195,0.841025641025641,4,2,1,0,0,0,1,0,1,0,0,0,0,alto
8,75000.0,243,0.7530864197530864,1,4,1,0,0,0,1,0,0,0,0,1,0,gratuito
2,0.0,0,0.0,3,2,1,0,0,0,0,0,0,1,0,1,0,gratuito
1,10000.0,31,1.0,28,4,1,0,0,0,1,1,0,1,0,0,0,baixo
1,0.0,0,0.0,1,1,1,0,0,0,1,0,0,0,0,0,0,medio_baixo
1,10000.0,26,0.8461538461538461,2,2,1,0,0,0,1,0,0,0,1,0,0,medio_alto
3,10000.0,5,1.0,10,1,1,0,0,0,0,0,0,1,0,0,0,alto
9,10000.0,35,0.5714285714285714,15,4,1,1,0,0,1,0,1,1,0,0,1,alto
11,1500000.0,26767,0.9195277767400157,8,2,1,0,0,0,0,1,1,0,0,0,0,medio_alto
1,10000.0,68,0.6470588235294118,7,1,1,0,0,0,0,0,0,0,0,0,1,medio_alto
5,10000.0,5,0.6,1,4,1,0,0,0,1,1,1,0,0,0,1,medio_alto
18,150000.0,456,0.7478070175438597,1,2,1,0,0,0,0,1,1,0,0,0,0,baixo
2,10000.0,0,0.0,4,3,1,0,0,0,1,0,0,1,1,0,0,alto
1,10000.0,0,0.0,4,1,1,0,0,0,0,0,1,0,0,0,0,alto
5,10000.0,4,0.75,2,2,1,1,1,0,1,0,0,1,0,0,0,baixo
9,750000.0,8548,0.8896817969115582,9,2,1,0,0,0,0,1,1,0,0,0,0,medio_alto
3,0.0,0,0.0,0,0,1,0,0,0,0,0,0,0,0,0,0,gratuito
3,0.0,0,0.0,0,0,1,0,0,0,0,0,0,0,0,0,0,gratuito
7,35000.0,51,0.7843137254901961,7,3,1,0,0,0,1,0,0,0,0,1,1,medio_baixo
7,150000.0,2593,0.6606247589664481,9,3,1,0,0,0,1,0,0,0,0,1,1,alto
1,0.0,0,0.0,3,2,1,0,0,0,1,0,0,1,0,0,0,medio_baixo
4,10000.0,1,1.0,1,4,1,0,0,0,1,0,0,1,1,1,0,alto
2,750000.0,21628,0.7618365082300721,14,2,1,1,0,2,0,0,0,0,0,1,1,alto
1,10000.0,2,0.0,5,3,1,0,0,0,1,1,0,0,0,0,0,medio_baixo
8,10000.0,1,1.0,1,3,1,0,0,0,1,0,1,0,0,0,0,medio_alto
10,10000.0,25,0.72,3,2,1,0,0,0,1,1,0,0,0,0,0,gratuito
9,10000.0,11,0.2727272727272727,1,2,1,1,0,0,1,1,0,0,0,0,0,medio_alto
8,10000.0,39,0.8461538461538461,1,3,1,0,0,0,1,1,1,0,0,0,0,gratuito
1,0.0,0,0.0,1,5,1,0,0,0,1,0,1,0,1,1,0,alto
6,35000.0,283,0.9257950530035336,5,1,1,1,1,0,1,0,0,0,0,0,0,medio_baixo
2,10000.0,4,0.75,1,2,1,0,0,0,1,0,0,0,0,1,0,baixo
16,750000.0,4543,0.9145938806955756,5,2,1,0,0,4,0,1,1,0,0,0,0,baixo
8,10000.0,19,0.6842105263157895,1,4,1,0,0,0,0,1,1,1,0,0,0,alto
1,10000.0,21,0.7619047619047619,1,2,1,0,0,0,0,1,1,0,0,0,0,medio_alto
1,0.0,0,0.0,11,4,1,0,0,0,1,0,0,1,0,0,1,gratuito
2,10000.0,0,0.0,8,1,1,0,0,0,0,0,0,1,0,0,0,medio_alto
2,10000.0,193,0.3316062176165803,103,5,1,0,0,0,1,1,1,0,1,0,0,medio_alto
2,10000.0,0,0.0,1,1,1,0,0,0,0,0,1,0,0,0,0,gratuito
1,0.0,0,0.0,1,1,1,0,0,0,0,1,0,0,0,0,0,medio_alto
4,75000.0,728,0.864010989010989,8,2,1,0,0,0,1,0,1,0,0,0,0,medio_alto
5,750000.0,11773,0.9587191030323622,13,4,1,1,1,2,1,0,1,1,1,0,0,medio_baixo
2,10000.0,19,0.8947368421052632,1,3,1,1,0,0,1,0,0,1,0,0,1,medio_baixo
4,0.0,0,0.0,1,2,1,0,0,0,1,0,0,0,0,0,0,gratuito
2,10000.0,1,0.0,1,2,1,0,0,0,1,0,0,0,0,1,0,baixo
8,750000.0,9925,0.8036272040302267,22,3,1,1,0,2,1,0,1,1,0,0,0,medio_baixo
10,10000.0,33,0.8484848484848485,4,1,1,0,0,1,0,1,0,0,0,0,0,medio_baixo
8,10000.0,24,0.7083333333333334,3,4,1,0,0,0,1,0,1,0,1,1,0,alto
8,10000.0,1,1.0,2,4,1,0,0,0,1,0,1,1,0,0,0,baixo
1,0.0,0,0.0,7,4,1,0,0,1,1,0,1,1,0,0,1,medio_baixo
8,10000.0,13,0.38461538461538464,8,2,1,0,0,0,0,1,1,0,0,0,0,baixo
7,10000.0,0,0.0,1,4,1,0,0,0,1,0,0,1,1,0,0,gratuito
8,350000.0,523,0.5908221797323135,13,3,1,0,0,0,0,1,1,0,0,0,0,gratuito
7,10000.0,0,0.0,1,2,1,0,0,0,1,0,0,1,0,0,0,medio_alto
2,350000.0,53,0.9056603773584906,4,5,1,0,0,0,1,1,1,0,1,0,0,medio_alto
1,10000.0,0,0.0,11,4,1,0,0,0,1,1,1,1,0,0,0,medio_alto
2,750000.0,19349,0.6283528864540803,10,3,1,0,0,8,0,1,0,0,0,0,1,alto
3,10000.0,1,1.0,1,5,1,1,0,0,1,1,1,1,1,0,0,baixo
2,10000.0,9,0.8888888888888888,2,1,1,0,0,0,0,0,0,0,1,0,0,medio_alto
4,0.0,0,0.0,1,1,1,0,0,0,1,0,0,0,0,0,0,gratuito
2,0.0,0,0.0,1,4,1,0,0,0,1,0,1,0,0,0,1,gratuito
2,10000.0,7,0.7142857142857143,2,1,1,0,0,4,0,0,0,0,0,0,1,medio_alto
4,10000.0,14,0.7142857142857143,1,3,1,0,0,0,1,0,1,1,0,0,0,baixo
1,0.0,0,0.0,11,2,1,1,1,0,1,0,0,1,0,0,0,medio_alto
4,150000.0,3288,0.7989659367396593,9,1,1,0,0,2,0,0,0,0,1,0,0,alto
2,0.0,0,0.0,0,0,1,0,0,0,0,0,0,0,0,0,0,gratuito
5,10000.0,12,0.9166666666666666,1,5,1,1,1,0,1,1,1,1,1,0,0,medio_alto
5,35000.0,21,1.0,1,1,1,0,0,0,0,0,0,1,0,0,0,baixo
9,150000.0,1438,0.8643949930458971,11,3,1,0,0,0,1,1,1,0,0,0,0,medio_alto
6,10000.0,0,0.0,1,4,1,0,0,0,1,1,0,1,0,1,0,gratuito
4,10000.0,54,0.6851851851851852,3,3,1,0,0,1,1,0,0,0,1,1,0,medio_alto
7,10000.0,81,0.8024691358024691,1,2,1,1,0,0,1,0,1,0,0,0,0,medio_alto
8,10000.0,16,0.625,1,2,1,0,0,0,1,0,0,1,0,0,0,baixo
2,10000.0,18,0.8333333333333334,1,2,1,0,0,1,1,0,1,0,0,0,0,medio_alto
1,10000.0,6,0.8333333333333334,2,1,1,0,0,0,1,0,0,0,0,0,0,baixo
1,10000.0,0,0.0,11,2,1,0,0,0,1,0,0,1,0,0,0,medio_alto
5,0.0,0,0.0,1,2,1,0,0,0,0,0,0,0,0,1,0,gratuito
6,10000.0,29,0.5862068965517241,2,3,1,0,0,0,1,1,1,0,0,0,0,baixo
3,10000.0,5,0.8,1,1,1,0,0,0,0,0,0,0,0,1,0,medio_baixo
7,10000.0,15,0.4,9,5,1,0,0,0,1,0,0,1,0,1,1,medio_alto
2,10000.0,0,0.0,3,3,1,0,0,1,0,0,0,0,0,1,0,gratuito
7,10000.0,18,0.7777777777777778,1,2,1,0,0,0,0,1,1,0,0,0,0,medio_baixo
5,10000.0,284,0.9084507042253521,1,2,1,0,0,0,1,0,1,0,0,0,0,baixo
3,10000.0,4,1.0,1,4,1,1,1,0,1,1,1,1,0,0,0,medio_alto
5,0.0,0,0.0,1,6,1,0,0,0,1,1,1,1,1,0,0,gratuito
8,10000.0,2,1.0,1,1,1,0,0,0,1,0,0,0,0,0,0,baixo
1,10000.0,0,0.0,2,5,1,0,0,0,1,1,1,1,0,0,1,baixo
12,75000.0,659,0.8801213960546282,1,4,1,0,0,0,1,1,1,0,1,0,0,medio_baixo
1,0.0,0,0.0,0,0,1,0,0,0,0,0,0,0,0,0,0,gratuito
17,350000.0,1234,0.7536466774716369,7,2,1,0,0,1,0,0,0,0,1,1,0,medio_alto
5,750000.0,6813,0.9464259503889623,12,1,1,0,0,1,0,0,0,0,1,0,0,alto
7,10000.0,9,0.8888888888888888,1,3,1,0,0,0,1,1,0,0,0,0,0,alto
10,10000.0,16,0.75,5,1,1,0,0,0,0,0,0,1,0,0,0,baixo
7,10000.0,6,0.6666666666666666,10,1,1,0,0,0,1,0,0,0,0,0,0,alto
5,10000.0,97,0.9484536082474226,5,5,1,0,0,0,1,0,0,1,1,1,0,medio_alto
6,10000.0,43,0.8372093023255814,1,3,1,1,0,0,1,0,0,1,0,0,0,gratuito
2,10000.0,2,1.0,2,6,1,0,0,0,1,1,1,1,1,0,1,baixo
8,10000.0,50,0.72,1,3,1,0,0,0,1,0,0,0,1,1,0,baixo
6,10000.0,68,1.0,1,3,1,1,1,2,1,0,0,1,0,0,1,medio_alto
9,10000.0,51,0.9803921568627451,2,1,1,1,0,0,1,0,0,0,0,0,0,alto
6,75000.0,18,1.0,1,1,1,0,0,0,1,0,0,0,0,0,0,medio_alto
7,10000.0,2,0.5,2,2,1,0,0,0,0,0,0,0,0,0,1,medio_alto
3,10000.0,0,0.0,10,3,1,0,0,1,0,1,0,1,0,0,0,medio_alto
1,0.0,0,0.0,103,3,1,0,0,1,1,0,0,1,0,0,0,gratuito
10,10000.0,116,0.9568965517241379,2,2,1,0,0,1,0,0,1,1,0,0,0,medio_alto
9,10000.0,3,0.3333333333333333,1,2,1,0,0,0,1,1,0,0,0,0,0,medio_baixo
1,0.0,0,0.0,0,0,1,0,0,0,0,0,0,0,0,0,0,gratuito
5,10000.0,0,0.0,103,2,1,0,0,0,1,0,1,0,0,0,0,baixo
9,10000.0,10,0.4,1,1,1,0,0,0,0,0,0,0,0,0,0,alto
3,0.0,0,0.0,0,0,1,0,0,0,0,0,0,0,0,0,0,gratuito
4,10000.0,27,0.7777777777777778,3,2,1,0,0,0,0,0,1,0,0,1,0,alto
3,0.0,0,0.0,1,5,1,0,0,0,1,1,0,1,1,0,0,gratuito
2,10000.0,1,1.0,1,2,1,0,0,0,0,1,0,1,0,0,0,baixo
3,35000.0,41,0.5121951219512195,1,5,1,0,0,0,1,0,1,0,0,1,1,gratuito
2,10000.0,1,0.0,1,1,1,0,0,0,0,1,0,0,0,0,0,medio_baixo
4,10000.0,12,0.9166666666666666,1,5,1,0,0,0,1,0,1,1,1,0,0,alto
10,35000.0,132,0.6666666666666666,2,3,1,1,0,0,1,1,1,0,0,0,0,medio_alto
9,10000.0,26,0.9230769230769231,9,4,1,0,0,0,0,0,1,1,0,1,1,medio_baixo
2,10000.0,0,0.0,1,4,1,0,0,0,1,1,1,0,0,0,0,gratuito
12,35000.0,106,0.16037735849056603,1,4,1,1,0,0,1,1,1,0,0,0,1,baixo
2,10000.0,4,1.0,2,2,1,0,0,0,1,0,0,0,0,1,0,medio_alto
2,10000.0,0,0.0,1,4,1,0,0,0,1,0,1,1,0,1,0,medio_alto
2,10000.0,18,0.8888888888888888,2,4,1,0,0,0,1,0,1,1,0,1,0,baixo
2,10000.0,8,1.0,6,2,1,0,1,0,1,0,0,1,0,0,0,medio_alto
9,35000.0,1,0.0,1,3,1,0,0,1,1,0,1,1,0,0,0,medio_baixo
1,0.0,0,0.0,1,5,1,0,0,0,1,1,1,0,0,0,0,gratuito
9,10000.0,14,0.7142857142857143,1,1,1,0,0,0,0,0,0,0,0,0,0,medio_baixo
8,10000.0,43,0.9534883720930233,1,3,1,0,0,0,1,1,0,1,0,0,0,baixo
7,35000.0,392,0.9770408163265306,12,3,1,1,1,1,1,1,1,0,0,0,0,alto
1,0.0,0,0.0,0,0,1,0,0,0,0,0,0,0,0,0,0,gratuito
7,10000.0,28,0.9285714285714286,1,2,1,0,0,0,1,0,0,1,0,0,0,medio_baixo
2,10000.0,33,1.0,1,2,1,0,0,0,1,0,1,0,0,0,0,medio_alto
1,10000.0,0,0.0,13,3,1,1,1,1,1,0,0,0,0,1,1,alto
9,10000.0,7,1.0,1,4,1,0,0,0,1,1,0,1,0,0,0,medio_baixo
3,10000.0,10,1.0,1,3,1,0,0,0,1,0,0,0,1,1,0,medio_baixo
3,10000.0,70,0.8285714285714286,2,1,1,1,1,0,0,0,1,0,0,0,0,baixo
1,0.0,0,0.0,1,3,1,0,0,0,1,1,0,0,0,0,0,gratuito
4,10000.0,6,0.6666666666666666,1,1,1,1,0,0,0,1,0,0,0,0,0,gratuito
2,10000.0,79,1.0,10,3,1,0,0,0,1,0,1,1,0,0,0,alto
8,75000.0,125,0.48,17,2,1,0,0,0,0,0,0,0,0,1,0,gratuito
9,35000.0,6,0.6666666666666666,1,1,1,0,0,0,0,0,0,0,1,0,0,medio_baixo
8,35000.0,470,0.9595744680851064,1,2,1,0,0,3,1,0,0,1,0,0,0,medio_alto
10,750000.0,4637,0.6506361871899935,1,6,1,1,0,0,1,0,0,1,0,1,1,gratuito
1,0.0,0,0.0,1,4,1,0,0,0,1,0,0,0,1,0,0,gratuito
3,10000.0,14,0.9285714285714286,1,5,1,0,0,0,1,1,0,1,1,0,0,medio_alto
3,0.0,0,0.0,0,0,1,0,0,0,0,0,0,0,0,0,0,gratuito
2,10000.0,1,1.0,1,4,1,1,1,0,1,1,0,1,0,0,0,baixo
6,10000.0,56,0.6428571428571429,103,4,1,0,0,0,0,1,1,0,0,1,1,baixo
4,10000.0,0,0.0,4,10,1,0,0,0,1,1,1,1,1,1,1,baixo
3,35000.0,45,0.7111111111111111,5,2,1,0,0,0,0,0,0,0,0,1,1,medio_baixo
13,350000.0,784,0.7844387755102041,1,2,1,1,1,0,0,1,0,0,0,1,0,baixo
2,10000.0,0,0.0,2,3,1,0,0,0,1,1,1,0,0,0,0,baixo
4,10000.0,159,0.8176100628930818,1,3,1,0,0,0,1,1,1,0,0,0,0,baixo
6,10000.0,8,0.625,4,5,1,0,0,0,1,0,0,1,0,1,1,alto
1,10000.0,0,0.0,3,1,1,0,0,0,0,1,0,0,0,0,0,medio_baixo
7,35000.0,417,0.750599520383693,1,3,1,1,1,1,1,1,1,0,0,0,0,medio_alto
4,10000.0,46,0.8043478260869565,10,3,1,0,1,3,0,0,1,1,0,0,1,baixo
5,750000.0,9273,0.8599158848269168,12,1,1,0,0,92,0,1,0,0,0,0,0,medio_alto
1,10000.0,3,1.0,2,2,1,0,0,0,1,0,1,0,0,0,0,baixo
11,35000.0,69,0.5797101449275363,1,3,1,1,0,0,1,0,0,0,0,1,1,baixo
2,10000.0,16,0.875,2,3,1,0,0,0,1,1,1,0,0,0,0,medio_baixo
4,10000.0,7,0.8571428571428571,1,5,1,0,0,0,1,0,1,1,0,0,1,alto
4,10000.0,33,1.0,2,2,1,0,0,0,1,0,1,0,0,0,0,alto
1,0.0,0,0.0,0,0,1,0,0,0,0,0,0,0,0,0,0,gratuito
1,0.0,0,0.0,1,1,1,0,0,0,1,0,0,0,0,0,0,baixo
6,150000.0,115,0.9130434782608695,1,3,1,0,0,0,0,1,1,1,0,0,0,baixo
1,10000.0,17,0.8823529411764706,30,4,1,0,0,0,1,0,0,1,0,0,0,medio_baixo
2,0.0,0,0.0,9,5,1,0,0,0,1,1,0,1,0,0,0,gratuito
1,10000.0,1,1.0,1,3,1,1,1,0,1,0,1,0,1,0,0,medio_alto
1,10000.0,25,0.8,1,3,1,0,0,0,1,0,1,0,0,1,0,medio_alto
7,10000.0,137,0.7591240875912408,103,1,1,0,0,1,1,0,0,0,0,0,0,baixo
2,75000.0,28,0.7142857142857143,1,2,1,0,0,0,0,0,0,0,1,1,0,medio_baixo
1,0.0,0,0.0,9,2,1,0,0,0,0,1,0,0,0,0,0,gratuito
9,10000.0,28,0.8571428571428571,1,4,1,0,0,0,1,1,1,1,0,0,0,medio_baixo
6,10000.0,5,0.6,2,1,1,0,0,0,0,0,0,0,0,0,1,medio_baixo
6,150000.0,1207,0.792046396023198,8,4,1,0,0,0,1,0,0,1,0,0,1,gratuito
8,35000.0,214,0.9485981308411215,3,1,1,0,0,1,0,1,0,0,0,0,0,medio_alto
1,10000.0,0,0.0,2,3,1,0,0,0,1,0,0,0,0,1,1,baixo
1,10000.0,0,0.0,1,3,1,0,0,0,1,1,0,0,1,0,0,medio_baixo
1,0.0,0,0.0,1,3,1,0,0,0,0,1,1,0,0,0,0,gratuito
9,10000.0,132,0.5151515151515151,1,3,1,1,0,0,1,1,0,0,0,0,1,gratuito
5,35000.0,22,0.8636363636363636,1,3,1,0,0,0,1,0,1,0,1,0,0,baixo
8,35000.0,32,0.75,1,2,1,0,0,0,1,0,0,0,0,0,0,gratuito
1,10000.0,0,0.0,2,1,1,0,0,1,0,0,0,0,0,0,1,alto
3,10000.0,2,0.0,1,2,1,0,0,0,1,0,0,1,0,0,0,medio_baixo
7,10000.0,20,0.65,1,4,1,0,0,0,0,1,0,1,0,1,1,medio_baixo
7,10000.0,613,0.7830342577487766,5,4,1,1,1,1,1,1,1,0,1,0,0,medio_baixo
8,35000.0,100,0.34,2,1,1,0,0,0,0,0,1,0,0,0,0,baixo
4,10000.0,4,0.75,4,3,1,0,0,0,1,1,1,0,0,0,0,medio_alto
4,0.0,0,0.0,1,4,1,0,0,0,1,0,1,0,1,1,0,gratuito
6,10000.0,0,0.0,29,2,1,1,1,3,1,0,0,1,0,0,0,medio_alto
8,150000.0,420,0.7142857142857143,6,3,1,0,0,0,1,0,0,1,0,0,1,baixo
6,35000.0,148,0.5675675675675675,2,5,1,0,0,0,1,1,1,1,1,0,0,baixo
2,150000.0,1768,0.7403846153846154,12,3,1,0,0,0,1,1,0,0,0,0,1,baixo
2,0.0,0,0.0,0,0,1,0,0,0,0,0,0,0,0,0,0,gratuito
8,75000.0,58,0.5689655172413793,1,4,1,1,1,0,1,1,1,0,1,0,0,baixo
1,10000.0,8,0.75,1,4,1,0,0,0,1,1,1,0,1,0,0,alto
6,350000.0,1082,0.8835489833641405,1,3,1,0,0,0,0,1,0,0,0,0,1,gratuito
11,75000.0,172,0.5116279069767442,6,4,1,1,0,1,1,1,1,0,0,1,0,baixo
1,10000.0,0,0.0,5,1,1,1,1,1,0,0,0,0,1,0,0,alto
8,10000.0,4,0.75,1,1,1,0,0,0,1,0,0,0,0,0,0,medio_baixo
8,10000.0,11,0.2727272727272727,1,2,1,0,1,0,1,0,0,1,0,0,0,baixo
3,10000.0,1,0.0,2,2,1,0,0,0,0,1,0,0,0,0,1,medio_alto
2,10000.0,27,0.6296296296296297,1,2,1,0,0,0,0,0,1,0,0,0,1,medio_alto
1,10000.0,1,0.0,2,1,1,0,0,0,1,0,0,0,0,0,0,alto
9,10000.0,27,0.8888888888888888,8,2,1,1,1,0,1,0,0,1,0,0,0,medio_baixo
6,35000.0,22,0.8181818181818182,1,2,1,0,0,0,1,0,0,0,0,0,0,gratuito
10,35000.0,257,0.7003891050583657,1,3,1,0,0,0,1,0,0,1,0,1,0,baixo
3,10000.0,6,1.0,1,3,1,0,1,0,0,0,0,0,0,0,0,gratuito
6,10000.0,111,0.7477477477477478,1,1,1,0,0,0,0,0,0,1,0,0,0,medio_alto
1,0.0,0,0.0,1,1,1,0,0,0,0,0,0,0,0,1,0,medio_alto
2,10000.0,9,0.8888888888888888,3,4,1,0,0,2,1,1,0,0,1,0,0,medio_alto
5,35000.0,726,0.9724517906336089,6,3,1,0,0,0,1,1,1,0,0,0,0,medio_alto
6,35000.0,29,0.896551724137931,1,3,1,0,0,0,0,0,0,0,0,1,1,gratuito
6,10000.0,5,1.0,1,3,1,1,1,0,0,0,0,0,0,0,0,medio_baixo
5,0.0,0,0.0,0,0,1,0,0,0,0,0,0,0,0,0,0,gratuito
3,10000.0,3,1.0,1,4,1,0,0,1,1,1,1,1,0,0,0,baixo
8,10000.0,8,0.375,1,3,1,0,0,0,1,1,1,0,0,0,0,medio_baixo
4,0.0,0,0.0,1,3,1,0,0,0,1,0,0,1,0,0,0,gratuito
5,10000.0,7,0.8571428571428571,5,3,1,0,0,1,1,1,1,0,0,0,0,medio_alto
3,10000.0,130,0.8538461538461538,15,4,1,0,0,0,1,1,1,0,1,0,0,medio_baixo
10,10000.0,42,0.8095238095238095,1,5,1,0,0,0,1,1,1,0,1,0,0,medio_baixo
6,10000.0,20,0.7,2,2,1,0,0,0,1,0,1,0,0,0,0,baixo
1,10000.0,0,0.0,1,1,1,0,1,0,0,0,0,0,0,1,0,medio_alto
3,10000.0,4,0.75,1,4,1,0,0,0,1,1,1,0,0,0,1,alto
5,0.0,0,0.0,0,0,1,0,0,0,0,0,0,0,0,0,0,gratuito
2,10000.0,0,0.0,1,1,1,0,0,0,0,1,0,0,0,0,0,medio_alto
11,10000.0,84,0.6547619047619048,6,2,1,0,0,0,1,0,1,0,0,0,0,alto
7,10000.0,12,0.6666666666666666,7,2,1,0,0,3,1,1,0,0,0,0,0,baixo
1,0.0,0,0.0,5,1,1,0,0,0,0,1,0,0,0,0,0,medio_alto
4,10000.0,3,1.0,1,3,1,0,0,0,1,1,0,0,0,0,0,medio_baixo
5,10000.0,60,0.8333333333333334,2,2,1,0,0,0,0,0,1,1,0,0,0,alto
3,10000.0,10,0.9,1,2,1,0,0,0,1,0,1,0,0,0,0,medio_alto
3,10000.0,0,0.0,1,1,1,0,0,0,1,0,0,0,0,0,0,alto
11,1500000.0,20902,0.8982394029279495,8,1,1,0,0,4,0,1,0,0,0,0,0,medio_alto
3,10000.0,5,1.0,1,2,1,0,0,0,1,1,0,0,0,0,0,medio_baixo
8,10000.0,12,0.4166666666666667,1,4,1,0,0,0,1,0,1,0,1,0,0,gratuito
2,150000.0,2626,0.8412033511043412,7,5,1,0,0,0,1,0,1,1,1,0,0,alto
1,10000.0,1,1.0,1,3,1,0,0,0,0,1,0,1,0,0,0,baixo
15,75000.0,385,0.7428571428571429,1,3,1,0,0,0,1,0,1,0,1,0,0,alto
2,10000.0,13,1.0,1,1,1,0,0,0,1,0,0,0,0,0,0,baixo
1,0.0,0,0.0,1,1,1,1,1,0,1,0,0,0,0,0,0,baixo
5,10000.0,47,0.574468085106383,1,6,1,0,0,0,1,1,1,0,1,0,0,gratuito
10,10000.0,37,0.3783783783783784,1,4,1,0,0,0,1,1,0,0,0,0,1,medio_alto
7,75000.0,313,0.6198083067092651,1,2,1,0,0,0,1,0,0,0,0,1,0,baixo
20,75000.0,377,0.8594164456233422,1,1,1,0,0,0,0,0,0,1,0,0,0,medio_alto
2,0.0,0,0.0,0,0,1,0,0,0,0,0,0,0,0,0,0,gratuito
1,10000.0,0,0.0,13,3,1,0,0,1,0,0,0,0,0,1,1,alto
5,35000.0,31,0.6451612903225806,1,3,1,0,0,0,1,0,0,0,0,0,1,baixo
1,10000.0,6,1.0,1,4,1,0,0,0,1,1,1,0,0,0,1,baixo
12,10000.0,12,0.25,2,2,1,0,0,0,0,0,0,1,0,0,0,baixo
8,10000.0,29,0.2413793103448276,4,2,1,1,0,0,0,0,0,1,0,1,0,alto
1,10000.0,0,0.0,1,4,1,1,1,0,1,0,1,1,0,0,1,alto
1,10000.0,1,0.0,1,1,1,0,0,0,1,0,0,0,0,0,0,baixo
2,10000.0,52,0.5576923076923077,3,6,1,0,0,0,1,1,0,1,0,0,1,medio_baixo
6,10000.0,5,0.6,1,2,1,0,0,0,1,1,0,0,0,0,0,baixo
7,10000.0,36,0.6111111111111112,1,3,1,0,0,0,1,1,1,0,0,0,0,baixo
7,35000.0,13,0.6153846153846154,1,4,1,0,0,0,1,1,1,1,0,0,0,baixo
1,10000.0,0,0.0,4,3,1,0,0,0,1,0,0,1,1,0,0,alto
11,35000.0,68,0.7941176470588235,1,5,1,0,0,1,1,0,1,1,1,1,0,medio_baixo
6,75000.0,2,1.0,1,4,1,1,0,0,1,0,1,0,1,0,0,alto
5,10000.0,133,0.8947368421052632,1,2,1,0,0,0,1,0,0,1,0,0,0,baixo
2,10000.0,2,1.0,1,3,1,0,0,0,1,1,1,0,0,0,0,medio_alto
1,10000.0,0,0.0,1,3,1,1,1,0,0,0,1,1,0,0,1,medio_alto
6,10000.0,5,0.8,1,2,1,0,0,0,1,1,0,0,0,0,0,gratuito
1,0.0,0,0.0,1,3,1,0,0,0,1,0,0,1,0,0,1,alto
9,10000.0,8,0.75,11,3,1,1,1,0,1,1,0,1,0,0,0,medio_alto
1,10000.0,0,0.0,18,3,1,0,0,1,1,0,0,0,0,1,1,medio_alto
2,150000.0,2319,0.7925830099180682,8,2,1,0,0,3,0,1,0,0,1,0,0,alto
3,0.0,0,0.0,1,5,1,0,0,2,1,1,0,1,0,0,1,gratuito
6,10000.0,1,1.0,2,3,1,0,0,0,1,1,0,0,0,1,0,medio_alto
3,75000.0,604,0.8178807947019867,5,3,1,1,0,0,1,0,0,0,1,1,0,alto
2,10000.0,10,0.9,7,2,1,0,1,0,1,0,0,0,0,1,0,alto
10,150000.0,670,0.9119402985074627,1,3,1,0,0,0,1,0,0,1,0,0,0,gratuito
1,10000.0,0,0.0,2,3,1,0,0,0,0,0,1,1,0,0,1,alto
7,10000.0,5,0.8,1,3,1,0,0,0,0,0,1,1,1,0,0,medio_alto
8,10000.0,8,0.25,1,2,1,0,0,0,0,1,1,0,0,0,0,baixo
1,10000.0,50,0.92,17,3,1,0,0,1,1,0,0,1,0,0,1,medio_alto
3,0.0,0,0.0,1,1,1,0,0,0,1,0,0,0,0,0,0,gratuito
5,10000.0,8,0.25,29,4,1,1,1,0,1,1,0,0,0,1,1,alto
2,10000.0,2,1.0,1,2,1,0,0,0,1,0,0,1,0,0,0,medio_baixo
8,10000.0,2,0.5,1,4,1,0,0,0,1,0,0,1,0,0,1,alto
10,35000.0,327,0.72782874617737,5,3,1,1,1,0,1,1,0,0,1,0,0,baixo
1,10000.0,2,0.5,1,4,1,0,0,0,1,0,1,0,1,0,0,medio_baixo
10,750000.0,11840,0.9173141891891892,7,2,1,1,1,1,1,0,1,0,0,0,0,alto
9,35000.0,131,0.7862595419847328,1,3,1,0,0,0,1,0,1,1,0,0,0,medio_alto
7,10000.0,49,0.5510204081632653,5,2,1,0,0,0,1,0,1,0,0,0,0,baixo
1,0.0,0,0.0,103,2,1,0,0,0,1,0,0,1,0,0,0,baixo
7,10000.0,181,0.9226519337016574,10,2,1,1,0,1,1,0,1,0,0,0,0,alto
3,10000.0,40,0.925,2,2,1,0,0,0,0,0,0,1,0,0,1,medio_baixo
5,0.0,0,0.0,0,0,1,0,0,0,0,0,0,0,0,0,0,gratuito
3,10000.0,25,1.0,1,3,1,0,0,1,1,0,0,1,0,0,0,alto
1,0.0,0,0.0,0,0,1,0,0,0,0,0,0,0,0,0,0,gratuito
4,10000.0,0,0.0,103,2,1,0,0,15,1,0,0,1,0,0,0,baixo
2,10000.0,8,1.0,1,3,1,0,0,0,1,1,0,0,0,0,0,gratuito
5,10000.0,5,0.8,1,4,1,0,0,0,1,1,1,1,0,0,0,medio_baixo
13,750000.0,5551,0.7312196000720591,1,3,1,0,0,0,1,1,0,0,0,0,1,medio_alto
1,10000.0,0,0.0,1,2,1,0,0,0,1,0,0,1,0,0,0,baixo
6,350000.0,6680,0.9106287425149701,14,2,1,1,0,1,1,0,1,0,0,0,0,medio_alto
1,10000.0,24,0.9583333333333334,7,2,1,0,0,0,1,1,0,0,0,0,0,alto
3,0.0,0,0.0,1,3,1,1,0,0,0,0,0,0,0,0,1,gratuito
11,150000.0,808,0.879950495049505,11,2,1,1,1,0,0,0,1,1,0,0,0,medio_baixo
8,10000.0,5,0.6,2,1,1,0,0,0,0,1,0,0,0,0,0,baixo
8,10000.0,100,0.71,2,3,1,0,0,0,1,0,0,1,0,1,0,medio_alto
3,10000.0,140,0.95,1,4,1,0,0,0,1,1,0,0,1,1,0,alto
1,0.0,0,0.0,0,0,1,0,0,0,0,0,0,0,0,0,0,gratuito
1,0.0,0,0.0,0,0,1,0,0,0,0,0,0,0,0,0,0,gratuito
1,10000.0,0,0.0,9,4,1,1,0,0,0,0,0,1,1,1,0,alto
1,10000.0,0,0.0,1,2,1,0,0,1,0,0,1,0,0,0,0,gratuito
3,10000.0,4,1.0,3,4,1,1,0,0,1,0,0,1,1,0,1,baixo
2,10000.0,3,1.0,1,1,1,0,0,0,0,0,0,0,0,0,0,medio_baixo
9,10000.0,78,0.9358974358974359,1,1,1,1,0,0,1,0,0,0,0,0,0,alto
1,0.0,0,0.0,30,5,1,0,0,3,1,0,1,1,0,0,1,gratuito
2,10000.0,731,0.8522571819425444,6,3,1,1,1,1,1,0,0,1,0,0,1,medio_alto
2,10000.0,2,0.5,1,2,1,0,0,0,1,0,0,1,0,0,0,baixo
6,10000.0,0,0.0,1,6,1,0,0,0,1,1,1,1,1,0,1,medio_baixo
5,10000.0,37,0.8378378378378378,1,3,1,0,0,0,1,0,0,1,0,1,0,baixo
3,10000.0,26,0.7307692307692307,1,2,1,1,1,0,1,0,0,0,1,0,0,medio_alto
7,10000.0,82,0.4146341463414634,1,5,1,0,0,0,1,0,1,1,0,0,1,baixo
1,350000.0,6062,0.8521939953810623,17,2,1,0,0,0,1,1,0,0,0,0,0,medio_alto
12,10000.0,69,0.6086956521739131,1,2,1,1,1,0,0,0,1,1,0,0,0,medio_baixo
7,10000.0,88,0.9431818181818182,24,2,1,1,1,1,1,0,0,1,0,0,0,baixo
1,0.0,0,0.0,3,5,1,0,0,1,0,1,1,0,1,0,0,gratuito
10,10000.0,5,0.0,2,2,1,0,0,0,0,1,0,0,0,0,0,alto
1,10000.0,8,1.0,1,4,1,0,0,0,1,0,1,1,0,0,1,medio_baixo
1,0.0,0,0.0,0,0,1,0,0,0,0,0,0,0,0,0,0,gratuito
5,10000.0,22,0.7272727272727273,12,3,1,0,0,0,1,0,0,1,0,1,0,medio_baixo
2,10000.0,3,0.0,1,2,1,0,0,0,1,0,0,1,0,0,0,medio_alto
4,10000.0,0,0.0,1,2,1,0,0,2,1,0,0,1,0,0,0,baixo
4,0.0,0,0.0,1,5,1,1,0,0,1,1,1,1,0,0,0,gratuito
9,35000.0,1269,0.8022064617809299,2,4,1,0,0,0,1,0,1,1,0,1,0,medio_baixo
1,10000.0,12,0.9166666666666666,5,1,1,0,1,1,1,0,0,0,0,0,0,medio_alto
9,10000.0,48,0.7708333333333334,5,3,1,0,0,1,0,1,0,0,0,0,0,medio_baixo
3,150000.0,3639,0.8425391591096455,9,3,1,0,0,2,0,1,1,0,1,0,0,alto
2,0.0,0,0.0,1,3,1,0,0,0,0,1,0,1,0,0,0,gratuito
3,0.0,0,0.0,0,0,1,0,0,0,0,0,0,0,0,0,0,gratuito
2,10000.0,0,0.0,1,4,1,1,1,0,1,0,0,1,0,0,1,gratuito
4,10000.0,12,0.9166666666666666,3,2,1,1,1,0,1,0,0,1,0,0,0,medio_baixo
3,0.0,0,0.0,0,0,1,0,0,0,0,0,0,0,0,0,0,gratuito
1,75000.0,1330,0.8714285714285714,9,4,1,0,0,0,1,1,1,0,1,0,0,alto
4,150000.0,18,0.6666666666666666,1,2,1,0,0,0,0,1,0,0,0,0,1,medio_baixo
9,10000.0,6,0.16666666666666666,1,3,1,0,0,0,1,1,0,0,0,0,0,medio_baixo
5,10000.0,114,0.8333333333333334,1,3,1,0,0,0,0,0,1,0,1,1,0,medio_alto
6,75000.0,16,0.25,1,4,1,1,0,0,1,0,1,1,0,0,0,baixo
7,10000.0,1,1.0,3,2,1,0,0,0,0,1,0,0,0,0,0,medio_alto
1,10000.0,2,1.0,1,2,1,0,0,0,0,1,1,0,0,0,0,medio_alto
3,10000.0,5,0.8,1,2,1,0,0,0,0,0,1,1,0,0,0,medio_alto
4,0.0,0,0.0,2,2,1,0,0,0,1,0,0,1,0,0,0,gratuito
4,750000.0,7486,0.6127437884050227,11,3,1,0,0,1,0,0,0,0,1,1,1,medio_alto
10,10000.0,240,0.8625,12,2,1,1,1,2,1,0,1,0,0,0,0,medio_baixo
1,0.0,0,0.0,2,4,1,0,0,0,1,1,1,1,0,0,0,medio_baixo
9,75000.0,349,0.5530085959885387,1,3,1,0,0,0,0,0,0,0,1,0,0,gratuito
7,10000.0,74,0.581081081081081,1,2,1,0,0,1,0,1,1,0,0,0,0,baixo
8,10000.0,1,1.0,1,3,1,0,0,0,1,1,0,1,0,0,0,medio_baixo
1,0.0,0,0.0,0,0,1,0,0,0,0,0,0,0,0,0,0,gratuito
2,10000.0,64,0.78125,9,3,1,0,1,0,1,1,1,0,0,0,0,alto
1,10000.0,0,0.0,1,3,1,0,0,0,1,0,1,0,1,0,0,medio_alto
3,10000.0,0,0.0,1,2,1,0,0,0,1,0,1,0,0,0,0,alto
7,350000.0,7687,0.9725510602315598,103,2,1,0,0,0,1,0,0,1,0,0,0,baixo
10,7500000.0,337058,0.9202036444766183,9,1,1,0,0,2,0,0,0,0,1,0,0,alto
1,10000.0,0,0.0,4,4,1,0,0,0,1,0,1,1,0,1,0,medio_baixo
6,10000.0,56,0.5,5,2,1,0,0,0,1,0,0,0,0,1,0,medio_baixo
11,75000.0,77,0.5844155844155844,1,7,1,0,0,0,1,1,0,1,1,1,0,gratuito
5,35000.0,4,0.25,1,2,1,0,0,1,1,0,0,0,1,0,0,baixo
1,0.0,0,0.0,1,4,1,0,0,0,1,0,0,0,1,0,1,gratuito
1,0.0,0,0.0,1,5,1,0,0,0,1,1,1,0,0,0,0,gratuito
6,35000.0,23,0.391304347826087,1,3,1,1,0,0,1,1,1,0,0,0,0,baixo
3,10000.0,1,0.0,6,3,1,0,0,0,0,1,1,1,0,0,0,baixo
2,10000.0,167,0.874251497005988,5,3,1,0,0,1,1,1,1,0,0,0,0,medio_alto
12,750000.0,3426,0.7600700525394045,7,3,1,0,0,0,0,0,0,0,0,1,1,gratuito
2,0.0,0,0.0,1,2,1,0,0,0,0,0,0,0,0,1,0,gratuito
1,10000.0,0,0.0,1,2,1,0,0,0,1,0,0,0,0,1,0,baixo
3,10000.0,3,0.6666666666666666,1,4,1,0,1,0,1,1,0,1,0,0,0,baixo
4,0.0,0,0.0,35,5,1,0,1,0,1,1,0,1,0,0,1,gratuito
5,10000.0,16,1.0,9,2,1,0,0,0,1,0,0,1,0,0,0,medio_baixo
1,10000.0,0,0.0,1,2,1,0,0,0,1,1,0,0,0,0,0,medio_alto
10,10000.0,19,0.5789473684210527,4,2,1,0,1,0,1,0,1,0,0,0,0,medio_baixo
8,10000.0,24,0.9583333333333334,1,3,1,1,1,0,1,1,0,1,0,0,0,alto
4,0.0,0,0.0,1,3,1,0,0,1,1,0,0,1,0,0,0,gratuito
2,10000.0,16,0.5,1,3,1,0,0,0,1,1,0,0,0,0,1,medio_baixo
10,350000.0,379,0.6886543535620053,1,2,1,0,0,0,1,0,0,1,0,0,0,baixo
8,10000.0,19,0.7368421052631579,2,3,1,0,0,0,1,0,0,1,0,1,0,alto
4,10000.0,0,0.0,1,3,1,0,0,1,1,0,0,1,0,0,1,medio_alto
1,0.0,0,0.0,0,0,1,0,0,0,0,0,0,0,0,0,0,gratuito
5,35000.0,7,1.0,1,4,1,0,0,0,1,0,1,1,0,1,0,baixo
10,10000.0,41,0.7560975609756098,5,4,1,0,0,0,1,1,0,1,0,1,0,medio_alto
1,350000.0,750,0.904,2,4,1,1,1,0,0,1,0,0,0,0,1,alto
9,35000.0,42,0.7380952380952381,1,2,1,0,0,0,1,0,0,1,0,0,0,alto
3,10000.0,3,1.0,1,2,1,1,1,0,1,1,0,0,0,0,0,medio_alto
2,10000.0,0,0.0,1,4,1,1,0,1,1,0,0,1,0,0,1,medio_alto
8,10000.0,2,0.5,1,2,1,1,0,0,1,0,0,1,0,0,0,baixo
5,0.0,0,0.0,0,0,1,0,0,0,0,0,0,0,0,0,0,gratuito
9,10000.0,31,0.7741935483870968,1,3,1,0,0,0,1,0,1,0,1,0,0,baixo
1,10000.0,2,1.0,1,2,1,0,0,0,1,0,0,1,0,0,0,baixo
2,10000.0,1,0.0,2,2,1,0,0,0,0,1,1,0,0,0,0,baixo
8,10000.0,201,0.9253731343283582,1,4,1,0,0,1,1,0,1,1,1,0,0,medio_baixo
12,350000.0,313,0.33226837060702874,2,3,1,0,0,0,1,1,0,0,1,0,0,baixo
2,35000.0,1467,0.9004771642808452,5,4,1,1,0,8,1,0,1,1,0,0,1,alto
2,0.0,0,0.0,0,0,1,0,0,0,0,0,0,0,0,0,0,gratuito
1,0.0,0,0.0,1,5,1,0,0,0,1,0,1,1,0,1,0,gratuito
2,35000.0,2,1.0,1,2,1,0,0,0,1,1,0,0,0,0,0,medio_baixo
1,0.0,0,0.0,1,4,1,0,0,0,1,1,1,0,0,0,0,gratuito
4,10000.0,5,0.6,1,2,1,0,0,0,0,0,0,1,0,0,1,baixo
3,10000.0,4,0.5,2,2,1,0,0,0,1,1,0,0,0,0,0,medio_baixo
4,10000.0,0,0.0,1,4,1,0,0,2,1,0,1,0,1,0,1,alto
1,10000.0,0,0.0,1,2,1,0,0,0,0,0,1,0,1,0,0,alto
1,0.0,0,0.0,1,2,1,0,0,0,0,0,0,0,0,1,1,medio_alto
5,10000.0,18,0.7777777777777778,29,2,1,0,0,0,1,0,0,1,0,0,0,baixo
2,10000.0,25,1.0,1,3,1,0,0,0,1,0,1,1,0,0,0,alto
2,10000.0,21,0.9523809523809523,1,2,1,1,0,0,0,0,0,0,0,0,0,medio_baixo
1,10000.0,0,0.0,2,1,1,0,0,0,0,0,1,0,0,0,0,alto
9,350000.0,2822,0.9440113394755493,1,1,1,0,0,0,0,1,0,0,0,0,0,alto
5,10000.0,7,0.5714285714285714,1,4,1,0,0,0,1,1,1,0,1,0,0,baixo
6,35000.0,339,0.8849557522123894,1,2,1,0,0,0,1,0,1,0,0,0,0,gratuito
3,10000.0,14,1.0,7,3,1,0,0,0,1,1,1,0,0,0,0,medio_baixo
9,35000.0,54,0.8333333333333334,8,3,1,0,0,0,1,1,1,0,0,0,0,baixo
1,0.0,0,0.0,3,2,1,0,0,0,0,0,1,0,1,0,0,alto
7,10000.0,5,0.4,3,4,1,0,0,0,1,1,1,0,0,0,1,medio_baixo
1,0.0,0,0.0,7,3,1,0,0,0,1,1,1,0,0,0,0,medio_baixo
3,10000.0,8,0.5,7,3,1,0,0,0,1,1,1,0,0,0,0,baixo
1,0.0,0,0.0,0,0,1,0,0,0,0,0,0,0,0,0,0,gratuito
2,10000.0,1,1.0,1,1,1,0,1,0,0,0,0,1,0,0,0,baixo
5,150000.0,1961,0.8689444161142275,12,5,1,0,0,3,1,1,0,1,0,1,1,medio_alto
3,10000.0,1,1.0,2,1,1,0,0,0,1,0,0,0,0,0,0,medio_baixo
7,10000.0,6,0.8333333333333334,2,4,1,0,0,3,0,0,1,0,1,1,1,alto
2,0.0,0,0.0,8,2,1,0,0,0,1,0,0,0,0,0,0,gratuito
11,35000.0,63,0.5079365079365079,1,2,1,1,0,0,1,1,0,0,0,0,0,medio_alto
7,10000.0,37,0.7027027027027027,1,3,1,1,1,1,1,0,1,0,1,0,0,medio_alto
1,0.0,0,0.0,10,2,1,0,0,0,0,0,0,0,0,0,1,alto
10,10000.0,31,0.5806451612903226,1,3,1,0,0,0,1,0,0,1,0,0,0,medio_baixo
1,0.0,0,0.0,0,0,1,0,0,0,0,0,0,0,0,0,0,gratuito
5,150000.0,1513,0.6186384666226041,1,4,1,0,0,0,1,1,1,0,0,0,0,gratuito
1,10000.0,0,0.0,5,4,1,0,0,0,1,0,0,1,1,0,1,alto
1,10000.0,0,0.0,4,6,1,0,0,0,1,1,1,1,1,0,1,medio_alto
5,10000.0,323,0.6780185758513931,2,3,1,0,0,0,1,0,0,0,0,1,1,baixo
7,10000.0,11,0.6363636363636364,1,6,1,0,0,0,1,0,1,1,1,1,0,gratuito
1,10000.0,0,0.0,1,2,1,0,0,1,1,0,1,0,0,0,0,alto
3,0.0,0,0.0,0,0,1,0,0,0,0,0,0,0,0,0,0,gratuito
2,0.0,0,0.0,18,4,1,0,0,0,0,0,0,0,1,1,0,gratuito
8,10000.0,12,0.25,12,3,1,0,0,0,1,0,0,0,0,1,1,medio_alto
8,10000.0,0,0.0,1,2,1,0,0,0,1,0,0,0,0,0,0,medio_alto
1,10000.0,0,0.0,4,3,1,0,0,0,1,0,0,1,0,1,0,baixo
1,10000.0,45,1.0,5,4,1,1,0,0,1,0,1,1,0,0,1,alto
1,0.0,0,0.0,18,4,1,0,0,0,1,0,0,1,0,0,0,gratuito
1,10000.0,0,0.0,1,6,1,0,0,0,1,1,1,1,0,1,0,medio_alto
8,150000.0,6,1.0,2,3,1,0,0,0,1,0,1,0,1,0,0,medio_baixo
8,10000.0,23,0.7391304347826086,1,4,1,0,0,0,1,0,1,0,0,1,0,medio_baixo
2,10000.0,48,0.9375,9,4,1,0,0,0,1,0,1,0,1,0,1,baixo
4,10000.0,0,0.0,1,2,1,0,0,0,1,0,0,1,0,0,0,medio_baixo
2,10000.0,14,1.0,6,4,1,1,0,0,1,0,0,1,0,1,1,medio_baixo
4,0.0,0,0.0,103,7,1,1,1,0,1,1,1,1,1,1,1,alto
6,75000.0,1227,0.9559902200488998,2,4,1,0,0,0,1,1,1,0,0,0,0,gratuito
3,10000.0,146,0.636986301369863,7,5,1,0,0,0,1,0,1,1,1,0,1,medio_baixo
8,35000.0,136,0.7426470588235294,12,4,1,1,1,1,1,1,1,0,1,0,0,medio_baixo
11,75000.0,992,0.8770161290322581,1,2,1,1,1,0,1,1,0,0,0,0,0,medio_baixo
1,10000.0,10,1.0,1,1,1,0,0,0,0,0,0,0,0,1,0,alto
4,10000.0,31,0.5483870967741935,3,5,1,0,0,0,1,0,1,1,0,0,1,baixo
6,10000.0,1,1.0,2,2,1,0,0,0,1,0,0,0,0,0,0,medio_alto
1,10000.0,0,0.0,27,2,1,1,1,0,1,0,0,0,0,0,1,baixo
6,35000.0,312,0.7435897435897436,4,1,1,0,0,0,0,0,0,0,0,0,1,medio_baixo
1,10000.0,0,0.0,1,3,1,0,0,0,1,0,1,1,0,0,0,medio_baixo
11,75000.0,418,0.6794258373205742,2,2,1,1,1,1,1,0,1,0,0,0,0,baixo
5,10000.0,10,0.7,2,4,1,0,0,0,1,1,1,1,0,0,0,medio_baixo
2,0.0,0,0.0,1,2,1,0,0,0,1,0,0,0,0,0,0,gratuito
1,10000.0,0,0.0,1,3,1,0,0,0,1,1,0,1,0,0,0,medio_alto
5,350000.0,3856,0.8379149377593361,12,4,1,1,1,5,1,0,1,0,1,1,0,medio_baixo
4,150000.0,2250,0.9724444444444444,1,2,1,0,1,0,1,0,0,1,0,0,0,medio_baixo
2,10000.0,57,0.9298245614035088,28,2,1,0,0,0,1,0,1,0,0,0,0,medio_alto
1,35000.0,15,0.6,1,3,1,0,0,0,1,1,0,1,0,0,0,medio_baixo
2,10000.0,1,0.0,2,3,1,0,0,0,1,0,0,0,0,1,1,medio_alto
4,35000.0,10,1.0,5,4,1,0,0,0,1,1,1,0,1,0,0,medio_baixo
7,10000.0,0,0.0,3,4,1,0,0,0,1,1,1,0,1,0,0,alto
10,10000.0,8,0.625,1,1,1,0,0,0,0,1,0,0,0,0,0,medio_baixo
1,10000.0,0,0.0,27,2,1,1,1,0,1,0,0,0,0,0,1,baixo
9,350000.0,5890,0.6628183361629881,9,3,1,0,0,0,1,0,0,0,0,1,1,medio_alto
9,10000.0,11,0.8181818181818182,1,2,1,0,0,0,1,0,1,0,0,0,0,medio_alto
3,350000.0,75,0.88,7,3,1,0,0,0,1,0,1,0,1,0,0,alto
5,75000.0,1,1.0,1,4,1,0,0,0,1,1,0,1,1,0,0,medio_alto
5,10000.0,1,1.0,1,2,1,0,0,0,1,0,1,0,0,0,0,baixo
7,10000.0,16,1.0,1,1,1,0,0,0,0,0,0,0,1,0,0,baixo
1,10000.0,0,0.0,9,1,1,1,1,1,1,0,0,0,0,0,0,medio_alto
10,10000.0,515,0.8194174757281554,1,5,1,0,0,1,0,0,0,0,0,0,0,alto
3,10000.0,0,0.0,2,1,1,0,0,0,0,0,0,0,1,0,0,medio_baixo
5,10000.0,9,0.0,7,2,1,0,0,0,1,0,0,0,0,1,0,alto
4,0.0,0,0.0,1,5,1,0,0,0,1,1,0,1,0,1,0,gratuito
9,150000.0,1808,0.8810840707964602,4,2,1,0,0,0,0,1,0,0,0,0,0,alto
2,10000.0,8,0.875,14,2,1,0,0,2,1,0,0,1,0,0,0,baixo
8,10000.0,3,0.6666666666666666,1,4,1,0,0,0,1,0,1,1,0,0,1,medio_alto
7,10000.0,7,1.0,1,3,1,0,0,0,1,1,1,0,0,0,0,medio_alto
7,35000.0,4,0.0,2,2,1,0,0,0,1,0,1,0,0,0,0,alto
5,10000.0,0,0.0,1,5,1,0,0,0,1,0,0,1,0,0,1,baixo
10,35000.0,18,0.6666666666666666,1,4,1,0,0,0,1,1,0,1,0,1,0,medio_alto
2,10000.0,1,1.0,1,3,1,0,0,0,1,0,0,1,0,1,0,medio_baixo
5,10000.0,0,0.0,1,4,1,1,0,0,0,1,1,1,0,0,1,medio_alto
9,10000.0,3,1.0,1,3,1,0,0,0,1,0,1,0,0,0,1,medio_alto
4,10000.0,11,0.8181818181818182,5,1,1,0,0,0,0,0,0,0,0,0,0,alto
5,10000.0,18,0.9444444444444444,3,4,1,0,0,0,1,0,1,1,0,1,0,medio_baixo
2,10000.0,320,0.98125,3,2,1,0,1,1,0,0,0,1,1,0,0,medio_alto
10,10000.0,8,0.375,1,2,1,0,0,0,0,1,1,0,0,0,0,alto
3,350000.0,4289,0.9657262765213337,2,3,1,0,0,0,1,1,1,0,0,0,0,medio_baixo
9,10000.0,6,0.5,1,4,1,0,0,0,1,0,1,1,0,1,0,baixo
5,10000.0,3,0.6666666666666666,3,5,1,0,0,1,1,1,0,1,0,1,0,medio_baixo
3,0.0,0,0.0,2,1,1,0,0,0,1,0,0,0,0,0,0,gratuito
1,0.0,0,0.0,2,3,1,0,0,0,1,0,1,1,0,0,0,medio_alto
1,10000.0,0,0.0,2,5,1,1,0,0,1,1,1,1,1,0,0,medio_baixo
8,35000.0,162,0.8580246913580247,1,1,1,0,0,2,0,0,0,1,0,0,0,gratuito
7,10000.0,0,0.0,1,3,1,0,0,0,0,0,0,1,1,0,1,medio_baixo
9,10000.0,10,0.8,11,1,1,0,0,0,1,0,0,0,0,0,0,medio_alto
2,10000.0,0,0.0,1,4,1,0,0,0,1,0,0,1,0,1,1,medio_baixo
1,10000.0,0,0.0,1,4,1,0,0,2,0,0,0,0,0,0,0,alto
8,10000.0,0,0.0,3,2,1,0,0,0,1,0,0,0,1,0,0,medio_alto
2,10000.0,2,1.0,12,5,1,0,0,0,1,1,1,1,1,0,0,medio_alto
5,75000.0,147,0.8163265306122449,2,4,1,0,0,0,1,0,1,1,0,0,1,baixo
2,0.0,0,0.0,0,0,1,0,0,0,0,0,0,0,0,0,0,gratuito
8,35000.0,85,0.6823529411764706,5,1,1,1,1,1,0,0,0,1,0,0,0,medio_alto
3,0.0,0,0.0,103,8,1,1,1,0,1,1,1,1,1,1,1,alto
5,10000.0,0,0.0,7,2,1,0,1,0,1,0,0,1,0,0,0,baixo
1,0.0,0,0.0,0,0,1,0,0,0,0,0,0,0,0,0,0,gratuito
9,10000.0,80,0.875,4,2,1,0,0,0,0,1,1,0,0,0,0,medio_alto
8,10000.0,203,0.5270935960591133,1,2,1,0,0,0,1,0,0,0,0,0,1,alto
4,10000.0,13,0.5384615384615384,1,4,1,1,0,0,1,1,0,1,0,0,0,gratuito
1,10000.0,0,0.0,1,2,1,0,0,0,0,1,0,0,0,0,1,alto
17,75000.0,293,0.9044368600682594,1,2,1,0,0,0,0,1,0,0,0,0,1,alto
4,150000.0,1714,0.8879813302217037,16,4,1,0,0,1,1,0,0,1,0,1,1,medio_alto
7,10000.0,61,0.7049180327868853,6,3,1,0,0,0,0,1,0,1,0,0,0,baixo
2,10000.0,2,1.0,2,1,1,0,0,0,0,0,0,0,0,0,1,medio_alto
2,10000.0,20,0.95,9,2,1,0,0,0,1,0,0,0,0,1,0,medio_baixo
5,75000.0,87,0.6666666666666666,6,2,1,0,0,0,0,0,1,0,1,0,0,alto
1,0.0,0,0.0,0,0,1,0,0,0,0,0,0,0,0,0,0,gratuito
1,0.0,0,0.0,1,3,1,0,0,0,1,0,1,1,0,0,0,baixo
4,35000.0,22,0.5909090909090909,1,2,1,1,1,0,1,0,1,0,0,0,0,medio_baixo
2,35000.0,919,0.6833514689880305,5,4,1,0,0,0,1,1,1,0,1,0,0,medio_alto
1,0.0,0,0.0,1,2,1,0,0,0,0,0,0,0,0,1,1,baixo
11,10000.0,24,0.8333333333333334,1,3,1,0,0,0,1,1,1,0,0,0,0,baixo
9,10000.0,5,0.4,1,3,1,1,0,1,0,1,1,0,1,0,0,medio_alto
1,0.0,0,0.0,0,0,1,0,0,0,0,0,0,0,0,0,0,gratuito
2,10000.0,45,0.9333333333333333,1,3,1,1,1,0,1,1,0,0,1,0,0,medio_alto
2,10000.0,10,0.9,2,2,1,0,0,0,1,0,0,0,0,0,1,medio_alto
17,75000.0,246,0.7926829268292683,1,1,1,0,0,0,0,0,0,0,0,0,1,baixo
1,10000.0,0,0.0,7,3,1,0,0,0,1,0,0,1,0,0,1,medio_alto
1,0.0,0,0.0,30,4,1,0,0,0,1,0,1,1,0,0,1,alto
5,35000.0,1275,0.7019607843137254,11,3,1,0,0,1,0,1,1,0,1,0,0,medio_alto
2,10000.0,12,0.9166666666666666,2,3,1,0,0,1,0,1,1,1,0,0,0,medio_baixo
4,10000.0,22,0.7272727272727273,2,6,1,0,0,0,1,1,0,1,0,0,1,alto
1,350000.0,10248,0.9786299765807962,10,3,1,1,0,5,0,1,0,0,1,0,1,alto
4,10000.0,0,0.0,3,3,1,0,0,0,1,1,0,1,0,0,0,medio_baixo
6,10000.0,6,0.5,1,3,1,0,0,0,1,0,1,1,0,0,0,medio_alto
7,35000.0,2,0.5,1,3,1,0,0,0,1,0,0,1,0,1,0,medio_baixo
1,0.0,0,0.0,0,0,1,0,0,0,0,0,0,0,0,0,0,gratuito
5,10000.0,0,0.0,1,2,1,0,0,0,0,0,0,1,0,0,1,medio_alto
1,0.0,0,0.0,1,3,1,0,0,0,0,0,0,1,0,1,1,baixo
3,10000.0,1,1.0,2,1,1,0,0,0,0,0,0,1,0,0,0,medio_alto
2,10000.0,0,0.0,1,1,1,0,0,0,0,0,1,0,0,0,0,baixo
2,0.0,0,0.0,1,5,1,1,0,1,1,0,1,1,0,0,1,gratuito
3,10000.0,2,0.0,16,4,1,0,0,0,1,1,0,0,1,1,0,medio_alto
8,10000.0,23,0.30434782608695654,1,3,1,0,0,0,0,1,1,0,0,0,1,medio_baixo
1,10000.0,0,0.0,1,3,1,0,0,0,1,0,0,1,0,0,1,baixo
1,10000.0,0,0.0,1,3,1,0,0,0,1,0,0,0,1,0,1,medio_alto
2,10000.0,0,0.0,7,2,1,0,0,0,1,1,0,0,0,0,0,medio_baixo
10,350000.0,1188,0.9402356902356902,1,2,1,0,0,0,0,0,0,0,0,0,0,gratuito
3,10000.0,0,0.0,29,2,1,0,0,0,1,0,0,1,0,0,0,baixo
3,10000.0,0,0.0,1,4,1,0,1,1,0,0,1,1,1,0,0,medio_alto
2,75000.0,1,1.0,1,4,1,0,0,0,1,0,1,1,1,0,0,baixo
9,10000.0,21,0.8095238095238095,1,4,1,0,0,0,1,1,0,0,1,1,0,gratuito
6,10000.0,36,0.9166666666666666,1,3,1,1,0,0,1,0,0,1,0,0,0,medio_baixo
9,150000.0,57,0.7192982456140351,1,3,1,0,0,0,1,1,0,0,0,0,0,gratuito
3,10000.0,5,1.0,1,1,1,1,0,0,0,0,0,0,0,1,0,alto
3,10000.0,1,1.0,1,2,1,0,0,0,1,0,0,1,0,0,0,medio_baixo
3,10000.0,8,0.625,13,2,1,0,0,0,1,1,0,0,0,0,0,alto
5,10000.0,9,0.2222222222222222,2,1,1,0,0,0,0,1,0,0,0,0,0,medio_alto
1,10000.0,0,0.0,5,3,1,0,0,1,1,0,0,0,1,1,0,medio_baixo
3,10000.0,55,0.9454545454545454,2,1,1,0,1,0,0,0,0,0,0,0,1,medio_baixo
7,10000.0,43,0.7209302325581395,1,3,1,0,0,0,1,1,1,0,0,0,0,alto
8,35000.0,146,0.8561643835616438,1,5,1,0,0,0,1,1,0,1,0,0,1,gratuito
1,0.0,0,0.0,0,0,1,0,0,0,0,0,0,0,0,0,0,gratuito
2,10000.0,0,0.0,1,2,1,0,0,0,1,0,0,1,0,0,0,baixo
7,10000.0,13,0.9230769230769231,1,3,1,0,0,0,1,0,1,1,0,0,0,medio_baixo
2,10000.0,0,0.0,1,1,1,0,0,0,0,1,0,0,0,0,0,baixo
8,10000.0,16,0.5625,1,6,1,0,0,0,1,1,1,0,1,0,1,alto
2,10000.0,3,1.0,1,2,1,0,0,0,1,0,0,1,0,0,0,medio_baixo
7,10000.0,13,0.6153846153846154,1,2,1,0,0,0,0,0,1,0,0,1,0,gratuito
3,0.0,0,0.0,8,4,1,0,0,0,1,0,0,1,0,1,1,gratuito
2,10000.0,86,0.8953488372093024,1,1,1,0,0,0,0,0,0,0,0,1,0,alto
3,35000.0,32,1.0,1,2,1,0,0,0,1,0,0,0,0,1,0,medio_baixo
15,10000.0,196,0.8520408163265306,1,2,1,0,0,0,0,0,1,1,0,0,0,medio_alto
2,10000.0,8,1.0,14,2,1,0,0,0,0,0,0,0,0,0,0,baixo
5,35000.0,42,0.8571428571428571,103,5,1,0,0,0,1,0,1,1,1,0,0,baixo
3,0.0,0,0.0,1,6,1,0,0,0,1,1,1,1,1,0,0,gratuito
1,10000.0,0,0.0,1,1,1,0,0,0,0,0,0,0,0,0,1,medio_baixo
3,10000.0,4,0.25,3,3,1,1,0,0,1,0,1,0,0,1,0,medio_alto
4,10000.0,9,0.8888888888888888,1,5,1,1,0,0,0,1,0,0,1,1,1,alto
1,10000.0,0,0.0,2,2,1,0,0,0,1,0,0,0,0,1,0,medio_baixo
12,35000.0,119,0.7142857142857143,6,1,1,0,0,5,0,0,0,0,0,1,0,alto
5,0.0,0,0.0,0,0,1,0,0,0,0,0,0,0,0,0,0,gratuito
1,0.0,0,0.0,1,4,1,0,0,0,1,1,1,0,1,0,0,alto
1,10000.0,307,0.8013029315960912,3,1,1,0,0,1,0,1,0,0,0,0,0,alto
1,0.0,0,0.0,4,2,1,0,0,1,1,0,0,0,1,0,0,alto
5,10000.0,153,0.6274509803921569,11,3,1,0,0,0,0,1,0,0,0,1,1,alto
3,0.0,0,0.0,0,0,1,0,0,0,0,0,0,0,0,0,0,gratuito
5,10000.0,7,0.7142857142857143,103,5,1,0,0,0,1,0,1,1,0,1,1,baixo
4,10000.0,0,0.0,1,2,1,0,0,0,0,1,0,0,0,0,0,gratuito
2,10000.0,1,0.0,1,4,1,0,0,0,1,1,1,1,0,0,0,medio_baixo
2,10000.0,138,0.8478260869565217,4,3,1,0,0,0,1,0,1,1,0,0,0,baixo
10,10000.0,21,0.42857142857142855,1,4,1,0,0,0,1,0,1,0,0,0,1,medio_baixo
12,150000.0,431,0.4895591647331787,1,2,1,1,1,0,1,1,0,0,0,0,0,medio_baixo
6,150000.0,10,0.7,1,4,1,0,0,0,1,1,1,0,0,0,1,baixo
10,10000.0,27,0.6296296296296297,1,3,1,0,0,0,1,0,0,1,0,0,0,medio_baixo
6,10000.0,50,0.9,2,2,1,0,0,1,1,1,0,0,0,0,0,medio_alto
7,10000.0,21,0.0,22,6,1,0,0,0,1,1,0,1,1,1,1,medio_baixo
6,10000.0,4,0.25,1,4,1,0,0,0,1,0,1,1,0,0,1,baixo
8,10000.0,4,0.25,1,3,1,0,0,0,1,1,0,0,0,0,1,baixo
4,10000.0,11,0.9090909090909091,1,4,1,0,0,0,1,0,1,1,0,0,1,medio_baixo
1,10000.0,4,0.75,4,2,1,0,0,0,1,1,0,0,0,0,0,medio_baixo
6,10000.0,52,0.9423076923076923,1,1,1,0,0,0,1,0,0,0,0,0,0,medio_alto
6,10000.0,31,0.9032258064516129,1,6,1,1,1,0,1,1,1,0,1,1,1,baixo
1,10000.0,3,1.0,1,2,1,0,0,0,1,0,0,1,0,0,0,medio_alto
3,10000.0,38,0.9210526315789473,1,3,1,0,0,0,1,0,1,0,0,0,0,gratuito
1,10000.0,0,0.0,4,4,1,0,0,0,1,1,1,1,0,0,0,baixo
9,35000.0,309,0.6957928802588996,1,4,1,0,0,0,1,0,1,0,0,0,0,baixo
5,10000.0,1,0.0,1,2,1,0,0,0,1,1,0,0,0,0,0,medio_baixo
1,10000.0,0,0.0,6,4,1,0,0,0,1,0,0,1,1,0,1,alto
2,10000.0,2,1.0,2,6,1,0,0,0,1,1,1,0,1,1,0,medio_alto
4,10000.0,0,0.0,1,2,1,0,0,0,1,0,0,1,0,0,0,baixo
4,35000.0,168,0.875,1,4,1,0,0,0,1,1,1,1,0,0,0,baixo
12,10000.0,6,0.6666666666666666,15,1,1,0,0,0,0,0,0,0,0,0,0,alto
1,0.0,0,0.0,0,0,1,0,0,0,0,0,0,0,0,0,0,gratuito
3,10000.0,24,0.7916666666666666,2,3,1,0,0,0,1,1,0,0,0,0,0,baixo
4,10000.0,2,1.0,2,2,1,0,0,0,1,1,0,0,0,0,0,baixo
4,150000.0,4,1.0,1,4,1,0,0,0,1,1,1,1,0,0,0,medio_alto
2,0.0,0,0.0,0,0,1,0,0,0,0,0,0,0,0,0,0,gratuito
1,10000.0,0,0.0,1,3,1,0,1,0,1,1,0,1,0,0,0,baixo
2,10000.0,1,1.0,8,3,1,0,0,0,1,0,0,1,0,1,0,medio_baixo
1,10000.0,36,0.8888888888888888,12,1,1,1,1,0,0,0,0,0,1,0,0,alto
8,75000.0,304,0.7828947368421053,1,3,1,1,0,0,1,0,0,1,0,0,0,gratuito
2,10000.0,2,0.5,1,5,1,0,0,0,1,1,0,1,0,1,1,medio_alto
1,10000.0,1,0.0,1,8,1,0,0,0,1,1,1,1,1,1,1,medio_baixo
2,10000.0,8,1.0,1,3,1,0,1,2,1,1,0,0,0,1,0,medio_alto
2,10000.0,0,0.0,1,3,1,0,0,0,1,0,0,0,0,0,1,medio_alto
11,7500000.0,59166,0.8783422911807457,1,3,1,1,1,1,1,0,0,1,0,0,0,gratuito
5,0.0,0,0.0,1,2,1,0,0,0,0,0,0,0,0,1,0,gratuito
12,75000.0,388,0.8221649484536082,13,2,1,0,0,0,0,1,1,0,0,0,0,medio_alto
3,10000.0,6,0.16666666666666666,1,6,1,0,0,0,1,1,1,0,0,1,0,alto
1,0.0,0,0.0,11,1,1,0,0,0,1,0,0,0,0,0,0,medio_baixo
4,35000.0,16,0.625,1,4,1,0,0,0,1,1,1,0,0,0,0,medio_alto
5,10000.0,46,0.9347826086956522,12,3,1,0,0,0,1,0,0,1,0,1,0,baixo
1,10000.0,70,0.8,11,4,1,0,0,0,1,1,0,1,0,0,0,alto
8,10000.0,1,1.0,1,1,1,0,0,0,1,0,0,0,0,0,0,baixo
10,150000.0,1313,0.9367859862909368,1,4,1,1,1,2,1,0,0,0,1,1,1,alto
1,10000.0,0,0.0,5,3,1,0,0,0,1,0,0,0,1,0,1,alto
12,10000.0,82,0.43902439024390244,1,2,1,1,1,0,1,1,0,0,0,0,0,alto
2,350000.0,10119,0.9943670323154462,1,5,1,0,0,1,1,1,0,1,0,1,0,gratuito
9,10000.0,1,1.0,1,2,1,0,0,0,1,1,0,0,0,0,0,baixo
6,350000.0,4686,0.8452838241570636,4,6,1,0,0,1,1,1,1,1,1,1,0,medio_baixo
6,10000.0,2,1.0,1,4,1,0,0,0,1,1,0,0,0,1,0,medio_baixo
5,0.0,0,0.0,1,3,1,0,0,0,1,1,0,0,0,0,0,gratuito
6,75000.0,1246,0.9149277688603531,1,2,1,1,1,9,1,0,0,0,0,1,0,medio_alto
12,35000.0,224,0.8526785714285714,1,2,1,1,1,0,1,0,0,0,1,0,0,medio_baixo
2,35000.0,399,0.7218045112781954,5,5,1,1,0,1,0,0,1,1,1,1,1,medio_alto
3,0.0,0,0.0,1,2,1,0,0,0,0,0,1,0,0,0,0,gratuito
7,10000.0,200,0.895,2,1,1,1,1,0,0,0,0,0,0,0,1,medio_baixo
3,35000.0,48,0.7708333333333334,6,2,1,0,0,0,1,0,1,0,0,0,0,medio_alto
3,10000.0,2,1.0,1,2,1,0,0,0,1,1,0,0,0,0,0,alto
4,75000.0,647,0.8253477588871716,9,2,1,0,0,0,1,0,0,1,0,0,0,medio_baixo
1,0.0,0,0.0,1,5,1,1,1,1,1,0,0,1,1,0,1,gratuito
7,10000.0,7,0.8571428571428571,1,1,1,0,0,0,0,1,0,0,0,0,0,alto
4,35000.0,438,0.5821917808219178,13,4,1,0,0,3,1,1,1,0,0,1,0,medio_baixo
4,10000.0,3,0.6666666666666666,1,1,1,0,0,0,1,0,0,0,0,0,0,medio_alto
4,0.0,0,0.0,3,3,1,0,0,1,1,0,0,0,1,0,0,gratuito
1,10000.0,181,0.9337016574585635,3,3,1,0,0,0,1,0,0,1,0,1,0,baixo
6,35000.0,144,0.4513888888888889,9,3,1,0,0,5,1,0,1,1,0,0,0,alto
1,0.0,0,0.0,1,5,1,0,0,0,0,0,0,0,1,1,0,gratuito
6,10000.0,113,0.9292035398230089,1,3,1,1,1,0,1,0,0,1,0,0,1,medio_baixo
6,10000.0,2,0.0,1,4,1,0,0,0,0,0,1,1,1,0,1,baixo
3,10000.0,22,0.9090909090909091,2,2,1,0,0,0,1,0,0,1,0,0,0,medio_baixo
3,10000.0,0,0.0,1,2,1,1,0,1,0,0,0,1,1,0,0,alto
20,75000.0,0,0.0,1,1,1,0,0,0,0,0,0,0,0,1,0,medio_alto
1,0.0,0,0.0,0,0,1,0,0,0,0,0,0,0,0,0,0,gratuito
8,10000.0,53,0.5660377358490566,1,3,1,0,0,0,0,1,0,1,0,0,1,baixo
3,10000.0,31,0.5806451612903226,1,3,1,0,0,0,0,1,1,0,0,0,1,alto
8,75000.0,2,1.0,1,2,1,1,1,0,0,0,0,0,0,0,1,medio_alto
9,35000.0,456,0.9780701754385965,6,1,1,0,1,0,0,0,0,0,1,0,0,alto
4,10000.0,7,0.8571428571428571,1,2,1,0,0,0,0,0,1,1,0,0,0,medio_alto
3,10000.0,185,0.9459459459459459,1,2,1,0,0,0,1,1,0,0,0,0,0,alto
2,0.0,0,0.0,1,4,1,0,0,0,1,0,1,0,0,1,0,gratuito
1,10000.0,1,1.0,1,4,1,0,0,0,1,1,0,1,1,0,0,baixo
10,10000.0,9,0.3333333333333333,1,3,1,1,1,0,1,0,1,0,1,0,0,medio_baixo
3,10000.0,21,1.0,1,3,1,0,0,0,1,1,0,0,0,0,0,medio_alto
1,10000.0,0,0.0,1,3,1,0,0,0,0,1,1,0,0,0,1,alto
8,10000.0,21,0.6190476190476191,1,3,1,0,0,0,1,1,1,0,0,0,0,alto
7,75000.0,1830,0.726775956284153,12,5,1,0,0,2,1,1,1,1,1,0,0,baixo
1,0.0,0,0.0,103,5,1,0,0,0,1,1,1,0,1,1,0,baixo
4,10000.0,3,1.0,1,1,1,0,0,0,0,1,0,0,0,0,0,alto
2,10000.0,0,0.0,1,4,1,0,0,0,1,0,1,1,0,1,0,baixo
1,0.0,0,0.0,30,3,1,1,1,0,0,0,1,1,1,0,0,medio_alto
1,0.0,0,0.0,15,3,1,0,0,0,0,0,0,1,0,0,1,alto
2,35000.0,1,1.0,1,1,1,0,0,0,1,0,0,0,0,0,0,medio_baixo
5,10000.0,0,0.0,1,2,1,0,0,0,1,0,0,1,0,0,0,baixo
4,150000.0,807,0.7843866171003717,1,4,1,0,0,0,1,1,0,0,1,0,0,gratuito
4,35000.0,208,0.7211538461538461,1,4,1,0,1,1,1,0,0,0,1,1,1,medio_baixo
9,10000.0,51,0.8627450980392157,6,2,1,0,0,0,1,0,0,1,0,0,0,baixo
2,10000.0,10,0.8,3,4,1,0,0,0,1,1,0,1,1,0,0,medio_baixo
1,0.0,0,0.0,0,0,1,0,0,0,0,0,0,0,0,0,0,gratuito
9,10000.0,159,0.8930817610062893,4,2,1,0,0,1,0,1,0,1,0,0,0,medio_baixo
2,10000.0,53,0.8679245283018868,2,4,1,0,1,1,1,0,1,0,0,0,1,medio_baixo
4,10000.0,34,0.9117647058823529,6,3,1,0,0,1,1,0,1,1,0,0,0,medio_alto
10,10000.0,97,0.6907216494845361,1,4,1,0,0,0,1,1,0,0,0,0,1,medio_alto
6,10000.0,0,0.0,2,2,1,0,0,0,0,1,0,0,1,0,0,medio_alto
4,10000.0,17,0.7647058823529411,1,1,1,0,0,0,0,0,1,0,0,0,0,gratuito
4,150000.0,1009,0.8473736372646185,6,1,1,0,0,2,0,0,1,0,0,0,0,medio_baixo
3,0.0,0,0.0,13,3,1,0,0,13,0,0,0,1,0,0,1,gratuito
5,0.0,0,0.0,0,0,1,0,0,0,0,0,0,0,0,0,0,gratuito
3,10000.0,33,0.7878787878787878,3,2,1,1,1,0,1,0,1,0,0,0,0,medio_alto
1,0.0,0,0.0,1,4,1,1,1,0,1,0,0,0,1,0,1,alto
7,10000.0,18,0.4444444444444444,1,4,1,1,1,0,1,0,1,0,1,0,1,baixo
5,350000.0,2,1.0,1,3,1,1,1,0,1,0,0,0,1,1,0,baixo
8,10000.0,17,0.8823529411764706,1,2,1,1,1,0,1,0,1,0,0,0,0,medio_baixo
8,35000.0,353,0.8923512747875354,9,2,1,0,0,0,0,0,0,0,0,0,1,alto
2,0.0,0,0.0,1,3,1,1,0,0,1,0,1,0,0,0,0,gratuito
9,10000.0,37,0.13513513513513514,1,4,1,0,0,0,1,0,0,1,0,1,1,alto
1,10000.0,0,0.0,2,3,1,0,0,0,0,1,1,1,0,0,0,baixo
5,10000.0,0,0.0,1,4,1,1,1,0,1,1,0,1,1,0,0,medio_alto
1,0.0,0,0.0,0,0,1,0,0,0,0,0,0,0,0,0,0,gratuito
5,35000.0,3,1.0,1,3,1,0,0,0,1,0,1,0,0,1,0,medio_baixo
2,10000.0,0,0.0,1,1,1,0,0,0,0,0,0,1,0,0,0,medio_alto
1,10000.0,0,0.0,1,3,1,0,0,0,1,1,1,0,0,0,0,medio_alto
1,0.0,0,0.0,0,0,1,0,0,0,0,0,0,0,0,0,0,gratuito
2,10000.0,0,0.0,1,5,1,0,0,0,1,1,1,0,1,0,0,alto
7,10000.0,5,0.2,1,2,1,0,0,1,1,1,0,0,0,0,0,medio_baixo
4,0.0,0,0.0,0,0,1,0,0,0,0,0,0,0,0,0,0,gratuito
9,10000.0,23,0.8260869565217391,4,4,1,0,0,0,1,1,0,0,1,0,0,baixo
9,10000.0,7,1.0,8,2,1,1,1,0,1,0,0,1,0,0,0,medio_baixo
4,10000.0,0,0.0,2,2,1,0,0,0,1,0,0,1,0,0,0,baixo
2,10000.0,1,1.0,1,3,1,0,0,0,1,1,1,0,0,0,0,medio_baixo
1,10000.0,0,0.0,1,2,1,1,1,0,1,0,0,0,1,0,0,medio_alto
8,10000.0,15,0.6666666666666666,1,3,1,0,0,0,1,0,0,1,0,0,0,gratuito
6,10000.0,30,0.8666666666666667,1,5,1,0,0,0,1,0,1,1,1,1,0,medio_alto
9,75000.0,157,0.802547770700637,1,3,1,0,0,0,1,1,1,0,0,0,0,gratuito
2,10000.0,1,0.0,10,2,1,0,0,0,1,0,1,0,0,0,0,baixo
3,0.0,0,0.0,3,4,1,0,0,0,1,1,0,1,0,0,0,gratuito
1,10000.0,59,0.9322033898305084,7,4,1,0,0,1,1,1,0,0,0,1,0,alto
1,10000.0,0,0.0,25,2,1,1,1,0,1,0,0,1,0,0,0,baixo
5,10000.0,13,0.7692307692307693,1,1,1,0,0,1,1,0,0,0,0,0,0,alto
4,0.0,0,0.0,0,0,1,0,0,0,0,0,0,0,0,0,0,gratuito
2,10000.0,0,0.0,1,4,1,0,0,0,1,0,1,1,0,1,0,baixo
10,150000.0,92,0.6521739130434783,1,3,1,1,1,0,1,1,1,0,0,0,0,baixo
1,10000.0,4,0.75,1,2,1,0,0,0,1,0,1,0,0,0,0,medio_baixo
4,35000.0,3,1.0,1,4,1,1,0,0,0,1,1,1,0,1,0,alto
9,10000.0,2,0.0,1,3,1,0,0,0,0,0,0,0,1,0,0,baixo
2,10000.0,13,1.0,1,2,1,0,0,0,1,0,1,0,0,0,0,medio_baixo
2,10000.0,10,0.9,1,4,1,0,0,0,1,1,1,1,0,0,0,baixo
2,350000.0,1925,0.9132467532467532,7,3,1,0,0,2,1,0,1,1,0,0,0,alto
4,35000.0,139,0.9712230215827338,5,3,1,1,1,2,1,0,1,1,0,0,0,alto
2,10000.0,54,0.9629629629629629,1,3,1,0,0,0,1,0,0,1,0,0,1,medio_baixo
2,10000.0,15,0.9333333333333333,1,7,1,1,0,1,1,1,1,1,0,0,1,baixo
2,10000.0,22,0.9090909090909091,6,4,1,1,0,0,1,1,1,1,0,0,0,medio_alto
3,10000.0,294,0.7721088435374149,8,3,1,0,0,1,1,1,1,0,0,0,0,medio_baixo
1,10000.0,0,0.0,1,4,1,0,0,0,1,1,0,0,0,0,1,alto
3,10000.0,0,0.0,1,4,1,0,0,0,1,0,1,0,0,1,0,alto
10,3500000.0,43651,0.6764793475521752,14,1,1,0,0,13,0,1,0,0,0,0,0,alto
3,10000.0,3,0.3333333333333333,2,2,1,0,0,0,0,0,1,0,0,0,1,baixo
8,75000.0,156,0.75,2,2,1,0,0,0,0,1,0,0,1,0,0,medio_alto
2,10000.0,0,0.0,8,4,1,0,0,0,1,0,0,1,1,0,1,medio_baixo
5,35000.0,26,0.9230769230769231,7,3,1,1,1,0,1,1,0,1,0,0,0,baixo
16,7500000.0,166405,0.9773264024518494,10,2,1,1,1,2,0,1,0,0,1,0,0,medio_alto
9,10000.0,9,0.5555555555555556,1,4,1,0,0,0,1,0,0,1,0,1,1,baixo
6,10000.0,2,1.0,1,3,1,0,0,0,1,1,1,0,0,0,0,baixo
3,10000.0,3,0.6666666666666666,1,3,1,0,0,0,1,1,0,1,0,0,0,medio_alto
8,75000.0,298,0.785234899328859,3,4,1,0,1,0,1,1,0,0,0,1,1,gratuito
14,350000.0,983,0.6968463886063072,2,3,1,1,1,0,1,1,1,0,0,0,0,medio_baixo
2,10000.0,0,0.0,12,3,1,1,1,0,0,0,0,1,0,1,1,baixo
1,10000.0,0,0.0,2,3,1,0,0,0,1,0,1,0,0,0,0,gratuito
4,0.0,0,0.0,1,3,1,0,0,0,1,0,1,0,0,0,0,gratuito
1,10000.0,6,0.6666666666666666,1,3,1,1,0,0,1,0,1,0,1,0,0,alto
8,10000.0,2,0.5,2,3,1,0,0,0,1,1,1,0,0,0,0,alto
5,0.0,0,0.0,0,0,1,0,0,0,0,0,0,0,0,0,0,gratuito
6,10000.0,3,0.3333333333333333,1,2,1,0,0,0,1,1,0,0,0,0,0,medio_alto
5,10000.0,0,0.0,1,6,1,0,0,0,1,1,1,1,1,0,1,baixo
8,0.0,0,0.0,1,4,1,0,0,0,1,1,1,1,0,0,0,medio_alto
12,35000.0,503,0.5864811133200796,1,3,1,0,0,0,1,1,0,1,0,0,0,medio_alto
6,10000.0,0,0.0,1,2,1,0,1,0,0,0,0,1,1,0,0,gratuito
3,10000.0,133,0.6616541353383458,5,4,1,0,0,0,1,1,1,0,1,0,0,medio_alto
10,75000.0,25,0.64,3,6,1,1,1,0,1,1,0,1,1,0,1,medio_baixo
1,0.0,0,0.0,0,0,1,0,0,0,0,0,0,0,0,0,0,gratuito
1,10000.0,0,0.0,1,2,1,0,0,0,1,0,0,1,0,0,0,alto
1,0.0,0,0.0,1,4,1,1,0,0,1,0,1,1,0,0,1,alto
1,10000.0,0,0.0,1,3,1,0,0,0,1,0,1,1,0,0,0,medio_alto
1,0.0,0,0.0,0,0,1,0,0,0,0,0,0,0,0,0,0,gratuito
7,10000.0,18,0.8888888888888888,2,2,1,0,0,0,1,1,0,0,0,0,0,alto
9,10000.0,105,0.45714285714285713,1,2,1,0,0,1,1,0,0,0,0,0,1,baixo
7,10000.0,3,1.0,1,3,1,0,0,0,1,1,0,1,0,0,0,medio_alto
9,750000.0,5257,0.7489062202777249,9,3,1,1,1,2,1,1,1,0,0,0,0,alto
2,10000.0,7,0.42857142857142855,1,4,1,0,0,0,1,1,1,1,0,0,0,alto
19,150000.0,1115,0.7192825112107624,2,1,1,0,0,0,0,1,0,0,0,0,0,baixo
2,10000.0,0,0.0,5,4,1,0,0,0,0,1,1,1,0,0,1,baixo
1,0.0,0,0.0,1,4,1,1,0,0,1,0,0,0,0,1,1,gratuito
6,10000.0,37,0.8918918918918919,4,5,1,0,0,0,1,1,0,1,0,1,1,medio_baixo
5,0.0,0,0.0,1,4,1,0,0,0,1,0,1,1,0,0,0,gratuito
10,10000.0,25,0.48,1,3,1,1,1,0,1,1,0,1,0,0,0,baixo
8,10000.0,44,0.9545454545454546,1,4,1,0,0,0,1,0,1,1,0,1,0,medio_alto
6,35000.0,83,0.4457831325301205,1,2,1,1,1,0,0,1,0,0,0,0,0,gratuito
1,0.0,0,0.0,4,3,1,0,0,0,1,0,0,0,0,0,1,alto
7,10000.0,0,0.0,1,1,1,0,0,0,0,0,0,0,0,0,1,gratuito
1,0.0,0,0.0,0,0,1,0,0,0,0,0,0,0,0,0,0,gratuito
5,150000.0,736,0.8301630434782609,1,2,1,0,0,0,1,1,0,0,0,0,0,alto
1,0.0,0,0.0,1,6,1,0,0,0,1,1,1,1,1,0,1,medio_alto
2,10000.0,16,0.75,2,3,1,1,0,0,1,0,0,1,0,0,1,medio_baixo
2,10000.0,2,1.0,1,4,1,0,0,0,1,0,1,0,1,1,0,medio_alto
12,75000.0,263,0.9049429657794676,9,1,1,0,0,0,0,0,1,0,0,0,0,medio_baixo
9,35000.0,54,0.8333333333333334,1,2,1,1,1,0,1,1,0,0,0,0,0,medio_baixo
9,10000.0,86,0.6627906976744186,1,2,1,1,1,0,0,0,0,0,0,1,1,baixo
1,10000.0,0,0.0,1,3,1,0,0,0,1,1,0,0,0,1,0,medio_alto
1,10000.0,0,0.0,13,3,1,1,1,0,1,0,0,1,0,1,0,medio_baixo
7,350000.0,2249,0.8079146287238773,9,4,1,1,1,3,1,1,1,0,1,0,0,medio_alto
1,10000.0,4,0.75,1,3,1,0,0,1,1,0,1,0,0,0,1,medio_baixo
1,10000.0,3,1.0,5,2,1,0,0,0,0,1,0,1,0,0,0,medio_baixo
8,10000.0,7,0.5714285714285714,16,4,1,0,0,0,1,1,0,1,0,0,0,baixo
1,10000.0,0,0.0,11,4,1,0,0,0,1,0,1,1,0,0,1,medio_alto
3,35000.0,80,0.8625,6,3,1,0,1,1,1,0,1,1,0,0,0,medio_baixo
7,1500000.0,43270,0.9168245897850705,12,5,1,1,0,6,1,0,1,1,1,0,1,medio_alto
5,10000.0,2,0.5,1,5,1,0,0,0,1,1,1,1,0,0,1,medio_baixo
8,10000.0,0,0.0,1,2,1,0,0,0,1,0,0,1,0,0,0,medio_baixo
10,10000.0,74,0.8243243243243243,1,3,1,0,0,1,1,0,0,1,1,0,0,medio_alto
1,10000.0,0,0.0,11,2,1,1,0,0,1,0,1,0,0,0,0,alto
10,75000.0,446,0.9125560538116592,9,2,1,0,0,1,0,0,0,0,0,1,1,medio_alto
4,10000.0,2,0.0,1,5,1,0,0,0,1,1,1,0,1,1,0,baixo
1,0.0,0,0.0,0,0,1,0,0,0,0,0,0,0,0,0,0,gratuito
9,10000.0,20,0.6,2,3,1,1,1,1,1,1,1,0,0,0,0,medio_alto
10,35000.0,783,0.8888888888888888,1,3,1,1,1,1,1,1,1,0,0,0,0,medio_baixo
20,7500000.0,31822,0.957765068191817,18,1,1,0,1,1,0,1,0,0,0,0,0,gratuito
3,10000.0,225,0.7911111111111111,1,1,1,0,0,5,0,0,0,0,0,1,0,alto
4,10000.0,5,0.8,1,3,1,0,1,0,1,0,1,1,0,0,0,baixo
7,35000.0,7,0.5714285714285714,2,3,1,0,0,0,1,1,0,0,0,0,0,medio_alto
2,10000.0,4,0.5,1,3,1,0,0,0,1,0,0,1,0,1,0,baixo
3,0.0,0,0.0,103,2,1,0,0,0,1,0,0,1,0,0,0,baixo
11,10000.0,137,0.7226277372262774,5,1,1,0,0,1,0,0,0,0,1,0,0,alto
2,0.0,0,0.0,1,4,1,0,0,0,0,0,0,1,0,0,1,gratuito
3,0.0,0,0.0,1,3,1,0,0,11,1,0,0,1,0,1,0,gratuito
3,0.0,0,0.0,0,0,1,0,0,0,0,0,0,0,0,0,0,gratuito
7,35000.0,153,0.5490196078431373,3,3,1,1,1,0,1,0,0,0,0,1,1,medio_baixo
2,75000.0,1,1.0,1,4,1,0,0,0,0,1,1,0,1,0,1,medio_alto
3,75000.0,163,0.32515337423312884,10,2,1,0,0,0,1,1,0,0,0,0,0,medio_alto
8,10000.0,3,0.6666666666666666,1,1,1,0,0,0,1,0,0,0,0,0,0,baixo
8,10000.0,60,0.7166666666666667,2,2,1,0,0,2,0,0,1,0,1,0,0,medio_alto
4,10000.0,2,0.5,103,1,1,0,0,0,1,0,0,0,0,0,0,baixo
2,0.0,0,0.0,0,0,1,0,0,0,0,0,0,0,0,0,0,gratuito
3,10000.0,1,1.0,2,2,1,0,0,0,1,1,0,0,0,0,0,alto
1,0.0,0,0.0,1,2,1,0,0,0,0,0,1,0,0,0,0,medio_baixo
3,0.0,0,0.0,0,0,1,0,0,0,0,0,0,0,0,0,0,gratuito
1,0.0,0,0.0,0,0,1,0,0,0,0,0,0,0,0,0,0,gratuito
8,35000.0,77,0.37662337662337664,1,2,1,0,0,0,1,0,0,1,0,0,0,baixo
6,10000.0,28,0.75,1,2,1,0,0,1,0,0,0,0,0,0,1,gratuito
1,0.0,0,0.0,3,3,1,0,0,0,1,1,0,0,1,0,0,alto
4,10000.0,7,0.5714285714285714,10,4,1,1,1,0,1,1,0,1,0,0,0,alto
1,0.0,0,0.0,4,4,1,0,0,0,0,0,0,1,1,1,0,gratuito
5,10000.0,2,0.5,2,2,1,0,0,0,0,0,0,1,0,0,0,baixo
6,10000.0,10,1.0,1,2,1,0,0,0,1,0,0,1,0,0,0,medio_baixo
1,10000.0,0,0.0,6,3,1,0,0,0,1,0,1,0,0,0,1,medio_baixo
2,10000.0,2,1.0,2,2,1,0,0,0,1,1,0,0,0,0,0,medio_alto
2,10000.0,5,1.0,1,3,1,0,0,0,1,0,0,1,0,0,0,baixo
3,35000.0,21,0.8571428571428571,1,3,1,0,0,0,1,1,0,1,0,0,0,baixo
1,10000.0,10,0.0,1,4,1,0,0,0,1,0,1,0,0,0,1,alto
4,10000.0,8,0.375,2,6,1,0,0,0,1,1,1,1,1,1,0,baixo
4,0.0,0,0.0,0,0,1,0,0,0,0,0,0,0,0,0,0,gratuito
1,10000.0,0,0.0,1,2,1,0,0,0,0,0,1,1,0,0,0,baixo
3,10000.0,0,0.0,1,5,1,1,0,0,0,1,1,1,0,1,0,gratuito
5,10000.0,533,0.8161350844277674,3,5,1,0,0,0,1,1,1,0,1,1,0,gratuito
4,10000.0,0,0.0,1,3,1,0,0,3,1,0,1,0,1,0,0,baixo
4,10000.0,1,1.0,2,4,1,0,0,0,1,0,0,0,1,1,0,medio_alto
1,10000.0,4,1.0,3,4,1,1,0,0,1,1,0,1,0,0,0,medio_alto
4,10000.0,6,0.6666666666666666,1,4,1,0,0,0,1,1,1,1,0,0,0,medio_baixo
3,35000.0,77,0.8311688311688312,1,3,1,0,0,0,1,0,1,0,0,0,0,gratuito
8,10000.0,0,0.0,1,3,1,0,0,1,1,0,0,1,0,0,0,gratuito
6,10000.0,17,0.29411764705882354,2,1,1,0,0,0,1,0,0,0,0,0,0,baixo
2,10000.0,45,0.6444444444444445,1,3,1,0,0,0,1,0,0,0,1,0,1,alto
3,0.0,0,0.0,0,0,1,0,0,0,0,0,0,0,0,0,0,gratuito
11,35000.0,493,0.9817444219066938,5,2,1,0,0,1,1,1,0,0,0,0,0,medio_alto
1,10000.0,0,0.0,1,4,1,0,0,0,1,1,1,1,0,0,0,medio_alto
1,0.0,0,0.0,103,9,1,1,1,0,1,1,1,1,1,1,1,alto
3,150000.0,5947,0.9778039347570203,9,2,1,0,0,2,0,1,1,0,0,0,0,alto
2,10000.0,4,0.75,1,1,1,0,0,0,0,0,0,0,0,0,0,medio_baixo
3,10000.0,20,0.85,1,3,1,0,0,0,0,1,0,1,0,0,0,medio_alto
2,0.0,0,0.0,9,5,1,0,0,0,0,0,0,0,0,0,0,gratuito
3,10000.0,1,0.0,1,3,1,0,0,0,0,1,1,0,1,0,0,baixo
7,150000.0,3768,0.9137473460721869,1,1,1,0,0,1,0,0,0,0,0,0,0,alto
5,10000.0,12,0.75,1,2,1,0,0,0,0,1,1,0,0,0,0,medio_baixo
5,10000.0,259,0.61003861003861,8,3,1,1,1,1,1,0,0,0,1,1,0,medio_baixo
1,0.0,0,0.0,5,2,1,0,0,0,1,0,1,0,0,0,0,medio_baixo
2,0.0,0,0.0,0,0,1,0,0,0,0,0,0,0,0,0,0,gratuito
6,35000.0,20,1.0,2,2,1,0,0,0,1,1,0,0,0,0,0,medio_baixo
1,10000.0,24,1.0,2,2,1,0,0,0,0,1,0,1,0,0,0,baixo
2,10000.0,5,1.0,2,2,1,0,0,0,1,0,0,1,0,0,0,baixo
8,150000.0,752,0.7779255319148937,11,1,1,0,0,0,0,0,0,0,0,1,0,gratuito
3,0.0,0,0.0,0,0,1,0,0,0,0,0,0,0,0,0,0,gratuito
9,10000.0,25,0.68,1,2,1,0,0,0,1,0,1,0,0,0,0,medio_alto
9,10000.0,13,0.8461538461538461,15,2,1,0,0,0,1,0,0,1,0,0,0,baixo
5,35000.0,618,0.7038834951456311,10,5,1,0,0,0,1,0,1,1,0,0,1,alto
4,10000.0,106,0.8679245283018868,10,3,1,0,0,2,1,1,0,0,0,0,1,alto
4,0.0,0,0.0,1,2,1,0,0,0,0,1,0,0,0,0,1,gratuito
3,75000.0,563,0.4351687388987567,1,2,1,0,0,0,1,0,0,0,0,0,0,medio_alto
1,10000.0,0,0.0,27,2,1,1,1,0,1,0,0,0,0,0,1,baixo
6,75000.0,825,0.7951515151515152,9,3,1,0,0,0,0,1,1,1,0,0,0,medio_baixo
10,35000.0,211,0.8246445497630331,1,3,1,0,0,0,1,1,0,0,0,1,0,medio_baixo
2,10000.0,29,0.896551724137931,1,2,1,0,0,0,1,0,1,0,0,0,0,baixo
3,35000.0,114,0.7368421052631579,3,2,1,0,0,0,0,0,0,0,1,1,0,alto
1,0.0,0,0.0,8,4,1,0,0,0,1,0,0,1,0,1,1,medio_alto
9,10000.0,7,0.42857142857142855,1,3,1,1,1,0,1,0,1,0,1,0,0,medio_baixo
9,10000.0,219,0.5388127853881278,2,3,1,1,0,0,1,0,0,0,0,0,1,alto
1,0.0,0,0.0,1,3,1,0,0,0,0,0,1,0,1,1,0,alto
11,10000.0,128,0.796875,1,3,1,0,0,0,0,0,0,1,0,1,1,medio_baixo
10,10000.0,1,1.0,1,2,1,0,0,0,0,0,0,0,0,0,0,alto
1,0.0,0,0.0,2,3,1,0,1,1,0,1,0,1,0,0,0,gratuito
4,10000.0,50,0.98,6,4,1,0,0,0,1,0,0,1,0,1,1,medio_alto
3,10000.0,3,1.0,1,1,1,0,1,0,0,0,0,1,0,0,0,alto
6,10000.0,3,0.3333333333333333,5,4,1,0,0,0,1,0,1,1,1,0,0,medio_alto
2,10000.0,1,1.0,1,4,1,0,0,0,1,0,1,1,1,0,0,baixo
7,10000.0,23,0.8695652173913043,4,2,1,0,0,1,1,0,0,0,0,0,0,gratuito
3,10000.0,0,0.0,3,3,1,0,0,1,1,1,0,1,0,0,0,alto
10,150000.0,306,0.869281045751634,27,3,1,0,0,1,1,0,1,1,0,0,0,medio_baixo
4,10000.0,15,0.9333333333333333,1,1,1,0,0,0,0,0,0,1,0,0,0,baixo
2,10000.0,2,0.5,1,4,1,1,1,0,1,1,0,0,0,0,1,alto
2,10000.0,0,0.0,1,3,1,0,0,0,0,0,1,0,1,1,0,baixo
2,10000.0,10,0.8,9,5,1,0,0,0,1,0,1,1,0,0,1,medio_baixo
1,10000.0,0,0.0,1,3,1,0,0,0,1,1,1,0,0,0,0,medio_baixo
4,10000.0,0,0.0,3,3,1,0,0,0,0,1,1,0,1,0,0,medio_baixo
5,75000.0,68,0.7941176470588235,1,3,1,0,0,0,1,1,1,0,0,0,0,medio_baixo
8,75000.0,414,0.8719806763285024,11,2,1,0,0,1,1,1,0,0,0,0,0,baixo
3,10000.0,134,0.7761194029850746,1,3,1,0,0,1,1,0,0,1,0,0,1,alto
7,10000.0,26,0.7692307692307693,1,2,1,0,0,0,1,0,0,0,0,0,1,alto
1,10000.0,0,0.0,2,2,1,0,0,0,1,0,1,0,0,0,0,medio_baixo
5,75000.0,53,0.8679245283018868,29,3,1,0,0,0,1,0,1,1,0,0,0,baixo
9,10000.0,3,0.6666666666666666,1,4,1,0,0,0,1,1,0,1,0,1,0,medio_baixo
2,10000.0,180,0.9111111111111111,6,2,1,0,0,1,0,1,1,0,0,0,0,medio_alto
2,0.0,0,0.0,0,0,1,0,0,0,0,0,0,0,0,0,0,gratuito
8,10000.0,42,0.9285714285714286,1,3,1,0,0,0,1,0,1,0,0,0,0,gratuito
2,0.0,0,0.0,103,3,1,0,0,0,1,0,0,1,0,1,0,baixo
1,0.0,0,0.0,0,0,1,0,0,0,0,0,0,0,0,0,0,gratuito
6,75000.0,6,0.16666666666666666,1,3,1,0,0,0,1,0,0,0,0,1,1,medio_alto
4,7500000.0,156607,0.9725746614136022,16,2,1,1,0,1,1,0,1,0,0,0,0,alto
3,10000.0,0,0.0,1,1,1,0,0,0,0,0,0,1,0,0,0,baixo
4,10000.0,0,0.0,1,1,1,0,0,0,0,0,1,0,0,0,0,baixo
1,10000.0,0,0.0,1,3,1,1,0,0,1,0,1,0,1,0,0,medio_alto
5,10000.0,4,1.0,1,1,1,0,0,0,0,0,1,0,0,0,0,medio_baixo
9,10000.0,79,0.4936708860759494,5,1,1,0,0,0,0,0,0,0,0,0,0,baixo
4,10000.0,1,1.0,2,2,1,0,0,0,0,1,1,0,0,0,0,alto
3,10000.0,6,0.8333333333333334,1,2,1,0,0,0,0,0,0,0,0,0,1,baixo
9,10000.0,26,0.5769230769230769,1,3,1,0,0,2,1,1,1,0,0,0,0,baixo
10,75000.0,147,0.8843537414965986,1,5,1,0,0,0,1,0,1,1,0,0,0,gratuito
4,10000.0,4,0.5,1,2,1,0,0,3,0,0,0,1,0,0,1,medio_baixo
4,150000.0,8,0.875,1,3,1,0,0,0,1,1,0,0,0,0,0,medio_alto
10,10000.0,43,0.8372093023255814,1,1,1,1,1,1,1,0,0,0,0,0,0,medio_alto
3,10000.0,12,0.5,3,2,1,0,0,0,0,0,0,0,0,1,1,alto
2,35000.0,1265,0.7533596837944664,8,5,1,0,0,0,1,1,1,0,1,1,0,medio_alto
4,10000.0,13,1.0,1,3,1,0,0,0,1,1,0,0,1,0,0,medio_baixo
9,75000.0,506,0.8122529644268774,6,2,1,0,1,0,1,1,0,0,0,0,0,medio_baixo
1,10000.0,0,0.0,16,4,1,0,0,0,0,1,1,0,0,0,0,alto
12,35000.0,61,0.5573770491803278,1,2,1,0,0,0,1,0,0,1,0,0,0,medio_alto
8,10000.0,53,0.6415094339622641,1,3,1,0,0,0,1,0,1,0,0,0,1,gratuito
9,10000.0,19,0.8421052631578947,1,2,1,0,0,0,1,1,0,0,0,0,0,gratuito
7,10000.0,3,0.6666666666666666,1,3,1,0,0,0,1,1,1,0,0,0,0,medio_alto
13,750000.0,5620,0.945017793594306,1,4,1,1,1,1,1,1,0,0,0,1,1,medio_baixo
7,10000.0,42,0.9285714285714286,5,2,1,0,1,1,1,0,0,1,0,0,0,alto
3,0.0,0,0.0,1,1,1,0,0,0,0,0,0,0,0,0,0,gratuito
6,10000.0,61,0.5901639344262295,1,2,1,0,0,0,1,1,0,0,0,0,0,gratuito
4,10000.0,18,0.3888888888888889,6,2,1,0,0,0,0,1,0,0,0,0,0,medio_baixo
1,10000.0,3,1.0,2,3,1,1,0,0,1,0,0,1,0,1,0,medio_baixo
2,0.0,0,0.0,10,4,1,1,1,0,1,1,1,0,0,0,0,gratuito
4,10000.0,1,0.0,2,3,1,0,0,0,1,1,0,0,0,1,0,medio_baixo
8,10000.0,17,0.5294117647058824,1,6,1,0,0,0,1,1,1,0,0,0,0,baixo
7,10000.0,31,1.0,1,3,1,1,1,0,1,0,1,0,1,0,0,medio_alto
3,10000.0,7,0.5714285714285714,2,2,1,0,0,0,1,0,1,0,0,0,0,baixo
7,75000.0,54,0.8518518518518519,1,4,1,1,0,1,1,0,1,1,0,0,0,gratuito
8,10000.0,2,1.0,1,2,1,0,0,0,1,1,0,0,0,0,0,alto
4,10000.0,45,0.8444444444444444,1,3,1,0,0,0,1,0,0,1,1,0,0,medio_baixo
8,35000.0,3,1.0,1,3,1,1,0,0,1,0,0,1,0,1,0,medio_baixo
4,0.0,0,0.0,0,0,1,0,0,0,0,0,0,0,0,0,0,gratuito
1,0.0,0,0.0,0,0,1,0,0,0,0,0,0,0,0,0,0,gratuito
4,35000.0,69,0.8115942028985508,1,4,1,0,0,0,1,1,1,0,1,0,0,medio_baixo
4,10000.0,99,0.8585858585858586,19,3,1,0,0,0,1,0,1,1,0,0,0,medio_alto
6,75000.0,21,0.6666666666666666,1,1,1,0,0,0,0,0,0,0,0,1,0,alto
3,0.0,0,0.0,0,0,1,0,0,0,0,0,0,0,0,0,0,gratuito
7,10000.0,12,0.5,1,4,1,0,0,1,1,0,0,0,0,0,1,medio_baixo
2,10000.0,3,1.0,1,1,1,0,0,0,0,0,1,0,0,0,0,alto
8,10000.0,149,0.87248322147651,1,3,1,0,0,0,1,0,0,0,0,0,1,alto
2,75000.0,2130,0.9530516431924883,6,2,1,0,0,0,0,1,0,0,1,0,0,alto
3,150000.0,313,0.9584664536741214,10,2,1,1,1,1,1,0,1,0,0,0,0,medio_baixo
2,35000.0,776,0.9574742268041238,2,1,1,1,1,2,1,0,0,0,0,0,0,medio_baixo
12,75000.0,79,0.6075949367088608,1,2,1,0,0,0,0,0,0,0,0,1,1,baixo
3,10000.0,2,1.0,1,6,1,0,0,0,1,1,1,1,1,0,1,alto
1,10000.0,0,0.0,1,2,1,0,0,0,0,0,1,0,0,0,0,gratuito
11,75000.0,220,0.6590909090909091,6,1,1,0,0,1,0,1,0,0,0,0,0,medio_baixo
9,35000.0,298,0.587248322147651,5,1,1,0,0,0,0,0,0,0,0,0,1,gratuito
1,0.0,0,0.0,1,4,1,0,0,0,1,1,1,0,0,0,0,medio_alto
4,0.0,0,0.0,1,2,1,0,1,0,1,0,1,0,0,0,0,gratuito
1,10000.0,14,1.0,1,2,1,0,0,0,1,0,1,0,0,0,0,alto
6,10000.0,3,0.3333333333333333,1,3,1,0,0,0,1,0,0,1,0,0,1,medio_baixo
1,10000.0,12,1.0,19,2,1,0,0,0,1,0,0,1,0,0,0,medio_alto
1,0.0,0,0.0,1,4,1,0,0,0,0,0,1,1,0,1,0,gratuito
3,35000.0,4,1.0,1,4,1,0,0,0,1,0,1,0,1,0,1,baixo
2,10000.0,0,0.0,1,3,1,0,0,0,0,1,0,0,0,0,1,gratuito
5,10000.0,5,0.6,2,5,1,0,0,1,1,1,1,0,1,0,0,alto
1,10000.0,5,0.8,11,3,1,1,0,0,1,0,0,1,0,1,0,medio_baixo
1,10000.0,62,0.967741935483871,2,4,1,0,0,0,1,1,0,0,0,0,1,alto
4,10000.0,0,0.0,2,3,1,0,0,0,1,1,1,0,0,0,0,medio_alto
9,75000.0,133,0.849624060150376,4,2,1,1,1,0,1,0,0,1,0,0,0,baixo
1,10000.0,0,0.0,14,3,1,0,0,0,1,1,0,1,0,0,0,baixo
4,150000.0,3479,0.8229376257545271,1,2,1,1,0,0,1,0,0,1,0,0,0,medio_baixo
8,35000.0,1206,0.9411276948590381,1,5,1,0,0,1,1,0,1,1,1,1,0,medio_baixo
6,10000.0,27,0.9629629629629629,1,3,1,0,0,0,0,1,0,0,1,1,0,alto
7,10000.0,76,0.8026315789473685,29,1,1,1,1,0,0,0,1,0,0,0,0,medio_alto
1,0.0,0,0.0,1,4,1,0,0,0,1,0,1,1,0,0,0,gratuito
9,35000.0,47,0.48936170212765956,1,3,1,1,1,0,1,0,1,1,0,0,0,baixo
7,35000.0,414,0.8768115942028986,1,4,1,0,0,0,1,0,1,1,0,0,0,gratuito
2,10000.0,27,1.0,2,4,1,0,0,0,1,1,0,1,0,1,0,baixo
8,35000.0,42,0.5714285714285714,3,5,1,0,0,0,1,1,0,0,0,0,1,gratuito
3,10000.0,88,0.9090909090909091,1,3,1,1,1,0,1,0,0,1,1,0,0,medio_alto
5,10000.0,4,0.5,1,3,1,0,0,0,1,0,0,1,0,0,1,baixo
6,10000.0,21,0.9523809523809523,1,1,1,0,0,0,0,0,0,0,0,0,0,medio_baixo
4,10000.0,8,0.875,1,4,1,0,0,0,1,1,1,1,0,0,0,medio_alto
4,10000.0,2,0.5,1,3,1,0,0,0,0,1,0,1,0,0,0,medio_baixo
2,10000.0,7,0.14285714285714285,2,2,1,0,0,0,0,0,0,0,0,0,0,alto
4,350000.0,1319,0.8256254738438211,1,4,1,0,0,0,1,1,0,1,0,0,1,alto
11,150000.0,181,0.7955801104972375,1,2,1,1,1,0,1,0,0,1,0,0,0,medio_baixo
5,35000.0,50,0.6,1,3,1,0,0,0,1,1,0,0,0,0,0,baixo
5,0.0,0,0.0,1,3,1,0,0,0,0,1,0,1,0,0,0,gratuito
2,10000.0,2,1.0,1,2,1,0,0,0,0,0,0,1,0,1,0,alto
10,35000.0,56,0.7678571428571429,1,2,1,0,0,0,1,1,0,0,0,0,0,medio_baixo
4,35000.0,252,0.623015873015873,2,3,1,0,0,0,1,1,1,0,0,0,0,medio_alto
4,10000.0,28,0.9285714285714286,5,4,1,0,0,0,1,1,1,1,0,0,0,baixo
4,35000.0,254,0.6496062992125984,13,2,1,0,0,0,1,0,0,0,0,1,0,medio_baixo
2,0.0,0,0.0,0,0,1,0,0,0,0,0,0,0,0,0,0,gratuito
1,10000.0,1,0.0,3,6,1,0,0,0,1,0,0,1,1,0,1,gratuito
6,10000.0,54,0.4444444444444444,1,5,1,0,0,0,1,1,1,0,1,0,0,gratuito
10,150000.0,315,0.6,1,3,1,0,0,1,1,1,0,0,0,0,0,gratuito
1,0.0,0,0.0,0,0,1,0,0,0,0,0,0,0,0,0,0,gratuito
1,10000.0,0,0.0,14,3,1,0,0,0,1,1,0,0,0,0,0,medio_alto
1,0.0,0,0.0,0,0,1,0,0,0,0,0,0,0,0,0,0,gratuito
5,10000.0,1,1.0,4,2,1,0,0,0,1,1,0,0,0,0,0,alto
3,10000.0,10,0.9,1,3,1,1,1,0,1,0,0,1,0,0,1,medio_baixo
7,35000.0,300,0.9233333333333333,9,5,1,0,1,0,1,1,1,1,0,0,0,gratuito
8,75000.0,82,0.7317073170731707,8,6,1,1,1,1,1,0,1,1,1,1,1,alto
1,10000.0,0,0.0,10,7,1,0,0,0,1,1,1,1,1,1,1,alto
8,10000.0,2,0.5,1,3,1,0,0,0,1,0,1,0,0,1,0,medio_alto
4,75000.0,639,0.8075117370892019,9,2,1,0,0,0,1,0,0,0,0,1,0,medio_alto
1,10000.0,0,0.0,4,4,1,0,0,0,1,1,1,0,0,1,0,medio_baixo
1,10000.0,0,0.0,2,4,1,0,0,0,1,0,1,0,0,1,1,baixo
10,35000.0,224,0.3125,8,1,1,0,0,1,0,0,0,0,0,0,1,medio_baixo
8,35000.0,173,0.9421965317919075,9,3,1,1,1,0,1,1,0,1,0,0,0,baixo
5,10000.0,15,0.8666666666666667,1,1,1,0,0,0,0,0,0,1,0,0,0,medio_baixo
1,10000.0,67,0.9402985074626866,1,4,1,1,1,0,1,0,1,1,1,0,0,alto
2,10000.0,8,0.875,1,6,1,0,0,0,1,1,1,1,0,1,0,gratuito
1,10000.0,5,0.8,1,2,1,0,0,0,0,1,0,1,0,0,0,medio_baixo
2,10000.0,4,1.0,1,2,1,0,0,0,0,0,0,0,1,0,1,baixo
2,10000.0,14,1.0,2,2,1,0,0,0,0,1,0,0,0,0,0,gratuito
11,10000.0,30,0.7333333333333333,1,3,1,0,0,0,1,1,1,0,0,0,0,baixo
3,10000.0,116,0.7844827586206896,1,3,1,1,0,0,1,1,1,0,0,0,0,alto
1,0.0,0,0.0,103,2,1,1,0,1,0,1,1,0,0,0,0,medio_alto
2,0.0,0,0.0,5,6,1,1,0,1,1,1,0,1,0,0,0,gratuito
4,10000.0,10,0.9,1,3,1,1,0,0,1,0,1,1,0,0,0,medio_alto
3,350000.0,16,0.25,2,2,1,0,0,0,1,1,0,0,0,0,0,medio_baixo
4,10000.0,12,0.25,25,5,1,0,0,0,1,1,1,0,0,0,1,baixo
4,10000.0,132,0.7651515151515151,1,2,1,0,0,0,0,0,1,0,1,0,0,alto
1,10000.0,45,0.9555555555555556,2,3,1,0,0,3,1,1,1,0,0,0,0,medio_baixo
2,10000.0,3,0.6666666666666666,1,6,1,0,0,0,1,1,1,1,1,0,1,alto
6,35000.0,45,0.6666666666666666,1,3,1,0,0,0,1,0,1,1,0,0,0,baixo
3,10000.0,0,0.0,2,1,1,0,0,1,0,0,0,0,0,0,1,alto
12,3500000.0,71614,0.972114391040858,11,4,1,1,1,0,1,1,1,1,0,0,0,medio_alto
1,0.0,0,0.0,103,2,1,0,0,0,1,0,0,0,0,1,0,medio_alto
4,10000.0,27,0.8888888888888888,1,3,1,0,0,0,0,1,1,0,0,0,0,medio_alto
1,10000.0,0,0.0,1,4,1,0,0,0,1,1,1,0,0,0,0,baixo
6,10000.0,1,1.0,1,5,1,0,0,0,1,1,1,1,0,1,0,baixo
1,10000.0,0,0.0,1,4,1,0,0,0,1,1,0,1,0,0,1,medio_baixo
8,1500000.0,43932,0.9381088955658745,11,2,1,0,0,1,1,0,0,0,0,0,1,alto
7,10000.0,10,0.4,1,1,1,1,1,1,1,0,0,0,0,0,0,medio_alto
9,10000.0,5,1.0,7,1,1,0,0,0,0,0,0,1,0,0,0,alto
2,10000.0,0,0.0,16,2,1,0,0,3,1,0,0,1,0,0,0,medio_baixo
5,10000.0,200,0.645,2,1,1,0,0,2,0,0,0,0,1,0,0,alto
11,75000.0,250,0.808,10,3,1,1,1,0,1,1,0,0,0,0,1,alto
2,10000.0,0,0.0,1,2,1,0,0,0,0,1,0,0,0,0,0,medio_alto
5,10000.0,5,0.4,4,1,1,0,0,0,0,0,0,1,0,0,0,medio_alto
1,0.0,0,0.0,0,0,1,0,0,0,0,0,0,0,0,0,0,gratuito
3,10000.0,2,0.5,1,4,1,0,0,0,1,1,1,1,0,0,0,baixo
2,10000.0,0,0.0,1,2,1,1,1,0,1,0,0,1,0,0,0,baixo
11,350000.0,432,0.7847222222222222,1,4,1,1,1,0,1,1,0,1,0,0,0,gratuito
1,0.0,0,0.0,0,0,1,0,0,0,0,0,0,0,0,0,0,gratuito
5,10000.0,19,0.8947368421052632,1,3,1,0,0,0,1,1,0,1,0,0,0,gratuito
3,0.0,0,0.0,1,3,1,0,0,0,1,1,1,0,0,0,0,gratuito
2,10000.0,6,1.0,15,4,1,0,1,0,1,1,1,0,0,0,0,alto
5,10000.0,0,0.0,3,3,1,0,0,0,1,0,1,1,0,0,0,baixo
4,10000.0,1,1.0,7,3,1,0,1,0,1,1,0,0,0,1,0,medio_baixo
1,10000.0,0,0.0,1,2,1,0,0,0,1,0,0,1,0,0,0,medio_baixo
5,10000.0,14,0.21428571428571427,103,6,1,1,1,0,1,1,1,1,0,1,1,alto
4,10000.0,40,0.95,1,4,1,1,1,0,1,1,1,0,1,0,0,baixo
5,0.0,0,0.0,0,0,1,0,0,0,0,0,0,0,0,0,0,gratuito
9,10000.0,6,0.5,1,5,1,0,0,0,1,1,1,0,1,0,0,alto
5,10000.0,184,0.4782608695652174,6,1,1,0,0,15,0,0,0,0,0,0,0,alto
7,35000.0,633,0.8830963665086888,1,1,1,0,0,0,0,1,0,0,0,0,0,medio_baixo
5,10000.0,15,1.0,4,1,1,1,1,0,0,0,0,1,0,0,0,medio_baixo
1,0.0,0,0.0,3,4,1,0,0,0,1,0,1,1,1,0,0,alto
2,10000.0,0,0.0,2,1,1,1,1,0,0,0,0,1,0,0,0,alto
7,10000.0,0,0.0,1,2,1,0,0,2,1,0,0,1,0,0,0,baixo
6,150000.0,3270,0.7773700305810397,12,1,1,1,0,0,0,0,1,0,0,0,0,medio_baixo
8,10000.0,5,0.8,1,3,1,0,0,0,1,0,1,0,1,0,0,medio_baixo
12,10000.0,64,0.609375,3,2,1,1,1,0,0,0,1,1,0,0,0,medio_baixo
2,10000.0,0,0.0,15,5,1,1,1,0,1,0,1,1,1,0,1,medio_baixo
6,10000.0,0,0.0,1,2,1,0,0,0,0,0,0,0,1,0,0,medio_alto
6,10000.0,258,0.9922480620155039,1,5,1,0,0,0,1,0,0,1,0,0,1,alto
11,150000.0,42,0.5714285714285714,1,2,1,1,1,0,1,0,0,1,0,0,0,medio_baixo
10,150000.0,375,0.688,1,4,1,0,0,0,1,1,1,0,1,0,0,gratuito
10,150000.0,748,0.6737967914438503,5,3,1,1,1,0,0,1,1,0,1,0,0,alto
2,10000.0,266,0.8721804511278195,4,3,1,0,0,0,1,0,0,0,1,1,0,medio_alto
9,350000.0,662,0.6268882175226587,16,3,1,0,0,0,0,0,0,1,0,0,1,gratuito
4,150000.0,3112,0.9762210796915167,1,4,1,1,1,9,1,0,0,1,0,1,1,medio_alto
1,10000.0,0,0.0,4,4,1,0,0,0,1,0,1,0,1,1,0,alto
9,10000.0,23,0.4782608695652174,2,3,1,0,0,0,0,1,0,0,0,0,0,medio_alto
6,10000.0,24,0.9166666666666666,1,3,1,1,0,0,1,0,0,0,1,0,0,gratuito
1,10000.0,385,0.974025974025974,12,4,1,1,0,0,1,0,0,1,0,1,1,alto
4,10000.0,36,0.3888888888888889,2,3,1,0,0,0,1,0,1,1,0,0,0,medio_baixo
1,10000.0,0,0.0,10,3,1,0,0,0,0,0,0,0,1,1,0,alto
1,10000.0,0,0.0,2,5,1,1,0,0,1,1,1,0,1,0,0,medio_alto
4,10000.0,0,0.0,1,3,1,0,0,0,1,0,1,0,1,0,0,baixo
8,10000.0,15,0.6666666666666666,103,5,1,0,0,0,1,0,1,1,0,1,1,baixo
1,0.0,0,0.0,1,4,1,1,1,0,1,0,1,1,0,0,1,medio_alto
3,10000.0,32,0.90625,6,2,1,0,0,0,0,0,0,1,0,1,0,baixo
8,35000.0,198,0.7323232323232324,1,4,1,0,0,0,1,1,1,1,0,0,0,baixo
8,10000.0,4,1.0,1,2,1,0,0,0,1,0,0,1,0,0,0,medio_baixo
10,10000.0,91,0.2857142857142857,1,3,1,0,0,0,1,1,0,0,0,0,0,alto
6,10000.0,12,0.75,1,3,1,0,0,0,1,1,1,0,0,0,0,medio_alto
1,0.0,0,0.0,6,4,1,0,0,0,1,0,0,1,0,1,1,medio_alto
5,10000.0,61,0.8360655737704918,1,3,1,1,0,0,1,0,0,1,0,1,0,alto
1,10000.0,290,0.7827586206896552,2,4,1,1,0,0,1,0,0,0,0,1,1,alto
1,10000.0,120,0.95,1,1,1,0,1,0,0,0,0,0,0,1,0,alto
4,10000.0,0,0.0,1,1,1,0,0,0,0,1,0,0,0,0,0,medio_baixo
2,10000.0,53,0.9433962264150944,7,3,1,0,0,0,1,0,1,1,0,0,0,medio_baixo
1,10000.0,0,0.0,1,1,1,1,0,0,0,0,0,1,0,0,0,alto
3,10000.0,42,0.8809523809523809,1,2,1,0,0,0,1,0,1,0,0,0,0,baixo
9,10000.0,34,0.8823529411764706,1,3,1,1,1,0,1,0,1,0,1,0,0,medio_alto
2,10000.0,36,0.9722222222222222,1,2,1,1,1,0,1,0,1,0,0,0,0,medio_baixo
14,35000.0,109,0.5321100917431193,1,3,1,1,0,0,1,0,0,0,0,1,1,medio_alto
3,10000.0,0,0.0,3,3,1,0,0,0,1,1,0,1,0,0,0,medio_baixo
6,10000.0,22,0.36363636363636365,5,1,1,0,0,0,0,0,0,1,0,0,0,medio_baixo
5,10000.0,49,0.9795918367346939,1,3,1,0,0,0,1,1,0,0,0,1,0,medio_alto
1,10000.0,0,0.0,12,2,1,0,0,0,1,0,0,0,0,0,1,baixo
3,10000.0,0,0.0,1,2,1,1,1,0,1,0,0,1,0,0,0,baixo
5,75000.0,1370,0.9372262773722628,2,6,1,1,0,0,1,0,1,0,1,1,1,gratuito
8,10000.0,40,0.775,3,2,1,1,0,0,1,1,0,0,0,0,0,baixo
10,35000.0,99,0.494949494949495,1,1,1,0,0,0,0,0,0,1,0,0,0,medio_baixo
8,35000.0,38,0.7368421052631579,1,9,1,0,0,0,1,1,1,1,1,0,1,gratuito
6,10000.0,1,0.0,1,7,1,0,0,0,1,1,0,1,0,0,1,baixo
5,0.0,0,0.0,11,5,1,0,0,0,1,0,0,1,0,0,1,gratuito
3,750000.0,22456,0.8248574991093695,15,5,1,1,0,27,1,0,1,1,1,0,1,alto
8,75000.0,298,0.9261744966442953,1,4,1,0,1,0,1,1,0,1,1,0,0,baixo
1,10000.0,0,0.0,8,2,1,0,0,0,0,1,1,0,0,0,0,alto
7,10000.0,51,0.7843137254901961,1,1,1,0,0,0,0,1,0,0,0,0,0,medio_alto
5,35000.0,5,0.6,2,3,1,0,0,0,1,0,1,0,1,0,0,medio_alto
2,10000.0,0,0.0,12,3,1,1,1,0,1,0,0,1,0,1,0,baixo
7,10000.0,63,0.873015873015873,1,4,1,0,0,0,1,1,0,0,0,0,0,medio_alto
2,35000.0,534,0.7846441947565543,6,4,1,0,0,2,1,0,0,1,0,1,1,alto
16,35000.0,184,0.41304347826086957,2,2,1,0,0,0,0,0,0,0,0,1,1,medio_baixo
1,10000.0,0,0.0,1,1,1,0,0,0,0,0,0,1,0,0,0,medio_baixo
2,0.0,0,0.0,1,4,1,1,0,2,1,0,0,1,1,0,0,gratuito
5,10000.0,2,1.0,2,2,1,0,0,0,1,0,1,0,0,0,0,alto
8,35000.0,209,0.7655502392344498,14,4,1,1,0,0,1,0,0,0,1,1,1,medio_baixo
3,0.0,0,0.0,1,4,1,0,0,0,1,0,1,0,1,0,0,gratuito
8,10000.0,0,0.0,1,5,1,1,0,0,0,1,1,1,0,1,1,alto
7,10000.0,4,0.0,1,3,1,0,0,0,1,1,1,0,0,0,0,medio_alto
2,10000.0,2,1.0,1,1,1,0,0,0,0,1,0,0,0,0,0,medio_baixo
1,0.0,0,0.0,1,2,1,0,0,0,0,1,0,0,0,0,0,gratuito
7,10000.0,8,0.75,2,1,1,0,0,0,1,0,0,0,0,0,0,medio_baixo
5,10000.0,128,0.75,8,4,1,0,0,0,1,0,1,0,1,0,0,medio_baixo
1,0.0,0,0.0,1,1,1,0,0,0,0,0,1,0,0,0,0,alto
2,10000.0,11,0.9090909090909091,1,1,1,0,0,0,0,0,1,0,0,0,0,alto
2,10000.0,34,0.8235294117647058,2,3,1,0,0,0,1,0,1,0,0,0,1,medio_baixo
5,10000.0,62,0.7419354838709677,2,2,1,0,0,0,1,0,1,0,0,0,0,medio_alto
5,35000.0,23,0.9565217391304348,2,3,1,0,0,0,1,1,1,0,0,0,0,baixo
3,10000.0,15,0.4,26,5,1,0,0,0,1,0,1,1,1,0,1,baixo
2,10000.0,299,0.9230769230769231,1,2,1,0,0,0,1,0,1,0,0,0,0,medio_baixo
2,10000.0,0,0.0,5,6,1,1,1,0,1,1,1,1,1,0,0,alto
7,10000.0,581,0.9018932874354562,4,3,1,1,1,1,1,1,1,0,0,0,0,alto
2,35000.0,9,0.8888888888888888,1,3,1,0,0,0,0,1,0,0,0,0,0,medio_baixo
5,10000.0,13,0.9230769230769231,1,4,1,0,0,0,1,1,1,0,0,0,0,alto
2,10000.0,17,1.0,1,1,1,0,0,0,0,0,1,0,0,0,0,medio_baixo
1,10000.0,1,1.0,1,3,1,1,0,0,0,0,1,1,0,1,0,alto
2,35000.0,5,0.6,5,1,1,0,0,0,0,0,0,0,0,0,0,alto
10,10000.0,93,0.9032258064516129,1,1,1,0,0,1,0,0,1,0,0,0,0,alto
4,350000.0,6,0.3333333333333333,1,1,1,0,0,0,0,0,0,0,1,0,0,medio_baixo
12,75000.0,112,0.625,3,3,1,0,0,0,1,0,0,1,0,0,1,medio_baixo
7,10000.0,23,0.43478260869565216,1,4,1,0,0,1,1,0,0,1,0,1,1,baixo
8,35000.0,49,0.8163265306122449,2,4,1,0,0,0,0,1,1,0,0,0,1,gratuito
3,10000.0,4,1.0,1,2,1,0,0,0,1,0,0,0,0,0,0,baixo
6,10000.0,6,1.0,1,3,1,0,0,0,1,1,1,0,0,0,0,baixo
2,0.0,0,0.0,0,0,1,0,0,0,0,0,0,0,0,0,0,gratuito
7,10000.0,66,0.7121212121212122,17,3,1,1,0,0,1,0,1,1,0,0,0,medio_baixo
4,10000.0,909,0.9240924092409241,6,2,1,0,0,0,0,1,0,0,1,0,0,alto
2,10000.0,0,0.0,4,2,1,0,0,0,0,0,0,1,1,0,0,medio_alto
4,150000.0,868,0.9285714285714286,7,4,1,0,0,2,1,0,1,1,1,0,0,medio_alto
7,10000.0,0,0.0,2,2,0,1,0,1,1,1,0,0,0,0,0,baixo
6,10000.0,1,1.0,5,3,1,0,0,0,0,0,0,1,0,1,0,medio_baixo
2,10000.0,113,0.8053097345132744,1,3,1,0,0,0,0,0,1,1,0,0,0,baixo
1,0.0,0,0.0,0,0,1,0,0,0,0,0,0,0,0,0,0,gratuito
1,10000.0,0,0.0,5,2,1,1,0,0,1,1,0,0,0,0,0,medio_alto
7,35000.0,6,0.5,2,5,1,0,0,0,1,1,1,0,1,1,0,baixo
1,10000.0,0,0.0,16,4,1,0,0,0,1,1,1,0,0,0,0,alto
6,10000.0,27,0.7037037037037037,1,3,1,0,1,0,1,1,1,0,0,0,0,baixo
2,0.0,0,0.0,8,2,1,1,0,0,0,1,0,1,0,0,0,gratuito
1,10000.0,0,0.0,27,2,1,1,1,0,1,0,0,0,0,0,1,baixo
7,10000.0,8,0.5,2,6,1,0,0,0,1,0,0,1,1,1,1,baixo
8,10000.0,1,1.0,1,4,1,0,0,0,1,1,1,1,0,0,0,gratuito
1,10000.0,0,0.0,13,2,1,0,0,3,1,0,0,0,0,0,1,alto
10,10000.0,18,0.6111111111111112,1,3,1,0,1,0,1,1,1,0,0,0,0,gratuito
5,10000.0,286,0.986013986013986,10,5,1,0,0,1,1,1,1,1,0,0,1,medio_alto
7,10000.0,0,0.0,7,2,1,0,1,0,1,0,0,1,0,0,0,baixo
6,10000.0,91,0.9230769230769231,4,4,1,0,0,0,1,1,0,1,0,0,1,baixo
1,10000.0,0,0.0,11,6,1,0,0,3,1,1,0,1,1,1,1,alto
3,0.0,0,0.0,0,0,1,0,0,0,0,0,0,0,0,0,0,gratuito
10,10000.0,26,0.6923076923076923,1,4,1,1,0,0,1,1,1,0,0,0,0,medio_alto
2,10000.0,29,0.896551724137931,16,3,1,0,0,0,1,0,1,1,0,0,0,medio_baixo
2,10000.0,4,0.5,1,2,1,0,0,0,1,0,0,1,0,0,0,baixo
3,10000.0,0,0.0,1,4,1,0,0,0,1,0,0,0,1,0,1,alto
2,350000.0,10395,0.979028379028379,12,3,1,0,0,5,0,0,1,1,0,0,1,alto
2,10000.0,5,0.6,1,2,1,0,0,0,1,0,0,0,1,0,0,alto
2,10000.0,131,0.9923664122137404,11,1,1,0,0,0,0,1,0,0,0,0,0,baixo
1,10000.0,0,0.0,1,3,1,0,0,0,0,0,0,1,0,1,0,medio_baixo
6,10000.0,1,1.0,1,1,1,0,0,0,0,1,0,0,0,0,0,baixo
2,10000.0,1,0.0,2,4,1,0,0,0,1,1,0,1,1,0,0,alto
3,0.0,0,0.0,1,4,1,1,0,0,1,0,1,0,0,0,1,gratuito
7,10000.0,20,0.85,3,3,1,1,0,0,1,0,1,1,0,0,0,baixo
5,3500000.0,34782,0.8734115347018573,12,2,1,0,0,31,0,1,0,0,1,0,0,alto
2,10000.0,0,0.0,3,4,1,1,1,0,1,1,0,1,1,0,0,medio_baixo
3,10000.0,1,1.0,1,3,1,0,0,0,1,1,1,0,0,0,0,medio_alto
5,1500000.0,27245,0.681703064782529,12,1,1,1,0,15,0,0,0,0,0,1,0,alto
1,0.0,0,0.0,0,0,1,0,0,0,0,0,0,0,0,0,0,gratuito
7,10000.0,21,0.8571428571428571,1,2,1,0,0,0,0,0,1,1,0,0,0,medio_alto
8,150000.0,1290,0.7612403100775194,7,2,1,1,1,11,0,0,0,0,0,0,0,medio_baixo
9,10000.0,112,0.7857142857142857,1,4,1,1,1,1,1,1,1,0,0,0,0,medio_alto
3,10000.0,32,0.84375,1,3,1,0,0,0,0,0,1,1,1,0,0,medio_alto
1,10000.0,0,0.0,7,3,1,1,1,0,1,1,0,0,0,0,0,alto
7,10000.0,65,0.6615384615384615,2,3,1,0,0,0,1,1,1,0,0,0,0,alto
13,35000.0,187,0.7967914438502673,6,4,1,0,0,0,1,1,0,1,0,0,0,baixo
1,10000.0,0,0.0,1,2,1,1,1,0,1,1,0,0,0,0,0,medio_alto
1,0.0,0,0.0,11,1,1,0,0,8,0,0,0,0,0,1,0,medio_alto
4,10000.0,5,1.0,1,1,1,0,0,0,0,0,0,1,0,0,0,baixo
9,10000.0,15,0.26666666666666666,2,2,1,0,0,0,1,1,0,0,0,0,0,medio_alto
5,0.0,0,0.0,6,3,1,1,0,0,1,1,0,0,0,0,0,gratuito
2,10000.0,10,0.7,1,3,1,0,0,1,1,1,1,0,0,0,0,alto
2,0.0,0,0.0,5,5,1,1,0,0,1,0,1,1,0,0,1,gratuito
1,10000.0,1,1.0,9,4,1,0,0,0,1,0,1,0,0,1,1,medio_alto
8,10000.0,24,0.75,3,5,1,0,0,2,1,0,1,0,1,1,0,alto
4,10000.0,11,1.0,2,4,1,0,0,0,1,1,1,1,0,0,0,medio_baixo
5,10000.0,0,0.0,1,2,1,0,0,0,1,0,0,1,0,0,0,baixo
1,10000.0,0,0.0,1,3,1,1,0,0,0,0,1,1,0,1,0,alto
6,10000.0,18,0.6111111111111112,1,4,1,0,0,0,1,1,1,1,0,0,0,alto
2,10000.0,21,1.0,1,4,1,0,0,0,1,1,0,1,0,1,0,medio_alto
7,10000.0,126,0.7380952380952381,7,2,1,0,0,0,1,0,0,0,0,0,0,medio_alto
4,10000.0,10,0.8,2,1,1,0,0,0,0,0,1,0,0,0,0,medio_alto
8,3500000.0,133723,0.8486872116240288,9,3,1,0,0,21,1,1,0,0,1,0,0,medio_baixo
4,10000.0,14,0.7857142857142857,1,5,1,1,1,0,1,0,0,1,0,1,1,gratuito
8,75000.0,215,0.8325581395348837,12,2,1,0,0,0,1,1,0,0,0,0,0,medio_baixo
2,10000.0,315,0.9396825396825397,1,5,1,0,0,0,1,1,1,1,0,0,0,baixo
4,10000.0,9,0.8888888888888888,1,2,1,0,0,0,0,0,0,0,0,0,1,gratuito
10,35000.0,6,0.6666666666666666,1,5,1,0,0,0,1,1,1,0,1,1,0,alto
2,10000.0,7,0.8571428571428571,1,1,1,0,0,1,1,0,0,0,0,0,0,medio_alto
17,1500000.0,4644,0.8912575366063739,5,1,1,0,0,0,0,0,0,0,1,0,0,medio_alto
4,10000.0,2,1.0,1,3,1,1,0,0,1,0,0,0,0,0,1,medio_alto
3,35000.0,2,0.5,1,3,1,0,0,0,1,0,1,1,0,0,0,alto
1,0.0,0,0.0,103,2,1,0,0,0,1,0,0,1,0,0,0,baixo
2,10000.0,2,1.0,1,1,1,0,0,0,1,0,0,0,0,0,0,medio_baixo
5,10000.0,32,0.8125,29,2,1,0,0,0,1,0,1,0,0,0,0,baixo
3,0.0,0,0.0,0,0,1,0,0,0,0,0,0,0,0,0,0,gratuito
12,150000.0,382,0.7984293193717278,1,5,1,0,0,0,1,0,0,1,1,1,0,gratuito
8,10000.0,42,0.5714285714285714,1,2,1,0,0,0,0,1,1,0,0,0,0,baixo
3,10000.0,0,0.0,4,3,1,0,0,3,1,0,0,1,0,0,1,alto
3,10000.0,4,0.25,35,4,1,0,0,0,1,1,0,1,1,0,0,medio_alto
4,10000.0,1,1.0,1,2,1,1,0,0,1,1,0,0,0,0,0,baixo
10,35000.0,139,0.7194244604316546,1,5,1,0,0,0,1,1,0,1,0,0,0,gratuito
1,0.0,0,0.0,0,0,1,0,0,0,0,0,0,0,0,0,0,gratuito
7,75000.0,3303,0.9700272479564033,15,2,1,0,0,2,1,0,0,1,0,0,0,alto
2,10000.0,8,0.875,1,1,1,0,0,1,0,0,0,0,1,0,0,baixo
2,10000.0,0,0.0,3,1,1,0,0,0,0,0,0,1,0,0,0,medio_baixo
8,150000.0,793,0.7503152585119798,7,3,1,0,0,0,1,1,0,1,0,0,0,baixo
4,0.0,0,0.0,1,4,1,0,0,0,1,0,0,1,0,0,1,gratuito
7,150000.0,2344,0.7517064846416383,10,5,1,0,0,1,1,1,1,1,1,0,0,medio_alto
5,10000.0,6,0.6666666666666666,1,2,1,0,0,0,0,1,1,0,0,0,0,medio_alto
2,10000.0,1,0.0,1,2,1,0,0,0,0,0,0,1,0,0,0,medio_baixo
6,10000.0,11,0.5454545454545454,2,5,1,0,0,0,1,0,0,1,1,0,1,medio_alto
6,150000.0,1453,0.7694425326909842,6,0,1,0,0,1,0,0,0,0,0,0,0,baixo
1,75000.0,1,0.0,1,3,1,0,1,0,1,1,0,0,0,0,0,gratuito
2,10000.0,0,0.0,1,1,1,0,0,0,1,0,0,0,0,0,0,baixo
3,10000.0,16,0.75,6,2,1,0,0,0,0,1,0,0,0,0,1,alto
3,0.0,0,0.0,3,5,1,0,0,0,0,0,1,0,1,1,0,gratuito
1,0.0,0,0.0,2,5,1,0,0,0,1,0,0,1,1,1,0,gratuito
5,75000.0,163,0.5276073619631901,14,4,1,0,0,0,1,1,1,0,0,0,0,medio_alto
1,10000.0,0,0.0,3,2,1,0,0,0,1,0,1,0,0,0,0,baixo
9,35000.0,4,0.75,2,3,1,0,0,4,1,1,0,1,0,0,0,baixo
4,10000.0,4,1.0,10,2,1,0,0,0,1,0,0,1,0,0,0,medio_baixo
6,10000.0,1,1.0,1,7,1,0,0,0,1,1,1,1,0,1,1,medio_alto
1,0.0,0,0.0,1,2,1,0,0,0,0,1,1,0,0,0,0,alto
4,0.0,0,0.0,0,0,1,0,0,0,0,0,0,0,0,0,0,gratuito
1,10000.0,0,0.0,1,2,1,0,0,0,1,0,0,0,0,1,0,medio_baixo
4,10000.0,0,0.0,2,1,1,0,0,1,1,0,0,0,0,0,0,alto
6,35000.0,211,0.6255924170616114,10,3,1,0,0,0,1,0,1,1,0,0,0,medio_baixo
5,0.0,0,0.0,1,4,1,0,0,0,0,0,1,1,0,0,0,gratuito
8,10000.0,19,0.7894736842105263,1,3,1,0,0,0,0,1,1,1,0,0,0,medio_alto
8,10000.0,16,0.5625,1,3,1,0,0,0,1,1,0,0,0,0,1,medio_alto
4,10000.0,0,0.0,1,1,1,0,0,0,0,0,0,1,0,0,0,medio_alto
9,10000.0,127,0.8110236220472441,3,2,1,0,0,0,0,0,0,1,0,0,1,medio_alto
7,10000.0,2,0.5,1,2,1,0,0,0,1,0,1,0,0,0,0,baixo
1,0.0,0,0.0,0,0,1,0,0,0,0,0,0,0,0,0,0,gratuito
7,350000.0,892,0.4977578475336323,2,5,1,0,0,9,1,1,0,0,1,0,0,gratuito
10,10000.0,52,0.5961538461538461,1,2,1,1,0,5,0,0,0,0,1,1,0,alto
3,10000.0,1,1.0,2,2,1,0,0,0,1,0,0,1,0,0,0,medio_alto
6,10000.0,1,1.0,1,2,1,0,0,0,1,1,0,0,0,0,0,baixo
3,0.0,0,0.0,0,0,1,0,0,0,0,0,0,0,0,0,0,gratuito
6,150000.0,463,0.8531317494600432,1,3,1,0,0,0,1,1,0,0,0,0,0,gratuito
2,350000.0,3415,0.8975109809663251,9,2,1,1,0,1,0,1,0,1,0,0,0,medio_alto
5,10000.0,0,0.0,1,3,1,0,0,0,1,1,1,0,0,0,0,medio_baixo
3,10000.0,2,1.0,1,3,1,0,0,3,1,0,1,1,0,0,0,medio_alto
8,10000.0,16,0.6875,1,1,1,0,0,0,0,0,0,1,0,0,0,gratuito
1,350000.0,2708,0.7097488921713442,6,3,1,0,0,0,0,1,1,0,0,0,0,alto
1,75000.0,2,1.0,1,2,1,0,0,0,1,0,0,0,0,1,0,medio_alto
4,0.0,0,0.0,1,3,1,0,0,0,0,0,0,1,0,0,1,gratuito
7,35000.0,191,0.9267015706806283,14,2,1,0,1,0,0,0,0,1,0,0,0,gratuito
6,0.0,0,0.0,0,0,1,0,0,0,0,0,0,0,0,0,0,gratuito
4,10000.0,23,0.9565217391304348,3,2,1,1,1,0,1,0,0,1,0,0,0,baixo
2,10000.0,255,0.7803921568627451,13,4,1,0,0,4,1,1,1,0,1,0,0,alto
1,0.0,0,0.0,0,0,1,0,0,0,0,0,0,0,0,0,0,gratuito
1,10000.0,7,0.8571428571428571,1,3,1,0,0,0,0,1,1,1,0,0,0,medio_baixo
1,10000.0,0,0.0,6,3,1,0,0,0,0,1,1,0,0,0,0,medio_alto
3,35000.0,15,0.8,6,4,1,0,0,0,1,1,1,0,0,1,0,medio_baixo
6,10000.0,8,1.0,1,4,1,0,0,0,1,1,1,1,0,0,0,medio_baixo
11,3500000.0,997,0.6780341023069207,5,1,1,1,1,1,0,0,0,0,1,0,0,medio_baixo
3,10000.0,0,0.0,1,4,1,0,0,0,0,0,0,1,1,1,1,alto
3,10000.0,0,0.0,1,4,1,0,0,0,1,0,0,1,0,1,0,gratuito
3,10000.0,1,1.0,1,2,1,0,0,0,1,0,1,0,0,0,0,alto
1,0.0,0,0.0,1,4,1,0,0,0,1,0,1,1,0,0,0,gratuito
7,10000.0,122,0.819672131147541,1,4,1,0,0,0,1,1,1,1,0,0,0,medio_alto
2,10000.0,0,0.0,2,4,1,0,0,0,1,1,0,1,0,1,0,baixo
3,10000.0,26,0.6538461538461539,30,6,1,0,0,0,1,1,1,1,0,0,1,alto
4,10000.0,3,1.0,1,1,1,0,0,0,0,0,0,1,0,0,0,baixo
5,0.0,0,0.0,1,4,1,0,0,0,1,0,1,1,0,0,0,gratuito
4,150000.0,4218,0.9485538169748696,1,3,1,1,1,0,1,0,1,0,1,0,0,medio_baixo
5,0.0,0,0.0,1,2,1,0,0,0,0,1,0,0,0,1,0,gratuito
3,10000.0,2,1.0,1,2,1,0,1,0,1,0,0,1,0,0,0,baixo
1,0.0,0,0.0,103,4,1,0,0,1,1,0,1,1,0,0,1,medio_alto
1,10000.0,0,0.0,1,6,1,0,0,0,1,1,0,0,0,0,1,medio_alto
4,0.0,0,0.0,1,1,1,0,0,0,0,0,1,0,0,0,0,gratuito
8,10000.0,10,0.9,1,4,1,0,0,0,1,1,0,0,0,0,0,medio_alto
3,10000.0,0,0.0,1,1,1,0,0,0,0,0,1,0,0,0,0,medio_alto
6,10000.0,8,0.25,1,6,1,0,0,0,1,1,1,0,1,1,0,baixo
1,10000.0,0,0.0,3,4,1,0,0,0,1,1,0,1,0,1,0,medio_alto
4,10000.0,0,0.0,3,4,1,0,0,0,1,0,1,1,0,1,0,alto
7,10000.0,20,0.1,1,2,1,0,0,0,0,1,0,0,0,0,0,baixo
3,10000.0,5,1.0,1,4,1,1,1,0,1,1,1,1,0,0,0,medio_alto
3,0.0,0,0.0,2,2,1,0,0,0,0,1,0,1,0,0,0,gratuito
6,10000.0,2,1.0,2,3,1,0,0,0,1,0,1,1,0,0,0,baixo
2,10000.0,58,0.6896551724137931,11,2,1,0,0,0,1,0,1,0,0,0,0,medio_baixo
4,10000.0,2,0.0,3,2,1,0,0,0,0,1,1,0,0,0,0,medio_baixo
8,10000.0,13,0.5384615384615384,1,2,1,0,0,0,1,0,1,0,0,0,0,medio_alto
1,0.0,0,0.0,1,3,1,0,0,0,1,1,0,0,0,0,0,gratuito
9,10000.0,25,0.8,1,2,1,0,0,0,1,0,0,0,0,1,0,medio_alto
2,10000.0,15,1.0,2,2,1,0,0,0,1,0,0,0,1,0,0,alto
7,35000.0,193,0.6580310880829016,16,3,1,1,0,0,1,0,1,1,0,0,0,medio_baixo
1,10000.0,3,0.6666666666666666,8,4,1,0,0,0,0,1,1,0,0,0,1,alto
1,0.0,0,0.0,0,0,1,0,0,0,0,0,0,0,0,0,0,gratuito
5,10000.0,39,0.9487179487179487,1,2,1,0,0,0,1,0,1,0,0,0,0,alto
5,10000.0,12,0.4166666666666667,2,1,1,0,0,0,0,0,0,1,0,0,0,medio_baixo
1,10000.0,0,0.0,1,3,1,0,0,1,1,0,1,0,0,1,0,alto
12,150000.0,2510,0.7330677290836654,1,3,1,0,0,1,1,0,0,0,1,1,0,alto
9,35000.0,233,0.575107296137339,1,1,1,0,0,0,0,1,0,0,0,0,0,medio_baixo
8,35000.0,199,0.6482412060301508,9,2,1,1,1,0,0,0,1,1,0,0,0,medio_alto
7,10000.0,29,0.5862068965517241,103,5,1,0,0,0,1,0,1,1,0,1,1,baixo
6,10000.0,36,0.7777777777777778,1,2,1,1,0,2,0,0,1,0,1,0,0,alto
1,0.0,0,0.0,11,2,1,0,0,0,0,0,0,0,0,0,1,baixo
1,10000.0,0,0.0,16,1,1,0,0,0,0,0,0,1,0,0,0,medio_baixo
1,0.0,0,0.0,1,7,1,0,0,0,1,1,1,0,1,1,1,alto
2,10000.0,96,0.5416666666666666,8,3,1,0,0,0,1,0,0,1,0,0,1,alto
1,0.0,0,0.0,2,3,1,0,0,0,1,0,0,0,0,0,1,alto
10,10000.0,49,0.6326530612244898,1,5,1,0,0,0,1,1,0,1,0,1,1,alto
4,10000.0,65,0.8769230769230769,1,3,1,0,0,0,1,1,1,0,0,0,0,alto
1,10000.0,3,0.3333333333333333,2,2,1,0,0,0,1,0,0,1,0,0,0,medio_baixo
9,10000.0,479,0.9248434237995825,1,2,1,0,0,0,1,1,0,0,0,0,0,baixo
5,10000.0,26,0.9615384615384616,2,2,1,0,0,0,0,1,0,1,0,0,0,medio_alto
2,10000.0,36,0.75,10,5,1,0,0,0,0,1,0,1,0,0,1,alto
4,35000.0,11,0.6363636363636364,2,3,1,0,0,0,1,0,1,0,0,0,1,alto
4,10000.0,39,0.9487179487179487,3,3,1,0,0,1,1,1,0,0,1,0,0,medio_baixo
6,10000.0,4,0.5,1,3,1,0,0,0,1,1,0,0,0,0,0,baixo
2,10000.0,7,1.0,1,2,1,0,0,0,0,0,1,0,1,0,0,medio_baixo
9,75000.0,205,0.6780487804878049,1,6,1,1,1,0,1,0,1,0,1,1,0,gratuito
9,10000.0,0,0.0,1,6,1,0,0,0,1,1,0,1,0,0,1,medio_alto
2,10000.0,7,0.8571428571428571,1,3,1,1,0,0,1,0,1,1,0,0,0,baixo
6,10000.0,12,0.8333333333333334,2,3,1,0,0,0,1,1,1,0,0,0,0,baixo
7,10000.0,11,0.5454545454545454,1,4,1,0,0,0,1,0,0,1,0,0,0,medio_alto
1,0.0,0,0.0,1,3,1,0,0,0,1,1,0,0,0,0,0,medio_alto
10,35000.0,656,0.8262195121951219,11,3,1,0,0,0,1,0,0,1,0,0,1,baixo
4,10000.0,2,0.5,1,2,1,0,0,0,0,1,0,0,0,0,1,baixo
1,0.0,0,0.0,1,5,1,0,0,0,1,1,1,1,0,0,0,medio_alto
2,10000.0,35,0.9714285714285714,1,5,1,1,0,0,1,1,1,1,1,0,0,medio_baixo
5,35000.0,18,0.4444444444444444,6,2,1,0,0,0,1,0,1,0,0,0,0,medio_alto
4,10000.0,58,1.0,4,2,1,0,0,0,1,0,1,0,0,0,0,medio_alto
5,10000.0,23,0.9130434782608695,1,4,1,0,0,1,1,0,0,0,1,1,0,gratuito
7,10000.0,2,0.0,2,2,1,0,0,0,0,0,0,0,0,0,0,alto
1,0.0,0,0.0,0,0,1,0,0,0,0,0,0,0,0,0,0,gratuito
5,10000.0,194,0.9329896907216495,29,3,1,0,0,0,1,0,0,1,0,1,0,medio_alto
9,35000.0,65,0.7230769230769231,1,2,1,0,0,0,1,0,0,1,0,0,0,baixo
6,10000.0,8,0.625,2,1,1,0,0,0,0,0,0,0,0,0,0,gratuito
4,10000.0,73,0.958904109589041,1,1,1,0,0,0,0,0,1,0,0,0,0,alto
2,0.0,0,0.0,0,0,1,0,0,0,0,0,0,0,0,0,0,gratuito
5,10000.0,23,0.782608695652174,1,3,1,0,0,0,1,1,1,0,0,0,0,medio_baixo
1,0.0,0,0.0,0,0,1,0,0,0,0,0,0,0,0,0,0,gratuito
1,10000.0,0,0.0,1,4,1,0,0,0,1,0,1,1,0,0,1,alto
1,35000.0,82,0.9146341463414634,8,3,1,1,0,0,1,0,0,1,0,1,0,medio_baixo
1,10000.0,0,0.0,1,3,1,0,0,0,1,0,0,1,1,0,0,medio_alto
3,10000.0,12,0.6666666666666666,2,1,1,0,0,0,0,1,0,0,0,0,0,medio_alto
2,0.0,0,0.0,1,2,1,0,0,0,0,0,0,1,0,0,0,gratuito
5,10000.0,5,1.0,29,5,1,0,0,0,1,1,0,1,0,1,0,baixo
5,10000.0,0,0.0,1,3,1,0,0,0,1,0,1,1,0,0,0,medio_baixo
1,10000.0,1,1.0,1,2,1,0,0,0,1,0,0,1,0,0,0,medio_baixo
1,0.0,0,0.0,1,4,1,0,0,0,1,1,1,0,0,0,0,alto
1,0.0,0,0.0,0,0,1,0,0,0,0,0,0,0,0,0,0,gratuito
6,10000.0,1,1.0,1,2,1,0,0,0,0,1,0,0,0,1,0,baixo
3,10000.0,390,0.5487179487179488,1,4,1,0,0,0,1,0,0,1,0,0,1,alto
6,10000.0,10,0.9,1,2,1,0,0,0,0,0,1,0,0,0,0,gratuito
5,10000.0,13,0.9230769230769231,9,3,1,0,0,0,1,0,0,1,0,0,1,alto
6,10000.0,16,0.75,1,2,1,1,0,3,1,0,0,1,0,0,0,medio_baixo
8,10000.0,13,0.6923076923076923,1,2,1,0,0,0,0,0,1,1,0,0,0,medio_alto
8,10000.0,1,1.0,1,3,1,0,0,0,1,1,0,1,0,0,0,baixo
1,35000.0,54,0.8888888888888888,1,4,1,0,0,0,1,0,1,0,1,1,0,medio_alto
5,10000.0,5,0.8,1,2,1,0,0,0,1,1,0,0,0,0,0,medio_alto
6,350000.0,9009,0.8633588633588634,13,5,1,1,1,1,1,0,0,0,1,1,1,alto
6,35000.0,2,0.0,2,3,1,0,0,0,1,0,0,1,0,1,0,baixo
1,10000.0,0,0.0,1,1,1,0,0,0,0,0,0,1,0,0,0,baixo
5,10000.0,6,0.3333333333333333,8,4,1,0,0,0,1,0,1,1,0,1,0,medio_alto
10,10000.0,13,1.0,1,2,1,0,0,0,1,1,0,0,0,0,0,medio_baixo
10,10000.0,43,0.7674418604651163,3,3,1,0,0,0,0,1,0,1,0,0,0,gratuito
2,10000.0,12,1.0,8,2,1,0,0,0,1,0,1,0,0,0,0,medio_alto
2,0.0,0,0.0,1,4,1,0,0,1,1,1,1,0,0,0,0,gratuito
2,10000.0,1,1.0,10,2,1,0,0,0,0,0,0,0,0,0,0,medio_baixo
3,10000.0,0,0.0,1,2,1,1,0,0,1,1,0,0,0,0,0,gratuito
8,10000.0,78,0.24358974358974358,1,3,1,0,0,1,1,1,0,0,0,0,1,baixo
8,10000.0,141,0.8936170212765957,3,2,1,0,0,0,1,0,1,0,0,0,0,gratuito
2,10000.0,12,0.9166666666666666,4,1,1,0,0,0,0,0,0,1,0,0,0,medio_alto
2,10000.0,0,0.0,2,5,1,0,0,0,1,0,1,1,1,1,0,baixo
4,0.0,0,0.0,1,2,1,0,0,0,1,0,0,1,0,0,0,gratuito
2,10000.0,36,0.5833333333333334,4,4,1,0,0,0,1,1,1,0,1,0,0,baixo
5,10000.0,6,0.6666666666666666,7,2,1,0,0,0,1,0,1,0,0,0,0,alto
1,0.0,0,0.0,1,4,1,0,0,0,1,1,1,0,0,0,0,gratuito
8,35000.0,163,0.803680981595092,8,3,1,0,0,0,1,1,1,0,0,0,0,medio_baixo
4,10000.0,1,1.0,1,3,1,0,0,0,1,0,0,1,0,1,0,medio_baixo
4,10000.0,9,0.6666666666666666,1,3,1,0,0,0,0,1,1,0,0,1,0,medio_baixo
1,10000.0,0,0.0,11,3,1,0,0,0,1,0,1,0,0,0,1,alto
3,10000.0,6,0.6666666666666666,9,5,1,0,0,0,1,1,0,0,0,0,1,baixo
4,10000.0,21,0.5238095238095238,1,4,1,0,0,0,1,0,0,1,0,0,1,medio_baixo
2,10000.0,0,0.0,1,6,1,0,0,0,0,0,0,1,1,1,0,gratuito
4,0.0,0,0.0,1,1,1,1,0,0,1,0,0,0,0,0,0,gratuito
1,10000.0,0,0.0,1,1,1,1,0,0,0,1,0,0,0,0,0,alto
2,10000.0,0,0.0,1,2,1,0,0,0,1,1,0,0,0,0,0,baixo
1,10000.0,0,0.0,1,3,1,0,0,0,0,0,1,1,0,0,0,medio_baixo
4,75000.0,9,0.2222222222222222,1,4,1,0,0,0,1,1,0,1,0,1,0,baixo
1,10000.0,59,0.711864406779661,7,4,1,0,0,0,1,0,1,1,0,1,0,medio_alto
4,35000.0,53,0.8867924528301887,1,3,1,1,0,1,1,0,1,0,1,0,0,medio_baixo
9,10000.0,12,0.9166666666666666,1,3,1,0,0,0,1,1,0,1,0,0,0,medio_baixo
1,10000.0,3,0.6666666666666666,11,2,1,0,0,0,1,0,0,1,0,0,0,medio_alto
2,0.0,0,0.0,6,1,1,0,0,0,0,1,0,0,0,0,0,gratuito
1,10000.0,0,0.0,5,3,1,0,0,0,1,0,0,1,0,1,0,medio_baixo
3,750000.0,5152,0.8992624223602484,13,3,1,0,0,1,1,1,0,0,0,0,1,alto
10,10000.0,394,0.8223350253807107,2,3,1,0,0,0,1,1,1,0,0,0,0,baixo
4,10000.0,23,0.6956521739130435,1,3,1,0,0,0,1,0,1,1,0,0,0,baixo
5,10000.0,4,0.25,1,1,1,0,0,0,0,0,0,0,0,0,0,baixo
7,10000.0,1,1.0,2,3,1,0,0,0,1,1,0,1,0,0,0,baixo
3,10000.0,0,0.0,1,1,1,0,0,0,0,0,0,1,0,0,0,baixo
1,10000.0,0,0.0,1,2,1,1,1,0,0,1,0,0,0,0,0,medio_baixo
1,10000.0,0,0.0,2,3,1,0,0,0,1,0,1,1,0,0,0,baixo
1,0.0,0,0.0,4,1,1,0,0,0,0,0,0,1,0,0,0,alto
4,10000.0,1,1.0,3,4,1,0,0,0,1,1,1,0,0,0,0,medio_alto
1,10000.0,0,0.0,10,2,1,0,0,0,0,0,0,1,0,1,0,medio_baixo
6,10000.0,35,0.9142857142857143,1,2,1,1,0,0,1,1,0,0,0,0,0,medio_baixo
5,350000.0,6277,0.9423291381233073,17,6,1,0,0,0,1,0,1,1,0,0,1,alto
3,10000.0,87,0.4367816091954023,1,1,1,0,0,1,0,0,0,0,0,0,0,alto
9,10000.0,72,0.2361111111111111,1,3,1,0,0,0,1,1,1,0,0,0,0,baixo
5,35000.0,5,0.6,1,3,1,0,0,0,1,1,1,0,0,0,0,alto
7,10000.0,36,0.3888888888888889,2,5,1,0,0,0,0,1,1,0,1,0,0,gratuito
2,10000.0,7,1.0,5,3,1,0,0,0,1,1,0,1,0,0,0,medio_alto
6,10000.0,1,1.0,1,2,1,0,0,0,1,0,0,0,0,1,0,alto
7,10000.0,67,0.7164179104477612,2,2,1,1,0,2,1,0,1,0,0,0,0,medio_alto
5,350000.0,16,0.875,1,5,1,0,0,3,1,1,1,1,1,0,0,medio_alto
6,1500000.0,12015,0.8441947565543071,15,2,1,1,1,1,1,1,0,0,0,0,0,alto
2,10000.0,0,0.0,1,2,1,0,0,0,1,0,0,0,1,0,0,medio_alto
5,0.0,0,0.0,0,0,1,0,0,0,0,0,0,0,0,0,0,gratuito
5,10000.0,72,0.9305555555555556,3,2,1,0,0,1,1,0,1,0,0,0,0,baixo
1,0.0,0,0.0,0,0,1,0,0,0,0,0,0,0,0,0,0,gratuito
9,10000.0,237,0.8649789029535865,12,4,1,0,0,2,1,1,0,1,0,0,0,gratuito
4,10000.0,6,0.3333333333333333,3,3,1,0,0,0,0,1,1,0,0,1,0,baixo
3,10000.0,55,0.7090909090909091,4,2,1,1,1,0,1,0,0,0,0,0,1,alto
1,10000.0,0,0.0,4,3,1,0,0,0,1,0,0,1,1,0,0,medio_baixo
2,10000.0,1,0.0,1,1,1,0,0,0,1,0,0,0,0,0,0,alto
2,10000.0,2,1.0,2,2,1,0,0,0,1,0,0,0,1,0,0,medio_alto
1,0.0,0,0.0,1,3,1,0,0,0,1,0,0,1,0,0,0,baixo
10,350000.0,619,0.8739903069466882,1,6,1,0,0,0,1,1,1,1,0,0,1,gratuito
3,10000.0,1,1.0,1,1,1,0,0,0,0,0,0,1,0,0,0,medio_alto
1,0.0,0,0.0,1,4,1,0,0,0,1,1,1,1,0,0,0,medio_baixo
1,0.0,0,0.0,1,2,1,1,0,0,0,0,0,0,0,0,0,gratuito
1,0.0,0,0.0,12,3,1,0,0,0,0,1,0,0,1,0,0,alto
7,35000.0,57,0.9649122807017544,1,2,1,1,0,1,1,0,1,0,0,0,0,medio_baixo
2,35000.0,15,1.0,1,2,1,0,1,1,1,1,0,0,0,0,0,medio_alto
2,35000.0,2,0.5,1,3,1,0,0,0,1,0,1,0,1,0,0,alto
6,1500000.0,80237,0.9724067450178845,4,3,1,1,0,1,1,0,1,0,1,0,0,alto
2,10000.0,1,1.0,1,1,1,1,1,0,1,0,0,0,0,0,0,baixo
2,0.0,0,0.0,0,0,1,0,0,0,0,0,0,0,0,0,0,gratuito
3,0.0,0,0.0,1,3,1,0,0,1,1,0,0,0,1,0,0,gratuito
4,0.0,0,0.0,0,0,1,0,0,0,0,0,0,0,0,0,0,gratuito
5,10000.0,0,0.0,2,1,1,0,0,0,0,0,0,1,0,0,0,medio_alto
1,10000.0,0,0.0,1,4,1,0,0,0,1,1,0,0,0,0,0,gratuito
4,10000.0,13,0.7692307692307693,1,3,1,1,0,0,0,0,1,1,1,0,0,medio_alto
11,10000.0,2,1.0,1,1,1,0,0,0,0,0,0,0,0,0,0,alto
17,10000.0,71,0.22535211267605634,1,1,1,0,0,0,0,0,0,0,0,1,0,baixo
4,35000.0,12,0.9166666666666666,1,2,1,0,1,0,1,0,0,1,0,0,0,baixo
7,10000.0,0,0.0,2,1,1,0,0,0,0,0,0,0,0,0,1,alto
5,10000.0,7,0.7142857142857143,6,3,1,0,0,0,1,1,1,0,0,0,0,medio_alto
3,10000.0,3,0.6666666666666666,1,1,1,0,0,0,0,1,0,0,0,0,0,alto
5,3500000.0,135943,0.9781599641026019,9,3,1,1,0,1,1,0,0,0,0,1,1,medio_alto
8,10000.0,12,0.6666666666666666,1,3,1,0,0,0,1,1,1,0,0,0,0,medio_alto
9,35000.0,73,0.547945205479452,8,3,1,1,1,1,1,1,1,0,0,0,0,medio_alto
5,10000.0,22,1.0,1,2,1,0,0,0,1,0,0,0,0,0,1,baixo
4,10000.0,89,0.7752808988764045,2,4,1,0,0,1,1,0,0,1,0,1,1,alto
1,10000.0,1,0.0,14,4,1,0,0,0,1,0,0,0,0,0,1,medio_baixo
2,10000.0,125,0.896,2,3,1,0,0,0,1,0,1,1,0,0,0,alto
1,10000.0,0,0.0,2,3,1,0,0,0,1,0,0,1,0,0,1,medio_baixo
8,75000.0,791,0.7522123893805309,1,4,1,0,0,0,1,0,0,1,0,1,1,medio_baixo
15,1500000.0,13629,0.8526671069043951,11,1,1,0,0,0,0,1,0,0,0,0,0,alto
6,10000.0,15,0.9333333333333333,1,2,1,0,0,0,0,0,1,1,0,0,0,medio_alto
7,75000.0,125,0.656,19,4,1,1,0,0,0,0,0,0,1,1,0,gratuito
4,10000.0,4,1.0,1,2,1,0,0,0,1,1,0,0,0,0,0,medio_baixo
7,10000.0,12,0.6666666666666666,4,3,1,0,0,0,1,1,1,0,0,0,0,medio_baixo
4,10000.0,24,1.0,3,3,1,0,0,0,0,0,0,1,0,1,1,alto
2,0.0,0,0.0,1,5,1,0,0,0,1,0,1,1,0,0,1,gratuito
1,10000.0,19,0.7894736842105263,7,2,1,0,1,0,0,0,0,0,0,0,0,alto
4,10000.0,0,0.0,1,4,1,0,1,0,1,0,1,1,0,0,1,medio_baixo
11,10000.0,200,0.795,1,2,1,1,1,0,1,0,1,0,0,0,0,alto
4,10000.0,0,0.0,1,3,1,0,0,0,1,1,0,1,0,0,0,medio_alto
8,150000.0,847,0.5548996458087367,1,4,1,0,0,0,1,1,0,0,0,0,0,gratuito
1,10000.0,39,0.9743589743589743,1,3,1,0,0,0,1,0,0,1,0,1,0,alto
9,150000.0,1753,0.6069594980034227,1,3,1,0,0,2,1,0,0,0,0,0,1,alto
4,0.0,0,0.0,1,3,1,0,0,0,1,1,1,0,0,0,0,gratuito
3,10000.0,2,0.0,1,4,1,0,0,0,1,1,0,1,0,0,0,alto
1,10000.0,0,0.0,26,2,1,1,0,0,0,0,0,1,1,0,0,medio_alto
10,10000.0,43,0.8837209302325582,7,3,1,1,0,0,0,1,1,1,0,0,0,medio_alto
1,10000.0,0,0.0,1,1,1,0,0,0,0,0,0,0,1,0,0,medio_alto
4,35000.0,41,0.6829268292682927,1,3,1,0,0,0,1,0,0,0,1,1,0,medio_baixo
4,10000.0,26,0.8076923076923077,1,1,1,0,0,0,0,0,0,0,0,0,0,alto
4,10000.0,3,0.6666666666666666,1,5,1,0,0,0,1,1,1,1,1,0,0,medio_alto
7,10000.0,13,0.9230769230769231,1,2,1,0,0,0,0,0,1,1,0,0,0,medio_alto
4,10000.0,1,1.0,15,4,1,1,0,0,1,1,1,0,0,1,0,alto
2,10000.0,0,0.0,1,4,1,0,0,0,1,1,1,1,0,0,0,medio_baixo
2,10000.0,5,1.0,20,3,1,0,0,0,1,0,1,1,0,0,0,medio_alto
1,0.0,0,0.0,103,3,1,0,0,0,0,1,1,0,0,0,0,gratuito
6,10000.0,25,0.72,1,4,1,0,0,1,1,1,0,1,0,0,0,medio_alto
2,10000.0,2,0.5,5,4,1,0,0,0,1,1,1,0,0,0,0,baixo
2,10000.0,19,0.9473684210526315,8,2,1,1,1,3,1,0,0,1,0,0,0,medio_baixo
2,10000.0,8,0.875,26,3,1,1,0,0,1,0,0,1,0,0,0,baixo
4,10000.0,2,1.0,1,3,1,0,0,0,1,1,0,0,0,1,0,baixo
2,0.0,0,0.0,9,3,1,1,0,0,1,0,0,1,0,0,0,gratuito
15,150000.0,1165,0.8824034334763948,5,2,1,0,0,2,1,0,0,0,0,0,0,medio_baixo
12,75000.0,1989,0.9607843137254902,1,2,1,1,1,0,1,0,0,0,1,0,0,medio_alto
6,35000.0,183,0.8633879781420765,6,3,1,1,1,1,1,1,1,0,0,0,0,medio_baixo
3,35000.0,1,0.0,1,5,1,0,0,0,1,1,1,0,1,0,0,medio_alto
1,0.0,0,0.0,12,3,1,0,0,0,0,0,0,0,0,1,1,medio_baixo
1,0.0,0,0.0,1,3,1,0,0,0,1,1,0,0,0,0,0,gratuito
1,10000.0,0,0.0,26,3,1,0,0,0,1,1,1,0,0,0,0,medio_alto
10,10000.0,143,0.8881118881118881,1,4,1,1,1,0,1,1,1,0,0,0,1,medio_baixo
2,0.0,0,0.0,1,5,1,0,0,0,1,0,1,1,0,0,0,gratuito
7,10000.0,1,1.0,2,4,1,0,0,0,1,0,0,1,1,0,1,medio_alto
2,10000.0,16,0.75,10,3,1,0,0,0,1,0,0,0,1,1,0,alto
11,35000.0,175,0.7828571428571428,8,3,1,1,0,0,0,0,0,1,0,1,1,baixo
5,0.0,0,0.0,2,4,1,0,0,0,1,0,0,1,0,1,1,gratuito
8,10000.0,48,0.8333333333333334,1,3,1,0,0,0,1,1,0,0,0,1,0,medio_baixo
1,0.0,0,0.0,0,0,1,0,0,0,0,0,0,0,0,0,0,gratuito
1,10000.0,9,0.8888888888888888,2,4,1,0,0,0,1,1,1,1,0,0,0,medio_baixo
2,35000.0,470,0.8659574468085106,1,4,1,0,0,0,1,1,1,0,0,0,1,alto
8,10000.0,1,0.0,1,2,1,0,0,0,1,0,0,1,0,0,0,medio_baixo
9,10000.0,1,0.0,2,1,1,0,0,0,0,0,0,0,0,0,0,alto
1,0.0,0,0.0,1,5,1,0,0,0,1,1,0,1,0,1,0,gratuito
4,1500000.0,37307,0.8866700619186748,11,3,1,0,0,3,0,1,1,0,1,0,0,alto
3,0.0,0,0.0,1,6,1,0,0,0,0,1,1,1,0,1,1,baixo
4,0.0,0,0.0,0,0,1,0,0,0,0,0,0,0,0,0,0,gratuito
3,10000.0,0,0.0,1,5,1,0,0,0,1,1,1,1,0,1,0,medio_alto
3,10000.0,42,0.6666666666666666,1,7,1,0,0,0,1,0,1,0,1,1,1,alto
1,0.0,0,0.0,30,3,1,0,0,0,0,0,0,1,1,0,1,medio_alto
2,0.0,0,0.0,0,0,1,0,0,0,0,0,0,0,0,0,0,gratuito
8,10000.0,27,0.37037037037037035,1,3,1,0,0,0,1,1,1,0,0,0,0,baixo
5,35000.0,34,0.8823529411764706,29,2,1,0,0,0,1,0,0,0,0,1,0,gratuito
3,75000.0,203,0.7783251231527094,6,4,1,0,1,1,1,1,1,1,0,0,0,medio_baixo
7,10000.0,13,0.8461538461538461,1,3,1,0,0,0,1,0,0,0,0,0,1,medio_alto
4,0.0,0,0.0,1,3,1,0,0,0,1,0,1,0,0,0,0,gratuito
4,10000.0,13,0.7692307692307693,7,5,1,0,0,0,1,0,1,0,0,0,1,medio_alto
9,10000.0,2,0.5,3,1,1,0,0,0,0,1,0,0,0,0,0,medio_alto
3,75000.0,822,0.7956204379562044,7,3,1,0,0,0,1,1,0,1,0,0,0,baixo
1,10000.0,0,0.0,1,3,1,0,0,0,1,1,0,0,0,0,0,gratuito
3,10000.0,9,0.8888888888888888,1,2,1,0,0,0,1,0,1,0,0,0,0,medio_alto
7,10000.0,7,0.8571428571428571,1,5,1,0,0,0,1,1,0,1,0,1,0,medio_baixo
8,10000.0,1,0.0,1,1,1,0,0,0,1,0,0,0,0,0,0,medio_baixo
1,0.0,0,0.0,3,3,1,0,0,0,1,0,0,1,0,0,1,medio_baixo
10,75000.0,857,0.7759626604434072,1,2,1,1,0,1,1,0,1,0,0,0,0,medio_alto
8,10000.0,13,0.6153846153846154,1,2,1,0,0,0,0,0,0,0,0,0,1,medio_baixo
9,10000.0,29,0.5862068965517241,11,3,1,1,1,0,1,0,0,1,0,0,1,alto
12,10000.0,32,0.46875,7,3,1,0,0,0,1,1,0,0,0,1,0,gratuito
10,10000.0,64,0.796875,27,4,1,1,1,1,1,1,1,1,0,0,0,alto
5,10000.0,119,0.7647058823529411,1,3,1,0,0,3,1,0,1,0,1,0,0,gratuito
4,10000.0,10,0.5,1,4,1,0,0,0,1,0,1,1,1,0,0,baixo
5,10000.0,348,0.9166666666666666,4,1,1,0,0,0,0,0,0,0,1,0,0,alto
6,10000.0,15,0.7333333333333333,1,3,1,0,0,0,0,1,0,0,0,1,0,gratuito
3,10000.0,12,0.5,1,3,1,0,0,1,1,1,0,0,0,0,0,medio_baixo
1,0.0,0,0.0,3,3,1,0,0,0,1,0,0,0,1,0,1,alto
2,10000.0,151,0.9205298013245033,13,4,1,0,0,0,1,1,1,0,0,0,1,medio_baixo
7,10000.0,7,0.2857142857142857,29,6,1,1,0,0,1,1,1,1,0,1,0,medio_alto
6,10000.0,57,0.9824561403508771,1,1,1,0,0,0,1,0,0,0,0,0,0,gratuito
2,0.0,0,0.0,0,0,1,0,0,0,0,0,0,0,0,0,0,gratuito
2,10000.0,8,0.625,1,4,1,0,0,0,1,1,1,0,0,0,0,gratuito
2,0.0,0,0.0,0,0,1,0,0,0,0,0,0,0,0,0,0,gratuito
3,0.0,0,0.0,0,0,1,0,0,0,0,0,0,0,0,0,0,gratuito
2,10000.0,7,1.0,1,2,1,0,0,0,1,0,1,0,0,0,0,medio_alto
6,10000.0,42,0.8571428571428571,1,2,1,0,0,1,1,0,0,1,0,0,0,gratuito
3,35000.0,18,0.8888888888888888,7,2,1,0,0,0,1,0,0,0,0,1,0,medio_alto
1,10000.0,24,1.0,8,3,1,0,0,0,1,1,1,0,0,0,0,medio_baixo
1,10000.0,3,0.6666666666666666,1,4,1,0,0,0,0,1,1,1,0,0,0,baixo
3,10000.0,4,0.75,1,1,1,0,0,0,0,0,0,0,1,0,0,alto
3,0.0,0,0.0,6,5,1,0,0,0,0,0,1,0,1,1,0,gratuito
9,10000.0,29,0.3793103448275862,1,1,1,0,0,0,0,0,0,0,0,1,0,alto
1,0.0,0,0.0,1,2,1,0,0,0,0,1,0,0,0,0,0,medio_baixo
6,10000.0,21,0.5714285714285714,2,2,1,0,0,0,0,1,0,0,0,0,0,medio_baixo
1,35000.0,3,0.6666666666666666,6,3,1,0,0,0,0,0,1,1,0,0,0,medio_baixo
9,10000.0,6,1.0,1,2,1,0,0,0,0,0,1,1,0,0,0,medio_alto
8,10000.0,3,1.0,1,3,1,0,0,0,1,1,0,0,0,0,0,baixo
1,0.0,0,0.0,0,0,1,0,0,0,0,0,0,0,0,0,0,gratuito
2,10000.0,0,0.0,1,3,1,0,0,0,0,1,0,1,0,0,0,gratuito
3,10000.0,13,0.7692307692307693,1,5,1,0,0,0,1,1,1,1,1,0,0,medio_baixo
6,10000.0,16,0.875,2,2,1,0,0,0,1,0,1,0,0,0,0,alto
8,75000.0,6,0.3333333333333333,1,3,1,0,0,0,1,0,0,1,0,1,0,baixo
11,10000.0,58,0.3620689655172414,1,6,1,0,1,0,1,1,0,1,0,1,1,medio_alto
1,75000.0,93,0.7956989247311828,1,3,1,1,0,0,0,0,0,0,1,1,0,medio_alto
2,10000.0,4,1.0,3,2,1,0,0,2,1,0,0,1,0,0,0,baixo
7,10000.0,1,1.0,3,3,1,0,0,1,1,0,1,1,0,0,0,baixo
1,10000.0,1,0.0,1,3,1,0,0,0,1,1,0,1,0,0,0,medio_alto
20,35000000.0,1159707,0.9679565614418124,31,3,1,1,1,0,1,0,0,1,0,0,1,medio_alto
1,0.0,0,0.0,0,0,1,0,0,0,0,0,0,0,0,0,0,gratuito
2,35000.0,3,0.3333333333333333,1,2,1,0,0,0,0,0,1,0,1,0,0,baixo
1,75000.0,1722,0.6875725900116144,14,2,1,0,0,1,0,0,0,0,0,0,1,medio_baixo
1,10000.0,0,0.0,1,2,1,0,0,0,1,0,0,0,0,1,0,medio_baixo
2,0.0,0,0.0,1,3,1,0,0,0,1,0,0,1,0,0,0,gratuito
3,10000.0,35,0.7714285714285715,1,3,1,0,0,0,1,0,0,0,0,1,1,baixo
1,0.0,0,0.0,1,4,1,0,0,0,1,0,0,1,0,1,0,gratuito
6,35000.0,1,1.0,2,3,1,0,0,0,1,1,0,0,0,0,0,medio_baixo
2,10000.0,24,0.875,2,3,1,0,0,0,1,1,0,0,0,0,0,medio_alto
3,10000.0,3,1.0,2,3,1,0,0,0,1,1,1,0,0,0,0,medio_baixo
7,10000.0,13,0.7692307692307693,4,3,1,0,0,1,1,1,1,0,0,0,0,baixo
3,10000.0,14,0.7142857142857143,1,4,1,0,0,0,1,0,0,1,0,1,1,medio_alto
6,10000.0,4,1.0,29,2,1,0,0,0,1,0,0,1,0,0,0,medio_baixo
1,0.0,0,0.0,0,0,1,0,0,0,0,0,0,0,0,0,0,gratuito
6,35000.0,8,0.5,2,2,1,0,0,0,1,0,0,1,0,0,0,medio_baixo
4,10000.0,7,0.7142857142857143,1,4,1,0,0,0,1,0,0,1,0,1,1,baixo
7,10000.0,40,0.675,3,1,1,0,0,0,0,0,0,1,0,0,0,medio_alto
3,0.0,0,0.0,1,6,1,1,1,0,1,1,1,1,0,1,0,gratuito
8,10000.0,14,0.7142857142857143,1,1,1,0,0,0,0,0,0,0,0,0,0,gratuito
6,35000.0,341,0.7741935483870968,12,3,1,0,0,0,1,0,1,1,0,0,0,medio_alto
9,10000.0,3,0.0,1,5,1,0,0,0,1,1,0,1,0,0,1,baixo
1,10000.0,0,0.0,1,3,1,0,0,0,1,1,1,0,0,0,0,medio_alto
4,10000.0,0,0.0,1,3,1,0,0,0,1,1,0,1,0,0,0,medio_alto
1,10000.0,0,0.0,1,3,1,1,0,0,1,1,1,0,0,0,0,alto
7,10000.0,1,0.0,2,2,1,0,0,0,1,0,0,1,0,0,0,medio_alto
4,10000.0,221,0.6108597285067874,1,5,1,0,0,0,1,1,0,1,0,0,1,alto
5,10000.0,0,0.0,2,2,1,0,0,0,1,0,1,0,0,0,0,medio_baixo
3,35000.0,303,0.8745874587458746,4,2,1,0,0,1,0,0,0,0,0,1,1,medio_alto
6,35000.0,4,0.5,1,2,1,0,0,0,1,0,0,1,0,0,0,medio_baixo
2,10000.0,60,0.9,9,3,1,0,0,0,1,0,0,1,0,0,1,baixo
4,10000.0,10,1.0,4,2,1,0,0,0,0,1,0,1,0,0,0,medio_alto
3,10000.0,0,0.0,1,4,1,0,0,0,1,0,1,1,0,0,0,gratuito
2,10000.0,116,0.9224137931034483,1,3,1,1,1,2,0,0,0,0,1,1,1,alto
2,10000.0,1,1.0,2,4,1,0,0,0,1,1,0,0,0,1,1,medio_baixo
4,10000.0,44,0.3409090909090909,5,1,1,0,0,0,0,1,0,0,0,0,0,baixo
8,10000.0,117,0.6837606837606838,15,3,1,1,0,0,0,0,1,1,0,1,0,alto
3,10000.0,0,0.0,4,1,1,0,0,0,0,0,1,0,0,0,0,alto
6,10000.0,19,0.6842105263157895,1,2,1,0,0,0,0,0,0,0,0,0,1,gratuito
9,10000.0,23,0.6521739130434783,1,4,1,0,0,0,1,1,1,1,0,0,0,baixo
2,10000.0,36,0.8055555555555556,3,2,1,1,1,0,1,0,0,1,0,0,0,baixo
6,10000.0,20,0.45,1,2,1,0,0,0,1,0,0,1,0,0,0,baixo
8,35000.0,30,0.8,1,5,1,0,0,1,1,1,0,0,1,0,0,gratuito
10,35000.0,155,0.7032258064516129,5,2,1,0,0,0,0,1,1,0,0,0,0,medio_alto
4,10000.0,7,1.0,1,1,1,0,0,0,0,0,0,1,0,0,0,baixo
11,35000.0,180,0.7166666666666667,1,3,1,0,0,0,1,0,0,0,0,1,1,baixo
2,35000.0,15,0.6666666666666666,7,3,1,0,0,0,1,1,1,0,0,0,0,baixo
3,75000.0,406,0.9630541871921182,4,1,1,0,0,1,0,0,1,0,0,0,0,baixo
10,75000.0,949,0.6290832455216017,6,3,1,0,0,0,1,0,0,0,0,1,1,gratuito
9,10000.0,28,0.4642857142857143,1,3,1,0,0,0,1,1,0,1,0,0,0,medio_baixo
3,10000.0,12,0.75,2,4,1,1,1,0,1,1,0,0,0,0,1,medio_alto
3,0.0,0,0.0,103,2,1,0,0,0,1,0,0,1,0,0,0,baixo
3,0.0,0,0.0,0,0,1,0,0,0,0,0,0,0,0,0,0,gratuito
3,10000.0,45,0.6222222222222222,14,2,1,0,0,1,1,0,0,1,0,0,0,baixo
8,10000.0,0,0.0,1,2,1,0,0,0,1,0,0,0,0,0,0,alto
1,0.0,0,0.0,0,0,1,0,0,0,0,0,0,0,0,0,0,gratuito
3,35000.0,50,0.8,1,4,1,1,0,0,1,0,0,0,0,1,1,alto
4,35000.0,16,0.5,1,4,1,0,0,0,1,0,1,0,1,0,1,medio_alto
8,10000.0,9,0.5555555555555556,1,3,1,1,1,0,1,0,1,0,1,0,0,medio_baixo
2,10000.0,0,0.0,1,3,1,0,0,0,0,0,0,0,1,1,0,alto
7,10000.0,60,0.95,1,3,1,1,1,1,1,0,0,1,0,0,0,gratuito
10,10000.0,38,0.7368421052631579,1,2,1,0,0,0,1,0,1,0,0,0,0,medio_baixo
15,75000.0,167,0.6646706586826348,2,1,1,0,0,1,0,0,0,0,0,1,0,medio_baixo
2,35000.0,1,1.0,1,3,1,0,0,0,1,1,1,0,0,0,0,baixo
1,0.0,0,0.0,0,0,1,0,0,0,0,0,0,0,0,0,0,gratuito
1,10000.0,40,0.9,8,3,1,0,0,0,1,0,0,0,0,1,1,medio_alto
1,0.0,0,0.0,0,0,1,0,0,0,0,0,0,0,0,0,0,gratuito
1,10000.0,0,0.0,3,3,1,0,0,0,1,1,0,0,0,1,0,medio_baixo
3,10000.0,22,1.0,1,4,1,1,0,0,1,1,1,0,0,1,0,medio_baixo
4,10000.0,23,0.9130434782608695,1,2,1,0,0,0,1,1,0,0,0,0,0,gratuito
11,10000.0,35,0.8,1,3,1,1,0,0,1,1,0,0,0,1,0,medio_alto
4,10000.0,155,0.8580645161290322,1,1,1,1,0,1,1,0,0,0,0,0,0,medio_alto
1,0.0,0,0.0,1,3,1,0,0,0,1,1,0,0,0,0,0,gratuito
3,0.0,0,0.0,0,0,1,0,0,0,0,0,0,0,0,0,0,gratuito
6,35000.0,19,0.7368421052631579,1,2,1,1,0,1,0,0,1,1,0,0,0,gratuito
1,0.0,0,0.0,1,4,1,0,0,0,1,0,0,1,0,1,0,gratuito
3,10000.0,172,0.7732558139534884,10,6,1,0,1,0,1,0,1,1,0,0,1,alto
3,0.0,0,0.0,0,0,1,0,0,0,0,0,0,0,0,0,0,gratuito
5,10000.0,1854,0.941747572815534,6,5,1,0,0,0,1,1,1,1,1,0,0,medio_alto
9,75000.0,1046,0.9216061185468452,1,2,1,1,1,1,1,0,0,0,0,0,0,baixo
7,10000.0,0,0.0,1,6,1,0,0,0,1,0,1,1,1,1,1,medio_baixo
1,10000.0,0,0.0,5,4,1,1,1,1,1,1,0,1,1,0,0,alto
2,0.0,0,0.0,0,0,1,0,0,0,0,0,0,0,0,0,0,gratuito
7,35000.0,66,0.6818181818181818,4,3,1,0,0,0,0,1,0,0,1,0,0,medio_baixo
8,10000.0,58,0.9827586206896551,5,2,1,1,1,1,1,1,0,0,0,0,0,medio_alto
1,10000.0,0,0.0,1,3,1,1,1,0,0,0,1,1,0,0,1,medio_alto
12,750000.0,44324,0.8844192762386066,10,2,1,0,0,4,0,1,0,0,1,0,0,alto
6,10000.0,38,0.7631578947368421,14,2,1,0,0,0,1,0,0,1,0,0,0,baixo
3,10000.0,17,1.0,1,1,1,0,0,0,1,0,0,0,0,0,0,baixo
9,10000.0,10,1.0,1,3,1,1,1,0,1,1,0,0,0,1,0,alto
3,0.0,0,0.0,0,0,1,0,0,0,0,0,0,0,0,0,0,gratuito
1,350000.0,1141,0.6730937773882559,11,4,1,0,0,2,1,1,1,0,1,0,0,medio_alto
4,10000.0,11,1.0,1,2,1,0,0,0,0,1,0,0,0,0,0,alto
4,10000.0,1,1.0,1,3,1,0,0,0,1,0,0,1,0,1,0,medio_baixo
9,10000.0,18,0.3888888888888889,1,2,1,0,0,12,1,0,0,0,0,0,1,alto
1,10000.0,0,0.0,1,3,1,0,0,0,1,0,1,0,0,1,0,medio_alto
3,10000.0,9,0.8888888888888888,10,3,1,1,0,0,0,1,1,0,1,0,0,medio_alto
3,0.0,0,0.0,1,3,1,0,0,0,0,1,0,1,0,0,0,gratuito
2,10000.0,12,1.0,1,3,1,1,1,0,1,0,0,1,0,0,1,medio_alto
5,10000.0,45,0.9555555555555556,1,3,1,0,0,0,1,1,0,1,0,0,0,baixo
1,0.0,0,0.0,2,3,1,1,1,0,1,0,0,0,1,1,0,alto
7,10000.0,6,0.5,4,2,1,1,0,0,0,0,1,1,0,0,0,medio_alto
11,75000.0,184,0.5869565217391305,12,4,1,0,0,0,1,1,1,1,0,0,0,medio_alto
15,3500000.0,68600,0.9569096209912537,9,1,1,0,1,20,0,1,0,0,0,0,0,medio_baixo
4,75000.0,280,0.575,11,9,1,0,0,1,1,1,1,1,1,1,1,gratuito
5,75000.0,40,0.875,2,3,1,0,0,1,1,0,1,1,0,0,0,baixo
6,150000.0,1482,0.9507422402159245,2,3,1,0,0,0,1,0,0,0,1,0,0,gratuito
2,0.0,0,0.0,1,5,1,1,0,0,1,0,0,0,1,0,1,gratuito
3,10000.0,10,0.8,1,6,1,0,0,0,1,1,1,1,0,0,0,alto
2,10000.0,25,0.92,4,3,1,0,1,0,1,0,0,0,0,1,0,baixo
9,10000.0,2,1.0,1,3,1,0,0,0,1,0,1,0,0,0,0,alto
4,150000.0,11,1.0,1,2,1,0,0,0,1,1,0,0,0,0,0,baixo
6,3500000.0,127693,0.9519864048929855,30,3,1,0,1,0,1,1,1,0,0,0,0,medio_alto
11,150000.0,181,0.574585635359116,1,5,1,1,0,1,1,1,1,1,0,1,0,baixo
4,35000.0,409,0.7310513447432763,1,4,1,0,0,0,1,1,0,0,0,1,0,gratuito
4,35000.0,4,0.75,1,5,1,1,0,0,1,0,1,1,0,1,1,baixo
1,0.0,0,0.0,0,0,1,0,0,0,0,0,0,0,0,0,0,gratuito
1,10000.0,0,0.0,1,7,1,0,1,0,1,1,0,1,0,0,0,gratuito
7,10000.0,25,0.36,27,4,1,0,0,0,0,0,1,1,0,1,1,medio_baixo
2,10000.0,22,0.5909090909090909,2,3,1,0,0,0,1,0,1,1,0,0,0,alto
7,10000.0,3,0.6666666666666666,4,3,1,0,0,0,1,1,0,0,0,0,0,medio_alto
9,35000.0,50,0.88,1,3,1,1,0,0,1,1,0,1,0,0,0,medio_alto
9,10000.0,22,0.9090909090909091,1,1,1,0,0,0,0,0,0,1,0,0,0,baixo
4,10000.0,15,0.6,1,2,1,0,0,0,1,0,0,1,0,0,0,baixo
10,10000.0,91,0.7362637362637363,1,3,1,0,1,0,1,0,0,1,0,0,1,gratuito
7,10000.0,0,0.0,1,2,1,0,0,0,0,0,1,1,0,0,0,alto
2,35000.0,400,0.9825,1,4,1,0,0,0,1,0,0,1,0,0,1,alto
4,0.0,0,0.0,1,4,1,0,0,0,1,1,0,1,0,0,0,gratuito
1,0.0,0,0.0,1,1,1,1,0,0,1,0,0,0,0,0,0,medio_baixo
1,0.0,0,0.0,0,0,1,0,0,0,0,0,0,0,0,0,0,gratuito
1,0.0,0,0.0,0,0,1,0,0,0,0,0,0,0,0,0,0,gratuito
2,10000.0,1,1.0,1,3,1,0,0,0,1,1,0,1,0,0,0,medio_alto
1,0.0,0,0.0,1,1,1,0,1,0,0,0,0,1,0,0,0,medio_baixo
5,75000.0,95,0.8736842105263158,1,3,1,0,0,0,0,1,1,0,0,1,0,medio_alto
5,10000.0,18,0.8333333333333334,1,4,1,0,0,0,1,1,1,0,1,0,0,baixo
9,35000.0,187,0.9037433155080213,1,2,1,1,0,0,1,1,0,0,0,0,0,baixo
10,10000.0,55,0.36363636363636365,2,3,1,1,1,0,0,0,0,1,0,1,1,baixo
2,10000.0,1,1.0,1,2,1,0,0,0,1,0,0,1,0,0,0,baixo
3,0.0,0,0.0,7,5,1,0,0,0,1,1,1,1,0,0,0,gratuito
2,0.0,0,0.0,0,0,1,0,0,0,0,0,0,0,0,0,0,gratuito
10,10000.0,98,0.7551020408163265,3,3,1,1,0,0,0,0,1,1,0,1,0,medio_baixo
6,35000.0,195,0.6923076923076923,2,3,1,0,0,0,1,0,1,0,0,0,0,gratuito
1,10000.0,9,1.0,1,2,1,0,0,0,1,0,1,0,0,0,0,baixo
3,35000.0,0,0.0,103,1,1,0,0,0,0,1,0,0,0,0,0,medio_baixo
5,10000.0,626,0.950479233226837,15,3,1,1,1,1,1,0,1,0,1,0,0,alto
1,0.0,0,0.0,0,0,1,0,0,0,0,0,0,0,0,0,0,gratuito
9,10000.0,5,0.4,1,2,1,0,0,0,1,1,0,0,0,0,0,medio_alto
2,0.0,0,0.0,0,0,1,0,0,0,0,0,0,0,0,0,0,gratuito
2,10000.0,6,0.6666666666666666,14,2,1,0,0,0,0,1,1,0,0,0,0,alto
2,10000.0,131,0.4961832061068702,13,3,1,0,0,0,0,0,1,1,0,0,1,medio_alto
1,0.0,0,0.0,0,0,1,0,0,0,0,0,0,0,0,0,0,gratuito
9,150000.0,453,0.8830022075055187,4,1,1,0,0,0,0,0,0,0,0,1,0,medio_baixo
5,0.0,0,0.0,8,2,1,1,0,0,0,0,0,1,0,0,0,gratuito
3,150000.0,451,0.9246119733924612,8,2,1,0,1,0,0,0,1,0,1,0,0,alto
6,10000.0,0,0.0,3,1,1,1,1,0,0,0,0,1,0,0,0,medio_alto
5,10000.0,35,0.6571428571428571,5,7,1,0,0,0,1,0,1,1,1,0,1,alto
3,10000.0,0,0.0,7,4,1,1,1,0,0,0,1,1,0,0,1,alto
2,10000.0,8,0.75,2,2,1,0,0,0,1,0,0,0,0,1,0,baixo
8,75000.0,429,0.9463869463869464,1,1,1,0,0,0,0,0,0,0,0,1,0,baixo
2,0.0,0,0.0,103,9,1,1,1,0,1,1,1,1,1,1,1,alto
3,10000.0,9,0.8888888888888888,7,2,1,0,0,0,1,0,0,1,0,0,0,alto
8,10000.0,49,0.673469387755102,2,1,1,0,0,0,0,0,0,0,0,0,1,gratuito
1,0.0,0,0.0,1,2,1,0,0,0,1,0,0,0,0,0,0,gratuito
6,35000.0,114,0.8859649122807017,3,2,1,0,0,1,0,0,1,1,0,0,0,alto
2,10000.0,4,1.0,4,1,1,0,0,0,0,0,0,0,0,1,0,baixo
2,10000.0,0,0.0,3,2,1,0,0,0,1,1,0,0,0,0,0,medio_baixo
3,10000.0,4,1.0,6,4,1,0,0,0,0,1,0,0,0,0,0,gratuito
2,10000.0,3,1.0,4,3,1,0,0,0,1,0,1,1,0,0,0,medio_baixo
10,7500000.0,352858,0.8313032437977883,14,2,1,1,0,1,0,1,1,0,0,0,0,alto
1,10000.0,0,0.0,13,5,1,0,0,0,1,0,1,1,1,1,0,baixo
2,10000.0,0,0.0,1,2,1,0,0,0,0,0,1,0,0,0,0,gratuito
1,10000.0,321,0.9532710280373832,1,1,1,0,0,0,1,0,0,0,0,0,0,medio_baixo
2,10000.0,13,0.8461538461538461,11,1,1,0,0,0,0,0,1,0,0,0,0,baixo
2,10000.0,4,0.75,6,3,1,0,0,0,1,0,1,1,0,0,0,medio_baixo
9,10000.0,15,0.4666666666666667,3,3,1,0,0,0,1,0,0,0,0,1,1,baixo
6,10000.0,2,0.5,1,5,1,0,0,0,1,1,1,0,1,0,0,alto
10,10000.0,72,0.9722222222222222,9,3,1,0,0,0,0,0,0,0,0,0,0,alto
7,150000.0,1198,0.9090150250417363,6,3,1,0,0,2,0,0,0,0,0,0,1,medio_baixo
2,10000.0,0,0.0,1,2,1,0,0,1,1,0,0,1,0,0,0,alto
1,10000.0,159,0.8930817610062893,1,1,1,0,0,0,1,0,0,0,0,0,0,medio_baixo
5,10000.0,7,0.5714285714285714,1,1,1,0,0,0,0,0,0,1,0,0,0,medio_alto
1,0.0,0,0.0,4,2,1,0,0,0,0,0,0,1,0,0,1,medio_baixo
1,10000.0,0,0.0,1,5,1,0,0,0,1,0,1,1,0,0,1,medio_baixo
2,10000.0,117,0.9658119658119658,8,2,1,0,1,1,1,0,1,0,0,0,0,alto
10,10000.0,12,0.9166666666666666,1,2,1,0,0,0,0,0,0,1,0,0,1,alto
1,10000.0,59,0.9152542372881356,26,4,1,0,0,0,1,0,1,1,0,0,1,medio_alto
3,35000.0,8,0.5,5,3,1,0,0,0,0,1,1,0,0,0,1,baixo
1,0.0,0,0.0,0,0,1,0,0,0,0,0,0,0,0,0,0,gratuito
5,10000.0,139,0.7338129496402878,5,4,1,0,0,2,1,1,1,0,1,0,0,medio_baixo
7,10000.0,81,0.9259259259259259,1,2,1,0,0,0,1,1,0,0,0,0,0,medio_baixo
3,0.0,0,0.0,1,2,1,0,0,0,1,0,1,0,0,0,0,gratuito
8,10000.0,77,0.987012987012987,2,2,1,0,0,1,1,1,0,0,0,0,0,alto
4,10000.0,0,0.0,1,2,1,0,0,0,0,0,0,0,0,1,1,gratuito
2,0.0,0,0.0,1,4,1,0,0,0,1,0,0,1,0,0,0,gratuito
3,10000.0,14,0.8571428571428571,5,3,1,0,0,0,1,0,1,1,0,0,0,baixo
6,10000.0,20,0.8,27,1,1,0,0,1,0,1,0,0,0,0,0,medio_alto
3,35000.0,542,0.9095940959409594,3,3,1,0,0,0,1,0,1,0,1,0,0,alto
8,35000.0,51,0.9803921568627451,1,2,1,0,0,0,0,0,1,0,0,0,0,gratuito
2,10000.0,1,1.0,1,5,1,0,0,0,1,0,1,1,1,0,1,medio_baixo
1,10000.0,0,0.0,1,3,1,0,0,0,1,1,0,0,0,0,0,medio_alto
1,10000.0,0,0.0,1,7,1,0,0,0,1,1,1,1,1,0,1,baixo
7,10000.0,17,0.5882352941176471,1,3,1,1,0,0,1,1,0,1,0,0,0,baixo
2,10000.0,5,0.0,1,2,1,0,0,0,0,0,1,0,1,0,0,medio_baixo
16,3500000.0,22689,0.9166556481114196,1,1,1,0,1,0,0,1,0,0,0,0,0,medio_baixo
2,10000.0,6,1.0,3,3,1,0,0,0,1,0,1,1,0,0,0,baixo
2,10000.0,0,0.0,13,4,1,0,0,1,0,0,1,1,0,1,0,medio_baixo
1,10000.0,0,0.0,1,4,1,1,0,1,1,1,1,0,1,0,0,alto
2,10000.0,30,0.6,8,3,1,0,0,0,1,1,1,0,0,0,0,medio_alto
3,10000.0,17,1.0,2,1,1,0,0,0,0,1,0,0,0,0,0,medio_alto
2,10000.0,4,0.5,2,2,1,0,0,0,1,0,0,0,0,0,0,gratuito
3,10000.0,26,0.9615384615384616,2,1,1,0,0,0,1,0,0,0,0,0,0,medio_baixo
1,10000.0,0,0.0,5,1,1,0,0,0,0,0,0,0,1,0,0,medio_alto
4,350000.0,2338,0.6621043627031651,6,4,1,0,0,0,1,0,1,0,0,1,1,medio_alto
3,10000.0,63,0.47619047619047616,1,4,1,1,1,0,1,0,1,0,0,1,0,gratuito
3,350000.0,2577,0.9231664726426076,1,0,1,1,0,1,0,0,0,0,0,0,0,medio_alto
2,10000.0,0,0.0,3,4,1,0,0,0,0,0,0,1,1,1,0,medio_alto
5,10000.0,19,0.42105263157894735,1,3,1,0,0,0,1,0,0,0,0,0,1,baixo
2,10000.0,13,0.6923076923076923,6,1,1,0,0,0,0,0,0,0,0,1,0,medio_baixo
7,10000.0,11,0.7272727272727273,1,5,1,0,0,0,1,0,0,1,0,0,0,gratuito
1,10000.0,0,0.0,12,3,1,0,0,4,0,1,1,1,0,0,0,alto
4,35000.0,762,0.9251968503937008,17,4,1,0,0,0,1,0,0,1,0,1,1,medio_alto
8,10000.0,29,0.7586206896551724,3,3,1,0,0,0,1,1,0,1,0,0,0,medio_alto
9,10000.0,28,0.7857142857142857,3,1,1,0,0,0,1,0,0,0,0,0,0,medio_baixo
1,0.0,0,0.0,12,2,1,0,0,12,1,0,0,0,0,0,1,alto
2,10000.0,1,1.0,10,4,1,0,0,0,0,0,1,1,0,1,1,medio_alto
1,10000.0,21,0.7142857142857143,1,3,1,0,1,0,1,0,0,0,0,0,1,gratuito
4,10000.0,15,0.8666666666666667,103,1,1,0,0,0,0,1,0,0,0,0,0,baixo
3,10000.0,0,0.0,4,4,1,0,0,0,1,0,1,1,1,0,0,alto
3,10000.0,0,0.0,1,4,1,0,0,3,1,0,1,1,0,0,0,gratuito
4,10000.0,5,0.4,28,5,1,1,1,0,1,1,0,0,0,0,1,baixo
4,10000.0,8,0.875,1,3,1,0,0,0,1,0,1,1,0,0,0,baixo
6,10000.0,3,0.0,1,3,1,0,0,0,0,0,0,1,0,1,0,medio_baixo
1,10000.0,12,1.0,1,2,1,0,0,0,1,1,0,0,0,0,0,medio_baixo
7,10000.0,3,1.0,1,4,1,0,0,0,0,0,1,1,1,0,1,medio_baixo
5,350000.0,3737,0.9735081616269735,2,1,1,0,0,1,0,0,0,0,1,0,0,medio_baixo
4,10000.0,1,0.0,1,2,1,0,0,0,0,0,0,0,0,0,0,alto
3,10000.0,35,0.5428571428571428,8,5,1,0,0,0,1,1,1,0,0,0,1,baixo
2,10000.0,1,1.0,1,2,1,0,0,0,1,0,0,0,1,0,0,medio_alto
2,0.0,0,0.0,0,0,1,0,0,0,0,0,0,0,0,0,0,gratuito
1,0.0,0,0.0,1,3,1,0,0,0,1,0,1,0,0,0,0,gratuito
2,10000.0,10,1.0,1,2,1,0,0,0,1,1,0,0,0,0,0,medio_alto
3,10000.0,0,0.0,6,3,1,0,0,0,1,1,1,0,0,0,0,baixo
13,35000.0,247,0.8137651821862348,1,2,1,1,1,1,0,1,1,0,0,0,0,medio_baixo
4,10000.0,9,0.3333333333333333,1,1,1,0,0,0,0,0,0,1,0,0,0,baixo
4,10000.0,6,0.6666666666666666,10,4,1,1,0,0,1,1,1,0,1,0,0,baixo
9,10000.0,25,0.56,2,6,1,0,0,0,1,0,1,1,1,1,1,baixo
8,10000.0,32,0.9375,1,1,1,0,0,1,1,0,0,0,0,0,0,gratuito
1,0.0,0,0.0,0,0,1,0,0,0,0,0,0,0,0,0,0,gratuito
10,10000.0,4,1.0,1,3,1,0,0,0,1,0,1,0,1,0,0,medio_baixo
2,0.0,0,0.0,0,0,1,0,0,0,0,0,0,0,0,0,0,gratuito
7,10000.0,457,0.5448577680525164,16,4,1,0,0,0,0,0,1,0,1,1,0,gratuito
1,10000.0,1,1.0,1,4,1,0,1,0,1,1,1,1,0,0,0,medio_baixo
6,10000.0,54,0.9074074074074074,2,3,1,0,0,0,1,1,0,1,0,0,0,medio_baixo
8,10000.0,20,0.85,1,2,1,0,0,0,0,0,0,1,0,0,0,alto
2,35000.0,26,0.8076923076923077,1,8,1,0,0,0,1,1,1,1,1,1,1,baixo
1,0.0,0,0.0,2,3,1,0,0,0,1,1,1,0,0,0,0,medio_alto
3,10000.0,9,0.5555555555555556,1,2,1,0,0,0,0,1,0,0,0,0,0,alto
2,35000.0,21,0.8095238095238095,1,3,1,0,0,0,1,1,0,0,0,0,0,gratuito
11,10000.0,78,0.44871794871794873,1,2,1,0,0,0,0,0,0,0,0,0,1,alto
5,10000.0,2,0.0,1,1,1,0,0,0,1,0,0,0,0,0,0,baixo
3,10000.0,11,1.0,1,1,1,1,0,0,0,0,0,0,1,0,0,medio_alto
1,0.0,0,0.0,0,0,1,0,0,0,0,0,0,0,0,0,0,gratuito
6,10000.0,45,0.7777777777777778,1,4,1,0,0,0,1,1,0,1,0,0,0,baixo
4,35000.0,71,0.6619718309859155,3,2,1,0,0,0,1,0,1,0,0,0,0,medio_baixo
2,10000.0,38,1.0,2,3,1,0,0,0,1,0,1,0,1,0,0,medio_baixo
4,10000.0,13,0.8461538461538461,2,1,1,0,0,0,0,1,0,0,0,0,0,medio_baixo
4,10000.0,134,0.5522388059701493,11,3,1,0,0,0,1,1,1,0,0,0,0,medio_alto
1,10000.0,0,0.0,1,1,1,0,0,1,1,0,0,0,0,0,0,medio_alto
9,10000.0,41,0.4634146341463415,1,1,1,0,0,0,0,0,0,0,0,0,0,alto
1,0.0,0,0.0,1,2,1,0,0,0,1,0,0,0,0,0,0,medio_baixo
3,0.0,0,0.0,0,0,1,0,0,0,0,0,0,0,0,0,0,gratuito
2,350000.0,8368,0.8343690248565966,14,1,1,0,0,16,0,1,0,0,0,0,0,alto
11,750000.0,3954,0.682346990389479,22,4,1,1,0,0,0,0,0,1,0,0,1,gratuito
3,0.0,0,0.0,0,0,1,0,0,0,0,0,0,0,0,0,0,gratuito
2,10000.0,26,0.5769230769230769,11,2,1,0,0,0,1,1,0,0,0,0,0,medio_alto
3,0.0,0,0.0,103,2,1,0,0,0,0,1,0,0,0,0,0,medio_baixo
4,10000.0,4,1.0,1,2,1,0,0,0,1,0,0,0,0,0,1,medio_baixo
10,750000.0,2921,0.8473125641903457,2,3,1,0,0,1,1,1,0,1,0,0,0,medio_baixo
2,10000.0,0,0.0,11,5,1,1,1,1,1,1,1,1,0,0,0,alto
1,10000.0,5,0.6,2,2,1,0,0,0,0,0,0,0,1,1,0,medio_alto
3,10000.0,0,0.0,1,1,1,1,1,0,1,0,0,0,0,0,0,medio_alto
5,150000.0,2796,0.82689556509299,10,4,1,0,0,1,1,1,1,0,1,0,0,medio_baixo
4,10000.0,9,1.0,2,4,1,0,0,0,1,1,1,0,0,0,0,alto
6,10000.0,165,0.9030303030303031,5,2,1,1,1,0,0,0,0,0,0,1,1,alto
6,10000.0,14,0.7857142857142857,2,1,1,0,0,0,0,0,1,0,0,0,0,medio_baixo
1,10000.0,19,1.0,1,3,1,0,0,2,1,0,0,1,1,0,0,baixo
7,10000.0,17,0.7647058823529411,8,2,1,1,0,0,0,0,1,0,0,1,0,alto
2,10000.0,0,0.0,1,3,1,0,0,2,1,0,0,1,0,0,0,gratuito
6,10000.0,0,0.0,1,2,1,0,0,0,1,0,1,0,0,0,0,medio_alto
6,10000.0,3,1.0,1,2,1,0,0,0,1,0,0,0,1,0,0,medio_alto
1,10000.0,0,0.0,2,4,1,0,0,0,1,0,0,0,1,1,1,baixo
5,75000.0,25,0.84,1,4,1,1,0,0,1,1,0,1,0,0,0,baixo
3,35000.0,445,0.9438202247191011,6,3,1,0,0,1,1,1,0,1,0,0,0,alto
6,10000.0,29,0.6206896551724138,1,2,1,0,0,0,1,1,0,0,0,0,0,medio_alto
14,3500000.0,82370,0.9764113147990773,5,2,1,0,0,5,0,1,1,0,0,0,0,medio_baixo
5,10000.0,24,0.9583333333333334,1,2,1,0,0,0,0,0,1,0,0,0,1,medio_baixo
17,75000.0,299,0.7123745819397993,1,1,1,1,0,0,0,0,0,1,0,0,0,baixo
6,150000.0,4665,0.9661307609860664,1,3,1,1,1,0,1,0,0,1,0,1,0,alto
4,10000.0,3,0.3333333333333333,2,3,1,0,0,0,1,0,0,0,0,1,0,alto
2,10000.0,0,0.0,21,4,1,0,0,0,1,0,0,1,1,0,1,baixo
11,350000.0,1499,0.7411607738492328,1,5,1,0,0,1,1,1,1,1,1,0,0,baixo
8,10000.0,32,0.9375,1,3,1,0,0,1,1,0,0,1,0,0,0,medio_alto
2,10000.0,2,1.0,1,2,1,0,0,0,0,1,0,0,1,0,0,medio_alto
9,350000.0,1667,0.7876424715056989,11,4,1,0,0,0,0,0,1,0,1,1,1,gratuito
5,10000.0,42,0.7380952380952381,3,2,1,1,0,0,1,0,0,0,0,1,0,alto
9,35000.0,26,0.4230769230769231,1,2,1,1,0,0,1,1,0,0,0,0,0,baixo
6,10000.0,0,0.0,1,3,1,1,0,0,1,0,0,1,0,0,0,alto
1,10000.0,0,0.0,10,2,1,0,0,1,0,1,0,0,0,0,1,alto
10,350000.0,793,0.8259773013871374,1,2,1,0,0,0,1,1,0,0,0,0,0,baixo
6,10000.0,11,0.6363636363636364,8,4,1,0,0,0,1,1,0,1,0,0,1,baixo
3,350000.0,5126,0.963909481076863,1,4,1,0,0,1,1,1,0,1,1,0,0,medio_baixo
12,35000.0,247,0.805668016194332,5,1,1,0,0,0,0,1,0,0,0,0,0,medio_baixo
1,10000.0,0,0.0,10,1,1,0,0,0,0,1,0,0,0,0,0,alto
3,10000.0,5,1.0,6,1,1,0,0,0,0,0,0,1,0,0,0,alto
6,350000.0,6375,0.8654117647058823,8,1,1,0,0,15,0,1,0,0,0,0,0,alto
10,75000.0,669,0.8310911808669657,6,4,1,1,1,3,1,1,0,0,1,1,0,medio_alto
4,150000.0,2906,0.8971094287680661,6,3,1,1,0,0,1,1,1,0,0,0,0,medio_alto
4,10000.0,43,0.7441860465116279,2,1,1,0,0,0,1,0,0,0,0,0,0,medio_baixo
5,10000.0,40,0.65,2,4,1,1,1,1,1,0,1,1,1,0,0,alto
1,10000.0,0,0.0,1,2,1,0,0,0,0,0,0,0,0,1,1,alto
10,10000.0,53,0.6981132075471698,1,3,1,1,1,0,1,0,0,0,0,1,1,medio_baixo
5,10000.0,8,0.75,4,1,1,0,0,0,0,0,0,1,0,0,0,alto
2,35000.0,724,0.7790055248618785,15,3,1,0,0,1,1,1,0,0,1,0,0,alto
1,10000.0,0,0.0,2,1,1,0,0,0,1,0,0,0,0,0,0,medio_baixo
2,10000.0,3,0.6666666666666666,10,3,1,0,0,0,1,1,0,1,0,0,0,baixo
7,10000.0,0,0.0,1,4,1,0,0,0,1,1,0,0,1,0,0,medio_baixo
3,35000.0,503,0.9900596421471173,1,2,1,1,1,1,1,0,0,0,1,0,0,alto
5,10000.0,1,0.0,2,3,1,0,0,0,0,0,0,0,1,1,0,medio_alto
7,10000.0,65,0.7692307692307693,2,3,1,0,0,0,1,1,1,0,0,0,0,baixo
2,10000.0,6,0.5,2,1,1,0,0,0,1,0,0,0,0,0,0,baixo
10,10000.0,30,0.4,2,4,1,0,0,0,1,1,1,0,1,0,0,baixo
9,350000.0,4424,0.7746383363471971,8,2,1,0,0,1,0,1,0,0,1,0,0,medio_alto
11,10000.0,45,0.8666666666666667,1,2,1,0,0,0,1,1,0,0,0,0,0,baixo
7,10000.0,4,0.75,1,3,1,0,0,0,0,1,1,0,0,1,0,medio_alto
7,10000.0,0,0.0,1,2,1,0,0,2,1,0,0,1,0,0,0,baixo
5,10000.0,1,0.0,1,2,1,0,0,0,1,0,1,0,0,0,0,alto
3,0.0,0,0.0,1,1,1,0,0,0,0,1,0,0,0,0,0,gratuito
1,0.0,0,0.0,0,0,1,0,0,0,0,0,0,0,0,0,0,gratuito
4,10000.0,1,1.0,1,5,1,0,0,0,1,0,1,1,0,0,0,medio_baixo
4,10000.0,44,0.5454545454545454,1,3,1,0,0,0,0,0,1,0,0,0,1,alto
6,35000.0,1,1.0,2,3,1,0,0,0,1,1,0,0,0,1,0,alto
7,10000.0,12,0.75,1,3,1,0,0,0,1,1,0,1,0,0,0,baixo
3,10000.0,11,0.9090909090909091,1,1,1,0,0,0,0,0,0,0,0,0,0,medio_alto
4,350000.0,7532,0.8949814126394052,1,2,1,0,0,1,0,0,1,0,1,0,0,medio_alto
7,10000.0,30,0.7333333333333333,1,1,1,1,0,0,0,1,0,0,0,0,0,gratuito
5,75000.0,1333,0.5513878469617405,5,0,1,0,0,1,0,0,0,0,0,0,0,baixo
7,1500000.0,16561,0.7452448523639876,3,3,1,0,0,0,1,1,0,0,0,0,0,gratuito
1,10000.0,16,0.9375,1,4,1,0,0,0,1,0,1,1,1,0,0,baixo
4,10000.0,2,1.0,3,6,1,0,0,0,1,0,1,1,1,1,0,alto
6,10000.0,36,0.8055555555555556,13,2,1,0,0,0,1,0,0,1,0,0,0,baixo
10,10000.0,33,0.42424242424242425,1,3,1,0,0,0,1,0,0,1,1,0,0,medio_alto
2,10000.0,0,0.0,30,3,1,0,0,0,1,0,0,1,0,1,0,baixo
4,10000.0,0,0.0,15,1,1,0,0,0,0,0,0,1,0,0,0,baixo
1,0.0,0,0.0,30,3,1,0,1,0,0,0,1,1,0,0,1,alto
6,350000.0,2821,0.967032967032967,74,6,1,1,1,1,1,1,0,1,0,0,1,gratuito
1,10000.0,16,1.0,1,3,1,0,0,0,1,0,1,1,0,0,0,alto
2,0.0,0,0.0,103,3,1,0,0,0,1,0,0,0,1,0,1,alto
3,0.0,0,0.0,1,5,1,0,0,0,1,0,0,1,0,1,0,gratuito
1,10000.0,19,1.0,1,2,1,0,0,0,1,1,0,0,0,0,0,alto
1,0.0,0,0.0,1,2,1,0,0,0,0,1,0,0,1,0,0,medio_alto
5,10000.0,32,0.59375,29,2,1,0,0,0,1,1,0,0,0,0,0,baixo
8,35000.0,15,0.8,1,1,1,1,1,2,1,0,0,0,0,0,0,alto
2,10000.0,2,1.0,7,1,1,0,0,0,0,0,0,1,0,0,0,medio_baixo
2,10000.0,65,0.8615384615384616,6,2,1,0,0,0,0,1,0,0,0,1,0,baixo
8,10000.0,103,0.7864077669902912,1,2,1,0,0,0,1,1,0,0,0,0,0,baixo
2,10000.0,29,0.8275862068965517,13,1,1,1,1,0,0,0,0,0,0,1,0,baixo
3,0.0,0,0.0,0,0,1,0,0,0,0,0,0,0,0,0,0,gratuito
6,10000.0,3,0.3333333333333333,1,2,1,0,0,0,1,1,0,0,0,0,0,baixo
1,10000.0,3,1.0,1,1,1,0,0,0,0,1,0,0,0,0,0,alto
3,10000.0,26,0.9230769230769231,3,1,1,0,0,0,0,0,1,0,0,0,0,medio_alto
6,10000.0,10,0.3,3,1,1,0,0,0,0,0,0,1,0,0,0,medio_alto
2,0.0,0,0.0,103,2,1,0,0,0,0,0,0,1,0,0,0,gratuito
5,10000.0,6,0.5,103,3,1,0,0,0,1,0,1,0,0,0,1,medio_baixo
10,10000.0,44,0.8863636363636364,1,3,1,0,0,1,1,0,1,0,0,1,0,medio_alto
17,10000.0,128,0.34375,1,1,1,0,0,0,0,0,0,1,0,0,0,baixo
1,0.0,0,0.0,0,0,1,0,0,0,0,0,0,0,0,0,0,gratuito
1,10000.0,0,0.0,2,4,1,0,0,0,1,0,0,0,0,0,1,medio_baixo
2,10000.0,37,0.5675675675675675,1,3,1,0,0,0,1,1,0,0,0,0,1,baixo
3,0.0,0,0.0,30,3,1,0,0,0,0,0,1,1,1,0,0,medio_baixo
1,0.0,0,0.0,9,2,1,0,0,0,1,0,1,0,0,0,0,medio_alto
5,75000.0,2562,0.899687743950039,13,3,1,1,1,42,1,0,0,1,0,0,0,gratuito
1,0.0,0,0.0,2,1,1,0,0,0,0,0,0,0,0,0,1,alto
3,10000.0,46,0.6956521739130435,3,3,1,0,0,1,1,0,1,1,0,0,0,medio_alto
4,0.0,0,0.0,0,0,1,0,0,0,0,0,0,0,0,0,0,gratuito
4,35000.0,20,0.9,2,3,1,1,1,0,1,0,0,1,0,0,0,gratuito
4,10000.0,19,0.631578947368421,1,3,1,0,0,0,1,0,1,1,0,0,0,baixo
1,10000.0,3,1.0,1,3,1,0,0,0,1,0,0,1,0,1,0,medio_baixo
3,35000.0,1029,0.9173955296404276,3,1,1,0,0,0,0,0,1,0,0,0,0,alto
6,0.0,0,0.0,0,0,1,0,0,0,0,0,0,0,0,0,0,gratuito
7,10000.0,66,0.7272727272727273,2,4,1,0,1,0,1,0,0,1,0,1,1,medio_alto
1,0.0,0,0.0,0,0,1,0,0,0,0,0,0,0,0,0,0,gratuito
1,10000.0,0,0.0,1,1,1,0,0,0,0,1,0,0,0,0,0,alto
5,10000.0,132,0.5909090909090909,1,6,1,0,0,0,1,0,0,1,0,0,1,gratuito
9,35000.0,464,0.8448275862068966,1,3,1,0,0,0,1,0,0,1,0,0,1,gratuito
2,0.0,0,0.0,0,0,1,0,0,0,0,0,0,0,0,0,0,gratuito
3,0.0,0,0.0,1,6,1,0,0,0,1,1,1,1,0,0,1,gratuito
1,10000.0,3,0.6666666666666666,1,3,1,0,0,0,1,1,1,0,0,0,0,medio_baixo
10,10000.0,25,0.72,1,2,1,0,0,0,1,0,0,1,0,0,0,medio_alto
1,10000.0,0,0.0,7,3,1,1,1,0,1,0,0,1,0,1,0,medio_alto
3,10000.0,4,0.75,1,2,1,0,0,0,0,1,0,0,0,1,0,alto
1,0.0,0,0.0,14,3,1,0,0,0,1,1,0,0,0,0,0,gratuito
9,35000.0,142,0.5422535211267606,1,4,1,0,0,0,1,0,0,1,0,1,1,baixo
5,35000.0,1,1.0,1,2,1,0,0,0,0,1,0,1,0,0,0,baixo
10,10000.0,33,0.9090909090909091,7,2,1,0,0,0,1,0,0,1,0,0,0,gratuito
9,10000.0,17,0.6470588235294118,1,3,1,0,0,0,0,0,1,1,0,0,1,medio_alto
8,10000.0,40,0.8,1,3,1,0,0,1,1,1,1,0,0,0,0,alto
1,10000.0,0,0.0,1,4,1,0,0,0,1,1,0,1,0,0,1,medio_alto
1,0.0,0,0.0,0,0,1,0,0,0,0,0,0,0,0,0,0,gratuito
5,10000.0,28,0.5,1,4,1,0,0,0,1,0,0,1,0,1,0,gratuito
11,10000.0,32,0.53125,4,2,1,1,0,0,1,0,0,1,0,0,0,baixo
10,750000.0,1820,0.5318681318681319,7,5,1,0,0,0,1,1,1,1,0,0,0,baixo
7,35000.0,337,0.7181008902077152,9,5,1,0,0,0,1,1,1,0,0,1,1,baixo
4,10000.0,0,0.0,1,3,1,0,0,0,1,0,0,1,0,0,1,baixo
1,10000.0,0,0.0,1,3,1,0,1,0,1,0,1,0,1,0,0,baixo
8,10000.0,18,0.6666666666666666,8,2,1,0,0,0,0,1,1,0,0,0,0,medio_alto
5,10000.0,0,0.0,1,1,1,0,0,1,0,0,0,0,0,0,1,medio_alto
4,0.0,0,0.0,0,0,1,0,0,0,0,0,0,0,0,0,0,gratuito
2,10000.0,3,1.0,1,3,1,0,1,0,1,0,1,1,0,0,0,baixo
1,10000.0,3,1.0,2,2,1,0,0,0,1,0,1,0,0,0,0,medio_alto
10,75000.0,1652,0.7191283292978208,3,1,1,0,0,0,0,0,0,0,1,0,0,alto
1,0.0,0,0.0,1,1,1,0,0,0,0,0,0,1,0,0,0,alto
4,10000.0,3,0.0,1,2,1,1,0,0,1,0,0,0,0,0,0,medio_baixo
2,10000.0,12,0.75,4,3,1,0,0,0,1,0,0,1,0,1,0,medio_baixo
6,10000.0,0,0.0,1,3,1,0,0,0,1,1,1,0,0,0,0,baixo
1,10000.0,0,0.0,1,3,1,0,0,0,1,0,0,1,0,0,1,alto
4,150000.0,3145,0.7990461049284578,13,2,1,0,0,2,1,0,1,0,0,0,0,alto
4,10000.0,14,0.42857142857142855,2,3,1,0,0,0,0,1,0,0,0,1,1,alto
4,0.0,0,0.0,1,3,1,0,0,0,1,0,0,1,0,0,0,gratuito
1,0.0,0,0.0,2,4,1,1,0,0,0,0,0,0,0,1,1,gratuito
4,10000.0,33,0.9090909090909091,2,1,1,0,0,1,0,0,1,0,0,0,0,baixo
1,0.0,0,0.0,9,6,1,0,0,0,1,1,1,1,1,0,0,gratuito
4,0.0,0,0.0,1,5,1,0,0,0,1,1,1,1,0,0,0,gratuito
4,10000.0,94,0.851063829787234,1,5,1,0,0,0,1,1,1,1,0,0,1,medio_baixo
2,350000.0,11504,0.8231050069541029,2,4,1,0,0,0,1,1,1,0,0,0,0,baixo
2,10000.0,16,0.875,1,3,1,0,0,0,1,1,1,0,0,0,0,medio_baixo
9,10000.0,18,0.5,1,5,1,0,0,0,1,1,0,1,0,1,0,alto
5,10000.0,16,0.75,1,2,1,0,0,0,0,0,1,1,0,0,0,medio_alto
9,1500000.0,10951,0.7520774358506073,11,2,1,0,0,5,0,1,0,0,1,0,0,medio_baixo
5,10000.0,8,0.5,1,4,1,0,0,0,1,0,0,1,1,0,1,alto
4,0.0,0,0.0,0,0,1,0,0,0,0,0,0,0,0,0,0,gratuito
2,0.0,0,0.0,0,0,1,0,0,0,0,0,0,0,0,0,0,gratuito
5,10000.0,11,1.0,3,3,1,1,0,0,1,0,0,1,0,1,0,medio_alto
6,10000.0,52,0.6730769230769231,1,3,1,0,0,1,1,1,1,0,0,0,0,baixo
11,75000.0,1320,0.8825757575757576,1,2,1,0,0,0,1,1,0,0,0,0,0,medio_alto
8,10000.0,1,0.0,1,1,1,0,0,0,0,0,0,0,0,0,1,medio_alto
2,10000.0,96,0.9895833333333334,1,3,1,0,1,1,1,0,0,0,0,1,1,alto
1,10000.0,11,1.0,2,2,1,0,0,1,1,1,0,0,0,0,0,medio_baixo
9,35000.0,235,0.8127659574468085,1,3,1,1,0,0,1,0,0,1,0,0,1,baixo
1,0.0,0,0.0,2,1,1,0,0,0,0,0,1,0,0,0,0,baixo
2,10000.0,4,0.75,1,2,1,0,0,0,1,0,1,0,0,0,0,medio_baixo
2,0.0,0,0.0,1,3,1,0,0,0,1,0,1,0,0,0,0,gratuito
9,10000.0,135,0.9185185185185185,4,1,1,0,0,0,0,0,0,0,0,1,0,baixo
2,10000.0,0,0.0,10,5,1,0,0,0,1,0,1,1,1,0,1,medio_baixo
15,150000.0,702,0.34615384615384615,5,1,1,0,0,0,0,0,0,0,0,1,0,alto
4,0.0,0,0.0,103,4,1,0,0,0,1,1,1,1,0,0,0,medio_baixo
1,10000.0,0,0.0,5,3,1,0,0,2,1,0,0,0,0,1,1,alto
5,10000.0,90,0.8666666666666667,1,1,1,0,0,0,0,0,0,1,0,0,0,baixo
4,10000.0,272,0.6617647058823529,1,1,1,0,0,0,0,0,0,0,0,0,1,medio_alto
1,10000.0,106,0.9905660377358491,1,7,1,0,0,0,1,1,1,1,0,0,0,medio_alto
8,10000.0,15,0.8666666666666667,1,4,1,1,1,1,1,0,0,1,0,1,1,medio_baixo
1,10000.0,3,1.0,6,4,1,0,0,0,1,1,1,0,0,0,0,gratuito
12,75000.0,176,0.4034090909090909,1,3,1,0,0,0,1,1,0,0,0,1,0,alto
1,10000.0,0,0.0,7,3,1,0,0,0,0,0,0,0,0,1,1,alto
7,10000.0,13,0.8461538461538461,1,5,1,0,0,0,1,1,0,0,1,1,0,alto
3,0.0,0,0.0,1,2,1,0,0,0,0,0,1,0,0,0,0,gratuito
5,150000.0,1194,0.7981574539363484,6,5,1,0,0,1,1,0,1,0,1,1,1,medio_baixo
1,0.0,0,0.0,1,4,1,0,0,0,1,0,0,1,1,0,0,gratuito
2,10000.0,1,1.0,1,2,1,0,0,0,0,1,1,0,0,0,0,alto
6,10000.0,198,0.8535353535353535,1,3,1,0,0,5,0,0,0,0,0,0,1,medio_alto
7,10000.0,4,1.0,1,3,1,0,0,0,1,1,0,1,0,0,0,baixo
1,0.0,0,0.0,1,7,1,0,0,0,1,1,1,1,1,0,0,gratuito
1,10000.0,0,0.0,11,3,1,0,0,2,1,0,0,1,0,0,1,medio_alto
4,10000.0,10,1.0,1,3,1,0,0,0,1,0,0,0,0,0,0,alto
10,35000.0,927,0.5889967637540453,1,1,1,0,0,0,0,0,0,0,0,0,1,baixo
4,10000.0,0,0.0,4,2,1,1,0,1,0,0,0,1,0,0,1,medio_alto
1,0.0,0,0.0,0,0,1,0,0,0,0,0,0,0,0,0,0,gratuito
1,10000.0,0,0.0,1,3,1,1,0,0,1,0,1,1,0,0,0,alto
4,10000.0,4,0.5,1,2,1,0,0,0,1,0,1,0,0,0,0,alto
11,35000.0,94,0.925531914893617,2,2,1,0,0,0,1,1,0,0,0,0,0,medio_baixo
3,10000.0,45,0.8666666666666667,2,3,1,0,0,0,1,0,0,1,0,1,0,medio_baixo
9,35000.0,254,0.8149606299212598,9,2,1,0,0,0,0,0,1,1,0,0,0,baixo
3,10000.0,14,0.35714285714285715,1,2,1,0,0,0,1,0,0,0,0,1,0,baixo
7,10000.0,2,1.0,1,1,1,0,0,0,0,1,0,0,0,0,0,medio_baixo
1,0.0,0,0.0,0,0,1,0,0,0,0,0,0,0,0,0,0,gratuito
3,0.0,0,0.0,0,0,1,0,0,0,0,0,0,0,0,0,0,gratuito
1,10000.0,0,0.0,27,2,1,1,1,0,1,0,0,0,0,0,1,baixo
4,10000.0,146,0.8972602739726028,2,2,1,0,0,0,0,0,1,0,1,0,0,alto
1,35000.0,457,0.9299781181619255,2,2,1,0,0,0,1,0,1,0,0,0,0,baixo
8,10000.0,57,0.5087719298245614,1,5,1,0,0,0,1,1,1,0,0,0,0,baixo
9,750000.0,3238,0.5333539221741815,7,8,1,0,0,5,1,1,1,1,0,1,0,gratuito
4,10000.0,80,0.9125,1,2,1,0,0,0,1,0,1,0,0,0,0,baixo
7,10000.0,19,0.42105263157894735,2,3,1,0,0,0,0,1,1,0,1,0,0,baixo
6,75000.0,2218,0.7908025247971145,15,3,1,0,0,1,1,1,1,0,0,0,0,medio_alto
1,0.0,0,0.0,2,6,1,0,0,0,1,1,0,1,0,0,0,gratuito
5,35000.0,43,0.7441860465116279,1,3,1,0,0,0,0,1,0,0,0,0,1,baixo
1,10000.0,2,1.0,15,2,1,0,1,0,1,0,0,1,0,0,0,alto
3,10000.0,2,0.5,1,4,1,0,0,0,1,1,1,1,0,0,0,medio_alto
1,10000.0,0,0.0,16,3,1,0,0,0,1,0,0,1,0,0,0,medio_alto
6,10000.0,603,0.7927031509121062,2,5,1,0,0,0,1,1,1,1,0,0,1,medio_baixo
8,35000.0,589,0.22410865874363328,1,7,1,0,0,0,1,1,1,1,0,1,1,baixo
3,0.0,0,0.0,0,0,1,0,0,0,0,0,0,0,0,0,0,gratuito
7,35000.0,580,0.7017241379310345,2,1,1,0,0,0,0,0,0,0,0,0,1,baixo
2,10000.0,100,0.9,0,1,1,0,0,0,1,0,0,0,0,0,0,alto
5,10000.0,0,0.0,1,1,1,0,0,0,1,0,0,0,0,0,0,baixo
7,10000.0,25,0.64,103,5,1,0,0,0,1,0,1,1,0,1,1,baixo
8,35000.0,22,0.3181818181818182,6,4,1,0,0,0,1,0,0,1,0,1,1,medio_alto
1,10000.0,0,0.0,10,3,1,0,1,0,1,0,0,1,0,1,0,alto
1,0.0,0,0.0,1,3,1,0,0,0,0,1,1,0,1,0,0,medio_alto
6,10000.0,3,1.0,3,2,1,0,1,1,1,1,0,0,0,0,0,baixo
11,35000.0,680,0.7735294117647059,1,2,1,1,1,0,1,0,1,0,0,0,0,baixo
1,0.0,0,0.0,102,3,1,0,0,1,1,0,0,1,0,0,0,gratuito
1,0.0,0,0.0,11,3,1,0,0,2,0,0,0,0,0,0,1,gratuito
1,0.0,0,0.0,1,1,1,0,0,0,0,0,0,0,0,0,0,gratuito
1,10000.0,1,1.0,2,2,1,0,0,0,1,1,0,0,0,0,0,medio_alto
3,0.0,0,0.0,0,0,1,0,0,0,0,0,0,0,0,0,0,gratuito
2,10000.0,1,1.0,1,2,1,0,0,0,0,0,1,0,0,0,0,alto
9,10000.0,36,0.5277777777777778,5,4,1,0,0,0,1,0,1,0,0,0,1,baixo
1,10000.0,0,0.0,1,1,1,0,0,0,0,1,0,0,0,0,0,medio_alto
6,10000.0,90,0.9666666666666667,8,3,1,0,0,0,1,1,1,0,0,0,0,medio_alto
3,10000.0,1,0.0,4,3,1,0,0,0,0,1,0,1,0,0,0,baixo
4,35000.0,13,0.3076923076923077,1,5,1,0,0,2,1,1,0,0,0,1,1,medio_alto
1,10000.0,0,0.0,1,2,1,0,0,0,1,0,0,1,0,0,0,medio_baixo
8,75000.0,100,0.69,1,2,1,0,0,0,1,0,0,1,0,0,0,alto
8,75000.0,974,0.8983572895277208,1,3,1,0,0,0,1,1,0,0,1,0,0,baixo
6,10000.0,411,0.975669099756691,1,1,1,0,0,0,0,0,0,0,0,0,1,baixo
7,10000.0,3,1.0,1,3,1,0,0,0,1,0,0,1,0,1,0,medio_baixo
2,150000.0,13,1.0,1,1,1,0,0,0,1,0,0,0,0,0,0,medio_baixo
1,0.0,0,0.0,0,0,1,0,0,0,0,0,0,0,0,0,0,gratuito
2,10000.0,29,0.9310344827586207,2,2,1,0,0,0,1,0,1,0,0,0,0,medio_baixo
2,10000.0,18,0.9444444444444444,2,5,1,0,0,1,1,1,1,1,1,0,0,baixo
1,0.0,0,0.0,103,2,1,0,0,0,1,0,1,0,0,0,0,alto
4,0.0,0,0.0,1,5,1,0,0,0,1,1,1,0,1,0,0,gratuito
2,0.0,0,0.0,103,4,1,1,1,1,1,1,1,1,0,0,0,baixo
5,150000.0,1272,0.9614779874213837,15,3,1,0,0,0,1,0,1,1,0,0,0,medio_alto
8,10000.0,21,0.7619047619047619,1,3,1,0,0,0,1,1,0,1,0,0,0,baixo
8,10000.0,10,0.3,1,4,1,0,0,0,1,0,0,0,0,1,1,baixo
4,10000.0,1,0.0,1,4,1,0,0,0,1,1,0,0,0,1,0,baixo
8,10000.0,59,0.2542372881355932,1,3,1,0,0,0,1,0,0,1,0,0,1,baixo
10,10000.0,38,0.5789473684210527,1,5,1,1,0,0,1,0,0,0,0,1,1,alto
3,0.0,0,0.0,1,4,1,0,0,0,1,1,1,1,0,0,0,baixo
1,0.0,0,0.0,1,3,1,1,1,0,1,0,1,1,0,0,0,baixo
2,0.0,0,0.0,0,0,1,0,0,0,0,0,0,0,0,0,0,gratuito
3,0.0,0,0.0,1,3,1,0,0,8,1,0,0,1,0,0,0,gratuito
4,10000.0,9,0.5555555555555556,3,3,1,0,0,0,0,1,1,1,0,0,0,medio_alto
5,350000.0,4011,0.962852156569434,5,2,1,1,1,0,0,0,0,0,0,0,1,alto
3,0.0,0,0.0,0,0,1,0,0,0,0,0,0,0,0,0,0,gratuito
8,10000.0,6,0.6666666666666666,1,3,1,1,1,0,1,0,1,0,1,0,0,medio_baixo
8,10000.0,31,0.8064516129032258,1,2,1,0,0,0,1,0,0,1,0,0,0,baixo
1,10000.0,1,0.0,1,3,1,0,0,0,1,1,0,1,0,0,0,baixo
4,0.0,0,0.0,0,0,1,0,0,0,0,0,0,0,0,0,0,gratuito
5,35000.0,12,0.6666666666666666,1,5,1,0,0,1,0,0,1,1,0,0,0,gratuito
17,350000.0,1432,0.9364525139664804,1,1,1,1,0,0,0,0,1,0,0,0,0,medio_baixo
4,35000.0,544,0.7352941176470589,12,5,1,1,1,1,1,1,1,0,1,1,0,alto
10,35000.0,254,0.8779527559055118,1,2,1,0,0,0,1,1,0,0,0,0,0,baixo
3,10000.0,17,0.8823529411764706,3,3,1,1,0,0,1,0,0,1,0,1,0,baixo
4,10000.0,97,0.9175257731958762,1,1,1,0,0,0,0,0,1,0,0,0,0,alto
10,10000.0,11,0.7272727272727273,1,3,1,1,0,0,1,0,0,1,0,1,0,medio_baixo
3,10000.0,0,0.0,1,1,1,0,0,0,0,0,0,0,0,0,1,medio_alto
3,10000.0,29,1.0,1,3,1,0,0,0,1,0,0,1,1,0,0,baixo
3,10000.0,0,0.0,1,1,1,0,0,0,0,0,0,1,0,0,0,medio_baixo
7,10000.0,10,1.0,1,2,1,0,0,0,0,0,1,1,0,0,0,medio_alto
10,10000.0,14,0.42857142857142855,1,3,1,0,0,0,0,1,0,0,0,1,0,alto
5,10000.0,7,0.42857142857142855,1,3,1,0,0,0,1,1,1,0,0,0,0,medio_alto
8,10000.0,9,0.3333333333333333,3,4,1,0,0,0,1,0,0,1,0,0,1,alto
2,0.0,0,0.0,4,3,1,0,0,0,1,0,0,1,0,0,0,gratuito
5,10000.0,7,0.5714285714285714,8,2,1,1,0,0,0,0,0,1,0,1,0,alto
5,10000.0,7,1.0,1,4,1,0,0,0,1,0,1,1,0,1,0,baixo
1,10000.0,0,0.0,15,3,1,0,0,0,1,0,1,0,0,0,1,baixo
6,10000.0,13,0.3076923076923077,1,1,1,0,0,0,0,0,1,0,0,0,0,baixo
3,10000.0,67,0.9552238805970149,1,2,1,0,0,0,1,1,0,0,0,0,0,medio_baixo
9,10000.0,22,0.7272727272727273,8,3,1,1,1,0,1,0,0,1,0,1,0,medio_baixo
6,10000.0,127,0.7086614173228346,9,4,1,0,0,0,1,1,1,0,1,0,0,baixo
8,150000.0,783,0.6768837803320562,10,4,1,1,1,0,1,0,0,1,0,0,1,gratuito
8,35000.0,184,0.875,14,3,1,1,0,1,1,1,0,1,0,0,0,medio_alto
5,10000.0,113,0.8584070796460177,1,2,1,0,0,0,1,0,0,0,0,1,0,medio_baixo
1,10000.0,0,0.0,1,2,1,0,0,0,1,1,0,0,0,0,0,baixo
2,10000.0,0,0.0,2,2,1,0,0,0,1,0,1,0,0,0,0,medio_baixo
10,10000.0,10,0.6,4,3,1,0,0,0,1,1,0,1,0,0,0,medio_baixo
7,10000.0,15,0.4,1,3,1,0,1,1,1,1,0,1,0,0,0,baixo
3,10000.0,5,0.4,2,3,1,0,0,0,0,0,0,1,0,0,1,baixo
1,0.0,0,0.0,1,3,1,0,0,0,0,0,0,0,0,0,1,gratuito
5,10000.0,32,0.65625,1,4,1,0,0,0,1,1,1,0,0,1,0,baixo
2,10000.0,1,0.0,2,3,1,0,0,0,1,0,1,1,0,0,0,baixo
3,10000.0,472,0.6567796610169492,5,2,1,0,0,5,0,0,0,0,0,1,1,alto
1,10000.0,0,0.0,6,1,1,0,0,0,0,0,0,1,0,0,0,medio_alto
2,0.0,0,0.0,1,3,1,0,0,0,1,1,0,0,0,1,0,gratuito
6,10000.0,54,0.6111111111111112,4,1,1,0,0,0,0,0,1,0,0,0,0,medio_alto
8,10000.0,2,0.5,1,3,1,1,1,0,1,1,1,0,0,0,0,medio_alto
7,10000.0,22,0.5454545454545454,1,3,1,0,0,0,1,0,0,1,0,0,0,gratuito
7,35000.0,68,0.7794117647058824,11,2,1,1,1,0,1,0,0,0,0,1,0,medio_baixo
1,10000.0,0,0.0,2,2,1,0,0,0,1,0,1,0,0,0,0,medio_baixo
2,10000.0,0,0.0,0,2,1,0,0,0,1,0,0,1,0,0,0,baixo
4,3500000.0,57084,0.7608611870226333,13,2,1,0,0,0,0,1,0,0,0,0,0,gratuito
3,75000.0,313,0.6198083067092651,3,3,1,0,0,2,1,0,0,0,0,1,1,medio_baixo
8,10000.0,96,0.8541666666666666,1,2,1,0,0,0,1,0,0,1,0,0,0,baixo
6,10000.0,1,0.0,1,3,1,1,1,0,1,1,0,1,0,0,0,medio_alto
3,10000.0,86,0.8953488372093024,1,4,1,0,0,0,1,1,0,1,0,0,0,baixo
7,75000.0,863,0.7207415990730012,7,2,1,0,0,1,1,0,0,0,0,0,1,medio_baixo
6,10000.0,27,0.6296296296296297,3,5,1,0,0,0,1,0,1,1,0,0,1,gratuito
1,0.0,0,0.0,0,0,1,0,0,0,0,0,0,0,0,0,0,gratuito
2,10000.0,0,0.0,1,6,1,0,1,0,1,0,1,0,1,1,0,gratuito
1,10000.0,0,0.0,6,3,1,0,1,0,1,0,0,1,0,0,1,medio_alto
2,10000.0,108,0.9537037037037037,5,2,1,0,0,0,1,1,0,0,0,0,0,medio_baixo
1,10000.0,4,0.75,1,4,1,0,1,0,1,1,1,0,1,0,0,medio_baixo
2,35000.0,351,0.8547008547008547,4,4,1,0,0,1,1,1,1,0,1,0,0,medio_alto
4,10000.0,270,0.9296296296296296,28,2,1,1,1,2,1,0,1,0,0,0,0,medio_baixo
1,10000.0,0,0.0,1,3,1,0,0,0,1,0,1,1,0,0,0,baixo
2,0.0,0,0.0,0,0,1,0,0,0,0,0,0,0,0,0,0,gratuito
1,10000.0,0,0.0,1,6,1,0,0,0,1,1,1,1,0,1,0,gratuito
3,10000.0,10,0.8,2,4,1,0,0,0,1,0,1,0,1,0,0,medio_baixo
8,10000.0,75,0.5733333333333334,2,6,1,1,1,0,1,1,1,1,0,1,1,baixo
2,10000.0,5,0.2,1,5,1,0,0,0,1,1,1,0,1,0,1,alto
8,10000.0,95,0.8210526315789474,1,4,1,0,0,0,1,1,0,0,1,1,0,medio_alto
6,10000.0,12,0.75,1,2,1,0,0,0,0,0,0,0,0,1,1,medio_baixo
3,10000.0,0,0.0,1,1,1,0,0,1,0,0,0,0,1,0,0,alto
6,10000.0,19,0.7368421052631579,1,3,1,0,0,0,1,0,0,0,0,1,0,gratuito
3,10000.0,27,0.6666666666666666,2,2,1,0,0,0,0,1,1,0,0,0,0,gratuito
5,10000.0,4,0.5,1,4,1,0,0,0,0,0,0,0,0,0,0,medio_alto
1,10000.0,0,0.0,31,4,1,0,0,0,1,0,0,1,0,1,1,medio_baixo
5,10000.0,17,0.7058823529411765,1,4,1,0,0,0,1,1,1,1,0,0,0,baixo
2,10000.0,2,1.0,2,3,1,0,0,0,0,0,0,1,0,1,1,baixo
1,10000.0,2,1.0,1,4,1,0,0,1,1,1,1,0,1,0,0,baixo
5,0.0,0,0.0,0,0,1,0,0,0,0,0,0,0,0,0,0,gratuito
2,0.0,0,0.0,1,2,1,1,1,2,1,0,0,0,0,0,0,gratuito
4,10000.0,34,0.9705882352941176,1,4,1,0,0,0,1,0,0,1,1,0,1,alto
1,0.0,0,0.0,0,0,1,0,0,0,0,0,0,0,0,0,0,gratuito
10,10000.0,10,0.9,6,3,1,1,0,0,1,0,0,1,0,0,1,alto
3,0.0,0,0.0,1,2,1,0,0,0,1,0,0,1,0,0,0,gratuito
4,10000.0,8,0.625,1,4,1,0,0,0,1,0,0,0,1,1,1,alto
3,10000.0,28,0.6428571428571429,1,4,1,0,0,0,1,0,1,0,0,0,1,alto
7,1500000.0,38943,0.9253267596230388,12,3,1,0,0,9,0,0,0,0,0,0,1,alto
5,10000.0,5,0.8,12,2,1,1,0,0,0,0,1,1,0,0,0,alto
2,10000.0,0,0.0,1,3,1,1,1,0,1,0,1,0,1,0,0,medio_baixo
3,0.0,0,0.0,0,0,1,0,0,0,0,0,0,0,0,0,0,gratuito
2,10000.0,172,0.9069767441860465,7,5,1,0,0,0,1,0,1,0,1,1,0,alto
6,10000.0,30,0.36666666666666664,1,2,1,1,0,0,1,1,0,0,0,0,0,baixo
2,10000.0,46,0.8478260869565217,1,3,1,0,0,0,1,1,0,1,0,0,0,medio_alto
7,10000.0,7,0.8571428571428571,1,1,1,0,0,0,1,0,0,0,0,0,0,baixo
3,10000.0,0,0.0,5,3,1,0,0,0,1,1,0,0,0,0,0,gratuito
1,10000.0,0,0.0,11,4,1,0,0,0,0,1,0,0,0,1,0,gratuito
6,350000.0,6014,0.4722314599268374,9,2,1,1,0,3,0,0,0,0,1,1,0,alto
2,0.0,0,0.0,0,0,1,0,0,0,0,0,0,0,0,0,0,gratuito
3,0.0,0,0.0,2,3,1,0,0,0,1,1,0,0,0,0,0,gratuito
3,10000.0,0,0.0,1,1,1,1,0,0,0,0,0,1,0,0,0,medio_alto
4,35000.0,290,0.9,14,3,1,0,0,3,1,0,1,1,0,0,0,medio_baixo
1,10000.0,41,0.9024390243902439,13,2,1,0,0,0,1,0,0,1,0,0,0,baixo
5,10000.0,1,1.0,1,4,1,0,0,0,1,1,1,1,0,0,0,medio_alto
1,0.0,0,0.0,1,2,1,0,1,0,0,0,0,1,0,0,0,gratuito
1,0.0,0,0.0,0,0,1,0,0,0,0,0,0,0,0,0,0,gratuito
2,10000.0,27,0.5555555555555556,1,4,1,0,0,1,1,0,1,1,0,0,0,gratuito
4,10000.0,1,1.0,1,1,1,1,0,0,0,0,1,0,0,0,0,medio_baixo
3,10000.0,5,1.0,1,4,1,0,0,0,1,1,1,0,1,0,0,alto
8,10000.0,5,0.6,1,4,1,0,0,0,1,1,1,1,0,0,0,baixo
5,10000.0,0,0.0,29,3,1,0,0,0,1,0,0,1,0,0,1,baixo
3,10000.0,65,0.9692307692307692,3,1,1,0,0,0,0,0,1,0,0,0,0,alto
9,10000.0,6,0.6666666666666666,3,3,1,0,0,0,1,1,1,0,0,0,0,alto
2,10000.0,248,0.9153225806451613,1,5,1,1,0,0,1,1,1,0,1,1,0,medio_alto
5,1500000.0,24731,0.7978650276980308,12,2,1,0,0,7,0,1,0,0,1,0,0,medio_alto
4,10000.0,37,0.9459459459459459,1,2,1,1,0,0,1,0,0,0,1,0,0,gratuito
4,10000.0,2,1.0,2,3,1,0,0,0,1,0,0,1,0,1,0,baixo
6,10000.0,0,0.0,3,2,1,0,0,0,1,0,0,0,1,0,0,alto
2,0.0,0,0.0,0,0,1,0,0,0,0,0,0,0,0,0,0,gratuito
1,0.0,0,0.0,0,0,1,0,0,0,0,0,0,0,0,0,0,gratuito
5,0.0,0,0.0,1,3,1,0,0,2,0,1,0,0,1,0,0,gratuito
5,10000.0,75,0.96,16,2,1,0,1,0,1,0,0,0,0,0,1,medio_baixo
11,35000.0,641,0.9329173166926678,1,2,1,0,0,0,1,0,1,0,0,0,0,medio_baixo
4,10000.0,8,0.375,1,2,1,0,0,0,1,0,0,1,0,0,0,baixo
2,10000.0,3,1.0,1,2,1,0,0,0,1,0,0,1,0,0,0,alto
6,10000.0,17,0.5294117647058824,1,1,1,0,0,0,1,0,0,0,0,0,0,alto
7,10000.0,8,0.5,1,1,1,0,0,0,0,1,0,0,0,0,0,baixo
3,350000.0,13691,0.8496822730260756,18,3,1,0,0,4,1,0,0,1,0,0,1,alto
2,10000.0,4,0.5,3,2,1,0,0,1,0,0,1,0,0,0,1,alto
2,0.0,0,0.0,0,0,1,0,0,0,0,0,0,0,0,0,0,gratuito
4,10000.0,7,0.8571428571428571,1,3,1,0,0,0,1,1,0,1,0,0,0,medio_alto
4,10000.0,44,0.9772727272727273,6,2,1,1,1,0,1,1,0,0,0,0,0,medio_baixo
1,0.0,0,0.0,4,2,1,0,0,0,0,0,0,1,0,0,1,alto
5,0.0,0,0.0,0,0,1,0,0,0,0,0,0,0,0,0,0,gratuito
8,75000.0,1260,0.9587301587301588,27,3,1,0,1,0,1,0,0,1,0,1,0,medio_baixo
1,0.0,0,0.0,1,2,1,0,0,0,1,0,1,0,0,0,0,gratuito
5,10000.0,0,0.0,2,1,1,0,0,0,0,0,0,1,0,0,0,medio_alto
3,10000.0,19,0.47368421052631576,3,3,1,1,0,18,0,0,0,0,0,0,0,medio_alto
3,10000.0,8,0.875,3,3,1,0,1,0,1,1,1,0,0,0,0,medio_baixo
2,10000.0,1,0.0,8,4,1,0,0,0,1,1,1,1,0,0,0,medio_alto
6,10000.0,74,0.7702702702702703,4,4,1,0,0,0,1,1,0,1,0,0,0,medio_alto
8,10000.0,32,0.96875,1,1,1,0,0,0,1,0,0,0,0,0,0,gratuito
5,0.0,0,0.0,0,0,1,0,0,0,0,0,0,0,0,0,0,gratuito
5,0.0,0,0.0,5,4,1,0,0,0,1,1,1,0,1,0,0,alto
2,10000.0,1,1.0,1,2,1,0,0,0,1,0,1,0,0,0,0,medio_alto
5,0.0,0,0.0,1,6,1,0,0,0,1,1,1,0,0,0,1,medio_alto
2,10000.0,0,0.0,1,4,1,0,0,0,1,1,0,1,0,0,0,baixo
1,0.0,0,0.0,4,5,1,0,1,0,1,1,0,1,0,1,0,alto
5,10000.0,28,0.8928571428571429,1,2,1,0,0,0,0,0,0,1,0,1,0,baixo
5,0.0,0,0.0,7,2,1,0,0,0,0,0,0,0,0,0,1,alto
6,0.0,0,0.0,1,2,1,0,0,2,1,0,0,1,0,0,0,baixo
1,10000.0,7,1.0,3,3,1,0,0,0,1,0,0,1,0,1,0,alto
10,150000.0,68,0.8970588235294118,1,3,1,1,1,0,1,0,0,0,1,0,0,gratuito
1,10000.0,5,0.8,2,4,1,0,0,0,1,0,0,1,0,1,1,medio_alto
9,10000.0,2,0.0,1,3,1,1,1,0,1,1,0,1,0,0,0,medio_alto
8,35000.0,114,0.7192982456140351,7,5,1,1,0,1,1,0,1,1,1,1,0,medio_baixo
1,10000.0,0,0.0,1,1,1,1,0,0,1,0,0,0,0,0,0,medio_alto
2,0.0,0,0.0,0,0,1,0,0,0,0,0,0,0,0,0,0,gratuito
9,150000.0,295,0.488135593220339,8,2,1,0,0,0,0,1,0,0,1,0,0,gratuito
1,0.0,0,0.0,10,1,1,0,0,0,1,0,0,0,0,0,0,baixo
5,10000.0,10,0.4,1,4,1,0,0,0,1,1,1,0,1,0,0,medio_alto
3,10000.0,2,0.5,1,3,1,0,0,0,1,0,0,1,0,1,0,medio_alto
5,35000.0,9,0.8888888888888888,1,3,1,1,0,0,1,0,0,0,1,0,1,alto
11,350000.0,2354,0.8946474086661003,1,1,1,0,0,6,0,0,0,0,1,0,0,medio_alto
7,10000.0,0,0.0,1,2,1,0,0,0,1,0,1,0,0,0,0,medio_baixo
10,35000.0,399,0.7017543859649122,1,3,1,0,0,0,1,1,0,1,0,0,0,baixo
8,10000.0,18,1.0,16,2,1,1,0,0,1,1,0,0,0,0,0,baixo
3,10000.0,6,1.0,1,2,1,0,0,0,0,0,0,0,1,0,0,medio_baixo
2,0.0,0,0.0,1,3,1,0,0,0,1,1,0,0,0,0,0,gratuito
1,10000.0,0,0.0,10,3,1,0,0,0,1,0,1,0,0,0,1,medio_baixo
13,750000.0,2869,0.8483792262112234,1,2,1,1,1,1,1,1,0,0,0,0,0,medio_baixo
3,0.0,0,0.0,0,0,1,0,0,0,0,0,0,0,0,0,0,gratuito
2,10000.0,39,0.9743589743589743,2,2,1,0,0,1,1,0,1,0,0,0,0,medio_baixo
6,10000.0,4,0.25,2,4,1,0,0,0,1,1,0,1,0,0,0,medio_alto
11,350000.0,2840,0.8908450704225352,103,2,1,0,1,1,1,1,0,0,0,0,0,baixo
2,35000.0,650,0.9384615384615385,7,3,1,0,0,1,1,0,0,1,0,0,1,alto
1,10000.0,0,0.0,2,2,1,0,0,0,1,0,0,0,1,0,0,baixo
2,10000.0,60,0.6666666666666666,1,2,1,0,0,0,1,1,0,0,0,0,0,medio_alto
3,10000.0,205,0.7170731707317073,3,4,1,0,0,0,0,1,1,0,0,0,0,gratuito
3,10000.0,10,0.9,2,3,1,0,0,0,1,1,1,0,0,0,0,alto
1,10000.0,2,1.0,2,3,1,0,0,5,1,0,1,0,0,0,1,alto
5,0.0,0,0.0,0,0,1,0,0,0,0,0,0,0,0,0,0,gratuito
1,0.0,0,0.0,1,3,1,0,0,0,1,1,0,1,0,0,0,baixo
5,150000.0,108,0.6388888888888888,1,2,1,1,1,0,1,0,1,0,0,0,0,baixo
1,10000.0,2,1.0,1,2,1,0,0,0,1,0,1,0,0,0,0,medio_alto
4,35000.0,29,0.7241379310344828,1,1,1,0,0,0,1,0,0,0,0,0,0,medio_baixo
3,10000.0,6,0.8333333333333334,1,4,1,0,0,0,0,0,1,1,1,1,0,medio_baixo
2,10000.0,13,1.0,3,2,1,0,0,0,1,0,1,0,0,0,0,alto
8,10000.0,14,0.8571428571428571,1,3,1,0,0,0,1,0,0,1,0,1,0,medio_baixo
10,35000.0,55,0.6363636363636364,1,3,1,1,1,0,0,0,1,1,0,0,1,baixo
1,0.0,0,0.0,1,3,1,0,1,0,1,0,1,0,0,0,0,gratuito
5,10000.0,21,0.8571428571428571,3,3,1,0,0,0,1,0,0,1,0,1,0,medio_alto
5,10000.0,50,0.98,1,2,1,0,0,0,1,0,1,0,0,0,0,alto
10,350000.0,511,0.7084148727984344,1,3,1,0,0,0,1,1,0,0,0,0,0,baixo
1,10000.0,2,1.0,1,3,1,0,0,0,1,0,0,1,0,0,1,baixo
8,35000.0,282,0.9397163120567376,1,2,1,0,0,1,1,1,0,0,0,0,0,medio_baixo
9,10000.0,2,0.5,1,3,1,0,0,0,1,0,0,1,0,0,1,alto
1,10000.0,10,1.0,1,1,1,0,1,0,0,1,0,0,0,0,0,medio_baixo
3,35000.0,203,0.9852216748768473,3,2,1,1,0,0,1,0,1,0,0,0,0,alto
7,10000.0,23,0.6956521739130435,3,4,1,0,0,0,1,0,1,0,1,1,0,baixo
3,350000.0,3315,0.8147812971342383,2,5,1,0,0,0,1,1,0,0,1,0,1,medio_alto
1,10000.0,19,0.7368421052631579,1,3,1,0,0,0,1,1,0,0,1,0,0,gratuito
2,10000.0,185,0.972972972972973,1,3,1,0,0,1,1,0,1,0,1,0,0,medio_alto
3,10000.0,76,0.7236842105263158,1,5,1,0,0,0,1,1,1,0,1,0,1,baixo
3,10000.0,7,0.8571428571428571,1,3,1,0,0,0,1,0,0,1,0,1,0,baixo
8,10000.0,13,0.9230769230769231,1,3,1,0,0,0,1,0,0,1,0,0,0,gratuito
5,10000.0,0,0.0,1,2,1,0,0,0,1,0,1,0,0,0,0,baixo
5,35000.0,33,0.9090909090909091,2,4,1,0,0,0,1,0,1,0,1,0,0,alto
2,10000.0,9,1.0,3,4,1,0,0,0,1,1,0,1,0,0,0,medio_baixo
8,10000.0,26,0.7692307692307693,2,7,1,0,0,0,1,1,0,0,1,1,1,medio_alto
7,10000.0,42,0.8571428571428571,2,2,1,0,0,1,1,0,0,1,0,0,0,baixo
6,75000.0,413,0.549636803874092,15,3,1,1,0,0,1,1,1,0,0,0,0,baixo
1,0.0,0,0.0,0,0,1,0,0,0,0,0,0,0,0,0,0,gratuito
3,35000.0,55,0.6181818181818182,13,6,1,0,0,0,1,0,1,1,1,1,1,gratuito
2,0.0,0,0.0,1,4,1,1,0,0,1,0,1,1,0,0,0,gratuito
8,10000.0,17,0.5882352941176471,1,3,1,1,1,0,1,0,1,0,1,0,0,medio_alto
11,10000.0,33,0.5151515151515151,1,2,1,0,0,0,1,1,0,0,0,0,0,medio_baixo
1,0.0,0,0.0,2,4,1,1,0,0,1,0,0,1,0,1,0,gratuito
8,10000.0,5,0.8,2,2,1,0,0,0,1,1,0,0,0,0,0,medio_baixo
11,35000.0,123,0.4146341463414634,1,3,1,1,0,1,1,0,0,1,0,0,1,alto
3,10000.0,5,1.0,1,3,1,0,0,0,1,0,0,0,0,1,0,medio_alto
7,35000.0,259,0.9768339768339769,1,3,1,0,0,0,1,1,0,0,0,0,0,gratuito
6,35000.0,16,0.9375,1,1,1,0,0,0,0,0,1,0,0,0,0,gratuito
6,10000.0,15,0.7333333333333333,2,4,1,0,1,0,1,0,1,1,0,0,1,baixo
3,10000.0,7,0.8571428571428571,1,2,1,0,0,0,0,1,1,0,0,0,0,baixo
8,35000.0,129,0.8062015503875969,7,3,1,0,0,0,1,1,0,0,0,0,0,alto
10,350000.0,198,0.46464646464646464,1,2,1,0,0,0,1,0,0,0,1,0,0,baixo
3,75000.0,728,0.7266483516483516,11,1,1,0,0,3,0,0,0,0,1,0,0,alto
2,150000.0,1724,0.8404872389791184,11,5,1,1,0,8,1,1,1,1,1,0,0,alto
5,35000.0,136,0.7794117647058824,3,2,1,0,0,0,1,0,0,0,1,0,0,alto
4,3500000.0,46961,0.8022188624603395,12,2,1,0,0,2,0,1,0,0,0,0,0,alto
2,10000.0,176,0.9090909090909091,2,1,1,0,0,0,0,0,1,0,0,0,0,medio_baixo
7,10000.0,10,0.7,1,3,1,0,0,0,1,0,1,1,0,0,0,medio_baixo
1,0.0,0,0.0,0,0,1,0,0,0,0,0,0,0,0,0,0,gratuito
5,35000.0,13,0.8461538461538461,1,2,1,0,0,0,1,0,1,0,0,0,0,gratuito
12,35000.0,74,0.6351351351351351,1,1,1,0,0,0,0,0,0,1,0,0,0,baixo
4,0.0,0,0.0,1,4,1,0,0,0,0,0,0,1,0,1,1,baixo
9,10000.0,31,0.3225806451612903,1,2,1,0,0,0,1,1,0,0,0,0,0,baixo
3,75000.0,1619,0.7541692402717727,6,1,1,0,0,7,0,1,0,0,0,0,0,alto
1,0.0,0,0.0,1,2,1,1,0,0,0,0,0,0,1,0,0,gratuito
8,10000.0,3,0.0,1,3,1,0,0,0,1,1,1,0,0,0,0,alto
2,10000.0,15,0.9333333333333333,1,2,1,0,0,0,1,0,1,0,0,0,0,medio_baixo
5,10000.0,294,0.6666666666666666,6,4,1,0,0,0,1,1,1,0,0,0,1,baixo
3,10000.0,4,1.0,1,2,1,0,0,0,0,1,0,0,0,0,0,alto
7,10000.0,14,0.7142857142857143,2,4,1,0,0,0,1,1,1,0,0,0,0,medio_alto
6,10000.0,3,0.3333333333333333,1,3,1,0,0,0,1,0,0,1,0,0,1,baixo
8,10000.0,22,0.8636363636363636,1,2,1,1,0,0,1,0,1,0,0,0,0,baixo
1,0.0,0,0.0,1,3,1,1,0,0,0,1,1,0,1,0,0,medio_alto
1,0.0,0,0.0,1,3,1,0,0,0,1,0,0,1,0,1,0,baixo
1,0.0,0,0.0,2,3,1,0,0,0,1,0,1,0,1,0,0,baixo
3,10000.0,23,0.8695652173913043,11,2,1,1,1,0,1,0,0,0,0,1,0,baixo
16,10000.0,15,0.7333333333333333,1,1,1,1,0,0,0,0,0,1,0,0,0,medio_alto
3,0.0,0,0.0,1,3,1,0,0,1,1,0,0,0,1,0,0,gratuito
6,10000.0,0,0.0,1,1,1,0,0,0,0,1,0,0,0,0,0,medio_baixo
2,10000.0,0,0.0,1,1,1,0,0,0,0,1,0,0,0,0,0,alto
1,10000.0,0,0.0,6,1,1,0,0,6,0,0,0,1,0,0,0,alto
12,75000.0,160,0.78125,1,2,1,1,0,0,0,1,0,0,0,0,0,baixo
2,0.0,0,0.0,1,4,1,0,0,0,1,1,0,0,0,1,0,gratuito
9,35000.0,10,0.9,1,1,1,0,0,0,0,0,0,1,0,0,0,baixo
6,10000.0,16,0.875,1,4,1,0,0,0,1,0,1,1,0,0,1,baixo
4,35000.0,4,0.5,1,2,1,0,0,0,1,0,0,0,1,0,0,baixo
3,10000.0,0,0.0,1,2,1,0,0,0,1,0,0,1,0,0,0,alto
9,10000.0,91,0.8021978021978022,1,3,1,0,0,1,1,1,0,0,1,0,0,medio_alto
3,10000.0,27,0.7407407407407407,1,5,1,0,0,0,1,1,1,1,1,0,0,medio_alto
11,1500000.0,8890,0.7870641169853768,6,2,1,1,0,18,0,0,0,0,0,1,0,alto
5,10000.0,0,0.0,1,2,1,0,0,0,1,0,1,0,0,0,0,alto
2,0.0,0,0.0,1,2,1,0,1,0,0,0,0,0,0,0,0,gratuito
6,10000.0,12,0.8333333333333334,2,2,1,1,1,0,1,1,0,0,0,0,0,baixo
3,10000.0,24,0.875,1,2,1,0,0,0,1,1,0,0,0,0,0,alto
2,10000.0,57,0.6666666666666666,8,6,1,0,0,0,1,1,0,1,0,0,1,alto
2,10000.0,15,0.6666666666666666,2,2,1,0,0,0,0,0,0,0,0,1,1,medio_baixo
6,10000.0,17,0.7058823529411765,2,2,1,0,0,0,1,0,1,0,0,0,0,alto
2,35000.0,13,0.9230769230769231,1,3,1,0,0,0,1,1,0,1,0,0,0,gratuito
1,0.0,0,0.0,0,0,1,0,0,0,0,0,0,0,0,0,0,gratuito
6,150000.0,321,0.4735202492211838,1,4,1,0,0,1,1,0,1,1,0,0,1,baixo
4,35000.0,70,0.7714285714285715,14,4,1,1,0,0,1,1,0,1,1,0,0,alto
6,10000.0,79,0.7721518987341772,2,2,1,0,0,0,1,0,1,0,0,0,0,medio_baixo
8,10000.0,2,0.0,1,2,1,0,0,0,0,1,0,1,0,0,0,medio_baixo
2,0.0,0,0.0,0,0,1,0,0,0,0,0,0,0,0,0,0,gratuito
1,10000.0,6,1.0,15,2,1,1,0,0,0,0,0,1,0,1,0,medio_baixo
2,350000.0,6013,0.9788790952935307,14,4,1,1,0,0,0,1,1,1,1,0,0,alto
4,10000.0,7,0.7142857142857143,1,2,1,0,0,0,0,0,1,1,0,0,0,medio_alto
1,0.0,0,0.0,0,0,1,0,0,0,0,0,0,0,0,0,0,gratuito
6,750000.0,7028,0.8688104723961297,7,5,1,1,1,1,1,0,1,1,0,1,1,medio_baixo
1,10000.0,0,0.0,1,1,1,0,0,0,0,0,0,0,1,0,0,medio_baixo
3,75000.0,11,0.9090909090909091,5,2,1,0,0,0,1,0,1,0,0,0,0,medio_baixo
8,10000.0,25,0.64,1,3,1,0,0,0,1,0,0,1,0,0,1,medio_baixo
5,10000.0,25,0.92,1,3,1,0,0,0,1,0,0,1,0,0,1,medio_alto
1,10000.0,0,0.0,5,4,1,0,0,1,1,0,0,0,1,1,1,alto
2,10000.0,1,1.0,5,2,1,0,0,0,1,0,1,0,0,0,0,medio_baixo
3,10000.0,2,0.5,2,2,1,0,0,0,0,1,0,1,0,0,0,medio_alto
8,10000.0,66,0.6060606060606061,1,3,1,0,0,0,1,0,1,0,0,0,0,gratuito
2,35000.0,11,0.9090909090909091,3,5,1,0,0,0,1,0,1,1,1,0,0,gratuito
4,10000.0,41,0.8536585365853658,1,1,1,0,0,0,0,0,0,0,1,0,0,medio_alto
1,10000.0,0,0.0,1,3,1,0,0,0,1,0,1,0,0,0,0,alto
5,0.0,0,0.0,0,0,1,0,0,0,0,0,0,0,0,0,0,gratuito
6,10000.0,1,1.0,2,4,1,0,0,0,1,0,1,0,1,0,0,alto
9,10000.0,2,0.0,1,3,1,0,0,0,1,0,1,1,0,0,0,medio_alto
6,35000.0,47,0.3191489361702128,1,2,1,0,0,0,0,0,0,1,0,0,0,gratuito
9,10000.0,2,0.5,1,4,1,0,0,0,1,1,0,0,0,0,0,alto
2,10000.0,0,0.0,15,3,1,0,0,0,0,0,1,1,0,0,1,alto
7,35000.0,56,0.7857142857142857,1,4,1,0,0,0,1,1,1,0,0,0,0,gratuito
1,10000.0,0,0.0,1,1,1,0,0,0,0,0,0,0,0,1,0,medio_baixo
9,350000.0,1462,0.5478796169630643,7,7,1,0,0,0,0,1,1,1,0,0,0,gratuito
2,0.0,0,0.0,1,5,1,0,0,0,1,1,1,0,0,1,0,gratuito
2,10000.0,22,0.9090909090909091,9,4,1,0,0,0,1,1,0,1,1,0,0,medio_baixo
1,0.0,0,0.0,2,3,1,0,0,0,1,1,0,0,1,0,0,medio_baixo
1,0.0,0,0.0,0,0,1,0,0,0,0,0,0,0,0,0,0,gratuito
5,10000.0,161,0.9130434782608695,5,1,1,0,0,0,0,0,0,1,0,0,0,baixo
4,10000.0,59,0.9152542372881356,1,2,1,0,0,0,0,0,1,1,0,0,0,alto
11,750000.0,10352,0.7908616692426584,6,1,1,0,0,3,0,1,0,0,0,0,0,medio_alto
1,10000.0,0,0.0,1,4,1,0,1,0,1,0,0,1,0,1,1,medio_baixo
1,10000.0,23,0.9565217391304348,11,7,1,0,0,0,1,1,1,1,1,0,1,baixo
4,10000.0,38,0.9736842105263158,4,4,1,0,0,0,1,1,1,0,1,0,0,medio_baixo
3,0.0,0,0.0,1,2,1,0,0,1,1,0,0,0,1,0,0,gratuito
5,0.0,0,0.0,1,3,1,0,0,0,1,0,0,0,1,0,1,gratuito
1,0.0,0,0.0,2,2,1,0,1,1,1,0,0,1,0,0,0,medio_alto
6,10000.0,60,0.9666666666666667,1,2,1,0,0,0,0,1,0,0,0,0,0,medio_baixo
11,75000.0,723,0.7648686030428768,2,1,1,1,0,0,0,0,0,1,0,0,0,baixo
8,10000.0,46,0.8913043478260869,12,1,1,0,0,0,0,0,1,0,0,0,0,medio_alto
2,10000.0,0,0.0,2,3,1,0,0,0,1,1,0,0,1,0,0,medio_alto
10,35000.0,119,0.8235294117647058,3,2,1,1,0,0,1,1,0,0,0,0,0,baixo
13,75000.0,531,0.6271186440677966,1,3,1,1,1,0,1,0,0,1,0,1,0,baixo
5,10000.0,50,0.94,5,2,1,0,0,0,1,1,0,0,0,0,0,baixo
6,10000.0,26,0.9230769230769231,1,2,1,0,0,0,1,0,0,0,1,0,0,medio_alto
4,0.0,0,0.0,0,0,1,0,0,0,0,0,0,0,0,0,0,gratuito
2,0.0,0,0.0,103,3,1,0,0,0,1,0,0,0,0,0,1,gratuito
3,10000.0,91,0.5384615384615384,5,4,1,1,1,1,1,1,0,0,0,0,1,alto
5,10000.0,40,0.8,1,5,1,1,1,0,1,1,1,1,1,0,0,medio_alto
1,10000.0,92,0.8586956521739131,1,6,1,1,1,0,1,1,1,0,1,0,0,medio_alto
1,0.0,0,0.0,103,4,1,0,0,0,1,1,1,0,0,0,1,baixo
9,10000.0,67,0.746268656716418,1,2,1,1,1,1,1,0,0,1,0,0,0,baixo
2,10000.0,12,1.0,2,1,1,0,0,0,0,0,0,0,0,0,1,medio_baixo
2,10000.0,1,1.0,6,1,1,0,0,0,0,1,0,0,0,0,0,medio_baixo
4,10000.0,0,0.0,103,4,1,0,0,0,1,0,1,1,0,0,1,baixo
1,10000.0,0,0.0,1,4,1,0,0,0,1,0,0,1,1,0,0,alto
10,10000.0,36,0.5833333333333334,1,2,1,0,0,0,0,0,0,0,0,0,1,gratuito
7,10000.0,0,0.0,1,3,1,0,0,0,1,0,1,1,0,0,0,baixo
14,35000.0,223,0.8430493273542601,1,2,1,1,0,0,0,0,1,1,0,0,0,medio_baixo
6,10000.0,11,1.0,1,3,1,0,0,1,1,1,1,0,0,0,0,medio_baixo
4,10000.0,0,0.0,2,2,1,0,1,0,1,0,0,1,0,0,0,baixo
4,35000.0,57,0.6666666666666666,1,4,1,0,0,0,1,1,0,1,0,0,0,medio_baixo
9,10000.0,169,0.7928994082840237,1,1,1,0,0,1,0,0,1,0,0,0,0,alto
5,10000.0,82,0.975609756097561,3,1,1,0,0,0,1,0,0,0,0,0,0,medio_alto
3,0.0,0,0.0,2,1,1,0,0,0,0,0,0,0,0,0,0,gratuito
8,35000.0,71,0.22535211267605634,1,2,1,1,1,0,1,0,0,1,0,0,0,baixo
9,10000.0,2,1.0,1,2,1,0,0,0,1,0,0,0,1,0,0,medio_alto
2,10000.0,47,0.7021276595744681,1,2,1,0,0,0,1,0,1,0,0,0,0,baixo
3,0.0,0,0.0,0,0,1,0,0,0,0,0,0,0,0,0,0,gratuito
3,0.0,0,0.0,103,4,1,0,0,0,1,1,0,1,0,1,0,medio_baixo
4,10000.0,5,0.8,1,4,1,0,0,0,1,0,1,0,1,0,1,baixo
1,10000.0,60,0.8333333333333334,30,2,1,0,0,1,0,0,0,1,0,0,1,alto
2,10000.0,5,0.8,5,4,1,0,0,0,0,1,1,1,0,0,0,baixo
3,0.0,0,0.0,1,3,1,0,0,0,1,0,0,0,0,0,1,gratuito
1,10000.0,1,0.0,1,3,1,0,0,0,1,0,0,1,0,1,0,alto
8,750000.0,4511,0.7308800709377078,1,4,1,0,0,3,0,1,0,0,1,0,0,gratuito
8,35000.0,825,0.8193939393939393,1,5,1,0,0,1,1,0,1,1,0,1,1,baixo
2,10000.0,2,1.0,1,2,1,0,0,0,0,0,0,1,0,1,0,medio_baixo
3,10000.0,46,0.782608695652174,3,3,1,0,0,0,1,0,1,0,1,0,0,medio_alto
3,35000.0,27,1.0,1,1,1,0,0,0,0,0,0,0,1,0,0,medio_baixo
1,0.0,0,0.0,5,3,1,0,0,0,1,0,0,1,0,0,1,medio_alto
3,10000.0,11,0.9090909090909091,2,3,1,0,0,0,1,0,1,0,1,0,0,baixo
3,10000.0,4,1.0,1,4,1,0,0,0,1,1,1,1,0,0,0,baixo
5,10000.0,17,0.8235294117647058,1,4,1,0,0,0,1,0,0,1,0,0,1,medio_alto
12,350000.0,4687,0.784083635587796,11,1,1,0,0,0,0,1,0,0,0,0,0,baixo
5,10000.0,40,1.0,3,4,1,0,0,0,1,0,1,1,0,1,0,medio_baixo
4,10000.0,33,0.696969696969697,3,3,1,1,0,0,0,1,0,0,1,1,0,alto
1,10000.0,0,0.0,2,4,1,0,0,1,1,0,0,0,1,0,1,alto
7,10000.0,10,0.9,2,3,1,0,0,0,1,1,0,0,0,0,0,baixo
8,35000.0,91,0.6923076923076923,2,2,1,0,0,0,0,0,0,1,0,0,0,gratuito
10,10000.0,5,0.8,1,1,1,0,0,0,1,0,0,0,0,0,0,medio_alto
3,0.0,0,0.0,0,0,1,0,0,0,0,0,0,0,0,0,0,gratuito
4,0.0,0,0.0,1,3,1,0,0,0,1,0,0,1,0,0,1,gratuito
4,35000.0,4,0.5,6,3,1,0,0,1,1,1,1,0,0,0,0,medio_alto
9,350000.0,560,0.48035714285714287,10,2,1,0,0,0,0,1,1,0,0,0,0,medio_baixo
5,10000.0,18,0.9444444444444444,2,3,1,0,0,0,1,1,0,1,0,0,0,baixo
5,10000.0,44,0.9772727272727273,8,2,1,0,0,0,1,0,0,1,0,0,0,baixo
3,10000.0,25,0.68,8,3,1,0,0,0,1,0,1,1,0,0,0,medio_baixo
3,10000.0,5,0.8,1,4,1,0,0,0,1,1,0,1,0,0,0,gratuito
5,10000.0,0,0.0,1,3,1,0,0,2,1,0,0,1,1,0,0,medio_baixo
7,10000.0,1,0.0,1,1,1,0,0,0,0,0,0,0,1,0,0,alto
2,0.0,0,0.0,0,0,1,0,0,0,0,0,0,0,0,0,0,gratuito
5,10000.0,21,0.8095238095238095,0,1,1,0,0,0,1,0,0,0,0,0,0,alto
1,10000.0,0,0.0,7,2,1,0,0,0,1,0,1,0,0,0,0,alto
5,10000.0,0,0.0,2,3,1,1,1,0,1,1,1,0,0,0,0,medio_baixo
6,10000.0,54,0.9259259259259259,4,4,1,0,0,1,1,1,1,1,0,0,0,medio_alto
5,10000.0,0,0.0,1,4,1,0,0,0,1,1,1,1,0,0,0,baixo
7,10000.0,31,0.7741935483870968,1,7,1,1,1,1,1,1,1,1,1,1,0,medio_baixo
9,350000.0,3823,0.9170808265759874,13,3,1,0,0,4,1,1,0,0,0,1,0,medio_alto
2,10000.0,5,1.0,1,1,1,0,0,0,1,0,0,0,0,0,0,medio_baixo
3,10000.0,1,1.0,1,1,1,0,1,0,0,1,0,0,0,0,0,baixo
10,10000.0,2,0.5,1,1,1,1,1,0,1,0,0,0,0,0,0,alto
6,10000.0,43,0.6976744186046512,6,4,1,0,0,0,1,1,0,1,0,0,1,medio_baixo
8,10000.0,47,0.9574468085106383,1,4,1,0,0,0,1,1,0,1,0,1,0,baixo
2,10000.0,100,0.9,0,1,1,0,0,0,1,0,0,0,0,0,0,alto
2,0.0,0,0.0,1,5,1,0,0,0,0,0,1,0,1,0,0,gratuito
3,10000.0,0,0.0,5,4,1,0,0,2,0,0,1,1,1,1,0,medio_alto
8,10000.0,16,0.9375,2,1,1,0,0,0,1,0,0,0,0,0,0,baixo
6,75000.0,250,0.92,1,6,1,0,0,1,1,1,1,1,1,0,0,gratuito
2,10000.0,3,1.0,1,1,1,0,0,0,0,0,1,0,0,0,0,medio_baixo
4,10000.0,3,1.0,2,1,1,0,0,0,0,0,0,1,0,0,0,alto
7,10000.0,240,0.8291666666666667,10,4,1,1,0,0,1,0,0,1,0,0,1,alto
1,0.0,0,0.0,11,3,1,0,0,0,1,1,1,0,0,0,0,medio_alto
6,10000.0,1,0.0,1,3,1,0,0,0,1,1,0,1,0,0,0,baixo
1,10000.0,0,0.0,27,2,1,1,1,0,1,0,0,0,0,0,1,baixo
5,10000.0,36,0.6944444444444444,29,3,1,0,0,0,1,1,1,0,0,0,0,baixo
1,0.0,0,0.0,2,2,1,0,0,0,1,0,1,0,0,0,0,medio_alto
3,0.0,0,0.0,1,5,1,0,0,0,1,0,0,1,1,0,1,gratuito
2,0.0,0,0.0,103,3,1,0,0,0,1,0,1,1,0,0,0,medio_alto
7,10000.0,20,1.0,1,2,1,0,0,0,1,1,0,0,0,0,0,baixo
2,35000.0,4,1.0,1,4,1,0,0,0,1,1,1,0,1,0,0,baixo
1,0.0,0,0.0,4,4,1,0,0,0,1,0,1,1,0,1,0,alto
6,10000.0,42,0.8571428571428571,1,3,1,1,0,0,1,1,1,0,0,0,0,medio_baixo
5,10000.0,111,1.0,1,3,1,0,0,0,0,1,1,1,0,0,0,medio_alto
11,10000.0,42,0.5952380952380952,1,3,1,1,1,0,1,0,1,1,0,0,0,gratuito
11,35000.0,104,0.7403846153846154,1,4,1,0,0,2,1,1,0,1,0,0,0,gratuito
11,10000.0,20,0.55,1,2,1,1,1,0,1,1,0,0,0,0,0,medio_alto
11,150000.0,155,0.5870967741935483,2,4,1,0,0,0,1,1,1,0,1,0,0,medio_alto
6,10000.0,139,0.8776978417266187,4,2,1,0,0,0,1,0,0,0,1,0,0,alto
3,10000.0,1,1.0,1,3,1,0,0,0,1,0,1,0,0,1,0,alto
4,10000.0,9,1.0,1,3,1,0,0,0,1,0,0,1,0,0,1,medio_baixo
9,10000.0,4,0.25,5,4,1,1,0,0,1,1,0,0,0,1,0,alto
1,0.0,0,0.0,1,1,1,0,0,0,0,0,0,1,0,0,0,medio_alto
5,0.0,0,0.0,2,4,1,0,0,1,1,0,0,1,0,0,0,gratuito
7,10000.0,8,0.875,1,3,1,0,0,0,0,0,0,0,0,0,0,gratuito
5,10000.0,7,1.0,1,2,1,1,1,0,1,0,1,0,0,0,0,medio_alto
9,10000.0,1,0.0,1,2,1,0,0,0,0,1,1,0,0,0,0,medio_alto
2,35000.0,589,0.8675721561969439,1,4,1,0,0,0,1,0,0,1,0,1,1,medio_baixo
2,10000.0,8,0.0,1,1,1,0,0,0,0,0,1,0,0,0,0,alto
3,10000.0,3,0.6666666666666666,1,3,1,1,1,0,1,0,0,1,0,1,0,medio_alto
8,75000.0,1697,0.9605185621685327,1,5,1,0,0,0,1,1,1,1,0,0,1,alto
2,10000.0,0,0.0,5,2,1,0,0,0,1,0,0,0,0,0,0,baixo
8,10000.0,2,0.5,1,2,1,1,1,0,1,0,1,0,0,0,0,medio_baixo
6,35000.0,70,0.7571428571428571,12,5,1,1,1,0,1,0,1,0,1,1,1,medio_baixo
1,10000.0,0,0.0,1,2,1,1,1,0,0,0,1,1,0,0,0,alto
3,10000.0,181,0.9337016574585635,2,3,1,0,0,0,1,1,1,0,0,0,0,baixo
2,10000.0,0,0.0,15,5,1,1,1,0,1,0,1,1,1,0,1,baixo
8,10000.0,106,0.9528301886792453,4,3,1,1,1,0,1,0,0,1,0,1,0,gratuito
1,10000.0,0,0.0,1,4,1,0,0,0,1,1,1,0,1,0,0,medio_alto
5,10000.0,4,0.25,1,5,1,0,0,0,1,1,1,0,1,1,0,alto
9,10000.0,13,0.6153846153846154,29,3,1,0,0,0,1,1,0,1,0,0,0,baixo
1,0.0,0,0.0,0,0,1,0,0,0,0,0,0,0,0,0,0,gratuito
1,10000.0,1,1.0,2,2,1,0,0,0,0,0,0,0,0,1,0,medio_baixo
1,10000.0,26,0.9615384615384616,1,3,1,0,0,0,1,0,1,0,1,0,0,alto
2,0.0,0,0.0,0,0,1,0,0,0,0,0,0,0,0,0,0,gratuito
5,0.0,0,0.0,0,0,1,0,0,0,0,0,0,0,0,0,0,gratuito
9,10000.0,6,1.0,1,2,1,0,0,0,0,0,1,1,0,0,0,medio_alto
4,1500000.0,5106,0.7140618879749314,24,4,1,0,0,11,0,1,0,0,0,0,1,gratuito
9,10000.0,24,0.625,2,2,1,1,1,0,0,0,0,1,0,0,0,alto
2,10000.0,0,0.0,31,2,1,0,0,0,1,0,0,1,0,0,0,baixo
7,10000.0,18,1.0,1,1,1,0,0,1,1,0,0,0,0,0,0,alto
1,10000.0,4,1.0,1,3,1,0,0,0,1,1,0,0,0,0,0,medio_alto
4,35000.0,30,0.7666666666666667,1,3,1,0,0,0,0,1,1,0,1,0,0,medio_baixo
6,10000.0,28,0.8214285714285714,1,1,1,0,0,0,1,0,0,0,0,0,0,gratuito
11,35000.0,36,0.3888888888888889,1,3,1,0,1,0,1,1,0,0,0,0,1,baixo
2,0.0,0,0.0,6,5,1,0,0,0,1,0,0,0,0,1,0,gratuito
5,10000.0,145,0.8413793103448276,9,3,1,0,0,0,1,0,0,1,0,0,1,alto
9,10000.0,16,0.75,1,4,1,1,1,0,1,1,1,0,1,0,0,gratuito
2,0.0,0,0.0,0,0,1,0,0,0,0,0,0,0,0,0,0,gratuito
2,10000.0,4,1.0,11,1,1,0,1,0,0,0,0,0,0,0,0,medio_alto
4,10000.0,0,0.0,1,1,1,0,0,0,1,0,0,0,0,0,0,medio_baixo
2,35000.0,3,0.6666666666666666,1,3,1,0,0,0,1,1,0,0,0,1,0,medio_alto
8,10000.0,35,0.9142857142857143,2,4,1,0,0,2,1,0,0,1,0,1,1,baixo
2,10000.0,0,0.0,4,2,1,1,0,0,0,0,1,0,0,1,0,medio_baixo
3,10000.0,2,1.0,1,4,1,0,0,0,1,0,0,0,1,1,0,medio_alto
11,150000.0,2168,0.9478782287822878,1,2,1,1,0,1,1,0,1,0,0,0,0,alto
3,10000.0,0,0.0,1,5,1,0,0,0,1,1,1,1,0,0,0,gratuito
2,350000.0,147,0.8775510204081632,2,4,1,0,0,0,1,0,0,0,1,1,0,gratuito
2,10000.0,113,0.8761061946902655,4,2,1,0,0,0,1,1,0,0,0,0,0,baixo
3,10000.0,4,0.75,1,2,1,0,0,0,1,0,0,0,0,0,0,medio_alto
1,0.0,0,0.0,1,4,1,0,0,0,0,1,1,1,1,0,0,medio_baixo
2,150000.0,1074,0.5977653631284916,11,1,1,0,0,3,0,0,0,0,0,1,0,medio_baixo
4,10000.0,5,0.6,1,3,1,0,0,0,0,0,0,0,0,0,0,alto
2,10000.0,2,0.5,1,2,1,0,0,0,1,0,1,0,0,0,0,alto
7,10000.0,5,1.0,1,5,1,0,0,0,1,0,1,0,1,1,0,alto
3,35000.0,7,0.5714285714285714,1,3,1,1,1,0,1,1,1,0,0,0,0,medio_baixo
1,10000.0,0,0.0,1,3,1,0,0,0,1,1,0,1,0,0,0,medio_alto
5,750000.0,14698,0.9763233092937814,14,2,1,0,0,0,1,0,1,0,0,0,0,baixo
8,10000.0,8,0.375,2,6,1,1,0,0,1,0,1,1,1,1,0,medio_alto
1,10000.0,0,0.0,13,4,1,0,0,0,1,0,0,1,0,0,1,alto
6,10000.0,22,0.9545454545454546,1,5,1,0,0,0,1,0,1,1,0,1,1,baixo
7,10000.0,10,0.6,1,4,1,0,0,0,1,1,0,1,0,0,0,medio_baixo
4,75000.0,1266,0.9707740916271722,11,3,1,1,0,0,1,0,0,1,0,1,0,medio_alto
3,0.0,0,0.0,0,0,1,0,0,0,0,0,0,0,0,0,0,gratuito
1,0.0,0,0.0,1,3,1,0,0,0,0,1,0,0,0,0,0,gratuito
4,10000.0,1,1.0,1,3,1,0,0,0,1,0,1,0,0,0,0,alto
1,10000.0,19,0.9473684210526315,2,4,1,0,1,0,1,0,0,1,1,0,0,gratuito
5,10000.0,86,0.8488372093023255,9,2,1,1,0,0,1,1,0,0,0,0,0,medio_baixo
4,75000.0,24,0.9166666666666666,1,3,1,0,1,0,1,0,1,0,1,0,0,medio_alto
5,750000.0,1338,0.5665171898355755,3,4,1,0,0,11,0,1,0,0,1,0,0,gratuito
3,10000.0,22,0.9545454545454546,2,3,1,0,0,0,1,1,1,0,0,0,0,alto
8,10000.0,49,0.7346938775510204,29,7,1,0,0,0,1,0,1,1,0,1,1,baixo
1,10000.0,0,0.0,1,2,1,0,0,0,0,0,0,0,0,0,1,medio_baixo
4,10000.0,23,0.9565217391304348,1,1,1,0,0,0,0,0,1,0,0,0,0,baixo
4,10000.0,1,0.0,1,4,1,0,1,0,1,1,1,0,0,0,1,baixo
12,7500000.0,42702,0.6644419465130439,7,5,1,0,0,2,1,1,0,1,0,0,0,gratuito
1,10000.0,248,0.8104838709677419,11,3,1,0,0,1,1,1,1,0,0,0,0,alto
4,10000.0,6,0.8333333333333334,1,3,1,0,0,0,1,1,0,0,0,1,0,medio_alto
5,0.0,0,0.0,0,0,1,0,0,0,0,0,0,0,0,0,0,gratuito
1,10000.0,0,0.0,3,2,1,0,0,0,1,1,0,0,0,0,0,baixo
7,35000.0,23,0.6956521739130435,1,3,1,1,0,0,1,0,0,1,0,0,1,alto
4,10000.0,5,0.6,1,2,1,0,0,0,0,1,1,0,0,0,0,alto
1,35000.0,32,0.78125,1,3,1,0,0,0,1,1,1,0,0,0,0,medio_alto
10,10000.0,14,0.35714285714285715,27,10,1,0,0,0,0,0,0,0,0,0,0,alto
2,10000.0,100,0.89,4,5,1,0,0,0,1,1,1,0,1,0,1,medio_baixo
1,10000.0,0,0.0,3,3,1,1,0,0,1,0,0,1,0,0,1,medio_alto
1,10000.0,0,0.0,1,2,1,0,0,0,1,0,0,1,0,0,0,medio_alto
8,35000.0,56,0.625,1,2,1,0,0,1,1,0,0,1,0,0,0,baixo
1,10000.0,0,0.0,1,2,1,1,1,0,0,0,1,0,1,0,0,medio_alto
1,10000.0,47,0.9148936170212766,7,2,1,1,1,1,0,0,1,0,0,1,0,alto
1,0.0,0,0.0,1,4,1,0,0,0,1,0,1,0,1,1,0,alto
2,0.0,0,0.0,0,0,1,0,0,0,0,0,0,0,0,0,0,gratuito
4,10000.0,106,0.6320754716981132,11,5,1,0,0,0,1,0,1,1,0,1,1,medio_alto
5,10000.0,1,1.0,1,1,1,0,0,0,0,0,0,0,0,1,0,medio_alto
1,0.0,0,0.0,2,2,1,0,0,0,0,0,0,0,0,1,1,alto
3,10000.0,3,1.0,1,1,1,0,0,0,0,0,0,0,0,0,0,medio_baixo
6,10000.0,2,0.0,1,2,1,0,0,0,1,0,1,0,0,0,0,alto
5,10000.0,1,1.0,1,2,1,0,0,0,0,1,1,0,0,0,0,medio_alto
15,350000.0,3918,0.857069933639612,1,2,1,1,0,0,1,1,0,0,0,0,0,medio_baixo
2,10000.0,1,1.0,8,2,1,0,0,0,1,0,0,1,0,0,0,medio_alto
1,0.0,0,0.0,1,1,1,0,0,0,1,0,0,0,0,0,0,medio_alto
9,150000.0,20,0.9,1,2,1,0,0,0,1,0,0,0,0,0,0,baixo
3,0.0,0,0.0,1,5,1,0,0,0,1,1,0,1,0,1,0,gratuito
5,10000.0,6,1.0,10,2,1,0,0,0,1,0,0,1,0,0,0,baixo
5,10000.0,1,1.0,2,2,1,0,0,0,1,0,0,0,0,1,0,baixo
6,35000.0,4,0.75,1,2,1,0,0,0,0,0,1,0,1,0,0,medio_alto
1,10000.0,0,0.0,1,2,1,0,0,0,0,0,0,1,0,0,1,baixo
3,10000.0,2,1.0,1,2,1,0,0,0,1,0,1,0,0,0,0,medio_alto
5,35000.0,43,0.9069767441860465,1,1,1,0,0,0,0,0,0,0,0,1,0,alto
1,10000.0,0,0.0,1,2,1,0,0,0,0,1,0,1,0,0,0,medio_alto
2,10000.0,82,1.0,1,3,1,0,0,0,1,0,0,1,0,0,0,gratuito
4,10000.0,3,1.0,1,3,1,0,1,0,1,0,1,1,0,0,0,baixo
7,10000.0,34,0.9705882352941176,2,3,1,0,0,0,1,0,0,1,1,0,0,medio_baixo
2,0.0,0,0.0,1,4,1,0,0,9,0,0,0,1,0,1,1,gratuito
1,0.0,0,0.0,2,2,1,0,0,0,1,1,0,0,0,0,0,medio_alto
3,10000.0,10,0.9,1,3,1,1,1,0,1,1,1,0,0,0,0,medio_baixo
1,10000.0,21,0.9047619047619048,1,2,1,1,1,0,1,0,1,0,0,0,0,alto
7,10000.0,6,0.5,1,4,1,0,0,1,1,1,1,1,0,0,0,medio_baixo
2,10000.0,13,1.0,5,2,1,0,0,1,1,0,1,0,0,0,0,medio_alto
4,35000.0,444,0.9481981981981982,18,3,1,0,0,0,1,0,1,1,0,0,0,baixo
7,10000.0,17,0.9411764705882353,3,3,1,0,0,1,1,1,0,1,0,0,0,baixo
1,0.0,0,0.0,0,0,1,0,0,0,0,0,0,0,0,0,0,gratuito
11,35000.0,498,0.7951807228915663,1,2,1,0,0,0,1,1,0,0,0,0,0,alto
5,10000.0,3,1.0,2,4,1,0,0,0,1,0,0,1,0,1,0,baixo
1,0.0,0,0.0,1,2,1,0,0,0,1,0,0,0,1,0,0,gratuito
6,10000.0,9,0.8888888888888888,1,1,1,1,1,0,0,0,0,0,0,0,0,medio_alto
2,10000.0,29,0.896551724137931,1,4,1,0,0,0,1,0,0,1,1,0,1,medio_baixo
3,10000.0,12,0.9166666666666666,1,1,1,0,0,0,0,1,0,0,0,0,0,medio_baixo
2,10000.0,19,0.9473684210526315,1,3,1,0,0,0,0,1,1,0,0,0,0,medio_alto
1,0.0,0,0.0,3,4,1,0,0,0,1,1,1,1,0,0,0,medio_alto
3,10000.0,14,1.0,1,1,1,0,0,0,0,0,0,0,0,1,0,baixo
8,75000.0,1316,0.9506079027355623,8,2,1,0,0,0,1,0,0,1,0,0,0,baixo
3,0.0,0,0.0,0,0,1,0,0,0,0,0,0,0,0,0,0,gratuito
2,10000.0,1,1.0,1,1,1,1,1,0,0,1,0,0,0,0,0,medio_alto
2,10000.0,24,0.5416666666666666,3,2,1,0,0,0,0,0,0,1,1,0,0,medio_alto
3,10000.0,0,0.0,2,3,1,0,0,0,0,1,1,1,0,0,0,baixo
4,35000.0,96,0.9166666666666666,12,3,1,1,0,0,1,0,1,1,0,0,0,medio_alto
14,75000.0,151,0.5827814569536424,1,2,1,1,0,1,1,1,0,0,0,0,0,medio_baixo
3,0.0,0,0.0,0,0,1,0,0,0,0,0,0,0,0,0,0,gratuito
6,10000.0,57,0.9298245614035088,1,6,1,0,0,3,1,1,1,1,1,0,0,gratuito
2,10000.0,1,1.0,1,2,1,0,1,0,1,0,0,1,0,0,0,baixo
7,10000.0,5,0.4,2,3,1,0,0,0,0,1,0,1,0,0,0,alto
5,10000.0,39,0.7948717948717948,12,3,1,0,0,2,1,0,0,1,0,1,0,baixo
3,10000.0,73,0.3972602739726027,1,4,1,0,0,0,1,0,0,1,0,1,1,medio_baixo
6,10000.0,10,0.8,4,2,1,0,0,0,0,0,0,1,0,1,0,alto
1,0.0,0,0.0,0,0,1,0,0,0,0,0,0,0,0,0,0,gratuito
1,10000.0,0,0.0,14,2,1,0,0,0,1,1,0,0,0,0,0,alto
2,75000.0,694,0.7060518731988472,1,5,1,0,0,1,1,1,0,1,0,1,1,alto
3,10000.0,0,0.0,7,3,1,0,0,0,1,1,0,1,0,0,0,medio_baixo
1,10000.0,4,0.75,9,5,1,0,0,0,1,1,1,1,0,1,0,medio_baixo
1,10000.0,0,0.0,1,4,1,0,0,0,1,0,1,1,0,0,1,baixo
9,10000.0,42,0.8095238095238095,2,2,1,1,1,0,0,0,1,0,1,0,0,gratuito
2,0.0,0,0.0,1,9,1,0,1,0,1,1,1,1,1,1,0,gratuito
10,10000.0,76,0.5394736842105263,1,4,1,1,1,0,1,0,0,1,0,0,1,gratuito
3,35000.0,11,1.0,3,1,1,0,0,0,0,0,0,0,0,0,1,baixo
9,10000.0,13,0.7692307692307693,1,4,1,0,0,0,1,1,1,1,0,0,0,gratuito
2,10000.0,129,0.8992248062015504,1,3,1,0,0,0,1,0,0,1,0,0,0,gratuito
6,10000.0,5,0.6,1,4,1,1,1,0,1,0,1,1,1,0,0,medio_baixo
7,10000.0,45,0.8222222222222222,10,4,1,0,0,0,1,1,1,0,1,0,0,baixo
4,10000.0,8,0.875,2,2,1,0,0,0,0,1,1,0,0,0,0,medio_alto
9,10000.0,0,0.0,1,1,1,0,0,0,0,0,0,0,0,1,0,alto
2,10000.0,2,1.0,1,3,1,0,1,0,1,0,0,1,0,0,0,alto
10,35000.0,300,0.83,1,1,1,0,0,0,0,0,0,1,0,0,0,baixo
8,35000.0,77,0.961038961038961,8,2,1,1,1,0,1,0,1,0,0,0,0,medio_alto
1,0.0,0,0.0,0,0,1,0,0,0,0,0,0,0,0,0,0,gratuito
2,0.0,0,0.0,103,7,1,0,0,0,1,0,0,1,1,1,1,baixo
10,10000.0,43,0.7906976744186046,1,2,1,0,0,0,0,0,0,0,0,0,0,gratuito
2,0.0,0,0.0,0,0,1,0,0,0,0,0,0,0,0,0,0,gratuito
4,10000.0,2,0.5,2,3,1,0,0,0,1,0,1,1,0,0,0,medio_baixo
7,10000.0,92,0.9456521739130435,1,6,1,0,0,0,1,1,1,0,1,1,0,alto
8,10000.0,18,0.5,1,3,1,0,0,10,1,1,0,0,0,1,0,medio_baixo
12,10000.0,67,0.6716417910447762,1,3,1,0,0,0,1,0,0,0,0,1,1,medio_baixo
10,10000.0,6,0.6666666666666666,1,3,1,0,0,0,1,1,0,1,0,0,0,baixo
2,35000.0,3,1.0,1,5,1,0,0,0,1,1,1,1,0,1,0,medio_alto
1,10000.0,13,0.7692307692307693,1,3,1,0,0,0,1,0,0,0,0,0,1,alto
1,10000.0,0,0.0,1,2,1,0,0,0,1,0,1,0,0,0,0,medio_baixo
1,0.0,0,0.0,0,0,1,0,0,0,0,0,0,0,0,0,0,gratuito
2,10000.0,83,0.7108433734939759,11,2,1,0,0,2,0,1,0,1,0,0,0,baixo
8,35000.0,59,0.711864406779661,1,3,1,1,1,0,1,1,0,1,0,0,0,baixo
1,0.0,0,0.0,30,3,1,0,0,0,1,0,0,1,0,0,1,alto
6,10000.0,0,0.0,2,2,1,0,0,0,0,0,0,0,0,1,1,alto
8,10000.0,520,0.9442307692307692,5,3,1,1,1,4,1,0,1,1,0,0,0,medio_baixo
4,10000.0,4,0.25,1,1,1,0,0,0,0,0,0,0,0,1,0,medio_alto
2,10000.0,0,0.0,11,3,1,1,1,0,1,0,0,1,0,1,0,baixo
11,75000.0,79,0.6075949367088608,2,2,1,0,0,0,0,0,1,1,0,0,0,baixo
4,75000.0,1926,0.8743509865005192,9,5,1,0,0,0,1,1,1,1,0,0,1,medio_baixo
2,10000.0,93,0.6236559139784946,5,5,1,0,0,0,1,1,1,1,1,0,0,alto
1,0.0,0,0.0,0,0,1,0,0,0,0,0,0,0,0,0,0,gratuito
2,0.0,0,0.0,0,0,1,0,0,0,0,0,0,0,0,0,0,gratuito
4,35000.0,240,0.7583333333333333,4,4,1,0,0,1,1,0,1,1,1,0,0,medio_baixo
1,10000.0,0,0.0,12,2,1,1,0,1,1,0,1,0,0,0,0,alto
1,10000.0,0,0.0,1,2,1,1,0,0,0,0,0,0,0,1,1,medio_baixo
1,0.0,0,0.0,1,3,1,0,1,0,1,1,0,0,0,1,0,medio_alto
1,0.0,0,0.0,2,3,1,0,0,0,0,0,0,0,0,0,0,gratuito
1,10000.0,40,0.65,5,2,1,0,0,0,0,0,0,0,1,0,1,alto
2,0.0,0,0.0,0,0,1,0,0,0,0,0,0,0,0,0,0,gratuito
1,0.0,0,0.0,1,5,1,0,0,0,1,1,1,0,1,0,0,gratuito
11,10000.0,92,0.532608695652174,3,3,1,0,0,0,1,1,0,0,1,0,0,alto
9,10000.0,8,0.0,2,1,1,0,0,0,0,1,0,0,0,0,0,medio_alto
7,10000.0,0,0.0,2,5,1,0,0,0,1,1,1,0,0,0,1,medio_alto
6,10000.0,94,0.6914893617021277,5,2,1,0,0,0,1,0,0,0,0,1,0,alto
9,35000.0,154,0.4675324675324675,1,2,1,0,0,0,0,1,0,0,0,1,0,baixo
7,750000.0,20780,0.7730991337824832,2,9,1,0,0,0,1,1,1,1,1,1,0,alto
7,35000.0,14,0.8571428571428571,1,6,1,0,1,0,1,0,1,1,1,1,0,baixo
1,0.0,0,0.0,6,2,1,0,0,1,0,1,1,0,0,0,0,alto
4,10000.0,25,0.8,1,2,1,0,0,0,0,0,0,1,1,0,0,baixo
1,0.0,0,0.0,0,0,1,0,0,0,0,0,0,0,0,0,0,gratuito
3,10000.0,25,0.72,1,1,1,0,0,0,0,1,0,0,0,0,0,medio_baixo
8,10000.0,60,0.7,2,3,1,0,0,0,1,0,1,0,0,0,1,medio_baixo
1,0.0,0,0.0,0,0,1,0,0,0,0,0,0,0,0,0,0,gratuito
5,0.0,0,0.0,0,0,1,0,0,0,0,0,0,0,0,0,0,gratuito
8,10000.0,3,0.3333333333333333,1,2,1,0,0,0,1,1,0,0,0,0,0,baixo
4,10000.0,6,0.8333333333333334,2,2,1,0,0,0,1,0,1,0,0,0,0,medio_alto
4,10000.0,4,0.5,1,4,1,0,0,0,0,0,0,0,0,1,1,alto
11,750000.0,1356,0.7898230088495575,1,4,1,1,1,0,1,1,0,0,1,0,0,gratuito
10,10000.0,24,0.9166666666666666,1,3,1,0,0,1,0,1,0,1,0,0,0,alto
5,35000.0,113,0.7079646017699115,1,4,1,0,0,0,1,0,0,0,1,0,0,gratuito
2,0.0,0,0.0,0,0,1,0,0,0,0,0,0,0,0,0,0,gratuito
5,75000.0,151,0.7615894039735099,9,3,1,0,0,1,1,1,0,0,1,0,0,medio_baixo
5,10000.0,10,0.9,1,2,1,0,0,0,0,0,1,1,0,0,0,medio_alto
3,35000.0,15,0.7333333333333333,2,2,1,0,0,0,1,0,1,0,0,0,0,baixo
2,10000.0,194,0.7628865979381443,3,1,1,1,0,0,0,0,1,0,0,0,0,alto
2,35000.0,720,0.9458333333333333,3,2,1,0,0,1,1,0,1,0,0,0,0,alto
2,75000.0,87,0.9425287356321839,11,4,1,1,0,0,1,1,0,1,0,0,0,medio_alto
11,150000.0,1552,0.9432989690721649,1,2,1,1,1,1,1,0,1,0,0,0,0,medio_alto
3,10000.0,251,0.8286852589641435,9,5,1,0,0,1,1,0,1,1,1,0,1,alto
1,0.0,0,0.0,1,3,1,1,0,0,0,1,0,1,0,0,0,gratuito
9,10000.0,16,0.6875,3,6,1,0,0,0,1,1,1,0,0,0,1,medio_alto
1,0.0,0,0.0,0,0,1,0,0,0,0,0,0,0,0,0,0,gratuito
1,10000.0,0,0.0,2,5,1,0,0,0,1,1,1,0,0,1,0,medio_alto
4,10000.0,0,0.0,1,4,1,1,1,0,1,0,0,1,1,0,0,gratuito
3,0.0,0,0.0,0,0,1,0,0,0,0,0,0,0,0,0,0,gratuito
6,10000.0,4,0.5,1,2,1,0,0,0,1,0,1,0,0,0,0,medio_alto
1,0.0,0,0.0,0,0,1,0,0,0,0,0,0,0,0,0,0,gratuito
8,10000.0,0,0.0,2,4,1,0,0,0,0,1,0,1,0,0,1,medio_baixo
9,10000.0,12,0.9166666666666666,1,4,1,0,0,0,1,1,0,1,0,0,0,medio_baixo
2,0.0,0,0.0,1,2,1,0,0,0,1,0,0,0,0,0,0,gratuito
10,10000.0,43,0.7674418604651163,1,1,1,1,1,0,0,0,1,0,0,0,0,medio_baixo
4,10000.0,18,0.7222222222222222,10,2,1,0,0,0,1,0,1,0,0,0,0,medio_alto
6,35000.0,8,0.5,1,4,1,0,0,0,1,1,1,1,0,0,0,baixo
6,10000.0,49,0.8775510204081632,1,2,1,0,0,0,1,1,0,0,0,0,0,medio_baixo
8,35000.0,125,0.456,1,4,1,0,0,0,1,0,1,1,0,0,1,baixo
1,0.0,0,0.0,0,0,1,0,0,0,0,0,0,0,0,0,0,gratuito
4,10000.0,48,0.875,3,2,1,0,0,0,1,0,0,0,0,0,1,medio_alto
8,35000.0,84,0.6309523809523809,1,3,1,0,0,0,1,1,1,0,0,0,0,medio_alto
6,10000.0,0,0.0,1,2,1,0,0,0,1,0,0,1,0,0,0,baixo
2,10000.0,0,0.0,1,3,1,0,0,0,0,0,0,0,0,1,0,medio_baixo
9,10000.0,33,0.696969696969697,1,4,1,1,0,0,1,1,0,1,0,0,0,gratuito
16,1500000.0,0,0.0,1,1,1,0,0,0,0,1,0,0,0,0,0,medio_baixo
1,0.0,0,0.0,1,4,1,0,0,0,1,0,1,1,0,1,0,baixo
7,750000.0,7724,0.9100207146556188,1,2,1,0,1,3,1,1,0,0,0,0,0,alto
1,10000.0,0,0.0,4,3,1,0,0,0,1,1,0,0,0,0,0,medio_alto
7,10000.0,34,0.8235294117647058,2,5,1,0,0,0,1,1,1,1,0,1,0,medio_alto
7,10000.0,8,0.875,1,1,1,0,0,0,0,1,0,0,0,0,0,gratuito
5,10000.0,21,0.8571428571428571,1,2,1,0,0,0,1,0,0,0,0,0,1,alto
4,10000.0,13,0.7692307692307693,2,4,1,0,0,0,1,0,1,0,1,0,1,medio_alto
1,10000.0,115,0.782608695652174,13,3,1,0,0,1,1,0,1,0,0,0,1,medio_baixo
2,0.0,0,0.0,1,2,1,0,0,0,0,0,0,1,0,0,1,gratuito
2,75000.0,601,0.9800332778702163,1,3,1,0,0,2,1,0,0,0,1,1,0,medio_baixo
1,10000.0,0,0.0,10,11,1,0,0,1,0,0,0,0,0,0,0,alto
1,10000.0,26,1.0,1,2,1,0,0,0,1,0,0,1,0,0,0,medio_baixo
6,10000.0,0,0.0,1,5,1,0,0,0,1,0,1,1,0,1,1,medio_alto
1,10000.0,0,0.0,1,2,1,0,0,0,1,0,1,0,0,0,0,medio_baixo
2,10000.0,0,0.0,4,3,1,0,0,0,1,0,1,0,0,0,1,alto
2,35000.0,17,0.8823529411764706,5,1,1,0,0,0,1,0,0,0,0,0,0,medio_alto
4,1500000.0,19421,0.7779208073734617,14,1,1,0,0,20,0,0,0,0,0,0,1,alto
2,10000.0,5,1.0,2,3,1,0,0,0,1,1,0,0,1,0,0,alto
4,10000.0,4,0.25,1,1,1,0,0,0,1,0,0,0,0,0,0,baixo
1,10000.0,342,0.9005847953216374,15,3,1,0,0,0,0,1,1,0,1,0,0,alto
4,35000.0,57,0.7543859649122807,1,4,1,0,0,0,1,1,0,0,1,0,0,alto
9,10000.0,15,0.4,1,3,1,0,0,0,1,1,0,0,0,0,0,medio_alto
2,0.0,0,0.0,2,3,1,0,0,0,1,0,0,1,0,0,0,gratuito
6,35000.0,50,0.84,4,3,1,0,0,0,1,1,0,1,0,0,0,medio_alto
1,10000.0,11,0.7272727272727273,3,7,1,0,0,2,1,1,1,1,1,1,1,baixo
9,75000.0,695,0.8115107913669065,1,4,1,0,0,0,1,0,1,1,0,0,1,baixo
1,0.0,0,0.0,5,3,1,0,0,0,1,0,0,1,1,0,0,medio_baixo
4,10000.0,7,0.7142857142857143,29,3,1,1,0,0,1,1,1,0,0,0,0,medio_baixo
1,0.0,0,0.0,0,0,1,0,0,0,0,0,0,0,0,0,0,gratuito
4,10000.0,47,0.7659574468085106,7,5,1,0,0,0,1,1,0,1,1,0,0,medio_baixo
8,10000.0,4,0.5,2,2,1,0,0,0,0,1,1,0,0,0,0,medio_alto
3,10000.0,24,0.9583333333333334,1,4,1,0,0,0,1,0,1,1,1,0,0,medio_baixo
9,10000.0,2,1.0,1,3,1,1,1,0,1,1,1,0,0,0,0,baixo
5,10000.0,1,1.0,9,8,1,1,0,0,1,1,1,1,1,1,1,medio_alto
2,0.0,0,0.0,0,1,1,0,0,0,0,0,0,0,0,0,0,gratuito
17,350000.0,2828,0.9504950495049505,1,2,1,0,0,0,0,1,0,1,0,0,0,baixo
5,10000.0,5,0.8,1,1,1,0,0,0,0,1,0,0,0,0,0,alto
1,10000.0,4,0.5,5,2,1,0,0,0,1,1,0,0,0,0,0,baixo
8,10000.0,28,0.75,1,4,1,1,0,1,1,1,1,1,0,0,0,alto
2,0.0,0,0.0,12,4,1,0,0,0,1,0,0,1,0,0,1,gratuito
4,10000.0,0,0.0,1,3,1,0,0,0,1,0,1,1,0,0,0,medio_baixo
1,10000.0,0,0.0,1,1,1,0,0,0,0,0,0,1,0,0,0,medio_alto
7,10000.0,3,0.6666666666666666,1,3,1,1,0,0,1,1,1,0,0,0,0,medio_alto
2,10000.0,8,0.75,5,2,1,0,0,0,1,0,1,0,0,0,0,baixo
1,10000.0,0,0.0,1,1,1,0,0,0,0,0,1,0,0,0,0,baixo
9,10000.0,27,0.8888888888888888,1,3,1,1,1,0,1,0,1,1,0,0,0,medio_baixo
5,10000.0,6,1.0,8,1,1,0,0,0,0,1,0,0,0,0,0,baixo
12,35000.0,75,0.6266666666666667,5,4,1,0,0,0,1,0,0,1,0,1,1,medio_baixo
2,10000.0,0,0.0,1,3,1,0,0,0,1,0,0,0,1,1,0,medio_alto
13,75000.0,344,0.5145348837209303,7,4,1,0,0,3,1,0,0,0,0,1,1,medio_baixo
5,10000.0,0,0.0,1,3,1,0,0,0,1,1,1,0,0,0,0,alto
2,0.0,0,0.0,1,2,1,1,1,0,0,1,0,0,0,0,0,gratuito
6,35000.0,1487,0.9233355749831876,6,3,1,0,0,2,1,1,1,0,0,0,0,alto
8,75000.0,546,0.9157509157509157,1,4,1,0,0,0,1,0,1,1,0,0,0,gratuito
1,10000.0,0,0.0,7,3,1,0,0,0,1,1,1,0,0,0,0,medio_baixo
1,10000.0,534,0.8726591760299626,10,3,1,0,0,0,1,1,1,0,0,0,0,alto
7,10000.0,15,0.6666666666666666,1,2,1,0,0,0,0,0,0,0,0,0,1,alto
2,10000.0,1,1.0,2,2,1,0,0,0,0,0,0,1,0,1,0,medio_baixo
2,10000.0,0,0.0,1,4,1,0,1,0,1,1,1,0,0,0,0,medio_alto
3,10000.0,23,0.9565217391304348,3,5,1,0,0,0,1,1,0,1,0,0,1,baixo
2,10000.0,4,0.75,1,2,1,1,0,0,1,0,0,1,0,0,0,medio_alto
10,10000.0,13,0.6153846153846154,1,2,1,1,1,0,1,0,0,0,0,1,0,medio_alto
2,10000.0,51,0.8823529411764706,1,4,1,0,0,1,1,0,1,1,0,0,0,gratuito
7,10000.0,7,0.8571428571428571,16,2,1,1,0,0,1,0,0,1,0,0,0,baixo
2,150000.0,13595,0.4667157043030526,18,1,1,0,0,1,0,0,0,0,0,0,1,alto
4,350000.0,2729,0.7105166727739098,12,2,1,0,0,1,0,1,1,0,0,0,0,medio_alto
1,10000.0,0,0.0,5,1,1,0,0,0,0,0,0,1,0,0,0,baixo
5,10000.0,56,0.8035714285714286,1,3,1,0,0,0,1,1,1,0,0,0,0,medio_alto
6,10000.0,62,0.6774193548387096,1,3,1,0,0,0,1,0,0,1,0,0,1,alto
1,0.0,0,0.0,103,2,1,0,0,0,1,0,0,1,0,0,0,baixo
1,0.0,0,0.0,1,2,1,0,0,0,1,0,1,0,0,0,0,medio_baixo
13,35000000.0,235091,0.892513962678282,9,6,1,1,0,6,1,1,1,0,1,0,0,gratuito
11,35000.0,54,0.42592592592592593,3,1,1,0,0,0,0,0,1,0,0,0,0,baixo
3,10000.0,8,0.875,4,5,1,0,1,0,1,1,1,1,0,0,0,medio_baixo
2,0.0,0,0.0,0,0,1,0,0,0,0,0,0,0,0,0,0,gratuito
2,0.0,0,0.0,0,0,1,0,0,0,0,0,0,0,0,0,0,gratuito
4,0.0,0,0.0,0,0,1,0,0,0,0,0,0,0,0,0,0,gratuito
6,10000.0,38,0.9210526315789473,11,3,1,1,0,0,1,1,0,1,0,0,0,alto
3,75000.0,2,0.5,14,4,1,0,0,3,1,1,0,1,0,0,0,baixo
3,10000.0,10,0.3,1,5,1,0,0,0,1,1,1,1,0,0,1,baixo
8,10000.0,12,0.8333333333333334,1,2,1,0,1,7,1,0,1,0,0,0,0,medio_alto
7,750000.0,4264,0.87312382739212,15,3,1,1,0,1,1,0,0,0,0,1,1,alto
8,10000.0,17,0.0,2,1,1,0,0,0,0,0,0,1,0,0,0,baixo
6,75000.0,337,0.7566765578635015,18,4,1,0,0,0,0,0,0,0,0,1,1,gratuito
17,35000.0,105,0.3619047619047619,1,1,1,0,0,0,0,0,0,1,0,0,0,medio_baixo
3,10000.0,2,0.5,103,9,1,1,1,0,1,1,1,1,1,1,1,alto
3,10000.0,1,1.0,1,3,1,0,0,0,1,1,0,0,0,0,0,alto
3,10000.0,13,0.9230769230769231,1,3,1,0,1,0,1,0,0,1,0,1,0,medio_baixo
5,10000.0,3,0.3333333333333333,2,1,1,0,0,0,0,0,1,0,0,0,0,medio_baixo
2,10000.0,18,1.0,3,2,1,1,1,0,0,1,1,0,0,0,0,medio_alto
5,10000.0,31,0.6129032258064516,2,1,1,0,0,0,0,0,1,0,0,0,0,alto
3,10000.0,68,0.9852941176470589,1,3,1,1,0,0,1,0,0,1,0,0,0,alto
1,10000.0,0,0.0,1,3,1,0,0,3,1,0,0,1,1,0,0,alto
12,350000.0,747,0.7777777777777778,1,3,1,1,0,0,0,0,1,1,1,0,0,medio_alto
11,10000.0,8,0.625,1,3,1,0,0,0,0,0,0,0,0,0,0,medio_baixo
3,0.0,0,0.0,0,0,1,0,0,0,0,0,0,0,0,0,0,gratuito
5,10000.0,5,1.0,1,2,1,0,0,0,0,0,1,1,0,0,0,medio_alto
11,10000.0,8,0.625,1,2,1,1,1,0,1,1,0,0,0,0,0,medio_alto
9,10000.0,4,0.5,2,2,1,0,0,0,1,0,0,1,0,0,0,baixo
1,0.0,0,0.0,1,3,1,0,0,0,1,0,0,1,0,0,0,gratuito
7,35000.0,43,0.7441860465116279,1,3,1,0,0,0,0,1,0,0,0,0,1,gratuito
10,75000.0,309,0.7831715210355987,1,2,1,0,0,0,1,1,0,0,0,0,0,medio_alto
5,350000.0,1488,0.6586021505376344,1,4,1,0,0,0,1,0,0,1,0,1,1,baixo
1,10000.0,0,0.0,1,3,1,0,0,0,1,1,1,0,0,0,0,medio_baixo
8,10000.0,1,0.0,2,3,1,1,0,5,1,0,0,1,0,0,0,medio_baixo
2,0.0,0,0.0,2,2,1,0,0,0,0,0,0,1,0,0,0,gratuito
8,75000.0,272,0.6875,4,2,1,0,0,0,0,0,0,0,0,1,1,gratuito
2,0.0,0,0.0,12,4,1,0,0,0,1,1,0,1,0,0,0,gratuito
2,10000.0,1,1.0,9,2,1,0,0,0,1,1,0,0,0,0,0,medio_baixo
5,35000.0,70,0.8571428571428571,1,2,1,0,0,4,1,0,0,1,0,0,0,gratuito
2,10000.0,0,0.0,4,4,1,0,0,0,1,0,1,1,0,0,1,baixo
1,0.0,0,0.0,1,2,1,0,0,0,0,0,0,0,0,0,1,gratuito
2,10000.0,0,0.0,8,2,1,0,0,0,1,0,0,1,0,0,0,baixo
1,10000.0,0,0.0,1,1,1,0,0,0,0,0,0,0,1,0,0,alto
7,35000.0,41,0.5365853658536586,1,5,1,0,0,0,0,1,1,0,1,0,0,gratuito
1,10000.0,534,0.8932584269662921,8,3,1,0,0,0,1,1,1,0,0,0,0,alto
1,0.0,0,0.0,103,3,1,0,0,0,1,1,1,0,0,0,0,alto
1,10000.0,0,0.0,1,3,1,0,0,0,0,1,0,1,0,0,0,alto
4,10000.0,68,0.7352941176470589,5,4,1,0,0,2,1,1,1,0,1,0,0,medio_alto
6,10000.0,37,0.6216216216216216,2,4,1,0,1,0,1,1,1,0,0,0,0,baixo
7,10000.0,50,0.7,1,3,1,0,0,0,1,1,0,1,0,0,0,baixo
6,10000.0,1,1.0,2,2,1,0,0,0,0,1,0,1,0,0,0,baixo
1,10000.0,0,0.0,12,3,1,1,1,0,1,0,0,1,0,1,0,alto
7,35000.0,398,0.7864321608040201,1,2,1,1,0,3,1,0,0,0,0,0,0,gratuito
5,10000.0,3,1.0,1,3,1,0,0,0,1,0,0,1,0,0,0,medio_alto
2,75000.0,1242,0.9573268921095008,5,3,1,0,0,0,1,1,0,0,0,0,0,alto
2,10000.0,0,0.0,1,3,1,0,1,0,1,0,0,1,0,0,0,medio_baixo
4,0.0,0,0.0,0,0,1,0,0,0,0,0,0,0,0,0,0,gratuito
3,0.0,0,0.0,9,5,1,0,0,0,1,0,1,1,0,0,1,gratuito
5,10000.0,1,1.0,1,5,1,0,0,0,1,1,1,0,1,0,0,medio_baixo
4,0.0,0,0.0,0,0,1,0,0,0,0,0,0,0,0,0,0,gratuito
3,10000.0,4,0.75,4,1,1,0,0,0,0,0,0,1,0,0,0,alto
3,75000.0,1038,0.8217726396917149,3,1,1,0,0,2,0,0,0,0,1,0,0,medio_alto
4,10000.0,17,0.7647058823529411,2,4,1,0,0,0,1,1,0,0,0,0,0,medio_baixo
2,10000.0,17,0.4117647058823529,6,2,1,0,0,0,1,0,1,0,0,0,0,baixo
2,0.0,0,0.0,3,4,1,0,0,1,1,1,0,0,0,0,1,gratuito
6,1500000.0,20383,0.7558259333758525,4,5,1,0,0,1,1,1,1,0,1,0,0,alto
1,0.0,0,0.0,0,0,1,0,0,0,0,0,0,0,0,0,0,gratuito
1,10000.0,0,0.0,5,4,1,0,0,0,1,1,0,1,1,0,0,alto
5,10000.0,263,0.7072243346007605,4,5,1,0,0,0,1,1,0,1,1,0,1,medio_baixo
6,10000.0,33,0.8181818181818182,5,3,1,0,0,0,1,1,0,0,0,0,0,medio_alto
5,10000.0,12,0.9166666666666666,2,3,1,0,1,0,1,0,0,1,0,1,0,medio_baixo
8,10000.0,8,0.875,1,2,1,0,0,0,1,1,0,0,0,0,0,medio_alto
1,35000.0,160,0.86875,1,2,1,0,0,0,1,1,0,0,0,0,0,medio_alto
12,10000.0,164,0.7012195121951219,6,1,1,0,0,0,0,0,1,0,0,0,0,baixo
1,750000.0,4810,0.9081081081081082,14,4,1,1,0,3,1,0,0,1,1,1,0,medio_alto
6,10000.0,428,0.6939252336448598,3,1,1,0,0,0,1,0,0,0,0,0,0,baixo
4,10000.0,71,0.36619718309859156,30,8,1,0,0,0,1,1,1,1,1,0,1,medio_alto
3,0.0,0,0.0,0,0,1,0,0,0,0,0,0,0,0,0,0,gratuito
17,750000.0,14871,0.7897922130320758,1,1,1,0,0,0,1,0,0,0,0,0,0,baixo
1,10000.0,0,0.0,26,4,1,0,0,0,1,1,1,1,0,0,0,alto
5,10000.0,10,0.5,1,3,1,1,1,0,1,0,0,1,0,1,0,medio_baixo
1,10000.0,11,0.9090909090909091,9,3,1,1,0,0,1,0,1,1,0,0,0,medio_alto
7,10000.0,9,1.0,2,1,1,0,0,0,0,0,0,0,0,1,0,baixo
4,75000.0,1,1.0,2,1,1,0,0,0,0,0,0,1,0,0,0,baixo
1,0.0,0,0.0,1,4,1,0,0,0,0,1,1,1,0,0,1,alto
4,0.0,0,0.0,0,0,1,0,0,0,0,0,0,0,0,0,0,gratuito
12,350000.0,2130,0.8713615023474178,1,3,1,0,0,1,1,1,0,1,0,0,0,baixo
5,150000.0,8,0.625,2,1,1,0,0,0,0,0,0,1,0,0,0,baixo
9,10000.0,3,0.3333333333333333,1,6,1,0,0,0,1,1,1,1,0,1,1,alto
2,0.0,0,0.0,0,0,1,0,0,0,0,0,0,0,0,0,0,gratuito
14,1500000.0,9364,0.8052114480991029,7,1,1,1,0,1,0,0,0,0,0,1,0,medio_baixo
4,10000.0,0,0.0,1,2,1,0,0,0,0,0,0,0,1,1,0,medio_baixo
14,350000.0,544,0.6341911764705882,12,2,1,0,0,0,1,0,1,0,0,0,0,baixo
10,10000.0,7,0.2857142857142857,1,4,1,0,0,0,0,1,0,1,1,0,1,baixo
3,10000.0,109,0.8623853211009175,1,2,1,0,0,0,1,0,1,0,0,0,0,medio_alto
2,10000.0,12,0.5,2,3,1,1,0,0,1,0,0,1,0,1,0,medio_baixo
8,35000.0,268,0.9253731343283582,1,3,1,1,1,0,1,1,0,0,0,0,0,gratuito
2,10000.0,3,0.0,1,5,1,0,0,0,1,1,1,1,1,0,0,alto
10,350000.0,3437,0.8583066627873145,12,2,1,1,0,0,1,0,1,0,0,0,0,baixo
5,10000.0,4,0.75,1,2,1,0,0,0,1,1,0,0,0,0,0,medio_alto
1,10000.0,0,0.0,2,3,1,0,0,0,1,1,1,0,0,0,0,baixo
7,35000.0,317,0.8801261829652997,1,2,1,0,0,0,1,0,0,0,0,0,0,gratuito
1,10000.0,0,0.0,5,4,1,0,0,0,1,1,1,1,0,0,0,medio_alto
3,0.0,0,0.0,3,3,1,0,0,0,1,1,0,0,0,0,0,gratuito
1,10000.0,0,0.0,9,2,1,0,0,0,0,1,1,0,0,0,0,baixo
1,0.0,0,0.0,1,4,1,0,0,0,0,1,1,0,0,0,1,gratuito
16,75000.0,1266,0.8072669826224329,5,1,1,0,0,0,0,0,0,0,0,0,0,baixo
4,350000.0,2804,0.9607703281027105,3,3,1,0,0,2,1,0,1,0,1,0,0,alto
1,0.0,0,0.0,1,2,1,0,0,0,1,0,0,1,0,0,0,baixo
9,10000.0,11,1.0,1,2,1,0,0,0,0,0,1,1,0,0,0,medio_alto
1,0.0,0,0.0,0,0,1,0,0,0,0,0,0,0,0,0,0,gratuito
7,10000.0,1,0.0,2,3,1,0,0,0,1,0,1,0,1,0,0,medio_baixo
1,10000.0,13,1.0,9,2,1,0,0,0,1,0,1,0,0,0,0,medio_alto
5,10000.0,7,0.5714285714285714,4,1,1,0,0,0,0,0,0,1,0,0,0,medio_alto
2,10000.0,22,0.8636363636363636,1,1,1,0,0,0,0,1,0,0,0,0,0,medio_alto
5,0.0,0,0.0,6,3,1,1,0,0,0,1,0,1,0,0,0,gratuito
2,10000.0,0,0.0,2,3,1,1,0,1,1,0,1,0,0,0,0,gratuito
8,10000.0,11,0.6363636363636364,1,2,1,0,0,0,1,0,0,0,0,0,0,baixo
3,75000.0,1,1.0,1,4,1,0,1,1,1,0,1,1,1,0,0,baixo
7,10000.0,8,0.625,3,3,1,0,0,0,1,0,1,1,0,0,0,medio_baixo
3,0.0,0,0.0,0,0,1,0,0,0,0,0,0,0,0,0,0,gratuito
5,0.0,0,0.0,1,3,1,0,0,2,1,0,0,1,0,0,0,gratuito
2,0.0,0,0.0,0,0,1,0,0,0,0,0,0,0,0,0,0,gratuito
8,10000.0,557,0.8509874326750448,1,4,1,0,0,0,0,0,1,0,1,1,0,medio_alto
1,10000.0,1,0.0,27,4,1,1,1,0,1,0,0,1,1,1,0,alto
1,0.0,0,0.0,2,3,1,0,0,0,1,0,0,0,1,1,0,medio_baixo
1,10000.0,19,0.6842105263157895,16,4,1,1,1,0,1,1,0,1,0,1,0,medio_alto
1,10000.0,17,0.6470588235294118,30,3,1,0,0,0,0,0,0,1,0,1,0,baixo
3,10000.0,0,0.0,1,3,1,0,0,0,1,0,0,0,0,0,1,baixo
3,10000.0,57,0.7017543859649122,2,2,1,0,0,0,1,0,1,0,0,0,0,medio_baixo
3,75000.0,12,0.3333333333333333,26,5,1,0,0,0,1,1,1,0,1,0,1,baixo
1,0.0,0,0.0,0,0,1,0,0,0,0,0,0,0,0,0,0,gratuito
7,10000.0,100,0.89,3,1,1,1,0,0,0,1,0,0,0,0,0,medio_baixo
4,10000.0,1,1.0,2,4,1,0,0,0,1,0,1,0,0,0,0,medio_baixo
1,35000.0,5,1.0,1,1,1,0,0,0,0,1,0,0,0,0,0,baixo
5,0.0,0,0.0,1,2,1,0,0,0,0,0,0,0,0,0,1,gratuito
8,350000.0,2531,0.8814697747925722,1,2,1,0,0,1,1,1,0,0,0,0,0,medio_baixo
8,10000.0,2,0.0,2,2,1,1,0,0,0,0,1,1,0,0,0,medio_alto
3,35000.0,4,1.0,1,6,1,0,0,0,1,1,1,1,1,0,1,baixo
9,10000.0,115,0.808695652173913,1,2,1,0,0,0,0,0,0,0,0,0,1,gratuito
2,10000.0,10,1.0,2,2,1,0,0,0,1,0,0,1,0,0,0,medio_baixo
2,0.0,0,0.0,1,2,1,0,0,0,0,0,0,0,0,0,1,gratuito
3,0.0,0,0.0,2,3,1,0,0,0,1,0,0,0,0,0,1,gratuito
6,35000.0,102,0.7843137254901961,1,2,1,0,0,0,0,0,1,0,0,0,0,gratuito
1,0.0,0,0.0,0,0,1,0,0,0,0,0,0,0,0,0,0,gratuito
5,0.0,0,0.0,0,0,1,0,0,0,0,0,0,0,0,0,0,gratuito
6,10000.0,15,0.9333333333333333,1,2,1,0,0,0,1,1,0,0,0,0,0,medio_alto
3,10000.0,37,1.0,1,2,1,0,1,0,1,0,0,1,0,0,0,baixo
3,750000.0,26860,0.9794117647058823,1,5,1,0,0,0,1,1,1,1,0,0,0,medio_alto
5,10000.0,90,0.6555555555555556,4,2,1,0,0,0,0,1,0,1,0,0,0,medio_alto
1,0.0,0,0.0,0,0,1,0,0,0,0,0,0,0,0,0,0,gratuito
5,10000.0,3,0.0,1,5,1,0,0,2,1,1,1,0,1,0,0,alto
1,10000.0,0,0.0,5,4,1,0,0,0,1,1,1,0,0,0,0,alto
17,750000.0,5799,0.9534402483186757,5,1,1,0,0,0,0,0,1,0,0,0,0,medio_alto
4,10000.0,18,0.2777777777777778,1,6,1,0,0,0,1,1,1,0,1,0,1,medio_baixo
5,10000.0,11,0.2727272727272727,1,1,1,0,0,0,0,1,0,0,0,0,0,alto
19,750000.0,2701,0.8589411329137356,2,1,1,0,0,0,0,0,0,0,0,1,0,medio_baixo
1,75000.0,9,0.6666666666666666,1,1,1,0,0,0,0,0,1,0,0,0,0,medio_baixo
2,10000.0,29,0.9655172413793104,2,1,1,0,1,2,1,0,0,0,0,0,0,baixo
3,0.0,0,0.0,1,5,1,0,0,0,1,0,0,0,1,0,0,gratuito
6,10000.0,93,0.6129032258064516,1,5,1,0,0,0,1,1,0,0,0,0,1,gratuito
6,10000.0,32,0.4375,1,1,1,0,1,0,1,0,0,0,0,0,0,baixo
2,10000.0,1,0.0,1,3,1,0,0,0,0,0,1,1,0,1,0,medio_baixo
3,10000.0,1,1.0,2,2,1,0,0,0,1,0,0,0,1,0,0,baixo
5,10000.0,283,0.8657243816254417,1,3,1,0,0,0,1,1,1,0,0,0,0,baixo
6,10000.0,0,0.0,1,2,1,0,0,2,0,0,0,0,0,0,0,baixo
5,35000.0,562,0.9822064056939501,4,1,1,1,0,2,0,0,0,0,1,0,0,medio_baixo
8,10000.0,6,0.5,2,4,1,0,0,0,1,0,1,1,0,0,1,alto
2,0.0,0,0.0,0,0,1,0,0,0,0,0,0,0,0,0,0,gratuito
6,150000.0,39,0.8461538461538461,1,1,1,0,0,1,0,1,0,0,0,0,0,gratuito
2,350000.0,2876,0.7583449235048678,4,5,1,0,0,0,1,1,1,0,1,0,1,alto
2,10000.0,8,1.0,1,4,1,0,0,1,1,0,1,1,1,0,0,medio_alto
3,10000.0,46,0.9565217391304348,16,3,1,0,0,3,1,1,0,1,0,0,0,medio_baixo
4,0.0,0,0.0,13,3,1,0,0,0,0,0,0,1,0,1,0,gratuito
3,10000.0,20,0.6,26,7,1,0,0,0,1,1,1,0,1,0,1,baixo
1,10000.0,0,0.0,1,3,1,0,1,0,1,0,1,1,0,0,0,baixo
6,35000.0,64,0.59375,1,5,1,0,0,0,1,0,1,1,1,1,0,medio_baixo
2,75000.0,310,0.4967741935483871,1,6,1,0,0,0,1,1,1,1,1,0,0,gratuito
8,35000.0,139,0.6474820143884892,1,9,1,0,0,0,1,1,1,1,1,1,0,gratuito
1,10000.0,0,0.0,1,2,1,0,0,0,1,0,0,0,0,1,0,medio_baixo
1,10000.0,0,0.0,1,2,1,0,0,0,1,1,0,0,0,0,0,baixo
1,10000.0,0,0.0,7,2,1,0,0,1,0,0,1,1,0,0,0,medio_alto
4,0.0,0,0.0,0,0,1,0,0,0,0,0,0,0,0,0,0,gratuito
4,10000.0,0,0.0,103,2,1,0,0,16,1,0,0,1,0,0,0,baixo
5,10000.0,0,0.0,1,1,1,0,0,0,1,0,0,0,0,0,0,baixo
5,10000.0,5,0.2,1,3,1,0,0,0,1,0,0,1,0,1,0,medio_alto
2,0.0,0,0.0,0,0,1,0,0,0,0,0,0,0,0,0,0,gratuito
1,10000.0,0,0.0,12,3,1,0,0,0,1,1,0,1,0,0,0,medio_baixo
8,150000.0,143,0.6783216783216783,3,6,1,1,1,0,1,0,0,1,1,1,0,gratuito
4,10000.0,5,0.8,2,2,1,1,0,0,0,0,0,1,0,0,1,medio_alto
1,0.0,0,0.0,1,5,1,0,0,1,1,0,1,1,0,1,1,alto
7,10000.0,28,0.8571428571428571,1,4,1,0,0,0,1,0,0,0,1,1,0,alto
2,10000.0,5,1.0,1,3,1,0,0,0,1,1,0,0,1,0,0,medio_baixo
5,10000.0,2,1.0,11,2,1,0,0,0,1,0,0,1,0,0,0,medio_baixo
7,10000.0,33,0.7272727272727273,1,4,1,0,0,0,1,1,1,0,1,0,0,alto
1,0.0,0,0.0,1,2,1,0,0,1,0,0,0,1,0,0,1,alto
1,10000.0,0,0.0,8,3,1,0,0,0,1,0,0,0,0,1,1,alto
3,0.0,0,0.0,3,2,1,0,0,0,0,0,0,1,0,0,1,medio_baixo
2,150000.0,2585,0.7497098646034817,12,5,1,0,0,2,1,1,0,0,0,0,1,alto
2,10000.0,19,0.8421052631578947,6,4,1,0,1,0,1,0,0,1,0,1,1,baixo
7,3500000.0,41691,0.865198723945216,23,5,1,1,0,0,1,1,1,1,0,1,0,medio_baixo
6,35000.0,726,0.8884297520661157,1,4,1,0,0,0,1,0,1,1,0,0,0,gratuito
4,0.0,0,0.0,14,4,1,0,0,1,1,0,0,1,0,1,0,gratuito
5,35000.0,100,0.73,1,1,1,1,0,0,0,0,0,1,0,0,0,medio_alto
4,10000.0,204,0.8676470588235294,1,3,1,0,0,0,1,1,0,0,0,0,0,alto
9,350000.0,2836,0.7736248236953456,1,1,1,0,0,0,0,0,0,0,1,0,0,alto
6,75000.0,3,1.0,1,2,1,0,0,0,1,1,0,0,0,0,0,gratuito
1,0.0,0,0.0,2,3,1,0,0,0,1,0,0,1,0,0,1,baixo
10,10000.0,100,0.52,2,4,1,0,0,0,1,0,1,0,1,1,0,medio_baixo
2,10000.0,13,1.0,1,3,1,1,1,0,1,1,0,1,0,0,0,medio_alto
9,150000.0,2413,0.9564857024450891,8,4,1,1,1,0,1,1,1,0,1,0,0,medio_baixo
4,10000.0,0,0.0,3,1,1,0,0,0,1,0,0,0,0,0,0,medio_baixo
4,10000.0,19,0.8421052631578947,1,2,1,1,1,0,1,1,0,0,0,0,0,medio_alto
2,10000.0,1,1.0,3,5,1,0,0,0,1,0,0,1,0,1,1,medio_baixo
2,10000.0,36,0.8333333333333334,7,3,1,0,0,0,1,0,1,0,0,0,0,medio_baixo
11,10000.0,72,0.7361111111111112,1,2,1,0,0,0,1,1,0,0,0,0,0,baixo
7,10000.0,20,0.6,2,2,1,0,0,0,1,1,0,0,0,0,0,gratuito
5,10000.0,10,1.0,1,2,1,0,0,0,1,0,1,0,0,0,0,alto
4,10000.0,16,1.0,1,4,1,0,0,0,1,1,0,1,1,0,0,medio_baixo
2,10000.0,6,0.8333333333333334,1,2,1,0,0,0,1,0,0,0,1,0,0,alto
3,10000.0,0,0.0,1,1,1,0,0,0,0,0,0,1,0,0,0,baixo
1,10000.0,2,0.0,1,4,1,0,0,0,1,0,1,1,0,0,1,baixo
4,10000.0,35,0.37142857142857144,2,1,1,0,0,0,0,1,0,0,0,0,0,alto
4,10000.0,671,0.96274217585693,4,2,1,0,0,1,1,0,1,0,0,0,0,alto
3,10000.0,4,1.0,1,4,1,0,0,0,1,0,1,1,1,0,0,medio_baixo
1,0.0,0,0.0,0,0,1,0,0,0,0,0,0,0,0,0,0,gratuito
1,0.0,0,0.0,0,0,1,0,0,0,0,0,0,0,0,0,0,gratuito
2,10000.0,0,0.0,4,3,1,0,0,0,1,1,1,0,0,0,0,baixo
9,10000.0,20,0.95,1,3,1,0,1,0,1,1,0,0,0,0,0,gratuito
9,10000.0,29,0.7586206896551724,1,3,1,0,0,0,1,1,1,0,0,0,0,baixo
2,10000.0,170,0.9705882352941176,1,4,1,1,0,0,1,1,0,1,0,0,0,medio_baixo
6,10000.0,298,0.8993288590604027,1,1,1,0,0,1,1,0,0,0,0,0,0,baixo
7,150000.0,548,0.5857664233576643,1,7,1,0,0,0,0,1,1,1,1,0,1,gratuito
1,10000.0,0,0.0,8,4,1,0,0,0,1,1,0,1,0,0,0,medio_baixo
13,350000.0,1466,0.689631650750341,7,3,1,1,0,5,1,0,0,1,0,1,0,medio_baixo
7,10000.0,1,1.0,1,3,1,0,0,0,1,0,1,1,0,0,0,medio_alto
7,10000.0,16,0.9375,1,1,1,0,0,0,0,0,0,0,0,0,0,gratuito
4,10000.0,41,0.6341463414634146,4,5,1,0,0,0,1,0,0,0,0,1,1,baixo
3,10000.0,1,1.0,1,1,1,0,0,0,0,1,0,0,0,0,0,medio_alto
2,0.0,0,0.0,103,2,1,0,0,0,1,0,0,1,0,0,0,medio_baixo
4,35000.0,8,0.875,2,5,1,0,0,0,1,1,1,0,1,1,0,medio_baixo
2,10000.0,26,1.0,18,2,1,0,0,0,0,1,1,0,0,0,0,baixo
1,0.0,0,0.0,10,2,1,1,0,0,0,0,0,1,0,0,0,gratuito
4,10000.0,16,0.5625,1,1,1,1,1,0,0,0,0,0,1,0,0,alto
2,10000.0,7,1.0,3,3,1,0,0,0,0,0,0,0,1,0,1,gratuito
4,0.0,0,0.0,0,0,1,0,0,0,0,0,0,0,0,0,0,gratuito
1,0.0,0,0.0,0,0,1,0,0,0,0,0,0,0,0,0,0,gratuito
2,10000.0,178,0.9382022471910112,1,5,1,1,0,0,1,0,1,0,1,1,0,alto
2,10000.0,178,0.9775280898876404,4,3,1,0,0,0,1,1,0,1,0,0,0,alto
8,10000.0,60,0.7666666666666667,10,2,1,1,1,0,1,1,0,0,0,0,0,medio_alto
7,35000.0,240,0.8041666666666667,1,3,1,0,0,0,1,0,0,0,0,0,1,baixo
5,10000.0,32,0.6875,1,1,1,1,1,0,0,0,1,0,0,0,0,medio_alto
6,1500000.0,16128,0.8343253968253969,13,3,1,0,0,0,1,1,1,0,0,0,0,alto
3,10000.0,15,0.8666666666666667,1,4,1,0,0,0,1,0,1,1,1,0,0,medio_baixo
3,10000.0,14,1.0,2,1,1,0,0,0,0,0,1,0,0,0,0,alto
4,10000.0,4,1.0,1,3,1,0,0,0,1,0,1,1,0,0,0,medio_alto
1,0.0,0,0.0,1,3,1,1,0,0,1,0,0,1,1,0,0,alto
3,10000.0,2,0.5,1,3,1,0,0,0,1,1,0,0,0,0,0,medio_baixo
2,10000.0,49,0.9183673469387755,4,2,1,0,0,0,1,0,0,1,0,0,0,medio_baixo
2,10000.0,1,1.0,1,1,1,0,0,0,0,1,0,0,0,0,0,medio_baixo
8,10000.0,25,0.76,2,4,1,0,0,0,1,0,0,1,0,1,1,alto
1,0.0,0,0.0,0,0,1,0,0,0,0,0,0,0,0,0,0,gratuito
6,10000.0,0,0.0,1,2,1,0,0,2,1,0,0,1,0,0,0,baixo
2,150000.0,13,0.6923076923076923,1,1,1,0,0,0,0,0,0,0,1,0,0,medio_baixo
9,35000.0,151,0.7814569536423841,6,2,1,0,0,1,1,1,0,0,0,0,0,baixo
2,10000.0,0,0.0,1,2,1,0,1,0,1,0,1,0,0,0,0,baixo
2,35000.0,878,0.8234624145785877,11,4,1,0,0,2,1,1,0,0,0,1,1,alto
5,10000.0,242,0.5371900826446281,3,1,1,0,0,2,0,0,0,1,0,0,0,baixo
2,0.0,0,0.0,0,0,1,0,0,0,0,0,0,0,0,0,0,gratuito
7,10000.0,4,0.25,2,3,1,0,0,0,1,1,1,0,0,0,0,medio_baixo
6,75000.0,178,0.9157303370786517,2,4,1,0,0,15,0,0,0,0,0,0,0,gratuito
5,10000.0,11,0.6363636363636364,1,3,1,0,0,0,1,1,0,0,0,1,0,baixo
10,75000.0,219,0.6757990867579908,2,6,1,1,1,0,1,1,1,1,0,0,1,baixo
9,10000.0,208,0.8125,6,2,1,0,0,1,1,0,0,0,0,1,0,alto
1,10000.0,0,0.0,8,2,1,0,1,0,1,0,0,0,0,1,0,medio_alto
4,10000.0,22,0.9090909090909091,9,2,1,0,1,0,1,0,0,1,0,0,0,alto
4,10000.0,17,1.0,1,2,1,0,0,0,1,1,0,0,0,0,0,medio_baixo
3,10000.0,20,0.95,1,2,1,0,0,1,1,0,0,0,1,0,0,baixo
2,10000.0,2,0.5,3,6,1,0,0,0,1,0,0,1,1,1,1,baixo
2,10000.0,19,0.6842105263157895,103,5,1,0,0,0,0,1,1,1,0,0,1,baixo
3,10000.0,1,1.0,1,2,1,0,0,0,0,1,0,0,0,1,0,alto
6,10000.0,54,0.8703703703703703,1,3,1,1,0,0,1,0,0,1,0,0,0,baixo
8,10000.0,46,0.9782608695652174,4,2,1,1,0,0,0,0,0,1,0,1,0,alto
3,10000.0,70,0.5142857142857142,9,1,1,0,0,0,0,1,0,0,0,0,0,alto
1,0.0,0,0.0,1,3,1,0,0,0,0,1,0,1,0,0,0,gratuito
3,10000.0,14,0.9285714285714286,1,2,1,0,0,0,0,1,1,0,0,0,0,medio_alto
2,10000.0,5,0.8,1,3,1,0,0,0,1,0,0,1,0,0,0,baixo
4,10000.0,17,0.9411764705882353,1,3,1,0,0,0,1,0,0,0,1,1,0,medio_baixo
2,0.0,0,0.0,0,0,1,0,0,0,0,0,0,0,0,0,0,gratuito
9,350000.0,769,0.8569570871261378,103,5,1,0,0,0,1,0,1,1,0,1,1,baixo
1,10000.0,0,0.0,11,4,1,0,0,0,1,0,0,1,0,0,1,medio_baixo
1,10000.0,65,0.9076923076923077,3,2,1,0,0,0,0,0,0,1,1,0,0,alto
5,10000.0,13,1.0,1,2,1,1,1,1,1,1,0,0,0,0,0,medio_alto
1,10000.0,0,0.0,1,2,1,1,0,0,1,0,0,0,0,0,0,medio_baixo
1,0.0,0,0.0,2,1,1,0,0,0,0,0,0,1,0,0,0,medio_baixo
1,10000.0,9,0.3333333333333333,1,2,1,0,0,0,1,0,0,0,0,0,1,medio_baixo
5,10000.0,7,0.42857142857142855,12,4,1,0,0,0,1,1,1,1,0,0,0,medio_alto
2,0.0,0,0.0,1,4,1,0,1,3,1,1,0,1,0,0,0,gratuito
2,10000.0,18,1.0,1,2,1,0,0,0,0,0,1,0,0,0,1,baixo
1,10000.0,4,0.75,1,1,1,0,0,0,0,0,0,0,0,0,0,medio_alto
6,0.0,0,0.0,0,0,1,0,0,0,0,0,0,0,0,0,0,gratuito
4,10000.0,21,0.5714285714285714,1,2,1,0,0,0,1,0,0,1,0,0,0,medio_alto
2,10000.0,0,0.0,1,5,1,0,0,0,1,0,1,1,1,0,0,baixo
2,10000.0,0,0.0,1,3,1,0,0,0,1,1,0,0,0,0,0,gratuito
2,10000.0,284,0.8767605633802817,8,4,1,1,1,0,1,1,1,0,1,0,0,alto
5,35000.0,11,0.9090909090909091,2,2,1,0,0,0,1,0,0,0,1,0,0,medio_baixo
2,10000.0,18,0.9444444444444444,1,2,1,0,0,0,1,0,0,0,0,1,0,medio_alto
6,35000.0,9,0.7777777777777778,3,4,1,0,0,0,1,0,1,0,1,1,0,alto
5,35000.0,12,1.0,2,1,1,0,0,0,1,0,0,0,0,0,0,gratuito
2,10000.0,75,0.7466666666666667,5,2,1,0,0,0,0,1,1,0,0,0,0,baixo
4,0.0,0,0.0,0,0,1,0,0,0,0,0,0,0,0,0,0,gratuito
5,10000.0,103,0.44660194174757284,15,4,1,0,0,1,1,1,0,1,0,0,1,medio_baixo
3,10000.0,6,0.8333333333333334,1,4,1,0,0,0,1,0,0,1,0,1,0,gratuito
1,0.0,0,0.0,0,0,1,0,0,0,0,0,0,0,0,0,0,gratuito
9,10000.0,7,0.8571428571428571,1,1,1,1,0,0,1,0,0,0,0,0,0,medio_alto
3,10000.0,4,1.0,5,3,1,0,0,0,1,1,0,0,1,0,0,baixo
3,10000.0,3,1.0,2,4,1,0,0,0,1,1,0,0,0,0,1,medio_alto
12,750000.0,9563,0.9375718916657952,1,1,1,0,0,0,0,0,0,0,1,0,0,alto
12,75000.0,270,0.837037037037037,9,3,1,1,1,0,1,1,1,0,0,0,0,medio_alto
1,10000.0,0,0.0,4,4,1,1,0,2,1,0,1,0,1,1,0,alto
3,10000.0,0,0.0,1,4,1,0,0,0,1,1,1,0,1,0,0,baixo
1,10000.0,156,0.8846153846153846,1,1,1,0,0,2,0,1,0,0,0,0,0,medio_baixo
4,10000.0,0,0.0,1,2,1,0,0,0,1,0,0,1,0,0,0,baixo
2,10000.0,9,0.6666666666666666,3,3,1,0,0,0,1,1,1,0,0,0,0,baixo
4,35000.0,38,0.7368421052631579,1,3,1,1,0,2,1,1,1,0,0,0,0,medio_alto
6,75000.0,265,0.8943396226415095,8,2,1,1,0,0,1,0,1,0,0,0,0,medio_baixo
8,10000.0,17,0.4117647058823529,1,3,1,0,0,0,1,0,1,0,1,0,0,baixo
1,0.0,0,0.0,17,3,1,0,0,0,1,0,0,1,0,0,1,medio_alto
1,10000.0,0,0.0,1,1,1,0,0,0,0,1,0,0,0,0,0,medio_alto
5,10000.0,2,0.5,1,4,1,0,0,0,1,0,0,1,0,0,1,alto
2,0.0,0,0.0,1,3,1,0,0,0,1,1,0,0,0,0,0,gratuito
8,1500000.0,12392,0.7927695287282117,12,2,1,0,0,0,0,0,1,0,1,0,0,medio_baixo
2,10000.0,15,1.0,1,1,1,0,0,0,0,0,1,0,0,0,0,medio_baixo
7,10000.0,0,0.0,5,2,1,1,0,0,1,0,0,1,0,0,0,alto
10,35000.0,107,0.9345794392523364,5,3,1,1,0,0,1,0,1,1,0,0,0,alto
6,10000.0,18,0.9444444444444444,1,2,1,0,0,0,1,0,1,0,0,0,0,alto
3,150000.0,940,0.7085106382978723,6,3,1,0,0,4,0,0,1,0,1,1,0,alto
8,35000.0,372,0.7338709677419355,5,6,1,0,1,3,1,1,1,1,1,0,1,medio_alto
8,10000.0,90,0.7444444444444445,2,3,1,0,0,0,1,1,0,0,0,0,0,gratuito
5,35000.0,2,1.0,8,1,1,0,0,0,0,0,1,0,0,0,0,medio_alto
9,10000.0,5,0.4,2,3,1,0,0,0,1,0,0,0,0,1,0,medio_alto
3,10000.0,101,0.6633663366336634,7,3,1,0,0,0,1,1,1,0,0,0,0,medio_alto
3,10000.0,62,0.9354838709677419,1,1,1,0,0,1,0,0,0,1,0,0,0,medio_baixo
8,750000.0,46,0.41304347826086957,1,3,1,0,0,0,1,0,1,0,0,1,0,baixo
5,10000.0,0,0.0,1,1,1,0,0,0,0,0,1,0,0,0,0,medio_alto
1,10000.0,0,0.0,1,1,1,0,0,0,0,0,0,0,0,0,0,alto
3,10000.0,10,1.0,1,4,1,1,0,0,1,1,1,1,0,0,0,medio_baixo
7,10000.0,18,0.8333333333333334,8,6,1,0,0,0,1,0,0,1,1,1,1,medio_baixo
4,35000.0,160,0.7125,10,3,1,0,0,0,1,0,0,0,1,1,0,medio_alto
2,75000.0,6,0.5,9,5,1,0,0,0,0,0,1,1,1,1,1,medio_alto
1,10000.0,0,0.0,2,5,1,0,0,0,1,1,1,0,1,0,0,medio_alto
3,10000.0,0,0.0,8,10,1,0,0,0,1,1,1,1,1,1,1,baixo
2,10000.0,8,1.0,9,3,1,1,1,0,1,0,0,1,0,1,0,medio_alto
7,350000.0,3873,0.7474825716498839,14,4,1,1,0,4,0,0,0,0,0,1,1,gratuito
4,10000.0,18,0.8333333333333334,1,4,1,0,0,0,1,1,0,0,0,0,0,alto
12,10000.0,33,0.7575757575757576,1,2,1,0,0,0,1,0,0,1,0,0,0,baixo
5,10000.0,99,0.5454545454545454,1,5,1,0,0,0,1,1,1,0,0,0,1,alto
1,0.0,0,0.0,0,0,1,0,0,0,0,0,0,0,0,0,0,gratuito
4,0.0,0,0.0,0,0,1,0,0,0,0,0,0,0,0,0,0,gratuito
7,10000.0,3,0.3333333333333333,1,3,1,0,0,0,1,1,0,1,0,0,0,baixo
7,10000.0,24,0.375,12,3,1,0,0,1,1,0,0,1,0,0,1,alto
2,10000.0,373,0.8900804289544236,12,2,1,0,0,0,0,1,0,1,0,0,0,medio_baixo
5,10000.0,0,0.0,2,4,1,0,0,0,1,0,1,1,1,0,0,baixo
8,35000.0,299,0.7759197324414716,1,4,1,1,0,0,0,0,0,0,0,0,1,gratuito
3,10000.0,14,0.8571428571428571,4,3,1,0,0,0,1,1,0,0,0,0,0,medio_alto
3,0.0,0,0.0,1,4,1,0,0,0,1,0,0,0,1,1,0,gratuito
3,10000.0,15,1.0,1,3,1,0,0,0,1,1,0,0,0,0,0,medio_baixo
1,10000.0,24,0.625,10,5,1,0,0,0,1,1,1,0,1,0,0,medio_alto
1,10000.0,24,0.7916666666666666,2,3,1,0,0,0,1,1,1,0,0,0,0,medio_alto
5,10000.0,25,0.96,1,3,1,0,0,1,1,0,0,1,0,1,0,baixo
2,10000.0,100,0.95,1,1,1,0,0,0,0,0,0,0,0,0,0,gratuito
1,10000.0,0,0.0,5,2,1,1,0,1,1,0,0,1,0,0,0,alto
18,150000.0,680,0.7838235294117647,1,2,1,0,0,0,1,0,0,1,0,0,0,alto
1,10000.0,0,0.0,1,2,1,0,0,0,1,1,0,0,0,0,0,alto
6,10000.0,16,0.9375,3,2,1,1,1,0,1,0,0,1,0,0,0,medio_baixo
1,10000.0,0,0.0,15,3,1,0,0,1,1,1,1,0,0,0,0,alto
1,10000.0,0,0.0,1,3,1,0,0,0,0,0,1,0,1,0,0,medio_alto
2,10000.0,0,0.0,1,3,1,1,1,0,1,0,1,1,0,0,0,baixo
7,10000.0,40,0.85,2,5,1,0,0,0,1,1,1,0,1,1,0,gratuito
3,35000.0,37,0.7837837837837838,18,3,1,1,0,0,1,0,1,1,0,0,0,alto
1,10000.0,0,0.0,15,6,1,1,1,0,1,1,1,1,1,0,1,medio_baixo
2,10000.0,0,0.0,10,2,1,0,0,0,1,0,1,0,0,0,0,medio_alto
1,0.0,0,0.0,2,2,1,0,1,1,1,0,1,0,0,0,0,medio_alto
5,10000.0,0,0.0,5,5,1,0,0,0,0,1,1,1,0,1,0,medio_alto
1,0.0,0,0.0,1,3,1,0,0,0,1,1,1,0,0,0,0,alto
3,10000.0,118,0.5508474576271186,7,3,1,0,0,0,0,0,1,0,1,1,0,baixo
3,0.0,0,0.0,1,5,1,0,0,0,0,1,0,1,0,0,0,gratuito
2,75000.0,1149,0.9712793733681462,3,4,1,0,0,1,1,1,1,1,0,0,0,medio_alto
8,10000.0,21,0.9047619047619048,1,3,1,1,0,1,1,0,0,1,0,0,1,medio_alto
2,10000.0,21,0.7619047619047619,16,2,1,0,0,4,0,0,1,1,0,0,0,medio_alto
4,10000.0,25,0.68,15,1,1,0,0,0,0,0,0,1,0,0,0,baixo
5,35000.0,14,0.6428571428571429,1,3,1,0,0,0,1,1,1,0,0,0,0,baixo
9,10000.0,8,0.25,1,5,1,0,0,0,1,1,1,0,0,0,0,medio_alto
4,10000.0,0,0.0,1,2,1,0,1,0,0,0,0,1,0,0,1,alto
3,10000.0,141,1.0,3,3,1,1,0,0,1,0,0,1,1,0,0,medio_alto
4,35000.0,491,0.7780040733197556,1,4,1,0,0,0,0,0,0,1,1,0,1,medio_baixo
3,150000.0,2312,0.9731833910034602,12,4,1,1,0,2,1,0,1,1,0,0,1,alto
4,10000.0,7,1.0,1,1,1,0,0,0,0,0,0,0,0,0,0,medio_baixo
9,10000.0,23,0.6086956521739131,1,4,1,0,0,0,0,0,0,1,1,1,1,medio_alto
9,10000.0,1,1.0,1,1,1,0,0,0,1,0,0,0,0,0,0,alto
2,10000.0,0,0.0,1,4,1,0,0,0,1,0,1,1,0,0,0,gratuito
8,35000.0,7,0.5714285714285714,1,1,1,0,0,0,0,0,0,0,0,1,0,baixo
5,10000.0,0,0.0,1,2,1,1,1,0,0,1,1,0,0,0,0,gratuito
8,10000.0,1,0.0,1,4,1,1,1,0,0,1,1,0,1,0,0,medio_alto
2,10000.0,0,0.0,6,2,1,0,0,0,1,1,0,0,0,0,0,baixo
14,350000.0,867,0.8696655132641292,1,3,1,1,1,0,1,1,1,0,0,0,0,medio_baixo
7,10000.0,1,1.0,7,3,1,0,0,0,0,1,0,1,0,0,0,medio_baixo
2,35000.0,440,0.9,27,3,1,0,0,1,1,0,0,0,0,0,1,alto
1,0.0,0,0.0,0,0,1,0,0,0,0,0,0,0,0,0,0,gratuito
6,35000.0,239,0.9497907949790795,1,4,1,0,0,1,1,1,1,1,0,0,0,baixo
3,10000.0,3,1.0,3,2,1,0,0,0,1,1,0,0,0,0,0,medio_baixo
3,10000.0,1,1.0,1,5,1,1,1,0,1,1,0,1,0,1,1,medio_baixo
1,10000.0,0,0.0,5,1,1,1,0,0,0,0,0,0,0,0,1,alto
1,0.0,0,0.0,0,0,1,0,0,0,0,0,0,0,0,0,0,gratuito
1,10000.0,0,0.0,3,2,1,1,0,0,0,0,1,1,0,0,0,medio_alto
3,0.0,0,0.0,103,3,1,1,1,0,1,0,0,1,0,1,0,baixo
1,0.0,0,0.0,0,0,1,0,0,0,0,0,0,0,0,0,0,gratuito
8,10000.0,8,0.75,2,3,1,0,0,1,1,0,1,1,0,0,0,baixo
1,10000.0,34,0.8235294117647058,3,2,1,0,0,0,1,0,1,0,0,0,0,medio_alto
7,10000.0,4,0.5,1,1,1,0,0,0,0,1,0,0,0,0,0,baixo
9,10000.0,18,0.7222222222222222,1,3,1,1,0,0,1,1,0,0,0,0,0,medio_baixo
9,75000.0,661,0.7140695915279879,5,4,1,0,0,0,1,1,1,1,0,0,0,medio_baixo
2,10000.0,9,0.6666666666666666,18,4,1,0,0,1,1,1,1,1,0,0,0,medio_baixo
2,10000.0,0,0.0,6,3,1,0,1,0,1,0,0,1,0,0,0,baixo
1,10000.0,0,0.0,10,5,1,1,1,1,1,0,1,1,1,0,0,alto
2,10000.0,8,1.0,1,5,1,0,1,0,1,0,1,1,0,1,0,alto
9,10000.0,5,0.8,1,1,1,0,0,0,0,0,0,0,0,0,0,alto
4,10000.0,5,0.0,2,5,1,0,0,0,1,1,1,0,0,1,0,medio_alto
8,10000.0,5,0.4,1,1,1,0,0,0,0,0,0,0,0,0,0,medio_alto
1,0.0,0,0.0,0,0,1,0,0,0,0,0,0,0,0,0,0,gratuito
8,10000.0,16,0.5625,6,2,1,1,1,0,1,0,0,0,0,0,0,medio_alto
4,10000.0,6,1.0,1,5,1,0,0,0,1,1,1,0,0,1,1,medio_alto
2,10000.0,2,1.0,1,2,1,0,0,0,1,0,0,1,0,0,0,medio_baixo
11,350000.0,8887,0.9696185439405873,27,2,1,1,1,0,1,0,0,1,0,0,0,medio_baixo
3,10000.0,0,0.0,5,1,1,0,0,0,0,0,0,1,0,0,0,baixo
8,10000.0,7,0.8571428571428571,1,3,1,0,0,0,1,1,0,0,0,1,0,medio_alto
6,10000.0,14,1.0,2,1,1,0,0,0,1,0,0,0,0,0,0,baixo
6,10000.0,24,0.9166666666666666,1,2,1,0,0,0,1,0,0,1,0,0,0,medio_alto
9,350000.0,3117,0.5412255373756818,10,1,1,0,0,0,0,1,0,0,0,0,0,medio_alto
2,10000.0,53,0.9056603773584906,1,1,1,0,0,0,1,0,0,0,0,0,0,baixo
12,150000.0,398,0.6884422110552764,2,3,1,1,1,0,1,1,1,0,0,0,0,medio_baixo
2,10000.0,10,0.7,1,2,1,0,0,0,0,0,0,1,0,0,1,baixo
1,10000.0,4,0.75,1,3,1,1,0,0,1,0,0,0,1,0,1,alto
9,35000.0,96,0.71875,1,4,1,0,0,0,1,1,0,0,0,0,1,gratuito
5,75000.0,21,0.7619047619047619,2,3,1,0,0,0,1,0,1,0,0,1,0,medio_baixo
6,10000.0,24,0.5833333333333334,2,3,1,0,0,0,1,1,1,0,0,0,0,alto
2,75000.0,3,0.3333333333333333,1,2,1,0,0,0,0,1,0,0,0,0,0,alto
4,0.0,0,0.0,1,3,1,0,0,0,0,1,0,0,0,1,0,gratuito
2,0.0,0,0.0,0,0,1,0,0,0,0,0,0,0,0,0,0,gratuito
4,350000.0,5784,0.891597510373444,11,4,1,0,0,1,1,0,1,0,1,1,0,alto
9,35000.0,95,0.8947368421052632,2,6,1,0,0,1,1,1,1,1,1,1,0,baixo
11,10000.0,36,0.8055555555555556,9,4,1,0,0,0,0,0,1,1,0,1,1,medio_baixo
8,10000.0,7,0.7142857142857143,4,3,1,0,0,0,1,0,0,1,0,0,0,baixo
5,0.0,0,0.0,1,3,1,0,0,0,1,0,1,1,0,0,0,gratuito
9,10000.0,16,0.625,1,2,1,0,0,0,0,0,0,1,0,1,0,baixo
10,10000.0,73,0.6575342465753424,1,2,1,0,0,0,0,0,0,0,0,0,0,alto
11,150000.0,285,0.6912280701754386,1,4,1,1,1,0,1,0,0,0,0,1,0,gratuito
5,35000.0,792,0.7537878787878788,10,7,1,0,1,1,1,1,1,0,1,0,1,alto
13,750000.0,10043,0.8955491387035747,13,2,1,0,0,0,0,1,1,0,0,0,0,medio_alto
18,150000.0,314,0.6528662420382165,1,1,1,0,0,0,0,0,0,1,0,0,0,baixo
2,35000.0,4,1.0,2,1,1,0,0,0,0,1,0,0,0,0,0,alto
1,10000.0,12,1.0,4,2,1,1,0,0,1,0,1,0,0,0,0,baixo
1,10000.0,3,0.6666666666666666,2,4,1,0,0,0,1,0,0,1,1,1,0,medio_baixo
4,10000.0,14,0.6428571428571429,1,1,1,0,0,0,0,1,0,0,0,0,0,baixo
6,35000.0,22,0.7727272727272727,1,1,1,0,0,0,1,0,0,0,0,0,0,medio_baixo
6,10000.0,4,0.5,1,3,1,0,0,0,0,0,0,1,0,1,0,medio_baixo
1,10000.0,0,0.0,1,2,1,0,0,0,0,0,0,1,0,1,0,baixo
5,10000.0,0,0.0,1,3,1,0,0,0,0,0,0,1,0,0,1,alto
8,10000.0,129,0.9069767441860465,6,2,1,0,0,0,1,0,0,1,0,0,0,baixo
1,10000.0,0,0.0,1,1,1,0,0,0,0,1,0,0,0,0,0,medio_alto
5,35000.0,4,0.75,4,1,1,0,0,0,1,0,0,0,0,0,0,medio_baixo
4,0.0,0,0.0,1,4,1,1,1,0,1,0,0,1,0,0,1,gratuito
1,10000.0,17,1.0,1,3,1,0,0,1,1,0,0,0,1,0,1,alto
5,75000.0,8,1.0,1,3,1,0,0,0,1,1,1,0,0,0,0,medio_baixo
6,75000.0,22,0.9545454545454546,3,2,1,0,0,0,0,0,0,0,0,1,1,medio_alto
4,10000.0,10,0.7,1,2,1,1,1,0,1,0,0,1,0,0,0,baixo
9,75000.0,224,0.6741071428571429,2,4,1,0,0,0,1,1,1,0,1,0,0,gratuito
2,150000.0,3588,0.9620958751393534,8,3,1,0,0,1,1,1,1,0,0,0,0,alto
1,0.0,0,0.0,27,2,1,1,1,0,1,0,0,0,0,0,1,baixo
1,10000.0,0,0.0,1,2,1,0,1,0,0,0,0,1,0,0,0,medio_alto
12,35000.0,54,0.46296296296296297,3,1,1,0,0,0,0,0,0,0,0,1,0,medio_alto
3,0.0,0,0.0,1,3,1,0,0,1,0,0,0,0,0,0,1,gratuito
5,35000.0,1,1.0,6,4,1,0,0,0,1,0,0,1,0,1,0,gratuito
6,35000.0,2,1.0,1,1,1,0,0,0,0,0,0,0,1,0,0,baixo
11,10000.0,14,0.21428571428571427,1,3,1,0,1,0,1,0,1,0,0,0,0,medio_baixo
9,75000.0,633,0.9320695102685624,6,2,1,1,1,0,1,0,1,0,0,0,0,medio_alto
5,75000.0,1223,0.9591169255928046,1,1,1,0,0,1,0,0,1,0,0,0,0,alto
2,10000.0,0,0.0,2,3,1,0,0,0,1,1,1,0,0,0,0,medio_baixo
6,10000.0,37,0.9459459459459459,6,3,1,1,0,0,1,1,0,1,0,0,0,medio_baixo
4,75000.0,264,0.5492424242424242,1,3,1,0,0,4,0,0,1,1,0,0,0,gratuito
5,75000.0,30,0.36666666666666664,1,2,1,0,0,1,0,1,1,0,0,0,0,gratuito
2,0.0,0,0.0,1,3,1,1,0,0,1,0,0,1,0,0,0,gratuito
3,10000.0,100,0.98,1,4,1,0,0,1,1,1,1,1,0,0,0,medio_alto
3,75000.0,74,0.7027027027027027,1,2,1,1,1,0,1,0,1,0,0,0,0,alto
8,10000.0,26,0.7692307692307693,1,2,1,0,0,0,0,0,0,1,0,0,0,gratuito
3,0.0,0,0.0,1,6,1,0,0,0,1,1,0,1,0,0,1,gratuito
1,10000.0,0,0.0,4,3,1,0,0,0,0,0,0,1,1,0,1,alto
1,0.0,0,0.0,0,0,1,0,0,0,0,0,0,0,0,0,0,gratuito
5,1500000.0,29576,0.9588179605085204,27,2,1,1,1,2,1,1,0,0,0,0,0,alto
1,0.0,0,0.0,1,3,1,0,0,0,1,0,1,1,0,0,0,baixo
4,10000.0,3,1.0,1,3,1,0,0,0,1,0,0,1,0,0,1,baixo
5,10000.0,0,0.0,2,2,1,0,0,0,1,1,0,0,0,0,0,baixo
14,350000.0,1101,0.7892824704813806,6,1,1,0,0,2,0,0,0,0,0,0,1,baixo
2,0.0,0,0.0,17,5,1,0,0,0,1,0,1,1,1,0,1,baixo
1,0.0,0,0.0,4,2,1,0,0,1,1,0,0,0,0,0,0,alto
4,0.0,0,0.0,0,0,1,0,0,0,0,0,0,0,0,0,0,gratuito
1,10000.0,4,0.75,17,2,1,1,1,0,1,0,0,1,0,0,0,baixo
6,35000.0,7,1.0,1,3,1,0,0,0,0,1,0,1,0,0,0,gratuito
8,10000.0,32,0.5625,1,2,1,0,0,0,0,1,1,0,0,0,0,medio_baixo
1,0.0,0,0.0,1,4,1,0,0,0,1,0,1,1,0,0,0,gratuito
3,10000.0,31,0.9354838709677419,8,1,1,0,0,1,1,0,0,0,0,0,0,baixo
2,10000.0,0,0.0,1,5,1,0,1,0,1,1,1,1,1,0,0,medio_baixo
3,0.0,0,0.0,0,0,1,0,0,0,0,0,0,0,0,0,0,gratuito
5,10000.0,0,0.0,1,5,1,0,0,0,1,1,1,1,1,0,0,alto
2,0.0,0,0.0,1,1,1,0,0,0,0,0,0,0,0,0,1,gratuito
2,10000.0,4,1.0,1,2,1,0,0,0,1,0,0,1,0,0,0,medio_baixo
1,10000.0,2,1.0,1,6,1,0,0,0,0,0,1,1,1,1,1,baixo
2,0.0,0,0.0,0,0,1,0,0,0,0,0,0,0,0,0,0,gratuito
17,350000.0,4534,0.8956771063078959,1,2,1,0,0,0,0,1,1,0,0,0,0,baixo
3,10000.0,7,0.2857142857142857,1,1,1,0,0,0,0,1,0,0,0,0,0,baixo
3,0.0,0,0.0,2,3,1,0,0,0,1,0,1,1,0,0,0,gratuito
4,75000.0,2,1.0,1,6,1,1,0,0,1,1,1,1,1,0,0,medio_baixo
3,0.0,0,0.0,0,0,1,0,0,0,0,0,0,0,0,0,0,gratuito
4,10000.0,16,1.0,1,4,1,0,1,2,1,1,1,0,0,1,0,medio_alto
1,10000.0,0,0.0,4,3,1,0,0,0,1,0,0,1,0,0,1,alto
5,10000.0,0,0.0,1,3,1,0,0,0,0,1,1,0,1,0,0,alto
2,10000.0,4,1.0,1,2,1,0,0,0,0,1,1,0,0,0,0,alto
11,10000.0,65,0.8769230769230769,8,2,1,0,0,0,0,0,0,0,0,0,1,medio_alto
9,10000.0,37,0.7027027027027027,1,2,1,0,0,0,1,0,0,1,0,0,0,medio_alto
10,75000.0,507,0.8717948717948718,2,2,1,0,0,1,1,0,0,0,0,1,0,baixo
1,0.0,0,0.0,1,2,1,0,1,0,1,1,0,0,0,0,0,medio_alto
9,35000.0,104,0.7596153846153846,6,2,1,0,0,0,1,0,0,1,0,0,0,medio_alto
1,0.0,0,0.0,9,4,1,0,0,0,1,1,0,1,0,0,0,baixo
3,75000.0,58,0.41379310344827586,3,4,1,0,0,0,0,1,1,0,1,0,0,alto
10,75000.0,2045,0.8528117359413203,16,3,1,0,0,1,1,0,0,1,0,0,0,baixo
8,10000.0,37,0.7297297297297297,3,3,1,0,0,0,1,0,1,0,0,1,0,medio_alto
4,0.0,0,0.0,1,3,1,0,0,0,1,0,0,1,0,0,0,gratuito
3,0.0,0,0.0,1,3,1,0,0,0,0,0,0,0,0,0,0,gratuito
2,10000.0,21,0.19047619047619047,1,1,1,0,0,0,0,0,0,0,0,0,1,medio_alto
6,10000.0,14,0.6428571428571429,8,3,1,0,0,0,1,1,0,0,0,0,0,gratuito
2,10000.0,42,0.6904761904761905,4,3,1,0,0,0,0,0,1,0,1,0,1,alto
1,10000.0,0,0.0,1,2,1,1,0,0,0,0,1,0,1,0,0,alto
9,75000.0,51,0.7058823529411765,1,2,1,1,1,1,1,0,0,0,0,1,0,gratuito
2,0.0,0,0.0,0,0,1,0,0,0,0,0,0,0,0,0,0,gratuito
7,10000.0,0,0.0,1,3,1,0,0,0,1,0,0,1,0,0,0,gratuito
4,35000.0,941,0.7970244420828906,10,4,1,0,0,0,1,0,0,1,1,1,0,alto
7,10000.0,2,0.0,1,2,1,0,0,0,1,1,0,0,0,0,0,medio_baixo
1,10000.0,0,0.0,2,1,1,0,0,0,0,0,0,0,0,0,1,medio_alto
5,0.0,0,0.0,1,5,1,0,1,0,0,1,1,0,1,0,0,gratuito
6,10000.0,2,0.5,1,1,1,0,0,0,0,1,0,0,0,0,0,medio_baixo
5,10000.0,99,0.9797979797979798,8,2,1,0,0,1,1,1,0,0,0,0,0,medio_baixo
5,10000.0,2,1.0,1,2,1,0,0,0,1,0,1,0,0,0,0,medio_alto
3,150000.0,9,0.7777777777777778,1,2,1,0,0,0,0,0,0,0,1,0,0,medio_baixo
9,35000.0,449,0.8106904231625836,8,2,1,0,0,1,1,1,0,0,0,0,0,baixo
4,10000.0,3,1.0,1,1,1,0,0,0,1,0,0,0,0,0,0,medio_baixo
5,10000.0,24,0.8333333333333334,5,2,1,0,0,2,1,1,0,0,0,0,0,medio_baixo
5,0.0,0,0.0,0,0,1,0,0,0,0,0,0,0,0,0,0,gratuito
8,150000.0,6918,0.9622723330442324,4,1,1,0,0,0,0,0,1,0,0,0,0,alto
4,10000.0,0,0.0,2,2,1,0,0,0,1,0,0,1,0,0,0,medio_alto
8,10000.0,35,0.45714285714285713,1,2,1,0,0,0,0,1,0,0,0,0,0,gratuito
4,10000.0,0,0.0,26,1,1,0,0,0,0,0,0,0,0,0,1,medio_alto
3,10000.0,21,0.6190476190476191,1,3,1,0,0,0,0,0,1,0,1,1,0,medio_alto
1,10000.0,0,0.0,1,5,1,0,0,0,1,1,0,1,0,0,1,gratuito
1,10000.0,54,0.9444444444444444,1,3,1,0,0,0,1,0,1,1,0,0,0,medio_baixo
5,10000.0,3,1.0,1,4,1,0,0,0,1,1,1,0,0,0,0,alto
5,10000.0,32,0.65625,29,3,1,0,0,0,0,1,1,1,0,0,0,baixo
11,350000.0,4457,0.8936504375140228,8,1,1,0,0,1,0,1,0,0,0,0,0,alto
4,10000.0,7,1.0,1,1,1,0,0,0,0,1,0,0,0,0,0,medio_baixo
10,150000.0,377,0.5888594164456233,9,3,1,0,0,13,0,0,1,1,0,0,0,gratuito
5,10000.0,36,0.8888888888888888,5,2,1,0,0,0,1,1,0,0,0,0,0,alto
1,10000.0,0,0.0,4,2,1,0,0,1,0,0,0,1,0,1,0,medio_baixo
4,0.0,0,0.0,0,0,1,0,0,0,0,0,0,0,0,0,0,gratuito
5,75000.0,13,1.0,1,3,1,0,0,0,0,0,1,0,1,0,1,alto
1,0.0,0,0.0,0,0,1,0,0,0,0,0,0,0,0,0,0,gratuito
2,35000.0,85,0.9647058823529412,1,4,1,0,0,0,1,0,0,1,0,0,1,gratuito
2,0.0,0,0.0,2,5,1,0,0,0,1,0,1,1,1,0,0,gratuito
1,10000.0,0,0.0,1,6,1,0,0,0,1,1,1,0,0,0,1,gratuito
5,0.0,0,0.0,1,2,1,0,0,0,0,0,0,0,0,0,1,gratuito
1,0.0,0,0.0,6,4,1,0,0,0,1,0,0,1,0,0,1,gratuito
8,10000.0,6,0.6666666666666666,1,3,1,1,1,0,1,0,1,0,1,0,0,medio_baixo
3,350000.0,4650,0.9253763440860215,9,3,1,0,0,0,1,0,1,1,0,0,0,medio_alto
1,10000.0,0,0.0,1,3,1,0,0,0,1,0,0,1,0,1,0,medio_baixo
1,10000.0,0,0.0,4,4,1,0,0,0,1,0,0,1,0,1,1,medio_alto
2,10000.0,10,1.0,1,3,1,0,0,0,1,1,0,0,0,0,0,medio_alto
6,10000.0,10,0.9,3,4,1,0,0,0,1,0,0,1,0,1,1,medio_baixo
3,75000.0,621,0.7648953301127214,9,2,1,0,0,0,0,0,0,0,0,0,1,alto
9,10000.0,19,0.8421052631578947,1,3,1,0,0,0,1,0,0,1,0,0,1,alto
2,10000.0,209,0.8660287081339713,1,2,1,0,0,0,1,0,1,0,0,0,0,medio_alto
12,10000.0,194,0.9536082474226805,4,2,1,1,1,0,0,0,1,1,0,0,0,medio_alto
6,10000.0,2,1.0,2,2,1,0,0,0,1,0,0,0,0,1,0,medio_alto
3,35000.0,8,0.875,1,5,1,0,0,0,1,1,0,1,0,0,0,gratuito
9,10000.0,123,0.42276422764227645,1,3,1,0,0,0,0,1,1,1,0,0,0,baixo
1,0.0,0,0.0,0,0,1,0,0,0,0,0,0,0,0,0,0,gratuito
6,10000.0,100,0.97,1,2,1,0,0,0,1,0,1,0,0,0,0,medio_alto
3,10000.0,1,1.0,1,1,1,0,0,0,0,0,1,0,0,0,0,medio_baixo
5,10000.0,10,0.6,2,5,1,0,0,0,1,1,1,1,0,0,0,medio_alto
4,75000.0,2391,0.9795064826432455,1,2,1,0,0,0,1,0,0,1,0,0,0,medio_alto
6,10000.0,249,0.5783132530120482,2,2,1,0,0,0,1,0,0,0,1,0,0,alto
1,10000.0,0,0.0,1,4,1,0,0,0,0,0,1,1,0,1,1,medio_baixo
8,10000.0,6,0.8333333333333334,1,3,1,0,0,0,1,0,0,1,1,0,0,baixo
1,0.0,0,0.0,6,3,1,0,0,0,1,0,0,1,0,1,0,medio_baixo
8,10000.0,6,0.16666666666666666,1,4,1,0,0,0,1,0,0,1,0,0,0,baixo
10,10000.0,7,0.2857142857142857,9,2,1,1,0,0,0,0,1,1,0,0,0,alto
4,10000.0,2,1.0,1,2,1,0,0,0,1,0,0,1,0,0,0,alto
1,0.0,0,0.0,0,0,1,0,0,0,0,0,0,0,0,0,0,gratuito
9,10000.0,4,0.25,2,3,1,0,0,0,0,0,0,0,0,0,1,medio_alto
5,10000.0,126,0.7063492063492064,2,3,1,0,0,0,1,1,1,0,0,0,0,baixo
6,10000.0,10,0.8,1,3,1,0,0,0,1,0,1,0,0,1,0,gratuito
1,10000.0,0,0.0,11,4,1,1,0,1,1,1,0,1,0,1,0,alto
1,0.0,0,0.0,9,3,1,0,0,0,1,1,0,1,0,0,0,medio_baixo
5,10000.0,0,0.0,1,2,1,0,0,0,1,0,0,0,0,0,0,alto
1,10000.0,0,0.0,2,2,1,0,0,0,1,0,0,1,0,0,0,medio_baixo
9,75000.0,232,0.6767241379310345,1,3,1,0,0,0,1,1,0,0,0,1,0,baixo
10,10000.0,24,0.7916666666666666,1,2,1,0,0,0,1,1,0,0,0,0,0,medio_alto
2,10000.0,23,0.9130434782608695,2,4,1,0,1,0,1,1,1,0,0,0,0,medio_alto
2,0.0,0,0.0,1,3,1,0,0,0,0,1,0,0,0,0,0,gratuito
5,0.0,0,0.0,0,0,1,0,0,0,0,0,0,0,0,0,0,gratuito
7,10000.0,0,0.0,1,3,1,0,0,0,1,0,1,1,0,0,0,medio_baixo
7,10000.0,9,0.6666666666666666,1,2,1,0,0,0,1,0,0,1,0,0,0,medio_alto
1,10000.0,0,0.0,1,6,1,0,0,0,1,0,1,0,1,1,1,gratuito
8,10000.0,34,0.9411764705882353,1,2,1,0,0,0,1,1,0,0,0,0,0,medio_baixo
1,10000.0,9,1.0,2,1,1,0,1,0,0,0,0,0,0,1,0,medio_baixo
2,10000.0,12,1.0,6,2,1,0,0,1,1,0,1,0,0,0,0,baixo
7,10000.0,8,0.875,1,3,1,0,0,0,1,1,0,1,0,0,0,baixo
3,10000.0,0,0.0,1,3,1,0,0,0,1,0,0,1,0,1,0,gratuito
8,10000.0,32,0.53125,2,3,1,0,0,1,1,0,1,0,0,0,1,baixo
3,10000.0,0,0.0,103,6,1,0,0,0,1,1,1,1,1,0,1,baixo
5,35000.0,9,0.8888888888888888,2,3,1,0,0,0,1,0,0,1,0,1,0,medio_alto
1,10000.0,4,1.0,2,2,1,0,0,0,0,1,1,0,0,0,0,medio_alto
1,10000.0,0,0.0,1,4,1,0,0,0,1,0,0,1,0,1,0,alto
19,10000.0,21,0.8571428571428571,1,1,1,0,0,0,0,0,0,1,0,0,0,gratuito
2,35000.0,609,0.7996715927750411,10,3,1,1,1,1,1,0,0,0,1,1,0,medio_baixo
3,10000.0,3,0.6666666666666666,1,3,1,0,0,0,1,1,1,0,0,0,0,baixo
14,350000.0,1199,0.8548790658882403,1,1,1,1,1,0,1,0,0,0,0,0,0,medio_alto
1,10000.0,0,0.0,1,1,1,0,0,0,1,0,0,0,0,0,0,medio_baixo
6,10000.0,1,1.0,1,3,1,1,0,0,1,0,0,1,0,1,0,medio_alto
6,150000.0,659,0.7541729893778453,7,2,1,1,0,0,1,0,0,0,0,1,0,medio_baixo
3,10000.0,37,0.7297297297297297,2,3,1,1,1,1,1,1,0,1,0,0,0,medio_baixo
2,10000.0,3,1.0,1,3,1,0,0,0,1,1,0,0,0,0,1,medio_baixo
10,75000.0,430,0.8,1,2,1,0,0,0,1,0,0,1,0,0,0,baixo
4,10000.0,37,0.5945945945945946,1,3,1,1,1,1,1,0,0,1,0,0,1,gratuito
2,10000.0,22,0.8636363636363636,2,4,1,0,0,0,1,1,1,0,1,0,0,gratuito
3,0.0,0,0.0,1,1,1,1,1,0,0,0,0,0,0,0,1,gratuito
3,75000.0,20,0.75,1,3,1,0,0,1,1,0,1,0,1,0,0,medio_baixo
11,35000.0,379,0.7018469656992085,1,3,1,0,0,2,1,1,1,0,0,0,0,alto
7,10000.0,10,0.8,1,2,1,1,0,0,1,0,0,1,0,0,0,baixo
18,150000.0,436,0.8577981651376146,1,2,1,0,0,0,1,1,0,0,0,0,0,gratuito
7,10000.0,1,1.0,1,2,1,0,0,0,0,0,0,0,0,0,0,medio_alto
3,10000.0,54,1.0,1,3,1,0,0,0,1,0,0,1,0,0,0,medio_alto
5,10000.0,113,0.9469026548672567,5,2,1,0,0,0,1,0,0,1,0,0,0,baixo
7,350000.0,4781,0.9690441330265634,1,1,1,1,1,1,0,0,0,0,0,0,1,medio_alto
1,0.0,0,0.0,1,4,1,0,0,0,0,0,1,1,0,0,1,gratuito
6,10000.0,66,0.8484848484848485,29,2,1,0,0,0,1,0,0,1,0,0,0,baixo
3,10000.0,1,0.0,2,1,1,0,0,0,0,0,0,1,0,0,0,alto
1,35000.0,348,0.9971264367816092,1,2,1,0,0,0,1,0,0,1,0,0,0,baixo
1,10000.0,0,0.0,1,3,1,0,0,0,1,1,1,0,0,0,0,medio_alto
2,10000.0,1,1.0,1,2,1,0,1,0,1,0,0,1,0,0,0,medio_baixo
2,0.0,0,0.0,0,0,1,0,0,0,0,0,0,0,0,0,0,gratuito
5,75000.0,4,1.0,1,1,1,1,0,0,0,0,0,1,0,0,0,medio_alto
2,10000.0,0,0.0,1,4,1,0,0,0,1,1,0,0,0,0,1,alto
1,10000.0,0,0.0,31,4,1,1,0,1,1,0,0,1,0,1,1,medio_alto
4,1500000.0,15500,0.7669032258064516,29,3,1,0,0,2,1,1,1,0,0,0,0,alto
2,10000.0,2,0.0,2,2,1,1,0,0,1,0,0,0,0,1,0,medio_alto
2,0.0,0,0.0,0,0,1,0,0,0,0,0,0,0,0,0,0,gratuito
1,35000.0,3,1.0,1,5,1,0,0,0,1,0,1,1,0,0,1,medio_baixo
2,10000.0,978,0.9815950920245399,6,3,1,1,0,0,1,0,0,1,0,0,0,medio_baixo
8,10000.0,19,0.631578947368421,1,1,1,0,0,1,1,0,0,0,0,0,0,baixo
2,10000.0,19,1.0,6,2,1,0,0,0,1,0,0,1,0,0,0,medio_baixo
7,10000.0,0,0.0,29,1,1,0,0,0,0,0,0,1,0,0,0,baixo
2,10000.0,0,0.0,1,2,1,0,1,0,0,0,0,0,1,0,0,baixo
3,10000.0,179,0.6759776536312849,1,3,1,0,0,1,1,1,0,0,1,0,0,medio_alto
9,35000.0,20,0.2,1,4,1,0,0,0,0,1,0,1,1,1,0,medio_baixo
2,0.0,0,0.0,103,2,1,0,0,0,1,1,0,0,0,0,0,medio_alto
7,10000.0,16,0.75,6,3,1,0,0,0,1,1,1,0,0,0,0,alto
1,0.0,0,0.0,0,0,1,0,0,0,0,0,0,0,0,0,0,gratuito
1,0.0,0,0.0,1,3,1,1,1,0,1,1,0,1,0,0,0,medio_alto
1,0.0,0,0.0,1,4,1,0,0,0,1,0,0,1,0,0,1,gratuito
8,10000.0,29,0.896551724137931,1,2,1,1,1,0,1,0,0,1,0,0,0,baixo
9,350000.0,1387,0.8435472242249459,2,3,1,1,1,2,1,0,0,0,0,1,1,medio_baixo
3,10000.0,8,1.0,7,2,1,0,0,0,1,0,1,0,0,0,0,medio_baixo
2,35000.0,44,0.6363636363636364,1,4,1,0,0,1,1,0,0,1,1,0,0,medio_baixo
8,10000.0,29,0.6551724137931034,2,4,1,1,0,0,1,0,1,0,1,1,0,medio_baixo
1,10000.0,3,0.6666666666666666,1,2,1,0,0,0,1,1,0,0,0,0,0,medio_alto
5,10000.0,0,0.0,6,2,1,1,1,2,1,0,1,0,0,0,0,alto
3,10000.0,0,0.0,30,2,1,0,0,0,1,0,0,1,0,0,0,baixo
2,10000.0,6,1.0,2,4,1,0,0,0,1,0,0,1,0,0,0,medio_alto
5,75000.0,2205,0.745578231292517,13,3,1,1,0,1,0,1,1,0,0,1,0,alto
10,10000.0,30,0.8666666666666667,1,4,1,0,0,0,1,0,1,1,0,0,1,medio_alto
4,0.0,0,0.0,13,1,1,0,0,0,0,1,0,0,0,0,0,gratuito
4,10000.0,0,0.0,1,2,1,0,0,0,0,0,0,0,0,0,0,gratuito
4,350000.0,3549,0.9366018596787827,1,2,1,0,0,1,1,1,0,0,0,0,0,alto
11,75000.0,398,0.8115577889447236,1,2,1,0,0,0,1,1,0,0,0,0,0,baixo
2,0.0,0,0.0,5,2,1,0,0,0,0,0,0,0,1,0,0,gratuito
4,10000.0,0,0.0,1,2,1,0,0,0,1,0,1,0,0,0,0,gratuito
11,35000.0,356,0.6966292134831461,1,3,1,0,0,0,1,1,1,0,0,0,0,baixo
9,150000.0,715,0.8251748251748252,103,5,1,0,0,0,1,0,1,1,0,1,1,medio_baixo
2,10000.0,0,0.0,1,3,1,0,0,0,1,0,0,1,0,1,0,baixo
9,35000.0,77,0.5454545454545454,1,2,1,1,1,1,1,0,1,0,0,0,0,baixo
7,35000.0,502,0.9163346613545816,4,1,1,0,0,0,0,1,0,0,0,0,0,alto
8,10000.0,13,1.0,2,3,1,0,0,0,1,0,1,0,0,0,1,medio_alto
1,10000.0,0,0.0,1,4,1,0,0,0,1,0,1,1,0,0,1,medio_alto
2,75000.0,32,0.875,2,7,1,0,0,0,1,1,1,1,1,1,1,medio_baixo
2,10000.0,12,0.8333333333333334,2,4,1,0,0,0,0,1,1,1,0,0,1,alto
2,10000.0,1,0.0,9,4,1,0,0,0,1,1,1,1,0,0,0,baixo
2,35000.0,6,1.0,1,2,1,0,0,0,1,0,1,0,0,0,0,medio_alto
5,35000.0,153,0.5816993464052288,5,2,1,0,0,0,0,0,0,0,1,1,0,alto
8,10000.0,8,0.375,1,2,1,0,0,0,1,1,0,0,0,0,0,medio_alto
15,350000.0,1511,0.8405029781601588,7,2,1,0,0,1,0,1,0,0,0,0,0,alto
1,10000.0,0,0.0,3,3,1,0,0,0,1,1,0,1,0,0,0,medio_baixo
10,10000.0,15,0.7333333333333333,1,4,1,1,1,1,1,1,0,0,0,0,0,medio_baixo
1,0.0,0,0.0,1,2,1,0,0,0,1,0,0,0,0,0,0,gratuito
3,10000.0,1,1.0,1,1,1,0,0,0,0,0,0,1,0,0,0,baixo
3,750000.0,7148,0.8789871292669278,2,3,1,1,1,1,1,0,1,0,1,0,0,medio_alto
5,35000.0,62,0.8387096774193549,4,2,1,0,0,3,0,0,0,1,0,0,1,alto
3,10000.0,110,0.9363636363636364,12,2,1,1,1,0,1,1,0,0,0,0,0,medio_baixo
9,10000.0,79,0.8227848101265823,6,2,1,1,1,0,0,1,0,0,0,1,0,alto
5,75000.0,410,0.9682926829268292,1,1,1,0,0,0,0,0,0,1,0,0,0,medio_alto
3,10000.0,0,0.0,1,1,1,0,0,0,0,0,0,1,0,0,0,baixo
3,10000.0,3,0.3333333333333333,4,3,1,0,0,0,1,0,0,1,0,1,0,medio_baixo
1,10000.0,0,0.0,2,1,1,0,0,0,0,0,0,0,0,0,1,medio_baixo
1,10000.0,0,0.0,1,3,1,0,0,0,1,0,1,1,0,0,0,medio_baixo
7,75000.0,146,0.6712328767123288,2,1,1,0,0,3,0,0,0,0,0,0,0,medio_baixo
3,10000.0,12,0.8333333333333334,9,4,1,0,0,0,1,0,1,1,0,1,0,medio_alto
7,10000.0,4,0.5,3,3,1,0,0,0,1,1,1,0,0,0,0,alto
5,10000.0,10,0.9,2,3,1,1,1,1,1,0,1,1,0,0,0,alto
1,10000.0,0,0.0,16,3,1,0,0,2,1,1,0,0,0,0,0,alto
7,10000.0,3,0.6666666666666666,1,2,1,0,0,0,1,0,1,0,0,0,0,alto
6,10000.0,95,0.7684210526315789,1,3,1,0,0,0,1,0,0,0,0,1,1,alto
2,35000.0,24,0.8333333333333334,13,2,1,0,0,0,1,0,0,1,0,0,0,medio_baixo
1,0.0,0,0.0,10,2,1,0,0,0,0,0,0,1,0,0,1,medio_alto
2,10000.0,1,0.0,1,2,1,0,0,0,0,0,1,0,0,0,0,alto
9,7500000.0,64139,0.7517890830851743,9,5,1,0,0,35,0,1,1,0,0,0,0,gratuito
5,150000.0,906,0.8631346578366446,13,6,1,0,0,0,1,1,1,1,0,1,1,gratuito
9,75000.0,296,0.6418918918918919,21,2,1,0,0,0,0,0,0,0,0,0,0,alto
8,10000.0,19,0.7368421052631579,1,4,1,1,1,0,1,1,1,0,0,0,0,gratuito
6,10000.0,5,0.8,3,3,1,0,0,0,1,1,1,0,0,0,0,baixo
2,10000.0,104,0.7788461538461539,13,4,1,0,0,0,0,1,0,0,0,1,1,alto
15,750000.0,1702,0.854876615746181,4,3,1,0,0,3,0,1,0,0,0,0,0,gratuito
1,10000.0,12,0.8333333333333334,1,4,1,0,0,0,1,0,0,1,1,0,1,medio_baixo
3,0.0,0,0.0,1,5,1,0,0,1,1,0,0,1,0,1,1,gratuito
1,10000.0,0,0.0,10,3,1,0,0,0,1,0,1,0,0,0,1,medio_baixo
8,10000.0,47,0.3829787234042553,1,3,1,0,0,0,0,1,0,1,0,0,0,gratuito
9,10000.0,12,0.6666666666666666,1,2,1,0,1,0,1,1,0,0,0,0,0,medio_baixo
10,75000.0,130,0.8615384615384616,1,3,1,1,1,0,1,0,0,1,0,0,1,baixo
4,0.0,0,0.0,0,0,1,0,0,0,0,0,0,0,0,0,0,gratuito
3,10000.0,0,0.0,1,3,1,1,1,0,1,0,1,1,0,0,0,alto
1,10000.0,0,0.0,1,3,1,0,0,0,0,1,1,0,0,1,0,medio_alto
2,10000.0,2,1.0,2,3,1,0,0,0,1,1,0,0,0,0,0,alto
10,150000.0,447,0.8322147651006712,1,3,1,0,0,0,1,0,1,0,0,1,0,medio_alto
1,10000.0,0,0.0,3,1,1,0,0,0,0,0,0,0,1,0,0,medio_alto
8,35000.0,264,0.75,1,4,1,0,0,0,0,0,1,0,1,0,0,medio_baixo
3,0.0,0,0.0,1,3,1,0,0,0,1,1,0,0,0,0,0,gratuito
2,10000.0,2,1.0,7,1,1,0,0,0,0,0,0,1,0,0,0,baixo
10,150000.0,3050,0.9514754098360656,27,2,1,1,1,0,1,0,0,1,0,0,0,baixo
3,10000.0,2,1.0,2,3,1,0,0,0,1,1,0,1,0,0,0,baixo
6,10000.0,25,0.16,1,5,1,0,0,0,1,1,1,1,0,1,0,baixo
3,0.0,0,0.0,1,3,1,0,0,0,1,0,0,0,1,0,0,gratuito
6,75000.0,962,0.7255717255717256,2,5,1,0,0,2,1,0,1,1,1,1,0,baixo
5,35000.0,1,0.0,24,3,1,0,0,0,0,0,1,1,1,0,0,medio_baixo
4,10000.0,64,0.828125,7,2,1,0,0,1,0,1,1,0,0,0,0,medio_alto
6,10000.0,4,1.0,1,1,1,0,0,0,1,0,0,0,0,0,0,medio_baixo
5,75000.0,3441,0.9256030223772159,12,4,1,0,0,0,0,1,1,1,0,0,1,medio_baixo
2,10000.0,12,1.0,1,3,1,0,0,0,1,1,1,0,0,0,0,medio_baixo
1,10000.0,4,1.0,1,3,1,0,0,0,1,0,1,0,0,0,0,baixo
5,10000.0,10,0.5,2,6,1,0,0,0,1,1,0,1,0,0,1,medio_baixo
3,10000.0,18,0.8888888888888888,1,2,1,0,0,0,1,1,0,0,0,0,0,medio_baixo
20,1500000.0,5124,0.9307181889149102,5,2,1,0,0,0,0,1,0,0,1,0,0,medio_baixo
1,75000.0,1235,0.8753036437246964,11,3,1,0,0,1,1,0,0,0,1,1,0,alto
3,10000.0,293,0.8361774744027304,2,4,1,0,0,0,1,1,1,0,0,0,1,baixo
1,10000.0,0,0.0,3,2,1,1,1,3,1,0,0,1,0,0,0,alto
1,10000.0,0,0.0,8,3,1,0,0,1,1,1,0,0,0,0,0,alto
4,10000.0,14,1.0,1,2,1,0,0,0,1,1,0,0,0,0,0,medio_baixo
5,75000.0,1560,0.9711538461538461,2,5,1,0,0,3,1,1,0,0,0,0,0,alto
8,10000.0,35,0.9428571428571428,1,3,1,1,1,0,1,0,0,0,0,1,1,baixo
7,10000.0,26,0.7692307692307693,1,2,1,0,0,0,1,0,1,0,0,0,0,medio_baixo
1,10000.0,0,0.0,11,3,1,1,1,0,1,0,0,0,0,0,1,alto
5,0.0,0,0.0,6,2,1,1,1,0,1,0,0,0,0,0,0,gratuito
2,0.0,0,0.0,1,6,1,0,0,2,1,0,1,1,1,0,0,gratuito
1,10000.0,0,0.0,1,3,1,1,0,0,1,0,0,1,1,0,0,alto
3,0.0,0,0.0,1,5,1,0,0,0,1,1,1,0,1,1,0,gratuito
3,0.0,0,0.0,1,7,1,1,1,0,1,0,1,1,1,0,1,gratuito
3,10000.0,0,0.0,4,2,1,0,0,0,1,0,0,0,0,1,0,baixo
2,0.0,0,0.0,0,0,1,0,0,0,0,0,0,0,0,0,0,gratuito
11,350000.0,66,0.6212121212121212,1,2,1,1,0,1,1,0,0,0,0,1,0,gratuito
8,10000.0,36,0.8055555555555556,2,2,1,1,0,0,1,0,1,0,0,0,0,medio_alto
2,10000.0,8,0.75,1,3,1,0,0,0,1,1,0,0,0,0,0,gratuito
1,10000.0,0,0.0,6,3,1,0,0,0,1,0,0,1,0,0,1,alto
1,10000.0,2,1.0,1,2,1,0,0,0,0,0,1,1,0,0,0,baixo
4,150000.0,829,0.7623642943305187,11,1,1,0,0,0,0,0,0,1,0,0,0,medio_baixo
6,10000.0,54,0.4444444444444444,29,4,1,0,0,1,1,0,0,1,0,1,1,baixo
11,75000.0,1050,0.9552380952380952,11,1,1,1,1,0,1,0,0,0,0,0,0,medio_alto
9,10000.0,40,0.85,10,4,1,1,1,0,1,1,0,1,0,0,0,alto
6,10000.0,49,0.8775510204081632,29,2,1,0,0,0,1,0,0,1,0,0,0,baixo
6,10000.0,19,0.8947368421052632,2,2,1,0,0,1,1,0,1,0,0,0,0,medio_baixo
3,10000.0,13,0.8461538461538461,9,3,1,0,0,0,1,1,1,0,0,0,0,medio_baixo
2,10000.0,1,1.0,1,3,1,0,1,0,1,0,1,1,0,0,0,medio_baixo
12,10000.0,67,0.7910447761194029,1,4,1,1,1,0,1,1,0,0,1,1,0,medio_baixo
2,0.0,0,0.0,1,8,1,0,0,0,1,0,1,0,1,1,1,gratuito
7,10000.0,0,0.0,1,5,1,0,0,2,1,0,1,1,1,1,0,baixo
1,10000.0,10,0.9,1,3,1,1,1,0,1,1,0,1,0,0,0,medio_alto
11,10000.0,37,0.8648648648648649,8,1,1,1,0,0,1,0,0,0,0,0,0,alto
3,10000.0,12,1.0,3,1,1,0,0,0,1,0,0,0,0,0,0,medio_alto
2,10000.0,29,0.8620689655172413,4,5,1,0,0,0,1,1,1,1,1,0,0,baixo
10,350000.0,319,0.6927899686520376,1,2,1,1,1,0,1,0,0,1,0,0,0,baixo
4,10000.0,30,0.43333333333333335,2,5,1,1,1,0,1,1,0,0,0,0,0,gratuito
3,0.0,0,0.0,0,0,1,0,0,0,0,0,0,0,0,0,0,gratuito
1,0.0,0,0.0,0,0,1,0,0,0,0,0,0,0,0,0,0,gratuito
7,10000.0,3,0.3333333333333333,1,4,1,0,0,0,1,1,1,1,0,0,0,medio_alto
9,10000.0,25,0.84,9,3,1,0,0,0,1,0,0,1,0,0,0,alto
2,0.0,0,0.0,1,4,1,0,0,0,1,0,0,1,0,1,0,gratuito
3,10000.0,23,0.8695652173913043,2,4,1,0,0,3,0,0,1,0,1,1,1,alto
3,10000.0,0,0.0,1,2,1,0,0,0,1,1,0,0,0,0,0,gratuito
9,75000.0,77,0.4935064935064935,2,3,1,1,1,0,1,1,1,0,0,0,0,baixo
5,10000.0,0,0.0,1,1,1,1,1,1,0,0,0,0,0,0,1,medio_alto
3,35000.0,2,1.0,1,3,1,0,0,0,1,0,0,1,0,0,0,medio_alto
9,10000.0,16,0.5,1,5,1,0,0,0,1,1,1,1,0,1,0,alto
5,150000.0,92,0.8586956521739131,1,1,1,1,0,4,0,0,1,0,0,0,0,alto
2,0.0,0,0.0,1,4,1,0,0,0,0,1,1,0,1,0,0,gratuito
1,10000.0,0,0.0,4,5,1,0,0,0,1,1,1,0,1,0,0,alto
2,75000.0,3,1.0,7,1,1,0,0,0,0,0,0,1,0,0,0,medio_baixo
10,10000.0,24,0.9583333333333334,15,3,1,1,1,0,1,0,0,1,0,1,0,medio_baixo
4,10000.0,20,0.7,1,2,1,0,0,0,0,0,0,1,0,0,0,gratuito
10,350000.0,6284,0.9675366008911521,1,3,1,1,1,1,1,0,0,1,0,1,0,alto
1,35000.0,2,0.0,14,4,1,0,0,0,1,0,0,0,0,0,1,medio_baixo
10,10000.0,20,0.9,1,2,1,1,0,0,1,1,0,0,0,0,0,baixo
5,10000.0,34,0.7941176470588235,3,1,1,1,0,0,0,0,0,1,0,0,0,baixo
5,350000.0,10756,0.8615656377835627,2,4,1,0,0,0,1,0,0,1,1,0,0,gratuito
1,0.0,0,0.0,103,2,1,0,0,0,1,0,0,0,0,0,0,baixo
5,35000.0,87,0.9425287356321839,2,3,1,0,0,0,0,0,0,0,0,1,1,alto
12,350000.0,1350,0.8355555555555556,8,1,1,0,0,0,0,0,1,0,0,0,0,medio_baixo
5,750000.0,3254,0.7111247695144438,10,3,1,0,0,0,1,1,1,0,0,0,0,medio_baixo
3,10000.0,2,1.0,2,2,1,0,0,0,0,1,1,0,0,0,0,medio_alto
4,75000.0,5,1.0,1,2,1,0,0,0,0,1,1,0,0,0,0,baixo
9,350000.0,2056,0.7140077821011673,11,2,1,0,0,0,1,1,0,0,0,0,0,medio_alto
2,10000.0,18,0.9444444444444444,1,2,1,1,0,0,1,0,0,0,0,0,1,alto
1,10000.0,3,1.0,2,1,1,0,0,0,0,1,0,0,0,0,0,medio_alto
1,0.0,0,0.0,1,4,1,0,0,0,1,1,1,0,0,0,1,medio_alto
4,10000.0,0,0.0,4,3,1,0,0,0,1,0,1,1,0,0,0,medio_alto
1,10000.0,0,0.0,1,1,1,1,0,0,0,0,0,0,0,1,0,baixo
4,10000.0,6,0.8333333333333334,1,4,1,0,0,0,1,0,1,1,1,0,0,baixo
5,35000.0,26,0.4230769230769231,2,4,1,0,0,0,1,0,1,0,0,1,1,baixo
1,10000.0,0,0.0,4,3,1,0,0,0,1,0,0,1,1,0,0,medio_alto
1,0.0,0,0.0,1,3,1,0,0,0,1,0,0,1,0,0,0,gratuito
2,10000.0,75,0.92,1,3,1,0,0,1,1,0,0,1,1,0,0,medio_baixo
3,35000.0,64,0.921875,1,3,1,0,0,1,1,0,1,1,0,0,0,medio_alto
2,0.0,0,0.0,0,0,1,0,0,0,0,0,0,0,0,0,0,gratuito
3,10000.0,217,0.7649769585253456,5,1,1,0,0,1,0,0,0,1,0,0,0,medio_baixo
3,10000.0,19,0.9473684210526315,2,2,1,0,0,1,1,0,1,0,0,0,0,medio_baixo
5,10000.0,1,0.0,4,1,1,0,0,0,0,0,0,1,0,0,0,baixo
3,0.0,0,0.0,0,0,1,0,0,0,0,0,0,0,0,0,0,gratuito
4,10000.0,13,0.8461538461538461,1,2,1,0,0,0,1,0,0,1,0,0,0,gratuito
6,75000.0,892,0.92152466367713,1,1,1,0,1,0,0,1,0,0,0,0,0,gratuito
3,10000.0,9,0.6666666666666666,1,2,1,0,0,0,1,0,1,0,0,0,0,medio_baixo
1,0.0,0,0.0,1,2,1,0,0,0,0,0,0,0,0,0,1,baixo
2,10000.0,0,0.0,1,3,1,0,0,0,1,0,1,1,0,0,0,medio_baixo
7,10000.0,4,0.0,1,6,1,0,0,0,1,1,0,1,0,1,1,alto
10,75000.0,419,0.8615751789976134,6,4,1,1,1,0,1,1,1,0,1,0,0,alto
1,0.0,0,0.0,14,5,1,0,1,0,1,0,1,0,1,1,0,gratuito
3,10000.0,0,0.0,2,6,1,1,1,0,1,0,1,1,1,0,1,medio_alto
4,10000.0,12,0.75,1,3,1,0,0,0,1,1,1,0,0,0,0,gratuito
1,10000.0,4,1.0,1,3,1,0,0,0,1,1,0,1,0,0,0,baixo
7,10000.0,28,0.75,1,3,1,1,1,1,1,0,1,0,0,0,1,medio_baixo
10,10000.0,6,0.3333333333333333,1,2,1,0,0,0,0,0,0,1,0,0,1,medio_baixo
1,10000.0,0,0.0,5,4,1,0,0,0,1,0,0,1,1,0,1,baixo
9,10000.0,5,0.6,2,4,1,0,0,0,1,0,1,0,1,1,0,medio_alto
2,0.0,0,0.0,0,0,1,0,0,0,0,0,0,0,0,0,0,gratuito
1,10000.0,0,0.0,10,4,1,0,0,0,1,1,0,1,0,1,0,medio_alto
5,0.0,0,0.0,3,3,1,1,0,0,1,0,1,0,0,0,0,gratuito
4,10000.0,0,0.0,1,1,1,0,0,0,0,0,0,1,0,0,0,medio_baixo
2,10000.0,20,0.85,1,2,1,0,0,0,1,0,0,0,0,0,1,medio_alto
1,10000.0,0,0.0,1,4,1,0,0,0,1,0,0,0,1,1,1,medio_baixo
1,10000.0,0,0.0,7,3,1,0,0,1,1,1,1,0,0,0,0,alto
7,10000.0,10,0.6,1,1,1,0,0,0,0,1,0,0,0,0,0,medio_alto
8,10000.0,22,0.7272727272727273,4,1,1,1,0,0,0,0,0,1,0,0,0,alto
10,10000.0,14,0.8571428571428571,1,4,1,1,1,0,1,0,1,1,1,0,0,medio_alto
9,10000.0,83,0.46987951807228917,1,3,1,0,0,0,1,1,1,0,0,0,0,baixo
2,0.0,0,0.0,1,4,1,0,0,0,0,1,0,0,0,0,1,gratuito
9,10000.0,5,0.4,2,2,1,0,0,0,0,1,1,0,0,0,0,baixo
7,10000.0,10,0.5,1,3,1,0,1,0,1,0,1,1,0,0,0,baixo
3,10000.0,0,0.0,1,2,1,0,0,0,1,0,1,0,0,0,0,alto
1,10000.0,0,0.0,5,3,1,0,0,1,1,0,0,1,1,0,0,baixo
2,10000.0,0,0.0,1,3,1,0,0,0,1,0,0,0,1,0,1,medio_alto
7,35000.0,206,0.6262135922330098,5,3,1,1,1,0,1,1,0,0,0,0,0,gratuito
4,10000.0,68,0.7794117647058824,1,2,1,0,0,0,0,0,1,1,0,0,0,alto
3,10000.0,8,0.625,2,4,1,0,0,0,1,1,1,0,0,0,0,medio_alto
6,10000.0,6,0.8333333333333334,2,2,1,0,0,0,1,1,0,0,0,0,0,medio_alto
6,10000.0,14,0.7857142857142857,1,1,1,0,0,0,0,0,0,0,1,0,0,alto
1,0.0,0,0.0,103,2,1,0,0,0,1,0,0,1,0,0,0,baixo
5,10000.0,1,0.0,13,1,1,0,0,0,0,0,0,1,0,0,0,baixo
1,10000.0,0,0.0,13,2,1,0,0,1,0,1,1,0,0,0,0,alto
4,10000.0,1,1.0,1,3,1,0,0,0,0,0,0,0,0,0,1,medio_alto
1,0.0,0,0.0,1,3,1,0,0,0,0,1,0,0,0,0,0,gratuito
1,10000.0,0,0.0,10,2,1,0,0,0,1,0,0,1,0,0,0,medio_baixo
2,10000.0,0,0.0,1,1,1,0,0,0,0,0,0,0,0,0,0,alto
1,0.0,0,0.0,1,4,1,0,0,0,1,0,1,0,1,0,0,gratuito
1,10000.0,0,0.0,2,1,1,0,0,0,0,0,1,0,0,0,0,alto
8,35000.0,91,0.5604395604395604,1,1,1,0,0,0,0,0,0,0,0,0,0,gratuito
1,0.0,0,0.0,0,0,1,0,0,0,0,0,0,0,0,0,0,gratuito
3,10000.0,1,1.0,1,3,1,0,0,0,1,0,0,1,0,1,0,medio_baixo
2,10000.0,47,0.6808510638297872,3,3,1,0,0,0,1,0,1,0,0,0,1,medio_baixo
1,0.0,0,0.0,1,3,1,0,0,0,0,0,1,1,0,0,1,medio_baixo
1,10000.0,8,1.0,103,3,1,0,0,1,1,0,0,1,0,0,1,baixo
8,35000.0,419,0.6229116945107399,7,3,1,0,0,0,1,1,0,0,0,0,1,baixo
12,35000.0,92,0.8043478260869565,3,2,1,1,1,0,0,0,1,1,0,0,0,medio_baixo
2,10000.0,1,1.0,1,1,1,0,0,0,0,0,1,0,0,0,0,medio_baixo
3,10000.0,23,1.0,1,4,1,0,0,0,1,0,0,1,0,1,1,medio_alto
1,0.0,0,0.0,6,3,1,0,0,0,0,0,1,0,1,0,1,alto
3,10000.0,61,0.7377049180327869,4,3,1,0,0,0,1,1,1,0,0,0,0,baixo
4,0.0,0,0.0,17,3,1,1,0,1,1,0,1,1,0,0,0,gratuito
3,35000.0,628,0.8742038216560509,3,2,1,1,1,3,0,0,0,0,0,1,1,alto
2,10000.0,4,0.5,1,3,1,0,0,0,0,1,0,0,0,0,0,alto
2,10000.0,2,0.5,0,2,1,0,0,0,1,0,1,0,0,0,0,alto
3,0.0,0,0.0,0,0,1,0,0,0,0,0,0,0,0,0,0,gratuito
7,10000.0,0,0.0,1,3,1,0,0,0,1,1,1,0,0,0,0,medio_alto
8,10000.0,7,0.8571428571428571,1,2,1,0,0,0,0,0,1,1,0,0,0,medio_alto
2,10000.0,32,0.84375,10,4,1,0,0,0,1,0,0,1,0,1,1,medio_baixo
6,75000.0,32,1.0,2,2,1,1,1,0,1,0,1,0,0,0,0,medio_alto
6,10000.0,20,0.75,1,1,1,0,0,0,0,1,0,0,0,0,0,medio_alto
6,10000.0,27,0.9259259259259259,14,3,1,0,0,1,1,0,0,1,0,1,0,medio_alto
3,10000.0,1,1.0,1,3,1,0,0,0,1,1,0,1,0,0,0,baixo
2,0.0,0,0.0,0,0,1,0,0,0,0,0,0,0,0,0,0,gratuito
7,10000.0,31,0.6451612903225806,1,5,1,0,0,0,0,1,1,1,1,0,0,gratuito
2,10000.0,12,0.8333333333333334,1,2,1,0,0,0,1,0,1,0,0,0,0,alto
8,10000.0,48,0.5833333333333334,2,2,1,0,0,0,0,1,0,0,0,0,0,gratuito
1,0.0,0,0.0,1,2,1,0,0,0,0,0,0,1,0,0,0,gratuito
1,0.0,0,0.0,0,0,1,0,0,0,0,0,0,0,0,0,0,gratuito
2,0.0,0,0.0,1,4,1,0,0,0,0,0,1,0,1,0,0,gratuito
11,35000.0,262,0.7709923664122137,1,2,1,1,1,0,1,0,0,0,0,0,1,medio_baixo
5,10000.0,68,0.5735294117647058,1,1,1,0,0,1,0,0,0,0,1,0,0,alto
4,10000.0,5,0.8,1,1,1,0,0,0,0,0,0,0,0,1,0,baixo
3,10000.0,16,0.8125,6,4,1,0,0,0,1,1,1,0,0,0,0,alto
7,10000.0,200,0.845,1,5,1,0,0,0,1,0,1,1,1,0,0,gratuito
5,10000.0,73,0.7808219178082192,3,5,1,0,0,0,1,1,1,0,1,0,0,medio_baixo
6,10000.0,47,0.6808510638297872,1,2,1,0,0,0,0,0,0,0,0,1,1,medio_baixo
1,0.0,0,0.0,2,1,1,0,0,1,0,0,0,0,0,0,0,gratuito
1,10000.0,0,0.0,16,2,1,0,0,0,1,0,1,0,0,0,0,medio_alto
5,10000.0,19,0.42105263157894735,2,5,1,0,0,0,1,1,1,0,0,0,1,medio_alto
6,35000.0,1,1.0,1,2,1,0,0,1,1,0,0,0,1,0,0,alto
11,150000.0,1431,0.7917540181691125,1,2,1,0,1,0,1,0,0,0,0,0,1,medio_baixo
3,75000.0,17,0.9411764705882353,1,1,1,0,0,0,0,0,0,1,0,0,0,baixo
2,0.0,0,0.0,1,5,1,0,0,0,1,1,0,1,0,0,0,gratuito
5,10000.0,0,0.0,1,2,1,0,0,0,1,0,0,1,0,0,0,medio_alto
7,10000.0,4,0.75,2,3,1,0,0,0,1,0,1,0,0,0,0,medio_alto
5,10000.0,3,0.3333333333333333,1,2,1,0,0,0,0,0,1,1,0,0,0,baixo
2,10000.0,15,0.7333333333333333,11,2,1,0,0,0,0,0,1,0,0,0,1,baixo
2,0.0,0,0.0,1,3,1,0,0,0,0,1,0,0,0,1,0,gratuito
10,35000.0,462,0.4069264069264069,6,2,1,0,0,0,1,0,0,0,0,0,1,alto
1,0.0,0,0.0,1,4,1,0,0,0,1,1,0,1,0,0,0,gratuito
6,10000.0,20,0.45,1,4,1,0,0,0,0,0,0,0,0,0,0,medio_alto
5,75000.0,4,0.75,1,2,1,0,0,0,0,1,0,0,0,1,0,medio_alto
1,10000.0,0,0.0,1,4,1,0,0,0,1,1,1,0,0,0,1,medio_alto
4,10000.0,90,0.8555555555555555,1,4,1,1,1,0,1,0,0,1,0,0,1,gratuito
6,35000.0,69,0.5942028985507246,1,5,1,1,1,2,1,1,1,1,1,0,0,gratuito
3,10000.0,0,0.0,4,2,1,0,0,0,1,0,0,0,1,0,0,baixo
8,350000.0,417,0.7601918465227818,9,2,1,0,0,0,0,0,0,0,0,0,1,alto
8,10000.0,126,0.6111111111111112,1,3,1,0,0,0,0,0,0,1,0,0,1,baixo
1,10000.0,0,0.0,1,3,1,0,0,0,1,1,0,1,0,0,0,medio_alto
6,10000.0,3,0.6666666666666666,4,4,1,0,0,0,1,1,1,1,0,0,0,baixo
1,10000.0,0,0.0,1,4,1,0,0,0,1,1,0,0,0,0,0,medio_alto
2,10000.0,2,1.0,1,2,1,0,0,0,0,0,0,0,0,1,0,baixo
1,10000.0,0,0.0,30,4,1,0,0,0,1,1,1,0,0,0,0,medio_alto
8,10000.0,0,0.0,1,1,1,0,0,0,0,0,0,0,0,0,0,baixo
11,10000.0,119,0.6470588235294118,1,2,1,1,0,1,1,0,0,0,0,1,0,medio_alto
9,75000.0,57,0.7368421052631579,1,3,1,0,0,0,1,0,0,1,0,1,0,baixo
4,10000.0,0,0.0,1,2,1,0,0,0,1,0,0,1,0,0,0,baixo
3,10000.0,11,0.7272727272727273,3,3,1,0,0,0,0,0,0,1,0,1,1,medio_baixo
3,75000.0,5,0.6,14,3,1,0,0,0,1,1,0,1,0,0,0,baixo
8,10000.0,1,1.0,1,2,1,0,0,0,1,0,0,1,0,0,0,baixo
2,10000.0,3,1.0,3,1,1,0,0,0,0,0,0,1,0,0,0,alto
3,10000.0,3,1.0,2,4,1,0,0,0,1,1,1,0,0,1,0,baixo
7,10000.0,3,0.6666666666666666,1,1,1,0,0,0,0,0,0,0,1,0,0,medio_baixo
4,10000.0,23,0.7391304347826086,2,3,1,0,0,0,1,0,1,0,0,0,0,medio_baixo
8,10000.0,25,0.64,1,4,1,1,0,0,1,0,0,1,0,0,1,gratuito
11,10000.0,23,0.13043478260869565,1,3,1,1,1,1,1,1,0,1,0,0,0,baixo
7,10000.0,1,1.0,1,3,1,0,0,0,1,1,0,0,0,1,0,alto
3,0.0,0,0.0,0,0,1,0,0,0,0,0,0,0,0,0,0,gratuito
3,10000.0,0,0.0,1,3,1,1,1,0,1,0,0,1,0,0,1,baixo
7,10000.0,130,0.35384615384615387,4,4,1,0,0,0,1,1,1,0,0,0,1,medio_alto
1,0.0,0,0.0,0,0,1,0,0,0,0,0,0,0,0,0,0,gratuito
3,0.0,0,0.0,1,4,1,0,0,0,1,0,0,1,0,0,1,gratuito
4,10000.0,16,0.75,1,2,1,0,0,0,0,1,1,0,0,0,0,baixo
5,10000.0,2,1.0,1,1,1,0,0,0,1,0,0,0,0,0,0,medio_alto
6,35000.0,157,0.8726114649681529,10,3,1,0,0,0,1,0,0,1,0,1,0,alto
2,10000.0,8,0.625,1,5,1,0,0,0,1,1,0,1,0,1,0,gratuito
6,10000.0,19,0.7368421052631579,1,2,1,1,0,0,1,1,0,0,0,0,0,baixo
3,10000.0,1,0.0,2,2,1,0,0,0,0,1,0,0,1,0,0,baixo
3,10000.0,0,0.0,2,1,1,0,0,0,0,0,1,0,0,0,0,alto
9,75000.0,255,0.8549019607843137,1,2,1,0,0,1,1,0,1,0,0,0,0,medio_alto
2,10000.0,0,0.0,1,3,1,0,0,0,1,1,0,1,0,0,0,medio_alto
4,10000.0,82,0.8658536585365854,14,2,1,0,0,1,1,0,0,1,0,0,0,baixo
5,10000.0,96,0.8645833333333334,6,4,1,0,0,0,1,1,0,1,0,0,0,baixo
8,10000.0,6,0.8333333333333334,8,2,1,0,0,0,1,0,0,1,0,0,0,baixo
1,10000.0,0,0.0,7,3,1,0,0,0,1,1,1,0,0,0,0,alto
4,35000.0,81,0.5555555555555556,5,4,1,0,0,0,1,0,1,1,1,0,0,baixo
5,10000.0,3,0.6666666666666666,1,4,1,0,0,0,1,0,1,1,0,1,0,baixo
8,10000.0,17,0.5882352941176471,4,1,1,0,0,0,0,0,0,0,0,0,0,gratuito
2,10000.0,1,1.0,2,5,1,0,0,0,1,0,1,1,1,0,0,medio_baixo
9,35000.0,548,0.7937956204379562,3,1,1,0,0,1,0,0,1,0,0,0,0,medio_baixo
2,10000.0,0,0.0,4,3,1,0,0,0,0,0,0,1,1,0,0,medio_baixo
8,10000.0,26,0.6153846153846154,1,4,1,0,0,0,1,1,1,1,0,0,0,gratuito
1,10000.0,0,0.0,11,1,1,0,0,0,0,0,1,0,0,0,0,medio_alto
2,0.0,0,0.0,0,0,1,0,0,0,0,0,0,0,0,0,0,gratuito
6,75000.0,1,1.0,1,2,1,0,0,0,1,0,0,0,1,0,0,baixo
4,0.0,0,0.0,0,0,1,0,0,0,0,0,0,0,0,0,0,gratuito
2,10000.0,31,0.5806451612903226,103,6,1,0,0,0,0,1,1,1,0,1,1,baixo
5,10000.0,56,0.9285714285714286,3,2,1,1,0,0,1,1,0,0,0,0,0,alto
12,150000.0,4559,0.923009431892959,2,3,1,0,0,2,0,0,1,1,0,0,1,medio_baixo
4,10000.0,11,0.6363636363636364,1,1,1,0,0,0,0,0,0,0,0,0,1,medio_baixo
7,10000.0,3,1.0,3,5,1,0,0,0,1,1,1,0,1,1,0,medio_alto
2,750000.0,22175,0.910574971815107,18,2,1,0,0,5,0,0,0,0,0,1,1,alto
11,35000.0,160,0.6,2,3,1,1,0,0,1,1,0,1,0,0,0,medio_baixo
7,10000.0,0,0.0,1,1,1,0,0,0,0,0,0,1,0,0,0,baixo
4,10000.0,95,1.0,3,2,1,0,0,0,1,1,0,0,0,0,0,medio_alto
10,10000.0,101,0.8217821782178217,1,1,1,0,0,0,0,0,0,1,0,0,0,gratuito
5,35000.0,552,0.7409420289855072,1,4,1,0,0,0,1,0,1,1,1,0,0,medio_alto
7,10000.0,119,0.7478991596638656,12,3,1,0,0,0,1,1,1,0,0,0,0,medio_alto
1,10000.0,4,1.0,1,2,1,0,0,0,1,0,0,1,0,0,0,medio_alto
8,10000.0,6,0.3333333333333333,5,2,1,1,0,0,1,0,0,1,0,0,0,medio_baixo
4,10000.0,22,0.8181818181818182,1,4,1,0,0,0,1,1,1,1,0,0,0,baixo
1,0.0,0,0.0,1,1,1,0,0,0,0,0,0,0,1,0,0,medio_alto
3,35000.0,463,0.7213822894168467,12,2,1,0,0,0,0,1,0,1,0,0,0,alto
9,150000.0,336,0.75,1,3,1,0,0,0,0,1,0,0,0,0,0,gratuito
11,35000.0,44,0.9318181818181818,1,4,1,0,0,0,1,1,1,0,0,0,0,gratuito
6,10000.0,13,0.8461538461538461,17,4,1,0,0,0,1,1,1,1,0,0,0,baixo
7,35000.0,299,0.6956521739130435,27,2,1,0,0,0,1,1,0,0,0,0,0,baixo
5,75000.0,5,1.0,1,3,1,0,0,0,0,1,0,1,0,1,0,gratuito
1,0.0,0,0.0,0,0,1,0,0,0,0,0,0,0,0,0,0,gratuito
3,0.0,0,0.0,1,4,1,0,0,0,1,1,0,1,0,0,0,gratuito
4,10000.0,0,0.0,7,3,1,0,0,0,1,0,0,1,1,0,0,baixo
18,350000.0,2188,0.9090493601462523,4,1,1,0,0,0,0,1,0,0,0,0,0,medio_alto
1,75000.0,1945,0.9038560411311054,4,2,1,0,0,1,1,0,0,0,0,0,1,alto
3,350000.0,30623,0.7617150507788264,13,3,1,0,0,2,0,1,0,0,0,1,1,alto
5,10000.0,17,0.6470588235294118,1,4,1,0,0,0,1,1,1,1,0,0,0,medio_baixo
2,10000.0,0,0.0,5,2,1,0,0,1,1,1,0,0,0,0,0,alto
2,10000.0,0,0.0,1,2,1,0,0,0,1,0,0,1,0,0,0,baixo
1,10000.0,3,0.0,1,5,1,0,0,0,1,1,1,0,0,0,0,gratuito
1,10000.0,5,1.0,1,2,1,0,0,0,1,0,0,1,0,0,0,medio_baixo
8,10000.0,0,0.0,1,2,1,0,0,0,1,1,0,0,0,0,0,medio_alto
4,0.0,0,0.0,1,4,1,0,0,0,0,0,1,1,1,0,0,gratuito
1,10000.0,0,0.0,7,3,1,0,0,0,1,0,0,1,0,0,1,medio_alto
5,35000.0,21,0.9523809523809523,2,3,1,0,1,1,0,1,0,1,0,0,0,gratuito
5,0.0,0,0.0,1,2,1,0,0,0,1,0,0,0,0,0,0,gratuito
10,10000.0,75,0.6133333333333333,1,5,1,1,0,0,1,1,1,1,0,1,0,medio_baixo
6,10000.0,14,0.6428571428571429,1,2,1,0,0,0,1,0,0,1,0,0,0,baixo
2,10000.0,39,0.9487179487179487,9,2,1,0,0,5,1,1,0,0,0,0,0,alto
1,0.0,0,0.0,1,1,1,0,0,0,0,0,0,0,1,0,0,alto
1,10000.0,0,0.0,1,1,1,0,1,0,0,0,0,0,0,1,0,medio_alto
5,0.0,0,0.0,1,5,1,0,0,0,1,0,1,0,1,1,0,gratuito
5,75000.0,13,0.46153846153846156,2,5,1,1,1,0,1,0,1,1,0,1,1,medio_baixo
8,35000.0,39,0.6666666666666666,4,3,1,0,0,0,1,1,1,0,0,0,0,alto
8,10000.0,37,0.8918918918918919,1,2,1,0,0,0,0,0,0,1,0,0,0,medio_baixo
1,0.0,0,0.0,13,3,1,0,0,0,1,0,0,0,0,1,1,gratuito
4,0.0,0,0.0,0,0,1,0,0,0,0,0,0,0,0,0,0,gratuito
2,10000.0,0,0.0,1,3,1,0,0,0,1,0,0,1,0,0,0,medio_alto
3,10000.0,4,0.75,7,9,1,0,0,0,1,1,1,1,1,1,1,medio_alto
3,0.0,0,0.0,0,0,1,0,0,0,0,0,0,0,0,0,0,gratuito
3,10000.0,9,1.0,2,4,1,1,0,0,1,1,1,1,0,0,0,medio_alto
7,35000.0,1607,0.924082140634723,1,4,1,1,0,1,1,0,1,1,0,0,1,medio_baixo
2,10000.0,3,0.6666666666666666,1,2,1,0,0,0,0,0,0,0,1,1,0,medio_baixo
1,10000.0,0,0.0,1,3,1,0,0,0,1,0,0,1,0,0,1,baixo
2,0.0,0,0.0,103,2,1,0,0,0,1,0,0,1,0,0,0,baixo
5,10000.0,0,0.0,1,2,1,1,0,1,1,0,0,1,0,0,0,baixo
7,10000.0,18,0.5555555555555556,2,3,1,0,0,0,1,0,0,1,0,0,1,baixo
11,750000.0,2902,0.7887663680220538,20,6,1,1,1,0,1,0,1,0,1,0,0,gratuito
1,10000.0,0,0.0,1,2,1,0,0,0,1,0,0,1,0,0,0,baixo
5,0.0,0,0.0,16,3,1,1,0,0,0,0,0,0,0,1,0,gratuito
6,10000.0,34,0.7647058823529411,1,5,1,0,0,0,1,1,1,0,1,0,0,alto
10,10000.0,19,0.3684210526315789,1,7,1,0,0,0,1,1,1,1,1,1,0,alto
9,10000.0,22,0.9545454545454546,1,3,1,0,0,0,1,0,0,0,0,1,0,alto
9,10000.0,1,0.0,2,3,1,0,0,0,0,1,0,1,0,0,0,alto
8,150000.0,2949,0.9260766361478467,1,3,1,1,1,0,1,0,0,1,0,0,1,medio_alto
2,10000.0,18,0.2777777777777778,19,3,1,0,0,0,1,0,1,1,0,0,0,medio_alto
3,10000.0,2,0.5,1,2,1,0,0,0,0,0,1,0,1,0,0,alto
3,10000.0,2,0.5,3,3,1,0,0,0,0,0,0,0,1,1,1,medio_alto
6,10000.0,10,0.6,1,2,1,0,0,0,0,0,1,1,0,0,0,medio_alto
6,350000.0,10186,0.7859807579030041,13,4,1,0,0,1,1,1,1,0,1,0,0,alto
1,0.0,0,0.0,1,4,1,0,0,0,1,1,0,0,0,1,0,alto
2,10000.0,0,0.0,11,2,1,0,0,0,1,0,0,1,0,0,0,baixo
7,10000.0,31,0.5806451612903226,7,3,1,0,0,1,1,0,1,1,0,0,0,baixo
2,10000.0,7,0.7142857142857143,1,2,1,1,0,0,1,0,1,0,0,0,0,medio_alto
10,10000.0,1,1.0,9,2,1,1,0,0,0,1,0,0,0,1,0,alto
8,10000.0,64,0.796875,1,2,1,0,0,1,1,0,0,1,0,0,0,baixo
1,10000.0,0,0.0,21,1,1,0,1,0,0,0,0,1,0,0,0,medio_alto
2,0.0,0,0.0,0,0,1,0,0,0,0,0,0,0,0,0,0,gratuito
5,35000.0,645,0.951937984496124,1,4,1,0,0,0,1,1,1,0,1,0,0,medio_baixo
7,10000.0,0,0.0,1,1,1,0,0,0,0,0,1,0,0,0,0,alto
9,10000.0,6,0.5,1,4,1,0,0,0,1,0,1,0,0,0,0,baixo
2,10000.0,87,0.9310344827586207,1,2,1,1,0,0,0,0,0,0,1,0,1,alto
1,10000.0,1,1.0,1,2,1,0,0,0,0,0,0,1,0,0,0,baixo
6,10000.0,1,0.0,2,3,1,0,0,0,1,1,0,0,1,0,0,medio_baixo
3,0.0,0,0.0,1,4,1,0,0,0,1,0,0,1,1,0,0,gratuito
6,10000.0,12,1.0,3,2,1,0,0,0,1,0,0,1,0,0,0,baixo
5,35000.0,56,0.7857142857142857,29,2,1,1,0,0,1,0,0,1,0,0,0,baixo
1,10000.0,102,0.8529411764705882,8,2,1,0,0,0,0,0,0,1,0,0,1,alto
2,35000.0,13,1.0,1,3,1,0,0,0,0,0,1,1,1,0,0,medio_baixo
5,10000.0,16,0.625,1,3,1,0,0,0,1,0,0,1,0,0,0,baixo
5,10000.0,105,0.7904761904761904,3,3,1,0,0,0,1,0,0,0,1,1,0,alto
5,10000.0,10,0.9,1,2,1,0,0,0,0,1,0,0,0,0,0,gratuito
2,0.0,0,0.0,0,0,1,0,0,0,0,0,0,0,0,0,0,gratuito
6,35000.0,313,0.6996805111821086,6,3,1,0,0,1,1,1,1,0,0,0,0,medio_baixo
8,75000.0,1,1.0,1,1,1,0,0,0,0,0,0,0,0,0,0,alto
3,10000.0,7,1.0,1,1,1,0,0,0,0,0,0,0,0,1,0,medio_alto
2,10000.0,6,1.0,1,3,1,0,0,0,1,1,0,1,0,0,0,medio_baixo
5,10000.0,12,0.4166666666666667,2,1,1,0,0,0,1,0,0,0,0,0,0,medio_alto
8,10000.0,58,0.5689655172413793,1,3,1,0,1,1,1,1,1,0,0,0,0,baixo
3,0.0,0,0.0,0,0,1,0,0,0,0,0,0,0,0,0,0,gratuito
1,10000.0,333,0.9069069069069069,4,2,1,0,0,0,0,0,1,1,0,0,0,medio_baixo
17,75000.0,780,0.7166666666666667,5,1,1,0,0,0,0,1,0,0,0,0,0,baixo
3,10000.0,0,0.0,1,4,1,0,0,0,1,1,1,0,1,0,0,medio_alto
9,10000.0,63,0.8888888888888888,4,1,1,1,1,0,0,0,1,0,0,0,0,baixo
7,10000.0,22,0.5454545454545454,1,4,1,0,0,0,0,0,0,1,0,0,1,gratuito
4,35000.0,30,0.7666666666666667,7,4,1,0,0,0,1,1,1,0,0,0,0,alto
12,35000.0,176,0.8693181818181818,1,2,1,0,0,0,1,1,0,0,0,0,0,medio_baixo
6,10000.0,7,0.8571428571428571,1,4,1,0,0,0,1,1,0,1,0,0,0,gratuito
9,10000.0,74,0.9324324324324325,1,1,1,0,0,1,0,0,1,0,0,0,0,alto
4,10000.0,0,0.0,1,3,1,0,0,0,1,0,1,0,0,0,0,gratuito
8,10000.0,18,0.9444444444444444,1,3,1,1,0,0,1,0,0,0,0,1,0,alto
9,10000.0,10,0.8,1,4,1,0,0,0,0,1,1,1,0,0,0,alto
1,10000.0,0,0.0,1,2,1,0,0,0,0,0,0,1,0,0,0,gratuito
1,10000.0,6,0.6666666666666666,1,5,1,0,0,0,1,0,1,1,0,1,1,baixo
8,10000.0,43,0.9767441860465116,5,3,1,0,0,0,1,1,0,0,0,1,0,alto
7,10000.0,12,0.9166666666666666,1,3,1,0,0,0,1,0,0,1,1,0,0,baixo
1,0.0,0,0.0,1,2,1,0,0,0,1,0,1,0,0,0,0,medio_baixo
8,10000.0,24,0.7916666666666666,1,3,1,0,1,1,1,0,0,1,0,1,0,baixo
5,75000.0,35,0.8571428571428571,8,2,1,0,0,0,0,0,1,1,0,0,0,alto
3,0.0,0,0.0,0,0,1,0,0,0,0,0,0,0,0,0,0,gratuito
10,35000.0,101,0.693069306930693,1,4,1,1,0,0,1,0,1,1,0,0,0,gratuito
1,10000.0,22,1.0,1,6,1,0,0,0,1,1,1,1,1,1,0,medio_alto
2,10000.0,0,0.0,1,2,1,0,0,0,0,0,1,0,1,0,0,alto
3,0.0,0,0.0,103,3,1,1,1,0,1,0,0,1,0,1,0,baixo
9,10000.0,4,0.75,1,3,1,0,0,0,1,1,0,1,0,0,0,medio_baixo
2,0.0,0,0.0,103,2,1,0,0,0,1,0,0,1,0,0,0,baixo
4,10000.0,11,1.0,1,2,1,0,0,0,1,1,0,0,0,0,0,baixo
5,10000.0,38,1.0,1,3,1,0,0,0,1,1,0,1,0,0,0,medio_baixo
6,10000.0,12,1.0,4,3,1,0,0,1,1,0,0,1,0,1,0,baixo
7,10000.0,12,0.5833333333333334,4,1,1,1,0,0,0,0,0,1,0,0,0,medio_baixo
2,10000.0,0,0.0,1,2,1,0,0,0,1,0,1,0,0,0,0,medio_baixo
10,35000.0,658,0.8297872340425532,1,1,1,0,0,0,0,0,1,0,0,0,0,alto
11,10000.0,24,0.75,2,3,1,1,1,0,1,0,1,0,1,0,0,medio_baixo
2,10000.0,6,1.0,1,3,1,0,1,0,1,0,1,0,0,0,1,medio_baixo
3,150000.0,16,0.5625,5,3,1,0,0,1,1,1,1,0,0,0,0,medio_baixo
1,0.0,0,0.0,103,1,1,0,0,0,0,0,0,1,0,0,0,medio_alto
1,10000.0,0,0.0,1,3,1,0,1,0,1,0,0,1,0,1,0,medio_alto
5,35000.0,1245,0.8698795180722891,4,4,1,0,0,1,1,0,0,1,1,0,1,medio_alto
2,10000.0,3,1.0,1,2,1,1,0,0,0,0,1,0,0,1,0,medio_alto
1,10000.0,0,0.0,1,4,1,0,1,0,1,1,0,1,0,1,0,medio_baixo
3,10000.0,4,0.5,3,3,1,0,0,0,1,0,0,0,1,1,0,medio_baixo
11,10000.0,91,0.8241758241758241,5,3,1,1,1,0,1,0,1,0,1,0,0,baixo
5,10000.0,10,0.7,1,2,1,0,0,0,1,0,0,0,0,1,0,medio_baixo
3,10000.0,2,1.0,1,2,1,0,0,0,0,0,0,1,0,0,1,alto
4,10000.0,24,0.9583333333333334,1,1,1,0,0,0,0,0,0,0,0,1,0,medio_alto
1,10000.0,0,0.0,9,1,1,0,0,2,0,1,0,0,0,0,0,alto
4,10000.0,16,0.5,2,3,1,0,0,0,1,0,0,0,1,0,1,medio_baixo
3,10000.0,0,0.0,1,2,1,0,0,0,1,0,0,1,0,0,0,medio_alto
4,10000.0,0,0.0,1,2,1,0,0,0,0,0,0,1,1,0,0,medio_baixo
2,10000.0,1,1.0,4,2,1,0,1,0,0,1,1,0,0,0,0,alto
8,10000.0,36,0.6666666666666666,1,3,1,0,0,0,1,0,0,0,0,0,0,baixo
10,10000.0,11,1.0,1,3,1,0,0,0,1,0,0,1,0,0,1,medio_baixo
4,35000.0,2,1.0,1,4,1,1,0,0,1,1,1,0,0,0,0,medio_baixo
1,10000.0,0,0.0,2,2,1,0,0,0,1,0,1,0,0,0,0,alto
3,0.0,0,0.0,0,0,1,0,0,0,0,0,0,0,0,0,0,gratuito
1,0.0,0,0.0,0,0,1,0,0,0,0,0,0,0,0,0,0,gratuito
1,0.0,0,0.0,4,2,1,0,0,0,1,0,1,0,0,0,0,medio_baixo
3,10000.0,23,0.6956521739130435,1,1,1,0,0,0,1,0,0,0,0,0,0,medio_alto
6,10000.0,9,0.6666666666666666,4,1,1,0,0,0,0,0,0,1,0,0,0,medio_alto
2,10000.0,1,0.0,3,4,1,0,0,0,1,1,1,0,1,0,0,alto
1,0.0,0,0.0,0,0,1,0,0,0,0,0,0,0,0,0,0,gratuito
2,10000.0,9,0.2222222222222222,2,7,1,0,0,0,1,1,1,1,0,1,1,medio_alto
5,10000.0,24,0.875,1,2,1,1,0,0,0,0,0,1,0,0,0,baixo
1,10000.0,0,0.0,1,4,1,1,1,0,1,0,1,1,0,0,1,medio_baixo
2,10000.0,0,0.0,3,3,1,0,0,0,1,1,1,0,0,0,0,medio_alto
2,10000.0,0,0.0,1,3,1,0,0,0,0,0,0,0,1,1,1,baixo
7,10000.0,29,0.7931034482758621,3,3,1,1,0,0,1,0,0,0,0,1,1,alto
2,35000.0,3,1.0,4,2,1,0,0,1,0,0,1,1,0,0,0,alto
7,10000.0,6,1.0,1,3,1,0,0,0,1,1,0,0,1,0,0,medio_alto
1,0.0,0,0.0,1,3,1,0,0,0,1,1,0,0,0,0,0,gratuito
17,750000.0,8549,0.851561586150427,9,1,1,0,0,1,0,1,0,0,0,0,0,medio_baixo
6,10000.0,7,0.5714285714285714,1,4,1,0,0,0,0,0,1,1,1,0,1,alto
11,10000.0,294,0.9115646258503401,1,2,1,0,0,0,0,0,1,0,1,0,0,baixo
1,0.0,0,0.0,103,2,1,0,0,0,1,0,0,1,0,0,0,medio_baixo
5,10000.0,150,0.74,12,3,1,0,0,0,1,1,1,0,0,0,0,medio_baixo
9,10000.0,45,0.8,4,4,1,0,1,0,1,1,1,0,1,0,0,gratuito
6,10000.0,11,0.6363636363636364,1,3,1,0,0,0,1,0,1,1,0,0,0,baixo
7,10000.0,17,0.8823529411764706,1,2,1,1,1,0,1,0,0,0,0,1,0,gratuito
11,10000.0,15,0.6666666666666666,1,2,1,0,0,0,1,0,1,0,0,0,0,baixo
5,35000.0,4,0.5,29,5,1,0,0,0,1,1,1,1,0,0,0,medio_baixo
1,10000.0,0,0.0,1,2,1,0,0,0,1,0,1,0,0,0,0,baixo
8,10000.0,16,0.5625,1,2,1,0,0,0,0,0,0,0,0,1,0,gratuito
1,10000.0,3,0.6666666666666666,1,3,1,1,1,0,1,0,0,1,0,0,1,medio_baixo
1,0.0,0,0.0,2,3,1,0,0,0,1,0,0,1,0,1,0,medio_alto
8,10000.0,7,0.7142857142857143,10,3,1,0,0,0,1,0,0,1,0,1,0,alto
1,0.0,0,0.0,1,4,1,0,0,0,1,1,1,1,0,0,0,medio_alto
1,10000.0,0,0.0,1,2,1,0,0,1,1,0,0,0,1,0,0,medio_alto
2,10000.0,10,1.0,10,2,1,0,0,0,0,1,0,0,0,0,0,gratuito
6,0.0,0,0.0,0,0,1,0,0,0,0,0,0,0,0,0,0,gratuito
4,10000.0,7,1.0,1,4,1,0,0,0,1,1,1,0,0,0,0,medio_alto
8,75000.0,1060,0.4367924528301887,1,3,1,1,1,0,1,0,0,0,0,1,1,alto
3,10000.0,0,0.0,1,1,1,0,0,0,1,0,0,0,0,0,0,medio_alto
5,10000.0,20,0.9,1,5,1,0,1,0,1,1,1,1,0,0,0,gratuito
4,0.0,0,0.0,0,0,1,0,0,0,0,0,0,0,0,0,0,gratuito
1,10000.0,233,0.8669527896995708,14,3,1,1,1,1,1,0,1,0,0,1,0,alto
5,10000.0,3,0.3333333333333333,1,1,1,0,0,0,0,0,0,0,0,1,0,baixo
3,10000.0,0,0.0,1,4,1,0,0,0,1,0,0,1,0,1,1,medio_baixo
6,10000.0,0,0.0,1,1,1,0,0,0,0,0,0,0,1,0,0,gratuito
2,10000.0,5,0.8,1,1,1,0,0,0,0,0,0,0,1,0,0,medio_baixo
7,10000.0,38,0.6842105263157895,2,3,1,0,1,0,1,0,1,1,0,0,0,gratuito
1,0.0,0,0.0,0,0,1,0,0,0,0,0,0,0,0,0,0,gratuito
4,35000.0,40,0.6,2,1,1,0,0,0,0,0,0,0,0,1,0,medio_alto
4,10000.0,0,0.0,1,4,1,1,0,1,1,1,0,1,0,1,0,medio_baixo
7,10000.0,165,0.9575757575757575,1,3,1,0,0,0,1,0,0,0,0,0,1,gratuito
11,35000.0,318,0.9371069182389937,2,2,1,0,1,0,1,1,0,0,0,0,0,medio_baixo
6,10000.0,47,0.9574468085106383,1,3,1,0,0,1,1,0,0,1,0,0,1,medio_baixo
6,10000.0,7,1.0,1,3,1,0,0,0,0,0,0,1,0,1,0,alto
2,10000.0,0,0.0,1,4,1,0,0,0,1,1,1,1,0,0,0,alto
2,10000.0,7,0.8571428571428571,31,3,1,1,1,0,0,0,1,1,1,0,0,gratuito
2,10000.0,8,0.125,1,1,1,0,0,0,0,0,0,0,0,0,1,baixo
5,350000.0,4651,0.6751236293270264,16,2,1,0,0,0,1,0,0,0,0,0,0,medio_baixo
5,10000.0,4,1.0,1,1,1,0,0,0,0,0,0,1,0,0,0,medio_baixo
8,35000.0,30,0.5333333333333333,1,3,1,0,0,0,1,1,0,0,0,0,0,gratuito
5,0.0,0,0.0,0,0,1,0,0,0,0,0,0,0,0,0,0,gratuito
1,0.0,0,0.0,0,0,1,0,0,0,0,0,0,0,0,0,0,gratuito
2,10000.0,13,0.9230769230769231,1,3,1,0,0,1,1,0,0,0,1,1,0,baixo
4,150000.0,5792,0.7683011049723757,12,2,1,0,0,1,0,0,0,0,0,1,1,alto
2,75000.0,1200,0.93,14,5,1,1,0,0,1,1,0,1,0,1,1,alto
1,35000.0,377,0.9124668435013262,1,3,1,0,0,0,1,1,1,0,0,0,0,medio_alto
1,10000.0,13,1.0,12,3,1,0,0,0,1,0,0,0,0,1,1,alto
4,0.0,0,0.0,0,0,1,0,0,0,0,0,0,0,0,0,0,gratuito
10,75000.0,333,0.7207207207207207,1,5,1,1,0,0,0,1,1,0,1,0,0,gratuito
4,10000.0,5,1.0,1,3,1,0,0,0,1,1,0,0,0,0,0,alto
9,35000.0,38,0.8421052631578947,1,2,1,0,0,0,0,0,1,1,0,0,0,medio_alto
1,10000.0,47,0.6382978723404256,6,4,1,0,0,0,1,1,1,0,0,0,0,alto
3,10000.0,57,0.5789473684210527,1,4,1,0,0,0,0,1,0,0,0,0,1,baixo
11,150000.0,310,0.6451612903225806,1,1,1,0,0,0,0,1,0,0,0,0,0,baixo
2,0.0,0,0.0,0,0,1,0,0,0,0,0,0,0,0,0,0,gratuito
4,10000.0,2,0.5,1,3,1,0,0,0,1,0,1,0,0,1,0,medio_baixo
5,35000.0,3,0.6666666666666666,1,3,1,0,0,0,1,0,1,0,1,0,0,medio_alto
5,0.0,0,0.0,0,0,1,0,0,0,0,0,0,0,0,0,0,gratuito
3,10000.0,8,0.875,29,3,1,1,1,0,1,1,0,1,0,0,0,baixo
18,350000.0,2915,0.9248713550600343,5,1,1,0,0,0,0,0,0,0,0,1,0,medio_baixo
8,10000.0,5,1.0,1,2,1,1,0,0,1,1,0,0,0,0,0,alto
4,0.0,0,0.0,1,2,1,1,0,0,0,0,0,1,0,0,0,gratuito
5,10000.0,12,0.9166666666666666,14,2,1,0,0,0,1,0,0,1,0,0,0,medio_baixo
2,10000.0,4,0.25,1,4,1,0,0,0,1,1,1,0,1,0,0,alto
3,10000.0,27,0.8518518518518519,2,1,1,0,0,0,1,0,0,0,0,0,0,medio_alto
4,10000.0,2,0.5,2,1,1,0,0,0,0,0,0,1,0,0,0,alto
3,10000.0,3,1.0,1,2,1,1,1,0,1,0,0,1,0,0,0,baixo
8,10000.0,4,0.5,2,4,1,0,0,0,1,0,1,1,0,0,0,medio_alto
1,0.0,0,0.0,0,0,1,0,0,0,0,0,0,0,0,0,0,gratuito
4,10000.0,0,0.0,1,1,1,0,0,0,0,0,1,0,0,0,0,medio_baixo
2,10000.0,16,0.5625,6,4,1,0,0,0,1,1,1,0,0,0,0,medio_alto
3,10000.0,5,1.0,1,2,1,0,0,0,0,0,1,1,0,0,0,medio_alto
1,0.0,0,0.0,1,2,1,0,0,0,0,1,1,0,0,0,0,medio_alto
8,10000.0,8,0.5,1,2,1,0,0,1,1,0,0,1,0,0,0,baixo
10,75000.0,1088,0.8198529411764706,1,3,1,1,1,0,1,0,0,1,0,0,1,baixo
4,10000.0,8,0.75,27,3,1,0,0,0,1,1,0,0,0,0,0,baixo
1,0.0,0,0.0,1,2,1,0,0,2,0,0,0,0,1,0,0,gratuito
1,0.0,0,0.0,0,0,1,0,0,0,0,0,0,0,0,0,0,gratuito
2,10000.0,0,0.0,1,3,1,0,0,0,0,1,0,1,0,1,0,medio_alto
3,35000.0,33,0.9696969696969697,2,3,1,0,0,0,1,0,1,0,0,0,0,gratuito
2,10000.0,0,0.0,2,3,1,0,0,0,1,1,0,0,1,0,0,medio_alto
1,10000.0,0,0.0,1,4,1,0,0,0,1,1,0,1,0,0,1,medio_baixo
7,10000.0,1,1.0,29,4,1,0,0,0,1,1,1,1,0,0,0,medio_alto
10,10000.0,57,0.9122807017543859,15,2,1,0,0,0,1,0,0,1,0,0,0,baixo
3,10000.0,2,0.0,1,1,1,0,0,0,0,1,0,0,0,0,0,medio_baixo
6,10000.0,3,0.0,1,2,1,0,0,0,1,0,1,0,0,0,0,medio_alto
3,10000.0,74,0.9054054054054054,9,3,1,0,1,1,1,0,0,1,0,0,1,gratuito
1,0.0,0,0.0,8,1,1,0,0,0,0,0,0,1,0,0,0,alto
1,0.0,0,0.0,2,6,1,0,0,0,1,1,1,1,0,0,0,gratuito
2,10000.0,5,0.2,1,2,1,0,0,0,0,0,0,0,0,1,1,alto
6,10000.0,23,0.9130434782608695,7,5,1,1,1,0,1,1,0,1,0,1,0,alto
1,10000.0,0,0.0,1,4,1,0,0,0,1,1,0,0,1,0,0,medio_alto
8,350000.0,2849,0.46893646893646895,12,3,1,0,0,2,1,1,1,0,0,0,0,medio_baixo
4,10000.0,2,1.0,1,2,1,0,0,0,0,1,0,1,0,0,0,baixo
6,150000.0,517,0.8588007736943907,10,2,1,0,0,6,0,0,0,0,0,1,1,alto
3,10000.0,190,0.7789473684210526,5,4,1,1,0,0,1,0,0,0,0,1,1,alto
1,0.0,0,0.0,0,0,1,0,0,0,0,0,0,0,0,0,0,gratuito
3,35000.0,145,0.7655172413793103,15,5,1,0,0,0,1,1,0,1,1,1,0,baixo
6,10000.0,8,1.0,1,2,1,0,0,0,1,0,1,0,0,0,0,medio_baixo
1,0.0,0,0.0,1,3,1,0,0,0,1,0,0,0,1,0,0,gratuito
3,10000.0,135,0.8074074074074075,1,4,1,1,1,0,1,0,1,1,1,0,0,alto
6,10000.0,16,1.0,2,3,1,0,0,0,1,1,0,1,0,0,0,baixo
7,350000.0,11114,0.895537160338312,19,2,1,1,1,3,1,0,0,0,0,1,0,medio_alto
8,10000.0,16,0.625,27,3,1,0,0,1,1,0,1,1,0,0,0,baixo
1,0.0,0,0.0,0,0,1,0,0,0,0,0,0,0,0,0,0,gratuito
2,0.0,0,0.0,1,5,1,0,0,0,1,0,0,1,0,1,1,gratuito
2,0.0,0,0.0,3,7,1,0,0,0,1,0,1,1,1,1,0,gratuito
5,0.0,0,0.0,0,0,1,0,0,0,0,0,0,0,0,0,0,gratuito
5,0.0,0,0.0,1,4,1,1,0,0,0,0,0,0,0,1,1,gratuito
2,10000.0,0,0.0,1,2,1,0,0,0,0,0,1,0,1,0,0,medio_baixo
3,10000.0,13,1.0,1,4,1,0,0,0,1,0,0,1,0,0,1,gratuito
1,10000.0,3,0.3333333333333333,1,2,1,0,0,0,1,0,1,0,0,0,0,baixo
11,350000.0,3591,0.7997772208298524,3,4,1,1,1,0,1,1,1,0,1,0,0,medio_alto
3,350000.0,5693,0.7544352713859125,10,4,1,0,0,0,0,1,1,0,1,0,0,alto
8,150000.0,730,0.7657534246575343,8,5,1,1,0,0,1,0,0,1,0,0,1,gratuito
6,75000.0,72,0.875,1,5,1,0,0,1,1,1,0,1,0,0,0,gratuito
4,10000.0,3,0.6666666666666666,2,1,1,0,0,0,0,0,0,0,1,0,0,baixo
1,0.0,0,0.0,16,3,1,0,0,0,1,0,0,1,0,0,1,medio_baixo
1,10000.0,0,0.0,8,2,1,0,0,8,0,1,0,0,1,0,0,alto
5,10000.0,6,0.6666666666666666,1,3,1,0,0,0,1,0,1,1,0,0,0,medio_baixo
4,10000.0,1,0.0,2,3,1,0,0,0,1,1,0,0,0,0,0,medio_alto
5,10000.0,11,0.9090909090909091,8,1,1,0,0,0,0,1,0,0,0,0,0,alto
3,10000.0,1,0.0,7,3,1,1,0,0,1,0,1,0,0,1,0,medio_baixo
5,10000.0,92,0.8478260869565217,5,3,1,0,0,2,1,0,1,1,0,0,0,gratuito
6,10000.0,17,0.5882352941176471,1,3,1,0,0,0,1,0,0,1,0,1,0,gratuito
1,0.0,0,0.0,2,3,1,0,0,0,1,0,0,0,0,1,0,gratuito
11,1500000.0,9732,0.8958076448828607,2,4,1,1,0,0,1,0,1,1,0,0,1,medio_alto
8,10000.0,32,0.46875,2,3,1,1,1,0,1,1,1,0,0,0,0,medio_alto
3,0.0,0,0.0,1,5,1,0,0,0,1,1,1,1,0,0,0,gratuito
3,35000.0,9,0.8888888888888888,1,1,1,0,0,0,0,1,0,0,0,0,0,medio_baixo
1,10000.0,0,0.0,1,4,1,0,0,0,1,1,0,1,1,0,0,medio_alto
6,10000.0,11,1.0,1,1,1,0,0,0,0,0,1,0,0,0,0,medio_baixo
4,10000.0,33,0.9090909090909091,1,3,1,0,0,0,1,0,0,1,1,0,0,gratuito
11,35000.0,332,0.4789156626506024,13,2,1,1,0,0,0,1,0,0,0,0,0,medio_alto
4,10000.0,0,0.0,1,3,1,0,1,0,1,0,0,0,0,0,1,medio_baixo
6,75000.0,1673,0.9581589958158996,9,2,1,1,0,1,1,0,1,0,0,0,0,alto
5,10000.0,13,0.9230769230769231,1,1,1,0,0,0,0,0,0,1,0,0,0,baixo
8,10000.0,27,0.4074074074074074,1,2,1,0,0,0,1,1,0,0,0,0,0,gratuito
3,10000.0,2,0.5,1,4,1,0,0,0,1,0,0,1,1,0,0,gratuito
13,350000.0,4463,0.6627828814698633,5,2,1,0,0,1,0,1,1,0,0,0,0,alto
3,10000.0,28,0.8928571428571429,2,4,1,0,0,0,0,0,0,1,0,1,1,gratuito
4,10000.0,247,0.9676113360323887,1,3,1,0,0,0,0,0,1,0,1,0,1,medio_baixo
17,750000.0,9840,0.8878048780487805,7,1,1,0,0,1,0,0,0,0,1,0,0,medio_alto
10,10000.0,102,0.8137254901960784,1,2,1,0,0,0,0,0,0,1,0,0,1,baixo
5,0.0,0,0.0,1,2,1,0,0,0,0,0,0,1,0,0,0,gratuito
3,150000.0,321,0.9501557632398754,12,2,1,1,0,1,1,0,0,0,0,1,0,alto
9,10000.0,6,0.6666666666666666,2,2,1,0,0,0,1,0,0,0,1,0,0,baixo
3,10000.0,0,0.0,1,4,1,1,1,0,1,0,1,1,1,0,0,medio_baixo
1,0.0,0,0.0,5,4,1,0,0,0,1,0,1,1,0,0,0,gratuito
3,35000.0,31,0.7741935483870968,1,4,1,0,0,0,1,1,1,0,0,0,0,gratuito
11,10000.0,8617,0.7407450388766392,11,3,1,1,1,0,1,1,0,0,0,0,0,gratuito
4,10000.0,4,1.0,1,2,1,0,0,0,1,0,0,1,0,0,0,baixo
2,10000.0,0,0.0,103,5,1,0,0,0,1,1,1,1,0,1,0,baixo
8,10000.0,72,0.625,4,3,1,0,0,0,1,1,1,0,0,0,0,medio_baixo
4,35000.0,3,0.0,1,3,1,0,0,0,0,0,1,1,0,1,0,medio_baixo
3,0.0,0,0.0,0,0,1,0,0,0,0,0,0,0,0,0,0,gratuito
4,10000.0,0,0.0,1,5,1,0,0,0,0,1,0,0,1,1,1,medio_alto
5,10000.0,2,0.0,1,3,1,0,0,0,0,0,1,1,0,0,1,medio_baixo
3,0.0,0,0.0,0,0,1,0,0,0,0,0,0,0,0,0,0,gratuito
4,10000.0,18,0.9444444444444444,1,2,1,0,0,0,1,0,0,1,0,0,0,gratuito
9,10000.0,197,0.4467005076142132,2,3,1,0,0,0,1,1,1,0,0,0,0,medio_baixo
9,10000.0,55,0.32727272727272727,1,2,1,0,0,0,1,1,0,0,0,0,0,baixo
1,0.0,0,0.0,1,2,1,0,0,0,1,1,0,0,0,0,0,alto
4,10000.0,6,0.6666666666666666,1,4,1,0,0,6,0,0,0,0,0,0,0,alto
11,10000.0,168,0.8154761904761905,1,2,1,1,1,1,1,0,0,0,1,0,0,medio_baixo
4,10000.0,38,0.8157894736842105,1,3,1,0,0,0,0,1,0,0,0,1,1,medio_alto
3,35000.0,1,0.0,2,2,1,0,0,0,0,0,1,0,0,0,0,medio_baixo
1,10000.0,0,0.0,1,5,1,0,0,0,1,1,0,1,0,0,0,gratuito
9,10000.0,3,1.0,9,4,1,0,0,0,1,0,0,0,0,1,0,medio_alto
7,10000.0,167,0.8203592814371258,1,4,1,0,0,0,1,0,1,1,0,0,1,alto
3,10000.0,9,0.8888888888888888,3,2,1,0,0,0,1,1,0,0,0,0,0,medio_alto
14,75000.0,147,0.6802721088435374,1,2,1,1,0,0,1,0,0,1,0,0,0,medio_alto
1,10000.0,0,0.0,2,4,1,1,0,0,1,1,0,0,1,0,0,medio_alto
1,0.0,0,0.0,4,3,1,0,1,0,1,1,0,1,0,0,0,medio_alto
7,10000.0,76,0.6578947368421053,1,3,1,1,0,0,1,0,0,0,0,1,1,alto
3,150000.0,1904,0.41596638655462187,12,3,1,0,0,2,1,1,1,0,0,0,0,medio_baixo
1,10000.0,0,0.0,2,3,1,1,0,0,1,1,0,0,1,0,0,medio_alto
6,10000.0,27,0.37037037037037035,1,3,1,0,0,0,1,1,0,1,0,0,0,medio_baixo
7,10000.0,128,0.9921875,1,1,1,1,1,0,0,0,0,0,0,0,1,medio_baixo
1,10000.0,0,0.0,1,2,1,0,0,0,1,0,1,0,0,0,0,baixo
4,0.0,0,0.0,1,5,1,0,0,0,1,1,1,0,0,0,0,gratuito
1,10000.0,0,0.0,1,2,1,0,0,0,1,0,1,0,0,0,0,medio_baixo
3,10000.0,0,0.0,1,3,1,0,0,0,1,0,0,1,0,0,0,gratuito
1,10000.0,0,0.0,6,4,1,0,0,0,1,0,0,1,1,0,1,medio_alto
5,10000.0,482,0.7655601659751037,1,1,1,0,0,0,0,1,0,0,0,0,0,alto
1,10000.0,0,0.0,1,2,1,1,1,1,0,0,0,1,0,0,1,medio_alto
2,0.0,0,0.0,0,0,1,0,0,0,0,0,0,0,0,0,0,gratuito
10,10000.0,14,0.8571428571428571,1,3,1,1,1,1,1,1,0,1,0,0,0,medio_alto
10,10000.0,72,0.6944444444444444,1,4,1,1,1,0,1,0,0,1,0,0,1,medio_alto
4,35000.0,25,0.64,1,5,1,0,0,0,1,1,1,0,1,0,0,alto
1,0.0,0,0.0,0,0,1,0,0,0,0,0,0,0,0,0,0,gratuito
2,35000.0,1,1.0,1,4,1,0,0,0,1,1,1,0,1,0,0,medio_baixo
2,10000.0,0,0.0,10,4,1,0,0,0,1,0,1,0,1,1,0,medio_baixo
9,10000.0,74,0.7027027027027027,1,4,1,1,0,0,1,1,0,1,0,0,0,gratuito
2,10000.0,8,0.625,1,4,1,0,0,0,1,1,0,1,0,0,0,alto
1,0.0,0,0.0,0,0,1,0,0,0,0,0,0,0,0,0,0,gratuito
5,75000.0,6,0.8333333333333334,1,6,1,1,1,0,1,1,1,1,1,1,0,medio_alto
4,10000.0,5,1.0,1,3,1,1,0,0,1,1,0,1,0,0,0,medio_alto
9,75000.0,686,0.8527696793002916,5,2,1,1,1,1,1,1,0,0,0,0,0,alto
2,10000.0,0,0.0,1,3,1,0,0,0,1,0,1,0,1,0,0,medio_alto
7,10000.0,38,0.9736842105263158,1,1,1,0,0,0,0,1,0,0,0,0,0,medio_baixo
5,75000.0,42,0.6904761904761905,3,3,1,0,0,0,1,0,1,1,0,0,0,medio_baixo
3,0.0,0,0.0,1,6,1,0,0,1,1,0,1,1,1,0,1,gratuito
10,150000.0,453,0.7505518763796909,2,4,1,1,1,3,1,0,1,0,1,0,0,gratuito
1,10000.0,0,0.0,1,5,1,1,1,1,1,0,1,1,0,0,1,alto
2,10000.0,110,0.8,1,4,1,0,0,0,1,0,1,1,0,0,0,baixo
8,10000.0,9,0.3333333333333333,1,1,1,0,0,0,1,0,0,0,0,0,0,baixo
3,10000.0,4,1.0,1,1,1,0,0,0,0,1,0,0,0,0,0,medio_baixo
11,15000000.0,275770,0.9296225115132175,9,2,1,1,1,72,0,0,0,0,0,1,1,alto
7,10000.0,0,0.0,1,1,1,0,0,0,0,0,1,0,0,0,0,alto
6,10000.0,2,0.0,1,2,1,0,0,0,0,0,1,1,0,0,0,medio_alto
2,10000.0,8,0.875,1,3,1,0,1,0,1,1,0,0,0,1,0,baixo
1,10000.0,1,1.0,1,3,1,0,0,0,1,1,0,1,0,0,0,medio_baixo
1,10000.0,17,1.0,1,1,1,1,0,0,0,0,0,0,0,0,0,medio_baixo
9,35000.0,43,0.5813953488372093,1,3,1,1,1,0,1,1,0,1,0,0,0,baixo
1,0.0,0,0.0,5,4,1,0,0,0,1,1,0,1,0,0,1,medio_alto
1,35000.0,65,0.9846153846153847,1,3,1,0,0,0,0,1,1,1,0,0,0,medio_baixo
8,75000.0,139,0.6690647482014388,2,4,1,0,0,1,1,0,0,1,0,0,0,gratuito
8,10000.0,28,0.7142857142857143,1,2,1,0,0,0,0,1,0,1,0,0,0,gratuito
3,10000.0,2,1.0,2,4,1,0,0,0,1,1,1,0,1,0,0,baixo
11,75000.0,386,0.6217616580310881,1,3,1,0,0,0,1,1,1,0,0,0,0,baixo
8,35000.0,378,0.9285714285714286,4,3,1,1,0,0,1,0,1,0,0,0,1,gratuito
7,10000.0,11,0.9090909090909091,2,1,1,0,0,0,0,0,0,0,0,0,0,gratuito
12,10000.0,93,0.7956989247311828,2,2,1,1,1,0,0,0,1,1,0,0,0,medio_baixo
1,0.0,0,0.0,1,5,1,0,0,0,1,0,0,0,1,1,1,alto
1,10000.0,0,0.0,5,3,1,0,0,1,1,1,1,0,0,0,0,medio_baixo
9,10000.0,41,0.8780487804878049,1,3,1,0,0,0,0,0,1,1,0,0,1,alto
2,10000.0,8,1.0,1,2,1,0,0,0,1,1,0,0,0,0,0,medio_alto
8,10000.0,19,0.7368421052631579,3,3,1,0,0,0,1,0,1,0,0,0,1,alto
2,0.0,0,0.0,1,2,1,0,0,0,1,0,0,1,0,0,0,medio_baixo
5,10000.0,16,0.9375,1,4,1,0,0,0,1,1,0,1,0,1,0,baixo
7,10000.0,1,0.0,2,7,1,0,0,0,1,1,1,1,1,1,1,alto
2,10000.0,3,1.0,1,2,1,0,0,0,1,1,0,0,0,0,0,alto
4,10000.0,17,1.0,1,3,1,0,0,0,1,0,0,1,0,0,1,medio_alto
8,10000.0,12,0.75,1,2,1,0,0,0,0,0,0,0,0,0,1,gratuito
7,35000.0,20,0.4,103,5,1,0,0,0,1,0,1,1,0,1,1,medio_baixo
1,10000.0,0,0.0,1,3,1,0,0,0,1,0,1,0,0,0,1,baixo
3,10000.0,12,0.9166666666666666,1,1,1,0,0,0,0,0,1,0,0,0,0,medio_baixo
3,35000.0,6,0.6666666666666666,7,2,1,0,0,0,1,0,0,1,0,0,0,medio_alto
2,35000.0,8,0.75,1,3,1,0,0,1,1,1,0,0,0,0,0,gratuito
4,10000.0,0,0.0,16,3,1,0,0,0,0,0,1,1,0,0,1,alto
14,3500000.0,75052,0.953485583328892,10,3,1,1,1,1,1,0,0,0,0,1,1,medio_baixo
7,10000.0,3,1.0,1,4,1,0,0,0,1,1,0,1,0,0,0,medio_alto
3,350000.0,58,0.6724137931034483,22,4,1,0,0,0,1,1,1,0,0,0,0,gratuito
4,10000.0,6,0.6666666666666666,1,2,1,0,0,0,1,0,0,0,0,0,0,medio_alto
1,10000.0,0,0.0,10,4,1,0,0,1,1,0,0,1,0,1,1,medio_alto
2,35000.0,4,1.0,1,3,1,0,0,0,0,1,1,0,0,0,0,alto
4,10000.0,62,0.2903225806451613,1,3,1,0,0,0,0,0,1,1,0,0,1,baixo
9,35000.0,199,0.6834170854271356,5,3,1,0,0,0,1,1,0,0,0,1,0,medio_baixo
6,10000.0,0,0.0,6,3,1,1,1,1,1,0,1,1,0,0,0,alto
3,0.0,0,0.0,3,3,1,1,1,0,0,0,0,0,0,0,0,gratuito
7,10000.0,24,0.8333333333333334,1,2,1,1,0,0,1,1,0,0,0,0,0,alto
8,10000.0,86,0.7906976744186046,103,5,1,0,0,0,1,0,1,1,0,1,1,baixo
4,0.0,0,0.0,2,4,1,1,1,1,1,0,1,1,0,0,0,gratuito
10,10000.0,3,0.6666666666666666,1,4,1,0,0,0,1,1,1,1,0,0,0,medio_alto
1,0.0,0,0.0,26,1,1,0,0,0,1,0,0,0,0,0,0,alto
1,10000.0,34,0.9117647058823529,11,4,1,0,0,0,1,1,1,1,0,0,0,alto
4,10000.0,4,1.0,2,3,1,1,0,1,1,1,0,1,0,0,0,medio_alto
1,0.0,0,0.0,0,0,1,0,0,0,0,0,0,0,0,0,0,gratuito
1,10000.0,0,0.0,11,2,1,1,1,0,1,0,0,0,0,1,0,medio_baixo
5,10000.0,139,0.9640287769784173,1,1,1,1,0,0,1,0,0,0,0,0,0,alto
8,10000.0,19,0.2631578947368421,1,5,1,1,1,0,1,1,0,1,0,0,1,baixo
10,10000.0,24,0.9166666666666666,1,4,1,0,0,0,1,1,1,1,0,0,0,medio_baixo
12,35000.0,125,0.64,1,4,1,0,0,0,1,1,1,1,0,0,0,baixo
1,0.0,0,0.0,1,2,1,0,1,1,1,0,1,0,0,0,0,medio_alto
2,10000.0,3,1.0,2,1,1,0,0,0,0,0,1,0,0,0,0,alto
12,75000.0,568,0.9172535211267606,13,1,1,0,0,0,0,0,1,0,0,0,0,medio_alto
6,10000.0,1,1.0,1,1,1,0,0,0,0,0,0,0,0,0,0,alto
9,10000.0,7,1.0,1,3,1,0,0,0,1,1,0,0,0,0,0,alto
2,10000.0,33,0.9393939393939394,1,4,1,0,0,0,1,0,1,1,0,0,0,gratuito
1,10000.0,0,0.0,1,1,1,0,0,0,0,0,1,0,0,0,0,baixo
9,75000.0,1592,0.7041457286432161,6,2,1,0,0,0,0,1,0,0,1,0,0,medio_alto
3,350000.0,2440,0.955327868852459,10,3,1,0,0,2,1,1,1,0,0,0,0,alto
1,10000.0,0,0.0,27,2,1,1,1,0,1,0,0,0,0,0,1,alto
3,10000.0,1,0.0,1,4,1,0,0,0,1,1,1,0,1,0,0,baixo
9,10000.0,8,0.5,1,2,1,0,0,1,1,0,0,0,0,0,0,alto
5,35000.0,375,0.7946666666666666,2,3,1,0,0,0,1,0,1,0,1,0,0,alto
3,0.0,0,0.0,0,0,1,0,0,0,0,0,0,0,0,0,0,gratuito
18,3500000.0,36334,0.8457642979027907,5,2,1,0,0,0,0,1,1,0,0,0,0,medio_alto
8,10000.0,37,0.8108108108108109,3,3,1,1,1,0,1,1,0,0,0,1,0,medio_alto
2,10000.0,127,0.6692913385826772,4,2,1,0,0,0,0,0,0,0,1,1,0,medio_baixo
2,35000.0,15,0.7333333333333333,6,3,1,0,0,0,1,0,0,0,1,1,0,medio_alto
1,35000.0,455,0.865934065934066,2,3,1,0,0,0,1,0,0,1,0,0,1,medio_alto
1,10000.0,2,1.0,1,4,1,0,0,0,1,0,0,1,0,1,1,medio_baixo
20,150000.0,1276,0.8942006269592476,3,1,1,0,0,0,0,1,0,0,0,0,0,medio_baixo
3,0.0,0,0.0,0,0,1,0,0,0,0,0,0,0,0,0,0,gratuito
3,0.0,0,0.0,0,0,1,0,0,0,0,0,0,0,0,0,0,gratuito
1,10000.0,0,0.0,1,3,1,0,0,1,1,1,1,0,0,0,0,medio_alto
3,0.0,0,0.0,3,4,1,0,0,0,1,1,0,1,0,0,0,gratuito
7,35000.0,123,0.7967479674796748,6,2,1,0,0,0,0,1,0,1,0,0,0,medio_baixo
9,10000.0,88,0.9772727272727273,18,4,1,1,0,0,1,1,1,1,0,0,0,medio_baixo
6,10000.0,0,0.0,1,3,1,0,0,0,1,0,0,1,0,0,1,baixo
1,10000.0,2,0.0,1,4,1,0,0,0,1,1,0,1,1,0,0,medio_baixo
5,0.0,0,0.0,0,0,1,0,0,0,0,0,0,0,0,0,0,gratuito
4,10000.0,1,1.0,1,3,1,0,0,0,1,1,0,0,0,0,0,medio_baixo
3,10000.0,12,0.4166666666666667,1,6,1,0,0,0,0,0,1,0,1,1,1,medio_alto
7,35000.0,368,0.8913043478260869,6,1,1,0,0,0,0,0,0,1,0,0,0,alto
4,10000.0,0,0.0,1,2,1,0,0,0,1,0,0,0,1,0,0,alto
9,10000.0,115,0.7565217391304347,1,4,1,1,0,0,1,0,1,1,0,0,1,baixo
8,10000.0,25,0.68,2,4,1,0,0,0,1,1,1,0,0,0,1,medio_alto
1,10000.0,0,0.0,10,1,1,0,0,0,1,0,0,0,0,0,0,medio_alto
1,0.0,0,0.0,7,5,1,0,0,0,1,0,1,1,0,0,1,gratuito
5,10000.0,235,0.7148936170212766,10,7,1,0,0,0,1,1,1,1,1,0,1,gratuito
1,10000.0,26,0.7307692307692307,1,2,1,0,0,0,1,0,0,0,0,0,0,baixo
5,10000.0,15,0.5333333333333333,1,4,1,0,0,0,1,1,1,1,0,0,0,baixo
9,10000.0,37,0.7297297297297297,1,4,1,1,1,1,1,1,1,1,0,0,0,baixo
3,0.0,0,0.0,1,4,1,0,1,0,1,0,0,1,0,1,0,gratuito
1,10000.0,0,0.0,1,1,1,0,0,0,1,0,0,0,0,0,0,medio_baixo
4,0.0,0,0.0,1,5,1,1,0,0,1,1,1,1,0,0,0,gratuito
3,35000.0,1,1.0,2,4,1,0,0,0,1,1,1,0,1,0,0,baixo
16,150000.0,252,0.7142857142857143,1,1,1,0,0,0,0,0,0,0,0,1,0,medio_baixo
2,10000.0,7,0.7142857142857143,1,2,1,0,0,0,0,1,0,0,0,0,0,alto
2,10000.0,3,1.0,1,4,1,1,0,0,1,0,0,1,0,1,0,gratuito
1,10000.0,0,0.0,1,3,1,0,0,0,1,1,0,0,0,0,0,gratuito
10,150000.0,310,0.5838709677419355,12,1,1,1,0,1,0,0,0,0,0,0,1,medio_baixo
1,10000.0,16,1.0,4,3,1,0,0,0,0,0,1,1,0,0,1,alto
5,10000.0,21,0.9523809523809523,1,3,1,0,0,0,1,0,0,1,0,1,0,baixo
18,75000.0,158,0.8670886075949367,1,1,1,0,0,0,0,1,0,0,0,0,0,baixo
9,75000.0,200,0.705,3,1,1,0,0,0,0,0,0,0,0,1,0,medio_baixo
7,10000.0,31,0.8387096774193549,2,3,1,0,0,0,1,0,0,1,0,0,1,medio_baixo
8,10000.0,128,0.6796875,1,3,1,1,1,0,1,0,0,1,0,0,1,baixo
5,10000.0,18,0.8888888888888888,1,7,1,0,0,0,1,1,1,1,0,1,1,medio_alto
1,0.0,0,0.0,1,3,1,0,0,0,0,0,0,1,0,1,0,gratuito
2,10000.0,79,0.8354430379746836,2,3,1,0,0,0,1,0,1,0,0,0,1,medio_baixo
13,1500000.0,647,0.6877897990726429,3,1,1,1,1,1,0,0,1,0,0,0,0,medio_baixo
5,10000.0,0,0.0,1,2,1,0,0,0,1,0,0,1,0,0,0,medio_baixo
4,10000.0,0,0.0,1,3,1,0,0,0,1,1,1,0,0,0,0,baixo
2,10000.0,0,0.0,2,2,1,0,0,0,1,0,0,1,0,0,0,medio_baixo
4,10000.0,11,0.5454545454545454,10,1,1,0,0,0,0,0,0,0,0,0,0,alto
4,10000.0,1,1.0,6,4,1,0,0,0,1,1,1,1,0,0,0,alto
2,10000.0,19,0.9473684210526315,1,1,1,0,0,0,0,1,0,0,0,0,0,medio_baixo
2,0.0,0,0.0,0,0,1,0,0,0,0,0,0,0,0,0,0,gratuito
4,10000.0,9,0.6666666666666666,3,4,1,0,0,0,1,1,0,1,0,0,1,baixo
4,10000.0,0,0.0,2,3,1,0,0,0,1,1,0,1,0,0,0,baixo
3,0.0,0,0.0,3,1,1,1,1,0,0,0,1,0,0,0,0,gratuito
5,10000.0,104,0.5673076923076923,1,5,1,0,0,0,1,1,1,0,1,1,0,alto
2,35000.0,13,0.9230769230769231,2,4,1,0,0,0,1,1,1,1,0,0,0,medio_baixo
2,150000.0,1791,0.9631490787269682,5,3,1,0,0,1,1,0,0,0,1,1,0,alto
2,150000.0,4461,0.8623626989464246,13,6,1,0,0,1,1,1,1,0,1,0,1,alto
3,0.0,0,0.0,1,1,1,0,0,0,1,0,0,0,0,0,0,gratuito
2,10000.0,0,0.0,3,2,1,0,0,0,1,0,0,1,0,0,0,medio_alto
3,10000.0,35,0.6285714285714286,15,1,1,0,0,0,0,0,0,0,0,0,0,medio_alto
8,10000.0,2,0.5,1,1,1,0,0,0,0,0,0,0,0,0,1,alto
2,10000.0,1,0.0,16,3,1,0,0,0,1,0,0,1,0,0,1,medio_baixo
6,10000.0,50,0.96,7,1,1,0,0,0,0,0,0,0,0,0,0,medio_baixo
1,10000.0,0,0.0,1,3,1,1,1,0,1,1,0,0,0,0,1,alto
4,10000.0,279,0.910394265232975,14,5,1,1,1,1,1,0,1,1,1,0,0,alto
3,0.0,0,0.0,103,2,1,0,0,0,1,0,1,0,0,0,0,medio_baixo
4,0.0,0,0.0,2,2,1,0,0,0,1,0,0,0,0,0,0,gratuito
3,10000.0,0,0.0,1,1,1,0,0,0,0,1,0,0,0,0,0,medio_baixo
5,10000.0,6,1.0,1,4,1,1,0,0,1,1,1,1,0,0,0,medio_alto
4,35000.0,9,0.7777777777777778,1,2,1,0,0,0,0,0,1,0,1,0,0,gratuito
1,10000.0,0,0.0,1,3,1,0,0,0,1,0,1,1,0,0,0,alto
11,10000.0,205,0.8634146341463415,6,3,1,0,0,0,1,1,0,0,0,1,0,baixo
3,10000.0,4,1.0,1,2,1,0,0,0,1,0,0,0,1,0,0,baixo
1,10000.0,0,0.0,1,3,1,0,0,0,0,1,0,1,0,0,0,gratuito
1,0.0,0,0.0,2,3,1,0,0,0,1,1,1,0,0,0,0,alto
5,10000.0,15,0.9333333333333333,1,4,1,0,0,0,1,0,1,0,1,0,0,gratuito
1,10000.0,0,0.0,6,3,1,0,0,0,0,1,1,0,1,0,0,alto
6,10000.0,0,0.0,1,3,1,0,0,1,0,1,1,1,0,0,0,medio_baixo
8,10000.0,4,0.5,2,3,1,0,0,0,1,0,0,1,1,0,0,medio_alto
3,10000.0,14,0.7857142857142857,2,3,1,0,1,0,1,1,1,0,0,0,0,baixo
1,10000.0,24,0.875,4,4,1,0,0,0,1,1,1,0,1,0,0,medio_alto
8,35000.0,678,0.827433628318584,2,3,1,0,0,0,1,0,0,1,0,0,1,medio_baixo
4,0.0,0,0.0,1,4,1,0,0,0,1,1,1,0,1,0,0,gratuito
8,10000.0,2,1.0,3,3,1,0,0,0,1,1,0,1,0,0,0,medio_baixo
3,10000.0,1,0.0,16,3,1,0,0,0,0,0,1,1,0,0,1,alto
2,35000.0,1043,0.9769894534995206,14,4,1,0,1,0,1,1,0,1,0,0,0,medio_baixo
1,0.0,0,0.0,10,3,1,0,0,0,1,0,0,1,0,0,1,medio_alto
3,10000.0,21,0.47619047619047616,3,5,1,0,0,0,1,1,1,0,0,1,1,baixo
3,35000.0,94,0.7446808510638298,2,3,1,0,0,0,1,0,1,1,0,0,0,baixo
11,350000.0,2591,0.9038981088382864,3,1,1,0,0,0,0,0,0,0,0,0,0,medio_baixo
7,10000.0,2,0.5,1,4,1,0,0,0,0,1,1,1,0,0,1,alto
3,10000.0,1,1.0,1,1,1,1,1,0,0,0,0,1,0,0,0,medio_alto
1,10000.0,0,0.0,6,4,1,0,0,1,1,1,1,0,1,0,0,alto
9,10000.0,583,0.8713550600343053,5,1,1,1,1,1,0,0,0,1,0,0,0,baixo
2,10000.0,14,0.7142857142857143,1,2,1,0,0,0,1,1,0,0,0,0,0,medio_baixo
2,10000.0,3,0.3333333333333333,1,2,1,0,0,0,0,1,1,0,0,0,0,medio_baixo
1,10000.0,2,1.0,1,4,1,0,0,0,1,0,0,1,1,0,1,baixo
2,10000.0,34,0.7941176470588235,2,3,1,0,0,0,1,0,0,1,0,1,0,alto
3,0.0,0,0.0,0,0,1,0,0,0,0,0,0,0,0,0,0,gratuito
6,10000.0,39,0.5641025641025641,1,4,1,0,0,0,1,1,0,0,0,0,0,gratuito
5,75000.0,50,0.94,10,2,1,0,0,0,0,1,0,0,0,1,0,medio_alto
2,10000.0,18,0.8888888888888888,10,3,1,0,0,0,1,0,1,0,0,0,0,medio_alto
1,0.0,0,0.0,12,2,1,1,1,0,1,0,0,0,0,0,0,gratuito
3,10000.0,14,0.7857142857142857,1,1,1,0,0,0,0,1,0,0,0,0,0,medio_baixo
5,10000.0,60,0.9833333333333333,1,2,1,0,0,0,1,0,0,1,0,0,0,baixo
7,75000.0,569,0.8717047451669596,2,3,1,0,0,1,1,0,1,0,1,0,0,medio_baixo
9,10000.0,24,0.625,1,2,1,0,0,1,1,1,0,0,0,0,0,medio_alto
2,0.0,0,0.0,2,5,1,0,0,0,1,1,1,0,0,1,0,gratuito
1,0.0,0,0.0,0,0,1,0,0,0,0,0,0,0,0,0,0,gratuito
2,10000.0,1,1.0,4,4,1,0,0,0,1,1,0,1,0,0,0,medio_baixo
5,10000.0,8,0.875,2,3,1,0,0,0,1,0,0,1,0,0,1,medio_baixo
2,0.0,0,0.0,103,1,1,0,0,0,0,0,0,1,0,0,0,medio_baixo
3,10000.0,4,1.0,1,2,1,0,1,0,1,0,0,1,0,0,0,medio_baixo
4,10000.0,1,1.0,1,3,1,1,1,0,1,0,0,1,0,0,1,baixo
1,10000.0,18,0.9444444444444444,6,3,1,0,0,0,0,0,0,0,0,0,1,alto
4,10000.0,19,0.8421052631578947,1,3,1,0,0,0,1,0,0,1,0,0,1,medio_baixo
1,1500000.0,91394,0.9458498369696041,1,3,1,0,0,0,1,0,0,0,0,0,1,alto
8,10000.0,19,0.21052631578947367,1,3,1,1,1,0,1,0,0,0,0,0,1,baixo
1,10000.0,0,0.0,1,2,1,1,1,0,1,0,1,0,0,0,0,alto
2,10000.0,1,0.0,1,3,1,0,0,0,1,0,1,0,0,0,0,medio_alto
1,10000.0,0,0.0,1,4,1,0,1,0,1,1,0,0,0,1,0,alto
12,350000.0,950,0.8936842105263157,9,2,1,1,1,1,1,1,0,0,0,0,0,medio_alto
3,0.0,0,0.0,0,0,1,0,0,0,0,0,0,0,0,0,0,gratuito
1,0.0,0,0.0,21,2,1,0,0,1,0,0,0,0,0,0,1,alto
2,10000.0,0,0.0,1,1,1,0,0,0,0,0,0,0,1,0,0,medio_alto
15,10000.0,155440,0.9867537313432836,27,2,1,0,1,1,0,1,1,0,0,0,0,medio_baixo
7,10000.0,14,0.5,1,4,1,0,0,0,1,1,1,1,0,0,0,medio_baixo
1,0.0,0,0.0,0,0,1,0,0,0,0,0,0,0,0,0,0,gratuito
2,10000.0,36,0.9166666666666666,1,2,1,0,0,0,0,1,1,0,0,0,0,medio_baixo
2,35000.0,3,1.0,2,2,1,0,0,0,1,0,0,0,0,1,0,medio_baixo
1,10000.0,5,0.8,1,4,1,0,0,0,1,1,1,0,0,0,0,baixo
4,10000.0,6,0.6666666666666666,1,2,1,0,0,0,1,0,1,0,0,0,0,baixo
2,10000.0,3,1.0,1,1,1,0,0,0,0,0,0,0,0,1,0,medio_alto
2,10000.0,10,1.0,2,2,1,0,0,0,1,0,0,0,0,0,1,medio_baixo
6,35000.0,3,1.0,2,3,1,1,0,0,1,0,0,1,1,0,0,medio_baixo
1,0.0,0,0.0,1,4,1,0,0,0,1,1,0,1,0,0,1,baixo
1,10000.0,0,0.0,7,1,1,0,0,0,0,0,0,0,0,0,0,medio_baixo
8,150000.0,252,0.7698412698412699,8,3,1,1,0,0,0,0,0,0,0,1,0,gratuito
2,0.0,0,0.0,2,4,1,0,0,0,1,1,1,0,0,0,0,gratuito
9,10000.0,27,0.7037037037037037,1,4,1,0,0,0,0,0,0,1,0,0,0,gratuito
7,35000.0,56,0.9821428571428571,1,1,1,0,0,0,0,0,0,0,0,0,0,gratuito
8,10000.0,31,0.6451612903225806,1,5,1,0,0,0,1,0,1,1,0,1,1,medio_baixo
8,35000.0,226,0.8230088495575221,2,3,1,0,0,1,1,1,1,0,0,0,0,medio_alto
2,10000.0,0,0.0,1,6,1,1,1,0,1,1,1,1,0,0,1,baixo
2,10000.0,0,0.0,14,4,1,0,0,0,1,0,0,1,0,0,1,medio_alto
10,35000.0,49,0.3673469387755102,1,3,1,0,0,0,1,1,1,0,0,0,0,medio_alto
1,10000.0,0,0.0,1,3,1,0,0,0,1,0,0,1,0,0,1,baixo
8,0.0,0,0.0,1,4,1,0,0,0,1,1,0,1,0,0,0,baixo
2,0.0,0,0.0,1,2,1,0,1,0,0,0,0,0,1,0,0,gratuito
4,10000.0,3,0.6666666666666666,1,1,1,0,0,0,0,0,0,0,0,0,0,alto
2,10000.0,0,0.0,1,1,1,0,0,0,0,1,0,0,0,0,0,medio_baixo
8,10000.0,17,0.8235294117647058,1,5,1,0,0,0,1,1,0,0,0,0,1,alto
5,10000.0,0,0.0,1,5,1,0,0,0,1,1,1,0,0,0,0,gratuito
3,10000.0,6,0.6666666666666666,1,3,1,0,0,0,1,0,1,0,0,0,0,gratuito
2,10000.0,4,0.25,1,2,1,0,0,1,0,0,0,0,1,1,0,medio_alto
1,0.0,0,0.0,0,0,1,0,0,0,0,0,0,0,0,0,0,gratuito
4,10000.0,4,1.0,5,2,1,0,0,0,1,0,1,0,0,0,0,medio_baixo
1,10000.0,0,0.0,1,1,1,0,0,1,0,0,0,0,1,0,0,medio_baixo
1,0.0,0,0.0,1,3,1,0,0,0,1,0,0,1,0,0,0,gratuito
5,75000.0,15,1.0,1,3,1,1,1,0,1,1,1,0,0,0,0,medio_baixo
4,10000.0,175,0.8971428571428571,1,3,1,1,0,0,1,0,1,0,0,0,0,gratuito
6,10000.0,10,0.6,2,2,1,0,0,0,1,0,1,0,0,0,0,gratuito
11,150000.0,400,0.765,1,3,1,0,0,0,1,1,1,0,0,0,0,medio_baixo
3,10000.0,79,0.810126582278481,13,3,1,0,1,0,1,0,0,1,1,0,0,medio_baixo
8,10000.0,58,0.9137931034482759,1,6,1,0,0,1,1,0,1,1,1,1,0,gratuito
7,10000.0,44,0.5,1,2,1,0,0,0,1,0,0,1,0,0,0,baixo
2,35000.0,94,0.7127659574468085,1,5,1,1,0,0,1,1,0,1,1,1,0,gratuito
5,10000.0,54,0.7407407407407407,1,4,1,0,0,0,1,1,0,0,1,0,0,medio_alto
11,10000.0,47,0.7872340425531915,1,3,1,0,0,1,1,1,0,0,0,0,0,alto
2,0.0,0,0.0,0,0,1,0,0,0,0,0,0,0,0,0,0,gratuito
1,10000.0,0,0.0,4,3,1,1,1,2,1,0,1,1,0,0,0,baixo
10,75000.0,383,0.8694516971279374,9,2,1,1,1,0,0,0,1,1,0,0,0,medio_alto
12,35000.0,114,0.9824561403508771,11,2,1,1,1,0,1,0,1,0,0,0,0,medio_alto
6,10000.0,5,0.8,1,1,1,0,0,0,0,0,0,0,0,0,1,baixo
1,0.0,0,0.0,0,0,1,0,0,0,0,0,0,0,0,0,0,gratuito
4,10000.0,244,0.8524590163934426,14,4,1,0,0,0,1,0,0,1,0,1,1,medio_baixo
1,0.0,0,0.0,1,3,1,1,0,0,0,1,1,0,1,0,0,alto
1,0.0,0,0.0,103,2,1,0,0,0,1,0,0,1,0,0,0,medio_baixo
9,35000.0,40,0.425,1,3,1,0,0,0,1,0,0,1,0,0,0,baixo
3,10000.0,2,0.5,2,2,1,0,0,0,1,1,0,0,0,0,0,medio_baixo
9,10000.0,1,0.0,2,1,1,0,0,0,0,0,0,1,0,0,0,alto
1,10000.0,68,0.4852941176470588,1,6,1,0,0,0,1,1,1,0,1,0,1,gratuito
7,10000.0,50,0.74,1,2,1,1,0,0,1,0,1,0,0,0,0,baixo
7,10000.0,20,0.4,29,5,1,0,0,0,1,0,1,1,0,1,1,baixo
1,10000.0,1,0.0,2,4,1,0,0,0,1,1,0,0,0,0,1,baixo
6,10000.0,66,0.6363636363636364,2,3,1,0,0,0,1,1,1,0,0,0,0,baixo
1,10000.0,0,0.0,1,6,1,1,1,0,1,1,0,0,0,1,1,alto
8,35000.0,302,0.8509933774834437,7,2,1,0,0,1,1,0,0,0,1,0,0,medio_baixo
4,10000.0,1,1.0,2,5,1,1,1,0,1,0,1,0,1,0,0,alto
6,10000.0,6,1.0,1,2,1,0,0,0,1,1,0,0,0,0,0,medio_alto
8,10000.0,0,0.0,1,4,1,0,0,0,1,1,0,1,1,0,0,baixo
3,0.0,0,0.0,1,2,1,0,0,0,0,0,1,0,0,0,0,gratuito
1,0.0,0,0.0,2,3,1,0,0,0,1,0,0,1,0,0,0,gratuito
10,75000.0,484,0.9028925619834711,1,2,1,1,1,1,1,1,0,0,0,0,0,medio_baixo
1,0.0,0,0.0,1,1,1,0,0,0,0,0,1,0,0,0,0,medio_baixo
4,10000.0,2,1.0,1,1,1,0,0,0,0,1,0,0,0,0,0,medio_baixo
4,0.0,0,0.0,0,0,1,0,0,0,0,0,0,0,0,0,0,gratuito
5,10000.0,17,0.9411764705882353,1,1,1,0,0,0,1,0,0,0,0,0,0,medio_alto
6,10000.0,14,0.5714285714285714,3,3,1,0,0,1,1,1,1,0,0,0,0,baixo
8,10000.0,75,0.5333333333333333,1,3,1,0,0,0,1,0,0,1,0,0,1,baixo
7,10000.0,105,0.6190476190476191,9,6,1,1,1,2,1,1,0,1,0,0,1,medio_alto
9,10000.0,1,1.0,1,3,1,0,0,0,1,0,0,1,0,0,0,medio_alto
6,10000.0,53,0.37735849056603776,2,3,1,0,0,0,0,1,1,0,1,0,0,medio_alto
2,0.0,0,0.0,0,0,1,0,0,0,0,0,0,0,0,0,0,gratuito
4,10000.0,25,0.84,6,6,1,0,0,0,1,1,1,0,0,0,1,medio_baixo
5,10000.0,12,0.8333333333333334,1,2,1,0,0,0,0,0,0,0,0,1,0,medio_baixo
2,10000.0,0,0.0,3,5,1,1,1,0,1,0,1,1,0,1,0,medio_baixo
6,10000.0,4,1.0,1,6,1,0,1,0,1,0,1,1,1,1,1,medio_alto
11,10000.0,27,0.37037037037037035,1,4,1,1,0,0,1,0,0,0,0,1,1,alto
5,10000.0,12,1.0,1,3,1,1,0,0,1,0,1,0,0,1,0,alto
4,10000.0,12,0.25,19,3,1,0,0,0,0,0,0,1,0,0,1,baixo
9,10000.0,27,0.7407407407407407,1,2,1,0,0,0,0,0,1,1,0,0,0,baixo
8,35000.0,269,0.9219330855018587,1,4,1,0,0,0,1,0,1,0,0,0,0,medio_baixo
6,10000.0,266,0.8270676691729323,1,1,1,0,0,0,0,0,1,0,0,0,0,medio_alto
5,10000.0,14,0.35714285714285715,1,4,1,0,0,0,1,0,1,1,0,1,0,baixo
4,10000.0,7,1.0,4,1,1,0,0,0,0,0,0,1,0,0,0,medio_alto
1,35000.0,57,0.7894736842105263,2,3,1,0,0,0,1,1,1,0,0,0,0,medio_alto
2,35000.0,6,1.0,1,3,1,0,0,0,1,0,1,0,1,0,0,medio_baixo
5,10000.0,15,0.8666666666666667,1,3,1,0,0,0,0,0,1,0,1,1,0,gratuito
9,10000.0,24,0.5,1,4,1,0,0,0,1,1,0,1,0,0,0,baixo
4,350000.0,4087,0.9314900905309518,3,2,1,1,0,0,1,0,1,0,0,0,0,medio_baixo
1,10000.0,10,0.9,4,1,1,0,0,1,0,0,0,1,0,0,0,medio_alto
1,10000.0,20,1.0,2,1,1,0,0,0,1,0,0,0,0,0,0,medio_baixo
2,10000.0,0,0.0,6,4,1,0,0,0,1,0,0,1,1,0,1,medio_alto
4,10000.0,3,1.0,1,4,1,0,0,0,1,1,0,1,0,0,0,baixo
2,350000.0,1104,0.9565217391304348,2,3,1,1,0,0,0,0,1,0,1,1,0,baixo
8,10000.0,17,0.8823529411764706,1,3,1,1,1,0,1,0,1,0,1,0,0,medio_baixo
3,10000.0,0,0.0,4,5,1,0,0,0,1,0,1,1,1,0,1,alto
7,10000.0,12,0.9166666666666666,4,2,1,0,0,0,1,0,1,0,0,0,0,baixo
6,10000.0,38,0.8947368421052632,2,2,1,0,0,0,1,0,0,1,0,0,0,baixo
5,350000.0,8158,0.942755577347389,1,1,1,0,0,2,0,0,1,0,0,0,0,alto
1,10000.0,10,1.0,1,4,1,0,0,0,1,1,0,1,1,0,0,medio_baixo
1,10000.0,0,0.0,12,2,1,0,0,1,0,1,1,0,0,0,0,alto
2,0.0,0,0.0,0,0,1,0,0,0,0,0,0,0,0,0,0,gratuito
6,10000.0,9,0.7777777777777778,3,3,1,0,0,0,1,0,0,0,0,0,1,medio_alto
2,10000.0,85,0.9529411764705882,11,4,1,0,0,0,1,1,0,0,0,1,0,alto
10,10000.0,9,1.0,5,2,1,0,0,1,1,1,0,0,0,0,0,alto
5,10000.0,3,0.6666666666666666,1,2,1,0,0,0,1,0,0,1,0,0,0,baixo
4,10000.0,98,0.826530612244898,1,2,1,0,0,0,0,0,0,0,0,0,1,baixo
3,10000.0,0,0.0,3,1,1,1,1,0,0,0,0,1,0,0,0,alto
7,10000.0,155,0.9419354838709677,1,1,1,1,0,0,1,0,0,0,0,0,0,gratuito
2,10000.0,13,0.9230769230769231,1,2,1,0,0,0,1,0,0,0,0,1,0,alto
6,10000.0,7,0.5714285714285714,5,5,1,1,0,0,1,1,1,1,0,1,0,medio_baixo
6,75000.0,61,0.8852459016393442,3,3,1,0,0,1,1,1,1,0,0,0,0,medio_baixo
3,10000.0,0,0.0,2,3,1,0,1,0,1,0,0,1,0,0,1,medio_baixo
6,10000.0,3,0.3333333333333333,2,4,1,0,0,0,1,0,0,0,0,1,1,alto
6,10000.0,4,0.25,1,3,1,0,0,0,1,1,1,0,0,0,0,alto
1,0.0,0,0.0,1,1,1,0,0,0,1,0,0,0,0,0,0,baixo
4,10000.0,11,0.6363636363636364,1,2,1,0,0,0,0,0,0,1,0,0,1,baixo
3,10000.0,7,0.7142857142857143,1,1,1,0,0,0,1,0,0,0,0,0,0,baixo
8,10000.0,58,0.8448275862068966,8,2,1,1,1,0,1,1,0,0,0,0,0,baixo
10,10000.0,94,0.5425531914893617,4,2,1,0,0,0,1,0,0,1,0,0,0,baixo
8,10000.0,32,0.9375,1,2,1,1,1,0,1,0,0,0,0,0,1,gratuito
8,10000.0,21,0.47619047619047616,1,1,1,0,0,0,0,1,0,0,0,0,0,medio_baixo
8,10000.0,0,0.0,1,3,1,0,0,0,0,0,0,0,1,1,0,medio_alto
3,150000.0,6,1.0,9,4,1,0,0,0,0,1,1,0,0,1,0,gratuito
5,10000.0,0,0.0,1,1,1,0,0,0,0,0,0,1,0,0,0,medio_baixo
6,10000.0,146,0.9452054794520548,1,2,1,0,0,0,1,0,1,0,0,0,0,medio_baixo
9,150000.0,727,0.8184319119669876,4,3,1,0,1,1,1,1,0,0,0,0,0,gratuito
7,10000.0,20,0.95,18,2,1,0,1,0,1,1,0,0,0,0,0,baixo
5,10000.0,0,0.0,1,2,1,0,0,0,1,0,0,1,0,0,0,baixo
1,10000.0,10,1.0,2,3,1,0,0,0,1,0,1,0,1,0,0,alto
3,10000.0,3,0.6666666666666666,1,3,1,0,0,0,1,0,0,0,0,1,0,alto
8,1500000.0,18034,0.9261395142508595,5,1,1,0,0,0,0,1,0,0,0,0,0,alto
1,0.0,0,0.0,0,0,1,0,0,0,0,0,0,0,0,0,0,gratuito
2,10000.0,0,0.0,1,2,1,0,0,0,1,0,0,1,0,0,0,baixo
6,10000.0,24,0.9583333333333334,1,3,1,0,0,0,0,1,1,0,0,0,0,alto
2,0.0,0,0.0,1,5,1,1,0,0,1,0,1,1,0,0,1,gratuito
12,750000.0,4093,0.694600537503054,5,3,1,0,0,4,0,1,0,0,1,0,1,medio_baixo
8,10000.0,32,0.90625,1,3,1,0,0,0,1,0,0,1,0,0,0,gratuito
3,75000.0,1,1.0,1,5,1,0,0,0,1,1,0,1,0,1,0,medio_baixo
1,10000.0,0,0.0,1,3,1,1,1,0,1,0,0,1,1,0,0,alto
4,10000.0,29,0.6551724137931034,9,3,1,0,0,0,1,1,1,0,0,0,0,medio_baixo
15,750000.0,1083,0.8651892890120036,1,3,1,1,0,0,0,1,1,1,0,0,0,baixo
9,750000.0,19368,0.9809479553903345,4,3,1,0,0,3,1,1,0,0,0,0,1,alto
2,0.0,0,0.0,0,0,1,0,0,0,0,0,0,0,0,0,0,gratuito
1,0.0,0,0.0,2,5,1,0,0,0,1,0,1,1,1,0,0,gratuito
7,10000.0,0,0.0,1,1,1,0,0,0,0,1,0,0,0,0,0,alto
4,10000.0,75,0.4666666666666667,7,4,1,0,0,0,1,0,0,1,0,0,1,baixo
4,35000.0,25,0.84,2,2,1,1,0,0,1,0,1,0,0,0,0,gratuito
1,10000.0,0,0.0,1,3,1,0,0,0,1,1,1,0,0,0,0,medio_alto
11,10000.0,46,0.782608695652174,6,4,1,0,0,0,0,0,1,1,0,1,1,baixo
3,0.0,0,0.0,0,0,1,0,0,0,0,0,0,0,0,0,0,gratuito
6,35000.0,99,0.47474747474747475,1,4,1,0,0,0,0,0,0,1,1,0,0,gratuito
1,10000.0,184,0.9728260869565217,1,4,1,0,0,0,1,0,0,1,0,0,1,medio_alto
2,10000.0,77,0.987012987012987,3,3,1,0,0,0,1,0,0,1,0,0,1,medio_alto
1,10000.0,0,0.0,9,3,1,1,0,0,1,0,0,1,0,0,1,medio_alto
8,10000.0,9,0.7777777777777778,1,2,1,0,0,0,1,1,0,0,0,0,0,medio_alto
1,10000.0,3,0.6666666666666666,1,2,1,0,0,0,1,1,0,0,0,0,0,alto
5,10000.0,7,1.0,2,3,1,0,0,0,1,0,1,0,0,0,0,alto
2,10000.0,51,0.9019607843137255,1,3,1,0,0,0,1,1,0,0,0,0,1,medio_baixo
6,75000.0,65,0.9076923076923077,4,5,1,0,0,1,1,1,1,0,1,1,0,alto
1,35000.0,1,1.0,2,4,1,0,0,0,1,1,1,0,1,0,0,medio_alto
2,10000.0,0,0.0,1,5,1,0,0,0,1,1,1,1,0,1,0,alto
1,10000.0,33,1.0,10,4,1,0,0,0,1,1,0,1,0,0,0,medio_baixo
1,10000.0,0,0.0,9,2,1,1,1,0,1,0,0,1,0,0,0,baixo
1,10000.0,0,0.0,1,2,1,0,0,0,0,1,1,0,0,0,0,baixo
2,10000.0,0,0.0,1,4,1,1,0,0,1,1,1,0,0,1,0,alto
4,10000.0,10,0.4,1,2,1,0,0,0,0,0,1,0,0,0,0,gratuito
3,0.0,0,0.0,0,0,1,0,0,0,0,0,0,0,0,0,0,gratuito
1,0.0,0,0.0,1,2,1,0,0,0,0,0,1,0,0,0,0,gratuito
12,0.0,0,0.0,5,3,1,0,0,0,0,1,1,0,1,0,0,medio_baixo
1,10000.0,0,0.0,1,1,1,0,0,0,0,0,0,0,0,1,0,alto
6,75000.0,101,0.594059405940594,1,3,1,0,0,0,1,1,0,0,0,0,0,gratuito
1,350000.0,3795,0.8758893280632412,13,5,1,1,0,1,1,0,1,1,0,1,1,alto
10,350000.0,650,0.5507692307692308,1,1,1,0,0,0,0,0,0,0,0,0,0,gratuito
3,35000.0,4,1.0,1,3,1,1,0,0,0,0,1,1,1,0,0,alto
6,10000.0,4,0.5,1,3,1,0,1,0,1,1,0,0,0,1,0,medio_alto
2,10000.0,1,1.0,1,2,1,0,0,0,1,1,0,0,0,0,0,baixo
8,10000.0,38,0.5263157894736842,1,2,1,0,0,0,1,0,0,1,0,0,0,baixo
11,15000000.0,392287,0.8311618789304769,10,1,1,0,0,10,0,0,0,0,1,0,0,alto
2,10000.0,26,1.0,5,2,1,0,0,0,1,1,0,0,0,0,0,medio_baixo
1,10000.0,0,0.0,1,2,1,0,1,0,0,1,0,0,0,0,0,medio_alto
5,35000.0,460,0.9543478260869566,3,3,1,0,0,2,1,0,1,1,0,0,0,alto
2,10000.0,26,0.9230769230769231,1,5,1,0,0,0,1,1,1,0,1,0,0,medio_alto
7,75000.0,1541,0.9026606099935107,7,2,1,0,0,0,0,0,1,0,1,0,0,alto
7,10000.0,1,0.0,7,1,1,0,0,0,0,0,0,0,0,0,0,alto
3,10000.0,5,0.6,1,3,1,0,0,0,1,1,1,0,0,0,0,medio_alto
1,0.0,0,0.0,9,2,1,1,0,0,0,0,0,1,0,0,0,gratuito
10,150000.0,1896,0.8338607594936709,1,3,1,0,0,0,1,0,1,0,0,0,0,gratuito
4,0.0,0,0.0,0,0,1,0,0,0,0,0,0,0,0,0,0,gratuito
3,35000.0,7,1.0,1,1,1,0,0,0,0,0,1,0,0,0,0,medio_baixo
1,0.0,0,0.0,2,2,1,0,0,0,0,0,1,0,0,0,0,gratuito
3,10000.0,0,0.0,1,2,1,0,0,0,1,0,0,1,0,0,0,medio_baixo
2,10000.0,5,1.0,7,1,1,0,0,0,0,0,0,1,0,0,0,baixo
5,10000.0,6,0.16666666666666666,1,1,1,0,0,0,1,0,0,0,0,0,0,alto
5,10000.0,8,1.0,1,4,1,0,0,0,1,1,0,1,0,0,0,medio_alto
1,10000.0,0,0.0,3,3,1,0,0,0,0,0,1,1,0,1,0,medio_baixo
1,10000.0,4,1.0,1,2,1,0,0,0,1,0,0,1,0,0,0,medio_alto
2,10000.0,2,1.0,1,3,1,0,1,0,1,1,1,0,0,0,0,medio_baixo
5,0.0,0,0.0,15,7,1,1,1,0,0,1,1,0,1,1,1,gratuito
4,10000.0,2,0.5,1,1,1,0,0,0,0,0,0,0,0,1,0,medio_baixo
10,350000.0,6596,0.9146452395391146,1,3,1,1,1,1,1,1,1,0,0,0,0,baixo
7,10000.0,324,0.8117283950617284,1,3,1,1,0,2,1,1,1,0,0,0,0,baixo
3,0.0,0,0.0,0,0,1,0,0,0,0,0,0,0,0,0,0,gratuito
2,10000.0,17,0.7058823529411765,29,5,1,0,0,0,1,0,0,1,0,1,1,medio_baixo
3,0.0,0,0.0,0,0,1,0,0,0,0,0,0,0,0,0,0,gratuito
1,0.0,0,0.0,1,2,1,0,0,0,0,0,0,1,0,1,0,baixo
3,10000.0,4,1.0,1,4,1,0,0,0,1,0,0,1,0,1,0,gratuito
6,350000.0,2840,0.8299295774647887,10,5,1,0,0,7,1,1,0,0,1,1,1,medio_alto
2,0.0,0,0.0,1,3,1,1,1,0,1,1,0,0,0,0,0,gratuito
3,10000.0,18,0.8333333333333334,21,2,1,0,0,0,1,1,0,0,0,0,0,baixo
4,0.0,0,0.0,28,4,1,0,1,0,0,1,1,1,0,0,0,gratuito
10,10000.0,62,0.8870967741935484,1,2,1,0,0,0,0,1,0,0,0,1,0,alto
2,0.0,0,0.0,1,7,1,0,0,0,1,1,1,0,1,1,1,gratuito
1,0.0,0,0.0,1,3,1,0,0,0,1,1,0,0,0,0,1,medio_alto
1,10000.0,18,1.0,7,3,1,0,1,1,1,0,0,0,0,1,0,alto
9,10000.0,23,0.9130434782608695,1,5,1,0,0,0,1,1,1,0,0,0,1,baixo
7,150000.0,4568,0.8447898423817863,8,3,1,0,0,0,0,1,1,0,1,0,0,alto
10,35000.0,103,0.7475728155339806,1,5,1,0,0,0,1,1,0,1,0,0,1,baixo
5,0.0,0,0.0,0,0,1,0,0,0,0,0,0,0,0,0,0,gratuito
1,0.0,0,0.0,0,0,1,0,0,0,0,0,0,0,0,0,0,gratuito
1,0.0,0,0.0,0,0,1,0,0,0,0,0,0,0,0,0,0,gratuito
6,10000.0,2,1.0,1,6,1,0,0,0,1,1,1,0,1,1,0,alto
1,35000.0,1317,0.9779802581624905,6,4,1,0,0,3,1,0,1,0,1,0,1,alto
10,75000.0,2956,0.8433694181326117,1,2,1,0,0,0,0,0,0,1,0,0,1,baixo
5,10000.0,1,1.0,1,4,1,0,0,0,1,0,1,1,0,0,0,medio_baixo
2,10000.0,4,1.0,10,3,1,0,0,0,1,0,0,1,0,0,0,alto
12,350000.0,1912,0.8127615062761506,20,2,1,0,0,0,1,0,0,0,0,0,1,medio_baixo
2,10000.0,126,0.6825396825396826,2,3,1,0,0,0,1,0,0,1,0,1,0,medio_baixo
3,0.0,0,0.0,103,3,1,0,0,0,1,1,1,0,0,0,0,baixo
8,10000.0,1,1.0,1,2,1,0,0,1,1,0,0,1,0,0,0,medio_baixo
9,10000.0,72,0.8333333333333334,1,3,1,0,0,1,1,1,0,1,0,0,0,medio_baixo
2,10000.0,19,0.9473684210526315,11,3,1,0,0,0,1,0,0,1,0,1,0,medio_baixo
2,10000.0,65,0.9230769230769231,10,2,1,0,0,0,1,0,0,1,0,0,0,baixo
9,10000.0,9,0.8888888888888888,1,1,1,1,0,1,1,0,0,0,0,0,0,medio_alto
2,10000.0,1,0.0,1,2,1,0,0,0,0,1,0,0,0,0,0,alto
2,10000.0,15,0.8666666666666667,1,5,1,0,0,0,0,0,1,1,0,0,1,gratuito
7,10000.0,4,1.0,1,3,1,0,0,0,1,1,0,1,0,0,0,baixo
9,35000.0,21,0.38095238095238093,1,5,1,0,0,4,1,0,1,1,0,0,1,baixo
1,10000.0,0,0.0,1,2,1,0,0,0,0,0,0,0,1,0,0,alto
2,35000.0,23,0.8695652173913043,2,3,1,0,0,1,0,0,0,0,0,1,1,gratuito
7,10000.0,0,0.0,1,2,1,0,0,0,1,0,0,1,0,0,0,baixo
1,10000.0,11,1.0,2,1,1,0,0,0,1,0,0,0,0,0,0,medio_baixo
13,75000.0,478,0.9058577405857741,1,1,1,0,0,0,0,1,0,0,0,0,0,medio_alto
10,75000.0,317,0.5962145110410094,1,4,1,0,0,0,1,1,0,1,0,0,0,gratuito
10,10000.0,24,0.7083333333333334,1,4,1,0,0,0,1,1,0,0,1,0,0,medio_alto
9,75000.0,133,0.43609022556390975,6,1,1,0,0,0,0,0,0,1,0,0,0,baixo
3,0.0,0,0.0,103,2,1,0,0,0,1,0,0,1,0,0,0,medio_baixo
2,10000.0,5,1.0,1,2,1,0,0,0,1,0,1,0,0,0,0,medio_baixo
2,10000.0,6,0.8333333333333334,27,3,1,0,0,0,1,0,0,1,0,0,1,medio_alto
3,10000.0,33,0.8484848484848485,2,3,1,0,0,1,1,1,1,0,0,0,0,medio_baixo
3,10000.0,20,1.0,4,2,1,0,1,0,1,0,1,0,0,0,0,medio_alto
7,10000.0,0,0.0,1,4,1,0,0,0,1,1,1,0,0,0,0,alto
3,10000.0,0,0.0,12,5,1,0,0,4,1,1,1,1,1,0,0,medio_baixo
4,10000.0,0,0.0,1,2,1,0,0,0,0,0,1,0,1,0,0,alto
6,10000.0,5,0.6,3,3,1,0,0,0,1,1,0,1,0,0,0,medio_alto
2,0.0,0,0.0,0,0,1,0,0,0,0,0,0,0,0,0,0,gratuito
2,10000.0,57,0.8947368421052632,8,3,1,0,0,0,1,1,1,0,0,0,0,baixo
1,10000.0,0,0.0,3,3,1,0,0,0,0,1,1,0,1,0,0,alto
7,10000.0,48,0.8541666666666666,1,1,1,0,0,0,0,1,0,0,0,0,0,baixo
4,0.0,0,0.0,10,4,1,0,0,0,1,0,0,0,0,1,1,gratuito
4,350000.0,2731,0.9512998901501282,4,4,1,0,0,2,1,0,1,1,1,0,0,medio_alto
6,75000.0,7,0.7142857142857143,1,3,1,1,1,0,1,1,0,0,0,0,0,baixo
16,10000.0,50,0.58,1,1,1,0,0,0,0,0,0,0,0,0,1,medio_alto
8,10000.0,25,0.68,1,2,1,0,0,0,1,1,0,0,0,0,0,gratuito
8,10000.0,24,0.8333333333333334,5,3,1,0,0,0,1,1,0,1,0,0,0,alto
6,10000.0,16,0.5625,1,2,1,0,0,0,1,0,1,0,0,0,0,medio_alto
2,0.0,0,0.0,2,4,1,1,0,0,0,0,0,0,0,0,0,gratuito
1,0.0,0,0.0,33,6,1,1,0,0,0,0,0,1,0,1,1,gratuito
2,10000.0,9,0.8888888888888888,6,2,1,0,0,0,1,1,0,0,0,0,0,medio_baixo
9,10000.0,1,1.0,1,4,1,0,0,0,1,1,0,1,0,1,0,alto
1,0.0,0,0.0,103,2,1,0,0,0,1,0,0,1,0,0,0,baixo
2,10000.0,0,0.0,1,4,1,0,0,0,1,1,1,1,0,0,0,medio_alto
10,150000.0,735,0.8734693877551021,1,2,1,0,0,0,1,0,0,1,0,0,0,baixo
8,75000.0,755,0.7933774834437086,4,2,1,0,0,0,1,0,0,0,0,1,0,medio_alto
10,1500000.0,55664,0.9444344639264156,15,4,1,1,1,2,1,0,0,1,0,1,1,medio_alto
9,75000.0,28,0.7857142857142857,1,1,1,0,0,0,0,0,1,0,0,0,0,gratuito
1,0.0,0,0.0,0,0,1,0,0,0,0,0,0,0,0,0,0,gratuito
3,0.0,0,0.0,0,0,1,0,0,0,0,0,0,0,0,0,0,gratuito
2,10000.0,11,1.0,8,6,1,0,0,0,1,0,1,1,0,1,0,gratuito
3,10000.0,4,1.0,2,3,1,0,0,0,1,0,1,0,0,0,1,baixo
1,10000.0,0,0.0,1,3,1,0,0,0,0,1,1,0,0,0,0,alto
1,10000.0,0,0.0,12,5,1,0,0,0,1,0,0,1,0,1,1,medio_baixo
6,10000.0,4,1.0,1,3,1,0,0,0,1,1,1,0,0,0,0,gratuito
4,35000.0,15,0.9333333333333333,1,3,1,0,0,0,1,1,1,0,0,0,0,baixo
2,10000.0,51,0.8235294117647058,2,3,1,0,0,0,1,0,1,0,0,1,0,alto
8,35000.0,136,0.7352941176470589,8,4,1,0,0,1,1,1,1,0,0,0,0,alto
4,10000.0,2,0.5,1,4,1,0,0,0,1,0,0,1,0,1,1,alto
2,10000.0,15,0.8,2,3,1,0,0,0,1,1,1,0,0,0,0,baixo
5,35000.0,5,1.0,1,1,1,1,0,0,1,0,0,0,0,0,0,medio_baixo
1,10000.0,16,0.9375,1,3,1,0,0,0,1,0,1,1,0,0,0,medio_alto
5,10000.0,8,0.25,1,5,1,0,0,0,0,0,1,0,0,1,0,medio_alto
6,10000.0,3,0.3333333333333333,1,2,1,0,0,0,1,0,0,0,0,0,0,medio_baixo
8,10000.0,7,0.8571428571428571,1,3,1,0,0,0,1,1,0,1,0,0,0,alto
4,150000.0,2729,0.9732502748259436,25,4,1,0,0,1,1,1,1,0,0,0,1,medio_alto
1,35000.0,9,0.4444444444444444,7,2,1,0,0,0,0,1,0,0,0,0,1,medio_baixo
5,10000.0,3,0.3333333333333333,1,4,1,0,0,0,1,1,1,1,0,0,0,baixo
1,0.0,0,0.0,10,4,1,0,0,0,1,0,1,1,0,0,1,medio_baixo
1,0.0,0,0.0,0,0,1,0,0,0,0,0,0,0,0,0,0,gratuito
1,10000.0,18,1.0,2,4,1,0,0,0,1,1,1,1,0,0,0,medio_baixo
6,10000.0,4,0.75,1,2,1,0,0,0,1,0,0,1,0,0,0,baixo
2,10000.0,3,0.6666666666666666,6,4,1,0,0,0,1,1,1,1,0,0,0,baixo
4,10000.0,10,0.5,2,1,1,0,0,0,0,0,0,1,0,0,0,medio_baixo
4,10000.0,2,1.0,1,5,1,1,1,0,1,1,1,1,1,0,0,baixo
1,10000.0,0,0.0,1,1,1,0,1,0,0,0,0,1,0,0,0,alto
4,10000.0,0,0.0,103,2,1,0,0,83,1,0,0,1,0,0,0,baixo
2,350000.0,8453,0.9002720927481368,9,3,1,0,0,1,1,1,0,0,0,0,0,alto
2,10000.0,25,0.68,1,2,1,0,0,0,0,0,0,1,0,1,0,medio_baixo
6,10000.0,7,0.8571428571428571,1,3,1,1,1,0,1,1,1,0,0,0,0,alto
1,35000.0,3,0.6666666666666666,16,6,1,0,0,0,0,1,1,1,1,1,0,medio_alto
2,10000.0,101,0.8613861386138614,1,3,1,1,0,0,1,0,0,1,1,0,0,alto
8,10000.0,3,1.0,1,4,1,0,0,0,1,1,0,1,0,1,0,baixo
3,0.0,0,0.0,0,0,1,0,0,0,0,0,0,0,0,0,0,gratuito
8,10000.0,12,0.6666666666666666,2,2,1,0,0,0,1,1,0,0,0,0,0,baixo
3,10000.0,3,0.6666666666666666,2,3,1,0,0,0,1,1,0,0,0,0,0,medio_baixo
4,10000.0,0,0.0,3,2,1,0,1,0,1,0,0,1,0,0,0,baixo
3,10000.0,15,0.6666666666666666,7,3,1,0,0,0,1,1,1,0,0,0,0,medio_alto
17,35000.0,45,0.5333333333333333,5,1,1,0,0,0,0,0,0,0,0,1,0,medio_baixo
5,10000.0,21,0.7619047619047619,1,1,1,0,0,0,1,0,0,0,0,0,0,gratuito
1,10000.0,5,1.0,1,1,1,1,0,0,0,0,0,1,0,0,0,baixo
1,0.0,0,0.0,1,1,1,0,0,0,0,1,0,0,0,0,0,medio_baixo
2,10000.0,0,0.0,1,1,1,0,0,0,0,0,0,0,1,0,0,baixo
5,10000.0,34,0.7647058823529411,3,4,1,0,0,0,1,1,1,0,0,0,0,medio_alto
9,10000.0,22,0.7727272727272727,1,2,1,0,0,1,1,1,0,0,0,0,0,medio_baixo
1,0.0,0,0.0,1,5,1,0,0,0,1,1,1,1,1,0,0,baixo
5,10000.0,0,0.0,103,1,1,0,0,0,1,0,0,0,0,0,0,medio_alto
8,10000.0,53,0.7169811320754716,3,5,1,0,0,0,1,0,1,0,1,0,1,alto
10,150000.0,427,0.7587822014051522,7,3,1,1,1,1,1,1,1,0,0,0,0,baixo
1,10000.0,0,0.0,1,2,1,0,0,0,1,0,0,1,0,0,0,medio_alto
2,10000.0,597,0.8710217755443886,4,3,1,1,0,0,1,0,0,0,1,1,0,alto
2,10000.0,35,0.8571428571428571,24,2,1,0,0,0,0,0,0,0,1,0,1,medio_alto
1,10000.0,15,0.7333333333333333,1,4,1,0,0,0,1,0,1,1,0,0,1,baixo
3,10000.0,16,1.0,1,5,1,0,0,0,1,0,1,1,1,1,0,alto
4,10000.0,0,0.0,1,5,1,0,0,0,1,1,1,1,0,0,0,gratuito
2,10000.0,0,0.0,103,2,1,0,0,3,1,0,0,1,0,0,0,medio_baixo
7,10000.0,13,0.6923076923076923,13,2,1,0,0,3,1,1,0,0,0,0,0,baixo
2,0.0,0,0.0,0,0,1,0,0,0,0,0,0,0,0,0,0,gratuito
10,15000000.0,99730,0.9374210367993583,13,4,1,0,0,7,1,1,1,0,1,0,0,medio_alto
4,10000.0,2,1.0,1,1,1,0,1,0,0,1,0,0,0,0,0,baixo
5,10000.0,1,1.0,1,3,1,0,0,0,1,1,1,0,0,0,0,medio_alto
9,10000.0,2,0.5,1,5,1,0,0,0,1,1,1,0,0,0,1,medio_alto
5,10000.0,11,0.7272727272727273,1,1,1,1,1,0,0,0,0,1,0,0,0,medio_alto
4,10000.0,12,0.9166666666666666,5,2,1,0,1,0,0,0,0,1,0,0,0,baixo
4,0.0,0,0.0,0,0,1,0,0,0,0,0,0,0,0,0,0,gratuito
4,75000.0,537,0.9478584729981379,13,2,1,0,0,0,0,0,0,1,0,1,0,baixo
13,350000.0,3176,0.8938916876574308,14,2,1,1,1,1,1,0,1,0,0,0,0,medio_baixo
2,0.0,0,0.0,15,2,1,0,0,5,1,0,0,1,0,0,0,gratuito
7,10000.0,18,0.7777777777777778,2,3,1,0,0,0,1,1,1,0,0,0,0,medio_alto
2,10000.0,0,0.0,3,2,1,0,0,0,0,1,0,1,0,0,0,medio_baixo
13,0.0,0,0.0,1,3,1,0,0,0,1,1,1,0,0,0,0,baixo
3,150000.0,2371,0.9552931252636019,9,3,1,1,1,2,1,0,0,0,0,1,1,alto
1,10000.0,10,0.9,1,2,1,0,0,0,1,0,0,1,0,0,0,medio_baixo
4,35000.0,2,0.5,2,3,1,0,0,0,1,0,0,0,0,1,0,alto
4,10000.0,5,1.0,1,1,1,0,0,0,0,0,0,1,0,0,0,medio_alto
2,10000.0,4,1.0,1,4,1,0,0,0,1,1,0,1,0,1,0,baixo
9,10000.0,27,0.8518518518518519,1,2,1,1,1,0,0,1,1,0,0,0,0,medio_alto
4,35000.0,53,0.6981132075471698,1,2,1,1,1,0,1,0,0,1,0,0,0,medio_baixo
3,10000.0,16,1.0,2,2,1,0,0,0,1,0,0,1,0,0,0,alto
7,10000.0,43,0.8604651162790697,1,3,1,0,0,0,1,0,0,1,1,0,0,baixo
2,10000.0,2,1.0,1,3,1,0,0,1,1,1,0,1,0,0,0,medio_alto
10,10000.0,375,0.696,1,1,1,0,0,0,0,0,0,0,0,0,0,gratuito
7,10000.0,63,0.6984126984126984,103,5,1,0,0,0,1,0,1,1,0,1,1,medio_baixo
1,10000.0,0,0.0,1,5,1,0,0,0,0,0,0,0,1,0,0,alto
7,10000.0,54,0.5555555555555556,5,1,1,0,0,0,0,1,0,0,0,0,0,alto
4,75000.0,1020,0.7745098039215687,1,2,1,0,0,0,0,0,0,0,0,0,1,alto
8,10000.0,28,0.8214285714285714,4,3,1,1,0,0,1,1,0,1,0,0,0,medio_baixo
6,150000.0,708,0.6129943502824858,5,5,1,1,0,0,1,0,0,0,1,1,1,alto
8,10000.0,49,0.5714285714285714,2,1,1,0,0,0,1,0,0,0,0,0,0,baixo
1,0.0,0,0.0,1,1,1,0,0,0,1,0,0,0,0,0,0,medio_alto
1,0.0,0,0.0,0,0,1,0,0,0,0,0,0,0,0,0,0,gratuito
1,10000.0,1,1.0,1,2,1,0,0,0,1,1,0,0,0,0,0,medio_alto
3,10000.0,6,1.0,2,2,1,1,0,0,1,1,0,0,0,0,0,medio_alto
1,0.0,0,0.0,0,0,1,0,0,0,0,0,0,0,0,0,0,gratuito
2,10000.0,44,0.8863636363636364,5,3,1,0,0,1,1,0,0,1,0,0,1,medio_alto
11,10000.0,30,0.9,5,1,1,1,0,0,1,0,0,0,0,0,0,medio_alto
10,150000.0,1154,0.8821490467937608,27,2,1,1,1,0,1,0,0,1,0,0,0,baixo
3,10000.0,0,0.0,29,3,1,0,0,0,1,0,0,1,0,0,0,baixo
17,35000.0,256,0.92578125,2,2,1,0,0,0,1,0,0,1,0,0,0,medio_alto
1,0.0,0,0.0,0,0,1,0,0,0,0,0,0,0,0,0,0,gratuito
9,10000.0,4,0.5,1,1,1,0,0,0,1,0,0,0,0,0,0,baixo
10,10000.0,74,0.4594594594594595,7,2,1,0,0,2,1,1,0,0,0,0,0,baixo
3,0.0,0,0.0,0,0,1,0,0,0,0,0,0,0,0,0,0,gratuito
3,10000.0,67,0.6865671641791045,1,3,1,0,0,0,1,1,0,1,0,0,0,medio_alto
6,75000.0,450,0.6222222222222222,1,3,1,0,0,1,1,0,1,1,0,0,0,medio_baixo
1,10000.0,0,0.0,1,1,1,0,0,0,0,0,0,1,0,0,0,baixo
2,3500000.0,66956,0.9339416930521537,14,3,1,0,0,8,1,1,1,0,0,0,0,alto
2,0.0,0,0.0,0,0,1,0,0,0,0,0,0,0,0,0,0,gratuito
1,0.0,0,0.0,0,0,1,0,0,0,0,0,0,0,0,0,0,gratuito
9,35000.0,385,0.922077922077922,1,2,1,0,0,1,1,0,0,1,0,0,0,baixo
1,0.0,0,0.0,14,4,1,0,0,0,1,0,0,1,0,0,0,medio_baixo
1,35000.0,17,1.0,7,3,1,0,1,0,1,1,1,0,0,0,0,baixo
7,10000.0,2,1.0,1,5,1,0,1,0,1,1,1,1,0,1,0,baixo
3,10000.0,188,0.824468085106383,8,2,1,0,0,2,0,1,0,0,0,0,0,gratuito
1,10000.0,0,0.0,1,2,1,0,0,0,1,0,0,0,0,0,0,alto
5,10000.0,6,0.16666666666666666,1,1,1,0,0,0,0,1,0,0,0,0,0,baixo
8,75000.0,107,0.514018691588785,1,3,1,0,0,3,1,1,1,0,0,0,0,baixo
3,35000.0,15,0.8,8,2,1,0,0,0,1,0,0,0,0,1,0,medio_alto
1,10000.0,6,1.0,1,2,1,0,0,0,1,0,0,1,0,0,0,medio_baixo
1,0.0,0,0.0,1,2,1,0,0,0,1,1,0,0,0,0,0,medio_alto
2,0.0,0,0.0,1,3,1,0,0,0,1,1,0,0,0,0,0,gratuito
2,10000.0,15,0.7333333333333333,1,2,1,0,0,0,1,0,1,0,0,0,0,medio_alto
3,10000.0,0,0.0,24,3,1,0,0,0,0,0,0,1,0,1,0,gratuito
9,35000.0,432,0.6851851851851852,11,3,1,0,0,1,1,1,1,0,0,0,0,medio_alto
5,10000.0,121,0.7520661157024794,1,3,1,0,0,0,1,1,0,0,1,0,0,medio_baixo
3,10000.0,25,1.0,1,3,1,0,0,1,1,0,0,1,0,0,1,medio_baixo
2,10000.0,5,0.8,1,3,1,0,0,0,1,1,1,0,0,0,0,medio_alto
4,10000.0,20,0.95,3,4,1,0,0,0,1,0,1,1,0,1,0,medio_baixo
2,10000.0,0,0.0,1,6,1,0,0,1,1,1,1,1,0,1,0,gratuito
9,10000.0,2,0.5,1,6,1,1,0,0,1,1,1,1,0,1,0,alto
4,0.0,0,0.0,0,0,1,0,0,0,0,0,0,0,0,0,0,gratuito
10,10000.0,34,0.7058823529411765,1,3,1,0,0,0,1,0,0,0,1,1,0,medio_baixo
1,0.0,0,0.0,1,2,1,0,1,0,1,0,0,0,0,1,0,medio_baixo
5,10000.0,37,0.7297297297297297,6,5,1,0,0,0,0,1,1,1,1,1,0,medio_alto
2,35000.0,14,0.35714285714285715,1,4,1,0,0,0,1,1,1,0,0,0,0,medio_alto
11,10000.0,93,0.8602150537634409,1,2,1,0,1,2,1,1,0,0,0,0,0,baixo
8,10000.0,24,0.9166666666666666,1,2,1,1,1,1,1,1,0,0,0,0,0,gratuito
1,0.0,0,0.0,5,1,1,0,0,0,1,0,0,0,0,0,0,medio_baixo
5,35000.0,7,0.42857142857142855,1,3,1,0,0,0,1,0,1,0,1,0,0,alto
5,75000.0,7,0.5714285714285714,1,4,1,0,0,1,1,1,1,1,0,0,0,medio_alto
5,10000.0,17,0.47058823529411764,1,4,1,0,0,0,1,1,1,0,0,0,0,gratuito
8,10000.0,0,0.0,1,2,1,0,0,0,1,0,0,1,0,0,0,medio_alto
4,0.0,0,0.0,1,5,1,0,0,0,1,1,0,0,0,0,0,gratuito
5,0.0,0,0.0,0,0,1,0,0,0,0,0,0,0,0,0,0,gratuito
2,0.0,0,0.0,1,4,1,0,0,0,1,0,1,1,0,0,0,gratuito
1,350000.0,4204,0.8256422454804948,14,1,1,0,0,3,0,1,0,0,0,0,0,alto
2,10000.0,1,1.0,1,1,1,0,0,0,0,0,0,1,0,0,0,medio_baixo
1,0.0,0,0.0,17,5,1,0,0,0,1,0,0,1,0,0,1,gratuito
6,75000.0,802,0.6458852867830424,10,2,1,0,0,1,0,1,1,0,0,0,0,alto
2,10000.0,20,0.7,2,3,1,0,0,0,1,0,1,0,0,0,1,medio_baixo
1,0.0,0,0.0,0,0,1,0,0,0,0,0,0,0,0,0,0,gratuito
9,35000.0,327,0.7675840978593272,3,2,1,0,0,0,0,0,1,1,0,0,0,baixo
4,10000.0,0,0.0,3,4,1,0,0,1,1,0,1,1,0,0,0,gratuito
10,35000.0,12,0.08333333333333333,3,1,1,0,0,0,0,0,0,1,0,0,0,baixo
3,10000.0,16,0.875,9,2,1,0,0,0,1,0,0,1,0,0,0,baixo
2,0.0,0,0.0,1,2,1,0,0,0,0,0,0,1,0,0,0,gratuito
1,10000.0,0,0.0,2,1,1,0,0,1,0,0,1,0,0,0,0,medio_baixo
1,0.0,0,0.0,8,4,1,0,0,0,0,0,1,1,1,0,0,gratuito
1,10000.0,0,0.0,5,1,1,0,0,1,0,0,0,0,1,0,0,alto
2,10000.0,17,0.9411764705882353,1,1,1,0,0,0,0,0,0,1,0,0,0,medio_alto
3,10000.0,0,0.0,1,3,1,1,0,0,1,1,0,1,0,0,0,medio_alto
2,10000.0,387,0.7028423772609819,5,3,1,0,1,0,0,0,0,0,0,0,1,medio_alto
4,10000.0,2,0.0,1,2,1,0,0,0,0,1,0,0,0,0,1,baixo
7,10000.0,31,0.7741935483870968,3,2,1,1,0,0,1,1,0,0,0,0,0,medio_baixo
4,10000.0,86,0.9651162790697675,1,6,1,1,0,0,1,1,0,1,1,1,0,baixo
4,35000.0,14,0.5714285714285714,9,3,1,0,0,0,1,1,1,0,0,0,0,alto
2,10000.0,10,0.8,1,5,1,0,0,0,1,0,0,1,0,1,1,medio_alto
5,10000.0,100,0.86,1,3,1,0,0,0,1,0,0,1,0,1,0,baixo
8,350000.0,5112,0.9119718309859155,29,4,1,1,0,0,1,0,0,1,1,0,1,baixo
2,0.0,0,0.0,3,4,1,0,0,0,1,0,0,1,0,1,0,gratuito
5,10000.0,5,0.2,1,1,1,1,1,0,0,1,0,0,0,0,0,medio_baixo
2,0.0,0,0.0,1,5,1,0,0,0,1,0,1,1,1,1,0,medio_baixo
3,0.0,0,0.0,2,4,1,1,1,0,1,0,0,1,0,1,1,medio_alto
3,1500000.0,22368,0.7613108011444921,14,3,1,0,0,6,0,1,1,0,1,0,0,alto
3,10000.0,19,0.8421052631578947,2,3,1,0,0,0,1,0,0,1,1,0,0,baixo
9,10000.0,143,0.7972027972027972,1,3,1,0,0,0,0,1,1,0,1,0,0,baixo
2,10000.0,0,0.0,1,1,1,0,0,0,0,1,0,0,0,0,0,alto
3,35000.0,1036,0.805984555984556,21,0,1,0,0,2,0,0,0,0,0,0,0,medio_alto
1,10000.0,5,1.0,1,3,1,0,0,0,1,1,1,0,0,0,0,alto
2,10000.0,3,1.0,19,3,1,0,0,0,1,0,1,1,0,0,0,medio_alto
8,10000.0,69,0.8985507246376812,2,4,1,0,0,2,1,0,1,0,1,0,0,gratuito
1,0.0,0,0.0,1,3,1,1,0,0,1,0,0,0,0,0,0,gratuito
2,10000.0,2,1.0,1,3,1,1,0,0,1,1,0,0,1,0,0,medio_baixo
11,10000.0,102,0.39215686274509803,1,3,1,1,0,0,1,0,0,0,0,1,1,alto
4,10000.0,7,1.0,1,2,1,0,0,0,1,1,0,0,0,0,0,medio_baixo
1,0.0,0,0.0,0,0,1,0,0,0,0,0,0,0,0,0,0,gratuito
2,10000.0,13,0.8461538461538461,1,3,1,0,0,0,1,1,1,0,0,0,0,medio_baixo
9,10000.0,50,0.9,2,3,1,0,0,0,1,1,1,0,0,0,0,medio_baixo
2,10000.0,1,1.0,1,4,1,0,0,0,1,1,1,0,0,0,0,alto
5,10000.0,13,0.6153846153846154,103,1,1,0,0,0,0,0,0,0,0,0,1,baixo
2,10000.0,1,1.0,9,3,1,0,1,0,1,1,0,1,0,0,0,medio_baixo
1,10000.0,0,0.0,1,2,1,0,0,0,1,1,0,0,0,0,0,alto
7,10000.0,1,1.0,2,3,1,0,0,0,1,1,0,0,0,1,0,medio_baixo
1,10000.0,0,0.0,1,6,1,0,0,0,0,1,1,1,0,0,0,gratuito
1,10000.0,0,0.0,4,1,1,0,0,3,0,0,0,0,0,0,1,medio_baixo
3,0.0,0,0.0,1,3,1,0,0,0,1,0,0,0,0,0,1,gratuito
17,350000.0,1684,0.3681710213776722,5,1,1,0,0,0,0,1,0,0,0,0,0,medio_baixo
7,10000.0,175,0.5428571428571428,1,3,1,1,1,0,1,0,0,0,0,1,1,medio_baixo
1,10000.0,0,0.0,8,1,1,0,0,1,0,0,0,1,0,0,0,medio_alto
3,0.0,0,0.0,103,2,1,0,0,1,1,0,0,1,0,0,0,gratuito
10,10000.0,14,0.5714285714285714,1,3,1,1,0,0,0,0,0,1,0,1,1,medio_baixo
6,10000.0,25,0.56,27,3,1,0,0,0,0,0,0,0,0,0,0,alto
2,10000.0,40,0.975,2,3,1,0,0,0,1,1,0,0,1,0,0,medio_alto
7,750000.0,7375,0.9627118644067797,16,4,1,0,0,1,1,0,1,0,0,0,1,alto
3,10000.0,2,1.0,1,2,1,0,0,0,0,1,0,1,0,0,0,alto
4,10000.0,49,0.7142857142857143,13,4,1,0,0,0,1,0,0,1,0,1,1,medio_baixo
1,0.0,0,0.0,2,3,1,0,1,2,1,1,0,0,0,0,0,gratuito
1,0.0,0,0.0,0,0,1,0,0,0,0,0,0,0,0,0,0,gratuito
1,10000.0,0,0.0,1,2,1,0,0,1,1,0,1,0,0,0,0,alto
2,10000.0,6,1.0,4,2,1,0,0,0,0,0,1,0,1,0,0,medio_baixo
11,75000.0,369,0.8130081300813008,20,2,1,1,1,2,1,0,0,0,0,1,0,medio_alto
8,10000.0,4,0.5,1,3,1,0,0,0,1,1,0,1,0,0,0,baixo
2,10000.0,0,0.0,5,2,1,0,0,1,1,0,0,1,0,0,0,medio_alto
6,35000.0,3,0.6666666666666666,6,2,1,1,0,0,1,0,0,1,0,0,0,medio_baixo
2,0.0,0,0.0,0,0,1,0,0,0,0,0,0,0,0,0,0,gratuito
1,10000.0,29,1.0,5,3,1,0,0,0,1,1,1,0,0,0,0,alto
4,10000.0,32,1.0,1,4,1,0,1,0,1,1,0,1,1,0,0,medio_baixo
6,10000.0,57,0.631578947368421,1,4,1,0,0,0,1,1,1,0,0,0,0,gratuito
3,0.0,0,0.0,0,0,1,0,0,0,0,0,0,0,0,0,0,gratuito
1,10000.0,78,0.9615384615384616,12,1,1,0,0,0,0,0,1,0,0,0,0,medio_alto
3,10000.0,10,1.0,9,5,1,0,0,0,1,1,0,1,0,0,1,medio_alto
11,10000.0,376907,0.8296980422226172,16,2,1,0,0,9,0,1,0,0,0,0,0,gratuito
1,10000.0,49,0.6938775510204082,9,3,1,0,0,0,1,0,0,0,0,0,1,alto
10,10000.0,16,0.6875,1,2,1,0,0,0,1,0,0,1,0,0,0,medio_baixo
15,10000.0,28,0.5357142857142857,1,1,1,0,0,0,0,0,0,0,0,0,1,medio_baixo
1,10000.0,0,0.0,8,4,1,1,1,0,1,0,0,1,1,0,0,medio_alto
1,0.0,0,0.0,0,0,1,0,0,0,0,0,0,0,0,0,0,gratuito
10,10000.0,13,1.0,1,1,1,0,0,0,1,0,0,0,0,0,0,medio_alto
2,10000.0,23,0.34782608695652173,1,5,1,0,0,0,1,0,0,1,1,0,1,medio_baixo
7,10000.0,18,0.8888888888888888,1,3,1,1,0,0,0,0,0,1,0,0,1,baixo
1,10000.0,11,1.0,2,4,1,0,0,0,1,1,0,1,0,0,1,medio_baixo
6,10000.0,52,0.7307692307692307,1,4,1,0,0,1,1,1,0,1,0,0,0,gratuito
2,0.0,0,0.0,0,0,1,0,0,0,0,0,0,0,0,0,0,gratuito
3,35000.0,3,0.6666666666666666,1,7,1,0,0,0,1,1,1,1,1,1,0,gratuito
4,75000.0,159,0.8867924528301887,12,3,1,0,0,0,1,0,1,1,0,0,0,baixo
10,75000.0,115,0.7391304347826086,6,3,1,1,1,0,1,0,0,0,1,1,0,alto
4,35000.0,3,0.0,1,2,1,0,0,0,0,0,1,0,1,0,0,baixo
1,10000.0,1,1.0,2,3,1,0,0,0,1,0,1,1,0,0,0,medio_alto
2,10000.0,8,0.875,3,1,1,0,0,0,0,0,1,0,0,0,0,alto
2,10000.0,14,0.2857142857142857,1,5,1,0,0,0,1,1,0,1,0,0,0,gratuito
1,0.0,0,0.0,16,4,1,1,1,0,1,1,0,0,0,1,0,medio_alto
6,10000.0,15,0.6666666666666666,1,6,1,0,0,0,1,1,1,1,0,0,1,baixo
2,10000.0,0,0.0,1,5,1,0,0,0,1,1,1,1,0,1,0,alto
8,10000.0,102,0.5588235294117647,2,3,1,0,0,1,1,0,1,1,0,0,0,baixo
2,10000.0,3,1.0,1,2,1,0,0,0,1,1,0,0,0,0,0,medio_baixo
4,10000.0,4,1.0,2,3,1,0,0,0,1,1,1,0,0,0,0,medio_baixo
8,10000.0,35,0.6857142857142857,1,1,1,0,0,1,0,1,0,0,0,0,0,baixo
3,0.0,0,0.0,1,5,1,0,0,0,0,1,0,1,0,1,0,gratuito
3,10000.0,131,0.9465648854961832,1,1,1,0,0,0,0,1,0,0,0,0,0,baixo
5,0.0,0,0.0,0,0,1,0,0,0,0,0,0,0,0,0,0,gratuito
7,10000.0,224,0.6785714285714286,3,4,1,1,1,1,1,1,1,0,1,0,0,medio_baixo
4,350000.0,17723,0.9816622467979462,15,3,1,0,0,1,1,1,1,0,0,0,0,alto
3,10000.0,3,1.0,1,2,1,0,0,0,1,0,0,1,0,0,0,medio_alto
5,10000.0,2,1.0,1,3,1,0,0,0,1,0,1,0,0,0,0,medio_baixo
5,150000.0,434,0.8456221198156681,5,3,1,1,1,0,1,0,0,0,1,0,0,gratuito
9,10000.0,143,0.2727272727272727,1,4,1,0,0,0,1,0,1,1,0,0,1,baixo
1,0.0,0,0.0,0,0,1,0,0,0,0,0,0,0,0,0,0,gratuito
3,10000.0,6,1.0,13,2,1,0,0,0,1,1,0,0,0,0,0,alto
6,10000.0,78,0.5897435897435898,9,6,1,0,0,0,1,1,0,0,0,0,1,alto
7,35000.0,165,0.8,1,3,1,1,1,1,1,1,0,0,0,0,0,gratuito
3,10000.0,10,0.8,1,1,1,0,0,0,0,0,1,0,0,0,0,medio_baixo
6,35000.0,17,0.5294117647058824,4,3,1,1,0,0,1,1,1,0,0,0,0,baixo
9,10000.0,10,0.7,1,2,1,0,0,0,1,0,1,0,0,0,0,medio_alto
7,35000.0,1,0.0,2,2,1,0,0,0,0,0,1,1,0,0,0,medio_baixo
5,10000.0,9,0.4444444444444444,1,1,1,0,0,0,0,0,0,1,0,0,0,medio_baixo
10,350000.0,256,0.5,1,2,1,0,0,0,1,1,0,0,0,0,0,baixo
2,10000.0,126,0.7301587301587301,12,5,1,0,0,0,1,1,1,1,0,0,1,medio_alto
1,10000.0,0,0.0,11,3,1,1,1,0,1,0,0,1,0,0,1,medio_baixo
10,10000.0,16,0.6875,1,4,1,0,0,0,1,1,0,0,0,0,0,baixo
2,10000.0,0,0.0,1,7,1,0,0,0,1,1,1,1,0,1,1,medio_alto
12,10000.0,80,0.225,1,3,1,1,0,0,1,0,0,1,0,0,1,alto
2,10000.0,1,0.0,1,1,1,0,0,0,0,0,0,0,1,0,0,medio_baixo
11,150000.0,1095,0.8721461187214612,14,2,1,1,1,0,0,0,0,1,0,1,0,baixo
2,10000.0,18,0.8888888888888888,1,2,1,0,0,0,1,0,1,0,0,0,0,medio_alto
14,350000.0,2143,0.8278114792347177,2,3,1,1,1,2,1,0,1,0,0,1,0,medio_baixo
5,10000.0,27,0.14814814814814814,2,4,1,1,0,1,1,0,0,0,0,1,1,medio_alto
1,10000.0,0,0.0,28,1,1,0,0,0,0,0,0,1,0,0,0,baixo
5,10000.0,29,0.9310344827586207,1,3,1,1,1,0,0,0,0,0,0,0,0,medio_alto
4,10000.0,14,0.7857142857142857,1,4,1,0,0,0,1,1,0,1,0,0,1,medio_alto
4,0.0,0,0.0,1,3,1,0,0,1,1,0,1,1,0,0,0,baixo
4,10000.0,74,0.7432432432432432,13,2,1,0,0,0,0,1,1,0,0,0,0,medio_alto
2,35000.0,4,1.0,1,2,1,1,1,0,1,0,0,0,1,0,0,medio_alto
3,10000.0,170,0.7294117647058823,8,3,1,1,0,1,1,1,1,0,0,0,0,medio_baixo
1,10000.0,0,0.0,1,2,1,1,1,0,1,0,0,0,0,0,0,alto
5,10000.0,60,0.6666666666666666,5,4,1,1,1,0,1,1,1,1,0,0,0,alto
3,10000.0,162,0.8703703703703703,1,4,1,1,0,1,1,1,0,0,0,1,1,medio_alto
10,150000.0,470,0.6659574468085107,1,2,1,0,0,1,0,0,0,0,1,1,0,medio_alto
8,10000.0,4,1.0,1,1,1,1,0,0,0,0,0,1,0,0,0,medio_alto
5,10000.0,9,0.3333333333333333,1,2,1,0,0,0,0,1,0,0,0,0,0,medio_alto
5,10000.0,33,0.8787878787878788,2,4,1,0,0,1,1,0,0,1,0,1,1,medio_baixo
6,10000.0,52,0.8846153846153846,2,2,1,0,0,0,1,0,1,0,0,0,0,medio_baixo
2,10000.0,55,0.9272727272727272,2,3,1,0,0,0,0,0,0,1,0,1,0,baixo
11,35000.0,784,0.9119897959183674,1,2,1,1,0,0,1,0,0,1,0,0,0,baixo
9,10000.0,4,1.0,1,4,1,0,0,0,1,1,1,0,0,1,0,medio_baixo
1,0.0,0,0.0,0,0,1,0,0,0,0,0,0,0,0,0,0,gratuito
1,0.0,0,0.0,10,2,1,0,1,0,1,1,0,0,0,0,0,medio_alto
2,10000.0,3,0.6666666666666666,1,4,1,0,0,0,1,1,1,1,0,0,0,medio_baixo
2,10000.0,0,0.0,8,3,1,0,1,0,1,1,1,0,0,0,0,medio_alto
1,10000.0,0,0.0,3,3,1,0,0,0,1,0,1,1,0,0,0,medio_baixo
6,150000.0,2126,0.9463781749764817,1,1,1,0,0,1,0,1,0,0,0,0,0,gratuito
2,10000.0,21,0.6190476190476191,27,2,1,0,0,0,0,1,1,0,0,0,0,medio_alto
1,0.0,0,0.0,2,3,1,0,0,0,1,1,0,1,0,0,0,medio_baixo
1,10000.0,6,1.0,3,4,1,0,0,0,1,0,1,1,0,1,0,baixo
5,150000.0,2257,0.871953921134249,18,6,1,0,0,4,1,1,1,1,1,0,1,medio_alto
1,0.0,0,0.0,0,0,1,0,0,0,0,0,0,0,0,0,0,gratuito
2,10000.0,0,0.0,3,3,1,0,0,0,0,0,0,0,1,1,1,medio_alto
2,0.0,0,0.0,0,0,1,0,0,0,0,0,0,0,0,0,0,gratuito
7,10000.0,5,0.2,1,2,1,0,0,0,1,0,0,0,0,0,0,alto
2,10000.0,17,0.8823529411764706,1,2,1,0,0,0,0,1,1,0,0,0,0,baixo
5,350000.0,4869,0.8689669336619429,11,2,1,0,0,1,1,0,1,0,0,0,0,medio_alto
4,150000.0,3528,0.8818027210884354,7,3,1,1,0,0,1,0,0,1,0,0,1,medio_alto
7,10000.0,11,0.5454545454545454,1,3,1,0,0,0,1,1,0,1,0,0,0,baixo
1,10000.0,56,0.9285714285714286,2,3,1,0,0,0,1,0,0,1,0,0,1,baixo
5,10000.0,1,1.0,1,2,1,0,0,0,1,1,0,0,0,0,0,medio_alto
8,10000.0,99,0.898989898989899,1,3,1,1,0,0,1,1,1,0,0,0,0,medio_alto
9,350000.0,16,0.75,1,3,1,1,1,0,0,1,1,0,0,1,0,medio_alto
2,10000.0,21,0.2857142857142857,16,3,1,0,0,0,0,0,0,0,0,0,0,alto
12,10000.0,387,0.7545219638242894,1,3,1,0,1,12,0,0,0,0,0,0,0,alto
3,10000.0,91,0.27472527472527475,1,3,1,0,0,1,1,0,0,0,0,1,1,baixo
9,75000.0,50,0.76,13,2,1,1,1,0,1,0,0,1,0,0,0,medio_baixo
1,0.0,0,0.0,1,3,1,0,0,0,1,0,1,1,0,0,0,medio_alto
5,0.0,0,0.0,0,0,1,0,0,0,0,0,0,0,0,0,0,gratuito
2,10000.0,4,1.0,1,2,1,1,1,0,1,0,1,0,0,0,0,medio_baixo
2,10000.0,2,1.0,1,2,1,0,0,0,1,0,0,1,0,0,0,medio_baixo
5,35000.0,94,0.7021276595744681,8,4,1,0,0,0,1,1,1,0,1,0,0,medio_baixo
1,0.0,0,0.0,0,0,1,0,0,0,0,0,0,0,0,0,0,gratuito
3,10000.0,1,1.0,8,4,1,0,0,0,1,0,1,1,0,0,1,medio_baixo
10,10000.0,64,0.609375,1,3,1,0,0,0,1,0,1,0,0,0,1,medio_baixo
11,35000.0,68,0.7352941176470589,1,2,1,1,0,0,1,0,0,1,0,0,0,medio_baixo
2,10000.0,1,0.0,7,5,1,0,0,0,1,1,1,1,1,0,0,medio_baixo
1,0.0,0,0.0,2,4,1,0,1,0,1,0,0,1,1,0,0,medio_baixo
2,10000.0,3,1.0,2,2,1,0,0,0,1,0,1,0,0,0,0,medio_baixo
8,10000.0,3,0.6666666666666666,1,2,1,0,0,0,0,0,0,0,0,1,0,medio_alto
2,10000.0,1,1.0,1,5,1,0,0,0,1,1,1,1,1,0,0,baixo
1,10000.0,0,0.0,1,2,1,0,0,0,0,0,0,0,0,0,1,medio_alto
1,0.0,0,0.0,5,3,1,0,0,0,1,0,1,1,0,0,0,medio_baixo
1,10000.0,0,0.0,1,3,1,0,0,0,1,0,1,0,1,0,0,medio_baixo
4,750000.0,8459,0.8399337983213145,10,1,1,0,0,2,0,1,0,0,0,0,0,alto
5,10000.0,0,0.0,1,3,1,0,0,0,1,0,1,1,0,0,0,medio_alto
10,10000.0,42,0.8333333333333334,3,4,1,0,0,0,1,1,1,0,1,0,0,baixo
3,10000.0,2,1.0,1,2,1,1,0,0,1,1,0,0,0,0,0,medio_alto
11,10000.0,85,0.7764705882352941,7,4,1,1,1,0,1,1,1,1,0,0,0,gratuito
3,10000.0,21,0.9047619047619048,5,4,1,0,0,0,1,1,1,1,0,0,0,baixo
1,0.0,0,0.0,14,6,1,0,0,0,1,1,1,1,1,0,1,medio_alto
10,75000.0,61,0.5737704918032787,1,5,1,0,0,0,1,0,1,1,1,0,1,baixo
4,10000.0,4,0.75,1,3,1,0,0,0,1,0,1,1,0,0,0,medio_baixo
1,0.0,0,0.0,1,4,1,0,0,0,1,1,1,1,0,0,0,baixo
5,0.0,0,0.0,0,0,1,0,0,0,0,0,0,0,0,0,0,gratuito
1,0.0,0,0.0,0,0,1,0,0,0,0,0,0,0,0,0,0,gratuito
6,35000.0,3,0.6666666666666666,1,1,1,0,0,0,0,1,0,0,0,0,0,medio_baixo
1,10000.0,15,0.8,1,3,1,0,0,0,0,0,0,1,0,0,1,medio_baixo
12,75000.0,270,0.6888888888888889,13,4,1,1,1,0,1,0,0,1,1,0,1,baixo
10,10000.0,228,0.4868421052631579,2,3,1,0,0,0,1,1,1,0,0,0,0,baixo
12,10000.0,81,0.5679012345679012,2,5,1,0,0,0,0,1,0,1,0,1,1,medio_alto
4,75000.0,2002,0.5599400599400599,10,5,1,0,0,1,1,1,1,0,1,0,1,alto
4,10000.0,0,0.0,2,2,1,0,1,0,0,0,0,1,0,0,1,medio_baixo
1,10000.0,0,0.0,4,3,1,1,0,0,1,1,0,1,0,0,0,alto
2,10000.0,0,0.0,3,1,1,0,0,0,0,0,0,0,1,0,0,medio_alto
3,10000.0,0,0.0,4,4,1,0,0,4,1,0,1,1,0,1,0,baixo
5,10000.0,9,0.5555555555555556,8,4,1,0,0,0,1,1,0,0,0,0,1,baixo
9,10000.0,3,0.3333333333333333,1,3,1,0,0,0,0,0,0,0,0,0,0,medio_baixo
8,35000.0,372,0.7150537634408602,5,1,1,0,0,0,0,0,0,0,0,0,0,alto
8,10000.0,18,0.8333333333333334,1,3,1,0,0,0,1,0,0,1,0,1,0,gratuito
2,0.0,0,0.0,1,2,1,0,0,0,1,0,0,1,0,0,0,gratuito
2,10000.0,103,0.8640776699029126,1,4,1,0,0,0,1,0,1,1,0,0,0,baixo
7,10000.0,1,0.0,2,4,1,1,0,0,1,0,0,1,0,0,0,medio_baixo
1,0.0,0,0.0,0,0,1,0,0,0,0,0,0,0,0,0,0,gratuito
1,10000.0,6,0.3333333333333333,2,4,1,0,0,0,0,0,0,1,0,1,1,medio_baixo
10,10000.0,9,0.7777777777777778,2,3,1,0,0,0,1,1,1,0,0,0,0,medio_alto
6,35000.0,18,0.9444444444444444,1,1,1,1,0,1,1,0,0,0,0,0,0,medio_alto
1,0.0,0,0.0,0,0,1,0,0,0,0,0,0,0,0,0,0,gratuito
4,10000.0,1,1.0,1,5,1,0,0,0,1,1,1,1,0,1,0,medio_baixo
4,10000.0,1,1.0,1,4,1,1,1,0,1,0,0,1,0,1,1,medio_alto
6,350000.0,8109,0.7891231964483907,12,4,1,0,0,1,1,1,0,0,0,1,1,medio_alto
1,0.0,0,0.0,2,3,1,0,0,0,1,1,0,1,0,0,0,medio_baixo
2,0.0,0,0.0,1,2,1,0,1,0,1,0,0,0,0,0,0,gratuito
1,10000.0,0,0.0,1,3,1,0,0,0,1,1,1,0,0,0,0,alto
5,10000.0,0,0.0,1,2,1,0,0,0,1,1,0,0,0,0,0,medio_baixo
3,0.0,0,0.0,103,3,1,1,1,0,1,0,0,1,0,1,0,baixo
3,0.0,0,0.0,0,0,1,0,0,0,0,0,0,0,0,0,0,gratuito
9,10000.0,65,0.8923076923076924,2,2,1,1,0,0,1,0,1,0,0,0,0,medio_baixo
1,10000.0,0,0.0,2,3,1,0,0,0,1,0,0,1,0,1,0,medio_alto
10,35000.0,209,0.6698564593301436,2,2,1,1,1,0,1,0,0,0,0,1,0,baixo
3,10000.0,24,0.9583333333333334,6,2,1,0,0,0,1,0,0,0,0,0,0,medio_baixo
9,10000.0,8,0.5,1,5,1,0,0,0,1,1,0,1,0,1,0,medio_baixo
2,0.0,0,0.0,0,0,1,0,0,0,0,0,0,0,0,0,0,gratuito
5,35000.0,12,1.0,1,3,1,0,0,3,1,0,1,0,1,0,0,alto
9,10000.0,8,1.0,1,3,1,0,0,1,1,1,1,0,0,0,0,alto
2,10000.0,42,0.6666666666666666,11,3,1,0,0,0,0,0,0,0,0,1,1,medio_alto
5,0.0,0,0.0,2,4,1,0,0,0,1,1,1,0,0,0,0,gratuito
6,10000.0,6,0.8333333333333334,7,2,1,0,0,0,1,0,1,0,0,0,0,medio_alto
7,10000.0,9,0.5555555555555556,4,1,1,1,0,0,0,0,0,1,0,0,0,medio_alto
6,10000.0,22,0.36363636363636365,28,8,1,1,1,0,1,1,1,1,1,1,1,alto
10,0.0,0,0.0,1,4,1,0,1,1,1,1,0,1,0,0,0,baixo
5,10000.0,17,0.5882352941176471,2,2,1,0,0,0,1,0,0,1,0,0,0,baixo
3,10000.0,3,0.6666666666666666,1,3,1,1,0,0,1,0,1,1,0,0,0,baixo
9,75000.0,1675,0.7623880597014925,10,2,1,0,0,0,1,1,0,0,0,0,0,medio_baixo
6,35000.0,70,0.5571428571428572,1,1,1,1,1,0,0,0,0,1,0,0,0,baixo
6,10000.0,16,0.8125,10,3,1,0,0,0,1,1,0,1,0,0,0,baixo
6,10000.0,11,0.45454545454545453,1,4,1,0,0,0,1,0,0,1,0,0,1,medio_alto
6,10000.0,5,0.8,1,5,1,0,0,0,1,1,1,1,1,0,0,medio_alto
2,10000.0,0,0.0,4,5,1,0,0,0,0,1,0,0,0,1,0,gratuito
2,0.0,0,0.0,0,0,1,0,0,0,0,0,0,0,0,0,0,gratuito
11,150000.0,244,0.8278688524590164,2,3,1,0,0,0,1,0,1,0,0,0,0,gratuito
3,10000.0,15,0.8,14,3,1,0,0,0,1,1,1,0,0,0,0,baixo
8,10000.0,2,0.5,27,2,1,1,1,0,1,0,0,1,0,0,0,baixo
2,10000.0,0,0.0,8,3,1,0,0,0,1,0,0,1,0,1,0,alto
6,7500000.0,175184,0.82480706000548,5,2,1,0,0,0,0,1,1,0,0,0,0,medio_alto
2,35000.0,170,0.6294117647058823,18,5,1,0,0,0,1,1,0,0,0,0,0,medio_baixo
2,10000.0,1,1.0,0,6,1,0,0,0,1,1,1,1,1,0,1,alto
6,35000.0,20,1.0,5,1,1,0,0,0,0,1,0,0,0,0,0,medio_baixo
1,0.0,0,0.0,0,0,1,0,0,0,0,0,0,0,0,0,0,gratuito
7,0.0,0,0.0,1,3,1,0,0,0,0,1,0,0,0,0,0,gratuito
4,10000.0,2,0.0,2,5,1,0,1,5,0,0,1,1,1,1,1,medio_alto
4,10000.0,127,0.8582677165354331,2,2,1,0,0,0,0,1,0,0,1,0,0,alto
2,0.0,0,0.0,2,2,1,1,1,1,1,0,1,0,0,0,0,gratuito
1,0.0,0,0.0,0,0,1,0,0,0,0,0,0,0,0,0,0,gratuito
6,750000.0,33262,0.9442907822740665,11,3,1,0,0,6,0,1,1,0,1,0,0,alto
7,10000.0,24,0.4166666666666667,2,4,1,0,0,0,0,0,0,0,1,1,1,medio_baixo
7,35000.0,6,0.8333333333333334,1,1,1,0,1,0,0,0,0,0,0,1,0,medio_baixo
3,10000.0,8,1.0,3,2,1,0,0,0,1,0,0,1,0,0,0,baixo
1,0.0,0,0.0,1,6,1,1,1,0,1,1,1,1,1,0,0,gratuito
1,10000.0,6,1.0,2,3,1,0,0,0,1,0,1,0,1,0,0,medio_baixo
5,10000.0,0,0.0,29,2,1,0,0,0,1,0,0,1,0,0,0,baixo
9,10000.0,4,0.75,1,2,1,0,0,0,1,1,0,0,0,0,0,medio_baixo
4,35000.0,22,0.7272727272727273,13,3,1,0,0,0,1,0,1,1,0,0,0,alto
4,10000.0,1,1.0,1,1,1,0,0,0,0,0,0,1,0,0,0,medio_baixo
6,150000.0,35,0.8571428571428571,1,3,1,0,0,0,0,1,0,1,0,0,0,gratuito
5,10000.0,0,0.0,1,1,1,1,0,0,0,0,0,1,0,0,0,medio_baixo
4,35000.0,9,1.0,1,2,1,0,0,0,1,1,0,0,0,0,0,baixo
4,10000.0,4,1.0,3,2,1,1,0,0,1,0,1,0,0,0,0,medio_baixo
1,0.0,0,0.0,4,5,1,0,0,0,1,0,1,1,1,1,0,medio_alto
8,10000.0,3,1.0,1,3,1,1,1,0,1,1,1,0,0,0,0,alto
7,10000.0,186,0.8817204301075269,4,3,1,0,0,0,1,1,0,1,0,0,0,alto
11,1500000.0,15747,0.974534832031498,26,1,1,1,1,1,1,0,0,0,0,0,0,medio_alto
2,0.0,0,0.0,1,3,1,0,0,0,1,0,1,0,0,0,0,gratuito
8,10000.0,22,0.45454545454545453,1,5,1,0,0,0,1,1,1,0,0,1,1,medio_baixo
8,35000.0,7,0.14285714285714285,103,3,1,0,0,0,1,1,0,1,0,0,0,baixo
4,10000.0,2,0.5,1,3,1,0,0,0,1,1,1,0,0,0,0,baixo
4,0.0,0,0.0,1,2,1,0,0,1,0,1,0,1,0,0,0,gratuito
4,35000.0,32,0.90625,1,2,1,0,0,0,1,0,1,0,0,0,0,medio_baixo
1,10000.0,2,1.0,3,3,1,0,0,0,0,1,0,1,0,1,0,baixo
1,0.0,0,0.0,103,4,1,0,0,0,1,0,0,1,1,0,1,baixo
3,10000.0,21,0.9047619047619048,7,4,1,0,0,0,1,1,1,1,0,0,0,medio_alto
1,0.0,0,0.0,103,4,1,0,0,1,1,0,0,1,0,0,1,gratuito
1,0.0,0,0.0,1,2,1,0,0,0,1,0,0,1,0,0,0,baixo
2,10000.0,2,1.0,1,2,1,0,0,0,1,0,0,0,0,1,0,medio_baixo
2,10000.0,26,0.8076923076923077,10,4,1,0,0,0,1,1,1,0,0,0,1,medio_alto
7,10000.0,24,0.75,2,5,1,0,0,0,1,1,1,0,1,0,0,alto
3,0.0,0,0.0,0,0,1,0,0,0,0,0,0,0,0,0,0,gratuito
9,10000.0,32,0.59375,1,2,1,0,0,0,0,0,0,0,0,0,1,gratuito
1,10000.0,0,0.0,1,3,1,0,0,0,1,1,0,0,0,0,0,gratuito
1,10000.0,2,1.0,1,3,1,1,0,0,0,0,1,0,1,1,0,medio_baixo
3,10000.0,5,0.8,1,2,1,0,0,0,0,0,0,1,0,0,0,medio_baixo
4,0.0,0,0.0,0,0,1,0,0,0,0,0,0,0,0,0,0,gratuito
1,0.0,0,0.0,1,4,1,0,0,0,1,0,1,0,0,0,1,gratuito
1,0.0,0,0.0,0,0,1,0,0,0,0,0,0,0,0,0,0,gratuito
2,10000.0,3,0.3333333333333333,1,4,1,0,0,0,1,1,1,0,0,0,0,alto
2,0.0,0,0.0,0,0,1,0,0,0,0,0,0,0,0,0,0,gratuito
4,0.0,0,0.0,1,2,1,0,0,0,0,1,0,0,0,0,0,gratuito
7,10000.0,37,0.7027027027027027,4,5,1,0,0,1,1,0,1,1,0,1,1,baixo
2,10000.0,682,0.8005865102639296,14,2,1,0,0,0,0,1,1,0,0,0,0,medio_alto
2,10000.0,4,0.5,4,2,1,0,0,0,1,0,0,0,0,1,0,alto
8,35000.0,49,0.8367346938775511,1,6,1,0,0,0,1,1,0,1,0,0,1,gratuito
2,0.0,0,0.0,0,0,1,0,0,0,0,0,0,0,0,0,0,gratuito
2,0.0,0,0.0,1,2,1,0,0,0,0,1,0,0,0,0,0,gratuito
1,10000.0,0,0.0,1,1,1,1,1,0,0,0,0,1,0,0,0,medio_alto
4,0.0,0,0.0,1,4,1,0,0,0,1,1,1,0,1,0,0,gratuito
12,150000.0,1407,0.6574271499644634,11,3,1,1,1,0,1,0,1,0,0,1,0,medio_baixo
2,35000.0,644,0.8881987577639752,7,2,1,0,0,1,1,0,0,0,0,1,0,alto
4,0.0,0,0.0,1,4,1,0,0,0,1,0,0,1,1,0,0,gratuito
3,10000.0,6,0.8333333333333334,1,4,1,0,0,0,1,1,1,1,0,0,0,medio_baixo
9,75000.0,511,0.8140900195694716,1,5,1,1,1,0,1,1,1,0,0,1,1,medio_baixo
9,10000.0,0,0.0,1,3,1,0,0,0,1,1,0,1,0,0,0,medio_baixo
3,10000.0,10,1.0,1,3,1,0,0,0,0,1,0,1,0,0,0,alto
2,35000.0,20,1.0,1,2,1,1,0,0,1,0,0,1,0,0,0,baixo
1,10000.0,0,0.0,1,3,1,0,0,0,1,0,0,0,1,1,0,medio_alto
10,10000.0,13,0.8461538461538461,1,4,1,1,0,0,1,1,0,1,0,0,0,alto
5,10000.0,13,0.8461538461538461,1,4,1,0,0,0,1,1,0,0,0,0,0,gratuito
4,10000.0,4,1.0,1,3,1,1,0,0,1,1,0,0,0,0,0,alto
3,0.0,0,0.0,0,0,1,0,0,0,0,0,0,0,0,0,0,gratuito
1,10000.0,0,0.0,1,4,1,0,0,0,1,1,1,1,0,0,0,medio_baixo
6,10000.0,0,0.0,1,2,1,0,0,2,1,0,0,1,0,0,0,baixo
4,10000.0,14,0.9285714285714286,29,2,1,0,0,0,1,0,0,1,0,0,0,baixo
1,0.0,0,0.0,1,4,1,0,0,0,1,1,0,1,0,0,0,gratuito
7,10000.0,10,0.9,2,2,1,0,0,0,1,0,1,0,0,0,0,medio_alto
8,10000.0,31,0.8387096774193549,1,2,1,0,0,0,1,1,0,0,0,0,0,alto
5,10000.0,0,0.0,2,1,1,0,0,0,0,0,0,1,0,0,0,medio_alto
11,10000.0,64,0.828125,1,2,1,0,0,0,1,0,0,0,1,0,0,baixo
3,0.0,0,0.0,0,0,1,0,0,0,0,0,0,0,0,0,0,gratuito
2,10000.0,0,0.0,4,2,1,0,0,0,0,0,0,1,0,0,0,gratuito
1,75000.0,1969,0.968511934992382,10,3,1,0,0,0,1,0,0,1,0,0,1,medio_baixo
1,10000.0,0,0.0,1,3,1,0,0,0,1,0,0,1,0,0,0,medio_baixo
5,10000.0,20,0.95,4,1,1,0,0,0,0,0,0,1,0,0,0,medio_alto
1,0.0,0,0.0,2,3,1,1,0,3,0,0,0,0,0,0,0,gratuito
1,0.0,0,0.0,13,4,1,0,0,0,1,0,0,1,0,0,1,gratuito
3,10000.0,166,0.7349397590361446,27,1,1,1,0,8,0,0,0,0,0,0,0,medio_alto
1,10000.0,0,0.0,2,2,1,0,0,1,1,1,0,0,0,0,0,medio_alto
1,10000.0,0,0.0,30,4,1,0,0,0,1,1,1,1,0,0,0,baixo
3,10000.0,13,0.7692307692307693,1,4,1,0,0,0,1,1,0,1,0,0,0,medio_alto
2,10000.0,74,0.8918918918918919,4,3,1,0,0,0,0,0,0,1,1,1,0,medio_alto
2,10000.0,19,0.6842105263157895,2,3,1,0,0,0,0,1,1,1,0,0,0,medio_baixo
4,10000.0,27,0.5925925925925926,2,4,1,0,0,0,1,0,0,1,0,1,1,medio_baixo
1,10000.0,0,0.0,29,1,1,0,0,0,0,0,0,0,0,0,0,medio_alto
6,35000.0,244,0.7540983606557377,4,4,1,0,0,0,1,0,1,1,1,0,0,medio_alto
4,35000.0,10,0.8,10,3,1,0,0,0,1,0,0,0,0,0,0,medio_baixo
7,10000.0,34,0.8823529411764706,1,3,1,0,0,0,1,0,0,0,0,1,1,medio_baixo
2,0.0,0,0.0,10,3,1,0,0,0,0,1,0,0,0,1,0,gratuito
8,0.0,0,0.0,1,4,1,0,1,0,1,0,0,1,0,0,0,baixo
6,10000.0,120,0.7,1,5,1,0,0,0,1,1,1,1,0,0,1,baixo
5,10000.0,12,1.0,6,2,1,0,0,0,1,0,0,1,0,0,0,medio_baixo
7,10000.0,80,0.55,1,4,1,0,0,0,1,0,0,1,0,1,1,baixo
3,10000.0,0,0.0,1,2,1,0,0,0,1,0,0,0,0,0,0,medio_baixo
2,10000.0,15,0.6666666666666666,1,4,1,0,0,0,1,1,1,1,0,0,0,medio_baixo
4,0.0,0,0.0,0,0,1,0,0,0,0,0,0,0,0,0,0,gratuito
6,150000.0,2921,0.8356727148236905,3,5,1,0,0,0,1,1,1,1,0,0,1,medio_baixo
3,35000.0,1,0.0,1,3,1,1,1,0,0,0,0,1,0,0,0,medio_alto
3,10000.0,0,0.0,1,4,1,0,0,0,1,1,1,0,0,0,0,gratuito
1,10000.0,18,0.8888888888888888,2,2,1,0,0,0,1,1,0,0,0,0,0,medio_alto
6,10000.0,16,0.75,1,4,1,0,0,0,1,1,1,1,0,0,0,medio_baixo
2,35000.0,63,0.9365079365079365,3,1,1,0,0,0,0,0,1,0,0,0,0,medio_alto
1,0.0,0,0.0,2,3,1,0,0,0,1,1,1,0,0,0,0,baixo
7,10000.0,3,1.0,2,4,1,0,1,0,1,1,0,1,0,0,1,baixo
8,350000.0,1855,0.9304582210242588,3,2,1,0,0,0,0,0,0,0,0,1,1,alto
2,10000.0,26,0.7692307692307693,2,4,1,0,0,0,1,0,1,1,0,0,0,gratuito
13,350000.0,2657,0.8885961610839292,7,1,1,1,1,1,0,0,1,0,0,0,0,medio_alto
2,10000.0,5,1.0,2,5,1,0,0,0,0,1,0,1,1,1,1,baixo
3,10000.0,1,1.0,1,2,1,0,0,0,0,1,0,1,0,0,0,medio_alto
4,10000.0,2,0.0,1,6,1,0,0,0,1,1,0,1,1,1,1,baixo
11,10000.0,16,0.5625,1,3,1,1,1,0,1,0,1,1,0,0,0,medio_baixo
3,10000.0,0,0.0,1,2,1,0,0,0,1,0,0,1,0,0,0,baixo
7,350000.0,8364,0.9160688665710186,3,1,1,0,0,0,0,0,1,0,0,0,0,medio_alto
7,10000.0,0,0.0,1,3,1,0,0,0,1,1,0,1,0,0,0,alto
1,75000.0,2,0.5,1,1,1,0,1,0,0,0,0,0,1,0,0,medio_alto
12,150000.0,470,0.7936170212765957,13,5,1,1,1,0,1,0,1,1,1,1,0,baixo
5,10000.0,25,0.68,1,4,1,0,0,0,1,1,1,0,1,0,0,alto
4,10000.0,1,1.0,1,3,1,0,0,0,1,0,1,0,1,0,0,baixo
1,350000.0,3639,0.8796372629843363,1,4,1,0,0,1,1,1,0,0,0,1,0,gratuito
3,150000.0,2823,0.9018774353524619,15,4,1,0,0,1,1,0,1,0,0,1,1,alto
4,10000.0,7,0.5714285714285714,1,3,1,0,0,0,1,0,1,1,0,0,0,medio_baixo
3,10000.0,0,0.0,1,1,1,0,0,0,0,0,0,1,0,0,0,alto
4,10000.0,5,0.8,1,3,1,0,0,0,1,1,1,0,0,0,0,medio_alto
4,35000.0,15,0.9333333333333333,2,1,1,0,0,0,0,1,0,0,0,0,0,medio_baixo
9,10000.0,122,0.3360655737704918,2,3,1,0,0,0,1,1,1,0,0,0,0,baixo
5,10000.0,2,1.0,1,2,1,0,0,0,0,0,1,1,0,0,0,medio_alto
3,350000.0,1417,0.8637967537050106,5,2,1,1,0,1,1,0,0,0,0,1,0,medio_baixo
1,0.0,0,0.0,4,2,1,0,0,0,1,0,1,0,0,0,0,baixo
2,10000.0,11,1.0,2,6,1,1,1,0,1,1,1,1,0,1,1,alto
11,75000.0,208,0.7259615384615384,1,4,1,0,0,0,1,0,0,1,1,0,1,baixo
9,10000.0,0,0.0,1,1,1,0,0,0,0,0,0,0,0,0,0,alto
3,10000.0,2,0.5,2,7,1,0,0,0,1,1,1,1,1,1,1,medio_baixo
8,10000.0,40,0.65,3,2,1,0,0,0,0,0,0,1,0,0,1,medio_baixo
1,0.0,0,0.0,1,3,1,0,0,0,0,0,1,0,0,1,1,alto
5,10000.0,28,0.7142857142857143,7,4,1,0,0,0,1,1,0,0,0,1,1,alto
1,0.0,0,0.0,1,3,1,0,0,0,1,1,0,0,0,0,0,gratuito
9,150000.0,54,0.7592592592592593,1,6,1,0,0,0,0,1,1,1,0,1,1,medio_alto
9,35000.0,88,0.45454545454545453,1,5,1,0,0,0,0,1,1,0,1,0,0,gratuito
8,10000.0,3,0.6666666666666666,7,1,1,1,0,0,0,0,0,1,0,0,0,medio_alto
2,10000.0,2,0.0,1,3,1,0,0,0,0,1,1,0,1,0,0,medio_baixo
1,10000.0,5,0.8,1,1,1,0,0,0,0,1,0,0,0,0,0,medio_alto
9,10000.0,41,0.8536585365853658,1,3,1,0,0,0,1,1,0,0,0,1,0,alto
7,35000.0,15,0.3333333333333333,2,4,1,0,0,0,1,0,0,1,0,1,1,medio_baixo
3,10000.0,46,0.782608695652174,11,3,1,0,0,0,1,0,0,1,0,0,0,alto
5,10000.0,14,0.5,1,7,1,0,0,0,1,1,1,1,1,0,1,baixo
6,10000.0,3,1.0,1,4,1,0,0,0,1,0,0,1,0,1,1,medio_alto
6,10000.0,13,0.9230769230769231,29,2,1,0,0,0,1,0,0,1,0,0,0,baixo
4,10000.0,0,0.0,103,1,1,0,0,0,1,0,0,0,0,0,0,baixo
6,35000.0,12,0.75,1,4,1,0,0,0,1,1,1,0,0,0,0,gratuito
20,350000.0,1405,0.7074733096085409,8,1,1,1,1,2,0,0,0,0,0,1,0,medio_alto
8,10000.0,35,0.2571428571428571,2,3,1,0,0,0,1,0,1,1,0,0,0,baixo
2,0.0,0,0.0,0,0,1,0,0,0,0,0,0,0,0,0,0,gratuito
5,10000.0,7,1.0,1,4,1,0,0,0,1,1,1,1,0,0,0,medio_baixo
4,10000.0,14,0.42857142857142855,1,3,1,0,0,0,1,0,1,1,0,0,0,alto
1,10000.0,0,0.0,15,4,1,0,0,0,1,0,0,0,0,1,0,alto
3,0.0,0,0.0,0,0,1,0,0,0,0,0,0,0,0,0,0,gratuito
5,0.0,0,0.0,0,0,1,0,0,0,0,0,0,0,0,0,0,gratuito
3,10000.0,10,0.8,14,6,1,0,0,0,1,1,0,0,0,0,1,medio_alto
11,1500000.0,9491,0.9216099462648826,10,2,1,0,0,3,0,1,1,0,0,0,0,medio_alto
4,0.0,0,0.0,1,6,1,0,0,1,1,0,0,0,1,1,0,gratuito
3,10000.0,2,1.0,1,2,1,0,0,0,1,1,0,0,0,0,0,medio_baixo
3,10000.0,14,0.5,17,2,1,0,0,0,0,1,1,0,0,0,0,alto
7,10000.0,44,0.9545454545454546,1,3,1,0,0,0,0,1,1,1,0,0,0,baixo
5,0.0,0,0.0,1,4,1,0,0,0,1,1,0,1,0,0,0,gratuito
1,10000.0,0,0.0,16,3,1,0,0,0,1,0,0,1,0,1,0,baixo
8,10000.0,17,0.7647058823529411,1,6,1,0,0,0,1,0,1,1,0,1,1,baixo
5,10000.0,0,0.0,1,3,1,0,0,0,0,0,0,1,0,0,1,gratuito
2,10000.0,2,0.0,12,3,1,0,0,0,1,1,0,0,0,1,0,medio_baixo
5,10000.0,32,0.8125,10,6,1,0,0,0,1,1,0,1,0,0,0,gratuito
4,10000.0,1,0.0,1,3,1,0,0,0,1,1,0,0,1,0,0,medio_baixo
3,0.0,0,0.0,0,0,1,0,0,0,0,0,0,0,0,0,0,gratuito
3,0.0,0,0.0,2,1,1,0,0,0,0,0,1,0,0,0,0,gratuito
7,10000.0,9,1.0,1,1,1,0,0,0,0,1,0,0,0,0,0,alto
4,10000.0,10,0.9,3,2,1,0,0,0,0,0,0,0,0,1,1,alto
1,10000.0,0,0.0,10,3,1,0,0,0,1,0,0,0,0,1,0,alto
3,10000.0,2,0.5,1,1,1,0,0,0,0,0,0,1,0,0,0,baixo
1,10000.0,60,0.9666666666666667,10,2,1,0,0,0,1,1,0,0,0,0,0,medio_alto
4,10000.0,1,1.0,3,1,1,1,1,0,0,0,0,1,0,0,0,medio_alto
1,0.0,0,0.0,1,3,1,0,0,0,0,0,0,1,0,0,1,alto
9,10000.0,442,0.751131221719457,11,6,1,1,1,1,1,1,1,1,0,0,1,baixo
3,10000.0,8,0.625,1,3,1,0,0,0,1,1,1,0,0,0,0,alto
10,35000.0,145,0.8551724137931035,1,1,1,1,0,1,0,1,0,0,0,0,0,medio_alto
3,10000.0,18,0.7777777777777778,2,2,1,0,0,0,0,0,1,0,0,1,0,baixo
1,10000.0,0,0.0,28,5,1,0,0,0,1,1,0,1,1,1,0,baixo
2,10000.0,1,1.0,1,2,1,0,0,0,1,0,1,0,0,0,0,medio_alto
4,10000.0,24,0.9583333333333334,6,2,1,0,0,0,1,0,0,0,0,1,0,gratuito
5,10000.0,204,0.803921568627451,2,4,1,1,1,0,1,1,1,0,1,0,0,baixo
9,35000.0,146,0.4863013698630137,18,1,1,1,0,0,0,0,0,0,0,0,1,medio_baixo
4,10000.0,18,0.7222222222222222,4,2,1,0,0,3,0,0,0,1,1,0,0,alto
8,35000.0,76,0.5657894736842105,1,2,1,0,0,1,1,0,0,1,0,0,0,baixo
5,10000.0,22,1.0,1,3,1,0,0,0,1,0,0,1,0,1,0,baixo
1,10000.0,0,0.0,7,3,1,0,0,0,1,1,1,0,0,0,0,medio_alto
2,10000.0,6,0.5,29,4,1,0,0,0,0,1,0,0,0,0,1,medio_baixo
7,10000.0,75,0.8666666666666667,1,3,1,1,1,0,1,0,1,0,1,0,0,medio_alto
2,10000.0,1,1.0,3,1,1,0,0,0,0,0,0,0,0,1,0,baixo
2,10000.0,4,0.0,11,5,1,0,0,0,1,0,0,1,0,0,1,alto
3,10000.0,1,0.0,1,4,1,0,0,0,1,1,1,1,0,0,0,medio_alto
1,0.0,0,0.0,0,0,1,0,0,0,0,0,0,0,0,0,0,gratuito
4,35000.0,8,0.75,7,4,1,0,0,0,1,1,0,1,0,0,0,baixo
2,10000.0,14,0.7142857142857143,103,6,1,0,0,0,0,1,1,1,0,1,1,baixo
6,10000.0,169,0.7041420118343196,5,2,1,0,0,0,1,1,0,0,0,0,0,medio_baixo
5,150000.0,1152,0.7829861111111112,8,2,1,0,0,1,0,1,0,0,1,0,0,alto
9,3500000.0,138097,0.979536123159808,10,4,1,1,1,5,1,1,1,0,0,0,1,medio_alto
7,10000.0,28,1.0,1,3,1,0,0,0,1,1,0,1,0,0,0,alto
3,10000.0,0,0.0,1,4,1,0,0,0,1,1,1,1,0,0,0,baixo
1,0.0,0,0.0,4,3,1,0,0,0,1,0,0,1,0,0,0,medio_baixo
1,0.0,0,0.0,10,4,1,0,0,0,0,1,1,1,1,0,0,baixo
1,0.0,0,0.0,0,0,1,0,0,0,0,0,0,0,0,0,0,gratuito
11,35000.0,271,0.7380073800738007,1,3,1,0,0,0,1,1,0,0,0,0,0,medio_baixo
4,10000.0,37,0.5675675675675675,1,4,1,0,0,0,1,1,1,0,0,0,0,gratuito
1,0.0,0,0.0,1,4,1,0,0,0,1,0,1,1,0,0,1,medio_alto
1,35000.0,5,1.0,4,3,1,0,1,0,1,0,1,0,0,1,0,medio_alto
5,10000.0,33,0.8484848484848485,1,4,1,0,0,0,0,0,1,1,0,0,1,alto
2,0.0,0,0.0,1,4,1,0,0,0,1,0,0,1,0,1,0,gratuito
7,75000.0,465,0.896774193548387,10,5,1,1,1,1,1,1,1,1,1,0,0,medio_alto
12,350000.0,3163,0.8608915586468543,11,2,1,0,0,0,1,0,0,0,0,1,0,medio_alto
9,10000.0,3,0.6666666666666666,1,2,1,1,1,0,1,1,0,0,0,0,0,medio_alto
8,75000.0,1705,0.930791788856305,5,2,1,1,0,3,1,0,0,1,0,0,0,alto
17,10000.0,8,0.75,1,2,1,0,0,0,0,0,0,1,0,0,1,medio_baixo
1,10000.0,40,0.95,1,2,1,0,0,0,1,1,0,0,0,0,0,alto
6,10000.0,477,0.7442348008385744,2,4,1,0,0,0,0,1,0,1,1,0,0,gratuito
5,0.0,0,0.0,1,4,1,1,1,1,1,1,0,1,0,0,0,gratuito
1,0.0,0,0.0,1,4,1,1,0,1,1,1,0,1,0,0,0,gratuito
2,10000.0,12,0.4166666666666667,1,4,1,0,0,0,1,1,0,1,0,0,0,medio_alto
10,350000.0,259,0.5135135135135135,1,2,1,0,0,0,1,0,0,0,1,0,0,baixo
1,10000.0,0,0.0,1,1,1,0,0,0,0,0,0,0,0,0,1,alto
1,10000.0,0,0.0,1,1,1,0,0,1,0,0,1,0,0,0,0,medio_alto
5,35000.0,35,0.45714285714285713,1,4,1,0,1,0,1,1,1,0,1,0,0,medio_baixo
3,35000.0,142,0.5422535211267606,17,5,1,0,0,0,1,0,1,0,0,0,1,alto
4,10000.0,28,0.9285714285714286,1,4,1,0,1,0,1,1,0,0,1,0,0,medio_alto
7,10000.0,14,0.6428571428571429,1,5,1,0,0,0,1,1,1,0,0,0,1,alto
3,75000.0,5,0.8,2,3,1,1,1,0,1,0,0,0,1,1,0,medio_baixo
1,10000.0,7,0.42857142857142855,17,3,1,0,0,0,1,1,1,0,0,0,0,medio_baixo
5,10000.0,0,0.0,4,4,1,0,0,0,1,1,1,0,1,0,0,alto
5,10000.0,20,0.65,103,1,1,0,0,0,0,0,0,1,0,0,0,baixo
2,10000.0,3,1.0,1,5,1,0,0,0,1,0,1,1,1,0,0,medio_alto
2,10000.0,2,0.5,1,1,1,0,0,0,1,0,0,0,0,0,0,medio_baixo
6,75000.0,1280,0.88125,7,3,1,0,0,9,0,0,0,0,0,0,1,medio_baixo
2,0.0,0,0.0,1,4,1,0,0,0,1,0,1,0,1,0,0,gratuito
7,350000.0,6248,0.5945902688860435,8,8,1,0,0,0,1,1,1,1,1,1,0,medio_alto
3,0.0,0,0.0,1,2,1,0,1,0,1,0,0,1,0,0,0,gratuito
1,10000.0,1,1.0,1,8,1,1,1,0,1,1,1,1,1,1,1,baixo
3,10000.0,6,0.8333333333333334,1,2,1,0,0,0,1,0,1,0,0,0,0,medio_baixo
3,10000.0,4,1.0,1,3,1,0,0,0,1,1,0,0,0,0,0,baixo
2,0.0,0,0.0,13,4,1,0,0,1,0,0,0,0,1,1,0,gratuito
1,0.0,0,0.0,14,3,1,0,0,0,1,0,0,1,0,0,1,alto
6,10000.0,3,0.0,1,5,1,0,0,0,1,1,1,1,0,0,0,alto
3,10000.0,21,0.9047619047619048,15,3,1,0,0,0,1,1,1,0,0,0,0,baixo
2,35000.0,311,0.887459807073955,4,2,1,1,1,0,0,0,1,0,1,0,0,medio_baixo
6,75000.0,13,0.5384615384615384,1,4,1,0,0,0,1,0,1,0,1,1,0,baixo
8,75000.0,462,0.9285714285714286,1,3,1,1,1,0,0,0,0,0,1,0,0,medio_alto
10,750000.0,5787,0.7610160705028512,9,2,1,1,0,1,1,0,1,0,0,0,0,baixo
1,10000.0,0,0.0,1,1,1,0,0,0,0,0,0,1,0,0,0,medio_baixo
3,0.0,0,0.0,1,3,1,1,1,0,0,0,0,0,0,0,1,gratuito
4,0.0,0,0.0,1,3,1,1,1,0,0,1,0,1,0,0,0,gratuito
10,10000.0,30,0.5,1,5,1,0,0,0,1,1,1,0,0,0,1,medio_alto
10,35000.0,69,0.782608695652174,3,3,1,1,1,1,1,1,1,0,0,0,0,medio_alto
3,0.0,0,0.0,0,0,1,0,0,0,0,0,0,0,0,0,0,gratuito
7,35000.0,48,0.625,11,2,1,0,0,1,1,0,0,0,0,0,0,medio_baixo
4,10000.0,6,1.0,1,2,1,0,1,0,1,1,0,0,0,0,0,baixo
9,0.0,0,0.0,1,2,1,0,0,0,0,0,0,1,0,0,1,medio_baixo
6,10000.0,1,0.0,1,3,1,0,0,0,1,1,0,1,0,0,0,medio_baixo
8,10000.0,0,0.0,3,2,1,1,1,0,1,0,0,0,0,0,1,medio_baixo
16,750000.0,2681,0.8892204401342783,1,3,1,1,0,0,0,1,1,1,0,0,0,baixo
1,10000.0,0,0.0,2,5,1,0,0,0,1,1,1,0,0,0,0,gratuito
1,0.0,0,0.0,0,0,1,0,0,0,0,0,0,0,0,0,0,gratuito
11,35000.0,284,0.9014084507042254,1,3,1,1,1,0,1,0,1,1,0,0,0,baixo
6,750000.0,9058,0.9141090748509605,10,4,1,1,1,1,1,1,1,0,1,0,0,medio_alto
5,150000.0,1637,0.7837507635919365,10,4,1,1,0,1,1,0,0,1,0,1,1,medio_alto
7,7500000.0,31742,0.8928548925713565,17,2,1,1,0,1,0,0,0,0,0,0,1,gratuito
1,10000.0,0,0.0,1,4,1,0,0,0,1,1,0,1,0,0,0,medio_baixo
1,10000.0,1,1.0,1,3,1,0,0,0,1,0,0,1,0,0,1,medio_baixo
5,35000.0,1,1.0,1,5,1,0,0,0,1,1,1,1,0,1,0,alto
4,10000.0,31,0.9354838709677419,2,3,1,1,1,0,1,0,0,1,0,1,0,gratuito
6,10000.0,263,0.8212927756653993,2,3,1,0,0,0,1,0,1,0,0,0,0,gratuito
10,10000.0,16,0.875,1,3,1,1,0,0,1,1,0,0,0,0,0,medio_alto
1,10000.0,0,0.0,4,3,1,0,0,0,1,0,0,1,0,0,1,alto
4,75000.0,5,1.0,2,2,1,0,0,0,1,0,0,0,0,1,0,gratuito
1,10000.0,0,0.0,1,4,1,0,0,0,1,1,1,0,0,0,0,medio_baixo
2,0.0,0,0.0,4,3,1,0,0,0,1,0,0,0,0,1,0,gratuito
5,0.0,0,0.0,1,4,1,1,1,0,1,0,0,1,0,1,0,gratuito
2,10000.0,32,0.96875,4,3,1,0,0,0,0,0,0,0,1,1,0,gratuito
2,10000.0,169,0.7692307692307693,4,1,1,0,0,1,0,0,0,1,0,0,0,alto
1,0.0,0,0.0,18,5,1,0,0,0,1,0,0,1,0,1,1,gratuito
8,10000.0,12,0.8333333333333334,29,4,1,0,0,0,1,1,1,0,1,0,0,medio_baixo
4,75000.0,684,0.8216374269005848,3,1,1,0,0,2,0,0,0,1,0,0,0,baixo
6,10000.0,10,0.3,1,4,1,0,0,0,1,1,1,0,1,0,0,baixo
5,10000.0,53,0.8301886792452831,1,2,1,0,0,0,1,0,0,1,0,0,0,gratuito
3,10000.0,63,0.9523809523809523,1,5,1,1,0,1,1,0,1,1,0,1,1,medio_alto
1,0.0,0,0.0,0,0,1,0,0,0,0,0,0,0,0,0,0,gratuito
6,10000.0,11,0.7272727272727273,103,5,1,0,0,0,1,0,1,1,0,1,1,baixo
2,10000.0,7,1.0,1,3,1,0,0,0,1,0,0,0,0,0,1,medio_alto
1,0.0,0,0.0,29,3,1,1,1,0,1,0,1,0,0,0,1,alto
2,10000.0,0,0.0,1,1,1,0,0,0,1,0,0,0,0,0,0,medio_alto
5,10000.0,2,1.0,1,3,1,0,0,0,1,1,0,1,0,0,0,medio_alto
1,10000.0,0,0.0,10,3,1,0,0,0,1,1,1,0,0,0,0,alto
2,10000.0,0,0.0,2,6,1,0,0,0,1,1,1,1,1,0,1,baixo
5,10000.0,11,0.8181818181818182,1,2,1,0,0,0,1,0,1,0,0,0,0,medio_baixo
3,10000.0,5,1.0,1,3,1,0,0,0,1,0,0,1,0,1,0,medio_baixo
6,10000.0,6,0.8333333333333334,2,3,1,0,0,0,1,0,1,0,1,0,0,baixo
1,10000.0,4,0.5,4,4,1,0,0,0,1,0,1,1,0,0,1,medio_baixo
5,10000.0,16,0.9375,1,2,1,1,1,0,1,0,0,1,0,0,0,medio_baixo
5,0.0,0,0.0,3,3,1,0,0,0,0,0,0,0,0,1,1,gratuito
2,10000.0,7,1.0,6,2,1,0,1,0,1,0,0,1,0,0,0,medio_baixo
2,0.0,0,0.0,3,6,1,0,0,16,1,0,0,1,1,1,1,gratuito
3,10000.0,169,0.23668639053254437,15,1,1,0,0,2,0,0,0,0,0,0,1,medio_baixo
2,10000.0,7,0.8571428571428571,1,3,1,1,1,0,1,0,0,1,1,0,0,medio_baixo
6,75000.0,1186,0.9148397976391232,3,2,1,0,0,0,1,0,0,0,1,0,0,alto
9,10000.0,72,0.3055555555555556,1,4,1,0,0,0,1,1,1,1,0,0,0,baixo
9,35000.0,311,0.6784565916398714,1,4,1,0,0,0,1,1,0,1,0,0,1,medio_baixo
9,10000.0,61,0.6557377049180327,6,1,1,1,0,0,0,0,1,0,0,0,0,baixo
1,0.0,0,0.0,1,5,1,0,0,0,1,1,1,1,0,0,0,gratuito
1,0.0,0,0.0,0,0,1,0,0,0,0,0,0,0,0,0,0,gratuito
10,750000.0,2748,0.8158660844250364,29,3,1,1,1,1,1,0,0,0,0,1,0,gratuito
2,150000.0,7,0.42857142857142855,1,4,1,0,0,0,0,1,0,0,0,0,1,alto
2,10000.0,16,0.9375,29,3,1,1,1,0,1,1,0,0,0,0,0,medio_alto
3,10000.0,32,0.96875,1,4,1,0,0,0,1,0,0,1,0,0,1,alto
10,750000.0,17182,0.9509370271214062,12,1,1,1,1,1,1,0,0,0,0,0,0,baixo
1,0.0,0,0.0,6,3,1,0,0,0,1,0,1,0,1,0,0,medio_baixo
12,150000.0,324,0.2808641975308642,6,2,1,0,0,0,0,1,1,0,0,0,0,medio_baixo
9,75000.0,131,0.8091603053435115,3,5,1,1,1,0,1,1,1,0,0,0,0,medio_alto
1,10000.0,0,0.0,1,2,1,0,0,0,0,1,0,0,0,0,1,medio_alto
1,10000.0,0,0.0,15,4,1,1,1,0,1,0,1,1,1,0,0,medio_baixo
5,0.0,0,0.0,0,0,1,0,0,0,0,0,0,0,0,0,0,gratuito
9,10000.0,13,0.23076923076923078,1,4,1,0,0,4,1,0,1,1,0,1,0,baixo
5,10000.0,19,0.7894736842105263,1,2,1,0,0,0,1,0,0,1,0,0,0,baixo
3,10000.0,3,0.6666666666666666,2,2,1,0,0,0,0,0,0,1,0,1,0,medio_baixo
2,10000.0,18,0.6666666666666666,1,3,1,1,1,0,0,1,0,0,1,0,0,gratuito
7,10000.0,5,0.2,1,1,1,0,0,0,0,0,0,0,0,0,0,medio_baixo
5,3500000.0,119350,0.9562714704650188,14,1,1,0,0,7,0,1,0,0,0,0,0,alto
1,10000.0,0,0.0,11,2,1,0,0,0,0,1,1,0,0,0,0,alto
8,10000.0,50,0.84,1,6,1,0,0,0,1,1,0,1,0,0,1,alto
2,10000.0,0,0.0,1,2,1,0,0,0,0,0,1,1,0,0,0,medio_alto
8,35000.0,43,0.4883720930232558,2,4,1,0,0,0,0,0,0,0,1,1,0,gratuito
9,10000.0,243,0.720164609053498,1,2,1,0,0,0,1,0,1,0,0,0,0,baixo
12,150000.0,731,0.7441860465116279,7,2,1,0,0,1,1,0,1,0,0,0,0,baixo
2,10000.0,4,0.5,1,2,1,0,0,0,1,0,0,1,0,0,0,baixo
8,10000.0,59,0.6779661016949152,1,2,1,0,0,0,1,0,1,0,0,0,0,medio_baixo
5,35000.0,29,0.9655172413793104,1,1,1,0,0,0,0,0,0,0,0,0,1,baixo
1,0.0,0,0.0,2,4,1,0,0,9,1,1,0,1,0,0,0,gratuito
3,10000.0,71,0.9295774647887324,1,3,1,0,0,0,1,1,0,0,0,0,0,alto
3,0.0,0,0.0,0,0,1,0,0,0,0,0,0,0,0,0,0,gratuito
7,10000.0,16,0.8125,1,2,1,0,0,0,0,0,1,1,0,0,0,medio_alto
6,750000.0,2501,0.8276689324270292,1,1,1,0,0,0,0,1,0,0,0,0,0,gratuito
6,35000.0,2,0.0,1,3,1,0,0,0,0,1,1,0,1,0,0,medio_alto
3,10000.0,126,0.8095238095238095,12,6,1,0,0,0,1,1,1,1,0,1,0,baixo
9,10000.0,47,0.7446808510638298,2,2,1,0,0,0,1,0,1,0,0,0,0,baixo
4,0.0,0,0.0,1,4,1,0,0,0,1,0,0,1,0,0,1,gratuito
9,10000.0,45,0.7777777777777778,1,5,1,0,0,0,1,1,0,1,0,0,1,medio_alto
1,0.0,0,0.0,0,0,1,0,0,0,0,0,0,0,0,0,0,gratuito
3,10000.0,0,0.0,1,5,1,0,0,0,0,1,1,1,1,1,0,medio_baixo
4,10000.0,1,1.0,2,2,1,0,0,0,1,0,1,0,0,0,0,baixo
9,150000.0,6556,0.6163819402074435,10,3,1,1,1,0,0,1,0,0,0,0,0,gratuito
2,0.0,0,0.0,103,4,1,0,0,0,1,0,1,1,0,0,1,baixo
4,10000.0,0,0.0,2,2,1,0,0,0,1,0,0,1,0,0,0,baixo
3,0.0,0,0.0,0,0,1,0,0,0,0,0,0,0,0,0,0,gratuito
1,0.0,0,0.0,0,0,1,0,0,0,0,0,0,0,0,0,0,gratuito
5,10000.0,21,0.8571428571428571,14,3,1,0,0,2,1,0,0,1,0,0,0,medio_alto
4,10000.0,0,0.0,1,1,1,0,0,0,1,0,0,0,0,0,0,alto
1,10000.0,0,0.0,4,2,1,0,0,0,0,0,1,0,1,0,0,alto
12,750000.0,8459,0.8077786972455373,16,4,1,1,1,2,1,1,1,1,0,0,0,medio_baixo
3,10000.0,9,0.6666666666666666,1,4,1,0,0,0,0,1,0,0,1,1,0,alto
3,0.0,0,0.0,1,3,1,0,0,0,1,0,0,1,0,1,0,gratuito
1,10000.0,0,0.0,4,3,1,0,0,0,1,0,1,0,1,0,0,alto
1,10000.0,6,0.8333333333333334,1,2,1,0,0,0,1,0,0,1,0,0,0,baixo
3,10000.0,0,0.0,1,1,1,0,0,0,0,0,0,1,0,0,0,baixo
6,75000.0,300,0.82,1,3,1,0,0,0,1,1,0,1,0,0,0,baixo
11,3500000.0,82660,0.922211468666828,9,2,1,0,0,0,0,1,1,0,0,0,0,medio_baixo
1,10000.0,0,0.0,1,2,1,0,0,0,1,1,0,0,0,0,0,medio_baixo
9,75000.0,8,0.5,1,5,1,0,0,0,1,0,1,1,0,1,1,baixo
9,35000.0,50,0.64,1,2,1,1,0,0,0,1,0,0,0,1,0,alto
1,0.0,0,0.0,0,0,1,0,0,0,0,0,0,0,0,0,0,gratuito
1,10000.0,96,0.7708333333333334,11,3,1,0,0,0,1,1,0,0,0,1,0,medio_baixo
3,0.0,0,0.0,2,2,1,0,0,0,0,0,0,1,0,0,0,gratuito
1,0.0,0,0.0,0,0,1,0,0,0,0,0,0,0,0,0,0,gratuito
6,10000.0,129,0.7286821705426356,3,2,1,0,0,2,1,0,1,0,0,0,0,medio_alto
1,10000.0,0,0.0,6,2,1,0,0,1,1,0,1,0,0,0,0,medio_alto
9,10000.0,12,0.5833333333333334,1,4,1,0,0,0,1,1,0,1,0,0,1,baixo
10,10000.0,237,0.8649789029535865,1,3,1,0,0,0,1,0,0,0,0,0,0,alto
1,0.0,0,0.0,7,5,1,0,1,0,1,0,0,0,0,0,0,gratuito
8,10000.0,3,0.6666666666666666,1,3,1,0,0,0,1,1,0,1,0,0,0,medio_alto
5,10000.0,20,0.6,1,2,1,0,0,0,0,0,0,1,0,0,1,alto
1,0.0,0,0.0,1,4,1,1,1,0,0,1,0,1,0,1,0,gratuito
2,0.0,0,0.0,14,5,1,1,1,19,1,0,0,1,0,0,1,gratuito
5,10000.0,62,0.9516129032258065,1,1,1,0,0,0,0,0,0,1,0,0,0,gratuito
5,0.0,0,0.0,0,0,1,0,0,0,0,0,0,0,0,0,0,gratuito
5,10000.0,8,0.375,2,4,1,0,0,0,1,1,1,1,0,0,0,medio_baixo
1,10000.0,50,0.82,4,6,1,0,0,0,1,1,1,1,1,1,0,medio_baixo
1,10000.0,6,1.0,3,2,1,0,0,0,1,0,0,1,0,0,0,medio_alto
5,10000.0,28,0.6071428571428571,2,3,1,0,0,1,1,1,0,0,0,1,0,medio_alto
5,1500000.0,26058,0.8311075293575869,12,1,1,0,0,19,0,1,0,0,0,0,0,alto
1,0.0,0,0.0,1,4,1,0,0,0,1,0,0,1,0,1,0,gratuito
4,10000.0,16,0.6875,1,2,1,0,0,0,0,1,0,0,0,0,0,medio_baixo
1,10000.0,0,0.0,11,3,1,0,0,0,1,0,1,0,0,0,1,medio_baixo
3,10000.0,31,0.8064516129032258,26,4,1,0,0,0,1,0,0,1,1,0,0,baixo
6,10000.0,9,0.5555555555555556,1,2,1,0,0,0,1,1,0,0,0,0,0,baixo
3,10000.0,19,1.0,8,3,1,0,0,0,1,1,1,0,0,0,0,medio_alto
1,0.0,0,0.0,103,9,1,1,1,0,1,1,1,1,1,1,1,alto
2,0.0,0,0.0,0,0,1,0,0,0,0,0,0,0,0,0,0,gratuito
2,10000.0,3,0.6666666666666666,2,4,1,0,0,0,1,0,0,1,0,1,0,medio_alto
7,10000.0,18,0.6666666666666666,1,3,1,0,0,0,1,1,0,1,0,0,0,baixo
8,10000.0,4,1.0,1,2,1,1,0,0,0,0,1,0,1,0,0,medio_alto
2,75000.0,54,0.9444444444444444,1,2,1,0,0,1,1,0,1,0,0,0,0,alto
10,10000.0,46,0.6304347826086957,1,3,1,0,0,0,0,1,0,0,0,0,0,gratuito
8,10000.0,59,0.847457627118644,1,4,1,0,0,0,1,0,1,1,1,0,0,alto
4,10000.0,24,0.9583333333333334,4,1,1,0,0,0,0,0,0,1,0,0,0,medio_baixo
4,10000.0,61,0.6885245901639344,1,4,1,0,0,0,1,1,0,0,0,1,1,alto
9,150000.0,920,0.7152173913043478,13,5,1,0,0,2,1,1,1,1,0,0,1,alto
3,0.0,0,0.0,103,9,1,1,1,0,1,1,1,1,1,1,1,alto
4,10000.0,9,0.2222222222222222,1,1,1,0,0,0,0,0,0,0,0,0,1,alto
6,10000.0,5,0.2,2,2,1,0,1,0,0,0,0,0,0,0,0,alto
2,350000.0,7605,0.7472715318869165,6,2,1,0,0,11,0,0,0,0,0,0,1,alto
2,10000.0,19,0.8947368421052632,1,6,1,0,0,0,1,1,0,1,0,0,1,gratuito
5,1500000.0,44062,0.9503426989242431,27,3,1,1,1,0,1,0,0,0,0,0,1,alto
1,10000.0,0,0.0,21,2,1,0,0,0,1,0,0,1,0,0,0,medio_baixo
5,10000.0,35,0.6571428571428571,1,3,1,0,0,0,0,0,0,0,0,0,0,alto
4,10000.0,18,0.8333333333333334,3,2,1,0,0,0,1,1,0,0,0,0,0,alto
1,10000.0,0,0.0,1,4,1,0,0,0,1,0,0,0,1,1,0,alto
8,35000.0,1077,0.3463324048282266,8,4,1,1,1,0,1,1,1,0,1,0,0,medio_alto
2,10000.0,4,1.0,1,4,1,0,0,0,1,1,0,1,0,1,0,baixo
3,0.0,0,0.0,2,1,1,0,1,0,1,0,0,0,0,0,0,gratuito
2,35000.0,544,0.8511029411764706,5,3,1,0,0,1,1,0,0,1,0,0,1,medio_baixo
1,0.0,0,0.0,0,0,1,0,0,0,0,0,0,0,0,0,0,gratuito
8,7500000.0,26575,0.6002257761053622,15,2,1,0,0,0,0,1,0,0,0,0,0,gratuito
8,10000.0,1,0.0,2,4,1,0,0,0,1,1,0,0,1,0,1,alto
3,10000.0,113,0.584070796460177,2,5,1,0,0,0,1,1,1,1,0,1,0,baixo
2,10000.0,26,0.6923076923076923,9,2,1,0,0,0,1,0,0,0,0,1,0,medio_alto
1,10000.0,2,1.0,1,3,1,0,0,0,1,0,0,1,0,0,1,medio_baixo
10,150000.0,602,0.7641196013289037,2,7,1,0,1,0,1,1,1,1,1,1,1,baixo
16,75000.0,22483,0.9592581061246275,5,2,1,0,0,0,0,1,1,0,0,0,0,medio_alto
6,10000.0,15,0.5333333333333333,1,3,1,0,0,0,1,0,0,1,0,0,0,gratuito
2,10000.0,1,1.0,2,2,1,0,0,0,1,0,0,0,0,0,0,medio_alto
2,0.0,0,0.0,0,0,1,0,0,0,0,0,0,0,0,0,0,gratuito
2,0.0,0,0.0,0,0,1,0,0,0,0,0,0,0,0,0,0,gratuito
7,10000.0,23,0.9130434782608695,1,1,1,0,0,0,1,0,0,0,0,0,0,gratuito
4,10000.0,37,0.6486486486486487,1,4,1,0,0,0,1,1,0,1,0,1,0,medio_baixo
1,10000.0,8,1.0,5,1,1,0,0,0,0,0,0,0,0,1,0,medio_baixo
1,0.0,0,0.0,1,1,1,0,0,0,1,0,0,0,0,0,0,medio_alto
1,10000.0,7,0.42857142857142855,7,5,1,0,0,0,1,1,0,1,0,1,1,medio_baixo
9,10000.0,23,0.17391304347826086,1,2,1,0,0,0,1,0,0,0,0,0,0,alto
4,35000.0,118,0.923728813559322,1,2,1,0,0,0,1,1,0,0,0,0,0,baixo
4,10000.0,25,0.64,1,3,1,0,0,0,1,1,1,0,0,0,0,baixo
1,10000.0,14,0.7857142857142857,1,3,1,0,0,0,1,1,1,0,0,0,0,medio_baixo
7,10000.0,12,0.8333333333333334,9,4,1,1,1,0,1,1,1,1,0,0,0,alto
6,150000.0,225,0.8444444444444444,2,4,1,0,0,0,0,1,0,0,1,1,1,medio_baixo
5,10000.0,0,0.0,2,2,1,0,0,0,1,1,0,0,0,0,0,baixo
1,0.0,0,0.0,103,2,1,0,0,0,1,0,0,1,0,0,0,baixo
2,10000.0,2,1.0,1,7,1,0,0,0,1,1,1,1,0,1,0,medio_baixo
4,10000.0,0,0.0,1,2,1,0,0,0,1,0,1,0,0,0,0,alto
10,75000.0,154,0.5194805194805194,1,3,1,0,0,0,1,1,0,0,0,0,0,baixo
2,10000.0,4,1.0,1,1,1,0,0,0,0,0,0,1,0,0,0,medio_alto
2,0.0,0,0.0,0,0,1,0,0,0,0,0,0,0,0,0,0,gratuito
2,0.0,0,0.0,0,0,1,0,0,0,0,0,0,0,0,0,0,gratuito
4,10000.0,330,0.9181818181818182,6,0,1,0,0,1,0,0,0,0,0,0,0,baixo
2,75000.0,5,1.0,7,4,1,0,0,0,1,1,1,1,0,0,0,medio_alto
9,10000.0,9,0.8888888888888888,1,3,1,0,0,0,1,1,0,0,1,0,0,medio_alto
3,10000.0,0,0.0,1,3,1,0,0,0,1,0,1,1,0,0,0,medio_baixo
1,0.0,0,0.0,2,4,1,0,0,0,1,1,0,0,0,0,0,gratuito
1,0.0,0,0.0,31,2,1,0,0,0,1,0,0,1,0,0,0,baixo
7,10000.0,5,0.8,1,1,1,0,0,0,1,0,0,0,0,0,0,gratuito
2,0.0,0,0.0,1,2,1,0,0,0,0,0,0,0,0,0,1,gratuito
7,150000.0,2236,0.8425760286225402,25,3,1,0,0,0,0,1,1,0,0,0,0,medio_baixo
2,0.0,0,0.0,2,3,1,0,0,0,1,1,0,0,0,0,0,gratuito
1,10000.0,606,0.7739273927392739,19,2,1,0,0,0,1,0,0,0,0,1,0,medio_alto
2,0.0,0,0.0,2,2,1,0,0,0,0,0,0,0,0,0,1,gratuito
4,10000.0,0,0.0,2,4,1,0,0,0,1,0,1,1,1,0,0,medio_alto
4,10000.0,1,1.0,1,3,1,0,0,0,1,1,0,1,0,0,0,medio_baixo
7,75000.0,228,0.6622807017543859,1,4,1,0,0,0,1,0,0,0,0,0,1,gratuito
11,75000.0,660,0.6909090909090909,1,3,1,1,1,0,1,1,0,0,0,0,1,medio_alto
1,0.0,0,0.0,6,2,1,0,0,0,0,0,0,1,0,0,1,medio_alto
2,10000.0,24,0.9583333333333334,1,4,1,0,0,0,1,1,1,1,0,0,0,medio_baixo
3,10000.0,1,1.0,103,5,1,0,0,0,1,0,1,1,0,1,1,baixo
8,10000.0,92,0.6630434782608695,5,2,1,0,0,1,1,0,1,0,0,0,0,gratuito
1,10000.0,0,0.0,30,2,1,0,0,0,1,0,0,1,0,0,0,baixo
12,150000.0,376,0.723404255319149,7,4,1,1,0,2,1,0,1,1,0,1,0,alto
7,10000.0,187,0.8449197860962567,1,4,1,0,0,1,1,0,0,1,0,0,1,gratuito
6,10000.0,1,1.0,1,2,1,0,0,0,1,0,0,1,0,0,0,baixo
2,10000.0,12,1.0,6,4,1,0,0,0,1,1,0,1,0,0,0,medio_baixo
6,10000.0,11,0.9090909090909091,1,2,1,0,0,0,1,0,0,1,0,0,0,baixo
1,10000.0,3,1.0,1,2,1,0,0,0,0,0,0,0,1,1,0,medio_alto
3,0.0,0,0.0,1,3,1,1,0,0,0,0,0,1,0,1,0,gratuito
5,10000.0,15,0.8,5,3,1,0,0,0,1,1,0,1,0,0,0,gratuito
1,0.0,0,0.0,1,4,1,0,0,0,1,1,1,0,0,0,0,gratuito
11,10000.0,23,0.782608695652174,1,2,1,1,1,0,1,0,0,1,0,0,0,baixo
6,10000.0,72,0.7916666666666666,1,5,1,0,0,0,1,1,0,1,0,0,1,alto
2,10000.0,0,0.0,1,5,1,0,0,0,1,1,0,0,0,1,1,alto
11,10000.0,27,0.8888888888888888,5,1,1,1,1,0,1,0,0,0,0,0,0,alto
4,10000.0,16,0.75,103,1,1,0,0,0,1,0,0,0,0,0,0,baixo
5,10000.0,7,0.42857142857142855,1,2,1,0,0,0,1,1,0,0,0,0,0,baixo
19,350000.0,2231,0.8776333482743165,6,1,1,0,0,0,0,0,0,0,1,0,0,medio_baixo
1,10000.0,11,0.9090909090909091,1,2,1,0,0,0,1,0,1,0,0,0,0,medio_alto
2,0.0,0,0.0,1,4,1,1,1,1,1,0,1,1,0,0,0,gratuito
6,35000.0,209,0.6124401913875598,1,2,1,0,0,0,1,0,0,0,0,1,0,baixo
12,10000.0,32,0.625,1,1,1,1,1,0,0,0,0,0,0,0,0,alto
2,35000.0,269,0.79182156133829,5,3,1,0,0,0,1,1,0,0,0,0,1,medio_alto
7,10000.0,20,0.8,1,3,1,0,0,0,0,0,0,1,0,0,1,medio_baixo
9,350000.0,4134,0.9276729559748428,4,2,1,1,1,3,1,0,0,0,0,0,0,gratuito
2,10000.0,19,0.7368421052631579,1,2,1,0,0,0,0,0,1,0,0,0,0,gratuito
8,10000.0,8,0.125,6,2,1,0,0,0,1,0,1,0,0,0,0,medio_baixo
6,10000.0,15,0.9333333333333333,1,3,1,1,0,0,1,1,0,0,0,1,0,baixo
3,35000.0,4,0.5,25,3,1,1,1,0,1,0,0,0,1,1,0,medio_baixo
9,350000.0,2002,0.7892107892107892,3,4,1,1,1,21,1,1,0,0,0,0,1,alto
3,10000.0,53,0.8113207547169812,1,3,1,0,0,0,1,0,0,1,0,0,1,baixo
6,10000.0,5,0.4,11,1,1,0,0,0,0,0,0,1,0,0,0,medio_baixo
8,10000.0,1,1.0,1,3,1,0,0,0,1,1,0,0,0,0,0,baixo
1,0.0,0,0.0,1,2,1,0,0,0,1,0,0,1,0,0,0,baixo
2,10000.0,0,0.0,2,1,1,0,0,0,1,0,0,0,0,0,0,medio_baixo
2,10000.0,11,0.9090909090909091,2,2,1,0,0,0,0,1,1,0,0,0,0,medio_alto
3,0.0,0,0.0,103,1,1,0,0,0,0,0,0,1,0,0,0,baixo
3,0.0,0,0.0,0,0,1,0,0,0,0,0,0,0,0,0,0,gratuito
4,10000.0,147,0.42857142857142855,10,3,1,0,0,0,0,1,1,0,0,0,1,medio_baixo
5,10000.0,28,0.9285714285714286,1,4,1,1,0,1,1,0,1,1,1,0,0,medio_baixo
8,10000.0,20,0.6,1,3,1,0,0,10,1,1,0,1,0,0,0,medio_baixo
1,10000.0,6,1.0,1,3,1,0,0,0,1,0,0,0,0,1,0,medio_baixo
2,10000.0,0,0.0,1,3,1,1,1,0,1,0,1,1,0,0,0,baixo
2,0.0,0,0.0,1,4,1,0,0,1,1,1,1,0,0,0,0,gratuito
3,10000.0,5,0.6,2,5,1,0,0,0,1,1,1,0,0,1,0,medio_alto
2,10000.0,0,0.0,1,4,1,0,0,0,1,0,1,0,1,1,0,medio_baixo
10,35000.0,261,0.9157088122605364,9,2,1,0,0,1,0,0,0,0,0,1,1,medio_alto
3,10000.0,200,0.84,1,3,1,0,0,0,1,1,0,1,0,0,0,baixo
10,10000.0,24,0.625,1,2,1,0,0,1,1,0,0,0,0,1,0,medio_alto
4,10000.0,26,0.34615384615384615,5,6,1,0,0,0,1,0,1,1,0,1,1,baixo
1,10000.0,0,0.0,30,6,1,0,0,0,1,1,1,1,1,0,0,medio_baixo
6,10000.0,1,0.0,1,2,1,0,0,0,1,0,0,1,0,0,0,medio_baixo
5,0.0,0,0.0,0,0,1,0,0,0,0,0,0,0,0,0,0,gratuito
8,10000.0,0,0.0,4,2,1,0,0,23,0,0,1,1,0,0,0,medio_baixo
3,10000.0,10,1.0,3,2,1,0,0,0,0,0,0,1,0,1,0,alto
4,10000.0,0,0.0,4,3,1,0,0,0,1,0,1,0,0,1,0,medio_alto
1,10000.0,83,0.8795180722891566,6,5,1,1,0,3,1,0,1,0,1,1,1,alto
2,10000.0,281,0.8576512455516014,3,1,1,0,0,0,0,0,1,0,0,0,0,alto
3,10000.0,0,0.0,1,1,1,0,0,0,0,0,0,1,0,0,0,baixo
5,10000.0,7,0.42857142857142855,1,4,1,0,0,0,1,0,1,0,1,0,1,alto
5,35000.0,12,0.9166666666666666,1,2,1,0,0,0,1,1,0,0,0,0,0,baixo
7,10000.0,8,0.125,2,3,1,0,0,0,1,0,0,1,0,1,0,medio_baixo
13,350000.0,4695,0.936741214057508,16,4,1,1,1,0,1,0,1,1,1,0,0,medio_baixo
2,0.0,0,0.0,1,4,1,0,0,0,1,0,1,1,0,0,0,gratuito
9,10000.0,180,0.7833333333333333,1,2,1,1,1,0,1,1,0,0,0,0,0,medio_baixo
4,10000.0,38,0.9473684210526315,11,2,1,0,0,0,1,0,0,1,0,0,0,baixo
1,0.0,0,0.0,1,3,1,0,0,0,1,0,1,0,0,0,0,gratuito
2,10000.0,9,1.0,1,4,1,1,1,0,1,1,1,1,0,0,0,baixo
2,0.0,0,0.0,0,0,1,0,0,0,0,0,0,0,0,0,0,gratuito
7,10000.0,0,0.0,15,3,1,1,1,1,1,0,0,1,0,0,1,baixo
1,0.0,0,0.0,0,0,1,0,0,0,0,0,0,0,0,0,0,gratuito
12,35000.0,144,0.4652777777777778,3,2,1,0,0,0,0,1,0,0,0,0,1,baixo
1,10000.0,0,0.0,1,4,1,0,0,0,1,0,0,0,1,1,0,medio_baixo
6,10000.0,201,0.8059701492537313,1,3,1,0,0,0,1,0,0,0,0,1,1,alto
11,10000.0,114,0.8947368421052632,1,2,1,1,0,1,1,0,0,0,0,1,0,medio_alto
4,10000.0,87,0.9080459770114943,1,3,1,1,1,0,1,0,0,1,0,0,0,gratuito
9,35000.0,103,0.5825242718446602,1,2,1,0,0,0,1,0,1,0,0,0,0,baixo
1,10000.0,190,0.868421052631579,13,6,1,0,0,0,1,1,1,1,0,0,1,alto
3,10000.0,11,0.9090909090909091,4,1,1,0,0,0,0,0,1,0,0,0,0,medio_alto
10,35000.0,63,0.6825396825396826,5,2,1,1,0,1,1,1,0,0,0,0,0,gratuito
1,0.0,0,0.0,1,1,1,0,0,0,0,0,0,1,0,0,0,baixo
2,10000.0,0,0.0,1,4,1,0,0,0,1,0,1,0,1,0,1,baixo
14,35000.0,239,0.8619246861924686,1,3,1,1,1,1,1,1,0,0,1,0,0,medio_baixo
1,10000.0,21,0.8571428571428571,2,4,1,0,0,0,1,0,1,1,0,0,1,baixo
4,10000.0,119,0.9495798319327731,3,2,1,0,1,0,1,0,0,0,0,0,1,baixo
1,10000.0,16,0.75,9,4,1,0,0,0,1,1,1,0,1,0,0,baixo
7,10000.0,58,0.8275862068965517,1,5,1,0,0,0,1,1,1,0,1,1,0,medio_alto
6,150000.0,2599,0.8530203924586379,2,5,1,0,0,0,1,0,1,1,1,0,1,baixo
2,10000.0,0,0.0,2,1,1,0,1,0,0,0,0,1,0,0,0,alto
8,10000.0,23,0.2608695652173913,1,3,1,0,0,10,1,1,0,1,0,0,0,medio_baixo
4,10000.0,3,1.0,1,2,1,0,0,2,1,0,0,1,0,0,0,medio_baixo
4,10000.0,15,0.4,2,4,1,0,0,0,1,0,1,0,1,0,1,medio_baixo
4,10000.0,35,0.9714285714285714,1,4,1,1,0,0,1,1,1,1,0,0,0,baixo
1,10000.0,4,0.75,1,3,1,0,0,0,1,0,0,0,0,1,0,alto
3,10000.0,0,0.0,30,1,1,0,0,3,0,0,0,1,0,0,0,baixo
1,10000.0,3,1.0,1,2,1,0,0,1,1,0,0,1,0,0,0,medio_alto
12,1500000.0,21896,0.6162312751187432,6,1,1,0,0,43,0,1,0,0,0,0,0,alto
1,10000.0,67,0.9701492537313433,1,2,1,0,0,0,1,1,0,0,0,0,0,baixo
3,0.0,0,0.0,0,0,1,0,0,0,0,0,0,0,0,0,0,gratuito
5,10000.0,3,0.3333333333333333,1,3,1,0,0,0,0,1,1,0,0,0,0,alto
4,10000.0,400,0.99,1,3,1,0,0,1,1,0,1,1,0,0,0,medio_baixo
6,35000.0,15,0.5333333333333333,1,2,1,0,0,0,0,0,1,0,0,1,0,gratuito
14,15000000.0,295218,0.9244016286269807,8,2,1,1,1,5,0,1,0,0,1,0,0,medio_alto
7,150000.0,1204,0.7890365448504983,1,4,1,1,1,3,1,0,1,0,1,1,0,alto
8,10000.0,5,1.0,2,2,1,0,0,0,1,0,0,0,1,0,0,baixo
3,10000.0,13,1.0,1,2,1,0,0,0,1,0,0,1,0,0,0,baixo
5,10000.0,0,0.0,2,1,1,0,0,0,1,0,0,0,0,0,0,medio_alto
8,10000.0,13,0.5384615384615384,2,3,1,1,0,0,1,1,1,0,0,0,0,baixo
6,10000.0,12,0.9166666666666666,8,3,1,0,1,1,1,1,1,0,0,0,0,baixo
6,10000.0,0,0.0,1,5,1,0,0,0,1,1,1,0,0,0,1,medio_alto
3,10000.0,5,1.0,1,2,1,0,0,0,0,1,1,0,0,0,0,medio_alto
8,10000.0,11,1.0,1,2,1,0,0,0,1,0,0,1,0,0,0,baixo
7,10000.0,59,0.6101694915254238,1,4,1,0,0,0,1,0,0,1,1,0,1,medio_alto
9,10000.0,91,0.7692307692307693,6,3,1,1,1,2,1,0,1,1,0,0,0,medio_baixo
1,10000.0,0,0.0,4,4,1,0,0,0,1,0,1,1,0,0,1,medio_alto
2,10000.0,41,0.8292682926829268,6,3,1,0,0,1,1,0,1,1,0,0,0,baixo
3,75000.0,265,0.9886792452830189,8,1,1,0,1,0,0,0,1,0,0,0,0,medio_alto
12,150000.0,767,0.6636245110821382,5,2,1,0,0,0,1,1,0,0,0,0,0,medio_baixo
9,10000.0,33,0.696969696969697,6,2,1,0,1,1,1,0,0,1,0,0,0,baixo
5,10000.0,17,0.6470588235294118,2,5,1,0,0,0,1,1,1,0,1,0,0,medio_alto
3,350000.0,4773,0.9264613450659962,13,2,1,0,0,4,0,0,0,0,1,1,0,alto
2,10000.0,4,0.75,1,1,1,0,0,0,0,1,0,0,0,0,0,medio_alto
8,10000.0,15,0.4,3,5,1,0,0,0,1,0,1,1,0,1,1,gratuito
8,350000.0,2187,0.9602194787379973,1,3,1,0,0,1,1,0,0,1,0,0,1,alto
5,10000.0,1,1.0,1,2,1,0,0,0,1,1,0,0,0,0,0,baixo
3,10000.0,8,0.125,38,3,1,0,0,0,1,0,1,0,0,0,1,medio_baixo
7,10000.0,54,0.6666666666666666,1,4,1,0,0,0,1,0,1,1,0,0,0,baixo
4,10000.0,19,0.8947368421052632,1,3,1,1,1,0,0,0,0,1,1,0,1,alto
4,10000.0,17,0.9411764705882353,1,2,1,0,0,0,1,1,0,0,0,0,0,medio_alto
5,10000.0,15,0.9333333333333333,3,4,1,0,0,0,1,0,1,1,0,1,0,medio_baixo
5,10000.0,6,1.0,1,1,1,0,0,0,0,1,0,0,0,0,0,alto
11,10000.0,72,0.4722222222222222,1,2,1,0,0,0,1,0,1,0,0,0,0,medio_baixo
2,10000.0,14,0.9285714285714286,1,3,1,0,0,1,1,0,1,0,1,0,0,medio_alto
2,10000.0,0,0.0,1,5,1,0,0,0,1,1,1,1,0,1,0,baixo
11,750000.0,372,0.543010752688172,1,3,1,1,1,1,1,1,0,1,0,0,0,medio_baixo
1,10000.0,0,0.0,2,3,1,0,0,0,1,1,0,1,0,0,0,baixo
2,10000.0,0,0.0,4,1,1,0,0,0,0,0,0,1,0,0,0,medio_baixo
1,10000.0,0,0.0,6,5,1,0,0,0,1,0,0,1,1,1,1,baixo
13,1500000.0,35783,0.9536930944862085,17,4,1,1,1,0,1,0,0,1,0,1,1,medio_alto
8,750000.0,6613,0.8708604264327839,9,3,1,0,0,0,0,1,0,0,1,1,0,alto
8,35000.0,25,0.8,1,6,1,0,0,0,1,0,1,1,0,0,0,baixo
6,10000.0,27,0.4074074074074074,1,1,1,0,0,0,1,0,0,0,0,0,0,gratuito
5,10000.0,14,1.0,1,3,1,0,0,0,1,1,0,1,0,0,0,medio_baixo
9,150000.0,50,0.68,3,2,1,0,0,0,1,1,0,0,0,0,0,medio_baixo
5,10000.0,1,1.0,4,3,1,0,0,0,1,0,0,1,0,0,0,medio_alto
2,0.0,0,0.0,0,0,1,0,0,0,0,0,0,0,0,0,0,gratuito
2,10000.0,1,1.0,1,4,1,0,0,0,1,0,0,0,0,0,1,alto
2,0.0,0,0.0,0,0,1,0,0,0,0,0,0,0,0,0,0,gratuito
3,10000.0,29,1.0,2,2,1,0,0,1,1,1,0,0,0,0,0,medio_baixo
14,3500000.0,80261,0.9624350556310038,13,3,1,1,1,5,1,0,1,0,1,0,0,medio_baixo
1,10000.0,0,0.0,1,3,1,0,0,0,1,0,0,1,0,0,1,alto
4,10000.0,381,0.821522309711286,3,3,1,0,0,1,1,1,0,0,1,0,0,medio_alto
1,10000.0,2,1.0,1,3,1,0,0,0,1,1,0,0,0,0,0,medio_baixo
6,10000.0,3,1.0,5,3,1,0,0,0,1,1,1,0,0,0,0,baixo
1,0.0,0,0.0,1,4,1,0,0,0,1,1,1,0,0,0,0,gratuito
9,10000.0,37,0.7027027027027027,1,3,1,0,0,0,1,0,1,1,0,0,0,medio_baixo
2,10000.0,78,0.9743589743589743,1,4,1,0,0,0,1,0,1,0,0,0,1,alto
3,10000.0,1,1.0,1,4,1,0,0,0,1,1,1,0,1,0,0,medio_baixo
10,75000.0,225,0.38222222222222224,1,4,1,0,0,0,1,0,0,0,0,0,0,gratuito
9,10000.0,18,0.2222222222222222,2,3,1,0,0,0,1,1,0,0,0,1,0,alto
9,35000.0,1708,0.8770491803278688,1,3,1,0,0,0,0,0,0,1,0,0,1,gratuito
2,10000.0,0,0.0,5,5,1,1,0,0,1,1,1,1,0,0,1,medio_alto
7,10000.0,70,0.6142857142857143,5,4,1,0,0,0,1,1,0,0,1,0,0,alto
3,10000.0,0,0.0,12,3,1,0,0,0,0,1,1,0,1,0,0,gratuito
4,0.0,0,0.0,0,0,1,0,0,0,0,0,0,0,0,0,0,gratuito
5,10000.0,51,0.8627450980392157,9,2,1,1,0,0,1,0,0,1,0,0,0,medio_baixo
8,10000.0,7,0.2857142857142857,1,4,1,1,0,0,1,1,1,1,0,0,0,medio_alto
2,150000.0,905,0.9624309392265193,2,2,1,1,1,1,1,1,0,0,0,0,0,medio_alto
5,10000.0,26,0.8076923076923077,2,3,1,0,0,0,0,1,0,0,0,0,0,alto
1,10000.0,0,0.0,8,5,1,0,0,0,1,1,1,0,1,1,0,baixo
4,0.0,0,0.0,1,6,1,0,0,0,1,1,0,1,0,1,0,gratuito
5,10000.0,36,0.9166666666666666,5,3,1,0,0,0,1,1,0,0,1,0,0,medio_alto
2,10000.0,4,0.25,1,2,1,0,0,0,1,0,1,0,0,0,0,baixo
3,75000.0,129,0.8062015503875969,2,2,1,0,0,0,0,0,0,0,1,1,0,medio_alto
8,10000.0,0,0.0,1,3,1,0,0,0,1,1,0,1,0,0,0,gratuito
6,10000.0,3,0.6666666666666666,2,3,1,0,0,0,1,1,0,0,0,0,0,alto
12,350000.0,3809,0.6815437122604359,10,2,1,0,1,0,0,1,0,0,1,0,0,baixo
2,10000.0,14,0.2857142857142857,6,2,1,0,0,0,1,0,0,0,0,0,1,alto
7,10000.0,0,0.0,1,2,1,0,0,1,0,0,1,0,0,0,1,medio_alto
6,1500000.0,5245,0.7847473784556721,11,3,1,0,0,0,0,1,1,0,0,1,0,medio_alto
3,10000.0,14,1.0,1,4,1,0,0,0,1,0,0,1,0,0,1,baixo
14,35000.0,296,0.8378378378378378,1,2,1,0,0,0,1,0,0,1,0,0,0,medio_baixo
1,10000.0,0,0.0,6,2,1,0,0,0,0,1,0,0,1,0,0,alto
6,35000.0,27,0.9629629629629629,2,4,1,1,0,0,1,1,1,0,0,0,0,medio_alto
7,10000.0,22,0.6818181818181818,13,3,1,0,0,0,1,1,0,0,0,1,0,medio_baixo
8,10000.0,6,0.3333333333333333,1,1,1,0,0,0,0,0,1,0,0,0,0,baixo
1,10000.0,20,0.95,17,3,1,0,0,0,1,1,0,1,0,0,0,medio_baixo
3,35000.0,1,1.0,1,6,1,1,1,0,1,1,0,1,0,0,1,medio_baixo
2,35000.0,562,0.8665480427046264,8,5,1,0,0,3,1,0,1,1,1,0,1,medio_baixo
2,0.0,0,0.0,0,0,1,0,0,0,0,0,0,0,0,0,0,gratuito
5,75000.0,1,1.0,1,2,1,0,0,0,0,1,1,0,0,0,0,medio_alto
3,0.0,0,0.0,1,4,1,1,0,0,0,0,1,1,1,0,0,gratuito
2,10000.0,19,1.0,3,3,1,0,0,0,1,1,1,0,0,0,0,medio_alto
1,10000.0,0,0.0,10,2,1,0,0,0,1,0,0,1,0,0,0,medio_baixo
6,10000.0,7,0.7142857142857143,1,4,1,0,0,0,1,0,1,1,0,0,1,baixo
4,10000.0,23,0.6086956521739131,2,4,1,0,0,0,1,0,1,1,1,0,0,medio_alto
3,10000.0,0,0.0,1,1,1,0,0,0,0,0,0,1,0,0,0,medio_baixo
4,10000.0,2,1.0,2,3,1,1,1,0,1,1,0,0,1,0,0,medio_baixo
8,35000.0,339,0.7079646017699115,3,3,1,0,0,0,1,0,0,1,0,0,0,medio_alto
8,10000.0,2,0.5,1,2,1,1,1,0,1,0,0,0,0,0,0,baixo
6,10000.0,208,0.7259615384615384,2,5,1,0,0,7,1,0,1,0,1,1,1,baixo
2,10000.0,4,0.75,2,1,1,0,0,0,0,0,0,1,0,0,0,medio_baixo
4,35000.0,44,0.7954545454545454,1,4,1,0,1,0,1,0,0,0,1,1,0,alto
3,10000.0,3,1.0,2,4,1,0,0,0,1,1,1,1,0,0,0,baixo
1,0.0,0,0.0,1,6,1,0,1,0,1,1,0,1,0,0,0,gratuito
4,10000.0,160,0.9625,4,2,1,0,0,2,1,1,0,0,0,0,0,alto
2,0.0,0,0.0,0,0,1,0,0,0,0,0,0,0,0,0,0,gratuito
3,10000.0,9,0.7777777777777778,6,1,1,0,0,0,0,1,0,0,0,0,0,medio_alto
7,10000.0,9,0.8888888888888888,3,2,1,0,0,0,0,0,0,0,0,1,0,gratuito
1,10000.0,19,0.9473684210526315,9,6,1,0,0,0,1,1,1,1,1,1,0,medio_alto
11,350000.0,2704,0.9108727810650887,5,1,1,0,0,37,0,1,0,0,0,0,0,medio_baixo
1,0.0,0,0.0,1,4,1,0,1,0,1,0,1,1,0,0,0,gratuito
3,10000.0,2,1.0,30,2,1,1,1,0,1,0,1,0,0,0,0,baixo
1,0.0,0,0.0,1,2,1,0,0,0,0,1,0,0,0,0,0,gratuito
3,35000.0,372,0.8467741935483871,2,5,1,0,0,1,1,0,1,1,1,1,0,medio_alto
2,10000.0,0,0.0,1,3,1,0,0,0,1,1,1,0,0,0,0,medio_alto
8,10000.0,74,0.9054054054054054,4,4,1,0,0,0,1,0,1,1,1,0,0,medio_baixo
2,10000.0,130,0.8615384615384616,1,3,1,1,0,0,1,1,1,0,0,0,0,medio_alto
2,10000.0,19,0.631578947368421,2,2,1,0,0,0,0,0,0,1,0,1,0,medio_baixo
5,10000.0,0,0.0,1,1,1,0,0,0,0,0,0,1,0,0,0,medio_alto
6,10000.0,134,0.9029850746268657,1,2,1,1,1,0,1,0,0,1,0,0,0,medio_baixo
2,0.0,0,0.0,1,4,1,0,0,0,1,0,0,1,0,0,0,gratuito
5,0.0,0,0.0,0,0,1,0,0,0,0,0,0,0,0,0,0,gratuito
10,10000.0,22,0.6818181818181818,1,1,1,0,0,0,1,0,0,0,0,0,0,alto
3,35000.0,24,0.9166666666666666,1,4,1,0,0,0,1,0,0,0,1,1,0,medio_alto
4,10000.0,183,0.9562841530054644,1,2,1,1,1,0,1,0,0,1,0,0,0,alto
5,35000.0,46,0.8913043478260869,103,2,1,0,0,0,1,0,1,0,0,0,0,medio_baixo
2,10000.0,1,1.0,1,2,1,0,0,0,0,0,1,1,0,0,0,medio_alto
3,10000.0,1,1.0,2,1,1,1,0,0,0,0,1,0,0,0,0,alto
5,10000.0,246,0.8048780487804879,10,4,1,1,0,0,1,1,1,0,1,0,0,medio_alto
7,10000.0,31,0.8064516129032258,1,3,1,0,0,0,1,0,0,1,0,1,0,medio_baixo
8,10000.0,13,0.7692307692307693,1,3,1,1,1,0,1,1,0,1,0,0,0,alto
1,10000.0,0,0.0,1,2,1,0,0,0,0,1,1,0,0,0,0,medio_alto
8,10000.0,4,0.5,1,1,1,0,0,0,0,0,0,0,0,1,0,alto
2,10000.0,46,0.9347826086956522,3,2,1,1,0,0,1,0,0,1,0,0,0,medio_alto
3,10000.0,20,0.15,1,4,1,0,0,0,1,1,1,0,0,1,0,medio_baixo
10,350000.0,517,0.586073500967118,11,3,1,1,0,0,0,0,0,0,0,1,0,gratuito
5,10000.0,20,0.55,1,1,1,0,0,1,0,0,0,0,1,0,0,medio_alto
13,3500000.0,54720,0.7856907894736842,8,2,1,0,0,5,0,1,1,0,0,0,0,medio_alto
4,10000.0,60,0.9166666666666666,12,1,1,1,1,0,1,0,0,0,0,0,0,baixo
2,10000.0,0,0.0,2,1,1,0,0,0,0,0,0,1,0,0,0,baixo
4,10000.0,0,0.0,1,1,1,0,0,0,0,0,0,1,0,0,0,alto
2,75000.0,58,0.7586206896551724,10,2,1,0,0,0,1,1,0,0,0,0,0,medio_alto
8,10000.0,4,0.25,1,3,1,0,0,0,1,1,0,1,0,0,0,baixo
5,0.0,0,0.0,4,3,1,0,0,0,1,0,1,0,1,0,0,gratuito
17,350000.0,2432,0.865953947368421,29,3,1,1,0,1,1,0,1,1,0,0,0,baixo
2,0.0,0,0.0,1,4,1,0,0,0,1,0,0,1,0,1,0,gratuito
3,10000.0,0,0.0,1,4,1,0,1,0,1,1,1,1,0,0,0,medio_baixo
5,35000.0,6,0.3333333333333333,1,5,1,0,0,0,1,1,1,0,0,1,1,baixo
12,75000.0,156,0.6346153846153846,1,3,1,1,1,0,1,0,0,0,1,1,0,medio_alto
1,10000.0,0,0.0,1,4,1,0,0,0,1,1,0,1,0,1,0,medio_baixo
4,10000.0,8,0.5,1,3,1,0,0,0,1,1,1,0,0,0,0,medio_alto
6,10000.0,14,0.9285714285714286,1,2,1,0,0,0,1,0,0,1,0,0,0,medio_baixo
1,150000.0,2,1.0,1,5,1,0,0,0,1,1,1,0,1,0,0,alto
8,10000.0,144,0.9513888888888888,6,2,1,1,0,1,1,0,0,1,0,0,0,gratuito
1,0.0,0,0.0,1,7,1,0,0,0,1,1,1,1,1,0,0,gratuito
2,10000.0,0,0.0,3,2,1,0,0,0,1,0,0,0,1,0,0,medio_alto
2,10000.0,1,1.0,1,3,1,0,0,1,1,1,0,0,0,1,0,baixo
4,0.0,0,0.0,4,1,1,0,0,1,0,0,0,0,0,0,0,gratuito
9,35000.0,194,0.8195876288659794,9,2,1,1,1,0,0,0,1,1,0,0,0,medio_alto
5,10000.0,1,0.0,1,4,1,0,0,0,0,0,1,1,0,1,1,medio_alto
4,10000.0,45,1.0,1,2,1,0,0,0,1,0,1,0,0,0,0,medio_alto
6,35000.0,38,0.9210526315789473,1,7,1,1,0,0,1,1,0,1,0,1,0,gratuito
2,0.0,0,0.0,0,0,1,0,0,0,0,0,0,0,0,0,0,gratuito
5,10000.0,5,1.0,4,1,1,0,0,0,0,0,0,1,0,0,0,baixo
3,35000.0,932,0.9281115879828327,2,3,1,0,0,7,0,1,1,0,1,0,0,alto
3,0.0,0,0.0,1,1,1,0,0,0,1,0,0,0,0,0,0,gratuito
1,10000.0,0,0.0,1,2,1,1,1,0,0,1,1,0,0,0,0,medio_baixo
1,0.0,0,0.0,103,1,1,0,0,0,0,0,0,1,0,0,0,medio_baixo
8,35000.0,72,0.7222222222222222,1,4,1,1,1,0,1,0,0,0,0,1,0,gratuito
5,10000.0,24,0.5833333333333334,3,6,1,0,0,0,1,0,1,1,1,1,1,medio_alto
2,10000.0,11,1.0,1,2,1,0,0,0,0,0,0,1,1,0,0,alto
2,0.0,0,0.0,1,2,1,1,1,1,0,0,0,1,0,0,0,gratuito
1,0.0,0,0.0,0,0,1,0,0,0,0,0,0,0,0,0,0,gratuito
7,10000.0,8,0.875,2,2,1,0,0,0,1,0,0,1,0,0,0,baixo
4,10000.0,2,0.5,1,6,1,0,0,0,1,1,0,1,0,0,0,medio_alto
5,10000.0,173,0.6820809248554913,15,1,1,0,0,6,0,0,0,1,0,0,0,medio_baixo
7,10000.0,1,0.0,1,4,1,0,0,0,1,1,1,0,0,0,1,baixo
3,10000.0,4,0.5,2,5,1,0,0,0,1,1,0,1,0,1,1,alto
3,0.0,0,0.0,0,0,1,0,0,0,0,0,0,0,0,0,0,gratuito
2,10000.0,0,0.0,2,1,1,0,0,0,1,0,0,0,0,0,0,baixo
3,10000.0,20,1.0,1,3,1,0,0,0,1,1,1,0,0,0,0,medio_alto
2,0.0,0,0.0,1,3,1,0,1,0,0,0,0,0,1,1,0,gratuito
1,0.0,0,0.0,0,0,1,0,0,0,0,0,0,0,0,0,0,gratuito
6,35000.0,90,0.6222222222222222,1,7,1,0,0,0,1,1,1,0,1,1,0,gratuito
7,10000.0,3,0.6666666666666666,1,4,1,0,0,0,1,1,1,1,0,0,0,baixo
2,10000.0,1,0.0,1,2,1,0,0,0,1,0,1,0,0,0,0,medio_baixo
1,10000.0,24,0.9166666666666666,1,3,1,0,0,0,1,1,0,0,0,0,0,medio_alto
1,0.0,0,0.0,1,2,1,0,0,0,0,1,0,1,0,0,0,medio_baixo
2,10000.0,3,1.0,1,3,1,0,0,0,1,1,0,1,0,0,0,medio_baixo
3,0.0,0,0.0,103,3,1,1,1,0,1,0,0,1,0,1,0,baixo
4,35000.0,226,0.8495575221238938,1,2,1,0,0,0,1,1,0,0,0,0,0,gratuito
2,0.0,0,0.0,0,0,1,0,0,0,0,0,0,0,0,0,0,gratuito
8,10000.0,11,0.8181818181818182,1,1,1,0,0,0,0,0,0,0,0,0,0,gratuito
3,0.0,0,0.0,17,2,1,0,0,0,0,0,0,1,0,0,0,gratuito
1,0.0,0,0.0,0,0,1,0,0,0,0,0,0,0,0,0,0,gratuito
8,10000.0,3,0.3333333333333333,2,4,1,0,0,0,1,0,1,1,0,0,1,medio_baixo
3,10000.0,9,0.6666666666666666,20,4,1,0,0,0,1,1,1,1,0,0,0,medio_baixo
4,0.0,0,0.0,0,0,1,0,0,0,0,0,0,0,0,0,0,gratuito
10,35000.0,137,0.7518248175182481,1,5,1,1,0,0,1,1,1,0,1,1,0,medio_alto
2,0.0,0,0.0,1,3,1,0,0,0,0,1,0,1,0,0,0,gratuito
2,0.0,0,0.0,1,5,1,0,0,0,1,0,1,1,0,0,1,gratuito
7,10000.0,1214,0.9530477759472817,15,2,1,1,1,1,1,0,1,0,0,0,0,medio_alto
2,10000.0,3,1.0,4,2,1,0,0,0,1,0,0,1,0,0,0,medio_baixo
3,10000.0,4,1.0,1,1,1,1,0,0,0,0,0,1,0,0,0,medio_alto
5,10000.0,2,1.0,14,3,1,0,0,0,1,1,0,1,0,0,0,baixo
1,10000.0,0,0.0,11,4,1,0,0,0,1,1,1,1,0,0,0,medio_alto
8,10000.0,7,0.5714285714285714,2,5,1,0,0,0,1,1,0,1,0,1,1,baixo
2,10000.0,8,1.0,2,3,1,0,0,0,1,1,0,0,0,0,0,alto
3,10000.0,1,1.0,1,3,1,0,0,0,0,1,1,1,0,0,0,medio_alto
5,0.0,0,0.0,0,0,1,0,0,0,0,0,0,0,0,0,0,gratuito
2,10000.0,9,1.0,3,2,1,1,0,0,0,1,0,0,0,1,0,baixo
1,0.0,0,0.0,1,2,1,0,0,0,1,0,0,1,0,0,0,medio_baixo
10,1500000.0,407,0.5700245700245701,1,2,1,1,1,2,1,0,0,1,0,0,0,baixo
4,10000.0,44,0.8181818181818182,2,3,1,1,1,0,1,0,1,1,0,0,0,medio_baixo
11,35000000.0,835349,0.9612664886173324,17,1,1,0,0,22,0,0,0,0,1,0,0,medio_alto
4,0.0,0,0.0,0,0,1,0,0,0,0,0,0,0,0,0,0,gratuito
8,350000.0,6241,0.8915237942637397,5,2,1,0,0,7,1,0,0,0,0,0,1,baixo
9,10000.0,4,0.75,9,1,1,0,0,0,0,0,1,0,0,0,0,medio_alto
8,10000.0,57,0.6491228070175439,27,2,1,1,1,0,1,0,0,1,0,0,0,baixo
5,150000.0,2658,0.7114371708051166,13,1,1,0,0,1,0,0,0,0,0,0,1,medio_alto
1,10000.0,21,1.0,5,5,1,0,0,0,1,1,1,1,0,0,1,medio_alto
13,1500000.0,28011,0.9281353753882403,4,1,1,0,0,0,0,0,0,0,1,0,0,medio_alto
5,10000.0,6,0.5,1,4,1,0,0,0,1,1,0,1,0,0,0,baixo
1,10000.0,0,0.0,1,3,1,0,0,0,0,1,0,1,0,0,0,alto
3,150000.0,20,0.6,1,2,1,0,0,0,0,1,0,0,0,0,0,medio_alto
8,35000.0,191,0.9214659685863874,1,3,1,0,0,1,1,1,0,0,0,0,0,gratuito
3,10000.0,0,0.0,1,4,1,0,1,0,1,0,0,0,1,0,1,gratuito
5,35000.0,1,0.0,1,3,1,0,1,0,1,0,0,0,0,1,1,medio_alto
1,0.0,0,0.0,0,0,1,0,0,0,0,0,0,0,0,0,0,gratuito
5,10000.0,18,0.2777777777777778,2,2,1,0,0,0,1,0,1,0,0,0,0,medio_alto
3,10000.0,31,0.7096774193548387,2,4,1,0,0,0,0,1,1,1,0,0,0,gratuito
7,10000.0,47,0.6808510638297872,11,4,1,0,0,0,1,1,0,0,1,1,0,medio_baixo
1,10000.0,25,0.84,6,4,1,0,0,0,1,0,0,0,1,1,1,medio_alto
4,35000.0,277,0.7906137184115524,1,4,1,0,0,0,1,1,1,0,0,0,0,alto
6,10000.0,7,0.7142857142857143,9,2,1,0,0,0,1,1,0,0,0,0,0,baixo
2,35000.0,17,0.8235294117647058,1,1,1,1,1,0,0,1,0,0,0,0,0,medio_alto
4,10000.0,0,0.0,2,2,1,0,0,0,1,0,0,0,0,0,0,medio_alto
5,0.0,0,0.0,0,0,1,0,0,0,0,0,0,0,0,0,0,gratuito
1,0.0,0,0.0,2,2,1,0,0,0,1,1,0,0,0,0,0,medio_alto
1,0.0,0,0.0,0,0,1,0,0,0,0,0,0,0,0,0,0,gratuito
9,75000.0,158,0.5632911392405063,4,2,1,0,0,0,0,0,0,1,0,0,1,baixo
9,10000.0,10,0.8,1,4,1,0,0,0,1,1,0,1,0,0,0,gratuito
5,10000.0,11,0.6363636363636364,1,1,1,0,0,0,1,0,0,0,0,0,0,gratuito
2,10000.0,35,0.7714285714285715,2,5,1,0,0,0,1,0,1,0,1,1,0,medio_alto
9,10000.0,10,0.1,2,4,1,0,0,0,1,1,1,0,1,0,0,baixo
7,10000.0,0,0.0,1,1,1,0,0,0,0,0,0,0,0,0,0,medio_baixo
2,350000.0,2814,0.7739872068230277,1,4,1,0,0,11,0,1,0,1,0,1,0,gratuito
2,10000.0,5,0.8,3,5,1,0,0,0,1,1,0,1,0,1,1,medio_baixo
2,10000.0,36,0.6388888888888888,8,3,1,0,0,1,1,0,0,1,0,0,1,baixo
20,75000.0,603,0.7844112769485904,1,1,1,0,0,0,0,1,0,0,0,0,0,gratuito
8,75000.0,328,0.6158536585365854,1,4,1,0,0,0,1,1,0,0,0,0,0,baixo
1,0.0,0,0.0,17,4,1,0,0,0,1,0,0,1,0,0,1,gratuito
8,10000.0,37,0.8648648648648649,1,2,1,1,0,0,1,1,0,0,0,0,0,baixo
6,75000.0,1118,0.9588550983899821,1,4,1,0,0,0,1,0,1,0,0,0,1,gratuito
2,10000.0,4,0.75,1,1,1,0,0,0,0,0,1,0,0,0,0,medio_baixo
2,10000.0,1,1.0,7,3,1,0,0,0,0,0,0,0,0,0,1,medio_baixo
1,0.0,0,0.0,2,5,1,0,0,0,1,1,0,1,1,0,0,gratuito
1,0.0,0,0.0,0,0,1,0,0,0,0,0,0,0,0,0,0,gratuito
1,0.0,0,0.0,103,5,1,0,0,0,1,1,1,1,1,0,0,medio_alto
1,10000.0,6,1.0,13,4,1,0,0,0,0,1,0,1,0,0,1,alto
4,10000.0,72,0.9722222222222222,2,2,1,0,0,1,1,0,0,1,0,0,0,medio_alto
8,35000.0,7,1.0,6,2,1,1,0,0,1,0,1,0,0,0,0,medio_baixo
2,10000.0,3,0.6666666666666666,1,1,1,0,0,0,0,0,0,0,0,1,0,medio_alto
11,10000.0,50,0.76,1,2,1,0,0,1,1,1,0,0,0,0,0,baixo
5,10000.0,88,0.8636363636363636,1,1,1,0,0,0,0,1,0,0,0,0,0,alto
1,10000.0,3,0.6666666666666666,1,4,1,0,0,0,1,0,0,1,1,0,1,medio_baixo
2,10000.0,1,0.0,23,2,1,0,0,0,0,0,0,0,0,0,0,alto
2,10000.0,0,0.0,1,3,1,0,0,0,0,0,0,1,0,0,1,gratuito
3,10000.0,15,0.7333333333333333,2,3,1,0,0,0,1,1,0,0,0,0,1,medio_baixo
5,35000.0,7,0.2857142857142857,1,1,1,0,0,0,0,1,0,0,0,0,0,alto
9,10000.0,4,0.0,1,3,1,0,0,0,1,0,1,0,0,1,0,medio_baixo
1,10000.0,718,0.8607242339832869,10,3,1,0,0,0,1,1,1,0,0,0,0,medio_alto
4,10000.0,0,0.0,4,4,1,0,0,0,0,1,1,1,0,1,0,baixo
4,35000.0,512,0.931640625,29,2,1,1,1,0,1,0,1,0,0,0,0,medio_alto
2,10000.0,0,0.0,1,1,1,1,1,0,0,1,0,0,0,0,0,medio_alto
1,10000.0,0,0.0,6,3,1,0,0,0,1,0,1,0,0,0,1,medio_alto
11,10000.0,55,0.7090909090909091,103,3,1,0,1,0,1,1,0,1,0,0,0,medio_alto
1,0.0,0,0.0,2,4,1,0,0,0,1,0,0,1,0,0,1,gratuito
12,10000.0,150,0.7933333333333333,1,2,1,1,1,0,1,0,0,0,1,0,0,medio_alto
3,10000.0,0,0.0,1,2,1,0,0,0,0,1,1,0,0,0,0,alto
7,10000.0,15,0.7333333333333333,1,2,1,0,0,0,0,1,1,0,0,0,0,medio_baixo
7,10000.0,27,0.7407407407407407,2,3,1,1,0,0,1,0,0,1,0,0,1,gratuito
6,10000.0,55,0.8727272727272727,8,3,1,0,0,0,1,1,0,0,0,0,0,medio_baixo
3,0.0,0,0.0,0,0,1,0,0,0,0,0,0,0,0,0,0,gratuito
1,0.0,0,0.0,0,0,1,0,0,0,0,0,0,0,0,0,0,gratuito
8,10000.0,1,1.0,1,6,1,0,0,0,0,1,1,1,1,1,1,baixo
1,10000.0,0,0.0,28,4,1,1,0,1,1,0,0,1,0,1,1,medio_baixo
1,10000.0,0,0.0,1,3,1,0,0,0,1,1,1,0,0,0,0,alto
3,10000.0,46,0.7608695652173914,11,3,1,0,0,1,1,1,1,0,0,0,0,medio_baixo
5,0.0,0,0.0,1,1,1,0,0,0,0,0,0,0,0,0,0,gratuito
7,10000.0,3,1.0,1,1,1,0,1,0,0,0,1,0,0,0,0,medio_baixo
4,10000.0,80,0.825,9,3,1,0,0,0,1,0,0,1,0,0,1,alto
6,10000.0,11,0.9090909090909091,1,3,1,0,0,0,0,0,0,1,0,0,1,medio_baixo
5,35000.0,31,0.9032258064516129,1,2,1,0,0,0,1,0,1,0,0,0,0,baixo
1,10000.0,9,0.4444444444444444,1,3,1,0,0,0,1,0,0,1,0,0,1,medio_alto
7,10000.0,1,1.0,7,2,1,0,0,0,0,1,0,1,0,0,0,medio_baixo
8,10000.0,9,0.4444444444444444,2,1,1,0,0,0,1,0,0,0,0,0,0,medio_alto
9,10000.0,60,0.8166666666666667,2,1,1,0,0,0,0,0,0,1,0,0,0,medio_alto
2,10000.0,306,0.9019607843137255,3,1,1,0,0,0,0,0,1,0,0,0,0,alto
1,0.0,0,0.0,4,3,1,0,0,0,1,0,1,1,0,0,0,medio_baixo
11,35000.0,103,0.7961165048543689,1,2,1,0,0,0,1,1,0,0,0,0,0,baixo
6,35000.0,142,0.8943661971830986,2,1,1,0,0,0,0,0,1,0,0,0,0,gratuito
1,10000.0,0,0.0,12,5,1,0,0,0,1,0,0,1,0,1,1,medio_baixo
1,0.0,0,0.0,10,10,1,0,0,0,0,0,0,0,0,0,0,medio_alto
1,10000.0,0,0.0,4,3,1,0,0,0,1,0,0,0,0,0,0,medio_alto
2,0.0,0,0.0,0,0,1,0,0,0,0,0,0,0,0,0,0,gratuito
6,350000.0,14237,0.9342558123200112,22,3,1,1,0,1,1,0,1,1,0,0,0,baixo
2,0.0,0,0.0,0,0,1,0,0,0,0,0,0,0,0,0,0,gratuito
1,0.0,0,0.0,103,2,1,0,0,0,1,0,0,1,0,0,0,medio_alto
1,0.0,0,0.0,103,2,1,0,0,1,1,0,0,1,0,0,0,medio_baixo
5,10000.0,204,0.5490196078431373,16,6,1,0,0,2,1,1,1,1,1,0,0,gratuito
1,10000.0,214,0.9252336448598131,20,3,1,0,0,2,1,1,0,1,0,0,0,alto
3,10000.0,1,0.0,1,1,1,0,0,0,0,0,0,0,1,0,0,alto
7,750000.0,25900,0.6561389961389962,3,6,1,0,0,0,1,1,0,0,1,0,0,gratuito
1,10000.0,0,0.0,4,2,1,0,0,1,0,0,1,1,0,0,0,medio_alto
1,0.0,0,0.0,5,1,1,0,0,0,1,0,0,0,0,0,0,alto
4,0.0,0,0.0,0,0,1,0,0,0,0,0,0,0,0,0,0,gratuito
11,35000.0,169,0.7810650887573964,6,2,1,0,0,0,1,0,0,0,0,1,0,baixo
2,0.0,0,0.0,0,0,1,0,0,0,0,0,0,0,0,0,0,gratuito
2,10000.0,1,0.0,1,1,1,0,0,0,0,0,0,0,0,0,1,medio_alto
8,35000.0,37,0.7297297297297297,1,3,1,0,0,0,1,1,1,0,0,0,0,medio_alto
3,10000.0,25,0.56,1,5,1,0,0,0,1,1,1,1,0,0,1,baixo
4,0.0,0,0.0,0,0,1,0,0,0,0,0,0,0,0,0,0,gratuito
2,10000.0,201,0.8855721393034826,1,3,1,0,0,0,1,1,0,1,0,0,0,medio_alto
8,35000.0,221,0.6108597285067874,9,2,1,1,1,0,0,0,1,1,0,0,0,medio_alto
8,350000.0,2617,0.7355750859763087,10,3,1,0,0,4,0,1,1,0,0,0,1,medio_alto
2,10000.0,8,1.0,10,3,1,1,0,0,0,1,0,0,0,0,0,medio_baixo
4,10000.0,10,0.9,1,3,1,0,0,0,1,1,0,1,0,0,0,medio_baixo
2,10000.0,9,0.5555555555555556,7,3,1,0,0,0,1,0,0,1,0,0,1,medio_baixo
2,75000.0,1,1.0,1,6,1,0,0,0,1,1,1,1,1,0,0,baixo
1,10000.0,0,0.0,2,4,1,0,0,0,1,1,1,0,0,0,1,medio_baixo
10,10000.0,19,0.05263157894736842,1,2,1,0,0,0,0,0,1,1,0,0,0,medio_alto
10,10000.0,8,0.375,1,4,1,0,0,0,1,1,0,0,1,0,0,alto
4,10000.0,37,0.5675675675675675,1,4,1,0,0,0,1,0,0,1,1,0,0,gratuito
4,10000.0,6,0.3333333333333333,1,3,1,0,0,0,1,1,0,1,0,0,0,medio_baixo
1,10000.0,0,0.0,3,2,1,0,0,0,1,0,1,0,0,0,0,medio_baixo
5,35000.0,20,0.55,2,4,1,0,0,0,1,0,0,0,1,0,0,gratuito
6,35000.0,270,0.9814814814814815,1,4,1,0,0,0,1,1,1,1,0,0,0,gratuito
1,0.0,0,0.0,0,0,1,0,0,0,0,0,0,0,0,0,0,gratuito
3,10000.0,0,0.0,10,3,1,0,0,0,1,0,1,0,0,0,0,gratuito
4,10000.0,95,0.3368421052631579,6,0,1,0,0,1,0,0,0,0,0,0,0,baixo
11,10000.0,85,0.6941176470588235,1,3,1,1,1,0,1,0,0,0,0,1,1,baixo
6,10000.0,28,0.5714285714285714,4,2,1,0,0,0,0,0,0,0,0,0,1,baixo
10,35000.0,142,0.6830985915492958,1,1,1,1,0,0,1,0,0,0,0,0,0,medio_alto
3,10000.0,0,0.0,1,3,1,0,0,0,1,0,0,1,1,0,0,medio_baixo
1,0.0,0,0.0,0,0,1,0,0,0,0,0,0,0,0,0,0,gratuito
1,10000.0,0,0.0,1,4,1,0,0,0,1,1,1,0,1,0,0,baixo
10,75000.0,2716,0.9432989690721649,2,4,1,0,0,0,1,1,0,1,0,0,0,gratuito
1,10000.0,0,0.0,1,1,1,0,1,0,1,0,0,0,0,0,0,medio_baixo
4,10000.0,2,0.5,1,1,1,0,0,0,0,0,1,0,0,0,0,alto
8,10000.0,30,0.8666666666666667,1,2,1,1,0,0,1,1,0,0,0,0,0,medio_baixo
9,10000.0,25,0.76,3,1,1,0,0,0,0,1,0,0,0,0,0,alto
1,10000.0,0,0.0,1,4,1,0,0,0,1,1,0,1,0,1,0,medio_baixo
11,35000.0,148,0.6283783783783784,14,1,1,0,0,0,0,1,0,0,0,0,0,baixo
3,0.0,0,0.0,1,3,1,0,0,0,0,1,0,1,0,0,0,gratuito
5,10000.0,30,0.26666666666666666,1,3,1,0,0,0,0,1,0,0,1,0,0,alto
6,10000.0,18,0.7777777777777778,1,5,1,0,0,0,0,0,0,0,0,0,0,gratuito
8,35000.0,201,0.5671641791044776,4,3,1,0,0,0,0,1,1,0,1,0,0,alto
10,35000.0,88,0.75,1,4,1,1,1,0,1,1,1,0,0,0,0,gratuito
1,10000.0,9,1.0,1,3,1,0,0,0,1,0,0,1,0,1,0,medio_alto
10,10000.0,10,0.7,1,3,1,1,0,0,1,1,1,0,0,0,0,baixo
3,0.0,0,0.0,3,3,1,0,0,0,1,1,0,0,0,0,0,gratuito
4,35000.0,462,0.9696969696969697,1,2,1,1,0,0,0,0,0,1,0,0,1,baixo
3,0.0,0,0.0,29,3,1,0,0,0,0,0,1,1,0,0,1,medio_baixo
1,0.0,0,0.0,0,0,1,0,0,0,0,0,0,0,0,0,0,gratuito
2,0.0,0,0.0,0,0,1,0,0,0,0,0,0,0,0,0,0,gratuito
1,0.0,0,0.0,1,2,1,1,1,0,0,0,0,0,1,0,0,medio_alto
12,150000.0,1235,0.9757085020242915,4,2,1,1,1,0,0,0,1,1,0,0,0,medio_alto
5,10000.0,16,0.9375,2,3,1,0,0,0,1,1,0,0,1,0,0,medio_alto
6,10000.0,15,0.6666666666666666,2,2,1,0,0,1,1,0,0,1,0,0,0,baixo
9,10000.0,90,0.3888888888888889,6,0,1,0,0,0,0,0,0,0,0,0,0,alto
5,0.0,0,0.0,8,7,1,0,0,0,1,1,1,1,1,0,1,gratuito
4,10000.0,0,0.0,1,4,1,0,0,1,1,0,0,1,0,1,0,gratuito
5,10000.0,46,0.6086956521739131,1,1,1,0,0,0,0,0,0,0,0,0,0,medio_baixo
6,10000.0,23,1.0,1,2,1,0,0,0,0,0,1,0,0,0,1,alto
4,0.0,0,0.0,1,4,1,0,0,3,0,0,1,1,0,0,1,gratuito
1,10000.0,0,0.0,1,1,1,0,0,0,0,0,0,0,0,0,0,medio_baixo
6,750000.0,1808,0.793141592920354,25,1,1,0,0,1,0,0,0,0,0,0,0,gratuito
3,10000.0,13,0.38461538461538464,9,1,1,0,0,0,0,1,0,0,0,0,0,medio_alto
7,10000.0,1,1.0,1,3,1,0,0,0,0,1,0,0,0,1,1,gratuito
1,0.0,0,0.0,2,1,1,0,0,0,0,0,0,0,0,0,1,medio_baixo
7,10000.0,13,0.46153846153846156,1,3,1,0,0,0,1,1,0,1,0,0,0,baixo
1,0.0,0,0.0,0,0,1,0,0,0,0,0,0,0,0,0,0,gratuito
5,10000.0,16,1.0,3,4,1,0,0,0,1,0,1,1,0,1,0,medio_baixo
1,10000.0,0,0.0,1,4,1,0,0,0,1,1,0,0,1,1,0,medio_baixo
3,0.0,0,0.0,1,3,1,0,0,0,0,1,0,1,0,0,0,gratuito
1,10000.0,3,1.0,1,2,1,0,0,0,1,0,0,0,0,0,1,baixo
4,0.0,0,0.0,0,0,1,0,0,0,0,0,0,0,0,0,0,gratuito
6,10000.0,41,0.3902439024390244,1,1,1,0,0,0,1,0,0,0,0,0,0,gratuito
6,35000.0,569,0.9472759226713533,7,3,1,1,0,3,1,0,0,0,1,0,1,alto
17,10000.0,0,0.0,6,2,1,0,0,0,0,0,1,1,0,0,0,medio_alto
10,10000.0,31,0.22580645161290322,1,3,1,0,0,1,1,1,0,0,0,1,0,alto
2,0.0,0,0.0,1,3,1,0,0,3,1,0,0,1,0,0,0,gratuito
1,0.0,0,0.0,0,0,1,0,0,0,0,0,0,0,0,0,0,gratuito
2,10000.0,6,1.0,1,3,1,0,0,0,1,0,0,1,0,1,0,baixo
5,10000.0,11,0.6363636363636364,4,1,1,0,0,0,0,0,0,1,0,0,0,alto
1,0.0,0,0.0,1,3,1,1,1,0,1,0,1,1,0,0,0,alto
7,10000.0,6,1.0,1,2,1,0,0,0,1,1,0,0,0,0,0,gratuito
4,10000.0,17,0.8235294117647058,8,3,1,0,0,1,1,0,1,1,0,0,0,baixo
3,35000.0,205,0.7902439024390244,4,2,1,0,0,0,0,1,1,0,0,0,0,baixo
3,10000.0,94,0.6063829787234043,1,6,1,0,0,1,1,0,1,0,1,1,0,gratuito
4,10000.0,16,0.625,103,1,1,0,0,0,1,0,0,0,0,0,0,baixo
9,10000.0,15,0.8666666666666667,1,3,1,0,0,0,0,1,0,0,0,0,1,alto
6,75000.0,672,0.9360119047619048,9,3,1,0,0,0,1,0,0,1,0,0,1,medio_baixo
2,10000.0,1,1.0,1,1,1,0,0,0,1,0,0,0,0,0,0,baixo
1,10000.0,0,0.0,19,3,1,0,0,0,1,0,0,1,0,1,0,medio_baixo
9,150000.0,667,0.8140929535232384,15,8,1,1,1,3,1,1,1,1,0,1,1,alto
2,10000.0,0,0.0,2,3,1,0,0,0,1,0,1,0,0,0,0,gratuito
3,10000.0,2,0.5,1,3,1,0,0,0,0,1,1,0,0,1,0,medio_alto
11,150000.0,386,0.810880829015544,7,3,1,1,0,0,1,0,0,1,0,1,0,medio_alto
17,10000.0,15,0.06666666666666667,1,2,1,0,0,0,1,0,0,1,0,0,0,medio_alto
1,0.0,0,0.0,3,5,1,0,0,0,0,0,0,1,0,0,0,baixo
1,10000.0,0,0.0,4,3,1,0,0,0,1,1,1,0,0,0,0,medio_alto
5,35000.0,150,0.48,3,4,1,0,0,0,1,0,0,1,1,0,1,medio_baixo
5,10000.0,1,1.0,2,1,1,1,0,0,0,0,0,0,0,0,0,baixo
2,10000.0,70,0.8142857142857143,1,3,1,0,0,0,1,1,1,0,0,0,0,alto
6,10000.0,63,0.6666666666666666,28,4,1,0,0,0,1,1,0,1,0,0,1,baixo
9,10000.0,12,0.5833333333333334,1,1,1,0,0,0,0,0,0,0,1,0,0,gratuito
2,10000.0,5,0.4,10,2,1,0,0,0,1,0,0,1,0,0,0,medio_baixo
2,10000.0,0,0.0,2,1,1,0,0,0,0,1,0,0,0,0,0,medio_baixo
8,750000.0,3620,0.8776243093922652,5,5,1,1,0,0,1,1,1,1,1,0,0,medio_alto
1,10000.0,0,0.0,1,1,1,0,0,0,1,0,0,0,0,0,0,medio_alto
10,10000.0,57,0.7368421052631579,6,3,1,1,1,0,1,1,0,0,0,1,0,medio_alto
1,10000.0,0,0.0,1,3,1,1,0,0,0,0,0,1,0,0,1,alto
2,10000.0,19,0.7368421052631579,1,4,1,0,0,0,0,1,1,0,1,0,0,medio_alto
13,35000.0,334,0.9011976047904192,1,1,1,1,0,0,0,1,0,0,0,0,0,baixo
1,10000.0,0,0.0,13,4,1,0,0,0,1,1,0,1,0,0,0,medio_baixo
2,10000.0,0,0.0,1,1,1,0,0,0,0,0,0,0,0,1,0,medio_alto
5,10000.0,339,0.9734513274336283,6,4,1,0,0,0,1,1,1,1,0,0,0,medio_alto
1,10000.0,0,0.0,2,5,1,1,1,0,1,1,0,1,0,0,1,medio_baixo
2,35000.0,466,0.8154506437768241,2,3,1,0,0,0,1,0,1,0,1,0,0,medio_alto
3,0.0,0,0.0,0,0,1,0,0,0,0,0,0,0,0,0,0,gratuito
6,75000.0,254,0.6181102362204725,6,4,1,0,0,0,1,0,1,0,1,1,0,alto
4,0.0,0,0.0,4,1,1,0,0,0,0,0,0,0,0,0,1,gratuito
4,10000.0,7,0.5714285714285714,1,4,1,1,1,0,0,0,1,1,1,0,1,alto
2,0.0,0,0.0,1,8,0,0,1,0,0,1,1,1,1,1,1,gratuito
1,10000.0,0,0.0,2,4,1,0,0,0,1,1,1,1,0,0,0,medio_baixo
3,350000.0,5190,0.9578034682080925,4,3,1,0,0,0,0,0,1,0,1,0,1,alto
2,35000.0,1,1.0,1,4,1,0,0,0,1,0,0,1,0,1,1,baixo
6,10000.0,3,0.6666666666666666,1,2,1,0,0,0,1,0,0,1,0,0,0,medio_baixo
2,0.0,0,0.0,1,5,1,0,0,0,1,1,0,1,0,0,0,gratuito
1,10000.0,0,0.0,1,4,1,0,0,0,1,0,0,0,1,0,1,medio_alto
1,0.0,0,0.0,0,0,1,0,0,0,0,0,0,0,0,0,0,gratuito
3,10000.0,4,1.0,1,1,1,0,0,0,0,1,0,0,0,0,0,medio_alto
6,750000.0,9793,0.9443480036760952,10,1,1,1,0,2,0,0,0,0,0,1,0,alto
1,0.0,0,0.0,0,0,1,0,0,0,0,0,0,0,0,0,0,gratuito
1,0.0,0,0.0,12,2,1,0,0,1,1,0,0,1,0,0,0,baixo
4,10000.0,0,0.0,1,3,1,0,0,0,1,0,0,1,0,0,1,medio_alto
2,10000.0,1,1.0,1,4,1,0,0,0,1,0,0,1,0,1,1,baixo
5,750000.0,35301,0.9315033568454152,16,3,1,1,1,1,1,0,0,1,0,0,1,alto
12,35000.0,129,0.5193798449612403,1,2,1,0,0,0,0,0,1,1,0,0,0,baixo
5,35000.0,73,0.9452054794520548,1,1,1,1,1,0,0,0,0,1,0,0,0,alto
2,10000.0,1,0.0,6,2,1,0,0,0,0,0,0,0,0,0,1,alto
1,0.0,0,0.0,0,0,1,0,0,0,0,0,0,0,0,0,0,gratuito
2,0.0,0,0.0,0,0,1,0,0,0,0,0,0,0,0,0,0,gratuito
4,10000.0,6,0.8333333333333334,2,2,1,1,0,0,1,0,1,0,0,0,0,medio_alto
1,0.0,0,0.0,4,3,1,1,1,0,1,0,0,1,0,1,0,baixo
1,0.0,0,0.0,1,4,1,0,0,0,1,0,0,1,0,1,0,gratuito
3,10000.0,3,1.0,1,2,1,0,0,0,1,1,0,0,0,0,0,medio_baixo
6,10000.0,7,1.0,1,4,1,1,0,0,1,1,0,1,0,0,0,medio_alto
4,10000.0,7,0.7142857142857143,1,2,1,1,0,0,1,0,0,0,0,0,0,alto
9,10000.0,134,0.6716417910447762,1,3,1,0,0,8,1,0,1,1,0,0,0,alto
13,75000.0,214,0.7336448598130841,2,1,1,0,0,0,0,0,1,0,0,0,0,baixo
2,10000.0,10,0.9,1,3,1,0,0,0,1,0,0,1,0,0,1,gratuito
7,10000.0,8,0.875,1,4,1,0,0,0,1,1,1,1,0,0,0,medio_baixo
1,10000.0,3,0.3333333333333333,2,4,1,0,0,3,0,0,1,0,1,1,1,alto
8,10000.0,1,0.0,1,1,1,0,0,0,0,0,0,0,0,0,0,alto
2,350000.0,8290,0.7750301568154403,3,5,1,0,0,1,1,1,1,0,1,0,0,alto
7,10000.0,147,0.9387755102040817,1,4,1,0,0,1,1,1,1,0,1,0,0,baixo
7,150000.0,2977,0.9193819281155525,10,2,1,1,0,5,1,0,0,1,0,0,0,baixo
2,10000.0,415,0.963855421686747,4,2,1,0,0,0,0,0,1,1,0,0,0,alto
2,0.0,0,0.0,1,2,1,0,0,0,0,0,0,1,0,0,0,gratuito
2,10000.0,221,0.8552036199095022,32,1,1,1,0,0,0,0,0,0,0,0,0,medio_baixo
1,10000.0,1,1.0,1,1,1,0,0,0,0,0,0,0,0,0,1,medio_alto
5,10000.0,45,0.5555555555555556,10,3,1,0,0,0,1,0,0,1,0,0,1,medio_alto
1,10000.0,225,0.88,5,5,1,0,0,0,1,0,1,1,1,1,0,alto
2,35000.0,1,0.0,1,2,1,0,0,0,0,0,0,1,1,0,0,medio_alto
5,10000.0,15,0.9333333333333333,4,2,1,0,0,0,0,0,0,0,0,1,0,baixo
2,10000.0,0,0.0,2,4,1,0,0,0,1,0,0,1,0,0,1,medio_baixo
6,35000.0,57,0.7017543859649122,1,1,1,0,0,0,0,0,0,1,0,0,0,medio_baixo
3,75000.0,1602,0.8302122347066168,13,3,1,0,0,0,1,1,1,0,0,0,0,medio_alto
4,3500000.0,21874,0.8169973484502149,11,2,1,0,0,6,0,0,0,0,1,1,0,alto
1,10000.0,45,0.6888888888888889,12,3,1,0,0,0,1,0,0,0,1,1,0,medio_alto
4,35000.0,31,0.9354838709677419,1,2,1,1,0,0,1,1,0,0,0,0,0,baixo
9,10000.0,95,0.8,1,2,1,1,0,1,1,0,1,0,0,0,0,baixo
1,0.0,0,0.0,1,5,1,1,1,0,1,1,1,1,0,0,0,gratuito
9,75000.0,478,0.9142259414225942,2,2,1,0,0,0,1,1,0,0,0,0,0,alto
1,0.0,0,0.0,103,2,1,0,0,0,1,0,1,0,0,0,0,medio_baixo
9,10000.0,27,0.9259259259259259,9,4,1,0,0,0,0,0,1,1,0,1,1,medio_baixo
6,10000.0,12,0.8333333333333334,1,3,1,0,0,0,1,0,0,0,0,0,1,gratuito
14,150000.0,987,0.7862208713272543,1,2,1,1,1,2,1,0,0,0,0,1,0,medio_baixo
1,0.0,0,0.0,1,4,1,0,0,0,0,0,0,0,0,1,1,gratuito
1,10000.0,1,1.0,1,3,1,0,1,0,1,1,0,1,0,0,0,alto
2,10000.0,39,0.717948717948718,1,5,1,0,0,0,1,1,1,0,1,1,0,medio_alto
2,0.0,0,0.0,2,8,1,0,0,0,0,1,1,1,1,1,1,gratuito
2,35000.0,52,0.9230769230769231,12,5,1,0,0,1,1,1,1,1,1,0,0,baixo
1,10000.0,22,1.0,2,3,1,0,0,0,1,0,0,1,0,1,0,baixo
6,10000.0,36,1.0,3,3,1,0,0,0,0,0,1,1,0,1,0,medio_baixo
2,10000.0,2,1.0,1,2,1,0,0,0,1,0,0,1,0,0,0,medio_alto
1,0.0,0,0.0,1,4,1,0,1,0,1,1,0,1,0,0,0,medio_baixo
3,10000.0,7,0.7142857142857143,1,3,1,0,0,0,1,0,0,0,1,0,0,alto
2,10000.0,4,0.75,1,3,1,0,0,0,1,1,1,0,0,0,0,medio_alto
4,10000.0,5,1.0,1,2,1,0,0,0,1,1,0,0,0,0,0,baixo
8,35000.0,313,0.8338658146964856,29,2,1,0,0,1,1,0,0,1,0,0,0,baixo
5,35000.0,1,1.0,1,3,1,0,0,0,1,1,1,0,0,0,0,medio_baixo
1,10000.0,6,0.8333333333333334,2,3,1,0,0,0,1,1,1,0,0,0,0,medio_baixo
8,35000.0,415,0.891566265060241,4,3,1,0,0,0,1,1,0,0,0,1,0,medio_alto
1,10000.0,98,0.6836734693877551,12,2,1,1,0,0,1,0,0,0,0,1,0,medio_alto
3,0.0,0,0.0,0,0,1,0,0,0,0,0,0,0,0,0,0,gratuito
5,10000.0,11,1.0,1,3,1,0,0,0,1,1,0,1,0,0,0,medio_alto
7,35000.0,142,0.8943661971830986,2,4,1,1,0,1,1,1,1,0,0,1,0,medio_alto
2,10000.0,139,0.8489208633093526,1,6,1,1,0,0,1,0,1,1,1,1,1,medio_alto
3,35000.0,7,0.5714285714285714,3,1,1,0,0,3,0,0,0,0,0,0,1,medio_alto
7,10000.0,14,0.6428571428571429,1,3,1,0,0,0,1,1,0,0,0,0,0,alto
2,10000.0,10,0.9,7,2,1,0,0,0,1,1,0,0,0,0,0,medio_alto
3,10000.0,8,0.875,1,3,1,0,0,0,0,1,1,0,0,0,0,gratuito
2,35000.0,726,0.931129476584022,2,5,1,0,0,1,1,1,1,1,1,0,0,medio_baixo
1,0.0,0,0.0,1,3,1,0,1,0,1,1,0,1,0,0,0,medio_alto
8,10000.0,16,0.8125,7,3,1,1,1,0,1,1,1,0,0,0,0,medio_baixo
8,10000.0,18,0.8888888888888888,1,4,1,0,0,0,1,0,1,1,1,0,0,medio_alto
11,35000.0,103,0.7669902912621359,8,2,1,0,0,0,1,1,0,0,0,0,0,medio_baixo
3,0.0,0,0.0,9,1,1,1,1,0,1,0,0,0,0,0,0,gratuito
8,10000.0,14,0.14285714285714285,5,1,1,0,0,0,0,0,0,1,0,0,0,baixo
3,10000.0,19,0.05263157894736842,2,4,1,0,0,0,1,0,1,0,0,0,1,alto
8,10000.0,1,1.0,2,4,1,0,0,0,1,1,1,0,1,0,0,medio_baixo
2,10000.0,2,0.0,1,1,1,0,0,0,1,0,0,0,0,0,0,alto
4,10000.0,14,0.8571428571428571,5,2,1,0,0,0,1,0,0,1,0,0,0,gratuito
1,10000.0,280,0.95,3,3,1,1,0,3,1,0,1,0,0,0,1,alto
10,10000.0,6,0.8333333333333334,1,6,1,0,0,0,1,0,1,1,1,1,0,alto
2,10000.0,2,1.0,3,3,1,0,0,0,1,1,1,0,0,0,0,medio_baixo
2,10000.0,20,0.9,1,4,1,0,0,0,1,1,0,1,1,0,0,medio_alto
4,10000.0,1,1.0,1,2,1,0,0,0,1,0,0,1,0,0,0,baixo
3,10000.0,1,1.0,2,3,1,1,0,0,1,0,0,1,0,1,0,baixo
1,0.0,0,0.0,0,0,1,0,0,0,0,0,0,0,0,0,0,gratuito
5,10000.0,7,0.5714285714285714,1,1,1,0,0,0,0,0,0,0,0,1,0,medio_baixo
1,10000.0,8,1.0,1,2,1,1,0,1,1,0,1,0,0,0,0,alto
4,10000.0,4,0.25,4,1,1,0,0,0,0,0,0,1,0,0,0,medio_baixo
8,35000.0,101,0.32673267326732675,29,4,1,0,0,1,1,0,1,1,0,0,0,baixo
5,10000.0,3,0.6666666666666666,1,1,1,0,0,0,0,0,0,0,0,1,0,medio_alto
3,10000.0,9,0.5555555555555556,1,1,1,0,0,0,0,0,0,0,0,0,0,baixo
1,10000.0,0,0.0,8,2,1,0,1,0,1,0,0,0,0,0,1,medio_alto
9,35000.0,121,0.8181818181818182,6,3,1,0,0,0,1,1,0,1,0,0,0,baixo
12,350000.0,5675,0.9288105726872247,1,2,1,1,1,0,1,1,0,0,0,0,0,gratuito
17,350000.0,977,0.8075742067553736,5,1,1,0,0,0,0,0,0,0,0,1,0,medio_baixo
16,350000.0,2535,0.6970414201183432,5,2,1,0,0,0,0,1,1,0,0,0,0,medio_baixo
1,0.0,0,0.0,1,2,1,0,1,0,1,1,0,0,0,0,0,medio_baixo
10,10000.0,32,0.8125,1,1,1,0,1,1,0,1,0,0,0,0,0,medio_baixo
2,10000.0,1,1.0,2,3,1,0,0,0,1,1,0,1,0,0,0,medio_alto
2,10000.0,3,0.6666666666666666,4,3,1,0,0,0,1,0,0,1,0,1,0,baixo
5,10000.0,0,0.0,1,6,1,0,0,0,1,1,1,1,1,0,1,baixo
3,0.0,0,0.0,0,0,1,0,0,0,0,0,0,0,0,0,0,gratuito
9,10000.0,29,0.896551724137931,1,2,1,0,0,0,0,1,1,0,0,0,0,medio_alto
4,10000.0,10,0.9,1,1,1,0,0,0,0,0,0,1,0,0,0,medio_alto
3,150000.0,7,0.7142857142857143,1,5,1,0,0,0,1,0,1,1,0,0,0,baixo
8,35000.0,31,0.8387096774193549,3,2,1,0,0,0,1,0,1,0,0,0,0,gratuito
15,750000.0,3102,0.908768536428111,1,4,1,1,1,0,1,1,0,0,1,1,0,medio_alto
1,10000.0,0,0.0,17,4,1,0,0,2,1,0,1,0,1,0,1,medio_alto
1,10000.0,0,0.0,1,2,1,0,0,0,0,1,0,1,0,0,0,medio_baixo
9,10000.0,45,0.7333333333333333,1,5,1,0,0,0,1,0,1,0,1,0,0,baixo
1,10000.0,0,0.0,1,2,1,0,0,0,0,1,0,1,0,0,0,baixo
3,35000.0,53,0.8113207547169812,4,3,1,0,0,0,1,0,1,1,0,0,0,baixo
11,350000.0,405,0.7185185185185186,1,2,1,1,1,1,1,0,0,1,0,0,0,medio_baixo
6,10000.0,4,1.0,1,3,1,0,0,0,1,1,0,1,0,0,0,medio_baixo
3,10000.0,2,0.5,1,2,1,0,0,0,1,0,1,0,0,0,0,baixo
10,10000.0,19,0.6842105263157895,11,1,1,1,1,0,0,1,0,0,0,0,0,medio_alto
12,10000.0,114,0.49122807017543857,2,3,1,0,0,0,0,1,1,0,0,0,1,baixo
9,10000.0,7,0.2857142857142857,1,2,1,0,0,0,1,0,0,0,0,0,1,alto
6,10000.0,163,0.6012269938650306,6,6,1,1,0,0,1,0,1,0,1,1,1,alto
2,10000.0,2,0.5,1,2,1,0,0,0,1,0,1,0,0,0,0,medio_baixo
5,35000.0,20,0.85,2,3,1,1,0,0,1,0,0,0,0,1,0,gratuito
2,10000.0,5,0.8,2,3,1,0,0,0,1,0,0,1,0,1,0,baixo
2,0.0,0,0.0,1,4,1,0,0,0,1,1,0,1,0,0,0,gratuito
6,75000.0,17,0.4117647058823529,1,2,1,0,0,0,1,0,0,1,0,0,0,gratuito
4,10000.0,0,0.0,8,3,1,0,1,1,1,0,0,1,0,0,1,baixo
4,10000.0,6,1.0,1,3,1,0,0,0,0,1,0,1,0,0,1,alto
1,10000.0,0,0.0,1,2,1,0,0,0,0,1,0,0,1,0,0,medio_baixo
9,150000.0,1496,0.8368983957219251,14,3,1,0,0,2,1,1,1,0,0,0,0,medio_baixo
9,35000.0,52,0.8269230769230769,1,4,1,0,0,0,1,1,0,1,0,0,0,gratuito
10,150000.0,413,0.5351089588377724,1,5,1,0,0,0,1,1,1,1,0,0,0,gratuito
2,0.0,0,0.0,9,3,1,1,1,0,0,0,1,0,0,1,0,gratuito
8,10000.0,7,0.8571428571428571,1,3,1,0,0,0,1,1,0,1,0,0,0,medio_baixo
4,35000.0,11,0.8181818181818182,2,4,1,0,0,0,1,1,0,1,0,0,0,medio_baixo
2,10000.0,4,0.5,1,4,1,0,0,0,0,1,0,0,0,1,0,gratuito
5,10000.0,24,0.7916666666666666,2,2,1,0,0,0,1,0,0,1,0,0,0,medio_baixo
1,10000.0,0,0.0,31,2,1,0,0,0,1,0,0,1,0,0,0,baixo
8,10000.0,1,0.0,2,5,1,1,0,0,1,0,1,0,0,1,1,gratuito
1,0.0,0,0.0,0,0,1,0,0,0,0,0,0,0,0,0,0,gratuito
1,0.0,0,0.0,0,0,1,0,0,0,0,0,0,0,0,0,0,gratuito
9,10000.0,199,0.7989949748743719,1,3,1,1,1,0,1,1,0,0,0,1,0,alto
9,35000.0,343,0.9329446064139941,5,2,1,0,0,0,1,0,1,0,0,0,0,alto
4,0.0,0,0.0,1,4,1,0,0,0,1,0,0,1,1,0,0,gratuito
1,0.0,0,0.0,2,2,1,0,0,0,1,0,0,1,0,0,0,medio_alto
3,150000.0,2259,0.8844621513944223,19,2,1,1,1,3,1,0,1,0,0,0,0,baixo
4,10000.0,16,0.8125,1,2,1,0,0,0,0,1,0,0,0,0,0,medio_baixo
2,10000.0,14,1.0,6,3,1,0,0,0,1,1,0,1,0,0,0,medio_alto
5,10000.0,0,0.0,1,2,1,0,0,0,1,0,0,1,0,0,0,medio_alto
3,10000.0,2,1.0,1,2,1,0,0,0,1,0,0,1,0,0,0,baixo
3,0.0,0,0.0,0,0,1,0,0,0,0,0,0,0,0,0,0,gratuito
1,10000.0,0,0.0,3,3,1,0,0,0,1,1,0,1,0,0,0,alto
1,10000.0,0,0.0,3,3,1,0,0,2,1,0,0,1,0,1,0,alto
2,10000.0,9,0.7777777777777778,3,1,1,0,0,0,0,0,0,1,0,0,0,medio_alto
4,10000.0,352,0.9460227272727273,1,3,1,1,0,0,1,0,1,0,1,0,0,medio_alto
2,0.0,0,0.0,1,3,1,0,0,0,1,0,0,0,0,1,0,gratuito
4,0.0,0,0.0,1,3,1,0,0,0,1,0,0,1,0,0,0,gratuito
4,10000.0,4,1.0,2,1,1,0,0,0,1,0,0,0,0,0,0,baixo
3,10000.0,2,0.5,1,2,1,0,0,0,0,0,1,1,0,0,0,medio_baixo
12,35000.0,164,0.4024390243902439,1,3,1,0,0,0,1,1,0,0,0,0,0,medio_baixo
3,10000.0,0,0.0,3,2,1,1,0,0,1,0,1,0,0,0,0,medio_alto
1,10000.0,0,0.0,10,2,1,0,0,0,1,0,0,1,0,0,0,baixo
2,10000.0,24,0.8333333333333334,4,4,1,1,0,0,1,0,1,1,0,1,0,medio_baixo
4,10000.0,3,1.0,1,3,1,0,0,0,1,0,0,1,0,0,0,baixo
1,0.0,0,0.0,1,5,1,0,0,0,1,0,0,1,0,1,1,gratuito
3,35000.0,124,0.7741935483870968,6,3,1,0,0,1,1,0,0,0,1,1,0,medio_alto
3,10000.0,16,0.9375,1,5,1,0,0,0,1,0,0,1,0,0,0,gratuito
7,10000.0,10,0.9,1,2,1,0,0,0,1,0,0,1,0,0,0,medio_alto
5,0.0,0,0.0,1,4,1,0,0,0,1,0,1,0,0,0,1,gratuito
7,35000.0,84,0.7619047619047619,1,4,1,0,0,0,1,0,0,1,0,0,1,gratuito
7,35000.0,38,0.8947368421052632,9,2,1,0,0,0,1,1,0,0,0,0,0,baixo
6,10000.0,1,1.0,1,3,1,1,0,0,1,0,0,1,0,0,0,medio_alto
2,0.0,0,0.0,0,0,1,0,0,0,0,0,0,0,0,0,0,gratuito
3,10000.0,8,0.75,1,1,1,0,0,0,0,1,0,0,0,0,0,baixo
5,10000.0,22,0.6818181818181818,29,3,1,0,0,0,0,1,1,1,0,0,0,baixo
9,10000.0,80,0.7875,1,2,1,0,0,5,1,0,1,0,0,0,0,gratuito
4,10000.0,0,0.0,1,1,1,0,0,0,0,0,1,0,0,0,0,baixo
2,35000.0,3,0.6666666666666666,3,1,1,0,0,0,0,0,0,0,0,0,1,baixo
1,10000.0,26,1.0,1,2,1,1,1,0,1,0,0,0,1,0,0,medio_alto
5,0.0,0,0.0,0,0,1,0,0,0,0,0,0,0,0,0,0,gratuito
3,0.0,0,0.0,1,2,1,0,0,0,1,0,0,1,0,0,0,gratuito
5,10000.0,4,0.25,1,3,1,0,0,0,1,0,0,0,0,0,1,alto
7,10000.0,12,0.5833333333333334,29,3,1,0,0,0,1,0,0,1,0,0,1,baixo
7,10000.0,0,0.0,1,3,1,0,0,0,1,0,1,0,1,0,0,baixo
4,10000.0,11,0.6363636363636364,3,5,1,0,0,0,1,1,1,0,1,0,0,baixo
6,35000.0,403,0.9627791563275434,1,3,1,0,0,1,1,1,1,0,0,0,0,medio_alto
8,10000.0,14,0.5714285714285714,1,4,1,1,1,0,0,0,1,1,0,0,0,alto
9,10000.0,12,0.6666666666666666,1,2,1,0,0,0,0,0,0,1,0,0,0,medio_baixo
11,350000.0,7186,0.5279710548288339,2,4,1,0,0,1,1,1,0,0,0,1,1,medio_alto
6,10000.0,0,0.0,1,3,1,0,0,0,1,1,1,0,0,0,0,medio_alto
7,35000.0,13,1.0,1,3,1,0,0,0,1,0,0,1,0,1,0,baixo
2,0.0,0,0.0,1,2,1,0,0,0,0,0,0,0,0,0,1,gratuito
2,10000.0,0,0.0,13,3,1,0,0,0,1,0,0,0,0,0,1,gratuito
10,750000.0,40,0.6,2,2,1,0,0,0,1,0,0,1,0,0,0,baixo
11,0.0,0,0.0,1,4,1,1,1,0,0,0,0,0,1,1,1,alto
8,10000.0,0,0.0,1,3,1,1,1,4,1,0,1,1,0,0,0,alto
8,10000.0,5,1.0,5,2,1,1,0,1,1,1,0,0,0,0,0,medio_baixo
2,10000.0,3,0.0,1,1,1,0,0,0,0,0,1,0,0,0,0,baixo
7,35000.0,622,0.8858520900321544,4,2,1,0,0,1,1,0,0,0,0,0,0,alto
10,75000.0,16,0.6875,1,1,1,0,0,0,0,0,0,0,0,0,0,alto
4,0.0,0,0.0,0,0,1,0,0,0,0,0,0,0,0,0,0,gratuito
1,0.0,0,0.0,5,1,1,0,0,0,1,0,0,0,0,0,0,medio_alto
1,10000.0,0,0.0,14,2,1,0,0,0,1,0,0,1,0,0,0,medio_baixo
11,75000.0,150,0.36666666666666664,1,4,1,1,1,0,1,1,0,1,0,0,1,baixo
2,10000.0,0,0.0,1,2,1,0,0,0,0,1,0,0,0,0,0,gratuito
6,150000.0,4,0.75,1,3,1,0,0,0,1,0,0,1,1,0,0,medio_alto
1,75000.0,2519,0.9479952362048432,23,2,1,0,0,2,0,1,1,0,0,0,0,alto
10,75000.0,217,0.6451612903225806,10,1,1,0,0,0,0,0,0,0,0,0,0,medio_alto
13,1500000.0,19811,0.9765281914088133,11,2,1,0,0,0,0,0,0,0,0,1,1,medio_baixo
3,0.0,0,0.0,0,0,1,0,0,0,0,0,0,0,0,0,0,gratuito
2,350000.0,5397,0.9277376320177877,15,5,1,0,0,0,1,1,0,1,0,1,1,alto
8,10000.0,59,0.711864406779661,10,2,1,0,0,1,1,1,0,0,0,0,0,baixo
1,0.0,0,0.0,0,0,1,0,0,0,0,0,0,0,0,0,0,gratuito
5,10000.0,11,1.0,2,3,1,0,0,0,1,0,0,1,0,1,0,medio_baixo
2,10000.0,0,0.0,1,3,1,0,0,0,1,1,0,0,0,0,0,gratuito
7,35000.0,6,1.0,1,1,1,0,0,0,0,0,0,0,1,0,0,alto
2,350000.0,6212,0.9018029620090148,11,1,1,0,0,2,0,0,1,0,0,0,0,alto
5,35000.0,58,0.6206896551724138,1,3,1,0,0,0,1,0,0,1,1,0,0,gratuito
1,10000.0,169,0.8165680473372781,2,7,1,0,0,0,1,0,0,1,1,0,1,alto
8,10000.0,23,0.5652173913043478,2,2,1,0,0,0,1,1,0,0,0,0,0,baixo
4,10000.0,0,0.0,1,1,1,0,0,0,0,1,0,0,0,0,0,gratuito
8,10000.0,1,1.0,1,2,1,0,0,0,1,0,0,0,1,0,0,medio_alto
9,10000.0,34,0.7941176470588235,1,2,1,1,0,0,1,0,0,0,0,0,1,alto
1,10000.0,2,1.0,1,7,1,0,0,0,1,1,1,0,0,1,1,gratuito
2,10000.0,2,1.0,1,3,1,0,0,0,1,1,0,0,0,0,0,alto
8,10000.0,63,0.873015873015873,2,5,1,0,0,0,1,1,1,1,0,0,0,medio_baixo
7,10000.0,50,0.56,2,4,1,0,0,0,1,0,1,1,0,1,0,medio_alto
1,10000.0,0,0.0,6,3,1,0,0,0,1,0,1,1,0,0,0,medio_baixo
1,10000.0,0,0.0,12,1,1,0,0,0,1,0,0,0,0,0,0,baixo
6,10000.0,7,1.0,1,2,1,0,0,0,1,1,0,0,0,0,0,gratuito
2,10000.0,0,0.0,1,1,1,0,0,0,0,0,0,1,0,0,0,baixo
3,10000.0,24,0.75,4,4,1,0,0,0,1,1,0,0,1,0,0,medio_baixo
1,0.0,0,0.0,1,3,1,0,1,0,1,0,0,1,0,0,0,gratuito
5,10000.0,11,0.45454545454545453,1,1,1,0,0,0,0,0,0,0,0,0,1,gratuito
9,10000.0,12,0.16666666666666666,1,3,1,0,0,0,1,1,1,0,0,0,0,alto
4,0.0,0,0.0,0,0,1,0,0,0,0,0,0,0,0,0,0,gratuito
6,10000.0,87,0.7701149425287356,1,5,1,0,0,1,1,1,1,1,0,0,0,baixo
2,10000.0,11,0.36363636363636365,1,2,1,0,0,0,1,0,0,0,0,0,1,medio_baixo
2,350000.0,6576,0.8591849148418491,16,2,1,0,0,1,0,0,0,0,0,0,1,alto
2,150000.0,72,0.5972222222222222,1,3,1,0,0,1,1,0,0,1,0,0,1,medio_alto
1,0.0,0,0.0,0,0,1,0,0,0,0,0,0,0,0,0,0,gratuito
3,10000.0,0,0.0,1,5,1,0,0,3,1,0,1,1,0,1,0,baixo
1,35000.0,92,0.5869565217391305,27,5,1,0,0,0,1,1,1,0,0,0,0,medio_baixo
1,0.0,0,0.0,0,0,1,0,0,0,0,0,0,0,0,0,0,gratuito
2,10000.0,0,0.0,1,1,1,1,1,0,0,0,1,0,0,0,0,medio_baixo
2,10000.0,4,0.5,1,5,1,0,0,1,1,1,1,0,0,0,1,alto
5,10000.0,27,0.8518518518518519,1,3,1,0,0,0,1,0,0,1,0,0,1,medio_alto
1,10000.0,0,0.0,6,5,1,0,0,0,1,0,0,1,0,1,1,alto
1,10000.0,0,0.0,1,2,1,0,0,0,1,0,0,0,0,1,0,medio_alto
6,10000.0,17,0.7647058823529411,1,1,1,0,0,0,0,0,0,1,0,0,0,medio_alto
1,10000.0,0,0.0,12,3,1,0,0,0,0,1,1,0,1,0,0,alto
4,35000.0,25,0.8,8,4,1,0,0,2,1,0,1,0,1,0,0,gratuito
1,10000.0,15,0.9333333333333333,1,4,1,0,0,0,1,1,1,1,0,0,0,baixo
1,0.0,0,0.0,0,0,1,0,0,0,0,0,0,0,0,0,0,gratuito
1,10000.0,0,0.0,9,4,1,0,0,0,1,0,1,1,0,1,0,medio_alto
5,0.0,0,0.0,4,2,1,0,0,0,0,1,0,0,0,0,0,gratuito
4,0.0,0,0.0,10,2,1,0,0,1,1,0,0,0,0,0,0,gratuito
1,0.0,0,0.0,7,3,1,0,0,0,1,1,0,1,0,0,0,medio_alto
4,10000.0,147,0.46938775510204084,5,5,1,0,0,0,1,1,1,1,0,0,1,alto
9,10000.0,26,0.38461538461538464,1,4,1,0,0,1,0,1,0,0,1,0,1,gratuito
4,0.0,0,0.0,11,4,1,0,0,0,1,1,1,0,0,0,0,gratuito
1,10000.0,0,0.0,4,3,1,1,1,1,1,1,1,0,0,0,0,medio_alto
5,0.0,0,0.0,0,0,1,0,0,0,0,0,0,0,0,0,0,gratuito
2,75000.0,1111,0.7074707470747075,17,4,1,0,0,0,1,1,1,0,0,0,0,medio_alto
17,10000.0,0,0.0,9,2,1,0,0,0,0,0,0,0,1,0,0,gratuito
1,10000.0,0,0.0,1,3,1,0,0,0,1,0,1,0,0,0,0,alto
3,75000.0,4,1.0,2,4,1,0,1,0,1,1,1,0,0,0,1,medio_baixo
5,10000.0,3,0.6666666666666666,1,1,1,0,0,0,1,0,0,0,0,0,0,baixo
2,10000.0,0,0.0,3,2,1,0,0,0,0,1,0,1,0,0,0,medio_alto
5,10000.0,5,0.8,1,3,1,0,0,0,1,1,1,0,0,0,0,alto
7,10000.0,10,0.6,1,3,1,0,0,0,1,1,1,0,0,0,0,alto
2,10000.0,3,0.3333333333333333,1,2,1,0,0,0,1,0,0,1,0,0,0,baixo
4,10000.0,7,1.0,1,1,1,0,0,0,1,0,0,0,0,0,0,gratuito
7,10000.0,115,0.8782608695652174,1,2,1,0,0,0,1,1,0,0,0,0,0,alto
4,75000.0,444,0.8265765765765766,1,3,1,0,0,0,1,0,0,0,0,1,1,medio_baixo
7,10000.0,1,1.0,4,3,1,0,0,0,1,1,1,0,0,0,0,alto
3,10000.0,244,0.8934426229508197,6,3,1,1,0,0,1,0,1,1,0,0,0,alto
9,75000.0,192,0.8385416666666666,1,2,1,0,0,0,1,0,0,1,0,0,0,baixo
6,10000.0,31,0.8387096774193549,1,3,1,0,0,0,1,1,1,0,0,0,0,baixo
6,75000.0,731,0.9411764705882353,9,4,1,0,0,0,1,0,1,1,0,0,1,gratuito
9,10000.0,83,0.39759036144578314,1,3,1,0,0,0,0,0,0,1,0,0,1,medio_alto
4,35000.0,216,0.5462962962962963,7,4,1,0,0,3,1,0,1,0,1,1,0,medio_alto
1,10000.0,33,0.5454545454545454,1,3,1,0,0,0,1,1,1,0,0,0,0,medio_baixo
1,10000.0,2,1.0,2,3,1,0,0,1,1,0,1,0,0,0,0,medio_alto
1,10000.0,0,0.0,1,4,1,0,0,0,1,1,1,0,0,0,0,medio_baixo
7,10000.0,162,0.7283950617283951,3,3,1,0,0,1,1,0,1,0,1,0,0,medio_alto
4,10000.0,0,0.0,2,2,1,0,0,0,1,0,0,1,0,0,0,medio_alto
1,10000.0,0,0.0,1,5,1,0,0,0,1,1,1,0,1,0,0,alto
1,10000.0,0,0.0,1,2,1,0,1,0,1,0,0,1,0,0,0,baixo
5,10000.0,24,0.625,1,1,1,0,0,0,0,1,0,0,0,0,0,medio_alto
7,150000.0,361,0.5734072022160664,14,4,1,0,0,0,1,0,0,1,0,0,1,gratuito
7,10000.0,23,0.6956521739130435,4,1,1,1,0,0,0,0,0,1,0,0,0,medio_baixo
4,0.0,0,0.0,1,5,1,0,0,0,1,1,1,0,1,0,0,gratuito
5,10000.0,2,1.0,1,1,1,0,0,0,0,0,0,1,0,0,0,baixo
1,10000.0,0,0.0,1,5,1,0,0,0,1,1,1,0,1,1,0,medio_alto
1,0.0,0,0.0,0,0,1,0,0,0,0,0,0,0,0,0,0,gratuito
1,0.0,0,0.0,1,2,1,0,0,0,1,1,0,0,0,0,0,medio_baixo
1,0.0,0,0.0,1,2,1,0,0,0,0,0,0,0,1,0,0,gratuito
3,0.0,0,0.0,0,0,1,0,0,0,0,0,0,0,0,0,0,gratuito
2,10000.0,316,0.990506329113924,1,3,1,1,1,1,1,1,1,0,0,0,0,alto
3,0.0,0,0.0,0,0,1,0,0,0,0,0,0,0,0,0,0,gratuito
5,10000.0,28,0.5357142857142857,29,2,1,0,0,0,1,0,0,1,0,0,0,baixo
2,35000.0,1204,0.9933554817275747,1,3,1,0,0,2,1,0,1,1,0,0,0,alto
5,10000.0,36,0.8333333333333334,1,2,1,0,0,0,1,0,0,0,0,0,0,baixo
9,10000.0,43,0.7906976744186046,1,1,1,0,0,1,1,0,0,0,0,0,0,gratuito
7,10000.0,2,1.0,2,3,1,0,0,0,1,1,0,1,0,0,0,medio_alto
10,10000.0,29,0.8275862068965517,1,2,1,0,0,0,0,0,1,1,0,0,0,alto
2,10000.0,0,0.0,1,2,1,1,0,0,1,1,0,0,0,0,0,alto
2,0.0,0,0.0,0,0,1,0,0,0,0,0,0,0,0,0,0,gratuito
6,10000.0,21,0.9047619047619048,1,3,1,0,0,0,1,0,0,1,0,1,0,baixo
4,10000.0,0,0.0,1,2,1,0,0,0,1,0,1,0,0,0,0,alto
2,0.0,0,0.0,103,9,1,1,1,0,1,1,1,1,1,1,1,alto
7,35000.0,442,0.9660633484162896,1,4,1,0,0,0,1,0,1,0,1,0,0,gratuito
5,75000.0,4250,0.9465882352941176,1,3,1,0,0,0,1,1,0,1,0,0,0,baixo
5,10000.0,3,0.3333333333333333,3,1,1,0,1,0,0,1,0,0,0,0,0,medio_baixo
5,10000.0,0,0.0,1,2,1,0,0,0,1,0,0,1,0,0,0,medio_baixo
4,10000.0,0,0.0,4,4,1,1,1,1,1,0,0,0,1,0,0,gratuito
4,10000.0,88,0.8522727272727273,1,3,1,0,0,0,1,0,0,1,0,0,0,medio_alto
6,10000.0,9,0.7777777777777778,1,3,1,0,0,0,1,1,0,1,0,0,0,medio_alto
5,10000.0,7,0.7142857142857143,1,2,1,0,0,0,1,0,0,1,0,0,0,medio_baixo
3,35000.0,8,0.875,1,1,1,0,0,0,1,0,0,0,0,0,0,medio_alto
3,10000.0,6,0.8333333333333334,1,3,1,0,0,0,1,0,0,1,0,0,0,gratuito
16,75000.0,390,0.8333333333333334,5,2,1,0,0,0,0,0,0,1,1,0,0,gratuito
3,0.0,0,0.0,0,0,1,0,0,0,0,0,0,0,0,0,0,gratuito
2,0.0,0,0.0,0,0,1,0,0,0,0,0,0,0,0,0,0,gratuito
1,10000.0,0,0.0,1,3,1,1,0,1,1,1,0,1,0,0,0,baixo
7,10000.0,17,0.35294117647058826,4,2,1,1,0,0,0,0,1,1,0,0,0,medio_alto
2,350000.0,1899,0.9605055292259084,1,3,1,0,0,0,0,0,1,1,0,1,0,medio_baixo
8,10000.0,20,0.7,1,2,1,0,0,0,1,1,0,0,0,0,0,medio_alto
4,75000.0,183,0.7759562841530054,8,1,1,0,0,0,0,0,0,0,0,1,0,gratuito
6,10000.0,1,1.0,1,6,1,0,0,0,1,1,0,1,0,1,1,alto
5,75000.0,61,0.819672131147541,1,3,1,0,0,0,1,1,0,1,0,0,0,gratuito
6,10000.0,21,0.5714285714285714,1,3,1,0,0,0,0,1,0,1,0,0,1,medio_baixo
8,75000.0,295,0.8745762711864407,8,2,1,0,0,1,1,1,0,0,0,0,0,baixo
2,10000.0,137,0.781021897810219,8,4,1,0,0,0,1,1,1,0,1,0,0,alto
9,10000.0,301,0.8172757475083057,1,4,1,1,1,2,1,0,1,1,0,0,0,gratuito
1,0.0,0,0.0,1,7,1,0,0,0,1,1,1,1,1,0,1,medio_baixo
5,10000.0,123,0.943089430894309,5,1,1,0,0,0,0,0,0,1,0,0,0,medio_alto
10,10000.0,59,0.6610169491525424,1,2,1,0,0,0,1,0,0,0,0,0,0,alto
8,35000.0,257,0.9299610894941635,2,4,1,0,0,0,1,1,1,0,0,0,0,gratuito
5,10000.0,31,0.5161290322580645,1,1,1,0,0,0,0,0,0,0,0,0,0,alto
2,10000.0,46,0.9130434782608695,8,3,1,0,0,0,1,0,1,1,0,0,0,medio_baixo
1,10000.0,0,0.0,3,2,1,0,0,0,0,0,0,1,0,1,0,medio_alto
2,0.0,0,0.0,103,1,1,0,0,0,0,0,0,1,0,0,0,baixo
2,10000.0,3,1.0,1,1,1,0,0,0,0,0,0,0,0,1,0,medio_alto
4,35000.0,617,0.9611021069692058,3,2,1,0,0,0,0,0,1,1,0,0,0,alto
1,10000.0,0,0.0,1,6,1,1,0,0,1,1,1,0,1,1,1,alto
11,35000.0,84,0.7142857142857143,1,1,1,0,0,0,0,1,0,0,0,0,0,alto
9,10000.0,31,0.41935483870967744,1,4,1,0,0,0,1,1,0,1,0,0,0,medio_baixo
4,10000.0,4,0.5,9,1,1,0,0,0,0,0,0,0,0,0,0,alto
3,10000.0,11,0.8181818181818182,4,3,1,0,0,0,1,1,0,0,1,0,0,baixo
3,10000.0,3,1.0,1,4,1,0,0,0,0,1,1,0,0,0,1,alto
2,10000.0,483,0.8964803312629399,2,4,1,0,0,0,1,0,0,1,1,0,1,alto
1,0.0,0,0.0,0,0,1,0,0,0,0,0,0,0,0,0,0,gratuito
10,75000.0,544,0.9025735294117647,26,2,1,1,1,0,1,1,0,0,0,0,0,medio_baixo
10,75000.0,512,0.78515625,10,1,1,0,0,0,1,0,0,0,0,0,0,baixo
5,0.0,0,0.0,1,3,1,0,0,0,1,0,0,1,0,0,0,gratuito
2,10000.0,5,1.0,8,3,1,0,0,1,1,1,1,0,0,0,0,medio_alto
5,10000.0,10,0.2,4,1,1,0,0,0,0,0,0,1,0,0,0,medio_alto
2,10000.0,21,0.6190476190476191,1,2,1,0,0,0,0,1,0,0,0,0,0,gratuito
3,10000.0,14,0.8571428571428571,2,5,1,0,0,0,1,1,0,1,0,0,1,medio_alto
3,35000.0,27,0.9259259259259259,3,3,1,0,0,0,1,0,1,0,1,0,0,medio_baixo
6,10000.0,2,1.0,8,2,1,0,0,0,1,1,0,0,0,0,0,alto
1,10000.0,0,0.0,1,3,1,0,1,0,0,1,0,0,0,1,1,medio_alto
2,10000.0,0,0.0,1,3,1,0,0,0,1,1,1,0,0,0,0,gratuito
3,10000.0,17,1.0,2,2,1,0,0,0,1,0,0,0,0,1,0,medio_alto
8,10000.0,4,0.25,1,1,1,0,0,0,0,1,0,0,0,0,0,baixo
3,0.0,0,0.0,11,3,1,0,0,0,1,1,1,0,0,0,0,gratuito
6,10000.0,40,0.9,1,4,1,0,0,0,1,1,0,1,0,0,0,gratuito
5,10000.0,38,0.5,2,4,1,0,0,0,1,1,1,1,0,0,0,medio_baixo
1,10000.0,0,0.0,6,2,1,0,0,0,1,0,0,1,0,0,0,medio_alto
4,10000.0,7,0.42857142857142855,1,3,1,0,0,0,0,1,1,0,1,0,0,medio_baixo
7,35000.0,301,0.9700996677740864,1,3,1,0,0,0,1,1,0,0,0,0,1,gratuito
3,0.0,0,0.0,103,2,1,0,0,0,1,0,0,1,0,0,0,medio_baixo
6,10000.0,10,0.6,1,2,1,1,0,0,0,1,0,0,0,0,0,gratuito
1,0.0,0,0.0,2,6,1,0,0,0,1,1,1,1,0,1,0,baixo
2,0.0,0,0.0,103,1,1,0,0,0,0,0,0,1,0,0,0,baixo
9,35000.0,317,0.5488958990536278,9,4,1,1,0,0,1,1,1,0,1,0,0,baixo
6,75000.0,1301,0.7778631821675634,3,1,1,0,0,0,1,0,0,0,0,0,0,alto
10,35000.0,419,0.863961813842482,4,2,1,1,1,0,1,0,0,0,0,0,1,baixo
3,10000.0,25,0.56,26,1,1,0,0,0,0,0,1,0,0,0,0,medio_baixo
4,10000.0,15,0.8666666666666667,103,1,1,0,0,0,1,0,0,0,0,0,0,baixo
8,75000.0,148,0.8716216216216216,1,3,1,0,0,0,0,0,0,1,0,0,1,gratuito
2,10000.0,0,0.0,3,2,1,0,0,0,1,0,1,0,0,0,0,medio_baixo
3,10000.0,99,0.9090909090909091,17,5,1,0,1,1,1,1,1,0,1,1,0,alto
1,10000.0,0,0.0,10,2,1,0,0,0,1,0,0,1,0,0,0,medio_baixo
2,10000.0,0,0.0,1,6,1,0,0,0,1,1,1,1,1,0,0,medio_alto
3,10000.0,12,0.9166666666666666,1,3,1,0,0,0,0,0,0,0,1,1,0,alto
5,10000.0,13,0.7692307692307693,1,2,1,0,0,0,1,1,0,0,0,0,0,baixo
1,10000.0,0,0.0,1,2,1,0,0,0,1,0,0,1,0,0,0,baixo
2,10000.0,5,1.0,1,3,1,0,0,0,1,1,1,0,0,0,0,medio_alto
9,10000.0,36,0.8055555555555556,12,2,1,0,0,0,1,1,0,0,0,0,0,alto
4,0.0,0,0.0,1,4,1,0,0,0,0,1,0,0,0,0,0,gratuito
5,75000.0,6,0.8333333333333334,1,3,1,0,0,0,1,0,0,1,0,1,0,medio_alto
4,0.0,0,0.0,0,0,1,0,0,0,0,0,0,0,0,0,0,gratuito
4,0.0,0,0.0,0,0,1,0,0,0,0,0,0,0,0,0,0,gratuito
5,35000.0,96,0.625,6,4,1,0,0,0,1,1,1,0,0,0,1,medio_baixo
7,35000.0,125,0.792,9,2,1,1,1,0,0,0,1,1,0,0,0,medio_baixo
3,10000.0,22,1.0,2,2,1,0,0,0,1,1,0,0,0,0,0,medio_baixo
7,10000.0,0,0.0,1,3,1,0,0,49,1,0,0,1,0,0,1,baixo
2,10000.0,32,0.84375,8,3,1,1,0,0,1,0,1,1,0,0,0,baixo
6,10000.0,8,1.0,1,5,1,0,0,0,1,0,0,0,0,0,0,gratuito
3,10000.0,8,0.875,1,3,1,0,0,0,1,0,1,0,1,0,0,gratuito
18,750000.0,5732,0.84804605722261,5,1,1,0,0,0,0,1,0,0,0,0,0,medio_baixo
8,10000.0,28,0.32142857142857145,2,8,1,0,0,0,1,1,1,1,1,1,1,baixo
1,10000.0,0,0.0,1,2,1,0,0,0,1,0,0,0,0,0,0,medio_alto
8,10000.0,43,0.7209302325581395,3,2,1,0,0,0,0,0,0,1,0,0,1,medio_alto
4,10000.0,19,0.7368421052631579,3,2,1,0,0,0,1,0,1,0,0,0,0,medio_baixo
11,10000.0,15,0.7333333333333333,1,1,1,1,1,0,1,0,0,0,0,0,0,baixo
1,10000.0,1,0.0,1,4,1,0,0,0,1,1,1,1,0,0,0,baixo
9,10000.0,473,0.7928118393234672,7,2,1,1,1,2,1,0,0,1,0,0,0,medio_alto
9,10000.0,117,0.8717948717948718,1,5,1,0,0,1,1,1,0,1,0,0,0,medio_alto
5,150000.0,369,0.8672086720867209,102,3,1,0,0,0,1,0,0,1,0,0,0,baixo
5,10000.0,93,0.7526881720430108,3,6,1,0,0,0,1,1,1,0,1,1,1,medio_baixo
1,35000.0,82,0.7926829268292683,1,2,1,1,1,0,1,0,0,0,0,1,0,alto
9,350000.0,3248,0.9498152709359606,1,3,1,1,1,1,1,0,0,1,0,1,0,alto
10,350000.0,583,0.758147512864494,1,3,1,1,1,0,1,1,0,1,0,0,0,baixo
9,35000.0,68,0.8529411764705882,2,2,1,0,0,0,1,0,0,1,0,0,0,medio_baixo
2,35000.0,2,0.5,1,1,1,1,0,0,0,1,0,0,0,0,0,baixo
5,10000.0,5,1.0,1,4,1,0,0,1,1,0,1,1,1,0,0,medio_alto
1,0.0,0,0.0,1,3,1,0,0,0,1,0,1,0,0,0,0,gratuito
8,10000.0,51,0.6862745098039216,1,4,1,0,0,1,1,1,1,0,1,0,0,medio_baixo
5,10000.0,1782,0.9006734006734006,8,4,1,1,0,1,1,0,1,0,1,1,0,alto
10,10000.0,46,0.717391304347826,1,5,1,0,1,1,1,0,1,0,1,1,1,alto
5,150000.0,293,0.9283276450511946,8,2,1,1,1,0,1,0,1,0,0,0,0,alto
2,0.0,0,0.0,1,4,1,0,0,0,1,0,0,1,1,0,0,gratuito
2,0.0,0,0.0,0,0,1,0,0,0,0,0,0,0,0,0,0,gratuito
10,750000.0,26611,0.9624967118860621,3,1,1,1,1,0,0,0,1,0,0,0,0,alto
9,10000.0,72,0.6805555555555556,1,4,1,0,0,0,1,0,1,1,0,0,1,medio_baixo
1,0.0,0,0.0,1,3,1,1,0,0,0,0,0,1,0,0,0,gratuito
2,0.0,0,0.0,3,4,1,0,0,0,1,1,0,1,0,0,0,gratuito
3,10000.0,34,0.7058823529411765,1,3,1,0,0,0,1,1,0,0,1,0,0,medio_baixo
3,10000.0,1,1.0,25,1,1,0,0,0,1,0,0,0,0,0,0,medio_baixo
7,10000.0,56,0.6428571428571429,8,2,1,0,0,0,1,1,0,0,0,0,0,baixo
4,10000.0,1,0.0,1,3,1,0,0,0,1,1,0,1,0,0,0,medio_baixo
5,10000.0,28,0.75,1,2,1,0,0,0,1,0,1,0,0,0,0,medio_baixo
2,0.0,0,0.0,0,0,1,0,0,0,0,0,0,0,0,0,0,gratuito
3,0.0,0,0.0,0,0,1,0,0,0,0,0,0,0,0,0,0,gratuito
2,10000.0,61,0.5573770491803278,7,3,1,0,0,0,1,1,1,0,0,0,0,medio_baixo
1,0.0,0,0.0,0,0,1,0,0,0,0,0,0,0,0,0,0,gratuito
10,10000.0,7,0.5714285714285714,1,3,1,0,0,1,1,0,0,1,0,1,0,medio_alto
9,350000.0,1017,0.6804326450344149,1,3,1,0,0,6,1,1,0,0,0,0,0,gratuito
1,0.0,0,0.0,1,6,1,0,0,0,1,1,0,1,0,0,1,gratuito
7,35000.0,1,1.0,1,1,1,0,0,0,0,0,0,1,0,0,0,baixo
2,10000.0,1,1.0,1,2,1,0,0,0,1,1,0,0,0,0,0,medio_baixo
2,10000.0,4,0.75,1,1,1,0,0,0,0,0,0,0,0,0,1,medio_baixo
1,0.0,0,0.0,1,3,1,0,0,0,1,0,0,0,0,0,1,alto
12,35000.0,157,0.6751592356687898,1,1,1,0,0,0,0,0,1,0,0,0,0,baixo
5,10000.0,0,0.0,1,4,1,0,0,0,1,0,0,0,0,0,1,gratuito
3,10000.0,59,0.6949152542372882,7,3,1,0,0,0,1,0,0,1,0,0,1,medio_baixo
4,10000.0,7,0.7142857142857143,1,3,1,0,0,0,1,0,0,1,0,0,0,medio_alto
7,10000.0,1,1.0,1,1,1,1,1,0,1,0,0,0,0,0,0,alto
4,75000.0,2,0.5,1,5,1,0,0,0,1,1,1,0,1,1,0,medio_baixo
3,10000.0,16,0.9375,8,3,1,0,0,0,0,1,0,1,0,1,0,medio_baixo
1,0.0,0,0.0,0,0,1,0,0,0,0,0,0,0,0,0,0,gratuito
10,350000.0,6493,0.847990143231172,19,2,1,0,0,0,1,1,0,0,0,0,0,medio_baixo
6,10000.0,6,0.5,1,1,1,1,0,0,0,1,0,0,0,0,0,medio_baixo
4,0.0,0,0.0,1,3,1,0,0,0,1,0,1,0,0,0,0,gratuito
1,0.0,0,0.0,1,2,1,0,0,0,0,0,1,0,0,0,0,gratuito
7,35000.0,143,0.951048951048951,1,2,1,1,1,0,1,0,1,0,0,0,0,alto
2,35000.0,203,0.812807881773399,2,2,1,0,0,0,0,0,0,0,1,0,1,medio_alto
1,10000.0,0,0.0,1,3,1,0,0,0,1,1,1,0,0,0,0,medio_alto
3,10000.0,4,0.5,1,3,1,1,1,3,1,0,0,1,1,0,0,medio_baixo
6,10000.0,0,0.0,1,2,1,0,0,0,1,0,0,1,0,0,0,alto
7,350000.0,3479,0.9232538085656798,1,3,1,0,0,0,1,0,1,0,0,1,0,gratuito
3,10000.0,4,0.75,1,6,1,0,1,0,1,1,1,1,0,1,1,medio_alto
2,10000.0,0,0.0,2,3,1,0,0,0,1,0,0,1,0,1,0,alto
4,35000.0,53,0.4716981132075472,1,3,1,0,0,0,1,1,1,0,0,0,0,baixo
1,0.0,0,0.0,0,0,1,0,0,0,0,0,0,0,0,0,0,gratuito
4,75000.0,764,0.6649214659685864,9,3,1,0,1,1,1,1,0,0,1,0,0,medio_alto
12,150000.0,260,0.6961538461538461,5,1,1,0,0,0,0,0,1,0,0,0,0,medio_baixo
1,0.0,0,0.0,1,2,1,0,0,0,1,0,0,1,0,0,0,medio_baixo
9,35000.0,184,0.6956521739130435,2,2,1,1,1,0,1,0,1,0,0,0,0,medio_baixo
2,10000.0,0,0.0,3,1,1,0,0,5,0,0,0,1,0,0,0,baixo
8,10000.0,36,0.8055555555555556,2,2,1,0,0,0,1,0,0,1,0,0,0,medio_alto
3,750000.0,22707,0.887215396133351,12,2,1,0,0,3,0,1,1,0,0,0,0,alto
1,0.0,0,0.0,1,3,1,0,0,1,1,1,0,0,0,0,0,gratuito
1,10000.0,0,0.0,1,1,1,0,0,0,0,0,0,0,0,1,0,alto
1,10000.0,0,0.0,1,4,1,0,0,0,0,1,1,0,1,1,0,medio_alto
11,750000.0,1390,0.44532374100719424,2,6,1,0,0,0,0,1,0,0,1,1,1,gratuito
5,10000.0,23,0.6521739130434783,1,5,1,0,0,1,1,0,1,1,0,0,1,gratuito
6,10000.0,53,0.7924528301886793,5,3,1,0,0,1,1,0,1,1,0,0,0,medio_baixo
1,0.0,0,0.0,1,2,1,1,0,1,0,1,0,0,0,0,0,gratuito
8,10000.0,6,1.0,1,4,1,0,0,0,1,1,1,1,0,0,0,medio_alto
1,0.0,0,0.0,0,0,1,0,0,0,0,0,0,0,0,0,0,gratuito
6,75000.0,20,0.95,1,4,1,0,0,0,1,1,0,0,1,1,0,baixo
4,10000.0,1,0.0,1,1,1,0,0,0,0,0,0,1,0,0,0,gratuito
9,75000.0,54,0.5740740740740741,1,3,1,0,0,0,0,0,1,0,1,1,0,baixo
4,35000.0,1505,0.840531561461794,3,4,1,0,0,1,1,0,0,1,0,1,1,alto
2,10000.0,17,1.0,5,2,1,0,1,0,1,1,0,0,0,0,0,alto
6,10000.0,55,0.8,103,1,1,0,0,0,0,0,0,0,0,0,1,baixo
6,10000.0,0,0.0,1,1,1,0,0,0,0,0,0,1,0,0,0,medio_baixo
12,1500000.0,268,0.6455223880597015,1,4,1,0,0,1,1,0,1,0,1,0,1,baixo
4,10000.0,5,1.0,1,3,1,0,0,0,1,1,1,0,0,0,0,alto
4,10000.0,57,0.9298245614035088,11,4,1,0,0,0,1,1,1,1,0,0,0,baixo
4,10000.0,81,0.9135802469135802,7,3,1,0,0,0,1,1,1,0,0,0,0,baixo
5,10000.0,24,0.7083333333333334,1,4,1,0,0,0,1,1,1,0,1,0,0,medio_baixo
2,10000.0,0,0.0,11,4,1,0,0,1,1,1,0,1,0,0,0,baixo
9,10000.0,7,0.2857142857142857,2,3,1,0,0,0,1,1,0,0,0,0,0,medio_baixo
8,10000.0,7,0.7142857142857143,1,5,1,0,0,0,1,1,1,0,0,0,0,medio_baixo
8,10000.0,29,0.3103448275862069,1,3,1,0,0,0,1,0,0,1,0,1,0,baixo
9,10000.0,1,0.0,1,3,1,1,0,0,0,1,1,0,0,0,1,alto
5,10000.0,28,0.7142857142857143,1,2,1,0,0,0,1,0,0,1,0,0,0,medio_alto
12,150000.0,1480,0.9081081081081082,3,1,1,0,1,0,0,0,1,0,0,0,0,baixo
2,0.0,0,0.0,0,0,1,0,0,0,0,0,0,0,0,0,0,gratuito
6,10000.0,662,0.6389728096676737,10,1,1,0,0,0,0,1,0,0,0,0,0,baixo
5,35000.0,189,0.8994708994708994,20,3,1,0,0,0,1,1,1,0,0,0,0,medio_alto
2,0.0,0,0.0,1,2,1,0,0,0,0,0,0,0,1,0,0,gratuito
1,0.0,0,0.0,0,0,1,0,0,0,0,0,0,0,0,0,0,gratuito
1,0.0,0,0.0,1,5,1,0,0,0,1,0,1,1,0,0,0,gratuito
9,10000.0,7,0.5714285714285714,1,4,1,1,1,0,1,1,1,0,1,0,0,medio_alto
11,35000.0,83,0.7349397590361446,12,2,1,1,1,0,0,0,1,1,0,0,0,alto
15,75000.0,130,0.47692307692307695,4,1,1,0,0,0,0,0,0,0,0,1,0,baixo
4,10000.0,167,0.9401197604790419,1,1,1,0,0,0,0,0,0,1,0,0,0,baixo
2,10000.0,1,1.0,2,7,1,0,0,0,1,1,1,1,0,0,1,medio_baixo
10,150000.0,1429,0.9118264520643807,1,3,1,1,1,0,1,1,1,0,0,0,0,baixo
5,10000.0,43,0.813953488372093,3,4,1,0,0,1,1,1,1,0,1,0,0,alto
1,0.0,0,0.0,1,3,1,0,0,0,1,0,0,1,1,0,0,medio_baixo
3,35000.0,279,0.9175627240143369,14,2,1,0,0,2,1,0,0,1,0,0,0,medio_baixo
5,10000.0,0,0.0,2,2,1,0,0,0,1,1,0,0,0,0,0,alto
1,0.0,0,0.0,1,3,1,0,0,1,1,0,0,1,0,0,0,gratuito
1,10000.0,0,0.0,2,4,1,0,0,0,1,1,1,0,1,0,0,alto
6,10000.0,282,0.8191489361702128,4,1,1,0,0,2,0,0,0,0,1,0,0,alto
1,0.0,0,0.0,1,3,1,0,0,0,1,0,0,1,0,0,1,baixo
7,75000.0,3059,0.9097744360902256,5,3,1,0,0,0,1,1,1,0,0,0,0,medio_alto
8,1500000.0,17577,0.6976730955225579,4,6,1,0,0,1,1,1,0,0,1,0,0,gratuito
5,10000.0,0,0.0,1,3,1,0,0,0,1,0,0,1,0,0,0,alto
1,0.0,0,0.0,0,0,1,0,0,0,0,0,0,0,0,0,0,gratuito
1,0.0,0,0.0,103,4,1,0,0,0,1,1,1,1,0,0,0,baixo
3,10000.0,0,0.0,12,1,1,0,0,1,0,0,0,0,0,0,1,baixo
2,0.0,0,0.0,0,0,1,0,0,0,0,0,0,0,0,0,0,gratuito
6,10000.0,12,0.8333333333333334,1,1,1,0,0,0,0,0,0,1,0,0,0,baixo
1,0.0,0,0.0,1,4,1,0,0,0,1,0,0,1,0,1,1,baixo
3,35000.0,3,0.3333333333333333,1,2,1,0,0,0,1,0,1,0,0,0,0,medio_alto
4,0.0,0,0.0,1,6,1,1,1,0,1,1,1,1,0,0,0,gratuito
3,0.0,0,0.0,0,0,1,0,0,0,0,0,0,0,0,0,0,gratuito
7,10000.0,6,0.3333333333333333,1,1,1,0,0,0,1,0,0,0,0,0,0,baixo
8,10000.0,19,0.7894736842105263,1,2,1,1,1,0,0,0,0,0,0,1,1,medio_baixo
3,10000.0,1,0.0,1,2,1,0,0,0,0,0,0,1,0,0,0,alto
5,10000.0,23,0.9130434782608695,1,2,1,0,0,0,1,0,0,1,0,0,0,medio_alto
1,10000.0,0,0.0,103,4,1,0,0,0,1,1,1,1,0,0,0,medio_baixo
2,10000.0,0,0.0,27,4,1,0,0,11,1,0,1,1,0,0,1,medio_alto
3,10000.0,33,0.7575757575757576,1,4,1,1,0,0,1,0,1,0,0,1,1,alto
1,0.0,0,0.0,2,3,1,0,0,0,1,1,0,0,0,0,1,alto
4,10000.0,4,0.25,5,2,1,0,0,0,0,0,0,1,1,0,0,medio_baixo
6,10000.0,6,1.0,1,3,1,0,0,0,1,1,1,0,0,0,0,baixo
1,10000.0,83,1.0,3,2,1,1,1,0,1,0,0,1,0,0,0,alto
1,10000.0,31,0.9032258064516129,8,2,1,1,1,0,1,0,0,0,1,0,0,alto
4,10000.0,60,0.6333333333333333,1,3,1,0,0,0,1,1,1,0,0,0,0,baixo
1,0.0,0,0.0,0,0,1,0,0,0,0,0,0,0,0,0,0,gratuito
1,0.0,0,0.0,0,0,1,0,0,0,0,0,0,0,0,0,0,gratuito
1,0.0,0,0.0,1,4,1,0,0,0,1,1,1,0,0,0,0,gratuito
5,10000.0,12,0.9166666666666666,1,2,1,0,0,0,0,0,0,0,1,1,0,gratuito
3,10000.0,0,0.0,1,6,1,0,0,0,1,0,1,1,1,1,1,medio_baixo
2,10000.0,0,0.0,2,1,1,0,0,0,0,0,1,0,0,0,0,medio_baixo
1,10000.0,0,0.0,5,1,1,0,0,1,1,0,0,0,0,0,0,medio_alto
1,10000.0,32,0.78125,1,7,1,1,0,0,1,1,1,1,0,1,1,alto
1,10000.0,0,0.0,1,4,1,0,0,0,1,1,1,0,1,0,0,alto
2,10000.0,104,0.9038461538461539,1,3,1,0,0,0,1,0,0,0,0,1,1,medio_baixo
5,10000.0,4,0.25,1,1,1,0,0,0,0,0,0,0,0,0,0,medio_baixo
4,0.0,0,0.0,0,0,1,0,0,0,0,0,0,0,0,0,0,gratuito
5,10000.0,734,0.7397820163487738,9,4,1,0,0,1,1,0,0,1,0,1,1,alto
1,10000.0,0,0.0,31,2,1,0,0,0,1,0,0,1,0,0,0,baixo
19,750000.0,3334,0.640371925614877,5,1,1,0,0,0,0,1,0,0,0,0,0,gratuito
6,3500000.0,30264,0.7254493787998942,12,2,1,0,0,0,0,1,1,0,0,0,0,medio_alto
2,10000.0,0,0.0,1,1,1,0,0,0,0,1,0,0,0,0,0,medio_alto
7,10000.0,50,0.72,1,2,1,0,0,0,1,0,0,0,0,0,1,medio_alto
2,10000.0,2,0.5,1,1,1,0,0,0,0,0,1,0,0,0,0,medio_baixo
2,10000.0,5,1.0,8,2,1,0,0,1,0,1,0,1,0,0,0,baixo
4,0.0,0,0.0,3,2,1,0,0,0,0,1,0,0,0,0,0,gratuito
1,0.0,0,0.0,13,1,1,0,0,0,0,0,0,0,0,0,1,medio_baixo
1,0.0,0,0.0,0,0,1,0,0,0,0,0,0,0,0,0,0,gratuito
3,10000.0,11,1.0,1,3,1,0,0,0,1,0,0,0,0,1,1,alto
2,10000.0,1,1.0,1,4,1,0,0,0,1,1,1,1,0,0,0,medio_baixo
6,10000.0,108,0.9814814814814815,1,2,1,0,0,0,1,0,0,1,0,0,0,gratuito
1,10000.0,0,0.0,1,4,1,0,0,0,1,1,1,1,0,0,0,medio_alto
9,10000.0,1,1.0,1,2,1,0,0,0,0,0,1,1,0,0,0,medio_alto
1,10000.0,0,0.0,3,1,1,0,0,0,0,1,0,0,0,0,0,medio_alto
1,10000.0,0,0.0,1,1,1,0,0,0,0,1,0,0,0,0,0,alto
7,10000.0,59,0.9152542372881356,2,4,1,1,1,0,1,0,1,1,0,0,1,baixo
1,10000.0,0,0.0,1,1,1,0,0,0,0,0,0,0,0,1,0,medio_alto
4,0.0,0,0.0,1,4,1,0,0,0,1,0,0,1,0,1,0,gratuito
1,0.0,0,0.0,0,0,1,0,0,0,0,0,0,0,0,0,0,gratuito
1,0.0,0,0.0,17,4,1,0,0,0,1,0,0,1,0,1,1,medio_alto
6,10000.0,31,0.6129032258064516,1,3,1,0,0,0,1,0,1,1,0,0,0,medio_alto
7,10000.0,8,0.875,1,3,1,0,0,0,0,1,0,1,0,0,0,gratuito
9,10000.0,25,0.64,4,3,1,0,0,0,1,1,0,1,0,0,0,medio_baixo
5,10000.0,0,0.0,103,2,1,0,0,0,1,0,0,0,0,0,0,baixo
10,35000.0,209,0.8277511961722488,1,4,1,0,0,0,1,1,0,1,0,0,1,medio_alto
6,10000.0,0,0.0,1,3,1,0,0,0,1,1,1,0,0,0,0,medio_baixo
2,10000.0,5,1.0,2,1,1,0,1,0,0,1,0,0,0,0,0,baixo
6,10000.0,8,1.0,1,2,1,1,0,0,1,0,0,1,0,0,0,medio_alto
2,0.0,0,0.0,0,0,1,0,0,0,0,0,0,0,0,0,0,gratuito
3,10000.0,12,0.75,1,4,1,0,0,0,1,1,1,0,0,1,0,medio_baixo
3,10000.0,4,1.0,1,3,1,0,1,0,0,1,0,1,0,1,0,medio_baixo
8,10000.0,2,1.0,1,3,1,0,0,0,1,0,1,1,0,0,0,medio_alto
3,10000.0,2,1.0,2,1,1,0,0,0,0,0,0,1,0,0,0,baixo
2,10000.0,0,0.0,1,1,1,0,0,0,0,0,1,0,0,0,0,baixo
2,10000.0,0,0.0,1,4,1,0,0,0,1,1,1,0,0,0,0,gratuito
6,10000.0,4,1.0,1,4,1,0,0,0,1,0,0,1,0,1,0,baixo
10,10000.0,122,0.9262295081967213,1,3,1,1,0,0,1,0,1,0,1,0,0,medio_alto
4,10000.0,4,0.75,1,2,1,0,0,0,0,0,1,1,0,0,0,medio_alto
3,35000.0,16,0.6875,1,4,1,0,0,0,1,1,1,0,1,0,0,medio_baixo
1,0.0,0,0.0,103,1,1,0,0,0,0,0,0,1,0,0,0,baixo
3,35000.0,977,0.8833162743091095,2,3,1,0,0,0,1,1,1,0,0,0,0,medio_alto
5,10000.0,3,1.0,1,3,1,0,0,0,1,1,0,1,0,0,0,medio_baixo
2,0.0,0,0.0,0,0,1,0,0,0,0,0,0,0,0,0,0,gratuito
10,75000.0,487,0.7371663244353183,9,2,1,1,1,0,0,0,1,1,0,0,0,medio_baixo
2,10000.0,5,1.0,1,4,1,0,0,0,1,0,1,1,1,0,0,alto
2,10000.0,0,0.0,1,3,1,1,1,2,1,0,1,0,1,0,0,medio_alto
1,0.0,0,0.0,1,2,1,0,0,0,1,0,0,0,0,1,0,baixo
2,10000.0,12,1.0,1,2,1,1,1,0,1,0,0,0,0,1,0,baixo
1,0.0,0,0.0,1,2,1,0,0,0,0,1,0,0,0,0,0,gratuito
8,10000.0,106,0.6226415094339622,9,2,1,0,0,0,1,0,1,0,0,0,0,medio_alto
2,10000.0,37,0.8378378378378378,2,1,1,0,0,0,1,0,0,0,0,0,0,medio_baixo
9,10000.0,17,0.5294117647058824,1,5,1,0,0,0,1,1,1,0,0,0,0,alto
1,0.0,0,0.0,1,5,1,0,0,0,1,0,0,1,0,1,1,gratuito
1,10000.0,4,0.75,2,4,1,0,0,0,1,1,0,1,0,0,0,medio_baixo
3,0.0,0,0.0,0,0,1,0,0,0,0,0,0,0,0,0,0,gratuito
1,10000.0,0,0.0,1,3,1,0,0,0,1,0,1,0,0,1,0,alto
2,10000.0,0,0.0,1,4,1,0,0,0,0,1,1,0,1,0,0,alto
1,10000.0,174,0.9655172413793104,15,3,1,0,0,1,1,0,0,1,0,0,1,medio_baixo
2,10000.0,13,0.6923076923076923,1,3,1,1,1,0,1,1,1,0,0,0,0,medio_baixo
6,10000.0,0,0.0,29,3,1,1,0,0,1,0,0,1,0,1,0,baixo
2,0.0,0,0.0,0,0,1,0,0,0,0,0,0,0,0,0,0,gratuito
3,10000.0,5,1.0,2,3,1,0,0,0,1,0,1,1,0,0,0,alto
1,0.0,0,0.0,1,4,1,1,0,0,1,0,0,1,0,0,1,gratuito
3,10000.0,50,0.98,1,2,1,0,0,0,0,0,0,0,0,0,0,medio_alto
3,10000.0,13,0.7692307692307693,1,6,1,0,0,0,1,1,1,1,0,0,1,alto
9,10000.0,9,0.4444444444444444,1,3,1,0,0,0,1,0,1,1,0,0,0,baixo
6,10000.0,6,0.8333333333333334,1,1,1,0,0,0,1,0,0,0,0,0,0,alto
8,10000.0,71,0.7323943661971831,6,3,1,0,0,0,1,1,0,0,0,0,0,baixo
1,0.0,0,0.0,1,1,1,0,0,0,1,0,0,0,0,0,0,alto
4,10000.0,43,0.9767441860465116,1,2,1,0,0,0,1,1,0,0,0,0,0,medio_alto
3,10000.0,1,1.0,1,2,1,0,0,0,0,0,0,1,0,0,1,medio_alto
1,0.0,0,0.0,1,4,1,0,0,0,1,1,0,1,0,0,0,gratuito
4,10000.0,10,0.9,1,1,1,0,1,0,0,0,0,1,0,0,0,baixo
2,10000.0,15,1.0,9,4,1,0,0,0,1,1,0,0,1,0,0,medio_baixo
2,75000.0,217,0.8617511520737328,1,2,1,0,0,0,1,0,1,0,0,0,0,medio_alto
7,10000.0,4,0.75,1,3,1,0,0,0,1,1,1,0,0,0,0,medio_alto
1,10000.0,17,0.8235294117647058,1,2,1,0,0,0,1,0,1,0,0,0,0,baixo
4,0.0,0,0.0,0,0,1,0,0,0,0,0,0,0,0,0,0,gratuito
2,10000.0,5,0.2,1,5,1,0,0,0,1,1,1,1,1,0,0,medio_baixo
6,10000.0,1,1.0,1,3,1,0,0,0,0,0,0,1,0,0,1,alto
3,10000.0,21,0.6666666666666666,12,3,1,0,0,0,1,0,1,1,0,0,0,medio_alto
4,10000.0,0,0.0,3,2,1,0,0,0,0,1,0,1,0,0,0,baixo
4,10000.0,65,0.6307692307692307,1,0,1,0,0,1,0,0,0,0,0,0,0,medio_alto
5,35000.0,16,0.6875,1,5,1,0,0,0,1,1,0,1,1,1,0,gratuito
1,0.0,0,0.0,0,0,1,0,0,0,0,0,0,0,0,0,0,gratuito
3,10000.0,15,0.9333333333333333,1,3,1,0,0,0,0,1,0,1,0,0,1,baixo
1,0.0,0,0.0,0,0,1,0,0,0,0,0,0,0,0,0,0,gratuito
6,35000.0,591,0.8544839255499154,10,3,1,0,0,1,1,1,1,0,0,0,0,medio_alto
8,10000.0,1,1.0,1,5,1,1,1,0,1,1,0,1,0,1,0,medio_alto
8,10000.0,58,0.8275862068965517,2,3,1,0,0,0,1,1,0,0,0,0,0,medio_alto
1,0.0,0,0.0,1,2,1,0,0,0,0,0,0,1,0,1,0,baixo
2,0.0,0,0.0,0,0,1,0,0,0,0,0,0,0,0,0,0,gratuito
5,35000.0,320,0.8125,13,3,1,0,0,1,1,0,1,1,0,0,0,medio_alto
10,10000.0,3,1.0,1,2,1,1,0,0,0,0,1,0,0,1,0,alto
1,10000.0,5,1.0,1,2,1,1,0,0,1,0,0,1,0,0,0,baixo
1,10000.0,15,1.0,1,3,1,0,0,0,0,1,1,1,0,0,0,alto
6,10000.0,90,0.6666666666666666,1,4,1,1,0,0,1,1,1,0,1,0,0,medio_alto
8,10000.0,1,0.0,1,4,1,0,0,0,1,1,1,0,0,0,0,gratuito
1,0.0,0,0.0,1,6,1,0,0,0,1,0,0,1,1,0,1,gratuito
12,3500000.0,30305,0.8520046196997195,7,1,1,0,0,4,0,1,0,0,0,0,0,medio_alto
5,75000.0,85,0.9176470588235294,5,3,1,0,0,0,1,0,0,0,0,1,1,baixo
7,10000.0,40,0.65,1,1,1,0,0,0,0,0,1,0,0,0,0,alto
3,10000.0,14,0.7857142857142857,4,2,1,0,0,1,0,0,0,1,0,0,1,medio_baixo
6,3500000.0,66781,0.8314640391728186,13,2,1,0,0,0,0,1,1,0,0,0,0,alto
8,10000.0,37,0.8918918918918919,1,1,1,0,0,2,0,0,0,0,0,0,0,medio_baixo
5,10000.0,5,0.8,1,3,1,0,0,0,0,1,0,0,0,1,0,baixo
7,10000.0,63,0.9365079365079365,5,1,1,0,0,0,1,0,0,0,0,0,0,medio_alto
7,35000.0,14,0.8571428571428571,1,5,1,0,0,10,1,0,1,1,0,1,1,baixo
3,10000.0,0,0.0,1,3,1,0,1,0,1,0,0,1,0,0,1,alto
2,0.0,0,0.0,0,0,1,0,0,0,0,0,0,0,0,0,0,gratuito
6,10000.0,13,0.3076923076923077,5,2,1,0,0,0,1,0,1,0,0,0,0,baixo
5,10000.0,0,0.0,1,2,1,0,0,0,1,0,1,0,0,0,0,baixo
2,0.0,0,0.0,0,0,1,0,0,0,0,0,0,0,0,0,0,gratuito
2,350000.0,9467,0.9824654061476709,1,4,1,0,0,1,1,0,1,0,1,1,0,alto
4,10000.0,224,0.8214285714285714,12,3,1,0,0,4,0,1,0,1,0,0,0,alto
1,10000.0,10,1.0,1,3,1,0,0,0,1,1,0,1,0,0,0,medio_alto
1,10000.0,0,0.0,13,3,1,0,1,1,1,0,1,1,0,0,0,medio_alto
3,10000.0,12,0.75,1,2,1,0,0,0,1,0,0,0,0,0,1,baixo
7,10000.0,32,0.53125,1,3,1,1,0,0,0,0,0,1,0,1,1,alto
3,0.0,0,0.0,1,3,1,1,0,0,1,0,0,0,1,0,0,gratuito
8,10000.0,4,0.5,1,2,1,0,0,0,1,0,0,0,1,0,0,medio_baixo
2,10000.0,8,1.0,1,1,1,0,0,0,0,1,0,0,0,0,0,medio_baixo
3,10000.0,236,0.4067796610169492,12,2,1,0,0,3,0,1,1,0,0,0,0,medio_alto
3,0.0,0,0.0,1,3,1,0,0,0,1,1,0,1,0,0,0,gratuito
1,10000.0,0,0.0,1,2,1,0,0,0,1,0,1,0,0,0,0,medio_alto
9,35000.0,139,0.7985611510791367,1,2,1,0,0,0,1,0,0,1,0,0,0,medio_alto
2,0.0,0,0.0,0,0,1,0,0,0,0,0,0,0,0,0,0,gratuito
1,0.0,0,0.0,0,0,1,0,0,0,0,0,0,0,0,0,0,gratuito
3,0.0,0,0.0,0,0,1,0,0,0,0,0,0,0,0,0,0,gratuito
5,10000.0,0,0.0,1,4,1,0,0,0,1,0,0,1,0,1,0,medio_baixo
15,35000.0,133,0.2857142857142857,2,1,1,0,0,0,0,1,0,0,0,0,0,alto
2,10000.0,18,0.7777777777777778,103,6,1,0,0,0,0,1,1,1,0,1,1,medio_baixo
9,10000.0,67,0.5074626865671642,16,4,1,1,1,2,1,1,1,0,1,0,0,baixo
4,10000.0,0,0.0,2,2,1,0,0,1,1,0,0,0,1,0,0,alto
2,10000.0,54,0.8518518518518519,1,4,1,0,0,0,1,1,0,0,0,1,0,baixo
10,75000.0,369,0.6531165311653117,11,2,1,1,1,0,0,0,1,1,0,0,0,baixo
2,35000.0,4,1.0,1,2,1,0,0,0,1,1,0,0,0,0,0,medio_alto
4,35000.0,296,0.9256756756756757,1,2,1,0,0,0,1,0,0,0,0,0,0,alto
3,10000.0,12,1.0,1,3,1,0,0,0,1,0,0,0,0,0,1,alto
5,350000.0,6167,0.7874168963839793,12,7,1,0,0,2,1,1,1,0,1,1,1,medio_baixo
8,10000.0,28,0.9285714285714286,3,2,1,0,0,1,1,1,0,0,0,0,0,alto
1,10000.0,0,0.0,1,1,1,0,0,0,0,0,0,0,0,0,1,alto
2,0.0,0,0.0,2,4,1,0,0,0,0,1,1,0,0,1,0,gratuito
4,0.0,0,0.0,1,1,1,0,0,0,1,0,0,0,0,0,0,gratuito
7,10000.0,15,0.4666666666666667,2,5,1,0,0,0,1,0,1,1,0,1,1,alto
5,0.0,0,0.0,11,7,1,1,1,0,1,1,1,0,0,0,0,gratuito
11,150000.0,156,0.391025641025641,2,2,1,1,1,0,1,0,1,0,0,0,0,medio_alto
1,10000.0,18,1.0,5,3,1,0,0,0,1,0,1,0,0,1,0,medio_baixo
1,10000.0,0,0.0,17,5,1,0,0,0,1,0,0,1,0,1,1,gratuito
3,75000.0,638,0.9263322884012539,16,2,1,1,0,2,1,0,0,0,0,1,0,alto
4,10000.0,40,0.925,2,3,1,0,0,0,1,0,1,1,0,0,0,medio_baixo
4,10000.0,2,1.0,1,4,1,0,0,0,1,1,1,1,0,0,0,medio_alto
1,10000.0,23,1.0,5,1,1,0,0,0,0,1,0,0,0,0,0,medio_baixo
1,0.0,0,0.0,1,4,1,0,0,0,1,1,0,0,0,0,1,gratuito
3,10000.0,14,0.9285714285714286,1,2,1,1,0,0,1,0,0,1,0,0,0,baixo
2,0.0,0,0.0,1,2,1,0,0,0,0,0,1,0,0,0,0,gratuito
5,0.0,0,0.0,1,3,1,0,0,1,1,0,1,0,1,0,0,gratuito
11,35000.0,63,0.5873015873015873,1,2,1,0,0,0,1,0,1,0,0,0,0,medio_baixo
3,35000.0,5,0.8,1,3,1,0,0,1,1,1,1,0,0,0,0,medio_alto
2,10000.0,6,0.6666666666666666,1,8,1,0,0,0,1,1,1,1,1,1,0,gratuito
4,10000.0,6,0.8333333333333334,1,5,1,0,0,0,1,0,1,1,1,0,0,baixo
3,10000.0,15,0.8666666666666667,1,4,1,0,0,0,1,1,1,0,1,0,0,alto
4,0.0,0,0.0,0,0,1,0,0,0,0,0,0,0,0,0,0,gratuito
9,10000.0,31,0.7741935483870968,2,2,1,1,1,0,1,1,0,0,0,0,0,gratuito
1,0.0,0,0.0,2,4,1,0,0,0,1,1,1,1,0,0,0,medio_alto
4,35000.0,8,0.625,1,2,1,0,0,0,1,0,0,0,0,0,0,gratuito
3,10000.0,3,0.6666666666666666,7,3,1,0,1,0,0,0,0,0,0,0,0,medio_baixo
10,10000.0,28,0.6428571428571429,2,2,1,0,0,0,1,1,0,0,0,0,0,medio_alto
7,10000.0,14,1.0,2,4,1,0,0,1,1,1,1,0,0,0,0,medio_alto
2,10000.0,45,0.7111111111111111,26,5,1,0,0,0,1,1,1,0,1,0,1,baixo
10,10000.0,135,0.9185185185185185,1,2,1,0,0,0,1,1,0,0,0,0,0,medio_baixo
1,0.0,0,0.0,4,5,1,0,0,0,0,0,1,1,1,1,0,gratuito
5,10000.0,133,0.9473684210526315,1,3,1,1,1,1,1,0,0,1,0,0,1,medio_baixo
5,10000.0,91,0.8901098901098901,2,4,1,0,0,0,1,0,1,1,0,0,0,medio_alto
2,0.0,0,0.0,2,2,1,0,0,0,0,1,0,0,0,0,0,gratuito
1,0.0,0,0.0,0,0,1,0,0,0,0,0,0,0,0,0,0,gratuito
4,10000.0,0,0.0,1,2,1,0,0,0,0,0,1,0,1,0,0,alto
10,75000.0,1819,0.8614623419461243,1,5,1,0,0,0,1,1,0,1,0,1,1,medio_baixo
7,10000.0,20,0.95,1,3,1,0,0,0,1,0,0,1,0,1,0,medio_baixo
4,10000.0,11,0.6363636363636364,1,5,1,0,0,0,1,1,1,1,1,0,0,baixo
5,350000.0,3134,0.9148053605615827,11,4,1,0,0,0,1,0,0,0,0,0,1,alto
5,10000.0,95,0.5157894736842106,2,4,1,0,0,0,1,0,0,0,0,1,1,alto
2,10000.0,6,0.8333333333333334,1,4,1,0,0,0,1,0,1,1,0,0,1,baixo
1,0.0,0,0.0,103,3,1,0,0,0,1,1,1,0,0,0,0,medio_alto
5,10000.0,10,0.9,1,4,1,0,0,0,1,1,1,1,0,0,0,baixo
13,1500000.0,19907,0.7996182247450645,16,2,1,0,0,0,0,1,1,0,0,0,0,medio_alto
4,0.0,0,0.0,1,4,1,1,0,1,1,0,1,1,0,0,0,gratuito
4,10000.0,60,0.7666666666666667,5,3,1,1,1,0,1,0,0,0,0,0,1,medio_alto
5,150000.0,2200,0.8068181818181818,14,5,1,0,0,1,1,1,1,0,1,1,0,medio_alto
7,10000.0,0,0.0,29,4,1,0,0,1,1,0,0,1,1,0,1,baixo
6,350000.0,1470,0.8795918367346939,15,3,1,0,1,2,1,1,1,0,0,0,0,medio_alto
2,10000.0,0,0.0,1,2,1,0,0,0,0,1,1,0,0,0,0,medio_alto
2,75000.0,881,0.8149829738933031,26,4,1,0,0,0,1,0,0,1,1,0,1,medio_alto
9,10000.0,132,0.4015151515151515,1,3,1,1,1,0,1,1,1,0,0,0,0,baixo
2,10000.0,128,0.8984375,2,3,1,0,0,0,1,0,0,1,0,0,0,gratuito
6,10000.0,56,0.8571428571428571,2,5,1,0,0,0,1,1,1,1,0,1,0,medio_alto
7,10000.0,8,0.875,1,3,1,0,0,0,1,1,0,0,0,0,0,gratuito
8,35000.0,261,0.6819923371647509,1,4,1,1,0,0,1,0,0,0,1,1,0,gratuito
1,10000.0,3,1.0,1,3,1,0,0,0,1,1,0,1,0,0,0,medio_alto
1,10000.0,0,0.0,1,2,1,0,0,0,1,0,1,0,0,0,0,medio_alto
1,10000.0,4,1.0,1,3,1,0,0,0,1,1,1,0,0,0,0,medio_alto
5,350000.0,3563,0.6488913836654505,13,6,1,0,1,0,1,1,1,0,0,1,0,gratuito
2,0.0,0,0.0,103,6,1,0,0,0,0,1,1,1,0,1,1,gratuito
1,10000.0,25,0.88,28,2,1,0,0,0,0,1,0,0,0,0,0,alto
4,0.0,0,0.0,0,0,1,0,0,0,0,0,0,0,0,0,0,gratuito
5,10000.0,35,0.6571428571428571,1,3,1,0,0,4,1,0,0,0,0,1,1,baixo
6,10000.0,17,1.0,11,2,1,1,0,0,1,1,0,0,0,0,0,baixo
1,10000.0,1,1.0,16,3,1,1,1,0,0,0,0,1,0,1,1,medio_alto
13,350000.0,2523,0.7368212445501388,5,2,1,0,1,0,0,1,1,0,0,0,0,medio_alto
2,0.0,0,0.0,30,3,1,1,0,0,0,0,1,1,1,0,0,medio_alto
6,35000.0,341,0.9090909090909091,2,1,1,1,1,0,0,0,0,0,0,0,1,medio_baixo
4,10000.0,0,0.0,1,2,1,0,0,0,1,0,0,1,0,0,0,baixo
3,35000.0,21,0.5714285714285714,1,6,1,1,0,0,1,1,1,0,1,0,0,gratuito
9,10000.0,35,0.5714285714285714,1,3,1,0,0,0,0,1,0,0,0,1,1,medio_alto
8,10000.0,263,0.6920152091254753,7,3,1,0,0,0,1,1,0,1,0,0,0,alto
3,10000.0,69,0.9130434782608695,12,1,1,1,1,0,0,1,0,0,0,0,0,medio_baixo
8,10000.0,27,0.5925925925925926,7,2,1,0,0,0,0,1,0,0,0,0,0,alto
1,10000.0,0,0.0,1,4,1,0,0,0,1,0,1,1,0,0,0,medio_alto
2,0.0,0,0.0,0,0,1,0,0,0,0,0,0,0,0,0,0,gratuito
1,0.0,0,0.0,0,0,1,0,0,0,0,0,0,0,0,0,0,gratuito
10,75000.0,468,0.8525641025641025,3,3,1,1,1,0,1,0,1,0,0,1,0,baixo
8,10000.0,11,0.6363636363636364,1,1,1,0,0,0,1,0,0,0,0,0,0,gratuito
5,10000.0,4,0.25,1,3,1,0,0,0,1,0,0,1,0,0,1,medio_alto
8,10000.0,45,0.7777777777777778,2,2,1,0,1,2,1,0,1,0,0,0,0,gratuito
8,10000.0,32,0.875,1,3,1,0,0,0,1,1,1,0,0,0,0,gratuito
7,10000.0,1,1.0,5,2,1,0,0,0,1,0,0,1,0,0,0,medio_baixo
2,10000.0,6,0.16666666666666666,1,1,1,0,0,0,1,0,0,0,0,0,0,baixo
2,0.0,0,0.0,103,9,1,1,1,0,1,1,1,1,1,1,1,alto
15,75000.0,136,0.4852941176470588,4,2,1,0,0,4,0,0,0,0,0,1,1,medio_alto
9,10000.0,20,0.55,1,2,1,0,0,0,0,0,0,0,1,0,0,gratuito
12,75000.0,201,0.9054726368159204,2,2,1,0,0,1,1,1,0,0,0,0,0,medio_baixo
1,0.0,0,0.0,2,1,1,0,0,0,0,0,0,1,0,0,0,medio_baixo
6,10000.0,69,0.8405797101449275,1,2,1,0,0,1,1,1,0,0,0,0,0,medio_alto
1,10000.0,26,0.9230769230769231,6,2,1,0,0,0,1,1,0,0,0,0,0,alto
8,10000.0,3,0.0,1,4,1,0,0,0,0,1,1,1,0,0,0,medio_baixo
2,0.0,0,0.0,0,0,1,0,0,0,0,0,0,0,0,0,0,gratuito
1,0.0,0,0.0,2,3,1,0,0,0,1,0,1,1,0,0,0,medio_alto
2,10000.0,0,0.0,15,4,1,0,1,0,1,1,1,0,0,0,1,baixo
4,10000.0,14,0.8571428571428571,2,2,1,0,0,0,1,0,0,0,0,0,0,baixo
1,0.0,0,0.0,1,4,1,0,0,0,1,1,0,1,0,0,0,alto
5,10000.0,32,0.4375,1,3,1,0,0,1,1,1,1,0,0,0,0,medio_baixo
1,0.0,0,0.0,12,1,1,0,0,1,0,0,0,1,0,0,0,baixo
3,10000.0,8,0.625,1,3,1,0,0,0,1,1,0,1,0,0,0,medio_alto
2,35000.0,955,0.9455497382198953,15,7,1,0,0,1,1,1,1,1,1,0,1,alto
3,10000.0,131,0.916030534351145,1,3,1,1,0,0,1,0,1,1,0,0,0,alto
9,10000.0,16,0.875,1,1,1,1,0,0,0,0,0,0,0,0,0,gratuito
11,35000.0,130,0.4230769230769231,1,2,1,0,0,0,1,1,0,0,0,0,0,baixo
2,10000.0,2,1.0,1,3,1,0,0,0,1,0,0,1,0,1,0,medio_alto
4,75000.0,14,0.9285714285714286,2,4,1,0,0,0,1,1,1,0,0,0,0,medio_alto
15,75000.0,258,0.8914728682170543,1,2,1,1,0,0,0,0,1,1,0,0,0,medio_alto
4,10000.0,11,0.6363636363636364,1,3,1,1,0,0,1,0,1,1,0,0,0,medio_alto
6,10000.0,23,0.7391304347826086,1,5,1,0,0,0,1,1,1,1,0,1,0,medio_baixo
2,35000.0,3,0.3333333333333333,1,6,1,0,0,0,0,1,1,0,0,1,0,alto
8,10000.0,9,0.8888888888888888,1,3,1,0,0,0,1,0,0,1,0,0,1,gratuito
5,10000.0,2,1.0,1,2,1,1,1,0,1,0,0,1,0,0,0,medio_alto
5,7500000.0,225629,0.8861892753147866,16,5,1,0,0,52,0,1,1,0,0,0,1,alto
9,10000.0,89,0.8202247191011236,13,2,1,1,1,0,1,1,0,0,0,0,0,medio_alto
1,0.0,0,0.0,103,1,1,0,0,0,0,0,0,1,0,0,0,baixo
6,10000.0,153,0.9803921568627451,1,2,1,0,0,0,1,0,0,0,1,0,0,baixo
2,0.0,0,0.0,0,0,1,0,0,0,0,0,0,0,0,0,0,gratuito
2,0.0,0,0.0,103,2,1,0,0,0,0,0,0,1,0,1,0,baixo
4,0.0,0,0.0,0,0,1,0,0,0,0,0,0,0,0,0,0,gratuito
6,10000.0,6,0.5,3,5,1,0,0,0,0,1,0,1,0,0,1,medio_alto
3,10000.0,12,0.5,1,3,1,0,0,0,0,0,0,0,0,0,1,medio_baixo
1,0.0,0,0.0,1,3,1,0,0,0,0,1,1,0,0,0,0,alto
10,10000.0,229,0.8034934497816594,1,3,1,0,0,0,1,1,0,1,0,0,0,baixo
3,10000.0,2,0.0,1,1,1,0,0,0,0,0,0,1,0,0,0,alto
6,10000.0,10,0.9,1,3,1,0,0,0,1,0,0,0,0,1,1,alto
3,35000.0,1,1.0,1,3,1,0,0,0,1,1,0,0,1,0,0,baixo
1,0.0,0,0.0,1,5,1,0,0,0,1,0,1,1,1,0,1,medio_alto
5,35000.0,356,0.5196629213483146,9,3,1,1,0,1,1,0,1,0,0,0,1,medio_baixo
1,0.0,0,0.0,0,0,1,0,0,0,0,0,0,0,0,0,0,gratuito
3,10000.0,4,0.75,1,3,1,0,0,0,0,1,1,1,0,0,0,medio_baixo
2,10000.0,21,0.9047619047619048,1,4,1,0,0,0,1,1,1,0,1,0,0,medio_baixo
2,10000.0,18,0.5,1,3,1,0,0,0,1,0,0,1,0,0,1,baixo
7,10000.0,3,0.3333333333333333,3,2,1,1,0,0,1,0,0,1,0,0,0,baixo
9,35000.0,72,0.9166666666666666,1,0,1,0,0,0,0,0,0,0,0,0,0,baixo
6,10000.0,12,0.9166666666666666,1,2,1,0,1,0,0,1,0,0,0,0,0,gratuito
2,10000.0,34,0.7058823529411765,9,2,1,1,1,0,1,0,0,1,0,0,0,medio_baixo
2,10000.0,1,1.0,1,2,1,0,1,0,1,0,0,1,0,0,0,medio_baixo
2,10000.0,42,0.5952380952380952,3,3,1,0,0,0,1,0,1,0,0,0,1,medio_baixo
5,10000.0,0,0.0,4,1,1,0,0,0,0,0,1,0,0,0,0,medio_alto
4,10000.0,474,0.9493670886075949,1,2,1,0,0,0,1,0,1,0,0,0,0,medio_baixo
1,0.0,0,0.0,19,3,1,0,0,0,1,0,1,0,0,0,0,gratuito
1,0.0,0,0.0,3,8,1,0,0,0,1,1,1,1,1,1,1,gratuito
8,35000.0,108,0.5648148148148148,2,1,1,0,0,1,1,0,0,0,0,0,0,baixo
1,75000.0,3,0.3333333333333333,4,5,1,0,0,0,1,1,1,1,0,0,0,medio_baixo
2,10000.0,4,1.0,2,2,1,0,0,0,1,0,0,0,0,0,1,medio_baixo
3,10000.0,5,0.4,1,2,1,0,1,0,1,0,0,0,1,0,0,medio_baixo
5,10000.0,10,1.0,1,3,1,0,0,0,1,1,1,0,0,0,0,medio_alto
1,10000.0,0,0.0,28,2,1,0,0,0,1,0,0,1,0,0,0,baixo
5,10000.0,14,0.7142857142857143,2,6,1,0,0,0,1,1,1,0,1,0,1,alto
10,10000.0,15,0.4666666666666667,2,1,1,0,0,0,0,0,0,0,0,0,0,gratuito
1,10000.0,0,0.0,6,3,1,0,0,0,1,1,0,1,0,0,0,baixo
5,750000.0,20,0.5,1,4,1,0,0,0,1,0,0,0,1,0,0,gratuito
5,10000.0,46,0.9565217391304348,1,3,1,0,0,1,1,1,0,0,1,0,0,medio_baixo
1,10000.0,0,0.0,1,4,1,0,0,0,1,1,0,1,0,0,0,gratuito
10,10000.0,72,0.6527777777777778,1,4,1,0,1,0,1,1,0,0,0,0,1,alto
6,10000.0,53,0.7169811320754716,8,3,1,0,0,0,1,0,0,0,0,0,1,medio_alto
1,10000.0,11,0.9090909090909091,11,3,1,0,0,0,1,0,1,1,0,0,0,medio_alto
1,0.0,0,0.0,1,3,1,0,0,1,0,0,0,1,0,0,1,gratuito
1,10000.0,24,0.75,1,2,1,0,0,0,1,0,1,0,0,0,0,baixo
3,10000.0,7,0.42857142857142855,4,2,1,1,0,1,1,1,0,0,0,0,0,baixo
7,10000.0,4,0.75,1,2,1,1,0,0,0,0,1,0,0,0,0,alto
11,10000.0,5,0.8,1,1,1,0,0,0,0,0,0,1,0,0,0,medio_alto
7,10000.0,24,0.4166666666666667,1,4,1,0,0,0,1,0,0,0,0,1,1,medio_baixo
7,10000.0,4,0.75,1,4,1,0,0,0,1,0,0,0,1,0,0,gratuito
7,10000.0,0,0.0,5,2,1,0,1,0,1,0,0,0,0,0,0,gratuito
6,35000.0,186,0.6505376344086021,4,3,1,0,0,0,0,1,0,0,0,0,0,gratuito
1,10000.0,0,0.0,6,3,1,0,0,0,1,0,1,1,0,0,0,alto
4,0.0,0,0.0,1,3,1,0,0,3,1,0,0,0,0,0,1,gratuito
1,10000.0,0,0.0,2,4,1,0,0,1,1,0,0,0,0,1,1,alto
2,10000.0,0,0.0,3,2,1,1,1,0,1,0,0,1,0,0,0,alto
2,0.0,0,0.0,0,0,1,0,0,0,0,0,0,0,0,0,0,gratuito
4,75000.0,330,0.9727272727272728,1,3,1,0,0,0,1,0,1,1,0,0,0,alto
3,10000.0,59,0.9830508474576272,3,2,1,1,0,0,1,0,1,0,0,0,0,alto
1,0.0,0,0.0,20,2,1,1,0,0,1,0,0,1,0,0,0,medio_baixo
2,0.0,0,0.0,103,6,1,1,1,0,1,0,1,1,0,1,1,gratuito
4,35000.0,6,1.0,3,2,1,0,0,0,1,1,0,0,0,0,0,medio_baixo
6,10000.0,0,0.0,2,4,1,0,0,0,1,0,1,1,1,0,0,baixo
6,10000.0,40,0.875,1,2,1,0,0,0,1,0,1,0,0,0,0,gratuito
8,10000.0,22,0.7727272727272727,4,3,1,0,0,0,1,1,0,1,0,0,0,medio_alto
7,10000.0,15,0.6666666666666666,2,5,1,1,0,1,1,1,1,1,0,1,0,alto
6,10000.0,84,0.7261904761904762,1,3,1,0,0,0,1,1,0,1,0,0,0,baixo
1,35000.0,17,0.8823529411764706,12,3,1,0,0,0,1,1,0,1,0,0,0,baixo
2,35000.0,270,0.6407407407407407,15,4,1,0,0,0,1,1,0,1,1,0,0,baixo
8,10000.0,27,0.7037037037037037,2,5,1,0,0,1,1,1,1,0,0,0,1,gratuito
6,75000.0,1067,0.717900656044986,2,3,1,0,0,2,0,0,0,0,1,1,1,alto
1,0.0,0,0.0,2,3,1,0,0,0,1,0,1,1,0,0,0,medio_alto
2,10000.0,13,0.9230769230769231,1,2,1,0,0,0,0,0,0,0,1,0,1,alto
5,35000.0,14,0.5,1,4,1,0,0,0,1,0,1,1,1,0,0,baixo
2,0.0,0,0.0,1,4,1,0,0,0,1,0,0,1,0,1,0,gratuito
9,10000.0,17,1.0,1,2,1,0,0,0,0,0,0,0,0,1,1,medio_baixo
6,35000.0,1,0.0,2,5,1,1,0,0,1,0,1,1,1,1,0,medio_alto
3,150000.0,1,0.0,1,3,1,0,0,0,1,0,1,0,1,0,0,baixo
3,10000.0,23,0.8260869565217391,1,2,1,0,0,0,1,0,0,0,1,0,0,medio_alto
4,10000.0,186,0.8010752688172043,1,2,1,1,1,1,1,0,0,1,0,0,0,baixo
4,150000.0,809,0.9555006180469716,4,1,1,1,0,0,1,0,0,0,0,0,0,medio_baixo
11,10000.0,0,0.0,1,4,1,0,0,0,1,0,0,1,0,1,0,alto
7,10000.0,0,0.0,29,3,1,1,0,0,1,0,0,1,0,1,0,baixo
6,10000.0,1,1.0,2,5,1,0,0,0,1,1,1,1,0,0,0,medio_alto
4,10000.0,1,1.0,2,5,1,0,0,0,1,1,1,1,1,0,0,baixo
7,10000.0,184,0.9782608695652174,2,1,1,0,0,0,0,0,1,0,0,0,0,alto
9,10000.0,2,0.5,1,2,1,0,0,0,1,1,0,0,0,0,0,baixo
3,10000.0,4,0.75,1,2,1,0,0,0,0,1,0,0,0,0,1,medio_baixo
3,0.0,0,0.0,0,0,1,0,0,0,0,0,0,0,0,0,0,gratuito
3,10000.0,29,0.6206896551724138,1,8,1,0,0,0,1,1,1,1,1,1,1,baixo
3,0.0,0,0.0,2,2,1,0,0,0,0,0,1,0,1,0,0,gratuito
3,10000.0,19,0.9473684210526315,4,2,1,0,0,0,1,1,0,0,0,0,0,medio_baixo
4,0.0,0,0.0,7,5,1,1,0,0,0,0,0,1,0,1,0,gratuito
5,10000.0,3,1.0,1,5,1,0,0,0,1,1,1,0,0,0,1,baixo
3,75000.0,928,0.9267241379310345,1,2,1,0,0,1,0,0,0,0,0,1,1,medio_baixo
8,10000.0,76,0.7105263157894737,1,3,1,0,0,0,1,0,0,1,0,0,1,medio_alto
1,10000.0,0,0.0,2,2,1,0,0,0,1,1,0,0,0,0,0,medio_alto
3,0.0,0,0.0,0,0,1,0,0,0,0,0,0,0,0,0,0,gratuito
9,75000.0,161,0.7142857142857143,1,5,1,1,1,0,1,1,0,0,0,1,0,gratuito
7,10000.0,10,0.5,1,2,1,0,0,0,0,0,1,1,0,0,0,medio_alto
4,10000.0,17,0.4117647058823529,27,3,1,0,1,0,1,0,0,0,0,1,1,alto
4,0.0,0,0.0,1,4,1,0,0,0,1,0,1,0,1,1,0,gratuito
5,0.0,0,0.0,1,3,1,0,0,0,1,0,0,0,0,1,0,gratuito
2,35000.0,8,0.5,5,3,1,0,0,0,1,1,1,0,0,0,0,baixo
1,0.0,0,0.0,1,2,1,0,0,0,1,0,0,1,0,0,0,medio_baixo
5,10000.0,60,0.7833333333333333,10,7,1,0,0,0,1,0,1,1,1,1,1,medio_alto
2,10000.0,8,0.875,1,4,1,0,0,0,0,1,0,1,0,0,0,gratuito
4,10000.0,5,0.6,1,4,1,0,0,0,1,1,1,0,0,0,0,gratuito
1,10000.0,1,1.0,1,4,1,0,0,0,1,0,0,1,0,0,1,baixo
1,10000.0,0,0.0,3,3,1,0,0,0,0,1,1,0,1,0,0,alto
2,10000.0,35,0.8,10,4,1,0,0,0,1,0,0,0,0,0,0,alto
10,35000.0,545,0.636697247706422,2,3,1,1,1,0,1,1,0,0,1,0,0,medio_baixo
9,10000.0,22,0.6818181818181818,1,3,1,0,0,0,1,0,0,0,0,0,1,alto
5,0.0,0,0.0,1,2,1,0,0,0,0,1,0,0,0,0,0,gratuito
11,75000.0,247,0.8502024291497976,1,2,1,0,0,1,1,1,0,0,0,0,0,medio_baixo
11,35000000.0,1398584,0.838601042196965,16,2,1,0,0,9,0,1,0,0,0,0,0,gratuito
3,10000.0,0,0.0,1,2,1,0,0,0,1,0,0,1,0,0,0,medio_alto
1,0.0,0,0.0,103,2,1,0,0,0,0,0,0,1,0,0,0,gratuito
4,0.0,0,0.0,0,0,1,0,0,0,0,0,0,0,0,0,0,gratuito
1,0.0,0,0.0,6,3,1,0,0,0,1,0,0,1,0,1,0,medio_baixo
2,10000.0,103,0.6407766990291263,9,3,1,0,0,0,1,0,0,1,0,1,0,alto
1,0.0,0,0.0,0,0,1,0,0,0,0,0,0,0,0,0,0,gratuito
5,35000.0,6,1.0,2,2,1,0,0,0,0,0,1,1,0,0,0,baixo
5,10000.0,18,1.0,1,2,1,0,0,0,0,1,1,0,0,0,0,medio_alto
1,10000.0,0,0.0,6,2,1,0,0,0,0,0,0,1,0,1,0,medio_baixo
9,10000.0,15,0.9333333333333333,1,3,1,0,0,0,1,1,0,1,0,0,0,gratuito
2,0.0,0,0.0,0,0,1,0,0,0,0,0,0,0,0,0,0,gratuito
2,10000.0,14,1.0,2,3,1,0,0,0,1,0,1,1,0,0,0,baixo
4,10000.0,13,0.6153846153846154,1,2,1,0,0,0,1,0,0,1,0,0,0,gratuito
2,10000.0,0,0.0,1,5,1,0,0,0,1,1,1,0,0,1,0,gratuito
2,10000.0,1,1.0,1,3,1,0,0,0,1,0,1,0,1,0,0,alto
3,150000.0,424,0.8419811320754716,12,2,1,0,0,3,1,0,0,0,0,1,0,alto
7,10000.0,4,0.75,4,3,1,0,0,0,1,1,0,1,0,0,0,medio_baixo
12,10000.0,119,0.6470588235294118,1,4,1,0,0,0,1,0,1,0,1,0,1,medio_alto
4,10000.0,7,0.7142857142857143,1,3,1,0,0,0,1,0,0,1,0,0,1,baixo
4,10000.0,18,0.6666666666666666,12,4,1,0,0,0,1,0,0,1,0,1,1,medio_baixo
10,35000.0,311,0.8681672025723473,2,3,1,1,1,1,1,1,1,0,0,0,0,medio_baixo
6,10000.0,3,0.0,2,1,1,0,0,0,0,0,0,1,0,0,0,medio_alto
1,10000.0,0,0.0,6,4,1,1,1,1,0,1,1,1,1,0,0,alto
2,10000.0,4,0.75,8,1,1,0,0,1,0,0,0,1,0,0,0,medio_baixo
8,10000.0,4,0.5,1,2,1,0,0,0,1,0,1,0,0,0,0,medio_alto
11,35000.0,115,0.8608695652173913,8,3,1,1,1,1,1,1,1,0,0,0,0,medio_baixo
5,10000.0,2,0.5,2,1,1,0,0,0,0,1,0,0,0,0,0,medio_alto
9,10000.0,4,0.25,1,5,1,0,0,0,1,0,0,1,0,0,1,medio_baixo
6,10000.0,30,0.6,1,3,1,0,0,0,1,1,0,0,0,0,0,medio_alto
6,10000.0,1,0.0,1,3,1,0,0,0,0,1,1,0,0,0,0,gratuito
3,0.0,0,0.0,0,0,1,0,0,0,0,0,0,0,0,0,0,gratuito
3,10000.0,2,1.0,1,1,1,0,0,0,0,0,1,0,0,0,0,medio_baixo
3,0.0,0,0.0,0,0,1,0,0,0,0,0,0,0,0,0,0,gratuito
1,10000.0,0,0.0,30,1,1,0,0,0,0,0,0,0,0,0,1,medio_alto
2,10000.0,0,0.0,1,5,1,1,0,1,1,1,1,1,0,0,0,gratuito
6,75000.0,1358,0.8600883652430045,9,2,1,0,0,2,1,0,0,0,0,0,0,medio_alto
8,10000.0,0,0.0,2,5,1,0,0,0,1,1,0,1,0,1,1,medio_alto
4,10000.0,16,0.375,1,4,1,0,0,0,1,0,1,0,1,0,0,alto
6,75000.0,17,0.47058823529411764,1,2,1,0,0,0,1,1,0,0,0,0,0,gratuito
5,10000.0,49,0.5918367346938775,2,1,1,0,0,0,0,0,1,0,0,0,0,medio_alto
11,10000.0,43,0.5581395348837209,1,2,1,1,1,0,1,1,0,0,0,0,0,medio_baixo
1,10000.0,0,0.0,1,2,1,0,0,0,0,0,0,1,0,0,1,medio_baixo
3,10000.0,0,0.0,1,2,1,1,1,0,1,0,0,1,0,0,0,medio_baixo
10,10000.0,4,0.25,1,1,1,0,0,0,0,0,0,0,0,0,0,alto
10,150000.0,2455,0.8484725050916497,1,6,1,1,0,1,1,0,0,0,0,0,1,medio_baixo
9,35000.0,75,0.4533333333333333,2,4,1,0,0,0,1,1,1,0,0,0,0,medio_baixo
4,10000.0,26,0.6538461538461539,1,3,1,0,0,0,1,0,1,0,0,0,0,alto
9,10000.0,2,1.0,1,2,1,0,0,0,0,0,1,1,0,0,0,medio_alto
7,10000.0,36,0.9166666666666666,1,3,1,1,0,0,1,1,1,0,0,0,0,gratuito
2,0.0,0,0.0,0,0,1,0,0,0,0,0,0,0,0,0,0,gratuito
8,350000.0,6888,0.9144889663182346,14,2,1,1,0,9,0,1,1,0,0,0,0,medio_alto
4,150000.0,1504,0.9388297872340425,11,3,1,1,1,0,1,0,1,1,0,0,0,medio_baixo
1,10000.0,0,0.0,1,1,1,0,0,1,0,0,0,0,1,0,0,medio_alto
3,10000.0,1,1.0,1,2,1,0,0,0,0,0,0,0,0,0,0,medio_alto
3,10000.0,7,0.42857142857142855,1,2,1,0,0,0,1,0,0,0,0,0,1,baixo
3,10000.0,2,1.0,1,5,1,0,0,0,1,1,1,0,1,0,0,alto
5,10000.0,0,0.0,1,2,1,0,0,0,1,0,0,1,0,0,0,baixo
4,75000.0,6,1.0,2,4,1,0,0,0,1,0,1,1,0,1,0,medio_baixo
2,0.0,0,0.0,0,0,1,0,0,0,0,0,0,0,0,0,0,gratuito
5,10000.0,6,1.0,1,1,1,0,0,0,1,0,0,0,0,0,0,medio_baixo
3,10000.0,14,0.8571428571428571,1,3,1,0,0,0,0,0,0,1,0,1,1,medio_alto
8,10000.0,5,0.6,1,4,1,0,0,0,1,1,0,1,0,0,0,medio_alto
7,35000.0,19,0.5789473684210527,3,4,1,0,0,0,1,1,0,1,0,1,0,medio_baixo
8,10000.0,34,0.5588235294117647,6,6,1,1,1,0,1,1,0,1,0,0,1,medio_alto
3,10000.0,12,0.75,1,1,1,0,0,0,0,0,1,0,0,0,0,baixo
9,75000.0,289,0.903114186851211,1,1,1,0,0,0,0,0,0,1,0,0,0,medio_alto
3,10000.0,0,0.0,15,3,1,1,0,4,1,0,1,0,1,0,0,medio_alto
2,0.0,0,0.0,103,5,1,0,0,1,1,0,1,1,0,1,1,alto
2,10000.0,0,0.0,2,1,1,0,0,0,0,0,1,0,0,0,0,medio_alto
12,10000.0,223,0.8430493273542601,1,2,1,0,0,0,0,0,0,0,0,0,0,alto
4,10000.0,32,0.75,11,4,1,0,0,0,1,1,1,1,0,0,0,medio_baixo
6,10000.0,5,1.0,1,2,1,0,0,0,1,0,0,1,0,0,0,medio_alto
6,10000.0,23,0.4782608695652174,1,2,1,1,0,0,1,0,0,0,0,0,1,baixo
2,0.0,0,0.0,0,0,1,0,0,0,0,0,0,0,0,0,0,gratuito
1,10000.0,2,1.0,1,1,1,0,0,4,0,0,0,0,0,0,1,medio_alto
4,10000.0,1,0.0,1,2,1,0,0,0,1,0,0,0,1,0,0,medio_alto
3,10000.0,87,0.8850574712643678,5,1,1,0,0,0,0,1,0,0,0,0,0,alto
7,10000.0,10,0.7,4,3,1,1,0,0,1,0,1,1,0,0,0,gratuito
1,0.0,0,0.0,1,4,1,0,0,0,1,1,1,0,0,0,0,gratuito
9,35000.0,225,0.7688888888888888,8,4,1,1,0,0,1,1,1,0,0,0,0,baixo
1,10000.0,0,0.0,2,1,1,1,0,0,0,0,1,0,0,0,0,alto
5,10000.0,28,0.9642857142857143,1,1,1,0,0,1,1,0,0,0,0,0,0,medio_baixo
1,0.0,0,0.0,103,2,1,0,0,0,1,0,0,1,0,0,0,baixo
7,10000.0,1,1.0,1,3,1,0,0,1,0,1,1,0,1,0,0,medio_alto
2,35000.0,574,0.6010452961672473,4,4,1,1,0,2,1,0,1,1,1,0,0,alto
1,10000.0,0,0.0,16,2,1,0,0,0,0,1,0,0,0,0,1,alto
3,10000.0,1,1.0,1,1,1,1,0,0,0,0,0,0,0,0,1,medio_alto
1,0.0,0,0.0,13,2,1,0,0,0,1,0,0,0,0,0,1,baixo
4,0.0,0,0.0,1,4,1,0,0,0,0,1,1,0,0,0,1,gratuito
1,0.0,0,0.0,0,0,1,0,0,0,0,0,0,0,0,0,0,gratuito
3,10000.0,0,0.0,8,4,1,1,1,7,1,1,1,1,0,0,0,gratuito
6,35000.0,239,0.8786610878661087,10,4,1,1,1,0,1,1,0,1,0,0,0,baixo
2,0.0,0,0.0,11,5,1,0,0,0,1,0,1,1,0,0,1,gratuito
1,10000.0,0,0.0,12,4,1,0,0,0,1,0,0,1,0,0,1,gratuito
1,0.0,0,0.0,1,5,1,0,0,0,1,1,1,1,1,0,0,medio_baixo
4,10000.0,0,0.0,1,2,1,0,0,0,1,0,1,0,0,0,0,baixo
2,35000.0,4,1.0,5,1,1,0,0,0,0,0,0,0,0,0,0,medio_alto
2,10000.0,6,1.0,2,2,1,1,1,0,1,0,0,1,0,0,0,baixo
2,10000.0,1,0.0,6,4,1,0,0,0,1,1,1,0,1,0,0,baixo
3,10000.0,0,0.0,103,6,1,0,0,0,1,1,1,1,1,0,1,baixo
1,10000.0,94,0.8191489361702128,2,4,1,0,0,0,1,0,1,0,1,1,0,medio_alto
5,10000.0,418,0.9449760765550239,2,5,1,1,1,2,1,0,1,1,1,0,1,medio_alto
1,10000.0,0,0.0,5,2,1,0,0,0,0,0,0,1,0,0,0,medio_alto
5,10000.0,5,0.6,1,4,1,0,0,0,1,1,0,1,0,0,0,alto
2,0.0,0,0.0,0,0,1,0,0,0,0,0,0,0,0,0,0,gratuito
8,35000.0,750,0.9106666666666666,7,1,1,1,1,3,0,0,1,0,0,0,0,medio_baixo
4,10000.0,0,0.0,1,2,1,0,0,0,0,0,0,0,0,0,0,alto
2,10000.0,0,0.0,1,1,1,0,0,0,1,0,0,0,0,0,0,medio_baixo
7,10000.0,0,0.0,1,2,1,0,0,2,0,0,0,0,1,1,0,gratuito
7,35000.0,137,0.8248175182481752,3,0,1,0,0,0,0,0,0,0,0,0,0,medio_alto
3,35000.0,1,1.0,3,3,1,0,0,0,0,0,0,1,0,0,1,baixo
1,10000.0,0,0.0,1,3,1,0,0,0,1,1,1,0,0,0,0,alto
2,10000.0,281,0.9715302491103203,11,2,1,1,0,1,1,0,1,0,0,0,0,alto
1,10000.0,2,1.0,1,3,1,0,0,0,1,1,0,1,0,0,0,baixo
8,10000.0,67,0.47761194029850745,2,5,1,0,0,0,1,1,1,1,0,0,1,baixo
5,10000.0,2,1.0,1,5,1,0,0,0,0,1,1,0,1,1,0,medio_alto
2,10000.0,199,0.9849246231155779,13,2,1,0,0,1,1,0,1,0,0,0,0,alto
2,0.0,0,0.0,17,5,1,0,0,0,1,0,1,0,0,1,1,gratuito
3,10000.0,0,0.0,2,2,1,0,0,0,1,0,0,0,0,0,1,alto
2,10000.0,3,0.3333333333333333,1,4,1,0,0,0,1,1,1,0,0,0,0,alto
5,0.0,0,0.0,0,0,1,0,0,0,0,0,0,0,0,0,0,gratuito
2,150000.0,1310,0.9030534351145039,12,6,1,1,0,2,1,1,0,1,0,1,1,alto
1,10000.0,0,0.0,1,4,1,0,0,1,1,0,0,0,0,0,0,medio_alto
2,0.0,0,0.0,1,5,1,1,0,0,1,0,1,0,1,1,0,gratuito
5,10000.0,0,0.0,29,5,1,0,0,0,1,1,1,1,0,0,1,baixo
8,10000.0,13,0.7692307692307693,1,3,1,1,1,6,1,0,0,1,0,0,1,alto
2,0.0,0,0.0,0,0,1,0,0,0,0,0,0,0,0,0,0,gratuito
4,35000.0,60,0.8333333333333334,5,3,1,0,0,0,0,1,0,1,1,0,0,gratuito
3,750000.0,13677,0.9044381077721723,25,2,1,0,0,0,0,1,1,0,0,0,0,alto
6,10000.0,8,0.5,4,4,1,0,0,0,0,0,0,0,0,0,0,medio_baixo
1,10000.0,16,0.9375,2,2,1,0,1,0,1,1,0,0,0,0,0,medio_baixo
5,10000.0,101,0.7722772277227723,1,4,1,0,0,0,1,0,0,1,0,0,0,gratuito
13,1500000.0,2293,0.7200174443959878,1,3,1,0,0,0,0,0,0,0,1,0,0,gratuito
3,10000.0,34,1.0,8,3,1,0,0,0,1,0,1,1,0,0,0,alto
1,0.0,0,0.0,5,5,1,0,0,0,1,0,0,0,0,1,1,gratuito
2,10000.0,5,1.0,1,1,1,0,0,0,0,0,0,1,0,0,0,medio_alto
9,35000.0,128,0.7734375,7,3,1,0,0,2,1,0,0,1,0,0,0,medio_alto
6,150000.0,2182,0.7580201649862511,4,1,1,0,0,0,0,0,0,0,0,0,1,alto
8,10000.0,20,0.95,1,1,1,0,0,0,1,0,0,0,0,0,0,medio_alto
8,35000.0,99,0.5353535353535354,1,1,1,0,0,0,0,0,0,1,0,0,0,gratuito
3,10000.0,1,1.0,1,6,1,0,0,0,1,1,1,1,1,1,0,alto
1,0.0,0,0.0,0,0,1,0,0,0,0,0,0,0,0,0,0,gratuito
1,35000.0,739,0.6955345060893099,10,3,1,0,0,0,1,1,1,0,0,0,0,alto
10,35000.0,119,0.773109243697479,11,2,1,1,0,0,1,0,0,1,0,0,0,baixo
1,10000.0,0,0.0,3,2,1,0,0,1,1,0,1,0,0,0,0,alto
5,10000.0,153,0.7777777777777778,1,3,1,0,0,0,1,0,1,1,0,0,0,medio_baixo
1,0.0,0,0.0,13,3,1,1,0,0,1,0,1,1,0,0,0,medio_baixo
2,10000.0,0,0.0,1,2,1,0,0,14,0,0,0,0,1,0,1,alto
2,0.0,0,0.0,0,0,1,0,0,0,0,0,0,0,0,0,0,gratuito
3,10000.0,29,0.9310344827586207,7,3,1,0,0,0,1,1,1,0,0,0,0,medio_baixo
8,35000.0,197,0.6649746192893401,1,6,1,0,0,0,1,1,1,0,1,0,0,gratuito
5,10000.0,61,0.9344262295081968,1,3,1,1,1,1,1,0,0,1,0,0,1,baixo
1,0.0,0,0.0,1,4,1,0,0,3,1,1,0,0,0,0,0,gratuito
3,10000.0,26,1.0,30,5,1,0,0,0,1,0,1,1,0,1,1,alto
5,10000.0,6,0.8333333333333334,2,1,1,0,0,0,0,0,0,1,0,0,0,alto
3,10000.0,1,1.0,3,3,1,0,0,0,0,0,0,0,0,0,1,medio_alto
2,0.0,0,0.0,0,0,1,0,0,0,0,0,0,0,0,0,0,gratuito
6,10000.0,2,1.0,1,1,1,0,0,0,1,0,0,0,0,0,0,alto
1,10000.0,0,0.0,20,2,1,0,0,2,0,0,0,0,0,1,1,alto
5,10000.0,3,0.6666666666666666,1,3,1,0,0,0,1,0,0,1,0,1,0,baixo
3,10000.0,0,0.0,1,2,1,0,0,0,0,1,0,0,0,0,0,gratuito
2,10000.0,0,0.0,13,3,1,0,0,0,1,0,1,0,0,0,0,medio_alto
2,10000.0,12,0.9166666666666666,9,1,1,0,0,0,0,1,0,0,0,0,0,baixo
1,10000.0,32,1.0,12,3,1,0,0,0,1,0,1,0,0,0,0,alto
6,10000.0,44,0.9090909090909091,1,5,1,1,1,0,1,1,1,1,1,0,0,medio_alto
7,10000.0,49,0.6530612244897959,12,3,1,1,1,1,1,0,0,1,0,1,0,baixo
9,10000.0,3,1.0,1,2,1,0,0,0,1,0,0,1,0,0,0,medio_baixo
12,10000.0,49,0.46938775510204084,1,2,1,0,0,0,1,0,1,0,0,0,0,medio_baixo
5,10000.0,44,0.8863636363636364,2,4,1,0,0,0,1,0,1,0,0,0,1,medio_alto
1,10000.0,11,0.7272727272727273,6,3,1,0,1,0,1,0,0,1,1,0,0,medio_baixo
6,35000.0,114,0.9736842105263158,2,2,1,0,0,0,1,0,0,0,1,0,0,baixo
8,10000.0,30,0.6,1,6,1,0,0,0,1,1,0,1,0,1,1,medio_alto
2,0.0,0,0.0,1,3,1,0,0,0,1,0,0,0,0,0,0,gratuito
6,10000.0,68,0.6764705882352942,11,4,1,1,0,0,1,1,1,1,0,0,0,baixo
3,350000.0,6171,0.9452276778479987,9,2,1,1,0,3,0,0,0,1,0,0,1,medio_alto
3,10000.0,1,0.0,1,1,1,0,0,0,0,0,1,0,0,0,0,medio_alto
4,10000.0,251,0.9322709163346613,14,3,1,0,0,2,1,0,0,1,0,1,0,alto
2,10000.0,11,0.9090909090909091,2,3,1,0,0,0,0,1,1,1,0,0,0,alto
2,10000.0,4,1.0,1,4,1,0,0,0,1,1,0,1,1,0,0,baixo
3,10000.0,18,0.7777777777777778,4,4,1,0,0,0,0,1,0,1,0,1,0,medio_baixo
3,35000.0,8,0.875,13,3,1,0,0,0,0,0,1,1,0,1,0,alto
1,10000.0,10,1.0,3,3,1,0,0,0,1,1,1,0,0,0,0,medio_alto
2,0.0,0,0.0,0,0,1,0,0,0,0,0,0,0,0,0,0,gratuito
3,150000.0,1286,0.8864696734059098,20,2,1,0,0,1,0,1,0,1,0,0,0,medio_baixo
8,35000.0,67,0.7761194029850746,1,4,1,0,0,0,1,1,0,1,0,0,0,gratuito
9,10000.0,181,0.9613259668508287,7,3,1,1,0,0,1,0,0,1,0,0,1,alto
4,10000.0,0,0.0,1,1,1,0,0,0,0,0,1,0,0,0,0,baixo
7,10000.0,11,0.6363636363636364,2,4,1,0,0,0,1,0,1,0,1,0,0,gratuito
3,0.0,0,0.0,0,0,1,0,0,0,0,0,0,0,0,0,0,gratuito
8,10000.0,47,0.9361702127659575,4,1,1,1,1,0,0,1,0,0,0,0,0,gratuito
3,10000.0,168,0.9464285714285714,5,4,1,0,0,0,1,0,0,1,0,1,1,medio_alto
1,0.0,0,0.0,1,4,1,0,1,0,1,0,1,0,0,0,1,gratuito
1,10000.0,1,1.0,1,3,1,0,0,0,1,0,0,1,0,1,0,medio_alto
4,10000.0,0,0.0,2,2,1,0,0,0,1,0,0,1,0,0,0,medio_alto
1,10000.0,0,0.0,1,4,1,0,1,1,1,0,1,1,1,0,0,medio_alto
1,10000.0,0,0.0,2,2,1,0,0,0,1,0,0,0,1,0,0,medio_alto
2,0.0,0,0.0,0,0,1,0,0,0,0,0,0,0,0,0,0,gratuito
5,10000.0,0,0.0,1,3,1,0,0,1,0,1,1,0,0,0,0,alto
9,10000.0,4,0.5,1,3,1,0,0,0,0,0,0,0,0,0,0,medio_alto
5,0.0,0,0.0,2,2,1,0,0,0,0,0,0,1,0,0,1,gratuito
7,150000.0,4539,0.9294998898435779,5,1,1,0,0,47,0,1,0,0,0,0,0,alto
6,35000.0,215,0.7069767441860465,4,3,1,1,0,0,1,0,0,0,0,1,1,medio_baixo
6,10000.0,9,0.7777777777777778,1,3,1,1,1,0,1,0,0,1,0,0,1,medio_alto
5,10000.0,30,1.0,1,2,1,0,0,0,0,0,1,1,0,0,0,medio_baixo
2,10000.0,148,0.9797297297297297,1,2,1,1,0,1,1,0,1,0,0,0,0,alto
2,35000.0,13,0.7692307692307693,13,3,1,0,0,1,0,1,1,0,0,0,0,alto
6,10000.0,42,0.9523809523809523,2,5,1,0,0,0,1,0,1,1,1,1,0,medio_baixo
1,150000.0,2853,0.7921486154924641,1,6,1,0,0,0,1,0,0,1,1,1,1,alto
2,10000.0,15,1.0,1,4,1,0,0,0,1,0,1,1,0,1,0,baixo
7,35000.0,176,0.9204545454545454,3,2,1,1,1,0,1,0,0,0,0,0,1,baixo
2,10000.0,8,0.875,2,4,1,1,0,0,1,1,0,1,0,0,0,baixo
6,10000.0,3,0.6666666666666666,4,2,1,0,0,0,1,0,0,1,0,0,0,baixo
3,10000.0,2,1.0,1,3,1,0,0,0,1,1,0,0,1,0,0,baixo
1,10000.0,0,0.0,8,2,1,1,0,1,0,0,1,1,0,0,0,alto
1,0.0,0,0.0,0,0,1,0,0,0,0,0,0,0,0,0,0,gratuito
10,10000.0,27,0.4444444444444444,1,1,1,1,1,0,0,1,0,0,0,0,0,medio_alto
3,10000.0,44,0.9318181818181818,5,3,1,1,0,1,1,1,1,0,0,0,0,medio_baixo
3,10000.0,9,1.0,4,2,1,0,0,0,0,1,0,1,0,0,0,medio_alto
1,0.0,0,0.0,1,2,1,0,0,0,0,0,0,0,0,0,1,baixo
9,10000.0,13,0.6923076923076923,1,1,1,0,0,0,0,0,0,0,1,0,0,alto
1,10000.0,0,0.0,2,2,0,0,1,0,1,0,0,0,0,0,0,alto
1,0.0,0,0.0,2,4,1,0,0,0,1,0,1,0,1,0,0,gratuito
5,10000.0,11,0.9090909090909091,1,2,1,0,0,0,1,1,0,0,0,0,0,alto
1,10000.0,0,0.0,15,6,1,0,0,0,1,0,1,1,0,1,1,alto
1,0.0,0,0.0,0,0,1,0,0,0,0,0,0,0,0,0,0,gratuito
5,10000.0,4,1.0,1,6,1,1,1,0,1,1,1,0,0,1,0,baixo
3,0.0,0,0.0,0,0,1,0,0,0,0,0,0,0,0,0,0,gratuito
6,10000.0,19,0.9473684210526315,1,2,1,1,0,0,1,0,1,0,0,0,0,medio_baixo
7,35000.0,44,0.6818181818181818,2,3,1,0,0,0,1,1,0,0,0,0,1,baixo
3,0.0,0,0.0,12,3,1,0,0,0,1,0,0,0,0,1,0,gratuito
7,35000.0,262,0.9427480916030534,5,1,1,0,0,1,0,0,1,0,0,0,0,alto
4,10000.0,10,0.7,1,3,1,0,0,0,1,0,1,1,0,0,0,baixo
4,150000.0,450,0.7355555555555555,11,3,1,0,0,0,0,1,1,0,1,0,0,medio_baixo
7,10000.0,187,0.839572192513369,2,1,1,0,0,0,0,0,1,0,0,0,0,alto
3,10000.0,35,0.7714285714285715,1,3,1,0,0,0,1,0,0,1,0,0,1,medio_alto
2,10000.0,0,0.0,4,2,1,0,0,0,0,1,1,0,0,0,0,medio_alto
1,0.0,0,0.0,103,2,1,1,1,1,1,0,0,1,0,0,0,baixo
1,10000.0,97,0.9587628865979382,1,2,1,0,0,1,1,1,0,0,0,0,0,alto
3,10000.0,4,1.0,1,5,1,0,0,0,1,1,1,0,1,1,0,medio_alto
2,10000.0,0,0.0,1,1,1,0,0,0,0,0,0,0,0,0,0,gratuito
7,1500000.0,18899,0.8274511878935393,14,5,1,0,0,1,1,1,1,1,0,1,0,medio_alto
6,10000.0,15,0.7333333333333333,9,1,1,0,0,0,1,0,0,0,0,0,0,medio_baixo
9,10000.0,2,0.5,1,3,1,0,0,0,1,0,1,0,0,0,0,medio_alto
4,10000.0,37,0.9459459459459459,1,3,1,0,0,0,1,1,1,0,0,0,0,baixo
2,10000.0,0,0.0,1,3,1,1,1,0,1,0,0,1,0,0,0,medio_alto
5,35000.0,5,1.0,1,2,1,1,0,1,0,0,1,0,0,0,0,gratuito
4,1500000.0,45828,0.744479357597975,6,2,1,1,1,1,1,0,1,0,0,0,0,alto
4,0.0,0,0.0,1,3,1,0,0,0,1,0,1,0,0,0,0,gratuito
10,10000.0,35,0.7714285714285715,7,2,1,0,0,0,0,0,0,1,0,0,0,medio_baixo
2,35000.0,2,1.0,1,4,1,0,0,0,1,0,1,0,1,0,0,alto
4,10000.0,3,0.0,1,2,1,0,0,0,0,0,1,1,0,0,0,medio_alto
3,0.0,0,0.0,103,9,1,1,1,0,1,1,1,1,1,1,1,alto
5,10000.0,11,0.9090909090909091,1,3,1,0,0,0,1,1,0,0,0,0,1,alto
2,0.0,0,0.0,3,3,1,0,0,3,1,0,0,1,0,0,0,gratuito
1,0.0,0,0.0,1,4,1,0,0,0,1,0,0,1,0,0,1,medio_alto
2,10000.0,46,0.8260869565217391,2,2,1,0,0,0,1,0,1,0,0,0,0,medio_alto
10,75000.0,209,0.6076555023923444,14,3,1,1,0,1,1,0,0,1,0,0,1,gratuito
8,10000.0,65,0.8,3,3,1,1,1,0,1,0,0,1,1,0,0,medio_alto
10,10000.0,47,0.7659574468085106,1,2,1,0,0,0,1,0,1,0,0,0,0,medio_alto
1,10000.0,19,0.9473684210526315,6,2,1,0,0,0,1,0,0,0,0,0,1,baixo
1,10000.0,0,0.0,2,3,1,0,0,0,0,0,0,1,0,1,0,medio_baixo
7,35000.0,53,0.41509433962264153,1,2,1,0,0,0,1,0,0,0,0,0,0,gratuito
7,10000.0,2,1.0,1,2,1,1,1,0,1,0,0,1,0,0,0,alto
4,35000.0,77,0.7402597402597403,30,4,1,1,1,0,1,1,0,0,0,0,0,medio_alto
6,10000.0,21,0.9523809523809523,1,4,1,0,0,0,1,1,0,1,0,0,0,gratuito
5,35000.0,116,0.7413793103448276,1,2,1,0,0,0,1,1,0,0,0,0,0,gratuito
3,10000.0,16,0.9375,8,3,1,0,0,0,1,1,0,1,0,0,0,medio_baixo
7,10000.0,18,0.8888888888888888,9,3,1,0,0,0,1,0,1,1,0,0,0,medio_baixo
1,0.0,0,0.0,2,5,1,0,0,0,1,0,0,1,0,0,1,gratuito
1,0.0,0,0.0,0,0,1,0,0,0,0,0,0,0,0,0,0,gratuito
1,10000.0,5,1.0,1,3,1,0,0,1,1,1,0,1,0,0,0,baixo
1,75000.0,1359,0.8050036791758646,2,5,1,0,0,0,0,0,1,0,1,1,1,alto
5,10000.0,6,1.0,1,6,1,0,0,0,1,1,1,1,0,1,0,baixo
2,10000.0,2,1.0,4,4,1,0,1,0,1,0,0,0,0,1,1,alto
17,75000.0,184,0.6956521739130435,1,1,1,0,0,0,0,0,0,0,0,0,1,medio_baixo
3,10000.0,42,0.9047619047619048,1,2,1,1,1,0,1,0,0,0,1,0,0,medio_alto
7,10000.0,3,1.0,2,1,1,0,0,0,0,0,0,0,0,0,0,alto
6,10000.0,52,0.9615384615384616,6,2,1,1,0,0,0,0,1,1,0,0,0,medio_baixo
1,10000.0,0,0.0,1,3,1,0,0,0,1,0,0,1,0,1,0,baixo
7,10000.0,23,0.9130434782608695,1,3,1,0,0,0,1,1,0,1,0,0,0,alto
3,0.0,0,0.0,1,2,1,0,0,0,1,1,0,0,0,0,0,gratuito
2,10000.0,17,1.0,1,3,1,1,0,0,1,0,0,1,0,0,1,alto
8,35000.0,161,0.5652173913043478,1,1,1,0,0,0,1,0,0,0,0,0,0,baixo
6,10000.0,15,0.6666666666666666,14,3,1,0,0,0,1,1,0,1,0,0,0,baixo
7,10000.0,5,0.6,2,4,1,0,0,0,1,1,1,0,1,0,0,baixo
9,35000.0,421,0.9311163895486936,1,1,1,0,0,3,0,0,0,0,0,1,0,medio_alto
11,750000.0,831,0.6245487364620939,1,4,1,1,1,0,1,1,1,1,0,0,0,baixo
2,10000.0,4,1.0,3,1,1,0,0,0,0,1,0,0,0,0,0,baixo
4,10000.0,0,0.0,1,3,1,0,0,0,1,0,0,1,0,1,0,baixo
4,35000.0,27,0.6666666666666666,2,2,1,0,0,0,1,0,1,0,0,0,0,gratuito
8,75000.0,222,0.8243243243243243,5,2,1,1,0,0,1,0,1,0,0,0,0,medio_alto
6,10000.0,47,0.9787234042553191,8,1,1,0,0,0,0,0,0,1,0,0,0,baixo
6,10000.0,2,1.0,3,3,1,0,0,1,1,1,1,0,0,0,0,medio_baixo
2,10000.0,93,0.8924731182795699,1,1,1,0,0,0,0,0,0,0,0,1,0,medio_baixo
1,0.0,0,0.0,5,4,1,0,0,0,1,0,1,0,0,0,1,alto
1,0.0,0,0.0,0,0,1,0,0,0,0,0,0,0,0,0,0,gratuito
10,10000.0,121,0.7024793388429752,1,3,1,1,0,5,1,0,0,1,0,1,0,medio_baixo
3,0.0,0,0.0,6,1,1,1,0,0,0,0,0,0,0,1,0,gratuito
2,10000.0,0,0.0,4,2,1,0,0,0,1,0,0,0,0,0,1,alto
1,0.0,0,0.0,1,1,1,0,0,0,0,1,0,0,0,0,0,medio_alto
1,10000.0,0,0.0,1,1,1,0,0,0,1,0,0,0,0,0,0,baixo
3,0.0,0,0.0,0,0,1,0,0,0,0,0,0,0,0,0,0,gratuito
9,10000.0,25,0.84,1,3,1,0,0,0,1,1,1,0,0,0,0,medio_baixo
5,10000.0,7,0.5714285714285714,1,2,1,0,0,0,1,0,1,0,0,0,0,medio_alto
5,10000.0,4,0.75,6,3,1,0,0,0,1,0,0,1,0,0,0,alto
20,1500000.0,17925,0.9506276150627615,3,1,1,1,1,2,0,1,0,0,0,0,0,baixo
8,10000.0,18,1.0,1,3,1,0,0,0,1,1,0,0,0,0,0,medio_baixo
2,10000.0,2,0.5,1,4,1,0,0,0,1,0,0,1,0,1,1,medio_baixo
1,0.0,0,0.0,103,2,1,0,0,0,1,0,0,1,0,0,0,medio_baixo
5,10000.0,30,0.43333333333333335,1,8,1,0,0,0,1,1,1,1,1,0,1,baixo
5,0.0,0,0.0,0,0,1,0,0,0,0,0,0,0,0,0,0,gratuito
6,10000.0,7,1.0,1,4,1,1,0,0,1,1,1,0,1,0,0,baixo
1,0.0,0,0.0,1,3,1,0,0,0,1,0,0,1,0,1,0,alto
3,75000.0,407,0.8181818181818182,6,5,1,0,0,0,1,0,0,1,1,1,1,medio_alto
3,10000.0,1,0.0,1,1,1,0,0,0,0,0,0,1,0,0,0,alto
6,10000.0,67,0.5522388059701493,1,2,1,0,0,1,0,0,0,1,0,1,0,baixo
4,10000.0,4,1.0,1,3,1,0,0,0,1,0,1,0,1,0,0,alto
3,10000.0,0,0.0,3,2,1,0,0,0,1,0,1,0,0,0,0,alto
5,10000.0,0,0.0,8,5,1,1,0,0,1,0,0,0,1,1,0,gratuito
1,10000.0,0,0.0,28,1,1,0,0,0,0,0,0,1,0,0,0,baixo
7,10000.0,4,1.0,1,3,1,1,1,0,1,0,0,1,0,1,0,medio_baixo
4,0.0,0,0.0,1,5,1,0,0,0,1,1,0,1,0,0,0,gratuito
8,10000.0,163,0.8343558282208589,10,4,1,0,0,0,1,1,0,0,0,0,1,baixo
2,0.0,0,0.0,103,8,1,1,1,0,1,1,1,1,1,1,1,alto
1,0.0,0,0.0,1,2,1,0,0,0,1,0,0,0,0,0,1,baixo
5,10000.0,15,0.7333333333333333,2,3,1,0,0,0,1,0,0,1,0,1,0,baixo
3,10000.0,22,0.9090909090909091,1,2,1,0,0,0,1,0,0,0,0,0,1,medio_alto
2,750000.0,13533,0.9225596689573635,7,4,1,0,0,2,1,1,1,0,1,0,0,alto
4,0.0,0,0.0,0,0,1,0,0,0,0,0,0,0,0,0,0,gratuito
2,1500000.0,39672,0.8951401492236338,1,2,1,0,0,0,1,1,0,0,0,0,0,alto
2,10000.0,3,0.6666666666666666,1,4,1,0,0,0,1,1,1,1,0,0,0,baixo
6,75000.0,77,0.7662337662337663,1,6,1,0,0,1,0,1,0,1,0,0,1,gratuito
2,10000.0,11,0.6363636363636364,1,1,1,0,0,0,0,0,0,0,0,1,0,alto
3,0.0,0,0.0,103,2,1,0,0,0,1,0,1,0,0,0,0,baixo
2,10000.0,0,0.0,3,2,1,0,0,0,1,0,0,0,0,0,1,alto
4,10000.0,2,1.0,1,3,1,0,0,0,1,1,0,1,0,0,0,baixo
6,35000.0,28,0.8571428571428571,1,3,1,0,0,0,1,0,1,1,0,0,0,baixo
1,0.0,0,0.0,0,0,1,0,0,0,0,0,0,0,0,0,0,gratuito
9,10000.0,7,0.2857142857142857,1,5,1,0,0,0,1,1,0,0,1,1,1,medio_alto
2,10000.0,22,0.7272727272727273,5,3,1,0,0,1,1,1,1,0,0,0,0,medio_baixo
1,10000.0,0,0.0,1,2,1,0,0,0,1,0,1,0,0,0,0,alto
2,0.0,0,0.0,1,5,1,1,0,0,1,0,0,1,0,0,1,gratuito
5,10000.0,20,0.75,1,2,1,0,0,0,0,0,1,0,0,1,0,medio_alto
3,10000.0,16,0.875,1,1,1,0,0,0,0,0,0,0,0,0,1,medio_alto
4,10000.0,42,0.8571428571428571,2,2,1,0,0,0,1,0,0,1,0,0,0,medio_baixo
5,35000.0,10,1.0,1,2,1,0,0,0,1,1,0,0,0,0,0,medio_baixo
9,35000.0,419,0.8281622911694511,2,1,1,1,1,0,0,0,0,0,0,0,1,medio_baixo
1,10000.0,8,1.0,1,4,1,0,0,0,1,1,0,1,0,1,0,alto
7,150000.0,1670,0.9353293413173652,1,3,1,0,0,0,1,0,0,0,0,1,0,gratuito
7,10000.0,11,0.45454545454545453,1,3,1,0,0,0,1,1,1,0,0,0,0,gratuito
6,10000.0,1,1.0,15,1,1,0,0,0,0,0,0,1,0,0,0,medio_baixo
7,10000.0,8,0.5,15,3,1,0,0,0,1,1,1,0,0,0,0,baixo
2,0.0,0,0.0,1,4,1,0,0,1,1,1,0,1,0,0,0,gratuito
8,10000.0,19,0.47368421052631576,1,3,1,0,0,0,1,1,0,0,0,0,0,medio_alto
3,35000.0,10,1.0,1,3,1,0,0,0,1,1,0,0,0,0,1,baixo
11,75000.0,274,0.781021897810219,1,3,1,0,1,3,1,0,1,0,0,1,0,gratuito
4,10000.0,13,0.9230769230769231,1,3,1,0,0,0,1,1,1,0,0,0,0,medio_alto
18,75000.0,550,0.8309090909090909,1,2,1,0,0,0,0,0,0,1,0,1,0,baixo
9,10000.0,42,0.6666666666666666,1,1,1,0,0,1,0,0,0,0,0,0,0,gratuito
2,10000.0,0,0.0,5,2,1,1,0,1,0,1,0,0,1,0,0,alto
1,0.0,0,0.0,4,2,1,0,0,0,0,1,0,1,0,0,0,medio_alto
3,0.0,0,0.0,0,0,1,0,0,0,0,0,0,0,0,0,0,gratuito
5,75000.0,14,0.7142857142857143,1,3,1,1,0,0,1,0,1,0,1,0,0,medio_baixo
4,10000.0,30,0.4,16,1,1,1,0,1,1,0,0,0,0,0,0,medio_baixo
5,0.0,0,0.0,0,0,1,0,0,0,0,0,0,0,0,0,0,gratuito
4,10000.0,5,0.8,1,1,1,0,0,0,1,0,0,0,0,0,0,medio_baixo
1,0.0,0,0.0,0,0,1,0,0,0,0,0,0,0,0,0,0,gratuito
8,35000.0,414,0.6811594202898551,4,4,1,0,0,1,1,1,1,0,1,0,0,alto
10,750000.0,4690,0.7933901918976546,1,4,1,0,0,1,1,1,1,0,0,1,0,alto
8,10000.0,28,0.8928571428571429,5,2,1,1,0,1,1,1,0,0,0,0,0,baixo
7,10000.0,18,0.7222222222222222,1,4,1,0,1,1,1,1,0,1,0,0,0,baixo
5,10000.0,35,0.5714285714285714,29,4,1,0,0,0,1,1,1,1,0,0,0,alto
13,150000.0,1717,0.7367501456027956,5,2,1,1,1,0,1,0,1,0,0,0,0,baixo
1,10000.0,35,0.8285714285714286,6,3,1,0,0,0,0,0,0,1,0,1,1,medio_alto
3,10000.0,6,1.0,2,4,1,0,0,0,1,0,1,1,0,1,0,medio_baixo
10,10000.0,96,0.875,1,2,1,1,1,1,1,0,0,0,0,1,0,baixo
2,10000.0,7,0.7142857142857143,1,2,1,0,0,0,1,0,0,1,0,0,0,medio_baixo
10,10000.0,26,0.8846153846153846,19,2,1,0,0,0,1,0,0,0,0,1,0,alto
4,10000.0,13,0.7692307692307693,2,4,1,0,1,0,1,1,0,0,1,0,0,alto
1,10000.0,0,0.0,1,4,1,0,0,0,1,0,1,0,1,0,0,medio_alto
1,3500000.0,102337,0.9408034239815511,15,3,1,0,0,10,0,1,1,0,1,0,0,alto
6,1500000.0,22709,0.7178651635915276,11,1,1,0,0,0,0,0,0,0,0,1,0,medio_baixo
2,0.0,0,0.0,0,0,1,0,0,0,0,0,0,0,0,0,0,gratuito
10,750000.0,4440,0.8240990990990991,11,6,1,1,1,0,1,1,1,0,0,1,1,gratuito
15,35000.0,111,0.6396396396396397,1,2,1,0,0,0,1,0,0,0,0,1,0,alto
3,10000.0,2,0.0,1,3,1,1,0,0,1,1,0,1,0,0,0,medio_baixo
6,75000.0,5,0.8,1,5,1,1,0,0,1,1,1,1,0,0,1,medio_baixo
10,75000.0,167,0.8802395209580839,2,2,1,1,0,0,0,0,0,1,0,0,1,baixo
1,0.0,0,0.0,1,4,1,0,0,0,1,0,0,1,0,0,0,gratuito
4,10000.0,0,0.0,9,5,1,0,0,0,1,1,0,1,1,0,0,medio_alto
8,10000.0,9,0.5555555555555556,1,5,1,1,1,0,1,1,1,1,1,0,0,alto
4,0.0,0,0.0,1,5,1,0,0,0,0,0,1,0,1,1,0,gratuito
2,0.0,0,0.0,1,2,1,0,0,2,0,0,1,0,0,0,0,gratuito
5,150000.0,33,0.8484848484848485,2,3,1,0,0,0,0,1,0,0,1,0,0,medio_alto
6,1500000.0,21799,0.9293086838845819,3,2,1,0,0,1,0,0,1,0,1,0,0,medio_alto
1,0.0,0,0.0,0,0,1,0,0,0,0,0,0,0,0,0,0,gratuito
1,10000.0,113,0.9823008849557522,3,1,1,0,0,1,0,0,0,0,1,0,0,medio_alto
6,10000.0,43,0.7674418604651163,2,6,1,0,0,0,1,1,1,0,1,1,0,alto
2,10000.0,0,0.0,6,3,1,0,0,0,0,0,0,1,1,0,1,alto
4,10000.0,128,0.7578125,2,3,1,0,0,0,1,0,1,1,0,0,0,gratuito
9,75000.0,875,0.8811428571428571,1,2,1,0,0,0,0,0,0,0,1,0,0,medio_baixo
4,35000.0,87,0.7471264367816092,4,1,1,0,0,0,0,1,0,0,0,0,0,medio_baixo
3,10000.0,9,1.0,2,1,1,0,0,0,0,0,0,0,0,1,0,alto
10,10000.0,25,0.72,1,2,1,0,0,0,1,1,0,0,0,0,0,gratuito
9,10000.0,15,0.6666666666666666,1,4,1,0,0,0,1,1,1,1,0,0,0,medio_baixo
7,10000.0,8,0.75,1,7,1,0,0,0,1,1,0,1,0,1,1,alto
4,10000.0,4,0.0,5,3,1,0,0,0,1,0,1,1,0,0,0,medio_baixo
3,35000.0,47,0.6170212765957447,9,3,1,1,1,0,1,1,1,0,0,0,0,medio_alto
1,0.0,0,0.0,1,3,1,0,0,0,1,1,1,0,0,0,0,medio_alto
9,3500000.0,21823,0.7735874994272098,1,5,1,0,0,6,1,1,0,0,1,1,0,gratuito
9,35000.0,559,0.8622540250447227,3,2,1,0,0,1,1,0,0,0,0,0,1,medio_baixo
1,10000.0,0,0.0,1,3,1,0,0,4,0,0,0,0,0,0,1,alto
9,35000.0,116,0.7586206896551724,1,6,1,1,0,0,1,1,0,0,1,1,0,gratuito
4,35000.0,14,0.9285714285714286,1,4,1,0,0,0,0,1,1,0,1,0,0,alto
2,10000.0,6,0.0,1,2,1,0,0,0,0,1,1,0,0,0,0,baixo
6,10000.0,19,0.7894736842105263,1,3,1,0,0,0,1,1,0,0,0,0,0,gratuito
2,10000.0,8,0.5,7,2,1,0,0,0,1,0,0,1,0,0,0,baixo
3,35000.0,12,0.75,1,1,1,1,0,0,0,1,0,0,0,0,0,medio_baixo
4,10000.0,73,0.6986301369863014,5,5,1,0,0,0,1,0,0,1,0,1,1,medio_alto
9,10000.0,23,0.6521739130434783,2,4,1,0,0,0,1,1,1,0,0,0,0,gratuito
17,1500000.0,26384,0.9540630685263797,3,1,1,0,0,1,0,0,0,0,1,0,0,medio_alto
3,10000.0,0,0.0,4,3,1,0,0,0,1,0,0,1,0,1,0,medio_alto
2,10000.0,0,0.0,103,4,1,0,0,0,1,0,0,1,0,1,1,baixo
1,10000.0,6,1.0,3,2,1,0,0,0,1,1,0,0,0,0,0,alto
3,0.0,0,0.0,1,8,1,0,0,0,1,1,1,1,1,0,0,gratuito
5,10000.0,61,0.7213114754098361,1,5,1,0,0,0,1,1,1,1,0,0,1,baixo
3,75000.0,32,0.90625,2,3,1,0,0,0,1,0,1,0,1,0,0,medio_baixo
8,10000.0,0,0.0,1,1,1,1,1,0,0,0,0,1,0,0,0,medio_alto
6,10000.0,188,0.8617021276595744,1,4,1,0,0,0,1,1,0,1,0,0,0,gratuito
6,10000.0,5,1.0,1,3,1,0,0,0,1,0,1,0,1,0,0,medio_baixo
18,75000.0,230,0.6652173913043479,1,1,1,0,0,0,0,0,0,0,0,1,0,medio_baixo
7,75000.0,15,0.6,1,2,1,0,0,0,0,1,1,0,0,0,0,gratuito
1,10000.0,0,0.0,2,4,1,0,0,0,0,1,0,1,1,1,0,medio_baixo
4,0.0,0,0.0,1,4,1,1,0,0,1,0,0,1,0,1,0,gratuito
2,350000.0,358,0.7122905027932961,9,2,1,0,0,2,0,1,1,0,0,0,0,alto
2,0.0,0,0.0,10,5,1,0,0,2,1,1,0,1,0,0,1,alto
1,0.0,0,0.0,3,6,1,0,0,0,1,0,1,0,0,0,1,gratuito
3,10000.0,5,1.0,1,3,1,0,0,0,1,0,0,1,0,1,0,baixo
2,10000.0,2,1.0,2,2,1,0,0,0,1,0,0,0,1,0,0,medio_baixo
1,10000.0,0,0.0,1,3,1,0,0,0,1,1,0,1,0,0,0,medio_alto
6,10000.0,2,0.5,2,4,1,0,0,0,1,1,1,0,0,1,0,baixo
10,75000.0,405,0.6074074074074074,2,1,1,0,0,0,0,0,0,0,1,0,0,baixo
3,10000.0,9,0.4444444444444444,26,5,1,0,0,0,1,1,0,0,1,0,1,baixo
3,10000.0,3,0.3333333333333333,1,1,1,0,0,0,0,0,1,0,0,0,0,baixo
8,10000.0,161,0.9503105590062112,1,3,1,0,0,3,1,0,1,0,0,0,1,alto
2,10000.0,614,0.8501628664495114,6,3,1,0,0,0,1,0,1,0,0,0,1,medio_baixo
7,10000.0,67,0.746268656716418,2,4,1,0,0,0,1,0,1,1,1,0,0,medio_baixo
3,75000.0,57,0.6666666666666666,1,3,1,0,0,2,1,1,1,0,0,0,0,medio_alto
5,10000.0,5,1.0,2,2,1,0,0,1,1,0,0,1,0,0,0,medio_baixo
5,10000.0,20,0.85,2,2,1,0,0,0,1,0,1,0,0,0,0,baixo
2,10000.0,0,0.0,1,3,1,0,0,0,1,0,0,1,0,0,0,medio_alto
2,10000.0,0,0.0,3,2,1,0,0,0,0,0,0,1,0,1,0,medio_baixo
6,10000.0,0,0.0,1,4,1,0,0,0,1,0,1,0,1,1,0,medio_alto
6,10000.0,4,0.5,2,3,1,0,0,0,1,1,1,0,0,0,0,medio_baixo
12,75000.0,167,0.20359281437125748,2,3,1,0,0,0,0,0,0,0,0,1,1,baixo
2,0.0,0,0.0,0,0,1,0,0,0,0,0,0,0,0,0,0,gratuito
2,10000.0,435,0.767816091954023,3,6,1,0,0,0,1,1,1,1,1,0,1,alto
7,10000.0,29,0.896551724137931,1,3,1,1,1,0,1,0,1,0,1,0,0,medio_alto
2,10000.0,0,0.0,1,3,1,0,0,0,1,0,1,1,0,0,0,medio_baixo
3,10000.0,9,0.7777777777777778,14,3,1,0,0,0,1,1,0,1,0,0,0,alto
8,150000.0,1546,0.6778783958602846,2,1,1,0,0,103,0,1,0,0,0,0,0,alto
2,10000.0,0,0.0,2,2,1,0,0,0,1,0,0,1,0,0,0,medio_baixo
2,10000.0,1,1.0,3,2,1,0,1,0,1,1,0,0,0,0,0,medio_baixo
8,10000.0,8,0.875,1,2,1,0,0,0,1,1,0,0,0,0,0,alto
1,10000.0,0,0.0,27,2,1,1,1,0,1,0,0,0,0,0,1,baixo
8,10000.0,54,0.7407407407407407,2,4,1,1,1,0,1,1,0,1,0,0,1,baixo
4,10000.0,0,0.0,1,2,1,0,1,1,1,0,0,0,0,1,0,alto
1,0.0,0,0.0,1,3,1,0,0,0,1,0,1,0,0,0,0,gratuito
7,10000.0,38,0.34210526315789475,1,4,1,1,0,0,1,1,0,1,0,0,0,gratuito
6,10000.0,125,0.824,2,4,1,1,0,0,1,1,0,1,0,0,0,gratuito
9,10000.0,29,0.6896551724137931,1,2,1,1,1,0,1,0,0,1,0,0,0,medio_baixo
1,0.0,0,0.0,0,0,1,0,0,0,0,0,0,0,0,0,0,gratuito
10,350000.0,6916,0.930161943319838,3,3,1,1,0,1,1,1,1,0,0,0,0,baixo
13,350000.0,9897,0.955744164898454,10,2,1,0,0,1,0,0,0,0,0,1,1,medio_baixo
6,10000.0,12,1.0,1,1,1,0,0,0,1,0,0,0,0,0,0,alto
18,75000.0,1072,0.8740671641791045,1,1,1,0,0,0,0,0,0,1,0,0,0,alto
2,10000.0,101,0.900990099009901,1,1,1,0,0,0,0,0,1,0,0,0,0,baixo
1,10000.0,44,0.8181818181818182,1,2,1,0,0,0,1,0,0,0,1,0,0,alto
7,10000.0,22,0.7272727272727273,9,1,1,0,0,0,0,0,0,1,0,0,0,medio_baixo
6,35000.0,11,1.0,2,2,1,0,0,0,1,1,0,0,0,0,0,medio_baixo
3,150000.0,829,0.7913148371531966,1,4,1,1,0,1,1,0,1,0,1,1,0,alto
1,0.0,0,0.0,1,4,1,0,0,0,1,1,0,1,0,0,0,gratuito
4,10000.0,0,0.0,29,2,1,0,0,0,1,0,0,1,0,0,0,baixo
3,0.0,0,0.0,1,6,1,1,0,0,1,1,1,1,0,1,1,gratuito
3,10000.0,8,1.0,1,3,1,0,0,0,1,0,0,0,1,0,1,baixo
8,35000.0,4,1.0,1,3,1,0,0,0,1,1,0,1,0,0,0,baixo
5,10000.0,28,0.5357142857142857,7,1,1,0,0,0,0,0,1,0,0,0,0,medio_alto
3,10000.0,0,0.0,1,4,1,1,0,0,1,0,0,1,0,1,1,medio_baixo
1,10000.0,0,0.0,20,2,1,0,0,0,0,0,0,0,0,0,1,alto
7,10000.0,7,0.5714285714285714,29,4,1,1,1,0,1,1,0,1,0,0,1,baixo
7,10000.0,14,0.6428571428571429,1,3,1,0,0,0,1,0,0,0,0,0,1,baixo
3,10000.0,33,0.7878787878787878,1,5,1,1,1,0,0,1,0,0,1,1,0,medio_baixo
1,10000.0,0,0.0,2,1,1,0,0,0,1,0,0,0,0,0,0,medio_alto
3,10000.0,29,0.7931034482758621,4,2,1,0,0,0,1,0,1,0,0,0,0,medio_alto
1,350000.0,6646,0.9077640686126993,11,3,1,0,0,7,0,1,1,0,1,0,0,alto
1,10000.0,1,1.0,5,2,1,0,0,0,0,0,0,1,0,1,0,medio_alto
3,10000.0,121,0.9256198347107438,4,3,1,1,0,1,1,0,1,1,0,0,0,medio_alto
2,0.0,0,0.0,1,3,1,0,1,0,1,1,0,0,0,0,0,gratuito
5,10000.0,45,0.6222222222222222,1,3,1,0,0,0,1,1,1,0,0,0,0,baixo
2,0.0,0,0.0,103,2,1,0,0,0,1,0,0,1,0,0,0,baixo
2,350000.0,10394,0.9652684240908216,3,1,1,0,0,2,1,0,0,0,0,0,0,alto
10,150000.0,1203,0.8171238570241064,1,3,1,1,1,0,1,0,0,1,0,0,0,gratuito
7,10000.0,11,0.7272727272727273,4,2,1,0,0,0,0,0,1,1,0,0,0,alto
4,35000.0,9,0.8888888888888888,1,2,1,0,0,0,1,0,0,0,1,0,0,medio_alto
4,0.0,0,0.0,103,3,1,0,0,0,1,1,1,0,0,0,0,baixo
1,10000.0,8,1.0,2,2,1,0,1,0,1,1,0,0,0,0,0,medio_alto
6,10000.0,6,1.0,1,2,1,0,0,0,1,1,0,0,0,0,0,medio_baixo
2,10000.0,1,1.0,1,3,1,0,0,0,1,0,1,1,0,0,0,baixo
4,0.0,0,0.0,0,0,1,0,0,0,0,0,0,0,0,0,0,gratuito
3,0.0,0,0.0,1,4,1,0,1,0,1,1,1,0,0,0,0,gratuito
3,10000.0,14,0.07142857142857142,1,3,1,0,0,0,1,0,0,1,0,0,1,alto
8,10000.0,97,0.8350515463917526,10,3,1,0,0,0,1,1,0,0,0,1,0,alto
3,10000.0,6,0.8333333333333334,1,1,1,0,0,0,0,0,0,0,1,0,0,medio_alto
8,10000.0,11,0.8181818181818182,1,3,1,0,0,0,1,1,0,1,0,0,0,baixo
1,10000.0,0,0.0,5,6,1,0,0,0,1,0,1,1,0,1,1,alto
1,10000.0,0,0.0,10,1,1,0,0,0,0,0,0,0,0,0,1,baixo
1,0.0,0,0.0,43,3,1,0,0,0,0,0,0,0,0,1,1,gratuito
1,10000.0,0,0.0,1,5,1,1,1,0,1,0,1,1,1,1,0,alto
2,10000.0,11,0.5454545454545454,18,4,1,0,0,0,0,1,1,0,0,1,0,alto
8,10000.0,58,0.3793103448275862,1,1,1,0,0,0,1,0,0,0,0,0,0,baixo
2,10000.0,14,1.0,1,2,1,0,0,0,0,0,0,0,1,0,0,alto
2,0.0,0,0.0,0,0,1,0,0,0,0,0,0,0,0,0,0,gratuito
3,10000.0,3,1.0,1,4,1,0,0,0,1,1,1,1,0,0,0,baixo
5,10000.0,15,0.06666666666666667,2,1,1,0,0,0,0,1,0,0,0,0,0,baixo
1,10000.0,0,0.0,12,2,1,0,0,0,0,1,1,0,0,0,0,medio_alto
7,150000.0,25,0.64,1,3,1,0,0,0,1,1,1,0,0,0,0,baixo
4,10000.0,11,0.7272727272727273,1,2,1,0,0,0,1,1,0,0,0,0,0,baixo
2,0.0,0,0.0,1,5,1,0,0,0,1,1,1,0,1,0,0,gratuito
3,10000.0,10,0.3,1,4,1,0,0,0,1,1,1,0,0,0,1,medio_alto
3,10000.0,12,0.4166666666666667,4,3,1,0,0,1,1,0,1,0,0,0,1,medio_alto
2,0.0,0,0.0,103,8,1,1,1,0,1,1,1,1,1,1,1,alto
1,10000.0,41,0.8048780487804879,12,5,1,0,1,0,1,1,0,1,0,0,1,medio_alto
4,0.0,0,0.0,0,0,1,0,0,0,0,0,0,0,0,0,0,gratuito
8,10000.0,11,0.9090909090909091,1,3,1,0,0,0,1,0,0,1,0,1,0,medio_alto
3,10000.0,71,0.9859154929577465,7,3,1,1,0,0,1,0,0,1,0,1,0,baixo
5,150000.0,10,0.8,1,4,1,0,0,0,1,1,1,0,1,0,0,medio_baixo
3,10000.0,1,0.0,1,2,1,0,0,0,0,1,1,0,0,0,0,baixo
1,75000.0,1508,0.7619363395225465,11,1,1,0,0,4,0,1,0,0,0,0,0,alto
2,0.0,0,0.0,1,3,1,0,0,0,1,1,0,0,0,0,1,gratuito
6,10000.0,7,0.8571428571428571,1,1,1,0,0,0,1,0,0,0,0,0,0,medio_alto
8,10000.0,17,0.8823529411764706,2,2,1,1,0,0,1,0,0,1,0,0,0,medio_alto
2,10000.0,115,0.9304347826086956,1,1,1,0,0,0,0,1,0,0,0,0,0,medio_alto
10,75000.0,187,0.7112299465240641,10,1,1,1,1,0,1,0,0,0,0,0,0,baixo
2,10000.0,2,1.0,1,1,1,1,0,0,0,0,0,1,0,0,0,medio_baixo
9,10000.0,79,0.8860759493670886,4,2,1,1,0,2,1,0,1,0,0,0,0,alto
1,10000.0,0,0.0,1,2,1,0,0,0,0,0,0,1,0,0,0,baixo
5,10000.0,12,0.5833333333333334,7,4,1,0,1,0,1,0,0,1,0,1,0,alto
1,0.0,0,0.0,1,3,1,0,0,0,1,1,0,0,1,0,0,alto
17,750000.0,2611,0.7901187284565301,3,1,1,0,0,0,0,0,0,0,0,1,0,medio_baixo
2,10000.0,6,0.8333333333333334,5,2,1,0,0,0,1,0,1,0,0,0,0,medio_baixo
1,10000.0,1,1.0,1,3,1,0,0,0,0,0,0,1,0,1,0,medio_alto
1,10000.0,0,0.0,2,5,1,0,0,0,1,1,1,1,0,0,1,medio_baixo
3,150000.0,21,0.6666666666666666,5,2,1,1,1,1,1,0,1,0,0,0,0,baixo
2,0.0,0,0.0,0,0,1,0,0,0,0,0,0,0,0,0,0,gratuito
3,150000.0,1070,0.6439252336448598,5,4,1,0,0,0,1,1,0,1,1,0,0,medio_baixo
5,0.0,0,0.0,1,5,1,0,0,1,1,1,1,0,1,0,0,gratuito
2,10000.0,1,1.0,1,2,1,0,0,0,1,0,0,1,0,0,0,alto
2,0.0,0,0.0,0,0,1,0,0,0,0,0,0,0,0,0,0,gratuito
3,10000.0,21,0.9523809523809523,1,4,1,0,0,0,0,0,0,1,0,0,0,gratuito
9,10000.0,24,0.25,1,4,1,0,0,0,1,1,1,0,1,0,0,alto
1,10000.0,0,0.0,1,4,1,0,0,0,1,0,0,1,0,1,1,baixo
1,10000.0,0,0.0,27,2,1,1,1,0,1,0,0,0,0,0,1,baixo
10,35000.0,418,0.8181818181818182,6,3,1,1,1,1,1,1,0,0,0,1,0,baixo
10,35000.0,92,0.6195652173913043,1,5,1,0,0,0,1,0,1,1,1,1,0,baixo
1,10000.0,0,0.0,10,2,1,0,0,1,1,0,0,1,0,0,0,medio_alto
6,10000.0,20,0.65,11,2,1,0,0,0,1,0,0,1,0,0,0,medio_baixo
1,0.0,0,0.0,0,0,1,0,0,0,0,0,0,0,0,0,0,gratuito
1,10000.0,0,0.0,11,4,1,0,0,0,1,1,1,0,0,0,1,alto
4,0.0,0,0.0,1,2,1,0,0,0,0,0,0,1,0,0,0,gratuito
9,10000.0,40,0.6,1,6,1,0,0,0,1,1,1,0,1,0,0,gratuito
6,10000.0,10,0.8,1,2,1,0,0,0,0,0,0,0,0,0,1,gratuito
6,10000.0,49,1.0,9,2,1,1,1,0,1,0,0,0,0,1,0,medio_baixo
2,10000.0,82,0.8780487804878049,9,1,1,0,0,0,0,0,0,1,0,0,0,medio_alto
10,10000.0,66,0.8181818181818182,1,5,1,0,0,0,1,0,0,0,0,0,1,gratuito
3,350000.0,13313,0.8312176068504469,16,2,1,0,0,5,1,1,0,0,0,0,0,medio_baixo
8,350000.0,1952,0.9369877049180327,13,2,1,1,1,1,1,0,0,0,0,0,1,medio_alto
1,0.0,0,0.0,0,0,1,0,0,0,0,0,0,0,0,0,0,gratuito
8,10000.0,26,0.34615384615384615,1,6,1,1,0,0,1,0,1,1,0,1,0,medio_alto
10,750000.0,3027,0.5417905517013545,5,3,1,0,0,0,0,1,0,1,0,0,0,gratuito
9,10000.0,9,0.4444444444444444,1,3,1,1,1,0,1,0,1,0,0,0,0,alto
6,10000.0,3,0.0,1,1,1,0,0,0,0,0,0,1,0,0,0,baixo
1,10000.0,3,1.0,1,3,1,0,0,0,1,0,0,0,0,1,0,medio_alto
11,35000.0,10,0.3,1,2,1,0,0,2,1,1,0,0,0,0,0,medio_baixo
1,10000.0,7,0.8571428571428571,7,3,1,0,0,0,1,0,0,1,0,0,1,baixo
5,10000.0,9,0.7777777777777778,1,2,1,0,0,0,0,0,1,1,0,0,0,medio_alto
11,10000.0,93,0.6559139784946236,10,4,1,1,0,0,1,0,0,1,0,1,1,medio_baixo
6,10000.0,19,0.8947368421052632,1,2,1,0,0,0,1,0,0,1,0,0,0,gratuito
10,35000.0,36,0.8055555555555556,3,1,1,1,0,2,0,0,1,0,0,0,0,gratuito
2,10000.0,4,0.75,28,5,1,0,0,0,1,1,1,1,1,0,0,baixo
1,10000.0,2,0.5,1,7,1,0,0,0,1,1,0,1,0,1,0,gratuito
3,10000.0,170,0.9294117647058824,1,4,1,1,1,0,1,0,1,1,1,0,0,medio_alto
5,35000.0,39,0.6410256410256411,1,3,1,0,0,0,1,1,1,0,0,0,0,baixo
3,10000.0,5,0.6,1,4,1,0,0,0,1,1,1,1,0,0,0,medio_alto
4,10000.0,1,0.0,1,3,1,0,0,0,1,1,0,0,0,1,0,medio_baixo
8,150000.0,405,0.7432098765432099,1,2,1,1,1,0,1,0,0,1,0,0,0,baixo
9,75000.0,68,0.4411764705882353,1,4,1,0,0,0,0,1,1,0,1,0,0,medio_alto
9,10000.0,310,0.8096774193548387,1,4,1,1,0,0,1,1,0,1,0,0,0,medio_baixo
5,10000.0,3,1.0,1,4,1,0,0,0,1,0,1,0,1,0,0,medio_baixo
7,350000.0,660,0.7318181818181818,1,2,1,0,0,0,1,0,1,0,0,0,0,medio_baixo
8,10000.0,3,0.0,1,3,1,0,0,0,0,1,1,0,0,1,0,medio_alto
1,0.0,0,0.0,8,3,1,0,0,0,1,0,0,0,0,0,1,alto
3,10000.0,2,1.0,3,4,1,0,0,0,1,0,1,1,0,0,1,medio_alto
3,10000.0,2,0.5,1,4,1,0,0,0,1,1,1,0,0,1,0,baixo
10,350000.0,8061,0.9514948517553653,9,4,1,0,0,3,1,0,1,1,0,0,1,medio_baixo
4,10000.0,3,0.6666666666666666,1,3,1,0,0,0,0,0,0,1,0,0,0,medio_baixo
2,10000.0,54,1.0,1,4,1,0,0,0,1,1,1,0,0,1,0,medio_baixo
10,35000.0,62,0.6451612903225806,2,2,1,1,1,0,1,1,0,0,0,0,0,medio_baixo
8,10000.0,12,0.5,1,1,1,0,0,0,0,0,0,1,0,0,0,alto
9,10000.0,5,0.6,1,4,1,0,0,0,1,1,0,1,0,0,1,baixo
2,10000.0,5,1.0,1,3,1,0,0,0,0,0,0,0,0,1,1,alto
3,10000.0,38,0.7368421052631579,1,1,1,0,0,0,0,0,0,0,0,0,0,baixo
16,350000.0,979,0.7824310520939735,1,2,1,0,0,0,0,0,0,0,1,1,0,baixo
4,10000.0,1,1.0,1,3,1,0,0,0,1,0,0,0,1,0,1,medio_alto
12,10000.0,44,0.5,12,1,1,0,0,0,1,0,0,0,0,0,0,baixo
3,35000.0,171,0.8187134502923976,1,3,1,1,0,0,0,0,1,0,0,0,1,gratuito
2,75000.0,1780,0.9466292134831461,10,5,1,1,0,1,1,0,0,1,1,1,1,medio_alto
4,75000.0,1222,0.8854337152209493,3,4,1,0,0,1,1,0,0,1,1,0,1,medio_alto
18,150000.0,939,0.7635782747603834,6,2,1,0,0,0,0,1,1,0,0,0,0,baixo
9,75000.0,581,0.8554216867469879,8,2,1,0,1,0,1,1,0,0,0,0,0,medio_alto
1,0.0,0,0.0,0,0,1,0,0,0,0,0,0,0,0,0,0,gratuito
11,75000.0,304,0.40131578947368424,2,5,1,0,0,0,0,1,1,1,0,1,1,baixo
9,350000.0,101,0.5742574257425742,2,4,1,0,1,3,1,0,1,1,0,0,0,baixo
9,150000.0,191,0.47643979057591623,6,1,1,0,0,0,0,0,0,1,0,0,0,baixo
8,10000.0,9,0.5555555555555556,9,5,1,0,0,0,1,1,0,1,0,0,1,alto
1,0.0,0,0.0,2,4,1,1,1,0,1,0,0,1,1,0,0,gratuito
14,150000.0,2384,0.5453020134228188,11,1,1,0,0,61,0,1,0,0,0,0,0,gratuito
2,10000.0,0,0.0,1,3,1,0,0,0,1,0,0,1,0,1,0,medio_baixo
1,0.0,0,0.0,0,0,1,0,0,0,0,0,0,0,0,0,0,gratuito
11,10000.0,46,0.391304347826087,1,3,1,1,1,1,1,1,1,0,0,0,0,alto
6,10000.0,168,0.8333333333333334,1,3,1,1,0,1,1,0,1,0,0,0,0,gratuito
2,10000.0,40,0.975,1,4,1,1,0,0,1,0,0,1,0,1,0,medio_alto
8,350000.0,1181,0.7739204064352244,1,4,1,0,0,0,1,1,1,1,0,0,0,baixo
3,10000.0,0,0.0,1,1,1,0,0,2,0,0,0,1,0,0,0,baixo
5,10000.0,13,1.0,2,2,1,0,1,0,1,1,0,0,0,0,0,medio_baixo
1,10000.0,0,0.0,1,2,1,0,0,0,1,0,1,0,0,0,0,medio_alto
1,35000.0,28,0.75,5,4,1,0,0,0,1,0,1,1,0,1,0,medio_alto
3,10000.0,2,0.5,1,1,1,1,1,0,0,0,1,0,0,0,0,medio_baixo
6,10000.0,14,0.7857142857142857,1,4,1,1,0,0,1,0,1,0,1,0,0,alto
4,10000.0,0,0.0,5,1,1,1,1,0,0,0,0,1,0,0,0,medio_alto
2,10000.0,40,0.875,5,4,1,1,0,0,1,0,0,1,1,0,1,medio_alto
2,10000.0,17,1.0,3,4,1,0,0,0,1,1,0,1,0,0,0,medio_alto
4,10000.0,3,0.0,1,3,1,1,0,0,1,0,1,1,0,0,0,medio_alto
2,35000.0,261,0.6934865900383141,1,4,1,0,0,0,1,1,1,0,0,0,0,alto
2,35000.0,655,0.8702290076335878,18,5,1,1,0,0,1,1,1,1,0,0,0,alto
10,0.0,0,0.0,4,1,1,1,0,0,0,0,0,1,0,0,0,alto
6,0.0,0,0.0,0,0,1,0,0,0,0,0,0,0,0,0,0,gratuito
2,10000.0,6,1.0,8,3,1,0,0,0,1,1,0,1,0,0,0,baixo
8,150000.0,3404,0.6915393654524089,11,2,1,1,0,0,1,0,1,0,0,0,0,baixo
3,0.0,0,0.0,0,0,1,0,0,0,0,0,0,0,0,0,0,gratuito
8,10000.0,9,0.6666666666666666,1,2,1,0,0,0,1,1,0,0,0,0,0,medio_baixo
8,35000.0,189,0.9153439153439153,5,5,1,1,0,0,1,1,0,1,0,1,0,medio_alto
7,10000.0,4,0.75,2,1,1,0,0,0,1,0,0,0,0,0,0,baixo
2,10000.0,10,0.7,8,2,1,0,0,1,1,0,0,0,0,0,1,medio_alto
9,10000.0,12,0.5833333333333334,1,3,1,0,1,0,1,1,1,0,0,0,0,medio_alto
9,35000.0,7,0.7142857142857143,1,5,1,0,0,0,1,1,0,1,1,1,0,alto
9,10000.0,46,0.8913043478260869,1,1,1,1,0,1,1,0,0,0,0,0,0,gratuito
1,10000.0,3,1.0,1,3,1,0,0,0,1,1,0,0,0,0,0,medio_alto
4,10000.0,42,0.5952380952380952,1,1,1,0,0,0,0,0,0,0,0,1,0,alto
9,10000.0,29,0.5172413793103449,1,5,1,0,0,0,1,1,0,1,0,0,1,alto
1,10000.0,4,1.0,1,3,1,1,0,0,1,0,0,0,0,0,1,alto
9,35000.0,198,0.7474747474747475,4,2,1,0,0,0,1,0,0,1,0,0,0,medio_baixo
1,10000.0,0,0.0,31,2,1,0,0,0,1,0,0,1,0,0,0,baixo
10,10000.0,31,0.45161290322580644,1,5,1,0,0,0,1,1,1,0,1,0,0,medio_alto
1,10000.0,11,1.0,1,3,1,0,0,0,1,0,1,1,0,0,0,medio_alto
7,10000.0,20,0.8,1,1,1,1,1,0,1,0,0,0,0,0,0,alto
4,10000.0,18,0.8888888888888888,1,2,1,0,0,0,1,1,0,0,0,0,0,baixo
2,10000.0,7,1.0,1,2,1,0,0,0,1,1,0,0,0,0,0,gratuito
5,10000.0,108,0.8703703703703703,1,2,1,1,0,0,1,1,0,0,0,0,0,medio_baixo
5,0.0,0,0.0,2,3,1,0,0,0,0,1,1,1,0,0,0,gratuito
7,10000.0,7,1.0,2,4,1,0,0,0,0,0,1,1,1,0,1,medio_alto
2,10000.0,43,0.8604651162790697,1,3,1,0,0,0,1,1,1,0,0,0,0,baixo
5,75000.0,1,0.0,1,6,1,0,0,0,1,1,1,0,1,0,1,medio_alto
7,75000.0,917,0.742639040348964,6,4,1,1,0,2,1,1,1,0,1,0,0,medio_baixo
9,10000.0,300,0.8866666666666667,1,5,1,1,0,0,1,1,1,0,1,0,1,medio_baixo
1,0.0,0,0.0,5,10,1,0,0,0,1,1,1,1,1,1,1,gratuito
1,10000.0,0,0.0,1,3,1,0,0,0,0,1,1,0,0,0,0,alto
8,35000.0,6,0.6666666666666666,1,5,1,0,0,0,1,1,1,1,0,1,0,baixo
5,10000.0,3,1.0,1,2,1,0,0,1,0,0,1,1,0,0,0,medio_baixo
5,10000.0,12,1.0,1,2,1,0,0,0,0,0,0,1,0,1,0,baixo
6,10000.0,13,0.8461538461538461,1,4,1,0,0,0,1,0,0,1,0,0,1,baixo
2,35000.0,267,0.8352059925093633,3,3,1,0,0,2,1,0,0,0,0,1,1,medio_alto
2,0.0,0,0.0,4,7,1,0,0,0,0,1,1,0,1,1,1,gratuito
1,0.0,0,0.0,1,2,1,0,0,0,1,0,0,1,0,0,0,medio_baixo
11,3500000.0,18110,0.7853672004417449,9,3,1,0,0,1,0,1,1,0,1,0,0,alto
2,0.0,0,0.0,0,0,1,0,0,0,0,0,0,0,0,0,0,gratuito
1,10000.0,0,0.0,28,3,1,0,0,0,1,0,0,1,0,1,0,baixo
1,0.0,0,0.0,4,5,1,0,0,0,1,1,0,1,0,1,0,gratuito
7,10000.0,196,0.8826530612244898,4,3,1,1,1,0,1,1,0,1,0,0,0,baixo
3,10000.0,0,0.0,5,4,1,0,0,0,1,0,0,1,0,0,1,gratuito
4,0.0,0,0.0,1,1,1,0,0,0,1,0,0,0,0,0,0,gratuito
1,0.0,0,0.0,0,0,1,0,0,0,0,0,0,0,0,0,0,gratuito
2,10000.0,7,1.0,1,3,1,0,0,0,1,1,0,1,0,0,0,medio_baixo
9,35000.0,33,0.6060606060606061,5,1,1,0,0,0,0,0,0,1,0,0,0,baixo
1,0.0,0,0.0,1,2,1,0,0,0,1,0,0,0,1,0,0,medio_alto
6,35000.0,155,0.9419354838709677,2,4,1,0,0,0,1,0,1,1,0,0,0,gratuito
2,10000.0,112,0.6875,2,1,1,0,0,0,1,0,0,0,0,0,0,baixo
7,10000.0,38,0.9473684210526315,1,2,1,1,1,1,1,1,0,0,0,0,0,alto
2,10000.0,3,1.0,1,3,1,0,0,0,1,1,1,0,0,0,0,alto
5,10000.0,3,1.0,3,2,1,1,0,0,1,0,1,0,0,0,0,baixo
1,10000.0,0,0.0,14,4,1,0,0,4,0,0,1,1,1,0,1,alto
1,10000.0,24,0.6666666666666666,4,3,1,0,0,0,1,0,1,0,1,0,0,medio_baixo
2,0.0,0,0.0,0,0,1,0,0,0,0,0,0,0,0,0,0,gratuito
9,150000.0,1399,0.9599714081486777,1,2,1,0,0,0,1,0,1,0,0,0,0,medio_baixo
4,35000.0,268,0.8246268656716418,5,3,1,0,0,0,1,1,1,0,0,0,0,medio_baixo
1,0.0,0,0.0,1,2,1,0,0,0,1,1,0,0,0,0,0,medio_baixo
3,10000.0,35,0.4,7,2,1,0,0,0,0,1,1,0,0,0,0,baixo
10,150000.0,234,0.6837606837606838,1,3,1,1,0,0,0,0,0,0,0,0,0,gratuito
4,10000.0,17,0.7647058823529411,9,2,1,1,0,0,0,0,0,0,0,1,1,alto
10,10000.0,71,0.8169014084507042,7,2,1,1,1,0,1,0,0,0,0,1,0,baixo
2,350000.0,8,1.0,12,3,1,0,0,0,1,0,1,1,0,0,0,medio_alto
2,10000.0,30,0.7666666666666667,1,6,1,0,0,0,1,1,1,1,0,1,0,medio_alto
3,10000.0,3,1.0,1,2,1,0,0,0,1,0,1,0,0,0,0,medio_alto
10,150000.0,256,0.6171875,1,3,1,0,0,1,1,0,1,0,1,0,0,baixo
9,75000.0,141,0.5035460992907801,2,9,1,1,1,0,1,1,1,0,1,1,0,gratuito
1,0.0,0,0.0,3,3,1,0,0,0,1,0,1,0,0,0,0,gratuito
2,0.0,0,0.0,0,0,1,0,0,0,0,0,0,0,0,0,0,gratuito
1,10000.0,0,0.0,1,3,1,0,0,0,1,1,0,1,0,0,0,medio_alto
1,0.0,0,0.0,0,0,1,0,0,0,0,0,0,0,0,0,0,gratuito
10,75000.0,57,0.7543859649122807,1,3,1,0,0,0,1,1,0,1,0,0,0,baixo
1,10000.0,0,0.0,2,2,1,0,0,0,1,0,0,0,0,0,1,baixo
7,10000.0,21,0.7619047619047619,1,3,1,0,0,0,1,0,1,0,1,0,0,medio_baixo
7,10000.0,29,0.896551724137931,1,4,1,1,0,0,1,1,1,1,0,0,0,medio_alto
11,10000.0,28,0.7857142857142857,1,1,1,0,0,0,1,0,0,0,0,0,0,baixo
2,10000.0,0,0.0,1,5,1,1,0,0,1,1,0,1,0,1,1,medio_alto
1,10000.0,0,0.0,1,6,1,0,0,0,1,1,1,0,0,1,1,alto
2,10000.0,36,0.9722222222222222,3,5,1,0,0,0,1,0,1,1,0,1,1,baixo
2,10000.0,4,1.0,1,7,1,0,0,0,0,1,1,1,1,1,0,gratuito
3,0.0,0,0.0,1,3,1,0,0,0,1,0,0,1,0,1,0,gratuito
5,10000.0,11,1.0,1,4,1,0,0,0,1,1,1,1,0,0,0,baixo
5,0.0,0,0.0,0,0,1,0,0,0,0,0,0,0,0,0,0,gratuito
8,10000.0,34,0.7058823529411765,2,3,1,0,0,0,1,0,0,1,0,1,0,baixo
3,10000.0,2,1.0,2,4,1,0,0,0,1,0,1,0,1,1,0,baixo
4,75000.0,16,0.8125,3,6,1,0,0,0,1,0,1,1,1,1,1,medio_alto
4,10000.0,10,0.8,1,4,1,0,0,0,1,0,1,1,0,0,1,baixo
4,10000.0,0,0.0,18,2,1,0,0,0,0,0,0,1,0,0,1,alto
15,35000.0,44,0.7727272727272727,2,1,1,0,0,0,0,0,0,0,0,1,0,medio_alto
1,0.0,0,0.0,1,2,1,0,1,0,0,0,1,0,0,0,0,gratuito
2,10000.0,0,0.0,1,2,1,0,0,0,1,0,0,1,0,0,0,medio_alto
5,10000.0,75,0.7866666666666666,9,2,1,0,0,0,0,0,0,1,0,1,0,baixo
1,0.0,0,0.0,1,2,1,0,0,0,0,1,0,0,0,0,0,gratuito
4,10000.0,16,0.875,1,4,1,1,1,0,1,0,0,1,0,1,1,medio_baixo
5,350000.0,2201,0.6846887778282599,4,4,1,0,0,0,1,1,1,0,1,0,0,medio_baixo
1,35000.0,16,0.6875,1,3,1,0,0,0,1,1,0,0,1,0,0,medio_alto
5,0.0,0,0.0,0,0,1,0,0,0,0,0,0,0,0,0,0,gratuito
7,10000.0,1,1.0,1,2,1,0,0,0,0,1,0,1,0,0,0,medio_alto
1,0.0,0,0.0,1,4,1,1,1,0,1,1,1,1,0,0,0,medio_baixo
3,10000.0,0,0.0,4,1,1,0,0,0,0,0,1,0,0,0,0,alto
1,10000.0,36,1.0,1,3,1,0,0,0,1,1,1,0,0,0,0,medio_alto
2,10000.0,0,0.0,10,1,1,0,0,0,0,0,0,0,1,0,0,baixo
8,35000.0,25,0.84,3,2,1,0,0,0,1,0,0,1,0,0,0,baixo
6,10000.0,1,0.0,1,2,1,0,0,0,0,1,1,0,0,0,0,alto
8,10000.0,0,0.0,2,1,1,0,0,0,0,0,0,0,0,0,0,medio_alto
3,10000.0,4,0.75,1,2,1,0,0,0,1,0,0,0,0,0,0,gratuito
3,10000.0,51,0.5294117647058824,2,2,1,0,0,0,0,0,1,0,0,0,1,baixo
6,10000.0,317,0.9621451104100947,3,2,1,0,0,0,1,1,0,0,0,0,0,medio_alto
3,35000.0,9,0.8888888888888888,1,3,1,1,0,0,1,1,0,1,0,0,0,medio_baixo
9,10000.0,25,0.96,1,4,1,1,0,0,0,0,1,1,0,1,1,gratuito
3,0.0,0,0.0,0,0,1,0,0,0,0,0,0,0,0,0,0,gratuito
4,0.0,0,0.0,0,0,1,0,0,0,0,0,0,0,0,0,0,gratuito
3,0.0,0,0.0,0,0,1,0,0,0,0,0,0,0,0,0,0,gratuito
6,10000.0,19,0.7894736842105263,1,2,1,1,0,0,1,1,0,0,0,0,0,medio_baixo
1,0.0,0,0.0,1,2,1,0,0,0,1,1,0,0,0,0,0,medio_baixo
6,10000.0,25,0.92,1,4,1,0,0,0,1,1,1,0,0,0,0,gratuito
3,0.0,0,0.0,0,0,1,0,0,0,0,0,0,0,0,0,0,gratuito
3,10000.0,4,1.0,1,3,1,0,0,0,1,1,0,0,1,0,0,baixo
3,0.0,0,0.0,0,0,1,0,0,0,0,0,0,0,0,0,0,gratuito
1,75000.0,1955,0.9815856777493606,10,3,1,1,0,2,1,0,1,0,0,1,0,alto
1,10000.0,0,0.0,2,2,1,0,0,0,1,0,0,1,0,0,0,alto
10,10000.0,35,0.8857142857142857,2,2,1,0,0,1,1,1,0,0,0,0,0,medio_alto
2,10000.0,2,1.0,2,3,1,0,0,0,1,0,1,1,0,0,0,baixo
5,10000.0,8,0.875,1,3,1,0,0,0,1,0,0,1,0,1,0,baixo
10,35000.0,109,0.7247706422018348,1,2,1,0,0,0,1,0,0,0,0,1,0,medio_alto
3,10000.0,0,0.0,1,2,1,0,0,0,1,0,0,1,0,0,0,baixo
1,10000.0,2,0.5,2,3,1,0,0,0,0,0,1,0,0,0,1,medio_alto
3,0.0,0,0.0,0,0,1,0,0,0,0,0,0,0,0,0,0,gratuito
4,10000.0,1,1.0,1,1,1,1,1,0,0,0,0,1,0,0,0,medio_baixo
7,10000.0,111,0.7837837837837838,1,4,1,0,0,0,1,0,0,1,1,0,0,gratuito
4,0.0,0,0.0,1,2,1,0,0,0,1,0,1,0,0,0,0,gratuito
2,10000.0,1,1.0,1,3,1,0,0,0,1,0,0,1,0,1,0,baixo
4,10000.0,14,1.0,1,2,1,0,0,0,1,0,0,0,0,0,0,medio_alto
2,10000.0,1,0.0,1,4,1,0,0,0,1,1,1,0,0,0,0,alto
5,0.0,0,0.0,2,3,1,0,0,0,0,0,1,0,1,0,0,gratuito
9,150000.0,1448,0.8625690607734806,3,3,1,1,1,2,1,0,1,0,1,0,0,medio_alto
4,75000.0,431,0.7865429234338747,7,3,1,0,0,0,1,0,0,0,0,1,1,alto
12,3500000.0,19242,0.8410768111422929,17,6,1,1,1,25,1,1,0,1,0,1,1,gratuito
2,10000.0,63,0.6666666666666666,1,1,1,0,0,0,0,1,0,0,0,0,0,baixo
5,10000.0,1,0.0,2,4,1,0,0,0,1,1,0,1,0,0,1,baixo
3,10000.0,47,0.9574468085106383,1,3,1,0,0,0,0,0,0,0,0,0,1,alto
10,10000.0,9,1.0,1,2,1,0,0,0,1,1,0,0,0,0,0,alto
7,10000.0,27,0.6666666666666666,1,3,1,0,0,0,1,0,0,1,0,0,0,gratuito
6,10000.0,0,0.0,1,1,1,0,0,0,0,0,0,0,1,0,0,medio_alto
4,10000.0,51,0.9411764705882353,1,3,1,0,0,0,0,0,0,0,1,1,0,alto
4,75000.0,5,1.0,2,4,1,0,0,0,1,0,0,1,0,1,0,gratuito
6,10000.0,0,0.0,1,2,1,1,1,0,1,0,0,1,0,0,0,medio_alto
10,350000.0,730,0.8753424657534247,1,1,1,1,1,10,1,0,0,0,0,0,0,gratuito
1,0.0,0,0.0,1,3,1,0,0,0,1,0,0,1,0,0,1,alto
1,10000.0,0,0.0,1,4,1,0,0,0,1,1,1,0,0,0,0,alto
2,10000.0,29,1.0,1,3,1,1,0,0,1,0,0,1,0,1,0,alto
2,10000.0,7,0.7142857142857143,10,3,1,0,0,0,1,0,0,1,0,0,1,alto
6,10000.0,8,0.25,2,4,1,0,0,0,1,1,1,0,0,1,0,baixo
2,0.0,0,0.0,0,0,1,0,0,0,0,0,0,0,0,0,0,gratuito
13,1500000.0,10040,0.9206175298804781,9,2,1,1,1,2,0,0,1,0,1,0,0,medio_alto
1,0.0,0,0.0,0,0,1,0,0,0,0,0,0,0,0,0,0,gratuito
11,10000.0,42,0.6428571428571429,1,4,1,0,0,0,1,0,0,1,0,1,1,medio_baixo
1,10000.0,0,0.0,1,1,1,0,0,0,0,0,0,1,0,0,0,alto
2,10000.0,10,0.9,21,2,1,0,0,0,1,0,0,1,0,0,0,medio_baixo
1,0.0,0,0.0,1,4,1,0,1,0,1,0,0,1,0,0,1,alto
3,10000.0,0,0.0,7,3,1,0,0,0,1,0,0,1,0,0,0,gratuito
11,35000.0,155,0.6774193548387096,1,4,1,0,0,1,1,0,1,0,1,0,1,medio_alto
9,10000.0,9,0.7777777777777778,8,1,1,0,1,0,1,0,0,0,0,0,0,baixo
8,10000.0,50,0.86,1,3,1,0,0,0,1,0,1,0,1,0,0,medio_alto
1,10000.0,1,1.0,1,1,1,0,0,0,0,0,0,0,0,0,1,baixo
3,10000.0,27,0.6296296296296297,4,3,1,0,0,0,1,1,0,1,0,0,0,medio_alto
10,35000.0,116,0.5948275862068966,1,2,1,0,0,0,1,0,0,1,0,0,0,baixo
5,10000.0,9,0.1111111111111111,1,2,1,0,0,0,1,0,0,1,0,0,0,baixo
12,75000.0,549,0.9143897996357013,2,3,1,0,0,1,1,1,0,0,1,0,0,alto
1,0.0,0,0.0,0,0,1,0,0,0,0,0,0,0,0,0,0,gratuito
2,10000.0,8,1.0,1,2,1,1,1,0,1,1,0,0,0,0,0,medio_alto
9,150000.0,265,0.4679245283018868,1,3,1,1,1,1,1,1,1,0,0,0,0,medio_baixo
3,10000.0,28,0.8214285714285714,7,3,1,0,0,0,1,1,1,0,0,0,0,baixo
1,10000.0,23,0.9130434782608695,2,3,1,1,1,1,1,0,1,0,0,1,0,alto
4,75000.0,1,1.0,3,2,1,0,0,0,0,1,1,0,0,0,0,baixo
7,10000.0,6,0.3333333333333333,1,2,1,0,0,0,1,1,0,0,0,0,0,medio_baixo
1,0.0,0,0.0,0,0,1,0,0,0,0,0,0,0,0,0,0,gratuito
8,10000.0,0,0.0,27,6,1,0,0,0,1,1,1,1,1,1,0,baixo
5,10000.0,19,0.631578947368421,1,4,1,1,1,0,1,1,0,0,0,0,0,medio_baixo
1,10000.0,0,0.0,1,4,1,0,0,0,1,0,1,1,0,0,0,gratuito
7,35000.0,62,0.8709677419354839,1,4,1,0,1,0,0,0,0,0,0,0,0,gratuito
3,75000.0,398,0.8567839195979899,2,4,1,0,0,0,1,0,0,1,1,0,1,medio_baixo
1,0.0,0,0.0,2,2,1,0,0,0,0,0,0,0,0,0,0,medio_baixo
2,10000.0,110,0.9727272727272728,1,2,1,0,0,0,1,1,0,0,0,0,0,medio_baixo
3,0.0,0,0.0,2,1,1,1,0,0,1,0,0,0,0,0,0,gratuito
3,0.0,0,0.0,2,4,1,0,0,0,1,1,1,0,0,0,0,gratuito
8,10000.0,5,0.6,1,1,1,0,0,0,0,0,0,1,0,0,0,gratuito
2,10000.0,0,0.0,1,1,1,0,0,1,0,0,0,0,0,0,0,alto
6,10000.0,22,1.0,2,3,1,0,0,0,1,1,1,0,0,0,0,medio_baixo
6,10000.0,3,0.6666666666666666,2,4,1,0,0,0,1,1,0,1,0,0,0,medio_baixo
3,10000.0,1,0.0,1,5,1,0,0,0,1,1,1,0,0,1,0,medio_alto
2,10000.0,20,1.0,1,3,1,0,0,0,1,0,1,1,0,0,0,baixo
1,0.0,0,0.0,1,5,1,0,0,0,1,1,1,1,0,0,0,alto
6,10000.0,8,0.875,1,2,1,0,0,0,1,0,1,0,0,0,0,baixo
5,10000.0,47,0.6382978723404256,1,6,1,0,0,0,1,1,1,1,1,0,1,baixo
3,10000.0,18,0.8333333333333334,5,3,1,0,0,0,1,1,1,0,0,0,0,alto
2,10000.0,1,0.0,1,4,1,0,0,0,0,1,1,0,1,0,1,baixo
3,10000.0,15,0.8,10,4,1,0,0,0,0,1,1,0,1,0,1,baixo
7,10000.0,39,0.7692307692307693,1,3,1,0,0,0,1,0,1,0,1,0,0,medio_baixo
1,35000.0,532,0.9135338345864662,1,3,1,0,0,0,1,0,0,0,1,1,0,alto
4,10000.0,1,1.0,1,1,1,0,0,0,0,1,0,0,0,0,0,baixo
10,10000.0,125,0.696,2,2,1,0,0,1,1,1,0,0,0,0,0,medio_baixo
2,10000.0,1,0.0,9,2,1,0,0,0,0,1,0,1,0,0,0,baixo
4,10000.0,0,0.0,1,2,1,0,0,0,1,0,0,1,0,0,0,baixo
2,10000.0,4,1.0,8,4,1,0,0,0,1,1,0,0,0,0,1,baixo
12,1500000.0,10236,0.7565455255959359,4,8,1,1,1,1,1,1,1,1,1,1,0,gratuito
5,10000.0,3,1.0,1,2,1,0,0,0,1,1,0,0,0,0,0,baixo
5,10000.0,0,0.0,1,4,1,1,0,0,1,1,1,0,0,0,0,gratuito
4,10000.0,8,1.0,1,4,1,0,0,0,1,1,0,1,0,0,0,baixo
2,35000.0,269,0.8401486988847584,12,3,1,0,0,1,0,0,1,1,0,0,1,alto
2,10000.0,110,0.7545454545454545,3,2,1,0,0,0,0,0,0,0,1,0,1,alto
5,0.0,0,0.0,0,0,1,0,0,0,0,0,0,0,0,0,0,gratuito
9,75000.0,343,0.760932944606414,2,4,1,1,1,0,1,1,1,1,0,0,0,baixo
2,10000.0,2,1.0,1,4,1,0,0,0,1,0,1,1,0,0,1,baixo
2,10000.0,7,0.2857142857142857,9,3,1,0,0,1,0,1,0,0,1,1,0,alto
3,10000.0,5,0.6,7,3,1,1,0,0,1,0,1,0,0,1,0,medio_baixo
1,0.0,0,0.0,0,0,1,0,0,0,0,0,0,0,0,0,0,gratuito
4,10000.0,5,0.2,2,4,1,0,0,5,0,0,1,0,1,1,1,alto
2,350000.0,2646,0.7399848828420257,8,1,1,0,1,0,0,1,0,0,0,0,0,medio_alto
1,10000.0,1,0.0,9,4,1,0,0,0,1,0,0,1,0,1,1,medio_alto
9,75000.0,49,0.6122448979591837,26,3,1,1,1,0,1,0,0,1,0,1,0,medio_baixo
9,150000.0,867,0.7001153402537486,1,2,1,1,1,0,1,1,0,0,0,0,0,baixo
5,10000.0,21,0.9523809523809523,1,1,1,1,0,0,0,0,0,1,0,0,0,gratuito
5,75000.0,253,0.8735177865612648,1,2,1,0,0,0,0,0,0,0,0,0,1,gratuito
5,10000.0,18,0.9444444444444444,12,4,1,0,0,0,1,0,0,1,0,1,1,alto
1,10000.0,0,0.0,1,1,1,0,0,0,0,0,0,1,0,0,0,medio_alto
9,10000.0,18,0.7777777777777778,2,1,1,0,0,0,0,1,0,0,0,0,0,medio_alto
1,10000.0,0,0.0,1,3,1,0,1,0,1,0,0,1,0,0,0,gratuito
1,10000.0,18,1.0,3,3,1,1,1,1,1,0,0,1,0,1,0,medio_baixo
9,10000.0,92,0.7065217391304348,1,3,1,0,0,0,0,0,1,1,0,0,0,gratuito
3,35000.0,5,1.0,1,3,1,0,0,0,1,1,0,0,0,1,0,medio_baixo
4,10000.0,109,0.944954128440367,4,1,1,1,1,0,1,0,0,0,0,0,0,baixo
6,10000.0,16,0.8125,2,3,1,0,0,0,1,1,0,1,0,0,0,baixo
6,10000.0,671,0.886736214605067,1,3,1,0,0,0,1,0,1,0,0,1,0,gratuito
10,10000.0,39,0.3076923076923077,1,4,1,0,0,0,1,1,1,0,0,0,0,medio_baixo
2,0.0,0,0.0,0,0,1,0,0,0,0,0,0,0,0,0,0,gratuito
3,10000.0,16,0.625,1,2,1,0,0,0,0,0,0,0,0,0,1,gratuito
1,10000.0,0,0.0,14,2,1,0,0,0,0,0,0,1,0,0,1,alto
4,0.0,0,0.0,1,5,1,0,0,1,1,0,1,1,1,0,0,gratuito
7,150000.0,287,0.6445993031358885,2,5,1,0,0,0,1,0,1,1,0,1,0,baixo
8,10000.0,4,0.25,1,6,1,0,0,0,1,0,1,1,0,1,1,baixo
8,10000.0,383,0.8381201044386423,2,3,1,0,0,0,1,1,1,0,0,0,0,alto
8,10000.0,74,0.6081081081081081,5,4,1,0,0,0,1,1,1,0,1,0,0,baixo
2,35000.0,273,0.7802197802197802,10,3,1,0,0,0,1,1,1,0,0,0,0,medio_alto
4,10000.0,0,0.0,1,2,1,0,0,4,0,0,0,1,0,0,0,gratuito
1,0.0,0,0.0,1,6,1,1,0,0,1,1,1,1,0,0,0,gratuito
2,10000.0,1,1.0,1,3,1,0,0,0,1,0,0,1,0,0,1,medio_baixo
4,10000.0,0,0.0,13,2,1,0,0,0,0,0,0,1,1,0,0,baixo
1,0.0,0,0.0,0,0,1,0,0,0,0,0,0,0,0,0,0,gratuito
8,10000.0,16,0.375,3,4,1,0,0,0,0,1,0,0,1,1,0,gratuito
3,0.0,0,0.0,1,3,1,0,0,0,1,1,0,1,0,0,0,gratuito
3,10000.0,2,0.5,3,3,1,1,0,0,1,0,1,1,0,0,0,medio_alto
2,0.0,0,0.0,3,4,1,0,0,1,1,1,1,0,0,0,0,gratuito
3,10000.0,2,1.0,1,4,1,0,1,0,1,1,0,1,0,0,1,medio_baixo
1,10000.0,0,0.0,30,2,1,0,0,0,1,0,0,1,0,0,0,baixo
4,35000.0,3,0.6666666666666666,1,4,1,0,0,0,1,1,1,0,1,0,0,alto
3,10000.0,8,0.75,1,2,1,1,1,0,1,1,0,0,0,0,0,baixo
1,0.0,0,0.0,30,3,1,1,1,0,0,0,0,1,1,0,1,medio_alto
5,10000.0,9,0.8888888888888888,1,7,1,0,0,0,1,0,0,1,1,0,1,medio_alto
1,10000.0,0,0.0,3,3,1,1,0,3,1,1,1,0,0,0,0,alto
3,10000.0,6,1.0,2,3,1,0,0,0,1,0,0,1,0,0,0,medio_alto
2,10000.0,18,0.8333333333333334,2,2,1,0,0,0,0,0,0,0,1,0,0,baixo
2,10000.0,29,0.8620689655172413,1,3,1,0,0,0,1,1,1,0,0,0,0,baixo
4,10000.0,315,0.8412698412698413,1,6,1,0,0,0,1,1,1,1,0,0,0,gratuito
4,10000.0,250,0.944,12,4,1,0,0,0,1,0,0,0,0,0,1,medio_alto
4,0.0,0,0.0,0,0,1,0,0,0,0,0,0,0,0,0,0,gratuito
6,350000.0,2721,0.8732083792723263,1,5,1,0,0,0,1,1,0,1,0,0,1,gratuito
8,10000.0,3,0.6666666666666666,1,2,1,0,0,0,1,0,0,0,0,1,0,medio_baixo
8,10000.0,21,0.7142857142857143,2,5,1,1,0,0,1,1,1,0,0,0,0,alto
2,10000.0,1,0.0,1,4,1,0,0,0,1,0,1,1,0,0,1,alto
12,75000.0,707,0.8783592644978784,1,3,1,1,0,1,1,0,1,1,0,0,0,baixo
1,0.0,0,0.0,3,2,1,1,0,0,0,0,1,1,0,0,0,medio_alto
7,10000.0,4,0.0,1,3,1,0,0,0,1,1,0,1,0,0,0,medio_baixo
4,0.0,0,0.0,1,5,1,0,0,0,1,1,0,1,0,0,0,gratuito
4,35000.0,167,0.7425149700598802,9,4,1,0,1,0,1,1,1,0,1,0,0,alto
2,150000.0,3,0.3333333333333333,4,1,1,0,0,0,1,0,0,0,0,0,0,medio_alto
4,10000.0,53,0.6792452830188679,2,3,1,1,0,0,0,0,0,0,0,1,1,alto
1,0.0,0,0.0,1,3,1,1,0,0,1,1,0,0,0,0,0,alto
1,0.0,0,0.0,1,2,1,0,0,0,0,0,0,0,0,0,0,gratuito
2,10000.0,13,0.6923076923076923,2,1,1,0,0,0,1,0,0,0,0,0,0,medio_baixo
4,10000.0,16,0.875,1,4,1,0,0,0,1,1,0,0,1,0,0,medio_alto
10,10000.0,111,0.7927927927927928,1,3,1,1,0,0,1,0,1,0,1,0,0,medio_alto
1,75000.0,1930,0.8362694300518134,6,3,1,0,0,2,1,0,0,0,1,1,0,alto
1,10000.0,0,0.0,1,2,1,0,0,4,0,0,0,1,0,1,0,medio_baixo
6,35000.0,139,0.6474820143884892,13,1,1,0,0,0,0,0,0,0,0,0,0,medio_alto
3,10000.0,62,0.8548387096774194,8,3,1,0,0,0,1,1,1,0,0,0,0,alto
5,0.0,0,0.0,0,0,1,0,0,0,0,0,0,0,0,0,0,gratuito
1,10000.0,6,0.8333333333333334,1,1,1,0,0,0,0,0,1,0,0,0,0,medio_baixo
5,10000.0,7,0.5714285714285714,4,1,1,0,0,0,0,0,0,1,0,0,0,alto
1,10000.0,7,1.0,1,4,1,0,0,0,1,1,0,0,1,0,0,medio_alto
4,10000.0,1,0.0,1,2,1,0,0,0,0,1,1,0,0,0,0,medio_alto
4,10000.0,12,0.8333333333333334,1,2,1,0,0,0,0,0,1,0,0,0,1,alto
1,10000.0,0,0.0,2,3,1,1,1,0,1,0,0,1,0,0,1,alto
1,0.0,0,0.0,2,2,1,0,0,0,1,0,0,0,0,0,0,gratuito
10,35000.0,44,0.8863636363636364,1,3,1,0,0,0,0,0,1,1,0,0,0,gratuito
1,0.0,0,0.0,3,4,1,0,0,1,1,0,1,1,0,0,0,gratuito
1,10000.0,2,0.5,2,4,1,0,0,0,1,1,0,1,0,0,0,alto
4,0.0,0,0.0,1,3,1,1,0,0,1,0,1,0,0,1,0,gratuito
5,10000.0,18,0.6666666666666666,5,2,1,0,0,0,0,1,0,1,0,0,0,medio_alto
4,10000.0,0,0.0,1,5,1,0,0,0,1,1,1,1,0,0,1,medio_baixo
7,10000.0,16,0.9375,1,7,1,1,0,0,1,1,1,1,1,1,1,medio_baixo
3,10000.0,0,0.0,6,2,1,0,0,0,0,0,1,1,0,0,0,alto
9,10000.0,15,0.8,1,2,1,1,0,0,1,1,0,0,0,0,0,gratuito
1,10000.0,61,0.9180327868852459,6,4,1,0,0,0,1,1,0,1,1,0,0,medio_alto
7,10000.0,138,0.9565217391304348,2,4,1,1,0,0,1,0,1,1,0,0,1,alto
8,10000.0,4,0.5,1,4,1,0,0,0,1,1,1,1,0,0,0,baixo
10,10000.0,5,0.8,1,4,1,0,0,0,1,1,1,0,1,0,0,alto
5,350000.0,2,0.5,2,6,1,0,0,0,1,0,1,1,0,1,1,alto
6,150000.0,6,0.8333333333333334,1,1,1,0,0,0,0,0,0,0,0,0,1,alto
8,10000.0,33,0.18181818181818182,1,4,1,0,0,0,1,0,1,0,1,0,0,baixo
3,10000.0,4,1.0,2,3,1,0,0,0,1,0,0,1,0,1,0,alto
2,0.0,0,0.0,3,4,1,0,0,0,1,1,0,1,0,0,0,gratuito
6,10000.0,79,0.7341772151898734,1,4,1,1,0,0,1,1,1,0,0,0,0,alto
1,0.0,0,0.0,1,2,1,0,0,0,0,1,0,0,0,0,0,gratuito
1,10000.0,253,0.9011857707509882,1,5,1,0,1,1,1,1,1,1,0,0,1,medio_baixo
2,10000.0,3,1.0,1,3,1,0,1,0,1,0,1,1,0,0,0,medio_baixo
2,10000.0,5,1.0,3,3,1,1,0,0,1,1,0,1,0,0,0,baixo
4,10000.0,253,0.9802371541501976,4,4,1,1,0,0,1,0,0,0,0,0,0,alto
7,10000.0,13,0.8461538461538461,9,4,1,0,0,0,1,1,0,1,0,0,0,baixo
1,10000.0,7,0.8571428571428571,7,2,1,0,0,1,1,1,0,0,0,0,0,alto
11,10000.0,16,0.5,2,3,1,1,1,0,1,0,0,0,0,0,1,alto
2,10000.0,2,1.0,2,3,1,0,0,0,1,0,1,0,0,1,0,medio_baixo
9,10000.0,38,0.9736842105263158,1,4,1,1,1,0,1,1,0,1,0,0,0,medio_baixo
4,35000.0,80,0.4,1,2,1,0,0,0,0,0,0,1,0,0,0,gratuito
3,0.0,0,0.0,0,0,1,0,0,0,0,0,0,0,0,0,0,gratuito
8,10000.0,95,0.8210526315789474,5,2,1,0,0,1,1,1,0,0,0,0,0,gratuito
4,10000.0,23,0.6956521739130435,15,2,1,1,1,1,1,0,0,0,0,1,0,alto
5,10000.0,5,0.8,1,2,1,0,0,1,0,0,1,0,1,0,0,baixo
7,10000.0,5,0.8,1,7,1,1,1,0,1,1,0,1,0,0,1,alto
5,10000.0,24,0.7916666666666666,1,4,1,0,0,0,1,0,0,1,0,0,1,alto
5,10000.0,3,1.0,1,3,1,0,0,0,0,1,1,1,0,0,0,baixo
1,0.0,0,0.0,0,0,1,0,0,0,0,0,0,0,0,0,0,gratuito
7,75000.0,385,0.6987012987012987,3,2,1,0,0,0,1,0,0,0,1,0,0,medio_alto
3,35000.0,5,1.0,1,3,1,0,0,0,1,1,1,0,0,0,0,medio_alto
2,0.0,0,0.0,0,0,1,0,0,0,0,0,0,0,0,0,0,gratuito
2,10000.0,179,0.770949720670391,13,4,1,0,0,0,1,0,0,1,0,0,1,baixo
5,10000.0,19,0.8421052631578947,2,3,1,0,0,0,1,0,1,1,0,0,0,medio_baixo
7,10000.0,8,0.5,1,3,1,1,0,0,1,1,0,1,0,0,0,gratuito
1,10000.0,0,0.0,6,5,1,0,0,0,1,0,0,1,1,0,1,alto
5,10000.0,0,0.0,13,3,1,0,0,0,0,0,0,1,1,0,1,medio_alto
5,350000.0,938,0.8550106609808102,1,2,1,0,1,0,0,1,0,0,0,0,0,gratuito
2,10000.0,4,0.75,2,4,1,0,0,0,1,1,1,1,0,0,0,medio_baixo
5,10000.0,0,0.0,1,4,1,0,0,0,1,1,1,1,0,0,0,baixo
10,10000.0,51,0.9019607843137255,7,2,1,0,0,1,1,1,0,0,0,0,0,alto
4,10000.0,34,0.7058823529411765,3,2,1,0,0,0,0,0,1,0,1,0,0,alto
5,0.0,0,0.0,0,0,1,0,0,0,0,0,0,0,0,0,0,gratuito
3,10000.0,5,0.4,1,4,1,0,0,0,1,0,1,1,0,0,0,medio_alto
19,750000.0,2666,0.8540885221305327,5,1,1,0,0,8,0,0,0,0,0,0,0,medio_alto
8,35000.0,50,0.86,1,4,1,0,0,0,1,0,0,1,1,0,0,gratuito
1,0.0,0,0.0,2,2,1,0,0,0,1,1,0,0,0,0,0,alto
2,10000.0,2,0.5,1,1,1,0,0,0,0,0,1,0,0,0,0,medio_baixo
4,0.0,0,0.0,0,0,1,0,0,0,0,0,0,0,0,0,0,gratuito
6,10000.0,0,0.0,103,1,1,0,0,0,0,1,0,0,0,0,0,baixo
7,10000.0,184,0.9402173913043478,1,2,1,0,0,1,1,0,1,0,0,0,0,medio_baixo
12,350000.0,3502,0.6427755568246716,15,3,1,1,1,1,1,0,0,1,0,0,1,medio_baixo
1,10000.0,0,0.0,1,3,1,1,1,0,1,0,0,1,0,0,1,alto
2,10000.0,93,0.9139784946236559,6,4,1,0,0,1,1,1,1,0,1,0,0,alto
8,150000.0,520,0.7423076923076923,2,7,1,1,0,4,1,0,1,1,1,1,0,gratuito
1,10000.0,3,0.3333333333333333,1,3,1,0,0,0,1,0,0,1,0,1,0,baixo
5,75000.0,119,0.6386554621848739,29,6,1,0,0,0,1,1,1,0,0,1,1,alto
1,0.0,0,0.0,0,0,1,0,0,0,0,0,0,0,0,0,0,gratuito
3,75000.0,215,0.827906976744186,1,3,1,1,0,0,1,1,0,0,0,0,0,gratuito
6,10000.0,177,0.9661016949152542,1,2,1,0,0,0,1,0,0,0,1,0,0,alto
5,10000.0,27,0.5555555555555556,1,2,1,0,0,1,1,0,0,1,0,0,0,baixo
5,10000.0,1,0.0,1,4,1,0,0,0,1,1,0,1,1,0,0,baixo
1,0.0,0,0.0,0,0,1,0,0,0,0,0,0,0,0,0,0,gratuito
12,150000.0,319,0.5956112852664577,2,4,1,0,0,0,1,1,0,0,0,0,0,gratuito
9,10000.0,35,0.5714285714285714,9,2,1,1,0,0,1,0,1,0,0,0,0,medio_baixo
2,10000.0,0,0.0,12,2,1,0,0,0,1,1,0,0,0,0,0,medio_alto
9,10000.0,11,1.0,1,1,1,0,0,0,0,0,0,0,1,0,0,baixo
5,10000.0,26,0.15384615384615385,1,3,1,0,0,0,1,1,0,0,0,0,0,medio_alto
5,10000.0,27,0.8148148148148148,2,3,1,0,1,0,1,0,1,1,0,0,0,baixo
3,10000.0,24,0.9166666666666666,3,4,1,0,0,1,1,1,1,0,0,0,0,medio_alto
2,0.0,0,0.0,0,0,1,0,0,0,0,0,0,0,0,0,0,gratuito
2,10000.0,11,1.0,11,5,1,0,0,0,1,1,1,0,1,1,0,medio_baixo
3,35000.0,1,0.0,1,4,1,0,0,0,1,0,1,1,0,0,0,medio_alto
4,10000.0,8,0.375,16,1,1,0,0,0,0,0,0,0,0,0,0,medio_baixo
11,35000.0,865,0.8716763005780347,1,6,1,0,0,30,1,1,0,1,0,0,1,alto
5,10000.0,6,0.8333333333333334,5,1,1,1,0,0,0,0,0,1,0,0,0,medio_alto
1,0.0,0,0.0,0,0,1,0,0,0,0,0,0,0,0,0,0,gratuito
2,10000.0,1,0.0,9,3,1,0,0,0,1,1,0,0,0,0,0,medio_baixo
1,10000.0,0,0.0,1,1,1,1,1,1,0,0,0,0,0,0,0,alto
2,0.0,0,0.0,13,6,1,1,0,36,0,1,1,0,1,1,0,gratuito
4,10000.0,55,0.9090909090909091,11,4,1,0,0,0,1,1,1,1,0,0,0,baixo
4,10000.0,29,1.0,1,5,1,1,0,1,1,1,1,1,1,0,0,alto
2,0.0,0,0.0,1,5,1,0,0,0,1,1,1,0,0,0,0,gratuito
1,10000.0,125,0.776,10,5,1,0,0,3,1,0,0,1,0,0,1,alto
4,10000.0,6,0.5,1,3,1,0,0,0,1,0,0,0,0,1,1,alto
4,10000.0,11,1.0,1,3,1,1,1,0,1,0,1,1,0,0,0,medio_alto
4,10000.0,112,0.7857142857142857,1,2,1,0,0,0,0,0,0,0,0,0,1,alto
2,10000.0,149,0.9328859060402684,6,2,1,0,0,1,0,1,1,0,0,0,0,alto
4,10000.0,30,0.5333333333333333,9,1,1,0,0,0,0,0,0,0,0,1,0,alto
3,10000.0,0,0.0,23,0,1,1,0,0,0,0,0,0,0,0,0,gratuito
4,0.0,0,0.0,0,0,1,0,0,0,0,0,0,0,0,0,0,gratuito
1,10000.0,0,0.0,14,2,1,1,0,1,1,0,0,0,0,1,0,alto
8,10000.0,108,0.5925925925925926,1,1,1,0,0,0,0,0,0,1,0,0,0,baixo
5,10000.0,6,0.16666666666666666,1,2,1,0,0,0,1,0,0,1,0,0,0,baixo
9,10000.0,27,0.7037037037037037,1,2,1,1,1,1,1,1,0,0,0,0,0,alto
8,10000.0,38,0.4473684210526316,1,3,1,1,1,0,0,0,0,0,0,0,0,gratuito
2,10000.0,7,1.0,3,2,1,0,0,0,1,0,0,0,0,1,0,medio_alto
2,10000.0,1,0.0,1,3,1,0,0,0,1,1,1,0,0,0,0,medio_baixo
17,1500000.0,9761,0.9344329474439095,9,3,1,1,1,0,1,0,0,1,0,1,0,alto
3,10000.0,9,0.8888888888888888,1,3,1,0,0,0,1,1,0,0,1,0,0,medio_alto
7,10000.0,12,0.4166666666666667,1,4,1,0,0,4,1,1,1,1,0,0,0,baixo
7,350000.0,1344,0.859375,2,3,1,0,0,3,1,0,0,0,0,1,0,gratuito
4,10000.0,17,1.0,2,3,1,0,0,0,1,1,0,1,0,0,0,medio_alto
12,75000.0,333,0.6066066066066066,2,1,1,0,0,0,0,0,0,0,0,0,1,medio_baixo
6,10000.0,42,0.9285714285714286,29,3,1,0,0,0,1,0,0,1,0,1,0,baixo
7,35000.0,459,0.9237472766884531,1,3,1,1,0,0,1,0,0,1,0,1,0,medio_alto
2,150000.0,2307,0.9154746423927178,14,2,1,1,0,4,0,0,0,1,0,0,1,alto
4,10000.0,15,1.0,1,1,1,0,0,0,0,0,1,0,0,0,0,medio_alto
2,10000.0,90,0.8555555555555555,1,3,1,1,0,0,1,1,0,0,0,0,1,alto
2,10000.0,1,1.0,1,3,1,0,0,0,1,1,0,1,0,0,0,medio_alto
4,10000.0,167,0.7425149700598802,1,3,1,0,0,0,1,0,1,0,0,0,1,medio_alto
5,10000.0,26,0.6923076923076923,1,2,1,0,0,0,0,0,0,1,0,0,0,gratuito
4,10000.0,7,0.14285714285714285,2,2,1,0,0,0,1,0,0,0,0,0,1,medio_alto
2,0.0,0,0.0,10,2,1,0,0,0,0,0,0,0,0,1,1,gratuito
1,0.0,0,0.0,1,2,1,0,0,0,1,0,0,1,0,0,0,medio_alto
6,10000.0,5,0.8,1,2,1,0,1,1,1,0,0,1,0,0,0,baixo
9,35000.0,99,0.8282828282828283,5,2,1,1,1,1,1,1,0,0,0,0,0,medio_alto
8,10000.0,11,0.8181818181818182,1,3,1,0,0,0,1,0,0,1,0,0,1,baixo
3,10000.0,6,0.5,3,3,1,0,0,0,1,0,1,0,0,0,1,medio_baixo
5,35000.0,68,0.9411764705882353,5,3,1,0,0,5,0,0,0,0,0,0,0,gratuito
1,0.0,0,0.0,1,1,1,1,0,0,0,0,0,1,0,0,0,medio_alto
1,10000.0,4,1.0,1,1,1,0,0,0,0,0,0,0,0,0,1,medio_alto
9,10000.0,17,0.4117647058823529,1,3,1,0,0,0,1,1,0,1,0,0,0,baixo
9,10000.0,8,0.375,1,2,1,0,0,0,0,0,1,1,0,0,0,medio_alto
10,75000.0,111,0.8108108108108109,1,2,1,0,0,1,1,0,0,0,1,0,0,baixo
6,10000.0,61,0.7704918032786885,17,4,1,1,0,0,1,0,1,1,0,0,1,alto
3,10000.0,73,0.589041095890411,1,4,1,0,0,0,1,1,0,0,1,0,0,medio_alto
2,10000.0,0,0.0,11,5,1,1,1,0,1,0,1,0,1,1,0,gratuito
1,0.0,0,0.0,17,5,1,0,0,0,1,0,0,1,0,1,1,gratuito
2,0.0,0,0.0,0,0,1,0,0,0,0,0,0,0,0,0,0,gratuito
1,10000.0,0,0.0,1,2,1,0,0,1,1,1,0,0,0,0,0,medio_baixo
5,150000.0,999,0.950950950950951,2,3,1,0,0,0,1,0,1,0,1,0,0,alto
1,0.0,0,0.0,0,0,1,0,0,0,0,0,0,0,0,0,0,gratuito
1,10000.0,3,1.0,2,4,1,0,0,0,1,1,0,1,0,0,0,alto
3,10000.0,13,1.0,9,2,1,0,0,0,1,0,0,1,0,0,0,baixo
8,10000.0,3,0.6666666666666666,1,2,1,0,0,0,1,0,0,0,0,0,1,alto
3,75000.0,538,0.9275092936802974,9,3,1,0,0,0,0,1,1,0,0,0,1,alto
5,10000.0,0,0.0,1,4,1,1,1,0,1,0,1,1,0,0,0,gratuito
10,10000.0,5,0.6,1,1,1,0,0,0,0,0,0,1,0,0,0,medio_alto
5,10000.0,494,0.9574898785425101,1,3,1,0,0,1,0,1,1,0,0,0,0,gratuito
1,10000.0,6,1.0,5,2,1,0,0,0,1,0,1,0,0,0,0,medio_alto
6,1500000.0,12603,0.7387130048401175,19,5,1,0,0,0,1,1,1,0,1,0,0,gratuito
6,10000.0,1,1.0,1,1,1,0,0,0,0,0,1,0,0,0,0,medio_baixo
3,10000.0,81,0.9259259259259259,11,3,1,0,0,0,1,0,1,1,0,0,0,medio_baixo
1,0.0,0,0.0,0,0,1,0,0,0,0,0,0,0,0,0,0,gratuito
6,10000.0,4,1.0,1,3,1,0,0,0,1,1,0,1,0,0,0,medio_alto
3,0.0,0,0.0,103,3,1,1,1,0,1,0,0,1,0,1,0,baixo
1,10000.0,1,1.0,1,3,1,0,0,0,1,0,0,1,0,1,0,medio_alto
2,350000.0,19,0.8421052631578947,1,2,1,1,1,0,1,1,0,0,0,0,0,medio_alto
2,0.0,0,0.0,103,9,1,1,1,0,1,1,1,1,1,1,1,alto
3,10000.0,0,0.0,1,2,1,1,1,0,1,0,0,1,0,0,0,baixo
2,0.0,0,0.0,0,0,1,0,0,0,0,0,0,0,0,0,0,gratuito
6,10000.0,483,0.9440993788819876,1,4,1,1,0,0,1,0,1,0,1,0,1,medio_alto
7,10000.0,3,0.6666666666666666,1,1,1,0,0,0,0,0,1,0,0,0,0,medio_alto
6,35000.0,1497,0.9873079492317969,4,2,1,0,0,1,0,0,1,1,0,0,0,alto
1,10000.0,32,0.625,3,3,1,0,0,0,1,1,0,1,0,0,0,medio_alto
5,10000.0,0,0.0,1,2,1,0,0,0,1,0,0,1,0,0,0,baixo
3,0.0,0,0.0,1,4,1,0,0,0,1,0,1,1,1,0,0,gratuito
2,10000.0,18,0.9444444444444444,1,2,1,0,0,0,0,1,0,1,0,0,0,alto
8,10000.0,16,0.875,1,2,1,0,0,0,0,1,0,1,0,0,0,medio_baixo
8,10000.0,92,0.5869565217391305,1,2,1,0,0,0,1,1,0,0,0,0,0,alto
5,10000.0,0,0.0,5,3,1,0,0,0,1,1,0,1,0,0,0,baixo
1,0.0,0,0.0,8,4,1,0,0,0,1,1,0,0,0,1,1,medio_alto
1,10000.0,0,0.0,1,1,1,0,0,0,0,1,0,0,0,0,0,medio_alto
2,10000.0,1,0.0,1,3,1,0,0,0,1,0,0,1,0,1,0,baixo
7,10000.0,18,0.7777777777777778,1,4,1,0,0,0,1,1,0,0,0,0,1,gratuito
10,10000.0,20,0.8,6,4,1,1,1,0,1,0,0,1,0,0,1,alto
5,10000.0,22,0.4090909090909091,1,4,1,0,0,0,0,0,0,1,1,0,1,gratuito
2,10000.0,16,1.0,1,2,1,0,0,0,0,0,0,0,1,1,0,medio_alto
3,0.0,0,0.0,1,3,1,0,0,1,1,0,0,1,0,0,0,gratuito
3,0.0,0,0.0,1,2,1,0,0,0,0,0,0,0,0,0,1,gratuito
1,0.0,0,0.0,2,5,1,0,0,0,0,0,0,1,1,1,0,gratuito
2,0.0,0,0.0,0,0,1,0,0,0,0,0,0,0,0,0,0,gratuito
1,0.0,0,0.0,2,5,1,0,0,0,0,1,0,0,1,0,1,gratuito
5,10000.0,17,0.47058823529411764,1,4,1,0,0,0,1,0,1,0,0,0,1,medio_alto
4,35000.0,4,0.75,1,2,1,1,0,0,1,1,0,0,0,0,0,gratuito
10,350000.0,337,0.4421364985163205,2,2,1,0,0,0,1,0,0,0,0,1,0,baixo
8,10000.0,85,0.8117647058823529,4,4,1,0,0,0,1,0,1,1,1,0,0,medio_baixo
7,75000.0,1166,0.9656946826758147,2,4,1,0,0,0,1,1,0,0,0,0,0,gratuito
5,10000.0,110,0.9363636363636364,9,1,1,0,0,0,1,0,0,0,0,0,0,baixo
1,10000.0,14,0.9285714285714286,7,1,1,1,1,0,0,1,0,0,0,0,0,medio_alto
2,10000.0,27,0.8518518518518519,1,3,1,0,1,0,0,0,1,1,0,0,0,gratuito
1,10000.0,1,1.0,7,2,1,1,1,0,0,1,0,1,0,0,0,medio_alto
1,10000.0,0,0.0,1,2,1,0,0,0,0,1,1,0,0,0,0,alto
6,10000.0,96,0.8958333333333334,13,4,1,1,0,0,1,1,0,1,0,0,0,medio_alto
7,350000.0,2099,0.6817532158170557,10,5,1,0,0,0,1,1,1,0,0,0,1,baixo
4,10000.0,24,0.6666666666666666,1,2,1,0,0,0,0,1,1,0,0,0,0,baixo
1,0.0,0,0.0,22,4,1,0,0,0,1,1,1,0,0,0,1,alto
1,0.0,0,0.0,1,3,1,0,0,0,1,0,0,1,0,1,0,medio_alto
1,35000.0,78,0.9358974358974359,5,3,1,0,0,0,1,0,1,1,0,0,0,baixo
8,10000.0,5,0.8,1,3,1,0,0,0,1,1,0,1,0,0,0,baixo
5,0.0,0,0.0,2,4,1,1,1,1,1,0,1,1,0,0,0,gratuito
2,10000.0,1,0.0,1,3,1,0,0,0,1,0,1,1,0,0,0,medio_baixo
8,10000.0,106,0.6037735849056604,1,3,1,0,0,0,0,0,1,0,0,0,1,alto
4,10000.0,0,0.0,2,3,1,1,0,0,1,0,0,1,0,0,0,medio_alto
9,10000.0,169,0.7751479289940828,2,3,1,0,0,1,1,0,0,1,0,1,0,gratuito
7,10000.0,19,0.6842105263157895,1,2,1,1,0,0,1,0,0,0,0,1,0,medio_alto
7,10000.0,17,0.8235294117647058,1,3,1,1,1,0,1,0,1,0,1,0,0,medio_alto
1,10000.0,2,1.0,1,5,1,0,0,0,1,0,0,1,1,1,1,baixo
4,10000.0,14,0.6428571428571429,1,4,1,0,0,0,1,1,0,1,0,0,1,medio_baixo
5,0.0,0,0.0,3,4,1,0,0,0,1,0,1,0,1,1,0,gratuito
6,35000.0,299,0.8461538461538461,4,4,1,0,0,0,1,1,1,1,0,0,0,baixo
8,150000.0,359,0.467966573816156,7,4,1,0,0,0,0,1,0,0,0,0,0,gratuito
2,10000.0,12,0.5833333333333334,2,3,1,0,0,0,0,1,1,0,1,0,0,alto
5,0.0,0,0.0,0,0,1,0,0,0,0,0,0,0,0,0,0,gratuito
1,0.0,0,0.0,1,2,1,0,0,0,0,1,0,0,0,0,0,gratuito
10,10000.0,48,0.5833333333333334,1,3,1,0,0,0,1,0,0,0,1,1,0,medio_alto
4,35000.0,7,0.8571428571428571,2,2,1,0,0,0,1,0,1,0,0,0,0,baixo
2,10000.0,0,0.0,1,3,1,0,0,0,1,1,1,0,0,0,0,baixo
3,350000.0,12940,0.8945904173106646,10,2,1,0,0,1,0,1,0,0,0,1,0,alto
2,0.0,0,0.0,2,4,1,0,0,0,1,1,0,1,0,0,0,gratuito
10,75000.0,1478,0.8991880920162382,1,2,1,1,1,0,1,0,1,0,0,0,0,alto
9,10000.0,17,0.8235294117647058,3,3,1,0,0,0,0,1,0,0,0,0,0,alto
4,10000.0,29,0.9655172413793104,3,3,1,0,0,0,1,1,1,0,0,0,0,baixo
9,35000.0,122,0.9262295081967213,1,3,1,0,0,0,0,0,0,0,0,0,1,gratuito
9,10000.0,34,0.35294117647058826,5,3,1,0,0,0,1,0,0,0,0,1,1,medio_baixo
3,0.0,0,0.0,1,3,1,0,0,0,1,1,0,0,0,0,0,gratuito
4,10000.0,1,0.0,8,4,1,0,0,1,0,1,1,0,1,1,0,baixo
6,10000.0,5,0.8,1,3,1,0,0,0,1,0,0,1,0,0,1,medio_alto
7,10000.0,9,0.1111111111111111,13,2,1,0,0,0,0,0,0,1,0,0,0,medio_baixo
2,0.0,0,0.0,1,3,1,0,0,0,0,0,1,0,0,0,0,gratuito
3,10000.0,6,1.0,1,2,1,0,0,0,1,1,0,0,0,0,0,alto
1,10000.0,26,0.7307692307692307,30,4,1,0,0,0,1,0,0,1,0,0,1,gratuito
5,35000.0,75,0.6533333333333333,10,3,1,0,0,0,1,1,1,0,0,0,0,alto
1,0.0,0,0.0,0,0,1,0,0,0,0,0,0,0,0,0,0,gratuito
4,35000.0,1650,0.9309090909090909,13,5,1,1,0,1,1,0,1,0,1,1,0,alto
10,10000.0,25,0.72,1,2,1,0,0,0,1,0,0,1,0,0,0,gratuito
2,10000.0,3,1.0,1,2,1,0,1,0,0,0,0,1,0,1,0,baixo
3,0.0,0,0.0,0,0,1,0,0,0,0,0,0,0,0,0,0,gratuito
7,10000.0,97,0.9484536082474226,1,3,1,0,0,0,1,0,0,0,1,0,1,gratuito
1,10000.0,0,0.0,12,4,1,0,0,0,1,1,0,0,0,0,1,gratuito
2,75000.0,325,0.3384615384615385,12,2,1,0,0,0,0,1,0,0,0,0,0,alto
8,10000.0,4,0.5,1,2,1,0,0,0,1,0,1,0,0,0,0,medio_alto
2,10000.0,0,0.0,1,2,1,0,0,1,1,0,0,0,0,1,0,medio_baixo
2,10000.0,40,0.975,1,3,1,0,0,0,1,1,0,0,0,0,1,medio_baixo
1,10000.0,0,0.0,11,2,1,0,0,0,1,0,0,1,0,0,0,medio_baixo
3,35000.0,6,0.8333333333333334,1,2,1,0,0,0,0,0,1,0,1,0,0,medio_baixo
6,150000.0,5466,0.9592023417489938,2,1,1,0,0,0,0,0,1,0,0,0,0,alto
2,10000.0,1,1.0,2,2,1,0,0,0,1,1,0,0,0,0,0,baixo
10,150000.0,1551,0.65892972275951,10,2,1,0,0,0,0,0,0,0,0,0,0,alto
1,0.0,0,0.0,0,0,1,0,0,0,0,0,0,0,0,0,0,gratuito
2,10000.0,1,1.0,2,3,1,0,0,0,1,0,0,1,0,0,0,medio_alto
1,10000.0,0,0.0,2,1,1,1,1,0,0,0,0,1,0,0,0,medio_baixo
9,10000.0,133,0.706766917293233,1,2,1,0,0,0,0,1,0,1,0,0,0,baixo
2,0.0,0,0.0,1,3,1,0,0,0,0,0,0,0,1,0,0,gratuito
1,10000.0,0,0.0,1,6,1,0,0,0,1,1,0,1,0,0,1,gratuito
1,10000.0,29,0.4827586206896552,6,3,1,0,0,0,1,0,0,1,0,0,1,medio_alto
2,10000.0,1,0.0,1,3,1,0,0,0,1,1,0,0,0,0,0,gratuito
4,35000.0,384,0.6197916666666666,1,3,1,0,0,0,1,1,1,0,0,0,0,medio_alto
3,0.0,0,0.0,0,0,1,0,0,0,0,0,0,0,0,0,0,gratuito
8,10000.0,19,0.8421052631578947,1,4,1,0,0,0,1,1,1,1,0,0,0,medio_alto
2,35000.0,306,0.8529411764705882,6,3,1,1,1,0,1,0,0,0,0,1,1,medio_alto
3,0.0,0,0.0,103,3,1,0,0,0,0,0,0,1,1,0,1,baixo
6,10000.0,11,0.5454545454545454,1,3,1,0,0,0,0,0,0,1,0,0,0,gratuito
7,35000.0,231,0.7056277056277056,1,3,1,0,0,0,1,1,0,0,0,1,0,alto
1,10000.0,1,1.0,3,1,1,0,1,0,0,0,0,1,0,0,0,baixo
8,10000.0,11,0.6363636363636364,9,3,1,1,1,0,1,1,0,1,0,0,0,medio_alto
1,10000.0,14,0.7857142857142857,1,3,1,0,0,0,1,1,1,0,0,0,0,alto
4,10000.0,22,0.7272727272727273,1,2,1,0,1,0,0,0,1,0,1,0,0,medio_alto
1,35000.0,4,0.5,2,2,1,1,0,0,1,0,0,1,0,0,0,medio_alto
4,0.0,0,0.0,12,5,1,0,0,0,1,0,1,1,0,1,1,gratuito
1,0.0,0,0.0,11,2,1,0,0,0,1,0,0,1,0,0,0,medio_baixo
3,10000.0,1,0.0,2,1,1,0,0,0,0,0,0,1,0,0,0,alto
1,0.0,0,0.0,1,4,1,0,0,0,1,0,1,0,0,1,0,gratuito
3,10000.0,19,0.7894736842105263,10,3,1,0,0,0,0,0,0,0,0,0,0,medio_baixo
7,10000.0,51,0.49019607843137253,7,2,1,1,1,0,1,1,0,0,0,0,0,medio_alto
9,150000.0,826,0.8934624697336562,2,2,1,1,0,0,1,0,0,1,0,0,0,medio_baixo
3,10000.0,13,0.6153846153846154,1,1,1,0,0,0,0,1,0,0,0,0,0,baixo
3,10000.0,7,1.0,6,2,1,0,0,0,1,0,0,1,0,0,0,alto
2,75000.0,1249,0.9791833466773419,10,3,1,0,0,0,1,1,1,0,0,0,0,alto
11,150000.0,854,0.882903981264637,9,3,1,1,1,1,1,1,0,0,0,0,0,medio_baixo
1,0.0,0,0.0,0,0,1,0,0,0,0,0,0,0,0,0,0,gratuito
8,75000.0,352,0.8551136363636364,1,4,1,0,0,0,1,0,0,0,1,0,0,gratuito
2,10000.0,0,0.0,1,1,1,0,0,0,0,0,0,0,1,0,0,gratuito
9,10000.0,123,0.3983739837398374,6,2,1,1,1,0,1,0,0,0,0,1,0,baixo
2,3500000.0,4853,0.9241706161137441,12,2,1,0,0,0,0,0,0,0,0,0,0,gratuito
1,10000.0,1,0.0,1,3,1,1,0,0,1,0,1,1,0,0,0,medio_baixo
2,0.0,0,0.0,0,0,1,0,0,0,0,0,0,0,0,0,0,gratuito
4,10000.0,6,0.8333333333333334,2,2,1,0,0,0,1,0,1,0,0,0,0,medio_alto
12,10000.0,84,0.39285714285714285,2,4,1,1,1,0,1,1,0,0,0,0,0,medio_alto
9,10000.0,78,0.7307692307692307,1,5,1,0,0,0,1,0,0,1,0,1,1,gratuito
2,10000.0,0,0.0,1,3,1,0,0,0,1,0,0,1,0,0,0,gratuito
2,10000.0,3,1.0,19,1,1,0,0,0,1,0,0,0,0,0,0,medio_baixo
5,10000.0,27,0.8888888888888888,1,3,1,1,0,0,1,1,1,0,0,0,0,baixo
3,10000.0,25,0.84,1,3,1,0,0,0,1,1,1,0,0,0,0,baixo
8,10000.0,2,0.0,1,1,1,0,0,0,0,0,0,0,0,0,1,medio_alto
3,10000.0,33,0.9393939393939394,1,4,1,0,0,0,1,0,0,1,0,1,1,alto
2,0.0,0,0.0,0,0,1,0,0,0,0,0,0,0,0,0,0,gratuito
7,10000.0,5,0.4,29,3,1,0,0,0,1,0,1,1,0,0,0,baixo
12,10000.0,15,0.5333333333333333,1,4,1,1,0,0,1,1,0,1,0,1,0,alto
1,10000.0,2,0.5,1,4,1,0,0,0,1,0,1,1,0,0,0,baixo
7,10000.0,9,1.0,1,4,1,0,0,2,1,1,1,0,1,0,0,medio_baixo
2,10000.0,2,1.0,2,5,1,0,0,0,1,0,1,0,1,1,1,medio_alto
6,10000.0,426,0.971830985915493,21,3,1,1,1,1,1,1,1,0,0,0,0,alto
5,10000.0,1,1.0,1,1,1,0,0,0,0,0,0,0,1,0,0,medio_alto
1,0.0,0,0.0,0,0,1,0,0,0,0,0,0,0,0,0,0,gratuito
9,10000.0,24,0.7916666666666666,1,3,1,0,0,0,0,0,0,1,0,1,0,gratuito
1,0.0,0,0.0,1,3,1,1,0,3,0,0,0,1,0,0,0,gratuito
4,10000.0,2,1.0,1,1,1,0,0,0,0,0,0,0,0,1,0,alto
2,0.0,0,0.0,0,0,1,0,0,0,0,0,0,0,0,0,0,gratuito
1,0.0,0,0.0,0,0,1,0,0,0,0,0,0,0,0,0,0,gratuito
5,10000.0,14,1.0,2,2,1,0,0,0,0,0,0,1,0,1,0,baixo
1,10000.0,0,0.0,10,2,1,1,1,2,1,0,0,1,0,0,0,medio_baixo
2,10000.0,2,1.0,4,3,1,0,0,0,1,0,1,1,0,0,0,medio_baixo
1,10000.0,0,0.0,1,3,1,0,0,0,1,0,0,1,0,0,1,medio_alto
2,10000.0,6,1.0,4,3,1,1,0,0,1,0,0,0,0,1,1,medio_baixo
1,0.0,0,0.0,0,0,1,0,0,0,0,0,0,0,0,0,0,gratuito
5,0.0,0,0.0,1,0,1,0,0,0,0,0,0,0,0,0,0,gratuito
8,10000.0,140,0.9642857142857143,1,3,1,1,1,1,1,0,0,1,0,0,1,alto
7,10000.0,1,1.0,1,4,1,0,0,0,1,1,1,1,0,0,0,medio_baixo
3,0.0,0,0.0,0,0,1,0,0,0,0,0,0,0,0,0,0,gratuito
3,10000.0,0,0.0,1,3,1,0,0,0,0,0,1,0,1,0,0,gratuito
7,35000.0,45,0.6,4,6,1,0,0,0,1,1,1,1,0,0,0,baixo
3,10000.0,37,0.972972972972973,28,4,1,0,0,0,1,0,0,1,0,1,1,baixo
6,10000.0,4,0.75,1,2,1,0,0,0,1,0,0,1,0,0,0,medio_baixo
1,750000.0,20715,0.9350229302437847,10,3,1,0,0,3,0,1,0,0,1,1,0,alto
1,10000.0,0,0.0,1,3,1,0,0,0,1,1,1,0,0,0,0,medio_alto
1,0.0,0,0.0,0,0,1,0,0,0,0,0,0,0,0,0,0,gratuito
1,0.0,0,0.0,1,2,1,0,0,0,1,0,0,0,0,1,0,medio_baixo
1,0.0,0,0.0,0,0,1,0,0,0,0,0,0,0,0,0,0,gratuito
4,0.0,0,0.0,1,4,1,1,0,0,1,1,0,0,0,0,0,gratuito
1,10000.0,0,0.0,10,1,1,0,0,0,0,0,0,0,0,0,0,alto
7,10000.0,9,0.7777777777777778,1,2,1,0,0,0,1,0,0,0,0,0,0,medio_alto
7,10000.0,8,0.75,1,3,1,0,0,0,1,1,1,0,0,0,0,gratuito
1,10000.0,0,0.0,2,1,1,0,0,0,0,0,0,1,0,0,0,medio_baixo
2,150000.0,92,0.6956521739130435,2,2,1,0,0,0,0,1,0,0,0,0,0,alto
6,75000.0,104,0.9326923076923077,1,2,1,0,0,0,0,0,1,0,0,0,0,gratuito
12,150000.0,890,0.8831460674157303,1,2,1,1,1,0,0,1,0,1,0,0,0,baixo
8,10000.0,116,0.8879310344827587,1,2,1,0,0,0,1,0,1,0,0,0,0,baixo
2,10000.0,43,1.0,1,1,1,0,0,0,1,0,0,0,0,0,0,medio_alto
1,10000.0,18,0.9444444444444444,5,4,1,0,0,0,1,1,0,1,0,1,0,alto
1,10000.0,0,0.0,1,2,1,1,0,0,1,1,0,0,0,0,0,medio_alto
7,10000.0,19,0.9473684210526315,29,2,1,0,0,0,1,0,0,1,0,0,0,medio_baixo
3,10000.0,249,0.8473895582329317,13,3,1,0,0,0,1,1,1,0,0,0,0,medio_alto
3,10000.0,1,0.0,2,3,1,0,0,0,1,0,0,0,0,1,0,alto
6,35000.0,171,0.543859649122807,2,5,1,0,0,0,1,1,1,1,0,0,1,medio_alto
1,10000.0,8,1.0,2,4,1,0,0,0,1,1,1,0,1,0,0,medio_alto
1,10000.0,0,0.0,1,3,1,0,0,0,1,0,1,1,0,0,0,alto
2,10000.0,3,1.0,1,3,1,0,0,2,0,0,0,0,0,0,0,gratuito
6,35000.0,31,0.7419354838709677,1,2,1,0,1,1,1,0,0,0,1,0,0,medio_baixo
12,350000.0,798,0.9122807017543859,1,4,1,1,1,1,1,1,1,0,0,1,0,alto
6,10000.0,27,0.6296296296296297,1,2,1,1,0,0,1,0,0,1,0,0,0,baixo
1,10000.0,0,0.0,1,2,1,0,0,0,1,0,0,0,0,1,0,medio_alto
2,10000.0,3,0.6666666666666666,2,2,1,0,0,5,1,0,0,1,0,0,0,medio_baixo
6,10000.0,4,0.25,2,3,1,0,0,0,1,1,0,1,0,0,0,alto
7,10000.0,44,0.75,1,3,1,0,0,1,1,1,0,0,0,1,0,medio_baixo
11,10000.0,13,0.5384615384615384,1,3,1,0,0,0,0,0,0,0,0,0,0,baixo
2,750000.0,16206,0.6775885474515612,11,4,1,0,0,1,0,1,1,0,1,0,0,alto
8,10000.0,11,1.0,1,2,1,0,0,0,1,1,0,0,0,0,0,medio_baixo
5,10000.0,6,1.0,1,3,1,0,0,0,1,0,1,0,0,0,1,medio_alto
9,10000.0,17,0.7647058823529411,1,4,1,0,0,0,1,1,1,0,0,0,0,medio_baixo
6,35000.0,486,0.5781893004115226,6,5,1,0,0,0,1,0,0,1,0,1,1,alto
1,10000.0,0,0.0,2,3,1,0,0,0,1,1,1,0,0,0,0,medio_baixo
5,10000.0,13,0.6153846153846154,2,3,1,0,0,0,1,0,0,1,0,0,1,medio_alto
2,10000.0,7,1.0,2,3,1,0,0,0,1,1,0,1,0,0,0,baixo
1,10000.0,0,0.0,1,1,1,0,0,0,1,0,0,0,0,0,0,alto
4,10000.0,1,1.0,2,2,1,0,0,0,0,1,1,0,0,0,0,baixo
7,10000.0,39,0.7948717948717948,1,2,1,0,0,0,1,1,0,0,0,0,0,gratuito
6,35000.0,570,0.7929824561403509,5,3,1,1,1,2,1,0,1,0,1,0,0,medio_alto
1,0.0,0,0.0,6,2,1,0,0,0,0,0,0,0,0,0,0,gratuito
5,10000.0,196,0.673469387755102,10,2,1,0,0,0,1,0,1,0,0,0,0,alto
4,750000.0,16207,0.9146048003948911,23,3,1,0,0,2,1,0,1,1,0,0,0,alto
5,10000.0,145,0.8551724137931035,1,2,1,0,0,0,0,0,0,1,0,0,1,baixo
6,10000.0,19,0.8947368421052632,3,1,1,0,0,0,1,0,0,0,0,0,0,gratuito
2,10000.0,22,1.0,1,2,1,0,0,0,1,1,0,0,0,0,0,medio_baixo
3,10000.0,35,1.0,5,4,1,0,0,0,1,0,0,1,0,1,1,medio_alto
9,10000.0,114,0.8596491228070176,21,2,1,0,0,0,1,0,0,1,0,0,0,alto
1,10000.0,9,1.0,3,3,1,0,1,0,1,1,1,0,0,0,0,medio_baixo
2,10000.0,0,0.0,1,1,1,0,1,0,0,0,0,0,1,0,0,medio_alto
7,10000.0,26,0.8076923076923077,1,4,1,0,0,0,1,0,1,0,1,1,0,alto
1,0.0,0,0.0,1,7,1,1,1,0,1,1,1,1,1,0,1,gratuito
4,150000.0,1173,0.7493606138107417,6,3,1,0,0,0,1,1,1,0,0,0,0,medio_baixo
5,35000.0,1181,0.7036409822184589,6,2,1,0,0,0,0,1,0,0,0,0,1,gratuito
9,10000.0,4,1.0,1,2,1,0,0,0,0,0,1,1,0,0,0,medio_alto
9,35000.0,316,0.8132911392405063,1,2,1,0,0,0,1,0,0,0,0,0,1,alto
9,10000.0,80,0.625,27,3,1,0,1,1,1,1,0,1,0,0,0,baixo
11,10000.0,34,0.5,2,2,1,0,0,0,0,0,0,0,0,1,0,gratuito
6,10000.0,3,0.6666666666666666,1,7,1,0,0,0,1,0,1,1,1,1,1,baixo
3,10000.0,7,0.7142857142857143,2,2,1,0,0,0,1,1,0,0,0,0,0,medio_baixo
7,10000.0,11,0.6363636363636364,1,3,1,0,0,0,1,0,1,0,1,0,0,medio_baixo
1,10000.0,0,0.0,1,2,1,0,0,0,1,0,1,0,0,0,0,baixo
1,0.0,0,0.0,1,4,1,0,0,0,1,0,0,1,0,0,1,alto
10,35000.0,360,0.4111111111111111,7,2,1,0,0,1,0,0,0,1,0,0,1,medio_alto
1,0.0,0,0.0,2,3,1,0,1,0,1,1,1,0,0,0,0,medio_alto
2,0.0,0,0.0,1,4,1,0,0,0,1,0,0,1,0,0,1,gratuito
3,10000.0,10,0.8,1,3,1,0,1,0,1,1,0,1,0,0,0,baixo
5,10000.0,23,0.782608695652174,1,1,1,0,0,0,0,0,0,1,0,0,0,gratuito
11,10000.0,20,0.9,1,2,1,0,0,0,1,1,0,0,0,0,0,alto
2,0.0,0,0.0,0,0,1,0,0,0,0,0,0,0,0,0,0,gratuito
4,10000.0,0,0.0,2,2,1,0,1,0,1,0,0,1,0,0,0,baixo
10,35000.0,54,0.5555555555555556,1,3,1,0,0,0,1,1,1,0,0,0,0,baixo
7,10000.0,11,0.7272727272727273,5,2,1,0,0,0,0,1,1,0,0,0,0,medio_baixo
8,0.0,0,0.0,1,4,1,0,0,0,1,1,1,1,0,0,0,medio_baixo
1,10000.0,0,0.0,6,2,1,0,1,0,1,0,0,1,0,0,0,baixo
2,0.0,0,0.0,1,2,1,0,0,0,0,0,0,0,0,0,1,gratuito
4,0.0,0,0.0,1,4,1,1,0,0,1,1,1,0,0,0,0,gratuito
4,0.0,0,0.0,2,4,1,0,0,0,1,1,0,1,0,0,0,gratuito
4,10000.0,21,0.42857142857142855,6,2,1,0,0,0,0,0,0,1,0,0,1,medio_baixo
8,35000.0,58,0.9310344827586207,1,3,1,1,1,0,1,1,1,0,0,0,0,baixo
7,10000.0,8,0.875,1,2,1,0,0,0,1,0,0,0,0,0,1,medio_baixo
2,35000.0,1,1.0,1,4,1,0,0,0,1,1,1,0,0,1,0,medio_alto
4,10000.0,129,0.8449612403100775,1,2,1,1,0,0,1,0,0,0,0,1,0,medio_baixo
9,35000.0,667,0.9775112443778111,1,4,1,0,0,0,1,1,1,1,0,0,0,baixo
2,10000.0,6,0.6666666666666666,2,3,1,0,0,0,1,1,0,0,0,0,0,medio_alto
1,10000.0,181,0.7624309392265194,3,3,1,0,0,0,0,0,1,1,1,0,0,alto
1,0.0,0,0.0,1,3,1,1,1,0,0,0,1,1,1,0,0,alto
2,10000.0,80,0.8125,1,3,1,0,0,0,1,0,1,0,1,0,0,medio_alto
6,75000.0,37,0.8108108108108109,1,3,1,0,0,0,1,0,1,1,0,0,0,gratuito
1,0.0,0,0.0,1,3,1,0,0,0,1,0,1,1,0,0,0,alto
1,10000.0,3,1.0,3,1,1,0,0,0,0,1,0,0,0,0,0,medio_alto
9,10000.0,11,1.0,1,3,1,1,1,0,1,0,1,1,0,0,0,medio_alto
5,35000.0,152,0.8355263157894737,5,2,1,0,0,1,1,0,0,0,1,0,0,medio_baixo
4,0.0,0,0.0,0,0,1,0,0,0,0,0,0,0,0,0,0,gratuito
5,10000.0,1,1.0,1,4,1,0,0,0,1,1,1,1,0,0,0,baixo
4,10000.0,119,0.680672268907563,2,3,1,0,0,0,1,1,1,0,0,0,0,alto
4,150000.0,3013,0.6584799203451709,9,1,1,0,0,5,0,0,0,0,1,0,0,alto
2,10000.0,138,0.9492753623188406,2,4,1,1,0,1,1,0,1,1,1,0,0,baixo
2,10000.0,19,0.7368421052631579,2,2,1,1,0,0,1,0,0,1,0,0,0,medio_alto
1,10000.0,0,0.0,1,3,1,0,0,1,0,1,1,0,1,0,0,medio_alto
6,10000.0,227,0.6696035242290749,9,4,1,0,0,0,1,0,0,1,1,0,1,medio_baixo
3,10000.0,133,0.7593984962406015,10,3,1,0,0,0,1,0,0,1,0,1,0,medio_baixo
10,10000.0,26,0.46153846153846156,1,3,1,1,1,0,1,0,1,0,1,0,0,medio_alto
9,10000.0,3,1.0,1,2,1,0,0,0,0,0,0,1,0,1,0,gratuito
2,10000.0,19,0.8947368421052632,1,4,1,0,0,0,1,0,1,1,0,0,0,baixo
1,0.0,0,0.0,12,4,1,0,0,0,0,0,0,0,0,0,0,medio_baixo
11,750000.0,6374,0.7999686225290241,1,2,1,1,1,0,1,1,0,0,0,0,0,gratuito
6,10000.0,19,0.8947368421052632,1,4,1,0,0,0,1,1,1,1,0,0,0,gratuito
2,10000.0,143,0.7972027972027972,11,3,1,0,0,0,0,0,1,1,0,0,1,medio_alto
1,35000.0,5,1.0,3,1,1,1,0,0,0,0,1,0,0,0,0,medio_baixo
14,150000.0,462,0.922077922077922,14,3,1,1,1,0,1,0,1,1,0,0,0,alto
2,10000.0,82,0.7317073170731707,6,2,1,0,0,1,1,0,0,1,0,0,0,medio_alto
6,35000.0,1,1.0,1,1,1,0,0,0,0,1,0,0,0,0,0,medio_baixo
1,10000.0,0,0.0,9,4,1,0,0,0,1,1,0,0,0,0,1,alto
4,10000.0,0,0.0,6,2,1,0,0,0,1,1,0,0,0,0,0,medio_baixo
2,0.0,0,0.0,0,0,1,0,0,0,0,0,0,0,0,0,0,gratuito
3,10000.0,1,0.0,1,1,1,0,0,0,0,0,1,0,0,0,0,medio_baixo
13,1500000.0,10107,0.9423172058969032,9,1,1,0,0,0,0,0,0,0,0,1,0,medio_baixo
3,10000.0,3,1.0,1,2,1,1,0,0,1,0,0,1,0,0,0,baixo
4,35000.0,340,0.7411764705882353,1,2,1,0,0,1,1,0,0,1,0,0,0,baixo
2,35000.0,54,0.9259259259259259,1,3,1,0,0,0,1,0,1,0,1,0,0,medio_alto
9,10000.0,108,0.3611111111111111,1,4,1,0,0,0,1,0,1,1,0,0,1,baixo
4,750000.0,11371,0.824377803183537,12,2,1,0,0,5,1,1,0,0,0,0,0,alto
4,10000.0,3,0.0,5,3,1,0,0,0,1,1,1,0,0,0,0,medio_baixo
8,10000.0,15,0.13333333333333333,2,2,1,0,0,0,0,0,0,0,0,0,1,baixo
8,10000.0,39,0.717948717948718,1,3,1,0,0,0,1,1,0,0,0,0,0,gratuito
7,10000.0,0,0.0,1,2,1,0,0,0,1,1,0,0,0,0,0,medio_baixo
1,0.0,0,0.0,1,1,1,0,0,0,0,0,0,0,0,0,1,baixo
2,0.0,0,0.0,0,0,1,0,0,0,0,0,0,0,0,0,0,gratuito
1,0.0,0,0.0,9,2,1,0,0,0,0,0,1,1,0,0,0,gratuito
2,10000.0,11,1.0,1,3,1,0,0,0,1,0,0,1,0,0,1,medio_alto
17,350000.0,4545,0.8706270627062707,5,1,1,0,0,0,0,1,0,0,0,0,0,medio_baixo
4,10000.0,17,0.8823529411764706,1,1,1,1,0,0,0,0,1,0,0,0,0,gratuito
5,0.0,0,0.0,0,0,1,0,0,0,0,0,0,0,0,0,0,gratuito
3,10000.0,16,0.625,2,2,1,0,0,0,0,1,1,0,0,0,0,medio_baixo
2,10000.0,10,0.8,1,2,1,0,0,0,1,0,1,0,0,0,0,medio_baixo
1,0.0,0,0.0,0,0,1,0,0,0,0,0,0,0,0,0,0,gratuito
1,0.0,0,0.0,5,2,1,1,0,0,1,0,0,0,0,1,0,alto
7,10000.0,6,0.0,1,3,1,0,0,0,1,0,0,1,0,0,1,alto
1,0.0,0,0.0,2,1,1,0,0,0,1,0,0,0,0,0,0,alto
2,0.0,0,0.0,1,2,1,1,1,1,1,0,0,0,0,0,0,gratuito
2,0.0,0,0.0,0,0,1,0,0,0,0,0,0,0,0,0,0,gratuito
4,10000.0,10,1.0,2,1,1,0,0,0,0,1,0,0,0,0,0,medio_baixo
8,35000.0,99,0.6565656565656566,3,3,1,0,0,0,1,1,0,1,0,0,0,baixo
5,10000.0,41,0.8048780487804879,12,4,1,1,0,0,1,0,1,1,0,1,0,medio_alto
12,10000.0,50,0.22,6,2,1,0,0,0,0,1,0,0,0,0,0,medio_baixo
9,10000.0,36,0.3888888888888889,1,2,1,0,0,0,1,0,0,1,0,0,0,baixo
1,10000.0,0,0.0,4,2,1,0,0,0,1,0,1,0,0,0,0,medio_baixo
7,10000.0,2,0.0,1,2,1,0,0,0,0,1,0,0,0,0,0,medio_baixo
6,10000.0,236,0.940677966101695,4,3,1,0,0,1,0,1,1,1,0,0,0,gratuito
2,10000.0,1,1.0,1,4,1,0,0,0,1,0,0,1,0,1,1,medio_baixo
1,0.0,0,0.0,1,3,1,0,0,0,0,0,0,1,0,0,1,gratuito
1,10000.0,0,0.0,10,1,1,0,0,1,0,1,0,0,0,0,0,alto
1,10000.0,0,0.0,1,2,1,0,1,0,0,0,0,0,1,1,0,medio_alto
4,35000.0,14,1.0,6,3,1,1,1,0,1,0,1,1,0,0,0,medio_alto
4,10000.0,32,1.0,1,2,1,1,0,1,1,0,1,0,0,0,0,baixo
6,35000.0,8,0.625,2,4,1,0,1,0,1,1,0,0,1,1,0,alto
4,10000.0,117,0.8376068376068376,17,2,1,0,1,0,1,0,0,0,0,0,1,baixo
6,75000.0,828,0.8490338164251208,3,3,1,0,0,0,1,1,0,0,1,0,0,alto
6,10000.0,0,0.0,1,1,1,0,0,0,1,0,0,0,0,0,0,medio_alto
9,10000.0,14,0.8571428571428571,6,4,1,0,0,0,1,1,1,1,0,0,0,medio_alto
3,0.0,0,0.0,2,2,1,1,1,0,1,0,0,1,0,0,0,gratuito
5,0.0,0,0.0,1,2,1,0,0,0,0,0,0,0,0,0,1,gratuito
2,10000.0,2,0.0,14,3,1,0,0,0,0,0,0,1,0,1,0,medio_baixo
10,150000.0,98,0.7346938775510204,1,1,1,0,0,0,0,1,0,0,0,0,0,medio_baixo
1,10000.0,0,0.0,1,2,1,0,0,1,1,0,0,1,0,0,0,medio_alto
14,350000.0,1894,0.750791974656811,1,2,1,0,0,0,1,1,0,0,0,0,0,baixo
1,0.0,0,0.0,103,1,1,0,0,0,0,0,0,1,0,0,0,baixo
10,10000.0,69,0.2608695652173913,2,7,1,0,1,0,1,1,0,0,1,0,1,alto
11,35000.0,135,0.4,1,2,1,0,1,0,0,0,0,1,0,0,0,gratuito
3,10000.0,10,0.7,1,2,1,0,0,0,0,1,0,0,0,0,0,gratuito
1,10000.0,0,0.0,1,3,1,0,0,1,1,0,0,1,0,0,1,alto
6,350000.0,2468,0.9153160453808752,14,2,1,0,0,4,1,0,1,0,0,0,0,medio_alto
2,10000.0,5,0.8,1,4,1,0,0,0,1,0,0,0,0,1,1,medio_baixo
4,10000.0,9,0.6666666666666666,1,4,1,0,0,0,1,1,1,0,0,0,0,alto
7,10000.0,45,0.8666666666666667,1,3,1,0,0,0,1,0,0,1,0,0,0,gratuito
7,10000.0,16,0.75,29,3,1,0,0,0,1,1,0,1,0,0,0,baixo
2,10000.0,0,0.0,7,2,1,0,0,0,0,0,0,1,0,0,1,alto
3,35000.0,1,0.0,1,5,1,0,0,0,1,1,1,0,0,1,1,alto
1,10000.0,0,0.0,5,5,1,0,0,6,1,0,1,1,1,0,1,alto
4,10000.0,4,0.75,1,6,1,0,0,0,1,1,1,0,1,0,0,alto
8,10000.0,1,1.0,1,1,1,0,0,0,0,0,0,0,0,0,0,gratuito
3,35000.0,1202,0.9866888519134775,18,2,1,0,0,1,1,0,0,1,0,0,0,baixo
6,10000.0,55,0.7454545454545455,3,2,1,0,0,0,1,0,0,0,1,0,0,baixo
1,0.0,0,0.0,1,3,1,0,0,0,1,1,0,0,0,0,0,medio_alto
1,10000.0,14,0.9285714285714286,1,2,1,0,0,0,1,1,0,0,0,0,0,medio_alto
4,10000.0,0,0.0,2,3,1,0,0,0,0,0,0,1,0,0,0,gratuito
1,0.0,0,0.0,8,1,1,0,0,0,0,0,0,0,0,0,0,alto
2,0.0,0,0.0,1,6,1,0,0,0,0,0,0,1,1,1,1,gratuito
1,10000.0,0,0.0,1,1,1,0,0,0,0,0,0,0,0,0,0,medio_baixo
1,10000.0,344,0.7965116279069767,10,4,1,0,0,0,1,0,0,0,1,1,1,alto
6,35000.0,5,0.4,2,4,1,0,1,0,1,1,1,1,0,0,0,baixo
11,75000.0,693,0.7056277056277056,1,2,1,1,1,0,1,0,1,0,0,0,0,baixo
3,10000.0,13,0.9230769230769231,2,2,1,0,0,0,1,1,0,0,0,0,0,medio_alto
1,10000.0,0,0.0,1,3,1,0,0,0,1,1,1,0,0,0,0,baixo
3,10000.0,12,1.0,1,4,1,0,1,0,1,1,1,1,0,0,0,medio_baixo
1,10000.0,157,0.821656050955414,4,6,1,0,0,0,1,1,1,1,1,0,0,medio_alto
7,10000.0,8,0.875,1,1,1,0,0,0,0,0,0,1,0,0,0,medio_baixo
6,10000.0,92,0.9130434782608695,1,3,1,1,0,0,1,0,1,0,0,0,0,medio_baixo
3,10000.0,30,0.7,4,2,1,0,0,0,1,1,0,0,0,0,0,medio_alto
4,35000.0,4,1.0,1,4,1,0,0,1,1,0,1,1,1,0,0,alto
1,10000.0,0,0.0,1,5,1,0,0,0,1,1,1,1,1,0,0,baixo
5,10000.0,167,0.8682634730538922,5,5,1,1,1,0,0,0,0,0,0,0,0,alto
9,10000.0,16,0.8125,1,3,1,1,1,0,1,1,0,1,0,0,0,baixo
4,10000.0,25,0.88,29,2,1,0,0,0,0,0,0,1,0,1,0,baixo
7,10000.0,2,1.0,1,1,1,0,0,0,0,0,0,0,0,0,0,alto
6,10000.0,9,0.5555555555555556,1,4,1,0,0,0,1,1,1,1,0,0,0,medio_baixo
1,0.0,0,0.0,103,2,1,0,0,0,1,0,0,1,0,0,0,baixo
1,0.0,0,0.0,1,4,1,1,1,0,1,1,0,1,0,0,0,gratuito
5,10000.0,44,0.8636363636363636,2,3,1,0,1,1,1,0,0,1,0,1,0,baixo
1,0.0,0,0.0,0,0,1,0,0,0,0,0,0,0,0,0,0,gratuito
8,150000.0,106,0.7264150943396226,1,1,1,1,0,0,0,1,0,0,0,0,0,medio_alto
1,35000.0,25,1.0,3,4,1,0,0,0,1,0,1,0,1,1,0,baixo
6,10000.0,32,0.75,3,2,1,1,0,0,1,0,1,0,0,0,0,alto
4,0.0,0,0.0,11,3,1,0,0,1,1,0,1,1,0,0,0,baixo
3,35000.0,258,0.35658914728682173,7,5,1,0,0,0,1,1,1,0,0,0,1,baixo
5,10000.0,31,0.5806451612903226,2,4,1,0,0,0,1,1,1,0,0,1,0,baixo
9,35000.0,127,0.5354330708661418,5,1,1,0,0,0,0,0,0,0,0,0,0,medio_baixo
6,75000.0,562,0.7935943060498221,10,3,1,0,0,1,1,1,1,0,0,0,0,medio_baixo
7,10000.0,10,0.9,3,2,1,0,0,1,1,1,0,0,0,0,0,medio_alto
6,35000.0,20,0.85,3,5,1,0,0,0,1,1,1,0,1,0,0,gratuito
5,10000.0,339,0.6489675516224189,9,5,1,0,0,0,1,1,1,0,0,0,1,medio_baixo
2,10000.0,0,0.0,1,5,1,0,0,0,1,1,1,0,1,1,0,alto
9,10000.0,26,0.6538461538461539,2,2,1,0,0,0,0,0,0,0,0,0,0,gratuito
2,10000.0,49,0.8367346938775511,23,3,1,0,0,0,1,1,1,0,0,0,0,medio_baixo
3,0.0,0,0.0,1,4,1,0,0,0,0,0,1,1,0,0,0,gratuito
1,10000.0,0,0.0,1,3,1,0,0,0,1,0,0,1,0,1,0,baixo
5,0.0,0,0.0,0,0,1,0,0,0,0,0,0,0,0,0,0,gratuito
5,10000.0,41,1.0,2,4,1,0,0,0,1,1,1,1,0,0,0,alto
5,10000.0,75,0.7466666666666667,9,2,1,0,0,0,1,0,1,0,0,0,0,baixo
6,350000.0,4773,0.7842028074586214,11,2,1,0,0,0,1,0,1,0,0,0,0,medio_alto
1,10000.0,44,0.9318181818181818,2,5,1,0,0,0,1,1,1,0,1,0,0,gratuito
9,10000.0,42,0.42857142857142855,1,2,1,0,0,4,1,1,0,0,0,0,0,alto
4,10000.0,78,0.7692307692307693,40,2,1,1,0,0,0,0,0,0,0,1,1,alto
2,10000.0,54,0.7222222222222222,10,3,1,0,0,1,1,0,0,1,0,1,0,medio_baixo
2,10000.0,13,0.8461538461538461,2,2,1,0,0,0,1,0,0,1,0,0,0,medio_baixo
5,10000.0,0,0.0,5,4,1,0,0,0,1,1,0,1,0,0,0,medio_alto
1,0.0,0,0.0,103,3,1,0,0,0,1,1,0,1,0,0,0,baixo
10,75000.0,260,0.39615384615384613,1,4,1,1,1,0,1,1,0,0,0,1,1,medio_baixo
7,35000.0,194,0.9381443298969072,2,3,1,0,0,0,1,0,0,1,1,0,0,baixo
1,10000.0,0,0.0,1,1,1,0,0,0,0,0,0,1,0,0,0,medio_baixo
8,350000.0,1327,0.8756593820648079,8,1,1,0,0,0,0,1,0,0,0,0,0,alto
9,35000.0,129,0.7984496124031008,27,3,1,0,0,0,1,1,0,1,0,0,0,baixo
3,10000.0,9,1.0,1,4,1,0,0,0,1,1,0,1,0,0,0,medio_alto
6,10000.0,37,0.6216216216216216,1,7,1,0,0,0,1,1,1,0,1,1,1,alto
5,10000.0,1,1.0,1,2,1,0,0,0,1,0,0,1,0,0,0,medio_baixo
3,10000.0,5,1.0,1,2,1,0,0,0,1,1,0,0,0,0,0,medio_baixo
2,150000.0,6976,0.9432339449541285,14,3,1,1,0,2,1,1,1,0,0,0,0,alto
1,0.0,0,0.0,0,0,1,0,0,0,0,0,0,0,0,0,0,gratuito
5,0.0,0,0.0,1,3,1,0,0,0,1,0,0,1,0,0,0,gratuito
3,0.0,0,0.0,0,0,1,0,0,0,0,0,0,0,0,0,0,gratuito
9,35000.0,28,0.5357142857142857,8,2,1,1,1,0,0,0,0,1,0,1,0,baixo
1,10000.0,0,0.0,1,3,1,0,0,1,1,1,0,1,0,0,0,gratuito
1,10000.0,0,0.0,3,5,1,1,1,2,1,0,1,1,1,0,1,medio_alto
4,10000.0,350,0.98,29,2,1,0,0,0,1,0,0,1,0,0,0,baixo
4,10000.0,10,0.9,1,2,1,0,0,0,1,0,0,1,0,0,0,alto
7,350000.0,3299,0.7920581994543802,11,7,1,0,0,0,1,1,1,1,1,0,1,baixo
9,10000.0,21,0.7142857142857143,1,2,1,0,0,1,1,0,0,1,0,0,0,baixo
12,3500000.0,18631,0.8367237400032205,9,2,1,1,0,13,0,0,0,0,1,1,0,alto
10,75000.0,429,0.752913752913753,1,4,1,1,0,3,1,0,0,1,0,1,1,medio_alto
7,10000.0,3,1.0,1,2,1,0,0,0,0,1,0,0,0,0,0,alto
1,0.0,0,0.0,0,0,1,0,0,0,0,0,0,0,0,0,0,gratuito
3,10000.0,13,0.9230769230769231,1,3,1,1,0,0,1,1,0,0,0,0,0,medio_alto
2,10000.0,177,0.8248587570621468,15,3,1,0,0,0,0,1,1,1,0,0,0,alto
1,0.0,0,0.0,1,4,1,0,0,0,1,1,1,0,0,0,0,gratuito
1,0.0,0,0.0,103,2,1,0,1,0,1,0,0,1,0,0,0,baixo
2,0.0,0,0.0,8,5,1,1,0,0,1,0,1,1,1,0,0,gratuito
3,10000.0,0,0.0,1,3,1,0,0,0,1,0,1,1,0,0,0,medio_alto
3,10000.0,0,0.0,4,3,1,0,0,0,1,1,1,0,0,0,0,baixo
10,75000.0,411,0.8150851581508516,1,3,1,0,0,0,1,1,1,0,0,0,0,baixo
6,10000.0,73,0.9452054794520548,11,4,1,0,0,0,1,1,1,0,0,0,1,medio_baixo
1,10000.0,0,0.0,8,1,1,0,0,0,0,0,0,0,0,0,0,alto
5,75000.0,588,0.5306122448979592,2,2,1,0,0,0,1,0,0,1,0,0,0,baixo
5,10000.0,11,0.9090909090909091,1,2,1,0,0,0,1,0,0,1,0,0,0,medio_alto
3,10000.0,0,0.0,1,2,1,0,0,0,1,1,0,0,0,0,0,baixo
4,10000.0,236,0.9830508474576272,1,1,1,0,0,0,0,0,0,0,0,0,0,alto
6,10000.0,24,1.0,1,4,1,0,0,0,1,0,0,1,0,1,0,alto
1,35000.0,5,0.8,1,4,1,1,1,0,1,0,1,1,1,0,0,medio_alto
2,0.0,0,0.0,1,6,1,0,0,0,1,1,1,1,0,0,1,gratuito
3,35000.0,116,0.9137931034482759,1,4,1,0,0,0,1,0,1,0,0,0,1,gratuito
4,0.0,0,0.0,0,0,1,0,0,0,0,0,0,0,0,0,0,gratuito
6,150000.0,2671,0.8648446274803444,15,2,1,1,1,0,1,0,1,0,0,0,0,medio_baixo
8,10000.0,1,1.0,1,3,1,0,0,0,1,1,0,1,0,0,0,baixo
8,10000.0,1,0.0,1,6,1,0,0,0,1,0,1,1,0,1,1,baixo
5,0.0,0,0.0,0,0,1,0,0,0,0,0,0,0,0,0,0,gratuito
5,10000.0,39,0.9487179487179487,1,1,1,1,1,2,0,0,1,0,0,0,0,baixo
2,10000.0,2,1.0,2,2,1,0,0,0,1,0,0,1,0,0,0,baixo
2,10000.0,27,0.9629629629629629,1,2,1,0,0,0,0,0,0,1,0,0,0,alto
7,75000.0,6,0.6666666666666666,1,4,1,0,0,0,1,1,0,0,0,1,1,medio_baixo
1,0.0,0,0.0,11,7,1,0,0,0,1,1,1,1,0,1,1,baixo
3,10000.0,1,0.0,1,3,1,0,0,0,0,1,1,0,1,0,0,medio_alto
4,10000.0,5,0.2,1,3,1,0,0,0,0,1,1,0,0,0,0,alto
7,10000.0,20,0.55,1,2,1,0,1,0,1,0,0,0,0,1,0,baixo
11,10000.0,8,0.75,1,2,1,0,0,0,1,0,0,0,1,0,0,medio_baixo
3,10000.0,0,0.0,1,2,1,0,1,1,1,0,0,1,0,0,0,medio_alto
9,10000.0,4,0.75,1,9,1,0,0,0,1,1,1,1,1,1,0,medio_baixo
1,35000.0,2,1.0,1,1,1,0,0,0,0,1,0,0,0,0,0,alto
2,10000.0,6,0.8333333333333334,11,3,1,0,0,0,1,0,0,1,0,1,0,baixo
1,10000.0,0,0.0,2,1,1,0,0,0,0,1,0,0,0,0,0,alto
7,10000.0,10,0.8,1,4,1,0,0,0,1,1,1,1,0,0,0,gratuito
2,10000.0,0,0.0,1,6,1,0,0,0,1,0,1,1,0,0,1,baixo
2,10000.0,2,0.5,1,4,1,0,0,0,0,0,0,0,0,0,0,alto
5,10000.0,14,0.9285714285714286,1,2,1,0,0,0,1,0,0,1,0,0,0,baixo
14,35000.0,90,0.6555555555555556,5,1,1,0,0,0,0,1,0,0,0,0,0,baixo
4,10000.0,16,1.0,2,4,1,1,0,2,1,1,1,1,0,0,0,medio_baixo
8,10000.0,29,0.5517241379310345,1,3,1,0,0,0,1,1,0,1,0,0,0,medio_baixo
3,0.0,0,0.0,0,0,1,0,0,0,0,0,0,0,0,0,0,gratuito
3,10000.0,0,0.0,5,1,1,1,1,0,0,0,0,1,0,0,0,alto
2,10000.0,7,1.0,1,3,1,1,0,0,1,0,0,1,0,0,0,gratuito
1,10000.0,11,1.0,3,3,1,0,0,0,1,1,0,1,0,0,0,alto
2,75000.0,1928,0.9522821576763485,9,3,1,0,0,4,1,0,0,0,0,1,1,alto
3,75000.0,538,0.79182156133829,1,3,1,0,0,0,1,0,0,0,0,0,0,medio_baixo
2,10000.0,13,1.0,14,2,1,0,0,0,1,0,0,1,0,0,0,baixo
3,10000.0,2,0.5,1,3,1,0,0,0,1,0,1,0,0,0,1,medio_alto
2,0.0,0,0.0,1,4,1,0,0,0,1,0,0,1,0,1,0,gratuito
3,10000.0,10,0.8,1,0,1,0,0,0,0,0,0,0,0,0,0,alto
2,75000.0,915,0.7617486338797814,12,1,1,0,0,1,0,0,0,0,0,1,0,alto
6,10000.0,26,0.8461538461538461,2,1,1,0,0,0,0,0,0,0,0,0,1,baixo
4,350000.0,2441,0.8926669397787792,12,4,1,0,0,0,1,0,1,1,0,0,1,medio_alto
1,0.0,0,0.0,1,4,1,0,0,0,1,1,1,0,0,0,0,medio_baixo
11,35000.0,35,0.6,2,3,1,0,0,0,1,0,0,1,0,1,0,baixo
6,10000.0,6,0.8333333333333334,1,3,1,0,0,0,1,1,0,1,0,0,0,medio_alto
1,10000.0,19,1.0,1,8,1,0,0,0,1,1,1,1,1,1,0,medio_baixo
1,10000.0,0,0.0,7,3,1,1,0,0,1,0,0,1,0,0,1,medio_alto
1,10000.0,25,0.92,5,2,1,0,0,0,1,1,0,0,0,0,0,alto
10,1500000.0,17154,0.935117173837006,1,2,1,1,1,1,1,1,0,0,0,0,0,medio_baixo
2,350000.0,4016,0.9048804780876494,1,4,1,0,0,0,1,1,1,0,1,0,0,alto
2,0.0,0,0.0,1,3,1,0,1,0,0,0,1,1,1,0,0,gratuito
11,75000.0,602,0.686046511627907,1,2,1,0,0,0,1,0,1,0,0,0,0,baixo
5,10000.0,9,0.7777777777777778,1,2,1,0,0,0,0,0,1,1,0,0,0,medio_baixo
6,10000.0,23,0.9565217391304348,1,1,1,0,0,0,0,0,1,0,0,0,0,medio_baixo
6,10000.0,0,0.0,1,4,1,0,0,0,1,0,1,1,1,0,0,medio_baixo
4,750000.0,30974,0.6958739588041584,14,3,1,0,0,4,0,1,1,0,1,0,0,medio_alto
10,75000.0,1125,0.32711111111111113,1,3,1,1,0,0,1,1,0,0,0,0,0,alto
2,10000.0,0,0.0,1,2,1,0,0,0,0,1,0,0,0,0,1,medio_baixo
6,35000.0,25,0.8,1,3,1,0,0,0,0,1,0,0,0,0,1,medio_alto
1,0.0,0,0.0,103,2,1,0,0,0,0,0,0,1,0,0,0,baixo
1,0.0,0,0.0,103,2,1,0,0,0,1,0,0,1,0,0,0,baixo
1,10000.0,21,0.9047619047619048,1,4,1,0,0,0,1,1,1,0,0,0,1,baixo
6,10000.0,3,0.6666666666666666,1,1,1,0,0,0,1,0,0,0,0,0,0,medio_alto
2,10000.0,18,0.9444444444444444,11,4,1,1,1,0,1,0,0,0,0,1,1,alto
3,35000.0,62,0.6290322580645161,12,4,1,0,0,0,1,1,1,1,0,0,0,alto
1,10000.0,0,0.0,2,3,1,0,0,0,1,1,0,1,0,0,0,medio_baixo
6,10000.0,140,0.9357142857142857,1,2,1,0,0,0,1,1,0,0,0,0,0,medio_baixo
5,10000.0,41,0.8292682926829268,1,4,1,0,0,0,1,1,1,0,0,0,0,gratuito
1,0.0,0,0.0,2,2,1,0,0,0,1,0,0,1,0,0,0,medio_baixo
10,35000.0,421,0.8242280285035629,1,2,1,0,0,0,1,0,0,0,0,0,1,alto
5,0.0,0,0.0,0,0,1,0,0,0,0,0,0,0,0,0,0,gratuito
9,750000.0,8563,0.8029896064463389,1,2,1,1,1,1,1,1,0,0,0,0,0,medio_alto
2,10000.0,2,1.0,1,4,1,0,0,0,1,1,1,1,0,0,0,baixo
3,10000.0,0,0.0,1,2,1,0,0,0,1,1,0,0,0,0,0,gratuito
3,10000.0,0,0.0,5,4,1,1,1,0,1,0,0,1,0,0,1,medio_alto
1,10000.0,0,0.0,1,3,1,0,0,0,1,0,0,0,0,0,0,baixo
1,0.0,0,0.0,4,4,1,0,0,0,1,0,0,1,0,1,1,alto
2,10000.0,0,0.0,1,1,1,0,0,0,0,0,0,0,0,0,0,baixo
2,10000.0,0,0.0,1,2,1,0,0,0,0,0,1,0,0,0,0,gratuito
11,75000.0,563,0.5488454706927176,5,4,1,0,0,1,1,0,0,1,0,1,1,medio_alto
2,10000.0,19,1.0,2,2,1,0,0,0,1,1,0,0,0,0,0,medio_alto
8,10000.0,76,0.8026315789473685,9,5,1,0,0,0,1,0,0,1,0,0,0,alto
10,10000.0,53,0.7547169811320755,7,3,1,1,1,0,1,1,0,0,0,0,0,alto
4,10000.0,62,0.8548387096774194,1,2,1,0,0,0,0,0,1,1,0,0,0,baixo
3,35000.0,16,0.75,103,4,1,0,0,0,0,0,1,1,0,0,0,baixo
3,10000.0,54,0.7592592592592593,3,5,1,0,0,0,1,0,1,0,1,1,1,alto
1,10000.0,0,0.0,6,1,1,0,0,0,0,0,0,0,1,0,0,alto
9,10000.0,24,0.5,4,2,1,0,0,1,1,0,0,1,0,0,0,baixo
5,10000.0,420,0.9357142857142857,2,4,1,0,0,4,1,1,1,0,1,0,0,alto
8,10000.0,190,0.6842105263157895,2,3,1,0,0,0,1,1,0,0,0,1,0,baixo
5,10000.0,4,1.0,1,3,1,0,0,0,1,0,1,1,0,0,0,medio_alto
2,10000.0,3,1.0,2,4,1,1,0,0,1,0,0,0,0,1,1,medio_alto
4,35000.0,21,0.8095238095238095,2,3,1,0,0,1,1,1,1,0,0,0,0,alto
10,10000.0,23,0.21739130434782608,1,3,1,1,0,1,1,0,0,1,0,1,0,medio_alto
4,10000.0,2,0.5,1,2,1,0,0,0,1,0,0,1,0,0,0,baixo
9,35000.0,59,0.6949152542372882,7,3,1,0,0,1,1,1,0,1,0,0,0,alto
6,75000.0,1044,0.8706896551724138,7,2,1,0,0,0,0,0,1,1,0,0,0,gratuito
1,10000.0,0,0.0,9,2,1,0,0,0,1,0,0,1,0,0,0,baixo
7,10000.0,22,0.8636363636363636,1,3,1,1,1,1,1,0,1,0,1,0,0,medio_alto
14,350000.0,1751,0.7224443175328383,3,3,1,1,0,0,1,1,0,0,0,1,0,alto
3,0.0,0,0.0,7,5,1,0,1,0,1,1,1,0,1,0,0,gratuito
10,10000.0,3,0.3333333333333333,1,4,1,0,0,0,1,1,1,1,0,0,0,baixo
3,10000.0,16,0.625,1,2,1,0,0,0,0,0,0,1,0,1,0,medio_alto
3,10000.0,0,0.0,1,3,1,0,0,0,1,0,0,1,0,1,0,baixo
1,10000.0,0,0.0,1,2,1,0,0,0,1,0,0,0,0,1,0,medio_alto
9,35000.0,131,0.4580152671755725,1,3,1,1,1,0,1,0,0,0,0,1,1,medio_alto
2,0.0,0,0.0,0,0,1,0,0,0,0,0,0,0,0,0,0,gratuito
8,35000.0,320,0.9625,9,3,1,0,0,0,1,1,1,0,0,0,0,baixo
11,350000.0,316,0.6867088607594937,9,2,1,1,1,1,1,0,0,1,0,0,0,baixo
8,75000.0,295,0.4915254237288136,1,5,1,0,0,0,0,1,0,0,1,1,0,gratuito
4,10000.0,7,1.0,1,3,1,0,0,0,0,0,1,1,0,1,0,medio_baixo
1,0.0,0,0.0,1,1,1,0,0,0,0,1,0,0,0,0,0,medio_baixo
5,10000.0,21,0.6190476190476191,1,1,1,0,0,0,0,0,0,1,0,0,0,medio_alto
4,10000.0,26,0.9230769230769231,1,4,1,0,0,0,1,1,0,1,1,0,0,baixo
1,0.0,0,0.0,0,0,1,0,0,0,0,0,0,0,0,0,0,gratuito
2,10000.0,317,0.9463722397476341,13,2,1,0,0,1,1,0,0,1,0,0,0,medio_baixo
1,0.0,0,0.0,0,0,1,0,0,0,0,0,0,0,0,0,0,gratuito
1,0.0,0,0.0,6,3,1,0,0,0,0,0,0,0,1,1,0,gratuito
4,10000.0,9,1.0,103,6,1,0,0,0,0,1,1,1,0,1,1,baixo
4,10000.0,0,0.0,1,2,1,0,0,0,0,0,1,1,0,0,0,baixo
8,10000.0,7,1.0,1,3,1,0,0,0,1,1,0,1,0,0,0,medio_baixo
6,10000.0,8,0.875,1,3,1,0,0,0,1,1,1,0,0,0,0,baixo
1,0.0,0,0.0,1,1,1,0,1,0,1,0,0,0,0,0,0,medio_alto
3,10000.0,11,0.9090909090909091,21,3,1,0,0,2,1,0,0,1,0,1,0,baixo
16,350000.0,1323,0.891912320483749,8,2,1,1,0,0,0,0,1,1,0,0,0,medio_baixo
1,0.0,0,0.0,1,5,1,0,0,0,1,1,0,1,0,1,0,medio_baixo
1,0.0,0,0.0,1,5,1,0,0,1,1,1,0,1,0,0,1,medio_alto
4,0.0,0,0.0,0,0,1,0,0,0,0,0,0,0,0,0,0,gratuito
4,0.0,0,0.0,1,4,1,0,0,1,1,1,1,0,0,0,0,gratuito
4,10000.0,10,0.7,1,4,1,0,0,0,0,0,0,0,0,0,0,gratuito
3,10000.0,4,0.0,16,6,1,0,0,0,0,0,0,0,0,0,0,alto
8,10000.0,47,0.7446808510638298,1,2,1,0,0,0,1,1,0,0,0,0,0,medio_alto
10,10000.0,55,0.7090909090909091,2,3,1,0,0,0,1,1,1,0,0,0,0,baixo
6,10000.0,4,1.0,2,2,1,0,0,0,1,0,1,0,0,0,0,medio_baixo
4,10000.0,4,1.0,3,2,1,1,0,0,0,1,0,1,0,0,0,medio_baixo
3,10000.0,0,0.0,1,2,1,0,0,0,0,1,0,1,0,0,0,medio_alto
3,0.0,0,0.0,2,4,1,0,0,1,1,1,0,0,1,0,0,gratuito
9,35000.0,30,0.7333333333333333,1,2,1,1,0,0,1,0,0,1,0,0,0,medio_baixo
11,35000.0,255,0.7294117647058823,5,1,1,0,0,0,0,0,0,0,0,1,0,baixo
1,0.0,0,0.0,0,0,1,0,0,0,0,0,0,0,0,0,0,gratuito
1,0.0,0,0.0,12,4,1,0,0,0,0,1,1,1,0,0,0,gratuito
5,10000.0,2,0.5,1,1,1,0,0,0,0,1,0,0,0,0,0,baixo
5,10000.0,1,1.0,1,2,1,1,1,0,1,0,0,0,1,0,0,medio_alto
7,10000.0,5,0.8,1,4,1,0,0,0,1,0,1,0,1,0,1,alto
5,10000.0,75,0.5866666666666667,1,2,1,0,0,0,1,0,0,0,0,0,1,medio_alto
6,10000.0,30,0.6,1,3,1,0,0,0,1,0,0,0,0,1,1,medio_alto
2,10000.0,8,0.875,3,2,1,0,0,0,0,1,1,0,0,0,0,baixo
4,10000.0,35,0.8857142857142857,88,5,1,0,0,0,1,1,1,1,0,0,0,baixo
1,10000.0,0,0.0,1,2,1,0,0,0,1,1,0,0,0,0,0,baixo
9,75000.0,213,0.8356807511737089,1,3,1,0,0,1,1,1,0,1,0,0,0,alto
12,10000.0,45,0.7111111111111111,1,1,1,0,0,0,0,0,0,0,0,0,0,medio_alto
8,10000.0,9,0.6666666666666666,27,4,1,0,0,0,1,0,1,1,1,0,0,alto
9,750000.0,11592,0.8955314009661836,15,2,1,0,1,1,1,1,0,0,0,0,0,medio_alto
3,0.0,0,0.0,6,4,1,0,0,0,1,0,1,0,1,1,0,gratuito
1,0.0,0,0.0,1,3,1,0,0,0,1,0,0,1,0,1,0,baixo
5,10000.0,2,0.5,3,1,1,1,0,0,1,0,0,0,0,0,0,alto
2,0.0,0,0.0,0,0,1,0,0,0,0,0,0,0,0,0,0,gratuito
5,35000.0,234,0.9358974358974359,1,3,1,0,0,1,1,0,0,0,0,0,1,gratuito
3,10000.0,106,0.7358490566037735,1,3,1,0,0,0,0,1,1,0,0,0,0,medio_alto
8,10000.0,11,0.7272727272727273,1,1,1,0,0,0,0,0,0,0,0,0,0,gratuito
2,10000.0,3,0.6666666666666666,4,1,1,0,0,0,0,1,0,0,0,0,0,medio_alto
2,10000.0,0,0.0,5,2,1,0,0,0,1,0,1,0,0,0,0,alto
4,10000.0,2,1.0,1,5,1,0,0,0,1,1,1,1,0,1,0,medio_baixo
1,10000.0,0,0.0,5,4,1,0,0,0,1,1,0,0,1,0,0,alto
4,10000.0,3,1.0,3,4,1,0,1,0,1,1,0,1,0,1,0,baixo
1,0.0,0,0.0,4,1,1,0,0,0,0,1,0,0,0,0,0,medio_baixo
10,75000.0,127,0.5669291338582677,1,4,1,1,1,0,1,1,1,1,0,0,0,medio_baixo
5,10000.0,24,0.875,1,3,1,1,1,1,1,0,1,0,1,0,0,medio_alto
2,10000.0,0,0.0,1,2,1,0,0,0,0,0,0,1,1,0,0,alto
7,10000.0,6,1.0,18,2,1,0,0,0,1,0,0,1,0,0,0,medio_baixo
11,10000.0,39,0.7692307692307693,1,4,1,1,0,0,1,1,1,0,1,0,0,baixo
11,7500000.0,61304,0.8969887772412893,26,7,1,1,0,6,1,0,1,1,1,1,1,gratuito
3,10000.0,57,0.8947368421052632,2,4,1,0,0,0,1,0,1,1,0,1,0,medio_baixo
4,0.0,0,0.0,0,0,1,0,0,0,0,0,0,0,0,0,0,gratuito
16,350000.0,391,0.7570332480818415,4,2,1,0,0,0,1,0,1,0,0,0,0,medio_baixo
1,10000.0,0,0.0,4,3,1,0,0,0,1,0,0,0,1,0,1,medio_alto
4,10000.0,48,0.4375,4,3,1,0,0,0,0,0,1,1,0,0,1,alto
1,10000.0,0,0.0,1,3,1,1,1,1,1,0,1,0,1,0,0,alto
3,75000.0,1529,0.8358404185742315,11,4,1,0,0,9,1,1,0,1,0,0,1,medio_baixo
5,10000.0,6,0.6666666666666666,1,2,1,0,0,0,0,1,1,0,0,0,0,medio_baixo
5,0.0,0,0.0,0,0,1,0,0,0,0,0,0,0,0,0,0,gratuito
3,10000.0,70,0.9857142857142858,4,2,1,1,1,0,1,1,0,0,0,0,0,medio_baixo
3,0.0,0,0.0,0,0,1,0,0,0,0,0,0,0,0,0,0,gratuito
7,35000.0,207,0.8888888888888888,9,1,1,0,0,2,0,1,0,0,0,0,0,medio_baixo
2,10000.0,180,0.6833333333333333,7,4,1,0,0,1,1,0,1,0,1,0,1,medio_alto
2,0.0,0,0.0,103,8,1,1,1,0,1,1,1,1,1,1,1,alto
5,10000.0,11,0.9090909090909091,2,4,1,0,0,0,1,0,0,1,0,1,0,gratuito
9,10000.0,2,0.5,1,4,1,0,0,0,1,0,0,1,0,1,0,baixo
2,10000.0,11,0.9090909090909091,1,2,1,1,0,0,0,1,0,0,0,0,0,gratuito
2,0.0,0,0.0,2,3,1,0,0,1,1,0,0,1,0,0,0,gratuito
3,10000.0,3,1.0,1,2,1,1,0,0,0,0,0,1,0,1,0,baixo
4,0.0,0,0.0,0,0,1,0,0,0,0,0,0,0,0,0,0,gratuito
2,10000.0,0,0.0,1,3,1,0,0,0,0,0,1,1,0,1,0,baixo
10,10000.0,47,0.7872340425531915,7,3,1,1,1,0,1,1,1,0,0,0,0,medio_alto
1,0.0,0,0.0,2,4,1,0,0,0,1,1,1,0,0,0,1,medio_baixo
4,10000.0,190,0.7421052631578947,9,2,1,0,0,1,1,1,0,0,0,0,0,medio_baixo
8,10000.0,14,0.5714285714285714,1,3,1,0,0,0,1,1,0,1,0,0,0,medio_baixo
5,0.0,0,0.0,3,4,1,0,0,0,1,1,1,0,0,0,0,gratuito
2,0.0,0,0.0,0,0,1,0,0,0,0,0,0,0,0,0,0,gratuito
1,10000.0,0,0.0,9,3,1,0,0,0,1,1,0,1,0,0,0,alto
4,10000.0,193,0.9481865284974094,1,3,1,0,0,0,1,0,1,0,0,0,1,medio_baixo
3,35000.0,527,0.8140417457305503,6,0,1,0,0,1,0,0,0,0,0,0,0,medio_baixo
7,10000.0,4,0.25,1,3,1,0,0,1,0,0,0,1,0,0,1,medio_alto
2,0.0,0,0.0,1,3,1,1,1,10,1,0,0,1,0,0,0,gratuito
4,10000.0,2,0.0,1,3,1,0,0,0,1,0,1,1,0,0,0,baixo
8,10000.0,30,0.5,1,1,1,0,0,0,0,0,0,0,0,0,1,alto
17,150000.0,363,0.8705234159779615,1,1,1,0,0,0,0,0,1,0,0,0,0,alto
5,10000.0,8,0.75,11,7,1,1,0,0,1,0,1,1,1,1,1,alto
1,0.0,0,0.0,11,5,1,0,1,7,0,1,0,0,0,0,1,gratuito
11,35000.0,228,0.8201754385964912,12,2,1,1,0,0,0,0,1,1,0,0,0,medio_baixo
1,10000.0,9,0.8888888888888888,1,3,1,0,0,0,1,0,0,1,0,0,1,baixo
2,10000.0,182,0.45604395604395603,2,4,1,0,0,0,1,0,1,0,1,0,0,alto
9,10000.0,68,0.7647058823529411,3,3,1,1,0,0,1,0,1,0,0,0,1,medio_baixo
1,10000.0,0,0.0,4,1,1,1,0,0,1,0,0,0,0,0,0,baixo
1,10000.0,0,0.0,4,1,1,0,0,0,0,0,0,0,0,1,0,alto
4,0.0,0,0.0,0,0,1,0,0,0,0,0,0,0,0,0,0,gratuito
4,75000.0,15,0.9333333333333333,1,5,1,0,0,0,1,1,1,1,1,0,0,medio_baixo
1,10000.0,92,0.8043478260869565,11,2,1,0,0,0,1,0,0,0,0,0,1,alto
11,350000.0,3305,0.8995461422087746,1,4,1,1,0,0,1,0,1,1,0,0,0,gratuito
7,10000.0,36,0.6111111111111112,1,5,1,0,0,0,1,1,1,0,1,0,1,medio_alto
8,10000.0,126,0.6190476190476191,6,2,1,0,0,0,0,1,0,0,1,0,0,medio_alto
11,10000.0,272,0.9411764705882353,1,3,1,0,0,0,1,0,1,0,0,1,0,medio_alto
4,10000.0,7,0.7142857142857143,1,5,1,0,0,0,1,1,1,1,1,0,0,medio_baixo
2,10000.0,0,0.0,1,3,1,1,1,0,1,0,1,1,0,0,0,baixo
1,0.0,0,0.0,5,4,1,1,0,1,1,1,0,1,0,0,0,gratuito
6,10000.0,12,0.9166666666666666,2,2,1,0,0,0,1,0,0,1,0,0,0,baixo
9,10000.0,7,0.7142857142857143,1,1,1,0,0,0,0,0,0,0,0,1,0,alto
3,10000.0,0,0.0,1,6,1,0,0,0,1,1,1,1,0,0,1,medio_alto
5,150000.0,7,0.7142857142857143,1,3,1,0,0,0,1,1,1,0,0,0,0,baixo
5,10000.0,15,0.4666666666666667,1,5,1,0,0,0,1,1,1,1,1,0,0,alto
3,10000.0,0,0.0,1,5,1,0,0,0,1,0,0,0,0,0,1,gratuito
1,10000.0,0,0.0,22,3,1,0,0,0,1,1,0,0,0,0,0,alto
1,10000.0,297,0.9158249158249159,1,4,1,0,0,0,1,0,0,1,0,0,1,alto
4,10000.0,26,1.0,1,1,1,0,0,0,0,0,0,0,0,0,0,medio_alto
5,10000.0,188,0.39361702127659576,6,1,1,0,0,0,0,0,0,0,0,0,1,alto
4,10000.0,8,0.625,2,3,1,0,0,0,1,1,0,0,0,1,0,baixo
17,750000.0,3796,0.7655426765015806,5,1,1,0,0,0,0,1,0,0,0,0,0,medio_baixo
2,10000.0,15,0.6666666666666666,4,3,1,0,0,0,0,1,0,0,0,0,0,medio_baixo
6,10000.0,6,1.0,1,1,1,1,0,1,1,0,0,0,0,0,0,medio_alto
4,10000.0,30,0.8333333333333334,1,3,1,1,0,0,0,0,0,1,0,1,1,alto
12,75000.0,255,0.6666666666666666,6,2,1,0,0,1,1,0,1,0,0,0,0,medio_baixo
4,10000.0,35,0.9142857142857143,1,4,1,0,0,0,1,1,0,1,0,0,1,medio_alto
3,10000.0,4,0.75,1,1,1,0,0,0,1,0,0,0,0,0,0,gratuito
1,0.0,0,0.0,0,0,1,0,0,0,0,0,0,0,0,0,0,gratuito
2,10000.0,0,0.0,1,1,1,1,0,0,0,0,0,0,0,1,0,alto
4,10000.0,0,0.0,1,6,1,0,0,0,1,1,1,1,0,0,1,baixo
6,0.0,0,0.0,0,0,1,0,0,0,0,0,0,0,0,0,0,gratuito
2,0.0,0,0.0,2,4,1,0,0,0,1,0,1,0,1,0,0,gratuito
8,10000.0,2,1.0,1,7,1,0,0,0,1,1,1,1,0,0,1,medio_alto
3,10000.0,7,1.0,8,2,1,0,0,0,1,0,0,1,0,0,0,medio_alto
2,0.0,0,0.0,9,4,1,0,0,4,0,1,0,1,1,0,0,gratuito
4,10000.0,8,0.75,1,1,1,0,0,0,0,0,0,0,1,0,0,medio_alto
10,350000.0,1544,0.8924870466321243,1,3,1,0,0,1,1,0,0,1,0,0,0,gratuito
7,10000.0,27,0.4074074074074074,2,5,1,0,0,0,1,1,1,0,0,0,0,alto
7,10000.0,13,0.6923076923076923,1,5,1,0,0,0,1,0,0,1,0,0,1,alto
2,0.0,0,0.0,0,0,1,0,0,0,0,0,0,0,0,0,0,gratuito
2,10000.0,3,1.0,1,3,1,0,0,0,1,1,0,0,1,0,0,baixo
4,10000.0,0,0.0,1,4,1,0,0,0,1,1,0,1,0,1,0,alto
3,10000.0,10,0.9,1,3,1,0,0,0,0,0,0,0,0,1,1,gratuito
1,0.0,0,0.0,10,3,1,0,0,0,0,0,0,0,1,0,0,gratuito
1,10000.0,7,0.7142857142857143,6,4,1,0,0,0,1,0,0,1,0,1,1,medio_baixo
5,0.0,0,0.0,1,1,1,0,0,0,0,0,0,0,0,0,0,gratuito
4,10000.0,29,0.6896551724137931,1,2,1,0,0,0,1,0,0,0,0,1,0,medio_alto
2,10000.0,1,0.0,1,3,1,0,0,0,0,0,0,1,0,1,0,alto
1,0.0,0,0.0,0,0,1,0,0,0,0,0,0,0,0,0,0,gratuito
3,10000.0,7,1.0,1,1,1,0,1,0,0,0,0,0,1,0,0,medio_alto
1,10000.0,10,1.0,2,2,1,0,0,0,1,1,0,0,0,0,0,alto
2,75000.0,100,0.5,3,3,1,0,0,0,1,1,0,0,1,0,0,alto
3,10000.0,0,0.0,30,2,1,0,0,0,1,0,0,1,0,0,0,baixo
1,10000.0,0,0.0,14,4,1,0,0,2,0,1,1,0,1,0,0,alto
1,10000.0,0,0.0,1,1,1,0,0,0,1,0,0,0,0,0,0,medio_alto
1,10000.0,2,1.0,3,5,1,0,0,0,1,1,1,1,0,1,0,medio_baixo
2,0.0,0,0.0,1,3,1,0,0,0,1,0,1,0,0,0,0,gratuito
8,10000.0,17,0.5882352941176471,3,1,1,0,0,0,0,0,0,1,0,0,0,medio_baixo
2,0.0,0,0.0,0,0,1,0,0,0,0,0,0,0,0,0,0,gratuito
2,10000.0,9,0.2222222222222222,6,4,1,0,0,1,1,0,0,1,0,0,1,medio_alto
7,10000.0,53,0.660377358490566,1,6,1,0,0,0,1,0,0,1,0,1,0,gratuito
5,10000.0,9,0.3333333333333333,1,1,1,0,0,0,0,0,0,0,0,0,0,alto
3,10000.0,16,0.875,1,4,1,1,0,0,1,1,1,0,0,0,0,gratuito
1,0.0,0,0.0,6,3,1,1,0,0,1,0,1,0,0,0,1,medio_alto
3,0.0,0,0.0,0,0,1,0,0,0,0,0,0,0,0,0,0,gratuito
6,10000.0,11,1.0,1,2,1,1,0,0,0,0,1,1,0,0,0,medio_alto
2,0.0,0,0.0,0,0,1,0,0,0,0,0,0,0,0,0,0,gratuito
11,1500000.0,4376,0.8841407678244972,19,3,1,1,1,0,1,1,0,0,0,0,0,gratuito
10,75000.0,447,0.8232662192393736,7,3,1,0,0,7,0,0,0,0,0,0,1,baixo
6,10000.0,6,0.8333333333333334,1,3,1,0,0,0,1,0,0,1,0,0,0,alto
8,35000.0,295,0.911864406779661,1,1,1,1,0,0,1,0,0,0,0,0,0,medio_baixo
1,10000.0,1,1.0,1,1,1,0,0,0,0,0,1,0,0,0,0,baixo
4,35000.0,187,0.9786096256684492,5,1,1,0,0,1,0,1,0,0,0,0,0,medio_baixo
1,0.0,0,0.0,1,4,1,0,0,0,1,0,1,0,1,0,0,gratuito
3,10000.0,0,0.0,1,2,1,0,0,2,1,0,0,1,0,0,0,baixo
5,10000.0,0,0.0,1,1,1,0,0,0,0,0,0,0,1,0,0,medio_baixo
8,35000.0,33,0.7878787878787878,1,4,1,0,0,0,1,1,0,1,0,0,0,gratuito
1,0.0,0,0.0,2,2,1,0,0,0,1,1,0,0,0,0,0,medio_alto
5,0.0,0,0.0,1,5,1,0,0,0,1,1,1,0,1,1,0,gratuito
1,10000.0,0,0.0,9,2,1,0,0,0,1,1,0,0,0,0,0,alto
4,10000.0,65,0.9692307692307692,1,2,1,1,0,0,0,0,0,0,0,1,0,medio_alto
2,10000.0,5,1.0,10,2,1,0,0,0,1,0,0,1,0,0,0,medio_alto
7,10000.0,4,0.25,1,4,1,0,0,0,1,1,1,0,0,0,1,baixo
1,0.0,0,0.0,5,3,1,0,0,1,1,0,1,0,0,0,0,gratuito
5,10000.0,40,1.0,11,4,1,1,1,1,1,1,0,1,0,1,0,medio_alto
6,10000.0,95,0.6736842105263158,11,2,1,0,0,0,1,0,1,0,0,0,0,baixo
3,10000.0,47,0.9361702127659575,1,1,1,0,0,0,0,1,0,0,0,0,0,medio_baixo
4,0.0,0,0.0,11,2,1,0,1,0,0,0,0,0,0,1,0,gratuito
7,10000.0,22,0.8181818181818182,1,2,1,1,1,0,1,0,1,0,0,0,0,alto
5,10000.0,12,0.75,1,1,1,0,0,0,1,0,0,0,0,0,0,medio_alto
1,0.0,0,0.0,103,4,1,0,0,0,0,0,1,1,1,0,1,alto
9,150000.0,1008,0.7033730158730159,1,3,1,0,0,0,1,0,1,0,0,0,0,gratuito
9,10000.0,11,0.45454545454545453,1,3,1,0,0,0,1,0,0,0,0,0,0,medio_alto
4,10000.0,45,0.9333333333333333,5,3,1,0,0,0,1,0,0,0,0,1,1,medio_baixo
8,10000.0,62,0.45161290322580644,1,2,1,0,0,0,1,0,0,0,0,0,1,baixo
1,0.0,0,0.0,1,3,1,1,1,0,1,0,0,1,0,0,0,medio_alto
2,10000.0,0,0.0,11,4,1,1,0,0,0,1,1,1,0,0,0,gratuito
5,0.0,0,0.0,0,0,1,0,0,0,0,0,0,0,0,0,0,gratuito
1,35000.0,9,1.0,1,5,1,1,0,0,1,0,1,1,0,0,1,medio_alto
10,10000.0,17,0.5882352941176471,1,4,1,0,0,0,1,1,1,0,0,0,0,medio_alto
3,10000.0,5,0.8,5,2,1,0,0,0,1,1,0,0,0,0,0,medio_baixo
2,35000.0,12,0.6666666666666666,1,3,1,0,0,0,1,0,1,1,0,0,0,baixo
3,0.0,0,0.0,7,1,1,0,0,2,1,0,0,0,0,0,0,gratuito
7,10000.0,2,0.5,1,2,1,1,0,0,1,0,0,1,0,0,0,medio_alto
1,10000.0,71,0.704225352112676,1,4,1,0,0,0,1,1,1,1,0,0,0,medio_baixo
1,10000.0,0,0.0,1,3,1,0,0,0,1,0,0,1,1,0,0,baixo
6,35000.0,10,0.8,1,2,1,0,0,0,0,0,1,1,0,0,0,gratuito
2,75000.0,7,1.0,1,2,1,0,0,0,1,0,0,0,1,0,0,baixo
8,0.0,0,0.0,1,5,1,0,0,0,1,1,1,1,0,0,0,gratuito
5,35000.0,6,1.0,1,3,1,0,0,0,1,0,1,1,0,0,0,medio_baixo
3,10000.0,11,0.7272727272727273,1,6,1,0,0,1,1,1,1,1,0,1,1,baixo
2,10000.0,294,0.6802721088435374,1,4,1,0,0,1,1,0,1,1,0,0,1,alto
13,150000.0,1699,0.9587992937021778,1,2,1,0,0,1,1,1,0,0,0,0,0,alto
1,10000.0,1,0.0,3,4,1,0,0,0,1,0,1,1,0,1,0,baixo
10,35000.0,50,0.84,6,2,1,0,0,1,1,1,0,0,0,0,0,alto
3,10000.0,1135,0.9859030837004406,1,6,1,1,0,1,1,1,1,1,0,0,1,medio_baixo
4,150000.0,241,0.36929460580912865,13,2,1,0,0,0,0,1,1,0,0,0,0,gratuito
1,10000.0,30,0.9666666666666667,4,2,1,0,0,0,1,0,1,0,0,0,0,medio_alto
15,150000.0,464,0.6099137931034483,4,3,1,0,0,0,0,0,0,0,1,1,1,medio_baixo
6,10000.0,36,1.0,1,1,1,1,0,1,1,0,0,0,0,0,0,medio_baixo
9,10000.0,73,0.4931506849315068,2,3,1,0,0,1,1,0,0,1,0,0,1,baixo
1,0.0,0,0.0,1,5,1,0,0,0,1,1,1,1,0,0,0,baixo
5,10000.0,11,1.0,2,3,1,1,1,0,1,1,0,0,0,0,1,medio_baixo
4,10000.0,4,0.75,1,3,1,0,0,0,0,0,0,1,0,1,0,medio_baixo
2,10000.0,24,0.9583333333333334,3,2,1,0,1,0,1,0,1,0,0,0,0,baixo
4,10000.0,9,1.0,1,3,1,1,1,0,1,0,0,1,0,0,1,medio_baixo
2,10000.0,51,0.9607843137254902,2,3,1,1,0,1,1,0,0,1,1,0,0,medio_baixo
6,10000.0,4,1.0,1,3,1,0,0,0,1,1,0,0,0,0,0,medio_alto
8,35000.0,7,0.42857142857142855,5,2,1,0,0,0,1,0,0,1,0,0,0,baixo
10,10000.0,33,0.18181818181818182,1,2,1,0,0,0,1,1,0,0,0,0,0,medio_baixo
4,0.0,0,0.0,1,2,1,0,0,0,1,0,0,0,0,0,1,gratuito
5,35000.0,293,0.7167235494880546,9,2,1,0,0,10,0,0,0,0,0,0,1,medio_alto
1,0.0,0,0.0,1,2,1,0,0,0,1,1,0,0,0,0,0,alto
9,10000.0,23,0.6086956521739131,1,3,1,0,0,0,1,1,0,1,0,0,0,medio_baixo
1,0.0,0,0.0,1,3,1,0,0,0,1,1,0,1,0,0,0,medio_baixo
2,10000.0,0,0.0,1,4,1,0,0,0,1,1,0,0,0,1,0,medio_baixo
2,10000.0,3,1.0,1,1,1,0,0,0,0,1,0,0,0,0,0,baixo
1,10000.0,0,0.0,1,3,1,0,0,0,0,1,1,0,0,0,1,medio_alto
2,0.0,0,0.0,0,0,1,0,0,0,0,0,0,0,0,0,0,gratuito
6,10000.0,60,0.9,1,4,1,1,1,0,1,1,1,1,0,0,0,alto
2,10000.0,22,0.8636363636363636,1,3,1,0,0,2,1,1,1,0,0,0,0,medio_baixo
4,0.0,0,0.0,1,1,1,0,0,3,0,0,0,0,1,0,0,gratuito
8,10000.0,34,0.6176470588235294,6,3,1,0,0,1,1,1,1,0,0,0,0,medio_baixo
1,10000.0,0,0.0,1,4,1,0,1,0,1,0,0,0,0,1,1,alto
1,10000.0,0,0.0,38,2,1,0,0,0,1,0,0,1,0,0,0,baixo
1,10000.0,0,0.0,10,3,1,0,0,0,1,1,1,0,0,0,0,medio_baixo
2,10000.0,0,0.0,2,8,1,0,0,0,1,0,0,1,0,0,1,alto
1,10000.0,0,0.0,1,8,1,0,0,0,1,1,1,1,1,1,1,medio_baixo
3,10000.0,0,0.0,1,3,1,0,0,0,1,0,1,1,0,0,0,gratuito
4,10000.0,5,0.4,1,1,1,0,0,0,0,0,0,0,0,0,1,baixo
3,0.0,0,0.0,0,0,1,0,0,0,0,0,0,0,0,0,0,gratuito
3,0.0,0,0.0,0,0,1,0,0,0,0,0,0,0,0,0,0,gratuito
1,10000.0,0,0.0,11,5,1,0,0,0,1,0,1,1,1,1,0,medio_baixo
9,10000.0,32,0.90625,2,2,1,0,0,0,1,0,0,1,0,0,0,baixo
1,10000.0,0,0.0,1,2,1,0,0,0,1,0,1,0,0,0,0,medio_baixo
1,0.0,0,0.0,1,4,1,1,1,1,1,1,1,1,0,0,0,medio_alto
2,10000.0,0,0.0,2,4,1,0,0,0,1,1,0,1,0,0,0,medio_alto
4,10000.0,38,0.9473684210526315,1,5,1,0,0,0,0,1,0,1,0,1,0,gratuito
15,1500000.0,23136,0.8853734439834025,14,2,1,0,0,0,0,1,1,0,0,0,0,medio_alto
7,10000.0,17,0.6470588235294118,7,3,1,0,0,0,1,1,0,0,0,0,0,alto
6,10000.0,221,0.9276018099547512,1,3,1,0,0,0,0,0,1,1,0,0,0,gratuito
13,150000.0,1117,0.8997314234556849,1,2,1,1,0,0,0,0,1,0,1,0,0,baixo
5,10000.0,17,0.9411764705882353,1,2,1,0,0,0,0,0,0,1,0,0,1,medio_alto
10,10000.0,140,0.8214285714285714,1,2,1,0,0,0,1,0,1,0,0,0,0,baixo
6,10000.0,0,0.0,1,3,1,0,0,0,1,0,1,0,0,0,0,medio_alto
4,10000.0,4,0.25,1,2,1,0,0,0,0,0,1,1,0,0,0,alto
1,0.0,0,0.0,1,2,1,0,0,0,0,1,0,0,0,0,0,gratuito
6,10000.0,0,0.0,1,4,1,0,0,0,1,0,0,1,0,1,0,medio_baixo
6,10000.0,4,0.75,1,3,1,0,0,0,1,0,1,0,1,0,0,baixo
7,10000.0,1,0.0,1,4,1,1,1,0,1,1,0,1,0,0,0,medio_alto
5,35000.0,126,0.6666666666666666,5,4,1,0,0,0,0,0,1,0,0,1,0,gratuito
2,10000.0,0,0.0,1,3,1,1,1,0,1,0,1,1,0,0,0,baixo
4,10000.0,1,1.0,1,3,1,0,0,0,1,1,1,0,0,0,0,baixo
7,75000.0,1215,0.9193415637860082,1,4,1,1,0,4,1,0,1,0,0,1,1,alto
1,10000.0,10,0.6,1,4,1,0,0,0,1,0,1,0,0,0,1,alto
1,10000.0,0,0.0,6,3,1,0,0,0,1,0,0,1,0,0,1,alto
4,10000.0,122,0.8360655737704918,3,3,1,1,1,0,1,0,0,1,0,0,0,medio_alto
6,10000.0,3,0.6666666666666666,1,2,1,1,1,0,0,0,1,0,1,0,0,medio_alto
4,10000.0,7,0.8571428571428571,16,1,1,0,0,0,0,0,0,0,0,0,1,gratuito
9,75000.0,143,0.6853146853146853,2,3,1,0,0,0,1,0,1,1,0,0,0,baixo
9,10000.0,28,0.6071428571428571,2,2,1,0,0,0,1,0,1,0,0,0,0,medio_alto
10,35000.0,251,0.3745019920318725,2,5,1,1,1,0,1,1,0,0,0,0,1,alto
1,10000.0,0,0.0,11,2,1,0,0,0,1,0,0,1,0,0,0,alto
4,35000.0,39,0.8717948717948718,6,5,1,0,0,0,1,1,1,0,1,1,0,medio_baixo
1,0.0,0,0.0,2,4,1,0,0,0,1,0,0,0,0,1,0,gratuito
8,10000.0,18,0.7777777777777778,2,2,1,0,0,0,0,0,0,0,0,0,1,gratuito
4,75000.0,2,1.0,1,4,1,1,0,0,1,1,0,0,0,1,0,alto
3,35000.0,1,0.0,1,1,1,0,0,0,0,0,0,0,1,0,0,alto
1,10000.0,0,0.0,3,3,1,0,0,0,1,0,1,1,0,0,0,medio_baixo
7,10000.0,2,1.0,1,1,1,0,0,0,0,0,0,0,0,0,0,alto
11,35000.0,185,0.9459459459459459,10,1,1,0,0,0,1,0,0,0,0,0,0,medio_alto
4,0.0,0,0.0,0,0,1,0,0,0,0,0,0,0,0,0,0,gratuito
3,35000.0,2,0.5,3,3,1,0,0,0,0,0,0,1,0,0,1,baixo
4,10000.0,0,0.0,1,1,1,0,0,0,0,1,0,0,0,0,0,baixo
6,10000.0,0,0.0,1,2,1,0,0,0,1,0,0,1,0,0,0,medio_alto
11,10000.0,31,0.7096774193548387,1,3,1,0,0,0,1,1,0,0,0,1,0,alto
1,10000.0,2,1.0,1,2,1,0,0,0,0,0,0,0,0,1,1,alto
1,75000.0,1938,0.7492260061919505,8,4,1,0,0,1,1,1,1,0,1,0,0,alto
5,10000.0,29,0.7586206896551724,6,2,1,0,0,0,1,1,0,0,0,0,0,alto
3,10000.0,44,0.6818181818181818,1,2,1,0,0,0,1,0,1,0,0,0,0,alto
1,10000.0,0,0.0,1,3,1,0,0,0,0,0,0,1,1,0,1,medio_alto
9,10000.0,40,0.875,6,2,1,1,1,1,1,1,0,0,0,0,0,alto
2,10000.0,7,0.5714285714285714,2,2,1,0,0,0,1,1,0,0,0,0,0,medio_baixo
1,10000.0,2,0.5,1,2,1,0,0,0,1,1,0,0,0,0,0,alto
9,10000.0,17,0.8235294117647058,2,3,1,0,1,0,1,0,0,1,0,0,1,baixo
5,35000.0,3,1.0,1,1,1,0,0,0,0,1,0,0,0,0,0,medio_baixo
3,10000.0,27,0.9629629629629629,8,2,1,0,0,0,1,0,0,1,0,0,0,medio_baixo
1,0.0,0,0.0,103,2,1,0,0,0,1,0,0,1,0,0,0,medio_baixo
4,35000.0,3,0.6666666666666666,1,1,1,0,0,0,0,0,1,0,0,0,0,medio_baixo
10,150000.0,548,0.7244525547445255,9,2,1,1,1,0,1,0,0,0,0,0,1,medio_baixo
2,10000.0,35,0.8571428571428571,4,3,1,0,0,0,0,0,1,0,1,1,0,alto
3,10000.0,3,1.0,1,3,1,0,0,0,1,1,0,0,0,0,0,alto
1,10000.0,0,0.0,31,2,1,0,0,0,1,0,0,1,0,0,0,baixo
8,10000.0,2,1.0,1,4,1,0,0,0,1,1,0,0,0,0,0,medio_alto
7,35000.0,21,0.7142857142857143,11,3,1,0,0,1,1,1,1,0,0,0,0,baixo
1,0.0,0,0.0,0,0,1,0,0,0,0,0,0,0,0,0,0,gratuito
4,10000.0,14,0.8571428571428571,2,4,1,0,1,0,1,1,1,1,0,0,0,medio_baixo
8,10000.0,29,0.896551724137931,1,3,1,0,0,0,1,1,0,1,0,0,0,baixo
4,10000.0,0,0.0,1,3,1,0,0,0,1,1,0,1,0,0,0,medio_baixo
2,0.0,0,0.0,0,0,1,0,0,0,0,0,0,0,0,0,0,gratuito
1,10000.0,12,1.0,8,3,1,0,1,0,0,1,0,1,0,0,0,baixo
2,150000.0,5217,0.7475560667050029,1,2,1,0,0,1,0,1,0,0,0,0,0,alto
9,10000.0,11,0.8181818181818182,1,1,1,0,0,0,0,0,0,0,0,0,0,medio_baixo
4,10000.0,2,1.0,3,2,1,0,0,0,0,1,0,1,0,0,0,baixo
9,10000.0,13,0.8461538461538461,1,2,1,0,0,0,1,1,0,0,0,0,0,medio_alto
8,10000.0,49,0.8571428571428571,15,3,1,0,0,0,0,0,1,1,0,1,0,alto
6,35000.0,243,0.9423868312757202,1,3,1,1,1,0,1,0,1,0,0,0,0,gratuito
9,75000.0,201,0.8606965174129353,2,3,1,0,0,0,0,0,0,1,1,0,0,gratuito
3,10000.0,51,0.7450980392156863,1,5,1,0,0,0,1,1,1,0,0,0,0,gratuito
6,10000.0,4,0.0,6,3,1,0,0,0,1,1,1,0,0,0,0,alto
14,150000.0,289,0.6816608996539792,1,1,1,0,0,0,0,0,0,0,0,1,0,gratuito
1,0.0,0,0.0,14,4,1,0,0,0,1,1,0,1,0,0,0,medio_alto
7,10000.0,21,0.7142857142857143,1,4,1,0,0,0,1,1,1,1,0,0,0,gratuito
3,0.0,0,0.0,0,0,1,0,0,0,0,0,0,0,0,0,0,gratuito
1,10000.0,0,0.0,3,2,1,0,0,0,1,0,0,0,0,1,0,alto
3,10000.0,3,0.6666666666666666,1,3,1,0,0,0,1,0,1,0,0,0,0,medio_alto
2,10000.0,9,0.8888888888888888,3,4,1,0,0,0,1,0,1,1,0,1,0,medio_baixo
8,150000.0,2626,0.9615384615384616,3,3,1,0,0,0,1,0,1,0,1,0,0,alto
4,10000.0,4,0.75,1,1,1,1,1,0,0,0,1,0,0,0,0,alto
6,10000.0,17,0.8823529411764706,1,1,1,1,1,0,1,0,0,0,0,0,0,medio_alto
4,75000.0,585,0.7931623931623931,1,1,1,0,0,0,0,0,0,0,0,0,1,medio_alto
6,10000.0,20,0.85,1,1,1,0,0,0,1,0,0,0,0,0,0,medio_baixo
3,10000.0,14,0.7857142857142857,3,6,1,0,0,0,1,1,1,1,1,1,0,medio_baixo
1,0.0,0,0.0,6,4,1,0,0,0,1,1,1,0,0,0,0,gratuito
1,0.0,0,0.0,4,3,1,1,0,0,0,0,0,0,1,1,0,gratuito
9,10000.0,88,0.2840909090909091,1,2,1,0,0,0,1,0,0,1,0,0,0,baixo
2,10000.0,2,1.0,3,4,1,0,0,0,1,1,1,0,1,0,0,medio_baixo
3,10000.0,1,1.0,1,2,1,0,0,0,1,1,0,0,0,0,0,medio_alto
4,10000.0,55,0.9272727272727272,1,1,1,0,0,0,0,1,0,0,0,0,0,medio_baixo
8,10000.0,2,1.0,1,1,1,0,0,0,0,1,0,0,0,0,0,gratuito
3,0.0,0,0.0,1,1,1,0,0,0,0,0,1,0,0,0,0,gratuito
7,10000.0,21,0.9047619047619048,2,2,1,0,0,0,1,0,1,0,0,0,0,baixo
4,10000.0,2,1.0,1,1,1,1,0,0,0,0,0,0,0,1,0,medio_baixo
7,10000.0,1,1.0,1,3,1,0,0,0,1,1,0,1,0,0,0,alto
3,10000.0,13,0.6923076923076923,1,3,1,0,0,0,0,0,0,0,0,0,0,medio_alto
1,10000.0,0,0.0,1,5,1,0,0,0,1,0,1,1,0,0,1,alto
3,10000.0,21,0.7142857142857143,3,5,1,0,0,0,1,0,1,1,0,0,1,baixo
3,10000.0,14,0.7857142857142857,5,5,1,0,0,0,1,0,1,1,0,0,0,medio_baixo
1,0.0,0,0.0,1,6,1,0,0,0,1,0,0,1,1,0,1,gratuito
2,10000.0,0,0.0,1,3,1,0,0,0,1,1,1,0,0,0,0,alto
1,10000.0,0,0.0,1,1,1,0,0,0,1,0,0,0,0,0,0,alto
2,0.0,0,0.0,0,0,1,0,0,0,0,0,0,0,0,0,0,gratuito
1,0.0,0,0.0,0,0,1,0,0,0,0,0,0,0,0,0,0,gratuito
6,10000.0,27,0.7407407407407407,6,1,1,0,0,0,0,0,0,0,0,1,0,medio_baixo
1,10000.0,0,0.0,31,3,1,1,0,0,1,0,1,1,0,0,0,medio_alto
3,10000.0,20,0.75,1,3,1,0,0,0,1,1,0,0,1,0,0,alto
4,10000.0,38,1.0,1,3,1,0,0,1,1,0,0,1,0,1,0,baixo
9,10000.0,61,0.7704918032786885,2,1,1,0,0,5,0,1,0,0,0,0,0,alto
8,10000.0,5,0.8,1,2,1,0,0,0,0,0,1,1,0,0,0,medio_alto
9,10000.0,6,0.16666666666666666,1,4,1,0,0,0,0,1,1,0,1,0,0,medio_alto
7,10000.0,6,0.16666666666666666,1,2,1,0,0,0,0,0,0,0,0,1,1,alto
4,0.0,0,0.0,1,6,1,1,0,0,1,1,1,1,0,1,0,gratuito
2,10000.0,7,1.0,1,3,1,0,0,0,1,0,0,1,0,1,0,medio_baixo
2,10000.0,709,0.8885754583921015,14,2,1,1,0,2,1,0,1,0,0,0,0,alto
5,35000.0,4,1.0,1,1,1,0,0,0,0,1,0,0,0,0,0,alto
2,10000.0,2,1.0,15,2,1,0,0,0,0,0,0,1,0,0,1,baixo
1,0.0,0,0.0,0,0,1,0,0,0,0,0,0,0,0,0,0,gratuito
3,35000.0,25,0.72,3,7,1,0,0,1,1,1,1,1,1,0,1,gratuito
6,75000.0,11,0.5454545454545454,1,3,1,0,0,0,1,1,0,1,0,0,0,baixo
9,35000.0,17,0.8823529411764706,2,2,1,0,0,0,1,0,1,0,0,0,0,medio_baixo
7,10000.0,54,0.9444444444444444,1,2,1,0,0,0,1,1,0,0,0,0,0,baixo
12,35000.0,390,0.45384615384615384,1,4,1,1,1,0,1,1,0,1,0,0,0,baixo
7,10000.0,12,0.5833333333333334,5,2,1,0,0,0,0,1,0,0,1,0,0,medio_alto
4,10000.0,37,0.8378378378378378,3,3,1,0,0,0,1,0,0,1,0,0,1,baixo
4,10000.0,55,0.8909090909090909,1,3,1,1,0,0,1,0,0,1,0,1,0,alto
2,10000.0,0,0.0,103,2,1,0,0,3,1,0,0,1,0,0,0,medio_alto
12,750000.0,4829,0.8320563263615656,1,3,1,0,0,0,1,0,1,1,0,0,0,medio_alto
2,0.0,0,0.0,1,3,1,0,0,0,0,0,0,0,1,0,1,gratuito
2,0.0,0,0.0,0,0,1,0,0,0,0,0,0,0,0,0,0,gratuito
5,10000.0,13,0.5384615384615384,1,3,1,1,0,3,1,0,1,1,0,0,0,medio_baixo
4,35000.0,2,0.5,2,1,1,0,0,0,1,0,0,0,0,0,0,medio_alto
2,0.0,0,0.0,0,0,1,0,0,0,0,0,0,0,0,0,0,gratuito
1,0.0,0,0.0,30,3,1,1,1,0,0,0,0,1,1,0,1,medio_alto
2,10000.0,1,1.0,7,1,1,0,0,0,0,0,0,1,0,0,0,medio_baixo
1,0.0,0,0.0,4,3,1,0,0,0,0,0,0,1,0,1,0,gratuito
5,0.0,0,0.0,1,3,1,0,0,0,1,1,0,0,0,0,0,gratuito
2,10000.0,111,0.9009009009009009,3,3,1,0,0,0,1,0,1,0,1,0,0,alto
2,10000.0,1,1.0,1,3,1,0,0,0,0,1,1,1,0,0,0,baixo
1,0.0,0,0.0,1,3,1,0,0,0,1,0,0,1,0,0,1,baixo
1,0.0,0,0.0,0,0,1,0,0,0,0,0,0,0,0,0,0,gratuito
6,10000.0,89,0.9438202247191011,1,3,1,1,1,1,1,0,1,1,0,0,0,alto
3,75000.0,531,0.775894538606403,1,4,1,0,0,0,1,1,1,0,0,0,0,medio_alto
1,10000.0,103,0.8932038834951457,1,4,1,0,0,0,0,0,1,1,0,0,0,medio_baixo
1,75000.0,1070,0.9523364485981308,9,5,1,0,0,1,1,1,1,1,0,0,1,alto
6,10000.0,0,0.0,1,2,1,0,0,2,1,0,0,1,0,0,0,baixo
2,0.0,0,0.0,19,6,1,0,0,0,1,1,1,1,0,0,1,gratuito
3,10000.0,20,1.0,1,1,1,1,0,0,0,0,1,0,0,0,0,baixo
5,10000.0,113,0.584070796460177,11,6,1,0,0,0,1,1,0,1,0,0,0,gratuito
10,10000.0,16,0.875,1,5,1,0,0,0,1,1,1,1,0,1,0,medio_baixo
2,10000.0,1,0.0,1,1,1,0,0,0,0,1,0,0,0,0,0,medio_baixo
8,10000.0,84,0.6428571428571429,1,4,1,0,0,0,1,0,1,1,0,0,1,baixo
2,35000.0,41,0.7560975609756098,13,2,1,0,0,0,1,1,0,0,0,0,0,medio_alto
3,10000.0,30,0.9,2,4,1,0,0,0,1,1,0,1,0,0,1,medio_baixo
2,35000.0,12,1.0,1,4,1,0,0,0,1,1,1,0,0,1,0,medio_alto
1,10000.0,1,1.0,1,2,1,0,1,0,1,0,0,1,0,0,0,baixo
1,10000.0,26,0.9615384615384616,4,3,1,1,0,1,1,1,1,0,0,0,0,medio_baixo
3,35000.0,100,0.8,12,3,1,0,0,0,1,1,0,1,0,0,0,baixo
4,10000.0,0,0.0,1,2,1,0,0,0,1,0,0,1,0,0,0,baixo
3,35000.0,1,1.0,1,3,1,0,0,0,1,1,1,0,0,0,0,medio_alto
3,35000.0,71,0.7464788732394366,1,2,1,0,0,0,1,1,0,0,0,0,0,medio_alto
6,1500000.0,19595,0.754274049502424,9,4,1,0,0,0,0,1,1,0,1,1,0,medio_alto
2,35000.0,17,0.9411764705882353,2,3,1,0,0,0,1,1,1,0,0,0,0,medio_alto
2,0.0,0,0.0,11,7,1,0,0,0,1,1,1,0,1,0,0,gratuito
1,10000.0,64,0.796875,10,3,1,0,0,0,1,0,1,1,0,0,0,baixo
2,150000.0,536,0.8507462686567164,12,1,1,1,0,0,0,0,0,0,0,1,0,medio_alto
2,10000.0,11,0.9090909090909091,30,4,1,1,1,0,0,1,1,1,1,0,0,baixo
2,10000.0,18,1.0,5,2,1,0,0,0,1,1,0,0,0,0,0,medio_baixo
3,10000.0,41,0.9512195121951219,2,1,1,0,0,0,0,1,0,0,0,0,0,alto
1,10000.0,0,0.0,7,3,1,0,0,0,1,0,1,0,0,0,0,medio_alto
4,10000.0,20,0.9,2,2,1,1,0,0,1,1,0,0,0,0,0,baixo
4,10000.0,59,0.8813559322033898,9,1,1,0,0,1,1,0,0,0,0,0,0,baixo
5,35000.0,29,0.896551724137931,5,2,1,0,0,0,1,1,0,0,0,0,0,medio_baixo
3,10000.0,0,0.0,1,2,1,0,0,0,0,0,0,1,0,0,0,alto
8,10000.0,62,0.9354838709677419,1,2,1,0,0,0,1,0,1,0,0,0,0,medio_baixo
10,10000.0,20,0.45,1,5,1,1,1,0,0,0,0,0,0,0,0,gratuito
1,10000.0,0,0.0,3,3,1,0,0,0,1,1,0,0,0,0,1,medio_alto
3,10000.0,0,0.0,1,2,1,0,0,0,0,0,0,1,0,0,1,medio_alto
11,1500000.0,9288,0.8306416881998278,1,3,1,1,1,1,1,0,1,0,1,0,0,medio_alto
9,10000.0,45,0.8666666666666667,12,1,1,1,1,0,1,0,0,0,0,0,0,medio_baixo
1,0.0,0,0.0,1,2,1,0,0,0,0,0,0,1,0,1,0,medio_alto
5,10000.0,5,0.4,29,3,1,0,0,0,1,1,0,0,0,0,0,medio_alto
1,10000.0,0,0.0,1,5,1,0,0,0,1,0,1,1,1,1,0,medio_alto
2,0.0,0,0.0,0,0,1,0,0,0,0,0,0,0,0,0,0,gratuito
3,10000.0,1,1.0,1,4,1,0,0,0,1,0,1,1,1,0,0,alto
6,10000.0,8,0.5,1,2,1,1,0,0,1,0,0,1,0,0,0,medio_baixo
1,0.0,0,0.0,1,4,1,0,0,0,1,1,1,0,0,0,0,gratuito
1,10000.0,265,0.8943396226415095,2,3,1,0,0,0,1,0,1,0,0,0,0,medio_baixo
5,10000.0,0,0.0,1,2,1,0,0,1,1,0,0,1,0,0,0,baixo
8,10000.0,38,0.47368421052631576,2,4,1,0,0,0,0,1,1,0,1,0,0,medio_baixo
4,10000.0,26,0.9230769230769231,1,5,1,0,0,0,1,0,0,1,1,0,1,medio_alto
2,10000.0,8,1.0,1,3,1,1,1,0,1,1,0,1,0,0,0,baixo
7,10000.0,1,1.0,1,4,1,0,0,0,1,1,1,1,0,0,0,baixo
1,10000.0,0,0.0,1,2,1,0,0,0,1,0,0,1,0,0,0,baixo
3,10000.0,208,0.9711538461538461,103,2,1,0,0,0,1,1,0,0,0,0,0,medio_alto
1,0.0,0,0.0,0,0,1,0,0,0,0,0,0,0,0,0,0,gratuito
9,10000.0,15,0.6666666666666666,1,5,1,0,0,0,1,0,1,1,0,1,0,baixo
9,35000.0,184,0.46195652173913043,4,3,1,0,0,0,1,0,0,0,0,1,1,medio_alto
10,10000.0,211,0.8672985781990521,1,2,1,1,0,0,0,0,0,0,0,0,1,baixo
2,10000.0,47,0.8297872340425532,7,4,1,0,0,2,1,0,0,1,1,0,1,alto
5,10000.0,16,0.9375,2,3,1,0,0,0,1,0,1,0,1,0,0,medio_alto
3,10000.0,7,0.8571428571428571,2,3,1,0,0,0,0,0,0,1,0,0,1,medio_alto
1,10000.0,81,0.9876543209876543,1,2,1,1,1,0,1,0,1,0,0,0,0,medio_baixo
2,10000.0,16,1.0,9,2,1,0,0,0,0,0,0,1,0,1,0,alto
10,10000.0,14,0.5,1,2,1,0,0,0,1,0,0,0,0,0,1,gratuito
8,10000.0,78,0.7948717948717948,1,2,1,0,0,1,0,0,0,1,0,0,0,gratuito
10,35000.0,81,0.3950617283950617,1,4,1,0,0,0,1,0,1,1,0,0,0,baixo
2,10000.0,0,0.0,10,8,1,0,0,3,1,1,1,1,1,1,1,medio_alto
1,10000.0,0,0.0,1,4,1,0,0,0,1,1,1,0,1,0,0,alto
9,10000.0,83,0.46987951807228917,2,2,1,1,0,0,1,0,0,0,0,1,0,baixo
11,10000.0,284,0.45774647887323944,1,4,1,0,0,0,1,0,1,1,0,0,1,baixo
8,35000.0,46,0.45652173913043476,1,2,1,0,0,0,1,0,0,1,0,0,0,baixo
5,0.0,0,0.0,0,0,1,0,0,0,0,0,0,0,0,0,0,gratuito
1,10000.0,0,0.0,2,2,1,0,0,0,1,0,1,0,0,0,0,baixo
6,10000.0,5,0.8,1,3,1,0,0,0,1,1,1,0,0,0,0,medio_baixo
2,10000.0,9,0.7777777777777778,12,4,1,0,0,0,1,1,0,0,1,0,1,baixo
10,10000.0,11,0.6363636363636364,1,3,1,0,1,0,1,0,0,0,1,1,0,medio_alto
2,10000.0,10,0.8,2,2,1,0,0,1,0,0,0,1,0,0,0,gratuito
3,10000.0,5,0.6,1,1,1,0,0,0,0,0,0,0,0,1,0,alto
2,150000.0,16,0.8125,2,4,1,0,0,0,1,1,1,1,0,0,0,baixo
1,10000.0,0,0.0,1,3,1,0,0,0,1,1,0,1,0,0,0,medio_baixo
4,0.0,0,0.0,23,1,1,0,0,0,0,0,0,0,0,0,0,gratuito
1,10000.0,0,0.0,8,5,1,0,0,1,1,1,1,1,0,0,1,medio_alto
7,10000.0,19,1.0,1,3,1,1,1,0,1,0,0,1,0,1,0,baixo
8,10000.0,4,1.0,1,3,1,0,0,0,0,1,1,0,0,1,0,baixo
6,10000.0,18,0.4444444444444444,1,2,1,1,0,0,1,0,1,0,0,0,0,baixo
12,10000.0,19,0.47368421052631576,1,3,1,0,0,0,1,1,1,0,0,0,0,baixo
8,10000.0,41,0.7317073170731707,1,2,1,0,0,0,1,0,0,0,0,1,0,medio_baixo
1,0.0,0,0.0,1,2,1,0,0,0,1,0,0,1,0,0,0,medio_alto
6,35000.0,62,0.5,1,2,1,0,0,0,1,1,0,0,0,0,0,alto
11,10000.0,22,0.7272727272727273,1,4,1,1,1,0,0,0,1,0,1,1,1,baixo
8,10000.0,3,0.0,15,3,1,0,0,0,0,0,0,1,0,0,1,medio_baixo
2,10000.0,3,0.0,1,3,1,0,0,0,0,0,0,1,1,0,1,baixo
1,0.0,0,0.0,9,3,1,0,0,0,1,1,0,1,0,0,0,alto
1,0.0,0,0.0,1,2,1,0,0,0,1,0,0,1,0,0,0,baixo
2,10000.0,0,0.0,1,2,1,1,1,0,1,0,0,1,0,0,0,alto
8,10000.0,17,0.7058823529411765,1,1,1,0,0,0,0,1,0,0,0,0,0,gratuito
1,10000.0,27,0.8888888888888888,20,4,1,0,0,0,1,1,1,1,0,0,0,medio_baixo
1,10000.0,28,0.9285714285714286,1,1,1,0,0,0,0,0,0,0,0,0,1,medio_alto
9,10000.0,46,0.5652173913043478,103,4,1,0,0,0,1,1,1,0,1,0,0,baixo
9,35000.0,934,0.9700214132762313,2,3,1,0,0,1,0,0,1,1,0,0,1,medio_alto
10,10000.0,36,0.8055555555555556,1,3,1,1,0,0,1,0,1,1,0,0,0,medio_alto
9,10000.0,218,0.8715596330275229,3,1,1,0,1,0,0,0,1,0,0,0,0,medio_baixo
8,10000.0,1,1.0,1,3,1,0,0,0,1,1,0,0,0,0,0,medio_alto
7,10000.0,11,0.45454545454545453,6,3,1,0,0,0,1,0,0,0,0,1,0,medio_alto
8,10000.0,34,0.9411764705882353,2,2,1,0,0,1,1,0,1,0,0,0,0,alto
2,10000.0,0,0.0,1,3,1,0,0,0,1,1,0,0,0,1,0,medio_baixo
4,10000.0,10,0.6,14,2,1,0,0,0,1,0,0,0,0,0,0,baixo
10,150000.0,238,0.6680672268907563,1,5,1,1,0,1,1,0,1,0,1,1,1,medio_baixo
4,10000.0,41,0.8780487804878049,11,1,1,1,1,0,0,1,0,0,0,0,0,medio_baixo
3,10000.0,12,1.0,1,2,1,0,1,0,1,1,0,0,0,0,0,medio_baixo
7,10000.0,14,0.7857142857142857,1,3,1,0,0,0,1,1,0,1,0,0,0,gratuito
2,0.0,0,0.0,0,0,1,0,0,0,0,0,0,0,0,0,0,gratuito
10,150000.0,453,0.34216335540838855,1,3,1,1,0,0,1,1,1,0,0,0,0,medio_baixo
2,10000.0,2,0.5,1,3,1,0,1,0,1,1,0,0,0,1,0,baixo
3,10000.0,355,0.8507042253521127,16,1,1,0,0,1,0,0,1,0,0,0,0,medio_alto
1,0.0,0,0.0,1,1,1,0,0,0,0,0,0,1,0,0,0,baixo
1,10000.0,0,0.0,2,2,1,0,0,0,1,0,0,1,0,0,0,alto
3,10000.0,42,0.9523809523809523,1,2,1,0,0,0,0,1,1,0,0,0,0,medio_baixo
4,10000.0,4,1.0,2,3,1,0,0,0,1,0,1,1,0,0,0,medio_baixo
2,10000.0,47,0.851063829787234,2,3,1,0,0,0,1,0,0,1,0,0,0,gratuito
1,10000.0,0,0.0,1,1,1,0,0,0,0,0,0,1,0,0,0,alto
3,10000.0,0,0.0,6,3,1,0,0,1,1,0,1,1,0,0,0,medio_alto
14,750000.0,3976,0.7374245472837022,1,7,1,0,0,0,0,1,1,1,1,0,1,gratuito
8,10000.0,30,0.9,1,2,1,0,0,0,1,0,1,0,0,0,0,baixo
1,10000.0,0,0.0,2,3,1,1,0,1,1,0,1,0,0,0,1,alto
4,35000.0,3,1.0,2,1,1,0,0,0,0,0,1,0,0,0,0,baixo
1,10000.0,0,0.0,1,1,1,0,1,0,0,0,1,0,0,0,0,medio_alto
4,0.0,0,0.0,1,4,1,0,0,0,1,0,0,1,0,0,1,gratuito
4,35000.0,4,0.75,1,3,1,0,0,0,1,1,0,1,0,0,0,baixo
2,10000.0,7,0.8571428571428571,2,3,1,0,0,0,1,0,1,0,0,0,1,medio_baixo
5,35000.0,25,0.96,1,3,1,0,0,0,1,0,1,0,1,0,0,medio_alto
10,10000.0,51,0.4117647058823529,2,3,1,0,0,0,1,0,0,1,0,1,0,medio_alto
1,0.0,0,0.0,0,0,1,0,0,0,0,0,0,0,0,0,0,gratuito
7,10000.0,0,0.0,2,1,1,0,0,0,1,0,0,0,0,0,0,medio_alto
1,0.0,0,0.0,0,0,1,0,0,0,0,0,0,0,0,0,0,gratuito
1,10000.0,0,0.0,1,3,1,0,0,1,0,1,0,0,0,0,0,gratuito
17,35000.0,28,0.6071428571428571,2,1,1,0,0,0,0,0,0,0,0,1,0,baixo
8,75000.0,486,0.9135802469135802,1,1,1,1,1,0,0,0,0,0,0,0,1,medio_alto
1,10000.0,2,0.0,1,5,1,0,0,0,1,0,1,1,0,1,1,baixo
8,10000.0,0,0.0,1,3,1,0,0,0,1,1,0,1,0,0,0,alto
5,10000.0,22,0.7272727272727273,1,4,1,0,0,0,1,0,0,1,0,0,1,baixo
1,0.0,0,0.0,1,3,1,0,0,0,1,0,0,0,0,1,1,medio_baixo
4,10000.0,2,0.5,1,4,1,0,0,0,1,0,0,1,0,1,1,medio_baixo
3,10000.0,6,0.6666666666666666,8,4,1,0,0,0,1,0,1,1,0,1,0,alto
2,0.0,0,0.0,0,0,1,0,0,0,0,0,0,0,0,0,0,gratuito
5,10000.0,1,1.0,1,3,1,0,0,0,1,1,1,0,0,0,0,baixo
5,35000.0,20,1.0,1,2,1,0,0,0,1,1,0,0,0,0,0,medio_alto
1,10000.0,3,0.6666666666666666,1,2,1,0,0,0,0,1,0,0,0,0,0,medio_alto
9,10000.0,53,0.5660377358490566,1,4,1,0,0,0,1,0,1,1,0,1,0,baixo
2,10000.0,17,0.7058823529411765,9,2,1,1,0,0,0,0,0,0,1,1,0,baixo
3,10000.0,7,1.0,4,2,1,0,0,0,1,0,0,1,0,0,0,medio_alto
3,0.0,0,0.0,1,3,1,0,0,4,0,0,0,0,0,1,0,gratuito
1,0.0,0,0.0,16,4,1,0,0,0,1,1,1,0,0,0,0,medio_baixo
1,10000.0,0,0.0,2,3,1,0,0,0,1,0,0,0,0,0,1,baixo
2,10000.0,1,1.0,1,3,1,0,0,0,1,0,0,1,0,0,1,medio_baixo
4,10000.0,0,0.0,1,1,1,0,0,0,1,0,0,0,0,0,0,medio_baixo
5,0.0,0,0.0,0,0,1,0,0,0,0,0,0,0,0,0,0,gratuito
7,35000.0,108,0.7685185185185185,2,2,1,0,0,0,0,0,1,0,1,0,0,alto
8,10000.0,2,1.0,1,7,1,0,0,1,1,1,0,1,0,1,0,medio_baixo
9,10000.0,6,1.0,1,4,1,0,1,0,1,1,0,0,0,1,0,gratuito
3,10000.0,37,0.6486486486486487,1,2,1,0,0,0,1,0,0,1,0,0,0,medio_baixo
5,10000.0,58,0.9482758620689655,1,3,1,0,0,0,1,0,0,1,0,1,0,baixo
1,75000.0,1318,0.9339908952959028,1,3,1,0,0,0,1,0,1,0,0,0,1,baixo
2,10000.0,4,1.0,6,2,1,0,0,0,1,0,1,0,0,0,0,medio_baixo
1,10000.0,10,0.7,1,3,1,0,0,0,0,1,1,0,0,0,0,gratuito
2,10000.0,0,0.0,1,1,1,0,0,0,0,0,1,0,0,0,0,baixo
2,10000.0,5,0.0,1,2,1,0,0,0,0,0,0,0,1,0,0,alto
8,10000.0,71,0.5633802816901409,2,8,1,0,0,0,1,1,1,1,1,0,0,alto
6,10000.0,11,0.9090909090909091,1,2,1,0,0,0,0,0,1,1,0,0,0,medio_alto
6,10000.0,0,0.0,29,2,1,0,0,0,1,0,0,1,0,0,0,baixo
1,10000.0,3,1.0,1,1,1,0,0,0,0,1,0,0,0,0,0,medio_alto
3,10000.0,2,0.5,3,2,1,0,0,0,0,0,1,1,0,0,0,medio_alto
5,0.0,0,0.0,0,0,1,0,0,0,0,0,0,0,0,0,0,gratuito
5,0.0,0,0.0,1,3,1,0,0,1,0,0,1,0,0,1,0,gratuito
8,10000.0,40,0.575,2,1,1,0,0,0,0,0,0,1,0,0,0,medio_alto
1,10000.0,2,1.0,2,1,1,1,0,0,0,0,0,1,0,0,0,baixo
1,10000.0,0,0.0,10,3,1,1,1,0,1,0,0,1,0,1,0,alto
6,10000.0,129,0.9069767441860465,1,3,1,0,0,1,1,1,0,0,0,0,0,gratuito
2,10000.0,4,1.0,5,4,1,0,0,0,0,1,0,1,0,0,1,medio_baixo
8,10000.0,44,0.8636363636363636,1,5,1,0,0,0,1,1,0,1,0,1,0,medio_baixo
2,10000.0,9,0.7777777777777778,2,1,1,0,1,1,0,0,1,0,0,0,0,baixo
5,0.0,0,0.0,0,0,1,0,0,0,0,0,0,0,0,0,0,gratuito
5,10000.0,7,1.0,2,3,1,1,0,0,1,1,0,0,0,1,0,baixo
1,10000.0,0,0.0,12,2,1,0,0,0,1,0,0,0,0,0,0,medio_alto
3,10000.0,16,0.6875,1,2,1,0,0,0,0,0,0,1,0,0,0,gratuito
1,0.0,0,0.0,8,3,1,0,0,0,0,0,0,0,1,1,0,gratuito
3,75000.0,693,0.7647907647907648,1,4,1,0,0,1,1,0,1,0,1,1,0,alto
8,35000.0,350,0.7,27,3,1,0,0,0,1,1,0,1,0,0,0,baixo
4,10000.0,10,0.6,1,2,1,0,0,0,0,0,0,0,0,0,1,baixo
9,35000.0,294,0.9081632653061225,1,4,1,0,0,0,1,1,1,0,1,0,0,medio_baixo
3,350000.0,5903,0.9496866000338811,18,2,1,0,0,2,1,0,1,0,0,0,0,medio_alto
5,10000.0,12,0.6666666666666666,7,2,1,1,0,0,1,1,0,0,0,0,0,medio_baixo
5,10000.0,0,0.0,2,2,1,0,0,0,1,0,0,1,0,0,0,baixo
2,10000.0,118,0.9152542372881356,1,2,1,0,0,0,1,0,0,0,0,0,0,gratuito
1,0.0,0,0.0,1,3,1,0,0,0,1,0,0,0,0,0,1,medio_alto
5,10000.0,10,0.4,2,2,1,0,0,0,1,0,0,1,0,0,0,medio_baixo
2,10000.0,0,0.0,1,2,1,0,0,0,1,1,0,0,0,0,0,medio_baixo
1,10000.0,0,0.0,4,3,1,1,1,2,1,0,1,1,0,0,0,baixo
1,10000.0,0,0.0,4,2,1,0,0,0,0,0,1,1,0,0,0,alto
5,10000.0,2,0.5,1,1,1,0,0,0,0,0,0,0,0,0,0,alto
3,0.0,0,0.0,0,0,1,0,0,0,0,0,0,0,0,0,0,gratuito
7,10000.0,9,0.5555555555555556,1,2,1,0,0,0,1,0,1,0,0,0,0,medio_baixo
11,750000.0,2808,0.8482905982905983,1,2,1,1,1,0,1,0,0,1,0,0,0,medio_alto
4,10000.0,0,0.0,1,2,1,1,1,0,1,0,0,1,0,0,0,alto
1,10000.0,0,0.0,12,4,1,1,0,0,1,0,1,1,1,0,0,alto
3,0.0,0,0.0,0,0,1,0,0,0,0,0,0,0,0,0,0,gratuito
6,35000.0,505,0.899009900990099,3,2,1,0,0,1,1,0,0,0,1,0,0,alto
12,1500000.0,30592,0.9409649581589958,10,3,1,1,1,1,1,1,0,0,1,0,0,medio_alto
1,10000.0,0,0.0,1,3,1,0,1,0,1,1,1,0,0,0,0,baixo
12,150000.0,2396,0.83889816360601,6,2,1,0,0,0,0,1,1,0,0,0,0,medio_baixo
3,10000.0,0,0.0,2,4,1,0,0,0,0,0,1,1,1,0,0,gratuito
1,10000.0,7,1.0,1,2,1,0,0,0,1,0,0,1,0,0,0,alto
10,10000.0,30,0.36666666666666664,1,2,1,0,0,0,1,0,0,0,0,0,1,medio_alto
6,10000.0,10,1.0,1,1,1,1,0,0,1,0,0,0,0,0,0,baixo
1,10000.0,0,0.0,31,2,1,0,0,0,1,0,0,1,0,0,0,baixo
2,10000.0,1,1.0,1,2,1,0,1,0,1,0,0,1,0,0,0,baixo
2,10000.0,9,0.4444444444444444,1,5,1,1,1,1,1,1,1,1,0,0,1,medio_baixo
4,350000.0,4388,0.963992707383774,2,3,1,0,0,1,1,0,1,1,0,0,0,alto
1,0.0,0,0.0,1,4,1,0,0,0,1,0,1,1,1,0,0,baixo
4,75000.0,17,1.0,24,4,1,0,1,0,1,1,0,1,0,0,0,baixo
3,10000.0,48,0.8958333333333334,6,2,1,1,1,0,1,1,0,0,0,0,0,medio_baixo
2,10000.0,0,0.0,3,2,1,0,0,0,1,1,0,0,0,0,0,medio_alto
8,10000.0,4,0.75,2,1,1,0,0,0,0,0,0,0,0,0,0,alto
1,150000.0,2223,0.675663517768781,13,3,1,0,0,8,1,1,0,0,1,0,0,alto
8,750000.0,13003,0.7915096516188572,7,3,1,1,1,6,1,0,0,0,1,0,1,medio_alto
1,10000.0,0,0.0,1,3,1,0,0,0,1,0,1,1,0,0,0,medio_baixo
8,10000.0,2,0.5,1,2,1,0,0,0,0,0,0,0,0,0,1,baixo
2,10000.0,1,1.0,12,1,0,0,1,0,0,0,0,0,0,0,0,baixo
1,10000.0,250,0.932,10,3,1,1,0,0,1,0,0,0,1,1,0,alto
6,10000.0,403,0.7568238213399504,8,3,1,0,0,0,1,0,0,1,0,0,1,medio_baixo
1,10000.0,2,1.0,4,2,1,0,0,0,1,0,0,1,0,0,0,medio_baixo
2,0.0,0,0.0,1,4,1,0,0,0,1,1,0,0,0,1,0,gratuito
3,35000.0,5,0.8,1,1,1,0,0,0,0,0,0,0,1,0,0,medio_baixo
2,0.0,0,0.0,1,7,1,0,0,0,0,1,1,1,1,0,1,gratuito
1,10000.0,0,0.0,5,2,1,1,0,0,0,0,0,1,0,0,1,medio_alto
3,10000.0,0,0.0,1,2,1,0,0,0,1,1,0,0,0,0,0,alto
8,10000.0,19,0.5789473684210527,1,3,1,0,0,0,1,0,1,1,0,0,0,medio_alto
18,350000.0,1001,0.6793206793206793,4,1,1,0,0,0,0,1,0,0,0,0,0,medio_alto
10,10000.0,10,0.7,1,2,1,0,0,0,0,0,0,0,1,1,0,medio_alto
6,10000.0,8,0.75,16,3,1,0,0,0,1,1,0,0,0,0,0,baixo
8,10000.0,13,0.46153846153846156,1,4,1,0,0,0,1,1,0,1,0,1,0,baixo
10,350000.0,3014,0.8719309887193099,7,3,1,0,0,17,0,0,0,0,0,0,1,medio_baixo
1,10000.0,20,0.55,8,2,1,0,0,0,1,0,0,1,0,0,0,baixo
7,10000.0,10,0.9,1,3,1,1,0,0,1,0,1,0,1,0,0,alto
2,0.0,0,0.0,0,0,1,0,0,0,0,0,0,0,0,0,0,gratuito
6,10000.0,892,0.7432735426008968,13,5,1,1,1,0,0,1,0,1,0,0,0,gratuito
5,10000.0,70,0.8857142857142857,25,4,1,0,1,1,1,1,1,1,0,0,0,baixo
3,10000.0,26,0.8846153846153846,1,4,1,0,0,0,1,1,1,1,0,0,0,medio_baixo
3,10000.0,1,1.0,25,1,1,0,0,1,0,0,0,1,0,0,0,medio_baixo
8,10000.0,4,1.0,2,2,1,0,0,0,1,0,0,1,0,0,0,medio_baixo
1,10000.0,42,0.9523809523809523,1,3,1,0,0,0,1,0,0,0,0,0,1,alto
6,150000.0,677,0.6558345642540621,1,7,1,1,0,0,1,1,0,1,0,0,1,baixo
4,0.0,0,0.0,1,3,1,1,0,0,0,0,0,1,0,1,0,gratuito
10,75000.0,70,0.4857142857142857,1,5,1,0,0,0,1,1,1,0,0,0,0,baixo
1,0.0,0,0.0,33,6,1,1,0,0,0,0,0,1,0,1,1,gratuito
4,0.0,0,0.0,1,3,1,1,0,0,1,0,0,1,0,0,0,gratuito
4,10000.0,2,0.5,1,2,1,0,0,0,1,0,0,1,0,0,0,medio_alto
1,10000.0,0,0.0,1,3,1,0,0,1,1,1,1,0,0,0,0,alto
1,10000.0,4,0.75,3,3,1,0,0,0,1,0,0,1,0,1,0,baixo
5,0.0,0,0.0,0,0,1,0,0,0,0,0,0,0,0,0,0,gratuito
4,10000.0,15,1.0,6,1,1,0,0,0,0,0,1,0,0,0,0,medio_alto
1,0.0,0,0.0,1,2,1,0,0,0,0,1,0,0,1,0,0,medio_baixo
11,350000.0,3849,0.6692647440893739,1,4,1,1,1,10,1,1,1,0,0,0,1,baixo
11,10000.0,42,0.6428571428571429,1,2,1,0,0,0,1,0,0,1,0,0,0,medio_alto
3,10000.0,3,1.0,3,1,1,0,1,0,0,0,0,0,0,1,0,medio_baixo
2,0.0,0,0.0,0,0,1,0,0,0,0,0,0,0,0,0,0,gratuito
13,350000.0,3792,0.8760548523206751,1,1,1,0,0,5,0,1,0,0,0,0,0,alto
4,35000.0,12,1.0,103,2,1,0,0,0,1,0,0,1,0,0,0,baixo
2,0.0,0,0.0,0,0,1,0,0,0,0,0,0,0,0,0,0,gratuito
2,35000.0,8,1.0,2,1,1,0,0,0,0,0,0,0,1,0,0,medio_baixo
7,10000.0,12,0.8333333333333334,1,6,1,0,0,0,1,1,0,0,0,1,1,alto
15,3500000.0,12767,0.6099318555651289,6,1,1,0,0,3,0,1,0,0,0,0,0,medio_baixo
4,0.0,0,0.0,0,0,1,0,0,0,0,0,0,0,0,0,0,gratuito
1,10000.0,0,0.0,8,2,1,0,0,0,0,0,0,1,0,0,1,medio_alto
1,10000.0,27,0.7407407407407407,4,3,1,0,0,0,1,0,0,1,0,0,1,baixo
1,0.0,0,0.0,103,2,1,0,0,0,0,0,0,0,0,0,0,gratuito
10,350000.0,2517,0.6976559396106476,7,3,1,1,0,4,1,1,0,0,1,0,0,medio_alto
2,10000.0,0,0.0,6,3,1,0,0,0,1,0,0,0,0,0,1,gratuito
3,10000.0,0,0.0,5,4,1,1,1,0,1,1,0,0,0,1,1,medio_alto
3,10000.0,0,0.0,4,1,1,0,0,0,0,0,0,0,0,1,0,medio_baixo
2,10000.0,61,0.819672131147541,9,7,1,1,1,0,1,1,1,1,1,1,0,alto
1,0.0,0,0.0,9,4,1,0,0,0,1,0,1,1,0,0,0,gratuito
6,10000.0,4,0.75,1,2,1,1,0,0,0,1,0,0,0,1,0,medio_baixo
5,10000.0,47,0.7872340425531915,5,5,1,0,0,0,1,1,1,0,1,0,1,alto
2,10000.0,146,0.684931506849315,2,5,1,0,0,0,0,0,1,1,1,1,1,medio_alto
1,10000.0,0,0.0,1,4,1,1,1,0,1,0,1,1,1,0,0,alto
4,0.0,0,0.0,1,5,1,0,0,0,1,0,1,1,1,0,0,gratuito
4,10000.0,65,0.7230769230769231,4,4,1,0,0,1,1,0,1,1,0,0,1,medio_baixo
1,10000.0,2,0.5,10,4,1,1,0,0,0,0,0,0,0,0,1,alto
1,0.0,0,0.0,0,0,1,0,0,0,0,0,0,0,0,0,0,gratuito
2,0.0,0,0.0,1,7,1,0,0,0,1,1,1,1,0,0,1,gratuito
1,10000.0,0,0.0,2,3,1,0,0,0,1,0,1,0,1,0,0,alto
1,350000.0,4813,0.8290047787242883,27,2,1,0,0,1,1,0,0,0,0,1,0,alto
14,350000.0,1484,0.7351752021563343,6,3,1,0,0,3,0,1,0,0,0,1,1,medio_alto
2,10000.0,1,1.0,7,2,1,0,0,0,1,0,0,1,0,0,0,baixo
9,10000.0,155,0.567741935483871,1,4,1,0,0,0,1,1,1,0,0,0,0,medio_alto
1,10000.0,0,0.0,8,3,1,0,0,0,1,1,0,1,0,0,0,medio_alto
8,150000.0,11,0.8181818181818182,1,1,1,0,0,0,0,0,1,0,0,0,0,gratuito
2,0.0,0,0.0,0,0,1,0,0,0,0,0,0,0,0,0,0,gratuito
3,10000.0,1,1.0,2,3,1,0,0,0,1,0,0,1,0,1,0,baixo
9,10000.0,21,0.47619047619047616,1,5,1,1,1,0,1,0,1,1,0,0,0,gratuito
3,10000.0,66,0.8484848484848485,4,2,1,0,0,0,1,0,1,0,0,0,0,alto
4,10000.0,31,0.25806451612903225,1,4,1,0,0,0,1,1,1,0,0,0,1,alto
9,10000.0,13,0.3076923076923077,1,4,1,0,0,0,1,0,1,1,0,0,0,baixo
1,10000.0,0,0.0,13,5,1,0,0,0,1,0,1,1,0,0,1,alto
10,350000.0,5719,0.9723727924462319,6,2,1,0,0,0,1,0,1,0,0,0,0,medio_alto
6,150000.0,3020,0.9334437086092715,11,2,1,0,0,3,0,0,0,0,0,1,1,medio_alto
6,10000.0,4,0.75,1,3,1,0,0,0,0,0,0,1,1,0,1,alto
9,35000.0,122,0.5901639344262295,1,7,1,0,0,0,1,0,1,1,0,0,1,baixo
1,10000.0,8,1.0,1,4,1,0,0,0,1,1,1,1,0,0,0,medio_alto
4,10000.0,13,1.0,2,2,1,0,0,0,1,1,0,0,0,0,0,medio_baixo
2,75000.0,197,0.7918781725888325,21,3,1,0,0,0,1,0,0,0,0,1,1,medio_baixo
8,10000.0,9,0.7777777777777778,10,1,1,0,0,0,0,1,0,0,0,0,0,baixo
3,10000.0,15,1.0,1,3,1,0,0,1,1,1,0,0,1,0,0,alto
4,0.0,0,0.0,2,4,1,1,1,0,1,0,0,1,0,0,1,gratuito
1,10000.0,0,0.0,1,2,1,0,0,0,0,0,1,1,0,0,0,medio_alto
5,10000.0,1,0.0,29,5,1,0,0,0,1,1,0,1,1,1,0,baixo
2,10000.0,0,0.0,2,3,1,1,1,0,0,0,1,1,0,0,0,gratuito
4,10000.0,6,0.5,4,1,1,0,0,0,0,0,0,1,0,0,0,alto
2,0.0,0,0.0,103,1,1,0,0,0,0,0,1,0,0,0,0,medio_baixo
9,10000.0,0,0.0,1,2,1,0,0,0,1,0,0,0,0,0,0,gratuito
9,10000.0,58,0.8793103448275862,4,1,1,0,0,0,0,0,0,1,0,0,0,medio_baixo
5,0.0,0,0.0,0,0,1,0,0,0,0,0,0,0,0,0,0,gratuito
3,75000.0,36,0.9722222222222222,1,3,1,0,1,2,1,1,1,0,0,0,0,alto
12,150000.0,1070,0.8299065420560747,5,2,1,0,0,3,0,1,1,0,0,0,0,medio_alto
1,10000.0,7,0.8571428571428571,2,3,1,1,1,0,1,0,0,1,0,1,0,alto
4,75000.0,8,0.5,2,3,1,0,0,0,1,0,1,0,0,0,0,medio_baixo
10,35000.0,123,0.8536585365853658,2,3,1,1,0,0,1,0,1,1,0,0,0,alto
1,0.0,0,0.0,1,3,1,0,0,0,1,1,1,0,0,0,0,medio_baixo
5,0.0,0,0.0,0,0,1,0,0,0,0,0,0,0,0,0,0,gratuito
6,10000.0,40,0.825,1,3,1,1,0,0,1,1,0,1,0,0,0,medio_baixo
11,7500000.0,48362,0.6998056325214012,11,2,1,0,0,0,0,1,0,0,0,0,0,gratuito
6,35000.0,9,0.7777777777777778,1,3,1,0,0,0,1,0,1,1,0,0,0,gratuito
7,150000.0,1735,0.7936599423631124,29,2,1,0,0,1,1,0,0,1,0,0,0,baixo
2,350000.0,3845,0.858777633289987,15,4,1,0,0,4,1,0,1,0,1,1,0,alto
3,10000.0,0,0.0,5,1,1,0,1,0,0,0,0,1,0,0,0,medio_alto
10,10000.0,22,0.13636363636363635,1,3,1,0,0,0,1,1,0,0,0,1,0,baixo
1,10000.0,0,0.0,11,2,1,0,0,5,0,1,0,0,0,1,0,medio_alto
2,10000.0,4,1.0,2,2,1,0,0,0,0,1,0,0,0,0,0,alto
5,10000.0,0,0.0,1,5,1,0,0,0,1,0,1,0,1,0,1,gratuito
5,10000.0,2,1.0,1,2,1,1,0,0,0,1,0,0,0,0,0,alto
4,0.0,0,0.0,1,5,1,0,0,0,1,1,1,0,1,0,0,gratuito
5,0.0,0,0.0,2,2,1,1,1,0,0,1,0,0,0,0,0,gratuito
2,10000.0,4,0.75,10,3,1,0,0,0,1,0,0,1,0,1,0,medio_alto
9,10000.0,10,0.8,1,4,1,0,0,0,1,0,0,1,0,0,1,medio_alto
1,10000.0,193,0.7979274611398963,10,2,1,0,0,1,0,1,1,0,0,0,0,alto
1,0.0,0,0.0,1,4,1,0,0,0,1,1,0,0,0,1,0,gratuito
9,10000.0,61,0.5573770491803278,10,2,1,0,0,0,0,0,0,1,0,0,0,baixo
11,150000.0,348,0.6005747126436781,1,5,1,0,0,2,1,1,1,0,0,1,1,baixo
2,10000.0,1,0.0,2,5,1,0,0,0,0,0,0,1,0,0,0,alto
7,35000.0,240,0.9416666666666667,1,3,1,0,0,0,1,0,1,1,0,0,0,gratuito
4,0.0,0,0.0,1,2,1,0,0,0,0,1,1,0,0,0,0,alto
10,35000.0,971,0.9824922760041195,2,1,1,1,1,0,0,0,1,0,0,0,0,medio_alto
1,0.0,0,0.0,2,5,1,0,0,0,1,0,1,1,0,0,0,medio_baixo
12,35000.0,179,0.7374301675977654,1,1,1,1,0,0,1,0,0,0,0,0,0,medio_baixo
4,10000.0,0,0.0,3,1,1,1,1,0,0,0,0,1,0,0,0,medio_alto
7,10000.0,54,0.8703703703703703,2,3,1,0,0,0,1,0,1,0,1,0,0,medio_baixo
1,0.0,0,0.0,7,2,1,1,1,0,1,0,1,0,0,0,0,alto
1,0.0,0,0.0,0,0,1,0,0,0,0,0,0,0,0,0,0,gratuito
9,10000.0,23,0.5217391304347826,1,5,1,0,0,0,0,1,1,1,0,1,1,baixo
1,10000.0,0,0.0,1,1,1,0,1,0,0,0,0,0,1,0,0,alto
9,10000.0,4,0.75,1,4,1,0,0,0,1,0,1,0,0,0,0,alto
2,10000.0,222,0.8063063063063063,10,2,1,0,1,3,0,1,0,0,1,0,0,alto
1,10000.0,3,1.0,28,3,1,0,0,0,0,0,1,1,0,0,1,medio_alto
1,10000.0,0,0.0,8,2,1,1,1,0,1,0,0,1,0,0,0,alto
4,10000.0,86,0.8953488372093024,1,2,1,0,0,0,1,0,0,0,0,1,0,alto
1,0.0,0,0.0,1,4,1,0,0,0,0,0,0,0,1,0,1,gratuito
5,10000.0,56,0.8392857142857143,10,3,1,0,0,0,0,1,1,0,0,0,1,alto
11,3500000.0,45365,0.9595503141188141,8,3,1,1,1,0,1,1,1,0,0,0,0,alto
9,75000.0,232,0.7844827586206896,3,1,1,0,0,0,0,0,1,0,0,0,0,medio_alto
9,75000.0,92,0.5652173913043478,7,3,1,0,0,0,0,1,0,0,1,0,0,medio_alto
2,10000.0,0,0.0,1,4,1,0,0,0,1,0,1,1,1,0,0,medio_baixo
6,10000.0,20,0.35,1,4,1,0,0,0,1,1,1,1,0,0,0,alto
2,0.0,0,0.0,1,6,1,0,0,0,0,1,1,1,1,0,0,gratuito
4,10000.0,25,0.96,2,2,1,1,1,2,1,0,0,1,0,0,0,baixo
1,0.0,0,0.0,0,0,1,0,0,0,0,0,0,0,0,0,0,gratuito
6,35000.0,27,0.6666666666666666,1,3,1,0,0,0,0,0,1,0,1,0,0,gratuito
3,0.0,0,0.0,2,3,1,0,0,0,1,1,1,0,0,0,0,gratuito
5,35000.0,84,0.9166666666666666,1,2,1,0,0,1,1,0,0,0,1,0,0,medio_alto
2,10000.0,2,1.0,1,4,1,0,0,0,1,1,1,1,0,0,0,medio_baixo
7,10000.0,0,0.0,29,2,1,0,0,0,1,0,0,1,0,0,0,baixo
4,10000.0,0,0.0,2,1,1,0,0,0,0,0,1,0,0,0,0,medio_baixo
6,35000.0,2,1.0,2,4,1,0,0,0,1,1,0,0,1,0,0,gratuito
3,10000.0,5,1.0,1,2,1,0,0,0,1,1,0,0,0,0,0,medio_baixo
1,0.0,0,0.0,12,3,1,0,0,0,0,0,0,1,0,1,1,alto
3,10000.0,2,1.0,1,4,1,0,0,0,1,0,1,1,0,0,1,medio_alto
4,10000.0,9,0.4444444444444444,1,3,1,0,0,0,1,1,0,0,0,0,1,medio_alto
4,10000.0,10,0.5,1,3,1,0,0,0,1,0,1,1,0,0,0,baixo
12,75000.0,417,0.8465227817745803,1,4,1,0,0,0,0,0,0,0,0,1,1,medio_alto
2,10000.0,12,0.75,2,2,1,1,1,0,1,0,1,0,0,0,0,medio_alto
5,750000.0,25043,0.8787685181487841,17,3,1,1,0,8,1,0,0,1,0,0,1,alto
2,0.0,0,0.0,0,0,1,0,0,0,0,0,0,0,0,0,0,gratuito
7,10000.0,6,1.0,1,3,1,1,1,0,1,0,0,0,0,1,1,gratuito
2,0.0,0,0.0,1,3,1,0,0,0,1,0,0,1,0,0,1,baixo
4,10000.0,13,0.9230769230769231,14,4,1,0,0,0,1,1,1,1,0,0,0,baixo
1,0.0,0,0.0,1,4,1,1,0,0,1,0,0,1,0,1,0,gratuito
6,75000.0,21,0.9523809523809523,1,3,1,1,0,0,1,0,1,1,0,0,0,gratuito
1,10000.0,0,0.0,12,7,1,0,0,0,1,1,1,0,1,1,1,medio_baixo
11,35000.0,128,0.8671875,1,2,1,0,0,0,1,0,1,0,0,0,0,baixo
2,10000.0,2,1.0,3,2,1,1,1,0,0,0,1,1,0,0,0,medio_alto
9,10000.0,22,0.7272727272727273,1,3,1,0,0,0,0,0,0,1,0,0,1,gratuito
6,10000.0,13,1.0,1,3,1,0,0,0,1,0,1,0,0,0,1,medio_alto
6,10000.0,5,0.2,1,3,1,0,0,0,1,0,0,1,0,1,0,alto
1,10000.0,0,0.0,7,3,1,1,1,0,0,0,1,0,1,0,1,medio_alto
2,35000.0,357,0.8543417366946778,1,5,1,0,0,0,1,1,0,1,1,0,1,medio_baixo
7,10000.0,0,0.0,1,1,1,0,1,0,0,0,1,0,0,0,0,alto
4,0.0,0,0.0,1,1,1,0,0,0,1,0,0,0,0,0,0,gratuito
2,10000.0,2,0.5,1,1,1,0,0,0,1,0,0,0,0,0,0,medio_baixo
2,10000.0,22,0.9545454545454546,5,1,1,0,0,1,0,1,0,0,0,0,0,medio_alto
8,10000.0,66,0.8636363636363636,7,2,1,0,0,0,0,0,0,0,0,1,1,alto
2,10000.0,3,1.0,3,2,1,0,0,0,0,0,1,1,0,0,0,baixo
4,10000.0,1,1.0,1,1,1,1,1,0,1,0,0,0,0,0,0,medio_baixo
6,10000.0,5,0.6,1,3,1,0,0,0,1,1,1,0,0,0,0,medio_baixo
2,0.0,0,0.0,0,0,1,0,0,0,0,0,0,0,0,0,0,gratuito
8,10000.0,21,0.8095238095238095,1,1,1,0,0,0,1,0,0,0,0,0,0,medio_baixo
1,10000.0,0,0.0,4,2,1,0,0,0,0,0,0,0,1,0,0,medio_alto
6,10000.0,19,0.8947368421052632,1,1,1,1,0,5,0,0,0,0,0,1,0,alto
5,0.0,0,0.0,3,3,1,1,1,2,1,0,0,1,0,0,0,gratuito
8,10000.0,10,0.9,1,3,1,0,0,0,1,1,1,0,0,0,0,gratuito
2,10000.0,3,0.6666666666666666,6,3,1,1,0,0,1,0,0,1,0,0,1,medio_baixo
2,10000.0,1,1.0,13,3,1,0,0,0,1,1,1,0,0,0,0,medio_baixo
3,10000.0,1,1.0,1,3,1,0,0,0,1,1,0,1,0,0,0,baixo
8,10000.0,13,0.38461538461538464,1,2,1,0,0,0,0,0,1,1,0,0,0,medio_alto
3,10000.0,4,1.0,1,2,1,0,0,0,1,0,1,0,0,0,0,medio_baixo
2,0.0,0,0.0,0,0,1,0,0,0,0,0,0,0,0,0,0,gratuito
10,10000.0,38,0.42105263157894735,1,3,1,0,0,0,1,1,0,0,0,1,0,gratuito
10,10000.0,15,0.2,1,3,1,1,1,0,1,0,1,0,1,0,0,medio_baixo
3,10000.0,191,0.8691099476439791,2,4,1,0,0,0,1,0,0,0,1,0,0,gratuito
7,10000.0,3,0.6666666666666666,1,3,1,0,0,0,1,1,0,0,1,0,0,baixo
3,0.0,0,0.0,1,5,1,0,0,0,0,0,0,1,0,1,1,gratuito
1,0.0,0,0.0,1,3,1,0,0,3,0,1,0,1,0,0,0,gratuito
5,35000.0,1,1.0,1,2,1,0,0,0,1,1,0,0,0,0,0,baixo
3,10000.0,1,0.0,1,1,1,0,0,0,0,0,0,0,0,1,0,medio_baixo
5,35000.0,10,0.5,1,3,1,0,0,0,0,1,0,0,0,0,1,medio_alto
7,10000.0,87,0.6551724137931034,1,2,1,0,0,0,0,0,0,0,0,0,1,alto
1,0.0,0,0.0,103,2,1,0,0,0,1,0,0,1,0,0,0,baixo
2,10000.0,0,0.0,2,2,1,0,0,0,1,0,1,0,0,0,0,alto
2,0.0,0,0.0,1,4,1,0,0,0,1,1,0,1,0,0,0,gratuito
5,10000.0,12,0.9166666666666666,9,4,1,1,0,0,1,1,1,1,0,0,0,medio_alto
1,0.0,0,0.0,0,0,1,0,0,0,0,0,0,0,0,0,0,gratuito
1,10000.0,35,0.6571428571428571,15,3,1,0,0,0,1,1,1,0,0,0,0,baixo
8,10000.0,41,0.5609756097560976,1,3,1,1,1,2,1,0,1,0,1,0,0,medio_alto
5,0.0,0,0.0,1,4,1,1,0,0,1,0,1,1,1,0,0,gratuito
12,35000.0,84,0.47619047619047616,1,3,1,0,0,0,1,1,0,1,0,0,0,medio_baixo
11,350000.0,472,0.3855932203389831,1,1,1,0,0,0,0,0,0,0,0,0,0,gratuito
1,10000.0,0,0.0,7,2,1,0,0,0,1,0,0,1,0,0,0,medio_alto
3,10000.0,51,1.0,2,2,1,1,1,0,1,0,1,0,0,0,0,medio_baixo
9,10000.0,1,1.0,1,2,1,0,0,0,1,1,0,0,0,0,0,medio_alto
3,10000.0,9,0.6666666666666666,12,2,1,0,0,0,1,0,0,1,0,0,0,medio_baixo
1,10000.0,28,1.0,1,4,1,0,0,0,1,1,0,1,0,0,0,medio_alto
1,0.0,0,0.0,1,3,1,0,0,0,0,1,0,1,0,0,0,medio_alto
9,35000.0,110,0.3181818181818182,1,3,1,1,1,0,1,0,1,1,0,0,0,baixo
8,10000.0,4,0.75,1,4,1,0,0,0,1,1,1,1,0,0,0,medio_baixo
8,10000.0,24,0.5,1,3,1,0,0,0,0,1,1,0,0,0,0,gratuito
2,350000.0,6064,0.7973284960422163,3,2,1,0,0,0,0,0,0,1,0,1,0,alto
2,10000.0,93,0.8387096774193549,25,2,1,0,0,0,1,1,0,0,0,0,0,medio_alto
2,10000.0,45,0.6888888888888889,10,1,1,0,0,0,0,0,0,0,0,1,0,medio_baixo
1,0.0,0,0.0,0,0,1,0,0,0,0,0,0,0,0,0,0,gratuito
2,10000.0,2,1.0,22,5,1,0,0,2,1,1,1,1,1,0,0,medio_baixo
1,10000.0,65,0.8,11,5,1,0,0,0,1,1,1,0,0,0,1,baixo
8,35000.0,147,0.8299319727891157,5,2,1,0,1,0,1,1,0,0,0,0,0,medio_alto
4,35000.0,10,0.9,1,2,1,0,0,0,0,0,0,0,1,1,0,medio_alto
1,10000.0,6,0.8333333333333334,1,1,1,0,0,1,0,0,0,1,0,0,0,medio_baixo
1,10000.0,0,0.0,5,8,1,0,0,0,1,1,1,1,1,0,1,alto
6,0.0,0,0.0,0,0,1,0,0,0,0,0,0,0,0,0,0,gratuito
3,10000.0,0,0.0,103,3,1,0,0,0,1,0,0,1,0,0,1,baixo
8,10000.0,23,0.8695652173913043,1,1,1,0,0,0,0,0,0,0,0,0,0,gratuito
7,35000.0,11,0.8181818181818182,1,5,1,0,0,0,1,0,1,1,1,1,0,baixo
3,10000.0,2,1.0,1,1,1,0,0,0,0,0,1,0,0,0,0,medio_baixo
5,10000.0,6,0.8333333333333334,2,5,1,0,0,5,1,0,1,1,1,1,0,alto
8,10000.0,10,1.0,1,3,1,0,0,0,1,1,0,0,0,1,0,medio_baixo
8,10000.0,2,0.5,1,4,1,0,0,0,1,1,1,1,0,0,0,medio_baixo
1,35000.0,1,1.0,1,2,1,0,0,0,1,0,0,0,0,0,0,alto
2,10000.0,49,0.8775510204081632,1,2,1,0,0,0,1,1,0,0,0,0,0,medio_baixo
2,10000.0,1,1.0,1,3,1,1,0,0,1,0,0,1,0,1,0,baixo
4,0.0,0,0.0,1,4,1,0,0,0,1,1,0,0,0,0,0,gratuito
2,0.0,0,0.0,2,6,1,0,1,0,1,1,0,0,1,0,0,gratuito
4,1500000.0,15156,0.9476115069939298,23,2,1,1,0,1,1,0,1,0,0,0,0,medio_baixo
2,10000.0,0,0.0,2,4,1,0,0,0,0,0,0,1,0,1,1,gratuito
7,35000.0,47,0.5531914893617021,1,3,1,0,0,0,1,0,0,0,0,1,1,medio_alto
11,35000.0,269,0.8773234200743495,1,3,1,1,0,0,1,1,1,0,0,0,0,medio_baixo
6,10000.0,3,1.0,1,2,1,0,0,1,1,0,0,0,0,1,0,alto
1,0.0,0,0.0,1,2,1,0,1,0,1,0,1,0,0,0,0,alto
9,75000.0,367,0.5613079019073569,5,2,1,0,0,1,1,0,0,0,0,0,1,alto
11,10000.0,103,0.8155339805825242,1,1,1,0,0,0,0,0,0,0,0,1,0,baixo
5,10000.0,10,0.5,1,4,1,0,0,0,0,1,1,0,1,0,0,alto
1,10000.0,0,0.0,1,1,1,0,0,0,0,0,0,1,0,0,0,medio_baixo
2,35000.0,74,0.527027027027027,1,2,1,0,0,0,0,0,0,0,0,0,1,gratuito
2,10000.0,1,0.0,0,1,1,0,0,0,1,0,0,0,0,0,0,alto
2,10000.0,1,0.0,2,3,1,0,0,0,1,1,0,1,0,0,0,medio_baixo
2,10000.0,3,1.0,3,2,1,0,0,0,1,0,0,0,0,1,0,medio_alto
1,0.0,0,0.0,1,3,1,0,0,0,1,0,0,1,0,0,0,gratuito
3,10000.0,0,0.0,1,1,1,0,0,0,0,1,0,0,0,0,0,alto
8,10000.0,2,0.0,1,3,1,0,0,0,1,1,0,1,0,0,0,baixo
2,10000.0,0,0.0,1,2,1,0,0,0,0,0,0,1,0,1,0,baixo
14,150000.0,432,0.4305555555555556,3,1,1,0,0,0,0,1,0,0,0,0,0,medio_baixo
7,10000.0,6,0.8333333333333334,1,3,1,0,0,0,1,1,1,0,0,0,0,baixo
1,0.0,0,0.0,1,3,1,0,0,0,0,0,0,0,0,0,0,medio_alto
1,10000.0,0,0.0,1,2,1,0,0,0,0,1,1,0,0,0,0,medio_alto
1,0.0,0,0.0,103,5,1,0,0,0,1,1,0,1,0,0,1,medio_alto
2,0.0,0,0.0,1,3,1,0,0,1,0,1,0,0,1,0,0,gratuito
5,350000.0,2646,0.8072562358276644,12,1,1,0,0,1,0,0,0,0,1,0,0,alto
5,10000.0,7,0.5714285714285714,4,1,1,0,0,0,0,0,0,1,0,0,0,medio_alto
2,10000.0,28,0.9285714285714286,2,2,1,0,0,1,1,0,1,0,0,0,0,medio_alto
8,10000.0,5,0.6,1,3,1,0,0,0,1,1,0,0,0,0,0,alto
5,0.0,0,0.0,0,0,1,0,0,0,0,0,0,0,0,0,0,gratuito
2,10000.0,0,0.0,31,2,1,0,0,0,1,0,0,1,0,0,0,baixo
6,75000.0,1227,0.9812550937245313,13,3,1,0,0,0,1,1,1,0,0,0,0,medio_baixo
1,0.0,0,0.0,1,2,1,1,0,0,0,0,0,1,0,0,0,gratuito
6,35000.0,61,0.7704918032786885,2,4,1,0,0,1,1,1,0,0,0,0,0,gratuito
6,10000.0,46,0.9565217391304348,6,3,1,0,0,0,1,0,1,1,0,0,0,baixo
8,10000.0,75,0.7466666666666667,4,3,1,0,0,6,1,0,0,1,0,0,1,medio_alto
3,10000.0,18,0.7222222222222222,1,2,1,0,0,0,0,0,0,1,0,0,1,alto
4,0.0,0,0.0,1,3,1,0,0,1,1,0,0,0,0,0,0,gratuito
1,35000.0,663,0.755656108597285,29,4,1,1,0,1,1,1,1,1,0,0,0,medio_alto
1,10000.0,0,0.0,16,5,1,1,1,0,1,0,1,1,1,0,1,medio_baixo
1,10000.0,28,0.8571428571428571,2,1,1,1,1,0,0,0,0,1,0,0,0,baixo
6,10000.0,20,0.9,1,5,1,0,0,0,1,0,1,1,1,0,0,gratuito
10,35000.0,40,0.65,1,1,1,0,0,0,0,0,0,1,0,0,0,medio_alto
5,10000.0,1,0.0,1,6,1,0,0,0,1,0,1,1,1,1,1,baixo
1,0.0,0,0.0,0,0,1,0,0,0,0,0,0,0,0,0,0,gratuito
4,10000.0,0,0.0,1,1,1,0,0,0,0,0,0,0,1,0,0,alto
1,0.0,0,0.0,0,0,1,0,0,0,0,0,0,0,0,0,0,gratuito
6,35000.0,4,0.75,3,2,1,0,0,0,0,0,0,0,0,0,1,baixo
3,10000.0,106,0.7264150943396226,10,3,1,0,0,0,1,0,0,1,1,0,0,medio_baixo
12,10000.0,51,0.8823529411764706,8,3,1,0,0,0,1,1,0,1,0,0,0,alto
6,10000.0,1,1.0,1,2,1,0,0,0,1,1,0,0,0,0,0,medio_baixo
6,1500000.0,56508,0.5727684575635308,13,2,1,1,0,0,0,1,1,0,0,0,0,medio_alto
8,10000.0,1,1.0,2,2,1,0,0,0,1,0,0,1,0,0,0,baixo
3,0.0,0,0.0,0,0,1,0,0,0,0,0,0,0,0,0,0,gratuito
1,10000.0,0,0.0,14,1,1,0,0,2,0,0,0,1,0,0,0,medio_baixo
1,10000.0,0,0.0,6,1,1,0,0,0,0,0,1,0,0,0,0,alto
2,10000.0,167,0.7125748502994012,7,2,1,0,0,0,1,0,0,0,0,0,1,medio_baixo
2,10000.0,8,1.0,1,4,1,0,0,0,1,1,1,1,0,0,0,alto
2,10000.0,52,1.0,1,3,1,0,0,0,1,0,1,0,0,0,1,medio_alto
2,75000.0,360,0.675,1,3,1,1,1,0,1,0,0,1,0,1,0,medio_baixo
2,10000.0,1,0.0,8,1,1,0,0,0,0,0,0,1,0,0,0,medio_baixo
11,350000.0,2450,0.8453061224489796,8,4,1,1,0,1,1,0,0,1,1,1,0,medio_baixo
1,10000.0,2,1.0,5,4,1,1,0,0,1,0,0,1,0,1,0,medio_baixo
6,10000.0,20,0.9,1,3,1,0,0,0,1,0,1,1,0,0,0,baixo
1,10000.0,0,0.0,1,4,1,0,0,0,1,1,0,1,0,1,0,medio_baixo
1,0.0,0,0.0,0,0,1,0,0,0,0,0,0,0,0,0,0,gratuito
5,35000.0,5,0.6,1,3,1,0,0,0,1,0,1,0,1,0,0,medio_alto
8,10000.0,3,0.0,1,4,1,0,0,0,1,1,1,1,0,0,0,medio_baixo
11,150000.0,141,0.2765957446808511,1,4,1,0,1,0,1,0,0,1,0,1,0,medio_baixo
1,10000.0,7,0.7142857142857143,1,1,1,1,0,0,0,0,0,1,0,0,0,medio_alto
1,0.0,0,0.0,1,2,1,0,0,0,1,0,0,0,0,0,0,gratuito
3,10000.0,2,1.0,1,2,1,0,0,0,0,0,0,0,0,0,1,alto
5,10000.0,17,0.9411764705882353,1,1,1,0,0,0,1,0,0,0,0,0,0,medio_baixo
4,1500000.0,7604,0.4725144660704892,3,3,1,0,0,4,0,1,0,0,0,0,0,gratuito
3,10000.0,0,0.0,1,4,1,0,0,0,1,1,0,1,0,0,0,medio_alto
7,10000.0,256,0.828125,5,3,1,1,1,0,1,0,1,1,0,0,0,medio_baixo
2,0.0,0,0.0,1,2,1,0,0,0,1,0,0,1,0,0,0,medio_baixo
6,10000.0,8,0.875,2,1,1,0,0,0,1,0,0,0,0,0,0,baixo
2,10000.0,2,0.5,8,2,1,0,0,0,0,0,0,0,0,1,0,medio_baixo
10,150000.0,158,0.4936708860759494,1,1,1,0,0,0,0,0,0,1,0,0,0,medio_baixo
7,10000.0,8,0.75,1,3,1,0,0,0,1,1,0,1,0,0,0,baixo
1,0.0,0,0.0,4,2,1,0,0,0,0,1,1,0,0,0,0,medio_baixo
1,0.0,0,0.0,1,2,1,0,0,0,0,0,0,1,0,0,0,medio_alto
2,0.0,0,0.0,2,3,1,0,0,0,1,0,0,0,0,0,1,gratuito
1,0.0,0,0.0,1,2,1,0,0,0,1,1,0,0,0,0,0,baixo
4,0.0,0,0.0,0,0,1,0,0,0,0,0,0,0,0,0,0,gratuito
5,0.0,0,0.0,4,3,1,0,0,0,0,0,0,1,0,0,1,gratuito
8,10000.0,6,0.5,1,4,1,0,0,0,1,0,0,0,0,1,1,baixo
2,150000.0,1107,0.6639566395663956,13,3,1,0,0,8,0,1,1,0,1,0,0,alto
3,10000.0,0,0.0,1,1,1,0,0,2,0,0,0,0,0,0,1,baixo
3,10000.0,244,0.8770491803278688,6,0,1,0,0,1,0,0,0,0,0,0,0,medio_baixo
1,0.0,0,0.0,1,3,1,0,1,0,1,1,1,0,0,0,0,medio_baixo
1,0.0,0,0.0,1,5,1,0,0,0,1,1,1,0,1,0,0,baixo
5,10000.0,7,1.0,1,1,1,0,1,1,1,0,0,0,0,0,0,medio_baixo
6,10000.0,137,0.7883211678832117,1,4,1,0,1,0,1,1,0,0,0,0,0,gratuito
9,350000.0,6545,0.7614973262032085,5,2,1,0,0,0,0,1,1,0,0,0,0,alto
6,10000.0,31,0.7741935483870968,1,2,1,0,0,0,1,0,1,0,0,0,0,gratuito
2,10000.0,145,0.9724137931034482,2,1,1,0,0,0,0,0,0,0,0,0,1,medio_alto
9,10000.0,17,0.6470588235294118,1,2,1,0,0,0,1,0,1,0,0,0,0,medio_alto
7,75000.0,610,0.8147540983606557,5,1,1,0,0,0,0,1,0,0,0,0,0,medio_baixo
4,10000.0,228,0.7807017543859649,2,4,1,0,0,0,1,0,0,1,0,0,1,alto
1,0.0,0,0.0,1,2,1,0,0,0,1,1,0,0,0,0,0,medio_baixo
3,10000.0,0,0.0,1,1,1,0,0,0,0,0,0,1,0,0,0,medio_baixo
7,35000.0,135,0.8666666666666667,1,5,1,1,1,1,1,1,1,0,1,1,0,baixo
1,0.0,0,0.0,11,6,1,0,0,5,1,1,0,0,0,1,0,gratuito
2,10000.0,24,0.7916666666666666,1,3,1,1,1,0,1,0,1,0,1,0,0,medio_alto
2,0.0,0,0.0,0,0,1,0,0,0,0,0,0,0,0,0,0,gratuito
4,10000.0,1,0.0,1,4,1,0,0,0,1,0,0,1,0,0,0,medio_alto
10,10000.0,33,0.9393939393939394,1,2,1,0,0,0,1,0,0,1,0,0,0,medio_baixo
3,0.0,0,0.0,0,0,1,0,0,0,0,0,0,0,0,0,0,gratuito
1,0.0,0,0.0,103,9,1,1,1,0,1,1,1,1,1,1,1,alto
7,35000.0,388,0.9639175257731959,1,3,1,0,0,0,1,0,0,1,0,0,0,gratuito
12,75000.0,165,0.8848484848484849,1,1,1,0,0,0,0,0,0,0,0,1,0,baixo
7,10000.0,2,1.0,1,4,1,1,1,0,1,0,0,1,0,1,0,alto
9,35000.0,49,0.32653061224489793,1,4,1,0,0,0,1,0,0,1,0,1,1,medio_baixo
1,0.0,0,0.0,1,2,1,0,0,0,0,0,0,0,0,0,1,medio_baixo
6,10000.0,0,0.0,2,4,1,0,0,0,1,1,0,1,0,1,0,medio_alto
2,10000.0,0,0.0,2,3,1,0,0,0,1,1,0,1,0,0,0,baixo
4,10000.0,5,1.0,1,3,1,0,0,0,1,0,0,1,0,0,0,alto
2,10000.0,15,1.0,1,2,1,0,0,0,1,0,0,1,0,0,0,baixo
5,10000.0,4,0.0,1,3,1,0,0,0,1,1,0,1,0,0,0,baixo
10,35000.0,48,0.9375,1,2,1,0,0,0,0,0,1,1,0,0,0,medio_alto
3,10000.0,14,1.0,3,1,1,0,0,0,0,0,1,0,0,0,0,medio_baixo
1,10000.0,5,1.0,3,3,1,1,1,0,1,1,0,1,0,0,0,medio_alto
4,75000.0,948,0.8291139240506329,9,6,1,0,0,2,1,0,1,1,0,0,1,alto
4,0.0,0,0.0,0,0,1,0,0,0,0,0,0,0,0,0,0,gratuito
7,150000.0,390,0.6743589743589744,1,7,1,0,0,0,1,1,0,1,0,0,0,gratuito
1,10000.0,1,0.0,15,3,1,0,0,0,1,1,0,0,0,0,0,alto
1,10000.0,6,1.0,3,2,1,0,0,0,1,0,0,0,0,1,0,medio_alto
6,35000.0,7,0.8571428571428571,2,4,1,1,1,1,1,1,0,1,0,0,0,medio_alto
1,35000.0,141,0.8014184397163121,10,3,1,1,0,1,1,0,0,0,0,1,1,alto
13,3500000.0,8528,0.9061913696060038,3,5,1,1,1,1,1,1,1,1,0,1,0,medio_baixo
2,0.0,0,0.0,103,2,1,0,0,0,1,0,0,1,0,0,0,baixo
2,0.0,0,0.0,1,5,1,1,0,0,1,1,1,1,0,0,0,gratuito
6,10000.0,39,0.9487179487179487,1,3,1,0,0,0,0,1,1,0,1,0,0,baixo
1,0.0,0,0.0,103,4,1,1,1,0,1,0,1,1,0,1,0,medio_alto
11,75000.0,424,0.7735849056603774,1,2,1,0,0,1,1,1,0,0,0,0,0,baixo
8,10000.0,8,0.25,1,4,1,0,0,0,1,1,1,1,0,0,0,alto
1,10000.0,0,0.0,1,3,1,0,0,0,1,1,0,0,1,0,0,medio_alto
1,0.0,0,0.0,1,2,1,0,0,0,1,0,0,0,0,0,1,medio_alto
1,0.0,0,0.0,1,5,1,0,0,0,0,0,1,1,1,1,0,gratuito
9,10000.0,5,1.0,1,2,1,0,0,0,1,1,0,0,0,0,0,alto
12,75000.0,601,0.8635607321131448,1,3,1,1,0,0,1,0,1,1,0,0,0,medio_alto
2,10000.0,0,0.0,1,2,1,0,0,0,0,0,0,1,0,0,0,gratuito
7,10000.0,2,0.5,1,2,1,0,0,0,1,0,0,0,1,0,0,medio_alto
1,10000.0,0,0.0,8,1,1,0,0,0,1,0,0,0,0,0,0,medio_alto
1,10000.0,0,0.0,1,3,1,1,1,0,1,0,1,1,0,0,0,medio_baixo
8,10000.0,0,0.0,1,3,1,0,0,0,0,1,1,0,0,1,0,alto
5,10000.0,3,1.0,1,3,1,1,1,0,1,0,1,0,0,1,0,medio_alto
2,75000.0,348,0.8074712643678161,1,5,1,0,0,0,1,1,1,0,1,0,0,alto
4,10000.0,9,0.6666666666666666,1,4,1,0,0,0,1,0,0,1,0,0,1,gratuito
7,10000.0,1,1.0,1,1,1,0,0,0,0,0,0,0,1,0,0,medio_baixo
1,10000.0,0,0.0,1,3,1,0,0,0,1,0,1,1,0,0,0,medio_alto
1,10000.0,0,0.0,6,4,1,0,0,0,1,0,0,1,1,0,1,medio_alto
6,75000.0,8,0.75,1,1,1,0,0,0,0,0,0,0,1,0,0,gratuito
6,10000.0,3,0.6666666666666666,2,4,1,0,0,0,1,0,0,0,0,0,1,medio_alto
7,10000.0,0,0.0,1,1,1,0,0,0,1,0,0,0,0,0,0,medio_baixo
7,10000.0,15,0.5333333333333333,12,3,1,1,1,0,1,0,0,1,0,1,0,baixo
3,150000.0,3951,0.812452543659833,9,3,1,0,0,4,1,1,0,0,1,0,0,alto
9,10000.0,47,0.8723404255319149,1,1,1,0,0,0,0,0,0,0,1,0,0,alto
9,10000.0,23,0.6086956521739131,3,2,1,0,0,0,1,0,1,0,0,0,0,baixo
2,35000.0,3,1.0,1,3,1,0,0,1,1,0,1,0,1,0,0,medio_alto
1,10000.0,3,0.0,1,6,1,0,0,0,1,0,0,1,0,0,1,baixo
1,10000.0,0,0.0,10,2,1,0,0,0,1,1,0,0,0,0,0,baixo
2,0.0,0,0.0,0,0,1,0,0,0,0,0,0,0,0,0,0,gratuito
6,10000.0,12,0.9166666666666666,4,3,1,0,0,0,1,1,1,0,0,0,0,medio_baixo
1,0.0,0,0.0,0,0,1,0,0,0,0,0,0,0,0,0,0,gratuito
2,10000.0,13,0.8461538461538461,4,3,1,1,0,0,1,0,1,1,0,0,0,medio_alto
5,10000.0,16,0.5625,1,4,1,0,0,0,1,0,1,1,0,0,1,baixo
2,0.0,0,0.0,0,0,1,0,0,0,0,0,0,0,0,0,0,gratuito
2,10000.0,78,0.5897435897435898,4,5,1,0,0,0,1,0,0,1,1,1,1,medio_baixo
6,10000.0,93,0.8709677419354839,11,3,1,1,0,3,1,0,0,1,0,1,0,medio_baixo
2,0.0,0,0.0,103,2,1,0,0,0,1,0,0,1,0,0,0,baixo
9,75000.0,934,0.7773019271948608,7,2,1,0,0,2,0,1,1,0,0,0,0,baixo
8,10000.0,77,0.987012987012987,1,2,1,0,0,0,1,0,0,0,0,0,1,medio_alto
3,10000.0,11,0.7272727272727273,1,3,1,0,0,0,1,0,0,0,1,1,0,baixo
5,35000.0,7,1.0,1,1,1,0,0,0,0,1,0,0,0,0,0,baixo
2,35000.0,182,0.9395604395604396,1,3,1,0,0,0,1,1,1,0,0,0,0,medio_baixo
1,0.0,0,0.0,2,1,1,0,0,0,1,0,0,0,0,0,0,medio_alto
3,35000.0,1197,0.948203842940685,1,2,1,0,0,1,1,0,0,1,0,0,0,medio_alto
1,10000.0,0,0.0,1,7,1,0,0,0,1,1,1,1,1,0,1,medio_alto
3,10000.0,90,0.9333333333333333,3,3,1,0,0,0,0,0,1,0,1,1,0,alto
1,0.0,0,0.0,1,3,1,0,0,0,1,0,0,1,0,0,1,medio_alto
1,10000.0,12,0.6666666666666666,3,2,1,0,0,0,1,0,0,1,0,0,0,medio_baixo
4,10000.0,13,0.7692307692307693,103,1,1,0,0,0,0,0,1,0,0,0,0,baixo
1,10000.0,0,0.0,2,2,1,0,0,0,1,0,0,0,1,0,0,medio_alto
11,150000.0,1129,0.8255093002657219,22,3,1,1,0,0,1,0,0,1,0,1,0,medio_baixo
3,10000.0,1,1.0,1,4,1,0,0,0,1,1,1,0,0,0,0,medio_alto
2,10000.0,0,0.0,1,2,1,1,1,0,1,0,0,1,0,0,0,baixo
3,35000.0,58,0.8275862068965517,1,3,1,0,0,1,1,0,1,1,0,0,0,medio_alto
4,0.0,0,0.0,4,3,1,0,0,2,0,0,0,1,0,0,1,gratuito
3,10000.0,1,0.0,1,3,1,0,0,0,1,0,1,0,1,0,0,alto
1,0.0,0,0.0,0,0,1,0,0,0,0,0,0,0,0,0,0,gratuito
4,35000.0,336,0.9017857142857143,1,2,1,0,0,0,1,0,1,0,0,0,0,baixo
1,10000.0,0,0.0,1,6,1,0,0,0,1,0,1,1,1,1,1,medio_alto
1,10000.0,0,0.0,4,5,1,0,0,0,1,1,1,0,0,1,1,medio_alto
2,10000.0,0,0.0,2,2,1,0,0,0,0,0,1,0,1,0,0,alto
2,0.0,0,0.0,0,0,1,0,0,0,0,0,0,0,0,0,0,gratuito
2,0.0,0,0.0,0,0,1,0,0,0,0,0,0,0,0,0,0,gratuito
5,10000.0,10,0.8,3,4,1,0,0,0,1,1,1,0,1,0,0,alto
1,0.0,0,0.0,0,0,1,0,0,0,0,0,0,0,0,0,0,gratuito
3,75000.0,63,0.9841269841269841,2,3,1,1,1,1,1,1,1,0,0,0,0,medio_alto
11,10000.0,46,0.8695652173913043,1,3,1,0,0,0,1,0,0,1,0,1,0,baixo
6,10000.0,11,1.0,1,2,1,1,1,2,1,0,0,1,0,0,0,medio_alto
1,10000.0,0,0.0,13,2,1,0,0,0,1,0,0,0,0,1,0,alto
7,75000.0,419,0.21479713603818615,1,1,1,1,1,0,1,0,0,0,0,0,0,medio_baixo
5,1500000.0,56328,0.9106483454054822,8,2,1,0,0,0,0,1,0,0,1,0,0,medio_alto
1,10000.0,101,0.6732673267326733,11,2,1,0,0,0,0,1,1,0,0,0,0,alto
5,35000.0,651,0.9493087557603687,10,4,1,1,0,0,1,0,0,0,0,0,1,alto
3,0.0,0,0.0,103,3,1,0,0,0,1,1,0,0,0,1,0,alto
8,10000.0,4,1.0,2,6,1,0,0,0,1,0,1,1,0,1,1,medio_alto
3,10000.0,2,0.5,1,1,1,0,0,0,0,0,0,0,0,1,0,alto
8,10000.0,28,0.75,2,3,1,0,0,0,1,0,1,0,0,1,0,medio_alto
12,350000.0,2678,0.9055265123226288,1,2,1,1,1,1,1,1,0,0,0,0,0,baixo
4,10000.0,3,0.6666666666666666,1,3,1,0,0,0,1,1,1,0,0,0,0,medio_alto
5,10000.0,1,0.0,1,3,1,0,1,0,1,1,1,0,0,0,0,medio_baixo
8,10000.0,16,0.5,1,3,1,0,0,0,1,1,0,0,0,1,0,medio_alto
1,10000.0,2,1.0,5,2,1,0,0,0,1,0,0,1,0,0,0,baixo
9,10000.0,126,0.7698412698412699,3,5,1,1,1,0,1,1,1,0,0,0,0,baixo
1,0.0,0,0.0,9,2,1,1,0,0,0,0,0,1,0,0,0,gratuito
8,350000.0,4520,0.8670353982300885,1,4,1,1,1,2,1,1,1,0,1,0,0,medio_baixo
10,10000.0,51,0.6274509803921569,2,3,1,1,1,0,0,0,0,1,0,0,1,baixo
10,350000.0,4484,0.89049955396967,6,2,1,1,0,0,1,0,0,1,0,0,0,baixo
1,0.0,0,0.0,103,2,1,0,0,0,1,0,0,1,0,0,0,baixo
7,10000.0,9,1.0,2,4,1,0,0,0,0,0,1,1,1,1,0,alto
1,10000.0,0,0.0,3,3,1,0,0,0,0,0,0,1,0,1,1,alto
2,10000.0,5,1.0,1,5,1,0,0,0,1,1,1,0,0,1,0,medio_baixo
1,0.0,0,0.0,1,4,1,0,0,0,1,0,0,1,0,1,1,gratuito
9,10000.0,186,0.8978494623655914,9,3,1,0,0,0,1,1,1,0,0,0,0,medio_alto
1,0.0,0,0.0,0,0,1,0,0,0,0,0,0,0,0,0,0,gratuito
4,10000.0,20,0.7,2,2,1,0,0,0,1,0,1,0,0,0,0,alto
1,0.0,0,0.0,17,3,1,0,0,0,1,0,0,1,0,0,1,medio_alto
1,0.0,0,0.0,2,4,1,0,0,1,1,1,1,0,0,0,0,gratuito
5,150000.0,832,0.8209134615384616,12,4,1,0,0,0,1,0,0,0,0,1,1,gratuito
6,10000.0,4,1.0,1,1,1,0,0,0,1,0,0,0,0,0,0,gratuito
1,0.0,0,0.0,1,1,1,0,0,0,1,0,0,0,0,0,0,medio_alto
1,10000.0,1,1.0,1,2,1,0,0,0,0,0,0,0,0,0,0,alto
2,10000.0,12,1.0,1,3,1,1,1,0,1,1,0,1,0,0,0,medio_baixo
4,350000.0,1546,0.6526520051746443,14,3,1,1,0,0,1,0,0,0,1,1,0,medio_alto
10,75000.0,160,0.8875,1,3,1,1,1,1,1,0,0,1,0,0,0,gratuito
2,0.0,0,0.0,3,6,1,0,0,0,1,1,1,1,1,0,0,gratuito
6,150000.0,2823,0.9358838115479986,1,5,1,0,0,1,1,0,1,1,1,0,1,medio_alto
4,10000.0,101,0.9306930693069307,1,2,1,0,0,1,1,0,1,0,0,0,0,medio_alto
3,350000.0,3230,0.8770897832817337,1,1,1,0,0,0,0,0,0,0,1,0,0,alto
3,10000.0,14,1.0,1,1,1,0,0,0,1,0,0,0,0,0,0,medio_baixo
8,35000.0,109,0.908256880733945,1,2,1,0,0,0,1,1,0,0,0,0,0,medio_baixo
2,35000.0,257,0.6848249027237354,7,5,1,0,0,0,1,1,1,0,0,0,1,baixo
3,10000.0,0,0.0,1,3,1,0,0,0,1,0,1,0,0,0,1,alto
1,0.0,0,0.0,103,2,1,0,0,0,1,0,0,1,0,0,0,baixo
5,150000.0,12,0.75,1,1,1,0,0,0,0,0,0,0,1,0,0,gratuito
8,35000.0,26,0.6538461538461539,2,5,1,0,1,0,1,1,0,0,1,1,1,alto
1,0.0,0,0.0,0,0,1,0,0,0,0,0,0,0,0,0,0,gratuito
2,0.0,0,0.0,103,3,1,0,0,1,1,0,0,1,0,0,0,gratuito
9,10000.0,6,1.0,1,4,1,0,0,0,1,1,0,1,0,0,0,gratuito
2,10000.0,0,0.0,1,3,1,0,0,0,0,0,0,0,0,0,0,alto
1,0.0,0,0.0,0,0,1,0,0,0,0,0,0,0,0,0,0,gratuito
4,35000.0,5,0.4,4,2,1,0,0,0,0,0,1,1,0,0,0,alto
1,0.0,0,0.0,1,4,1,0,0,0,1,0,1,1,0,0,0,gratuito
3,10000.0,0,0.0,1,1,1,0,0,0,0,0,0,0,1,0,0,alto
11,75000.0,798,0.8621553884711779,1,2,1,0,0,0,1,1,0,0,0,0,0,baixo
4,10000.0,0,0.0,1,2,1,0,0,0,1,0,0,1,0,0,0,baixo
3,150000.0,2375,0.8968421052631579,1,3,1,0,0,3,0,1,0,0,0,0,1,alto
3,10000.0,5,0.8,2,1,1,0,0,0,0,0,1,0,0,0,0,medio_alto
3,0.0,0,0.0,1,4,1,0,0,0,1,1,1,0,0,0,0,gratuito
5,10000.0,26,0.34615384615384615,1,1,1,0,0,0,0,0,0,1,0,0,0,medio_baixo
1,10000.0,0,0.0,2,4,1,1,1,0,1,0,0,1,0,0,1,alto
2,75000.0,274,0.8211678832116789,6,2,1,0,0,0,0,0,0,0,1,1,0,medio_alto
2,75000.0,1027,0.9143135345666992,2,3,1,0,0,0,0,0,1,0,1,0,1,medio_baixo
2,10000.0,3,0.3333333333333333,3,2,1,0,0,0,0,1,1,0,0,0,0,medio_baixo
8,10000.0,47,0.9787234042553191,1,2,1,0,0,0,1,0,0,1,0,0,0,baixo
3,10000.0,54,0.9444444444444444,1,3,1,0,0,0,1,1,0,1,0,0,0,medio_alto
4,0.0,0,0.0,1,4,1,0,0,0,1,0,1,0,1,0,0,gratuito
1,10000.0,0,0.0,11,1,1,0,0,2,0,1,0,0,0,0,0,alto
1,10000.0,18,0.7777777777777778,9,3,1,0,0,0,1,0,1,1,0,0,0,alto
2,10000.0,0,0.0,1,2,1,0,0,0,1,0,0,1,0,0,0,medio_baixo
3,10000.0,5,0.8,1,3,1,0,0,0,0,1,1,1,0,0,0,baixo
6,10000.0,11,0.7272727272727273,1,4,1,0,0,0,1,0,1,1,0,0,0,medio_baixo
2,3500000.0,48550,0.9133058702368692,4,5,1,0,0,0,1,0,0,1,0,1,1,medio_baixo
7,10000.0,14,0.7142857142857143,26,3,1,0,0,0,1,0,0,1,0,0,1,baixo
1,0.0,0,0.0,0,0,1,0,0,0,0,0,0,0,0,0,0,gratuito
1,10000.0,0,0.0,1,4,1,0,0,0,1,0,0,1,1,1,0,medio_alto
3,10000.0,4,1.0,1,2,1,0,0,0,0,0,0,0,0,1,0,alto
5,10000.0,23,0.6521739130434783,1,4,1,0,0,0,1,1,1,0,0,0,0,baixo
1,10000.0,1,0.0,14,4,1,0,0,0,1,1,1,0,0,0,0,medio_baixo
7,10000.0,0,0.0,1,1,1,0,0,0,0,0,0,1,0,0,0,medio_baixo
3,35000.0,26,0.8846153846153846,4,1,1,1,1,0,0,0,1,0,0,0,0,alto
2,0.0,0,0.0,1,2,1,0,0,0,1,0,0,0,0,0,0,gratuito
2,10000.0,43,0.9534883720930233,1,7,1,0,0,0,1,1,1,1,1,0,1,alto
3,0.0,0,0.0,1,2,1,0,0,0,1,0,1,0,0,0,0,gratuito
3,0.0,0,0.0,1,3,1,1,0,0,1,0,0,1,0,0,0,gratuito
1,0.0,0,0.0,0,0,1,0,0,0,0,0,0,0,0,0,0,gratuito
4,10000.0,6,1.0,1,2,1,1,1,0,1,1,0,0,0,0,0,medio_alto
4,75000.0,927,0.9169363538295577,5,3,1,1,0,1,1,0,1,1,0,0,0,baixo
2,10000.0,0,0.0,1,2,1,1,1,0,1,0,0,1,0,0,0,baixo
2,10000.0,8,0.5,2,3,1,0,0,0,1,0,1,1,0,0,0,baixo
14,350000.0,796,0.878140703517588,5,3,1,0,0,0,1,1,0,0,0,1,0,baixo
3,10000.0,0,0.0,1,2,1,0,0,0,0,0,1,1,0,0,0,alto
8,35000.0,9,0.7777777777777778,1,3,1,0,0,0,1,1,1,0,0,0,0,gratuito
1,0.0,0,0.0,15,2,1,0,0,0,1,0,0,0,0,0,1,medio_alto
6,10000.0,45,0.6888888888888889,1,1,1,1,0,0,0,0,0,1,0,0,0,baixo
1,150000.0,5,1.0,1,2,1,0,0,0,1,0,1,0,0,0,0,medio_baixo
2,10000.0,0,0.0,1,2,1,0,0,0,0,0,0,1,1,0,0,baixo
8,10000.0,2,1.0,1,3,1,1,1,0,1,0,1,0,1,0,0,medio_baixo
1,0.0,0,0.0,2,4,1,0,0,0,1,1,1,0,0,0,0,medio_baixo
3,10000.0,31,0.8709677419354839,1,1,1,0,1,0,0,1,0,0,0,0,0,alto
1,75000.0,31,1.0,1,4,1,1,1,1,1,1,1,0,1,0,0,alto
1,0.0,0,0.0,2,4,1,0,1,0,1,1,1,0,1,0,0,alto
4,0.0,0,0.0,1,3,1,0,0,0,1,0,1,0,0,0,0,gratuito
8,10000.0,5,0.8,1,4,1,1,0,0,1,0,0,1,0,1,1,medio_alto
3,10000.0,3,0.6666666666666666,2,4,1,0,0,0,1,1,1,0,0,0,1,medio_baixo
7,10000.0,1,1.0,1,4,1,0,0,0,1,1,0,1,0,0,0,medio_alto
2,0.0,0,0.0,30,3,1,0,0,0,1,0,0,1,0,0,1,medio_baixo
16,1500000.0,12838,0.9052811964480448,1,3,1,0,0,0,0,0,1,0,0,1,1,gratuito
3,75000.0,4411,0.9696214010428474,11,3,1,0,0,0,1,0,0,1,0,0,0,gratuito
2,0.0,0,0.0,1,3,1,0,0,0,0,0,0,1,0,0,1,gratuito
4,10000.0,3,0.6666666666666666,1,2,1,0,0,0,1,0,0,1,0,0,0,alto
6,35000.0,334,0.9221556886227545,3,3,1,0,0,0,1,0,1,0,1,0,0,alto
4,0.0,0,0.0,4,3,1,1,0,1,1,0,1,0,0,0,0,gratuito
4,10000.0,32,0.96875,8,2,1,1,1,1,1,0,0,0,0,1,0,baixo
4,35000.0,2,1.0,1,2,1,0,0,0,1,0,1,0,0,0,0,alto
2,10000.0,364,0.6153846153846154,1,5,1,0,0,0,1,0,0,1,1,1,1,medio_alto
7,150000.0,1978,0.9079878665318504,5,2,1,0,0,1,1,1,0,0,0,0,0,medio_alto
6,35000.0,3,1.0,4,3,1,1,0,0,1,0,0,1,0,0,0,medio_alto
1,10000.0,0,0.0,8,2,1,1,0,0,0,0,1,1,0,0,0,medio_baixo
2,0.0,0,0.0,9,2,1,0,0,0,0,1,0,0,1,0,0,gratuito
8,10000.0,59,0.9491525423728814,1,3,1,0,0,0,1,1,0,0,1,0,0,medio_baixo
5,0.0,0,0.0,3,4,1,0,1,0,1,0,1,0,1,0,0,gratuito
2,35000.0,20,0.7,18,4,1,0,0,0,0,1,1,1,0,0,0,gratuito
2,10000.0,8,0.625,1,2,1,0,0,0,0,0,0,1,0,1,0,baixo
2,10000.0,3,0.3333333333333333,2,4,1,0,0,0,1,1,1,0,1,0,0,medio_alto
4,75000.0,2,0.5,2,1,1,0,1,0,1,0,0,0,0,0,0,medio_baixo
1,10000.0,0,0.0,15,3,1,0,0,0,1,0,0,0,1,0,1,medio_alto
1,10000.0,0,0.0,3,1,1,1,1,0,0,0,0,1,0,0,0,alto
1,0.0,0,0.0,0,0,1,0,0,0,0,0,0,0,0,0,0,gratuito
2,10000.0,0,0.0,4,3,1,1,0,0,1,1,1,0,0,0,0,baixo
7,10000.0,21,0.7142857142857143,103,5,1,0,0,0,1,0,1,1,0,1,1,baixo
8,10000.0,44,0.3409090909090909,2,3,1,0,0,0,1,0,0,0,0,1,1,medio_alto
11,35000.0,54,0.5740740740740741,1,4,1,0,0,0,1,1,0,1,0,1,0,medio_baixo
9,10000.0,182,0.6208791208791209,1,4,1,0,0,0,1,0,1,1,0,0,1,medio_baixo
11,10000.0,46,0.6521739130434783,1,4,1,0,0,0,0,0,0,1,0,1,1,baixo
5,0.0,0,0.0,1,4,1,0,0,0,0,1,1,0,1,0,0,gratuito
3,0.0,0,0.0,1,7,1,0,0,0,0,0,1,1,1,1,1,gratuito
3,10000.0,9,0.6666666666666666,1,3,1,0,1,0,1,1,0,1,0,0,0,baixo
8,10000.0,103,0.883495145631068,6,3,1,0,0,0,0,0,0,0,0,0,1,alto
2,0.0,0,0.0,0,0,1,0,0,0,0,0,0,0,0,0,0,gratuito
7,10000.0,91,0.8791208791208791,15,3,1,1,1,1,1,1,1,0,0,0,0,baixo
7,10000.0,0,0.0,5,1,1,0,0,0,0,0,1,0,0,0,0,gratuito
2,10000.0,22,0.4090909090909091,3,3,1,1,0,0,1,0,0,0,0,1,1,medio_alto
8,10000.0,8,1.0,1,4,1,0,0,0,1,1,0,1,0,0,0,baixo
12,750000.0,6771,0.8224782159208389,12,2,1,1,1,8,0,0,0,1,0,0,1,medio_alto
6,35000.0,1334,0.8305847076461769,14,1,1,0,0,1,1,0,0,0,0,0,0,alto
12,75000.0,684,0.7485380116959064,1,2,1,0,0,0,1,0,1,0,0,0,0,baixo
1,10000.0,285,0.9649122807017544,1,2,1,1,0,0,1,0,0,1,0,0,0,alto
9,75000.0,129,0.689922480620155,1,3,1,0,0,0,0,0,1,0,0,0,1,gratuito
2,10000.0,4,0.75,1,3,1,0,0,1,1,0,0,0,1,0,0,gratuito
5,10000.0,0,0.0,12,5,1,1,1,0,1,0,1,1,1,0,0,gratuito
2,10000.0,2,0.5,2,3,1,0,0,0,1,1,1,0,0,0,0,baixo
1,10000.0,0,0.0,28,4,1,0,0,0,1,0,0,1,1,1,0,baixo
8,0.0,0,0.0,0,0,1,0,0,0,0,0,0,0,0,0,0,gratuito
4,0.0,0,0.0,0,0,1,0,0,0,0,0,0,0,0,0,0,gratuito
7,10000.0,14,0.7142857142857143,2,4,1,0,0,0,1,0,0,1,1,1,0,baixo
1,10000.0,0,0.0,10,3,1,0,0,0,1,0,1,1,0,0,0,medio_alto
2,10000.0,60,0.6833333333333333,1,1,1,0,1,0,0,0,0,1,0,0,0,baixo
6,10000.0,1,1.0,1,2,1,0,0,0,1,1,0,0,0,0,0,medio_alto
1,10000.0,12,1.0,12,2,1,0,1,0,1,1,0,0,0,0,0,medio_baixo
8,10000.0,17,0.35294117647058826,1,4,1,0,0,0,1,1,1,0,0,0,1,gratuito
5,10000.0,0,0.0,1,2,1,0,0,1,1,0,0,1,0,0,0,baixo
4,0.0,0,0.0,1,4,1,0,0,0,0,0,1,0,1,0,0,gratuito
1,0.0,0,0.0,1,2,1,0,0,1,0,0,0,1,0,0,0,gratuito
1,10000.0,0,0.0,2,1,1,0,0,0,1,0,0,0,0,0,0,medio_baixo
7,35000.0,534,0.9119850187265918,1,4,1,1,0,0,1,0,0,1,1,0,1,medio_alto
6,10000.0,0,0.0,6,1,1,1,1,0,0,0,0,1,0,0,0,medio_baixo
5,10000.0,11,0.9090909090909091,1,3,1,0,0,0,1,0,1,1,0,0,0,medio_baixo
8,10000.0,15557,0.7114482226650383,12,2,1,1,1,0,0,1,1,0,0,0,0,medio_alto
1,0.0,0,0.0,5,3,1,0,0,0,1,0,0,1,1,0,0,alto
1,3500000.0,52558,0.8051295711404544,9,1,1,0,0,1,0,0,0,0,1,0,0,alto
2,10000.0,10,1.0,8,2,1,0,0,0,1,0,0,1,0,0,0,medio_baixo
10,10000.0,3,0.3333333333333333,1,1,1,0,0,0,0,0,0,0,0,0,1,medio_baixo
11,10000.0,15,0.8666666666666667,1,4,1,0,0,0,1,1,0,1,0,0,0,alto
9,10000.0,120,0.5666666666666667,1,5,1,0,0,0,1,1,0,1,0,1,1,baixo
1,0.0,0,0.0,1,7,1,0,0,0,1,1,1,1,0,0,1,alto
2,0.0,0,0.0,1,6,1,0,0,0,1,1,0,1,0,1,0,gratuito
7,10000.0,27,0.5185185185185185,7,2,1,0,0,0,0,0,0,0,0,0,1,alto
6,10000.0,6,0.8333333333333334,1,3,1,1,0,0,1,0,0,0,1,1,0,baixo
8,10000.0,3,0.3333333333333333,1,4,1,0,0,0,1,1,1,0,0,0,1,medio_alto
2,10000.0,11,1.0,6,3,1,1,0,0,1,0,0,1,0,1,0,alto
4,35000.0,35,0.42857142857142855,8,2,1,1,1,0,1,1,0,0,0,0,0,baixo
3,10000.0,4,0.0,1,4,1,0,0,0,1,1,0,0,1,0,0,alto
2,10000.0,1,1.0,1,3,1,0,0,0,1,1,0,0,0,0,0,medio_alto
9,10000.0,24,0.875,1,1,1,0,1,0,1,0,0,0,0,0,0,medio_baixo
1,35000.0,5,1.0,2,4,1,0,0,0,1,1,0,0,1,0,0,medio_baixo
7,10000.0,5,0.6,1,2,1,0,0,0,1,0,0,0,0,0,0,medio_alto
3,10000.0,10,0.8,1,3,1,0,0,0,1,1,0,0,1,0,0,medio_baixo
5,750000.0,47072,0.7237848402447314,10,3,1,0,0,18,0,1,1,0,0,0,1,medio_baixo
5,10000.0,0,0.0,3,2,1,0,0,0,0,0,0,1,0,0,1,medio_baixo
5,10000.0,50,0.88,3,2,1,0,0,0,0,1,0,0,0,0,0,medio_alto
3,10000.0,0,0.0,2,2,1,0,0,0,1,0,0,1,0,0,0,medio_baixo
3,10000.0,13,1.0,1,2,1,0,0,0,1,1,0,0,0,0,0,baixo
1,10000.0,3,1.0,2,6,1,0,0,0,1,1,0,1,1,1,1,alto
1,0.0,0,0.0,1,3,1,0,0,0,1,0,1,0,0,0,0,gratuito
8,150000.0,133,0.42857142857142855,1,3,1,0,0,0,1,1,1,0,0,0,0,baixo
6,10000.0,92,0.8586956521739131,2,2,1,1,0,0,0,0,1,0,0,0,0,gratuito
9,10000.0,9,0.4444444444444444,1,6,1,0,0,0,1,1,0,0,0,0,0,baixo
16,75000.0,249,0.40963855421686746,1,2,1,1,0,0,1,1,0,0,0,0,0,baixo
9,10000.0,1,1.0,2,2,1,0,0,0,0,0,0,1,0,0,0,alto
7,150000.0,588,0.5918367346938775,3,5,1,1,0,0,1,0,0,1,0,1,0,gratuito
4,10000.0,9,0.5555555555555556,1,3,1,0,0,0,1,0,1,1,0,0,0,baixo
11,35000.0,104,0.7019230769230769,1,2,1,1,1,0,1,0,1,0,0,0,0,alto
5,10000.0,9,0.5555555555555556,3,4,1,0,0,0,1,0,1,0,1,0,0,alto
3,10000.0,2,1.0,1,7,1,0,0,0,1,0,1,1,1,1,1,medio_baixo
7,10000.0,12,0.08333333333333333,1,4,1,0,0,0,1,1,1,0,1,0,0,alto
1,10000.0,0,0.0,1,6,1,0,0,0,1,1,1,0,1,1,0,gratuito
2,10000.0,1,0.0,1,1,1,0,0,0,1,0,0,0,0,0,0,alto
3,10000.0,37,0.5675675675675675,1,2,1,0,0,0,0,0,1,0,0,0,1,baixo
9,10000.0,4,0.5,1,1,1,0,0,0,0,0,0,0,0,0,0,alto
2,10000.0,33,0.9090909090909091,1,3,1,0,0,0,1,1,1,0,0,0,0,alto
5,10000.0,18,0.6666666666666666,103,2,1,0,0,0,1,0,0,0,0,0,1,baixo
8,10000.0,20,0.05,1,1,1,0,0,0,0,0,0,1,0,0,0,alto
8,150000.0,602,0.7541528239202658,13,1,1,0,0,0,0,0,0,0,0,0,1,medio_baixo
6,35000.0,26,0.8461538461538461,29,4,1,0,0,1,1,1,0,1,0,1,0,baixo
1,0.0,0,0.0,0,0,1,0,0,0,0,0,0,0,0,0,0,gratuito
10,75000.0,207,0.7294685990338164,4,1,1,0,0,0,0,0,0,1,0,0,0,medio_alto
2,10000.0,114,0.6842105263157895,1,3,1,1,0,0,0,0,0,0,0,1,1,alto
2,10000.0,129,0.7209302325581395,17,4,1,0,0,0,1,0,0,1,0,0,1,medio_alto
14,10000.0,78,0.2564102564102564,2,2,1,0,0,0,0,0,0,0,0,1,0,gratuito
5,0.0,0,0.0,9,3,1,0,0,0,1,0,0,0,0,1,0,gratuito
2,10000.0,2,1.0,1,3,1,0,0,0,0,1,1,0,0,0,0,medio_alto
7,10000.0,7,0.7142857142857143,1,1,1,0,0,0,1,0,0,0,0,0,0,gratuito
1,10000.0,0,0.0,6,2,1,0,0,1,1,0,0,0,0,0,0,alto
1,10000.0,0,0.0,10,5,1,0,1,0,1,1,1,1,0,0,1,medio_alto
2,10000.0,11,0.9090909090909091,1,3,1,0,0,0,1,1,0,0,0,0,0,medio_baixo
9,10000.0,102,0.6372549019607843,1,1,1,0,0,0,0,1,0,0,0,0,0,medio_baixo
3,10000.0,40,0.95,3,2,1,0,0,0,0,0,0,1,0,0,1,alto
5,10000.0,37,0.8108108108108109,3,5,1,0,0,1,1,0,1,1,1,0,1,alto
2,10000.0,1,1.0,1,1,1,0,0,0,0,0,0,1,0,0,0,baixo
6,10000.0,0,0.0,1,2,1,0,0,0,1,1,0,0,0,0,0,medio_alto
1,0.0,0,0.0,0,0,1,0,0,0,0,0,0,0,0,0,0,gratuito
1,35000.0,8,0.875,2,3,1,0,0,0,1,0,1,0,1,0,0,medio_alto
7,10000.0,40,0.85,3,6,1,0,0,0,1,1,1,1,1,0,1,baixo
1,10000.0,21,0.9047619047619048,1,1,1,0,0,0,0,0,0,0,0,1,0,medio_baixo
10,10000.0,16,0.625,9,3,1,0,0,1,1,1,1,0,0,0,0,medio_baixo
1,10000.0,13,0.6153846153846154,1,3,1,1,0,0,1,1,1,0,0,0,0,medio_baixo
4,10000.0,54,0.9259259259259259,3,2,1,1,1,3,1,0,0,0,1,0,0,medio_alto
7,10000.0,1,1.0,1,5,1,0,0,0,1,1,1,1,0,1,0,medio_alto
9,75000.0,1105,0.6190045248868778,8,4,1,1,1,5,1,1,1,0,1,0,0,medio_baixo
2,10000.0,23,0.6521739130434783,1,6,1,0,0,0,0,1,1,1,0,0,1,baixo
4,10000.0,4,0.25,2,1,1,0,0,0,0,1,0,0,0,0,0,medio_baixo
3,10000.0,1,0.0,1,1,1,0,0,0,0,1,0,0,0,0,0,baixo
7,10000.0,0,0.0,1,4,1,0,0,0,1,0,0,0,1,0,0,gratuito
10,10000.0,23,0.8260869565217391,2,6,1,0,0,0,1,1,1,1,1,0,1,baixo
1,10000.0,1,1.0,1,2,1,0,0,0,1,0,0,1,0,0,0,baixo
2,0.0,0,0.0,1,3,1,0,0,0,0,1,1,0,0,0,0,gratuito
2,0.0,0,0.0,103,2,1,0,0,0,1,0,0,1,0,0,0,baixo
3,10000.0,64,0.4375,1,5,1,0,0,0,1,1,1,0,0,0,1,medio_baixo
2,0.0,0,0.0,1,5,1,1,1,0,0,0,0,0,0,0,0,gratuito
2,10000.0,0,0.0,7,3,1,0,1,4,1,0,1,1,0,0,0,alto
7,10000.0,9,0.7777777777777778,2,3,1,1,1,0,1,0,0,0,0,1,1,medio_baixo
4,35000.0,87,0.7011494252873564,3,3,1,0,0,1,1,0,0,0,1,1,0,alto
6,350000.0,5287,0.9676565159825988,1,2,1,1,1,2,1,0,1,0,0,0,0,medio_alto
10,75000.0,440,0.8295454545454546,14,3,1,0,0,1,1,0,0,0,0,1,1,alto
1,10000.0,0,0.0,5,4,1,0,0,0,0,0,1,1,0,1,0,baixo
8,35000.0,6,0.3333333333333333,1,4,1,0,0,0,1,0,0,1,0,1,1,baixo
1,10000.0,0,0.0,1,1,1,0,0,0,0,0,0,1,0,0,0,medio_baixo
2,0.0,0,0.0,0,0,1,0,0,0,0,0,0,0,0,0,0,gratuito
1,0.0,0,0.0,103,3,1,0,0,0,1,0,0,1,1,0,0,baixo
1,0.0,0,0.0,0,0,1,0,0,0,0,0,0,0,0,0,0,gratuito
2,10000.0,159,0.7421383647798742,3,3,1,0,0,0,0,0,0,1,1,0,1,medio_baixo
6,10000.0,18,0.5,1,8,1,0,0,0,1,1,1,1,1,1,1,alto
1,10000.0,6,1.0,7,5,1,0,0,0,1,1,1,0,0,0,1,baixo
1,10000.0,613,0.8613376835236541,4,2,1,0,1,0,1,1,0,0,0,0,0,alto
3,10000.0,8,1.0,1,2,1,0,0,0,1,0,0,0,0,0,0,medio_baixo
4,10000.0,296,0.8243243243243243,1,3,1,0,0,0,1,0,0,1,0,0,1,gratuito
9,10000.0,42,0.8333333333333334,1,3,1,0,0,0,1,1,0,0,0,0,1,medio_baixo
8,10000.0,10,1.0,1,4,1,0,0,0,1,1,1,0,1,0,0,medio_baixo
11,350000.0,3259,0.9214482970236268,3,2,1,0,0,13,0,0,0,0,1,1,0,medio_alto
2,10000.0,315,0.9365079365079365,9,1,1,1,1,2,0,0,1,0,0,0,0,medio_alto
7,10000.0,171,0.9181286549707602,1,3,1,1,0,0,0,0,1,1,1,0,0,alto
9,10000.0,545,0.9247706422018349,1,1,1,1,1,0,1,0,0,0,0,0,0,medio_alto
4,35000.0,22,0.7272727272727273,1,5,1,0,0,0,1,1,1,1,0,0,0,medio_alto
6,10000.0,5,1.0,1,1,1,0,0,0,1,0,0,0,0,0,0,baixo
2,10000.0,0,0.0,1,3,1,0,0,0,1,1,0,0,0,1,0,alto
7,10000.0,63,0.7936507936507936,103,1,1,0,0,3,0,1,0,0,0,0,0,baixo
4,0.0,0,0.0,0,0,1,0,0,0,0,0,0,0,0,0,0,gratuito
1,10000.0,41,0.926829268292683,6,3,1,1,1,4,0,0,0,0,0,1,1,alto
2,10000.0,5,0.8,1,3,1,0,0,0,0,0,1,0,1,1,0,alto
2,0.0,0,0.0,1,4,1,0,0,0,1,0,1,0,0,0,1,gratuito
1,0.0,0,0.0,103,2,1,0,0,0,1,0,0,1,0,0,0,medio_baixo
3,35000.0,13,1.0,1,2,1,0,0,0,0,1,0,0,0,0,0,medio_baixo
2,10000.0,3,0.6666666666666666,1,4,1,1,1,0,0,1,1,0,1,0,0,gratuito
6,10000.0,21,1.0,2,5,1,0,0,0,1,1,1,1,0,1,0,medio_baixo
10,35000.0,62,0.8387096774193549,1,3,1,0,0,0,1,0,0,1,0,0,1,baixo
6,750000.0,7437,0.9768723947828425,1,4,1,1,1,0,1,1,0,0,0,1,0,alto
5,10000.0,1,1.0,1,2,1,0,0,0,0,1,0,1,0,0,0,baixo
6,10000.0,3,0.0,2,1,1,0,0,0,0,0,0,0,0,1,0,medio_alto
6,10000.0,0,0.0,1,1,1,0,0,0,0,0,0,1,0,0,0,baixo
2,10000.0,3,1.0,1,4,1,1,1,0,1,1,1,0,1,0,0,medio_alto
2,10000.0,0,0.0,1,2,1,0,0,0,0,0,0,0,0,1,0,medio_alto
1,0.0,0,0.0,5,3,1,0,0,0,0,1,1,0,0,0,1,medio_baixo
4,0.0,0,0.0,1,2,1,0,0,0,0,1,0,0,0,0,0,gratuito
5,10000.0,6,0.8333333333333334,1,4,1,0,0,0,1,1,1,0,1,0,0,baixo
1,10000.0,0,0.0,18,2,1,0,0,0,1,0,0,1,0,0,0,baixo
9,350000.0,1512,0.8465608465608465,1,4,1,0,0,0,1,1,1,1,0,0,0,alto
5,35000.0,5,1.0,1,4,1,0,0,0,1,1,0,0,0,0,1,baixo
10,75000.0,93,0.3870967741935484,1,1,1,0,0,0,0,0,0,1,0,0,0,baixo
1,10000.0,4,1.0,3,4,1,0,0,1,1,1,1,0,1,0,0,alto
8,10000.0,3,0.6666666666666666,1,1,1,0,0,0,0,1,0,0,0,0,0,medio_baixo
5,35000.0,38,0.868421052631579,2,3,1,1,1,0,1,0,1,1,0,0,0,gratuito
1,10000.0,0,0.0,15,3,1,0,0,1,1,0,1,1,0,0,0,alto
2,10000.0,2,0.0,6,4,1,0,0,0,1,0,0,1,1,0,1,baixo
5,10000.0,38,1.0,2,2,1,0,0,0,1,1,0,0,0,0,0,alto
8,35000.0,35,0.7714285714285715,1,4,1,0,0,0,1,1,0,1,0,0,0,gratuito
4,10000.0,20,0.75,1,1,1,0,0,0,1,0,0,0,0,0,0,medio_baixo
10,75000.0,844,0.830568720379147,1,5,1,0,0,0,1,0,0,1,0,1,1,medio_alto
8,10000.0,35,0.7428571428571429,1,2,1,0,0,0,1,0,0,1,0,0,0,baixo
6,35000.0,6,1.0,1,2,1,0,0,0,0,0,1,0,1,0,0,medio_baixo
2,10000.0,87,0.9425287356321839,3,4,1,0,0,0,1,0,0,0,0,1,1,alto
8,35000.0,597,0.8576214405360134,3,3,1,1,1,1,1,0,1,1,0,0,0,baixo
2,10000.0,20,1.0,10,2,1,1,0,0,1,0,0,1,0,0,0,medio_baixo
3,10000.0,3,1.0,1,3,1,0,1,0,0,1,1,0,1,0,0,medio_alto
8,10000.0,32,0.78125,2,3,1,0,0,0,0,0,1,1,0,0,1,medio_baixo
9,10000.0,6,0.5,1,2,1,0,0,0,1,1,0,0,0,0,0,baixo
3,10000.0,170,0.6176470588235294,13,3,1,0,0,0,1,1,1,0,0,0,0,medio_baixo
13,75000.0,6712,0.9506853396901073,5,3,1,1,1,3,1,0,1,0,1,0,0,medio_baixo
3,75000.0,882,0.7448979591836735,11,3,1,0,0,2,0,0,0,0,0,0,1,medio_alto
5,10000.0,4,0.5,1,1,1,0,0,0,0,0,0,0,0,1,0,medio_alto
6,35000.0,20,0.85,2,2,1,0,0,0,1,0,0,1,0,0,0,baixo
4,10000.0,12,0.5833333333333334,20,3,1,1,0,0,0,0,0,1,0,0,1,medio_baixo
10,350000.0,3270,0.8868501529051988,6,2,1,0,0,1,1,0,1,0,0,0,0,alto
1,0.0,0,0.0,0,0,1,0,0,0,0,0,0,0,0,0,0,gratuito
5,10000.0,21,0.8571428571428571,1,3,1,0,0,0,0,0,1,0,1,1,0,gratuito
7,10000.0,2,0.5,1,3,1,0,0,0,0,0,0,1,0,1,1,baixo
2,350000.0,3232,0.8524133663366337,14,3,1,1,0,2,0,0,1,0,1,1,0,alto
1,10000.0,0,0.0,1,5,1,0,1,0,1,1,1,1,0,1,0,baixo
4,0.0,0,0.0,0,0,1,0,0,0,0,0,0,0,0,0,0,gratuito
1,0.0,0,0.0,0,0,1,0,0,0,0,0,0,0,0,0,0,gratuito
7,10000.0,8,0.125,1,4,1,0,0,0,1,1,1,0,0,0,0,baixo
10,35000.0,98,0.8979591836734694,1,3,1,0,0,0,1,0,1,1,0,0,0,baixo
11,35000.0,33,0.5757575757575758,1,3,1,0,0,0,1,0,1,1,0,0,0,medio_baixo
2,0.0,0,0.0,0,0,1,0,0,0,0,0,0,0,0,0,0,gratuito
2,35000.0,91,0.7032967032967034,1,3,1,0,0,0,1,0,0,1,0,0,0,gratuito
2,10000.0,6,0.8333333333333334,8,2,1,0,0,0,1,0,0,1,0,0,0,baixo
1,0.0,0,0.0,0,0,1,0,0,0,0,0,0,0,0,0,0,gratuito
5,10000.0,8,0.375,1,1,1,0,0,0,0,0,0,1,0,0,0,baixo
10,350000.0,2432,0.8717105263157895,8,2,1,0,0,0,0,0,0,0,0,1,1,medio_alto
6,35000.0,631,0.9445324881141046,10,4,1,0,0,1,1,0,1,1,0,0,1,medio_baixo
3,0.0,0,0.0,1,5,1,0,0,0,0,0,1,0,1,1,0,gratuito
3,0.0,0,0.0,0,0,1,0,0,0,0,0,0,0,0,0,0,gratuito
5,10000.0,6,0.8333333333333334,5,4,1,0,0,0,0,1,1,0,0,0,1,medio_baixo
6,10000.0,2,1.0,26,4,1,0,0,0,1,0,1,1,0,1,0,baixo
1,35000.0,9,0.8888888888888888,1,6,1,0,0,0,1,1,1,1,1,0,0,medio_alto
1,10000.0,0,0.0,14,2,1,0,0,0,0,0,1,0,1,0,0,alto
5,35000.0,12,1.0,3,2,1,0,0,1,1,0,0,1,0,0,0,medio_alto
4,10000.0,61,0.9180327868852459,1,3,1,1,1,0,1,0,1,0,0,1,0,medio_baixo
1,10000.0,0,0.0,12,3,1,1,1,0,0,1,1,0,1,0,0,baixo
3,0.0,0,0.0,1,1,1,0,0,0,0,0,0,0,0,0,0,gratuito
1,0.0,0,0.0,1,3,1,0,0,0,1,0,1,1,0,0,0,medio_alto
10,150000.0,458,0.7947598253275109,2,3,1,1,1,0,1,1,1,0,0,0,0,medio_alto
3,10000.0,0,0.0,3,2,1,0,0,0,1,0,0,1,0,0,0,alto
5,10000.0,0,0.0,13,5,1,0,0,0,1,0,0,1,1,0,1,medio_alto
3,0.0,0,0.0,0,0,1,0,0,0,0,0,0,0,0,0,0,gratuito
1,10000.0,0,0.0,1,3,1,0,0,0,1,0,0,1,0,0,0,gratuito
4,10000.0,34,0.5882352941176471,2,2,1,0,0,0,1,0,1,0,0,0,0,baixo
4,75000.0,514,0.5408560311284046,2,2,1,0,0,0,1,0,0,0,0,0,1,alto
6,10000.0,5,1.0,1,3,1,0,0,0,1,1,1,0,0,0,0,alto
1,10000.0,0,0.0,2,1,1,0,0,0,0,0,1,0,0,0,0,medio_alto
4,10000.0,17,0.7647058823529411,8,7,1,1,0,0,1,1,1,1,1,1,1,medio_alto
1,10000.0,0,0.0,13,1,1,0,0,0,0,1,0,0,0,0,0,alto
8,10000.0,39,0.7435897435897436,1,2,1,0,0,0,0,0,1,0,1,0,0,alto
1,0.0,0,0.0,0,0,1,0,0,0,0,0,0,0,0,0,0,gratuito
6,10000.0,73,0.5205479452054794,1,6,1,0,0,0,1,1,1,0,1,0,0,gratuito
4,10000.0,332,0.9608433734939759,1,3,1,0,0,0,1,0,1,1,0,0,0,baixo
2,10000.0,135,0.8,2,1,1,0,0,0,0,0,0,0,0,1,0,alto
7,10000.0,0,0.0,4,3,1,0,0,0,1,1,0,1,0,0,0,medio_alto
4,10000.0,51,0.9411764705882353,14,4,1,0,0,0,0,1,0,1,1,1,0,medio_baixo
8,10000.0,138,0.572463768115942,2,3,1,1,1,0,1,1,1,0,0,0,0,baixo
10,10000.0,30,0.7,1,5,1,0,0,0,1,1,0,0,0,0,1,medio_alto
3,35000.0,116,0.7844827586206896,1,4,1,0,0,0,1,1,1,0,0,0,0,gratuito
14,7500000.0,65444,0.8253774219179757,9,2,1,1,1,2,1,1,0,0,0,0,0,medio_alto
11,35000.0,241,0.7344398340248963,3,1,1,0,0,2,0,0,0,0,0,1,0,medio_alto
2,10000.0,5,1.0,1,2,1,0,0,0,1,0,1,0,0,0,0,gratuito
2,10000.0,1,1.0,3,3,1,0,0,0,1,0,1,1,0,0,0,alto
5,10000.0,43,0.9302325581395349,2,1,1,0,0,1,0,1,0,0,0,0,0,alto
4,10000.0,4,0.75,2,3,1,0,0,0,1,0,1,0,0,0,1,baixo
3,10000.0,5,0.2,1,2,1,0,0,0,1,0,0,1,0,0,0,medio_baixo
8,10000.0,15,0.9333333333333333,1,3,1,1,1,0,1,1,1,0,0,0,0,medio_baixo
8,35000.0,537,0.9385474860335196,1,2,1,1,0,1,1,0,0,0,1,0,0,alto
1,0.0,0,0.0,1,3,1,0,0,0,1,0,0,1,0,0,0,gratuito
7,35000.0,4,0.25,1,2,1,1,1,0,1,0,0,1,0,0,0,medio_baixo
5,10000.0,143,0.8951048951048951,14,3,1,0,0,0,1,1,1,0,0,0,0,gratuito
1,0.0,0,0.0,0,0,1,0,0,0,0,0,0,0,0,0,0,gratuito
4,10000.0,1,1.0,8,1,1,1,0,0,0,0,0,1,0,0,0,medio_baixo
2,35000.0,36,0.9722222222222222,3,3,1,0,0,1,1,1,1,0,0,0,0,medio_alto
3,0.0,0,0.0,0,0,1,0,0,0,0,0,0,0,0,0,0,gratuito
1,0.0,0,0.0,0,0,1,0,0,0,0,0,0,0,0,0,0,gratuito
6,350000.0,324,0.6388888888888888,15,4,1,0,0,3,1,1,0,1,0,0,0,gratuito
3,10000.0,10,0.7,26,1,1,0,1,0,0,0,0,1,0,0,0,baixo
10,10000.0,78,0.7564102564102564,1,3,1,0,0,0,1,0,1,0,0,0,0,gratuito
1,0.0,0,0.0,1,4,1,0,0,0,1,0,1,0,1,0,0,gratuito
2,0.0,0,0.0,103,1,1,0,0,0,0,0,0,0,0,0,1,baixo
9,3500000.0,16478,0.8471901929845855,12,2,1,0,1,1,0,1,0,0,0,0,0,gratuito
1,0.0,0,0.0,0,0,1,0,0,0,0,0,0,0,0,0,0,gratuito
4,10000.0,23,0.6521739130434783,15,4,1,0,0,1,1,0,0,1,0,1,1,medio_baixo
1,0.0,0,0.0,3,2,1,0,0,1,0,0,0,0,0,0,0,gratuito
5,10000.0,1,1.0,1,3,1,1,0,0,1,1,1,0,0,0,0,alto
9,10000.0,3,1.0,1,3,1,0,0,0,1,1,0,1,0,0,0,medio_baixo
7,10000.0,3,1.0,6,3,1,1,1,0,1,1,0,1,0,0,0,medio_baixo
2,10000.0,1,1.0,7,4,1,1,1,0,1,0,0,1,0,1,1,medio_alto
5,3500000.0,120871,0.8049325313764261,21,2,1,0,0,0,0,0,0,0,0,0,1,gratuito
4,10000.0,0,0.0,1,2,1,0,0,0,0,1,1,0,0,0,0,medio_alto
3,10000.0,16,0.9375,3,3,1,1,0,1,1,0,0,1,0,1,0,medio_baixo
3,0.0,0,0.0,0,0,1,0,0,0,0,0,0,0,0,0,0,gratuito
1,0.0,0,0.0,1,3,1,0,0,0,1,1,0,1,0,0,0,medio_alto
4,10000.0,34,0.8529411764705882,2,3,1,0,0,0,1,0,1,1,0,0,0,baixo
9,10000.0,52,0.9615384615384616,1,2,1,0,0,0,1,0,0,1,0,0,0,baixo
2,0.0,0,0.0,2,3,1,0,0,0,1,0,0,1,0,0,0,gratuito
4,10000.0,15,0.26666666666666666,1,2,1,0,0,0,1,0,0,0,0,0,0,baixo
3,10000.0,96,0.9479166666666666,1,2,1,0,0,0,1,0,0,1,0,0,0,baixo
2,0.0,0,0.0,0,0,1,0,0,0,0,0,0,0,0,0,0,gratuito
3,150000.0,1309,0.8708938120702827,14,2,1,0,0,2,1,0,1,0,0,0,0,medio_alto
4,0.0,0,0.0,0,0,1,0,0,0,0,0,0,0,0,0,0,gratuito
3,10000.0,0,0.0,1,1,1,0,0,0,0,0,0,1,0,0,0,baixo
9,10000.0,4,0.5,5,2,1,0,0,0,0,0,0,1,0,1,0,alto
2,10000.0,0,0.0,1,2,1,1,1,0,1,0,0,1,0,0,0,baixo
3,10000.0,1,1.0,1,4,1,0,0,0,1,1,1,0,1,0,0,medio_alto
1,0.0,0,0.0,1,1,1,0,0,0,0,0,0,0,0,0,0,medio_baixo
2,0.0,0,0.0,0,0,1,0,0,0,0,0,0,0,0,0,0,gratuito
2,75000000.0,1150098,0.9666306697342314,15,3,1,0,0,2,0,1,1,0,1,0,0,alto
10,10000.0,433,0.9145496535796767,6,2,1,0,0,0,0,1,1,0,0,0,0,alto
1,10000.0,0,0.0,1,5,1,0,0,0,1,0,0,1,1,1,0,baixo
2,10000.0,8,0.875,6,2,1,0,0,0,1,1,0,0,0,0,0,medio_baixo
7,10000.0,196,0.9693877551020408,2,2,1,0,0,0,0,1,0,0,0,0,0,gratuito
4,35000.0,3,0.6666666666666666,1,3,1,0,0,0,1,1,0,0,0,0,0,medio_alto
1,10000.0,0,0.0,12,5,1,0,0,0,1,1,1,1,0,0,1,baixo
2,10000.0,335,0.8746268656716418,26,2,1,0,0,1,1,0,0,0,1,0,0,medio_alto
5,10000.0,2,1.0,1,3,1,1,1,0,0,0,0,1,0,1,1,medio_alto
2,10000.0,68,0.9264705882352942,1,2,1,0,0,0,0,1,1,0,0,0,0,alto
1,10000.0,0,0.0,18,4,1,0,0,0,0,1,1,0,1,0,0,gratuito
1,0.0,0,0.0,1,5,1,0,0,0,1,1,1,1,0,0,0,gratuito
3,10000.0,199,0.6834170854271356,15,3,1,0,0,0,1,0,1,0,0,0,1,baixo
9,35000.0,242,0.9008264462809917,9,2,1,1,1,0,0,0,1,1,0,0,0,medio_alto
5,10000.0,5,0.2,4,1,1,0,0,0,0,0,0,1,0,0,0,alto
5,10000.0,13,0.5384615384615384,2,3,1,0,0,0,1,0,1,1,0,0,0,baixo
8,10000.0,84,0.5833333333333334,1,2,1,0,0,0,1,0,1,0,0,0,0,gratuito
8,10000.0,20,0.45,1,2,1,0,1,0,1,1,0,0,0,0,0,baixo
4,75000.0,1363,0.8422597212032281,15,1,1,0,0,3,0,0,1,0,0,0,0,medio_alto
5,10000.0,12,0.6666666666666666,18,3,1,0,0,0,1,0,0,1,0,0,1,medio_alto
10,10000.0,12,0.5833333333333334,1,1,1,0,0,0,0,0,0,1,0,0,0,medio_alto
8,75000.0,1354,0.7732644017725259,7,3,1,0,0,0,0,1,1,0,1,0,0,alto
7,10000.0,5,1.0,1,2,1,0,0,0,1,1,0,0,0,0,0,gratuito
5,0.0,0,0.0,1,3,1,0,0,0,1,1,0,0,0,0,0,gratuito
1,0.0,0,0.0,1,3,1,0,0,0,1,1,0,0,0,0,0,gratuito
5,0.0,0,0.0,2,5,1,0,0,0,1,1,1,1,0,0,0,gratuito
5,10000.0,23,0.6956521739130435,2,1,1,0,0,1,0,0,0,1,0,0,0,baixo
10,10000.0,36,0.8333333333333334,1,1,1,1,1,0,1,0,0,0,0,0,0,medio_alto
9,10000.0,72,0.6944444444444444,1,3,1,1,0,0,1,1,0,0,0,0,1,gratuito
1,10000.0,0,0.0,11,2,1,0,0,0,0,0,0,1,0,1,0,baixo
1,10000.0,0,0.0,1,5,1,0,0,0,1,1,1,1,0,0,1,medio_alto
5,10000.0,9,0.3333333333333333,1,1,1,0,0,0,0,0,0,0,0,1,0,alto
9,10000.0,43,0.5813953488372093,1,3,1,1,1,0,1,0,0,1,0,0,1,baixo
7,10000.0,26,0.9230769230769231,1,1,1,0,0,0,1,0,0,0,0,0,0,gratuito
1,0.0,0,0.0,2,3,1,0,0,0,1,0,1,0,0,0,0,gratuito
4,10000.0,40,0.725,2,2,1,0,0,0,1,0,1,0,0,0,0,medio_alto
5,10000.0,39,0.717948717948718,6,4,1,0,0,0,1,1,1,0,0,0,0,alto
8,10000.0,1,0.0,2,4,1,0,0,0,1,0,1,1,0,0,1,medio_alto
5,10000.0,85,0.9529411764705882,3,1,1,0,1,0,1,0,0,0,0,0,0,medio_baixo
2,10000.0,0,0.0,1,1,1,0,0,0,0,0,0,1,0,0,0,baixo
1,10000.0,159,0.8364779874213837,11,2,1,0,0,0,1,0,1,0,0,0,0,alto
9,10000.0,92,0.7717391304347826,1,3,1,0,0,0,0,1,1,0,0,0,0,gratuito
4,0.0,0,0.0,1,4,1,1,1,0,1,1,1,0,0,0,0,gratuito
3,10000.0,2,1.0,1,4,1,0,0,0,1,1,0,1,0,0,0,medio_alto
4,10000.0,0,0.0,11,4,1,0,0,0,1,1,0,0,1,0,1,baixo
2,10000.0,0,0.0,1,3,1,0,0,0,1,0,0,1,0,1,0,medio_baixo
6,10000.0,12,0.5,1,3,1,0,0,0,1,1,0,0,0,0,0,gratuito
2,0.0,0,0.0,103,3,1,0,0,0,0,1,1,0,0,0,1,baixo
3,10000.0,0,0.0,1,1,1,0,0,0,0,1,0,0,0,0,0,medio_baixo
8,10000.0,28,0.9285714285714286,1,2,1,0,0,0,1,0,0,1,0,0,0,gratuito
9,35000.0,12,0.4166666666666667,1,2,1,0,0,1,1,1,0,0,0,0,0,baixo
7,10000.0,61,0.9344262295081968,1,4,1,1,0,0,1,1,1,0,1,0,0,medio_baixo
2,10000.0,15,0.8,3,1,1,0,0,0,0,1,0,0,0,0,0,medio_alto
1,0.0,0,0.0,103,2,1,0,0,0,1,0,0,1,0,0,0,medio_baixo
2,10000.0,18,1.0,1,2,1,0,0,0,1,1,0,0,0,0,0,baixo
7,10000.0,24,0.4583333333333333,1,4,1,0,0,0,0,1,1,0,0,0,0,gratuito
5,10000.0,10,0.5,11,3,1,0,0,0,0,0,1,1,0,1,0,alto
9,10000.0,726,0.9201101928374655,5,4,1,1,1,1,0,0,1,1,1,0,1,medio_alto
3,10000.0,8,0.875,1,3,1,0,0,0,1,0,1,1,0,0,0,baixo
8,10000.0,8,0.75,1,2,1,0,0,0,0,1,0,1,0,0,0,medio_alto
6,35000.0,415,0.6963855421686747,2,1,1,0,0,1,0,0,0,0,1,0,0,alto
5,10000.0,1,1.0,1,2,1,0,0,0,1,0,0,0,0,0,1,medio_baixo
1,0.0,0,0.0,1,4,1,0,0,0,1,0,1,1,1,0,0,medio_baixo
9,10000.0,28,0.6428571428571429,1,3,1,0,0,0,1,0,0,0,0,0,0,medio_alto
1,0.0,0,0.0,0,0,1,0,0,0,0,0,0,0,0,0,0,gratuito
4,10000.0,14,1.0,1,2,1,0,0,0,1,1,0,0,0,0,0,medio_alto
3,10000.0,9,1.0,1,3,1,0,0,0,1,0,1,1,0,0,0,alto
8,10000.0,0,0.0,1,3,1,0,0,0,1,0,0,1,0,0,1,baixo
1,35000.0,190,0.8473684210526315,1,3,1,0,0,2,1,0,0,0,1,1,0,alto
5,10000.0,0,0.0,1,3,1,1,0,0,1,0,0,0,0,1,1,gratuito
5,35000.0,1,0.0,1,3,1,0,0,0,1,0,1,0,0,1,0,medio_alto
1,0.0,0,0.0,0,0,1,0,0,0,0,0,0,0,0,0,0,gratuito
1,0.0,0,0.0,1,3,1,0,0,0,1,0,0,1,0,1,0,medio_baixo
1,0.0,0,0.0,0,0,1,0,0,0,0,0,0,0,0,0,0,gratuito
1,10000.0,0,0.0,6,3,1,0,0,0,1,1,0,0,0,0,0,medio_alto
5,1500000.0,33890,0.9284449690174092,12,4,1,1,0,3,1,0,1,0,1,0,1,medio_baixo
1,0.0,0,0.0,1,1,1,1,0,0,0,0,0,0,0,1,0,medio_alto
1,10000.0,0,0.0,10,5,1,0,0,0,1,1,1,1,0,0,0,medio_alto
1,10000.0,0,0.0,1,4,1,1,0,0,1,0,1,1,0,0,0,gratuito
2,0.0,0,0.0,1,4,1,0,0,1,1,1,1,1,0,0,0,gratuito
5,10000.0,98,0.9693877551020408,1,3,1,1,1,0,1,0,0,1,0,0,0,medio_alto
7,10000.0,4,1.0,1,2,1,0,0,0,1,0,1,0,0,0,0,medio_baixo
2,10000.0,1,1.0,10,2,1,0,0,0,0,0,0,1,0,1,0,medio_baixo
1,10000.0,2,1.0,14,4,1,0,1,0,1,1,0,1,0,1,0,medio_baixo
3,10000.0,0,0.0,11,5,1,1,0,0,1,1,0,1,0,1,0,gratuito
4,35000.0,2,0.0,1,2,1,0,0,0,1,0,0,0,1,0,0,medio_alto
7,10000.0,1,0.0,4,2,1,0,0,0,1,0,1,0,0,0,0,baixo
9,10000.0,75,0.6933333333333334,3,2,1,0,0,0,0,1,0,0,0,1,0,baixo
1,0.0,0,0.0,0,0,1,0,0,0,0,0,0,0,0,0,0,gratuito
4,10000.0,1,1.0,1,4,1,0,0,0,1,0,1,1,0,1,0,medio_alto
2,35000.0,1606,0.950186799501868,16,3,1,0,0,1,1,1,1,0,0,0,0,alto
7,10000.0,18,0.9444444444444444,1,2,1,0,0,0,1,1,0,0,0,0,0,medio_baixo
9,10000.0,22,0.8636363636363636,2,2,1,1,0,0,1,1,0,0,0,0,0,medio_baixo
19,75000.0,85,0.5176470588235295,1,2,1,0,0,0,1,0,0,1,0,0,0,medio_alto
3,10000.0,4,0.75,2,3,1,0,0,0,1,1,0,0,0,0,0,alto
3,0.0,0,0.0,0,0,1,0,0,0,0,0,0,0,0,0,0,gratuito
2,350000.0,11395,0.7790258885476086,16,5,1,0,0,6,1,1,1,0,1,0,1,alto
3,35000.0,10,0.7,1,4,1,0,0,0,1,1,1,0,0,0,0,gratuito
8,10000.0,27,0.37037037037037035,20,6,1,1,1,0,1,1,1,1,0,0,1,alto
1,10000.0,9,0.8888888888888888,1,3,1,0,0,0,1,1,1,0,0,0,0,medio_baixo
3,10000.0,22,0.7272727272727273,4,2,1,0,0,0,1,1,0,0,0,0,0,medio_baixo
3,75000.0,1177,0.7799490229396772,26,5,1,1,1,1,1,1,0,0,1,1,1,medio_baixo
6,75000.0,429,0.7762237762237763,14,3,1,1,1,2,1,1,1,0,0,0,0,baixo
10,10000.0,7,0.5714285714285714,1,2,1,0,0,0,0,0,0,0,0,1,0,baixo
1,10000.0,11,1.0,2,2,1,0,0,0,0,1,1,0,0,0,0,alto
6,10000.0,4,0.25,3,1,1,0,0,0,0,0,1,0,0,0,0,alto
8,10000.0,63,0.9841269841269841,1,3,1,0,0,0,1,1,0,0,0,1,0,medio_alto
9,10000.0,17,0.8823529411764706,1,4,1,0,0,0,1,1,0,1,0,1,0,alto
3,150000.0,2884,0.9774618585298197,1,3,1,0,0,1,1,1,1,0,0,0,0,alto
5,10000.0,6,0.5,4,1,1,0,0,0,0,0,0,1,0,0,0,alto
3,0.0,0,0.0,0,0,1,0,0,0,0,0,0,0,0,0,0,gratuito
2,0.0,0,0.0,0,0,1,0,0,0,0,0,0,0,0,0,0,gratuito
4,10000.0,3,1.0,6,3,1,0,0,0,1,1,0,1,0,0,0,alto
1,0.0,0,0.0,0,0,1,0,0,0,0,0,0,0,0,0,0,gratuito
5,350000.0,1065,0.8967136150234741,1,2,1,1,1,0,1,0,0,0,0,1,0,alto
2,10000.0,3,0.6666666666666666,7,2,1,0,0,0,0,0,0,1,0,1,0,medio_baixo
4,75000.0,17,0.8235294117647058,1,3,1,0,0,0,1,0,0,1,0,1,0,baixo
9,75000.0,2151,0.7721989772198977,10,2,1,1,1,1,1,0,1,0,0,0,0,medio_baixo
7,35000.0,3,0.6666666666666666,1,1,1,0,0,1,1,0,0,0,0,0,0,alto
6,10000.0,37,1.0,2,3,1,0,0,0,1,0,0,1,0,0,0,gratuito
10,10000.0,30,0.5333333333333333,1,1,1,0,0,0,0,0,0,0,0,0,0,gratuito
9,10000.0,10,0.6,1,1,1,0,0,0,0,0,0,1,0,0,0,baixo
5,10000.0,0,0.0,1,2,1,1,1,0,1,0,0,1,0,0,0,medio_alto
3,150000.0,13,0.07692307692307693,11,2,1,0,0,0,1,1,0,0,0,0,0,alto
2,10000.0,14,0.9285714285714286,8,3,1,0,0,0,0,1,1,1,0,0,0,medio_baixo
1,0.0,0,0.0,1,2,1,0,0,0,1,0,0,0,0,0,1,alto
3,10000.0,10,0.5,1,4,1,0,0,1,1,1,1,0,0,0,0,gratuito
2,0.0,0,0.0,0,0,1,0,0,0,0,0,0,0,0,0,0,gratuito
4,10000.0,54,0.7407407407407407,5,1,1,0,0,0,0,0,0,0,0,0,0,alto
2,10000.0,29,0.9655172413793104,24,3,1,0,0,0,1,0,1,0,0,0,1,medio_alto
7,10000.0,68,0.7647058823529411,2,3,1,0,0,0,1,1,1,0,0,0,0,baixo
2,0.0,0,0.0,0,0,1,0,0,0,0,0,0,0,0,0,0,gratuito
1,10000.0,0,0.0,1,1,1,0,0,0,1,0,0,0,0,0,0,baixo
2,10000.0,1,1.0,1,4,1,0,1,0,1,0,0,0,1,0,1,alto
4,350000.0,6110,0.9065466448445172,9,1,1,0,0,0,0,0,0,1,0,0,0,medio_alto
4,10000.0,12,0.5833333333333334,1,2,1,0,0,0,0,1,0,0,0,0,0,medio_baixo
4,10000.0,53,0.6415094339622641,1,3,1,0,0,0,0,0,0,0,0,1,1,alto
1,0.0,0,0.0,1,3,1,0,0,0,1,0,0,1,0,0,1,alto
3,10000.0,240,0.7208333333333333,9,4,1,0,0,0,1,1,1,0,1,0,0,alto
1,10000.0,1,1.0,6,3,1,0,0,0,1,1,1,0,0,0,0,baixo
1,0.0,0,0.0,11,3,1,0,0,0,0,1,0,0,0,0,0,gratuito
7,10000.0,30,0.8333333333333334,6,2,1,1,1,0,1,0,0,1,0,0,0,medio_baixo
3,0.0,0,0.0,3,3,1,1,1,0,1,0,1,0,0,0,0,gratuito
4,10000.0,1,1.0,1,4,1,0,1,0,1,0,1,1,0,0,0,alto
7,1500000.0,16530,0.6203871748336358,3,2,1,0,0,0,0,1,0,0,0,0,0,gratuito
8,10000.0,21,0.5238095238095238,2,3,1,0,0,0,1,0,0,0,1,1,0,medio_alto
4,35000.0,83,0.9156626506024096,10,3,1,0,0,0,1,1,1,0,0,0,0,medio_alto
3,10000.0,6,0.8333333333333334,1,2,1,0,0,0,0,0,0,1,0,0,1,alto
5,0.0,0,0.0,0,0,1,0,0,0,0,0,0,0,0,0,0,gratuito
1,10000.0,1,1.0,1,1,1,0,0,0,0,0,1,0,0,0,0,medio_alto
1,10000.0,1,1.0,1,2,1,0,1,0,0,0,0,1,0,1,0,baixo
3,10000.0,248,0.8346774193548387,9,2,1,0,0,1,0,0,1,0,1,0,0,alto
7,10000.0,1,0.0,1,1,1,0,0,0,0,0,0,1,0,0,0,medio_baixo
3,0.0,0,0.0,2,2,1,0,0,0,0,0,1,0,0,0,0,gratuito
2,10000.0,25,0.56,1,4,0,1,0,0,1,1,1,0,0,0,0,gratuito
4,0.0,0,0.0,1,8,1,0,0,0,1,1,1,1,0,0,0,gratuito
4,10000.0,7,0.8571428571428571,4,3,1,0,0,1,1,0,1,1,0,0,0,medio_alto
1,0.0,0,0.0,0,0,1,0,0,0,0,0,0,0,0,0,0,gratuito
6,10000.0,29,0.9655172413793104,1,4,1,0,0,0,0,1,0,1,0,0,1,medio_alto
2,0.0,0,0.0,35,5,1,0,1,0,1,1,0,1,0,0,1,gratuito
4,0.0,0,0.0,0,0,1,0,0,0,0,0,0,0,0,0,0,gratuito
6,10000.0,3,0.6666666666666666,2,6,1,0,0,0,1,0,1,0,1,1,1,alto
6,10000.0,21,0.9523809523809523,3,3,1,0,0,0,0,0,1,1,0,1,0,medio_baixo
6,10000.0,0,0.0,3,1,1,1,1,0,0,0,0,1,0,0,0,medio_alto
3,10000.0,0,0.0,13,1,1,0,0,0,0,0,0,1,0,0,0,baixo
7,10000.0,0,0.0,2,6,0,0,1,0,1,1,1,1,0,1,1,gratuito
6,10000.0,19,0.631578947368421,1,5,1,0,0,0,1,1,1,1,0,0,1,medio_alto
9,10000.0,2,0.5,1,2,1,1,0,0,0,1,0,1,0,0,0,medio_alto
2,10000.0,2,0.5,1,2,1,0,0,3,1,0,0,1,0,0,0,medio_alto
2,0.0,0,0.0,103,1,1,0,0,0,1,0,0,0,0,0,0,medio_baixo
4,35000.0,2,1.0,3,2,1,0,0,0,1,0,1,0,0,0,0,medio_baixo
2,10000.0,3,1.0,1,3,1,0,0,0,1,1,0,0,0,1,0,medio_baixo
4,10000.0,0,0.0,5,5,1,0,0,0,0,0,1,1,1,0,0,gratuito
6,10000.0,1,1.0,103,4,1,0,0,0,1,1,1,1,0,0,0,baixo
6,10000.0,2,1.0,1,3,1,0,0,0,1,1,0,0,0,0,0,alto
10,10000.0,72,0.875,2,2,1,0,0,2,1,0,1,0,0,0,0,alto
8,10000.0,440,0.9431818181818182,1,4,1,0,0,1,1,0,1,1,0,0,1,baixo
1,0.0,0,0.0,1,2,1,0,0,0,0,1,0,0,0,0,0,gratuito
1,10000.0,3,1.0,1,3,1,0,0,0,1,0,0,1,0,0,0,gratuito
6,10000.0,73,0.9452054794520548,2,3,1,1,1,2,1,0,1,1,0,0,0,baixo
5,35000.0,4,1.0,1,3,1,0,0,0,1,0,0,0,1,1,0,medio_alto
5,35000.0,46,0.9347826086956522,4,2,1,1,1,1,1,0,1,0,0,0,0,alto
2,0.0,0,0.0,103,2,1,0,0,0,0,0,0,1,0,1,0,baixo
9,10000.0,1,0.0,2,2,1,0,0,0,0,1,0,0,0,0,0,alto
11,10000.0,24,1.0,7,3,1,0,0,0,1,1,0,1,0,0,0,baixo
3,10000.0,74,0.3783783783783784,1,2,1,1,0,0,0,0,0,0,0,0,1,alto
3,0.0,0,0.0,0,0,1,0,0,0,0,0,0,0,0,0,0,gratuito
6,35000.0,4,1.0,1,2,1,0,0,0,1,1,0,0,0,0,0,alto
7,350000.0,4041,0.7517941103687206,15,4,1,0,0,3,0,0,1,1,1,0,1,medio_alto
1,10000.0,0,0.0,6,2,1,0,0,0,0,0,0,0,1,1,0,alto
5,10000.0,0,0.0,1,3,1,0,0,0,1,1,0,1,0,0,0,medio_baixo
8,10000.0,33,0.7272727272727273,1,4,1,0,0,0,1,0,1,1,0,0,0,gratuito
10,10000.0,16,0.6875,1,3,1,0,0,0,1,0,0,0,0,1,1,alto
1,0.0,0,0.0,0,0,1,0,0,0,0,0,0,0,0,0,0,gratuito
5,750000.0,3860,0.8901554404145078,9,5,1,0,0,3,1,0,1,0,1,1,1,medio_alto
1,0.0,0,0.0,1,3,0,1,0,0,1,0,1,1,0,0,0,medio_alto
16,350000.0,366,0.7431693989071039,2,2,1,0,0,0,0,0,0,0,0,1,1,baixo
1,10000.0,0,0.0,9,2,1,0,0,0,1,0,0,1,0,0,0,medio_baixo
1,10000.0,391,0.9437340153452686,13,3,1,0,0,2,1,0,0,1,0,0,1,alto
1,0.0,0,0.0,0,0,1,0,0,0,0,0,0,0,0,0,0,gratuito
1,0.0,0,0.0,2,3,1,0,0,0,1,0,0,1,0,0,0,gratuito
1,10000.0,1,1.0,1,1,1,0,0,0,0,1,0,0,0,0,0,medio_baixo
3,10000.0,39,0.717948717948718,9,2,1,0,0,0,1,0,0,0,0,0,0,alto
3,10000.0,31,0.5161290322580645,1,3,1,0,0,0,1,1,0,0,0,1,0,medio_baixo
2,0.0,0,0.0,0,0,1,0,0,0,0,0,0,0,0,0,0,gratuito
6,10000.0,881,0.8581157775255391,8,1,1,1,0,0,0,0,1,0,0,0,0,medio_baixo
6,35000.0,18,0.8333333333333334,4,4,1,0,0,0,1,1,0,0,1,0,0,medio_alto
6,10000.0,150,0.7866666666666666,4,3,1,1,0,0,1,0,1,1,0,0,0,medio_baixo
7,10000.0,8,0.875,1,3,1,0,0,0,1,0,1,0,1,0,0,baixo
9,35000.0,232,0.7413793103448276,5,3,1,0,0,0,1,0,0,1,0,1,0,alto
6,10000.0,2,0.5,1,3,1,0,0,0,1,1,0,1,0,0,0,medio_baixo
5,10000.0,10,0.5,1,4,1,0,0,0,1,0,1,1,0,1,0,baixo
5,10000.0,33,0.8484848484848485,2,4,1,1,1,0,1,1,0,0,0,1,1,medio_baixo
2,0.0,0,0.0,103,2,1,0,0,0,1,0,1,0,0,0,0,medio_baixo
1,10000.0,49,0.6938775510204082,8,1,1,0,0,0,0,0,0,0,0,0,1,medio_baixo
8,350000.0,8261,0.8969858370657305,10,4,1,0,0,2,1,1,1,0,1,0,0,baixo
6,75000.0,3,0.0,7,4,1,0,0,0,1,1,1,1,0,0,0,baixo
4,10000.0,0,0.0,1,3,1,1,1,0,1,1,1,0,0,0,0,alto
1,0.0,0,0.0,6,5,1,0,0,0,1,0,0,1,1,1,0,alto
2,75000.0,625,0.8528,1,2,1,0,0,0,1,1,0,0,0,0,0,alto
9,10000.0,43,0.7674418604651163,1,1,1,0,0,0,0,0,0,0,0,1,0,medio_alto
2,10000.0,4,1.0,1,2,1,0,0,0,0,0,0,0,0,0,1,alto
2,350000.0,8027,0.7842282297246792,13,1,1,0,0,10,0,0,0,0,0,0,0,alto
10,75000.0,313,0.8753993610223643,1,4,1,0,0,0,1,0,0,1,0,0,1,gratuito
5,10000.0,3,1.0,1,2,1,0,0,0,1,1,0,0,0,0,0,baixo
1,10000.0,1,1.0,4,1,1,0,0,0,0,0,0,1,0,0,0,baixo
2,10000.0,3,1.0,7,2,1,0,0,0,1,0,0,1,0,0,0,baixo
2,0.0,0,0.0,0,0,1,0,0,0,0,0,0,0,0,0,0,gratuito
2,10000.0,538,0.7695167286245354,1,3,1,0,0,1,1,1,1,0,0,0,0,medio_alto
5,0.0,0,0.0,1,3,1,0,0,0,0,1,1,0,0,0,0,gratuito
8,10000.0,4,0.75,1,5,1,0,0,0,1,1,1,1,1,0,0,baixo
2,10000.0,0,0.0,10,1,1,0,0,0,0,0,0,0,0,0,1,baixo
4,10000.0,54,1.0,2,3,1,1,1,2,1,0,1,1,0,0,0,medio_baixo
1,10000.0,0,0.0,1,2,1,0,0,0,1,1,0,0,0,0,0,baixo
1,10000.0,26,0.9230769230769231,1,2,1,0,0,0,1,0,1,0,0,0,0,medio_baixo
12,10000.0,37,0.8648648648648649,5,3,1,1,0,0,1,0,1,1,0,0,0,baixo
9,35000.0,301,0.5780730897009967,7,2,1,0,0,0,1,0,1,0,0,0,0,medio_baixo
5,10000.0,2,0.0,6,2,1,0,0,0,1,0,1,0,0,0,0,baixo
1,10000.0,0,0.0,1,1,1,0,0,0,0,1,0,0,0,0,0,medio_alto
11,1500000.0,37317,0.8613232574965833,12,5,1,1,1,1,1,1,0,0,0,1,1,medio_alto
3,75000.0,862,0.6902552204176334,6,3,1,0,0,1,1,0,0,0,0,1,1,medio_alto
1,10000.0,0,0.0,4,1,1,0,0,0,0,0,1,0,0,0,0,alto
4,10000.0,10,0.9,5,2,1,0,0,0,1,0,0,1,0,0,0,gratuito
4,75000.0,3,0.3333333333333333,2,4,1,0,0,0,1,1,1,0,1,0,0,medio_alto
11,35000.0,292,0.8767123287671232,5,2,1,1,1,0,1,1,0,0,0,0,0,baixo
1,0.0,0,0.0,0,0,1,0,0,0,0,0,0,0,0,0,0,gratuito
1,10000.0,0,0.0,16,4,1,0,0,0,1,1,0,1,0,0,1,medio_alto
3,0.0,0,0.0,0,0,1,0,0,0,0,0,0,0,0,0,0,gratuito
11,35000.0,298,0.6778523489932886,5,2,1,0,0,0,1,0,1,0,0,0,0,baixo
3,10000.0,0,0.0,30,3,1,0,0,0,0,0,1,1,0,0,1,medio_baixo
1,10000.0,6,0.5,10,4,1,0,0,0,1,1,1,0,0,0,1,baixo
2,0.0,0,0.0,13,3,1,0,0,0,0,1,0,0,0,0,0,gratuito
9,10000.0,17,1.0,10,3,1,1,0,0,1,0,1,1,0,0,0,medio_baixo
8,150000.0,411,0.683698296836983,1,6,1,0,0,0,1,1,1,1,0,1,1,baixo
6,10000.0,17,0.35294117647058826,1,2,1,0,1,0,1,1,0,0,0,0,0,medio_baixo
12,3500000.0,61267,0.8425090179052345,18,2,1,0,0,5,0,1,1,0,0,0,0,medio_alto
2,0.0,0,0.0,0,0,1,0,0,0,0,0,0,0,0,0,0,gratuito
6,10000.0,330,0.2545454545454545,1,4,1,0,0,0,1,0,1,1,1,0,0,alto
3,10000.0,1,1.0,1,3,1,0,0,0,1,0,1,0,1,0,0,baixo
3,10000.0,155,0.6,6,1,1,0,0,1,0,0,0,0,0,0,0,alto
13,150000.0,1287,0.8679098679098679,2,2,1,1,1,0,1,0,1,0,0,0,0,medio_baixo
2,10000.0,3,1.0,1,1,1,0,0,0,1,0,0,0,0,0,0,medio_alto
1,10000.0,0,0.0,3,5,1,0,0,0,1,1,1,0,0,0,1,gratuito
4,10000.0,0,0.0,1,5,1,0,0,0,1,1,1,1,1,0,0,medio_baixo
4,10000.0,7,0.8571428571428571,7,2,1,0,0,0,1,1,0,0,0,0,0,medio_baixo
2,10000.0,32,0.90625,103,2,1,0,1,0,1,0,0,1,0,0,0,baixo
2,10000.0,19,0.7894736842105263,1,3,1,1,1,0,1,0,0,1,0,0,1,medio_baixo
10,10000.0,123,0.7317073170731707,10,3,1,0,0,3,1,0,0,1,0,0,0,alto
5,0.0,0,0.0,0,0,1,0,0,0,0,0,0,0,0,0,0,gratuito
2,35000.0,681,0.9823788546255506,6,2,1,1,1,1,1,0,0,1,0,0,0,alto
4,0.0,0,0.0,1,3,1,0,0,1,0,0,0,0,1,1,0,gratuito
7,10000.0,26,0.46153846153846156,2,4,1,0,0,0,1,0,1,0,0,1,1,medio_alto
8,10000.0,9,0.2222222222222222,1,3,1,0,0,0,1,0,1,0,1,0,0,baixo
7,35000.0,19,0.7368421052631579,1,3,1,0,0,0,1,0,0,0,0,1,0,gratuito
8,10000.0,0,0.0,2,2,1,0,0,0,1,0,0,0,0,0,0,medio_alto
1,0.0,0,0.0,0,0,1,0,0,0,0,0,0,0,0,0,0,gratuito
1,0.0,0,0.0,1,2,1,0,0,0,0,0,0,1,0,0,0,gratuito
4,10000.0,35,0.8,2,6,1,0,0,0,1,0,0,1,0,0,1,medio_alto
6,10000.0,38,0.5263157894736842,9,4,1,0,0,0,1,1,0,0,0,0,0,gratuito
7,10000.0,10,1.0,2,2,1,0,0,1,0,1,1,0,0,0,0,medio_baixo
3,10000.0,0,0.0,1,3,1,0,0,0,1,0,0,1,0,1,0,baixo
6,10000.0,21,0.8095238095238095,2,2,1,0,0,0,0,1,0,0,0,0,0,alto
1,10000.0,0,0.0,28,4,1,0,0,0,1,1,0,1,0,0,1,baixo
1,10000.0,5,0.8,6,3,1,0,0,0,1,0,1,1,0,0,0,medio_baixo
11,10000.0,27,0.37037037037037035,2,1,1,0,0,0,0,0,0,0,0,0,1,medio_alto
3,0.0,0,0.0,0,0,1,0,0,0,0,0,0,0,0,0,0,gratuito
11,10000.0,92,0.8369565217391305,2,2,1,0,0,1,0,0,1,1,0,0,0,alto
5,75000.0,536,0.8619402985074627,11,3,1,0,0,0,1,1,1,0,0,0,0,medio_baixo
2,10000.0,15,1.0,12,4,1,1,0,0,1,0,1,1,0,1,0,medio_alto
5,10000.0,88,0.7840909090909091,1,4,1,0,0,0,1,1,1,1,0,0,0,alto
6,350000.0,11,0.7272727272727273,1,1,1,0,0,0,0,0,0,1,0,0,0,gratuito
6,10000.0,2,1.0,1,5,1,0,0,0,1,1,1,1,1,0,0,medio_alto
5,10000.0,2,0.5,1,3,1,0,0,0,0,0,0,1,0,0,1,medio_baixo
6,10000.0,15,0.6,4,1,1,0,0,0,0,0,0,1,0,0,0,alto
5,0.0,0,0.0,1,4,1,0,0,0,1,0,1,0,1,0,0,gratuito
8,10000.0,37,0.2972972972972973,2,2,1,0,0,0,1,0,1,0,0,0,0,baixo
4,35000.0,12,0.9166666666666666,103,1,1,0,0,0,1,0,0,0,0,0,0,baixo
2,10000.0,3,1.0,1,5,1,0,0,0,1,0,1,0,0,1,1,medio_alto
10,0.0,0,0.0,0,0,1,0,0,0,0,0,0,0,0,0,0,gratuito
2,10000.0,64,1.0,2,1,1,1,1,0,0,0,0,0,0,0,1,medio_baixo
1,0.0,0,0.0,3,3,1,0,0,0,1,1,0,1,0,0,0,medio_baixo
7,10000.0,5,0.8,3,4,1,0,0,0,1,1,1,1,0,0,0,medio_baixo
4,10000.0,3,0.6666666666666666,1,2,1,0,0,0,1,0,0,0,1,0,0,medio_baixo
5,35000.0,11,0.8181818181818182,1,3,1,0,0,0,0,1,0,1,0,1,0,gratuito
7,35000.0,149,0.7651006711409396,1,3,1,0,0,0,1,1,0,0,0,0,0,gratuito
14,750000.0,2307,0.49588209796272215,7,2,1,0,0,0,0,1,1,0,0,0,0,medio_alto
10,150000.0,127,0.7637795275590551,1,3,1,1,1,0,1,1,0,1,0,0,0,gratuito
1,10000.0,2,1.0,1,2,1,0,0,0,1,0,1,0,0,0,0,baixo
9,10000.0,0,0.0,2,5,1,0,0,0,0,1,0,1,1,0,1,gratuito
4,10000.0,41,0.6585365853658537,1,5,1,0,0,0,1,0,1,0,1,1,0,medio_baixo
10,75000.0,746,0.9021447721179625,1,3,1,1,1,1,1,0,1,0,1,0,0,medio_alto
6,35000.0,11,0.7272727272727273,1,1,1,0,0,0,0,0,0,0,0,1,0,alto
7,10000.0,232,0.9267241379310345,1,1,1,1,0,1,0,0,0,0,1,0,0,alto
3,0.0,0,0.0,0,0,1,0,0,0,0,0,0,0,0,0,0,gratuito
4,10000.0,0,0.0,4,1,1,1,1,0,0,0,1,0,0,0,0,alto
1,10000.0,1,1.0,2,2,1,1,0,0,1,0,0,1,0,0,0,medio_alto
2,10000.0,0,0.0,1,1,1,0,0,0,1,0,0,0,0,0,0,alto
9,10000.0,21,1.0,1,2,1,0,0,0,0,0,1,1,0,0,0,medio_alto
1,0.0,0,0.0,103,6,1,0,0,0,0,1,1,1,0,1,1,baixo
1,10000.0,0,0.0,1,4,1,0,1,0,1,1,0,1,0,0,0,medio_baixo
2,0.0,0,0.0,1,3,1,0,0,0,1,0,1,0,0,1,0,gratuito
1,0.0,0,0.0,13,2,1,1,0,7,0,0,0,1,0,0,0,gratuito
2,0.0,0,0.0,1,2,1,0,1,0,1,0,0,0,0,0,0,gratuito
2,10000.0,6,0.5,12,3,1,0,0,0,1,0,1,0,0,0,1,medio_alto
2,0.0,0,0.0,0,0,1,0,0,0,0,0,0,0,0,0,0,gratuito
9,10000.0,4,0.5,1,1,1,1,1,0,1,0,0,0,0,0,0,medio_baixo
8,10000.0,33,0.3939393939393939,5,3,1,0,0,0,1,0,1,1,0,0,0,medio_alto
10,150000.0,242,0.71900826446281,1,2,1,0,0,0,0,0,1,0,0,0,0,alto
1,10000.0,0,0.0,18,4,1,0,0,1,1,1,0,1,0,0,1,alto
2,10000.0,2,1.0,1,1,1,0,0,0,0,1,0,0,0,0,0,medio_baixo
8,10000.0,30,0.6333333333333333,1,3,1,1,1,1,1,0,1,1,0,0,0,medio_alto
3,10000.0,6,1.0,1,5,1,1,0,0,1,1,0,0,0,0,1,medio_alto
7,10000.0,81,0.9382716049382716,11,3,1,0,0,0,1,1,0,1,0,0,0,medio_baixo
3,35000.0,6,0.6666666666666666,1,6,1,0,0,0,1,1,1,1,1,0,0,alto
3,0.0,0,0.0,0,0,1,0,0,0,0,0,0,0,0,0,0,gratuito
1,10000.0,13,1.0,1,2,1,0,0,0,1,1,0,0,0,0,0,medio_baixo
10,35000.0,66,0.8181818181818182,1,3,1,0,0,0,1,1,0,0,0,0,0,baixo
2,10000.0,6,1.0,4,3,1,0,0,0,1,0,0,1,0,0,1,medio_baixo
6,10000.0,1,0.0,1,2,1,0,0,0,0,0,0,0,0,0,0,medio_alto
4,0.0,0,0.0,2,5,1,1,0,0,1,1,1,0,0,1,0,gratuito
2,10000.0,4,1.0,2,2,1,0,0,0,1,0,1,0,0,0,0,medio_baixo
7,10000.0,13,0.6153846153846154,1,2,1,0,0,0,1,0,0,0,0,0,0,baixo
3,75000.0,32,0.875,1,2,1,1,1,0,1,1,0,0,0,0,0,medio_alto
10,35000.0,34,0.5882352941176471,1,1,1,0,0,0,0,0,0,0,0,1,0,alto
3,0.0,0,0.0,0,0,1,0,0,0,0,0,0,0,0,0,0,gratuito
6,10000.0,10,1.0,2,3,1,0,1,0,1,1,0,0,0,1,0,baixo
1,0.0,0,0.0,0,0,1,0,0,0,0,0,0,0,0,0,0,gratuito
2,10000.0,0,0.0,1,4,1,0,0,0,1,0,1,1,0,1,0,medio_baixo
7,10000.0,28,0.8571428571428571,7,4,1,0,0,0,1,1,0,1,0,1,0,medio_baixo
4,10000.0,1,0.0,1,4,1,0,0,0,1,0,1,1,0,1,0,baixo
2,10000.0,5,0.2,1,1,1,0,0,0,0,1,0,0,0,0,0,baixo
8,35000.0,318,0.8616352201257862,3,4,1,1,1,0,1,1,1,0,1,0,0,alto
5,0.0,0,0.0,0,0,1,0,0,0,0,0,0,0,0,0,0,gratuito
8,75000.0,274,0.9635036496350365,2,3,1,0,0,0,1,0,1,0,1,0,0,baixo
3,10000.0,0,0.0,103,4,1,0,0,0,1,0,1,1,0,0,1,baixo
1,10000.0,0,0.0,1,3,1,0,0,0,0,0,0,1,1,0,1,medio_baixo
14,150000.0,1134,0.7795414462081128,5,2,1,0,0,1,1,1,0,0,0,0,0,baixo
1,10000.0,0,0.0,1,4,1,0,0,0,0,1,0,1,0,1,0,gratuito
1,35000.0,805,0.901863354037267,12,4,1,0,0,1,1,1,1,1,0,0,0,alto
3,35000.0,366,0.6584699453551912,12,3,1,0,0,1,1,0,0,1,0,1,0,medio_alto
3,10000.0,17,0.29411764705882354,1,4,1,0,0,0,1,1,1,0,0,0,1,medio_baixo
6,10000.0,30,0.5,2,3,1,0,0,0,1,1,0,0,1,0,0,medio_baixo
3,10000.0,1,0.0,1,1,1,1,1,0,0,0,0,1,0,0,0,alto
7,10000.0,30,0.6,1,2,1,1,0,0,1,1,0,0,0,0,0,medio_alto
4,10000.0,4,0.0,1,2,1,0,0,0,0,0,0,0,0,0,1,alto
6,10000.0,4,1.0,2,2,1,0,0,0,1,0,1,0,0,0,0,medio_baixo
1,0.0,0,0.0,4,4,1,0,0,0,0,0,1,1,0,1,1,alto
2,0.0,0,0.0,0,0,1,0,0,0,0,0,0,0,0,0,0,gratuito
5,35000.0,137,0.781021897810219,12,4,1,0,0,0,1,0,1,1,0,0,0,gratuito
1,10000.0,0,0.0,10,2,1,0,0,0,1,0,0,1,0,0,0,medio_baixo
5,10000.0,60,0.85,1,1,1,0,0,0,0,0,0,0,0,0,0,gratuito
2,10000.0,0,0.0,1,4,1,0,0,0,1,1,1,0,0,0,0,alto
2,10000.0,1,1.0,1,2,1,0,0,0,0,1,0,0,0,0,0,medio_alto
9,10000.0,1,1.0,1,3,1,0,0,0,1,0,0,1,0,0,1,medio_alto
5,75000.0,20,0.95,2,3,1,0,0,0,1,0,1,0,0,0,1,medio_baixo
4,0.0,0,0.0,12,4,1,0,0,0,1,1,1,0,0,0,1,gratuito
1,10000.0,0,0.0,1,3,1,0,0,0,1,0,0,1,0,0,1,medio_alto
1,10000.0,5,1.0,7,6,1,0,0,0,1,1,0,1,1,1,0,alto
6,10000.0,113,0.8584070796460177,5,3,1,0,0,0,1,0,0,1,0,0,1,medio_baixo
9,10000.0,96,0.6354166666666666,3,6,1,0,0,0,1,1,1,1,0,0,0,alto
3,10000.0,6,0.8333333333333334,1,3,1,0,0,1,1,1,1,0,0,0,0,medio_alto
6,35000.0,44,0.6818181818181818,1,4,1,0,0,0,1,0,0,1,0,0,1,gratuito
9,10000.0,13,0.5384615384615384,1,4,1,0,0,0,0,1,0,1,0,1,0,gratuito
4,10000.0,4,0.25,1,3,1,0,0,0,1,0,1,0,0,0,0,medio_alto
2,10000.0,3,1.0,1,3,1,0,1,0,0,1,1,0,1,0,0,alto
5,10000.0,8,0.625,1,3,1,0,0,0,1,1,0,0,0,1,0,alto
8,10000.0,45,0.7333333333333333,2,3,1,1,0,0,1,0,1,0,1,0,0,alto
1,10000.0,0,0.0,3,1,1,0,0,0,0,0,0,0,0,1,0,medio_alto
2,10000.0,13,0.6923076923076923,1,1,1,1,0,0,1,0,0,0,0,0,0,medio_alto
1,10000.0,8,0.875,7,2,1,1,0,0,0,1,1,0,0,0,0,medio_baixo
4,10000.0,53,0.9622641509433962,1,1,1,0,0,0,0,0,0,1,0,0,0,alto
3,0.0,0,0.0,0,0,1,0,0,0,0,0,0,0,0,0,0,gratuito
1,0.0,0,0.0,0,0,1,0,0,0,0,0,0,0,0,0,0,gratuito
10,10000.0,39,0.5128205128205128,1,1,1,0,0,0,0,0,1,0,0,0,0,gratuito
3,10000.0,1,1.0,1,4,1,0,0,0,1,0,1,1,1,0,0,baixo
17,35000.0,159,0.9056603773584906,1,2,1,0,0,0,0,0,1,0,1,0,0,medio_alto
2,10000.0,2,0.0,1,1,1,0,0,0,1,0,0,0,0,0,0,alto
7,10000.0,19,0.6842105263157895,1,3,1,0,1,0,1,0,1,1,0,0,0,medio_alto
5,10000.0,11,0.8181818181818182,1,2,1,0,0,0,1,1,0,0,0,0,0,baixo
1,0.0,0,0.0,0,0,1,0,0,0,0,0,0,0,0,0,0,gratuito
12,350000.0,1745,0.7140401146131805,14,2,1,0,0,0,0,1,1,0,0,0,0,medio_alto
11,10000.0,136,0.6176470588235294,1,3,1,1,0,0,1,1,1,0,0,0,0,baixo
1,10000.0,0,0.0,4,1,1,0,0,0,0,0,0,0,0,1,0,medio_alto
5,0.0,0,0.0,13,2,1,0,0,0,1,0,0,0,0,0,1,gratuito
2,10000.0,83,0.5180722891566265,10,2,1,0,0,7,0,0,0,0,1,1,0,alto
1,0.0,0,0.0,0,0,1,0,0,0,0,0,0,0,0,0,0,gratuito
4,10000.0,2,1.0,1,1,1,0,0,0,0,1,0,0,0,0,0,medio_alto
3,10000.0,1,1.0,1,2,1,0,0,0,1,0,0,1,0,0,0,baixo
1,10000.0,0,0.0,5,1,1,0,0,0,0,0,1,0,0,0,0,alto
1,10000.0,0,0.0,1,2,1,0,0,0,0,1,0,0,0,0,1,alto
4,10000.0,11,0.9090909090909091,1,3,1,0,1,0,1,1,0,0,0,0,0,baixo
4,10000.0,0,0.0,1,3,1,0,0,0,0,0,1,1,0,0,0,gratuito
3,10000.0,7,1.0,2,2,1,0,0,0,1,1,0,0,0,0,0,medio_alto
9,75000.0,463,0.5961123110151187,1,3,1,0,0,1,1,0,0,1,0,0,0,gratuito
3,35000.0,3,0.3333333333333333,3,2,1,0,0,0,1,0,1,0,0,0,0,baixo
1,10000.0,0,0.0,1,4,1,1,1,1,1,1,1,0,0,0,0,alto
1,0.0,0,0.0,1,3,1,0,0,0,1,1,1,0,0,0,0,alto
3,0.0,0,0.0,0,0,1,0,0,0,0,0,0,0,0,0,0,gratuito
1,10000.0,0,0.0,1,3,1,0,0,0,1,0,1,0,0,0,1,baixo
5,35000.0,71,0.647887323943662,29,3,1,1,1,2,0,1,0,0,1,1,0,baixo
2,0.0,0,0.0,0,0,1,0,0,0,0,0,0,0,0,0,0,gratuito
10,10000.0,30,0.7666666666666667,1,2,1,0,0,0,1,1,0,0,0,0,0,alto
1,10000.0,40,0.875,3,2,1,0,1,0,0,0,0,0,0,0,1,alto
8,10000.0,23,0.9565217391304348,6,2,1,0,0,0,1,0,0,1,0,0,0,medio_baixo
4,10000.0,0,0.0,1,1,1,0,0,0,0,0,0,1,0,0,0,medio_baixo
4,0.0,0,0.0,0,0,1,0,0,0,0,0,0,0,0,0,0,gratuito
1,10000.0,0,0.0,1,4,1,0,0,0,1,0,0,1,0,0,1,alto
13,150000.0,1593,0.8907721280602636,8,3,1,0,0,2,1,1,0,0,0,1,0,medio_baixo
3,10000.0,0,0.0,1,4,1,0,0,0,1,1,1,1,0,0,0,medio_baixo
1,10000.0,0,0.0,1,1,1,0,0,0,0,0,0,0,0,1,0,medio_baixo
5,10000.0,17,0.7647058823529411,2,2,1,0,0,0,1,1,0,0,0,0,0,medio_alto
1,10000.0,0,0.0,2,1,1,0,0,0,0,0,1,0,0,0,0,alto
6,10000.0,30,0.8666666666666667,1,2,1,0,0,0,1,0,1,0,0,0,0,gratuito
3,0.0,0,0.0,2,2,1,0,0,0,0,1,0,0,0,0,0,gratuito
2,35000.0,5,0.6,2,4,1,0,0,0,1,1,0,0,0,0,0,baixo
8,10000.0,19,0.5263157894736842,1,4,1,0,0,0,1,1,0,0,0,0,0,gratuito
2,10000.0,9,0.4444444444444444,2,2,1,0,0,0,0,1,1,0,0,0,0,medio_baixo
1,0.0,0,0.0,1,4,1,0,0,0,1,1,0,1,0,0,0,gratuito
8,3500000.0,53814,0.8882446946891144,11,3,1,0,0,0,1,1,0,1,0,0,0,alto
3,10000.0,0,0.0,2,5,1,0,0,0,1,1,1,0,1,0,0,gratuito
14,750000.0,4541,0.8537767011671438,1,2,1,0,0,0,0,1,1,0,0,0,0,medio_baixo
8,10000.0,90,0.9444444444444444,7,3,1,1,0,0,1,0,0,1,0,0,1,baixo
1,10000.0,8,1.0,1,1,1,0,0,0,0,0,1,0,0,0,0,medio_alto
5,0.0,0,0.0,0,0,1,0,0,0,0,0,0,0,0,0,0,gratuito
6,10000.0,0,0.0,1,1,1,0,0,0,0,0,1,0,0,0,0,alto
3,10000.0,5,1.0,1,2,1,0,0,0,1,1,0,0,0,0,0,baixo
1,35000.0,478,0.9874476987447699,1,5,1,0,0,1,1,0,1,1,1,0,1,medio_alto
8,350000.0,1752,0.785958904109589,2,5,1,1,0,1,1,1,1,0,1,1,0,medio_alto
3,10000.0,18,1.0,4,3,1,0,0,0,1,0,1,1,0,0,0,medio_alto
10,150000.0,461,0.8915401301518439,4,3,1,0,0,0,1,1,0,0,0,0,0,alto
1,10000.0,0,0.0,1,4,1,0,0,0,1,1,0,0,0,0,0,gratuito
3,10000.0,27,0.7777777777777778,1,3,1,0,1,0,1,0,1,0,0,0,1,medio_baixo
9,35000.0,243,0.6748971193415638,1,5,1,0,1,1,1,1,1,1,0,0,1,medio_alto
4,10000.0,0,0.0,1,2,1,1,1,0,1,0,0,1,0,0,0,baixo
12,150000.0,2683,0.9467014535967201,9,3,1,1,1,0,1,0,0,1,0,1,0,baixo
3,0.0,0,0.0,103,4,1,0,0,0,1,0,0,1,1,0,1,medio_alto
1,0.0,0,0.0,0,0,1,0,0,0,0,0,0,0,0,0,0,gratuito
6,10000.0,9,0.2222222222222222,4,8,1,0,0,0,1,1,1,1,1,1,1,baixo
1,0.0,0,0.0,0,0,1,0,0,0,0,0,0,0,0,0,0,gratuito
2,0.0,0,0.0,0,0,1,0,0,0,0,0,0,0,0,0,0,gratuito
3,150000.0,4175,0.7525748502994012,13,4,1,0,0,3,0,1,0,0,0,1,1,alto
5,35000.0,223,0.726457399103139,1,2,1,0,0,0,1,1,0,0,0,0,0,baixo
5,0.0,0,0.0,1,2,1,1,0,0,1,0,0,1,0,0,0,gratuito
1,0.0,0,0.0,15,7,1,0,0,2,1,0,1,1,1,1,1,gratuito
5,10000.0,39,1.0,2,2,1,0,0,1,1,0,1,0,0,0,0,medio_baixo
4,10000.0,0,0.0,1,1,1,0,0,0,0,0,1,0,0,0,0,baixo
2,10000.0,1,1.0,1,3,1,0,0,0,1,1,1,0,0,0,0,baixo
10,35000.0,66,0.7121212121212122,1,4,1,0,0,0,1,1,1,1,0,0,0,baixo
7,35000.0,216,0.8888888888888888,3,2,1,0,0,0,0,1,1,0,0,0,0,medio_baixo
14,75000.0,162,0.6419753086419753,1,3,1,0,0,0,1,1,0,0,1,0,0,alto
7,10000.0,4,0.5,1,2,1,0,0,0,1,1,0,0,0,0,0,medio_alto
1,10000.0,2,1.0,1,4,1,0,0,0,1,1,1,1,0,0,0,medio_alto
6,10000.0,32,0.5,1,3,1,0,0,0,1,1,1,0,0,0,0,baixo
6,10000.0,9,0.8888888888888888,8,3,1,1,1,0,1,0,0,1,0,1,0,gratuito
4,10000.0,24,0.7083333333333334,1,2,1,0,0,0,1,0,0,1,0,0,0,baixo
5,10000.0,8,1.0,1,2,1,0,0,0,1,0,0,1,0,0,0,baixo
3,10000.0,6,0.8333333333333334,1,5,1,0,0,0,1,1,1,0,1,0,0,alto
18,750000.0,4355,0.8532721010332951,6,1,1,0,0,0,0,0,1,0,0,0,0,baixo
4,10000.0,0,0.0,2,2,1,0,1,0,1,0,0,1,0,0,0,baixo
8,10000.0,44,0.22727272727272727,1,2,1,0,0,1,1,0,0,1,0,0,0,baixo
9,10000.0,8,0.125,1,3,1,0,0,0,1,0,0,0,1,0,1,medio_alto
2,35000.0,775,0.5690322580645162,9,3,1,0,0,0,1,1,0,0,0,0,0,medio_alto
1,0.0,0,0.0,4,2,1,0,0,0,1,0,1,0,0,0,0,baixo
8,10000.0,32,0.8125,1,5,1,0,0,0,1,0,0,1,0,1,1,gratuito
3,0.0,0,0.0,0,0,1,0,0,0,0,0,0,0,0,0,0,gratuito
2,10000.0,3,0.6666666666666666,1,5,1,0,0,0,1,1,1,0,1,1,0,medio_baixo
7,10000.0,0,0.0,8,6,1,0,0,0,1,1,1,1,1,0,0,medio_alto
5,75000.0,2,1.0,3,4,1,0,0,1,1,1,0,1,1,0,0,medio_alto
4,10000.0,0,0.0,3,2,1,0,0,0,1,0,0,0,0,0,1,alto
7,10000.0,149,0.6644295302013423,17,3,1,1,1,1,1,0,1,1,0,0,0,medio_alto
7,10000.0,19,0.7894736842105263,4,1,1,0,0,0,0,0,0,1,0,0,0,medio_baixo
4,10000.0,13,0.9230769230769231,9,2,1,0,0,0,1,0,0,0,0,0,1,medio_baixo
8,10000.0,12,0.3333333333333333,1,4,1,0,0,0,1,1,0,1,0,0,1,baixo
6,35000.0,113,0.831858407079646,3,3,1,0,0,0,1,1,0,0,0,0,0,gratuito
9,10000.0,22,0.9545454545454546,1,2,1,0,0,0,0,0,1,1,0,0,0,medio_alto
2,10000.0,2,1.0,1,5,1,0,0,0,1,1,1,1,1,0,0,medio_baixo
4,0.0,0,0.0,1,4,1,0,0,0,1,1,1,0,0,0,0,gratuito
3,0.0,0,0.0,0,0,1,0,0,0,0,0,0,0,0,0,0,gratuito
8,150000.0,2392,0.9586120401337793,1,3,1,1,1,1,1,0,1,0,1,0,0,medio_alto
6,10000.0,11,0.18181818181818182,1,6,1,0,0,0,1,1,1,0,1,1,0,alto
10,10000.0,16,0.5,1,3,1,0,0,0,0,1,1,0,0,0,1,baixo
10,10000.0,175,0.92,2,1,1,0,0,0,0,0,1,0,0,0,0,alto
6,35000.0,20,0.75,1,2,1,0,0,0,1,1,0,0,0,0,0,medio_baixo
6,10000.0,5,0.6,1,2,1,0,0,0,1,1,0,0,0,0,0,gratuito
7,10000.0,0,0.0,5,1,1,1,1,0,0,0,0,1,0,0,0,medio_alto
9,10000.0,89,0.5730337078651685,5,4,1,0,0,0,0,0,0,0,1,1,0,gratuito
2,10000.0,0,0.0,25,2,1,0,0,0,1,0,0,1,0,0,0,baixo
1,10000.0,0,0.0,4,3,1,0,0,1,0,0,0,1,1,0,1,alto
2,10000.0,29,0.9655172413793104,8,2,1,1,0,1,1,0,0,0,0,1,0,medio_baixo
2,10000.0,80,0.675,1,5,1,1,1,0,1,0,0,1,1,1,1,medio_baixo
4,0.0,0,0.0,0,0,1,0,0,0,0,0,0,0,0,0,0,gratuito
1,0.0,0,0.0,2,3,1,0,0,0,1,1,0,0,0,0,0,medio_alto
3,0.0,0,0.0,1,1,1,0,0,0,0,0,1,0,0,0,0,gratuito
1,0.0,0,0.0,0,0,1,0,0,0,0,0,0,0,0,0,0,gratuito
4,10000.0,38,0.7105263157894737,1,5,1,0,0,0,1,1,1,1,0,1,0,alto
2,0.0,0,0.0,10,3,1,0,0,0,0,0,0,1,0,0,1,gratuito
3,10000.0,52,0.9615384615384616,1,3,1,0,0,0,1,0,1,1,0,0,0,medio_baixo
4,10000.0,0,0.0,1,1,1,0,0,0,0,0,1,0,0,0,0,baixo
3,350000.0,4864,0.8967927631578947,5,4,1,1,0,0,1,1,1,1,0,0,0,medio_baixo
4,10000.0,37,1.0,1,3,1,1,1,1,1,0,1,0,0,0,1,medio_baixo
8,350000.0,3643,0.881965413121054,2,4,1,0,0,0,1,1,0,1,0,0,0,baixo
5,10000.0,0,0.0,5,2,1,0,1,0,1,0,0,1,0,0,0,medio_alto
2,0.0,0,0.0,0,0,1,0,0,0,0,0,0,0,0,0,0,gratuito
1,75000.0,23,0.6521739130434783,9,4,1,0,0,0,1,0,1,0,0,0,1,baixo
5,10000.0,18,0.9444444444444444,1,2,1,0,0,1,1,0,0,1,0,0,0,baixo
3,10000.0,2,1.0,15,2,1,1,0,0,1,0,0,1,0,0,0,medio_alto
2,0.0,0,0.0,2,4,1,0,0,0,1,1,1,0,0,0,0,gratuito
9,10000.0,19,0.7894736842105263,1,3,1,0,0,0,0,0,0,0,0,0,0,gratuito
5,10000.0,470,0.8680851063829788,13,2,1,0,0,1,1,0,1,0,0,0,0,medio_alto
4,10000.0,20,1.0,1,3,1,0,0,0,0,1,1,0,0,0,0,medio_baixo
1,10000.0,0,0.0,1,2,1,0,0,0,1,0,0,1,0,0,0,baixo
12,150000.0,1337,0.7890800299177263,1,2,1,1,1,0,1,0,0,0,1,0,0,alto
5,0.0,0,0.0,0,0,1,0,0,0,0,0,0,0,0,0,0,gratuito
3,150000.0,28,0.7857142857142857,1,4,1,0,0,0,1,1,1,1,0,0,0,alto
1,150000.0,3415,0.6506588579795022,11,5,1,0,0,0,1,1,1,0,1,0,0,alto
2,10000.0,10,1.0,11,2,1,1,1,0,1,0,0,0,0,1,0,baixo
6,10000.0,41,0.4878048780487805,2,3,1,0,0,0,1,0,0,0,1,0,1,medio_baixo
5,0.0,0,0.0,0,0,1,0,0,0,0,0,0,0,0,0,0,gratuito
1,0.0,0,0.0,1,3,1,0,0,0,1,0,1,0,0,0,1,baixo
1,10000.0,0,0.0,1,1,1,0,0,0,0,1,0,0,0,0,0,medio_alto
1,10000.0,0,0.0,9,1,1,0,0,0,0,0,0,0,0,1,0,alto
8,10000.0,51,0.8431372549019608,1,3,1,0,0,0,1,0,1,1,0,0,0,baixo
4,10000.0,15,0.7333333333333333,103,1,1,0,0,0,0,0,1,0,0,0,0,baixo
5,10000.0,8,0.75,1,2,1,1,0,0,1,0,0,1,0,0,0,medio_baixo
1,10000.0,0,0.0,6,3,1,1,1,0,1,0,1,1,0,0,0,medio_alto
4,0.0,0,0.0,1,3,1,0,0,0,1,0,0,1,0,0,0,gratuito
2,10000.0,19,0.5263157894736842,2,4,1,0,0,0,1,1,1,1,0,0,0,alto
5,350000.0,1387,0.8118240807498197,12,3,1,0,0,2,1,0,0,1,0,0,0,medio_baixo
6,10000.0,18,0.7222222222222222,10,2,1,1,0,0,1,0,1,0,0,0,0,baixo
6,10000.0,21,0.7142857142857143,3,4,1,1,0,0,1,1,1,0,0,0,1,gratuito
1,0.0,0,0.0,0,0,1,0,0,0,0,0,0,0,0,0,0,gratuito
8,10000.0,6,0.5,1,4,1,0,0,0,1,1,0,1,0,0,0,baixo
11,10000.0,36,0.6111111111111112,1,5,1,1,0,0,1,0,0,1,1,1,0,alto
3,0.0,0,0.0,1,4,1,0,0,0,1,0,0,1,0,1,0,gratuito
7,10000.0,3,0.6666666666666666,1,3,1,1,1,0,1,1,0,1,0,0,0,baixo
1,10000.0,2,1.0,1,2,1,0,0,1,0,0,1,0,1,0,0,medio_baixo
2,10000.0,4,1.0,7,3,1,0,0,0,1,0,0,0,0,1,0,alto
6,10000.0,4,0.25,1,4,1,1,0,0,1,1,1,1,0,0,0,medio_baixo
1,0.0,0,0.0,1,1,1,0,0,0,1,0,0,0,0,0,0,baixo
2,10000.0,0,0.0,4,5,1,0,0,0,1,0,1,1,1,1,0,alto
2,35000.0,1,1.0,1,2,1,0,0,0,1,0,0,0,0,1,0,medio_alto
2,10000.0,9,0.7777777777777778,1,2,1,0,0,0,0,1,0,0,1,0,0,baixo
5,10000.0,4,0.0,1,3,1,0,0,0,1,1,1,0,0,0,0,medio_alto
2,10000.0,0,0.0,4,2,1,0,0,0,1,0,0,1,0,0,0,alto
4,10000.0,12,0.9166666666666666,103,2,1,0,0,0,1,0,0,1,0,0,0,baixo
4,10000.0,0,0.0,2,1,1,0,0,0,0,0,0,0,0,0,1,alto
1,35000.0,143,0.7342657342657343,12,3,1,0,0,0,1,0,0,1,0,0,1,medio_alto
7,10000.0,17,0.8823529411764706,2,5,1,0,0,0,1,1,1,1,1,0,0,medio_baixo
7,10000.0,1,1.0,1,2,1,0,0,0,1,1,0,0,0,0,0,baixo
4,10000.0,0,0.0,1,2,1,0,0,0,1,1,0,0,0,0,0,medio_baixo
4,0.0,0,0.0,3,4,1,0,0,0,1,0,0,0,1,1,0,gratuito
11,350000.0,1182,0.7876480541455161,10,2,1,1,1,0,1,0,0,1,0,0,0,medio_baixo
2,0.0,0,0.0,103,9,1,1,1,0,1,1,1,1,1,1,1,alto
1,10000.0,0,0.0,1,3,1,0,0,0,1,1,1,0,0,0,0,medio_baixo
2,75000.0,797,0.9422835633626098,7,1,1,0,0,0,0,1,0,0,0,0,0,medio_alto
3,10000.0,38,0.9736842105263158,1,3,1,0,0,0,1,0,1,0,1,0,0,baixo
7,10000.0,114,0.9122807017543859,2,1,1,0,0,0,0,0,1,0,0,0,0,alto
6,150000.0,796,0.6972361809045227,9,6,1,0,0,0,1,1,1,0,1,1,1,medio_baixo
5,0.0,0,0.0,0,0,1,0,0,0,0,0,0,0,0,0,0,gratuito
12,10000.0,56,0.14285714285714285,1,3,1,0,0,0,1,0,1,1,0,0,0,baixo
3,350000.0,138,0.8043478260869565,14,5,1,0,0,1,1,1,0,1,1,0,0,medio_alto
2,10000.0,20,0.95,6,2,1,1,1,0,1,0,0,1,0,0,0,medio_baixo
3,0.0,0,0.0,0,0,1,0,0,0,0,0,0,0,0,0,0,gratuito
1,10000.0,0,0.0,2,3,1,0,0,0,1,0,0,0,1,0,1,baixo
4,10000.0,23,0.8695652173913043,1,1,1,0,0,0,1,0,0,0,0,0,0,medio_alto
7,10000.0,11,0.6363636363636364,1,1,1,0,0,0,0,1,0,0,0,0,0,gratuito
2,10000.0,4,0.25,1,2,1,0,0,0,1,0,0,1,0,0,0,baixo
6,10000.0,36,1.0,3,2,1,0,0,1,1,0,1,0,0,0,0,medio_alto
6,150000.0,2586,0.9489559164733179,1,6,1,1,0,2,1,1,1,1,0,0,1,gratuito
3,10000.0,88,0.8522727272727273,1,3,1,0,0,0,1,1,0,1,0,0,0,medio_baixo
3,75000.0,9,0.8888888888888888,9,2,1,0,0,0,1,1,0,0,0,0,0,alto
11,35000.0,45,0.7111111111111111,7,2,1,0,0,0,1,1,0,0,0,0,0,baixo
8,10000.0,50,0.86,2,2,1,1,1,0,1,1,0,0,0,0,0,baixo
5,10000.0,3,1.0,1,2,1,0,0,0,0,1,0,0,0,0,1,medio_baixo
7,35000.0,139,0.9496402877697842,1,1,1,0,0,0,0,0,0,0,0,0,0,gratuito
12,10000.0,69,0.5652173913043478,8,1,1,0,0,0,0,0,0,1,0,0,0,medio_alto
3,0.0,0,0.0,0,0,1,0,0,0,0,0,0,0,0,0,0,gratuito
3,0.0,0,0.0,1,4,1,0,0,0,1,1,0,1,0,1,0,gratuito
4,10000.0,8,0.75,2,3,1,0,0,0,1,1,0,0,0,0,0,alto
6,150000.0,428,0.7873831775700935,2,3,1,0,0,1,1,1,0,1,0,0,0,baixo
10,350000.0,267,0.49063670411985016,1,2,1,0,0,0,1,0,0,1,0,0,0,baixo
6,75000.0,1244,0.9059485530546624,1,2,1,0,0,0,1,1,0,0,0,0,0,medio_alto
5,75000.0,229,0.8646288209606987,9,2,1,0,0,1,0,1,1,0,0,0,0,gratuito
9,10000.0,4,1.0,1,2,1,1,0,0,1,0,0,1,0,0,0,baixo
6,35000.0,561,0.9019607843137255,2,1,1,0,0,1,0,0,1,0,0,0,0,alto
5,10000.0,3,1.0,1,1,1,1,1,0,0,0,1,0,0,0,0,medio_baixo
8,10000.0,28,0.8928571428571429,1,3,1,0,0,0,1,0,1,0,1,0,0,gratuito
8,10000.0,5,0.8,1,1,1,0,0,0,0,0,0,1,0,0,0,medio_baixo
7,10000.0,22,0.9090909090909091,4,3,1,0,0,0,1,0,1,1,0,0,0,medio_baixo
6,10000.0,21,0.9523809523809523,2,5,1,0,1,0,1,1,1,1,0,0,1,baixo
4,0.0,0,0.0,0,0,1,0,0,0,0,0,0,0,0,0,0,gratuito
4,10000.0,7,0.8571428571428571,1,4,1,0,1,1,1,1,1,1,0,0,0,medio_baixo
11,10000.0,42,0.42857142857142855,4,3,1,0,0,0,1,1,0,1,0,0,0,medio_baixo
9,35000.0,263,0.6045627376425855,1,2,1,0,0,0,0,0,0,0,0,0,1,alto
2,10000.0,1,1.0,1,2,1,0,0,0,1,0,0,1,0,0,0,baixo
1,0.0,0,0.0,2,2,1,0,0,0,0,0,0,0,0,0,1,medio_baixo
1,0.0,0,0.0,0,0,1,0,0,0,0,0,0,0,0,0,0,gratuito
6,10000.0,4,0.75,1,2,1,0,0,0,1,0,0,1,0,0,0,medio_baixo
9,10000.0,6,1.0,1,4,1,0,0,0,1,1,0,1,0,1,0,medio_alto
6,750000.0,6537,0.8124521951965733,7,3,1,0,0,0,0,1,1,0,1,0,0,medio_baixo
6,10000.0,2,0.5,1,3,1,0,0,0,1,1,0,0,0,1,0,baixo
2,10000.0,36,0.9722222222222222,8,3,1,0,0,0,1,0,0,1,0,1,0,medio_alto
1,0.0,0,0.0,1,4,1,0,0,0,1,1,1,0,0,0,0,gratuito
14,35000.0,182,0.5439560439560439,5,3,1,0,0,0,0,1,1,0,0,0,0,medio_baixo
1,0.0,0,0.0,1,1,1,0,0,0,0,0,0,1,0,0,0,alto
4,10000.0,12,1.0,1,3,1,0,0,0,1,1,0,1,0,0,0,medio_baixo
11,10000.0,45,0.8222222222222222,2,3,1,0,0,0,1,1,0,1,0,0,0,medio_alto
2,10000.0,0,0.0,1,2,1,0,0,2,0,0,0,1,0,0,0,alto
4,0.0,0,0.0,1,3,1,0,0,0,0,0,1,0,0,0,1,gratuito
5,10000.0,16,0.875,7,4,1,0,0,0,1,1,1,0,0,0,1,baixo
4,10000.0,2,0.5,8,1,1,1,0,0,0,0,0,1,0,0,0,baixo
2,0.0,0,0.0,0,0,1,0,0,0,0,0,0,0,0,0,0,gratuito
7,10000.0,25,0.64,2,1,1,0,0,0,0,0,0,0,1,0,0,medio_alto
1,0.0,0,0.0,1,1,1,0,0,0,1,0,0,0,0,0,0,medio_baixo
1,10000.0,0,0.0,12,1,1,0,0,0,0,1,0,0,0,0,0,medio_baixo
3,10000.0,1,1.0,1,3,1,0,0,0,1,0,0,0,1,0,0,medio_baixo
9,10000.0,0,0.0,1,2,1,0,0,0,1,1,0,0,0,0,0,baixo
2,10000.0,5,0.6,1,1,1,0,0,0,0,1,0,0,0,0,0,baixo
9,10000.0,36,0.4722222222222222,1,4,1,0,0,0,1,0,1,1,0,0,1,baixo
3,0.0,0,0.0,0,0,1,0,0,0,0,0,0,0,0,0,0,gratuito
1,0.0,0,0.0,2,2,1,0,0,0,1,0,0,0,0,1,0,medio_baixo
4,0.0,0,0.0,30,1,1,0,1,1,0,0,1,0,0,0,0,gratuito
4,0.0,0,0.0,1,4,1,1,0,0,1,1,1,1,0,0,0,gratuito
6,10000.0,77,0.6103896103896104,2,6,1,0,0,0,1,1,1,1,1,0,1,medio_baixo
7,10000.0,16,0.625,1,2,1,0,0,0,1,0,0,0,0,0,1,alto
5,10000.0,19,0.7894736842105263,2,3,1,0,0,0,1,1,1,0,0,0,0,medio_alto
5,35000.0,4,0.5,1,6,1,0,0,0,1,1,1,0,1,1,0,baixo
1,10000.0,496,0.907258064516129,12,1,1,0,0,0,0,0,1,0,0,0,0,alto
1,0.0,0,0.0,1,4,1,0,0,0,1,1,1,0,0,0,0,gratuito
3,0.0,0,0.0,1,1,1,1,1,0,0,0,1,0,0,0,0,gratuito
4,35000.0,264,0.5,7,4,1,0,0,1,1,1,0,0,0,1,0,gratuito
7,10000.0,2,1.0,1,4,1,0,0,0,1,1,1,0,1,0,0,medio_alto
1,10000.0,0,0.0,6,3,1,0,0,0,1,1,0,0,0,0,0,medio_baixo
9,10000.0,13,0.46153846153846156,1,2,1,0,0,0,1,0,1,0,0,0,0,medio_baixo
2,0.0,0,0.0,1,2,1,0,0,0,0,0,0,1,0,0,0,gratuito
1,10000.0,0,0.0,1,3,1,0,0,0,1,0,1,0,1,0,0,medio_baixo
2,10000.0,0,0.0,2,1,1,0,0,0,0,1,0,0,0,0,0,medio_baixo
1,10000.0,0,0.0,10,2,1,0,0,0,0,1,1,0,0,0,0,alto
10,10000.0,16,0.75,1,2,1,1,1,0,0,0,0,0,0,1,1,alto
5,75000.0,1793,0.8220858895705522,9,2,1,0,0,0,0,0,1,0,1,0,0,alto
6,150000.0,871,0.7267508610792193,1,4,1,1,0,0,1,1,1,0,0,0,0,gratuito
4,10000.0,11,0.45454545454545453,2,4,1,0,0,0,1,0,0,1,0,1,1,medio_baixo
1,10000.0,0,0.0,1,4,1,0,0,1,1,0,1,0,1,1,0,alto
5,10000.0,1,1.0,1,3,1,1,0,0,1,0,1,1,0,0,0,alto
17,750000.0,13270,0.9605124340617935,4,1,1,1,0,0,0,1,0,0,0,0,0,medio_alto
1,10000.0,0,0.0,9,4,1,0,0,0,1,1,1,1,0,0,0,medio_baixo
3,10000.0,4,1.0,1,3,1,0,0,0,1,1,0,1,0,0,0,medio_baixo
4,150000.0,615,0.9284552845528455,2,4,1,0,0,0,1,0,1,0,1,1,0,medio_baixo
3,10000.0,2,0.0,1,2,1,0,0,0,0,1,0,1,0,0,0,baixo
6,35000.0,15,0.4,3,3,1,0,0,0,1,1,0,0,0,1,0,medio_baixo
10,10000.0,2,0.0,1,3,1,0,0,0,1,0,0,1,0,1,0,medio_alto
8,35000.0,130,0.8307692307692308,1,1,1,0,0,0,0,0,0,1,0,0,0,gratuito
1,10000.0,0,0.0,16,5,1,0,0,1,1,1,1,0,0,0,1,alto
8,150000.0,557,0.5870736086175943,18,3,1,0,0,0,0,1,0,0,0,0,0,gratuito
17,75000.0,640,0.9046875,1,1,1,0,0,0,0,1,0,0,0,0,0,medio_alto
5,10000.0,80,0.775,1,3,1,0,0,0,1,0,1,0,0,0,0,gratuito
4,35000.0,21,0.7142857142857143,1,3,1,0,0,0,1,1,0,1,0,0,0,gratuito
1,10000.0,0,0.0,1,3,1,0,0,0,0,0,0,1,0,1,1,medio_baixo
2,0.0,0,0.0,0,0,1,0,0,0,0,0,0,0,0,0,0,gratuito
8,150000.0,956,0.891213389121339,13,3,1,1,0,1,1,0,1,1,0,0,0,medio_baixo
8,10000.0,15,0.8,4,2,1,1,0,0,1,0,1,0,0,0,0,baixo
9,35000.0,98,0.4387755102040816,1,4,1,1,1,0,1,1,0,0,0,0,0,alto
6,75000.0,3875,0.9507096774193549,7,2,1,0,0,1,1,1,0,0,0,0,0,medio_baixo
6,10000.0,16,0.625,1,3,1,0,0,1,1,0,0,1,0,0,1,baixo
8,10000.0,43,0.9302325581395349,1,1,1,0,0,0,1,0,0,0,0,0,0,baixo
2,10000.0,22,0.9090909090909091,12,5,1,0,0,0,1,0,1,1,1,0,0,alto
6,0.0,0,0.0,0,0,1,0,0,0,0,0,0,0,0,0,0,gratuito
9,10000.0,111,0.8648648648648649,1,2,1,0,0,0,0,0,0,1,0,0,1,medio_alto
5,0.0,0,0.0,0,0,1,0,0,0,0,0,0,0,0,0,0,gratuito
2,35000.0,15,0.9333333333333333,1,3,1,0,0,0,1,0,1,0,1,0,0,medio_alto
3,10000.0,0,0.0,1,3,1,0,0,0,1,0,0,1,0,1,0,medio_baixo
12,150000.0,233,0.7424892703862661,6,1,1,0,0,0,0,0,0,0,0,1,0,baixo
3,10000.0,10,0.1,1,3,1,0,0,0,0,0,1,1,0,1,0,medio_alto
9,10000.0,3,0.6666666666666666,1,5,1,0,0,0,1,1,1,1,0,0,0,baixo
8,10000.0,86,0.5697674418604651,1,3,1,1,1,0,1,0,0,1,0,0,1,baixo
3,0.0,0,0.0,103,4,1,0,0,0,1,0,1,1,0,0,0,gratuito
4,10000.0,0,0.0,1,5,1,1,1,1,1,0,1,1,1,0,1,medio_baixo
1,10000.0,0,0.0,1,3,1,0,0,0,1,0,1,0,1,0,0,medio_alto
1,10000.0,0,0.0,1,2,1,0,0,0,1,0,0,1,0,0,0,alto
3,10000.0,1,0.0,1,4,1,0,0,0,0,1,0,1,0,1,1,baixo
20,350000.0,2153,0.8694844403158384,3,1,1,0,0,0,0,1,0,0,0,0,0,alto
4,10000.0,5,0.8,29,3,1,0,0,0,1,1,0,0,0,0,0,baixo
1,0.0,0,0.0,2,3,1,0,0,0,1,0,0,0,1,0,0,gratuito
4,10000.0,0,0.0,12,1,1,0,0,0,0,1,0,0,0,0,0,gratuito
2,0.0,0,0.0,1,6,1,0,0,0,1,1,1,1,0,0,0,gratuito
6,75000.0,1049,0.9685414680648237,1,4,1,0,0,0,1,1,1,0,0,0,0,gratuito
5,35000.0,24,0.5,10,1,1,0,0,0,0,0,0,0,0,0,1,medio_baixo
7,10000.0,12,1.0,2,4,1,0,0,0,1,1,1,1,0,0,0,baixo
4,750000.0,30216,0.7839886153031507,2,2,1,0,0,1,1,0,0,0,1,0,0,alto
9,10000.0,18,0.5555555555555556,1,2,1,0,0,0,0,1,0,1,0,0,0,baixo
6,10000.0,106,0.5849056603773585,1,5,1,0,0,0,1,0,0,1,0,1,1,gratuito
2,10000.0,5,1.0,1,2,1,1,1,0,1,0,0,1,0,0,0,medio_baixo
8,10000.0,12,0.8333333333333334,1,1,1,0,0,0,0,0,0,0,0,1,0,alto
9,10000.0,1,1.0,1,4,1,1,0,0,1,0,0,1,0,1,0,medio_baixo
8,10000.0,11,0.45454545454545453,1,4,1,0,0,1,1,0,1,0,1,1,0,medio_alto
2,0.0,0,0.0,0,0,1,0,0,0,0,0,0,0,0,0,0,gratuito
1,10000.0,0,0.0,26,7,1,0,0,0,1,1,1,1,1,0,1,gratuito
7,10000.0,4,1.0,1,1,1,1,0,0,0,0,0,0,0,1,0,medio_alto
1,0.0,0,0.0,0,0,1,0,0,0,0,0,0,0,0,0,0,gratuito
1,10000.0,2,0.5,2,2,1,0,0,0,1,0,0,0,0,0,1,baixo
14,750000.0,3321,0.7801866907557965,7,3,1,1,1,4,1,0,0,0,0,1,1,medio_baixo
3,0.0,0,0.0,0,0,1,0,0,0,0,0,0,0,0,0,0,gratuito
1,10000.0,0,0.0,1,3,1,1,1,0,1,0,0,1,0,0,1,baixo
1,10000.0,0,0.0,8,3,1,0,0,0,0,1,1,0,1,0,0,alto
8,10000.0,3,0.3333333333333333,2,4,1,0,0,0,0,1,0,1,0,1,1,medio_alto
6,10000.0,1,0.0,1,2,1,0,0,0,1,0,0,0,0,0,1,medio_alto
1,0.0,0,0.0,103,2,1,0,0,0,1,0,0,1,0,0,0,baixo
9,10000.0,28,0.8928571428571429,2,6,1,1,0,0,1,1,1,0,1,0,0,alto
7,10000.0,145,0.6896551724137931,1,3,1,0,0,0,0,1,1,0,0,0,1,baixo
6,10000.0,8,1.0,6,3,1,0,0,0,1,0,0,1,0,1,0,baixo
4,0.0,0,0.0,2,3,1,1,0,1,0,0,0,1,0,1,0,gratuito
1,10000.0,0,0.0,1,2,1,0,0,1,1,0,1,0,0,0,0,medio_alto
6,10000.0,26,0.6923076923076923,1,6,1,0,0,0,1,0,1,1,1,1,1,medio_alto
5,75000.0,281,0.505338078291815,6,5,1,0,0,0,0,1,1,0,1,0,0,gratuito
9,750000.0,9139,0.9192471824050772,9,1,1,0,0,1,0,0,1,0,0,0,0,medio_alto
1,10000.0,0,0.0,1,3,1,0,0,0,1,1,0,0,0,0,1,medio_alto
2,10000.0,4,1.0,1,3,1,0,0,0,1,1,1,0,0,0,0,medio_alto
10,10000.0,16,0.8125,1,3,1,0,0,0,1,0,1,0,0,0,0,gratuito
1,0.0,0,0.0,2,3,1,0,0,0,0,0,0,1,0,1,1,medio_baixo
1,0.0,0,0.0,1,4,1,0,0,0,1,0,0,0,1,1,0,gratuito
6,10000.0,55,0.7636363636363637,13,2,1,0,0,0,0,0,1,1,0,0,0,medio_alto
9,1500000.0,73605,0.9692412200258135,1,3,1,1,1,0,1,1,0,0,0,0,0,alto
3,0.0,0,0.0,1,3,1,0,0,0,0,1,1,0,0,0,0,gratuito
3,75000.0,1080,0.7092592592592593,10,1,1,0,0,6,0,0,0,1,0,0,0,medio_baixo
6,10000.0,14,0.7142857142857143,3,2,1,0,0,0,1,0,1,0,0,0,0,baixo
12,150000.0,1629,0.956414978514426,10,1,1,1,1,0,0,0,0,1,0,0,0,medio_baixo
4,0.0,0,0.0,2,3,1,0,0,0,1,1,0,0,0,0,0,gratuito
1,0.0,0,0.0,0,0,1,0,0,0,0,0,0,0,0,0,0,gratuito
4,10000.0,0,0.0,1,3,1,0,0,2,1,0,0,1,0,0,0,gratuito
4,10000.0,10,0.8,2,4,1,0,0,0,1,1,1,0,0,0,1,alto
1,10000.0,0,0.0,6,1,1,0,0,0,0,0,0,1,0,0,0,medio_alto
8,10000.0,5,0.4,1,3,1,0,0,0,1,0,1,1,0,0,0,alto
6,150000.0,3665,0.9328785811732606,1,5,1,0,0,1,1,1,1,1,0,0,0,gratuito
4,150000.0,7,0.5714285714285714,1,4,1,0,0,0,1,1,1,0,0,0,0,gratuito
7,10000.0,37,0.972972972972973,1,3,1,0,1,0,1,0,1,1,0,0,0,baixo
8,10000.0,36,0.8055555555555556,1,3,1,0,0,0,1,1,0,1,0,0,0,gratuito
6,10000.0,4,1.0,1,2,1,0,0,0,1,0,0,1,0,0,0,baixo
5,35000.0,25,0.96,1,2,1,0,0,1,1,1,0,0,0,0,0,alto
3,75000.0,196,0.8367346938775511,9,4,1,1,0,0,1,0,0,1,1,1,0,medio_baixo
9,10000.0,20,0.85,1,3,1,0,0,0,1,1,0,0,0,1,0,gratuito
10,10000.0,37,0.918918918918919,1,1,1,0,0,0,0,1,0,0,0,0,0,gratuito
2,10000.0,0,0.0,1,2,1,1,1,0,1,0,0,1,0,0,0,baixo
2,10000.0,0,0.0,1,5,1,0,0,0,1,1,1,0,0,1,0,gratuito
3,10000.0,54,0.4074074074074074,7,3,1,0,0,0,1,0,1,0,0,0,1,medio_alto
8,35000.0,21,0.9047619047619048,1,1,1,0,0,0,0,0,0,1,0,0,0,baixo
5,10000.0,130,0.9615384615384616,6,3,1,0,0,0,1,1,1,0,0,0,0,medio_alto
7,10000.0,4,0.75,1,3,1,0,0,0,1,0,0,1,0,0,0,baixo
1,10000.0,0,0.0,13,4,1,0,0,0,1,0,0,1,0,0,1,alto
7,10000.0,120,0.8416666666666667,1,5,1,0,0,0,1,1,1,0,1,0,1,gratuito
1,0.0,0,0.0,2,4,1,0,0,0,1,1,0,1,0,1,0,medio_baixo
9,10000.0,10,0.9,1,5,1,0,0,0,1,1,0,0,0,0,1,gratuito
3,35000.0,596,0.9513422818791947,1,2,1,0,1,0,1,0,1,0,0,0,0,medio_alto
7,10000.0,3,0.6666666666666666,2,2,1,0,0,0,1,0,1,0,0,0,0,medio_baixo
7,10000.0,1,0.0,1,3,1,0,0,0,1,1,0,1,0,0,0,medio_alto
6,10000.0,10,0.2,1,1,1,0,0,0,1,0,0,0,0,0,0,medio_baixo
5,150000.0,2,0.5,1,5,1,0,0,0,1,1,1,1,1,0,0,medio_alto
2,10000.0,2,1.0,1,4,1,0,0,0,0,0,0,1,1,1,1,alto
2,10000.0,0,0.0,3,1,1,0,0,0,0,0,1,0,0,0,0,alto
12,35000.0,109,0.5504587155963303,5,3,1,0,0,0,0,1,0,1,0,1,0,baixo
16,75000.0,375,0.848,1,1,1,0,0,0,0,0,0,0,0,1,0,medio_baixo
5,750000.0,13950,0.9382078853046595,11,1,1,1,1,0,1,0,0,0,0,0,0,medio_alto
1,10000.0,0,0.0,1,2,1,0,0,0,0,0,1,1,0,0,0,medio_baixo
6,75000.0,139,0.8201438848920863,103,4,1,1,1,0,1,0,0,1,0,0,1,baixo
4,10000.0,28,0.7857142857142857,1,3,1,1,1,2,1,0,0,0,0,0,1,medio_baixo
6,75000.0,5,0.6,1,3,1,1,0,0,1,0,0,1,0,1,0,baixo
1,0.0,0,0.0,0,0,1,0,0,0,0,0,0,0,0,0,0,gratuito
5,0.0,0,0.0,27,5,1,0,0,0,0,1,1,0,1,0,1,gratuito
1,0.0,0,0.0,1,4,1,0,1,0,1,1,1,0,1,0,0,baixo
1,10000.0,0,0.0,1,2,1,0,0,0,0,1,1,0,0,0,0,medio_alto
6,10000.0,66,0.5303030303030303,1,4,1,0,0,0,1,0,0,0,0,1,1,medio_baixo
3,0.0,0,0.0,1,2,1,0,0,0,1,0,1,0,0,0,0,gratuito
1,0.0,0,0.0,0,0,1,0,0,0,0,0,0,0,0,0,0,gratuito
5,10000.0,42,0.8809523809523809,5,1,1,1,0,0,0,0,1,0,0,0,0,medio_baixo
7,10000.0,5,0.4,5,3,1,0,0,0,0,1,0,0,0,1,0,baixo
6,35000.0,12,0.9166666666666666,2,6,1,0,0,5,1,0,1,1,1,1,1,alto
7,10000.0,7,0.8571428571428571,1,5,1,0,0,0,1,1,0,1,0,1,0,alto
2,10000.0,1,1.0,2,4,1,0,0,0,1,1,1,1,0,0,0,baixo
8,35000.0,117,0.7606837606837606,3,3,1,1,1,1,1,0,0,1,0,0,0,gratuito
2,10000.0,39,0.9487179487179487,1,2,1,0,0,0,1,0,0,0,0,1,0,medio_alto
3,10000.0,2,1.0,3,4,1,0,0,0,1,0,1,1,0,0,0,baixo
12,10000.0,8,0.5,1,1,1,0,0,0,0,0,0,1,0,0,0,medio_baixo
3,10000.0,208,0.8605769230769231,9,2,1,0,0,0,1,0,1,0,0,0,0,medio_alto
5,35000.0,97,0.6701030927835051,1,2,1,0,0,0,1,0,0,1,0,0,0,baixo
11,35000.0,618,0.7977346278317152,8,2,1,0,0,0,0,0,0,0,0,1,1,medio_alto
11,10000.0,55,0.9090909090909091,7,1,1,0,0,0,0,1,0,0,0,0,0,alto
3,10000.0,3,1.0,1,3,1,0,1,1,1,1,1,0,0,0,0,baixo
2,10000.0,0,0.0,1,2,1,0,0,0,0,0,1,0,0,0,0,gratuito
1,0.0,0,0.0,7,3,1,0,0,1,1,0,1,1,0,0,0,medio_alto
2,10000.0,50,0.94,1,3,1,0,0,0,1,1,1,0,0,0,0,medio_baixo
1,10000.0,112,0.9107142857142857,1,3,1,0,0,0,0,0,0,0,0,0,1,alto
1,10000.0,6,1.0,1,4,1,0,0,0,1,1,0,0,0,1,1,medio_alto
3,10000.0,7,0.7142857142857143,12,5,1,0,1,1,1,1,1,1,0,0,0,gratuito
2,10000.0,17,0.8235294117647058,6,6,1,1,1,0,0,1,1,1,0,0,0,gratuito
3,10000.0,59,0.847457627118644,2,2,1,0,0,1,0,0,0,0,1,1,0,medio_alto
4,35000.0,73,1.0,9,3,1,1,1,0,1,0,0,1,0,1,0,medio_alto
10,35000.0,106,0.5849056603773585,1,4,1,0,1,0,1,1,0,0,1,1,0,medio_baixo
12,1500000.0,15436,0.9227131381186836,18,1,1,1,0,6,0,0,0,0,0,0,1,alto
1,0.0,0,0.0,0,0,1,0,0,0,0,0,0,0,0,0,0,gratuito
6,10000.0,0,0.0,1,2,1,0,0,0,0,1,0,1,0,0,0,medio_baixo
1,0.0,0,0.0,0,0,1,0,0,0,0,0,0,0,0,0,0,gratuito
1,0.0,0,0.0,1,2,1,0,0,0,0,0,0,1,0,0,0,gratuito
1,10000.0,0,0.0,4,1,1,0,0,0,0,0,0,1,0,0,0,medio_baixo
4,10000.0,15,0.9333333333333333,1,1,1,1,1,0,1,0,0,0,0,0,0,medio_baixo
1,0.0,0,0.0,1,4,1,0,0,0,1,0,1,0,1,0,0,alto
5,10000.0,13,0.5384615384615384,1,4,1,0,0,0,1,1,1,1,0,0,0,baixo
1,0.0,0,0.0,43,3,1,0,0,0,1,1,1,0,0,0,0,alto
5,10000.0,8,1.0,1,4,1,0,0,0,1,1,1,0,1,0,0,medio_alto
5,10000.0,0,0.0,1,2,1,0,0,1,1,0,0,1,0,0,0,medio_alto
2,10000.0,175,0.9714285714285714,1,3,1,0,1,0,1,1,0,0,1,0,0,baixo
8,10000.0,5,0.2,1,3,1,0,0,0,1,1,0,0,0,1,0,baixo
6,10000.0,1,0.0,1,2,1,0,0,0,0,0,0,1,0,1,0,alto
5,10000.0,37,0.7297297297297297,3,1,1,0,0,0,0,0,0,0,0,0,1,medio_alto
3,10000.0,22,0.8636363636363636,1,2,1,1,0,0,1,0,1,0,0,0,0,alto
5,150000.0,73,0.3835616438356164,1,5,1,0,0,0,1,0,0,0,1,0,0,gratuito
9,35000.0,61,0.4262295081967213,1,2,1,0,0,0,1,0,0,1,0,0,0,baixo
7,10000.0,8,0.375,2,1,1,0,0,0,1,0,0,0,0,0,0,baixo
2,0.0,0,0.0,103,3,1,0,0,0,1,0,0,1,0,0,1,baixo
5,75000.0,214,0.8504672897196262,3,3,1,0,0,0,0,1,1,0,0,0,0,gratuito
5,10000.0,8,0.625,1,2,1,0,0,0,0,0,1,1,0,0,0,medio_alto
1,10000.0,0,0.0,1,3,1,0,0,2,1,0,1,0,1,0,0,alto
1,10000.0,12,0.9166666666666666,12,4,1,0,0,0,1,1,1,0,1,0,0,medio_alto
2,0.0,0,0.0,0,0,1,0,0,0,0,0,0,0,0,0,0,gratuito
4,75000.0,804,0.8159203980099502,15,3,1,0,0,0,0,0,1,0,1,1,0,medio_alto
7,10000.0,0,0.0,29,3,1,0,0,0,1,0,0,1,0,1,0,baixo
2,35000.0,6,0.5,1,3,1,0,0,0,1,1,1,0,0,0,0,alto
10,75000.0,734,0.8337874659400545,1,3,1,0,0,0,1,1,0,0,0,1,0,medio_alto
4,10000.0,12,1.0,11,4,1,1,1,0,1,0,1,1,0,1,0,medio_baixo
6,10000.0,1,0.0,1,5,1,0,0,0,1,1,1,1,0,0,0,medio_alto
5,10000.0,37,0.6216216216216216,1,3,1,0,0,0,1,0,0,1,0,1,0,gratuito
1,0.0,0,0.0,1,3,1,0,0,0,1,0,1,1,0,0,0,medio_alto
1,10000.0,1,1.0,2,4,1,0,0,0,0,0,0,1,1,1,1,medio_alto
2,75000.0,2048,0.876953125,8,2,1,0,0,19,0,0,0,1,0,1,0,medio_alto
6,75000.0,452,0.7721238938053098,6,3,1,0,0,1,0,1,0,0,1,1,0,alto
9,3500000.0,114,0.6929824561403509,4,2,1,1,0,0,1,0,1,0,0,0,0,baixo
1,10000.0,51,0.7254901960784313,8,2,1,0,0,0,1,0,1,0,0,0,0,medio_baixo
10,10000.0,12,0.8333333333333334,1,2,1,0,0,0,0,0,1,1,0,0,0,medio_alto
2,35000.0,910,0.6626373626373626,9,1,1,0,0,4,0,1,0,0,0,0,0,alto
5,0.0,0,0.0,1,3,1,0,0,0,0,1,0,0,0,0,0,gratuito
2,35000.0,1165,0.959656652360515,5,3,1,0,0,1,0,1,1,0,1,0,0,alto
9,35000.0,350,0.94,6,4,1,0,0,3,1,1,1,1,0,0,0,alto
3,10000.0,5,1.0,1,1,1,0,0,1,0,0,1,0,0,0,0,baixo
2,0.0,0,0.0,1,3,1,0,0,0,1,1,0,0,0,0,0,gratuito
7,10000.0,22,0.7272727272727273,1,3,1,0,0,0,1,0,1,1,0,0,0,baixo
13,10000.0,1926,0.9532710280373832,1,3,1,0,0,0,1,1,1,0,0,0,0,baixo
1,0.0,0,0.0,1,1,1,0,1,0,1,0,0,0,0,0,0,medio_alto
5,0.0,0,0.0,0,0,1,0,0,0,0,0,0,0,0,0,0,gratuito
4,750000.0,6539,0.9528979966355712,1,3,1,0,0,0,1,1,0,0,0,0,0,alto
2,10000.0,13,1.0,1,3,1,0,0,0,1,1,1,0,0,0,0,baixo
7,10000.0,14,0.8571428571428571,12,1,1,0,0,0,1,0,0,0,0,0,0,gratuito
8,10000.0,0,0.0,1,3,1,1,1,0,1,1,0,1,0,0,0,medio_baixo
11,35000.0,41,0.8292682926829268,1,3,1,1,0,0,1,0,0,1,0,1,0,medio_alto
4,0.0,0,0.0,1,2,1,0,0,0,1,0,0,0,0,0,1,gratuito
4,10000.0,0,0.0,1,4,1,0,1,0,1,0,1,1,0,0,1,medio_baixo
2,10000.0,35,0.8285714285714286,7,4,1,0,1,0,0,1,1,0,0,0,1,baixo
3,0.0,0,0.0,0,0,1,0,0,0,0,0,0,0,0,0,0,gratuito
9,10000.0,38,0.3157894736842105,2,3,1,0,0,0,0,1,1,0,1,0,0,alto
5,10000.0,0,0.0,1,3,1,0,0,0,1,0,0,1,1,0,0,baixo
19,3500000.0,30931,0.9416766350910091,5,2,1,0,0,0,0,1,0,0,1,0,0,medio_alto
2,10000.0,115,0.8347826086956521,2,4,1,0,0,0,0,0,0,0,0,0,1,alto
5,10000.0,5,1.0,10,3,1,1,1,0,1,0,0,1,0,1,0,medio_alto
9,750000.0,22,0.5454545454545454,1,2,1,0,0,0,1,0,1,0,0,0,0,medio_baixo
9,35000.0,522,0.7662835249042146,4,2,1,0,0,0,0,0,0,0,0,0,0,alto
3,10000.0,9,0.8888888888888888,5,1,1,1,1,0,0,0,0,0,0,1,0,medio_baixo
1,0.0,0,0.0,5,6,1,0,0,0,1,0,0,1,1,1,1,medio_baixo
11,3500000.0,11316,0.7112937433722163,13,5,1,0,0,0,0,1,1,0,0,1,0,gratuito
6,10000.0,4,1.0,1,3,1,0,0,0,1,0,0,1,0,0,1,baixo
6,35000.0,55,0.7636363636363637,2,2,1,0,1,1,1,0,1,0,0,0,0,baixo
2,10000.0,16,0.875,5,3,1,0,0,1,1,0,1,1,0,0,0,medio_baixo
10,10000.0,7,0.14285714285714285,1,2,1,0,0,0,0,0,1,0,0,0,0,alto
2,10000.0,0,0.0,18,2,1,0,0,0,0,0,0,0,0,0,0,baixo
9,10000.0,13,0.6923076923076923,5,2,1,0,0,0,1,0,0,1,0,0,0,medio_alto
2,10000.0,0,0.0,1,2,1,1,1,0,1,0,0,0,1,0,0,medio_baixo
2,10000.0,1,1.0,1,2,1,0,0,0,1,1,0,0,0,0,0,medio_baixo
9,35000.0,33,0.7878787878787878,1,1,1,0,0,0,0,0,0,0,0,1,0,alto
6,350000.0,1157,0.8729472774416595,5,5,1,0,0,0,1,0,1,1,0,1,1,baixo
6,10000.0,171,0.7134502923976608,15,1,1,0,0,0,0,1,0,0,0,0,0,alto
1,0.0,0,0.0,0,0,1,0,0,0,0,0,0,0,0,0,0,gratuito
9,10000.0,9,0.8888888888888888,27,2,1,0,0,0,1,0,0,1,0,0,0,alto
1,0.0,0,0.0,103,1,1,0,0,0,0,0,0,1,0,0,0,baixo
8,10000.0,56,0.2857142857142857,3,4,1,0,0,0,0,0,0,0,0,0,0,medio_baixo
4,10000.0,0,0.0,2,7,1,0,0,0,1,0,0,1,1,0,0,gratuito
14,35000.0,53,0.6226415094339622,1,3,1,0,0,0,1,0,1,0,1,0,0,alto
1,10000.0,0,0.0,1,4,1,0,0,0,1,1,0,1,0,0,0,baixo
1,0.0,0,0.0,1,3,1,0,0,0,1,0,0,1,0,0,0,gratuito
10,350000.0,5475,0.8158904109589041,9,7,1,1,1,1,1,1,1,1,1,1,1,baixo
4,10000.0,30,0.9666666666666667,1,2,1,0,0,0,1,1,0,0,0,0,0,alto
8,10000.0,73,0.589041095890411,1,1,1,0,0,0,0,1,0,0,0,0,0,medio_alto
7,10000.0,78,0.8333333333333334,1,3,1,1,1,0,1,0,0,1,0,0,0,gratuito
2,10000.0,0,0.0,1,2,1,0,0,0,1,0,0,1,0,0,0,medio_alto
1,10000.0,0,0.0,1,2,1,0,0,1,0,0,0,0,1,0,1,medio_alto
7,10000.0,0,0.0,1,4,1,0,0,0,0,1,1,0,1,0,0,medio_alto
4,10000.0,7,1.0,1,1,1,0,0,0,0,0,0,1,0,0,0,baixo
13,1500000.0,15562,0.9269374116437475,9,1,1,1,1,1,1,0,0,0,0,0,0,medio_baixo
9,10000.0,82,0.9512195121951219,1,2,1,1,1,0,1,0,0,0,0,0,0,medio_alto
8,350000.0,2278,0.5114135206321334,3,5,1,0,0,1,1,1,0,1,0,1,0,baixo
1,0.0,0,0.0,10,1,1,0,0,0,0,0,0,0,0,1,0,alto
8,10000.0,12,0.5,1,4,1,0,0,0,1,0,1,1,0,1,0,alto
5,10000.0,27,0.5185185185185185,1,5,1,0,0,18,1,0,1,1,0,1,0,gratuito
15,35000.0,1,1.0,6,3,1,0,0,0,1,0,1,1,0,0,0,baixo
5,10000.0,11,0.6363636363636364,2,1,1,0,0,0,0,0,0,0,1,0,0,alto
3,10000.0,0,0.0,1,2,1,0,0,0,1,1,0,0,0,0,0,medio_baixo
5,10000.0,1,1.0,2,2,1,0,0,0,1,0,0,1,0,0,0,medio_alto
1,10000.0,0,0.0,2,5,1,0,0,0,1,1,1,1,0,0,1,alto
1,10000.0,18,0.6111111111111112,11,4,1,0,0,0,1,0,0,1,0,0,0,baixo
2,10000.0,1,1.0,2,1,1,0,0,0,0,0,0,1,0,0,0,baixo
3,10000.0,431,0.7726218097447796,9,5,1,0,0,4,1,1,1,0,1,0,1,alto
2,10000.0,94,0.9468085106382979,3,3,1,0,0,0,1,0,1,0,1,0,0,alto
2,0.0,0,0.0,1,1,1,1,0,0,1,0,0,0,0,0,0,gratuito
1,10000.0,1,1.0,1,2,1,0,0,0,0,0,1,0,1,0,0,baixo
7,10000.0,0,0.0,1,1,1,0,0,0,1,0,0,0,0,0,0,medio_alto
3,10000.0,3,1.0,1,1,1,0,0,0,0,0,0,0,0,0,0,alto
9,35000.0,2,0.5,2,2,1,0,0,0,0,0,0,0,0,1,1,medio_baixo
2,10000.0,54,0.9814814814814815,1,3,1,0,0,0,1,0,1,0,1,0,0,medio_baixo
3,10000.0,30,0.16666666666666666,1,4,1,0,0,0,1,1,1,1,0,0,0,baixo
2,10000.0,15,0.8666666666666667,2,2,1,0,0,0,1,0,0,1,0,0,0,alto
5,0.0,0,0.0,0,0,1,0,0,0,0,0,0,0,0,0,0,gratuito
3,0.0,0,0.0,1,4,1,0,0,0,1,0,0,1,1,0,0,gratuito
8,10000.0,93,0.7204301075268817,2,5,1,0,0,0,1,1,1,0,0,0,0,gratuito
2,10000.0,2,0.5,1,2,1,0,0,0,0,0,0,0,0,0,1,medio_alto
1,0.0,0,0.0,1,5,1,0,0,0,0,1,1,1,0,1,0,gratuito
2,10000.0,72,0.7638888888888888,6,3,1,0,0,0,1,1,1,0,0,0,0,medio_baixo
1,0.0,0,0.0,1,4,1,0,0,0,1,0,0,0,1,0,1,gratuito
5,10000.0,23,0.6521739130434783,1,4,1,0,0,0,1,1,0,1,0,0,1,medio_baixo
5,75000.0,13,0.8461538461538461,1,5,1,0,0,0,1,1,0,1,0,1,1,gratuito
4,10000.0,1,0.0,7,4,1,1,1,0,1,0,0,0,0,1,1,alto
1,10000.0,0,0.0,1,2,1,0,0,0,0,0,0,1,0,0,0,alto
1,10000.0,33,1.0,2,2,1,0,0,0,1,1,0,0,0,0,0,medio_baixo
1,35000.0,1168,0.684931506849315,10,1,1,0,0,0,0,1,0,0,0,0,0,alto
3,10000.0,4,1.0,1,4,1,0,0,0,1,1,1,1,0,0,0,baixo
6,10000.0,97,0.6597938144329897,2,4,1,1,1,0,1,0,1,0,1,1,0,alto
8,35000.0,35,0.7142857142857143,1,5,1,0,0,0,0,1,1,1,0,0,0,gratuito
1,0.0,0,0.0,0,0,1,0,0,0,0,0,0,0,0,0,0,gratuito
1,0.0,0,0.0,0,0,1,0,0,0,0,0,0,0,0,0,0,gratuito
1,10000.0,0,0.0,13,1,1,0,0,0,0,0,0,0,0,0,0,alto
3,75000.0,90,0.9222222222222223,1,4,1,1,1,1,1,0,1,0,1,0,0,baixo
4,10000.0,11,0.7272727272727273,2,3,1,0,0,0,1,0,0,1,0,0,0,gratuito
1,10000.0,7,1.0,1,1,1,0,0,0,0,0,0,1,0,0,0,medio_alto
3,75000.0,1757,0.9396698918611269,2,3,1,0,0,0,1,0,1,0,1,0,0,alto
14,75000.0,258,0.6782945736434108,1,3,1,1,1,0,1,1,0,0,0,1,0,medio_alto
5,10000.0,10,0.4,1,3,1,0,0,0,0,0,1,0,0,0,1,alto
2,0.0,0,0.0,1,4,1,0,0,0,1,1,1,0,0,0,0,gratuito
2,10000.0,0,0.0,2,3,1,0,0,0,1,1,0,1,0,0,0,alto
7,10000.0,0,0.0,2,2,1,1,1,0,1,0,0,1,0,0,0,medio_baixo
1,10000.0,0,0.0,12,5,1,0,0,0,1,0,1,0,1,1,1,medio_alto
4,10000.0,6,0.6666666666666666,11,2,1,0,0,0,0,1,1,0,0,0,0,medio_baixo
4,0.0,0,0.0,2,4,1,0,0,3,1,0,0,0,0,1,1,gratuito
1,0.0,0,0.0,3,2,1,1,0,0,0,0,1,1,0,0,0,alto
3,10000.0,23,0.7391304347826086,4,5,1,0,0,0,1,0,1,0,0,0,1,baixo
1,10000.0,454,0.7158590308370044,9,3,1,0,0,0,1,1,1,0,0,0,0,alto
2,10000.0,8,0.875,2,3,1,0,0,0,1,1,0,0,0,0,0,gratuito
5,10000.0,1,1.0,5,1,1,0,0,0,1,0,0,0,0,0,0,baixo
4,10000.0,0,0.0,1,2,1,0,0,0,1,0,0,1,0,0,0,baixo
1,10000.0,0,0.0,27,2,1,1,1,0,1,0,0,0,0,0,1,baixo
1,10000.0,0,0.0,16,4,1,0,0,0,1,1,0,1,0,0,1,medio_baixo
3,10000.0,0,0.0,1,2,1,0,0,2,1,0,0,1,0,0,0,baixo
1,10000.0,0,0.0,1,1,1,0,0,0,1,0,0,0,0,0,0,medio_baixo
17,1500000.0,16044,0.9571802543006731,4,1,1,0,0,0,0,1,0,0,0,0,0,medio_alto
1,10000.0,0,0.0,1,3,1,0,0,0,1,0,1,1,0,0,0,medio_baixo
3,0.0,0,0.0,1,4,1,0,0,0,1,1,1,0,1,0,0,gratuito
8,10000.0,3,0.6666666666666666,1,2,1,0,0,0,0,0,1,1,0,0,0,medio_alto
2,0.0,0,0.0,103,1,1,0,0,0,0,1,0,0,0,0,0,baixo
2,10000.0,9,0.6666666666666666,1,3,1,0,0,0,1,0,1,1,0,0,0,baixo
9,10000.0,13,0.6153846153846154,9,6,1,1,0,0,1,1,1,1,1,1,0,medio_alto
10,350000.0,646,0.7863777089783281,4,3,1,1,1,0,1,0,1,1,0,0,0,medio_alto
2,10000.0,1,1.0,1,5,1,0,0,1,1,1,1,0,1,0,0,medio_baixo
8,10000.0,36,0.75,1,3,1,0,0,1,1,0,1,0,0,0,1,medio_alto
2,10000.0,17,0.9411764705882353,5,3,1,1,1,0,1,0,0,1,0,0,0,gratuito
6,35000.0,9,0.4444444444444444,1,2,1,0,0,0,0,0,1,0,1,0,0,baixo
1,10000.0,1,1.0,1,3,1,0,0,1,1,0,1,0,0,0,1,alto
3,0.0,0,0.0,1,2,1,0,0,1,1,1,0,0,0,0,0,gratuito
6,10000.0,4,1.0,1,3,1,0,0,0,1,1,0,0,1,0,0,alto
3,10000.0,44,0.8636363636363636,4,1,1,0,0,0,0,0,1,0,0,0,0,medio_baixo
1,0.0,0,0.0,0,0,1,0,0,0,0,0,0,0,0,0,0,gratuito
1,10000.0,0,0.0,1,2,1,0,1,0,0,0,1,0,1,0,0,medio_alto
1,0.0,0,0.0,3,2,1,1,0,0,0,0,1,1,0,0,0,medio_alto
9,75000.0,395,0.6151898734177215,1,5,1,1,1,0,1,0,1,1,0,0,0,gratuito
3,75000.0,43,0.9767441860465116,6,4,1,0,0,0,1,1,0,1,0,0,0,alto
1,10000.0,0,0.0,1,10,1,0,0,0,1,0,0,1,0,1,1,medio_alto
6,10000.0,19,0.8421052631578947,1,1,1,0,0,0,0,0,0,1,0,0,0,gratuito
5,0.0,0,0.0,7,3,1,1,1,0,1,0,1,0,0,0,0,gratuito
1,0.0,0,0.0,1,3,1,0,0,0,1,1,0,1,0,0,0,medio_alto
7,10000.0,1,1.0,1,2,1,0,0,0,1,1,0,0,0,0,0,baixo
7,10000.0,0,0.0,2,2,1,0,0,0,1,0,0,1,0,0,0,medio_alto
4,10000.0,4,0.75,1,1,1,0,0,0,0,0,0,0,0,0,1,medio_baixo
3,35000.0,30,0.9,1,2,1,0,0,0,0,0,0,0,1,0,0,alto
5,0.0,0,0.0,0,0,1,0,0,0,0,0,0,0,0,0,0,gratuito
5,350000.0,4,0.75,1,2,1,0,0,0,1,0,0,1,0,0,0,baixo
4,10000.0,14,0.8571428571428571,103,1,1,0,0,0,0,0,1,0,0,0,0,baixo
5,10000.0,4,0.25,1,4,1,0,0,0,1,1,1,0,1,0,0,baixo
10,350000.0,321,0.6884735202492211,1,6,1,1,1,0,1,1,1,0,1,0,0,gratuito
3,10000.0,1,1.0,1,3,1,0,0,0,1,1,1,0,0,0,0,baixo
9,10000.0,9,0.6666666666666666,2,2,1,0,0,0,1,0,1,0,0,0,0,alto
3,10000.0,2,1.0,1,1,1,1,0,0,0,0,0,0,0,1,0,medio_baixo
1,10000.0,7,1.0,1,3,1,0,0,0,0,0,0,1,0,1,1,medio_baixo
5,10000.0,5,1.0,103,2,1,0,0,0,1,0,0,1,0,0,0,medio_baixo
6,75000.0,268,0.917910447761194,2,4,1,1,0,1,1,0,1,1,1,0,0,medio_alto
1,0.0,0,0.0,1,2,1,0,0,0,0,1,0,0,0,0,0,gratuito
1,10000.0,0,0.0,1,3,1,0,1,1,1,1,1,0,0,0,0,medio_baixo
2,10000.0,0,0.0,1,4,1,0,0,0,1,1,1,0,1,0,0,medio_alto
3,35000.0,360,0.7416666666666667,11,3,1,0,0,2,1,0,0,0,0,1,1,alto
2,10000.0,1,0.0,1,2,1,0,0,0,0,0,0,1,1,0,0,baixo
3,10000.0,10,0.2,1,5,1,0,0,0,1,1,1,1,1,0,0,alto
2,10000.0,0,0.0,2,4,1,0,0,0,1,0,0,1,1,1,0,baixo
2,10000.0,6,0.8333333333333334,1,2,1,0,0,3,0,0,1,0,0,0,0,gratuito
2,10000.0,68,0.8676470588235294,3,2,1,0,1,0,1,0,0,0,1,0,0,medio_alto
4,10000.0,2,1.0,2,6,1,0,0,0,1,1,1,1,1,1,0,baixo
3,10000.0,12,0.6666666666666666,1,5,1,0,0,0,1,1,1,1,0,0,1,baixo
3,75000.0,492,0.8516260162601627,14,2,1,0,0,3,0,1,1,0,0,0,0,alto
4,10000.0,2,1.0,1,2,1,0,0,0,1,0,0,1,0,0,0,medio_baixo
2,10000.0,19,0.8947368421052632,1,2,1,0,0,0,0,0,0,0,0,0,0,alto
1,0.0,0,0.0,0,0,1,0,0,0,0,0,0,0,0,0,0,gratuito
8,10000.0,24,0.5833333333333334,1,3,1,0,0,0,1,0,0,1,0,0,1,baixo
2,10000.0,4,1.0,10,3,1,0,0,0,1,0,0,1,0,1,0,medio_baixo
4,10000.0,18,0.8333333333333334,1,3,1,0,0,0,1,0,1,0,0,0,1,medio_alto
4,10000.0,13,1.0,1,6,1,0,0,0,1,1,0,1,0,1,1,alto
8,10000.0,0,0.0,1,3,1,0,0,0,1,1,0,0,0,0,0,alto
2,0.0,0,0.0,1,3,1,0,0,0,0,0,0,1,1,0,0,gratuito
11,150000.0,550,0.5872727272727273,1,4,1,0,0,3,0,0,1,0,1,0,0,gratuito
9,10000.0,1,0.0,1,2,1,0,1,0,1,0,0,1,0,0,0,baixo
6,1500000.0,22750,0.773010989010989,11,3,1,0,0,5,0,1,1,0,0,0,0,medio_alto
2,10000.0,47,0.8085106382978723,8,6,1,0,0,0,1,1,1,1,0,0,0,gratuito
5,10000.0,6,0.3333333333333333,1,4,1,0,0,0,1,1,1,0,0,0,0,medio_alto
3,35000.0,13,1.0,1,2,1,0,0,0,0,0,0,1,0,1,0,medio_alto
1,0.0,0,0.0,0,0,1,0,0,0,0,0,0,0,0,0,0,gratuito
1,10000.0,0,0.0,1,8,1,0,0,0,1,1,1,1,1,1,1,medio_baixo
7,150000.0,3961,0.9555667760666499,1,2,1,0,0,0,0,1,0,0,0,0,0,medio_alto
2,10000.0,52,1.0,5,3,1,1,1,2,1,0,0,1,0,1,0,medio_baixo
2,0.0,0,0.0,1,3,1,0,0,27,1,0,0,1,0,0,0,gratuito
2,10000.0,7,0.14285714285714285,1,2,1,0,0,0,1,1,0,0,0,0,0,medio_alto
2,10000.0,4,0.0,1,4,1,0,0,0,0,1,0,0,0,0,1,medio_baixo
1,10000.0,0,0.0,1,4,1,0,0,1,1,0,1,1,0,0,1,baixo
3,0.0,0,0.0,0,0,1,0,0,0,0,0,0,0,0,0,0,gratuito
7,10000.0,5,0.8,1,3,1,0,0,3,1,1,0,0,0,1,0,medio_alto
2,10000.0,0,0.0,1,1,1,0,0,0,0,0,0,0,0,0,1,alto
2,10000.0,1,1.0,1,3,1,0,0,0,1,1,0,0,0,0,0,medio_alto
1,0.0,0,0.0,0,0,1,0,0,0,0,0,0,0,0,0,0,gratuito
5,10000.0,0,0.0,9,5,1,0,0,0,1,1,1,1,1,0,0,medio_alto
7,10000.0,102,0.8333333333333334,1,2,1,0,0,0,1,0,0,1,0,0,0,medio_baixo
1,0.0,0,0.0,1,4,1,0,0,0,1,0,0,1,0,1,0,gratuito
12,75000.0,821,0.761266747868453,1,6,1,0,0,0,1,1,1,1,1,0,0,medio_alto
5,10000.0,6,0.3333333333333333,1,1,1,0,0,0,1,0,0,0,0,0,0,medio_baixo
3,10000.0,0,0.0,3,3,1,0,0,0,0,0,1,0,1,0,1,alto
5,10000.0,45,1.0,11,1,1,0,0,1,1,0,0,0,0,0,0,alto
7,10000.0,5,0.8,1,5,1,0,0,0,1,0,0,1,0,0,1,gratuito
2,10000.0,44,0.9772727272727273,12,4,1,1,1,0,1,0,0,1,0,1,1,medio_baixo
4,10000.0,115,0.9478260869565217,15,3,1,1,1,1,1,1,1,0,0,0,0,medio_alto
1,0.0,0,0.0,1,5,1,0,0,0,0,1,1,0,1,0,0,gratuito
19,3500000.0,6997,0.934686294126054,11,2,1,0,0,0,0,1,0,0,0,1,0,alto
10,35000.0,110,0.7636363636363637,9,3,1,0,0,0,0,0,1,1,0,1,0,baixo
1,0.0,0,0.0,4,4,1,0,0,0,0,1,1,0,1,0,1,alto
5,10000.0,175,0.8628571428571429,1,5,1,0,0,0,1,1,1,1,0,0,1,baixo
4,0.0,0,0.0,2,3,1,0,0,0,1,1,0,0,0,0,0,gratuito
2,10000.0,130,0.7692307692307693,10,4,1,0,0,0,1,0,1,0,0,1,1,baixo
1,10000.0,11,1.0,1,4,1,0,0,0,1,0,1,1,0,0,1,baixo
1,0.0,0,0.0,1,5,1,0,0,0,1,0,1,1,0,0,1,gratuito
1,0.0,0,0.0,1,4,1,0,0,0,0,0,0,1,0,0,0,gratuito
5,0.0,0,0.0,8,7,1,1,1,0,1,1,1,1,1,0,1,gratuito
3,150000.0,4909,0.927072723568955,8,2,1,0,0,0,0,1,1,0,0,0,0,medio_alto
1,10000.0,1,1.0,1,7,1,0,0,0,1,1,1,0,1,0,1,baixo
10,35000.0,100,0.72,5,1,1,0,0,0,0,0,0,0,0,0,0,baixo
2,0.0,0,0.0,1,4,1,0,0,0,1,1,0,1,0,0,0,gratuito
1,10000.0,0,0.0,1,1,1,0,0,0,0,0,0,0,1,0,0,alto
8,10000.0,4,1.0,1,1,1,0,0,0,0,0,1,0,0,0,0,medio_baixo
9,10000.0,164,0.8109756097560976,1,4,1,0,0,0,0,0,1,1,0,0,0,baixo
8,10000.0,37,0.8918918918918919,2,2,1,0,0,0,1,0,0,1,0,0,0,baixo
2,10000.0,13,1.0,4,3,1,0,0,1,1,0,0,0,0,1,1,medio_alto
1,0.0,0,0.0,1,3,1,0,0,0,1,0,0,1,0,0,1,baixo
3,0.0,0,0.0,2,5,1,0,0,0,1,1,1,0,1,0,0,gratuito
12,35000.0,70,0.6714285714285714,1,2,1,0,0,0,0,0,1,0,1,0,0,baixo
4,0.0,0,0.0,0,0,1,0,0,0,0,0,0,0,0,0,0,gratuito
5,10000.0,0,0.0,3,2,1,0,0,0,0,0,1,0,0,1,0,medio_alto
1,35000.0,29,0.9310344827586207,2,4,1,0,0,0,1,0,0,0,0,1,1,medio_alto
8,10000.0,6,0.5,7,4,1,0,1,0,1,0,1,1,1,0,0,medio_baixo
1,10000.0,0,0.0,1,3,1,0,0,1,1,0,0,1,0,1,0,medio_baixo
7,1500000.0,23309,0.7035908876399674,15,2,1,0,0,3,0,1,1,0,0,0,0,alto
13,350000.0,2866,0.7498255408234473,8,2,1,0,0,0,0,1,0,0,1,0,0,baixo
10,35000.0,68,0.75,1,2,1,0,1,0,1,0,0,1,0,0,0,baixo
3,10000.0,24,0.875,1,4,1,1,0,0,1,0,1,0,1,0,0,medio_baixo
1,0.0,0,0.0,15,3,1,0,0,0,1,0,0,1,1,0,0,baixo
6,10000.0,0,0.0,1,2,1,0,0,0,0,1,1,0,0,0,0,medio_alto
9,350000.0,8845,0.862408140192199,18,2,1,1,0,0,1,0,1,0,0,0,0,medio_baixo
9,10000.0,27,0.8518518518518519,1,1,1,0,0,0,1,0,0,0,0,0,0,gratuito
5,10000.0,13,0.9230769230769231,3,4,1,0,0,0,1,0,1,1,0,1,0,medio_baixo
8,75000.0,103,0.7378640776699029,15,1,1,1,1,32,1,0,0,0,0,0,0,alto
6,10000.0,0,0.0,1,6,1,0,0,0,1,1,1,1,1,0,1,baixo
5,10000.0,4,0.75,1,3,1,0,0,0,1,1,0,1,0,0,0,medio_baixo
8,10000.0,0,0.0,1,3,1,0,0,0,1,1,0,1,0,0,0,medio_alto
1,0.0,0,0.0,1,5,1,0,0,0,1,1,1,0,0,1,1,medio_baixo
8,10000.0,174,0.45977011494252873,3,2,1,0,0,16,0,0,0,0,1,1,0,medio_alto
4,150000.0,962,0.9147609147609148,1,5,1,0,0,0,1,0,1,1,1,1,0,alto
5,350000.0,5005,0.6495504495504496,15,2,1,0,0,5,0,0,0,0,0,1,1,medio_alto
8,10000.0,7,0.5714285714285714,1,2,1,0,0,0,1,0,0,0,0,0,0,medio_baixo
2,0.0,0,0.0,1,2,1,0,0,5,0,0,0,1,0,0,0,gratuito
2,0.0,0,0.0,103,2,1,0,0,0,0,0,0,0,0,0,1,gratuito
10,35000.0,86,0.29069767441860467,1,5,1,0,0,1,1,1,1,1,1,0,0,medio_alto
9,10000.0,13,0.07692307692307693,1,3,1,0,0,0,1,0,0,0,0,1,1,alto
1,10000.0,0,0.0,1,3,1,0,0,0,1,1,1,0,0,0,0,alto
8,10000.0,4,1.0,1,4,1,0,0,0,1,0,1,1,0,0,0,alto
8,10000.0,1,1.0,1,3,1,0,0,0,1,0,0,0,0,1,0,medio_alto
12,35000.0,163,0.3987730061349693,1,2,1,0,0,0,0,0,1,1,0,0,0,medio_alto
3,10000.0,0,0.0,2,3,1,0,0,0,1,0,0,1,0,1,0,baixo
4,10000.0,1,1.0,2,6,1,0,0,0,1,1,1,1,1,1,0,baixo
7,75000.0,1124,0.8665480427046264,2,1,1,0,0,0,0,0,1,0,0,0,0,medio_alto
2,10000.0,0,0.0,4,2,1,0,0,0,1,1,0,0,0,0,0,medio_baixo
1,10000.0,3,1.0,1,2,1,0,0,0,1,1,0,0,0,0,0,medio_baixo
2,10000.0,2,1.0,1,2,1,0,0,0,1,0,0,0,0,0,0,medio_baixo
6,75000.0,292,0.7191780821917808,3,3,1,0,0,0,1,0,1,0,0,0,1,medio_baixo
1,10000.0,0,0.0,1,4,1,0,0,0,1,1,1,0,1,0,0,medio_alto
7,10000.0,4,0.5,1,2,1,1,0,0,1,0,0,1,0,0,0,medio_alto
14,750000.0,11562,0.6109669607334371,7,1,1,0,0,9,0,1,0,0,0,0,0,alto
13,150000.0,1046,0.8499043977055449,10,3,1,1,1,0,1,0,1,1,0,0,0,baixo
1,10000.0,0,0.0,8,2,1,0,0,0,0,1,1,0,0,0,0,medio_alto
1,10000.0,0,0.0,12,4,1,1,0,0,1,0,1,1,0,1,0,medio_baixo
3,10000.0,35,0.9142857142857143,6,3,1,0,0,0,1,0,0,1,0,1,0,baixo
4,10000.0,0,0.0,1,1,1,0,0,0,0,0,1,0,0,0,0,alto
8,10000.0,27,0.8148148148148148,1,4,1,0,0,0,1,1,0,0,0,1,0,gratuito
1,10000.0,0,0.0,1,3,1,0,0,0,0,1,0,0,0,0,0,gratuito
2,0.0,0,0.0,0,0,1,0,0,0,0,0,0,0,0,0,0,gratuito
2,10000.0,3,0.6666666666666666,1,3,1,0,0,0,1,0,1,0,0,1,0,medio_alto
3,150000.0,6,1.0,1,1,1,0,0,0,0,0,0,0,1,0,0,medio_baixo
8,10000.0,22,0.3181818181818182,1,7,1,0,0,0,1,0,0,1,0,1,1,gratuito
10,10000.0,30,0.7333333333333333,2,2,1,1,0,0,1,0,0,1,0,0,0,medio_baixo
1,0.0,0,0.0,1,3,1,1,1,0,1,0,1,1,0,0,0,alto
1,10000.0,0,0.0,4,2,1,0,0,0,1,1,0,0,0,0,0,alto
3,10000.0,2,1.0,2,4,1,0,0,0,1,1,1,1,0,0,0,baixo
4,0.0,0,0.0,0,0,1,0,0,0,0,0,0,0,0,0,0,gratuito
1,10000.0,0,0.0,1,4,1,0,0,0,1,0,1,1,0,0,1,medio_baixo
1,35000.0,402,0.7114427860696517,9,2,1,0,0,1,0,0,0,0,0,1,1,alto
7,10000.0,70,0.8714285714285714,14,2,1,1,1,0,1,0,0,0,0,0,1,medio_alto
6,10000.0,185,0.9405405405405406,9,3,1,0,0,1,1,1,1,0,0,0,0,medio_baixo
9,10000.0,22,0.5454545454545454,1,3,1,0,0,0,1,0,0,1,0,0,0,baixo
4,10000.0,73,0.821917808219178,13,4,1,0,0,0,0,1,1,1,1,0,0,medio_alto
4,10000.0,17,1.0,2,3,1,0,0,1,1,0,0,1,0,0,0,baixo
1,10000.0,0,0.0,31,2,1,0,0,0,1,0,0,1,0,0,0,baixo
2,10000.0,19,0.5789473684210527,1,9,1,1,1,0,1,1,1,1,1,1,1,alto
1,10000.0,19,0.7368421052631579,5,1,1,0,0,0,0,0,1,0,0,0,0,medio_alto
3,10000.0,0,0.0,2,2,1,0,0,0,0,0,0,0,0,1,1,gratuito
7,10000.0,126,0.9206349206349206,7,5,1,0,0,0,1,1,1,0,1,0,0,alto
1,10000.0,24,0.5833333333333334,9,1,1,0,0,0,0,1,0,0,0,0,0,alto
7,35000.0,687,0.9199417758369723,1,3,1,0,0,2,1,0,1,1,0,0,0,medio_baixo
2,0.0,0,0.0,1,2,1,0,0,0,0,1,1,0,0,0,0,gratuito
4,10000.0,1,1.0,1,4,1,0,0,0,1,1,0,1,1,0,0,baixo
5,10000.0,0,0.0,1,3,1,0,0,0,1,1,0,0,0,0,0,medio_alto
3,10000.0,19,0.5263157894736842,1,3,1,0,0,0,1,0,1,0,0,0,0,gratuito
11,10000.0,11,0.7272727272727273,1,4,1,0,0,0,1,1,0,1,0,0,0,medio_baixo
4,75000.0,10,0.8,2,3,1,0,0,0,1,1,1,0,0,0,0,baixo
3,10000.0,23,0.5217391304347826,1,1,1,1,0,0,0,0,0,1,0,0,0,baixo
1,0.0,0,0.0,0,0,1,0,0,0,0,0,0,0,0,0,0,gratuito
5,0.0,0,0.0,1,2,1,0,0,0,1,1,0,0,0,0,0,gratuito
2,0.0,0,0.0,0,0,1,0,0,0,0,0,0,0,0,0,0,gratuito
12,150000.0,1268,0.9361198738170347,2,4,1,1,1,0,1,1,1,0,0,0,0,medio_alto
3,10000.0,1,1.0,1,2,1,0,0,0,0,0,1,0,0,0,1,baixo
5,10000.0,325,0.6738461538461539,6,2,1,0,0,0,1,0,0,0,0,0,1,medio_alto
4,10000.0,0,0.0,1,1,1,1,1,0,0,0,0,1,0,0,0,medio_baixo
7,10000.0,79,0.8860759493670886,2,4,1,1,0,0,1,1,0,1,0,1,0,gratuito
5,10000.0,11,0.9090909090909091,1,2,1,0,0,0,1,1,0,0,0,0,0,gratuito
7,10000.0,1,1.0,1,2,1,0,0,0,1,0,0,0,0,0,1,medio_baixo
8,10000.0,22,0.7272727272727273,2,1,1,0,0,0,0,0,1,0,0,0,0,medio_alto
3,10000.0,0,0.0,1,3,1,0,0,0,1,1,0,0,0,0,0,medio_baixo
6,350000.0,6344,0.724936948297604,8,2,1,1,0,7,0,0,0,0,1,1,0,alto
7,10000.0,24,0.9166666666666666,9,1,1,1,1,0,0,0,0,1,0,0,0,medio_alto
5,0.0,0,0.0,1,1,1,0,0,1,0,1,0,0,0,0,0,gratuito
3,10000.0,9,0.5555555555555556,3,2,1,1,0,0,0,0,1,1,0,0,0,medio_alto
8,10000.0,118,0.6101694915254238,1,5,1,1,1,0,1,0,1,1,1,1,0,baixo
10,35000.0,45,0.6222222222222222,1,3,1,0,0,0,1,0,0,1,0,1,0,gratuito
3,10000.0,1,1.0,1,4,1,0,0,0,1,1,0,1,0,0,0,medio_alto
1,0.0,0,0.0,3,4,1,0,0,0,1,1,1,0,1,0,0,alto
10,10000.0,44,0.6136363636363636,5,1,1,0,0,0,0,0,0,0,0,0,1,alto
4,0.0,0,0.0,0,0,1,0,0,0,0,0,0,0,0,0,0,gratuito
4,75000.0,17,0.8823529411764706,1,1,1,0,0,0,0,0,1,0,0,0,0,alto
4,10000.0,4,0.0,1,1,1,0,0,0,0,1,0,0,0,0,0,alto
8,10000.0,5,0.6,1,3,1,0,0,0,1,1,0,0,0,0,0,alto
2,10000.0,2,0.5,1,3,1,0,0,0,1,0,0,1,1,0,0,medio_baixo
1,0.0,0,0.0,0,0,1,0,0,0,0,0,0,0,0,0,0,gratuito
1,0.0,0,0.0,0,0,1,0,0,0,0,0,0,0,0,0,0,gratuito
3,0.0,0,0.0,2,3,1,0,1,1,1,0,0,0,0,1,0,gratuito
7,35000.0,7,0.7142857142857143,1,1,1,0,0,0,0,0,0,1,0,0,0,baixo
3,10000.0,27,0.8518518518518519,2,3,1,0,0,0,1,1,1,0,0,0,0,medio_alto
6,10000.0,5,0.4,1,5,1,0,0,0,1,1,0,1,0,0,1,medio_alto
2,10000.0,3,1.0,2,2,1,0,0,0,0,0,1,0,0,1,0,medio_baixo
3,0.0,0,0.0,0,0,1,0,0,0,0,0,0,0,0,0,0,gratuito
10,150000.0,1007,0.7765640516385303,10,4,1,1,1,0,1,0,1,0,0,1,1,baixo
3,0.0,0,0.0,0,0,1,0,0,0,0,0,0,0,0,0,0,gratuito
6,350000.0,3188,0.8597867001254705,16,4,1,1,0,1,0,1,1,1,0,1,0,medio_baixo
4,35000.0,698,0.7106017191977078,7,4,1,0,0,0,1,0,0,1,0,1,1,medio_alto
9,10000.0,2,0.5,1,2,1,0,0,0,0,1,0,1,0,0,0,alto
7,10000.0,11,0.5454545454545454,1,5,1,0,0,0,1,1,1,1,0,0,1,baixo
8,35000.0,134,0.8656716417910447,6,2,1,1,0,2,1,1,0,0,0,0,0,medio_baixo
2,10000.0,6,1.0,1,2,1,0,1,0,0,0,1,1,0,0,0,baixo
2,10000.0,82,0.8048780487804879,1,3,1,0,1,0,1,0,0,1,0,0,1,baixo
1,10000.0,2,0.5,11,4,1,0,0,0,1,0,0,1,1,0,1,alto
5,150000.0,7,0.8571428571428571,1,3,1,0,0,0,0,1,1,0,1,0,0,baixo
8,10000.0,15,0.8666666666666667,2,2,1,1,1,1,1,0,0,1,0,0,0,medio_baixo
3,10000.0,5,1.0,1,3,1,0,0,0,1,0,0,1,0,0,0,medio_baixo
8,75000.0,366,0.8989071038251366,3,3,1,0,0,0,0,0,1,0,0,0,1,gratuito
4,10000.0,3,1.0,2,1,1,0,0,0,0,0,0,0,0,1,0,medio_alto
2,10000.0,111,0.9099099099099099,7,5,1,0,0,0,1,0,1,0,1,1,0,medio_baixo
10,10000.0,22,0.7727272727272727,1,2,1,1,1,0,1,1,0,0,0,0,0,medio_alto
7,750000.0,16480,0.9182038834951456,10,3,1,0,0,2,0,1,1,0,1,0,0,alto
2,0.0,0,0.0,0,0,1,0,0,0,0,0,0,0,0,0,0,gratuito
6,35000.0,34,0.7941176470588235,19,4,1,0,0,0,1,1,0,1,0,1,0,baixo
1,10000.0,0,0.0,6,3,1,0,0,2,1,1,1,0,0,0,0,alto
8,35000.0,28,0.7857142857142857,1,2,1,0,0,0,1,0,0,1,0,0,0,baixo
2,0.0,0,0.0,103,2,1,0,0,0,1,0,0,1,0,0,0,baixo
9,10000.0,40,0.9,1,4,1,0,0,0,1,1,0,1,0,0,1,alto
4,10000.0,1,1.0,1,2,1,0,0,0,1,0,0,1,0,0,0,medio_baixo
5,10000.0,15,0.7333333333333333,103,3,1,0,0,0,1,0,0,1,0,0,1,baixo
2,0.0,0,0.0,0,0,1,0,0,0,0,0,0,0,0,0,0,gratuito
5,10000.0,0,0.0,5,1,1,1,1,0,0,0,0,1,0,0,0,medio_baixo
2,10000.0,3,1.0,1,4,1,0,0,0,1,1,0,1,0,0,0,medio_alto
10,10000.0,3,0.6666666666666666,1,2,1,0,1,0,1,1,0,0,0,0,0,alto
4,0.0,0,0.0,2,2,1,0,0,0,1,0,1,0,0,0,0,gratuito
2,0.0,0,0.0,1,3,1,0,0,0,1,0,0,1,0,0,0,gratuito
2,0.0,0,0.0,14,3,1,0,0,0,0,0,0,1,0,0,0,gratuito
5,10000.0,12,1.0,1,2,1,0,0,0,1,0,0,1,0,0,0,baixo
2,10000.0,11,0.9090909090909091,2,4,1,0,0,0,1,1,1,1,0,0,0,medio_baixo
9,10000.0,33,0.9090909090909091,1,1,1,0,0,0,0,0,0,0,0,0,0,gratuito
7,150000.0,92,0.9021739130434783,2,2,1,0,0,0,0,0,0,1,0,0,0,gratuito
1,10000.0,0,0.0,10,4,1,0,0,0,1,1,0,1,0,0,1,medio_alto
2,10000.0,0,0.0,12,3,1,0,0,0,1,0,0,1,0,1,0,medio_baixo
10,10000.0,2,0.0,1,2,1,0,0,0,1,0,0,0,0,0,0,medio_alto
1,10000.0,0,0.0,1,1,1,0,1,0,0,1,0,0,0,0,0,medio_alto
4,35000.0,148,0.9121621621621622,2,2,1,1,0,0,1,0,1,0,0,0,0,medio_baixo
8,75000.0,483,0.865424430641822,1,3,1,0,0,1,1,1,0,0,1,0,0,alto
1,0.0,0,0.0,0,0,1,0,0,0,0,0,0,0,0,0,0,gratuito
6,35000.0,3,0.6666666666666666,1,2,1,0,0,0,1,0,0,0,1,0,0,baixo
11,350000.0,1796,0.6525612472160356,7,2,1,0,0,9,0,0,0,0,0,0,1,medio_alto
5,35000.0,1,1.0,3,2,1,0,0,0,1,0,0,0,1,0,0,baixo
6,10000.0,3,0.6666666666666666,1,4,1,0,0,0,1,1,0,1,0,0,0,medio_baixo
3,0.0,0,0.0,103,2,1,0,0,0,1,0,0,1,0,0,0,baixo
4,10000.0,0,0.0,2,3,1,0,1,0,1,0,0,1,0,0,1,medio_baixo
12,75000.0,586,0.742320819112628,6,2,1,1,0,0,1,0,1,0,0,0,0,baixo
2,0.0,0,0.0,0,0,1,0,0,0,0,0,0,0,0,0,0,gratuito
4,75000.0,35,0.7428571428571429,1,3,1,0,1,0,1,0,0,0,1,0,0,alto
1,10000.0,271,0.977859778597786,7,2,1,0,0,1,1,0,0,1,0,0,0,medio_baixo
1,0.0,0,0.0,1,4,1,0,0,0,1,0,1,1,0,0,0,gratuito
7,10000.0,8,0.5,2,4,1,0,0,0,1,1,1,1,0,0,0,medio_alto
4,0.0,0,0.0,2,3,1,0,0,1,1,0,0,0,1,0,0,gratuito
9,10000.0,4,1.0,1,4,1,1,0,0,1,0,0,1,0,0,1,baixo
8,10000.0,12,0.9166666666666666,1,3,1,0,0,0,1,0,0,1,1,0,0,gratuito
6,10000.0,2,0.5,1,4,1,0,0,0,1,1,1,1,0,0,0,medio_baixo
4,10000.0,3,1.0,1,3,1,0,0,0,1,0,1,1,0,0,0,medio_alto
1,0.0,0,0.0,0,0,1,0,0,0,0,0,0,0,0,0,0,gratuito
11,35000.0,212,0.839622641509434,1,4,1,0,0,0,0,0,1,0,0,1,1,gratuito
1,10000.0,0,0.0,1,1,1,1,1,0,0,1,0,0,0,0,0,medio_alto
2,10000.0,13,1.0,7,1,1,0,1,0,0,1,0,0,0,0,0,alto
1,0.0,0,0.0,1,5,1,0,0,0,1,0,1,1,1,0,0,gratuito
10,75000.0,865,0.8820809248554913,7,2,1,1,1,1,1,0,1,0,0,0,0,alto
4,10000.0,33,0.9393939393939394,29,2,1,0,0,0,1,0,0,1,0,0,0,baixo
2,75000.0,408,0.9142156862745098,13,3,1,0,0,2,1,0,1,0,1,0,0,medio_alto
8,10000.0,1,1.0,2,2,1,0,0,1,1,1,0,0,0,0,0,medio_baixo
1,10000.0,0,0.0,1,4,1,0,0,1,1,0,1,1,1,0,0,alto
2,0.0,0,0.0,103,1,1,0,0,0,0,0,0,1,0,0,0,medio_baixo
5,10000.0,16,0.4375,1,6,1,0,0,0,1,1,1,1,0,0,1,medio_alto
6,0.0,0,0.0,0,0,1,0,0,0,0,0,0,0,0,0,0,gratuito
2,10000.0,0,0.0,1,3,1,1,0,0,1,0,0,0,0,0,1,gratuito
5,10000.0,2,0.5,2,3,1,0,0,0,1,0,1,0,0,1,0,alto
1,10000.0,39,0.6923076923076923,10,1,1,0,0,34,0,0,0,0,0,0,1,medio_alto
4,0.0,0,0.0,3,5,1,0,0,25,1,0,0,1,0,1,1,gratuito
3,0.0,0,0.0,0,0,1,0,0,0,0,0,0,0,0,0,0,gratuito
7,10000.0,12,0.9166666666666666,1,1,1,0,0,0,0,0,0,0,0,0,0,gratuito
1,10000.0,0,0.0,1,2,1,0,0,0,0,0,1,0,1,0,0,alto
10,75000.0,25,0.92,2,1,1,1,0,0,0,0,1,0,0,0,0,gratuito
6,10000.0,20,0.4,1,3,1,0,0,0,1,0,0,1,0,1,0,baixo
2,10000.0,0,0.0,1,1,1,1,1,0,0,0,0,0,0,1,0,medio_alto
10,35000.0,187,0.7005347593582888,2,1,1,1,1,1,1,0,0,0,0,0,0,baixo
1,10000.0,0,0.0,3,4,1,0,0,0,1,0,1,0,1,1,0,medio_alto
3,10000.0,20,1.0,1,2,1,0,0,1,1,1,0,0,0,0,0,medio_alto
6,10000.0,0,0.0,1,3,1,0,0,0,1,0,1,0,1,0,0,baixo
3,10000.0,2,1.0,1,1,1,0,0,0,0,1,0,0,0,0,0,medio_baixo
3,10000.0,0,0.0,1,3,1,0,0,0,1,0,1,0,1,0,0,medio_alto
2,10000.0,47,0.7872340425531915,11,3,1,0,0,1,1,0,0,1,0,0,1,medio_baixo
8,150000.0,289,0.6643598615916955,2,3,1,0,0,0,1,0,0,0,0,1,0,gratuito
3,10000.0,5,1.0,2,2,1,0,0,0,1,0,0,1,0,0,0,medio_baixo
6,10000.0,7,0.8571428571428571,9,4,1,0,0,0,1,1,0,1,0,0,1,baixo
3,35000.0,86,0.7441860465116279,8,4,1,0,0,0,1,1,1,1,0,0,0,medio_baixo
6,350000.0,4832,0.8770695364238411,5,3,1,1,1,1,1,0,0,1,0,0,0,gratuito
6,10000.0,4,0.5,1,4,1,0,0,0,1,1,0,1,0,1,0,baixo
7,10000.0,37,0.5675675675675675,10,2,1,0,0,0,0,1,1,0,0,0,0,medio_baixo
4,10000.0,2,0.0,1,3,1,0,0,0,1,0,0,1,1,0,0,baixo
1,0.0,0,0.0,6,2,1,0,0,1,1,0,0,0,0,0,0,gratuito
2,10000.0,8,0.25,1,5,1,0,0,0,1,1,1,0,1,0,0,medio_baixo
3,0.0,0,0.0,0,0,1,0,0,0,0,0,0,0,0,0,0,gratuito
2,10000.0,93,0.5591397849462365,10,3,1,0,0,0,1,0,0,1,0,1,0,medio_alto
1,0.0,0,0.0,0,0,1,0,0,0,0,0,0,0,0,0,0,gratuito
4,10000.0,12,0.9166666666666666,1,2,1,0,0,1,1,0,0,1,0,0,0,medio_baixo
10,35000.0,6,0.5,5,2,1,0,0,0,1,1,0,0,0,0,0,baixo
5,10000.0,16,0.9375,1,2,1,0,0,0,1,0,1,0,0,0,0,medio_baixo
12,150000.0,439,0.835990888382688,11,2,1,1,1,0,0,0,1,1,0,0,0,medio_baixo
12,35000.0,307,0.5667752442996743,6,2,1,0,0,0,0,0,0,0,0,1,1,baixo
5,10000.0,3,0.6666666666666666,2,3,1,0,0,0,1,1,1,0,0,0,0,baixo
1,0.0,0,0.0,0,0,1,0,0,0,0,0,0,0,0,0,0,gratuito
5,750000.0,7422,0.6553489625437887,9,2,1,0,0,8,0,1,1,0,0,0,0,medio_alto
7,350000.0,1019,0.8763493621197253,17,2,1,1,0,0,0,0,0,0,0,0,1,gratuito
3,75000.0,271,0.7970479704797048,1,3,1,0,0,1,1,0,1,0,1,0,0,medio_baixo
5,75000.0,1567,0.7817485641352904,1,3,1,1,0,0,1,0,0,0,0,0,0,gratuito
8,10000.0,62,0.9516129032258065,1,2,1,0,0,1,1,0,1,0,0,0,0,baixo
2,10000.0,84,0.7976190476190477,6,4,1,0,0,0,1,0,0,1,1,0,1,medio_alto
1,750000.0,20175,0.7706567534076828,11,3,1,0,0,2,0,1,1,0,1,0,0,alto
7,10000.0,2,1.0,1,2,1,0,0,0,0,0,1,0,0,0,0,medio_alto
2,10000.0,0,0.0,2,2,1,0,0,0,1,0,0,1,0,0,0,medio_baixo
12,75000.0,150,0.8666666666666667,2,2,1,0,0,1,1,1,0,0,0,0,0,medio_baixo
1,0.0,0,0.0,0,0,1,0,0,0,0,0,0,0,0,0,0,gratuito
9,750000.0,14536,0.722138139790864,9,3,1,0,0,2,1,1,1,0,0,0,0,medio_baixo
1,0.0,0,0.0,7,5,1,1,0,0,1,0,1,1,1,0,1,medio_alto
5,10000.0,0,0.0,1,2,1,0,0,1,1,0,0,1,0,0,0,baixo
8,10000.0,487,0.8891170431211499,4,5,1,0,0,0,1,1,1,0,1,0,0,medio_alto
1,0.0,0,0.0,0,0,1,0,0,0,0,0,0,0,0,0,0,gratuito
2,10000.0,5,1.0,103,4,1,0,1,0,1,0,1,1,0,1,0,medio_baixo
10,350000.0,1225,0.7044897959183674,1,4,1,0,0,0,1,1,1,0,1,0,0,baixo
6,35000.0,171,0.847953216374269,1,2,1,0,0,0,0,1,1,0,0,0,0,gratuito
7,10000.0,22,0.9090909090909091,1,3,1,0,1,0,1,0,0,1,0,0,0,medio_baixo
2,10000.0,34,0.7941176470588235,1,3,1,0,0,0,1,1,1,0,0,0,0,medio_baixo
4,75000.0,7,0.7142857142857143,1,1,1,0,0,0,0,0,0,0,1,0,0,baixo
9,75000.0,188,0.5904255319148937,1,2,1,0,0,1,1,1,0,0,0,0,0,baixo
4,10000.0,0,0.0,1,2,1,0,1,0,1,1,0,0,0,0,0,medio_alto
5,0.0,0,0.0,1,3,1,0,0,0,0,0,0,0,1,1,0,gratuito
6,350000.0,124,0.6693548387096774,1,4,1,1,0,0,0,1,0,0,1,0,0,gratuito
10,10000.0,20,0.5,2,3,1,1,1,0,1,1,0,1,0,0,0,medio_alto
6,10000.0,42,0.9047619047619048,29,3,1,1,0,0,1,0,1,1,0,0,0,medio_baixo
9,10000.0,47,0.8723404255319149,1,3,1,0,0,0,1,1,0,0,0,0,0,medio_alto
2,10000.0,10,0.9,1,2,1,1,1,0,0,0,0,1,0,0,1,baixo
7,75000.0,800,0.83625,10,1,1,0,0,1,0,1,0,0,0,0,0,alto
1,10000.0,0,0.0,1,2,1,0,0,0,1,1,0,0,0,0,0,baixo
3,75000.0,371,0.9353099730458221,7,3,1,0,0,1,1,0,1,1,0,0,0,alto
1,10000.0,0,0.0,1,4,1,1,0,0,1,0,0,1,0,1,1,medio_baixo
6,350000.0,3777,0.6881122584061424,10,4,1,0,0,3,1,0,0,0,1,1,1,alto
9,10000.0,57,0.5964912280701754,1,3,1,1,1,0,1,0,0,1,0,0,1,baixo
5,10000.0,47,0.7021276595744681,1,1,1,0,0,0,0,1,0,0,0,0,0,gratuito
1,10000.0,0,0.0,3,4,1,0,0,0,1,1,1,0,0,0,0,alto
1,10000.0,0,0.0,10,6,1,0,0,0,1,1,1,1,1,0,0,baixo
4,10000.0,2,0.5,1,3,1,0,0,0,1,0,1,1,0,0,0,alto
3,10000.0,0,0.0,1,3,1,0,0,0,1,1,0,1,0,0,0,baixo
2,0.0,0,0.0,1,4,1,0,0,0,0,0,0,0,1,0,0,gratuito
1,10000.0,0,0.0,2,1,1,0,0,0,0,1,0,0,0,0,0,medio_baixo
8,10000.0,21,0.7142857142857143,1,3,1,0,0,0,0,0,1,1,0,0,0,gratuito
8,10000.0,13,1.0,3,2,1,0,0,0,1,0,1,0,0,0,0,medio_baixo
3,0.0,0,0.0,103,1,1,0,0,0,0,0,0,1,0,0,0,baixo
1,10000.0,25,0.8,5,3,1,0,0,0,1,0,0,1,0,1,0,medio_baixo
6,10000.0,17,0.9411764705882353,2,3,1,0,0,0,1,0,0,1,0,1,0,baixo
2,0.0,0,0.0,2,2,1,0,0,0,0,0,0,1,0,0,0,gratuito
2,10000.0,6,0.6666666666666666,1,2,1,0,0,0,1,1,0,0,0,0,0,medio_alto
4,10000.0,134,0.8283582089552238,8,4,1,0,0,0,1,1,1,0,1,0,0,baixo
4,10000.0,0,0.0,1,1,1,0,0,0,0,1,0,0,0,0,0,medio_alto
1,0.0,0,0.0,0,0,1,0,0,0,0,0,0,0,0,0,0,gratuito
10,35000.0,56,0.7321428571428571,1,2,1,1,1,0,1,0,0,0,0,1,0,baixo
5,10000.0,0,0.0,1,4,1,0,1,0,1,0,1,1,0,0,1,medio_baixo
1,10000.0,0,0.0,1,3,1,0,0,0,1,0,0,0,0,1,1,medio_baixo
6,10000.0,62,0.8064516129032258,9,3,1,0,0,13,1,1,0,0,1,0,0,medio_alto
2,10000.0,60,0.95,3,1,1,0,1,0,0,0,0,0,0,1,0,medio_alto
3,10000.0,0,0.0,1,3,1,0,0,5,1,0,0,0,1,0,0,gratuito
11,150000.0,147,0.8639455782312925,1,1,1,1,0,0,0,1,0,0,0,0,0,baixo
1,10000.0,0,0.0,3,4,1,1,0,0,1,0,1,0,0,1,1,medio_alto
2,150000.0,3130,0.8373801916932907,7,0,1,0,0,0,0,0,0,0,0,0,0,medio_alto
5,10000.0,5,1.0,1,4,1,0,0,0,1,1,0,1,0,0,0,gratuito
14,150000000.0,8815087,0.8669323399757711,29,2,1,0,1,1,0,1,0,0,0,0,0,gratuito
1,0.0,0,0.0,0,0,1,0,0,0,0,0,0,0,0,0,0,gratuito
10,10000.0,38,0.7368421052631579,5,3,1,1,0,0,1,0,0,1,0,1,0,medio_baixo
1,0.0,0,0.0,0,0,1,0,0,0,0,0,0,0,0,0,0,gratuito
6,35000.0,50,0.9,4,1,1,0,0,1,1,0,0,0,0,0,0,alto
12,10000.0,395,0.9696202531645569,3,2,1,1,1,0,0,0,1,1,0,0,0,medio_alto
6,10000.0,16,0.75,1,2,1,1,0,0,1,0,0,1,0,0,0,medio_alto
1,0.0,0,0.0,1,3,1,1,0,0,1,0,1,0,1,0,0,alto
5,10000.0,76,0.8157894736842105,5,1,1,0,0,0,1,0,0,0,0,0,0,medio_alto
2,10000.0,159,0.9559748427672956,5,1,1,0,0,0,0,0,0,1,0,0,0,baixo
10,35000.0,737,0.9308005427408412,1,2,1,0,0,0,0,1,0,0,0,0,1,medio_alto
2,10000.0,16,0.8125,9,1,1,1,0,0,0,0,0,0,0,1,0,alto
1,0.0,0,0.0,2,4,1,0,0,0,1,0,0,1,1,1,0,baixo
2,10000.0,4,1.0,1,6,1,0,0,1,1,0,1,1,1,1,1,alto
6,10000.0,59,0.8813559322033898,7,2,1,1,0,0,0,0,0,0,0,1,1,alto
6,10000.0,26,0.8461538461538461,1,5,1,0,0,0,1,0,1,1,1,0,1,baixo
2,0.0,0,0.0,0,0,1,0,0,0,0,0,0,0,0,0,0,gratuito
2,0.0,0,0.0,1,7,1,0,0,0,1,0,0,1,1,0,1,gratuito
9,10000.0,241,0.8298755186721992,14,2,1,1,0,0,1,1,0,0,0,0,0,baixo
4,0.0,0,0.0,0,0,1,0,0,0,0,0,0,0,0,0,0,gratuito
9,10000.0,27,0.4074074074074074,2,2,1,0,0,0,0,0,1,1,0,0,0,medio_baixo
11,150000.0,1186,0.6829679595278246,6,3,1,0,0,0,1,0,0,0,0,1,1,medio_baixo
1,10000.0,0,0.0,2,1,1,0,0,0,0,1,0,0,0,0,0,alto
2,10000.0,5,0.8,1,3,1,0,0,0,1,1,0,1,0,0,0,medio_alto
2,10000.0,2,1.0,1,3,1,0,0,0,1,1,1,0,0,0,0,medio_baixo
6,10000.0,5,1.0,4,3,1,1,0,0,1,0,0,0,0,1,0,alto
1,0.0,0,0.0,1,3,1,0,0,0,1,0,0,1,0,0,0,gratuito
8,10000.0,1,1.0,1,2,1,0,0,0,0,0,1,1,0,0,0,medio_alto
2,35000.0,24,0.8333333333333334,2,4,1,0,0,0,1,1,1,0,0,1,0,baixo
5,35000.0,58,0.5517241379310345,4,5,1,0,0,0,1,1,1,1,0,1,0,baixo
2,10000.0,0,0.0,1,4,1,0,0,0,1,0,0,0,0,0,1,gratuito
1,0.0,0,0.0,0,0,1,0,0,0,0,0,0,0,0,0,0,gratuito
2,10000.0,8,0.5,7,3,1,0,1,0,1,0,0,0,0,0,1,alto
5,10000.0,22,0.7727272727272727,1,3,1,0,0,0,1,0,0,0,0,0,1,alto
5,10000.0,7,1.0,1,2,1,0,0,0,1,0,1,0,0,0,0,alto
1,10000.0,0,0.0,1,3,1,0,0,0,1,0,1,0,1,0,0,alto
3,150000.0,30,0.9333333333333333,1,1,1,0,1,0,0,0,1,0,0,0,0,baixo
1,0.0,0,0.0,2,3,1,0,0,0,1,0,1,0,0,0,0,gratuito
4,350000.0,1,1.0,1,8,1,0,0,0,1,1,1,1,1,1,1,medio_alto
4,35000.0,2,1.0,1,1,1,0,0,0,0,1,0,0,0,0,0,medio_baixo
3,0.0,0,0.0,103,3,1,0,0,0,0,0,0,1,0,1,1,baixo
1,0.0,0,0.0,0,0,1,0,0,0,0,0,0,0,0,0,0,gratuito
2,10000.0,12,0.4166666666666667,2,4,1,1,0,0,1,1,0,0,0,1,1,medio_baixo
2,10000.0,123,0.9349593495934959,2,1,1,0,1,0,0,0,0,0,0,1,0,medio_alto
9,10000.0,14,1.0,1,2,1,0,0,0,1,0,0,1,0,0,0,gratuito
4,35000.0,340,0.8411764705882353,10,4,1,0,0,1,1,1,1,1,0,0,0,baixo
7,35000.0,407,0.6486486486486487,8,5,1,0,0,0,1,1,1,0,0,0,1,alto
4,35000.0,10,1.0,8,3,1,1,0,0,0,0,1,1,0,1,0,alto
4,75000.0,2,1.0,1,4,1,0,0,0,1,0,1,0,1,0,0,medio_alto
9,10000.0,12,0.9166666666666666,1,3,1,0,0,0,1,0,0,0,0,1,1,medio_baixo
2,10000.0,13,0.07692307692307693,8,4,1,0,0,0,0,0,0,1,0,1,1,alto
1,10000.0,0,0.0,3,3,1,0,0,0,1,1,1,0,0,0,0,medio_baixo
5,0.0,0,0.0,4,3,1,1,0,0,0,0,0,0,0,0,0,gratuito
2,10000.0,14,0.9285714285714286,1,3,1,0,0,0,0,0,0,1,0,0,0,gratuito
1,10000.0,0,0.0,24,2,1,0,0,0,1,0,0,0,1,0,0,medio_baixo
2,10000.0,19,0.8947368421052632,4,2,1,0,0,0,0,1,0,0,0,0,0,alto
5,75000.0,23,0.9565217391304348,1,1,1,0,1,0,1,0,0,0,0,0,0,medio_alto
1,10000.0,0,0.0,1,2,1,0,1,0,1,1,0,0,0,0,0,medio_baixo
4,10000.0,3,1.0,1,3,1,0,0,0,1,1,1,0,0,0,0,medio_alto
3,10000.0,0,0.0,3,1,1,0,0,0,0,0,1,0,0,0,0,gratuito
11,10000.0,59,0.8813559322033898,2,2,1,0,0,0,1,1,0,0,0,0,0,baixo
6,10000.0,81,0.5925925925925926,1,2,1,0,0,16,1,0,0,0,0,0,1,alto
1,10000.0,0,0.0,5,2,1,1,1,0,1,0,1,0,0,0,0,alto
2,10000.0,0,0.0,30,4,1,0,0,0,1,0,1,1,0,0,1,medio_baixo
10,10000.0,25,0.96,1,3,1,1,1,0,1,0,1,0,0,0,1,alto
1,0.0,0,0.0,1,5,1,0,0,0,1,1,0,0,0,0,0,gratuito
7,35000.0,139,0.7122302158273381,10,3,1,0,0,0,1,1,0,0,0,0,0,medio_baixo
1,10000.0,0,0.0,2,4,1,0,0,0,1,0,1,1,1,0,0,alto
3,350000.0,354,0.8050847457627118,12,4,1,1,1,0,1,0,1,0,1,1,0,medio_alto
11,35000.0,70,0.6285714285714286,1,3,1,0,0,0,1,0,0,0,1,1,0,gratuito
7,10000.0,1,0.0,2,3,1,0,0,0,1,0,0,1,0,0,0,medio_baixo
1,10000.0,0,0.0,15,3,1,0,0,1,0,1,1,0,1,0,0,alto
9,35000.0,113,0.7168141592920354,1,1,1,0,0,0,1,0,0,0,0,0,0,baixo
1,10000.0,0,0.0,13,3,1,0,0,0,1,1,1,0,0,0,0,baixo
2,10000.0,7,1.0,1,2,1,1,0,0,1,0,1,0,0,0,0,medio_alto
4,0.0,0,0.0,6,4,1,0,0,0,1,1,1,0,0,0,0,gratuito
4,0.0,0,0.0,0,0,1,0,0,0,0,0,0,0,0,0,0,gratuito
2,0.0,0,0.0,0,0,1,0,0,0,0,0,0,0,0,0,0,gratuito
7,10000.0,8,0.75,1,4,1,1,0,0,1,0,1,1,0,0,1,medio_alto
6,15000000.0,768779,0.9581570256211474,26,3,1,0,0,0,1,1,0,0,0,0,0,alto
3,10000.0,0,0.0,1,2,1,1,1,1,1,0,0,0,0,0,0,medio_alto
2,10000.0,5,1.0,1,2,1,0,0,0,1,0,0,1,0,0,0,baixo
5,0.0,0,0.0,2,4,1,0,0,0,1,0,1,1,1,0,0,gratuito
1,0.0,0,0.0,1,2,1,0,1,0,0,0,1,0,0,0,0,gratuito
7,10000.0,0,0.0,9,2,1,0,0,0,1,0,0,1,0,0,0,baixo
10,75000.0,386,0.8341968911917098,1,4,1,1,1,0,1,1,0,1,0,0,0,baixo
13,75000.0,651,0.8310291858678955,8,2,1,0,1,0,1,1,0,0,0,0,0,medio_baixo
4,0.0,0,0.0,0,0,1,0,0,0,0,0,0,0,0,0,0,gratuito
1,10000.0,0,0.0,27,3,1,0,0,0,1,0,0,1,0,0,1,medio_baixo
2,10000.0,0,0.0,1,2,1,0,0,0,1,0,0,1,0,0,0,medio_baixo
5,10000.0,1,1.0,1,3,1,0,0,0,1,1,0,1,0,0,0,medio_baixo
2,0.0,0,0.0,0,0,1,0,0,0,0,0,0,0,0,0,0,gratuito
9,10000.0,18,0.5,1,5,1,1,1,0,1,1,1,1,0,0,1,baixo
4,10000.0,0,0.0,29,2,1,0,0,1,1,0,0,1,0,0,0,baixo
2,10000.0,38,0.8947368421052632,1,4,1,0,0,1,1,1,0,1,0,0,0,gratuito
6,75000.0,887,0.7711386696730552,11,1,1,0,0,0,0,0,1,0,0,0,0,medio_alto
8,10000.0,1,1.0,5,1,1,0,0,0,0,0,0,1,0,0,0,medio_baixo
3,10000.0,6,0.5,26,5,1,0,0,0,1,1,1,0,1,0,1,baixo
2,0.0,0,0.0,1,6,1,1,0,0,1,1,0,1,0,1,0,gratuito
7,10000.0,4,0.75,1,1,1,0,0,0,1,0,0,0,0,0,0,medio_alto
5,75000.0,1,1.0,1,3,1,1,0,0,0,1,1,1,0,0,0,medio_baixo
1,10000.0,0,0.0,1,2,1,0,0,0,0,0,0,0,0,0,1,alto
1,0.0,0,0.0,1,5,1,0,0,0,1,1,1,0,0,0,0,gratuito
13,350000.0,529,0.6049149338374291,1,2,1,1,0,0,1,0,1,0,0,0,0,medio_alto
7,10000.0,14,0.6428571428571429,1,2,1,0,0,0,1,0,0,1,0,0,0,medio_alto
11,150000.0,856,0.677570093457944,4,3,1,0,0,0,0,1,1,0,0,0,0,medio_baixo
10,10000.0,33,0.9393939393939394,1,4,1,1,1,1,1,1,1,0,1,0,0,alto
1,10000.0,4,1.0,1,3,1,0,1,0,1,1,0,0,0,0,0,medio_alto
5,10000.0,99,0.8282828282828283,1,3,1,0,0,0,1,1,0,1,0,0,0,medio_alto
2,10000.0,15,1.0,2,1,1,1,1,0,0,0,0,0,0,0,1,medio_baixo
19,750000.0,2350,0.8817021276595745,5,1,1,0,0,0,0,0,0,0,0,1,0,gratuito
4,10000.0,0,0.0,4,5,1,0,0,1,1,1,0,1,0,1,0,gratuito
4,35000.0,59,0.5254237288135594,1,1,1,0,0,0,0,0,0,0,0,0,0,medio_baixo
1,10000.0,30,0.9666666666666667,6,2,1,0,0,1,1,0,0,1,0,0,0,alto
10,10000.0,17,0.9411764705882353,1,2,1,1,1,0,0,1,1,0,0,0,0,baixo
1,0.0,0,0.0,103,1,1,0,0,0,0,0,0,1,0,0,0,medio_baixo
6,35000.0,1942,0.5113285272914521,1,2,1,0,0,0,1,1,0,0,0,0,0,gratuito
8,10000.0,15,0.5333333333333333,1,3,1,1,1,0,1,0,1,0,1,0,0,medio_alto
4,10000.0,28,0.8571428571428571,2,4,1,0,0,0,1,0,0,1,1,0,0,alto
9,10000.0,14,0.6428571428571429,1,5,1,1,1,0,1,1,1,0,1,0,0,alto
1,0.0,0,0.0,0,0,1,0,0,0,0,0,0,0,0,0,0,gratuito
9,10000.0,47,0.5531914893617021,1,2,1,0,0,0,1,0,0,0,0,1,0,baixo
6,35000.0,352,0.8551136363636364,6,3,1,1,1,0,1,0,0,0,0,1,1,medio_baixo
4,35000.0,1126,0.6225577264653641,12,2,1,0,0,1,0,1,0,0,1,0,0,alto
9,10000.0,8,0.75,1,3,1,0,0,0,1,1,0,1,0,0,0,medio_alto
4,10000.0,4,1.0,1,4,1,0,0,0,1,0,0,1,0,0,0,baixo
5,0.0,0,0.0,0,0,1,0,0,0,0,0,0,0,0,0,0,gratuito
7,10000.0,17,0.6470588235294118,1,4,1,0,0,0,1,0,0,1,0,0,0,baixo
2,10000.0,0,0.0,2,5,1,0,0,0,1,0,0,0,1,1,1,gratuito
2,10000.0,0,0.0,1,3,1,0,0,0,1,1,0,1,0,0,0,medio_alto
3,10000.0,0,0.0,6,2,1,0,0,1,0,1,1,0,0,0,0,alto
10,350000.0,2231,0.7382339757956073,1,4,1,1,1,1,1,1,1,0,1,0,0,alto
5,35000.0,593,0.7217537942664418,1,3,1,0,0,0,1,0,0,0,1,1,0,alto
2,750000.0,16196,0.7301802914299828,11,2,1,0,0,0,0,0,0,0,0,0,0,alto
4,10000.0,34,0.6176470588235294,2,2,1,0,0,0,1,0,1,0,0,0,0,medio_baixo
1,10000.0,8,1.0,1,2,1,0,0,0,1,0,0,1,0,0,0,baixo
8,3500000.0,353960,0.9726212001356085,21,1,1,1,0,3,0,0,0,0,0,1,0,medio_alto
1,0.0,0,0.0,0,0,1,0,0,0,0,0,0,0,0,0,0,gratuito
5,150000.0,15,0.6,1,2,1,0,0,0,0,0,1,1,0,0,0,medio_baixo
10,10000.0,11,0.6363636363636364,1,4,1,0,0,0,1,0,1,0,1,0,0,alto
9,10000.0,14,0.35714285714285715,2,2,1,0,0,0,0,1,1,0,0,0,0,alto
3,10000.0,116,0.46551724137931033,9,5,1,0,0,0,1,1,1,1,0,1,0,alto
7,10000.0,12,0.3333333333333333,2,3,1,1,0,0,1,1,1,0,0,0,0,medio_baixo
1,10000.0,0,0.0,11,3,1,0,0,2,0,0,0,1,1,0,1,alto
1,10000.0,0,0.0,7,2,1,0,0,0,1,0,0,1,0,0,0,medio_baixo
4,35000.0,3,1.0,1,3,1,0,0,0,1,1,1,0,0,0,0,baixo
2,35000.0,2,1.0,1,4,1,0,0,0,1,0,1,0,1,1,0,medio_alto
4,35000.0,19,0.7894736842105263,1,4,1,0,0,0,1,1,0,0,0,1,0,medio_alto
2,10000.0,0,0.0,1,4,1,0,0,0,1,0,0,1,0,1,1,baixo
6,10000.0,0,0.0,29,3,1,1,0,0,1,0,0,1,0,1,0,baixo
2,10000.0,8,0.75,1,3,1,1,1,0,1,0,0,1,0,1,0,medio_baixo
4,35000.0,162,0.8518518518518519,4,2,1,0,0,0,1,0,0,0,1,0,0,medio_alto
1,10000.0,0,0.0,13,2,1,0,0,6,0,1,1,0,0,0,0,alto
2,10000.0,19,1.0,1,2,1,0,0,0,1,1,0,0,0,0,0,baixo
2,10000.0,0,0.0,40,3,1,0,0,0,0,0,1,1,0,0,1,alto
3,10000.0,0,0.0,4,4,1,0,0,0,0,1,1,1,0,1,0,baixo
6,150000.0,807,0.5514250309789344,5,1,1,1,0,3,0,0,0,0,0,1,0,medio_alto
9,75000.0,122,0.5901639344262295,2,2,1,0,0,0,1,0,1,0,0,0,0,baixo
16,150000.0,1106,0.7540687160940326,5,2,1,0,0,0,0,0,0,0,0,1,0,alto
1,10000.0,2,1.0,1,2,1,0,0,0,1,1,0,0,0,0,0,baixo
10,10000.0,9,0.1111111111111111,1,2,1,0,0,0,1,0,0,0,0,0,1,alto
1,0.0,0,0.0,103,3,1,0,0,3,1,0,0,1,0,0,0,gratuito
5,35000.0,5,0.6,1,2,1,0,0,0,1,1,0,0,0,0,0,baixo
1,0.0,0,0.0,2,2,1,1,1,0,1,0,1,0,0,0,0,alto
6,10000.0,6,1.0,1,2,1,0,0,0,1,0,0,1,0,0,0,baixo
2,10000.0,1,1.0,1,2,1,0,0,0,1,0,0,1,0,0,0,medio_baixo
9,35000.0,154,0.8766233766233766,8,3,1,0,0,0,1,0,0,1,1,0,0,medio_alto
1,10000.0,0,0.0,6,2,1,0,0,2,0,1,1,0,0,0,0,alto
1,0.0,0,0.0,0,0,1,0,0,0,0,0,0,0,0,0,0,gratuito
3,10000.0,1,1.0,2,4,1,0,0,0,1,1,1,0,1,0,0,medio_baixo
5,10000.0,14,0.7142857142857143,3,1,1,0,0,1,0,0,0,0,1,0,0,medio_alto
2,0.0,0,0.0,0,0,1,0,0,0,0,0,0,0,0,0,0,gratuito
2,10000.0,5,1.0,1,2,1,0,0,0,1,1,0,0,0,0,0,medio_baixo
5,350000.0,528,0.6174242424242424,3,3,1,0,0,3,0,0,1,1,0,0,1,baixo
3,10000.0,2,1.0,1,1,1,0,0,0,0,1,0,0,0,0,0,medio_alto
5,0.0,0,0.0,0,0,1,0,0,0,0,0,0,0,0,0,0,gratuito
6,10000.0,14,0.5714285714285714,3,4,1,0,0,0,1,1,0,1,0,1,0,medio_alto
1,0.0,0,0.0,0,0,1,0,0,0,0,0,0,0,0,0,0,gratuito
1,0.0,0,0.0,2,3,1,0,0,0,1,1,0,1,0,0,0,medio_alto
9,10000.0,3,0.0,12,2,1,1,1,0,1,0,0,1,0,0,0,alto
2,10000.0,2,0.0,3,1,1,1,1,0,0,0,0,1,0,0,0,medio_alto
3,10000.0,4,1.0,1,2,1,0,0,0,1,0,0,1,0,0,0,medio_baixo
2,0.0,0,0.0,0,0,1,0,0,0,0,0,0,0,0,0,0,gratuito
8,35000.0,52,0.5769230769230769,2,2,1,0,0,0,0,0,0,0,1,1,0,medio_baixo
5,0.0,0,0.0,0,0,1,0,0,0,0,0,0,0,0,0,0,gratuito
8,10000.0,25,1.0,1,1,1,0,0,0,0,1,0,0,0,0,0,medio_baixo
1,10000.0,10,1.0,1,2,1,0,0,0,1,0,0,0,0,0,1,alto
1,10000.0,0,0.0,1,3,1,0,0,0,0,0,0,1,0,0,1,gratuito
11,350000.0,2533,0.7994472956968022,9,6,1,0,0,0,1,1,1,0,1,1,1,baixo
1,0.0,0,0.0,0,0,1,0,0,0,0,0,0,0,0,0,0,gratuito
1,0.0,0,0.0,102,2,1,0,0,0,1,0,0,1,0,0,0,baixo
2,10000.0,17,0.8235294117647058,1,6,1,0,0,0,1,1,0,1,0,1,1,gratuito
4,10000.0,23,0.6956521739130435,1,3,1,0,0,0,1,1,0,0,0,0,0,alto
6,35000.0,785,0.8573248407643312,6,3,1,1,0,0,1,1,1,0,0,0,0,medio_baixo
1,0.0,0,0.0,13,4,1,0,0,0,1,0,0,1,0,1,0,gratuito
5,10000.0,29,0.3448275862068966,2,4,1,0,0,1,1,1,0,1,0,1,0,baixo
8,10000.0,6,0.8333333333333334,1,3,1,1,0,0,1,1,0,1,0,0,0,baixo
6,10000.0,1,1.0,1,2,1,0,0,0,1,0,1,0,0,0,0,medio_baixo
2,10000.0,243,0.9629629629629629,1,4,1,1,1,0,0,0,0,0,0,0,1,medio_alto
6,10000.0,27,0.9629629629629629,1,3,1,0,0,0,1,0,0,1,0,0,1,baixo
1,10000.0,42,0.9523809523809523,1,4,1,0,0,0,1,1,0,1,0,0,1,medio_baixo
11,35000.0,64,0.65625,5,5,1,0,0,0,1,0,1,1,0,1,1,baixo
3,10000.0,14,0.7142857142857143,7,3,1,0,0,0,1,0,1,1,0,0,0,baixo
6,10000.0,3,0.3333333333333333,1,4,1,0,0,0,1,1,1,1,0,0,0,medio_alto
10,10000.0,19,0.8947368421052632,1,2,1,1,1,0,1,1,0,0,0,0,0,alto
2,10000.0,0,0.0,1,8,1,0,0,0,1,1,1,1,1,1,1,baixo
8,10000.0,47,0.14893617021276595,1,2,1,0,0,0,1,0,0,0,0,0,1,medio_alto
8,10000.0,30,0.8666666666666667,2,3,1,0,0,0,1,0,0,1,0,0,1,medio_baixo
1,0.0,0,0.0,1,4,1,0,0,0,1,1,1,0,0,1,0,alto
8,10000.0,11,0.5454545454545454,4,4,1,0,0,0,1,1,1,1,0,0,0,alto
1,10000.0,1,1.0,2,1,1,0,0,0,0,0,0,1,0,0,0,baixo
1,10000.0,0,0.0,1,5,1,0,0,0,0,1,1,0,1,0,1,alto
7,10000.0,33,0.8484848484848485,8,3,1,0,0,0,1,0,0,0,0,1,0,alto
4,10000.0,99,0.898989898989899,4,4,1,0,1,1,1,1,1,0,0,1,0,medio_baixo
2,0.0,0,0.0,1,2,1,0,0,2,0,0,0,0,0,0,0,gratuito
3,10000.0,66,0.7878787878787878,3,4,1,0,0,0,1,1,1,0,1,0,0,medio_baixo
11,75000.0,566,0.7473498233215548,5,3,1,0,0,0,1,1,1,0,0,0,0,medio_alto
3,750000.0,18251,0.816448413785546,9,2,1,0,0,15,0,0,0,0,1,1,0,alto
4,10000.0,7,0.7142857142857143,1,2,1,1,0,0,1,0,1,0,0,0,0,medio_alto
2,10000.0,13,1.0,7,2,1,0,0,0,1,1,0,0,0,0,0,medio_baixo
6,10000.0,102,0.8823529411764706,1,1,1,0,0,0,0,1,0,0,0,0,0,medio_alto
6,10000.0,149,0.7785234899328859,2,4,1,0,0,1,1,1,1,1,0,0,0,gratuito
4,0.0,0,0.0,1,2,1,0,0,0,1,0,0,1,0,0,0,gratuito
7,10000.0,0,0.0,1,5,1,0,0,0,1,0,0,1,1,0,1,baixo
8,75000.0,415,0.7734939759036145,1,5,1,1,0,0,1,0,1,1,0,0,0,baixo
7,75000.0,63,0.6507936507936508,1,3,1,1,1,0,0,1,0,0,0,0,1,medio_alto
7,10000.0,14,0.42857142857142855,3,1,1,0,0,0,0,0,0,0,0,0,1,baixo
2,10000.0,30,0.9666666666666667,8,2,1,0,0,2,0,1,0,1,0,0,0,baixo
1,0.0,0,0.0,2,4,1,0,0,0,1,0,0,1,0,0,1,medio_baixo
4,0.0,0,0.0,0,0,1,0,0,0,0,0,0,0,0,0,0,gratuito
6,35000.0,57,0.6140350877192983,12,2,1,1,1,0,1,1,0,0,0,0,0,gratuito
12,35000.0,100,0.67,1,1,1,0,0,0,0,0,1,0,0,0,0,baixo
1,10000.0,0,0.0,1,3,1,1,0,0,1,1,1,0,0,0,0,medio_baixo
1,0.0,0,0.0,13,4,1,0,0,0,1,1,1,1,0,0,0,medio_alto
2,10000.0,4,1.0,1,1,1,0,0,0,0,0,1,0,0,0,0,medio_baixo
1,10000.0,0,0.0,4,2,1,0,0,0,1,0,0,1,0,0,0,medio_alto
1,10000.0,0,0.0,1,4,1,0,0,0,1,1,1,0,0,0,0,alto
5,0.0,0,0.0,1,2,1,0,0,0,0,1,1,0,0,0,0,gratuito
3,10000.0,3,0.6666666666666666,1,1,1,1,0,0,0,0,0,1,0,0,0,medio_alto
1,10000.0,13,0.8461538461538461,10,2,1,0,0,0,1,0,1,0,0,0,0,alto
12,35000.0,127,0.6535433070866141,6,4,1,1,1,0,1,1,1,1,0,0,0,alto
1,0.0,0,0.0,1,1,1,0,1,0,1,0,0,0,0,0,0,baixo
3,0.0,0,0.0,1,3,1,0,0,0,1,1,0,0,0,0,0,gratuito
2,10000.0,83,0.9518072289156626,4,4,1,0,0,0,1,0,1,1,0,0,1,medio_baixo
5,10000.0,0,0.0,1,5,1,1,0,0,1,0,0,1,1,1,1,alto
11,35000.0,112,0.5714285714285714,1,1,1,1,0,0,1,0,0,0,0,0,0,medio_alto
1,10000.0,0,0.0,1,2,1,0,0,0,1,0,0,1,0,0,0,baixo
2,10000.0,3,0.6666666666666666,1,1,1,0,0,0,0,0,0,1,0,0,0,medio_alto
2,0.0,0,0.0,1,4,1,0,0,0,1,1,1,0,1,0,0,gratuito
1,35000.0,396,0.76010101010101,7,4,1,0,0,3,1,0,1,0,1,1,0,alto
4,10000.0,30,0.8333333333333334,1,1,1,1,0,0,1,0,0,0,0,0,0,baixo
4,10000.0,12,0.75,1,2,1,0,0,0,1,0,1,0,0,0,0,alto
1,10000.0,0,0.0,1,3,1,0,0,0,1,0,1,1,0,0,0,baixo
3,10000.0,14,0.9285714285714286,2,3,1,0,0,0,1,1,1,0,0,0,0,baixo
4,10000.0,8,0.875,5,2,1,0,0,0,1,0,0,1,0,0,0,gratuito
7,35000.0,258,0.5775193798449613,1,6,1,0,0,0,1,0,1,1,1,1,0,gratuito
1,0.0,0,0.0,0,0,1,0,0,0,0,0,0,0,0,0,0,gratuito
1,10000.0,5,0.8,1,4,1,0,1,0,1,1,1,0,0,0,0,alto
1,10000.0,0,0.0,1,3,1,0,0,0,1,0,1,0,0,0,1,medio_baixo
8,10000.0,82,0.6463414634146342,5,2,1,0,0,2,0,1,0,0,1,0,0,medio_alto
3,1500000.0,21748,0.8617803935994114,25,3,1,0,0,0,1,1,1,0,0,0,0,alto
1,10000.0,0,0.0,1,2,1,1,1,0,1,0,0,0,1,0,0,medio_alto
6,1500000.0,25123,0.8659395772797834,19,5,1,0,0,1,1,0,1,1,0,1,1,medio_alto
1,10000.0,0,0.0,2,1,1,0,0,0,0,0,1,0,0,0,0,alto
1,10000.0,13,0.8461538461538461,1,4,1,1,0,0,1,1,0,0,0,0,0,alto
2,10000.0,5,1.0,9,3,1,0,0,0,1,0,0,1,0,0,1,baixo
2,350000.0,26,0.46153846153846156,8,1,1,0,0,0,1,0,0,0,0,0,0,medio_baixo
3,350000.0,2154,0.9224698235840297,10,2,1,0,0,2,1,0,1,0,0,0,0,medio_alto
4,0.0,0,0.0,1,4,1,1,0,0,1,1,0,1,0,0,0,gratuito
2,35000.0,119,0.8907563025210085,10,3,1,0,0,1,1,1,0,0,0,0,0,alto
9,10000.0,18,0.5,2,2,1,0,0,0,1,0,0,0,0,0,1,medio_alto
3,0.0,0,0.0,4,2,1,1,0,0,1,0,1,0,0,0,0,gratuito
5,10000.0,23,0.6956521739130435,1,1,1,0,0,0,0,0,0,0,0,0,1,baixo
7,35000.0,1,0.0,1,3,1,0,0,0,1,0,0,0,0,1,0,baixo
10,10000.0,92,0.8478260869565217,1,1,1,0,0,1,0,0,0,0,0,1,0,gratuito
6,150000.0,1064,0.8308270676691729,9,2,1,1,1,1,1,0,1,0,0,0,0,medio_alto
2,10000.0,9,0.3333333333333333,2,6,1,0,0,0,1,1,1,0,1,0,0,gratuito
7,10000.0,19,0.5789473684210527,4,4,1,1,1,0,0,0,0,0,0,0,0,medio_alto
6,10000.0,7,0.42857142857142855,1,3,1,0,0,0,0,1,0,1,0,0,1,medio_baixo
1,10000.0,0,0.0,9,4,1,0,0,0,1,1,0,0,1,0,0,alto
1,10000.0,0,0.0,12,4,1,0,0,1,1,0,0,1,0,1,1,medio_alto
2,10000.0,4,1.0,1,4,1,0,0,0,1,1,0,1,0,0,1,medio_baixo
3,0.0,0,0.0,1,4,1,1,1,1,1,0,1,1,0,0,0,gratuito
4,10000.0,27,0.6666666666666666,1,2,1,1,0,0,1,0,0,1,0,0,0,baixo
1,0.0,0,0.0,0,0,1,0,0,0,0,0,0,0,0,0,0,gratuito
7,10000.0,57,0.2807017543859649,2,5,1,0,0,0,1,0,1,1,1,0,1,medio_alto
3,10000.0,0,0.0,2,2,1,0,1,0,1,0,0,0,0,0,0,medio_alto
6,75000.0,2,0.5,1,5,1,0,0,14,1,0,1,1,1,1,0,baixo
1,10000.0,1,1.0,1,3,1,0,0,0,1,1,1,0,0,0,0,baixo
2,35000.0,819,0.8168498168498168,1,5,1,1,0,1,1,0,0,1,1,1,1,medio_alto
5,10000.0,39,0.8974358974358975,1,1,1,0,0,2,1,0,0,0,0,0,0,gratuito
1,0.0,0,0.0,1,5,1,1,1,0,0,0,1,0,1,0,0,gratuito
9,10000.0,278,0.9064748201438849,1,2,1,0,0,2,1,0,1,0,0,0,0,medio_alto
3,10000.0,0,0.0,2,3,1,0,0,0,1,1,0,0,0,0,0,medio_alto
8,10000.0,45,0.9333333333333333,1,2,1,0,0,0,1,0,1,0,0,0,0,alto
1,10000.0,0,0.0,4,6,1,0,0,0,1,1,0,1,0,0,1,medio_baixo
7,350000.0,3869,0.85241664512794,1,2,1,0,0,0,0,1,0,0,1,0,0,alto
7,350000.0,12608,0.9187024111675127,1,3,1,1,0,0,1,0,0,1,0,0,1,gratuito
20,1500000.0,33344,0.9569937619961613,9,1,1,1,1,0,0,0,0,0,0,1,0,medio_alto
3,10000.0,3,1.0,1,3,1,0,0,0,1,1,0,0,0,0,0,medio_baixo
1,10000.0,0,0.0,1,4,1,0,0,0,1,1,0,0,0,1,1,medio_alto
3,0.0,0,0.0,2,9,1,0,0,0,1,1,1,1,1,1,1,gratuito
7,10000.0,2,1.0,1,5,1,0,0,0,1,1,0,0,0,0,1,medio_alto
2,10000.0,0,0.0,8,5,1,0,0,0,1,1,1,1,1,0,0,medio_alto
12,35000.0,249,0.30522088353413657,3,2,1,0,0,0,0,1,0,0,0,0,0,baixo
4,10000.0,12,0.75,6,3,1,0,0,0,1,1,0,0,1,0,0,medio_baixo
8,10000.0,34,0.8529411764705882,2,2,1,1,1,1,1,0,0,1,0,0,0,baixo
1,10000.0,1,0.0,1,2,1,0,0,0,1,0,0,1,0,0,0,medio_alto
5,0.0,0,0.0,0,0,1,0,0,0,0,0,0,0,0,0,0,gratuito
5,10000.0,0,0.0,1,2,1,0,0,1,1,0,0,1,0,0,0,baixo
4,10000.0,60,0.7333333333333333,1,4,1,1,1,0,1,0,1,0,1,1,0,medio_baixo
2,10000.0,1,0.0,1,2,1,0,0,0,0,0,0,1,0,1,0,alto
2,10000.0,2,0.5,1,6,1,0,0,0,1,1,1,1,0,1,1,medio_baixo
13,75000.0,486,0.15020576131687244,6,2,1,0,0,0,0,1,0,0,0,1,0,baixo
1,0.0,0,0.0,1,4,1,0,0,0,1,0,0,1,1,1,0,gratuito
8,10000.0,7,1.0,1,4,1,0,0,0,1,1,1,0,0,1,0,medio_baixo
9,10000.0,21,0.6190476190476191,1,3,1,1,0,0,0,1,1,1,0,0,0,baixo
2,0.0,0,0.0,0,0,1,0,0,0,0,0,0,0,0,0,0,gratuito
1,0.0,0,0.0,0,0,1,0,0,0,0,0,0,0,0,0,0,gratuito
1,10000.0,0,0.0,1,3,1,1,0,0,1,1,0,1,0,0,0,medio_baixo
6,10000.0,74,0.6621621621621622,12,5,1,0,0,0,1,1,1,0,1,0,1,medio_baixo
7,10000.0,66,0.9696969696969697,3,3,1,0,0,0,1,1,1,0,0,0,0,baixo
7,350000.0,2191,0.7790963030579644,1,3,1,0,0,3,1,0,0,0,1,1,0,alto
1,10000.0,1,1.0,1,4,1,0,0,0,1,1,1,1,0,0,0,baixo
5,0.0,0,0.0,1,3,1,0,0,0,1,0,0,1,0,0,0,gratuito
2,10000.0,62,0.9838709677419355,2,2,1,1,1,0,1,0,0,1,0,0,0,medio_baixo
8,10000.0,39,0.717948717948718,3,5,1,0,0,1,1,0,1,1,1,1,0,medio_alto
9,10000.0,43,0.23255813953488372,2,4,1,1,1,0,1,1,1,0,0,0,1,baixo
11,10000.0,12,0.8333333333333334,1,3,1,1,1,0,1,0,0,1,0,0,0,medio_alto
6,35000.0,71,0.6901408450704225,18,4,1,0,0,0,0,0,0,0,0,1,1,gratuito
3,0.0,0,0.0,0,0,1,0,0,0,0,0,0,0,0,0,0,gratuito
8,10000.0,11,1.0,1,1,1,0,0,0,0,0,1,0,0,0,0,medio_alto
2,10000.0,1,1.0,1,3,1,0,0,0,1,0,0,1,0,0,0,baixo
10,150000.0,1035,0.9033816425120773,1,3,1,1,1,1,0,0,0,1,0,0,1,gratuito
4,10000.0,148,0.5337837837837838,3,2,1,0,0,0,1,0,0,0,1,0,0,alto
6,10000.0,16,0.375,1,2,1,0,0,0,1,0,0,1,0,0,0,medio_alto
1,0.0,0,0.0,103,2,1,1,1,0,0,0,0,0,0,0,1,gratuito
4,10000.0,32,0.8125,2,1,1,1,1,0,0,1,0,0,0,0,0,medio_baixo
2,35000.0,162,0.6172839506172839,2,3,1,0,0,0,1,0,0,1,0,1,0,baixo
3,10000.0,161,0.8633540372670807,2,5,1,0,0,12,0,1,1,1,1,0,0,gratuito
3,10000.0,1,0.0,1,2,1,0,0,0,0,0,0,0,1,1,0,medio_baixo
1,0.0,0,0.0,5,3,1,0,0,0,1,0,0,1,0,0,1,medio_alto
5,10000.0,4,0.75,2,3,1,0,0,0,1,0,1,1,0,0,0,medio_alto
3,0.0,0,0.0,0,0,1,0,0,0,0,0,0,0,0,0,0,gratuito
11,10000.0,214,0.6214953271028038,1,1,1,1,0,0,1,0,0,0,0,0,0,gratuito
10,10000.0,20,0.8,1,3,1,1,1,0,1,0,1,0,1,0,0,medio_alto
7,10000.0,8,0.5,1,3,1,0,0,0,1,0,1,1,0,0,0,medio_alto
1,10000.0,9,1.0,1,4,1,0,0,0,1,1,0,0,0,1,0,gratuito
5,10000.0,58,0.8448275862068966,103,2,1,0,0,0,1,0,0,1,0,0,0,medio_baixo
5,10000.0,1,0.0,2,2,1,0,0,0,1,0,1,0,0,0,0,alto
5,150000.0,987,0.8348530901722391,3,1,1,0,0,79,0,0,0,0,1,0,0,alto
1,10000.0,0,0.0,15,4,1,1,1,0,1,0,1,1,0,0,1,medio_baixo
11,350000.0,515,0.7980582524271844,11,3,1,0,0,1,1,1,0,1,0,0,0,alto
5,10000.0,114,0.868421052631579,1,1,1,1,0,1,1,0,0,0,0,0,0,gratuito
6,35000.0,201,0.9601990049751243,1,1,1,0,0,1,1,0,0,0,0,0,0,gratuito
6,10000.0,72,0.9166666666666666,3,2,1,0,0,1,0,0,1,1,0,0,0,alto
1,0.0,0,0.0,7,4,1,0,0,0,1,0,0,1,1,1,0,medio_alto
1,0.0,0,0.0,11,5,1,0,0,0,0,0,0,1,0,0,1,gratuito
4,10000.0,5,0.8,2,4,1,0,0,0,1,1,0,1,0,0,0,medio_baixo
4,35000.0,9,0.8888888888888888,1,4,1,0,0,0,1,0,0,1,0,1,0,alto
3,10000.0,4,0.5,1,1,1,0,0,1,0,0,0,0,0,1,0,medio_alto
1,10000.0,0,0.0,9,3,1,0,0,1,1,1,1,0,0,0,0,alto
4,10000.0,1,1.0,1,3,1,0,0,0,1,1,1,0,0,0,0,baixo
8,35000.0,159,0.7924528301886793,8,3,1,0,0,1,1,1,1,0,0,0,0,baixo
3,10000.0,0,0.0,1,2,1,1,0,0,1,0,0,0,0,0,0,baixo
1,10000.0,0,0.0,2,2,1,0,0,0,1,0,0,1,0,0,0,medio_baixo
1,10000.0,0,0.0,7,3,1,1,1,0,1,0,0,1,0,0,1,medio_baixo
1,0.0,0,0.0,0,0,1,0,0,0,0,0,0,0,0,0,0,gratuito
9,150000.0,7772,0.9615285640761708,2,2,1,0,0,0,1,0,1,0,0,0,0,alto
1,10000.0,0,0.0,5,4,1,1,0,0,1,0,0,1,0,1,1,alto
6,10000.0,6,0.8333333333333334,1,2,1,0,0,0,1,0,1,0,0,0,0,medio_alto
1,10000.0,348,0.7701149425287356,16,5,1,0,1,0,1,1,1,1,0,1,0,medio_alto
5,10000.0,22,0.45454545454545453,12,1,1,0,0,0,0,0,1,0,0,0,0,baixo
9,10000.0,5,0.6,2,2,1,1,1,0,1,0,0,0,0,1,0,alto
5,10000.0,116,0.9396551724137931,1,1,1,1,0,0,0,0,0,0,0,1,0,alto
4,35000.0,14,0.7857142857142857,1,4,1,0,0,0,1,1,1,0,1,0,0,medio_alto
4,35000.0,8,1.0,3,2,1,1,0,0,0,0,1,1,0,0,0,medio_alto
12,750000.0,14593,0.9558692523812787,12,3,1,1,1,2,1,0,1,0,1,0,0,alto
2,10000.0,0,0.0,1,4,1,1,1,0,1,0,1,1,0,0,0,gratuito
8,10000.0,23,0.9565217391304348,1,2,1,0,0,0,1,0,0,0,0,1,0,medio_alto
5,10000.0,4,0.75,1,5,1,0,0,0,1,1,1,0,0,0,1,alto
1,0.0,0,0.0,0,0,1,0,0,0,0,0,0,0,0,0,0,gratuito
4,10000.0,22,0.8181818181818182,1,1,1,1,0,0,0,0,1,0,0,0,0,medio_baixo
2,10000.0,0,0.0,2,3,1,0,0,0,1,1,0,1,0,0,0,alto
3,0.0,0,0.0,2,3,1,0,0,1,1,0,0,1,0,0,1,baixo
6,0.0,0,0.0,1,4,1,0,0,17,1,1,1,1,0,0,0,baixo
6,10000.0,43,0.8837209302325582,1,3,1,1,0,0,1,1,0,0,0,0,0,gratuito
8,10000.0,29,0.9655172413793104,1,3,1,0,0,0,1,1,0,1,0,0,0,medio_alto
3,10000.0,34,1.0,1,4,1,0,0,0,1,1,0,0,0,0,0,gratuito
5,10000.0,6,1.0,3,3,1,0,0,1,1,0,1,1,0,0,0,baixo
5,10000.0,7,0.42857142857142855,1,3,1,0,0,0,0,0,0,1,0,0,1,alto
1,0.0,0,0.0,1,5,1,0,0,0,1,1,1,0,0,0,1,medio_alto
7,10000.0,6,0.5,1,4,1,1,0,0,1,0,0,1,0,0,0,medio_alto
4,35000.0,5,0.4,1,5,1,0,0,0,1,0,1,1,1,1,0,alto
2,10000.0,1,0.0,1,4,1,0,0,0,1,1,0,0,0,1,0,medio_alto
1,10000.0,0,0.0,16,4,1,0,0,0,1,0,0,0,0,1,1,medio_alto
10,75000.0,264,0.6515151515151515,1,3,1,0,1,0,1,1,1,0,0,0,0,gratuito
3,10000.0,14,0.7857142857142857,4,3,1,0,0,0,1,0,1,0,0,0,1,baixo
4,10000.0,3,0.0,1,2,1,0,0,0,0,1,0,0,0,0,0,medio_baixo
2,10000.0,0,0.0,1,4,1,0,0,1,1,0,1,1,0,0,0,gratuito
8,10000.0,1,1.0,1,2,1,0,0,0,0,0,1,1,0,0,0,gratuito
2,10000.0,3,1.0,1,2,1,0,0,0,1,1,0,0,0,0,0,baixo
2,10000.0,0,0.0,4,1,1,0,0,0,1,0,0,0,0,0,0,medio_alto
7,10000.0,28,0.7142857142857143,2,2,1,0,0,0,1,0,1,0,0,0,0,alto
10,75000.0,428,0.9509345794392523,1,3,1,0,0,0,1,0,0,1,0,0,1,alto
5,0.0,0,0.0,0,0,1,0,0,0,0,0,0,0,0,0,0,gratuito
3,10000.0,0,0.0,1,2,1,1,1,0,1,0,1,0,0,0,0,baixo
3,10000.0,11,0.9090909090909091,12,6,1,1,0,0,1,0,1,1,1,1,1,medio_baixo
4,10000.0,31,0.6774193548387096,1,5,1,0,0,1,1,1,1,1,0,0,0,baixo
3,0.0,0,0.0,0,0,1,0,0,0,0,0,0,0,0,0,0,gratuito
5,10000.0,3,0.6666666666666666,1,2,1,0,0,0,1,1,0,0,0,0,0,alto
13,150000.0,539,0.7903525046382189,1,2,1,1,1,0,0,1,0,0,0,1,0,baixo
1,35000.0,5,1.0,1,4,1,0,0,0,1,1,0,1,0,0,0,gratuito
5,10000.0,283,0.9363957597173145,1,4,1,0,0,0,1,1,1,0,1,0,0,medio_alto
9,10000.0,34,0.8235294117647058,5,4,1,0,0,0,1,1,0,1,0,0,0,medio_baixo
5,0.0,0,0.0,1,4,1,0,0,0,1,0,1,1,0,0,0,gratuito
2,0.0,0,0.0,0,0,1,0,0,0,0,0,0,0,0,0,0,gratuito
2,35000.0,2,1.0,2,2,1,0,0,0,1,0,1,0,0,0,0,medio_baixo
1,0.0,0,0.0,0,0,1,0,0,0,0,0,0,0,0,0,0,gratuito
7,10000.0,27,0.8518518518518519,2,3,1,0,0,0,1,1,1,0,0,0,0,alto
4,10000.0,21,0.7142857142857143,4,4,1,0,0,0,0,0,1,0,1,1,1,medio_alto
3,35000.0,1,1.0,1,3,1,0,0,0,0,0,1,1,1,0,0,medio_alto
3,10000.0,10,0.8,1,3,1,0,0,0,1,1,0,1,0,0,0,gratuito
2,0.0,0,0.0,0,0,1,0,0,0,0,0,0,0,0,0,0,gratuito
1,10000.0,0,0.0,7,4,1,0,0,0,1,1,1,1,0,0,0,medio_alto
2,10000.0,0,0.0,9,2,1,0,0,0,1,0,0,1,0,0,0,baixo
3,0.0,0,0.0,1,3,1,0,0,0,1,0,1,1,0,0,0,gratuito
6,10000.0,22,0.7727272727272727,1,1,1,0,0,0,0,0,0,1,0,0,0,baixo
3,10000.0,53,1.0,2,6,1,0,0,2,1,1,1,0,1,0,1,medio_alto
2,0.0,0,0.0,11,4,1,0,0,1,1,0,1,0,0,0,1,gratuito
5,10000.0,36,0.8333333333333334,1,1,1,0,0,1,0,0,0,1,0,0,0,medio_baixo
4,10000.0,0,0.0,2,5,1,0,0,0,1,1,0,1,0,1,0,gratuito
6,75000.0,43,0.7674418604651163,1,4,1,0,0,3,1,1,1,1,0,0,0,baixo
6,10000.0,162,0.5925925925925926,6,3,1,0,0,0,1,0,0,1,0,0,1,medio_alto
7,10000.0,4,0.75,1,5,1,0,0,0,1,1,1,0,0,0,1,alto
2,0.0,0,0.0,1,3,1,1,1,1,1,0,1,0,0,0,0,gratuito
3,10000.0,7,0.8571428571428571,13,3,1,0,1,0,1,0,0,1,0,1,0,medio_baixo
4,10000.0,0,0.0,1,2,1,0,0,0,1,0,0,1,0,0,0,baixo
8,350000.0,3240,0.8787037037037037,9,2,1,0,0,1,0,0,0,1,0,1,0,medio_alto
7,35000.0,116,0.9568965517241379,4,1,1,0,0,0,0,1,0,0,0,0,0,baixo
1,10000.0,0,0.0,10,4,1,0,0,0,1,0,1,1,1,0,0,alto
5,35000.0,19,0.8421052631578947,1,3,1,0,0,0,1,0,0,1,0,0,1,medio_alto
2,10000.0,0,0.0,1,4,1,0,0,0,1,0,0,1,1,1,0,baixo
4,75000.0,3,1.0,1,3,1,0,0,0,1,1,0,0,0,1,0,baixo
4,0.0,0,0.0,0,0,1,0,0,0,0,0,0,0,0,0,0,gratuito
3,35000.0,665,0.6030075187969924,6,3,1,1,0,12,0,0,0,1,0,1,1,medio_alto
1,10000.0,0,0.0,10,2,1,1,1,0,0,0,0,1,0,1,0,medio_baixo
3,10000.0,5,0.8,1,5,1,0,0,0,0,1,1,0,1,1,1,baixo
3,35000.0,6,1.0,1,3,1,0,0,0,1,1,0,1,0,0,0,medio_alto
4,35000.0,12,0.08333333333333333,1,2,1,0,0,0,0,1,0,0,0,0,0,alto
11,75000.0,270,0.7222222222222222,7,4,1,0,0,0,0,1,1,1,0,1,0,baixo
5,10000.0,11,0.6363636363636364,2,2,1,0,1,0,0,0,0,1,0,0,0,gratuito
3,10000.0,17,0.7058823529411765,2,4,1,0,0,0,1,0,1,1,1,0,0,medio_baixo
7,10000.0,9,0.8888888888888888,1,2,1,0,0,0,1,0,1,0,0,0,0,medio_alto
7,10000.0,415,0.9590361445783132,1,1,1,1,1,0,1,0,0,0,0,0,0,baixo
1,0.0,0,0.0,0,0,1,0,0,0,0,0,0,0,0,0,0,gratuito
3,350000.0,10331,0.9654438098925564,11,2,1,0,0,1,0,1,1,0,0,0,0,alto
7,10000.0,33,0.9696969696969697,5,3,1,1,0,2,1,0,1,1,0,0,0,medio_alto
3,0.0,0,0.0,1,2,1,0,0,0,0,1,1,0,0,0,0,gratuito
8,10000.0,7,0.7142857142857143,1,2,1,0,0,0,1,1,0,0,0,0,0,medio_baixo
2,10000.0,20,0.8,1,4,1,0,0,0,1,1,0,0,0,0,1,gratuito
4,10000.0,1,1.0,1,4,1,0,0,0,1,0,0,0,0,1,0,medio_alto
3,10000.0,1,1.0,1,3,1,0,0,0,1,1,0,1,0,0,0,medio_baixo
2,10000.0,21,0.7619047619047619,7,3,1,0,0,0,1,1,1,0,0,0,0,medio_alto
10,10000.0,104,0.9230769230769231,1,3,1,1,1,0,1,0,1,0,1,0,0,medio_baixo
2,10000.0,8,0.875,1,1,1,0,0,0,0,0,0,0,0,0,1,medio_alto
8,10000.0,13,0.6153846153846154,1,2,1,0,0,0,0,0,0,1,0,0,1,gratuito
10,10000.0,18,0.8333333333333334,2,2,1,0,0,0,1,1,0,0,0,0,0,medio_alto
6,10000.0,37,0.7297297297297297,28,2,1,0,0,0,0,0,0,1,0,0,1,medio_baixo
6,10000.0,58,0.8103448275862069,2,5,1,1,1,1,1,0,1,0,1,1,1,medio_baixo
11,350000.0,435,0.7701149425287356,1,2,1,1,0,0,0,1,0,0,0,0,1,medio_alto
2,0.0,0,0.0,0,0,1,0,0,0,0,0,0,0,0,0,0,gratuito
10,10000.0,310,0.8935483870967742,1,1,1,1,0,0,0,0,0,0,1,0,0,alto
7,10000.0,9,0.6666666666666666,1,3,1,0,0,0,1,0,1,0,1,0,0,medio_alto
6,10000.0,3,0.6666666666666666,1,5,1,0,0,0,1,1,1,1,0,0,0,medio_baixo
7,10000.0,21,0.7619047619047619,1,1,1,0,1,0,1,0,0,0,0,0,0,gratuito
7,10000.0,0,0.0,1,3,1,0,0,1,1,0,0,1,0,0,0,baixo
4,10000.0,16,0.8125,5,3,1,0,0,0,0,1,1,0,1,0,0,baixo
11,10000.0,53,0.41509433962264153,1,4,1,0,0,0,1,1,1,0,0,0,0,medio_alto
2,10000.0,2,1.0,1,2,1,0,0,0,0,1,0,0,1,0,0,medio_baixo
4,10000.0,9,0.8888888888888888,2,3,1,1,1,0,1,1,1,0,0,0,0,medio_baixo
2,10000.0,7,0.8571428571428571,3,2,1,0,0,0,1,0,0,1,0,0,0,baixo
2,10000.0,89,0.9550561797752809,1,3,1,1,0,1,1,1,0,1,0,0,0,medio_baixo
3,150000.0,153,0.9215686274509803,9,3,1,0,0,1,1,1,0,1,0,0,0,medio_baixo
8,10000.0,3,0.6666666666666666,1,5,1,0,0,0,1,1,1,0,0,1,0,medio_baixo
1,10000.0,0,0.0,2,5,1,1,0,0,1,0,1,1,1,1,0,alto
6,10000.0,1,1.0,1,2,1,0,0,0,0,1,1,0,0,0,0,medio_alto
7,10000.0,1,1.0,1,2,1,0,1,0,1,0,1,0,0,0,0,baixo
3,10000.0,11,0.8181818181818182,1,3,1,0,0,1,1,1,0,0,0,0,0,gratuito
1,0.0,0,0.0,0,0,1,0,0,0,0,0,0,0,0,0,0,gratuito
7,10000.0,5,0.8,2,4,1,0,0,0,1,1,1,0,1,0,0,alto
2,10000.0,1,0.0,5,4,1,0,0,0,1,1,0,1,1,0,0,medio_baixo
2,0.0,0,0.0,103,2,1,0,0,4,1,0,0,1,0,0,0,baixo
1,10000.0,0,0.0,2,2,1,1,0,0,1,0,0,1,0,0,0,medio_alto
1,10000.0,22,1.0,1,2,1,0,1,0,0,1,0,0,1,0,0,medio_baixo
4,350000.0,1,0.0,1,3,1,0,0,0,1,1,0,0,0,0,0,baixo
1,0.0,0,0.0,14,3,1,0,0,2,1,0,0,1,0,0,1,medio_alto
6,35000.0,10,0.6,1,3,1,1,1,1,1,0,0,1,1,0,0,medio_alto
5,35000.0,229,0.4148471615720524,12,3,1,0,0,4,0,0,0,0,0,0,1,medio_baixo
8,10000.0,2,1.0,1,2,1,1,1,0,1,0,0,1,0,0,0,baixo
1,10000.0,5,1.0,1,2,1,0,0,0,0,0,0,1,0,1,0,baixo
6,35000.0,10,0.8,1,2,1,0,0,0,0,1,0,0,0,1,0,gratuito
8,35000.0,25,0.72,1,3,1,0,1,2,1,1,0,0,0,0,0,gratuito
4,10000.0,0,0.0,1,2,1,0,0,2,1,0,0,1,0,0,0,baixo
3,10000.0,0,0.0,1,1,1,1,0,0,0,0,0,1,0,0,0,alto
2,10000.0,320,0.996875,5,3,1,0,0,0,1,0,1,1,0,0,0,medio_alto
9,150000.0,149,0.7651006711409396,1,3,1,0,0,1,1,1,1,0,0,0,0,medio_baixo
1,10000.0,5,1.0,1,2,1,0,1,0,1,1,0,0,0,0,0,medio_baixo
7,10000.0,7,0.5714285714285714,1,2,1,0,0,0,1,0,1,0,0,0,0,medio_alto
3,10000.0,8,0.75,2,1,1,0,0,0,1,0,0,0,0,0,0,alto
5,10000.0,17,0.8823529411764706,1,3,1,0,0,0,1,0,1,1,0,0,0,gratuito
2,10000.0,81,0.8271604938271605,24,3,1,1,0,0,1,1,1,0,0,0,0,medio_alto
1,0.0,0,0.0,2,2,1,0,0,0,1,0,0,1,0,0,0,baixo
9,10000.0,3,0.3333333333333333,1,5,1,0,0,0,1,0,1,0,0,0,1,medio_alto
8,10000.0,12,1.0,1,3,1,0,0,0,1,0,0,1,1,0,0,baixo
2,0.0,0,0.0,103,5,1,1,1,0,1,1,1,1,0,1,0,medio_baixo
2,0.0,0,0.0,1,2,1,0,0,0,1,0,0,1,0,0,0,gratuito
4,10000.0,107,0.9906542056074766,1,3,1,1,1,0,1,1,0,1,0,0,0,baixo
8,35000.0,68,0.5735294117647058,1,6,1,0,0,0,0,0,0,0,1,0,0,gratuito
8,10000.0,65,0.7846153846153846,1,2,1,0,0,0,1,1,0,0,0,0,0,medio_alto
11,150000.0,1573,0.6656071201525747,3,1,1,0,0,21,0,1,0,0,0,0,0,alto
9,350000.0,8817,0.9660882386299194,2,2,1,1,1,0,1,0,1,0,0,0,0,medio_baixo
6,10000.0,3,1.0,4,4,1,0,0,0,1,1,1,0,1,0,0,medio_baixo
1,0.0,0,0.0,1,2,1,0,0,0,1,0,1,0,0,0,0,medio_alto
7,75000.0,1120,0.7169642857142857,5,3,1,1,1,1,1,0,0,0,1,1,0,medio_alto
3,10000.0,9,1.0,2,2,1,0,1,0,1,0,1,0,0,0,0,medio_alto
5,35000.0,35,0.9428571428571428,5,2,1,0,0,0,1,1,0,0,0,0,0,medio_alto
4,10000.0,2,1.0,1,2,1,0,0,0,0,0,1,0,1,0,0,alto
10,75000.0,209,0.7942583732057417,1,6,1,0,0,0,1,0,0,1,0,0,1,gratuito
5,10000.0,42,0.9047619047619048,29,2,1,0,0,2,1,0,0,1,0,0,0,baixo
3,0.0,0,0.0,0,0,1,0,0,0,0,0,0,0,0,0,0,gratuito
2,35000.0,27,1.0,8,3,1,1,1,1,1,1,0,0,0,0,0,medio_alto
12,10000.0,100,0.84,1,1,1,1,1,0,0,1,0,0,0,0,0,baixo
7,10000.0,1855,0.9601078167115903,1,2,1,0,0,0,1,1,0,0,0,0,0,baixo
1,10000.0,14,0.7857142857142857,13,1,1,1,1,0,1,0,0,0,0,0,0,medio_baixo
12,75000.0,250,0.64,1,2,1,0,0,0,1,0,0,1,0,0,0,medio_alto
7,35000.0,328,0.9847560975609756,1,3,1,1,0,0,1,0,1,0,0,0,0,gratuito
6,35000.0,7,0.5714285714285714,1,2,1,0,0,0,1,0,1,0,0,0,0,alto
2,35000.0,6,1.0,1,2,1,0,0,0,1,0,1,0,0,0,0,medio_baixo
11,10000.0,40,0.925,1,2,1,0,0,0,1,0,1,0,0,0,0,alto
11,35000.0,83,0.40963855421686746,1,4,1,0,0,0,1,1,1,0,0,0,1,alto
1,0.0,0,0.0,1,4,1,0,0,0,0,1,1,0,1,0,0,gratuito
2,10000.0,60,0.8166666666666667,3,3,1,0,0,0,1,0,1,0,0,0,1,medio_baixo
2,0.0,0,0.0,0,0,1,0,0,0,0,0,0,0,0,0,0,gratuito
11,35000.0,53,0.5471698113207547,1,3,1,0,0,0,1,0,1,1,0,0,0,baixo
11,35000.0,126,0.5873015873015873,3,3,1,1,0,1,1,1,0,0,0,1,0,baixo
5,10000.0,17,0.7647058823529411,0,2,1,0,0,0,1,0,0,1,0,0,0,alto
5,10000.0,31,1.0,29,3,1,1,1,1,1,0,1,1,0,0,0,baixo
1,0.0,0,0.0,1,4,1,0,0,0,1,1,0,0,0,1,0,gratuito
1,0.0,0,0.0,0,0,1,0,0,0,0,0,0,0,0,0,0,gratuito
6,10000.0,1,1.0,1,2,1,0,0,0,1,1,0,0,0,0,0,baixo
2,10000.0,52,0.07692307692307693,11,3,1,0,0,0,0,1,1,0,0,0,0,baixo
3,350000.0,4036,0.9774529236868187,1,4,1,1,0,0,1,0,0,1,1,0,1,medio_alto
1,0.0,0,0.0,1,6,1,0,0,0,1,1,1,1,1,0,0,gratuito
4,10000.0,1,1.0,1,2,1,0,0,0,1,1,0,0,0,0,0,medio_alto
5,10000.0,7,1.0,1,2,1,1,0,0,0,1,0,0,0,1,0,medio_baixo
1,0.0,0,0.0,10,3,1,0,0,0,0,1,0,0,0,0,0,gratuito
3,150000.0,2699,0.9736939607261949,1,3,1,0,0,0,0,0,0,0,0,1,1,alto
2,35000.0,232,0.38362068965517243,4,3,1,0,0,0,1,0,1,0,1,0,0,medio_alto
2,75000.0,10,1.0,2,3,1,0,0,0,1,0,0,0,1,1,0,alto
1,10000.0,0,0.0,1,7,1,0,0,0,1,1,1,1,1,0,1,medio_baixo
6,10000.0,6,0.16666666666666666,11,1,1,1,0,0,1,0,0,0,0,0,0,medio_alto
6,10000.0,220,0.9545454545454546,4,2,1,0,0,3,1,1,0,0,0,0,0,medio_baixo
2,10000.0,0,0.0,1,3,1,0,0,0,0,1,1,0,0,0,0,medio_baixo
1,10000.0,0,0.0,1,4,1,0,0,0,1,0,1,1,0,0,1,medio_baixo
8,35000.0,3,0.3333333333333333,1,3,1,0,0,1,0,0,0,1,0,1,0,baixo
9,75000.0,177,0.7062146892655368,1,3,1,0,0,0,1,0,0,1,0,0,0,gratuito
5,10000.0,7,0.8571428571428571,1,1,1,0,0,0,0,1,0,0,0,0,0,gratuito
11,35000.0,432,0.8958333333333334,1,4,1,1,1,0,1,0,1,1,1,0,0,medio_baixo
4,35000.0,807,0.9343246592317225,4,3,1,0,0,0,1,0,0,1,0,0,1,medio_baixo
4,35000.0,7,0.8571428571428571,1,3,1,0,0,0,1,1,1,0,0,0,0,medio_baixo
9,10000.0,0,0.0,1,1,1,0,0,3,0,0,0,0,1,0,0,alto
3,10000.0,0,0.0,103,2,1,0,0,0,1,0,0,0,1,0,0,medio_baixo
1,10000.0,1,1.0,2,1,1,0,0,0,0,0,0,1,0,0,0,alto
1,10000.0,0,0.0,2,5,1,0,0,0,1,0,0,0,1,0,1,alto
6,10000.0,847,0.8701298701298701,6,2,1,0,0,4,0,1,1,0,0,0,0,alto
3,10000.0,4,0.75,5,3,1,0,1,0,1,0,0,0,1,1,0,baixo
4,0.0,0,0.0,1,7,1,0,0,1,1,1,1,0,0,1,1,gratuito
1,10000.0,0,0.0,1,2,1,0,0,0,0,0,0,0,1,0,1,medio_baixo
8,10000.0,170,0.8941176470588236,10,3,1,1,0,0,1,0,0,1,0,1,0,baixo
5,10000.0,12,0.5,1,4,1,0,0,0,1,0,1,1,1,0,0,baixo
1,10000.0,0,0.0,6,4,1,0,0,0,1,0,0,1,0,1,1,alto
6,10000.0,4,1.0,1,1,1,0,1,0,1,0,0,0,0,0,0,alto
11,3500000.0,2622,0.9061784897025171,1,3,1,1,0,0,1,0,1,1,0,0,0,baixo
14,75000.0,379,0.3562005277044855,4,5,1,0,0,0,1,1,1,0,1,0,1,medio_baixo
4,75000.0,414,0.8840579710144928,9,1,1,0,0,5,0,1,0,0,0,0,0,alto
11,150000.0,289,0.5432525951557093,1,1,1,1,0,0,0,0,0,0,0,1,0,baixo
4,0.0,0,0.0,1,3,1,0,0,0,1,0,1,0,0,0,0,gratuito
2,0.0,0,0.0,4,4,1,0,0,0,1,1,0,0,0,1,0,gratuito
8,10000.0,4,0.25,1,4,1,0,0,0,1,0,1,1,0,0,1,alto
8,10000.0,47,0.8723404255319149,9,3,1,0,0,0,1,0,1,1,0,0,0,medio_baixo
3,0.0,0,0.0,0,0,1,0,0,0,0,0,0,0,0,0,0,gratuito
4,10000.0,0,0.0,2,2,1,1,0,0,0,0,1,1,0,0,0,baixo
5,0.0,0,0.0,2,4,1,0,0,0,1,1,1,0,0,0,0,gratuito
18,350000.0,438,0.5753424657534246,1,1,1,0,0,0,0,0,0,0,0,1,0,baixo
2,0.0,0,0.0,1,4,1,0,0,0,1,1,0,0,0,0,1,gratuito
3,10000.0,18,0.8333333333333334,1,3,1,0,0,2,1,0,0,1,0,0,1,medio_alto
2,10000.0,10,0.9,1,3,1,0,0,0,1,0,1,1,0,0,0,medio_baixo
1,10000.0,0,0.0,1,2,1,0,0,0,1,0,0,0,0,0,0,baixo
1,10000.0,2,1.0,1,2,1,0,0,0,1,0,0,1,0,0,0,medio_baixo
3,150000.0,2766,0.8806941431670282,12,4,1,1,1,1,1,1,0,1,1,0,0,medio_alto
3,10000.0,101,0.7623762376237624,7,2,1,0,0,0,0,1,1,0,0,0,0,alto
11,35000.0,82,0.7195121951219512,1,1,1,0,0,0,1,0,0,0,0,0,0,medio_alto
2,0.0,0,0.0,13,3,1,0,0,0,0,1,0,1,0,0,0,gratuito
1,10000.0,0,0.0,2,2,1,0,0,0,0,0,0,1,0,1,0,baixo
5,10000.0,20,1.0,29,3,1,0,0,0,1,0,0,1,0,1,0,medio_baixo
1,0.0,0,0.0,1,3,1,0,0,0,1,0,1,0,0,0,0,gratuito
5,10000.0,23,0.7391304347826086,29,4,1,0,0,0,1,1,1,1,0,0,0,baixo
2,10000.0,0,0.0,3,4,1,0,0,0,1,0,1,1,0,0,0,baixo
4,10000.0,1,0.0,1,3,1,0,0,0,1,0,1,1,0,0,0,medio_alto
1,10000.0,0,0.0,27,2,1,1,1,0,1,0,0,0,0,0,1,baixo
3,0.0,0,0.0,1,5,1,0,0,0,1,0,1,1,1,0,0,gratuito
7,10000.0,2,1.0,1,3,1,0,0,0,1,0,0,0,0,0,0,medio_alto
8,10000.0,4,0.5,1,2,1,0,0,0,1,0,0,1,0,0,0,medio_baixo
4,10000.0,8,0.5,1,3,1,0,0,0,0,1,1,0,0,1,0,alto
4,0.0,0,0.0,1,6,1,0,0,0,0,0,0,1,1,1,1,gratuito
3,0.0,0,0.0,5,4,1,0,0,0,0,0,0,0,0,1,1,gratuito
3,0.0,0,0.0,1,3,1,0,0,0,1,0,1,1,0,0,0,gratuito
4,10000.0,30,0.7333333333333333,3,3,1,0,0,0,1,0,0,0,0,1,0,medio_alto
8,10000.0,9,0.6666666666666666,1,3,1,0,0,0,1,0,0,1,0,0,0,baixo
6,10000.0,18,0.9444444444444444,3,2,1,0,0,0,1,0,0,1,0,0,0,medio_alto
5,0.0,0,0.0,1,3,1,0,0,0,1,1,0,0,0,0,0,gratuito
1,10000.0,153,0.8954248366013072,2,5,1,0,0,0,1,0,1,1,1,1,0,alto
3,35000.0,41,0.9024390243902439,3,4,1,1,1,1,1,1,0,1,0,0,0,medio_baixo
2,10000.0,429,0.9883449883449883,11,2,1,1,0,1,1,0,0,1,0,0,0,medio_baixo
10,10000.0,20,0.75,1,2,1,1,0,0,1,0,1,0,0,0,0,baixo
7,75000.0,1192,0.9119127516778524,9,1,1,0,0,0,0,0,0,0,0,1,0,alto
3,10000.0,12,0.8333333333333334,2,1,1,0,0,0,0,0,0,1,0,0,0,medio_baixo
1,0.0,0,0.0,1,5,1,0,0,0,0,1,1,0,1,0,0,gratuito
8,35000.0,205,0.7268292682926829,1,4,1,1,0,0,1,0,0,0,0,0,1,gratuito
2,10000.0,2,0.5,1,2,1,0,0,0,0,0,0,1,0,0,0,alto
10,35000.0,204,0.7990196078431373,1,3,1,0,0,1,1,1,1,0,0,0,0,medio_alto
5,10000.0,1,0.0,1,4,1,0,0,1,1,0,0,1,1,1,0,baixo
4,75000.0,95,0.6842105263157895,1,1,1,0,0,0,0,1,0,0,0,0,0,baixo
9,10000.0,20,0.75,5,3,1,1,0,0,1,0,0,1,0,1,0,baixo
2,1500000.0,54316,0.9604536416525518,14,1,1,0,0,3,0,0,1,0,0,0,0,alto
6,10000.0,5,0.8,1,3,1,0,0,0,1,1,0,1,0,0,0,medio_baixo
6,0.0,0,0.0,0,0,1,0,0,0,0,0,0,0,0,0,0,gratuito
4,10000.0,0,0.0,1,4,1,1,1,0,1,0,1,1,1,0,0,alto
1,0.0,0,0.0,3,4,1,0,0,0,1,0,0,1,1,1,0,medio_baixo
1,10000.0,26,0.9230769230769231,7,2,1,0,0,1,1,1,0,0,0,0,0,alto
2,10000.0,1,0.0,1,4,1,0,0,0,1,1,1,1,0,0,0,medio_alto
2,10000.0,12,0.8333333333333334,2,4,1,0,0,0,0,1,1,0,1,0,1,medio_alto
10,10000.0,4,0.5,1,1,1,0,0,0,0,0,0,0,0,0,0,medio_baixo
6,35000.0,214,0.6869158878504673,1,4,1,0,0,0,1,0,1,0,0,0,0,gratuito
2,10000.0,2,1.0,1,4,1,1,0,0,1,1,0,1,0,1,0,medio_alto
2,10000.0,3,1.0,1,4,1,0,0,0,1,1,1,1,0,0,0,medio_alto
6,10000.0,6,1.0,9,3,1,1,0,0,1,0,0,1,0,1,0,gratuito
6,10000.0,82,0.926829268292683,2,2,1,0,0,0,0,0,0,0,1,1,0,baixo
8,10000.0,5,0.6,1,4,1,1,1,0,1,1,0,0,0,0,0,baixo
6,10000.0,5,0.6,1,4,1,1,0,0,1,1,1,0,0,1,0,gratuito
4,10000.0,3,1.0,1,3,1,0,0,0,1,0,0,1,0,1,0,medio_baixo
2,0.0,0,0.0,0,0,1,0,0,0,0,0,0,0,0,0,0,gratuito
7,10000.0,184,0.8206521739130435,28,2,1,0,0,3,1,0,0,1,0,0,0,baixo
3,35000.0,304,0.819078947368421,8,3,1,1,1,2,1,0,1,1,0,0,0,alto
9,10000.0,29,0.6206896551724138,2,1,1,0,0,0,0,1,0,0,0,0,0,alto
9,10000.0,19,0.2631578947368421,2,4,1,0,0,0,1,0,0,0,0,1,1,baixo
5,10000.0,37,0.8378378378378378,8,2,1,0,0,0,1,1,0,0,0,0,0,medio_baixo
9,10000.0,65,0.9230769230769231,14,3,1,1,1,0,1,0,1,1,0,0,0,medio_baixo
10,10000.0,52,0.75,6,3,1,0,0,0,0,1,1,0,0,0,0,gratuito
10,35000.0,27,0.7407407407407407,1,4,1,0,0,0,1,1,0,1,0,1,0,baixo
5,10000.0,0,0.0,1,1,1,0,0,0,0,0,1,0,0,0,0,baixo
1,0.0,0,0.0,15,5,1,0,0,0,1,0,0,1,0,1,1,alto
3,10000.0,40,0.875,4,3,1,0,0,0,0,1,0,1,0,0,1,medio_alto
5,0.0,0,0.0,0,0,1,0,0,0,0,0,0,0,0,0,0,gratuito
3,35000.0,10,1.0,1,3,1,0,0,0,1,1,1,0,0,0,0,medio_alto
3,10000.0,84,0.9523809523809523,1,2,1,0,0,0,1,0,1,0,0,0,0,medio_alto
3,10000.0,12,0.5833333333333334,2,1,1,0,0,0,1,0,0,0,0,0,0,baixo
3,10000.0,3,0.6666666666666666,1,1,1,0,0,0,0,0,0,1,0,0,0,medio_alto
1,75000.0,2592,0.9529320987654321,23,5,1,1,0,1,1,0,1,1,0,0,1,medio_alto
5,10000.0,7,1.0,11,3,1,0,0,0,1,0,1,1,0,0,0,alto
3,10000.0,9,0.8888888888888888,1,3,1,0,0,0,1,1,1,0,0,0,0,baixo
5,10000.0,7,1.0,1,2,1,0,0,0,1,1,0,0,0,0,0,medio_alto
4,35000.0,29,0.8275862068965517,2,4,1,0,0,0,1,1,1,0,0,1,0,medio_alto
1,10000.0,1,1.0,1,4,1,0,0,0,1,1,1,1,0,0,0,medio_baixo
5,10000.0,5,0.4,1,3,1,0,0,0,0,0,0,1,0,1,0,medio_baixo
2,10000.0,0,0.0,103,2,1,0,0,0,0,0,0,0,0,0,0,medio_alto
5,1500000.0,20791,0.9684959838391611,1,3,1,0,0,1,1,1,0,0,0,0,1,medio_alto
6,10000.0,55,0.6,4,5,1,1,0,0,0,0,0,1,1,0,1,gratuito
2,10000.0,0,0.0,8,1,1,0,0,0,0,0,0,0,1,0,0,alto
2,35000.0,5,1.0,9,3,1,0,0,0,1,0,0,0,1,1,0,baixo
2,0.0,0,0.0,0,0,1,0,0,0,0,0,0,0,0,0,0,gratuito
1,10000.0,19,0.8421052631578947,30,6,1,0,0,0,0,1,1,1,0,1,1,baixo
7,10000.0,14,0.7142857142857143,1,7,1,0,0,0,1,0,1,1,1,1,1,baixo
4,10000.0,0,0.0,1,2,1,0,0,0,1,0,0,1,0,0,0,baixo
6,10000.0,1,1.0,11,1,1,0,0,0,0,0,0,1,0,0,0,medio_alto
14,150000.0,247,0.6356275303643725,8,2,1,1,0,0,0,0,1,1,0,0,0,medio_alto
2,0.0,0,0.0,103,4,1,0,0,0,1,0,0,1,0,1,1,baixo
4,10000.0,2,1.0,14,2,1,0,0,0,1,0,0,1,0,0,0,baixo
7,10000.0,87,0.7701149425287356,8,2,1,0,0,0,1,1,0,0,0,0,0,gratuito
3,10000.0,26,0.4230769230769231,2,2,1,0,0,0,1,0,0,0,0,0,1,medio_baixo
5,35000.0,1,1.0,1,3,1,0,0,0,1,1,1,0,0,0,0,baixo
2,10000.0,2,0.5,1,4,1,0,0,0,0,1,0,1,0,0,1,baixo
5,10000.0,30,0.9666666666666667,12,3,1,1,1,0,1,1,0,1,0,0,0,medio_baixo
2,10000.0,51,0.9215686274509803,2,3,1,0,0,0,1,1,0,1,0,0,0,medio_alto
2,75000.0,2040,0.8892156862745098,15,3,1,0,0,1,1,0,0,1,0,0,1,alto
6,10000.0,10,0.4,1,3,1,0,0,0,1,0,1,1,0,0,0,baixo
4,10000.0,13,1.0,1,2,1,0,0,0,0,1,1,0,0,0,0,baixo
1,10000.0,0,0.0,8,2,1,0,0,4,0,1,0,0,0,0,0,medio_baixo
1,0.0,0,0.0,10,4,1,1,1,0,1,1,1,0,1,0,0,medio_baixo
16,10000.0,8,0.5,1,1,1,1,0,0,0,0,0,1,0,0,0,medio_alto
1,10000.0,0,0.0,6,3,1,1,1,1,1,1,1,0,0,0,0,alto
8,10000.0,73,0.5205479452054794,13,3,1,0,0,0,1,1,0,0,0,1,0,medio_alto
2,10000.0,0,0.0,1,4,1,1,1,0,1,0,1,1,0,0,1,baixo
8,35000.0,2,0.0,1,2,1,0,0,0,1,0,0,1,0,0,0,baixo
1,0.0,0,0.0,1,2,1,0,0,0,1,0,0,1,0,0,0,baixo
2,10000.0,1,1.0,2,4,1,0,0,0,1,0,1,1,0,0,1,medio_baixo
3,10000.0,2,0.5,1,3,1,0,0,0,1,1,1,0,0,0,0,baixo
10,10000.0,61,0.6885245901639344,1,3,1,1,1,0,1,1,0,1,0,0,0,medio_alto
2,10000.0,0,0.0,1,4,1,0,0,0,1,1,1,1,0,0,0,medio_baixo
3,10000.0,13,1.0,1,2,1,0,0,0,1,1,0,0,0,0,0,medio_baixo
7,10000.0,0,0.0,1,1,1,0,0,0,0,0,0,0,0,1,0,gratuito
3,0.0,0,0.0,0,0,1,0,0,0,0,0,0,0,0,0,0,gratuito
6,75000.0,425,0.8729411764705882,1,4,1,0,0,0,1,0,1,1,0,0,0,gratuito
4,0.0,0,0.0,0,0,1,0,0,0,0,0,0,0,0,0,0,gratuito
9,750000.0,746,0.9262734584450402,1,2,1,0,0,0,1,0,0,1,0,0,0,medio_baixo
7,10000.0,12,0.9166666666666666,4,4,1,1,0,0,1,1,0,1,0,0,0,alto
5,10000.0,247,0.8663967611336032,2,1,1,0,0,0,0,0,0,1,0,0,0,alto
1,0.0,0,0.0,2,2,1,0,0,0,1,0,0,1,0,0,0,medio_alto
3,10000.0,14,0.6428571428571429,1,4,1,0,0,0,1,0,0,0,0,1,1,medio_alto
9,150000.0,462,0.5194805194805194,1,7,1,0,0,0,1,1,0,0,0,0,1,gratuito
1,0.0,0,0.0,1,2,1,0,0,0,0,0,0,1,0,0,0,gratuito
2,10000.0,77,0.935064935064935,4,1,1,0,0,0,0,0,1,0,0,0,0,medio_baixo
8,10000.0,27,0.7407407407407407,1,1,1,0,0,0,0,0,0,1,0,0,0,gratuito
2,35000.0,1,1.0,1,6,1,0,0,0,0,1,1,1,1,1,0,medio_baixo
5,10000.0,518,0.9343629343629344,1,2,1,0,0,0,1,0,0,0,1,0,0,alto
5,10000.0,54,0.6666666666666666,7,4,1,0,0,0,0,1,0,1,0,1,0,baixo
3,10000.0,8,0.875,9,4,1,0,0,0,1,1,1,1,0,0,0,alto
6,35000.0,180,0.7833333333333333,1,3,1,1,1,0,1,0,0,1,0,0,0,gratuito
4,10000.0,0,0.0,2,2,1,0,0,0,1,0,0,1,0,0,0,medio_baixo
4,0.0,0,0.0,0,0,1,0,0,0,0,0,0,0,0,0,0,gratuito
8,35000.0,81,0.49382716049382713,7,3,1,0,0,0,1,1,1,0,0,0,0,baixo
5,10000.0,55,0.7818181818181819,2,2,1,0,0,0,1,1,0,0,0,0,0,gratuito
1,10000.0,0,0.0,1,3,1,1,1,0,1,1,0,1,0,0,0,alto
2,0.0,0,0.0,0,0,1,0,0,0,0,0,0,0,0,0,0,gratuito
3,10000.0,0,0.0,1,2,1,0,0,0,1,0,0,1,0,0,0,medio_baixo
2,10000.0,0,0.0,1,2,1,0,0,0,0,0,0,1,0,0,1,medio_alto
1,0.0,0,0.0,4,3,1,0,0,7,1,0,0,1,0,0,0,gratuito
10,10000.0,23,0.8695652173913043,1,5,1,1,1,0,1,1,1,1,0,1,0,medio_alto
4,0.0,0,0.0,1,2,1,0,0,0,1,0,0,0,0,0,1,gratuito
5,10000.0,7,0.7142857142857143,2,3,1,0,0,0,1,1,1,0,0,0,0,baixo
19,150000.0,681,0.7533039647577092,1,1,1,0,0,0,0,1,0,0,0,0,0,baixo
9,150000.0,731,0.7756497948016415,1,5,1,0,0,0,1,1,1,0,1,0,0,medio_baixo
1,0.0,0,0.0,1,3,1,0,0,0,1,0,0,0,1,1,0,alto
11,350000.0,3933,0.8390541571319603,12,2,1,0,0,1,0,1,0,0,0,0,0,medio_baixo
3,10000.0,14,0.8571428571428571,8,2,1,0,0,0,1,0,0,1,0,0,0,medio_alto
9,10000.0,19,0.7368421052631579,1,4,1,0,0,0,1,1,1,0,1,0,0,medio_alto
5,10000.0,1,1.0,1,2,1,0,0,0,0,1,0,1,0,0,0,baixo
7,10000.0,40,0.725,6,4,1,0,0,0,1,1,0,1,0,1,0,medio_alto
7,10000.0,29,0.8275862068965517,1,2,1,0,0,0,0,0,1,1,0,0,0,medio_alto
10,35000.0,52,0.7115384615384616,1,2,1,0,0,0,0,0,0,1,0,1,0,medio_alto
2,10000.0,0,0.0,1,2,1,0,0,0,0,1,1,0,0,0,0,alto
6,35000.0,91,0.945054945054945,2,3,1,0,1,1,1,1,0,1,0,0,0,baixo
1,0.0,0,0.0,103,3,1,0,0,0,0,1,1,0,0,0,1,medio_baixo
7,10000.0,0,0.0,1,2,1,0,0,0,0,1,0,0,0,0,0,alto
3,10000.0,4,0.75,1,2,1,0,0,0,1,0,0,1,0,0,0,medio_baixo
1,10000.0,0,0.0,1,1,1,0,0,0,0,0,0,0,0,0,0,medio_alto
4,10000.0,2,0.5,1,1,1,0,0,0,1,0,0,0,0,0,0,baixo
1,10000.0,0,0.0,5,2,1,0,0,1,1,0,1,0,0,0,0,medio_alto
8,75000.0,119,0.7647058823529411,1,3,1,1,0,0,0,1,0,1,0,0,0,gratuito
6,10000.0,4,1.0,3,5,1,0,0,0,1,0,1,1,0,0,1,baixo
3,10000.0,0,0.0,1,1,1,0,0,0,0,0,0,1,0,0,0,medio_alto
8,75000.0,534,0.7640449438202247,8,5,1,0,0,1,1,1,1,1,1,0,0,baixo
1,10000.0,0,0.0,1,5,1,0,0,0,1,1,1,1,0,0,0,baixo
7,35000.0,36,0.6666666666666666,1,3,1,0,0,0,1,0,0,1,0,1,0,baixo
1,10000.0,0,0.0,1,4,1,0,0,7,1,1,1,0,0,0,0,gratuito
1,0.0,0,0.0,0,0,1,0,0,0,0,0,0,0,0,0,0,gratuito
5,350000.0,10,0.5,1,4,1,0,1,0,1,1,1,0,0,1,0,alto
1,10000.0,115,0.6173913043478261,2,4,1,0,0,3,1,1,1,0,1,0,0,alto
7,10000.0,0,0.0,1,3,1,0,0,10,1,0,1,0,1,0,0,medio_baixo
1,10000.0,0,0.0,3,2,1,0,0,0,1,0,0,0,0,0,0,medio_alto
3,10000.0,2,1.0,1,1,1,0,0,0,1,0,0,0,0,0,0,alto
3,10000.0,1,1.0,1,3,1,0,0,0,1,0,0,1,0,0,1,baixo
1,0.0,0,0.0,30,3,1,0,1,1,1,0,0,1,0,0,0,gratuito
7,10000.0,122,0.7950819672131147,15,4,1,0,0,0,1,0,0,0,1,1,1,alto
2,10000.0,14,1.0,1,1,1,1,1,0,0,1,0,0,0,0,0,medio_alto
2,10000.0,30,1.0,1,1,1,0,1,0,1,0,0,0,0,0,0,alto
2,10000.0,118,0.9661016949152542,3,3,1,0,0,0,0,0,1,1,0,0,1,alto
3,35000.0,89,0.7752808988764045,1,1,1,0,0,0,0,1,0,0,0,0,0,baixo
5,35000.0,105,0.6,13,4,1,0,0,0,1,1,1,0,1,0,0,medio_baixo
2,35000.0,357,0.9131652661064426,6,4,1,0,0,3,1,1,1,0,1,0,0,medio_alto
5,35000.0,30,1.0,1,6,1,0,0,0,1,0,1,0,1,1,1,gratuito
6,10000.0,0,0.0,1,4,1,0,0,0,1,1,0,1,0,0,0,alto
3,0.0,0,0.0,1,4,1,0,0,1,1,0,0,0,1,1,0,gratuito
9,35000.0,286,0.7692307692307693,2,2,1,0,0,0,0,0,0,0,0,1,1,baixo
8,75000.0,114,0.6403508771929824,1,4,1,0,1,0,1,1,0,0,0,0,0,gratuito
3,150000.0,1657,0.8931804465902233,4,3,1,0,0,2,1,0,0,0,1,1,0,alto
4,10000.0,38,0.5263157894736842,1,3,1,0,0,0,1,1,1,0,0,0,0,alto
7,35000.0,17,0.5882352941176471,2,3,1,0,0,0,1,0,0,1,0,1,0,baixo
3,10000.0,64,0.796875,2,3,1,0,0,0,1,1,0,0,0,0,1,baixo
3,35000.0,108,0.9074074074074074,29,2,1,0,0,0,1,0,1,0,0,0,0,alto
7,35000.0,541,0.9648798521256932,29,4,1,1,0,0,1,0,0,1,1,0,1,baixo
8,10000.0,0,0.0,1,3,1,0,0,0,1,1,0,1,0,0,0,medio_alto
8,10000.0,3,0.6666666666666666,1,1,1,0,0,0,1,0,0,0,0,0,0,medio_baixo
7,35000.0,6,0.8333333333333334,2,2,1,1,1,0,1,0,0,1,0,0,0,baixo
6,10000.0,10,1.0,1,5,1,1,0,0,1,1,1,1,0,1,0,medio_alto
2,10000.0,500,0.868,1,2,1,0,0,0,1,1,0,0,0,0,0,alto
2,10000.0,1,1.0,1,1,1,0,0,0,1,0,0,0,0,0,0,medio_baixo
2,0.0,0,0.0,0,0,1,0,0,0,0,0,0,0,0,0,0,gratuito
1,10000.0,0,0.0,8,5,1,1,0,0,1,1,1,1,0,1,0,alto
2,10000.0,1,1.0,1,3,1,0,0,0,0,0,0,1,1,1,0,alto
9,10000.0,7,0.8571428571428571,1,3,1,0,0,0,0,1,0,1,0,0,0,medio_alto
4,10000.0,27,0.8888888888888888,8,1,1,0,0,0,0,0,0,0,0,0,0,medio_alto
4,10000.0,3,0.6666666666666666,1,3,1,1,0,0,0,0,1,0,1,1,0,baixo
9,75000.0,114,0.7192982456140351,1,3,1,0,0,1,1,1,1,0,0,0,0,baixo
8,10000.0,17,0.29411764705882354,1,3,1,0,0,0,1,0,0,1,0,1,0,medio_baixo
10,10000.0,101,0.7128712871287128,2,1,1,0,0,1,0,0,1,0,0,0,0,medio_alto
1,0.0,0,0.0,0,0,1,0,0,0,0,0,0,0,0,0,0,gratuito
10,10000.0,3,0.6666666666666666,1,2,1,0,0,0,1,0,0,1,0,0,0,medio_baixo
9,35000.0,61,0.5737704918032787,2,1,1,0,0,0,0,0,0,0,0,1,0,baixo
5,0.0,0,0.0,0,0,1,0,0,0,0,0,0,0,0,0,0,gratuito
1,0.0,0,0.0,1,1,1,0,0,0,0,0,0,0,1,0,0,medio_baixo
2,10000.0,52,0.7692307692307693,3,5,1,1,0,0,1,0,0,1,1,0,1,medio_alto
6,10000.0,9,0.6666666666666666,9,6,1,0,0,0,1,1,0,1,0,0,1,baixo
1,0.0,0,0.0,1,2,1,0,1,0,1,1,0,0,0,0,0,medio_baixo
1,35000.0,56,0.8571428571428571,10,2,1,0,0,0,1,0,0,1,0,0,0,medio_baixo
7,10000.0,13,0.9230769230769231,1,1,1,0,0,0,1,0,0,0,0,0,0,gratuito
4,10000.0,0,0.0,1,1,1,1,0,0,0,1,0,0,0,0,0,medio_alto
4,0.0,0,0.0,0,0,1,0,0,0,0,0,0,0,0,0,0,gratuito
3,10000.0,19,0.9473684210526315,1,3,1,0,0,0,1,1,0,1,0,0,0,medio_baixo
1,10000.0,0,0.0,1,3,1,0,0,0,1,0,1,1,0,0,0,medio_alto
11,10000.0,49,0.7959183673469388,2,2,1,0,0,0,1,1,0,0,0,0,0,alto
2,10000.0,0,0.0,6,3,1,0,0,0,1,1,0,1,0,0,0,alto
2,10000.0,8,0.875,1,2,1,0,0,0,1,0,0,1,0,0,0,baixo
1,0.0,0,0.0,0,0,1,0,0,0,0,0,0,0,0,0,0,gratuito
5,0.0,0,0.0,10,2,1,0,0,22,0,1,0,0,0,0,0,gratuito
16,750000.0,1789,0.7456679709334824,6,1,1,0,0,0,0,1,0,0,0,0,0,medio_baixo
1,0.0,0,0.0,1,2,1,1,1,0,1,0,0,0,0,0,0,gratuito
2,0.0,0,0.0,0,0,1,0,0,0,0,0,0,0,0,0,0,gratuito
2,0.0,0,0.0,0,0,1,0,0,0,0,0,0,0,0,0,0,gratuito
4,0.0,0,0.0,0,0,1,0,0,0,0,0,0,0,0,0,0,gratuito
1,10000.0,0,0.0,1,4,1,0,0,0,1,0,0,1,0,1,0,baixo
1,10000.0,0,0.0,1,1,1,0,0,0,0,1,0,0,0,0,0,medio_alto
4,10000.0,8,0.75,1,2,1,0,0,0,0,0,0,1,0,1,0,medio_alto
2,10000.0,25,0.56,3,3,1,0,0,1,1,1,1,0,0,0,0,alto
1,10000.0,5,0.6,1,1,1,0,0,0,0,0,0,0,0,0,1,medio_alto
2,10000.0,4,0.0,2,1,1,0,0,2,0,0,0,0,0,0,1,medio_baixo
3,10000.0,0,0.0,2,4,1,0,0,0,1,1,0,1,0,0,0,alto
2,35000.0,69,0.9420289855072463,13,3,1,0,0,0,1,0,1,0,1,0,0,alto
8,150000.0,255,0.49019607843137253,7,5,1,0,0,0,0,1,0,1,0,1,1,gratuito
2,10000.0,3,0.3333333333333333,1,1,1,0,0,0,0,0,1,0,0,0,0,alto
3,10000.0,18,0.9444444444444444,10,4,1,0,0,0,1,1,0,1,0,1,0,baixo
2,10000.0,2,1.0,1,1,1,0,0,0,0,0,1,0,0,0,0,baixo
5,10000.0,0,0.0,1,4,1,0,0,0,1,1,0,0,0,1,0,medio_baixo
3,0.0,0,0.0,103,4,1,0,0,0,1,0,0,1,0,1,1,baixo
2,10000.0,25,0.88,1,2,1,0,0,0,1,0,1,0,0,0,0,medio_alto
1,10000.0,0,0.0,1,2,1,1,1,0,1,0,0,1,0,0,0,baixo
1,0.0,0,0.0,103,3,1,0,0,2,1,0,0,1,0,0,0,baixo
2,0.0,0,0.0,0,0,1,0,0,0,0,0,0,0,0,0,0,gratuito
3,10000.0,30,0.9333333333333333,1,4,1,0,1,0,1,1,0,0,1,0,1,alto
6,10000.0,20,0.65,1,4,1,0,0,0,1,1,0,1,0,0,1,medio_alto
1,0.0,0,0.0,1,5,1,0,0,0,0,0,1,0,1,1,0,gratuito
1,10000.0,20,0.85,1,3,1,0,0,0,1,0,0,1,0,1,0,medio_alto
6,10000.0,4,0.75,1,2,1,0,0,0,1,0,0,0,0,0,0,gratuito
3,10000.0,62,0.9516129032258065,6,2,1,0,0,0,1,0,0,1,0,0,0,medio_baixo
2,10000.0,7,0.7142857142857143,9,1,1,1,0,0,0,0,0,0,0,1,0,alto
3,10000.0,6,0.5,1,3,1,0,0,0,1,0,0,0,0,1,1,baixo
4,10000.0,68,0.7352941176470589,1,3,1,1,1,0,1,0,0,1,1,0,0,medio_alto
1,10000.0,0,0.0,1,2,1,0,1,0,0,1,0,0,0,0,0,medio_baixo
9,10000.0,17,0.6470588235294118,1,1,1,0,0,0,0,0,0,0,0,0,0,gratuito
1,10000.0,18,1.0,1,2,1,0,0,0,1,1,0,0,0,0,0,medio_baixo
8,75000.0,434,0.8456221198156681,2,1,1,1,1,0,0,0,0,0,0,0,1,medio_baixo
5,10000.0,3,0.0,2,1,1,0,0,0,1,0,0,0,0,0,0,baixo
3,35000.0,952,0.5987394957983193,12,3,1,0,0,1,1,0,0,0,0,1,0,alto
2,35000.0,2,0.5,11,1,1,0,0,0,0,1,0,0,0,0,0,medio_alto
5,10000.0,1,0.0,1,3,1,0,0,0,1,1,1,0,0,0,0,baixo
2,0.0,0,0.0,0,0,1,0,0,0,0,0,0,0,0,0,0,gratuito
5,75000.0,998,0.9298597194388778,1,8,1,0,0,1,1,1,1,1,1,1,1,medio_alto
1,0.0,0,0.0,9,5,1,0,0,0,1,0,1,1,0,1,1,medio_alto
3,0.0,0,0.0,30,3,1,0,0,0,0,1,1,0,1,0,0,baixo
1,0.0,0,0.0,0,0,1,0,0,0,0,0,0,0,0,0,0,gratuito
8,10000.0,6,0.6666666666666666,1,1,1,1,1,0,1,0,0,0,0,0,0,alto
2,35000.0,938,0.6204690831556503,2,4,1,0,0,0,1,0,0,0,1,1,0,alto
1,10000.0,2,0.5,2,4,1,0,0,0,1,1,0,0,1,0,0,medio_alto
10,10000.0,4,0.75,1,2,1,0,0,0,0,0,1,1,0,0,0,medio_alto
1,10000.0,0,0.0,2,3,1,0,0,0,1,0,1,1,0,0,0,baixo
7,10000.0,16,0.8125,3,5,1,1,0,0,1,0,1,1,1,1,0,medio_baixo
4,35000.0,4,0.75,1,3,1,0,0,0,1,1,1,0,0,0,0,medio_baixo
3,0.0,0,0.0,0,0,1,0,0,0,0,0,0,0,0,0,0,gratuito
7,10000.0,10,0.7,1,3,1,0,1,1,1,0,0,1,0,1,0,gratuito
4,10000.0,0,0.0,1,3,1,0,0,0,1,1,1,0,0,0,0,medio_alto
7,10000.0,20,0.5,103,5,1,0,0,0,1,0,1,1,0,1,1,baixo
1,10000.0,3,1.0,1,4,1,0,0,0,1,0,0,1,0,1,0,medio_baixo
2,10000.0,6,0.8333333333333334,2,3,1,0,0,0,1,1,0,0,1,0,0,baixo
1,0.0,0,0.0,1,1,1,0,0,0,0,0,0,1,0,0,0,alto
7,10000.0,9,0.6666666666666666,1,5,1,0,0,0,1,0,1,1,0,1,1,baixo
4,10000.0,10,1.0,1,6,1,0,0,0,1,0,1,1,0,0,1,medio_alto
3,10000.0,12,0.75,1,3,1,1,0,0,1,0,1,1,0,0,0,alto
7,35000.0,1,1.0,1,1,1,1,1,0,0,0,0,1,0,0,0,medio_baixo
1,0.0,0,0.0,0,0,1,0,0,0,0,0,0,0,0,0,0,gratuito
9,35000.0,612,0.6928104575163399,1,3,1,0,0,0,1,0,1,0,1,0,0,medio_alto
2,10000.0,129,0.5658914728682171,1,4,1,0,0,0,1,0,0,1,1,0,0,medio_baixo
10,10000.0,7,0.5714285714285714,1,3,1,0,0,0,1,1,1,0,0,0,0,baixo
8,150000.0,1929,0.8947641264904095,13,2,1,0,0,1,0,1,1,0,0,0,0,medio_alto
8,10000.0,211,0.7725118483412322,1,3,1,0,0,0,1,0,1,1,0,0,0,medio_baixo
1,0.0,0,0.0,3,4,1,0,0,0,1,1,1,0,0,0,0,alto
1,10000.0,0,0.0,14,1,1,0,0,1,0,1,0,0,0,0,0,alto
3,10000.0,10,0.7,11,4,1,0,0,0,1,0,0,1,0,0,1,medio_baixo
4,750000.0,8105,0.9280690931523751,4,3,1,1,0,2,1,0,1,0,1,0,0,medio_alto
4,10000.0,54,0.8518518518518519,12,1,1,0,0,0,0,0,0,0,0,1,0,medio_baixo
1,0.0,0,0.0,4,2,1,0,0,0,1,0,0,1,0,0,0,baixo
7,10000.0,0,0.0,1,3,1,0,0,0,1,1,0,0,1,0,0,medio_alto
8,10000.0,13,0.6923076923076923,4,3,1,0,1,0,1,0,1,0,1,0,0,medio_alto
3,0.0,0,0.0,0,0,1,0,0,0,0,0,0,0,0,0,0,gratuito
2,10000.0,0,0.0,1,3,1,0,0,0,1,0,0,1,0,0,1,medio_alto
8,10000.0,58,0.7241379310344828,9,3,1,1,1,0,1,0,1,1,0,0,0,alto
6,10000.0,8,0.625,1,2,1,0,0,0,1,0,0,0,0,1,0,baixo
10,75000.0,31,0.6774193548387096,1,5,1,0,0,2,1,1,1,1,1,0,0,medio_alto
9,10000.0,141,0.8156028368794326,7,3,1,1,1,1,0,0,0,0,0,0,1,medio_baixo
4,10000.0,1,1.0,1,2,1,0,1,0,1,0,0,1,0,0,0,baixo
7,10000.0,4,0.0,1,4,1,1,0,0,1,0,0,1,1,0,1,medio_baixo
3,10000.0,120,0.4083333333333333,12,2,1,0,0,0,0,1,1,0,0,0,0,medio_alto
11,35000.0,73,0.8356164383561644,1,2,1,1,0,0,1,0,1,0,0,0,0,baixo
3,10000.0,0,0.0,1,2,1,1,1,0,0,0,1,0,0,0,0,gratuito
8,10000.0,13,0.23076923076923078,9,6,1,0,0,0,1,1,0,0,1,0,1,gratuito
4,10000.0,16,1.0,1,2,1,0,0,0,1,1,0,0,0,0,0,baixo
4,0.0,0,0.0,0,0,1,0,0,0,0,0,0,0,0,0,0,gratuito
2,75000.0,3,1.0,1,4,1,0,0,0,1,1,0,0,1,0,0,alto
2,10000.0,245,0.6857142857142857,2,2,1,0,0,0,1,0,0,0,1,0,0,medio_alto
5,75000.0,2,1.0,3,4,1,0,0,0,1,1,0,0,0,0,0,medio_baixo
1,0.0,0,0.0,11,2,1,0,0,0,0,0,0,0,0,0,1,gratuito
3,10000.0,0,0.0,1,2,1,0,0,0,0,0,1,0,0,0,1,alto
5,0.0,0,0.0,0,0,1,0,0,0,0,0,0,0,0,0,0,gratuito
10,150000.0,834,0.7865707434052758,1,4,1,0,0,2,1,1,1,0,1,0,0,medio_alto
6,10000.0,15,0.8,1,4,1,0,0,0,1,0,0,1,1,0,1,baixo
3,0.0,0,0.0,0,0,1,0,0,0,0,0,0,0,0,0,0,gratuito
2,35000.0,43,0.6046511627906976,2,3,1,0,0,0,1,0,1,0,0,0,1,baixo
1,0.0,0,0.0,0,0,1,0,0,0,0,0,0,0,0,0,0,gratuito
7,10000.0,448,0.8191964285714286,2,1,1,0,0,0,0,0,1,0,0,0,0,alto
1,10000.0,162,0.9320987654320988,13,3,1,0,0,0,1,1,0,0,0,0,1,medio_baixo
1,10000.0,0,0.0,3,3,1,0,0,0,1,0,1,0,1,0,0,alto
1,10000.0,0,0.0,1,2,1,1,0,0,1,0,0,1,0,0,0,alto
9,350000.0,792,0.6856060606060606,2,2,1,0,0,1,1,0,0,0,0,0,1,baixo
9,10000.0,6,1.0,1,1,1,0,0,0,0,0,0,0,1,0,0,medio_baixo
8,10000.0,7,0.8571428571428571,1,2,1,0,0,0,1,1,0,0,0,0,0,medio_baixo
1,35000.0,685,0.7518248175182481,4,2,1,0,0,0,1,1,0,0,0,0,0,alto
3,10000.0,6,1.0,1,5,1,0,0,0,1,1,0,0,1,1,0,alto
3,0.0,0,0.0,5,5,1,1,0,5,0,0,1,0,1,1,0,gratuito
8,10000.0,12,0.25,2,2,1,0,0,0,0,0,0,0,0,0,0,gratuito
1,10000.0,39,0.7692307692307693,1,3,1,0,0,0,1,1,1,0,0,0,0,alto
3,10000.0,5,1.0,1,2,1,0,0,0,0,1,0,0,0,1,0,medio_alto
5,10000.0,13,0.9230769230769231,1,2,1,0,0,0,1,0,0,1,0,0,0,medio_alto
3,35000.0,17,0.9411764705882353,1,3,1,1,1,0,1,1,0,0,0,0,0,alto
5,10000.0,75,0.9866666666666667,1,1,1,0,0,0,1,0,0,0,0,0,0,alto
2,10000.0,425,0.8564705882352941,8,2,1,0,0,0,1,0,1,0,0,0,0,medio_alto
6,150000.0,1816,0.8039647577092511,29,3,1,0,0,1,1,1,0,1,0,0,0,baixo
7,10000.0,9,0.8888888888888888,6,2,1,0,0,0,1,0,0,1,0,0,0,baixo
2,10000.0,1,1.0,2,3,1,0,0,0,1,1,0,1,0,0,0,baixo
3,10000.0,218,0.981651376146789,1,1,1,0,0,0,0,0,0,0,1,0,0,alto
2,10000.0,2,1.0,3,3,1,0,0,0,1,0,0,1,0,1,0,medio_alto
1,0.0,0,0.0,2,4,1,0,0,0,1,0,0,1,0,1,1,medio_alto
14,750000.0,46620,0.8306091806091807,1,6,1,1,0,6,1,1,1,0,1,0,0,gratuito
3,0.0,0,0.0,0,0,1,0,0,0,0,0,0,0,0,0,0,gratuito
1,10000.0,0,0.0,12,4,1,0,0,0,1,0,1,0,0,0,1,alto
1,0.0,0,0.0,1,3,1,0,0,0,0,0,0,0,1,0,0,gratuito
3,10000.0,0,0.0,10,3,1,1,0,7,0,0,0,1,0,0,1,gratuito
9,150000.0,261,0.8007662835249042,5,3,1,0,0,0,1,1,1,0,0,0,0,baixo
4,0.0,0,0.0,0,0,1,0,0,0,0,0,0,0,0,0,0,gratuito
2,0.0,0,0.0,1,3,1,0,0,0,0,1,1,0,0,0,0,gratuito
4,10000.0,12,1.0,7,2,1,0,0,0,1,0,0,1,0,0,0,medio_baixo
1,10000.0,0,0.0,31,2,1,0,0,0,1,0,0,1,0,0,0,baixo
1,0.0,0,0.0,0,0,1,0,0,0,0,0,0,0,0,0,0,gratuito
8,10000.0,10,0.8,1,6,1,0,0,0,1,1,1,0,1,1,1,gratuito
1,0.0,0,0.0,1,2,1,0,0,0,1,0,0,1,0,0,0,alto
7,75000.0,303,0.7920792079207921,4,3,1,1,1,1,1,0,0,0,0,1,1,medio_baixo
12,350000.0,720,0.7527777777777778,8,3,1,1,1,0,1,0,1,0,1,0,0,baixo
1,10000.0,0,0.0,1,3,1,1,1,0,1,0,1,1,0,0,0,medio_alto
2,10000.0,22,0.9545454545454546,10,3,1,1,1,2,1,1,1,0,0,0,0,medio_baixo
7,10000.0,128,0.8203125,1,4,1,1,1,0,1,0,1,1,0,0,0,gratuito
7,35000.0,183,0.8306010928961749,9,2,1,1,1,0,0,0,1,1,0,0,0,medio_alto
2,10000.0,0,0.0,2,1,1,0,0,0,0,0,0,0,0,0,0,medio_alto
3,10000.0,25,0.8,1,3,1,1,0,0,0,0,1,1,0,0,0,gratuito
10,75000.0,72,0.5138888888888888,1,2,1,0,0,0,1,0,1,0,0,0,0,medio_baixo
1,10000.0,25,0.96,1,1,1,0,0,0,1,0,0,0,0,0,0,baixo
2,10000.0,5,1.0,15,3,1,0,0,0,1,1,0,1,0,0,0,medio_baixo
1,10000.0,0,0.0,1,2,1,0,0,0,1,0,1,0,0,0,0,alto
2,10000.0,5,0.8,2,3,1,0,0,0,1,1,1,0,0,0,0,baixo
1,10000.0,1,1.0,1,2,1,0,0,0,1,1,0,0,0,0,0,baixo
1,10000.0,1,1.0,4,3,1,0,0,0,1,0,0,1,0,1,0,baixo
3,35000.0,26,0.6538461538461539,10,3,1,0,0,0,1,1,0,0,0,0,0,medio_baixo
5,10000.0,28,0.8571428571428571,2,3,1,0,0,0,1,0,1,1,0,0,0,medio_baixo
11,35000.0,127,0.6456692913385826,5,2,1,0,0,0,0,0,1,1,0,0,0,medio_baixo
2,10000.0,5,0.2,1,3,1,0,0,0,1,0,0,1,0,0,1,baixo
8,75000.0,463,0.796976241900648,6,2,1,0,1,1,1,0,0,1,0,0,0,baixo
2,0.0,0,0.0,1,5,1,0,0,0,1,0,0,1,0,1,1,gratuito
5,35000.0,4,0.5,1,3,1,0,0,0,1,1,1,0,0,0,0,baixo
2,10000.0,0,0.0,3,3,1,0,0,0,1,0,1,1,0,0,0,medio_baixo
3,10000.0,0,0.0,10,4,1,1,1,0,1,0,1,1,1,0,0,medio_alto
2,150000.0,572,0.7762237762237763,11,5,1,0,0,0,1,1,1,0,0,1,0,alto
4,10000.0,2,1.0,2,2,1,0,0,0,0,0,0,1,0,1,0,alto
4,75000.0,2792,0.877865329512894,7,6,1,0,0,0,1,1,1,1,0,1,1,medio_alto
4,10000.0,339,0.7876106194690266,5,4,1,0,0,2,1,1,1,0,1,0,0,medio_alto
2,10000.0,169,0.8461538461538461,3,3,1,0,0,0,1,0,0,1,1,0,0,alto
9,10000.0,20,0.7,1,4,1,0,0,0,0,0,0,0,0,0,0,gratuito
9,150000.0,886,0.5406320541760722,1,4,1,0,0,0,0,1,0,0,0,0,1,baixo
6,10000.0,99,0.7373737373737373,5,3,1,0,0,0,1,0,1,0,1,0,0,gratuito
11,10000.0,47,0.2127659574468085,1,4,1,0,0,0,1,0,0,0,0,1,0,gratuito
5,35000.0,63,0.9206349206349206,1,5,1,0,0,0,1,1,1,1,0,1,0,medio_alto
4,10000.0,0,0.0,1,3,1,0,0,2,1,0,0,1,0,0,1,baixo
8,10000.0,1,1.0,1,2,1,0,0,0,1,0,0,1,0,0,0,baixo
2,10000.0,119,0.7478991596638656,14,3,1,1,0,2,1,0,1,1,0,0,0,medio_alto
15,350000.0,1275,0.7741176470588236,2,4,1,0,0,0,0,1,0,0,1,0,0,gratuito
10,10000.0,17,0.35294117647058826,1,3,1,0,0,0,0,0,0,1,0,0,1,medio_alto
8,10000.0,25,0.72,2,4,1,0,0,0,1,1,1,0,0,1,0,medio_alto
1,10000.0,0,0.0,1,4,1,1,1,1,1,1,1,0,0,0,0,gratuito
1,0.0,0,0.0,1,3,1,0,0,0,1,0,1,0,1,0,0,medio_baixo
1,10000.0,0,0.0,1,2,1,0,0,0,0,0,1,1,0,0,0,baixo
8,35000.0,72,0.6388888888888888,1,2,1,0,0,0,1,0,0,1,0,0,0,baixo
1,0.0,0,0.0,1,3,1,0,0,0,1,0,1,1,0,0,0,medio_alto
6,10000.0,9,0.1111111111111111,1,4,1,0,0,0,1,1,1,0,1,0,0,alto
5,10000.0,5,0.6,1,2,1,0,0,0,1,1,0,0,0,0,0,baixo
2,10000.0,19,1.0,6,4,1,0,0,0,1,0,1,0,0,1,0,medio_baixo
9,10000.0,28,0.35714285714285715,2,3,1,0,0,0,0,0,0,0,0,1,1,alto
11,10000.0,57,0.7368421052631579,8,3,1,0,1,0,1,1,1,0,0,0,0,medio_alto
10,10000.0,242,0.8305785123966942,1,3,1,1,1,0,1,1,0,1,0,0,0,medio_alto
5,10000.0,60,0.8333333333333334,1,3,1,0,0,0,1,1,0,1,0,0,0,alto
5,10000.0,16,0.875,7,4,1,0,0,0,1,1,0,1,0,0,0,alto
2,35000.0,31,0.8064516129032258,4,5,1,0,0,0,1,1,1,0,1,0,0,alto
2,10000.0,1,1.0,12,5,1,1,0,0,1,0,1,1,0,0,1,alto
1,10000.0,2,1.0,1,2,1,0,0,0,0,0,0,1,0,0,1,medio_baixo
7,10000.0,18,0.9444444444444444,1,5,1,0,0,0,1,1,1,1,0,0,0,alto
4,10000.0,9,0.5555555555555556,2,2,1,1,1,0,1,0,0,1,0,0,0,alto
4,10000.0,11,1.0,2,3,1,0,0,0,1,1,0,0,0,0,0,medio_baixo
2,10000.0,10,1.0,2,2,1,0,0,0,1,0,0,1,0,0,0,baixo
1,10000.0,0,0.0,1,1,1,0,0,0,1,0,0,0,0,0,0,alto
6,10000.0,22,1.0,1,2,1,1,1,0,1,0,0,1,0,0,0,baixo
5,0.0,0,0.0,1,5,1,1,0,0,1,1,0,1,0,0,0,gratuito
1,10000.0,0,0.0,2,3,1,0,0,1,1,1,0,1,0,0,0,medio_alto
3,35000.0,13,1.0,7,2,1,1,0,0,1,1,0,0,0,0,0,medio_baixo
8,10000.0,27,0.5185185185185185,1,4,1,0,0,0,1,1,1,1,0,0,0,baixo
1,0.0,0,0.0,0,0,1,0,0,0,0,0,0,0,0,0,0,gratuito
1,10000.0,0,0.0,1,3,1,0,0,0,1,0,0,1,0,1,0,medio_baixo
8,35000.0,66,0.3484848484848485,1,4,1,0,0,0,1,0,1,1,1,0,0,baixo
5,35000.0,20,0.5,1,2,1,0,0,0,0,0,1,0,0,0,1,baixo
3,35000.0,17,0.9411764705882353,1,6,1,0,0,1,1,1,1,0,1,1,0,gratuito
1,0.0,0,0.0,1,1,1,0,0,0,0,1,0,0,0,0,0,gratuito
3,35000.0,471,0.8450106157112527,2,2,1,0,0,2,0,0,0,0,1,1,0,alto
5,10000.0,17,1.0,1,2,1,0,1,0,1,0,0,0,0,0,1,medio_alto
2,35000.0,3,0.6666666666666666,6,6,1,0,0,0,1,1,1,1,1,1,0,medio_baixo
4,10000.0,7,0.5714285714285714,1,3,1,1,1,0,1,0,0,1,0,1,0,medio_alto
3,35000.0,269,0.35687732342007433,9,2,1,0,0,0,1,1,0,0,0,0,0,medio_alto
2,10000.0,4,1.0,2,3,1,0,0,0,1,0,0,1,0,0,0,baixo
5,350000.0,2367,0.9095901985635826,12,1,1,0,0,1,0,0,0,0,1,0,0,alto
16,150000.0,460,0.6130434782608696,2,3,1,0,0,0,1,0,0,0,1,1,0,baixo
3,10000.0,8,0.625,2,2,1,0,0,0,1,1,0,0,0,0,0,medio_alto
1,0.0,0,0.0,0,0,1,0,0,0,0,0,0,0,0,0,0,gratuito
2,0.0,0,0.0,30,9,1,0,0,3,1,1,1,1,1,1,1,gratuito
7,10000.0,14,0.7142857142857143,27,3,1,0,0,0,1,1,0,0,0,1,0,medio_baixo
5,10000.0,0,0.0,1,1,1,0,0,0,0,0,0,0,0,0,1,alto
8,10000.0,31,0.8064516129032258,1,3,1,1,1,0,1,1,0,0,1,0,0,medio_alto
17,10000.0,0,0.0,1,1,1,0,0,0,0,0,0,0,0,0,1,medio_baixo
3,10000.0,3,0.0,7,3,1,0,1,0,1,1,1,0,0,0,0,medio_baixo
1,10000.0,6,1.0,1,2,1,1,1,1,1,0,1,0,0,0,0,medio_alto
3,10000.0,17,0.8823529411764706,1,1,1,0,0,0,0,0,0,0,0,1,0,medio_baixo
1,0.0,0,0.0,1,2,1,0,0,0,1,1,0,0,0,0,0,medio_alto
5,10000.0,0,0.0,1,4,1,0,0,0,0,0,0,1,1,0,0,gratuito
2,10000.0,4,1.0,2,4,1,0,0,0,1,0,0,1,0,1,1,baixo
8,10000.0,6,0.5,5,3,1,0,0,0,1,0,1,1,0,0,0,medio_baixo
10,350000.0,5821,0.6861364026799519,6,1,1,0,0,3,0,0,0,0,0,1,0,baixo
6,10000.0,3,0.6666666666666666,1,2,1,0,0,0,1,0,1,0,0,0,0,medio_alto
2,0.0,0,0.0,0,0,1,0,0,0,0,0,0,0,0,0,0,gratuito
8,10000.0,76,0.7763157894736842,3,3,1,0,0,1,1,1,0,1,0,0,0,medio_baixo
9,35000.0,298,0.959731543624161,1,1,1,1,1,0,0,0,0,0,0,1,0,medio_alto
10,35000.0,90,0.9222222222222223,7,2,1,0,0,2,1,0,0,1,0,0,0,baixo
8,10000.0,7,0.8571428571428571,1,4,1,0,0,0,1,1,0,1,0,0,1,baixo
7,10000.0,3,1.0,1,3,1,1,0,0,1,1,0,1,0,0,0,baixo
2,0.0,0,0.0,9,3,1,0,0,0,1,1,0,0,0,0,0,gratuito
1,10000.0,0,0.0,1,2,1,0,0,0,1,0,0,1,0,0,0,baixo
6,10000.0,127,0.6850393700787402,1,9,1,0,1,0,1,1,1,1,1,1,1,alto
1,0.0,0,0.0,1,1,1,0,0,0,0,0,0,1,0,0,0,alto
1,10000.0,0,0.0,2,4,1,0,0,0,1,1,1,0,0,0,1,medio_alto
3,0.0,0,0.0,1,3,1,0,0,0,1,0,0,1,1,0,0,gratuito
1,10000.0,0,0.0,8,1,1,0,0,0,0,0,0,0,0,1,0,baixo
8,35000.0,151,0.7615894039735099,3,2,1,0,0,0,0,0,0,0,0,1,1,medio_baixo
2,0.0,0,0.0,103,1,1,1,0,0,0,0,0,0,0,0,0,medio_alto
7,10000.0,73,0.6438356164383562,4,1,1,0,0,0,0,0,0,1,0,0,0,baixo
2,10000.0,2,1.0,1,6,1,0,0,0,1,0,1,1,1,1,1,baixo
2,10000.0,61,0.8524590163934426,6,3,1,0,0,0,1,0,0,1,1,0,0,medio_alto
3,10000.0,0,0.0,1,3,1,0,0,0,0,1,1,0,0,0,0,gratuito
1,10000.0,0,0.0,1,3,1,1,0,0,0,0,1,0,0,0,0,baixo
3,10000.0,26,1.0,7,4,1,0,0,0,1,0,1,1,0,1,0,baixo
5,10000.0,9,0.6666666666666666,0,1,1,0,0,0,1,0,0,0,0,0,0,alto
1,0.0,0,0.0,1,2,1,0,0,0,1,1,0,0,0,0,0,medio_alto
8,10000.0,0,0.0,1,3,1,0,0,0,1,0,0,1,0,1,0,medio_alto
7,10000.0,73,0.7671232876712328,1,4,1,0,0,1,1,1,1,0,1,0,0,alto
7,35000.0,33,0.6060606060606061,2,3,1,0,0,0,1,1,0,0,0,0,0,gratuito
7,10000.0,2,1.0,1,3,1,0,0,0,1,0,1,0,0,1,0,medio_baixo
7,10000.0,6,1.0,5,3,1,0,0,0,1,1,0,1,0,0,0,baixo
9,75000.0,790,0.7063291139240506,7,2,1,0,0,0,0,1,0,0,1,0,0,alto
8,10000.0,15,0.13333333333333333,1,3,1,0,0,0,1,0,1,1,0,0,0,baixo
2,10000.0,9,0.8888888888888888,1,3,1,1,1,0,1,0,0,1,0,1,0,baixo
2,10000.0,8,1.0,1,3,1,0,1,0,1,0,1,1,0,0,0,baixo
1,10000.0,1,1.0,1,3,1,1,0,0,1,0,0,0,1,1,0,medio_baixo
11,10000.0,461,0.7787418655097614,2,4,1,0,0,0,0,0,0,0,0,0,0,alto
8,10000.0,1,0.0,2,2,1,0,0,0,1,1,0,0,0,0,0,medio_alto
3,10000.0,227,0.8149779735682819,10,2,1,1,0,1,1,1,0,0,0,0,0,medio_baixo
14,35000.0,855,0.8502923976608188,1,3,1,0,0,0,1,1,0,0,1,0,0,alto
8,10000.0,6,0.8333333333333334,1,3,1,1,0,0,1,0,1,1,0,0,0,medio_baixo
10,75000.0,80,0.575,1,5,1,0,0,0,1,0,1,1,1,1,0,baixo
8,10000.0,296,0.8581081081081081,2,2,1,0,0,0,1,0,1,0,0,0,0,medio_baixo
8,1500000.0,31563,0.8376263346323226,4,3,1,1,1,5,0,1,1,0,0,1,0,alto
5,0.0,0,0.0,4,3,1,0,0,0,1,0,1,0,0,0,0,gratuito
5,10000.0,2,1.0,1,3,1,0,0,0,1,1,0,1,0,0,0,baixo
1,350000.0,24180,0.8981389578163772,1,1,1,0,0,0,0,0,0,0,0,0,0,medio_alto
12,150000.0,579,0.6424870466321243,8,2,1,1,0,2,1,1,0,0,0,0,0,medio_alto
2,10000.0,15,0.8,12,3,1,1,0,0,1,0,0,1,0,1,0,medio_baixo
3,35000.0,16,0.625,4,2,1,0,0,1,0,0,1,1,0,0,0,medio_baixo
4,35000.0,21,0.5238095238095238,1,1,1,0,0,0,0,1,0,0,0,0,0,gratuito
2,10000.0,3,1.0,2,4,1,0,0,0,1,0,0,1,0,0,1,gratuito
1,0.0,0,0.0,0,0,1,0,0,0,0,0,0,0,0,0,0,gratuito
2,10000.0,13,0.15384615384615385,2,4,1,0,0,0,1,1,1,0,0,0,0,medio_baixo
5,35000.0,4,1.0,14,2,1,0,0,0,1,1,0,0,0,0,0,medio_baixo
1,10000.0,0,0.0,5,4,1,0,0,0,1,1,1,1,0,0,0,baixo
7,10000.0,29,0.5862068965517241,1,5,1,1,0,0,1,0,1,1,1,0,1,medio_baixo
3,10000.0,5,0.2,1,1,1,0,0,0,0,1,0,0,0,0,0,baixo
3,10000.0,0,0.0,1,1,1,0,0,0,1,0,0,0,0,0,0,medio_baixo
3,10000.0,22,1.0,1,1,1,0,0,0,0,1,0,0,0,0,0,medio_baixo
9,350000.0,2457,0.9267399267399268,12,2,1,1,1,1,1,1,0,0,0,0,0,alto
2,10000.0,1,1.0,2,3,1,0,0,0,1,1,1,0,0,0,0,medio_baixo
1,0.0,0,0.0,7,4,1,1,1,0,1,1,1,1,0,0,0,baixo
3,150000.0,1566,0.9514687100893997,12,3,1,1,1,1,1,0,1,0,0,0,1,medio_alto
1,0.0,0,0.0,10,5,1,0,0,0,1,1,0,0,0,1,1,gratuito
2,10000.0,1,1.0,6,2,1,1,0,0,0,1,0,0,0,0,0,gratuito
7,10000.0,7,1.0,1,3,1,0,1,0,1,0,0,1,0,0,0,medio_alto
2,10000.0,5,1.0,1,4,1,0,0,0,1,0,1,0,1,0,0,medio_baixo
1,0.0,0,0.0,1,5,1,0,0,0,1,0,1,1,0,0,1,gratuito
7,10000.0,10,0.6,1,1,1,0,0,0,0,0,0,0,0,1,0,alto
8,10000.0,3,0.6666666666666666,1,5,1,0,0,0,1,1,0,0,0,0,1,alto
1,0.0,0,0.0,0,0,1,0,0,0,0,0,0,0,0,0,0,gratuito
2,0.0,0,0.0,0,0,1,0,0,0,0,0,0,0,0,0,0,gratuito
5,35000.0,22,0.7727272727272727,1,5,1,0,0,0,1,0,1,1,0,1,1,baixo
7,10000.0,27,0.8148148148148148,3,2,1,0,0,0,1,0,1,0,0,0,0,baixo
4,10000.0,30,0.9,29,2,1,0,0,1,1,0,0,1,0,0,0,baixo
2,10000.0,0,0.0,1,1,1,0,0,0,0,0,0,1,0,0,0,medio_baixo
1,10000.0,5,0.8,22,2,1,0,0,0,1,0,0,1,0,0,0,baixo
6,10000.0,3,0.3333333333333333,29,2,1,0,0,0,0,0,0,1,0,0,1,alto
1,10000.0,19,0.9473684210526315,6,4,1,0,0,0,0,1,0,1,0,0,0,medio_baixo
3,10000.0,75,0.72,5,4,1,1,0,0,1,0,0,1,0,0,1,baixo
10,10000.0,1,0.0,1,2,1,0,0,0,1,0,0,1,0,0,0,baixo
9,10000.0,58,0.41379310344827586,29,3,1,0,0,0,0,1,1,0,0,0,1,baixo
3,10000.0,6,1.0,3,2,1,0,0,0,1,0,0,1,0,0,0,medio_alto
1,10000.0,0,0.0,1,2,1,0,1,0,1,0,0,1,0,0,0,medio_baixo
3,0.0,0,0.0,1,2,1,0,0,0,1,0,1,0,0,0,0,gratuito
8,10000.0,18,0.3888888888888889,4,4,1,1,0,0,0,1,1,1,0,0,1,medio_alto
5,10000.0,25,0.96,1,2,1,0,0,0,0,1,0,1,0,0,0,baixo
10,10000.0,153,0.6993464052287581,1,1,1,0,0,1,0,1,0,0,0,0,0,medio_alto
3,10000.0,1,0.0,3,3,1,0,1,0,1,0,0,1,0,0,1,alto
7,10000.0,1,0.0,2,1,1,0,0,0,0,0,0,0,0,0,0,medio_alto
1,10000.0,0,0.0,2,3,1,0,0,0,1,0,1,0,0,0,1,baixo
7,10000.0,32,1.0,1,2,1,1,1,0,1,1,0,0,0,0,0,baixo
11,35000.0,78,0.6025641025641025,3,1,1,1,0,0,0,0,0,0,0,1,0,alto
9,10000.0,81,0.6172839506172839,1,4,1,0,0,0,1,0,0,1,0,0,1,gratuito
2,75000.0,4,0.75,6,5,1,1,0,0,1,1,1,0,1,1,0,baixo
2,10000.0,3,0.6666666666666666,1,2,1,1,0,0,0,1,1,0,0,0,0,medio_baixo
1,10000.0,116,0.8706896551724138,1,4,1,0,1,0,1,1,1,0,1,0,0,alto
1,10000.0,0,0.0,10,1,1,0,0,1,0,1,0,0,0,0,0,medio_alto
7,10000.0,0,0.0,3,3,1,0,0,0,0,1,1,0,1,0,0,medio_baixo
1,0.0,0,0.0,1,4,1,0,0,8,0,0,1,1,0,1,0,gratuito
4,10000.0,5,0.8,6,3,1,0,0,0,1,0,1,1,0,0,0,medio_baixo
2,10000.0,4,1.0,1,3,1,0,1,0,1,0,1,1,0,0,0,medio_baixo
4,10000.0,2,0.5,1,3,1,0,0,0,1,1,1,0,0,0,0,medio_baixo
7,10000.0,2,1.0,6,2,1,0,1,0,1,1,0,0,0,0,0,medio_baixo
3,10000.0,7,0.42857142857142855,1,4,1,0,0,0,1,1,1,0,0,0,0,alto
10,10000.0,13,0.7692307692307693,2,2,1,0,0,0,0,1,0,0,0,0,1,medio_baixo
5,10000.0,5,0.8,1,2,1,0,0,0,0,1,0,0,0,0,0,alto
8,10000.0,27,0.8148148148148148,103,5,1,0,0,0,1,0,1,1,0,1,1,baixo
3,10000.0,12,0.9166666666666666,2,4,1,0,0,0,0,1,1,1,0,0,1,medio_alto
4,10000.0,23,0.9130434782608695,3,3,1,1,0,1,0,1,0,1,0,0,0,medio_alto
4,10000.0,762,0.8832020997375328,12,3,1,0,0,1,1,1,1,0,0,0,0,medio_baixo
7,10000.0,22,0.7272727272727273,1,2,1,1,0,0,1,1,0,0,0,0,0,medio_alto
5,10000.0,16,0.8125,6,3,1,0,0,0,1,1,1,0,0,0,0,medio_baixo
1,10000.0,0,0.0,1,3,1,0,0,0,1,0,0,0,0,1,0,medio_baixo
9,10000.0,48,0.7708333333333334,1,3,1,0,0,0,1,0,0,0,0,1,1,alto
7,10000.0,3,1.0,1,2,1,0,0,0,1,1,0,0,0,0,0,medio_baixo
2,0.0,0,0.0,1,1,1,0,0,0,0,0,0,0,0,0,1,gratuito
9,10000.0,2,1.0,1,2,1,0,0,0,0,0,1,1,0,0,0,gratuito
12,10000.0,193,0.36787564766839376,1,3,1,1,0,0,0,0,1,0,1,0,1,medio_baixo
1,35000.0,4,0.75,1,1,1,0,0,0,0,0,0,1,0,0,0,medio_alto
7,10000.0,19,0.7894736842105263,2,2,1,0,0,0,1,1,0,0,0,0,0,baixo
2,10000.0,0,0.0,2,1,1,0,0,0,0,0,0,1,0,0,0,baixo
2,10000.0,7,1.0,2,4,1,0,0,0,1,1,1,1,0,0,0,medio_baixo
1,10000.0,5,1.0,1,4,1,1,0,0,1,0,0,1,0,1,1,alto
10,10000.0,13,0.8461538461538461,1,3,1,1,1,0,1,0,0,1,0,1,0,alto
1,10000.0,40,0.8,1,1,1,0,0,1,0,0,1,0,0,0,0,baixo
4,0.0,0,0.0,1,1,1,0,0,0,1,0,0,0,0,0,0,gratuito
4,35000.0,713,0.7952314165497896,8,3,1,0,0,0,1,0,1,0,1,0,0,medio_alto
13,75000.0,345,0.808695652173913,5,1,1,1,0,0,0,0,1,0,0,0,0,baixo
6,150000.0,2825,0.951858407079646,10,2,1,0,1,2,0,0,0,1,1,0,0,baixo
1,10000.0,0,0.0,6,4,1,0,0,0,1,1,0,1,0,1,0,baixo
10,10000.0,106,0.8113207547169812,8,3,1,1,0,2,1,1,0,1,0,0,0,alto
8,10000.0,7,0.8571428571428571,1,2,1,0,0,0,1,0,0,1,0,0,0,medio_alto
7,35000.0,715,0.6545454545454545,29,5,1,0,0,0,1,1,1,1,0,0,1,medio_baixo
3,10000.0,39,0.9743589743589743,1,4,1,0,0,0,1,0,0,0,0,1,1,alto
6,75000.0,2247,0.9848687138406764,2,3,1,0,0,2,1,0,1,1,0,0,0,medio_baixo
6,10000.0,7,1.0,2,3,1,0,0,0,1,0,1,0,0,1,0,medio_baixo
6,10000.0,0,0.0,103,5,1,0,0,0,1,1,1,1,0,0,1,baixo
11,35000.0,119,0.7394957983193278,5,3,1,0,0,0,0,1,1,1,0,0,0,baixo
2,0.0,0,0.0,0,0,1,0,0,0,0,0,0,0,0,0,0,gratuito
1,10000.0,4,0.75,2,4,1,0,0,0,1,0,0,1,0,0,1,medio_alto
11,10000.0,16,0.8125,1,2,1,0,0,0,0,0,1,1,0,0,0,medio_alto
9,10000.0,7,1.0,1,2,1,0,0,1,1,1,0,0,0,0,0,alto
2,10000.0,308,0.8506493506493507,1,3,1,0,0,0,0,0,1,0,1,0,0,alto
5,75000.0,6,0.5,103,1,1,0,0,0,1,0,0,0,0,0,0,baixo
3,10000.0,11,1.0,1,2,1,0,0,0,1,1,0,0,0,0,0,medio_baixo
6,10000.0,1,1.0,1,1,1,0,0,0,0,0,0,0,0,0,0,baixo
1,10000.0,0,0.0,1,5,1,0,0,0,1,1,1,1,1,0,0,alto
12,35000.0,284,0.8063380281690141,4,1,1,0,0,0,0,0,0,0,0,1,0,alto
20,750000.0,2473,0.8718156085725839,3,1,1,1,1,0,0,1,0,0,0,0,0,medio_baixo
3,0.0,0,0.0,12,3,1,0,0,0,0,1,0,0,0,1,0,gratuito
8,10000.0,107,0.9065420560747663,1,4,1,0,0,1,1,1,1,0,1,0,0,medio_alto
3,10000.0,2,1.0,1,1,1,1,1,0,0,1,0,0,0,0,0,medio_baixo
2,10000.0,0,0.0,1,5,1,0,0,0,0,0,1,1,0,1,1,gratuito
16,1500000.0,9016,0.8720053238686779,5,2,1,0,0,0,0,1,1,0,0,0,0,medio_alto
1,0.0,0,0.0,27,2,1,1,1,0,1,0,0,0,0,0,1,baixo
2,10000.0,103,0.9611650485436893,12,2,1,0,0,0,1,0,0,0,1,0,0,baixo
2,10000.0,2,1.0,1,2,1,0,0,0,1,1,0,0,0,0,0,baixo
4,10000.0,61,0.7704918032786885,1,2,1,0,0,0,1,0,1,0,0,0,0,medio_baixo
2,10000.0,0,0.0,1,3,1,0,0,0,1,1,1,0,0,0,0,medio_alto
2,0.0,0,0.0,26,6,1,0,0,0,1,1,1,1,0,1,0,gratuito
3,0.0,0,0.0,0,0,1,0,0,0,0,0,0,0,0,0,0,gratuito
4,150000.0,2378,0.6387720773759462,11,2,1,0,0,0,0,1,1,0,0,0,0,alto
2,0.0,0,0.0,0,0,1,0,0,0,0,0,0,0,0,0,0,gratuito
7,35000.0,182,0.6043956043956044,6,2,1,0,0,0,0,1,0,0,0,0,0,alto
7,10000.0,0,0.0,1,4,1,0,0,0,1,0,1,0,0,0,0,gratuito
1,0.0,0,0.0,1,4,1,0,0,0,1,0,0,1,0,1,1,baixo
12,150000.0,504,0.30952380952380953,1,2,1,0,0,0,1,1,0,0,0,0,0,baixo
4,10000.0,94,0.851063829787234,8,2,1,0,0,0,1,0,0,0,0,1,0,alto
1,0.0,0,0.0,28,4,1,0,0,0,1,0,0,1,0,0,1,medio_alto
2,75000.0,418,0.7559808612440191,15,3,1,0,0,0,1,0,1,1,0,0,0,medio_alto
6,10000.0,3,1.0,1,1,1,0,0,0,0,0,0,1,0,0,0,baixo
4,10000.0,0,0.0,10,6,1,1,0,0,1,0,1,1,1,1,0,gratuito
11,10000.0,17,0.29411764705882354,1,1,1,0,1,1,0,0,0,0,0,1,0,medio_alto
4,10000.0,5,1.0,1,2,1,1,0,0,1,0,0,0,0,0,0,medio_baixo
6,10000.0,0,0.0,8,3,1,0,0,3,1,0,0,1,0,1,0,medio_baixo
2,10000.0,12,1.0,1,3,1,1,0,0,1,1,0,0,0,0,0,gratuito
3,35000.0,372,0.9220430107526881,28,3,1,1,0,0,1,0,0,1,0,1,0,medio_alto
2,10000.0,5,0.2,1,3,1,0,0,0,1,1,1,0,0,0,0,medio_baixo
2,10000.0,0,0.0,1,4,1,0,0,0,1,0,1,1,0,0,0,medio_alto
3,10000.0,5,1.0,2,3,1,0,0,0,1,1,1,0,0,0,0,medio_baixo
1,0.0,0,0.0,7,2,1,0,0,3,0,1,1,0,0,0,0,medio_baixo
2,10000.0,0,0.0,15,3,1,0,0,0,0,0,1,1,0,0,1,alto
2,10000.0,4,1.0,30,4,1,0,0,0,1,0,1,0,0,0,1,medio_alto
7,10000.0,4,1.0,1,3,1,1,0,0,0,1,0,0,0,0,0,gratuito
3,0.0,0,0.0,0,0,1,0,0,0,0,0,0,0,0,0,0,gratuito
5,10000.0,13,0.5384615384615384,1,3,1,1,1,0,1,0,1,0,1,0,0,medio_alto
8,750000.0,6018,0.9378531073446328,10,4,1,1,0,0,1,0,0,1,0,1,0,gratuito
1,0.0,0,0.0,1,2,1,0,0,0,1,0,0,0,0,0,0,alto
2,0.0,0,0.0,0,0,1,0,0,0,0,0,0,0,0,0,0,gratuito
1,0.0,0,0.0,2,4,1,1,0,0,1,1,1,0,0,0,0,baixo
7,150000.0,766,0.9033942558746736,1,3,1,0,0,0,0,0,0,0,1,1,0,gratuito
2,750000.0,528,0.9753787878787878,3,2,1,1,1,1,1,1,0,0,0,0,0,medio_alto
6,35000.0,224,0.9196428571428571,1,2,1,0,0,0,1,0,1,0,0,0,0,medio_baixo
6,10000.0,0,0.0,1,3,1,0,0,0,1,1,1,0,0,0,0,baixo
2,10000.0,6,1.0,6,4,1,0,0,0,1,1,1,0,1,0,0,medio_alto
1,0.0,0,0.0,0,0,1,0,0,0,0,0,0,0,0,0,0,gratuito
7,10000.0,46,0.5434782608695652,15,3,1,0,0,0,1,0,1,1,0,0,0,medio_baixo
4,10000.0,3,1.0,2,4,1,0,0,0,1,1,1,1,0,0,0,baixo
2,10000.0,9,0.8888888888888888,30,4,1,1,1,0,0,1,1,1,1,0,0,medio_baixo
1,0.0,0,0.0,1,5,1,0,0,0,1,1,1,0,1,0,0,gratuito
9,75000.0,80,0.5,3,3,1,0,0,0,1,1,1,0,0,0,0,medio_baixo
4,10000.0,15,0.6666666666666666,2,2,1,0,0,0,1,0,0,1,0,0,0,medio_alto
2,10000.0,105,0.9428571428571428,12,3,1,0,0,1,0,0,0,1,1,1,0,medio_alto
4,0.0,0,0.0,0,0,1,0,0,0,0,0,0,0,0,0,0,gratuito
9,10000.0,73,0.958904109589041,1,1,1,1,1,2,1,0,0,0,0,0,0,medio_alto
2,0.0,0,0.0,103,4,1,1,1,0,1,0,0,1,0,0,1,gratuito
7,35000.0,146,0.9657534246575342,1,1,1,0,0,0,1,0,0,0,0,0,0,gratuito
3,10000.0,0,0.0,3,3,1,0,0,0,0,0,1,1,1,0,0,medio_alto
3,350000.0,1357,0.8061901252763449,12,2,1,0,0,0,0,1,0,1,0,0,0,medio_baixo
8,10000.0,1,1.0,1,3,1,0,0,0,1,1,1,0,0,0,0,medio_baixo
3,10000.0,4,1.0,3,5,1,0,0,0,1,0,1,1,0,1,0,baixo
1,10000.0,0,0.0,4,3,1,0,0,0,1,0,0,1,0,0,1,baixo
1,75000.0,17,0.8235294117647058,1,3,1,0,0,0,1,1,0,0,0,0,0,medio_alto
6,10000.0,27,0.6666666666666666,1,2,1,0,0,4,1,0,0,1,0,0,0,medio_baixo
5,0.0,0,0.0,8,1,1,0,0,0,0,0,0,0,0,0,0,gratuito
3,10000.0,51,0.9803921568627451,2,2,1,0,0,1,0,0,0,0,1,1,0,medio_baixo
6,10000.0,8,0.75,2,3,1,0,0,0,1,0,0,0,0,1,1,alto
8,10000.0,2,0.5,1,2,1,0,0,0,1,1,0,0,0,0,0,medio_baixo
2,0.0,0,0.0,0,0,1,0,0,0,0,0,0,0,0,0,0,gratuito
8,10000.0,42,0.6904761904761905,1,5,1,0,0,4,1,1,1,1,0,1,0,baixo
2,10000.0,17,0.8823529411764706,13,5,1,0,0,0,1,1,1,0,0,0,1,medio_alto
5,0.0,0,0.0,2,3,1,0,0,0,1,0,0,0,0,0,0,gratuito
2,10000.0,12,0.9166666666666666,6,3,1,0,0,2,1,1,1,0,0,0,0,medio_alto
12,75000.0,641,0.8767550702028081,2,2,1,1,1,0,1,1,0,0,0,0,0,medio_alto
2,0.0,0,0.0,0,0,1,0,0,0,0,0,0,0,0,0,0,gratuito
1,10000.0,0,0.0,28,2,1,0,0,0,1,0,0,1,0,0,0,baixo
2,10000.0,89,0.9662921348314607,12,2,1,0,0,0,1,0,0,1,0,0,0,baixo
9,10000.0,6,0.3333333333333333,6,4,1,0,0,0,1,1,0,0,0,0,0,alto
9,10000.0,8,1.0,1,1,1,0,0,0,0,0,0,0,0,0,0,alto
3,0.0,0,0.0,1,2,1,0,0,0,1,1,0,0,0,0,0,gratuito
16,7500000.0,227700,0.9607509881422925,5,2,1,0,0,7,0,1,0,0,1,0,0,medio_alto
7,10000.0,29,0.9310344827586207,1,1,1,1,1,0,1,0,0,0,0,0,0,medio_alto
8,10000.0,10,0.4,26,2,1,0,0,0,0,0,1,1,0,0,0,medio_alto
5,75000.0,10,0.6,1,2,1,0,0,0,1,0,0,1,0,0,0,gratuito
4,10000.0,15,0.6666666666666666,1,5,1,0,0,0,1,0,1,1,0,1,1,medio_baixo
4,10000.0,16,1.0,7,2,1,0,0,0,1,0,0,1,0,0,0,baixo
3,10000.0,27,0.9629629629629629,7,2,1,1,1,0,1,0,0,0,0,1,0,medio_baixo
4,10000.0,2,1.0,1,2,1,0,0,0,0,1,0,1,0,0,0,medio_baixo
1,35000.0,935,0.895187165775401,5,2,1,0,0,2,0,0,1,0,1,0,0,alto
1,10000.0,0,0.0,8,3,1,1,0,0,1,0,0,1,0,0,1,baixo
3,10000.0,16,0.8125,10,4,1,0,0,0,1,1,1,1,0,0,0,baixo
1,10000.0,16,0.625,9,1,1,0,0,0,0,0,0,0,1,0,0,medio_alto
1,0.0,0,0.0,1,2,1,0,1,0,1,0,0,1,0,0,0,medio_alto
10,10000.0,11,0.5454545454545454,2,2,1,0,0,0,0,0,0,1,0,0,1,medio_baixo
3,10000.0,383,0.8772845953002611,11,2,1,0,1,2,0,0,0,1,0,0,1,medio_alto
3,10000.0,4,1.0,1,2,1,0,0,0,0,1,1,0,0,0,0,alto
6,150000.0,1131,0.8381962864721485,1,4,1,0,0,1,1,0,1,1,0,0,0,gratuito
2,0.0,0,0.0,1,5,1,0,0,0,1,0,1,0,1,0,1,gratuito
3,10000.0,0,0.0,1,2,1,1,1,9,1,1,0,0,0,0,0,medio_baixo
6,10000.0,6,0.3333333333333333,1,5,1,0,0,0,1,1,1,0,1,0,0,alto
2,10000.0,3,1.0,14,3,1,1,1,0,1,1,1,0,0,0,0,alto
9,10000.0,19,0.8947368421052632,7,2,1,0,0,0,1,0,0,1,0,0,0,medio_alto
3,10000.0,21,0.5714285714285714,2,3,1,0,0,1,1,0,1,1,0,0,0,medio_baixo
1,0.0,0,0.0,1,3,1,0,0,0,1,0,1,1,0,0,0,alto
5,10000.0,12,0.6666666666666666,1,2,1,1,0,0,0,0,0,0,0,0,1,gratuito
1,10000.0,7,0.7142857142857143,2,4,1,0,0,0,1,0,0,1,1,0,1,baixo
2,10000.0,0,0.0,1,3,1,0,0,0,1,0,0,1,0,0,0,gratuito
2,35000.0,510,0.884313725490196,5,3,1,0,1,1,1,1,1,0,0,0,0,alto
3,10000.0,1,0.0,16,3,1,0,0,0,0,0,1,1,0,0,1,alto
5,35000.0,16,1.0,1,2,1,0,0,0,1,0,0,1,0,0,0,medio_alto
1,10000.0,0,0.0,5,3,1,0,0,0,1,0,0,0,1,1,0,medio_alto
8,10000.0,13,0.38461538461538464,2,3,1,1,1,0,1,0,1,0,1,0,0,medio_baixo
1,0.0,0,0.0,0,0,1,0,0,0,0,0,0,0,0,0,0,gratuito
2,0.0,0,0.0,103,3,1,0,0,0,1,0,1,0,0,0,1,medio_alto
1,10000.0,0,0.0,1,1,1,1,0,0,0,0,1,0,0,0,0,medio_alto
7,1500000.0,28047,0.9249117552679431,13,5,1,0,0,15,1,1,1,0,0,0,1,medio_alto
9,35000.0,135,0.9111111111111111,1,1,1,0,0,1,0,0,0,0,1,0,0,baixo
5,150000.0,1617,0.9573283858998145,1,2,1,0,0,0,1,0,1,0,0,0,0,baixo
3,10000.0,45,0.9777777777777777,9,4,1,1,1,0,1,1,0,1,0,0,0,medio_baixo
4,10000.0,0,0.0,2,4,1,0,0,0,1,0,1,1,0,0,0,gratuito
9,75000.0,571,0.681260945709282,1,6,1,0,0,0,1,1,1,1,0,0,1,alto
5,0.0,0,0.0,0,0,1,0,0,0,0,0,0,0,0,0,0,gratuito
1,0.0,0,0.0,1,2,1,0,0,0,0,0,0,0,1,0,0,gratuito
7,10000.0,29,0.8620689655172413,8,2,1,0,0,0,1,0,1,0,0,0,0,medio_alto
3,75000.0,2826,0.8662420382165605,10,4,1,0,0,2,1,1,0,1,1,0,0,alto
1,10000.0,14,0.8571428571428571,103,4,1,1,1,0,0,1,1,1,0,1,0,alto
7,10000.0,108,0.8611111111111112,1,5,1,0,0,0,1,0,0,1,1,1,1,baixo
5,10000.0,44,0.5681818181818182,6,1,1,0,0,0,1,0,0,0,0,0,0,baixo
4,10000.0,37,0.972972972972973,1,1,1,0,0,0,0,1,0,0,0,0,0,baixo
1,10000.0,0,0.0,13,4,1,0,0,0,1,1,1,0,1,0,0,alto
4,3500000.0,21543,0.8889662535394328,4,4,1,0,0,6,0,0,1,0,1,0,0,gratuito
7,10000.0,27,0.18518518518518517,1,5,1,0,0,0,1,1,1,0,1,0,0,medio_baixo
3,10000.0,41,0.34146341463414637,1,2,1,0,0,0,0,0,0,0,0,0,1,alto
6,10000.0,5,0.8,1,2,1,0,0,0,1,1,0,0,0,0,0,baixo
1,10000.0,372,0.9301075268817204,10,2,1,1,1,0,1,0,1,0,0,0,0,alto
1,0.0,0,0.0,0,0,1,0,0,0,0,0,0,0,0,0,0,gratuito
2,10000.0,0,0.0,1,2,1,0,0,0,0,0,0,1,0,1,0,medio_alto
7,35000.0,71,0.8732394366197183,1,4,1,0,0,0,1,1,0,0,1,0,0,gratuito
18,750000.0,5179,0.9179378258351033,10,2,1,0,0,0,0,0,0,0,0,1,1,gratuito
6,10000.0,2,1.0,1,3,1,0,0,0,1,1,0,1,0,0,0,baixo
7,10000.0,76,0.7236842105263158,11,4,1,0,0,0,1,1,1,1,0,0,0,medio_alto
11,35000.0,48,0.7291666666666666,1,1,1,1,0,0,0,0,1,0,0,0,0,medio_baixo
2,0.0,0,0.0,30,4,1,0,0,0,1,0,0,1,0,0,1,gratuito
11,35000.0,236,0.9449152542372882,15,2,1,1,0,0,0,0,1,1,0,0,0,medio_alto
7,10000.0,14,0.5,1,3,1,0,0,0,1,0,1,1,0,0,0,gratuito
2,10000.0,0,0.0,2,3,1,0,0,0,1,0,0,1,0,0,1,medio_alto
8,10000.0,138,0.5797101449275363,1,3,1,1,1,0,1,0,1,1,0,0,0,baixo
2,0.0,0,0.0,0,0,1,0,0,0,0,0,0,0,0,0,0,gratuito
3,10000.0,65,0.9692307692307692,7,2,1,0,0,3,1,1,0,0,0,0,0,alto
3,10000.0,0,0.0,1,2,1,0,0,0,1,0,0,1,0,0,0,baixo
4,0.0,0,0.0,0,0,1,0,0,0,0,0,0,0,0,0,0,gratuito
5,0.0,0,0.0,1,1,1,0,1,1,0,0,0,1,0,0,0,gratuito
5,0.0,0,0.0,0,0,1,0,0,0,0,0,0,0,0,0,0,gratuito
6,10000.0,1,1.0,1,3,1,0,0,0,1,1,0,1,0,0,0,baixo
1,0.0,0,0.0,0,0,1,0,0,0,0,0,0,0,0,0,0,gratuito
1,0.0,0,0.0,1,4,1,0,0,0,1,0,0,1,0,0,1,gratuito
1,0.0,0,0.0,1,4,1,1,0,0,1,0,0,1,0,0,1,gratuito
2,10000.0,103,0.7475728155339806,2,4,1,0,0,2,1,1,1,0,1,0,0,medio_alto
6,10000.0,12,1.0,1,1,1,1,1,0,0,0,0,1,0,0,0,medio_alto
5,10000.0,12,0.5833333333333334,1,1,1,0,0,0,0,0,0,1,0,0,0,baixo
3,10000.0,16,0.9375,1,2,1,1,1,0,1,0,1,0,0,0,0,alto
1,10000.0,0,0.0,2,4,1,1,1,0,1,0,0,1,0,0,1,gratuito
4,1500000.0,11584,0.9406940607734806,7,3,1,0,0,5,1,0,1,0,0,0,1,medio_alto
1,0.0,0,0.0,5,3,1,0,0,0,1,1,0,1,0,0,0,medio_alto
3,10000.0,2,1.0,1,2,1,0,0,0,1,0,0,1,0,0,0,baixo
3,10000.0,0,0.0,1,3,1,1,1,0,1,0,0,1,0,0,1,baixo
2,10000.0,14,0.9285714285714286,1,6,1,0,0,0,1,1,1,1,0,1,1,medio_baixo
8,10000.0,5,0.8,1,1,1,0,0,0,1,0,0,0,0,0,0,medio_baixo
4,10000.0,0,0.0,1,2,1,0,0,0,1,0,0,1,0,0,0,baixo
8,35000.0,159,0.6163522012578616,1,4,1,0,0,0,0,0,0,0,0,1,0,gratuito
2,10000.0,124,0.9838709677419355,4,3,1,0,0,0,1,1,1,0,0,0,0,medio_baixo
8,10000.0,0,0.0,2,2,1,0,0,0,1,0,0,1,0,0,0,alto
5,10000.0,0,0.0,1,4,1,0,1,0,1,1,1,1,0,0,0,baixo
2,10000.0,0,0.0,4,3,1,0,0,1,1,1,0,0,0,0,0,gratuito
11,10000.0,42,0.6666666666666666,1,2,1,1,1,0,0,0,1,1,0,0,0,baixo
2,10000.0,0,0.0,1,1,1,0,1,1,0,0,1,0,0,0,0,medio_alto
9,350000.0,3948,0.9270516717325228,1,3,1,1,1,1,1,0,1,0,1,0,0,baixo
1,0.0,0,0.0,0,0,1,0,0,0,0,0,0,0,0,0,0,gratuito
7,10000.0,0,0.0,5,1,1,1,1,0,0,0,0,1,0,0,0,medio_alto
4,10000.0,4,1.0,1,2,1,0,0,0,0,0,0,1,0,0,1,medio_baixo
1,10000.0,1,0.0,1,1,1,0,1,0,0,0,0,0,0,1,0,alto
2,0.0,0,0.0,0,0,1,0,0,0,0,0,0,0,0,0,0,gratuito
8,35000.0,171,0.7660818713450293,1,4,1,1,1,0,1,0,1,1,0,0,0,gratuito
6,10000.0,4,1.0,1,2,1,0,0,0,1,1,0,0,0,0,0,medio_alto
8,10000.0,26,1.0,1,3,1,1,1,1,1,0,0,1,0,1,0,baixo
3,0.0,0,0.0,103,9,1,1,1,0,1,1,1,1,1,1,1,alto
1,0.0,0,0.0,0,0,1,0,0,0,0,0,0,0,0,0,0,gratuito
1,10000.0,0,0.0,1,1,1,0,1,0,0,0,0,1,0,0,0,medio_baixo
10,150000.0,381,0.5223097112860893,1,3,1,1,0,0,1,1,0,0,0,0,0,gratuito
1,10000.0,3,1.0,1,2,1,1,0,0,1,0,1,0,0,0,0,medio_alto
2,10000.0,96,0.96875,9,2,1,1,0,1,0,1,1,0,0,0,0,alto
2,10000.0,7,0.5714285714285714,3,3,1,1,0,0,1,0,0,0,0,1,0,medio_alto
3,10000.0,9,0.4444444444444444,1,3,1,1,1,0,1,0,1,0,1,0,0,medio_alto
5,0.0,0,0.0,3,4,1,0,0,1,1,0,1,0,0,0,0,gratuito
2,0.0,0,0.0,1,3,1,0,0,0,1,0,0,1,0,0,0,gratuito
4,10000.0,0,0.0,7,4,1,0,0,0,1,0,1,1,0,0,0,medio_alto
3,35000.0,3,0.6666666666666666,1,5,1,0,0,0,1,1,1,0,0,0,1,medio_alto
1,10000.0,0,0.0,2,3,1,0,0,0,1,0,0,1,0,0,1,medio_alto
2,10000.0,0,0.0,1,1,1,0,0,0,0,0,0,1,0,0,0,medio_baixo
3,0.0,0,0.0,0,0,1,0,0,0,0,0,0,0,0,0,0,gratuito
8,1500000.0,21728,0.9417341678939617,27,3,1,1,1,16,1,0,0,1,0,0,1,medio_alto
4,0.0,0,0.0,0,0,1,0,0,0,0,0,0,0,0,0,0,gratuito
2,10000.0,101,0.8514851485148515,8,3,1,0,0,1,0,1,0,1,0,0,0,alto
8,35000.0,72,0.6666666666666666,1,4,1,0,0,0,1,1,1,1,0,0,0,baixo
2,10000.0,10,1.0,13,2,1,0,0,0,1,0,0,1,0,0,0,baixo
3,10000.0,99,0.7070707070707071,3,4,1,0,0,2,1,0,0,1,1,0,1,alto
1,0.0,0,0.0,1,4,1,0,0,0,1,0,1,1,0,0,0,gratuito
2,10000.0,3,1.0,1,2,1,0,0,0,0,0,0,1,0,0,0,medio_baixo
2,0.0,0,0.0,2,5,1,1,0,0,1,0,1,0,1,0,0,gratuito
2,35000.0,15,0.7333333333333333,10,2,1,0,0,0,1,0,0,1,0,0,0,baixo
2,10000.0,15,1.0,7,3,1,0,0,0,1,0,1,1,0,0,0,baixo
3,10000.0,20,0.8,2,3,1,0,0,0,1,1,1,0,0,0,0,medio_alto
9,35000.0,196,0.75,1,3,1,0,0,1,1,0,1,1,0,0,0,medio_alto
4,75000.0,377,0.9575596816976127,8,4,1,0,0,3,1,0,1,1,1,0,0,medio_alto
3,35000.0,6,0.6666666666666666,3,2,1,0,0,0,1,0,1,0,0,0,0,baixo
4,10000.0,0,0.0,1,3,1,0,0,0,1,1,1,0,0,0,0,medio_baixo
1,10000.0,35,0.9142857142857143,6,2,1,1,0,0,1,0,0,0,0,1,0,medio_alto
1,10000.0,1,1.0,1,3,1,0,0,0,0,0,0,0,0,0,0,medio_alto
2,10000.0,3,1.0,1,2,1,0,0,0,1,0,1,0,0,0,0,medio_alto
1,750000.0,2852,0.6370967741935484,14,3,1,1,0,1,0,1,0,0,1,0,0,alto
2,10000.0,7,0.8571428571428571,3,3,1,1,0,0,1,0,1,1,0,0,0,medio_alto
8,10000.0,29,0.9655172413793104,7,2,1,0,0,1,1,0,1,0,0,0,0,alto
2,10000.0,0,0.0,2,3,1,0,0,0,1,0,1,0,0,0,0,gratuito
2,10000.0,2,1.0,1,4,1,0,0,0,1,1,1,1,0,0,0,baixo
5,10000.0,126,0.8253968253968254,3,5,1,0,0,2,1,1,0,0,0,1,0,gratuito
1,10000.0,1,1.0,3,3,1,0,0,0,1,1,1,0,0,0,0,medio_baixo
8,10000.0,11,0.9090909090909091,1,3,1,0,0,0,1,0,0,1,0,0,1,medio_baixo
4,10000.0,7,0.7142857142857143,2,3,1,0,0,0,1,1,1,0,0,0,0,medio_alto
10,35000.0,1564,0.8721227621483376,5,2,1,1,0,1,1,0,1,0,0,0,0,alto
4,35000.0,21,0.9523809523809523,8,2,1,0,0,0,0,1,1,0,0,0,0,medio_baixo
8,350000.0,1093,0.8627630375114365,1,4,1,1,1,0,1,0,0,1,0,0,1,gratuito
10,75000.0,984,0.9054878048780488,3,1,1,0,0,0,0,1,0,0,0,0,0,medio_alto
5,35000.0,587,0.9250425894378195,2,1,1,0,0,0,0,0,0,0,1,0,0,alto
12,35000.0,779,0.2952503209242619,1,5,1,1,0,0,1,1,0,0,1,0,1,alto
3,0.0,0,0.0,0,0,1,0,0,0,0,0,0,0,0,0,0,gratuito
1,0.0,0,0.0,1,1,1,0,0,0,1,0,0,0,0,0,0,alto
2,10000.0,56,0.8392857142857143,1,3,1,0,0,0,1,0,0,0,1,1,0,medio_baixo
2,0.0,0,0.0,5,4,1,0,0,0,0,0,0,1,0,1,1,gratuito
5,10000.0,8,1.0,2,1,1,0,0,0,0,0,0,1,0,0,0,medio_baixo
8,10000.0,4,0.75,1,6,1,0,0,0,1,1,1,1,0,0,0,medio_alto
11,10000.0,15,0.5333333333333333,1,2,1,0,0,0,1,0,0,0,1,0,0,medio_baixo
1,10000.0,0,0.0,1,4,1,1,1,0,1,0,0,1,0,0,1,alto
10,1500000.0,36593,0.9246850490530976,8,7,1,1,0,0,1,0,1,1,1,1,0,gratuito
7,10000.0,7,0.42857142857142855,1,6,1,0,0,0,1,1,0,1,0,0,1,medio_baixo
1,10000.0,0,0.0,1,3,1,0,0,1,1,0,1,1,0,0,0,alto
8,10000.0,8,0.75,1,1,1,0,0,0,0,0,1,0,0,0,0,medio_baixo
1,0.0,0,0.0,1,5,1,0,0,0,1,0,1,1,0,0,1,medio_baixo
3,10000.0,14,0.9285714285714286,1,2,1,0,0,0,1,1,0,0,0,0,0,medio_alto
1,35000.0,27,0.7037037037037037,11,1,1,1,1,0,0,0,0,0,0,1,0,alto
4,10000.0,13,0.7692307692307693,103,1,1,0,0,0,1,0,0,0,0,0,0,baixo
1,0.0,0,0.0,0,0,1,0,0,0,0,0,0,0,0,0,0,gratuito
2,75000.0,3,0.3333333333333333,1,3,1,0,1,0,1,1,1,0,0,0,0,medio_alto
4,10000.0,6,1.0,1,2,1,0,0,0,1,0,1,0,0,0,0,medio_alto
4,10000.0,1,1.0,1,5,1,0,0,0,1,1,1,1,1,0,0,medio_baixo
2,10000.0,7,0.7142857142857143,1,5,1,0,0,0,1,0,1,1,0,1,1,baixo
1,10000.0,0,0.0,1,5,1,1,1,0,1,0,1,0,0,1,1,alto
5,0.0,0,0.0,4,4,1,0,0,1,1,0,1,1,1,0,0,gratuito
9,35000.0,97,0.9381443298969072,14,2,1,1,0,0,0,0,1,1,0,0,0,medio_alto
6,10000.0,7,0.7142857142857143,1,1,1,0,0,0,0,0,0,0,0,1,0,medio_baixo
9,10000.0,134,0.746268656716418,2,5,1,0,0,1,1,1,0,1,0,0,0,baixo
10,10000.0,29,0.5862068965517241,1,2,1,0,0,0,1,0,0,0,0,0,0,gratuito
4,10000.0,0,0.0,2,2,1,0,0,0,0,0,1,0,1,0,0,alto
6,10000.0,0,0.0,1,1,1,0,0,0,1,0,0,0,0,0,0,medio_baixo
2,150000.0,515,0.858252427184466,32,4,1,1,1,3,1,0,0,0,0,1,1,alto
4,350000.0,2674,0.9338070306656694,1,1,1,1,1,0,1,0,0,0,0,0,0,alto
2,35000.0,651,0.9631336405529954,5,4,1,0,0,1,1,0,1,1,1,0,0,medio_alto
1,0.0,0,0.0,9,2,1,0,0,0,0,0,0,1,0,0,0,gratuito
3,10000.0,0,0.0,3,1,1,0,0,1,0,0,0,0,1,0,0,medio_alto
4,35000.0,133,0.7969924812030075,8,2,1,1,0,0,1,1,0,0,0,0,0,medio_baixo
7,350000.0,4583,0.7999127209251582,17,2,1,0,0,0,0,0,1,1,0,0,0,medio_baixo
1,0.0,0,0.0,0,0,1,0,0,0,0,0,0,0,0,0,0,gratuito
7,10000.0,0,0.0,1,2,1,0,0,0,1,1,0,0,0,0,0,alto
4,0.0,0,0.0,0,0,1,0,0,0,0,0,0,0,0,0,0,gratuito
2,10000.0,3,0.6666666666666666,2,3,1,0,0,0,1,0,1,1,0,0,0,medio_alto
3,350000.0,5239,0.9351021187249475,22,3,1,0,0,0,1,1,1,0,0,0,0,medio_alto
1,10000.0,0,0.0,3,4,1,0,0,0,1,0,0,1,1,0,1,medio_baixo
4,0.0,0,0.0,1,4,1,0,0,0,1,0,1,0,1,0,0,gratuito
18,75000.0,2,0.5,1,2,1,0,0,0,0,0,0,1,0,1,0,alto
4,0.0,0,0.0,4,1,1,0,0,0,0,0,0,0,0,0,0,gratuito
5,10000.0,10,0.4,1,2,1,0,0,0,0,0,1,0,1,0,0,baixo
8,350000.0,1388,0.712536023054755,11,4,1,0,0,2,0,1,0,0,0,0,1,medio_baixo
7,10000.0,8,0.25,2,4,1,0,0,0,1,1,0,1,0,0,1,medio_baixo
2,10000.0,36,0.8888888888888888,11,4,1,0,0,0,1,1,1,0,0,0,1,medio_baixo
7,10000.0,13,0.6153846153846154,3,3,1,0,0,0,1,0,0,0,0,1,1,baixo
5,10000.0,2,0.0,1,3,1,0,0,0,1,1,0,1,0,0,0,medio_alto
8,10000.0,24,0.625,16,2,1,0,0,0,1,0,0,1,0,0,0,baixo
2,350000.0,3899,0.8881764555014107,6,4,1,1,0,0,1,0,0,1,1,0,1,medio_baixo
1,0.0,0,0.0,2,3,1,0,0,0,1,0,1,1,0,0,0,alto
8,75000.0,364,0.7994505494505495,1,2,1,1,1,0,0,0,0,1,0,0,0,gratuito
3,150000.0,439,0.7494305239179955,11,1,1,1,1,0,0,0,0,0,0,1,0,medio_alto
2,10000.0,8,0.875,1,4,1,0,0,0,0,0,0,1,0,1,1,alto
4,75000.0,857,0.73512252042007,32,3,1,0,1,0,1,0,1,0,1,0,0,alto
2,0.0,0,0.0,103,1,1,0,0,0,0,0,1,0,0,0,0,medio_baixo
5,10000.0,0,0.0,1,1,1,0,0,0,0,0,0,1,0,0,0,baixo
6,10000.0,23,0.5217391304347826,4,1,1,0,0,0,0,0,0,0,0,0,1,medio_baixo
6,10000.0,11,0.36363636363636365,1,2,1,0,0,0,0,1,0,0,0,0,0,medio_alto
5,10000.0,1,1.0,1,1,1,0,0,0,1,0,0,0,0,0,0,medio_baixo
1,0.0,0,0.0,1,2,1,0,0,0,0,1,0,0,0,1,0,alto
6,10000.0,11,0.45454545454545453,1,3,1,0,0,0,1,1,1,0,0,0,0,medio_alto
5,10000.0,3,1.0,1,2,1,0,0,0,1,0,0,1,0,0,0,medio_alto
4,10000.0,22,0.7272727272727273,1,2,1,0,0,0,1,1,0,0,0,0,0,gratuito
1,10000.0,9,0.8888888888888888,1,4,1,0,0,1,1,0,1,1,0,0,0,alto
1,0.0,0,0.0,5,5,1,0,1,0,1,0,0,1,0,1,1,medio_alto
2,10000.0,0,0.0,2,1,1,0,0,0,0,1,0,0,0,0,0,baixo
1,0.0,0,0.0,3,1,1,0,0,0,1,0,0,0,0,0,0,medio_alto
10,35000000.0,797216,0.7905297936820134,15,1,1,0,0,37,0,1,0,0,0,0,0,alto
1,10000.0,33,0.8181818181818182,2,4,1,0,1,1,1,0,0,1,0,1,1,medio_baixo
6,10000.0,22,0.9545454545454546,1,4,1,0,0,0,1,1,1,1,0,0,0,baixo
3,10000.0,19,0.8947368421052632,1,4,1,1,0,0,1,0,1,1,0,1,0,medio_alto
1,10000.0,0,0.0,21,3,1,0,0,0,1,0,0,1,0,0,1,baixo
11,35000.0,162,0.7098765432098766,3,1,1,0,0,0,0,0,0,0,0,1,0,medio_alto
1,10000.0,0,0.0,2,2,1,1,0,1,1,0,0,1,0,0,0,medio_alto
2,75000.0,1535,0.9615635179153095,4,2,1,0,0,0,1,1,0,0,0,0,0,medio_alto
1,10000.0,0,0.0,10,4,1,0,0,0,1,1,1,0,0,0,1,medio_alto
9,10000.0,4,0.25,1,2,1,0,0,0,1,0,0,0,0,0,0,medio_alto
4,10000.0,6,0.5,4,1,1,0,0,0,0,0,0,1,0,0,0,alto
5,10000.0,3,1.0,2,2,1,0,0,0,1,1,0,0,0,0,0,medio_alto
1,10000.0,16,0.9375,10,2,1,0,0,0,0,0,0,0,1,1,0,medio_alto
5,35000.0,8,0.625,1,2,1,0,0,0,1,1,0,0,0,0,0,baixo
3,10000.0,13,1.0,4,3,1,1,1,2,1,0,1,1,0,0,0,medio_alto
6,10000.0,3,1.0,2,2,1,0,0,0,1,0,0,0,0,0,0,medio_alto
3,10000.0,286,0.5734265734265734,12,2,1,0,0,0,0,1,1,0,0,0,0,alto
12,35000.0,282,0.6914893617021277,5,1,1,0,0,0,0,1,0,0,0,0,0,baixo
2,35000.0,156,0.5512820512820513,3,3,1,0,0,0,1,0,1,0,1,0,0,alto
3,10000.0,1,1.0,1,4,1,0,0,0,1,0,0,1,0,1,0,alto
5,10000.0,7,1.0,2,1,1,0,0,0,1,0,0,0,0,0,0,baixo
4,10000.0,8,1.0,2,4,1,0,0,0,1,1,0,1,0,0,0,alto
18,150000.0,1046,0.6959847036328872,3,1,1,0,0,0,0,0,0,0,0,0,1,medio_baixo
3,10000.0,10,0.9,1,1,1,0,0,0,1,0,0,0,0,0,0,baixo
9,10000.0,3,0.3333333333333333,2,1,1,0,0,0,0,1,0,0,0,0,0,alto
8,10000.0,10,0.4,1,1,1,0,0,0,0,0,0,0,0,0,1,medio_alto
1,10000.0,2,0.5,4,4,1,0,0,0,1,1,1,0,1,0,0,medio_baixo
1,10000.0,0,0.0,11,3,1,0,0,0,1,0,1,1,0,0,0,medio_baixo
5,35000.0,16,0.375,2,6,1,0,0,0,1,1,1,1,0,1,1,baixo
7,150000.0,1182,0.8587140439932318,2,4,1,0,0,0,1,0,0,0,0,1,0,gratuito
1,0.0,0,0.0,1,2,1,0,0,0,0,0,1,0,0,0,0,gratuito
2,10000.0,1,0.0,1,4,1,0,0,0,1,1,1,0,0,0,0,medio_alto
5,10000.0,11,0.5454545454545454,2,4,1,0,0,0,1,0,0,1,0,0,1,baixo
2,10000.0,2,1.0,1,2,1,0,0,0,0,1,0,0,0,1,0,medio_alto
2,10000.0,27,0.8888888888888888,2,3,1,1,0,0,1,0,1,0,1,0,0,alto
2,0.0,0,0.0,0,0,1,0,0,0,0,0,0,0,0,0,0,gratuito
1,10000.0,0,0.0,1,2,1,1,1,0,1,0,0,1,0,0,0,medio_baixo
4,10000.0,9,1.0,1,4,1,0,0,0,1,1,0,0,0,1,0,medio_alto
3,10000.0,1,1.0,1,2,1,0,0,0,1,0,0,1,0,0,0,medio_baixo
4,10000.0,0,0.0,1,4,1,0,0,0,1,1,1,1,0,0,0,baixo
9,7500000.0,76772,0.6065622883342885,23,7,1,1,0,10,1,0,1,1,0,1,1,gratuito
2,10000.0,20,0.55,4,2,1,0,0,0,0,0,1,0,0,0,1,alto
2,0.0,0,0.0,103,2,1,0,0,0,1,0,0,0,0,0,0,gratuito
3,10000.0,2,0.5,1,2,1,0,0,0,0,1,1,0,0,0,0,medio_baixo
8,10000.0,12,0.5833333333333334,1,2,1,0,0,0,1,0,0,0,0,0,0,alto
3,0.0,0,0.0,0,0,1,0,0,0,0,0,0,0,0,0,0,gratuito
9,10000.0,52,0.5,1,4,1,0,0,0,1,0,0,0,0,1,1,baixo
2,10000.0,3,0.0,1,4,1,0,0,0,1,1,1,1,0,0,0,baixo
1,10000.0,0,0.0,3,1,1,0,0,0,0,0,0,0,1,0,0,alto
2,0.0,0,0.0,1,1,1,0,0,0,0,0,0,0,1,0,0,gratuito
5,35000.0,8,0.5,1,3,1,0,0,0,1,1,1,0,0,0,0,medio_alto
4,35000.0,6,0.8333333333333334,2,1,1,0,0,0,0,0,0,0,0,1,0,medio_baixo
9,150000.0,5,0.2,1,4,1,0,0,5,1,1,1,0,0,1,0,baixo
3,10000.0,1,0.0,1,1,1,0,0,0,1,0,0,0,0,0,0,alto
12,35000.0,557,0.9766606822262118,10,3,1,1,0,3,1,1,0,1,0,0,0,medio_baixo
1,35000.0,11,0.9090909090909091,5,3,1,0,0,0,1,1,1,0,0,0,0,medio_alto
7,10000.0,33,0.6363636363636364,1,2,1,0,0,0,0,0,0,0,1,0,1,alto
4,10000.0,4,1.0,2,1,1,0,0,0,0,0,1,0,0,0,0,baixo
8,10000.0,6,1.0,2,2,1,0,0,0,1,0,1,0,0,0,0,baixo
4,10000.0,0,0.0,4,2,1,1,0,0,0,0,1,0,1,0,0,alto
1,10000.0,0,0.0,4,4,1,0,0,0,0,0,0,1,0,1,1,alto
8,3500000.0,173477,0.8091966081958991,15,2,1,0,0,5,0,1,1,0,0,0,0,alto
1,0.0,0,0.0,2,2,1,0,0,0,1,0,0,1,0,0,0,baixo
2,75000.0,49,0.8367346938775511,7,2,1,0,0,1,1,1,0,0,0,0,0,gratuito
3,10000.0,0,0.0,103,6,1,0,0,0,1,1,1,1,1,0,1,baixo
7,10000.0,4,0.5,1,4,1,0,0,0,1,1,0,1,0,0,0,baixo
8,10000.0,13,0.9230769230769231,1,3,1,0,0,0,1,0,1,0,1,0,0,gratuito
1,10000.0,1,0.0,14,4,1,0,0,0,1,0,0,0,0,0,1,medio_alto
3,0.0,0,0.0,0,0,1,0,0,0,0,0,0,0,0,0,0,gratuito
8,10000.0,29,0.7931034482758621,2,3,1,1,1,0,1,0,1,1,0,0,0,medio_alto
4,10000.0,0,0.0,3,1,1,0,0,1,0,0,1,0,0,0,0,medio_alto
1,10000.0,0,0.0,15,4,1,0,0,3,1,0,1,0,1,1,0,alto
1,10000.0,34,0.7941176470588235,7,3,1,0,0,0,1,0,0,0,1,1,0,alto
1,10000.0,0,0.0,1,4,1,0,0,0,1,0,1,0,1,1,0,medio_alto
13,150000.0,1311,0.8901601830663616,1,3,1,0,0,0,0,1,1,0,1,0,0,medio_alto
1,0.0,0,0.0,6,4,1,0,0,0,1,1,1,0,1,0,0,medio_alto
9,10000.0,0,0.0,1,2,1,0,0,0,1,0,0,1,0,0,0,medio_baixo
2,10000.0,0,0.0,4,2,1,1,1,0,0,0,0,1,0,0,1,medio_baixo
3,10000.0,8,0.5,5,1,1,0,0,0,0,0,0,0,0,0,1,medio_alto
7,35000.0,2,1.0,1,1,1,0,0,0,0,0,0,1,0,0,0,baixo
11,10000.0,79,0.6329113924050633,3,4,1,1,1,0,1,1,1,0,0,0,1,alto
4,10000.0,6,0.8333333333333334,1,3,1,0,0,0,1,1,0,1,0,0,0,baixo
3,0.0,0,0.0,0,0,1,0,0,0,0,0,0,0,0,0,0,gratuito
3,10000.0,0,0.0,1,2,1,0,0,0,1,0,0,1,0,0,0,medio_baixo
3,10000.0,3,1.0,2,3,1,0,0,0,1,0,0,0,0,0,0,gratuito
5,10000.0,30,0.6,1,4,1,0,0,0,0,1,1,0,0,0,1,alto
5,35000.0,34,0.7058823529411765,2,3,1,0,0,1,1,1,0,0,0,0,0,gratuito
1,10000.0,0,0.0,27,2,1,1,1,0,1,0,0,0,0,0,1,baixo
3,10000.0,91,0.9560439560439561,1,2,1,1,1,2,1,0,0,1,0,0,0,alto
1,10000.0,0,0.0,1,4,1,0,0,0,1,1,1,0,0,0,0,alto
8,10000.0,84,0.8095238095238095,1,1,1,1,0,0,1,0,0,0,0,0,0,medio_baixo
6,10000.0,11,0.8181818181818182,1,1,1,0,0,0,0,0,0,0,0,0,1,medio_baixo
3,0.0,0,0.0,12,3,1,0,0,0,0,0,0,0,1,1,0,gratuito
2,0.0,0,0.0,2,3,1,0,0,0,1,1,0,0,0,0,0,gratuito
4,10000.0,0,0.0,1,2,1,0,0,0,1,0,0,1,0,0,0,baixo
2,0.0,0,0.0,2,1,1,0,0,0,0,0,0,0,0,0,1,gratuito
3,10000.0,13,0.8461538461538461,3,3,1,0,0,0,1,1,1,0,0,0,0,medio_baixo
13,7500000.0,38585,0.7761306207075288,5,5,1,0,0,0,0,1,1,0,1,0,0,gratuito
1,10000.0,0,0.0,27,3,1,1,0,0,1,0,0,1,0,1,0,medio_baixo
1,10000.0,4,0.75,2,4,1,0,0,0,1,1,1,0,0,0,0,gratuito
5,10000.0,2,0.5,1,2,1,0,0,1,1,1,0,0,0,0,0,medio_alto
3,10000.0,3,1.0,2,2,1,0,0,0,1,1,0,0,0,0,0,medio_baixo
1,10000.0,0,0.0,1,1,1,1,0,0,0,1,0,0,0,0,0,medio_baixo
2,10000.0,0,0.0,1,3,1,0,0,0,1,1,0,1,0,0,0,baixo
8,10000.0,0,0.0,2,2,1,0,0,0,0,0,0,1,0,0,1,alto
6,10000.0,5,0.6,2,3,1,0,0,0,1,0,0,0,0,0,1,gratuito
9,10000.0,97,0.7731958762886598,1,3,1,1,0,0,1,1,1,0,0,0,0,medio_alto
15,750000.0,2786,0.8521177315147165,5,1,1,0,0,2,0,1,0,0,0,0,0,medio_baixo
2,0.0,0,0.0,0,0,1,0,0,0,0,0,0,0,0,0,0,gratuito
1,10000.0,0,0.0,1,1,1,1,0,0,1,0,0,0,0,0,0,medio_baixo
5,10000.0,13,0.6153846153846154,4,1,1,0,0,0,0,0,0,1,0,0,0,alto
3,10000.0,9,1.0,2,2,1,0,0,0,1,0,0,1,0,0,0,medio_alto
2,0.0,0,0.0,0,0,1,0,0,0,0,0,0,0,0,0,0,gratuito
6,10000.0,7,0.8571428571428571,2,3,1,0,0,0,1,1,1,0,0,0,0,baixo
2,35000.0,7,1.0,2,4,1,0,0,0,1,0,0,1,1,0,1,baixo
9,35000.0,70,0.8142857142857143,1,2,1,0,1,1,1,1,0,0,0,0,0,gratuito
6,10000.0,100,0.96,4,2,1,0,1,2,1,0,0,1,0,0,0,medio_baixo
8,10000.0,26,0.8076923076923077,1,3,1,1,0,0,1,0,1,1,0,0,0,alto
2,0.0,0,0.0,0,0,1,0,0,0,0,0,0,0,0,0,0,gratuito
1,0.0,0,0.0,1,3,1,0,0,0,1,1,1,0,0,0,0,medio_baixo
2,10000.0,303,0.966996699669967,9,1,1,1,0,0,0,0,0,1,0,0,0,medio_alto
1,10000.0,0,0.0,1,2,1,0,0,1,1,0,0,0,1,0,0,medio_alto
1,0.0,0,0.0,5,4,1,0,0,0,1,0,0,1,0,0,1,alto
1,0.0,0,0.0,2,5,1,0,0,0,1,1,1,1,0,1,0,medio_baixo
1,10000.0,18,1.0,1,2,1,0,0,0,0,1,1,0,0,0,0,medio_baixo
1,0.0,0,0.0,2,3,1,0,0,0,1,1,0,1,0,0,0,medio_baixo
3,10000.0,52,0.8461538461538461,2,4,1,0,0,0,1,1,1,0,0,0,1,baixo
1,10000.0,0,0.0,18,3,1,0,0,0,1,1,0,0,0,0,1,alto
2,10000.0,6,1.0,2,3,1,0,0,0,1,1,0,1,0,0,0,medio_baixo
3,0.0,0,0.0,0,0,1,0,0,0,0,0,0,0,0,0,0,gratuito
1,10000.0,0,0.0,1,2,1,0,0,0,0,0,0,0,0,0,0,medio_alto
3,10000.0,628,0.9363057324840764,13,2,1,0,0,1,1,0,1,0,0,0,0,medio_alto
1,10000.0,0,0.0,1,4,1,0,0,0,1,0,1,1,0,0,0,medio_baixo
8,10000.0,15,0.8666666666666667,1,3,1,0,0,0,1,0,0,0,0,0,0,medio_baixo
1,10000.0,0,0.0,1,2,1,0,0,0,1,0,0,1,0,0,0,baixo
20,150000.0,2354,0.9728122344944775,1,1,1,0,0,0,0,0,0,1,0,0,0,baixo
1,10000.0,0,0.0,6,5,1,0,0,0,1,1,1,1,0,0,1,medio_alto
3,10000.0,5,1.0,1,3,1,0,1,0,1,1,0,0,0,0,0,medio_alto
2,0.0,0,0.0,1,4,1,0,0,1,1,0,1,0,1,0,0,gratuito
1,0.0,0,0.0,0,0,1,0,0,0,0,0,0,0,0,0,0,gratuito
7,10000.0,27,0.7777777777777778,1,3,1,0,0,0,1,0,0,0,1,1,0,medio_alto
2,10000.0,0,0.0,2,5,1,0,0,0,1,1,1,0,1,0,0,medio_alto
1,0.0,0,0.0,0,0,1,0,0,0,0,0,0,0,0,0,0,gratuito
2,0.0,0,0.0,0,0,1,0,0,0,0,0,0,0,0,0,0,gratuito
9,35000.0,404,0.8663366336633663,1,2,1,1,0,0,1,1,0,0,0,0,0,medio_baixo
2,0.0,0,0.0,3,2,1,0,0,0,0,0,0,1,0,0,1,medio_alto
1,0.0,0,0.0,15,4,1,0,0,0,0,1,0,0,1,0,0,gratuito
5,10000.0,8,0.75,1,3,1,0,1,0,1,1,1,0,0,0,0,medio_alto
1,0.0,0,0.0,1,3,1,0,0,0,0,1,0,0,0,0,0,gratuito
3,0.0,0,0.0,2,2,1,1,0,0,1,1,0,0,0,0,0,gratuito
8,10000.0,61,0.639344262295082,1,4,1,0,0,0,1,1,0,1,0,0,1,baixo
3,75000.0,1,1.0,1,3,1,0,0,0,1,1,0,0,1,0,0,baixo
10,350000.0,2005,0.9246882793017457,1,2,1,0,0,0,0,0,0,0,0,1,1,medio_alto
1,10000.0,31,0.7741935483870968,1,2,1,0,0,0,1,0,1,0,0,0,0,baixo
4,10000.0,46,0.30434782608695654,29,6,1,1,1,0,1,1,1,1,0,1,1,alto
4,0.0,0,0.0,1,2,1,0,0,0,0,0,1,0,1,0,0,gratuito
2,10000.0,1086,0.861878453038674,17,3,1,0,0,3,0,1,1,1,0,0,0,baixo
5,10000.0,4,0.5,1,2,1,0,0,0,1,0,0,1,0,0,0,medio_alto
2,10000.0,36,0.7777777777777778,10,4,1,1,0,0,1,0,1,1,0,0,0,baixo
1,0.0,0,0.0,0,0,1,0,0,0,0,0,0,0,0,0,0,gratuito
2,0.0,0,0.0,103,2,1,0,0,0,1,0,0,1,0,0,0,baixo
2,10000.0,6,0.5,4,2,1,0,0,1,0,0,1,1,0,0,0,medio_alto
2,10000.0,70,0.7571428571428571,16,4,1,0,0,2,1,0,1,0,0,0,1,alto
2,10000.0,1,1.0,2,1,1,0,0,0,1,0,0,0,0,0,0,medio_baixo
5,0.0,0,0.0,0,0,1,0,0,0,0,0,0,0,0,0,0,gratuito
1,0.0,0,0.0,103,5,1,0,0,0,1,0,0,1,0,1,1,gratuito
1,10000.0,1,1.0,12,3,1,0,0,0,0,1,1,0,1,0,0,medio_alto
1,0.0,0,0.0,2,3,1,0,0,0,1,1,0,1,0,0,0,medio_baixo
3,10000.0,28,0.6785714285714286,30,8,1,0,0,0,0,1,1,1,1,1,1,baixo
1,10000.0,0,0.0,4,2,1,0,0,0,1,0,1,0,0,0,0,medio_alto
5,10000.0,8,0.75,1,2,1,0,0,0,0,0,1,1,0,0,0,medio_alto
3,0.0,0,0.0,0,0,1,0,0,0,0,0,0,0,0,0,0,gratuito
11,350000.0,3003,0.7236097236097236,2,6,1,1,1,5,1,0,1,1,1,1,1,medio_baixo
5,75000.0,16,0.5,4,2,1,0,0,0,0,0,1,1,0,0,0,alto
6,35000.0,33,0.7575757575757576,1,4,1,0,1,0,1,1,0,1,0,0,0,baixo
4,75000.0,864,0.7627314814814815,15,4,1,0,0,2,1,1,1,0,0,0,1,alto
2,10000.0,0,0.0,6,6,1,0,0,0,1,1,0,1,0,1,0,baixo
5,10000.0,0,0.0,1,2,1,0,0,1,1,0,0,1,0,0,0,baixo
4,150000.0,107,0.6448598130841121,9,3,1,0,0,2,0,1,1,0,0,1,0,alto
4,10000.0,2,1.0,1,3,1,0,0,0,1,1,1,0,0,0,0,medio_baixo
2,10000.0,1,1.0,2,3,1,1,1,0,1,0,1,0,1,0,0,baixo
2,10000.0,1,1.0,1,1,1,0,0,0,0,0,0,1,0,0,0,baixo
1,0.0,0,0.0,1,3,1,0,0,0,1,0,1,1,0,0,0,baixo
2,10000.0,4,0.75,1,3,1,0,0,0,0,0,0,1,0,1,0,gratuito
3,75000.0,713,0.8906030855539971,4,4,1,0,0,0,0,1,0,1,1,1,0,alto
4,35000.0,6,1.0,2,2,1,0,1,0,1,0,0,0,1,0,0,medio_alto
10,75000.0,407,0.5749385749385749,1,2,1,0,0,1,0,1,1,0,0,0,0,alto
1,0.0,0,0.0,1,4,1,0,0,1,0,0,0,0,0,0,0,gratuito
1,0.0,0,0.0,0,0,1,0,0,0,0,0,0,0,0,0,0,gratuito
2,10000.0,2,1.0,2,3,1,0,0,0,1,0,1,1,0,0,0,medio_baixo
6,10000.0,6,1.0,1,5,1,0,0,0,1,1,0,1,0,0,0,alto
1,10000.0,0,0.0,11,2,1,1,1,0,0,0,0,0,0,1,1,alto
5,10000.0,0,0.0,1,3,1,0,0,0,1,0,1,1,0,0,0,alto
4,75000.0,6,1.0,1,1,1,1,0,0,1,0,0,0,0,0,0,medio_baixo
2,10000.0,17,0.7647058823529411,12,3,1,0,0,0,1,0,0,0,1,1,0,alto
1,0.0,0,0.0,1,1,1,0,0,0,0,1,0,0,0,0,0,medio_baixo
3,10000.0,121,0.8760330578512396,1,3,1,0,0,0,1,0,0,1,0,1,0,medio_baixo
1,0.0,0,0.0,6,2,1,0,0,0,1,1,0,0,0,0,0,medio_baixo
6,10000.0,4,1.0,7,3,1,1,0,0,1,0,0,1,0,1,0,medio_baixo
9,75000.0,44,0.6818181818181818,1,3,1,0,0,0,0,1,0,0,0,0,0,baixo
1,0.0,0,0.0,12,3,1,0,0,0,1,1,0,1,0,0,0,baixo
2,10000.0,2,0.0,2,1,1,0,0,0,0,0,0,1,0,0,0,alto
3,10000.0,26,0.4230769230769231,10,6,1,0,0,0,1,1,1,1,0,0,1,baixo
7,75000.0,708,0.9350282485875706,1,4,1,0,0,2,1,0,1,1,0,0,0,gratuito
2,0.0,0,0.0,103,9,1,1,1,0,1,1,1,1,1,1,1,alto
2,10000.0,10,1.0,1,3,1,1,1,0,1,0,0,0,0,1,1,medio_baixo
3,10000.0,2,1.0,1,1,1,1,0,0,0,0,0,0,0,0,1,baixo
2,10000.0,65,1.0,7,4,1,1,0,1,1,0,1,1,1,0,0,alto
2,0.0,0,0.0,0,0,1,0,0,0,0,0,0,0,0,0,0,gratuito
4,10000.0,18,0.8333333333333334,3,5,1,0,0,0,1,0,1,1,1,0,1,medio_alto
10,10000.0,153,0.9477124183006536,1,1,1,0,0,0,0,0,0,0,1,0,0,gratuito
2,10000.0,0,0.0,9,3,1,1,1,0,1,0,0,1,0,0,0,alto
1,35000.0,111,0.954954954954955,3,5,1,0,0,0,1,0,1,0,1,0,0,gratuito
3,10000.0,0,0.0,1,1,1,0,0,0,0,0,0,1,0,0,0,alto
4,35000.0,1209,0.9809760132340778,2,1,1,0,0,0,0,0,0,0,1,0,0,alto
1,10000.0,0,0.0,10,2,1,0,0,0,1,0,1,0,0,0,0,alto
8,10000.0,29,0.7586206896551724,1,2,1,1,1,0,1,0,0,1,0,0,0,baixo
9,10000.0,7,0.7142857142857143,7,3,1,0,0,0,1,1,0,1,0,0,0,medio_alto
6,35000.0,3,0.0,2,1,1,0,0,0,0,0,0,0,0,1,0,baixo
8,10000.0,22,0.9090909090909091,1,1,1,0,0,0,0,1,0,0,0,0,0,baixo
5,10000.0,4,0.0,1,4,1,0,0,0,1,1,1,0,1,0,0,baixo
5,10000.0,6,1.0,1,2,1,1,1,0,1,0,1,0,0,0,0,medio_alto
12,350000.0,2261,0.8146837682441398,7,2,1,0,0,0,0,1,0,0,0,0,0,alto
1,0.0,0,0.0,1,2,1,1,0,0,0,0,0,1,0,0,1,alto
3,150000.0,96,0.6458333333333334,2,2,1,0,0,0,1,0,1,0,0,0,0,baixo
6,10000.0,56,0.9642857142857143,1,2,1,1,1,1,1,0,0,1,0,0,0,baixo
1,10000.0,0,0.0,5,4,1,0,0,0,1,0,0,0,1,0,0,gratuito
3,0.0,0,0.0,1,1,1,0,0,0,0,0,0,1,0,0,0,gratuito
1,0.0,0,0.0,1,4,1,0,0,0,1,0,1,0,0,1,0,gratuito
1,0.0,0,0.0,1,5,1,0,0,0,1,1,1,0,0,0,1,gratuito
2,10000.0,32,1.0,2,3,1,1,0,0,1,0,1,1,0,0,0,medio_baixo
6,35000.0,5,0.6,1,4,1,0,0,0,1,1,1,0,1,0,0,baixo
8,10000.0,2,0.5,1,2,1,0,0,0,1,0,0,0,0,1,0,medio_baixo
1,10000.0,120,0.9166666666666666,9,4,1,1,1,4,1,0,0,1,0,1,1,alto
8,10000.0,31,0.7096774193548387,1,3,1,0,0,0,1,0,0,0,0,0,1,alto
7,10000.0,27,0.6296296296296297,3,4,1,0,0,0,1,1,1,0,1,0,0,medio_alto
2,10000.0,0,0.0,1,1,1,0,0,0,0,0,0,1,0,0,0,gratuito
7,10000.0,31,0.3548387096774194,1,6,1,0,0,0,1,1,1,1,0,0,1,baixo
1,10000.0,0,0.0,1,3,1,0,0,0,0,1,1,0,1,0,0,baixo
2,10000.0,37,0.918918918918919,10,3,1,0,0,0,1,1,1,0,0,0,0,baixo
2,10000.0,1,1.0,1,5,1,1,1,1,1,1,1,1,0,1,0,medio_alto
8,10000.0,22,0.5454545454545454,2,2,1,0,0,0,0,0,0,1,0,1,0,medio_alto
12,75000.0,255,0.7137254901960784,5,2,1,0,0,0,1,0,1,0,0,0,0,baixo
8,35000.0,182,0.6648351648351648,1,2,1,1,1,1,1,1,0,0,0,0,0,alto
2,0.0,0,0.0,0,0,1,0,0,0,0,0,0,0,0,0,0,gratuito
9,10000.0,56,0.8571428571428571,1,2,1,1,1,0,1,1,0,0,0,0,0,baixo
2,10000.0,0,0.0,1,1,1,0,0,0,0,0,1,0,0,0,0,medio_alto
3,0.0,0,0.0,0,0,1,0,0,0,0,0,0,0,0,0,0,gratuito
3,10000.0,0,0.0,1,2,1,0,0,0,1,1,0,0,0,0,0,alto
4,10000.0,43,1.0,1,2,1,0,1,2,1,0,0,1,0,0,0,baixo
1,10000.0,0,0.0,2,2,1,0,0,0,0,1,0,0,1,0,0,baixo
4,10000.0,16,0.6875,1,2,1,0,0,0,0,0,1,1,0,0,0,medio_baixo
5,35000.0,37,0.5405405405405406,1,2,1,0,0,0,0,0,0,0,0,1,1,medio_baixo
3,75000.0,223,0.9147982062780269,3,2,1,1,0,0,1,0,1,0,0,0,0,medio_alto
2,0.0,0,0.0,1,4,1,1,0,0,1,0,1,0,1,1,0,gratuito
4,10000.0,7,0.7142857142857143,1,4,1,0,0,0,0,1,1,1,0,0,1,medio_baixo
15,150000.0,442,0.7850678733031674,3,4,1,1,0,0,1,0,0,1,0,1,1,alto
3,10000.0,20,0.75,1,3,1,0,0,0,1,1,0,1,0,0,0,medio_baixo
8,35000.0,79,0.5443037974683544,1,3,1,0,0,0,0,1,1,1,0,0,0,baixo
2,35000.0,21,0.5714285714285714,1,3,1,0,0,0,1,0,0,1,0,1,0,medio_baixo
11,150000.0,1343,0.6924795234549516,8,1,1,0,0,4,0,0,0,0,0,0,0,baixo
5,10000.0,1,1.0,1,3,1,0,0,0,1,0,0,0,1,1,0,medio_baixo
7,10000.0,0,0.0,1,4,1,1,1,3,1,0,1,0,1,0,1,medio_alto
12,150000.0,2095,0.8887828162291169,7,2,1,1,1,0,1,0,0,1,0,0,0,medio_alto
10,10000.0,65,0.5230769230769231,1,4,1,0,0,0,1,0,1,1,0,1,0,medio_alto
4,10000.0,0,0.0,2,2,1,0,0,0,1,0,0,1,0,0,0,medio_baixo
1,0.0,0,0.0,1,2,1,0,0,0,1,1,0,0,0,0,0,medio_alto
10,10000.0,21,0.9047619047619048,1,3,1,0,0,0,1,1,1,0,0,0,0,baixo
3,10000.0,8,1.0,1,3,1,0,0,0,1,0,0,0,0,1,1,alto
2,10000.0,37,0.8648648648648649,29,2,1,0,1,0,1,0,0,1,0,0,0,baixo
1,0.0,0,0.0,103,3,1,0,0,0,1,0,1,1,0,0,0,medio_baixo
5,10000.0,206,0.970873786407767,1,2,1,1,1,0,1,0,0,1,0,0,0,alto
11,10000.0,59,0.9322033898305084,1,2,1,1,1,0,1,0,0,0,1,0,0,baixo
1,10000.0,10,0.8,1,5,1,0,0,0,1,1,1,0,0,1,1,alto
4,10000.0,93,0.9354838709677419,1,2,1,0,0,0,0,0,0,1,1,0,0,gratuito
7,350000.0,4011,0.9399152331089504,19,3,1,0,0,2,1,1,1,0,0,0,0,alto
1,0.0,0,0.0,1,3,1,0,0,0,1,1,0,0,0,0,0,gratuito
6,10000.0,0,0.0,1,3,1,0,0,0,1,0,0,1,0,0,1,medio_baixo
10,75000.0,78,0.41025641025641024,1,1,1,0,0,0,0,0,0,1,0,0,0,baixo
1,0.0,0,0.0,0,0,1,0,0,0,0,0,0,0,0,0,0,gratuito
3,10000.0,3,0.3333333333333333,1,2,1,0,0,0,0,1,0,1,0,0,0,alto
4,35000.0,14,0.8571428571428571,1,3,1,1,1,0,1,0,0,1,0,1,0,medio_baixo
1,10000.0,20,0.7,5,1,1,0,0,0,0,0,1,0,0,0,0,medio_alto
2,10000.0,463,0.9762419006479481,1,3,1,1,0,1,1,0,0,1,0,0,1,alto
7,10000.0,14,0.9285714285714286,1,4,1,1,0,0,1,1,1,0,1,0,0,gratuito
9,350000.0,1288,0.7911490683229814,1,4,1,0,0,3,1,1,0,1,0,0,1,baixo
4,0.0,0,0.0,0,0,1,0,0,0,0,0,0,0,0,0,0,gratuito
3,35000.0,13,0.6153846153846154,1,3,1,1,1,0,1,0,1,0,1,0,0,medio_alto
8,10000.0,32,0.625,2,2,1,0,0,0,0,0,0,0,0,1,1,medio_baixo
2,10000.0,10,0.8,11,4,1,0,0,0,1,1,1,1,0,0,0,baixo
3,10000.0,4,1.0,10,1,1,1,0,0,0,0,0,1,0,0,0,medio_alto
11,10000.0,28,0.5357142857142857,1,2,1,0,0,1,1,0,0,0,0,1,0,medio_alto
1,10000.0,6,0.3333333333333333,1,4,1,0,0,0,1,1,0,1,0,0,0,gratuito
8,10000.0,0,0.0,1,3,1,0,0,0,1,1,0,0,0,1,0,alto
1,0.0,0,0.0,0,0,1,0,0,0,0,0,0,0,0,0,0,gratuito
9,10000.0,24,0.5,4,3,1,0,0,0,1,1,1,0,0,0,0,gratuito
9,10000.0,133,0.8721804511278195,14,2,1,0,0,0,1,0,0,1,0,0,0,baixo
6,10000.0,1,1.0,1,2,1,0,0,0,1,0,1,0,0,0,0,medio_baixo
5,10000.0,0,0.0,1,2,1,0,0,0,1,0,0,1,0,0,0,baixo
4,0.0,0,0.0,0,0,1,0,0,0,0,0,0,0,0,0,0,gratuito
3,10000.0,12,0.9166666666666666,8,1,1,0,0,0,0,0,0,1,0,0,0,medio_alto
5,10000.0,0,0.0,29,1,1,0,0,0,0,0,0,0,0,0,1,medio_alto
3,10000.0,102,0.803921568627451,13,2,1,1,1,0,1,0,0,0,0,0,1,alto
3,10000.0,3,0.6666666666666666,2,3,1,0,0,0,1,1,1,0,0,0,0,medio_alto
6,10000.0,34,0.5588235294117647,1,5,1,0,0,0,1,1,1,1,0,0,1,medio_alto
1,10000.0,0,0.0,9,4,1,0,0,0,1,1,0,1,1,0,0,gratuito
5,35000.0,220,0.8636363636363636,7,4,1,1,0,0,1,0,0,0,0,1,1,medio_alto
2,10000.0,2,0.0,1,3,1,0,0,0,1,1,1,0,0,0,0,medio_alto
1,0.0,0,0.0,0,0,1,0,0,0,0,0,0,0,0,0,0,gratuito
5,0.0,0,0.0,1,3,1,0,0,0,1,0,0,0,0,1,0,gratuito
6,10000.0,7,0.8571428571428571,1,3,1,0,1,0,1,0,0,1,0,0,0,medio_alto
4,10000.0,3,0.6666666666666666,1,4,1,0,0,0,1,1,1,1,0,0,0,baixo
1,10000.0,0,0.0,27,2,1,1,1,0,1,0,0,0,0,0,1,medio_baixo
3,10000.0,0,0.0,29,2,1,0,0,0,1,0,0,1,0,0,0,baixo
2,0.0,0,0.0,0,0,1,0,0,0,0,0,0,0,0,0,0,gratuito
12,35000.0,60,0.7,9,4,1,0,0,0,1,0,0,1,0,1,1,medio_baixo
4,10000.0,80,0.9375,1,2,1,0,0,5,1,1,0,0,0,0,0,medio_alto
7,10000.0,6,0.8333333333333334,1,2,1,0,0,1,1,1,0,0,0,0,0,baixo
3,10000.0,150,0.4266666666666667,8,3,1,0,0,0,0,0,0,0,0,1,1,alto
3,35000.0,32,0.90625,1,3,1,0,0,0,1,1,1,0,0,0,0,baixo
8,350000.0,5947,0.9594753657306205,7,3,1,1,1,2,1,1,0,0,0,1,0,alto
6,10000.0,68,0.8382352941176471,13,1,1,1,0,0,1,0,0,0,0,0,0,baixo
5,10000.0,56,0.9821428571428571,3,3,1,0,0,0,1,1,1,0,0,0,0,baixo
2,0.0,0,0.0,2,2,1,0,0,5,0,1,0,0,0,0,0,gratuito
1,10000.0,0,0.0,1,2,1,0,1,0,1,0,0,1,0,0,0,baixo
13,150000.0,310,0.7451612903225806,7,2,1,1,1,0,1,0,0,0,0,1,0,alto
2,10000.0,2,0.5,1,3,1,1,0,0,1,0,1,0,0,0,1,medio_baixo
8,10000.0,2,0.5,2,4,1,0,0,0,1,0,0,0,1,1,0,alto
5,10000.0,167,0.8622754491017964,7,3,1,0,0,0,1,0,0,1,0,0,1,medio_alto
6,10000.0,2,1.0,1,1,1,0,0,0,0,0,0,1,0,0,0,medio_baixo
4,75000.0,124,0.7016129032258065,1,2,1,0,0,0,1,0,0,1,0,0,0,baixo
4,10000.0,1,1.0,1,4,1,0,0,0,1,1,0,1,0,0,0,medio_baixo
13,3500000.0,40853,0.7251119868797885,7,2,1,1,1,7,1,1,0,0,0,0,0,medio_baixo
2,10000.0,0,0.0,1,2,1,0,0,0,1,1,0,0,0,0,0,baixo
3,10000.0,2,1.0,2,3,1,0,0,0,1,1,0,1,0,0,0,alto
2,0.0,0,0.0,1,3,1,0,0,0,0,1,0,0,0,1,0,gratuito
1,10000.0,0,0.0,1,3,1,0,1,1,1,0,0,1,0,0,1,alto
3,10000.0,1,1.0,2,4,1,0,0,0,1,0,0,1,0,1,0,baixo
1,0.0,0,0.0,1,3,1,0,0,0,0,0,0,1,0,0,0,gratuito
3,10000.0,0,0.0,1,5,1,0,0,0,1,0,1,1,1,0,1,gratuito
2,35000.0,2,1.0,2,2,1,0,0,1,1,0,0,0,0,0,0,alto
2,35000.0,696,0.9339080459770115,1,3,1,0,0,0,1,0,0,1,0,1,0,baixo
1,10000.0,0,0.0,12,2,1,0,0,0,1,0,1,0,0,0,0,alto
4,10000.0,0,0.0,1,2,1,0,0,0,1,0,1,0,0,0,0,medio_alto
10,10000.0,158,0.7088607594936709,14,4,1,1,1,0,1,1,1,1,0,0,0,alto
6,10000.0,90,0.8111111111111111,1,5,1,0,0,0,0,1,1,1,0,0,1,medio_alto
4,10000.0,9,0.4444444444444444,1,2,1,0,0,0,1,0,0,1,0,0,0,baixo
4,10000.0,10,0.8,2,3,1,0,0,0,0,0,0,1,0,1,0,gratuito
5,350000.0,970,0.8907216494845361,16,5,1,1,1,1,1,0,1,1,0,1,1,alto
5,10000.0,4,1.0,1,5,1,0,0,0,1,1,1,0,1,0,1,medio_baixo
8,35000.0,26,0.7307692307692307,2,5,1,0,1,1,1,0,1,1,0,0,1,medio_alto
9,10000.0,12,1.0,1,2,1,0,0,0,1,0,0,1,0,0,0,medio_baixo
2,0.0,0,0.0,4,5,1,0,0,0,0,0,0,1,1,1,0,gratuito
6,10000.0,43,0.6511627906976745,9,5,1,0,0,0,1,0,0,1,0,0,1,baixo
8,10000.0,19,0.9473684210526315,1,6,1,1,1,0,1,0,1,1,1,1,1,gratuito
5,10000.0,0,0.0,5,1,1,1,1,0,0,0,0,1,0,0,0,medio_alto
6,75000.0,36,0.6111111111111112,1,4,1,1,0,1,1,0,0,0,1,1,0,gratuito
3,10000.0,1,1.0,1,2,1,0,0,0,1,1,0,0,0,0,0,medio_alto
1,0.0,0,0.0,0,0,1,0,0,0,0,0,0,0,0,0,0,gratuito
2,10000.0,1,0.0,1,4,1,0,0,0,1,0,0,1,0,1,1,alto
6,10000.0,0,0.0,1,6,1,0,0,0,1,0,1,0,1,1,1,alto
8,150000.0,352,0.7130681818181818,103,3,1,0,1,1,1,0,0,1,0,0,0,baixo
6,10000.0,50,0.9,6,3,1,0,0,0,1,1,0,0,0,0,0,baixo
2,10000.0,77,0.8051948051948052,4,1,1,0,0,0,0,1,0,0,0,0,0,medio_baixo
6,10000.0,38,0.42105263157894735,12,5,1,0,0,0,1,1,1,0,1,0,0,baixo
2,35000.0,19,0.9473684210526315,15,4,1,0,0,0,1,1,1,0,0,0,1,medio_alto
2,10000.0,1,1.0,1,3,1,0,0,0,1,0,1,1,0,0,0,medio_baixo
6,10000.0,46,0.8913043478260869,10,3,1,1,1,0,1,0,1,1,0,0,0,baixo
3,10000.0,10,0.6,1,1,1,0,0,0,1,0,0,0,0,0,0,baixo
1,10000.0,1,1.0,1,7,1,0,0,0,1,1,1,1,0,1,1,medio_baixo
4,10000.0,10,0.8,2,2,1,0,0,0,1,0,1,0,0,0,0,medio_alto
4,10000.0,15,0.9333333333333333,1,4,1,0,0,1,0,1,1,0,1,1,0,medio_baixo
1,10000.0,0,0.0,3,6,1,0,0,0,1,1,1,1,0,1,0,medio_baixo
1,0.0,0,0.0,103,4,1,0,0,0,1,1,1,0,0,0,0,gratuito
3,0.0,0,0.0,0,0,1,0,0,0,0,0,0,0,0,0,0,gratuito
4,10000.0,10,1.0,1,1,1,0,0,0,0,0,0,1,0,0,0,medio_alto
4,10000.0,16,1.0,5,1,1,0,0,0,0,0,0,0,0,0,0,medio_baixo
8,10000.0,1,1.0,5,3,1,1,1,1,1,1,0,1,0,0,0,alto
2,0.0,0,0.0,11,4,1,0,0,0,0,1,1,0,0,0,1,gratuito
1,10000.0,0,0.0,1,2,1,1,1,0,1,0,0,0,0,0,1,medio_baixo
2,35000.0,98,0.8163265306122449,9,1,1,0,0,0,1,0,0,0,0,0,0,medio_baixo
1,10000.0,0,0.0,14,4,1,0,0,0,1,0,1,0,1,1,0,medio_baixo
10,750000.0,948,0.48523206751054854,1,3,1,0,0,0,1,1,0,1,0,0,0,baixo
2,10000.0,1,1.0,9,3,1,0,0,0,1,1,0,1,0,0,0,medio_baixo
9,10000.0,22,0.4090909090909091,1,2,1,0,0,0,1,1,0,0,0,0,0,baixo
10,150000.0,369,0.7913279132791328,1,3,1,1,1,0,1,1,0,1,0,0,0,medio_baixo
2,10000.0,4,1.0,2,3,1,0,0,0,1,1,1,0,0,0,0,medio_baixo
5,0.0,0,0.0,0,0,1,0,0,0,0,0,0,0,0,0,0,gratuito
5,35000.0,9,0.7777777777777778,1,4,1,1,1,0,1,1,1,1,0,0,0,medio_baixo
8,10000.0,11,0.45454545454545453,1,3,1,1,1,0,1,0,1,0,1,0,0,medio_baixo
5,35000.0,41,0.7560975609756098,3,4,1,0,0,0,1,1,1,0,0,1,0,medio_baixo
7,10000.0,52,0.9615384615384616,6,1,1,0,0,0,0,1,0,0,0,0,0,gratuito
6,10000.0,3,1.0,1,3,1,0,0,0,1,0,0,1,0,1,0,baixo
2,0.0,0,0.0,1,4,1,0,0,0,1,1,1,0,0,0,0,gratuito
1,0.0,0,0.0,3,5,1,0,1,1,1,0,0,1,1,1,1,medio_baixo
7,10000.0,21,0.9523809523809523,1,2,1,0,0,0,1,0,0,1,0,0,0,baixo
4,10000.0,0,0.0,1,2,1,0,0,0,1,0,0,1,0,0,0,baixo
6,10000.0,12,0.8333333333333334,1,3,1,0,0,0,1,1,1,0,0,0,0,medio_alto
1,0.0,0,0.0,2,4,1,0,0,0,1,1,0,1,0,0,0,gratuito
1,0.0,0,0.0,6,4,1,0,0,0,1,0,0,0,1,1,1,alto
1,0.0,0,0.0,2,3,1,0,0,0,0,0,0,0,0,1,1,alto
2,10000.0,147,0.7346938775510204,27,3,1,0,0,0,1,0,0,1,0,0,1,medio_alto
9,10000.0,2,0.5,1,1,1,0,0,0,0,0,0,0,1,0,0,baixo
6,10000.0,36,1.0,2,1,1,1,1,0,1,0,0,0,0,0,0,gratuito
9,10000.0,42,0.7380952380952381,1,4,1,0,0,0,1,1,1,0,1,0,0,medio_baixo
2,35000.0,665,0.9909774436090225,10,2,1,0,0,0,1,1,0,0,0,0,0,alto
10,35000.0,248,0.7741935483870968,4,2,1,1,0,0,1,0,0,0,1,0,0,alto
1,0.0,0,0.0,7,4,1,0,0,0,1,1,0,1,0,0,0,gratuito
1,10000.0,0,0.0,1,3,1,0,0,0,1,0,0,1,0,0,1,medio_alto
8,10000.0,0,0.0,1,2,1,1,0,0,1,0,0,1,0,0,0,medio_baixo
3,150000.0,30,0.8666666666666667,2,4,1,0,0,2,1,1,1,1,0,0,0,baixo
4,10000.0,4,0.25,1,3,1,0,0,0,1,0,1,0,0,0,1,baixo
1,0.0,0,0.0,12,3,1,0,1,0,1,0,0,1,0,1,0,medio_baixo
1,0.0,0,0.0,1,4,1,0,0,0,1,0,0,1,0,1,1,alto
7,35000.0,6,0.5,1,3,1,0,0,100,1,1,0,1,0,0,0,gratuito
1,10000.0,0,0.0,9,3,1,0,0,0,1,0,0,1,0,0,1,medio_baixo
8,35000.0,39,0.7435897435897436,1,3,1,0,0,0,0,1,0,1,0,0,0,gratuito
9,10000.0,73,0.8904109589041096,2,3,1,1,1,0,1,0,1,1,0,0,0,medio_alto
4,10000.0,0,0.0,1,5,1,0,0,0,1,0,0,1,1,1,1,medio_alto
5,10000.0,227,0.973568281938326,4,3,1,1,0,1,1,0,0,1,0,1,0,medio_alto
1,10000.0,102,0.9705882352941176,9,3,1,1,1,0,1,1,1,0,0,0,0,alto
1,10000.0,0,0.0,4,3,1,0,0,0,1,1,0,0,0,0,0,alto
8,10000.0,44,0.7727272727272727,2,2,1,0,0,0,1,0,0,1,0,0,0,alto
4,10000.0,15,1.0,1,4,1,0,0,0,1,1,0,1,0,1,0,medio_alto
8,10000.0,12,1.0,1,2,1,0,0,0,0,0,1,1,0,0,0,medio_alto
2,10000.0,3,0.6666666666666666,2,3,1,1,0,0,1,0,0,1,0,1,0,medio_baixo
2,0.0,0,0.0,1,4,1,0,1,0,1,1,0,1,0,0,0,gratuito
7,10000.0,15,0.4666666666666667,1,3,1,0,0,0,1,0,0,0,1,0,0,gratuito
1,0.0,0,0.0,2,7,1,0,0,0,1,1,0,1,1,0,1,baixo
5,350000.0,3423,0.9637744668419514,1,2,1,1,0,0,1,0,1,0,0,0,0,gratuito
13,150000.0,601,0.9001663893510815,6,1,1,1,1,0,0,1,0,0,0,0,0,alto
6,35000.0,1,1.0,1,2,1,0,0,0,1,1,0,0,0,0,0,baixo
1,0.0,0,0.0,5,3,1,0,0,0,1,0,0,1,1,0,0,alto
1,10000.0,48,1.0,1,2,1,0,0,0,0,0,1,1,0,0,0,medio_baixo
6,35000.0,75,0.9466666666666667,1,2,1,0,0,1,1,0,1,0,0,0,0,medio_baixo
1,0.0,0,0.0,2,2,1,0,0,0,1,1,0,0,0,0,0,medio_alto
3,10000.0,7,0.8571428571428571,1,1,1,0,0,0,0,1,0,0,0,0,0,baixo
6,10000.0,39,0.7692307692307693,4,1,1,0,0,0,0,0,0,1,0,0,0,medio_baixo
6,10000.0,13,0.8461538461538461,1,5,1,0,0,0,1,0,0,1,0,0,1,alto
7,35000.0,930,0.932258064516129,2,4,1,0,0,0,1,1,0,1,0,0,0,medio_alto
5,10000.0,0,0.0,1,3,1,1,1,0,1,1,0,1,0,0,0,baixo
6,75000.0,347,0.7953890489913544,2,5,1,0,0,8,1,1,1,0,1,0,0,gratuito
8,10000.0,0,0.0,1,1,1,0,0,0,0,0,1,0,0,0,0,baixo
1,0.0,0,0.0,1,3,1,0,0,0,0,1,0,0,0,0,0,gratuito
1,0.0,0,0.0,1,2,1,1,0,0,1,0,0,1,0,0,0,medio_baixo
2,10000.0,6,0.3333333333333333,1,4,1,1,1,0,0,1,1,0,1,1,0,medio_alto
8,10000.0,9,0.7777777777777778,1,4,1,0,0,0,1,1,0,1,0,1,0,baixo
4,10000.0,13,0.5384615384615384,1,6,1,0,0,0,1,1,1,1,0,0,0,medio_alto
2,0.0,0,0.0,0,0,1,0,0,0,0,0,0,0,0,0,0,gratuito
23,150000.0,932,0.6781115879828327,6,3,1,1,0,2,1,1,0,1,0,0,0,medio_baixo
8,10000.0,21,0.8095238095238095,1,5,1,0,0,0,1,1,1,0,0,0,1,baixo
10,35000.0,143,0.9370629370629371,1,1,1,0,0,0,0,0,0,1,0,0,0,medio_baixo
5,10000.0,18,0.7777777777777778,1,2,1,1,1,1,1,0,0,1,0,0,0,medio_baixo
12,350000.0,2970,0.5373737373737374,5,2,1,0,0,0,0,1,1,0,0,0,0,medio_alto
4,10000.0,0,0.0,12,2,1,0,0,0,1,0,0,1,0,0,0,alto
3,0.0,0,0.0,0,0,1,0,0,0,0,0,0,0,0,0,0,gratuito
2,10000.0,7,0.14285714285714285,1,2,1,0,0,3,0,0,1,0,0,0,1,medio_baixo
3,10000.0,0,0.0,1,3,1,0,0,0,1,1,1,0,0,0,0,baixo
10,150000.0,1218,0.6223316912972086,12,3,1,1,1,5,1,0,0,0,1,1,0,baixo
2,75000.0,1182,0.805414551607445,4,4,1,0,0,6,1,0,1,1,1,0,0,medio_baixo
6,10000.0,89,0.898876404494382,3,3,1,0,0,0,1,0,0,1,0,0,0,gratuito
5,0.0,0,0.0,2,2,1,0,0,2,0,1,0,0,0,0,0,gratuito
2,10000.0,13,0.7692307692307693,2,4,1,0,0,0,1,1,1,1,0,0,0,alto
5,10000.0,5,1.0,1,2,1,1,1,0,0,0,0,1,0,0,1,medio_baixo
8,10000.0,12,1.0,6,3,1,0,0,0,1,0,0,1,0,1,0,medio_alto
9,150000.0,229,0.62882096069869,2,3,1,1,0,0,1,1,0,0,0,0,0,baixo
1,10000.0,0,0.0,7,2,1,0,1,0,0,0,0,1,0,0,1,medio_baixo
1,10000.0,0,0.0,1,4,1,0,1,0,1,0,1,1,1,0,0,medio_alto
6,150000.0,404,0.5742574257425742,2,7,1,0,0,0,1,1,1,0,1,1,0,gratuito
4,10000.0,0,0.0,1,3,1,1,1,1,0,0,1,1,1,0,0,medio_alto
2,10000.0,2,1.0,12,2,1,0,0,0,1,0,0,1,0,0,0,medio_alto
3,10000.0,1,1.0,8,2,1,0,0,0,0,0,0,0,0,0,1,alto
4,0.0,0,0.0,0,0,1,0,0,0,0,0,0,0,0,0,0,gratuito
2,10000.0,91,0.7252747252747253,6,4,1,0,0,0,1,0,1,1,0,1,0,medio_baixo
8,10000.0,100,0.95,1,2,1,0,0,0,1,0,0,0,0,0,0,gratuito
7,10000.0,4,0.5,2,4,1,0,0,0,1,1,0,0,0,0,0,alto
2,0.0,0,0.0,1,4,1,0,0,0,1,0,1,1,0,0,0,gratuito
2,10000.0,0,0.0,1,4,1,0,0,0,1,1,1,0,1,0,0,medio_baixo
9,10000.0,21,0.6666666666666666,2,3,1,0,1,0,1,0,1,0,0,1,0,medio_alto
1,10000.0,0,0.0,1,3,1,0,0,0,1,0,0,1,0,0,1,medio_alto
2,10000.0,9,0.7777777777777778,3,1,1,0,0,1,0,0,0,0,1,0,0,medio_alto
2,10000.0,13,0.9230769230769231,15,3,1,0,0,0,1,1,0,1,0,0,0,medio_baixo
8,75000.0,430,0.6906976744186046,8,3,1,0,0,0,0,0,0,0,0,0,0,medio_baixo
2,10000.0,1,1.0,1,4,1,0,0,0,1,0,0,1,0,1,1,alto
8,10000.0,2,1.0,1,2,1,1,0,0,0,0,0,0,0,0,0,alto
6,75000.0,1103,0.5920217588395286,10,3,1,0,0,0,1,0,1,0,1,0,0,medio_baixo
4,150000.0,1,1.0,2,2,1,0,0,0,1,0,1,0,0,0,0,medio_baixo
7,35000.0,319,0.5924764890282131,8,3,1,0,0,0,1,1,0,0,0,1,0,medio_baixo
2,10000.0,3,0.6666666666666666,1,3,1,0,0,0,1,0,0,1,0,0,1,medio_baixo
1,0.0,0,0.0,1,2,1,0,0,0,0,1,0,1,0,0,0,medio_alto
2,35000.0,754,0.8050397877984085,1,3,1,0,0,0,1,1,1,0,0,0,0,medio_alto
4,0.0,0,0.0,0,0,1,0,0,0,0,0,0,0,0,0,0,gratuito
3,10000.0,2,1.0,1,4,1,0,1,0,0,1,1,0,1,0,0,medio_alto
2,10000.0,7,0.8571428571428571,1,2,1,1,0,0,1,0,0,1,0,0,0,alto
1,75000.0,952,0.9222689075630253,5,4,1,0,0,2,1,0,1,0,1,0,1,alto
5,10000.0,55,1.0,6,3,1,1,1,1,1,0,1,1,0,0,0,baixo
6,10000.0,11,0.45454545454545453,1,1,1,0,0,0,1,0,0,0,0,0,0,baixo
3,10000.0,358,0.9860335195530726,11,2,1,0,0,0,1,0,0,1,0,0,0,baixo
7,10000.0,2,0.5,1,1,1,0,0,0,1,0,0,0,0,0,0,medio_alto
4,75000.0,444,0.4752252252252252,7,5,1,0,0,0,1,1,1,0,1,1,0,alto
6,10000.0,1,1.0,1,2,1,0,0,0,1,0,0,1,0,0,0,baixo
2,35000.0,589,0.8590831918505942,14,2,1,0,0,1,1,0,0,0,0,0,1,medio_alto
13,750000.0,6296,0.9363087674714105,1,3,1,1,1,2,1,1,0,0,0,0,0,medio_baixo
1,10000.0,25,1.0,1,2,1,0,0,0,0,1,0,1,0,0,0,medio_alto
11,10000.0,36,0.3611111111111111,1,1,1,1,1,0,1,0,0,0,0,0,0,baixo
4,10000.0,19,0.7894736842105263,9,3,1,0,0,0,0,0,0,0,0,0,1,medio_alto
2,10000.0,1,1.0,1,4,1,0,0,0,1,1,0,1,0,0,0,medio_alto
6,750000.0,14540,0.9666437414030261,10,1,1,1,1,5,0,0,0,0,0,1,0,alto
5,10000.0,27,0.9629629629629629,1,4,1,0,0,0,1,0,0,1,0,0,0,medio_baixo
10,10000.0,3,0.3333333333333333,3,2,1,1,0,0,0,0,1,0,0,0,0,medio_alto
8,10000.0,1,1.0,1,4,1,0,0,0,1,1,0,1,0,1,0,medio_baixo
5,10000.0,2,0.5,1,1,1,0,0,0,0,1,0,0,0,0,0,alto
10,10000.0,14,0.7142857142857143,1,2,1,0,0,0,0,0,0,1,0,0,0,medio_alto
6,35000.0,1,1.0,2,3,1,0,0,0,1,1,0,1,0,0,0,baixo
6,10000.0,59,0.9152542372881356,1,3,1,1,1,0,1,0,1,0,1,0,0,medio_alto
8,35000.0,99,0.8383838383838383,16,3,1,1,1,0,1,0,0,1,0,1,0,baixo
2,35000.0,363,0.8539944903581267,1,4,1,1,0,1,0,0,1,0,1,1,1,medio_alto
2,10000.0,0,0.0,1,3,1,1,1,0,1,0,1,1,0,0,0,baixo
2,10000.0,88,0.7045454545454546,3,2,1,0,0,0,0,0,1,0,1,0,0,alto
1,0.0,0,0.0,1,4,1,0,0,0,1,1,0,1,0,0,0,gratuito
11,10000.0,91,0.6263736263736264,2,1,1,0,1,0,0,1,0,0,0,0,0,baixo
3,35000.0,171,0.9766081871345029,12,3,1,1,0,0,1,1,0,1,0,0,0,alto
4,10000.0,18,0.7222222222222222,1,2,1,0,0,0,1,0,0,1,0,0,0,medio_baixo
6,10000.0,32,0.90625,1,1,1,1,1,0,1,0,0,0,0,0,0,alto
1,10000.0,0,0.0,1,2,1,0,0,0,1,1,0,0,0,0,0,medio_alto
2,10000.0,0,0.0,1,3,1,0,0,0,1,1,0,1,0,0,0,medio_alto
2,10000.0,51,0.8627450980392157,14,2,1,0,0,1,1,0,0,1,0,0,0,baixo
5,0.0,0,0.0,1,3,1,1,0,0,1,0,0,1,1,0,0,gratuito
1,10000.0,0,0.0,1,1,1,0,0,0,0,1,0,0,0,0,0,medio_baixo
14,75000.0,198,0.5,6,3,1,0,0,1,1,1,1,0,0,0,0,medio_alto
2,75000.0,64,0.65625,10,3,1,0,0,0,1,0,1,0,0,0,1,medio_baixo
1,750000.0,300,0.8433333333333334,11,4,1,0,0,1,1,1,1,0,1,0,0,medio_alto
8,35000.0,6,0.8333333333333334,2,3,1,0,0,0,1,1,0,1,0,0,0,baixo
2,75000.0,2988,0.9387550200803213,12,2,1,0,0,1,1,1,0,0,0,0,0,alto
1,0.0,0,0.0,0,0,1,0,0,0,0,0,0,0,0,0,0,gratuito
1,10000.0,12,1.0,3,3,1,0,0,0,1,0,0,1,0,1,0,medio_baixo
1,10000.0,2,1.0,2,1,1,0,0,0,0,1,0,0,0,0,0,medio_baixo
6,10000.0,7,0.7142857142857143,2,3,1,0,0,0,1,1,0,1,0,0,0,medio_baixo
1,10000.0,0,0.0,34,2,1,0,0,0,0,1,0,0,0,0,0,medio_baixo
2,0.0,0,0.0,1,7,1,1,1,0,0,1,1,1,1,1,0,gratuito
2,35000.0,1760,0.8136363636363636,3,5,1,1,0,1,1,0,1,0,1,1,1,alto
8,35000.0,1,0.0,1,3,1,0,0,0,1,1,0,0,0,1,0,baixo
2,10000.0,103,0.9902912621359223,11,3,1,1,1,0,1,1,0,1,0,0,0,baixo
1,10000.0,26,1.0,2,1,1,0,0,0,0,1,0,0,0,0,0,alto
11,150000.0,3418,0.8695143358689292,12,4,1,1,1,3,1,1,1,0,1,0,0,baixo
2,10000.0,4,0.25,1,4,1,0,0,0,1,1,1,1,0,0,0,baixo
3,10000.0,37,0.8648648648648649,1,3,1,1,0,0,1,0,1,1,0,0,0,gratuito
2,10000.0,16,1.0,1,3,1,0,0,0,1,0,1,1,0,0,0,baixo
7,10000.0,25,0.36,15,1,1,1,0,0,0,0,0,1,0,0,0,gratuito
8,10000.0,31,0.7096774193548387,1,1,1,0,0,0,0,0,0,0,0,0,0,alto
4,10000.0,43,0.7674418604651163,14,2,1,0,0,0,1,0,1,0,0,0,0,medio_alto
2,150000.0,776,0.9677835051546392,10,3,1,1,1,3,1,0,1,1,0,0,0,alto
1,10000.0,0,0.0,30,4,1,0,0,0,1,0,0,1,0,0,1,baixo
7,10000.0,327,0.8960244648318043,8,4,1,1,0,0,1,1,1,0,1,0,0,baixo
1,10000.0,27,0.8888888888888888,1,3,1,0,0,0,1,0,0,0,0,1,1,alto
1,10000.0,4,1.0,1,1,1,0,0,0,0,1,0,0,0,0,0,medio_baixo
4,0.0,0,0.0,1,4,1,0,0,0,1,0,0,1,0,0,1,gratuito
1,0.0,0,0.0,0,0,1,0,0,0,0,0,0,0,0,0,0,gratuito
2,10000.0,77,0.7012987012987013,12,3,1,0,0,0,0,0,0,1,0,0,1,medio_alto
8,35000.0,6,0.6666666666666666,1,3,1,0,0,0,1,0,0,1,0,1,0,medio_baixo
4,350000.0,4703,0.7992770571975335,11,4,1,1,0,31,0,1,1,1,1,0,0,alto
8,35000.0,31,0.9032258064516129,1,2,1,1,0,0,1,1,0,0,0,0,0,baixo
1,0.0,0,0.0,0,0,1,0,0,0,0,0,0,0,0,0,0,gratuito
8,10000.0,140,0.9571428571428572,1,2,1,0,0,0,1,0,0,1,0,0,0,baixo
1,10000.0,27,0.9629629629629629,1,3,1,0,0,0,1,0,0,0,0,1,1,alto
11,75000.0,340,0.6705882352941176,7,3,1,0,0,1,1,1,1,0,0,0,0,baixo
9,10000.0,10,1.0,5,4,1,0,0,0,1,1,0,1,0,0,0,alto
10,10000.0,8,1.0,1,2,1,0,0,0,0,0,1,1,0,0,0,medio_alto
5,10000.0,11,0.9090909090909091,1,3,1,0,0,0,1,0,1,1,0,0,0,medio_alto
5,35000.0,76,0.881578947368421,1,1,1,1,0,0,0,1,0,0,0,0,0,gratuito
2,10000.0,5,1.0,1,3,1,0,0,0,1,1,0,0,1,0,0,medio_baixo
2,75000.0,409,0.8753056234718827,13,1,1,0,0,1,0,1,0,0,0,0,0,alto
1,10000.0,4,1.0,6,1,1,0,0,0,0,1,0,0,0,0,0,alto
5,10000.0,0,0.0,1,6,1,0,0,0,1,1,1,1,1,0,1,baixo
5,10000.0,23,0.9130434782608695,1,3,1,0,0,0,1,0,1,1,0,0,0,baixo
7,10000.0,7,1.0,2,4,1,0,0,0,1,0,0,0,0,1,1,alto
3,35000.0,4,1.0,1,4,1,0,1,0,1,0,1,1,0,1,0,baixo
4,350000.0,10784,0.8773182492581603,8,1,1,0,0,2,0,0,0,0,0,1,0,alto
5,10000.0,0,0.0,1,2,1,0,1,0,1,0,0,1,0,0,0,medio_alto
2,0.0,0,0.0,0,0,1,0,0,0,0,0,0,0,0,0,0,gratuito
2,0.0,0,0.0,2,4,1,0,0,0,1,0,1,1,0,0,0,gratuito
2,10000.0,0,0.0,1,7,1,0,0,0,1,1,1,0,1,0,1,alto
9,10000.0,10,0.7,2,2,1,0,0,0,1,0,1,0,0,0,0,medio_baixo
8,10000.0,16,0.9375,1,3,1,0,0,0,1,1,0,1,0,0,0,gratuito
2,10000.0,37,0.8378378378378378,5,4,1,0,0,0,1,1,1,0,0,0,0,medio_alto
1,10000.0,0,0.0,12,4,1,0,0,0,1,0,1,1,0,0,1,medio_alto
7,10000.0,24,0.8333333333333334,29,3,1,1,0,0,1,0,0,1,0,1,0,baixo
14,750000.0,6401,0.9365724105608498,1,3,1,1,1,0,1,0,1,0,1,0,0,medio_baixo
4,10000.0,42,0.8095238095238095,6,2,1,0,0,0,1,0,1,0,0,0,0,alto
1,10000.0,22,1.0,1,3,1,0,0,0,1,1,0,1,0,0,0,baixo
2,10000.0,2,1.0,2,2,1,0,0,0,1,0,0,1,0,0,0,medio_baixo
4,35000.0,4,0.75,1,3,1,0,0,0,1,1,0,1,0,0,0,medio_alto
1,10000.0,0,0.0,3,2,1,1,0,0,0,0,1,1,0,0,0,medio_alto
5,10000.0,7,0.42857142857142855,1,4,1,1,0,0,1,0,1,0,1,1,0,gratuito
5,10000.0,12,0.3333333333333333,1,2,1,0,0,0,1,0,0,1,0,0,0,baixo
6,10000.0,0,0.0,2,3,1,0,0,0,1,0,1,1,0,0,0,medio_alto
8,10000.0,6,0.6666666666666666,6,3,1,0,0,0,1,1,0,0,0,0,0,gratuito
2,35000.0,1,1.0,1,4,1,0,0,0,1,1,1,0,0,0,0,alto
4,10000.0,20,0.35,12,2,1,0,0,0,0,1,1,0,0,0,0,baixo
1,0.0,0,0.0,1,3,1,0,0,0,0,0,0,0,1,0,0,gratuito
1,10000.0,0,0.0,2,2,1,0,0,0,0,0,1,0,1,0,0,medio_alto
4,10000.0,19,0.631578947368421,103,6,1,1,1,0,1,1,1,1,0,1,1,alto
1,10000.0,0,0.0,2,3,1,0,0,0,0,1,0,0,0,1,0,alto
1,0.0,0,0.0,1,4,1,0,0,0,1,1,0,1,0,0,0,gratuito
6,10000.0,2,1.0,1,2,1,0,0,0,1,0,0,0,1,0,0,medio_baixo
1,10000.0,0,0.0,9,3,1,0,0,0,1,0,1,0,0,0,1,baixo
3,10000.0,4,1.0,1,2,1,0,0,0,0,1,1,0,0,0,0,medio_alto
1,10000.0,0,0.0,15,2,1,0,0,0,1,0,1,0,0,0,0,alto
6,10000.0,4,0.5,103,4,1,0,0,0,1,1,1,1,0,0,0,baixo
10,10000.0,97,0.5567010309278351,2,4,1,0,0,0,1,0,0,1,1,1,0,medio_alto
10,35000.0,122,0.639344262295082,7,4,1,0,0,0,1,1,0,0,0,1,0,medio_alto
4,10000.0,1,1.0,103,1,1,0,0,0,0,1,0,0,0,0,0,baixo
1,10000.0,0,0.0,1,3,1,1,1,0,0,0,1,1,0,0,1,medio_alto
14,35000.0,94,0.7659574468085106,1,2,1,1,0,0,1,1,0,0,0,0,0,medio_baixo
2,0.0,0,0.0,0,0,1,0,0,0,0,0,0,0,0,0,0,gratuito
5,35000.0,1123,0.9341050756901158,12,3,1,0,0,17,0,0,0,0,1,1,1,alto
10,150000.0,3206,0.9404242046163444,6,3,1,0,0,0,1,1,1,0,0,0,0,medio_baixo
5,10000.0,7,0.42857142857142855,1,3,1,0,0,0,1,0,0,1,0,0,0,alto
1,10000.0,0,0.0,1,3,1,0,0,0,0,0,1,0,1,0,1,alto
6,10000.0,17,1.0,1,4,1,0,0,0,1,1,1,1,0,0,0,baixo
3,10000.0,8,0.75,1,1,1,0,0,0,0,0,0,0,0,1,0,medio_baixo
5,35000.0,6,1.0,1,1,1,0,0,0,0,0,0,0,0,1,0,medio_baixo
1,10000.0,0,0.0,1,3,1,0,0,0,0,0,1,0,0,1,1,alto
2,0.0,0,0.0,4,4,1,0,0,0,0,0,0,0,0,0,1,gratuito
5,10000.0,31,0.5483870967741935,13,3,1,0,0,0,0,0,0,0,0,1,1,medio_alto
1,0.0,0,0.0,1,2,1,0,0,0,1,1,0,0,0,0,0,medio_alto
3,10000.0,0,0.0,1,4,1,0,0,0,1,1,0,0,0,1,0,gratuito
1,10000.0,0,0.0,1,5,1,0,0,1,0,1,1,1,1,0,1,alto
8,10000.0,17230,0.7299477655252467,12,2,1,1,1,0,0,1,1,0,0,0,0,medio_alto
1,10000.0,12,1.0,1,1,1,0,0,0,0,1,0,0,0,0,0,medio_baixo
10,75000.0,328,0.850609756097561,3,4,1,1,0,2,1,1,1,0,1,0,0,alto
5,10000.0,172,0.7674418604651163,1,3,1,0,0,0,1,1,1,0,0,0,0,baixo
3,10000.0,8,0.875,1,2,1,0,0,0,1,0,0,1,0,0,0,medio_baixo
1,10000.0,0,0.0,9,6,1,0,0,0,1,1,1,0,1,0,0,alto
1,0.0,0,0.0,1,1,1,0,0,0,0,0,0,1,0,0,0,medio_alto
1,10000.0,0,0.0,2,4,1,0,0,0,0,0,0,1,1,0,1,baixo
3,10000.0,1,0.0,1,2,1,0,0,0,1,0,0,1,0,0,0,baixo
4,10000.0,9,0.6666666666666666,4,1,1,0,0,0,0,0,0,1,0,0,0,medio_alto
3,75000.0,401,0.7356608478802993,31,4,1,0,0,0,0,0,0,0,1,1,1,alto
1,10000.0,5,0.8,1,3,1,0,0,0,1,1,0,0,0,0,0,medio_alto
3,10000.0,51,0.9607843137254902,11,4,1,0,0,0,1,0,1,1,0,1,0,medio_alto
4,75000.0,1063,0.8720602069614299,9,3,1,0,0,0,0,0,0,1,0,1,1,alto
7,35000.0,623,0.8812199036918138,2,2,1,0,0,0,1,0,0,0,1,0,0,alto
4,10000.0,133,0.9473684210526315,1,3,1,1,0,0,1,0,0,0,0,1,1,medio_baixo
7,75000.0,1152,0.8871527777777778,1,5,1,0,0,0,1,1,1,1,0,0,0,baixo
1,0.0,0,0.0,3,4,1,0,0,0,1,1,0,1,0,1,0,baixo
8,35000.0,239,0.5857740585774058,1,2,1,0,0,0,0,1,1,0,0,0,0,baixo
1,0.0,0,0.0,103,2,1,0,0,0,1,0,0,1,0,0,0,medio_baixo
6,75000.0,77,0.7792207792207793,1,1,1,0,0,0,0,1,0,0,0,0,0,gratuito
4,35000.0,4,0.25,1,6,1,0,0,2,1,1,1,1,1,0,1,medio_alto
11,3500000.0,12242,0.9318738768175134,12,3,1,0,0,0,1,0,1,1,0,0,0,baixo
6,10000.0,11,0.7272727272727273,1,3,1,0,0,0,1,1,1,0,0,0,0,medio_baixo
3,35000.0,7,1.0,20,4,1,0,0,0,1,0,1,1,0,1,0,baixo
2,10000.0,131,0.732824427480916,3,3,1,0,0,0,1,0,0,0,1,1,0,medio_baixo
1,0.0,0,0.0,103,3,1,0,0,0,1,0,0,1,0,0,0,gratuito
3,0.0,0,0.0,0,0,1,0,0,0,0,0,0,0,0,0,0,gratuito
11,350000.0,1438,0.786509040333797,1,5,1,1,1,1,1,1,1,0,1,1,0,medio_alto
1,0.0,0,0.0,0,0,1,0,0,0,0,0,0,0,0,0,0,gratuito
1,0.0,0,0.0,21,9,1,0,0,0,1,1,0,1,0,0,1,gratuito
8,10000.0,180,0.5611111111111111,10,2,1,1,0,1,0,1,0,0,1,0,0,alto
4,10000.0,31,0.7096774193548387,1,2,1,0,0,0,1,0,0,0,0,1,0,alto
5,0.0,0,0.0,0,0,1,0,0,0,0,0,0,0,0,0,0,gratuito
5,10000.0,37,0.7567567567567568,1,1,1,0,0,0,0,1,0,0,0,0,0,gratuito
3,0.0,0,0.0,0,0,1,0,0,0,0,0,0,0,0,0,0,gratuito
2,10000.0,7,1.0,3,3,1,0,0,0,1,0,1,0,1,0,0,medio_baixo
5,35000.0,8,0.375,1,1,1,0,0,0,0,0,0,1,0,0,0,baixo
9,10000.0,68,0.7058823529411765,1,1,1,0,0,4,0,0,0,0,0,1,0,medio_alto
11,10000.0,18,0.3888888888888889,10,2,1,1,1,0,0,0,1,1,0,0,0,medio_alto
9,10000.0,47,0.6595744680851063,1,3,1,0,0,0,1,0,0,1,0,0,0,gratuito
5,35000.0,341,0.9794721407624634,15,4,1,1,0,0,1,1,1,1,0,0,0,medio_alto
1,0.0,0,0.0,0,0,1,0,0,0,0,0,0,0,0,0,0,gratuito
8,10000.0,43,0.9302325581395349,2,3,1,0,0,0,1,1,1,0,0,0,0,medio_baixo
4,10000.0,39,0.8717948717948718,13,5,1,0,1,0,1,1,1,1,0,0,0,alto
1,10000.0,48,0.9583333333333334,10,3,1,0,0,0,1,0,0,1,0,1,0,baixo
3,10000.0,1,0.0,2,1,1,0,0,0,0,0,0,1,0,0,0,medio_alto
2,10000.0,131,0.9618320610687023,8,2,1,1,1,0,0,0,0,1,0,1,0,medio_baixo
16,35000.0,80,0.8375,4,1,1,0,0,0,1,0,0,0,0,0,0,alto
6,10000.0,14,0.5714285714285714,1,6,1,0,0,7,1,0,0,1,1,1,1,gratuito
1,0.0,0,0.0,1,1,1,0,0,0,0,0,0,1,0,0,0,medio_baixo
10,10000.0,1,1.0,1,1,1,0,0,0,0,0,0,1,0,0,0,medio_baixo
3,0.0,0,0.0,0,0,1,0,0,0,0,0,0,0,0,0,0,gratuito
8,10000.0,3,1.0,1,3,1,0,0,0,1,1,1,0,0,0,0,medio_baixo
8,10000.0,1,1.0,2,2,1,0,0,0,1,0,1,0,0,0,0,baixo
4,35000.0,294,0.7040816326530612,9,2,1,0,0,0,0,1,1,0,0,0,0,alto
3,0.0,0,0.0,2,1,1,0,0,0,1,0,0,0,0,0,0,gratuito
3,10000.0,330,0.9727272727272728,13,4,1,0,0,0,1,0,0,1,0,1,1,medio_alto
1,0.0,0,0.0,1,4,1,0,0,0,1,0,0,1,0,1,0,gratuito
3,10000.0,3,1.0,1,2,1,0,0,0,0,1,1,0,0,0,0,medio_baixo
18,750000.0,2341,0.9290901324220419,5,1,1,0,0,0,0,0,0,0,1,0,0,medio_alto
6,10000.0,0,0.0,2,3,1,0,0,0,1,1,0,0,0,1,0,medio_alto
9,10000.0,132,0.9393939393939394,1,3,1,1,1,0,0,1,1,0,1,0,0,alto
1,10000.0,23,0.9565217391304348,7,4,1,0,0,0,1,0,0,1,0,1,1,alto
7,10000.0,69,0.855072463768116,1,1,1,0,0,0,1,0,0,0,0,0,0,baixo
7,10000.0,3,0.6666666666666666,1,2,1,1,0,0,1,1,0,0,0,0,0,medio_alto
4,10000.0,21,0.7619047619047619,1,2,1,0,0,0,1,0,0,1,0,0,0,medio_baixo
8,10000.0,21,0.9523809523809523,2,4,1,0,0,0,1,0,1,1,0,0,0,medio_alto
1,10000.0,1,1.0,6,4,1,0,0,0,0,1,1,1,0,0,0,medio_alto
9,10000.0,14,0.5,1,4,1,0,0,1,1,1,0,1,0,0,0,medio_baixo
2,10000.0,31,0.6451612903225806,1,1,1,0,0,0,0,0,1,0,0,0,0,baixo
1,0.0,0,0.0,2,4,1,0,0,0,1,1,1,0,1,0,0,medio_alto
1,0.0,0,0.0,0,0,1,0,0,0,0,0,0,0,0,0,0,gratuito
6,10000.0,1,1.0,4,1,1,0,0,0,0,0,0,0,0,0,0,alto
7,10000.0,5,1.0,1,2,1,0,0,0,1,1,0,0,0,0,0,baixo
7,10000.0,3,0.6666666666666666,1,5,1,0,0,0,1,1,1,1,0,1,0,baixo
3,10000.0,2,0.5,1,4,1,0,0,0,0,1,1,1,0,0,0,alto
9,35000.0,96,0.7395833333333334,1,3,1,0,0,2,1,0,0,1,0,0,1,baixo
1,10000.0,3,1.0,1,1,1,0,0,3,0,0,0,0,0,0,1,medio_alto
3,10000.0,5,1.0,3,4,1,0,0,0,1,0,0,1,0,1,0,baixo
3,35000.0,52,0.5961538461538461,6,3,1,0,0,0,1,1,0,0,0,0,1,medio_baixo
8,10000.0,83,0.8433734939759037,1,3,1,0,0,2,1,0,1,0,1,0,0,alto
1,10000.0,0,0.0,1,2,1,0,0,0,0,0,0,0,0,1,0,alto
2,10000.0,2,1.0,2,4,1,0,0,0,1,1,0,1,1,0,0,medio_baixo
3,10000.0,0,0.0,1,1,1,0,0,0,0,0,1,0,0,0,0,medio_alto
10,75000.0,204,0.8284313725490197,1,2,1,0,0,1,1,1,0,0,0,0,0,medio_alto
5,0.0,0,0.0,1,5,1,1,0,0,1,0,0,0,0,1,1,gratuito
7,35000.0,390,0.6230769230769231,11,4,1,1,0,0,1,0,0,1,0,1,0,alto
1,10000.0,0,0.0,2,10,1,0,0,0,1,1,1,1,1,1,1,baixo
7,10000.0,6,0.6666666666666666,2,1,1,0,0,0,0,1,0,0,0,0,0,medio_baixo
16,150000.0,629,0.7106518282988871,5,1,1,0,0,0,0,1,0,0,0,0,0,baixo
6,10000.0,227,0.6784140969162996,4,2,1,1,1,0,1,0,1,0,0,0,0,baixo
10,350000.0,131,0.8320610687022901,2,3,1,0,0,0,1,0,0,1,0,0,1,medio_baixo
5,10000.0,33,0.8787878787878788,29,2,1,0,0,0,0,1,1,0,0,0,0,baixo
9,10000.0,118,0.5508474576271186,1,1,1,0,0,0,0,1,0,0,0,0,0,baixo
1,10000.0,0,0.0,1,3,1,1,0,0,1,1,0,1,0,0,0,baixo
13,75000.0,1384,0.39739884393063585,5,2,1,0,0,0,0,1,1,0,0,0,0,medio_baixo
9,150000.0,471,0.7940552016985138,3,1,1,0,0,1,0,0,0,0,1,0,0,alto
2,35000.0,438,0.8584474885844748,3,1,1,0,0,0,0,0,1,0,0,0,0,alto
2,0.0,0,0.0,1,2,1,0,0,0,0,1,1,0,0,0,0,gratuito
2,10000.0,5,0.6,1,4,1,1,0,0,1,1,1,0,1,0,0,alto
1,10000.0,0,0.0,103,10,1,1,1,0,1,1,1,1,0,1,1,gratuito
2,10000.0,4,1.0,4,1,1,0,0,0,1,0,0,0,0,0,0,baixo
3,0.0,0,0.0,1,1,1,0,0,0,0,1,0,0,0,0,0,gratuito
8,75000.0,746,0.8498659517426274,1,2,1,1,1,1,1,0,0,0,1,0,0,alto
1,10000.0,17,1.0,6,3,1,0,0,1,1,0,1,1,0,0,0,medio_baixo
1,10000.0,12,0.75,1,2,1,0,0,0,0,1,1,0,0,0,0,medio_alto
3,10000.0,13,1.0,2,4,1,0,0,0,1,1,1,0,0,0,0,medio_alto
3,10000.0,0,0.0,1,1,1,0,0,1,0,0,1,0,0,0,0,alto
2,10000.0,60,0.9833333333333333,1,3,1,0,1,0,1,1,0,0,0,0,0,medio_alto
10,10000.0,39,0.9230769230769231,5,2,1,0,0,0,1,1,0,0,0,0,0,baixo
10,10000.0,290,0.7379310344827587,9,6,1,1,0,0,1,1,1,1,0,1,1,baixo
5,0.0,0,0.0,1,4,1,1,1,0,1,0,1,0,0,0,1,gratuito
2,10000.0,28,1.0,1,5,1,1,1,0,1,0,1,1,0,0,1,alto
4,10000.0,2,0.5,1,4,1,0,0,0,1,1,1,1,0,0,0,baixo
2,10000.0,0,0.0,1,2,1,0,0,0,0,0,1,0,0,0,1,alto
10,10000.0,18,0.7777777777777778,1,3,1,0,1,1,1,1,1,0,0,0,0,baixo
5,35000.0,16,0.6875,3,4,1,0,0,0,1,0,0,1,0,1,1,baixo
6,35000.0,30,0.8333333333333334,103,4,1,0,0,0,1,1,1,1,0,0,0,baixo
5,10000.0,6,0.8333333333333334,3,2,1,0,1,0,1,0,0,1,0,0,0,medio_baixo
3,75000.0,18,0.6666666666666666,1,4,1,0,0,0,1,1,0,0,0,0,1,alto
3,150000.0,3706,0.7495952509444145,11,3,1,0,0,0,0,1,1,0,1,0,0,alto
1,10000.0,0,0.0,2,4,1,0,0,0,1,0,1,1,0,0,1,medio_alto
2,10000.0,19,1.0,1,2,1,0,0,0,1,1,0,0,0,0,0,medio_baixo
4,10000.0,30,0.7333333333333333,1,2,1,0,0,0,0,1,0,0,0,0,0,gratuito
10,10000.0,24,0.7916666666666666,1,3,1,0,0,0,1,1,1,0,0,0,0,alto
7,10000.0,1,1.0,1,2,1,0,0,0,1,0,0,1,0,0,0,medio_baixo
2,10000.0,0,0.0,1,3,1,0,0,0,1,0,0,0,1,0,0,gratuito
3,10000.0,1,1.0,2,3,1,0,0,0,1,1,1,0,0,0,0,medio_alto
1,0.0,0,0.0,0,0,1,0,0,0,0,0,0,0,0,0,0,gratuito
2,10000.0,34,0.8235294117647058,2,2,1,0,0,0,1,0,1,0,0,0,0,alto
1,1500000.0,17071,0.9365590767969071,22,4,1,1,1,2,1,1,1,0,1,0,0,alto
1,10000.0,0,0.0,1,3,1,0,0,0,1,0,0,1,0,1,0,medio_baixo
2,10000.0,11,0.36363636363636365,5,5,1,0,0,0,1,0,1,1,1,0,1,medio_baixo
10,10000.0,48,0.6458333333333334,1,1,1,1,1,0,0,0,1,0,0,0,0,alto
5,10000.0,168,0.5595238095238095,8,2,1,0,0,0,1,0,1,0,0,0,0,medio_baixo
10,75000.0,267,0.5880149812734082,2,3,1,0,0,0,0,0,1,1,0,0,1,baixo
5,10000.0,0,0.0,1,4,1,0,0,0,0,0,0,0,0,0,1,alto
2,10000.0,20,0.85,2,4,1,0,1,0,1,1,1,1,0,0,0,baixo
2,0.0,0,0.0,1,1,1,0,0,0,0,0,0,0,0,0,0,gratuito
1,10000.0,0,0.0,3,3,1,0,0,0,1,0,0,1,0,0,1,medio_baixo
17,350000.0,979,0.6639427987742594,4,1,1,0,0,0,0,1,0,0,0,0,0,medio_baixo
7,35000.0,440,0.6681818181818182,6,3,1,0,0,1,1,0,0,0,0,1,1,medio_alto
5,35000.0,7,0.42857142857142855,1,2,1,0,0,0,0,0,1,0,0,1,0,baixo
3,10000.0,2,0.0,1,1,1,0,0,0,1,0,0,0,0,0,0,alto
4,75000.0,1012,0.8507905138339921,6,2,1,0,0,3,0,1,1,0,0,0,0,alto
5,10000.0,0,0.0,1,1,1,0,0,0,0,0,0,1,0,0,0,medio_baixo
3,10000.0,107,0.7383177570093458,1,4,1,0,0,0,1,0,0,0,0,1,1,medio_alto
1,10000.0,0,0.0,1,2,1,0,0,3,1,0,1,0,0,0,0,baixo
2,150000.0,1143,0.6964129483814523,10,3,1,0,0,2,1,0,0,0,0,1,1,medio_alto
4,10000.0,45,0.9111111111111111,1,2,1,0,0,0,1,0,0,1,0,0,0,baixo
5,0.0,0,0.0,1,3,1,0,0,0,1,1,1,0,0,0,0,gratuito
2,10000.0,30,1.0,1,3,1,0,0,0,1,0,1,0,0,0,0,baixo
2,0.0,0,0.0,0,0,1,0,0,0,0,0,0,0,0,0,0,gratuito
1,0.0,0,0.0,2,5,1,0,0,0,0,1,0,0,1,0,1,gratuito
3,75000.0,4,1.0,1,2,1,0,0,0,1,1,0,0,0,0,0,baixo
3,0.0,0,0.0,0,0,1,0,0,0,0,0,0,0,0,0,0,gratuito
4,35000.0,24,0.75,1,2,1,0,0,0,1,0,0,1,0,0,0,medio_baixo
7,150000.0,952,0.7352941176470589,10,2,1,0,0,1,1,1,0,0,0,0,0,medio_baixo
1,0.0,0,0.0,1,5,1,0,0,0,1,1,1,0,1,0,0,alto
9,10000.0,4,0.25,1,3,1,0,0,1,1,1,0,0,0,0,1,medio_baixo
4,10000.0,11,0.7272727272727273,1,2,1,0,0,0,1,0,0,0,0,0,0,alto
7,10000.0,11,0.6363636363636364,1,3,1,1,0,0,1,0,1,1,0,0,0,alto
4,10000.0,8,0.875,2,6,1,0,0,1,1,1,1,0,1,1,0,medio_baixo
1,0.0,0,0.0,0,0,1,0,0,0,0,0,0,0,0,0,0,gratuito
1,10000.0,85,0.9882352941176471,1,5,1,0,0,0,1,0,0,1,1,1,0,alto
2,10000.0,0,0.0,1,2,1,0,0,0,1,1,0,0,0,0,0,medio_alto
4,0.0,0,0.0,0,0,1,0,0,0,0,0,0,0,0,0,0,gratuito
2,10000.0,0,0.0,29,2,1,0,0,0,1,0,0,1,0,0,0,baixo
3,0.0,0,0.0,0,0,1,0,0,0,0,0,0,0,0,0,0,gratuito
1,10000.0,1,1.0,1,3,1,0,0,0,0,0,1,1,0,0,1,alto
1,10000.0,0,0.0,31,2,1,0,0,0,1,0,0,1,0,0,0,baixo
3,10000.0,4,0.5,2,3,1,0,0,1,1,1,0,1,0,0,0,medio_alto
4,10000.0,50,0.94,6,4,1,0,0,0,1,1,0,1,0,0,0,alto
7,10000.0,14,0.5,1,3,1,0,0,0,1,0,0,1,0,0,1,medio_alto
1,10000.0,0,0.0,1,2,1,0,0,0,1,1,0,0,0,0,0,medio_baixo
7,35000.0,19,0.8421052631578947,1,1,1,0,0,0,0,0,0,0,0,1,0,alto
1,10000.0,5,1.0,1,2,1,0,0,0,0,0,0,1,0,0,1,medio_baixo
1,0.0,0,0.0,0,0,1,0,0,0,0,0,0,0,0,0,0,gratuito
1,0.0,0,0.0,0,0,1,0,0,0,0,0,0,0,0,0,0,gratuito
1,10000.0,65,0.7692307692307693,4,3,1,0,0,0,1,1,1,0,0,0,0,medio_alto
2,0.0,0,0.0,1,5,1,0,0,0,1,0,1,1,0,0,1,gratuito
1,35000.0,107,0.9439252336448598,12,1,1,1,0,0,1,0,0,0,0,0,0,medio_baixo
7,10000.0,7,0.8571428571428571,2,3,1,0,0,0,1,0,0,1,0,1,0,medio_baixo
7,10000.0,30,0.5333333333333333,1,3,1,0,0,0,1,0,1,1,0,0,0,medio_alto
5,0.0,0,0.0,0,0,1,0,0,0,0,0,0,0,0,0,0,gratuito
10,10000.0,43,0.813953488372093,1,1,1,0,0,0,0,0,1,0,0,0,0,baixo
4,10000.0,183,0.7704918032786885,1,3,1,0,0,0,0,0,1,0,1,1,0,alto
5,150000.0,25,0.96,6,3,1,0,0,0,1,1,1,0,0,0,0,medio_baixo
3,0.0,0,0.0,0,0,1,0,0,0,0,0,0,0,0,0,0,gratuito
4,0.0,0,0.0,0,0,1,0,0,0,0,0,0,0,0,0,0,gratuito
6,10000.0,0,0.0,1,1,1,0,0,1,0,0,0,1,0,0,0,baixo
9,10000.0,24,0.75,1,3,1,0,0,1,1,0,0,1,0,1,0,gratuito
2,10000.0,0,0.0,2,4,1,0,0,0,1,0,0,1,0,0,1,alto
5,10000.0,15,0.8666666666666667,1,3,1,0,0,1,1,1,1,0,0,0,0,gratuito
3,10000.0,12,0.8333333333333334,2,1,1,0,0,1,0,0,0,0,0,0,0,baixo
10,35000.0,162,0.22839506172839505,1,2,1,1,1,0,1,1,0,0,0,0,0,medio_baixo
2,10000.0,13,0.8461538461538461,7,4,1,0,0,0,1,0,0,1,0,0,1,medio_alto
3,10000.0,8,0.625,2,3,1,0,0,0,1,0,0,1,0,0,1,medio_baixo
5,10000.0,14,0.2857142857142857,1,4,1,0,0,0,1,0,1,0,1,1,0,medio_alto
1,10000.0,32,0.75,2,3,1,0,0,0,1,1,1,0,0,0,0,medio_alto
1,0.0,0,0.0,0,0,1,0,0,0,0,0,0,0,0,0,0,gratuito
11,35000.0,102,0.7941176470588235,1,3,1,0,0,0,1,0,1,0,1,0,0,baixo
3,10000.0,8,0.875,1,1,1,1,0,0,1,0,0,0,0,0,0,gratuito
3,10000.0,6,1.0,1,1,1,0,0,0,0,0,0,1,0,0,0,medio_alto
1,10000.0,0,0.0,2,3,1,1,0,0,1,0,0,1,0,0,1,medio_baixo
1,10000.0,0,0.0,10,3,1,0,0,0,1,1,0,1,0,0,0,medio_baixo
1,0.0,0,0.0,1,4,1,0,0,0,1,1,0,1,1,0,0,alto
6,10000.0,50,0.62,10,4,1,1,0,0,1,1,1,1,0,0,0,medio_baixo
2,75000.0,3,0.3333333333333333,1,4,1,0,0,0,1,1,1,0,0,0,0,baixo
6,10000.0,1,0.0,1,4,1,0,0,0,1,1,0,1,0,1,0,alto
6,10000.0,409,0.8288508557457213,14,2,1,0,0,1,1,0,1,0,0,0,0,medio_alto
3,10000.0,0,0.0,1,3,1,1,1,0,1,0,0,1,0,0,1,baixo
8,10000.0,1,1.0,1,2,1,0,0,0,1,0,0,1,0,0,0,medio_baixo
1,10000.0,2,1.0,1,2,1,0,0,0,0,0,1,1,0,0,0,medio_alto
3,350000.0,14627,0.822383263827169,11,2,1,0,0,0,0,1,0,0,0,0,0,alto
5,150000.0,1011,0.7368941641938674,8,2,1,0,0,0,0,0,0,0,0,1,1,alto
2,0.0,0,0.0,1,4,1,0,0,0,1,0,0,1,0,0,1,gratuito
6,10000.0,2,0.0,1,2,1,0,0,0,1,0,0,0,0,0,1,medio_baixo
1,10000.0,372,0.956989247311828,6,2,1,1,0,0,1,0,1,0,0,0,0,alto
2,10000.0,0,0.0,1,3,1,0,0,1,1,1,1,0,0,0,0,alto
1,10000.0,0,0.0,1,3,1,0,1,0,1,1,1,0,0,0,0,medio_alto
9,35000.0,222,0.8378378378378378,9,2,1,1,1,0,0,0,1,1,0,0,0,medio_alto
7,10000.0,6,0.8333333333333334,1,3,1,0,0,0,1,1,0,1,0,0,0,baixo
4,10000.0,173,0.6589595375722543,1,2,1,1,0,0,0,0,1,1,0,0,0,alto
13,75000.0,312,0.5705128205128205,1,2,1,1,0,0,0,0,0,0,0,0,0,gratuito
22,15000000.0,245627,0.9759554120678916,27,1,1,0,1,1,0,1,0,0,0,0,0,medio_baixo
6,10000.0,1,1.0,2,2,1,0,0,0,1,0,1,0,0,0,0,medio_alto
2,10000.0,1,1.0,1,5,1,0,0,0,1,1,1,0,1,1,0,alto
3,0.0,0,0.0,7,3,1,0,0,0,1,1,0,0,0,1,0,gratuito
2,75000.0,19,0.8947368421052632,3,3,1,0,0,0,0,0,1,0,1,1,0,alto
6,10000.0,30,0.9666666666666667,1,3,1,0,1,1,1,1,0,0,0,0,0,baixo
12,150000.0,817,0.7882496940024479,1,5,1,1,1,0,1,0,1,0,1,1,1,baixo
2,10000.0,14,1.0,28,4,1,0,0,0,1,1,0,1,0,0,0,medio_baixo
2,35000.0,3,0.3333333333333333,1,3,1,1,1,0,1,1,1,0,0,0,0,alto
5,10000.0,3,1.0,1,2,1,0,1,0,1,1,0,0,0,0,0,medio_alto
9,10000.0,44,0.8409090909090909,1,3,1,0,0,0,1,1,0,0,0,0,0,gratuito
5,10000.0,53,0.6792452830188679,1,4,1,0,0,0,0,1,0,0,0,0,1,alto
3,10000.0,0,0.0,1,2,1,0,0,0,0,0,0,1,0,1,0,medio_alto
5,10000.0,0,0.0,1,1,1,0,0,0,1,0,0,0,0,0,0,baixo
1,10000.0,69,0.7101449275362319,5,6,1,0,0,0,1,0,1,1,1,1,1,alto
4,75000.0,22,0.6363636363636364,2,3,1,0,0,0,1,0,1,0,1,0,0,baixo
8,10000.0,1,0.0,1,3,1,0,0,0,1,1,1,0,0,0,0,gratuito
9,35000.0,178,0.8764044943820225,2,3,1,0,1,1,1,0,0,1,0,0,0,gratuito
9,10000.0,27,0.4074074074074074,1,5,1,0,0,0,1,1,0,0,0,0,1,alto
7,10000.0,23,0.6521739130434783,1,3,1,0,0,0,0,1,0,0,0,0,1,medio_alto
1,0.0,0,0.0,5,6,1,0,0,0,0,1,1,1,1,0,1,gratuito
5,10000.0,4,0.5,1,9,1,0,0,0,0,0,0,0,0,0,0,alto
2,10000.0,14,1.0,1,2,1,0,0,0,1,0,1,0,0,0,0,alto
7,75000.0,215,0.5069767441860465,22,2,1,0,0,1,1,0,1,0,0,0,0,baixo
1,10000.0,0,0.0,4,3,1,1,0,1,1,0,0,1,0,0,1,alto
3,10000.0,12,0.9166666666666666,2,3,1,0,0,0,1,1,1,0,0,0,0,medio_baixo
2,10000.0,51,0.47058823529411764,2,4,1,0,0,0,1,0,1,0,0,0,1,medio_baixo
1,0.0,0,0.0,1,3,1,0,0,0,1,0,1,0,0,0,0,gratuito
4,10000.0,33,0.8484848484848485,6,5,1,0,0,0,1,0,0,1,1,1,1,medio_alto
2,10000.0,35,0.9428571428571428,5,2,1,0,0,0,1,0,0,0,0,0,1,medio_baixo
3,10000.0,96,0.8645833333333334,4,6,1,0,0,0,1,0,1,1,1,1,1,medio_baixo
12,150000.0,2761,0.8004346251358203,6,2,1,0,0,0,0,0,0,0,0,1,1,medio_baixo
6,10000.0,125,0.912,1,3,1,1,1,0,1,0,0,1,0,1,0,baixo
6,10000.0,13,0.46153846153846156,3,2,1,0,0,0,0,0,0,0,0,1,1,medio_alto
1,10000.0,0,0.0,1,2,1,0,0,0,1,0,0,0,0,1,0,medio_alto
1,10000.0,1,1.0,1,2,1,0,0,0,1,0,0,1,0,0,0,medio_baixo
1,0.0,0,0.0,1,1,1,0,0,0,0,0,0,0,1,0,0,gratuito
1,0.0,0,0.0,1,4,1,0,0,0,1,0,0,1,0,1,1,medio_alto
16,350000.0,2638,0.8760424564063685,5,1,1,0,0,0,0,1,0,0,0,0,0,baixo
4,10000.0,18,0.7222222222222222,2,3,1,0,0,0,1,0,0,0,0,0,1,alto
1,10000.0,0,0.0,1,2,1,0,0,0,1,1,0,0,0,0,0,medio_alto
1,0.0,0,0.0,0,0,1,0,0,0,0,0,0,0,0,0,0,gratuito
1,10000.0,0,0.0,2,3,1,0,0,0,1,1,1,0,0,0,0,alto
5,10000.0,0,0.0,1,2,1,1,1,0,0,1,1,0,0,0,0,alto
1,0.0,0,0.0,6,3,1,1,0,1,1,1,0,0,0,0,0,gratuito
1,0.0,0,0.0,1,2,1,0,0,0,1,0,0,1,0,0,0,medio_baixo
2,35000.0,39,0.7435897435897436,1,2,1,1,1,0,0,0,1,0,1,0,0,medio_alto
10,150000.0,434,0.6082949308755761,1,3,1,1,1,0,1,1,0,0,0,0,1,baixo
1,10000.0,0,0.0,8,3,1,0,0,0,0,1,1,1,0,0,0,medio_alto
3,10000.0,3,0.3333333333333333,11,2,1,1,1,0,1,0,0,1,0,0,0,medio_alto
3,75000.0,592,0.7837837837837838,3,2,1,0,0,0,1,0,1,0,0,0,0,alto
4,0.0,0,0.0,42,2,1,1,0,0,0,0,0,0,0,0,0,gratuito
2,10000.0,0,0.0,5,3,1,1,1,0,1,0,1,1,0,0,0,medio_alto
11,350000.0,1371,0.8789204959883297,1,3,1,0,0,1,1,1,1,0,0,0,0,medio_alto
5,10000.0,39,0.7435897435897436,2,3,1,0,0,0,1,0,0,0,0,0,1,alto
3,35000.0,18,0.7222222222222222,1,3,1,0,1,0,1,1,1,0,0,0,0,alto
1,35000.0,6,0.8333333333333334,1,3,1,0,0,1,1,0,1,0,1,0,0,alto
1,10000.0,2,1.0,8,1,1,1,0,0,0,0,0,1,0,0,0,medio_alto
6,10000.0,17,0.7647058823529411,1,4,1,0,0,0,1,0,1,1,0,1,0,medio_baixo
1,35000.0,1565,0.6338658146964856,17,2,1,0,0,0,0,0,0,1,0,0,1,alto
4,35000.0,14,0.9285714285714286,2,5,1,0,0,0,1,1,1,1,1,0,0,alto
1,10000.0,0,0.0,9,2,1,0,0,1,1,0,1,0,0,0,0,alto
1,10000.0,8,0.75,1,6,1,0,0,5,1,1,1,1,0,1,0,gratuito
8,75000.0,329,0.7264437689969605,2,3,1,0,0,0,1,0,0,1,0,0,1,medio_baixo
3,0.0,0,0.0,0,0,1,0,0,0,0,0,0,0,0,0,0,gratuito
1,0.0,0,0.0,12,1,1,1,0,0,0,0,0,1,0,0,0,alto
3,10000.0,2,1.0,1,4,1,0,0,0,1,1,0,1,0,1,0,baixo
1,0.0,0,0.0,0,0,1,0,0,0,0,0,0,0,0,0,0,gratuito
1,10000.0,0,0.0,1,2,1,0,0,4,1,0,0,0,0,0,0,medio_alto
3,10000.0,24,0.9166666666666666,2,2,1,0,0,0,0,1,0,0,1,0,0,baixo
4,10000.0,13,0.6153846153846154,10,4,1,0,0,0,1,0,1,0,0,1,1,medio_alto
9,10000.0,40,0.525,1,6,1,1,0,0,1,1,0,0,0,1,0,gratuito
7,10000.0,74,0.6216216216216216,2,5,1,0,0,0,1,1,0,0,0,0,0,gratuito
11,10000.0,13,0.15384615384615385,1,1,1,0,0,0,0,0,0,0,0,0,0,alto
7,10000.0,81,0.5185185185185185,1,3,1,0,0,0,1,0,0,0,1,1,0,medio_baixo
5,10000.0,2,1.0,1,3,1,0,0,0,1,1,0,1,0,0,0,medio_alto
7,10000.0,9,0.4444444444444444,1,2,1,0,0,0,0,1,0,1,0,0,0,medio_alto
3,10000.0,0,0.0,1,2,1,1,1,0,1,0,0,0,0,0,1,alto
6,35000.0,28,0.9285714285714286,1,6,1,0,0,0,1,0,1,0,1,1,1,gratuito
1,0.0,0,0.0,1,3,1,1,1,1,1,1,0,1,0,0,0,baixo
7,10000.0,26,0.8461538461538461,1,3,1,0,0,0,0,0,0,1,0,0,1,gratuito
10,10000.0,186,0.41397849462365593,1,4,1,1,1,0,1,1,1,0,0,0,1,baixo
1,0.0,0,0.0,0,0,1,0,0,0,0,0,0,0,0,0,0,gratuito
1,0.0,0,0.0,2,4,1,1,1,0,1,0,0,0,0,0,0,baixo
4,0.0,0,0.0,0,0,1,0,0,0,0,0,0,0,0,0,0,gratuito
1,10000.0,0,0.0,5,3,1,0,0,0,1,1,1,0,0,0,0,alto
5,10000.0,5,0.6,16,1,1,0,0,0,0,0,0,0,0,0,1,gratuito
2,10000.0,9,1.0,1,3,1,0,0,0,1,0,1,0,0,0,0,alto
2,10000.0,0,0.0,1,3,1,0,0,0,1,0,0,0,0,0,1,gratuito
1,0.0,0,0.0,0,0,1,0,0,0,0,0,0,0,0,0,0,gratuito
6,10000.0,3,0.6666666666666666,1,3,1,0,0,0,1,1,0,0,0,0,1,medio_baixo
4,0.0,0,0.0,1,4,1,1,1,0,1,0,1,1,0,0,0,gratuito
3,10000.0,1,1.0,1,3,1,0,0,0,0,0,1,0,1,0,1,medio_alto
4,150000.0,11,0.7272727272727273,1,3,1,0,0,0,1,1,1,0,0,0,0,baixo
5,0.0,0,0.0,0,0,1,0,0,0,0,0,0,0,0,0,0,gratuito
6,10000.0,9,1.0,7,3,1,0,0,0,1,0,0,1,0,1,0,medio_baixo
5,3500000.0,99172,0.9342858871455653,18,4,1,0,0,4,1,1,1,0,1,0,0,alto
6,10000.0,2,0.5,29,6,1,1,0,0,0,0,0,0,0,0,0,medio_baixo
7,10000.0,3,0.6666666666666666,1,3,1,0,0,0,1,0,0,1,0,1,0,baixo
2,10000.0,0,0.0,2,3,1,0,0,0,1,0,1,1,0,0,0,medio_alto
6,750000.0,13883,0.8252539076568465,8,2,1,0,0,3,0,0,1,0,0,0,0,gratuito
7,10000.0,37,0.7567567567567568,1,2,1,0,0,0,1,0,1,0,0,0,0,alto
4,75000.0,700,0.7771428571428571,1,5,1,1,1,0,1,1,1,0,0,0,1,alto
2,10000.0,144,0.9583333333333334,11,3,1,0,0,0,1,1,1,0,0,0,0,alto
3,10000.0,0,0.0,1,3,1,1,0,0,1,0,0,1,1,0,0,medio_alto
3,10000.0,1,0.0,2,4,1,0,0,0,1,0,0,1,0,1,0,baixo
7,10000.0,25,1.0,2,3,1,0,0,0,1,0,1,1,0,0,0,baixo
2,10000.0,0,0.0,1,3,1,0,0,0,1,0,1,1,0,0,0,baixo
2,10000.0,1,1.0,1,3,1,0,0,0,0,1,1,0,0,0,0,baixo
7,35000.0,2,1.0,1,5,1,0,0,0,1,1,1,1,0,0,0,medio_alto
4,10000.0,0,0.0,2,2,1,0,0,1,0,0,0,1,0,0,0,gratuito
6,10000.0,1,1.0,2,2,1,0,0,0,0,0,0,0,0,1,0,medio_alto
6,10000.0,18,0.9444444444444444,1,4,1,0,0,0,1,1,1,0,0,0,0,baixo
14,350000.0,1469,0.8584070796460177,6,3,1,0,0,1,0,1,0,1,1,0,0,alto
3,0.0,0,0.0,3,5,1,0,0,2,1,0,0,1,1,0,1,gratuito
1,0.0,0,0.0,12,2,1,0,0,0,0,1,0,0,0,0,1,alto
8,10000.0,3,1.0,1,3,1,1,1,0,1,0,1,1,0,0,0,medio_alto
1,10000.0,0,0.0,13,3,1,1,1,0,1,0,0,1,0,1,0,baixo
4,10000.0,23,1.0,1,2,1,0,0,0,1,0,0,1,0,0,0,medio_baixo
2,10000.0,4,0.75,9,2,1,0,0,0,1,0,1,0,0,0,0,medio_alto
2,0.0,0,0.0,1,5,1,0,0,0,1,1,0,1,0,0,0,gratuito
12,35000.0,107,0.4953271028037383,2,1,1,0,0,0,0,0,0,0,0,1,0,baixo
12,1500000.0,12578,0.8024328192081412,5,2,1,1,1,3,0,0,0,0,1,1,0,alto
4,10000.0,21,0.7619047619047619,2,1,1,0,1,0,0,0,0,1,0,0,0,baixo
8,10000.0,5,0.6,1,1,1,0,0,0,1,0,0,0,0,0,0,medio_baixo
7,10000.0,0,0.0,1,4,1,0,0,0,1,0,1,0,1,0,0,medio_alto
4,10000.0,0,0.0,1,1,1,0,0,1,0,0,1,0,0,0,0,alto
2,10000.0,2,1.0,1,2,1,0,0,0,1,1,0,0,0,0,0,medio_baixo
6,35000.0,47,0.6170212765957447,1,3,1,0,0,0,1,0,1,1,0,0,0,baixo
6,10000.0,20,0.35,1,2,1,1,0,0,1,0,1,0,0,0,0,baixo
8,3500000.0,53688,0.8313217106243481,11,1,1,0,0,3,0,0,0,0,1,0,0,alto
5,10000.0,7,0.7142857142857143,2,3,1,0,0,0,1,1,0,1,0,0,0,medio_baixo
4,10000.0,3,0.3333333333333333,1,3,1,0,0,0,0,0,0,1,0,0,1,medio_alto
9,10000.0,35,1.0,1,3,1,1,0,0,1,1,0,1,0,0,0,baixo
1,0.0,0,0.0,30,3,1,1,0,0,0,0,1,1,0,0,1,medio_alto
4,10000.0,0,0.0,1,1,1,0,0,0,0,0,0,1,0,0,0,alto
10,10000.0,28,0.35714285714285715,1,3,1,0,0,0,1,0,0,0,0,1,1,baixo
7,10000.0,3,0.3333333333333333,1,6,1,0,0,0,1,0,1,1,1,1,0,baixo
16,10000.0,29,0.6896551724137931,5,2,1,0,0,0,1,0,0,1,0,0,0,baixo
2,10000.0,382,0.824607329842932,1,2,1,0,0,0,0,0,0,0,1,1,0,medio_alto
10,10000.0,10,0.5,1,3,1,1,1,1,1,0,1,0,0,0,0,medio_baixo
9,350000.0,4398,0.9142792178262846,9,2,1,0,0,3,1,1,0,0,0,0,0,medio_baixo
8,10000.0,6,0.8333333333333334,1,3,1,0,0,0,1,1,0,1,0,0,0,medio_alto
4,0.0,0,0.0,1,2,1,0,0,0,0,0,0,1,0,0,0,gratuito
3,10000.0,95,0.9473684210526315,6,3,1,0,0,0,1,1,0,0,0,1,0,gratuito
6,10000.0,145,0.9310344827586207,9,2,1,1,1,0,0,0,0,1,0,1,0,medio_alto
4,10000.0,2,1.0,1,4,1,0,0,0,1,1,0,1,0,0,0,medio_alto
9,10000.0,67,0.9402985074626866,6,3,1,0,0,0,1,0,0,1,0,1,0,medio_alto
2,10000.0,19,1.0,7,3,1,0,0,0,1,1,0,0,0,1,0,medio_alto
10,10000.0,62,0.5483870967741935,4,3,1,1,1,0,1,0,0,1,0,1,0,baixo
2,10000.0,1,0.0,1,2,1,0,0,0,1,0,0,0,1,0,0,medio_baixo
7,10000.0,11,0.8181818181818182,2,2,1,1,1,0,0,0,0,1,0,0,1,baixo
1,10000.0,0,0.0,1,7,1,0,0,0,1,1,1,1,1,0,1,medio_baixo
5,10000.0,33,0.5454545454545454,103,3,1,0,0,0,1,0,1,1,0,0,0,baixo
3,10000.0,0,0.0,2,5,1,0,0,0,1,0,0,1,0,0,0,gratuito
10,10000.0,9,0.5555555555555556,1,1,1,0,0,0,0,0,0,0,0,0,1,baixo
8,10000.0,7,1.0,10,2,1,0,0,0,1,0,0,1,0,0,0,baixo
1,0.0,0,0.0,0,0,1,0,0,0,0,0,0,0,0,0,0,gratuito
6,35000.0,104,0.8269230769230769,11,6,1,0,0,1,1,1,0,1,0,0,1,medio_alto
2,10000.0,1,0.0,5,3,1,0,0,0,0,1,1,1,0,0,0,medio_alto
2,10000.0,37,1.0,2,3,1,0,0,1,1,1,0,1,0,0,0,baixo
2,10000.0,1,1.0,2,3,1,1,0,0,1,0,1,1,0,0,0,medio_alto
10,10000.0,43,0.813953488372093,1,1,1,0,0,0,0,0,0,1,0,0,0,gratuito
9,10000.0,295,0.9593220338983051,6,2,1,0,0,1,0,1,0,1,0,0,0,medio_baixo
2,10000.0,0,0.0,1,2,1,1,0,0,0,0,1,0,1,0,0,alto
9,35000.0,267,0.5093632958801498,10,3,1,1,1,0,1,0,0,1,0,0,1,medio_baixo
6,10000.0,13,0.9230769230769231,1,1,1,0,0,0,0,0,0,0,0,0,1,baixo
8,10000.0,99,0.9191919191919192,6,2,1,1,0,2,1,1,0,0,0,0,0,alto
4,10000.0,12,0.9166666666666666,2,3,1,0,0,0,0,1,0,1,0,1,0,medio_alto
10,75000.0,159,0.5031446540880503,1,3,1,0,0,0,1,0,1,0,1,0,0,baixo
6,10000.0,70,0.5,1,1,1,0,0,0,1,0,0,0,0,0,0,baixo
2,10000.0,2,1.0,2,2,1,0,0,1,1,1,0,0,0,0,0,medio_alto
4,10000.0,3,0.6666666666666666,1,1,1,0,0,0,0,1,0,0,0,0,0,gratuito
2,10000.0,0,0.0,2,4,1,0,0,0,1,1,0,1,0,0,1,alto
2,0.0,0,0.0,103,2,1,0,0,0,0,0,1,1,0,0,0,baixo
1,0.0,0,0.0,0,0,1,0,0,0,0,0,0,0,0,0,0,gratuito
3,10000.0,0,0.0,2,1,1,0,1,0,1,0,0,0,0,0,0,alto
2,350000.0,12267,0.9028287274802315,5,4,1,0,0,2,1,0,1,0,1,1,0,alto
1,0.0,0,0.0,1,3,1,1,0,0,1,0,0,0,0,0,0,gratuito
8,10000.0,23,0.21739130434782608,1,4,1,0,0,0,1,0,0,1,0,1,1,medio_alto
7,10000.0,2,1.0,1,1,1,0,0,0,0,0,0,1,0,0,0,medio_baixo
1,10000.0,138,0.7463768115942029,2,7,1,0,0,0,1,1,1,1,1,0,1,alto
3,10000.0,9,0.3333333333333333,1,3,1,0,0,0,1,1,0,0,0,0,0,alto
1,0.0,0,0.0,2,3,1,0,0,0,1,0,0,0,0,0,1,gratuito
2,10000.0,24,0.4166666666666667,2,2,1,0,0,0,1,0,0,1,0,0,0,alto
4,10000.0,15,0.8,1,3,1,0,0,0,1,1,1,0,0,0,0,medio_baixo
8,150000.0,1557,0.7610789980732178,7,2,1,0,0,1,1,1,0,0,0,0,0,alto
3,10000.0,0,0.0,1,2,1,1,1,0,0,1,1,0,0,0,0,alto
3,10000.0,191,0.5863874345549738,13,3,1,0,0,2,0,1,1,0,0,0,1,medio_alto
7,10000.0,2,1.0,2,2,1,0,0,0,1,0,1,0,0,0,0,alto
2,10000.0,75,0.8,1,4,1,0,0,0,0,1,1,0,0,1,1,alto
13,0.0,0,0.0,1,7,1,1,1,0,1,1,1,1,0,1,1,baixo
1,0.0,0,0.0,1,3,1,0,0,0,1,0,1,0,1,0,0,medio_alto
15,350000.0,1038,0.8092485549132948,5,4,1,1,1,2,1,1,0,1,0,1,0,medio_alto
1,10000.0,34,0.8823529411764706,7,4,1,0,0,0,1,1,1,0,1,0,0,alto
6,10000.0,31,0.9032258064516129,1,2,1,0,0,0,1,1,0,0,0,0,0,alto
2,10000.0,187,0.8716577540106952,6,1,1,0,0,1,0,0,0,1,0,0,0,medio_baixo
7,10000.0,1,0.0,2,5,1,0,0,0,1,1,0,1,0,0,0,alto
4,10000.0,22,0.7272727272727273,1,5,1,0,0,0,1,1,0,0,0,0,1,baixo
6,10000.0,433,0.9422632794457275,11,5,1,1,1,0,1,1,0,1,0,0,0,medio_baixo
4,75000.0,29,0.9655172413793104,1,4,1,0,0,0,1,0,1,1,1,0,0,baixo
1,10000.0,39,0.9487179487179487,3,4,1,0,0,0,1,1,1,1,0,0,0,medio_baixo
2,0.0,0,0.0,0,0,1,0,0,0,0,0,0,0,0,0,0,gratuito
5,10000.0,28,0.9642857142857143,1,3,1,1,1,1,1,0,0,1,1,0,0,medio_baixo
1,0.0,0,0.0,103,9,1,1,1,0,1,1,1,1,1,1,1,alto
1,0.0,0,0.0,12,2,1,0,0,0,0,0,0,1,0,0,1,baixo
2,10000.0,129,0.9457364341085271,9,1,1,0,0,0,0,0,1,0,0,0,0,medio_baixo
8,10000.0,43,0.5348837209302325,1,4,1,0,0,0,1,0,1,1,0,0,0,gratuito
6,75000.0,1,1.0,1,3,1,0,0,0,0,1,1,0,1,0,0,medio_alto
4,75000.0,898,0.7238307349665924,11,4,1,0,0,1,1,1,1,0,1,0,0,medio_alto
2,10000.0,7,0.7142857142857143,3,6,1,0,1,0,1,0,0,1,0,0,1,gratuito
1,10000.0,0,0.0,3,3,1,1,1,0,1,1,1,0,0,0,0,baixo
1,10000.0,0,0.0,1,3,1,0,0,0,1,0,0,1,0,0,1,baixo
1,0.0,0,0.0,4,4,1,0,0,0,0,1,0,1,1,0,0,gratuito
4,10000.0,0,0.0,2,2,1,0,0,0,1,0,0,1,0,0,0,baixo
7,10000.0,0,0.0,1,2,1,0,0,0,0,0,0,0,0,0,0,baixo
5,10000.0,15,0.4,1,2,1,0,0,1,1,0,0,1,0,0,0,baixo
5,35000.0,11,1.0,1,4,1,0,0,3,1,0,1,0,1,1,0,medio_alto
8,10000.0,5,0.4,3,4,1,0,0,0,1,1,0,1,0,0,0,medio_alto
3,10000.0,11,0.7272727272727273,29,9,1,0,0,0,1,1,1,1,0,0,0,alto
1,0.0,0,0.0,0,0,1,0,0,0,0,0,0,0,0,0,0,gratuito
2,10000.0,3,0.6666666666666666,1,5,1,0,0,0,1,0,1,0,1,1,1,medio_baixo
7,10000.0,32,0.59375,2,5,1,0,0,0,1,1,0,1,0,0,1,medio_baixo
4,10000.0,0,0.0,1,3,1,0,0,0,1,0,1,0,0,0,1,medio_alto
3,10000.0,15,0.8,3,2,1,0,0,0,1,0,0,1,0,0,0,gratuito
1,10000.0,0,0.0,6,3,1,0,0,1,0,1,0,1,0,1,0,medio_baixo
2,10000.0,33,0.8787878787878788,27,4,1,0,0,0,1,0,0,0,1,1,0,alto
3,35000.0,529,0.9886578449905482,3,3,1,1,1,0,1,0,1,1,0,0,0,baixo
5,10000.0,0,0.0,2,3,1,0,0,0,1,0,0,0,1,0,1,medio_alto
3,10000.0,2,1.0,1,2,1,1,0,0,0,1,0,0,0,0,0,medio_alto
7,10000.0,107,0.7850467289719626,2,4,1,0,1,0,1,0,1,1,0,0,0,gratuito
1,10000.0,0,0.0,2,1,1,0,0,0,0,0,0,0,0,0,1,medio_alto
2,10000.0,340,0.9735294117647059,14,2,1,0,1,0,1,0,0,1,0,0,0,medio_baixo
6,10000.0,42,0.5714285714285714,2,6,1,0,0,0,0,0,0,1,1,1,1,gratuito
5,10000.0,1,1.0,1,4,1,0,0,0,1,1,0,1,0,0,0,alto
1,0.0,0,0.0,1,2,1,1,0,0,0,0,1,0,1,0,0,medio_alto
10,10000.0,2,1.0,1,1,1,0,0,0,0,0,0,0,0,0,1,baixo
3,0.0,0,0.0,1,4,1,0,0,0,1,0,1,1,0,0,0,gratuito
3,10000.0,22,0.8636363636363636,2,1,1,0,0,0,1,0,0,0,0,0,0,medio_baixo
6,10000.0,65,0.5384615384615384,1,3,1,0,0,1,1,1,1,0,0,0,0,baixo
3,10000.0,28,0.7142857142857143,3,7,1,0,0,0,1,0,0,1,0,0,1,baixo
1,0.0,0,0.0,1,2,1,0,0,0,1,1,0,0,0,0,0,medio_alto
10,10000.0,6,0.8333333333333334,1,2,1,0,0,0,0,0,1,1,0,0,0,medio_baixo
7,35000.0,4,0.5,2,2,1,0,0,0,0,0,1,0,0,1,0,baixo
3,0.0,0,0.0,0,0,1,0,0,0,0,0,0,0,0,0,0,gratuito
1,0.0,0,0.0,103,2,1,0,0,0,1,0,0,1,0,0,0,baixo
3,35000.0,374,0.45187165775401067,8,2,1,0,0,6,0,1,0,0,1,0,0,alto
4,150000.0,69,0.6666666666666666,8,5,1,1,1,0,1,1,1,0,0,1,1,medio_alto
2,10000.0,15,1.0,10,3,1,0,0,0,1,1,0,1,0,0,0,medio_alto
1,0.0,0,0.0,1,2,1,0,0,0,0,0,0,0,0,0,0,gratuito
2,10000.0,3,0.6666666666666666,1,3,1,0,0,0,1,0,0,0,0,1,0,medio_alto
1,10000.0,0,0.0,1,3,1,0,0,0,1,1,1,0,0,0,0,medio_alto
3,10000.0,1,0.0,1,4,1,1,1,0,1,1,1,0,0,1,0,medio_alto
3,10000.0,56,0.9464285714285714,2,4,1,1,1,0,1,1,1,0,1,0,0,medio_baixo
7,10000.0,76,0.34210526315789475,2,5,1,0,0,0,1,1,1,1,0,0,0,baixo
9,10000.0,54,0.7407407407407407,1,4,1,0,0,0,1,1,1,0,0,0,1,medio_baixo
1,10000.0,0,0.0,15,3,1,1,1,0,1,0,0,0,1,1,0,medio_alto
3,35000.0,42,0.9761904761904762,2,3,1,0,0,0,1,0,1,1,0,0,0,medio_baixo
8,150000.0,2657,0.8494542717350395,6,5,1,0,1,1,1,1,1,0,1,0,0,alto
6,150000.0,799,0.9374217772215269,2,4,1,0,0,1,0,0,1,0,1,1,1,alto
3,0.0,0,0.0,1,3,1,1,0,0,1,1,0,0,1,0,0,gratuito
7,10000.0,467,0.9400428265524625,6,4,1,0,0,10,1,1,0,1,0,0,0,medio_alto
9,10000.0,17,0.5882352941176471,3,1,1,0,0,0,0,0,0,0,0,0,0,medio_baixo
4,10000.0,9,0.7777777777777778,1,1,1,0,0,0,0,0,0,1,0,0,0,baixo
5,0.0,0,0.0,0,0,1,0,0,0,0,0,0,0,0,0,0,gratuito
10,35000.0,55,0.4909090909090909,7,3,1,0,0,0,0,1,0,1,0,1,0,baixo
6,35000.0,311,0.617363344051447,1,3,1,0,0,0,1,0,1,0,0,0,0,gratuito
5,10000.0,68,0.8382352941176471,3,3,1,0,0,0,1,0,0,0,1,0,0,alto
10,150000.0,407,0.6904176904176904,1,3,1,1,1,0,1,0,0,0,0,1,1,baixo
2,0.0,0,0.0,103,4,1,0,0,0,1,1,1,0,0,0,1,baixo
4,10000.0,14,0.7142857142857143,1,3,1,1,1,0,1,1,1,0,0,0,0,baixo
6,10000.0,7,0.5714285714285714,1,2,1,0,0,0,1,1,0,0,0,0,0,baixo
2,10000.0,2,0.0,2,2,1,0,0,0,1,0,0,1,0,0,0,medio_alto
9,35000.0,77,0.7402597402597403,1,2,1,0,0,1,1,1,0,0,0,0,0,medio_alto
10,10000.0,18,0.8888888888888888,1,2,1,0,0,0,1,1,0,0,0,0,0,medio_baixo
7,10000.0,45,0.9111111111111111,1,3,1,0,0,0,1,0,1,0,1,0,0,baixo
1,10000.0,0,0.0,4,2,1,0,0,0,1,0,0,1,0,0,0,baixo
2,0.0,0,0.0,1,4,1,0,0,0,1,0,0,0,0,1,0,gratuito
8,10000.0,1,0.0,1,4,1,0,0,0,0,0,0,0,0,0,0,medio_baixo
3,10000.0,21,1.0,2,2,1,1,1,0,1,0,0,0,0,1,0,medio_alto
8,10000.0,5,1.0,1,2,1,0,0,0,1,1,0,0,0,0,0,medio_baixo
1,10000.0,0,0.0,9,3,1,0,0,1,1,0,1,1,0,0,0,alto
9,1500000.0,10091,0.8461995837875335,29,2,1,1,0,0,0,0,0,0,0,0,1,baixo
3,10000.0,0,0.0,1,1,1,0,1,0,0,0,0,1,0,0,0,gratuito
4,10000.0,6,1.0,1,3,1,0,0,0,0,0,1,0,0,1,0,gratuito
9,10000.0,156,0.8525641025641025,1,2,1,0,0,0,1,0,0,1,0,0,0,medio_baixo
1,10000.0,7,1.0,6,3,1,1,0,0,1,1,0,0,0,0,0,gratuito
1,10000.0,0,0.0,1,1,1,0,0,0,0,0,0,0,0,0,1,medio_alto
6,150000.0,1721,0.84253341080767,11,2,1,0,0,0,1,0,1,0,0,0,0,medio_alto
1,0.0,0,0.0,1,2,1,0,0,0,1,1,0,0,0,0,0,medio_alto
3,10000.0,34,0.7352941176470589,1,2,1,0,0,0,1,0,0,0,0,1,0,medio_alto
7,10000.0,304,0.7697368421052632,1,5,1,0,0,0,1,0,0,1,0,1,1,alto
2,0.0,0,0.0,0,0,1,0,0,0,0,0,0,0,0,0,0,gratuito
2,10000.0,39,0.8205128205128205,7,3,1,0,0,0,1,0,0,1,0,0,1,medio_alto
2,10000.0,6,1.0,1,2,1,0,0,0,1,0,1,0,0,0,0,medio_alto
2,10000.0,10,1.0,2,3,1,0,0,0,1,0,1,1,0,0,0,medio_baixo
1,10000.0,4,0.5,1,3,1,0,0,0,1,0,0,0,0,1,1,alto
4,35000.0,6,0.8333333333333334,1,4,1,0,0,0,1,1,1,1,0,0,0,medio_baixo
4,10000.0,1,1.0,1,1,1,0,0,0,1,0,0,0,0,0,0,medio_alto
1,10000.0,0,0.0,4,4,1,0,0,0,0,1,1,0,1,0,0,alto
4,10000.0,17,0.7058823529411765,2,3,1,0,0,0,1,0,1,0,0,0,1,baixo
3,35000.0,369,0.5257452574525745,1,3,1,0,0,0,0,1,0,0,1,0,1,medio_alto
1,0.0,0,0.0,2,6,1,0,0,0,1,1,0,1,0,1,1,gratuito
10,75000.0,174,0.7701149425287356,1,2,1,0,0,3,0,1,0,0,0,0,1,gratuito
1,10000.0,2,0.5,3,2,1,1,0,0,0,0,1,1,0,0,0,medio_alto
7,10000.0,14,0.5,2,2,1,0,0,0,1,0,0,0,1,0,0,medio_baixo
7,35000.0,188,0.7340425531914894,1,2,1,0,0,8,1,0,0,0,0,0,1,alto
10,75000.0,544,0.96875,6,3,1,1,0,1,1,1,0,1,0,0,0,medio_baixo
5,75000.0,14,0.9285714285714286,1,2,1,0,0,0,0,0,1,1,0,0,0,baixo
11,75000.0,403,0.8411910669975186,5,2,1,1,1,0,1,1,0,0,0,0,0,baixo
7,10000.0,10,0.8,1,1,1,0,0,0,0,0,1,0,0,0,0,baixo
1,10000.0,57,0.7719298245614035,1,3,1,0,1,0,1,0,0,0,0,1,1,alto
2,10000.0,0,0.0,12,1,1,0,0,0,0,0,0,1,0,0,0,alto
1,10000.0,0,0.0,1,4,1,0,0,0,1,1,0,1,0,0,0,gratuito
5,10000.0,233,0.39914163090128757,9,2,1,0,0,0,1,1,0,0,0,0,0,alto
8,75000.0,11,0.8181818181818182,1,3,1,0,0,0,0,1,1,1,0,0,0,gratuito
1,10000.0,0,0.0,1,2,1,0,0,0,1,0,0,1,0,0,0,medio_alto
3,0.0,0,0.0,1,3,1,0,0,1,1,0,0,0,0,0,1,gratuito
2,0.0,0,0.0,0,0,1,0,0,0,0,0,0,0,0,0,0,gratuito
3,0.0,0,0.0,2,1,1,0,0,0,0,0,0,0,0,1,0,gratuito
2,10000.0,0,0.0,1,3,1,0,0,0,1,0,0,1,0,0,1,medio_baixo
10,750000.0,3180,0.7836477987421384,5,2,1,0,0,0,1,1,0,0,0,0,0,baixo
5,0.0,0,0.0,0,0,1,0,0,0,0,0,0,0,0,0,0,gratuito
1,10000.0,0,0.0,4,3,1,0,0,0,0,1,0,1,1,0,0,medio_alto
2,35000.0,6,0.6666666666666666,9,2,1,0,0,1,0,1,1,0,0,0,0,alto
8,10000.0,12,0.5833333333333334,1,2,1,0,0,0,1,0,0,1,0,0,0,medio_baixo
2,10000.0,0,0.0,1,3,1,0,0,7,0,0,0,1,0,1,0,gratuito
11,350000.0,178,0.2752808988764045,2,2,1,0,0,0,1,0,0,1,0,0,0,baixo
2,10000.0,1,0.0,8,1,1,0,0,0,0,0,0,1,0,0,0,baixo
1,750000.0,15151,0.8641673816909775,21,1,1,0,0,1,0,0,1,0,0,0,0,alto
3,0.0,0,0.0,1,1,1,0,0,0,1,0,0,0,0,0,0,gratuito
8,10000.0,295,0.7491525423728813,6,4,1,1,0,2,1,1,1,0,0,0,0,medio_alto
2,10000.0,67,0.7910447761194029,16,3,1,0,0,0,0,1,1,0,0,0,0,alto
5,10000.0,15,0.8666666666666667,1,1,1,0,0,0,0,0,0,0,1,0,0,medio_baixo
2,10000.0,26,1.0,1,3,1,0,1,0,1,0,0,1,0,1,0,medio_baixo
2,10000.0,15,1.0,1,3,1,0,0,0,1,1,1,0,0,0,0,baixo
1,10000.0,0,0.0,4,3,1,0,0,0,1,0,1,0,0,0,1,medio_baixo
9,35000.0,120,0.8333333333333334,1,2,1,0,0,0,1,1,0,0,0,0,0,medio_baixo
1,10000.0,0,0.0,1,2,1,0,0,0,1,0,0,1,0,0,0,baixo
5,10000.0,18,0.7777777777777778,1,1,1,0,0,0,1,0,0,0,0,0,0,medio_alto
3,0.0,0,0.0,11,6,1,0,0,2,0,1,1,1,1,1,0,gratuito
4,75000.0,1189,0.10260723296888141,12,2,1,0,0,0,0,0,0,0,0,1,1,alto
3,10000.0,4,1.0,1,5,1,0,0,0,1,1,0,1,0,1,1,medio_baixo
1,10000.0,0,0.0,14,3,1,0,0,0,0,1,1,0,1,0,0,medio_baixo
4,0.0,0,0.0,1,3,1,0,0,0,1,1,0,1,0,0,0,gratuito
10,35000.0,62,0.6935483870967742,9,1,1,0,0,0,0,0,0,1,0,0,0,baixo
4,35000.0,204,0.7303921568627451,11,3,1,0,0,0,1,1,1,0,0,0,0,medio_alto
1,0.0,0,0.0,1,2,1,0,0,0,1,0,0,0,0,0,1,medio_baixo
4,10000.0,1,1.0,1,1,1,0,0,0,1,0,0,0,0,0,0,baixo
7,35000.0,38,0.9736842105263158,1,2,1,0,0,0,0,0,1,1,0,0,0,medio_alto
3,10000.0,16,0.875,1,3,1,0,0,0,1,1,0,1,0,0,0,baixo
4,10000.0,59,0.9322033898305084,1,3,1,0,0,1,0,0,0,1,0,0,1,alto
14,750000.0,4111,0.9160788129408903,5,1,1,1,1,0,1,0,0,0,0,0,0,medio_baixo
8,35000.0,48,0.5625,4,4,1,1,0,2,1,0,1,0,1,1,0,medio_alto
7,10000.0,12,0.5,1,4,1,0,0,0,0,1,0,1,0,1,1,medio_baixo
1,0.0,0,0.0,3,4,1,0,0,0,1,1,1,1,0,0,0,baixo
3,0.0,0,0.0,0,0,1,0,0,0,0,0,0,0,0,0,0,gratuito
3,10000.0,0,0.0,1,2,1,0,0,0,1,0,1,0,0,0,0,medio_alto
3,10000.0,4,0.5,1,1,1,0,0,0,0,0,1,0,0,0,0,baixo
2,10000.0,0,0.0,1,1,1,0,0,1,0,0,0,0,1,0,0,medio_baixo
4,0.0,0,0.0,0,0,1,0,0,0,0,0,0,0,0,0,0,gratuito
8,10000.0,6,1.0,1,2,1,0,0,0,0,0,1,1,0,0,0,medio_alto
11,75000.0,198,0.5959595959595959,5,5,1,1,1,0,1,1,0,0,1,1,1,medio_baixo
2,10000.0,0,0.0,1,1,1,0,0,0,1,0,0,0,0,0,0,alto
1,0.0,0,0.0,1,3,1,0,0,0,1,1,1,0,0,0,0,medio_baixo
8,10000.0,6,0.8333333333333334,1,2,1,1,0,0,1,0,0,1,0,0,0,medio_baixo
7,10000.0,48,0.7291666666666666,2,2,1,0,0,2,1,0,1,0,0,0,0,medio_alto
2,0.0,0,0.0,3,4,1,0,0,0,1,1,1,1,0,0,0,gratuito
10,350000.0,989,0.7573306370070778,8,3,1,1,1,0,1,1,1,0,0,0,0,gratuito
8,10000.0,44,0.8636363636363636,1,2,1,0,0,1,1,0,0,1,0,0,0,alto
2,35000.0,1,1.0,1,4,1,0,1,0,1,1,0,0,0,0,0,medio_alto
4,10000.0,11,1.0,2,3,1,0,0,0,1,0,1,1,0,0,0,alto
1,10000.0,8,0.875,10,1,1,1,0,0,0,0,1,0,0,0,0,alto
6,10000.0,24,0.625,2,3,1,0,0,0,1,0,1,1,0,0,0,medio_baixo
2,350000.0,2131,0.9676208352885969,6,0,1,1,1,0,0,0,0,0,0,0,0,alto
11,10000.0,34,0.7647058823529411,1,3,1,0,0,0,1,1,0,0,1,0,0,medio_alto
12,75000.0,464,0.603448275862069,7,2,1,0,0,0,0,0,0,0,0,1,1,medio_baixo
6,10000.0,4,1.0,1,2,1,1,0,0,1,1,0,0,0,0,0,medio_alto
9,10000.0,16,0.25,1,1,1,0,0,0,0,0,0,0,0,0,0,baixo
1,10000.0,0,0.0,1,3,1,0,0,0,1,0,0,1,0,1,0,baixo
3,10000.0,57,0.9824561403508771,1,4,1,0,0,0,1,1,1,0,0,0,0,medio_alto
6,1500000.0,54680,0.9322604242867594,15,2,1,0,0,12,0,1,0,0,1,0,0,alto
1,10000.0,0,0.0,14,4,1,0,0,0,1,0,0,1,0,1,0,medio_baixo
2,10000.0,1,1.0,1,4,1,0,0,0,1,0,0,1,0,1,0,medio_alto
4,10000.0,29,0.20689655172413793,1,1,1,0,0,0,0,0,0,0,0,0,0,medio_alto
3,0.0,0,0.0,103,1,1,0,0,0,0,1,0,0,0,0,0,gratuito
12,35000.0,301,0.7574750830564784,3,3,1,0,0,0,1,0,0,1,0,0,1,medio_baixo
1,10000.0,2,0.5,1,7,1,0,0,0,1,1,0,0,0,0,0,medio_baixo
6,75000.0,37,0.8648648648648649,1,3,1,1,1,1,1,1,0,1,0,0,0,medio_alto
8,35000.0,112,0.9285714285714286,7,3,1,0,0,0,1,1,0,0,0,0,1,medio_baixo
3,10000.0,0,0.0,1,5,1,1,0,3,1,0,0,1,1,0,1,gratuito
3,75000.0,996,0.8483935742971888,1,3,1,0,0,0,1,1,1,0,0,0,0,medio_alto
2,10000.0,35,0.9714285714285714,1,4,1,1,0,1,1,1,1,0,0,0,0,gratuito
5,10000.0,1,1.0,1,2,1,0,0,0,0,0,1,0,0,0,1,baixo
4,150000.0,6,0.3333333333333333,1,3,1,0,0,0,1,1,0,0,1,0,0,medio_alto
8,10000.0,14,0.7142857142857143,1,3,1,0,0,0,0,1,1,0,1,0,0,baixo
2,10000.0,2,1.0,1,2,1,0,0,0,1,0,0,1,0,0,0,medio_baixo
8,10000.0,14,0.7857142857142857,1,5,1,0,0,0,1,0,0,1,1,0,0,medio_baixo
3,0.0,0,0.0,103,4,1,0,0,0,1,0,0,1,0,1,1,baixo
1,10000.0,0,0.0,12,2,1,1,0,1,0,1,1,0,0,0,0,alto
2,10000.0,26,0.9615384615384616,1,4,1,0,1,0,1,0,1,0,1,0,0,alto
9,35000.0,315,0.9428571428571428,11,5,1,0,0,0,1,1,1,1,0,0,1,medio_alto
4,10000.0,19,0.9473684210526315,1,3,1,1,1,0,1,1,0,0,0,0,0,gratuito
1,0.0,0,0.0,0,0,1,0,0,0,0,0,0,0,0,0,0,gratuito
8,35000.0,48,0.5833333333333334,1,3,1,0,0,0,1,1,0,1,0,0,0,baixo
4,10000.0,0,0.0,1,2,1,0,0,0,1,0,0,1,0,0,0,baixo
8,10000.0,66,0.803030303030303,8,2,1,0,0,0,0,0,0,0,0,0,0,alto
9,10000.0,2,1.0,2,4,1,0,0,0,1,0,1,1,0,0,1,medio_alto
4,0.0,0,0.0,1,5,1,0,0,0,1,0,1,1,1,0,0,gratuito
7,10000.0,1,1.0,1,3,1,1,0,0,1,0,0,0,1,1,0,medio_alto
8,10000.0,0,0.0,1,2,1,0,0,0,1,1,0,0,0,0,0,medio_alto
6,10000.0,5,0.8,6,2,1,0,0,0,1,1,0,0,0,0,0,medio_alto
3,10000.0,13,1.0,1,2,1,0,1,1,1,1,0,0,0,0,0,medio_baixo
2,10000.0,2,0.5,1,3,1,0,0,0,1,0,0,0,1,0,0,medio_baixo
1,10000.0,0,0.0,1,3,1,1,1,0,0,0,1,1,0,0,1,medio_alto
6,35000.0,943,0.9713679745493107,14,3,1,1,0,0,1,0,1,1,0,0,0,medio_baixo
7,10000.0,28,0.75,1,4,1,0,0,0,0,0,0,0,0,0,0,medio_baixo
1,0.0,0,0.0,1,4,1,1,0,1,1,0,1,0,1,1,0,alto
1,35000.0,133,0.9699248120300752,16,6,1,1,0,0,1,1,0,1,1,1,0,gratuito
10,350000.0,3857,0.7975110189266269,10,2,1,1,0,2,1,0,1,0,0,0,0,alto
1,10000.0,0,0.0,1,3,1,0,0,0,1,0,0,1,0,0,0,baixo
1,10000.0,0,0.0,4,3,1,0,0,0,1,0,1,1,0,0,0,medio_baixo
1,0.0,0,0.0,1,6,1,0,0,0,1,1,1,0,0,0,0,gratuito
1,0.0,0,0.0,0,0,1,0,0,0,0,0,0,0,0,0,0,gratuito
6,150000.0,1841,0.9413362303096143,7,3,1,1,1,2,1,0,1,0,1,0,0,medio_alto
1,0.0,0,0.0,1,5,1,0,1,0,1,1,1,1,0,1,0,medio_baixo
1,0.0,0,0.0,1,3,1,0,0,0,1,1,0,1,0,0,0,medio_alto
3,10000.0,1,0.0,1,1,1,0,0,0,0,0,0,0,0,1,0,medio_alto
1,750000.0,20132,0.8541128551559706,17,3,1,0,0,2,1,0,0,0,0,1,1,alto
9,10000.0,6,0.6666666666666666,1,1,1,0,0,0,1,0,0,0,0,0,0,baixo
2,10000.0,0,0.0,2,3,1,0,0,0,1,1,1,0,0,0,0,baixo
3,75000.0,7,1.0,1,3,1,0,0,0,1,0,1,0,1,0,0,medio_baixo
5,10000.0,100,0.95,19,4,1,1,1,0,1,1,1,0,1,0,0,alto
2,10000.0,13,0.8461538461538461,3,2,1,0,0,0,0,0,0,0,0,0,1,alto
1,10000.0,0,0.0,1,1,1,0,0,0,0,0,1,0,0,0,0,alto
10,75000.0,193,0.7305699481865285,1,2,1,1,1,0,1,1,0,0,0,0,0,baixo
2,10000.0,5,0.2,9,2,1,0,0,0,0,0,0,1,0,1,0,baixo
5,10000.0,229,0.8646288209606987,9,2,1,1,1,0,1,0,1,0,0,0,0,medio_baixo
1,0.0,0,0.0,12,3,1,0,0,0,0,1,1,0,1,0,0,gratuito
1,10000.0,0,0.0,10,5,1,0,0,1,1,1,1,0,0,0,0,alto
1,0.0,0,0.0,4,1,1,0,0,0,0,1,0,0,0,0,0,medio_baixo
1,0.0,0,0.0,0,0,1,0,0,0,0,0,0,0,0,0,0,gratuito
5,0.0,0,0.0,1,3,1,1,0,1,1,0,1,1,0,0,0,gratuito
1,10000.0,0,0.0,1,3,1,1,0,0,1,0,1,1,0,0,0,medio_alto
7,10000.0,7,0.8571428571428571,1,2,1,1,0,0,1,0,0,1,0,0,0,baixo
6,10000.0,24,0.625,2,3,1,0,0,0,1,0,0,1,0,0,1,alto
2,10000.0,2,1.0,1,3,1,0,0,0,1,1,0,0,0,0,0,alto
2,10000.0,5,0.6,1,2,1,0,0,0,1,0,0,1,0,0,0,medio_baixo
4,10000.0,135,0.8962962962962963,6,2,1,0,0,1,0,1,1,0,0,0,0,alto
4,10000.0,12,0.5833333333333334,4,2,1,0,0,1,0,0,1,1,0,0,0,medio_baixo
7,10000.0,64,0.875,3,2,1,1,1,0,1,1,0,0,0,0,0,gratuito
8,10000.0,8,0.875,1,2,1,0,1,0,0,0,1,0,0,0,0,medio_alto
4,10000.0,19,0.9473684210526315,1,4,1,1,1,0,1,0,1,1,1,0,0,medio_alto
4,75000.0,14,0.7857142857142857,1,3,1,0,0,0,1,1,0,0,0,0,0,alto
2,10000.0,1,1.0,10,2,1,0,0,0,1,0,0,1,0,0,0,medio_alto
5,10000.0,33,0.8484848484848485,4,1,1,0,0,0,0,0,0,1,0,0,0,medio_baixo
1,10000.0,82,0.8170731707317073,2,3,1,0,0,0,0,0,1,1,0,0,1,alto
7,10000.0,111,0.5045045045045045,1,1,1,0,0,0,0,0,0,0,0,1,0,alto
2,10000.0,35,0.6571428571428571,102,3,1,0,0,0,1,0,0,1,0,0,0,baixo
1,0.0,0,0.0,103,1,1,0,0,0,0,0,0,0,0,0,1,alto
1,0.0,0,0.0,8,3,1,0,0,0,1,0,0,1,0,0,1,medio_baixo
1,10000.0,0,0.0,1,4,1,0,0,1,1,0,1,0,1,1,0,alto
4,10000.0,0,0.0,1,1,1,1,0,0,0,0,0,0,0,1,0,medio_baixo
3,35000.0,3,0.3333333333333333,1,1,1,0,0,0,0,0,0,0,1,0,0,baixo
2,10000.0,327,0.8318042813455657,12,4,1,0,0,0,1,1,0,1,1,0,0,medio_alto
3,0.0,0,0.0,0,0,1,0,0,0,0,0,0,0,0,0,0,gratuito
6,10000.0,483,0.6811594202898551,1,3,1,1,1,0,1,0,0,0,0,1,1,alto
14,150000.0,544,0.6341911764705882,2,2,1,0,0,3,0,0,0,1,0,1,0,medio_baixo
1,0.0,0,0.0,1,1,1,0,0,0,0,0,0,0,0,0,0,baixo
3,75000.0,445,0.5910112359550562,6,0,1,0,0,1,0,0,0,0,0,0,0,medio_alto
7,750000.0,12463,0.9603626735136003,11,2,1,0,0,1,0,1,0,1,0,0,0,alto
7,10000.0,2,0.0,1,4,1,0,0,0,1,1,1,0,0,0,0,alto
8,35000.0,1,1.0,1,2,1,0,0,0,1,0,0,0,0,1,0,baixo
5,10000.0,19,0.9473684210526315,1,2,1,0,0,0,0,0,1,1,0,0,0,medio_baixo
1,10000.0,0,0.0,1,1,1,0,0,0,0,0,0,1,0,0,0,medio_baixo
4,10000.0,166,0.9036144578313253,1,2,1,0,0,0,0,1,1,0,0,0,0,baixo
4,10000.0,6,1.0,1,2,1,0,1,0,0,0,0,1,0,1,0,baixo
2,10000.0,35,0.9714285714285714,7,2,1,0,0,0,1,0,0,1,0,0,0,baixo
1,0.0,0,0.0,0,0,1,0,0,0,0,0,0,0,0,0,0,gratuito
6,10000.0,1,0.0,1,2,1,0,0,0,0,1,0,1,0,0,0,baixo
2,10000.0,117,0.9145299145299145,1,2,1,0,0,0,0,0,0,0,0,0,1,alto
5,10000.0,3,1.0,1,5,1,1,1,0,1,1,1,1,0,0,0,gratuito
6,10000.0,19,0.6842105263157895,1,1,1,1,0,0,1,0,0,0,0,0,0,medio_baixo
7,10000.0,19,0.7894736842105263,1,1,1,0,0,0,1,0,0,0,0,0,0,gratuito
2,10000.0,50,0.88,11,4,1,0,0,0,1,0,0,1,0,1,1,baixo
4,35000.0,2,1.0,1,1,1,0,0,0,1,0,0,0,0,0,0,baixo
1,10000.0,151,0.9668874172185431,5,4,1,0,0,1,1,0,1,1,0,0,0,alto
5,0.0,0,0.0,1,3,1,0,0,0,1,1,1,0,0,0,0,gratuito
4,10000.0,36,0.8888888888888888,2,2,1,0,0,0,1,0,0,1,0,0,0,baixo
3,10000.0,1,0.0,1,2,1,0,0,0,1,0,0,0,1,0,0,baixo
1,10000.0,0,0.0,1,3,1,0,0,0,1,0,0,1,0,0,0,gratuito
1,10000.0,0,0.0,1,3,1,1,0,0,1,1,0,0,0,0,0,gratuito
4,10000.0,5,0.6,1,4,1,0,0,0,1,1,1,1,0,0,0,baixo
5,10000.0,23,0.6956521739130435,2,2,1,0,0,0,1,1,0,0,0,0,0,medio_baixo
2,0.0,0,0.0,103,3,1,0,0,0,1,0,0,1,0,1,0,baixo
3,10000.0,0,0.0,1,2,1,0,0,0,0,0,1,1,0,0,0,medio_alto
4,10000.0,286,0.993006993006993,1,2,1,0,0,0,0,0,0,1,0,1,0,medio_alto
4,10000.0,9,1.0,2,3,1,1,0,0,1,1,1,0,0,0,0,medio_baixo
10,35000.0,57,0.5789473684210527,14,3,1,0,0,0,1,1,0,1,0,0,0,medio_baixo
6,10000.0,12,0.75,2,3,1,0,0,0,1,0,0,1,0,0,1,alto
5,10000.0,10,0.9,1,3,1,0,0,1,1,0,1,0,1,0,0,medio_baixo
1,0.0,0,0.0,0,0,1,0,0,0,0,0,0,0,0,0,0,gratuito
2,10000.0,168,0.8630952380952381,10,4,1,0,0,0,1,1,0,0,0,0,1,gratuito
9,10000.0,0,0.0,1,4,1,0,0,0,1,1,1,0,0,0,0,alto
3,10000.0,25,1.0,1,4,1,0,1,1,1,1,1,0,0,0,0,alto
4,0.0,0,0.0,0,0,1,0,0,0,0,0,0,0,0,0,0,gratuito
8,10000.0,26,0.8076923076923077,1,2,1,0,0,0,0,0,0,1,0,0,1,medio_baixo
6,10000.0,6,0.6666666666666666,1,2,1,0,0,0,1,0,1,0,0,0,0,baixo
3,10000.0,42,0.8333333333333334,6,2,1,0,0,0,1,1,0,0,0,0,0,alto
9,350000.0,111,0.5315315315315315,14,2,1,0,0,0,0,0,0,0,0,1,0,gratuito
6,10000.0,87,0.8850574712643678,1,4,1,1,0,0,1,0,0,1,1,0,1,alto
6,10000.0,8,0.75,1,2,1,0,0,0,1,1,0,0,0,0,0,medio_baixo
3,0.0,0,0.0,0,0,1,0,0,0,0,0,0,0,0,0,0,gratuito
4,0.0,0,0.0,0,0,1,0,0,0,0,0,0,0,0,0,0,gratuito
2,10000.0,7,1.0,1,1,1,0,0,0,0,0,0,1,0,0,0,baixo
4,10000.0,3,0.6666666666666666,6,3,1,0,0,0,1,0,0,0,0,1,1,medio_baixo
4,35000.0,27,0.8888888888888888,8,2,1,0,0,0,1,0,1,0,0,0,0,alto
4,0.0,0,0.0,3,1,1,0,0,0,0,1,0,0,0,0,0,gratuito
5,1500000.0,36638,0.8957093727823571,13,2,1,0,0,11,0,0,0,0,0,1,1,alto
3,0.0,0,0.0,1,4,1,0,0,0,1,1,1,0,0,0,0,gratuito
10,75000.0,136,0.75,10,3,1,0,0,0,1,0,0,1,0,1,0,baixo
2,10000.0,61,0.8032786885245902,3,4,1,0,0,1,1,1,1,0,1,0,0,alto
11,150000.0,972,0.6502057613168725,1,3,1,1,0,0,1,0,1,0,0,1,0,baixo
1,10000.0,1,1.0,2,2,1,0,0,0,1,0,1,0,0,0,0,medio_alto
3,10000.0,27,0.9259259259259259,15,1,1,1,0,0,1,0,0,0,0,0,0,medio_alto
1,0.0,0,0.0,103,3,1,1,1,0,0,1,0,1,0,0,1,baixo
3,10000.0,9,1.0,3,4,1,0,0,0,1,1,1,0,0,1,0,medio_alto
3,0.0,0,0.0,1,4,1,0,0,0,1,0,0,1,0,1,0,gratuito
8,75000.0,195,0.5846153846153846,2,2,1,0,0,0,0,0,0,0,0,1,0,gratuito
4,10000.0,1,1.0,2,4,1,0,0,0,1,1,0,1,0,0,0,medio_baixo
9,10000.0,9,0.4444444444444444,7,2,1,0,0,0,0,1,0,0,0,1,0,medio_baixo
8,10000.0,19,0.8947368421052632,13,1,1,1,0,0,1,0,0,0,0,0,0,medio_alto
7,10000.0,14,1.0,3,2,1,0,0,0,1,0,0,1,0,0,0,baixo
6,35000.0,8,0.375,1,3,1,0,0,0,0,1,1,0,1,0,0,medio_alto
2,10000.0,4,1.0,1,3,1,0,0,0,1,1,1,0,0,0,0,medio_alto
7,10000.0,2,0.5,1,4,1,0,0,4,1,1,1,0,1,0,0,alto
5,10000.0,5,0.6,1,2,1,0,0,3,1,0,0,1,0,0,0,baixo
10,10000.0,37,0.7567567567567568,1,3,1,0,0,0,1,0,1,1,0,0,0,baixo
2,0.0,0,0.0,1,2,1,0,0,0,0,1,1,0,0,0,0,gratuito
10,35000.0,104,0.5769230769230769,1,2,1,0,0,0,0,0,0,1,0,0,0,baixo
10,75000.0,155,0.7548387096774194,1,4,1,0,0,3,1,0,1,1,1,0,0,baixo
3,10000.0,3,0.0,1,1,1,0,0,0,0,0,0,1,0,0,0,baixo
4,10000.0,30,0.6666666666666666,2,2,1,1,1,0,1,0,0,0,0,0,1,baixo
3,10000.0,10,0.8,2,5,1,0,0,0,1,0,0,0,1,1,1,alto
12,35000.0,168,0.7738095238095238,1,3,1,0,0,1,1,1,1,0,0,0,0,medio_baixo
8,10000.0,12,1.0,12,3,1,0,0,0,1,1,0,1,0,0,0,alto
3,0.0,0,0.0,0,0,1,0,0,0,0,0,0,0,0,0,0,gratuito
8,35000.0,20,0.45,5,2,1,0,0,0,0,0,1,1,0,0,0,baixo
3,10000.0,245,0.7020408163265306,12,6,1,0,0,0,1,1,1,0,1,0,1,alto
4,75000.0,6,0.8333333333333334,4,7,1,0,0,1,1,0,1,0,1,1,1,gratuito
1,0.0,0,0.0,0,0,1,0,0,0,0,0,0,0,0,0,0,gratuito
1,0.0,0,0.0,0,0,1,0,0,0,0,0,0,0,0,0,0,gratuito
3,10000.0,8,0.875,2,1,1,0,0,0,0,0,1,0,0,0,0,medio_baixo
3,10000.0,44,0.6590909090909091,15,4,1,0,0,1,0,1,1,0,0,0,1,alto
6,35000.0,1,1.0,5,5,1,0,0,0,1,1,1,1,0,0,1,medio_baixo
2,0.0,0,0.0,0,0,1,0,0,0,0,0,0,0,0,0,0,gratuito
3,10000.0,17,0.6470588235294118,2,5,1,0,0,0,1,1,1,0,1,0,0,medio_baixo
9,10000.0,47,0.851063829787234,1,4,1,0,0,0,1,1,0,0,0,0,0,medio_baixo
7,10000.0,221,0.9049773755656109,1,2,1,0,0,0,1,1,0,0,0,0,0,gratuito
4,10000.0,4,0.5,1,2,1,0,0,0,0,0,1,0,1,0,0,alto
3,0.0,0,0.0,0,0,1,0,0,0,0,0,0,0,0,0,0,gratuito
8,1500000.0,35807,0.882536934119027,14,4,1,1,0,2,1,1,1,0,0,0,1,medio_baixo
7,35000.0,208,0.8028846153846154,1,2,1,1,0,1,1,1,0,0,0,0,0,medio_baixo
10,150000.0,1306,0.6768759571209801,5,2,1,1,1,2,1,0,0,1,0,0,0,baixo
4,10000.0,11,0.5454545454545454,1,3,1,0,0,0,1,0,0,1,0,0,0,gratuito
9,150000.0,754,0.5755968169761273,1,5,1,1,1,6,1,0,1,1,1,1,0,baixo
1,0.0,0,0.0,1,5,1,0,1,0,1,1,0,1,0,0,0,gratuito
2,10000.0,1,0.0,26,3,1,0,0,0,1,0,0,0,1,1,0,medio_alto
2,10000.0,21,0.8571428571428571,1,3,1,0,0,1,1,0,1,0,1,0,0,medio_alto
7,10000.0,103,0.9320388349514563,7,3,1,0,0,1,1,1,1,0,0,0,0,medio_baixo
10,75000.0,24,0.5833333333333334,1,3,1,0,0,0,1,1,0,0,1,0,0,baixo
4,10000.0,11,0.9090909090909091,1,5,1,1,0,0,1,1,1,1,0,0,0,medio_baixo
7,10000.0,7,0.2857142857142857,3,3,1,0,0,0,1,0,1,1,0,0,0,medio_baixo
7,10000.0,65,0.7846153846153846,1,3,1,1,0,1,1,1,1,0,0,0,0,baixo
9,10000.0,71,0.9154929577464789,14,2,1,0,0,1,1,0,0,0,0,1,0,medio_baixo
1,0.0,0,0.0,0,0,1,0,0,0,0,0,0,0,0,0,0,gratuito
3,10000.0,1,0.0,2,4,1,0,0,0,1,1,0,0,0,1,0,medio_alto
2,10000.0,0,0.0,1,3,1,1,1,0,1,0,1,1,0,0,0,baixo
8,35000.0,128,0.9140625,1,1,1,1,1,0,0,0,0,1,0,0,0,gratuito
3,0.0,0,0.0,1,3,1,1,1,0,1,1,0,1,0,0,0,gratuito
8,10000.0,9,0.3333333333333333,1,2,1,0,0,0,1,0,0,1,0,0,0,baixo
10,350000.0,185,0.5567567567567567,1,2,1,0,0,0,1,0,0,1,0,0,0,baixo
4,10000.0,0,0.0,29,2,1,0,0,0,1,0,0,1,0,0,0,medio_baixo
3,0.0,0,0.0,0,0,1,0,0,0,0,0,0,0,0,0,0,gratuito
7,10000.0,5,0.8,3,4,1,0,0,0,1,0,0,0,0,1,1,alto
10,35000.0,121,0.768595041322314,1,1,1,1,0,0,0,0,1,0,0,0,0,baixo
2,0.0,0,0.0,0,0,1,0,0,0,0,0,0,0,0,0,0,gratuito
1,0.0,0,0.0,1,3,1,0,0,0,1,0,0,1,0,0,0,medio_alto
5,0.0,0,0.0,0,0,1,0,0,0,0,0,0,0,0,0,0,gratuito
2,0.0,0,0.0,1,5,1,0,1,1,1,1,1,0,1,0,0,gratuito
11,75000.0,644,0.8990683229813664,1,4,1,1,0,0,1,1,1,1,0,0,0,medio_alto
1,0.0,0,0.0,1,2,1,1,0,0,1,0,0,0,0,1,0,alto
10,35000.0,119,0.7647058823529411,1,2,1,0,0,0,1,1,0,0,0,0,0,baixo
1,10000.0,0,0.0,1,3,1,0,0,0,1,0,1,0,0,1,0,medio_baixo
7,35000.0,404,0.7945544554455446,2,3,1,0,0,0,1,1,1,0,0,0,0,gratuito
7,35000.0,145,0.9655172413793104,1,3,1,0,0,0,1,0,0,1,0,0,0,gratuito
7,10000.0,40,0.675,2,3,1,0,0,0,1,0,1,0,0,0,1,medio_alto
7,10000.0,194,0.865979381443299,9,2,1,1,1,0,0,0,1,1,0,0,0,medio_baixo
5,10000.0,3,0.3333333333333333,2,2,1,0,0,0,1,0,0,1,0,0,0,baixo
4,75000.0,210,0.8952380952380953,1,5,1,0,0,3,1,0,1,0,1,1,0,medio_alto
4,10000.0,16,0.6875,4,3,1,0,0,0,0,0,0,1,0,1,1,alto
8,10000.0,14,0.42857142857142855,1,3,1,0,0,0,1,1,1,0,0,0,0,medio_alto
1,10000.0,0,0.0,1,4,1,0,0,0,1,0,0,1,1,0,1,medio_alto
1,10000.0,168,0.875,14,3,1,0,0,0,1,1,0,1,0,0,0,medio_baixo
6,10000.0,47,0.8297872340425532,2,4,1,0,0,0,1,1,1,0,0,0,0,medio_alto
3,10000.0,0,0.0,1,3,1,0,0,0,1,0,1,1,0,0,0,baixo
5,10000.0,22,0.7727272727272727,6,3,1,0,0,0,1,0,0,1,0,0,1,medio_baixo
1,10000.0,0,0.0,1,3,1,1,1,0,1,0,1,1,0,0,0,medio_baixo
6,0.0,0,0.0,0,0,1,0,0,0,0,0,0,0,0,0,0,gratuito
3,3500000.0,38728,0.9138865936789919,1,5,1,0,0,0,1,1,0,0,0,1,1,gratuito
2,10000.0,10,0.7,10,2,1,0,0,0,1,0,1,0,0,0,0,baixo
2,10000.0,0,0.0,1,3,1,1,1,0,1,0,1,1,0,0,0,baixo
1,10000.0,155,0.8774193548387097,8,3,1,0,0,0,1,1,0,0,1,0,0,alto
6,10000.0,0,0.0,1,1,1,0,0,0,0,1,0,0,0,0,0,alto
1,10000.0,0,0.0,1,2,1,0,0,0,1,0,0,0,0,0,1,medio_alto
4,10000.0,2,1.0,1,2,1,0,0,0,0,0,1,0,1,0,0,medio_baixo
2,10000.0,4,0.75,2,2,1,0,0,0,1,0,1,0,0,0,0,medio_baixo
1,35000.0,12,1.0,11,4,1,0,0,0,1,1,1,0,0,0,1,baixo
7,10000.0,442,0.8212669683257918,1,3,1,1,1,6,1,0,1,0,0,1,0,medio_alto
10,35000.0,121,0.7768595041322314,1,2,1,0,0,0,1,1,0,0,0,0,0,baixo
12,350000.0,916,0.8537117903930131,9,3,1,1,1,0,1,1,0,1,0,0,0,baixo
3,0.0,0,0.0,0,0,1,0,0,0,0,0,0,0,0,0,0,gratuito
1,0.0,0,0.0,1,1,1,0,0,0,0,1,0,0,0,0,0,medio_baixo
3,10000.0,3,0.3333333333333333,1,3,1,0,0,0,1,1,1,0,0,0,0,baixo
4,0.0,0,0.0,0,0,1,0,0,0,0,0,0,0,0,0,0,gratuito
11,75000.0,421,0.7315914489311164,1,2,1,0,0,1,1,0,1,0,0,0,0,baixo
2,0.0,0,0.0,103,2,1,0,0,0,1,0,0,1,0,0,0,baixo
2,0.0,0,0.0,1,4,1,1,0,0,1,0,0,1,0,0,1,gratuito
1,10000.0,139,0.9136690647482014,14,3,1,1,0,1,1,0,0,0,0,1,1,alto
5,10000.0,51,0.5294117647058824,9,3,1,1,0,0,1,0,0,0,0,0,1,baixo
9,10000.0,14,0.6428571428571429,1,6,1,0,0,0,0,0,0,0,0,0,0,medio_alto
1,10000.0,0,0.0,27,2,1,1,1,0,1,0,0,0,0,0,1,baixo
5,0.0,0,0.0,1,3,1,0,0,0,1,0,1,0,0,0,0,gratuito
9,350000.0,2985,0.8485762144053601,1,4,1,1,1,1,1,0,0,0,1,1,0,gratuito
1,10000.0,0,0.0,5,1,1,0,0,1,1,0,0,0,0,0,0,medio_alto
2,10000.0,17,0.9411764705882353,2,4,1,0,0,0,1,0,0,1,1,0,0,baixo
2,0.0,0,0.0,0,0,1,0,0,0,0,0,0,0,0,0,0,gratuito
3,0.0,0,0.0,0,0,1,0,0,0,0,0,0,0,0,0,0,gratuito
10,10000.0,10,1.0,1,3,1,0,0,0,1,0,1,1,0,0,0,gratuito
6,10000.0,12,1.0,1,2,1,1,0,0,1,0,1,0,0,0,0,baixo
1,75000.0,481,0.8024948024948025,10,3,1,0,0,2,1,0,0,0,1,1,0,alto
7,10000.0,40,0.575,3,2,1,0,0,0,1,0,0,1,0,0,0,baixo
3,10000.0,2,1.0,8,4,1,0,0,0,1,1,1,1,0,0,0,medio_alto
2,10000.0,27,0.9259259259259259,1,3,1,0,0,0,1,1,1,0,0,0,0,baixo
2,0.0,0,0.0,15,5,1,0,1,0,1,0,1,1,1,0,1,baixo
7,10000.0,26,0.6923076923076923,1,3,1,1,1,0,1,0,0,1,0,0,1,medio_alto
4,35000.0,137,0.6715328467153284,14,7,1,1,0,0,1,1,1,0,1,0,1,alto
3,750000.0,29384,0.29550095289953715,12,3,1,0,0,0,1,0,0,0,0,0,1,alto
1,10000.0,29,0.9655172413793104,2,2,1,0,1,0,1,0,1,0,0,0,0,medio_baixo
4,10000.0,0,0.0,12,3,1,0,0,0,1,0,1,1,0,0,0,medio_baixo
8,10000.0,81,0.8148148148148148,8,4,1,0,1,1,1,0,0,1,0,1,1,baixo
4,10000.0,889,0.7457817772778402,12,2,1,1,1,1,1,0,0,0,1,0,0,alto
10,10000.0,6,0.6666666666666666,1,4,1,0,0,0,0,1,0,1,0,0,1,alto
4,10000.0,98,0.8367346938775511,1,5,1,0,0,0,1,0,0,0,1,1,1,alto
6,10000.0,1,1.0,2,1,1,0,0,0,0,0,0,0,0,0,1,medio_alto
6,10000.0,35,0.8,1,3,1,0,0,0,0,0,0,1,0,0,0,gratuito
1,0.0,0,0.0,1,4,1,0,0,0,1,1,0,1,0,0,0,medio_alto
2,10000.0,0,0.0,3,4,1,0,0,0,0,0,1,1,1,0,1,baixo
2,0.0,0,0.0,3,2,1,0,0,0,0,0,0,0,0,0,0,gratuito
3,10000.0,0,0.0,1,2,1,0,1,0,1,1,0,0,0,0,0,alto
4,0.0,0,0.0,0,0,1,0,0,0,0,0,0,0,0,0,0,gratuito
2,10000.0,3,1.0,1,2,1,0,0,0,1,0,0,1,0,0,0,baixo
17,350000.0,1971,0.8351090816844241,2,1,1,1,0,11,0,0,0,0,0,1,0,medio_alto
1,0.0,0,0.0,4,4,1,0,0,0,1,0,1,0,0,0,1,gratuito
8,10000.0,50,0.86,1,3,1,0,0,1,1,1,0,1,0,0,0,medio_baixo
13,35000.0,1034,0.4410058027079304,2,1,1,0,0,0,0,0,0,0,0,0,1,baixo
5,10000.0,59,0.8813559322033898,1,3,1,0,0,0,1,0,0,0,1,1,0,medio_alto
6,10000.0,7,0.5714285714285714,1,2,1,0,0,0,1,1,0,0,0,0,0,alto
8,10000.0,10,0.4,1,2,1,0,1,0,1,0,1,0,0,0,0,baixo
6,750000.0,7469,0.8753514526710403,6,5,1,1,0,6,1,1,1,0,1,1,0,medio_alto
9,35000.0,23,0.782608695652174,1,1,1,0,0,0,1,0,0,0,0,0,0,baixo
7,10000.0,15,0.3333333333333333,1,3,1,1,1,0,1,1,0,0,0,1,0,medio_baixo
3,0.0,0,0.0,0,0,1,0,0,0,0,0,0,0,0,0,0,gratuito
2,0.0,0,0.0,0,0,1,0,0,0,0,0,0,0,0,0,0,gratuito
11,10000.0,32,0.53125,1,3,1,0,1,0,1,0,0,0,0,0,0,baixo
5,10000.0,0,0.0,29,5,1,0,0,0,1,0,1,1,0,1,1,baixo
7,35000.0,491,0.9694501018329938,1,4,1,1,0,0,1,0,1,1,0,0,1,alto
2,75000.0,5,1.0,1,2,1,1,1,0,1,0,0,0,1,0,0,medio_baixo
1,35000.0,14,0.8571428571428571,9,6,1,0,0,0,1,1,1,1,1,0,1,baixo
7,10000.0,4,0.75,2,1,1,0,0,0,0,0,1,0,0,0,0,baixo
5,10000.0,4,0.25,2,1,1,0,0,0,0,0,0,0,0,0,1,alto
6,35000.0,442,0.9434389140271493,10,2,1,0,0,0,1,0,1,0,0,0,0,alto
3,10000.0,0,0.0,1,2,1,0,0,0,1,0,1,0,0,0,0,baixo
3,0.0,0,0.0,0,0,1,0,0,0,0,0,0,0,0,0,0,gratuito
4,10000.0,5,0.6,103,5,1,0,0,0,1,0,1,1,0,1,1,baixo
9,35000.0,1,0.0,1,2,1,0,0,0,0,0,0,1,0,1,0,medio_baixo
2,10000.0,0,0.0,2,1,1,0,0,0,0,0,1,0,0,0,0,medio_alto
2,10000.0,0,0.0,1,4,1,0,0,0,1,0,1,0,1,1,0,alto
7,10000.0,67,0.9253731343283582,3,3,1,1,0,0,1,0,1,1,0,0,0,gratuito
2,0.0,0,0.0,0,0,1,0,0,0,0,0,0,0,0,0,0,gratuito
8,10000.0,1,1.0,1,2,1,0,0,0,0,1,1,0,0,0,0,alto
7,10000.0,171,0.9766081871345029,1,2,1,0,0,0,1,1,0,0,0,0,0,alto
1,0.0,0,0.0,1,1,1,0,0,0,0,0,0,0,0,0,1,medio_alto
5,10000.0,24,0.8333333333333334,2,8,1,1,1,6,0,1,1,0,1,0,1,gratuito
2,10000.0,165,0.9878787878787879,4,3,1,0,0,0,1,0,1,1,0,0,0,baixo
1,0.0,0,0.0,1,2,1,0,0,0,1,1,0,0,0,0,0,medio_alto
9,10000.0,28,0.9285714285714286,1,3,1,1,0,0,1,1,0,1,0,0,0,medio_baixo
1,0.0,0,0.0,1,4,1,0,0,0,1,0,1,1,0,0,0,medio_baixo
3,0.0,0,0.0,103,3,1,0,1,0,1,0,0,1,0,0,1,medio_alto
3,10000.0,35,0.9142857142857143,1,2,1,0,0,0,1,0,1,0,0,0,0,medio_alto
6,10000.0,6,0.3333333333333333,2,2,1,0,0,0,0,1,1,0,0,0,0,medio_alto
6,10000.0,2,0.0,1,1,1,0,0,0,0,0,1,0,0,0,0,medio_alto
4,35000.0,689,0.9390420899854862,1,3,1,1,0,0,1,0,1,1,0,0,0,alto
3,10000.0,1,1.0,1,6,1,0,0,0,1,1,1,1,1,0,1,medio_alto
2,10000.0,20,0.95,1,3,1,0,0,0,0,0,0,0,1,1,1,baixo
1,10000.0,0,0.0,1,3,1,1,0,0,1,0,0,0,0,0,0,gratuito
2,10000.0,0,0.0,10,4,1,0,0,0,1,1,1,1,0,0,0,medio_baixo
3,0.0,0,0.0,0,0,1,0,0,0,0,0,0,0,0,0,0,gratuito
3,10000.0,6,0.6666666666666666,3,6,1,0,0,0,1,0,1,1,1,1,0,medio_alto
5,10000.0,0,0.0,1,3,1,0,0,0,1,0,0,1,0,0,0,gratuito
1,10000.0,0,0.0,9,3,1,0,0,2,1,1,1,0,0,0,0,alto
3,10000.0,10,0.8,1,4,1,0,0,0,1,1,1,0,1,0,0,baixo
7,35000.0,1,1.0,7,2,1,0,0,0,1,0,0,1,0,0,0,medio_baixo
3,150000.0,1365,0.9868131868131869,1,2,1,0,0,0,0,1,1,0,0,0,0,medio_baixo
1,0.0,0,0.0,1,1,1,0,0,0,0,1,0,0,0,0,0,alto
5,10000.0,47,0.9361702127659575,29,2,1,0,0,2,1,0,0,1,0,0,0,baixo
2,10000.0,0,0.0,1,3,1,0,0,0,1,1,1,0,0,0,0,baixo
2,0.0,0,0.0,1,5,1,0,0,0,1,0,0,0,1,0,1,gratuito
5,35000.0,33,0.8787878787878788,3,2,1,0,0,1,1,0,0,1,0,0,0,medio_baixo
4,0.0,0,0.0,0,0,1,0,0,0,0,0,0,0,0,0,0,gratuito
1,0.0,0,0.0,1,3,1,0,0,0,1,1,0,1,0,0,0,medio_baixo
3,10000.0,4,1.0,1,5,1,0,0,0,1,0,1,1,1,1,0,alto
2,10000.0,33,1.0,10,2,1,0,0,0,1,0,0,1,0,0,0,baixo
2,10000.0,135,0.9481481481481482,1,4,1,0,0,0,1,0,0,0,1,1,0,alto
3,10000.0,8,0.5,1,5,1,0,0,0,1,1,1,0,1,1,0,medio_alto
5,10000.0,15,0.8,2,5,1,0,0,0,1,1,0,1,0,0,1,medio_alto
5,10000.0,6,0.16666666666666666,1,2,1,0,0,0,1,0,0,1,0,0,0,baixo
2,10000.0,4,0.5,8,1,1,0,0,0,0,0,0,1,0,0,0,medio_baixo
1,0.0,0,0.0,1,1,1,0,0,0,1,0,0,0,0,0,0,medio_baixo
8,35000.0,204,0.8725490196078431,9,2,1,1,1,0,0,0,1,1,0,0,0,medio_alto
3,0.0,0,0.0,0,0,1,0,0,0,0,0,0,0,0,0,0,gratuito
12,75000.0,690,0.6521739130434783,16,7,1,1,1,0,1,1,1,0,1,1,1,alto
1,0.0,0,0.0,1,1,1,0,1,0,0,1,0,0,0,0,0,medio_baixo
4,10000.0,7,1.0,10,3,1,0,0,0,1,1,1,0,0,0,0,baixo
6,75000.0,25,0.72,9,4,1,1,0,0,1,1,1,0,1,0,0,alto
10,750000.0,2157,0.8395920259619842,9,5,1,1,1,0,1,1,0,1,0,1,0,gratuito
2,0.0,0,0.0,0,0,1,0,0,0,0,0,0,0,0,0,0,gratuito
7,10000.0,2,1.0,2,2,1,0,0,0,1,1,0,0,0,0,0,medio_baixo
4,10000.0,2,1.0,1,3,1,0,0,0,0,0,1,1,1,0,0,medio_baixo
1,0.0,0,0.0,1,3,1,0,1,0,1,1,0,1,0,0,0,alto
4,10000.0,14,0.21428571428571427,5,3,1,0,0,0,1,0,1,0,0,0,1,medio_baixo
4,0.0,0,0.0,1,3,1,0,0,0,0,0,0,1,0,1,0,gratuito
7,10000.0,478,0.897489539748954,2,2,1,1,1,2,1,0,1,0,0,0,0,medio_baixo
1,0.0,0,0.0,103,2,1,0,0,1,1,0,0,1,0,0,0,medio_baixo
1,0.0,0,0.0,1,2,1,0,0,0,0,0,0,0,0,0,1,alto
9,35000.0,949,0.964172813487882,7,1,1,0,0,0,0,0,1,0,0,0,0,alto
6,75000.0,6,1.0,1,3,1,0,0,0,1,1,0,1,0,0,0,medio_baixo
4,10000.0,4,1.0,1,3,1,0,0,0,1,1,1,0,0,0,0,medio_baixo
7,10000.0,68,0.7941176470588235,1,4,1,1,0,0,1,1,0,1,1,0,0,alto
4,10000.0,4,0.5,1,4,1,0,0,0,1,0,0,1,1,0,1,medio_baixo
2,0.0,0,0.0,1,3,1,1,0,0,0,0,0,1,0,0,1,gratuito
1,35000.0,293,0.9795221843003413,4,2,1,1,0,2,1,1,0,0,0,0,0,alto
2,10000.0,0,0.0,4,3,1,0,0,0,1,1,1,0,0,0,0,alto
3,10000.0,1,1.0,2,3,1,1,0,0,1,1,0,0,0,0,0,medio_alto
2,10000.0,1,1.0,1,2,1,0,0,0,0,0,1,0,1,0,0,baixo
6,150000.0,832,0.9615384615384616,1,2,1,1,1,0,1,0,0,0,0,1,0,gratuito
16,75000.0,1,1.0,1,1,1,0,0,3,0,0,0,0,0,1,0,medio_baixo
1,0.0,0,0.0,1,1,1,0,0,0,0,0,0,0,0,0,0,gratuito
4,10000.0,25,0.48,103,1,1,0,0,0,1,0,0,0,0,0,0,baixo
7,10000.0,10,0.9,1,2,1,0,0,0,0,0,0,1,0,1,0,baixo
4,10000.0,8,0.25,1,1,1,0,0,0,0,0,0,0,0,0,1,alto
2,0.0,0,0.0,1,5,1,0,1,1,1,1,0,1,0,0,1,gratuito
1,0.0,0,0.0,1,2,1,0,0,0,0,0,0,1,0,0,0,gratuito
3,10000.0,1,0.0,1,4,1,0,0,0,1,0,0,1,0,1,1,baixo
1,3500000.0,111032,0.9566251170833634,19,2,1,0,0,4,0,1,0,0,1,0,0,alto
1,0.0,0,0.0,0,0,1,0,0,0,0,0,0,0,0,0,0,gratuito
8,3500000.0,120602,0.9746521616556939,9,3,1,1,1,1,1,1,1,0,0,0,0,medio_alto
8,35000.0,3,0.3333333333333333,1,2,1,0,0,0,1,0,0,1,0,0,0,baixo
2,0.0,0,0.0,0,0,1,0,0,0,0,0,0,0,0,0,0,gratuito
5,35000.0,95,0.8526315789473684,1,3,1,0,0,0,0,0,1,1,0,0,1,alto
8,35000.0,502,0.8784860557768924,2,3,1,0,0,0,1,1,0,1,0,0,0,medio_alto
4,10000.0,0,0.0,1,1,1,0,0,4,0,0,0,1,0,0,0,alto
8,75000.0,333,0.9459459459459459,1,1,1,1,1,4,0,0,0,1,0,0,0,medio_alto
8,75000.0,392,0.6326530612244898,1,3,1,0,0,0,1,1,0,1,0,0,0,baixo
7,35000.0,278,0.7913669064748201,2,2,1,0,0,1,1,0,0,0,1,0,0,alto
4,35000.0,151,0.9735099337748344,1,3,1,0,0,1,0,0,1,1,1,0,0,medio_baixo
4,10000.0,23,0.6086956521739131,2,4,1,0,0,0,1,0,1,1,0,0,0,alto
5,35000.0,113,0.6106194690265486,2,3,1,0,0,0,1,0,0,0,1,0,1,alto
6,10000.0,22,0.45454545454545453,10,2,1,0,0,0,0,1,1,0,0,0,0,alto
2,10000.0,30,0.9666666666666667,4,2,1,0,0,1,1,1,0,0,0,0,0,alto
2,10000.0,2,1.0,2,3,1,0,0,0,1,1,0,1,0,0,0,baixo
2,10000.0,483,0.8385093167701864,11,3,1,0,0,0,0,1,0,0,0,0,0,medio_alto
1,10000.0,38,0.7105263157894737,2,2,1,0,0,0,1,0,0,0,1,0,0,alto
9,1500000.0,35826,0.9589962596996595,2,1,1,0,0,21,1,0,0,0,0,0,0,alto
3,10000.0,3,0.3333333333333333,1,2,1,0,0,0,0,0,0,1,0,0,0,baixo
4,0.0,0,0.0,3,1,1,0,0,3,0,0,1,0,0,0,0,gratuito
8,10000.0,54,0.6666666666666666,1,2,1,0,0,0,1,1,0,0,0,0,0,medio_baixo
1,10000.0,0,0.0,15,6,1,1,1,0,1,1,1,1,1,0,1,medio_baixo
5,0.0,0,0.0,2,1,1,0,0,0,0,0,0,1,0,0,0,gratuito
7,35000.0,290,0.6793103448275862,1,2,1,0,0,2,0,0,1,0,0,0,1,baixo
4,10000.0,0,0.0,1,2,1,0,0,0,1,0,0,1,0,0,0,alto
2,0.0,0,0.0,5,2,1,0,0,0,0,1,1,0,0,0,0,gratuito
8,10000.0,48,0.5625,1,4,1,0,0,0,1,1,1,0,0,0,0,alto
9,10000.0,65,0.9230769230769231,1,2,1,1,1,0,1,0,0,1,0,0,0,medio_baixo
1,10000.0,17,1.0,2,2,1,0,0,0,1,0,0,0,0,1,0,medio_baixo
3,10000.0,10,0.7,2,2,1,0,0,0,0,0,0,1,0,0,1,baixo
1,0.0,0,0.0,15,4,1,0,0,0,1,0,0,1,0,0,1,gratuito
3,10000.0,162,0.8641975308641975,2,5,1,0,0,0,1,0,1,0,1,1,0,medio_alto
1,10000.0,0,0.0,1,5,1,0,0,0,1,1,1,0,0,0,1,alto
7,10000.0,11,0.8181818181818182,1,3,1,0,0,0,1,1,0,1,0,0,0,medio_baixo
8,10000.0,9,0.5555555555555556,27,2,1,0,0,0,1,0,0,0,0,0,1,medio_alto
1,35000.0,85,0.6941176470588235,10,4,1,0,0,0,1,1,1,0,1,0,0,alto
8,35000.0,99,0.5757575757575758,29,3,1,0,0,1,1,0,1,1,0,0,0,baixo
5,10000.0,67,0.8059701492537313,2,5,1,1,0,0,1,1,1,1,0,0,0,gratuito
4,35000.0,41,0.7073170731707317,1,3,1,0,0,0,1,1,0,1,0,0,0,baixo
6,75000.0,1312,0.7324695121951219,9,2,1,0,0,3,0,1,1,0,0,0,0,alto
8,10000.0,255,0.8784313725490196,5,2,1,1,1,0,0,1,1,0,0,0,0,medio_baixo
1,10000.0,0,0.0,2,1,1,0,0,0,0,0,1,0,0,0,0,alto
6,350000.0,2027,0.9639861864824865,2,6,1,0,0,0,1,0,1,0,1,1,1,gratuito
8,75000.0,187,0.5508021390374331,9,4,1,0,0,0,0,0,0,0,0,0,0,medio_baixo
2,10000.0,2,1.0,1,2,1,0,0,0,0,0,0,0,0,0,1,medio_baixo
4,10000.0,24,1.0,1,4,1,0,0,0,1,1,0,1,0,0,0,gratuito
7,10000.0,14,0.42857142857142855,2,1,1,0,0,0,0,0,0,1,0,0,0,alto
2,10000.0,12,0.75,2,1,1,0,0,0,0,0,1,0,0,0,0,baixo
6,35000.0,4,0.25,1,2,1,0,0,0,1,0,1,0,0,0,0,medio_baixo
3,10000.0,307,0.742671009771987,12,3,1,0,0,0,1,0,0,0,0,1,1,alto
3,10000.0,3,1.0,3,1,1,0,0,0,0,0,0,1,0,0,0,alto
2,10000.0,0,0.0,9,3,1,0,0,0,1,0,0,1,0,1,0,medio_alto
4,10000.0,4,1.0,1,2,1,0,0,0,0,0,1,1,0,0,0,baixo
4,35000.0,275,0.7454545454545455,1,4,1,0,0,0,1,1,1,0,0,0,0,baixo
1,10000.0,10,1.0,1,5,1,0,0,0,1,1,1,1,0,1,0,medio_baixo
5,10000.0,2,1.0,1,1,1,0,0,0,1,0,0,0,0,0,0,baixo
3,0.0,0,0.0,0,0,1,0,0,0,0,0,0,0,0,0,0,gratuito
5,0.0,0,0.0,0,0,1,0,0,0,0,0,0,0,0,0,0,gratuito
2,0.0,0,0.0,0,0,1,0,0,0,0,0,0,0,0,0,0,gratuito
4,0.0,0,0.0,1,5,1,0,0,0,1,0,0,1,1,1,0,gratuito
3,10000.0,8,1.0,18,2,1,0,0,0,1,0,0,0,0,0,1,medio_baixo
1,10000.0,2,1.0,1,2,1,0,0,2,0,0,0,0,0,0,1,gratuito
6,10000.0,2,0.5,1,1,1,0,0,0,0,0,0,0,0,0,0,alto
5,0.0,0,0.0,0,0,1,0,0,0,0,0,0,0,0,0,0,gratuito
2,10000.0,2,0.0,1,2,1,0,0,0,0,0,0,1,1,0,0,baixo
4,10000.0,4,0.25,8,3,1,0,0,1,0,1,1,0,1,0,0,baixo
8,10000.0,5,1.0,1,3,1,1,1,0,1,1,1,0,0,0,0,baixo
2,10000.0,339,0.7374631268436578,29,4,1,0,0,0,1,0,0,1,0,0,1,medio_alto
2,10000.0,1,0.0,1,1,1,0,0,0,0,1,0,0,0,0,0,medio_baixo
14,1500000.0,5985,0.7172932330827068,1,3,1,1,0,0,1,1,0,0,0,1,0,alto
2,10000.0,0,0.0,1,2,1,0,0,0,1,0,0,0,0,0,1,medio_alto
8,10000.0,20,0.85,1,4,1,0,1,0,1,0,1,1,0,0,1,baixo
7,10000.0,12,0.5833333333333334,8,5,1,0,0,0,1,1,0,1,0,0,0,medio_baixo
1,0.0,0,0.0,0,0,1,0,0,0,0,0,0,0,0,0,0,gratuito
2,10000.0,2,0.0,4,2,1,0,0,1,0,0,1,1,0,0,0,medio_baixo
3,10000.0,0,0.0,1,1,1,0,0,0,0,0,0,1,0,0,0,baixo
4,10000.0,0,0.0,28,3,1,0,0,0,1,1,0,1,0,0,0,baixo
6,10000.0,41,0.4878048780487805,13,2,1,0,0,0,1,0,0,1,0,0,0,baixo
2,0.0,0,0.0,0,0,1,0,0,0,0,0,0,0,0,0,0,gratuito
6,10000.0,31,0.9354838709677419,1,5,1,0,0,0,1,1,0,1,0,1,0,alto
9,10000.0,105,0.9714285714285714,1,3,1,0,0,0,1,1,0,1,0,0,0,baixo
1,10000.0,0,0.0,1,2,1,0,0,0,0,1,1,0,0,0,0,baixo
3,10000.0,0,0.0,1,2,1,0,0,0,0,1,1,0,0,0,0,baixo
3,10000.0,10,0.9,2,3,1,0,0,0,1,0,0,1,0,0,1,baixo
2,0.0,0,0.0,1,4,1,0,0,0,0,0,0,1,0,1,1,gratuito
1,10000.0,0,0.0,8,4,1,0,1,0,1,1,0,1,0,1,0,medio_baixo
1,0.0,0,0.0,0,0,1,0,0,0,0,0,0,0,0,0,0,gratuito
2,10000.0,12,1.0,1,5,1,0,0,0,1,1,1,0,0,0,0,gratuito
1,10000.0,2,1.0,5,3,1,0,0,0,1,0,1,1,0,0,0,medio_baixo
11,150000.0,87,0.3448275862068966,1,3,1,0,0,0,1,1,1,0,0,0,0,baixo
1,10000.0,10,0.7,11,4,1,0,0,0,1,1,1,1,0,0,0,medio_alto
8,10000.0,4,0.0,1,2,1,1,1,0,1,0,1,0,0,0,0,baixo
1,10000.0,9,0.8888888888888888,30,4,1,0,1,0,1,1,1,1,0,0,0,baixo
10,75000.0,140,0.40714285714285714,1,2,1,0,0,0,0,1,0,1,0,0,0,baixo
2,35000.0,88,0.9886363636363636,1,1,1,0,1,1,1,0,0,0,0,0,0,gratuito
3,10000.0,21,0.8095238095238095,28,3,1,0,1,0,1,0,0,1,0,0,1,medio_baixo
1,10000.0,381,0.7874015748031497,2,3,1,0,0,0,0,0,0,0,1,0,0,alto
1,10000.0,3,1.0,1,2,1,0,0,0,1,1,0,0,0,0,0,medio_alto
1,0.0,0,0.0,30,3,1,1,1,0,0,0,0,1,1,0,1,medio_alto
2,10000.0,8,1.0,1,1,1,0,1,0,0,0,0,0,0,1,0,medio_alto
1,0.0,0,0.0,29,3,1,1,1,0,1,1,0,0,0,0,0,alto
10,10000.0,82,0.9634146341463414,12,3,1,1,1,0,1,0,1,1,0,0,0,medio_alto
10,75000.0,112,0.625,1,1,1,0,0,0,0,0,0,1,0,0,0,baixo
2,10000.0,198,0.6060606060606061,1,5,1,0,0,0,0,1,0,1,0,1,1,alto
1,0.0,0,0.0,0,0,1,0,0,0,0,0,0,0,0,0,0,gratuito
7,10000.0,4,0.0,4,5,1,0,0,0,1,1,0,1,0,0,0,alto
1,0.0,0,0.0,0,0,1,0,0,0,0,0,0,0,0,0,0,gratuito
1,0.0,0,0.0,2,2,1,0,0,0,0,0,0,0,0,1,0,gratuito
7,10000.0,0,0.0,1,6,1,0,0,0,1,0,1,1,1,1,1,alto
2,10000.0,22,0.7272727272727273,1,4,1,1,1,0,1,1,1,1,0,0,0,baixo
2,0.0,0,0.0,0,0,1,0,0,0,0,0,0,0,0,0,0,gratuito
8,10000.0,13,1.0,1,1,1,0,0,0,0,0,0,0,0,1,0,alto
9,10000.0,184,0.8260869565217391,2,4,1,1,0,3,1,0,1,1,1,0,0,alto
6,10000.0,10,1.0,1,1,1,0,0,0,0,0,1,0,0,0,0,alto
9,35000.0,100,0.87,1,3,1,1,1,0,1,1,0,1,0,0,0,baixo
1,10000.0,0,0.0,3,1,1,1,0,0,0,0,1,0,0,0,0,alto
2,10000.0,8,1.0,1,1,1,0,0,0,0,1,0,0,0,0,0,medio_alto
4,10000.0,3,1.0,1,5,1,0,0,0,1,1,1,0,1,0,1,medio_baixo
11,35000.0,370,0.7513513513513513,8,3,1,1,1,3,1,1,1,0,0,0,0,medio_alto
10,10000.0,152,0.9671052631578947,3,3,1,1,0,0,1,0,1,0,1,0,0,alto
11,35000.0,187,0.6417112299465241,1,2,1,0,0,0,1,0,1,0,0,0,0,baixo
1,0.0,0,0.0,1,2,1,0,0,0,1,0,1,0,0,0,0,medio_baixo
2,10000.0,13,0.7692307692307693,1,4,1,0,1,0,1,1,0,1,0,1,0,medio_alto
3,10000.0,10,0.9,7,3,1,0,0,0,1,1,1,0,0,0,0,baixo
2,0.0,0,0.0,2,5,1,0,0,0,0,1,1,0,1,1,0,gratuito
6,35000.0,315,0.9238095238095239,1,4,1,0,0,1,1,0,0,0,1,0,0,gratuito
2,10000.0,0,0.0,1,3,1,0,0,0,0,1,0,1,1,0,0,alto
4,0.0,0,0.0,0,0,1,0,0,0,0,0,0,0,0,0,0,gratuito
4,10000.0,1,1.0,1,2,1,1,0,0,1,1,0,0,0,0,0,medio_alto
2,0.0,0,0.0,1,1,1,1,1,0,0,0,0,0,0,0,1,gratuito
3,10000.0,3,1.0,7,3,1,0,0,0,1,0,0,1,0,0,1,alto
3,10000.0,6,0.5,2,2,1,0,0,0,0,0,0,1,0,1,0,medio_alto
3,10000.0,22,0.5454545454545454,26,4,1,0,0,0,1,0,1,1,0,1,0,baixo
8,10000.0,7,0.8571428571428571,1,4,1,0,0,0,1,1,0,1,0,1,0,gratuito
9,10000.0,16,0.25,1,5,1,0,0,0,1,1,0,0,0,0,0,medio_alto
6,10000.0,0,0.0,2,1,1,1,0,0,0,0,1,0,0,0,0,medio_alto
1,10000.0,0,0.0,11,2,1,0,0,0,0,1,0,0,0,1,0,medio_baixo
5,10000.0,2,1.0,1,1,1,0,0,0,1,0,0,0,0,0,0,baixo
1,0.0,0,0.0,0,0,1,0,0,0,0,0,0,0,0,0,0,gratuito
2,10000.0,9,0.8888888888888888,2,3,1,0,0,0,1,0,1,0,0,0,1,baixo
3,0.0,0,0.0,30,3,1,0,0,0,0,0,1,0,1,0,1,medio_baixo
2,10000.0,2,0.0,1,2,1,0,0,0,0,0,1,1,0,0,0,baixo
6,10000.0,2,1.0,1,5,1,0,0,0,1,0,1,1,0,1,1,baixo
1,0.0,0,0.0,1,2,1,1,1,0,0,1,1,0,0,0,0,baixo
2,10000.0,0,0.0,1,1,1,0,0,0,0,0,0,0,0,1,0,baixo
4,10000.0,3,1.0,1,5,1,0,0,0,1,0,0,1,1,1,1,medio_baixo
1,0.0,0,0.0,1,2,1,0,0,0,0,0,0,1,0,1,0,alto
8,10000.0,10,0.8,1,2,1,0,0,0,1,0,1,0,0,0,0,alto
3,10000.0,14,1.0,1,3,1,0,0,0,1,0,0,1,0,0,0,medio_baixo
5,150000.0,635,0.8173228346456692,3,4,1,0,0,1,1,0,1,0,0,1,1,medio_baixo
1,10000.0,38,0.868421052631579,2,1,1,0,0,0,1,0,0,0,0,0,0,medio_baixo
1,0.0,0,0.0,1,2,1,0,0,0,1,0,0,1,0,0,0,medio_baixo
1,10000.0,0,0.0,1,4,1,0,0,0,1,1,1,1,0,0,0,baixo
4,150000.0,1371,0.712618526622903,1,3,1,0,0,2,1,0,0,1,0,1,0,baixo
1,10000.0,3,1.0,1,2,1,0,0,0,1,0,0,0,0,1,0,medio_baixo
6,10000.0,19,0.5263157894736842,1,6,1,0,0,0,1,1,1,0,0,0,1,alto
4,0.0,0,0.0,2,2,1,0,0,0,0,0,1,0,0,0,0,gratuito
6,10000.0,28,0.8571428571428571,2,3,1,0,1,0,1,0,1,1,0,0,0,baixo
3,0.0,0,0.0,103,2,1,0,0,1,1,0,0,1,0,0,0,gratuito
2,10000.0,26,0.9615384615384616,1,3,1,0,0,0,0,1,0,0,1,0,0,medio_baixo
6,10000.0,494,0.8643724696356275,11,2,1,0,0,0,1,0,1,0,0,0,0,baixo
1,10000.0,154,0.8116883116883117,15,4,1,0,1,0,1,0,0,1,0,1,1,alto
2,10000.0,7,1.0,1,4,1,0,0,0,1,0,0,0,1,0,1,alto
3,10000.0,7,0.8571428571428571,1,3,1,0,0,0,1,0,1,1,0,0,0,gratuito
1,0.0,0,0.0,10,3,1,0,0,0,1,1,1,0,0,0,0,medio_alto
1,10000.0,0,0.0,1,3,1,1,1,0,1,0,0,0,0,1,1,alto
9,35000.0,315,0.5301587301587302,1,4,1,0,0,0,1,0,0,0,1,1,1,medio_alto
2,10000.0,1,0.0,1,2,1,0,0,0,1,0,0,0,0,0,1,medio_baixo
8,10000.0,11,0.9090909090909091,1,1,1,0,0,0,0,0,0,0,0,0,0,gratuito
3,10000.0,12,1.0,7,1,1,1,1,0,0,0,0,1,0,0,0,baixo
2,10000.0,1,0.0,1,4,1,0,0,0,1,0,0,1,0,1,1,alto
5,0.0,0,0.0,0,0,1,0,0,0,0,0,0,0,0,0,0,gratuito
2,0.0,0,0.0,0,0,1,0,0,0,0,0,0,0,0,0,0,gratuito
2,10000.0,5,0.2,4,1,1,0,1,0,1,0,0,0,0,0,0,medio_baixo
7,10000.0,0,0.0,1,1,1,0,0,0,1,0,0,0,0,0,0,medio_alto
5,150000.0,9,0.8888888888888888,1,2,1,0,0,0,0,0,0,0,0,1,1,baixo
1,10000.0,0,0.0,3,3,1,0,0,0,1,0,1,0,0,0,1,medio_baixo
1,0.0,0,0.0,1,3,1,0,0,0,1,0,1,0,1,0,0,baixo
2,10000.0,2,0.5,13,3,1,0,0,0,1,0,0,0,0,0,1,medio_baixo
2,10000.0,0,0.0,1,3,1,0,0,0,1,0,0,1,0,0,0,gratuito
8,10000.0,9,0.3333333333333333,25,4,1,0,0,0,1,0,0,1,1,1,0,medio_alto
9,35000.0,59,0.6440677966101694,1,2,1,1,1,0,1,0,0,1,0,0,0,baixo
4,10000.0,0,0.0,29,2,1,0,0,0,1,0,0,1,0,0,0,baixo
7,75000.0,1379,0.8716461203770849,10,4,1,1,1,0,1,1,1,0,1,0,0,medio_alto
5,10000.0,2,0.0,1,1,1,0,0,0,1,0,0,0,0,0,0,medio_baixo
5,35000.0,7,0.7142857142857143,1,1,1,1,0,0,0,0,0,0,0,0,1,medio_alto
5,10000.0,11,0.8181818181818182,1,4,1,1,1,0,1,1,1,0,0,0,1,gratuito
2,10000.0,2,1.0,1,2,1,0,0,0,1,0,0,1,0,0,0,medio_baixo
4,350000.0,487,0.9075975359342916,1,2,1,0,0,0,0,1,0,0,0,0,0,alto
1,10000.0,0,0.0,1,3,1,0,0,1,1,0,0,0,1,1,0,medio_alto
16,150000.0,372,0.7096774193548387,4,1,1,0,0,0,0,1,0,0,0,0,0,baixo
4,10000.0,49,0.8571428571428571,4,3,1,0,0,1,1,0,1,1,0,0,0,baixo
5,350000.0,6,0.6666666666666666,1,5,1,0,0,0,1,0,1,1,1,1,0,medio_alto
9,10000.0,26,0.5769230769230769,3,3,1,0,0,0,1,0,0,1,0,0,1,medio_baixo
7,10000.0,6,0.6666666666666666,2,4,1,0,0,0,1,1,0,0,0,1,0,alto
6,350000.0,7777,0.935064935064935,5,1,1,0,0,0,0,1,0,0,0,0,0,medio_baixo
7,10000.0,8,0.625,10,6,1,1,1,0,0,1,1,1,0,1,1,baixo
2,10000.0,212,0.9292452830188679,2,4,1,0,0,0,1,0,0,1,0,0,1,alto
1,10000.0,0,0.0,16,4,1,1,1,0,1,1,1,0,0,0,1,alto
1,0.0,0,0.0,1,2,1,1,0,0,0,0,1,0,1,0,0,alto
9,10000.0,41,0.7804878048780488,1,3,1,1,1,0,1,0,1,0,1,0,0,medio_alto
1,10000.0,0,0.0,27,2,1,1,1,0,1,0,0,0,0,0,1,baixo
3,0.0,0,0.0,2,3,1,0,1,1,0,0,0,0,0,0,0,gratuito
4,10000.0,3,0.0,1,3,1,0,0,0,1,1,1,0,0,0,0,baixo
10,75000.0,233,0.5407725321888412,2,2,1,0,0,0,1,1,0,0,0,0,0,alto
2,150000.0,2568,0.8512461059190031,9,4,1,1,0,2,1,0,1,0,1,1,0,alto
1,10000.0,32,1.0,1,2,1,1,1,0,1,1,0,0,0,0,0,alto
9,10000.0,25,0.48,1,3,1,0,1,0,1,1,1,0,0,0,0,baixo
6,10000.0,74,0.8783783783783784,2,4,1,0,0,1,1,0,0,1,0,1,1,baixo
1,0.0,0,0.0,0,0,1,0,0,0,0,0,0,0,0,0,0,gratuito
9,350000.0,162,0.6049382716049383,1,2,1,0,0,0,1,0,0,1,0,0,0,baixo
6,10000.0,20,0.95,23,3,1,0,1,0,1,0,0,1,0,1,0,medio_baixo
5,10000.0,6,0.3333333333333333,1,3,1,0,0,0,1,1,1,0,0,0,0,alto
2,10000.0,1,0.0,1,4,1,0,0,0,1,0,0,1,0,1,0,baixo
1,0.0,0,0.0,0,0,1,0,0,0,0,0,0,0,0,0,0,gratuito
5,350000.0,13397,0.9526759722325894,14,4,1,0,0,1,1,1,1,0,1,0,0,medio_alto
5,10000.0,0,0.0,3,3,1,0,0,0,1,1,1,0,0,0,0,medio_baixo
9,10000.0,4,0.25,1,4,1,0,0,0,1,1,1,0,0,0,0,medio_baixo
2,10000.0,1,1.0,1,2,1,0,0,0,0,0,1,0,1,0,0,medio_alto
5,0.0,0,0.0,4,2,1,0,0,0,0,0,0,1,0,0,0,gratuito
8,10000.0,64,0.84375,7,2,1,1,1,0,1,1,0,0,0,0,0,medio_alto
9,35000.0,27,0.5555555555555556,1,3,1,0,0,0,1,0,0,1,0,1,0,gratuito
8,150000.0,955,0.7340314136125654,10,5,1,0,0,1,1,1,1,1,0,0,1,alto
1,0.0,0,0.0,0,0,1,0,0,0,0,0,0,0,0,0,0,gratuito
4,10000.0,27,1.0,1,4,1,0,0,0,1,0,1,1,0,0,0,gratuito
8,75000.0,164,0.5914634146341463,3,4,1,0,0,0,1,0,1,0,1,1,0,medio_baixo
1,10000.0,2,1.0,1,6,1,0,0,0,1,1,1,1,0,0,0,gratuito
1,10000.0,0,0.0,10,5,1,0,0,1,1,1,1,0,1,0,0,alto
8,10000.0,2,1.0,1,1,1,0,0,0,0,0,0,1,0,0,0,baixo
2,10000.0,0,0.0,2,3,1,0,0,0,1,0,0,1,0,0,1,medio_alto
6,35000.0,573,0.675392670157068,29,2,1,0,0,1,1,0,0,1,0,0,0,medio_baixo
2,10000.0,5,1.0,1,2,1,0,0,0,0,1,0,0,0,1,0,gratuito
8,10000.0,2,0.5,1,3,1,0,0,0,1,1,1,0,0,0,0,baixo
3,10000.0,0,0.0,16,3,1,0,0,0,0,0,1,1,0,0,1,alto
1,10000.0,0,0.0,1,6,1,0,0,0,1,1,0,0,1,1,0,gratuito
1,10000.0,0,0.0,1,4,1,0,0,0,1,0,1,1,0,0,0,gratuito
1,10000.0,0,0.0,1,3,1,0,0,0,1,1,1,0,0,0,0,medio_baixo
9,10000.0,10,0.7,1,2,1,0,0,0,1,0,1,0,0,0,0,gratuito
7,75000.0,449,0.688195991091314,11,1,1,1,0,0,0,0,0,0,0,1,0,medio_baixo
2,0.0,0,0.0,5,2,1,0,0,1,0,0,1,0,0,0,0,gratuito
11,35000.0,112,0.3125,3,4,1,0,0,0,1,1,1,1,0,0,0,medio_baixo
2,10000.0,2,1.0,1,3,1,0,0,0,1,1,1,0,0,0,0,baixo
5,10000.0,0,0.0,7,2,1,0,1,0,1,0,0,1,0,0,0,baixo
16,150000.0,488,0.8975409836065574,11,2,1,1,0,0,1,0,0,1,0,0,0,alto
5,35000.0,814,0.5786240786240786,1,5,1,0,0,0,1,1,1,0,1,1,0,medio_baixo
1,0.0,0,0.0,0,0,1,0,0,0,0,0,0,0,0,0,0,gratuito
3,0.0,0,0.0,1,3,1,0,0,0,0,0,0,1,0,1,0,gratuito
9,35000.0,9,0.4444444444444444,1,5,1,0,0,0,1,0,1,1,0,1,0,baixo
6,10000.0,28,0.8214285714285714,2,1,1,0,0,0,0,0,0,0,0,0,0,medio_baixo
3,10000.0,109,0.6422018348623854,3,3,1,0,0,1,0,0,1,0,1,1,0,alto
1,0.0,0,0.0,0,0,1,0,0,0,0,0,0,0,0,0,0,gratuito
1,0.0,0,0.0,1,4,1,0,0,0,1,0,1,1,1,0,0,baixo
1,10000.0,0,0.0,5,3,1,0,0,0,1,1,1,0,0,0,0,alto
9,10000.0,9,0.7777777777777778,1,5,1,1,1,0,1,1,1,0,0,1,0,medio_baixo
2,35000.0,98,0.5510204081632653,1,1,1,0,0,0,1,0,0,0,0,0,0,medio_alto
4,10000.0,14,0.6428571428571429,1,3,1,0,0,0,0,1,1,1,0,0,0,baixo
12,35000.0,341,0.6774193548387096,2,2,1,0,1,0,0,1,1,0,0,0,0,medio_baixo
1,0.0,0,0.0,103,3,1,0,0,0,1,0,0,1,0,1,0,baixo
8,10000.0,16,0.4375,5,2,1,0,1,0,0,0,0,0,0,1,1,alto
2,0.0,0,0.0,0,0,1,0,0,0,0,0,0,0,0,0,0,gratuito
4,10000.0,11,1.0,1,1,1,1,0,0,0,0,0,1,0,0,0,medio_alto
6,10000.0,6,0.5,4,2,1,0,0,0,1,0,0,1,0,0,0,medio_alto
3,10000.0,7,0.7142857142857143,2,1,1,0,0,0,1,0,0,0,0,0,0,medio_baixo
9,10000.0,32,0.5,1,2,1,0,0,1,1,0,1,0,0,0,0,gratuito
5,10000.0,0,0.0,3,3,1,0,0,0,1,0,1,1,0,0,0,medio_baixo
7,10000.0,7,1.0,2,3,1,1,1,0,1,1,1,0,0,0,0,medio_baixo
1,0.0,0,0.0,2,4,1,0,0,0,1,1,0,0,1,0,0,gratuito
1,10000.0,0,0.0,9,4,1,0,0,0,1,0,0,1,0,0,1,baixo
2,10000.0,2,0.0,2,2,1,0,0,0,1,0,0,0,0,0,1,medio_baixo
9,10000.0,30,0.6333333333333333,1,4,1,0,0,0,1,0,1,1,0,0,1,alto
5,35000.0,43,0.9767441860465116,2,3,1,0,0,1,1,1,1,0,0,0,0,medio_baixo
1,0.0,0,0.0,20,5,1,0,0,0,0,1,1,0,1,0,0,gratuito
3,10000.0,0,0.0,1,4,1,0,0,0,1,0,1,1,1,0,0,gratuito
1,10000.0,5,1.0,2,6,1,0,0,0,1,0,1,1,1,1,0,medio_baixo
1,10000.0,0,0.0,1,4,1,0,0,0,1,0,0,1,0,1,1,medio_baixo
9,10000.0,80,0.9,2,5,1,0,0,0,1,1,0,1,0,0,1,medio_alto
5,75000.0,203,0.9753694581280788,1,2,1,0,0,1,1,0,1,0,0,0,0,baixo
7,35000.0,96,0.8333333333333334,2,3,1,0,0,0,1,1,0,0,0,0,0,gratuito
6,35000.0,3,1.0,1,2,1,0,0,1,1,1,0,0,0,0,0,medio_baixo
4,10000.0,12,0.75,3,2,1,1,1,0,1,0,1,0,0,0,0,medio_baixo
5,35000.0,96,0.8229166666666666,1,2,1,1,1,1,1,0,1,0,0,0,0,medio_baixo
8,75000.0,286,0.7622377622377622,1,2,1,0,0,0,1,1,0,0,0,0,0,alto
3,10000.0,21,1.0,1,4,1,0,0,0,1,1,1,1,0,0,0,baixo
7,10000.0,1,1.0,2,2,1,0,0,0,1,0,0,1,0,0,0,medio_alto
3,10000.0,8,0.875,2,4,1,0,0,0,1,1,0,1,0,0,1,alto
2,10000.0,3,0.6666666666666666,2,2,1,0,0,0,1,0,0,1,0,0,0,medio_baixo
15,350000.0,325,0.6492307692307693,1,4,1,0,0,0,1,1,0,1,0,1,0,baixo
5,0.0,0,0.0,0,0,1,0,0,0,0,0,0,0,0,0,0,gratuito
1,10000.0,4,1.0,2,4,1,0,0,0,1,1,0,1,0,0,0,medio_alto
2,10000.0,55,0.9454545454545454,8,2,1,1,1,1,1,0,0,0,0,0,1,alto
2,0.0,0,0.0,0,0,1,0,0,0,0,0,0,0,0,0,0,gratuito
6,10000.0,96,0.875,1,1,1,0,0,0,0,0,0,0,0,0,0,gratuito
1,0.0,0,0.0,1,2,1,0,0,0,0,1,0,0,0,0,0,gratuito
4,10000.0,0,0.0,1,2,1,0,0,0,1,1,0,0,0,0,0,alto
2,10000.0,0,0.0,1,3,1,0,0,1,1,0,0,0,1,0,0,gratuito
1,10000.0,0,0.0,1,4,1,0,0,0,1,0,0,1,0,1,0,medio_baixo
6,10000.0,14,0.7857142857142857,1,4,1,0,0,0,1,0,0,1,0,1,0,gratuito
2,10000.0,0,0.0,1,2,1,0,0,0,1,0,0,0,0,0,1,alto
1,0.0,0,0.0,1,2,1,0,0,0,0,0,1,0,0,0,0,gratuito
2,10000.0,2,0.5,1,2,1,0,0,0,1,1,0,0,0,0,0,baixo
8,10000.0,170,0.5941176470588235,1,3,1,0,0,0,1,0,0,1,0,0,1,alto
4,10000.0,2,1.0,1,3,1,0,0,0,1,1,1,0,0,0,0,medio_alto
1,0.0,0,0.0,2,6,1,0,0,0,0,1,1,1,1,0,0,gratuito
2,10000.0,0,0.0,1,1,1,0,0,0,0,0,0,0,0,1,0,medio_baixo
8,10000.0,19,1.0,2,2,1,0,0,0,1,0,0,0,0,0,0,alto
6,10000.0,6,0.6666666666666666,1,1,1,1,1,0,1,0,0,0,0,0,0,baixo
2,10000.0,10,1.0,12,2,1,0,0,0,1,0,0,1,0,0,0,baixo
4,10000.0,0,0.0,103,5,1,0,0,0,1,0,1,1,0,1,1,medio_baixo
5,10000.0,160,0.94375,3,3,1,0,0,1,1,1,1,0,0,0,0,alto
5,35000.0,166,0.8674698795180723,5,3,1,0,0,0,1,0,0,0,0,1,1,baixo
15,150000.0,405,0.562962962962963,6,1,1,0,0,0,0,0,1,0,0,0,0,baixo
8,35000.0,660,0.8590909090909091,1,2,1,0,0,0,1,1,0,0,0,0,0,medio_baixo
10,35000.0,392,0.8035714285714286,3,4,1,0,0,0,1,0,0,1,0,0,1,baixo
2,10000.0,3,0.6666666666666666,10,3,1,1,0,0,1,0,0,1,0,1,0,medio_alto
5,35000.0,412,0.7936893203883495,2,5,1,1,0,0,1,0,1,0,1,1,0,medio_baixo
1,0.0,0,0.0,3,2,1,0,0,0,1,0,1,0,0,0,0,medio_baixo
4,350000.0,3108,0.9111969111969112,14,4,1,0,0,0,0,0,0,0,1,1,1,alto
5,10000.0,80,0.7,4,3,1,0,0,0,1,0,0,1,0,1,0,baixo
1,10000.0,0,0.0,1,3,1,0,0,0,1,0,0,1,0,0,1,medio_alto
6,10000.0,127,0.7244094488188977,5,2,1,0,1,0,1,0,0,0,0,0,1,medio_baixo
2,10000.0,0,0.0,2,3,1,0,0,0,0,0,0,1,0,1,1,medio_baixo
1,0.0,0,0.0,103,2,1,0,0,0,1,0,0,1,0,0,0,medio_baixo
10,35000.0,162,0.8518518518518519,5,2,1,0,0,0,1,0,0,0,0,1,0,medio_baixo
3,35000.0,4,1.0,3,3,1,1,0,1,1,0,1,1,0,0,0,medio_alto
1,10000.0,0,0.0,11,2,1,0,0,0,1,0,0,1,0,0,0,baixo
15,150000.0,965,0.8590673575129534,5,2,1,1,0,0,0,0,1,1,0,0,0,medio_baixo
16,35000.0,91,0.6593406593406593,3,1,1,0,0,0,0,0,0,1,0,0,0,baixo
3,10000.0,7,0.8571428571428571,1,2,1,0,0,0,0,1,0,1,0,0,0,medio_alto
1,0.0,0,0.0,1,5,1,0,0,0,1,1,1,0,0,1,0,gratuito
11,35000.0,117,0.8461538461538461,1,2,1,0,0,0,1,1,0,0,0,0,0,medio_baixo
2,350000.0,998,0.9428857715430862,9,2,1,0,0,0,0,1,0,0,0,1,0,medio_baixo
1,0.0,0,0.0,1,4,1,0,0,0,1,1,0,1,0,0,0,alto
1,0.0,0,0.0,30,3,1,1,1,0,1,0,0,1,0,0,1,alto
4,10000.0,0,0.0,2,1,1,0,0,0,0,1,0,0,0,0,0,medio_baixo
1,10000.0,0,0.0,1,5,1,0,0,0,1,0,0,1,0,1,1,gratuito
3,0.0,0,0.0,0,0,1,0,0,0,0,0,0,0,0,0,0,gratuito
6,150000.0,51,0.6470588235294118,6,2,1,0,0,0,0,0,0,0,0,0,1,gratuito
4,10000.0,0,0.0,103,4,1,0,0,0,1,0,1,1,0,0,1,baixo
3,0.0,0,0.0,0,0,1,0,0,0,0,0,0,0,0,0,0,gratuito
1,10000.0,0,0.0,2,2,1,0,0,0,0,1,1,0,0,0,0,medio_alto
5,0.0,0,0.0,1,3,1,0,0,0,0,1,0,1,0,0,0,gratuito
12,75000.0,1231,0.8066612510154346,8,1,1,1,1,2,0,0,0,0,1,0,0,alto
9,10000.0,32,0.625,7,2,1,0,0,0,1,1,0,0,0,0,0,gratuito
2,10000.0,47,0.7446808510638298,1,3,1,0,0,0,1,0,0,1,0,1,0,baixo
6,35000.0,605,0.5652892561983471,1,5,1,0,0,0,1,1,0,0,0,0,1,alto
2,10000.0,2,1.0,1,4,1,0,0,0,1,1,1,0,0,1,0,baixo
7,150000.0,1015,0.9192118226600985,2,3,1,1,1,7,1,0,0,0,0,1,1,medio_baixo
5,35000.0,78,0.6025641025641025,1,4,1,0,0,0,0,1,0,0,1,1,0,gratuito
9,10000.0,2,1.0,1,4,1,0,0,0,1,1,0,1,0,0,0,medio_baixo
1,0.0,0,0.0,0,0,1,0,0,0,0,0,0,0,0,0,0,gratuito
7,10000.0,39,0.8461538461538461,6,3,1,0,0,1,1,1,1,0,0,0,0,medio_alto
8,10000.0,1,1.0,1,2,1,0,0,0,1,1,0,0,0,0,0,medio_baixo
1,10000.0,14,1.0,4,3,1,0,1,0,1,0,0,1,0,1,0,medio_baixo
8,10000.0,2,0.5,1,3,1,0,0,0,1,1,1,0,0,0,0,baixo
10,10000.0,3,0.3333333333333333,1,2,1,0,0,0,1,1,0,0,0,0,0,alto
10,35000.0,71,0.5070422535211268,1,2,1,0,0,0,1,1,0,0,0,0,0,medio_alto
3,10000.0,16,0.6875,1,4,1,0,0,0,1,1,1,1,0,0,0,gratuito
2,10000.0,1,1.0,1,1,1,0,0,0,0,1,0,0,0,0,0,medio_baixo
2,0.0,0,0.0,3,5,1,0,0,0,1,1,1,1,0,0,0,gratuito
4,10000.0,14,0.9285714285714286,4,2,1,0,0,0,1,0,0,1,0,0,0,medio_alto
3,0.0,0,0.0,0,0,1,0,0,0,0,0,0,0,0,0,0,gratuito
9,10000.0,969,0.8534571723426213,1,4,1,1,0,0,1,0,0,0,0,1,1,alto
10,10000.0,7,0.42857142857142855,1,3,1,0,0,0,1,0,0,0,0,0,1,medio_alto
8,10000.0,111,0.43243243243243246,103,1,1,0,0,1,0,0,0,1,0,0,0,baixo
3,10000.0,31,0.7096774193548387,1,2,1,0,0,0,1,1,0,0,0,0,0,medio_baixo
2,0.0,0,0.0,3,4,1,0,0,0,1,0,0,1,0,0,1,gratuito
1,10000.0,0,0.0,1,2,1,0,0,0,0,1,0,0,0,0,0,medio_alto
7,10000.0,7,0.5714285714285714,1,2,1,0,0,0,0,1,0,0,1,0,0,gratuito
3,350000.0,2762,0.7726285300506879,12,2,1,0,0,2,0,1,1,0,0,0,0,medio_alto
4,10000.0,88,0.8522727272727273,2,2,1,1,0,0,1,0,0,0,0,0,0,gratuito
6,10000.0,5,0.4,1,2,1,0,0,0,0,0,1,0,0,0,1,medio_alto
1,0.0,0,0.0,0,0,1,0,0,0,0,0,0,0,0,0,0,gratuito
4,10000.0,3,1.0,1,6,1,0,0,0,1,1,1,1,0,1,0,medio_alto
2,10000.0,52,0.8269230769230769,10,5,1,0,0,0,1,1,0,1,0,0,0,medio_baixo
5,10000.0,15,0.8666666666666667,1,2,1,1,1,0,1,0,0,0,0,1,0,medio_alto
4,1500000.0,15240,0.9206692913385827,12,3,1,0,0,2,1,1,1,0,0,0,0,alto
1,0.0,0,0.0,1,3,1,0,0,0,1,0,0,0,0,1,1,medio_alto
1,0.0,0,0.0,0,0,1,0,0,0,0,0,0,0,0,0,0,gratuito
2,10000.0,98,0.8877551020408163,3,2,1,0,0,0,1,1,0,0,0,0,0,alto
5,35000.0,1,1.0,1,3,1,0,0,0,1,0,0,0,1,1,0,alto
6,10000.0,8,0.875,1,3,1,0,0,0,1,1,0,1,0,0,0,gratuito
1,10000.0,0,0.0,1,1,1,1,1,2,0,0,0,0,0,0,1,alto
8,35000.0,435,0.7149425287356321,13,3,1,1,1,0,1,0,0,0,0,1,1,baixo
2,10000.0,31,0.967741935483871,1,2,1,1,0,1,0,0,0,0,0,0,0,baixo
2,10000.0,3,0.0,3,2,1,0,0,0,0,1,1,0,0,0,0,medio_alto
2,10000.0,77,0.922077922077922,2,3,1,0,0,0,0,1,1,1,0,0,0,medio_alto
1,0.0,0,0.0,1,4,1,0,0,0,0,1,1,1,0,0,0,gratuito
6,10000.0,8,0.75,1,1,1,0,0,0,0,0,0,0,0,1,0,gratuito
3,10000.0,6,0.3333333333333333,1,2,1,0,0,0,1,0,1,0,0,0,0,medio_baixo
4,10000.0,44,0.9772727272727273,1,3,1,0,0,2,1,0,1,0,1,0,0,medio_baixo
10,150000.0,356,0.8539325842696629,1,4,1,0,0,0,1,0,1,1,0,0,0,gratuito
5,10000.0,6,0.8333333333333334,1,3,1,0,0,0,0,1,0,0,0,0,1,medio_alto
5,10000.0,52,0.5384615384615384,1,2,1,0,0,0,1,1,0,0,0,0,0,baixo
2,10000.0,0,0.0,2,4,1,0,0,0,1,1,1,0,1,0,0,medio_baixo
7,10000.0,4,1.0,10,2,1,1,1,0,1,0,0,1,0,0,0,medio_alto
9,35000.0,310,0.7451612903225806,4,1,1,0,0,1,0,1,0,0,0,0,0,alto
3,10000.0,17,0.7058823529411765,1,5,1,0,0,0,1,1,1,1,0,0,1,alto
10,350000.0,614,0.6547231270358306,12,4,1,1,0,0,1,0,0,0,0,1,0,gratuito
5,150000.0,919,0.911860718171926,3,5,1,1,1,3,1,1,0,1,1,1,0,medio_alto
6,10000.0,46,0.8043478260869565,6,3,1,0,1,0,1,0,0,0,0,1,1,medio_alto
8,10000.0,89,0.550561797752809,1,5,1,0,0,1,1,0,1,0,1,1,1,medio_baixo
6,10000.0,17,0.47058823529411764,2,5,1,0,0,0,1,1,1,0,1,0,0,baixo
11,35000.0,103,0.7961165048543689,6,2,1,0,0,0,1,1,0,0,0,0,0,baixo
4,10000.0,71,0.7605633802816901,16,2,1,0,0,1,1,0,0,1,0,0,0,baixo
8,10000.0,16,0.8125,1,3,1,1,0,0,1,0,0,1,0,0,1,baixo
10,35000.0,149,0.9328859060402684,1,2,1,0,0,0,1,0,1,0,0,0,0,medio_baixo
4,10000.0,11,0.8181818181818182,5,3,1,0,0,0,0,1,1,1,0,0,0,gratuito
1,10000.0,0,0.0,4,4,1,0,0,0,0,0,0,1,1,1,1,alto
5,10000.0,1,1.0,1,2,1,0,0,0,1,0,0,0,0,1,0,medio_baixo
4,75000.0,437,0.5583524027459954,9,4,1,0,0,0,1,1,1,0,0,0,1,baixo
3,10000.0,0,0.0,9,3,1,0,0,0,1,1,0,1,0,0,0,medio_baixo
9,10000.0,0,0.0,1,2,1,1,0,0,1,1,0,0,0,0,0,medio_baixo
8,10000.0,257,0.8871595330739299,1,1,1,0,0,1,0,0,0,1,0,0,0,baixo
6,10000.0,2,1.0,2,4,1,0,0,0,1,1,0,0,0,0,0,alto
7,10000.0,5,0.2,1,1,1,1,1,0,0,0,0,1,0,0,0,medio_baixo
2,10000.0,8,1.0,6,2,1,0,0,0,1,0,0,1,0,0,0,medio_baixo
8,10000.0,2,1.0,5,3,1,0,0,0,1,1,0,1,0,0,0,gratuito
5,10000.0,90,0.7777777777777778,1,6,1,0,0,0,1,1,1,1,1,0,1,baixo
1,10000.0,2,1.0,2,3,1,0,0,0,1,1,1,0,0,0,0,medio_alto
1,10000.0,0,0.0,1,2,1,0,0,0,1,0,0,0,0,0,1,medio_alto
1,10000.0,0,0.0,1,1,1,0,1,0,0,1,0,0,0,0,0,medio_alto
1,10000.0,0,0.0,1,4,1,0,0,0,1,0,1,1,0,0,1,medio_alto
7,35000.0,135,0.5481481481481482,1,3,1,1,1,0,0,0,0,0,0,1,1,gratuito
1,0.0,0,0.0,1,2,1,1,1,0,0,0,0,1,0,0,0,gratuito
4,0.0,0,0.0,12,4,1,0,0,0,0,0,0,0,1,0,0,gratuito
8,10000.0,157,0.4968152866242038,1,8,1,0,0,0,1,1,0,1,0,1,0,gratuito
2,10000.0,0,0.0,1,2,1,0,1,0,0,0,0,0,0,1,0,gratuito
6,10000.0,2,1.0,1,3,1,0,0,0,1,1,1,0,0,0,0,medio_alto
5,10000.0,75,0.7866666666666666,1,2,1,0,0,0,0,0,0,0,0,0,0,alto
10,1500000.0,14869,0.8061066648732261,13,3,1,0,1,1,1,0,0,0,1,1,0,medio_baixo
11,35000.0,399,0.8446115288220551,14,2,1,1,1,0,1,0,0,0,0,1,0,gratuito
1,0.0,0,0.0,1,2,1,0,0,0,0,1,1,0,0,0,0,medio_baixo
6,35000.0,270,0.8962962962962963,1,4,1,0,0,0,1,0,0,1,0,0,0,gratuito
11,10000.0,122,0.8852459016393442,9,3,1,1,1,1,1,0,1,1,0,0,0,alto
1,10000.0,2,1.0,1,2,1,0,0,0,1,0,0,1,0,0,0,baixo
3,10000.0,0,0.0,1,2,1,0,0,0,0,0,1,0,1,0,0,alto
5,150000.0,52,0.9230769230769231,29,2,1,0,0,0,1,0,0,1,0,0,0,baixo
1,10000.0,19,0.7894736842105263,10,4,1,0,0,0,1,1,0,0,0,0,0,medio_alto
3,10000.0,4,1.0,1,3,1,0,1,0,1,1,1,0,0,0,0,medio_baixo
1,10000.0,0,0.0,6,3,1,0,0,2,1,0,0,1,0,0,1,alto
3,0.0,0,0.0,3,2,1,0,0,0,0,0,0,0,1,0,0,gratuito
1,10000.0,0,0.0,2,1,1,0,0,0,0,0,0,1,0,0,0,alto
1,10000.0,1,0.0,2,3,1,0,0,0,1,0,0,0,1,1,0,medio_baixo
4,10000.0,0,0.0,1,1,1,0,0,0,0,1,0,0,0,0,0,medio_baixo
5,10000.0,15,1.0,3,4,1,0,0,0,1,1,1,0,0,0,0,medio_alto
1,10000.0,0,0.0,1,2,1,0,0,0,1,0,1,0,0,0,0,baixo
5,10000.0,3,1.0,4,1,1,0,0,1,0,0,0,1,0,0,0,medio_alto
4,10000.0,73,0.9315068493150684,1,2,1,0,0,0,0,0,0,1,0,0,0,gratuito
2,10000.0,1,0.0,1,1,1,0,0,1,1,0,0,0,0,0,0,baixo
3,35000.0,9,0.6666666666666666,1,1,1,0,0,0,0,0,0,0,0,0,0,baixo
5,0.0,0,0.0,1,4,1,1,1,0,1,1,1,0,0,0,0,gratuito
3,0.0,0,0.0,0,0,1,0,0,0,0,0,0,0,0,0,0,gratuito
9,10000.0,12,0.75,1,1,1,0,0,0,0,0,0,0,0,0,1,medio_baixo
4,10000.0,0,0.0,1,1,1,0,0,0,0,0,1,0,0,0,0,baixo
4,35000.0,19,0.5789473684210527,1,2,1,0,0,0,1,1,0,0,0,0,0,gratuito
2,0.0,0,0.0,0,0,1,0,0,0,0,0,0,0,0,0,0,gratuito
16,10000.0,149,0.8993288590604027,3,2,1,0,0,2,0,0,1,1,0,0,0,baixo
7,10000.0,14,0.8571428571428571,1,6,1,0,0,0,1,1,0,1,1,1,1,baixo
1,0.0,0,0.0,2,1,1,0,0,0,1,0,0,0,0,0,0,medio_baixo
1,0.0,0,0.0,0,0,1,0,0,0,0,0,0,0,0,0,0,gratuito
6,150000.0,484,0.9483471074380165,9,4,1,0,0,0,1,0,0,0,1,1,1,medio_alto
5,10000.0,0,0.0,1,2,1,0,0,0,0,1,0,1,0,0,0,alto
2,10000.0,2,1.0,1,2,1,1,0,0,1,0,0,0,1,0,0,baixo
2,10000.0,0,0.0,1,3,1,1,1,0,1,0,1,1,0,0,0,baixo
2,10000.0,16,0.8125,2,2,1,0,0,0,0,1,1,0,0,0,0,medio_alto
2,10000.0,0,0.0,1,1,1,0,0,1,0,0,0,0,0,1,0,gratuito
2,150000.0,11,0.8181818181818182,30,2,1,0,0,0,1,0,1,0,0,0,0,baixo
2,10000.0,21,1.0,1,3,1,1,0,0,1,0,1,1,0,0,0,medio_baixo
2,10000.0,10,0.7,4,5,1,0,0,0,1,0,0,1,0,1,1,alto
1,10000.0,16,0.9375,10,3,1,0,0,0,1,1,1,0,0,0,0,baixo
3,10000.0,29,0.7931034482758621,103,5,1,0,0,0,1,1,1,1,0,0,1,alto
1,10000.0,0,0.0,1,1,1,0,0,0,0,0,1,0,0,0,0,alto
12,3500000.0,10677,0.6607661328088414,2,3,1,0,0,0,1,1,0,0,0,0,0,gratuito
18,35000.0,69,0.6231884057971014,1,2,1,0,0,0,0,0,0,0,0,1,1,medio_baixo
2,10000.0,18,0.8333333333333334,1,3,1,0,0,0,1,0,0,1,1,0,0,medio_baixo
6,10000.0,7,0.14285714285714285,1,1,1,0,0,0,0,1,0,0,0,0,0,alto
4,0.0,0,0.0,1,2,1,0,0,0,0,0,1,0,0,0,0,gratuito
6,10000.0,42,0.6666666666666666,1,5,1,0,0,0,1,1,1,1,1,0,0,alto
8,35000.0,420,0.45476190476190476,5,2,1,0,0,0,0,1,1,0,0,0,0,alto
3,10000.0,495,0.9555555555555556,13,2,1,0,0,0,1,0,1,0,0,0,0,medio_alto
6,10000.0,4,1.0,1,1,1,0,0,0,0,1,0,0,0,0,0,medio_baixo
1,10000.0,0,0.0,1,3,1,0,0,0,1,0,1,1,0,0,0,alto
3,10000.0,6,0.16666666666666666,10,1,1,0,0,0,0,0,0,0,0,0,1,baixo
10,10000.0,53,0.8113207547169812,1,3,1,0,0,0,1,1,1,0,0,0,0,medio_alto
7,10000.0,21,1.0,2,2,1,0,0,0,1,0,0,0,1,0,0,medio_baixo
3,0.0,0,0.0,0,0,1,0,0,0,0,0,0,0,0,0,0,gratuito
9,10000.0,0,0.0,1,1,1,0,0,0,0,0,0,0,1,0,0,medio_alto
1,10000.0,17,0.9411764705882353,1,2,1,0,0,0,1,0,1,0,0,0,0,baixo
8,10000.0,168,0.8273809523809523,1,4,1,1,1,1,1,0,1,1,0,0,0,gratuito
1,10000.0,0,0.0,2,3,1,0,0,0,1,1,0,1,0,0,0,alto
1,0.0,0,0.0,0,0,1,0,0,0,0,0,0,0,0,0,0,gratuito
1,10000.0,0,0.0,1,2,1,0,0,0,1,0,0,1,0,0,0,medio_baixo
4,10000.0,0,0.0,1,2,1,0,0,0,1,0,0,1,0,0,0,alto
5,10000.0,17,0.8823529411764706,1,3,1,1,0,0,1,0,0,1,0,0,0,medio_baixo
1,0.0,0,0.0,0,0,1,0,0,0,0,0,0,0,0,0,0,gratuito
1,10000.0,1,1.0,1,2,1,0,0,0,0,0,0,1,0,1,0,alto
3,0.0,0,0.0,0,0,1,0,0,0,0,0,0,0,0,0,0,gratuito
3,10000.0,0,0.0,4,4,1,0,0,0,1,1,1,0,1,0,0,alto
5,10000.0,2,1.0,1,4,1,0,0,0,1,1,1,0,1,0,0,medio_baixo
1,10000.0,0,0.0,11,5,1,0,0,0,1,1,1,1,0,1,0,medio_baixo
1,10000.0,18,1.0,11,3,1,1,0,1,0,1,1,0,1,0,0,medio_baixo
9,10000.0,103,0.9223300970873787,1,2,1,0,0,0,1,1,0,0,0,0,0,medio_alto
2,10000.0,6,1.0,1,2,1,0,0,0,0,1,1,0,0,0,0,baixo
1,0.0,0,0.0,0,0,1,0,0,0,0,0,0,0,0,0,0,gratuito
4,35000.0,27,0.37037037037037035,1,2,1,0,0,0,1,0,0,1,0,0,0,medio_baixo
5,35000.0,143,0.9440559440559441,1,3,1,0,0,7,1,0,0,1,0,0,0,gratuito
1,0.0,0,0.0,1,3,1,0,0,0,1,0,0,0,1,1,0,alto
3,10000.0,230,0.9652173913043478,1,4,1,1,0,1,1,1,1,0,1,0,0,medio_alto
5,75000.0,1,0.0,1,2,1,0,0,0,1,0,0,0,1,0,0,alto
9,350000.0,119,0.8991596638655462,1,1,1,1,1,0,0,0,1,0,0,0,0,gratuito
10,10000.0,19,0.8421052631578947,1,1,1,0,0,0,1,0,0,0,0,0,0,alto
7,10000.0,13,0.46153846153846156,29,2,1,0,0,0,1,0,0,1,0,0,0,baixo
1,0.0,0,0.0,3,3,1,0,0,0,0,1,1,0,0,1,0,medio_baixo
2,0.0,0,0.0,1,2,1,0,0,0,1,0,0,0,0,0,0,gratuito
1,10000.0,1,1.0,1,6,1,0,0,0,1,1,1,0,1,1,0,medio_alto
2,10000.0,0,0.0,2,1,1,0,0,0,0,0,0,0,0,0,1,medio_alto
9,10000.0,83,0.8795180722891566,1,2,1,0,0,0,1,0,0,1,0,0,0,baixo
9,10000.0,241,0.7842323651452282,1,2,1,0,0,0,0,0,1,1,0,0,0,medio_baixo
2,10000.0,1,0.0,1,1,1,0,0,0,0,0,0,0,0,0,0,baixo
5,35000.0,81,0.8148148148148148,1,5,1,0,0,0,0,1,1,0,0,0,0,gratuito
8,35000.0,45,0.6888888888888889,1,2,1,1,1,0,0,0,0,0,0,1,0,gratuito
4,10000.0,1,1.0,1,2,1,1,0,0,1,0,0,1,0,0,0,medio_baixo
1,10000.0,62,0.967741935483871,3,2,1,0,1,0,1,0,0,0,0,1,0,medio_baixo
4,10000.0,12,0.5,1,6,1,0,0,0,1,0,1,1,1,1,0,alto
5,35000.0,69,0.8695652173913043,1,4,1,0,0,0,1,0,1,1,1,0,0,medio_alto
10,350000.0,4795,0.8427528675703858,5,1,1,0,0,17,0,0,0,0,0,0,1,medio_alto
3,0.0,0,0.0,2,3,1,0,0,0,1,0,0,1,0,1,0,gratuito
4,10000.0,7,0.8571428571428571,1,4,1,0,0,0,1,0,0,1,0,1,1,medio_baixo
9,10000.0,16,0.8125,27,1,1,0,0,0,1,0,0,0,0,0,0,gratuito
4,10000.0,53,0.7358490566037735,1,3,1,0,0,0,1,1,1,0,0,0,0,alto
2,10000.0,2,0.5,1,2,1,0,0,0,0,0,1,0,0,0,0,alto
11,10000.0,93,0.6774193548387096,1,5,1,0,0,0,1,1,1,1,0,1,0,medio_alto
12,10000.0,235,0.3191489361702128,8,1,1,1,0,0,1,0,0,0,0,0,0,medio_baixo
11,10000.0,51,0.7647058823529411,1,2,1,1,0,1,1,1,0,0,0,0,0,baixo
17,1500000.0,35480,0.9078635851183765,8,1,1,1,1,0,0,0,0,0,0,1,0,medio_alto
6,150000.0,4278,0.9287050023375409,13,4,1,1,0,0,0,0,0,0,0,1,1,alto
4,10000.0,6,0.8333333333333334,1,2,1,0,0,1,1,0,0,0,1,0,0,baixo
4,10000.0,37,0.8378378378378378,1,2,1,0,0,0,1,0,0,1,0,0,0,medio_baixo
2,10000.0,33,0.8787878787878788,7,3,1,1,1,0,1,0,1,1,0,0,0,medio_alto
2,0.0,0,0.0,0,0,1,0,0,0,0,0,0,0,0,0,0,gratuito
8,10000.0,5,0.2,1,1,1,0,0,0,0,0,1,0,0,0,0,baixo
6,0.0,0,0.0,1,5,1,0,0,0,1,1,0,0,1,0,0,gratuito
8,10000.0,4,1.0,1,2,1,0,0,0,1,0,0,1,0,0,0,alto
1,10000.0,4,1.0,8,4,1,0,0,0,1,0,0,1,0,0,1,medio_baixo
1,10000.0,0,0.0,1,3,1,0,0,0,1,0,1,0,0,0,0,baixo
6,10000.0,0,0.0,1,3,1,0,0,0,1,0,0,1,0,1,0,baixo
2,0.0,0,0.0,1,2,1,1,0,0,0,0,1,0,0,0,0,gratuito
6,10000.0,6,0.6666666666666666,2,4,1,0,0,1,1,1,1,0,1,0,0,baixo
3,10000.0,8,1.0,1,2,1,0,0,0,1,0,0,1,0,0,0,medio_baixo
7,75000.0,1798,0.7374860956618465,11,5,1,1,1,1,1,1,1,0,1,0,1,medio_baixo
1,10000.0,0,0.0,1,4,1,0,0,0,1,1,0,1,0,1,0,medio_alto
2,10000.0,19,0.8421052631578947,1,6,1,0,0,0,0,1,1,1,0,1,1,baixo
2,35000.0,3,1.0,2,4,1,0,0,1,1,1,1,1,0,0,0,alto
3,10000.0,7,1.0,1,4,1,0,0,0,1,1,1,1,0,0,0,medio_alto
2,10000.0,32,0.6875,2,2,1,0,0,0,1,1,0,0,0,0,0,medio_baixo
1,0.0,0,0.0,1,5,1,0,0,1,1,1,1,1,0,0,0,gratuito
2,35000.0,904,0.8628318584070797,9,7,1,0,0,0,0,1,1,0,1,1,1,gratuito
2,10000.0,0,0.0,12,3,1,1,1,0,1,0,0,1,0,1,0,baixo
11,10000.0,50,0.58,1,2,1,1,1,0,1,0,0,0,0,0,1,gratuito
4,75000.0,1650,0.9509090909090909,8,5,1,0,0,0,1,1,0,1,0,1,1,baixo
4,350000.0,3931,0.9671839226659883,1,3,1,1,1,1,1,0,0,0,1,0,1,alto
3,10000.0,0,0.0,1,3,1,0,0,0,1,0,0,0,0,0,0,medio_baixo
4,0.0,0,0.0,0,0,1,0,0,0,0,0,0,0,0,0,0,gratuito
1,10000.0,0,0.0,11,4,1,0,0,0,0,1,0,0,1,1,0,alto
3,10000.0,27,1.0,7,1,1,0,0,0,1,0,0,0,0,0,0,medio_baixo
5,10000.0,18,0.7222222222222222,1,2,1,0,0,0,0,0,1,1,0,0,0,baixo
6,35000.0,2,0.0,1,3,1,0,0,0,1,0,1,1,0,0,0,medio_baixo
8,10000.0,82,0.573170731707317,1,6,1,0,0,0,1,0,1,1,1,0,1,gratuito
3,10000.0,81,0.7160493827160493,1,4,1,0,0,0,1,0,1,1,1,0,0,alto
1,10000.0,1,1.0,1,3,1,0,0,0,1,0,1,1,0,0,0,medio_baixo
7,10000.0,111,0.6486486486486487,2,4,1,0,0,0,0,0,1,1,0,1,1,alto
4,150000.0,745,0.7785234899328859,1,3,1,0,0,0,1,0,0,1,0,0,1,baixo
3,0.0,0,0.0,1,4,1,0,1,0,1,1,0,1,0,0,0,gratuito
9,10000.0,10,0.9,1,2,1,0,0,0,1,1,0,0,0,0,0,baixo
2,10000.0,0,0.0,1,2,1,0,0,0,1,1,0,0,0,0,0,baixo
9,10000.0,29,0.6206896551724138,1,1,1,0,0,0,0,0,0,0,0,1,0,alto
2,10000.0,4,0.75,1,3,1,0,0,0,0,0,1,0,1,1,0,medio_alto
1,0.0,0,0.0,2,4,1,0,0,0,1,1,0,0,0,0,0,gratuito
9,10000.0,38,0.3157894736842105,1,7,1,0,0,0,1,0,1,0,1,0,0,alto
2,10000.0,22,0.9090909090909091,2,1,1,0,0,3,0,0,0,1,0,0,0,baixo
9,10000.0,18,0.7222222222222222,3,2,1,1,1,0,1,0,0,0,0,0,0,medio_baixo
2,10000.0,0,0.0,11,3,1,1,0,6,1,0,0,1,0,0,0,gratuito
10,10000.0,18,0.5555555555555556,1,2,1,0,0,0,0,0,0,0,0,0,0,gratuito
4,10000.0,21,0.8571428571428571,1,5,1,1,1,0,1,1,1,1,0,1,0,baixo
5,0.0,0,0.0,0,0,1,0,0,0,0,0,0,0,0,0,0,gratuito
8,10000.0,34,0.5588235294117647,5,1,1,0,0,0,0,0,0,0,0,1,0,alto
8,10000.0,33,0.9393939393939394,1,5,1,1,0,1,1,1,1,1,0,0,0,alto
5,10000.0,3,0.0,1,2,1,0,0,0,1,1,0,0,0,0,0,baixo
7,150000.0,1087,0.5501379944802208,1,2,1,1,0,0,0,0,1,1,0,0,0,alto
7,10000.0,41,0.5365853658536586,9,3,1,0,0,0,1,0,1,1,0,0,0,medio_baixo
2,10000.0,10,0.7,1,3,1,0,0,0,1,0,0,1,0,0,1,medio_baixo
11,75000.0,2392,0.9615384615384616,6,2,1,1,0,0,1,0,0,0,1,0,0,medio_baixo
10,10000.0,41,0.5609756097560976,1,1,1,0,0,0,1,0,0,0,0,0,0,medio_baixo
4,10000.0,88,0.9545454545454546,6,1,1,0,0,0,0,1,0,0,0,0,0,alto
5,10000.0,8,0.625,9,1,1,0,0,0,0,0,0,1,0,0,0,baixo
5,10000.0,0,0.0,2,1,1,0,0,0,0,0,0,0,0,0,1,alto
10,35000.0,46,0.9782608695652174,1,2,1,0,0,1,0,0,1,1,0,0,0,medio_alto
10,75000.0,254,0.8622047244094488,2,2,1,0,0,0,1,1,0,0,0,0,0,medio_alto
5,75000.0,1023,0.9706744868035191,1,3,1,1,0,0,1,0,1,1,0,0,0,baixo
6,75000.0,1,1.0,1,5,1,0,0,0,1,0,1,1,1,1,0,baixo
1,10000.0,0,0.0,1,3,1,1,0,0,1,0,0,1,0,0,0,gratuito
6,10000.0,10,1.0,1,3,1,1,1,1,1,1,1,0,0,0,0,gratuito
2,0.0,0,0.0,0,0,1,0,0,0,0,0,0,0,0,0,0,gratuito
1,0.0,0,0.0,1,3,1,0,0,0,1,0,0,0,0,0,1,gratuito
2,10000.0,1,1.0,1,2,1,0,1,0,1,1,0,0,0,0,0,alto
4,10000.0,0,0.0,1,1,1,0,0,0,0,0,1,0,0,0,0,baixo
1,10000.0,0,0.0,21,2,1,0,0,0,0,1,1,0,0,0,0,medio_alto
3,0.0,0,0.0,103,2,1,0,0,0,1,0,0,1,0,0,0,baixo
9,10000.0,2,1.0,1,5,1,0,0,0,1,1,1,1,1,0,0,medio_alto
2,0.0,0,0.0,103,2,1,0,0,0,1,0,0,1,0,0,0,baixo
1,10000.0,0,0.0,1,1,1,0,0,0,0,0,1,0,0,0,0,medio_alto
2,10000.0,116,0.9827586206896551,1,3,1,0,0,0,1,0,0,1,0,0,0,gratuito
5,10000.0,21,0.5714285714285714,2,4,1,0,0,0,1,0,0,1,0,0,1,baixo
4,35000.0,265,0.7283018867924528,6,1,1,0,0,0,0,1,0,0,0,0,0,alto
7,10000.0,3,0.0,1,3,1,0,0,0,1,1,0,1,0,0,0,baixo
5,75000.0,251,0.5577689243027888,4,3,1,1,0,0,1,0,1,0,1,0,0,medio_alto
8,10000.0,4,1.0,1,1,1,1,0,0,1,0,0,0,0,0,0,medio_baixo
8,35000.0,4,0.25,1,3,1,0,0,0,0,0,1,1,1,0,0,baixo
2,10000.0,1,1.0,1,2,1,0,0,0,1,0,0,1,0,0,0,baixo
3,0.0,0,0.0,1,5,1,0,0,0,1,1,0,1,0,0,0,gratuito
8,10000.0,147,0.3673469387755102,1,3,1,0,0,0,1,0,0,1,0,0,1,baixo
3,3500000.0,32523,0.8899548012175998,5,2,1,0,0,0,0,1,0,0,1,0,0,alto
8,10000.0,7,0.7142857142857143,2,4,1,0,0,0,1,0,1,1,1,0,0,medio_alto
4,10000.0,80,0.975,1,3,1,0,0,0,1,1,0,1,0,0,0,medio_alto
1,10000.0,280,0.8857142857142857,1,2,1,0,0,0,1,1,0,0,0,0,0,medio_alto
11,75000.0,172,0.7441860465116279,6,4,1,0,0,0,1,1,1,0,1,0,0,medio_alto
11,35000.0,193,0.8549222797927462,1,3,1,0,0,1,1,0,1,0,1,0,0,medio_alto
1,0.0,0,0.0,1,4,1,0,0,0,1,1,1,0,0,0,0,gratuito
2,150000.0,2630,0.8935361216730038,1,2,1,0,0,0,1,0,1,0,0,0,0,medio_baixo
6,10000.0,40,0.75,1,5,1,0,0,0,1,1,1,1,0,0,1,alto
3,0.0,0,0.0,103,2,1,0,0,0,0,0,1,0,0,0,0,baixo
4,10000.0,1,1.0,2,3,1,0,0,0,1,0,1,1,0,0,0,baixo
2,10000.0,4,1.0,1,3,1,0,0,0,1,0,1,1,0,0,0,baixo
1,10000.0,0,0.0,2,7,1,0,0,0,1,1,1,1,1,1,0,medio_alto
2,10000.0,43,0.6511627906976745,4,8,1,0,0,0,1,1,1,1,0,0,1,medio_baixo
1,0.0,0,0.0,1,4,1,1,0,2,1,1,0,1,0,0,0,gratuito
8,35000.0,15,0.6,2,3,1,0,0,0,1,0,0,1,0,1,0,baixo
6,10000.0,1615,0.6241486068111455,6,2,1,0,0,0,0,0,0,1,0,1,0,medio_baixo
6,10000.0,6,0.6666666666666666,2,3,1,0,0,0,1,1,0,0,0,0,0,medio_baixo
4,35000.0,17,0.4117647058823529,1,1,1,0,0,0,0,0,1,0,0,0,0,alto
5,10000.0,0,0.0,11,3,1,0,0,0,1,1,0,0,1,0,0,baixo
1,0.0,0,0.0,9,2,1,1,1,0,0,0,0,0,1,1,0,medio_alto
3,10000.0,3,1.0,1,2,1,0,0,0,1,0,0,1,0,0,0,medio_baixo
1,10000.0,53,0.7924528301886793,3,3,1,0,0,0,1,1,1,0,0,0,0,alto
1,10000.0,3,1.0,1,1,1,0,0,0,1,0,0,0,0,0,0,medio_baixo
6,10000.0,0,0.0,1,2,1,0,0,2,1,0,0,1,0,0,0,baixo
7,10000.0,39,0.3076923076923077,9,1,1,0,0,1,0,0,0,1,0,0,0,baixo
9,10000.0,67,0.7014925373134329,2,7,1,0,0,0,1,0,1,1,0,0,1,medio_alto
1,0.0,0,0.0,3,4,1,0,0,0,0,1,0,1,0,0,0,gratuito
8,10000.0,49,0.8979591836734694,5,2,1,1,1,0,1,0,1,0,0,0,0,gratuito
2,0.0,0,0.0,1,3,1,0,1,0,1,1,0,1,0,0,0,gratuito
6,10000.0,0,0.0,1,3,1,0,0,0,1,1,0,1,0,0,0,gratuito
9,10000.0,4,0.25,1,4,1,0,0,0,1,1,0,0,1,0,0,alto
2,10000.0,14,0.7857142857142857,1,4,1,0,0,0,1,0,0,1,0,1,1,medio_baixo
2,10000.0,4,0.75,1,5,1,0,0,0,1,0,0,0,0,1,1,alto
6,10000.0,228,0.4780701754385965,6,4,1,0,0,2,1,1,1,0,1,0,0,medio_baixo
4,10000.0,0,0.0,2,3,1,0,0,0,1,0,0,1,0,0,1,baixo
3,10000.0,80,0.7375,1,3,1,1,1,0,1,0,0,0,0,1,1,alto
2,35000.0,193,0.7253886010362695,15,5,1,0,0,0,1,0,1,1,1,0,0,gratuito
1,10000.0,0,0.0,9,3,1,0,0,0,1,1,0,0,1,0,0,alto
12,10000.0,14,0.21428571428571427,1,4,1,1,0,0,0,1,1,0,1,0,0,alto
4,0.0,0,0.0,0,0,1,0,0,0,0,0,0,0,0,0,0,gratuito
9,10000.0,54,0.8333333333333334,1,4,1,0,0,0,1,0,0,1,0,1,0,gratuito
2,10000.0,0,0.0,2,6,1,0,0,0,0,1,1,0,1,1,0,medio_alto
2,0.0,0,0.0,0,0,1,0,0,0,0,0,0,0,0,0,0,gratuito
2,10000.0,0,0.0,1,3,1,0,1,0,1,1,0,1,0,0,0,baixo
5,75000.0,808,0.8613861386138614,1,4,1,1,0,0,1,0,1,0,1,1,0,alto
5,10000.0,18,0.6666666666666666,1,9,1,0,0,0,1,1,1,1,0,1,1,baixo
1,0.0,0,0.0,3,3,1,0,0,0,1,1,0,0,0,0,0,alto
5,10000.0,1,0.0,1,2,1,0,0,0,0,1,1,0,0,0,0,alto
1,10000.0,0,0.0,2,4,1,0,0,0,1,0,0,1,0,1,0,gratuito
5,35000.0,7,1.0,3,5,1,0,0,0,1,1,1,0,1,0,0,gratuito
6,1500000.0,20485,0.9305345374664389,13,2,1,0,0,1,1,1,0,0,0,0,0,medio_alto
10,35000.0,981,0.926605504587156,5,4,1,1,1,1,1,1,0,1,1,0,0,baixo
2,10000.0,94,0.7446808510638298,3,2,1,0,0,0,0,0,0,1,1,0,0,alto
7,10000.0,19,0.8947368421052632,1,2,1,1,0,0,1,0,0,0,1,0,0,medio_baixo
3,10000.0,188,0.8297872340425532,8,2,1,1,1,0,1,0,0,0,0,1,0,medio_alto
6,10000.0,29,0.7586206896551724,3,3,1,1,0,0,1,0,0,0,0,1,1,alto
3,10000.0,309,0.9385113268608414,6,3,1,0,1,1,1,0,0,0,1,1,0,medio_alto
10,10000.0,158,0.5886075949367089,5,4,1,1,1,0,0,0,0,1,0,1,1,baixo
4,0.0,0,0.0,0,0,1,0,0,0,0,0,0,0,0,0,0,gratuito
9,10000.0,7,0.8571428571428571,2,2,1,0,0,0,1,1,0,0,0,0,0,baixo
8,10000.0,29,0.9655172413793104,1,2,1,0,0,1,1,1,0,0,0,0,0,medio_baixo
2,350000.0,6849,0.8947291575412469,20,2,1,0,0,0,0,1,1,0,0,0,0,alto
3,35000.0,11,0.9090909090909091,1,4,1,1,1,0,1,1,0,1,0,1,0,medio_alto
2,10000.0,38,0.7368421052631579,5,2,1,0,0,0,1,1,0,0,0,0,0,gratuito
5,10000.0,229,0.8908296943231441,10,1,1,1,0,0,0,0,0,1,0,0,0,baixo
4,35000.0,89,0.9887640449438202,5,4,1,0,1,0,1,0,1,1,1,0,0,medio_baixo
6,10000.0,3,1.0,1,2,1,0,0,0,1,0,0,1,0,0,0,baixo
9,10000.0,19,0.8421052631578947,1,4,1,0,0,0,0,0,1,1,0,1,1,baixo
5,10000.0,7,0.5714285714285714,1,4,1,0,0,0,1,1,1,0,0,1,0,baixo
1,0.0,0,0.0,2,2,1,0,0,0,0,1,0,0,1,0,0,medio_alto
8,10000.0,134,0.7985074626865671,8,3,1,0,0,0,1,1,1,0,0,0,0,alto
8,10000.0,21,0.5238095238095238,4,3,1,0,0,0,1,0,0,0,0,0,1,medio_alto
3,3500000.0,18420,0.7691096634093377,1,7,1,0,0,6,1,1,0,1,0,1,1,gratuito
8,10000.0,8,0.375,1,2,1,0,0,0,1,0,0,1,0,0,0,medio_baixo
1,10000.0,11,1.0,1,3,1,0,0,0,1,1,1,0,0,0,0,medio_baixo
1,10000.0,0,0.0,1,1,1,1,1,0,0,0,0,0,0,1,0,medio_baixo
3,0.0,0,0.0,0,0,1,0,0,0,0,0,0,0,0,0,0,gratuito
4,0.0,0,0.0,0,0,1,0,0,0,0,0,0,0,0,0,0,gratuito
4,10000.0,0,0.0,8,3,1,0,0,3,1,0,0,1,0,1,0,medio_baixo
3,10000.0,65,0.9230769230769231,1,5,1,1,0,5,0,0,1,0,1,1,1,alto
7,75000.0,1013,0.7314906219151036,3,3,1,0,0,0,1,1,1,0,0,0,0,alto
3,10000.0,0,0.0,2,1,1,0,0,0,0,1,0,0,0,0,0,medio_alto
9,10000.0,23,0.5217391304347826,5,2,1,0,0,0,1,1,0,0,0,0,0,baixo
7,350000.0,320,0.80625,1,2,1,0,0,3,1,0,0,1,0,0,0,baixo
3,10000.0,0,0.0,12,2,1,1,0,0,1,0,0,1,0,0,0,medio_alto
5,35000.0,6,1.0,2,3,1,0,1,0,1,0,1,0,0,1,0,medio_alto
6,150000.0,2969,0.9733917143819468,1,1,1,1,0,0,0,0,0,0,1,0,0,alto
9,10000.0,30,0.9,1,2,1,0,0,0,1,0,0,0,1,0,0,gratuito
2,35000.0,1068,0.9531835205992509,7,3,1,0,0,0,1,1,1,0,0,0,0,alto
5,0.0,0,0.0,1,4,1,0,0,0,0,1,1,1,0,0,0,gratuito
4,0.0,0,0.0,1,4,1,0,0,0,1,1,0,1,0,0,0,gratuito
6,35000.0,18,0.4444444444444444,1,1,1,0,0,0,0,1,0,0,0,0,0,medio_alto
4,10000.0,106,0.9716981132075472,1,2,1,0,0,0,0,0,1,1,0,0,0,alto
7,10000.0,84,0.8452380952380952,1,1,1,1,0,0,0,0,0,0,0,1,0,medio_alto
3,10000.0,21,0.5714285714285714,26,4,1,0,0,0,1,0,0,1,0,0,1,baixo
5,10000.0,22,0.7727272727272727,11,3,1,0,0,1,1,0,0,1,0,1,0,medio_alto
5,10000.0,29,1.0,1,2,1,0,1,2,1,0,0,1,0,0,0,alto
4,10000.0,2,0.5,1,5,1,0,0,0,1,1,0,1,1,1,0,medio_alto
10,75000.0,269,0.9182156133828996,6,2,1,0,0,0,0,0,0,1,0,0,1,gratuito
1,10000.0,0,0.0,2,2,1,0,0,0,1,1,0,0,0,0,0,alto
1,10000.0,0,0.0,4,4,1,0,0,0,1,0,1,1,1,0,0,alto
4,10000.0,0,0.0,1,1,1,0,0,1,0,1,0,0,0,0,0,alto
3,0.0,0,0.0,1,1,1,0,0,0,0,0,0,0,1,0,0,gratuito
4,0.0,0,0.0,9,2,1,0,1,0,1,1,0,0,0,0,0,gratuito
4,10000.0,0,0.0,1,3,1,0,0,0,1,1,0,1,0,0,0,baixo
3,10000.0,7,0.7142857142857143,1,4,1,1,0,0,1,1,1,0,0,0,0,medio_alto
4,10000.0,16,0.625,2,1,1,0,0,0,0,0,0,1,0,0,0,baixo
5,10000.0,17,0.8235294117647058,1,3,1,0,0,1,1,0,0,1,0,1,0,alto
3,10000.0,0,0.0,2,1,1,0,0,2,0,0,0,0,0,0,1,alto
1,10000.0,0,0.0,1,3,1,1,1,0,1,1,0,0,0,0,0,alto
3,10000.0,23,0.9565217391304348,2,3,1,0,0,0,0,1,1,1,0,0,0,medio_baixo
2,10000.0,0,0.0,1,2,1,0,0,0,1,0,0,0,0,0,0,gratuito
4,0.0,0,0.0,1,4,1,0,0,0,0,1,0,0,0,1,1,gratuito
8,10000.0,2,0.5,1,1,1,0,0,0,0,0,0,0,0,0,1,alto
7,10000.0,71,0.8873239436619719,1,4,1,1,1,0,1,0,1,1,1,0,0,medio_baixo
8,10000.0,42,0.5714285714285714,1,3,1,0,0,0,1,0,0,1,0,0,0,baixo
3,10000.0,2,1.0,1,2,1,0,0,0,1,1,0,0,0,0,0,medio_baixo
6,10000.0,0,0.0,1,2,1,0,0,0,1,0,0,1,0,0,0,baixo
2,0.0,0,0.0,0,0,1,0,0,0,0,0,0,0,0,0,0,gratuito
4,150000.0,1982,0.8506559031281534,11,1,1,0,0,0,1,0,0,0,0,0,0,medio_alto
4,10000.0,112,0.8125,4,2,1,1,0,0,1,0,0,1,0,0,0,medio_alto
8,0.0,0,0.0,27,5,1,0,0,0,1,1,1,0,0,0,0,gratuito
4,10000.0,0,0.0,1,1,1,0,0,17,0,0,0,1,0,0,0,gratuito
6,10000.0,9,0.4444444444444444,1,3,1,0,0,0,1,0,0,1,0,0,1,baixo
1,10000.0,0,0.0,1,6,1,0,0,0,1,0,1,1,1,0,1,alto
1,0.0,0,0.0,0,0,1,0,0,0,0,0,0,0,0,0,0,gratuito
1,0.0,0,0.0,0,0,1,0,0,0,0,0,0,0,0,0,0,gratuito
1,0.0,0,0.0,1,2,1,0,0,0,0,0,0,0,0,0,0,gratuito
2,0.0,0,0.0,0,0,1,0,0,0,0,0,0,0,0,0,0,gratuito
3,10000.0,39,0.9230769230769231,13,3,1,1,0,0,1,0,0,1,0,1,0,medio_alto
4,10000.0,14,0.7857142857142857,1,3,1,0,0,0,1,1,1,0,0,0,0,medio_alto
2,10000.0,1,1.0,2,2,1,0,0,0,0,0,1,0,0,1,0,medio_alto
3,0.0,0,0.0,0,0,1,0,0,0,0,0,0,0,0,0,0,gratuito
1,0.0,0,0.0,1,4,1,1,1,1,1,0,1,1,0,0,1,medio_alto
1,0.0,0,0.0,7,2,1,0,0,0,1,0,0,0,1,0,0,medio_baixo
6,10000.0,4,0.75,2,2,1,0,0,0,1,0,1,0,0,0,0,alto
1,10000.0,4,0.75,1,1,1,0,0,0,1,0,0,0,0,0,0,medio_baixo
1,10000.0,25,1.0,1,4,1,0,0,0,1,1,1,1,0,0,0,medio_alto
4,10000.0,6,1.0,1,4,1,1,1,0,1,0,0,0,0,0,1,medio_alto
1,0.0,0,0.0,0,0,1,0,0,0,0,0,0,0,0,0,0,gratuito
2,0.0,0,0.0,0,0,1,0,0,0,0,0,0,0,0,0,0,gratuito
1,0.0,0,0.0,0,0,1,0,0,0,0,0,0,0,0,0,0,gratuito
11,10000.0,32,0.65625,7,3,1,1,1,0,1,0,0,1,0,1,0,medio_alto
5,10000.0,17,0.8235294117647058,2,4,1,1,0,0,1,1,1,0,0,0,0,gratuito
5,10000.0,6,0.16666666666666666,1,1,1,0,0,0,0,0,0,1,0,0,0,medio_baixo
1,10000.0,4,0.5,2,2,1,0,0,0,1,0,0,0,1,0,0,baixo
2,10000.0,2,1.0,2,1,1,0,0,0,0,0,0,0,0,1,0,medio_baixo
3,10000.0,6,0.6666666666666666,2,4,1,0,0,0,0,1,1,0,0,1,0,alto
6,35000.0,2,1.0,2,3,1,0,0,0,1,0,1,1,0,0,0,baixo
4,10000.0,10,0.7,1,4,1,0,0,0,1,0,1,0,0,1,0,alto
7,10000.0,51,0.8627450980392157,4,4,1,0,0,0,1,1,1,0,0,0,0,gratuito
2,10000.0,0,0.0,1,2,1,0,0,0,1,0,0,1,0,0,0,medio_baixo
5,10000.0,4,1.0,2,2,1,0,0,0,1,1,0,0,0,0,0,baixo
11,75000.0,2853,0.9298983526112864,5,4,1,0,0,0,1,1,1,0,1,0,0,alto
4,35000.0,1,0.0,1,2,1,0,0,0,0,1,1,0,0,0,0,alto
1,10000.0,145,0.903448275862069,3,3,1,0,0,0,1,0,1,0,0,0,1,medio_baixo
2,10000.0,50,0.84,1,3,1,0,0,1,0,1,0,1,0,0,1,alto
1,10000.0,0,0.0,1,5,1,0,0,0,1,1,1,0,1,0,0,medio_alto
2,10000.0,1,1.0,1,3,1,0,0,0,1,1,0,0,0,0,0,medio_baixo
8,10000.0,22,0.7727272727272727,2,2,1,1,0,0,1,1,0,0,0,0,0,baixo
6,10000.0,6,1.0,1,1,1,0,0,0,0,0,0,0,0,0,1,gratuito
8,10000.0,130,0.6846153846153846,7,3,1,1,1,1,1,0,0,1,0,1,0,baixo
3,10000.0,20,0.8,10,3,1,0,0,0,1,1,1,0,0,0,0,medio_baixo
2,10000.0,134,0.7761194029850746,8,4,1,0,0,0,1,1,1,0,0,0,1,alto
5,35000.0,3,1.0,1,3,1,0,0,0,1,1,0,1,0,0,0,baixo
3,10000.0,4,1.0,1,3,1,1,0,0,1,1,0,1,0,0,0,baixo
11,75000.0,985,0.5614213197969543,4,2,1,0,0,1,1,0,1,0,0,0,0,baixo
3,0.0,0,0.0,1,3,1,1,1,0,1,0,0,0,0,0,1,gratuito
6,10000.0,10,0.4,3,2,1,0,0,0,1,0,1,0,0,0,0,alto
6,10000.0,41,0.8780487804878049,1,4,1,0,0,0,1,1,1,0,0,0,0,alto
7,350000.0,2112,0.8868371212121212,2,3,1,0,0,1,1,1,0,0,0,0,0,gratuito
5,0.0,0,0.0,1,3,1,0,0,1,1,0,0,1,0,0,0,gratuito
4,150000.0,3072,0.7958984375,11,3,1,0,0,4,0,1,1,0,1,0,0,alto
2,10000.0,13,0.8461538461538461,7,4,1,0,0,0,1,1,1,0,1,0,0,medio_alto
5,10000.0,90,0.8333333333333334,2,3,1,0,0,0,0,1,1,0,1,0,0,medio_baixo
1,0.0,0,0.0,1,2,1,0,0,0,1,0,0,0,0,1,0,medio_baixo
2,0.0,0,0.0,103,4,1,0,0,0,1,0,0,0,0,0,1,gratuito
3,0.0,0,0.0,1,2,1,0,0,0,0,1,0,0,0,0,0,gratuito
1,10000.0,0,0.0,1,2,1,0,0,0,1,1,0,0,0,0,0,medio_alto
5,0.0,0,0.0,0,0,1,0,0,0,0,0,0,0,0,0,0,gratuito
5,10000.0,2,1.0,1,4,1,0,0,0,1,0,0,1,0,0,1,medio_alto
8,35000.0,80,0.6875,2,3,1,1,1,0,1,0,1,1,0,0,0,baixo
5,0.0,0,0.0,0,0,1,0,0,0,0,0,0,0,0,0,0,gratuito
2,10000.0,171,0.7543859649122807,3,3,1,0,0,0,1,0,0,1,0,1,0,medio_baixo
1,10000.0,0,0.0,1,3,1,0,0,0,1,0,0,1,0,0,0,medio_alto
6,10000.0,1,0.0,3,3,1,0,0,0,1,1,0,0,0,0,0,alto
2,10000.0,0,0.0,2,2,1,0,0,0,0,0,0,1,0,1,0,medio_alto
2,35000.0,371,0.31805929919137466,7,1,1,1,1,1,0,0,0,1,0,0,0,alto
12,35000.0,113,0.4247787610619469,1,1,1,1,0,0,0,0,0,0,1,0,0,baixo
9,10000.0,165,0.4727272727272727,5,4,1,1,0,2,1,0,1,1,0,0,1,medio_baixo
5,10000.0,2,1.0,1,2,1,0,0,0,1,0,0,0,0,0,0,gratuito
9,10000.0,21,0.7619047619047619,1,2,1,0,0,0,0,0,0,0,0,0,0,gratuito
4,0.0,0,0.0,1,3,1,0,0,0,1,0,0,1,0,1,0,gratuito
2,35000.0,7,1.0,6,2,1,0,0,0,1,1,0,0,0,0,0,medio_alto
3,10000.0,0,0.0,1,2,1,0,0,0,1,1,0,0,0,0,0,baixo
5,10000.0,9,1.0,1,1,1,0,0,0,0,0,0,0,0,0,1,medio_alto
1,0.0,0,0.0,2,3,1,0,0,0,1,0,0,0,0,0,1,gratuito
7,10000.0,144,0.9722222222222222,2,2,1,0,0,0,1,0,1,0,0,0,0,medio_alto
6,75000.0,503,0.7236580516898609,10,2,1,0,0,0,0,0,0,0,0,0,1,alto
7,10000.0,11,0.7272727272727273,2,2,1,0,0,0,1,1,0,0,0,0,0,medio_alto
1,10000.0,0,0.0,1,3,1,0,0,0,1,1,1,0,0,0,0,alto
2,0.0,0,0.0,2,4,1,0,0,0,1,0,0,1,0,1,0,gratuito
7,35000.0,19,0.6842105263157895,2,3,1,0,0,0,1,0,0,1,0,1,0,medio_alto
3,10000.0,10,0.8,1,3,1,0,1,0,1,0,0,0,0,1,1,medio_baixo
11,35000.0,1429,0.9384184744576627,9,3,1,1,0,1,1,1,1,0,0,0,0,medio_baixo
1,0.0,0,0.0,2,1,1,0,0,0,0,1,0,0,0,0,0,medio_alto
6,35000.0,6,0.5,1,4,1,0,0,0,1,0,0,0,0,1,1,alto
2,10000.0,3,0.3333333333333333,2,4,1,0,0,0,1,1,1,0,1,0,0,baixo
6,10000.0,42,0.7619047619047619,1,1,1,0,0,1,1,0,0,0,0,0,0,medio_baixo
11,75000.0,82,0.7682926829268293,6,1,1,0,0,0,0,0,1,0,0,0,0,baixo
8,10000.0,20,0.55,1,3,1,1,0,0,1,0,0,1,0,1,0,medio_alto
2,0.0,0,0.0,3,4,1,0,0,0,0,1,0,0,0,1,0,gratuito
2,10000.0,17,0.7647058823529411,1,3,1,0,0,0,1,1,0,0,0,0,0,baixo
5,10000.0,0,0.0,1,2,1,0,0,0,0,0,0,1,0,0,1,alto
2,10000.0,3,0.6666666666666666,1,5,1,0,0,0,1,1,1,0,1,0,0,medio_baixo
1,0.0,0,0.0,1,3,1,1,0,0,1,0,1,0,0,0,1,medio_alto
3,35000.0,40,0.8,3,3,1,0,0,0,1,0,1,0,0,1,0,medio_alto
3,10000.0,33,0.9696969696969697,1,1,1,1,1,0,0,0,0,0,0,1,0,medio_alto
5,10000.0,7,1.0,1,2,1,0,1,0,1,0,1,0,0,0,0,baixo
4,350000.0,994,0.8772635814889336,4,2,1,0,0,0,1,1,0,0,0,0,0,medio_alto
2,0.0,0,0.0,0,0,1,0,0,0,0,0,0,0,0,0,0,gratuito
4,0.0,0,0.0,0,0,1,0,0,0,0,0,0,0,0,0,0,gratuito
4,10000.0,8,0.875,1,3,1,0,0,0,1,1,1,0,0,0,0,medio_baixo
12,3500000.0,36262,0.9136285919144007,15,3,1,1,1,1,1,1,0,0,0,0,0,gratuito
7,10000.0,17,0.8823529411764706,7,2,1,1,1,0,1,0,0,1,0,0,0,baixo
3,10000.0,96,0.6458333333333334,2,3,1,0,0,0,0,0,0,1,0,0,1,gratuito
1,10000.0,123,0.8943089430894309,7,2,1,0,0,0,1,0,0,0,0,1,0,medio_baixo
2,10000.0,0,0.0,4,2,1,1,1,0,1,0,1,0,0,0,0,alto
6,10000.0,0,0.0,1,1,1,0,0,0,1,0,0,0,0,0,0,alto
3,0.0,0,0.0,0,0,1,0,0,0,0,0,0,0,0,0,0,gratuito
3,10000.0,1,0.0,2,3,1,0,0,0,1,1,1,0,0,0,0,baixo
1,10000.0,0,0.0,27,2,1,1,1,0,1,0,0,0,0,0,1,baixo
4,10000.0,1,0.0,2,4,1,0,0,0,0,0,0,0,0,0,0,alto
1,0.0,0,0.0,5,2,1,0,0,0,1,0,0,1,0,0,0,medio_alto
4,35000.0,391,0.8823529411764706,6,3,1,0,0,0,1,0,1,1,0,0,0,medio_alto
1,10000.0,7,1.0,1,3,1,0,0,0,1,1,1,0,0,0,0,medio_alto
6,10000.0,33,0.9696969696969697,1,1,1,1,0,0,1,0,0,0,0,0,0,baixo
6,10000.0,5,0.8,1,1,1,0,0,0,1,0,0,0,0,0,0,gratuito
8,10000.0,4,0.25,1,1,1,1,0,0,0,0,0,1,0,0,0,baixo
3,0.0,0,0.0,0,0,1,0,0,0,0,0,0,0,0,0,0,gratuito
1,10000.0,0,0.0,1,3,1,0,1,0,1,0,1,1,0,0,0,medio_baixo
10,150000.0,252,0.3968253968253968,6,3,1,0,0,0,1,1,1,0,0,0,0,baixo
5,10000.0,2,0.5,1,1,1,0,0,1,0,0,0,1,0,0,0,medio_baixo
5,35000.0,339,0.7699115044247787,1,3,1,0,0,0,1,1,0,1,0,0,0,baixo
2,10000.0,3,1.0,2,2,1,0,0,0,1,0,0,1,0,0,0,baixo
6,10000.0,0,0.0,1,2,1,0,0,0,1,0,0,0,1,0,0,baixo
4,10000.0,5,0.6,1,2,1,0,0,0,1,0,0,1,0,0,0,medio_alto
2,10000.0,9,0.7777777777777778,1,2,1,0,0,0,0,0,0,0,0,0,1,baixo
2,10000.0,38,0.9473684210526315,1,2,1,1,0,0,1,0,0,1,0,0,0,baixo
2,10000.0,0,0.0,5,2,1,1,0,0,0,0,0,1,0,0,0,gratuito
2,0.0,0,0.0,3,5,1,0,0,0,1,0,0,1,1,0,1,gratuito
4,10000.0,4,0.75,1,2,1,0,1,0,0,1,0,1,0,0,0,baixo
4,0.0,0,0.0,0,0,1,0,0,0,0,0,0,0,0,0,0,gratuito
10,150000.0,574,0.7229965156794426,1,5,1,1,1,0,1,1,1,1,0,1,0,baixo
4,10000.0,0,0.0,1,1,1,0,0,0,0,0,1,0,0,0,0,baixo
8,35000.0,98,0.6632653061224489,11,2,1,0,0,0,1,0,0,0,0,1,0,baixo
4,10000.0,1,0.0,5,3,1,0,0,0,1,0,1,1,0,0,0,medio_baixo
6,10000.0,122,0.8688524590163934,1,1,1,0,0,0,0,1,0,0,0,0,0,medio_alto
3,10000.0,24,0.7916666666666666,2,3,1,0,0,0,1,0,0,1,0,1,0,medio_baixo
7,10000.0,22,0.6363636363636364,2,4,1,0,0,0,1,0,1,1,0,1,0,medio_alto
1,10000.0,0,0.0,5,1,1,0,0,0,0,0,0,0,0,0,1,alto
6,35000.0,3,1.0,1,6,1,0,0,0,1,1,1,1,0,1,0,medio_baixo
6,10000.0,3,0.6666666666666666,2,2,1,0,0,0,0,0,1,0,1,0,0,baixo
1,0.0,0,0.0,12,4,1,0,0,0,1,0,0,1,0,0,1,gratuito
4,0.0,0,0.0,0,0,1,0,0,0,0,0,0,0,0,0,0,gratuito
1,10000.0,19,0.7894736842105263,4,2,1,0,0,0,0,1,1,0,0,0,0,medio_baixo
8,10000.0,2,1.0,1,3,1,0,0,0,1,1,1,0,0,0,0,medio_alto
1,0.0,0,0.0,9,3,1,0,0,0,0,0,0,1,0,1,1,medio_baixo
2,10000.0,6,1.0,1,2,1,0,0,0,1,0,0,0,0,0,0,medio_alto
11,10000.0,84,0.6547619047619048,1,2,1,1,1,0,1,0,0,0,0,1,0,gratuito
1,10000.0,0,0.0,9,3,1,0,0,0,1,1,1,0,0,0,0,medio_baixo
1,0.0,0,0.0,0,0,1,0,0,0,0,0,0,0,0,0,0,gratuito
3,10000.0,67,0.8955223880597015,7,3,1,0,1,0,1,1,1,0,0,0,0,medio_baixo
1,10000.0,0,0.0,2,1,1,0,0,0,0,0,1,0,0,0,0,medio_alto
4,0.0,0,0.0,1,5,1,0,0,0,1,0,1,0,1,1,0,gratuito
6,10000.0,52,0.6730769230769231,8,4,1,0,0,0,1,0,1,1,0,1,0,baixo
1,10000.0,0,0.0,1,2,1,1,1,0,1,0,0,0,0,1,0,alto
3,10000.0,13,1.0,2,2,1,0,0,0,1,1,0,0,0,0,0,medio_alto
5,10000.0,91,0.8571428571428571,1,3,1,0,0,0,0,0,0,1,0,0,0,gratuito
8,10000.0,9,0.2222222222222222,4,6,1,0,0,0,1,1,1,0,0,1,1,medio_alto
6,150000.0,833,0.8571428571428571,8,4,1,0,1,2,1,1,1,0,1,0,0,medio_alto
1,0.0,0,0.0,0,0,1,0,0,0,0,0,0,0,0,0,0,gratuito
4,10000.0,11,0.2727272727272727,1,1,1,0,0,0,0,0,1,0,0,0,0,baixo
4,0.0,0,0.0,0,0,1,0,0,0,0,0,0,0,0,0,0,gratuito
1,10000.0,0,0.0,10,3,1,1,0,0,1,0,0,0,0,1,1,medio_alto
2,0.0,0,0.0,0,0,1,0,0,0,0,0,0,0,0,0,0,gratuito
4,10000.0,9,0.7777777777777778,1,2,1,0,0,0,1,1,0,0,0,0,0,medio_baixo
9,10000.0,4,0.25,2,2,1,0,0,0,1,0,1,0,0,0,0,alto
7,35000.0,274,0.9671532846715328,18,2,1,1,0,0,1,0,0,1,0,0,0,medio_baixo
5,150000.0,213,0.8169014084507042,15,1,1,0,0,0,0,0,0,1,0,0,0,baixo
7,10000.0,1,1.0,1,4,1,1,1,0,1,1,1,1,0,0,0,medio_alto
1,10000.0,0,0.0,28,2,1,0,0,0,1,0,0,1,0,0,0,baixo
3,75000.0,20,0.95,5,3,1,0,0,0,1,1,1,0,0,0,0,alto
5,10000.0,6,1.0,103,3,1,0,0,0,1,1,1,0,0,0,0,baixo
2,0.0,0,0.0,103,5,1,0,1,0,0,0,1,1,0,1,1,gratuito
9,35000.0,21,0.8571428571428571,1,3,1,0,0,0,1,1,0,0,0,1,0,gratuito
12,750000.0,1736,0.7978110599078341,1,5,1,1,0,2,1,0,0,1,1,0,0,gratuito
2,10000.0,1,1.0,1,2,1,0,1,0,1,0,1,0,0,0,0,baixo
2,10000.0,19,0.7894736842105263,1,1,1,0,0,0,0,1,0,0,0,0,0,medio_baixo
1,0.0,0,0.0,0,0,1,0,0,0,0,0,0,0,0,0,0,gratuito
7,10000.0,3,0.6666666666666666,1,2,1,0,0,0,1,0,0,0,0,0,0,medio_baixo
2,10000.0,20,0.85,10,2,1,0,0,0,0,0,1,1,0,0,0,baixo
14,150000.0,509,0.6031434184675835,1,3,1,1,1,0,1,1,1,0,0,0,0,medio_alto
5,75000.0,62,0.9354838709677419,29,3,1,1,0,0,1,0,0,1,0,1,0,baixo
1,10000.0,25,0.8,2,3,1,0,0,0,1,1,0,1,0,0,0,medio_baixo
4,10000.0,18,0.5555555555555556,1,2,1,0,0,0,0,0,0,1,0,0,1,gratuito
2,10000.0,47,0.9148936170212766,3,3,1,0,0,0,1,0,0,1,0,0,0,medio_baixo
5,10000.0,4,0.75,15,1,1,0,0,0,0,0,0,1,0,0,0,baixo
3,10000.0,395,0.7113924050632912,1,4,1,1,0,1,1,0,0,0,1,0,1,alto
3,150000.0,5045,0.8009910802775024,9,3,1,0,0,0,0,0,1,0,1,1,0,alto
2,10000.0,46,0.7391304347826086,5,1,1,0,0,0,1,0,0,0,0,0,0,baixo
4,35000.0,1,1.0,1,3,1,0,0,0,1,1,1,0,0,0,0,medio_baixo
9,10000.0,19,1.0,2,3,1,0,0,0,0,0,0,0,0,0,0,gratuito
1,0.0,0,0.0,2,4,1,0,0,0,1,0,0,1,0,1,0,gratuito
2,10000.0,10,0.8,1,1,1,0,0,0,0,1,0,0,0,0,0,medio_alto
1,10000.0,0,0.0,1,3,1,0,1,0,1,0,1,1,0,0,0,baixo
5,35000.0,49,0.7142857142857143,1,5,1,0,0,1,1,0,1,0,1,0,1,gratuito
2,0.0,0,0.0,0,0,1,0,0,0,0,0,0,0,0,0,0,gratuito
7,35000.0,131,0.8320610687022901,1,2,1,0,0,0,0,1,0,0,0,1,0,baixo
1,0.0,0,0.0,103,4,1,0,0,0,1,0,1,1,0,0,0,gratuito
3,10000.0,2,1.0,1,4,1,0,0,0,1,0,1,1,0,0,1,medio_alto
4,10000.0,41,0.926829268292683,1,3,1,0,0,0,0,1,1,0,0,0,1,medio_alto
5,75000.0,194,0.6701030927835051,1,4,1,0,1,3,1,0,1,0,1,1,0,baixo
10,10000.0,10,0.5,1,1,1,0,0,0,0,0,0,0,0,1,0,alto
4,10000.0,18,0.9444444444444444,2,3,1,0,0,0,1,1,1,0,0,0,0,medio_alto
9,10000.0,3,0.6666666666666666,1,3,1,0,0,0,1,0,0,0,0,1,1,alto
7,10000.0,25,0.88,1,5,1,0,0,0,1,0,1,1,0,0,1,gratuito
4,10000.0,10,0.7,3,3,1,0,1,0,1,0,1,0,0,0,1,baixo
2,10000.0,0,0.0,27,1,1,0,0,0,0,0,0,1,0,0,0,alto
4,10000.0,0,0.0,1,3,1,0,1,0,1,0,0,1,0,0,1,baixo
1,0.0,0,0.0,1,1,1,0,0,0,0,0,0,0,1,0,0,medio_baixo
8,10000.0,212,0.8820754716981132,3,3,1,0,0,0,1,1,0,0,1,0,0,alto
2,10000.0,0,0.0,2,4,1,0,0,0,1,1,0,1,1,0,0,alto
10,10000.0,11,0.36363636363636365,1,2,1,0,0,0,1,1,0,0,0,0,0,baixo
3,0.0,0,0.0,0,0,1,0,0,0,0,0,0,0,0,0,0,gratuito
6,10000.0,1,1.0,1,3,1,0,0,1,1,1,1,0,0,0,0,medio_alto
1,10000.0,0,0.0,23,3,1,0,0,0,1,0,0,1,0,1,0,medio_alto
2,10000.0,0,0.0,1,1,1,0,0,0,1,0,0,0,0,0,0,medio_alto
5,10000.0,2,0.5,1,2,1,0,0,0,1,1,0,0,0,0,0,alto
1,0.0,0,0.0,0,0,1,0,0,0,0,0,0,0,0,0,0,gratuito
8,10000.0,7,0.7142857142857143,1,3,1,0,0,100,1,1,0,1,0,0,0,gratuito
3,10000.0,222,0.8603603603603603,2,2,1,1,0,0,1,1,0,0,0,0,0,medio_baixo
1,10000.0,0,0.0,1,3,1,0,0,0,1,0,1,1,0,0,0,baixo
1,10000.0,0,0.0,2,4,1,0,0,1,1,0,0,1,0,0,0,medio_baixo
3,10000.0,0,0.0,24,1,1,0,1,0,0,0,0,1,0,0,0,medio_baixo
11,75000.0,337,0.7418397626112759,1,3,1,0,0,0,1,0,1,0,1,0,0,medio_alto
4,10000.0,51,0.803921568627451,2,3,1,0,0,0,1,0,0,1,0,0,1,medio_alto
6,10000.0,13,0.7692307692307693,1,3,1,0,0,0,1,0,1,1,0,0,0,gratuito
2,10000.0,1,1.0,2,2,1,1,1,0,1,0,1,0,0,0,0,medio_baixo
2,10000.0,309,0.9644012944983819,10,3,1,0,0,5,1,0,0,1,0,1,0,alto
2,0.0,0,0.0,0,0,1,0,0,0,0,0,0,0,0,0,0,gratuito
6,10000.0,12,0.75,1,1,1,0,0,0,1,0,0,0,0,0,0,baixo
3,10000.0,15,0.4,2,3,1,0,1,0,0,1,0,0,0,0,1,alto
13,0.0,0,0.0,7,3,1,1,1,0,1,1,0,0,1,0,0,baixo
3,10000.0,7,0.2857142857142857,1,3,1,0,0,0,1,0,0,0,0,1,1,baixo
2,10000.0,8,0.75,11,4,1,1,1,0,1,1,1,0,1,0,0,alto
7,10000.0,28,0.7857142857142857,3,3,1,0,0,0,1,1,1,0,0,0,0,alto
4,1500000.0,15181,0.9170015150517093,27,3,1,1,0,1,0,1,1,0,1,0,0,alto
9,10000.0,2,1.0,1,3,1,0,0,0,0,1,0,0,0,1,0,medio_alto
1,10000.0,7,1.0,7,4,1,0,1,0,1,0,0,0,1,1,1,medio_baixo
7,10000.0,10,0.9,1,2,1,0,0,0,1,1,0,0,0,0,0,baixo
2,10000.0,2,1.0,2,3,1,1,0,0,1,1,0,1,0,0,0,medio_baixo
6,10000.0,65,0.9846153846153847,1,1,1,1,0,0,0,0,0,1,0,0,0,baixo
4,10000.0,8,0.875,2,3,1,0,0,0,1,0,0,0,0,1,0,gratuito
9,150000.0,282,0.7092198581560284,7,3,1,1,1,0,1,0,0,0,0,1,0,gratuito
6,10000.0,238,0.8781512605042017,22,3,1,0,0,0,1,1,1,0,0,0,0,medio_alto
4,0.0,0,0.0,1,3,1,0,0,1,0,1,0,0,0,1,0,gratuito
3,10000.0,5,0.8,1,2,1,0,0,0,1,0,0,0,0,0,1,medio_alto
12,10000.0,38,0.7368421052631579,5,4,1,0,0,0,1,0,0,1,0,1,1,medio_baixo
8,35000.0,382,0.8691099476439791,1,4,1,0,0,2,1,1,1,1,0,0,0,baixo
2,75000.0,869,0.8653624856156502,8,2,1,0,0,2,1,0,0,0,0,0,1,alto
6,10000.0,12,1.0,1,2,1,1,0,0,1,1,0,0,0,0,0,alto
4,0.0,0,0.0,0,0,1,0,0,0,0,0,0,0,0,0,0,gratuito
12,750000.0,9838,0.94297621467778,8,4,1,0,1,1,1,1,0,0,0,1,1,medio_alto
7,10000.0,5,0.4,1,3,1,0,0,0,1,0,1,1,0,0,0,alto
2,10000.0,0,0.0,1,2,1,0,1,1,0,0,0,1,0,0,0,gratuito
2,10000.0,10,0.7,10,3,1,0,1,0,1,1,1,0,0,0,0,alto
10,10000.0,6,1.0,1,5,1,0,0,0,1,1,1,1,0,0,0,medio_alto
1,0.0,0,0.0,2,5,1,1,0,0,1,1,0,1,0,0,0,gratuito
5,10000.0,41,0.8536585365853658,1,5,1,0,0,0,1,1,0,1,0,0,1,baixo
2,10000.0,35,0.6285714285714286,6,3,1,1,0,0,1,0,0,1,0,1,0,medio_baixo
9,10000.0,14,0.8571428571428571,1,4,1,0,0,0,1,0,0,0,0,1,1,medio_baixo
5,10000.0,1,0.0,1,4,1,0,0,0,0,1,1,0,1,0,0,alto
7,10000.0,2,0.5,1,1,1,0,0,0,1,0,0,0,0,0,0,baixo
6,150000.0,1436,0.7486072423398329,10,4,1,0,0,2,1,1,0,0,0,1,0,medio_baixo
2,10000.0,1,1.0,6,4,1,0,0,0,1,1,1,1,0,0,0,medio_baixo
8,10000.0,16,0.5625,1,3,1,0,0,0,0,0,0,0,0,0,0,gratuito
5,10000.0,7,0.42857142857142855,1,4,1,0,0,0,1,1,0,0,0,0,1,medio_alto
5,10000.0,14,0.9285714285714286,6,4,1,0,0,0,1,1,1,0,0,1,0,medio_baixo
4,350000.0,2340,0.7829059829059829,1,3,1,0,0,0,0,1,1,0,1,0,0,baixo
2,10000.0,5,0.6,3,4,1,0,0,0,1,0,1,0,0,1,1,medio_alto
6,10000.0,16,0.625,1,2,1,0,0,0,1,0,1,0,0,0,0,baixo
3,0.0,0,0.0,1,4,1,0,0,1,1,0,1,0,1,0,0,gratuito
5,0.0,0,0.0,1,2,1,0,0,0,0,0,0,1,0,0,0,gratuito
3,10000.0,0,0.0,1,2,1,0,0,0,0,0,0,1,1,0,0,alto
4,150000.0,2,1.0,2,3,1,0,0,0,1,0,0,0,1,1,0,medio_baixo
4,10000.0,21,0.9047619047619048,9,1,1,1,1,1,0,1,0,0,0,0,0,medio_baixo
7,10000.0,19,0.9473684210526315,2,1,1,0,0,0,0,0,0,0,0,0,0,gratuito
8,75000.0,150,0.86,4,3,1,1,1,1,0,0,0,1,0,1,1,medio_alto
5,10000.0,13,0.6923076923076923,3,4,1,0,0,0,1,1,0,0,0,1,0,baixo
18,150000.0,578,0.8252595155709342,1,1,1,0,0,0,0,1,0,0,0,0,0,medio_baixo
2,10000.0,0,0.0,30,3,1,1,0,0,0,0,0,0,0,1,1,gratuito
11,10000.0,10,0.2,1,2,1,0,0,0,1,1,0,0,0,0,0,medio_alto
4,10000.0,1,0.0,1,2,1,0,0,0,1,0,0,1,0,0,0,baixo
2,35000.0,712,0.7682584269662921,13,5,1,0,0,0,1,0,1,0,1,0,1,alto
2,0.0,0,0.0,2,4,1,0,0,0,0,0,1,0,1,1,0,gratuito
3,0.0,0,0.0,103,4,1,1,1,0,1,1,1,1,0,0,0,baixo
2,10000.0,33,0.9393939393939394,1,2,1,1,1,0,1,1,0,0,0,0,0,medio_alto
3,10000.0,7,1.0,1,4,1,0,0,0,1,1,1,0,1,0,0,medio_alto
1,0.0,0,0.0,1,2,1,1,1,0,1,0,0,0,0,0,0,medio_alto
1,10000.0,0,0.0,13,4,1,0,0,0,1,1,1,1,0,0,0,medio_alto
2,10000.0,0,0.0,1,1,1,1,1,0,1,0,0,0,0,0,0,medio_alto
2,10000.0,624,0.7772435897435898,6,2,1,0,0,1,1,1,0,0,0,0,0,medio_alto
7,10000.0,4,0.5,1,5,1,0,0,9,1,0,1,1,0,1,1,baixo
3,10000.0,1,1.0,5,3,1,0,0,0,1,1,1,0,0,0,0,medio_baixo
11,10000.0,11,0.6363636363636364,1,3,1,0,0,0,1,1,0,1,0,0,0,baixo
7,150000.0,1313,0.8446306169078446,3,3,1,0,0,0,1,0,0,1,0,0,1,alto
8,75000.0,79,0.45569620253164556,18,6,1,0,0,0,1,1,1,0,1,0,0,baixo
6,10000.0,8,0.5,103,5,1,0,0,0,1,0,1,1,0,1,1,baixo
1,10000.0,0,0.0,1,1,1,0,0,0,0,0,0,1,0,0,0,medio_baixo
1,10000.0,24,0.9583333333333334,5,3,1,0,0,0,1,1,1,0,0,0,0,medio_alto
2,0.0,0,0.0,12,3,1,0,0,0,0,0,0,1,0,0,1,gratuito
5,0.0,0,0.0,1,5,1,0,0,100,1,1,1,1,0,1,0,gratuito
6,10000.0,5,0.8,4,1,1,0,0,0,0,0,0,1,0,0,0,medio_alto
3,0.0,0,0.0,1,9,1,0,0,0,1,1,1,1,1,1,0,gratuito
8,10000.0,32,0.6875,1,3,1,1,0,0,1,0,1,1,0,0,0,medio_baixo
9,10000.0,156,0.9230769230769231,1,2,1,0,0,2,0,0,1,1,0,0,0,alto
1,0.0,0,0.0,0,0,1,0,0,0,0,0,0,0,0,0,0,gratuito
8,10000.0,37,0.918918918918919,1,3,1,0,0,0,1,1,0,1,0,0,0,baixo
7,350000.0,796,0.7361809045226131,2,1,1,0,0,0,1,0,0,0,0,0,0,gratuito
9,10000.0,4,0.25,1,2,1,0,0,0,1,0,0,1,0,0,0,baixo
3,10000.0,0,0.0,1,2,1,0,0,0,1,0,0,1,0,0,0,baixo
4,10000.0,3,0.0,13,5,1,0,0,0,1,0,1,1,0,1,0,medio_baixo
8,35000.0,193,0.8652849740932642,3,3,1,1,1,1,1,0,0,1,0,0,0,gratuito
7,10000.0,4,1.0,18,3,1,0,1,0,1,1,0,1,0,0,0,baixo
4,10000.0,500,0.652,3,1,1,0,0,0,0,1,0,0,0,0,0,alto
1,0.0,0,0.0,3,7,1,0,0,2,1,0,1,1,1,1,1,gratuito
3,35000.0,1,1.0,1,2,1,0,0,0,0,1,0,0,0,0,0,medio_alto
1,10000.0,6,1.0,4,4,1,0,0,0,1,1,1,1,0,0,0,alto
1,10000.0,0,0.0,1,3,1,0,0,0,0,0,1,1,0,0,1,medio_baixo
2,10000.0,0,0.0,14,3,1,0,0,0,0,0,1,0,1,1,0,medio_baixo
12,750000.0,10590,0.8305004721435316,6,1,1,0,0,0,0,1,0,0,0,0,0,medio_baixo
3,10000.0,9,0.6666666666666666,1,2,1,1,0,0,0,0,1,1,0,0,0,medio_alto
6,10000.0,142,0.9014084507042254,3,5,1,0,0,0,1,1,1,1,0,1,0,medio_baixo
7,10000.0,4,0.75,1,4,1,0,1,0,1,0,0,0,0,0,1,medio_baixo
4,10000.0,16,1.0,1,5,1,0,0,0,1,1,1,0,1,1,0,medio_alto
1,10000.0,0,0.0,1,5,1,0,0,0,1,1,1,1,0,1,0,medio_alto
1,10000.0,0,0.0,27,2,1,1,1,0,1,0,0,0,0,0,1,baixo
7,10000.0,1,1.0,1,2,1,1,0,0,1,0,0,1,0,0,0,baixo
9,150000.0,56,0.8392857142857143,1,5,1,0,0,1,1,0,1,1,1,1,0,baixo
1,10000.0,0,0.0,6,2,1,0,0,0,1,0,1,0,0,0,0,alto
7,10000.0,5,1.0,1,3,1,1,1,0,1,0,1,1,0,0,0,medio_baixo
1,10000.0,0,0.0,1,3,1,0,0,0,1,0,0,1,0,0,1,medio_alto
8,10000.0,53,0.660377358490566,6,3,1,0,0,0,1,0,0,0,0,1,1,medio_baixo
1,10000.0,0,0.0,1,1,1,0,0,0,0,0,0,0,0,0,1,medio_alto
2,10000.0,50,0.72,13,4,1,0,0,0,1,1,0,1,0,1,0,baixo
1,0.0,0,0.0,3,2,1,0,0,0,1,0,0,1,0,0,0,alto
3,10000.0,0,0.0,1,5,1,0,0,0,1,0,1,1,0,0,1,baixo
8,10000.0,13,0.38461538461538464,1,2,1,0,1,0,1,0,0,1,0,0,0,baixo
2,10000.0,5,1.0,1,5,1,1,1,0,1,1,0,1,0,1,1,baixo
2,10000.0,0,0.0,1,1,1,0,0,0,1,0,0,0,0,0,0,medio_baixo
6,10000.0,27,0.8888888888888888,1,4,1,0,1,1,1,1,0,0,0,0,0,gratuito
1,10000.0,0,0.0,1,1,1,0,0,0,0,0,1,0,0,0,0,medio_alto
1,0.0,0,0.0,0,0,1,0,0,0,0,0,0,0,0,0,0,gratuito
3,10000.0,1,0.0,1,3,1,1,0,0,1,1,1,0,0,0,0,medio_alto
1,0.0,0,0.0,1,2,1,0,0,0,1,0,1,0,0,0,0,alto
1,10000.0,0,0.0,1,3,1,0,0,1,1,0,0,1,0,0,1,medio_alto
1,10000.0,0,0.0,1,1,1,0,0,0,0,1,0,0,0,0,0,alto
2,10000.0,2,0.5,1,3,1,0,0,0,1,0,1,0,1,0,0,alto
5,75000.0,7,0.5714285714285714,1,3,1,0,0,0,1,1,0,1,0,0,0,baixo
5,10000.0,5,1.0,1,3,1,0,0,0,0,1,1,1,0,0,0,baixo
9,10000.0,1,1.0,4,2,1,0,0,0,1,0,0,1,0,0,0,baixo
2,0.0,0,0.0,1,3,1,0,0,0,0,0,0,0,0,0,1,gratuito
1,0.0,0,0.0,7,1,1,0,0,0,1,0,0,0,0,0,0,medio_baixo
4,10000.0,0,0.0,1,4,1,0,0,0,1,1,0,1,0,0,0,medio_baixo
2,75000.0,1245,0.9004016064257028,8,3,1,0,0,0,1,0,0,0,1,0,1,alto
5,10000.0,16,0.375,1,3,1,0,0,0,1,0,0,1,0,0,1,alto
10,10000.0,12,0.5,1,1,1,0,0,0,0,1,0,0,0,0,0,medio_alto
2,0.0,0,0.0,0,0,1,0,0,0,0,0,0,0,0,0,0,gratuito
5,10000.0,14,0.6428571428571429,1,2,1,0,0,0,0,1,0,0,0,1,0,medio_baixo
2,10000.0,0,0.0,1,1,1,0,0,1,1,0,0,0,0,0,0,medio_baixo
9,10000.0,0,0.0,1,1,1,0,0,0,0,0,0,0,0,0,1,medio_baixo
2,10000.0,27,0.6296296296296297,1,2,1,1,1,0,1,0,1,0,0,0,0,baixo
8,35000.0,46,0.9130434782608695,1,2,1,0,0,0,1,1,0,0,0,0,0,medio_alto
1,10000.0,10,1.0,3,3,1,0,0,0,1,0,1,0,0,1,0,medio_alto
7,10000.0,5,0.4,1,3,1,0,0,0,1,1,0,1,0,0,0,medio_baixo
3,10000.0,3,0.6666666666666666,1,4,1,1,0,0,0,0,0,0,0,0,0,medio_baixo
2,0.0,0,0.0,0,0,1,0,0,0,0,0,0,0,0,0,0,gratuito
1,10000.0,0,0.0,8,5,1,1,0,0,0,1,1,1,1,0,0,medio_alto
4,35000.0,24,0.9166666666666666,3,2,1,1,0,0,0,0,1,1,0,0,0,medio_alto
2,10000.0,69,0.7391304347826086,1,4,1,0,0,0,1,1,0,0,1,1,0,baixo
7,75000.0,972,0.8549382716049383,2,3,1,0,0,1,0,0,0,0,1,1,1,alto
11,75000.0,400,0.86,1,2,1,0,1,1,1,1,0,0,0,0,0,baixo
2,10000.0,0,0.0,1,2,1,0,0,0,0,1,1,0,0,0,0,medio_alto
8,10000.0,8,0.75,1,1,1,0,0,0,1,0,0,0,0,0,0,baixo
11,35000.0,87,0.6896551724137931,6,1,1,0,0,0,0,0,1,0,0,0,0,baixo
4,10000.0,35,0.8571428571428571,4,3,1,0,1,0,1,1,0,1,0,0,0,medio_baixo
2,10000.0,10,0.6,1,3,1,1,1,0,1,0,1,0,1,0,0,medio_baixo
5,10000.0,260,0.8,1,5,1,1,0,0,1,1,1,0,0,0,1,gratuito
5,10000.0,17,0.5882352941176471,11,4,1,0,0,0,1,0,0,1,1,0,1,alto
3,0.0,0,0.0,0,0,1,0,0,0,0,0,0,0,0,0,0,gratuito
4,10000.0,107,0.9252336448598131,1,2,1,1,1,1,1,0,1,0,0,0,0,medio_baixo
11,150000.0,1097,0.8824065633546034,1,2,1,1,0,1,1,0,1,0,0,0,0,baixo
2,10000.0,2,0.5,15,2,1,0,0,0,1,0,1,0,0,0,0,medio_alto
3,0.0,0,0.0,1,3,1,0,0,0,0,1,1,1,0,0,0,gratuito
8,10000.0,27,0.9259259259259259,1,5,1,1,0,0,1,1,0,0,0,0,1,alto
1,10000.0,0,0.0,4,2,1,0,0,0,0,0,1,1,0,0,0,alto
9,10000.0,31,0.9354838709677419,2,2,1,0,0,0,1,0,1,0,0,0,0,medio_alto
2,35000.0,27,0.7037037037037037,22,6,1,0,0,0,1,1,1,0,1,0,0,medio_alto
4,0.0,0,0.0,1,3,1,0,0,0,1,1,0,1,0,0,0,gratuito
2,10000.0,7,0.8571428571428571,1,4,1,1,1,0,1,1,0,0,0,0,0,medio_alto
12,75000.0,243,0.8683127572016461,1,4,1,1,0,0,1,0,1,1,1,0,0,medio_alto
6,10000.0,43,0.7441860465116279,29,4,1,0,0,0,1,0,1,1,1,0,0,baixo
3,10000.0,4,1.0,1,4,1,0,0,0,1,0,0,0,0,0,0,gratuito
12,10000.0,127,0.7716535433070866,1,4,1,0,0,0,1,0,0,0,1,1,1,medio_alto
3,10000.0,21,1.0,1,2,1,0,0,0,1,0,0,1,0,0,0,baixo
5,10000.0,1,0.0,1,4,1,0,0,0,1,1,1,0,1,0,0,baixo
5,10000.0,1,1.0,2,2,1,0,0,0,0,1,0,1,0,0,0,alto
2,35000.0,1,1.0,1,2,1,0,0,0,1,1,0,0,0,0,0,baixo
4,10000.0,16,0.875,1,2,1,0,0,0,1,0,0,1,0,0,0,baixo
1,0.0,0,0.0,1,3,1,1,0,0,0,0,0,0,1,0,0,gratuito
1,150000.0,5027,0.6642132484583251,19,5,1,0,0,0,1,1,1,0,0,0,1,medio_alto
1,10000.0,0,0.0,6,2,1,0,0,0,1,0,0,0,0,0,1,medio_alto
3,0.0,0,0.0,1,3,1,0,0,0,1,0,0,0,0,1,0,gratuito
2,10000.0,1,1.0,3,3,1,0,0,0,1,1,1,0,0,0,0,medio_baixo
2,0.0,0,0.0,1,4,1,1,0,0,1,0,1,0,0,0,0,gratuito
4,0.0,0,0.0,2,3,1,0,0,0,1,0,1,0,0,0,0,gratuito
1,10000.0,0,0.0,1,4,1,0,0,0,1,1,1,0,0,0,0,gratuito
6,10000.0,19,0.7894736842105263,1,2,1,0,0,0,1,0,0,0,1,0,0,gratuito
1,10000.0,26,0.8461538461538461,2,1,1,0,0,0,1,0,0,0,0,0,0,medio_baixo
12,10000.0,44,0.5681818181818182,1,3,1,0,1,0,1,0,0,0,0,1,1,medio_baixo
1,10000.0,162,0.7839506172839507,9,3,1,0,0,1,0,1,1,0,0,0,1,alto
2,10000.0,14,0.7142857142857143,2,3,1,0,0,0,1,0,1,0,1,0,0,medio_alto
8,10000.0,23,0.782608695652174,1,5,1,0,0,0,1,1,1,1,0,0,0,medio_alto
1,10000.0,0,0.0,1,2,1,0,1,1,1,0,1,0,0,0,0,alto
1,0.0,0,0.0,2,2,1,0,0,0,1,0,0,1,0,0,0,baixo
2,10000.0,15,0.9333333333333333,1,3,1,0,0,0,1,1,0,0,0,0,0,medio_alto
3,0.0,0,0.0,1,3,1,1,1,1,1,0,0,1,0,0,0,gratuito
3,10000.0,0,0.0,1,1,1,0,0,0,0,0,0,1,0,0,0,medio_baixo
6,10000.0,4,1.0,2,1,1,0,0,0,0,1,0,0,0,0,0,alto
3,750000.0,16649,0.8270166376358941,1,3,1,0,0,1,1,0,1,0,1,0,0,medio_alto
6,75000.0,3,0.6666666666666666,4,4,1,0,0,1,1,0,1,1,0,0,1,medio_alto
2,0.0,0,0.0,1,4,1,0,0,0,1,1,1,0,0,0,0,gratuito
3,10000.0,1,0.0,1,4,1,1,0,0,1,0,0,1,0,1,0,medio_baixo
2,0.0,0,0.0,0,0,1,0,0,0,0,0,0,0,0,0,0,gratuito
1,10000.0,0,0.0,9,3,1,0,0,0,0,0,1,0,1,1,0,alto
4,35000.0,427,0.8220140515222483,6,2,1,1,1,1,1,0,1,0,0,0,0,medio_alto
3,10000.0,4,1.0,1,2,1,0,0,0,0,0,1,1,0,0,0,alto
14,750000.0,2285,0.7225382932166302,1,4,1,0,0,0,0,1,0,0,1,0,0,gratuito
2,0.0,0,0.0,1,3,1,1,0,0,1,0,1,0,1,0,0,gratuito
1,10000.0,0,0.0,3,3,1,0,0,0,0,0,0,1,0,0,1,medio_alto
9,35000.0,284,0.7323943661971831,2,4,1,0,0,4,0,1,1,1,0,0,1,medio_alto
7,10000.0,21,0.8571428571428571,2,2,1,0,0,0,0,1,0,0,0,0,0,gratuito
9,10000.0,11,0.5454545454545454,1,2,1,0,0,0,1,0,0,0,0,1,0,medio_baixo
9,10000.0,75,0.96,1,3,1,1,1,0,1,0,1,0,1,0,0,medio_alto
3,10000.0,0,0.0,103,6,1,0,0,0,1,1,1,1,1,0,1,baixo
5,1500000.0,13550,0.8644280442804428,30,3,1,1,0,2,1,0,0,1,0,1,0,alto
1,10000.0,0,0.0,21,5,1,1,1,0,1,0,1,1,0,0,1,baixo
1,10000.0,2,1.0,2,1,1,0,0,0,0,0,0,0,0,0,1,baixo
5,10000.0,12,0.8333333333333334,1,2,1,0,0,0,1,0,0,1,0,0,0,baixo
2,0.0,0,0.0,0,0,1,0,0,0,0,0,0,0,0,0,0,gratuito
5,35000.0,4,1.0,1,3,1,0,0,0,1,0,1,1,0,0,0,alto
1,0.0,0,0.0,10,3,1,0,0,0,1,1,1,0,0,0,0,medio_alto
4,10000.0,4,1.0,1,1,1,0,0,0,0,1,0,0,0,0,0,medio_baixo
4,0.0,0,0.0,1,4,1,1,0,0,1,0,1,1,1,0,0,gratuito
12,350000.0,299,0.4782608695652174,1,3,1,0,0,0,0,0,0,1,0,1,1,alto
2,0.0,0,0.0,1,3,1,0,0,1,0,0,0,1,0,0,1,gratuito
1,0.0,0,0.0,0,0,1,0,0,0,0,0,0,0,0,0,0,gratuito
1,1500000.0,26940,0.9703414996288048,12,5,1,0,0,1,1,1,1,1,0,0,1,alto
4,150000.0,2811,0.976165065812878,1,2,1,0,0,2,1,1,0,0,0,0,0,medio_baixo
2,10000.0,22,1.0,4,6,1,0,0,1,1,1,1,1,0,0,1,medio_alto
4,10000.0,13,0.8461538461538461,1,3,1,0,0,0,1,1,1,0,0,0,0,medio_baixo
5,10000.0,7,0.7142857142857143,1,2,1,0,0,0,1,1,0,0,0,0,0,medio_alto
9,35000.0,415,0.8192771084337349,2,1,1,1,1,0,0,0,1,0,0,0,0,baixo
8,10000.0,44,0.45454545454545453,1,7,1,0,0,0,1,0,0,1,1,1,1,gratuito
1,0.0,0,0.0,1,2,1,0,0,0,1,0,0,0,0,0,0,medio_alto
11,10000.0,8,1.0,1,2,1,1,1,0,1,0,1,0,0,0,0,medio_alto
7,10000.0,10,0.6,1,2,1,0,0,0,1,0,1,0,0,0,0,medio_baixo
2,0.0,0,0.0,1,3,1,0,0,0,0,1,1,0,0,0,0,gratuito
3,10000.0,5,0.8,1,3,1,1,1,0,1,0,1,1,0,0,0,baixo
8,35000.0,14,0.8571428571428571,2,7,1,0,0,0,1,1,1,1,0,1,1,baixo
2,10000.0,6,0.5,9,1,1,0,0,0,0,0,0,0,0,1,0,medio_baixo
1,0.0,0,0.0,11,2,1,0,0,0,0,1,0,1,0,0,0,medio_baixo
7,10000.0,0,0.0,1,3,1,0,0,0,1,0,0,1,0,0,0,alto
9,35000.0,87,0.6436781609195402,1,2,1,0,0,0,1,1,0,0,0,0,0,baixo
1,10000.0,0,0.0,1,3,1,0,0,0,1,0,0,1,0,0,1,medio_alto
7,10000.0,95,0.7263157894736842,6,4,1,0,0,0,1,0,0,0,0,1,1,baixo
3,10000.0,0,0.0,1,2,1,1,0,0,0,0,0,1,0,0,1,baixo
4,10000.0,63,0.6190476190476191,3,2,1,0,0,0,0,0,1,0,1,0,0,medio_alto
8,10000.0,19,0.5789473684210527,1,2,1,0,0,0,1,1,0,0,0,0,0,baixo
1,10000.0,0,0.0,1,4,1,0,0,0,1,0,1,1,0,0,0,medio_alto
10,10000.0,12,0.5833333333333334,1,3,1,0,0,0,1,1,0,1,0,0,0,medio_baixo
1,10000.0,9,0.5555555555555556,1,6,1,0,0,0,1,1,1,1,0,1,1,baixo
1,0.0,0,0.0,2,3,1,0,0,0,1,1,0,0,0,0,0,gratuito
3,10000.0,2,1.0,1,4,1,0,0,0,1,1,1,1,0,0,0,alto
1,0.0,0,0.0,4,4,1,1,1,1,1,0,1,1,1,0,0,alto
3,10000.0,68,0.75,9,1,1,0,0,0,0,1,0,0,0,0,0,medio_baixo
1,0.0,0,0.0,0,0,1,0,0,0,0,0,0,0,0,0,0,gratuito
1,0.0,0,0.0,8,5,1,0,0,0,1,1,1,1,0,0,0,baixo
6,10000.0,18,0.4444444444444444,1,5,1,0,0,0,1,1,1,1,1,0,0,baixo
1,10000.0,25,0.96,2,5,1,0,0,0,1,1,0,1,1,0,0,medio_alto
1,10000.0,0,0.0,4,5,1,0,0,0,1,0,0,0,0,1,0,gratuito
1,0.0,0,0.0,1,3,1,0,0,0,1,0,0,1,0,0,0,medio_alto
4,10000.0,5,1.0,2,3,1,0,0,0,1,0,0,0,1,1,0,medio_baixo
2,0.0,0,0.0,1,4,1,0,0,0,0,0,0,1,0,1,0,gratuito
2,10000.0,38,0.868421052631579,7,3,1,0,0,0,1,0,1,0,0,0,1,medio_alto
4,10000.0,0,0.0,1,2,1,1,1,1,1,0,0,0,0,0,1,medio_alto
1,0.0,0,0.0,0,0,1,0,0,0,0,0,0,0,0,0,0,gratuito
15,1500000.0,8189,0.9593356942239589,9,3,1,0,0,2,1,1,0,0,0,1,0,medio_baixo
1,10000.0,131,0.8854961832061069,5,3,1,1,0,0,0,1,0,1,0,1,0,alto
1,0.0,0,0.0,2,4,1,0,0,0,1,1,0,0,1,0,0,alto
3,10000.0,0,0.0,1,2,1,1,0,0,1,0,0,1,0,0,0,medio_alto
9,10000.0,2,1.0,1,1,1,0,0,0,1,0,0,0,0,0,0,medio_baixo
4,10000.0,4,0.75,1,4,1,0,1,0,1,1,0,1,0,0,0,baixo
8,35000.0,61,0.5901639344262295,1,1,1,0,0,0,0,1,0,0,0,0,0,medio_baixo
7,10000.0,10,0.7,1,1,1,0,0,0,1,0,0,0,0,0,0,gratuito
6,10000.0,12,0.6666666666666666,1,4,1,0,0,0,1,1,1,0,1,0,0,medio_alto
10,350000.0,308,0.8896103896103896,103,2,1,0,1,0,1,1,0,0,0,0,0,baixo
8,35000.0,53,0.5849056603773585,27,3,1,0,0,0,1,1,1,0,0,0,0,medio_alto
2,0.0,0,0.0,11,3,1,0,0,3,1,0,1,1,0,0,0,medio_alto
2,10000.0,5,1.0,1,5,1,0,0,0,1,1,0,1,1,0,1,medio_alto
8,35000.0,96,0.9270833333333334,8,3,1,0,0,0,1,1,0,1,0,0,0,baixo
3,350000.0,11705,0.9453225117471166,2,3,1,0,0,1,1,0,0,0,1,0,1,alto
2,10000.0,3,1.0,6,2,1,0,0,0,1,0,0,1,0,0,0,medio_baixo
5,10000.0,0,0.0,1,1,1,0,0,0,0,0,0,0,0,1,0,alto
3,10000.0,35,0.8571428571428571,1,2,1,1,1,0,0,1,0,0,0,1,0,medio_alto
5,10000.0,12,0.8333333333333334,1,3,1,0,0,0,0,0,0,1,0,0,1,medio_alto
5,10000.0,38,0.5,1,3,1,0,0,0,0,1,1,1,0,0,0,baixo
8,35000.0,100,0.61,1,2,1,0,0,0,0,1,0,1,0,0,0,baixo
1,0.0,0,0.0,1,2,1,0,0,0,0,0,0,1,0,1,0,medio_alto
5,0.0,0,0.0,1,6,1,0,0,101,1,1,1,1,0,1,0,gratuito
1,0.0,0,0.0,0,0,1,0,0,0,0,0,0,0,0,0,0,gratuito
3,0.0,0,0.0,2,4,1,0,0,0,1,0,1,0,0,0,1,gratuito
2,0.0,0,0.0,8,2,1,0,0,0,0,0,0,0,0,0,0,gratuito
1,0.0,0,0.0,2,5,1,1,1,0,1,1,0,0,1,1,0,medio_alto
4,0.0,0,0.0,1,1,1,0,0,0,0,0,0,1,0,0,0,gratuito
1,10000.0,190,0.9526315789473684,11,3,1,0,0,0,1,0,0,1,0,0,1,alto
6,10000.0,41,0.9512195121951219,3,3,1,0,0,0,1,0,0,1,0,1,0,medio_baixo
9,10000.0,59,0.2711864406779661,1,3,1,0,0,0,0,1,0,1,0,0,1,alto
10,10000.0,15,0.3333333333333333,1,3,1,0,0,0,1,0,0,1,0,1,0,baixo
1,0.0,0,0.0,103,3,1,0,0,0,0,0,1,1,0,0,0,gratuito
3,10000.0,13,1.0,1,4,1,0,0,0,1,1,1,1,0,0,0,medio_alto
6,10000.0,3,1.0,1,2,1,0,0,0,1,0,1,0,0,0,0,alto
3,10000.0,10,1.0,3,4,1,0,0,4,1,1,0,1,1,0,0,medio_baixo
2,10000.0,0,0.0,1,5,1,0,0,0,1,1,1,1,0,0,0,gratuito
11,35000.0,88,0.75,2,3,1,1,1,0,1,1,0,0,1,0,0,medio_baixo
5,10000.0,40,0.95,1,5,1,1,0,0,1,1,0,1,0,0,0,medio_baixo
2,10000.0,15,0.7333333333333333,4,2,1,0,0,0,0,0,0,0,0,1,1,medio_alto
14,350000.0,1138,0.5913884007029877,7,3,1,1,1,3,0,1,0,0,0,1,1,medio_alto
4,10000.0,0,0.0,1,3,1,0,0,0,0,0,0,1,0,0,1,baixo
2,10000.0,0,0.0,1,4,1,0,0,0,1,0,1,0,0,1,1,medio_alto
3,0.0,0,0.0,2,3,1,0,0,31,0,1,0,0,0,0,0,gratuito
3,0.0,0,0.0,0,0,1,0,0,0,0,0,0,0,0,0,0,gratuito
3,10000.0,4,1.0,1,4,1,0,1,0,1,1,0,1,0,0,0,medio_alto
9,75000.0,2934,0.803680981595092,6,3,1,0,0,2,1,0,0,0,0,1,1,medio_alto
4,0.0,0,0.0,0,0,1,0,0,0,0,0,0,0,0,0,0,gratuito
2,10000.0,0,0.0,1,6,1,0,0,1,1,1,1,1,0,1,0,gratuito
3,0.0,0,0.0,0,0,1,0,0,0,0,0,0,0,0,0,0,gratuito
8,10000.0,1,0.0,1,3,1,0,0,0,1,1,0,1,0,0,0,baixo
4,10000.0,1,1.0,2,3,1,0,0,0,0,0,0,1,0,1,1,medio_baixo
10,10000.0,24,0.5833333333333334,1,1,1,0,0,0,0,0,0,0,0,0,0,gratuito
5,35000.0,16,0.5625,2,2,1,0,0,0,1,0,1,0,0,0,0,medio_baixo
1,0.0,0,0.0,30,4,1,0,0,0,1,0,0,1,0,1,1,baixo
2,0.0,0,0.0,30,5,1,0,0,7,1,1,0,0,1,0,0,gratuito
3,10000.0,0,0.0,17,3,1,0,0,0,1,0,0,1,0,0,0,gratuito
4,10000.0,7,0.42857142857142855,1,1,1,0,0,0,0,0,0,0,0,0,0,alto
2,10000.0,29,0.6896551724137931,12,1,1,0,0,0,0,0,0,0,0,0,1,medio_baixo
2,10000.0,1,0.0,1,1,1,0,0,0,0,1,0,0,0,0,0,medio_alto
6,10000.0,2,1.0,1,2,1,0,0,0,1,0,0,1,0,0,0,baixo
3,10000.0,42,0.8095238095238095,18,8,1,0,0,0,1,1,0,1,0,1,1,alto
4,10000.0,2,0.5,1,2,1,0,0,0,0,0,1,0,1,0,0,alto
9,10000.0,4,0.0,1,3,1,1,0,0,0,1,0,0,0,1,1,alto
3,150000.0,1620,0.8444444444444444,10,4,1,0,0,5,1,1,1,0,1,0,0,alto
5,0.0,0,0.0,1,3,1,0,0,0,0,1,1,0,0,0,0,gratuito
1,10000.0,20,0.95,14,3,1,0,0,0,1,1,0,0,0,0,1,medio_baixo
4,10000.0,129,0.8682170542635659,4,3,1,0,0,1,1,1,1,0,0,0,0,alto
3,1500000.0,41180,0.9783875667799903,4,5,1,0,0,1,1,0,0,1,1,1,1,alto
2,35000.0,658,0.8936170212765957,1,3,1,0,0,0,0,0,1,0,1,1,0,medio_baixo
1,10000.0,2,0.0,1,2,1,0,0,0,0,0,0,1,0,0,1,baixo
3,0.0,0,0.0,0,0,1,0,0,0,0,0,0,0,0,0,0,gratuito
1,0.0,0,0.0,1,1,1,0,0,0,0,0,1,0,0,0,0,medio_baixo
10,750000.0,2476,0.7015347334410339,4,4,1,1,0,0,1,0,0,1,1,1,0,medio_alto
3,10000.0,648,0.8564814814814815,10,3,1,1,0,2,1,1,0,0,0,1,0,alto
10,10000.0,60,0.38333333333333336,7,5,1,1,1,1,1,0,1,0,0,0,1,alto
4,75000.0,194,0.9226804123711341,9,2,1,0,0,0,0,0,0,0,0,0,0,gratuito
9,10000.0,36,0.9722222222222222,1,3,1,0,0,1,1,0,0,1,0,0,0,gratuito
2,0.0,0,0.0,0,0,1,0,0,0,0,0,0,0,0,0,0,gratuito
1,10000.0,0,0.0,8,3,1,0,0,0,1,1,0,1,0,0,0,medio_baixo
3,10000.0,7,0.8571428571428571,1,1,1,0,0,0,0,0,0,0,0,0,0,gratuito
10,35000.0,184,0.6086956521739131,6,3,1,0,0,0,1,0,1,1,0,0,0,baixo
7,10000.0,1,0.0,1,2,1,0,0,0,1,0,0,1,0,0,0,baixo
1,0.0,0,0.0,13,3,1,0,0,0,1,0,0,1,0,0,1,medio_alto
6,35000.0,40,0.75,1,7,1,0,0,0,1,1,1,1,0,1,0,medio_baixo
7,10000.0,22,0.7272727272727273,1,4,1,1,1,0,1,1,0,1,0,1,0,baixo
1,10000.0,0,0.0,2,2,1,1,1,0,1,0,0,0,1,0,0,alto
2,10000.0,12,0.9166666666666666,1,3,1,1,1,0,1,0,0,1,1,0,0,alto
5,10000.0,68,0.7058823529411765,3,3,1,0,0,0,1,1,1,0,0,0,0,medio_baixo
1,10000.0,0,0.0,1,2,1,0,0,0,1,0,0,0,0,1,0,medio_alto
9,10000.0,26,0.8076923076923077,1,2,1,0,0,0,1,0,0,1,0,0,0,gratuito
12,35000.0,78,0.4230769230769231,1,3,1,0,0,0,1,1,0,1,0,0,0,medio_baixo
5,0.0,0,0.0,1,4,1,0,0,0,1,1,0,1,0,0,0,gratuito
3,0.0,0,0.0,0,0,1,0,0,0,0,0,0,0,0,0,0,gratuito
1,10000.0,0,0.0,1,2,1,0,0,0,1,0,0,1,0,0,0,baixo
1,0.0,0,0.0,9,4,1,1,0,0,1,0,0,1,0,1,0,gratuito
7,10000.0,4,0.5,1,4,1,0,0,0,1,0,0,1,0,1,1,alto
2,10000.0,9,0.8888888888888888,6,4,1,0,0,0,1,1,0,1,0,0,0,gratuito
4,0.0,0,0.0,1,4,1,1,1,0,1,1,1,0,0,0,0,gratuito
2,10000.0,3,1.0,8,3,1,1,0,0,0,0,1,1,0,1,0,alto
4,10000.0,11,0.8181818181818182,12,3,1,0,0,0,1,0,0,1,0,0,1,medio_alto
2,10000.0,10,0.5,8,3,1,0,0,0,0,1,0,0,1,1,0,medio_alto
5,10000.0,53,0.6226415094339622,1,3,1,1,0,0,1,0,0,1,0,0,1,medio_alto
9,10000.0,3,0.0,1,2,1,0,0,0,0,1,1,0,0,0,0,medio_baixo
8,10000.0,21,0.6666666666666666,1,1,1,0,0,0,0,1,0,0,0,0,0,medio_baixo
7,10000.0,93,0.6451612903225806,1,1,1,0,0,0,0,0,0,0,0,0,0,baixo
1,0.0,0,0.0,103,2,1,0,0,0,1,0,0,1,0,0,0,baixo
6,1500000.0,29364,0.818825773055442,12,3,1,0,0,1,0,0,0,0,1,1,0,gratuito
1,10000.0,118,0.8813559322033898,11,2,1,0,0,0,0,1,1,0,0,0,0,alto
2,0.0,0,0.0,3,4,1,0,0,1,1,0,0,0,1,1,1,alto
1,0.0,0,0.0,0,0,1,0,0,0,0,0,0,0,0,0,0,gratuito
1,10000.0,0,0.0,1,2,1,0,0,0,1,0,0,1,0,0,0,baixo
11,75000.0,596,0.87248322147651,5,3,1,0,0,0,0,0,0,0,0,0,1,alto
4,10000.0,3,1.0,1,2,1,1,1,0,1,0,1,0,0,0,0,medio_alto
3,0.0,0,0.0,3,4,1,1,1,0,1,0,1,1,0,0,1,gratuito
1,10000.0,0,0.0,2,2,1,0,0,0,1,0,1,0,0,0,0,medio_baixo
10,75000.0,1040,0.8913461538461539,2,2,1,0,0,30,0,0,0,0,0,1,1,alto
4,10000.0,8,0.5,19,3,1,0,0,0,1,0,0,1,0,1,0,alto
18,75000.0,331,0.7280966767371602,7,2,1,0,0,0,0,0,1,1,0,0,0,baixo
1,10000.0,17,0.9411764705882353,9,3,1,0,0,0,1,1,1,0,0,0,0,medio_baixo
11,75000.0,259,0.2857142857142857,1,4,1,0,0,0,1,0,1,0,0,0,0,gratuito
2,0.0,0,0.0,0,0,1,0,0,0,0,0,0,0,0,0,0,gratuito
5,10000.0,150,0.8666666666666667,4,4,1,1,0,0,0,0,0,0,0,0,0,alto
1,10000.0,1,1.0,1,4,1,0,0,2,0,1,1,0,1,1,0,alto
1,0.0,0,0.0,5,3,1,0,0,0,1,1,0,0,0,1,0,alto
4,10000.0,0,0.0,1,1,1,0,0,0,0,0,1,0,0,0,0,gratuito
6,10000.0,0,0.0,1,1,1,0,0,0,0,0,0,0,0,0,0,alto
2,0.0,0,0.0,1,5,1,0,0,0,1,1,1,0,1,0,0,gratuito
2,10000.0,20,0.9,2,4,1,0,0,0,1,0,1,1,0,0,0,baixo
4,75000.0,1746,0.8195876288659794,11,3,1,0,0,11,1,0,1,0,0,0,1,medio_alto
1,150000.0,24,0.5833333333333334,2,3,1,0,1,0,0,0,0,1,0,1,0,medio_alto
9,10000.0,602,0.9235880398671097,7,3,1,1,1,1,1,0,1,1,0,0,0,medio_baixo
1,0.0,0,0.0,0,0,1,0,0,0,0,0,0,0,0,0,0,gratuito
3,10000.0,0,0.0,1,3,1,0,0,0,0,0,1,0,0,0,0,alto
3,10000.0,15,0.8,1,4,1,0,0,0,1,0,0,1,0,1,1,baixo
5,35000.0,91,0.6813186813186813,3,2,1,0,0,1,1,0,0,1,0,0,0,baixo
5,10000.0,43,0.9069767441860465,3,2,1,0,0,0,0,0,0,1,0,0,1,alto
7,150000.0,490,0.6448979591836734,1,2,1,0,0,3,1,0,0,0,0,0,0,gratuito
11,35000.0,157,0.5987261146496815,2,3,1,0,0,0,1,1,1,0,0,0,0,baixo
1,10000.0,0,0.0,31,2,1,0,0,0,1,0,0,1,0,0,0,baixo
1,10000.0,1,1.0,1,1,1,1,0,0,0,0,0,1,0,0,0,medio_alto
2,10000.0,14,1.0,1,3,1,0,0,0,1,1,1,0,0,0,0,baixo
2,10000.0,44,0.9318181818181818,1,3,1,0,0,0,1,1,1,0,0,0,0,baixo
3,10000.0,4,0.25,6,3,1,0,0,0,1,0,1,0,1,0,0,baixo
17,35000.0,45,0.8,1,3,1,0,0,0,1,0,0,0,0,1,1,alto
2,10000.0,9,1.0,2,2,1,0,0,0,1,0,0,0,0,1,0,alto
1,0.0,0,0.0,12,2,1,0,0,0,1,0,0,0,0,1,0,medio_alto
5,750000.0,2396,0.830550918196995,11,3,1,0,0,0,1,1,0,0,0,0,0,alto
8,10000.0,55,0.6363636363636364,8,7,1,0,0,0,1,1,1,1,1,1,1,alto
2,0.0,0,0.0,0,0,1,0,0,0,0,0,0,0,0,0,0,gratuito
1,0.0,0,0.0,1,1,1,0,0,0,0,0,1,0,0,0,0,medio_baixo
9,10000.0,5,0.6,1,1,1,0,0,0,1,0,0,0,0,0,0,baixo
3,10000.0,5,0.4,12,5,1,0,1,0,1,1,1,1,0,0,1,baixo
4,0.0,0,0.0,1,1,1,0,0,0,0,0,0,0,0,1,0,gratuito
10,75000.0,201,0.8706467661691543,9,2,1,1,1,1,1,0,0,1,0,0,0,baixo
7,10000.0,23,0.8260869565217391,1,2,1,1,0,1,1,0,1,0,0,0,0,medio_alto
1,10000.0,0,0.0,1,3,1,0,0,0,1,0,1,0,1,0,0,medio_alto
10,750000.0,832,0.7584134615384616,27,1,1,0,0,0,0,0,0,0,0,0,0,gratuito
17,75000.0,1111,0.8082808280828083,4,2,1,0,0,1,0,1,1,0,0,0,0,medio_baixo
1,10000.0,0,0.0,3,2,1,0,0,0,1,0,0,1,0,0,0,medio_alto
10,10000.0,15,0.3333333333333333,1,3,1,1,0,0,1,0,1,0,0,0,0,medio_alto
2,0.0,0,0.0,14,3,1,0,0,0,0,0,0,1,0,0,1,gratuito
5,10000.0,26,0.8076923076923077,1,4,1,0,0,0,1,1,0,0,0,1,1,medio_alto
11,35000.0,706,0.7620396600566572,7,2,1,1,0,2,1,1,0,0,0,0,0,medio_alto
2,10000.0,13,0.3076923076923077,1,2,1,0,0,0,0,1,1,0,0,0,0,alto
6,150000.0,1414,0.978076379066478,2,4,1,0,0,0,1,0,0,1,1,0,0,gratuito
1,10000.0,0,0.0,10,3,1,0,0,0,1,0,0,1,0,1,0,medio_alto
5,350000.0,1463,0.8359535201640464,9,1,1,0,0,4,0,1,0,0,0,0,0,alto
12,35000.0,229,0.2445414847161572,4,3,1,0,0,0,0,0,0,1,0,0,1,medio_baixo
3,0.0,0,0.0,1,4,1,0,0,0,1,0,1,1,0,0,1,gratuito
1,0.0,0,0.0,7,5,1,0,0,0,1,1,1,1,1,0,0,baixo
1,10000.0,25,0.8,8,3,1,0,0,0,1,0,1,0,1,0,0,medio_alto
1,10000.0,0,0.0,12,3,1,0,0,0,1,0,0,1,0,0,1,baixo
4,0.0,0,0.0,0,0,1,0,0,0,0,0,0,0,0,0,0,gratuito
3,10000.0,0,0.0,2,3,1,0,0,0,1,1,0,0,0,0,0,gratuito
2,10000.0,5,1.0,15,1,1,0,0,0,0,0,0,1,0,0,0,baixo
6,35000.0,12,0.4166666666666667,1,4,1,0,0,0,1,0,1,1,1,0,0,medio_alto
11,350000.0,2218,0.8192064923354373,9,2,1,1,0,2,1,0,1,0,0,0,0,medio_baixo
2,35000.0,4,0.25,3,4,1,0,0,0,1,1,0,1,0,0,1,baixo
8,10000.0,5,0.8,1,2,1,0,0,0,1,1,0,0,0,0,0,medio_alto
4,10000.0,34,0.8823529411764706,2,3,1,0,0,0,1,0,0,1,0,1,0,gratuito
1,10000.0,6,1.0,1,2,1,0,0,0,1,0,0,0,0,0,1,medio_baixo
5,0.0,0,0.0,0,0,1,0,0,0,0,0,0,0,0,0,0,gratuito
7,10000.0,1,0.0,2,3,1,0,0,0,1,0,0,0,0,0,1,alto
4,10000.0,4,1.0,1,3,1,0,0,0,1,1,0,0,0,0,0,baixo
8,35000.0,50,0.58,1,2,1,0,0,0,1,0,0,1,0,0,0,baixo
5,10000.0,54,0.9629629629629629,1,2,1,0,0,0,1,0,0,0,1,0,0,alto
2,10000.0,4,0.75,1,2,1,0,0,0,0,1,0,0,0,1,0,alto
6,35000.0,541,0.8484288354898336,11,4,1,1,0,30,1,0,0,0,0,1,1,medio_baixo
6,350000.0,6013,0.9378014302344919,20,2,1,1,0,0,1,0,1,0,0,0,0,medio_baixo
4,10000.0,114,0.7105263157894737,9,3,1,0,0,0,0,1,1,0,0,0,1,alto
1,0.0,0,0.0,0,0,1,0,0,0,0,0,0,0,0,0,0,gratuito
1,10000.0,0,0.0,27,2,1,1,1,0,1,0,0,0,0,0,1,baixo
6,35000.0,12,0.9166666666666666,1,2,1,0,0,0,0,0,0,1,0,0,0,gratuito
1,10000.0,9,1.0,5,3,1,0,0,0,1,1,0,1,0,0,0,medio_baixo
2,10000.0,21,1.0,7,1,1,0,0,0,0,0,0,1,0,0,0,medio_baixo
8,10000.0,44,0.36363636363636365,1,4,1,0,0,1,1,1,0,1,0,0,1,baixo
9,10000.0,57,0.3508771929824561,1,2,1,0,0,0,0,1,1,0,0,0,0,gratuito
4,10000.0,5,1.0,2,1,1,0,0,0,0,1,0,0,0,0,0,medio_baixo
4,10000.0,59,0.8813559322033898,4,3,1,1,0,0,1,1,0,0,1,0,0,alto
2,0.0,0,0.0,0,0,1,0,0,0,0,0,0,0,0,0,0,gratuito
4,75000.0,593,0.8347386172006745,3,3,1,0,0,0,1,0,0,1,1,0,0,alto
8,10000.0,26,0.5384615384615384,5,3,1,1,0,0,1,0,1,1,0,0,0,baixo
4,10000.0,2,1.0,1,2,1,0,0,0,0,0,0,0,0,0,1,medio_alto
6,35000.0,3,0.3333333333333333,1,2,1,0,0,0,1,1,0,0,0,0,0,medio_baixo
6,35000.0,2,0.5,1,3,1,1,0,0,0,1,0,1,0,0,0,medio_alto
5,10000.0,13,0.5384615384615384,3,2,1,0,0,0,0,0,0,0,0,1,1,alto
8,10000.0,4,0.75,1,2,1,0,0,1,1,0,0,1,0,0,0,medio_alto
8,10000.0,37,0.7567567567567568,1,4,1,0,0,4,1,1,1,0,1,0,0,medio_alto
3,10000.0,58,0.7586206896551724,1,3,1,0,0,0,1,1,0,0,0,0,0,alto
1,10000.0,0,0.0,1,3,1,0,0,0,1,0,0,0,0,1,0,alto
2,0.0,0,0.0,0,0,1,0,0,0,0,0,0,0,0,0,0,gratuito
2,0.0,0,0.0,103,3,1,0,0,0,0,0,0,1,0,0,1,gratuito
1,10000.0,0,0.0,2,4,1,0,0,0,0,1,1,0,1,0,1,medio_baixo
3,35000.0,10,0.6,1,3,1,1,0,0,1,0,0,1,0,1,0,gratuito
5,0.0,0,0.0,0,0,1,0,0,0,0,0,0,0,0,0,0,gratuito
3,10000.0,0,0.0,1,4,1,0,0,0,1,0,1,0,0,1,0,medio_alto
2,75000.0,1476,0.9573170731707317,1,2,1,0,0,0,1,0,0,1,0,0,0,baixo
4,10000.0,343,0.8425655976676385,9,2,1,0,0,2,0,0,0,1,0,0,1,medio_alto
2,10000.0,56,1.0,1,3,1,0,1,0,1,1,0,1,0,0,0,medio_alto
12,10000.0,45,0.8,1,2,1,0,0,1,1,0,0,0,0,1,0,medio_alto
8,10000.0,32,0.71875,1,3,1,0,0,0,1,0,1,1,0,0,0,medio_baixo
1,150000.0,2088,0.8874521072796935,11,3,1,0,0,2,0,0,0,0,0,0,1,alto
5,10000.0,120,0.8333333333333334,1,3,1,0,0,0,1,1,0,0,0,0,0,baixo
9,10000.0,5,0.8,2,4,1,0,0,0,1,1,1,0,1,0,0,medio_alto
8,350000.0,5481,0.9315818281335523,1,2,1,0,0,0,1,0,1,0,0,0,0,medio_alto
6,150000.0,32,0.53125,1,3,1,0,0,0,0,1,0,1,0,0,0,gratuito
1,0.0,0,0.0,1,3,1,0,0,0,0,0,0,0,0,1,1,medio_alto
1,0.0,0,0.0,2,5,1,0,0,0,0,0,1,1,1,0,1,gratuito
9,10000.0,22,0.5454545454545454,6,1,1,0,0,0,0,0,0,0,0,0,0,gratuito
1,0.0,0,0.0,1,4,1,0,0,1,1,0,0,1,0,0,1,gratuito
9,10000.0,9,0.7777777777777778,1,2,1,0,0,0,1,1,0,0,0,0,0,baixo
1,0.0,0,0.0,0,0,1,0,0,0,0,0,0,0,0,0,0,gratuito
10,150000.0,401,0.5536159600997507,1,2,1,0,0,0,0,1,0,0,0,0,0,gratuito
1,0.0,0,0.0,1,2,1,0,1,0,0,1,0,0,0,0,0,medio_baixo
1,10000.0,0,0.0,1,3,1,0,0,0,1,0,1,0,1,0,0,alto
7,10000.0,1,1.0,1,1,1,0,0,0,1,0,0,0,0,0,0,baixo
1,10000.0,0,0.0,12,5,1,1,0,2,1,0,0,1,1,0,1,alto
8,10000.0,44,0.25,2,2,1,0,0,1,1,0,1,0,0,0,0,baixo
1,0.0,0,0.0,1,4,1,0,0,0,1,1,0,1,1,0,0,medio_alto
6,350000.0,4,0.75,3,3,1,0,0,0,0,1,0,0,0,1,1,medio_alto
1,10000.0,0,0.0,1,3,1,0,0,0,1,0,1,1,0,0,0,baixo
6,10000.0,5,0.0,1,1,1,0,0,0,0,0,0,0,1,0,0,medio_baixo
3,10000.0,40,0.925,1,1,1,0,0,1,0,1,0,0,0,0,0,medio_alto
8,35000.0,77,0.922077922077922,11,2,1,1,1,1,1,1,0,0,0,0,0,medio_alto
1,0.0,0,0.0,1,3,1,0,0,0,1,0,0,1,0,0,0,gratuito
12,350000.0,5721,0.969410942142982,9,3,1,1,1,0,1,0,0,1,0,1,0,baixo
4,10000.0,0,0.0,2,2,1,0,0,0,1,0,1,0,0,0,0,medio_alto
2,0.0,0,0.0,0,0,1,0,0,0,0,0,0,0,0,0,0,gratuito
1,10000.0,0,0.0,1,2,1,0,0,0,0,0,0,1,0,0,0,baixo
6,10000.0,2,1.0,1,3,1,0,0,0,1,1,0,1,0,0,0,baixo
1,10000.0,0,0.0,6,4,1,0,0,0,1,0,0,1,1,0,1,medio_baixo
4,35000.0,187,0.20855614973262032,8,5,1,0,0,0,1,0,0,1,0,1,1,baixo
7,10000.0,23,0.4782608695652174,1,2,1,0,0,0,0,0,1,0,0,0,1,gratuito
1,0.0,0,0.0,0,0,1,0,0,0,0,0,0,0,0,0,0,gratuito
7,10000.0,1,0.0,1,2,1,0,0,0,1,1,0,0,0,0,0,medio_alto
6,10000.0,78,0.2948717948717949,7,1,1,0,0,0,0,1,0,0,0,0,0,alto
1,10000.0,0,0.0,4,5,1,0,0,0,1,0,1,1,1,0,1,alto
12,750000.0,6113,0.7448061508261083,7,1,1,0,0,3,0,0,0,0,1,0,0,medio_alto
2,10000.0,2,1.0,2,4,1,0,0,0,1,0,1,1,0,1,0,baixo
5,10000.0,0,0.0,1,2,1,0,0,0,1,0,1,0,0,0,0,medio_alto
18,75000.0,345,0.8579710144927536,5,1,1,0,0,0,0,0,0,0,0,1,0,medio_baixo
10,75000.0,29,0.7931034482758621,1,2,1,0,0,0,1,0,0,1,0,0,0,baixo
3,10000.0,4,1.0,1,3,1,0,0,0,1,1,0,0,0,0,0,medio_baixo
3,0.0,0,0.0,3,5,1,0,0,0,1,0,0,1,0,0,1,baixo
3,35000.0,209,0.6842105263157895,3,2,1,0,0,0,0,1,1,0,0,0,0,baixo
4,10000.0,0,0.0,10,3,1,0,0,0,1,0,0,1,0,0,1,alto
1,10000.0,1,1.0,1,3,1,0,0,0,1,0,0,1,0,0,0,baixo
7,10000.0,31,0.8064516129032258,3,5,1,0,0,0,1,1,1,0,1,0,0,alto
8,10000.0,44,1.0,2,2,1,0,0,0,1,0,1,0,0,0,0,medio_baixo
6,35000.0,210,0.9142857142857143,4,3,1,0,0,0,1,1,0,0,0,0,0,gratuito
3,75000.0,158,0.9620253164556962,1,3,1,1,0,0,1,0,0,0,1,1,0,medio_alto
2,10000.0,50,0.84,9,3,1,0,0,1,1,0,1,1,0,0,0,alto
2,10000.0,11,1.0,2,3,1,0,0,0,1,0,0,1,0,1,0,baixo
3,10000.0,159,0.9685534591194969,1,1,1,0,0,1,1,0,0,0,0,0,0,alto
4,35000.0,15,0.6,2,3,1,0,0,0,1,0,0,0,1,0,1,baixo
10,35000.0,127,0.5354330708661418,2,5,1,0,0,0,1,1,1,1,1,0,0,baixo
10,10000.0,21,0.8095238095238095,1,2,1,0,0,0,0,0,1,1,0,0,0,medio_alto
1,10000.0,0,0.0,2,1,1,1,1,0,1,0,0,0,0,0,0,medio_alto
10,35000.0,201,0.9651741293532339,8,3,1,0,0,0,1,0,1,1,0,0,0,baixo
12,1500000.0,14123,0.7853855413155845,8,3,1,0,1,13,0,0,0,0,1,1,1,medio_alto
5,10000.0,2,0.5,1,3,1,0,0,0,1,0,0,1,0,0,1,medio_alto
5,10000.0,3,0.6666666666666666,1,3,1,0,0,0,1,1,0,1,0,0,0,baixo
10,350000.0,5666,0.9504059301094246,1,3,1,1,0,1,1,0,1,0,0,0,0,gratuito
1,10000.0,0,0.0,1,4,1,0,0,0,1,1,0,1,0,0,0,alto
7,10000.0,5,0.4,1,3,1,0,0,0,1,1,1,0,0,0,0,medio_alto
6,35000.0,1353,0.9667405764966741,3,1,1,0,0,1,0,0,0,1,0,0,0,baixo
4,10000.0,4,1.0,1,2,1,0,0,0,1,0,0,0,1,0,0,alto
4,75000.0,3,1.0,1,1,1,0,0,0,0,1,0,0,0,0,0,medio_alto
1,0.0,0,0.0,0,0,1,0,0,0,0,0,0,0,0,0,0,gratuito
7,10000.0,13,0.7692307692307693,8,3,1,1,0,0,1,0,1,1,0,0,0,medio_baixo
1,10000.0,0,0.0,2,5,1,1,0,0,1,0,1,1,1,0,1,medio_alto
2,10000.0,11,1.0,1,4,1,0,0,2,1,0,0,1,1,1,0,medio_baixo
3,10000.0,3,0.6666666666666666,1,2,1,0,0,0,1,1,0,0,0,0,0,medio_alto
2,10000.0,5,0.4,1,1,1,0,0,0,0,0,0,1,0,0,0,baixo
2,10000.0,168,0.42857142857142855,1,3,1,1,1,0,1,1,0,0,1,0,0,alto
1,10000.0,0,0.0,4,7,1,0,0,0,1,1,1,1,1,1,0,alto
3,10000.0,0,0.0,3,2,1,0,0,0,1,0,1,0,0,0,0,baixo
10,75000.0,114,0.8771929824561403,16,3,1,1,1,0,1,0,0,1,0,1,0,baixo
2,35000.0,2,1.0,1,1,1,0,0,0,0,0,0,0,1,0,0,medio_alto
5,10000.0,7,1.0,1,5,1,1,1,0,0,1,0,1,0,0,0,medio_baixo
8,10000.0,21,0.8095238095238095,27,3,1,0,0,0,1,1,0,1,0,0,0,medio_baixo
3,10000.0,12,0.5833333333333334,5,1,1,0,0,0,0,1,0,0,0,0,0,medio_alto
1,10000.0,10,1.0,9,2,1,0,0,0,0,1,1,0,0,0,0,medio_alto
9,35000.0,500,0.832,6,1,1,0,0,0,0,0,0,1,0,0,0,baixo
2,0.0,0,0.0,103,3,1,0,0,0,1,0,0,1,0,0,0,gratuito
4,0.0,0,0.0,1,4,1,0,0,0,1,0,0,1,0,0,1,gratuito
4,10000.0,3,1.0,1,3,1,0,0,0,1,0,0,1,0,1,0,medio_alto
3,0.0,0,0.0,2,2,1,0,0,0,1,0,1,0,0,0,0,gratuito
5,10000.0,15,0.8,1,1,1,0,0,0,0,0,0,0,0,1,0,medio_baixo
6,10000.0,21,0.8095238095238095,1,2,1,0,0,0,1,0,1,0,0,0,0,medio_alto
6,10000.0,10,1.0,1,1,1,0,0,0,1,0,0,0,0,0,0,gratuito
6,10000.0,11,0.8181818181818182,1,1,1,0,0,0,0,0,0,0,0,0,1,medio_baixo
8,10000.0,20,0.65,2,3,1,0,0,0,1,0,0,0,0,0,0,medio_alto
8,15000000.0,493390,0.8801130951174527,14,1,1,0,0,200,0,1,0,0,0,0,0,alto
4,35000.0,1506,0.9674634794156707,9,3,1,0,0,1,1,1,0,1,0,0,0,alto
17,350000.0,3506,0.9332572732458643,4,1,1,0,0,0,0,0,0,0,0,1,0,baixo
10,750000.0,4567,0.854390190497044,12,1,1,0,0,7,0,0,0,0,0,0,0,medio_alto
2,10000.0,3,1.0,1,1,1,0,0,0,1,0,0,0,0,0,0,medio_alto
3,0.0,0,0.0,0,0,1,0,0,0,0,0,0,0,0,0,0,gratuito
2,10000.0,0,0.0,12,3,1,0,0,0,1,0,1,1,0,0,0,gratuito
11,10000.0,37,0.8918918918918919,1,2,1,1,0,1,1,0,0,0,0,0,1,alto
4,10000.0,9,0.3333333333333333,1,5,1,0,0,0,1,1,1,1,1,0,0,alto
3,10000.0,7,1.0,1,4,1,0,0,0,1,1,0,1,0,1,0,medio_alto
2,35000.0,814,0.957002457002457,1,3,1,1,0,1,1,1,0,0,0,0,0,medio_alto
19,750000.0,3753,0.9592326139088729,1,1,1,0,0,0,0,1,0,0,0,0,0,medio_alto
6,10000.0,3,1.0,1,3,1,0,0,0,1,0,1,0,1,0,0,medio_baixo
1,0.0,0,0.0,2,3,1,0,0,0,1,1,0,1,0,0,0,alto
3,10000.0,4,1.0,2,1,1,0,0,0,0,1,0,0,0,0,0,medio_baixo
1,0.0,0,0.0,0,0,1,0,0,0,0,0,0,0,0,0,0,gratuito
9,1500000.0,24329,0.8818693739981093,1,3,1,0,0,9,0,0,0,0,1,1,1,alto
4,10000.0,1,0.0,1,4,1,0,0,0,1,1,0,0,0,0,1,medio_baixo
10,10000.0,18,0.7777777777777778,2,3,1,0,0,0,1,1,0,0,0,0,0,medio_alto
9,10000.0,32,0.75,1,2,1,0,0,0,1,0,1,0,0,0,0,baixo
5,0.0,0,0.0,0,0,1,0,0,0,0,0,0,0,0,0,0,gratuito
12,75000.0,247,0.8502024291497976,2,1,1,0,0,0,0,0,0,0,0,1,0,baixo
2,75000.0,67,0.7611940298507462,2,3,1,0,0,0,1,1,1,0,0,0,0,medio_alto
3,0.0,0,0.0,1,2,1,0,0,0,0,1,0,0,0,0,0,gratuito
2,10000.0,39,0.8205128205128205,1,2,1,1,0,1,0,1,1,0,0,0,0,medio_alto
2,10000.0,15,0.9333333333333333,1,1,1,1,1,0,0,1,0,0,0,0,0,medio_alto
1,0.0,0,0.0,0,0,1,0,0,0,0,0,0,0,0,0,0,gratuito
1,35000.0,4,0.5,1,2,1,0,0,0,0,0,1,1,0,0,0,baixo
8,10000.0,4,0.5,2,2,1,0,0,0,0,1,0,0,0,1,0,alto
1,0.0,0,0.0,0,0,1,0,0,0,0,0,0,0,0,0,0,gratuito
10,10000.0,129,0.9612403100775194,1,3,1,1,1,0,1,0,1,0,1,0,0,medio_alto
2,0.0,0,0.0,103,3,1,0,0,0,1,0,0,1,0,0,1,medio_alto
12,75000.0,696,0.9439655172413793,6,3,1,1,1,0,1,1,0,1,0,0,0,medio_alto
1,10000.0,13,0.8461538461538461,1,2,1,1,1,0,1,1,0,0,0,0,0,baixo
4,150000.0,86,0.7674418604651163,4,4,1,0,0,0,1,0,1,1,0,0,0,gratuito
2,10000.0,3,1.0,5,3,1,0,0,0,1,0,0,0,1,1,0,baixo
4,10000.0,0,0.0,1,4,1,1,0,0,1,0,0,0,1,0,1,gratuito
2,0.0,0,0.0,1,4,1,0,0,1,1,0,1,1,0,0,0,gratuito
3,10000.0,18,0.8888888888888888,3,2,1,1,1,0,1,0,1,0,0,0,0,baixo
3,10000.0,1,1.0,1,5,1,0,0,0,1,1,0,1,0,1,0,medio_alto
1,10000.0,2,1.0,12,3,1,0,0,0,1,0,0,0,0,0,1,medio_alto
4,10000.0,21,0.9523809523809523,1,1,1,0,0,0,0,0,0,0,0,1,0,medio_alto
8,10000.0,3,1.0,1,3,1,0,0,0,1,1,0,1,0,0,0,medio_baixo
1,0.0,0,0.0,103,9,1,1,1,0,1,1,1,1,1,1,1,alto
7,75000.0,535,0.7794392523364486,10,5,1,1,0,0,1,0,0,1,1,0,1,gratuito
1,0.0,0,0.0,30,3,1,1,1,0,0,0,1,1,0,0,1,alto
11,10000.0,1,1.0,1,3,1,0,0,0,1,1,1,0,0,0,0,baixo
1,10000.0,48,0.8958333333333334,1,5,1,0,0,1,1,1,1,1,0,0,0,medio_baixo
4,10000.0,15,0.8666666666666667,2,2,1,1,0,0,0,0,1,1,0,0,0,alto
8,35000.0,723,0.9349930843706777,7,2,1,0,0,0,1,0,0,1,0,0,0,baixo
8,10000.0,2,0.5,6,2,1,0,1,0,1,0,0,1,0,0,0,medio_alto
2,35000.0,257,0.7665369649805448,13,2,1,0,0,0,1,0,1,0,0,0,0,alto
5,10000.0,2,0.5,1,1,1,0,0,0,0,0,0,1,0,0,0,medio_alto
3,10000.0,88,0.9545454545454546,7,3,1,0,0,0,1,1,0,0,0,0,0,medio_alto
4,10000.0,12,1.0,1,3,1,0,0,0,1,1,1,0,0,0,0,medio_alto
5,10000.0,24,0.4166666666666667,1,3,1,0,0,0,1,1,1,0,0,0,0,medio_baixo
7,10000.0,5,1.0,2,2,1,0,0,0,1,1,0,0,0,0,0,medio_baixo
4,35000.0,72,0.6111111111111112,7,3,1,1,1,1,0,0,1,1,0,0,1,medio_baixo
2,10000.0,35,0.9714285714285714,1,5,1,0,0,0,1,0,1,1,1,1,0,medio_baixo
1,10000.0,0,0.0,1,3,1,0,1,0,1,1,0,1,0,0,0,baixo
10,10000.0,39,0.717948717948718,1,3,1,0,0,0,1,0,0,1,0,0,1,gratuito
4,35000.0,425,0.68,16,5,1,0,0,1,1,1,1,0,1,1,0,medio_alto
1,10000.0,0,0.0,1,3,1,0,0,0,1,1,0,0,0,0,1,medio_baixo
5,10000.0,3,1.0,1,2,1,0,0,0,1,1,0,0,0,0,0,medio_alto
9,10000.0,2,0.0,1,2,1,0,1,0,0,1,0,0,0,0,0,medio_baixo
7,10000.0,6,0.6666666666666666,3,4,1,0,0,0,1,1,1,1,0,0,0,medio_alto
1,0.0,0,0.0,10,3,1,0,0,0,1,0,0,1,0,0,1,medio_baixo
4,10000.0,3,1.0,1,5,1,0,0,0,1,1,1,1,0,0,1,medio_alto
7,10000.0,4,0.5,2,4,1,0,0,0,1,0,1,1,0,0,0,alto
2,0.0,0,0.0,0,0,1,0,0,0,0,0,0,0,0,0,0,gratuito
10,10000.0,84,0.2619047619047619,7,2,1,0,0,0,1,0,1,0,0,0,0,medio_alto
1,0.0,0,0.0,1,4,1,0,0,0,1,1,0,1,0,0,0,gratuito
4,0.0,0,0.0,1,4,1,0,0,0,1,1,0,1,0,0,0,gratuito
3,10000.0,5,1.0,1,3,1,0,0,1,0,0,1,1,0,0,0,medio_alto
5,35000.0,344,0.8284883720930233,15,4,1,1,1,0,1,1,0,1,0,0,0,alto
2,350000.0,4904,0.9584013050570962,11,3,1,1,1,1,1,0,0,0,1,1,0,alto
2,0.0,0,0.0,4,2,1,0,0,1,0,1,0,0,0,0,0,gratuito
3,750000.0,30157,0.9646184965348013,1,3,1,0,0,0,0,0,1,0,1,0,0,alto
5,10000.0,14,0.42857142857142855,1,3,1,0,0,0,1,1,1,0,0,0,0,medio_alto
1,35000.0,1,1.0,2,4,1,0,0,0,1,0,0,0,1,1,0,alto
3,0.0,0,0.0,2,4,1,0,0,1,1,0,1,1,0,0,1,baixo
10,35000.0,102,0.7647058823529411,5,2,1,1,1,0,1,0,0,1,0,0,0,baixo
3,10000.0,2,1.0,14,3,1,1,1,0,1,0,0,1,0,1,0,baixo
4,10000.0,0,0.0,1,5,1,0,0,0,0,0,0,1,1,0,1,gratuito
5,10000.0,6,0.6666666666666666,2,6,1,0,0,0,1,0,1,1,1,1,1,baixo
1,10000.0,0,0.0,2,4,1,0,0,0,1,1,1,0,1,0,0,alto
3,10000.0,17,0.8235294117647058,1,7,1,0,0,0,1,1,1,1,1,1,0,medio_baixo
4,10000.0,4,0.5,1,3,1,0,0,0,1,1,0,0,0,0,0,alto
2,0.0,0,0.0,0,0,1,0,0,0,0,0,0,0,0,0,0,gratuito
2,10000.0,8,1.0,3,3,1,0,1,0,1,0,1,0,1,0,0,medio_alto
6,10000.0,5,0.0,29,3,1,0,0,0,0,1,1,0,0,1,0,medio_baixo
7,10000.0,0,0.0,1,2,1,0,1,0,1,1,0,0,0,0,0,alto
2,10000.0,43,0.8837209302325582,12,2,1,0,0,0,1,0,0,0,0,0,1,medio_baixo
1,10000.0,1,0.0,1,3,1,0,0,0,1,1,1,0,0,0,0,baixo
6,10000.0,8,0.75,1,3,1,0,0,0,0,1,1,0,0,0,0,baixo
11,35000.0,259,0.6332046332046332,2,1,1,0,0,0,0,0,0,1,0,0,0,medio_baixo
2,10000.0,0,0.0,1,6,1,0,0,0,1,1,1,1,1,0,0,gratuito
1,10000.0,119,0.6554621848739496,29,4,1,0,0,0,1,1,0,1,0,0,1,medio_alto
2,10000.0,1,1.0,1,4,1,0,0,0,1,1,0,0,1,0,0,medio_alto
9,10000.0,0,0.0,1,3,1,1,0,0,1,0,1,1,0,0,0,alto
1,10000.0,0,0.0,1,2,1,0,0,0,1,0,1,0,0,0,0,medio_baixo
7,10000.0,0,0.0,5,3,1,1,0,1,1,0,0,1,0,0,1,medio_baixo
1,0.0,0,0.0,10,6,1,0,0,2,1,0,0,0,1,1,1,gratuito
9,10000.0,75,0.92,11,2,1,1,0,1,1,0,0,1,0,0,0,baixo
2,10000.0,0,0.0,11,2,1,0,0,8,0,0,0,1,1,0,0,alto
2,10000.0,14,0.7142857142857143,2,4,1,0,1,0,1,0,0,1,0,1,1,medio_baixo
12,150000.0,442,0.6945701357466063,1,2,1,1,1,0,1,1,0,0,0,0,0,baixo
4,10000.0,92,0.9565217391304348,6,1,1,0,0,2,0,1,0,0,0,0,0,alto
5,0.0,0,0.0,1,3,1,0,0,0,0,1,0,1,0,0,0,gratuito
1,0.0,0,0.0,30,3,1,0,0,0,0,0,1,1,1,0,0,alto
2,10000.0,42,0.9047619047619048,3,3,1,0,0,0,1,0,0,1,0,1,0,baixo
7,35000.0,141,0.7730496453900709,9,2,1,1,1,0,0,0,1,1,0,0,0,medio_alto
3,75000.0,2,1.0,18,4,1,0,0,0,1,1,1,1,0,0,0,baixo
3,10000.0,2,1.0,1,3,1,0,0,0,0,0,0,1,0,1,1,medio_alto
2,10000.0,31,0.967741935483871,1,4,1,1,1,0,1,1,0,1,0,0,0,medio_alto
6,35000.0,113,0.7964601769911505,4,2,1,1,1,0,1,0,1,0,0,0,0,baixo
1,10000.0,248,0.8548387096774194,4,2,1,0,0,0,0,0,0,1,1,0,0,medio_baixo
1,0.0,0,0.0,1,3,1,0,0,0,1,1,0,0,0,0,0,gratuito
8,10000.0,0,0.0,29,3,1,0,0,1,1,0,1,1,0,0,0,baixo
1,10000.0,0,0.0,14,4,1,1,1,0,1,1,1,0,1,0,0,baixo
8,10000.0,38,0.631578947368421,1,3,1,0,0,0,1,0,1,1,0,0,0,baixo
9,35000.0,18,0.5555555555555556,1,3,1,1,0,0,0,1,1,0,0,0,0,medio_baixo
7,35000.0,209,0.3253588516746411,1,5,1,0,0,0,0,0,1,1,1,0,1,gratuito
10,10000.0,47,0.7446808510638298,1,2,1,0,0,0,0,0,0,1,0,0,1,gratuito
1,10000.0,6,1.0,1,4,1,0,0,0,1,1,1,0,0,1,0,baixo
10,10000.0,7,0.0,3,1,1,0,0,0,0,0,0,1,0,0,0,baixo
16,1500000.0,5957,0.8774550948463992,28,3,1,0,1,0,1,1,0,0,0,0,0,gratuito
3,0.0,0,0.0,0,0,1,0,0,0,0,0,0,0,0,0,0,gratuito
9,350000.0,911,0.6355653128430296,14,3,1,0,0,0,0,0,0,0,0,1,0,gratuito
9,10000.0,24,0.4166666666666667,2,2,1,0,0,0,0,0,0,0,0,0,0,gratuito
4,750000.0,15157,0.9733456488751072,14,6,1,0,0,3,1,1,1,0,1,0,1,gratuito
3,10000.0,8,1.0,1,3,1,0,0,0,1,1,0,0,0,0,1,medio_alto
6,10000.0,8,1.0,1,2,1,1,0,0,1,0,0,1,0,0,0,medio_baixo
3,10000.0,9,1.0,9,4,1,0,0,0,1,1,0,1,0,0,1,medio_baixo
1,10000.0,0,0.0,10,2,1,0,0,0,1,1,0,0,0,0,0,medio_alto
10,75000.0,289,0.740484429065744,11,2,1,1,1,0,0,0,1,1,0,0,0,medio_baixo
3,10000.0,0,0.0,1,2,1,0,0,0,0,0,0,0,1,0,0,medio_alto
8,35000.0,55,0.9272727272727272,2,5,1,0,0,0,1,1,1,1,1,0,0,baixo
12,35000.0,237,0.8523206751054853,1,3,1,0,1,0,1,0,1,1,0,0,0,medio_baixo
1,10000.0,0,0.0,1,2,1,0,0,0,0,1,1,0,0,0,0,alto
9,10000.0,4,0.75,1,4,1,0,1,0,1,1,1,0,1,0,0,medio_alto
2,10000.0,22,0.9090909090909091,1,2,1,0,0,0,1,1,0,0,0,0,0,alto
3,10000.0,0,0.0,1,2,1,0,0,0,0,0,0,1,0,1,0,medio_baixo
2,0.0,0,0.0,0,0,1,0,0,0,0,0,0,0,0,0,0,gratuito
12,150000.0,261,0.578544061302682,1,2,1,0,0,0,1,1,0,0,0,0,0,medio_baixo
8,10000.0,4,0.75,1,3,1,0,0,0,1,1,1,0,0,0,0,alto
3,0.0,0,0.0,0,0,1,0,0,0,0,0,0,0,0,0,0,gratuito
1,10000.0,0,0.0,27,2,1,1,1,0,1,0,0,0,0,0,1,baixo
7,35000.0,730,0.8534246575342466,7,2,1,0,0,0,0,0,0,0,0,0,0,alto
4,0.0,0,0.0,1,1,1,0,0,1,0,1,0,0,0,0,0,gratuito
12,35000.0,238,0.4117647058823529,6,2,1,0,0,0,0,1,0,0,0,0,1,baixo
3,10000.0,0,0.0,1,2,1,0,0,1,0,0,0,0,0,0,0,gratuito
2,10000.0,187,0.8556149732620321,1,3,1,0,0,1,1,0,1,0,1,0,0,alto
5,10000.0,2,0.0,1,3,1,0,0,0,1,0,1,1,0,0,0,baixo
5,10000.0,1,1.0,1,3,1,0,0,0,1,0,0,1,0,1,0,medio_alto
10,35000.0,155,0.632258064516129,9,3,1,0,0,0,1,1,0,0,0,0,1,baixo
4,10000.0,2,0.0,3,2,1,0,0,0,0,0,0,1,0,1,0,medio_alto
11,150000.0,1041,0.8799231508165226,1,2,1,0,0,0,0,1,0,0,0,1,0,medio_baixo
4,10000.0,21,0.3333333333333333,2,2,1,0,0,0,1,0,1,0,0,0,0,alto
5,0.0,0,0.0,0,0,1,0,0,0,0,0,0,0,0,0,0,gratuito
5,10000.0,55,0.5636363636363636,1,4,1,1,1,0,1,0,0,1,0,1,1,medio_baixo
1,0.0,0,0.0,0,0,1,0,0,0,0,0,0,0,0,0,0,gratuito
5,10000.0,13,0.7692307692307693,1,3,1,0,0,0,1,1,1,0,0,0,0,medio_alto
5,35000.0,486,0.948559670781893,2,2,1,0,0,0,1,0,1,0,0,0,0,medio_baixo
1,10000.0,0,0.0,3,3,1,0,0,0,1,1,0,1,0,0,0,baixo
8,10000.0,43,0.8837209302325582,27,3,1,0,0,1,1,0,1,1,0,0,0,baixo
8,35000.0,514,0.8793774319066148,1,2,1,0,0,0,1,1,0,0,0,0,0,alto
6,10000.0,2,1.0,4,1,1,0,0,0,0,1,0,0,0,0,0,medio_baixo
2,10000.0,6,0.8333333333333334,1,4,1,0,0,0,1,1,1,0,0,0,0,alto
1,0.0,0,0.0,0,0,1,0,0,0,0,0,0,0,0,0,0,gratuito
7,10000.0,52,0.9038461538461539,1,1,1,0,0,0,1,0,0,0,0,0,0,gratuito
8,10000.0,3,0.3333333333333333,1,3,1,0,0,0,1,1,1,0,0,0,0,baixo
4,0.0,0,0.0,1,3,1,0,0,0,1,0,0,0,0,1,0,gratuito
7,10000.0,17,0.7058823529411765,5,3,1,0,0,1,1,1,0,1,0,0,0,medio_alto
5,10000.0,45,0.6666666666666666,12,4,1,0,0,0,1,0,0,1,0,0,0,medio_baixo
2,10000.0,5,1.0,4,4,1,0,0,0,1,1,0,1,0,0,0,baixo
3,0.0,0,0.0,2,3,1,0,0,0,0,0,0,0,0,0,0,gratuito
2,10000.0,335,0.9791044776119403,3,2,1,0,0,1,0,0,1,1,0,0,0,alto
4,10000.0,63,0.9841269841269841,11,2,1,0,0,0,1,0,0,1,0,0,0,baixo
1,0.0,0,0.0,3,3,1,0,0,0,1,0,0,1,0,0,0,baixo
8,10000.0,8,1.0,2,3,1,0,0,1,1,1,0,1,0,0,0,alto
11,10000.0,56,0.8928571428571429,3,2,1,0,0,1,1,0,1,0,0,0,0,medio_baixo
2,0.0,0,0.0,0,0,1,0,0,0,0,0,0,0,0,0,0,gratuito
4,0.0,0,0.0,1,5,1,0,0,0,1,1,1,1,0,0,0,gratuito
6,10000.0,221,0.9049773755656109,13,1,1,1,0,1,0,0,0,1,0,0,0,baixo
2,0.0,0,0.0,0,0,1,0,0,0,0,0,0,0,0,0,0,gratuito
1,10000.0,0,0.0,1,2,1,0,0,0,1,1,0,0,0,0,0,medio_baixo
5,35000.0,27,0.6296296296296297,1,2,1,0,0,0,1,0,1,0,0,0,0,baixo
6,1500000.0,29126,0.8931538831284763,11,3,1,0,0,58,0,1,0,1,0,0,0,alto
2,10000.0,10,0.8,4,3,1,0,0,0,1,0,1,1,0,0,0,baixo
9,35000.0,15,0.5333333333333333,6,2,1,0,0,0,1,1,0,0,0,0,0,baixo
12,150000.0,547,0.7184643510054844,12,4,1,0,0,1,1,0,0,1,0,1,1,medio_baixo
12,35000.0,215,0.6883720930232559,2,2,1,0,0,0,1,1,0,0,0,0,0,gratuito
1,0.0,0,0.0,1,4,1,0,0,0,0,1,1,0,0,1,0,gratuito
1,10000.0,142,0.7887323943661971,17,2,1,1,0,0,0,1,1,0,0,0,0,alto
8,75000.0,394,0.6269035532994924,27,3,1,0,0,5,1,0,0,1,0,0,0,gratuito
2,10000.0,121,0.8016528925619835,2,1,1,0,0,6,0,1,0,0,0,0,0,alto
4,10000.0,12,0.9166666666666666,11,2,1,0,0,0,1,1,0,0,0,0,0,baixo
1,10000.0,68,0.4852941176470588,3,5,1,0,0,0,1,1,1,0,1,0,1,medio_alto
2,10000.0,10,1.0,1,2,1,0,0,0,1,0,0,0,0,1,0,alto
1,0.0,0,0.0,0,0,1,0,0,0,0,0,0,0,0,0,0,gratuito
1,0.0,0,0.0,0,0,1,0,0,0,0,0,0,0,0,0,0,gratuito
1,10000.0,0,0.0,30,2,1,0,1,1,1,0,0,1,0,0,0,baixo
1,0.0,0,0.0,0,0,1,0,0,0,0,0,0,0,0,0,0,gratuito
5,0.0,0,0.0,0,0,1,0,0,0,0,0,0,0,0,0,0,gratuito
9,350000.0,7806,0.5678964898795799,12,1,1,0,0,9,0,1,0,0,0,0,0,medio_alto
1,0.0,0,0.0,1,4,1,0,0,0,1,0,1,0,1,0,0,gratuito
6,35000.0,604,0.9172185430463576,2,3,1,1,1,2,1,0,0,1,0,1,0,medio_alto
5,10000.0,31,0.9354838709677419,27,1,1,0,1,0,0,0,0,1,0,0,0,baixo
8,10000.0,349,0.9742120343839542,1,3,1,0,0,1,0,0,1,1,0,0,1,alto
9,10000.0,7,1.0,2,2,1,0,1,0,1,1,0,0,0,0,0,medio_baixo
1,10000.0,0,0.0,9,2,1,0,0,1,1,0,1,0,0,0,0,medio_baixo
8,10000.0,30,0.8333333333333334,1,3,1,1,0,0,1,1,0,1,0,0,0,gratuito
2,10000.0,5,1.0,1,3,1,0,0,0,1,0,0,1,0,0,0,baixo
9,10000.0,20,0.5,3,3,1,0,0,0,1,0,0,0,0,1,1,medio_alto
8,10000.0,11,0.9090909090909091,2,4,1,0,0,0,1,1,1,1,0,0,0,alto
6,10000.0,25,0.68,3,2,1,0,0,0,1,1,0,0,0,0,0,baixo
9,10000.0,7,0.8571428571428571,1,1,1,0,0,0,1,0,0,0,0,0,0,gratuito
3,0.0,0,0.0,1,3,1,0,0,0,1,0,1,0,0,0,0,gratuito
5,10000.0,14,0.2857142857142857,2,2,1,0,0,0,1,0,0,1,0,0,0,baixo
2,35000.0,39,1.0,1,2,1,1,1,0,1,1,0,0,0,0,0,medio_alto
10,35000.0,123,0.6504065040650406,4,1,1,0,0,0,0,1,0,0,0,0,0,baixo
5,75000.0,1301,0.7478862413528056,2,4,1,1,0,4,1,1,1,0,1,0,0,medio_baixo
11,350000.0,821,0.7088915956151035,1,4,1,0,0,0,1,1,1,0,1,0,0,baixo
1,0.0,0,0.0,1,3,1,0,0,0,0,0,0,1,1,0,0,gratuito
8,10000.0,0,0.0,1,2,1,0,0,0,1,0,0,0,0,0,0,gratuito
7,10000.0,8,0.75,1,4,1,0,0,0,1,1,1,1,0,0,0,baixo
2,10000.0,2,1.0,2,2,1,1,0,0,1,0,0,1,0,0,0,medio_alto
3,0.0,0,0.0,1,3,1,0,0,0,1,0,0,0,1,0,0,gratuito
1,10000.0,96,0.8541666666666666,1,3,1,0,0,0,0,0,0,0,1,1,0,alto
1,10000.0,0,0.0,13,3,1,1,1,0,1,0,0,1,0,1,0,baixo
9,10000.0,33,0.3939393939393939,1,3,1,0,0,0,1,0,1,0,0,1,0,baixo
2,0.0,0,0.0,0,0,1,0,0,0,0,0,0,0,0,0,0,gratuito
2,10000.0,0,0.0,1,2,1,1,1,0,1,0,1,0,0,0,0,medio_alto
3,10000.0,3,1.0,6,5,1,0,0,0,1,1,1,1,0,0,0,baixo
2,10000.0,2,0.5,1,3,1,1,0,0,0,0,1,0,0,0,0,baixo
1,10000.0,0,0.0,3,2,1,0,0,0,1,0,1,0,0,0,0,alto
1,10000.0,0,0.0,1,4,1,0,0,0,1,1,1,1,0,0,0,medio_alto
4,0.0,0,0.0,7,3,1,0,0,0,0,1,1,0,0,0,0,gratuito
8,10000.0,0,0.0,1,1,1,1,0,0,1,0,0,0,0,0,0,medio_alto
1,10000.0,0,0.0,12,5,1,0,0,1,1,0,0,1,0,1,1,medio_alto
5,10000.0,34,0.6470588235294118,1,6,1,0,0,0,1,1,1,1,0,0,1,baixo
4,10000.0,0,0.0,5,1,1,1,1,0,0,0,0,1,0,0,0,medio_alto
8,10000.0,23,0.8260869565217391,4,6,1,0,0,0,1,1,0,1,0,0,1,medio_alto
3,0.0,0,0.0,1,2,1,0,0,0,1,0,0,0,0,1,0,gratuito
5,10000.0,0,0.0,3,1,1,1,1,0,0,0,0,1,0,0,0,medio_alto
4,0.0,0,0.0,0,0,1,0,0,0,0,0,0,0,0,0,0,gratuito
9,10000.0,12,0.9166666666666666,1,4,1,0,0,0,1,1,0,1,0,0,0,medio_alto
5,0.0,0,0.0,1,4,1,0,0,0,1,0,1,1,1,0,0,gratuito
12,350000.0,1832,0.30240174672489084,1,1,1,0,0,0,0,1,0,0,0,0,0,baixo
7,35000.0,177,0.4915254237288136,7,2,1,0,0,0,1,0,0,0,0,1,0,alto
3,10000.0,9,0.6666666666666666,26,4,1,0,0,0,1,0,0,0,1,0,1,baixo
9,35000.0,38,0.34210526315789475,17,3,1,0,0,0,1,1,1,0,0,0,0,baixo
1,10000.0,5,1.0,2,3,1,0,0,1,1,0,0,0,1,0,1,baixo
12,35000.0,81,0.8395061728395061,1,2,1,1,1,0,1,0,0,0,0,1,0,medio_alto
1,10000.0,9,0.6666666666666666,1,3,1,0,0,0,1,1,1,0,0,0,0,medio_alto
2,10000.0,0,0.0,14,2,1,0,0,1,0,0,1,1,0,0,0,medio_alto
1,10000.0,0,0.0,1,1,1,0,0,0,0,1,0,0,0,0,0,alto
5,10000.0,15,0.8,29,4,1,0,0,0,1,1,1,1,0,0,0,medio_alto
12,75000.0,1275,0.7592156862745097,1,3,1,1,1,1,1,0,1,1,0,0,0,baixo
2,10000.0,1,0.0,4,3,1,0,0,0,1,0,0,1,0,1,0,medio_baixo
1,10000.0,2,1.0,1,3,1,0,0,0,1,0,1,0,0,0,1,baixo
5,10000.0,34,0.9411764705882353,1,3,1,1,1,1,1,0,1,1,0,0,0,alto
11,35000.0,248,0.8870967741935484,1,2,1,1,1,0,1,0,1,0,0,0,0,medio_alto
10,75000.0,102,0.8823529411764706,7,4,1,1,1,1,1,0,0,1,1,1,0,medio_baixo
1,10000.0,0,0.0,2,5,1,0,0,0,1,1,1,0,1,0,0,medio_alto
4,75000.0,2330,0.9446351931330472,5,1,1,0,0,21,0,0,0,0,1,0,0,alto
2,35000.0,34,0.9705882352941176,1,5,1,0,0,1,1,1,1,1,0,0,0,medio_baixo
4,10000.0,33,0.7878787878787878,1,4,1,0,0,0,1,0,1,0,0,0,1,baixo
11,35000.0,33,0.5757575757575758,3,3,1,1,1,0,1,0,1,1,0,0,0,baixo
10,10000.0,40,0.9,1,2,1,0,0,0,0,1,0,1,0,0,0,medio_baixo
2,10000.0,12,0.8333333333333334,1,2,1,0,0,0,0,0,1,0,0,0,0,gratuito
6,10000.0,9,0.7777777777777778,1,2,1,0,0,0,1,0,1,0,0,0,0,medio_alto
3,10000.0,13,0.15384615384615385,2,2,1,0,0,0,0,1,0,1,0,0,0,medio_baixo
10,150000.0,917,0.7480916030534351,3,4,1,0,0,2,0,0,0,0,0,0,0,alto
5,35000.0,9,1.0,1,3,1,0,0,0,1,1,0,1,0,0,0,alto
11,7500000.0,72881,0.9630219124325956,12,3,1,1,1,0,0,0,0,0,0,0,0,gratuito
1,10000.0,1,0.0,1,3,1,0,0,0,0,0,1,0,1,0,0,alto
1,0.0,0,0.0,2,3,1,0,0,0,1,0,0,1,1,0,0,baixo
3,10000.0,299,0.842809364548495,6,0,1,0,0,1,0,0,0,0,0,0,0,medio_alto
5,10000.0,11,0.6363636363636364,3,4,1,0,0,0,1,0,0,1,1,0,1,alto
6,350000.0,5388,0.8832590942835932,13,4,1,1,0,1,1,0,0,1,0,1,1,alto
12,350000.0,464,0.8362068965517241,2,4,1,0,0,0,1,0,1,0,1,1,0,medio_alto
5,10000.0,0,0.0,1,3,1,0,0,0,0,0,0,0,1,1,0,alto
2,10000.0,25,0.88,1,3,1,0,0,0,1,1,0,0,0,0,0,medio_alto
1,0.0,0,0.0,10,5,1,0,0,0,0,0,0,0,0,1,1,gratuito
3,10000.0,7,1.0,2,2,1,0,0,0,1,0,0,0,0,0,0,gratuito
3,10000.0,19,0.2631578947368421,14,3,1,0,0,0,0,0,0,1,0,1,1,medio_baixo
8,10000.0,0,0.0,1,1,1,1,0,0,1,0,0,0,0,0,0,medio_baixo
4,10000.0,6,0.6666666666666666,2,4,1,0,0,3,0,0,1,0,1,1,1,alto
9,10000.0,17,0.5294117647058824,1,1,1,0,0,0,0,0,0,0,0,1,0,alto
7,75000.0,825,0.6727272727272727,1,3,1,0,0,0,1,0,0,0,0,1,1,medio_alto
4,0.0,0,0.0,10,5,1,0,0,11,1,0,0,1,0,1,1,gratuito
4,75000.0,14,0.9285714285714286,1,1,1,0,0,0,0,1,0,0,0,0,0,baixo
5,10000.0,7,0.7142857142857143,1,1,1,0,0,0,0,0,0,1,0,0,0,gratuito
8,10000.0,10,0.7,2,3,1,0,0,0,0,0,1,1,0,0,1,medio_baixo
1,10000.0,0,0.0,6,3,1,0,0,0,1,0,1,0,0,0,1,baixo
2,10000.0,30,0.5666666666666667,17,2,1,0,0,1,1,0,0,1,0,0,0,medio_baixo
14,35000.0,48,0.6458333333333334,1,3,1,1,0,0,1,0,0,1,0,1,0,baixo
3,10000.0,0,0.0,9,2,1,0,0,0,0,0,0,0,1,0,1,alto
8,10000.0,38,1.0,1,3,1,0,0,0,1,1,0,1,0,0,0,baixo
1,0.0,0,0.0,0,0,1,0,0,0,0,0,0,0,0,0,0,gratuito
1,10000.0,0,0.0,1,3,1,0,0,0,1,1,0,0,0,0,0,alto
4,35000.0,460,0.9739130434782609,2,3,1,0,0,1,1,0,1,1,0,0,0,alto
1,10000.0,127,0.84251968503937,4,4,1,0,0,1,1,0,1,0,0,1,1,medio_alto
5,10000.0,1,1.0,1,1,1,0,0,0,1,0,0,0,0,0,0,baixo
1,0.0,0,0.0,1,3,1,0,0,4,0,1,0,0,0,0,1,medio_baixo
5,150000.0,977,0.9201637666325486,1,2,1,0,0,0,1,0,1,0,0,0,0,medio_alto
2,10000.0,1,0.0,1,3,1,0,0,0,0,0,1,0,1,0,1,medio_baixo
1,10000.0,0,0.0,1,4,1,0,1,1,1,0,0,0,1,0,1,alto
1,10000.0,0,0.0,1,1,1,0,0,0,0,0,1,0,0,0,0,baixo
7,10000.0,0,0.0,1,2,1,0,0,0,1,0,0,1,0,0,0,medio_baixo
6,35000.0,17,0.9411764705882353,1,3,1,0,0,0,1,0,1,1,0,0,0,medio_baixo
4,75000.0,480,0.7166666666666667,3,3,1,0,0,0,1,1,1,0,0,0,0,medio_baixo
8,10000.0,25,0.36,1,2,1,0,0,0,1,1,0,0,0,0,0,gratuito
4,10000.0,21,0.8571428571428571,2,6,1,0,0,0,1,1,1,1,1,1,0,medio_baixo
7,10000.0,20,0.9,2,1,1,0,0,0,0,0,0,0,0,0,0,baixo
7,10000.0,10,0.9,1,5,1,0,0,1,1,0,1,1,1,1,0,medio_baixo
5,35000.0,857,0.9008168028004667,4,1,1,0,0,0,0,0,0,0,1,0,0,alto
2,10000.0,87,0.5632183908045977,1,2,1,0,0,0,1,0,0,0,0,0,1,medio_baixo
5,10000.0,18,0.8333333333333334,5,1,1,1,0,2,0,0,1,0,0,0,0,medio_alto
1,10000.0,0,0.0,8,5,1,0,0,0,1,0,0,1,0,1,1,medio_alto
17,75000.0,13,0.23076923076923078,1,4,1,0,0,0,1,1,0,1,0,0,1,medio_alto
1,0.0,0,0.0,5,2,1,1,1,0,1,0,0,1,0,0,0,medio_alto
7,10000.0,15,0.9333333333333333,2,3,1,0,0,0,1,0,1,1,0,0,0,medio_baixo
1,0.0,0,0.0,1,4,1,0,0,0,0,1,1,1,1,0,0,medio_baixo
2,10000.0,0,0.0,1,1,1,1,1,3,0,0,0,0,0,0,1,alto
3,10000.0,0,0.0,1,3,1,1,1,0,1,0,0,1,0,0,1,baixo
2,10000.0,16,0.875,1,3,1,0,0,0,1,0,1,0,1,0,0,medio_alto
8,35000.0,74,0.8648648648648649,1,3,1,0,0,0,1,1,0,0,0,0,0,gratuito
6,10000.0,7,0.5714285714285714,1,6,1,0,0,0,1,1,1,1,1,1,0,baixo
5,10000.0,4,0.25,1,3,1,0,0,0,0,1,0,0,0,1,1,baixo
2,0.0,0,0.0,9,5,1,0,0,0,0,1,1,1,0,1,0,gratuito
4,10000.0,19,0.8947368421052632,1,5,1,1,1,0,1,1,1,0,1,0,0,medio_alto
2,0.0,0,0.0,20,4,1,0,0,0,1,0,0,1,0,0,1,gratuito
6,10000.0,26,0.8076923076923077,3,3,1,0,0,0,1,1,0,0,0,0,0,alto
3,0.0,0,0.0,1,3,1,0,0,0,1,0,0,1,0,0,0,gratuito
6,10000.0,6,1.0,1,2,1,0,0,0,1,0,0,1,0,0,0,medio_baixo
3,10000.0,8,1.0,1,1,1,0,0,0,0,0,0,0,0,1,0,baixo
1,10000.0,0,0.0,1,2,1,0,1,0,0,1,0,0,0,1,0,baixo
3,10000.0,0,0.0,1,2,1,0,0,0,1,1,0,0,0,0,0,alto
6,10000.0,73,0.8904109589041096,1,3,1,0,0,0,1,0,0,1,0,0,1,baixo
5,10000.0,15,0.6666666666666666,1,1,1,0,0,0,0,1,0,0,0,0,0,baixo
6,10000.0,0,0.0,1,2,1,0,0,0,0,0,0,1,0,1,0,baixo
8,10000.0,2,1.0,1,4,1,1,0,0,1,1,0,1,0,0,0,alto
4,10000.0,5,0.6,1,6,1,0,0,0,1,0,1,1,0,1,1,medio_baixo
10,35000.0,315,0.8063492063492064,1,2,1,0,0,2,1,0,0,0,0,1,0,medio_baixo
8,10000.0,1,1.0,1,1,1,0,0,0,1,0,0,0,0,0,0,medio_alto
4,10000.0,9,0.2222222222222222,1,4,1,0,1,0,1,1,1,0,0,1,0,medio_baixo
9,10000.0,14,0.7857142857142857,8,4,1,0,0,0,1,1,0,1,0,0,0,alto
1,10000.0,6,1.0,1,3,1,0,0,0,1,1,1,0,0,0,0,baixo
6,10000.0,12,0.9166666666666666,1,3,1,0,0,0,1,1,0,1,0,0,0,gratuito
8,35000.0,96,0.7395833333333334,12,4,1,1,0,0,1,1,1,1,0,0,0,medio_baixo
3,1500000.0,33246,0.5695722793719545,15,2,1,0,0,4,0,1,0,0,0,1,0,alto
3,10000.0,182,0.6538461538461539,11,2,1,0,0,0,1,0,0,0,0,0,1,gratuito
10,10000.0,31,0.6129032258064516,1,2,1,0,0,0,0,0,1,0,1,0,0,gratuito
1,0.0,0,0.0,5,6,1,0,0,0,1,1,0,1,0,1,0,gratuito
13,3500000.0,26151,0.9204619326220794,11,2,1,1,1,1,0,1,1,0,0,0,0,medio_baixo
10,10000.0,7,0.5714285714285714,4,3,1,0,0,0,1,1,0,1,0,0,0,alto
5,10000.0,19,0.6842105263157895,2,1,1,0,0,0,0,0,1,0,0,0,0,alto
3,75000.0,431,0.7911832946635731,3,4,1,0,0,0,1,1,1,0,1,0,0,alto
6,35000.0,11,0.6363636363636364,1,4,1,0,0,0,1,0,0,0,1,1,0,alto
8,10000.0,55,0.8545454545454545,2,4,1,0,0,0,1,0,1,1,0,0,1,medio_baixo
3,0.0,0,0.0,11,2,1,0,0,38,0,1,0,0,0,0,0,gratuito
1,0.0,0,0.0,0,0,1,0,0,0,0,0,0,0,0,0,0,gratuito
5,150000.0,1235,0.8186234817813766,3,3,1,1,1,1,1,0,1,0,0,0,1,medio_baixo
5,0.0,0,0.0,0,0,1,0,0,0,0,0,0,0,0,0,0,gratuito
2,10000.0,24,0.5416666666666666,103,6,1,0,0,0,0,1,1,1,0,1,1,baixo
3,35000.0,11,1.0,1,2,1,0,0,0,0,0,1,1,0,0,0,baixo
5,350000.0,159,0.660377358490566,8,5,1,1,1,1,1,1,1,1,1,0,0,baixo
4,10000.0,0,0.0,4,2,1,0,0,0,0,0,1,0,0,0,1,alto
5,10000.0,19,0.8421052631578947,2,4,1,1,1,1,1,1,1,1,0,0,0,baixo
6,35000.0,136,0.47058823529411764,5,7,1,1,0,0,1,1,1,0,1,1,1,medio_baixo
4,0.0,0,0.0,1,3,1,1,0,0,0,1,0,1,0,0,0,gratuito
4,10000.0,8,0.75,2,0,1,0,0,0,0,0,0,0,0,0,0,medio_baixo
6,150000.0,1386,0.9531024531024531,14,4,1,1,1,1,1,0,1,1,0,1,0,medio_alto
14,150000.0,941,0.8172157279489904,6,2,1,0,0,0,1,1,0,0,0,0,0,gratuito
1,10000.0,0,0.0,1,5,1,0,0,0,1,0,1,1,1,0,1,medio_baixo
3,10000.0,15,0.5333333333333333,3,2,1,1,0,0,0,0,1,0,0,0,1,alto
4,10000.0,23,0.8260869565217391,1,2,1,0,1,0,1,0,1,0,0,0,0,medio_baixo
3,10000.0,8,0.875,8,3,1,1,0,0,1,0,0,1,0,0,0,gratuito
11,10000.0,99,0.7171717171717171,1,3,1,1,0,1,1,1,0,0,0,0,0,gratuito
18,350000.0,3415,0.4743777452415813,5,1,1,0,0,0,0,0,1,0,0,0,0,alto
5,1500000.0,41701,0.9386585453586245,9,3,1,0,0,19,0,0,0,1,0,0,1,gratuito
5,350000.0,2084,0.9155470249520153,2,1,1,0,0,0,0,1,0,0,0,0,0,alto
1,10000.0,4,1.0,4,1,1,0,0,0,0,0,1,0,0,0,0,medio_alto
1,0.0,0,0.0,1,4,1,0,0,0,1,1,1,0,0,0,0,gratuito
1,35000.0,220,0.8681818181818182,11,2,1,0,0,0,1,1,0,0,0,0,0,alto
4,10000.0,18,0.8888888888888888,2,1,1,0,1,0,0,0,0,0,0,0,1,medio_baixo
2,75000.0,1221,0.7977067977067978,13,2,1,0,0,1,0,0,0,0,1,0,1,medio_alto
1,35000.0,462,0.6277056277056277,11,3,1,0,0,0,1,0,0,0,0,1,1,medio_alto
1,10000.0,0,0.0,4,3,1,1,0,0,1,0,0,0,0,1,1,alto
8,10000.0,48,0.9166666666666666,5,3,1,0,0,0,1,0,0,1,0,1,0,medio_alto
1,0.0,0,0.0,2,4,1,0,0,2,1,0,0,0,0,1,0,gratuito
6,35000.0,175,0.8342857142857143,1,5,1,0,0,1,1,1,1,0,1,0,0,gratuito
5,10000.0,0,0.0,1,3,1,0,0,0,1,0,0,1,0,0,0,baixo
2,10000.0,5,0.6,1,2,1,0,0,0,1,1,0,0,0,0,0,baixo
2,10000.0,1,1.0,2,2,1,0,0,0,0,0,0,0,0,1,1,alto
1,0.0,0,0.0,2,4,1,0,0,0,1,0,0,0,0,1,1,alto
4,10000.0,12,0.8333333333333334,1,4,1,0,0,0,1,1,1,1,0,0,0,medio_baixo
2,10000.0,4,0.25,9,4,1,0,0,0,1,1,0,0,0,1,0,medio_baixo
1,35000.0,395,0.8075949367088607,12,7,1,0,0,0,1,1,1,1,1,1,0,medio_alto
7,10000.0,4,0.75,1,4,1,0,0,0,1,1,0,1,0,0,0,baixo
2,10000.0,65,0.7384615384615385,1,3,1,0,0,0,1,1,0,0,1,0,0,medio_baixo
5,35000.0,383,0.7885117493472585,8,1,1,1,1,1,0,1,0,0,0,0,0,alto
4,35000.0,7,0.7142857142857143,1,4,1,0,0,0,1,0,1,1,0,0,0,medio_alto
4,10000.0,9,0.8888888888888888,2,2,1,0,0,0,1,1,0,0,0,0,0,baixo
2,10000.0,5,1.0,1,2,1,0,0,0,0,0,0,0,1,0,0,alto
3,10000.0,21,0.9523809523809523,2,2,1,0,0,0,1,0,1,0,0,0,0,medio_alto
7,10000.0,6,0.5,1,1,1,0,0,0,0,0,1,0,0,0,0,alto
6,10000.0,150,0.82,2,1,1,0,1,0,0,0,0,0,0,0,0,baixo
11,10000.0,94,0.8191489361702128,1,3,1,1,1,0,1,1,0,0,0,0,1,baixo
1,10000.0,0,0.0,8,4,1,1,1,0,1,1,1,1,0,0,0,medio_baixo
1,35000.0,200,0.955,2,5,1,0,0,0,1,0,1,1,1,1,0,alto
8,10000.0,0,0.0,1,1,1,0,0,0,0,0,0,1,0,0,0,baixo
5,10000.0,60,0.6333333333333333,1,2,1,0,0,1,1,1,0,0,0,0,0,medio_alto
10,75000.0,381,0.905511811023622,7,1,1,0,0,0,0,0,0,0,0,0,0,medio_baixo
4,0.0,0,0.0,1,3,1,0,0,0,1,0,0,1,0,0,0,gratuito
2,10000.0,3,0.6666666666666666,2,3,1,0,0,0,1,1,0,1,0,0,0,medio_alto
5,10000.0,39,0.9230769230769231,1,4,1,0,0,0,1,1,0,1,0,0,0,alto
3,150000.0,1275,0.8376470588235294,6,4,1,0,0,0,1,0,0,1,0,1,1,alto
2,10000.0,1,1.0,28,3,1,0,0,0,1,0,0,1,0,0,1,medio_alto
2,10000.0,63,0.8412698412698413,3,2,1,0,0,0,1,0,0,0,1,0,0,alto
1,10000.0,3,1.0,1,1,1,0,0,0,0,1,0,0,0,0,0,medio_alto
4,0.0,0,0.0,2,2,1,0,0,0,1,0,0,0,0,0,1,gratuito
5,150000.0,121,0.6776859504132231,1,6,1,0,0,0,1,1,1,1,0,0,1,gratuito
5,750000.0,6490,0.8469953775038521,6,3,1,0,0,1,0,1,1,0,1,0,0,alto
2,0.0,0,0.0,0,0,1,0,0,0,0,0,0,0,0,0,0,gratuito
1,10000.0,0,0.0,7,2,1,0,0,1,0,0,0,0,1,0,0,alto
1,10000.0,0,0.0,3,3,1,0,0,0,0,0,1,1,1,0,0,alto
3,10000.0,0,0.0,3,3,1,0,0,0,0,1,1,0,1,0,0,medio_alto
1,10000.0,0,0.0,3,2,1,0,0,0,1,0,1,0,0,0,0,medio_alto
2,10000.0,198,0.8181818181818182,4,4,1,0,0,0,1,0,1,0,1,0,1,alto
3,10000.0,37,0.7297297297297297,1,1,1,0,0,1,0,0,0,0,0,0,0,baixo
14,750000.0,4808,0.8192595673876872,6,2,1,0,0,1,1,1,0,0,0,0,0,baixo
7,10000.0,1,0.0,1,1,1,0,0,0,1,0,0,0,0,0,0,baixo
1,0.0,0,0.0,1,4,1,1,0,0,1,1,0,0,0,1,0,gratuito
2,10000.0,8,0.875,1,1,1,0,0,0,0,0,0,0,0,0,1,baixo
8,10000.0,49,0.7346938775510204,2,4,1,1,1,1,1,1,1,1,0,0,0,medio_alto
3,0.0,0,0.0,1,7,1,1,1,0,1,0,1,1,1,0,0,gratuito
4,10000.0,3,0.0,2,3,1,0,0,0,1,1,1,0,0,0,0,baixo
1,10000.0,0,0.0,28,1,1,0,0,0,0,0,0,0,0,0,1,alto
3,0.0,0,0.0,0,0,1,0,0,0,0,0,0,0,0,0,0,gratuito
10,35000.0,293,0.5324232081911263,1,2,1,0,0,0,0,1,1,0,0,0,0,gratuito
2,10000.0,17,0.4117647058823529,1,9,1,0,0,1,1,1,1,1,1,1,1,alto
10,150000.0,1629,0.6193984039287906,5,1,1,0,0,0,0,1,0,0,0,0,0,medio_alto
2,10000.0,11,0.8181818181818182,1,3,1,0,1,0,1,0,1,0,1,0,0,baixo
3,10000.0,19,1.0,1,2,1,0,0,0,1,0,1,0,0,0,0,medio_alto
5,10000.0,0,0.0,1,3,1,0,0,0,0,0,0,1,0,1,0,gratuito
2,10000.0,1,1.0,1,2,1,0,0,0,0,0,0,1,0,0,0,medio_baixo
3,0.0,0,0.0,0,0,1,0,0,0,0,0,0,0,0,0,0,gratuito
2,10000.0,4,1.0,1,1,1,0,0,0,0,1,0,0,0,0,0,medio_alto
3,10000.0,40,0.95,3,3,1,0,0,0,1,0,0,1,0,0,1,baixo
1,0.0,0,0.0,1,2,1,0,0,0,1,1,0,0,0,0,0,medio_baixo
4,10000.0,5,0.8,2,4,1,0,0,1,1,1,1,1,0,0,0,medio_alto
3,10000.0,4,1.0,1,4,1,0,0,0,1,0,0,1,0,0,0,medio_baixo
2,35000.0,6,0.6666666666666666,9,2,1,1,0,0,1,0,0,0,1,0,0,medio_baixo
2,0.0,0,0.0,1,5,1,0,0,0,1,1,1,0,1,0,0,gratuito
2,10000.0,0,0.0,1,2,1,0,0,0,1,0,0,1,0,0,0,medio_baixo
3,10000.0,63,0.8571428571428571,9,6,1,0,0,0,0,1,0,0,0,0,0,medio_baixo
4,10000.0,76,0.6578947368421053,1,5,1,0,0,0,1,1,1,1,0,0,1,baixo
6,10000.0,18,0.8333333333333334,1,1,1,0,0,0,0,0,0,1,0,0,0,gratuito
3,0.0,0,0.0,0,0,1,0,0,0,0,0,0,0,0,0,0,gratuito
3,10000.0,48,0.9583333333333334,1,3,1,1,1,0,0,0,0,0,0,0,1,alto
4,10000.0,208,0.7259615384615384,12,4,1,0,0,0,1,1,0,0,0,0,0,medio_baixo
4,10000.0,4,1.0,1,2,1,0,0,0,1,1,0,0,0,0,0,alto
7,10000.0,19,1.0,1,3,1,0,0,0,1,0,1,1,0,0,0,alto
3,0.0,0,0.0,0,0,1,0,0,0,0,0,0,0,0,0,0,gratuito
1,0.0,0,0.0,0,0,1,0,0,0,0,0,0,0,0,0,0,gratuito
2,0.0,0,0.0,103,2,1,0,0,0,1,0,0,1,0,0,0,baixo
3,10000.0,0,0.0,1,7,1,1,0,0,1,1,1,1,0,1,1,gratuito
7,10000.0,11,0.2727272727272727,4,3,1,0,0,0,1,0,0,1,0,1,0,baixo
14,1500000.0,8585,0.8090856144437973,4,2,1,0,0,0,0,1,0,0,0,0,0,gratuito
3,10000.0,2,0.0,1,9,1,0,0,0,1,1,1,1,0,1,1,baixo
5,10000.0,9,1.0,1,3,1,0,0,0,1,0,0,1,0,0,1,baixo
1,10000.0,0,0.0,8,4,1,0,0,0,1,1,1,1,0,0,0,medio_baixo
7,10000.0,5,1.0,1,2,1,0,0,0,1,1,0,0,0,0,0,medio_baixo
3,150000.0,840,0.8107142857142857,6,4,1,0,0,13,0,1,1,0,1,1,0,alto
6,75000.0,2,0.0,1,3,1,0,0,0,1,1,1,0,0,0,0,medio_baixo
1,0.0,0,0.0,0,0,1,0,0,0,0,0,0,0,0,0,0,gratuito
3,10000.0,0,0.0,1,3,1,0,0,0,1,0,0,1,0,0,0,medio_baixo
1,10000.0,4,1.0,8,3,1,0,0,0,1,1,1,0,0,0,0,baixo
1,0.0,0,0.0,1,2,1,0,0,1,0,1,0,0,0,1,0,medio_alto
2,10000.0,146,0.7876712328767124,3,4,1,0,0,0,1,0,1,0,1,1,0,medio_alto
1,10000.0,0,0.0,12,4,1,0,0,0,1,0,0,1,0,0,1,medio_baixo
2,0.0,0,0.0,2,4,1,0,0,0,0,0,0,1,1,0,0,gratuito
5,35000.0,134,0.9402985074626866,3,1,1,0,0,0,0,1,0,0,0,0,0,alto
3,750000.0,19720,0.8010649087221096,13,1,1,0,0,10,0,1,0,0,0,0,0,alto
1,10000.0,110,0.8818181818181818,2,3,1,0,0,0,1,1,1,0,0,0,0,medio_baixo
10,10000.0,15,0.6,1,2,1,0,0,0,0,0,0,0,0,0,0,gratuito
10,10000.0,3,1.0,1,5,1,0,0,0,1,1,1,1,1,0,0,baixo
2,10000.0,0,0.0,6,3,1,1,1,0,1,0,0,1,0,0,1,medio_alto
1,0.0,0,0.0,1,3,1,0,0,0,1,0,0,1,0,1,0,medio_baixo
2,10000.0,8,1.0,1,2,1,0,0,0,1,1,0,0,0,0,0,medio_baixo
6,10000.0,19,0.47368421052631576,2,5,1,0,0,0,1,0,1,1,1,0,0,baixo
4,10000.0,17,0.8823529411764706,1,3,1,0,0,0,0,1,1,0,0,0,0,alto
9,10000.0,26,0.38461538461538464,1,1,1,1,1,1,1,0,0,0,0,0,0,alto
5,10000.0,1,0.0,1,2,1,0,0,0,1,1,0,0,0,0,0,medio_alto
1,0.0,0,0.0,0,0,1,0,0,0,0,0,0,0,0,0,0,gratuito
2,10000.0,87,0.9770114942528736,2,3,1,1,1,2,1,0,1,0,1,0,0,medio_baixo
5,10000.0,3,0.6666666666666666,4,4,1,0,0,0,1,1,1,0,1,0,0,alto
4,10000.0,419,0.9140811455847255,7,6,1,0,0,1,1,0,1,1,0,0,1,medio_alto
1,10000.0,22,1.0,12,3,1,0,0,1,1,0,1,1,0,0,0,medio_alto
1,0.0,0,0.0,2,2,1,0,0,0,1,0,1,0,0,0,0,medio_baixo
6,10000.0,562,0.9181494661921709,11,3,1,0,0,1,1,1,0,0,0,1,0,gratuito
1,0.0,0,0.0,3,2,1,0,0,0,1,0,0,0,0,0,0,gratuito
3,150000.0,3762,0.8298777246145668,11,6,1,0,0,3,1,0,1,0,1,1,1,medio_alto
4,750000.0,4825,0.8462176165803109,8,2,1,0,0,1,1,1,0,0,0,0,0,medio_alto
6,10000.0,13,0.38461538461538464,2,3,1,0,0,0,0,0,1,1,0,0,1,medio_baixo
11,35000.0,173,0.47398843930635837,1,4,1,0,0,0,1,1,0,0,0,0,0,gratuito
4,0.0,0,0.0,1,3,1,0,0,0,0,0,0,1,0,0,0,gratuito
5,10000.0,11,0.8181818181818182,4,1,1,0,0,0,0,0,0,0,0,0,0,gratuito
2,10000.0,22,0.7727272727272727,1,4,1,0,1,0,1,0,0,1,0,1,1,alto
3,0.0,0,0.0,0,0,1,0,0,0,0,0,0,0,0,0,0,gratuito
5,75000.0,152,0.7828947368421053,1,3,1,0,0,0,0,0,0,1,0,0,1,gratuito
3,10000.0,1,1.0,1,3,1,0,0,1,1,0,0,1,0,1,0,baixo
2,35000.0,1,1.0,2,4,1,0,0,0,1,0,1,1,1,0,0,baixo
1,0.0,0,0.0,0,0,1,0,0,0,0,0,0,0,0,0,0,gratuito
4,0.0,0,0.0,0,0,1,0,0,0,0,0,0,0,0,0,0,gratuito
2,0.0,0,0.0,1,4,1,0,0,1,1,1,0,1,0,0,0,gratuito
3,10000.0,136,0.7867647058823529,6,1,1,0,0,1,0,1,0,0,0,0,0,alto
12,75000.0,356,0.6151685393258427,8,4,1,1,1,0,1,1,0,0,0,1,1,medio_baixo
5,10000.0,362,0.8922651933701657,1,3,1,0,0,1,1,1,1,0,0,0,0,medio_baixo
2,10000.0,18,0.8333333333333334,3,4,1,0,0,0,1,1,1,1,0,0,0,medio_alto
1,10000.0,15,1.0,2,2,1,0,1,0,1,1,0,0,0,0,0,alto
6,10000.0,113,0.9469026548672567,8,2,1,0,0,1,1,0,0,0,0,1,0,medio_alto
2,0.0,0,0.0,1,2,1,0,0,0,0,1,0,0,0,0,0,gratuito
5,0.0,0,0.0,1,4,1,1,0,0,0,1,1,1,0,0,0,gratuito
5,10000.0,12,0.5,1,3,1,0,0,0,1,1,0,1,0,0,0,gratuito
1,10000.0,0,0.0,1,4,1,0,0,0,1,0,1,0,1,0,0,alto
3,10000.0,18,0.7777777777777778,2,3,1,0,0,0,1,0,0,1,0,0,1,medio_baixo
4,10000.0,36,0.19444444444444445,1,2,1,0,0,0,0,1,0,0,0,0,0,medio_baixo
3,10000.0,20,0.95,6,1,1,1,1,0,0,0,0,1,0,0,0,baixo
8,10000.0,356,0.6039325842696629,12,1,1,0,0,0,0,1,0,0,0,0,0,gratuito
8,10000.0,12,0.4166666666666667,2,1,1,0,0,0,1,0,0,0,0,0,0,baixo
2,10000.0,5,0.6,3,2,1,1,0,0,0,0,1,1,0,0,0,medio_alto
5,10000.0,23,0.6521739130434783,1,3,1,0,0,0,1,0,1,1,0,0,0,medio_baixo
2,10000.0,0,0.0,1,1,1,0,0,0,0,0,0,1,0,0,0,medio_baixo
5,10000.0,13,0.6153846153846154,2,5,1,0,0,0,0,0,0,1,1,0,1,baixo
2,0.0,0,0.0,10,5,1,1,0,0,1,1,1,1,0,0,0,gratuito
1,0.0,0,0.0,1,3,1,0,0,0,0,1,0,0,0,0,0,gratuito
4,10000.0,3,1.0,2,4,1,0,0,4,0,0,1,0,1,1,1,alto
2,0.0,0,0.0,4,4,1,0,0,0,1,0,0,0,0,1,1,gratuito
5,10000.0,10,0.6,9,5,1,0,0,0,1,1,1,0,1,1,0,alto
1,10000.0,0,0.0,1,6,1,0,0,0,1,1,0,1,0,0,0,baixo
3,35000.0,1,0.0,2,3,1,0,0,0,1,1,0,1,0,0,0,baixo
1,10000.0,263,0.8745247148288974,11,3,1,0,1,1,1,0,0,0,0,1,1,alto
7,35000.0,136,0.7426470588235294,2,2,1,0,0,0,0,1,0,1,0,0,0,medio_alto
1,10000.0,0,0.0,1,4,1,0,0,0,1,0,0,1,0,1,0,medio_baixo
2,35000.0,50,1.0,3,5,1,0,0,0,1,1,1,1,0,1,0,baixo
7,75000.0,387,0.9560723514211886,1,3,1,0,0,1,1,0,0,0,1,0,1,gratuito
4,10000.0,0,0.0,3,2,1,0,0,1,1,0,1,0,0,0,0,medio_alto
1,0.0,0,0.0,0,0,1,0,0,0,0,0,0,0,0,0,0,gratuito
1,10000.0,0,0.0,3,3,1,0,0,0,1,1,0,0,0,0,0,medio_baixo
5,10000.0,16,0.4375,2,1,1,0,0,0,0,0,0,0,0,1,0,medio_alto
4,10000.0,11,0.36363636363636365,3,2,1,0,0,0,1,1,0,0,0,0,0,baixo
1,10000.0,0,0.0,2,3,1,1,1,0,1,1,0,1,0,0,0,alto
3,10000.0,29,0.3448275862068966,9,3,1,0,0,0,0,1,1,0,1,0,0,alto
1,0.0,0,0.0,103,1,1,0,0,0,0,0,0,1,0,0,0,medio_baixo
1,10000.0,6,1.0,1,2,1,0,0,0,1,0,1,0,0,0,0,medio_alto
1,10000.0,13,0.8461538461538461,2,4,1,1,1,0,1,1,1,0,1,0,0,baixo
1,0.0,0,0.0,1,1,1,0,0,0,1,0,0,0,0,0,0,medio_baixo
3,10000.0,4,1.0,1,4,1,0,0,0,1,1,0,1,0,0,0,medio_baixo
9,10000.0,0,0.0,1,2,1,0,0,0,0,0,0,0,0,0,0,alto
2,35000.0,22,1.0,10,3,1,0,0,1,1,1,1,0,0,0,0,alto
6,750000.0,46,0.5652173913043478,1,4,1,0,0,0,1,1,1,1,0,0,0,gratuito
7,10000.0,4,0.5,1,3,1,0,0,0,1,0,1,1,0,0,0,medio_baixo
4,35000.0,329,0.9331306990881459,6,1,1,0,0,0,0,0,0,0,0,1,0,medio_alto
4,10000.0,3,1.0,3,4,1,0,0,0,1,0,0,1,0,1,0,alto
8,10000.0,24,0.875,1,1,1,0,0,0,0,0,0,1,0,0,0,gratuito
5,10000.0,4,1.0,1,2,1,0,0,0,1,1,0,0,0,0,0,baixo
7,10000.0,124,0.8790322580645161,1,1,1,0,0,0,0,0,0,0,0,0,0,medio_alto
2,150000.0,26,0.6153846153846154,1,3,1,0,0,0,0,1,1,0,0,1,0,medio_baixo
2,10000.0,14,0.9285714285714286,1,3,1,0,0,0,1,1,0,0,0,0,0,medio_alto
1,0.0,0,0.0,1,3,1,0,0,0,1,0,1,0,1,0,0,alto
1,10000.0,0,0.0,2,3,1,0,0,0,0,0,1,1,0,0,0,medio_baixo
2,10000.0,28,0.39285714285714285,1,3,1,0,0,0,1,1,1,0,0,0,0,medio_baixo
2,150000.0,1413,0.8103326256192498,9,2,1,0,0,2,0,1,1,0,0,0,0,alto
6,10000.0,5,0.8,1,1,1,1,0,0,0,0,0,0,0,0,0,medio_baixo
6,10000.0,2,1.0,1,4,1,0,0,0,1,1,0,1,0,0,0,alto
7,10000.0,4,0.25,1,3,1,0,0,0,1,1,1,0,0,0,0,baixo
9,10000.0,15,0.9333333333333333,1,3,1,1,0,0,1,0,0,1,1,0,0,medio_baixo
4,0.0,0,0.0,0,0,1,0,0,0,0,0,0,0,0,0,0,gratuito
8,10000.0,39,0.46153846153846156,1,4,1,0,0,0,1,1,1,1,0,0,0,baixo
2,10000.0,173,0.815028901734104,10,3,1,1,0,0,1,0,0,1,0,0,1,medio_alto
2,10000.0,0,0.0,6,3,1,1,1,0,0,0,0,1,1,0,1,medio_baixo
6,35000.0,525,0.9161904761904762,1,5,1,0,0,0,1,1,0,1,0,0,0,gratuito
2,10000.0,14,0.5,1,4,1,0,0,0,1,1,1,0,0,0,0,gratuito
5,10000.0,1,1.0,1,2,1,0,1,0,1,0,0,1,0,0,0,medio_alto
11,35000.0,79,0.4810126582278481,8,2,1,0,0,0,0,0,1,1,0,0,0,baixo
4,10000.0,0,0.0,1,2,1,0,0,2,1,0,0,1,0,0,0,baixo
3,10000.0,87,0.7816091954022989,1,3,1,0,0,0,1,0,1,0,0,1,0,baixo
6,10000.0,1,1.0,1,4,1,0,0,0,0,1,1,1,0,1,0,alto
3,10000.0,4,0.75,1,3,1,0,0,0,1,1,1,0,0,0,0,medio_baixo
1,10000.0,0,0.0,5,3,1,0,0,0,1,0,1,0,0,0,0,alto
1,10000.0,8,0.75,1,2,1,0,0,0,0,0,0,0,0,1,0,alto
1,10000.0,0,0.0,1,5,1,0,0,0,1,1,1,1,0,0,0,alto
5,10000.0,4,0.75,1,1,1,0,0,0,0,0,0,0,1,0,0,medio_alto
6,10000.0,24,0.8333333333333334,1,2,1,1,0,0,0,0,0,1,0,1,0,baixo
3,10000.0,11,0.8181818181818182,1,3,1,0,0,0,1,1,1,0,0,0,0,medio_baixo
9,35000.0,173,0.6994219653179191,7,2,1,0,0,0,1,1,0,0,0,0,0,baixo
2,0.0,0,0.0,1,2,1,1,0,0,1,0,0,0,0,0,1,gratuito
2,10000.0,1,1.0,1,4,1,0,0,1,1,1,1,0,0,0,0,alto
5,10000.0,5,0.8,1,3,1,0,0,0,1,0,1,0,0,0,1,medio_alto
2,10000.0,1,1.0,1,2,1,0,0,0,0,0,1,1,0,0,0,medio_alto
12,750000.0,3731,0.9595282766014473,1,3,1,1,0,0,1,0,0,1,0,0,0,gratuito
5,10000.0,15,0.9333333333333333,1,4,1,0,0,0,1,0,1,1,0,0,1,medio_baixo
4,1500000.0,5793,0.8817538408423959,12,1,1,0,0,0,0,1,0,0,0,0,0,alto
4,10000.0,0,0.0,1,2,1,0,0,2,1,0,0,1,0,0,0,baixo
1,10000.0,0,0.0,8,3,1,0,0,0,1,1,0,0,0,0,0,medio_alto
2,10000.0,2,1.0,2,2,1,0,0,0,1,1,0,0,0,0,0,medio_alto
2,10000.0,29,0.9310344827586207,1,3,1,0,0,0,1,1,1,0,0,0,0,baixo
3,0.0,0,0.0,0,0,1,0,0,0,0,0,0,0,0,0,0,gratuito
1,10000.0,0,0.0,1,1,1,0,0,0,0,0,0,1,0,0,0,baixo
5,10000.0,0,0.0,1,2,1,0,0,0,0,0,0,0,0,0,1,alto
1,0.0,0,0.0,0,0,1,0,0,0,0,0,0,0,0,0,0,gratuito
1,10000.0,4,1.0,2,3,1,0,0,0,1,0,1,0,1,0,0,medio_baixo
9,10000.0,33,0.6363636363636364,1,2,1,0,0,0,0,0,0,0,0,0,0,gratuito
2,10000.0,196,0.6479591836734694,15,5,1,0,0,0,1,1,1,0,0,0,0,medio_alto
7,10000.0,3,0.0,0,2,1,0,0,0,1,0,0,1,0,0,0,baixo
6,150000.0,827,0.8367593712212817,12,4,1,0,0,0,1,1,1,0,0,0,1,medio_baixo
1,0.0,0,0.0,2,3,1,0,0,0,1,1,1,0,0,0,0,medio_alto
4,35000.0,67,0.8208955223880597,4,4,1,0,0,2,1,1,1,0,1,0,0,medio_alto
1,0.0,0,0.0,0,0,1,0,0,0,0,0,0,0,0,0,0,gratuito
4,10000.0,13,1.0,1,3,1,0,0,0,1,0,0,1,0,1,0,medio_baixo
2,10000.0,8,0.875,3,4,1,0,0,0,1,0,1,1,0,1,0,medio_baixo
2,10000.0,0,0.0,10,2,1,0,0,0,1,0,0,1,0,0,0,medio_alto
14,75000.0,610,0.9606557377049181,1,2,1,1,1,1,1,0,1,0,0,0,0,baixo
1,0.0,0,0.0,7,1,1,0,0,0,0,1,0,0,0,0,0,alto
2,0.0,0,0.0,0,0,1,0,0,0,0,0,0,0,0,0,0,gratuito
5,10000.0,68,0.6029411764705882,1,1,1,0,0,1,0,0,0,0,0,1,0,medio_baixo
1,10000.0,0,0.0,31,2,1,0,0,0,1,0,0,1,0,0,0,baixo
6,10000.0,9,0.7777777777777778,1,5,1,0,0,0,1,1,1,1,0,0,0,alto
5,10000.0,0,0.0,4,5,1,0,0,0,1,0,1,1,1,1,0,medio_alto
5,10000.0,0,0.0,1,6,1,0,0,0,1,1,1,1,1,1,0,medio_baixo
1,0.0,0,0.0,0,0,1,0,0,0,0,0,0,0,0,0,0,gratuito
10,75000.0,178,0.7078651685393258,2,2,1,0,0,1,1,1,0,0,0,0,0,gratuito
1,0.0,0,0.0,0,0,1,0,0,0,0,0,0,0,0,0,0,gratuito
1,10000.0,0,0.0,1,3,1,0,0,0,0,0,1,1,0,0,1,medio_alto
2,10000.0,1,1.0,1,4,1,0,1,0,1,1,1,0,1,0,0,medio_baixo
1,0.0,0,0.0,11,3,1,1,0,0,1,1,0,1,0,0,0,medio_baixo
3,0.0,0,0.0,0,0,1,0,0,0,0,0,0,0,0,0,0,gratuito
4,10000.0,9,0.4444444444444444,2,6,1,0,0,0,1,1,1,1,0,1,0,medio_baixo
1,0.0,0,0.0,1,4,1,0,0,0,1,1,1,0,0,0,0,gratuito
1,0.0,0,0.0,0,0,1,0,0,0,0,0,0,0,0,0,0,gratuito
1,10000.0,0,0.0,2,3,1,1,0,0,1,1,0,1,0,0,0,medio_alto
7,750000.0,12303,0.9006746322035276,10,3,1,0,0,1,1,1,1,0,0,0,0,medio_alto
2,750000.0,6196,0.9280180761781794,9,3,1,1,1,1,1,0,1,0,0,0,1,alto
9,35000.0,97,0.29896907216494845,1,2,1,0,0,1,0,0,0,0,1,1,0,baixo
3,10000.0,0,0.0,1,4,1,0,0,0,1,0,0,1,0,1,1,baixo
2,10000.0,4,0.75,3,3,1,0,0,0,1,0,1,1,0,0,0,medio_baixo
7,35000.0,23,0.9130434782608695,1,2,1,0,0,0,0,0,1,0,0,1,0,baixo
3,10000.0,2,1.0,1,3,1,1,1,1,0,1,1,0,1,0,0,medio_baixo
1,0.0,0,0.0,2,3,1,0,0,0,1,0,1,0,0,0,1,alto
2,10000.0,3,0.6666666666666666,1,1,1,0,0,0,0,0,0,1,0,0,0,alto
7,10000.0,124,0.8548387096774194,1,2,1,1,1,1,1,0,1,0,0,0,0,medio_baixo
5,10000.0,14,0.35714285714285715,1,3,1,0,0,0,1,0,1,1,0,0,0,baixo
5,10000.0,7,0.5714285714285714,1,5,1,0,0,0,0,0,1,1,1,1,1,alto
6,10000.0,45,0.9333333333333333,1,1,1,0,0,0,1,0,0,0,0,0,0,medio_baixo
9,1500000.0,6185,0.886661277283751,1,1,1,0,1,3,1,0,0,0,0,0,0,gratuito
3,10000.0,2,0.5,7,3,1,0,0,0,1,0,1,0,0,0,0,medio_alto
6,35000.0,277,0.6787003610108303,1,5,1,0,0,2,1,0,0,1,0,1,1,gratuito
4,35000.0,5,1.0,1,3,1,1,1,0,1,0,0,1,0,0,1,medio_baixo
8,10000.0,5,0.8,1,3,1,0,0,0,1,1,0,1,0,0,0,medio_baixo
2,10000.0,2,1.0,1,2,1,0,0,0,1,0,0,1,0,0,0,medio_baixo
2,10000.0,57,0.7719298245614035,1,2,1,0,0,0,1,0,1,0,0,0,0,medio_baixo
8,10000.0,42,0.7380952380952381,1,3,1,0,0,0,0,0,1,0,0,0,0,gratuito
5,350000.0,6521,0.7420641005980678,16,2,1,0,0,1,0,0,0,0,0,0,1,alto
4,10000.0,73,0.5342465753424658,3,2,1,0,0,0,1,1,0,0,0,0,0,medio_alto
10,75000.0,792,0.4393939393939394,1,3,1,1,0,0,1,0,0,0,0,1,1,gratuito
3,0.0,0,0.0,0,0,1,0,0,0,0,0,0,0,0,0,0,gratuito
7,75000.0,369,0.8428184281842819,29,3,1,1,1,0,1,0,0,1,0,0,0,gratuito
4,35000.0,1,0.0,1,7,1,0,0,0,1,1,1,0,1,1,1,alto
7,35000.0,73,0.8904109589041096,1,1,1,0,0,0,0,1,0,0,0,0,0,gratuito
8,10000.0,0,0.0,2,3,1,0,0,0,1,1,0,0,0,0,0,medio_alto
2,10000.0,2,0.0,1,2,1,0,0,0,0,0,0,0,0,1,1,alto
3,10000.0,0,0.0,14,5,1,0,0,1,1,0,1,1,1,0,1,baixo
4,10000.0,31,0.967741935483871,1,5,1,0,0,2,1,0,1,1,1,0,0,medio_baixo
11,10000.0,49,0.3469387755102041,2,3,1,0,0,0,0,0,0,1,0,0,1,baixo
6,35000.0,107,0.9158878504672897,4,2,1,0,0,0,0,1,0,0,0,0,0,gratuito
5,10000.0,68,0.7205882352941176,1,3,1,0,0,0,0,0,1,1,1,0,0,medio_alto
2,10000.0,29,0.7241379310344828,1,1,1,0,0,0,0,0,1,0,0,0,0,alto
5,10000.0,6,0.8333333333333334,1,2,1,0,0,0,0,0,0,0,0,0,1,baixo
11,10000.0,11,0.18181818181818182,1,3,1,0,0,0,1,1,1,0,0,0,0,medio_alto
4,10000.0,61,0.9508196721311475,4,2,1,0,0,0,1,1,0,0,0,0,0,baixo
3,75000.0,3291,0.7769674870859921,6,1,1,0,0,0,0,1,0,0,0,0,0,alto
2,10000.0,1,1.0,2,3,1,0,0,0,1,1,0,1,0,0,0,medio_baixo
1,10000.0,0,0.0,1,3,1,0,0,0,1,1,0,0,0,0,1,medio_alto
2,10000.0,0,0.0,1,3,1,1,1,0,1,0,1,1,0,0,0,medio_baixo
3,1500000.0,29336,0.8973956913007909,9,4,1,0,0,8,1,0,1,0,1,1,0,alto
5,10000.0,50,0.64,2,2,1,0,0,0,1,0,0,0,0,0,1,medio_alto
1,10000.0,0,0.0,9,3,1,0,0,0,1,0,0,0,0,1,0,medio_alto
4,3500000.0,22203,0.8311039048777192,12,2,1,0,0,16,0,1,1,0,0,0,0,medio_alto
1,10000.0,0,0.0,20,4,1,0,0,0,1,0,0,1,0,0,1,alto
1,10000.0,213,0.9530516431924883,1,4,1,1,1,0,1,0,1,1,0,0,0,alto
4,10000.0,0,0.0,6,1,1,1,1,1,1,0,0,0,0,0,0,medio_alto
3,10000.0,1,1.0,16,2,1,0,0,0,0,0,1,0,0,0,1,alto
3,0.0,0,0.0,0,0,1,0,0,0,0,0,0,0,0,0,0,gratuito
1,35000.0,701,0.7360912981455064,13,4,1,1,1,0,1,0,0,1,0,1,1,medio_alto
4,35000.0,276,0.8623188405797102,5,6,1,0,0,1,1,1,1,0,0,0,1,medio_baixo
4,10000.0,0,0.0,1,2,1,1,0,0,1,1,0,0,0,0,0,baixo
6,10000.0,8,0.5,1,1,1,0,0,0,0,0,0,1,0,0,0,medio_alto
4,10000.0,96,0.9166666666666666,10,4,1,0,0,1,1,1,1,1,0,0,0,alto
6,10000.0,2,1.0,2,2,1,1,0,0,0,1,1,0,0,0,0,medio_alto
4,75000.0,1067,0.7928772258669166,10,3,1,1,0,1,1,0,1,0,1,0,0,medio_alto
3,10000.0,9,0.8888888888888888,2,4,1,0,0,0,1,1,0,1,0,0,0,medio_baixo
9,75000.0,63,0.8571428571428571,1,4,1,1,1,0,1,1,0,1,0,0,0,baixo
1,10000.0,0,0.0,1,3,1,0,0,0,1,0,0,1,0,1,0,medio_alto
10,35000.0,60,0.48333333333333334,9,2,1,1,0,0,1,0,0,1,0,0,0,baixo
4,0.0,0,0.0,0,0,1,0,0,0,0,0,0,0,0,0,0,gratuito
3,10000.0,6,0.6666666666666666,2,4,1,0,0,0,1,1,0,1,0,0,0,medio_baixo
8,10000.0,69,0.5217391304347826,1,2,1,0,0,0,1,0,0,1,0,0,0,baixo
4,0.0,0,0.0,0,0,1,0,0,0,0,0,0,0,0,0,0,gratuito
4,0.0,0,0.0,1,5,1,0,0,0,1,1,1,0,1,0,0,gratuito
1,35000.0,17,1.0,2,2,1,0,0,0,0,0,0,0,0,1,0,gratuito
6,10000.0,44,0.8636363636363636,15,1,1,0,0,0,1,0,0,0,0,0,0,baixo
6,10000.0,39,0.7948717948717948,1,3,1,0,0,0,1,1,0,0,0,0,0,gratuito
4,10000.0,48,0.9583333333333334,5,3,1,0,0,1,1,0,1,1,0,0,0,medio_baixo
7,10000.0,22,0.45454545454545453,1,6,1,0,0,0,1,1,0,1,0,1,1,baixo
2,35000.0,290,0.7137931034482758,13,3,1,0,0,0,1,0,0,1,0,0,1,medio_alto
6,10000.0,2,1.0,1,6,1,0,1,0,1,1,1,1,0,0,1,medio_alto
2,10000.0,81,0.9382716049382716,1,4,1,0,1,0,1,1,0,0,1,0,0,alto
9,10000.0,34,0.5,4,7,1,0,0,0,1,1,1,0,0,0,0,baixo
8,35000.0,50,0.34,1,2,1,0,0,0,1,0,0,1,0,0,0,baixo
7,10000.0,8,0.875,1,3,1,1,0,0,1,1,0,1,0,0,0,medio_baixo
3,0.0,0,0.0,1,4,1,0,0,0,1,1,0,0,0,1,0,gratuito
4,0.0,0,0.0,0,0,1,0,0,0,0,0,0,0,0,0,0,gratuito
4,10000.0,0,0.0,1,5,1,0,0,0,1,1,1,1,1,0,0,alto
3,10000.0,3,1.0,1,4,1,0,0,0,1,1,0,1,0,0,0,medio_alto
4,10000.0,1,1.0,1,1,1,0,0,0,0,0,0,0,0,0,0,baixo
11,35000.0,170,0.2823529411764706,1,3,1,1,1,0,1,1,0,1,0,0,0,medio_baixo
10,350000.0,447,0.639821029082774,1,2,1,1,0,0,1,0,1,0,0,0,0,baixo
6,35000.0,3,1.0,1,1,1,0,0,0,0,0,1,0,0,0,0,medio_baixo
1,0.0,0,0.0,0,0,1,0,0,0,0,0,0,0,0,0,0,gratuito
7,35000.0,331,0.7824773413897281,1,4,1,1,0,0,1,0,0,0,0,1,1,alto
5,10000.0,11,0.9090909090909091,1,3,1,1,0,0,1,0,1,0,1,0,0,medio_alto
2,0.0,0,0.0,103,4,1,0,0,0,1,0,0,1,0,1,1,baixo
6,10000.0,231,0.9826839826839827,1,2,1,0,0,0,0,0,0,0,1,0,1,medio_baixo
1,10000.0,0,0.0,1,3,1,0,0,0,1,0,1,0,0,0,0,gratuito
9,35000.0,50,0.76,1,2,1,0,0,0,1,1,0,0,0,0,0,gratuito
6,10000.0,85,0.3764705882352941,1,5,1,1,1,0,1,1,1,1,0,1,0,baixo
6,10000.0,0,0.0,2,4,1,1,1,0,1,1,1,1,0,0,0,alto
5,0.0,0,0.0,0,0,1,0,0,0,0,0,0,0,0,0,0,gratuito
1,0.0,0,0.0,1,2,1,0,0,0,1,0,0,1,0,0,0,baixo
9,10000.0,16,0.8125,1,3,1,0,0,0,0,1,1,1,0,0,0,baixo
3,0.0,0,0.0,0,0,1,0,0,0,0,0,0,0,0,0,0,gratuito
3,10000.0,83,0.6987951807228916,10,3,1,0,0,0,1,0,0,1,1,0,0,medio_baixo
2,0.0,0,0.0,0,0,1,0,0,0,0,0,0,0,0,0,0,gratuito
3,10000.0,4,0.5,1,7,1,0,0,0,1,1,1,1,1,1,0,medio_baixo
1,10000.0,64,0.96875,1,2,1,0,0,0,1,0,1,0,0,0,0,medio_baixo
1,0.0,0,0.0,1,4,1,0,0,0,1,1,0,1,0,0,0,gratuito
2,10000.0,17,1.0,1,5,1,1,0,0,1,1,1,1,0,0,0,baixo
5,10000.0,5,1.0,3,3,1,0,0,0,1,1,1,0,0,0,0,medio_baixo
9,75000.0,680,0.9676470588235294,1,2,1,0,0,0,1,1,0,0,0,0,0,baixo
6,10000.0,0,0.0,6,3,1,1,0,0,1,0,1,0,0,0,1,alto
2,10000.0,0,0.0,1,2,1,0,0,0,1,0,0,0,0,0,0,gratuito
2,0.0,0,0.0,1,4,1,0,0,0,1,1,0,0,0,1,0,gratuito
3,10000.0,247,0.9271255060728745,3,3,1,0,0,0,1,1,0,0,1,0,0,alto
5,10000.0,11,0.8181818181818182,1,3,1,0,0,0,0,0,0,0,0,0,0,alto
3,10000.0,4,1.0,2,2,1,0,0,0,0,1,1,0,0,0,0,alto
7,10000.0,0,0.0,2,2,1,0,0,0,1,0,0,1,0,0,0,baixo
1,10000.0,0,0.0,1,3,1,0,0,0,1,1,0,1,0,0,0,medio_alto
6,10000.0,97,0.9175257731958762,1,1,1,1,0,1,0,0,0,1,0,0,0,baixo
2,10000.0,2,0.5,2,3,1,0,0,0,1,1,0,0,0,0,0,alto
3,35000.0,6,0.8333333333333334,2,3,1,0,0,0,1,1,1,0,0,0,0,medio_alto
8,75000.0,486,0.7530864197530864,10,3,1,0,0,1,1,0,1,0,1,0,0,medio_baixo
4,10000.0,26,0.5,2,3,1,0,0,0,1,0,0,1,0,0,1,alto
1,0.0,0,0.0,1,1,1,0,0,0,1,0,0,0,0,0,0,medio_alto
3,10000.0,0,0.0,1,5,1,1,0,1,1,1,1,1,0,0,0,medio_baixo
4,10000.0,4,1.0,1,3,1,0,0,0,1,0,0,1,0,0,0,medio_alto
6,10000.0,0,0.0,10,4,1,0,0,3,0,0,0,1,0,1,1,baixo
2,10000.0,0,0.0,2,4,1,0,0,0,1,1,0,1,0,0,0,medio_baixo
6,75000.0,68,0.9558823529411765,1,4,1,0,0,0,1,1,0,1,0,0,0,gratuito
2,0.0,0,0.0,103,1,1,0,0,0,0,0,0,0,0,0,0,gratuito
5,10000.0,11,0.9090909090909091,3,2,1,0,0,0,1,0,1,0,0,0,0,alto
7,10000.0,8,0.125,1,4,1,0,0,0,1,1,1,0,1,0,0,baixo
9,10000.0,12,0.8333333333333334,1,4,1,0,0,0,0,0,0,0,0,0,0,medio_baixo
3,10000.0,439,0.8815489749430524,6,3,1,0,0,0,1,1,0,0,1,0,0,alto
3,10000.0,1,1.0,2,3,1,0,0,0,1,1,0,0,0,0,0,baixo
14,1500000.0,14187,0.6260661168675548,1,6,1,0,0,0,0,1,1,1,1,0,0,gratuito
1,0.0,0,0.0,103,2,1,0,0,0,0,0,0,1,0,0,0,gratuito
1,10000.0,0,0.0,1,1,1,0,0,0,1,0,0,0,0,0,0,medio_baixo
7,10000.0,70,0.6714285714285714,1,4,1,0,0,1,1,1,1,0,1,0,0,medio_baixo
7,35000.0,167,0.8263473053892215,14,4,1,0,0,0,1,1,1,0,0,0,0,medio_alto
2,10000.0,1,0.0,1,3,1,0,0,0,1,1,0,1,0,0,0,baixo
1,0.0,0,0.0,0,0,1,0,0,0,0,0,0,0,0,0,0,gratuito
2,10000.0,2,0.0,1,3,1,0,0,0,1,1,0,0,0,0,0,medio_baixo
8,10000.0,18,0.2222222222222222,2,2,1,0,0,1,1,0,0,1,0,0,0,baixo
1,10000.0,0,0.0,17,3,1,0,0,0,1,0,0,1,0,0,1,medio_alto
10,10000.0,90,0.4666666666666667,1,4,1,0,0,0,1,1,0,0,0,0,0,gratuito
9,75000.0,114,0.631578947368421,2,2,1,0,0,0,1,0,1,0,0,0,0,gratuito
5,75000.0,1945,0.919280205655527,3,3,1,1,0,0,1,0,0,0,1,1,0,alto
1,0.0,0,0.0,0,0,1,0,0,0,0,0,0,0,0,0,0,gratuito
2,0.0,0,0.0,2,6,1,0,0,0,0,1,1,1,1,1,0,gratuito
1,10000.0,0,0.0,3,2,1,0,0,0,1,0,1,0,0,0,0,medio_baixo
2,10000.0,99,0.9292929292929293,8,4,1,0,0,0,1,1,1,0,0,0,0,medio_alto
1,10000.0,0,0.0,6,3,1,0,0,0,1,0,0,1,0,1,0,medio_alto
1,0.0,0,0.0,1,3,1,0,0,0,1,0,0,1,0,1,0,baixo
2,10000.0,92,0.9565217391304348,11,3,1,1,1,0,1,0,1,1,0,0,0,alto
3,10000.0,10,1.0,12,3,1,0,0,0,1,1,0,0,0,0,0,medio_baixo
5,10000.0,0,0.0,1,2,1,0,0,0,0,1,1,0,0,0,0,medio_baixo
5,0.0,0,0.0,1,3,1,1,1,0,1,0,1,0,0,0,0,gratuito
9,10000.0,10,0.9,1,2,1,0,0,0,1,0,0,1,0,0,0,baixo
2,10000.0,3,1.0,2,3,1,0,0,0,1,0,0,1,0,1,0,medio_alto
1,10000.0,0,0.0,1,4,1,1,1,0,1,0,1,1,0,0,0,alto
11,10000.0,16,0.625,1,1,1,0,0,0,0,0,0,0,0,0,1,alto
5,10000.0,0,0.0,2,3,1,0,0,0,1,0,1,1,0,0,0,medio_baixo
5,10000.0,34,0.7647058823529411,5,2,1,1,0,1,1,1,0,0,0,0,0,alto
5,10000.0,374,0.767379679144385,14,3,1,0,0,0,1,1,1,0,0,0,0,medio_alto
2,10000.0,25,0.84,1,5,1,0,0,0,1,0,0,1,1,1,0,gratuito
1,10000.0,0,0.0,1,3,1,0,0,0,1,0,0,0,0,0,1,medio_alto
3,10000.0,0,0.0,1,2,1,0,0,0,1,0,1,0,0,0,0,medio_baixo
1,10000.0,0,0.0,1,3,1,0,0,0,1,0,0,0,0,1,1,medio_baixo
11,150000.0,1768,0.8099547511312217,15,3,1,1,0,0,1,0,1,1,0,0,0,baixo
2,10000.0,0,0.0,10,2,1,0,0,0,1,0,0,1,0,0,0,medio_baixo
7,10000.0,2,0.5,1,3,1,0,0,0,1,0,1,0,1,0,0,baixo
3,10000.0,8,0.625,3,3,1,0,0,0,1,0,0,1,0,0,1,baixo
11,350000.0,341,0.7888563049853372,1,4,1,0,0,0,1,0,0,1,0,1,1,baixo
9,35000.0,405,0.5604938271604938,4,2,1,0,0,1,1,1,0,0,0,0,0,medio_alto
3,10000.0,3,1.0,2,3,1,0,0,0,1,1,0,0,0,0,0,medio_baixo
1,10000.0,37,0.8648648648648649,1,2,1,0,0,0,0,1,1,0,0,0,0,medio_alto
2,0.0,0,0.0,1,2,1,0,0,0,0,0,1,0,0,0,0,baixo
6,10000.0,1,0.0,6,2,1,1,0,0,1,1,0,0,0,0,0,alto
5,10000.0,26,0.5769230769230769,2,5,1,0,0,0,1,1,1,0,0,1,1,medio_alto
9,10000.0,5,0.4,1,3,1,0,0,0,1,1,0,1,0,0,0,medio_alto
5,10000.0,222,0.8423423423423423,7,3,1,0,0,0,1,0,1,0,0,0,0,gratuito
1,10000.0,0,0.0,1,2,1,1,1,0,1,1,0,0,0,0,0,baixo
7,35000.0,273,0.43223443223443225,9,1,1,0,0,4,0,1,0,0,0,0,0,alto
4,10000.0,0,0.0,2,1,1,0,0,0,0,1,0,0,0,0,0,medio_baixo
7,10000.0,31,0.6451612903225806,4,4,1,0,0,0,1,0,1,1,1,0,0,alto
7,35000.0,1,1.0,1,1,1,1,1,0,0,0,0,1,0,0,0,medio_baixo
11,35000.0,294,0.826530612244898,1,2,1,1,1,2,1,0,1,0,0,0,0,medio_baixo
13,3500000.0,74187,0.9727849892838368,15,2,1,1,1,0,1,0,1,0,0,0,0,medio_alto
1,10000.0,0,0.0,2,4,1,0,0,0,1,0,1,0,0,1,0,alto
2,0.0,0,0.0,0,0,1,0,0,0,0,0,0,0,0,0,0,gratuito
1,10000.0,0,0.0,14,3,1,0,0,1,1,0,0,1,0,1,0,medio_baixo
1,0.0,0,0.0,0,0,1,0,0,0,0,0,0,0,0,0,0,gratuito
2,10000.0,4,0.5,1,2,1,0,0,0,1,0,0,1,0,0,0,baixo
7,35000.0,641,0.5444617784711389,12,1,1,0,0,0,0,0,0,0,0,0,0,medio_baixo
2,0.0,0,0.0,0,0,1,0,0,0,0,0,0,0,0,0,0,gratuito
2,0.0,0,0.0,1,4,1,0,0,0,0,1,1,1,0,0,0,gratuito
1,10000.0,27,1.0,6,2,1,0,0,0,1,0,0,1,0,0,0,medio_baixo
4,10000.0,1,1.0,5,3,1,1,1,0,1,1,0,0,0,0,1,baixo
2,0.0,0,0.0,0,0,1,0,0,0,0,0,0,0,0,0,0,gratuito
3,10000.0,14,0.8571428571428571,3,1,1,0,0,0,1,0,0,0,0,0,0,medio_alto
5,0.0,0,0.0,0,0,1,0,0,0,0,0,0,0,0,0,0,gratuito
2,750000.0,15284,0.9451714210939545,17,2,1,1,0,2,0,0,0,0,0,1,1,alto
1,10000.0,0,0.0,5,3,1,0,0,2,0,0,1,0,0,1,1,alto
3,75000.0,6,0.8333333333333334,1,3,1,0,0,0,1,1,0,1,0,0,0,gratuito
6,150000.0,1591,0.654934003771213,20,1,1,0,0,1,0,1,0,0,0,0,0,alto
12,10000.0,53,0.7924528301886793,1,3,1,1,1,1,1,1,1,0,0,0,0,medio_alto
6,10000.0,37,0.9459459459459459,3,4,1,0,0,0,1,1,1,1,0,0,0,medio_baixo
1,0.0,0,0.0,1,3,1,0,0,0,1,1,0,1,0,0,0,baixo
1,10000.0,0,0.0,11,2,1,0,0,0,1,0,0,0,0,0,1,alto
1,10000.0,0,0.0,14,6,1,0,0,0,1,1,0,1,0,1,1,alto
16,35000.0,156,0.391025641025641,2,2,1,0,0,0,0,0,0,0,1,1,0,baixo
2,10000.0,8,0.875,3,1,1,1,0,0,0,0,0,1,0,0,0,medio_alto
7,75000.0,670,0.7611940298507462,5,1,1,0,0,0,0,0,0,0,0,1,0,medio_alto
5,10000.0,1,1.0,1,2,1,0,0,0,1,0,0,1,0,0,0,baixo
1,35000.0,1018,0.8182711198428291,11,3,1,1,0,2,0,0,1,0,1,0,1,alto
4,75000.0,252,0.9246031746031746,10,3,1,1,0,0,1,0,0,1,0,0,1,medio_baixo
2,10000.0,36,0.5833333333333334,11,3,1,0,0,3,1,0,0,1,0,0,1,medio_baixo
1,0.0,0,0.0,103,2,1,0,0,0,1,0,0,1,0,0,0,medio_baixo
6,10000.0,22,0.6818181818181818,5,3,1,0,0,0,1,0,1,0,0,0,0,baixo
3,10000.0,67,0.9552238805970149,1,5,1,0,0,0,1,1,1,1,0,0,1,medio_baixo
2,350000.0,8575,0.9301457725947522,1,2,1,0,0,0,0,1,0,0,0,0,0,alto
1,10000.0,8,0.5,1,3,1,0,0,0,1,0,1,1,0,0,0,baixo
3,10000.0,44,0.6590909090909091,9,1,1,0,0,0,1,0,0,0,0,0,0,baixo
1,10000.0,0,0.0,9,6,1,0,0,0,1,0,1,1,0,1,0,medio_alto
5,10000.0,477,0.8385744234800838,9,6,1,0,0,0,1,1,1,1,0,0,1,baixo
2,150000.0,3,0.6666666666666666,4,3,1,0,0,0,1,0,0,0,1,1,0,baixo
5,0.0,0,0.0,0,0,1,0,0,0,0,0,0,0,0,0,0,gratuito
4,10000.0,12,0.5833333333333334,12,2,1,0,0,0,0,0,0,1,0,0,1,baixo
1,10000.0,0,0.0,2,3,1,0,0,0,1,1,0,1,0,0,0,alto
1,10000.0,0,0.0,1,7,1,0,0,0,0,1,1,1,1,1,0,gratuito
1,0.0,0,0.0,5,5,1,0,0,0,1,0,0,1,1,0,1,gratuito
10,10000.0,70,0.6857142857142857,9,4,1,1,1,1,1,1,1,0,1,0,0,alto
7,75000.0,274,0.6423357664233577,16,2,1,0,0,2,0,1,1,0,0,0,0,alto
6,75000.0,481,0.7234927234927235,12,3,1,0,0,1,1,1,0,0,0,0,1,baixo
6,10000.0,6,0.6666666666666666,1,5,1,0,0,0,1,1,1,1,1,0,0,baixo
2,350000.0,1816,0.8105726872246696,15,5,1,0,0,4,1,1,1,0,1,1,0,alto
1,0.0,0,0.0,9,2,1,0,0,0,0,0,0,1,0,0,0,medio_baixo
9,10000.0,24,0.4166666666666667,1,3,1,0,0,0,1,1,1,0,0,0,0,gratuito
2,10000.0,22,0.8636363636363636,2,2,1,0,0,0,1,0,0,1,0,0,0,medio_alto
1,10000.0,2,1.0,1,1,1,0,0,0,1,0,0,0,0,0,0,medio_alto
5,10000.0,22,0.8181818181818182,1,1,1,0,0,0,0,0,0,0,0,1,0,baixo
1,10000.0,1958,0.9295199182839632,1,5,1,0,0,3,1,1,1,1,0,0,1,medio_baixo
5,0.0,0,0.0,1,1,1,1,1,0,0,1,0,0,0,0,0,gratuito
10,10000.0,1,0.0,1,3,1,0,0,0,1,0,0,0,0,1,0,alto
7,10000.0,0,0.0,2,3,1,1,0,0,1,1,0,0,0,0,0,medio_alto
4,0.0,0,0.0,0,0,1,0,0,0,0,0,0,0,0,0,0,gratuito
4,10000.0,3,0.0,1,3,1,0,0,0,1,1,1,0,0,0,0,alto
2,10000.0,34,0.7352941176470589,9,1,1,0,0,1,0,0,1,0,0,0,0,alto
3,10000.0,2,0.0,1,2,1,0,0,0,0,0,0,1,0,0,1,alto
1,10000.0,0,0.0,2,3,1,0,0,0,0,0,1,0,1,0,0,medio_alto
1,0.0,0,0.0,0,0,1,0,0,0,0,0,0,0,0,0,0,gratuito
11,10000.0,91,0.6483516483516484,1,3,1,0,0,0,1,1,1,0,0,0,0,baixo
1,10000.0,0,0.0,1,2,1,0,0,1,0,1,0,0,0,0,0,medio_baixo
2,10000.0,6,1.0,1,3,1,1,0,0,1,0,0,1,0,1,0,medio_alto
8,10000.0,3,0.6666666666666666,1,2,1,0,0,0,1,0,0,1,0,0,0,alto
1,10000.0,0,0.0,1,3,1,0,0,0,1,1,0,0,0,0,0,medio_alto
1,10000.0,0,0.0,1,2,1,0,0,0,1,0,0,1,0,0,0,medio_baixo
8,10000.0,6,0.5,10,4,1,0,0,0,1,0,0,1,0,0,1,medio_baixo
7,35000.0,128,0.46875,1,4,1,0,0,0,1,1,1,0,1,0,0,medio_alto
2,10000.0,16,1.0,1,5,1,0,0,0,1,1,1,1,0,0,1,medio_alto
1,0.0,0,0.0,7,4,1,0,0,0,1,1,1,0,0,0,0,medio_alto
3,10000.0,11,1.0,1,2,1,1,0,0,1,0,0,0,1,0,0,baixo
2,10000.0,0,0.0,1,2,1,1,1,0,1,0,0,1,0,0,0,baixo
7,10000.0,0,0.0,1,1,1,0,0,0,0,1,0,0,0,0,0,medio_baixo
6,35000.0,41,0.5365853658536586,1,2,1,0,0,0,1,0,1,0,0,0,0,baixo
5,10000.0,3,0.3333333333333333,1,1,1,0,1,0,1,0,0,0,0,0,0,alto
8,10000.0,38,0.3157894736842105,1,7,1,0,0,0,1,1,1,1,1,1,0,alto
2,10000.0,193,0.6528497409326425,5,2,1,0,0,13,0,1,0,0,1,0,0,alto
12,75000.0,212,0.7311320754716981,1,2,1,0,0,0,0,0,0,1,0,1,0,medio_baixo
4,10000.0,5,0.6,2,1,1,0,0,0,0,0,0,1,0,0,0,medio_alto
1,10000.0,0,0.0,1,5,1,0,0,0,0,0,1,1,1,1,1,alto
3,10000.0,160,0.98125,1,1,1,0,0,0,1,0,0,0,0,0,0,medio_baixo
1,750000.0,21828,0.9126809602345611,13,3,1,1,1,2,1,1,0,0,1,0,0,alto
9,10000.0,627,0.9505582137161085,5,2,1,0,1,2,1,0,1,0,0,0,0,alto
1,0.0,0,0.0,0,0,1,0,0,0,0,0,0,0,0,0,0,gratuito
2,0.0,0,0.0,0,0,1,0,0,0,0,0,0,0,0,0,0,gratuito
9,75000.0,227,0.6431718061674009,1,5,1,0,0,0,1,1,1,1,0,0,1,medio_baixo
2,10000.0,0,0.0,1,3,1,0,0,0,1,0,0,0,0,0,1,alto
1,10000.0,15,1.0,1,4,1,0,0,0,1,1,1,1,0,0,0,medio_baixo
8,10000.0,2,0.5,1,3,1,0,0,0,0,0,1,0,0,0,0,medio_alto
2,10000.0,46,0.9565217391304348,11,2,1,0,0,0,1,0,0,1,0,0,0,baixo
2,10000.0,13,0.7692307692307693,1,4,1,0,0,0,1,1,1,0,0,0,0,gratuito
8,10000.0,60,0.7,1,4,1,0,0,0,1,1,1,0,1,0,0,medio_alto
4,10000.0,2,0.5,3,3,1,0,0,0,1,1,0,1,0,0,0,medio_baixo
1,10000.0,0,0.0,2,3,1,0,0,0,1,0,1,1,0,0,0,medio_baixo
1,10000.0,555,0.7117117117117117,7,3,1,1,0,0,0,1,1,0,1,0,0,alto
5,10000.0,17,0.6470588235294118,2,4,1,0,0,0,1,0,1,1,1,0,0,gratuito
1,0.0,0,0.0,2,3,1,0,0,0,1,1,1,0,0,0,0,baixo
4,10000.0,81,0.5555555555555556,12,2,1,0,0,0,0,1,1,0,0,0,0,alto
12,150000.0,778,0.7210796915167095,7,1,1,0,0,0,0,0,0,0,1,0,0,baixo
1,10000.0,0,0.0,2,2,1,0,0,0,1,1,0,0,0,0,0,medio_alto
5,35000.0,6,0.5,1,5,1,0,0,0,1,0,1,1,0,0,1,gratuito
4,10000.0,7,1.0,1,2,1,0,0,0,1,0,0,1,0,0,0,medio_baixo
2,10000.0,152,0.875,3,1,1,0,0,0,0,0,0,0,0,1,0,medio_alto
5,0.0,0,0.0,1,2,1,0,0,0,1,0,1,0,0,0,0,gratuito
4,10000.0,202,0.9356435643564357,1,2,1,0,0,0,0,0,1,0,0,0,1,baixo
4,10000.0,20,1.0,2,2,1,0,0,0,1,1,0,0,0,0,0,alto
5,10000.0,6,0.6666666666666666,3,5,1,0,0,0,1,1,0,1,1,0,0,baixo
6,10000.0,34,0.4411764705882353,1,1,1,0,0,0,0,1,0,0,0,0,0,gratuito
6,10000.0,17,0.23529411764705882,7,3,1,0,0,0,1,0,0,1,0,0,1,medio_baixo
5,10000.0,12,0.6666666666666666,1,1,1,0,0,0,0,0,0,0,0,0,1,medio_baixo
12,10000.0,184,0.9565217391304348,1,2,1,1,1,0,1,0,0,1,0,0,0,baixo
3,0.0,0,0.0,0,0,1,0,0,0,0,0,0,0,0,0,0,gratuito
5,35000.0,35,1.0,1,4,1,0,0,1,0,1,1,0,1,1,0,alto
11,150000.0,162,0.6419753086419753,1,3,1,0,0,0,1,0,1,0,1,0,0,baixo
1,10000.0,6,1.0,5,4,1,0,0,1,1,1,1,1,0,0,0,medio_alto
2,10000.0,0,0.0,3,2,1,0,0,1,1,0,0,1,0,0,0,alto
5,10000.0,33,0.7878787878787878,2,3,1,0,0,0,0,1,1,0,0,0,0,medio_alto
8,10000.0,6,0.6666666666666666,1,4,1,0,0,0,1,1,1,0,0,0,1,baixo
15,3500000.0,18060,0.9312292358803986,5,4,1,0,0,34,1,1,0,0,1,1,0,medio_baixo
8,10000.0,113,0.6283185840707964,1,5,1,0,0,0,1,1,1,0,1,0,0,baixo
3,0.0,0,0.0,0,0,1,0,0,0,0,0,0,0,0,0,0,gratuito
7,150000.0,4622,0.9450454348766768,8,3,1,0,0,1,1,1,1,0,0,0,0,baixo
3,75000.0,157,0.8089171974522293,4,4,1,0,0,3,1,1,1,0,1,0,0,medio_alto
4,10000.0,1,1.0,1,1,1,0,0,0,0,0,1,0,0,0,0,baixo
1,10000.0,0,0.0,3,3,1,0,0,0,1,0,1,0,1,0,0,medio_alto
15,150000.0,294,0.5544217687074829,5,2,1,0,0,0,1,1,0,0,0,0,0,baixo
3,0.0,0,0.0,1,3,1,0,0,0,1,1,0,0,0,0,0,gratuito
9,10000.0,29,0.27586206896551724,8,8,1,0,0,0,1,1,1,1,1,1,1,alto
7,10000.0,51,0.803921568627451,1,2,1,0,0,0,1,1,0,0,0,0,0,alto
3,0.0,0,0.0,103,5,1,0,0,0,1,0,1,1,0,1,1,baixo
1,10000.0,0,0.0,14,4,1,0,0,1,1,0,1,1,0,0,1,alto
1,10000.0,23,1.0,1,2,1,0,1,0,1,0,0,0,1,0,0,alto
6,75000.0,2,0.0,4,4,1,1,0,0,1,1,1,1,0,0,0,baixo
1,0.0,0,0.0,1,3,1,0,0,0,0,1,0,1,0,0,0,gratuito
7,10000.0,0,0.0,29,8,1,0,0,1,1,1,1,1,1,1,1,medio_baixo
9,35000.0,312,0.9551282051282052,1,4,1,1,1,1,1,0,1,0,1,1,0,alto
5,10000.0,16,0.9375,1,5,1,0,0,0,1,1,1,1,0,0,0,baixo
1,0.0,0,0.0,3,4,1,0,0,0,1,0,1,0,1,0,1,alto
6,150000.0,1970,0.799492385786802,1,3,1,0,0,0,1,1,0,0,0,1,0,alto
8,10000.0,46,0.3695652173913043,2,3,1,0,0,0,1,0,0,0,0,1,1,baixo
3,10000.0,19,0.8421052631578947,86,2,1,0,0,0,1,0,0,1,0,0,0,medio_alto
9,10000.0,32,0.78125,1,3,1,0,0,0,1,1,0,1,0,0,0,baixo
1,0.0,0,0.0,11,3,1,0,0,0,1,0,0,1,0,0,1,medio_baixo
1,0.0,0,0.0,1,2,1,0,0,0,0,0,0,0,1,0,0,gratuito
11,75000.0,170,0.7764705882352941,12,3,1,1,1,0,1,1,0,0,0,1,0,baixo
10,75000.0,421,0.6152019002375297,12,2,1,1,0,0,0,0,0,0,0,1,1,medio_alto
1,0.0,0,0.0,1,2,1,0,0,0,1,1,0,0,0,0,0,medio_alto
8,10000.0,0,0.0,2,3,1,0,0,0,1,0,0,1,0,1,0,gratuito
2,10000.0,0,0.0,15,4,1,0,1,3,1,1,0,1,0,0,1,gratuito
2,10000.0,0,0.0,3,6,1,0,0,0,1,1,1,0,1,1,0,gratuito
2,10000.0,38,0.5,30,4,1,0,0,2,0,0,0,1,0,1,0,gratuito
2,10000.0,0,0.0,1,2,1,0,0,0,1,0,0,1,0,0,0,medio_baixo
3,10000.0,1,0.0,4,1,1,0,0,0,0,0,0,1,0,0,0,medio_alto
2,10000.0,12,0.9166666666666666,2,6,1,0,0,0,1,1,1,1,1,0,1,baixo
6,35000.0,9,0.4444444444444444,1,2,1,0,0,0,0,0,1,1,0,0,0,medio_alto
12,35000.0,220,0.6818181818181818,1,4,1,0,0,0,1,1,0,1,0,0,0,medio_alto
7,10000.0,13,0.6153846153846154,1,5,1,1,0,0,0,0,0,0,0,0,0,medio_alto
2,10000.0,2,1.0,6,1,1,0,0,0,0,0,0,0,0,1,0,alto
1,10000.0,0,0.0,4,4,1,0,0,0,1,1,1,0,0,0,1,medio_baixo
1,10000.0,0,0.0,1,3,1,0,0,0,1,1,0,0,0,0,0,medio_alto
5,10000.0,8,0.75,1,3,1,0,0,0,1,1,0,0,0,0,0,alto
8,35000.0,150,0.6333333333333333,1,2,1,1,1,0,1,0,0,1,0,0,0,baixo
8,10000.0,7,0.7142857142857143,1,4,1,0,0,0,1,0,1,0,1,1,0,baixo
2,10000.0,23,0.9565217391304348,8,3,1,1,0,1,1,0,0,1,0,1,0,baixo
3,0.0,0,0.0,0,0,1,0,0,0,0,0,0,0,0,0,0,gratuito
1,0.0,0,0.0,2,3,1,0,0,0,1,0,0,1,0,1,0,medio_baixo
2,10000.0,0,0.0,1,2,1,0,0,0,0,0,0,1,1,0,0,medio_alto
1,10000.0,2,1.0,1,4,1,0,0,0,1,0,1,0,0,0,1,medio_alto
9,35000.0,18,0.7777777777777778,1,2,1,0,0,0,1,1,0,0,0,0,0,medio_baixo
3,10000.0,6,1.0,2,5,1,0,0,0,1,0,0,1,1,0,1,baixo
1,10000.0,0,0.0,24,3,1,0,0,0,1,0,1,0,1,0,0,medio_alto
9,10000.0,7,1.0,5,3,1,1,0,0,1,0,0,1,0,1,0,alto
1,0.0,0,0.0,1,3,1,1,1,0,1,0,0,1,0,0,0,gratuito
6,10000.0,0,0.0,1,4,1,1,0,0,1,1,1,1,0,0,0,baixo
3,35000.0,557,0.9228007181328546,4,1,1,0,0,0,1,0,0,0,0,0,0,medio_alto
2,35000.0,8,0.875,2,3,1,0,0,1,1,1,0,1,0,0,0,baixo
5,35000.0,11,0.9090909090909091,2,2,1,0,0,0,1,0,0,0,1,0,0,medio_baixo
10,75000.0,336,0.7172619047619048,2,1,1,0,0,0,0,1,0,0,0,0,0,medio_alto
4,10000.0,12,0.5833333333333334,2,5,1,0,0,0,1,0,1,1,0,0,1,baixo
20,150000.0,730,0.8547945205479452,4,1,1,0,0,0,0,0,0,0,0,1,0,medio_baixo
2,10000.0,0,0.0,1,3,1,0,0,0,1,1,0,0,0,1,0,medio_alto
1,10000.0,0,0.0,11,3,1,1,0,2,0,0,1,0,1,0,1,medio_alto
8,35000.0,114,0.8157894736842105,2,6,1,0,0,1,1,0,1,1,1,1,1,medio_alto
2,10000.0,8,0.75,1,2,1,0,0,0,1,1,0,0,0,0,0,medio_baixo
2,10000.0,3,0.0,1,4,1,0,0,0,0,1,1,1,0,0,1,baixo
1,0.0,0,0.0,0,0,1,0,0,0,0,0,0,0,0,0,0,gratuito
7,10000.0,21,0.9523809523809523,2,2,1,0,0,0,1,1,0,0,0,0,0,baixo
9,10000.0,0,0.0,1,2,1,0,0,0,1,0,0,1,0,0,0,baixo
10,10000.0,10,0.6,1,2,1,0,0,0,0,0,1,1,0,0,0,baixo
5,10000.0,0,0.0,29,4,1,0,0,1,1,1,0,1,0,0,1,medio_baixo
4,10000.0,1,1.0,1,2,1,1,0,0,0,0,0,0,0,1,1,alto
1,0.0,0,0.0,0,0,1,0,0,0,0,0,0,0,0,0,0,gratuito
5,10000.0,0,0.0,1,6,1,0,0,0,1,1,1,1,1,0,1,baixo
3,10000.0,14,0.6428571428571429,3,5,1,0,0,0,1,1,1,1,0,0,1,baixo
5,10000.0,17,1.0,1,2,1,0,0,1,0,0,1,1,0,0,0,baixo
8,75000.0,184,0.75,1,3,1,1,0,27,1,0,0,1,0,0,0,gratuito
3,10000.0,125,0.784,12,3,1,0,0,0,0,0,0,1,0,0,1,medio_alto
3,0.0,0,0.0,0,0,1,0,0,0,0,0,0,0,0,0,0,gratuito
6,0.0,0,0.0,0,0,1,0,0,0,0,0,0,0,0,0,0,gratuito
4,10000.0,37,1.0,2,2,1,0,0,0,0,0,0,1,0,0,1,medio_alto
10,10000.0,124,0.75,1,2,1,1,1,0,0,0,0,0,0,0,1,medio_alto
2,10000.0,2,0.0,1,2,1,0,0,0,0,0,0,1,1,0,0,alto
1,10000.0,0,0.0,1,2,1,0,0,0,1,0,0,0,1,0,0,alto
5,10000.0,1,1.0,1,3,1,0,0,0,0,0,0,1,0,1,0,alto
2,10000.0,4,0.5,2,3,1,0,0,0,0,0,1,0,1,0,1,medio_baixo
12,10000.0,11,0.9090909090909091,3,3,1,0,0,0,1,1,1,0,0,0,0,alto
7,10000.0,35,0.8857142857142857,6,2,1,0,0,0,1,0,1,0,0,0,0,medio_baixo
5,10000.0,2,1.0,1,1,1,0,0,0,0,0,0,0,0,1,0,medio_baixo
5,10000.0,0,0.0,1,1,1,0,0,1,0,0,1,0,0,0,0,alto
12,150000.0,475,0.5915789473684211,6,5,1,0,0,1,1,0,1,0,0,1,1,medio_alto
6,10000.0,4,1.0,11,3,1,0,0,0,1,1,0,1,0,0,0,baixo
4,75000.0,41,0.5121951219512195,14,3,1,0,0,1,1,0,0,1,0,1,0,medio_alto
1,10000.0,0,0.0,1,3,1,1,1,0,1,0,1,1,0,0,0,alto
2,10000.0,2,0.5,1,1,1,0,0,0,1,0,0,0,0,0,0,alto
3,10000.0,2,0.5,1,3,1,0,0,0,1,1,0,1,0,0,0,medio_baixo
4,10000.0,0,0.0,1,3,1,0,0,0,0,1,0,0,0,0,1,gratuito
9,10000.0,1,1.0,1,2,1,0,0,0,1,0,0,0,0,0,1,baixo
1,0.0,0,0.0,0,0,1,0,0,0,0,0,0,0,0,0,0,gratuito
9,10000.0,508,0.9212598425196851,4,2,1,0,0,0,0,0,1,1,0,0,0,alto
2,10000.0,0,0.0,1,2,1,0,0,0,0,0,1,0,1,0,0,alto
2,10000.0,279,0.9498207885304659,1,4,1,0,0,0,1,0,0,0,1,1,0,alto
17,10000.0,13,0.7692307692307693,1,1,1,0,0,0,0,0,0,1,0,0,0,alto
2,0.0,0,0.0,103,1,1,0,0,0,0,0,1,0,0,0,0,baixo
7,35000.0,96,0.6145833333333334,1,4,1,0,0,0,1,0,0,0,0,1,0,gratuito
3,10000.0,3,1.0,1,1,1,1,0,0,0,0,0,1,0,0,0,medio_alto
7,350000.0,4016,0.9412350597609562,8,3,1,0,0,2,1,1,0,0,0,0,0,alto
2,10000.0,24,0.7083333333333334,1,2,1,0,0,0,1,0,0,0,0,0,1,medio_alto
3,10000.0,7,1.0,2,4,1,0,0,0,1,1,1,0,1,0,0,alto
5,0.0,0,0.0,1,5,1,0,0,0,1,1,0,1,0,0,0,gratuito
2,10000.0,0,0.0,2,4,1,0,0,0,1,1,1,1,0,0,0,baixo
1,35000.0,783,0.7305236270753512,3,6,1,0,0,3,1,0,1,1,1,1,1,medio_alto
1,10000.0,0,0.0,28,3,1,0,0,0,1,0,0,1,0,1,0,baixo
1,10000.0,0,0.0,1,1,1,1,0,0,0,0,1,0,0,0,0,baixo
10,75000.0,366,0.7295081967213115,1,2,1,1,1,1,1,0,1,0,0,0,0,gratuito
1,10000.0,0,0.0,6,3,1,0,0,0,1,1,1,0,0,0,0,medio_baixo
2,10000.0,92,0.9456521739130435,1,1,1,0,0,0,0,1,0,0,0,0,0,medio_baixo
3,10000.0,0,0.0,1,1,1,0,1,0,1,0,0,0,0,0,0,alto
3,10000.0,92,0.9891304347826086,1,4,1,1,0,0,1,1,0,0,0,0,0,medio_alto
6,35000.0,15,0.6,7,5,1,0,0,0,1,1,0,0,0,1,0,gratuito
1,10000.0,0,0.0,1,2,1,1,1,0,1,0,0,0,1,0,0,medio_alto
1,10000.0,2,1.0,3,3,1,0,0,0,1,0,0,1,0,1,0,medio_alto
3,10000.0,0,0.0,1,3,1,0,0,0,1,0,1,0,0,0,1,medio_baixo
1,10000.0,0,0.0,8,3,1,1,0,0,1,1,1,0,0,0,0,alto
2,0.0,0,0.0,103,2,1,0,0,0,1,0,0,1,0,0,0,baixo
2,0.0,0,0.0,0,0,1,0,0,0,0,0,0,0,0,0,0,gratuito
1,35000.0,1,0.0,14,3,1,0,0,0,1,0,0,0,0,0,1,medio_baixo
1,10000.0,0,0.0,1,2,1,0,0,0,0,0,0,1,1,0,0,medio_alto
5,0.0,0,0.0,1,3,1,0,0,0,1,0,0,1,0,0,0,gratuito
3,0.0,0,0.0,0,0,1,0,0,0,0,0,0,0,0,0,0,gratuito
2,10000.0,4,1.0,1,5,1,0,0,0,1,1,0,1,0,1,1,medio_baixo
2,35000.0,102,0.9509803921568627,2,1,1,0,0,0,0,0,0,0,1,0,0,baixo
1,10000.0,0,0.0,1,3,1,0,1,0,1,1,0,0,0,0,0,medio_baixo
16,10000.0,17,0.8235294117647058,1,1,1,0,0,0,0,1,0,0,0,0,0,alto
7,10000.0,25,0.4,2,2,1,0,0,0,1,1,0,0,0,0,0,baixo
6,35000.0,403,0.9578163771712159,1,5,1,1,1,0,0,0,0,1,0,0,1,gratuito
4,10000.0,0,0.0,1,2,1,0,0,2,1,0,0,1,0,0,0,baixo
6,150000.0,1144,0.576048951048951,10,2,1,0,0,1,0,1,0,0,0,0,0,alto
6,10000.0,190,0.9,1,6,1,0,0,0,1,1,0,0,0,1,1,alto
8,75000.0,266,0.6390977443609023,6,1,1,1,1,0,0,0,0,0,0,0,1,baixo
2,0.0,0,0.0,1,4,1,0,0,0,0,0,0,0,0,0,0,gratuito
5,75000.0,1415,0.7484098939929329,2,4,1,0,0,1,1,1,1,1,0,0,0,baixo
5,10000.0,9,0.7777777777777778,1,3,1,0,0,0,1,1,1,0,0,0,0,baixo
4,10000.0,0,0.0,1,2,1,0,0,0,1,0,0,1,0,0,0,baixo
7,10000.0,64,0.96875,1,3,1,0,0,0,1,1,0,1,0,0,0,baixo
2,10000.0,3,0.3333333333333333,6,4,1,1,0,0,0,0,1,1,0,1,1,medio_baixo
11,10000.0,4,0.0,1,3,1,1,1,0,1,0,0,0,0,0,1,medio_alto
3,0.0,0,0.0,1,2,1,1,0,0,0,0,0,0,0,0,1,gratuito
1,10000.0,0,0.0,6,2,1,0,0,0,1,0,1,0,0,0,0,medio_baixo
2,10000.0,19,1.0,1,2,1,0,0,0,1,0,1,0,0,0,0,medio_baixo
3,10000.0,295,0.8915254237288136,2,3,1,0,0,0,1,0,1,0,0,0,1,medio_baixo
2,10000.0,2,1.0,2,2,1,0,0,0,1,0,0,1,0,0,0,medio_baixo
1,10000.0,0,0.0,1,2,1,0,1,1,1,0,1,0,0,0,0,medio_alto
4,0.0,0,0.0,1,4,1,0,1,1,1,1,1,0,0,0,0,gratuito
6,10000.0,24,0.5416666666666666,2,4,1,0,1,0,1,0,0,1,0,1,1,medio_alto
1,10000.0,6,1.0,5,3,1,0,0,0,1,1,0,1,0,0,0,medio_baixo
7,10000.0,191,0.9267015706806283,2,1,1,1,1,0,0,0,0,0,0,0,1,medio_baixo
17,10000.0,31,0.6451612903225806,1,1,1,1,0,0,0,0,0,0,0,0,1,alto
2,0.0,0,0.0,52,2,1,1,0,0,0,0,0,0,0,0,0,alto
8,10000.0,29,0.6896551724137931,1,2,1,0,0,0,1,0,1,0,0,0,0,baixo
1,0.0,0,0.0,1,3,1,1,0,0,0,0,0,0,1,1,0,gratuito
1,0.0,0,0.0,0,0,1,0,0,0,0,0,0,0,0,0,0,gratuito
9,10000.0,25,0.16,1,2,1,0,0,0,0,1,0,1,0,0,0,baixo
6,10000.0,0,0.0,1,2,1,0,0,0,0,1,0,0,0,0,0,alto
1,0.0,0,0.0,1,2,1,0,0,0,1,0,0,1,0,0,0,medio_alto
2,35000.0,8,0.625,1,2,1,0,0,0,0,0,1,1,0,0,0,baixo
7,75000.0,584,0.8304794520547946,1,3,1,1,0,0,1,1,0,0,0,0,0,alto
3,10000.0,7,1.0,5,1,1,0,0,0,0,0,0,1,0,0,0,baixo
2,10000.0,3,1.0,1,2,1,0,0,0,1,0,0,1,0,0,0,baixo
1,0.0,0,0.0,13,2,1,0,0,0,1,0,0,0,0,1,0,medio_baixo
8,35000.0,600,0.8133333333333334,1,2,1,1,0,0,1,0,1,0,0,0,0,medio_baixo
2,10000.0,0,0.0,2,3,1,0,0,0,1,0,1,1,0,0,0,medio_baixo
1,0.0,0,0.0,1,2,1,0,0,0,0,0,0,0,0,0,1,medio_alto
1,10000.0,3,1.0,1,3,1,1,1,0,0,1,0,0,0,0,0,gratuito
9,75000.0,148,0.34459459459459457,1,3,1,0,0,1,1,1,0,0,0,0,0,gratuito
2,10000.0,0,0.0,1,3,1,1,1,2,1,0,1,0,0,0,0,alto
2,10000.0,54,0.9259259259259259,1,3,1,0,0,0,1,0,0,1,0,1,0,medio_alto
5,10000.0,2,1.0,2,5,1,0,0,0,1,1,1,0,1,0,0,medio_baixo
7,10000.0,3,1.0,1,3,1,0,0,0,1,1,1,0,0,0,0,medio_baixo
1,10000.0,2,1.0,2,3,1,0,0,0,1,1,1,0,0,0,0,baixo
1,10000.0,0,0.0,1,1,1,1,1,0,0,0,0,1,0,0,0,alto
3,10000.0,21,0.5714285714285714,4,3,1,0,0,0,1,0,0,1,0,0,1,baixo
5,10000.0,62,0.8225806451612904,1,3,1,0,0,0,0,0,0,1,0,1,0,gratuito
7,10000.0,58,0.7758620689655172,3,2,1,0,0,1,1,1,0,0,0,0,0,medio_alto
1,0.0,0,0.0,1,4,1,0,0,0,1,0,0,1,1,0,0,gratuito
6,10000.0,23,0.9130434782608695,2,3,1,0,0,0,1,1,0,1,0,0,0,medio_baixo
1,10000.0,0,0.0,1,5,1,0,0,0,1,1,1,1,0,1,0,medio_baixo
2,10000.0,1,0.0,1,4,1,0,0,0,1,0,1,1,1,0,0,baixo
4,10000.0,60,0.7833333333333333,1,4,1,0,0,0,1,1,1,0,0,0,0,medio_alto
4,10000.0,27,0.7777777777777778,2,6,1,0,0,0,1,1,1,1,0,1,0,gratuito
6,10000.0,0,0.0,1,2,1,0,0,0,0,1,0,1,0,0,0,medio_baixo
1,750000.0,19608,0.9647082823337413,6,2,1,1,0,2,1,0,1,0,0,0,0,alto
4,10000.0,1,0.0,1,2,1,0,0,0,1,0,1,0,0,0,0,alto
1,10000.0,16,1.0,7,3,1,1,0,0,1,0,0,1,0,1,0,medio_alto
12,10000.0,48,0.75,3,1,1,1,0,1,1,0,0,0,0,0,0,medio_alto
11,3500000.0,66634,0.941576372422487,7,2,1,1,1,1,1,1,0,0,0,0,0,medio_baixo
3,10000.0,12,0.9166666666666666,1,3,1,1,0,0,1,1,0,0,0,1,0,baixo
3,10000.0,5,1.0,4,4,1,0,1,0,1,1,0,0,1,1,0,medio_baixo
6,150000.0,466,0.6416309012875536,9,5,1,0,0,0,1,0,1,1,0,1,1,gratuito
8,10000.0,8,0.625,1,3,1,1,1,0,1,1,0,1,0,0,0,baixo
1,10000.0,0,0.0,22,5,1,1,0,2,1,1,1,1,0,1,0,alto
9,10000.0,6,0.8333333333333334,1,2,1,0,0,0,0,0,1,1,0,0,0,medio_alto
12,350000.0,2683,0.9563920983973164,5,2,1,0,0,0,0,1,1,0,0,0,0,medio_alto
8,10000.0,128,0.796875,9,4,1,1,0,1,1,1,1,1,0,0,0,medio_baixo
4,10000.0,4,0.0,1,2,1,0,0,0,0,0,0,0,0,0,0,alto
2,10000.0,9,0.7777777777777778,1,2,1,0,0,0,1,0,0,0,1,0,0,medio_baixo
3,10000.0,4,0.75,4,4,1,0,0,0,1,0,1,1,1,0,0,medio_alto
2,10000.0,62,0.5483870967741935,1,2,1,0,0,0,1,0,0,0,1,0,0,medio_baixo
2,10000.0,56,0.7857142857142857,4,3,1,0,0,0,1,0,1,0,0,0,1,baixo
3,0.0,0,0.0,1,3,1,0,0,0,0,1,0,1,0,0,0,gratuito
10,150000.0,383,0.6866840731070496,1,3,1,0,0,2,1,0,1,1,0,0,0,baixo
10,10000.0,57,0.8596491228070176,1,3,1,0,0,1,1,0,0,0,0,1,1,gratuito
1,10000.0,0,0.0,1,3,1,0,0,0,0,0,0,0,0,0,0,medio_baixo
4,0.0,0,0.0,0,0,1,0,0,0,0,0,0,0,0,0,0,gratuito
3,0.0,0,0.0,0,0,1,0,0,0,0,0,0,0,0,0,0,gratuito
2,10000.0,6,1.0,2,2,1,0,0,1,1,1,0,0,0,0,0,alto
4,35000.0,5,1.0,2,4,1,0,0,0,1,0,0,1,1,1,0,medio_baixo
16,75000.0,159,0.779874213836478,1,3,1,1,1,0,1,0,0,0,1,1,0,medio_baixo
16,35000.0,92,0.8369565217391305,1,1,1,0,0,0,0,0,0,1,0,0,0,baixo
2,10000.0,2,1.0,2,2,1,0,0,0,0,0,1,1,0,0,0,medio_alto
4,10000.0,7,0.8571428571428571,2,5,1,0,0,0,1,1,1,0,1,0,0,baixo
2,10000.0,0,0.0,1,4,1,1,1,0,1,1,1,0,0,0,0,medio_alto
8,10000.0,67,0.7014925373134329,6,2,1,1,0,0,0,0,0,0,0,1,1,alto
6,35000.0,26,0.8076923076923077,1,5,1,1,0,0,1,1,1,0,1,0,0,gratuito
4,35000.0,264,0.7878787878787878,2,1,1,0,0,1,0,1,0,0,0,0,0,medio_alto
2,0.0,0,0.0,0,0,1,0,0,0,0,0,0,0,0,0,0,gratuito
8,35000.0,196,0.9132653061224489,1,2,1,0,0,0,1,0,0,0,0,0,1,medio_alto
1,35000.0,3,1.0,1,4,1,0,0,0,1,1,0,1,1,0,0,medio_alto
1,10000.0,273,0.9010989010989011,6,3,1,0,1,0,1,0,0,0,1,1,0,alto
1,0.0,0,0.0,1,3,1,0,0,0,0,0,0,0,1,1,0,medio_baixo
7,10000.0,34,0.5,103,5,1,0,0,0,1,0,1,1,0,1,1,baixo
7,10000.0,1,1.0,1,3,1,0,0,0,0,0,0,0,0,0,0,medio_alto
6,35000.0,580,0.8379310344827586,3,4,1,0,0,0,1,0,0,0,0,0,1,alto
9,350000.0,1755,0.8575498575498576,1,4,1,1,0,0,1,0,0,1,1,0,0,gratuito
1,10000.0,0,0.0,1,2,1,0,0,0,1,1,0,0,0,0,0,medio_baixo
10,10000.0,10,0.7,2,3,1,0,0,0,0,1,0,1,0,0,1,medio_alto
6,10000.0,46,0.6739130434782609,5,4,1,0,0,0,1,1,1,1,0,0,0,baixo
10,10000.0,7,0.8571428571428571,1,4,1,0,0,0,1,0,1,1,0,0,0,alto
3,350000.0,60,0.9833333333333333,1,2,1,0,0,0,0,0,0,0,0,1,1,alto
3,10000.0,12,0.8333333333333334,6,2,1,0,0,1,1,1,0,0,0,0,0,alto
7,10000.0,2,0.5,1,2,1,0,0,0,1,0,0,0,0,0,1,baixo
1,10000.0,0,0.0,1,2,1,0,0,0,1,0,0,1,0,0,0,medio_baixo
7,10000.0,165,0.6060606060606061,3,3,1,0,0,3,1,0,0,0,1,1,0,medio_baixo
2,75000.0,946,0.7019027484143763,9,3,1,0,0,0,1,0,1,0,1,0,0,alto
6,10000.0,7,0.5714285714285714,1,4,1,0,0,0,1,1,1,0,1,0,0,medio_alto
2,10000.0,69,0.6811594202898551,3,3,1,0,0,0,1,0,1,0,0,0,1,medio_baixo
5,10000.0,3,1.0,1,2,1,0,0,0,1,0,0,1,0,0,0,baixo
7,10000.0,0,0.0,1,3,1,0,0,0,1,0,0,1,0,0,1,medio_alto
1,10000.0,4,1.0,2,1,1,1,1,0,0,0,0,1,0,0,0,baixo
1,10000.0,30,0.9666666666666667,1,4,1,0,1,1,1,0,1,0,1,1,0,medio_alto
10,75000.0,1901,0.6859547606522882,17,3,1,0,0,0,1,0,1,1,0,0,0,medio_alto
2,10000.0,22,0.9090909090909091,1,3,1,0,0,0,0,1,1,1,0,0,0,medio_baixo
7,10000.0,13,0.5384615384615384,1,5,1,0,0,0,1,1,1,1,1,0,0,medio_baixo
1,0.0,0,0.0,0,0,1,0,0,0,0,0,0,0,0,0,0,gratuito
1,10000.0,0,0.0,1,2,1,0,0,1,1,1,0,0,0,0,0,medio_baixo
3,10000.0,2,1.0,2,2,1,0,0,0,1,0,0,1,0,0,0,baixo
7,10000.0,21,1.0,1,1,1,0,0,0,0,0,1,0,0,0,0,alto
7,10000.0,7,0.7142857142857143,1,2,1,0,0,0,1,0,0,1,0,0,0,medio_baixo
1,0.0,0,0.0,2,2,1,0,0,0,1,0,0,1,0,0,0,medio_baixo
8,10000.0,77,0.948051948051948,3,2,1,0,0,0,1,0,0,0,0,0,1,baixo
2,0.0,0,0.0,2,2,1,0,0,0,0,1,0,0,0,0,0,gratuito
1,10000.0,6,0.8333333333333334,1,1,1,0,0,0,0,0,0,0,0,0,1,medio_alto
3,10000.0,14,0.8571428571428571,1,2,1,0,0,0,0,0,0,0,0,1,0,gratuito
1,10000.0,0,0.0,2,2,1,0,0,0,1,0,1,0,0,0,0,medio_baixo
9,10000.0,7,0.8571428571428571,2,2,1,0,0,1,1,1,0,0,0,0,0,medio_alto
2,0.0,0,0.0,1,3,1,0,0,0,1,0,1,0,0,0,0,gratuito
9,35000.0,98,0.8061224489795918,1,1,1,0,0,0,0,0,0,0,0,1,0,alto
1,10000.0,0,0.0,30,1,1,0,0,0,0,0,0,0,0,0,0,medio_baixo
1,10000.0,0,0.0,12,4,1,0,0,0,0,1,1,1,0,0,0,gratuito
2,10000.0,1,1.0,13,5,1,0,0,0,1,1,1,1,0,0,0,alto
2,10000.0,196,0.7397959183673469,1,5,1,1,0,0,1,0,0,1,0,1,0,gratuito
4,0.0,0,0.0,0,0,1,0,0,0,0,0,0,0,0,0,0,gratuito
6,3500000.0,38843,0.7996292768323765,9,3,1,1,0,28,0,0,0,1,0,1,0,gratuito
7,10000.0,102,0.9313725490196079,11,3,1,1,1,0,1,1,1,0,0,0,0,baixo
1,10000.0,0,0.0,1,2,1,0,0,0,0,0,0,1,0,0,0,medio_baixo
2,0.0,0,0.0,1,3,1,0,0,2,0,0,0,1,0,0,0,gratuito
16,150000.0,4546,0.16673999120105587,7,2,1,0,0,0,0,0,1,0,0,1,0,gratuito
2,0.0,0,0.0,1,3,1,1,1,0,1,0,0,1,0,0,1,gratuito
2,0.0,0,0.0,0,0,1,0,0,0,0,0,0,0,0,0,0,gratuito
5,10000.0,316,0.9367088607594937,1,2,1,1,1,1,1,0,0,1,0,0,0,alto
3,0.0,0,0.0,0,0,1,0,0,0,0,0,0,0,0,0,0,gratuito
1,0.0,0,0.0,0,0,1,0,0,0,0,0,0,0,0,0,0,gratuito
1,10000.0,7,0.8571428571428571,3,6,1,0,0,0,0,1,1,1,0,0,1,alto
2,0.0,0,0.0,0,0,1,0,0,0,0,0,0,0,0,0,0,gratuito
4,35000.0,13,0.8461538461538461,1,7,1,0,0,0,1,1,1,1,0,0,1,baixo
3,35000.0,13,0.9230769230769231,1,3,1,0,0,0,1,0,0,1,1,0,0,medio_alto
9,35000.0,178,0.848314606741573,1,3,1,0,0,1,1,0,1,0,0,0,1,medio_baixo
3,10000.0,50,0.34,9,3,1,0,0,5,1,0,1,0,0,0,1,baixo
3,10000.0,17,0.4117647058823529,20,4,1,0,0,0,1,1,1,0,0,0,0,gratuito
3,150000.0,1654,0.8162031438935913,16,6,1,0,0,1,1,0,1,1,1,1,0,alto
5,35000.0,872,0.9334862385321101,6,1,1,1,1,1,0,0,1,0,0,0,0,medio_alto
2,0.0,0,0.0,3,7,1,0,0,0,0,1,1,1,1,0,0,gratuito
2,10000.0,99,0.9797979797979798,2,2,1,0,1,1,1,1,0,0,0,0,0,alto
11,10000.0,266,0.924812030075188,1,4,1,1,1,0,1,0,0,0,1,1,1,alto
10,10000.0,29,0.3793103448275862,1,5,1,0,0,0,1,1,0,0,1,0,0,alto
10,10000.0,28,0.5357142857142857,1,2,1,0,0,0,0,0,1,1,0,0,0,alto
4,10000.0,6,0.8333333333333334,3,5,1,0,0,0,1,1,1,0,1,0,0,baixo
11,350000.0,618,0.6779935275080906,1,5,1,0,0,0,1,1,1,1,0,1,0,baixo
1,0.0,0,0.0,22,2,1,0,0,0,0,1,0,0,0,0,0,gratuito
6,10000.0,43,0.7441860465116279,10,4,1,0,0,0,1,1,1,1,0,0,0,medio_alto
4,10000.0,553,0.8553345388788427,6,0,1,0,0,1,0,0,0,0,0,0,0,medio_baixo
1,0.0,0,0.0,14,4,1,0,0,0,1,1,0,1,1,0,0,medio_baixo
7,10000.0,0,0.0,1,3,1,0,0,0,1,1,0,1,0,0,0,alto
2,10000.0,2,1.0,1,2,1,0,0,0,1,0,0,1,0,0,0,medio_baixo
1,0.0,0,0.0,3,3,1,0,0,0,1,0,1,0,0,0,0,gratuito
1,0.0,0,0.0,1,4,1,0,0,0,1,0,1,1,0,0,0,gratuito
6,35000.0,151,0.9403973509933775,2,3,1,0,0,0,1,0,1,0,0,0,0,gratuito
7,10000.0,3,1.0,2,3,1,0,0,0,1,0,1,1,0,0,0,baixo
4,10000.0,4,0.75,2,2,1,0,0,0,1,1,0,0,0,0,0,alto
3,0.0,0,0.0,1,3,1,1,0,0,1,1,0,0,0,0,0,gratuito
3,10000.0,3,1.0,3,3,1,0,1,0,1,0,1,0,1,0,0,baixo
4,10000.0,7,0.14285714285714285,1,2,1,0,0,0,1,0,0,0,0,0,0,medio_baixo
8,10000.0,6,0.6666666666666666,1,4,1,0,0,0,1,1,0,1,0,0,0,baixo
2,0.0,0,0.0,0,0,1,0,0,0,0,0,0,0,0,0,0,gratuito
3,10000.0,45,0.9555555555555556,3,2,1,0,0,0,1,0,0,0,0,1,0,alto
1,0.0,0,0.0,1,3,1,0,0,0,1,0,1,1,0,0,0,medio_alto
6,10000.0,5,0.6,1,2,1,0,0,0,1,0,0,0,0,0,0,alto
2,10000.0,4,1.0,9,4,1,0,0,0,1,1,1,0,0,0,0,alto
2,10000.0,21,0.9523809523809523,2,3,1,0,1,0,1,1,0,1,0,0,0,medio_alto
2,10000.0,32,0.96875,20,5,1,0,1,0,0,0,0,0,0,0,0,medio_alto
9,35000.0,213,0.6056338028169014,6,2,1,0,0,1,1,0,1,0,0,0,0,medio_baixo
9,10000.0,43,0.7441860465116279,2,4,1,0,0,0,1,0,1,1,1,0,0,medio_alto
4,0.0,0,0.0,1,3,1,0,0,0,0,0,0,1,0,0,1,gratuito
2,10000.0,117,0.9914529914529915,3,4,1,1,0,0,1,1,1,0,0,0,0,alto
11,150000.0,119,0.5714285714285714,1,5,1,0,1,0,1,1,1,1,1,0,0,medio_baixo
10,35000.0,21,0.7619047619047619,1,1,1,0,0,0,0,0,0,1,0,0,0,baixo
9,35000.0,87,0.6436781609195402,12,4,1,0,1,0,1,0,0,1,0,1,0,gratuito
2,10000.0,6,1.0,5,3,1,0,0,0,1,1,0,0,0,0,0,alto
1,10000.0,3,1.0,1,3,1,0,0,0,1,0,1,0,0,0,1,medio_alto
1,0.0,0,0.0,3,4,1,0,0,0,1,1,1,0,0,0,0,medio_alto
5,10000.0,18,0.8333333333333334,2,5,1,0,0,0,1,1,1,0,1,0,0,alto
3,10000.0,4,1.0,1,4,1,1,0,0,1,1,1,0,1,0,0,baixo
7,10000.0,2,1.0,1,1,1,0,0,0,1,0,0,0,0,0,0,medio_baixo
11,35000.0,89,0.651685393258427,6,2,1,0,0,0,0,0,1,1,0,0,0,baixo
4,10000.0,128,0.8984375,6,4,1,0,0,0,1,0,0,1,0,1,1,medio_alto
3,0.0,0,0.0,5,3,1,0,0,0,1,1,0,0,0,0,0,gratuito
8,10000.0,25,1.0,1,2,1,1,1,0,1,1,0,0,0,0,0,baixo
7,10000.0,1,1.0,1,2,1,0,0,0,0,1,0,1,0,0,0,baixo
3,0.0,0,0.0,0,0,1,0,0,0,0,0,0,0,0,0,0,gratuito
11,10000.0,67,0.44776119402985076,3,2,1,1,1,0,1,0,1,0,0,0,0,alto
7,10000.0,11,0.7272727272727273,2,3,1,0,0,0,0,1,1,0,0,0,0,alto
5,0.0,0,0.0,1,4,1,0,0,1,1,0,0,0,1,1,1,gratuito
8,150000.0,866,0.8972286374133949,1,2,1,1,0,1,1,0,0,0,0,0,0,gratuito
1,0.0,0,0.0,4,5,1,0,0,0,1,1,0,1,0,1,0,medio_alto
3,10000.0,0,0.0,7,4,1,1,0,14,1,0,0,1,0,1,1,alto
5,10000.0,0,0.0,2,2,1,0,0,2,0,0,1,1,0,0,0,alto
2,10000.0,30,1.0,2,2,1,0,0,0,1,1,0,0,0,0,0,medio_baixo
3,0.0,0,0.0,1,5,1,0,0,0,1,0,1,1,0,0,0,gratuito
8,10000.0,16,0.4375,1,2,1,0,0,0,1,0,0,1,0,0,0,medio_alto
5,10000.0,6,0.5,1,4,1,0,0,0,1,1,1,1,0,0,0,medio_alto
1,0.0,0,0.0,2,3,1,0,0,0,1,0,1,0,0,0,0,gratuito
3,0.0,0,0.0,0,0,1,0,0,0,0,0,0,0,0,0,0,gratuito
10,10000.0,21,0.9523809523809523,2,4,1,0,0,0,1,1,1,0,1,0,0,baixo
2,0.0,0,0.0,0,0,1,0,0,0,0,0,0,0,0,0,0,gratuito
2,10000.0,8,0.75,2,2,1,0,0,0,1,0,0,1,0,0,0,baixo
10,10000.0,3,1.0,1,4,1,0,0,0,1,1,0,1,0,0,0,gratuito
8,10000.0,8,0.75,1,4,1,0,0,0,1,0,0,1,0,1,1,medio_alto
12,350000.0,1808,0.7400442477876106,1,2,1,1,1,0,1,1,0,0,0,0,0,alto
2,10000.0,2,1.0,1,3,1,0,0,0,1,1,0,1,0,0,0,medio_alto
6,10000.0,18,0.5,1,3,1,0,0,0,1,0,1,0,1,0,0,medio_baixo
3,10000.0,268,0.8470149253731343,4,6,1,0,0,0,1,0,1,1,1,1,1,medio_alto
7,10000.0,20,1.0,1,3,1,0,0,1,1,1,0,1,0,0,0,gratuito
7,35000.0,379,0.920844327176781,1,3,1,0,0,1,1,0,1,1,0,0,0,gratuito
4,0.0,0,0.0,1,2,1,1,1,0,0,1,0,0,0,0,0,gratuito
5,10000.0,2,0.0,15,1,1,0,0,0,0,0,0,1,0,0,0,baixo
5,10000.0,505,0.9425742574257425,10,2,1,1,0,0,0,1,1,0,0,0,0,medio_baixo
1,0.0,0,0.0,15,4,1,1,0,0,0,0,0,1,0,1,1,gratuito
5,0.0,0,0.0,0,0,1,0,0,0,0,0,0,0,0,0,0,gratuito
4,35000.0,680,0.8,6,2,1,0,0,1,0,0,0,1,0,1,0,baixo
8,1500000.0,24664,0.7504054492377554,9,4,1,0,0,1,1,1,0,0,0,1,0,alto
4,75000.0,18,0.8888888888888888,1,3,1,0,0,0,1,1,0,1,0,0,0,gratuito
2,0.0,0,0.0,0,0,1,0,0,0,0,0,0,0,0,0,0,gratuito
10,10000.0,1,1.0,1,4,1,0,0,0,0,1,0,1,0,0,1,baixo
2,10000.0,4,0.75,1,4,1,0,0,0,0,1,1,0,1,0,0,alto
6,35000.0,271,0.7896678966789668,1,1,1,1,0,0,0,1,0,0,0,0,0,gratuito
2,0.0,0,0.0,0,0,1,0,0,0,0,0,0,0,0,0,0,gratuito
5,150000.0,5299,0.9258350632194754,8,5,1,0,0,1,1,0,1,1,0,1,1,alto
7,10000.0,15,0.6666666666666666,1,3,1,0,0,0,1,1,1,0,0,0,0,medio_baixo
3,10000.0,0,0.0,11,3,1,1,0,0,1,1,0,0,0,0,0,gratuito
1,10000.0,6,0.16666666666666666,1,3,1,0,0,0,0,0,0,0,0,1,1,medio_baixo
5,10000.0,21,1.0,1,2,1,0,0,0,1,0,0,1,0,0,0,baixo
4,35000.0,3,0.3333333333333333,1,2,1,0,0,0,0,0,1,1,0,0,0,medio_alto
4,10000.0,14,0.9285714285714286,1,3,1,0,1,0,1,0,0,1,0,1,0,baixo
1,0.0,0,0.0,1,1,1,0,0,0,0,0,1,0,0,0,0,medio_baixo
6,35000.0,59,0.864406779661017,3,6,1,0,0,0,1,0,1,1,1,1,1,medio_alto
6,10000.0,11,0.8181818181818182,1,2,1,0,0,0,1,0,0,0,0,0,0,gratuito
9,10000.0,25,0.84,2,6,1,1,1,1,1,1,1,0,0,1,1,alto
3,10000.0,1,1.0,3,3,1,1,0,0,1,0,1,1,0,0,0,medio_baixo
12,10000.0,52,0.5384615384615384,1,2,1,1,0,0,0,0,0,1,1,0,0,baixo
6,150000.0,978,0.7269938650306749,1,3,1,0,0,0,1,1,0,0,0,1,0,medio_alto
12,10000.0,34,0.6764705882352942,1,2,1,0,0,0,1,0,0,0,1,0,0,alto
6,10000.0,15,0.9333333333333333,1,2,1,0,0,0,1,0,1,0,0,0,0,baixo
1,10000.0,0,0.0,3,5,1,0,0,0,1,1,0,1,0,0,0,gratuito
1,10000.0,30,0.9,8,5,1,0,0,0,1,0,1,1,1,0,1,medio_alto
1,0.0,0,0.0,1,4,1,0,0,0,1,1,0,0,1,0,0,gratuito
5,0.0,0,0.0,0,0,1,0,0,0,0,0,0,0,0,0,0,gratuito
6,35000.0,4,0.75,3,9,1,0,0,0,1,1,1,1,1,1,1,medio_alto
10,10000.0,26,0.5769230769230769,3,3,1,0,0,0,0,0,0,0,0,0,0,gratuito
4,10000.0,44,0.8636363636363636,1,2,1,0,0,0,1,0,0,0,0,0,0,gratuito
3,10000.0,0,0.0,1,2,1,0,0,0,0,0,1,1,0,0,0,medio_alto
5,75000.0,1800,0.98,3,6,1,0,1,1,1,1,1,1,1,1,0,alto
6,10000.0,13,0.7692307692307693,1,2,1,0,0,0,0,0,0,1,0,0,0,gratuito
5,10000.0,31,0.8709677419354839,1,3,1,0,0,0,1,0,0,0,1,1,0,medio_alto
8,10000.0,1,1.0,1,3,1,0,0,0,1,0,0,0,0,1,0,alto
11,75000.0,80,0.55,1,3,1,0,0,0,1,1,1,0,0,0,0,baixo
1,10000.0,4,1.0,1,2,1,0,0,0,1,1,0,0,0,0,0,medio_baixo
4,10000.0,11,1.0,1,1,1,0,0,0,0,1,0,0,0,0,0,medio_baixo
4,10000.0,33,0.6363636363636364,103,6,1,1,1,0,1,1,1,1,1,0,1,alto
9,10000.0,34,0.7058823529411765,1,3,1,0,1,0,1,0,0,1,1,0,0,baixo
17,75000.0,496,0.8629032258064516,1,1,1,0,0,0,0,1,0,0,0,0,0,medio_alto
3,350000.0,8106,0.6223784850727856,14,3,1,0,0,2,0,1,1,0,1,0,0,alto
1,10000.0,12,0.4166666666666667,2,3,1,0,0,0,1,1,1,0,0,0,0,medio_alto
2,10000.0,16,0.75,7,3,1,0,1,0,1,1,1,0,0,0,0,baixo
3,10000.0,42,0.9761904761904762,3,2,1,0,0,0,0,0,1,1,0,0,0,alto
9,35000.0,351,0.9572649572649573,3,2,1,0,0,0,1,1,0,0,0,0,0,medio_baixo
2,10000.0,2,0.5,1,2,1,0,0,0,1,0,0,1,0,0,0,medio_baixo
3,35000.0,545,0.8917431192660551,29,6,1,0,0,0,1,0,1,1,1,0,1,alto
3,350000.0,3128,0.8960997442455243,1,5,1,1,0,0,0,1,0,1,0,1,1,alto
3,10000.0,3,1.0,5,2,1,1,1,1,1,0,0,0,0,1,0,alto
2,35000.0,705,0.902127659574468,12,3,1,0,0,1,1,1,1,0,0,0,0,alto
1,10000.0,0,0.0,2,2,1,0,0,0,1,1,0,0,0,0,0,medio_baixo
6,10000.0,4,0.75,1,3,1,0,0,0,1,0,1,1,0,0,0,medio_alto
7,10000.0,120,0.8666666666666667,1,1,1,1,0,0,0,0,0,1,0,0,0,baixo
12,75000.0,682,0.8284457478005866,2,1,1,0,0,0,0,0,0,0,1,0,0,baixo
2,10000.0,64,0.859375,1,3,1,0,0,1,1,0,0,1,0,0,0,gratuito
4,35000.0,4,1.0,6,2,1,0,0,0,0,0,1,0,0,0,0,medio_baixo
9,35000.0,210,0.9619047619047619,1,2,1,1,1,3,1,1,0,0,0,0,0,baixo
8,35000.0,1,1.0,2,2,1,0,0,0,1,0,0,1,0,0,0,baixo
4,10000.0,4,0.75,1,3,1,0,0,0,1,0,1,1,0,0,0,medio_alto
2,10000.0,268,0.7947761194029851,1,4,1,0,0,0,1,0,1,1,1,0,0,baixo
1,10000.0,0,0.0,4,4,1,0,0,1,1,1,0,1,0,0,0,gratuito
1,10000.0,0,0.0,14,2,1,0,0,0,0,1,1,0,0,0,0,alto
1,0.0,0,0.0,1,3,1,0,0,0,1,0,1,0,1,0,0,medio_alto
2,0.0,0,0.0,1,2,1,0,0,0,0,1,0,0,0,0,0,gratuito
5,0.0,0,0.0,1,4,1,0,0,0,1,1,1,0,0,0,0,gratuito
8,10000.0,238,0.9495798319327731,5,2,1,1,0,0,1,0,1,0,0,0,0,medio_alto
6,35000.0,12,1.0,1,2,1,0,0,0,1,1,0,0,0,0,0,medio_baixo
5,10000.0,10,0.6,103,5,1,0,0,0,1,0,1,1,0,1,1,baixo
17,10000.0,125,0.56,1,3,1,0,0,0,1,0,0,0,0,0,1,medio_baixo
14,1500000.0,7531,0.5954056566193069,1,3,1,0,0,0,0,0,0,0,1,0,0,gratuito
1,10000.0,5,1.0,12,2,1,1,0,0,0,0,0,0,0,0,0,alto
2,35000.0,3,1.0,1,2,1,1,1,0,1,0,0,1,0,0,0,medio_alto
4,10000.0,4,0.75,1,4,1,0,0,0,1,1,1,0,0,1,0,medio_baixo
3,10000.0,96,0.8958333333333334,3,3,1,0,0,0,1,0,1,0,1,0,0,alto
6,10000.0,44,0.5909090909090909,6,2,1,1,0,0,0,0,0,1,0,0,1,medio_baixo
6,10000.0,12,1.0,1,1,1,0,0,1,0,0,1,0,0,0,0,medio_baixo
2,10000.0,20,1.0,8,2,1,0,0,0,1,0,1,0,0,0,0,alto
5,10000.0,0,0.0,28,3,1,0,0,0,0,1,0,1,0,0,1,medio_baixo
8,0.0,0,0.0,1,0,1,0,0,0,0,0,0,0,0,0,0,gratuito
2,0.0,0,0.0,0,0,1,0,0,0,0,0,0,0,0,0,0,gratuito
5,10000.0,2,0.0,1,2,1,0,0,0,1,0,0,0,0,0,1,medio_alto
11,10000.0,260,0.6538461538461539,1,2,1,1,1,0,1,0,0,0,0,0,1,baixo
3,35000.0,31,0.9032258064516129,1,4,1,1,0,0,1,1,0,1,0,1,0,gratuito
1,0.0,0,0.0,10,2,1,0,0,0,1,0,1,0,0,0,0,medio_alto
11,10000.0,125,0.896,6,3,1,0,0,0,1,0,1,1,0,0,0,medio_alto
8,10000.0,317,0.8580441640378549,9,4,1,0,0,0,1,0,0,1,0,0,1,alto
1,10000.0,0,0.0,2,1,1,0,0,0,0,1,0,0,0,0,0,baixo
1,0.0,0,0.0,0,0,1,0,0,0,0,0,0,0,0,0,0,gratuito
1,75000.0,6,1.0,1,3,1,0,0,0,1,1,0,1,0,0,0,baixo
5,10000.0,27,0.6296296296296297,1,2,1,1,1,0,1,0,1,0,0,0,0,medio_baixo
19,150000.0,552,0.7934782608695652,1,1,1,0,0,0,0,1,0,0,0,0,0,baixo
4,10000.0,1,1.0,1,2,1,0,0,0,0,1,0,0,0,0,0,medio_alto
5,10000.0,29,0.8275862068965517,1,3,1,1,0,0,1,0,0,1,0,0,1,baixo
5,10000.0,7,0.0,1,2,1,0,0,0,1,0,0,0,0,0,1,medio_baixo
5,10000.0,85,0.7058823529411765,2,2,1,1,1,0,0,0,0,0,0,1,1,alto
2,10000.0,2,0.0,1,3,1,0,0,0,1,1,1,0,0,0,0,medio_baixo
4,0.0,0,0.0,0,0,1,0,0,0,0,0,0,0,0,0,0,gratuito
10,35000.0,192,0.7395833333333334,10,2,1,1,0,1,1,0,1,0,0,0,0,baixo
1,35000.0,339,0.9380530973451328,2,4,1,0,0,0,1,0,0,0,1,1,1,medio_alto
10,10000.0,4,1.0,1,3,1,0,0,0,1,1,0,0,0,0,0,medio_alto
3,0.0,0,0.0,11,3,1,0,0,0,0,0,1,0,1,0,1,gratuito
15,750000.0,4182,0.7149689143950263,1,3,1,0,0,0,0,0,0,0,1,0,0,gratuito
9,150000.0,418,0.5861244019138756,1,3,1,0,0,0,0,0,0,0,0,0,1,gratuito
6,10000.0,2,1.0,1,2,1,0,0,0,1,0,0,1,0,0,0,baixo
2,10000.0,90,0.4888888888888889,8,1,1,0,0,0,1,0,0,0,0,0,0,medio_baixo
2,10000.0,0,0.0,13,4,1,0,1,2,1,0,1,1,0,0,1,baixo
3,150000.0,1616,0.8366336633663366,13,2,1,0,0,2,0,0,0,0,0,1,1,medio_alto
1,0.0,0,0.0,25,2,1,0,0,0,1,0,0,1,0,0,0,alto
2,0.0,0,0.0,0,0,1,0,0,0,0,0,0,0,0,0,0,gratuito
1,10000.0,1,0.0,1,4,1,0,0,0,1,0,1,1,0,0,0,baixo
7,10000.0,66,0.5454545454545454,3,3,1,1,0,0,1,0,0,0,0,1,1,alto
3,10000.0,9,0.7777777777777778,8,4,1,0,0,1,1,1,1,0,1,0,0,baixo
3,10000.0,2,1.0,9,1,1,0,0,0,0,0,0,1,0,0,0,baixo
4,10000.0,0,0.0,5,1,1,1,1,0,0,0,0,1,0,0,0,medio_alto
5,0.0,0,0.0,0,0,1,0,0,0,0,0,0,0,0,0,0,gratuito
7,10000.0,60,0.7833333333333333,1,3,1,0,0,0,1,1,0,0,0,1,0,baixo
5,75000.0,3,1.0,1,8,1,0,0,2,1,1,1,1,1,1,1,baixo
1,10000.0,47,0.7659574468085106,1,2,1,0,0,22,1,1,0,0,0,0,0,medio_baixo
3,10000.0,21,0.42857142857142855,1,1,1,1,0,0,0,0,0,0,0,1,0,alto
1,10000.0,1,1.0,14,3,1,0,0,0,1,1,0,1,0,0,0,baixo
6,10000.0,24,0.7916666666666666,1,3,1,0,0,0,1,0,1,0,0,0,0,gratuito
10,35000.0,130,0.5384615384615384,8,1,1,0,0,0,0,1,0,0,0,0,0,baixo
1,10000.0,0,0.0,5,5,1,0,0,0,0,1,1,1,1,0,1,alto
2,10000.0,65,0.5384615384615384,14,2,1,0,0,1,1,0,0,0,0,0,1,medio_baixo
3,0.0,0,0.0,1,2,1,1,0,0,0,1,1,0,0,0,0,gratuito
12,350000.0,5748,0.5876826722338204,5,1,1,0,0,2,0,0,0,0,1,0,0,alto
10,10000.0,26,0.6923076923076923,10,2,1,0,0,0,1,0,0,1,0,0,0,medio_alto
1,10000.0,0,0.0,1,3,1,0,0,1,1,0,1,1,0,0,0,medio_baixo
1,0.0,0,0.0,2,3,1,1,0,0,0,0,0,0,1,1,0,gratuito
1,10000.0,0,0.0,5,3,1,0,1,0,1,1,0,1,0,0,0,baixo
1,10000.0,4,1.0,1,4,1,0,0,0,1,0,1,1,0,1,0,medio_alto
7,10000.0,1,1.0,2,2,1,0,0,0,1,1,0,0,0,0,0,medio_baixo
5,10000.0,1,1.0,1,5,1,0,0,0,0,1,1,1,1,0,0,baixo
8,10000.0,2,0.0,1,1,1,0,0,0,0,0,0,0,0,0,0,alto
9,10000.0,1,1.0,1,1,1,0,0,0,0,0,0,0,0,0,0,gratuito
10,10000.0,72,0.6944444444444444,1,1,1,1,0,1,0,0,0,0,0,0,0,medio_baixo
1,0.0,0,0.0,103,2,1,0,0,0,1,0,0,1,0,0,0,medio_alto
4,10000.0,80,0.9,2,3,1,0,0,0,1,0,0,0,0,1,1,medio_alto
4,10000.0,11,1.0,7,2,1,1,0,0,0,0,0,1,0,0,1,alto
3,0.0,0,0.0,0,0,1,0,0,0,0,0,0,0,0,0,0,gratuito
2,10000.0,0,0.0,1,3,1,0,0,0,0,1,0,1,0,0,0,medio_baixo
5,10000.0,26,1.0,1,3,1,1,1,0,1,1,1,0,0,0,0,baixo
1,0.0,0,0.0,0,0,1,0,0,0,0,0,0,0,0,0,0,gratuito
6,10000.0,2,0.5,1,3,1,0,0,0,1,1,0,0,0,0,0,alto
1,10000.0,0,0.0,8,1,1,0,0,0,0,0,1,0,0,0,0,alto
3,150000.0,30,0.8333333333333334,1,1,1,0,0,0,0,0,0,0,1,0,0,medio_baixo
6,35000.0,59,0.8813559322033898,10,4,1,0,0,0,1,1,0,0,1,0,1,medio_baixo
11,10000.0,33,0.696969696969697,1,2,1,1,1,2,1,0,1,0,0,0,0,medio_alto
2,10000.0,0,0.0,1,4,1,0,0,1,1,1,1,1,0,0,0,baixo
7,10000.0,140,0.8857142857142857,1,3,1,1,0,0,1,0,0,1,0,1,0,baixo
4,0.0,0,0.0,0,0,1,0,0,0,0,0,0,0,0,0,0,gratuito
14,150000.0,508,0.7106299212598425,1,2,1,1,1,0,1,0,0,0,0,1,0,medio_alto
6,10000.0,681,0.8678414096916299,11,4,1,0,0,1,1,1,1,1,0,0,0,medio_alto
3,10000.0,4,1.0,1,4,1,0,0,0,1,0,1,1,0,1,0,alto
3,0.0,0,0.0,1,6,1,0,0,0,0,0,1,0,1,1,0,gratuito
4,10000.0,50,0.58,14,2,1,0,0,0,0,1,1,0,0,0,0,gratuito
9,10000.0,4,1.0,1,3,1,0,0,0,1,0,1,1,0,0,0,baixo
3,10000.0,3,0.3333333333333333,4,1,1,0,0,0,0,0,0,1,0,0,0,medio_alto
2,10000.0,0,0.0,1,3,1,0,0,1,1,1,0,0,0,1,0,medio_baixo
1,10000.0,0,0.0,3,3,1,0,0,0,1,0,0,0,0,1,1,alto
3,10000.0,1,1.0,1,2,1,0,0,0,0,0,1,0,1,0,0,medio_alto
5,10000.0,6,1.0,1,1,1,0,0,0,1,0,0,0,0,0,0,baixo
1,10000.0,0,0.0,1,2,1,0,0,0,1,0,0,0,1,0,0,alto
7,10000.0,26,0.8846153846153846,1,3,1,0,0,0,1,1,0,1,0,0,0,baixo
7,35000.0,740,0.85,5,3,1,0,0,2,0,1,1,0,1,0,0,alto
10,35000.0,154,0.525974025974026,5,2,1,0,0,0,1,0,1,0,0,0,0,medio_alto
9,3500000.0,29284,0.8456495014342303,9,1,1,0,0,6,0,0,0,0,1,0,0,medio_alto
6,35000.0,386,0.9378238341968912,2,6,1,0,0,0,1,1,1,1,1,0,1,medio_alto
2,0.0,0,0.0,103,4,1,0,0,0,1,0,0,1,1,0,1,baixo
8,1500000.0,23233,0.7951620539749494,7,4,1,0,0,3,1,1,0,0,0,1,1,medio_alto
9,35000.0,284,0.528169014084507,1,2,1,0,0,0,1,0,0,1,0,0,0,baixo
4,10000.0,8,0.625,18,1,1,0,0,0,0,0,0,0,0,0,1,alto
6,10000.0,14,0.8571428571428571,1,5,1,0,0,0,1,0,1,0,1,0,0,gratuito
2,10000.0,5,0.6,10,5,1,0,0,0,1,0,1,1,1,0,1,medio_alto
1,10000.0,17,0.6470588235294118,13,3,1,0,0,1,1,1,1,0,0,0,0,alto
4,10000.0,50,0.8,3,2,1,0,0,0,1,0,0,0,0,0,0,gratuito
2,10000.0,1,1.0,13,3,1,0,0,0,1,1,1,0,0,0,0,baixo
7,10000.0,4,0.5,1,2,1,0,0,0,0,0,0,0,0,0,1,medio_baixo
11,10000.0,4,0.5,1,2,1,0,0,0,1,0,0,1,0,0,0,medio_alto
2,0.0,0,0.0,103,5,1,0,0,0,1,1,1,1,0,0,0,baixo
4,10000.0,0,0.0,1,1,1,0,0,0,0,0,1,0,0,0,0,baixo
7,10000.0,0,0.0,3,3,1,0,0,1,1,0,0,1,0,0,1,alto
3,10000.0,0,0.0,1,4,1,0,0,0,1,1,1,0,0,0,0,medio_baixo
3,10000.0,0,0.0,1,3,1,1,1,0,1,0,0,0,1,0,1,medio_baixo
5,10000.0,31,0.967741935483871,2,2,1,1,0,0,0,1,0,0,1,0,0,alto
9,10000.0,84,0.7380952380952381,1,2,1,0,0,0,1,0,0,0,0,1,0,baixo
3,10000.0,12,0.5,1,1,1,0,0,0,1,0,0,0,0,0,0,medio_baixo
3,10000.0,2,1.0,10,6,1,0,0,0,1,1,1,1,1,0,1,medio_baixo
4,0.0,0,0.0,0,0,1,0,0,0,0,0,0,0,0,0,0,gratuito
5,10000.0,29,0.6896551724137931,1,2,1,0,0,0,0,0,1,1,0,0,0,baixo
8,35000.0,10,0.2,1,4,1,0,0,0,1,1,0,1,0,0,1,baixo
10,0.0,0,0.0,3,1,1,0,0,0,0,0,0,1,0,0,0,medio_baixo
3,75000.0,22,0.9090909090909091,1,2,1,1,0,0,0,0,1,1,0,0,0,medio_alto
4,10000.0,1,0.0,1,1,1,0,0,0,0,0,0,1,0,0,0,baixo
2,10000.0,1,1.0,1,2,1,0,0,0,1,0,0,0,0,0,1,alto
4,0.0,0,0.0,0,0,1,0,0,0,0,0,0,0,0,0,0,gratuito
5,10000.0,0,0.0,1,4,1,0,0,0,1,0,1,0,1,0,0,medio_baixo
8,75000.0,1909,0.9193294918805658,12,3,1,1,1,0,1,1,1,0,0,0,0,alto
5,10000.0,12,0.3333333333333333,6,4,1,0,0,0,1,0,0,1,0,1,1,baixo
8,10000.0,20,0.85,1,3,1,0,0,0,1,1,1,0,0,0,0,baixo
2,10000.0,6,1.0,1,2,1,0,0,0,0,0,0,1,0,0,1,medio_baixo
5,35000.0,177,0.7570621468926554,6,3,1,0,0,6,1,1,1,0,0,0,0,baixo
5,150000.0,8,1.0,2,5,1,0,0,0,1,0,1,1,1,1,0,baixo
1,0.0,0,0.0,0,0,1,0,0,0,0,0,0,0,0,0,0,gratuito
9,10000.0,8,0.75,1,4,1,0,0,0,1,1,1,0,0,0,0,medio_alto
8,10000.0,146,0.684931506849315,103,2,1,0,0,0,1,0,0,1,0,0,0,baixo
2,10000.0,13,0.9230769230769231,1,2,1,0,0,0,1,0,0,1,0,0,0,medio_baixo
1,10000.0,0,0.0,2,2,1,0,0,0,0,0,0,0,0,0,1,alto
7,150000.0,2436,0.9363711001642037,1,3,1,1,0,0,1,1,0,1,0,0,0,medio_alto
5,10000.0,164,0.6097560975609756,7,4,1,0,0,0,1,1,1,1,0,0,0,baixo
2,10000.0,1,0.0,1,5,1,0,0,0,1,1,1,1,0,1,0,baixo
4,35000.0,23,0.782608695652174,1,3,1,0,0,0,1,1,1,0,0,0,0,medio_baixo
1,10000.0,32,0.96875,4,4,1,1,0,1,1,0,1,0,0,1,1,medio_alto
1,0.0,0,0.0,2,7,1,0,0,0,0,1,1,1,1,1,1,gratuito
2,10000.0,12,1.0,9,2,1,0,0,0,1,1,0,0,0,0,0,medio_baixo
6,10000.0,0,0.0,6,2,1,0,0,1,1,1,0,0,0,0,0,medio_alto
8,10000.0,27,0.8518518518518519,4,1,1,1,0,1,0,0,1,0,0,0,0,medio_baixo
1,10000.0,0,0.0,9,3,1,0,0,0,1,1,0,0,0,0,0,alto
6,10000.0,8,1.0,1,3,1,0,0,0,1,1,0,1,0,0,0,alto
1,0.0,0,0.0,0,0,1,0,0,0,0,0,0,0,0,0,0,gratuito
2,10000.0,0,0.0,3,1,1,0,0,0,0,0,1,0,0,0,0,medio_baixo
11,10000.0,156,0.8333333333333334,9,1,1,1,1,0,1,0,0,0,0,0,0,medio_alto
2,10000.0,36,1.0,2,4,1,1,1,1,1,0,1,1,1,0,0,alto
1,10000.0,0,0.0,1,3,1,0,0,0,1,0,1,0,1,0,0,medio_baixo
2,0.0,0,0.0,0,0,1,0,0,0,0,0,0,0,0,0,0,gratuito
1,0.0,0,0.0,39,2,1,0,0,0,0,0,1,0,0,0,1,alto
6,75000.0,234,0.7948717948717948,1,2,1,0,0,1,1,0,0,0,0,0,0,baixo
6,10000.0,13,0.9230769230769231,1,4,1,0,0,0,1,1,0,1,0,1,0,medio_baixo
8,10000.0,56,0.5178571428571429,2,3,1,0,0,0,1,0,0,1,0,0,1,baixo
1,10000.0,3,0.6666666666666666,13,1,1,0,0,0,0,0,0,1,0,0,0,medio_baixo
7,10000.0,0,0.0,29,2,1,0,0,0,1,0,0,1,0,0,0,baixo
2,10000.0,1,1.0,1,3,1,0,0,0,1,0,0,1,0,0,0,alto
3,10000.0,33,0.9393939393939394,7,3,1,0,0,0,1,1,0,1,0,0,0,baixo
10,10000.0,16,0.75,1,3,1,1,1,0,1,0,1,0,1,0,0,medio_alto
4,35000.0,5,1.0,2,4,1,0,0,0,1,1,0,1,0,1,0,medio_baixo
2,0.0,0,0.0,2,5,1,0,0,0,1,1,1,0,1,0,0,gratuito
2,150000.0,1664,0.8449519230769231,2,3,1,1,1,1,0,0,0,0,1,1,1,alto
8,10000.0,5,0.8,2,2,1,0,0,2,0,1,1,0,0,0,0,baixo
2,10000.0,18,0.7222222222222222,2,3,1,0,0,0,1,0,1,0,0,0,1,medio_baixo
2,10000.0,51,0.8627450980392157,8,3,1,0,0,0,1,1,0,0,0,0,0,medio_alto
8,10000.0,16,1.0,1,4,1,1,0,0,1,0,0,1,0,1,0,medio_alto
3,0.0,0,0.0,0,0,1,0,0,0,0,0,0,0,0,0,0,gratuito
8,750000.0,2652,0.9374057315233786,1,3,1,0,0,1,1,1,0,0,0,0,0,gratuito
4,10000.0,0,0.0,2,3,1,0,1,0,1,0,0,1,0,0,1,medio_baixo
2,0.0,0,0.0,103,3,1,0,0,0,1,0,0,1,0,0,0,medio_baixo
2,0.0,0,0.0,2,2,1,0,0,0,0,0,0,0,1,1,0,gratuito
9,75000.0,226,0.8716814159292036,1,2,1,0,0,0,1,1,0,0,0,0,0,medio_baixo
3,0.0,0,0.0,0,0,1,0,0,0,0,0,0,0,0,0,0,gratuito
2,350000.0,10,0.7,3,4,1,0,0,0,1,0,1,0,0,0,0,baixo
4,10000.0,10,0.5,1,3,1,0,0,0,0,1,1,0,0,0,1,medio_alto
4,0.0,0,0.0,0,0,1,0,0,0,0,0,0,0,0,0,0,gratuito
4,10000.0,14,1.0,10,2,1,0,0,0,1,0,0,1,0,0,0,medio_baixo
2,10000.0,18,0.7222222222222222,3,2,1,0,0,0,1,0,0,0,1,0,0,alto
2,10000.0,7,1.0,1,2,1,0,0,0,1,0,0,1,0,0,0,baixo
6,10000.0,0,0.0,1,1,1,0,0,0,0,1,0,0,0,0,0,medio_alto
3,10000.0,14,0.8571428571428571,6,3,1,0,0,0,1,1,1,0,0,0,0,alto
4,10000.0,9,0.7777777777777778,1,2,1,0,0,0,1,0,0,0,0,1,0,medio_baixo
1,0.0,0,0.0,5,2,1,0,0,0,0,0,0,1,0,1,0,alto
6,10000.0,3,0.6666666666666666,1,4,1,0,0,0,1,0,1,1,1,0,0,alto
2,10000.0,0,0.0,30,1,1,1,0,0,1,0,0,0,0,0,0,medio_baixo
6,10000.0,1,1.0,1,3,1,1,0,0,1,0,0,1,0,0,0,medio_baixo
5,0.0,0,0.0,0,0,1,0,0,0,0,0,0,0,0,0,0,gratuito
1,0.0,0,0.0,1,1,1,0,0,1,1,0,0,0,0,0,0,medio_alto
1,10000.0,9,0.7777777777777778,1,3,1,0,0,0,0,0,1,1,0,0,1,baixo
1,10000.0,45,0.3333333333333333,2,6,1,0,0,0,1,1,1,1,1,0,1,alto
1,10000.0,0,0.0,10,2,1,0,0,0,1,0,0,1,0,0,0,medio_baixo
4,10000.0,32,0.96875,1,1,1,1,0,0,0,0,0,1,0,0,0,medio_alto
5,10000.0,12,1.0,1,3,1,0,0,1,1,0,0,0,1,0,1,medio_alto
2,10000.0,3,1.0,2,2,1,1,1,0,1,0,1,0,0,0,0,medio_baixo
1,0.0,0,0.0,1,5,1,0,0,0,1,1,0,1,1,0,0,gratuito
11,75000.0,426,0.8685446009389671,14,2,1,1,0,0,0,0,1,1,0,0,0,baixo
1,10000.0,0,0.0,9,2,1,0,0,0,1,0,0,0,0,0,1,medio_alto
7,10000.0,1,1.0,3,1,1,0,1,0,1,0,0,0,0,0,0,baixo
11,350000.0,3836,0.8720020855057351,3,4,1,1,0,0,1,1,1,0,1,0,0,medio_alto
3,10000.0,38,0.7105263157894737,2,4,1,0,0,0,1,1,1,0,1,0,0,baixo
4,75000.0,20,0.85,1,2,1,1,1,0,1,0,0,0,0,0,1,medio_alto
8,10000.0,255,0.6980392156862745,8,3,1,1,1,1,1,0,0,0,0,1,1,medio_baixo
11,10000.0,148,0.8716216216216216,1,1,1,0,1,0,1,0,0,0,0,0,0,medio_baixo
1,0.0,0,0.0,0,0,1,0,0,0,0,0,0,0,0,0,0,gratuito
6,35000.0,39,0.7948717948717948,12,4,1,1,1,0,1,1,1,0,0,0,1,medio_baixo
3,10000.0,102,0.803921568627451,5,3,1,0,0,1,1,0,0,1,0,0,1,alto
1,10000.0,0,0.0,1,3,1,0,0,0,1,0,1,0,1,0,0,alto
1,0.0,0,0.0,0,0,1,0,0,0,0,0,0,0,0,0,0,gratuito
1,0.0,0,0.0,1,3,1,0,0,0,1,0,1,0,0,0,1,medio_baixo
7,10000.0,62,0.8387096774193549,1,1,1,0,0,1,0,1,0,0,0,0,0,alto
6,75000.0,2250,0.9662222222222222,7,1,1,1,1,1,1,0,0,0,0,0,0,medio_baixo
1,10000.0,0,0.0,1,1,1,0,0,0,0,1,0,0,0,0,0,medio_alto
2,10000.0,233,0.9141630901287554,5,2,1,0,0,0,0,0,0,0,1,1,0,alto
7,10000.0,11,0.9090909090909091,1,2,1,1,1,0,1,0,0,0,0,1,0,medio_baixo
6,10000.0,22,0.9090909090909091,1,3,1,0,0,0,1,1,0,1,0,0,0,baixo
2,75000.0,1060,0.9216981132075471,3,1,1,0,0,2,0,0,1,0,0,0,0,alto
4,350000.0,7280,0.8666208791208792,12,2,1,1,0,2,0,0,0,0,0,1,1,medio_alto
2,10000.0,1,0.0,8,4,1,0,0,0,1,1,1,1,0,0,0,baixo
6,10000.0,30,0.7,8,2,1,0,0,0,0,0,0,1,0,0,1,medio_baixo
5,10000.0,1,0.0,1,4,1,0,0,0,1,1,0,1,0,0,0,baixo
2,10000.0,120,0.95,1,2,1,0,0,0,1,0,0,0,0,0,0,gratuito
1,10000.0,0,0.0,31,2,1,0,0,0,1,0,0,1,0,0,0,baixo
5,0.0,0,0.0,1,5,1,0,0,2,1,1,1,0,0,0,0,gratuito
1,10000.0,0,0.0,1,3,1,0,0,0,1,0,0,1,0,0,1,medio_baixo
6,75000.0,1161,0.7390180878552972,11,2,1,0,0,2,1,0,1,0,0,0,0,medio_alto
3,10000.0,0,0.0,2,2,1,0,0,0,1,1,0,0,0,0,0,medio_alto
1,10000.0,0,0.0,2,6,1,0,0,0,1,0,1,1,0,0,1,gratuito
7,10000.0,89,0.5730337078651685,1,5,1,0,0,0,1,1,1,1,1,0,0,baixo
3,0.0,0,0.0,0,0,1,0,0,0,0,0,0,0,0,0,0,gratuito
4,10000.0,5,0.8,5,4,1,0,0,0,1,0,0,0,0,0,1,alto
9,35000.0,47,0.48936170212765956,7,2,1,1,0,0,1,0,1,0,0,0,0,baixo
8,10000.0,18,0.16666666666666666,1,2,1,0,0,0,0,0,1,1,0,0,0,alto
6,10000.0,4,0.25,1,3,1,0,0,0,1,0,0,1,1,0,0,alto
2,10000.0,2,0.5,1,2,1,0,0,0,1,0,1,0,0,0,0,medio_alto
8,10000.0,25,0.48,1,1,1,1,1,0,1,0,0,0,0,0,0,baixo
6,10000.0,34,0.8529411764705882,26,2,1,1,1,0,1,0,1,0,0,0,0,baixo
7,350000.0,620,0.8016129032258065,2,4,1,0,1,1,1,1,1,0,0,0,0,gratuito
7,10000.0,25,0.92,1,3,1,0,0,0,1,0,0,1,0,0,0,gratuito
8,10000.0,4,0.5,2,4,1,0,0,0,1,0,1,1,1,0,0,alto
4,10000.0,1,1.0,1,4,1,1,0,0,1,1,1,1,0,0,0,medio_baixo
4,10000.0,97,0.8556701030927835,1,6,1,0,0,0,1,1,0,1,1,1,1,medio_alto
5,10000.0,2,0.5,1,3,1,0,1,0,1,0,0,1,0,0,1,medio_baixo
6,10000.0,1,0.0,1,4,1,0,0,0,1,1,1,0,0,0,1,alto
2,10000.0,0,0.0,1,2,1,0,0,0,0,0,1,0,0,0,0,gratuito
5,10000.0,15,0.8666666666666667,5,4,1,1,0,0,1,1,1,1,0,0,0,medio_alto
3,10000.0,1,1.0,1,1,1,0,0,0,0,0,0,0,0,1,0,medio_baixo
3,10000.0,4,0.75,6,5,1,0,0,1,0,1,1,1,0,0,1,alto
5,0.0,0,0.0,0,0,1,0,0,0,0,0,0,0,0,0,0,gratuito
4,10000.0,7,0.7142857142857143,2,3,1,0,0,0,0,0,0,0,0,0,0,alto
4,10000.0,27,0.9629629629629629,2,2,1,0,0,0,1,0,0,1,0,0,0,baixo
6,10000.0,21,0.9523809523809523,1,5,1,1,0,1,1,1,1,1,0,0,0,alto
11,350000.0,4898,0.8452429563086974,6,3,1,1,1,0,1,0,1,1,0,0,0,medio_alto
2,10000.0,299,0.9765886287625418,1,3,1,0,0,1,1,0,1,0,0,0,0,medio_alto
8,10000.0,24,0.6666666666666666,2,3,1,0,0,0,1,1,0,1,0,0,0,baixo
7,10000.0,1,0.0,1,2,1,0,0,0,1,0,0,1,0,0,0,baixo
3,10000.0,59,0.9661016949152542,1,4,1,1,0,0,1,0,0,1,0,1,0,alto
4,10000.0,1,1.0,1,3,1,0,0,0,1,1,0,1,0,0,0,medio_alto
4,75000.0,10,0.7,8,2,1,0,0,0,0,0,1,1,0,0,0,alto
4,10000.0,11,0.9090909090909091,5,3,1,0,0,0,1,0,0,0,0,0,1,medio_alto
1,10000.0,62,0.8387096774193549,3,2,1,0,0,0,0,0,0,1,1,0,0,alto
2,10000.0,18,0.9444444444444444,8,2,1,0,0,0,1,1,0,0,0,0,0,alto
5,35000.0,13,0.7692307692307693,1,3,1,0,0,0,1,1,1,0,0,0,0,medio_baixo
11,35000.0,110,0.5909090909090909,2,1,1,1,1,1,1,0,0,0,0,0,0,gratuito
3,0.0,0,0.0,0,0,1,0,0,0,0,0,0,0,0,0,0,gratuito
1,10000.0,10,1.0,4,3,1,0,0,0,1,0,0,1,0,1,0,baixo
7,10000.0,2,0.5,1,3,1,0,0,0,1,0,0,1,1,0,0,medio_baixo
5,10000.0,10,0.5,0,2,1,0,0,0,1,0,0,1,0,0,0,alto
1,10000.0,0,0.0,1,3,1,0,0,0,1,0,0,1,0,0,0,baixo
16,3500000.0,40225,0.908141702921069,5,1,1,0,0,4,0,1,0,0,0,0,0,alto
9,10000.0,14,0.8571428571428571,1,3,1,0,0,0,1,1,0,0,0,0,0,medio_baixo
2,10000.0,29,0.9310344827586207,4,1,1,0,0,0,1,0,0,0,0,0,0,medio_baixo
1,10000.0,0,0.0,11,4,1,0,0,0,1,1,1,0,1,0,0,alto
2,10000.0,86,0.9534883720930233,9,4,1,0,0,0,1,0,1,1,0,0,1,medio_baixo
11,750000.0,22002,0.8803290609944551,5,2,1,1,1,0,1,0,1,0,0,0,0,medio_alto
1,0.0,0,0.0,3,5,1,1,0,0,1,0,1,1,1,1,0,alto
1,0.0,0,0.0,1,3,1,0,0,0,1,1,1,0,0,0,0,gratuito
2,10000.0,6,0.6666666666666666,1,2,1,1,1,0,1,0,0,0,1,0,0,medio_alto
1,0.0,0,0.0,7,1,1,1,0,0,1,0,0,0,0,0,0,alto
2,10000.0,127,0.7795275590551181,9,3,1,0,0,0,1,0,0,1,0,1,0,baixo
12,35000.0,54,0.4074074074074074,1,2,1,1,1,2,1,0,0,0,0,1,0,medio_alto
5,10000.0,68,0.7941176470588235,1,3,1,0,0,0,1,1,0,0,0,0,1,baixo
2,0.0,0,0.0,1,3,1,0,0,0,1,0,0,1,0,0,0,gratuito
8,10000.0,24,0.5416666666666666,10,3,1,0,0,0,1,1,1,0,0,0,0,baixo
1,10000.0,0,0.0,1,4,1,0,0,0,1,1,1,1,0,0,0,medio_alto
11,10000.0,15,0.5333333333333333,1,3,1,1,1,0,1,1,1,0,0,0,0,medio_alto
1,35000.0,539,0.7922077922077922,28,3,1,0,0,0,1,1,1,0,0,0,0,medio_alto
13,75000.0,786,0.7569974554707379,1,4,1,1,1,0,1,0,1,1,1,0,0,medio_baixo
4,10000.0,37,0.7297297297297297,10,3,1,1,1,0,1,1,1,0,0,0,0,baixo
5,35000.0,26,0.9615384615384616,2,5,1,0,0,0,0,1,1,1,0,0,1,medio_baixo
1,0.0,0,0.0,0,0,1,0,0,0,0,0,0,0,0,0,0,gratuito
3,0.0,0,0.0,0,0,1,0,0,0,0,0,0,0,0,0,0,gratuito
3,0.0,0,0.0,0,0,1,0,0,0,0,0,0,0,0,0,0,gratuito
1,10000.0,0,0.0,1,4,1,0,0,0,1,0,1,1,0,0,0,baixo
3,10000.0,31,0.7741935483870968,1,3,1,0,0,0,1,0,1,1,0,0,0,medio_alto
6,10000.0,26,1.0,2,2,1,0,0,0,1,0,0,1,0,0,0,medio_alto
6,10000.0,0,0.0,2,1,1,0,0,0,1,0,0,0,0,0,0,medio_alto
15,750000.0,8890,0.47626546681664794,10,2,1,0,0,0,0,0,0,0,1,1,0,medio_baixo
5,10000.0,16,0.6875,103,7,1,0,0,0,1,1,1,1,0,0,1,baixo
12,350000.0,662,0.6948640483383686,1,2,1,0,0,0,0,1,0,1,0,0,0,medio_alto
6,35000.0,16,0.875,1,3,1,1,0,0,1,1,1,0,0,0,0,medio_alto
2,10000.0,53,0.5471698113207547,7,4,1,0,0,0,1,1,0,1,0,0,1,alto
2,10000.0,7,0.5714285714285714,4,2,1,0,0,1,0,0,1,1,0,0,0,medio_baixo
1,10000.0,0,0.0,11,5,1,0,0,1,1,1,0,1,0,0,0,medio_baixo
5,10000.0,44,0.9090909090909091,10,1,1,1,1,0,0,0,0,1,0,0,0,baixo
2,0.0,0,0.0,1,3,1,0,0,0,1,0,0,0,1,0,0,gratuito
1,0.0,0,0.0,0,0,1,0,0,0,0,0,0,0,0,0,0,gratuito
1,0.0,0,0.0,1,2,1,0,0,0,0,0,0,0,0,0,0,gratuito
1,10000.0,0,0.0,1,2,1,0,0,0,0,0,0,0,0,0,1,baixo
14,35000.0,351,0.9458689458689459,5,3,1,1,0,0,1,1,0,1,0,0,0,medio_baixo
19,1500000.0,154,0.8506493506493507,5,1,1,1,0,0,0,0,0,0,0,1,0,medio_alto
2,10000.0,3,1.0,12,4,1,0,0,0,1,0,0,1,0,1,1,medio_baixo
2,10000.0,38,0.868421052631579,4,3,1,0,0,0,1,0,1,1,0,0,0,medio_baixo
2,0.0,0,0.0,0,0,1,0,0,0,0,0,0,0,0,0,0,gratuito
2,10000.0,319,0.5015673981191222,10,2,1,0,0,0,0,0,0,0,0,1,0,alto
4,0.0,0,0.0,1,4,1,0,0,0,1,0,0,1,1,0,0,gratuito
1,10000.0,26,1.0,9,4,1,0,0,0,1,1,0,0,0,1,0,medio_alto
1,10000.0,0,0.0,1,3,1,0,0,0,1,1,1,0,0,0,0,medio_alto
8,10000.0,34,0.7941176470588235,1,1,1,0,0,0,0,0,1,0,0,0,0,baixo
12,75000.0,220,0.5818181818181818,1,5,1,0,0,0,1,0,1,1,1,1,0,alto
11,3500000.0,38476,0.9661087431125897,1,2,1,0,0,0,1,1,0,0,0,0,0,alto
2,10000.0,98,0.9081632653061225,103,2,1,1,1,0,1,0,1,0,0,0,0,medio_baixo
3,0.0,0,0.0,35,2,1,1,1,0,0,1,0,0,0,0,0,gratuito
3,10000.0,38,0.7631578947368421,2,4,1,0,0,0,1,1,1,0,1,0,0,baixo
1,35000.0,286,0.8531468531468531,4,1,1,0,0,77,0,0,0,0,0,0,0,alto
6,10000.0,125,0.808,1,3,1,0,0,6,1,1,0,0,0,0,0,alto
4,10000.0,2,1.0,1,2,1,0,0,0,1,0,0,1,0,0,0,baixo
6,10000.0,2,1.0,1,6,1,0,0,0,1,1,1,1,0,1,0,alto
2,10000.0,0,0.0,2,3,1,0,0,0,1,1,0,1,0,0,0,baixo
3,35000.0,180,0.7555555555555555,16,1,1,0,0,0,0,0,0,1,0,0,0,medio_alto
2,10000.0,0,0.0,8,1,1,1,0,0,0,0,0,1,0,0,0,medio_baixo
6,150000.0,4,1.0,1,2,1,0,0,0,0,0,1,0,1,0,0,medio_alto
4,10000.0,6,1.0,29,1,1,0,0,0,1,0,0,0,0,0,0,baixo
4,10000.0,31,0.6129032258064516,3,3,1,1,0,0,1,0,1,0,1,0,0,medio_alto
1,0.0,0,0.0,1,3,1,0,0,0,1,0,0,1,0,0,0,medio_alto
6,10000.0,5,0.4,1,2,1,0,0,0,0,0,1,0,0,0,1,medio_alto
1,0.0,0,0.0,0,0,1,0,0,0,0,0,0,0,0,0,0,gratuito
1,10000.0,0,0.0,1,1,1,1,1,0,0,0,0,1,0,0,0,medio_alto
7,10000.0,17,0.7058823529411765,6,1,1,1,0,0,0,0,0,0,0,0,1,medio_baixo
4,150000.0,630,0.9365079365079365,1,3,1,0,0,0,1,1,0,0,0,0,0,medio_baixo
2,10000.0,18,0.9444444444444444,2,3,1,0,0,0,1,0,1,1,0,0,0,medio_alto
3,10000.0,19,1.0,7,3,1,0,0,0,1,1,0,1,0,0,0,baixo
3,10000.0,1,1.0,4,3,1,0,0,1,1,1,1,0,0,0,0,medio_baixo
9,75000.0,163,0.6809815950920245,5,2,1,0,0,0,0,0,0,0,0,0,0,gratuito
4,10000.0,9,0.6666666666666666,0,0,1,0,0,0,0,0,0,0,0,0,0,medio_alto
2,10000.0,2,1.0,1,1,1,0,0,0,1,0,0,0,0,0,0,baixo
3,10000.0,23,1.0,11,2,1,0,0,0,1,0,0,1,0,0,0,baixo
4,10000.0,0,0.0,1,2,1,0,0,0,1,0,0,1,0,0,0,baixo
3,10000.0,1,1.0,1,1,1,0,0,0,0,0,0,1,0,0,0,baixo
4,350000.0,3061,0.9624305782424044,1,3,1,1,0,0,1,0,1,0,1,0,0,alto
9,35000.0,683,0.8799414348462665,2,2,1,0,0,0,1,0,0,0,0,0,0,baixo
1,0.0,0,0.0,0,0,1,0,0,0,0,0,0,0,0,0,0,gratuito
2,10000.0,0,0.0,2,3,1,0,0,0,1,0,1,0,1,0,0,medio_baixo
3,10000.0,2,0.5,1,3,1,0,0,0,0,1,1,0,1,0,0,baixo
4,10000.0,0,0.0,1,1,1,0,1,0,1,0,0,0,0,0,0,medio_baixo
9,10000.0,46,0.9782608695652174,1,3,1,0,0,0,1,1,1,0,0,0,0,medio_baixo
17,150000.0,190,0.531578947368421,3,1,1,0,0,3,0,0,0,0,0,1,0,medio_baixo
4,10000.0,0,0.0,1,1,1,0,0,0,0,0,0,1,0,0,0,baixo
9,10000.0,12,0.8333333333333334,3,2,1,0,0,0,0,0,1,1,0,0,0,medio_alto
1,10000.0,1,1.0,6,3,1,0,0,0,1,0,0,1,0,1,0,baixo
2,10000.0,4,0.0,1,4,1,0,0,0,1,1,1,0,0,0,1,medio_baixo
2,10000.0,80,0.95,1,1,1,1,1,0,0,1,0,0,0,0,0,medio_alto
8,10000.0,5,0.6,1,4,1,1,1,0,1,1,1,0,1,0,0,baixo
7,750000.0,3046,0.7307944845699278,29,6,1,0,0,0,1,1,1,0,1,1,1,baixo
1,10000.0,0,0.0,1,3,1,0,0,0,1,1,0,1,0,0,0,alto
3,0.0,0,0.0,4,4,1,0,0,0,0,0,1,0,1,0,0,gratuito
2,10000.0,1,1.0,7,1,1,0,0,0,0,0,0,0,0,0,0,medio_baixo
4,10000.0,38,0.9210526315789473,1,2,1,0,0,1,1,0,0,0,0,1,0,baixo
10,10000.0,10,0.7,1,3,1,0,0,0,1,0,0,1,0,1,0,baixo
1,0.0,0,0.0,12,4,1,0,0,0,1,1,1,0,0,0,0,medio_baixo
1,10000.0,0,0.0,1,3,1,0,0,0,1,1,0,1,0,0,0,medio_baixo
1,10000.0,25,0.96,30,2,1,0,0,0,1,0,0,0,0,1,0,medio_alto
2,10000.0,6,1.0,1,3,1,0,0,0,1,1,0,1,0,0,0,medio_baixo
7,10000.0,1,1.0,1,3,1,0,0,0,1,0,0,1,0,0,1,medio_baixo
2,10000.0,80,0.6375,2,4,1,0,0,0,1,1,1,0,0,0,0,baixo
6,10000.0,16,0.625,3,2,1,0,0,0,1,1,0,0,0,0,0,medio_alto
1,10000.0,0,0.0,1,1,1,0,0,0,1,0,0,0,0,0,0,baixo
2,35000.0,5,0.8,3,1,1,0,0,0,1,0,0,0,0,0,0,baixo
1,0.0,0,0.0,1,6,1,0,0,0,1,1,1,0,1,1,0,alto
2,10000.0,3,1.0,1,2,1,0,0,0,1,1,0,0,0,0,0,baixo
5,10000.0,20,0.85,1,2,1,0,0,0,0,0,1,1,0,0,0,medio_alto
8,10000.0,27,0.6666666666666666,1,3,1,1,0,0,0,0,0,0,0,0,1,gratuito
1,10000.0,12,0.9166666666666666,1,1,1,0,0,0,0,1,0,0,0,0,0,medio_alto
1,0.0,0,0.0,0,0,1,0,0,0,0,0,0,0,0,0,0,gratuito
8,35000.0,24,0.5416666666666666,9,3,1,0,0,1,1,1,0,1,0,0,0,medio_baixo
2,10000.0,10,1.0,1,2,1,0,0,0,1,0,0,0,1,0,0,medio_baixo
10,10000.0,30,0.7,1,2,1,1,0,1,1,1,0,0,0,0,0,alto
5,0.0,0,0.0,0,0,1,0,0,0,0,0,0,0,0,0,0,gratuito
1,10000.0,201,0.945273631840796,2,4,1,0,0,1,1,0,0,1,1,0,1,alto
6,10000.0,8,0.5,1,3,1,0,1,0,1,1,0,1,0,0,0,baixo
5,35000.0,132,0.7878787878787878,8,5,1,0,0,0,0,0,1,1,1,1,1,gratuito
5,10000.0,20,0.7,1,2,1,0,0,0,1,0,0,0,0,1,0,baixo
4,10000.0,8,0.75,1,1,1,0,0,0,0,0,0,0,0,1,0,alto
9,10000.0,96,0.75,8,3,1,1,1,0,1,0,1,1,0,0,0,alto
8,75000.0,1038,0.8044315992292871,1,3,1,0,0,1,1,0,1,1,0,0,0,medio_baixo
4,10000.0,36,0.8888888888888888,1,2,1,0,0,0,1,1,0,0,0,0,0,medio_baixo
1,0.0,0,0.0,1,9,1,0,0,0,1,1,1,1,1,1,1,medio_alto
8,10000.0,40,0.8,1,3,1,0,0,0,1,0,1,1,0,0,0,baixo
3,10000.0,40,0.8,1,4,1,0,0,0,1,0,1,1,0,0,1,baixo
8,10000.0,34,0.38235294117647056,1,3,1,0,0,0,1,0,1,0,0,1,0,alto
4,10000.0,0,0.0,1,3,1,0,0,0,1,0,0,1,0,0,1,baixo
5,35000.0,26,0.6923076923076923,4,1,1,0,0,0,0,0,0,0,0,0,1,medio_baixo
2,10000.0,109,0.6146788990825688,18,3,1,0,0,0,1,0,1,0,0,0,1,medio_baixo
8,10000.0,26,0.7307692307692307,1,1,1,0,0,0,0,1,0,0,0,0,0,baixo
6,10000.0,31,0.8064516129032258,10,4,1,1,1,0,1,1,0,1,0,1,0,medio_alto
2,10000.0,4,0.5,16,3,1,0,0,0,1,1,0,0,0,0,0,gratuito
12,750000.0,7579,0.8522232484496636,1,4,1,1,1,0,1,1,1,0,1,0,0,medio_alto
3,10000.0,6,0.8333333333333334,2,3,1,0,0,0,1,1,1,0,0,0,0,baixo
1,10000.0,2,1.0,13,2,1,0,1,0,1,0,0,1,0,0,0,medio_alto
3,10000.0,0,0.0,1,1,1,0,0,0,0,0,0,1,0,0,0,baixo
9,10000.0,63,0.9047619047619048,1,2,1,1,1,0,0,1,1,0,0,0,0,alto
3,35000.0,875,0.8788571428571429,2,3,1,1,1,1,1,0,0,0,0,1,1,alto
1,0.0,0,0.0,0,0,1,0,0,0,0,0,0,0,0,0,0,gratuito
2,10000.0,0,0.0,6,2,1,1,1,0,1,0,0,1,0,0,0,baixo
1,10000.0,0,0.0,1,4,1,0,0,0,1,1,0,1,0,0,1,alto
1,0.0,0,0.0,0,0,1,0,0,0,0,0,0,0,0,0,0,gratuito
3,10000.0,2,0.5,2,2,1,0,0,0,1,0,0,0,1,0,0,baixo
3,10000.0,27,0.8518518518518519,1,1,1,0,0,0,0,1,0,0,0,0,0,medio_baixo
7,10000.0,15,0.7333333333333333,1,4,1,1,0,0,1,0,0,0,1,0,1,gratuito
1,10000.0,0,0.0,12,7,1,1,1,0,1,0,1,1,1,1,1,medio_alto
8,35000.0,221,0.9276018099547512,2,4,1,1,0,1,1,0,1,1,0,0,0,gratuito
1,10000.0,3,1.0,8,3,1,0,1,0,1,0,0,1,0,1,0,medio_baixo
3,75000.0,12,1.0,103,1,1,0,0,0,0,0,0,1,0,0,0,baixo
8,35000.0,17,0.4117647058823529,1,4,1,0,0,0,1,1,1,1,0,0,0,medio_baixo
2,10000.0,56,0.9464285714285714,2,3,1,0,0,0,0,0,0,0,0,0,1,alto
2,10000.0,22,0.9545454545454546,1,2,1,0,1,1,1,0,1,0,0,0,0,medio_alto
12,35000.0,96,0.875,4,3,1,0,0,0,0,0,0,1,0,1,1,medio_baixo
3,10000.0,20,0.95,8,3,1,0,0,0,1,0,0,1,0,1,0,medio_baixo
5,10000.0,1,1.0,1,3,1,0,0,0,1,1,0,1,0,0,0,medio_alto
3,10000.0,11,1.0,1,1,1,0,0,0,0,0,0,0,0,0,1,medio_alto
11,10000.0,87,0.7011494252873564,1,3,1,0,0,0,1,0,0,1,0,0,1,medio_baixo
6,75000.0,4,1.0,1,4,1,0,0,0,1,1,0,1,0,0,1,medio_baixo
1,10000.0,0,0.0,1,3,1,0,0,0,1,1,0,1,0,0,0,medio_alto
7,35000.0,3582,0.6806253489670575,12,3,1,0,0,2,0,1,1,0,1,0,0,alto
3,35000.0,40,0.8,1,1,1,0,0,0,0,0,0,0,1,0,0,alto
4,10000.0,0,0.0,1,6,1,0,0,0,1,0,1,1,1,0,1,alto
3,10000.0,28,0.7857142857142857,1,3,1,0,0,0,1,0,0,1,0,0,1,baixo
1,10000.0,0,0.0,2,2,1,0,0,0,0,0,0,0,1,0,0,medio_alto
8,10000.0,3,1.0,1,3,1,1,0,0,0,1,0,0,1,1,0,baixo
4,150000.0,1208,0.7185430463576159,9,5,1,0,0,0,1,1,0,1,1,0,0,medio_baixo
6,10000.0,4,0.25,1,1,1,0,0,0,0,0,0,0,0,0,1,baixo
6,10000.0,12,0.9166666666666666,36,5,1,0,1,0,1,1,1,1,0,0,1,medio_baixo
7,10000.0,41,0.8292682926829268,29,2,1,0,0,0,0,0,0,0,0,0,0,medio_alto
5,35000.0,750,0.8066666666666666,1,2,1,0,0,0,1,0,1,0,0,0,0,alto
3,10000.0,25,0.96,3,3,1,1,1,0,1,0,1,0,1,0,0,medio_alto
6,10000.0,51,0.7254901960784313,1,4,1,0,0,0,1,0,0,1,0,0,0,medio_baixo
3,0.0,0,0.0,0,0,1,0,0,0,0,0,0,0,0,0,0,gratuito
1,35000.0,460,0.6978260869565217,15,2,1,0,0,2,0,0,0,0,0,1,1,alto
1,0.0,0,0.0,0,0,1,0,0,0,0,0,0,0,0,0,0,gratuito
5,0.0,0,0.0,0,0,1,0,0,0,0,0,0,0,0,0,0,gratuito
8,10000.0,2,0.0,1,3,1,0,0,0,0,0,0,0,0,0,1,alto
3,0.0,0,0.0,2,3,1,0,1,0,1,1,0,0,0,0,0,gratuito
11,75000.0,161,0.5093167701863354,1,2,1,0,0,0,1,0,1,0,0,0,0,medio_alto
1,10000.0,0,0.0,1,2,1,0,0,0,0,0,0,1,0,1,0,medio_baixo
2,35000.0,18,0.6666666666666666,1,4,1,0,0,0,1,1,1,0,1,0,0,medio_alto
8,75000.0,239,0.8200836820083682,2,6,1,0,0,0,1,1,1,0,0,1,1,gratuito
4,0.0,0,0.0,1,3,1,0,0,0,1,0,0,0,1,0,0,gratuito
12,10000.0,81,0.8518518518518519,1,1,1,1,1,0,0,0,0,1,0,0,0,medio_baixo
1,750000.0,1097,0.9498632634457612,1,4,1,1,1,1,1,1,0,0,1,1,0,alto
3,10000.0,6,1.0,1,1,1,0,0,0,1,0,0,0,0,0,0,baixo
1,150000.0,2180,0.9178899082568808,6,2,1,1,0,0,0,1,0,0,0,0,0,alto
5,35000.0,304,0.7828947368421053,18,2,1,0,0,0,0,1,1,0,0,0,0,medio_alto
4,10000.0,2,0.5,1,3,1,0,0,0,1,0,1,1,0,0,0,alto
8,35000.0,102,0.803921568627451,103,2,1,0,0,0,1,1,0,0,0,0,0,baixo
1,10000.0,1,1.0,2,1,1,0,0,0,0,0,1,0,0,0,0,medio_alto
3,150000.0,1835,0.4670299727520436,9,2,1,0,0,0,1,1,0,0,0,0,0,medio_baixo
12,10000.0,62,0.6774193548387096,5,2,1,0,0,0,1,0,0,1,0,0,0,medio_alto
3,0.0,0,0.0,103,9,1,0,0,8,1,1,1,1,1,1,1,gratuito
6,10000.0,0,0.0,2,3,1,0,0,0,1,1,0,1,0,0,0,baixo
7,10000.0,24,0.5833333333333334,1,2,1,0,0,0,1,0,0,0,0,0,0,gratuito
9,10000.0,17,0.6470588235294118,1,2,1,1,0,2,0,0,1,0,1,0,0,gratuito
3,35000.0,40,0.95,1,3,1,1,1,0,1,0,0,1,0,1,0,baixo
2,10000.0,2,0.5,2,4,1,1,1,0,1,0,0,1,0,1,1,medio_baixo
2,10000.0,6,0.3333333333333333,1,4,1,1,1,0,1,0,1,1,1,0,0,medio_alto
3,10000.0,8,0.375,2,2,1,0,0,0,1,0,0,1,0,0,0,medio_baixo
2,10000.0,0,0.0,2,2,1,1,0,0,1,0,0,0,0,0,0,alto
1,10000.0,0,0.0,1,4,1,0,0,0,1,1,1,0,0,0,0,gratuito
5,75000.0,352,0.7897727272727273,8,1,1,0,0,1,0,0,0,1,0,0,0,baixo
4,0.0,0,0.0,0,0,1,0,0,0,0,0,0,0,0,0,0,gratuito
3,10000.0,5,0.2,1,5,1,0,0,0,1,0,0,1,0,1,1,baixo
3,10000.0,14,0.9285714285714286,4,4,1,0,0,0,0,1,0,1,0,0,0,medio_alto
4,0.0,0,0.0,1,5,1,0,1,0,1,1,1,1,0,1,0,gratuito
2,10000.0,1,0.0,103,4,1,0,0,0,1,1,1,0,0,0,0,baixo
3,10000.0,5,0.8,1,3,1,0,0,0,1,1,0,1,0,0,0,alto
2,10000.0,3,0.0,2,1,1,0,0,0,0,1,0,0,0,0,0,medio_alto
3,10000.0,23,1.0,8,2,1,1,1,0,1,1,0,0,0,0,0,medio_alto
4,75000.0,10,0.8,8,2,1,0,0,0,0,0,1,1,0,0,0,medio_baixo
1,10000.0,0,0.0,30,1,1,1,1,0,0,0,0,1,0,0,0,medio_baixo
4,10000.0,8,0.625,1,3,1,0,0,0,1,0,1,1,0,0,0,alto
3,10000.0,7,0.7142857142857143,1,2,1,1,1,0,1,1,0,0,0,0,0,baixo
6,10000.0,432,0.5717592592592593,5,2,1,0,0,3,1,0,0,0,0,1,0,medio_alto
7,10000.0,18,0.8333333333333334,2,5,1,0,0,0,1,0,1,1,0,1,1,medio_alto
7,10000.0,0,0.0,1,5,1,0,0,0,1,1,1,0,0,0,1,alto
3,10000.0,33,0.8787878787878788,2,4,1,0,0,0,1,1,0,1,0,1,0,medio_alto
1,10000.0,0,0.0,1,2,1,0,1,1,1,1,0,0,0,0,0,medio_alto
10,150000.0,650,0.4753846153846154,5,3,1,0,0,0,1,1,0,0,0,0,0,alto
2,0.0,0,0.0,12,6,1,0,0,8,0,1,1,1,0,0,1,gratuito
5,35000.0,17,0.6470588235294118,1,3,1,0,0,0,1,1,0,1,0,0,0,medio_alto
2,75000.0,1455,0.8391752577319588,1,6,1,0,0,0,1,1,0,1,0,1,1,medio_alto
14,10000.0,59,0.5254237288135594,5,4,1,0,0,0,1,0,0,1,0,1,1,alto
1,0.0,0,0.0,0,0,1,0,0,0,0,0,0,0,0,0,0,gratuito
10,350000.0,545,0.5761467889908257,9,3,1,0,0,1,0,0,1,1,0,0,0,gratuito
1,10000.0,0,0.0,1,7,1,0,0,0,1,1,1,1,1,0,1,baixo
3,0.0,0,0.0,1,2,1,0,0,0,0,0,0,0,0,0,1,gratuito
3,10000.0,33,0.8484848484848485,1,1,1,1,0,0,0,0,0,1,0,0,0,baixo
2,0.0,0,0.0,1,4,1,1,1,0,0,0,1,1,1,0,0,gratuito
3,0.0,0,0.0,1,3,1,0,0,0,1,0,1,0,1,0,0,gratuito
7,10000.0,20,0.95,2,1,1,0,0,0,0,0,1,0,0,0,0,medio_baixo
4,35000.0,7,0.8571428571428571,1,3,1,0,0,0,1,0,1,0,0,0,0,baixo
5,35000.0,2,1.0,1,3,1,0,0,0,0,1,1,0,1,0,0,baixo
5,10000.0,4,1.0,0,2,1,0,0,0,1,1,0,0,0,0,0,medio_baixo
1,10000.0,0,0.0,1,4,1,0,0,0,1,1,1,0,0,1,0,baixo
2,10000.0,0,0.0,2,4,1,0,0,0,1,1,0,0,1,0,0,alto
1,10000.0,0,0.0,15,5,1,0,0,1,1,0,0,1,0,1,1,alto
5,10000.0,17,0.8823529411764706,1,2,1,0,1,0,1,1,0,0,0,0,0,medio_alto
1,0.0,0,0.0,9,1,1,0,0,0,0,1,0,0,0,0,0,alto
7,10000.0,3,1.0,3,3,1,0,0,2,1,0,1,0,0,1,0,medio_baixo
8,10000.0,8,0.125,2,6,1,0,0,0,1,0,1,1,0,0,1,medio_alto
3,10000.0,3,1.0,1,3,1,0,0,0,1,0,0,1,0,1,0,medio_alto
4,0.0,0,0.0,1,3,1,1,1,1,1,0,1,0,0,0,0,gratuito
8,10000.0,22,0.8636363636363636,1,2,1,1,1,0,1,1,0,0,0,0,0,medio_alto
4,10000.0,2,1.0,1,1,1,0,0,0,1,0,0,0,0,0,0,baixo
2,0.0,0,0.0,0,0,1,0,0,0,0,0,0,0,0,0,0,gratuito
4,150000.0,953,0.8614900314795383,7,5,1,0,0,1,1,0,1,1,1,0,1,baixo
4,10000.0,10,0.8,2,5,1,0,0,0,1,1,0,1,0,1,0,baixo
7,10000.0,34,0.7352941176470589,13,6,1,0,0,3,1,1,1,1,1,0,1,baixo
5,75000.0,13,1.0,7,4,1,1,1,0,1,1,1,0,1,0,0,baixo
6,10000.0,9,1.0,2,2,1,0,0,0,0,1,0,0,0,1,0,baixo
1,10000.0,4,0.25,3,4,1,0,0,0,1,1,0,1,0,0,1,medio_baixo
2,10000.0,19,1.0,12,5,1,1,0,0,1,1,0,1,0,1,1,medio_baixo
1,0.0,0,0.0,1,2,1,0,0,0,1,0,0,1,0,0,0,baixo
6,10000.0,58,0.9655172413793104,1,4,1,0,0,0,1,0,1,0,1,1,0,baixo
3,10000.0,35,0.6571428571428571,7,2,1,0,0,0,1,1,0,0,0,0,0,medio_alto
10,350000.0,2961,0.9483282674772037,8,3,1,1,1,2,1,1,0,0,0,0,0,medio_alto
5,10000.0,1,0.0,5,2,1,0,0,0,1,0,0,1,0,0,0,medio_baixo
1,0.0,0,0.0,1,3,1,0,0,0,1,0,1,1,0,0,0,medio_baixo
2,10000.0,19,0.7894736842105263,1,3,1,0,0,0,0,1,0,1,1,0,0,baixo
3,10000.0,74,0.9054054054054054,4,3,1,0,0,1,1,0,1,1,0,0,0,baixo
9,10000.0,29,0.7586206896551724,1,1,1,1,1,1,1,0,0,0,0,0,0,medio_alto
8,10000.0,26,0.5384615384615384,2,3,1,0,0,0,1,0,0,1,0,0,1,alto
2,0.0,0,0.0,0,0,1,0,0,0,0,0,0,0,0,0,0,gratuito
4,10000.0,21,0.8095238095238095,6,2,1,0,0,0,0,0,0,0,0,0,1,medio_baixo
6,35000.0,9,0.6666666666666666,1,8,1,0,0,103,0,0,0,0,0,0,0,gratuito
6,10000.0,3,1.0,1,2,1,0,0,0,0,0,1,1,0,0,0,medio_alto
8,10000.0,12,1.0,3,4,1,0,0,0,1,0,1,1,1,0,0,medio_baixo
4,10000.0,0,0.0,1,4,1,0,0,0,1,1,1,1,0,0,0,medio_baixo
2,0.0,0,0.0,1,4,1,0,0,0,1,0,1,1,0,0,0,gratuito
2,35000.0,13,1.0,1,3,1,1,0,0,1,0,1,1,0,0,0,alto
14,150000.0,328,0.649390243902439,1,3,1,1,0,0,1,0,0,1,0,1,0,medio_alto
2,10000.0,20,0.9,3,3,1,1,1,0,1,0,1,1,0,0,0,medio_baixo
2,10000.0,0,0.0,2,3,1,0,0,0,1,1,0,1,0,0,0,alto
2,10000.0,3,0.3333333333333333,1,1,1,0,1,0,0,1,0,0,0,0,0,medio_alto
8,35000.0,133,0.6691729323308271,1,2,1,0,0,0,0,0,1,0,0,0,0,gratuito
4,10000.0,2,0.5,2,4,1,0,0,0,1,0,1,1,0,0,0,baixo
7,10000.0,0,0.0,1,3,1,0,0,0,1,1,0,1,0,0,0,baixo
14,350000.0,2094,0.9116523400191022,2,1,1,1,1,1,0,0,1,0,0,0,0,medio_alto
4,35000.0,49,0.4897959183673469,1,6,1,0,0,0,1,1,1,1,1,0,1,medio_baixo
1,0.0,0,0.0,103,3,1,0,1,0,1,1,0,1,0,0,0,baixo
11,75000.0,224,0.84375,1,2,1,0,1,0,1,0,0,0,0,0,1,baixo
10,35000.0,186,0.9516129032258065,1,4,1,0,0,0,0,1,1,0,1,0,0,alto
1,10000.0,20,0.9,30,6,1,0,0,0,0,1,1,1,0,1,1,baixo
3,10000.0,4,1.0,9,4,1,0,0,0,1,1,1,1,0,0,0,medio_baixo
7,10000.0,4,1.0,4,3,1,0,0,0,1,0,0,1,0,1,0,baixo
7,10000.0,159,0.6792452830188679,5,3,1,0,0,0,1,0,1,0,0,0,1,baixo
4,0.0,0,0.0,0,0,1,0,0,0,0,0,0,0,0,0,0,gratuito
5,10000.0,1,1.0,1,2,1,0,0,0,1,1,0,0,0,0,0,medio_alto
3,10000.0,72,0.75,1,5,1,0,0,0,1,1,1,0,1,0,0,alto
1,0.0,0,0.0,1,2,1,0,0,0,0,1,0,0,0,0,0,gratuito
12,350000.0,433,0.7367205542725174,1,4,1,0,0,2,1,0,1,1,1,0,0,baixo
8,10000.0,7,0.0,1,4,1,0,0,0,1,1,1,0,0,0,0,alto
7,10000.0,3,0.3333333333333333,2,4,1,0,0,0,1,1,1,1,0,0,0,medio_baixo
7,10000.0,84,0.8690476190476191,1,4,1,0,0,3,1,0,0,1,0,0,1,gratuito
6,10000.0,420,0.8547619047619047,1,6,1,0,0,0,1,1,0,0,0,1,1,alto
1,10000.0,0,0.0,1,2,1,0,0,0,1,0,1,0,0,0,0,medio_alto
1,0.0,0,0.0,103,1,1,0,0,0,0,0,0,1,0,0,0,baixo
2,10000.0,12,1.0,1,3,1,1,0,0,1,0,1,1,0,0,0,medio_baixo
2,10000.0,1,1.0,3,1,1,1,0,0,1,0,0,0,0,0,0,baixo
10,350000.0,461,0.4511930585683297,1,4,1,0,0,0,1,1,0,1,0,0,0,baixo
8,10000.0,61,0.36065573770491804,1,2,1,0,0,0,1,0,1,0,0,0,0,baixo
7,350000.0,2602,0.6083781706379708,14,5,1,0,0,0,0,0,0,0,1,1,1,gratuito
12,35000.0,114,0.5877192982456141,4,1,1,0,0,0,0,0,1,0,0,0,0,baixo
10,10000.0,8,0.5,1,3,1,0,1,0,1,0,0,0,0,1,0,medio_alto
2,750000.0,29864,0.9625301366193411,16,2,1,0,0,2,1,0,1,0,0,0,0,alto
6,10000.0,5,0.2,1,3,1,0,0,0,1,1,1,0,0,0,0,medio_alto
5,10000.0,0,0.0,1,2,1,0,0,0,1,0,0,0,0,1,0,medio_baixo
1,10000.0,15,0.6666666666666666,5,5,1,0,0,0,1,0,0,1,1,1,1,medio_baixo
2,10000.0,0,0.0,3,3,1,0,0,0,1,0,1,0,1,0,0,alto
4,10000.0,4,1.0,1,1,1,0,0,0,1,0,0,0,0,0,0,medio_alto
2,10000.0,11,0.6363636363636364,1,1,1,0,0,0,0,0,0,1,0,0,0,baixo
2,0.0,0,0.0,1,3,1,0,0,2,1,0,0,1,0,0,0,gratuito
6,10000.0,3,1.0,1,4,1,0,0,0,1,1,0,1,0,0,1,medio_alto
7,10000.0,46,0.8043478260869565,3,3,1,1,1,0,1,0,1,1,0,0,0,baixo
3,10000.0,5,0.2,1,2,1,0,0,0,0,0,0,1,0,0,1,alto
4,35000.0,18,0.8888888888888888,1,3,1,0,0,0,1,1,0,1,0,0,0,baixo
1,10000.0,18,0.9444444444444444,1,1,1,0,0,0,0,1,0,0,0,0,0,medio_alto
1,0.0,0,0.0,0,0,1,0,0,0,0,0,0,0,0,0,0,gratuito
3,10000.0,0,0.0,2,1,1,0,0,0,0,1,0,0,0,0,0,alto
2,10000.0,17,0.9411764705882353,11,3,1,0,1,0,0,0,0,1,1,1,0,medio_alto
4,10000.0,31,1.0,2,4,1,0,1,1,1,0,1,0,1,1,0,medio_alto
1,10000.0,0,0.0,1,2,1,0,0,0,1,1,0,0,0,0,0,medio_alto
4,10000.0,301,0.6146179401993356,15,3,1,0,0,2,1,1,0,0,0,0,0,baixo
18,350000.0,4210,0.854394299287411,1,2,1,0,0,0,0,1,0,0,1,0,0,medio_baixo
8,10000.0,12,0.5,1,3,1,0,0,0,1,1,0,0,0,0,0,alto
5,10000.0,3,0.3333333333333333,1,4,1,0,0,0,1,1,1,1,0,0,0,medio_baixo
2,10000.0,0,0.0,1,1,1,0,0,0,1,0,0,0,0,0,0,medio_alto
3,1500000.0,19125,0.9730196078431372,14,1,1,0,0,1,0,1,0,0,0,0,0,medio_alto
5,150000.0,3305,0.913767019667171,7,2,1,0,0,4,0,1,0,0,0,1,0,medio_alto
5,10000.0,147,0.9523809523809523,5,3,1,1,0,1,1,0,1,1,0,0,0,medio_alto
6,35000.0,11,0.5454545454545454,10,6,1,0,0,0,1,1,0,1,0,1,1,baixo
3,0.0,0,0.0,0,0,1,0,0,0,0,0,0,0,0,0,0,gratuito
2,10000.0,25,0.32,1,2,1,0,0,0,1,0,0,0,0,0,0,gratuito
1,10000.0,0,0.0,2,1,1,0,0,0,0,0,1,0,0,0,0,medio_alto
5,35000.0,67,1.0,1,4,1,0,0,1,1,1,1,1,0,0,0,medio_baixo
2,10000.0,79,0.9367088607594937,4,3,1,0,0,0,1,0,0,0,0,1,1,medio_baixo
4,10000.0,39,0.9487179487179487,29,2,1,0,0,0,1,0,0,1,0,0,0,baixo
2,10000.0,13,0.5384615384615384,2,3,1,0,0,0,1,1,1,0,0,0,0,baixo
11,35000.0,246,0.7276422764227642,3,4,1,0,0,1,1,1,1,1,0,0,0,baixo
10,10000.0,13,0.46153846153846156,1,2,1,0,0,0,1,1,0,0,0,0,0,medio_alto
3,0.0,0,0.0,1,3,1,0,1,0,1,0,1,0,0,0,1,gratuito
6,10000.0,84,0.6904761904761905,5,3,1,0,0,0,1,1,0,0,0,0,0,alto
5,0.0,0,0.0,1,4,1,0,0,0,1,1,0,1,0,0,0,gratuito
4,0.0,0,0.0,1,4,1,0,0,1,1,0,0,1,0,0,0,gratuito
1,0.0,0,0.0,1,3,1,0,0,0,1,1,1,0,0,0,0,alto
5,10000.0,37,0.6216216216216216,1,1,1,0,0,0,1,0,0,0,0,0,0,alto
9,350000.0,876,0.4828767123287671,11,3,1,0,0,0,0,1,0,0,0,1,0,gratuito
6,75000.0,1293,0.8607888631090487,10,3,1,0,0,1,1,0,1,1,0,0,0,baixo
9,10000.0,283,0.8162544169611308,1,2,1,0,0,0,1,0,0,1,0,0,0,baixo
2,10000.0,0,0.0,7,1,1,1,0,0,0,0,0,1,0,0,0,medio_baixo
6,10000.0,46,0.6086956521739131,1,4,1,0,0,0,1,0,1,0,1,0,1,baixo
4,35000.0,939,0.9488817891373802,1,2,1,1,0,0,0,0,0,1,0,0,1,baixo
5,10000.0,95,0.6842105263157895,29,2,1,0,0,0,1,0,0,1,0,0,0,baixo
5,10000.0,0,0.0,1,3,1,1,1,0,1,1,1,0,0,0,0,medio_baixo
5,10000.0,19,0.5789473684210527,1,4,1,0,0,3,0,0,0,1,0,0,1,medio_alto
9,35000.0,44,0.7727272727272727,1,3,1,0,0,0,1,0,1,0,0,0,0,gratuito
1,0.0,0,0.0,7,3,1,0,0,0,0,1,1,0,0,0,0,gratuito
1,10000.0,0,0.0,3,2,1,0,0,0,0,0,1,0,0,0,0,medio_baixo
3,10000.0,8,1.0,1,4,1,0,0,0,1,0,1,0,1,1,0,baixo
8,10000.0,18,0.7222222222222222,1,2,1,0,0,0,1,0,0,1,0,0,0,baixo
5,35000.0,736,0.7323369565217391,10,5,1,0,0,1,1,1,1,1,1,0,0,medio_alto
6,10000.0,24,0.5,2,2,1,1,0,0,0,0,1,1,0,0,0,medio_baixo
9,10000.0,263,0.8783269961977186,9,2,1,0,0,1,1,1,0,0,0,0,0,alto
6,0.0,0,0.0,0,0,1,0,0,0,0,0,0,0,0,0,0,gratuito
3,10000.0,110,0.8818181818181818,29,1,1,0,0,20,0,0,0,1,0,0,0,gratuito
2,10000.0,25,0.92,11,3,1,0,0,0,1,1,0,0,1,0,0,baixo
6,10000.0,6,1.0,1,2,1,0,0,0,1,1,0,0,0,0,0,medio_alto
1,0.0,0,0.0,0,0,1,0,0,0,0,0,0,0,0,0,0,gratuito
1,10000.0,0,0.0,1,2,1,0,0,0,1,0,0,0,0,0,1,medio_baixo
1,0.0,0,0.0,1,3,1,0,0,0,1,1,0,0,0,0,0,medio_baixo
2,10000.0,7,0.7142857142857143,1,6,1,0,0,0,1,0,1,1,1,1,1,medio_alto
6,10000.0,2,1.0,2,3,1,0,0,0,1,0,1,1,0,0,0,medio_alto
5,35000.0,5,1.0,1,2,1,0,0,0,1,1,0,0,0,0,0,baixo
10,10000.0,46,0.8478260869565217,1,3,1,1,1,0,1,0,1,0,0,0,1,alto
1,10000.0,439,0.9384965831435079,6,4,1,1,0,1,1,0,1,0,1,1,0,medio_alto
11,350000.0,4429,0.9327161887559269,6,3,1,1,1,2,1,0,0,0,1,1,0,medio_alto
4,75000.0,580,0.6793103448275862,14,3,1,0,0,1,0,1,1,0,1,0,0,medio_baixo
6,10000.0,72,0.7222222222222222,7,2,1,1,0,0,1,0,0,0,0,1,0,medio_alto
10,10000.0,10,0.6,3,3,1,0,1,0,1,0,1,0,1,0,0,medio_alto
8,10000.0,30,0.5333333333333333,5,3,1,0,0,0,1,0,0,1,0,0,0,medio_alto
1,0.0,0,0.0,0,0,1,0,0,0,0,0,0,0,0,0,0,gratuito
2,10000.0,0,0.0,2,4,1,0,0,5,0,1,0,1,0,0,1,gratuito
7,10000.0,2,1.0,2,3,1,0,0,0,1,1,1,0,0,0,0,medio_baixo
1,0.0,0,0.0,4,4,1,0,0,0,1,1,0,1,0,0,0,gratuito
9,10000.0,7,0.2857142857142857,1,4,1,0,0,0,1,0,0,1,0,0,1,medio_alto
1,0.0,0,0.0,1,5,1,0,0,0,1,0,1,0,0,1,1,medio_baixo
10,35000.0,1315,0.8942965779467681,2,3,1,0,1,0,1,0,1,0,1,0,0,medio_alto
3,75000.0,892,0.75,10,6,1,0,0,1,1,1,1,1,1,0,0,alto
7,10000.0,4,1.0,2,1,1,0,0,0,1,0,0,0,0,0,0,medio_baixo
7,10000.0,204,0.9852941176470589,29,2,1,0,0,0,1,0,0,1,0,0,0,medio_baixo
7,10000.0,17,0.7058823529411765,1,3,1,1,0,0,1,0,0,1,0,1,0,gratuito
9,75000.0,217,0.7557603686635944,5,3,1,1,0,0,1,1,0,1,0,0,0,baixo
2,10000.0,2,1.0,1,4,1,0,0,1,1,1,0,1,1,0,0,medio_baixo
4,10000.0,12,1.0,5,2,1,0,1,0,1,1,0,0,0,0,0,medio_baixo
3,10000.0,22,0.7727272727272727,7,3,1,0,0,0,1,1,1,0,0,0,0,medio_baixo
8,150000.0,869,0.8987341772151899,2,3,1,1,0,4,1,0,0,1,0,0,0,gratuito
3,10000.0,36,0.8333333333333334,1,3,1,0,0,0,1,0,0,1,1,0,0,medio_baixo
5,10000.0,3,0.6666666666666666,1,1,1,0,0,0,1,0,0,0,0,0,0,baixo
7,35000.0,736,0.9402173913043478,9,3,1,1,0,2,0,0,0,0,0,0,1,alto
3,35000.0,313,0.9329073482428115,2,3,1,0,0,0,1,1,0,0,0,1,0,medio_baixo
4,35000.0,6,0.3333333333333333,4,4,1,0,0,0,1,1,1,0,0,0,0,medio_alto
9,10000.0,33,0.5454545454545454,1,3,1,0,0,0,1,0,0,0,0,0,1,gratuito
10,10000.0,50,0.84,1,3,1,1,1,0,1,1,0,0,0,1,0,baixo
8,10000.0,15,0.8,2,2,1,0,0,0,0,1,0,0,0,0,0,medio_alto
3,10000.0,11,0.5454545454545454,2,2,1,0,0,2,0,0,0,1,0,0,1,medio_baixo
13,150000.0,565,0.7876106194690266,1,3,1,1,1,0,1,1,0,0,0,1,0,medio_baixo
2,0.0,0,0.0,1,2,1,0,0,0,0,1,0,0,0,0,0,gratuito
1,10000.0,0,0.0,6,4,1,0,0,0,1,0,0,1,0,1,1,medio_baixo
2,10000.0,0,0.0,12,4,1,0,0,0,1,1,0,1,0,0,0,baixo
11,35000.0,772,0.8549222797927462,2,1,1,1,0,6,0,0,0,0,0,0,0,alto
11,75000.0,77,0.37662337662337664,1,2,1,0,0,0,1,0,1,0,0,0,0,baixo
5,35000.0,6,1.0,5,3,1,0,0,0,1,0,0,0,0,1,1,medio_alto
4,35000.0,1,0.0,1,4,1,1,0,0,1,1,0,1,0,0,0,medio_baixo
11,35000.0,172,0.7616279069767442,1,3,1,0,0,0,1,0,0,0,1,1,0,medio_baixo
2,0.0,0,0.0,0,0,1,0,0,0,0,0,0,0,0,0,0,gratuito
5,10000.0,15,1.0,6,2,1,1,1,1,0,0,0,0,0,0,0,medio_alto
1,0.0,0,0.0,1,4,1,0,0,0,1,1,0,1,0,0,0,baixo
6,10000.0,18,0.8888888888888888,1,4,1,1,0,0,1,1,0,1,0,0,0,gratuito
2,0.0,0,0.0,0,0,1,0,0,0,0,0,0,0,0,0,0,gratuito
3,0.0,0,0.0,1,1,1,0,0,0,0,0,0,1,0,0,0,medio_alto
5,0.0,0,0.0,0,0,1,0,0,0,0,0,0,0,0,0,0,gratuito
6,0.0,0,0.0,2,4,1,0,0,0,1,1,1,1,0,0,0,baixo
12,0.0,0,0.0,1,2,1,1,0,0,1,0,1,0,0,0,0,medio_alto
5,0.0,0,0.0,1,3,1,0,0,0,1,0,0,1,0,0,0,gratuito
5,0.0,0,0.0,1,3,1,0,0,0,1,1,0,1,0,0,0,medio_baixo
4,10000.0,2,1.0,1,3,1,0,0,0,1,1,0,1,0,0,0,baixo
1,0.0,0,0.0,1,2,1,0,0,0,0,0,0,0,0,1,0,gratuito
5,10000.0,18,0.9444444444444444,2,3,1,0,0,0,1,1,1,0,0,0,0,medio_alto
8,0.0,0,0.0,8,1,1,0,0,0,0,0,0,0,1,0,0,medio_alto
3,0.0,0,0.0,7,3,1,1,1,0,1,0,0,1,0,1,0,medio_alto
1,10000.0,9,1.0,10,3,1,0,0,0,0,1,1,1,0,0,0,medio_baixo
4,10000.0,6,1.0,5,1,1,0,0,0,0,0,1,0,0,0,0,medio_alto
3,10000.0,12,0.9166666666666666,1,3,1,0,0,0,1,1,0,1,0,0,0,medio_alto
5,10000.0,1,0.0,1,2,1,0,0,0,0,0,0,0,0,1,1,baixo
6,35000.0,1,1.0,11,1,1,0,0,0,0,0,0,1,0,0,0,medio_baixo
2,10000.0,1,1.0,9,1,1,0,0,0,0,1,0,0,0,0,0,medio_baixo
3,10000.0,3,0.0,1,3,1,0,0,0,1,1,1,0,0,0,0,alto
3,10000.0,2,1.0,1,2,1,0,0,0,1,0,1,0,0,0,0,medio_alto
5,0.0,0,0.0,2,1,1,0,0,0,0,0,1,0,0,0,0,gratuito
4,10000.0,5,0.8,1,4,1,0,0,0,1,1,1,0,1,0,0,medio_alto
7,10000.0,29,0.9310344827586207,1,4,1,0,0,0,1,0,1,1,1,0,0,gratuito
1,0.0,0,0.0,4,4,1,0,0,0,1,1,0,0,1,0,1,medio_baixo
10,10000.0,7,0.5714285714285714,1,3,1,0,1,0,1,1,1,0,0,0,0,medio_alto
3,10000.0,52,0.7884615384615384,6,4,1,0,0,0,1,0,0,1,0,1,1,medio_alto
9,10000.0,226,0.6946902654867256,4,4,1,0,0,1,1,0,1,0,1,1,0,medio_baixo
1,10000.0,31,1.0,9,1,1,1,0,0,1,0,0,0,0,0,0,medio_alto
6,10000.0,6,0.3333333333333333,1,5,1,0,0,0,1,1,0,1,0,1,0,alto
2,0.0,0,0.0,2,3,1,0,0,0,0,1,0,0,0,1,0,gratuito
5,10000.0,18,0.5555555555555556,1,5,1,0,0,0,0,0,0,1,0,0,1,medio_baixo
4,10000.0,24,0.7916666666666666,1,3,1,0,1,1,1,1,1,0,0,0,0,gratuito
7,10000.0,9,0.6666666666666666,2,2,1,0,0,0,1,0,0,1,0,0,0,baixo
5,75000.0,4,0.5,1,2,1,0,0,0,1,0,1,0,0,0,0,medio_alto
6,10000.0,8,0.375,3,1,1,0,0,0,0,0,0,1,0,0,0,baixo
1,0.0,0,0.0,1,2,1,0,0,0,1,0,1,0,0,0,0,medio_baixo
5,10000.0,11,1.0,1,1,1,0,0,0,0,0,1,0,0,0,0,baixo
4,10000.0,10,0.8,1,4,1,1,1,1,1,0,1,1,0,1,0,medio_alto
9,35000.0,28,0.8928571428571429,1,2,1,0,0,0,1,1,0,0,0,0,0,medio_alto
2,0.0,0,0.0,0,0,1,0,0,0,0,0,0,0,0,0,0,gratuito
5,75000.0,848,0.9634433962264151,5,3,1,1,0,2,1,0,1,1,0,0,0,baixo
5,0.0,0,0.0,2,3,1,0,0,1,1,0,1,1,0,0,0,baixo
2,10000.0,221,0.8597285067873304,15,4,1,0,0,1,1,0,1,0,0,1,1,alto
9,10000.0,147,0.891156462585034,10,3,1,1,1,0,1,0,0,1,0,1,0,baixo
10,10000.0,108,0.6388888888888888,1,3,1,1,1,2,1,0,1,0,1,0,0,medio_baixo
1,10000.0,0,0.0,1,5,1,1,1,0,1,0,1,0,1,1,0,alto
2,10000.0,0,0.0,3,3,1,0,0,0,1,1,0,0,1,0,0,medio_alto
3,10000.0,78,0.7307692307692307,7,4,1,0,0,0,1,1,1,0,1,0,0,medio_baixo
2,0.0,0,0.0,0,0,1,0,0,0,0,0,0,0,0,0,0,gratuito
1,0.0,0,0.0,1,7,1,0,0,0,0,0,1,1,1,1,1,gratuito
2,10000.0,0,0.0,1,3,1,0,0,0,1,0,0,1,0,0,1,baixo
1,10000.0,0,0.0,3,3,1,0,0,0,1,0,0,0,0,0,0,alto
3,10000.0,7,0.42857142857142855,4,2,1,0,0,1,0,0,1,1,0,0,0,alto
5,10000.0,21,1.0,9,1,1,0,0,0,0,0,0,0,0,1,0,medio_baixo
5,75000.0,1490,0.9241610738255034,7,4,1,0,0,0,1,0,0,1,0,0,1,baixo
8,350000.0,3374,0.9510966212211025,10,4,1,1,1,3,1,0,0,1,0,1,1,alto
6,10000.0,27,0.7037037037037037,1,3,1,1,0,0,1,1,1,0,0,0,0,baixo
7,10000.0,0,0.0,1,4,1,1,0,0,1,0,1,1,0,0,0,gratuito
2,75000.0,390,0.882051282051282,13,3,1,0,0,0,0,1,0,0,0,0,1,alto
9,35000.0,32,0.78125,2,4,1,0,0,0,1,1,1,0,1,0,0,medio_alto
1,0.0,0,0.0,10,3,1,0,0,0,0,1,0,0,1,0,0,medio_alto
7,10000.0,3,1.0,2,1,1,0,0,0,1,0,0,0,0,0,0,baixo
4,10000.0,7,0.42857142857142855,1,3,1,0,0,0,1,1,1,0,0,0,0,medio_baixo
3,35000.0,1125,0.8284444444444444,1,5,1,0,0,0,1,1,1,0,0,0,1,medio_baixo
5,35000.0,576,0.8854166666666666,4,3,1,1,0,0,1,1,1,0,0,0,0,medio_baixo
1,10000.0,1,1.0,1,8,1,0,0,15,1,1,1,1,1,1,1,baixo
9,10000.0,46,0.782608695652174,1,2,1,1,1,0,1,0,0,1,0,0,0,medio_baixo
1,10000.0,0,0.0,1,3,1,0,0,0,1,0,1,1,0,0,0,medio_baixo
7,150000.0,902,0.7139689578713969,19,4,1,1,1,0,1,1,1,0,1,0,0,medio_baixo
4,10000.0,5,0.8,1,5,1,0,0,0,1,0,0,1,0,1,1,medio_alto
11,10000.0,15,0.9333333333333333,2,2,1,0,0,0,1,0,1,0,0,0,0,alto
1,10000.0,9,0.7777777777777778,3,3,1,0,0,0,1,0,1,0,0,0,1,medio_alto
1,10000.0,0,0.0,1,1,1,0,0,0,1,0,0,0,0,0,0,medio_alto
1,10000.0,2,1.0,1,2,1,0,0,0,1,0,1,0,0,0,0,medio_baixo
6,10000.0,30,0.8333333333333334,2,3,1,1,1,0,1,1,1,0,0,0,0,medio_alto
2,35000.0,57,0.9824561403508771,13,2,1,0,0,0,1,0,0,1,0,0,0,medio_baixo
3,35000.0,524,0.9045801526717557,1,2,1,1,0,1,1,0,1,0,0,0,0,alto
4,10000.0,35,0.8571428571428571,1,6,1,0,0,0,1,1,1,1,0,0,1,alto
8,10000.0,5,0.8,1,3,1,1,1,0,1,1,0,1,0,0,0,medio_baixo
2,10000.0,7,0.8571428571428571,1,2,1,0,0,0,1,1,0,0,0,0,0,baixo
1,75000.0,1777,0.9544175576814856,1,2,1,1,1,0,1,1,0,0,0,0,0,medio_alto
5,0.0,0,0.0,1,4,1,0,0,0,1,0,1,1,1,0,0,gratuito
7,10000.0,12,0.3333333333333333,1,2,1,0,0,0,1,0,0,1,0,0,0,medio_baixo
1,0.0,0,0.0,1,3,1,0,0,0,0,1,1,0,0,0,0,gratuito
1,10000.0,0,0.0,10,3,1,0,0,1,1,1,0,0,0,0,0,alto
3,750000.0,20793,0.9191073919107392,7,5,1,0,0,5,0,1,1,1,1,0,1,alto
2,10000.0,0,0.0,1,5,1,0,0,0,1,1,1,0,1,0,0,gratuito
3,10000.0,347,0.9077809798270894,1,3,1,0,0,1,1,1,0,1,0,0,0,gratuito
8,75000.0,219,0.8538812785388128,4,2,1,0,0,1,1,0,1,0,0,0,0,gratuito
4,10000.0,0,0.0,1,2,1,0,0,0,1,0,0,1,0,0,0,alto
1,10000.0,0,0.0,1,2,1,0,0,0,0,0,1,0,0,0,0,medio_baixo
4,10000.0,17,0.5882352941176471,1,4,1,0,0,0,1,0,0,0,0,1,1,medio_alto
2,10000.0,15,1.0,2,2,1,0,0,0,1,1,0,0,0,0,0,medio_baixo
8,10000.0,40,0.575,1,2,1,0,0,0,0,0,1,0,1,0,0,baixo
6,35000.0,118,0.559322033898305,5,3,1,0,0,0,1,1,1,0,0,0,0,baixo
1,75000.0,1144,0.9047202797202797,11,3,1,0,0,0,1,0,0,1,0,0,1,baixo
8,35000.0,345,0.8869565217391304,12,3,1,1,0,0,1,0,1,1,0,0,0,medio_alto
8,35000.0,337,0.8961424332344213,1,3,1,0,0,0,1,0,0,1,0,1,0,baixo
3,10000.0,0,0.0,1,1,1,0,0,0,0,0,0,1,0,0,0,alto
9,10000.0,0,0.0,1,4,1,0,0,0,1,0,1,0,1,1,0,baixo
5,10000.0,1,1.0,1,3,1,0,0,0,1,1,0,1,0,0,0,baixo
7,10000.0,1,1.0,1,5,1,1,0,0,1,1,1,1,0,1,0,medio_alto
5,10000.0,19,0.7894736842105263,103,3,1,0,0,0,1,0,0,1,0,0,1,baixo
6,10000.0,8,0.625,1,1,1,0,0,0,0,0,0,1,0,0,0,gratuito
13,350000.0,1966,0.8926754832146491,18,2,1,1,1,0,1,0,1,0,0,0,0,baixo
2,10000.0,37,1.0,3,3,1,0,0,0,1,0,1,0,1,0,0,medio_alto
2,10000.0,3,1.0,1,2,1,0,0,0,1,0,0,1,0,0,0,baixo
1,0.0,0,0.0,1,4,1,1,1,0,1,1,1,1,0,0,0,medio_alto
9,10000.0,9,0.6666666666666666,1,3,1,1,1,0,1,0,0,1,0,0,1,alto
1,10000.0,40,0.925,8,3,1,0,0,0,1,0,0,1,0,0,0,medio_baixo
3,0.0,0,0.0,0,0,1,0,0,0,0,0,0,0,0,0,0,gratuito
18,10000.0,25,0.88,5,1,1,0,0,0,0,0,0,1,0,0,0,gratuito
9,10000.0,15,0.7333333333333333,1,1,1,0,0,0,0,0,0,0,0,0,0,gratuito
2,35000.0,11,0.36363636363636365,4,2,1,0,0,1,0,0,1,1,0,0,0,alto
2,10000.0,8,0.375,5,1,1,0,0,0,1,0,0,0,0,0,0,medio_baixo
2,0.0,0,0.0,1,5,1,0,0,0,1,0,1,1,0,0,1,gratuito
7,10000.0,3,1.0,9,2,1,1,1,0,1,0,0,1,0,0,0,medio_baixo
2,75000.0,22,1.0,5,4,1,1,0,0,1,0,1,1,0,1,0,medio_alto
2,10000.0,22,0.9545454545454546,4,3,1,0,0,0,1,0,0,1,0,0,0,baixo
4,10000.0,159,0.9622641509433962,2,2,1,0,0,0,1,0,0,1,0,0,0,medio_baixo
5,3500000.0,21460,0.9254892823858341,17,2,1,1,0,1,0,0,0,0,0,0,1,gratuito
1,10000.0,0,0.0,1,3,1,0,0,0,1,0,0,0,0,1,1,medio_alto
6,10000.0,16,0.625,4,1,1,0,0,0,0,0,0,0,1,0,0,alto
2,10000.0,3,1.0,1,3,1,0,0,0,1,0,0,1,0,0,1,baixo
1,0.0,0,0.0,1,4,1,0,0,0,1,1,0,0,0,0,1,gratuito
2,10000.0,2,1.0,1,3,1,0,0,0,1,1,1,0,0,0,0,baixo
1,0.0,0,0.0,30,2,1,0,0,0,1,0,0,1,0,0,0,medio_baixo
8,10000.0,196,0.9642857142857143,103,2,1,0,0,0,1,0,0,1,0,0,0,baixo
2,75000.0,603,0.9237147595356551,21,8,1,0,0,0,1,1,1,1,0,0,1,medio_alto
1,35000.0,725,0.6344827586206897,4,3,1,0,0,0,1,0,0,1,0,0,1,alto
10,10000.0,8,0.875,1,4,1,0,0,0,0,0,0,0,0,0,0,medio_alto
1,0.0,0,0.0,2,7,1,0,0,0,1,1,1,1,0,1,1,medio_alto
2,35000.0,1168,0.886986301369863,12,2,1,0,0,3,0,1,0,0,1,0,0,alto
10,10000.0,46,1.0,1,2,1,0,0,0,0,0,0,0,0,0,0,alto
1,0.0,0,0.0,1,3,1,0,0,1,1,1,1,0,0,0,0,medio_alto
1,0.0,0,0.0,8,5,1,0,0,0,1,0,0,1,0,1,0,gratuito
2,150000.0,236,0.7372881355932204,13,4,1,0,0,0,1,0,0,0,0,1,1,gratuito
1,10000.0,0,0.0,6,1,1,0,0,1,0,0,0,1,0,0,0,baixo
4,10000.0,1,1.0,1,2,1,0,0,0,1,1,0,0,0,0,0,medio_alto
8,10000.0,12,0.75,8,3,1,0,0,0,1,0,0,1,1,0,0,gratuito
1,10000.0,0,0.0,11,5,1,0,0,0,1,1,1,0,0,0,0,medio_baixo
1,0.0,0,0.0,1,5,1,0,0,0,1,1,0,0,0,1,1,medio_alto
6,75000.0,765,0.7006535947712418,10,4,1,0,0,0,1,1,1,0,1,0,0,gratuito
4,10000.0,3,0.3333333333333333,2,1,1,0,0,0,0,0,0,0,0,1,0,medio_alto
4,10000.0,15,0.5333333333333333,6,4,1,0,0,0,1,1,1,0,1,0,0,medio_alto
6,10000.0,29,0.8275862068965517,2,4,1,0,0,0,1,0,0,1,0,1,1,medio_baixo
2,10000.0,0,0.0,2,3,1,0,0,0,1,1,0,0,0,0,1,gratuito
8,10000.0,18,0.8333333333333334,1,2,1,0,0,0,1,0,0,1,0,0,0,baixo
6,10000.0,27,0.9259259259259259,1,2,1,0,0,1,1,0,0,1,0,0,0,baixo
3,10000.0,6,1.0,1,2,1,0,0,0,1,0,0,1,0,0,0,baixo
1,10000.0,1,1.0,6,4,1,0,0,0,0,0,0,0,0,0,0,medio_baixo
6,10000.0,4,1.0,1,2,1,0,0,0,1,0,0,1,0,0,0,baixo
7,10000.0,14,0.7142857142857143,1,1,1,0,0,0,1,0,0,0,0,0,0,gratuito
7,10000.0,22,0.45454545454545453,2,3,1,0,0,0,1,0,1,0,0,0,1,medio_baixo
1,10000.0,17,0.9411764705882353,1,3,1,1,1,0,1,1,0,1,0,0,0,medio_baixo
1,0.0,0,0.0,0,0,1,0,0,0,0,0,0,0,0,0,0,gratuito
3,35000.0,11,0.6363636363636364,8,3,1,0,0,0,0,0,1,1,0,1,0,alto
7,10000.0,7,0.5714285714285714,1,2,1,1,1,0,1,0,1,0,0,0,0,medio_baixo
2,0.0,0,0.0,0,0,1,0,0,0,0,0,0,0,0,0,0,gratuito
5,0.0,0,0.0,5,4,1,0,0,0,1,1,1,0,0,0,0,gratuito
4,10000.0,9,1.0,4,1,1,0,0,0,0,0,0,1,0,0,0,alto
7,10000.0,17,0.35294117647058826,1,3,1,0,0,0,1,1,0,0,0,0,0,baixo
3,10000.0,0,0.0,14,2,1,0,0,1,1,0,0,1,0,0,0,baixo
1,10000.0,133,0.9473684210526315,8,3,1,0,0,0,0,0,0,0,1,1,1,alto
7,10000.0,8,1.0,1,3,1,0,1,4,1,1,1,0,0,0,0,medio_baixo
5,10000.0,33,0.9696969696969697,1,3,1,1,1,0,1,1,0,1,0,0,0,baixo
9,150000.0,362,0.6878453038674033,1,2,1,1,1,1,1,1,0,0,0,0,0,medio_baixo
1,0.0,0,0.0,0,0,1,0,0,0,0,0,0,0,0,0,0,gratuito
8,10000.0,44,0.75,1,4,1,0,0,0,1,0,0,0,0,1,1,medio_baixo
5,0.0,0,0.0,1,4,1,0,0,0,1,0,0,1,0,0,0,gratuito
6,10000.0,48,0.7916666666666666,4,3,1,1,0,0,1,0,0,1,1,0,0,medio_baixo
1,0.0,0,0.0,0,0,1,0,0,0,0,0,0,0,0,0,0,gratuito
7,10000.0,0,0.0,1,1,1,0,0,0,1,0,0,0,0,0,0,baixo
6,10000.0,12,0.25,1,5,1,0,0,0,1,1,0,0,1,0,0,alto
4,10000.0,6,0.8333333333333334,1,2,1,0,0,0,0,1,0,1,0,0,0,baixo
5,10000.0,4,0.75,11,3,1,0,0,0,1,1,0,1,0,0,0,baixo
10,35000.0,507,0.9664694280078896,1,2,1,0,0,0,1,0,0,0,0,1,0,gratuito
2,35000.0,4,1.0,1,3,1,0,0,0,1,0,1,1,0,0,0,medio_baixo
1,10000.0,0,0.0,1,5,1,0,0,0,1,0,0,1,1,0,1,alto
6,75000.0,151,0.6754966887417219,1,3,1,0,0,0,0,1,0,0,0,1,1,medio_alto
11,150000.0,469,0.8336886993603412,2,1,1,0,0,0,0,0,0,0,0,1,0,baixo
2,10000.0,6,0.8333333333333334,1,3,1,1,0,0,1,0,1,0,1,0,0,medio_alto
1,10000.0,0,0.0,1,2,1,0,0,0,0,0,0,0,0,0,0,medio_alto
2,10000.0,20,0.5,6,3,1,1,1,4,1,0,0,0,1,0,1,baixo
1,10000.0,0,0.0,3,4,1,0,0,0,1,0,0,1,0,1,1,medio_alto
1,0.0,0,0.0,0,0,1,0,0,0,0,0,0,0,0,0,0,gratuito
7,750000.0,7080,0.9569209039548022,1,1,1,0,0,0,0,1,0,0,0,0,0,gratuito
5,10000.0,15,0.8,103,3,1,0,0,0,1,0,1,1,0,0,0,baixo
8,150000.0,549,0.8469945355191257,7,4,1,1,1,1,1,1,1,0,1,0,0,medio_baixo
4,0.0,0,0.0,1,3,1,0,0,0,1,0,0,0,0,0,1,gratuito
11,150000.0,417,0.41007194244604317,2,2,1,0,0,4,1,1,0,0,0,0,0,baixo
7,10000.0,0,0.0,1,1,1,0,0,0,0,1,0,0,0,0,0,medio_alto
16,75000.0,178,0.6741573033707865,7,3,1,0,0,0,1,1,0,1,0,0,0,medio_baixo
3,10000.0,34,0.9705882352941176,3,2,1,0,0,0,1,0,1,0,0,0,0,medio_baixo
2,10000.0,6,1.0,12,4,1,0,0,0,1,1,0,1,1,0,0,baixo
2,10000.0,0,0.0,6,6,1,1,0,0,1,0,0,1,1,1,1,medio_alto
4,10000.0,317,0.7791798107255521,6,1,1,0,0,1,0,0,0,1,0,0,0,baixo
12,75000.0,280,0.7035714285714286,2,3,1,1,1,0,1,0,1,1,0,0,0,baixo
8,10000.0,31,0.8709677419354839,1,4,1,1,0,0,1,0,0,1,0,1,0,gratuito
5,10000.0,1,1.0,2,3,1,0,0,0,1,1,0,0,1,0,0,medio_alto
1,10000.0,1,1.0,2,4,1,0,1,0,1,0,0,1,0,1,1,baixo
2,10000.0,54,0.8888888888888888,9,4,1,0,0,0,1,0,1,1,0,0,1,medio_alto
8,75000.0,2798,0.8774124374553253,1,4,1,1,1,0,1,1,1,0,1,0,0,alto
1,10000.0,0,0.0,3,3,1,0,0,0,1,0,1,1,0,0,0,alto
8,35000.0,649,0.8412942989214176,3,2,1,0,0,5,1,0,1,0,0,0,0,alto
7,750000.0,5005,0.8465534465534466,1,3,1,0,0,0,1,0,1,0,0,1,0,gratuito
3,10000.0,24,0.5416666666666666,7,1,1,0,0,0,0,0,0,1,0,0,0,medio_baixo
4,10000.0,9,0.7777777777777778,4,3,1,0,0,0,0,0,0,1,0,1,1,alto
4,75000.0,614,0.8078175895765473,2,4,1,0,0,0,0,0,0,1,1,0,0,gratuito
1,10000.0,0,0.0,5,1,1,0,0,0,0,0,0,0,0,1,0,alto
8,10000.0,59,0.847457627118644,2,1,1,0,0,0,1,0,0,0,0,0,0,baixo
6,10000.0,9,0.7777777777777778,6,3,1,0,0,0,1,0,0,1,0,1,0,medio_alto
3,10000.0,0,0.0,0,3,1,0,0,0,1,1,1,0,0,0,0,baixo
3,10000.0,160,0.725,11,2,1,0,0,0,0,1,1,0,0,0,0,alto
17,0.0,0,0.0,5,2,1,0,0,0,1,0,1,0,0,0,0,baixo
11,10000.0,21,0.6190476190476191,3,1,1,0,0,0,0,0,1,0,0,0,0,alto
9,35000.0,517,0.6092843326885881,2,4,1,0,0,0,0,1,0,0,0,0,1,gratuito
2,10000.0,3,1.0,7,4,1,0,1,0,1,1,1,0,1,0,0,alto
1,10000.0,57,0.6666666666666666,1,3,1,0,0,0,0,0,0,0,1,0,1,alto
3,10000.0,0,0.0,1,2,1,1,0,0,1,0,1,0,0,0,0,medio_baixo
8,35000.0,66,0.6515151515151515,1,3,1,1,0,0,0,0,0,0,0,1,0,gratuito
6,10000.0,13,0.8461538461538461,1,3,1,1,1,1,1,1,0,0,0,0,0,baixo
6,10000.0,7,0.7142857142857143,1,3,1,0,0,0,1,1,0,0,0,0,1,medio_alto
5,0.0,0,0.0,1,3,1,0,0,0,1,0,0,1,0,0,0,gratuito
1,0.0,0,0.0,1,3,1,0,0,0,1,0,1,1,0,0,0,medio_baixo
6,35000.0,15,0.6666666666666666,1,2,1,0,0,0,0,1,0,0,0,0,0,gratuito
3,10000.0,0,0.0,1,4,1,0,0,0,1,0,0,1,0,1,1,baixo
8,10000.0,31,0.8064516129032258,3,3,1,1,0,0,1,0,0,1,0,1,0,baixo
1,10000.0,1,1.0,2,1,1,0,0,0,0,0,0,1,0,0,0,medio_alto
2,10000.0,3,1.0,1,3,1,0,0,0,1,0,0,1,0,1,0,medio_baixo
3,10000.0,0,0.0,1,2,1,0,0,0,0,0,0,1,0,0,0,gratuito
4,75000.0,42,0.5714285714285714,6,3,1,1,0,0,0,0,1,1,0,0,1,medio_alto
3,0.0,0,0.0,0,0,1,0,0,0,0,0,0,0,0,0,0,gratuito
2,10000.0,7,0.7142857142857143,1,3,1,0,0,0,1,0,1,0,1,0,0,medio_alto
1,0.0,0,0.0,1,1,1,0,0,0,0,0,0,0,0,0,0,medio_baixo
7,10000.0,59,0.8983050847457628,16,3,1,1,0,0,0,0,1,1,0,1,0,alto
1,0.0,0,0.0,1,3,1,1,1,0,1,0,0,1,0,0,0,gratuito
9,75000.0,76,0.5131578947368421,1,1,1,1,0,0,0,0,0,0,0,1,0,gratuito
1,10000.0,0,0.0,12,2,1,0,0,0,1,0,0,0,0,0,0,alto
1,10000.0,0,0.0,2,1,1,0,0,0,0,0,1,0,0,0,0,medio_alto
2,0.0,0,0.0,1,3,1,0,0,0,1,1,0,0,0,0,0,gratuito
3,0.0,0,0.0,0,0,1,0,0,0,0,0,0,0,0,0,0,gratuito
2,10000.0,1,1.0,2,1,1,0,0,0,0,0,0,1,0,0,0,alto
8,10000.0,4,0.75,1,1,1,0,0,0,0,0,0,1,0,0,0,baixo
4,10000.0,15,1.0,1,1,1,1,1,0,0,0,1,0,0,0,0,medio_baixo
11,10000.0,47,0.8297872340425532,1,1,1,1,1,0,0,0,0,0,1,0,0,medio_baixo
3,10000.0,666,0.954954954954955,8,3,1,0,0,6,0,0,0,1,1,0,1,alto
2,10000.0,0,0.0,1,2,1,0,0,0,1,0,0,1,0,0,0,medio_alto
9,10000.0,3,0.3333333333333333,2,3,1,0,0,0,0,1,1,0,0,0,1,medio_alto
5,10000.0,1,0.0,1,2,1,0,0,0,1,1,0,0,0,0,0,baixo
6,10000.0,10,0.6,1,2,1,0,0,0,1,0,0,0,1,0,0,medio_alto
4,10000.0,83,0.6385542168674698,3,2,1,0,0,0,1,0,0,0,1,0,0,alto
1,10000.0,10,0.4,6,1,1,0,0,0,0,0,0,0,0,0,0,baixo
10,35000.0,43,0.7209302325581395,1,3,1,0,0,0,1,0,0,1,0,0,1,baixo
3,0.0,0,0.0,1,4,1,1,1,0,1,1,0,1,0,0,0,gratuito
4,10000.0,0,0.0,1,2,1,0,0,0,1,0,0,1,0,0,0,baixo
2,10000.0,0,0.0,1,2,1,0,0,0,1,0,0,1,0,0,0,baixo
8,10000.0,0,0.0,12,4,1,0,1,0,1,0,0,1,1,0,1,baixo
1,10000.0,2,1.0,1,5,1,0,0,0,1,1,1,0,0,0,1,medio_baixo
4,75000.0,922,0.972885032537961,15,3,1,0,0,1,0,1,0,0,0,0,1,medio_alto
2,10000.0,12,1.0,1,2,1,0,0,1,1,0,0,0,0,1,0,medio_alto
1,10000.0,0,0.0,4,2,1,1,0,1,0,0,0,1,0,1,0,alto
6,75000.0,53,0.6415094339622641,1,1,1,0,0,0,1,0,0,0,0,0,0,baixo
6,10000.0,29,0.9310344827586207,1,3,1,0,0,0,0,1,0,1,0,0,0,alto
10,10000.0,167,0.9520958083832335,1,2,1,1,1,1,1,0,1,0,0,0,0,baixo
2,10000.0,21,0.8095238095238095,3,4,1,0,0,0,1,1,0,1,0,0,0,medio_baixo
4,10000.0,25,0.92,1,2,1,0,0,0,1,0,0,1,0,0,0,medio_baixo
10,35000.0,40,0.625,1,2,1,0,0,0,1,0,0,1,0,0,0,baixo
7,10000.0,201,0.9203980099502488,2,3,1,1,1,0,1,0,1,0,0,0,0,gratuito
3,10000.0,2,0.5,1,3,1,0,0,0,1,0,1,1,0,0,0,medio_baixo
1,10000.0,4,0.75,2,3,1,0,0,0,1,0,1,1,0,0,0,baixo
3,0.0,0,0.0,0,0,1,0,0,0,0,0,0,0,0,0,0,gratuito
6,10000.0,21,0.9523809523809523,9,3,1,1,1,2,1,1,1,0,0,0,0,medio_alto
3,10000.0,28,0.8928571428571429,2,2,1,0,0,0,1,1,0,0,0,0,0,medio_baixo
5,10000.0,10,0.7,3,1,1,0,0,0,0,0,0,1,0,0,0,medio_alto
4,10000.0,1,1.0,10,7,1,1,0,0,1,1,1,1,1,1,1,baixo
2,10000.0,0,0.0,30,3,1,0,0,0,1,0,0,1,0,0,1,medio_baixo
2,0.0,0,0.0,1,3,1,1,1,0,0,0,1,1,0,0,0,gratuito
12,35000.0,178,0.12359550561797752,1,4,1,0,0,0,1,1,1,0,1,0,0,medio_baixo
10,750000.0,18972,0.7765654648956357,1,4,1,0,0,0,1,1,0,0,0,0,1,alto
8,10000.0,58,0.6551724137931034,1,4,1,0,0,0,1,1,0,0,0,0,0,alto
6,75000.0,180,0.7055555555555556,1,3,1,0,0,0,1,1,0,0,0,0,0,gratuito
7,10000.0,9,0.8888888888888888,3,2,1,0,0,0,0,1,1,0,0,0,0,gratuito
15,3500000.0,6451,0.8727329096264145,27,3,1,1,1,0,1,0,1,1,0,0,0,baixo
5,10000.0,16,0.875,6,2,1,0,0,1,1,1,0,0,0,0,0,baixo
2,350000.0,7532,0.9772968667020712,13,2,1,0,0,2,1,1,0,0,0,0,0,alto
4,10000.0,0,0.0,1,2,1,0,0,0,1,0,0,1,0,0,0,baixo
3,10000.0,10,1.0,31,4,1,1,1,0,1,1,0,1,0,0,0,baixo
4,10000.0,1,1.0,2,3,1,0,0,0,0,0,0,1,0,0,1,medio_alto
3,10000.0,12,0.4166666666666667,15,5,1,0,0,0,1,0,1,1,0,0,1,baixo
3,0.0,0,0.0,0,0,1,0,0,0,0,0,0,0,0,0,0,gratuito
3,10000.0,0,0.0,14,3,1,1,0,1,1,0,1,0,0,0,0,gratuito
4,10000.0,0,0.0,1,3,1,1,0,0,0,0,1,0,0,1,0,gratuito
1,0.0,0,0.0,1,4,1,0,0,0,1,0,0,0,1,0,1,baixo
3,0.0,0,0.0,103,3,1,0,0,0,1,1,0,1,0,0,0,medio_baixo
5,75000.0,22,0.7727272727272727,2,4,1,0,0,0,1,1,1,1,0,0,0,gratuito
2,0.0,0,0.0,10,3,1,1,0,0,1,0,0,1,0,0,0,gratuito
1,10000.0,123,0.926829268292683,5,2,1,1,0,0,1,0,0,1,0,0,0,medio_baixo
1,10000.0,0,0.0,4,3,1,0,0,0,1,0,1,1,0,0,0,alto
1,0.0,0,0.0,13,2,1,0,0,0,0,1,0,0,0,0,0,gratuito
2,10000.0,19,0.8421052631578947,4,3,1,0,0,0,1,0,0,1,0,0,1,medio_baixo
5,150000.0,987,0.7608915906788247,1,3,1,0,1,16,1,0,0,0,1,0,0,gratuito
2,10000.0,54,0.9814814814814815,11,7,1,0,0,1,1,1,1,1,1,0,1,medio_baixo
1,0.0,0,0.0,1,7,1,0,0,0,1,0,1,1,1,1,1,alto
1,10000.0,0,0.0,29,5,1,1,1,1,1,0,1,0,0,0,1,medio_alto
3,10000.0,385,0.6987012987012987,11,4,1,0,0,1,1,1,0,1,0,0,0,medio_baixo
6,10000.0,26,0.8461538461538461,2,1,1,0,0,0,0,0,0,1,0,0,0,baixo
4,0.0,0,0.0,2,5,1,0,0,0,1,1,0,0,1,1,0,gratuito
1,0.0,0,0.0,3,2,1,0,0,0,1,0,0,0,0,0,0,gratuito
5,10000.0,17,0.8235294117647058,8,2,1,1,0,0,0,0,0,0,0,1,1,alto
2,10000.0,82,0.9634146341463414,4,1,1,0,0,0,1,0,0,0,0,0,0,medio_baixo
1,0.0,0,0.0,0,0,1,0,0,0,0,0,0,0,0,0,0,gratuito
7,10000.0,20,0.65,1,4,1,0,0,1,1,1,0,1,0,0,0,gratuito
2,0.0,0,0.0,3,5,1,0,0,0,1,0,0,0,0,1,1,gratuito
4,350000.0,1713,0.7373029772329247,8,3,1,0,0,0,1,0,0,0,0,1,1,alto
5,10000.0,1,0.0,1,1,1,0,0,0,0,0,0,0,0,1,0,baixo
8,75000.0,1810,0.949171270718232,10,3,1,1,0,2,1,0,1,1,0,0,0,medio_alto
9,35000.0,316,0.9018987341772152,1,2,1,0,0,1,1,0,1,0,0,0,0,medio_alto
2,10000.0,18,0.6111111111111112,2,1,1,0,0,0,0,0,1,0,0,0,0,medio_alto
1,10000.0,92,0.9891304347826086,2,3,1,1,0,2,1,1,0,0,0,0,0,alto
2,10000.0,0,0.0,7,1,1,0,0,0,0,1,0,0,0,0,0,medio_alto
5,0.0,0,0.0,1,4,1,0,0,0,1,1,1,0,0,0,0,gratuito
11,10000.0,9,0.6666666666666666,2,2,1,1,0,0,1,0,1,0,0,0,0,medio_baixo
5,750000.0,7244,0.9006073992269464,7,2,1,0,0,1,0,1,0,0,0,0,0,alto
3,10000.0,29,0.6551724137931034,8,3,1,0,0,0,1,0,1,0,0,0,1,baixo
2,10000.0,21,0.8095238095238095,1,5,1,0,0,0,1,1,1,0,1,0,0,alto
5,10000.0,11,0.09090909090909091,29,3,1,1,1,0,1,1,0,1,0,0,0,alto
1,0.0,0,0.0,1,1,1,0,0,0,0,0,0,0,0,0,1,baixo
5,10000.0,5,0.6,103,1,1,0,0,0,1,0,0,0,0,0,0,baixo
1,0.0,0,0.0,2,2,1,0,0,0,1,0,0,1,0,0,0,medio_baixo
3,10000.0,2,1.0,1,2,1,0,0,0,1,1,0,0,0,0,0,alto
1,10000.0,0,0.0,1,2,1,1,1,1,0,0,0,0,0,0,1,alto
3,10000.0,7,1.0,1,2,1,0,0,0,1,0,0,1,0,0,0,medio_baixo
1,10000.0,13,1.0,4,2,1,0,0,0,1,0,1,0,0,0,0,medio_baixo
4,0.0,0,0.0,0,0,1,0,0,0,0,0,0,0,0,0,0,gratuito
2,0.0,0,0.0,0,0,1,0,0,0,0,0,0,0,0,0,0,gratuito
2,10000.0,11,0.6363636363636364,3,4,1,0,0,0,1,1,1,0,0,0,1,baixo
3,10000.0,79,0.759493670886076,1,3,1,0,0,1,1,0,1,0,0,0,1,medio_alto
2,10000.0,278,0.8776978417266187,29,2,1,1,0,0,0,1,0,0,0,0,0,alto
2,10000.0,43,0.4883720930232558,4,7,1,0,0,0,1,0,1,1,0,1,1,medio_alto
2,10000.0,10,0.7,6,4,1,0,0,0,1,1,1,0,0,0,0,gratuito
6,75000.0,98,0.5816326530612245,103,4,1,0,0,0,1,0,0,1,0,0,1,baixo
4,0.0,0,0.0,1,3,1,0,0,0,0,1,0,0,0,0,0,gratuito
6,10000.0,8,0.875,1,2,1,0,0,0,1,1,0,0,0,0,0,medio_alto
6,10000.0,3,0.0,1,1,1,0,0,0,0,1,0,0,0,0,0,medio_alto
6,10000.0,9,0.3333333333333333,1,3,1,1,0,0,1,1,1,0,0,0,0,baixo
3,0.0,0,0.0,2,3,1,0,0,0,0,1,1,0,0,0,0,gratuito
6,150000.0,1356,0.7359882005899705,9,4,1,0,0,0,1,1,1,0,1,0,0,medio_baixo
1,0.0,0,0.0,1,5,1,1,0,0,1,1,0,1,0,1,1,medio_baixo
1,0.0,0,0.0,1,4,1,0,0,0,1,1,1,0,0,0,0,gratuito
2,10000.0,17,0.8235294117647058,8,3,1,0,0,0,1,1,1,0,0,0,0,medio_baixo
5,0.0,0,0.0,0,0,1,0,0,0,0,0,0,0,0,0,0,gratuito
5,10000.0,5,1.0,1,2,1,1,0,0,1,1,0,0,0,0,0,baixo
7,10000.0,5,0.6,1,3,1,0,0,0,1,1,0,1,0,0,0,medio_baixo
6,10000.0,2,0.5,1,1,1,0,0,0,0,0,0,1,0,0,0,medio_baixo
12,10000.0,49,0.24489795918367346,1,3,1,0,0,0,1,1,1,0,0,0,0,medio_alto
1,10000.0,0,0.0,1,3,1,0,0,0,1,1,0,0,0,0,0,medio_alto
1,0.0,0,0.0,0,0,1,0,0,0,0,0,0,0,0,0,0,gratuito
6,10000.0,52,0.8653846153846154,1,5,1,0,0,0,1,0,1,1,0,1,0,baixo
19,35000.0,198,0.4494949494949495,3,1,1,0,0,0,0,0,0,0,0,0,0,baixo
3,0.0,0,0.0,1,4,1,0,0,0,0,0,0,0,1,1,0,gratuito
8,10000.0,3,1.0,1,3,1,1,1,0,1,0,1,0,1,0,0,alto
1,10000.0,0,0.0,14,4,1,0,0,0,1,0,0,1,0,1,0,medio_baixo
9,10000.0,32,0.84375,1,3,1,1,1,0,1,0,1,1,0,0,0,medio_alto
2,0.0,0,0.0,14,5,1,0,0,0,1,0,1,1,0,0,1,gratuito
11,10000.0,70,0.34285714285714286,1,7,1,0,0,0,1,1,1,0,0,0,1,alto
1,10000.0,0,0.0,5,3,1,1,1,0,1,1,0,0,0,0,0,medio_alto
2,10000.0,0,0.0,26,1,1,0,0,0,1,0,0,0,0,0,0,medio_baixo
4,10000.0,0,0.0,5,4,1,0,0,0,0,0,0,1,1,1,1,medio_alto
6,35000.0,537,0.8491620111731844,12,3,1,0,0,1,1,0,1,1,0,0,0,medio_alto
1,10000.0,37,0.8918918918918919,2,4,1,1,0,0,1,1,1,1,0,0,0,alto
1,0.0,0,0.0,1,3,1,0,0,0,1,0,1,1,0,0,0,medio_baixo
1,0.0,0,0.0,2,4,1,0,0,0,1,0,0,1,0,0,0,medio_alto
5,75000.0,111,0.8918918918918919,1,2,1,0,0,0,0,1,1,0,0,0,0,medio_alto
4,10000.0,2,1.0,1,2,1,0,0,0,0,0,0,0,0,0,1,medio_alto
6,10000.0,10,0.7,3,1,1,0,0,0,0,0,0,0,0,0,1,alto
4,75000.0,3,1.0,1,4,1,0,0,7,1,0,0,1,1,1,0,alto
5,0.0,0,0.0,0,0,1,0,0,0,0,0,0,0,0,0,0,gratuito
1,0.0,0,0.0,11,3,1,0,0,0,1,0,0,1,0,0,1,medio_baixo
3,10000.0,7,0.7142857142857143,1,2,1,0,0,0,0,0,0,0,0,1,0,alto
4,0.0,0,0.0,0,0,1,0,0,0,0,0,0,0,0,0,0,gratuito
10,350000.0,309,0.598705501618123,1,3,1,0,0,0,1,1,1,0,0,0,0,baixo
2,10000.0,39,0.8205128205128205,15,2,1,0,0,0,1,0,0,1,0,0,0,baixo
4,10000.0,3,0.3333333333333333,1,1,1,0,0,0,0,0,0,0,0,1,0,alto
2,10000.0,2,0.5,1,1,1,0,0,0,0,1,0,0,0,0,0,baixo
3,10000.0,4,1.0,1,2,1,0,0,0,1,0,0,1,0,0,0,baixo
3,0.0,0,0.0,0,0,1,0,0,0,0,0,0,0,0,0,0,gratuito
3,10000.0,47,0.723404255319149,2,3,1,0,0,0,1,0,0,1,0,0,1,medio_baixo
5,10000.0,136,0.9044117647058824,1,4,1,0,0,3,1,0,1,1,1,0,0,medio_alto
7,150000.0,1696,0.8242924528301887,1,5,1,0,1,0,1,1,0,0,0,1,0,gratuito
1,10000.0,0,0.0,3,1,1,0,0,0,1,0,0,0,0,0,0,baixo
4,0.0,0,0.0,0,0,1,0,0,0,0,0,0,0,0,0,0,gratuito
4,150000.0,35,0.9714285714285714,2,1,1,0,0,0,0,0,0,1,0,0,0,baixo
3,10000.0,32,0.90625,1,7,1,0,0,0,0,0,0,0,0,0,0,gratuito
1,0.0,0,0.0,2,4,1,0,0,0,1,0,1,0,0,1,1,alto
8,750000.0,17204,0.8681120669611718,10,3,1,0,0,1,1,0,1,0,1,0,0,medio_alto
2,10000.0,0,0.0,1,2,1,0,0,0,1,0,0,0,1,0,0,alto
5,10000.0,23,0.43478260869565216,1,4,1,0,0,0,0,0,0,1,0,1,1,gratuito
1,0.0,0,0.0,24,3,1,0,0,0,1,0,0,0,0,0,1,gratuito
6,10000.0,1,1.0,1,1,1,0,0,0,1,0,0,0,0,0,0,medio_baixo
1,0.0,0,0.0,1,3,1,0,0,0,1,1,1,0,0,0,0,baixo
3,10000.0,6,0.8333333333333334,1,2,1,0,0,0,1,0,0,0,0,0,1,medio_alto
1,10000.0,0,0.0,1,4,1,0,0,0,1,1,0,0,0,0,0,medio_alto
5,10000.0,0,0.0,1,2,1,1,1,1,0,0,0,0,1,0,0,alto
8,10000.0,0,0.0,1,4,1,0,0,0,1,1,1,1,0,0,0,alto
2,10000.0,36,1.0,2,3,1,0,0,1,1,1,1,0,0,0,0,medio_alto
3,35000.0,16,0.6875,3,3,1,0,0,0,1,1,0,0,0,0,0,baixo
6,10000.0,7,1.0,1,6,1,0,0,0,1,1,1,0,0,1,1,medio_alto
13,350000.0,7849,0.9550261179768124,5,1,1,0,0,8,0,1,0,0,0,0,0,medio_baixo
4,10000.0,23,0.9130434782608695,3,3,1,1,1,1,1,0,0,0,0,1,0,alto
6,10000.0,23,0.9130434782608695,2,5,1,0,0,0,1,0,1,1,1,0,0,gratuito
7,35000.0,1021,0.8129285014691479,1,2,1,0,0,1,1,0,1,0,0,0,0,medio_alto
1,10000.0,0,0.0,1,2,1,0,0,0,1,0,0,1,0,0,0,medio_alto
1,10000.0,17,1.0,1,4,1,0,0,0,1,1,0,0,0,1,0,medio_alto
8,10000.0,276,0.782608695652174,4,3,1,0,0,0,1,1,1,0,0,0,0,medio_alto
3,0.0,0,0.0,7,5,1,0,0,0,1,1,1,0,1,1,0,gratuito
2,10000.0,1,1.0,1,3,1,0,0,0,1,1,1,0,0,0,0,medio_baixo
4,10000.0,25,0.6,1,3,1,0,0,0,0,1,1,0,1,0,0,medio_alto
9,35000.0,66,0.7272727272727273,1,4,1,0,0,0,1,0,0,1,0,0,1,gratuito
2,0.0,0,0.0,1,3,1,0,0,0,0,0,0,1,0,1,0,gratuito
5,10000.0,5,0.6,4,1,1,0,0,0,0,0,0,1,0,0,0,alto
2,10000.0,54,0.9444444444444444,3,1,1,0,0,0,0,0,0,0,0,1,0,alto
3,0.0,0,0.0,0,0,1,0,0,0,0,0,0,0,0,0,0,gratuito
5,10000.0,24,0.9583333333333334,14,4,1,0,0,0,1,1,0,0,0,1,0,gratuito
1,10000.0,17,0.8235294117647058,1,1,1,0,0,0,1,0,0,0,0,0,0,medio_alto
7,35000.0,361,0.6925207756232687,13,3,1,1,1,0,1,0,0,0,0,1,1,medio_baixo
1,0.0,0,0.0,0,0,1,0,0,0,0,0,0,0,0,0,0,gratuito
3,0.0,0,0.0,0,0,1,0,0,0,0,0,0,0,0,0,0,gratuito
3,0.0,0,0.0,0,0,1,0,0,0,0,0,0,0,0,0,0,gratuito
9,10000.0,56,0.21428571428571427,1,7,1,0,0,0,1,1,1,0,1,0,0,alto
7,35000.0,352,0.8352272727272727,1,4,1,1,0,1,1,0,1,0,1,1,0,medio_alto
6,10000.0,25,0.36,1,4,1,0,0,0,1,1,1,1,0,0,0,baixo
2,0.0,0,0.0,7,2,1,1,1,64,0,0,0,1,0,0,0,gratuito
2,10000.0,4,1.0,1,2,1,0,0,0,1,1,0,0,0,0,0,medio_alto
1,0.0,0,0.0,1,2,1,0,0,0,0,0,0,1,0,0,0,gratuito
2,10000.0,0,0.0,3,7,1,0,0,0,1,1,1,0,1,1,1,alto
8,150000.0,296,0.5878378378378378,1,3,1,1,0,0,0,0,0,1,0,1,0,gratuito
2,10000.0,2,0.5,2,1,1,0,0,0,0,0,0,1,0,0,0,alto
4,10000.0,16,0.8125,1,1,1,0,0,0,0,0,0,0,0,0,0,baixo
10,750000.0,9805,0.9450280469148393,5,3,1,0,1,0,1,1,0,0,0,0,0,gratuito
3,35000.0,49,0.4489795918367347,30,5,1,0,0,0,0,1,1,0,1,1,1,medio_baixo
3,10000.0,6,0.6666666666666666,1,4,1,1,0,0,1,1,0,1,0,0,0,alto
7,10000.0,6,0.8333333333333334,1,2,1,0,0,0,0,0,0,0,0,0,0,medio_alto
2,0.0,0,0.0,0,0,1,0,0,0,0,0,0,0,0,0,0,gratuito
13,750000.0,3455,0.6755426917510854,9,1,1,0,0,0,0,1,0,0,0,0,0,medio_baixo
1,0.0,0,0.0,1,3,1,0,0,0,0,0,1,1,0,0,0,gratuito
3,10000.0,27,0.5555555555555556,4,2,1,0,0,0,1,1,0,0,0,0,0,medio_alto
1,10000.0,0,0.0,1,2,1,0,1,0,0,0,1,1,0,0,0,medio_alto
6,10000.0,18,0.7777777777777778,1,3,1,0,0,0,1,0,0,1,0,0,0,gratuito
4,10000.0,3,1.0,1,3,1,1,0,0,1,0,0,1,0,1,0,medio_baixo
8,10000.0,13,0.6153846153846154,3,1,1,0,0,0,0,0,0,1,0,0,0,medio_alto
1,0.0,0,0.0,1,2,1,1,0,0,1,0,1,0,0,0,0,medio_baixo
9,10000.0,38,0.8157894736842105,5,2,1,1,0,0,1,0,0,0,0,1,0,medio_alto
8,10000.0,7,1.0,3,2,1,0,0,0,0,0,1,1,0,0,0,medio_alto
1,10000.0,0,0.0,1,3,1,0,0,0,1,1,0,1,0,0,0,medio_alto
2,10000.0,2,1.0,1,2,1,0,0,0,1,0,0,1,0,0,0,medio_baixo
1,10000.0,441,0.9659863945578231,16,4,1,1,0,0,1,1,0,0,0,0,1,medio_alto
3,35000.0,301,0.8272425249169435,9,2,1,0,0,2,0,1,0,0,0,1,0,medio_alto
2,35000.0,10,0.7,3,4,1,0,0,0,1,1,1,0,1,0,0,medio_baixo
1,0.0,0,0.0,0,0,1,0,0,0,0,0,0,0,0,0,0,gratuito
7,10000.0,19,0.7894736842105263,3,3,1,0,0,0,1,0,1,1,0,0,0,medio_alto
2,10000.0,1,1.0,1,1,1,0,0,0,0,0,0,1,0,0,0,medio_baixo
2,0.0,0,0.0,12,5,1,0,0,0,1,0,0,1,0,1,1,gratuito
3,0.0,0,0.0,1,3,1,0,0,0,1,1,0,0,0,0,0,gratuito
4,10000.0,10,0.8,1,4,1,0,0,0,1,1,1,0,1,0,0,medio_alto
1,0.0,0,0.0,3,2,1,1,0,0,0,0,1,1,0,0,0,medio_alto
10,10000.0,125,0.912,1,1,1,0,0,0,1,0,0,0,0,0,0,medio_alto
4,10000.0,0,0.0,1,5,1,0,0,0,0,1,1,1,0,0,1,baixo
6,10000.0,52,0.46153846153846156,3,2,1,0,0,0,1,0,0,0,0,1,0,alto
11,750000.0,2095,0.556563245823389,9,2,1,0,0,10,0,1,0,0,0,0,0,gratuito
3,0.0,0,0.0,0,0,1,0,0,0,0,0,0,0,0,0,0,gratuito
6,10000.0,30,0.36666666666666664,1,6,1,0,0,0,0,1,1,1,0,1,1,alto
1,10000.0,0,0.0,2,2,1,0,0,0,0,1,1,0,0,0,0,alto
4,10000.0,183,0.6010928961748634,11,3,1,0,0,0,1,1,1,0,0,0,0,medio_alto
8,35000.0,52,0.4423076923076923,1,3,1,0,0,0,1,1,0,1,0,0,0,baixo
7,10000.0,39,0.717948717948718,2,3,1,0,0,0,1,0,0,1,0,0,0,gratuito
10,10000.0,13,0.38461538461538464,1,5,1,0,0,0,1,0,0,1,0,1,1,medio_baixo
1,10000.0,0,0.0,11,4,1,1,1,1,1,0,0,1,0,0,1,medio_alto
7,10000.0,8,1.0,2,2,1,0,0,0,1,0,0,1,0,0,0,medio_alto
1,10000.0,0,0.0,4,4,1,0,0,0,0,0,0,1,1,0,1,medio_baixo
2,350000.0,2222,0.824032403240324,10,4,1,0,0,1,1,1,1,0,0,0,0,alto
1,150000.0,2,1.0,1,3,1,0,0,0,0,0,1,1,0,1,0,medio_alto
1,10000.0,2,1.0,1,2,1,0,0,0,1,1,0,0,0,0,0,medio_alto
2,10000.0,34,0.8235294117647058,2,2,1,0,0,0,1,0,0,0,0,1,0,alto
2,10000.0,19,0.42105263157894735,7,2,1,0,0,1,0,0,0,0,0,1,0,gratuito
2,0.0,0,0.0,0,0,1,0,0,0,0,0,0,0,0,0,0,gratuito
1,10000.0,0,0.0,1,3,1,0,0,0,1,0,0,1,0,0,0,gratuito
5,75000.0,2,1.0,4,3,1,0,0,0,1,0,0,1,0,1,0,medio_baixo
5,35000.0,409,0.7555012224938875,1,2,1,0,0,0,1,0,1,0,0,0,0,medio_baixo
9,10000.0,4,0.75,1,4,1,0,0,0,1,0,0,1,0,0,1,baixo
1,10000.0,1,1.0,11,4,1,0,0,0,1,1,0,0,0,1,1,medio_alto
6,10000.0,3,0.3333333333333333,1,3,1,0,0,0,1,1,1,0,0,0,0,medio_alto
10,10000.0,104,0.6730769230769231,1,3,1,0,0,0,1,0,1,0,0,0,0,gratuito
4,75000.0,2,1.0,1,1,1,0,0,0,0,0,0,1,0,0,0,baixo
9,10000.0,11,0.9090909090909091,1,2,1,0,0,0,0,0,1,1,0,0,0,medio_alto
18,1500000.0,20930,0.8110367892976589,5,1,1,0,0,6,0,0,0,0,1,0,0,medio_baixo
1,10000.0,0,0.0,11,2,1,0,0,0,0,0,0,1,0,1,0,medio_alto
2,10000.0,57,0.9473684210526315,12,4,1,0,1,0,1,1,1,1,0,0,0,medio_baixo
1,10000.0,3,1.0,1,4,1,0,0,0,1,1,1,0,0,0,0,medio_alto
3,0.0,0,0.0,1,2,1,0,0,0,0,0,0,1,0,0,0,gratuito
1,10000.0,141,0.7163120567375887,17,4,1,0,0,0,1,1,0,1,0,0,0,medio_alto
1,10000.0,0,0.0,1,3,1,0,0,0,1,0,1,1,0,0,0,medio_baixo
1,35000.0,665,0.9789473684210527,1,5,1,0,0,0,1,1,0,1,0,1,1,medio_alto
7,10000.0,0,0.0,1,5,1,0,0,0,1,0,1,1,0,1,0,alto
6,10000.0,54,0.6666666666666666,2,2,1,0,0,0,1,0,0,0,1,0,0,alto
8,10000.0,7,1.0,1,3,1,1,1,0,1,0,0,1,0,0,1,medio_alto
8,10000.0,53,0.9245283018867925,2,3,1,0,0,0,0,0,1,1,0,1,0,medio_baixo
6,10000.0,7,0.5714285714285714,1,1,1,0,0,0,0,0,0,0,1,0,0,baixo
3,350000.0,4014,0.9080717488789237,8,1,1,0,0,0,0,0,0,0,0,0,0,alto
3,150000.0,6285,0.9105807478122514,5,2,1,0,0,8,0,1,0,0,1,0,0,alto
5,10000.0,19,0.21052631578947367,28,9,1,1,1,0,1,1,1,1,1,1,1,alto
2,75000.0,11,0.9090909090909091,5,4,1,0,0,0,1,1,1,0,0,0,0,medio_baixo
7,10000.0,24,0.9166666666666666,1,2,1,0,0,0,0,1,1,0,0,0,0,alto
1,10000.0,0,0.0,27,2,1,1,1,0,1,0,0,0,0,0,1,baixo
5,10000.0,13,0.38461538461538464,1,2,1,0,0,0,1,0,0,1,0,0,0,baixo
1,0.0,0,0.0,23,6,1,0,0,0,1,1,1,0,1,1,1,alto
3,10000.0,48,0.5625,2,4,1,0,0,2,1,1,1,0,1,0,0,medio_baixo
1,10000.0,0,0.0,8,3,1,0,0,0,1,0,1,1,0,0,0,baixo
2,10000.0,19,0.21052631578947367,10,6,1,0,0,0,1,1,1,1,0,0,1,baixo
1,10000.0,0,0.0,13,2,1,0,1,0,1,0,0,1,0,0,0,alto
1,0.0,0,0.0,1,1,1,0,0,0,0,0,0,0,0,1,0,alto
3,10000.0,4,0.75,8,3,1,0,0,0,1,1,0,1,0,0,0,medio_alto
3,10000.0,6,1.0,3,2,1,1,0,0,0,0,1,1,0,0,0,medio_alto
8,150000.0,572,0.7744755244755245,1,4,1,0,0,7,0,0,0,1,1,0,1,gratuito
4,0.0,0,0.0,2,3,1,1,0,0,1,0,1,0,0,0,1,gratuito
2,10000.0,8,0.75,1,1,1,0,0,0,0,0,0,0,0,0,0,baixo
6,0.0,0,0.0,2,5,1,0,0,0,1,0,1,1,1,0,1,alto
4,10000.0,32,0.3125,1,2,1,1,1,1,1,1,0,0,0,0,0,alto
2,10000.0,1,1.0,1,2,1,0,0,0,1,0,0,0,0,0,0,alto
2,10000.0,0,0.0,2,4,1,1,1,0,1,0,0,1,0,0,0,gratuito
1,10000.0,2,0.5,1,1,1,0,0,0,0,1,0,0,0,0,0,alto
2,0.0,0,0.0,1,2,1,0,0,0,0,0,0,0,0,1,0,gratuito
9,10000.0,55,0.9090909090909091,5,2,1,1,1,0,1,0,0,1,0,0,0,baixo
9,1500000.0,18502,0.6670089720030267,11,1,1,0,0,8,0,1,0,0,0,0,0,medio_baixo
4,10000.0,10,0.7,1,3,1,0,0,0,0,0,1,1,1,0,0,medio_baixo
5,10000.0,0,0.0,3,4,1,0,0,2,0,1,1,1,0,0,1,baixo
2,0.0,0,0.0,0,0,1,0,0,0,0,0,0,0,0,0,0,gratuito
2,10000.0,12,1.0,9,3,1,0,0,0,1,0,1,0,0,0,0,medio_alto
7,10000.0,12,1.0,1,3,1,0,0,0,0,1,0,1,0,0,0,gratuito
8,10000.0,29,0.8275862068965517,4,1,1,1,0,0,0,0,0,1,0,0,0,medio_alto
6,10000.0,2,1.0,1,4,1,0,0,0,1,1,0,0,0,1,0,baixo
3,10000.0,0,0.0,1,1,1,0,0,2,0,1,0,0,0,0,0,alto
1,0.0,0,0.0,1,3,1,0,0,1,1,0,0,1,0,0,1,alto
5,0.0,0,0.0,0,0,1,0,0,0,0,0,0,0,0,0,0,gratuito
2,10000.0,0,0.0,1,2,1,0,0,0,1,0,0,1,0,0,0,medio_baixo
8,10000.0,134,0.8656716417910447,8,3,1,1,0,1,1,1,1,0,0,0,0,medio_alto
1,0.0,0,0.0,9,2,1,0,0,0,1,0,1,0,0,0,0,alto
15,150000.0,680,0.8411764705882353,4,1,1,1,0,0,0,0,1,0,0,0,0,baixo
4,35000.0,773,0.7296248382923674,11,3,1,0,0,1,1,1,1,0,0,0,0,medio_baixo
1,10000.0,3,0.6666666666666666,1,2,1,0,0,0,1,0,1,0,0,0,0,medio_baixo
4,10000.0,18,0.5555555555555556,1,2,1,0,0,0,1,0,1,0,0,0,0,medio_baixo
3,10000.0,13,0.8461538461538461,1,4,1,1,1,0,1,1,1,0,0,1,0,medio_alto
1,10000.0,7,1.0,1,3,1,0,0,0,1,0,1,1,0,0,0,baixo
6,10000.0,16,0.9375,3,3,1,0,0,0,0,0,1,1,0,1,0,medio_baixo
2,10000.0,6,0.3333333333333333,2,4,1,0,0,0,1,1,1,0,1,0,0,medio_alto
5,10000.0,35,0.8,1,3,1,0,0,0,1,1,1,0,0,0,0,medio_alto
3,10000.0,0,0.0,1,2,1,0,0,0,0,0,1,1,0,0,0,medio_baixo
2,0.0,0,0.0,0,0,1,0,0,0,0,0,0,0,0,0,0,gratuito
9,35000.0,175,0.6228571428571429,4,2,1,0,1,0,0,0,0,0,0,1,1,medio_baixo
5,10000.0,111,0.7297297297297297,3,4,1,0,0,0,1,0,0,1,0,1,0,gratuito
1,10000.0,0,0.0,1,2,1,0,0,0,1,0,1,0,0,0,0,baixo
3,10000.0,0,0.0,2,2,1,0,0,0,1,0,1,0,0,0,0,baixo
8,10000.0,100,0.32,27,6,1,0,0,0,1,1,1,1,0,1,1,baixo
3,10000.0,0,0.0,1,1,1,0,0,1,0,0,0,1,0,0,0,medio_baixo
2,10000.0,2,0.5,14,2,1,0,0,0,1,1,0,0,0,0,0,baixo
4,10000.0,18,1.0,2,2,1,0,0,1,0,1,1,0,0,0,0,medio_baixo
7,10000.0,8,1.0,6,2,1,1,1,2,1,1,0,0,0,0,0,medio_alto
5,0.0,0,0.0,1,3,1,0,0,0,1,1,1,0,0,0,0,gratuito
4,10000.0,0,0.0,1,5,1,0,0,0,1,1,1,1,0,1,0,alto
3,10000.0,18,0.9444444444444444,3,6,1,0,0,0,1,1,1,1,1,0,0,medio_baixo
1,10000.0,0,0.0,1,4,1,1,1,0,1,1,1,1,0,0,0,medio_alto
2,0.0,0,0.0,1,3,1,1,0,0,1,0,0,1,0,0,0,gratuito
1,0.0,0,0.0,2,2,1,0,0,0,1,1,0,0,0,0,0,medio_alto
2,0.0,0,0.0,0,0,1,0,0,0,0,0,0,0,0,0,0,gratuito
9,10000.0,1,1.0,1,5,1,0,0,0,0,0,1,1,1,0,0,baixo
6,10000.0,0,0.0,2,1,1,0,0,0,0,0,0,1,0,0,0,medio_baixo
11,75000.0,136,0.6617647058823529,4,3,1,0,0,0,0,0,1,1,0,1,0,baixo
5,35000.0,69,0.855072463768116,29,2,1,1,0,0,1,0,0,1,0,0,0,medio_baixo
4,10000.0,2,1.0,103,5,1,0,0,0,1,0,1,1,0,1,1,medio_baixo
8,10000.0,5,0.6,12,4,1,0,0,0,1,1,0,1,0,1,0,alto
11,10000.0,5,0.8,6,2,1,0,0,0,1,0,0,1,0,0,0,medio_alto
5,10000.0,149,0.6308724832214765,8,3,1,0,0,0,1,1,0,0,0,0,1,baixo
3,350000.0,2503,0.8897323212145426,13,4,1,0,0,0,1,1,0,1,1,0,0,medio_baixo
6,10000.0,1,0.0,1,1,1,0,1,1,0,0,0,1,0,0,0,medio_baixo
1,0.0,0,0.0,1,2,1,0,0,0,0,0,0,1,0,0,1,medio_alto
6,75000.0,204,0.7058823529411765,2,1,1,0,0,0,0,0,0,0,0,0,1,medio_alto
1,10000.0,0,0.0,1,1,1,0,0,0,0,0,0,1,0,0,0,baixo
2,0.0,0,0.0,1,2,1,0,0,0,0,0,0,0,0,0,0,gratuito
5,0.0,0,0.0,1,1,1,1,0,0,0,1,0,0,0,0,0,gratuito
5,10000.0,22,0.9545454545454546,1,2,1,0,0,0,1,1,0,0,0,0,0,baixo
3,10000.0,58,0.8793103448275862,2,4,1,1,1,1,1,0,1,1,0,0,0,medio_alto
3,10000.0,4,1.0,1,3,1,0,0,0,1,1,0,0,0,0,0,medio_alto
7,1500000.0,7157,0.9374039401984071,1,3,1,0,0,4,1,1,1,0,0,0,0,medio_alto
12,75000.0,286,0.7412587412587412,1,3,1,1,1,0,1,1,1,0,0,0,0,baixo
10,10000.0,18,0.5,1,1,1,0,0,0,0,0,0,1,0,0,0,medio_baixo
2,10000.0,881,0.8422247446083996,11,3,1,1,0,1,1,0,1,1,0,0,0,alto
2,10000.0,74,0.7162162162162162,29,2,1,0,0,0,0,0,0,0,0,0,1,alto
9,10000.0,69,1.0,1,2,1,0,0,0,0,0,0,0,1,0,1,alto
2,10000.0,1,1.0,3,3,1,0,0,0,1,1,0,1,0,0,0,baixo
1,10000.0,0,0.0,1,4,1,0,0,0,1,1,0,1,0,0,0,gratuito
2,10000.0,123,0.8048780487804879,11,1,1,1,0,0,0,1,0,0,0,0,0,alto
3,10000.0,0,0.0,1,3,1,0,0,0,1,1,0,1,0,0,0,medio_baixo
5,35000.0,3,0.6666666666666666,1,2,1,0,0,0,0,0,1,1,0,0,0,medio_alto
9,10000.0,13,0.7692307692307693,1,3,1,0,0,0,1,1,0,0,0,0,0,alto
7,10000.0,11,0.45454545454545453,2,1,1,0,0,0,0,0,0,0,0,0,1,baixo
2,35000.0,104,0.5480769230769231,1,4,1,0,0,0,1,0,0,0,1,1,1,medio_baixo
3,10000.0,0,0.0,1,2,1,0,1,0,0,1,0,1,0,0,0,medio_baixo
5,10000.0,379,0.8021108179419525,11,7,1,0,0,0,1,1,1,1,1,1,1,medio_baixo
2,10000.0,2,1.0,1,6,1,0,0,0,1,1,1,1,1,1,0,medio_baixo
2,10000.0,1,1.0,1,2,1,0,0,0,0,1,0,0,0,1,0,medio_baixo
4,0.0,0,0.0,1,4,1,0,0,4,1,0,0,1,0,0,0,gratuito
1,10000.0,7,1.0,10,1,1,0,0,0,0,0,0,1,0,0,0,medio_baixo
2,10000.0,10,0.9,3,1,1,1,0,0,0,0,0,1,0,0,0,medio_alto
1,350000.0,7668,0.7543035993740219,15,2,1,0,0,5,0,0,1,0,0,0,1,alto
4,10000.0,6,0.8333333333333334,2,2,1,0,0,0,1,0,0,1,0,0,0,baixo
5,10000.0,58,0.9655172413793104,7,2,1,1,0,0,1,0,1,0,0,0,0,medio_alto
4,0.0,0,0.0,4,5,1,0,0,0,1,0,0,1,0,0,1,baixo
6,10000.0,5,1.0,1,6,1,1,1,0,1,1,1,1,1,1,0,alto
3,0.0,0,0.0,0,0,1,0,0,0,0,0,0,0,0,0,0,gratuito
11,35000.0,91,0.6043956043956044,4,2,1,0,0,0,0,0,1,1,0,0,0,medio_alto
1,10000.0,0,0.0,17,1,1,0,0,1,0,0,0,1,0,0,0,baixo
3,10000.0,0,0.0,1,2,1,0,0,0,1,1,0,0,0,0,0,medio_alto
1,0.0,0,0.0,1,2,1,0,0,0,1,0,0,1,0,0,0,baixo
3,10000.0,0,0.0,2,5,1,0,0,0,1,1,1,0,1,0,1,medio_baixo
7,10000.0,1,1.0,1,2,1,0,0,0,1,0,0,0,0,0,0,medio_baixo
8,10000.0,75,0.6133333333333333,1,3,1,0,0,0,1,0,0,0,0,1,1,medio_alto
4,35000.0,937,0.8036286019210246,15,3,1,0,0,8,0,1,1,1,0,0,0,medio_alto
8,10000.0,24,0.5,5,2,1,0,1,0,0,1,0,0,0,0,0,medio_baixo
8,10000.0,2,1.0,1,2,1,1,1,0,1,1,0,0,0,0,0,alto
5,10000.0,6,0.3333333333333333,1,3,1,0,0,0,0,0,0,1,1,0,1,baixo
2,10000.0,0,0.0,1,1,1,0,0,0,0,0,0,0,0,0,1,medio_alto
2,10000.0,46,0.9347826086956522,2,3,1,1,0,0,1,0,0,0,1,1,0,medio_alto
9,10000.0,175,0.96,1,2,1,0,0,1,1,1,0,0,0,0,0,medio_alto
9,0.0,0,0.0,1,2,1,0,0,0,1,0,0,0,0,0,0,gratuito
2,10000.0,15,0.9333333333333333,13,3,1,1,0,0,1,0,1,1,0,0,0,alto
4,350000.0,3997,0.8696522391793845,7,4,1,0,0,2,1,0,0,0,0,1,1,alto
5,10000.0,138,0.8478260869565217,1,3,1,0,0,0,1,0,0,1,0,0,0,gratuito
3,10000.0,68,0.5,1,2,1,0,0,0,0,1,1,0,0,0,0,alto
3,0.0,0,0.0,0,0,1,0,0,0,0,0,0,0,0,0,0,gratuito
1,10000.0,58,1.0,2,3,1,0,0,0,1,0,1,1,0,0,0,alto
2,10000.0,0,0.0,2,3,1,0,0,0,0,1,0,0,1,0,0,gratuito
1,10000.0,28,0.9642857142857143,2,2,1,0,1,0,1,1,0,0,0,0,0,medio_baixo
2,10000.0,6,0.8333333333333334,1,2,1,1,1,0,0,0,0,1,0,0,1,medio_alto
8,75000.0,128,0.8203125,1,3,1,0,0,0,1,0,0,0,0,0,1,gratuito
4,10000.0,0,0.0,1,3,1,0,0,0,1,0,0,1,0,0,1,alto
2,0.0,0,0.0,103,2,1,0,0,0,1,0,0,1,0,0,0,medio_baixo
9,10000.0,81,0.8271604938271605,6,3,1,1,1,0,1,1,1,0,0,0,0,alto
2,10000.0,0,0.0,5,2,1,0,0,0,1,1,0,0,0,0,0,baixo
1,0.0,0,0.0,0,0,1,0,0,0,0,0,0,0,0,0,0,gratuito
4,10000.0,1,0.0,1,2,1,0,0,0,0,1,0,0,0,0,0,alto
11,10000.0,82,0.6341463414634146,1,2,1,0,0,0,1,0,0,0,0,0,1,medio_alto
4,0.0,0,0.0,1,7,1,0,0,0,1,0,1,1,1,1,1,gratuito
2,10000.0,20,1.0,2,2,1,0,0,0,1,0,0,0,1,0,0,medio_alto
2,10000.0,37,0.5675675675675675,1,2,1,0,0,0,1,0,0,1,0,0,0,baixo
9,10000.0,26,0.6153846153846154,11,5,1,0,0,1,1,0,1,1,1,1,0,medio_alto
6,10000.0,31,0.8387096774193549,1,1,1,0,0,0,0,1,0,0,0,0,0,medio_alto
5,75000.0,1016,0.6624015748031497,1,3,1,0,0,0,0,1,0,0,0,0,1,alto
1,10000.0,0,0.0,15,4,1,0,0,0,1,0,1,1,0,0,1,medio_alto
1,10000.0,333,0.972972972972973,5,4,1,0,0,0,1,0,0,1,0,0,1,gratuito
7,10000.0,32,0.34375,1,4,1,0,0,0,1,1,0,1,0,0,0,alto
5,0.0,0,0.0,0,0,1,0,0,0,0,0,0,0,0,0,0,gratuito
6,350000.0,19,0.7368421052631579,1,1,1,0,0,0,0,1,0,0,0,0,0,gratuito
10,10000.0,62,0.5483870967741935,8,5,1,1,1,0,1,1,0,1,0,1,1,medio_alto
1,0.0,0,0.0,0,0,1,0,0,0,0,0,0,0,0,0,0,gratuito
8,10000.0,10,0.7,2,3,1,0,0,0,1,0,0,1,0,1,0,gratuito
4,10000.0,1,1.0,1,1,1,0,0,0,0,1,0,0,0,0,0,medio_alto
5,75000.0,774,0.7777777777777778,12,2,1,1,1,1,0,0,1,0,1,0,0,medio_alto
2,10000.0,100,0.73,2,4,1,0,0,4,1,0,1,0,1,1,0,alto
2,10000.0,1,0.0,1,3,1,0,0,0,1,0,0,1,1,0,0,baixo
2,10000.0,4,0.75,1,2,1,0,1,0,0,1,1,0,0,0,0,medio_baixo
5,10000.0,13,1.0,13,3,1,0,0,1,0,0,0,1,0,1,0,gratuito
1,10000.0,0,0.0,1,1,1,0,0,0,0,0,0,1,0,0,0,baixo
4,35000.0,10,1.0,1,4,1,0,0,0,1,1,0,1,0,0,0,gratuito
1,0.0,0,0.0,0,0,1,0,0,0,0,0,0,0,0,0,0,gratuito
8,10000.0,22,0.9545454545454546,1,3,1,0,0,0,1,1,0,0,0,1,0,gratuito
4,10000.0,2,0.5,1,3,1,0,1,1,1,0,1,1,0,0,0,alto
11,35000.0,71,0.6901408450704225,1,3,1,0,0,0,1,1,0,1,0,0,0,alto
8,10000.0,13,0.8461538461538461,29,2,1,1,1,0,1,0,0,1,0,0,0,medio_baixo
10,10000.0,115,0.9739130434782609,6,2,1,1,0,0,1,0,0,1,0,0,0,medio_baixo
10,350000.0,1183,0.400676246830093,1,4,1,0,0,0,1,1,0,1,0,0,1,baixo
2,10000.0,0,0.0,1,4,1,0,0,0,1,0,1,1,0,0,0,gratuito
7,10000.0,5,0.8,1,2,1,0,0,0,1,0,1,0,0,0,0,medio_alto
3,10000.0,99,0.494949494949495,1,9,1,0,0,0,1,1,1,0,1,1,1,gratuito
2,10000.0,19,0.9473684210526315,2,3,1,0,0,0,1,0,1,0,0,0,0,medio_alto
9,350000.0,796,0.7650753768844221,1,4,1,0,0,23,1,0,1,1,0,0,0,baixo
4,10000.0,21,0.7142857142857143,16,1,1,0,0,0,0,0,0,0,0,0,1,alto
4,35000.0,114,0.8245614035087719,2,3,1,0,0,0,1,0,1,1,0,0,0,baixo
14,350000.0,8772,0.8716370269037848,8,1,1,0,0,5,0,0,0,0,0,1,0,medio_baixo
4,10000.0,11,0.6363636363636364,1,2,1,0,0,0,0,1,1,0,0,0,0,medio_alto
5,750000.0,18354,0.7244197450147107,4,3,1,0,0,2,0,1,1,0,1,0,0,alto
5,10000.0,51,0.6078431372549019,2,6,1,0,0,1,1,1,1,0,1,1,1,medio_alto
9,75000.0,903,0.6921373200442967,6,2,1,0,1,0,1,1,0,0,0,0,0,medio_alto
1,0.0,0,0.0,0,0,1,0,0,0,0,0,0,0,0,0,0,gratuito
9,10000.0,3,0.0,1,3,1,0,0,0,1,1,0,0,0,0,0,alto
4,10000.0,32,0.96875,1,3,1,0,0,0,1,1,0,1,0,0,0,medio_baixo
4,10000.0,57,0.8070175438596491,2,4,1,0,0,1,1,1,0,0,1,1,0,alto
5,10000.0,0,0.0,1,2,1,0,0,0,1,0,0,1,0,0,0,baixo
8,35000.0,96,0.65625,1,5,1,1,0,0,1,1,1,1,0,0,1,gratuito
6,10000.0,51,0.7058823529411765,1,3,1,0,0,6,1,0,0,1,0,1,0,gratuito
10,75000.0,430,0.8488372093023255,1,3,1,1,1,1,1,1,0,1,0,0,0,baixo
4,10000.0,4,1.0,1,2,1,0,0,0,0,0,1,1,0,0,0,medio_alto
1,0.0,0,0.0,103,2,1,0,0,0,0,0,1,1,0,0,0,baixo
7,35000.0,135,0.7555555555555555,1,2,1,0,0,0,0,0,0,0,0,0,0,gratuito
9,10000.0,11,0.8181818181818182,1,2,1,0,0,0,1,1,0,0,0,0,0,baixo
6,10000.0,12,0.5,3,2,1,1,1,1,1,0,1,0,0,0,0,medio_alto
4,150000.0,14,0.7857142857142857,5,2,1,0,0,0,0,0,1,1,0,0,0,alto
2,10000.0,0,0.0,5,3,1,1,1,1,1,0,1,1,0,0,0,alto
5,10000.0,301,0.9700996677740864,12,3,1,0,0,1,1,0,1,1,0,0,0,medio_alto
7,10000.0,0,0.0,1,3,1,0,0,0,1,1,0,1,0,0,0,baixo
9,10000.0,106,0.9245283018867925,9,3,1,1,1,0,1,0,0,1,0,1,0,medio_alto
5,35000.0,3,0.6666666666666666,1,2,1,0,0,0,0,0,1,1,0,0,0,medio_alto
1,0.0,0,0.0,1,2,1,0,0,1,1,0,0,0,0,0,0,gratuito
1,0.0,0,0.0,30,3,1,0,0,0,1,0,0,1,0,0,1,alto
2,10000.0,1,0.0,1,5,1,0,1,0,1,1,1,0,0,1,0,medio_baixo
1,10000.0,2,0.5,1,2,1,0,0,0,1,0,1,0,0,0,0,alto
8,35000.0,2,0.5,1,6,1,0,0,0,1,0,1,1,0,1,1,baixo
2,10000.0,0,0.0,7,1,1,1,1,0,0,0,0,1,0,0,0,alto
3,10000.0,2,1.0,2,4,1,0,0,0,1,1,0,1,0,1,0,baixo
1,10000.0,0,0.0,1,3,1,0,0,0,1,1,0,1,0,0,0,medio_alto
5,10000.0,23,0.5652173913043478,2,1,1,0,0,0,1,0,0,0,0,0,0,baixo
4,10000.0,0,0.0,1,3,1,0,0,0,0,1,1,0,0,0,0,gratuito
1,10000.0,0,0.0,1,5,1,1,0,0,1,1,1,1,1,0,0,medio_alto
1,10000.0,7,0.8571428571428571,13,1,1,0,0,0,0,0,0,1,0,0,0,medio_baixo
3,10000.0,2,1.0,3,3,1,0,0,0,1,1,0,1,0,0,0,baixo
8,10000.0,3,0.3333333333333333,1,2,1,0,0,0,0,0,0,0,0,0,0,medio_baixo
3,75000.0,730,0.7438356164383562,11,3,1,0,0,3,0,1,1,0,0,0,0,gratuito
2,10000.0,4,1.0,5,3,1,0,0,0,1,1,0,1,0,0,0,baixo
2,75000.0,723,0.8506224066390041,22,3,1,0,0,0,0,0,0,1,0,0,1,medio_alto
1,0.0,0,0.0,0,0,1,0,0,0,0,0,0,0,0,0,0,gratuito
3,10000.0,2,1.0,10,1,1,0,0,0,0,0,0,1,0,0,0,baixo
9,750000.0,4751,0.5853504525363081,10,1,1,0,0,10,0,1,0,0,0,0,0,baixo
2,0.0,0,0.0,0,0,1,0,0,0,0,0,0,0,0,0,0,gratuito
1,0.0,0,0.0,1,6,1,0,0,0,1,0,1,0,1,0,0,gratuito
1,10000.0,0,0.0,12,3,1,0,0,0,1,0,0,1,0,1,0,medio_baixo
3,10000.0,2,1.0,1,2,1,0,0,0,0,0,0,1,0,1,0,baixo
6,10000.0,16,0.5625,4,5,1,0,0,0,1,0,1,0,1,1,1,medio_baixo
3,10000.0,34,0.7941176470588235,5,1,1,0,0,0,0,1,0,0,0,0,0,alto
3,0.0,0,0.0,1,1,1,0,0,0,0,0,0,0,0,0,0,gratuito
4,10000.0,92,0.8913043478260869,1,3,1,1,0,0,1,0,1,0,0,1,0,gratuito
6,35000.0,840,0.6238095238095238,9,2,1,1,0,6,0,0,0,0,0,1,1,alto
9,10000.0,1,1.0,1,5,1,0,0,0,1,1,1,1,0,0,1,medio_alto
5,0.0,0,0.0,0,0,1,0,0,0,0,0,0,0,0,0,0,gratuito
10,10000.0,45,0.9333333333333333,2,3,1,0,0,0,1,0,0,1,0,1,0,alto
2,0.0,0,0.0,1,2,1,1,1,1,1,0,0,1,0,0,0,gratuito
1,0.0,0,0.0,1,3,1,0,0,0,1,0,0,1,0,0,0,medio_alto
8,10000.0,43,0.627906976744186,6,4,1,1,1,0,1,0,0,1,0,1,1,alto
1,10000.0,0,0.0,2,2,1,0,0,0,1,0,0,0,1,0,0,alto
1,0.0,0,0.0,0,0,1,0,0,0,0,0,0,0,0,0,0,gratuito
1,0.0,0,0.0,0,0,1,0,0,0,0,0,0,0,0,0,0,gratuito
7,10000.0,97,0.8247422680412371,3,2,1,0,0,1,0,0,0,1,0,0,1,baixo
7,10000.0,3,0.6666666666666666,1,3,1,1,1,0,1,1,0,1,0,0,0,medio_alto
5,10000.0,11,0.18181818181818182,2,3,1,0,0,0,1,0,0,0,0,0,1,alto
3,10000.0,13,0.6153846153846154,19,2,1,0,0,0,1,1,0,0,0,0,0,medio_baixo
5,10000.0,0,0.0,1,2,1,0,0,0,0,0,1,0,1,0,0,alto
3,0.0,0,0.0,0,0,1,0,0,0,0,0,0,0,0,0,0,gratuito
1,10000.0,0,0.0,10,3,1,0,0,1,1,0,0,1,1,0,0,medio_alto
11,35000.0,360,0.8944444444444445,5,1,1,1,0,1,1,0,0,0,0,0,0,baixo
4,0.0,0,0.0,1,2,1,0,0,1,0,1,0,0,0,0,0,gratuito
8,10000.0,4,0.5,1,1,1,0,0,0,0,0,0,0,0,0,0,medio_alto
1,10000.0,89,0.9662921348314607,1,2,1,0,0,1,0,1,0,0,0,1,0,alto
9,350000.0,7079,0.9262607712953808,10,3,1,1,1,1,1,0,1,1,0,0,0,medio_baixo
6,10000.0,36,0.9166666666666666,9,4,1,0,0,0,1,0,1,1,0,0,0,medio_alto
5,35000.0,633,0.9415481832543444,1,2,1,0,0,0,1,0,1,0,0,0,0,medio_alto
4,0.0,0,0.0,0,0,1,0,0,0,0,0,0,0,0,0,0,gratuito
1,0.0,0,0.0,103,4,1,0,0,0,1,0,1,1,0,1,0,medio_baixo
2,10000.0,44,0.8636363636363636,3,2,1,0,0,0,1,0,1,0,0,0,0,medio_baixo
7,10000.0,14,0.6428571428571429,1,3,1,0,0,0,1,1,1,0,0,0,0,baixo
2,10000.0,2,1.0,1,4,1,0,0,0,1,1,0,1,0,0,1,baixo
5,10000.0,0,0.0,2,1,1,0,0,0,0,0,0,1,0,0,0,medio_alto
6,10000.0,9,0.8888888888888888,1,2,1,0,0,0,0,1,0,0,0,0,0,baixo
2,35000.0,15,1.0,1,4,1,0,0,0,1,0,1,1,1,0,0,baixo
9,10000.0,37,0.43243243243243246,1,5,1,0,0,0,1,1,1,0,0,0,1,baixo
1,10000.0,1,1.0,2,3,1,0,0,0,1,0,0,1,0,0,1,medio_alto
1,10000.0,0,0.0,1,2,1,0,0,0,1,0,0,1,0,0,0,baixo
9,150000.0,3912,0.8987730061349694,7,2,1,1,1,2,1,1,0,0,0,0,0,baixo
2,150000.0,63,0.6984126984126984,2,4,1,1,0,0,0,0,1,1,1,1,0,baixo
2,10000.0,366,0.8387978142076503,9,4,1,1,1,0,1,0,0,0,0,0,1,medio_alto
2,1500000.0,16969,0.5626141787966291,4,4,1,0,0,0,1,0,0,1,1,1,0,gratuito
1,10000.0,0,0.0,1,4,1,0,0,0,1,0,1,1,0,0,0,baixo
1,10000.0,5,1.0,3,2,1,0,0,0,1,0,0,0,0,0,1,baixo
6,35000.0,71,0.7183098591549296,1,5,1,0,0,0,1,1,1,1,0,0,0,gratuito
1,10000.0,0,0.0,2,1,1,0,0,0,0,1,0,0,0,0,0,alto
3,10000.0,0,0.0,3,1,1,0,0,0,0,0,0,1,0,0,0,alto
2,10000.0,1,1.0,1,3,1,0,0,0,1,1,1,0,0,0,0,medio_baixo
6,35000.0,68,0.5294117647058824,7,2,1,0,0,0,1,0,0,0,0,0,0,gratuito
2,0.0,0,0.0,0,0,1,0,0,0,0,0,0,0,0,0,0,gratuito
10,750000.0,3135,0.8513556618819776,1,3,1,0,0,0,0,1,0,0,0,0,1,gratuito
8,10000.0,21,0.9047619047619048,1,2,1,0,0,0,1,0,0,1,0,0,0,baixo
1,10000.0,5,1.0,1,2,1,0,0,0,1,0,1,0,0,0,0,medio_baixo
11,10000.0,25,0.24,1,3,1,0,0,0,1,0,1,0,1,0,0,medio_baixo
3,35000.0,358,0.7905027932960894,6,4,1,0,0,1,1,0,0,1,1,0,1,medio_baixo
1,0.0,0,0.0,1,8,1,0,0,0,1,1,1,1,1,1,1,medio_baixo
1,10000.0,0,0.0,13,3,1,0,1,0,1,0,1,1,0,0,0,baixo
1,10000.0,0,0.0,14,3,1,0,0,0,1,0,0,1,0,0,1,alto
1,10000.0,0,0.0,14,6,1,0,0,0,1,0,0,1,1,1,1,medio_alto
3,10000.0,3,1.0,1,4,1,0,0,0,1,1,1,1,0,0,0,medio_baixo
8,10000.0,67,0.582089552238806,1,1,1,1,0,0,1,0,0,0,0,0,0,medio_alto
3,10000.0,1,1.0,1,3,1,0,0,0,1,1,0,0,1,0,0,medio_alto
2,10000.0,179,0.4692737430167598,10,3,1,0,0,0,1,1,1,0,0,0,0,alto
1,0.0,0,0.0,103,2,1,0,0,0,1,0,0,1,0,0,0,baixo
1,10000.0,0,0.0,7,3,1,1,0,0,0,0,1,0,1,1,0,alto
1,0.0,0,0.0,1,2,1,0,0,0,0,0,1,1,0,0,0,medio_baixo
2,150000.0,19,1.0,1,4,1,0,1,0,1,1,0,0,1,0,0,medio_alto
8,10000.0,33,0.6666666666666666,1,1,1,0,0,0,1,0,0,0,0,0,0,baixo
4,10000.0,4,0.75,7,3,1,0,0,0,0,1,1,0,0,0,0,alto
3,10000.0,6,1.0,2,3,1,0,0,0,1,1,1,0,0,0,0,medio_baixo
12,35000.0,272,0.5808823529411765,8,1,1,0,0,0,0,0,0,0,0,0,1,medio_baixo
1,10000.0,0,0.0,2,2,1,0,0,0,1,1,0,0,0,0,0,alto
8,10000.0,110,0.7545454545454545,2,8,1,0,0,0,1,0,0,0,0,0,1,medio_baixo
1,10000.0,0,0.0,8,3,1,0,0,0,0,1,1,0,1,0,0,alto
3,10000.0,1,0.0,1,2,1,0,0,0,0,1,1,0,0,0,0,alto
3,75000.0,3,0.6666666666666666,1,5,1,0,0,0,1,1,1,0,0,1,0,alto
8,10000.0,42,0.7619047619047619,1,3,1,0,0,0,1,1,1,0,0,0,0,baixo
3,10000.0,0,0.0,1,1,1,0,0,0,0,0,0,1,0,0,0,baixo
4,10000.0,0,0.0,1,2,1,0,1,1,1,0,0,1,0,0,0,medio_alto
6,150000.0,794,0.9609571788413098,1,2,1,1,1,1,1,0,0,0,0,0,0,gratuito
1,10000.0,66,0.8939393939393939,3,1,1,0,0,1,0,0,1,0,0,0,0,alto
4,35000.0,332,0.8885542168674698,5,2,1,0,0,0,1,0,0,1,0,0,0,baixo
5,35000.0,527,0.8747628083491461,1,2,1,0,0,0,0,0,0,0,0,0,1,medio_alto
3,10000.0,250,0.864,2,6,1,0,0,1,1,1,0,1,1,0,0,medio_baixo
4,350000.0,10,0.2,1,5,1,0,0,0,1,1,1,1,0,1,0,baixo
2,10000.0,37,0.9459459459459459,11,2,1,0,0,0,1,0,0,1,0,0,0,medio_baixo
1,0.0,0,0.0,1,3,1,0,0,0,1,0,1,1,0,0,0,baixo
6,10000.0,42,0.5476190476190477,2,2,1,0,0,0,0,0,0,0,0,1,0,gratuito
4,10000.0,0,0.0,1,2,1,0,0,0,0,0,0,1,0,0,1,medio_baixo
4,10000.0,23,0.9130434782608695,1,5,1,1,1,2,1,1,1,1,1,0,0,medio_alto
1,0.0,0,0.0,0,0,1,0,0,0,0,0,0,0,0,0,0,gratuito
5,0.0,0,0.0,0,0,1,0,0,0,0,0,0,0,0,0,0,gratuito
5,10000.0,13,0.7692307692307693,5,3,1,0,0,0,1,1,1,0,0,0,0,medio_baixo
11,10000.0,63,0.2857142857142857,1,3,1,0,0,0,1,1,0,1,0,0,0,medio_alto
7,75000.0,5027,0.8806445195941913,11,3,1,0,0,1,1,1,1,0,0,0,0,alto
3,0.0,0,0.0,1,4,1,0,0,0,1,0,0,0,1,1,0,gratuito
1,10000.0,0,0.0,7,2,1,0,0,0,1,0,0,1,0,0,0,medio_alto
1,10000.0,47,0.8297872340425532,13,3,1,0,0,0,1,1,1,0,0,0,0,baixo
5,750000.0,6141,0.7257775606578734,13,4,1,0,0,0,1,0,0,1,0,1,1,alto
1,10000.0,13,1.0,2,3,1,1,1,0,1,0,0,1,0,0,1,medio_baixo
2,10000.0,0,0.0,8,4,1,0,0,12,0,0,0,1,0,0,1,alto
1,10000.0,48,0.9375,12,3,1,0,0,0,1,0,0,1,0,0,1,medio_alto
5,10000.0,12,0.25,1,2,1,0,0,0,0,0,1,0,1,0,0,baixo
1,10000.0,12,1.0,2,4,1,1,0,0,1,0,1,1,0,0,0,medio_alto
2,10000.0,3,1.0,1,1,1,0,0,0,0,0,0,1,0,0,0,medio_baixo
5,10000.0,127,0.9763779527559056,1,1,1,0,0,0,0,0,1,0,0,0,0,alto
2,75000.0,877,0.6887115165336374,11,2,1,0,0,3,0,0,0,0,0,1,1,alto
5,10000.0,0,0.0,1,2,1,0,0,0,1,0,1,0,0,0,0,baixo
11,75000.0,346,0.7109826589595376,3,3,1,0,0,0,0,1,1,1,0,0,0,medio_alto
4,10000.0,2,0.5,1,3,1,0,0,0,1,0,1,0,0,1,0,baixo
2,35000.0,536,0.8003731343283582,35,4,1,0,0,2,1,1,0,1,0,0,1,medio_baixo
1,10000.0,9,1.0,7,3,1,0,1,1,1,0,0,1,0,1,0,medio_baixo
3,10000.0,62,0.8548387096774194,1,4,1,0,0,3,1,1,1,0,0,0,1,medio_alto
9,150000.0,2141,0.9453526389537599,103,2,1,0,0,1,1,0,0,1,0,0,0,baixo
2,0.0,0,0.0,1,4,1,0,0,0,1,0,0,1,0,1,0,gratuito
4,10000.0,0,0.0,2,3,1,0,1,0,1,0,0,1,0,0,1,medio_baixo
1,35000.0,216,0.9259259259259259,2,2,1,0,0,1,1,0,1,0,0,0,0,alto
1,0.0,0,0.0,1,4,1,0,0,0,0,1,1,1,0,0,1,medio_alto
11,10000.0,268,0.9664179104477612,1,3,1,0,0,0,1,0,0,0,1,1,0,alto
3,35000.0,727,0.672627235213205,6,3,1,1,0,0,1,1,1,0,0,0,0,medio_alto
1,10000.0,0,0.0,1,3,1,0,0,0,1,0,1,1,0,0,0,medio_alto
2,0.0,0,0.0,0,0,1,0,0,0,0,0,0,0,0,0,0,gratuito
7,10000.0,88,0.875,3,3,1,1,0,0,1,1,1,0,0,0,0,medio_alto
7,10000.0,13,0.7692307692307693,6,3,1,0,0,0,1,0,1,0,0,0,0,alto
1,10000.0,0,0.0,2,1,1,1,1,0,0,0,0,1,0,0,0,medio_alto
1,10000.0,193,0.8860103626943006,3,3,1,1,0,0,1,0,0,1,0,0,1,alto
10,10000.0,17,0.5294117647058824,1,3,1,1,1,0,1,1,0,1,0,0,0,alto
1,0.0,0,0.0,0,0,1,0,0,0,0,0,0,0,0,0,0,gratuito
3,10000.0,0,0.0,1,3,1,0,0,0,1,0,0,0,0,1,1,alto
5,35000.0,27,1.0,1,2,1,0,0,0,1,1,0,0,0,0,0,baixo
8,10000.0,3,0.6666666666666666,1,2,1,0,0,0,1,1,0,0,0,0,0,baixo
9,10000.0,24,0.7916666666666666,1,5,1,0,0,0,1,0,1,0,1,1,0,gratuito
8,35000.0,4,0.5,1,3,1,1,0,0,0,1,0,0,1,1,0,medio_alto
11,10000.0,74,0.5945945945945946,8,4,1,1,0,0,1,1,1,1,0,0,0,medio_baixo
1,10000.0,0,0.0,5,4,1,0,0,0,1,1,0,0,1,0,0,alto
8,10000.0,3,0.6666666666666666,1,2,1,0,0,0,1,0,0,1,0,0,0,baixo
3,10000.0,12,1.0,2,2,1,1,0,0,1,0,0,1,0,0,0,medio_baixo
6,10000.0,3,0.6666666666666666,1,3,1,0,0,0,1,0,0,1,0,1,0,baixo
4,10000.0,0,0.0,1,2,1,1,0,1,0,0,1,0,0,0,0,gratuito
8,10000.0,8,0.875,1,2,1,0,0,0,0,1,0,0,0,1,0,medio_baixo
1,10000.0,0,0.0,2,3,1,0,0,0,1,0,0,1,0,0,1,medio_baixo
1,10000.0,0,0.0,1,2,1,0,0,0,1,0,1,0,0,0,0,medio_alto
7,10000.0,77,0.7532467532467533,14,3,1,0,1,0,1,0,0,1,0,0,1,baixo
6,35000.0,21,0.8095238095238095,1,2,1,0,1,0,1,0,0,1,0,0,0,medio_baixo
1,10000.0,0,0.0,4,3,1,0,0,1,1,1,0,0,0,1,0,alto
4,10000.0,9,0.7777777777777778,2,3,1,0,1,0,1,1,1,0,0,0,0,baixo
6,10000.0,14,0.5714285714285714,11,4,1,0,0,0,0,0,1,1,0,0,0,baixo
3,75000.0,802,0.7618453865336658,12,2,1,0,0,2,1,0,1,0,0,0,0,alto
9,10000.0,30,0.7333333333333333,1,1,1,0,0,0,0,0,0,1,0,0,0,baixo
5,10000.0,4,1.0,11,3,1,0,0,0,1,1,0,1,0,0,0,baixo
3,10000.0,0,0.0,12,3,1,1,1,0,1,0,0,1,0,1,0,baixo
5,10000.0,5,1.0,1,1,1,0,0,0,0,0,1,0,0,0,0,baixo
4,10000.0,3,0.3333333333333333,103,3,1,0,0,0,1,1,0,0,0,0,1,medio_baixo
2,0.0,0,0.0,1,6,1,0,0,1,1,0,1,0,1,1,0,gratuito
1,35000.0,720,0.7444444444444445,14,4,1,0,0,0,1,0,1,1,0,1,0,alto
3,10000.0,14,0.7142857142857143,1,4,1,0,0,0,1,1,0,1,0,0,0,gratuito
9,150000.0,356,0.7696629213483146,11,4,1,1,1,0,1,0,0,1,0,1,1,baixo
5,35000.0,1,1.0,1,3,1,1,0,0,1,1,0,0,0,1,0,medio_alto
2,10000.0,13,0.38461538461538464,2,6,1,1,0,0,1,0,0,1,1,1,1,medio_alto
9,10000.0,4,0.0,1,1,1,0,0,0,0,0,0,1,0,0,0,baixo
2,10000.0,45,0.7333333333333333,8,2,1,1,0,0,1,0,1,0,0,0,0,medio_baixo
3,0.0,0,0.0,0,0,1,0,0,0,0,0,0,0,0,0,0,gratuito
6,0.0,0,0.0,0,0,1,0,0,0,0,0,0,0,0,0,0,gratuito
3,10000.0,188,0.42021276595744683,10,2,1,0,0,5,0,1,1,0,0,0,0,medio_alto
2,10000.0,0,0.0,2,4,1,0,0,0,1,0,1,1,1,0,0,alto
4,0.0,0,0.0,0,0,1,0,0,0,0,0,0,0,0,0,0,gratuito
5,10000.0,11,1.0,2,2,1,0,0,0,1,0,0,0,0,0,0,alto
5,0.0,0,0.0,0,0,1,0,0,0,0,0,0,0,0,0,0,gratuito
3,10000.0,21,0.9047619047619048,2,3,1,0,0,1,1,0,1,1,0,0,0,medio_baixo
7,10000.0,14,0.6428571428571429,1,3,1,1,1,0,1,0,0,1,0,1,0,baixo
1,0.0,0,0.0,0,0,1,0,0,0,0,0,0,0,0,0,0,gratuito
12,35000.0,192,0.2604166666666667,1,3,1,1,1,0,1,0,0,0,0,1,0,alto
4,35000.0,76,0.7368421052631579,8,3,1,0,0,0,1,0,1,1,0,0,0,baixo
3,35000.0,146,0.9794520547945206,18,3,1,0,0,0,1,1,0,1,0,0,0,medio_baixo
3,10000.0,0,0.0,1,2,1,0,0,0,0,0,1,0,0,1,0,medio_alto
6,10000.0,99,0.7474747474747475,1,2,1,0,0,0,1,0,0,0,0,0,1,gratuito
3,10000.0,1,1.0,1,3,1,0,0,0,1,0,0,1,0,0,0,baixo
10,35000.0,658,0.9772036474164134,2,2,1,0,0,5,1,0,0,1,0,0,0,baixo
1,10000.0,0,0.0,14,1,1,1,1,0,0,1,0,0,0,0,0,alto
5,35000.0,6,0.8333333333333334,1,4,1,0,0,0,1,1,1,0,0,0,1,gratuito
3,10000.0,9,0.4444444444444444,1,1,1,0,0,0,0,0,0,0,0,0,0,baixo
1,10000.0,0,0.0,1,2,1,0,0,0,1,0,0,0,0,0,1,medio_baixo
2,10000.0,48,0.6458333333333334,1,3,1,0,0,0,1,1,0,0,1,0,0,medio_alto
15,75000.0,677,0.6395864106351551,7,2,1,0,0,0,0,0,0,0,0,0,1,baixo
9,10000.0,130,0.9384615384615385,9,3,1,0,0,0,1,0,1,1,0,0,0,medio_baixo
1,0.0,0,0.0,1,5,1,0,0,0,1,1,0,0,0,0,1,gratuito
4,10000.0,0,0.0,1,1,1,1,0,0,1,0,0,0,0,0,0,gratuito
1,10000.0,0,0.0,1,3,1,0,0,0,1,1,0,0,0,0,0,alto
5,10000.0,0,0.0,1,3,1,0,0,3,1,0,0,1,0,0,1,baixo
17,10000.0,25,0.56,1,1,1,1,0,0,0,0,0,0,0,0,1,alto
9,150000.0,166,0.8554216867469879,4,2,1,1,0,1,1,0,1,0,0,0,0,medio_alto
12,75000.0,147,0.9659863945578231,1,1,1,1,1,0,0,0,1,0,0,0,0,baixo
4,10000.0,2,0.5,2,3,1,0,0,0,0,0,0,0,0,0,0,alto
7,35000.0,556,0.9100719424460432,4,1,1,0,0,29,0,0,0,0,1,0,0,alto
8,10000.0,16,0.4375,2,7,1,0,0,0,1,1,1,0,0,0,1,alto
2,0.0,0,0.0,0,0,1,0,0,0,0,0,0,0,0,0,0,gratuito
1,0.0,0,0.0,1,1,1,0,0,0,0,0,0,0,1,0,0,medio_alto
2,10000.0,0,0.0,9,2,1,0,0,0,1,0,0,1,0,0,0,baixo
7,75000.0,1543,0.932598833441348,2,5,1,1,1,13,1,0,0,0,1,1,1,alto
2,10000.0,0,0.0,1,3,1,0,0,0,1,0,1,1,0,0,0,medio_baixo
3,10000.0,88,0.8409090909090909,1,4,1,0,0,0,0,1,1,0,1,1,0,alto
4,10000.0,0,0.0,1,2,1,1,0,0,1,0,0,0,0,0,0,medio_alto
1,0.0,0,0.0,1,4,1,1,0,1,1,0,0,1,0,0,1,gratuito
9,35000.0,43,0.7441860465116279,1,4,1,0,0,0,1,0,0,1,0,0,0,gratuito
1,10000.0,0,0.0,12,3,1,1,1,0,1,0,0,1,0,1,0,baixo
6,35000.0,635,0.8818897637795275,1,3,1,0,0,0,1,0,1,1,0,0,0,medio_baixo
7,35000.0,497,0.41448692152917505,1,2,1,1,1,0,1,0,0,0,0,1,0,alto
1,10000.0,0,0.0,3,3,1,1,1,0,1,0,1,1,0,0,0,alto
3,10000.0,0,0.0,2,3,1,0,0,0,1,1,0,0,0,0,0,alto
3,10000.0,13,0.7692307692307693,31,2,1,1,1,0,1,1,0,0,0,0,0,baixo
3,10000.0,114,0.9385964912280702,1,3,1,0,0,0,1,0,1,1,0,0,0,medio_baixo
9,150000.0,51,0.8235294117647058,1,2,1,0,0,0,1,0,1,0,0,0,0,medio_alto
3,35000.0,104,0.8461538461538461,3,2,1,0,0,1,1,0,1,0,0,0,0,medio_alto
2,10000.0,0,0.0,1,2,1,0,0,0,1,1,0,0,0,0,0,alto
2,10000.0,3,0.6666666666666666,2,4,1,0,0,0,1,0,0,1,0,1,1,baixo
2,0.0,0,0.0,103,1,1,0,0,0,0,0,0,1,0,0,0,medio_baixo
5,10000.0,29,0.8275862068965517,2,3,1,0,0,0,1,0,1,1,0,0,0,medio_baixo
7,10000.0,0,0.0,1,2,1,0,0,0,1,0,0,1,0,0,0,medio_alto
1,10000.0,0,0.0,1,2,1,0,0,0,0,0,1,0,0,0,0,gratuito
7,10000.0,2,0.5,1,3,1,1,0,0,1,1,1,0,0,0,0,alto
13,150000.0,324,0.4567901234567901,1,3,1,1,1,1,1,0,0,0,0,1,1,baixo
4,10000.0,0,0.0,1,1,1,0,0,0,1,0,0,0,0,0,0,medio_baixo
6,10000.0,2,1.0,1,3,1,0,0,0,1,1,0,1,0,0,0,medio_alto
3,10000.0,9,0.4444444444444444,30,2,1,0,0,1,1,1,0,0,0,0,0,baixo
3,35000.0,557,0.9371633752244165,5,3,1,1,0,1,1,0,1,0,0,0,0,alto
1,10000.0,0,0.0,10,3,1,0,0,1,1,0,1,1,0,0,0,alto
1,0.0,0,0.0,1,4,1,0,0,0,1,0,0,1,0,1,0,alto
4,0.0,0,0.0,1,1,1,0,1,0,0,1,0,0,0,0,0,gratuito
12,0.0,0,0.0,2,3,1,1,0,0,1,1,0,0,0,1,0,medio_alto
19,350000.0,777,0.6074646074646075,3,1,1,1,0,0,0,1,0,0,0,0,0,baixo
4,750000.0,7380,0.9735772357723578,12,4,1,1,0,1,1,1,1,1,0,0,0,medio_alto
4,10000.0,198,0.9141414141414141,1,3,1,0,0,0,1,0,0,1,0,0,1,baixo
2,35000.0,2,1.0,1,4,1,0,1,0,1,1,0,1,0,1,0,medio_baixo
2,0.0,0,0.0,0,0,1,0,0,0,0,0,0,0,0,0,0,gratuito
6,10000.0,37,1.0,1,4,1,1,1,0,1,1,1,0,0,0,0,alto
2,10000.0,1,0.0,1,3,1,0,0,0,1,0,1,0,0,0,1,medio_alto
5,75000.0,2245,0.49755011135857463,13,4,1,0,0,0,1,1,0,1,0,0,1,medio_alto
1,10000.0,0,0.0,10,2,1,0,0,0,0,0,0,1,0,0,1,baixo
10,10000.0,11,0.45454545454545453,3,2,1,1,0,0,1,0,0,0,0,1,0,medio_alto
6,35000.0,671,0.5529061102831595,8,3,1,0,0,0,0,1,0,0,0,1,1,alto
2,10000.0,0,0.0,1,2,1,0,0,0,0,0,0,1,0,0,0,gratuito
1,10000.0,8,0.875,1,2,1,0,0,0,1,0,0,1,0,0,0,medio_baixo
1,10000.0,57,0.7894736842105263,8,2,1,0,0,2,1,1,0,0,0,0,0,alto
4,35000.0,116,0.7758620689655172,7,3,1,0,0,0,1,1,0,1,0,0,0,medio_alto
3,0.0,0,0.0,1,5,1,0,0,0,1,0,1,1,0,0,1,baixo
6,75000.0,113,0.6017699115044248,1,5,1,0,0,0,1,1,0,0,0,0,0,gratuito
4,10000.0,5,1.0,6,3,1,0,0,1,1,0,1,1,0,0,0,medio_baixo
6,10000.0,55,0.5272727272727272,23,5,1,0,0,0,1,0,0,1,1,1,0,gratuito
5,10000.0,2,1.0,1,2,1,0,0,0,1,1,0,0,0,0,0,baixo
2,10000.0,11,0.6363636363636364,2,4,1,0,0,0,1,1,0,1,1,0,0,medio_baixo
2,7500000.0,119440,0.8891242464835901,16,3,1,0,0,6,0,1,1,0,0,0,0,alto
4,10000.0,5,0.4,1,3,1,0,0,0,1,0,0,1,0,1,0,medio_baixo
2,10000.0,4,1.0,1,2,1,0,0,0,1,1,0,0,0,0,0,medio_alto
23,75000.0,82,0.8780487804878049,1,3,1,0,0,0,1,0,0,0,1,1,0,alto
7,10000.0,8,0.875,10,5,1,0,0,0,0,0,0,0,0,0,0,gratuito
9,10000.0,48,0.6666666666666666,4,2,1,0,0,0,1,0,1,0,0,0,0,medio_baixo
7,150000.0,153,0.7189542483660131,12,3,1,1,0,0,1,1,1,0,0,0,0,baixo
1,10000.0,3,0.3333333333333333,1,3,1,0,0,0,1,1,0,0,0,0,1,alto
9,150000.0,611,0.8739770867430442,1,2,1,0,0,4,0,0,1,0,0,0,0,gratuito
2,0.0,0,0.0,0,0,1,0,0,0,0,0,0,0,0,0,0,gratuito
18,750000.0,5142,0.9618825359782186,5,2,1,0,0,6,1,0,0,0,0,1,0,medio_baixo
16,35000.0,13,0.6153846153846154,1,1,1,1,0,0,0,0,0,1,0,0,0,medio_alto
9,75000.0,103,0.6213592233009708,1,5,1,0,0,0,1,1,1,1,0,0,1,baixo
2,10000.0,4,0.75,1,3,1,0,0,0,1,0,0,1,0,0,1,medio_baixo
15,350000.0,482,0.5103734439834025,1,1,1,0,0,0,0,0,0,1,0,0,0,baixo
1,10000.0,0,0.0,10,2,1,0,1,0,1,0,0,0,0,1,0,baixo
3,10000.0,4,0.75,1,4,1,0,0,0,1,1,1,0,0,0,0,gratuito
3,10000.0,3,1.0,1,3,1,0,0,0,1,1,0,1,0,0,0,baixo
7,350000.0,2660,0.9293233082706767,1,5,1,1,0,0,0,1,1,1,1,1,0,medio_alto
4,10000.0,1,1.0,1,5,1,0,0,0,1,1,1,1,0,0,0,alto
1,10000.0,87,1.0,5,2,1,0,0,1,1,0,0,1,0,0,0,medio_baixo
1,0.0,0,0.0,0,0,1,0,0,0,0,0,0,0,0,0,0,gratuito
1,10000.0,0,0.0,2,4,1,0,0,0,1,1,1,1,0,0,0,alto
7,10000.0,5,0.4,3,4,1,0,0,0,0,0,1,1,1,1,0,medio_alto
9,10000.0,12,0.5833333333333334,1,2,1,0,0,0,0,0,0,1,0,0,0,gratuito
6,10000.0,25,0.84,14,4,1,0,0,0,1,1,1,1,0,0,0,medio_alto
1,10000.0,0,0.0,1,3,1,0,1,0,0,1,1,0,0,0,0,alto
3,35000.0,857,0.9428238039673279,27,3,1,1,1,0,1,0,0,1,0,0,1,baixo
3,10000.0,33,0.8787878787878788,2,4,1,1,1,0,1,0,1,0,1,0,0,gratuito
7,75000.0,571,0.7040280210157618,1,2,1,0,0,0,1,0,1,0,0,0,0,alto
2,10000.0,20,1.0,1,4,1,0,0,0,1,1,0,1,1,0,0,medio_baixo
11,350000.0,3876,0.9674922600619195,1,2,1,1,1,0,1,0,0,0,0,0,1,medio_baixo
2,10000.0,1,0.0,1,3,1,0,0,0,0,1,1,0,0,1,0,medio_alto
5,10000.0,23,0.7391304347826086,1,2,1,0,0,0,1,1,0,0,0,0,0,baixo
5,10000.0,3,1.0,2,3,1,0,0,0,1,1,0,0,1,0,0,alto
6,10000.0,9,0.3333333333333333,1,4,1,0,0,0,1,1,1,0,1,0,0,baixo
9,10000.0,62,0.20967741935483872,1,4,1,0,0,0,1,0,0,1,0,0,1,alto
2,10000.0,331,0.7099697885196374,9,1,1,0,0,1,0,0,0,0,0,0,1,alto
4,10000.0,142,0.9366197183098591,4,4,1,1,1,0,1,0,0,1,1,1,0,alto
3,10000.0,9,0.8888888888888888,1,3,1,0,0,0,1,0,0,1,0,1,0,medio_alto
7,35000.0,71,0.28169014084507044,4,1,1,0,0,0,0,0,1,0,0,0,0,medio_alto
3,10000.0,4,1.0,1,3,1,0,0,0,1,0,0,1,0,0,1,baixo
3,0.0,0,0.0,1,2,1,0,0,0,1,0,1,0,0,0,0,gratuito
3,0.0,0,0.0,0,0,1,0,0,0,0,0,0,0,0,0,0,gratuito
3,10000.0,43,0.9302325581395349,25,3,1,0,1,0,0,1,1,0,0,0,0,alto
4,0.0,0,0.0,11,4,1,1,0,0,0,0,0,0,0,1,1,gratuito
12,10000.0,253,0.6007905138339921,3,2,1,0,0,0,0,0,0,0,0,1,1,baixo
1,0.0,0,0.0,1,1,1,0,0,0,0,0,0,0,0,0,0,gratuito
3,0.0,0,0.0,0,0,1,0,0,0,0,0,0,0,0,0,0,gratuito
1,10000.0,0,0.0,1,1,1,0,1,0,0,1,0,0,0,0,0,baixo
7,10000.0,63,0.30158730158730157,2,4,1,0,0,0,1,0,1,1,0,1,0,medio_alto
8,10000.0,3,1.0,1,3,1,0,0,0,1,1,0,1,0,0,0,baixo
4,10000.0,11,1.0,1,2,1,1,1,0,1,0,0,1,0,0,0,baixo
9,10000.0,8,0.75,2,1,1,0,0,0,0,1,0,0,0,0,0,medio_baixo
2,10000.0,4,1.0,4,2,1,0,0,0,0,0,0,1,0,1,0,medio_alto
3,10000.0,5,1.0,2,3,1,0,0,0,1,0,1,1,0,0,0,alto
8,10000.0,58,0.7413793103448276,5,3,1,0,0,0,1,0,1,0,0,0,1,baixo
1,10000.0,0,0.0,1,1,1,1,0,0,0,0,0,0,0,1,0,medio_baixo
6,10000.0,7,0.7142857142857143,1,3,1,0,0,0,1,0,1,0,0,0,1,medio_baixo
1,10000.0,0,0.0,1,2,1,0,0,0,0,1,0,0,0,1,0,medio_alto
3,350000.0,1588,0.8532745591939547,15,1,1,0,0,0,0,0,0,0,0,0,1,gratuito
3,10000.0,55,0.8363636363636363,1,4,1,0,0,0,1,1,1,1,0,0,0,medio_alto
3,10000.0,2,1.0,1,4,1,0,0,0,1,1,1,1,0,0,0,baixo
5,10000.0,8,0.875,1,3,1,0,0,1,1,0,0,0,1,1,0,medio_alto
6,10000.0,0,0.0,1,2,1,0,0,0,1,1,0,0,0,0,0,baixo
2,10000.0,0,0.0,5,4,1,0,0,0,0,0,0,0,0,0,0,alto
3,0.0,0,0.0,0,0,1,0,0,0,0,0,0,0,0,0,0,gratuito
4,10000.0,9,0.4444444444444444,13,1,1,0,0,0,0,0,0,1,0,0,0,alto
8,10000.0,32,0.6875,1,1,1,0,0,0,0,0,0,1,0,0,0,baixo
5,10000.0,10,1.0,2,3,1,0,0,0,0,1,0,1,0,1,0,medio_baixo
2,10000.0,4,1.0,15,3,1,0,0,0,0,0,1,1,0,0,1,alto
7,35000.0,182,0.8681318681318682,7,1,1,1,1,0,0,1,0,0,0,0,0,alto
2,10000.0,12,1.0,1,4,1,1,0,0,1,1,0,0,0,1,0,alto
4,0.0,0,0.0,103,3,1,1,1,0,1,0,0,1,0,1,0,baixo
5,10000.0,15,0.5333333333333333,1,2,1,0,0,0,0,0,1,1,0,0,0,medio_alto
2,0.0,0,0.0,1,3,1,0,0,0,1,1,1,0,0,0,0,gratuito
2,10000.0,9,0.8888888888888888,1,5,1,0,0,0,1,1,0,1,1,0,0,baixo
4,10000.0,9,1.0,2,5,1,0,0,0,1,1,1,1,0,1,0,alto
1,35000.0,67,0.7910447761194029,14,10,1,0,0,0,1,1,1,1,1,1,1,alto
4,10000.0,3,0.0,1,3,1,0,0,0,1,0,0,1,0,0,1,alto
7,10000.0,0,0.0,1,2,1,0,0,0,0,1,1,0,0,0,0,alto
4,10000.0,105,0.9238095238095239,1,2,1,0,0,0,0,0,0,1,0,0,1,medio_baixo
3,75000.0,7,0.7142857142857143,1,3,1,0,0,0,0,1,0,0,0,1,1,baixo
9,35000.0,155,0.4,1,2,1,1,1,0,1,1,0,0,0,0,0,baixo
2,10000.0,0,0.0,29,2,1,0,0,0,1,0,0,1,0,0,0,alto
5,10000.0,27,0.6666666666666666,6,3,1,0,0,0,0,1,0,0,1,0,0,alto
2,10000.0,6,0.0,1,1,1,0,0,0,0,0,0,1,0,0,0,baixo
5,10000.0,20,0.7,1,2,1,0,0,0,1,0,1,0,0,0,0,medio_baixo
2,0.0,0,0.0,0,0,1,0,0,0,0,0,0,0,0,0,0,gratuito
9,35000.0,200,0.575,2,2,1,0,0,1,0,1,1,0,0,0,0,medio_alto
9,35000.0,156,0.3782051282051282,2,1,1,0,0,7,0,0,0,0,0,0,0,gratuito
3,35000.0,629,0.45310015898251194,10,3,1,0,0,0,1,1,1,0,0,0,0,alto
4,0.0,0,0.0,2,7,1,0,0,0,1,0,0,1,0,1,1,gratuito
2,10000.0,0,0.0,13,4,1,0,1,2,1,0,1,1,0,0,1,baixo
5,0.0,0,0.0,0,0,1,0,0,0,0,0,0,0,0,0,0,gratuito
7,10000.0,109,0.3394495412844037,1,3,1,0,0,0,1,0,0,1,0,0,1,baixo
1,0.0,0,0.0,3,4,1,0,0,0,0,1,0,0,0,0,0,alto
3,10000.0,8,1.0,1,3,1,0,0,1,1,1,1,0,0,0,0,alto
7,10000.0,2,1.0,2,2,1,1,1,0,1,0,0,1,0,0,0,medio_baixo
5,10000.0,12,0.5833333333333334,1,3,1,0,0,0,1,0,1,1,0,0,0,baixo
11,10000.0,20,0.55,1,1,1,1,0,0,1,0,0,0,0,0,0,medio_baixo
1,10000.0,0,0.0,5,3,1,0,0,2,1,0,0,0,0,1,1,alto
2,75000.0,6,0.8333333333333334,1,2,1,0,0,0,1,0,1,0,0,0,0,medio_baixo
5,0.0,0,0.0,1,1,1,0,0,5,0,0,0,1,0,0,0,gratuito
1,0.0,0,0.0,3,2,1,1,1,0,1,0,0,1,0,0,0,medio_alto
2,10000.0,156,0.8397435897435898,5,3,1,0,0,0,0,0,0,1,0,1,1,medio_alto
1,10000.0,268,0.9664179104477612,1,2,1,1,0,1,1,0,1,0,0,0,0,alto
2,10000.0,1,1.0,1,2,1,0,0,0,1,0,1,0,0,0,0,medio_baixo
1,0.0,0,0.0,1,5,1,0,0,0,1,1,1,1,0,0,0,gratuito
2,0.0,0,0.0,1,4,1,0,0,0,1,1,0,1,0,0,0,gratuito
1,0.0,0,0.0,2,3,1,0,0,0,1,1,0,1,0,0,0,medio_baixo
8,10000.0,6,0.8333333333333334,2,2,1,0,0,0,0,0,0,0,0,0,0,medio_baixo
3,10000.0,1,0.0,1,4,1,1,0,0,1,1,0,1,0,1,0,medio_alto
17,350000.0,3869,0.8831739467562678,1,2,1,0,0,0,0,1,1,0,0,0,0,medio_alto
4,10000.0,2,0.0,1,6,1,0,0,0,0,0,0,0,0,0,0,medio_baixo
7,10000.0,3,0.6666666666666666,1,1,1,0,0,0,0,0,0,0,1,0,0,baixo
2,0.0,0,0.0,103,3,1,0,0,0,1,0,1,1,0,0,0,medio_alto
10,1500000.0,20652,0.8950706953321712,13,3,1,1,1,0,1,1,0,0,1,0,0,medio_alto
8,10000.0,11,0.5454545454545454,1,3,1,0,0,0,1,0,1,0,1,0,0,medio_alto
1,0.0,0,0.0,1,2,1,0,0,0,1,1,0,0,0,0,0,medio_alto
6,75000.0,10,0.3,2,3,1,0,0,0,1,1,0,0,0,1,0,baixo
1,75000.0,1165,0.8806866952789699,12,2,1,1,0,0,0,1,0,0,0,1,0,alto
1,0.0,0,0.0,0,0,1,0,0,0,0,0,0,0,0,0,0,gratuito
5,10000.0,138,0.6231884057971014,3,2,1,0,0,7,0,0,0,0,1,1,0,medio_baixo
8,10000.0,43,0.7209302325581395,1,4,1,0,1,0,1,0,1,1,1,0,0,medio_baixo
7,10000.0,2,0.5,1,4,1,1,1,2,1,0,1,1,0,0,0,baixo
13,350000.0,984,0.6717479674796748,5,3,1,0,0,0,0,1,1,0,1,0,0,medio_alto
8,10000.0,31,0.3548387096774194,2,4,1,1,0,3,1,0,1,1,0,1,0,medio_baixo
8,10000.0,35,0.9142857142857143,1,1,1,1,1,0,0,0,0,0,0,1,0,medio_alto
1,10000.0,32,0.84375,25,4,1,0,0,0,1,0,0,0,0,0,1,alto
10,10000.0,24,0.7916666666666666,5,2,1,0,0,1,1,1,0,0,0,0,0,medio_baixo
6,10000.0,19,0.3684210526315789,5,3,1,0,0,0,1,0,0,1,0,1,0,medio_baixo
11,350000.0,2331,0.8811668811668811,7,2,1,1,1,0,1,0,1,0,0,0,0,medio_baixo
2,10000.0,2,1.0,1,2,1,0,0,0,1,0,0,1,0,0,0,baixo
1,10000.0,9,0.8888888888888888,1,2,1,0,0,0,0,0,1,0,1,0,0,baixo
8,10000.0,8,0.5,27,2,1,0,0,0,1,0,0,0,0,0,1,baixo
3,10000.0,0,0.0,1,5,1,0,0,0,1,0,1,0,1,1,0,alto
4,35000.0,271,0.9520295202952029,1,1,1,0,0,0,0,0,1,0,0,0,0,alto
1,0.0,0,0.0,1,2,1,0,0,0,1,0,0,1,0,0,0,baixo
3,0.0,0,0.0,2,4,1,1,0,0,1,0,0,1,0,0,0,gratuito
4,10000.0,1,0.0,1,4,1,0,0,0,1,0,1,1,0,1,0,medio_alto
4,150000.0,2658,0.7479307750188111,9,1,1,0,0,0,0,0,0,1,0,0,0,medio_alto
9,10000.0,102,0.9019607843137255,1,1,1,0,0,0,1,0,0,0,0,0,0,baixo
9,10000.0,12,0.8333333333333334,1,3,1,0,0,0,1,1,1,0,0,0,0,gratuito
4,10000.0,0,0.0,3,3,1,0,0,0,1,0,0,1,0,1,0,medio_alto
1,10000.0,0,0.0,1,3,0,1,0,0,1,0,0,1,0,0,0,gratuito
2,10000.0,0,0.0,1,1,1,0,0,0,0,1,0,0,0,0,0,alto
4,10000.0,1,1.0,1,3,1,1,0,0,0,0,0,1,0,0,0,baixo
2,10000.0,6,1.0,19,3,1,0,0,0,1,0,1,1,0,0,0,medio_alto
3,10000.0,31,0.8709677419354839,9,2,1,0,0,0,1,0,0,0,0,1,0,medio_baixo
7,10000.0,0,0.0,1,2,1,0,0,0,0,0,0,0,0,0,1,alto
1,0.0,0,0.0,2,4,1,0,0,0,1,0,1,1,0,0,0,gratuito
1,10000.0,1,1.0,3,3,1,0,0,0,1,0,0,0,0,1,1,baixo
4,35000.0,10,0.8,1,4,1,1,0,0,1,0,1,0,1,0,1,baixo
3,10000.0,2,1.0,1,1,1,1,0,0,0,0,0,1,0,0,0,medio_alto
2,10000.0,7,0.42857142857142855,1,2,1,0,0,0,1,0,1,0,0,0,0,alto
10,10000.0,11,0.7272727272727273,1,2,1,0,0,0,1,0,0,1,0,0,0,medio_baixo
2,0.0,0,0.0,0,0,1,0,0,0,0,0,0,0,0,0,0,gratuito
6,10000.0,1,1.0,2,2,1,0,0,0,1,0,0,1,0,0,0,medio_baixo
11,10000.0,79,0.6075949367088608,1,2,1,0,0,0,1,0,1,0,0,0,0,medio_alto
9,10000.0,16,0.5,1,4,1,0,0,0,1,0,0,0,0,1,1,baixo
2,0.0,0,0.0,1,4,1,0,0,0,1,1,1,0,0,0,0,gratuito
12,35000.0,33,0.6666666666666666,1,1,1,1,0,0,0,1,0,0,0,0,0,gratuito
4,10000.0,0,0.0,1,2,1,0,0,0,1,0,0,1,0,0,0,baixo
4,10000.0,11,0.9090909090909091,3,2,1,1,1,0,0,0,0,1,0,0,0,medio_baixo
1,10000.0,64,0.921875,1,3,1,0,0,0,1,0,0,0,0,1,1,medio_alto
3,10000.0,159,0.6981132075471698,26,3,1,0,1,0,0,0,1,0,0,0,1,alto
2,0.0,0,0.0,0,0,1,0,0,0,0,0,0,0,0,0,0,gratuito
1,10000.0,0,0.0,13,3,1,1,0,0,0,0,1,1,0,0,1,alto
1,10000.0,0,0.0,3,4,1,0,0,0,1,1,1,0,1,0,0,alto
9,10000.0,9,0.4444444444444444,1,3,1,0,0,0,1,0,0,1,0,0,1,baixo
4,10000.0,2,0.5,1,2,1,0,0,0,1,1,0,0,0,0,0,baixo
2,10000.0,0,0.0,1,1,1,0,0,0,0,0,0,1,0,0,0,baixo
6,10000.0,15,1.0,1,3,1,1,0,0,1,1,0,0,0,0,1,baixo
3,10000.0,34,1.0,1,2,1,0,0,0,1,0,0,0,1,0,0,alto
11,35000.0,126,0.7063492063492064,1,4,1,0,0,1,1,0,1,1,1,0,0,baixo
3,10000.0,4,1.0,1,3,1,0,0,0,1,1,0,0,0,0,0,gratuito
5,10000.0,2,1.0,1,2,1,0,0,0,1,1,0,0,0,0,0,alto
6,10000.0,21,0.8095238095238095,29,4,1,0,0,0,1,1,1,1,0,0,0,medio_alto
6,10000.0,16,0.8125,1,5,1,1,0,0,1,1,1,0,0,1,0,baixo
1,0.0,0,0.0,4,2,1,0,0,1,1,0,0,0,1,0,0,baixo
8,10000.0,0,0.0,1,2,1,0,0,0,0,0,1,1,0,0,0,medio_alto
9,10000.0,6,0.0,1,3,1,0,0,0,1,1,0,1,0,0,0,baixo
2,10000.0,20,0.65,14,3,1,0,0,0,1,1,0,1,0,0,0,medio_alto
1,10000.0,0,0.0,10,1,1,0,0,0,0,1,0,0,0,0,0,medio_baixo
2,0.0,0,0.0,0,0,1,0,0,0,0,0,0,0,0,0,0,gratuito
3,0.0,0,0.0,0,0,1,0,0,0,0,0,0,0,0,0,0,gratuito
7,10000.0,3,1.0,1,1,1,0,0,0,1,0,0,0,0,0,0,baixo
14,10000.0,33,0.36363636363636365,1,2,1,1,0,0,1,1,0,0,0,0,0,medio_baixo
3,35000.0,194,0.8711340206185567,1,3,1,0,0,0,1,1,0,0,0,0,0,gratuito
6,10000.0,6,0.5,29,5,1,0,0,0,1,0,1,1,0,1,1,medio_baixo
1,0.0,0,0.0,103,3,1,0,0,0,1,0,1,1,0,0,0,baixo
6,10000.0,20,0.65,3,4,1,0,0,0,1,0,0,1,0,1,0,gratuito
1,0.0,0,0.0,2,5,1,0,0,0,1,1,1,1,0,0,0,gratuito
4,10000.0,1,1.0,1,3,1,0,0,0,1,1,1,0,0,0,0,baixo
2,10000.0,2,0.5,1,4,1,1,0,0,1,0,0,1,0,0,1,gratuito
9,10000.0,13,0.38461538461538464,1,2,1,0,0,0,0,1,1,0,0,0,0,medio_baixo
2,10000.0,0,0.0,10,5,1,1,0,0,1,0,0,1,0,0,1,gratuito
5,10000.0,23,0.8260869565217391,1,1,1,0,0,0,1,0,0,0,0,0,0,baixo
1,0.0,0,0.0,1,2,1,0,1,0,1,0,1,0,0,0,0,baixo
11,350000.0,719,0.4812239221140473,2,3,1,1,1,0,1,1,0,0,1,0,0,medio_alto
2,10000.0,215,0.9534883720930233,11,2,1,0,0,0,1,0,0,1,0,0,0,medio_alto
2,0.0,0,0.0,0,0,1,0,0,0,0,0,0,0,0,0,0,gratuito
1,0.0,0,0.0,1,3,1,0,0,0,1,0,0,0,1,1,0,alto
2,0.0,0,0.0,1,3,1,0,1,0,1,1,0,1,0,0,0,gratuito
2,10000.0,27,0.8888888888888888,1,3,1,0,0,0,1,0,1,0,0,0,1,medio_alto
8,75000.0,870,0.957471264367816,1,3,1,1,0,1,1,0,0,1,0,0,0,gratuito
4,10000.0,16,0.6875,2,1,1,0,0,0,0,0,0,1,0,0,0,baixo
7,10000.0,110,0.9454545454545454,10,4,1,0,0,1,1,0,1,1,0,0,1,medio_alto
3,10000.0,7,0.2857142857142857,26,6,1,0,0,0,1,1,1,0,1,1,1,baixo
8,10000.0,7,0.8571428571428571,1,3,1,0,0,0,1,1,1,0,0,0,0,medio_baixo
1,10000.0,0,0.0,4,3,1,0,0,0,1,1,0,0,0,0,1,medio_baixo
4,10000.0,0,0.0,2,4,1,0,0,0,1,1,0,1,0,0,0,gratuito
1,0.0,0,0.0,3,3,1,0,0,0,1,0,1,0,0,0,0,gratuito
12,35000.0,76,0.5263157894736842,1,2,1,1,0,0,1,0,0,0,0,1,0,medio_alto
12,35000.0,775,0.8787096774193548,1,3,1,0,0,0,1,0,0,0,0,0,1,alto
3,10000.0,12,0.9166666666666666,2,3,1,0,0,0,1,1,1,0,0,0,0,medio_baixo
4,0.0,0,0.0,3,5,1,1,0,0,0,1,0,0,1,0,0,gratuito
7,75000.0,36,0.8611111111111112,2,1,1,1,1,0,0,0,0,0,0,1,0,medio_baixo
1,10000.0,0,0.0,1,1,1,1,1,0,0,1,0,0,0,0,0,medio_alto
5,75000.0,14,0.8571428571428571,1,3,1,0,0,0,1,0,0,1,0,1,0,baixo
5,10000.0,1,0.0,1,1,1,0,0,0,0,0,0,0,0,0,1,baixo
1,10000.0,0,0.0,2,2,1,0,0,0,0,0,0,1,0,1,0,medio_alto
5,0.0,0,0.0,0,0,1,0,0,0,0,0,0,0,0,0,0,gratuito
1,0.0,0,0.0,1,2,1,1,1,0,0,0,0,0,0,0,1,gratuito
1,10000.0,1,1.0,2,5,1,0,0,0,0,0,0,0,0,0,0,medio_baixo
2,10000.0,0,0.0,1,1,1,0,0,0,0,0,0,0,1,0,0,medio_alto
9,350000.0,695,0.823021582733813,1,4,1,1,1,0,1,1,1,1,0,0,0,baixo
3,75000.0,327,0.9327217125382263,5,1,1,0,0,0,0,1,0,0,0,0,0,alto
1,0.0,0,0.0,0,0,1,0,0,0,0,0,0,0,0,0,0,gratuito
2,10000.0,20,1.0,11,4,1,1,1,0,1,1,0,0,1,0,0,alto
1,10000.0,0,0.0,2,2,1,0,0,0,0,0,1,0,0,0,0,gratuito
1,0.0,0,0.0,1,2,1,0,0,0,0,0,1,0,0,0,1,medio_baixo
6,10000.0,512,0.888671875,30,6,1,1,1,1,1,1,1,1,1,0,1,baixo
5,10000.0,13,0.8461538461538461,1,6,1,0,0,0,1,1,0,1,0,0,1,medio_baixo
6,10000.0,32,0.75,1,2,1,0,0,1,1,1,0,0,0,0,0,baixo
1,10000.0,0,0.0,1,3,1,0,0,0,0,0,1,1,1,0,0,medio_baixo
4,0.0,0,0.0,0,0,1,0,0,0,0,0,0,0,0,0,0,gratuito
5,7500000.0,218383,0.9526474130312341,12,2,1,0,0,1,0,1,1,0,0,0,0,alto
2,10000.0,3,0.3333333333333333,1,1,1,0,0,0,0,0,0,0,0,0,1,medio_baixo
4,0.0,0,0.0,1,4,1,0,0,0,1,1,0,1,0,0,0,gratuito
4,10000.0,16,0.75,1,3,1,0,0,0,1,0,1,0,0,0,1,medio_alto
3,10000.0,0,0.0,1,1,1,0,1,1,0,0,0,0,0,0,1,medio_alto
10,10000.0,9,0.1111111111111111,1,1,1,0,0,0,0,0,0,0,0,0,0,alto
2,10000.0,10,1.0,2,4,1,0,0,0,1,1,1,0,0,0,1,alto
5,0.0,0,0.0,1,5,1,1,0,0,1,0,0,1,0,0,0,gratuito
1,10000.0,0,0.0,2,4,1,0,0,0,1,1,1,1,0,0,0,medio_baixo
1,10000.0,30,0.9333333333333333,6,4,1,0,0,0,1,0,0,1,1,0,1,medio_alto
4,35000.0,14,0.8571428571428571,5,5,1,0,0,0,1,1,1,0,1,0,0,alto
6,10000.0,593,0.9477234401349073,2,1,1,1,1,0,0,0,1,0,0,0,0,medio_alto
13,150000.0,606,0.6551155115511551,1,4,1,1,1,0,1,0,1,1,0,1,0,baixo
8,10000.0,22,0.36363636363636365,1,2,1,0,0,0,1,0,0,1,0,0,0,baixo
17,150000.0,346,0.8728323699421965,2,2,1,0,0,1,1,0,0,0,0,1,0,medio_baixo
7,10000.0,2,0.5,1,2,1,0,0,0,1,1,0,0,0,0,0,medio_baixo
8,10000.0,26,0.23076923076923078,1,3,1,0,0,0,1,1,0,1,0,0,0,baixo
6,10000.0,123,0.8048780487804879,14,3,1,1,0,0,1,1,0,0,0,1,0,baixo
2,35000.0,1019,0.7978410206084396,8,5,1,0,0,0,1,1,1,0,1,0,1,alto
7,10000.0,63,0.9047619047619048,1,4,1,0,0,0,1,1,0,1,0,1,0,baixo
7,10000.0,5,1.0,4,1,1,0,0,0,0,0,0,1,0,0,0,medio_baixo
2,10000.0,137,0.8759124087591241,0,4,1,0,0,0,1,1,0,1,0,0,0,gratuito
1,0.0,0,0.0,0,0,1,0,0,0,0,0,0,0,0,0,0,gratuito
5,10000.0,15,0.8,1,3,1,0,0,0,1,1,0,1,0,0,0,gratuito
4,10000.0,17,0.9411764705882353,3,3,1,0,0,0,0,0,1,1,0,1,0,baixo
12,75000.0,661,0.735249621785174,7,3,1,1,1,1,1,0,0,0,1,1,0,baixo
4,0.0,0,0.0,0,0,1,0,0,0,0,0,0,0,0,0,0,gratuito
3,75000.0,273,0.684981684981685,12,2,1,0,0,0,0,0,0,1,0,0,1,medio_baixo
2,0.0,0,0.0,103,6,1,0,0,0,1,1,1,1,0,0,0,gratuito
9,10000.0,69,0.7536231884057971,3,4,1,0,0,1,1,0,1,1,0,0,0,baixo
1,10000.0,0,0.0,31,2,1,0,0,0,1,0,0,1,0,0,0,baixo
11,10000.0,22,0.7727272727272727,1,1,1,0,0,0,0,0,0,0,0,0,0,gratuito
4,0.0,0,0.0,0,0,1,0,0,0,0,0,0,0,0,0,0,gratuito
2,10000.0,40,0.6,1,5,1,0,0,3,1,1,1,1,0,0,1,alto
15,150000.0,434,0.6935483870967742,1,2,1,1,0,0,1,0,0,1,0,0,0,medio_baixo
9,10000.0,39,0.7948717948717948,1,2,1,0,0,0,1,0,1,0,0,0,0,alto
7,10000.0,24,0.6666666666666666,2,4,1,0,0,0,1,1,0,1,0,1,0,baixo
1,0.0,0,0.0,103,8,1,1,1,0,1,1,1,1,0,1,1,alto
10,350000.0,1513,0.7237276933245208,1,3,1,0,0,0,1,1,0,1,0,0,0,gratuito
1,0.0,0,0.0,30,5,1,0,0,0,1,1,0,1,0,1,0,gratuito
6,35000.0,1071,0.8711484593837535,1,3,1,1,1,1,1,0,1,0,1,0,0,medio_baixo
2,10000.0,226,0.9469026548672567,1,3,1,0,0,0,1,1,0,1,0,0,0,alto
1,0.0,0,0.0,0,0,1,0,0,0,0,0,0,0,0,0,0,gratuito
6,10000.0,15,0.8,2,3,1,0,0,0,1,1,0,1,0,0,0,baixo
1,10000.0,4,0.75,1,4,1,0,0,0,1,1,0,1,0,0,1,baixo
6,35000.0,5,0.8,3,3,1,0,0,0,0,0,1,1,0,0,0,medio_alto
5,75000.0,18,0.5,1,5,1,0,0,0,1,1,1,0,0,0,0,gratuito
7,750000.0,1891,0.7340031729243787,1,3,1,0,0,0,0,0,0,0,0,0,0,gratuito
4,10000.0,18,0.3888888888888889,1,5,1,0,0,0,1,0,1,1,0,0,1,baixo
10,10000.0,28,0.39285714285714285,1,5,1,0,0,0,1,1,0,1,0,0,1,baixo
7,10000.0,2,0.5,2,2,1,0,0,0,1,0,0,1,0,0,0,baixo
5,0.0,0,0.0,0,0,1,0,0,0,0,0,0,0,0,0,0,gratuito
2,10000.0,83,0.927710843373494,1,3,1,0,0,1,1,0,0,1,0,0,1,baixo
2,10000.0,0,0.0,3,2,1,0,0,0,1,0,0,1,0,0,0,medio_alto
9,10000.0,38,0.7368421052631579,1,3,1,0,0,0,1,1,1,0,0,0,0,baixo
6,7500000.0,313577,0.9347847578106813,11,2,1,0,0,6,1,1,0,0,0,0,0,alto
4,0.0,0,0.0,0,0,1,0,0,0,0,0,0,0,0,0,0,gratuito
6,10000.0,18,0.5555555555555556,3,1,1,0,0,0,0,1,0,0,0,0,0,medio_alto
7,35000.0,374,0.7058823529411765,2,2,1,0,0,0,1,0,0,0,1,0,0,medio_alto
2,10000.0,3,1.0,1,5,1,1,1,1,1,1,1,1,0,0,1,baixo
9,35000.0,220,0.8227272727272728,2,3,1,1,0,0,1,1,0,1,0,0,0,baixo
5,0.0,0,0.0,0,0,1,0,0,0,0,0,0,0,0,0,0,gratuito
6,10000.0,1,1.0,1,5,1,0,0,1,1,0,1,1,1,1,0,alto
1,10000.0,0,0.0,1,4,1,1,1,1,1,0,1,1,1,0,0,medio_alto
1,10000.0,0,0.0,11,3,1,0,0,0,1,1,1,0,0,0,0,medio_baixo
2,10000.0,1,1.0,2,3,1,0,0,0,1,0,0,1,0,1,0,baixo
8,10000.0,5,0.2,1,4,1,0,0,0,1,0,1,1,0,0,1,medio_baixo
2,10000.0,1,1.0,1,3,1,0,0,0,1,0,1,0,0,1,0,medio_alto
3,0.0,0,0.0,2,3,1,0,0,0,1,0,1,0,0,1,0,gratuito
3,10000.0,9,1.0,2,2,1,0,0,1,1,1,0,0,0,0,0,medio_baixo
2,0.0,0,0.0,0,0,1,0,0,0,0,0,0,0,0,0,0,gratuito
2,35000.0,17,0.6470588235294118,1,2,1,0,0,0,1,0,1,0,0,0,0,baixo
3,35000.0,79,0.6582278481012658,3,4,1,0,0,0,1,1,1,0,1,0,0,alto
9,1500000.0,7490,0.7688918558077437,3,3,1,0,0,0,0,1,0,0,0,1,0,gratuito
9,10000.0,20,0.9,1,3,1,0,0,0,1,0,0,1,0,0,0,gratuito
1,10000.0,0,0.0,1,3,1,1,0,0,1,0,1,1,0,0,0,baixo
4,350000.0,15,0.8,4,2,1,0,0,1,0,0,1,1,0,0,0,medio_baixo
2,10000.0,2,0.5,1,2,1,0,0,0,1,0,0,0,1,0,0,baixo
4,0.0,0,0.0,0,0,1,0,0,0,0,0,0,0,0,0,0,gratuito
1,10000.0,76,0.6447368421052632,2,3,1,0,0,0,1,1,0,1,0,0,0,alto
5,10000.0,12,0.8333333333333334,2,5,1,0,0,0,1,0,1,1,1,0,1,alto
8,750000.0,10775,0.8248723897911833,13,1,1,1,1,1,0,0,0,0,1,0,0,alto
2,0.0,0,0.0,1,3,1,0,0,0,1,0,0,1,0,0,0,gratuito
5,0.0,0,0.0,0,0,1,0,0,0,0,0,0,0,0,0,0,gratuito
9,150000.0,335,0.6656716417910448,3,2,1,0,0,0,1,0,0,0,0,0,0,gratuito
6,10000.0,1,1.0,1,3,1,0,0,0,1,1,0,1,0,0,0,medio_alto
6,10000.0,64,0.84375,1,2,1,0,0,0,1,1,0,0,0,0,0,alto
4,10000.0,1,1.0,16,1,1,0,0,0,0,0,1,0,0,0,0,alto
5,10000.0,5,0.4,1,3,1,0,0,0,1,1,1,0,0,0,0,baixo
1,10000.0,0,0.0,1,3,1,1,1,0,1,0,1,0,1,0,0,medio_alto
2,10000.0,35,0.9714285714285714,1,1,1,0,0,0,0,0,0,1,0,0,0,medio_alto
1,0.0,0,0.0,0,0,1,0,0,0,0,0,0,0,0,0,0,gratuito
5,35000.0,40,0.95,1,2,1,0,1,0,0,0,0,0,1,1,0,medio_baixo
8,10000.0,12,0.75,2,3,1,0,0,0,1,0,1,0,1,0,0,baixo
8,75000.0,105,0.5904761904761905,1,4,1,0,0,3,1,1,0,0,0,0,0,gratuito
10,10000.0,39,0.5384615384615384,1,3,1,0,0,0,0,1,1,0,0,0,1,gratuito
16,10000.0,52,0.36538461538461536,1,1,1,0,0,0,0,0,0,0,0,0,1,medio_alto
11,750000.0,8061,0.7023942438903362,7,2,1,0,0,6,0,0,0,0,1,1,0,medio_baixo
3,150000.0,5,1.0,1,5,1,0,0,0,1,1,1,0,1,1,0,baixo
4,0.0,0,0.0,2,3,1,0,0,0,1,1,0,0,0,0,0,gratuito
3,10000.0,11,0.5454545454545454,14,3,1,0,0,1,1,0,1,0,0,0,0,alto
8,10000.0,14,0.7142857142857143,2,5,1,1,0,0,1,0,1,1,1,0,0,alto
4,0.0,0,0.0,11,4,1,0,0,0,0,1,1,0,1,0,0,gratuito
6,10000.0,11,0.8181818181818182,1,5,1,0,0,0,0,0,1,1,0,0,1,gratuito
4,10000.0,24,0.8333333333333334,1,2,1,1,1,0,1,0,0,0,1,0,0,medio_baixo
8,35000.0,63,0.7301587301587301,2,3,1,0,0,0,0,0,1,0,1,1,0,alto
2,10000.0,3,0.6666666666666666,1,6,1,0,0,0,1,1,1,1,0,0,1,medio_alto
6,10000.0,0,0.0,2,2,1,0,0,0,1,0,0,1,0,0,0,medio_baixo
3,10000.0,2,1.0,2,3,1,0,0,0,1,0,0,1,0,1,0,baixo
1,10000.0,0,0.0,9,4,1,0,0,1,1,1,1,0,1,0,0,alto
7,10000.0,0,0.0,27,2,1,0,0,0,1,0,0,1,0,0,0,baixo
5,10000.0,20,0.65,1,2,1,0,0,0,0,1,1,0,0,0,0,baixo
1,0.0,0,0.0,1,3,1,0,1,0,1,1,0,1,0,0,0,medio_baixo
1,0.0,0,0.0,0,0,1,0,0,0,0,0,0,0,0,0,0,gratuito
2,0.0,0,0.0,1,2,1,0,0,0,1,1,0,0,0,0,0,gratuito
4,10000.0,13,1.0,1,2,1,0,0,0,1,0,1,0,0,0,0,medio_alto
6,10000.0,1,0.0,1,5,1,0,0,0,1,1,0,1,0,1,1,baixo
3,10000.0,10,0.9,1,4,1,0,0,0,1,0,1,1,0,0,0,gratuito
1,0.0,0,0.0,1,2,1,1,1,0,1,0,1,0,0,0,0,alto
1,10000.0,2,1.0,1,2,1,0,0,0,1,1,0,0,0,0,0,medio_baixo
8,10000.0,29,0.2413793103448276,2,6,1,0,0,0,1,0,1,1,1,1,1,baixo
10,10000.0,18,0.5,1,4,1,0,0,0,1,1,0,1,0,0,1,alto
7,10000.0,46,0.9130434782608695,1,5,1,1,1,1,1,1,1,0,0,1,1,alto
7,10000.0,0,0.0,2,1,1,0,0,1,0,1,0,0,0,0,0,medio_alto
6,10000.0,2,1.0,1,4,1,0,0,0,1,0,0,1,0,0,1,baixo
4,75000.0,11,0.8181818181818182,4,2,1,0,0,1,0,0,1,1,0,0,0,medio_baixo
1,0.0,0,0.0,0,0,1,0,0,0,0,0,0,0,0,0,0,gratuito
1,35000.0,1,1.0,1,1,1,0,0,1,0,1,0,0,0,0,0,baixo
2,10000.0,2,1.0,2,2,1,0,0,0,1,0,0,1,0,0,0,baixo
4,75000.0,3,0.6666666666666666,6,3,1,0,0,0,1,0,0,1,0,1,0,medio_alto
5,75000.0,589,0.9711375212224108,1,3,1,0,0,0,0,0,1,0,1,0,1,medio_baixo
4,10000.0,148,0.7837837837837838,2,3,1,1,0,2,1,0,1,1,0,0,0,medio_alto
2,10000.0,6,1.0,2,1,1,0,0,0,0,0,0,0,0,0,1,baixo
3,10000.0,1,0.0,15,1,1,1,0,0,0,0,0,0,0,0,0,medio_baixo
3,10000.0,395,0.8329113924050633,2,3,1,0,0,1,1,0,1,1,0,0,0,alto
5,10000.0,12,0.6666666666666666,1,3,1,1,1,0,1,0,0,0,0,0,0,gratuito
8,10000.0,72,0.7916666666666666,4,3,1,0,0,1,1,1,0,1,0,0,0,medio_baixo
2,10000.0,3,0.6666666666666666,27,2,1,1,0,0,0,0,1,1,0,0,0,medio_baixo
2,10000.0,22,0.9090909090909091,2,2,1,0,0,0,1,0,1,0,0,0,0,baixo
2,35000.0,671,0.646795827123696,14,4,1,0,0,5,1,1,1,0,0,0,1,alto
1,10000.0,0,0.0,7,3,1,0,0,0,0,0,0,0,0,1,1,medio_alto
3,10000.0,4,0.75,5,4,1,0,0,0,1,0,0,1,1,0,1,medio_alto
1,10000.0,0,0.0,2,4,1,0,1,0,1,0,0,1,0,1,1,medio_baixo
7,35000.0,560,0.9571428571428572,1,3,1,1,1,1,1,0,1,0,1,0,0,medio_baixo
4,10000.0,1,0.0,1,2,1,0,0,0,1,0,0,1,0,0,0,baixo
10,10000.0,14,0.9285714285714286,1,2,1,1,1,1,1,1,0,0,0,0,0,alto
2,10000.0,25,0.92,10,3,1,0,0,1,1,1,1,0,0,0,0,alto
1,10000.0,3,1.0,18,1,1,0,0,0,0,0,0,0,0,1,0,medio_baixo
6,10000.0,46,0.8695652173913043,1,2,1,0,0,0,1,0,1,0,0,0,0,gratuito
2,0.0,0,0.0,0,0,1,0,0,0,0,0,0,0,0,0,0,gratuito
3,10000.0,0,0.0,11,4,1,1,1,0,0,1,0,0,0,0,1,gratuito
9,10000.0,1,0.0,1,2,1,0,0,0,1,0,0,0,0,1,0,baixo
6,10000.0,72,0.9305555555555556,1,2,1,0,0,0,1,1,0,0,0,0,0,baixo
2,10000.0,0,0.0,30,7,1,0,0,0,1,1,1,1,0,1,1,medio_alto
2,350000.0,7714,0.9240342234897588,22,3,1,0,0,0,0,0,0,1,1,1,0,medio_alto
9,750000.0,5375,0.8029767441860465,1,1,1,0,0,0,0,0,0,0,1,0,0,medio_alto
8,10000.0,18,0.9444444444444444,1,6,1,0,0,0,1,1,1,1,0,1,0,gratuito
5,10000.0,100,0.49,17,1,1,0,0,1,0,0,0,0,0,0,0,alto
6,10000.0,67,0.8955223880597015,2,2,1,1,0,0,1,0,1,0,0,0,0,gratuito
2,0.0,0,0.0,0,0,1,0,0,0,0,0,0,0,0,0,0,gratuito
3,10000.0,19,0.8947368421052632,6,4,1,0,0,0,1,1,0,1,1,0,0,medio_alto
8,10000.0,221,0.5429864253393665,1,5,1,0,0,0,1,1,0,0,0,1,0,gratuito
2,0.0,0,0.0,1,5,1,0,0,0,1,1,0,1,0,1,1,gratuito
6,10000.0,9,0.6666666666666666,2,4,1,0,0,2,1,1,1,0,1,0,0,baixo
1,0.0,0,0.0,2,3,1,0,0,0,0,0,0,1,0,0,1,gratuito
7,150000.0,477,0.8930817610062893,3,2,1,0,0,0,1,0,0,0,1,0,0,alto
5,35000.0,8,0.625,10,3,1,0,0,0,1,1,1,0,0,0,0,alto
3,10000.0,6,1.0,2,3,1,0,0,0,1,1,0,1,0,0,0,medio_baixo
9,10000.0,1,0.0,1,6,1,0,0,0,1,0,1,1,0,0,0,medio_alto
9,10000.0,54,0.8703703703703703,1,2,1,0,0,0,1,1,0,0,0,0,0,medio_alto
5,10000.0,1,1.0,2,2,1,0,0,0,0,1,0,1,0,0,0,baixo
8,10000.0,16,0.875,1,4,1,0,0,0,0,0,0,1,0,1,1,alto
1,10000.0,0,0.0,11,2,1,0,1,0,1,0,0,1,0,0,0,alto
9,10000.0,161,0.9254658385093167,1,2,1,0,0,0,1,0,0,0,1,0,0,baixo
7,35000.0,74,0.7027027027027027,103,2,1,0,0,0,1,1,0,0,0,0,0,baixo
1,10000.0,0,0.0,1,4,1,1,0,0,1,0,0,1,0,1,0,alto
5,150000.0,2995,0.7312186978297162,13,2,1,0,0,3,0,0,0,0,0,1,1,medio_alto
2,0.0,0,0.0,27,4,1,0,1,0,0,0,0,1,0,1,1,gratuito
7,10000.0,0,0.0,1,4,1,1,0,0,1,1,0,1,0,0,0,baixo
11,10000.0,25,0.72,2,1,1,0,1,0,0,1,0,0,0,0,0,baixo
1,10000.0,0,0.0,2,1,1,0,0,0,0,0,0,0,0,0,1,medio_alto
3,10000.0,1,1.0,1,5,1,0,0,0,1,1,0,1,0,1,0,medio_alto
7,10000.0,44,0.8181818181818182,1,2,1,0,0,0,1,0,0,1,0,0,0,medio_baixo
4,10000.0,3,1.0,1,2,1,1,1,0,1,0,0,0,1,0,0,medio_baixo
4,150000.0,1,0.0,1,3,1,0,0,0,1,1,1,0,0,0,0,medio_alto
1,0.0,0,0.0,0,0,1,0,0,0,0,0,0,0,0,0,0,gratuito
1,10000.0,0,0.0,27,2,1,1,1,0,1,0,0,0,0,0,1,baixo
1,0.0,0,0.0,0,0,1,0,0,0,0,0,0,0,0,0,0,gratuito
5,0.0,0,0.0,0,0,1,0,0,0,0,0,0,0,0,0,0,gratuito
5,35000.0,12,0.9166666666666666,9,3,1,0,1,0,1,1,0,1,0,0,0,medio_baixo
3,0.0,0,0.0,103,3,1,0,0,0,0,0,0,1,0,1,0,medio_baixo
1,0.0,0,0.0,0,0,1,0,0,0,0,0,0,0,0,0,0,gratuito
4,35000.0,155,0.7161290322580646,3,2,1,0,0,0,0,0,1,0,1,0,0,alto
5,35000.0,5,0.8,3,1,1,0,0,0,0,0,1,0,0,0,0,alto
8,10000.0,28,0.6071428571428571,2,3,1,0,0,0,1,1,0,1,0,0,0,baixo
3,10000.0,216,0.9722222222222222,14,3,1,0,0,1,0,1,1,0,1,0,0,alto
3,10000.0,9,0.4444444444444444,26,4,1,1,0,0,1,1,0,0,0,0,1,baixo
11,10000.0,85,0.4470588235294118,3,3,1,1,0,1,0,0,0,1,0,0,1,baixo
2,0.0,0,0.0,0,0,1,0,0,0,0,0,0,0,0,0,0,gratuito
2,10000.0,50,0.94,1,6,1,0,0,1,1,1,1,1,1,0,0,medio_alto
5,35000.0,1198,0.8530884808013356,3,2,1,0,0,0,1,0,0,0,0,0,1,medio_baixo
5,10000.0,2,1.0,1,2,1,0,0,0,1,1,0,0,0,0,0,medio_baixo
3,10000.0,3,1.0,1,1,1,0,0,0,0,0,0,0,1,0,0,medio_baixo
4,0.0,0,0.0,0,0,1,0,0,0,0,0,0,0,0,0,0,gratuito
2,0.0,0,0.0,1,9,1,0,0,0,1,1,1,1,1,1,1,gratuito
9,10000.0,37,0.21621621621621623,11,3,1,0,0,0,1,1,1,0,0,0,0,medio_baixo
4,10000.0,14,0.5,15,2,1,0,0,0,1,0,1,0,0,0,0,medio_baixo
4,35000.0,3,1.0,1,3,1,0,1,0,1,1,0,1,0,0,0,medio_baixo
4,1500000.0,26958,0.9560798278804066,6,3,1,0,0,1,0,1,1,0,1,0,0,alto
5,10000.0,0,0.0,1,4,1,1,1,1,1,0,1,0,1,0,0,medio_alto
3,10000.0,13,0.8461538461538461,1,2,1,0,0,0,1,0,1,0,0,0,0,baixo
1,10000.0,0,0.0,3,2,1,0,0,1,0,1,0,0,0,0,0,alto
9,75000.0,28,0.17857142857142858,1,3,1,0,0,0,1,1,0,0,0,0,0,gratuito
3,10000.0,1,0.0,7,2,1,0,0,0,0,1,0,0,0,0,0,alto
2,150000.0,1544,0.9196891191709845,17,5,1,1,1,0,1,1,0,0,1,0,1,medio_baixo
10,150000.0,569,0.7926186291739895,8,2,1,1,0,1,1,1,0,0,0,0,0,medio_baixo
2,10000.0,5,1.0,1,4,1,0,1,0,1,1,1,0,0,1,0,baixo
5,10000.0,2,0.5,1,2,1,0,0,0,1,0,1,0,0,0,0,baixo
1,0.0,0,0.0,0,0,1,0,0,0,0,0,0,0,0,0,0,gratuito
6,10000.0,3,1.0,1,2,1,1,0,0,1,1,0,0,0,0,0,medio_alto
2,10000.0,163,0.7423312883435583,1,1,1,0,0,0,0,0,1,0,0,0,0,gratuito
2,10000.0,74,0.8918918918918919,5,3,1,0,0,0,1,1,1,0,0,0,0,alto
1,10000.0,0,0.0,1,2,1,1,0,0,1,0,0,1,0,0,0,baixo
2,150000.0,2207,0.8527412777526053,1,3,1,0,0,0,1,1,0,1,0,0,0,medio_baixo
7,35000.0,46,0.7391304347826086,1,3,1,0,0,0,1,0,1,0,0,0,0,alto
6,10000.0,0,0.0,1,2,1,0,0,2,1,0,0,1,0,0,0,baixo
2,10000.0,4,1.0,1,2,1,0,0,0,0,1,1,0,0,0,0,baixo
14,750000.0,1044,0.6637931034482759,1,2,1,0,0,0,0,1,1,0,0,0,0,medio_alto
3,0.0,0,0.0,0,0,1,0,0,0,0,0,0,0,0,0,0,gratuito
5,10000.0,21,0.5714285714285714,1,3,1,0,0,0,1,1,0,0,0,0,0,baixo
1,10000.0,4,1.0,1,2,1,0,0,0,0,0,0,0,1,1,0,medio_alto
5,35000.0,45,0.7333333333333333,1,4,1,0,0,0,1,0,1,1,0,0,0,gratuito
9,350000.0,1685,0.8813056379821959,7,3,1,1,1,1,1,1,1,0,0,0,0,medio_baixo
2,10000.0,13,0.6923076923076923,1,3,1,0,0,0,0,1,0,0,0,0,0,gratuito
1,0.0,0,0.0,1,2,1,0,0,0,1,0,0,0,0,0,0,gratuito
4,10000.0,8,0.875,1,3,1,1,1,0,1,1,0,1,0,0,0,medio_alto
7,10000.0,3,1.0,1,3,1,0,0,0,0,1,0,1,0,0,0,baixo
4,10000.0,0,0.0,2,1,1,0,0,0,0,0,0,0,0,0,1,alto
1,10000.0,0,0.0,1,3,1,0,1,0,1,0,1,1,0,0,0,baixo
4,10000.0,8,0.875,1,2,1,0,0,0,0,0,1,1,0,0,0,medio_alto
7,10000.0,23,0.6956521739130435,1,3,1,0,0,0,0,1,1,0,0,1,0,alto
4,35000.0,19,0.5789473684210527,1,2,1,0,0,1,0,1,1,0,0,0,0,medio_baixo
4,35000.0,968,0.65599173553719,11,3,1,0,0,1,1,0,0,1,0,0,1,medio_alto
4,10000.0,0,0.0,1,1,1,0,0,0,0,0,0,1,0,0,0,baixo
1,10000.0,0,0.0,16,2,1,0,0,0,1,0,1,0,0,0,0,medio_baixo
5,10000.0,1,1.0,10,3,1,0,0,0,1,1,1,0,0,0,0,medio_alto
3,10000.0,6,0.8333333333333334,1,4,1,1,1,0,1,1,0,1,0,1,0,baixo
4,0.0,0,0.0,1,2,1,0,0,0,0,0,0,0,0,0,0,gratuito
5,10000.0,0,0.0,1,1,1,0,0,0,0,0,0,1,0,0,0,alto
2,10000.0,52,0.8269230769230769,2,3,1,0,0,0,1,0,1,0,0,1,0,medio_alto
1,0.0,0,0.0,2,4,1,0,0,0,0,1,1,1,0,0,0,gratuito
11,10000.0,33,0.8484848484848485,1,1,1,1,1,0,1,0,0,0,0,0,0,baixo
1,0.0,0,0.0,0,0,1,0,0,0,0,0,0,0,0,0,0,gratuito
7,10000.0,1,1.0,1,5,1,0,0,0,1,0,1,1,0,1,1,alto
5,0.0,0,0.0,1,3,1,0,0,0,1,1,0,0,0,0,0,gratuito
9,10000.0,31,0.5483870967741935,1,4,1,0,0,0,1,1,1,0,0,0,0,medio_alto
2,0.0,0,0.0,0,0,1,0,0,0,0,0,0,0,0,0,0,gratuito
2,10000.0,1,1.0,1,2,1,0,0,0,1,0,0,1,0,0,0,medio_alto
1,10000.0,4,0.75,1,3,1,0,0,0,1,1,1,0,0,0,0,medio_baixo
5,10000.0,1,1.0,1,1,1,0,0,0,0,0,0,0,0,0,0,alto
1,10000.0,78,0.8589743589743589,2,4,1,1,1,0,1,0,0,1,0,1,1,medio_alto
8,350000.0,807,0.7224287484510533,10,5,1,0,0,0,1,1,0,0,0,1,0,gratuito
3,0.0,0,0.0,8,4,1,0,0,0,1,1,1,0,1,0,0,baixo
10,10000.0,84,0.9047619047619048,1,1,1,0,0,0,0,0,1,0,0,0,0,alto
7,10000.0,30,0.9333333333333333,1,4,1,0,0,0,1,0,0,1,0,1,0,medio_alto
7,10000.0,30,0.4,4,5,1,0,0,0,1,0,0,1,1,1,1,medio_baixo
3,75000.0,1793,0.8533184606804238,1,3,1,0,0,0,1,0,0,0,0,0,1,alto
2,10000.0,8,0.75,1,2,1,0,0,0,1,1,0,0,0,0,0,baixo
2,0.0,0,0.0,1,4,1,0,0,0,1,1,1,0,0,0,0,gratuito
12,1500000.0,31861,0.9541131791218104,13,3,1,1,1,4,1,1,1,0,0,0,0,medio_alto
3,10000.0,32,0.78125,1,6,1,0,0,0,1,1,1,1,1,0,1,baixo
5,10000.0,16,0.5,1,2,1,0,0,1,1,0,0,1,0,0,0,baixo
2,0.0,0,0.0,1,2,1,0,0,0,0,1,0,0,0,0,0,gratuito
9,10000.0,18,0.8888888888888888,1,4,1,0,0,0,1,1,1,0,0,0,0,medio_baixo
7,10000.0,4,1.0,3,3,1,1,1,0,1,1,1,0,0,0,0,medio_alto
1,10000.0,0,0.0,10,5,1,0,0,0,1,1,1,0,1,0,0,alto
10,150000.0,134,0.835820895522388,2,5,1,0,0,0,1,1,1,0,1,1,0,baixo
1,10000.0,5,1.0,11,1,1,0,0,0,0,1,0,0,0,0,0,medio_baixo
2,10000.0,0,0.0,34,3,1,1,0,0,1,1,1,0,0,0,0,alto
6,10000.0,72,0.6805555555555556,3,2,1,0,0,0,0,0,1,0,1,0,0,medio_alto
7,35000.0,85,0.6352941176470588,3,5,1,0,0,0,0,1,1,1,0,0,0,gratuito
5,10000.0,13,0.9230769230769231,1,3,1,0,0,0,1,1,0,1,0,0,0,medio_alto
9,10000.0,2,0.5,1,2,1,0,0,0,0,0,0,1,0,0,1,medio_alto
8,10000.0,20,0.85,1,3,1,1,0,0,1,0,1,0,1,0,0,gratuito
7,10000.0,0,0.0,1,2,1,0,0,0,1,0,0,1,0,0,0,baixo
2,35000.0,4,0.5,11,4,1,0,0,0,1,1,1,1,0,0,0,medio_alto
6,10000.0,26,0.5769230769230769,2,1,1,0,0,0,1,0,0,0,0,0,0,baixo
4,35000.0,3,0.6666666666666666,1,2,1,0,0,0,0,1,1,0,0,0,0,baixo
2,10000.0,0,0.0,1,3,1,0,0,0,1,1,0,1,0,0,0,baixo
1,0.0,0,0.0,14,4,1,0,0,1,1,0,0,1,0,0,1,gratuito
6,10000.0,45,0.6888888888888889,1,2,1,0,0,0,1,1,0,0,0,0,0,gratuito
3,0.0,0,0.0,3,2,1,0,0,4,0,1,0,0,0,0,0,gratuito
1,0.0,0,0.0,0,0,1,0,0,0,0,0,0,0,0,0,0,gratuito
1,0.0,0,0.0,1,3,1,0,0,0,1,0,0,1,0,0,0,gratuito
6,10000.0,65,0.9692307692307692,1,7,1,1,0,0,1,0,1,1,1,0,1,gratuito
5,10000.0,21,0.8571428571428571,1,2,1,0,1,0,1,0,0,0,0,0,1,baixo
1,10000.0,0,0.0,1,1,1,0,0,0,1,0,0,0,0,0,0,alto
2,10000.0,6,0.6666666666666666,8,3,1,1,0,0,0,0,1,1,0,1,0,alto
5,75000.0,853,0.776084407971864,8,2,1,1,0,2,1,0,1,0,0,0,0,medio_baixo
2,0.0,0,0.0,3,6,1,0,0,0,1,0,0,1,1,1,1,gratuito
1,10000.0,31,0.8387096774193549,4,5,1,0,0,1,1,1,1,1,0,1,0,medio_alto
5,35000.0,2,0.5,1,3,1,0,0,0,1,1,1,0,0,0,0,medio_alto
5,10000.0,77,0.8831168831168831,2,4,1,0,0,0,1,0,1,1,0,0,1,alto
5,10000.0,1,0.0,1,2,1,0,0,0,0,1,0,0,0,0,0,medio_alto
1,10000.0,0,0.0,2,3,1,0,0,0,1,0,1,0,0,0,0,baixo
2,10000.0,3,1.0,8,3,1,0,0,0,1,0,1,1,0,0,0,medio_alto
5,10000.0,53,1.0,1,2,1,0,1,0,1,0,1,0,0,0,0,baixo
4,75000.0,1263,0.9089469517022961,13,2,1,0,0,1,0,1,1,0,0,0,0,alto
11,75000.0,599,0.8848080133555927,1,6,1,0,0,0,1,1,0,1,0,1,0,gratuito
3,10000.0,23,0.9565217391304348,1,5,1,1,1,1,1,1,1,1,0,0,0,alto
2,0.0,0,0.0,4,3,1,0,0,1,1,0,0,0,0,1,1,alto
5,10000.0,12,0.9166666666666666,1,1,1,0,1,0,0,0,1,0,0,0,0,medio_alto
2,10000.0,3,0.6666666666666666,4,2,1,0,0,0,0,0,0,0,1,0,0,alto
1,0.0,0,0.0,1,2,1,0,0,0,1,0,0,0,1,0,0,alto
2,10000.0,1,0.0,1,3,1,0,0,0,1,0,0,1,0,0,1,medio_baixo
5,35000.0,3,0.6666666666666666,2,2,1,0,1,1,1,1,0,0,0,0,0,baixo
1,10000.0,85,0.8941176470588236,10,3,1,0,0,1,1,0,0,1,0,0,1,medio_baixo
5,10000.0,32,1.0,2,1,1,1,0,0,0,0,0,0,0,0,1,medio_alto
9,1500000.0,19890,0.8378582202111614,5,1,1,0,0,0,0,0,1,0,0,0,0,alto
6,10000.0,54,0.5925925925925926,1,2,1,0,0,0,1,1,0,0,0,0,0,gratuito
9,10000.0,38,0.8157894736842105,1,2,1,0,0,0,0,0,0,1,0,0,1,alto
3,10000.0,28,0.7857142857142857,9,3,1,0,0,1,1,0,0,0,0,0,1,gratuito
5,35000.0,284,0.8309859154929577,4,2,1,0,0,0,0,1,1,0,0,0,0,medio_baixo
9,35000.0,125,0.528,1,4,1,0,0,0,1,1,0,1,0,0,0,alto
7,10000.0,4,0.75,2,3,1,0,0,0,1,0,1,0,1,0,0,medio_baixo
2,10000.0,1,0.0,2,2,1,0,0,0,1,0,0,1,0,0,0,baixo
1,0.0,0,0.0,1,4,1,1,0,0,1,1,1,0,0,0,0,gratuito
3,0.0,0,0.0,1,3,1,0,0,0,0,0,0,1,1,0,0,gratuito
1,0.0,0,0.0,103,1,1,0,0,0,0,0,0,1,0,0,0,medio_baixo
2,35000.0,1837,0.9891126837234622,3,2,1,0,0,1,0,0,1,1,0,0,0,alto
1,0.0,0,0.0,2,5,1,1,1,0,1,0,1,1,1,0,0,gratuito
5,10000.0,145,0.9586206896551724,9,2,1,0,0,1,1,1,0,0,0,0,0,medio_alto
1,0.0,0,0.0,14,1,1,0,0,0,1,0,0,0,0,0,0,medio_alto
1,10000.0,8,0.875,1,1,1,0,0,0,0,0,0,0,0,1,0,medio_alto
1,35000.0,919,0.6964091403699674,19,6,1,0,0,0,1,1,1,0,0,0,1,alto
4,750000.0,7042,0.801476853166714,18,3,1,0,0,1,1,0,0,1,0,0,1,medio_baixo
5,350000.0,2060,0.6631067961165048,3,3,1,0,0,1,1,1,0,1,0,0,0,medio_baixo
2,10000.0,40,0.925,20,3,1,0,0,0,1,0,0,0,0,1,1,medio_alto
5,10000.0,74,0.8648648648648649,2,2,1,0,0,0,1,1,0,0,0,0,0,medio_baixo
4,10000.0,13,0.9230769230769231,1,4,1,0,0,0,1,1,1,0,0,0,0,gratuito
10,75000.0,121,0.5537190082644629,1,1,1,0,0,0,0,0,0,1,0,0,0,medio_baixo
8,75000.0,456,0.8421052631578947,4,3,1,1,1,1,1,1,1,0,0,0,0,baixo
1,10000.0,5,0.6,3,4,1,0,0,0,1,1,1,1,0,0,0,medio_baixo
1,10000.0,0,0.0,2,3,1,0,0,0,0,0,0,0,0,1,1,alto
3,10000.0,5,0.6,2,1,1,0,0,0,1,0,0,0,0,0,0,baixo
4,10000.0,0,0.0,7,4,1,1,1,0,1,1,1,0,0,1,0,alto
5,10000.0,67,0.7761194029850746,1,3,1,0,0,0,1,0,1,1,0,0,0,baixo
4,35000.0,17,0.8823529411764706,2,2,1,1,0,0,1,1,0,0,0,0,0,baixo
8,75000.0,1284,0.7001557632398754,5,2,1,0,0,0,0,0,1,0,1,0,0,medio_alto
6,10000.0,3,1.0,2,3,1,0,0,0,1,0,1,1,0,0,0,medio_alto
11,10000.0,20,0.8,1,4,1,0,0,0,1,1,1,1,0,0,0,medio_baixo
10,10000.0,64,0.484375,2,2,1,0,0,0,0,1,0,0,1,0,0,medio_baixo
1,35000.0,4,1.0,1,1,1,0,0,0,0,0,1,0,0,0,0,baixo
1,10000.0,0,0.0,4,2,1,0,0,0,1,0,0,0,0,0,1,medio_baixo
2,0.0,0,0.0,0,0,1,0,0,0,0,0,0,0,0,0,0,gratuito
1,10000.0,6,1.0,1,3,1,0,0,3,0,1,0,0,0,1,1,medio_baixo
2,0.0,0,0.0,103,2,1,1,0,0,1,0,0,1,0,0,0,medio_baixo
9,10000.0,38,0.8947368421052632,4,2,1,0,0,0,1,0,0,0,0,1,0,baixo
3,0.0,0,0.0,103,1,1,0,0,0,0,0,0,1,0,0,0,medio_baixo
4,0.0,0,0.0,1,4,1,0,0,0,1,1,1,0,0,0,0,gratuito
5,10000.0,1,1.0,3,4,1,0,1,0,1,1,0,1,0,0,0,medio_alto
3,10000.0,3,1.0,1,4,1,0,0,0,0,0,0,0,0,0,0,gratuito
7,10000.0,3,1.0,1,2,1,0,0,0,1,0,0,1,0,0,0,alto
1,10000.0,0,0.0,1,1,1,0,0,0,0,1,0,0,0,0,0,alto
6,10000.0,0,0.0,103,2,1,0,1,0,1,0,0,1,0,0,0,baixo
3,75000.0,8,0.625,18,3,1,0,0,0,1,1,1,0,0,0,0,baixo
1,0.0,0,0.0,1,3,0,1,0,0,1,0,1,1,0,0,0,medio_baixo
11,350000.0,1778,0.7930258717660292,1,3,1,0,0,0,1,0,1,0,0,0,0,gratuito
4,35000.0,598,0.9849498327759197,2,1,1,0,0,2,0,1,0,0,0,0,0,medio_alto
2,0.0,0,0.0,103,4,1,0,0,0,0,1,0,1,1,0,0,alto
4,10000.0,2,1.0,1,5,1,0,0,0,1,1,1,1,0,0,1,baixo
6,10000.0,4,0.75,2,3,1,0,0,0,1,0,0,1,0,0,1,medio_baixo
2,10000.0,16,1.0,1,2,1,0,0,0,1,0,1,0,0,0,0,medio_baixo
8,10000.0,43,0.8372093023255814,2,2,1,0,0,0,0,0,1,0,0,0,0,gratuito
5,0.0,0,0.0,1,1,1,1,1,0,0,0,0,1,0,0,0,gratuito
2,10000.0,64,0.765625,6,3,1,0,0,2,1,0,0,0,1,1,0,medio_alto
10,10000.0,94,0.6595744680851063,6,1,1,0,0,0,0,1,0,0,0,0,0,gratuito
2,10000.0,9,0.8888888888888888,2,3,1,0,0,0,1,1,0,0,0,1,0,medio_alto
2,35000.0,1,1.0,1,2,1,0,0,0,0,0,0,0,0,1,1,alto
5,10000.0,21,0.8571428571428571,27,3,1,0,0,0,1,0,0,1,0,0,1,baixo
3,10000.0,0,0.0,1,4,1,0,0,0,1,1,1,0,1,0,0,alto
5,10000.0,26,0.8076923076923077,4,3,1,0,0,0,1,0,0,1,0,1,0,medio_alto
5,10000.0,5,0.4,1,2,1,0,0,2,1,0,0,1,0,0,0,baixo
11,150000.0,185,0.9027027027027027,1,3,1,0,0,0,0,0,0,1,0,1,1,medio_alto
5,10000.0,3,1.0,1,3,1,0,0,0,0,0,1,1,0,1,0,medio_baixo
7,10000.0,13,0.7692307692307693,4,1,1,1,0,0,0,0,0,1,0,0,0,medio_alto
2,10000.0,497,0.9215291750503019,5,3,1,0,0,0,1,0,0,1,0,1,0,alto
6,10000.0,17,0.8823529411764706,0,1,1,0,0,0,0,0,0,0,0,0,0,medio_alto
7,35000.0,48,0.5416666666666666,1,2,1,0,0,0,0,1,0,0,0,0,0,gratuito
9,10000.0,2,0.0,1,3,1,0,0,0,0,1,0,0,0,1,1,alto
5,10000.0,21,0.7619047619047619,1,5,1,0,0,0,1,1,0,1,0,1,1,medio_alto
5,35000.0,2,1.0,1,1,1,0,0,0,0,0,0,0,0,1,0,medio_alto
8,150000.0,346,0.653179190751445,8,3,1,0,0,0,0,0,0,1,0,0,1,gratuito
2,10000.0,3,1.0,1,2,1,0,0,0,1,0,0,0,0,0,1,medio_alto
9,150000.0,591,0.7715736040609137,5,5,1,0,0,0,1,0,0,1,0,0,1,gratuito
3,35000.0,2,0.5,1,3,1,0,0,0,1,0,0,1,0,0,0,medio_alto
2,10000.0,3,0.6666666666666666,1,2,1,0,0,0,0,1,1,0,0,0,0,medio_baixo
4,75000.0,1135,0.9127753303964757,1,2,1,0,0,0,1,0,0,0,0,0,1,medio_alto
4,35000.0,793,0.733921815889029,7,4,1,0,0,1,1,1,0,0,1,1,0,medio_alto
5,10000.0,0,0.0,1,2,1,0,0,1,1,0,0,1,0,0,0,baixo
11,35000.0,474,0.6455696202531646,1,1,1,1,1,0,1,0,0,0,0,0,0,alto
5,10000.0,29,0.7586206896551724,1,6,1,0,1,0,1,0,1,1,1,0,1,baixo
5,10000.0,2,0.5,2,2,1,0,0,0,1,0,0,0,0,0,0,medio_alto
2,0.0,0,0.0,103,4,1,0,0,0,0,0,1,1,0,1,0,gratuito
1,10000.0,93,0.41935483870967744,1,3,1,0,0,0,0,1,0,1,0,0,1,medio_baixo
9,10000.0,6,1.0,11,2,1,1,1,0,1,0,0,1,0,0,0,medio_baixo
5,10000.0,30,0.9,2,2,1,0,0,1,1,1,0,0,0,0,0,medio_baixo
10,3500000.0,90438,0.9042327340277317,7,2,1,1,1,1,1,0,1,0,0,0,0,medio_alto
4,10000.0,1,0.0,1,4,1,0,0,0,0,0,0,0,0,0,0,medio_baixo
6,0.0,0,0.0,0,0,1,0,0,0,0,0,0,0,0,0,0,gratuito
4,0.0,0,0.0,0,0,1,0,0,0,0,0,0,0,0,0,0,gratuito
1,0.0,0,0.0,1,3,1,0,0,0,0,0,1,1,1,0,0,baixo
4,10000.0,67,0.6417910447761194,1,3,1,0,0,0,0,1,1,0,0,0,0,alto
5,10000.0,459,0.9324618736383442,1,4,1,0,0,0,0,0,0,0,0,0,1,alto
3,10000.0,0,0.0,3,2,1,0,0,0,0,0,0,0,0,1,0,alto
4,35000.0,1,1.0,8,2,1,0,0,0,0,0,0,1,1,0,0,baixo
2,0.0,0,0.0,0,0,1,0,0,0,0,0,0,0,0,0,0,gratuito
3,10000.0,12,0.9166666666666666,1,2,1,0,0,0,0,1,1,0,0,0,0,gratuito
3,10000.0,222,0.8468468468468469,5,3,1,0,0,1,1,1,1,0,0,0,0,medio_alto
5,10000.0,42,0.4523809523809524,1,2,1,0,0,0,1,0,1,0,0,0,0,medio_baixo
1,0.0,0,0.0,0,0,1,0,0,0,0,0,0,0,0,0,0,gratuito
3,0.0,0,0.0,0,0,1,0,0,0,0,0,0,0,0,0,0,gratuito
2,10000.0,116,0.8879310344827587,1,2,1,0,0,0,1,1,0,0,0,0,0,baixo
1,10000.0,0,0.0,2,1,1,0,0,0,0,0,1,0,0,0,0,alto
7,10000.0,7,0.7142857142857143,1,3,1,0,0,0,1,0,1,1,0,0,0,medio_baixo
5,35000.0,10,0.9,1,3,1,0,0,0,1,0,0,0,1,1,0,baixo
1,10000.0,0,0.0,1,3,1,0,1,0,1,0,1,1,0,0,0,baixo
9,35000.0,197,0.7309644670050761,8,2,1,1,0,0,1,0,0,1,0,0,0,medio_baixo
2,0.0,0,0.0,0,0,1,0,0,0,0,0,0,0,0,0,0,gratuito
9,150000.0,2919,0.9513532031517643,16,3,1,1,1,0,1,0,0,1,0,1,0,baixo
2,10000.0,14,1.0,10,2,1,0,1,0,1,0,0,1,0,0,0,baixo
2,10000.0,23,1.0,1,2,1,0,0,0,1,0,1,0,0,0,0,alto
1,10000.0,0,0.0,5,3,1,0,0,4,0,0,0,0,1,1,1,alto
6,35000.0,8,1.0,1,4,1,0,0,0,1,0,1,1,0,1,0,medio_alto
8,10000.0,15,0.8666666666666667,1,4,1,1,0,0,1,0,1,1,1,0,0,medio_baixo
8,10000.0,388,0.9252577319587629,1,3,1,0,0,0,1,0,1,1,0,0,0,medio_baixo
4,75000.0,664,0.8373493975903614,2,2,1,0,0,0,0,0,1,1,0,0,0,alto
2,0.0,0,0.0,7,4,1,0,0,0,0,1,0,0,0,0,0,gratuito
2,10000.0,38,0.9473684210526315,1,3,1,1,0,0,1,0,0,1,0,0,1,medio_baixo
2,10000.0,95,0.8736842105263158,10,1,1,0,0,0,0,0,0,0,0,1,0,alto
1,10000.0,0,0.0,12,3,1,1,1,0,1,0,0,1,0,1,0,baixo
6,10000.0,5,1.0,1,4,1,0,0,0,1,1,1,0,1,0,0,baixo
7,10000.0,7,0.7142857142857143,1,2,1,0,0,0,0,0,0,1,0,0,1,gratuito
4,10000.0,1,1.0,1,3,1,0,0,0,1,0,0,1,0,0,0,alto
5,10000.0,3,1.0,1,3,1,0,0,0,1,0,0,1,0,0,1,medio_baixo
3,0.0,0,0.0,0,0,1,0,0,0,0,0,0,0,0,0,0,gratuito
2,10000.0,0,0.0,1,3,1,0,0,0,1,0,1,0,1,0,0,medio_alto
11,75000.0,337,0.5519287833827893,1,2,1,0,1,1,0,0,1,0,0,0,0,gratuito
2,0.0,0,0.0,2,4,1,0,0,0,1,1,0,1,0,0,0,gratuito
9,10000.0,35,0.42857142857142855,1,4,1,0,0,0,1,1,1,0,1,0,0,baixo
1,0.0,0,0.0,1,3,1,0,0,0,0,1,1,0,1,0,0,alto
2,0.0,0,0.0,0,0,1,0,0,0,0,0,0,0,0,0,0,gratuito
7,35000.0,473,0.6913319238900634,11,2,1,0,0,5,0,0,0,0,0,0,1,baixo
5,10000.0,9,0.7777777777777778,1,7,1,1,0,1,1,1,1,1,1,1,1,alto
1,10000.0,0,0.0,29,3,1,0,0,0,1,1,0,1,0,0,0,baixo
1,10000.0,2,1.0,2,3,1,0,0,0,1,1,1,0,0,0,0,medio_alto
1,10000.0,51,0.803921568627451,5,2,1,0,0,0,0,0,0,0,0,1,0,alto
1,0.0,0,0.0,103,1,1,1,1,0,0,0,0,1,0,0,0,baixo
5,10000.0,12,0.9166666666666666,1,3,1,1,0,0,1,1,0,0,0,0,0,medio_baixo
8,35000.0,52,0.23076923076923078,1,4,1,0,0,0,1,1,0,1,0,0,0,baixo
1,0.0,0,0.0,0,0,1,0,0,0,0,0,0,0,0,0,0,gratuito
1,10000.0,0,0.0,11,7,1,0,0,0,0,1,1,1,1,1,0,gratuito
2,10000.0,3,0.6666666666666666,5,3,1,1,1,0,1,0,0,0,1,1,0,baixo
2,10000.0,0,0.0,1,4,1,0,0,0,1,1,1,0,1,0,0,baixo
10,150000.0,1865,0.8723860589812332,2,1,1,0,0,1,0,0,1,0,0,0,0,gratuito
2,0.0,0,0.0,0,0,1,0,0,0,0,0,0,0,0,0,0,gratuito
7,10000.0,33,0.7575757575757576,1,2,1,0,0,0,0,0,0,1,0,0,1,gratuito
9,10000.0,7,0.8571428571428571,1,4,1,1,1,0,1,0,1,1,0,1,0,medio_alto
2,10000.0,297,0.9730639730639731,11,4,1,1,0,2,1,1,1,0,1,0,0,alto
7,10000.0,15,1.0,1,2,1,0,0,0,0,0,1,1,0,0,0,medio_alto
2,0.0,0,0.0,0,0,1,0,0,0,0,0,0,0,0,0,0,gratuito
7,10000.0,5,0.6,1,3,1,0,0,0,1,1,0,1,0,0,0,medio_alto
4,10000.0,97,0.38144329896907214,1,3,1,0,0,0,1,1,0,0,0,0,0,gratuito
7,10000.0,0,0.0,29,3,1,0,0,0,1,0,0,1,0,1,0,baixo
1,10000.0,0,0.0,2,5,1,0,0,0,1,1,1,1,1,0,0,medio_baixo
1,10000.0,5,1.0,1,4,1,0,0,0,0,1,1,1,1,0,0,medio_alto
9,10000.0,179,0.9273743016759777,1,3,1,1,1,3,1,0,0,0,1,1,0,alto
6,10000.0,13,0.23076923076923078,1,4,1,0,0,0,1,1,0,1,0,0,0,baixo
3,10000.0,2,1.0,1,3,1,1,0,0,0,0,1,1,0,0,1,baixo
2,0.0,0,0.0,1,6,1,0,0,0,0,0,0,1,0,0,0,gratuito
3,10000.0,7,0.5714285714285714,1,5,1,0,0,0,1,1,1,0,0,1,0,gratuito
2,10000.0,27,1.0,1,2,1,0,0,0,1,0,0,0,0,1,0,medio_alto
3,10000.0,0,0.0,4,2,1,1,1,5,1,0,1,0,0,0,0,medio_alto
4,10000.0,484,0.8884297520661157,10,2,1,1,0,1,1,0,0,0,0,1,0,medio_alto
7,10000.0,2,0.5,1,4,1,0,0,0,0,0,0,1,0,0,1,medio_baixo
4,0.0,0,0.0,1,3,1,0,0,0,1,1,1,0,0,0,0,gratuito
5,10000.0,2,0.5,3,4,1,0,0,0,1,1,1,1,0,0,0,medio_baixo
2,10000.0,0,0.0,1,1,1,0,0,0,0,0,1,0,0,0,0,baixo
1,0.0,0,0.0,1,3,1,0,0,0,1,1,0,1,0,0,0,medio_baixo
2,10000.0,1,1.0,3,4,1,0,0,0,1,0,1,1,1,0,0,medio_baixo
3,0.0,0,0.0,0,0,1,0,0,0,0,0,0,0,0,0,0,gratuito
4,75000.0,250,0.304,7,4,1,0,0,0,1,0,0,1,1,0,1,baixo
1,10000.0,5,0.8,1,4,1,0,0,0,1,1,0,1,1,0,0,medio_baixo
5,10000.0,5,1.0,1,3,1,0,0,0,1,0,0,1,0,0,1,medio_alto
1,10000.0,84,0.5238095238095238,7,2,1,0,0,0,1,0,0,0,0,0,1,alto
2,10000.0,0,0.0,1,3,1,0,0,2,1,0,0,1,0,1,0,baixo
6,10000.0,13,0.9230769230769231,1,2,1,0,0,0,0,0,0,0,0,0,0,alto
7,10000.0,26,0.9230769230769231,2,5,1,0,0,0,1,1,1,1,1,0,0,baixo
1,10000.0,0,0.0,7,2,1,0,0,0,1,0,0,1,0,0,0,medio_baixo
1,10000.0,1,1.0,1,7,1,1,0,0,1,0,0,1,0,0,1,alto
2,10000.0,2,1.0,2,2,1,0,0,0,1,1,0,0,0,0,0,medio_alto
2,10000.0,23,0.9565217391304348,1,5,1,0,0,1,1,1,1,1,1,0,0,medio_baixo
3,10000.0,5,1.0,1,3,1,1,0,0,1,0,0,1,0,0,0,medio_alto
1,10000.0,0,0.0,1,3,1,0,0,0,0,0,0,1,0,1,1,alto
5,10000.0,0,0.0,1,6,1,0,0,0,1,1,1,1,1,0,1,medio_baixo
2,10000.0,24,0.875,5,5,1,0,0,0,1,1,0,1,0,1,1,medio_alto
1,10000.0,0,0.0,1,2,1,0,0,0,1,0,0,1,0,0,0,baixo
2,10000.0,33,0.8787878787878788,13,3,1,0,1,0,1,1,0,1,0,0,0,alto
7,75000.0,435,0.40229885057471265,5,1,1,0,0,0,0,0,0,0,0,1,0,medio_baixo
2,10000.0,20,0.5,1,5,1,0,0,0,1,0,1,1,0,0,1,gratuito
1,10000.0,0,0.0,2,1,1,0,0,0,0,0,0,0,0,0,1,alto
8,35000.0,115,0.9043478260869565,10,2,1,0,0,0,1,0,0,0,0,1,0,alto
5,10000.0,27,1.0,2,3,1,0,0,0,1,0,0,0,0,1,1,alto
5,10000.0,21,0.7142857142857143,1,4,1,0,0,3,1,1,1,1,0,0,0,gratuito
1,10000.0,0,0.0,17,6,1,0,0,0,1,1,1,0,0,0,1,alto
5,10000.0,6,0.5,1,1,1,0,0,0,1,0,0,0,0,0,0,gratuito
6,10000.0,64,0.6875,3,6,1,0,0,0,1,0,0,1,1,0,1,gratuito
1,10000.0,1,1.0,1,2,1,0,0,0,1,0,0,1,0,0,0,baixo
2,0.0,0,0.0,1,4,1,0,0,0,1,0,0,1,0,1,0,gratuito
6,10000.0,113,0.911504424778761,3,3,1,0,0,0,1,0,0,1,0,0,1,medio_baixo
10,75000.0,82,0.8414634146341463,1,2,1,0,0,0,1,1,0,0,0,0,0,medio_baixo
7,10000.0,4,0.75,1,5,1,0,0,0,1,1,1,0,1,0,0,gratuito
15,1500000.0,13468,0.9683694683694684,9,1,1,0,0,0,0,0,0,0,0,1,0,medio_baixo
2,10000.0,0,0.0,4,1,1,0,0,0,0,0,0,1,0,0,0,medio_alto
7,10000.0,125,0.904,1,3,1,0,0,0,1,0,0,1,1,0,0,medio_alto
4,10000.0,0,0.0,4,5,1,0,0,0,1,1,1,1,0,1,0,medio_alto
13,7500000.0,247930,0.9609123542935506,13,2,1,1,0,0,0,1,1,0,0,0,0,medio_baixo
1,10000.0,0,0.0,1,2,1,0,0,0,1,0,0,1,0,0,0,medio_alto
3,0.0,0,0.0,1,1,1,0,0,0,1,0,0,0,0,0,0,gratuito
3,150000.0,1580,0.8139240506329114,9,2,1,0,0,0,0,1,0,0,1,0,0,medio_alto
9,35000.0,67,0.5522388059701493,1,3,1,0,0,0,1,1,1,0,0,0,0,medio_baixo
5,35000.0,120,0.7166666666666667,1,5,1,0,0,0,1,0,1,0,1,1,0,medio_alto
11,10000.0,76,0.9342105263157895,1,2,1,0,0,0,1,0,0,1,0,0,0,baixo
2,10000.0,0,0.0,2,1,1,0,0,0,1,0,0,0,0,0,0,baixo
7,10000.0,430,0.9441860465116279,4,2,1,0,0,0,1,0,1,0,0,0,0,medio_alto
4,10000.0,1,1.0,1,3,1,0,0,1,1,1,0,1,0,0,0,medio_baixo
2,10000.0,0,0.0,6,9,1,0,0,3,1,1,1,1,0,1,1,gratuito
2,10000.0,0,0.0,1,1,1,0,0,0,0,0,0,1,0,0,0,medio_alto
6,150000.0,897,0.6900780379041248,13,3,1,1,0,1,1,0,1,1,0,0,0,alto
1,10000.0,8,0.875,1,6,1,0,0,0,1,0,0,1,1,1,1,alto
12,10000.0,86,0.6395348837209303,27,2,1,1,1,0,1,0,1,0,0,0,0,alto
3,10000.0,10,0.5,2,3,1,0,0,0,1,0,0,0,0,1,1,baixo
1,10000.0,0,0.0,1,2,1,0,0,0,1,1,0,0,0,0,0,medio_baixo
3,10000.0,17,0.9411764705882353,2,3,1,0,0,0,1,1,1,0,0,0,0,alto
5,10000.0,95,0.8210526315789474,11,2,1,1,0,2,0,0,0,1,0,1,0,medio_baixo
2,10000.0,8,0.75,1,2,1,0,0,0,1,0,0,0,0,0,1,medio_baixo
3,10000.0,25,0.8,1,5,1,0,0,0,1,1,0,1,1,0,0,medio_baixo
4,0.0,0,0.0,1,2,1,0,0,0,1,1,0,0,0,0,0,gratuito
1,0.0,0,0.0,11,7,1,1,0,4,1,0,1,1,1,1,1,gratuito
4,10000.0,25,0.88,5,2,1,0,0,1,0,0,0,1,0,0,1,alto
6,10000.0,32,0.9375,3,2,1,0,0,0,1,0,0,1,0,0,0,baixo
1,10000.0,0,0.0,13,2,1,1,1,0,0,0,0,0,1,1,0,alto
8,10000.0,0,0.0,2,1,1,0,0,0,0,0,0,0,0,0,1,alto
1,0.0,0,0.0,0,0,1,0,0,0,0,0,0,0,0,0,0,gratuito
7,10000.0,2,1.0,2,2,1,0,0,0,0,0,1,0,1,0,0,medio_baixo
3,0.0,0,0.0,1,2,1,0,0,0,1,0,0,0,0,1,0,gratuito
8,10000.0,9,0.8888888888888888,1,4,1,0,0,1,1,1,0,1,0,0,0,gratuito
3,10000.0,9,0.7777777777777778,7,3,1,0,0,0,1,1,1,0,0,0,0,baixo
1,0.0,0,0.0,1,3,1,1,1,0,1,1,0,0,0,1,0,alto
9,10000.0,0,0.0,1,4,1,0,0,0,1,0,1,0,1,1,0,medio_alto
2,10000.0,17,0.5882352941176471,2,3,1,0,0,0,1,0,1,1,0,0,0,alto
5,0.0,0,0.0,1,4,1,0,0,0,1,0,1,1,0,0,0,gratuito
1,10000.0,284,0.9859154929577465,6,2,1,0,0,0,1,0,0,1,0,0,0,baixo
8,10000.0,3,1.0,1,3,1,0,0,0,1,1,0,1,0,0,0,baixo
1,0.0,0,0.0,6,2,1,1,1,0,0,0,1,0,0,0,0,gratuito
1,10000.0,0,0.0,1,2,1,0,0,0,0,0,1,1,0,0,0,medio_alto
1,35000.0,368,0.8016304347826086,2,2,1,0,0,0,0,0,1,0,1,0,0,alto
7,10000.0,0,0.0,1,3,1,0,0,0,1,0,1,1,0,0,0,medio_baixo
8,10000.0,4,0.75,3,3,1,0,0,1,1,0,0,1,0,0,1,baixo
2,10000.0,16,0.875,3,2,1,1,0,0,1,0,0,1,0,0,0,medio_alto
1,75000.0,44,0.7727272727272727,10,3,1,0,0,0,1,0,1,0,0,0,1,medio_baixo
3,10000.0,3,1.0,2,2,1,1,1,0,1,0,0,1,0,0,0,baixo
8,10000.0,6,0.8333333333333334,1,3,1,0,0,0,1,1,0,0,0,0,0,gratuito
1,10000.0,24,0.7083333333333334,11,2,1,0,0,0,1,1,0,0,0,0,0,medio_alto
11,10000.0,119,0.7058823529411765,5,1,1,0,0,0,0,0,1,0,0,0,0,baixo
10,75000.0,138,0.38405797101449274,2,2,1,0,0,0,0,1,0,0,1,0,0,baixo
5,10000.0,9,1.0,1,4,1,0,0,0,1,0,1,1,0,0,1,medio_alto
2,10000.0,1,1.0,1,2,1,0,0,0,1,0,0,1,0,0,0,baixo
3,10000.0,7,0.7142857142857143,19,6,1,1,1,0,1,1,0,1,0,0,1,baixo
8,10000.0,24,0.875,1,2,1,1,0,1,1,0,0,1,0,0,0,baixo
6,35000.0,104,0.7692307692307693,1,4,1,0,0,0,1,1,0,1,0,0,0,medio_baixo
1,10000.0,0,0.0,1,2,1,0,0,0,1,0,0,1,0,0,0,medio_baixo
2,0.0,0,0.0,0,0,1,0,0,0,0,0,0,0,0,0,0,gratuito
12,10000.0,352,0.7215909090909091,1,6,1,0,0,1,0,0,0,0,0,0,0,alto
5,10000.0,4,0.5,3,2,1,0,0,0,1,0,1,0,0,0,0,alto
3,10000.0,32,0.21875,1,3,1,0,0,0,1,1,1,0,0,0,0,medio_alto
4,10000.0,0,0.0,1,2,1,0,0,0,1,0,0,1,0,0,0,baixo
1,10000.0,10,0.9,13,6,1,0,0,0,1,1,0,1,1,1,0,medio_alto
2,0.0,0,0.0,0,0,1,0,0,0,0,0,0,0,0,0,0,gratuito
2,10000.0,0,0.0,1,3,1,0,1,0,1,0,1,1,0,0,0,alto
4,35000.0,5,0.4,1,1,1,0,0,0,0,1,0,0,0,0,0,baixo
5,10000.0,4,0.75,1,3,1,0,0,0,0,0,0,0,0,0,1,alto
3,10000.0,8,0.75,1,1,1,0,0,0,0,1,0,0,0,0,0,baixo
3,10000.0,1,0.0,1,4,1,0,0,0,0,0,1,1,0,1,1,medio_baixo
1,10000.0,0,0.0,1,4,1,0,0,0,1,1,1,1,0,0,0,baixo
3,10000.0,4,1.0,1,1,1,0,0,0,0,0,0,1,0,0,0,baixo
2,0.0,0,0.0,6,5,1,0,0,0,0,0,1,0,0,1,1,gratuito
9,35000.0,86,0.813953488372093,1,4,1,1,0,0,1,1,1,1,0,0,0,baixo
7,10000.0,15,0.9333333333333333,4,1,1,1,1,1,0,0,0,0,0,0,0,alto
9,10000.0,20,0.8,1,2,1,0,0,0,0,1,0,0,0,0,1,gratuito
9,150000.0,1956,0.4274028629856851,6,3,1,0,0,0,1,1,0,0,1,0,0,baixo
2,10000.0,5,0.8,2,2,1,0,0,0,1,0,0,0,1,0,0,medio_alto
6,10000.0,7,0.7142857142857143,4,7,1,0,0,1,1,1,1,0,1,0,1,gratuito
1,0.0,0,0.0,0,0,1,0,0,0,0,0,0,0,0,0,0,gratuito
2,10000.0,388,0.904639175257732,4,3,1,0,0,0,1,1,0,1,0,0,0,alto
2,10000.0,24,0.9583333333333334,1,2,1,1,0,0,1,1,0,0,0,0,0,alto
3,10000.0,0,0.0,1,3,1,1,1,0,1,0,0,1,0,0,1,baixo
2,35000.0,1,0.0,1,5,1,0,0,0,1,1,1,0,1,0,0,medio_baixo
7,7500000.0,172857,0.9698594792227101,15,1,1,0,0,13,0,1,0,0,0,0,0,alto
7,35000.0,11,0.36363636363636365,1,2,1,0,0,0,1,0,0,1,0,0,0,baixo
2,35000.0,40,0.925,4,3,1,0,0,0,1,0,1,1,0,0,0,medio_baixo
2,0.0,0,0.0,0,0,1,0,0,0,0,0,0,0,0,0,0,gratuito
14,350000.0,595,0.8218487394957983,1,2,1,1,0,0,1,0,1,0,0,0,0,alto
1,10000.0,0,0.0,12,3,1,0,0,0,1,0,0,1,0,0,0,medio_baixo
3,0.0,0,0.0,3,5,1,0,0,0,1,1,1,1,0,0,0,gratuito
5,10000.0,6,0.5,3,3,1,0,0,0,1,1,1,0,0,0,0,alto
1,10000.0,0,0.0,5,2,1,0,0,0,0,0,0,1,0,1,0,medio_alto
4,35000.0,18,0.5555555555555556,103,1,1,0,0,0,0,0,1,0,0,0,0,baixo
3,0.0,0,0.0,0,0,1,0,0,0,0,0,0,0,0,0,0,gratuito
3,10000.0,2,1.0,1,1,1,0,0,0,1,0,0,0,0,0,0,alto
5,35000.0,13,0.46153846153846156,1,2,1,0,0,0,0,0,1,1,0,0,0,alto
2,0.0,0,0.0,0,0,1,0,0,0,0,0,0,0,0,0,0,gratuito
7,35000.0,454,0.9405286343612335,12,3,1,1,0,1,1,0,1,0,1,0,0,medio_alto
6,10000.0,16,0.9375,1,4,1,1,1,0,1,1,1,1,0,0,0,baixo
1,10000.0,0,0.0,5,1,1,0,0,0,0,0,0,0,0,1,0,alto
10,10000.0,159,0.9559748427672956,1,2,1,1,1,0,1,0,1,0,0,0,0,medio_baixo
2,10000.0,2,1.0,1,2,1,0,0,1,0,0,0,1,0,1,0,alto
6,10000.0,6,0.6666666666666666,1,4,1,0,0,0,1,1,1,1,0,0,0,baixo
1,10000.0,23,0.8695652173913043,12,3,1,0,0,0,1,1,0,1,0,0,0,medio_alto
6,350000.0,6,0.5,1,4,1,0,0,0,1,1,0,0,0,0,0,medio_alto
8,1500000.0,2816,0.6370738636363636,10,4,1,0,0,2,1,1,0,0,0,1,1,medio_baixo
1,150000.0,1509,0.7196819085487077,11,2,1,0,0,6,0,1,1,0,0,0,0,alto
4,10000.0,27,0.9259259259259259,1,2,1,0,0,0,1,1,0,0,0,0,0,medio_alto
1,10000.0,0,0.0,3,2,1,0,0,0,1,0,1,0,0,0,0,alto
1,10000.0,0,0.0,3,5,1,0,1,0,1,0,1,1,1,0,1,medio_alto
11,150000.0,3221,0.6640794784228501,7,2,1,0,0,0,1,0,0,0,0,1,0,medio_alto
1,10000.0,0,0.0,27,2,1,1,1,0,1,0,0,0,0,0,1,baixo
7,35000.0,345,0.6289855072463768,1,4,1,0,0,0,1,1,0,0,0,1,1,baixo
4,10000.0,0,0.0,4,4,1,0,0,0,0,1,1,0,0,1,0,alto
10,10000.0,13,0.46153846153846156,5,2,1,0,0,0,0,0,1,1,0,0,0,medio_alto
3,10000.0,125,0.8,3,2,1,1,0,2,0,0,0,0,1,1,0,medio_alto
8,10000.0,4,0.75,1,1,1,0,0,0,0,1,0,0,0,0,0,alto
2,10000.0,25,0.92,10,4,1,0,0,0,1,0,0,1,0,1,1,medio_alto
3,75000.0,13,0.9230769230769231,9,2,1,0,0,0,0,0,1,1,0,0,0,medio_alto
9,75000.0,106,0.8584905660377359,1,3,1,0,0,1,1,0,0,1,0,0,0,gratuito
1,10000.0,0,0.0,1,2,1,0,0,0,1,0,0,0,0,1,0,baixo
5,10000.0,234,0.8675213675213675,11,2,1,0,0,0,1,0,1,0,0,0,0,medio_baixo
1,10000.0,160,0.95625,2,4,1,0,0,0,1,0,1,0,0,0,1,alto
2,10000.0,37,0.8378378378378378,28,3,1,0,0,0,1,0,0,1,0,0,1,medio_baixo
4,0.0,0,0.0,10,5,1,1,1,6,1,0,1,1,0,0,0,gratuito
3,10000.0,12,0.75,1,1,1,0,0,0,0,1,0,0,0,0,0,baixo
1,10000.0,0,0.0,2,2,1,0,0,0,1,1,0,0,0,0,0,medio_baixo
3,10000.0,28,0.42857142857142855,5,3,1,1,0,0,1,0,1,1,0,0,0,alto
3,35000.0,225,0.6222222222222222,3,2,1,0,0,1,0,0,1,0,1,0,0,medio_alto
2,10000.0,18,0.8333333333333334,0,2,1,0,0,0,1,0,0,0,0,0,0,gratuito
5,10000.0,16,0.8125,17,5,1,1,1,0,1,1,0,0,0,1,1,medio_alto
2,10000.0,1,1.0,7,2,1,0,0,0,0,0,0,0,0,0,0,medio_baixo
8,35000.0,518,0.5231660231660231,2,6,1,1,1,0,1,0,0,1,0,0,1,baixo
8,10000.0,4,0.75,1,3,1,1,0,0,1,0,0,1,0,1,0,medio_baixo
6,10000.0,4,1.0,1,3,1,1,0,0,1,0,0,1,0,1,0,baixo
3,0.0,0,0.0,0,0,1,0,0,0,0,0,0,0,0,0,0,gratuito
17,750000.0,2829,0.7613997879109226,1,1,1,0,0,0,0,1,0,0,0,0,0,alto
9,10000.0,9,0.6666666666666666,1,1,1,0,0,0,0,0,0,0,1,0,0,medio_baixo
1,10000.0,0,0.0,1,5,1,0,0,0,1,1,1,0,0,1,0,medio_alto
11,10000.0,122,0.5737704918032787,1,3,1,0,0,0,0,0,0,0,0,1,1,alto
2,150000.0,14,0.8571428571428571,3,4,1,0,1,0,1,0,1,1,0,0,0,medio_alto
5,10000.0,14,0.5,1,3,1,0,0,0,1,1,1,0,0,0,0,baixo
5,10000.0,7,1.0,1,2,1,1,1,0,1,0,0,1,0,0,0,baixo
7,35000.0,89,0.8314606741573034,1,4,1,0,0,0,1,1,0,1,0,0,0,gratuito
3,10000.0,0,0.0,14,2,1,0,0,1,1,0,0,1,0,0,0,baixo
8,35000.0,126,0.5,1,2,1,0,0,0,1,1,0,0,0,0,0,baixo
6,10000.0,48,0.7708333333333334,1,4,1,0,0,1,0,1,0,0,1,0,0,gratuito
7,35000.0,99,0.6262626262626263,4,3,1,0,0,0,1,0,1,1,0,0,0,medio_baixo
3,75000.0,1045,0.9368421052631579,14,2,1,1,1,1,1,0,0,0,0,0,0,gratuito
6,10000.0,19,0.9473684210526315,2,2,1,0,1,0,1,0,0,0,0,0,0,alto
9,75000.0,319,0.780564263322884,1,5,1,0,0,1,1,0,0,1,0,1,1,gratuito
2,10000.0,2,1.0,10,2,1,0,0,0,1,0,0,1,0,0,0,baixo
3,10000.0,17,1.0,6,3,1,1,1,0,1,1,1,0,0,0,0,alto
4,10000.0,128,0.8671875,5,4,1,0,0,0,1,0,0,1,0,1,1,medio_alto
7,10000.0,14,0.7857142857142857,4,1,1,0,0,0,1,0,0,0,0,0,0,medio_alto
3,10000.0,1,1.0,1,3,1,0,0,0,1,1,0,0,1,0,0,medio_alto
1,0.0,0,0.0,0,0,1,0,0,0,0,0,0,0,0,0,0,gratuito
4,10000.0,152,0.8157894736842105,2,5,1,0,0,0,1,1,1,0,1,0,0,alto
2,10000.0,64,0.78125,2,5,1,0,0,0,1,0,1,0,1,1,1,medio_alto
2,10000.0,18,1.0,2,3,1,0,0,0,1,1,1,0,0,0,0,alto
9,10000.0,5,0.2,2,2,1,0,0,0,1,0,1,0,0,0,0,gratuito
17,150000.0,381,0.84251968503937,1,1,1,0,0,0,0,0,1,0,0,0,0,medio_alto
2,10000.0,3,0.6666666666666666,11,2,1,0,0,0,1,0,0,1,0,0,0,medio_baixo
4,10000.0,12,0.25,6,1,1,1,0,0,0,0,0,1,0,0,0,baixo
8,10000.0,19,0.9473684210526315,11,4,1,0,0,0,1,1,0,1,0,0,1,baixo
6,10000.0,12,1.0,10,2,1,0,0,0,1,0,1,0,0,0,0,baixo
4,10000.0,55,0.7636363636363637,1,2,1,0,0,0,1,0,1,0,0,0,0,baixo
5,10000.0,45,0.8888888888888888,2,1,1,0,0,0,0,0,0,1,0,0,0,alto
3,10000.0,1,1.0,1,3,1,0,0,0,1,0,0,1,0,0,1,baixo
5,10000.0,11,0.18181818181818182,2,2,1,0,0,0,1,0,0,1,0,0,0,baixo
5,10000.0,9,0.7777777777777778,1,4,1,0,0,0,1,1,0,1,0,0,0,medio_alto
10,10000.0,25,0.6,1,4,1,0,0,0,1,0,0,1,1,1,0,medio_alto
8,10000.0,19,0.7368421052631579,1,4,1,0,0,0,1,0,0,0,0,0,1,gratuito
2,10000.0,10,0.8,1,1,1,0,0,0,0,1,0,0,0,0,0,alto
5,750000.0,7684,0.8371941697032795,12,3,1,1,0,5,1,0,0,0,0,1,1,medio_alto
1,10000.0,0,0.0,1,3,1,0,0,0,1,1,1,0,0,0,0,medio_alto
1,0.0,0,0.0,4,3,1,0,0,0,1,0,1,0,1,0,0,medio_alto
9,10000.0,5,0.8,1,2,1,0,0,0,0,1,0,0,0,0,0,baixo
6,10000.0,18,0.8888888888888888,3,1,1,0,0,1,1,0,0,0,0,0,0,baixo
12,35000.0,177,0.7175141242937854,4,4,1,1,1,0,1,0,0,1,0,1,1,medio_alto
4,10000.0,0,0.0,2,3,1,0,0,0,1,1,0,1,0,0,0,baixo
1,10000.0,0,0.0,1,2,1,1,0,0,0,0,1,0,0,1,0,alto
3,10000.0,22,0.6363636363636364,10,3,1,0,0,0,1,0,1,0,1,0,0,medio_alto
2,10000.0,27,0.7037037037037037,11,2,1,0,0,0,0,0,1,0,0,0,1,medio_baixo
8,10000.0,862,0.6473317865429234,1,2,1,0,0,0,1,0,1,0,0,0,0,baixo
11,10000.0,119,0.8067226890756303,1,2,1,1,1,0,1,0,0,0,1,0,0,medio_alto
5,10000.0,16,0.3125,1,4,1,0,0,3,1,0,0,1,1,0,0,gratuito
2,10000.0,5,1.0,1,2,1,1,0,0,1,1,0,0,0,0,0,baixo
4,10000.0,62,0.9193548387096774,1,2,1,0,0,0,0,1,0,0,0,1,0,baixo
2,10000.0,17,0.7058823529411765,12,3,1,1,0,0,0,0,1,0,1,1,0,medio_alto
2,10000.0,2,0.5,1,3,1,0,1,0,0,0,0,0,0,0,1,medio_baixo
4,10000.0,15,0.8666666666666667,1,4,1,0,0,0,1,0,1,1,1,0,0,alto
3,0.0,0,0.0,1,4,1,0,1,0,1,0,1,1,0,0,0,gratuito
2,10000.0,4,1.0,1,2,1,0,0,0,0,0,0,1,0,1,0,medio_baixo
8,10000.0,0,0.0,1,2,1,1,0,0,1,1,0,0,0,0,0,baixo
6,10000.0,17,1.0,103,4,1,0,0,0,1,1,1,1,0,0,0,baixo
2,0.0,0,0.0,0,0,1,0,0,0,0,0,0,0,0,0,0,gratuito
3,0.0,0,0.0,0,0,1,0,0,0,0,0,0,0,0,0,0,gratuito
6,10000.0,500,0.822,5,5,1,1,0,0,1,1,1,1,0,1,0,medio_baixo
2,10000.0,3,1.0,1,2,1,0,0,0,1,1,0,0,0,0,0,medio_baixo
8,1500000.0,10139,0.948515632705395,11,5,1,0,0,3,1,1,0,1,0,1,1,medio_baixo
5,10000.0,0,0.0,27,5,1,0,0,0,1,1,1,1,1,0,0,baixo
4,10000.0,0,0.0,4,2,1,0,0,0,1,0,0,0,1,0,0,alto
8,10000.0,6,0.8333333333333334,28,3,1,1,1,0,1,0,0,1,0,0,1,medio_baixo
4,350000.0,1702,0.8478260869565217,1,7,1,1,1,0,1,0,1,1,0,1,1,gratuito
15,1500000.0,12427,0.9173573670234167,6,2,1,0,0,11,0,0,0,0,0,1,1,medio_alto
2,10000.0,20,0.75,3,2,1,0,0,0,1,0,0,0,1,0,0,baixo
6,10000.0,82,0.8048780487804879,2,1,1,0,0,0,0,0,0,0,0,0,0,medio_alto
6,75000.0,3,1.0,2,4,1,0,0,0,1,0,1,1,1,0,0,medio_baixo
1,0.0,0,0.0,0,0,1,0,0,0,0,0,0,0,0,0,0,gratuito
2,0.0,0,0.0,0,0,1,0,0,0,0,0,0,0,0,0,0,gratuito
11,150000.0,402,0.8059701492537313,3,2,1,1,1,0,1,1,0,0,0,0,0,baixo
9,10000.0,61,0.9508196721311475,4,5,1,1,0,0,1,1,0,1,0,1,0,medio_baixo
2,35000.0,2,1.0,1,3,1,0,0,0,1,0,1,0,1,0,0,medio_alto
1,10000.0,15,0.9333333333333333,7,1,1,0,0,0,0,1,0,0,0,0,0,medio_alto
6,10000.0,1,1.0,1,3,1,0,0,0,1,0,0,1,0,0,1,baixo
6,10000.0,5,1.0,1,7,1,0,0,0,1,1,1,0,1,1,0,alto
6,10000.0,82,0.7682926829268293,10,2,1,0,0,1,1,0,0,1,0,0,0,medio_baixo
9,10000.0,39,0.8974358974358975,3,4,1,1,1,0,1,0,0,1,1,1,0,baixo
1,0.0,0,0.0,1,3,1,0,0,0,1,1,1,0,0,0,0,medio_baixo
2,10000.0,0,0.0,2,3,1,1,0,0,1,0,1,1,0,0,0,medio_alto
1,10000.0,0,0.0,1,2,1,0,0,1,1,0,1,0,0,0,0,alto
2,0.0,0,0.0,0,0,1,0,0,0,0,0,0,0,0,0,0,gratuito
6,35000.0,309,0.7572815533980582,1,5,1,0,0,0,1,1,0,1,0,0,1,alto
8,10000.0,79,0.759493670886076,29,6,1,0,0,0,1,1,1,1,1,0,1,alto
5,35000.0,5,0.4,3,3,1,0,1,0,1,0,0,1,0,1,0,baixo
3,35000.0,14,0.6428571428571429,1,5,1,1,1,0,1,1,1,1,0,1,0,medio_alto
7,10000.0,12,0.9166666666666666,2,1,1,0,1,0,1,0,0,0,0,0,0,baixo
2,10000.0,162,0.7962962962962963,2,2,1,0,0,0,1,0,0,0,0,0,1,baixo
3,0.0,0,0.0,2,2,1,0,0,1,0,0,0,0,0,1,0,gratuito
4,10000.0,11,1.0,1,3,1,0,0,0,1,1,0,1,0,0,0,medio_baixo
6,10000.0,0,0.0,3,1,1,0,0,0,0,0,1,0,0,0,0,medio_alto
3,10000.0,48,0.8333333333333334,1,1,1,1,0,0,0,0,0,0,0,1,0,medio_alto
2,10000.0,0,0.0,1,2,1,0,0,0,1,1,0,0,0,0,0,medio_alto
3,10000.0,0,0.0,2,4,1,0,0,0,1,0,1,0,1,0,0,medio_alto
7,10000.0,60,1.0,1,1,1,0,0,1,0,0,1,0,0,0,0,alto
1,10000.0,0,0.0,5,2,1,1,0,0,1,0,1,0,0,0,0,alto
6,10000.0,6,0.8333333333333334,1,1,1,1,1,0,0,0,0,0,0,0,1,baixo
4,10000.0,12,0.9166666666666666,2,3,1,0,0,0,1,0,1,1,0,0,0,medio_baixo
9,10000.0,1689,0.9656601539372409,4,4,1,1,1,1,1,0,1,0,1,0,1,medio_baixo
1,0.0,0,0.0,0,0,1,0,0,0,0,0,0,0,0,0,0,gratuito
3,35000.0,2,1.0,1,2,1,0,0,0,0,0,1,0,1,0,0,medio_alto
13,35000.0,810,0.8987654320987655,1,3,1,0,0,1,1,1,0,1,0,0,0,medio_baixo
4,10000.0,1,1.0,1,4,1,0,0,0,0,1,1,0,1,0,0,baixo
4,10000.0,23,0.6521739130434783,3,5,1,0,0,0,1,0,0,1,0,0,1,alto
4,10000.0,2,0.5,1,2,1,0,0,0,1,0,1,0,0,0,0,baixo
1,10000.0,11,0.8181818181818182,10,4,1,0,0,0,1,1,1,0,1,0,0,alto
4,10000.0,8,0.625,1,1,1,0,0,0,1,0,0,0,0,0,0,alto
1,0.0,0,0.0,1,4,1,0,0,0,1,0,0,1,0,1,0,gratuito
3,10000.0,16,1.0,1,2,1,0,0,0,1,0,0,1,0,0,0,baixo
8,10000.0,25,0.68,1,2,1,0,0,1,1,0,0,1,0,0,0,baixo
1,10000.0,0,0.0,4,5,1,0,0,0,1,1,1,0,0,0,1,baixo
3,0.0,0,0.0,0,0,1,0,0,0,0,0,0,0,0,0,0,gratuito
3,10000.0,6,0.3333333333333333,1,2,1,0,0,3,0,0,1,0,0,0,1,medio_baixo
4,350000.0,3652,0.8797918948521358,2,1,1,0,0,0,0,0,0,0,1,0,0,baixo
7,35000.0,2143,0.8142790480634624,11,2,1,0,0,0,0,0,0,1,0,0,1,alto
3,10000.0,49,0.9183673469387755,2,2,1,0,0,0,1,1,0,0,0,0,0,medio_baixo
8,10000.0,1,0.0,1,3,1,0,0,0,1,1,0,1,0,0,0,medio_baixo
1,10000.0,0,0.0,9,4,1,1,0,0,1,0,0,1,0,1,1,medio_alto
3,75000.0,12,0.9166666666666666,20,3,1,0,0,0,1,1,1,0,0,0,0,alto
1,0.0,0,0.0,1,4,1,0,0,0,1,0,1,1,0,0,1,medio_baixo
8,35000.0,177,0.8022598870056498,8,4,1,0,0,0,1,1,1,1,0,0,0,baixo
2,10000.0,0,0.0,2,3,1,0,0,4,1,0,0,1,0,0,0,gratuito
10,75000.0,146,0.6917808219178082,3,2,1,0,0,0,1,1,0,0,0,0,0,baixo
5,75000.0,302,0.9602649006622517,1,1,1,0,0,0,0,0,0,1,0,0,0,alto
3,35000.0,28,0.9285714285714286,4,1,1,0,1,0,0,0,0,1,0,0,0,alto
16,75000.0,235,0.26382978723404255,1,3,1,0,0,0,1,1,0,1,0,0,0,medio_baixo
2,10000.0,0,0.0,2,4,1,0,1,0,0,0,1,1,1,0,1,alto
4,10000.0,1,1.0,1,1,1,0,0,0,1,0,0,0,0,0,0,baixo
5,0.0,0,0.0,0,0,1,0,0,0,0,0,0,0,0,0,0,gratuito
1,10000.0,7,1.0,2,2,1,0,0,0,1,1,0,0,0,0,0,medio_alto
9,10000.0,8,1.0,1,2,1,0,0,0,0,0,1,1,0,0,0,medio_alto
6,10000.0,20,1.0,1,3,1,0,0,0,1,1,0,0,0,0,0,medio_alto
8,10000.0,29,0.6551724137931034,2,5,1,0,0,0,1,1,0,1,0,0,0,gratuito
1,10000.0,99,0.9090909090909091,12,3,1,0,0,2,1,1,1,0,0,0,0,medio_alto
1,10000.0,3,0.6666666666666666,1,4,1,0,0,0,1,1,1,0,0,0,0,alto
4,10000.0,15,0.6666666666666666,4,3,1,0,0,0,1,0,0,0,0,1,0,medio_alto
5,35000.0,502,0.5796812749003984,3,5,1,1,0,3,1,0,1,1,1,1,0,medio_alto
5,10000.0,1,0.0,13,1,1,0,0,0,0,0,0,1,0,0,0,medio_baixo
2,10000.0,2,0.5,1,4,1,0,0,0,1,1,1,0,0,0,0,medio_baixo
5,10000.0,2,0.0,5,1,1,0,0,0,1,0,0,0,0,0,0,medio_alto
3,10000.0,17,0.7058823529411765,1,3,1,0,0,0,1,1,1,0,0,0,0,medio_alto
5,35000.0,6,0.8333333333333334,1,6,1,0,0,0,1,1,1,1,1,0,1,gratuito
4,10000.0,139,0.9712230215827338,1,3,1,0,1,2,1,0,0,1,1,0,0,alto
4,35000.0,4,0.75,2,5,1,0,0,0,1,1,1,0,1,0,0,medio_baixo
4,75000.0,2,1.0,1,2,1,0,0,0,1,1,0,0,0,0,0,medio_baixo
6,10000.0,7,0.8571428571428571,1,2,1,1,1,0,1,1,0,0,0,0,0,medio_alto
6,10000.0,285,0.9087719298245615,1,1,1,0,1,0,0,0,0,1,0,0,0,medio_alto
3,10000.0,14,1.0,1,2,1,1,0,0,0,1,0,0,0,0,0,medio_alto
1,10000.0,0,0.0,8,3,1,0,0,0,1,1,1,0,0,0,0,alto
1,0.0,0,0.0,0,0,1,0,0,0,0,0,0,0,0,0,0,gratuito
9,10000.0,150,0.9466666666666667,3,2,1,0,0,1,0,0,1,1,0,0,0,medio_alto
1,10000.0,8,0.75,1,2,1,1,0,0,1,0,1,0,0,0,0,baixo
2,0.0,0,0.0,8,3,1,0,0,0,1,0,0,0,0,0,1,gratuito
2,0.0,0,0.0,0,0,1,0,0,0,0,0,0,0,0,0,0,gratuito
7,10000.0,197,0.9289340101522843,11,1,1,0,0,0,0,1,0,0,0,0,0,alto
1,10000.0,0,0.0,12,3,1,0,0,0,0,1,1,1,0,0,0,medio_baixo
2,10000.0,0,0.0,1,2,1,0,0,0,0,0,0,1,0,1,0,medio_alto
5,10000.0,12,0.8333333333333334,27,1,1,0,1,0,0,1,0,0,0,0,0,baixo
2,10000.0,413,0.9418886198547215,3,4,1,0,0,1,1,1,1,0,0,0,1,medio_baixo
3,10000.0,15,0.6666666666666666,1,2,1,0,0,0,0,0,0,0,0,1,0,medio_alto
6,10000.0,28,0.7142857142857143,3,1,1,0,0,0,0,0,0,0,1,0,0,alto
2,10000.0,0,0.0,5,1,1,0,0,0,0,0,0,1,0,0,0,medio_baixo
5,35000.0,1,1.0,1,1,1,0,0,0,0,0,0,0,0,0,1,medio_baixo
3,35000.0,298,0.9261744966442953,6,2,1,0,0,0,1,1,0,0,0,0,0,alto
8,10000.0,10,0.8,1,3,1,0,0,0,1,1,0,0,0,1,0,gratuito
8,10000.0,63,0.8253968253968254,11,2,1,1,1,0,1,1,0,0,0,0,0,medio_baixo
11,75000.0,228,0.47368421052631576,2,3,1,0,0,0,0,1,0,0,0,0,0,gratuito
4,10000.0,0,0.0,10,5,1,0,0,0,1,1,0,0,0,1,1,gratuito
1,10000.0,0,0.0,3,2,1,0,0,0,0,0,0,1,0,0,1,medio_alto
3,10000.0,30,0.8,13,2,1,0,0,0,0,0,1,1,0,0,0,alto
2,0.0,0,0.0,0,0,1,0,0,0,0,0,0,0,0,0,0,gratuito
8,10000.0,0,0.0,2,1,1,0,0,0,0,0,1,0,0,0,0,medio_alto
6,10000.0,1467,0.8657123381049762,6,3,1,0,0,0,1,0,0,0,0,0,1,gratuito
1,10000.0,0,0.0,8,3,1,0,0,0,0,0,1,1,0,0,1,medio_alto
6,35000.0,5,0.8,1,2,1,0,0,1,1,0,1,0,0,0,0,baixo
2,10000.0,9,0.6666666666666666,1,3,1,0,0,0,1,1,1,0,0,0,0,baixo
8,75000.0,79,0.8354430379746836,9,3,1,0,0,0,0,0,0,0,0,0,0,gratuito
10,75000.0,266,0.6879699248120301,5,1,1,1,0,2,0,0,0,0,0,1,0,baixo
7,150000.0,988,0.937246963562753,1,2,1,0,0,0,1,0,0,1,0,0,0,alto
1,10000.0,26,0.9615384615384616,7,3,1,0,0,0,1,1,1,0,0,0,0,medio_alto
1,10000.0,61,0.6557377049180327,1,2,1,0,0,0,1,0,0,0,1,0,0,medio_alto
6,10000.0,38,0.7894736842105263,6,3,1,0,0,0,1,1,1,0,0,0,0,medio_baixo
6,10000.0,0,0.0,1,2,1,0,0,0,1,0,0,1,0,0,0,baixo
8,10000.0,15,0.4,1,1,1,0,0,0,1,0,0,0,0,0,0,medio_baixo
12,10000.0,362,0.7458563535911602,1,1,1,0,0,0,0,1,0,0,0,0,0,medio_alto
5,35000.0,14,0.9285714285714286,1,4,1,1,0,1,1,1,0,1,0,0,0,medio_baixo
1,0.0,0,0.0,29,2,1,0,0,0,0,1,0,0,0,0,1,medio_alto
4,10000.0,3,0.6666666666666666,1,3,1,0,0,2,1,0,1,0,1,0,0,medio_baixo
1,0.0,0,0.0,21,6,1,0,0,0,1,1,0,1,1,1,1,baixo
5,35000.0,161,0.7515527950310559,1,1,1,0,0,2,0,0,0,0,1,0,0,alto
1,0.0,0,0.0,0,0,1,0,0,0,0,0,0,0,0,0,0,gratuito
1,10000.0,0,0.0,10,6,1,0,0,0,1,1,1,0,0,1,1,alto
1,0.0,0,0.0,3,3,1,0,0,0,1,0,1,1,0,0,0,medio_baixo
1,10000.0,0,0.0,5,1,1,0,0,1,0,0,0,0,1,0,0,alto
3,10000.0,16,0.9375,1,2,1,1,1,0,0,1,1,0,0,0,0,alto
1,10000.0,119,0.9663865546218487,16,3,1,0,0,1,0,0,0,1,0,0,1,medio_alto
1,0.0,0,0.0,1,4,1,0,0,0,1,0,1,1,0,1,0,medio_alto
1,10000.0,1,1.0,1,2,1,0,0,0,0,1,0,1,0,0,0,medio_baixo
8,10000.0,4,1.0,1,2,1,0,0,0,1,0,0,1,0,0,0,baixo
4,75000.0,380,0.9236842105263158,2,5,1,0,0,1,1,0,1,1,1,1,0,medio_alto
12,35000.0,468,0.7692307692307693,1,2,1,1,0,1,1,0,1,0,0,0,0,baixo
11,10000.0,31,0.6774193548387096,1,4,1,1,1,1,1,0,1,0,1,1,0,medio_baixo
10,75000.0,144,0.5138888888888888,1,2,1,1,1,0,1,1,0,0,0,0,0,baixo
1,10000.0,1,1.0,1,5,1,0,0,0,1,1,1,1,0,0,1,medio_baixo
2,0.0,0,0.0,0,0,1,0,0,0,0,0,0,0,0,0,0,gratuito
3,10000.0,2,1.0,1,4,1,0,0,1,1,0,1,1,0,0,1,medio_alto
2,10000.0,4,0.75,1,4,1,0,0,0,1,1,1,1,0,0,0,medio_alto
7,10000.0,6,1.0,1,4,1,0,0,0,1,1,1,0,1,0,0,baixo
5,10000.0,25,0.76,1,4,1,0,0,0,1,1,1,0,0,0,0,alto
2,0.0,0,0.0,0,0,1,0,0,0,0,0,0,0,0,0,0,gratuito
4,10000.0,80,0.8875,1,2,1,0,0,0,1,0,0,0,0,1,0,alto
5,35000.0,33,0.9393939393939394,1,4,1,0,0,1,1,0,1,1,1,0,0,alto
10,10000.0,38,0.42105263157894735,4,2,1,0,0,0,0,0,0,1,0,0,1,medio_baixo
2,10000.0,0,0.0,9,3,1,1,1,1,1,1,0,0,1,0,0,baixo
1,10000.0,10,1.0,1,2,1,0,0,1,1,0,1,0,0,0,0,medio_alto
1,10000.0,0,0.0,12,3,1,1,0,0,1,1,0,0,0,0,0,medio_alto
6,10000.0,30,1.0,2,2,1,0,1,0,1,0,0,1,0,0,0,medio_alto
9,150000.0,118,0.8728813559322034,1,3,1,0,0,0,1,0,0,1,0,0,1,baixo
3,0.0,0,0.0,1,1,1,0,0,0,0,0,1,0,0,0,0,gratuito
6,10000.0,17,0.5294117647058824,1,5,1,0,0,0,1,1,1,1,0,1,0,baixo
4,10000.0,1,1.0,1,1,1,0,0,0,0,1,0,0,0,0,0,medio_baixo
4,0.0,0,0.0,1,3,1,0,0,0,1,1,1,0,0,0,0,gratuito
2,10000.0,1,1.0,2,2,1,1,1,1,1,0,0,1,0,0,0,alto
11,75000.0,856,0.9766355140186916,6,3,1,0,0,1,0,1,1,0,1,0,0,alto
9,10000.0,295,0.888135593220339,2,3,1,1,0,0,1,0,1,1,0,0,0,alto
2,350000.0,2581,0.8984889577683068,12,6,1,1,1,1,0,1,0,1,1,1,1,medio_alto
1,10000.0,0,0.0,2,6,1,0,0,0,1,1,1,1,1,0,0,alto
6,35000.0,14,0.7857142857142857,14,2,1,0,0,0,1,0,0,1,0,0,0,baixo
1,0.0,0,0.0,0,0,1,0,0,0,0,0,0,0,0,0,0,gratuito
2,0.0,0,0.0,0,0,1,0,0,0,0,0,0,0,0,0,0,gratuito
2,10000.0,26,0.8461538461538461,3,3,1,0,0,0,1,1,1,0,0,0,0,alto
4,10000.0,0,0.0,3,4,1,0,0,0,1,1,1,0,1,0,0,medio_alto
2,350000.0,2,1.0,1,3,1,0,0,0,1,0,0,1,0,0,1,medio_baixo
3,10000.0,0,0.0,2,2,1,0,0,0,0,1,1,0,0,0,0,medio_baixo
1,10000.0,0,0.0,1,6,1,0,0,0,1,0,1,1,1,1,0,baixo
4,150000.0,3278,0.9524100061012812,1,2,1,1,1,0,0,0,0,0,1,0,0,alto
4,0.0,0,0.0,0,0,1,0,0,0,0,0,0,0,0,0,0,gratuito
4,10000.0,7,0.7142857142857143,1,3,1,0,0,0,1,1,0,0,0,1,0,baixo
3,0.0,0,0.0,4,6,1,0,0,0,1,0,1,1,1,0,1,gratuito
1,10000.0,40,0.975,1,2,1,0,1,0,0,0,0,0,0,0,1,alto
1,10000.0,46,0.9347826086956522,7,2,1,0,0,0,1,0,0,1,0,0,0,baixo
2,10000.0,58,0.5517241379310345,1,5,1,0,0,0,1,1,0,1,0,1,0,baixo
3,10000.0,88,0.5909090909090909,1,5,1,0,0,0,1,0,0,1,1,1,1,medio_baixo
1,10000.0,5,1.0,1,2,1,0,0,0,1,0,1,0,0,0,0,medio_baixo
1,0.0,0,0.0,1,3,1,0,0,0,1,0,0,0,1,0,0,gratuito
2,10000.0,5,1.0,7,3,1,1,0,0,0,0,1,1,0,1,0,alto
7,10000.0,12,0.8333333333333334,1,1,1,1,0,0,0,1,0,0,0,0,0,medio_alto
1,0.0,0,0.0,1,4,1,1,1,0,1,0,1,1,1,0,0,alto
5,10000.0,264,0.946969696969697,2,2,1,0,0,1,1,0,1,0,0,0,0,medio_baixo
2,0.0,0,0.0,0,0,1,0,0,0,0,0,0,0,0,0,0,gratuito
1,0.0,0,0.0,1,4,1,0,0,0,1,1,0,0,0,1,0,medio_alto
5,10000.0,1,1.0,5,4,1,0,0,0,1,0,1,1,0,0,1,medio_baixo
1,350000.0,409,0.8655256723716381,14,1,1,0,0,1,0,1,0,0,0,0,0,alto
9,35000.0,47,0.7659574468085106,1,2,1,1,0,0,0,0,1,0,1,0,0,medio_alto
7,10000.0,63,0.5873015873015873,1,3,1,0,0,2,0,1,1,0,1,0,0,gratuito
1,10000.0,128,0.8984375,2,1,1,0,0,0,1,0,0,0,0,0,0,medio_baixo
10,35000.0,78,0.9102564102564102,7,2,1,1,1,0,1,1,0,0,0,0,0,baixo
1,0.0,0,0.0,1,3,1,1,1,0,1,0,0,1,0,0,0,gratuito
1,0.0,0,0.0,1,4,1,0,0,0,1,1,0,1,0,0,0,alto
8,35000.0,712,0.8946629213483146,1,2,1,1,1,0,1,1,0,0,0,0,0,alto
2,0.0,0,0.0,103,2,1,0,0,0,0,0,1,0,0,0,1,medio_baixo
1,10000.0,0,0.0,1,3,1,0,0,0,0,0,0,0,0,1,1,alto
8,10000.0,55,0.6545454545454545,13,2,1,0,0,0,1,0,0,0,0,1,0,baixo
3,0.0,0,0.0,1,1,1,0,1,0,0,1,0,0,0,0,0,gratuito
1,35000.0,9,0.6666666666666666,1,2,1,1,1,0,1,0,0,0,1,0,0,medio_baixo
3,150000.0,145,0.7379310344827587,103,1,1,0,0,0,1,0,0,0,0,0,0,baixo
1,10000.0,0,0.0,2,5,1,0,0,0,1,0,1,1,0,1,0,alto
6,10000.0,0,0.0,5,1,1,1,1,0,0,0,0,1,0,0,0,medio_alto
8,10000.0,22,0.7272727272727273,1,2,1,0,0,0,1,1,0,0,0,0,0,alto
9,10000.0,31,0.7419354838709677,1,4,1,0,0,0,1,0,0,0,1,0,1,alto
2,10000.0,1,1.0,2,4,1,1,0,0,1,1,1,1,0,0,0,baixo
1,0.0,0,0.0,12,3,1,0,0,0,1,1,0,0,0,0,1,gratuito
2,10000.0,0,0.0,12,3,1,1,1,0,1,0,0,1,0,1,0,baixo
2,10000.0,19,0.631578947368421,1,2,1,1,0,0,1,0,1,0,0,0,0,baixo
1,0.0,0,0.0,0,0,1,0,0,0,0,0,0,0,0,0,0,gratuito
2,10000.0,21,0.8571428571428571,3,2,1,0,0,0,1,0,1,0,0,0,0,medio_alto
4,0.0,0,0.0,0,0,1,0,0,0,0,0,0,0,0,0,0,gratuito
5,35000.0,166,0.6807228915662651,3,2,1,0,0,0,1,0,0,0,0,1,0,medio_baixo
4,10000.0,185,0.745945945945946,13,2,1,1,0,0,0,1,1,0,0,0,0,medio_alto
9,35000.0,47,0.723404255319149,1,3,1,0,0,1,1,1,1,0,0,0,0,medio_baixo
1,10000.0,144,0.7986111111111112,9,3,1,0,0,0,0,1,0,0,1,0,0,alto
1,0.0,0,0.0,1,2,1,1,1,0,1,0,0,0,0,0,0,gratuito
4,35000.0,2,0.5,1,4,1,0,0,0,1,1,0,1,0,0,0,baixo
2,10000.0,0,0.0,1,2,1,0,0,0,1,0,0,1,0,0,0,baixo
8,10000.0,1,1.0,1,1,1,0,0,0,1,0,0,0,0,0,0,medio_alto
5,35000.0,393,0.8498727735368957,2,3,1,0,0,0,0,0,1,0,1,1,0,alto
1,0.0,0,0.0,1,3,1,0,0,0,1,1,1,0,0,0,0,medio_alto
11,35000.0,685,0.6583941605839416,1,2,1,1,0,1,1,0,0,1,0,0,0,medio_alto
8,15000000.0,430252,0.7678035197977,12,3,1,0,0,3,0,1,1,0,0,0,0,alto
3,350000.0,3384,0.7186761229314421,13,2,1,0,0,7,0,1,0,0,0,1,0,alto
2,10000.0,0,0.0,1,3,1,0,0,0,1,0,1,0,1,0,0,alto
1,0.0,0,0.0,1,3,1,0,0,1,1,0,0,1,0,0,0,gratuito
3,0.0,0,0.0,0,0,1,0,0,0,0,0,0,0,0,0,0,gratuito
7,10000.0,11,0.9090909090909091,1,3,1,0,0,0,1,1,1,0,0,0,0,baixo
1,10000.0,0,0.0,1,4,1,0,0,0,1,1,0,0,1,1,0,baixo
3,10000.0,0,0.0,1,2,1,0,0,0,1,1,0,0,0,0,0,gratuito
3,0.0,0,0.0,1,2,1,0,0,0,1,0,1,0,0,0,0,gratuito
2,0.0,0,0.0,0,0,1,0,0,0,0,0,0,0,0,0,0,gratuito
4,10000.0,7,0.8571428571428571,9,2,1,0,0,1,0,0,0,1,0,1,0,medio_alto
1,10000.0,0,0.0,1,2,1,0,0,2,1,1,0,0,0,0,0,baixo
3,0.0,0,0.0,3,2,1,0,0,1,0,1,0,0,0,0,0,gratuito
2,10000.0,5,1.0,1,4,1,1,0,0,1,1,1,1,0,0,0,medio_baixo
6,10000.0,545,0.9577981651376147,7,2,1,1,1,0,1,1,0,0,0,0,0,alto
3,10000.0,0,0.0,1,4,1,1,1,0,1,0,1,1,0,0,1,medio_baixo
1,10000.0,0,0.0,1,3,1,0,0,0,1,0,1,1,0,0,0,medio_alto
3,10000.0,0,0.0,1,2,1,0,0,2,1,0,0,1,0,0,0,baixo
3,75000.0,451,0.9689578713968958,1,2,1,0,0,0,0,1,1,0,0,0,0,medio_baixo
11,10000.0,3,0.0,2,3,1,0,0,0,1,0,0,0,0,1,0,alto
7,750000.0,64905,0.8952777135813882,9,6,1,1,0,22,1,1,1,0,1,1,0,gratuito
2,10000.0,5,0.2,2,2,1,0,0,0,1,0,0,0,0,0,1,medio_alto
3,10000.0,1,1.0,1,2,1,0,0,0,1,0,0,1,0,0,0,medio_alto
9,10000.0,29,0.4827586206896552,1,3,1,0,0,0,0,0,0,1,0,0,1,medio_alto
8,35000.0,32,0.6875,7,2,1,0,0,0,1,1,0,0,0,0,0,baixo
2,35000.0,607,0.841845140032949,9,3,1,0,0,1,1,1,0,1,0,0,0,medio_alto
1,0.0,0,0.0,1,3,1,0,0,0,1,0,1,1,0,0,0,baixo
9,35000.0,3,0.3333333333333333,1,1,1,0,0,1,1,0,0,0,0,0,0,baixo
1,10000.0,0,0.0,5,3,1,0,0,0,0,1,1,0,1,0,0,alto
1,10000.0,0,0.0,1,3,1,0,0,0,1,0,0,0,1,1,0,alto
2,0.0,0,0.0,0,0,1,0,0,0,0,0,0,0,0,0,0,gratuito
2,0.0,0,0.0,3,3,1,0,0,0,0,0,1,0,1,1,0,gratuito
11,35000.0,95,0.9368421052631579,1,2,1,1,1,0,0,1,0,0,0,0,1,baixo
4,10000.0,4,0.25,3,3,1,0,0,0,1,1,1,0,0,0,0,medio_alto
2,35000.0,3,1.0,35,1,1,0,0,0,0,0,0,1,0,0,0,medio_alto
6,35000.0,4412,0.9762012692656392,23,2,1,0,0,1,1,0,0,1,0,0,0,baixo
3,35000.0,1,1.0,1,1,1,1,1,0,0,0,0,0,0,0,1,medio_baixo
1,10000.0,0,0.0,1,2,1,0,0,0,0,1,1,0,0,0,0,medio_baixo
7,10000.0,2,1.0,1,1,1,0,0,0,1,0,0,0,0,0,0,medio_alto
4,0.0,0,0.0,0,0,1,0,0,0,0,0,0,0,0,0,0,gratuito
10,75000.0,31,0.7741935483870968,1,1,1,0,0,0,0,0,0,0,0,1,0,alto
3,10000.0,0,0.0,7,3,1,0,0,0,0,1,1,0,0,0,1,gratuito
6,150000000.0,994979,0.6714242210137098,14,3,1,0,0,0,0,1,1,0,0,0,0,gratuito
7,10000.0,21,1.0,1,2,1,0,0,0,0,1,1,0,0,0,0,medio_baixo
6,75000.0,278,0.697841726618705,2,5,1,0,0,1,1,0,1,1,1,1,0,alto
2,10000.0,0,0.0,1,4,1,0,0,0,0,0,1,1,0,0,1,alto
4,35000.0,52,0.7884615384615384,1,1,1,0,0,0,0,1,0,0,0,0,0,medio_baixo
5,10000.0,1,1.0,2,3,1,0,0,0,1,1,0,0,1,0,0,baixo
3,10000.0,14,0.7142857142857143,1,4,1,0,0,0,1,1,1,0,0,1,0,baixo
1,0.0,0,0.0,12,1,1,1,0,0,0,0,0,0,0,0,1,medio_baixo
1,10000.0,2,1.0,8,7,1,0,0,0,1,1,1,1,1,0,1,baixo
13,350000.0,1197,0.683375104427736,5,4,1,1,1,0,1,0,0,0,1,0,0,gratuito
9,35000.0,67,0.5970149253731343,3,2,1,0,0,0,1,0,1,0,0,0,0,medio_alto
2,10000.0,0,0.0,1,3,1,0,0,0,0,1,1,0,0,0,0,medio_baixo
7,10000.0,18,0.7222222222222222,1,4,1,0,0,0,0,0,0,0,0,0,0,baixo
1,10000.0,0,0.0,2,2,1,0,0,0,1,0,0,1,0,0,0,alto
2,10000.0,10,0.9,13,5,1,0,0,0,1,1,0,1,0,1,1,medio_baixo
1,10000.0,0,0.0,1,2,1,0,1,0,1,0,1,0,0,0,0,medio_baixo
11,10000.0,17,0.058823529411764705,1,4,1,0,0,0,1,1,1,1,0,0,0,alto
1,10000.0,44,0.9772727272727273,4,3,1,0,0,0,1,0,0,1,1,0,0,alto
6,10000.0,1,1.0,1,4,1,0,0,0,0,1,1,1,0,1,0,baixo
7,10000.0,15,0.8666666666666667,1,4,1,0,0,0,1,1,1,1,0,0,0,medio_baixo
5,0.0,0,0.0,2,3,1,0,0,0,0,0,0,1,0,0,0,gratuito
2,0.0,0,0.0,0,0,1,0,0,0,0,0,0,0,0,0,0,gratuito
9,35000.0,28,0.5,1,2,1,0,0,0,1,1,0,0,0,0,0,gratuito
5,10000.0,41,0.975609756097561,1,2,1,0,0,0,1,0,0,1,0,0,0,baixo
3,10000.0,0,0.0,1,2,1,0,0,0,1,0,0,1,0,0,0,medio_alto
1,10000.0,4,1.0,2,3,1,0,0,0,1,1,0,1,0,0,0,medio_baixo
1,10000.0,242,0.9256198347107438,3,2,1,0,0,0,0,0,0,1,1,0,0,alto
2,0.0,0,0.0,0,0,1,0,0,0,0,0,0,0,0,0,0,gratuito
1,10000.0,39,0.8974358974358975,9,5,1,0,0,0,1,1,0,1,1,0,0,alto
12,10000.0,48,0.6458333333333334,1,3,1,0,1,0,1,1,0,1,0,0,0,gratuito
8,10000.0,0,0.0,1,3,1,0,0,0,1,1,0,0,0,0,0,alto
1,0.0,0,0.0,1,5,1,0,0,0,0,1,1,0,1,0,0,gratuito
4,10000.0,4,0.25,10,3,1,0,1,0,1,1,1,0,0,0,0,baixo
3,0.0,0,0.0,11,5,1,0,1,1,1,0,0,0,0,0,0,gratuito
1,35000.0,212,0.7075471698113207,2,2,1,0,0,0,1,0,0,0,0,1,0,alto
7,10000.0,114,0.9736842105263158,1,4,1,0,0,0,0,0,0,0,0,0,0,alto
4,10000.0,156,0.7115384615384616,12,3,1,0,0,0,0,1,0,0,0,0,1,medio_alto
6,10000.0,6,0.8333333333333334,1,2,1,0,0,1,1,0,0,1,0,0,0,alto
6,150000.0,280,0.6678571428571428,1,3,1,0,0,1,1,0,0,0,0,0,0,gratuito
2,10000.0,45,0.7111111111111111,1,3,1,0,0,0,1,0,1,0,0,0,0,medio_alto
10,10000.0,48,0.6875,1,3,1,1,0,0,1,0,0,1,0,1,0,medio_baixo
1,0.0,0,0.0,1,3,1,0,0,0,1,1,0,1,0,0,0,gratuito
6,10000.0,28,1.0,1,2,1,1,1,0,1,0,0,0,0,0,0,gratuito
2,75000.0,70,1.0,30,3,1,0,0,1,1,1,1,0,0,0,0,alto
2,10000.0,16,0.9375,4,5,1,0,0,0,1,1,0,1,1,0,0,medio_alto
5,10000.0,8,0.875,1,2,1,1,0,0,1,0,0,1,0,0,0,medio_baixo
4,75000.0,4,0.75,6,3,1,0,0,0,1,0,1,0,0,1,0,medio_alto
7,10000.0,0,0.0,1,2,1,0,0,0,1,0,1,0,0,0,0,medio_baixo
2,0.0,0,0.0,0,0,1,0,0,0,0,0,0,0,0,0,0,gratuito
8,10000.0,5,1.0,1,1,1,1,0,0,0,0,1,0,0,0,0,medio_baixo
7,150000.0,2455,0.8912423625254583,11,3,1,0,0,0,1,1,1,0,0,0,0,alto
2,10000.0,8,0.875,1,4,1,1,1,0,1,0,0,1,0,0,1,gratuito
2,150000.0,2,1.0,1,2,1,0,0,0,1,0,0,0,1,0,0,baixo
3,10000.0,4,1.0,14,3,1,0,1,0,0,1,1,1,0,0,0,baixo
4,35000.0,15,0.6,1,2,1,0,1,0,1,1,0,0,0,0,0,medio_baixo
11,750000.0,17979,0.9610656877468158,15,3,1,1,1,1,1,1,0,0,1,0,0,medio_alto
4,0.0,0,0.0,1,3,1,0,0,0,1,1,0,0,0,0,0,gratuito
3,10000.0,6,1.0,2,2,1,0,0,0,1,0,0,1,0,0,0,baixo
1,10000.0,0,0.0,13,5,1,0,0,0,1,1,1,0,1,0,0,medio_alto
1,0.0,0,0.0,1,3,1,0,0,0,1,0,0,0,0,0,1,gratuito
4,0.0,0,0.0,0,0,1,0,0,0,0,0,0,0,0,0,0,gratuito
9,10000.0,16,0.8125,1,3,1,0,0,0,1,1,0,1,0,0,0,baixo
1,0.0,0,0.0,103,3,1,0,0,0,1,1,1,0,0,0,0,alto
3,10000.0,24,1.0,8,3,1,0,0,0,1,0,0,1,0,1,0,baixo
6,10000.0,30,0.6333333333333333,8,3,1,0,0,0,1,0,0,0,0,0,0,medio_baixo
11,10000.0,33,0.8181818181818182,13,2,1,1,1,0,1,0,1,0,0,0,0,medio_alto
7,10000.0,78,0.8589743589743589,9,3,1,0,0,0,0,0,1,1,0,0,1,medio_alto
1,10000.0,0,0.0,29,6,1,0,0,0,1,1,1,1,0,1,0,medio_baixo
3,10000.0,43,0.8372093023255814,7,5,1,1,1,0,1,1,1,0,0,0,1,medio_alto
7,10000.0,12,0.6666666666666666,9,1,1,0,0,0,0,0,0,1,0,0,0,alto
1,0.0,0,0.0,1,3,1,1,0,0,1,0,1,1,0,0,0,gratuito
4,0.0,0,0.0,0,0,1,0,0,0,0,0,0,0,0,0,0,gratuito
1,0.0,0,0.0,1,2,1,0,0,0,1,1,0,0,0,0,0,baixo
6,350000.0,1338,0.8572496263079222,6,4,1,1,0,1,1,0,0,1,0,1,0,gratuito
8,10000.0,33,0.6666666666666666,1,3,1,0,0,0,0,1,1,0,0,1,0,medio_baixo
4,10000.0,5,0.2,1,2,1,0,0,0,1,1,0,0,0,0,0,medio_baixo
3,10000.0,13,1.0,29,3,1,1,1,0,1,1,0,1,0,0,0,baixo
9,1500000.0,51033,0.9088432974741834,11,2,1,0,0,2,0,1,1,0,0,0,0,medio_alto
11,10000.0,14,0.5714285714285714,1,4,1,1,0,0,1,1,0,0,0,0,0,medio_baixo
1,10000.0,0,0.0,2,3,1,0,0,0,1,0,0,1,1,0,0,medio_baixo
2,0.0,0,0.0,1,6,1,0,0,0,0,0,1,1,1,0,0,gratuito
11,350000.0,335,0.7253731343283583,1,4,1,0,0,0,1,0,1,0,1,1,0,baixo
6,10000.0,8,0.625,1,2,1,0,0,0,1,0,0,1,0,0,0,gratuito
3,10000.0,0,0.0,1,5,1,1,0,0,1,0,1,1,0,0,1,gratuito
1,10000.0,0,0.0,1,4,1,0,0,0,1,0,0,1,0,1,1,medio_alto
6,10000.0,13,0.7692307692307693,4,1,1,0,0,0,0,0,0,1,0,0,0,alto
14,1500000.0,3675,0.8522448979591837,5,1,1,0,0,2,0,1,0,0,0,0,0,medio_alto
6,75000.0,58,0.8103448275862069,2,4,1,0,0,0,1,0,1,0,0,0,0,gratuito
10,10000.0,6,0.5,1,3,1,0,0,0,1,0,0,1,0,0,1,medio_alto
1,10000.0,95,0.968421052631579,12,4,1,0,0,0,1,1,1,0,1,0,0,baixo
11,3500000.0,6723,0.6671128960285587,14,2,1,0,0,2,1,0,1,0,0,0,0,medio_baixo
5,750000.0,4436,0.9341749323715058,13,2,1,0,1,1,1,0,0,0,0,1,0,medio_alto
6,10000.0,36,0.9722222222222222,1,3,1,0,0,1,1,1,0,0,0,0,0,gratuito
3,0.0,0,0.0,0,0,1,0,0,0,0,0,0,0,0,0,0,gratuito
2,10000.0,36,0.9444444444444444,3,3,1,0,0,0,1,0,1,0,1,0,0,alto
1,0.0,0,0.0,0,0,1,0,0,0,0,0,0,0,0,0,0,gratuito
11,35000.0,276,0.9057971014492754,1,1,1,1,1,0,1,0,0,0,0,0,0,medio_baixo
3,10000.0,9,1.0,1,3,1,0,0,1,1,1,0,0,0,0,0,alto
6,35000.0,282,0.9397163120567376,1,4,1,1,0,0,1,0,0,1,0,1,1,alto
6,10000.0,1,1.0,1,1,1,0,0,0,0,0,0,0,0,0,1,alto
4,10000.0,3,1.0,1,2,1,0,0,0,1,1,0,0,0,0,0,baixo
4,10000.0,0,0.0,2,2,1,0,0,0,1,1,0,0,0,0,0,alto
3,10000.0,19,1.0,1,2,1,1,0,0,1,1,0,0,0,0,0,medio_alto
8,10000.0,2,0.5,1,4,1,0,0,0,1,1,0,1,0,0,0,alto
9,10000.0,165,0.14545454545454545,1,5,1,1,1,0,1,0,0,0,0,1,1,alto
1,10000.0,0,0.0,1,6,1,0,0,0,1,1,1,1,1,0,0,medio_alto
10,1500000.0,20047,0.8994363246371028,8,1,1,0,0,1,0,0,0,0,1,0,0,alto
1,0.0,0,0.0,1,3,1,1,0,0,1,1,0,1,0,0,0,medio_alto
8,10000.0,10,0.8,2,2,1,1,1,0,1,0,0,1,0,0,0,alto
1,0.0,0,0.0,1,1,1,0,0,0,1,0,0,0,0,0,0,medio_baixo
7,10000.0,14,0.7142857142857143,103,5,1,0,0,0,1,0,1,1,0,1,1,baixo
3,350000.0,13574,0.9490201856490349,9,1,1,0,0,0,0,0,0,0,1,0,0,alto
1,0.0,0,0.0,103,1,1,0,0,0,0,0,0,1,0,0,0,baixo
6,10000.0,35,0.6285714285714286,1,6,1,0,0,0,1,0,1,1,1,1,0,medio_baixo
1,10000.0,0,0.0,9,1,1,0,0,0,1,0,0,0,0,0,0,medio_baixo
3,10000.0,2,1.0,1,2,1,0,0,0,1,0,0,0,0,0,0,baixo
10,10000.0,80,0.525,2,4,1,0,1,0,1,1,1,0,0,0,1,baixo
1,10000.0,4,0.25,1,4,1,0,0,0,1,0,0,1,0,1,1,baixo
1,0.0,0,0.0,6,2,1,0,0,3,0,1,0,1,0,0,0,medio_baixo
3,10000.0,13,0.9230769230769231,2,2,1,0,0,0,1,0,0,1,0,0,0,medio_baixo
5,0.0,0,0.0,1,1,1,0,1,0,0,0,0,0,0,0,0,gratuito
6,10000.0,2,0.0,1,2,1,0,0,0,0,1,0,0,0,1,0,medio_alto
2,0.0,0,0.0,0,0,1,0,0,0,0,0,0,0,0,0,0,gratuito
1,0.0,0,0.0,1,2,1,1,1,0,0,1,0,0,0,0,0,gratuito
5,10000.0,0,0.0,1,4,1,0,0,0,1,0,0,0,0,1,1,alto
2,10000.0,35,0.8857142857142857,10,6,1,0,0,0,1,1,1,1,0,1,0,gratuito
7,10000.0,0,0.0,1,4,1,0,0,0,1,0,0,1,0,1,0,alto
6,10000.0,0,0.0,1,5,1,0,0,0,1,1,1,1,0,0,1,medio_baixo
2,10000.0,0,0.0,34,1,1,0,0,0,0,0,0,1,0,0,0,medio_baixo
6,10000.0,26,0.8846153846153846,1,2,1,0,1,0,1,0,1,0,0,0,0,alto
7,10000.0,2,0.0,1,4,1,0,0,0,1,1,1,1,0,0,0,medio_baixo
5,35000.0,50,0.88,1,3,1,0,0,0,1,1,0,0,0,1,0,medio_baixo
3,10000.0,225,0.8222222222222222,4,3,1,1,0,1,1,0,1,1,0,0,0,alto
9,75000.0,496,0.8467741935483871,1,4,1,0,0,0,1,0,1,1,0,0,0,gratuito
4,10000.0,0,0.0,2,1,1,1,0,0,1,0,0,0,0,0,0,medio_baixo
9,35000.0,64,0.9375,1,2,1,0,0,0,0,0,1,1,0,0,0,baixo
2,10000.0,57,0.6491228070175439,3,3,1,0,0,0,1,0,1,0,1,0,0,baixo
11,35000.0,167,0.592814371257485,8,4,1,1,0,0,1,0,1,0,1,1,0,medio_baixo
2,10000.0,0,0.0,1,5,1,1,0,0,1,1,1,1,0,1,0,alto
2,0.0,0,0.0,1,5,1,0,0,0,1,1,0,0,1,1,0,gratuito
4,10000.0,18,0.9444444444444444,1,4,1,1,0,0,1,1,1,0,1,0,0,medio_baixo
2,10000.0,5,0.6,2,2,1,0,0,0,0,1,0,1,0,0,0,medio_alto
1,10000.0,0,0.0,1,2,1,0,0,0,0,1,0,0,0,0,0,gratuito
1,10000.0,0,0.0,1,2,1,0,0,0,1,1,0,0,0,0,0,medio_baixo
5,35000.0,267,0.7790262172284644,5,2,1,0,0,0,0,1,0,0,1,0,0,alto
3,0.0,0,0.0,1,2,1,0,0,0,1,0,0,1,0,0,0,gratuito
2,10000.0,3,0.0,12,5,1,0,0,0,1,0,1,1,1,0,1,medio_baixo
2,10000.0,10,0.4,1,5,1,0,0,0,1,1,1,1,0,0,1,medio_baixo
1,10000.0,91,0.8571428571428571,16,2,1,0,1,0,0,0,0,0,0,0,1,medio_alto
11,750000.0,16050,0.9022429906542057,7,5,1,1,1,5,1,1,1,0,0,1,1,medio_baixo
3,0.0,0,0.0,103,7,1,0,0,1,1,1,1,1,1,1,1,baixo
11,75000.0,256,0.8203125,1,2,1,1,0,1,1,1,0,0,0,0,0,baixo
2,0.0,0,0.0,1,5,1,0,1,0,1,0,1,1,0,0,0,gratuito
2,10000.0,48,0.6666666666666666,5,3,1,0,0,0,1,0,0,0,0,1,1,medio_alto
4,10000.0,0,0.0,1,3,1,0,0,0,0,1,1,0,0,0,0,medio_alto
4,10000.0,74,0.7297297297297297,1,3,1,1,0,0,0,1,1,0,1,0,0,medio_baixo
2,10000.0,37,0.9459459459459459,4,1,1,0,0,0,0,0,1,0,0,0,0,medio_alto
4,10000.0,0,0.0,1,5,1,0,0,0,0,1,1,1,0,0,1,baixo
5,0.0,0,0.0,1,3,1,0,0,0,1,0,0,1,0,0,0,gratuito
1,10000.0,2,0.5,1,4,1,0,0,0,1,0,0,1,0,1,1,baixo
4,0.0,0,0.0,1,4,1,0,0,0,1,1,1,0,0,0,0,gratuito
3,10000.0,0,0.0,1,3,1,0,0,0,1,0,0,1,0,0,0,gratuito
5,10000.0,10,0.8,1,1,1,0,0,0,0,0,0,0,1,0,0,medio_baixo
1,10000.0,9,0.8888888888888888,1,2,1,0,0,3,0,1,1,0,0,0,0,baixo
4,10000.0,18,0.6111111111111112,2,2,1,0,0,0,0,0,0,0,0,0,0,gratuito
9,10000.0,138,0.8333333333333334,1,5,1,1,0,0,1,0,0,1,0,0,1,medio_baixo
2,10000.0,0,0.0,1,1,1,0,0,0,1,0,0,0,0,0,0,alto
1,10000.0,0,0.0,2,2,1,0,0,0,1,0,0,1,0,0,0,medio_baixo
2,150000.0,2,0.5,2,2,1,0,0,0,0,0,0,0,1,1,0,medio_baixo
2,10000.0,5,0.8,18,3,1,0,0,2,0,0,1,0,1,1,0,medio_baixo
4,10000.0,2,0.0,1,2,1,0,0,0,0,0,1,1,0,0,0,alto
2,10000.0,39,0.717948717948718,2,2,1,0,0,0,1,1,0,0,0,0,0,medio_alto
1,10000.0,0,0.0,11,2,1,0,0,0,1,1,0,0,0,0,0,medio_baixo
3,10000.0,2,1.0,1,1,1,0,0,0,0,0,0,0,1,0,0,baixo
4,10000.0,4,0.25,1,2,1,0,0,0,1,1,0,0,0,0,0,baixo
9,10000.0,38,0.5,2,1,1,0,0,0,0,1,0,0,0,0,0,medio_baixo
4,0.0,0,0.0,0,0,1,0,0,0,0,0,0,0,0,0,0,gratuito
5,0.0,0,0.0,0,0,1,0,0,0,0,0,0,0,0,0,0,gratuito
12,350000.0,1634,0.605875152998776,1,4,1,1,1,0,1,1,1,0,0,0,0,gratuito
7,10000.0,42,0.6904761904761905,1,1,1,0,0,0,0,0,0,0,0,0,0,gratuito
6,10000.0,11,0.7272727272727273,1,3,1,0,0,0,1,0,1,1,0,0,0,medio_alto
6,10000.0,8,1.0,2,2,1,0,0,0,1,0,0,0,0,1,0,gratuito
1,0.0,0,0.0,103,1,1,0,0,0,0,0,0,1,0,0,0,medio_alto
5,10000.0,38,0.8157894736842105,1,5,1,0,0,0,1,0,1,0,1,0,0,gratuito
6,10000.0,309,0.912621359223301,1,4,1,0,0,1,1,0,1,1,1,0,0,baixo
6,10000.0,1,1.0,2,3,1,0,0,0,1,1,1,0,0,0,0,medio_alto
4,10000.0,0,0.0,1,4,1,0,0,0,1,1,1,0,0,1,0,medio_baixo
1,0.0,0,0.0,1,2,1,0,0,1,0,0,1,0,1,0,0,medio_alto
7,10000.0,98,0.7959183673469388,4,5,1,0,0,0,1,1,0,0,0,1,1,alto
4,0.0,0,0.0,0,0,1,0,0,0,0,0,0,0,0,0,0,gratuito
11,35000.0,83,0.2891566265060241,6,4,1,0,0,0,1,1,1,0,1,0,0,alto
4,10000.0,6,1.0,1,3,1,0,0,0,1,1,0,0,0,1,0,baixo
9,10000.0,11,0.9090909090909091,1,2,1,0,0,0,0,0,1,0,1,0,0,medio_baixo
2,10000.0,0,0.0,1,2,1,0,0,0,1,0,0,0,0,0,1,medio_alto
1,10000.0,0,0.0,1,3,1,0,0,0,1,1,0,1,0,0,0,baixo
4,35000.0,1008,0.9325396825396826,4,3,1,0,0,1,1,1,1,0,0,0,0,alto
4,10000.0,19,0.8947368421052632,3,4,1,0,0,0,1,0,1,1,0,1,0,medio_baixo
6,10000.0,15,0.8,1,3,1,0,0,0,1,0,0,1,0,0,1,baixo
4,10000.0,5,0.8,1,4,1,1,1,0,1,0,1,1,0,1,0,baixo
2,0.0,0,0.0,0,0,1,0,0,0,0,0,0,0,0,0,0,gratuito
8,10000.0,79,0.8227848101265823,3,3,1,0,0,0,1,1,1,0,0,0,0,baixo
2,10000.0,0,0.0,2,1,1,0,0,0,1,0,0,0,0,0,0,medio_baixo
7,10000.0,134,0.7835820895522388,3,3,1,0,0,1,1,1,0,1,0,0,0,medio_alto
11,10000.0,5,0.4,1,3,1,0,0,0,1,0,0,0,0,1,0,alto
1,10000.0,0,0.0,10,2,1,0,0,3,0,1,1,0,0,0,0,alto
2,10000.0,2,0.5,1,3,1,0,0,0,1,0,1,1,0,0,0,baixo
2,0.0,0,0.0,0,0,1,0,0,0,0,0,0,0,0,0,0,gratuito
1,10000.0,0,0.0,1,3,1,0,0,0,0,0,0,0,1,1,1,baixo
9,10000.0,67,0.582089552238806,2,2,1,0,0,0,0,0,1,0,1,0,0,baixo
1,10000.0,0,0.0,1,2,1,0,0,0,1,1,0,0,0,0,0,alto
11,10000.0,34,0.6176470588235294,1,2,1,1,1,2,1,0,1,0,0,0,0,gratuito
2,0.0,0,0.0,103,1,1,0,0,0,0,0,0,0,0,0,1,baixo
4,10000.0,25,0.44,12,2,1,0,0,0,0,1,1,0,0,0,0,baixo
2,10000.0,78,0.6282051282051282,1,1,1,0,0,0,1,0,0,0,0,0,0,baixo
5,10000.0,3,0.0,2,1,1,0,0,0,0,0,0,0,0,0,0,alto
2,10000.0,3,1.0,8,3,1,1,1,0,1,1,0,1,0,0,0,medio_baixo
3,10000.0,27,0.8888888888888888,1,5,1,0,0,1,1,1,0,1,0,1,0,gratuito
2,10000.0,16,0.6875,103,4,1,0,0,0,0,0,1,1,0,1,1,baixo
3,10000.0,43,0.7906976744186046,4,5,1,0,0,0,1,0,0,1,1,0,1,medio_baixo
7,10000.0,13,0.9230769230769231,1,3,1,1,1,0,1,0,0,1,0,0,0,gratuito
1,10000.0,0,0.0,12,2,1,0,0,0,0,1,1,0,0,0,0,alto
7,75000.0,121,0.9008264462809917,1,4,1,0,0,0,1,0,0,0,1,1,0,gratuito
2,10000.0,274,0.8503649635036497,14,4,1,0,0,1,1,1,1,1,0,0,0,medio_baixo
1,10000.0,45,0.5333333333333333,14,3,1,0,0,0,0,1,1,0,0,0,1,alto
5,10000.0,15,0.8,1,2,1,0,0,0,0,0,1,1,0,0,0,medio_alto
8,10000.0,3,0.3333333333333333,1,3,1,1,0,0,0,0,1,1,0,0,1,alto
9,10000.0,38,0.34210526315789475,1,4,1,1,1,0,1,1,0,1,0,0,1,baixo
1,10000.0,0,0.0,1,3,1,0,0,0,1,0,1,1,0,0,0,baixo
2,75000.0,903,0.9435215946843853,8,3,1,0,0,0,1,0,0,0,0,0,0,medio_baixo
3,0.0,0,0.0,103,5,1,0,0,0,1,0,1,1,0,1,1,baixo
1,0.0,0,0.0,2,2,1,0,0,0,0,0,0,1,0,0,0,gratuito
1,0.0,0,0.0,0,0,1,0,0,0,0,0,0,0,0,0,0,gratuito
9,10000.0,59,0.3728813559322034,1,1,1,0,0,0,1,0,0,0,0,0,0,medio_baixo
9,10000.0,47,0.9148936170212766,1,2,1,0,0,0,0,1,1,0,0,0,0,gratuito
5,10000.0,22,0.45454545454545453,2,5,1,0,0,0,1,1,0,1,0,0,1,baixo
5,10000.0,23,0.6086956521739131,4,4,1,0,0,0,0,1,1,0,0,0,1,medio_alto
5,10000.0,7,0.2857142857142857,4,5,1,0,0,0,1,1,1,1,0,1,0,baixo
2,10000.0,1,1.0,1,2,1,0,0,0,0,0,1,0,0,0,1,baixo
1,10000.0,0,0.0,2,1,1,0,0,0,0,0,0,0,0,1,0,alto
1,0.0,0,0.0,0,0,1,0,0,0,0,0,0,0,0,0,0,gratuito
1,10000.0,0,0.0,1,3,1,0,0,0,1,1,0,1,0,0,0,medio_alto
3,10000.0,1,1.0,1,3,1,0,0,0,1,1,1,0,0,0,0,baixo
17,35000.0,164,0.725609756097561,1,1,1,0,0,0,0,0,1,0,0,0,0,medio_alto
2,10000.0,9,1.0,8,3,1,0,0,0,1,1,1,0,0,0,0,alto
1,0.0,0,0.0,0,0,1,0,0,0,0,0,0,0,0,0,0,gratuito
1,10000.0,0,0.0,1,4,1,0,0,0,1,1,0,0,1,0,0,alto
3,10000.0,0,0.0,1,1,1,0,0,0,0,0,0,1,0,0,0,alto
6,10000.0,42,0.6904761904761905,1,3,1,1,1,2,1,0,0,1,0,0,1,alto
2,0.0,0,0.0,1,3,1,0,1,0,1,0,1,0,0,0,0,gratuito
8,10000.0,8,0.875,1,4,1,0,0,0,1,1,0,0,1,1,0,medio_alto
2,10000.0,4,0.75,1,2,1,0,0,0,1,0,1,0,0,0,0,medio_baixo
4,35000.0,883,0.9365798414496036,10,2,1,0,0,0,1,0,1,0,0,0,0,medio_alto
2,0.0,0,0.0,103,1,1,1,1,0,0,0,0,1,0,0,0,medio_baixo
2,10000.0,26,0.8461538461538461,12,4,1,0,0,0,1,0,0,1,0,0,0,baixo
4,35000.0,16,0.9375,27,1,1,0,1,0,0,0,0,1,0,0,0,baixo
3,10000.0,0,0.0,1,1,1,1,1,0,0,0,0,0,0,0,0,medio_baixo
4,0.0,0,0.0,2,3,1,0,0,0,0,0,0,0,0,1,0,gratuito
7,10000.0,1,1.0,1,2,1,0,0,0,1,0,0,0,0,1,0,medio_alto
7,10000.0,4,0.75,1,2,1,1,0,0,1,1,0,0,0,0,0,gratuito
6,150000.0,849,0.784452296819788,6,2,1,0,0,0,0,1,1,0,0,0,0,medio_alto
4,35000.0,300,0.9733333333333334,7,3,1,0,0,0,1,0,0,0,0,1,1,medio_alto
9,10000.0,26,0.8846153846153846,9,4,1,0,0,0,0,0,1,1,0,1,1,medio_baixo
3,10000.0,0,0.0,1,4,1,0,0,0,1,1,0,1,0,1,0,gratuito
3,10000.0,118,0.4152542372881356,6,3,1,0,0,0,1,0,0,0,0,1,1,baixo
1,10000.0,0,0.0,1,1,1,0,0,0,1,0,0,0,0,0,0,medio_alto
9,350000.0,7066,0.8547976224172091,16,4,1,0,0,7,1,1,0,0,0,0,1,alto
9,35000.0,36,0.5,1,5,1,0,0,0,1,0,1,1,1,1,0,baixo
17,75000.0,361,0.925207756232687,1,1,1,0,0,0,0,1,0,0,0,0,0,alto
3,10000.0,2,0.5,4,1,1,0,0,0,0,0,0,1,0,0,0,medio_alto
10,10000.0,20,0.4,1,2,1,0,0,0,1,0,0,0,0,1,0,alto
3,150000.0,1155,0.8900432900432901,10,4,1,0,0,1,1,0,0,1,0,1,1,medio_baixo
6,10000.0,9,0.7777777777777778,1,2,1,0,0,0,1,0,0,1,0,0,0,baixo
2,0.0,0,0.0,3,4,1,0,0,0,1,0,0,1,0,0,1,gratuito
1,10000.0,43,0.9767441860465116,12,1,1,1,0,0,0,0,0,1,0,0,0,medio_baixo
7,10000.0,0,0.0,2,2,1,0,0,0,1,0,1,0,0,0,0,medio_baixo
6,35000.0,476,0.7878151260504201,5,2,1,0,0,2,1,0,1,0,0,0,0,baixo
2,10000.0,25,0.52,18,3,1,0,0,0,0,0,0,0,0,1,1,alto
3,10000.0,38,0.6842105263157895,10,2,1,0,0,0,1,1,0,0,0,0,0,alto
4,10000.0,5,0.0,1,4,1,0,0,0,1,1,0,1,0,1,0,baixo
2,10000.0,27,1.0,8,2,1,0,0,1,0,0,1,1,0,0,0,alto
2,10000.0,6,1.0,1,2,1,0,0,0,1,0,0,1,0,0,0,medio_baixo
9,10000.0,2,1.0,1,3,1,0,0,0,1,0,1,0,1,0,0,medio_baixo
2,10000.0,0,0.0,1,1,1,0,0,0,0,0,0,1,0,0,0,medio_alto
4,0.0,0,0.0,4,3,1,1,0,0,0,1,0,0,1,0,0,gratuito
6,10000.0,32,0.875,2,2,1,0,0,0,1,0,1,0,0,0,0,medio_alto
11,10000.0,5,0.6,2,2,1,1,1,0,1,1,0,0,0,0,0,medio_alto
3,10000.0,0,0.0,23,2,1,0,0,0,1,0,0,1,0,0,0,baixo
5,10000.0,39,0.7435897435897436,1,6,1,0,0,0,1,1,0,1,0,0,1,medio_alto
2,0.0,0,0.0,0,0,1,0,0,0,0,0,0,0,0,0,0,gratuito
3,10000.0,86,0.8488372093023255,10,3,1,1,0,0,1,0,0,1,0,0,1,medio_baixo
8,10000.0,47,0.7021276595744681,10,4,1,0,0,0,1,1,1,1,0,0,0,medio_alto
2,10000.0,1,1.0,6,2,1,0,0,0,1,0,0,1,0,0,0,baixo
9,10000.0,18,0.8888888888888888,1,2,1,0,0,0,1,1,0,0,0,0,0,medio_alto
8,35000.0,42,0.6666666666666666,2,2,1,0,0,0,1,0,1,0,0,0,0,medio_alto
4,10000.0,4,1.0,1,1,1,0,0,0,0,0,0,0,0,1,0,medio_baixo
2,10000.0,31,0.9032258064516129,1,2,1,0,0,0,1,0,0,0,0,1,0,medio_alto
9,35000.0,110,0.9545454545454546,7,3,1,1,0,0,1,1,1,0,0,0,0,alto
1,10000.0,1,1.0,1,3,1,0,0,0,1,1,1,0,0,0,0,baixo
2,10000.0,0,0.0,2,3,1,0,0,0,0,1,1,0,1,0,0,medio_baixo
5,10000.0,19,0.42105263157894735,1,3,1,0,0,0,1,0,1,1,0,0,0,baixo
4,0.0,0,0.0,0,0,1,0,0,0,0,0,0,0,0,0,0,gratuito
11,750000.0,14156,0.9406612037298672,1,3,1,0,0,0,1,0,0,1,0,0,1,medio_alto
1,75000.0,558,0.7132616487455197,11,3,1,0,0,1,1,1,1,0,0,0,0,medio_alto
2,10000.0,63,1.0,12,2,1,0,0,0,1,0,0,1,0,0,0,medio_baixo
6,35000.0,3,1.0,1,1,1,0,0,0,0,1,0,0,0,0,0,medio_baixo
3,10000.0,0,0.0,1,4,1,0,0,0,1,0,0,1,0,1,0,baixo
1,10000.0,0,0.0,2,2,1,0,0,0,0,0,1,0,0,0,0,medio_alto
3,35000.0,92,0.9021739130434783,1,2,1,0,0,0,0,1,0,0,1,0,0,alto
6,75000.0,12,0.75,1,4,1,0,0,0,1,0,1,1,1,0,0,gratuito
3,0.0,0,0.0,1,3,1,0,0,0,1,1,0,0,0,0,0,gratuito
3,10000.0,0,0.0,6,5,1,0,0,0,1,1,0,1,0,1,0,gratuito
2,75000.0,96,1.0,1,3,1,1,1,0,1,0,0,1,0,0,0,gratuito
1,0.0,0,0.0,0,0,1,0,0,0,0,0,0,0,0,0,0,gratuito
1,10000.0,0,0.0,1,1,1,0,0,1,0,0,0,0,0,0,1,alto
1,150000.0,1230,0.9642276422764228,8,2,1,0,0,1,1,0,0,0,0,0,1,alto
5,10000.0,3,1.0,1,1,1,0,0,0,0,0,0,0,1,0,0,alto
10,75000.0,130,0.7307692307692307,1,5,1,0,0,2,1,0,1,0,1,0,0,gratuito
6,75000.0,154,0.6623376623376623,1,7,1,0,0,0,1,1,1,1,0,1,1,gratuito
3,35000.0,930,0.9139784946236559,12,4,1,1,1,1,1,0,1,1,1,0,0,alto
8,10000.0,109,0.8073394495412844,1,6,1,0,0,0,1,1,0,0,1,1,0,medio_alto
6,10000.0,1,1.0,1,4,1,0,1,0,1,0,1,1,1,0,0,alto
4,75000.0,373,0.8471849865951743,3,3,1,0,0,0,1,0,1,0,1,0,0,alto
2,0.0,0,0.0,0,0,1,0,0,0,0,0,0,0,0,0,0,gratuito
9,35000.0,30,0.7333333333333333,2,1,1,0,0,0,0,0,0,1,0,0,0,baixo
9,75000.0,286,0.5734265734265734,8,2,1,0,0,0,0,1,0,0,0,0,1,alto
1,0.0,0,0.0,2,7,1,0,0,0,1,1,0,1,1,1,0,gratuito
5,350000.0,5,0.4,1,1,1,1,0,0,0,1,0,0,0,0,0,medio_baixo
1,0.0,0,0.0,0,0,1,0,0,0,0,0,0,0,0,0,0,gratuito
2,10000.0,1,1.0,1,4,1,0,0,0,1,1,1,1,0,0,0,medio_alto
7,35000.0,724,0.8024861878453039,5,5,1,0,0,0,1,1,0,0,0,0,1,alto
1,0.0,0,0.0,103,2,1,0,0,0,1,0,0,1,0,0,0,baixo
3,10000.0,6,0.8333333333333334,1,3,1,1,0,0,1,0,1,0,1,0,0,medio_baixo
6,10000.0,44,0.7045454545454546,1,3,1,0,0,0,0,1,1,0,0,0,0,gratuito
7,10000.0,0,0.0,1,2,1,0,0,0,1,1,0,0,0,0,0,alto
1,10000.0,0,0.0,27,2,1,1,1,0,1,0,0,0,0,0,1,baixo
10,150000.0,2033,0.8947368421052632,2,3,1,0,0,0,1,1,1,0,0,0,0,medio_alto
2,150000.0,28,0.6071428571428571,1,4,1,0,0,0,1,1,1,0,0,1,0,medio_baixo
5,10000.0,143,0.6433566433566433,1,2,1,0,0,0,0,1,0,0,0,0,0,alto
3,0.0,0,0.0,103,2,1,0,0,0,1,0,0,0,0,0,1,medio_alto
1,35000.0,280,0.7642857142857142,7,3,1,0,0,0,0,1,1,1,0,0,0,alto
1,10000.0,0,0.0,1,2,1,0,0,0,0,0,1,0,1,0,0,alto
2,10000.0,1,1.0,1,2,1,0,0,0,1,0,0,1,0,0,0,alto
8,10000.0,3,1.0,1,2,1,0,0,0,1,0,0,1,0,0,0,medio_baixo
1,0.0,0,0.0,0,0,1,0,0,0,0,0,0,0,0,0,0,gratuito
3,35000.0,13,0.6153846153846154,1,4,1,0,0,3,1,1,1,0,0,0,0,gratuito
1,10000.0,0,0.0,1,1,1,0,0,0,0,0,0,0,0,1,0,alto
7,10000.0,5,0.8,1,2,1,0,0,0,0,1,1,0,0,0,0,medio_alto
6,10000.0,21,0.9523809523809523,1,2,1,0,0,0,1,1,0,0,0,0,0,baixo
13,35000.0,426,0.5821596244131455,7,2,1,1,1,0,1,0,1,0,0,0,0,medio_alto
3,0.0,0,0.0,1,4,1,0,0,0,0,1,1,0,1,0,0,gratuito
1,10000.0,8,0.875,1,5,1,0,0,0,1,1,1,0,1,0,0,medio_baixo
4,0.0,0,0.0,103,3,1,0,0,0,1,0,0,0,0,1,1,medio_baixo
3,10000.0,1,1.0,1,2,1,0,0,0,1,1,0,0,0,0,0,medio_alto
8,10000.0,5,0.4,4,3,1,0,0,0,1,0,0,1,1,0,0,medio_alto
4,10000.0,138,0.9057971014492754,1,2,1,0,0,0,1,1,0,0,0,0,0,medio_baixo
2,10000.0,1,0.0,1,2,1,0,0,0,0,0,0,1,1,0,0,alto
5,0.0,0,0.0,0,0,1,0,0,0,0,0,0,0,0,0,0,gratuito
1,0.0,0,0.0,0,0,1,0,0,0,0,0,0,0,0,0,0,gratuito
1,0.0,0,0.0,0,0,1,0,0,0,0,0,0,0,0,0,0,gratuito
6,35000.0,6,0.8333333333333334,1,1,1,0,0,0,0,1,0,0,0,0,0,alto
3,10000.0,8,0.375,1,4,1,0,0,0,1,0,1,1,1,0,0,baixo
8,10000.0,33,0.8181818181818182,2,1,1,0,0,0,0,0,0,0,1,0,0,medio_baixo
2,10000.0,112,0.42857142857142855,10,2,1,1,1,0,1,0,0,0,0,0,1,medio_baixo
12,75000.0,270,0.34074074074074073,6,2,1,1,0,0,0,0,1,1,0,0,0,baixo
6,10000.0,15,0.5333333333333333,1,8,1,0,0,0,1,1,1,1,1,1,0,gratuito
8,10000.0,1,1.0,1,2,1,0,0,0,0,0,1,1,0,0,0,gratuito
11,350000.0,12000,0.6593333333333333,12,4,1,0,0,0,1,1,0,0,1,0,1,medio_alto
4,10000.0,24,0.9166666666666666,1,1,1,0,0,0,0,1,0,0,0,0,0,medio_baixo
2,150000.0,706,0.7634560906515581,7,2,1,1,1,0,0,0,0,0,0,0,0,gratuito
8,10000.0,13,0.38461538461538464,2,3,1,0,0,0,0,1,1,0,0,0,0,medio_baixo
1,10000.0,0,0.0,3,2,1,0,0,0,1,0,0,0,1,0,0,alto
3,0.0,0,0.0,0,0,1,0,0,0,0,0,0,0,0,0,0,gratuito
1,0.0,0,0.0,2,3,1,0,0,0,1,0,0,0,0,0,1,baixo
1,10000.0,0,0.0,1,3,1,1,0,0,1,0,0,0,0,0,0,gratuito
3,35000.0,547,0.7385740402193784,14,1,1,0,0,0,1,0,0,0,0,0,0,medio_alto
8,10000.0,155,0.9161290322580645,3,1,1,1,1,0,0,0,0,1,0,0,0,medio_baixo
1,10000.0,0,0.0,2,2,1,0,0,0,1,0,0,1,0,0,0,medio_alto
3,0.0,0,0.0,0,0,1,0,0,0,0,0,0,0,0,0,0,gratuito
2,10000.0,13,1.0,1,1,1,1,1,0,0,0,1,0,0,0,0,medio_alto
3,0.0,0,0.0,1,3,1,0,0,0,1,0,1,1,0,0,0,gratuito
2,10000.0,37,0.972972972972973,34,2,1,1,0,0,1,0,0,1,0,0,0,baixo
1,10000.0,1,1.0,2,1,1,0,0,0,0,0,1,0,0,0,0,medio_baixo
2,10000.0,65,0.8461538461538461,3,1,1,0,0,0,0,0,1,0,0,0,0,medio_alto
1,10000.0,0,0.0,9,3,1,0,0,0,1,1,0,1,0,0,0,medio_alto
9,10000.0,84,0.7738095238095238,2,2,1,0,0,0,0,1,0,0,1,0,0,alto
7,10000.0,48,0.2708333333333333,6,3,1,0,0,0,1,0,1,1,0,0,0,medio_baixo
6,35000.0,41,0.8048780487804879,103,2,1,0,0,0,1,0,1,0,0,0,0,baixo
2,0.0,0,0.0,0,0,1,0,0,0,0,0,0,0,0,0,0,gratuito
2,10000.0,16,1.0,6,2,1,0,0,0,1,0,0,0,0,0,0,medio_alto
2,75000.0,82,0.9512195121951219,4,4,1,0,1,0,1,0,1,1,0,0,1,medio_baixo
1,0.0,0,0.0,1,4,1,0,0,0,1,1,1,0,0,0,1,baixo
2,0.0,0,0.0,0,0,1,0,0,0,0,0,0,0,0,0,0,gratuito
6,150000.0,1096,0.8759124087591241,29,2,1,0,0,1,0,1,0,0,0,0,1,baixo
3,10000.0,0,0.0,29,2,1,0,0,0,1,0,0,1,0,0,0,baixo
1,0.0,0,0.0,0,0,1,0,0,0,0,0,0,0,0,0,0,gratuito
1,10000.0,0,0.0,2,2,1,0,0,0,0,1,0,0,0,1,0,medio_alto
2,10000.0,33,0.6666666666666666,6,4,1,0,0,0,1,0,0,0,1,1,0,medio_alto
4,10000.0,11,0.7272727272727273,26,3,1,1,0,0,1,0,0,1,0,1,0,medio_baixo
1,10000.0,0,0.0,12,3,1,0,0,0,1,0,1,0,0,0,0,baixo
5,10000.0,1,0.0,5,3,1,0,0,0,1,1,1,0,0,0,0,medio_baixo
6,10000.0,45,0.8444444444444444,2,4,1,0,0,0,1,1,1,1,0,0,0,baixo
2,10000.0,0,0.0,4,4,1,0,0,0,1,1,1,0,1,0,0,alto
4,10000.0,2,1.0,15,3,1,0,0,0,0,0,0,1,1,0,1,baixo
1,35000.0,2,1.0,8,3,1,0,0,0,1,1,0,1,0,0,0,medio_alto
3,35000.0,3,0.6666666666666666,1,4,1,0,0,0,1,1,1,0,0,0,0,alto
4,10000.0,11,0.9090909090909091,1,5,1,0,0,0,1,1,1,0,1,0,0,gratuito
3,10000.0,6,0.8333333333333334,1,2,1,0,0,0,1,0,0,1,0,0,0,gratuito
1,0.0,0,0.0,0,0,1,0,0,0,0,0,0,0,0,0,0,gratuito
9,150000.0,70,0.8571428571428571,3,4,1,0,0,0,1,1,1,1,0,0,0,baixo
11,150000.0,1310,0.8015267175572519,3,2,1,0,0,3,0,0,0,1,0,1,0,medio_baixo
5,10000.0,18,0.9444444444444444,3,5,1,1,1,0,1,1,1,1,0,1,0,baixo
1,0.0,0,0.0,0,0,1,0,0,0,0,0,0,0,0,0,0,gratuito
1,10000.0,0,0.0,2,3,1,0,0,0,1,0,0,0,0,1,0,medio_alto
5,0.0,0,0.0,18,5,1,1,0,0,1,0,0,1,0,1,0,gratuito
8,10000.0,37,0.4594594594594595,1,2,1,0,0,0,1,0,0,1,0,0,0,baixo
1,10000.0,0,0.0,1,2,1,0,0,0,1,0,0,1,0,0,0,baixo
1,0.0,0,0.0,0,0,1,0,0,0,0,0,0,0,0,0,0,gratuito
3,0.0,0,0.0,0,0,1,0,0,0,0,0,0,0,0,0,0,gratuito
1,0.0,0,0.0,2,4,1,0,0,0,1,0,1,0,0,1,0,gratuito
1,0.0,0,0.0,5,3,1,0,0,1,1,0,0,1,0,1,0,alto
2,10000.0,58,0.5172413793103449,12,2,1,0,0,0,1,0,1,0,0,0,0,medio_baixo
1,10000.0,29,0.9310344827586207,1,4,1,0,1,0,1,1,1,0,0,1,0,alto
11,10000.0,61,0.4426229508196721,4,4,1,0,0,0,1,1,1,1,0,0,0,gratuito
1,0.0,0,0.0,0,0,1,0,0,0,0,0,0,0,0,0,0,gratuito
8,35000.0,1,0.0,5,4,1,0,0,1,1,0,1,1,1,0,0,baixo
3,10000.0,29,0.41379310344827586,29,6,1,1,1,0,1,1,1,1,0,1,1,alto
6,10000.0,1,1.0,1,1,1,1,0,0,0,0,0,0,0,1,0,alto
9,10000.0,15,0.6,1,1,1,0,0,0,0,0,1,0,0,0,0,medio_baixo
3,10000.0,8,0.875,8,3,1,0,0,0,1,1,0,1,0,0,0,medio_alto
3,0.0,0,0.0,2,3,1,1,1,0,0,0,0,1,0,0,1,gratuito
6,10000.0,3,1.0,1,5,1,0,0,0,1,1,0,0,0,1,1,alto
4,750000.0,12975,0.9300963391136802,10,2,1,0,0,0,0,1,1,0,0,0,0,alto
1,10000.0,11,1.0,7,3,1,0,0,0,1,0,0,1,0,0,0,baixo
6,150000.0,9,0.7777777777777778,1,1,1,1,0,0,0,0,0,0,1,0,0,gratuito
2,10000.0,0,0.0,12,4,1,0,0,0,0,1,1,0,1,0,0,gratuito
5,35000.0,35,0.8285714285714286,1,3,1,0,0,0,1,1,1,0,0,0,0,baixo
6,10000.0,3,0.6666666666666666,1,2,1,0,0,0,1,0,0,0,0,0,1,alto
9,10000.0,20,0.8,1,4,1,1,0,0,1,1,1,1,0,0,0,baixo
4,10000.0,2,1.0,1,3,1,0,0,0,0,0,1,1,0,1,0,medio_alto
4,35000.0,5,0.8,1,2,1,0,0,0,0,1,1,0,0,0,0,medio_baixo
3,10000.0,2,0.0,12,1,1,0,1,0,0,0,0,0,0,1,0,baixo
5,75000.0,1197,0.9766081871345029,1,3,1,1,1,1,1,0,0,1,0,0,1,medio_alto
2,10000.0,10,0.8,1,3,1,0,0,0,1,0,0,1,0,0,1,baixo
11,10000.0,32,0.78125,7,3,1,1,0,0,1,1,0,0,0,1,0,medio_alto
12,75000.0,706,0.8427762039660056,1,1,1,1,1,1,1,0,0,0,0,0,0,medio_alto
4,10000.0,18,0.8888888888888888,1,1,1,0,0,1,0,1,0,0,0,0,0,alto
1,75000.0,2365,0.6579281183932346,6,2,1,0,0,17,0,0,0,0,0,0,1,alto
2,10000.0,6,0.8333333333333334,1,4,1,0,0,0,1,0,0,0,0,1,1,alto
4,35000.0,3,0.6666666666666666,1,2,1,0,0,0,0,0,1,0,1,0,0,medio_alto
1,0.0,0,0.0,0,0,1,0,0,0,0,0,0,0,0,0,0,gratuito
2,10000.0,0,0.0,3,2,1,0,0,0,0,0,1,0,1,0,0,medio_alto
2,10000.0,2,0.5,1,2,1,0,0,0,0,1,0,0,0,1,0,alto
14,1500000.0,8960,0.7284598214285715,10,2,1,0,0,0,0,1,1,0,0,0,0,baixo
9,10000.0,0,0.0,1,4,1,0,0,0,1,1,0,1,0,0,0,baixo
3,350000.0,3152,0.9635152284263959,11,2,1,1,0,0,1,0,1,0,0,0,0,medio_alto
7,35000.0,114,0.43859649122807015,2,6,1,0,0,0,0,0,1,0,1,1,1,gratuito
11,10000.0,57,0.7894736842105263,1,3,1,0,0,0,1,1,1,0,0,0,0,baixo
5,10000.0,5,0.4,2,2,1,0,0,0,1,0,0,1,0,0,0,baixo
6,10000.0,160,0.8375,4,3,1,0,0,0,1,0,0,1,0,0,1,medio_baixo
3,10000.0,3,0.6666666666666666,1,2,1,0,0,0,0,0,1,0,1,0,0,baixo
1,0.0,0,0.0,1,5,1,1,0,0,1,1,1,1,1,0,0,medio_alto
1,0.0,0,0.0,0,0,1,0,0,0,0,0,0,0,0,0,0,gratuito
11,10000.0,121,0.6115702479338843,2,2,1,0,0,0,1,0,0,0,0,1,0,alto
7,10000.0,147,0.7551020408163265,1,4,1,0,0,0,0,0,0,0,0,1,1,alto
2,10000.0,312,0.9038461538461539,2,2,1,0,0,0,1,0,0,0,0,1,0,alto
11,10000.0,11,0.5454545454545454,1,1,1,0,0,0,0,1,0,0,0,0,0,medio_baixo
2,0.0,0,0.0,1,3,1,0,0,0,1,1,0,0,0,0,0,gratuito
6,10000.0,7,1.0,2,2,1,0,0,0,1,1,0,0,0,0,0,medio_alto
9,10000.0,322,0.8819875776397516,1,4,1,0,0,0,1,1,1,1,0,0,0,baixo
4,10000.0,0,0.0,1,1,1,0,0,0,0,0,0,1,0,0,0,medio_baixo
2,35000.0,256,0.87109375,1,2,1,0,0,4,0,0,0,1,0,0,0,gratuito
2,10000.0,0,0.0,1,4,1,0,0,0,1,0,1,0,0,1,1,medio_baixo
1,10000.0,0,0.0,2,2,1,0,0,0,1,0,0,0,0,0,1,alto
2,0.0,0,0.0,13,9,1,1,1,1,1,1,1,1,1,1,1,gratuito
1,10000.0,0,0.0,1,4,1,0,1,0,1,0,0,1,0,1,0,alto
5,10000.0,54,0.6666666666666666,2,2,1,0,0,0,1,0,1,0,0,0,0,baixo
3,10000.0,3,0.0,29,3,1,1,0,0,1,1,0,0,0,1,0,medio_baixo
11,35000.0,91,0.5054945054945055,5,2,1,0,0,0,0,0,1,1,0,0,0,baixo
1,35000.0,397,0.8387909319899244,6,3,1,0,0,0,1,1,1,0,0,0,0,baixo
8,10000.0,7,1.0,1,4,1,0,0,0,1,1,0,1,0,0,0,medio_alto
5,150000.0,958,0.824634655532359,5,3,1,0,0,1,1,0,1,0,1,0,0,medio_alto
5,10000.0,8,1.0,2,1,1,0,0,1,0,0,1,0,0,0,0,alto
4,10000.0,26,0.8461538461538461,1,4,1,0,0,0,1,1,1,1,0,0,0,medio_baixo
7,10000.0,81,0.8888888888888888,9,3,1,0,0,0,0,0,0,0,0,0,0,gratuito
3,10000.0,0,0.0,29,3,1,0,0,0,0,0,1,1,0,0,1,medio_baixo
1,10000.0,0,0.0,7,3,1,0,0,0,1,0,0,0,1,1,0,alto
2,35000.0,3,0.6666666666666666,1,5,1,0,0,0,1,1,1,0,0,1,0,medio_alto
11,350000.0,2386,0.7954735959765298,10,3,1,0,0,5,0,0,0,0,0,0,1,medio_baixo
1,0.0,0,0.0,0,0,1,0,0,0,0,0,0,0,0,0,0,gratuito
1,0.0,0,0.0,8,1,1,1,0,0,0,0,0,0,0,1,0,medio_alto
5,75000.0,195,0.37948717948717947,2,1,1,0,0,0,1,0,0,0,0,0,0,alto
3,10000.0,23,0.8260869565217391,1,3,1,0,0,0,0,1,0,0,1,0,0,medio_alto
5,10000.0,3,1.0,8,1,1,1,0,0,0,0,0,1,0,0,0,baixo
12,350000.0,1287,0.7319347319347319,1,3,1,0,0,0,1,1,0,0,0,0,0,gratuito
2,10000.0,182,0.7252747252747253,4,4,1,0,0,0,1,0,0,1,1,0,1,alto
6,10000.0,47,0.7872340425531915,2,4,1,0,0,0,1,1,1,0,1,0,0,alto
3,0.0,0,0.0,0,0,1,0,0,0,0,0,0,0,0,0,0,gratuito
20,350000.0,933,0.7116827438370846,8,3,1,0,0,0,1,1,0,0,1,0,0,gratuito
9,35000.0,5,0.4,1,2,1,0,0,0,1,0,0,1,0,0,0,baixo
4,0.0,0,0.0,103,5,1,0,0,0,1,0,1,1,0,1,1,baixo
11,35000.0,200,0.81,12,2,1,1,1,0,1,1,0,0,0,0,0,medio_baixo
8,10000.0,30,0.9,8,4,1,0,0,0,1,0,1,1,0,1,0,medio_baixo
1,10000.0,2,1.0,1,1,1,0,0,0,1,0,0,0,0,0,0,baixo
1,0.0,0,0.0,1,2,1,0,0,0,0,1,1,0,0,0,0,alto
8,10000.0,3,1.0,1,3,1,0,0,0,1,1,1,0,0,0,0,medio_baixo
5,10000.0,4,0.75,2,1,1,0,0,0,0,0,0,1,0,0,0,baixo
5,10000.0,22,1.0,1,5,1,1,1,0,1,1,1,1,1,0,0,medio_alto
9,75000.0,32,0.59375,1,4,1,0,0,0,1,0,1,1,1,0,0,baixo
2,10000.0,2,0.5,12,4,1,0,0,0,1,1,0,1,1,0,0,medio_alto
12,750000.0,15523,0.8897764607356825,12,3,1,1,0,2,1,0,0,0,1,1,0,medio_alto
2,10000.0,8,0.875,6,1,1,0,0,0,0,0,0,1,0,0,0,alto
5,0.0,0,0.0,1,3,1,0,0,6,1,0,0,1,0,0,0,gratuito
7,10000.0,5,1.0,1,4,1,0,0,0,1,1,1,0,1,0,0,medio_baixo
1,10000.0,0,0.0,1,2,1,0,0,0,1,0,1,0,0,0,0,medio_baixo
3,0.0,0,0.0,0,0,1,0,0,0,0,0,0,0,0,0,0,gratuito
5,10000.0,27,0.9259259259259259,11,3,1,0,0,0,1,1,0,1,0,0,0,medio_baixo
5,10000.0,0,0.0,1,1,1,1,1,0,0,0,0,1,0,0,0,medio_baixo
2,0.0,0,0.0,0,0,1,0,0,0,0,0,0,0,0,0,0,gratuito
6,350000.0,3897,0.8611752630228381,5,1,1,0,0,3,0,0,1,0,0,0,0,alto
3,10000.0,58,0.7241379310344828,7,3,1,0,0,0,1,0,0,0,0,1,1,alto
12,350000.0,1266,0.9146919431279621,1,3,1,1,1,4,1,0,0,1,0,0,1,medio_alto
1,0.0,0,0.0,0,0,1,0,0,0,0,0,0,0,0,0,0,gratuito
1,0.0,0,0.0,0,0,1,0,0,0,0,0,0,0,0,0,0,gratuito
1,0.0,0,0.0,103,4,1,0,0,0,1,0,1,1,0,0,0,medio_baixo
2,10000.0,8,0.75,1,2,1,0,0,0,0,1,1,0,0,0,0,alto
1,0.0,0,0.0,9,3,1,0,0,0,1,0,1,0,0,0,1,baixo
1,10000.0,0,0.0,1,2,1,0,0,1,1,1,0,0,0,0,0,alto
1,0.0,0,0.0,0,0,1,0,0,0,0,0,0,0,0,0,0,gratuito
7,10000.0,49,0.9183673469387755,1,5,1,0,0,0,1,1,0,0,0,0,1,alto
3,35000.0,273,0.9413919413919414,1,1,1,0,1,0,0,0,0,0,0,0,1,alto
5,75000.0,2,0.5,2,2,1,0,0,0,0,1,0,0,0,0,0,alto
9,1500000.0,10249,0.7466094253097864,11,2,1,0,0,0,1,1,0,0,0,0,0,alto
1,10000.0,3,0.0,1,1,1,0,0,0,0,0,0,0,0,0,1,medio_alto
2,10000.0,26,0.6923076923076923,10,3,1,0,0,0,1,0,1,0,0,0,1,medio_alto
1,0.0,0,0.0,1,2,1,0,0,0,1,0,0,1,0,0,0,baixo
6,10000.0,181,0.850828729281768,1,5,1,1,0,1,0,0,0,1,0,0,1,gratuito
2,10000.0,96,0.9270833333333334,4,3,1,0,0,1,1,0,1,1,0,0,0,alto
11,35000.0,40,0.375,2,3,1,0,0,0,0,0,0,1,0,0,1,baixo
1,10000.0,0,0.0,13,2,1,0,0,0,1,0,0,0,0,0,1,medio_baixo
1,0.0,0,0.0,3,2,1,0,0,0,1,0,1,0,0,0,0,medio_alto
9,10000.0,14,0.7857142857142857,6,3,1,0,0,0,0,0,0,0,0,0,0,gratuito
6,10000.0,361,0.7950138504155124,12,3,1,1,1,1,1,0,0,1,0,1,0,medio_baixo
8,10000.0,36,0.1111111111111111,1,3,1,0,0,0,1,0,0,1,0,0,1,baixo
2,10000.0,27,1.0,1,4,1,0,0,1,1,0,1,0,1,0,0,alto
2,35000.0,19,0.9473684210526315,11,3,1,0,0,0,0,1,0,1,0,0,1,medio_baixo
17,3500000.0,27660,0.9178597252349964,5,2,1,0,0,0,0,1,1,0,0,0,0,alto
1,0.0,0,0.0,1,6,1,0,0,0,1,1,1,1,1,1,0,alto
3,10000.0,0,0.0,1,7,1,0,0,0,0,1,1,1,1,1,0,gratuito
1,0.0,0,0.0,103,2,1,0,0,0,0,0,0,1,0,0,1,medio_baixo
5,10000.0,2,1.0,1,3,1,0,0,0,1,0,1,1,0,0,0,baixo
1,10000.0,23,1.0,14,5,1,0,0,0,1,1,0,1,1,1,0,medio_baixo
5,0.0,0,0.0,1,3,1,0,0,0,0,1,0,1,0,0,0,gratuito
1,10000.0,0,0.0,1,2,1,0,0,0,1,0,0,1,0,0,0,medio_alto
1,10000.0,0,0.0,11,2,1,0,0,0,1,0,0,1,0,0,0,medio_alto
9,10000.0,1,0.0,1,2,1,0,0,0,1,1,0,0,0,0,0,medio_alto
3,75000.0,453,0.3973509933774834,13,6,1,0,0,0,1,1,0,1,0,1,1,medio_alto
2,10000.0,10,1.0,1,2,1,0,0,0,1,0,0,1,0,0,0,medio_baixo
1,10000.0,0,0.0,5,3,1,0,0,0,1,0,0,1,0,0,1,medio_alto
1,0.0,0,0.0,1,2,1,0,0,0,1,0,0,0,0,1,0,medio_alto
5,10000.0,1,1.0,1,1,1,0,0,0,1,0,0,0,0,0,0,medio_baixo
4,10000.0,22,0.6818181818181818,4,6,1,0,0,0,1,1,1,1,0,1,1,baixo
5,10000.0,0,0.0,2,4,1,0,0,0,1,1,1,0,1,0,0,alto
3,0.0,0,0.0,1,3,1,0,0,0,0,0,1,1,0,0,1,gratuito
2,35000.0,1240,0.9596774193548387,10,4,1,0,0,1,1,0,1,1,1,0,0,alto
6,10000.0,4,1.0,1,2,1,0,0,0,1,0,0,1,0,0,0,medio_baixo
4,10000.0,29,0.8275862068965517,1,4,1,0,0,0,1,1,0,0,1,1,0,alto
3,10000.0,8,0.875,1,3,1,0,0,0,1,1,0,1,0,0,0,baixo
5,35000.0,8,0.5,1,2,1,0,0,0,0,0,0,0,0,1,1,baixo
1,10000.0,0,0.0,1,3,1,1,0,0,1,1,0,1,0,0,0,baixo
8,350000.0,2906,0.8582243633860978,8,4,1,1,1,1,1,1,1,0,1,0,0,medio_alto
1,10000.0,8,0.75,6,4,1,0,0,0,1,1,1,0,1,0,0,alto
8,10000.0,15,0.5333333333333333,1,3,1,1,1,0,1,0,0,1,0,0,1,medio_baixo
6,10000.0,0,0.0,28,3,1,0,0,0,1,0,0,1,0,0,1,medio_alto
5,10000.0,11,0.8181818181818182,12,2,1,0,0,0,1,0,0,1,0,0,0,baixo
1,10000.0,0,0.0,4,1,1,0,0,0,0,0,0,1,0,0,0,medio_baixo
8,350000.0,552,0.4221014492753623,3,3,1,0,0,1,1,0,0,0,0,1,1,medio_baixo
3,10000.0,9,1.0,1,2,1,0,0,0,0,1,1,0,0,0,0,medio_baixo
5,10000.0,1,1.0,1,3,1,0,0,0,1,1,0,1,0,0,0,medio_alto
1,0.0,0,0.0,1,2,1,0,0,0,1,0,0,1,0,0,0,alto
6,10000.0,10,0.8,1,2,1,0,0,0,0,0,0,0,0,0,1,medio_baixo
1,10000.0,0,0.0,19,2,1,1,1,0,1,0,0,1,0,0,0,medio_alto
3,10000.0,1,1.0,2,4,1,0,1,0,1,1,1,1,0,0,0,baixo
13,350000.0,1017,0.8859390363815143,4,3,1,0,0,0,0,1,0,0,1,1,0,medio_baixo
4,10000.0,4,0.25,1,2,1,0,0,0,0,0,1,1,0,0,0,medio_alto
4,10000.0,0,0.0,2,1,1,0,0,0,0,0,1,0,0,0,0,medio_baixo
1,10000.0,0,0.0,1,3,1,0,0,0,1,0,0,1,0,0,0,gratuito
2,0.0,0,0.0,80,2,1,1,1,0,1,1,0,0,0,0,0,medio_alto
9,10000.0,20,0.85,1,1,1,0,0,0,1,0,0,0,0,0,0,gratuito
1,0.0,0,0.0,1,2,1,0,0,0,0,1,0,0,0,0,0,gratuito
3,0.0,0,0.0,0,0,1,0,0,0,0,0,0,0,0,0,0,gratuito
5,75000.0,357,0.6274509803921569,1,4,1,0,0,0,1,1,0,0,1,0,0,alto
3,75000.0,1528,0.8776178010471204,23,7,1,1,0,0,1,1,1,1,1,0,1,alto
5,10000.0,117,0.9658119658119658,1,7,1,0,0,0,1,1,1,1,1,1,0,medio_baixo
8,10000.0,12,0.3333333333333333,1,5,1,1,0,0,1,0,1,1,1,1,0,gratuito
8,35000.0,515,0.945631067961165,1,1,1,1,0,0,0,0,0,0,0,0,0,gratuito
7,10000.0,104,0.9326923076923077,7,5,1,0,0,0,1,1,1,1,0,0,1,baixo
5,0.0,0,0.0,0,0,1,0,0,0,0,0,0,0,0,0,0,gratuito
1,350000.0,1429,0.9510146955913226,6,4,1,0,0,4,1,1,1,0,0,0,0,medio_baixo
1,0.0,0,0.0,1,3,1,0,0,0,1,0,0,1,1,0,0,baixo
1,10000.0,0,0.0,1,3,1,0,0,0,0,0,0,0,0,1,1,alto
3,10000.0,0,0.0,1,3,1,0,0,0,0,1,1,1,0,0,0,medio_baixo
3,10000.0,0,0.0,1,3,1,0,0,0,1,0,0,1,0,0,1,alto
5,0.0,0,0.0,0,0,1,0,0,0,0,0,0,0,0,0,0,gratuito
4,35000.0,200,0.88,2,3,1,0,0,0,1,0,0,1,0,0,0,medio_alto
9,10000.0,16,0.6875,1,2,1,0,0,0,0,0,0,0,0,0,0,gratuito
10,10000.0,5,1.0,1,3,1,0,0,0,1,0,0,0,1,1,0,medio_baixo
6,75000.0,681,0.8032305433186491,5,6,1,1,0,0,1,1,1,1,1,1,0,medio_alto
1,0.0,0,0.0,2,3,1,1,1,1,1,0,1,0,0,0,0,gratuito
4,0.0,0,0.0,1,4,1,1,0,0,1,0,0,0,1,1,1,gratuito
8,10000.0,2,1.0,2,1,1,0,0,1,0,0,0,0,0,0,0,medio_alto
2,75000.0,119,0.7394957983193278,1,3,1,0,0,0,1,1,1,0,0,0,0,medio_alto
3,75000.0,41,0.9024390243902439,10,2,1,0,0,0,0,1,1,0,0,0,0,medio_baixo
5,10000.0,19,0.631578947368421,2,4,1,0,0,0,1,1,0,1,0,0,1,baixo
1,10000.0,0,0.0,12,2,1,1,1,0,0,0,0,1,0,1,0,alto
5,10000.0,0,0.0,1,3,1,0,1,0,1,0,1,1,0,0,0,alto
1,0.0,0,0.0,2,3,1,0,0,0,1,0,0,1,0,1,0,medio_alto
1,10000.0,0,0.0,3,1,1,0,0,0,0,0,1,0,0,0,0,alto
2,0.0,0,0.0,1,3,1,0,0,0,1,0,1,0,0,0,0,gratuito
1,0.0,0,0.0,0,0,1,0,0,0,0,0,0,0,0,0,0,gratuito
6,10000.0,214,0.9439252336448598,1,1,1,0,0,0,1,0,0,0,0,0,0,baixo
6,10000.0,7,0.14285714285714285,1,3,1,0,0,0,1,0,0,1,0,0,1,medio_alto
19,1500000.0,14552,0.9483919736118747,1,1,1,0,0,0,0,1,0,0,0,0,0,medio_alto
1,10000.0,0,0.0,16,2,1,1,0,0,0,0,0,1,0,1,0,alto
3,35000.0,46,0.9782608695652174,1,3,1,0,1,0,1,1,0,0,0,0,1,alto
4,10000.0,8,0.875,1,6,1,0,0,0,1,1,1,1,1,0,0,gratuito
4,10000.0,3,1.0,1,4,1,0,0,0,1,0,0,1,0,0,1,medio_baixo
11,35000.0,174,0.9712643678160919,3,2,1,1,0,0,1,0,0,1,0,0,0,medio_baixo
5,10000.0,0,0.0,1,1,1,0,0,0,1,0,0,0,0,0,0,medio_baixo
4,10000.0,8,0.625,1,3,1,0,0,0,1,0,0,1,0,1,0,baixo
1,0.0,0,0.0,20,2,1,0,0,0,1,0,0,0,1,0,0,alto
1,0.0,0,0.0,1,3,1,0,0,0,1,0,1,0,0,0,1,medio_baixo
4,10000.0,11,0.8181818181818182,103,2,1,0,0,0,1,0,1,0,0,0,0,baixo
3,35000.0,92,0.7608695652173914,6,2,1,1,0,0,1,0,1,0,0,0,0,gratuito
4,350000.0,7446,0.9222401289282837,10,3,1,0,0,1,1,0,1,0,0,0,1,alto
1,10000.0,0,0.0,1,1,1,0,0,0,0,0,0,1,0,0,0,alto
6,10000.0,15,0.6666666666666666,1,3,1,0,0,0,1,1,1,0,0,0,0,alto
4,10000.0,3,0.6666666666666666,1,2,1,0,0,0,0,0,1,1,0,0,0,medio_alto
7,10000.0,81,0.654320987654321,7,2,1,0,0,0,0,1,1,0,0,0,0,medio_alto
3,0.0,0,0.0,1,3,1,1,0,1,1,0,0,1,0,0,0,gratuito
8,10000.0,13,0.38461538461538464,1,3,1,0,0,0,1,0,0,0,0,1,0,baixo
1,10000.0,0,0.0,2,2,1,1,0,0,1,1,0,0,0,0,0,alto
1,0.0,0,0.0,0,0,1,0,0,0,0,0,0,0,0,0,0,gratuito
2,10000.0,25,0.8,10,3,1,0,0,0,1,0,0,0,0,1,1,medio_alto
1,10000.0,1,1.0,1,2,1,0,0,0,0,0,0,1,0,1,0,baixo
4,35000.0,17,0.35294117647058826,1,3,1,0,0,0,1,1,1,0,0,0,0,baixo
1,10000.0,3,0.6666666666666666,2,2,1,0,0,0,1,0,0,0,0,1,0,medio_baixo
10,1500000.0,30431,0.9605336663271007,3,1,1,1,1,0,0,0,1,0,0,0,0,alto
10,10000.0,206,0.8786407766990292,6,3,1,0,0,0,1,1,0,0,0,0,0,alto
2,0.0,0,0.0,14,4,1,0,0,0,1,1,1,0,0,1,0,gratuito
1,0.0,0,0.0,0,0,1,0,0,0,0,0,0,0,0,0,0,gratuito
3,10000.0,51,0.9019607843137255,1,4,1,1,1,1,1,0,1,1,0,0,1,medio_baixo
10,10000.0,78,0.7692307692307693,1,6,1,0,0,6,1,1,1,1,0,0,0,gratuito
9,10000.0,5,0.8,2,3,1,0,0,0,1,1,1,0,0,0,0,medio_baixo
2,10000.0,4,1.0,1,3,1,0,0,0,1,0,1,1,0,0,0,alto
1,10000.0,0,0.0,13,2,1,0,0,0,1,0,1,0,0,0,0,medio_alto
3,10000.0,0,0.0,3,3,1,0,0,1,0,1,1,0,1,0,0,alto
6,10000.0,23,0.8695652173913043,1,3,1,0,0,0,1,1,0,0,0,0,0,gratuito
2,0.0,0,0.0,1,3,1,0,0,0,0,1,0,0,1,0,0,gratuito
1,0.0,0,0.0,103,2,1,0,0,2,1,0,0,1,0,0,0,baixo
5,10000.0,38,0.868421052631579,1,4,1,0,0,0,1,0,1,0,1,1,0,medio_baixo
2,10000.0,0,0.0,3,3,1,0,1,0,1,0,1,0,0,1,0,medio_alto
4,0.0,0,0.0,0,0,1,0,0,0,0,0,0,0,0,0,0,gratuito
8,10000.0,6,0.6666666666666666,1,2,1,0,0,0,1,1,0,0,0,0,0,medio_alto
11,150000.0,560,0.8946428571428572,1,2,1,1,1,0,1,0,0,0,0,1,0,medio_alto
8,10000.0,33,0.7878787878787878,1,4,1,0,0,0,1,0,0,1,0,1,1,medio_baixo
16,75000.0,291,0.6701030927835051,5,3,1,0,0,0,1,1,0,0,0,0,0,gratuito
3,35000.0,1,0.0,1,2,1,0,0,0,1,1,0,0,0,0,0,medio_alto
1,0.0,0,0.0,0,0,1,0,0,0,0,0,0,0,0,0,0,gratuito
3,10000.0,176,0.7784090909090909,6,0,1,0,0,1,0,0,0,0,0,0,0,medio_baixo
1,0.0,0,0.0,27,2,1,1,1,0,1,0,0,0,0,0,1,baixo
7,10000.0,6,0.6666666666666666,1,3,1,0,0,0,1,1,1,0,0,0,0,alto
3,10000.0,0,0.0,1,2,1,0,0,3,0,0,1,0,0,0,0,gratuito
2,10000.0,10,1.0,3,3,1,0,0,0,0,0,0,0,0,1,1,baixo
2,10000.0,9,1.0,2,3,1,0,0,0,1,0,1,1,0,0,0,medio_alto
5,10000.0,34,0.9117647058823529,2,5,1,1,0,0,1,1,1,0,1,0,0,medio_baixo
2,0.0,0,0.0,1,3,1,0,0,0,1,1,0,0,0,0,0,gratuito
8,10000.0,13,0.6153846153846154,1,2,1,0,0,0,0,0,0,0,0,0,0,gratuito
4,35000.0,1,1.0,1,2,1,0,0,0,0,0,1,1,0,0,0,medio_alto
4,10000.0,12,0.9166666666666666,5,4,1,0,0,0,1,0,0,1,1,1,0,alto
2,10000.0,51,0.7843137254901961,1,4,1,1,1,0,1,0,1,1,0,0,0,baixo
5,10000.0,30,0.9,1,4,1,0,0,0,1,0,1,1,0,0,0,gratuito
1,10000.0,5,1.0,1,2,1,0,0,0,1,0,0,1,0,0,0,baixo
2,10000.0,31,0.9032258064516129,4,4,1,1,0,0,1,0,0,1,1,1,0,medio_baixo
9,10000.0,52,0.9230769230769231,1,3,1,0,0,0,1,0,1,0,1,0,0,medio_alto
5,0.0,0,0.0,1,3,1,0,0,0,1,0,0,0,0,1,0,gratuito
6,75000.0,10,1.0,2,2,1,0,0,0,1,0,0,0,0,0,0,gratuito
3,10000.0,3,0.0,1,1,1,0,0,0,0,0,0,1,0,0,0,medio_baixo
5,10000.0,10,0.8,1,1,1,0,0,0,0,0,0,1,0,0,0,medio_baixo
3,10000.0,0,0.0,2,1,1,0,0,0,0,0,1,0,0,0,0,gratuito
2,10000.0,2,0.0,2,3,1,0,0,0,1,0,0,0,0,1,0,medio_alto
4,0.0,0,0.0,0,0,1,0,0,0,0,0,0,0,0,0,0,gratuito
9,10000.0,19,0.7894736842105263,1,4,1,0,0,0,1,1,0,1,0,0,1,baixo
7,35000.0,69,0.8405797101449275,1,4,1,0,0,1,1,0,0,1,0,1,0,gratuito
6,1500000.0,35069,0.7503207961447432,11,5,1,0,0,0,1,1,0,0,0,0,0,gratuito
1,10000.0,0,0.0,1,2,1,0,0,0,0,0,0,1,0,1,0,medio_baixo
2,10000.0,1,1.0,2,1,1,0,0,0,0,0,0,0,0,0,0,baixo
1,0.0,0,0.0,4,4,1,0,0,0,1,0,0,1,0,1,1,alto
1,10000.0,0,0.0,1,2,1,1,1,0,1,0,0,1,0,0,0,medio_alto
3,10000.0,5,1.0,2,2,1,0,0,0,0,1,1,0,0,0,0,medio_baixo
1,10000.0,0,0.0,3,3,1,0,0,0,1,1,0,0,1,0,0,alto
1,10000.0,0,0.0,3,2,1,0,0,0,1,0,0,1,0,0,0,medio_baixo
2,10000.0,4,0.25,1,1,1,0,0,0,1,0,0,0,0,0,0,medio_baixo
2,10000.0,0,0.0,1,2,1,0,0,0,1,0,0,1,0,0,0,baixo
3,10000.0,23,0.9130434782608695,5,1,1,1,0,0,0,0,0,0,0,0,1,alto
5,10000.0,22,0.5,1,2,1,0,0,0,1,0,1,0,0,0,0,gratuito
1,10000.0,0,0.0,1,3,1,0,1,0,1,0,1,1,0,0,0,medio_alto
4,10000.0,92,0.6630434782608695,1,5,1,1,1,0,1,0,0,1,1,1,1,baixo
7,10000.0,14,0.42857142857142855,1,6,1,0,0,0,1,1,1,1,0,0,1,gratuito
3,0.0,0,0.0,0,0,1,0,0,0,0,0,0,0,0,0,0,gratuito
2,0.0,0,0.0,0,0,1,0,0,0,0,0,0,0,0,0,0,gratuito
15,75000.0,490,0.3020408163265306,5,2,1,0,0,0,0,1,0,0,1,0,0,alto
8,10000.0,6,0.6666666666666666,1,2,1,0,0,0,1,0,0,0,0,1,0,medio_baixo
6,10000.0,0,0.0,1,2,1,0,0,0,1,0,0,0,1,0,0,medio_baixo
3,10000.0,11,0.5454545454545454,11,4,1,0,0,0,1,1,1,0,0,0,0,medio_alto
2,10000.0,1,1.0,1,2,1,0,0,0,0,1,0,0,0,0,0,medio_alto
2,75000.0,638,0.8871473354231975,9,3,1,0,0,3,1,1,1,0,0,0,0,alto
7,35000.0,81,0.6419753086419753,3,1,1,0,0,0,1,0,0,0,0,0,0,medio_baixo
4,10000.0,13,1.0,2,3,1,0,0,0,1,1,1,0,0,0,0,medio_alto
1,0.0,0,0.0,0,0,1,0,0,0,0,0,0,0,0,0,0,gratuito
2,10000.0,65,0.8615384615384616,1,3,1,1,1,1,1,1,1,0,0,0,0,alto
7,10000.0,2,0.5,1,1,1,0,0,0,1,0,0,0,0,0,0,baixo
13,35000.0,124,0.8145161290322581,1,2,1,1,1,0,1,0,0,0,0,1,0,alto
1,0.0,0,0.0,1,3,1,0,0,0,1,1,0,0,0,0,0,gratuito
3,10000.0,55,0.7818181818181819,3,2,1,0,0,0,1,0,0,0,1,0,0,alto
3,10000.0,0,0.0,1,2,1,0,0,0,0,0,1,1,0,0,0,alto
1,0.0,0,0.0,1,4,1,0,0,0,1,1,0,0,0,0,1,gratuito
1,0.0,0,0.0,2,4,1,0,0,0,1,1,1,0,0,1,0,medio_baixo
3,0.0,0,0.0,0,0,1,0,0,0,0,0,0,0,0,0,0,gratuito
2,35000.0,452,0.33185840707964603,10,3,1,0,0,0,1,1,0,0,0,0,1,medio_alto
3,0.0,0,0.0,1,3,1,0,1,0,1,1,0,1,0,0,0,gratuito
5,75000.0,93,0.6129032258064516,1,5,1,1,1,0,1,1,1,1,0,0,0,gratuito
1,0.0,0,0.0,27,2,1,1,1,0,1,0,0,0,0,0,1,baixo
10,35000.0,223,0.7399103139013453,11,3,1,0,0,0,0,0,0,1,0,1,1,gratuito
2,0.0,0,0.0,1,6,1,0,0,0,1,1,1,0,1,1,0,gratuito
1,0.0,0,0.0,0,0,1,0,0,0,0,0,0,0,0,0,0,gratuito
3,750000.0,31412,0.9498599261428753,18,2,1,0,0,3,0,0,0,0,0,1,1,alto
1,10000.0,6,1.0,11,3,1,0,0,0,1,0,1,1,0,0,0,baixo
4,0.0,0,0.0,2,1,1,0,0,0,0,0,0,0,0,0,1,gratuito
10,10000.0,57,0.6491228070175439,1,2,1,0,0,0,1,1,0,0,0,0,0,medio_baixo
10,3500000.0,126866,0.8775006699982659,12,1,1,0,0,5,0,1,0,0,0,0,0,medio_baixo
9,35000.0,45,0.7777777777777778,1,6,1,0,0,0,0,1,1,0,1,0,1,gratuito
1,10000.0,36,0.8888888888888888,9,2,1,0,0,0,1,0,0,1,0,0,0,medio_alto
1,10000.0,0,0.0,1,3,1,0,0,0,1,0,0,1,1,0,0,medio_alto
1,0.0,0,0.0,0,0,1,0,0,0,0,0,0,0,0,0,0,gratuito
8,10000.0,116,0.9224137931034483,9,3,1,0,0,0,1,0,0,1,0,0,0,medio_baixo
5,10000.0,19,0.9473684210526315,1,1,1,0,0,1,0,0,0,1,0,0,0,baixo
4,35000.0,16,1.0,1,4,1,0,0,0,1,0,0,1,0,0,1,medio_baixo
3,10000.0,56,0.5535714285714286,1,3,1,0,0,0,0,0,0,0,0,0,1,medio_baixo
3,35000.0,33,0.7272727272727273,1,4,1,0,0,0,1,1,1,0,0,0,0,alto
8,350000.0,6873,0.8159464571511712,1,3,1,1,1,0,1,0,0,0,0,0,1,gratuito
8,10000.0,15,0.4666666666666667,1,4,1,0,0,0,0,1,1,0,0,0,1,gratuito
3,0.0,0,0.0,1,2,1,0,0,0,1,0,0,1,0,0,0,gratuito
4,75000.0,8,0.75,1,3,1,1,1,0,1,0,0,1,0,1,0,baixo
1,10000.0,2,1.0,1,4,1,1,0,0,1,1,0,1,0,1,0,medio_baixo
1,0.0,0,0.0,0,0,1,0,0,0,0,0,0,0,0,0,0,gratuito
7,10000.0,260,0.33076923076923076,1,5,1,0,0,0,1,0,0,1,0,1,1,alto
3,1500000.0,43966,0.958172223991266,12,2,1,1,0,5,0,0,1,0,1,0,0,alto
10,75000.0,3514,0.7564029595902105,1,3,1,1,1,0,1,0,0,0,0,1,1,alto
2,10000.0,0,0.0,1,4,1,0,0,0,1,0,1,0,0,1,1,medio_alto
2,0.0,0,0.0,103,2,1,0,0,0,0,0,0,1,0,0,0,gratuito
4,35000.0,14,1.0,2,1,1,0,0,1,0,0,1,0,0,0,0,medio_baixo
4,350000.0,3,1.0,1,1,1,0,1,0,0,0,0,0,1,0,0,medio_alto
8,10000.0,59,0.711864406779661,103,3,1,0,0,0,1,0,1,0,0,0,1,baixo
1,0.0,0,0.0,0,0,1,0,0,0,0,0,0,0,0,0,0,gratuito
6,10000.0,15,0.8666666666666667,1,1,1,0,0,0,1,0,0,0,0,0,0,gratuito
2,10000.0,24,0.7916666666666666,1,2,1,0,0,0,0,1,0,0,0,0,0,gratuito
1,10000.0,6,1.0,6,3,1,0,0,0,1,0,1,0,0,0,1,baixo
13,3500000.0,40706,0.9502039011447944,9,1,1,0,0,0,0,1,0,0,0,0,0,medio_baixo
4,10000.0,0,0.0,5,3,1,0,0,0,1,0,0,1,0,1,0,medio_baixo
2,10000.0,10,1.0,1,1,1,0,0,0,0,1,0,0,0,0,0,baixo
1,150000.0,363,0.512396694214876,8,2,1,0,0,2,0,0,0,0,0,1,1,alto
1,0.0,0,0.0,0,0,1,0,0,0,0,0,0,0,0,0,0,gratuito
2,0.0,0,0.0,1,6,1,1,0,4,0,0,1,1,1,1,1,gratuito
5,35000.0,3,0.6666666666666666,2,6,1,0,0,0,1,1,1,1,1,1,0,medio_alto
3,10000.0,0,0.0,4,3,1,0,0,0,1,1,0,1,0,0,0,medio_baixo
8,1500000.0,46395,0.8984588856557819,19,1,1,0,0,0,0,0,0,0,0,1,0,medio_baixo
3,35000.0,3,1.0,1,3,1,0,0,0,0,1,0,1,0,0,0,medio_alto
2,0.0,0,0.0,0,0,1,0,0,0,0,0,0,0,0,0,0,gratuito
4,10000.0,6,1.0,1,2,1,0,0,1,1,0,1,0,0,0,0,medio_alto
1,10000.0,17,1.0,1,3,1,0,0,0,1,1,0,1,0,0,0,medio_baixo
3,10000.0,23,0.8695652173913043,1,4,1,0,0,3,1,1,1,0,1,0,0,baixo
12,7500000.0,151391,0.9263298346665257,4,4,1,0,0,11,1,0,0,0,0,0,1,medio_alto
6,10000.0,2,1.0,1,3,1,0,0,0,1,0,1,0,1,0,0,medio_baixo
3,10000.0,19,0.9473684210526315,25,3,1,0,0,0,1,1,0,1,0,0,0,baixo
9,10000.0,7,0.14285714285714285,2,3,1,0,0,0,0,0,1,1,0,1,0,alto
1,10000.0,0,0.0,1,1,1,0,0,0,1,0,0,0,0,0,0,medio_baixo
1,0.0,0,0.0,14,4,1,0,0,0,1,0,0,1,0,0,0,medio_baixo
4,10000.0,2,1.0,1,2,1,0,0,0,1,1,0,0,0,0,0,baixo
3,35000.0,605,0.8876033057851239,8,3,1,0,0,0,1,1,1,0,0,0,0,medio_alto
7,75000.0,64,0.53125,3,3,1,0,0,0,0,0,0,1,1,1,0,alto
2,35000.0,658,0.7507598784194529,6,6,1,0,0,1,1,0,1,1,1,1,1,alto
6,10000.0,1,1.0,11,1,1,0,0,0,0,0,0,1,0,0,0,medio_baixo
8,10000.0,0,0.0,1,2,1,0,0,0,0,0,0,1,0,0,0,medio_baixo
2,10000.0,1,0.0,2,3,1,0,0,0,1,0,0,1,0,1,0,medio_alto
9,75000.0,149,0.6174496644295302,1,4,1,0,0,0,0,1,0,0,0,0,1,medio_baixo
10,350000.0,7335,0.5730061349693252,4,1,1,0,0,37,0,0,0,0,0,0,1,alto
1,0.0,0,0.0,0,0,1,0,0,0,0,0,0,0,0,0,0,gratuito
2,0.0,0,0.0,1,6,1,0,0,0,1,0,0,1,0,0,1,gratuito
6,75000.0,271,0.8413284132841329,14,5,1,1,1,1,1,1,1,0,0,0,0,gratuito
9,10000.0,8,0.625,8,6,1,0,0,0,1,1,0,1,0,0,0,medio_alto
2,10000.0,1,1.0,5,3,1,0,0,0,1,1,0,1,0,0,0,medio_baixo
5,10000.0,5,0.8,1,1,1,0,0,0,0,1,0,0,0,0,0,baixo
6,10000.0,59,0.5932203389830508,1,3,1,0,0,0,1,1,0,0,0,0,1,alto
2,10000.0,19,0.7368421052631579,2,2,1,0,0,0,1,0,1,0,0,0,0,baixo
4,10000.0,6,1.0,1,3,1,0,0,0,1,0,1,1,0,0,0,baixo
2,10000.0,75,0.9066666666666666,2,1,1,0,0,0,1,0,0,0,0,0,0,medio_baixo
4,10000.0,15,0.6,1,2,1,0,0,0,1,0,0,1,0,0,0,baixo
2,10000.0,0,0.0,7,4,1,0,0,0,1,0,1,1,0,0,1,alto
3,10000.0,8,0.625,1,3,1,0,0,0,0,0,1,1,0,0,1,gratuito
3,10000.0,7,1.0,1,1,1,1,1,0,0,0,0,1,0,0,0,medio_baixo
5,10000.0,22,0.9545454545454546,2,4,1,0,0,0,1,1,1,0,1,0,0,medio_baixo
1,10000.0,0,0.0,9,4,1,0,0,0,1,0,0,1,0,1,1,medio_alto
2,10000.0,2,1.0,1,2,1,0,0,0,1,0,0,1,0,0,0,baixo
2,10000.0,2,1.0,1,4,1,0,0,0,1,1,1,0,1,0,0,medio_baixo
10,10000.0,15,0.8,6,4,1,1,0,0,1,1,1,0,1,0,0,medio_alto
3,10000.0,12,0.9166666666666666,1,4,1,1,0,0,1,0,1,1,1,0,0,medio_baixo
6,10000.0,5,0.8,1,1,1,0,0,0,0,1,0,0,0,0,0,baixo
5,0.0,0,0.0,0,0,1,0,0,0,0,0,0,0,0,0,0,gratuito
15,75000.0,255,0.7803921568627451,1,3,1,1,0,1,0,1,1,0,1,0,0,alto
3,10000.0,3,1.0,1,3,1,0,0,0,1,1,0,1,0,0,0,medio_alto
2,150000.0,1421,0.848698099929627,4,2,1,1,0,2,0,1,0,0,0,1,0,alto
1,0.0,0,0.0,1,4,1,0,0,0,0,1,1,0,0,0,0,gratuito
7,7500000.0,34416,0.6083217108321711,18,3,1,0,0,0,0,1,0,0,0,0,0,gratuito
3,10000.0,1,1.0,1,3,1,0,0,0,0,1,1,0,1,0,0,alto
5,10000.0,16,0.875,2,2,1,0,0,0,1,0,0,1,0,0,0,medio_alto
1,10000.0,0,0.0,2,3,1,0,0,0,1,0,0,1,0,1,0,medio_alto
1,10000.0,0,0.0,1,3,1,1,1,0,0,0,1,1,0,0,1,medio_alto
2,10000.0,1,0.0,2,3,1,0,0,0,1,0,1,1,0,0,0,baixo
12,75000.0,1148,0.6533101045296167,1,3,1,0,0,0,1,1,0,0,0,0,0,gratuito
6,10000.0,108,0.6481481481481481,1,4,1,0,0,0,1,0,0,1,1,0,1,baixo
7,10000.0,23,0.8260869565217391,1,2,1,0,0,0,1,1,0,0,0,0,0,gratuito
2,10000.0,4,0.5,1,3,1,0,0,0,1,1,0,1,0,0,0,baixo
3,10000.0,0,0.0,1,3,1,0,0,0,1,0,0,1,0,0,1,baixo
4,10000.0,168,0.9404761904761905,1,1,1,0,0,0,0,1,0,0,0,0,0,medio_baixo
5,1500000.0,33675,0.8402078693392725,12,2,1,1,1,0,1,0,0,1,0,0,0,medio_baixo
1,0.0,0,0.0,3,3,1,0,0,0,1,1,0,1,0,0,0,medio_alto
1,10000.0,0,0.0,2,3,1,0,0,0,1,1,0,1,0,0,0,medio_baixo
1,0.0,0,0.0,1,3,1,0,0,0,1,0,1,1,0,0,0,baixo
7,10000.0,0,0.0,8,2,1,0,0,0,1,0,0,1,0,0,0,baixo
12,10000.0,36,0.2777777777777778,27,3,1,0,0,0,1,0,1,1,0,0,0,alto
3,0.0,0,0.0,1,3,1,0,0,0,0,1,0,1,0,0,0,gratuito
10,35000.0,58,0.896551724137931,1,2,1,0,0,0,0,0,1,1,0,0,0,medio_alto
3,10000.0,39,0.7435897435897436,1,2,1,0,0,0,1,0,0,0,0,1,0,alto
11,150000.0,126,0.5079365079365079,1,4,1,1,1,0,1,0,0,1,1,0,1,medio_baixo
1,10000.0,0,0.0,15,1,1,0,0,0,0,0,0,0,0,0,1,baixo
2,0.0,0,0.0,1,3,1,0,0,0,0,0,0,0,1,1,0,gratuito
2,0.0,0,0.0,11,6,1,1,1,0,1,0,0,1,1,1,0,gratuito
1,0.0,0,0.0,2,1,1,0,0,0,0,0,1,0,0,0,0,alto
1,75000.0,2,0.5,1,3,1,0,0,0,1,1,0,0,1,0,0,medio_baixo
2,10000.0,13,0.7692307692307693,2,2,1,0,0,0,1,0,1,0,0,0,0,alto
11,10000.0,37,0.40540540540540543,1,1,1,0,0,0,0,0,0,1,0,0,0,medio_baixo
2,0.0,0,0.0,0,0,1,0,0,0,0,0,0,0,0,0,0,gratuito
1,0.0,0,0.0,6,2,1,0,0,0,1,0,0,1,0,0,0,medio_baixo
3,10000.0,0,0.0,1,4,1,0,0,0,1,0,1,1,0,0,1,alto
7,10000.0,4,0.5,1,3,1,0,0,1,1,0,0,1,1,0,0,alto
3,10000.0,2,1.0,10,4,1,1,0,0,1,0,0,1,0,1,0,baixo
4,10000.0,1,1.0,3,5,1,0,0,0,1,0,0,1,1,1,1,baixo
2,10000.0,31,0.8709677419354839,4,2,1,0,0,0,1,0,0,1,0,0,0,medio_alto
1,10000.0,0,0.0,1,4,1,0,0,0,1,1,1,0,1,0,0,medio_baixo
5,10000.0,7,0.5714285714285714,1,3,1,0,0,0,1,0,1,1,0,0,0,medio_baixo
3,10000.0,1,1.0,1,2,1,0,0,0,1,0,0,1,0,0,0,medio_baixo
4,0.0,0,0.0,0,0,1,0,0,0,0,0,0,0,0,0,0,gratuito
3,10000.0,0,0.0,1,5,1,0,1,0,1,1,0,1,0,0,1,alto
9,10000.0,38,0.6842105263157895,1,2,1,0,0,0,1,0,0,1,0,0,0,baixo
3,10000.0,0,0.0,2,3,1,0,0,0,0,0,0,1,1,0,0,baixo
1,10000.0,0,0.0,24,3,1,1,0,0,1,0,1,1,0,0,0,medio_alto
5,10000.0,0,0.0,5,5,1,1,0,0,1,0,0,1,0,1,1,alto
1,0.0,0,0.0,0,0,1,0,0,0,0,0,0,0,0,0,0,gratuito
3,10000.0,376,0.8297872340425532,10,2,1,0,1,0,1,0,1,0,0,0,0,medio_alto
2,10000.0,26,0.6923076923076923,10,3,1,0,0,0,1,1,1,0,0,0,0,medio_baixo
3,10000.0,41,0.975609756097561,1,3,1,1,1,1,1,1,1,0,0,0,0,medio_baixo
4,10000.0,3,1.0,1,2,1,0,0,1,1,0,0,0,0,1,0,alto
1,10000.0,3,1.0,1,5,1,0,0,0,1,1,1,0,0,0,0,medio_alto
3,10000.0,48,0.8958333333333334,3,3,1,0,0,0,1,0,1,0,0,0,1,medio_alto
2,10000.0,29,0.7931034482758621,7,3,1,0,1,0,1,1,1,0,0,0,0,medio_baixo
1,10000.0,0,0.0,1,2,1,0,0,0,0,0,1,0,0,1,0,medio_baixo
1,10000.0,2,1.0,1,5,1,0,0,0,0,1,1,1,1,0,0,medio_baixo
7,10000.0,316,0.5949367088607594,1,4,1,0,0,0,1,1,1,1,0,0,0,baixo
7,10000.0,2,0.5,1,5,1,0,0,0,1,1,0,1,0,0,1,alto
3,35000.0,48,0.9791666666666666,1,4,1,0,0,0,1,1,1,0,0,0,0,gratuito
6,10000.0,0,0.0,1,3,1,0,0,0,1,0,0,1,0,0,0,medio_alto
8,10000.0,12,0.8333333333333334,1,4,1,0,0,0,1,1,0,1,0,0,0,medio_alto
6,10000.0,28,0.9285714285714286,3,3,1,1,0,0,1,0,0,0,0,1,0,gratuito
2,0.0,0,0.0,0,0,1,0,0,0,0,0,0,0,0,0,0,gratuito
6,10000.0,5,0.0,1,1,1,0,0,1,1,0,0,0,0,0,0,baixo
9,10000.0,1,0.0,1,2,1,0,0,0,1,0,0,1,0,0,0,baixo
8,10000.0,5,0.8,18,2,1,0,0,0,0,1,1,0,0,0,0,medio_alto
1,0.0,0,0.0,0,0,1,0,0,0,0,0,0,0,0,0,0,gratuito
4,10000.0,6,0.5,1,1,1,0,0,0,0,0,0,0,0,0,1,baixo
11,10000.0,16,0.625,4,3,1,0,0,0,1,1,0,0,1,0,0,medio_baixo
5,10000.0,2,0.5,1,4,1,0,0,0,1,0,1,0,1,0,0,baixo
2,0.0,0,0.0,1,4,1,0,0,0,1,0,0,1,0,0,1,gratuito
1,10000.0,15,1.0,12,2,1,0,0,0,1,0,0,1,0,0,0,baixo
3,350000.0,10014,0.8492111044537647,10,2,1,0,0,2,0,0,0,0,0,1,1,alto
6,10000.0,2,0.0,1,3,1,0,0,0,1,0,0,1,0,1,0,medio_alto
5,0.0,0,0.0,0,0,1,0,0,0,0,0,0,0,0,0,0,gratuito
19,750000.0,7827,0.8917848473233678,5,1,1,0,0,0,0,1,0,0,0,0,0,gratuito
5,1500000.0,4,0.5,5,2,1,0,0,0,0,0,0,0,1,1,0,medio_baixo
1,0.0,0,0.0,1,3,1,0,1,0,1,0,1,1,0,0,0,baixo
2,10000.0,0,0.0,2,3,1,0,0,0,1,0,0,1,0,1,0,medio_alto
7,10000.0,0,0.0,1,2,1,0,0,0,0,1,0,0,0,0,1,medio_baixo
3,10000.0,58,0.8103448275862069,6,3,1,0,0,1,1,1,1,0,0,0,0,alto
5,10000.0,6,0.3333333333333333,0,1,1,0,0,0,1,0,0,0,0,0,0,alto
7,10000.0,32,0.9375,1,5,1,1,0,0,1,1,1,1,0,0,1,medio_baixo
5,10000.0,11,0.7272727272727273,1,3,1,0,0,0,1,1,0,1,0,0,0,alto
1,0.0,0,0.0,1,3,1,0,0,0,1,0,0,0,1,0,1,medio_alto
9,10000.0,30,0.9333333333333333,1,3,1,1,1,1,1,1,0,1,0,0,0,medio_baixo
8,10000.0,8,0.75,1,3,1,0,0,0,1,0,0,1,0,1,0,medio_baixo
2,0.0,0,0.0,1,6,1,0,0,0,1,0,0,1,1,1,1,gratuito
1,10000.0,0,0.0,1,3,1,0,0,0,1,0,1,1,0,0,0,baixo
8,10000.0,53,0.3018867924528302,1,2,1,0,0,1,0,1,1,0,0,0,0,baixo
7,10000.0,56,0.875,1,2,1,0,1,0,1,1,0,0,0,0,0,medio_alto
2,10000.0,31,0.7096774193548387,1,1,1,0,0,0,0,0,1,0,0,0,0,medio_alto
2,10000.0,21,0.7619047619047619,1,4,1,0,0,0,1,1,1,0,0,0,1,medio_alto
1,10000.0,5,0.2,3,5,1,0,0,0,1,1,0,1,0,1,0,medio_baixo
2,10000.0,1,1.0,1,4,1,1,0,0,1,0,1,1,1,0,0,medio_alto
1,75000.0,2,0.5,1,1,1,0,0,0,0,0,1,0,0,0,0,baixo
4,0.0,0,0.0,0,0,1,0,0,0,0,0,0,0,0,0,0,gratuito
2,35000.0,1,1.0,3,3,1,0,0,0,1,0,1,1,0,0,0,baixo
8,10000.0,12,0.5,1,4,1,0,0,0,1,1,1,0,0,1,0,baixo
6,10000.0,2,1.0,1,5,1,0,0,0,1,1,1,1,0,0,1,baixo
2,0.0,0,0.0,2,5,1,0,0,0,1,0,0,1,0,1,0,gratuito
8,10000.0,6,1.0,1,2,1,1,0,0,1,0,0,1,0,0,0,baixo
3,10000.0,11,1.0,1,4,1,0,0,0,1,1,0,1,0,0,0,baixo
10,150000.0,85,0.6588235294117647,4,6,1,1,0,0,1,1,1,1,1,1,0,baixo
3,10000.0,3,0.6666666666666666,18,4,1,1,0,1,1,0,0,0,0,1,1,alto
6,10000.0,42,0.7857142857142857,1,4,1,0,0,0,1,1,1,1,0,0,0,baixo
4,10000.0,1,0.0,29,1,1,0,0,0,1,0,0,0,0,0,0,baixo
5,10000.0,0,0.0,1,1,1,0,0,0,1,0,0,0,0,0,0,baixo
5,10000.0,6,0.3333333333333333,1,1,1,0,0,0,0,0,0,0,0,0,1,medio_alto
2,0.0,0,0.0,1,1,1,0,0,0,0,0,1,0,0,0,0,gratuito
4,0.0,0,0.0,0,0,1,0,0,0,0,0,0,0,0,0,0,gratuito
1,10000.0,0,0.0,9,4,1,0,0,0,1,1,1,0,1,0,0,alto
5,10000.0,1,0.0,1,2,1,0,0,0,0,0,0,1,0,1,0,baixo
2,35000.0,2,0.0,9,2,1,0,0,0,1,0,0,1,0,0,0,alto
1,0.0,0,0.0,0,0,1,0,0,0,0,0,0,0,0,0,0,gratuito
13,150000.0,426,0.676056338028169,7,1,1,1,1,0,0,1,0,0,0,0,0,medio_baixo
2,10000.0,765,0.9777777777777777,2,2,1,0,0,0,0,0,1,1,0,0,0,alto
8,35000.0,309,0.7281553398058253,11,3,1,0,0,2,1,1,1,0,0,0,0,medio_alto
9,35000.0,451,0.7605321507760532,5,1,1,0,0,0,0,1,0,0,0,0,0,alto
4,10000.0,0,0.0,3,3,1,0,0,0,0,0,1,0,1,1,0,gratuito
2,10000.0,4,1.0,18,3,1,0,0,0,1,1,0,1,0,0,0,baixo
4,10000.0,9,0.5555555555555556,1,2,1,0,0,0,0,0,0,1,0,0,1,medio_baixo
2,75000.0,73,1.0,2,2,1,0,0,1,1,0,1,0,0,0,0,medio_alto
3,10000.0,5,0.8,1,2,1,0,0,0,1,1,0,0,0,0,0,medio_baixo
3,10000.0,3,0.6666666666666666,1,5,1,0,0,0,1,1,0,0,0,0,1,medio_alto
4,10000.0,51,0.803921568627451,5,2,1,0,0,0,1,0,0,0,0,0,1,medio_alto
4,10000.0,9,0.8888888888888888,1,3,1,0,0,0,1,1,1,0,0,0,0,baixo
1,0.0,0,0.0,18,2,1,0,0,0,1,0,1,0,0,0,0,medio_alto
1,0.0,0,0.0,3,2,1,0,0,0,0,0,1,0,0,0,1,alto
8,10000.0,68,0.7794117647058824,1,2,1,0,0,0,1,1,0,0,0,0,0,alto
12,75000.0,587,0.6132879045996593,7,2,1,1,0,0,0,1,0,0,0,0,1,medio_baixo
5,10000.0,3,0.6666666666666666,1,4,1,0,1,0,1,1,1,0,0,1,0,medio_baixo
2,0.0,0,0.0,1,3,1,1,1,6,1,0,0,1,0,0,0,gratuito
2,10000.0,0,0.0,1,1,1,0,0,0,0,0,1,0,0,0,0,alto
7,35000.0,1,0.0,1,2,1,1,1,0,1,1,0,0,0,0,0,baixo
1,0.0,0,0.0,0,0,1,0,0,0,0,0,0,0,0,0,0,gratuito
2,10000.0,0,0.0,5,4,1,0,0,0,1,1,0,1,0,1,0,baixo
8,10000.0,137,0.948905109489051,1,1,1,1,1,0,1,0,0,0,0,0,0,baixo
3,10000.0,11,0.6363636363636364,1,6,1,0,0,0,1,1,1,1,1,0,0,alto
8,750000.0,6953,0.774342010642888,9,4,1,1,0,1,0,0,0,1,0,1,0,gratuito
8,10000.0,7,0.5714285714285714,1,1,1,0,0,0,1,0,0,0,0,0,0,baixo
5,10000.0,0,0.0,1,3,1,0,0,0,0,0,0,0,0,0,0,alto
11,350000.0,1047,0.5845272206303725,2,5,1,0,0,0,0,1,0,0,0,0,0,gratuito
7,150000.0,521,0.7677543186180422,1,3,1,0,0,0,1,0,0,1,0,0,0,gratuito
5,750000.0,18668,0.9344332547675166,10,4,1,0,0,2,1,1,1,0,1,0,0,medio_alto
1,10000.0,0,0.0,4,4,1,0,0,0,1,0,0,0,1,1,0,alto
4,10000.0,0,0.0,1,2,1,0,0,0,1,0,0,1,0,0,0,baixo
6,10000.0,11,0.9090909090909091,5,3,1,0,0,0,1,0,0,1,0,0,0,gratuito
4,10000.0,0,0.0,10,4,1,0,0,0,0,0,0,0,0,1,0,gratuito
3,10000.0,8,0.625,1,2,1,0,0,0,0,0,0,1,1,0,0,medio_alto
3,10000.0,62,0.8225806451612904,4,2,1,0,0,0,0,1,1,0,0,0,0,medio_baixo
3,0.0,0,0.0,0,0,1,0,0,0,0,0,0,0,0,0,0,gratuito
1,10000.0,0,0.0,1,3,1,1,0,0,1,0,0,1,0,0,1,medio_alto
4,10000.0,68,0.4411764705882353,2,3,1,0,0,0,0,0,1,0,1,1,0,medio_baixo
5,10000.0,27,1.0,1,3,1,1,1,1,1,0,0,1,0,0,1,alto
1,10000.0,0,0.0,2,3,1,0,0,0,1,0,0,1,0,0,0,alto
6,10000.0,170,0.9705882352941176,4,4,1,1,1,0,1,0,1,0,1,0,1,alto
5,350000.0,13,0.8461538461538461,1,1,1,0,0,0,0,1,0,0,0,0,0,baixo
4,35000.0,654,0.9418960244648318,12,4,1,0,0,0,1,0,0,0,0,0,1,medio_alto
5,10000.0,14,0.8571428571428571,1,2,1,0,0,0,0,1,1,0,0,0,0,medio_alto
8,10000.0,27,0.5925925925925926,2,5,1,1,0,0,1,0,1,1,0,1,0,medio_baixo
3,10000.0,5,0.6,1,3,1,0,0,0,1,1,0,0,1,0,0,baixo
2,10000.0,4,0.5,2,5,1,0,1,0,1,0,0,1,0,1,1,medio_baixo
4,10000.0,8,0.5,1,2,1,0,0,0,0,0,0,0,0,1,0,medio_baixo
8,35000.0,79,0.7088607594936709,1,3,1,0,0,1,1,0,0,1,0,0,1,gratuito
11,350000.0,903,0.6755260243632336,1,6,1,0,0,0,0,1,1,1,1,0,0,gratuito
5,35000.0,208,0.8125,13,2,1,0,0,1,1,0,0,1,0,0,0,baixo
3,10000.0,5,0.4,3,1,1,0,0,1,0,0,0,0,1,0,0,medio_alto
8,75000.0,392,0.5969387755102041,1,3,1,1,1,0,1,1,0,0,0,1,0,alto
1,0.0,0,0.0,1,4,1,1,1,0,1,0,1,1,0,0,0,gratuito
2,10000.0,0,0.0,1,4,1,0,0,0,1,1,1,0,1,0,0,medio_baixo
3,35000.0,29,0.6551724137931034,1,1,1,0,0,0,0,0,1,0,0,0,0,baixo
9,35000.0,137,0.6496350364963503,7,2,1,1,0,0,1,0,1,0,0,0,0,alto
1,10000.0,0,0.0,2,5,1,0,0,0,1,0,1,1,0,0,1,alto
5,10000.0,4,0.0,1,7,1,0,0,0,1,1,1,1,0,0,1,medio_alto
1,10000.0,19,0.9473684210526315,5,3,1,0,0,0,1,1,1,0,0,0,0,medio_baixo
11,75000.0,92,0.8586956521739131,5,2,1,0,0,0,0,0,1,1,0,0,0,alto
9,10000.0,14,0.35714285714285715,6,3,1,0,0,0,0,1,1,0,0,0,0,alto
4,10000.0,45,0.4444444444444444,8,2,1,0,0,0,1,0,0,0,0,0,1,alto
7,10000.0,6,0.8333333333333334,4,5,1,1,1,0,1,1,1,1,0,0,0,alto
4,35000.0,216,0.9768518518518519,2,4,1,0,0,0,1,0,1,0,0,0,0,gratuito
6,10000.0,3,0.0,1,2,1,0,0,0,1,0,0,1,0,0,0,baixo
6,35000.0,78,0.8974358974358975,1,5,1,0,0,1,1,1,1,0,0,0,1,gratuito
1,10000.0,6,0.3333333333333333,6,3,1,0,0,0,1,1,1,0,0,0,0,medio_alto
1,0.0,0,0.0,0,0,1,0,0,0,0,0,0,0,0,0,0,gratuito
6,10000.0,40,0.65,1,6,1,0,0,0,1,1,1,1,0,1,0,gratuito
2,10000.0,51,0.9411764705882353,2,2,1,0,0,0,0,0,0,0,1,1,0,medio_baixo
2,10000.0,9,0.3333333333333333,1,4,1,0,0,0,1,0,1,1,0,0,1,medio_alto
5,10000.0,142,0.6126760563380281,8,5,1,0,0,1,1,1,1,1,0,0,1,medio_alto
3,0.0,0,0.0,0,0,1,0,0,0,0,0,0,0,0,0,0,gratuito
1,0.0,0,0.0,16,1,1,0,0,0,0,0,0,0,0,0,1,medio_alto
2,0.0,0,0.0,1,3,1,1,0,0,1,1,0,0,0,0,0,gratuito
2,10000.0,10,0.7,1,3,1,0,0,0,0,1,1,1,0,0,0,alto
1,0.0,0,0.0,1,2,1,1,0,0,1,0,0,0,0,0,0,gratuito
1,10000.0,1,1.0,1,1,1,0,0,0,0,0,0,0,1,0,0,medio_baixo
2,10000.0,0,0.0,1,2,1,0,0,0,0,0,0,1,1,0,0,baixo
2,10000.0,13,1.0,3,3,1,0,0,0,1,1,0,1,0,0,0,medio_baixo
2,0.0,0,0.0,86,2,1,0,1,0,0,0,0,1,0,0,0,gratuito
10,35000.0,19,0.7368421052631579,1,3,1,0,0,0,1,0,0,0,0,0,1,gratuito
4,10000.0,0,0.0,2,5,1,0,0,0,1,0,1,0,1,0,1,alto
1,10000.0,6,0.6666666666666666,1,5,1,0,1,0,1,1,0,0,0,1,0,medio_baixo
7,10000.0,139,0.9424460431654677,29,2,1,0,0,0,1,0,0,1,0,0,0,baixo
6,10000.0,26,1.0,11,3,1,0,0,0,1,1,1,0,0,0,0,medio_alto
1,10000.0,0,0.0,18,4,1,0,0,0,1,0,0,1,0,1,0,baixo
2,10000.0,307,0.9641693811074918,10,3,1,0,0,5,1,0,0,1,0,0,1,alto
1,0.0,0,0.0,103,2,1,0,0,0,0,0,1,0,0,0,1,alto
5,35000.0,199,0.5678391959798995,1,3,1,1,0,1,1,0,1,0,1,0,0,alto
4,10000.0,44,0.9545454545454546,2,5,1,0,0,0,1,0,1,1,0,0,1,baixo
4,35000.0,147,0.7755102040816326,3,3,1,0,0,0,1,1,0,0,1,0,0,medio_alto
2,10000.0,7,0.42857142857142855,7,3,1,0,0,0,1,1,1,0,0,0,0,medio_alto
4,10000.0,37,0.9459459459459459,12,5,1,1,0,0,1,1,0,1,0,1,0,medio_baixo
10,10000.0,106,0.7924528301886793,1,3,1,0,0,0,1,1,0,0,1,0,0,alto
3,10000.0,75,0.68,11,3,1,0,1,1,1,0,0,0,0,1,1,baixo
6,10000.0,2,1.0,1,1,1,0,0,0,0,0,0,1,0,0,0,medio_alto
8,10000.0,16,0.9375,1,2,1,1,1,0,1,0,1,0,0,0,0,alto
9,10000.0,12,0.5833333333333334,1,2,1,1,1,0,1,1,0,0,0,0,0,medio_baixo
1,0.0,0,0.0,1,4,1,0,0,0,1,1,1,0,0,0,1,baixo
4,10000.0,16,0.5625,2,4,1,0,0,0,1,1,1,0,0,0,1,alto
4,10000.0,18,0.6111111111111112,13,2,1,0,0,0,1,0,1,0,0,0,0,alto
3,10000.0,1,1.0,1,2,1,0,0,0,0,0,1,0,1,0,0,baixo
9,150000.0,4047,0.8418581665431184,2,5,1,1,0,0,1,1,0,0,0,0,1,alto
3,10000.0,0,0.0,1,3,1,0,0,0,1,1,1,0,0,0,0,medio_baixo
8,10000.0,110,0.9,3,3,1,1,0,0,1,0,0,1,0,1,0,baixo
10,75000.0,949,0.8208640674394099,10,2,1,1,1,0,1,1,0,0,0,0,0,baixo
2,10000.0,9,0.6666666666666666,1,1,1,0,0,0,1,0,0,0,0,0,0,medio_alto
7,10000.0,3,0.3333333333333333,1,1,1,0,0,0,0,0,0,0,1,0,0,medio_baixo
1,0.0,0,0.0,1,4,1,0,0,0,1,0,0,1,0,0,1,medio_alto
2,10000.0,24,0.7083333333333334,2,4,1,0,1,0,1,1,1,0,0,0,0,gratuito
4,10000.0,7,1.0,1,1,1,0,0,0,0,0,1,0,0,0,0,medio_alto
1,0.0,0,0.0,0,0,1,0,0,0,0,0,0,0,0,0,0,gratuito
1,10000.0,21,1.0,1,1,1,0,0,0,0,0,0,0,1,0,0,medio_baixo
5,10000.0,14,0.9285714285714286,1,5,1,0,0,0,1,0,0,1,1,0,1,baixo
4,35000.0,54,0.8518518518518519,7,2,1,0,0,0,1,0,1,0,0,0,0,medio_alto
5,10000.0,8,0.875,2,4,1,0,0,0,1,0,0,1,0,1,0,medio_baixo
3,10000.0,44,0.7272727272727273,9,1,1,0,0,0,0,1,0,0,0,0,0,medio_baixo
12,350000.0,3673,0.8788456302749795,5,3,1,1,1,1,1,1,1,0,0,0,0,medio_alto
6,10000.0,13,1.0,1,4,1,0,0,0,1,1,1,1,0,0,0,medio_baixo
2,10000.0,1,1.0,1,3,1,0,0,0,1,1,0,0,0,0,0,medio_alto
2,35000.0,113,0.8672566371681416,3,2,1,0,0,0,0,0,1,1,0,0,0,alto
5,10000.0,0,0.0,1,2,1,0,0,0,0,1,0,0,0,0,0,gratuito
11,35000.0,808,0.9133663366336634,7,3,1,0,0,0,0,0,0,0,0,0,1,alto
3,10000.0,0,0.0,8,3,1,0,0,0,1,1,0,0,0,0,0,gratuito
1,0.0,0,0.0,0,0,1,0,0,0,0,0,0,0,0,0,0,gratuito
8,75000.0,364,0.7802197802197802,1,3,1,1,1,0,1,1,1,0,0,0,0,baixo
3,10000.0,0,0.0,1,2,1,0,0,0,1,0,0,1,0,0,0,baixo
1,0.0,0,0.0,3,3,1,0,0,0,1,1,0,1,0,0,0,alto
9,10000.0,6,0.6666666666666666,1,3,1,0,0,0,1,1,0,0,0,1,0,baixo
1,0.0,0,0.0,0,0,1,0,0,0,0,0,0,0,0,0,0,gratuito
1,10000.0,17,1.0,2,1,1,0,0,1,0,1,0,0,0,0,0,alto
20,35000.0,61,0.9016393442622951,1,1,1,0,0,0,0,0,0,1,0,0,0,gratuito
2,0.0,0,0.0,1,3,1,0,0,0,1,0,1,0,0,0,0,gratuito
6,10000.0,3,0.3333333333333333,1,3,1,0,0,0,1,1,0,1,0,0,0,baixo
11,150000.0,999,0.8998998998998999,2,2,1,0,0,0,1,1,0,0,0,0,0,baixo
5,10000.0,114,0.9298245614035088,2,3,1,0,0,0,1,1,1,0,0,0,0,medio_alto
1,0.0,0,0.0,0,0,1,0,0,0,0,0,0,0,0,0,0,gratuito
7,10000.0,12,0.8333333333333334,1,2,1,0,0,0,1,1,0,0,0,0,0,medio_alto
12,10000.0,2,0.0,1,2,1,0,0,0,0,1,0,0,0,1,0,medio_alto
2,0.0,0,0.0,0,0,1,0,0,0,0,0,0,0,0,0,0,gratuito
5,10000.0,2,1.0,1,3,1,1,1,0,1,1,0,1,0,0,0,alto
7,35000.0,115,0.9217391304347826,4,2,1,0,0,0,0,1,1,0,0,0,0,medio_alto
1,0.0,0,0.0,11,2,1,1,0,0,0,1,0,1,0,0,0,gratuito
2,10000.0,15,0.8666666666666667,1,2,1,0,0,0,1,0,0,1,0,0,0,medio_alto
6,35000.0,4,1.0,1,5,1,1,1,0,1,1,1,1,1,0,0,medio_alto
2,10000.0,18,0.9444444444444444,1,3,1,0,0,0,1,0,1,0,0,0,1,medio_baixo
1,0.0,0,0.0,0,0,1,0,0,0,0,0,0,0,0,0,0,gratuito
9,10000.0,70,0.3142857142857143,1,2,1,0,0,0,0,0,1,1,0,0,0,baixo
3,10000.0,5,1.0,2,3,1,0,0,0,1,1,1,0,0,0,0,medio_baixo
10,1500000.0,12748,0.9005334170065893,11,3,1,1,1,4,1,1,1,0,0,0,0,medio_alto
8,150000.0,591,0.8223350253807107,1,2,1,0,0,0,0,0,0,0,0,0,1,alto
3,0.0,0,0.0,1,3,1,1,0,0,0,0,0,1,0,0,0,gratuito
13,1500000.0,6380,0.7943573667711599,6,2,1,1,1,2,0,1,0,0,1,0,0,medio_alto
4,75000.0,329,0.8844984802431611,1,1,1,0,0,0,0,0,0,1,0,0,0,medio_baixo
1,10000.0,0,0.0,1,2,1,0,0,0,1,0,0,0,1,0,0,medio_alto
1,10000.0,0,0.0,14,2,1,1,1,1,0,0,1,0,0,0,1,alto
2,10000.0,0,0.0,8,4,1,0,0,0,1,0,1,1,0,0,1,baixo
3,35000.0,388,0.9871134020618557,2,2,1,0,0,0,1,1,0,0,0,0,0,medio_alto
1,10000.0,0,0.0,2,3,1,0,0,0,1,0,0,0,0,1,0,alto
2,10000.0,5,0.8,5,3,1,0,0,0,1,1,0,1,0,0,0,baixo
3,75000.0,828,0.9359903381642513,4,1,1,0,0,0,0,1,0,0,0,0,0,medio_baixo
5,10000.0,3,1.0,2,2,1,0,0,0,1,0,0,1,0,0,0,baixo
7,10000.0,0,0.0,4,3,1,0,0,0,1,1,1,0,0,0,0,baixo
7,10000.0,70,0.8,3,4,1,0,0,1,1,1,1,1,0,0,0,medio_baixo
3,10000.0,0,0.0,1,2,1,1,1,0,1,0,0,1,0,0,0,baixo
8,10000.0,315,0.9111111111111111,4,2,1,0,0,0,1,1,0,0,0,0,0,alto
11,10000.0,16,0.75,1,4,1,0,0,0,1,1,1,0,1,0,0,medio_alto
1,0.0,0,0.0,0,0,1,0,0,0,0,0,0,0,0,0,0,gratuito
8,35000.0,68,0.6323529411764706,1,3,1,0,0,0,1,0,0,0,0,0,0,gratuito
2,0.0,0,0.0,103,9,1,1,1,0,1,1,1,1,1,1,1,alto
4,10000.0,0,0.0,1,2,1,0,0,0,0,1,1,0,0,0,0,baixo
8,150000.0,2745,0.6987249544626594,5,5,1,1,0,1,1,1,1,0,1,0,0,alto
5,10000.0,5,1.0,1,5,1,0,0,0,1,0,0,1,0,0,1,gratuito
9,10000.0,19,0.2631578947368421,2,5,1,0,0,0,1,1,1,0,1,0,0,medio_alto
1,10000.0,12,1.0,5,2,1,0,0,0,1,0,0,1,0,0,0,baixo
9,10000.0,44,0.5,1,4,1,0,0,0,1,0,0,1,0,1,1,gratuito
3,10000.0,2,0.5,1,2,1,1,0,0,0,0,1,1,0,0,0,medio_alto
2,10000.0,3,1.0,1,4,1,0,0,0,1,0,1,1,1,0,0,medio_baixo
1,10000.0,1,1.0,2,2,1,1,1,0,0,0,0,0,0,0,0,alto
6,35000.0,64,0.96875,2,3,1,0,0,0,1,1,1,0,0,0,0,medio_baixo
2,10000.0,0,0.0,1,4,1,0,0,0,1,0,0,1,1,0,1,medio_baixo
8,10000.0,12,0.5833333333333334,13,2,1,0,0,0,1,0,0,1,0,0,0,baixo
4,10000.0,0,0.0,1,2,1,0,0,0,0,0,1,0,0,0,0,gratuito
6,10000.0,14,0.8571428571428571,3,5,1,0,0,0,1,1,1,1,0,0,0,gratuito
1,0.0,0,0.0,0,0,1,0,0,0,0,0,0,0,0,0,0,gratuito
1,10000.0,0,0.0,9,4,1,0,0,2,1,1,1,1,0,0,0,medio_alto
3,10000.0,396,0.8914141414141414,9,3,1,0,0,1,1,0,0,0,1,1,0,medio_alto
2,10000.0,4,0.25,1,4,1,0,0,0,1,0,1,0,1,0,0,baixo
11,10000.0,0,0.0,1,1,1,0,0,0,0,0,0,0,0,0,0,alto
2,10000.0,17,0.35294117647058826,3,3,1,0,0,0,1,0,0,1,0,0,1,alto
1,10000.0,0,0.0,9,6,1,0,0,0,1,1,0,1,0,0,1,alto
3,0.0,0,0.0,103,3,1,0,0,1,1,0,1,1,0,0,0,baixo
3,10000.0,1,0.0,1,5,1,0,0,0,1,0,0,1,0,1,1,alto
2,10000.0,2,0.5,1,2,1,0,0,0,0,0,1,0,0,0,0,gratuito
5,10000.0,12,0.8333333333333334,1,3,1,0,0,0,1,0,1,0,0,0,1,gratuito
2,0.0,0,0.0,10,7,1,0,0,0,1,0,1,1,1,1,1,gratuito
7,750000.0,18573,0.3699994615840198,1,3,1,0,0,0,1,0,1,0,1,0,0,alto
6,75000.0,10,0.5,1,1,1,0,0,0,0,1,0,0,0,0,0,baixo
4,350000.0,450,0.8577777777777778,2,1,1,1,0,0,0,0,0,0,0,1,0,baixo
7,35000.0,4,0.5,1,2,1,0,0,0,1,1,0,0,0,0,0,baixo
7,10000.0,67,0.8955223880597015,3,8,1,1,0,0,1,1,0,1,1,1,1,alto
1,0.0,0,0.0,2,3,1,0,0,0,1,0,0,0,0,0,0,gratuito
5,35000.0,375,0.768,10,5,1,0,0,0,0,1,1,0,1,1,0,alto
3,10000.0,249,0.9718875502008032,11,5,1,0,1,0,1,1,1,1,0,0,1,medio_baixo
5,10000.0,7,0.2857142857142857,1,3,1,0,0,0,1,0,0,1,0,1,0,baixo
4,150000.0,9,0.8888888888888888,1,3,1,0,0,1,1,1,1,0,0,0,0,medio_baixo
3,0.0,0,0.0,0,0,1,0,0,0,0,0,0,0,0,0,0,gratuito
1,0.0,0,0.0,1,1,1,0,0,0,0,0,1,0,0,0,0,baixo
10,35000.0,71,0.676056338028169,1,2,1,0,0,0,0,1,0,0,1,0,0,medio_alto
6,10000.0,1,1.0,1,2,1,1,0,0,1,0,0,1,0,0,0,baixo
3,10000.0,4,1.0,1,2,1,0,0,0,0,1,0,1,0,0,0,medio_alto
3,35000.0,13,0.9230769230769231,1,2,1,0,0,0,1,1,0,0,0,0,0,baixo
4,10000.0,5,0.4,2,1,1,0,0,0,0,1,0,0,0,0,0,medio_alto
1,0.0,0,0.0,1,3,1,0,0,0,1,1,0,0,0,0,0,gratuito
6,10000.0,164,0.9024390243902439,2,3,1,0,0,0,1,0,1,1,0,0,0,gratuito
3,0.0,0,0.0,103,9,1,1,1,0,1,1,1,1,1,1,1,alto
5,10000.0,5,1.0,1,3,1,0,0,0,1,1,0,0,1,0,0,alto
3,0.0,0,0.0,97,4,1,0,1,0,1,1,1,0,0,0,1,baixo
7,10000.0,25,0.44,2,2,1,0,0,0,1,0,1,0,0,0,0,medio_baixo
4,10000.0,5,0.6,16,1,1,0,0,0,0,0,0,0,0,0,1,gratuito
2,35000.0,246,0.7926829268292683,11,5,1,0,0,2,1,0,0,1,1,1,1,alto
1,0.0,0,0.0,6,2,1,0,0,0,1,1,0,0,0,0,0,medio_baixo
1,10000.0,0,0.0,1,2,1,0,0,0,1,0,0,1,0,0,0,medio_alto
11,10000.0,23,0.34782608695652173,2,3,1,0,0,0,0,0,0,1,0,0,1,baixo
5,35000.0,994,0.8993963782696177,1,2,1,0,0,0,0,0,0,0,1,0,1,alto
4,10000.0,0,0.0,3,3,1,1,1,0,1,0,0,0,1,0,0,gratuito
2,10000.0,172,0.7848837209302325,4,1,1,0,0,0,1,0,0,0,0,0,0,medio_baixo
9,75000.0,2095,0.9360381861575179,1,3,1,0,0,1,1,0,1,1,0,0,0,medio_baixo
8,10000.0,2,0.5,1,2,1,0,0,0,0,0,1,1,0,0,0,gratuito
3,0.0,0,0.0,5,5,1,0,0,1,1,0,1,1,0,0,1,gratuito
11,10000.0,47,0.7021276595744681,6,3,1,0,1,0,1,1,1,0,0,0,0,medio_baixo
4,10000.0,4,1.0,2,3,1,0,0,0,1,0,0,1,0,1,0,medio_alto
7,10000.0,26,0.6538461538461539,103,5,1,0,0,0,1,0,1,1,0,1,1,baixo
7,35000.0,24,0.875,1,4,1,0,0,0,1,1,1,1,0,0,0,alto
7,10000.0,4,1.0,1,2,1,0,0,0,1,0,0,1,0,0,0,baixo
1,10000.0,0,0.0,2,4,1,1,0,0,1,1,1,0,1,0,0,medio_baixo
1,10000.0,1,1.0,8,2,1,0,0,0,1,0,1,0,0,0,0,alto
1,10000.0,114,0.8070175438596491,3,3,1,0,0,1,1,0,0,1,1,0,0,alto
4,10000.0,11,0.9090909090909091,1,3,1,0,0,0,1,1,0,1,0,0,0,medio_alto
2,10000.0,2,0.5,3,1,1,0,0,0,0,0,1,0,0,0,0,medio_alto
4,35000.0,375,0.768,12,2,1,0,0,2,0,1,0,0,0,0,1,medio_baixo
5,10000.0,3,0.6666666666666666,1,3,1,0,0,1,0,1,1,0,1,0,0,baixo
2,10000.0,16,0.9375,2,1,1,0,0,1,0,0,1,0,0,0,0,alto
2,10000.0,146,0.7054794520547946,1,2,1,0,0,0,1,1,0,0,0,0,0,medio_alto
3,10000.0,0,0.0,1,3,1,1,1,0,1,0,0,1,0,0,1,baixo
1,10000.0,0,0.0,3,3,1,0,0,0,1,0,0,0,1,0,1,medio_alto
5,10000.0,1,1.0,1,3,1,0,1,0,0,1,0,1,0,0,0,medio_alto
6,10000.0,112,0.8660714285714286,9,6,1,0,0,0,1,1,0,1,0,0,1,baixo
4,0.0,0,0.0,0,0,1,0,0,0,0,0,0,0,0,0,0,gratuito
5,10000.0,48,0.9583333333333334,2,2,1,0,1,0,1,0,1,0,0,0,0,gratuito
3,10000.0,2,0.5,7,2,1,0,0,0,0,0,0,0,0,1,1,medio_alto
2,10000.0,480,0.9416666666666667,14,3,1,1,0,1,1,0,0,1,0,1,0,alto
1,10000.0,0,0.0,11,4,1,1,1,0,1,0,1,0,0,0,1,alto
1,0.0,0,0.0,1,3,1,0,0,0,1,0,1,0,0,0,0,gratuito
8,10000.0,14,0.6428571428571429,5,2,1,0,0,0,1,1,0,0,0,0,0,alto
1,10000.0,0,0.0,1,3,1,0,0,0,1,0,1,0,0,0,1,medio_alto
4,75000.0,259,0.9420849420849421,8,2,1,0,0,0,1,1,0,0,0,0,0,medio_alto
9,75000.0,328,0.8810975609756098,1,6,1,1,1,1,0,1,0,1,0,1,0,gratuito
8,10000.0,36,0.8611111111111112,6,5,1,0,0,0,1,1,1,1,0,1,0,baixo
2,35000.0,4,0.0,1,4,1,0,0,0,1,1,1,0,0,0,1,alto
9,10000.0,16,0.625,1,3,1,0,0,0,1,1,0,0,0,0,1,gratuito
2,10000.0,1,1.0,5,1,1,0,0,0,0,0,0,1,0,0,0,medio_baixo
4,10000.0,1,1.0,1,5,1,0,0,0,1,0,0,1,0,1,1,medio_baixo
1,10000.0,0,0.0,3,7,1,0,0,0,0,1,1,1,1,1,0,gratuito
3,10000.0,35,0.9142857142857143,1,3,1,0,0,0,1,1,1,0,0,0,0,alto
9,10000.0,9,1.0,1,2,1,1,0,0,1,1,0,0,0,0,0,alto
6,10000.0,18,1.0,13,2,1,0,0,0,1,0,0,1,0,0,0,medio_alto
7,35000.0,265,0.8528301886792453,3,1,1,1,1,1,0,0,1,0,0,0,0,alto
2,10000.0,0,0.0,1,3,1,1,1,0,1,0,1,1,0,0,0,baixo
6,10000.0,21,0.8571428571428571,1,6,1,0,0,0,1,1,0,1,0,0,0,baixo
3,0.0,0,0.0,0,0,1,0,0,0,0,0,0,0,0,0,0,gratuito
7,10000.0,1,1.0,1,3,1,0,0,0,1,1,0,1,0,0,0,alto
3,10000.0,1,1.0,1,3,1,0,0,0,1,0,1,1,0,0,0,baixo
2,10000.0,7,1.0,1,3,1,0,0,0,1,1,1,0,0,0,0,alto
9,35000.0,299,0.7424749163879598,1,4,1,0,0,0,1,1,1,0,0,0,0,alto
4,10000.0,33,0.45454545454545453,9,3,1,0,0,0,1,1,0,0,0,1,0,baixo
10,10000.0,73,0.9041095890410958,1,2,1,1,1,1,1,1,0,0,0,0,0,gratuito
1,10000.0,0,0.0,1,3,1,1,1,0,1,1,1,0,0,0,0,medio_alto
6,10000.0,58,0.4827586206896552,2,3,1,0,0,0,1,0,0,0,0,1,1,medio_alto
1,10000.0,3,1.0,1,1,1,0,0,0,0,0,0,0,0,0,1,medio_alto
2,0.0,0,0.0,103,2,1,0,0,0,1,0,0,1,0,0,0,baixo
3,10000.0,0,0.0,1,3,1,1,1,0,1,0,0,1,0,0,1,baixo
2,10000.0,4,1.0,1,4,1,0,0,0,1,1,0,1,0,1,0,alto
1,0.0,0,0.0,0,0,1,0,0,0,0,0,0,0,0,0,0,gratuito
6,10000.0,13,0.7692307692307693,8,2,1,0,0,0,0,0,0,1,0,0,1,alto
1,35000.0,954,0.8867924528301887,9,2,1,0,0,0,1,1,0,0,0,0,0,alto
1,10000.0,47,0.9574468085106383,1,4,1,0,0,0,1,0,1,0,1,1,0,alto
8,10000.0,72,0.5277777777777778,2,4,1,0,0,0,1,0,1,1,1,0,0,baixo
10,350000.0,841,0.7942925089179548,4,3,1,0,0,1,1,1,1,0,0,0,0,baixo
5,10000.0,29,0.9655172413793104,3,4,1,1,1,0,1,1,1,1,0,0,0,baixo
1,10000.0,1,0.0,2,2,1,0,0,0,1,0,1,0,0,0,0,medio_alto
9,10000.0,178,0.9550561797752809,5,2,1,0,0,0,1,0,0,1,0,0,0,medio_baixo
3,35000.0,10,1.0,3,3,1,1,0,0,1,1,0,0,0,0,0,medio_alto
10,35000.0,42,0.6428571428571429,1,3,1,1,0,2,1,0,1,1,0,0,0,medio_baixo
4,10000.0,1,1.0,1,5,1,0,0,0,1,0,1,0,1,0,1,medio_alto
10,10000.0,62,0.6612903225806451,1,1,1,0,0,0,0,0,0,0,0,0,1,medio_baixo
2,10000.0,22,0.9545454545454546,9,2,1,0,0,0,0,1,0,1,0,0,0,baixo
2,10000.0,117,0.8290598290598291,11,6,1,0,0,0,1,1,0,1,0,1,1,medio_alto
4,10000.0,1,0.0,1,4,1,0,0,0,1,1,0,1,0,1,0,baixo
3,10000.0,13,1.0,1,2,1,0,0,0,1,1,0,0,0,0,0,medio_alto
2,0.0,0,0.0,1,4,1,0,0,0,1,0,0,1,0,0,0,gratuito
10,35000.0,79,0.6075949367088608,4,3,1,0,0,0,0,0,0,0,0,1,0,gratuito
1,0.0,0,0.0,2,3,1,0,0,0,0,1,1,0,0,0,0,medio_alto
5,0.0,0,0.0,0,0,1,0,0,0,0,0,0,0,0,0,0,gratuito
4,10000.0,55,0.7818181818181819,3,3,1,0,0,0,1,0,1,0,1,0,0,medio_alto
4,10000.0,207,0.6763285024154589,18,2,1,0,0,2,0,0,0,0,0,0,1,alto
4,10000.0,45,0.7777777777777778,29,2,1,0,0,0,1,0,0,1,0,0,0,baixo
4,10000.0,282,0.5957446808510638,11,3,1,0,0,1,0,0,0,0,0,0,1,medio_baixo
1,0.0,0,0.0,0,0,1,0,0,0,0,0,0,0,0,0,0,gratuito
5,10000.0,8,1.0,1,4,1,0,0,1,1,1,1,0,0,0,0,gratuito
4,10000.0,17,1.0,1,3,1,0,0,0,1,0,0,1,0,0,1,baixo
4,10000.0,15,0.8666666666666667,1,4,1,0,0,0,1,1,0,1,0,0,1,baixo
2,35000.0,3,1.0,1,4,1,0,0,0,1,1,0,1,0,1,0,medio_baixo
3,0.0,0,0.0,1,3,1,0,0,0,1,1,0,0,0,0,0,gratuito
13,150000.0,612,0.6568627450980392,1,1,1,0,0,0,0,0,0,0,1,0,0,baixo
10,10000.0,246,0.44715447154471544,2,5,1,1,1,0,1,1,1,0,0,0,1,baixo
1,10000.0,0,0.0,1,3,1,0,0,0,1,0,0,1,0,1,0,medio_alto
2,75000.0,1333,0.5633908477119279,7,3,1,0,0,2,0,1,1,0,1,0,0,medio_alto
1,0.0,0,0.0,0,0,1,0,0,0,0,0,0,0,0,0,0,gratuito
7,10000.0,12,0.8333333333333334,2,4,1,0,0,0,1,1,1,0,0,1,0,baixo
1,0.0,0,0.0,1,1,1,0,0,0,0,0,0,0,0,1,0,medio_baixo
4,10000.0,33,0.7575757575757576,1,1,1,0,0,0,0,0,0,0,1,0,0,medio_alto
1,10000.0,0,0.0,8,1,1,0,0,1,0,0,1,0,0,0,0,alto
8,10000.0,20,0.3,1,2,1,0,0,0,0,0,0,0,0,1,1,gratuito
6,10000.0,18,0.5555555555555556,1,4,1,0,0,0,1,1,1,1,0,0,0,medio_alto
10,10000.0,14,0.14285714285714285,1,2,1,0,0,0,0,0,1,1,0,0,0,medio_alto
5,10000.0,4,0.0,1,1,1,0,0,0,0,0,0,0,0,0,1,medio_baixo
2,10000.0,136,0.9852941176470589,12,2,1,0,0,1,1,0,0,1,0,0,0,baixo
4,10000.0,0,0.0,2,3,1,1,0,1,1,0,1,0,0,0,0,gratuito
1,10000.0,0,0.0,1,1,1,0,0,0,0,0,0,1,0,0,0,medio_baixo
2,10000.0,12,1.0,5,1,1,0,1,0,0,0,0,0,0,1,0,medio_baixo
1,10000.0,0,0.0,1,3,1,1,0,0,1,1,0,1,0,0,0,medio_baixo
5,10000.0,11,0.7272727272727273,2,3,1,0,0,0,1,1,1,0,0,0,0,alto
3,10000.0,9,0.4444444444444444,2,3,1,0,0,0,1,0,0,1,0,0,0,gratuito
7,10000.0,1,0.0,1,4,1,0,0,1,1,1,0,1,0,0,0,medio_baixo
7,10000.0,74,0.9459459459459459,13,2,1,0,0,0,0,0,1,1,0,0,0,medio_alto
12,75000.0,738,0.8265582655826558,1,3,1,1,1,0,1,1,1,0,0,0,0,medio_baixo
5,10000.0,23,0.782608695652174,1,3,1,0,0,0,1,0,0,1,0,0,0,alto
4,75000.0,534,0.7340823970037453,3,1,1,0,0,1,0,0,0,1,0,0,0,medio_baixo
3,10000.0,0,0.0,5,3,1,0,0,1,1,0,0,1,0,0,0,gratuito
4,10000.0,92,0.7065217391304348,4,2,1,0,0,0,1,0,0,1,0,0,0,medio_baixo
11,10000.0,3,1.0,1,2,1,1,1,0,1,0,0,0,0,0,0,medio_alto
1,0.0,0,0.0,1,2,1,0,0,0,0,1,1,0,0,0,0,medio_baixo
4,0.0,0,0.0,0,0,1,0,0,0,0,0,0,0,0,0,0,gratuito
4,0.0,0,0.0,0,0,1,0,0,0,0,0,0,0,0,0,0,gratuito
10,10000.0,44,0.6363636363636364,1,3,1,1,1,0,1,1,0,0,1,0,0,medio_baixo
3,150000.0,1412,0.9164305949008499,5,5,1,0,0,0,1,0,1,1,1,0,1,alto
11,35000.0,39,0.3333333333333333,1,3,1,0,0,0,1,0,0,0,0,1,1,alto
17,75000.0,182,0.7417582417582418,2,2,1,0,0,0,0,0,0,0,1,1,0,baixo
9,35000.0,118,0.576271186440678,2,2,1,1,1,0,1,0,0,0,0,0,1,baixo
11,75000.0,495,0.7111111111111111,4,4,1,1,1,0,1,0,0,1,1,1,0,medio_baixo
1,0.0,0,0.0,1,4,1,1,0,0,1,0,1,0,0,0,0,gratuito
10,10000.0,44,0.7272727272727273,1,3,1,0,0,0,1,0,0,1,0,0,0,medio_alto
6,150000.0,1364,0.8863636363636364,4,3,1,0,0,1,1,0,1,0,0,0,1,baixo
2,10000.0,59,0.9152542372881356,1,2,1,0,0,0,0,1,1,0,0,0,0,medio_baixo
1,10000.0,0,0.0,1,4,1,1,1,0,1,0,0,1,0,1,0,medio_baixo
2,10000.0,10,0.7,1,3,1,0,0,2,1,1,0,0,0,0,0,gratuito
2,10000.0,7,0.8571428571428571,3,1,1,0,0,0,0,1,0,0,0,0,0,medio_baixo
6,10000.0,6,0.3333333333333333,1,2,1,0,0,0,0,0,0,0,0,1,1,medio_baixo
11,10000.0,76,0.6447368421052632,6,4,1,0,1,0,0,0,1,0,1,1,1,medio_alto
4,10000.0,5,0.8,5,3,1,0,0,0,1,1,1,0,0,0,0,medio_alto
5,10000.0,11,0.5454545454545454,1,3,1,0,0,0,1,1,1,0,0,0,0,baixo
2,10000.0,4,1.0,1,3,1,0,0,0,1,0,0,1,0,0,0,alto
1,0.0,0,0.0,29,2,1,1,0,0,0,0,0,0,0,0,1,alto
3,10000.0,9,0.8888888888888888,1,3,1,0,0,0,1,0,0,1,0,0,0,gratuito
1,10000.0,0,0.0,9,3,1,0,0,0,1,1,1,0,0,0,0,baixo
1,10000.0,4,0.25,1,3,1,0,0,0,1,0,0,0,0,1,1,alto
5,35000.0,18,0.7777777777777778,1,2,1,0,0,0,1,1,0,0,0,0,0,gratuito
2,10000.0,23,1.0,1,3,1,0,0,0,1,1,0,0,0,0,0,alto
2,0.0,0,0.0,0,0,1,0,0,0,0,0,0,0,0,0,0,gratuito
2,10000.0,92,0.782608695652174,4,3,1,0,0,0,1,0,1,0,0,0,1,alto
2,10000.0,4,1.0,1,4,1,0,0,0,1,0,1,1,0,1,0,baixo
3,10000.0,58,0.9310344827586207,3,5,1,0,0,0,1,1,1,1,1,0,0,medio_alto
3,0.0,0,0.0,0,0,1,0,0,0,0,0,0,0,0,0,0,gratuito
8,10000.0,13,0.6923076923076923,4,2,1,0,0,0,1,1,0,0,0,0,0,alto
5,10000.0,9,0.8888888888888888,1,2,1,0,0,0,0,0,0,0,0,0,0,medio_alto
5,10000.0,29,0.8620689655172413,17,4,1,1,0,0,1,0,1,1,0,0,0,gratuito
3,10000.0,21,1.0,1,5,1,0,0,0,1,1,0,0,0,0,1,baixo
6,10000.0,6,0.5,2,2,1,0,0,0,1,0,1,0,0,0,0,medio_baixo
3,10000.0,19,1.0,1,5,1,0,0,0,1,1,0,1,0,1,0,medio_alto
1,10000.0,0,0.0,3,2,1,0,0,0,1,0,0,0,0,0,1,medio_alto
1,10000.0,403,0.9354838709677419,2,3,1,0,0,0,1,0,1,0,0,0,1,alto
6,1500000.0,10895,0.9718219366681964,11,2,1,0,0,0,1,1,0,0,0,0,0,baixo
3,0.0,0,0.0,103,3,1,1,1,0,1,0,0,1,0,0,1,baixo
8,10000.0,2,0.5,1,3,1,0,0,0,1,1,0,1,0,0,0,medio_baixo
7,10000.0,7,0.7142857142857143,3,4,1,0,0,0,1,0,0,1,0,1,1,medio_alto
2,75000.0,7,0.8571428571428571,1,1,1,0,0,0,0,0,0,0,0,0,1,baixo
5,35000.0,1,0.0,1,3,1,0,1,0,1,0,0,0,0,1,1,medio_alto
4,10000.0,42,0.6904761904761905,2,5,1,0,0,0,1,0,1,0,1,1,0,alto
3,10000.0,2,0.0,1,7,1,0,0,0,1,1,1,1,1,0,1,alto
5,10000.0,12,1.0,1,5,1,0,0,0,1,1,1,1,0,0,0,baixo
10,35000.0,66,0.4090909090909091,1,2,1,0,0,0,1,1,0,0,0,0,0,medio_baixo
2,35000.0,353,0.7762039660056658,28,7,1,0,0,5,1,1,1,0,0,0,1,medio_alto
1,10000.0,0,0.0,1,6,1,0,0,0,1,0,1,1,0,0,1,medio_baixo
3,10000.0,22,0.9090909090909091,1,4,1,0,0,0,1,1,1,0,0,0,0,medio_alto
8,35000.0,69,0.8260869565217391,10,4,1,0,0,0,1,1,1,1,0,0,0,baixo
4,75000.0,157,0.9490445859872612,1,2,1,0,1,0,1,0,1,0,0,0,0,medio_alto
5,10000.0,87,0.7586206896551724,1,1,1,1,1,1,0,0,0,0,1,0,0,medio_baixo
7,35000.0,616,0.922077922077922,1,2,1,0,0,0,1,0,0,1,0,0,0,medio_alto
10,10000.0,16,0.8125,1,4,1,1,1,0,1,1,0,1,1,0,0,gratuito
2,10000.0,1,1.0,1,3,1,0,0,0,0,1,1,0,1,0,0,medio_baixo
7,350000.0,1996,0.906312625250501,1,3,1,0,0,0,1,0,1,0,0,1,0,gratuito
1,10000.0,0,0.0,1,3,1,0,0,0,1,0,0,1,0,0,1,baixo
1,10000.0,0,0.0,7,3,1,0,0,0,0,1,1,0,0,0,0,alto
4,75000.0,872,0.7259174311926605,7,3,1,0,0,2,1,0,0,0,0,1,1,medio_alto
1,0.0,0,0.0,0,0,1,0,0,0,0,0,0,0,0,0,0,gratuito
5,0.0,0,0.0,1,5,1,0,0,0,1,1,0,1,0,1,0,gratuito
3,10000.0,121,0.9669421487603306,2,3,1,0,0,2,1,0,1,1,0,0,0,baixo
4,0.0,0,0.0,0,0,1,0,0,0,0,0,0,0,0,0,0,gratuito
11,1500000.0,6651,0.9233198015336039,1,6,1,1,1,1,1,1,1,0,1,0,1,gratuito
7,10000.0,2,0.0,1,1,1,0,0,0,0,1,0,0,0,0,0,baixo
8,150000.0,506,0.7529644268774703,1,5,1,1,0,1,1,1,1,1,0,0,1,gratuito
4,35000.0,1,1.0,1,5,1,0,0,0,1,0,1,1,1,0,0,medio_alto
3,10000.0,5,0.6,1,3,1,0,0,0,1,1,1,0,0,0,0,medio_baixo
9,75000.0,78,0.782051282051282,1,3,1,0,0,0,1,1,0,1,0,0,0,medio_baixo
2,10000.0,1,0.0,1,3,1,1,1,0,1,1,0,1,0,0,0,medio_alto
1,10000.0,66,0.9393939393939394,3,2,1,0,0,0,1,1,0,0,0,0,0,medio_alto
1,10000.0,0,0.0,1,3,1,0,0,0,1,1,1,0,0,0,0,alto
6,10000.0,23,0.8260869565217391,1,3,1,0,0,0,1,1,1,0,0,0,0,alto
8,10000.0,15,0.26666666666666666,3,3,1,0,0,0,1,0,1,0,1,0,0,baixo
1,0.0,0,0.0,45,4,1,0,0,0,0,0,0,0,0,0,0,medio_baixo
5,35000.0,3,0.6666666666666666,2,4,1,0,0,3,0,0,1,0,1,1,1,alto
6,750000.0,5622,0.9423692636072573,1,1,1,0,0,2,0,1,0,0,0,0,0,gratuito
5,10000.0,56,0.5892857142857143,6,4,1,0,0,0,1,1,0,1,0,1,0,baixo
1,10000.0,0,0.0,1,3,1,1,1,2,1,0,0,0,1,0,1,alto
1,10000.0,0,0.0,2,3,1,0,0,0,1,0,1,0,1,0,0,alto
6,10000.0,72,0.8472222222222222,1,2,1,0,0,0,0,0,0,0,0,1,1,alto
3,10000.0,20,0.5,103,9,1,1,1,0,1,1,1,1,1,1,1,alto
3,10000.0,0,0.0,1,3,1,0,0,0,0,0,1,1,0,1,0,alto
1,10000.0,37,1.0,1,4,1,0,0,0,1,0,1,0,1,0,1,medio_baixo
2,10000.0,11,0.9090909090909091,10,2,1,0,0,0,1,1,0,0,0,0,0,medio_alto
1,0.0,0,0.0,11,1,1,0,0,0,0,0,0,0,0,1,0,alto
1,0.0,0,0.0,2,7,1,0,0,0,0,1,1,1,1,1,1,gratuito
11,75000.0,227,0.47577092511013214,2,1,1,0,0,0,0,0,1,0,0,0,0,medio_baixo
4,75000.0,51,0.9607843137254902,1,3,1,0,0,0,1,1,1,0,0,0,0,medio_baixo
7,35000.0,3,0.0,1,2,1,0,0,0,1,0,0,1,0,0,0,baixo
4,10000.0,5,1.0,2,3,1,0,1,0,1,1,0,1,0,0,0,medio_alto
6,150000.0,92,0.5978260869565217,7,6,1,0,0,1,1,1,1,0,1,1,1,alto
1,0.0,0,0.0,0,0,1,0,0,0,0,0,0,0,0,0,0,gratuito
2,10000.0,8,0.875,1,6,1,0,0,0,1,1,1,1,0,0,0,medio_baixo
7,10000.0,3,1.0,29,2,1,0,0,0,1,1,0,0,0,0,0,medio_baixo
1,10000.0,0,0.0,1,3,1,0,0,0,0,1,0,1,1,0,0,medio_baixo
9,10000.0,28,0.32142857142857145,1,4,1,1,0,0,1,0,1,0,1,1,0,alto
2,10000.0,6,0.3333333333333333,1,3,1,0,0,0,1,0,0,1,0,0,1,medio_baixo
1,10000.0,0,0.0,6,4,1,0,0,0,1,0,1,1,1,0,0,alto
1,10000.0,0,0.0,2,2,1,0,0,1,1,1,0,0,0,0,0,medio_baixo
3,10000.0,2,1.0,1,3,1,0,0,0,1,0,0,0,0,1,0,medio_baixo
5,10000.0,3,1.0,1,4,1,0,0,0,0,1,1,0,1,1,0,baixo
9,10000.0,1,0.0,1,1,1,0,0,0,0,0,0,0,1,0,0,medio_alto
5,10000.0,0,0.0,1,2,1,0,1,0,1,0,0,1,0,0,0,medio_alto
10,10000.0,17,0.6470588235294118,1,3,1,0,0,0,1,1,0,1,0,0,0,medio_baixo
1,0.0,0,0.0,1,4,1,0,0,0,1,0,1,1,0,0,1,baixo
2,10000.0,28,1.0,1,1,1,0,1,0,0,0,0,0,0,0,1,alto
2,10000.0,0,0.0,3,3,1,0,0,0,1,0,0,1,0,0,0,medio_alto
4,0.0,0,0.0,1,2,1,0,0,1,0,0,0,1,0,0,0,gratuito
4,0.0,0,0.0,0,0,1,0,0,0,0,0,0,0,0,0,0,gratuito
2,10000.0,1,1.0,7,2,1,0,0,0,1,0,0,1,0,0,0,medio_alto
1,10000.0,0,0.0,1,2,1,0,0,0,0,0,1,1,0,0,0,medio_alto
2,10000.0,21,0.7142857142857143,1,2,1,1,0,0,1,1,0,0,0,0,0,medio_baixo
3,10000.0,23,0.9130434782608695,5,4,1,0,0,0,1,0,0,1,0,1,1,medio_alto
1,10000.0,16,0.75,1,1,1,0,0,0,0,0,1,0,0,0,0,alto
3,10000.0,7,1.0,1,3,1,0,0,0,1,1,1,0,0,0,0,medio_alto
6,10000.0,18,0.7222222222222222,1,1,1,0,0,0,1,0,0,0,0,0,0,alto
3,0.0,0,0.0,0,0,1,0,0,0,0,0,0,0,0,0,0,gratuito
2,150000.0,181,0.8784530386740331,5,3,1,0,1,0,1,0,0,0,0,0,1,alto
2,10000.0,1,1.0,2,3,1,0,0,0,1,0,0,1,0,1,0,baixo
5,10000.0,14,0.8571428571428571,8,1,1,1,0,0,0,0,0,1,0,0,0,medio_baixo
1,10000.0,0,0.0,1,4,1,0,0,0,1,0,1,1,1,0,0,baixo
6,35000.0,856,0.7570093457943925,8,5,1,0,0,1,1,1,1,0,0,0,0,gratuito
5,10000.0,13,0.7692307692307693,12,2,1,0,0,0,0,1,0,1,0,0,0,baixo
2,10000.0,16,0.5625,2,3,1,0,0,0,1,1,1,0,0,0,0,baixo
2,350000.0,16515,0.4774447471995156,8,3,1,0,0,0,1,1,0,0,0,0,0,alto
2,0.0,0,0.0,0,0,1,0,0,0,0,0,0,0,0,0,0,gratuito
6,150000.0,17,0.9411764705882353,1,3,1,0,0,0,1,1,1,0,0,0,0,alto
10,10000.0,34,0.6176470588235294,1,3,1,0,0,0,0,1,0,1,0,0,1,medio_alto
3,10000.0,3,0.6666666666666666,1,2,1,0,0,0,0,0,1,0,1,0,0,medio_alto
3,0.0,0,0.0,103,4,1,0,0,0,1,1,1,0,0,1,0,baixo
2,10000.0,1,1.0,2,3,1,1,0,0,1,0,0,1,0,1,0,medio_alto
1,10000.0,0,0.0,4,1,1,0,0,0,1,0,0,0,0,0,0,baixo
3,10000.0,4,1.0,1,2,1,0,0,0,1,0,0,1,0,0,0,baixo
1,10000.0,38,0.7368421052631579,1,3,1,0,0,0,1,0,1,0,1,0,0,medio_baixo
2,10000.0,19,0.5263157894736842,10,2,1,0,0,0,1,0,1,0,0,0,0,medio_baixo
6,10000.0,16,0.0625,1,5,1,0,0,0,1,1,1,1,0,1,0,baixo
1,0.0,0,0.0,6,1,1,0,0,0,1,0,0,0,0,0,0,medio_baixo
1,10000.0,1,0.0,1,3,1,0,0,0,0,1,0,1,0,0,0,baixo
1,0.0,0,0.0,103,4,1,0,0,0,1,1,0,0,0,1,1,medio_baixo
4,0.0,0,0.0,1,1,1,0,0,0,0,0,0,1,0,0,0,gratuito
3,10000.0,0,0.0,2,4,1,0,0,0,1,1,1,1,0,0,0,baixo
3,10000.0,19,0.47368421052631576,1,3,1,0,0,0,1,0,0,0,0,1,1,baixo
8,75000.0,900,0.88,2,2,1,1,1,0,1,0,1,0,0,0,0,gratuito
2,10000.0,0,0.0,1,2,1,0,0,0,0,0,0,1,1,0,0,alto
1,10000.0,0,0.0,2,2,1,0,0,0,0,0,0,0,0,0,0,medio_alto
2,10000.0,39,0.6923076923076923,8,4,1,0,0,0,1,1,1,0,1,0,0,baixo
1,10000.0,6,0.6666666666666666,1,4,1,0,0,0,1,0,0,1,1,0,1,medio_alto
1,0.0,0,0.0,0,0,1,0,0,0,0,0,0,0,0,0,0,gratuito
5,10000.0,16,1.0,5,3,1,1,0,1,1,0,0,1,0,0,0,medio_alto
5,0.0,0,0.0,1,5,1,1,1,0,1,0,1,0,1,0,0,gratuito
2,10000.0,0,0.0,1,2,1,0,0,0,1,0,0,0,0,0,0,gratuito
8,150000.0,354,0.748587570621469,4,3,1,1,0,0,1,1,0,0,0,1,0,medio_baixo
3,10000.0,36,0.9722222222222222,1,4,1,0,0,0,1,0,0,0,0,1,1,medio_alto
1,0.0,0,0.0,1,3,1,0,0,0,1,1,0,0,0,0,0,gratuito
2,10000.0,707,0.9094766619519095,2,5,1,0,1,0,1,0,0,0,1,1,1,alto
12,75000.0,227,0.4008810572687225,1,2,1,1,0,1,1,1,0,0,0,0,0,medio_baixo
4,10000.0,22,0.9090909090909091,2,2,1,1,1,1,1,0,0,0,0,0,1,medio_baixo
2,0.0,0,0.0,103,3,1,1,1,1,1,0,0,0,0,0,1,gratuito
1,0.0,0,0.0,2,4,1,0,0,0,1,0,1,1,0,0,0,gratuito
5,10000.0,0,0.0,1,1,1,0,0,0,1,0,0,0,0,0,0,medio_baixo
2,0.0,0,0.0,103,2,1,0,0,0,1,0,0,1,0,0,0,baixo
5,10000.0,14,0.42857142857142855,1,2,1,0,0,0,1,0,0,1,0,0,0,baixo
7,35000.0,19,0.9473684210526315,1,3,1,1,0,1,0,0,1,0,1,1,0,medio_baixo
5,35000.0,114,0.6929824561403509,2,2,1,1,0,0,1,0,1,0,0,0,0,baixo
1,10000.0,0,0.0,1,3,1,0,0,0,1,0,0,1,0,1,0,medio_alto
4,10000.0,1,1.0,1,4,1,0,0,0,1,1,1,1,0,0,0,baixo
3,10000.0,7,0.8571428571428571,6,1,1,0,0,0,0,0,0,1,0,0,0,medio_baixo
6,10000.0,25,0.72,1,3,1,0,0,0,1,1,0,1,0,0,0,baixo
9,35000.0,33,0.8181818181818182,1,1,1,0,0,0,0,0,0,0,0,1,0,alto
5,10000.0,3,1.0,1,1,1,0,0,0,0,1,0,0,0,0,0,medio_alto
7,10000.0,11,1.0,1,3,1,0,0,0,1,1,1,0,0,0,0,baixo
2,35000.0,306,0.8366013071895425,8,2,1,0,0,1,1,0,0,1,0,0,0,medio_alto
8,10000.0,42,0.5,2,5,1,0,0,0,1,0,1,1,0,1,1,baixo
4,35000.0,267,0.8801498127340824,20,2,1,0,0,0,1,0,0,0,0,0,1,alto
8,10000.0,14,0.07142857142857142,2,3,1,0,0,0,1,1,1,0,0,0,0,baixo
1,0.0,0,0.0,0,0,1,0,0,0,0,0,0,0,0,0,0,gratuito
9,10000.0,4,0.5,1,5,1,0,0,0,1,1,0,1,0,0,0,alto
1,0.0,0,0.0,16,1,1,0,0,2,0,0,0,1,0,0,0,medio_baixo
4,0.0,0,0.0,2,2,1,1,0,0,1,0,0,0,0,0,0,gratuito
2,10000.0,18,0.7222222222222222,12,5,1,0,0,0,1,1,1,1,1,0,0,medio_alto
6,10000.0,13,0.5384615384615384,1,2,1,0,0,0,0,1,1,0,0,0,0,medio_alto
1,0.0,0,0.0,1,1,1,0,0,0,0,0,0,0,1,0,0,alto
1,10000.0,0,0.0,11,4,1,0,0,0,1,0,0,0,0,0,1,medio_alto
11,10000.0,223,0.547085201793722,1,4,1,1,0,0,1,0,0,0,1,1,1,baixo
8,10000.0,54,0.6296296296296297,1,2,1,0,0,0,0,1,1,0,0,0,0,medio_alto
3,10000.0,7,0.7142857142857143,1,3,1,0,0,0,0,0,0,0,0,1,1,alto
5,0.0,0,0.0,1,6,1,0,0,0,1,1,0,1,0,0,0,gratuito
5,10000.0,11,0.9090909090909091,4,4,1,0,0,0,1,0,1,1,0,1,0,medio_baixo
8,350000.0,2442,0.6842751842751843,10,2,1,0,0,7,0,0,0,0,0,1,0,gratuito
3,0.0,0,0.0,0,0,1,0,0,0,0,0,0,0,0,0,0,gratuito
6,35000.0,505,0.7762376237623763,1,4,1,0,0,1,1,0,1,1,0,0,1,baixo
3,75000.0,1472,0.6256793478260869,10,2,1,1,0,0,0,1,0,0,1,0,0,medio_alto
8,10000.0,28,0.6428571428571429,1,2,1,0,0,0,1,0,0,1,0,0,0,baixo
6,75000.0,14,0.8571428571428571,4,5,1,0,0,0,1,1,0,1,0,1,0,alto
6,10000.0,31,0.6451612903225806,2,2,1,0,0,0,0,1,1,0,0,0,0,alto
1,0.0,0,0.0,8,2,1,0,0,0,0,1,0,0,0,0,0,medio_alto
8,10000.0,14,0.35714285714285715,2,2,1,0,0,0,1,0,0,0,0,1,0,baixo
3,10000.0,86,0.9534883720930233,2,3,1,1,0,2,1,0,1,0,0,0,1,alto
1,0.0,0,0.0,0,0,1,0,0,0,0,0,0,0,0,0,0,gratuito
3,0.0,0,0.0,1,2,1,0,0,0,0,1,0,0,0,0,0,gratuito
2,0.0,0,0.0,103,3,1,1,0,0,1,0,0,1,0,0,0,gratuito
12,10000.0,97,0.6804123711340206,1,7,1,0,0,0,1,0,1,1,1,1,1,alto
5,10000.0,50,0.7,1,1,1,0,0,0,0,1,0,0,0,0,0,alto
3,35000.0,704,0.8153409090909091,3,2,1,0,0,1,1,0,0,0,0,0,1,alto
3,10000.0,22,0.7727272727272727,1,2,1,0,1,0,0,0,0,1,0,1,0,medio_baixo
5,10000.0,11,0.8181818181818182,2,3,1,0,0,0,1,1,1,0,0,0,0,baixo
2,10000.0,27,0.7407407407407407,4,3,1,0,0,0,0,0,1,1,1,0,0,medio_alto
3,0.0,0,0.0,13,3,1,0,0,0,1,1,1,0,0,0,0,gratuito
2,10000.0,95,0.9894736842105263,4,1,1,0,0,0,0,0,0,1,0,0,0,baixo
1,0.0,0,0.0,2,6,1,0,0,0,1,1,1,1,1,0,0,medio_baixo
1,0.0,0,0.0,3,3,1,0,0,0,1,1,0,0,0,0,0,medio_alto
6,10000.0,3,1.0,2,2,1,0,0,0,1,1,0,0,0,0,0,alto
1,10000.0,0,0.0,10,5,1,0,0,0,1,1,1,1,0,0,1,baixo
4,0.0,0,0.0,0,0,1,0,0,0,0,0,0,0,0,0,0,gratuito
2,10000.0,4,0.75,1,2,1,1,0,0,1,1,0,0,0,0,0,medio_alto
5,35000.0,29,0.6896551724137931,1,4,1,1,1,0,1,0,1,0,1,1,0,medio_alto
6,10000.0,2,1.0,1,3,1,0,0,1,1,0,1,0,1,0,0,alto
1,10000.0,28,0.6428571428571429,30,3,1,0,0,0,0,0,0,1,0,1,0,baixo
3,10000.0,488,0.5942622950819673,2,2,1,1,0,0,1,0,0,0,0,1,0,medio_alto
1,0.0,0,0.0,1,3,1,0,1,0,1,0,0,1,0,0,1,medio_alto
6,10000.0,129,0.6589147286821705,5,3,1,0,0,0,1,1,0,0,0,0,0,alto
2,10000.0,209,0.8851674641148325,2,4,1,0,0,0,1,0,0,0,0,1,1,medio_baixo
5,35000.0,5,0.8,1,3,1,0,0,0,1,0,0,1,0,1,0,baixo
8,35000.0,655,0.5679389312977099,5,1,1,0,0,0,0,0,1,0,0,0,0,medio_baixo
10,10000.0,81,0.9382716049382716,11,2,1,1,1,1,1,0,0,1,0,0,0,medio_alto
7,10000.0,3,1.0,1,2,1,0,0,0,1,0,0,1,0,0,0,medio_baixo
1,10000.0,0,0.0,12,3,1,1,0,1,1,0,0,1,0,1,0,alto
2,10000.0,7,1.0,8,3,1,1,1,0,1,1,0,1,0,0,0,alto
5,10000.0,57,0.7543859649122807,5,2,1,0,0,0,1,0,1,0,0,0,0,baixo
7,10000.0,39,0.717948717948718,3,4,1,0,0,0,1,0,0,0,0,1,1,medio_alto
2,10000.0,16,0.3125,1,2,1,0,0,0,1,0,1,0,0,0,0,medio_baixo
5,10000.0,0,0.0,1,3,1,0,0,0,1,0,1,1,0,0,0,medio_baixo
2,10000.0,0,0.0,5,2,1,0,1,0,0,1,0,0,0,0,0,medio_alto
1,0.0,0,0.0,1,3,1,0,0,0,0,1,1,0,0,0,0,alto
12,10000.0,90,0.5111111111111111,8,1,1,0,0,0,0,0,0,0,0,0,1,medio_baixo
3,0.0,0,0.0,1,1,1,1,1,0,0,0,0,0,0,0,0,gratuito
2,10000.0,0,0.0,13,4,1,1,0,0,1,0,0,1,1,0,1,medio_alto
3,10000.0,16,0.875,1,5,1,0,0,0,1,1,1,1,0,0,0,baixo
6,10000.0,294,0.9081632653061225,2,5,1,0,1,0,1,1,1,0,1,0,0,gratuito
6,10000.0,13,1.0,1,2,1,0,0,0,1,1,0,0,0,0,0,gratuito
5,10000.0,3,0.3333333333333333,4,1,1,0,0,0,0,0,0,1,0,0,0,medio_baixo
7,10000.0,4,1.0,1,2,1,1,1,0,1,1,0,0,0,0,0,baixo
3,10000.0,218,0.7431192660550459,1,2,1,0,0,0,0,1,0,0,0,0,0,alto
6,10000.0,16,0.9375,9,5,1,0,0,0,1,0,0,1,0,1,0,baixo
3,10000.0,126,0.7936507936507936,3,4,1,0,0,0,1,0,0,1,0,1,1,baixo
5,0.0,0,0.0,1,4,1,0,0,0,1,0,0,1,0,0,1,gratuito
10,75000.0,1488,0.8595430107526881,1,2,1,1,0,0,0,0,0,0,0,1,1,medio_alto
4,10000.0,51,0.6078431372549019,7,2,1,0,0,3,0,1,0,0,1,0,0,alto
6,10000.0,27,1.0,1,3,1,1,0,0,1,1,1,0,0,0,0,baixo
5,35000.0,65,0.8307692307692308,1,1,1,0,0,3,0,0,0,0,0,0,0,gratuito
2,10000.0,3,0.3333333333333333,8,2,1,0,0,0,1,0,1,0,0,0,0,alto
8,10000.0,10,0.8,1,2,1,0,0,0,0,0,1,1,0,0,0,baixo
5,10000.0,158,0.6962025316455697,22,3,1,1,0,5,0,0,1,1,0,0,1,medio_alto
9,10000.0,6,0.6666666666666666,1,1,1,0,0,0,1,0,0,0,0,0,0,medio_baixo
8,75000.0,2450,0.9053061224489796,1,4,1,1,0,2,1,0,1,0,1,0,1,alto
2,10000.0,1,0.0,1,5,1,0,0,0,1,0,1,1,1,0,0,gratuito
1,10000.0,8,0.75,1,2,1,0,0,0,1,0,0,1,0,0,0,alto
6,350000.0,5037,0.9027198729402423,9,3,1,0,0,3,1,0,1,0,1,0,0,alto
8,10000.0,4,0.5,1,4,1,0,0,0,1,0,1,1,0,0,0,medio_alto
7,10000.0,79,0.8987341772151899,1,3,1,0,0,0,1,0,1,0,0,0,0,gratuito
1,10000.0,0,0.0,5,2,1,0,0,0,1,0,1,0,0,0,0,medio_alto
4,75000.0,1,0.0,3,4,1,0,0,0,1,0,0,0,0,1,0,medio_baixo
16,1500000.0,8125,0.5838769230769231,6,1,1,0,0,2,0,1,0,0,0,0,0,baixo
6,10000.0,9,0.2222222222222222,1,4,1,0,0,0,1,1,0,1,0,0,1,medio_alto
1,75000.0,1843,0.8350515463917526,10,1,1,0,0,2,0,0,0,0,0,1,0,alto
1,75000.0,8,0.875,1,4,1,0,0,1,1,0,1,1,1,0,0,medio_alto
3,10000.0,1,1.0,1,3,1,0,0,0,1,1,1,0,0,0,0,medio_alto
6,10000.0,0,0.0,1,3,1,0,0,0,1,1,0,1,0,0,0,medio_alto
3,10000.0,0,0.0,1,4,1,0,0,0,1,1,1,0,1,0,0,gratuito
3,10000.0,0,0.0,1,4,1,0,0,0,1,0,1,1,1,0,0,alto
6,10000.0,14,1.0,1,2,1,0,0,0,1,1,0,0,0,0,0,medio_baixo
1,10000.0,9,1.0,1,3,1,1,1,1,1,0,0,1,0,1,0,alto
18,75000.0,124,0.6774193548387096,4,1,1,1,0,0,0,0,0,1,0,0,0,medio_baixo
1,10000.0,4,1.0,8,3,1,1,1,0,1,1,0,1,0,0,0,medio_baixo
7,10000.0,0,0.0,1,3,1,0,0,0,1,0,0,1,0,0,0,baixo
3,10000.0,2,1.0,1,3,1,0,0,0,1,1,0,1,0,0,0,medio_baixo
4,0.0,0,0.0,1,3,1,0,0,0,1,0,0,0,0,1,0,gratuito
3,0.0,0,0.0,0,0,1,0,0,0,0,0,0,0,0,0,0,gratuito
8,10000.0,3,0.6666666666666666,1,2,1,0,0,0,0,1,1,0,0,0,0,medio_baixo
3,10000.0,1,0.0,1,2,1,0,0,0,0,1,0,0,0,0,0,medio_baixo
2,10000.0,0,0.0,1,1,1,0,0,0,0,0,0,1,0,0,0,medio_alto
2,10000.0,0,0.0,1,1,1,0,0,0,1,0,0,0,0,0,0,alto
8,10000.0,0,0.0,2,4,1,0,0,0,1,1,0,1,0,1,0,medio_baixo
9,350000.0,13,0.3076923076923077,1,2,1,1,1,0,0,0,0,0,0,1,1,baixo
3,10000.0,2,1.0,2,1,1,0,0,0,0,0,0,1,0,0,0,medio_alto
1,10000.0,69,0.927536231884058,3,3,1,0,0,0,1,0,0,1,0,0,1,medio_baixo
1,0.0,0,0.0,10,3,1,0,0,0,0,0,1,1,0,0,1,medio_alto
4,10000.0,1,1.0,1,4,1,0,0,0,1,0,1,1,0,0,0,medio_alto
2,10000.0,25,0.96,1,4,1,0,0,0,1,0,1,0,1,0,0,gratuito
11,35000.0,586,0.6996587030716723,1,5,1,1,0,7,1,0,1,1,1,0,1,baixo
1,10000.0,0,0.0,13,4,1,0,0,0,0,1,0,0,0,0,1,alto
1,0.0,0,0.0,1,4,1,1,1,0,1,0,1,1,0,0,1,medio_alto
5,10000.0,8,1.0,2,3,1,0,0,0,1,1,0,1,0,0,0,medio_baixo
7,1500000.0,21854,0.8577377139196486,21,5,1,0,1,0,1,0,0,0,0,1,0,gratuito
11,10000.0,134,0.6940298507462687,1,2,1,1,0,0,1,1,0,0,0,0,0,baixo
2,10000.0,41,0.926829268292683,2,2,1,0,0,0,0,0,0,1,0,0,1,medio_baixo
5,10000.0,2,1.0,1,3,1,0,1,0,1,0,0,1,0,1,0,medio_alto
4,10000.0,1,1.0,1,1,1,0,0,0,0,0,0,0,0,0,1,medio_alto
6,10000.0,8,0.625,3,3,1,1,0,0,1,1,1,0,0,0,0,baixo
1,10000.0,0,0.0,1,2,1,0,0,0,1,0,0,0,1,0,0,alto
7,10000.0,0,0.0,2,3,1,0,0,0,1,0,0,1,0,0,1,alto
3,10000.0,39,0.8205128205128205,10,5,1,1,1,0,1,0,0,1,0,1,1,alto
2,10000.0,114,0.7807017543859649,18,3,1,0,0,0,1,0,0,0,1,1,0,medio_alto
2,0.0,0,0.0,0,0,1,0,0,0,0,0,0,0,0,0,0,gratuito
2,10000.0,6,0.6666666666666666,1,2,1,0,0,0,1,1,0,0,0,0,0,baixo
2,10000.0,0,0.0,1,4,1,0,0,0,1,1,0,0,0,1,0,gratuito
3,0.0,0,0.0,0,0,1,0,0,0,0,0,0,0,0,0,0,gratuito
3,10000.0,289,0.8650519031141869,7,2,1,0,0,0,0,0,1,0,0,1,0,alto
1,10000.0,2,1.0,5,2,1,1,1,0,1,1,0,0,0,0,0,medio_baixo
8,10000.0,11,0.8181818181818182,1,2,1,0,0,1,1,0,0,1,0,0,0,baixo
8,10000.0,59,0.9830508474576272,1,3,1,0,0,0,1,1,0,1,0,0,0,baixo
2,10000.0,19,0.9473684210526315,2,2,1,0,1,0,1,0,1,0,0,0,0,medio_alto
7,10000.0,24,0.9166666666666666,3,3,1,1,0,0,1,1,1,0,0,0,0,alto
6,35000.0,71,1.0,1,2,1,1,0,0,1,0,1,0,0,0,0,medio_alto
4,35000.0,6,0.5,1,5,1,0,0,0,1,1,1,1,0,0,0,medio_baixo
2,0.0,0,0.0,103,2,1,0,0,0,1,0,0,1,0,0,0,baixo
1,10000.0,0,0.0,10,4,1,1,0,0,1,1,0,1,0,1,0,medio_alto
2,10000.0,5,0.0,1,1,1,0,0,0,0,0,0,0,1,0,0,baixo
1,10000.0,241,0.7593360995850622,12,4,1,0,0,2,1,1,1,0,1,0,0,alto
3,10000.0,1,1.0,1,4,1,0,0,0,1,1,1,0,1,0,0,medio_baixo
5,10000.0,10,1.0,1,3,1,0,0,0,1,1,0,1,0,0,0,medio_baixo
4,10000.0,0,0.0,3,2,1,0,1,0,1,0,0,1,0,0,0,baixo
2,10000.0,0,0.0,1,1,1,0,0,0,0,0,0,1,0,0,0,medio_baixo
9,150000.0,4,0.75,1,2,1,0,0,0,0,0,0,1,0,1,0,alto
13,75000.0,582,0.5790378006872853,1,2,1,1,1,0,1,0,1,0,0,0,0,medio_baixo
7,10000.0,11,0.9090909090909091,2,2,1,0,0,1,1,0,0,0,0,0,0,gratuito
1,0.0,0,0.0,0,0,1,0,0,0,0,0,0,0,0,0,0,gratuito
10,10000.0,41,0.7560975609756098,8,2,1,0,0,2,1,1,0,0,0,0,0,alto
1,10000.0,16,0.9375,6,4,1,0,0,0,1,1,1,0,1,0,0,alto
8,10000.0,10,0.4,1,3,1,0,0,0,1,0,0,0,0,0,1,medio_baixo
4,10000.0,383,0.8093994778067886,3,3,1,0,0,0,1,0,0,0,1,1,0,alto
7,10000.0,32,0.96875,2,2,1,0,0,0,1,0,0,1,0,0,0,baixo
3,0.0,0,0.0,0,0,1,0,0,0,0,0,0,0,0,0,0,gratuito
1,0.0,0,0.0,4,4,1,0,0,0,0,0,1,1,0,1,1,alto
1,0.0,0,0.0,2,2,1,0,0,0,0,0,0,0,0,0,1,alto
9,35000.0,34,0.6470588235294118,1,3,1,0,0,0,1,1,0,1,0,0,0,medio_alto
2,10000.0,2,1.0,1,2,1,0,1,0,0,0,0,0,0,0,1,alto
4,10000.0,0,0.0,1,5,1,1,1,2,1,0,1,1,1,0,1,alto
2,10000.0,0,0.0,1,2,1,0,0,0,1,0,0,0,1,0,0,medio_alto
3,10000.0,0,0.0,5,5,1,1,1,1,1,1,1,1,0,0,0,alto
1,0.0,0,0.0,103,3,1,0,0,0,1,0,0,1,0,0,1,medio_alto
12,35000.0,176,0.7784090909090909,5,2,1,0,0,0,0,0,1,1,0,0,0,baixo
3,10000.0,1,1.0,1,2,1,0,0,0,0,0,0,1,0,0,0,medio_baixo
2,10000.0,0,0.0,12,3,1,1,1,6,0,0,1,1,1,0,0,alto
1,10000.0,0,0.0,19,3,1,0,1,0,1,0,0,1,0,1,0,medio_baixo
4,10000.0,0,0.0,1,1,1,0,0,0,0,0,0,0,0,0,1,alto
1,0.0,0,0.0,1,2,1,0,0,0,1,0,0,1,0,0,0,medio_baixo
2,10000.0,0,0.0,25,7,1,0,0,0,1,0,1,1,1,0,1,medio_baixo
1,75000.0,1399,0.8513223731236598,10,4,1,1,1,1,1,0,0,1,0,1,1,alto
4,10000.0,5,0.6,4,1,1,0,0,0,0,0,0,1,0,0,0,medio_alto
2,75000.0,3403,0.8110490743461651,20,3,1,0,0,0,0,1,1,0,1,0,0,alto
3,10000.0,240,0.8166666666666667,22,5,1,1,1,0,1,0,0,1,1,1,1,medio_baixo
6,75000.0,645,0.9054263565891473,8,3,1,1,1,0,1,0,0,1,0,1,0,medio_alto
3,0.0,0,0.0,0,0,1,0,0,0,0,0,0,0,0,0,0,gratuito
5,10000.0,6,0.16666666666666666,6,4,1,0,0,0,1,0,0,1,0,1,1,baixo
9,75000.0,126,0.5,1,2,1,1,1,0,1,0,1,0,0,0,0,baixo
10,10000.0,41,0.5365853658536586,1,1,1,0,0,0,1,0,0,0,0,0,0,baixo
9,10000.0,33,0.7878787878787878,10,3,1,0,0,1,1,1,0,0,0,0,0,baixo
3,10000.0,41,0.6097560975609756,23,3,1,0,0,0,0,0,0,1,0,1,0,alto
2,10000.0,0,0.0,2,2,1,0,0,0,0,0,0,1,0,0,1,baixo
10,10000.0,13,0.5384615384615384,2,5,1,0,0,0,0,1,1,0,0,1,0,alto
2,10000.0,0,0.0,5,6,1,0,0,0,1,1,0,1,1,0,1,medio_alto
3,35000.0,2019,0.8340762753838534,10,2,1,0,0,0,0,1,1,0,0,0,0,alto
5,35000.0,5,0.6,1,1,1,0,0,0,0,0,0,1,0,0,0,baixo
3,350000.0,4356,0.8471074380165289,4,3,1,1,1,2,1,0,0,0,1,0,1,alto
2,10000.0,33,0.45454545454545453,8,3,1,0,0,0,1,0,0,1,0,0,1,alto
5,0.0,0,0.0,11,2,1,1,0,0,0,0,1,0,0,1,0,gratuito
4,10000.0,1,1.0,1,3,1,0,0,0,1,0,0,1,0,1,0,baixo
5,10000.0,16,0.5625,2,4,1,0,1,0,1,0,1,1,0,0,1,baixo
4,35000.0,4,1.0,1,4,1,0,0,0,1,1,1,0,0,0,0,medio_alto
3,0.0,0,0.0,0,0,1,0,0,0,0,0,0,0,0,0,0,gratuito
6,10000.0,12,0.9166666666666666,1,4,1,0,0,0,1,1,0,0,1,0,0,gratuito
8,10000.0,6,0.6666666666666666,1,1,1,0,0,0,0,0,0,0,0,0,1,alto
5,0.0,0,0.0,2,3,1,0,0,0,1,0,0,0,0,1,0,gratuito
9,10000.0,24,0.5833333333333334,1,1,1,0,0,2,0,0,0,0,0,0,0,alto
1,10000.0,0,0.0,1,1,1,0,0,0,0,0,1,0,0,0,0,medio_alto
1,10000.0,65,0.9230769230769231,10,4,1,0,0,0,1,1,1,0,0,1,0,alto
1,0.0,0,0.0,1,5,1,0,1,0,1,1,1,1,0,0,0,gratuito
5,10000.0,1,1.0,4,2,1,0,0,0,1,1,0,0,0,0,0,medio_alto
7,10000.0,13,0.9230769230769231,1,4,1,0,0,0,1,1,0,1,0,0,0,medio_alto
5,10000.0,27,0.3333333333333333,2,3,1,0,0,0,1,0,1,0,1,0,0,medio_baixo
3,0.0,0,0.0,0,0,1,0,0,0,0,0,0,0,0,0,0,gratuito
2,35000.0,13,0.6153846153846154,1,4,1,0,0,0,1,1,1,0,0,1,0,medio_baixo
4,10000.0,4,0.75,1,2,1,0,0,0,1,0,0,0,0,1,0,medio_baixo
3,35000.0,15,0.6,2,5,1,0,0,0,1,1,1,1,0,1,0,alto
1,10000.0,0,0.0,1,1,1,0,0,0,0,0,0,1,0,0,0,alto
8,10000.0,6,0.6666666666666666,1,3,1,0,0,0,1,0,0,1,0,0,1,medio_alto
8,35000.0,174,0.867816091954023,1,5,1,1,1,1,1,1,0,0,0,0,0,gratuito
5,10000.0,8,0.75,4,1,1,0,0,0,0,0,0,1,0,0,0,medio_baixo
1,0.0,0,0.0,0,0,1,0,0,0,0,0,0,0,0,0,0,gratuito
5,35000.0,2,0.5,6,3,1,0,0,0,1,1,0,1,0,0,0,medio_alto
5,10000.0,27,1.0,1,3,1,0,0,0,1,0,0,0,1,1,0,medio_baixo
10,150000.0,1382,0.8892908827785818,7,3,1,0,0,0,1,1,1,0,0,0,0,medio_baixo
6,35000.0,32,0.90625,4,2,1,0,0,0,1,0,1,0,0,0,0,medio_baixo
1,10000.0,0,0.0,1,3,1,1,1,0,1,0,1,1,0,0,0,alto
3,10000.0,42,0.5952380952380952,9,3,1,0,0,0,0,1,1,0,0,0,1,medio_alto
2,35000.0,9,0.4444444444444444,10,3,1,0,0,0,1,0,0,0,0,0,0,medio_baixo
9,10000.0,19,0.8421052631578947,1,4,1,0,0,0,1,1,0,0,0,1,0,gratuito
1,0.0,0,0.0,0,0,1,0,0,0,0,0,0,0,0,0,0,gratuito
10,75000.0,721,0.9237170596393898,9,2,1,0,0,1,1,1,0,0,0,0,0,baixo
5,10000.0,3,1.0,8,1,1,1,0,0,0,0,0,1,0,0,0,medio_baixo
1,10000.0,1,0.0,1,4,1,0,0,0,1,1,1,1,0,0,0,medio_baixo
9,35000.0,434,0.7811059907834101,1,2,1,0,0,1,1,1,0,0,0,0,0,baixo
2,10000.0,4,0.0,2,2,1,0,0,0,0,0,0,0,1,0,1,medio_baixo
3,75000.0,5,1.0,8,2,1,0,0,0,0,0,0,0,0,1,0,baixo
8,10000.0,3,1.0,1,4,1,0,0,0,1,1,1,0,0,0,0,medio_baixo
8,10000.0,0,0.0,1,4,1,0,0,0,1,1,0,1,0,0,0,medio_alto
6,10000.0,26,0.9615384615384616,2,5,1,0,0,0,1,1,1,1,0,1,0,medio_alto
9,75000.0,37,0.4864864864864865,4,2,1,0,0,0,0,1,0,0,0,1,0,baixo
8,35000.0,2,0.5,2,3,1,1,1,0,1,0,0,1,1,0,0,baixo
3,150000.0,3092,0.8554333764553687,3,2,1,0,0,0,0,0,0,0,1,1,0,alto
5,10000.0,25,0.92,10,2,1,0,0,0,0,1,0,1,0,0,0,baixo
8,10000.0,6,0.8333333333333334,1,3,1,1,0,0,1,0,1,0,1,0,0,gratuito
3,10000.0,157,0.7770700636942676,3,2,1,0,0,1,0,1,0,1,0,0,0,baixo
9,10000.0,334,0.8473053892215568,4,3,1,1,0,4,0,0,0,0,0,0,0,medio_alto
11,10000.0,22,0.6363636363636364,2,3,1,0,0,0,1,1,0,0,1,0,0,medio_alto
7,35000.0,47,0.6382978723404256,3,2,1,0,0,0,0,0,0,1,0,0,0,gratuito
4,10000.0,331,0.9003021148036254,3,4,1,0,0,0,1,1,1,0,1,0,0,alto
1,0.0,0,0.0,1,1,1,1,1,0,1,0,0,0,0,0,0,baixo
6,10000.0,38,0.8421052631578947,1,4,1,0,0,0,1,0,0,0,0,0,1,medio_alto
3,10000.0,0,0.0,1,2,1,1,0,0,0,0,0,1,0,0,1,medio_alto
5,0.0,0,0.0,12,5,1,1,1,0,1,1,1,0,1,1,0,gratuito
1,10000.0,13,1.0,1,3,1,0,0,0,1,0,1,1,0,0,0,baixo
1,10000.0,0,0.0,2,4,1,0,0,0,1,1,1,0,0,1,0,medio_baixo
4,10000.0,0,0.0,1,3,1,1,0,0,1,0,0,1,1,0,0,alto
1,10000.0,0,0.0,1,4,1,0,0,0,1,0,1,0,1,1,0,alto
2,10000.0,14,1.0,10,3,1,0,0,0,1,0,0,0,1,0,0,alto
8,35000.0,190,0.631578947368421,1,2,1,1,0,0,0,0,1,0,1,0,0,medio_alto
3,10000.0,2,1.0,1,1,1,0,0,0,0,0,0,0,1,0,0,alto
2,0.0,0,0.0,103,2,1,0,1,0,1,0,0,1,0,0,0,baixo
12,10000.0,274,0.8941605839416058,1,3,1,1,1,1,1,0,1,0,1,0,0,medio_alto
3,0.0,0,0.0,0,0,1,0,0,0,0,0,0,0,0,0,0,gratuito
6,35000.0,217,0.8525345622119815,1,2,1,0,0,1,0,0,0,0,0,1,0,gratuito
4,10000.0,75,0.8666666666666667,1,3,1,0,0,0,1,1,1,0,0,0,0,baixo
2,10000.0,10,1.0,4,3,1,0,1,0,1,1,1,0,0,0,0,medio_alto
7,10000.0,7,0.8571428571428571,1,3,1,1,0,1,1,0,0,1,0,0,1,gratuito
11,750000.0,537,0.5940409683426443,5,2,1,1,1,0,1,0,1,0,0,0,0,baixo
5,10000.0,0,0.0,2,1,1,0,0,0,0,0,1,0,0,0,0,baixo
2,10000.0,0,0.0,4,3,1,0,0,0,1,0,1,0,1,0,0,medio_alto
2,10000.0,34,0.6764705882352942,1,3,1,0,0,0,1,0,1,0,0,0,0,medio_alto
7,10000.0,0,0.0,1,3,1,0,0,0,1,0,0,1,0,0,0,baixo
1,0.0,0,0.0,1,4,1,0,0,0,1,0,1,1,0,0,0,gratuito
5,35000.0,21,1.0,1,4,1,1,1,0,1,0,0,1,0,0,1,alto
6,10000.0,74,0.8378378378378378,1,1,1,0,0,0,0,1,0,0,0,0,0,alto
3,10000.0,0,0.0,1,5,1,0,0,0,1,0,1,1,0,0,1,gratuito
7,10000.0,1,1.0,1,2,1,0,0,0,0,1,0,0,0,0,0,alto
11,75000.0,97,0.7422680412371134,1,2,1,1,0,0,1,1,0,0,0,0,0,baixo
14,10000.0,49,0.7142857142857143,5,2,1,0,0,0,1,1,0,0,0,0,0,medio_alto
2,10000.0,12,0.9166666666666666,1,3,1,0,0,0,1,1,0,0,0,0,1,baixo
12,350000.0,1164,0.9132302405498282,1,4,1,1,1,0,1,0,0,1,0,1,0,gratuito
1,10000.0,23,0.8260869565217391,10,3,1,0,0,0,0,0,1,0,0,1,1,medio_baixo
2,10000.0,2,0.5,1,2,1,0,0,0,1,0,0,1,0,0,0,alto
1,10000.0,0,0.0,15,2,1,0,0,5,0,1,0,0,0,0,1,alto
6,10000.0,82,0.8902439024390244,10,4,1,1,0,0,1,0,1,1,0,1,0,medio_baixo
6,10000.0,6,0.8333333333333334,1,5,1,0,0,0,1,1,1,1,0,1,0,medio_alto
5,0.0,0,0.0,1,5,1,0,0,0,1,1,1,0,0,0,0,gratuito
2,10000.0,19,0.8947368421052632,6,3,1,0,1,0,1,1,1,0,0,0,0,medio_baixo
4,10000.0,1,1.0,1,3,1,0,0,0,1,0,1,1,0,0,0,medio_alto
2,10000.0,2,0.0,1,4,1,0,0,0,1,1,0,0,1,1,0,baixo
8,10000.0,9,1.0,1,3,1,0,0,0,1,1,0,0,1,0,0,medio_baixo
7,10000.0,80,0.55,8,3,1,1,1,0,1,1,1,0,0,0,0,medio_baixo
1,0.0,0,0.0,0,0,1,0,0,0,0,0,0,0,0,0,0,gratuito
3,10000.0,0,0.0,1,5,1,0,0,0,1,1,1,1,0,0,0,gratuito
1,0.0,0,0.0,0,0,1,0,0,0,0,0,0,0,0,0,0,gratuito
11,10000.0,17,1.0,1,4,1,0,0,0,1,1,1,0,0,0,0,alto
2,0.0,0,0.0,2,5,1,0,0,0,1,0,1,1,0,0,1,gratuito
1,0.0,0,0.0,1,3,1,0,0,0,1,0,0,1,0,0,1,medio_alto
7,10000.0,1375,0.6269090909090909,12,7,1,0,0,3,0,1,1,1,0,1,1,alto
13,350000.0,1473,0.4467073998642227,5,2,1,0,0,0,1,0,0,0,0,1,0,alto
1,0.0,0,0.0,22,1,1,0,0,0,0,0,0,0,0,0,0,medio_baixo
2,10000.0,10,0.9,1,1,1,1,1,0,0,1,0,0,0,0,0,medio_baixo
12,35000.0,226,0.672566371681416,1,3,1,0,0,0,1,1,0,1,0,0,0,baixo
6,75000.0,13,0.5384615384615384,1,4,1,0,0,0,0,0,0,1,1,0,0,gratuito
2,10000.0,0,0.0,1,4,1,0,0,0,0,1,1,1,0,0,1,baixo
2,10000.0,133,0.924812030075188,1,5,1,1,0,0,1,0,0,0,0,1,1,gratuito
8,10000.0,54,0.37037037037037035,1,3,1,0,0,0,0,1,1,0,1,0,0,alto
3,0.0,0,0.0,1,2,1,0,0,0,0,1,1,0,0,0,0,gratuito
2,0.0,0,0.0,0,0,1,0,0,0,0,0,0,0,0,0,0,gratuito
8,10000.0,10,0.9,2,2,1,0,0,0,1,1,0,0,0,0,0,alto
3,10000.0,0,0.0,2,2,1,0,0,0,1,1,0,0,0,0,0,medio_alto
12,350000.0,1136,0.6637323943661971,10,3,1,0,0,9,0,0,0,0,1,0,0,gratuito
2,0.0,0,0.0,5,4,1,0,0,0,1,0,0,1,0,1,0,gratuito
8,10000.0,17,0.8235294117647058,1,4,1,0,0,0,1,1,0,1,0,0,0,gratuito
12,10000.0,1,1.0,2,3,1,0,0,0,0,0,0,0,0,0,0,gratuito
1,0.0,0,0.0,0,0,1,0,0,0,0,0,0,0,0,0,0,gratuito
5,10000.0,13,0.5384615384615384,1,6,1,0,0,0,1,1,1,1,1,0,1,baixo
12,75000.0,200,0.925,4,2,1,1,1,0,0,0,1,1,0,0,0,medio_alto
2,10000.0,8,1.0,7,5,1,0,0,0,1,1,1,1,0,1,0,medio_baixo
1,0.0,0,0.0,17,5,1,1,1,0,0,0,0,1,0,1,0,gratuito
4,10000.0,2,0.5,1,2,1,0,0,0,1,1,0,0,0,0,0,medio_alto
4,0.0,0,0.0,2,4,1,0,0,0,1,1,0,1,0,0,0,gratuito
2,10000.0,0,0.0,2,2,1,0,0,0,1,0,0,1,0,0,0,medio_baixo
6,10000.0,71,0.4788732394366197,1,4,1,0,0,0,1,0,0,1,0,0,1,alto
1,0.0,0,0.0,0,0,1,0,0,0,0,0,0,0,0,0,0,gratuito
1,10000.0,5,1.0,1,3,1,0,0,0,1,1,0,1,0,0,0,baixo
1,0.0,0,0.0,9,4,1,0,0,0,1,0,0,1,1,1,0,medio_baixo
4,10000.0,173,0.6011560693641619,7,3,1,0,0,0,1,1,1,0,0,0,0,medio_alto
3,75000.0,38,0.9210526315789473,2,4,1,1,1,0,1,1,1,1,0,0,0,baixo
2,150000.0,3089,0.7986403366785367,1,5,1,0,0,0,1,1,1,0,0,0,1,alto
6,10000.0,118,0.8813559322033898,1,3,1,1,0,0,1,0,0,1,0,1,0,medio_alto
8,150000.0,1650,0.8751515151515151,12,3,1,1,1,1,1,0,0,1,0,0,0,medio_alto
3,10000.0,0,0.0,1,2,1,0,0,2,1,0,0,1,0,0,0,baixo
9,10000.0,7,0.8571428571428571,1,2,1,0,0,0,0,0,1,1,0,0,0,medio_alto
7,10000.0,38,0.39473684210526316,2,2,1,0,0,0,1,0,1,0,0,0,0,baixo
3,10000.0,44,0.8863636363636364,8,4,1,0,0,0,1,1,0,1,0,1,0,baixo
3,0.0,0,0.0,1,4,1,1,0,0,1,0,0,1,0,0,0,gratuito
1,10000.0,0,0.0,1,4,1,0,0,0,1,0,0,0,0,1,1,baixo
3,10000.0,3,0.6666666666666666,1,4,1,1,0,0,1,1,0,0,0,0,1,medio_alto
8,10000.0,2,0.5,1,2,1,0,0,0,0,0,0,0,1,0,1,alto
5,10000.0,80,0.7375,1,1,1,0,0,0,0,1,0,0,0,0,0,baixo
8,10000.0,14,0.5,2,2,1,0,0,0,0,1,1,0,0,0,0,medio_baixo
7,10000.0,3,0.0,1,4,1,0,0,0,1,1,0,0,0,0,1,baixo
3,10000.0,13,0.8461538461538461,2,4,1,0,0,0,1,1,0,1,0,0,0,gratuito
7,35000.0,2,0.0,8,1,1,0,0,0,0,0,1,0,0,0,0,medio_baixo
2,10000.0,13,1.0,2,2,1,1,0,0,1,0,0,1,0,0,0,medio_alto
9,35000.0,363,0.977961432506887,11,3,1,1,0,0,0,1,0,1,0,0,1,medio_baixo
4,75000.0,1517,0.8141067897165458,17,4,1,0,0,1,1,1,0,1,0,0,0,gratuito
1,10000.0,2,1.0,4,2,1,0,0,0,1,1,0,0,0,0,0,baixo
7,10000.0,14,0.35714285714285715,1,2,1,0,0,0,1,0,0,1,0,0,0,baixo
8,10000.0,15,0.4,1,2,1,0,0,0,1,0,0,1,0,0,0,baixo
5,10000.0,4,1.0,1,5,1,0,0,0,1,1,0,1,0,0,0,alto
3,10000.0,1,1.0,1,5,1,0,0,0,1,1,1,0,1,1,0,medio_alto
6,75000.0,780,0.617948717948718,3,2,1,1,1,0,1,0,1,0,0,0,0,alto
1,10000.0,0,0.0,1,2,1,0,0,0,0,0,1,1,0,0,0,medio_baixo
10,10000.0,43,0.7209302325581395,1,3,1,0,1,1,1,1,1,0,0,0,0,alto
8,10000.0,6,0.8333333333333334,1,2,1,0,0,0,1,0,0,0,0,1,0,medio_baixo
1,10000.0,0,0.0,16,3,1,0,0,0,1,0,0,1,0,0,1,alto
3,10000.0,0,0.0,1,3,1,1,0,0,1,0,1,1,0,0,0,medio_baixo
3,10000.0,29,1.0,1,1,1,0,0,0,0,0,0,0,0,1,0,baixo
3,10000.0,6,1.0,1,3,1,0,0,0,1,0,1,1,0,0,0,medio_alto
3,10000.0,4,1.0,2,4,1,1,1,0,1,0,0,0,0,1,1,medio_baixo
12,10000.0,185,0.7837837837837838,1,3,1,1,1,1,1,0,0,0,1,1,0,medio_baixo
6,10000.0,62,0.7741935483870968,4,3,1,0,0,0,1,1,1,0,0,0,0,alto
2,0.0,0,0.0,103,6,1,0,0,3,1,1,1,1,0,0,0,gratuito
2,10000.0,3,1.0,1,3,1,0,0,0,0,1,1,0,0,0,0,gratuito
4,150000.0,3488,0.8469036697247706,24,1,1,0,0,22,0,0,1,0,0,0,0,alto
1,10000.0,1,1.0,2,4,1,0,0,0,1,0,0,1,1,1,0,medio_baixo
2,10000.0,0,0.0,31,2,1,0,0,0,1,0,0,1,0,0,0,baixo
8,10000.0,186,0.8763440860215054,1,4,1,0,0,0,1,1,0,0,0,0,1,gratuito
6,75000.0,5,1.0,1,3,1,0,0,0,1,1,0,0,1,0,0,medio_alto
1,10000.0,354,0.8418079096045198,15,2,1,0,0,0,1,0,0,0,1,0,0,medio_alto
4,75000.0,2931,0.7656090071647902,11,2,1,0,0,42,0,0,0,0,0,0,0,alto
1,10000.0,40,0.95,2,3,1,1,1,2,1,0,1,0,1,0,0,medio_alto
1,10000.0,0,0.0,10,3,1,1,1,1,1,1,1,0,0,0,0,alto
2,10000.0,0,0.0,4,4,1,0,0,0,1,0,0,1,1,0,1,medio_baixo
1,0.0,0,0.0,0,0,1,0,0,0,0,0,0,0,0,0,0,gratuito
6,10000.0,29,0.7931034482758621,8,2,1,1,1,0,1,1,0,0,0,0,0,medio_alto
2,10000.0,7,0.7142857142857143,1,2,1,0,0,0,1,1,0,0,0,0,0,baixo
9,10000.0,26,0.5,1,4,1,0,0,0,1,0,1,1,0,0,0,medio_alto
4,10000.0,11,0.6363636363636364,1,2,1,0,0,0,0,0,0,1,0,0,1,alto
5,10000.0,57,0.9298245614035088,3,3,1,0,0,0,1,1,1,0,0,0,0,medio_baixo
1,10000.0,0,0.0,1,3,1,0,0,0,0,1,0,0,1,0,0,alto
4,0.0,0,0.0,2,1,1,0,1,1,0,1,0,0,0,0,0,gratuito
7,10000.0,4,1.0,1,3,1,0,0,0,1,1,0,1,0,0,0,medio_alto
9,10000.0,32,0.40625,27,2,1,0,0,0,1,0,1,0,0,0,0,medio_baixo
1,0.0,0,0.0,0,0,1,0,0,0,0,0,0,0,0,0,0,gratuito
2,0.0,0,0.0,0,0,1,0,0,0,0,0,0,0,0,0,0,gratuito
1,10000.0,0,0.0,1,3,1,0,0,0,1,0,0,1,0,0,1,medio_baixo
2,10000.0,2,0.0,1,3,1,0,0,0,1,1,0,1,0,0,0,medio_alto
9,10000.0,22,0.7272727272727273,1,3,1,0,0,0,1,0,0,0,0,0,0,gratuito
10,75000.0,241,0.6804979253112033,1,4,1,0,1,0,1,1,1,1,0,0,0,medio_baixo
2,10000.0,0,0.0,2,1,1,0,0,0,0,0,0,0,0,0,1,medio_alto
2,10000.0,0,0.0,33,5,1,0,0,0,1,1,1,0,1,0,1,alto
2,10000.0,12,0.5833333333333334,1,3,1,0,0,0,1,0,0,1,0,0,0,baixo
5,10000.0,19,0.6842105263157895,1,2,1,0,0,0,1,1,0,0,0,0,0,baixo
2,0.0,0,0.0,0,0,1,0,0,0,0,0,0,0,0,0,0,gratuito
2,10000.0,2,1.0,1,1,1,0,0,0,1,0,0,0,0,0,0,baixo
1,750000.0,14780,0.9073071718538566,10,1,1,0,1,0,0,0,0,0,0,1,0,alto
3,0.0,0,0.0,1,3,1,0,0,0,1,1,0,0,0,0,0,gratuito
6,10000.0,2,0.5,4,2,1,0,0,1,1,1,0,0,0,0,0,alto
3,35000.0,13,0.9230769230769231,2,3,1,0,0,0,0,1,1,1,0,0,0,baixo
1,10000.0,4,0.25,2,3,1,0,0,0,0,0,1,0,1,0,1,alto
3,10000.0,3,0.3333333333333333,4,2,1,0,0,0,1,0,0,0,0,1,0,medio_baixo
9,10000.0,14,0.7857142857142857,11,3,1,1,0,0,1,0,1,0,0,0,0,gratuito
2,10000.0,59,0.9661016949152542,10,2,1,0,0,2,1,0,0,1,0,0,0,medio_alto
5,0.0,0,0.0,1,1,1,0,0,0,0,1,0,0,0,0,0,gratuito
4,35000.0,53,0.9433962264150944,8,6,1,0,0,36,1,1,1,1,0,0,1,gratuito
5,10000.0,8,0.25,4,2,1,0,0,0,1,1,0,0,0,0,0,medio_alto
2,35000.0,1607,0.7380211574362165,15,4,1,0,0,0,1,0,1,0,1,0,0,alto
2,0.0,0,0.0,0,0,1,0,0,0,0,0,0,0,0,0,0,gratuito
3,10000.0,33,0.42424242424242425,1,5,1,0,0,0,1,1,1,0,1,0,1,alto
3,10000.0,4,0.25,2,3,1,0,0,0,1,0,0,0,1,1,0,baixo
7,35000.0,126,0.7777777777777778,2,4,1,0,0,0,1,1,1,0,0,0,0,gratuito
2,10000.0,0,0.0,1,4,1,0,0,0,1,0,1,1,0,0,0,gratuito
6,10000.0,52,0.6923076923076923,1,3,1,1,1,0,1,1,0,0,0,0,0,baixo
2,0.0,0,0.0,3,5,1,0,0,0,1,1,1,0,0,1,0,gratuito
5,35000.0,10,0.6,1,1,1,0,0,0,0,0,0,1,0,0,0,baixo
4,0.0,0,0.0,0,0,1,0,0,0,0,0,0,0,0,0,0,gratuito
4,0.0,0,0.0,1,2,1,0,0,0,0,0,1,0,0,0,0,gratuito
3,75000.0,231,0.8095238095238095,1,2,1,0,0,0,0,0,0,0,0,0,0,medio_baixo
4,10000.0,12,1.0,1,2,1,0,0,0,1,0,0,1,0,0,0,baixo
3,10000.0,0,0.0,1,1,1,1,0,0,0,0,0,1,0,0,0,gratuito
8,10000.0,7,0.5714285714285714,1,3,1,1,1,0,1,0,1,0,1,0,0,baixo
4,10000.0,0,0.0,1,2,1,0,0,1,0,0,1,1,0,0,0,medio_alto
1,0.0,0,0.0,0,0,1,0,0,0,0,0,0,0,0,0,0,gratuito
2,10000.0,0,0.0,3,1,1,1,1,0,0,0,0,1,0,0,0,medio_baixo
9,75000.0,357,0.6666666666666666,1,3,1,0,0,0,0,0,0,0,1,0,0,gratuito
3,10000.0,79,0.8987341772151899,4,6,1,0,0,8,1,1,1,1,1,0,0,alto
2,10000.0,2,1.0,1,2,1,1,1,0,1,1,0,0,0,0,0,medio_baixo
4,10000.0,0,0.0,4,3,1,0,0,0,1,0,0,1,0,0,1,medio_alto
10,35000.0,74,0.5405405405405406,1,4,1,0,0,0,1,1,1,1,0,0,0,baixo
5,10000.0,2,0.5,1,2,1,0,0,0,0,0,0,1,0,0,0,baixo
6,10000.0,14,0.9285714285714286,29,2,1,0,0,0,1,0,0,1,0,0,0,baixo
10,10000.0,138,0.6956521739130435,1,6,1,0,0,0,1,0,1,1,0,0,1,medio_alto
14,150000.0,354,0.2598870056497175,6,3,1,0,0,0,0,1,0,0,1,1,0,alto
6,35000.0,11,0.5454545454545454,1,3,1,0,0,0,1,1,0,1,0,0,0,gratuito
1,10000.0,0,0.0,1,3,1,0,0,0,1,0,0,1,0,0,1,baixo
9,10000.0,9,0.3333333333333333,13,4,1,1,1,0,0,1,0,0,1,1,0,alto
2,75000.0,1,1.0,1,1,1,0,0,0,0,1,0,0,0,0,0,baixo
3,10000.0,7,1.0,1,2,1,0,0,0,0,0,0,0,0,0,1,medio_baixo
6,150000.0,3020,0.8913907284768212,8,3,1,0,0,1,0,0,0,0,0,0,1,medio_baixo
16,35000.0,132,0.8409090909090909,1,2,1,0,0,0,0,0,1,1,0,0,0,medio_alto
1,0.0,0,0.0,2,3,1,0,0,0,1,1,0,0,0,0,0,medio_alto
3,10000.0,207,0.7971014492753623,8,1,1,1,0,0,0,0,0,0,0,1,0,alto
4,0.0,0,0.0,0,0,1,0,0,0,0,0,0,0,0,0,0,gratuito
1,0.0,0,0.0,1,3,1,0,0,0,1,0,1,0,0,0,0,gratuito
5,10000.0,4,0.25,1,2,1,0,0,0,1,1,0,0,0,0,0,baixo
2,10000.0,25,0.6,8,2,1,0,0,0,1,0,0,0,0,0,0,medio_alto
2,10000.0,3,1.0,5,1,1,0,0,0,1,0,0,0,0,0,0,baixo
9,150000.0,303,0.7326732673267327,1,3,1,0,0,0,1,1,0,1,0,0,0,medio_alto
4,10000.0,2,1.0,1,2,1,1,0,0,0,0,0,0,0,1,1,alto
5,0.0,0,0.0,1,1,1,0,0,0,0,1,0,0,0,0,0,gratuito
8,35000.0,55,0.7454545454545455,1,5,1,0,0,0,1,1,0,0,0,1,1,gratuito
3,10000.0,1,1.0,1,1,1,0,0,0,0,0,1,0,0,0,0,medio_baixo
10,3500000.0,26616,0.8857829876765855,12,2,1,1,1,2,1,0,1,0,0,0,0,alto
7,350000.0,998,0.9028056112224448,6,4,1,1,0,0,0,0,0,1,0,0,1,gratuito
9,7500000.0,150256,0.6952667447556171,14,1,1,0,0,39,0,1,0,0,0,0,0,baixo
1,10000.0,0,0.0,1,4,1,1,0,0,0,0,1,1,1,0,0,gratuito
4,35000.0,12,1.0,1,1,1,0,0,0,1,0,0,0,0,0,0,baixo
1,10000.0,0,0.0,1,4,1,0,0,0,1,1,1,0,0,0,0,gratuito
2,10000.0,35,0.9428571428571428,4,3,1,1,1,0,0,1,0,1,1,0,0,baixo
2,10000.0,0,0.0,1,2,1,1,1,0,0,0,1,1,0,0,0,medio_alto
5,10000.0,3,0.6666666666666666,1,3,1,0,0,0,0,1,1,0,0,0,0,gratuito
1,10000.0,0,0.0,3,3,1,0,0,0,1,0,1,1,0,0,0,medio_baixo
6,35000.0,7,1.0,1,2,1,0,0,0,1,0,0,1,0,0,0,baixo
8,10000.0,1,1.0,1,3,1,0,0,0,1,1,1,0,0,0,0,alto
8,75000.0,335,0.7194029850746269,29,2,1,0,0,0,1,0,0,1,0,0,0,baixo
2,10000.0,17,0.6470588235294118,1,3,1,0,0,0,0,0,1,1,1,0,0,medio_alto
1,0.0,0,0.0,1,3,1,0,0,0,1,0,0,0,0,1,1,medio_alto
3,10000.0,1,0.0,1,2,1,0,0,0,0,1,1,0,0,0,0,medio_baixo
7,75000.0,678,0.943952802359882,11,3,1,1,0,1,1,0,1,1,0,0,0,gratuito
14,10000.0,330,0.8939393939393939,1,3,1,0,0,0,0,0,0,0,0,0,1,medio_alto
1,10000.0,1,1.0,4,5,1,0,0,0,1,1,1,0,1,0,0,medio_alto
1,0.0,0,0.0,4,3,1,0,0,0,1,1,1,0,0,0,0,medio_alto
1,0.0,0,0.0,1,1,1,0,0,0,0,0,0,0,0,0,0,medio_alto
3,35000.0,44,0.7954545454545454,3,2,1,0,0,0,0,0,1,0,1,0,0,medio_alto
9,10000.0,102,0.6470588235294118,1,3,1,0,0,0,1,0,0,1,0,1,0,medio_alto
5,10000.0,0,0.0,1,4,1,1,0,0,1,1,0,1,0,0,0,gratuito
2,0.0,0,0.0,0,0,1,0,0,0,0,0,0,0,0,0,0,gratuito
4,75000.0,697,0.7919655667144907,4,2,1,1,0,0,0,1,1,0,0,0,0,alto
1,10000.0,33,1.0,8,3,1,1,0,2,1,1,1,0,0,0,0,medio_alto
1,0.0,0,0.0,1,2,1,0,0,0,0,0,0,1,0,0,0,gratuito
3,10000.0,40,0.9,5,5,1,0,0,0,1,0,0,1,1,1,1,medio_alto
2,10000.0,3,0.6666666666666666,2,1,1,0,0,0,0,1,0,0,0,0,0,medio_alto
1,10000.0,16,0.9375,17,3,1,1,0,0,1,0,0,1,1,0,0,alto
7,10000.0,4,0.25,2,2,1,0,0,0,0,1,0,1,0,0,0,medio_baixo
1,10000.0,13,1.0,1,4,1,0,0,0,1,1,1,0,1,0,0,alto
2,0.0,0,0.0,1,4,1,0,0,0,1,0,0,1,0,0,1,gratuito
7,10000.0,0,0.0,1,2,1,0,0,2,1,0,0,1,0,0,0,baixo
3,0.0,0,0.0,0,0,1,0,0,0,0,0,0,0,0,0,0,gratuito
7,10000.0,90,0.9,1,1,1,1,1,0,1,0,0,0,0,0,0,alto
1,0.0,0,0.0,2,3,1,0,0,0,1,1,0,0,0,0,0,alto
7,35000.0,7,0.7142857142857143,2,3,1,0,1,0,1,1,1,0,0,0,0,alto
8,10000.0,46,0.6304347826086957,1,4,1,0,0,0,1,0,1,0,1,0,0,gratuito
1,10000.0,11,1.0,3,2,1,1,0,0,1,0,0,1,0,0,0,medio_alto
4,10000.0,9,0.8888888888888888,2,1,1,0,0,0,0,0,0,0,0,0,1,medio_alto
10,350000.0,2836,0.9086741889985895,5,1,1,0,0,0,0,1,0,0,0,0,0,medio_alto
6,10000.0,10,0.7,3,1,1,0,0,0,0,0,0,1,0,0,0,alto
3,0.0,0,0.0,0,0,1,0,0,0,0,0,0,0,0,0,0,gratuito
2,0.0,0,0.0,1,2,1,1,1,0,0,0,1,0,0,0,0,gratuito
10,10000.0,3,0.6666666666666666,1,3,1,0,0,0,1,0,0,0,0,0,1,medio_alto
5,10000.0,285,0.9508771929824561,1,4,1,1,1,1,1,0,1,1,1,0,0,alto
3,35000.0,15,0.4666666666666667,5,2,1,1,1,0,1,0,0,0,0,1,0,baixo
6,10000.0,7,1.0,10,2,1,0,0,0,1,0,0,1,0,0,0,medio_baixo
3,150000.0,8775,0.9866666666666667,3,2,1,0,0,0,0,0,1,1,0,0,0,alto
2,0.0,0,0.0,0,0,1,0,0,0,0,0,0,0,0,0,0,gratuito
1,10000.0,0,0.0,9,3,1,1,1,0,1,1,0,0,0,1,0,medio_baixo
4,10000.0,3,1.0,1,2,1,1,1,0,0,0,0,1,0,1,0,medio_alto
10,35000.0,66,0.5757575757575758,1,3,1,1,1,1,1,1,1,0,0,0,0,baixo
1,0.0,0,0.0,0,0,1,0,0,0,0,0,0,0,0,0,0,gratuito
18,35000.0,394,0.7715736040609137,1,1,1,0,0,0,0,0,0,0,0,0,0,baixo
6,10000.0,0,0.0,2,1,1,0,0,0,0,1,0,0,0,0,0,medio_alto
1,10000.0,0,0.0,1,2,1,0,0,0,1,0,0,1,0,0,0,medio_alto
5,350000.0,4363,0.7068530827412332,8,2,1,0,0,4,0,0,0,0,0,1,1,alto
2,0.0,0,0.0,0,0,1,0,0,0,0,0,0,0,0,0,0,gratuito
1,10000.0,0,0.0,25,3,1,0,0,1,0,1,1,1,0,0,0,medio_baixo
9,10000.0,1,0.0,1,5,1,0,0,0,1,1,0,1,0,0,1,alto
6,10000.0,1,1.0,1,4,1,0,0,0,1,1,1,1,0,0,0,medio_alto
1,10000.0,0,0.0,1,1,1,0,0,0,0,0,0,0,0,0,1,baixo
1,0.0,0,0.0,9,3,1,0,0,0,0,1,0,0,1,0,0,gratuito
5,10000.0,23,0.6521739130434783,3,4,1,1,0,0,1,0,1,1,0,1,0,medio_baixo
3,10000.0,22,0.9090909090909091,1,2,1,0,0,0,0,1,0,0,0,1,0,baixo
4,35000.0,68,0.8235294117647058,7,1,1,1,0,0,0,0,0,0,0,0,0,alto
1,0.0,0,0.0,0,0,1,0,0,0,0,0,0,0,0,0,0,gratuito
12,10000.0,46,0.17391304347826086,1,2,1,0,0,0,0,1,0,0,0,1,0,medio_baixo
4,10000.0,0,0.0,6,4,1,1,0,2,1,0,1,0,1,1,0,alto
10,150000.0,280,0.5642857142857143,1,1,1,1,1,0,0,0,1,0,0,0,0,medio_baixo
2,10000.0,0,0.0,1,2,1,0,0,3,1,0,0,1,0,0,0,alto
1,0.0,0,0.0,1,5,1,0,0,0,1,1,1,1,0,0,0,gratuito
1,0.0,0,0.0,6,3,1,1,1,0,1,0,0,1,0,1,0,alto
3,35000.0,12,0.8333333333333334,1,5,1,1,1,0,1,1,1,1,0,0,0,baixo
2,10000.0,24,0.9166666666666666,1,2,1,0,0,0,1,1,0,0,0,0,0,baixo
2,10000.0,0,0.0,1,2,1,1,1,0,1,0,0,1,0,0,0,baixo
14,750000.0,851,0.5910693301997649,5,3,1,0,0,0,0,1,0,0,0,1,1,alto
2,0.0,0,0.0,12,5,1,0,0,1,0,1,0,1,0,0,0,gratuito
8,10000.0,8,0.5,1,3,1,1,1,0,1,0,1,0,0,0,1,baixo
8,10000.0,28,0.75,1,4,1,0,0,0,1,1,0,1,0,0,0,gratuito
1,35000.0,18,0.8888888888888888,1,4,1,0,0,0,1,1,1,0,1,0,0,medio_baixo
2,10000.0,104,0.9038461538461539,11,4,1,0,0,0,1,1,0,1,1,0,0,baixo
6,10000.0,3,0.0,2,3,1,0,0,0,1,0,1,1,0,0,0,alto
2,10000.0,0,0.0,1,5,1,0,0,0,1,1,1,1,1,0,0,alto
5,10000.0,0,0.0,29,3,1,0,0,0,1,0,0,1,0,0,1,medio_baixo
1,10000.0,44,1.0,10,2,1,0,0,0,1,0,0,1,0,0,0,baixo
4,10000.0,2,0.5,1,1,1,0,0,0,1,0,0,0,0,0,0,medio_baixo
12,75000.0,452,0.6747787610619469,6,3,1,0,0,0,1,1,0,0,1,0,0,medio_alto
4,75000.0,79,0.9113924050632911,2,1,1,0,0,1,0,0,0,0,1,0,0,alto
1,10000.0,0,0.0,27,2,1,1,1,0,1,0,0,0,0,0,1,baixo
7,10000.0,3,1.0,1,5,1,0,0,0,1,1,1,1,0,1,0,alto
12,150000.0,602,0.729235880398671,6,2,1,0,0,1,1,0,1,0,0,0,0,baixo
9,10000.0,29,0.896551724137931,10,4,1,0,0,0,1,1,0,1,0,0,0,alto
7,10000.0,39,0.9230769230769231,103,2,1,0,0,2,1,0,0,1,0,0,0,baixo
3,10000.0,16,0.6875,10,2,1,0,0,0,1,0,0,0,1,0,0,baixo
13,75000.0,382,0.5418848167539267,1,4,1,1,1,1,1,0,1,0,1,1,0,medio_alto
5,10000.0,59,0.8305084745762712,1,1,1,0,0,0,0,0,0,0,0,0,0,alto
4,10000.0,40,0.925,2,4,1,0,0,0,1,1,1,0,1,0,0,medio_baixo
10,150000.0,3033,0.80811078140455,5,2,1,0,0,0,1,0,1,0,0,0,0,baixo
9,10000.0,18,0.8888888888888888,1,2,1,0,0,0,1,1,0,0,0,0,0,alto
6,35000.0,257,0.5642023346303502,10,4,1,0,0,1,1,1,1,1,0,0,0,alto
10,10000.0,30,0.6666666666666666,1,3,1,0,0,0,1,0,1,1,0,0,0,medio_alto
3,0.0,0,0.0,1,2,1,0,0,0,1,0,0,0,0,0,0,gratuito
1,0.0,0,0.0,2,1,1,0,0,0,0,0,0,0,0,0,1,medio_baixo
6,10000.0,12,0.5,1,3,1,0,0,0,1,1,1,0,0,0,0,alto
5,10000.0,0,0.0,2,4,1,0,0,0,1,0,1,1,0,0,0,medio_alto
10,750000.0,11185,0.7440321859633438,17,2,1,0,0,30,0,0,0,1,0,0,1,alto
6,10000.0,1,1.0,2,4,1,0,0,0,1,1,0,1,0,1,0,medio_alto
3,10000.0,2,0.5,9,2,1,0,0,0,1,0,0,0,0,1,0,alto
3,10000.0,0,0.0,2,2,1,0,0,0,1,0,0,0,1,0,0,alto
12,3500000.0,35308,0.9316585476379291,8,2,1,0,0,1,0,0,0,0,0,1,1,alto
3,0.0,0,0.0,10,5,1,0,0,0,1,1,0,1,1,0,0,gratuito
9,10000.0,4,1.0,1,2,1,0,0,0,0,0,1,1,0,0,0,medio_alto
5,35000.0,352,0.9090909090909091,1,6,1,0,0,0,1,1,1,1,0,0,1,alto
1,0.0,0,0.0,1,4,1,1,1,0,1,0,0,1,0,0,1,gratuito
5,10000.0,0,0.0,2,4,1,0,0,0,1,1,1,0,1,0,0,alto
3,10000.0,10,0.9,1,1,1,0,0,0,0,0,0,1,0,0,0,alto
1,0.0,0,0.0,16,2,1,0,0,1,0,0,0,1,0,0,0,gratuito
6,10000.0,204,0.7205882352941176,8,2,1,0,0,2,1,0,1,0,0,0,0,medio_alto
1,10000.0,0,0.0,1,3,1,0,0,0,1,1,0,0,0,1,0,medio_alto
3,10000.0,5,1.0,1,1,1,0,0,0,0,0,0,1,0,0,0,baixo
2,10000.0,0,0.0,1,4,1,0,0,0,1,1,1,0,0,1,0,medio_baixo
1,0.0,0,0.0,0,0,1,0,0,0,0,0,0,0,0,0,0,gratuito
1,10000.0,0,0.0,1,3,1,0,0,0,1,1,1,0,0,0,0,medio_alto
3,35000.0,2,1.0,1,1,1,0,0,0,0,1,0,0,0,0,0,baixo
5,10000.0,0,0.0,2,2,1,0,0,0,0,0,1,0,0,0,1,alto
17,35000.0,93,0.5053763440860215,3,3,1,0,0,0,0,0,1,1,0,1,0,medio_alto
2,10000.0,4,1.0,1,2,1,0,0,0,0,0,1,0,0,0,1,alto
1,0.0,0,0.0,0,0,1,0,0,0,0,0,0,0,0,0,0,gratuito
1,0.0,0,0.0,1,3,1,0,1,0,1,0,0,1,0,1,0,baixo
5,10000.0,132,0.9696969696969697,5,2,1,0,0,1,0,1,0,0,0,1,0,medio_alto
2,10000.0,109,0.926605504587156,3,2,1,0,0,1,1,0,1,0,0,0,0,medio_baixo
2,10000.0,0,0.0,5,1,1,0,0,2,0,0,0,1,0,0,0,medio_alto
2,10000.0,0,0.0,3,1,1,0,0,0,0,0,0,0,0,0,1,gratuito
1,0.0,0,0.0,0,0,1,0,0,0,0,0,0,0,0,0,0,gratuito
4,10000.0,10,0.9,1,5,1,0,0,0,1,1,1,0,0,0,1,baixo
8,75000.0,249,0.6024096385542169,2,3,1,0,0,0,0,0,1,0,1,0,1,medio_baixo
3,10000.0,2,0.5,1,2,1,1,0,0,0,0,1,1,0,0,0,medio_alto
2,10000.0,20,0.9,2,3,1,0,0,0,1,1,0,0,0,1,0,baixo
6,35000.0,609,0.7077175697865353,16,3,1,1,0,0,0,0,0,1,1,0,1,medio_baixo
6,10000.0,98,0.8877551020408163,1,4,1,0,0,0,1,1,1,0,0,0,1,medio_baixo
2,0.0,0,0.0,0,0,1,0,0,0,0,0,0,0,0,0,0,gratuito
5,10000.0,3,0.6666666666666666,1,4,1,1,0,0,1,1,1,0,0,0,1,medio_baixo
2,10000.0,0,0.0,1,3,1,0,0,0,1,1,0,0,0,0,0,gratuito
1,10000.0,1,1.0,3,1,1,0,0,0,0,0,0,0,0,0,0,medio_baixo
2,0.0,0,0.0,103,3,1,0,0,0,1,1,0,1,0,0,0,baixo
2,10000.0,17,0.5882352941176471,103,4,1,0,0,0,1,1,1,1,0,0,0,baixo
2,10000.0,126,0.8809523809523809,1,1,1,0,0,0,0,0,0,0,0,1,0,medio_alto
3,0.0,0,0.0,0,0,1,0,0,0,0,0,0,0,0,0,0,gratuito
1,0.0,0,0.0,0,0,1,0,0,0,0,0,0,0,0,0,0,gratuito
5,10000.0,7,0.7142857142857143,1,2,1,0,1,0,1,0,1,0,0,0,0,alto
2,150000.0,3223,0.853552590753956,14,4,1,1,1,0,1,0,0,1,1,1,0,medio_alto
9,1500000.0,16060,0.48729763387297637,5,2,1,1,0,0,0,0,0,1,0,1,0,gratuito
4,0.0,0,0.0,0,0,1,0,0,0,0,0,0,0,0,0,0,gratuito
3,0.0,0,0.0,1,3,1,0,0,0,1,0,0,1,0,0,0,gratuito
3,10000.0,27,0.6666666666666666,2,7,1,0,0,0,1,1,1,1,1,1,0,medio_alto
2,0.0,0,0.0,1,3,1,1,1,0,0,1,0,0,0,1,0,gratuito
6,10000.0,22,1.0,1,2,1,0,0,0,1,0,1,0,0,0,0,medio_alto
1,0.0,0,0.0,1,4,1,0,0,0,1,0,0,0,0,1,1,alto
7,10000.0,10,0.9,3,4,1,0,0,1,1,1,1,0,0,1,0,alto
1,10000.0,0,0.0,2,4,1,1,0,0,1,0,0,1,1,0,1,medio_alto
2,10000.0,0,0.0,1,2,1,0,0,0,0,0,0,0,0,0,0,alto
4,1500000.0,47205,0.9473149030823006,11,2,1,1,0,3,1,0,1,0,0,0,0,alto
4,35000.0,49,0.5510204081632653,1,2,1,0,0,1,0,1,1,0,0,0,0,gratuito
2,35000.0,3,1.0,4,1,1,0,0,4,0,0,0,0,0,0,1,medio_baixo
4,10000.0,2,0.5,2,3,1,1,0,0,1,0,0,1,0,1,0,medio_baixo
8,35000.0,90,0.8555555555555555,5,3,1,1,1,0,0,0,0,0,1,1,0,baixo
3,10000.0,2,0.5,1,3,1,0,0,0,1,0,0,1,0,0,0,baixo
2,10000.0,78,1.0,4,1,1,0,0,1,0,1,0,0,0,0,0,alto
3,1500000.0,28339,0.9330957337944176,1,3,1,0,0,1,1,0,0,0,1,1,0,alto
3,10000.0,27,0.9259259259259259,1,6,1,0,0,0,1,0,0,1,0,1,1,medio_alto
1,10000.0,89,0.7303370786516854,5,1,1,0,0,1,0,0,0,0,0,0,1,alto
7,10000.0,12,0.6666666666666666,2,3,1,0,0,0,1,1,0,0,1,0,0,alto
5,10000.0,12,0.75,1,3,1,1,0,0,1,0,0,0,0,1,1,medio_alto
6,35000.0,45,0.7111111111111111,4,7,1,0,0,0,1,0,1,1,1,1,1,gratuito
5,150000.0,206,0.7184466019417476,8,5,1,0,0,1,1,1,1,0,0,1,1,medio_alto
6,10000.0,1,1.0,2,1,1,0,0,0,0,1,0,0,0,0,0,medio_alto
9,10000.0,21,0.9523809523809523,1,3,1,0,0,0,1,1,0,1,0,0,0,medio_baixo
4,10000.0,0,0.0,7,3,1,0,1,3,1,0,1,1,0,0,0,medio_alto
9,35000.0,560,0.9160714285714285,1,2,1,0,0,0,1,0,0,1,0,0,0,baixo
1,10000.0,2,0.5,1,5,1,0,0,0,1,1,0,1,1,1,0,baixo
3,0.0,0,0.0,0,0,1,0,0,0,0,0,0,0,0,0,0,gratuito
2,0.0,0,0.0,0,0,1,0,0,0,0,0,0,0,0,0,0,gratuito
1,10000.0,0,0.0,8,2,1,0,0,0,0,0,0,1,0,1,0,medio_baixo
4,10000.0,4,0.0,1,6,1,0,0,0,1,1,1,1,1,1,0,alto
8,10000.0,14,0.7857142857142857,2,2,1,0,0,0,1,0,0,1,0,0,0,gratuito
2,10000.0,53,0.8490566037735849,11,5,1,0,0,0,1,0,0,0,1,1,1,alto
2,10000.0,192,0.4947916666666667,23,4,1,0,0,0,1,1,1,0,0,0,1,baixo
2,10000.0,16,1.0,1,3,1,0,0,0,1,1,0,1,0,0,0,baixo
6,35000.0,854,0.977751756440281,4,1,1,0,0,0,1,0,0,0,0,0,0,alto
3,10000.0,7,1.0,2,3,1,0,0,0,1,1,0,1,0,0,0,baixo
1,0.0,0,0.0,2,4,1,0,0,0,1,1,0,1,0,1,0,medio_baixo
6,350000.0,2365,0.5780126849894291,12,2,1,0,0,10,1,1,0,0,0,0,0,baixo
3,10000.0,57,0.7719298245614035,7,5,1,0,0,0,1,0,1,1,1,0,1,medio_baixo
1,10000.0,12,0.8333333333333334,11,2,1,0,0,0,0,1,1,0,0,0,0,alto
10,10000.0,29,0.6896551724137931,1,2,1,0,0,0,1,0,1,0,0,0,0,medio_alto
1,0.0,0,0.0,1,3,1,0,0,0,1,0,1,0,0,0,0,medio_baixo
5,0.0,0,0.0,0,0,1,0,0,0,0,0,0,0,0,0,0,gratuito
1,10000.0,2,0.5,1,2,1,0,0,0,0,0,0,1,0,0,1,medio_baixo
3,10000.0,5,0.6,1,1,1,0,0,0,0,0,0,1,0,0,0,alto
1,10000.0,18,0.8888888888888888,2,4,1,0,0,0,1,0,1,1,0,1,0,medio_alto
3,0.0,0,0.0,0,0,1,0,0,0,0,0,0,0,0,0,0,gratuito
1,10000.0,0,0.0,3,2,1,0,0,0,1,1,0,0,0,0,0,medio_baixo
1,10000.0,2,1.0,2,3,1,0,0,0,1,0,1,1,0,0,0,baixo
1,10000.0,0,0.0,1,2,1,0,0,0,1,0,0,0,0,0,1,baixo
4,0.0,0,0.0,0,0,1,0,0,0,0,0,0,0,0,0,0,gratuito
5,150000.0,2471,0.9190611088628086,7,3,1,1,1,2,1,0,0,0,1,0,1,medio_alto
1,0.0,0,0.0,9,3,1,0,0,0,0,1,0,0,0,1,0,gratuito
17,35000.0,135,0.8444444444444444,1,1,1,0,0,0,0,0,0,0,0,0,1,medio_baixo
1,0.0,0,0.0,1,2,1,0,0,0,1,0,0,0,0,1,0,baixo
2,0.0,0,0.0,0,0,1,0,0,0,0,0,0,0,0,0,0,gratuito
8,35000.0,126,0.7698412698412699,2,4,1,1,0,16,0,0,0,0,0,0,1,gratuito
1,0.0,0,0.0,10,2,1,0,0,0,1,0,0,1,0,0,0,medio_baixo
2,10000.0,18,1.0,13,4,1,0,0,0,1,0,0,1,0,1,0,gratuito
2,10000.0,20,0.9,2,3,1,0,0,0,1,1,0,1,0,0,0,medio_baixo
3,10000.0,5,1.0,2,2,1,0,0,3,1,0,0,1,0,0,0,medio_baixo
11,35000.0,167,0.46706586826347307,7,2,1,0,0,0,0,0,1,1,0,0,0,medio_baixo
7,75000.0,172,0.5872093023255814,6,4,1,0,0,0,1,1,0,0,0,0,0,gratuito
1,10000.0,0,0.0,2,1,1,0,0,0,1,0,0,0,0,0,0,alto
1,10000.0,0,0.0,1,4,1,0,1,0,1,1,0,1,0,0,0,gratuito
4,10000.0,193,0.8290155440414507,3,2,1,0,0,1,0,0,0,0,1,0,1,medio_baixo
9,75000.0,23,0.7391304347826086,4,3,1,0,0,0,1,1,1,0,0,0,0,medio_alto
6,35000.0,9,0.7777777777777778,1,2,1,1,0,0,0,0,0,0,1,0,0,gratuito
8,35000.0,61,0.8032786885245902,1,3,1,1,1,0,1,0,0,1,0,1,0,medio_baixo
2,10000.0,3,0.6666666666666666,12,3,1,0,0,0,0,0,0,1,0,0,1,medio_alto
2,0.0,0,0.0,1,2,1,0,0,0,0,0,0,1,0,0,0,gratuito
4,10000.0,0,0.0,1,4,1,0,0,0,1,1,1,0,0,0,0,medio_alto
4,10000.0,2,1.0,1,3,1,0,0,0,1,1,1,0,0,0,0,medio_baixo
2,0.0,0,0.0,0,0,1,0,0,0,0,0,0,0,0,0,0,gratuito
2,35000.0,2,0.0,0,1,1,1,1,0,0,0,0,0,0,0,1,baixo
2,10000.0,0,0.0,1,2,1,0,0,1,0,1,0,0,0,0,0,gratuito
1,0.0,0,0.0,6,4,1,0,1,0,1,0,0,1,0,0,1,gratuito
1,0.0,0,0.0,1,5,1,0,0,0,1,1,1,0,0,1,0,gratuito
4,0.0,0,0.0,1,3,1,0,0,1,1,0,0,1,0,0,0,gratuito
1,10000.0,0,0.0,1,3,1,0,0,0,1,1,0,1,0,0,0,alto
7,10000.0,17,0.4117647058823529,5,2,1,0,0,0,0,0,1,0,0,0,1,medio_baixo
3,0.0,0,0.0,1,3,1,0,0,0,1,1,1,0,0,0,0,gratuito
4,35000.0,460,0.9434782608695652,3,2,1,0,0,0,1,0,1,0,0,0,0,medio_alto
2,0.0,0,0.0,0,0,1,0,0,0,0,0,0,0,0,0,0,gratuito
5,10000.0,6,0.8333333333333334,2,2,1,0,0,0,0,1,1,0,0,0,0,medio_alto
2,35000.0,10,0.9,2,4,1,0,0,0,1,0,1,1,1,0,0,baixo
8,10000.0,22,0.5,2,5,1,0,0,0,1,0,1,0,1,1,1,baixo
10,35000.0,118,0.5932203389830508,2,2,1,0,0,0,1,0,1,0,0,0,0,gratuito
9,150000.0,771,0.8702983138780804,1,3,1,0,0,0,1,1,0,0,0,0,0,alto
2,150000.0,2944,0.5414402173913043,1,2,1,1,0,0,1,0,0,1,0,0,0,medio_alto
2,10000.0,0,0.0,3,2,1,0,0,0,0,1,0,1,0,0,0,baixo
4,10000.0,1,0.0,1,4,1,0,0,0,0,1,1,0,1,0,1,medio_baixo
2,10000.0,7,0.5714285714285714,1,2,1,1,0,0,1,1,0,0,0,0,0,medio_baixo
1,0.0,0,0.0,13,3,1,1,0,0,0,0,0,1,0,1,1,medio_alto
10,35000.0,141,0.851063829787234,1,2,1,1,1,0,1,1,0,0,0,0,0,medio_baixo
3,10000.0,3,1.0,1,4,1,0,0,0,1,1,0,1,0,1,0,medio_alto
5,10000.0,12,0.9166666666666666,29,1,1,0,0,0,0,0,0,1,0,0,0,baixo
6,35000.0,2,0.5,2,6,1,0,0,0,1,0,1,0,1,1,1,medio_baixo
1,10000.0,0,0.0,14,4,1,0,0,0,1,1,1,1,0,0,0,alto
1,10000.0,11,1.0,16,2,1,1,0,0,0,0,0,1,0,1,0,medio_alto
5,10000.0,42,0.8571428571428571,1,3,1,0,0,0,1,0,1,1,0,0,0,baixo
5,10000.0,19,0.47368421052631576,1,5,1,0,0,0,1,0,1,1,0,0,1,alto
3,0.0,0,0.0,7,2,1,0,0,0,1,0,1,0,0,0,0,gratuito
4,10000.0,0,0.0,1,4,1,0,0,0,1,0,0,1,1,0,1,medio_alto
4,10000.0,4,0.5,9,4,1,1,1,0,0,0,0,1,1,1,0,medio_baixo
5,35000.0,31,0.8709677419354839,1,3,1,1,1,0,1,0,0,0,1,1,0,medio_alto
1,0.0,0,0.0,1,2,1,0,0,0,1,1,0,0,0,0,0,alto
7,10000.0,1,0.0,1,5,1,0,0,0,1,0,1,1,0,0,1,medio_alto
8,10000.0,81,0.7407407407407407,2,4,1,0,0,0,1,1,0,0,1,0,0,alto
4,10000.0,1,1.0,1,2,1,0,0,0,1,0,0,1,0,0,0,baixo
1,10000.0,19,0.9473684210526315,2,1,1,0,0,0,0,0,0,0,1,0,0,alto
6,0.0,0,0.0,0,0,1,0,0,0,0,0,0,0,0,0,0,gratuito
4,10000.0,3,0.6666666666666666,1,2,1,0,0,0,1,0,0,0,1,0,0,baixo
11,150000.0,2188,0.896709323583181,1,3,1,1,1,1,1,0,0,1,0,1,0,medio_baixo
9,35000.0,345,0.8028985507246377,13,3,1,1,0,0,1,0,1,1,0,0,0,medio_baixo
2,10000.0,17,0.7058823529411765,11,3,1,0,0,0,1,0,0,0,0,0,1,alto
3,10000.0,2,0.5,1,5,1,0,0,0,1,1,1,1,0,0,0,medio_baixo
4,10000.0,0,0.0,1,4,1,0,0,0,1,1,0,0,1,0,0,alto
6,10000.0,0,0.0,1,2,1,0,0,2,1,0,0,1,0,0,0,baixo
19,35000.0,91,0.7802197802197802,1,1,1,0,0,0,0,0,0,1,0,0,0,medio_baixo
2,10000.0,0,0.0,5,1,1,1,1,0,0,0,0,1,0,0,0,alto
1,0.0,0,0.0,12,2,1,0,0,0,1,0,0,0,0,0,1,medio_alto
8,10000.0,21,0.9047619047619048,2,2,1,0,0,0,0,0,0,1,0,0,1,gratuito
2,10000.0,0,0.0,8,4,1,0,0,0,1,0,0,0,0,1,1,gratuito
11,150000.0,218,0.9174311926605505,8,2,1,1,0,0,0,0,0,1,0,1,0,baixo
5,150000.0,454,0.76431718061674,8,1,1,1,1,0,0,0,1,0,0,0,0,medio_baixo
4,10000.0,30,0.8333333333333334,3,3,1,0,0,0,1,1,1,0,0,0,0,gratuito
2,0.0,0,0.0,0,0,1,0,0,0,0,0,0,0,0,0,0,gratuito
7,10000.0,24,0.6666666666666666,1,2,1,0,0,1,1,0,0,1,0,0,0,baixo
2,10000.0,4,0.25,22,3,1,0,0,0,1,0,1,1,0,0,0,alto
1,10000.0,0,0.0,1,2,1,0,0,0,1,1,0,0,0,0,0,baixo
4,10000.0,0,0.0,3,2,1,0,0,2,1,0,0,1,0,0,0,alto
1,10000.0,2,0.5,7,5,1,0,0,0,1,1,1,0,1,1,0,alto
9,10000.0,6,1.0,1,2,1,0,0,0,1,1,0,0,0,0,0,medio_alto
2,10000.0,4,0.75,2,6,1,0,0,0,0,0,0,0,0,0,0,alto
6,10000.0,18,0.5555555555555556,1,3,1,0,0,0,1,0,1,0,0,0,0,medio_alto
3,0.0,0,0.0,1,4,1,0,0,0,1,0,1,1,0,0,0,gratuito
3,10000.0,9,0.7777777777777778,1,3,1,0,0,0,1,1,0,0,0,0,0,gratuito
7,10000.0,3,0.6666666666666666,1,3,1,1,0,0,1,0,0,0,0,0,1,alto
2,0.0,0,0.0,0,0,1,0,0,0,0,0,0,0,0,0,0,gratuito
7,10000.0,18,0.7777777777777778,1,3,1,0,0,0,1,0,0,1,0,1,0,baixo
5,10000.0,19,0.6842105263157895,10,4,1,0,0,0,1,0,1,1,0,0,1,alto
4,10000.0,16,1.0,1,3,1,0,0,0,1,1,1,0,0,0,0,alto
2,0.0,0,0.0,103,3,1,0,0,0,0,1,1,0,0,0,0,gratuito
2,10000.0,11,1.0,1,2,1,1,1,0,1,0,1,0,0,0,0,medio_alto
4,75000.0,10,0.7,1,3,1,0,0,0,1,1,0,1,0,0,0,baixo
4,150000.0,880,0.9022727272727272,14,1,1,0,0,1,0,1,0,0,0,0,0,alto
1,0.0,0,0.0,0,0,1,0,0,0,0,0,0,0,0,0,0,gratuito
1,0.0,0,0.0,6,2,1,0,0,0,0,0,0,1,0,0,0,medio_baixo
1,10000.0,39,0.7692307692307693,18,2,1,0,0,0,1,0,0,0,0,0,1,alto
3,10000.0,0,0.0,3,1,1,0,0,1,0,0,0,0,1,0,0,medio_baixo
7,10000.0,3,0.6666666666666666,28,6,1,0,0,0,1,1,1,0,0,1,1,alto
3,10000.0,5,0.6,1,5,1,0,0,0,1,1,1,0,1,0,0,medio_baixo
2,0.0,0,0.0,1,1,1,0,0,0,1,0,0,0,0,0,0,gratuito
1,10000.0,0,0.0,1,3,1,0,0,0,1,1,1,0,0,0,0,alto
1,0.0,0,0.0,1,5,1,0,0,0,1,1,0,0,1,1,0,medio_alto
3,10000.0,21,1.0,1,6,1,0,0,0,1,1,1,1,1,0,0,medio_alto
4,0.0,0,0.0,1,3,1,0,1,0,1,1,0,0,0,0,0,gratuito
4,10000.0,8,0.875,7,1,1,0,0,0,0,0,0,1,0,0,0,medio_baixo
1,10000.0,0,0.0,1,2,1,0,0,0,1,0,0,1,0,0,0,medio_baixo
2,10000.0,3,1.0,1,1,1,1,1,1,0,0,0,0,0,1,0,medio_baixo
1,0.0,0,0.0,2,4,1,0,0,0,1,0,0,1,1,0,1,medio_alto
8,10000.0,150,0.8866666666666667,1,3,1,1,1,0,1,0,0,1,0,0,1,medio_alto
1,0.0,0,0.0,0,0,1,0,0,0,0,0,0,0,0,0,0,gratuito
2,75000.0,2,1.0,2,4,1,0,0,0,1,1,1,0,0,1,0,medio_alto
2,10000.0,4,0.75,23,4,1,1,0,0,1,0,0,1,0,1,1,medio_baixo
1,0.0,0,0.0,0,0,1,0,0,0,0,0,0,0,0,0,0,gratuito
6,10000.0,36,0.8888888888888888,1,4,1,1,1,0,1,1,1,0,1,0,0,medio_baixo
1,10000.0,0,0.0,4,2,1,0,0,0,1,0,0,0,0,0,0,baixo
1,0.0,0,0.0,1,6,1,0,0,0,1,1,1,1,0,0,0,gratuito
11,10000.0,35,0.9142857142857143,1,5,1,0,0,0,1,0,1,0,0,1,1,gratuito
2,0.0,0,0.0,1,4,1,0,0,0,1,1,0,0,0,1,0,gratuito
11,350000.0,747,0.4685408299866131,2,5,1,1,1,0,1,1,0,1,0,1,0,gratuito
2,10000.0,4,0.75,1,3,1,0,0,0,0,0,0,0,0,0,1,gratuito
2,10000.0,5,0.8,2,5,1,0,0,0,1,1,0,1,1,0,0,medio_baixo
2,10000.0,5,0.6,5,2,1,0,0,0,0,0,0,1,0,1,0,medio_alto
11,10000.0,7,1.0,1,3,1,0,0,1,1,1,1,0,0,0,0,alto
1,10000.0,0,0.0,12,2,1,0,0,2,0,1,1,0,0,0,0,alto
4,10000.0,44,0.9318181818181818,2,1,1,0,0,0,0,0,0,1,0,0,0,medio_alto
2,10000.0,2,0.5,2,5,1,0,0,0,1,1,0,1,0,0,0,alto
1,10000.0,0,0.0,1,1,1,0,0,0,0,0,1,0,0,0,0,medio_baixo
8,150000.0,276,0.6521739130434783,1,2,1,0,0,1,0,1,0,1,0,0,0,baixo
3,10000.0,0,0.0,1,3,1,1,1,0,1,0,1,1,0,0,0,baixo
1,10000.0,0,0.0,5,2,1,0,0,0,1,0,1,0,0,0,0,medio_baixo
7,10000.0,2,0.0,1,4,1,0,0,0,1,1,0,0,0,0,0,medio_alto
7,75000.0,1062,0.9519774011299436,2,4,1,0,0,1,1,0,1,1,0,0,0,gratuito
2,10000.0,55,0.7272727272727273,1,3,1,0,0,0,1,1,1,0,0,0,0,medio_baixo
1,10000.0,0,0.0,6,2,1,0,0,0,0,1,1,0,0,0,0,medio_alto
2,10000.0,56,0.9821428571428571,13,4,1,1,0,1,1,0,0,1,0,1,1,medio_alto
1,10000.0,0,0.0,12,3,1,1,1,0,1,0,0,1,0,1,0,baixo
2,0.0,0,0.0,0,0,1,0,0,0,0,0,0,0,0,0,0,gratuito
4,10000.0,0,0.0,1,2,1,0,0,0,1,0,0,1,0,0,0,baixo
2,0.0,0,0.0,0,0,1,0,0,0,0,0,0,0,0,0,0,gratuito
1,10000.0,0,0.0,8,2,1,0,0,0,0,0,0,1,0,0,1,medio_alto
2,35000.0,4,1.0,1,3,1,0,0,0,1,1,1,0,0,0,0,medio_baixo
3,10000.0,3,0.3333333333333333,1,1,1,0,0,0,0,0,0,0,1,0,0,baixo
4,10000.0,0,0.0,1,1,1,0,0,0,0,0,1,0,0,0,0,medio_alto
5,0.0,0,0.0,0,0,1,0,0,0,0,0,0,0,0,0,0,gratuito
6,10000.0,22,0.5909090909090909,4,2,1,0,0,0,1,0,0,1,0,0,0,alto
1,0.0,0,0.0,2,4,1,0,0,0,1,1,0,1,0,0,0,gratuito
5,10000.0,5,1.0,1,1,1,0,0,0,0,0,1,0,0,0,0,medio_alto
10,350000.0,3340,0.5029940119760479,11,1,1,1,1,2,0,1,0,0,0,0,0,medio_baixo
1,10000.0,1,1.0,1,2,1,0,0,0,0,1,0,0,0,0,0,alto
2,10000.0,1,0.0,1,2,1,0,0,0,0,0,0,1,0,1,0,alto
3,10000.0,2,1.0,2,1,1,0,0,0,0,0,0,0,0,1,0,medio_alto
3,10000.0,0,0.0,1,3,1,0,0,0,1,1,0,1,0,0,0,gratuito
8,10000.0,17444,0.7299931208438432,12,2,1,1,1,0,0,1,1,0,0,0,0,medio_alto
1,10000.0,15,0.9333333333333333,10,3,1,1,0,0,1,0,0,1,0,1,0,medio_alto
1,10000.0,3,0.6666666666666666,22,4,1,0,0,0,1,1,1,1,0,0,0,medio_baixo
5,35000.0,168,0.9880952380952381,3,2,1,1,1,1,1,0,1,0,0,0,0,medio_baixo
5,10000.0,64,0.9375,2,3,1,0,0,0,1,0,0,1,0,0,0,medio_baixo
1,10000.0,0,0.0,2,3,1,1,0,2,1,0,1,1,0,0,0,alto
1,10000.0,0,0.0,16,3,1,1,0,0,1,0,1,1,0,0,0,medio_alto
4,0.0,0,0.0,0,0,1,0,0,0,0,0,0,0,0,0,0,gratuito
2,35000.0,430,0.7837209302325582,7,1,1,0,0,3,1,0,0,0,0,0,0,medio_alto
13,350000.0,1028,0.7908560311284046,6,3,1,1,1,0,1,1,0,0,0,1,0,baixo
11,35000.0,522,0.9367816091954023,1,3,1,1,1,0,1,1,0,0,1,0,0,baixo
7,10000.0,70,0.8428571428571429,6,2,1,0,0,0,1,1,0,0,0,0,0,baixo
1,10000.0,0,0.0,1,4,1,0,1,0,1,0,1,1,1,0,0,medio_alto
1,10000.0,0,0.0,6,4,1,0,0,0,0,1,1,1,1,0,0,alto
6,350000.0,1089,0.7447199265381084,9,3,1,0,0,0,0,0,1,0,1,0,0,gratuito
4,10000.0,58,0.9482758620689655,1,3,1,0,1,1,1,1,1,0,0,0,0,medio_alto
11,10000.0,38,0.6842105263157895,1,2,1,0,0,0,1,1,0,0,0,0,0,medio_alto
8,10000.0,33,0.8181818181818182,1,5,1,0,0,0,1,1,1,1,0,0,0,gratuito
9,35000.0,202,0.9207920792079208,9,2,1,1,1,0,0,0,1,1,0,0,0,medio_alto
1,10000.0,20,0.9,2,4,1,0,0,0,1,1,1,0,0,0,1,alto
2,0.0,0,0.0,2,4,1,0,0,0,1,1,1,0,0,0,0,gratuito
4,10000.0,1,1.0,1,2,1,0,0,0,1,0,1,0,0,0,0,baixo
3,10000.0,0,0.0,1,3,1,0,0,0,1,1,0,0,1,0,0,alto
4,0.0,0,0.0,0,0,1,0,0,0,0,0,0,0,0,0,0,gratuito
5,10000.0,3,0.6666666666666666,1,4,1,0,0,0,1,0,1,1,1,0,0,medio_baixo
7,10000.0,1,1.0,2,3,1,1,0,0,1,0,0,1,1,0,0,medio_baixo
1,10000.0,13,0.38461538461538464,11,4,1,0,0,0,1,1,1,0,1,0,0,medio_alto
1,0.0,0,0.0,1,3,1,0,0,0,0,0,0,1,0,1,0,gratuito
8,10000.0,25,0.88,7,3,1,0,0,0,1,1,0,1,0,0,0,baixo
10,75000.0,234,0.594017094017094,1,6,1,0,0,0,1,1,1,1,0,1,0,medio_baixo
6,10000.0,12,0.8333333333333334,1,2,1,1,0,0,1,1,0,0,0,0,0,medio_baixo
2,10000.0,1,1.0,3,1,1,1,1,0,0,0,0,1,0,0,0,medio_alto
1,10000.0,3,0.6666666666666666,5,6,1,0,0,0,1,0,0,1,1,1,1,baixo
2,10000.0,12,1.0,2,5,1,0,0,0,1,1,1,1,1,0,0,medio_alto
10,35000.0,129,0.8527131782945736,8,2,1,0,0,0,0,0,1,1,0,0,0,medio_baixo
1,10000.0,3,1.0,2,5,1,0,0,0,1,0,1,0,1,1,0,medio_baixo
8,10000.0,13,0.7692307692307693,1,2,1,0,0,0,1,1,0,0,0,0,0,baixo
1,10000.0,18,1.0,8,3,1,1,0,0,1,1,0,1,0,0,0,baixo
3,10000.0,7,1.0,1,5,1,0,0,0,1,0,1,0,0,0,1,alto
7,10000.0,6,1.0,1,3,1,0,0,0,1,1,0,1,0,0,0,baixo
2,10000.0,0,0.0,1,2,1,0,0,0,1,1,0,0,0,0,0,medio_alto
5,10000.0,0,0.0,2,1,1,0,0,0,0,0,0,1,0,0,0,medio_alto
1,0.0,0,0.0,1,3,1,0,0,0,1,1,0,1,0,0,0,medio_baixo
2,750000.0,7629,0.22912570454843362,7,1,1,0,0,0,0,1,0,0,0,0,0,alto
1,10000.0,0,0.0,2,1,1,0,0,0,1,0,0,0,0,0,0,medio_baixo
7,10000.0,8,0.75,3,2,1,1,1,0,1,0,0,1,0,0,0,baixo
1,0.0,0,0.0,8,4,1,0,0,0,1,0,0,1,0,0,1,medio_baixo
8,10000.0,4,0.75,2,4,1,1,0,0,1,1,0,1,1,0,0,baixo
4,10000.0,3,1.0,1,4,1,0,0,0,1,1,1,1,0,0,0,baixo
4,10000.0,6,1.0,1,1,1,0,0,0,1,0,0,0,0,0,0,medio_alto
9,10000.0,8,0.625,4,1,1,0,0,0,0,0,0,0,0,0,0,gratuito
6,10000.0,8,0.25,1,3,1,0,0,0,1,1,1,0,0,0,0,medio_alto
3,750000.0,21129,0.9246059917648729,14,2,1,0,0,3,1,1,0,0,0,0,0,alto
10,10000.0,24,0.75,2,3,1,0,0,1,1,0,1,1,0,0,0,medio_alto
1,0.0,0,0.0,5,3,1,0,0,0,1,1,0,1,0,0,0,medio_alto
1,0.0,0,0.0,1,4,1,0,0,0,1,1,1,0,0,0,1,alto
6,10000.0,1,0.0,1,3,1,0,0,0,1,0,0,1,0,0,0,medio_alto
3,35000.0,23,0.43478260869565216,1,4,1,0,0,0,1,1,0,0,0,1,1,medio_alto
6,35000.0,381,0.8818897637795275,5,2,1,0,0,0,1,0,1,0,0,0,0,baixo
2,10000.0,8,0.125,1,5,1,0,0,0,1,1,0,1,0,0,1,medio_alto
2,10000.0,12,0.8333333333333334,2,4,1,0,0,1,1,0,1,1,1,0,0,medio_baixo
4,10000.0,22,0.6818181818181818,1,3,1,0,0,0,1,0,1,1,0,0,0,baixo
8,10000.0,13,0.9230769230769231,1,2,1,0,0,0,1,0,0,1,0,0,0,medio_baixo
9,75000.0,110,0.9181818181818182,1,5,1,1,1,0,1,1,1,0,0,0,0,baixo
3,10000.0,37,0.8108108108108109,10,5,1,0,0,0,1,1,0,1,0,1,0,alto
9,10000.0,9,0.3333333333333333,1,1,1,0,0,0,0,0,0,0,0,0,0,baixo
5,10000.0,8,0.75,3,4,1,0,0,0,1,0,1,1,0,1,0,medio_baixo
6,35000.0,10,0.3,2,1,1,0,0,0,0,0,0,0,0,1,0,medio_baixo
1,10000.0,1,0.0,5,4,1,0,0,0,1,0,1,1,0,0,1,medio_alto
11,35000.0,419,0.8257756563245824,1,1,1,0,0,0,0,0,0,0,0,1,0,alto
6,10000.0,218,0.7431192660550459,1,3,1,0,0,0,1,1,0,0,0,0,1,baixo
4,10000.0,0,0.0,1,3,1,1,1,0,1,0,1,1,0,0,0,medio_alto
7,10000.0,26,0.7692307692307693,4,3,1,1,1,0,1,1,0,1,0,0,0,baixo
1,0.0,0,0.0,15,4,1,0,0,0,1,0,0,1,0,0,1,gratuito
2,10000.0,1,0.0,7,3,1,0,0,0,1,0,0,1,0,1,0,baixo
11,10000.0,25,0.72,7,2,1,0,0,0,1,1,0,0,0,0,0,medio_alto
2,0.0,0,0.0,0,0,1,0,0,0,0,0,0,0,0,0,0,gratuito
5,10000.0,523,0.6233269598470363,18,3,1,0,0,0,0,1,0,0,0,0,0,alto
5,10000.0,6,1.0,5,3,1,0,0,0,1,0,0,1,0,0,0,medio_baixo
4,0.0,0,0.0,0,0,1,0,0,0,0,0,0,0,0,0,0,gratuito
2,10000.0,0,0.0,14,2,1,0,0,0,0,0,0,0,0,0,1,gratuito
2,10000.0,16,1.0,4,3,1,0,0,0,1,0,0,1,0,0,0,baixo
3,10000.0,477,0.8092243186582809,3,4,1,0,0,2,1,1,1,0,1,0,0,medio_alto
2,350000.0,3997,0.9462096572429322,13,5,1,1,0,3,1,0,1,0,1,1,1,alto
5,10000.0,17,1.0,1,1,1,1,0,0,1,0,0,0,0,0,0,medio_alto
4,10000.0,22,0.2727272727272727,2,3,1,0,0,0,1,0,0,0,1,0,1,medio_baixo
4,0.0,0,0.0,1,3,1,1,0,0,0,0,1,0,1,0,0,gratuito
7,35000.0,48,0.8333333333333334,1,3,1,0,1,2,1,0,1,0,0,0,0,gratuito
9,150000.0,345,0.6811594202898551,1,3,1,1,0,16,0,0,0,0,0,0,1,gratuito
6,35000.0,25,0.68,2,2,1,0,0,0,0,0,0,1,0,0,0,gratuito
3,10000.0,0,0.0,1,4,1,1,1,0,1,0,1,1,0,0,1,baixo
6,35000.0,110,0.7,1,1,1,0,0,0,0,0,0,0,0,0,1,medio_baixo
5,10000.0,4,0.75,5,3,1,0,0,0,1,0,0,1,0,1,0,baixo
7,10000.0,26,0.46153846153846156,1,3,1,0,0,0,1,0,0,0,0,0,1,alto
1,0.0,0,0.0,1,1,1,0,0,0,0,0,0,0,0,0,0,medio_alto
4,10000.0,17,0.8823529411764706,3,3,1,0,0,0,1,1,0,0,0,0,0,medio_alto
1,0.0,0,0.0,0,0,1,0,0,0,0,0,0,0,0,0,0,gratuito
2,0.0,0,0.0,13,1,1,0,0,0,0,0,0,0,0,0,0,gratuito
9,35000.0,632,0.9335443037974683,6,2,1,1,1,1,1,0,1,0,0,0,0,gratuito
1,10000.0,38,0.9736842105263158,30,2,1,0,0,1,1,1,0,0,0,0,0,baixo
10,10000.0,19,0.7368421052631579,3,1,1,0,0,0,0,0,1,0,0,0,0,medio_baixo
5,10000.0,47,0.851063829787234,1,2,1,0,0,0,0,0,0,1,0,1,0,gratuito
12,350000.0,1717,0.7373325567850902,19,3,1,0,0,0,1,0,0,1,0,0,0,gratuito
5,0.0,0,0.0,1,3,1,0,0,0,1,1,0,0,0,0,0,gratuito
3,0.0,0,0.0,1,2,1,0,0,0,1,0,0,1,0,0,0,gratuito
5,10000.0,5,0.6,1,3,1,0,0,0,1,1,0,1,0,0,0,medio_baixo
9,10000.0,19,0.6842105263157895,1,2,1,1,0,0,1,1,0,0,0,0,0,alto
4,10000.0,4,1.0,1,1,1,0,0,0,0,1,0,0,0,0,0,baixo
1,0.0,0,0.0,9,2,1,1,0,0,0,0,1,1,0,0,0,medio_baixo
6,10000.0,2,1.0,1,2,1,0,0,0,1,0,0,1,0,0,0,baixo
12,35000.0,72,0.4166666666666667,1,1,1,0,0,0,0,0,1,0,0,0,0,baixo
3,10000.0,36,0.9444444444444444,1,2,1,0,0,0,1,1,0,0,0,0,0,alto
5,10000.0,6,0.8333333333333334,8,2,1,0,0,0,1,0,0,1,0,0,0,baixo
3,10000.0,1,1.0,1,3,1,0,0,0,1,0,1,1,0,0,0,baixo
1,10000.0,0,0.0,2,2,1,0,0,0,1,1,0,0,0,0,0,medio_baixo
7,10000.0,6,1.0,2,3,1,1,1,0,1,1,0,1,0,0,0,medio_alto
8,10000.0,1,0.0,1,5,1,0,0,1,1,1,1,0,1,1,0,baixo
10,10000.0,5,0.8,1,2,1,1,0,0,1,1,0,0,0,0,0,alto
5,35000.0,9,0.6666666666666666,1,2,1,1,0,0,1,1,0,0,0,0,0,gratuito
11,10000.0,51,0.6862745098039216,1,2,1,0,0,0,1,1,0,0,0,0,0,medio_alto
1,10000.0,11,0.9090909090909091,2,2,1,0,0,0,1,0,0,1,0,0,0,medio_baixo
5,0.0,0,0.0,0,0,1,0,0,0,0,0,0,0,0,0,0,gratuito
1,10000.0,0,0.0,10,4,1,0,0,1,1,0,1,1,0,1,0,medio_baixo
3,10000.0,181,0.8784530386740331,1,2,1,0,0,0,1,0,0,0,1,0,0,medio_alto
6,35000.0,41,0.7804878048780488,2,2,1,0,0,0,1,0,1,0,0,0,0,baixo
2,0.0,0,0.0,0,0,1,0,0,0,0,0,0,0,0,0,0,gratuito
3,10000.0,16,0.875,1,2,1,0,0,0,0,0,0,1,0,1,0,medio_baixo
8,10000.0,23,0.8695652173913043,2,3,1,0,0,0,1,0,0,1,0,1,0,medio_alto
2,0.0,0,0.0,0,0,1,0,0,0,0,0,0,0,0,0,0,gratuito
2,10000.0,4,0.5,2,5,1,0,0,0,0,0,1,1,0,1,0,gratuito
4,10000.0,149,0.6644295302013423,6,1,1,0,0,0,0,0,0,0,0,0,0,alto
4,0.0,0,0.0,2,2,1,1,0,0,1,0,0,1,0,0,0,gratuito
1,10000.0,0,0.0,1,2,1,0,0,0,1,0,0,1,0,0,0,medio_alto
9,75000.0,1128,0.8120567375886525,8,2,1,0,0,1,1,0,1,0,0,0,0,baixo
5,150000.0,2909,0.7744929529047783,9,2,1,0,0,5,0,1,1,0,0,0,0,medio_alto
2,0.0,0,0.0,2,3,1,0,0,0,0,0,0,0,1,0,0,gratuito
6,10000.0,21,0.8095238095238095,2,5,1,0,0,0,1,1,1,1,0,1,0,alto
4,35000.0,38,0.8421052631578947,1,5,1,0,0,0,1,1,1,0,1,0,0,alto
2,10000.0,1,0.0,2,3,1,0,0,0,1,1,0,1,0,0,0,baixo
4,150000.0,1678,0.5965435041716329,13,4,1,0,0,9,1,1,0,0,1,0,0,alto
3,75000.0,539,0.9276437847866419,1,3,1,0,0,1,1,1,0,0,0,0,0,alto
1,10000.0,1,1.0,1,2,1,0,0,0,1,1,0,0,0,0,0,baixo
6,10000.0,2,0.5,1,3,1,0,1,0,1,1,1,0,0,0,0,medio_baixo
5,0.0,0,0.0,2,2,1,0,0,0,1,0,0,0,1,0,0,gratuito
4,10000.0,0,0.0,2,2,1,0,1,0,0,0,0,1,0,0,1,medio_baixo
10,35000.0,250,0.724,5,2,1,0,0,0,1,1,0,0,0,0,0,baixo
8,150000.0,151,0.2913907284768212,5,2,1,0,0,0,0,0,0,0,0,1,1,medio_alto
4,10000.0,82,0.43902439024390244,8,3,1,0,0,0,1,1,1,0,0,0,0,medio_baixo
8,35000.0,4,0.25,1,2,1,0,0,0,1,0,1,0,0,0,0,medio_alto
1,0.0,0,0.0,103,2,1,0,0,2,1,0,0,1,0,0,0,baixo
2,10000.0,0,0.0,14,6,1,0,1,0,1,1,1,1,1,0,1,baixo
5,35000.0,79,0.7974683544303798,1,6,1,1,0,0,0,1,1,1,0,0,1,gratuito
5,0.0,0,0.0,6,4,1,0,0,0,0,1,0,0,1,0,0,gratuito
11,10000.0,1415,0.8042402826855124,8,4,1,0,0,1,1,1,1,0,1,0,0,alto
5,10000.0,4,1.0,6,2,1,0,0,0,1,0,0,1,0,0,0,medio_baixo
5,10000.0,49,0.9183673469387755,1,1,1,0,0,0,0,0,0,1,0,0,0,baixo
3,10000.0,11,0.6363636363636364,1,3,1,0,0,0,1,1,1,0,0,0,0,alto
3,10000.0,9,0.8888888888888888,2,3,1,0,0,0,1,1,1,0,0,0,0,medio_baixo
4,0.0,0,0.0,0,0,1,0,0,0,0,0,0,0,0,0,0,gratuito
3,10000.0,10,0.9,3,4,1,0,0,0,1,1,0,1,0,0,1,medio_alto
7,10000.0,7,0.8571428571428571,1,4,1,0,0,0,1,1,1,1,0,0,0,alto
5,150000.0,23,0.9130434782608695,2,5,1,0,0,0,1,0,1,1,1,1,0,baixo
3,10000.0,7,0.5714285714285714,2,3,1,0,0,0,1,1,1,0,0,0,0,baixo
10,75000.0,216,0.6990740740740741,2,2,1,0,0,0,1,0,0,1,0,0,0,baixo
2,35000.0,4,1.0,1,1,1,1,0,0,1,0,0,0,0,0,0,medio_baixo
8,10000.0,5,0.4,1,4,1,0,0,0,1,1,1,1,0,0,0,medio_alto
7,10000.0,12,0.8333333333333334,1,3,1,1,0,0,1,0,0,1,0,1,0,gratuito
2,10000.0,4,0.75,20,3,1,0,0,0,1,0,0,0,0,1,1,medio_alto
2,10000.0,0,0.0,1,2,1,0,0,0,0,0,0,1,0,0,0,medio_alto
3,10000.0,3,1.0,3,3,1,0,0,0,0,1,0,1,0,0,1,baixo
2,10000.0,15,0.9333333333333333,103,3,1,0,0,0,1,1,1,0,0,0,0,medio_baixo
4,10000.0,3,0.3333333333333333,4,1,1,0,0,0,0,0,0,1,0,0,0,medio_alto
15,350000.0,846,0.8297872340425532,5,2,1,0,0,0,1,1,0,0,0,0,0,baixo
5,35000.0,1,0.0,1,4,1,0,0,0,0,1,1,1,0,0,0,medio_alto
12,35000.0,334,0.7844311377245509,3,2,1,0,0,1,0,0,0,0,0,1,1,alto
1,10000.0,17,0.8823529411764706,10,3,1,1,0,1,0,0,1,1,1,0,0,medio_baixo
2,0.0,0,0.0,0,0,1,0,0,0,0,0,0,0,0,0,0,gratuito
2,10000.0,37,1.0,1,2,1,0,1,0,0,0,1,1,0,0,0,medio_baixo
3,10000.0,1,1.0,1,3,1,0,0,0,0,1,0,1,0,1,0,medio_baixo
1,10000.0,2,0.5,1,1,1,0,0,0,0,1,0,0,0,0,0,baixo
2,10000.0,0,0.0,4,4,1,0,0,0,1,0,1,1,1,0,0,medio_alto
4,10000.0,5,0.8,1,3,1,0,0,0,0,1,0,1,0,1,0,medio_alto
4,75000.0,257,0.8054474708171206,6,3,1,1,1,0,1,0,1,1,0,0,0,medio_alto
8,35000.0,247,0.8947368421052632,9,3,1,1,1,0,1,1,0,1,0,0,0,baixo
3,0.0,0,0.0,13,5,1,1,1,0,1,0,1,0,1,0,0,gratuito
4,0.0,0,0.0,8,4,1,0,0,1,1,1,0,1,0,0,0,gratuito
7,1500000.0,40504,0.717287181512937,8,2,1,0,0,23,0,1,1,0,0,0,0,medio_alto
1,0.0,0,0.0,1,3,1,0,0,0,0,0,0,1,0,0,1,gratuito
8,10000.0,3,0.6666666666666666,1,6,1,0,0,0,1,1,1,0,1,0,0,medio_baixo
3,0.0,0,0.0,0,0,1,0,0,0,0,0,0,0,0,0,0,gratuito
4,0.0,0,0.0,1,1,1,1,0,0,0,0,0,0,0,0,0,gratuito
4,75000.0,1011,0.8921859545004945,13,1,1,0,0,0,0,0,1,0,0,0,0,baixo
3,35000.0,74,1.0,8,2,1,1,1,0,1,1,0,0,0,0,0,medio_alto
6,10000.0,12,1.0,1,3,1,0,0,0,1,1,1,0,0,0,0,medio_baixo
3,10000.0,15,0.9333333333333333,2,2,1,0,0,0,1,0,0,0,0,1,0,alto
12,150000.0,1526,0.8971166448230669,5,1,1,1,1,0,0,1,0,0,0,0,0,alto
1,10000.0,3,0.3333333333333333,8,4,1,0,0,0,1,0,0,1,0,1,0,baixo
1,0.0,0,0.0,0,0,1,0,0,0,0,0,0,0,0,0,0,gratuito
5,10000.0,1,1.0,1,5,1,0,0,0,1,1,0,1,0,0,1,baixo
1,10000.0,0,0.0,1,2,1,0,0,0,1,0,0,0,0,0,1,baixo
1,10000.0,1,0.0,1,3,1,0,0,0,1,0,1,0,1,0,0,alto
6,10000.0,81,0.5555555555555556,1,3,1,0,0,0,1,0,1,0,0,0,0,medio_alto
2,10000.0,38,0.6052631578947368,5,2,1,0,0,0,0,0,0,1,0,1,0,alto
3,10000.0,7,0.8571428571428571,2,3,1,0,0,0,0,1,1,0,0,0,0,alto
3,750000.0,8446,0.8199147525455837,23,1,1,0,0,0,0,1,0,0,0,0,0,alto
2,10000.0,0,0.0,5,2,1,0,0,2,1,0,0,1,0,0,0,alto
1,10000.0,0,0.0,13,3,1,1,1,0,1,0,0,1,0,1,0,baixo
1,10000.0,0,0.0,12,3,1,1,1,0,1,1,0,1,0,0,0,medio_alto
10,750000.0,5684,0.8448275862068966,1,2,1,0,0,0,0,1,1,0,0,0,0,medio_baixo
4,10000.0,0,0.0,3,3,1,0,0,1,0,1,0,1,0,0,0,gratuito
5,10000.0,16,0.875,1,2,1,0,1,1,1,0,0,0,0,1,0,medio_alto
4,10000.0,29,0.4827586206896552,2,2,1,0,0,0,1,0,1,0,0,0,0,baixo
1,0.0,0,0.0,21,2,1,0,0,0,0,0,0,1,0,0,1,medio_baixo
5,10000.0,0,0.0,7,3,1,0,0,0,1,1,0,1,0,0,0,medio_alto
2,10000.0,62,0.4838709677419355,2,1,1,0,0,0,1,0,0,0,0,0,0,alto
7,10000.0,16,0.875,1,3,1,0,0,0,1,0,0,0,1,0,1,alto
5,10000.0,0,0.0,1,2,1,0,0,2,1,0,0,1,0,0,0,baixo
5,10000.0,0,0.0,1,2,1,0,0,1,1,0,0,1,0,0,0,baixo
1,10000.0,54,0.9259259259259259,9,1,1,0,0,0,1,0,0,0,0,0,0,medio_baixo
3,10000.0,2,1.0,10,4,1,0,0,0,1,0,1,1,0,1,0,medio_alto
1,10000.0,30,0.8666666666666667,2,4,1,0,0,1,1,1,1,0,1,0,0,alto
17,35000.0,63,0.6825396825396826,1,1,1,0,0,0,0,0,1,0,0,0,0,baixo
1,10000.0,0,0.0,1,1,1,0,1,0,0,1,0,0,0,0,0,baixo
6,35000.0,3,0.6666666666666666,1,2,1,1,0,0,1,1,0,0,0,0,0,baixo
2,10000.0,7,1.0,8,5,1,0,0,0,1,1,1,1,0,0,1,baixo
4,0.0,0,0.0,1,3,1,0,0,1,1,0,1,0,0,0,0,gratuito
4,10000.0,0,0.0,1,2,1,0,0,2,1,0,0,1,0,0,0,baixo
9,75000.0,725,0.776551724137931,9,2,1,0,0,1,0,1,1,0,0,0,0,baixo
8,75000.0,658,0.8541033434650456,5,4,1,0,1,1,1,0,0,1,0,1,1,baixo
6,35000.0,19,0.5263157894736842,6,1,1,0,0,0,0,0,0,1,0,0,0,baixo
1,0.0,0,0.0,0,0,1,0,0,0,0,0,0,0,0,0,0,gratuito
10,10000.0,34,0.7941176470588235,1,2,1,0,0,0,0,0,0,1,0,1,0,alto
1,0.0,0,0.0,1,2,1,0,1,0,1,0,0,0,0,0,1,medio_baixo
9,10000.0,62,0.9193548387096774,1,2,1,0,0,0,1,1,0,0,0,0,0,alto
7,10000.0,1,0.0,2,4,1,0,0,0,1,1,0,1,0,0,0,medio_baixo
6,10000.0,21,0.7142857142857143,2,5,1,0,0,0,1,0,0,1,0,0,1,alto
7,10000.0,84,0.6071428571428571,1,4,1,1,0,0,1,0,0,1,0,0,1,alto
1,0.0,0,0.0,1,2,1,0,0,0,0,1,0,0,0,0,0,gratuito
8,10000.0,4,0.25,1,4,1,0,0,0,1,0,0,1,0,0,0,medio_baixo
7,35000.0,11,0.7272727272727273,1,3,1,1,1,0,1,1,0,0,0,1,0,medio_baixo
12,150000.0,451,0.6031042128603105,6,4,1,0,0,3,1,0,0,0,1,1,1,alto
2,10000.0,2,0.5,14,1,1,1,0,0,0,0,0,1,0,0,0,medio_baixo
4,0.0,0,0.0,0,0,1,0,0,0,0,0,0,0,0,0,0,gratuito
6,10000.0,9,0.7777777777777778,2,1,1,0,0,0,0,0,1,0,0,0,0,baixo
11,10000.0,31,0.12903225806451613,1,2,1,0,0,0,0,0,1,1,0,0,0,baixo
4,0.0,0,0.0,0,0,1,0,0,0,0,0,0,0,0,0,0,gratuito
3,0.0,0,0.0,103,1,1,0,0,0,0,0,0,1,0,0,0,baixo
4,10000.0,15,0.9333333333333333,1,3,1,0,0,0,1,0,0,1,1,0,0,medio_baixo
7,10000.0,59,0.8983050847457628,2,3,1,0,0,0,1,1,1,0,0,0,0,medio_baixo
7,35000.0,343,0.6034985422740525,4,4,1,0,0,0,1,1,1,0,1,0,0,medio_baixo
2,10000.0,26,0.8461538461538461,1,3,1,0,0,0,1,1,1,0,0,0,0,baixo
2,10000.0,4,0.5,16,6,1,0,0,0,1,1,0,1,0,0,1,medio_baixo
7,10000.0,3,1.0,1,4,1,0,0,0,1,1,1,0,0,0,0,medio_baixo
2,10000.0,0,0.0,1,1,1,0,0,0,0,0,0,1,0,0,0,medio_alto
2,10000.0,505,0.9405940594059405,1,5,1,0,0,0,1,0,0,1,1,0,1,alto
7,10000.0,24,0.75,2,4,1,0,0,0,1,0,0,1,0,0,1,baixo
8,350000.0,7084,0.9587803500846979,11,2,1,1,1,0,1,0,0,0,0,1,0,alto
2,10000.0,0,0.0,1,1,1,0,0,0,0,0,0,0,0,0,0,gratuito
3,10000.0,80,0.8375,5,1,1,0,0,2,0,0,0,0,0,1,0,alto
6,35000.0,59,0.9322033898305084,1,2,1,0,0,1,1,0,0,0,0,0,0,gratuito
3,10000.0,0,0.0,1,2,1,1,1,0,1,0,0,1,0,0,0,medio_baixo
3,10000.0,1,1.0,9,3,1,0,0,0,1,1,1,0,0,0,0,medio_alto
7,10000.0,0,0.0,1,3,1,0,0,0,1,0,0,1,0,0,0,alto
1,0.0,0,0.0,1,3,1,0,0,0,0,0,0,0,0,0,1,gratuito
2,75000.0,1621,0.5712523133867983,10,3,1,0,0,0,1,0,1,0,0,0,1,baixo
2,10000.0,11,0.8181818181818182,1,3,1,0,0,0,1,1,1,0,0,0,0,medio_baixo
1,10000.0,0,0.0,5,2,1,1,1,1,1,1,0,0,0,0,0,medio_alto
3,10000.0,163,0.9631901840490797,1,3,1,0,1,2,1,0,0,1,0,0,0,medio_alto
1,10000.0,0,0.0,1,2,1,0,0,3,0,0,0,1,1,0,0,medio_alto
8,10000.0,4,0.75,6,2,1,0,0,0,0,1,0,1,0,0,0,baixo
1,10000.0,10,1.0,1,3,1,0,0,0,1,0,1,1,0,0,0,medio_baixo
11,10000.0,45,0.6888888888888889,2,2,1,1,1,0,1,0,0,0,1,0,0,baixo
10,75000.0,396,0.6666666666666666,10,2,1,0,0,0,0,0,0,0,0,0,1,alto
2,0.0,0,0.0,1,2,1,0,0,0,0,1,0,0,0,0,0,gratuito
6,10000.0,4,1.0,1,3,1,0,0,1,1,1,0,1,0,0,0,medio_alto
2,0.0,0,0.0,1,2,1,0,0,0,0,0,0,1,0,0,0,gratuito
4,75000.0,1143,0.9081364829396326,1,2,1,0,0,0,0,0,0,0,0,0,1,medio_alto
3,0.0,0,0.0,0,0,1,0,0,0,0,0,0,0,0,0,0,gratuito
4,0.0,0,0.0,0,0,1,0,0,0,0,0,0,0,0,0,0,gratuito
10,350000.0,3755,0.9267643142476698,6,1,1,1,1,0,0,0,1,0,0,0,0,baixo
2,0.0,0,0.0,0,0,1,0,0,0,0,0,0,0,0,0,0,gratuito
5,10000.0,17,0.8823529411764706,1,2,1,0,0,0,1,0,0,1,0,0,0,baixo
1,10000.0,0,0.0,1,3,1,0,0,0,1,1,1,0,0,0,0,medio_baixo
4,10000.0,0,0.0,1,2,1,0,0,0,1,0,0,1,0,0,0,baixo
1,0.0,0,0.0,1,1,1,0,0,0,0,0,0,0,0,0,0,gratuito
3,10000.0,0,0.0,1,3,1,1,1,0,1,0,1,0,0,0,0,alto
6,10000.0,216,0.8564814814814815,1,3,1,0,0,0,1,0,0,1,0,0,0,alto
9,10000.0,14,0.7142857142857143,1,2,1,0,0,5,1,0,1,0,0,0,0,medio_alto
9,35000.0,87,0.735632183908046,16,3,1,0,0,0,1,0,0,1,0,0,1,baixo
4,35000.0,12,0.3333333333333333,2,1,1,0,0,0,0,0,1,0,0,0,0,baixo
1,0.0,0,0.0,2,3,1,0,0,0,1,0,0,0,1,1,0,baixo
2,10000.0,0,0.0,1,4,1,0,0,0,0,1,1,0,1,0,0,alto
3,35000.0,9,1.0,2,2,1,1,1,0,1,0,0,1,0,0,0,medio_alto
1,10000.0,0,0.0,9,4,1,1,0,2,0,0,1,1,1,0,1,alto
2,10000.0,2,1.0,1,3,1,0,0,0,1,1,0,0,0,0,0,medio_baixo
1,0.0,0,0.0,1,2,1,0,0,0,0,0,0,1,0,0,1,medio_alto
1,0.0,0,0.0,103,1,1,0,0,0,0,1,0,0,0,0,0,medio_alto
2,10000.0,0,0.0,11,2,1,0,0,0,0,0,0,0,0,0,0,medio_alto
1,10000.0,133,0.9924812030075187,8,2,1,0,0,0,1,1,0,0,0,0,0,alto
9,750000.0,2835,0.7294532627865962,8,3,1,1,1,1,0,0,0,0,1,0,0,gratuito
3,10000.0,28,0.8928571428571429,1,2,1,1,1,0,1,1,0,0,0,0,0,baixo
1,10000.0,69,0.7101449275362319,5,3,1,1,1,0,1,0,0,1,0,0,1,baixo
2,0.0,0,0.0,0,0,1,0,0,0,0,0,0,0,0,0,0,gratuito
8,10000.0,8,0.625,1,2,1,0,0,0,1,0,0,1,0,0,0,baixo
2,10000.0,1,1.0,6,5,1,0,0,1,1,1,1,0,1,1,0,alto
3,10000.0,0,0.0,1,3,1,0,0,1,1,0,1,1,0,0,0,alto
5,10000.0,9,0.5555555555555556,1,2,1,0,0,0,1,0,1,0,0,0,0,medio_baixo
7,10000.0,11,0.6363636363636364,4,1,1,1,0,0,0,0,0,1,0,0,0,alto
3,10000.0,30,0.7666666666666667,1,2,1,0,0,0,1,0,0,1,0,0,0,baixo
5,10000.0,6,0.6666666666666666,1,2,1,1,0,0,0,0,0,1,0,1,0,medio_baixo
8,150000.0,1136,0.8301056338028169,12,3,1,1,0,0,1,0,0,0,0,1,1,medio_baixo
10,10000.0,234,0.8547008547008547,1,4,1,1,1,1,1,0,0,0,0,0,1,baixo
9,10000.0,99,0.47474747474747475,1,1,1,0,0,0,0,0,0,0,0,1,0,alto
5,0.0,0,0.0,1,7,1,0,0,0,1,1,1,1,0,0,0,gratuito
7,10000.0,351,0.8974358974358975,1,2,1,0,0,3,0,0,0,0,0,1,1,alto
1,0.0,0,0.0,2,1,1,0,0,0,0,0,0,1,0,0,0,alto
1,350000.0,1543,0.9695398574206092,11,4,1,1,0,0,1,0,0,1,0,1,1,alto
4,10000.0,0,0.0,1,2,1,0,1,0,1,0,0,1,0,0,0,baixo
8,150000.0,5048,0.9245245641838352,7,3,1,1,0,1,1,0,1,1,0,0,0,medio_baixo
3,35000.0,3,0.3333333333333333,8,6,1,0,0,0,1,1,1,1,1,0,1,medio_baixo
4,0.0,0,0.0,1,6,1,1,1,1,1,0,0,1,0,0,1,gratuito
5,10000.0,2,0.5,1,3,1,0,0,0,1,1,0,1,0,0,0,baixo
2,150000.0,3077,0.9717257068573286,7,1,1,0,0,1,0,0,1,0,0,0,0,alto
2,10000.0,6,0.8333333333333334,3,2,1,0,0,0,1,1,0,0,0,0,0,medio_baixo
2,10000.0,2,1.0,2,2,1,0,0,0,0,0,0,0,0,0,1,medio_alto
6,35000.0,41,0.9024390243902439,1,1,1,0,0,0,0,0,0,0,1,0,0,gratuito
2,0.0,0,0.0,1,3,1,0,0,0,1,0,1,0,0,0,0,gratuito
7,750000.0,7866,0.8354945334350369,5,2,1,0,0,6,0,0,0,0,1,1,0,alto
2,0.0,0,0.0,30,3,1,0,0,0,1,0,1,0,1,0,0,medio_alto
8,350000.0,3679,0.7779287849959228,9,3,1,1,1,1,1,0,0,0,0,1,1,medio_baixo
7,10000.0,59,0.847457627118644,1,5,1,1,0,1,1,0,1,1,1,0,1,medio_baixo
1,0.0,0,0.0,3,4,1,0,0,0,1,0,0,1,0,1,0,gratuito
6,10000.0,3,1.0,1,1,1,0,0,0,0,1,0,0,0,0,0,medio_baixo
8,35000.0,74,0.6621621621621622,5,2,1,1,0,0,1,1,0,0,0,0,0,baixo
1,0.0,0,0.0,30,3,1,0,0,0,0,0,1,1,1,0,0,medio_alto
1,10000.0,156,0.9230769230769231,4,4,1,1,0,0,1,0,1,1,0,1,0,medio_alto
5,150000.0,81,0.8765432098765432,1,2,1,0,0,0,0,1,0,0,1,0,0,medio_baixo
6,10000.0,92,0.8260869565217391,1,2,1,0,0,0,1,0,1,0,0,0,0,alto
3,0.0,0,0.0,0,0,1,0,0,0,0,0,0,0,0,0,0,gratuito
3,10000.0,0,0.0,3,1,1,0,0,1,0,0,0,0,1,0,0,medio_baixo
7,35000.0,7,0.5714285714285714,1,2,1,0,0,0,1,1,0,0,0,0,0,medio_baixo
10,10000.0,41,0.7560975609756098,1,2,1,0,0,1,1,1,0,0,0,0,0,medio_baixo
5,0.0,0,0.0,1,4,1,1,1,1,1,0,1,1,0,0,0,gratuito
8,150000.0,314,0.32802547770700635,9,7,1,0,0,0,1,1,1,1,0,0,0,gratuito
5,150000.0,41,0.8536585365853658,1,4,1,1,0,0,1,1,1,1,0,0,0,gratuito
5,10000.0,20,0.55,3,3,1,0,0,0,1,1,1,0,0,0,0,baixo
11,35000.0,26,0.8461538461538461,1,3,1,0,0,0,1,0,0,1,0,1,0,medio_baixo
5,10000.0,0,0.0,1,5,1,1,1,0,0,0,1,0,1,1,1,alto
6,10000.0,22,0.7727272727272727,1,6,1,0,0,0,1,1,1,0,1,0,1,gratuito
6,350000.0,6062,0.815242494226328,15,4,1,1,1,0,1,0,0,1,0,1,1,medio_alto
2,0.0,0,0.0,0,0,1,0,0,0,0,0,0,0,0,0,0,gratuito
1,10000.0,3,1.0,4,1,1,0,0,0,0,0,1,0,0,0,0,medio_alto
2,10000.0,6,1.0,1,3,1,0,0,0,1,0,0,1,0,0,0,medio_baixo
1,0.0,0,0.0,2,3,1,0,0,0,1,0,1,1,0,0,0,baixo
7,10000.0,6,1.0,1,3,1,0,0,0,1,0,0,1,0,1,0,medio_alto
10,10000.0,56,0.8928571428571429,2,3,1,1,0,0,1,0,1,0,1,0,0,baixo
9,10000.0,103,0.6019417475728155,1,2,1,0,0,0,1,1,0,0,0,0,0,baixo
8,10000.0,96,0.8333333333333334,1,4,1,1,1,1,1,1,1,0,1,0,0,baixo
1,10000.0,4,1.0,9,2,1,1,0,0,0,1,0,1,0,0,0,medio_alto
1,0.0,0,0.0,0,0,1,0,0,0,0,0,0,0,0,0,0,gratuito
5,10000.0,8,0.5,4,1,1,0,0,0,0,0,0,1,0,0,0,baixo
2,35000.0,8,0.875,2,6,1,0,0,0,1,1,1,1,1,1,0,baixo
4,35000.0,861,0.6806039488966318,1,5,1,0,1,0,1,0,0,1,1,0,1,alto
4,10000.0,0,0.0,1,2,1,0,0,0,1,0,1,0,0,0,0,alto
4,35000.0,17,0.8823529411764706,5,3,1,1,1,2,1,0,1,1,0,0,0,medio_baixo
3,75000.0,554,0.7779783393501805,14,1,1,1,0,2,0,0,0,0,1,0,0,medio_alto
1,10000.0,10,1.0,3,3,1,0,0,0,1,1,1,0,0,0,0,medio_baixo
1,0.0,0,0.0,0,0,1,0,0,0,0,0,0,0,0,0,0,gratuito
1,10000.0,64,0.828125,2,3,1,0,0,0,0,1,1,0,1,0,0,medio_baixo
2,10000.0,1,1.0,1,2,1,0,0,0,1,0,0,1,0,0,0,medio_alto
2,0.0,0,0.0,103,1,1,0,0,0,0,0,0,1,0,0,0,baixo
7,10000.0,201,0.945273631840796,2,3,1,0,0,0,1,0,1,1,0,0,0,medio_baixo
3,0.0,0,0.0,103,4,1,0,0,0,1,1,0,1,0,0,0,gratuito
1,0.0,0,0.0,1,3,1,1,1,0,1,0,0,0,0,0,0,gratuito
3,10000.0,90,0.8888888888888888,2,1,1,0,0,0,1,0,0,0,0,0,0,baixo
11,35000.0,248,0.9193548387096774,1,2,1,0,0,0,1,1,0,0,0,0,0,alto
5,10000.0,300,0.7633333333333333,3,2,1,0,0,1,1,0,1,0,0,0,0,baixo
3,10000.0,6,0.5,4,3,1,0,0,0,1,0,0,0,0,1,0,medio_alto
4,10000.0,0,0.0,1,2,1,0,0,0,1,0,0,1,0,0,0,baixo
1,0.0,0,0.0,0,0,1,0,0,0,0,0,0,0,0,0,0,gratuito
1,0.0,0,0.0,1,5,1,0,0,0,0,1,0,0,1,1,1,baixo
1,10000.0,0,0.0,14,2,1,0,0,3,1,0,0,0,0,0,1,medio_alto
2,10000.0,235,0.7659574468085106,6,0,1,0,0,1,0,0,0,0,0,0,0,medio_baixo
1,0.0,0,0.0,1,4,1,0,0,0,1,1,1,0,0,0,0,gratuito
4,10000.0,30,0.7666666666666667,1,4,1,0,0,0,1,0,1,1,0,0,1,medio_alto
2,10000.0,224,0.9732142857142857,7,3,1,0,0,1,1,0,1,1,0,0,0,alto
2,0.0,0,0.0,0,0,1,0,0,0,0,0,0,0,0,0,0,gratuito
1,0.0,0,0.0,0,0,1,0,0,0,0,0,0,0,0,0,0,gratuito
5,10000.0,7,0.7142857142857143,2,2,1,0,0,0,1,0,0,0,0,0,0,baixo
5,10000.0,0,0.0,3,3,1,0,0,2,0,0,1,1,0,0,1,baixo
8,10000.0,242,0.8429752066115702,3,3,1,0,0,0,1,1,0,1,0,0,0,gratuito
3,10000.0,12,1.0,1,4,1,0,0,0,1,1,1,0,0,0,0,medio_baixo
5,35000.0,14,0.9285714285714286,2,1,1,1,0,0,0,0,1,0,0,0,0,medio_baixo
8,35000.0,97,0.8969072164948454,1,5,1,1,1,0,1,1,1,1,1,0,0,medio_alto
6,35000.0,52,0.6346153846153846,1,3,1,1,0,0,1,0,1,1,0,0,0,gratuito
5,10000.0,1,1.0,1,8,1,1,1,0,1,1,1,1,0,1,1,alto
3,10000.0,0,0.0,1,6,1,0,0,0,1,1,1,1,1,0,0,gratuito
1,10000.0,0,0.0,22,4,1,1,0,1,1,1,1,0,0,0,1,medio_alto
1,10000.0,2,1.0,15,5,1,0,0,0,1,0,1,1,0,1,1,baixo
2,0.0,0,0.0,1,3,1,0,0,0,0,0,0,0,1,0,0,gratuito
2,10000.0,1,1.0,2,3,1,0,0,0,1,0,0,0,0,1,0,medio_alto
8,10000.0,3,0.3333333333333333,1,5,1,0,0,0,1,1,0,1,0,0,0,baixo
1,0.0,0,0.0,8,4,1,0,0,0,1,1,1,0,0,0,1,medio_alto
1,10000.0,3,0.6666666666666666,4,2,1,0,1,0,1,1,0,0,0,0,0,baixo
7,10000.0,18,0.6666666666666666,1,2,1,0,0,0,1,0,0,0,0,0,0,gratuito
4,10000.0,0,0.0,1,2,1,0,0,0,1,0,0,1,0,0,0,baixo
9,10000.0,1,1.0,1,2,1,1,1,0,1,0,0,1,0,0,0,medio_alto
1,0.0,0,0.0,14,4,1,0,0,0,1,0,0,1,0,1,0,medio_baixo
5,35000.0,113,0.6902654867256637,23,2,1,1,1,0,0,0,1,1,0,0,0,baixo
2,350000.0,12778,0.9693222726561277,11,4,1,1,0,1,1,0,0,1,0,1,1,medio_alto
2,10000.0,1,1.0,1,1,1,0,0,0,0,0,0,0,0,0,1,medio_alto
3,10000.0,1,1.0,1,1,1,0,0,0,0,0,0,1,0,0,0,medio_alto
5,10000.0,24,0.875,1,3,1,1,1,0,1,0,1,1,0,0,0,baixo
11,10000.0,43,0.8604651162790697,1,2,1,1,1,0,1,1,0,0,0,0,0,alto
2,10000.0,16,0.6875,2,2,1,0,0,0,0,0,0,0,1,1,0,baixo
2,10000.0,1,1.0,1,1,1,0,0,0,0,0,0,0,0,0,0,medio_baixo
11,75000.0,328,0.6371951219512195,5,1,1,0,0,0,0,0,1,0,0,0,0,baixo
3,10000.0,12,0.5,1,3,1,0,0,0,1,0,0,1,0,0,0,baixo
2,0.0,0,0.0,103,3,1,0,0,0,1,0,0,1,0,0,1,baixo
4,75000.0,7,0.8571428571428571,1,4,1,0,0,0,1,0,1,1,1,0,0,medio_alto
1,10000.0,0,0.0,9,2,1,1,0,0,0,1,1,0,0,0,0,alto
7,10000.0,8,1.0,1,3,1,0,0,0,1,1,1,0,0,0,0,gratuito
1,10000.0,0,0.0,30,4,1,0,0,0,1,0,0,1,0,0,1,alto
7,35000.0,61,0.7377049180327869,1,8,1,0,0,0,1,1,1,1,0,1,1,gratuito
5,10000.0,0,0.0,1,6,1,0,0,0,1,1,1,1,1,0,1,baixo
6,10000.0,16,0.875,3,2,1,0,0,0,0,0,0,1,0,0,1,medio_baixo
10,750000.0,335,0.44477611940298506,1,7,1,0,0,0,1,1,1,1,1,1,1,baixo
1,0.0,0,0.0,7,4,1,0,1,0,1,0,1,0,0,0,1,gratuito
11,150000.0,553,0.5623869801084991,1,3,1,1,1,0,1,1,1,0,0,0,0,baixo
1,0.0,0,0.0,1,4,1,0,0,0,1,1,1,0,0,0,0,medio_baixo
7,10000.0,19,0.2631578947368421,11,2,1,0,0,0,1,1,0,0,0,0,0,medio_alto
1,150000.0,2490,0.3931726907630522,10,1,1,0,0,0,0,1,0,0,0,0,0,alto
7,10000.0,5,0.4,1,3,1,0,0,0,0,1,1,0,1,0,0,medio_baixo
8,350000.0,1213,0.8961253091508656,1,4,1,0,0,1,1,1,0,1,0,0,0,gratuito
2,10000.0,17,0.5882352941176471,4,3,1,0,0,0,1,0,0,1,0,0,1,alto
13,350000.0,3068,0.8813559322033898,1,2,1,1,1,2,1,0,0,0,0,1,0,medio_baixo
7,10000.0,3,0.3333333333333333,1,2,1,0,0,0,1,1,0,0,0,0,0,baixo
1,0.0,0,0.0,0,0,1,0,0,0,0,0,0,0,0,0,0,gratuito
3,10000.0,5,0.4,1,4,1,0,0,0,1,1,1,1,0,0,0,medio_alto
8,10000.0,15,0.9333333333333333,1,2,1,0,0,0,0,1,0,0,0,0,0,medio_baixo
2,10000.0,1,1.0,1,4,1,0,0,0,1,1,1,0,0,0,0,alto
3,10000.0,9,0.5555555555555556,2,2,1,0,0,0,0,0,0,0,0,0,0,baixo
4,0.0,0,0.0,1,1,1,0,0,0,0,1,0,0,0,0,0,gratuito
4,35000.0,10,1.0,1,4,1,0,0,0,1,1,0,0,0,0,0,medio_baixo
12,35000.0,180,0.6,10,3,1,1,1,0,1,0,1,1,0,0,0,medio_baixo
4,10000.0,39,0.8461538461538461,2,4,1,0,0,0,1,1,0,1,0,0,1,alto
4,35000.0,128,0.9765625,1,1,1,0,0,0,0,0,0,1,0,0,0,medio_alto
4,0.0,0,0.0,1,4,1,0,0,0,1,1,1,0,0,0,1,gratuito
5,0.0,0,0.0,0,0,1,0,0,0,0,0,0,0,0,0,0,gratuito
7,10000.0,68,0.9264705882352942,5,3,1,0,0,0,1,0,1,1,0,0,0,medio_baixo
4,75000.0,2283,0.9623302671922909,14,2,1,0,0,1,0,0,1,0,0,0,1,alto
1,10000.0,0,0.0,1,3,1,0,0,0,1,0,1,1,0,0,0,medio_baixo
10,35000.0,94,0.5851063829787234,1,4,1,0,0,0,1,1,1,1,0,0,0,baixo
11,75000.0,125,0.576,2,2,1,1,0,0,1,1,0,0,0,0,0,alto
11,150000.0,960,0.6104166666666667,3,5,1,1,1,2,1,0,1,1,0,0,1,gratuito
1,150000.0,486,0.7942386831275721,10,3,1,1,1,0,0,1,0,1,0,0,0,medio_baixo
1,75000.0,1984,0.9168346774193549,4,4,1,1,0,1,1,0,1,0,1,1,0,alto
4,10000.0,9,1.0,1,2,1,0,1,0,1,0,0,1,0,0,0,medio_baixo
5,10000.0,23,1.0,2,3,1,0,0,0,1,0,0,1,1,0,0,alto
1,10000.0,10,0.9,2,2,1,0,0,0,1,0,1,0,0,0,0,medio_baixo
14,3500000.0,44341,0.9276065041383821,7,4,1,1,1,0,1,1,1,0,1,0,0,medio_alto
1,10000.0,57,0.8245614035087719,12,5,1,0,0,0,1,0,0,0,1,1,1,alto
1,0.0,0,0.0,0,0,1,0,0,0,0,0,0,0,0,0,0,gratuito
5,10000.0,9,1.0,1,2,1,0,0,0,1,1,0,0,0,0,0,gratuito
9,10000.0,51,0.9803921568627451,1,1,1,1,0,0,1,0,0,0,0,0,0,medio_baixo
7,10000.0,0,0.0,3,2,1,0,0,5,1,0,0,1,0,0,0,baixo
5,0.0,0,0.0,0,0,1,0,0,0,0,0,0,0,0,0,0,gratuito
5,75000.0,294,0.9829931972789115,1,3,1,0,0,2,1,0,1,0,1,0,0,medio_baixo
4,10000.0,82,0.6707317073170732,1,5,1,0,0,0,1,1,1,0,1,0,0,alto
1,0.0,0,0.0,3,3,1,0,0,0,0,1,0,0,0,1,0,gratuito
10,10000.0,10,0.6,2,2,1,0,0,0,1,0,0,0,0,1,0,medio_alto
5,35000.0,120,0.38333333333333336,6,3,1,0,0,0,1,0,1,0,1,0,0,baixo
2,75000.0,31,0.7741935483870968,1,4,1,0,0,0,1,1,1,0,1,0,0,alto
10,35000.0,328,0.6341463414634146,1,1,1,0,0,0,1,0,0,0,0,0,0,gratuito
9,35000.0,64,0.421875,103,5,1,0,0,0,1,1,1,1,0,1,0,baixo
5,35000.0,87,0.7586206896551724,2,3,1,0,0,2,1,1,0,1,0,0,0,baixo
4,350000.0,11951,0.890302066772655,9,1,1,0,0,10,0,1,0,0,0,0,0,alto
4,150000.0,1022,0.6565557729941291,6,1,1,1,0,0,0,0,1,0,0,0,0,medio_baixo
1,0.0,0,0.0,0,0,1,0,0,0,0,0,0,0,0,0,0,gratuito
3,75000.0,1280,0.89609375,7,2,1,0,0,2,1,1,0,0,0,0,0,alto
5,0.0,0,0.0,1,4,1,0,0,0,1,1,1,0,0,0,0,gratuito
2,10000.0,3,1.0,12,3,1,0,0,0,0,0,0,1,0,1,0,baixo
2,10000.0,10,1.0,1,2,1,0,0,0,1,0,1,0,0,0,0,alto
1,0.0,0,0.0,0,0,1,0,0,0,0,0,0,0,0,0,0,gratuito
3,10000.0,12,0.3333333333333333,26,5,1,0,0,0,1,0,0,1,1,0,1,baixo
1,0.0,0,0.0,0,0,1,0,0,0,0,0,0,0,0,0,0,gratuito
1,10000.0,1,1.0,1,2,1,0,1,0,0,1,1,0,0,0,0,medio_alto
1,10000.0,0,0.0,1,3,1,0,0,0,0,1,1,0,0,1,0,alto
9,350000.0,188,0.3829787234042553,1,2,1,0,0,0,1,0,0,1,0,0,0,baixo
1,10000.0,0,0.0,6,4,1,0,0,1,0,0,1,0,1,1,1,alto
5,10000.0,3,1.0,1,3,1,0,0,0,1,1,0,0,1,0,0,baixo
4,350000.0,2958,0.9334009465855307,8,4,1,1,0,0,1,0,0,1,0,1,1,medio_alto
4,0.0,0,0.0,0,0,1,0,0,0,0,0,0,0,0,0,0,gratuito
5,10000.0,856,0.9602803738317757,11,5,1,1,1,1,1,1,1,1,0,0,1,alto
5,10000.0,14,0.6428571428571429,1,8,1,0,0,2,1,1,0,1,0,0,0,medio_baixo
6,10000.0,351,0.6524216524216524,13,5,1,1,1,1,1,0,1,1,0,1,1,medio_alto
1,10000.0,0,0.0,1,4,1,0,0,0,1,0,0,1,1,0,1,alto
1,0.0,0,0.0,2,1,1,0,0,0,0,0,1,0,0,0,0,medio_baixo
6,10000.0,80,0.975,1,3,1,0,0,0,1,0,0,1,0,1,0,medio_baixo
9,10000.0,40,0.95,1,2,1,0,0,0,1,0,0,0,0,0,0,gratuito
1,0.0,0,0.0,1,1,1,0,0,0,0,0,0,1,0,0,0,alto
5,10000.0,0,0.0,2,4,1,0,0,1,0,1,1,1,1,0,0,alto
9,35000.0,203,0.6896551724137931,5,3,1,0,0,1,1,0,1,0,1,0,0,medio_alto
6,10000.0,5,0.6,1,3,1,0,0,0,1,1,0,0,0,0,0,baixo
1,35000.0,25,1.0,1,3,1,0,0,0,1,0,1,0,1,0,0,medio_baixo
2,0.0,0,0.0,0,0,1,0,0,0,0,0,0,0,0,0,0,gratuito
5,35000.0,500,0.984,1,3,1,0,0,0,0,0,0,0,1,1,1,medio_alto
8,10000.0,15,0.8666666666666667,2,2,1,0,0,0,1,0,1,0,0,0,0,baixo
7,10000.0,17,0.9411764705882353,1,2,1,0,0,0,1,0,1,0,0,0,0,gratuito
2,35000.0,5,1.0,1,1,1,1,1,0,1,0,0,0,0,0,0,medio_alto
6,75000.0,1679,0.8767123287671232,1,2,1,0,0,3,0,1,1,0,0,0,0,baixo
4,10000.0,10,1.0,103,3,1,0,0,0,1,1,1,0,0,0,0,baixo
6,10000.0,80,0.7875,13,1,1,0,0,0,0,1,0,0,0,0,0,alto
1,0.0,0,0.0,0,0,1,0,0,0,0,0,0,0,0,0,0,gratuito
6,10000.0,12,0.9166666666666666,1,1,1,0,0,0,0,0,0,0,0,0,0,gratuito
1,10000.0,2,1.0,1,3,1,0,0,0,1,0,1,1,0,0,0,medio_baixo
3,0.0,0,0.0,0,0,1,0,0,0,0,0,0,0,0,0,0,gratuito
10,10000.0,262,0.8053435114503816,1,4,1,0,0,0,1,1,1,0,1,0,0,baixo
1,0.0,0,0.0,0,0,1,0,0,0,0,0,0,0,0,0,0,gratuito
1,10000.0,0,0.0,12,3,1,0,0,0,0,1,0,1,0,0,0,gratuito
3,0.0,0,0.0,0,0,1,0,0,0,0,0,0,0,0,0,0,gratuito
8,10000.0,3,1.0,1,2,1,1,0,0,0,0,1,1,0,0,0,alto
1,0.0,0,0.0,1,3,1,0,0,0,1,0,0,1,0,0,0,medio_baixo
1,0.0,0,0.0,1,3,1,0,0,0,1,0,0,1,0,0,0,gratuito
3,35000.0,47,0.9787234042553191,3,2,1,1,0,0,1,0,1,0,0,0,0,baixo
6,35000.0,238,0.9201680672268907,1,5,1,1,0,0,1,0,0,1,1,0,0,medio_alto
4,0.0,0,0.0,0,0,1,0,0,0,0,0,0,0,0,0,0,gratuito
1,10000.0,140,0.8142857142857143,13,1,1,0,0,0,0,1,0,0,0,0,0,medio_alto
8,75000.0,162,0.5,1,2,1,0,0,0,0,0,0,0,0,0,0,gratuito
1,0.0,0,0.0,0,0,1,0,0,0,0,0,0,0,0,0,0,gratuito
1,0.0,0,0.0,1,3,1,0,0,0,1,0,0,0,1,1,0,medio_alto
2,10000.0,0,0.0,1,3,1,0,0,0,1,0,0,0,0,0,0,medio_alto
3,10000.0,21,0.8571428571428571,1,4,1,1,0,0,1,1,1,1,0,0,0,medio_alto
12,75000.0,193,0.38860103626943004,6,2,1,0,0,0,1,1,0,0,0,0,0,medio_alto
1,10000.0,21,0.7619047619047619,1,4,1,0,0,0,1,0,0,0,0,1,1,alto
16,10000.0,313,0.8977635782747604,1,1,1,0,0,0,0,0,1,0,0,0,0,alto
4,10000.0,150,0.9133333333333333,1,3,1,1,0,0,1,1,0,0,0,0,0,baixo
3,0.0,0,0.0,0,0,1,0,0,0,0,0,0,0,0,0,0,gratuito
5,10000.0,536,0.6958955223880597,11,1,1,1,0,0,0,0,1,0,0,0,0,medio_baixo
4,0.0,0,0.0,103,7,1,1,1,0,1,1,1,1,1,1,1,alto
3,10000.0,4,1.0,1,1,1,0,0,0,0,1,0,0,0,0,0,baixo
1,10000.0,0,0.0,1,3,1,0,0,0,0,0,0,1,0,0,1,medio_baixo
8,10000.0,362,0.7817679558011049,4,2,1,0,0,2,1,1,0,0,0,0,0,medio_alto
1,10000.0,68,0.9558823529411765,11,3,1,0,0,0,1,1,1,0,0,0,0,alto
2,75000.0,45,0.9777777777777777,2,2,1,1,1,2,1,0,1,0,0,0,0,medio_baixo
7,10000.0,0,0.0,2,4,1,0,0,0,1,0,0,0,0,1,1,alto
3,3500000.0,227104,0.5328836127941383,4,5,1,0,0,4,1,1,1,0,1,0,1,alto
1,0.0,0,0.0,12,5,1,0,0,0,1,1,1,1,1,0,0,medio_baixo
3,10000.0,29,0.7586206896551724,1,3,1,0,0,1,0,1,1,0,1,0,0,gratuito
7,10000.0,309,0.8932038834951457,4,2,1,0,0,0,1,1,0,0,0,0,0,alto
1,0.0,0,0.0,0,0,1,0,0,0,0,0,0,0,0,0,0,gratuito
11,10000.0,97,0.6907216494845361,1,4,1,0,0,0,1,1,1,0,1,0,0,baixo
4,0.0,0,0.0,0,0,1,0,0,0,0,0,0,0,0,0,0,gratuito
3,10000.0,14,0.8571428571428571,9,3,1,0,0,0,0,0,0,0,1,1,0,medio_alto
9,10000.0,18,0.3888888888888889,1,1,1,1,1,0,0,1,0,0,0,0,0,medio_alto
3,10000.0,0,0.0,1,1,1,1,1,0,1,0,0,0,0,0,0,medio_alto
9,10000.0,18,0.2222222222222222,2,2,1,0,0,0,1,0,0,0,0,0,1,baixo
3,10000.0,15,1.0,5,3,1,0,1,0,1,1,0,1,0,0,0,medio_alto
3,0.0,0,0.0,20,3,1,0,0,0,1,0,1,0,0,0,1,medio_baixo
6,10000.0,15,1.0,1,3,1,1,1,0,1,0,0,1,0,0,1,medio_baixo
8,10000.0,43,1.0,1,4,1,1,1,0,1,0,0,1,0,1,0,gratuito
4,10000.0,0,0.0,1,2,1,0,0,0,1,0,0,1,0,0,0,baixo
1,10000.0,0,0.0,2,2,1,0,0,0,0,1,0,0,0,0,0,alto
1,0.0,0,0.0,0,0,1,0,0,0,0,0,0,0,0,0,0,gratuito
1,0.0,0,0.0,0,0,1,0,0,0,0,0,0,0,0,0,0,gratuito
4,10000.0,5,0.8,1,3,1,0,0,0,0,0,0,1,0,0,1,alto
11,35000.0,168,0.6130952380952381,5,2,1,0,0,0,1,0,1,0,0,0,0,medio_alto
2,10000.0,16,0.9375,1,2,1,0,0,0,1,0,0,1,0,0,0,medio_baixo
1,10000.0,0,0.0,9,5,1,0,0,0,1,1,1,0,1,1,0,alto
2,10000.0,0,0.0,1,4,1,1,0,0,1,1,1,0,1,0,0,alto
4,0.0,0,0.0,0,0,1,0,0,0,0,0,0,0,0,0,0,gratuito
2,10000.0,7,0.8571428571428571,1,2,1,0,0,0,1,1,0,0,0,0,0,medio_alto
5,10000.0,14,0.42857142857142855,2,3,1,0,0,0,1,1,0,0,1,0,0,gratuito
6,35000.0,9,0.2222222222222222,1,2,1,0,0,0,1,0,1,0,0,0,0,baixo
3,0.0,0,0.0,0,0,1,0,0,0,0,0,0,0,0,0,0,gratuito
5,75000.0,1,1.0,1,2,1,0,0,0,0,0,1,0,1,0,0,medio_baixo
1,0.0,0,0.0,2,3,1,0,0,0,0,0,0,0,1,1,0,gratuito
1,10000.0,0,0.0,7,3,1,0,0,0,1,1,1,0,0,0,0,alto
7,35000.0,1,0.0,1,1,1,1,1,0,0,0,0,1,0,0,0,medio_baixo
11,350000.0,1645,0.7957446808510639,2,2,1,1,1,2,1,0,1,0,0,0,0,medio_baixo
2,0.0,0,0.0,3,2,1,0,0,0,0,0,0,0,0,1,0,gratuito
2,10000.0,6,0.8333333333333334,1,2,1,1,1,0,1,0,0,1,0,0,0,medio_baixo
1,0.0,0,0.0,0,0,1,0,0,0,0,0,0,0,0,0,0,gratuito
2,10000.0,2,1.0,4,3,1,0,0,1,1,1,0,1,0,0,0,alto
8,10000.0,3,1.0,1,4,1,0,0,0,1,1,0,0,0,0,0,medio_alto
1,10000.0,0,0.0,2,2,1,0,0,0,1,0,0,1,0,0,0,medio_alto
2,10000.0,17,0.29411764705882354,12,3,1,0,1,0,1,1,1,0,0,0,0,medio_baixo
7,10000.0,12,0.9166666666666666,1,2,1,1,0,0,1,1,0,0,0,0,0,medio_alto
9,350000.0,5237,0.8705365667366813,8,2,1,0,0,1,0,1,0,0,0,0,0,gratuito
6,10000.0,0,0.0,1,4,1,0,0,0,1,0,1,1,0,0,1,alto
8,10000.0,13,0.23076923076923078,2,1,1,1,1,2,1,0,0,0,0,0,0,baixo
2,10000.0,288,0.9548611111111112,12,5,1,1,1,0,1,1,1,1,0,0,1,alto
1,0.0,0,0.0,1,3,1,0,0,0,0,0,0,0,1,1,0,gratuito
5,0.0,0,0.0,0,0,1,0,0,0,0,0,0,0,0,0,0,gratuito
6,10000.0,18,0.5555555555555556,2,3,1,0,0,0,0,0,0,0,0,1,0,gratuito
2,10000.0,0,0.0,1,4,1,0,0,0,1,0,1,1,0,0,1,baixo
6,10000.0,0,0.0,1,6,1,0,0,0,1,1,1,1,1,0,1,medio_baixo
8,10000.0,28,0.7857142857142857,3,2,1,0,0,0,0,0,0,1,0,0,0,gratuito
10,350000.0,6231,0.8958433638260311,2,4,1,0,0,1,1,1,1,0,1,0,0,medio_alto
1,10000.0,0,0.0,11,4,1,0,0,0,1,1,1,0,0,0,0,alto
7,10000.0,50,0.74,1,3,1,0,0,0,1,0,1,0,0,0,0,gratuito
19,75000000.0,1161472,0.8990866762177651,27,2,1,0,1,1,0,1,0,0,0,0,0,gratuito
8,10000.0,5,1.0,1,2,1,0,0,0,1,0,0,1,0,0,0,medio_baixo
2,10000.0,1,1.0,1,4,1,0,0,0,1,1,0,0,1,1,0,medio_baixo
3,10000.0,1,1.0,1,4,1,0,0,0,1,0,0,1,0,1,1,medio_baixo
1,10000.0,47,0.8297872340425532,3,1,1,0,0,0,0,0,1,0,0,0,0,alto
7,10000.0,5,1.0,1,3,1,0,0,0,1,1,1,0,0,0,0,medio_alto
17,10000.0,55,0.6545454545454545,1,3,1,1,0,0,1,0,0,0,0,0,0,alto
8,35000.0,5,0.6,1,5,1,0,0,0,1,0,1,1,1,0,0,baixo
4,35000.0,4,1.0,1,3,1,0,0,0,1,1,1,0,0,0,0,baixo
3,10000.0,6,1.0,1,1,1,1,0,0,0,0,0,1,0,0,0,medio_alto
5,10000.0,7,0.7142857142857143,7,1,1,0,0,0,0,1,0,0,0,0,0,baixo
5,10000.0,68,0.8235294117647058,29,2,1,0,0,0,1,0,0,1,0,0,0,baixo
10,10000.0,18,0.8333333333333334,1,2,1,1,0,0,1,1,0,0,0,0,0,medio_baixo
6,10000.0,21,0.5714285714285714,1,5,1,0,0,0,1,0,0,1,0,1,1,medio_alto
9,35000.0,101,0.7326732673267327,1,3,1,0,0,0,1,0,1,1,0,0,0,baixo
2,0.0,0,0.0,24,2,1,0,0,0,0,0,1,0,0,0,0,gratuito
4,10000.0,0,0.0,1,2,1,0,0,0,1,0,1,0,0,0,0,medio_baixo
2,10000.0,4,1.0,1,2,1,0,0,0,1,0,0,1,0,0,0,medio_alto
3,10000.0,14,1.0,1,5,1,1,0,0,1,1,1,1,1,0,0,medio_baixo
2,10000.0,27,0.8148148148148148,2,2,1,0,1,0,1,0,1,0,0,0,0,medio_alto
8,1500000.0,22084,0.7731842057598262,9,2,1,0,0,1,0,1,0,0,1,0,0,alto
6,350000.0,3032,0.7895778364116095,9,6,1,0,0,7,1,1,1,0,0,1,1,alto
1,35000.0,7,1.0,2,2,1,0,0,0,1,1,0,0,0,0,0,medio_baixo
8,35000.0,381,0.916010498687664,1,2,1,1,1,0,1,0,1,0,0,0,0,gratuito
1,10000.0,4,1.0,1,3,1,0,0,0,1,1,0,0,0,0,0,alto
5,35000.0,6,0.6666666666666666,2,3,1,0,0,0,1,0,1,0,1,0,0,baixo
5,10000.0,20,0.6,2,3,1,0,0,0,1,0,0,1,0,1,0,baixo
3,75000.0,17,0.8235294117647058,1,3,1,0,0,0,1,1,1,0,0,0,0,baixo
7,10000.0,1,1.0,4,2,1,0,0,0,0,0,1,1,0,0,0,baixo
2,10000.0,1,1.0,1,2,1,0,0,0,1,0,0,0,0,1,0,medio_alto
2,10000.0,0,0.0,1,4,1,0,0,0,1,1,1,1,0,0,0,baixo
1,10000.0,33,0.9393939393939394,8,3,1,0,0,0,1,1,0,0,1,0,0,medio_baixo
8,35000.0,20,0.65,1,3,1,0,0,0,1,1,0,0,0,0,0,gratuito
1,10000.0,0,0.0,1,4,1,0,0,0,1,0,1,1,0,0,0,medio_alto
3,10000.0,2,0.5,3,5,1,0,0,0,1,0,1,1,1,0,1,baixo
5,75000.0,63,0.9206349206349206,1,2,1,1,0,1,1,1,0,0,0,0,0,medio_alto
7,10000.0,6,0.8333333333333334,2,2,1,1,0,0,1,0,0,1,0,0,0,medio_alto
5,10000.0,5,1.0,1,3,1,1,1,0,1,1,1,0,0,0,0,baixo
7,10000.0,8,0.625,1,1,1,0,0,0,0,0,0,0,0,0,1,baixo
8,35000.0,245,0.5551020408163265,1,2,1,0,0,0,1,0,0,1,0,0,0,baixo
5,75000.0,182,0.9010989010989011,3,2,1,0,0,0,0,0,1,0,0,0,1,gratuito
4,10000.0,7,0.5714285714285714,1,3,1,0,0,0,1,1,0,0,0,0,0,alto
6,35000.0,33,0.7878787878787878,6,3,1,0,0,0,1,0,1,1,0,0,0,medio_baixo
7,10000.0,0,0.0,1,1,1,0,0,0,0,0,1,0,0,0,0,medio_alto
4,0.0,0,0.0,1,6,1,0,0,0,1,0,1,1,0,1,0,baixo
2,10000.0,0,0.0,11,6,1,0,0,0,1,0,1,1,1,1,1,medio_alto
5,10000.0,0,0.0,1,1,1,0,0,0,0,0,0,1,0,0,0,medio_baixo
7,10000.0,205,0.8536585365853658,3,2,1,0,0,0,0,1,1,0,0,0,0,medio_baixo
1,0.0,0,0.0,1,2,1,0,0,0,0,0,0,0,0,0,1,gratuito
2,10000.0,9,1.0,2,1,1,0,0,0,0,0,0,0,0,1,0,medio_baixo
5,35000.0,7,0.5714285714285714,2,6,1,0,0,0,1,1,1,0,1,0,1,medio_alto
8,150000.0,436,0.6490825688073395,2,5,1,0,0,0,1,0,1,0,1,0,0,gratuito
10,150000.0,482,0.8215767634854771,2,3,1,0,0,0,1,0,0,1,0,0,1,medio_baixo
1,10000.0,0,0.0,1,2,1,0,0,0,1,0,1,0,0,0,0,baixo
1,10000.0,0,0.0,1,2,1,0,0,0,0,0,0,1,0,0,0,alto
5,10000.0,30,0.9,1,3,1,0,0,0,1,1,0,1,0,0,0,baixo
1,10000.0,0,0.0,5,1,1,1,1,2,0,0,0,1,0,0,0,medio_alto
1,0.0,0,0.0,0,0,1,0,0,0,0,0,0,0,0,0,0,gratuito
7,10000.0,87,0.5402298850574713,5,1,1,0,0,0,0,0,0,0,0,0,0,medio_baixo
7,150000.0,1566,0.934227330779055,1,3,1,1,0,0,1,0,0,1,0,0,1,gratuito
3,10000.0,8,0.875,1,1,1,0,0,0,1,0,0,0,0,0,0,medio_alto
3,35000.0,14,0.7857142857142857,1,2,1,0,0,0,1,0,0,0,0,1,0,medio_alto
2,0.0,0,0.0,103,2,1,0,0,0,1,0,0,1,0,0,0,baixo
5,10000.0,30,0.9333333333333333,3,2,1,0,0,0,1,1,0,0,0,0,0,baixo
1,10000.0,0,0.0,7,2,1,0,0,0,1,0,1,0,0,0,0,alto
1,0.0,0,0.0,0,0,1,0,0,0,0,0,0,0,0,0,0,gratuito
5,0.0,0,0.0,0,0,1,0,0,0,0,0,0,0,0,0,0,gratuito
4,0.0,0,0.0,1,4,1,0,0,0,1,0,1,1,0,0,0,gratuito
1,10000.0,327,0.8562691131498471,27,4,1,0,0,0,0,1,1,0,1,0,1,alto
5,10000.0,142,0.9084507042253521,4,3,1,1,0,0,1,0,1,1,0,0,0,medio_baixo
6,10000.0,52,0.75,1,2,1,0,0,1,1,1,0,0,0,0,0,gratuito
4,10000.0,5,0.6,1,4,1,0,0,0,0,1,1,1,0,0,1,medio_alto
7,10000.0,89,0.9438202247191011,2,6,1,1,1,1,1,1,1,1,0,0,0,medio_baixo
6,10000.0,2,0.5,5,4,1,0,0,0,1,0,0,1,0,1,1,medio_baixo
7,75000.0,3507,0.975762760193898,3,2,1,0,0,0,0,0,1,1,0,0,0,medio_alto
9,10000.0,30,0.5333333333333333,1,3,1,1,0,0,1,0,1,0,1,0,0,baixo
6,10000.0,73,0.821917808219178,2,3,1,0,0,0,1,0,0,1,1,0,0,medio_alto
4,10000.0,44,0.9545454545454546,2,2,1,0,0,0,1,0,0,1,0,0,0,medio_baixo
1,10000.0,0,0.0,1,5,1,0,0,0,1,0,1,1,1,1,0,medio_alto
3,10000.0,0,0.0,1,4,1,0,0,0,1,1,1,1,0,0,0,medio_baixo
2,0.0,0,0.0,1,2,1,0,1,0,0,0,0,1,0,0,0,gratuito
5,10000.0,2,0.5,1,5,1,0,1,0,1,0,0,1,0,1,1,medio_alto
1,10000.0,0,0.0,8,4,1,0,0,0,1,1,0,1,0,0,1,medio_baixo
2,10000.0,3,0.6666666666666666,4,6,1,0,0,0,1,1,1,1,0,1,0,alto
2,10000.0,8,1.0,10,4,1,0,0,0,1,0,1,1,0,0,0,baixo
2,10000.0,0,0.0,16,4,1,1,1,0,1,0,1,1,0,0,0,alto
3,10000.0,32,0.5625,2,2,1,0,0,0,1,1,0,0,0,0,0,medio_baixo
4,10000.0,0,0.0,1,2,1,0,0,2,1,0,0,1,0,0,0,baixo
4,10000.0,9,0.6666666666666666,1,4,1,0,0,0,0,0,0,1,0,1,1,gratuito
3,10000.0,2,1.0,2,2,1,0,0,0,0,0,1,1,0,0,0,alto
2,750000.0,901,0.758046614872364,12,4,1,0,0,2,1,1,1,0,1,0,0,alto
4,3500000.0,103228,0.9562424923470376,10,4,1,1,0,7,1,1,1,0,0,1,0,alto
1,10000.0,38,0.7105263157894737,5,4,1,0,0,0,1,0,0,1,0,1,1,medio_alto
2,10000.0,5,0.6,1,2,1,1,1,0,1,0,0,0,1,0,0,medio_baixo
2,10000.0,25,0.92,1,1,1,0,0,0,0,1,0,0,0,0,0,baixo
8,10000.0,3,1.0,1,2,1,0,0,0,1,1,0,0,0,0,0,baixo
8,35000.0,4,1.0,1,6,1,0,0,0,1,0,1,1,1,1,0,baixo
4,10000.0,17,0.8235294117647058,1,1,1,0,0,0,0,0,1,0,0,0,0,baixo
5,0.0,0,0.0,1,2,1,1,1,0,1,0,1,0,0,0,0,gratuito
2,10000.0,10,1.0,1,4,1,0,0,0,1,1,1,1,0,0,0,alto
1,10000.0,39,0.8461538461538461,1,3,1,0,0,0,1,0,0,1,1,0,0,medio_baixo
7,10000.0,9,0.8888888888888888,1,2,1,0,0,0,1,0,0,1,0,0,0,baixo
1,0.0,0,0.0,4,1,1,0,0,0,0,1,0,0,0,0,0,alto
2,750000.0,13238,0.8555673062396132,8,3,1,0,0,0,1,1,1,0,0,0,0,alto
3,10000.0,10,1.0,5,6,1,1,0,0,1,1,1,0,1,1,0,alto
3,10000.0,70,0.9714285714285714,2,2,1,0,0,0,0,0,1,1,0,0,0,alto
6,10000.0,0,0.0,1,1,1,0,0,1,0,0,0,1,0,0,0,gratuito
3,0.0,0,0.0,1,2,1,0,0,0,1,1,0,0,0,0,0,gratuito
6,10000.0,0,0.0,1,2,1,0,0,2,1,0,0,1,0,0,0,baixo
3,0.0,0,0.0,0,0,1,0,0,0,0,0,0,0,0,0,0,gratuito
3,10000.0,60,0.8833333333333333,8,2,1,0,0,0,0,1,0,0,0,0,0,alto
1,0.0,0,0.0,0,0,1,0,0,0,0,0,0,0,0,0,0,gratuito
3,0.0,0,0.0,0,0,1,0,0,0,0,0,0,0,0,0,0,gratuito
2,0.0,0,0.0,4,3,1,0,0,5,1,1,0,0,0,0,0,gratuito
6,10000.0,31,0.967741935483871,1,1,1,0,0,0,0,1,0,0,0,0,0,medio_baixo
7,10000.0,62,0.9193548387096774,1,4,1,0,0,0,0,1,0,1,0,0,0,medio_alto
2,10000.0,69,0.7681159420289855,5,3,1,0,1,0,1,0,1,0,0,0,1,alto
8,10000.0,8,1.0,1,3,1,0,1,0,0,1,1,0,1,0,0,baixo
11,10000.0,34,0.6470588235294118,1,4,1,0,0,0,1,1,1,0,0,0,0,alto
6,10000.0,48,0.8541666666666666,1,1,1,0,0,0,1,0,0,0,0,0,0,medio_alto
2,10000.0,12,1.0,3,3,1,0,0,0,1,1,0,0,0,0,0,baixo
1,0.0,0,0.0,2,5,1,0,0,0,1,0,1,1,0,0,1,gratuito
1,10000.0,104,0.5673076923076923,10,4,1,0,0,0,1,1,1,0,0,0,0,alto
4,10000.0,135,0.8666666666666667,1,1,1,0,0,0,1,0,0,0,0,0,0,baixo
3,10000.0,21,0.8095238095238095,2,2,1,0,0,0,1,1,0,0,0,0,0,medio_baixo
1,0.0,0,0.0,0,0,1,0,0,0,0,0,0,0,0,0,0,gratuito
5,10000.0,17,0.6470588235294118,1,5,1,0,0,0,1,0,1,1,0,0,1,baixo
5,75000.0,2,1.0,1,2,1,1,1,0,0,1,1,0,0,0,0,medio_baixo
5,75000.0,14,0.5714285714285714,8,3,1,1,1,0,1,0,1,1,0,0,0,baixo
5,10000.0,3,0.3333333333333333,1,5,1,0,0,0,1,0,0,1,0,0,1,alto
2,10000.0,10,1.0,1,2,1,0,0,0,1,1,0,0,0,0,0,baixo
8,10000.0,28,0.4642857142857143,1,3,1,0,0,0,1,0,0,1,0,1,0,baixo
1,10000.0,0,0.0,1,5,1,0,0,0,1,1,1,1,0,0,0,medio_baixo
9,10000.0,35,0.8571428571428571,1,5,1,0,0,0,1,1,1,0,0,0,0,medio_alto
11,150000.0,2610,0.9406130268199234,12,3,1,1,0,0,1,0,1,1,0,0,0,medio_alto
4,10000.0,0,0.0,1,1,1,0,0,0,0,0,0,1,0,0,0,baixo
9,75000.0,258,0.6007751937984496,3,1,1,0,0,0,0,0,0,0,0,0,1,baixo
1,10000.0,3,1.0,5,4,1,0,1,0,1,1,1,1,0,0,0,baixo
1,0.0,0,0.0,19,3,1,0,0,0,1,0,0,1,0,0,0,gratuito
6,10000.0,57,0.9473684210526315,1,2,1,0,0,0,1,0,1,0,0,0,0,alto
11,10000.0,53,0.7924528301886793,1,2,1,0,0,1,1,0,1,0,0,0,0,medio_baixo
4,35000.0,276,0.40217391304347827,3,4,1,0,0,1,1,0,1,1,0,1,0,medio_baixo
2,75000.0,348,0.8247126436781609,10,2,1,1,1,0,1,1,0,0,0,0,0,medio_alto
6,10000.0,8,0.75,2,3,1,0,0,0,1,1,1,0,0,0,0,baixo
3,10000.0,55,0.8363636363636363,1,3,1,0,0,1,1,1,0,0,0,0,0,alto
3,10000.0,0,0.0,19,2,1,0,0,0,1,0,0,1,0,0,0,baixo
2,10000.0,3,0.3333333333333333,4,5,1,1,0,0,1,0,0,1,0,0,1,alto
5,10000.0,16,0.5,3,5,1,0,0,0,1,1,1,1,0,1,0,baixo
3,10000.0,723,0.9363762102351314,13,3,1,0,0,1,1,1,1,0,0,0,0,medio_baixo
4,10000.0,7,1.0,7,2,1,0,0,0,1,0,0,1,0,0,0,medio_baixo
3,35000.0,456,0.9736842105263158,4,2,1,0,0,0,1,0,0,0,1,0,0,baixo
3,10000.0,36,0.9166666666666666,3,2,1,0,0,0,1,1,0,0,0,0,0,baixo
5,10000.0,0,0.0,1,2,1,1,0,1,1,0,0,0,0,0,1,medio_alto
16,10000.0,48,0.8125,1,2,1,0,0,0,1,0,0,1,0,0,0,medio_alto
8,10000.0,10,0.6,1,1,1,0,0,0,1,0,0,0,0,0,0,baixo
1,10000.0,0,0.0,1,5,1,1,0,0,0,0,0,0,0,1,1,alto
1,10000.0,36,1.0,9,5,1,0,1,2,1,1,1,0,1,0,0,medio_alto
6,10000.0,24,0.5,29,4,1,0,0,0,1,1,1,1,0,0,0,baixo
2,0.0,0,0.0,1,4,1,0,0,0,1,0,1,0,0,0,1,gratuito
8,10000.0,30,0.9,1,5,1,0,0,0,1,0,1,1,0,1,0,baixo
1,10000.0,0,0.0,16,2,1,0,0,1,1,0,1,0,0,0,0,alto
1,0.0,0,0.0,1,1,1,0,0,0,0,0,0,1,0,0,0,medio_baixo
6,10000.0,94,0.8829787234042553,2,4,1,0,0,1,0,1,0,1,0,0,0,gratuito
2,10000.0,1,1.0,2,2,1,0,0,0,1,0,0,1,0,0,0,medio_baixo
1,0.0,0,0.0,1,4,1,0,0,0,1,0,0,1,0,1,0,gratuito
4,0.0,0,0.0,1,4,1,0,0,0,1,1,0,1,0,1,0,gratuito
8,35000.0,197,0.7715736040609137,2,3,1,0,0,0,1,0,1,1,0,0,0,alto
9,10000.0,33,0.8181818181818182,1,4,1,1,0,0,1,1,1,0,0,0,0,baixo
2,0.0,0,0.0,103,8,1,0,0,3,1,1,1,1,0,1,1,gratuito
8,10000.0,19,0.631578947368421,1,3,1,0,0,0,1,0,0,1,0,1,0,gratuito
2,10000.0,2,1.0,2,3,1,1,0,0,1,1,0,1,0,0,0,medio_baixo
1,0.0,0,0.0,0,0,1,0,0,0,0,0,0,0,0,0,0,gratuito
2,10000.0,3,0.6666666666666666,1,2,1,0,0,0,1,0,0,0,0,1,0,medio_baixo
3,10000.0,2,1.0,1,2,1,0,1,0,1,1,0,0,0,0,0,baixo
1,10000.0,26,0.6153846153846154,1,2,1,1,0,0,1,0,1,0,0,0,0,medio_alto
1,0.0,0,0.0,1,3,1,0,0,0,1,1,0,0,0,0,0,gratuito
5,10000.0,3,1.0,1,5,1,0,0,0,1,1,1,1,0,1,0,medio_baixo
7,10000.0,10,0.9,1,3,1,0,0,0,1,0,0,0,1,0,0,baixo
7,10000.0,82,0.9146341463414634,26,2,1,0,1,0,0,1,0,0,0,0,0,medio_baixo
11,75000.0,138,0.8478260869565217,1,3,1,1,1,0,1,0,1,0,0,1,0,medio_baixo
1,10000.0,1,1.0,1,3,1,1,0,0,1,0,1,0,1,0,0,medio_alto
7,10000.0,0,0.0,1,5,1,0,0,0,1,0,1,1,1,0,1,medio_baixo
5,0.0,0,0.0,1,4,1,0,0,0,1,1,1,0,0,0,0,gratuito
6,750000.0,9266,0.9343837686164472,1,3,1,1,0,5,1,0,1,0,1,0,0,medio_alto
7,10000.0,7,0.42857142857142855,2,2,1,0,0,0,1,0,1,0,0,0,0,baixo
9,10000.0,8,1.0,1,1,1,0,0,1,0,1,0,0,0,0,0,medio_baixo
2,0.0,0,0.0,13,4,1,0,0,0,1,0,0,1,0,0,1,gratuito
3,10000.0,22,0.5909090909090909,1,3,1,0,0,0,1,0,1,0,0,0,0,gratuito
4,10000.0,3,1.0,1,2,1,1,1,1,0,1,1,0,0,0,0,baixo
10,35000.0,155,0.896774193548387,5,2,1,0,0,0,1,0,0,1,0,0,0,gratuito
8,10000.0,34,0.7647058823529411,1,3,1,0,0,0,1,0,1,0,1,0,0,baixo
5,10000.0,39,0.6153846153846154,2,7,1,0,0,0,1,0,0,1,1,1,1,gratuito
10,75000.0,68,0.8382352941176471,8,2,1,0,0,0,1,0,0,1,0,0,0,baixo
1,10000.0,1,1.0,1,3,1,0,0,0,0,1,1,1,0,0,0,baixo
2,10000.0,5,0.8,1,2,1,0,0,0,1,0,0,1,0,0,0,baixo
4,10000.0,17,0.6470588235294118,14,4,1,0,0,0,1,1,0,1,0,0,0,medio_alto
13,350000.0,2834,0.892378263937897,5,5,1,0,0,7,1,0,0,1,0,1,1,medio_baixo
3,35000.0,278,0.8884892086330936,11,3,1,0,0,1,0,0,1,0,1,1,0,medio_alto
12,150000.0,118,0.8389830508474576,1,2,1,0,0,0,0,0,0,1,1,0,0,medio_alto
3,10000.0,3,0.0,2,3,1,0,0,0,0,1,1,0,1,0,0,medio_baixo
4,10000.0,24,0.9583333333333334,2,3,1,0,0,0,1,0,0,1,0,1,0,medio_alto
3,0.0,0,0.0,0,0,1,0,0,0,0,0,0,0,0,0,0,gratuito
6,150000.0,841,0.6730083234244947,1,3,1,0,0,0,1,0,0,1,0,1,0,medio_baixo
1,0.0,0,0.0,3,3,1,0,0,0,1,1,0,0,0,0,1,medio_alto
2,10000.0,1,1.0,11,2,1,0,0,0,1,0,0,1,0,0,0,baixo
1,0.0,0,0.0,0,0,1,0,0,0,0,0,0,0,0,0,0,gratuito
7,10000.0,2,0.5,2,2,1,0,0,0,1,0,1,0,0,0,0,medio_baixo
8,10000.0,27,0.8148148148148148,2,3,1,1,1,0,1,0,1,0,1,0,0,alto
5,35000.0,4,0.5,1,1,1,0,0,0,0,0,0,1,0,0,0,medio_baixo
5,35000.0,17,0.11764705882352941,1,4,1,0,0,0,0,1,1,0,0,1,0,medio_alto
7,10000.0,8,0.75,1,4,1,0,0,0,0,1,1,0,1,0,0,alto
1,10000.0,0,0.0,1,3,1,0,0,0,1,0,0,1,0,0,1,medio_alto
4,10000.0,1,1.0,2,4,1,0,0,0,1,0,0,1,0,1,0,medio_baixo
3,0.0,0,0.0,2,4,1,0,0,0,1,1,0,0,1,0,0,gratuito
9,10000.0,11,0.7272727272727273,1,2,1,0,0,0,0,1,0,0,0,0,0,medio_alto
2,10000.0,0,0.0,1,4,1,0,0,0,1,0,1,1,1,0,0,gratuito
5,10000.0,33,0.9393939393939394,1,2,1,1,0,0,0,0,0,1,0,1,0,medio_baixo
1,0.0,0,0.0,0,0,1,0,0,0,0,0,0,0,0,0,0,gratuito
3,10000.0,33,0.6666666666666666,103,5,1,0,0,0,1,0,0,1,0,0,1,medio_alto
5,0.0,0,0.0,1,1,1,0,0,0,0,0,1,0,0,0,0,gratuito
9,10000.0,41,0.8780487804878049,1,2,1,1,1,1,1,0,1,0,0,0,0,medio_alto
2,10000.0,28,0.7142857142857143,1,4,1,0,0,1,0,1,1,0,0,1,0,gratuito
4,10000.0,1,0.0,2,7,1,0,0,0,1,1,1,1,0,0,1,alto
3,10000.0,9,0.4444444444444444,1,2,1,0,0,0,0,0,1,1,0,0,0,alto
1,0.0,0,0.0,1,2,1,0,0,0,0,0,0,0,0,1,0,gratuito
6,35000.0,86,0.7209302325581395,1,2,1,0,0,0,0,0,0,1,0,0,0,gratuito
16,35000.0,132,0.9015151515151515,5,2,1,1,0,0,0,1,1,0,0,0,0,medio_baixo
1,10000.0,0,0.0,2,3,1,0,0,0,1,1,0,1,0,0,0,baixo
5,0.0,0,0.0,0,0,1,0,0,0,0,0,0,0,0,0,0,gratuito
4,10000.0,0,0.0,1,2,1,1,1,0,1,0,0,1,0,0,0,medio_alto
10,10000.0,6,0.6666666666666666,1,3,1,0,0,0,1,0,0,1,1,0,0,medio_alto
1,10000.0,0,0.0,2,2,1,0,0,0,1,0,1,0,0,0,0,medio_baixo
2,10000.0,0,0.0,1,3,1,0,0,3,0,0,1,1,0,0,1,medio_baixo
3,0.0,0,0.0,0,0,1,0,0,0,0,0,0,0,0,0,0,gratuito
5,10000.0,97,0.8762886597938144,5,3,1,0,0,0,0,1,1,1,0,0,0,baixo
7,10000.0,1,1.0,2,3,1,0,0,0,1,0,0,1,0,0,0,alto
6,10000.0,8,0.25,5,1,1,1,0,0,0,0,0,1,0,0,0,baixo
4,0.0,0,0.0,0,0,1,0,0,0,0,0,0,0,0,0,0,gratuito
2,10000.0,3,1.0,2,3,1,0,0,0,1,0,0,0,0,1,0,medio_baixo
2,10000.0,9,1.0,10,1,1,0,0,0,1,0,0,0,0,0,0,medio_alto
1,0.0,0,0.0,1,3,1,0,0,0,0,0,0,1,0,0,1,medio_alto
13,150000.0,361,0.6260387811634349,1,4,1,1,1,0,1,1,0,1,0,1,0,medio_alto
4,10000.0,51,0.6666666666666666,1,4,1,0,0,0,1,1,1,0,0,0,1,baixo
2,10000.0,7,0.8571428571428571,9,1,1,1,1,0,0,0,0,1,0,0,0,baixo
3,35000.0,2,1.0,1,3,1,0,0,0,0,1,1,1,0,0,0,medio_alto
10,10000.0,23,0.8695652173913043,2,4,1,0,1,0,1,1,1,1,0,0,0,medio_alto
3,10000.0,19,0.631578947368421,7,3,1,0,0,0,1,0,0,0,0,1,1,alto
12,10000.0,31,0.3225806451612903,1,1,1,1,1,0,1,0,0,0,0,0,0,baixo
2,0.0,0,0.0,0,0,1,0,0,0,0,0,0,0,0,0,0,gratuito
1,0.0,0,0.0,0,0,1,0,0,0,0,0,0,0,0,0,0,gratuito
2,10000.0,0,0.0,1,1,1,0,0,0,0,0,0,0,1,0,0,medio_alto
2,10000.0,0,0.0,1,3,1,0,0,0,1,0,0,1,0,0,1,medio_alto
4,350000.0,2885,0.6547660311958405,11,4,1,0,0,2,0,1,1,0,1,0,0,alto
4,10000.0,0,0.0,1,3,1,0,0,0,0,0,1,1,0,0,1,alto
1,10000.0,0,0.0,7,3,1,0,0,0,1,0,1,1,0,0,0,medio_alto
5,75000.0,553,0.7233273056057866,6,3,1,0,0,0,1,1,1,0,0,0,0,alto
1,0.0,0,0.0,0,0,1,0,0,0,0,0,0,0,0,0,0,gratuito
10,750000.0,4609,0.8724235192015621,4,1,1,0,0,0,0,0,0,0,1,0,0,medio_alto
4,10000.0,8,0.5,1,1,1,0,0,0,0,0,0,1,0,0,0,medio_baixo
4,10000.0,0,0.0,1,4,1,0,0,0,1,0,0,1,0,0,1,baixo
4,10000.0,0,0.0,1,4,1,0,0,0,1,1,1,0,1,0,0,alto
1,0.0,0,0.0,27,2,1,1,1,0,1,0,0,0,0,0,1,baixo
2,0.0,0,0.0,1,3,1,0,0,1,1,1,0,1,0,0,0,gratuito
8,35000.0,227,0.7004405286343612,5,2,1,0,0,0,0,1,0,0,0,0,0,baixo
4,10000.0,12,0.5833333333333334,4,3,1,0,0,0,0,0,0,1,0,1,1,alto
2,10000.0,0,0.0,7,3,1,1,1,1,1,0,1,0,0,0,1,alto
4,35000.0,237,0.5569620253164557,13,6,1,0,0,0,1,0,1,0,1,1,1,alto
2,10000.0,146,0.9041095890410958,1,1,1,1,1,0,1,0,0,0,0,0,0,alto
8,10000.0,59,0.9152542372881356,3,5,1,1,0,0,1,1,0,1,0,1,1,medio_baixo
4,10000.0,3,0.6666666666666666,1,3,1,0,0,0,1,1,0,0,0,0,0,baixo
2,10000.0,8,1.0,1,4,1,0,0,0,1,1,1,0,1,0,0,baixo
1,0.0,0,0.0,0,0,1,0,0,0,0,0,0,0,0,0,0,gratuito
2,10000.0,0,0.0,2,2,1,0,0,0,1,0,0,0,0,1,0,medio_alto
1,75000.0,3,1.0,1,3,1,0,0,0,1,1,0,0,0,0,0,medio_alto
1,10000.0,0,0.0,1,4,1,1,1,0,1,1,1,1,0,0,0,alto
9,350000.0,15,0.2,1,3,1,1,1,0,0,1,1,0,1,0,0,baixo
7,75000.0,435,0.8873563218390804,9,3,1,0,0,0,1,0,0,0,0,1,1,alto
9,10000.0,85,0.7647058823529411,1,3,1,1,1,0,1,0,0,0,1,1,0,medio_baixo
4,0.0,0,0.0,1,2,1,1,0,0,0,0,0,0,0,1,0,gratuito
8,35000.0,91,0.8681318681318682,2,5,1,0,0,0,1,0,1,0,1,0,0,gratuito
1,35000.0,373,0.8579088471849866,5,4,1,0,0,0,1,1,1,0,1,0,0,alto
5,10000.0,1,0.0,1,4,1,1,1,0,1,1,1,0,0,1,0,medio_baixo
10,10000.0,41,0.8780487804878049,1,3,1,0,0,0,1,0,0,0,0,1,1,alto
3,10000.0,17,0.9411764705882353,1,3,1,0,0,0,0,1,0,0,1,0,1,medio_baixo
5,35000.0,6,0.8333333333333334,2,4,1,0,0,3,0,0,1,0,1,1,1,alto
12,750000.0,2782,0.9241552839683681,1,4,1,1,1,0,1,0,0,0,1,1,0,gratuito
1,0.0,0,0.0,0,0,1,0,0,0,0,0,0,0,0,0,0,gratuito
1,10000.0,0,0.0,1,2,1,0,0,0,1,0,0,1,0,0,0,alto
2,10000.0,0,0.0,1,3,1,0,0,0,1,1,1,0,0,0,0,medio_alto
10,750000.0,17584,0.9141833484986351,10,2,1,1,1,1,1,0,0,0,0,0,1,baixo
9,75000.0,399,0.9072681704260651,2,2,1,0,0,0,0,0,1,1,0,0,0,alto
7,35000.0,348,0.8390804597701149,4,3,1,0,0,1,1,0,1,1,0,0,0,medio_alto
6,10000.0,45,0.9111111111111111,3,3,1,1,1,0,1,0,0,1,0,1,0,baixo
2,10000.0,6,0.8333333333333334,3,1,1,0,0,0,0,0,0,0,1,0,0,medio_alto
9,35000.0,2981,0.9885944313988595,8,3,1,0,0,0,0,0,1,1,0,0,1,medio_alto
2,10000.0,2,0.5,1,3,1,0,0,0,1,0,0,1,0,0,0,medio_baixo
2,35000.0,15,0.9333333333333333,1,2,1,1,1,0,1,0,1,0,0,0,0,alto
3,10000.0,4,1.0,1,4,1,0,0,0,0,1,1,1,0,1,0,medio_baixo
2,10000.0,0,0.0,1,2,1,0,0,0,1,0,0,1,0,0,0,medio_baixo
4,10000.0,205,0.9707317073170731,2,1,1,1,1,0,0,0,1,0,0,0,0,medio_alto
4,10000.0,8,1.0,1,4,1,1,0,0,1,1,1,0,0,0,0,medio_alto
8,10000.0,8,0.875,1,4,1,0,0,0,1,0,0,1,0,1,0,medio_baixo
9,10000.0,18,0.3888888888888889,1,4,1,0,0,0,1,1,0,0,1,0,0,baixo
3,150000.0,2,0.0,5,1,1,0,0,0,0,0,1,0,0,0,0,medio_baixo
1,0.0,0,0.0,0,0,1,0,0,0,0,0,0,0,0,0,0,gratuito
4,10000.0,24,0.875,2,2,1,0,1,1,1,0,1,0,0,0,0,medio_baixo
3,75000.0,888,0.8885135135135135,1,3,1,0,0,0,1,0,0,0,0,0,1,gratuito
2,35000.0,329,0.4072948328267477,1,4,1,0,0,0,1,1,0,0,0,1,0,gratuito
3,10000.0,10,1.0,1,2,1,0,0,0,0,0,1,1,0,0,0,baixo
8,350000.0,1226,0.5938009787928222,2,3,1,0,0,2,1,1,0,0,1,0,0,alto
1,10000.0,0,0.0,3,2,1,0,0,0,1,1,0,0,0,0,0,alto
7,10000.0,4,0.75,2,5,1,0,0,0,1,1,1,1,0,0,0,alto
1,10000.0,0,0.0,1,3,1,0,1,0,1,0,0,0,0,1,1,medio_alto
1,10000.0,0,0.0,1,3,1,0,0,0,1,1,1,0,0,0,0,medio_baixo
10,75000.0,89,0.8426966292134831,1,2,1,0,0,0,0,0,1,1,0,0,0,medio_alto
1,0.0,0,0.0,0,0,1,0,0,0,0,0,0,0,0,0,0,gratuito
3,750000.0,10053,0.9167412712623098,29,4,1,1,0,1,1,1,1,1,0,0,0,medio_baixo
5,10000.0,0,0.0,1,2,1,0,1,2,0,0,0,1,0,0,1,alto
2,0.0,0,0.0,0,0,1,0,0,0,0,0,0,0,0,0,0,gratuito
1,10000.0,0,0.0,1,2,1,0,1,0,1,0,0,1,0,0,0,baixo
8,75000.0,1170,0.6863247863247863,6,4,1,0,0,3,0,0,1,0,0,0,1,medio_baixo
1,10000.0,0,0.0,1,3,1,0,0,0,0,0,1,1,1,0,0,medio_baixo
3,10000.0,15,1.0,1,3,1,0,0,0,1,0,0,1,0,1,0,baixo
4,0.0,0,0.0,0,0,1,0,0,0,0,0,0,0,0,0,0,gratuito
3,10000.0,0,0.0,3,2,1,0,0,1,1,0,0,0,1,0,0,medio_alto
1,10000.0,0,0.0,1,3,1,0,0,0,1,1,0,1,0,0,0,medio_baixo
4,10000.0,3,1.0,5,3,1,0,0,0,1,0,0,0,0,0,1,baixo
4,0.0,0,0.0,1,2,1,0,0,0,0,1,0,0,0,0,0,gratuito
3,10000.0,247,0.7935222672064778,2,3,1,0,1,0,1,1,1,0,0,0,0,alto
9,75000.0,317,0.6813880126182965,5,4,1,0,0,1,1,1,1,0,1,0,0,baixo
8,10000.0,3,0.3333333333333333,1,1,1,0,0,0,0,0,0,0,0,0,1,baixo
3,10000.0,0,0.0,29,3,1,1,1,0,1,0,0,1,0,0,0,baixo
6,10000.0,19,1.0,1,1,1,0,0,0,1,0,0,0,0,0,0,baixo
6,10000.0,67,0.6417910447761194,1,2,1,1,0,0,0,0,1,0,0,0,0,gratuito
7,10000.0,5,0.6,1,3,1,0,0,0,1,1,0,1,0,0,0,gratuito
1,0.0,0,0.0,103,3,1,0,0,1,1,1,1,0,0,0,0,alto
1,10000.0,0,0.0,6,3,1,1,1,0,0,0,1,1,1,0,0,alto
5,10000.0,10,0.9,2,3,1,0,0,0,1,1,1,0,0,0,0,alto
7,10000.0,12,0.3333333333333333,1,6,1,0,0,0,1,1,1,1,0,1,0,baixo
3,0.0,0,0.0,0,0,1,0,0,0,0,0,0,0,0,0,0,gratuito
3,0.0,0,0.0,0,0,1,0,0,0,0,0,0,0,0,0,0,gratuito
5,10000.0,47,0.425531914893617,1,5,1,0,0,4,1,0,0,1,0,0,1,medio_alto
6,35000.0,10,0.9,1,2,1,0,0,0,1,1,0,0,0,0,0,gratuito
5,150000.0,1882,0.8188097768331563,9,3,1,0,0,2,0,0,0,0,0,0,1,medio_alto
15,150000.0,8461,0.8260252925186148,11,1,1,0,0,0,0,1,0,0,0,0,0,alto
3,10000.0,5,0.8,1,1,1,0,0,0,0,0,0,1,0,0,0,medio_alto
7,10000.0,15,0.8,1,2,1,1,0,0,1,0,1,0,0,0,0,baixo
8,10000.0,142,0.9436619718309859,2,2,1,0,0,0,1,0,0,1,0,0,0,alto
2,10000.0,4,1.0,1,2,1,0,0,0,1,0,0,1,0,0,0,baixo
2,10000.0,4,0.75,1,5,1,0,0,0,1,1,1,0,1,1,0,medio_alto
1,0.0,0,0.0,1,5,1,0,0,0,1,1,1,0,1,0,0,alto
3,10000.0,10,0.8,1,3,1,0,1,0,1,0,0,1,0,0,1,baixo
7,350000.0,1395,0.76415770609319,2,4,1,0,0,0,1,1,0,0,1,0,0,gratuito
2,10000.0,3,1.0,2,2,1,0,0,0,0,1,1,0,0,0,0,medio_alto
4,35000.0,974,0.9373716632443532,2,2,1,0,0,0,0,0,1,1,0,0,0,alto
1,10000.0,0,0.0,15,3,1,0,0,0,1,0,0,1,0,0,1,medio_alto
5,35000.0,448,0.7455357142857143,6,4,1,0,0,0,1,0,1,1,0,0,1,medio_alto
11,35000.0,239,0.7489539748953975,6,3,1,1,1,1,1,0,1,1,0,0,0,baixo
7,75000.0,456,0.8530701754385965,1,3,1,0,0,0,1,1,1,0,0,0,0,alto
3,35000.0,18,0.8333333333333334,5,5,1,0,0,0,1,1,1,0,1,0,1,medio_baixo
1,10000.0,0,0.0,1,2,1,0,0,0,0,0,1,1,0,0,0,baixo
8,10000.0,7,0.8571428571428571,27,2,1,0,0,0,1,0,0,1,0,0,0,baixo
1,10000.0,0,0.0,1,1,1,1,1,0,0,0,0,1,0,0,0,medio_alto
6,10000.0,33,0.5454545454545454,3,2,1,0,0,0,1,0,1,0,0,0,0,alto
1,10000.0,0,0.0,2,3,1,0,0,0,0,0,0,0,0,1,1,alto
3,10000.0,17,0.8823529411764706,1,5,1,0,1,0,1,1,1,0,0,0,0,gratuito
1,0.0,0,0.0,1,3,1,0,0,0,1,0,1,1,0,0,0,alto
2,35000.0,617,0.9675850891410048,9,2,1,0,0,1,1,1,0,0,0,0,0,alto
1,10000.0,0,0.0,8,4,1,0,0,0,1,1,1,0,1,0,0,baixo
5,10000.0,32,0.6875,1,4,1,0,0,0,1,1,0,1,0,0,0,medio_baixo
3,150000.0,32,0.5,2,4,1,0,0,0,1,1,1,0,0,0,1,baixo
8,10000.0,14,0.5,1,3,1,0,0,0,0,1,1,0,0,0,0,alto
3,10000.0,0,0.0,1,4,1,0,0,0,1,0,1,1,1,0,0,baixo
2,10000.0,2,1.0,1,4,1,0,0,0,1,0,0,1,1,1,0,baixo
3,10000.0,10,0.9,2,1,1,0,0,0,0,0,1,0,0,0,0,alto
10,35000.0,31,0.7096774193548387,1,1,1,0,0,0,0,0,0,0,0,1,0,alto
6,35000.0,6,0.3333333333333333,2,2,1,0,0,0,0,1,0,1,0,0,0,baixo
2,35000.0,375,0.928,12,1,1,1,0,1,0,0,0,0,0,1,0,alto
2,0.0,0,0.0,0,0,1,0,0,0,0,0,0,0,0,0,0,gratuito
6,150000.0,2050,0.9458536585365853,10,2,1,0,1,3,0,0,0,1,1,0,0,baixo
3,10000.0,2,1.0,3,2,1,0,0,0,1,0,0,1,0,0,0,medio_baixo
4,75000.0,637,0.8791208791208791,2,5,1,0,1,0,1,0,0,0,1,1,1,medio_alto
1,0.0,0,0.0,0,0,1,0,0,0,0,0,0,0,0,0,0,gratuito
11,75000.0,94,0.6063829787234043,1,2,1,0,0,0,0,0,0,0,0,1,1,medio_alto
3,10000.0,2,1.0,1,6,1,0,0,0,1,1,1,1,0,0,0,alto
1,0.0,0,0.0,1,3,1,0,0,0,1,0,1,0,0,0,0,gratuito
4,10000.0,29,0.8275862068965517,2,3,1,0,0,0,1,0,1,1,0,0,0,medio_alto
4,35000.0,17,0.6470588235294118,2,3,1,0,0,0,1,0,0,1,0,1,0,gratuito
4,0.0,0,0.0,0,0,1,0,0,0,0,0,0,0,0,0,0,gratuito
3,10000.0,25,0.72,5,6,1,0,0,0,1,1,1,1,1,1,0,medio_alto
18,3500000.0,10259,0.8193781070279754,2,1,1,0,0,0,0,1,0,0,0,0,0,medio_baixo
1,75000.0,740,0.8770270270270271,9,2,1,0,0,0,1,0,1,0,0,0,0,alto
2,10000.0,1,1.0,2,5,1,0,0,0,1,0,1,1,1,1,0,medio_baixo
2,10000.0,2,1.0,1,3,1,0,0,0,1,0,0,0,1,0,1,medio_alto
4,10000.0,1,0.0,2,2,1,0,0,0,0,0,0,0,0,0,0,alto
7,10000.0,1,1.0,1,1,1,1,1,0,0,0,0,1,0,0,0,medio_baixo
7,10000.0,18,1.0,1,2,1,0,0,0,1,1,0,0,0,0,0,medio_alto
1,0.0,0,0.0,0,0,1,0,0,0,0,0,0,0,0,0,0,gratuito
7,10000.0,10,0.6,1,2,1,0,0,0,0,0,0,0,0,1,0,medio_alto
4,35000.0,2,0.5,1,5,1,0,0,0,1,1,1,0,1,1,0,medio_baixo
8,10000.0,2,1.0,1,4,1,0,0,0,1,1,0,1,0,0,0,baixo
6,10000.0,82,0.9024390243902439,1,4,1,0,0,0,1,1,0,1,0,0,1,alto
10,350000.0,2706,0.9116777531411677,1,2,1,0,0,0,1,0,0,0,0,0,0,gratuito
3,75000.0,1862,0.8904403866809882,1,5,1,1,0,3,1,0,1,0,1,1,1,medio_alto
1,0.0,0,0.0,0,0,1,0,0,0,0,0,0,0,0,0,0,gratuito
6,10000.0,1,0.0,1,3,1,0,0,0,1,0,0,0,1,0,0,medio_alto
3,10000.0,0,0.0,1,1,1,0,0,0,0,1,0,0,0,0,0,medio_alto
4,10000.0,2,0.0,11,1,1,0,0,0,0,0,0,0,0,0,1,alto
1,0.0,0,0.0,1,2,1,0,0,0,0,0,0,0,1,0,0,gratuito
6,350000.0,1712,0.9316588785046729,9,2,1,0,0,2,1,0,1,0,0,0,0,alto
9,10000.0,10,0.8,1,3,1,0,0,1,1,1,0,0,0,1,0,medio_alto
1,10000.0,0,0.0,11,3,1,0,0,0,1,1,0,0,0,0,1,baixo
1,0.0,0,0.0,1,3,1,0,0,0,1,0,0,1,0,0,1,medio_alto
1,0.0,0,0.0,2,4,1,0,0,0,0,0,1,1,0,0,1,gratuito
6,10000.0,2,1.0,1,2,1,0,0,0,1,0,0,0,0,1,0,medio_alto
1,10000.0,102,0.9705882352941176,1,1,1,0,0,0,0,0,0,0,0,0,1,alto
2,75000.0,801,0.8052434456928839,1,2,1,1,0,0,0,0,0,1,0,1,0,medio_alto
8,10000.0,95,0.8736842105263158,1,5,1,0,0,0,1,1,0,0,0,0,0,gratuito
2,0.0,0,0.0,0,0,1,0,0,0,0,0,0,0,0,0,0,gratuito
1,10000.0,112,0.9732142857142857,1,3,1,0,0,1,1,1,0,0,1,0,0,alto
4,10000.0,15,0.6666666666666666,2,3,1,0,0,0,1,0,1,0,1,0,0,medio_alto
7,10000.0,22,0.8636363636363636,1,1,1,0,1,0,0,1,0,0,0,0,0,baixo
2,10000.0,9,0.8888888888888888,1,4,1,0,0,0,1,0,1,1,0,0,0,gratuito
16,10000.0,167,0.7425149700598802,1,2,1,0,0,0,0,1,1,0,0,0,0,medio_baixo
1,10000.0,0,0.0,1,5,1,0,0,0,1,0,0,1,1,1,1,alto
2,10000.0,0,0.0,1,5,1,0,0,0,1,1,1,1,1,0,0,medio_alto
9,75000.0,880,0.7761363636363636,12,2,1,1,1,0,1,0,1,0,0,0,0,medio_baixo
1,10000.0,0,0.0,1,2,1,0,0,0,1,1,0,0,0,0,0,medio_baixo
1,10000.0,0,0.0,1,4,1,0,0,0,1,1,1,1,0,0,0,medio_alto
5,150000.0,226,0.7699115044247787,4,2,1,0,0,1,1,1,0,0,0,0,0,medio_alto
6,10000.0,19,0.8947368421052632,1,2,1,1,1,1,1,0,0,1,0,0,0,baixo
5,0.0,0,0.0,0,0,1,0,0,0,0,0,0,0,0,0,0,gratuito
4,35000.0,43,0.8604651162790697,1,1,1,0,0,1,0,0,0,0,0,1,0,medio_alto
1,10000.0,0,0.0,1,4,1,0,0,0,1,1,0,0,0,1,0,alto
2,0.0,0,0.0,0,0,1,0,0,0,0,0,0,0,0,0,0,gratuito
12,150000.0,526,0.4619771863117871,1,3,1,0,0,0,1,0,0,1,0,0,0,medio_baixo
5,10000.0,0,0.0,1,1,1,1,1,0,0,0,1,0,0,0,0,alto
6,10000.0,0,0.0,1,5,1,0,0,0,1,1,1,1,1,0,0,medio_alto
14,150000.0,1098,0.8479052823315119,2,2,1,0,0,1,1,1,0,0,0,0,0,alto
3,10000.0,7,1.0,1,1,1,0,0,0,0,0,0,0,0,0,0,alto
2,10000.0,19,0.9473684210526315,3,4,1,0,0,0,1,1,1,0,1,0,0,medio_baixo
3,0.0,0,0.0,0,0,1,0,0,0,0,0,0,0,0,0,0,gratuito
1,10000.0,0,0.0,2,2,1,1,0,0,0,0,0,0,0,1,0,alto
19,750000.0,10912,0.9745234604105572,5,1,1,1,0,0,0,0,0,1,0,0,0,baixo
5,35000.0,266,0.924812030075188,14,1,1,0,0,1,0,1,0,0,0,0,0,alto
3,10000.0,39,0.7692307692307693,3,3,1,0,0,0,1,0,1,1,0,0,0,alto
1,0.0,0,0.0,5,5,1,1,0,1,1,0,1,1,1,0,0,alto
2,10000.0,0,0.0,28,3,1,0,0,0,1,0,0,1,0,0,1,medio_alto
3,10000.0,87,0.8275862068965517,7,4,1,0,0,0,1,1,1,0,0,0,0,medio_alto
6,10000.0,0,0.0,1,3,1,0,0,0,1,0,0,1,0,0,1,medio_alto
8,10000.0,23,0.21739130434782608,1,4,1,0,0,0,1,0,1,0,0,0,1,medio_alto
1,0.0,0,0.0,3,3,1,0,0,0,1,0,0,0,0,1,0,medio_alto
6,10000.0,15,1.0,1,2,1,0,0,0,1,1,0,0,0,0,0,medio_alto
3,10000.0,24,0.7083333333333334,2,3,1,0,0,0,1,1,0,0,0,0,0,alto
1,0.0,0,0.0,0,0,1,0,0,0,0,0,0,0,0,0,0,gratuito
10,10000.0,40,0.575,1,4,1,0,1,0,1,1,1,1,0,0,0,baixo
1,0.0,0,0.0,0,0,1,0,0,0,0,0,0,0,0,0,0,gratuito
1,10000.0,0,0.0,30,4,1,1,0,1,1,0,0,1,0,1,1,medio_baixo
1,10000.0,0,0.0,12,2,1,1,0,0,0,0,0,0,0,1,1,alto
4,35000.0,7,0.5714285714285714,2,3,1,0,0,0,1,0,1,0,0,0,0,alto
5,35000.0,21,0.6666666666666666,2,5,1,0,0,0,1,0,0,1,1,1,1,baixo
1,10000.0,0,0.0,15,5,1,1,1,0,1,0,1,1,1,0,1,alto
1,10000.0,0,0.0,1,3,1,1,0,0,1,1,1,0,0,0,0,medio_baixo
5,10000.0,16,0.375,1,3,1,0,0,0,1,0,0,0,1,1,0,medio_baixo
1,0.0,0,0.0,1,3,1,0,0,0,0,1,0,0,0,0,1,medio_alto
8,35000.0,62,0.4838709677419355,1,4,1,1,1,1,1,1,1,0,1,0,0,medio_baixo
4,10000.0,12,0.6666666666666666,1,4,1,0,0,0,1,0,0,1,0,1,1,baixo
1,10000.0,0,0.0,4,4,1,1,0,0,1,0,1,1,0,0,1,alto
5,0.0,0,0.0,8,1,1,0,0,0,0,0,0,0,0,1,0,gratuito
2,0.0,0,0.0,0,0,1,0,0,0,0,0,0,0,0,0,0,gratuito
6,10000.0,22,0.5909090909090909,1,4,1,0,0,0,1,1,1,0,1,0,0,baixo
1,10000.0,0,0.0,12,5,1,0,0,0,1,0,0,1,0,1,1,alto
2,10000.0,2,1.0,1,3,1,0,0,0,1,0,0,1,0,0,1,baixo
10,10000.0,16,0.6875,2,2,1,0,0,0,1,0,1,0,0,0,0,medio_alto
9,10000.0,38,0.5789473684210527,1,4,1,0,0,0,1,1,1,0,0,1,0,medio_alto
2,10000.0,15,1.0,10,1,1,0,0,0,0,1,0,0,0,0,0,baixo
1,10000.0,0,0.0,1,2,1,0,0,0,1,0,0,1,0,0,0,baixo
3,10000.0,16,1.0,1,1,1,0,0,0,0,0,1,0,0,0,0,alto
5,10000.0,97,0.5567010309278351,9,3,1,0,0,0,1,1,0,0,0,1,0,baixo
1,0.0,0,0.0,103,1,1,0,0,0,0,1,0,0,0,0,0,medio_baixo
1,150000.0,788,0.800761421319797,12,3,1,0,0,0,1,0,0,1,0,1,0,medio_alto
2,10000.0,3,1.0,7,3,1,0,0,0,1,1,0,0,0,0,1,medio_alto
3,10000.0,4,0.75,1,3,1,0,0,0,0,1,0,0,0,1,0,medio_alto
1,10000.0,0,0.0,1,2,1,0,0,0,0,0,0,0,0,0,1,alto
1,10000.0,0,0.0,4,2,1,0,0,0,1,0,0,1,0,0,0,baixo
3,10000.0,26,0.9615384615384616,1,2,1,0,0,0,1,1,0,0,0,0,0,medio_alto
2,10000.0,4,0.25,3,2,1,0,0,0,1,0,0,0,1,0,0,alto
5,10000.0,175,0.6285714285714286,4,4,1,0,0,2,1,0,0,1,0,1,1,alto
7,150000.0,1813,0.685603971318257,8,3,1,1,1,1,1,0,0,0,0,1,1,medio_baixo
6,10000.0,12,0.8333333333333334,1,5,1,0,0,0,1,1,0,1,0,0,1,gratuito
6,10000.0,7,1.0,4,5,1,0,0,0,1,0,1,1,0,1,0,alto
9,35000.0,12,0.9166666666666666,1,4,1,1,1,0,1,1,1,1,0,0,0,medio_alto
6,35000.0,679,0.96759941089838,1,3,1,1,1,2,1,0,0,1,0,0,0,gratuito
2,10000.0,61,0.4098360655737705,13,2,1,0,0,0,0,1,1,0,0,0,0,medio_alto
2,0.0,0,0.0,30,5,1,0,0,0,0,0,1,1,1,0,1,medio_baixo
1,10000.0,0,0.0,3,1,1,0,0,0,0,0,0,0,1,0,0,alto
1,150000.0,2144,0.7915111940298507,1,5,1,0,0,1,1,1,0,0,0,1,1,alto
10,75000.0,165,0.8,1,5,1,1,0,0,1,1,1,0,1,1,0,alto
1,150000.0,4209,0.9272986457590877,3,3,1,1,0,1,1,0,0,0,1,0,1,alto
1,10000.0,0,0.0,2,3,1,0,0,0,1,0,0,1,0,0,0,medio_alto
10,10000.0,41,0.6585365853658537,2,2,1,1,1,1,1,0,0,0,0,1,0,baixo
8,10000.0,11,0.9090909090909091,1,4,1,1,1,1,1,1,0,1,0,0,0,gratuito
4,35000.0,2,1.0,1,3,1,1,0,0,1,0,0,1,1,0,0,medio_alto
7,10000.0,33,0.9696969696969697,1,2,1,0,0,0,1,0,0,0,1,0,0,baixo
6,350000.0,10,0.3,3,3,1,0,0,0,0,1,0,0,1,0,1,medio_alto
8,35000.0,310,0.8806451612903226,1,3,1,1,0,0,1,1,0,1,0,0,0,medio_alto
1,10000.0,0,0.0,1,4,1,0,0,0,1,1,1,0,0,0,0,alto
3,10000.0,21,0.7619047619047619,1,4,1,1,1,0,1,1,0,0,1,0,0,alto
2,10000.0,0,0.0,2,1,1,0,0,0,0,0,1,0,0,0,0,alto
6,10000.0,6,0.8333333333333334,1,3,1,0,0,0,1,0,0,1,0,1,0,medio_alto
7,10000.0,1,1.0,1,4,1,1,0,0,1,0,1,1,0,1,0,medio_baixo
3,10000.0,12,0.9166666666666666,1,2,1,0,0,0,1,0,0,0,0,1,0,medio_baixo
3,10000.0,0,0.0,1,4,1,0,0,0,1,1,1,1,0,0,0,medio_baixo
1,10000.0,0,0.0,7,2,1,1,1,0,1,0,0,1,0,0,0,baixo
2,35000.0,1790,0.6877094972067039,26,1,1,0,0,4,0,0,0,0,0,1,0,alto
11,10000.0,145,0.7931034482758621,1,2,1,1,0,1,1,0,1,0,0,0,0,alto
7,35000.0,134,0.8731343283582089,1,2,1,0,0,0,1,0,0,0,0,0,0,medio_baixo
4,35000.0,14,1.0,12,4,1,1,1,0,1,1,1,0,0,1,0,baixo
2,0.0,0,0.0,0,0,1,0,0,0,0,0,0,0,0,0,0,gratuito
6,10000.0,25,0.96,1,3,1,1,0,0,1,1,1,0,0,0,0,alto
2,10000.0,120,0.8166666666666667,4,1,1,0,0,1,0,0,0,1,0,0,0,baixo
5,75000.0,1142,0.9369527145359019,5,3,1,0,0,3,1,0,0,1,1,0,0,alto
1,0.0,0,0.0,0,0,1,0,0,0,0,0,0,0,0,0,0,gratuito
4,10000.0,27,0.4444444444444444,29,5,1,1,1,0,1,1,0,1,0,1,1,alto
1,0.0,0,0.0,1,4,1,0,0,0,1,1,1,0,0,0,0,gratuito
4,0.0,0,0.0,0,0,1,0,0,0,0,0,0,0,0,0,0,gratuito
5,10000.0,10,0.9,1,9,1,0,0,0,0,0,0,0,0,0,0,alto
1,10000.0,24,0.5833333333333334,1,3,1,0,0,0,1,0,1,0,0,0,1,baixo
2,10000.0,4,1.0,1,2,1,0,0,1,0,0,1,1,0,0,0,medio_baixo
3,10000.0,0,0.0,4,4,1,0,0,0,1,0,0,1,0,0,1,medio_alto
6,10000.0,23,0.6956521739130435,21,6,1,0,0,0,1,1,1,1,1,0,0,medio_alto
11,10000.0,172,0.7325581395348837,5,2,1,0,0,0,1,1,0,0,0,0,0,baixo
15,75000.0,55,0.4,4,2,1,0,0,0,0,0,0,0,1,1,0,medio_baixo
2,10000.0,17,0.9411764705882353,2,1,1,0,0,0,1,0,0,0,0,0,0,alto
6,10000.0,27,0.7037037037037037,1,3,1,0,0,0,0,0,0,0,0,1,1,alto
3,10000.0,4,1.0,6,1,1,0,0,0,1,0,0,0,0,0,0,medio_alto
9,10000.0,19,0.631578947368421,1,4,1,0,0,0,1,1,0,0,0,0,0,medio_baixo
7,10000.0,330,0.9545454545454546,3,2,1,0,0,0,0,0,1,1,0,0,0,medio_alto
3,150000.0,52,0.8461538461538461,1,2,1,0,0,0,0,1,1,0,0,0,0,baixo
2,10000.0,5,1.0,1,3,1,0,0,0,1,1,0,0,0,0,0,medio_baixo
5,0.0,0,0.0,2,4,1,0,0,0,1,1,1,0,0,0,0,gratuito
1,0.0,0,0.0,8,3,1,0,0,0,1,0,0,0,0,1,0,gratuito
9,10000.0,119,0.8823529411764706,2,2,1,0,0,1,1,0,1,0,0,0,0,baixo
3,10000.0,9,0.7777777777777778,1,2,1,0,0,1,1,1,0,0,0,0,0,medio_baixo
4,10000.0,32,0.78125,3,3,1,1,0,0,1,0,1,0,1,0,0,alto
10,75000.0,127,0.8110236220472441,1,2,1,0,0,1,1,0,0,1,0,0,0,baixo
1,0.0,0,0.0,0,0,1,0,0,0,0,0,0,0,0,0,0,gratuito
4,35000.0,8,1.0,1,2,1,0,0,0,1,0,1,0,0,0,0,medio_alto
8,35000.0,68,0.7058823529411765,1,4,1,0,0,0,1,0,0,1,0,1,0,gratuito
4,10000.0,8,0.625,1,5,1,1,1,0,1,1,1,1,0,0,1,alto
1,10000.0,0,0.0,3,2,1,1,0,0,0,0,1,1,0,0,0,medio_alto
2,0.0,0,0.0,0,0,1,0,0,0,0,0,0,0,0,0,0,gratuito
4,10000.0,15,1.0,1,3,1,0,0,0,1,0,0,1,0,1,0,medio_baixo
7,10000.0,10,0.8,4,2,1,0,0,0,1,1,0,0,0,0,0,medio_baixo
7,35000.0,6,1.0,1,2,1,0,0,0,1,0,0,0,1,0,0,medio_baixo
5,10000.0,17,0.35294117647058826,1,3,1,0,0,0,1,0,0,1,1,0,0,baixo
8,35000.0,175,0.8628571428571429,5,3,1,1,0,0,1,0,1,1,0,0,0,medio_alto
2,10000.0,50,0.96,4,1,1,0,0,0,0,0,1,0,0,0,0,alto
5,10000.0,9,0.8888888888888888,1,5,1,0,0,0,1,0,1,1,0,1,0,baixo
3,0.0,0,0.0,0,0,1,0,0,0,0,0,0,0,0,0,0,gratuito
2,10000.0,0,0.0,5,2,1,0,0,0,0,1,1,0,0,0,0,medio_alto
8,10000.0,4,0.75,5,4,1,0,1,0,1,1,1,1,0,0,0,medio_alto
7,10000.0,167,0.5209580838323353,9,3,1,0,0,0,1,1,1,0,0,0,0,baixo
2,10000.0,18,0.8888888888888888,7,3,1,0,0,0,1,1,1,0,0,0,0,medio_baixo
4,35000.0,293,0.5665529010238908,1,1,1,0,0,0,0,1,0,0,0,0,0,alto
9,35000.0,1097,0.7675478577939836,1,4,1,0,0,4,0,0,1,1,1,0,1,alto
1,10000.0,0,0.0,29,4,1,1,0,0,1,0,1,1,0,0,1,baixo
6,10000.0,4,1.0,1,1,1,0,0,0,1,0,0,0,0,0,0,medio_alto
3,10000.0,39,0.8205128205128205,11,6,1,1,1,0,1,1,0,0,0,0,1,alto
8,10000.0,79,0.759493670886076,11,3,1,1,0,0,1,1,1,0,0,0,0,baixo
9,10000.0,103,0.6213592233009708,1,4,1,0,0,0,1,1,1,0,1,0,0,baixo
6,10000.0,5,0.8,1,1,1,1,0,0,1,0,0,0,0,0,0,alto
2,350000.0,14866,0.8057984662989371,10,7,1,0,0,4,1,0,1,0,1,0,1,alto
1,10000.0,0,0.0,1,3,1,1,1,0,0,0,1,1,0,0,1,medio_alto
5,35000.0,143,0.9370629370629371,1,4,1,0,0,1,1,1,1,0,1,0,0,alto
1,0.0,0,0.0,0,0,1,0,0,0,0,0,0,0,0,0,0,gratuito
3,0.0,0,0.0,0,0,1,0,0,0,0,0,0,0,0,0,0,gratuito
1,0.0,0,0.0,1,3,1,1,0,0,1,0,1,0,1,0,0,medio_alto
3,10000.0,116,0.896551724137931,2,5,1,0,0,0,1,1,1,0,1,0,0,alto
2,10000.0,4,1.0,2,3,1,0,0,0,1,0,1,1,0,0,0,medio_baixo
12,150000.0,870,0.871264367816092,1,3,1,1,1,3,1,0,0,1,0,0,0,gratuito
1,10000.0,20,0.5,7,3,1,1,1,0,1,0,0,0,1,0,0,medio_alto
2,0.0,0,0.0,0,0,1,0,0,0,0,0,0,0,0,0,0,gratuito
5,10000.0,2,1.0,1,2,1,0,0,0,1,1,0,0,0,0,0,medio_baixo
5,10000.0,33,0.9090909090909091,29,4,1,0,0,0,1,1,0,1,0,0,0,baixo
5,10000.0,0,0.0,6,1,1,0,0,0,0,0,0,1,0,0,0,medio_baixo
1,10000.0,0,0.0,2,2,1,1,1,0,1,0,1,0,0,0,0,medio_alto
4,10000.0,15,0.6666666666666666,7,7,1,0,0,0,0,1,1,0,1,1,1,baixo
6,10000.0,0,0.0,2,2,1,0,0,0,0,0,0,1,0,1,0,medio_baixo
5,0.0,0,0.0,0,0,1,0,0,0,0,0,0,0,0,0,0,gratuito
8,10000.0,115,0.591304347826087,5,2,1,0,0,3,0,0,1,1,0,0,0,alto
2,10000.0,0,0.0,3,3,1,0,0,0,1,0,1,0,1,0,0,medio_alto
1,0.0,0,0.0,1,3,1,0,0,0,1,1,0,0,0,0,0,alto
8,1500000.0,38617,0.8812440117046897,13,5,1,0,0,14,1,1,0,0,0,0,1,alto
2,10000.0,24,0.9583333333333334,1,2,1,0,0,0,1,0,0,1,0,0,0,medio_baixo
6,350000.0,7488,0.7705662393162394,10,6,1,0,0,0,1,1,1,1,0,1,1,medio_baixo
1,10000.0,0,0.0,3,5,1,0,0,0,1,1,0,1,0,0,0,gratuito
7,35000.0,166,0.8313253012048193,5,4,1,0,0,3,1,1,0,0,0,1,1,medio_alto
3,35000.0,28,0.42857142857142855,1,4,1,0,0,0,0,0,0,1,1,1,1,medio_alto
4,0.0,0,0.0,1,2,1,0,0,0,0,0,0,0,0,1,0,gratuito
1,10000.0,7,1.0,15,4,1,0,0,0,1,1,0,1,1,0,0,alto
2,10000.0,146,0.726027397260274,9,5,1,0,0,0,1,1,1,1,1,0,0,medio_alto
6,10000.0,2,1.0,1,2,1,0,0,0,1,0,0,1,0,0,0,baixo
2,10000.0,1,1.0,1,3,1,0,1,0,1,0,0,1,0,0,1,alto
2,10000.0,1,1.0,10,3,1,0,0,0,1,0,1,1,0,0,0,medio_baixo
6,10000.0,0,0.0,1,2,1,0,0,0,1,1,0,0,0,0,0,medio_baixo
2,10000.0,0,0.0,1,2,1,1,0,0,0,0,0,0,0,0,0,gratuito
2,150000.0,82,0.7073170731707317,1,2,1,1,1,1,1,0,0,0,1,0,0,alto
1,0.0,0,0.0,0,0,1,0,0,0,0,0,0,0,0,0,0,gratuito
4,0.0,0,0.0,1,3,1,0,0,0,1,0,0,0,0,0,1,gratuito
6,10000.0,215,0.5906976744186047,1,4,1,0,0,0,1,0,0,1,0,0,1,alto
5,10000.0,32,0.84375,1,2,1,0,0,0,1,0,0,1,0,0,0,medio_baixo
5,10000.0,19,0.9473684210526315,1,1,1,0,0,0,0,0,0,1,0,0,0,medio_baixo
2,10000.0,3,1.0,2,4,1,0,0,0,1,1,1,1,0,0,0,baixo
5,10000.0,33,0.8181818181818182,1,2,1,0,0,0,0,0,0,0,1,1,0,alto
1,10000.0,0,0.0,1,2,1,0,0,0,0,0,0,0,0,1,0,baixo
4,0.0,0,0.0,0,0,1,0,0,0,0,0,0,0,0,0,0,gratuito
3,10000.0,1,0.0,2,4,1,0,0,0,0,1,1,1,0,0,0,alto
1,0.0,0,0.0,1,3,1,0,0,0,1,0,1,1,0,0,0,medio_baixo
5,10000.0,20,1.0,1,3,1,1,0,1,1,1,0,0,0,0,0,medio_alto
1,10000.0,0,0.0,9,4,1,0,0,0,1,1,1,0,0,1,0,alto
2,0.0,0,0.0,1,3,1,0,0,0,0,1,0,0,0,1,0,gratuito
5,350000.0,7998,0.9006001500375094,14,2,1,0,0,2,1,0,0,1,0,0,0,alto
1,10000.0,0,0.0,10,2,1,0,0,0,0,1,1,0,0,0,0,medio_alto
3,0.0,0,0.0,0,0,1,0,0,0,0,0,0,0,0,0,0,gratuito
3,10000.0,47,0.7872340425531915,1,1,1,0,0,0,0,0,0,0,0,1,0,baixo
4,10000.0,29,0.8620689655172413,1,3,1,0,0,0,1,1,1,0,0,0,0,baixo
5,10000.0,92,0.967391304347826,6,2,1,1,0,1,0,0,0,0,0,1,0,alto
6,150000.0,2159,0.9106067623899954,1,4,1,1,0,1,1,1,0,0,0,1,1,medio_alto
5,10000.0,30,0.8333333333333334,2,3,1,1,0,0,1,0,1,1,0,0,0,medio_alto
3,35000.0,84,0.5,4,2,1,0,0,0,0,0,0,0,0,1,0,gratuito
5,10000.0,0,0.0,7,4,1,0,0,0,1,1,0,0,0,0,1,alto
5,0.0,0,0.0,0,0,1,0,0,0,0,0,0,0,0,0,0,gratuito
2,0.0,0,0.0,0,0,1,0,0,0,0,0,0,0,0,0,0,gratuito
1,10000.0,0,0.0,10,2,1,1,0,1,1,1,0,0,0,0,0,alto
5,10000.0,48,0.9375,1,2,1,0,0,0,1,0,0,1,0,0,0,baixo
5,75000.0,10,0.8,2,3,1,0,0,0,1,0,0,0,0,0,0,alto
1,10000.0,0,0.0,1,3,1,0,0,1,1,0,0,1,0,1,0,medio_alto
2,10000.0,0,0.0,1,4,1,1,1,0,1,0,1,1,0,0,1,baixo
2,0.0,0,0.0,0,0,1,0,0,0,0,0,0,0,0,0,0,gratuito
1,350000.0,7594,0.9242823281538056,9,1,1,0,0,1,0,0,0,0,1,0,0,alto
4,10000.0,1,0.0,1,2,1,0,0,0,1,1,0,0,0,0,0,medio_alto
1,10000.0,0,0.0,4,2,1,0,0,1,0,0,0,0,1,1,0,medio_alto
2,0.0,0,0.0,0,0,1,0,0,0,0,0,0,0,0,0,0,gratuito
2,10000.0,11,0.8181818181818182,1,3,1,0,0,0,1,1,1,0,0,0,0,medio_baixo
12,10000.0,80,0.35,1,3,1,1,0,0,1,0,1,1,0,0,0,baixo
5,10000.0,9,1.0,10,2,1,1,0,0,1,1,0,0,0,0,0,baixo
1,10000.0,0,0.0,1,2,1,0,0,0,1,0,0,0,1,0,0,baixo
1,0.0,0,0.0,0,0,1,0,0,0,0,0,0,0,0,0,0,gratuito
4,0.0,0,0.0,1,4,1,0,0,0,0,0,1,0,1,0,1,gratuito
2,10000.0,56,0.8035714285714286,4,3,1,0,0,0,1,0,1,1,0,0,0,baixo
8,35000.0,3,1.0,1,1,1,0,0,0,0,0,0,0,1,0,0,alto
5,10000.0,0,0.0,2,1,1,0,0,0,0,0,0,0,0,0,1,medio_baixo
5,10000.0,6,0.6666666666666666,1,1,1,0,0,0,0,0,0,1,0,0,0,medio_baixo
11,35000.0,403,0.7692307692307693,3,1,1,1,0,1,1,0,0,0,0,0,0,baixo
2,10000.0,0,0.0,1,5,1,0,0,0,1,0,0,1,0,0,1,baixo
2,10000.0,83,0.6024096385542169,7,5,1,0,0,0,1,0,1,1,0,1,1,medio_alto
1,10000.0,0,0.0,2,2,1,0,0,0,1,0,1,0,0,0,0,medio_alto
1,0.0,0,0.0,1,4,1,0,0,0,1,0,0,1,0,1,0,gratuito
3,10000.0,0,0.0,8,3,1,1,1,1,1,0,0,1,0,0,1,medio_alto
9,35000.0,91,0.5274725274725275,1,4,1,0,0,0,1,1,1,1,0,0,0,baixo
3,0.0,0,0.0,0,0,1,0,0,0,0,0,0,0,0,0,0,gratuito
8,10000.0,14,0.5,1,4,1,0,0,0,1,1,1,0,1,0,0,medio_alto
2,10000.0,6,1.0,1,3,1,0,0,0,1,0,0,1,0,1,0,baixo
3,10000.0,16,0.9375,2,3,1,0,0,0,1,1,0,1,0,0,0,baixo
8,10000.0,3,0.6666666666666666,1,2,1,0,0,0,0,0,0,1,0,0,1,baixo
1,0.0,0,0.0,1,1,1,0,0,0,0,0,0,0,1,0,0,alto
2,35000.0,700,0.8485714285714285,14,4,1,0,0,0,1,1,0,0,0,1,0,alto
6,10000.0,20,0.7,5,1,1,1,0,0,0,0,0,1,0,0,0,baixo
1,10000.0,0,0.0,1,2,1,0,0,0,1,1,0,0,0,0,0,alto
6,10000.0,49,0.7142857142857143,10,2,1,0,0,0,0,0,0,0,0,0,0,baixo
1,10000.0,2,1.0,15,2,1,0,0,0,0,0,0,1,0,0,1,medio_alto
9,750000.0,5178,0.8792970258787176,5,1,1,0,0,34,0,0,0,0,0,0,1,gratuito
8,10000.0,19,0.5789473684210527,7,1,1,0,0,0,0,0,1,0,0,0,0,medio_alto
4,10000.0,170,0.9235294117647059,2,2,1,0,0,0,0,0,0,1,1,0,0,medio_baixo
10,350000.0,5071,0.8304082035101558,1,4,1,0,0,0,1,1,1,0,0,0,1,medio_baixo
10,10000.0,5,0.8,2,2,1,1,1,0,1,0,1,0,0,0,0,medio_alto
4,0.0,0,0.0,2,3,1,0,0,0,0,1,0,0,0,1,0,gratuito
2,10000.0,7,0.5714285714285714,2,3,1,0,0,0,0,0,0,0,0,1,1,medio_baixo
10,75000.0,732,0.8934426229508197,11,4,1,1,1,0,1,0,1,1,0,0,1,baixo
2,10000.0,0,0.0,1,5,1,0,0,0,1,0,0,0,0,1,1,alto
2,10000.0,14,0.8571428571428571,2,3,1,0,0,0,1,0,1,0,0,0,1,medio_alto
4,10000.0,15,0.7333333333333333,1,2,1,0,0,0,1,0,1,0,0,0,0,medio_baixo
8,350000.0,3922,0.8934217236104028,13,3,1,1,1,2,1,0,0,1,0,1,0,medio_baixo
2,10000.0,0,0.0,1,5,1,0,0,0,0,1,1,1,1,1,0,medio_alto
6,35000.0,1,1.0,2,5,1,0,0,0,1,0,1,1,1,1,0,medio_baixo
3,10000.0,28,0.8214285714285714,1,5,1,0,0,0,1,0,0,0,0,0,0,medio_alto
10,150000.0,378,0.8571428571428571,1,4,1,0,0,0,1,0,0,1,0,1,1,baixo
3,75000.0,215,0.786046511627907,6,1,1,0,0,1,0,0,0,0,0,1,0,medio_baixo
1,0.0,0,0.0,0,0,1,0,0,0,0,0,0,0,0,0,0,gratuito
2,10000.0,47,0.9148936170212766,1,3,1,0,1,0,1,1,1,0,0,0,0,medio_alto
4,10000.0,70,0.9428571428571428,1,2,1,0,0,0,1,0,0,0,0,1,0,medio_baixo
4,10000.0,173,0.8034682080924855,9,2,1,0,0,0,0,1,1,0,0,0,0,alto
10,75000.0,337,0.3798219584569733,8,2,1,0,1,4,1,0,1,0,0,0,0,baixo
4,10000.0,141,0.8723404255319149,8,3,1,1,1,1,1,1,1,0,0,0,0,medio_baixo
2,10000.0,23,0.7391304347826086,1,5,1,0,0,0,1,1,1,1,0,0,0,gratuito
1,0.0,0,0.0,1,3,1,0,1,0,1,1,1,0,0,0,0,medio_baixo
4,75000.0,8,1.0,1,4,1,0,0,0,1,1,1,0,0,0,0,alto
2,10000.0,0,0.0,1,2,1,0,0,0,1,0,0,0,0,0,1,medio_baixo
8,7500000.0,172193,0.8890663383528947,15,3,1,0,0,3,0,1,1,0,1,0,0,alto
8,10000.0,21,0.7619047619047619,7,4,1,0,0,0,1,0,0,1,0,1,1,alto
1,0.0,0,0.0,2,3,1,0,0,0,1,0,0,0,1,1,0,alto
1,0.0,0,0.0,2,3,1,0,0,0,1,1,1,0,0,0,0,baixo
3,10000.0,0,0.0,1,2,1,0,0,0,0,0,0,1,0,1,0,baixo
2,10000.0,26,0.8076923076923077,11,4,1,0,0,0,1,0,1,1,0,1,0,baixo
1,10000.0,27,0.9259259259259259,3,2,1,0,0,0,0,1,0,0,0,0,0,alto
10,350000.0,1771,0.792772444946358,2,2,1,0,1,1,1,0,0,1,0,0,0,baixo
3,10000.0,0,0.0,1,5,1,0,0,0,0,0,1,1,1,1,0,gratuito
3,10000.0,10,0.9,3,5,1,1,1,0,1,0,1,1,1,0,0,alto
3,10000.0,4,0.25,1,2,1,0,0,0,0,0,0,1,0,1,0,alto
1,10000.0,0,0.0,7,3,1,0,0,2,0,1,1,0,0,0,0,alto
1,10000.0,0,0.0,28,3,1,0,0,0,1,0,0,1,0,0,1,baixo
2,10000.0,0,0.0,1,4,1,0,0,0,0,1,0,1,1,1,0,baixo
10,35000.0,44,0.7272727272727273,3,2,1,0,0,0,1,0,0,1,0,0,0,medio_alto
3,0.0,0,0.0,1,3,1,0,0,1,1,1,0,0,0,0,0,gratuito
3,10000.0,0,0.0,1,2,1,0,0,0,1,0,0,1,0,0,0,baixo
10,150000.0,2085,0.924220623501199,2,1,1,1,1,0,0,1,0,0,0,0,0,medio_baixo
1,10000.0,0,0.0,2,3,1,0,0,0,1,1,1,0,0,0,0,medio_alto
1,0.0,0,0.0,1,1,1,0,1,0,1,0,0,0,0,0,0,alto
9,10000.0,62,0.8870967741935484,1,3,1,1,1,0,1,0,1,1,0,0,0,baixo
4,35000.0,77,0.7272727272727273,8,3,1,0,0,0,1,0,0,0,0,1,1,medio_baixo
4,0.0,0,0.0,1,6,1,0,0,0,1,1,1,0,1,1,0,gratuito
1,10000.0,0,0.0,13,7,1,0,0,1,0,1,1,1,1,1,0,alto
6,10000.0,2,1.0,1,4,1,0,0,0,1,1,1,0,0,0,0,medio_baixo
2,0.0,0,0.0,103,3,1,0,0,0,1,1,0,1,0,0,0,baixo
2,0.0,0,0.0,0,0,1,0,0,0,0,0,0,0,0,0,0,gratuito
2,10000.0,3,1.0,1,2,1,0,0,0,1,0,0,1,0,0,0,baixo
3,0.0,0,0.0,0,0,1,0,0,0,0,0,0,0,0,0,0,gratuito
10,10000.0,6,0.8333333333333334,1,3,1,0,0,0,1,1,0,1,0,0,0,alto
2,10000.0,2,0.5,1,3,1,0,0,0,1,0,0,1,0,0,1,baixo
1,10000.0,0,0.0,27,2,1,1,1,0,1,0,0,0,0,0,1,baixo
1,10000.0,0,0.0,13,7,1,1,0,0,1,1,1,1,1,1,0,medio_alto
3,10000.0,9,1.0,8,1,1,0,1,0,0,1,0,0,0,0,0,alto
1,10000.0,0,0.0,3,4,1,0,0,0,1,1,0,1,0,0,1,medio_baixo
6,10000.0,3,0.6666666666666666,1,2,1,0,1,2,1,0,1,0,0,0,0,alto
4,10000.0,10,0.9,1,4,1,0,1,0,1,0,0,1,0,0,0,alto
8,35000.0,85,0.5882352941176471,1,3,1,0,0,0,1,0,1,1,0,0,0,baixo
9,35000.0,221,0.8868778280542986,1,3,1,1,1,0,1,0,0,1,0,0,0,gratuito
13,75000.0,392,0.41836734693877553,1,4,1,0,0,0,1,0,0,0,1,1,1,medio_baixo
1,10000.0,25,0.88,3,2,1,1,0,0,0,0,0,1,0,1,0,medio_alto
8,10000.0,22,0.9545454545454546,1,2,1,0,0,0,1,1,0,0,0,0,0,gratuito
1,10000.0,0,0.0,4,2,1,0,0,3,1,0,0,1,0,0,0,medio_baixo
3,10000.0,7,0.8571428571428571,2,5,1,0,0,0,1,1,1,0,0,1,0,alto
2,0.0,0,0.0,0,0,1,0,0,0,0,0,0,0,0,0,0,gratuito
3,10000.0,5,0.4,1,1,1,0,0,0,0,0,1,0,0,0,0,medio_baixo
2,0.0,0,0.0,0,0,1,0,0,0,0,0,0,0,0,0,0,gratuito
3,10000.0,12,0.8333333333333334,1,3,1,0,0,0,0,1,0,1,0,1,0,gratuito
10,10000.0,116,0.6637931034482759,1,2,1,0,0,1,1,0,0,1,0,0,0,medio_alto
4,10000.0,19,0.8421052631578947,4,5,1,0,1,1,1,0,0,1,1,1,1,medio_baixo
7,10000.0,19,0.631578947368421,5,2,1,0,0,0,0,0,0,0,0,0,0,medio_alto
6,10000.0,123,0.7479674796747967,1,2,1,0,0,0,1,0,1,0,0,0,0,medio_alto
3,10000.0,6,0.6666666666666666,1,4,1,1,1,0,1,0,1,1,1,0,0,medio_alto
7,10000.0,12,0.8333333333333334,1,3,1,0,0,1,1,1,1,0,0,0,0,alto
2,0.0,0,0.0,16,2,1,0,0,0,0,0,0,1,0,1,0,gratuito
1,10000.0,40,0.95,4,2,1,1,0,0,1,0,1,0,0,0,0,alto
6,150000.0,225,0.9155555555555556,10,4,1,1,0,0,1,0,1,1,0,1,0,baixo
1,10000.0,0,0.0,3,1,1,0,0,0,0,0,0,0,1,0,0,alto
2,35000.0,20,0.85,1,8,1,0,0,0,1,1,1,1,1,1,1,baixo
3,10000.0,1,0.0,1,2,1,0,0,0,0,1,1,0,0,0,0,baixo
5,1500000.0,17308,0.940663277097296,13,4,1,1,0,11,1,0,1,1,0,0,1,alto
1,10000.0,0,0.0,15,1,1,0,0,0,1,0,0,0,0,0,0,medio_baixo
5,35000.0,6,1.0,1,3,1,1,0,0,1,1,0,1,0,0,0,medio_alto
3,10000.0,19,0.7368421052631579,7,3,1,1,0,0,1,1,0,1,0,0,0,alto
3,10000.0,3,0.3333333333333333,1,3,1,0,1,0,1,0,0,1,0,1,0,medio_baixo
4,0.0,0,0.0,1,2,1,0,0,0,0,1,1,0,0,0,0,gratuito
4,10000.0,67,0.7164179104477612,1,4,1,0,0,0,1,0,0,0,0,0,1,gratuito
4,10000.0,4,1.0,1,2,1,0,0,0,1,1,0,0,0,0,0,alto
2,10000.0,0,0.0,1,3,1,0,0,0,1,1,0,1,0,0,0,baixo
8,10000.0,15,0.6,1,2,1,1,0,0,1,0,1,0,0,0,0,baixo
7,10000.0,1,1.0,1,3,1,0,0,0,1,0,1,1,0,0,0,medio_baixo
7,10000.0,8,0.75,2,5,1,0,0,0,1,0,1,1,1,1,0,alto
5,35000.0,365,0.7890410958904109,12,6,1,0,0,1,1,1,1,1,1,0,1,medio_baixo
9,35000.0,50,0.96,14,3,1,1,1,1,1,1,0,0,0,0,0,medio_baixo
8,10000.0,6,0.3333333333333333,1,1,1,0,0,0,1,0,0,0,0,0,0,alto
8,35000.0,18,0.2777777777777778,6,2,1,0,0,0,1,0,0,0,0,1,0,alto
1,10000.0,1,1.0,3,1,1,0,0,0,1,0,0,0,0,0,0,medio_baixo
4,10000.0,10,0.9,1,2,1,0,0,0,1,0,0,1,0,0,0,baixo
1,10000.0,0,0.0,9,2,1,0,0,0,1,0,0,1,0,0,0,medio_alto
5,10000.0,33,0.6060606060606061,2,3,1,0,0,0,1,0,1,1,0,0,0,baixo
5,10000.0,28,0.9642857142857143,2,2,1,0,0,0,1,0,0,1,0,0,0,medio_baixo
2,10000.0,99,0.6868686868686869,6,2,1,1,0,1,0,1,0,0,1,0,0,alto
1,10000.0,0,0.0,10,2,1,0,0,0,1,0,0,1,0,0,0,medio_baixo
2,0.0,0,0.0,1,3,1,1,0,0,1,0,1,0,0,0,0,gratuito
1,0.0,0,0.0,1,3,1,0,1,0,1,0,0,1,0,0,0,gratuito
4,150000.0,1093,0.6075022872827082,8,3,1,0,0,2,1,1,0,0,0,1,0,medio_baixo
3,10000.0,25,0.92,8,2,1,0,1,0,1,0,1,0,0,0,0,baixo
5,10000.0,20,0.6,9,2,1,0,0,0,0,1,0,0,1,0,0,alto
2,10000.0,1,1.0,2,3,1,1,1,0,1,0,1,0,0,0,0,medio_alto
1,0.0,0,0.0,1,3,1,1,0,0,1,0,0,1,0,0,0,gratuito
1,0.0,0,0.0,0,0,1,0,0,0,0,0,0,0,0,0,0,gratuito
7,10000.0,63,0.8253968253968254,1,4,1,0,0,0,1,0,1,1,0,0,1,medio_baixo
9,35000.0,105,0.580952380952381,4,2,1,0,0,0,1,0,1,0,0,0,0,medio_alto
1,10000.0,0,0.0,4,7,1,0,0,0,0,1,1,0,1,1,1,gratuito
1,10000.0,5,0.8,11,3,1,0,0,0,1,0,1,1,0,0,0,medio_baixo
2,10000.0,4,1.0,10,3,1,0,0,0,1,1,0,1,0,0,0,baixo
2,0.0,0,0.0,0,0,1,0,0,0,0,0,0,0,0,0,0,gratuito
2,10000.0,1,1.0,7,4,1,0,0,0,1,1,0,1,0,0,0,medio_alto
4,10000.0,0,0.0,5,1,1,0,0,0,0,0,0,1,0,0,0,medio_baixo
8,35000.0,54,0.9074074074074074,9,2,1,0,0,0,1,0,1,0,0,0,0,medio_alto
7,10000.0,321,0.8878504672897196,29,7,1,1,0,0,1,1,1,1,1,1,1,baixo
3,10000.0,2,0.0,1,3,1,0,0,0,1,0,0,1,0,0,0,medio_alto
1,10000.0,3,0.6666666666666666,1,2,1,0,0,0,1,1,0,0,0,0,0,medio_baixo
1,10000.0,0,0.0,1,1,1,0,0,0,1,0,0,0,0,0,0,medio_alto
4,10000.0,63,0.9523809523809523,3,1,1,0,0,0,0,0,0,1,0,0,0,alto
2,350000.0,10137,0.8096083653941009,8,3,1,1,1,1,1,0,0,0,0,1,1,alto
5,10000.0,15,0.6666666666666666,1,1,1,0,0,0,0,0,0,1,0,0,0,medio_alto
2,10000.0,9,0.5555555555555556,1,4,1,0,0,0,0,1,0,0,1,0,1,medio_alto
9,35000.0,75,0.5333333333333333,1,3,1,1,1,0,0,1,1,0,1,0,0,medio_alto
8,10000.0,3,0.6666666666666666,1,4,1,0,0,0,1,0,0,1,1,0,0,alto
8,10000.0,11,1.0,1,3,1,0,0,0,1,1,0,1,0,0,0,alto
4,35000.0,37,0.918918918918919,1,2,1,0,0,0,0,0,0,0,0,0,0,gratuito
7,10000.0,180,0.9055555555555556,1,7,1,0,0,0,1,1,1,0,0,1,1,alto
8,10000.0,21,0.7142857142857143,29,3,1,0,0,0,1,0,1,1,0,0,0,baixo
5,10000.0,12,0.5,0,2,1,0,0,0,1,0,0,1,0,0,0,alto
12,75000.0,302,0.5397350993377483,1,5,1,1,1,0,1,0,1,1,1,1,0,alto
1,0.0,0,0.0,1,5,1,1,1,0,1,1,0,1,1,0,0,medio_baixo
8,35000.0,42,0.42857142857142855,1,3,1,0,0,0,1,0,0,1,0,1,0,baixo
1,10000.0,0,0.0,1,3,1,1,1,0,1,0,0,1,0,0,1,medio_alto
7,10000.0,49,0.6938775510204082,1,2,1,0,0,0,0,0,0,0,0,0,0,medio_baixo
8,10000.0,2,1.0,1,3,1,0,0,0,0,1,0,0,0,0,0,alto
5,75000.0,249,0.6144578313253012,2,3,1,0,0,0,1,0,1,0,0,1,0,medio_alto
2,10000.0,1,1.0,103,3,1,0,0,0,1,0,0,1,0,1,0,baixo
7,10000.0,80,0.7875,5,3,1,0,0,0,1,0,0,0,0,1,1,baixo
1,10000.0,1,0.0,1,1,1,0,0,0,0,0,0,0,1,0,0,baixo
3,10000.0,33,0.6363636363636364,1,3,1,0,0,0,1,0,0,0,1,1,0,alto
3,10000.0,1,1.0,11,7,1,0,0,0,1,1,0,1,1,0,1,medio_baixo
5,10000.0,1,1.0,1,4,1,1,0,0,1,1,0,1,0,1,0,medio_baixo
1,35000.0,20,0.85,6,2,1,0,0,1,1,0,1,0,0,0,0,baixo
7,10000.0,2,0.5,1,4,1,0,0,1,1,1,0,1,0,1,0,medio_baixo
5,10000.0,0,0.0,1,3,1,0,0,0,1,0,0,1,0,1,0,baixo
1,0.0,0,0.0,1,4,1,0,0,0,1,1,1,0,0,1,0,medio_baixo
12,10000.0,32,0.28125,2,2,1,0,0,0,1,1,0,0,0,0,0,baixo
13,750000.0,1827,0.8144499178981938,5,3,1,0,0,0,0,1,1,0,1,0,0,medio_alto
2,0.0,0,0.0,0,0,1,0,0,0,0,0,0,0,0,0,0,gratuito
4,10000.0,0,0.0,1,4,1,0,0,0,1,1,1,1,0,0,0,baixo
8,10000.0,48,0.7083333333333334,1,2,1,0,0,0,1,1,0,0,0,0,0,medio_baixo
3,75000.0,40,0.6,7,4,1,0,0,0,1,1,1,0,1,0,0,medio_baixo
4,0.0,0,0.0,1,6,1,0,0,0,0,0,1,1,1,1,0,gratuito
1,10000.0,0,0.0,1,3,1,0,0,0,1,0,1,0,1,0,0,medio_alto
1,10000.0,0,0.0,1,1,1,0,0,0,0,0,0,0,1,0,0,alto
8,10000.0,30,0.23333333333333334,1,3,1,1,0,0,1,1,1,0,0,0,0,gratuito
1,10000.0,0,0.0,1,3,1,0,0,0,1,1,0,0,1,0,0,medio_baixo
5,350000.0,24,0.75,1,4,1,0,0,10,1,1,1,1,0,0,0,baixo
9,150000.0,2005,0.9271820448877806,1,4,1,1,0,0,1,1,1,1,0,0,0,medio_baixo
4,10000.0,4,1.0,1,3,1,0,0,0,1,1,1,0,0,0,0,alto
7,10000.0,14,0.5,1,3,1,0,1,1,1,1,0,1,0,0,0,baixo
3,10000.0,10,0.3,2,3,1,0,0,0,1,0,0,1,0,0,1,baixo
2,10000.0,4,0.75,1,3,1,0,0,0,1,1,1,0,0,0,0,medio_baixo
5,10000.0,7,0.7142857142857143,9,4,1,0,0,0,1,0,0,1,0,1,0,medio_alto
6,35000.0,301,0.8073089700996677,6,2,1,1,0,1,1,0,1,0,0,0,0,medio_alto
6,150000.0,6,0.8333333333333334,1,2,1,1,0,0,1,0,0,1,0,0,0,medio_alto
3,10000.0,0,0.0,1,2,1,0,0,0,1,0,0,1,0,0,0,baixo
4,10000.0,20,0.95,1,6,1,0,0,0,1,0,1,1,1,1,1,baixo
7,10000.0,12,0.8333333333333334,4,3,1,0,0,0,1,1,0,1,0,0,0,medio_baixo
1,0.0,0,0.0,11,4,1,1,0,0,1,0,1,1,1,0,0,medio_alto
11,35000.0,214,0.8177570093457944,1,1,1,1,1,2,1,0,0,0,0,0,0,medio_alto
8,10000.0,5,0.0,1,4,1,0,0,0,1,0,0,1,0,0,0,alto
1,10000.0,0,0.0,27,2,1,1,1,0,1,0,0,0,0,0,1,baixo
1,0.0,0,0.0,1,3,1,0,0,0,0,0,0,1,1,0,1,medio_alto
10,10000.0,18,0.7777777777777778,1,3,1,1,1,2,1,0,1,1,0,0,0,baixo
6,10000.0,17,0.9411764705882353,2,3,1,1,1,0,1,1,1,0,0,0,0,medio_baixo
9,35000.0,83,0.4457831325301205,103,5,1,0,0,0,1,1,1,1,0,0,1,baixo
6,10000.0,1,1.0,1,1,1,0,0,0,0,0,1,0,0,0,0,medio_baixo
8,10000.0,69,0.8405797101449275,9,2,1,1,1,0,0,0,0,1,0,0,1,gratuito
3,10000.0,0,0.0,4,5,1,0,0,0,1,0,1,0,1,1,0,alto
9,10000.0,17,0.8235294117647058,1,3,1,0,0,0,1,0,0,1,0,0,1,medio_alto
6,10000.0,0,0.0,29,1,1,0,0,1,0,0,0,0,0,0,1,medio_alto
7,35000.0,9,0.8888888888888888,1,3,1,0,0,0,1,1,0,1,0,0,0,medio_baixo
1,0.0,0,0.0,0,0,1,0,0,0,0,0,0,0,0,0,0,gratuito
10,75000.0,177,0.7570621468926554,2,3,1,1,0,0,1,1,0,0,0,0,0,medio_alto
1,10000.0,0,0.0,1,1,1,0,0,3,0,1,0,0,0,0,0,alto
10,10000.0,28,0.7142857142857143,2,3,1,1,1,0,1,0,1,1,0,0,0,medio_baixo
9,35000.0,11,0.8181818181818182,1,2,1,1,1,0,0,0,0,1,0,0,1,medio_baixo
1,10000.0,4,0.75,2,3,1,0,1,0,0,0,1,1,0,1,0,medio_baixo
5,0.0,0,0.0,11,1,1,0,0,0,0,0,1,0,0,0,0,gratuito
2,0.0,0,0.0,103,2,1,0,0,1,0,0,0,1,0,0,0,gratuito
2,10000.0,0,0.0,4,2,1,0,0,1,0,0,0,1,0,0,1,medio_alto
4,0.0,0,0.0,103,2,1,0,0,0,1,0,0,1,0,0,0,baixo
9,10000.0,15,0.4666666666666667,11,2,1,0,0,0,1,0,0,1,0,0,0,baixo
1,0.0,0,0.0,0,0,1,0,0,0,0,0,0,0,0,0,0,gratuito
3,10000.0,0,0.0,3,1,1,0,0,0,0,0,1,0,0,0,0,baixo
3,10000.0,0,0.0,1,1,1,0,0,0,0,0,0,0,1,0,0,alto
7,75000.0,553,0.9095840867992767,1,3,1,0,0,0,1,0,0,0,0,1,0,alto
3,750000.0,30920,0.9486416558861578,3,4,1,0,0,3,1,0,1,0,1,1,0,alto
11,350000.0,640,0.640625,1,1,1,1,0,1,1,0,0,0,0,0,0,medio_alto
12,10000.0,59,0.6101694915254238,2,1,1,1,0,0,0,0,0,0,0,0,0,medio_alto
2,10000.0,47,0.5957446808510638,14,2,1,0,0,0,1,1,0,0,0,0,0,gratuito
2,10000.0,11,1.0,1,3,1,0,0,0,1,0,0,1,0,0,1,medio_alto
5,10000.0,0,0.0,1,7,1,0,0,0,1,1,1,1,1,0,0,medio_alto
9,10000.0,83,0.8554216867469879,1,1,1,0,0,1,1,0,0,0,0,0,0,medio_alto
8,10000.0,10,0.8,1,2,1,0,0,0,0,0,1,1,0,0,0,medio_alto
5,0.0,0,0.0,1,1,1,0,0,0,0,0,0,0,0,0,0,gratuito
2,35000.0,6,1.0,14,4,1,0,0,0,1,0,1,1,0,0,1,medio_alto
6,350000.0,7268,0.7505503577325261,11,1,1,0,0,0,0,0,0,0,0,1,0,alto
4,35000.0,43,0.6976744186046512,1,3,1,0,0,0,1,0,1,0,1,0,0,medio_alto
7,10000.0,6,0.5,1,3,1,0,0,0,1,1,1,0,0,0,0,gratuito
2,0.0,0,0.0,0,0,1,0,0,0,0,0,0,0,0,0,0,gratuito
13,350000.0,4075,0.9550920245398773,1,3,1,0,0,0,0,1,1,0,1,0,0,medio_alto
9,10000.0,8,1.0,1,2,1,0,0,0,0,0,1,1,0,0,0,medio_alto
5,10000.0,26,0.5384615384615384,3,4,1,1,1,0,1,0,1,0,1,0,0,alto
6,10000.0,49,0.46938775510204084,1,4,1,0,0,0,1,0,0,1,0,1,1,medio_alto
4,10000.0,0,0.0,1,3,1,0,0,0,1,0,1,1,0,0,0,medio_baixo
9,35000.0,57,0.7719298245614035,4,6,1,0,0,0,1,0,0,1,0,0,1,alto
3,0.0,0,0.0,0,0,1,0,0,0,0,0,0,0,0,0,0,gratuito
4,750000.0,25740,0.6874125874125874,11,2,1,0,0,0,0,0,0,0,0,0,0,gratuito
2,0.0,0,0.0,0,0,1,0,0,0,0,0,0,0,0,0,0,gratuito
2,10000.0,0,0.0,10,2,1,0,0,0,1,0,0,1,0,0,0,baixo
2,10000.0,0,0.0,2,2,1,0,0,0,1,1,0,0,0,0,0,medio_alto
1,10000.0,0,0.0,4,2,1,0,0,0,1,0,0,1,0,0,0,medio_alto
3,10000.0,1,0.0,1,4,1,0,0,0,1,1,0,1,1,0,0,medio_baixo
3,75000.0,2,1.0,1,1,1,0,0,2,0,0,0,0,1,0,0,baixo
1,150000.0,2835,0.9223985890652557,12,3,1,0,0,3,1,0,1,0,1,0,0,alto
4,10000.0,11,1.0,1,2,1,0,0,0,1,1,0,0,0,0,0,alto
9,35000.0,43,0.3953488372093023,1,2,1,0,0,0,0,0,0,1,0,0,0,gratuito
1,10000.0,0,0.0,22,3,1,0,0,0,1,1,1,0,0,0,0,medio_alto
3,10000.0,26,0.8461538461538461,11,2,1,1,1,1,1,1,0,0,0,0,0,medio_baixo
2,10000.0,0,0.0,7,2,1,0,0,0,1,0,0,0,1,0,0,alto
2,0.0,0,0.0,2,3,1,0,0,0,0,0,1,1,0,0,0,gratuito
6,10000.0,26,0.8846153846153846,2,5,1,0,0,0,1,1,0,1,0,1,1,medio_alto
1,0.0,0,0.0,1,3,1,0,0,0,1,1,0,1,0,0,0,medio_baixo
2,10000.0,107,0.9345794392523364,11,2,1,0,0,2,0,1,1,0,0,0,0,medio_alto
4,10000.0,2,1.0,1,2,1,1,1,0,1,0,0,1,0,0,0,baixo
4,10000.0,1,1.0,1,2,1,0,0,0,1,0,0,0,0,0,0,alto
10,1500000.0,52422,0.7799969478463241,13,2,1,1,1,13,0,1,0,0,0,1,0,alto
8,75000.0,184,0.8369565217391305,10,2,1,1,0,2,1,1,0,0,0,0,0,medio_alto
11,10000.0,65,0.4153846153846154,1,6,1,1,1,0,1,1,0,1,0,0,1,medio_baixo
4,10000.0,4,1.0,1,4,1,0,0,0,1,1,1,1,0,0,0,medio_alto
6,10000.0,126,0.746031746031746,2,5,1,0,0,0,1,0,1,0,1,1,1,medio_baixo
1,10000.0,0,0.0,1,1,1,0,0,0,0,0,0,1,0,0,0,medio_baixo
2,10000.0,11,0.8181818181818182,2,3,1,0,0,0,1,0,0,1,1,0,0,medio_baixo
4,10000.0,0,0.0,1,7,1,0,0,0,1,1,1,1,0,0,0,baixo
2,10000.0,26,0.9615384615384616,1,5,1,0,0,0,1,0,1,1,0,0,1,gratuito
2,10000.0,5,1.0,1,2,1,0,0,0,1,0,0,0,0,1,0,medio_baixo
1,10000.0,0,0.0,6,4,1,0,0,1,1,1,1,0,1,0,0,alto
1,10000.0,0,0.0,1,3,1,0,0,0,1,1,0,0,0,1,0,medio_alto
4,10000.0,8,0.5,1,2,1,0,0,0,1,1,0,0,0,0,0,alto
2,10000.0,0,0.0,30,3,1,0,0,0,1,0,1,1,0,0,0,medio_baixo
3,10000.0,3,1.0,1,3,1,0,0,0,1,0,1,0,0,1,0,medio_alto
6,10000.0,70,0.6857142857142857,1,1,1,0,0,0,1,0,0,0,0,0,0,baixo
8,10000.0,14,1.0,1,2,1,1,0,0,1,1,0,0,0,0,0,alto
1,150000.0,2786,0.9038047379755922,1,3,1,1,1,0,1,0,1,0,1,0,0,alto
4,10000.0,229,0.5982532751091703,1,4,1,0,0,1,0,1,1,1,0,0,0,alto
8,10000.0,11,0.7272727272727273,1,3,1,0,0,0,1,0,1,0,0,0,1,medio_baixo
5,10000.0,10,0.9,6,1,1,0,0,0,0,0,0,0,0,0,0,alto
2,10000.0,2,1.0,2,2,1,0,0,1,1,1,0,0,0,0,0,medio_baixo
1,0.0,0,0.0,0,0,1,0,0,0,0,0,0,0,0,0,0,gratuito
8,10000.0,3,1.0,2,4,1,0,0,1,1,1,1,1,0,0,0,baixo
1,0.0,0,0.0,1,1,1,0,0,0,0,0,0,0,1,0,0,baixo
10,15000000.0,148161,0.7856790923387396,20,5,1,1,0,15,0,1,0,0,0,1,1,gratuito
2,0.0,0,0.0,0,0,1,0,0,0,0,0,0,0,0,0,0,gratuito
2,10000.0,29,0.896551724137931,2,3,1,0,0,0,1,0,0,1,0,1,0,medio_baixo
11,150000.0,1206,0.9635157545605307,3,1,1,0,0,0,0,0,1,0,0,0,0,medio_alto
4,35000.0,532,0.706766917293233,1,2,1,0,0,0,1,0,0,0,1,0,0,alto
10,35000.0,52,0.8269230769230769,1,2,1,0,0,0,1,1,0,0,0,0,0,medio_baixo
2,0.0,0,0.0,0,0,1,0,0,0,0,0,0,0,0,0,0,gratuito
10,10000.0,14,0.42857142857142855,1,1,1,0,0,0,1,0,0,0,0,0,0,baixo
2,10000.0,0,0.0,1,2,1,0,0,0,1,1,0,0,0,0,0,baixo
7,10000.0,0,0.0,3,1,1,1,1,0,0,0,0,1,0,0,0,medio_alto
3,10000.0,24,0.625,2,2,1,0,0,0,1,0,0,1,0,0,0,baixo
6,10000.0,11,0.8181818181818182,3,3,1,1,0,0,1,0,0,1,0,1,0,medio_baixo
2,350000.0,4546,0.8886933567971843,6,2,1,1,0,0,0,1,1,0,0,0,0,medio_alto
2,0.0,0,0.0,102,3,1,1,1,1,1,0,1,1,0,0,0,medio_alto
8,10000.0,14,0.7142857142857143,1,3,1,0,0,0,1,0,1,0,1,0,0,baixo
2,150000.0,975,0.6502564102564102,1,3,1,0,0,0,1,0,0,0,0,1,1,alto
4,10000.0,3,0.6666666666666666,1,4,1,1,1,0,1,1,1,0,1,0,0,medio_alto
7,10000.0,48,0.5833333333333334,12,5,1,0,0,0,1,0,0,1,0,0,1,medio_baixo
3,10000.0,39,0.8974358974358975,1,3,1,1,1,0,1,0,0,1,0,0,1,baixo
6,10000.0,9,0.5555555555555556,1,3,1,0,0,0,1,1,0,0,0,0,0,alto
1,10000.0,0,0.0,1,1,1,0,0,0,0,0,0,1,0,0,0,baixo
4,10000.0,89,0.5280898876404494,1,3,1,1,0,0,0,0,0,0,0,1,1,alto
8,150000.0,484,0.7871900826446281,3,1,1,0,0,4,1,0,0,0,0,0,0,gratuito
5,750000.0,4677,0.8853966217660894,13,5,1,0,0,0,0,1,0,0,0,0,0,medio_alto
5,10000.0,5,0.8,1,2,1,0,0,0,1,0,0,0,0,0,1,medio_baixo
5,10000.0,29,0.7931034482758621,1,3,1,0,0,0,1,0,1,1,0,0,0,gratuito
2,0.0,0,0.0,1,5,1,0,0,1,1,0,0,1,1,1,0,gratuito
1,10000.0,0,0.0,1,1,1,0,0,0,0,0,0,1,0,0,0,medio_baixo
2,10000.0,12,0.6666666666666666,3,2,1,0,0,0,1,0,0,0,0,0,1,medio_alto
4,0.0,0,0.0,0,0,1,0,0,0,0,0,0,0,0,0,0,gratuito
4,75000.0,25,0.84,1,2,1,0,0,0,1,1,0,0,0,0,0,baixo
1,0.0,0,0.0,1,5,1,0,0,0,1,0,1,1,0,0,1,baixo
10,10000.0,47,0.851063829787234,5,3,1,1,0,0,0,0,1,1,0,1,0,medio_baixo
8,10000.0,6,0.6666666666666666,3,2,1,0,0,0,0,0,0,0,0,0,0,medio_alto
8,10000.0,8,0.375,1,5,1,0,0,0,1,0,0,1,0,0,1,alto
6,10000.0,15,1.0,1,4,1,0,0,0,1,0,0,1,0,1,1,medio_alto
1,10000.0,3,1.0,1,4,1,0,0,1,1,1,1,1,0,0,0,alto
1,0.0,0,0.0,1,3,1,0,0,0,1,0,0,1,0,1,0,medio_alto
2,10000.0,51,0.9803921568627451,1,2,1,0,1,1,1,0,1,0,0,0,0,alto
4,10000.0,5,0.4,1,2,1,0,0,0,0,0,0,0,0,1,1,baixo
5,10000.0,3,1.0,1,2,1,0,0,0,1,1,0,0,0,0,0,baixo
5,10000.0,9,0.6666666666666666,1,3,1,0,0,0,1,0,0,0,0,1,1,baixo
5,10000.0,10,0.7,1,4,1,1,0,0,1,1,1,0,0,0,0,alto
6,10000.0,21,0.9047619047619048,1,5,1,0,0,0,1,0,0,1,0,0,1,medio_baixo
2,10000.0,2,0.5,1,5,1,0,0,0,1,1,1,0,0,1,0,gratuito
8,10000.0,12,0.6666666666666666,1,3,1,0,0,0,1,0,1,1,0,0,0,medio_alto
1,0.0,0,0.0,0,0,1,0,0,0,0,0,0,0,0,0,0,gratuito
8,10000.0,4,0.25,2,2,1,0,0,1,1,0,0,1,0,0,0,baixo
2,75000.0,956,0.6935146443514645,12,1,1,0,0,0,0,1,0,0,0,0,0,alto
1,0.0,0,0.0,30,3,1,0,0,0,0,1,1,1,0,0,0,medio_alto
4,10000.0,25,0.72,1,1,1,0,0,0,0,0,1,0,0,0,0,gratuito
1,0.0,0,0.0,43,8,1,0,0,0,1,1,1,1,1,1,1,gratuito
8,10000.0,22,0.6818181818181818,2,4,1,0,1,0,1,1,0,1,0,0,0,gratuito
1,10000.0,12,1.0,1,4,1,1,1,0,1,1,1,1,0,0,0,medio_alto
5,35000.0,199,0.6683417085427136,8,4,1,0,0,0,1,0,1,1,0,0,1,baixo
5,35000.0,350,0.7885714285714286,4,3,1,0,0,3,1,0,1,0,1,0,0,alto
3,10000.0,0,0.0,1,2,1,0,0,0,0,1,0,0,0,0,0,gratuito
2,10000.0,0,0.0,1,5,1,0,0,0,0,0,0,1,1,1,0,gratuito
5,10000.0,40,0.95,1,5,1,0,0,0,1,1,1,1,0,0,1,medio_baixo
18,75000.0,464,0.6982758620689655,4,3,1,0,0,0,1,0,0,1,0,0,0,baixo
2,10000.0,88,0.8181818181818182,6,4,1,0,0,0,0,0,0,0,0,1,1,medio_alto
1,10000.0,1,0.0,2,2,1,0,0,0,1,0,0,1,0,0,0,medio_alto
1,0.0,0,0.0,103,2,1,0,0,0,1,0,0,1,0,0,0,baixo
2,10000.0,5,0.8,8,2,1,0,0,0,1,0,0,1,0,0,0,medio_baixo
3,10000.0,3,0.3333333333333333,4,1,1,0,0,0,0,0,0,0,0,0,1,baixo
6,35000.0,206,0.9805825242718447,1,3,1,0,0,0,0,0,1,1,0,0,1,medio_baixo
10,10000.0,5,0.8,1,4,1,0,0,0,1,1,0,0,0,0,0,alto
8,75000.0,249,0.5140562248995983,2,6,1,0,0,0,1,0,1,0,1,1,0,gratuito
2,10000.0,0,0.0,3,5,1,0,0,0,1,1,1,0,1,0,1,alto
1,0.0,0,0.0,0,0,1,0,0,0,0,0,0,0,0,0,0,gratuito
11,75000.0,507,0.6193293885601578,1,3,1,0,0,0,1,1,0,1,0,0,0,gratuito
2,10000.0,0,0.0,1,4,1,0,0,0,0,1,1,0,0,1,0,gratuito
1,10000.0,0,0.0,9,4,1,0,0,1,1,1,0,1,0,0,0,gratuito
1,10000.0,1,1.0,2,2,1,0,0,0,1,0,0,1,0,0,0,medio_baixo
4,10000.0,3,1.0,1,3,1,0,0,0,0,1,1,0,1,0,0,baixo
1,10000.0,12,1.0,6,4,1,0,0,0,1,1,1,1,0,0,0,baixo
4,10000.0,54,0.5740740740740741,2,4,1,0,0,1,1,1,1,1,0,0,0,medio_baixo
3,10000.0,5,0.6,9,1,1,0,0,0,0,0,0,0,0,0,0,alto
1,10000.0,22,0.6363636363636364,4,2,1,1,0,0,1,0,0,1,0,0,0,medio_alto
7,10000.0,6,0.8333333333333334,1,4,1,1,0,0,1,0,1,1,0,0,1,gratuito
1,0.0,0,0.0,0,0,1,0,0,0,0,0,0,0,0,0,0,gratuito
9,35000.0,372,0.9596774193548387,1,2,1,0,0,0,0,0,1,0,0,0,0,gratuito
10,10000.0,60,0.5166666666666667,1,1,1,0,0,0,1,0,0,0,0,0,0,alto
1,0.0,0,0.0,103,7,1,0,0,0,1,1,1,1,0,1,1,baixo
3,10000.0,1,1.0,1,3,1,0,0,0,0,1,0,1,0,1,0,baixo
2,10000.0,4,1.0,3,3,1,0,0,0,1,0,0,0,0,1,1,medio_baixo
4,10000.0,5,0.6,1,3,1,0,0,0,0,1,1,0,0,1,0,alto
9,10000.0,14,0.7857142857142857,2,1,1,0,0,0,0,0,0,0,0,0,0,gratuito
3,0.0,0,0.0,1,6,1,0,0,1,0,1,1,0,1,0,1,gratuito
2,150000.0,100,0.76,6,3,1,0,0,0,1,0,1,0,1,0,0,alto
2,10000.0,0,0.0,1,1,1,0,1,0,0,0,0,1,0,0,0,medio_baixo
7,10000.0,9,0.8888888888888888,1,5,1,0,0,0,1,0,1,1,0,0,0,gratuito
16,75000.0,287,0.8710801393728222,1,3,1,1,0,0,1,1,0,0,1,0,0,medio_baixo
5,10000.0,47,0.723404255319149,7,2,1,0,1,0,1,0,0,0,0,1,0,baixo
5,150000.0,56,0.5892857142857143,1,4,1,0,0,0,1,0,1,1,0,1,0,baixo
1,10000.0,0,0.0,1,4,1,0,0,0,1,0,1,1,0,0,1,medio_baixo
2,10000.0,76,0.9605263157894737,1,2,1,0,0,0,1,0,0,0,1,0,0,alto
3,75000.0,2709,0.7962347729789591,1,6,1,0,0,0,1,1,0,0,1,1,1,alto
7,10000.0,11,0.36363636363636365,1,2,1,0,0,0,1,1,0,0,0,0,0,baixo
8,10000.0,9,0.5555555555555556,1,2,1,0,0,0,1,1,0,0,0,0,0,baixo
4,0.0,0,0.0,1,2,1,0,0,0,1,0,1,0,0,0,0,gratuito
8,10000.0,3,1.0,2,1,1,0,1,0,1,0,0,0,0,0,0,alto
1,10000.0,0,0.0,9,2,1,0,0,0,0,1,1,0,0,0,0,medio_alto
1,0.0,0,0.0,1,1,1,0,0,0,0,0,1,0,0,0,0,medio_alto
10,350000.0,4772,0.7435037720033529,6,2,1,0,0,13,0,0,0,0,0,1,1,medio_baixo
2,10000.0,3,0.6666666666666666,2,3,1,0,0,0,1,1,0,0,0,1,0,medio_baixo
3,10000.0,3,1.0,1,4,1,0,0,0,1,1,0,1,0,0,0,baixo
6,35000.0,51,0.7647058823529411,10,3,1,1,1,0,1,1,0,0,0,0,0,medio_baixo
6,10000.0,14,0.9285714285714286,6,3,1,0,0,0,1,1,0,1,0,0,0,baixo
1,10000.0,79,0.9493670886075949,4,2,1,0,0,0,1,0,0,0,0,0,1,medio_baixo
3,10000.0,1,0.0,1,2,1,0,0,0,1,0,0,0,1,0,0,alto
3,10000.0,131,0.9083969465648855,4,1,1,1,0,1,0,0,1,0,0,0,0,medio_alto
2,0.0,0,0.0,17,6,1,0,0,0,1,1,1,1,0,0,1,gratuito
7,10000.0,26,1.0,1,1,1,1,0,1,1,0,0,0,0,0,0,medio_alto
1,0.0,0,0.0,0,0,1,0,0,0,0,0,0,0,0,0,0,gratuito
2,10000.0,10,1.0,18,3,1,0,0,0,1,0,0,1,0,1,0,baixo
6,10000.0,13,0.8461538461538461,1,3,1,0,0,0,1,1,1,0,0,0,0,medio_baixo
8,10000.0,219,0.7534246575342466,1,3,1,1,1,0,1,0,0,1,1,0,0,baixo
3,10000.0,1,1.0,1,4,1,1,1,0,1,0,0,1,0,0,1,medio_baixo
11,75000.0,362,0.4696132596685083,1,3,1,0,0,0,1,0,0,1,0,0,1,gratuito
6,10000.0,0,0.0,29,2,1,0,0,1,1,0,0,1,0,0,0,baixo
4,10000.0,21,0.8571428571428571,1,4,1,0,0,0,1,1,0,1,0,0,1,medio_alto
1,0.0,0,0.0,0,0,1,0,0,0,0,0,0,0,0,0,0,gratuito
3,0.0,0,0.0,0,0,1,0,0,0,0,0,0,0,0,0,0,gratuito
1,0.0,0,0.0,2,6,1,0,0,7,0,1,1,1,1,0,0,gratuito
1,10000.0,0,0.0,37,3,1,0,0,0,1,0,0,0,0,1,1,alto
1,10000.0,0,0.0,1,3,1,0,0,0,0,0,1,1,0,0,1,medio_alto
3,0.0,0,0.0,0,0,1,0,0,0,0,0,0,0,0,0,0,gratuito
3,35000.0,18,0.6111111111111112,1,7,1,0,0,0,0,1,1,1,1,1,1,baixo
5,10000.0,8,0.25,2,3,1,0,0,0,1,0,0,0,0,1,1,baixo
9,10000.0,45,0.3111111111111111,2,3,1,0,0,0,1,0,1,1,0,0,0,baixo
3,35000.0,603,0.9286898839137645,3,4,1,0,0,0,1,0,0,1,1,0,1,alto
5,75000.0,2914,0.7614962251201098,1,2,1,1,0,1,0,0,0,0,0,1,1,alto
4,75000.0,1954,0.9928352098259979,1,2,1,0,0,5,1,0,0,1,0,0,0,medio_alto
2,10000.0,10,1.0,2,3,1,0,0,0,0,1,1,0,1,0,0,medio_alto
1,0.0,0,0.0,0,0,1,0,0,0,0,0,0,0,0,0,0,gratuito
8,10000.0,17,0.8823529411764706,1,3,1,0,0,0,1,1,0,1,0,0,0,baixo
1,10000.0,39,0.8717948717948718,2,1,1,1,0,0,1,0,0,0,0,0,0,medio_baixo
5,10000.0,1,1.0,1,4,1,0,0,0,1,1,1,0,1,0,0,alto
8,10000.0,5,0.8,1,7,1,0,0,0,1,0,0,0,1,1,1,gratuito
9,10000.0,47,0.851063829787234,1,1,1,0,0,0,0,0,0,0,0,0,0,alto
8,35000.0,271,0.8339483394833949,2,1,1,0,0,0,0,0,0,0,0,1,0,medio_alto
2,0.0,0,0.0,0,0,1,0,0,0,0,0,0,0,0,0,0,gratuito
2,10000.0,13,0.5384615384615384,1,5,1,0,0,0,0,1,1,1,0,0,0,alto
2,10000.0,0,0.0,1,4,1,0,0,0,1,0,0,1,0,1,0,gratuito
1,10000.0,0,0.0,5,3,1,0,0,1,1,0,1,1,0,0,0,alto
1,10000.0,0,0.0,9,2,1,0,0,2,1,1,0,0,0,0,0,alto
3,10000.0,0,0.0,19,3,1,0,0,0,1,0,1,0,0,0,0,baixo
5,10000.0,1,1.0,4,3,1,0,0,0,1,1,0,0,0,0,0,alto
3,10000.0,0,0.0,1,3,1,1,1,0,1,0,1,1,0,0,0,medio_alto
7,10000.0,17,0.29411764705882354,1,4,1,0,0,0,1,1,1,0,1,0,0,gratuito
6,10000.0,14,0.8571428571428571,6,4,1,0,0,0,1,0,0,1,0,0,1,alto
1,10000.0,119,0.8235294117647058,8,2,1,1,0,2,1,0,0,0,1,0,0,alto
8,10000.0,20,0.8,27,2,1,0,0,0,1,0,0,1,0,0,0,baixo
1,10000.0,12,0.9166666666666666,1,2,1,0,0,0,1,0,0,0,0,1,0,medio_alto
3,10000.0,8,1.0,1,3,1,0,0,0,1,1,0,0,0,1,0,medio_alto
1,0.0,0,0.0,1,2,1,1,0,0,1,1,0,0,0,0,0,alto
4,0.0,0,0.0,0,0,1,0,0,0,0,0,0,0,0,0,0,gratuito
3,350000.0,78,0.7692307692307693,11,2,1,0,0,2,1,0,1,0,0,0,0,medio_alto
1,10000.0,0,0.0,14,4,1,0,0,4,1,0,1,1,0,0,1,medio_alto
7,10000.0,15,0.5333333333333333,1,4,1,0,0,0,1,1,0,1,0,0,0,gratuito
1,10000.0,0,0.0,27,2,1,1,1,0,1,0,0,0,0,0,1,baixo
4,10000.0,1,0.0,103,5,1,0,0,0,1,0,1,1,0,1,1,baixo
3,35000.0,3,0.3333333333333333,1,3,1,0,0,0,0,0,0,0,0,0,0,medio_alto
4,10000.0,1,1.0,1,2,1,0,0,0,0,0,1,1,0,0,0,medio_baixo
3,10000.0,0,0.0,1,3,1,0,0,0,1,1,1,0,0,0,0,gratuito
5,10000.0,1,0.0,3,4,1,0,1,0,1,1,0,0,1,0,0,medio_alto
4,10000.0,163,0.7423312883435583,11,4,1,1,0,0,1,0,0,0,0,1,1,alto
2,0.0,0,0.0,0,0,1,0,0,0,0,0,0,0,0,0,0,gratuito
2,10000.0,7,0.7142857142857143,3,3,1,0,1,2,1,1,1,0,0,0,0,baixo
5,150000.0,731,0.652530779753762,6,2,1,0,0,1,0,0,0,1,0,1,0,baixo
1,10000.0,0,0.0,1,6,1,0,0,0,1,1,1,1,0,0,1,alto
9,10000.0,57,0.631578947368421,2,3,1,1,0,1,1,1,1,0,0,0,0,medio_alto
3,10000.0,4,0.75,1,3,1,1,1,0,1,0,1,1,0,0,0,medio_alto
9,10000.0,8,0.75,11,2,1,0,0,0,0,0,0,1,0,0,0,medio_baixo
6,10000.0,52,0.6923076923076923,1,6,1,0,0,0,1,1,1,1,0,0,1,medio_alto
2,10000.0,2,1.0,1,2,1,0,0,0,0,0,0,1,1,0,0,alto
6,10000.0,1,1.0,2,4,1,1,1,0,1,1,0,1,0,0,0,alto
1,0.0,0,0.0,0,0,1,0,0,0,0,0,0,0,0,0,0,gratuito
2,10000.0,7,1.0,2,2,1,0,0,0,1,0,1,0,0,0,0,baixo
2,10000.0,28,0.8928571428571429,23,2,1,0,0,0,1,1,0,0,0,0,0,medio_alto
1,10000.0,124,0.782258064516129,13,3,1,0,0,0,1,1,0,0,0,0,0,baixo
9,10000.0,3,1.0,1,2,1,0,0,0,0,0,1,1,0,0,0,medio_alto
3,1500000.0,21539,0.759320302706718,15,3,1,1,0,5,1,0,0,0,1,1,0,alto
4,35000.0,1,1.0,2,1,1,0,0,0,0,0,0,1,0,0,0,medio_alto
1,10000.0,0,0.0,1,3,1,0,0,0,1,0,0,1,0,0,0,medio_baixo
7,10000.0,51,0.6274509803921569,1,3,1,0,0,0,1,1,0,0,1,0,0,alto
13,75000.0,371,0.738544474393531,6,3,1,0,0,0,1,1,0,0,0,1,0,medio_alto
10,35000.0,21,0.2857142857142857,1,3,1,0,0,0,1,0,0,0,1,1,0,medio_alto
2,0.0,0,0.0,1,3,1,0,0,0,1,1,1,0,0,0,0,gratuito
10,750000.0,4904,0.8656199021207178,14,3,1,1,1,0,1,1,0,1,0,0,0,medio_baixo
5,150000.0,2231,0.920663379650381,2,1,1,0,0,14,0,0,0,0,1,0,0,alto
9,10000.0,11,0.8181818181818182,1,2,1,0,1,0,1,0,0,1,0,0,0,baixo
3,0.0,0,0.0,1,1,1,0,0,0,0,0,0,0,0,0,0,gratuito
4,10000.0,108,0.8611111111111112,4,4,1,0,0,0,1,0,1,1,1,0,0,baixo
5,350000.0,2534,0.8172849250197316,9,2,1,0,0,0,0,1,0,1,0,0,0,alto
1,0.0,0,0.0,103,2,1,0,0,0,1,0,0,1,0,0,0,baixo
6,10000.0,8,1.0,1,1,1,0,0,0,0,1,0,0,0,0,0,gratuito
2,0.0,0,0.0,0,0,1,0,0,0,0,0,0,0,0,0,0,gratuito
3,750000.0,9809,0.6254460189621776,5,3,1,0,0,4,0,0,0,0,0,0,1,alto
1,0.0,0,0.0,2,3,1,0,0,0,0,0,0,0,0,0,0,gratuito
1,10000.0,138,0.8985507246376812,4,5,1,0,0,0,1,1,1,0,1,0,0,medio_baixo
8,10000.0,6,1.0,7,3,1,0,0,0,1,1,0,0,0,0,0,baixo
2,10000.0,0,0.0,1,4,1,0,0,0,1,1,0,1,0,0,1,baixo
1,10000.0,0,0.0,1,2,1,0,0,0,1,0,0,0,1,0,0,alto
3,0.0,0,0.0,1,2,1,0,0,0,0,0,0,0,0,0,0,gratuito
4,10000.0,9,0.8888888888888888,11,2,1,0,0,0,1,1,0,0,0,0,0,baixo
9,10000.0,43,0.4883720930232558,8,2,1,0,0,0,1,0,0,0,0,0,1,medio_baixo
2,0.0,0,0.0,16,3,1,0,0,1,1,0,0,1,0,0,1,alto
8,10000.0,281,0.797153024911032,103,5,1,0,0,0,1,0,1,1,0,1,1,medio_baixo
1,10000.0,10,0.4,1,4,1,0,0,0,1,1,1,0,0,0,0,baixo
10,1500000.0,48300,0.9589855072463768,15,3,1,1,1,1,1,1,0,1,0,0,0,medio_alto
4,10000.0,81,0.7777777777777778,5,1,1,1,0,0,0,1,0,0,0,0,0,baixo
9,10000.0,10,0.7,1,1,1,0,0,0,0,0,1,0,0,0,0,baixo
3,10000.0,0,0.0,1,5,1,0,0,0,0,0,1,1,1,0,1,alto
7,10000.0,69,0.8985507246376812,1,1,1,1,0,0,0,0,0,0,0,0,0,gratuito
9,10000.0,25,0.92,1,2,1,0,0,0,1,0,0,0,1,0,0,medio_alto
6,10000.0,29,0.4482758620689655,1,7,1,0,0,0,1,1,1,1,1,1,1,alto
7,10000.0,22,0.9090909090909091,2,1,1,0,0,0,0,1,0,0,0,0,0,alto
7,10000.0,0,0.0,1,1,1,0,0,0,0,0,0,1,0,0,0,alto
1,10000.0,15,1.0,1,4,1,0,0,0,1,1,0,0,1,0,0,medio_alto
8,10000.0,3,1.0,1,3,1,0,0,0,1,0,1,1,0,0,0,baixo
2,0.0,0,0.0,0,0,1,0,0,0,0,0,0,0,0,0,0,gratuito
9,10000.0,188,0.723404255319149,14,2,1,1,1,1,1,1,0,0,0,0,0,baixo
1,10000.0,0,0.0,1,4,1,0,0,0,1,1,1,1,0,0,0,medio_alto
7,10000.0,0,0.0,103,2,1,0,0,2,1,0,0,1,0,0,0,baixo
2,10000.0,447,0.9552572706935123,2,2,1,0,0,0,0,0,1,1,0,0,0,alto
2,10000.0,2,0.5,14,2,1,0,0,0,1,1,0,0,0,0,0,medio_baixo
5,10000.0,33,0.7272727272727273,1,5,1,0,0,1,0,1,0,1,0,0,1,alto
3,10000.0,9,0.4444444444444444,1,6,1,0,0,0,1,1,1,1,1,1,0,alto
5,10000.0,0,0.0,9,2,1,0,0,0,1,0,1,0,0,0,0,medio_baixo
5,10000.0,46,0.8043478260869565,1,2,1,1,0,0,1,0,0,1,0,0,0,baixo
2,10000.0,76,0.4342105263157895,1,5,1,0,0,0,1,0,1,1,0,0,1,medio_alto
7,15000000.0,322234,0.9528510337208365,13,2,1,0,0,0,0,1,1,0,0,0,0,alto
3,10000.0,0,0.0,29,3,1,0,0,0,0,0,0,1,1,0,1,medio_baixo
5,10000.0,14,0.5714285714285714,1,1,1,0,0,0,0,0,1,0,0,0,0,alto
12,150000.0,585,0.5965811965811966,10,1,1,1,1,0,0,0,0,1,0,0,0,medio_alto
8,10000.0,46,0.782608695652174,1,2,1,1,1,0,1,1,0,0,0,0,0,baixo
3,10000.0,47,0.7021276595744681,10,3,1,0,0,0,1,0,0,1,0,1,0,medio_baixo
12,35000.0,328,0.7926829268292683,3,3,1,0,0,0,1,1,0,1,0,0,0,gratuito
2,10000.0,3,0.3333333333333333,1,4,1,0,0,0,1,0,1,1,0,0,1,medio_baixo
8,10000.0,71,0.6619718309859155,2,2,1,1,1,0,1,0,1,0,0,0,0,medio_baixo
3,35000.0,2,0.5,1,2,1,0,0,0,0,1,0,0,0,0,1,baixo
4,10000.0,111,0.918918918918919,2,3,1,0,0,0,1,1,1,0,0,0,0,medio_baixo
4,10000.0,44,0.6590909090909091,1,7,1,0,0,0,1,0,1,1,1,1,0,alto
3,10000.0,2,0.0,1,2,1,0,0,0,0,0,0,1,0,0,0,alto
1,0.0,0,0.0,13,6,1,1,0,0,1,1,1,0,1,1,0,alto
9,10000.0,11,0.7272727272727273,21,3,1,0,0,0,1,1,0,0,0,1,0,baixo
5,0.0,0,0.0,1,5,1,0,0,0,1,1,1,0,1,0,0,gratuito
3,10000.0,17,0.8823529411764706,3,4,1,0,0,0,1,0,1,1,0,1,0,medio_baixo
5,10000.0,9,0.7777777777777778,4,1,1,0,0,0,0,0,0,1,0,0,0,medio_alto
6,1500000.0,15068,0.7263737722325458,13,1,1,0,0,2,0,0,0,0,0,1,0,medio_alto
3,35000.0,739,0.8457374830852503,13,4,1,0,0,7,0,1,0,1,0,0,1,alto
5,10000.0,43,0.6511627906976745,1,5,1,0,0,0,1,1,1,1,0,0,0,gratuito
2,10000.0,11,1.0,1,1,1,0,1,1,1,0,0,0,0,0,0,alto
9,10000.0,3,0.6666666666666666,1,4,1,1,1,0,1,0,1,0,1,1,0,medio_alto
12,75000.0,186,0.8172043010752689,3,1,1,0,0,0,0,0,0,0,1,0,0,baixo
4,10000.0,12,0.9166666666666666,103,1,1,0,0,0,1,0,0,0,0,0,0,baixo
6,10000.0,36,0.8611111111111112,14,3,1,1,1,0,1,1,1,0,0,0,0,baixo
2,10000.0,0,0.0,5,1,1,0,0,8,0,0,0,0,0,0,1,alto
1,0.0,0,0.0,2,2,1,0,0,0,1,0,0,1,0,0,0,baixo
1,0.0,0,0.0,0,0,1,0,0,0,0,0,0,0,0,0,0,gratuito
9,10000.0,61,0.819672131147541,2,4,1,0,0,0,1,1,0,1,0,0,0,alto
4,10000.0,12,0.6666666666666666,1,4,1,0,0,0,1,0,1,1,0,0,1,baixo
1,10000.0,0,0.0,1,1,1,0,0,0,0,0,1,0,0,0,0,medio_alto
2,10000.0,90,0.7222222222222222,10,2,1,0,0,7,0,1,0,1,0,0,0,medio_alto
1,0.0,0,0.0,1,3,1,0,0,0,1,0,0,1,0,1,0,medio_baixo
4,350000.0,3490,0.9114613180515759,21,5,1,0,0,0,1,1,0,1,0,0,0,gratuito
3,0.0,0,0.0,1,3,1,1,0,1,1,0,0,0,0,1,1,gratuito
1,0.0,0,0.0,0,0,1,0,0,0,0,0,0,0,0,0,0,gratuito
2,10000.0,30,0.9666666666666667,7,3,1,0,0,0,0,0,0,1,0,1,1,medio_baixo
8,150000.0,329,0.8936170212765957,1,0,1,0,0,0,0,0,0,0,0,0,0,gratuito
10,1500000.0,5517,0.6737357259380098,1,3,1,1,1,1,1,1,1,0,0,0,0,baixo
1,0.0,0,0.0,4,5,1,0,0,0,0,1,1,1,1,0,0,gratuito
3,0.0,0,0.0,0,0,1,0,0,0,0,0,0,0,0,0,0,gratuito
7,10000.0,406,0.8793103448275862,2,2,1,0,0,2,1,0,1,0,0,0,0,baixo
4,10000.0,0,0.0,1,2,1,0,0,0,1,0,0,1,0,0,0,baixo
4,0.0,0,0.0,1,1,1,0,0,0,0,0,0,0,0,0,0,gratuito
2,10000.0,23,0.6521739130434783,2,4,1,0,1,0,1,0,0,1,0,1,0,alto
4,10000.0,0,0.0,4,3,1,0,0,0,1,1,0,1,0,0,0,medio_alto
1,0.0,0,0.0,0,0,1,0,0,0,0,0,0,0,0,0,0,gratuito
9,750000.0,2122,0.8030160226201697,7,2,1,1,1,1,0,1,1,0,0,0,0,medio_baixo
1,0.0,0,0.0,1,3,1,0,0,0,1,0,1,0,0,0,0,gratuito
2,10000.0,7,0.8571428571428571,2,3,1,0,1,1,1,0,1,0,1,0,0,alto
1,0.0,0,0.0,2,4,1,0,0,0,1,0,1,0,0,1,1,alto
3,10000.0,0,0.0,2,3,1,0,0,0,1,0,0,1,0,0,0,gratuito
7,10000.0,3,1.0,1,2,1,0,0,0,1,1,0,0,0,0,0,alto
2,35000.0,271,0.7933579335793358,12,3,1,1,1,0,1,0,0,0,0,1,1,alto
1,10000.0,0,0.0,2,2,1,0,0,0,0,0,0,0,0,1,1,medio_alto
4,10000.0,4,1.0,2,1,1,0,0,0,0,0,1,0,0,0,0,baixo
8,10000.0,42,0.8571428571428571,2,3,1,0,0,0,1,1,0,0,0,0,0,baixo
3,35000.0,23,0.8695652173913043,1,3,1,0,0,0,0,1,1,1,0,0,0,medio_alto
10,10000.0,14,1.0,1,3,1,1,0,0,1,1,0,0,0,0,0,alto
2,0.0,0,0.0,1,3,1,0,0,0,1,0,0,0,0,1,0,gratuito
3,0.0,0,0.0,0,0,1,0,0,0,0,0,0,0,0,0,0,gratuito
5,10000.0,0,0.0,3,1,1,0,0,0,0,0,1,0,0,0,0,medio_alto
2,150000.0,3434,0.8165404775771695,14,2,1,0,0,5,0,1,1,0,0,0,0,alto
6,10000.0,21,0.7619047619047619,1,4,1,0,0,0,0,1,1,1,0,0,1,baixo
4,0.0,0,0.0,1,5,1,0,0,0,1,1,0,1,0,0,0,gratuito
1,10000.0,0,0.0,1,3,1,0,0,0,1,1,0,0,0,0,0,medio_baixo
6,10000.0,90,0.9,4,5,1,1,0,0,1,0,1,1,0,1,1,medio_alto
4,10000.0,7,1.0,1,4,1,0,0,0,1,0,1,1,1,0,0,baixo
12,35000.0,375,0.7253333333333334,4,3,1,1,0,1,1,0,0,0,0,1,1,medio_alto
5,10000.0,13,1.0,7,3,1,0,0,0,1,0,0,1,0,1,0,baixo
2,10000.0,207,0.8067632850241546,3,2,1,0,0,0,1,0,0,0,1,0,0,medio_alto
2,10000.0,10,0.9,1,4,1,1,0,0,1,0,1,0,1,0,1,alto
2,0.0,0,0.0,1,5,1,1,0,0,1,0,1,0,1,0,1,gratuito
8,35000.0,354,0.9011299435028248,1,3,1,0,0,0,0,0,1,1,0,0,1,medio_baixo
2,10000.0,0,0.0,1,3,1,0,0,0,0,0,1,0,1,0,0,gratuito
1,0.0,0,0.0,0,0,1,0,0,0,0,0,0,0,0,0,0,gratuito
3,150000.0,5257,0.591972607951303,11,2,1,0,0,5,0,1,0,0,0,0,0,gratuito
3,10000.0,30,1.0,3,2,1,0,0,0,1,0,1,0,0,0,0,medio_baixo
8,10000.0,130,0.23846153846153847,1,2,1,1,1,0,1,1,0,0,0,0,0,baixo
7,10000.0,95,0.9578947368421052,3,2,1,1,0,0,1,0,0,1,0,0,0,alto
10,75000.0,473,0.6723044397463002,3,2,1,0,0,1,1,1,0,0,0,0,0,baixo
7,10000.0,7,0.8571428571428571,1,2,1,0,0,0,0,0,0,0,0,0,1,gratuito
2,10000.0,57,0.9298245614035088,2,4,1,0,0,0,1,0,1,1,0,0,1,alto
8,150000.0,1917,0.9640062597809077,13,3,1,1,1,2,1,0,1,1,0,0,0,medio_baixo
10,1500000.0,172,0.5348837209302325,1,3,1,0,0,0,1,0,1,0,1,0,0,baixo
4,10000.0,9,0.5555555555555556,4,2,1,0,0,0,0,0,0,1,0,1,0,alto
4,35000.0,1,1.0,1,4,1,0,0,0,1,1,0,0,0,1,0,medio_alto
8,10000.0,23,0.34782608695652173,1,3,1,0,0,0,0,0,1,0,0,0,0,alto
1,0.0,0,0.0,1,1,1,1,0,0,1,0,0,0,0,0,0,medio_alto
2,10000.0,88,0.7840909090909091,14,1,1,0,0,0,0,1,0,0,0,0,0,medio_baixo
5,10000.0,71,0.8732394366197183,2,3,1,0,0,3,1,1,1,0,0,0,0,medio_baixo
1,10000.0,0,0.0,1,2,1,0,0,0,1,0,1,0,0,0,0,medio_baixo
2,0.0,0,0.0,0,0,1,0,0,0,0,0,0,0,0,0,0,gratuito
3,10000.0,101,0.9801980198019802,13,3,1,1,1,1,1,0,1,1,0,0,0,medio_baixo
1,10000.0,0,0.0,1,4,1,0,1,0,1,0,1,0,1,1,0,alto
4,10000.0,4,0.75,1,3,1,0,0,0,0,0,0,0,0,0,1,medio_baixo
10,75000.0,1012,0.6926877470355731,2,3,1,0,0,3,1,0,1,0,0,0,1,baixo
4,10000.0,29,0.5862068965517241,3,4,1,0,0,0,1,1,0,1,0,1,0,baixo
1,0.0,0,0.0,1,4,1,0,0,0,1,1,0,0,0,0,0,gratuito
5,35000.0,20,0.95,2,2,1,0,0,0,1,0,1,0,0,0,0,medio_alto
3,0.0,0,0.0,0,0,1,0,0,0,0,0,0,0,0,0,0,gratuito
4,10000.0,0,0.0,1,3,1,0,0,0,1,1,0,0,0,0,0,gratuito
2,10000.0,0,0.0,1,4,1,0,0,0,1,1,0,1,0,0,0,baixo
9,10000.0,5,0.8,1,3,1,0,0,0,1,1,0,1,0,0,0,baixo
5,10000.0,5,0.4,1,2,1,0,0,0,0,0,0,1,0,1,0,medio_alto
1,10000.0,0,0.0,4,1,1,0,0,3,0,0,1,0,0,0,0,alto
2,0.0,0,0.0,1,3,1,0,0,0,1,1,0,0,0,0,0,gratuito
5,10000.0,18,0.3888888888888889,29,8,1,1,1,0,1,1,1,0,1,1,1,alto
4,10000.0,2,1.0,5,2,1,0,0,0,1,0,1,0,0,0,0,medio_alto
3,35000.0,4,1.0,2,1,1,0,0,0,0,1,0,0,0,0,0,alto
1,0.0,0,0.0,1,5,1,0,0,0,1,1,1,0,1,0,1,baixo
2,10000.0,2,1.0,3,3,1,0,0,0,1,1,1,0,0,0,0,baixo
1,10000.0,0,0.0,2,2,1,0,0,0,1,0,1,0,0,0,0,baixo
2,10000.0,8,0.625,1,1,1,1,1,0,1,0,0,0,0,0,0,baixo
9,35000.0,327,0.8899082568807339,3,4,1,0,0,0,1,1,1,0,1,0,0,medio_baixo
2,0.0,0,0.0,30,3,1,0,0,0,1,0,0,1,0,0,1,medio_alto
4,150000.0,712,0.8581460674157303,13,4,1,0,0,1,1,1,0,0,0,0,0,medio_alto
4,0.0,0,0.0,0,0,1,0,0,0,0,0,0,0,0,0,0,gratuito
2,10000.0,35,0.8285714285714286,1,2,1,1,1,0,1,0,1,0,0,0,0,baixo
5,35000.0,2,0.5,1,4,1,0,0,0,1,1,1,1,0,0,0,baixo
1,0.0,0,0.0,8,2,1,0,0,0,0,0,1,1,0,0,0,alto
5,0.0,0,0.0,0,0,1,0,0,0,0,0,0,0,0,0,0,gratuito
8,10000.0,0,0.0,1,2,1,0,0,0,1,0,0,0,0,0,0,baixo
4,0.0,0,0.0,1,4,1,0,1,0,1,1,0,0,0,0,0,gratuito
8,35000.0,115,0.7478260869565218,2,3,1,0,0,1,1,0,1,1,0,0,0,baixo
1,0.0,0,0.0,0,0,1,0,0,0,0,0,0,0,0,0,0,gratuito
4,0.0,0,0.0,0,0,1,0,0,0,0,0,0,0,0,0,0,gratuito
6,10000.0,35,0.9428571428571428,1,4,1,1,1,0,1,0,1,1,1,0,0,medio_alto
2,10000.0,0,0.0,6,1,1,0,0,0,0,0,0,0,0,0,1,alto
1,0.0,0,0.0,0,0,1,0,0,0,0,0,0,0,0,0,0,gratuito
3,10000.0,237,0.9324894514767933,9,3,1,0,0,0,1,1,0,0,0,0,0,alto
5,10000.0,3,0.6666666666666666,1,4,1,1,0,0,1,1,1,0,1,0,0,alto
8,10000.0,34,0.38235294117647056,1,1,1,0,0,0,1,0,0,0,0,0,0,medio_baixo
1,0.0,0,0.0,1,4,1,0,0,0,1,0,0,1,0,1,1,alto
3,10000.0,35,0.2571428571428571,8,4,1,0,0,0,1,0,1,1,0,0,1,baixo
5,10000.0,12,0.75,2,2,1,0,0,0,0,0,1,1,0,0,0,medio_baixo
2,10000.0,2,1.0,1,1,1,0,0,0,0,0,0,0,0,1,0,medio_alto
8,35000.0,2,0.0,16,4,1,0,0,0,1,0,1,1,1,0,0,baixo
2,0.0,0,0.0,1,4,1,0,0,0,1,1,1,0,0,0,0,gratuito
4,10000.0,2,1.0,1,3,1,0,0,0,1,0,1,1,0,0,0,medio_baixo
2,0.0,0,0.0,1,3,1,0,0,0,1,0,0,1,0,0,0,gratuito
8,10000.0,118,0.7372881355932204,18,3,1,1,0,0,1,0,1,1,0,0,0,medio_alto
1,10000.0,0,0.0,1,4,1,0,0,0,1,0,0,1,0,1,1,medio_alto
2,75000.0,700,0.94,1,2,1,0,0,1,1,1,0,0,0,0,0,alto
9,0.0,0,0.0,5,1,1,0,0,0,0,0,0,1,0,0,0,baixo
7,10000.0,0,0.0,1,2,1,1,1,0,1,0,1,0,0,0,0,alto
10,75000.0,217,0.6359447004608295,12,6,1,1,0,0,1,0,0,0,0,1,1,gratuito
8,75000.0,378,0.8042328042328042,1,2,1,0,0,4,1,0,0,0,0,1,0,medio_alto
2,0.0,0,0.0,1,2,1,1,1,0,1,1,0,0,0,0,0,gratuito
1,0.0,0,0.0,7,2,1,0,0,0,1,0,0,0,0,0,0,medio_baixo
2,10000.0,56,0.6964285714285714,1,3,1,0,0,0,1,1,0,1,0,0,0,medio_alto
2,10000.0,496,0.842741935483871,3,3,1,0,0,1,1,0,1,0,1,0,0,medio_alto
2,10000.0,272,0.9191176470588235,1,2,1,0,0,0,1,1,0,0,0,0,0,medio_alto
3,10000.0,18,1.0,1,4,1,0,0,0,1,1,0,0,1,0,0,medio_alto
1,10000.0,92,0.7717391304347826,33,1,1,0,0,0,1,0,0,0,0,0,0,medio_alto
10,75000.0,209,0.8803827751196173,1,4,1,0,0,0,1,0,1,0,1,0,0,gratuito
7,10000.0,0,0.0,1,4,1,0,0,0,1,0,0,1,0,1,0,baixo
5,10000.0,29,0.9310344827586207,3,3,1,0,0,0,1,0,1,0,0,1,0,baixo
7,35000.0,505,0.904950495049505,9,1,1,0,0,3,0,1,0,0,0,0,0,medio_alto
5,0.0,0,0.0,0,0,1,0,0,0,0,0,0,0,0,0,0,gratuito
1,10000.0,0,0.0,31,2,1,0,0,0,1,0,0,1,0,0,0,baixo
2,75000.0,724,0.6160220994475138,10,2,1,0,0,2,1,1,0,0,0,0,0,alto
2,10000.0,400,0.9825,8,1,1,0,0,0,0,0,0,0,0,0,1,alto
5,10000.0,0,0.0,1,4,1,1,0,1,1,1,0,1,0,1,0,alto
7,350000.0,1263,0.9026128266033254,1,5,1,1,0,0,1,1,1,0,1,1,0,medio_alto
6,10000.0,194,0.7680412371134021,2,4,1,0,0,0,1,1,1,0,0,1,0,medio_alto
2,0.0,0,0.0,1,5,1,0,0,0,1,0,1,1,1,0,0,gratuito
2,10000.0,3,0.6666666666666666,2,4,1,0,0,0,1,0,1,1,0,0,0,gratuito
12,75000.0,934,0.9775160599571735,1,2,1,1,1,1,1,0,1,0,0,0,0,medio_baixo
2,10000.0,29,0.9310344827586207,4,3,1,0,0,0,1,1,1,0,0,0,0,medio_alto
6,10000.0,29,1.0,1,5,1,1,1,0,1,1,1,1,0,1,0,baixo
9,10000.0,119,0.5714285714285714,4,4,1,0,0,3,1,1,0,1,0,0,0,medio_baixo
3,10000.0,0,0.0,2,5,1,0,0,0,0,1,1,0,0,1,0,gratuito
5,0.0,0,0.0,1,4,1,1,1,0,1,0,0,1,0,0,1,gratuito
11,35000.0,51,0.5098039215686274,1,2,1,0,0,0,0,1,0,1,0,0,0,baixo
7,10000.0,11,0.7272727272727273,10,8,1,0,0,0,1,1,1,1,0,0,1,medio_alto
1,0.0,0,0.0,1,2,1,1,0,0,0,0,1,1,0,0,0,medio_baixo
2,10000.0,23,0.9130434782608695,30,5,1,0,0,0,0,1,1,1,0,0,1,baixo
8,10000.0,2,1.0,1,2,1,0,0,0,1,1,0,0,0,0,0,baixo
10,10000.0,66,0.8939393939393939,1,3,1,1,1,1,1,1,1,0,0,0,0,gratuito
4,0.0,0,0.0,14,3,1,0,0,0,0,0,1,1,0,0,0,gratuito
4,10000.0,0,0.0,14,3,1,1,1,12,1,0,0,1,0,0,0,gratuito
8,10000.0,114,0.8157894736842105,1,2,1,0,0,0,1,0,1,0,0,0,0,baixo
5,75000.0,451,0.9356984478935698,1,3,1,0,0,0,1,0,1,1,0,0,0,baixo
4,10000.0,14,0.9285714285714286,2,3,1,0,0,0,1,1,0,1,0,0,0,medio_alto
3,10000.0,0,0.0,1,3,1,1,1,0,1,0,1,1,0,0,0,baixo
2,35000.0,1,1.0,5,5,1,0,0,0,1,1,0,1,0,0,0,medio_alto
9,35000.0,23,0.2608695652173913,1,4,1,0,0,0,1,1,1,1,0,0,0,baixo
2,0.0,0,0.0,0,0,1,0,0,0,0,0,0,0,0,0,0,gratuito
2,10000.0,2,1.0,6,1,1,0,0,0,0,0,0,1,0,0,0,medio_baixo
1,0.0,0,0.0,1,1,1,0,0,0,1,0,0,0,0,0,0,baixo
3,10000.0,143,1.0,1,2,1,0,0,1,1,0,1,0,0,0,0,baixo
6,10000.0,1,0.0,1,1,1,1,1,0,0,0,0,0,0,1,0,medio_baixo
3,35000.0,4,1.0,1,1,1,0,0,0,0,1,0,0,0,0,0,baixo
2,10000.0,17,0.7058823529411765,1,2,1,0,0,0,0,0,0,0,1,0,1,alto
1,0.0,0,0.0,0,0,1,0,0,0,0,0,0,0,0,0,0,gratuito
11,10000.0,8,0.625,1,2,1,0,0,0,1,0,0,0,0,0,0,baixo
3,35000.0,1,0.0,1,1,1,0,0,0,0,0,1,0,0,0,0,baixo
5,10000.0,0,0.0,1,4,1,0,0,1,1,1,1,1,0,0,0,baixo
3,35000.0,3,0.6666666666666666,2,5,1,0,0,0,1,1,1,0,1,0,1,alto
1,10000.0,0,0.0,6,3,1,1,1,0,0,0,0,1,0,0,1,medio_alto
12,350000.0,2602,0.9177555726364335,4,1,1,1,0,0,0,0,0,0,0,1,0,alto
1,10000.0,9,1.0,1,2,1,0,0,0,1,0,0,0,0,0,0,medio_alto
8,10000.0,34,0.9705882352941176,10,2,1,0,0,0,1,0,0,1,0,0,0,alto
8,10000.0,24,0.5,1,2,1,0,0,0,0,1,0,1,0,0,0,baixo
1,10000.0,0,0.0,2,2,1,0,0,0,1,1,0,0,0,0,0,baixo
4,10000.0,0,0.0,13,1,1,0,0,0,0,0,0,1,0,0,0,medio_baixo
3,10000.0,0,0.0,1,4,1,0,0,0,1,1,1,1,0,0,0,medio_alto
2,10000.0,5,0.6,1,3,1,0,0,0,1,1,0,0,0,1,0,alto
2,10000.0,1,1.0,1,3,1,0,0,0,1,1,0,0,0,0,0,medio_baixo
9,10000.0,29,0.9655172413793104,1,2,1,0,0,1,1,1,0,0,0,0,0,medio_alto
4,0.0,0,0.0,2,3,1,0,0,0,1,0,0,1,0,0,0,gratuito
3,10000.0,15,1.0,19,2,1,0,0,0,1,0,0,1,0,0,0,baixo
1,10000.0,2,1.0,1,3,1,0,0,0,1,0,0,1,0,0,1,medio_alto
6,10000.0,0,0.0,1,8,1,0,0,0,1,1,1,1,1,1,1,alto
5,15000000.0,324927,0.6954177399846735,13,4,1,0,0,4,0,1,1,0,0,0,0,gratuito
2,10000.0,8,0.875,5,2,1,0,0,0,1,1,0,0,0,0,0,baixo
2,10000.0,2,1.0,1,3,1,0,0,0,1,0,0,1,0,1,0,medio_alto
1,0.0,0,0.0,5,2,1,0,0,1,1,0,1,0,0,0,0,alto
3,0.0,0,0.0,0,0,1,0,0,0,0,0,0,0,0,0,0,gratuito
1,0.0,0,0.0,1,4,1,0,0,1,1,1,0,1,0,0,0,gratuito
2,10000.0,15,0.7333333333333333,1,3,1,0,0,0,1,0,1,0,1,0,0,medio_baixo
5,0.0,0,0.0,0,0,1,0,0,0,0,0,0,0,0,0,0,gratuito
3,10000.0,7,1.0,1,3,1,0,0,0,1,1,0,0,1,0,0,medio_alto
3,10000.0,19,0.8947368421052632,1,2,1,0,0,0,1,1,0,0,0,0,0,medio_alto
2,10000.0,142,0.9295774647887324,1,3,1,0,0,0,1,1,1,0,0,0,0,medio_baixo
2,10000.0,0,0.0,2,2,1,0,0,0,0,1,0,1,0,0,0,alto
1,0.0,0,0.0,0,0,1,0,0,0,0,0,0,0,0,0,0,gratuito
11,150000.0,769,0.729518855656697,1,4,1,1,0,0,1,0,0,0,0,1,0,gratuito
5,35000.0,264,0.7992424242424242,5,1,1,0,0,0,0,1,0,0,0,0,0,medio_baixo
4,10000.0,26,0.6923076923076923,1,4,1,0,0,0,1,0,0,1,0,1,1,baixo
6,10000.0,28,0.8571428571428571,1,2,1,0,0,0,0,0,0,1,0,0,1,baixo
1,0.0,0,0.0,6,5,1,0,0,4,1,0,0,1,0,0,1,gratuito
3,0.0,0,0.0,12,4,1,1,1,0,0,0,0,0,0,1,1,gratuito
3,35000.0,1449,0.904071773636991,9,5,1,0,0,1,1,1,0,1,1,1,0,medio_alto
7,10000.0,11,0.8181818181818182,1,2,1,0,0,0,0,0,0,1,0,0,1,gratuito
1,10000.0,0,0.0,1,2,1,1,1,0,1,1,0,0,0,0,0,medio_alto
4,150000.0,0,0.0,3,3,1,0,0,0,1,1,0,0,1,0,0,alto
1,10000.0,0,0.0,1,1,1,0,0,0,0,1,0,0,0,0,0,alto
2,0.0,0,0.0,0,0,1,0,0,0,0,0,0,0,0,0,0,gratuito
3,0.0,0,0.0,1,2,1,0,0,0,0,1,1,0,0,0,0,gratuito
3,10000.0,18,0.9444444444444444,6,3,1,0,1,0,1,1,0,1,0,0,0,medio_alto
3,0.0,0,0.0,1,2,1,0,0,0,0,1,1,0,0,0,0,gratuito
3,35000.0,415,0.8746987951807229,10,4,1,0,0,0,1,0,0,0,0,1,1,alto
7,10000.0,6,0.0,1,2,1,0,0,0,1,1,0,0,0,0,0,alto
8,10000.0,7,1.0,2,2,1,0,0,1,1,1,0,0,0,0,0,medio_baixo
6,75000.0,1368,0.9846491228070176,1,5,1,0,0,0,1,0,1,1,1,0,1,gratuito
6,10000.0,11,0.8181818181818182,1,4,1,0,1,0,1,0,1,1,0,0,1,baixo
1,10000.0,0,0.0,1,2,1,0,0,0,0,0,0,1,0,0,1,medio_baixo
4,0.0,0,0.0,3,3,1,0,0,2,1,0,0,1,0,0,0,gratuito
1,10000.0,0,0.0,10,2,1,0,0,0,1,0,0,1,0,0,0,medio_baixo
2,10000.0,573,0.837696335078534,13,3,1,0,0,0,0,0,1,1,0,0,1,alto
1,0.0,0,0.0,1,3,1,0,0,0,0,1,0,0,1,0,0,gratuito
1,10000.0,0,0.0,1,1,1,0,0,0,0,1,0,0,0,0,0,medio_baixo
6,10000.0,12,0.5,2,2,1,0,0,0,1,1,0,0,0,0,0,medio_baixo
5,10000.0,341,0.9941348973607038,6,3,1,1,1,0,1,0,1,0,1,0,0,medio_alto
2,10000.0,7,0.42857142857142855,3,1,1,1,0,0,0,0,0,1,0,0,0,medio_alto
3,10000.0,31,0.9032258064516129,3,3,1,1,0,1,1,0,1,1,0,0,0,baixo
1,0.0,0,0.0,0,0,1,0,0,0,0,0,0,0,0,0,0,gratuito
6,10000.0,3,0.0,1,3,1,0,0,0,0,0,0,1,0,0,0,alto
9,10000.0,7,0.7142857142857143,1,2,1,0,0,0,1,1,0,0,0,0,0,medio_alto
2,10000.0,0,0.0,1,4,1,0,0,0,1,1,0,1,0,0,0,medio_alto
5,0.0,0,0.0,0,0,1,0,0,0,0,0,0,0,0,0,0,gratuito
10,10000.0,30,0.8666666666666667,1,3,1,1,0,1,1,1,1,0,0,0,0,medio_alto
8,3500000.0,60637,0.6984184573775087,1,6,1,0,0,7,1,0,1,1,1,1,0,alto
2,0.0,0,0.0,0,0,1,0,0,0,0,0,0,0,0,0,0,gratuito
2,0.0,0,0.0,0,0,1,0,0,0,0,0,0,0,0,0,0,gratuito
1,10000.0,0,0.0,12,1,1,0,0,0,1,0,0,0,0,0,0,medio_baixo
6,10000.0,2,1.0,1,2,1,0,0,0,1,1,0,0,0,0,0,medio_alto
9,75000.0,1552,0.8472938144329897,1,2,1,0,0,0,1,1,0,0,0,0,0,alto
3,10000.0,220,0.9363636363636364,2,2,1,0,0,0,1,0,1,0,0,0,0,medio_baixo
6,10000.0,3,0.3333333333333333,1,2,1,0,0,0,0,1,1,0,0,0,0,medio_baixo
1,1500000.0,20859,0.7933266216021861,13,4,1,1,0,1,0,0,1,1,0,0,1,alto
6,10000.0,8,0.875,1,1,1,0,0,0,1,0,0,0,0,0,0,gratuito
3,10000.0,11,0.36363636363636365,1,2,1,0,0,0,0,1,0,0,0,0,0,medio_baixo
7,10000.0,0,0.0,1,2,1,0,0,0,1,1,0,0,0,0,0,medio_baixo
3,10000.0,13,0.7692307692307693,7,3,1,0,0,0,0,1,1,1,0,0,0,medio_baixo
6,10000.0,5,0.8,1,2,1,0,0,0,1,0,0,1,0,0,0,baixo
1,0.0,0,0.0,4,4,1,0,0,0,1,1,0,1,1,0,0,medio_alto
7,10000.0,30,0.8666666666666667,1,1,1,1,0,0,0,1,0,0,0,0,0,gratuito
8,10000.0,16,0.875,2,3,1,0,0,0,1,0,0,1,0,1,0,medio_baixo
1,0.0,0,0.0,103,3,1,0,0,2,1,0,0,1,0,0,0,medio_baixo
9,150000.0,44,0.8636363636363636,1,2,1,1,1,0,1,0,0,1,0,0,0,baixo
1,10000.0,1,1.0,1,3,1,0,0,0,1,0,0,0,0,1,1,baixo
10,350000.0,3293,0.783480109322806,6,1,1,0,0,0,0,1,0,0,0,0,0,medio_alto
5,75000.0,2942,0.8303874915023793,7,1,1,0,0,3,0,1,0,0,0,0,0,alto
5,350000.0,3279,0.8780115888990546,9,6,1,1,0,0,1,0,1,1,1,1,1,alto
1,10000.0,6,1.0,2,1,1,0,0,1,0,0,1,0,0,0,0,medio_baixo
1,10000.0,152,0.743421052631579,15,4,1,0,0,0,1,0,0,1,0,0,1,medio_alto
2,10000.0,5,0.8,5,5,1,0,0,0,0,1,1,1,0,0,1,medio_baixo
2,10000.0,0,0.0,1,5,1,0,0,0,1,1,1,1,1,0,0,medio_baixo
9,10000.0,17,0.7647058823529411,2,2,1,0,0,0,1,1,0,0,0,0,0,alto
4,10000.0,1,0.0,29,2,1,0,0,0,1,0,0,1,0,0,0,baixo
6,10000.0,48,0.8958333333333334,3,1,1,0,1,0,1,0,0,0,0,0,0,alto
1,0.0,0,0.0,1,2,1,0,0,1,0,1,1,0,0,0,0,gratuito
3,10000.0,10,0.6,103,5,1,0,0,0,1,0,1,1,0,0,1,medio_alto
2,10000.0,2,0.0,1,1,1,0,0,0,0,0,0,0,0,1,0,alto
12,10000.0,161,0.8509316770186336,1,3,1,0,0,0,1,0,1,0,0,0,0,baixo
3,10000.0,4,0.75,1,1,1,0,0,0,0,0,0,0,0,0,0,medio_alto
1,0.0,0,0.0,0,0,1,0,0,0,0,0,0,0,0,0,0,gratuito
3,10000.0,0,0.0,103,6,1,0,0,0,1,1,1,1,1,0,1,baixo
6,35000.0,797,0.849435382685069,1,2,1,0,0,0,1,1,0,0,0,0,0,medio_alto
7,10000.0,3,0.3333333333333333,1,3,1,0,0,0,1,0,0,1,0,0,1,alto
6,75000.0,740,0.9283783783783783,1,4,1,1,1,1,1,1,1,1,0,0,0,medio_alto
1,10000.0,1,0.0,1,2,1,0,0,0,0,1,1,0,0,0,0,alto
1,35000.0,6,0.8333333333333334,1,2,1,0,0,0,1,0,1,0,0,0,0,medio_alto
3,10000.0,0,0.0,10,3,1,1,1,0,0,0,0,1,0,0,1,alto
4,10000.0,8,0.875,1,3,1,0,0,0,1,1,0,1,0,0,0,medio_baixo
8,10000.0,15,1.0,1,1,1,0,0,0,1,0,0,0,0,0,0,medio_baixo
2,10000.0,39,1.0,1,1,1,0,0,1,1,0,0,0,0,0,0,baixo
2,10000.0,0,0.0,1,3,1,0,0,0,0,0,0,1,0,1,0,gratuito
3,10000.0,1,1.0,1,1,1,0,0,0,0,1,0,0,0,0,0,medio_alto
7,150000.0,946,0.9418604651162791,103,3,1,0,0,6,1,0,0,1,0,0,0,gratuito
3,10000.0,0,0.0,1,1,1,0,0,0,0,0,0,1,0,0,0,baixo
4,0.0,0,0.0,0,0,1,0,0,0,0,0,0,0,0,0,0,gratuito
2,0.0,0,0.0,1,3,1,0,0,0,1,1,0,0,0,0,0,gratuito
2,10000.0,91,0.989010989010989,1,2,1,0,1,0,1,1,0,0,0,0,0,medio_alto
4,0.0,0,0.0,0,0,1,0,0,0,0,0,0,0,0,0,0,gratuito
3,10000.0,55,0.9272727272727272,10,4,1,0,0,0,1,0,0,1,0,1,0,alto
3,0.0,0,0.0,103,3,1,0,0,0,1,0,1,1,0,0,0,baixo
4,0.0,0,0.0,0,0,1,0,0,0,0,0,0,0,0,0,0,gratuito
3,35000.0,122,0.6475409836065574,1,3,1,0,1,0,0,0,0,0,0,0,0,gratuito
2,10000.0,0,0.0,1,3,1,0,0,0,1,0,0,1,0,0,1,baixo
1,10000.0,0,0.0,2,3,1,0,0,0,1,0,0,1,0,1,0,medio_baixo
12,75000.0,502,0.8545816733067729,8,2,1,1,1,1,1,0,1,0,0,0,0,medio_baixo
3,35000.0,863,0.4148319814600232,9,3,1,0,0,3,1,0,0,1,0,0,1,alto
3,0.0,0,0.0,0,0,1,0,0,0,0,0,0,0,0,0,0,gratuito
2,0.0,0,0.0,1,2,1,0,0,0,0,0,0,0,0,0,0,gratuito
13,350000.0,3999,0.8612153038259565,10,3,1,0,0,2,0,1,0,0,0,0,0,medio_alto
10,10000.0,7,0.42857142857142855,1,2,1,0,0,0,1,0,0,1,0,0,0,baixo
11,750000.0,525,0.43238095238095237,1,2,1,0,0,0,1,1,0,0,0,0,0,baixo
3,10000.0,0,0.0,16,3,1,0,0,0,0,0,1,1,0,0,1,alto
8,35000.0,306,0.6339869281045751,2,5,1,0,0,0,1,1,1,1,0,0,1,baixo
2,0.0,0,0.0,103,2,1,0,0,0,1,0,0,1,0,0,0,baixo
3,150000.0,5719,0.8872180451127819,18,3,1,1,0,49,1,0,0,1,0,0,1,medio_alto
2,0.0,0,0.0,1,2,1,0,0,0,1,0,0,0,0,0,0,gratuito
1,0.0,0,0.0,4,3,1,0,0,0,0,1,0,0,1,0,0,gratuito
3,0.0,0,0.0,0,0,1,0,0,0,0,0,0,0,0,0,0,gratuito
5,10000.0,4,1.0,1,1,1,0,0,1,0,0,0,0,0,0,1,alto
10,35000.0,87,0.6436781609195402,1,3,1,0,0,0,0,1,0,1,0,1,0,baixo
8,10000.0,0,0.0,1,3,1,0,0,0,1,1,0,1,0,0,0,medio_baixo
3,10000.0,53,0.9433962264150944,1,1,1,0,1,0,0,1,0,0,0,0,0,medio_baixo
1,0.0,0,0.0,1,3,1,0,0,0,1,0,0,0,1,0,0,gratuito
9,10000.0,48,0.7916666666666666,1,3,1,0,0,0,0,0,1,0,0,0,0,medio_alto
2,35000.0,60,0.9,11,3,1,0,0,0,1,1,1,0,0,0,0,baixo
5,35000.0,23,1.0,1,4,1,0,0,0,1,0,0,0,1,1,0,medio_baixo
10,35000.0,128,0.7890625,1,2,1,1,1,0,1,0,1,0,0,0,0,medio_baixo
4,10000.0,7,0.8571428571428571,1,2,1,0,0,0,1,1,0,0,0,0,0,medio_baixo
1,10000.0,5,1.0,1,3,1,0,0,0,1,0,1,0,1,0,0,medio_alto
4,10000.0,5,0.6,5,5,1,0,1,1,1,1,1,0,0,1,1,medio_alto
4,10000.0,5,0.6,2,3,1,0,1,0,1,1,0,1,0,0,0,medio_baixo
7,10000.0,8,0.5,1,3,1,0,0,100,1,1,0,1,0,0,0,gratuito
9,35000.0,62,0.5967741935483871,1,4,1,0,0,0,1,0,0,1,0,1,0,gratuito
8,10000.0,13,0.8461538461538461,1,1,1,0,0,0,0,1,0,0,0,0,0,gratuito
10,35000.0,28,0.8571428571428571,1,2,1,1,1,0,1,1,0,0,0,0,0,gratuito
1,0.0,0,0.0,5,2,1,0,0,0,1,1,0,0,0,0,0,baixo
1,0.0,0,0.0,103,5,1,0,0,0,1,1,1,1,0,0,0,baixo
6,10000.0,14,0.7142857142857143,1,2,1,0,0,0,0,0,0,1,0,1,0,gratuito
7,10000.0,0,0.0,1,1,1,0,0,0,0,1,0,0,0,0,0,alto
6,35000.0,5,0.8,6,2,1,0,0,0,1,0,0,0,0,1,0,medio_alto
2,10000.0,2,1.0,2,1,1,0,0,0,0,0,0,0,0,1,0,alto
5,0.0,0,0.0,2,1,1,0,0,0,0,0,0,1,0,0,0,gratuito
7,10000.0,21,0.7619047619047619,1,2,1,0,0,0,1,1,0,0,0,0,0,medio_baixo
1,0.0,0,0.0,0,0,1,0,0,0,0,0,0,0,0,0,0,gratuito
7,150000.0,1994,0.899197592778335,29,5,1,1,1,0,1,1,1,0,1,0,1,baixo
2,10000.0,286,0.9755244755244755,11,2,1,0,0,0,0,0,0,0,0,0,0,baixo
1,0.0,0,0.0,1,3,1,0,0,0,1,0,0,1,0,0,0,gratuito
7,10000.0,541,0.9482439926062847,4,2,1,0,0,0,1,0,1,0,0,0,0,medio_alto
7,10000.0,0,0.0,7,4,1,0,0,3,1,0,1,1,0,0,1,medio_baixo
2,10000.0,0,0.0,4,2,1,0,0,1,1,0,0,0,1,0,0,alto
2,35000.0,717,0.900976290097629,3,2,1,1,0,0,0,0,0,0,1,0,1,medio_alto
5,10000.0,65,0.8769230769230769,3,3,1,0,0,0,0,0,0,0,1,1,1,medio_alto
7,10000.0,70,0.7857142857142857,1,5,1,0,0,0,1,1,0,1,0,1,0,alto
2,0.0,0,0.0,1,3,1,0,0,0,1,0,0,0,0,1,0,gratuito
1,0.0,0,0.0,1,4,1,0,0,0,1,0,1,1,0,0,0,gratuito
4,10000.0,29,1.0,1,3,1,0,1,0,1,0,0,1,0,0,0,medio_alto
5,0.0,0,0.0,0,0,1,0,0,0,0,0,0,0,0,0,0,gratuito
5,0.0,0,0.0,0,0,1,0,0,0,0,0,0,0,0,0,0,gratuito
8,350000.0,8723,0.7098475295196607,21,5,1,0,0,22,1,0,1,0,0,0,1,alto
2,10000.0,0,0.0,1,2,1,0,0,0,1,0,0,1,0,0,0,alto
1,0.0,0,0.0,0,0,1,0,0,0,0,0,0,0,0,0,0,gratuito
7,10000.0,163,0.8711656441717791,5,4,1,0,0,0,1,1,1,1,0,0,0,baixo
1,0.0,0,0.0,0,0,1,0,0,0,0,0,0,0,0,0,0,gratuito
1,10000.0,0,0.0,9,2,1,0,0,0,0,0,1,1,0,0,0,alto
4,10000.0,25,0.96,1,5,1,0,0,3,1,1,1,1,0,0,0,medio_baixo
11,10000.0,11,0.6363636363636364,3,3,1,1,1,0,1,0,1,1,0,0,0,baixo
6,10000.0,17,0.5882352941176471,1,5,1,0,0,0,1,1,1,1,0,0,1,baixo
9,10000.0,30,0.5,1,3,1,0,0,0,0,0,1,1,0,0,0,gratuito
1,0.0,0,0.0,2,3,1,0,0,0,1,0,1,1,0,0,0,baixo
2,0.0,0,0.0,1,3,1,0,0,0,1,0,0,1,0,0,0,gratuito
1,0.0,0,0.0,0,0,1,0,0,0,0,0,0,0,0,0,0,gratuito
8,10000.0,21,0.38095238095238093,1,2,1,0,0,0,1,1,0,0,0,0,0,baixo
3,10000.0,4,0.75,1,2,1,1,0,0,0,0,1,1,0,0,0,medio_alto
5,35000.0,142,0.4859154929577465,1,5,1,0,0,0,1,1,1,0,0,1,0,alto
4,10000.0,176,0.8409090909090909,1,4,1,1,0,1,1,0,0,1,1,0,1,alto
4,0.0,0,0.0,1,1,1,0,0,0,0,0,0,0,0,1,0,gratuito
3,10000.0,17,0.7647058823529411,2,2,1,0,0,1,1,0,0,0,0,0,0,medio_baixo
2,10000.0,23,1.0,13,1,1,1,1,0,1,0,0,0,0,0,0,medio_baixo
11,10000.0,68,0.6617647058823529,1,2,1,0,0,0,0,1,1,0,0,0,0,medio_alto
4,150000.0,3241,0.8219685282320272,4,4,1,0,0,0,1,0,1,0,1,0,1,medio_alto
4,10000.0,1,0.0,1,2,1,0,0,0,0,0,0,0,1,0,0,alto
8,35000.0,38,0.8421052631578947,1,3,1,0,0,0,1,0,0,0,0,0,0,gratuito
4,10000.0,1069,0.725912067352666,12,1,1,0,0,1,0,1,0,0,0,0,0,baixo
9,75000.0,930,0.9161290322580645,103,2,1,0,0,1,1,0,0,1,0,0,0,baixo
1,0.0,0,0.0,1,1,1,1,1,0,1,0,0,0,0,0,0,medio_baixo
2,10000.0,752,0.9281914893617021,19,2,1,0,0,0,1,0,0,1,0,0,0,baixo
3,10000.0,4,1.0,1,3,1,0,0,0,1,0,1,1,0,0,0,medio_baixo
1,10000.0,0,0.0,1,4,1,0,0,0,1,0,1,1,0,0,0,alto
8,35000.0,90,0.6666666666666666,1,4,1,0,0,0,1,1,1,0,0,0,0,gratuito
8,150000.0,3451,0.9556650246305419,11,4,1,1,0,0,1,0,1,1,1,0,0,medio_alto
1,10000.0,6,1.0,1,3,1,0,0,0,1,0,0,0,0,1,1,baixo
2,10000.0,351,0.6609686609686609,1,3,1,0,0,2,1,0,0,0,1,1,0,medio_baixo
6,750000.0,31041,0.9654650301214522,9,1,1,0,0,0,0,0,1,0,0,0,0,medio_alto
5,75000.0,3,1.0,27,5,1,0,0,0,1,1,0,0,1,0,1,alto
12,750000.0,1893,0.9160063391442155,10,2,1,1,1,1,1,1,0,0,0,0,0,medio_baixo
5,10000.0,41,0.5609756097560976,1,3,1,0,0,0,1,1,1,0,0,0,0,baixo
9,10000.0,68,0.6323529411764706,1,1,1,0,0,0,0,0,1,0,0,0,0,gratuito
3,10000.0,278,0.8057553956834532,9,3,1,0,0,0,0,1,0,1,1,0,0,alto
10,35000.0,38,0.7368421052631579,1,4,1,0,0,0,1,0,1,1,1,0,0,baixo
2,75000.0,760,0.7618421052631579,5,4,1,1,0,0,1,0,0,1,1,1,0,medio_baixo
4,75000.0,0,0.0,1,2,1,0,0,0,1,0,0,0,0,1,0,baixo
7,35000.0,2,1.0,2,1,1,0,0,0,0,0,0,1,0,0,0,baixo
8,10000.0,4,0.5,2,2,1,0,0,0,1,1,0,0,0,0,0,baixo
8,10000.0,7,0.7142857142857143,2,2,1,0,0,0,1,0,0,1,0,0,0,alto
2,0.0,0,0.0,4,6,1,0,0,0,1,0,0,0,1,1,1,gratuito
2,150000.0,1997,0.9474211316975463,10,4,1,0,0,2,1,1,1,0,1,0,0,alto
4,10000.0,0,0.0,1,4,1,1,1,4,1,0,1,0,1,0,1,alto
5,10000.0,0,0.0,14,3,1,0,0,0,1,1,1,0,0,0,0,medio_alto
3,0.0,0,0.0,0,0,1,0,0,0,0,0,0,0,0,0,0,gratuito
4,10000.0,6,0.8333333333333334,1,3,1,1,1,0,1,0,0,1,0,1,0,medio_alto
3,10000.0,1,1.0,6,2,1,0,0,0,1,0,1,0,0,0,0,baixo
4,10000.0,5,0.6,3,4,1,0,0,0,1,0,0,1,0,1,1,medio_baixo
6,10000.0,12,0.25,1,1,1,0,0,0,0,0,0,1,0,0,0,baixo
2,10000.0,4,1.0,3,3,1,0,0,0,1,0,0,1,0,0,0,alto
4,0.0,0,0.0,0,0,1,0,0,0,0,0,0,0,0,0,0,gratuito
3,10000.0,4,0.5,1,2,1,0,0,0,1,0,0,0,1,0,0,baixo
9,10000.0,74,0.918918918918919,4,4,1,0,0,1,1,1,1,1,0,0,0,medio_baixo
6,10000.0,11,0.2727272727272727,1,3,1,0,0,0,1,1,0,1,0,0,0,alto
7,10000.0,3,1.0,1,3,1,0,0,0,1,1,0,1,0,0,0,baixo
1,10000.0,0,0.0,2,3,1,0,0,2,1,1,1,0,0,0,0,alto
3,0.0,0,0.0,1,2,1,1,1,0,1,0,0,0,0,0,0,gratuito
7,10000.0,6,1.0,1,1,1,0,0,0,0,1,0,0,0,0,0,baixo
6,10000.0,374,0.8021390374331551,21,3,1,1,1,1,1,1,0,1,0,0,0,baixo
7,10000.0,8,0.0,5,3,1,0,0,0,1,1,1,0,0,0,0,baixo
5,0.0,0,0.0,13,4,1,1,0,0,0,0,1,0,0,1,0,gratuito
5,10000.0,13,0.6923076923076923,1,1,1,0,0,0,0,0,0,1,0,0,0,medio_alto
10,10000.0,61,0.6065573770491803,26,3,1,0,0,0,1,0,1,0,1,0,0,medio_baixo
3,150000.0,1493,0.6121902210314802,9,3,1,0,0,0,1,0,0,0,0,1,1,medio_alto
2,10000.0,6,0.8333333333333334,5,2,1,0,0,0,1,1,0,0,0,0,0,medio_baixo
2,35000.0,57,0.9649122807017544,3,1,1,0,1,1,1,0,0,0,0,0,0,gratuito
9,10000.0,6,0.5,1,3,1,1,1,0,1,1,0,1,0,0,0,medio_baixo
2,10000.0,3,1.0,3,3,1,0,0,0,1,1,0,1,0,0,0,baixo
3,35000.0,48,0.9791666666666666,4,4,1,0,0,0,1,0,1,1,1,0,0,medio_alto
8,10000.0,5,0.8,11,2,1,1,0,0,0,0,0,0,0,0,0,alto
6,350000.0,10043,0.9327890072687444,8,2,1,0,0,0,0,0,1,0,1,0,0,alto
5,10000.0,4,1.0,1,2,1,0,0,0,1,1,0,0,0,0,0,medio_alto
3,10000.0,2,0.5,2,4,1,1,0,0,1,0,1,1,0,0,0,baixo
5,10000.0,18,0.3888888888888889,1,4,1,0,0,0,1,1,1,0,0,0,1,medio_alto
5,10000.0,53,0.9245283018867925,1,1,1,0,0,0,0,0,0,1,0,0,0,baixo
2,10000.0,0,0.0,1,1,1,1,1,0,0,0,0,0,1,0,0,medio_alto
1,0.0,0,0.0,1,4,1,1,0,0,1,0,0,1,0,1,0,gratuito
2,10000.0,1,1.0,5,4,1,1,1,0,1,1,1,0,0,0,0,medio_baixo
1,10000.0,5,1.0,11,4,1,0,0,0,1,1,0,1,1,0,0,alto
3,0.0,0,0.0,0,0,1,0,0,0,0,0,0,0,0,0,0,gratuito
1,10000.0,3,1.0,1,2,1,0,0,0,1,0,0,1,0,0,0,baixo
4,10000.0,0,0.0,4,5,1,1,1,1,1,0,1,1,1,0,1,medio_alto
2,10000.0,0,0.0,4,4,1,0,0,0,1,1,1,1,0,0,0,medio_baixo
3,750000.0,26132,0.9659038726465636,5,4,1,1,0,1,1,1,1,0,0,0,0,baixo
2,10000.0,2,1.0,1,3,1,0,0,0,1,0,1,1,0,0,0,baixo
1,0.0,0,0.0,2,4,1,0,0,0,1,0,0,0,1,1,0,gratuito
5,0.0,0,0.0,1,2,1,0,0,0,1,0,0,0,0,0,1,gratuito
1,0.0,0,0.0,21,9,1,0,0,0,1,1,0,1,0,0,1,gratuito
3,10000.0,13,0.9230769230769231,1,2,1,1,0,0,0,1,0,1,0,0,0,baixo
7,10000.0,22,1.0,1,1,1,0,0,0,0,0,0,0,0,0,0,gratuito
3,35000.0,373,0.938337801608579,1,4,1,1,0,0,1,1,1,0,0,0,1,alto
3,10000.0,14,0.7857142857142857,1,4,1,0,0,0,1,1,1,0,1,0,0,medio_baixo
6,10000.0,638,0.9373040752351097,7,5,1,1,1,0,1,1,1,1,0,0,0,gratuito
2,10000.0,0,0.0,2,2,1,0,0,0,0,0,0,1,0,0,1,baixo
8,10000.0,95,0.5789473684210527,1,4,1,0,0,0,1,1,0,1,0,0,1,baixo
3,10000.0,14,0.9285714285714286,2,3,1,1,1,1,1,1,0,0,0,1,0,medio_baixo
5,10000.0,6,1.0,1,3,1,0,0,0,0,1,0,1,0,0,0,gratuito
2,10000.0,78,0.8461538461538461,3,4,1,0,0,0,1,0,0,1,0,1,1,medio_alto
4,10000.0,14,0.9285714285714286,2,1,1,0,0,0,0,0,0,0,0,0,0,medio_alto
9,75000.0,98,0.7959183673469388,103,2,1,0,1,1,1,1,0,0,0,0,0,baixo
8,10000.0,25,0.68,1,3,1,1,1,0,1,0,1,0,1,0,0,medio_baixo
6,10000.0,1,1.0,29,5,1,0,0,0,1,1,0,1,0,0,0,medio_alto
2,35000.0,153,0.8496732026143791,2,3,1,0,1,0,1,1,1,0,0,0,0,medio_baixo
1,10000.0,234,0.9188034188034188,2,4,1,1,0,0,1,0,1,1,1,0,0,alto
1,10000.0,0,0.0,13,4,1,0,0,0,1,0,1,0,0,0,1,medio_alto
9,10000.0,6,0.5,1,4,1,0,0,0,1,0,1,0,1,0,1,medio_alto
2,0.0,0,0.0,0,0,1,0,0,0,0,0,0,0,0,0,0,gratuito
2,10000.0,25,0.92,2,4,1,0,0,0,1,1,1,0,0,0,1,medio_alto
8,35000.0,287,0.818815331010453,1,1,1,0,0,0,0,0,1,0,0,0,0,medio_alto
4,150000.0,142,0.6619718309859155,9,6,1,0,0,0,1,1,1,1,1,1,0,baixo
5,10000.0,2,1.0,1,2,1,0,0,0,0,0,1,0,0,0,1,baixo
6,10000.0,7,0.42857142857142855,4,1,1,0,0,0,0,0,0,1,0,0,0,baixo
2,35000.0,11,0.9090909090909091,2,3,1,0,0,0,1,0,1,1,0,0,0,medio_baixo
11,10000.0,36,0.3611111111111111,1,2,1,0,0,0,1,0,0,0,0,0,1,alto
1,10000.0,34,1.0,1,1,1,0,0,0,0,0,0,0,0,0,1,medio_alto
6,750000.0,706,0.509915014164306,7,2,1,0,0,0,0,1,1,0,0,0,0,alto
12,1500000.0,30913,0.6442920454177854,5,1,1,0,0,51,0,1,0,0,0,0,0,alto
9,35000.0,97,0.7628865979381443,5,2,1,0,0,0,1,1,0,0,0,0,0,medio_baixo
6,10000.0,1,1.0,103,4,1,0,0,0,1,1,1,1,0,0,0,baixo
5,10000.0,0,0.0,9,3,1,0,0,3,1,0,0,1,0,1,0,medio_baixo
4,0.0,0,0.0,1,3,1,0,0,0,1,1,0,0,0,0,0,gratuito
3,10000.0,0,0.0,1,2,1,0,0,0,0,1,0,1,0,0,0,medio_baixo
3,10000.0,0,0.0,3,1,1,0,0,0,1,0,0,0,0,0,0,medio_baixo
1,0.0,0,0.0,1,1,1,0,0,0,1,0,0,0,0,0,0,baixo
5,35000.0,28,1.0,2,3,1,1,1,0,1,1,0,1,0,0,0,medio_baixo
2,35000.0,11,0.9090909090909091,1,1,1,0,0,0,0,0,0,0,0,0,0,baixo
2,0.0,0,0.0,1,2,1,0,0,0,1,0,0,0,0,0,0,gratuito
1,10000.0,0,0.0,1,4,1,0,0,0,0,0,0,1,0,1,1,medio_alto
8,10000.0,19,0.631578947368421,1,5,1,0,0,0,1,0,1,1,1,0,1,medio_baixo
6,10000.0,15,0.8,1,3,1,0,0,0,1,0,1,1,0,0,0,gratuito
1,10000.0,0,0.0,1,6,1,0,0,0,1,1,1,1,1,1,0,medio_baixo
10,10000.0,84,0.6190476190476191,1,3,1,0,0,0,1,1,0,0,0,0,0,alto
8,10000.0,111,0.4774774774774775,1,3,1,0,0,1,1,0,0,1,0,0,1,baixo
2,10000.0,114,0.956140350877193,6,3,1,0,0,2,1,0,0,1,0,0,1,medio_alto
10,150000.0,782,0.7097186700767263,1,2,1,0,0,0,0,0,0,0,0,1,1,medio_alto
3,10000.0,7,1.0,1,5,1,0,0,0,1,1,1,1,0,0,0,gratuito
1,10000.0,16,0.875,1,3,1,0,0,0,1,0,1,0,0,0,0,alto
1,10000.0,0,0.0,14,3,1,0,0,0,0,1,1,0,1,0,0,medio_alto
1,10000.0,1,1.0,1,2,1,1,0,1,1,0,1,0,0,0,0,medio_alto
7,10000.0,31,0.41935483870967744,29,3,1,0,0,1,1,0,1,1,0,0,0,baixo
9,10000.0,88,0.7045454545454546,1,1,1,0,0,0,0,0,0,0,0,0,1,alto
7,10000.0,16,1.0,4,2,1,1,0,0,0,0,1,0,0,1,0,baixo
1,0.0,0,0.0,1,3,1,0,0,0,1,0,0,1,0,0,0,gratuito
2,0.0,0,0.0,1,2,1,0,0,0,0,0,1,0,0,0,0,gratuito
2,10000.0,11,0.7272727272727273,2,1,1,1,1,0,0,1,0,0,0,0,0,alto
7,10000.0,9,0.7777777777777778,2,2,1,0,0,0,1,0,0,1,0,0,0,baixo
2,10000.0,297,0.9124579124579124,15,4,1,1,1,0,1,0,1,1,1,0,0,medio_baixo
10,10000.0,38,0.8947368421052632,1,4,1,1,0,0,1,1,1,1,0,0,0,baixo
10,10000.0,9,0.7777777777777778,1,2,1,0,0,0,0,0,1,1,0,0,0,medio_alto
4,10000.0,408,0.9387254901960784,4,3,1,0,0,0,1,0,0,1,0,0,1,medio_baixo
1,10000.0,0,0.0,6,3,1,0,0,0,1,1,1,0,0,0,0,medio_alto
1,10000.0,10,1.0,18,3,1,0,0,0,1,1,1,0,0,0,0,medio_baixo
6,10000.0,4,0.75,1,1,1,0,0,0,1,0,0,0,0,0,0,medio_baixo
6,10000.0,17,1.0,3,2,1,0,0,0,1,1,0,0,0,0,0,alto
5,10000.0,7,0.42857142857142855,1,3,1,0,0,0,1,1,1,0,0,0,0,medio_baixo
9,35000.0,4,1.0,1,4,1,1,1,0,1,1,1,0,0,0,0,alto
8,10000.0,6,0.8333333333333334,1,4,1,0,0,0,1,1,1,0,1,0,0,medio_baixo
4,10000.0,4,1.0,1,2,1,1,1,0,1,1,0,0,0,0,0,alto
8,35000.0,253,0.8458498023715415,9,2,1,1,0,1,0,0,0,1,0,1,0,medio_baixo
13,35000.0,138,0.39855072463768115,1,2,1,1,1,0,1,1,0,0,0,0,0,baixo
1,10000.0,0,0.0,1,4,1,0,0,0,1,0,0,0,0,0,1,medio_alto
11,10000.0,72,0.5138888888888888,1,6,1,0,0,0,1,1,0,1,1,1,1,alto
1,10000.0,0,0.0,2,3,1,0,0,0,1,0,0,0,0,0,1,alto
1,10000.0,0,0.0,6,2,1,0,0,0,0,0,0,1,0,0,1,medio_alto
5,10000.0,18,0.8888888888888888,2,3,1,0,0,0,1,0,0,0,0,1,0,medio_baixo
3,10000.0,87,0.8735632183908046,1,2,1,0,0,0,1,0,1,0,0,0,0,medio_alto
8,10000.0,32,0.09375,1,3,1,0,0,0,0,1,0,1,0,0,1,baixo
7,10000.0,3,0.6666666666666666,1,2,1,0,0,0,1,0,0,1,0,0,0,baixo
1,35000.0,21,0.9523809523809523,2,5,1,0,0,1,1,1,1,0,1,1,0,medio_alto
3,150000.0,13,0.9230769230769231,1,4,1,0,0,0,0,1,0,0,0,0,0,gratuito
7,10000.0,29,0.896551724137931,1,4,1,0,0,0,1,0,0,1,0,0,1,gratuito
1,0.0,0,0.0,0,0,1,0,0,0,0,0,0,0,0,0,0,gratuito
3,35000.0,8,0.875,1,3,1,1,1,0,1,0,1,1,0,0,0,medio_baixo
8,10000.0,9,0.5555555555555556,3,2,1,0,0,0,1,0,0,0,0,1,0,alto
8,10000.0,27,0.8148148148148148,2,4,1,0,0,0,1,1,1,0,1,0,0,medio_alto
1,0.0,0,0.0,1,2,1,0,0,0,1,0,0,0,0,1,0,alto
3,0.0,0,0.0,0,0,1,0,0,0,0,0,0,0,0,0,0,gratuito
10,10000.0,15,0.7333333333333333,2,3,1,0,0,0,1,1,1,0,0,0,0,baixo
2,10000.0,2,1.0,1,3,1,0,0,0,1,0,0,1,0,0,1,medio_alto
11,75000000.0,1990556,0.8741175832280026,13,2,1,0,0,0,0,1,1,0,0,0,0,gratuito
8,150000.0,13,0.7692307692307693,1,1,1,0,0,0,0,0,0,0,0,0,0,alto
8,35000.0,5,0.4,1,2,1,0,1,1,1,0,0,1,0,0,0,medio_baixo
3,10000.0,1,1.0,1,2,1,0,0,0,1,0,0,1,0,0,0,medio_alto
4,750000.0,4452,0.9256513926325247,13,2,1,0,0,1,0,1,1,0,0,0,0,alto
1,10000.0,0,0.0,3,1,1,0,0,0,0,0,0,0,0,1,0,medio_baixo
5,75000.0,2386,0.9656328583403185,2,3,1,1,0,0,1,1,0,1,0,0,0,medio_baixo
8,10000.0,6,0.5,8,4,1,1,1,0,1,1,1,1,0,0,0,baixo
2,0.0,0,0.0,0,0,1,0,0,0,0,0,0,0,0,0,0,gratuito
1,10000.0,0,0.0,5,1,1,1,1,0,0,0,0,1,0,0,0,medio_baixo
5,10000.0,0,0.0,0,2,1,0,0,1,0,0,1,1,0,0,0,alto
10,10000.0,21,0.5238095238095238,1,7,1,0,0,0,1,1,1,1,0,1,1,alto
1,0.0,0,0.0,103,2,1,0,0,0,1,0,0,1,0,0,0,medio_baixo
1,10000.0,0,0.0,1,2,1,0,0,0,1,0,1,0,0,0,0,medio_alto
1,10000.0,56,0.8214285714285714,3,2,1,0,0,0,1,0,0,0,1,0,0,alto
9,35000.0,114,0.6052631578947368,2,3,1,1,1,1,0,1,0,0,0,1,1,baixo
1,0.0,0,0.0,13,4,1,0,0,0,1,1,1,1,0,0,0,medio_baixo
7,10000.0,137,0.8248175182481752,12,3,1,0,0,0,1,1,1,0,0,0,0,medio_alto
2,10000.0,69,0.6811594202898551,12,1,1,0,0,0,1,0,0,0,0,0,0,medio_baixo
8,10000.0,23,0.8260869565217391,1,4,1,0,0,0,1,1,1,1,0,0,0,medio_baixo
2,35000.0,1292,0.7995356037151703,12,1,1,0,0,1,0,1,0,0,0,0,0,alto
3,10000.0,5,0.8,8,2,1,0,0,0,1,0,0,1,0,0,0,medio_alto
1,10000.0,0,0.0,1,2,1,0,0,0,1,0,0,0,1,0,0,medio_alto
1,0.0,0,0.0,4,4,1,0,0,0,0,1,0,0,0,0,0,gratuito
7,10000.0,61,0.5081967213114754,1,6,1,0,0,0,1,1,1,1,0,0,1,baixo
7,10000.0,87,0.6551724137931034,1,3,1,0,0,0,1,0,0,0,0,0,1,medio_baixo
9,10000.0,3,0.6666666666666666,2,4,1,1,0,0,1,0,0,1,0,1,0,medio_alto
3,10000.0,0,0.0,1,5,1,1,0,1,1,0,1,1,1,0,0,gratuito
3,0.0,0,0.0,1,7,1,1,1,5,1,1,1,1,0,1,1,gratuito
2,35000.0,1,1.0,1,4,1,0,0,0,1,1,1,0,1,0,0,baixo
7,10000.0,11,1.0,2,4,1,0,0,0,1,1,1,1,0,0,0,medio_alto
2,10000.0,0,0.0,2,3,1,0,0,0,1,1,1,0,0,0,0,medio_alto
4,35000.0,25,0.96,4,2,1,1,1,1,1,0,1,0,0,0,0,baixo
10,150000.0,148,0.3310810810810811,1,2,1,0,0,0,0,1,0,0,0,0,0,gratuito
2,10000.0,21,0.8095238095238095,19,5,1,0,0,0,1,1,1,1,0,0,1,baixo
8,10000.0,113,0.7610619469026548,1,5,1,1,1,0,1,1,0,1,0,0,0,baixo
8,75000.0,508,0.9251968503937008,2,3,1,1,1,1,1,0,1,0,1,0,0,alto
4,35000.0,52,0.9615384615384616,1,2,1,0,0,0,1,1,0,0,0,0,0,baixo
2,0.0,0,0.0,0,0,1,0,0,0,0,0,0,0,0,0,0,gratuito
2,10000.0,6,1.0,12,6,1,0,0,0,1,1,0,1,1,1,0,baixo
1,10000.0,0,0.0,1,3,1,0,0,0,1,0,1,0,0,0,0,alto
1,0.0,0,0.0,0,0,1,0,0,0,0,0,0,0,0,0,0,gratuito
1,10000.0,0,0.0,2,2,1,1,0,1,1,0,1,0,0,0,0,alto
2,10000.0,30,0.9666666666666667,1,3,1,0,0,0,1,0,0,0,0,0,1,medio_baixo
8,10000.0,7,0.8571428571428571,2,4,1,0,0,0,1,1,1,1,0,0,0,baixo
6,35000.0,25,0.76,1,1,1,0,0,0,0,0,1,0,0,0,0,medio_baixo
10,35000.0,314,0.6273885350318471,1,5,1,0,0,0,1,0,0,0,0,1,1,baixo
3,0.0,0,0.0,0,0,1,0,0,0,0,0,0,0,0,0,0,gratuito
7,10000.0,11,0.5454545454545454,2,1,1,0,0,0,0,0,0,0,1,0,0,alto
9,10000.0,2,0.5,1,1,1,0,0,0,0,0,0,1,0,0,0,medio_baixo
4,10000.0,6,0.6666666666666666,1,4,1,0,0,3,1,0,1,1,0,0,1,medio_alto
1,10000.0,0,0.0,13,3,1,0,0,2,0,1,0,0,1,0,0,alto
4,0.0,0,0.0,0,0,1,0,0,0,0,0,0,0,0,0,0,gratuito
5,10000.0,137,0.6277372262773723,1,4,1,1,1,0,1,0,0,0,0,1,1,alto
9,10000.0,4,0.5,1,4,1,0,0,0,1,0,1,1,0,1,0,baixo
2,0.0,0,0.0,12,8,1,0,0,0,1,0,0,1,0,0,1,gratuito
7,10000.0,190,0.8894736842105263,2,1,1,1,1,0,0,0,0,0,0,0,1,medio_baixo
5,0.0,0,0.0,1,3,1,1,0,0,1,1,1,0,0,0,0,gratuito
7,10000.0,4,1.0,1,3,1,0,0,0,0,1,0,1,0,1,0,baixo
10,10000.0,25,0.92,1,1,1,0,0,0,0,1,0,0,0,0,0,baixo
6,35000.0,3,0.3333333333333333,1,4,1,0,0,0,1,1,1,1,0,0,0,baixo
5,10000.0,0,0.0,27,3,1,1,1,0,1,1,1,0,0,0,0,medio_alto
2,10000.0,60,0.9166666666666666,2,2,1,0,0,0,0,0,1,1,0,0,0,medio_alto
5,10000.0,0,0.0,1,2,1,0,0,2,1,0,0,1,0,0,0,baixo
4,0.0,0,0.0,0,0,1,0,0,0,0,0,0,0,0,0,0,gratuito
10,10000.0,15,0.6,1,5,1,0,0,0,1,1,0,0,1,0,0,alto
8,150000.0,135,0.45185185185185184,1,6,1,0,0,0,1,1,0,0,0,0,0,gratuito
4,10000.0,0,0.0,1,3,1,0,0,0,1,1,0,0,0,0,0,baixo
1,0.0,0,0.0,0,0,1,0,0,0,0,0,0,0,0,0,0,gratuito
1,10000.0,5,0.8,1,3,1,0,0,0,1,0,0,1,0,0,1,medio_baixo
2,10000.0,0,0.0,3,2,1,0,0,0,1,0,1,0,0,0,0,baixo
4,150000.0,444,0.8445945945945946,2,1,1,0,0,0,0,0,1,0,0,0,0,alto
2,0.0,0,0.0,0,0,1,0,0,0,0,0,0,0,0,0,0,gratuito
2,10000.0,0,0.0,3,2,1,0,0,1,0,0,1,1,0,0,0,alto
9,35000.0,36,0.5555555555555556,1,3,1,0,0,0,0,0,0,1,0,0,1,medio_alto
4,10000.0,6,0.8333333333333334,5,4,1,0,0,0,1,1,1,0,0,0,0,medio_baixo
11,35000.0,433,0.8822170900692841,5,2,1,1,1,1,1,0,1,0,0,0,0,medio_alto
1,10000.0,0,0.0,5,3,1,0,0,0,1,1,1,0,0,0,0,alto
3,0.0,0,0.0,13,2,1,0,0,0,0,1,1,0,0,0,0,gratuito
8,10000.0,59,0.8983050847457628,4,1,1,0,0,0,0,0,0,1,0,0,0,medio_baixo
2,10000.0,19,1.0,2,3,1,0,0,1,1,0,1,1,0,0,0,medio_baixo
1,0.0,0,0.0,1,4,1,0,0,0,0,1,1,0,0,1,0,gratuito
3,10000.0,1,0.0,1,1,1,0,0,0,0,0,0,0,0,0,1,baixo
2,0.0,0,0.0,8,5,1,0,0,25,1,0,0,0,0,0,1,gratuito
4,10000.0,21,0.5238095238095238,1,5,1,0,0,0,1,1,1,0,1,0,0,baixo
10,35000.0,174,0.764367816091954,2,4,1,0,0,0,1,0,0,0,1,1,1,medio_baixo
4,35000.0,766,0.9321148825065274,2,4,1,0,0,0,1,0,1,0,1,0,1,alto
2,10000.0,0,0.0,1,3,1,0,1,0,1,0,0,1,0,1,0,medio_baixo
1,10000.0,0,0.0,4,4,1,0,0,0,1,1,1,0,1,0,0,medio_baixo
1,10000.0,219,0.8858447488584474,1,2,1,0,0,0,0,1,0,0,0,0,1,medio_alto
12,75000.0,845,0.991715976331361,1,3,1,1,1,0,1,1,0,1,0,0,0,baixo
2,0.0,0,0.0,1,3,1,0,0,0,1,0,0,0,0,0,1,gratuito
4,10000.0,24,0.9166666666666666,8,3,1,0,0,0,1,1,0,1,0,0,0,medio_alto
8,1500000.0,25651,0.9145452419009006,4,4,1,1,0,0,1,0,0,1,1,0,1,medio_alto
9,10000.0,19,1.0,1,3,1,0,0,0,1,0,1,1,0,0,0,alto
13,150000.0,520,0.5211538461538462,1,4,1,1,1,0,1,1,1,0,1,0,0,medio_alto
2,10000.0,12,1.0,7,1,1,0,0,0,0,1,0,0,0,0,0,baixo
2,10000.0,5,0.8,5,4,1,0,0,0,1,1,0,1,0,0,0,medio_baixo
2,10000.0,15,1.0,1,2,1,0,1,0,1,1,0,0,0,0,0,medio_alto
1,10000.0,0,0.0,3,3,1,0,0,1,1,1,1,0,0,0,0,alto
1,10000.0,0,0.0,9,4,1,1,1,2,1,0,0,1,1,0,1,alto
13,75000.0,538,0.7825278810408922,6,4,1,0,0,0,1,1,1,1,0,0,0,medio_baixo
6,35000.0,364,0.9120879120879121,5,3,1,1,1,0,1,0,0,1,0,1,0,medio_alto
6,75000.0,13,0.38461538461538464,1,2,1,0,0,1,1,0,1,0,0,0,0,baixo
10,35000.0,108,0.7129629629629629,1,3,1,1,1,0,1,0,1,0,0,0,1,baixo
8,10000.0,196,0.8520408163265306,1,3,1,0,0,1,1,1,1,0,0,0,0,medio_alto
1,0.0,0,0.0,2,5,1,0,0,0,1,1,1,1,0,0,0,gratuito
10,10000.0,21,0.5714285714285714,1,3,1,0,0,0,0,1,0,0,0,0,0,medio_alto
1,10000.0,0,0.0,5,4,1,0,0,0,0,0,1,1,0,1,1,alto
1,0.0,0,0.0,1,4,1,0,0,0,1,0,1,1,0,0,0,gratuito
4,10000.0,27,0.7407407407407407,1,1,1,0,0,0,0,1,0,0,0,0,0,alto
2,0.0,0,0.0,1,6,1,0,0,0,1,0,1,1,1,0,0,gratuito
1,10000.0,73,0.9315068493150684,10,7,1,0,0,0,1,1,1,1,1,1,1,baixo
3,10000.0,8,1.0,2,4,1,0,0,0,1,1,1,0,0,0,1,medio_alto
1,150000.0,1240,0.853225806451613,10,8,1,0,0,1,1,1,1,1,1,1,1,alto
3,10000.0,4,0.75,8,1,1,0,0,0,0,0,0,1,0,0,0,baixo
11,10000.0,502,0.8725099601593626,6,4,1,1,1,1,1,1,1,0,0,0,0,alto
10,10000.0,64,0.96875,1,3,1,1,1,0,1,1,0,0,0,0,0,baixo
2,10000.0,165,0.7636363636363637,10,2,1,0,0,0,0,1,0,0,0,0,0,medio_alto
9,150000.0,44,0.8636363636363636,1,3,1,0,0,0,1,0,1,1,0,0,0,baixo
4,10000.0,733,0.684856753069577,1,4,1,0,0,54,1,0,0,1,0,1,1,alto
1,0.0,0,0.0,0,0,1,0,0,0,0,0,0,0,0,0,0,gratuito
2,0.0,0,0.0,103,5,1,0,0,0,1,1,1,0,0,0,1,medio_alto
1,0.0,0,0.0,1,2,1,0,0,0,1,1,0,0,0,0,0,medio_alto
9,750000.0,2064,0.6090116279069767,10,4,1,0,0,0,1,1,1,0,0,0,1,medio_alto
4,10000.0,74,0.9459459459459459,1,2,1,0,1,0,1,1,0,0,0,0,0,medio_baixo
2,10000.0,4,0.75,2,3,1,0,0,1,1,1,0,1,0,0,0,medio_baixo
1,0.0,0,0.0,1,3,1,0,0,0,1,0,0,1,0,0,0,gratuito
5,0.0,0,0.0,1,3,1,0,0,0,1,0,1,0,0,0,0,gratuito
10,750000.0,36462,0.9743294388678624,3,3,1,0,1,0,1,0,1,0,0,0,1,alto
2,10000.0,172,0.9941860465116279,1,2,1,0,0,0,1,1,0,0,0,0,0,medio_baixo
11,350000.0,5465,0.9167429094236048,8,3,1,0,1,1,1,0,1,1,0,0,0,medio_baixo
4,35000.0,1155,0.948051948051948,1,3,1,0,0,0,1,1,0,0,0,0,1,alto
3,0.0,0,0.0,2,2,1,0,0,0,1,0,0,0,0,0,0,gratuito
1,10000.0,2,1.0,1,5,1,0,0,0,1,0,0,1,0,1,1,medio_baixo
2,35000.0,163,0.5030674846625767,1,6,1,0,0,0,1,1,1,0,0,1,1,gratuito
7,10000.0,9,1.0,1,2,1,0,0,0,1,0,0,1,0,0,0,medio_baixo
1,0.0,0,0.0,1,4,1,0,0,0,1,1,0,1,1,0,0,medio_alto
1,0.0,0,0.0,1,4,1,0,0,1,1,0,0,1,0,0,1,gratuito
2,10000.0,13,0.8461538461538461,6,3,1,0,0,0,1,0,0,1,0,0,1,medio_baixo
1,0.0,0,0.0,2,3,1,1,1,0,1,1,0,1,0,0,0,medio_baixo
2,10000.0,111,0.6216216216216216,1,2,1,0,0,0,1,1,0,0,0,0,0,medio_alto
8,150000.0,429,0.634032634032634,9,1,1,0,0,0,0,0,0,0,0,0,0,gratuito
3,0.0,0,0.0,1,6,1,0,0,0,0,0,1,1,1,1,1,gratuito
6,10000.0,17,0.8235294117647058,1,6,1,0,0,0,1,1,1,1,0,0,1,baixo
2,0.0,0,0.0,0,0,1,0,0,0,0,0,0,0,0,0,0,gratuito
9,10000.0,1,0.0,2,3,1,0,0,0,0,1,0,1,0,1,0,medio_baixo
15,35000.0,157,0.7006369426751592,1,1,1,1,0,0,0,0,1,0,0,0,0,alto
1,0.0,0,0.0,0,0,1,0,0,0,0,0,0,0,0,0,0,gratuito
1,0.0,0,0.0,2,4,1,1,1,0,1,0,0,1,1,0,0,gratuito
5,10000.0,0,0.0,2,1,1,0,0,0,1,0,0,0,0,0,0,baixo
2,10000.0,0,0.0,2,4,1,0,0,0,1,0,1,0,1,0,0,gratuito
5,10000.0,3,0.6666666666666666,1,3,1,0,0,0,1,0,0,1,0,1,0,baixo
10,35000.0,400,0.9175,1,2,1,0,0,0,0,1,1,0,0,0,0,medio_alto
4,10000.0,4,0.75,13,6,1,0,1,0,1,1,1,1,1,0,0,baixo
2,10000.0,2,0.5,1,4,1,0,0,0,1,1,1,1,0,0,0,baixo
1,10000.0,1,1.0,1,2,1,0,0,0,1,0,0,0,0,1,0,medio_alto
7,10000.0,21,0.6190476190476191,1,4,1,0,0,0,1,0,0,1,0,1,0,gratuito
4,0.0,0,0.0,0,0,1,0,0,0,0,0,0,0,0,0,0,gratuito
1,10000.0,0,0.0,25,4,1,0,0,0,1,0,0,1,0,0,1,medio_alto
1,0.0,0,0.0,0,0,1,0,0,0,0,0,0,0,0,0,0,gratuito
3,10000.0,98,0.9081632653061225,2,2,1,0,0,0,1,0,1,0,0,0,0,medio_baixo
1,0.0,0,0.0,1,2,1,0,0,0,0,0,0,1,0,0,0,gratuito
1,10000.0,0,0.0,1,4,1,0,1,0,1,1,0,1,0,0,0,alto
2,75000.0,10,0.9,2,3,1,0,0,0,1,1,1,0,0,0,0,medio_alto
8,35000.0,7,0.8571428571428571,15,2,1,0,0,1,1,0,0,1,0,0,0,baixo
1,10000.0,1,1.0,20,3,1,0,0,0,1,0,0,1,0,1,0,medio_alto
7,35000.0,486,0.934156378600823,2,1,1,1,0,0,0,0,1,0,0,0,0,alto
1,10000.0,0,0.0,1,6,1,1,0,0,1,1,0,1,0,0,1,alto
10,35000.0,141,0.5460992907801419,4,1,1,1,1,6,0,0,0,0,0,0,1,baixo
2,0.0,0,0.0,2,3,1,0,0,0,1,0,0,1,0,0,0,gratuito
7,10000.0,9,0.6666666666666666,1,5,1,1,0,0,1,0,1,1,1,0,1,medio_baixo
2,35000.0,83,0.8674698795180723,2,4,1,0,0,0,1,0,0,0,0,1,1,gratuito
3,10000.0,6,0.8333333333333334,12,2,1,1,0,0,0,0,0,0,0,0,0,gratuito
6,10000.0,60,0.5,1,2,1,0,0,0,1,0,0,1,0,0,0,baixo
2,10000.0,1,1.0,1,2,1,0,0,0,1,0,0,1,0,0,0,baixo
12,150000.0,139,0.8776978417266187,1,2,1,1,0,0,0,1,1,0,0,0,0,baixo
2,10000.0,0,0.0,1,5,1,1,0,0,1,1,1,0,1,1,0,medio_alto
7,350000.0,4775,0.9593717277486911,21,4,1,1,0,0,0,0,0,0,0,0,0,gratuito
4,0.0,0,0.0,0,0,1,0,0,0,0,0,0,0,0,0,0,gratuito
10,10000.0,54,0.7407407407407407,1,3,1,0,1,0,1,0,1,1,0,0,0,medio_baixo
7,150000.0,473,0.8012684989429175,1,5,1,0,0,3,1,0,0,1,0,1,1,alto
1,10000.0,0,0.0,9,3,1,0,0,0,1,0,1,1,0,0,0,medio_baixo
4,75000.0,13,0.6153846153846154,1,3,1,0,0,0,1,1,1,0,0,0,0,baixo
2,10000.0,18,0.5555555555555556,10,2,1,0,0,0,0,0,1,0,0,0,1,medio_baixo
2,35000.0,97,0.9278350515463918,3,1,1,1,0,1,0,0,1,0,0,0,0,medio_alto
3,10000.0,10,0.5,1,4,1,0,0,0,1,0,0,0,0,1,1,medio_alto
2,10000.0,64,1.0,2,3,1,0,1,0,1,1,1,0,0,0,0,medio_baixo
7,10000.0,2,0.0,1,3,1,0,0,0,0,1,1,0,0,0,0,medio_baixo
10,10000.0,53,0.8113207547169812,1,3,1,0,0,0,1,0,0,0,0,1,1,baixo
7,10000.0,13,0.9230769230769231,2,3,1,0,0,1,1,0,1,1,0,0,0,medio_alto
1,0.0,0,0.0,0,0,1,0,0,0,0,0,0,0,0,0,0,gratuito
10,75000.0,254,0.8661417322834646,1,1,1,0,0,0,0,0,0,0,0,0,1,alto
6,10000.0,5,0.6,26,3,1,0,0,0,1,0,0,0,0,1,1,medio_baixo
3,10000.0,2,1.0,3,3,1,0,0,0,1,1,0,1,0,0,0,medio_alto
2,0.0,0,0.0,1,2,1,0,0,0,0,0,0,1,0,0,0,gratuito
3,0.0,0,0.0,1,4,1,0,1,0,1,1,0,1,0,1,0,gratuito
6,10000.0,4,1.0,6,3,1,0,0,0,1,0,0,1,0,1,0,baixo
1,0.0,0,0.0,1,1,1,0,0,0,1,0,0,0,0,0,0,medio_alto
9,10000.0,7,1.0,1,2,1,0,0,0,1,0,0,1,0,0,0,medio_baixo
1,0.0,0,0.0,1,3,1,0,0,0,1,1,0,0,0,1,0,medio_baixo
7,750000.0,6072,0.5772397891963109,13,3,1,0,0,13,0,1,1,0,1,0,0,medio_baixo
1,10000.0,1,1.0,12,5,1,0,0,0,1,1,1,0,1,1,0,medio_baixo
10,10000.0,43,0.3023255813953488,7,3,1,0,0,0,0,1,0,1,0,0,1,baixo
1,10000.0,0,0.0,16,2,1,0,0,0,1,0,1,0,0,0,0,alto
1,0.0,0,0.0,0,0,1,0,0,0,0,0,0,0,0,0,0,gratuito
2,0.0,0,0.0,1,6,1,1,1,0,1,1,1,0,1,1,1,gratuito
2,0.0,0,0.0,1,2,1,0,0,0,1,0,0,0,0,0,0,gratuito
3,10000.0,2,0.5,4,1,1,0,0,0,0,0,0,1,0,0,0,alto
5,10000.0,1,0.0,1,3,1,0,0,0,1,1,0,0,1,0,0,alto
8,10000.0,11,0.5454545454545454,5,3,1,0,0,0,0,1,0,0,0,1,0,gratuito
2,10000.0,4,1.0,2,1,1,0,0,0,0,0,1,0,0,0,0,alto
9,150000.0,185,0.8648648648648649,5,2,1,1,0,0,0,0,1,0,1,0,0,gratuito
2,35000.0,516,0.7558139534883721,9,2,1,0,0,0,0,1,0,0,0,0,0,alto
1,35000.0,1,1.0,1,2,1,1,0,0,1,0,0,0,0,1,0,medio_alto
3,10000.0,0,0.0,1,2,1,1,0,0,0,0,1,1,0,0,0,medio_alto
6,10000.0,45,0.6666666666666666,1,1,1,0,0,0,0,1,0,0,0,0,0,medio_baixo
8,10000.0,47,0.5531914893617021,1,3,1,0,0,0,1,0,0,1,0,0,1,baixo
2,150000.0,1911,0.6666666666666666,13,2,1,0,0,1,0,0,0,0,0,0,1,alto
6,10000.0,13,0.9230769230769231,1,1,1,0,0,0,0,1,0,0,0,0,0,medio_alto
9,150000.0,453,0.37969094922737306,1,3,1,0,0,0,0,0,0,1,0,0,0,gratuito
6,10000.0,0,0.0,1,5,1,0,0,0,1,1,1,1,1,0,0,medio_baixo
4,10000.0,5,0.8,1,2,1,1,0,0,1,1,0,0,0,0,0,baixo
10,10000.0,33,0.45454545454545453,1,2,1,0,0,0,1,1,0,0,0,0,0,medio_baixo
3,10000.0,2,1.0,1,2,1,1,0,0,0,0,1,0,1,0,0,alto
3,10000.0,105,0.8285714285714286,7,3,1,0,0,0,1,1,1,0,0,0,0,medio_baixo
4,10000.0,2,0.5,2,3,1,0,0,0,1,0,0,0,1,0,1,alto
3,10000.0,0,0.0,1,2,1,0,0,0,0,1,0,0,0,0,0,medio_baixo
4,10000.0,6,0.8333333333333334,1,3,1,1,0,3,1,0,0,1,0,0,1,medio_alto
1,0.0,0,0.0,103,2,1,0,0,0,1,0,0,1,0,0,0,baixo
5,10000.0,16,0.5625,1,2,1,0,0,0,1,0,0,1,0,0,0,baixo
4,10000.0,15,0.9333333333333333,2,5,1,0,0,0,1,1,1,0,1,0,0,medio_baixo
3,35000000.0,760662,0.9684827163707402,15,3,1,1,0,2,0,0,1,0,1,1,0,alto
6,35000.0,22,0.9090909090909091,1,4,1,1,0,0,1,0,0,1,0,1,0,gratuito
1,10000.0,4,0.75,16,7,1,0,0,0,1,1,0,1,1,1,1,medio_baixo
4,0.0,0,0.0,0,0,1,0,0,0,0,0,0,0,0,0,0,gratuito
9,750000.0,7950,0.5953459119496856,11,2,1,0,0,6,0,1,1,0,0,0,0,alto
1,10000.0,6,1.0,11,2,1,0,0,0,1,0,0,1,0,0,0,baixo
2,10000.0,5,1.0,5,4,1,0,0,0,1,1,0,1,0,0,0,medio_baixo
5,10000.0,20,0.75,11,3,1,1,1,0,1,0,1,0,0,1,0,gratuito
6,75000.0,1965,0.9623409669211196,4,2,1,1,1,2,1,0,0,1,0,0,0,alto
1,0.0,0,0.0,2,5,1,1,1,0,1,1,1,1,0,0,0,gratuito
1,0.0,0,0.0,0,0,1,0,0,0,0,0,0,0,0,0,0,gratuito
1,10000.0,0,0.0,11,3,1,0,0,0,1,1,0,1,0,0,0,medio_baixo
6,10000.0,8,0.625,1,2,1,0,0,0,0,0,0,1,0,0,0,alto
1,10000.0,0,0.0,27,2,1,1,1,0,1,0,0,0,0,0,1,baixo
1,10000.0,1,1.0,6,2,1,1,0,0,1,1,0,0,0,0,0,medio_alto
1,0.0,0,0.0,0,0,1,0,0,0,0,0,0,0,0,0,0,gratuito
4,10000.0,0,0.0,1,5,1,0,0,0,0,1,1,1,0,0,1,baixo
4,10000.0,232,0.8362068965517241,1,3,1,1,0,0,0,0,0,0,0,1,1,alto
1,0.0,0,0.0,1,3,1,0,0,0,1,0,0,0,0,1,0,gratuito
1,10000.0,0,0.0,4,1,1,0,0,0,0,0,1,0,0,0,0,alto
3,10000.0,166,0.8975903614457831,4,1,1,1,0,1,1,0,0,0,0,0,0,medio_alto
2,10000.0,14,0.9285714285714286,1,4,1,1,1,0,1,0,0,0,1,1,1,medio_baixo
5,35000.0,32,0.90625,12,2,1,0,0,1,1,1,0,0,0,0,0,medio_baixo
2,10000.0,79,0.6708860759493671,5,2,1,0,0,0,1,0,0,0,0,0,1,medio_baixo
6,10000.0,4,0.75,8,4,1,0,0,0,1,1,1,1,0,0,0,medio_alto
6,10000.0,3,1.0,1,2,1,0,0,0,1,1,0,0,0,0,0,alto
2,10000.0,1,0.0,1,1,1,0,0,0,0,0,0,1,0,0,0,medio_baixo
1,10000.0,5,0.8,1,4,1,0,1,0,1,0,0,1,0,1,0,medio_baixo
1,10000.0,258,0.7635658914728682,13,3,1,0,1,0,1,1,1,0,0,0,0,medio_alto
1,10000.0,0,0.0,1,3,1,1,1,0,0,0,1,1,0,0,1,medio_alto
4,10000.0,58,0.8793103448275862,2,3,1,1,0,1,1,0,0,1,0,1,0,medio_baixo
7,10000.0,2,0.5,2,3,1,0,0,0,1,0,1,0,0,0,0,alto
2,10000.0,10,0.1,1,3,1,0,0,0,1,0,0,1,0,0,1,medio_baixo
2,10000.0,0,0.0,1,5,1,0,0,0,1,0,0,1,0,0,1,gratuito
1,10000.0,0,0.0,1,1,1,0,0,0,1,0,0,0,0,0,0,medio_alto
6,10000.0,10,0.3,2,2,1,0,0,0,1,1,0,0,0,0,0,baixo
3,10000.0,0,0.0,1,4,1,0,0,0,1,0,1,1,0,0,1,medio_alto
8,10000.0,18,0.7222222222222222,10,5,1,0,0,0,0,0,0,0,0,0,0,gratuito
2,0.0,0,0.0,10,3,1,0,0,0,1,1,0,1,0,0,0,gratuito
6,10000.0,1,1.0,1,3,1,0,0,0,1,1,1,0,0,0,0,baixo
1,10000.0,0,0.0,1,2,1,0,0,0,1,0,0,1,0,0,0,baixo
9,3500000.0,43630,0.8330277332110932,10,2,1,0,0,0,0,0,0,0,0,1,0,gratuito
8,10000.0,9,0.6666666666666666,1,6,1,0,0,0,1,0,1,1,0,1,1,baixo
2,10000.0,5,1.0,10,6,1,0,0,0,1,1,1,1,0,1,0,medio_alto
3,0.0,0,0.0,103,8,1,1,1,0,1,1,1,1,1,1,1,alto
4,10000.0,63,0.7301587301587301,10,3,1,0,0,0,1,0,0,1,0,0,1,baixo
5,350000.0,5166,0.6008517228029423,8,3,1,0,0,2,0,1,0,1,0,0,1,alto
2,0.0,0,0.0,1,4,1,1,0,0,1,0,1,1,0,0,0,gratuito
3,0.0,0,0.0,2,3,1,0,0,0,1,0,0,0,0,1,0,gratuito
3,10000.0,2,1.0,10,7,1,0,0,0,1,1,1,1,1,1,1,medio_baixo
4,10000.0,3,1.0,1,5,1,0,0,0,1,1,1,1,1,0,0,medio_alto
7,10000.0,39,0.717948717948718,9,4,1,0,0,0,1,1,0,1,0,0,0,alto
10,10000.0,33,0.7272727272727273,1,3,1,1,1,0,1,0,1,1,0,0,0,baixo
2,10000.0,1,1.0,1,3,1,0,0,0,1,1,1,0,0,0,0,alto
2,10000.0,0,0.0,1,5,1,0,0,0,1,0,0,1,0,1,1,gratuito
7,35000.0,118,0.5,1,3,1,0,0,0,0,0,0,0,1,0,0,gratuito
1,10000.0,388,0.7912371134020618,14,3,1,0,0,2,0,1,1,0,0,0,0,medio_baixo
2,0.0,0,0.0,103,3,1,0,0,0,1,0,0,1,0,0,1,baixo
1,10000.0,0,0.0,2,1,1,0,0,0,0,0,0,1,0,0,0,baixo
4,10000.0,31,0.8064516129032258,12,3,1,0,0,0,1,1,0,1,0,0,0,baixo
5,10000.0,1,1.0,1,6,1,0,0,0,1,1,0,1,0,1,1,alto
2,10000.0,2,1.0,1,3,1,0,0,0,0,1,1,1,0,0,0,alto
3,10000.0,14,0.7857142857142857,1,4,1,0,0,0,1,0,0,0,0,1,1,alto
1,10000.0,0,0.0,1,3,1,0,0,0,1,0,1,1,0,0,0,medio_baixo
7,10000.0,175,0.76,8,2,1,1,1,0,1,0,1,0,0,0,0,medio_baixo
8,35000.0,265,0.9471698113207547,1,3,1,1,1,0,1,1,0,1,0,0,0,medio_alto
2,0.0,0,0.0,19,9,1,0,0,0,1,1,0,1,0,0,1,gratuito
7,10000.0,25,0.92,1,1,1,0,0,0,1,0,0,0,0,0,0,gratuito
3,10000.0,2,0.0,1,1,1,0,0,0,0,0,1,0,0,0,0,medio_baixo
2,35000.0,21,0.5238095238095238,7,3,1,0,0,1,1,1,0,1,0,0,0,baixo
9,10000.0,19,0.631578947368421,1,4,1,0,0,0,1,1,0,0,1,0,0,gratuito
4,0.0,0,0.0,3,1,1,0,0,0,0,0,0,0,0,0,0,gratuito
4,10000.0,16,0.625,2,2,1,0,0,0,1,0,0,1,0,0,0,medio_baixo
1,10000.0,0,0.0,19,2,1,0,0,0,1,0,0,1,0,0,0,medio_alto
7,75000.0,1768,0.877262443438914,11,2,1,0,0,1,1,1,0,0,0,0,0,medio_alto
1,10000.0,0,0.0,1,2,1,0,0,1,0,0,0,0,0,1,1,alto
3,10000.0,0,0.0,3,3,1,1,0,0,1,0,0,1,0,1,0,alto
1,0.0,0,0.0,0,0,1,0,0,0,0,0,0,0,0,0,0,gratuito
3,10000.0,120,0.925,7,2,1,1,0,2,0,0,0,1,0,0,1,medio_baixo
10,350000.0,231,0.5497835497835498,1,5,1,1,1,0,1,1,1,1,0,0,1,medio_alto
3,10000.0,1,1.0,1,1,1,0,0,0,0,0,0,0,0,0,0,medio_baixo
5,10000.0,106,0.6509433962264151,1,4,1,0,0,0,1,1,1,0,0,0,1,alto
1,10000.0,0,0.0,11,2,1,1,0,1,1,0,0,1,0,0,0,medio_baixo
1,0.0,0,0.0,1,3,1,0,0,0,1,0,0,0,0,1,0,gratuito
1,10000.0,0,0.0,9,3,1,0,0,0,1,0,1,1,0,0,0,alto
1,10000.0,43,0.8604651162790697,1,4,1,0,0,0,1,0,1,1,1,0,0,medio_baixo
8,10000.0,257,0.9377431906614786,5,3,1,0,0,1,1,1,0,0,1,0,0,medio_baixo
2,0.0,0,0.0,0,0,1,0,0,0,0,0,0,0,0,0,0,gratuito
5,0.0,0,0.0,1,6,1,0,0,0,1,1,1,0,0,1,1,gratuito
3,0.0,0,0.0,1,2,1,0,0,0,0,0,0,1,0,0,0,gratuito
2,35000.0,22,0.8636363636363636,1,2,1,0,0,0,0,1,0,0,0,0,0,gratuito
7,10000.0,2,0.5,1,3,1,0,0,0,1,0,0,1,0,0,0,gratuito
10,10000.0,205,0.7707317073170732,2,3,1,0,0,0,1,1,0,0,0,0,0,alto
7,10000.0,15,0.6666666666666666,1,2,1,0,0,0,1,0,0,0,0,1,0,medio_alto
9,35000.0,8,0.75,3,3,1,0,0,1,1,1,0,1,0,0,0,medio_alto
7,10000.0,26,0.5384615384615384,1,3,1,0,0,0,0,1,0,0,1,1,0,gratuito
12,350000.0,7191,0.8995967181198721,13,1,1,0,0,1,0,0,1,0,0,0,0,medio_baixo
12,35000.0,157,0.6050955414012739,5,1,1,1,0,0,0,0,1,0,0,0,0,medio_baixo
9,35000.0,4,0.5,12,2,1,1,1,0,1,0,0,1,0,0,0,baixo
1,10000.0,0,0.0,1,1,1,1,1,0,0,0,0,0,1,0,0,alto
1,10000.0,0,0.0,2,2,1,0,0,0,0,0,0,1,1,0,0,alto
3,10000.0,6,1.0,1,3,1,0,1,0,1,1,1,0,0,0,0,alto
2,10000.0,0,0.0,1,2,1,0,1,0,1,0,1,0,0,0,0,medio_baixo
6,10000.0,23,0.5652173913043478,1,6,1,0,0,0,1,1,1,1,0,0,1,gratuito
5,75000.0,43,0.9534883720930233,10,4,1,0,0,0,1,0,1,1,0,1,0,baixo
2,10000.0,1,1.0,1,3,1,1,1,1,1,1,1,0,0,0,0,medio_baixo
1,10000.0,0,0.0,3,3,1,0,0,0,0,0,1,0,1,1,0,alto
1,0.0,0,0.0,0,0,1,0,0,0,0,0,0,0,0,0,0,gratuito
14,75000.0,300,0.7866666666666666,2,4,1,1,0,0,1,1,0,1,0,1,0,baixo
8,10000.0,194,0.8195876288659794,1,3,1,0,0,2,1,0,1,1,0,0,0,medio_baixo
2,10000.0,0,0.0,1,1,1,0,0,0,1,0,0,0,0,0,0,medio_baixo
2,10000.0,9,0.2222222222222222,5,3,1,0,0,0,1,1,0,0,0,0,0,baixo
1,10000.0,0,0.0,9,1,1,0,1,0,0,1,0,0,0,0,0,medio_baixo
14,3500000.0,26731,0.8461337024428566,9,3,1,0,0,79,1,1,0,0,0,1,0,alto
5,10000.0,13,0.7692307692307693,0,2,1,0,0,0,1,0,0,1,0,0,0,alto
10,10000.0,70,0.4714285714285714,2,4,1,0,0,0,1,1,1,0,0,0,0,gratuito
3,10000.0,26,0.8846153846153846,3,3,1,0,1,0,1,1,1,0,0,0,0,medio_baixo
7,10000.0,25,0.6,2,4,1,0,0,0,1,1,1,0,0,0,0,medio_alto
2,10000.0,1,1.0,2,4,1,0,0,0,0,1,1,0,1,0,0,medio_baixo
5,10000.0,29,0.3448275862068966,1,1,1,0,0,0,1,0,0,0,0,0,0,baixo
7,10000.0,3,0.3333333333333333,1,2,1,1,0,4,1,1,0,0,0,0,0,baixo
9,10000.0,9,1.0,1,3,1,1,1,0,1,1,1,0,0,0,0,medio_alto
2,10000.0,0,0.0,1,3,1,0,0,0,1,0,1,1,0,0,0,medio_baixo
1,0.0,0,0.0,1,2,1,0,0,0,1,1,0,0,0,0,0,alto
1,10000.0,0,0.0,1,4,1,0,0,0,0,0,0,0,0,0,0,alto
1,75000.0,41,0.8536585365853658,4,3,1,1,0,0,1,0,1,1,0,0,0,alto
2,10000.0,0,0.0,11,2,1,0,0,0,1,0,0,1,0,0,0,baixo
8,35000.0,111,0.43243243243243246,2,3,1,0,0,0,1,0,1,1,0,0,0,baixo
9,10000.0,16,0.3125,4,3,1,0,0,0,1,1,1,0,0,0,0,baixo
2,10000.0,26,0.7307692307692307,10,4,1,0,1,1,0,0,1,1,0,0,1,alto
5,35000.0,169,0.8757396449704142,2,3,1,0,1,0,1,1,1,0,0,0,0,alto
26,15000000.0,250245,0.9743171691742093,8,1,1,1,1,0,0,1,0,0,0,0,0,medio_baixo
14,35000.0,112,0.6607142857142857,1,2,1,0,0,0,0,0,0,0,0,0,0,medio_baixo
6,35000.0,12,1.0,1,2,1,0,0,0,0,0,1,1,0,0,0,medio_baixo
8,75000.0,4,0.25,9,1,1,0,0,0,0,0,0,0,0,1,0,baixo
6,10000.0,19,0.7894736842105263,8,3,1,0,0,0,1,1,1,0,0,0,0,gratuito
3,10000.0,2,1.0,1,1,1,0,0,0,1,0,0,0,0,0,0,baixo
5,35000.0,29,0.9655172413793104,1,4,1,0,0,0,1,0,1,1,0,0,1,baixo
4,0.0,0,0.0,0,0,1,0,0,0,0,0,0,0,0,0,0,gratuito
6,35000.0,159,0.7672955974842768,1,1,1,0,0,0,0,1,0,0,0,0,0,medio_alto
9,10000.0,8,0.875,1,2,1,1,0,0,1,0,0,1,0,0,0,medio_alto
5,10000.0,6,0.16666666666666666,2,2,1,0,0,1,1,0,1,0,0,0,0,medio_alto
5,0.0,0,0.0,0,0,1,0,0,0,0,0,0,0,0,0,0,gratuito
1,10000.0,0,0.0,8,3,1,0,0,0,1,1,0,0,1,0,0,alto
6,35000.0,913,0.5914567360350493,1,3,1,0,0,0,1,1,1,0,0,0,0,alto
10,10000.0,11,1.0,1,2,1,0,0,0,0,0,1,1,0,0,0,medio_alto
6,35000.0,50,0.84,1,2,1,0,0,0,1,0,0,1,0,0,0,baixo
7,10000.0,69,0.6086956521739131,1,3,1,0,0,0,1,1,0,1,0,0,0,baixo
1,0.0,0,0.0,0,0,1,0,0,0,0,0,0,0,0,0,0,gratuito
1,0.0,0,0.0,0,0,1,0,0,0,0,0,0,0,0,0,0,gratuito
3,10000.0,0,0.0,1,2,1,0,0,0,1,0,0,1,0,0,0,baixo
4,35000.0,6,1.0,3,4,1,0,0,0,1,1,0,1,0,1,0,medio_baixo
4,0.0,0,0.0,1,3,1,0,0,0,1,0,0,1,0,0,0,gratuito
2,0.0,0,0.0,103,4,1,0,0,0,1,1,0,1,0,0,0,baixo
5,10000.0,5,0.8,103,5,1,0,0,0,1,1,1,1,0,1,0,baixo
9,35000.0,137,0.5255474452554745,5,2,1,0,0,0,0,0,1,1,0,0,0,baixo
9,10000.0,2,1.0,2,3,1,1,1,0,1,0,1,1,0,0,0,medio_alto
4,10000.0,31,0.9032258064516129,5,4,1,0,0,0,1,1,1,1,0,0,0,medio_baixo
2,10000.0,1,1.0,1,1,1,0,0,0,0,0,0,0,0,0,0,medio_baixo
2,0.0,0,0.0,0,0,1,0,0,0,0,0,0,0,0,0,0,gratuito
4,35000.0,23,0.6086956521739131,1,3,1,0,0,0,0,1,0,1,0,1,0,baixo
2,10000.0,5,0.2,1,5,1,1,1,0,1,1,0,0,0,0,1,gratuito
6,10000.0,24,0.875,2,3,1,0,0,0,1,1,0,1,0,0,0,baixo
10,35000.0,307,0.7654723127035831,2,3,1,1,0,1,1,1,1,0,0,0,0,baixo
8,10000.0,2,1.0,3,3,1,0,0,0,1,1,0,1,0,0,0,medio_alto
5,750000.0,11795,0.758372191606613,9,1,1,1,0,0,0,1,0,0,0,0,0,medio_alto
2,750000.0,9533,0.838665687611455,16,5,1,0,0,1,1,0,1,1,1,0,1,alto
2,35000.0,2,0.5,1,2,1,1,0,0,0,0,1,0,1,0,0,medio_alto
1,0.0,0,0.0,0,0,1,0,0,0,0,0,0,0,0,0,0,gratuito
7,10000.0,16,0.6875,1,5,1,0,0,0,1,0,1,1,1,0,0,gratuito
1,10000.0,0,0.0,1,4,1,0,0,0,1,1,1,1,0,0,0,medio_alto
1,0.0,0,0.0,88,7,1,0,0,0,1,1,1,1,0,0,1,medio_baixo
2,0.0,0,0.0,0,0,1,0,0,0,0,0,0,0,0,0,0,gratuito
5,150000.0,8,0.125,1,3,1,1,0,0,1,1,0,1,0,0,0,baixo
8,10000.0,17,0.35294117647058826,1,4,1,0,0,0,1,1,0,1,0,0,1,baixo
8,10000.0,19,0.7368421052631579,2,1,1,0,0,0,0,0,0,0,0,0,1,alto
1,10000.0,0,0.0,13,3,1,0,0,0,0,0,0,1,0,0,1,alto
6,10000.0,3,0.6666666666666666,1,3,1,0,0,0,0,1,1,0,0,0,0,medio_alto
1,0.0,0,0.0,1,5,1,0,0,0,1,0,1,1,1,0,0,gratuito
1,35000.0,23,0.782608695652174,1,2,1,0,0,0,1,0,1,0,0,0,0,medio_alto
1,75000.0,0,0.0,9,6,1,0,0,0,1,1,1,1,1,1,0,medio_baixo
8,10000.0,263,0.8022813688212928,2,2,1,0,0,0,0,0,0,0,0,0,0,alto
2,35000.0,17,0.4117647058823529,8,3,1,0,0,0,1,0,1,0,0,0,0,alto
1,10000.0,63,0.9523809523809523,2,1,1,0,0,1,0,1,0,0,0,0,0,alto
8,10000.0,8,0.375,2,1,1,0,0,0,0,0,0,0,0,1,0,medio_alto
8,10000.0,9,0.4444444444444444,1,3,1,0,0,0,1,0,0,0,1,1,0,gratuito
2,0.0,0,0.0,0,0,1,0,0,0,0,0,0,0,0,0,0,gratuito
5,35000.0,2,0.5,1,4,1,0,0,0,1,1,1,0,1,0,0,baixo
20,10000.0,17,0.5294117647058824,1,3,1,0,0,0,1,0,0,1,0,1,0,alto
7,10000.0,5,0.8,1,3,1,0,0,0,1,0,0,1,0,0,1,baixo
1,0.0,0,0.0,0,0,1,0,0,0,0,0,0,0,0,0,0,gratuito
1,0.0,0,0.0,0,0,1,0,0,0,0,0,0,0,0,0,0,gratuito
5,10000.0,0,0.0,3,3,1,0,0,0,0,0,1,1,0,1,0,medio_baixo
1,10000.0,0,0.0,8,2,1,0,0,0,0,0,0,1,0,1,0,medio_alto
3,10000.0,35,0.8,1,4,1,0,0,0,1,0,0,1,0,0,1,baixo
9,10000.0,6,1.0,7,2,0,1,0,0,1,0,1,0,0,0,0,baixo
1,0.0,0,0.0,1,1,1,0,1,0,0,0,0,0,0,0,1,medio_alto
2,10000.0,0,0.0,1,4,1,0,0,0,1,0,0,1,1,0,0,medio_alto
1,0.0,0,0.0,0,0,1,0,0,0,0,0,0,0,0,0,0,gratuito
9,10000.0,35,0.8,1,3,1,0,0,0,1,0,0,0,0,0,0,gratuito
6,35000.0,27,0.6666666666666666,1,2,1,0,0,0,0,0,0,0,1,0,0,gratuito
5,0.0,0,0.0,0,0,1,0,0,0,0,0,0,0,0,0,0,gratuito
8,75000.0,1180,0.7271186440677966,6,1,1,0,0,0,0,1,0,0,0,0,0,medio_alto
1,10000.0,0,0.0,5,2,1,0,0,0,1,0,1,0,0,0,0,medio_alto
2,10000.0,1,1.0,1,2,1,0,1,0,1,1,0,0,0,0,0,medio_baixo
3,10000.0,4,0.75,6,4,1,0,0,0,1,1,1,1,0,0,0,medio_baixo
2,10000.0,1,0.0,6,4,1,0,0,1,1,0,0,1,0,1,1,alto
9,350000.0,7581,0.9554148529217781,6,3,1,1,1,1,1,1,1,0,0,0,0,baixo
4,10000.0,10,0.7,1,2,1,0,0,0,1,0,0,1,0,0,0,medio_baixo
10,35000.0,53,0.9056603773584906,1,2,1,1,1,0,1,1,0,0,0,0,0,medio_baixo
11,150000.0,759,0.9591567852437418,1,2,1,0,0,0,1,1,0,0,0,0,0,medio_baixo
5,0.0,0,0.0,1,4,1,0,0,0,1,0,1,0,0,1,0,gratuito
1,10000.0,0,0.0,1,3,1,0,0,0,1,1,0,1,0,0,0,medio_baixo
1,0.0,0,0.0,0,0,1,0,0,0,0,0,0,0,0,0,0,gratuito
2,0.0,0,0.0,103,3,1,0,0,0,1,0,0,1,0,0,1,baixo
2,10000.0,29,0.9310344827586207,5,4,1,1,0,1,0,0,1,1,1,1,0,medio_alto
2,10000.0,14,1.0,1,2,1,0,0,0,0,0,1,0,1,0,0,medio_baixo
3,10000.0,0,0.0,1,3,1,0,1,0,1,0,0,1,0,1,0,medio_baixo
2,10000.0,71,0.704225352112676,2,2,1,0,0,1,1,0,0,0,0,0,0,gratuito
3,10000.0,191,0.8481675392670157,15,4,1,0,0,1,1,1,0,1,0,0,1,medio_baixo
4,10000.0,1,1.0,1,2,1,0,0,0,0,1,1,0,0,0,0,medio_alto
1,10000.0,0,0.0,1,4,1,0,0,1,1,0,1,1,0,0,0,gratuito
4,10000.0,0,0.0,8,2,1,0,0,0,1,0,0,1,0,0,0,medio_baixo
2,10000.0,0,0.0,1,3,1,0,0,0,0,0,0,1,0,0,1,gratuito
3,10000.0,41,0.43902439024390244,1,1,1,0,0,0,0,0,0,0,1,0,0,alto
1,10000.0,1,1.0,1,1,1,0,0,0,0,0,0,0,0,1,0,medio_alto
7,10000.0,10,0.9,1,3,1,0,0,0,1,0,0,1,1,0,0,medio_baixo
8,10000.0,6,0.3333333333333333,1,3,1,0,0,0,1,1,0,1,0,0,0,medio_baixo
1,0.0,0,0.0,103,2,1,0,0,0,1,0,0,0,0,0,1,medio_alto
10,35000.0,93,0.7634408602150538,1,3,1,0,0,0,1,1,0,1,0,0,0,medio_baixo
6,10000.0,22,0.8636363636363636,1,5,1,0,0,0,1,1,1,0,1,1,0,medio_baixo
4,10000.0,1,1.0,1,2,1,0,0,0,1,1,0,0,0,0,0,medio_baixo
2,10000.0,24,0.75,2,3,1,0,0,0,1,0,0,0,0,1,0,medio_baixo
1,10000.0,3,0.0,1,3,1,0,0,0,1,0,0,1,0,0,1,medio_baixo
4,10000.0,5,0.6,1,3,1,0,0,0,0,1,0,1,0,0,0,alto
1,0.0,0,0.0,0,0,1,0,0,0,0,0,0,0,0,0,0,gratuito
7,10000.0,36,0.8611111111111112,2,2,1,0,0,1,1,1,0,0,0,0,0,medio_alto
1,0.0,0,0.0,0,0,1,0,0,0,0,0,0,0,0,0,0,gratuito
2,0.0,0,0.0,7,4,1,1,1,0,1,0,0,0,0,1,1,gratuito
6,10000.0,1,1.0,1,3,1,0,0,0,1,1,1,0,0,0,0,medio_baixo
6,75000.0,4,0.25,1,1,1,0,0,0,0,0,0,0,1,0,0,baixo
7,10000.0,80,0.7125,5,3,1,0,0,0,1,1,0,0,1,0,0,medio_baixo
3,10000.0,1,1.0,3,4,1,0,0,0,1,0,0,1,0,1,0,medio_alto
1,10000.0,0,0.0,15,1,1,0,1,0,0,0,0,1,0,0,0,medio_baixo
1,0.0,0,0.0,0,0,1,0,0,0,0,0,0,0,0,0,0,gratuito
1,10000.0,0,0.0,1,3,1,0,0,0,1,0,1,0,1,0,0,medio_baixo
2,10000.0,4,1.0,1,2,1,0,0,0,1,0,0,1,0,0,0,medio_baixo
2,10000.0,3,0.6666666666666666,2,1,1,0,0,0,0,1,0,0,0,0,0,medio_baixo
4,0.0,0,0.0,1,3,1,0,0,0,1,0,1,0,0,0,0,gratuito
3,10000.0,4,1.0,1,2,1,0,0,0,1,0,0,1,0,0,0,baixo
1,10000.0,2,1.0,1,3,1,0,0,0,1,0,1,1,0,0,0,baixo
10,10000.0,17,0.8235294117647058,1,2,1,0,0,0,0,1,0,0,0,1,0,baixo
6,10000.0,73,0.9178082191780822,3,3,1,1,1,1,1,0,1,1,0,0,0,medio_baixo
1,10000.0,0,0.0,1,4,1,1,1,0,1,0,0,1,1,1,0,alto
6,10000.0,36,0.5277777777777778,2,5,1,0,0,0,1,1,1,0,0,0,1,medio_alto
2,10000.0,17,0.7647058823529411,103,6,1,0,0,0,0,1,1,1,0,1,1,baixo
1,10000.0,0,0.0,2,4,1,0,0,0,1,1,0,1,0,0,0,alto
1,10000.0,0,0.0,10,4,1,0,0,1,1,0,0,1,0,1,1,medio_alto
10,35000.0,188,0.8563829787234043,3,2,1,0,0,0,1,0,0,1,0,0,0,baixo
5,10000.0,0,0.0,1,2,1,0,0,2,0,0,0,0,1,0,0,alto
10,10000.0,3,0.0,7,3,1,0,0,0,0,1,1,1,0,0,0,baixo
1,10000.0,0,0.0,1,2,1,0,0,0,1,0,1,0,0,0,0,medio_baixo
1,0.0,0,0.0,17,4,1,0,0,0,1,1,0,1,0,0,0,medio_alto
3,10000.0,0,0.0,1,2,1,0,0,2,0,1,0,0,0,0,0,gratuito
3,10000.0,22,0.7272727272727273,10,1,1,1,0,0,0,0,0,0,0,1,0,alto
11,350000.0,1958,0.9412665985699693,6,2,1,1,1,1,1,1,0,0,0,0,0,medio_alto
6,150000.0,6239,0.9834909440615484,4,2,1,0,0,0,0,0,1,1,0,0,0,alto
4,10000.0,25,0.76,2,4,1,1,0,0,1,1,0,1,0,0,0,medio_alto
3,10000.0,166,0.9337349397590361,3,2,1,0,0,0,0,0,1,0,0,0,1,alto
2,10000.0,0,0.0,11,6,1,0,0,0,1,0,1,1,1,1,1,medio_alto
5,10000.0,5,1.0,1,1,1,0,0,0,1,0,0,0,0,0,0,medio_baixo
2,10000.0,60,0.8833333333333333,1,1,1,0,0,0,1,0,0,0,0,0,0,alto
2,10000.0,0,0.0,1,1,1,0,0,0,0,0,1,0,0,0,0,alto
4,10000.0,0,0.0,1,2,1,0,0,0,1,0,0,0,0,0,0,alto
7,75000.0,800,0.96375,5,4,1,1,0,1,1,0,1,0,1,0,1,alto
6,10000.0,7,0.8571428571428571,2,2,1,0,0,0,0,1,0,1,0,0,0,baixo
2,0.0,0,0.0,6,3,1,0,0,0,0,0,0,0,0,1,1,gratuito
2,10000.0,4,1.0,1,1,1,0,0,0,1,0,0,0,0,0,0,medio_alto
2,35000.0,3,1.0,1,4,1,0,0,0,1,0,0,1,0,1,0,baixo
5,10000.0,191,0.6387434554973822,14,4,1,0,0,0,1,1,1,0,1,0,0,alto
3,10000.0,0,0.0,1,3,1,0,0,0,1,0,0,1,0,1,0,baixo
5,35000.0,19,0.7894736842105263,3,3,1,0,0,0,1,0,1,1,0,0,0,medio_baixo
9,10000.0,8,0.375,18,1,1,0,0,0,0,0,0,0,0,1,0,gratuito
4,10000.0,2,0.5,1,4,1,0,0,0,1,1,1,1,0,0,0,medio_baixo
7,10000.0,6,0.8333333333333334,1,1,1,0,0,0,0,0,1,0,0,0,0,medio_baixo
9,10000.0,2,1.0,1,2,1,0,1,0,1,1,0,0,0,0,0,medio_alto
3,10000.0,7,0.7142857142857143,1,3,1,1,0,0,1,0,1,0,0,0,0,gratuito
1,10000.0,0,0.0,2,6,1,0,0,0,1,0,1,1,1,1,1,medio_alto
9,10000.0,6,1.0,1,3,1,1,1,0,1,1,0,0,0,0,0,alto
3,10000.0,4,0.75,1,3,1,1,0,0,1,1,0,1,0,0,0,baixo
8,35000.0,287,0.8606271777003485,1,4,1,0,0,0,1,0,0,0,1,1,1,medio_baixo
1,10000.0,0,0.0,13,1,1,0,0,7,0,1,0,0,0,0,0,alto
4,10000.0,3,0.6666666666666666,2,2,1,0,0,0,1,0,0,0,0,1,0,baixo
2,10000.0,3,1.0,5,2,1,1,0,0,0,0,0,1,1,0,0,medio_baixo
3,10000.0,0,0.0,1,1,1,0,0,0,0,0,1,0,0,0,0,baixo
2,10000.0,30,0.43333333333333335,4,4,1,0,0,7,1,0,0,1,1,1,0,medio_alto
3,35000.0,14,0.9285714285714286,3,4,1,0,0,0,1,1,1,0,1,0,0,medio_baixo
7,10000.0,1,1.0,1,2,1,0,0,0,1,0,0,1,0,0,0,medio_baixo
3,10000.0,29,0.5172413793103449,1,3,1,0,0,0,1,1,1,0,0,0,0,baixo
1,10000.0,20,1.0,10,3,1,0,0,0,1,0,0,1,0,0,1,medio_alto
1,0.0,0,0.0,1,2,1,0,0,2,1,0,1,0,0,0,0,gratuito
2,10000.0,4,0.75,3,2,1,0,0,0,1,0,0,1,0,0,0,medio_alto
2,10000.0,21,0.9523809523809523,2,3,1,0,0,0,1,0,0,1,0,0,1,medio_baixo
8,10000.0,0,0.0,1,3,1,0,0,3,1,0,1,1,0,0,0,medio_alto
3,10000.0,3,1.0,1,3,1,0,0,0,1,0,1,0,0,1,0,alto
7,10000.0,24,0.8333333333333334,8,3,1,0,0,0,1,0,1,1,0,0,0,medio_baixo
7,10000.0,5,0.4,1,4,1,0,0,0,1,1,1,0,1,0,0,medio_baixo
2,0.0,0,0.0,0,0,1,0,0,0,0,0,0,0,0,0,0,gratuito
4,10000.0,2,1.0,1,1,1,0,0,0,0,0,0,0,1,0,0,medio_baixo
2,10000.0,0,0.0,10,3,1,0,0,0,0,0,1,1,0,0,0,gratuito
2,0.0,0,0.0,0,0,1,0,0,0,0,0,0,0,0,0,0,gratuito
1,0.0,0,0.0,0,0,1,0,0,0,0,0,0,0,0,0,0,gratuito
3,0.0,0,0.0,1,5,1,1,1,8,1,1,1,1,0,0,0,gratuito
1,10000.0,0,0.0,1,5,1,0,0,0,1,0,1,0,1,1,1,medio_baixo
1,10000.0,0,0.0,1,3,1,0,1,0,1,0,1,1,0,0,0,medio_baixo
9,10000.0,26,1.0,1,0,1,1,1,0,0,0,0,0,0,0,0,medio_baixo
5,10000.0,2,1.0,1,1,1,0,0,0,0,0,0,1,0,0,0,medio_baixo
2,75000.0,2870,0.8003484320557491,20,1,1,0,0,0,0,0,1,0,0,0,0,alto
2,10000.0,0,0.0,1,3,1,1,1,0,1,0,1,1,0,0,0,baixo
4,0.0,0,0.0,5,2,1,0,0,1,0,0,0,0,1,0,0,gratuito
1,10000.0,56,0.9642857142857143,1,4,1,0,0,0,1,0,0,1,0,1,0,medio_baixo
10,10000.0,0,0.0,1,4,1,0,0,0,1,1,0,0,0,0,0,alto
9,10000.0,51,0.8823529411764706,4,4,1,0,0,0,1,0,1,1,0,1,0,medio_baixo
1,0.0,0,0.0,6,2,1,0,0,0,0,1,0,1,0,0,0,baixo
11,35000.0,137,0.291970802919708,1,2,1,0,0,0,1,1,0,0,0,0,0,medio_alto
1,0.0,0,0.0,1,4,1,0,0,0,0,1,0,1,0,0,1,gratuito
3,10000.0,69,0.8695652173913043,14,2,1,0,0,0,0,1,1,0,0,0,0,alto
1,10000.0,3,0.3333333333333333,1,5,1,0,0,0,1,0,0,1,1,1,1,medio_baixo
6,10000.0,5,0.6,2,1,1,0,0,0,0,0,1,0,0,0,0,medio_alto
8,10000.0,0,0.0,1,3,1,0,0,0,1,1,0,0,0,0,0,alto
1,0.0,0,0.0,0,0,1,0,0,0,0,0,0,0,0,0,0,gratuito
2,10000.0,33,0.9393939393939394,5,2,1,0,0,1,0,0,1,0,0,0,1,alto
1,10000.0,0,0.0,10,2,1,0,0,1,1,0,0,0,0,1,0,alto
5,75000.0,173,0.8439306358381503,2,2,1,1,1,2,1,0,0,1,0,0,0,gratuito
4,0.0,0,0.0,0,0,1,0,0,0,0,0,0,0,0,0,0,gratuito
1,0.0,0,0.0,1,2,1,0,0,0,0,0,0,0,0,0,0,gratuito
4,10000.0,1,1.0,1,4,1,0,1,0,1,1,0,1,0,1,0,medio_baixo
8,10000.0,44,0.75,1,3,1,0,0,0,1,0,1,0,1,0,0,baixo
2,10000.0,12,0.75,1,2,1,0,0,0,1,1,0,0,0,0,0,medio_alto
1,0.0,0,0.0,2,5,1,0,0,0,1,1,0,1,0,0,1,medio_alto
3,10000.0,0,0.0,7,5,1,0,0,0,1,1,1,1,0,0,0,alto
5,10000.0,26,0.6538461538461539,1,5,1,1,1,0,1,1,1,0,1,0,1,medio_alto
10,750000.0,227,0.42290748898678415,3,2,1,0,0,0,1,0,0,0,0,1,0,baixo
2,10000.0,0,0.0,1,2,1,0,1,0,1,1,0,0,0,0,0,medio_baixo
3,0.0,0,0.0,103,1,1,0,0,0,0,0,0,1,0,0,0,baixo
2,10000.0,157,0.9745222929936306,8,3,1,0,0,1,0,1,1,0,1,0,0,medio_baixo
4,35000.0,324,0.8148148148148148,1,3,1,0,0,3,1,0,0,0,1,0,1,medio_baixo
2,10000.0,23,0.4782608695652174,1,3,1,1,0,0,1,1,1,0,0,0,0,alto
3,0.0,0,0.0,3,5,1,0,0,0,1,1,0,0,1,0,0,gratuito
2,0.0,0,0.0,0,0,1,0,0,0,0,0,0,0,0,0,0,gratuito
3,0.0,0,0.0,0,0,1,0,0,0,0,0,0,0,0,0,0,gratuito
7,10000.0,2,1.0,1,1,1,0,0,0,1,0,0,0,0,0,0,gratuito
5,10000.0,8,0.5,1,6,1,0,0,0,1,0,1,0,0,0,1,alto
1,35000.0,2,1.0,1,4,1,0,0,0,1,1,1,0,1,0,0,medio_alto
6,10000.0,484,0.8450413223140496,1,2,1,0,0,1,0,1,0,0,0,0,0,gratuito
10,0.0,0,0.0,2,3,1,0,0,0,1,1,0,0,0,0,0,medio_alto
10,75000.0,615,0.8276422764227642,1,3,1,0,0,1,1,1,1,0,0,0,0,medio_baixo
11,10000.0,60,0.8666666666666667,1,3,1,0,0,0,1,1,0,0,0,0,1,medio_alto
7,35000.0,243,0.8189300411522634,9,3,1,1,1,2,1,0,0,1,0,1,0,alto
2,10000.0,0,0.0,1,4,1,0,0,0,1,1,0,1,0,1,0,medio_baixo
1,10000.0,1,1.0,1,2,1,0,0,0,1,0,1,0,0,0,0,medio_baixo
1,10000.0,13,0.6923076923076923,8,2,1,0,0,0,1,0,1,0,0,0,0,medio_baixo
2,10000.0,3,0.6666666666666666,1,2,1,0,0,0,0,1,1,0,0,0,0,medio_baixo
10,10000.0,112,0.8125,2,5,1,0,0,0,1,1,0,1,0,0,0,medio_baixo
2,10000.0,12,1.0,4,3,1,0,0,0,1,0,0,1,0,0,0,baixo
7,10000.0,0,0.0,15,2,1,0,0,0,1,0,0,1,0,0,0,baixo
11,10000.0,34,0.6470588235294118,1,1,1,1,0,0,1,0,0,0,0,0,0,gratuito
1,0.0,0,0.0,0,0,1,0,0,0,0,0,0,0,0,0,0,gratuito
1,10000.0,22,0.8636363636363636,2,2,1,0,0,0,1,1,0,0,0,0,0,medio_alto
10,10000.0,213,0.8028169014084507,3,2,1,0,0,0,1,0,1,0,0,0,0,medio_alto
2,10000.0,33,0.9393939393939394,11,3,1,0,0,7,0,1,0,1,0,0,0,baixo
4,10000.0,5,1.0,2,1,1,0,0,4,0,0,0,0,0,0,0,alto
4,10000.0,20,0.5,103,7,1,1,1,0,1,1,1,1,0,1,1,alto
2,10000.0,39,0.6923076923076923,1,4,1,0,0,0,1,1,1,0,0,0,0,gratuito
1,0.0,0,0.0,6,4,1,0,0,0,1,1,1,1,0,0,0,medio_alto
8,10000.0,0,0.0,1,3,1,0,0,0,1,0,0,1,0,0,0,medio_alto
2,0.0,0,0.0,1,4,1,1,0,0,1,1,1,0,0,0,0,gratuito
1,10000.0,2,1.0,1,1,1,1,1,0,0,0,0,0,0,0,1,medio_baixo
5,10000.0,40,0.75,3,2,1,0,0,0,1,1,0,0,0,0,0,medio_baixo
9,10000.0,0,0.0,1,2,1,0,1,0,1,1,0,0,0,0,0,baixo
4,0.0,0,0.0,0,0,1,0,0,0,0,0,0,0,0,0,0,gratuito
10,10000.0,54,0.7037037037037037,10,3,1,0,0,0,0,0,0,1,0,1,1,medio_alto
3,10000.0,0,0.0,3,3,1,0,0,0,1,0,0,0,1,0,1,alto
4,10000.0,8,0.75,5,3,1,0,0,0,1,1,1,0,0,0,0,medio_baixo
6,10000.0,0,0.0,2,3,1,0,0,0,1,1,0,1,0,0,0,baixo
4,10000.0,0,0.0,6,5,1,1,0,1,1,0,1,0,1,1,1,alto
2,10000.0,7,0.8571428571428571,1,2,1,0,0,0,1,0,1,0,0,0,0,medio_baixo
7,10000.0,88,0.9431818181818182,4,1,1,0,0,1,0,0,0,1,0,0,0,alto
7,10000.0,49,0.8571428571428571,1,1,1,0,0,0,0,0,0,0,1,0,0,alto
3,0.0,0,0.0,1,2,1,0,0,0,1,0,0,1,0,0,0,gratuito
2,10000.0,13,1.0,2,4,1,0,0,0,1,0,1,1,1,0,0,baixo
3,10000.0,3,1.0,7,2,1,0,0,0,1,1,0,0,0,0,0,alto
11,35000.0,131,0.7862595419847328,2,3,1,0,0,0,0,1,1,0,1,0,0,medio_alto
4,10000.0,0,0.0,29,3,1,0,0,0,1,1,0,1,0,0,0,medio_baixo
3,0.0,0,0.0,103,2,1,0,0,0,1,0,0,0,0,0,1,baixo
8,10000.0,27,0.4444444444444444,9,2,1,0,0,0,0,0,0,0,0,0,0,medio_alto
9,10000.0,13,0.8461538461538461,9,2,1,0,0,0,1,1,0,0,0,0,0,alto
7,10000.0,51,0.5882352941176471,1,2,1,0,0,0,0,0,0,0,0,0,0,medio_alto
1,10000.0,0,0.0,1,5,1,0,0,0,1,1,1,0,1,1,0,medio_alto
9,10000.0,78,0.9230769230769231,2,2,1,0,0,1,1,0,1,0,0,0,0,medio_alto
5,10000.0,0,0.0,3,3,1,0,0,4,1,1,0,1,0,0,0,gratuito
8,10000.0,1,1.0,1,2,1,0,0,0,1,1,0,0,0,0,0,medio_baixo
1,10000.0,8,0.625,16,3,1,0,0,0,1,0,1,1,0,0,0,medio_alto
4,10000.0,2,0.0,1,2,1,0,0,0,0,0,1,1,0,0,0,medio_baixo
1,10000.0,0,0.0,8,1,1,0,1,0,0,0,0,1,0,0,0,baixo
8,10000.0,4,0.5,16,3,1,1,1,0,1,1,0,0,0,1,0,medio_baixo
1,10000.0,1,1.0,3,3,1,0,0,0,1,0,0,1,0,1,0,medio_baixo
4,10000.0,1,0.0,1,3,1,0,0,0,1,0,0,1,0,0,0,medio_baixo
4,10000.0,20,0.65,2,3,1,0,0,0,1,0,1,1,0,0,0,baixo
5,350000.0,5614,0.8653366583541147,7,3,1,0,0,0,1,0,1,0,1,0,0,alto
1,0.0,0,0.0,2,3,1,0,0,0,0,0,0,0,0,0,1,medio_alto
1,10000.0,0,0.0,2,3,1,0,1,0,1,1,0,1,0,0,0,medio_baixo
3,10000.0,25,0.92,6,2,1,0,0,1,1,1,0,0,0,0,0,alto
5,10000.0,25,0.32,2,5,1,0,0,0,1,1,1,0,1,0,0,baixo
3,0.0,0,0.0,1,3,1,0,0,0,1,1,0,0,0,0,1,gratuito
1,10000.0,0,0.0,27,2,1,1,1,0,1,0,0,0,0,0,1,baixo
8,10000.0,342,0.8099415204678363,4,2,1,0,0,0,0,0,0,0,0,1,1,alto
2,750000.0,30290,0.95061076262793,9,3,1,1,0,6,1,1,1,0,0,0,0,alto
8,10000.0,26,0.5,1,3,1,0,0,0,1,1,0,1,0,0,0,baixo
3,350000.0,317,0.8801261829652997,103,4,1,0,1,0,0,1,1,0,0,0,1,baixo
2,10000.0,2,1.0,2,3,1,0,0,0,1,0,0,1,0,0,1,baixo
1,10000.0,9,0.8888888888888888,9,5,1,0,0,0,1,0,0,1,0,1,1,medio_baixo
4,35000.0,25,0.76,9,2,1,0,0,0,0,1,1,0,0,0,0,medio_baixo
11,75000.0,78,0.5641025641025641,1,4,1,0,0,0,1,0,1,1,1,0,0,baixo
6,10000.0,0,0.0,1,2,1,1,1,0,1,0,1,0,0,0,0,medio_baixo
5,35000.0,16,0.875,2,5,1,0,0,0,1,1,1,1,0,0,0,medio_baixo
2,10000.0,39,0.8205128205128205,3,4,1,0,0,0,1,1,1,0,0,0,0,alto
3,10000.0,79,0.8860759493670886,1,1,1,1,1,0,0,0,1,0,0,0,0,medio_baixo
12,10000.0,146,0.13013698630136986,1,2,1,1,1,0,1,0,1,0,0,0,0,medio_baixo
5,10000.0,0,0.0,1,1,1,0,0,0,0,0,0,1,0,0,0,medio_baixo
4,10000.0,8,0.5,1,4,1,0,0,0,1,1,1,0,0,0,0,medio_alto
4,10000.0,67,0.7014925373134329,10,3,1,0,0,3,1,1,1,0,0,0,0,medio_alto
3,10000.0,17,0.8823529411764706,1,2,1,0,0,0,0,1,1,0,0,0,0,medio_baixo
2,10000.0,12,1.0,1,1,1,0,0,0,1,0,0,0,0,0,0,medio_baixo
11,10000.0,19,0.6842105263157895,1,3,1,0,0,0,1,1,0,1,0,0,0,medio_alto
9,10000.0,28,0.9642857142857143,1,2,1,0,0,0,0,0,1,1,0,0,0,medio_alto
2,10000.0,1,0.0,1,1,1,0,0,0,1,0,0,0,0,0,0,alto
1,0.0,0,0.0,1,2,1,0,0,0,0,0,1,1,0,0,0,alto
10,10000.0,7,0.2857142857142857,1,1,1,0,0,0,0,0,0,0,0,0,0,baixo
3,10000.0,12,0.5,1,4,1,0,0,0,1,0,1,1,0,1,0,medio_alto
3,10000.0,52,0.6923076923076923,6,4,1,1,1,2,1,0,0,1,0,1,1,alto
3,35000.0,246,0.8902439024390244,1,2,1,0,0,0,1,0,0,1,0,0,0,medio_alto
7,10000.0,3,1.0,1,2,1,0,0,0,1,0,0,1,0,0,0,medio_alto
6,10000.0,27,0.7037037037037037,1,4,1,0,0,0,1,1,0,0,0,1,1,alto
8,10000.0,44,0.6590909090909091,2,2,1,0,0,0,0,0,0,1,0,0,0,medio_baixo
1,0.0,0,0.0,1,3,1,0,0,0,1,1,1,0,0,0,0,medio_baixo
2,0.0,0,0.0,0,0,1,0,0,0,0,0,0,0,0,0,0,gratuito
1,10000.0,6,1.0,7,3,1,0,0,0,1,1,1,0,0,0,0,baixo
6,10000.0,9,0.8888888888888888,1,3,1,0,0,0,1,1,0,1,0,0,0,gratuito
2,10000.0,0,0.0,2,1,1,0,0,0,0,0,0,0,1,0,0,baixo
4,35000.0,70,0.7571428571428571,2,3,1,0,0,0,1,0,0,0,0,1,1,medio_baixo
6,10000.0,11,0.9090909090909091,2,4,1,0,0,0,1,1,1,0,0,0,1,baixo
1,10000.0,0,0.0,22,3,1,0,0,0,1,1,0,1,0,0,0,medio_alto
2,0.0,0,0.0,1,2,1,0,0,1,0,0,1,0,0,0,0,gratuito
1,10000.0,0,0.0,13,3,1,0,0,1,1,1,1,0,0,0,0,alto
3,10000.0,1,1.0,2,3,1,0,0,0,1,0,1,0,0,1,0,medio_alto
1,10000.0,0,0.0,1,3,1,0,0,0,1,1,1,0,0,0,0,alto
5,0.0,0,0.0,0,0,1,0,0,0,0,0,0,0,0,0,0,gratuito
1,10000.0,160,0.9625,9,3,1,0,0,0,1,0,0,1,0,1,0,alto
3,35000.0,176,0.7897727272727273,1,2,1,1,0,0,1,0,0,0,0,1,0,alto
7,350000.0,4497,0.5917278185456971,1,3,1,0,0,0,1,1,0,0,0,0,0,gratuito
7,10000.0,41,0.2926829268292683,1,2,1,0,0,0,1,0,1,0,0,0,0,medio_alto
2,10000.0,0,0.0,2,3,1,0,0,0,1,0,0,1,0,1,0,medio_baixo
2,10000.0,245,0.2897959183673469,9,3,1,0,0,0,0,1,1,0,0,0,1,alto
3,0.0,0,0.0,3,1,1,1,0,0,1,0,0,0,0,0,0,gratuito
2,10000.0,9,1.0,1,4,1,1,1,0,1,1,1,1,0,0,0,medio_alto
4,10000.0,3,0.3333333333333333,2,2,1,0,0,1,1,0,0,1,0,0,0,medio_alto
1,0.0,0,0.0,1,3,1,0,0,0,1,1,0,0,0,0,1,medio_alto
3,10000.0,0,0.0,1,1,1,0,0,0,1,0,0,0,0,0,0,medio_alto
1,0.0,0,0.0,2,3,1,1,1,0,1,0,1,0,0,0,0,gratuito
3,10000.0,48,0.7083333333333334,1,5,1,0,0,0,1,1,1,0,1,0,1,baixo
4,10000.0,5,0.8,1,3,1,0,0,0,1,0,1,1,0,0,0,medio_baixo
1,10000.0,0,0.0,30,2,1,0,0,0,1,0,0,1,0,0,0,medio_baixo
1,0.0,0,0.0,1,2,1,1,1,1,0,1,0,0,0,0,0,gratuito
8,10000.0,28,0.7142857142857143,2,6,1,0,0,0,1,0,1,1,0,1,1,alto
9,10000.0,32,0.875,3,3,1,0,0,0,1,1,1,0,0,0,0,alto
9,150000.0,181,0.4585635359116022,2,4,1,0,0,1,1,1,0,1,0,1,0,baixo
8,10000.0,1,1.0,1,5,1,0,0,0,1,1,1,1,1,0,0,medio_alto
1,10000.0,1,1.0,1,2,1,0,0,0,0,0,1,1,0,0,0,alto
10,10000.0,12,0.9166666666666666,2,3,1,0,0,0,1,1,1,0,0,0,0,alto
5,10000.0,2,0.0,1,2,1,0,1,0,0,1,0,1,0,0,0,medio_baixo
4,10000.0,19,0.7894736842105263,1,4,1,1,1,0,1,0,1,1,1,0,0,medio_baixo
5,10000.0,21,1.0,1,3,1,0,0,0,1,0,0,1,0,1,0,baixo
3,10000.0,13,0.8461538461538461,1,2,1,0,0,0,1,0,1,0,0,0,0,medio_alto
1,10000.0,0,0.0,12,2,1,0,0,0,1,0,0,1,0,0,0,medio_alto
4,10000.0,9,1.0,11,2,1,0,0,0,1,0,0,1,0,0,0,medio_baixo
9,150000.0,502,0.8007968127490039,1,3,1,0,0,0,1,0,0,1,0,1,0,baixo
2,10000.0,0,0.0,1,1,1,0,0,0,0,0,0,1,0,0,0,baixo
2,10000.0,15,0.6,1,4,1,1,0,0,1,0,0,1,0,0,1,gratuito
5,0.0,0,0.0,0,0,1,0,0,0,0,0,0,0,0,0,0,gratuito
10,35000.0,198,0.7323232323232324,7,3,1,1,0,1,1,1,1,0,0,0,0,alto
1,0.0,0,0.0,1,5,1,1,1,0,1,0,1,0,1,1,1,alto
2,35000.0,22,0.7727272727272727,6,1,1,0,0,0,1,0,0,0,0,0,0,alto
5,35000.0,1,1.0,1,3,1,1,0,0,1,1,1,0,0,0,0,medio_baixo
1,10000.0,0,0.0,4,5,1,0,0,0,1,0,1,1,1,0,1,baixo
3,10000.0,1,1.0,1,2,1,0,0,0,0,1,1,0,0,0,0,baixo
2,0.0,0,0.0,0,0,1,0,0,0,0,0,0,0,0,0,0,gratuito
12,750000.0,12876,0.901910531220876,1,3,1,0,0,0,0,1,0,0,1,1,0,medio_alto
8,10000.0,49,0.6530612244897959,1,4,1,0,0,0,1,1,1,1,0,0,0,baixo
2,10000.0,3,1.0,6,2,1,0,0,0,0,1,0,0,0,0,0,medio_alto
9,10000.0,7,0.7142857142857143,4,3,1,1,0,0,1,0,0,1,1,0,0,alto
12,10000.0,95,0.6736842105263158,5,3,1,0,0,0,1,1,0,0,0,1,0,baixo
6,10000.0,1,1.0,1,3,1,0,0,0,1,0,0,1,0,1,0,medio_alto
5,35000.0,641,0.46177847113884557,7,3,1,1,1,2,1,0,0,0,0,1,1,medio_alto
9,10000.0,15,0.5333333333333333,1,3,1,0,0,0,1,1,1,0,0,0,0,baixo
9,10000.0,10,0.8,1,3,1,1,1,0,1,1,1,0,0,0,0,baixo
7,10000.0,47,0.44680851063829785,3,2,1,0,0,1,1,1,0,0,0,0,0,alto
2,0.0,0,0.0,1,2,1,0,0,0,0,1,0,0,0,0,0,gratuito
16,75000.0,268,0.6753731343283582,2,2,1,0,0,1,0,0,0,0,0,1,1,baixo
19,35000.0,223,0.6412556053811659,1,1,1,0,0,0,0,0,0,0,1,0,0,alto
1,10000.0,0,0.0,1,1,1,1,1,0,0,0,0,1,0,0,0,medio_baixo
7,35000.0,243,0.9423868312757202,1,3,1,0,0,0,1,0,1,0,0,0,0,gratuito
1,10000.0,0,0.0,1,3,1,0,0,0,1,0,0,1,0,0,1,baixo
5,0.0,0,0.0,0,0,1,0,0,0,0,0,0,0,0,0,0,gratuito
3,10000.0,1,1.0,2,3,1,0,0,0,1,0,0,1,0,1,0,medio_alto
7,10000.0,9,1.0,1,3,1,0,0,0,1,0,0,0,0,1,1,gratuito
1,10000.0,13,0.9230769230769231,1,5,1,0,0,0,1,1,0,1,1,1,0,medio_baixo
6,10000.0,37,0.5135135135135135,10,3,1,0,0,1,0,1,1,0,1,0,0,baixo
1,0.0,0,0.0,16,2,1,1,0,0,0,0,0,0,1,1,0,alto
3,10000.0,7,0.5714285714285714,1,3,1,0,0,0,1,1,1,0,0,0,0,baixo
7,35000.0,21,0.9523809523809523,1,2,1,1,1,1,1,1,0,0,0,0,0,medio_alto
11,75000.0,672,0.8601190476190477,4,3,1,1,0,0,1,1,1,0,0,0,0,medio_baixo
3,10000.0,1,1.0,1,3,1,0,0,0,1,1,0,1,0,0,0,baixo
4,0.0,0,0.0,2,4,1,0,0,0,1,1,1,0,0,0,0,gratuito
6,10000.0,29,0.5862068965517241,1,3,1,0,0,0,1,0,0,1,0,0,0,gratuito
3,75000.0,1538,0.976592977893368,3,3,1,1,0,1,1,0,0,0,1,0,1,medio_alto
1,10000.0,0,0.0,1,2,1,0,0,0,1,0,1,0,0,0,0,baixo
2,35000.0,50,0.74,2,3,1,0,0,0,0,0,1,0,1,1,0,alto
2,10000.0,167,0.9940119760479041,6,4,1,1,0,1,1,0,1,1,0,1,0,alto
2,0.0,0,0.0,0,0,1,0,0,0,0,0,0,0,0,0,0,gratuito
1,0.0,0,0.0,6,3,1,1,1,0,0,0,0,0,0,1,1,gratuito
5,10000.0,10,1.0,1,1,1,0,0,0,1,0,0,0,0,0,0,baixo
3,10000.0,124,0.9354838709677419,13,3,1,1,1,1,1,0,1,0,0,0,1,medio_baixo
11,75000.0,110,0.7818181818181819,1,3,1,0,1,0,1,1,0,1,0,0,0,baixo
4,10000.0,0,0.0,1,3,1,0,0,0,0,1,1,0,1,0,0,medio_alto
1,10000.0,26,0.8846153846153846,1,2,1,0,0,0,0,0,1,0,1,0,0,medio_baixo
2,0.0,0,0.0,1,5,1,0,0,0,1,1,1,1,0,0,0,gratuito
1,10000.0,0,0.0,2,1,1,0,0,0,0,0,1,0,0,0,0,medio_alto
7,10000.0,35,0.6857142857142857,8,2,1,0,0,0,1,0,0,1,0,0,0,medio_baixo
1,0.0,0,0.0,103,2,1,0,0,0,1,0,0,1,0,0,0,medio_baixo
4,0.0,0,0.0,103,2,1,0,0,0,1,0,0,1,0,0,0,medio_baixo
6,350000.0,2460,0.8719512195121951,10,2,1,1,0,0,0,0,0,0,0,1,1,medio_alto
8,10000.0,14,1.0,1,3,1,0,0,0,1,1,0,1,0,0,0,medio_alto
5,0.0,0,0.0,5,2,1,1,1,0,0,0,1,0,1,0,0,gratuito
3,10000.0,0,0.0,13,1,1,0,0,0,0,0,0,1,0,0,0,medio_baixo
5,10000.0,60,0.9,1,3,1,0,0,1,1,0,1,0,0,0,1,medio_baixo
2,10000.0,10,1.0,1,4,1,0,0,0,1,1,1,0,0,0,1,medio_alto
2,10000.0,182,0.6868131868131868,7,2,1,0,0,0,0,0,1,0,1,0,0,medio_alto
3,10000.0,2,1.0,12,3,1,0,0,0,0,1,0,1,1,0,0,medio_baixo
2,10000.0,6,0.6666666666666666,5,3,1,0,0,0,1,1,0,0,0,0,0,medio_alto
2,10000.0,2,0.5,1,3,1,0,1,0,1,1,1,0,0,0,0,baixo
2,0.0,0,0.0,0,0,1,0,0,0,0,0,0,0,0,0,0,gratuito
2,10000.0,0,0.0,1,2,1,0,0,0,1,0,0,1,0,0,0,baixo
4,0.0,0,0.0,0,0,1,0,0,0,0,0,0,0,0,0,0,gratuito
2,10000.0,1,1.0,1,2,1,0,0,0,1,0,0,0,0,0,0,medio_baixo
4,10000.0,17,0.5882352941176471,27,4,1,0,0,0,1,0,1,0,0,1,1,medio_baixo
3,0.0,0,0.0,1,3,1,1,1,4,1,1,0,0,0,0,0,gratuito
1,10000.0,2,1.0,4,5,1,1,1,0,1,0,1,1,0,1,1,medio_alto
6,10000.0,7,0.7142857142857143,1,3,1,0,0,0,1,1,0,1,0,0,0,medio_baixo
2,10000.0,0,0.0,1,1,1,0,0,0,0,0,0,1,0,0,0,medio_baixo
9,75000.0,317,0.8517350157728707,4,1,1,0,0,0,0,0,0,0,0,1,0,medio_baixo
4,10000.0,26,0.7307692307692307,1,1,1,1,1,0,0,0,0,0,0,0,1,medio_alto
8,10000.0,318,0.9088050314465409,2,3,1,0,0,1,1,1,0,1,0,0,0,baixo
9,10000.0,1,1.0,2,3,1,0,0,0,1,0,1,0,1,0,0,medio_baixo
5,0.0,0,0.0,0,0,1,0,0,0,0,0,0,0,0,0,0,gratuito
5,10000.0,364,0.8571428571428571,11,3,1,0,0,2,1,1,1,0,0,0,0,medio_baixo
6,10000.0,9,0.7777777777777778,1,2,1,1,1,0,1,1,0,0,0,0,0,baixo
4,150000.0,698,0.7578796561604585,7,5,1,0,0,3,1,0,1,1,0,1,1,medio_alto
1,10000.0,295,0.8915254237288136,6,4,1,0,0,0,1,0,0,1,0,1,1,alto
7,10000.0,2,0.5,8,2,1,0,0,0,0,1,1,0,0,0,0,alto
5,10000.0,0,0.0,3,3,1,0,0,0,1,1,0,1,0,0,0,gratuito
4,10000.0,2,1.0,1,3,1,0,0,0,1,0,1,1,0,0,0,medio_alto
5,10000.0,7,0.2857142857142857,1,4,1,0,0,0,1,1,1,0,1,0,0,baixo
7,7500000.0,146133,0.9598105835095426,12,1,1,0,0,32,0,1,0,0,0,0,0,alto
1,10000.0,0,0.0,3,3,1,0,0,0,1,1,1,0,0,0,0,medio_alto
3,0.0,0,0.0,0,0,1,0,0,0,0,0,0,0,0,0,0,gratuito
9,10000.0,58,0.5172413793103449,1,4,1,0,0,2,1,0,1,0,1,0,0,gratuito
5,10000.0,3,1.0,8,1,1,1,0,0,0,0,0,1,0,0,0,medio_baixo
3,10000.0,11,0.9090909090909091,1,1,1,0,0,2,0,0,0,0,1,0,0,medio_baixo
4,10000.0,39,0.9487179487179487,7,1,1,0,0,0,0,0,0,1,0,0,0,baixo
8,10000.0,22,0.5,1,3,1,1,1,0,1,0,1,0,0,0,1,medio_baixo
18,0.0,0,0.0,1,3,1,0,0,0,1,1,0,0,0,1,0,baixo
4,10000.0,5,0.8,1,3,1,0,0,0,1,1,1,0,0,0,0,alto
10,150000.0,525,0.7676190476190476,1,3,1,1,0,0,1,1,1,0,0,0,0,baixo
7,10000.0,5,0.6,1,4,1,0,0,0,1,0,1,1,1,0,0,medio_baixo
6,10000.0,10,0.6,4,1,1,0,0,0,0,0,0,1,0,0,0,baixo
9,35000.0,37,0.8918918918918919,1,5,1,0,0,0,1,1,1,1,0,0,1,baixo
3,10000.0,0,0.0,6,1,1,0,0,0,0,1,0,0,0,0,0,medio_alto
5,10000.0,0,0.0,1,2,1,0,0,1,1,0,0,1,0,0,0,baixo
1,0.0,0,0.0,0,0,1,0,0,0,0,0,0,0,0,0,0,gratuito
1,0.0,0,0.0,11,2,1,0,0,0,0,0,0,1,0,1,0,medio_alto
1,10000.0,2,0.5,1,4,1,0,0,0,1,1,0,0,0,0,1,baixo
1,0.0,0,0.0,4,3,1,0,0,0,1,0,1,1,0,0,0,medio_alto
1,0.0,0,0.0,1,3,1,0,0,0,1,0,0,1,0,0,0,gratuito
4,10000.0,23,0.9130434782608695,2,1,1,0,0,0,0,0,0,1,0,0,0,medio_alto
1,10000.0,0,0.0,1,4,1,0,0,0,1,0,0,1,1,0,0,medio_baixo
1,0.0,0,0.0,1,2,1,1,1,0,1,0,0,0,1,0,0,alto
1,0.0,0,0.0,0,0,1,0,0,0,0,0,0,0,0,0,0,gratuito
1,0.0,0,0.0,4,3,1,0,0,0,1,0,0,1,1,0,0,medio_alto
10,150000.0,4971,0.9489036411184872,6,3,1,0,0,0,1,0,1,0,1,0,0,medio_alto
2,0.0,0,0.0,1,1,1,0,0,0,0,0,0,0,0,0,0,gratuito
5,10000.0,33,0.9393939393939394,5,1,1,0,0,0,0,1,0,0,0,0,0,medio_alto
6,10000.0,31,0.8387096774193549,1,2,1,0,1,0,1,0,0,0,0,1,0,medio_baixo
2,0.0,0,0.0,0,0,1,0,0,0,0,0,0,0,0,0,0,gratuito
9,10000.0,40,0.525,1,6,1,0,0,0,1,1,0,1,0,1,1,gratuito
12,1500000.0,8579,0.8973073784823405,7,1,1,0,0,1,0,1,0,0,0,0,0,alto
8,10000.0,34,0.9705882352941176,2,2,1,0,0,3,0,0,1,1,0,0,0,alto
6,10000.0,8,0.625,1,2,1,0,0,0,1,1,0,0,0,0,0,medio_baixo
6,10000.0,35,0.8857142857142857,1,3,1,1,0,0,1,1,0,1,0,0,0,baixo
3,10000.0,0,0.0,4,2,1,0,0,1,1,1,0,0,0,0,0,alto
7,10000.0,27,0.7037037037037037,12,3,1,0,0,0,1,0,1,1,0,0,0,alto
8,10000.0,25,0.8,1,3,1,0,0,0,1,1,0,0,0,0,0,gratuito
1,10000.0,0,0.0,7,3,1,0,0,0,1,1,1,0,0,0,0,medio_baixo
4,0.0,0,0.0,0,0,1,0,0,0,0,0,0,0,0,0,0,gratuito
8,10000.0,82,0.7926829268292683,1,4,1,0,0,0,1,0,0,1,0,0,1,baixo
4,75000.0,4,1.0,1,3,1,0,0,0,0,1,1,0,0,1,0,medio_baixo
4,0.0,0,0.0,2,1,1,0,0,1,0,1,0,0,0,0,0,gratuito
3,10000.0,0,0.0,2,2,1,0,0,0,1,0,0,1,0,0,0,medio_alto
3,10000.0,21,0.47619047619047616,1,5,1,0,0,0,1,0,1,1,0,1,1,baixo
2,10000.0,50,0.9,12,3,1,0,0,0,1,0,0,0,1,1,0,alto
2,10000.0,86,0.7093023255813954,2,3,1,0,0,0,1,0,1,0,0,0,1,medio_alto
1,10000.0,15,0.9333333333333333,1,2,1,0,0,0,1,0,0,0,0,0,1,baixo
2,10000.0,152,0.5460526315789473,4,4,1,0,0,1,1,1,1,0,0,0,0,medio_baixo
8,10000.0,0,0.0,1,2,1,0,0,0,0,0,0,1,0,1,0,alto
8,10000.0,1309,0.7058823529411765,8,4,1,0,0,3,1,1,1,0,1,0,0,alto
3,10000.0,15,0.9333333333333333,29,3,1,0,0,0,1,1,0,0,0,0,1,medio_baixo
1,0.0,0,0.0,2,1,1,0,0,0,0,0,0,1,0,0,0,alto
2,10000.0,2,1.0,1,1,1,0,0,0,0,1,0,0,0,0,0,medio_alto
4,0.0,0,0.0,2,6,1,0,0,0,1,0,1,1,1,1,0,gratuito
6,10000.0,4,0.0,1,2,1,0,0,0,1,0,0,0,1,0,0,medio_alto
3,10000.0,13,0.38461538461538464,1,5,1,0,0,0,1,0,1,1,0,0,1,medio_alto
4,10000.0,11,0.5454545454545454,1,3,1,0,0,0,0,1,0,0,1,0,0,gratuito
11,75000.0,443,0.7720090293453724,1,4,1,1,1,1,1,0,1,1,0,0,1,alto
1,0.0,0,0.0,2,4,1,0,0,0,1,1,0,1,0,0,0,alto
6,10000.0,84,0.8809523809523809,1,2,1,1,0,0,1,1,0,0,0,0,0,medio_baixo
1,10000.0,2,1.0,1,4,1,1,0,0,1,1,0,1,0,0,0,medio_baixo
2,0.0,0,0.0,1,3,1,0,0,0,1,0,1,0,0,0,0,gratuito
4,0.0,0,0.0,0,0,1,0,0,0,0,0,0,0,0,0,0,gratuito
4,150000.0,1884,0.6778131634819533,12,2,1,0,0,7,1,1,0,0,0,0,0,medio_alto
12,350000.0,3844,0.7060353798126952,1,1,1,0,0,0,0,0,1,0,0,0,0,gratuito
1,10000.0,3,1.0,1,3,1,0,0,0,0,1,0,0,1,0,0,medio_alto
3,10000.0,0,0.0,6,3,1,0,0,0,1,0,1,1,0,0,0,medio_baixo
4,10000.0,1,0.0,1,3,1,0,0,0,0,1,0,1,0,0,1,baixo
1,0.0,0,0.0,2,5,1,1,1,1,1,0,1,1,1,0,0,gratuito
1,0.0,0,0.0,1,1,1,0,0,0,0,1,0,0,0,0,0,medio_alto
3,10000.0,4,0.5,2,3,1,0,0,0,1,1,1,0,0,0,0,alto
4,10000.0,2,1.0,11,1,1,0,0,0,0,0,0,0,0,0,1,alto
8,10000.0,237,0.5274261603375527,1,4,1,0,0,0,0,1,0,0,0,0,1,medio_baixo
2,10000.0,2,0.5,4,3,1,0,0,0,1,0,0,1,0,1,0,baixo
2,10000.0,9,1.0,2,4,1,0,1,0,1,0,0,1,0,0,1,medio_baixo
2,10000.0,2,0.5,2,4,1,0,0,0,1,1,0,1,0,1,0,medio_alto
6,10000.0,47,0.9361702127659575,3,4,1,0,0,0,1,0,0,1,1,0,1,medio_baixo
2,0.0,0,0.0,12,6,1,1,0,0,1,0,1,0,1,1,0,gratuito
2,10000.0,0,0.0,1,2,1,0,0,0,1,0,0,1,0,0,0,baixo
7,10000.0,77,0.6493506493506493,2,1,1,1,1,2,0,0,0,0,0,0,1,medio_baixo
1,0.0,0,0.0,7,6,1,0,0,0,1,0,1,1,1,1,1,alto
4,0.0,0,0.0,0,0,1,0,0,0,0,0,0,0,0,0,0,gratuito
8,10000.0,19,0.6842105263157895,1,1,1,0,0,0,0,0,0,0,0,0,1,alto
5,75000.0,12,1.0,1,1,1,0,0,0,0,0,0,1,0,0,0,baixo
5,75000.0,3,0.6666666666666666,8,2,1,0,0,0,1,1,0,0,0,0,0,baixo
1,0.0,0,0.0,0,0,1,0,0,0,0,0,0,0,0,0,0,gratuito
3,10000.0,12,1.0,2,4,1,0,0,0,1,1,1,0,0,0,0,alto
1,0.0,0,0.0,1,3,1,0,0,0,1,0,1,0,0,0,0,gratuito
2,0.0,0,0.0,103,3,1,0,0,0,1,1,1,0,0,0,0,medio_baixo
5,35000.0,12,1.0,2,1,1,0,0,0,0,1,0,0,0,0,0,medio_baixo
6,75000.0,640,0.90625,1,4,1,1,1,2,1,0,1,1,1,0,0,alto
2,10000.0,39,0.717948717948718,1,6,1,0,0,0,0,1,1,1,1,1,1,baixo
5,10000.0,6,0.8333333333333334,2,3,1,0,0,0,1,0,0,1,0,0,1,medio_alto
8,10000.0,0,0.0,2,4,1,0,0,0,1,1,1,1,0,0,0,medio_alto
2,10000.0,0,0.0,15,3,1,0,0,0,0,0,1,1,0,0,1,alto
3,10000.0,0,0.0,1,3,1,0,0,0,1,0,1,1,0,0,0,gratuito
8,35000.0,106,0.7358490566037735,1,3,1,0,0,9,1,0,0,1,0,1,0,gratuito
7,10000.0,14,1.0,1,4,1,0,0,0,0,0,1,1,1,1,0,baixo
1,0.0,0,0.0,0,0,1,0,0,0,0,0,0,0,0,0,0,gratuito
3,10000.0,1,1.0,1,2,1,0,0,0,0,0,1,0,1,0,0,alto
7,10000.0,89,0.8314606741573034,1,3,1,0,0,0,1,1,0,0,0,0,0,gratuito
5,35000.0,108,0.6666666666666666,3,3,1,0,0,0,1,0,1,0,1,0,0,alto
5,10000.0,14,0.21428571428571427,2,3,1,0,0,0,1,0,1,1,0,0,0,baixo
7,10000.0,1,1.0,1,5,1,0,0,0,1,1,1,1,0,0,0,alto
2,10000.0,201,0.8656716417910447,1,4,1,0,0,0,1,0,1,1,1,0,0,medio_baixo
2,10000.0,7,0.42857142857142855,1,3,1,0,0,0,1,1,1,0,0,0,0,baixo
2,10000.0,6,0.8333333333333334,1,2,1,0,0,0,0,0,1,1,0,0,0,gratuito
8,10000.0,30,0.6,2,4,1,0,0,0,1,1,1,0,1,0,0,gratuito
1,0.0,0,0.0,0,0,1,0,0,0,0,0,0,0,0,0,0,gratuito
1,10000.0,0,0.0,1,1,1,0,0,0,0,0,0,0,1,0,0,alto
9,10000.0,3,0.6666666666666666,2,4,1,0,0,0,0,0,1,1,0,1,1,medio_alto
17,750000.0,3173,0.6139300346675071,5,5,1,1,1,3,0,1,1,0,1,0,0,medio_alto
5,10000.0,0,0.0,1,1,1,0,0,0,0,0,1,0,0,0,0,baixo
4,75000.0,1001,0.5674325674325674,12,2,1,0,0,2,0,0,0,0,0,1,1,medio_alto
1,10000.0,5,0.8,22,2,1,0,0,0,1,0,0,1,0,0,0,baixo
8,10000.0,6,1.0,1,1,1,0,0,0,1,0,0,0,0,0,0,baixo
1,10000.0,0,0.0,10,2,1,0,0,0,1,0,0,1,0,0,0,medio_baixo
2,10000.0,0,0.0,1,3,1,1,1,0,1,0,0,1,0,0,1,medio_alto
7,75000.0,93,0.5376344086021505,1,4,1,0,0,0,1,0,0,1,0,0,1,gratuito
12,1500000.0,15428,0.727378791807104,11,3,1,0,0,2,1,1,1,0,0,0,0,gratuito
1,10000.0,2,1.0,9,5,1,1,1,0,1,1,1,0,1,1,0,baixo
4,10000.0,0,0.0,7,1,1,1,1,2,0,0,1,0,0,0,0,alto
4,10000.0,28,0.9285714285714286,1,3,1,0,1,1,1,0,0,1,0,0,0,gratuito
1,10000.0,0,0.0,1,1,1,0,0,0,0,0,0,0,1,0,0,medio_alto
6,10000.0,10,0.7,1,2,1,0,0,0,0,0,0,1,0,0,0,medio_baixo
8,10000.0,0,0.0,1,3,1,0,0,0,1,1,0,1,0,0,0,baixo
1,10000.0,2,1.0,1,3,1,0,0,0,0,1,1,0,0,1,0,medio_alto
2,0.0,0,0.0,103,3,1,0,0,0,1,0,0,1,0,0,0,gratuito
3,0.0,0,0.0,3,6,1,0,0,10,1,1,0,1,0,0,0,gratuito
5,10000.0,19,0.5263157894736842,1,3,1,0,0,0,1,0,1,0,0,1,0,alto
4,10000.0,5,0.4,1,2,1,0,0,3,0,0,0,1,0,0,0,gratuito
2,10000.0,0,0.0,1,1,1,0,0,0,0,0,0,1,0,0,0,baixo
4,10000.0,6,1.0,2,2,1,0,0,0,0,0,1,0,1,0,0,medio_baixo
1,10000.0,0,0.0,12,3,1,0,0,0,1,0,1,0,0,1,0,alto
3,0.0,0,0.0,0,0,1,0,0,0,0,0,0,0,0,0,0,gratuito
3,0.0,0,0.0,3,4,1,0,0,0,0,0,1,0,1,0,0,gratuito
3,10000.0,1,0.0,3,1,1,0,0,0,0,0,0,1,0,0,0,medio_baixo
3,0.0,0,0.0,1,4,1,0,0,0,0,0,0,0,0,0,0,gratuito
1,0.0,0,0.0,0,0,1,0,0,0,0,0,0,0,0,0,0,gratuito
3,10000.0,0,0.0,1,2,1,0,0,0,0,1,0,0,0,0,1,medio_baixo
4,35000.0,2,0.5,1,4,1,0,0,0,1,0,0,0,1,1,0,medio_alto
11,750000.0,14125,0.847858407079646,12,3,1,1,1,0,1,1,0,0,0,1,0,alto
9,350000.0,1568,0.7684948979591837,1,3,1,0,0,0,1,1,0,0,0,0,0,alto
1,10000.0,5,1.0,2,3,1,0,0,0,1,0,1,0,1,0,0,baixo
2,10000.0,7,0.7142857142857143,1,3,1,0,0,0,1,0,0,1,0,0,1,baixo
2,0.0,0,0.0,1,2,1,1,0,0,0,0,0,0,0,0,0,gratuito
5,0.0,0,0.0,1,4,1,0,0,0,1,0,1,1,0,0,0,gratuito
8,10000.0,1,0.0,1,1,1,0,0,0,1,0,0,0,0,0,0,medio_alto
1,10000.0,0,0.0,11,4,1,0,0,1,1,1,1,0,1,0,0,alto
9,10000.0,6,0.3333333333333333,9,5,1,0,0,0,1,1,1,1,0,0,0,medio_baixo
17,150000.0,1352,0.7507396449704142,7,3,1,1,1,0,0,1,1,0,1,0,0,medio_alto
7,35000.0,79,0.9367088607594937,1,4,1,0,0,0,1,0,1,0,1,0,0,gratuito
5,150000.0,1,1.0,1,1,1,0,0,0,0,0,1,0,0,0,0,medio_alto
7,350000.0,61,0.9016393442622951,1,6,1,0,0,1,1,1,0,1,0,0,1,gratuito
1,0.0,0,0.0,1,5,1,0,0,0,1,0,1,1,1,0,0,gratuito
4,0.0,0,0.0,26,1,1,0,0,8,0,0,0,1,0,0,0,gratuito
6,10000.0,12,0.9166666666666666,2,3,1,0,0,0,1,1,0,1,0,0,0,baixo
2,0.0,0,0.0,0,0,1,0,0,0,0,0,0,0,0,0,0,gratuito
1,0.0,0,0.0,7,3,1,0,0,1,1,0,0,1,0,0,0,gratuito
3,0.0,0,0.0,1,2,1,0,0,0,0,1,1,0,0,0,0,gratuito
2,350000.0,15,0.7333333333333333,8,1,1,0,0,0,0,1,0,0,0,0,0,medio_baixo
6,10000.0,251,0.9163346613545816,1,5,1,0,0,2,1,1,1,1,0,0,0,gratuito
1,10000.0,0,0.0,4,2,1,0,0,0,0,0,1,0,1,0,0,alto
5,10000.0,0,0.0,2,4,1,1,0,0,0,0,1,1,1,0,1,medio_baixo
2,10000.0,31,0.9032258064516129,8,1,1,0,0,0,0,1,0,0,0,0,0,alto
1,150000.0,380,0.7973684210526316,7,2,1,0,0,1,1,0,1,0,0,0,0,alto
2,10000.0,0,0.0,2,5,1,0,0,0,1,1,0,1,0,0,0,gratuito
3,10000.0,4,1.0,1,3,1,0,0,0,1,1,0,0,1,0,0,baixo
2,35000.0,2,1.0,1,4,1,0,0,0,1,0,1,0,1,0,1,medio_baixo
1,0.0,0,0.0,1,1,1,0,0,0,0,0,0,0,0,0,0,gratuito
2,0.0,0,0.0,1,3,1,0,0,0,1,1,0,0,0,0,0,gratuito
4,10000.0,5,0.4,1,2,1,0,0,0,0,1,1,0,0,0,0,baixo
1,0.0,0,0.0,1,3,1,1,0,0,1,1,0,0,0,0,0,gratuito
4,10000.0,18,0.4444444444444444,1,5,1,1,1,0,1,1,1,1,0,0,1,alto
6,10000.0,99,0.9393939393939394,6,2,1,0,0,1,1,0,1,0,0,0,0,medio_baixo
2,10000.0,127,0.984251968503937,0,2,1,0,0,0,1,0,0,0,0,0,0,gratuito
2,10000.0,2,1.0,1,2,1,0,0,0,0,0,0,0,0,1,1,medio_alto
1,0.0,0,0.0,0,0,1,0,0,0,0,0,0,0,0,0,0,gratuito
4,350000.0,4031,0.9419498883651699,1,4,1,0,0,0,1,0,0,1,0,1,1,alto
9,10000.0,12,0.0,1,3,1,1,1,0,1,0,0,1,0,1,0,baixo
18,3500000.0,82704,0.8895458502611724,10,2,1,1,0,1,0,1,0,0,1,0,0,baixo
3,10000.0,5,0.4,26,4,1,0,0,0,1,1,0,0,0,0,1,baixo
1,10000.0,0,0.0,2,3,1,0,0,0,1,0,0,0,1,0,0,medio_alto
11,10000.0,155,0.9096774193548387,1,2,1,1,1,0,1,0,0,0,1,0,0,medio_alto
7,10000.0,204,0.44607843137254904,7,4,1,1,0,0,0,0,0,1,0,1,1,medio_baixo
1,0.0,0,0.0,0,0,1,0,0,0,0,0,0,0,0,0,0,gratuito
12,3500000.0,25603,0.8639612545404836,1,1,1,0,0,234,0,0,0,0,0,0,1,medio_alto
1,0.0,0,0.0,0,0,1,0,0,0,0,0,0,0,0,0,0,gratuito
7,350000.0,2325,0.716989247311828,9,3,1,0,0,1,1,0,1,1,0,0,0,alto
5,0.0,0,0.0,0,0,1,0,0,0,0,0,0,0,0,0,0,gratuito
3,10000.0,42,0.7142857142857143,1,1,1,0,0,0,0,1,0,0,0,0,0,medio_alto
4,10000.0,5,0.8,2,1,1,0,0,0,0,0,0,0,0,0,1,alto
3,0.0,0,0.0,1,4,1,0,0,0,0,0,1,0,1,0,0,gratuito
2,10000.0,1,1.0,4,1,1,0,0,0,1,0,0,0,0,0,0,baixo
9,150000.0,844,0.7938388625592417,8,5,1,0,0,0,1,0,1,1,0,1,1,medio_baixo
3,10000.0,14,0.6428571428571429,1,3,1,0,0,0,0,0,1,1,0,0,1,baixo
6,35000.0,4,0.25,2,5,1,0,0,0,1,0,0,1,1,1,1,baixo
3,10000.0,301,0.8471760797342193,6,2,1,0,0,1,0,0,0,0,0,0,0,alto
1,0.0,0,0.0,2,5,1,0,0,1,1,1,0,1,0,0,0,baixo
5,10000.0,26,0.7307692307692307,103,5,1,0,0,0,1,0,1,1,0,1,1,medio_baixo
2,10000.0,4,0.75,1,2,1,0,0,0,0,1,0,0,1,0,0,medio_alto
2,10000.0,494,0.9433198380566802,12,2,1,1,1,1,1,0,1,0,0,0,0,medio_alto
1,0.0,0,0.0,1,1,1,0,0,0,0,1,0,0,0,0,0,medio_alto
7,1500000.0,11459,0.7478837594903569,2,4,1,0,0,0,1,1,0,0,0,0,0,gratuito
3,75000.0,25,0.96,1,3,1,0,0,0,1,1,1,0,0,0,0,medio_baixo
8,10000.0,6,0.8333333333333334,1,3,1,0,0,0,1,0,0,1,0,1,0,medio_baixo
15,10000.0,18,0.2777777777777778,1,1,1,0,0,0,0,0,0,0,0,1,0,baixo
2,10000.0,121,0.9173553719008265,0,2,1,0,0,0,1,0,0,0,0,0,0,gratuito
7,10000.0,1,1.0,1,2,1,0,0,0,1,0,1,0,0,0,0,baixo
6,10000.0,13,0.38461538461538464,1,3,1,0,0,0,1,0,1,1,0,0,0,medio_alto
2,10000.0,29,0.9655172413793104,5,2,1,0,0,0,1,0,0,0,0,0,1,baixo
3,10000.0,7,0.8571428571428571,1,2,1,0,0,0,1,0,1,0,0,0,0,baixo
5,10000.0,3,0.6666666666666666,1,3,1,0,0,0,0,0,1,1,0,0,0,medio_alto
5,35000.0,4,1.0,2,5,1,0,0,0,1,1,1,0,1,1,0,medio_alto
1,0.0,0,0.0,1,5,1,0,0,0,1,0,1,1,0,0,0,gratuito
12,150000.0,155,0.5032258064516129,1,3,1,0,0,0,1,0,1,0,1,0,0,medio_baixo
9,10000.0,10,0.8,1,3,1,1,1,0,1,1,0,0,0,1,0,gratuito
9,10000.0,33,0.5454545454545454,2,2,1,0,0,0,1,0,1,0,0,0,0,baixo
4,10000.0,78,0.8333333333333334,5,5,1,0,0,0,1,0,0,1,1,1,1,medio_alto
1,10000.0,1,1.0,3,1,1,0,0,0,0,0,0,0,1,0,0,alto
6,10000.0,6,0.5,1,1,1,0,0,0,0,0,0,0,0,0,1,medio_baixo
8,10000.0,4,1.0,1,4,1,1,0,0,1,0,1,1,0,1,0,medio_alto
3,10000.0,4,0.75,1,2,1,0,0,0,1,0,0,1,0,0,0,gratuito
2,0.0,0,0.0,1,2,1,1,1,1,0,1,0,0,0,0,0,gratuito
5,150000.0,2260,0.8951327433628319,1,2,1,1,0,0,0,1,1,0,0,0,0,medio_baixo
1,10000.0,0,0.0,2,3,1,0,0,0,1,1,0,0,0,1,0,baixo
4,10000.0,31,0.5806451612903226,2,3,1,0,0,0,1,0,1,1,0,0,0,baixo
1,10000.0,0,0.0,3,3,1,1,0,0,1,0,0,0,0,1,1,medio_baixo
8,10000.0,43,0.9069767441860465,1,2,1,0,0,0,1,0,0,1,0,0,0,alto
6,10000.0,11,1.0,1,3,1,0,0,0,1,1,1,0,0,0,0,alto
2,10000.0,0,0.0,1,2,1,0,0,0,1,0,0,1,0,0,0,medio_baixo
9,1500000.0,6087,0.9163791687202234,2,3,1,1,1,1,1,0,0,1,0,0,1,medio_alto
6,10000.0,16,0.75,1,3,1,1,0,1,1,1,1,0,0,0,0,baixo
5,10000.0,0,0.0,1,2,1,0,0,0,1,0,0,1,0,0,0,baixo
4,10000.0,17,0.7647058823529411,6,5,1,0,0,0,1,1,1,1,1,0,0,baixo
10,10000.0,26,0.6538461538461539,1,2,1,0,0,0,0,0,0,0,0,0,0,medio_alto
1,0.0,0,0.0,16,4,1,1,0,0,1,1,0,1,0,0,0,gratuito
1,0.0,0,0.0,1,1,1,0,0,0,1,0,0,0,0,0,0,medio_baixo
8,35000.0,1,0.0,1,1,1,0,0,0,0,0,0,1,0,0,0,medio_baixo
4,0.0,0,0.0,1,2,1,0,0,0,0,1,0,0,0,0,0,gratuito
4,35000.0,18,0.9444444444444444,1,3,1,0,0,0,1,1,1,0,0,0,0,baixo
2,10000.0,52,1.0,2,1,1,0,0,0,1,0,0,0,0,0,0,medio_alto
5,0.0,0,0.0,0,0,1,0,0,0,0,0,0,0,0,0,0,gratuito
2,10000.0,10,1.0,1,4,1,1,0,0,1,0,1,1,0,0,1,medio_baixo
4,35000.0,20,1.0,3,3,1,0,0,0,1,1,0,1,0,0,0,baixo
3,0.0,0,0.0,1,2,1,0,0,0,1,0,0,0,0,0,0,gratuito
2,0.0,0,0.0,0,0,1,0,0,0,0,0,0,0,0,0,0,gratuito
8,35000.0,77,0.8311688311688312,2,4,1,0,0,1,1,0,1,1,0,0,0,alto
1,0.0,0,0.0,2,4,1,0,0,0,1,1,1,0,1,0,0,medio_alto
2,0.0,0,0.0,0,0,1,0,0,0,0,0,0,0,0,0,0,gratuito
3,10000.0,13,0.8461538461538461,1,1,1,0,0,0,0,0,0,1,0,0,0,medio_baixo
6,10000.0,72,0.7638888888888888,1,2,1,0,0,1,0,0,0,0,0,1,1,medio_alto
7,10000.0,0,0.0,1,2,1,1,1,3,1,0,0,0,0,0,0,alto
3,10000.0,0,0.0,1,3,1,1,1,0,1,0,1,1,0,0,0,baixo
5,10000.0,16,0.3125,1,2,1,0,0,0,0,1,1,0,0,0,0,baixo
5,10000.0,3,1.0,1,5,1,0,0,0,1,1,1,1,1,0,0,medio_baixo
8,750000.0,11,0.5454545454545454,1,2,1,0,0,0,0,0,1,0,0,0,1,medio_baixo
9,10000.0,17,0.7647058823529411,1,2,1,1,0,0,1,1,0,0,0,0,0,gratuito
2,150000.0,3238,0.49320568252007413,5,2,1,0,0,7,0,0,0,0,0,1,1,alto
1,0.0,0,0.0,16,3,1,0,0,1,1,0,0,1,0,0,1,alto
3,0.0,0,0.0,1,3,1,0,0,0,0,1,1,0,0,1,0,gratuito
9,10000.0,5,0.8,1,4,1,0,0,0,1,1,1,1,0,0,0,alto
1,0.0,0,0.0,16,4,1,1,0,0,1,0,0,1,0,1,1,alto
9,150000.0,3734,0.8307445099089449,2,4,1,1,1,1,1,0,0,1,1,0,1,alto
4,10000.0,21,1.0,1,4,1,0,0,0,1,1,0,0,0,0,0,alto
8,35000.0,97,0.8556701030927835,1,5,1,0,0,0,1,1,1,1,0,0,0,gratuito
6,10000.0,19,0.8947368421052632,1,2,1,0,0,0,1,1,0,0,0,0,0,gratuito
5,10000.0,26,0.8461538461538461,1,2,1,0,1,0,1,0,0,1,0,0,0,baixo
9,35000.0,267,0.5767790262172284,1,4,1,0,0,0,1,1,1,0,0,0,0,gratuito
2,10000.0,30,0.9666666666666667,4,3,1,0,0,0,1,1,0,1,0,0,0,medio_baixo
2,10000.0,101,0.8910891089108911,3,3,1,0,1,0,1,1,1,0,0,0,0,medio_alto
1,10000.0,0,0.0,12,3,1,0,0,0,0,1,1,0,1,0,0,alto
1,0.0,0,0.0,1,3,1,0,0,0,1,1,1,0,0,0,0,medio_alto
5,150000.0,24,0.875,2,4,1,0,0,0,1,0,1,0,1,0,0,alto
7,10000.0,7,0.14285714285714285,2,3,1,0,0,0,1,0,1,0,1,0,0,baixo
1,10000.0,0,0.0,2,1,1,0,0,0,0,0,0,0,0,0,1,medio_alto
5,10000.0,11,0.2727272727272727,1,3,1,0,0,1,1,0,0,0,1,1,0,alto
7,10000.0,18,0.8333333333333334,1,2,1,0,0,0,0,0,0,1,0,0,0,gratuito
2,0.0,0,0.0,1,8,1,0,0,0,1,1,1,1,0,1,0,gratuito
4,10000.0,0,0.0,1,2,1,0,1,0,0,0,0,1,0,0,1,alto
4,10000.0,112,0.7857142857142857,1,2,1,1,0,0,0,0,0,0,0,1,0,medio_alto
3,10000.0,40,0.95,1,3,1,1,1,0,0,1,0,1,0,1,0,gratuito
8,35000.0,153,0.954248366013072,16,2,1,0,0,0,1,0,0,1,0,0,0,medio_baixo
6,35000.0,114,0.4824561403508772,2,2,1,0,0,0,0,1,1,0,0,0,0,gratuito
5,10000.0,263,0.7072243346007605,10,4,1,0,0,0,1,0,0,1,0,1,1,alto
4,0.0,0,0.0,0,0,1,0,0,0,0,0,0,0,0,0,0,gratuito
4,10000.0,19,1.0,29,2,1,0,0,0,1,0,0,1,0,0,0,baixo
2,10000.0,12,1.0,1,2,1,0,1,0,1,0,0,0,1,0,0,medio_alto
2,10000.0,81,0.6790123456790124,2,3,1,0,0,0,1,0,1,0,0,0,1,medio_baixo
7,10000.0,81,0.8641975308641975,1,3,1,1,1,0,0,0,0,0,0,0,0,medio_alto
8,150000.0,4957,0.942303812789994,12,1,1,1,1,6,1,0,0,0,0,0,0,medio_baixo
3,75000.0,7,1.0,1,2,1,0,0,0,0,0,1,1,0,0,0,medio_baixo
5,75000.0,1097,0.9152233363719234,11,3,1,0,0,1,1,1,1,0,0,0,0,medio_alto
4,0.0,0,0.0,1,2,1,0,0,0,0,0,0,0,0,0,0,gratuito
5,150000.0,2055,0.67007299270073,10,3,1,1,0,1,1,0,0,1,0,0,1,alto
1,0.0,0,0.0,103,2,1,1,1,0,0,0,0,1,0,1,0,baixo
1,10000.0,9,0.7777777777777778,1,3,1,0,0,0,1,0,1,1,0,0,0,medio_alto
1,10000.0,0,0.0,5,4,1,0,0,0,1,0,1,0,1,0,0,medio_alto
3,10000.0,0,0.0,29,2,1,0,0,0,1,0,0,1,0,0,0,baixo
3,10000.0,70,0.9142857142857143,11,2,1,0,0,0,0,1,1,0,0,0,0,medio_baixo
4,150000.0,1732,0.7384526558891455,13,4,1,0,0,2,1,0,0,1,0,1,1,medio_alto
9,10000.0,5,0.2,1,5,1,0,0,0,1,1,1,0,1,0,0,alto
4,10000.0,156,0.9038461538461539,3,1,1,0,0,2,0,0,1,0,0,0,0,medio_baixo
5,10000.0,4,1.0,1,1,1,0,0,0,1,0,0,0,0,0,0,alto
5,0.0,0,0.0,1,2,1,0,0,0,1,0,1,0,0,0,0,gratuito
18,350000.0,2026,0.8928923988153998,14,1,1,0,0,0,0,0,0,0,0,0,1,medio_alto
2,10000.0,0,0.0,2,3,1,0,0,0,1,0,0,0,0,1,0,alto
2,10000.0,2,0.0,1,2,1,0,0,0,1,0,0,1,0,0,0,alto
8,10000.0,50,0.82,1,2,1,0,0,0,1,0,0,1,0,0,0,baixo
7,10000.0,7,0.7142857142857143,1,2,1,0,0,0,1,0,1,0,0,0,0,alto
2,10000.0,1,1.0,3,2,1,0,0,0,1,1,0,0,0,0,0,medio_baixo
10,35000.0,541,0.9057301293900185,5,2,1,0,0,0,0,1,1,0,0,0,0,alto
8,150000.0,88,0.7386363636363636,2,2,1,1,0,0,1,0,0,0,0,0,1,medio_baixo
2,0.0,0,0.0,2,4,1,0,0,1,1,0,1,1,0,0,0,gratuito
1,0.0,0,0.0,0,0,1,0,0,0,0,0,0,0,0,0,0,gratuito
2,10000.0,5,0.8,1,2,1,0,0,0,0,0,1,0,1,0,0,medio_alto
5,10000.0,3,0.3333333333333333,1,3,1,0,0,0,1,0,1,1,0,0,0,alto
7,35000.0,184,0.9021739130434783,11,3,1,1,1,0,1,1,1,0,0,0,0,alto
3,10000.0,224,0.8616071428571429,4,3,1,1,0,0,1,0,1,0,1,0,0,medio_baixo
1,10000.0,0,0.0,1,2,1,0,1,0,1,1,0,0,0,0,0,alto
2,75000.0,685,0.7532846715328467,10,2,1,0,0,7,0,0,0,0,1,1,0,alto
1,10000.0,0,0.0,8,6,1,0,0,0,1,0,1,1,1,0,1,alto
1,10000.0,8,0.5,4,3,1,0,0,0,1,1,1,0,0,0,0,alto
5,10000.0,28,0.75,3,3,1,0,1,3,1,0,0,1,0,0,1,medio_baixo
1,10000.0,348,0.8362068965517241,1,2,1,0,0,1,0,0,1,0,0,0,1,medio_alto
2,10000.0,2,1.0,2,1,1,0,0,0,0,0,0,1,0,0,0,baixo
1,0.0,0,0.0,30,3,1,0,0,0,0,0,1,1,0,0,1,alto
1,10000.0,2,0.0,9,2,1,0,0,0,0,0,1,1,0,0,0,alto
8,35000.0,69,0.6231884057971014,1,4,1,0,0,0,1,1,0,1,0,0,0,gratuito
1,0.0,0,0.0,1,3,1,0,0,0,1,1,1,0,0,0,0,medio_alto
4,350000.0,18,0.6666666666666666,5,4,1,0,0,1,1,0,1,1,1,0,0,medio_alto
8,750000.0,22315,0.9505265516468743,14,3,1,1,0,2,1,1,1,0,0,0,0,baixo
1,10000.0,93,0.8279569892473119,5,4,1,0,0,0,1,1,1,0,0,0,1,medio_alto
6,10000.0,10,0.6,1,1,1,0,0,0,0,0,0,0,0,0,1,gratuito
11,10000.0,68,0.4117647058823529,1,2,1,0,0,0,1,1,0,0,0,0,0,baixo
2,10000.0,1,0.0,1,6,1,0,0,0,1,1,1,1,1,0,0,medio_baixo
1,0.0,0,0.0,0,0,1,0,0,0,0,0,0,0,0,0,0,gratuito
1,10000.0,0,0.0,1,3,1,0,1,0,1,0,0,1,0,0,0,baixo
10,35000.0,65,0.9076923076923077,1,5,1,0,0,0,1,1,0,1,0,0,0,gratuito
1,10000.0,0,0.0,1,1,1,0,0,0,0,0,0,1,0,0,0,medio_alto
6,10000.0,48,0.8333333333333334,8,2,1,0,0,0,1,0,1,0,0,0,0,medio_baixo
7,10000.0,5,0.4,3,2,1,0,0,0,1,0,0,0,1,0,0,gratuito
1,0.0,0,0.0,103,2,1,0,0,0,1,0,0,1,0,0,0,medio_baixo
1,10000.0,0,0.0,1,2,1,1,1,0,1,1,0,0,0,0,0,baixo
10,10000.0,136,0.9485294117647058,1,3,1,0,0,0,1,1,0,1,0,0,0,medio_baixo
5,35000.0,186,0.5376344086021505,1,1,1,1,0,1,0,0,0,0,0,1,0,gratuito
1,10000.0,0,0.0,1,2,1,0,0,0,1,0,0,0,0,1,0,medio_alto
5,10000.0,14,0.8571428571428571,1,4,1,0,0,1,1,0,0,1,0,1,1,alto
11,150000.0,286,0.7692307692307693,1,2,1,0,0,0,0,1,0,0,0,0,1,medio_alto
5,35000.0,1,1.0,1,2,1,0,0,0,1,1,0,0,0,0,0,baixo
8,35000.0,396,0.9318181818181818,4,3,1,1,1,1,1,0,1,0,0,0,0,alto
10,10000.0,39,0.5384615384615384,1,2,1,0,0,0,0,0,0,0,0,0,0,medio_alto
2,0.0,0,0.0,0,0,1,0,0,0,0,0,0,0,0,0,0,gratuito
8,10000.0,71,0.8873239436619719,2,3,1,0,0,0,1,0,1,1,0,0,0,medio_baixo
5,10000.0,2,1.0,1,3,1,0,0,0,1,1,0,1,0,0,0,medio_baixo
5,10000.0,0,0.0,2,2,1,0,0,0,1,0,0,1,0,0,0,medio_baixo
1,0.0,0,0.0,1,5,1,1,0,0,0,0,0,0,1,1,1,gratuito
4,150000.0,9,0.8888888888888888,1,1,1,0,1,0,0,1,0,0,0,0,0,alto
7,10000.0,46,0.9347826086956522,1,3,1,1,0,1,1,0,1,0,0,0,1,medio_baixo
7,10000.0,3,0.6666666666666666,29,5,1,1,0,1,1,0,0,1,1,1,1,baixo
3,0.0,0,0.0,16,6,1,0,0,1,1,1,1,1,1,0,1,baixo
7,10000.0,34,1.0,1,4,1,1,0,1,1,1,1,0,0,0,0,medio_alto
8,10000.0,102,0.9313725490196079,1,5,1,0,0,0,1,1,1,0,1,0,0,medio_baixo
6,10000.0,14,0.21428571428571427,14,3,1,0,0,0,1,1,0,1,0,0,0,baixo
7,35000.0,68,0.9264705882352942,1,3,1,0,0,0,0,1,0,1,0,0,0,gratuito
2,10000.0,1,1.0,1,4,1,0,0,0,1,1,0,1,0,0,0,alto
4,0.0,0,0.0,1,3,1,0,0,0,1,1,1,0,0,0,0,gratuito
2,10000.0,0,0.0,1,3,1,0,0,0,1,1,0,1,0,0,0,baixo
10,75000.0,664,0.7515060240963856,6,3,1,0,0,4,0,0,0,0,0,0,1,baixo
8,10000.0,28,0.21428571428571427,1,3,1,0,0,0,1,1,0,1,0,0,0,medio_alto
1,10000.0,0,0.0,1,1,1,0,0,0,0,0,0,0,0,1,0,medio_baixo
1,0.0,0,0.0,2,2,1,0,0,2,0,1,1,0,0,0,0,medio_alto
3,10000.0,300,0.71,12,3,1,0,0,0,1,1,0,0,0,1,0,medio_alto
2,0.0,0,0.0,1,3,1,0,0,0,1,1,1,0,0,0,0,gratuito
1,0.0,0,0.0,0,0,1,0,0,0,0,0,0,0,0,0,0,gratuito
10,150000.0,870,0.4689655172413793,1,4,1,1,1,1,1,0,1,0,1,1,0,medio_alto
4,10000.0,6,0.8333333333333334,1,3,1,0,0,1,1,0,1,1,0,0,0,gratuito
3,10000.0,2,0.5,4,2,1,0,0,0,0,0,0,1,0,1,0,medio_alto
5,10000.0,0,0.0,18,3,1,0,0,0,1,0,0,1,0,1,0,baixo
10,10000.0,3,0.6666666666666666,1,1,1,0,0,0,0,0,0,0,0,1,0,alto
3,35000.0,8,1.0,3,3,1,0,0,0,0,1,1,0,0,1,0,medio_baixo
5,10000.0,280,0.8428571428571429,8,1,1,0,0,0,0,0,0,1,0,0,0,alto
8,10000.0,93,0.946236559139785,14,2,1,1,0,0,0,0,1,1,0,0,0,alto
8,150000.0,707,0.9024045261669024,16,1,1,0,0,0,0,0,1,0,0,0,0,medio_alto
13,3500000.0,23618,0.7541705478872047,5,4,1,0,0,0,0,0,0,0,0,0,1,gratuito
7,350000.0,1596,0.8665413533834586,8,2,1,1,1,3,1,0,0,0,0,0,0,gratuito
2,10000.0,21,0.7619047619047619,2,1,1,0,0,0,0,0,0,0,0,0,1,baixo
4,0.0,0,0.0,1,3,1,0,1,0,1,0,0,1,0,0,0,gratuito
2,3500000.0,78080,0.8643186475409836,15,5,1,0,0,1,1,1,1,0,1,0,0,alto
8,10000.0,47,0.6170212765957447,2,4,1,0,0,0,1,1,1,0,0,0,0,baixo
4,0.0,0,0.0,0,0,1,0,0,0,0,0,0,0,0,0,0,gratuito
1,0.0,0,0.0,0,0,1,0,0,0,0,0,0,0,0,0,0,gratuito
8,10000.0,12,0.75,3,2,1,0,0,0,1,0,0,1,0,0,0,baixo
12,10000.0,172,0.8197674418604651,1,2,1,1,0,0,1,0,0,1,0,0,0,alto
2,10000.0,0,0.0,1,4,1,0,0,0,1,1,1,0,0,1,0,medio_alto
6,10000.0,94,0.8617021276595744,1,1,1,0,0,0,1,0,0,0,0,0,0,alto
2,10000.0,7,0.8571428571428571,2,4,1,0,0,0,1,1,1,0,1,0,0,alto
2,10000.0,205,0.9170731707317074,29,3,1,1,1,2,0,1,1,0,1,0,0,medio_alto
1,10000.0,51,0.6470588235294118,2,3,1,0,0,0,1,1,1,0,0,0,0,baixo
5,10000.0,9,0.5555555555555556,3,1,1,0,0,0,0,0,0,0,0,0,0,alto
4,10000.0,41,0.8292682926829268,3,4,1,0,0,0,1,0,1,1,0,1,0,medio_baixo
4,10000.0,91,0.9010989010989011,14,3,1,1,1,4,1,0,0,0,0,1,0,gratuito
2,10000.0,63,1.0,3,1,1,0,0,1,1,0,0,0,0,0,0,medio_alto
1,10000.0,0,0.0,1,5,1,0,0,0,1,1,0,1,0,1,1,medio_baixo
6,10000.0,6,0.6666666666666666,1,1,1,0,0,0,1,0,0,0,0,0,0,medio_alto
3,10000.0,23,0.782608695652174,1,1,1,0,0,0,1,0,0,0,0,0,0,medio_baixo
2,0.0,0,0.0,2,3,1,0,0,0,1,0,1,0,0,0,0,gratuito
2,10000.0,0,0.0,2,4,1,0,0,0,1,0,0,1,1,0,1,medio_baixo
4,0.0,0,0.0,0,0,1,0,0,0,0,0,0,0,0,0,0,gratuito
6,10000.0,27,0.5925925925925926,1,3,1,0,0,0,1,0,0,1,0,0,0,gratuito
9,35000.0,61,0.8852459016393442,11,2,1,1,1,0,1,0,0,1,0,0,0,gratuito
1,0.0,0,0.0,2,4,1,0,0,0,1,1,0,0,0,0,1,gratuito
1,0.0,0,0.0,14,4,1,0,0,0,1,0,0,1,0,1,0,medio_baixo
1,10000.0,4,0.75,2,3,1,0,0,0,1,1,1,0,0,0,0,medio_alto
7,10000.0,0,0.0,29,3,1,1,1,1,1,0,0,1,0,0,1,baixo
4,35000.0,6,1.0,1,3,1,0,0,0,1,1,1,0,0,0,0,alto
7,75000.0,2231,0.8664276109367997,16,3,1,0,0,1,1,1,0,1,0,0,0,medio_alto
8,10000.0,42,0.5238095238095238,1,2,1,0,0,0,1,0,1,0,0,0,0,alto
2,10000.0,0,0.0,8,1,1,0,0,0,0,0,0,0,1,0,0,alto
5,10000.0,3,1.0,2,4,1,0,1,0,1,1,1,0,0,0,1,medio_alto
8,10000.0,25,0.64,3,4,1,0,0,0,1,1,0,1,0,1,0,medio_alto
3,0.0,0,0.0,103,2,1,0,0,0,1,0,0,1,0,0,0,baixo
2,10000.0,324,0.6820987654320988,1,2,1,0,0,1,1,0,0,0,0,0,0,gratuito
2,10000.0,18,1.0,1,4,1,0,0,0,1,0,0,1,0,0,1,medio_alto
11,10000.0,59,0.9491525423728814,6,4,1,0,0,0,0,0,1,1,0,1,1,medio_baixo
3,0.0,0,0.0,1,3,1,1,1,0,1,0,0,1,0,0,1,gratuito
13,350000.0,364,0.5659340659340659,5,3,1,0,0,0,1,0,0,0,1,1,0,gratuito
5,10000.0,26,0.5769230769230769,1,5,1,0,0,0,1,1,1,1,0,0,1,baixo
12,10000.0,22,0.22727272727272727,1,0,1,0,0,0,0,0,0,0,0,0,0,baixo
8,75000.0,91,0.6593406593406593,2,3,1,0,0,1,1,1,1,0,0,0,0,baixo
2,10000.0,3,1.0,1,5,1,0,0,0,1,0,1,1,1,0,1,medio_alto
5,10000.0,7,0.5714285714285714,1,3,1,0,0,0,1,0,0,0,0,0,1,medio_alto
10,10000.0,5,0.4,1,3,1,0,0,0,1,1,0,0,0,1,0,medio_alto
5,10000.0,7,0.8571428571428571,3,1,1,0,0,0,0,0,1,0,0,0,0,medio_baixo
1,0.0,0,0.0,0,0,1,0,0,0,0,0,0,0,0,0,0,gratuito
6,10000.0,35,0.7142857142857143,29,4,1,0,0,0,1,0,1,1,0,1,0,baixo
5,10000.0,14,0.7857142857142857,1,2,1,0,0,0,0,0,1,1,0,0,0,medio_alto
5,10000.0,5,1.0,1,2,1,0,0,0,1,0,0,1,0,0,0,medio_alto
6,10000.0,9,0.8888888888888888,1,1,1,0,0,0,0,0,0,1,0,0,0,medio_alto
2,10000.0,1,0.0,1,2,1,0,0,0,0,1,0,0,0,0,0,medio_alto
11,35000.0,271,0.7121771217712177,3,3,1,1,0,1,1,1,0,0,0,0,0,baixo
2,10000.0,15,0.8666666666666667,1,2,1,0,0,0,1,0,0,1,0,0,0,medio_alto
3,10000.0,0,0.0,1,2,1,0,0,0,1,0,0,1,0,0,0,medio_baixo
5,0.0,0,0.0,1,3,1,0,0,0,1,0,0,0,0,1,0,gratuito
4,10000.0,41,0.975609756097561,1,1,1,0,0,0,0,0,0,1,0,0,0,baixo
7,10000.0,9,0.7777777777777778,1,4,1,0,0,0,1,1,1,1,0,0,0,gratuito
1,0.0,0,0.0,0,0,1,0,0,0,0,0,0,0,0,0,0,gratuito
5,35000.0,109,0.8899082568807339,1,3,1,0,0,0,1,0,0,0,0,0,1,baixo
3,10000.0,5,0.8,1,1,1,0,0,0,1,0,0,0,0,0,0,baixo
5,10000.0,26,0.6538461538461539,2,3,1,1,1,0,1,1,1,0,0,0,0,baixo
1,10000.0,17,0.7647058823529411,1,2,1,0,0,1,0,1,0,1,0,0,0,medio_alto
8,750000.0,4552,0.8022847100175747,1,5,1,1,0,0,0,0,0,1,0,1,1,gratuito
3,35000.0,190,0.6421052631578947,2,1,1,0,0,1,0,0,0,1,0,0,0,medio_alto
2,150000.0,2349,0.8058748403575989,35,4,1,0,0,9,1,0,1,1,0,0,1,alto
1,10000.0,0,0.0,1,5,1,0,0,0,1,0,1,0,0,1,1,alto
4,0.0,0,0.0,1,3,1,0,0,0,1,1,0,1,0,0,0,gratuito
1,10000.0,0,0.0,2,2,1,0,0,0,1,0,1,0,0,0,0,medio_baixo
9,75000.0,462,0.9004329004329005,29,3,1,1,1,1,1,1,1,0,0,0,0,medio_baixo
3,10000.0,27,0.6296296296296297,2,2,1,0,0,0,1,0,1,0,0,0,0,medio_alto
7,10000.0,5,0.4,2,3,1,0,0,0,1,1,1,0,0,0,0,alto
4,10000.0,15,1.0,3,1,1,0,1,0,0,0,0,1,0,0,0,baixo
4,75000.0,5,0.4,1,1,1,0,0,0,1,0,0,0,0,0,0,baixo
1,0.0,0,0.0,1,3,1,0,0,0,0,1,0,1,1,0,0,medio_baixo
16,10000.0,13,0.9230769230769231,1,1,1,1,0,0,0,0,0,1,0,0,0,medio_baixo
1,150000.0,2825,0.5415929203539823,9,5,1,0,0,4,1,1,1,0,0,0,1,medio_alto
1,10000.0,0,0.0,2,2,1,0,0,0,1,1,0,0,0,0,0,alto
2,0.0,0,0.0,0,0,1,0,0,0,0,0,0,0,0,0,0,gratuito
2,0.0,0,0.0,2,2,1,1,1,1,1,0,0,1,0,0,0,gratuito
1,10000.0,3,1.0,6,3,1,0,0,0,1,0,0,1,0,1,0,baixo
4,750000.0,19265,0.8166104334284973,20,1,1,0,0,3,0,0,1,0,0,0,0,alto
4,10000.0,6,1.0,1,2,1,0,0,0,1,0,0,0,0,1,0,alto
4,10000.0,33,0.8484848484848485,1,3,1,0,1,0,0,1,1,0,1,0,0,medio_baixo
4,10000.0,5,0.4,7,5,1,0,0,0,1,1,1,0,1,0,0,baixo
5,10000.0,24,0.9166666666666666,3,2,1,0,0,0,1,0,1,0,0,0,0,alto
1,0.0,0,0.0,1,3,1,0,1,0,1,0,0,0,0,1,1,medio_alto
10,75000.0,79,0.5189873417721519,1,3,1,0,0,0,1,1,0,0,0,0,1,gratuito
6,10000.0,3,0.3333333333333333,1,3,1,0,0,0,1,1,0,1,0,0,0,alto
8,35000.0,315,0.6317460317460317,3,2,1,0,0,0,1,0,0,0,1,0,0,medio_baixo
6,10000.0,2,1.0,1,3,1,0,0,0,1,1,0,0,0,0,0,alto
2,35000.0,6,0.6666666666666666,1,2,1,0,0,0,1,1,0,0,0,0,0,medio_alto
7,10000.0,1,1.0,1,1,1,0,0,0,1,0,0,0,0,0,0,medio_alto
5,10000.0,41,0.8048780487804879,1,4,1,0,0,2,1,0,1,1,1,0,0,medio_alto
10,10000.0,2,1.0,1,2,1,0,0,0,1,1,0,0,0,0,0,medio_alto
2,10000.0,6,1.0,1,1,1,0,0,0,0,0,0,0,0,1,0,medio_alto
14,150000.0,467,0.8072805139186295,1,3,1,1,1,0,1,0,0,1,0,0,0,medio_alto
3,75000.0,978,0.6615541922290389,1,5,1,0,0,0,1,0,0,1,1,1,1,medio_baixo
1,0.0,0,0.0,0,0,1,0,0,0,0,0,0,0,0,0,0,gratuito
7,10000.0,36,0.6666666666666666,1,5,1,1,1,0,1,0,1,1,1,0,1,medio_baixo
9,10000.0,7,1.0,1,2,1,0,0,0,0,0,1,0,1,0,0,medio_baixo
1,10000.0,1,1.0,1,1,1,1,0,0,1,0,0,0,0,0,0,medio_alto
2,10000.0,2,0.5,17,4,1,0,0,0,1,0,1,1,1,0,0,medio_alto
1,0.0,0,0.0,0,0,1,0,0,0,0,0,0,0,0,0,0,gratuito
2,10000.0,1,0.0,1,1,1,0,0,0,1,0,0,0,0,0,0,alto
2,10000.0,6,1.0,1,3,1,1,1,0,1,0,0,1,0,1,0,medio_alto
11,150000.0,360,0.7694444444444445,3,3,1,1,1,0,1,1,0,0,0,0,0,gratuito
9,10000.0,15,0.7333333333333333,24,3,1,0,0,0,0,0,0,0,0,0,0,gratuito
1,10000.0,0,0.0,1,4,1,0,0,3,1,1,0,1,0,1,0,medio_baixo
2,10000.0,4,1.0,1,3,1,0,0,0,0,0,0,1,1,0,1,baixo
3,10000.0,0,0.0,16,1,1,1,1,0,1,0,0,0,0,0,0,medio_alto
4,10000.0,21,0.9523809523809523,1,2,1,0,0,0,1,0,1,0,0,0,0,gratuito
3,35000.0,139,0.935251798561151,2,3,1,0,0,0,1,0,1,0,1,0,0,gratuito
3,10000.0,14,1.0,1,2,1,0,0,0,1,0,0,1,0,0,0,medio_baixo
5,350000.0,4542,0.7747688243064729,8,4,1,0,1,3,1,0,1,0,1,1,0,medio_baixo
8,10000.0,17665,0.7295782621001982,12,2,1,1,1,0,0,1,1,0,0,0,0,medio_alto
7,10000.0,7,1.0,1,4,1,1,1,0,1,1,0,1,0,0,1,medio_alto
6,10000.0,12,1.0,2,2,1,0,0,0,1,0,0,1,0,0,0,baixo
1,10000.0,93,0.6774193548387096,7,4,1,0,0,0,1,1,0,0,1,0,0,alto
4,0.0,0,0.0,0,0,1,0,0,0,0,0,0,0,0,0,0,gratuito
10,75000.0,104,0.8173076923076923,1,1,1,0,0,0,0,1,0,0,0,0,0,medio_baixo
6,75000.0,434,0.8271889400921659,2,3,1,0,0,0,1,1,1,0,0,0,0,baixo
2,0.0,0,0.0,0,0,1,0,0,0,0,0,0,0,0,0,0,gratuito
1,10000.0,3,1.0,1,2,1,0,0,0,1,0,0,1,0,0,0,medio_alto
3,10000.0,12,1.0,1,5,1,0,0,0,1,0,1,1,0,0,1,medio_alto
9,10000.0,38,0.6842105263157895,1,2,1,0,0,0,0,0,0,0,1,1,0,gratuito
8,10000.0,50,0.84,2,5,1,0,0,0,1,1,1,0,1,0,1,alto
9,35000.0,66,0.5757575757575758,7,3,1,0,0,0,1,0,1,1,0,0,0,medio_baixo
3,35000.0,29,0.6896551724137931,3,4,1,0,0,0,1,0,0,0,0,1,1,medio_alto
1,0.0,0,0.0,0,0,1,0,0,0,0,0,0,0,0,0,0,gratuito
9,10000.0,33,0.7575757575757576,1,3,1,1,1,0,1,0,1,0,1,0,0,medio_alto
5,10000.0,5,0.8,1,5,1,0,0,0,1,1,1,1,0,0,1,medio_alto
6,75000.0,231,0.7878787878787878,1,4,1,0,0,1,1,1,1,0,1,0,0,medio_alto
10,75000.0,102,0.7058823529411765,7,5,1,0,0,0,1,1,1,1,0,0,0,baixo
5,10000.0,4,1.0,1,3,1,0,0,0,0,1,0,0,0,0,1,medio_baixo
1,10000.0,6,0.8333333333333334,1,5,1,0,0,0,1,1,1,0,1,0,0,gratuito
5,10000.0,8,0.375,1,3,1,0,0,0,0,0,0,1,0,0,1,medio_alto
1,10000.0,0,0.0,14,3,1,0,0,2,0,0,1,0,1,1,0,alto
2,10000.0,5,0.8,11,3,1,0,0,0,1,0,0,1,0,0,1,alto
4,0.0,0,0.0,0,0,1,0,0,0,0,0,0,0,0,0,0,gratuito
1,10000.0,0,0.0,2,1,1,0,0,0,0,1,0,0,0,0,0,alto
11,75000.0,214,0.7383177570093458,1,2,1,0,0,0,1,1,0,0,0,0,0,medio_baixo
1,10000.0,28,0.9285714285714286,3,1,1,0,0,1,0,0,0,0,1,0,0,medio_alto
5,10000.0,1,1.0,2,2,1,0,1,0,1,1,0,0,0,0,0,medio_alto
10,10000.0,33,0.7575757575757576,1,2,1,0,0,0,1,1,0,0,0,0,0,baixo
2,10000.0,1,1.0,1,2,1,0,0,0,1,0,0,0,1,0,0,baixo
8,10000.0,47,0.8936170212765957,1,3,1,0,1,0,1,1,0,1,0,0,0,alto
1,10000.0,0,0.0,1,2,1,0,0,0,1,0,0,1,0,0,0,medio_alto
5,10000.0,17,0.8235294117647058,6,2,1,0,0,0,1,0,0,1,0,0,0,medio_baixo
2,10000.0,2,0.5,5,4,1,0,0,0,0,1,1,1,0,0,1,medio_alto
1,10000.0,0,0.0,17,3,1,0,0,0,1,0,0,1,0,0,1,medio_baixo
3,0.0,0,0.0,103,8,1,0,0,0,1,1,1,1,1,1,1,alto
4,10000.0,2,1.0,3,3,1,0,0,0,1,1,1,0,0,0,0,medio_alto
4,10000.0,25,0.8,1,2,1,0,0,0,0,0,0,0,0,1,1,alto
3,0.0,0,0.0,0,0,1,0,0,0,0,0,0,0,0,0,0,gratuito
4,10000.0,8,1.0,4,2,1,0,0,0,0,0,1,1,0,0,0,medio_baixo
7,10000.0,60,0.8166666666666667,2,3,1,1,0,0,1,0,1,0,1,0,0,gratuito
1,0.0,0,0.0,1,4,1,0,0,0,1,1,0,1,0,0,0,gratuito
9,35000.0,19,0.7894736842105263,1,1,1,0,0,0,0,0,0,0,0,1,0,alto
3,150000.0,642,0.735202492211838,9,4,1,0,0,0,1,0,1,1,0,0,1,medio_baixo
8,10000.0,1,1.0,1,4,1,0,0,0,1,1,0,1,0,1,0,baixo
9,10000.0,66,0.9242424242424242,6,3,1,0,0,0,0,1,0,0,0,0,1,baixo
7,10000.0,9,0.7777777777777778,1,3,1,1,0,0,1,1,0,1,0,0,0,gratuito
2,10000.0,3,1.0,5,2,1,1,1,0,1,1,0,0,0,0,0,medio_baixo
4,10000.0,22,0.7727272727272727,1,4,1,0,0,1,1,1,1,0,0,0,0,gratuito
6,10000.0,32,0.9375,1,3,1,0,0,0,1,0,0,1,0,0,1,alto
8,10000.0,5,1.0,1,3,1,0,0,0,1,0,0,1,0,1,0,medio_baixo
10,10000.0,70,0.9,2,2,1,0,0,0,1,1,0,0,0,0,0,gratuito
2,10000.0,13,0.9230769230769231,1,2,1,0,0,0,1,0,0,1,0,0,0,medio_alto
2,10000.0,25,0.84,1,1,1,0,0,0,0,0,1,0,0,0,0,baixo
12,75000.0,217,0.8571428571428571,1,2,1,0,0,0,0,0,1,0,0,0,1,baixo
5,150000.0,687,0.5152838427947598,6,2,1,0,0,5,0,1,1,0,0,0,0,alto
5,10000.0,2,1.0,29,4,1,0,0,0,1,1,1,1,0,0,0,medio_baixo
7,10000.0,9,0.8888888888888888,2,2,1,0,0,0,1,0,0,1,0,0,0,medio_alto
1,0.0,0,0.0,0,0,1,0,0,0,0,0,0,0,0,0,0,gratuito
10,10000.0,44,0.7727272727272727,6,1,1,0,0,0,0,1,0,0,0,0,0,alto
9,10000.0,1,1.0,3,4,1,0,0,0,1,0,0,1,0,0,1,medio_alto
1,10000.0,0,0.0,9,5,1,0,0,0,0,1,1,1,0,0,1,medio_baixo
7,10000.0,36,0.8333333333333334,4,3,1,1,1,1,1,0,0,0,1,1,0,alto
11,150000.0,195,0.7230769230769231,2,7,1,0,0,0,0,1,1,1,1,1,1,medio_alto
3,0.0,0,0.0,103,1,1,0,0,0,0,0,0,1,0,0,0,baixo
3,0.0,0,0.0,1,3,1,0,0,0,1,0,1,0,0,0,0,gratuito
5,10000.0,29,0.6896551724137931,29,4,1,0,0,0,1,1,1,1,0,0,0,baixo
1,10000.0,3,1.0,5,3,1,0,0,0,1,0,0,1,0,1,0,medio_baixo
1,0.0,0,0.0,1,3,1,1,0,0,1,0,0,0,0,1,1,medio_alto
6,10000.0,0,0.0,1,6,1,0,0,2,1,0,1,1,1,0,1,gratuito
12,3500000.0,40826,0.867461911526968,6,1,1,0,0,0,0,1,0,0,0,0,0,medio_baixo
4,10000.0,22,0.5454545454545454,2,4,1,0,0,0,1,0,1,1,0,0,0,alto
4,0.0,0,0.0,0,0,1,0,0,0,0,0,0,0,0,0,0,gratuito
4,10000.0,43,0.37209302325581395,2,3,1,0,0,0,1,0,1,1,0,0,0,alto
1,10000.0,37,0.972972972972973,7,2,1,0,0,0,1,0,1,0,0,0,0,medio_baixo
2,75000.0,212,0.6367924528301887,2,3,1,0,0,0,1,1,0,0,0,0,0,gratuito
1,0.0,0,0.0,1,4,1,1,0,0,1,1,0,1,0,0,1,medio_alto
4,0.0,0,0.0,0,0,1,0,0,0,0,0,0,0,0,0,0,gratuito
7,10000.0,6,1.0,1,3,1,0,0,0,1,1,0,1,0,0,0,baixo
1,0.0,0,0.0,7,3,1,0,0,0,1,0,1,0,0,0,0,gratuito
3,150000.0,2632,0.8799392097264438,10,2,1,0,0,0,1,0,0,0,0,0,1,medio_baixo
6,10000.0,26,0.6538461538461539,1,5,1,0,0,1,1,1,1,0,0,1,0,gratuito
4,350000.0,2059,0.8474987858183585,10,2,1,0,0,1,1,1,0,0,0,0,0,medio_alto
4,10000.0,89,0.6966292134831461,1,4,1,0,1,0,1,0,0,0,0,1,1,alto
2,10000.0,131,0.916030534351145,30,3,1,0,0,0,1,0,0,1,0,0,1,baixo
2,10000.0,0,0.0,1,5,1,0,0,0,1,0,0,1,0,1,0,alto
3,10000.0,8,0.625,1,3,1,0,0,0,0,1,1,0,0,0,0,medio_alto
2,10000.0,317,0.8201892744479495,1,5,1,0,0,0,1,1,1,1,0,1,0,medio_alto
9,35000.0,68,0.8823529411764706,1,3,1,0,0,0,1,0,1,1,0,0,0,medio_alto
4,35000.0,39,0.48717948717948717,1,3,1,0,0,0,1,1,1,0,0,0,0,baixo
4,0.0,0,0.0,0,0,1,0,0,0,0,0,0,0,0,0,0,gratuito
2,35000.0,97,0.7835051546391752,15,4,1,1,1,0,1,0,0,1,0,1,1,medio_alto
10,10000.0,4,0.5,1,3,1,1,1,0,1,1,0,1,0,0,0,medio_alto
5,10000.0,0,0.0,29,3,1,0,0,0,1,0,0,1,0,0,1,baixo
12,10000.0,62,0.3709677419354839,9,3,1,0,0,0,0,0,0,0,0,1,1,alto
3,35000.0,11,0.9090909090909091,1,4,1,0,0,0,1,1,1,0,0,0,0,gratuito
5,10000.0,15,0.8,3,4,1,0,0,0,1,0,1,0,1,0,0,medio_alto
1,10000.0,0,0.0,1,3,1,0,0,0,1,0,1,1,0,0,0,medio_alto
8,1500000.0,23469,0.9727725936341557,16,2,1,1,1,3,1,1,0,0,0,0,0,medio_alto
2,0.0,0,0.0,1,5,1,0,0,0,1,1,1,0,1,0,0,gratuito
2,10000.0,0,0.0,1,5,1,0,0,0,1,0,1,1,1,0,1,baixo
8,10000.0,5,0.6,1,2,1,0,0,0,0,0,1,1,0,0,0,medio_alto
10,75000.0,391,0.8516624040920716,5,1,1,0,0,3,0,0,0,0,0,0,1,medio_alto
1,0.0,0,0.0,1,2,1,0,0,0,0,0,0,0,0,0,1,gratuito
10,35000.0,84,0.8928571428571429,5,2,1,1,1,0,1,0,1,0,0,0,0,gratuito
2,10000.0,24,0.875,3,1,1,0,0,0,1,0,0,0,0,0,0,medio_alto
4,10000.0,31,0.967741935483871,1,3,1,1,1,0,1,1,0,1,0,0,0,medio_baixo
6,10000.0,0,0.0,1,2,1,0,0,0,1,0,0,0,0,0,1,baixo
11,350000.0,12647,0.7237289475765003,5,5,1,0,0,25,0,1,0,1,0,0,0,gratuito
7,10000.0,226,0.9336283185840708,13,4,1,1,1,0,1,1,1,0,1,0,0,alto
2,10000.0,9,0.7777777777777778,1,4,1,0,0,0,1,1,1,1,0,0,0,medio_baixo
4,0.0,0,0.0,1,5,1,0,0,0,1,1,0,1,0,0,0,gratuito
9,10000.0,5,0.6,2,4,1,0,0,0,0,1,1,1,0,1,0,baixo
1,75000.0,1,1.0,1,2,1,0,0,0,1,0,0,1,0,0,0,medio_baixo
7,10000.0,0,0.0,1,2,1,0,0,0,1,0,1,0,0,0,0,baixo
9,750000.0,3353,0.8520727706531465,7,4,1,0,0,1,1,1,0,0,0,1,0,medio_baixo
1,10000.0,0,0.0,29,3,1,1,0,0,1,0,0,1,0,1,0,baixo
6,350000.0,1231,0.8870836718115354,29,4,1,1,0,1,0,0,1,1,1,1,0,baixo
1,10000.0,0,0.0,1,3,1,1,0,0,1,0,0,0,0,1,1,medio_alto
3,0.0,0,0.0,1,2,1,0,0,0,1,0,1,0,0,0,0,gratuito
1,0.0,0,0.0,1,4,1,0,0,0,1,1,0,0,1,0,0,gratuito
1,0.0,0,0.0,0,0,1,0,0,0,0,0,0,0,0,0,0,gratuito
17,3500000.0,53287,0.9457466173738436,1,1,1,0,0,0,0,1,0,0,0,0,0,medio_alto
2,0.0,0,0.0,0,0,1,0,0,0,0,0,0,0,0,0,0,gratuito
9,10000.0,2,1.0,1,2,1,0,0,0,0,0,1,1,0,0,0,medio_alto
1,0.0,0,0.0,2,2,1,0,0,0,1,0,0,1,0,0,0,alto
2,0.0,0,0.0,2,3,1,0,0,0,1,1,0,0,0,0,0,gratuito
5,10000.0,15,0.8,29,3,1,0,0,0,0,1,1,1,0,0,0,medio_baixo
2,10000.0,1,1.0,1,2,1,0,0,0,0,1,1,0,0,0,0,medio_baixo
6,10000.0,58,0.9482758620689655,2,2,1,0,0,0,1,0,0,1,0,0,0,baixo
5,10000.0,1,1.0,1,3,1,0,0,0,0,1,0,1,0,1,0,baixo
6,10000.0,12,0.9166666666666666,1,1,1,0,0,0,0,0,0,1,0,0,0,gratuito
7,10000.0,7,0.42857142857142855,1,4,1,1,1,0,1,1,0,1,0,1,0,medio_baixo
12,35000.0,165,0.7151515151515152,8,1,1,0,0,0,0,0,0,1,0,0,0,baixo
1,10000.0,14,0.6428571428571429,1,3,1,0,0,0,1,0,0,1,0,1,0,alto
1,10000.0,10,1.0,10,3,1,0,0,6,1,0,0,1,0,0,1,alto
1,0.0,0,0.0,10,2,1,0,0,0,1,0,0,1,0,0,0,medio_baixo
1,10000.0,0,0.0,6,2,1,0,0,0,0,1,1,0,0,0,0,alto
4,0.0,0,0.0,17,1,1,0,0,0,0,1,0,0,0,0,0,gratuito
3,0.0,0,0.0,0,0,1,0,0,0,0,0,0,0,0,0,0,gratuito
2,35000.0,116,1.0,1,2,1,1,1,0,1,0,0,0,0,0,1,medio_alto
2,150000.0,467,0.9400428265524625,8,2,1,0,0,0,0,0,0,0,1,1,0,medio_baixo
1,0.0,0,0.0,1,2,1,0,0,0,1,0,0,0,0,0,1,baixo
1,10000.0,0,0.0,1,3,1,0,0,0,1,0,1,1,0,0,0,medio_baixo
11,10000.0,39,0.5897435897435898,5,1,1,1,0,0,0,0,1,0,0,0,0,medio_alto
1,10000.0,0,0.0,1,2,1,0,0,0,1,0,0,0,0,1,0,medio_baixo
11,10000.0,85,0.8352941176470589,5,2,1,0,0,0,0,1,0,0,0,0,0,medio_baixo
6,35000.0,114,0.8947368421052632,1,2,1,0,0,0,1,0,1,0,0,0,0,medio_alto
2,75000.0,253,0.5770750988142292,12,5,1,0,0,3,1,1,1,0,1,0,0,alto
2,0.0,0,0.0,103,3,1,0,0,0,1,0,0,1,0,1,0,baixo
2,10000.0,1,1.0,1,3,1,0,0,0,1,0,0,0,1,1,0,medio_alto
1,0.0,0,0.0,1,5,1,0,0,0,0,0,0,1,1,1,0,gratuito
5,35000.0,5,0.6,1,1,1,0,0,0,0,0,0,0,0,1,0,medio_baixo
4,35000.0,18,1.0,1,3,1,0,0,0,1,1,0,1,0,0,0,medio_alto
1,10000.0,0,0.0,1,2,1,0,0,0,1,0,0,1,0,0,0,baixo
1,0.0,0,0.0,2,5,1,0,0,0,1,1,1,1,1,0,0,medio_baixo
4,75000.0,12,0.6666666666666666,2,5,1,0,0,0,0,1,1,0,0,0,1,alto
3,10000.0,1,1.0,1,3,1,0,0,0,0,1,0,0,1,0,0,baixo
7,35000.0,21,0.7619047619047619,1,2,1,0,0,0,0,0,1,0,0,1,0,baixo
1,10000.0,22,1.0,2,3,1,0,0,0,1,1,1,0,0,0,0,baixo
2,10000.0,48,0.875,2,2,1,0,0,0,1,0,1,0,0,0,0,medio_baixo
2,10000.0,43,0.4418604651162791,11,4,1,0,0,0,1,1,1,0,1,0,0,alto
5,10000.0,0,0.0,1,3,1,0,0,0,1,1,0,0,0,0,0,medio_alto
4,10000.0,265,0.7811320754716982,10,1,1,0,0,0,0,0,0,0,0,0,0,baixo
1,10000.0,1,1.0,2,1,1,0,0,0,0,0,0,0,0,1,0,medio_baixo
4,10000.0,18,0.9444444444444444,1,3,1,1,1,0,1,0,0,1,0,0,1,medio_baixo
1,0.0,0,0.0,0,0,1,0,0,0,0,0,0,0,0,0,0,gratuito
9,10000.0,44,0.20454545454545456,1,1,1,1,0,0,0,0,0,1,0,0,0,medio_alto
11,75000.0,222,0.581081081081081,1,2,1,0,0,0,1,0,0,1,0,0,0,baixo
7,10000.0,0,0.0,1,3,1,0,0,0,1,1,0,1,0,0,0,alto
11,75000.0,1863,0.9269994632313473,1,2,1,0,1,0,0,1,0,1,0,0,0,medio_baixo
7,10000.0,0,0.0,3,3,1,0,0,0,1,1,0,0,0,1,0,medio_baixo
4,35000.0,118,0.8559322033898306,11,4,1,0,0,0,1,1,1,1,0,0,0,alto
3,10000.0,0,0.0,1,1,1,0,0,0,0,1,0,0,0,0,0,medio_alto
5,10000.0,37,0.918918918918919,1,3,1,1,0,0,1,1,0,0,0,0,0,alto
1,0.0,0,0.0,103,2,1,0,0,1,1,0,0,1,0,0,0,medio_baixo
7,10000.0,0,0.0,1,1,1,0,0,0,0,0,0,0,0,0,1,alto
3,75000.0,851,0.7755581668625147,16,2,1,1,0,1,1,1,0,0,0,0,0,alto
2,35000.0,97,0.6185567010309279,2,3,1,0,0,0,1,0,0,0,1,0,1,medio_baixo
4,10000.0,40,0.95,2,4,1,0,0,0,1,0,1,0,1,1,0,alto
8,10000.0,67,0.44776119402985076,1,4,1,0,0,1,1,1,0,1,0,0,1,medio_baixo
2,0.0,0,0.0,2,3,1,0,0,0,1,0,0,1,0,0,0,gratuito
1,10000.0,0,0.0,2,2,1,0,0,0,1,0,0,0,0,1,0,medio_alto
8,10000.0,506,0.9387351778656127,5,4,1,0,0,0,1,1,1,0,0,0,1,medio_baixo
8,10000.0,46,0.5869565217391305,1,1,1,1,0,0,0,0,0,0,0,0,1,baixo
8,75000.0,51,0.8431372549019608,1,2,1,0,0,0,1,0,0,0,1,0,0,baixo
9,10000.0,11,0.6363636363636364,4,2,1,0,0,0,1,0,0,1,0,0,0,baixo
3,10000.0,42,0.8095238095238095,4,1,1,0,0,0,0,0,1,0,0,0,0,alto
3,10000.0,39,0.6666666666666666,8,4,1,0,0,0,1,1,0,1,1,0,0,medio_baixo
4,10000.0,13,0.9230769230769231,1,3,1,0,0,0,0,1,0,1,0,0,0,gratuito
2,10000.0,2,1.0,1,3,1,0,0,0,1,1,1,0,0,0,0,medio_baixo
1,10000.0,0,0.0,2,2,1,0,0,0,1,0,0,1,0,0,0,medio_alto
3,0.0,0,0.0,1,3,1,0,1,0,1,0,0,0,1,1,0,gratuito
10,75000.0,132,0.7045454545454546,1,4,1,0,0,0,1,1,1,0,0,1,0,baixo
2,10000.0,5,0.6,20,3,1,0,0,0,1,0,0,1,0,0,0,alto
1,0.0,0,0.0,1,2,1,0,0,0,1,0,0,1,0,0,0,medio_alto
1,0.0,0,0.0,0,0,1,0,0,0,0,0,0,0,0,0,0,gratuito
2,0.0,0,0.0,0,0,1,0,0,0,0,0,0,0,0,0,0,gratuito
2,10000.0,27,0.9629629629629629,21,2,1,0,0,0,0,1,1,0,0,0,0,alto
4,10000.0,11,0.7272727272727273,1,2,1,0,0,0,0,0,0,0,0,1,0,gratuito
5,10000.0,3,0.3333333333333333,1,2,1,0,0,0,0,1,0,1,0,0,0,medio_baixo
8,10000.0,19,0.2631578947368421,1,3,1,0,0,0,1,1,0,0,0,0,1,medio_baixo
9,150000.0,879,0.8600682593856656,3,3,1,0,0,0,1,1,0,0,0,1,0,medio_baixo
2,10000.0,1,0.0,20,5,1,0,0,0,1,0,1,1,1,1,0,medio_alto
2,10000.0,1,1.0,1,3,1,0,0,0,0,1,0,1,0,0,0,medio_alto
3,10000.0,60,0.9166666666666666,5,2,1,0,1,0,0,1,0,1,0,0,0,medio_baixo
11,10000.0,438,0.9726027397260274,10,1,1,0,0,0,1,0,0,0,0,0,0,medio_alto
5,10000.0,45,0.7333333333333333,3,4,1,0,0,0,1,1,1,0,1,0,0,baixo
2,10000.0,33,1.0,5,3,1,0,0,0,1,0,1,1,0,0,0,medio_baixo
3,10000.0,47,0.723404255319149,9,2,1,1,1,0,1,1,0,0,0,0,0,medio_alto
5,10000.0,5,0.6,1,3,1,0,0,0,1,0,0,1,0,1,0,alto
2,10000.0,83,0.43373493975903615,5,3,1,0,0,0,0,0,1,0,0,0,1,alto
1,0.0,0,0.0,1,3,1,0,0,0,0,0,1,1,0,0,0,gratuito
5,75000.0,749,0.5660881174899867,1,6,1,0,0,0,1,1,1,1,1,0,1,alto
5,0.0,0,0.0,0,0,1,0,0,0,0,0,0,0,0,0,0,gratuito
1,0.0,0,0.0,1,2,1,0,0,0,0,0,0,0,0,1,0,baixo
1,0.0,0,0.0,3,2,1,0,0,0,1,0,0,0,0,1,0,medio_baixo
9,10000.0,21,0.47619047619047616,1,2,1,1,1,0,1,1,0,0,0,0,0,medio_baixo
14,750000.0,6285,0.9505171042163882,10,3,1,1,0,1,1,0,1,1,0,0,0,medio_alto
4,10000.0,8,0.875,1,4,1,0,0,0,1,0,1,1,0,0,0,alto
7,10000.0,76,0.4868421052631579,5,2,1,1,0,0,0,1,0,0,0,0,0,medio_baixo
1,10000.0,57,0.7192982456140351,2,5,1,0,0,0,1,0,1,1,0,1,1,medio_alto
5,35000.0,5,1.0,2,5,1,0,0,2,1,1,0,1,0,1,1,medio_alto
7,0.0,0,0.0,4,4,1,0,0,0,1,0,1,1,0,1,0,baixo
6,10000.0,8,0.875,1,1,1,0,0,0,0,0,0,0,1,0,0,medio_baixo
1,10000.0,0,0.0,1,5,1,0,0,0,1,0,1,1,0,0,1,medio_alto
8,750000.0,925,0.7783783783783784,2,1,1,0,0,0,0,0,0,0,0,0,1,gratuito
6,10000.0,33,0.9696969696969697,4,4,1,0,0,0,1,1,1,0,1,0,0,gratuito
1,0.0,0,0.0,1,3,1,1,0,0,1,0,0,0,0,0,0,gratuito
4,10000.0,6,0.3333333333333333,4,1,1,0,0,0,0,0,0,1,0,0,0,alto
3,35000.0,508,0.9015748031496063,2,8,1,0,0,0,1,1,1,1,1,0,1,alto
2,10000.0,103,0.8932038834951457,1,3,1,0,0,0,1,0,0,1,0,0,0,baixo
8,75000.0,256,0.78515625,1,3,1,0,0,0,1,1,0,1,0,0,0,baixo
5,10000.0,5,1.0,2,3,1,0,0,0,1,1,1,0,0,0,0,medio_baixo
2,10000.0,1,1.0,5,3,1,0,0,0,1,1,0,0,0,1,0,medio_baixo
9,10000.0,83,0.5301204819277109,1,4,1,0,0,0,1,0,0,0,0,0,1,medio_alto
3,10000.0,4,1.0,4,3,1,0,0,0,1,0,0,0,0,1,0,medio_baixo
1,0.0,0,0.0,1,3,1,0,0,0,1,0,0,0,1,0,0,gratuito
3,0.0,0,0.0,0,0,1,0,0,0,0,0,0,0,0,0,0,gratuito
3,0.0,0,0.0,18,5,1,0,0,0,1,1,1,0,1,0,0,gratuito
1,10000.0,5,1.0,7,3,1,1,1,1,1,0,0,1,0,1,0,medio_baixo
3,10000.0,3,0.3333333333333333,1,3,1,0,0,0,1,1,0,0,0,0,0,medio_alto
4,10000.0,77,0.5324675324675324,1,5,1,0,0,0,1,0,1,1,1,0,1,medio_alto
4,75000.0,321,0.8660436137071651,2,1,1,0,0,0,0,0,0,0,1,0,0,alto
4,75000.0,750,0.7506666666666667,11,3,1,0,0,1,1,1,1,0,0,0,0,medio_baixo
3,0.0,0,0.0,1,3,1,1,1,0,1,0,0,1,1,0,0,gratuito
5,10000.0,10,0.5,1,3,1,0,0,0,1,0,0,1,0,0,0,medio_alto
1,0.0,0,0.0,8,3,1,0,0,0,1,0,0,1,0,0,1,alto
1,10000.0,0,0.0,14,3,1,0,0,0,1,0,0,1,0,1,0,medio_baixo
5,10000.0,5,1.0,1,4,1,0,0,0,1,1,1,1,0,0,0,alto
1,0.0,0,0.0,0,0,1,0,0,0,0,0,0,0,0,0,0,gratuito
2,10000.0,180,0.9833333333333333,2,3,1,0,0,0,1,0,1,0,0,0,0,gratuito
5,35000.0,37,0.6756756756756757,1,3,1,0,0,0,1,0,0,0,0,1,1,gratuito
11,35000.0,8,0.875,27,1,1,0,0,0,0,0,0,1,0,0,0,medio_baixo
2,0.0,0,0.0,0,0,1,0,0,0,0,0,0,0,0,0,0,gratuito
5,150000.0,5623,0.9263738218033079,12,3,1,1,0,0,1,0,1,1,0,0,0,baixo
10,10000.0,27,0.5925925925925926,1,3,1,0,0,0,1,1,0,0,0,0,0,gratuito
2,10000.0,1,1.0,1,3,1,0,0,0,1,0,0,0,0,1,0,medio_alto
1,10000.0,0,0.0,5,1,1,0,0,0,0,0,0,1,0,0,0,medio_alto
4,10000.0,0,0.0,4,3,1,0,0,1,1,0,1,1,0,0,0,alto
16,750000.0,9108,0.818620992534036,8,2,1,1,0,0,0,0,0,0,0,1,1,medio_alto
1,0.0,0,0.0,0,0,1,0,0,0,0,0,0,0,0,0,0,gratuito
2,10000.0,0,0.0,1,2,1,0,0,0,1,0,1,0,0,0,0,medio_alto
8,10000.0,22,0.6818181818181818,1,3,1,0,0,0,0,0,1,1,0,0,0,gratuito
3,150000.0,4497,0.3722481654436291,14,2,1,0,0,1,0,1,1,0,0,0,0,alto
1,10000.0,0,0.0,1,2,1,0,0,0,0,1,1,0,0,0,0,medio_baixo
2,10000.0,7,1.0,1,4,1,1,0,0,1,1,0,0,1,0,0,medio_alto
7,10000.0,26,0.6923076923076923,1,2,1,1,1,0,1,1,0,0,0,0,0,baixo
2,10000.0,2,1.0,1,3,1,0,0,0,0,1,0,1,0,0,0,medio_alto
4,10000.0,43,0.5348837209302325,7,2,1,0,0,0,0,1,1,0,0,0,0,alto
4,0.0,0,0.0,1,4,1,0,0,0,1,0,0,1,0,0,0,gratuito
1,0.0,0,0.0,1,5,1,0,0,0,1,1,1,1,1,0,0,baixo
3,350000.0,13387,0.9800552775080302,9,3,1,0,0,2,1,1,1,0,0,0,0,alto
3,10000.0,1,0.0,1,4,1,0,0,0,1,1,1,0,0,0,1,baixo
3,10000.0,1,0.0,1,4,1,0,0,0,1,1,1,0,1,0,0,medio_baixo
8,10000.0,3,1.0,2,3,1,0,0,1,1,1,1,0,0,0,0,alto
1,10000.0,3,0.6666666666666666,1,2,1,0,0,0,1,0,1,0,0,0,0,baixo
2,10000.0,75,0.7333333333333333,1,2,1,0,0,0,1,0,1,0,0,0,0,baixo
6,35000.0,120,0.6583333333333333,1,5,1,0,0,0,1,1,1,1,0,0,0,gratuito
5,10000.0,154,0.987012987012987,8,2,1,0,0,0,1,0,0,1,0,0,0,baixo
4,35000.0,82,0.8902439024390244,1,1,1,0,0,1,1,0,0,0,0,0,0,medio_alto
5,10000.0,5,0.4,2,2,1,0,0,0,1,0,0,1,0,0,0,baixo
10,10000.0,350,0.94,5,5,1,0,0,0,1,1,0,1,0,1,1,alto
1,10000.0,99,0.9292929292929293,1,1,1,0,0,0,0,1,0,0,0,0,0,medio_baixo
1,0.0,0,0.0,5,2,1,0,0,0,1,0,0,1,0,0,0,baixo
1,10000.0,0,0.0,2,2,1,0,0,0,1,0,0,1,0,0,0,baixo
5,10000.0,56,0.8571428571428571,4,3,1,0,0,0,1,0,0,0,1,1,0,medio_alto
1,10000.0,0,0.0,1,1,1,0,0,0,1,0,0,0,0,0,0,medio_baixo
1,10000.0,0,0.0,1,4,1,0,0,0,1,0,0,1,0,0,1,medio_alto
3,10000.0,5,0.8,4,3,1,0,0,0,1,0,1,0,0,0,1,medio_alto
2,0.0,0,0.0,0,0,1,0,0,0,0,0,0,0,0,0,0,gratuito
1,0.0,0,0.0,103,2,1,0,0,0,1,0,0,1,0,0,0,medio_baixo
7,10000.0,9,1.0,1,3,1,0,0,0,1,1,1,0,0,0,0,medio_alto
8,10000.0,15,1.0,2,2,1,1,1,0,0,0,0,0,1,1,0,alto
1,10000.0,0,0.0,4,3,1,0,0,0,1,0,0,1,1,0,0,alto
3,10000.0,0,0.0,1,2,1,0,1,0,0,0,0,1,0,0,0,alto
1,10000.0,24,0.75,1,3,1,0,0,0,1,0,0,0,0,0,1,medio_alto
6,10000.0,3,0.3333333333333333,3,3,1,0,0,0,1,1,1,0,0,0,0,alto
2,10000.0,5,1.0,1,4,1,0,0,0,1,1,0,0,1,1,0,baixo
8,35000.0,64,0.53125,1,2,1,0,0,0,1,0,0,1,0,0,0,medio_baixo
2,10000.0,22,0.4090909090909091,2,5,1,1,0,5,1,0,0,1,0,0,1,gratuito
2,10000.0,0,0.0,1,1,1,0,0,0,1,0,0,0,0,0,0,baixo
1,10000.0,66,0.8636363636363636,1,2,1,0,0,0,1,0,1,0,0,0,0,medio_alto
7,10000.0,22,0.7727272727272727,5,4,1,0,0,0,1,1,1,1,0,0,0,medio_baixo
3,10000.0,1,1.0,1,3,1,0,0,0,1,1,1,0,0,0,0,alto
8,10000.0,166,0.8192771084337349,1,3,1,1,1,0,1,0,0,1,0,1,0,alto
6,10000.0,18,0.9444444444444444,8,3,1,1,1,0,1,0,1,1,0,0,0,medio_baixo
11,10000.0,241,0.8174273858921162,1,3,1,0,1,1,1,0,1,0,0,0,0,gratuito
2,10000.0,0,0.0,30,2,1,0,0,0,1,0,0,1,0,0,0,medio_baixo
1,10000.0,0,0.0,1,3,1,1,0,0,1,0,0,1,0,1,0,medio_baixo
6,10000.0,444,0.9481981981981982,1,3,1,0,0,0,0,0,1,0,1,1,0,medio_baixo
2,10000.0,0,0.0,11,2,1,0,0,0,1,0,0,0,0,0,1,baixo
4,10000.0,0,0.0,28,3,1,0,0,0,1,1,0,0,1,0,0,baixo
10,10000.0,15,0.6666666666666666,1,7,1,1,0,1,1,1,1,0,1,1,1,alto
1,10000.0,8,1.0,1,3,1,0,0,0,1,0,0,0,0,1,1,baixo
1,10000.0,0,0.0,1,5,1,0,0,0,1,1,1,1,0,1,0,baixo
4,10000.0,81,0.7037037037037037,5,2,1,0,0,0,0,0,0,0,0,0,0,alto
1,10000.0,63,0.9365079365079365,1,2,1,1,0,0,1,0,0,1,0,0,0,baixo
11,10000.0,14,0.5,4,4,1,1,0,0,1,0,1,1,0,0,1,medio_alto
7,10000.0,32,0.71875,3,2,1,0,0,0,0,0,0,0,0,1,1,alto
4,75000.0,414,0.9468599033816425,10,3,1,1,1,1,1,1,1,0,0,0,0,baixo
4,10000.0,5,1.0,1,3,1,0,0,1,0,0,1,0,1,0,0,alto
2,10000.0,9,0.6666666666666666,2,4,1,0,0,0,0,0,0,1,1,1,1,alto
5,10000.0,0,0.0,1,3,1,1,0,0,1,0,1,0,1,0,0,baixo
4,10000.0,151,0.9602649006622517,1,2,1,1,1,0,1,0,0,0,0,0,1,medio_baixo
5,10000.0,21,0.9523809523809523,2,4,1,0,0,0,1,1,0,1,0,0,0,medio_baixo
3,0.0,0,0.0,0,0,1,0,0,0,0,0,0,0,0,0,0,gratuito
6,10000.0,245,0.7428571428571429,6,3,1,0,0,0,1,0,1,1,0,0,0,medio_alto
2,0.0,0,0.0,0,0,1,0,0,0,0,0,0,0,0,0,0,gratuito
5,10000.0,29,0.9310344827586207,2,3,1,0,0,1,1,0,1,0,0,1,0,medio_baixo
3,10000.0,0,0.0,1,2,1,0,0,0,0,1,0,0,0,0,0,medio_alto
5,10000.0,0,0.0,2,3,1,0,0,0,0,0,1,1,0,0,1,alto
7,10000.0,246,0.7601626016260162,1,3,1,0,0,0,1,1,0,1,0,0,0,baixo
8,10000.0,35,0.8,1,2,1,1,1,0,1,0,0,1,0,0,0,baixo
8,10000.0,4,0.75,1,5,1,0,0,0,1,1,1,0,0,1,0,gratuito
7,10000.0,18,0.8333333333333334,1,3,1,0,0,0,1,0,1,1,0,0,0,medio_alto
2,10000.0,0,0.0,5,5,1,1,1,2,1,0,1,1,1,0,0,alto
2,10000.0,4,0.75,1,2,1,0,0,0,1,0,0,1,0,0,0,baixo
3,10000.0,60,0.95,1,3,1,0,0,0,1,0,1,0,0,0,0,gratuito
2,10000.0,0,0.0,3,3,1,0,0,0,1,0,0,1,1,0,0,alto
4,0.0,0,0.0,1,2,1,0,1,0,1,0,1,0,0,0,0,gratuito
7,10000.0,1,1.0,1,4,1,0,0,0,1,0,1,1,0,0,1,medio_baixo
3,35000.0,314,0.7738853503184714,3,2,1,0,0,0,1,0,0,0,1,0,0,alto
1,10000.0,0,0.0,1,2,1,0,0,0,1,0,0,1,0,0,0,baixo
1,10000.0,3,0.0,30,4,1,0,0,0,1,0,1,1,0,0,1,medio_baixo
6,35000.0,206,0.8106796116504854,25,3,1,0,0,0,1,0,1,0,0,1,0,medio_baixo
10,10000.0,17,0.7058823529411765,2,5,1,0,0,0,1,0,1,1,0,0,0,medio_baixo
10,150000.0,1401,0.9257673090649536,10,3,1,0,0,0,1,1,1,0,0,0,0,medio_baixo
3,150000.0,1930,0.9233160621761658,2,4,1,0,0,0,1,1,1,0,1,0,0,medio_alto
5,10000.0,4,1.0,1,1,1,0,0,0,0,0,1,0,0,0,0,baixo
1,0.0,0,0.0,0,0,1,0,0,0,0,0,0,0,0,0,0,gratuito
3,150000.0,5,0.8,1,3,1,0,1,0,1,1,0,1,0,0,0,baixo
2,10000.0,29,0.4482758620689655,1,4,1,0,0,0,0,1,1,0,0,0,0,gratuito
3,10000.0,45,0.8888888888888888,1,2,1,0,0,0,1,1,0,0,0,0,0,medio_alto
2,10000.0,0,0.0,11,2,1,0,0,0,1,0,0,1,0,0,0,baixo
6,10000.0,179,0.9497206703910615,1,4,1,0,0,1,1,1,1,1,0,0,0,medio_baixo
9,35000.0,116,0.7758620689655172,1,4,1,0,0,0,1,1,0,1,0,0,0,gratuito
7,35000.0,365,0.6684931506849315,2,3,1,0,0,2,1,0,1,0,1,0,0,alto
5,10000.0,10,1.0,1,1,1,0,0,0,1,0,0,0,0,0,0,medio_baixo
1,10000.0,3,0.3333333333333333,12,3,1,0,0,0,1,0,0,1,0,1,0,medio_baixo
3,10000.0,91,0.7582417582417582,9,4,1,0,0,0,1,1,1,0,0,0,1,medio_baixo
4,75000.0,823,0.9246658566221142,6,3,1,0,0,0,1,0,1,1,0,0,0,baixo
2,10000.0,0,0.0,9,5,1,1,0,0,1,1,1,1,0,0,0,gratuito
9,35000.0,1166,0.9571183533447685,1,3,1,1,1,0,1,0,0,1,0,0,1,alto
5,10000.0,18,0.8888888888888888,3,3,1,0,0,0,1,0,0,1,0,1,0,baixo
2,0.0,0,0.0,7,3,1,0,0,0,1,1,0,0,0,0,0,gratuito
3,10000.0,1,1.0,2,2,1,0,0,0,1,0,0,1,0,0,0,baixo
4,10000.0,5,0.4,7,1,1,0,0,0,0,0,0,1,0,0,0,medio_baixo
10,35000.0,91,0.7472527472527473,1,1,1,0,0,0,0,0,0,0,0,0,1,medio_alto
7,10000.0,21,0.8571428571428571,2,3,1,0,0,1,1,0,1,1,0,0,0,baixo
3,10000.0,152,0.756578947368421,12,5,1,0,0,0,1,1,1,1,0,0,1,medio_baixo
1,10000.0,0,0.0,3,3,1,0,0,0,1,0,1,1,0,0,0,medio_alto
5,0.0,0,0.0,1,1,1,1,1,0,0,0,0,0,0,0,0,gratuito
8,10000.0,17,0.4117647058823529,1,2,1,1,0,0,1,1,0,0,0,0,0,medio_baixo
2,10000.0,4,0.75,2,2,1,0,0,1,1,1,0,0,0,0,0,medio_baixo
2,10000.0,148,0.7905405405405406,7,5,1,0,0,1,0,0,0,1,0,1,1,alto
2,150000.0,237,0.8227848101265823,9,2,1,0,0,0,1,0,0,0,0,1,0,medio_alto
3,0.0,0,0.0,1,2,1,0,0,0,1,0,0,1,0,0,0,gratuito
1,0.0,0,0.0,1,3,1,0,0,0,1,1,1,0,0,0,0,baixo
4,10000.0,251,0.896414342629482,1,3,1,0,0,1,1,1,0,1,0,0,0,medio_baixo
3,0.0,0,0.0,0,0,1,0,0,0,0,0,0,0,0,0,0,gratuito
3,35000.0,5,1.0,1,5,1,1,0,0,1,1,1,0,1,0,0,alto
4,0.0,0,0.0,7,7,1,1,0,2,0,0,0,0,0,0,0,gratuito
9,10000.0,39,0.7435897435897436,2,3,1,0,0,0,1,0,0,1,0,0,1,alto
10,10000.0,53,0.8490566037735849,11,1,1,0,0,0,1,0,0,0,0,0,0,baixo
1,10000.0,0,0.0,4,3,1,0,0,0,1,1,1,0,0,0,0,alto
1,0.0,0,0.0,103,2,1,1,0,0,1,0,0,0,0,1,0,medio_baixo
4,10000.0,17,1.0,1,3,1,1,0,0,1,0,0,1,0,1,0,medio_alto
3,35000.0,39,0.8717948717948718,2,2,1,1,1,0,1,0,0,1,0,0,0,medio_baixo
1,0.0,0,0.0,1,3,1,0,0,0,0,0,1,1,0,1,0,medio_baixo
3,0.0,0,0.0,19,4,1,0,0,0,0,1,1,0,1,0,1,gratuito
6,150000.0,832,0.7680288461538461,4,1,1,0,0,0,0,0,0,0,1,0,0,medio_alto
1,0.0,0,0.0,1,4,1,0,0,0,1,1,1,1,0,0,0,alto
6,10000.0,12,0.8333333333333334,1,3,1,1,0,0,1,1,0,1,0,0,0,baixo
1,35000.0,33,0.9090909090909091,1,1,1,0,0,0,0,0,1,0,0,0,0,baixo
5,10000.0,23,0.7391304347826086,2,3,1,0,1,0,1,0,0,0,0,1,1,alto
2,10000.0,34,0.9705882352941176,3,2,1,1,0,0,1,1,0,0,0,0,0,medio_alto
5,75000.0,74,0.7702702702702703,7,2,1,0,0,0,1,0,1,0,0,0,0,baixo
2,0.0,0,0.0,30,4,1,0,0,0,1,0,0,1,1,0,1,medio_baixo
1,0.0,0,0.0,1,2,1,0,0,0,0,0,0,1,0,0,1,baixo
3,10000.0,21,1.0,1,4,1,1,1,0,0,1,1,1,0,0,0,medio_baixo
8,10000.0,28,0.8928571428571429,2,2,1,0,0,0,1,0,0,0,0,0,0,gratuito
2,0.0,0,0.0,30,3,1,0,0,3,1,0,0,1,0,0,0,gratuito
5,35000.0,492,0.9308943089430894,2,1,1,0,0,2,0,0,1,0,0,0,0,medio_baixo
2,0.0,0,0.0,1,4,1,0,0,0,0,0,0,1,0,1,0,gratuito
4,10000.0,43,0.8837209302325582,29,2,1,0,0,0,1,0,0,1,0,0,0,baixo
5,10000.0,14,0.7857142857142857,1,4,1,0,0,0,1,0,0,1,0,0,0,gratuito
2,10000.0,169,0.9171597633136095,2,3,1,1,1,0,1,0,1,0,0,1,0,medio_alto
5,10000.0,23,0.6956521739130435,1,5,1,0,0,0,0,0,0,0,0,0,0,alto
3,10000.0,14,0.6428571428571429,1,3,1,0,0,0,1,0,1,1,0,0,0,alto
5,10000.0,14,0.7142857142857143,4,1,1,0,0,1,0,0,0,1,0,0,0,alto
8,10000.0,43,0.8372093023255814,3,5,1,0,0,0,1,0,1,1,0,1,1,medio_baixo
6,10000.0,0,0.0,1,1,1,0,0,0,0,0,0,1,0,0,0,alto
2,10000.0,24,1.0,1,3,1,0,0,0,1,1,1,0,0,0,0,alto
4,10000.0,19,0.42105263157894735,2,4,1,0,0,0,1,0,0,1,0,1,1,gratuito
10,10000.0,42,0.8333333333333334,1,3,1,0,0,0,0,1,1,0,0,0,0,medio_baixo
6,150000.0,369,0.7967479674796748,1,4,1,0,0,0,1,0,0,0,0,0,1,alto
6,35000.0,32,0.6875,1,4,1,0,0,1,1,0,1,1,0,0,1,alto
5,10000.0,0,0.0,1,1,1,0,0,0,0,0,0,1,0,0,0,baixo
8,10000.0,9,1.0,1,3,1,1,0,0,1,1,0,0,0,0,1,medio_baixo
4,35000.0,29,0.7241379310344828,3,5,1,0,0,0,1,0,1,1,0,0,1,baixo
8,750000.0,13212,0.8132001211020284,10,3,1,0,0,0,1,0,0,0,0,0,1,alto
4,10000.0,4,0.75,1,3,1,0,0,3,1,0,0,1,0,1,0,baixo
6,10000.0,0,0.0,2,3,1,0,0,1,1,1,1,0,0,0,0,gratuito
1,10000.0,0,0.0,1,1,1,0,0,0,0,1,0,0,0,0,0,medio_alto
2,35000.0,539,0.8571428571428571,1,3,1,0,0,1,1,1,0,1,0,0,0,alto
3,0.0,0,0.0,18,4,1,0,0,0,1,0,0,1,0,0,0,gratuito
9,35000.0,284,0.8450704225352113,1,3,1,1,0,0,0,1,0,1,0,0,0,baixo
2,10000.0,0,0.0,3,3,1,0,1,0,0,1,1,0,0,0,1,medio_baixo
6,10000.0,89,0.7640449438202247,1,2,1,0,0,0,1,0,0,0,0,0,1,baixo
5,150000.0,59,0.6610169491525424,2,3,1,0,0,0,1,0,1,1,0,0,0,medio_alto
1,10000.0,0,0.0,1,2,1,0,0,0,0,0,1,0,1,0,0,medio_baixo
5,10000.0,74,0.6756756756756757,2,3,1,0,0,0,1,0,0,0,0,0,1,medio_alto
3,35000.0,646,0.6362229102167183,9,2,1,0,0,0,1,0,0,0,0,0,1,medio_alto
3,10000.0,21,0.7619047619047619,6,4,1,1,0,0,1,0,1,0,0,1,1,medio_baixo
3,10000.0,14,1.0,1,2,1,1,0,0,1,1,0,0,0,0,0,medio_baixo
2,10000.0,6,1.0,1,2,1,0,1,1,1,1,0,0,0,0,0,medio_baixo
5,10000.0,19,1.0,1,2,1,0,0,0,1,0,0,1,0,0,0,medio_baixo
5,10000.0,0,0.0,1,2,1,0,0,0,0,0,0,0,1,0,0,alto
1,10000.0,0,0.0,1,1,1,0,0,0,0,0,0,0,1,0,0,alto
10,10000.0,8,0.875,1,1,1,0,0,0,0,0,1,0,0,0,0,medio_baixo
1,0.0,0,0.0,14,5,1,0,0,0,1,1,1,1,1,0,0,alto
1,10000.0,0,0.0,1,3,1,0,0,0,1,1,0,0,1,0,0,medio_alto
4,350000.0,4408,0.7756352087114338,13,4,1,0,0,1,1,1,1,0,0,0,0,alto
2,10000.0,0,0.0,1,4,1,0,0,0,1,1,1,0,0,1,0,medio_baixo
8,10000.0,5,1.0,1,5,1,1,0,1,1,1,0,1,0,0,1,medio_alto
1,0.0,0,0.0,0,0,1,0,0,0,0,0,0,0,0,0,0,gratuito
6,10000.0,50,0.9,1,2,1,0,1,1,1,1,0,0,0,0,0,alto
1,0.0,0,0.0,0,0,1,0,0,0,0,0,0,0,0,0,0,gratuito
2,10000.0,3,0.0,12,2,1,0,0,0,1,0,1,0,0,0,0,medio_alto
1,0.0,0,0.0,1,1,1,0,0,0,1,0,0,0,0,0,0,gratuito
3,0.0,0,0.0,0,0,1,0,0,0,0,0,0,0,0,0,0,gratuito
2,3500000.0,53138,0.9066957732695999,1,4,1,0,0,0,1,0,1,1,0,0,1,medio_alto
11,35000.0,105,0.8476190476190476,4,6,1,0,1,2,1,1,1,1,1,1,0,medio_alto
3,75000.0,2040,0.8602941176470589,2,5,1,0,0,1,1,0,1,0,1,1,0,alto
9,35000.0,408,0.821078431372549,7,3,1,1,1,0,1,0,0,0,0,1,1,alto
1,10000.0,19,0.8421052631578947,15,3,1,0,0,0,0,1,1,0,0,0,0,medio_baixo
1,0.0,0,0.0,1,2,1,0,0,1,1,1,0,0,0,0,0,alto
2,150000.0,919,0.8520130576713819,9,4,1,0,0,1,1,0,0,1,0,1,1,medio_baixo
8,10000.0,9,0.3333333333333333,1,7,1,0,0,0,1,1,1,1,1,1,0,medio_alto
8,75000.0,981,0.8053007135575942,1,3,1,1,1,1,1,0,0,1,0,0,0,gratuito
3,0.0,0,0.0,0,0,1,0,0,0,0,0,0,0,0,0,0,gratuito
1,0.0,0,0.0,2,5,1,0,0,0,1,0,0,1,0,1,1,medio_baixo
1,10000.0,7,0.42857142857142855,2,4,1,0,0,0,1,1,1,1,0,0,0,medio_baixo
4,10000.0,0,0.0,5,1,1,1,1,0,0,0,0,1,0,0,0,medio_alto
1,10000.0,100,0.97,1,3,1,0,0,1,1,0,1,1,0,0,0,medio_alto
6,10000.0,6,0.6666666666666666,1,3,1,0,0,0,1,1,1,0,0,0,0,alto
2,350000.0,16153,0.8012133968922182,12,2,1,0,0,10,0,1,1,0,0,0,0,alto
1,0.0,0,0.0,2,1,1,0,0,0,0,0,0,0,0,1,0,baixo
3,10000.0,10,0.8,1,1,1,0,0,0,0,0,1,0,0,0,0,medio_alto
9,10000.0,9,0.2222222222222222,1,1,1,0,0,0,0,0,1,0,0,0,0,medio_alto
1,0.0,0,0.0,0,0,1,0,0,0,0,0,0,0,0,0,0,gratuito
5,10000.0,0,0.0,26,1,1,0,0,0,0,0,0,0,0,0,1,medio_alto
5,0.0,0,0.0,1,1,1,1,1,0,0,0,0,1,0,0,0,gratuito
4,10000.0,19,0.8947368421052632,1,2,1,0,0,0,1,0,1,0,0,0,0,medio_baixo
9,10000.0,24,0.9583333333333334,15,3,1,1,0,0,1,0,0,1,0,0,1,baixo
10,10000.0,2,0.0,1,2,1,0,0,0,0,0,1,1,0,0,0,medio_alto
9,10000.0,9,0.6666666666666666,1,3,1,0,0,0,1,0,1,0,0,0,1,gratuito
9,3500000.0,30209,0.939256512959714,1,3,1,0,0,0,1,0,0,0,0,0,1,gratuito
8,10000.0,1,0.0,1,2,1,0,0,0,1,1,0,0,0,0,0,baixo
3,0.0,0,0.0,10,5,1,1,1,0,0,1,0,1,0,0,1,gratuito
3,35000.0,20,1.0,1,3,1,1,1,0,1,1,0,1,0,0,0,medio_baixo
6,7500000.0,67952,0.8956910760536849,3,3,1,0,0,4,0,0,0,0,1,0,0,gratuito
3,10000.0,43,0.7441860465116279,11,4,1,1,1,1,1,1,1,1,0,0,0,alto
3,10000.0,1,0.0,1,2,1,0,0,0,1,0,0,1,0,0,0,medio_alto
2,10000.0,0,0.0,1,1,1,0,0,0,0,1,0,0,0,0,0,medio_baixo
1,10000.0,0,0.0,4,2,1,0,0,1,0,0,0,0,1,1,0,alto
6,10000.0,1,0.0,2,2,1,1,1,0,1,0,0,0,0,1,0,baixo
1,0.0,0,0.0,0,0,1,0,0,0,0,0,0,0,0,0,0,gratuito
6,75000.0,464,0.9698275862068966,1,4,1,0,0,1,1,1,1,1,0,0,0,medio_alto
2,10000.0,14,0.7142857142857143,7,2,1,0,0,0,0,0,0,1,0,0,0,gratuito
3,10000.0,32,0.78125,3,3,1,1,0,0,1,1,1,0,0,0,0,baixo
8,10000.0,30,0.6666666666666666,26,4,1,1,1,0,1,1,0,1,0,0,0,gratuito
5,10000.0,204,0.946078431372549,1,4,1,1,0,0,1,0,1,1,1,0,0,medio_alto
9,350000.0,804,0.681592039800995,13,4,1,1,1,17,1,0,0,1,0,0,1,gratuito
11,35000.0,461,0.7830802603036876,1,3,1,1,1,1,1,1,1,0,0,0,0,baixo
5,350000.0,2885,0.8564991334488735,13,3,1,1,0,0,1,0,0,0,0,1,1,alto
3,35000.0,2,0.5,29,3,1,0,0,0,1,0,0,1,0,1,0,baixo
5,750000.0,7997,0.8740777791671877,11,2,1,0,0,1,0,0,1,1,0,0,0,medio_alto
2,35000.0,162,0.7716049382716049,6,3,1,1,1,0,1,0,1,1,0,0,0,baixo
1,0.0,0,0.0,0,0,1,0,0,0,0,0,0,0,0,0,0,gratuito
4,10000.0,466,0.7660944206008584,4,2,1,0,0,0,0,0,0,0,0,0,1,alto
4,10000.0,3,1.0,1,2,1,1,0,0,0,0,1,1,0,0,0,medio_baixo
8,10000.0,14,0.21428571428571427,1,5,1,0,0,0,1,0,1,1,0,0,1,baixo
1,10000.0,0,0.0,7,3,1,0,0,1,1,0,1,1,0,0,0,alto
1,0.0,0,0.0,1,3,1,1,1,0,1,0,0,1,0,0,0,gratuito
4,0.0,0,0.0,0,0,1,0,0,0,0,0,0,0,0,0,0,gratuito
3,10000.0,0,0.0,1,4,1,1,0,0,1,0,1,1,0,1,0,medio_baixo
10,10000.0,273,0.8717948717948718,1,2,1,1,1,0,1,0,0,0,0,0,1,alto
10,10000.0,40,0.725,1,2,1,0,0,0,0,0,0,1,0,0,1,baixo
2,10000.0,4,1.0,6,2,1,0,0,0,1,0,0,1,0,0,0,medio_alto
8,10000.0,12,0.6666666666666666,1,5,1,0,0,0,1,1,0,0,0,1,0,medio_baixo
5,10000.0,3,0.0,1,4,1,0,0,0,1,0,0,1,0,1,1,medio_alto
3,0.0,0,0.0,13,3,1,0,1,1,1,0,0,0,0,1,0,gratuito
7,10000.0,34,0.7647058823529411,1,3,1,1,1,5,1,0,1,1,0,0,0,gratuito
10,75000.0,144,0.7638888888888888,7,4,1,1,0,0,1,1,0,1,1,0,0,baixo
2,10000.0,0,0.0,6,3,1,0,0,0,1,0,0,1,0,0,0,gratuito
4,10000.0,0,0.0,2,2,1,0,0,0,0,0,1,1,0,0,0,baixo
6,10000.0,81,0.7160493827160493,6,3,1,1,1,0,1,0,1,1,0,0,0,baixo
2,0.0,0,0.0,3,4,1,0,0,0,1,0,1,1,1,0,0,gratuito
7,35000.0,5,1.0,1,3,1,0,0,0,1,0,0,1,1,0,0,baixo
8,10000.0,5,0.6,1,2,1,0,0,0,1,0,0,0,0,0,1,medio_baixo
6,10000.0,71,0.8028169014084507,1,2,1,1,1,2,1,1,0,0,0,0,0,baixo
3,0.0,0,0.0,1,3,1,0,0,0,1,1,1,0,0,0,0,gratuito
1,10000.0,1,1.0,1,4,1,0,0,0,1,0,0,1,0,1,1,baixo
9,35000.0,92,0.6956521739130435,1,3,1,0,0,0,1,1,0,1,0,0,0,baixo
5,150000.0,293,0.5358361774744027,4,3,1,1,1,2,1,0,0,0,0,1,1,medio_alto
2,10000.0,29,0.896551724137931,12,4,1,0,0,0,1,1,0,1,0,0,0,alto
3,10000.0,339,0.5752212389380531,7,3,1,0,0,1,1,0,0,0,0,1,1,medio_alto
1,10000.0,40,0.8,3,1,1,0,0,0,1,0,0,0,0,0,0,medio_baixo
10,10000.0,10,0.8,1,1,1,1,1,3,1,0,0,0,0,0,0,medio_alto
2,75000.0,1226,0.5473083197389886,1,5,1,0,0,0,1,0,0,1,1,1,1,alto
8,10000.0,3,0.3333333333333333,1,4,1,1,0,0,1,1,0,1,0,0,0,medio_baixo
1,0.0,0,0.0,1,3,1,0,0,0,1,0,0,1,0,0,0,gratuito
16,10000.0,13,0.8461538461538461,1,1,1,0,0,0,0,0,0,1,0,0,0,alto
2,10000.0,11,1.0,1,3,1,0,0,0,1,1,0,1,0,0,0,medio_alto
5,10000.0,47,0.7872340425531915,29,2,1,0,0,0,0,1,0,1,0,0,0,baixo
10,150000.0,192,0.46875,1,4,1,0,0,0,1,0,0,1,0,1,1,baixo
5,10000.0,60,0.85,5,1,1,0,0,2,0,0,1,0,0,0,0,alto
2,0.0,0,0.0,0,0,1,0,0,0,0,0,0,0,0,0,0,gratuito
11,10000.0,67,0.4925373134328358,1,1,1,1,0,0,0,0,1,0,0,0,0,medio_alto
3,150000.0,8,0.625,3,4,1,0,0,0,1,1,1,0,0,0,0,medio_alto
1,10000.0,0,0.0,5,4,1,0,1,0,1,1,1,0,0,0,0,gratuito
1,10000.0,0,0.0,1,3,1,0,1,0,1,0,0,1,0,0,0,medio_alto
3,10000.0,13,0.8461538461538461,6,1,1,1,1,0,0,0,0,1,0,0,0,baixo
2,35000.0,10,1.0,1,2,1,1,1,0,1,0,0,0,0,1,0,medio_alto
4,10000.0,58,0.9482758620689655,1,2,1,1,1,1,1,1,0,0,0,0,0,medio_alto
8,10000.0,4,0.5,2,2,1,0,0,0,1,1,0,0,0,0,0,medio_baixo
1,10000.0,0,0.0,2,1,1,1,0,0,0,0,0,0,0,1,0,medio_alto
2,10000.0,17,0.8823529411764706,2,2,1,1,1,0,1,0,1,0,0,0,0,baixo
3,10000.0,2,0.5,1,3,1,0,0,0,1,0,0,0,1,1,0,medio_alto
1,0.0,0,0.0,0,0,1,0,0,0,0,0,0,0,0,0,0,gratuito
5,10000.0,7,0.8571428571428571,1,3,1,0,0,0,1,0,1,0,0,0,1,alto
2,10000.0,7,1.0,2,3,1,0,0,0,1,1,1,0,0,0,0,medio_baixo
2,10000.0,0,0.0,3,2,1,0,0,1,1,0,0,1,0,0,0,alto
3,10000.0,2,1.0,7,2,1,0,0,0,1,0,0,1,0,0,0,baixo
1,10000.0,0,0.0,6,1,1,0,0,0,0,0,0,1,0,0,0,baixo
5,10000.0,14,0.8571428571428571,4,2,1,0,0,0,1,1,0,0,0,0,0,medio_alto
2,10000.0,6,1.0,11,2,1,0,0,0,1,0,0,1,0,0,0,baixo
6,10000.0,0,0.0,1,5,1,0,0,1,1,1,0,1,0,0,1,gratuito
3,35000.0,797,0.7465495608531995,8,4,1,0,0,2,1,1,1,0,1,0,0,medio_alto
8,750000.0,11026,0.9372392526754942,6,3,1,1,1,0,1,0,0,0,0,1,1,medio_alto
2,10000.0,0,0.0,1,5,1,0,0,0,1,0,0,1,1,0,1,gratuito
8,10000.0,172,0.8372093023255814,1,6,1,0,0,0,1,1,1,1,0,1,1,baixo
1,10000.0,0,0.0,1,2,1,0,0,0,1,0,0,0,0,0,1,baixo
4,10000.0,13,1.0,1,3,1,0,0,0,1,1,1,0,0,0,0,medio_alto
4,1500000.0,9743,0.9432413014471929,9,2,1,0,0,0,0,1,1,0,0,0,0,alto
9,10000.0,28,0.6428571428571429,1,3,1,0,0,0,1,0,0,0,0,0,0,medio_alto
5,75000.0,9,1.0,2,2,1,0,0,0,1,0,0,1,0,0,0,alto
3,10000.0,8,0.875,1,1,1,0,0,0,1,0,0,0,0,0,0,baixo
6,35000.0,114,0.7543859649122807,2,2,1,0,0,0,1,1,0,0,0,0,0,medio_baixo
2,0.0,0,0.0,2,1,1,0,0,0,0,0,0,0,0,0,0,gratuito
6,10000.0,4,0.75,1,4,1,0,0,0,1,1,1,1,0,0,0,alto
11,10000.0,166,0.8554216867469879,1,2,1,1,1,0,1,0,0,0,1,0,0,alto
7,10000.0,6,0.5,2,4,1,0,0,0,1,1,0,0,0,0,0,alto
3,10000.0,11,0.9090909090909091,2,3,1,0,0,1,1,1,0,0,0,0,0,gratuito
1,10000.0,25,1.0,1,2,1,0,0,0,1,1,0,0,0,0,0,medio_alto
7,35000.0,146,0.9315068493150684,8,4,1,1,0,1,1,1,1,1,0,0,0,medio_baixo
7,10000.0,19,0.9473684210526315,1,5,1,0,0,0,1,1,1,1,1,0,0,baixo
5,10000.0,31,0.9032258064516129,1,1,1,0,0,0,0,0,0,1,0,0,0,baixo
10,10000.0,23,0.782608695652174,4,1,1,0,0,1,0,1,0,0,0,0,0,medio_baixo
10,10000.0,7,0.5714285714285714,1,4,1,1,1,0,0,1,1,1,0,0,0,medio_alto
1,0.0,0,0.0,0,0,1,0,0,0,0,0,0,0,0,0,0,gratuito
5,0.0,0,0.0,0,0,1,0,0,0,0,0,0,0,0,0,0,gratuito
5,10000.0,15,1.0,2,2,1,0,0,1,1,0,0,1,0,0,0,baixo
8,10000.0,83,0.5180722891566265,1,5,1,0,0,0,1,1,1,0,0,0,0,baixo
5,35000.0,15,0.6666666666666666,1,2,1,0,0,0,1,0,0,0,0,0,0,baixo
13,75000.0,272,0.2977941176470588,1,3,1,1,0,0,1,1,1,0,0,0,0,alto
5,10000.0,23,0.6521739130434783,1,3,1,0,0,0,1,0,0,0,0,1,1,alto
8,10000.0,64,0.90625,2,3,1,0,0,0,1,1,0,0,0,0,0,baixo
1,350000.0,9798,0.6779955092876098,13,4,1,0,0,12,1,1,0,0,0,0,1,alto
2,10000.0,14,0.7857142857142857,2,3,1,0,0,0,1,0,0,1,0,0,1,medio_baixo
7,10000.0,2,0.5,2,2,1,0,0,0,1,0,1,0,0,0,0,medio_baixo
7,10000.0,0,0.0,1,3,1,0,0,0,1,0,0,1,0,1,0,medio_baixo
8,10000.0,276,0.7789855072463768,3,3,1,1,1,0,1,0,0,0,0,1,1,alto
8,10000.0,21,0.8095238095238095,1,3,1,1,1,0,1,0,1,0,1,0,0,medio_alto
16,350000.0,424,0.6037735849056604,1,2,1,1,1,2,1,0,0,0,0,0,1,baixo
10,10000.0,25,0.48,9,4,1,0,0,0,1,1,1,0,1,0,0,medio_alto
6,150000.0,7,0.5714285714285714,1,4,1,0,0,0,1,1,1,1,0,0,0,medio_baixo
5,10000.0,5,1.0,1,2,1,0,0,1,0,1,1,0,0,0,0,alto
1,10000.0,0,0.0,1,3,1,0,0,0,1,1,0,1,0,0,0,medio_baixo
5,10000.0,69,0.7681159420289855,1,2,1,0,0,0,1,0,1,0,0,0,0,baixo
1,0.0,0,0.0,1,2,1,1,0,0,1,0,0,0,0,0,0,gratuito
1,0.0,0,0.0,0,0,1,0,0,0,0,0,0,0,0,0,0,gratuito
9,10000.0,1,1.0,1,4,1,0,0,0,1,1,1,0,0,0,0,baixo
4,10000.0,6,0.5,1,2,1,0,0,0,1,1,0,0,0,0,0,alto
2,10000.0,37,0.9459459459459459,1,3,1,0,0,0,1,0,1,1,0,0,0,baixo
2,10000.0,520,0.4673076923076923,15,3,1,0,0,2,1,0,0,1,0,0,1,alto
1,0.0,0,0.0,0,0,1,0,0,0,0,0,0,0,0,0,0,gratuito
4,150000.0,1228,0.8485342019543974,3,3,1,0,0,1,1,1,1,0,0,0,0,alto
9,35000.0,54,0.7407407407407407,1,1,1,0,0,0,0,1,0,0,0,0,0,medio_alto
6,10000.0,0,0.0,1,1,1,1,0,1,0,0,1,0,0,0,0,medio_alto
1,0.0,0,0.0,103,2,1,0,0,0,1,0,0,1,0,0,0,baixo
1,0.0,0,0.0,5,3,1,0,0,0,1,1,0,0,0,0,0,alto
8,10000.0,57,0.7017543859649122,2,2,1,0,0,0,1,0,0,1,0,0,0,baixo
1,0.0,0,0.0,1,3,1,0,0,0,0,1,0,1,0,1,0,medio_alto
8,75000.0,13,0.8461538461538461,1,1,1,0,0,0,0,0,0,0,0,0,0,gratuito
10,10000.0,19,0.6842105263157895,1,4,1,0,0,0,1,1,1,1,0,0,0,alto
4,75000.0,3,0.6666666666666666,1,1,1,0,0,0,1,0,0,0,0,0,0,medio_alto
1,10000.0,98,1.0,3,3,1,0,0,0,1,1,0,0,1,0,0,medio_baixo
3,10000.0,0,0.0,1,2,1,0,0,0,1,0,0,0,0,0,1,medio_alto
2,10000.0,2,0.0,5,2,1,0,0,0,1,0,0,1,0,0,0,baixo
7,35000.0,121,0.8429752066115702,5,2,1,0,0,0,0,1,0,0,0,0,0,baixo
12,75000.0,608,0.7483552631578947,5,2,1,0,0,0,0,0,1,1,0,0,0,medio_baixo
1,10000.0,0,0.0,1,3,1,0,0,1,1,0,1,1,0,0,0,alto
1,10000.0,0,0.0,2,2,1,0,0,0,1,1,0,0,0,0,0,medio_baixo
5,10000.0,5,0.6,1,2,1,0,0,0,0,0,1,0,1,0,0,medio_baixo
10,10000.0,9,0.7777777777777778,5,4,1,0,1,1,1,1,1,1,0,0,0,baixo
19,150000.0,5471,0.9186620361908243,11,3,1,0,0,0,0,1,0,0,0,0,1,baixo
7,35000.0,84,0.6904761904761905,3,2,1,0,0,0,1,1,0,0,0,0,0,medio_alto
7,10000.0,267,0.5168539325842697,7,5,1,0,0,0,1,1,1,0,1,0,0,gratuito
4,10000.0,0,0.0,1,2,1,0,0,0,1,0,0,1,0,0,0,baixo
7,10000.0,58,0.6724137931034483,1,4,1,0,0,0,1,1,1,0,1,0,0,baixo
7,10000.0,14,0.9285714285714286,1,2,1,0,0,0,1,1,0,0,0,0,0,medio_baixo
1,10000.0,118,0.9915254237288136,5,1,1,0,0,1,0,1,0,0,0,0,0,alto
2,10000.0,0,0.0,3,3,1,0,0,0,1,1,0,0,1,0,0,medio_baixo
1,0.0,0,0.0,6,3,1,0,0,0,0,1,0,0,1,1,0,gratuito
9,10000.0,112,0.8214285714285714,1,2,1,0,0,0,0,1,0,1,0,0,0,alto
3,10000.0,2,0.0,12,4,1,0,0,0,0,1,0,1,0,1,1,medio_alto
1,10000.0,4,1.0,2,5,1,0,0,0,0,0,0,0,0,0,0,gratuito
1,10000.0,0,0.0,4,2,1,0,0,0,0,0,1,0,0,0,0,alto
9,10000.0,41,0.6097560975609756,4,3,1,0,0,1,1,1,1,0,0,0,0,alto
1,10000.0,3,0.3333333333333333,8,3,1,0,0,0,1,1,0,0,1,0,0,alto
1,10000.0,0,0.0,10,2,1,0,0,0,0,1,1,0,0,0,0,medio_alto
10,10000.0,28,0.35714285714285715,1,3,1,0,1,0,0,0,0,1,0,1,1,medio_alto
2,10000.0,0,0.0,1,4,1,0,0,0,1,1,1,1,0,0,0,medio_alto
8,10000.0,45,0.7777777777777778,1,2,1,0,0,1,1,1,0,0,0,0,0,medio_baixo
3,10000.0,88,0.7727272727272727,8,3,1,0,0,0,1,0,0,1,0,0,1,alto
4,10000.0,2,1.0,1,3,1,0,0,0,1,1,0,0,0,1,0,medio_alto
1,10000.0,0,0.0,1,3,1,0,0,0,0,0,1,1,0,1,0,baixo
5,10000.0,47,0.7446808510638298,11,1,1,1,1,0,0,1,0,0,0,0,0,medio_baixo
1,0.0,0,0.0,2,3,1,0,0,0,1,0,1,1,0,0,0,baixo
9,10000.0,19,0.7368421052631579,7,2,1,1,1,0,1,0,0,1,0,0,0,baixo
2,10000.0,0,0.0,1,2,1,0,0,0,1,0,0,0,0,1,0,medio_baixo
6,35000.0,4416,0.8543931159420289,22,6,1,1,1,0,0,0,0,1,0,1,1,gratuito
3,10000.0,3,0.3333333333333333,26,6,1,0,0,0,1,1,0,0,1,1,1,baixo
4,10000.0,0,0.0,1,4,1,0,0,0,1,0,0,1,0,0,1,alto
10,10000.0,91,0.7142857142857143,1,3,1,0,0,0,1,0,1,1,0,0,0,medio_baixo
2,10000.0,8,0.875,1,2,1,0,0,0,1,0,1,0,0,0,0,medio_baixo
2,10000.0,0,0.0,6,4,1,0,0,0,1,0,0,1,0,1,1,medio_baixo
3,10000.0,10,0.3,12,4,1,0,0,0,1,0,0,1,0,0,1,baixo
1,10000.0,0,0.0,9,1,1,0,0,0,0,0,0,0,0,0,0,alto
3,0.0,0,0.0,103,9,1,1,1,0,1,1,1,1,1,1,1,alto
1,0.0,0,0.0,0,0,1,0,0,0,0,0,0,0,0,0,0,gratuito
16,150000.0,684,0.8026315789473685,2,2,1,0,0,0,0,0,0,0,1,1,0,baixo
1,10000.0,0,0.0,1,3,1,0,0,0,1,1,1,0,0,0,0,medio_alto
2,10000.0,0,0.0,1,6,1,0,0,0,1,1,0,1,0,0,1,alto
5,10000.0,6,0.16666666666666666,1,3,1,0,0,0,0,1,1,1,0,0,0,medio_baixo
7,10000.0,2,0.5,1,3,1,0,1,0,1,1,1,0,0,0,0,alto
8,10000.0,22,0.6818181818181818,2,1,1,0,0,0,0,0,0,0,0,0,0,alto
5,10000.0,20,0.9,1,2,1,0,0,0,1,0,0,1,0,0,0,medio_baixo
5,0.0,0,0.0,2,3,1,1,1,0,1,1,0,1,0,0,0,gratuito
2,350000.0,3,0.6666666666666666,1,3,1,0,0,0,1,1,0,0,0,1,0,baixo
1,10000.0,0,0.0,3,6,1,0,0,0,0,1,1,1,0,1,1,baixo
4,35000.0,20,1.0,1,4,1,0,0,0,1,0,1,0,1,1,0,baixo
4,10000.0,5,1.0,1,3,1,0,0,0,1,1,0,1,0,0,0,baixo
2,10000.0,4,0.0,1,3,1,0,0,0,1,1,0,0,0,0,0,alto
4,10000.0,12,0.9166666666666666,1,4,1,0,0,0,1,1,0,1,0,1,0,medio_baixo
4,10000.0,14,0.9285714285714286,1,3,1,0,0,0,0,1,0,1,0,0,1,medio_alto
4,10000.0,3,0.0,1,3,1,0,0,0,1,1,1,0,0,0,0,medio_baixo
1,10000.0,2,0.0,4,3,1,1,1,0,1,0,0,1,0,1,0,baixo
1,10000.0,0,0.0,1,4,1,0,0,0,0,0,0,0,0,1,1,gratuito
11,10000.0,101,0.37623762376237624,5,1,1,1,0,0,0,0,1,0,0,0,0,baixo
2,0.0,0,0.0,0,0,1,0,0,0,0,0,0,0,0,0,0,gratuito
3,10000.0,0,0.0,2,1,1,0,0,1,0,0,0,1,0,0,0,baixo
2,10000.0,0,0.0,3,3,1,0,0,0,1,1,0,0,0,0,0,baixo
2,10000.0,25,0.6,1,4,1,0,0,0,1,0,0,0,0,1,1,alto
3,10000.0,0,0.0,1,3,1,1,1,0,1,0,0,1,1,0,0,medio_alto
5,35000.0,27,0.5555555555555556,1,3,1,0,0,0,1,0,1,0,0,0,1,baixo
5,10000.0,0,0.0,1,1,1,0,0,0,0,0,1,0,0,0,0,medio_alto
1,10000.0,82,0.7073170731707317,5,3,1,0,0,0,1,0,1,1,0,0,0,medio_alto
8,35000.0,43,0.6744186046511628,1,2,1,0,0,0,0,0,1,1,0,0,0,baixo
2,750000.0,19958,0.9792564385208938,1,4,1,0,0,0,1,0,0,0,1,0,1,alto
2,10000.0,11,0.6363636363636364,9,5,1,0,0,0,1,0,1,0,1,1,1,alto
8,150000.0,616,0.5243506493506493,1,4,1,0,0,0,0,0,0,1,0,0,0,gratuito
1,10000.0,0,0.0,1,2,1,1,1,0,0,0,0,1,0,0,1,medio_alto
10,35000.0,159,0.8616352201257862,1,2,1,0,0,4,0,0,0,0,0,0,1,gratuito
5,350000.0,3524,0.6486946651532349,1,6,1,0,0,0,1,1,1,1,0,0,0,gratuito
11,35000.0,95,0.9473684210526315,1,3,1,0,0,0,1,0,1,0,0,1,0,medio_alto
5,10000.0,22,0.9545454545454546,3,2,1,0,0,0,0,1,0,1,0,0,0,medio_baixo
6,10000.0,9,1.0,1,2,1,0,0,0,1,0,0,0,0,0,0,medio_alto
11,75000.0,279,0.8243727598566308,7,2,1,1,1,0,1,1,0,0,0,0,0,baixo
1,10000.0,0,0.0,2,4,1,0,0,0,1,0,1,0,1,0,1,alto
3,10000.0,457,0.7242888402625821,17,2,1,0,0,0,0,1,1,0,0,0,0,alto
2,0.0,0,0.0,0,0,1,0,0,0,0,0,0,0,0,0,0,gratuito
2,10000.0,2,0.0,1,1,1,0,0,0,0,0,0,0,1,0,0,baixo
8,150000.0,318,0.6855345911949685,1,3,1,1,1,0,1,1,0,0,0,0,0,gratuito
11,350000.0,995,0.8231155778894472,1,6,1,1,0,44,0,0,0,0,0,0,0,gratuito
4,10000.0,18,0.4444444444444444,1,4,1,0,0,0,1,1,0,1,0,1,0,medio_alto
7,10000.0,0,0.0,5,1,1,1,1,0,0,0,0,1,0,0,0,medio_baixo
4,10000.0,20,0.9,1,3,1,0,1,0,1,0,0,1,0,0,1,alto
7,10000.0,14,0.5,2,3,1,0,0,0,0,1,0,0,0,0,1,gratuito
7,10000.0,47,0.6595744680851063,1,2,1,0,1,0,1,1,0,0,0,0,0,baixo
3,0.0,0,0.0,0,0,1,0,0,0,0,0,0,0,0,0,0,gratuito
5,10000.0,5,0.8,1,2,1,1,0,0,1,1,0,0,0,0,0,alto
1,10000.0,1,0.0,1,1,1,0,0,0,1,0,0,0,0,0,0,medio_alto
8,10000.0,59,0.7966101694915254,29,4,1,1,0,0,1,0,0,1,1,0,1,baixo
4,10000.0,166,0.963855421686747,1,2,1,0,0,1,1,1,0,0,0,0,0,alto
6,10000.0,294,0.9013605442176871,1,4,1,0,0,0,1,1,0,0,0,0,0,medio_alto
6,10000.0,5,0.8,1,2,1,0,0,0,0,1,0,0,0,1,0,alto
1,10000.0,17,0.9411764705882353,1,3,1,0,0,1,1,0,1,0,1,0,0,alto
7,10000.0,422,0.8720379146919431,1,3,1,1,0,0,1,1,1,0,0,0,0,medio_baixo
8,10000.0,11,0.7272727272727273,1,5,1,0,0,0,1,0,0,1,1,1,1,baixo
6,10000.0,0,0.0,1,1,1,1,0,0,0,0,0,0,0,0,1,alto
15,150000.0,1101,0.8074477747502271,2,1,1,0,0,0,0,0,0,0,0,1,0,baixo
1,0.0,0,0.0,0,0,1,0,0,0,0,0,0,0,0,0,0,gratuito
1,0.0,0,0.0,0,0,1,0,0,0,0,0,0,0,0,0,0,gratuito
4,10000.0,14,0.9285714285714286,2,2,1,0,1,0,1,0,1,0,0,0,0,medio_baixo
3,10000.0,1,1.0,1,1,1,1,0,0,0,1,0,0,0,0,0,medio_alto
7,10000.0,13,0.7692307692307693,1,2,1,0,0,0,0,0,1,1,0,0,0,medio_alto
4,0.0,0,0.0,2,3,1,0,0,0,1,0,1,0,0,0,0,gratuito
2,10000.0,55,0.9818181818181818,1,2,1,0,0,0,1,0,0,0,0,0,1,alto
7,35000.0,123,0.9186991869918699,1,3,1,0,0,0,1,0,0,1,0,1,0,gratuito
10,10000.0,30,0.5333333333333333,4,3,1,0,0,0,1,0,0,0,1,0,0,medio_alto
9,35000.0,946,0.9101479915433404,7,2,1,1,1,1,1,0,0,1,0,0,0,baixo
3,10000.0,5,0.6,18,4,1,0,0,0,0,0,0,0,0,1,1,alto
4,150000.0,1199,0.7781484570475397,2,2,1,0,0,0,0,1,0,0,1,0,0,medio_alto
2,10000.0,13,1.0,8,5,1,1,1,0,1,1,0,1,0,1,1,medio_baixo
7,35000.0,270,0.8592592592592593,13,3,1,1,1,1,1,1,1,0,0,0,0,medio_baixo
5,0.0,0,0.0,0,0,1,0,0,0,0,0,0,0,0,0,0,gratuito
2,10000.0,152,0.9210526315789473,4,3,1,0,0,0,1,0,1,0,0,0,1,medio_alto
4,10000.0,6,0.3333333333333333,1,1,1,0,0,0,0,1,0,0,0,0,0,baixo
6,10000.0,10,0.8,2,3,1,0,1,0,1,1,1,0,0,0,0,medio_baixo
4,10000.0,202,0.6089108910891089,9,3,1,0,0,0,1,1,1,0,0,0,0,medio_baixo
6,10000.0,13,0.7692307692307693,103,2,1,1,1,0,1,0,0,1,0,0,0,baixo
5,10000.0,10,0.9,1,4,1,1,1,0,1,0,1,1,1,0,0,medio_alto
9,150000.0,17,0.8823529411764706,1,2,1,1,1,0,0,0,1,0,1,0,0,medio_alto
2,10000.0,1,1.0,1,2,1,0,0,0,0,0,1,1,0,0,0,baixo
1,0.0,0,0.0,2,4,1,0,0,0,1,0,1,1,0,0,0,gratuito
3,0.0,0,0.0,1,3,1,0,0,0,0,0,0,1,0,0,1,gratuito
9,150000.0,756,0.75,9,1,1,0,0,0,0,0,0,0,0,0,0,alto
5,150000.0,3,0.6666666666666666,4,2,1,0,0,0,0,1,1,0,0,0,0,alto
4,10000.0,0,0.0,2,2,1,0,0,0,1,0,0,1,0,0,0,medio_baixo
2,10000.0,0,0.0,5,5,1,1,1,0,1,1,1,1,0,0,0,alto
7,10000.0,7,0.5714285714285714,1,2,1,0,0,0,1,0,0,0,0,0,1,alto
6,10000.0,13,0.7692307692307693,1,2,1,0,0,0,0,0,1,0,0,0,0,gratuito
3,150000.0,2572,0.9440124416796267,21,3,1,0,0,0,0,0,1,0,0,1,1,medio_alto
8,10000.0,0,0.0,1,3,1,0,0,0,1,1,0,1,0,0,0,medio_alto
5,10000.0,14,0.9285714285714286,1,3,1,0,1,0,1,1,1,0,0,0,0,medio_baixo
2,0.0,0,0.0,1,8,1,0,0,0,0,1,1,1,1,1,1,gratuito
8,10000.0,31,0.5806451612903226,1,3,1,0,0,0,1,1,0,0,0,0,0,gratuito
1,10000.0,0,0.0,15,2,1,1,1,6,1,0,1,0,0,0,0,alto
7,10000.0,38,0.7368421052631579,1,3,1,0,0,0,0,0,0,0,0,0,0,alto
9,10000.0,27,0.7777777777777778,1,3,1,0,0,0,1,1,0,1,0,0,0,gratuito
7,10000.0,1,1.0,2,4,1,0,0,0,1,0,0,0,1,1,1,medio_baixo
1,0.0,0,0.0,2,1,1,1,0,0,0,0,0,0,0,1,0,baixo
5,10000.0,2,1.0,3,2,1,0,0,0,1,0,0,1,0,0,0,baixo
2,10000.0,0,0.0,1,2,1,0,0,0,1,0,0,1,0,0,0,baixo
1,0.0,0,0.0,13,4,1,0,0,0,1,1,1,0,0,1,0,medio_alto
1,0.0,0,0.0,1,3,1,1,1,0,1,0,1,1,0,0,0,medio_alto
8,10000.0,27,0.8888888888888888,11,5,1,0,0,0,1,1,1,1,1,0,0,medio_alto
5,35000.0,676,0.8520710059171598,8,3,1,0,0,1,1,1,1,0,0,0,0,medio_alto
1,0.0,0,0.0,5,3,1,0,0,0,1,1,1,0,0,0,0,medio_alto
2,10000.0,21,0.9047619047619048,1,3,1,0,0,0,1,0,0,1,0,0,0,gratuito
7,10000.0,0,0.0,1,3,1,1,0,0,1,0,0,1,0,0,1,baixo
1,0.0,0,0.0,0,0,1,0,0,0,0,0,0,0,0,0,0,gratuito
4,10000.0,13,0.6153846153846154,1,3,1,1,0,2,0,0,0,1,0,0,1,medio_baixo
7,10000.0,1,1.0,1,1,1,0,0,0,1,0,0,0,0,0,0,medio_baixo
2,10000.0,0,0.0,1,4,1,1,0,0,1,0,0,1,0,1,0,gratuito
4,10000.0,0,0.0,10,2,1,0,0,0,0,0,0,1,1,0,0,medio_alto
5,10000.0,8,0.375,2,1,1,0,0,0,1,0,0,0,0,0,0,baixo
3,10000.0,0,0.0,3,2,1,1,1,1,0,1,0,0,0,1,0,alto
5,10000.0,11,0.9090909090909091,1,3,1,1,0,0,1,0,0,1,1,0,0,medio_baixo
2,0.0,0,0.0,1,2,1,0,0,0,1,0,0,0,0,1,0,gratuito
2,10000.0,37,1.0,6,3,1,0,0,1,1,1,0,0,1,0,0,medio_baixo
2,10000.0,124,0.8951612903225806,2,1,1,0,0,0,1,0,0,0,0,0,0,medio_baixo
4,750000.0,11171,0.9504968221287262,9,3,1,0,0,0,0,0,0,0,0,1,1,alto
8,10000.0,7,0.7142857142857143,2,5,1,0,0,0,1,1,1,0,1,0,0,medio_alto
1,10000.0,0,0.0,1,6,1,0,0,0,1,1,0,1,0,0,1,medio_alto
4,10000.0,0,0.0,1,3,1,0,0,0,1,1,1,0,0,0,0,baixo
2,10000.0,14,0.8571428571428571,1,4,1,0,0,0,1,1,1,0,0,0,1,gratuito
7,75000.0,639,0.352112676056338,6,7,1,0,0,1,1,1,1,1,0,1,1,alto
9,10000.0,16,0.75,1,1,1,0,0,0,0,0,0,0,1,0,0,gratuito
14,35000.0,121,0.8842975206611571,1,1,1,1,0,1,0,0,1,0,0,0,0,alto
3,10000.0,38,0.6578947368421053,1,3,1,0,0,0,1,0,0,1,0,0,1,alto
8,75000.0,3037,0.572933816266052,14,6,1,1,1,0,1,1,1,0,1,0,1,baixo
2,0.0,0,0.0,103,3,1,0,0,0,0,0,1,1,1,0,0,baixo
9,10000.0,1,0.0,1,5,1,0,0,0,1,0,0,1,0,1,1,medio_alto
3,10000.0,0,0.0,1,8,1,0,0,0,0,1,1,1,1,1,1,gratuito
10,150000.0,646,0.8529411764705882,2,1,1,0,0,0,0,0,0,0,1,0,0,alto
9,10000.0,108,0.9166666666666666,1,2,1,0,0,0,1,0,0,1,0,0,0,gratuito
3,0.0,0,0.0,1,4,1,0,0,0,1,1,1,0,0,0,1,gratuito
1,0.0,0,0.0,1,3,1,0,0,0,1,1,0,0,0,0,0,gratuito
5,35000.0,1163,0.5821152192605331,13,1,1,0,0,6,0,0,0,0,0,0,0,alto
4,10000.0,1,0.0,2,1,1,0,0,0,0,0,0,1,0,0,0,alto
1,0.0,0,0.0,0,0,1,0,0,0,0,0,0,0,0,0,0,gratuito
6,10000.0,23,0.6086956521739131,3,1,1,0,0,0,1,0,0,0,0,0,0,medio_baixo
1,0.0,0,0.0,30,3,1,1,1,0,0,0,0,1,1,0,1,medio_alto
12,750000.0,4740,0.8029535864978903,3,1,1,0,0,0,0,0,0,0,0,0,0,gratuito
3,0.0,0,0.0,0,0,1,0,0,0,0,0,0,0,0,0,0,gratuito
6,10000.0,9,0.8888888888888888,1,2,1,0,0,0,0,0,1,1,0,0,0,medio_alto
4,0.0,0,0.0,0,0,1,0,0,0,0,0,0,0,0,0,0,gratuito
1,0.0,0,0.0,1,1,1,0,0,0,0,0,0,0,0,0,0,gratuito
3,10000.0,72,0.7361111111111112,2,3,1,0,0,0,1,1,0,1,0,0,0,gratuito
2,10000.0,0,0.0,1,3,1,0,0,0,0,0,0,1,0,0,0,baixo
9,10000.0,24,0.4166666666666667,1,4,1,0,0,1,1,1,0,1,0,0,0,baixo
5,10000.0,9,1.0,2,4,1,0,0,0,1,1,0,0,0,1,0,alto
12,10000.0,62,0.6774193548387096,11,1,1,0,0,0,0,0,1,0,0,0,0,medio_alto
2,10000.0,27,0.9259259259259259,8,3,1,0,1,0,1,1,0,1,0,0,0,medio_baixo
9,10000.0,25,0.72,1,3,1,0,0,0,1,1,0,0,0,1,0,baixo
1,0.0,0,0.0,0,0,1,0,0,0,0,0,0,0,0,0,0,gratuito
4,350000.0,6141,0.4979645008956196,13,3,1,0,0,0,0,1,1,1,0,0,0,medio_alto
7,10000.0,3,0.6666666666666666,1,2,1,0,0,0,1,1,0,0,0,0,0,baixo
3,10000.0,0,0.0,1,4,1,0,0,0,1,1,1,1,0,0,0,baixo
5,35000.0,133,0.6090225563909775,1,3,1,0,0,0,1,0,1,0,1,0,0,gratuito
16,150000.0,928,0.9181034482758621,2,1,1,1,0,4,0,0,0,0,0,0,1,alto
1,10000.0,0,0.0,2,3,1,0,0,0,1,0,0,0,1,0,0,medio_alto
3,10000.0,4,1.0,1,5,1,0,0,0,1,0,1,1,0,1,0,medio_alto
1,10000.0,2,1.0,10,2,1,0,0,0,0,0,0,1,1,0,0,medio_alto
6,10000.0,31,0.5806451612903226,2,2,1,0,0,1,1,0,0,0,1,0,0,medio_baixo
2,0.0,0,0.0,1,2,1,0,0,0,0,1,0,0,0,0,0,gratuito
2,10000.0,2,0.5,3,2,1,0,0,0,1,1,0,0,0,0,0,medio_baixo
1,10000.0,0,0.0,1,3,1,0,0,0,1,0,1,1,0,0,0,medio_baixo
2,10000.0,0,0.0,1,3,1,0,0,0,0,1,0,0,1,0,0,medio_alto
4,10000.0,1,0.0,1,7,1,0,0,0,0,1,1,1,0,0,1,medio_baixo
1,10000.0,13,1.0,2,2,1,0,0,0,0,1,1,0,0,0,0,medio_baixo
9,350000.0,4444,0.5162016201620162,12,1,1,1,0,2,0,0,1,0,0,0,0,medio_baixo
9,10000.0,15,0.9333333333333333,1,1,1,0,0,0,0,0,0,0,0,0,1,alto
9,10000.0,184,0.8260869565217391,1,1,1,1,1,0,0,0,0,0,0,0,1,gratuito
7,10000.0,2,0.5,2,3,1,0,0,0,1,0,0,1,0,1,0,baixo
9,10000.0,56,0.8214285714285714,1,4,1,0,0,0,1,0,1,0,1,0,1,baixo
5,0.0,0,0.0,0,0,1,0,0,0,0,0,0,0,0,0,0,gratuito
6,75000.0,619,0.7382875605815832,3,4,1,1,1,1,1,1,1,0,0,0,1,medio_baixo
1,10000.0,0,0.0,6,3,1,0,0,0,1,0,0,1,0,0,1,medio_alto
2,10000.0,4,0.75,3,1,1,0,0,0,1,0,0,0,0,0,0,baixo
9,10000.0,12,0.3333333333333333,1,6,1,0,0,0,1,1,1,0,1,0,0,medio_baixo
2,35000.0,3,0.6666666666666666,1,4,1,0,1,0,1,1,1,0,1,0,0,medio_alto
1,0.0,0,0.0,1,2,1,0,0,0,0,0,0,1,0,0,0,gratuito
1,10000.0,61,0.9836065573770492,1,3,1,0,0,0,1,0,1,0,1,0,0,medio_baixo
2,10000.0,34,0.9117647058823529,1,1,1,0,0,2,0,0,0,1,0,0,0,baixo
1,0.0,0,0.0,1,5,1,0,0,0,1,1,1,1,0,0,0,gratuito
2,10000.0,73,0.9315068493150684,1,4,1,0,0,1,1,0,0,0,0,1,1,alto
2,35000.0,44,0.9545454545454546,17,3,1,0,0,0,1,1,0,0,0,0,0,alto
1,10000.0,12,0.9166666666666666,9,2,1,0,0,0,0,1,0,0,0,0,0,baixo
1,0.0,0,0.0,5,8,1,0,0,1,1,0,1,1,1,1,1,gratuito
1,10000.0,0,0.0,2,2,1,0,1,0,1,1,0,0,0,0,0,alto
8,10000.0,6,1.0,1,1,1,0,0,0,0,0,0,0,1,0,0,medio_baixo
9,35000.0,212,0.5566037735849056,5,3,1,1,0,0,1,0,1,0,0,1,0,medio_baixo
8,10000.0,0,0.0,2,4,1,0,0,0,1,0,1,0,1,0,0,alto
10,75000.0,387,0.7209302325581395,10,2,1,1,1,1,1,0,0,0,0,1,0,medio_alto
5,35000.0,35,0.7714285714285715,4,5,1,1,0,0,1,0,1,1,1,0,0,medio_baixo
7,0.0,0,0.0,1,3,1,0,0,0,1,0,1,0,0,1,0,medio_alto
6,10000.0,12,0.9166666666666666,1,2,1,0,0,0,0,0,1,1,0,0,0,medio_alto
9,10000.0,128,0.3515625,1,3,1,0,0,0,1,1,1,0,0,0,0,baixo
2,0.0,0,0.0,1,2,1,0,0,0,0,0,0,1,0,0,1,gratuito
1,10000.0,1,0.0,1,3,1,0,0,0,1,1,1,0,0,0,0,medio_alto
1,10000.0,0,0.0,5,4,1,0,0,0,1,0,1,0,1,0,1,medio_alto
11,10000.0,105,0.8857142857142857,1,4,1,0,0,0,1,1,1,0,1,0,0,medio_alto
4,10000.0,0,0.0,1,4,1,1,1,0,1,0,1,0,1,0,1,medio_alto
4,0.0,0,0.0,0,0,1,0,0,0,0,0,0,0,0,0,0,gratuito
2,10000.0,4,1.0,1,2,1,1,0,0,1,0,1,0,0,0,0,medio_baixo
7,10000.0,3,1.0,1,3,1,0,0,0,1,0,1,1,0,0,0,medio_baixo
2,10000.0,1,0.0,6,2,1,0,0,0,1,0,1,0,0,0,0,medio_alto
1,0.0,0,0.0,0,0,1,0,0,0,0,0,0,0,0,0,0,gratuito
1,10000.0,0,0.0,14,3,1,0,0,3,1,1,0,1,0,0,0,medio_baixo
3,10000.0,2,1.0,5,2,1,1,0,0,0,0,0,0,0,0,0,alto
4,10000.0,28,0.39285714285714285,1,4,1,0,0,0,0,0,1,0,1,0,0,gratuito
7,10000.0,35,0.3142857142857143,4,4,1,0,0,0,1,0,1,1,0,1,0,alto
5,10000.0,27,0.3333333333333333,29,4,1,1,1,0,1,1,0,1,0,0,1,alto
5,0.0,0,0.0,1,3,1,0,0,0,1,0,0,1,0,1,0,gratuito
1,0.0,0,0.0,103,8,1,1,1,0,1,1,1,1,1,0,1,alto
5,10000.0,19,0.8947368421052632,2,1,1,0,1,0,0,0,0,0,0,0,1,medio_baixo
4,10000.0,121,0.8760330578512396,2,3,1,1,1,0,1,1,1,0,0,0,0,medio_baixo
8,35000.0,75,0.64,1,5,1,0,0,0,1,1,0,1,0,0,0,medio_alto
2,10000.0,6,0.8333333333333334,2,3,1,0,0,0,0,1,0,0,0,1,1,alto
6,10000.0,3,0.0,1,2,1,0,0,0,1,0,0,0,1,0,0,baixo
3,10000.0,0,0.0,103,3,1,0,0,0,1,0,0,1,0,0,1,baixo
9,750000.0,33,0.5454545454545454,1,2,1,0,0,0,1,1,0,0,0,0,0,alto
7,750000.0,9938,0.8644596498289394,1,6,1,0,0,0,1,1,1,0,1,0,1,baixo
2,35000.0,76,0.7631578947368421,1,3,1,0,0,0,1,0,1,0,0,0,0,gratuito
3,0.0,0,0.0,1,5,1,0,0,0,0,0,1,0,1,0,0,gratuito
5,35000.0,4,0.5,1,2,1,0,0,0,0,0,1,0,1,0,0,medio_baixo
4,10000.0,15,0.9333333333333333,1,4,1,0,0,0,1,1,1,0,1,0,0,baixo
3,10000.0,1,0.0,1,3,1,1,0,0,1,0,1,0,1,0,0,alto
10,35000.0,183,0.8524590163934426,1,3,1,0,1,1,1,0,1,1,0,0,0,medio_alto
1,0.0,0,0.0,0,0,1,0,0,0,0,0,0,0,0,0,0,gratuito
9,10000.0,277,0.7111913357400722,10,6,1,1,0,1,1,1,1,0,1,1,1,medio_alto
7,10000.0,19,0.7368421052631579,1,2,1,0,0,0,1,0,0,1,0,0,0,medio_baixo
1,0.0,0,0.0,1,2,1,1,1,0,0,0,0,0,0,1,0,gratuito
3,350000.0,2568,0.7519470404984424,13,3,1,0,0,1,1,1,1,0,0,0,0,alto
12,75000.0,60,0.55,1,1,1,0,0,0,0,0,1,0,0,0,0,baixo
9,750000.0,12284,0.8105665906870726,12,1,1,0,0,1,0,0,0,0,0,0,0,medio_baixo
1,10000.0,30,0.36666666666666664,2,4,1,0,0,0,1,1,1,1,0,0,0,medio_baixo
6,10000.0,15,0.6666666666666666,2,1,1,0,0,0,1,0,0,0,0,0,0,gratuito
2,10000.0,0,0.0,2,1,1,0,0,0,0,0,0,0,1,0,0,baixo
6,75000.0,2,1.0,1,4,1,0,0,0,1,0,1,0,1,1,0,baixo
9,10000.0,0,0.0,1,3,1,0,0,0,1,1,0,1,0,0,0,medio_alto
8,75000.0,172,0.6162790697674418,1,7,1,1,0,0,1,0,0,0,1,1,1,gratuito
1,10000.0,0,0.0,13,4,1,0,0,0,1,1,1,0,0,0,0,medio_baixo
6,10000.0,15,0.9333333333333333,3,2,1,0,0,0,1,0,1,0,0,0,0,medio_baixo
1,0.0,0,0.0,4,3,1,0,0,0,1,0,0,1,0,1,0,medio_baixo
2,10000.0,61,0.9180327868852459,5,2,1,0,0,0,1,0,1,0,0,0,0,medio_alto
2,10000.0,3,1.0,6,2,1,0,0,0,0,1,0,0,0,0,0,medio_alto
5,10000.0,12,0.75,1,1,1,0,0,0,0,0,1,0,0,0,0,medio_alto
6,150000.0,769,0.7022106631989596,10,2,1,0,0,0,1,1,0,0,0,0,0,medio_baixo
2,10000.0,27,1.0,2,3,1,0,0,0,1,1,1,0,0,0,0,baixo
1,10000.0,0,0.0,1,2,1,0,0,0,1,0,0,1,0,0,0,baixo
9,1500000.0,6120,0.6870915032679739,5,3,1,0,0,0,0,1,0,0,0,1,0,gratuito
1,10000.0,2,1.0,10,1,1,1,0,0,0,0,0,1,0,0,0,medio_baixo
1,0.0,0,0.0,2,4,1,0,0,0,1,0,0,1,0,1,0,gratuito
10,150000.0,208,0.4230769230769231,1,2,1,0,0,0,1,1,0,0,0,0,0,baixo
1,10000.0,1,0.0,1,2,1,0,0,0,0,0,1,0,1,0,0,alto
1,0.0,0,0.0,2,4,1,0,0,0,1,0,1,0,1,0,0,gratuito
3,10000.0,0,0.0,1,1,1,0,0,0,1,0,0,0,0,0,0,alto
2,0.0,0,0.0,1,3,1,0,0,0,1,0,1,0,0,0,0,gratuito
9,35000.0,671,0.9135618479880775,27,3,1,1,1,0,1,0,0,1,0,1,0,baixo
2,150000.0,567,0.8536155202821869,6,3,1,0,0,0,0,0,0,1,0,1,1,medio_baixo
7,10000.0,17,0.7647058823529411,3,3,1,1,1,0,1,0,1,1,0,0,0,medio_baixo
1,10000.0,1,1.0,1,3,1,0,0,0,0,1,1,0,0,0,1,medio_baixo
1,10000.0,0,0.0,16,2,1,0,0,0,1,0,1,0,0,0,0,alto
1,0.0,0,0.0,1,2,1,0,0,0,1,1,0,0,0,0,0,medio_alto
3,35000.0,170,0.9352941176470588,8,2,1,0,0,1,0,1,0,1,0,0,0,medio_baixo
3,10000.0,2,0.5,2,5,1,1,0,0,1,0,0,0,0,1,1,alto
5,10000.0,4,1.0,1,3,1,0,0,0,1,1,1,0,0,0,0,baixo
10,75000.0,74,0.8243243243243243,1,4,1,1,1,0,1,1,0,0,1,1,0,medio_baixo
7,10000.0,41,0.5609756097560976,1,4,1,0,0,0,1,1,1,1,0,0,0,baixo
1,150000.0,2628,0.915144596651446,4,6,1,0,0,2,1,0,1,1,1,1,1,alto
8,10000.0,1108,0.9034296028880866,9,2,1,0,0,0,1,0,1,0,0,0,0,alto
5,10000.0,0,0.0,1,1,1,0,0,0,0,0,0,1,0,0,0,medio_baixo
2,0.0,0,0.0,0,0,1,0,0,0,0,0,0,0,0,0,0,gratuito
3,10000.0,40,0.95,4,1,1,0,0,0,1,0,0,0,0,0,0,medio_alto
4,75000.0,49,0.9795918367346939,1,2,1,0,0,0,1,0,1,0,0,0,0,medio_baixo
8,10000.0,20,0.85,1,3,1,0,0,1,1,0,0,1,0,0,1,alto
6,10000.0,0,0.0,2,2,1,0,0,0,1,0,0,1,0,0,0,medio_baixo
2,10000.0,2,1.0,1,1,1,0,0,0,0,1,0,0,0,0,0,medio_alto
4,10000.0,0,0.0,1,4,1,0,0,0,1,0,0,1,1,0,1,medio_baixo
5,10000.0,16,1.0,2,3,1,0,1,0,1,0,0,1,0,1,0,baixo
12,350000.0,518,0.8957528957528957,1,3,1,0,0,0,0,1,1,0,1,0,0,medio_alto
1,0.0,0,0.0,1,5,1,1,1,0,1,1,1,1,0,0,1,medio_alto
9,10000.0,13,0.9230769230769231,1,4,1,0,0,0,1,0,0,1,0,1,0,alto
2,10000.0,7,1.0,1,2,1,0,0,0,1,1,0,0,0,0,0,medio_baixo
1,10000.0,126,0.8174603174603174,1,4,1,0,0,0,1,0,1,1,0,0,0,medio_baixo
2,10000.0,2,0.5,1,4,1,0,0,0,1,1,0,0,1,0,0,gratuito
2,10000.0,19,1.0,2,1,1,1,1,0,0,0,0,0,0,0,1,medio_baixo
4,10000.0,0,0.0,6,2,1,0,0,0,1,0,0,1,0,0,0,medio_baixo
7,75000.0,140,0.6357142857142857,3,2,1,0,0,0,0,0,0,0,0,1,1,medio_alto
8,10000.0,30,0.7666666666666667,1,4,1,0,0,0,0,0,0,0,0,1,1,gratuito
5,10000.0,3,1.0,1,2,1,0,0,0,1,0,0,1,0,0,0,baixo
5,10000.0,84,0.8571428571428571,10,4,1,1,0,0,1,0,0,1,0,1,1,baixo
2,0.0,0,0.0,1,3,1,0,0,0,0,0,1,0,0,1,0,gratuito
6,75000.0,252,0.8888888888888888,2,2,1,1,1,0,0,0,0,0,0,1,1,alto
1,10000.0,0,0.0,1,2,1,0,0,0,1,0,0,1,0,0,0,medio_alto
8,10000.0,29,0.6551724137931034,2,2,1,1,0,1,1,0,0,0,0,0,1,gratuito
6,35000.0,3,1.0,2,2,1,0,0,0,1,0,0,1,0,0,0,medio_baixo
1,0.0,0,0.0,3,3,1,0,0,0,0,0,0,1,1,0,1,alto
9,10000.0,151,0.7152317880794702,1,3,1,0,0,0,1,1,1,0,0,0,0,baixo
4,150000.0,2993,0.9017707985299032,21,3,1,0,0,0,1,1,1,0,0,0,0,alto
2,10000.0,1,1.0,1,3,1,0,0,0,1,1,1,0,0,0,0,medio_alto
10,35000.0,348,0.6637931034482759,2,3,1,0,0,1,1,1,0,0,1,0,0,medio_alto
4,10000.0,5,0.4,9,2,1,0,0,7,0,0,0,0,1,1,0,medio_alto
2,10000.0,17,1.0,1,3,1,0,0,0,1,0,0,1,0,1,0,baixo
3,75000.0,2,1.0,2,3,1,0,0,0,1,0,0,1,0,1,0,medio_baixo
2,10000.0,0,0.0,1,3,1,0,0,0,1,1,0,1,0,0,0,baixo
1,0.0,0,0.0,1,5,1,1,1,0,1,0,1,1,0,0,1,gratuito
1,0.0,0,0.0,103,2,1,0,0,0,1,0,0,1,0,0,0,baixo
13,10000.0,0,0.0,1,1,1,0,0,0,0,0,0,0,0,0,1,medio_alto
1,0.0,0,0.0,6,3,1,0,0,0,1,0,0,1,0,0,0,medio_alto
3,0.0,0,0.0,1,3,1,0,0,0,1,1,1,0,0,0,0,gratuito
2,0.0,0,0.0,0,0,1,0,0,0,0,0,0,0,0,0,0,gratuito
5,10000.0,1,0.0,1,6,1,0,0,0,0,0,0,0,0,0,0,medio_alto
5,350000.0,3098,0.9696578437701743,1,1,1,0,0,0,0,0,1,0,0,0,0,alto
7,35000.0,205,0.6048780487804878,1,3,1,0,0,0,1,0,1,1,0,0,0,gratuito
8,35000.0,134,0.5522388059701493,1,1,1,0,0,0,0,1,0,0,0,0,0,medio_baixo
2,10000.0,199,0.9949748743718593,1,2,1,1,0,1,1,0,0,1,0,0,0,medio_baixo
1,10000.0,0,0.0,2,2,1,0,0,0,1,0,0,1,0,0,0,medio_baixo
7,10000.0,261,0.6053639846743295,12,2,1,0,0,1,1,0,0,1,0,0,0,baixo
11,150000.0,196,0.6479591836734694,1,2,1,1,1,0,0,0,1,0,1,0,0,medio_alto
4,10000.0,4,0.75,1,3,1,1,1,0,1,0,0,1,0,1,0,medio_alto
9,75000.0,770,0.8883116883116883,1,3,1,0,0,0,0,0,0,0,0,0,1,alto
2,35000.0,284,0.4647887323943662,16,4,1,0,0,0,1,1,0,0,0,0,0,alto
6,150000.0,433,0.7621247113163973,1,4,1,0,0,1,1,1,0,1,1,0,0,baixo
3,35000.0,142,0.6901408450704225,2,5,1,1,1,0,1,0,1,0,1,0,0,gratuito
8,10000.0,140,0.9785714285714285,1,2,1,0,0,0,1,0,0,1,0,0,0,baixo
3,10000.0,2,0.0,4,1,1,0,0,0,0,0,0,1,0,0,0,medio_baixo
2,0.0,0,0.0,4,5,1,0,0,0,1,1,0,1,0,1,0,gratuito
6,150000.0,1022,0.9452054794520548,1,4,1,1,1,1,1,0,1,1,0,0,0,gratuito
9,35000.0,99,0.3838383838383838,4,4,1,0,0,0,1,1,0,1,0,0,1,baixo
7,10000.0,12,0.4166666666666667,11,3,1,1,0,0,1,0,0,1,0,1,0,alto
9,10000.0,19,0.7894736842105263,1,2,1,0,0,0,0,0,1,1,0,0,0,medio_baixo
5,0.0,0,0.0,1,3,1,0,0,0,0,0,0,1,0,0,0,gratuito
2,10000.0,0,0.0,1,2,1,0,0,0,0,0,0,0,0,0,0,gratuito
3,10000.0,6,0.16666666666666666,1,1,1,0,0,0,0,0,0,1,0,0,0,baixo
5,35000.0,23,0.8260869565217391,2,4,1,0,0,0,1,1,1,0,0,0,0,alto
10,10000.0,16,0.875,1,2,1,0,0,0,1,1,0,0,0,0,0,alto
4,10000.0,102,0.8725490196078431,2,2,1,1,1,1,1,0,0,1,0,0,0,alto
2,0.0,0,0.0,103,9,1,1,1,0,1,1,1,1,1,1,1,alto
5,10000.0,105,0.9904761904761905,12,3,1,1,1,2,1,1,1,0,0,0,0,alto
6,10000.0,10,0.8,1,3,1,1,1,0,1,0,0,0,0,1,0,gratuito
13,75000.0,280,0.7714285714285715,1,1,1,0,0,0,0,0,1,0,0,0,0,baixo
1,10000.0,0,0.0,1,5,1,0,0,0,1,0,0,1,0,0,0,gratuito
1,10000.0,0,0.0,2,3,1,0,0,1,0,0,1,0,1,1,0,alto
1,35000.0,2461,0.8285249898415278,9,3,1,0,0,0,1,1,0,0,1,0,0,alto
8,35000.0,265,0.7849056603773585,2,1,1,0,0,0,0,0,0,0,1,0,0,alto
11,35000.0,449,0.844097995545657,1,3,1,1,0,0,1,1,0,1,0,0,0,baixo
1,10000.0,14,1.0,1,1,1,0,1,0,0,1,0,0,0,0,0,medio_baixo
7,10000.0,16,0.8125,1,3,1,1,0,0,1,0,0,0,1,1,0,alto
3,10000.0,0,0.0,16,2,1,1,0,1,1,0,0,0,1,0,0,alto
7,35000.0,6,0.8333333333333334,1,2,1,0,0,1,1,1,0,0,0,0,0,baixo
6,10000.0,0,0.0,1,2,1,0,0,2,1,0,0,1,0,0,0,baixo
6,0.0,0,0.0,0,0,1,0,0,0,0,0,0,0,0,0,0,gratuito
9,35000.0,524,0.8492366412213741,2,1,1,0,0,0,0,0,0,0,0,1,0,alto
9,75000.0,52,0.7884615384615384,8,4,1,0,0,1,1,0,1,1,1,0,0,medio_baixo
9,10000.0,4,0.75,1,3,1,1,1,0,1,0,1,1,0,0,0,baixo
14,3500000.0,73809,0.8990637998076115,4,4,1,1,1,32,0,0,0,0,1,1,1,gratuito
1,0.0,0,0.0,2,3,1,1,1,0,1,0,1,0,0,0,0,gratuito
5,10000.0,36,0.8611111111111112,2,3,1,0,0,0,1,0,0,1,0,0,1,medio_baixo
2,150000.0,267,0.8838951310861424,10,3,1,0,0,1,1,1,1,0,0,0,0,alto
1,0.0,0,0.0,2,3,1,0,0,0,1,0,1,0,1,0,0,medio_baixo
1,35000.0,14,0.9285714285714286,1,4,1,0,0,0,1,1,1,0,1,0,0,alto
3,10000.0,30,0.6666666666666666,3,3,1,0,0,0,1,0,1,0,1,0,0,medio_baixo
3,350000.0,1911,0.8885400313971743,31,2,1,1,0,0,1,0,1,0,0,0,0,alto
1,10000.0,7,1.0,1,3,1,1,0,0,0,0,0,1,0,1,1,alto
1,10000.0,44,0.7272727272727273,3,3,1,0,0,4,0,0,1,0,1,1,0,alto
2,10000.0,6,1.0,1,3,1,0,1,0,1,1,0,0,0,0,0,alto
2,10000.0,40,0.7,1,4,1,0,0,0,1,1,1,0,0,1,0,medio_baixo
3,10000.0,6,0.6666666666666666,1,2,1,0,0,0,1,0,0,1,0,0,0,baixo
1,0.0,0,0.0,5,2,1,0,0,0,1,0,1,0,0,0,0,alto
9,10000.0,48,0.7083333333333334,1,2,1,1,0,0,1,0,1,0,0,0,0,alto
5,10000.0,29,0.8275862068965517,1,5,1,0,0,0,1,1,1,1,0,0,1,baixo
5,10000.0,12,0.75,1,3,1,0,0,0,1,0,1,0,1,0,0,baixo
1,10000.0,0,0.0,1,2,1,0,0,0,1,0,0,0,0,0,0,medio_alto
5,10000.0,2,0.5,1,4,1,0,0,0,1,1,1,1,0,0,0,baixo
10,10000.0,14,0.5714285714285714,2,1,1,0,0,0,0,0,0,1,0,0,0,medio_baixo
2,10000.0,16,0.5625,1,3,1,0,0,0,0,0,0,1,0,0,1,gratuito
5,10000.0,26,0.8846153846153846,1,2,1,1,1,0,1,1,0,0,0,0,0,medio_alto
9,35000.0,63,0.5555555555555556,1,2,1,0,0,0,0,0,0,0,0,0,0,gratuito
1,0.0,0,0.0,1,2,1,1,1,0,0,0,1,0,0,0,0,gratuito
10,35000.0,106,0.5188679245283019,1,2,1,0,0,0,0,0,0,1,0,1,0,baixo
8,10000.0,9,0.3333333333333333,3,3,1,0,0,0,1,0,0,0,1,0,1,alto
4,10000.0,9,1.0,1,3,1,0,0,0,1,1,0,0,1,0,0,baixo
4,10000.0,3,0.3333333333333333,2,2,1,0,0,0,0,0,1,0,0,0,1,alto
1,10000.0,0,0.0,1,5,1,0,0,0,1,1,1,0,0,0,0,alto
1,10000.0,0,0.0,10,2,1,0,0,0,1,0,0,1,0,0,0,medio_alto
10,10000.0,64,0.75,1,2,1,0,0,0,0,0,0,0,0,0,1,medio_alto
3,10000.0,176,0.6988636363636364,9,7,1,0,0,1,1,1,1,0,1,0,1,alto
8,10000.0,1,1.0,1,4,1,0,0,0,1,1,1,1,0,0,0,baixo
11,10000.0,180,0.8611111111111112,1,1,1,0,0,0,0,0,0,0,0,1,0,baixo
2,350000.0,817,0.9436964504283966,11,5,1,0,0,0,1,1,1,0,1,0,0,alto
4,10000.0,18,0.9444444444444444,1,3,1,0,0,0,1,1,0,0,0,0,0,medio_alto
1,10000.0,0,0.0,1,2,1,1,1,0,1,1,0,0,0,0,0,medio_alto
1,10000.0,0,0.0,3,2,1,0,0,0,0,0,0,0,0,1,1,alto
10,10000.0,32,0.5625,1,6,1,1,0,0,1,1,1,1,0,1,1,baixo
2,10000.0,0,0.0,4,4,1,0,0,0,1,0,1,1,1,0,0,alto
1,10000.0,0,0.0,1,3,1,0,0,0,1,0,1,0,0,0,1,medio_alto
3,10000.0,12,0.75,1,3,1,0,0,0,1,1,0,1,0,0,0,gratuito
1,0.0,0,0.0,22,3,1,0,0,0,1,0,0,0,0,0,1,gratuito
2,10000.0,8,0.625,2,3,1,0,0,0,1,0,0,1,0,0,1,medio_baixo
2,10000.0,0,0.0,1,5,1,1,1,0,1,1,1,1,0,0,1,medio_alto
5,75000.0,875,0.7954285714285714,10,4,1,0,0,1,1,0,1,0,0,1,1,medio_alto
2,10000.0,20,0.9,1,3,1,0,0,0,1,0,1,0,0,0,1,medio_alto
4,35000.0,33,0.9696969696969697,7,3,1,0,1,0,1,1,1,0,0,0,0,medio_alto
7,10000.0,31,0.8387096774193549,9,2,1,1,1,1,1,1,0,0,0,0,0,baixo
2,75000.0,730,0.9068493150684932,2,5,1,0,0,1,1,1,1,1,0,0,0,gratuito
2,10000.0,58,0.5344827586206896,2,5,1,0,0,0,1,1,1,0,0,0,0,alto
3,10000.0,18,1.0,2,2,1,1,0,4,1,0,0,0,0,0,1,medio_baixo
2,10000.0,0,0.0,1,2,1,0,0,0,1,0,0,1,0,0,0,medio_alto
3,10000.0,75,0.9866666666666667,1,4,1,0,0,1,1,0,1,1,0,1,0,medio_baixo
10,350000.0,337,0.42729970326409494,2,2,1,1,0,1,1,0,1,0,0,0,0,baixo
5,35000.0,205,0.6780487804878049,2,2,1,0,0,0,1,0,0,0,0,0,1,medio_alto
5,10000.0,8,0.5,5,3,1,0,0,0,1,0,0,0,0,0,1,alto
9,350000.0,5079,0.9027367592045679,10,1,1,0,0,1,0,0,1,0,0,0,0,alto
14,150000.0,586,0.8139931740614335,2,3,1,0,0,0,1,1,0,0,1,0,0,medio_baixo
8,35000.0,49,0.673469387755102,1,3,1,0,0,2,1,0,1,1,0,0,0,alto
2,10000.0,2,0.5,4,5,1,1,0,0,1,0,0,0,0,1,1,medio_alto
9,10000.0,13,0.9230769230769231,1,2,1,0,0,0,1,0,0,1,0,0,0,medio_baixo
6,10000.0,18,0.4444444444444444,7,4,1,0,0,0,1,1,1,1,0,0,0,baixo
8,350000.0,1347,0.5746102449888641,13,2,1,1,1,2,0,1,0,0,0,0,0,baixo
2,350000.0,8374,0.7426558395032242,1,4,1,0,0,18,1,1,1,0,1,0,0,alto
1,0.0,0,0.0,1,3,1,0,0,4,0,0,0,0,0,0,1,gratuito
1,0.0,0,0.0,0,0,1,0,0,0,0,0,0,0,0,0,0,gratuito
5,10000.0,6,0.8333333333333334,1,2,1,0,0,1,1,0,0,1,0,0,0,medio_baixo
5,10000.0,34,1.0,1,2,1,1,0,0,1,0,0,1,0,0,0,baixo
3,0.0,0,0.0,0,0,1,0,0,0,0,0,0,0,0,0,0,gratuito
18,35000.0,69,0.855072463768116,1,3,1,0,0,0,0,1,1,0,0,1,0,medio_alto
2,10000.0,0,0.0,30,6,1,0,0,0,1,0,1,1,0,0,0,alto
6,10000.0,89,0.9550561797752809,36,4,1,0,1,10,1,0,0,1,0,1,1,medio_baixo
2,10000.0,13,0.6923076923076923,2,2,1,0,0,0,1,0,0,0,1,0,0,medio_baixo
10,10000.0,28,0.7857142857142857,1,1,1,0,0,0,0,1,0,0,0,0,0,gratuito
4,350000.0,5798,0.8294239392894102,12,3,1,0,0,3,1,0,0,0,0,1,1,alto
19,75000.0,219,0.7214611872146118,5,2,1,0,0,0,0,1,0,0,0,1,0,medio_baixo
3,10000.0,16,0.8125,1,5,1,0,0,0,1,1,1,1,0,1,0,baixo
2,35000.0,118,0.6186440677966102,1,5,1,0,0,0,1,1,1,1,0,0,0,medio_alto
4,75000.0,1546,0.9146183699870634,13,3,1,0,0,0,1,0,1,1,0,0,0,medio_alto
1,10000.0,0,0.0,2,2,1,0,0,0,1,0,0,1,0,0,0,medio_baixo
2,10000.0,36,0.3611111111111111,1,3,1,1,1,5,1,0,0,0,0,0,1,gratuito
3,10000.0,12,0.75,5,2,1,0,0,0,0,1,1,0,0,0,0,medio_alto
6,10000.0,0,0.0,13,2,1,0,0,0,1,0,0,1,0,0,0,gratuito
1,0.0,0,0.0,0,0,1,0,0,0,0,0,0,0,0,0,0,gratuito
8,350000.0,2670,0.9374531835205993,1,4,1,1,0,0,1,0,0,1,0,1,0,gratuito
2,10000.0,12,0.75,6,4,1,0,0,0,1,0,0,0,1,1,0,medio_alto
1,10000.0,0,0.0,14,4,1,1,1,0,1,0,0,1,0,0,0,medio_alto
4,10000.0,0,0.0,1,4,1,0,0,0,1,1,1,0,1,0,0,alto
11,10000.0,88,0.2840909090909091,5,2,1,0,0,0,1,1,0,0,0,0,0,alto
1,10000.0,80,0.7,5,5,1,0,0,2,1,1,1,1,1,0,0,medio_alto
7,10000.0,18,0.5555555555555556,3,1,1,0,0,0,0,0,0,1,0,0,0,medio_alto
2,10000.0,13,0.5384615384615384,1,2,1,0,0,2,0,0,0,1,0,0,1,alto
2,10000.0,8,1.0,2,3,1,1,1,0,1,0,1,0,1,0,0,medio_alto
1,10000.0,0,0.0,1,2,1,0,1,1,1,0,0,0,1,0,0,alto
13,350000.0,1923,0.8772750910036401,2,5,1,0,0,0,1,1,1,0,1,1,0,gratuito
8,10000.0,137,0.708029197080292,1,5,1,0,0,0,1,1,1,1,1,0,0,baixo
1,0.0,0,0.0,0,0,1,0,0,0,0,0,0,0,0,0,0,gratuito
4,75000.0,389,0.8534704370179949,3,2,1,0,0,1,1,0,0,0,1,0,0,alto
2,150000.0,1504,0.9680851063829787,7,3,1,1,0,1,1,1,0,0,0,1,0,alto
2,35000.0,19,0.5789473684210527,1,3,1,0,0,0,1,1,1,0,0,0,0,medio_baixo
5,35000.0,19,0.6842105263157895,1,5,1,0,0,3,1,1,1,1,0,0,0,baixo
6,35000.0,2,1.0,1,1,1,1,1,0,1,0,0,0,0,0,0,medio_alto
7,10000.0,3,1.0,1,3,1,0,0,0,1,1,0,1,0,0,0,medio_baixo
7,35000.0,267,0.7153558052434457,10,3,1,1,0,0,1,1,0,0,0,0,1,baixo
3,0.0,0,0.0,8,4,1,1,1,1,1,1,0,1,0,0,0,gratuito
4,10000.0,0,0.0,4,3,1,1,1,0,1,1,0,0,1,0,0,medio_baixo
2,10000.0,88,0.9204545454545454,1,4,1,0,0,0,1,1,1,1,0,0,0,baixo
2,10000.0,5,0.8,1,4,1,0,0,0,1,1,1,0,0,0,0,medio_alto
5,0.0,0,0.0,1,1,1,0,0,0,0,0,0,0,0,1,0,gratuito
5,10000.0,5,0.8,1,3,1,0,0,0,1,0,0,1,0,1,0,medio_alto
9,10000.0,21,0.3333333333333333,3,2,1,0,0,0,0,0,0,1,0,0,1,medio_baixo
2,35000.0,34,0.7941176470588235,8,6,1,1,1,1,1,1,1,0,1,1,1,alto
3,0.0,0,0.0,0,0,1,0,0,0,0,0,0,0,0,0,0,gratuito
3,10000.0,5,0.2,29,3,1,0,0,0,1,0,0,0,0,0,0,gratuito
4,10000.0,52,0.7692307692307693,3,4,1,0,0,0,1,0,0,1,0,1,1,alto
1,10000.0,0,0.0,8,2,1,0,0,1,0,0,1,1,0,0,0,medio_baixo
9,350000.0,22649,0.9492692834120712,14,2,1,0,0,0,0,1,0,0,0,0,0,gratuito
2,0.0,0,0.0,0,0,1,0,0,0,0,0,0,0,0,0,0,gratuito
6,10000.0,90,0.8111111111111111,10,2,1,1,1,0,1,1,0,0,0,0,0,baixo
8,10000.0,26,0.6538461538461539,1,3,1,0,0,0,1,0,0,1,0,1,0,medio_baixo
4,0.0,0,0.0,1,2,1,0,0,0,0,0,0,1,0,1,0,gratuito
2,0.0,0,0.0,0,0,1,0,0,0,0,0,0,0,0,0,0,gratuito
4,0.0,0,0.0,0,0,1,0,0,0,0,0,0,0,0,0,0,gratuito
5,150000.0,2396,0.7257929883138564,12,4,1,0,0,3,0,1,0,0,0,0,1,alto
2,10000.0,2,0.5,1,2,1,0,0,0,0,0,0,1,0,1,0,baixo
5,35000.0,163,0.9263803680981595,1,5,1,0,0,0,1,0,0,1,0,1,1,gratuito
3,10000.0,0,0.0,2,3,1,0,0,0,1,1,0,0,0,0,0,alto
4,10000.0,5,0.8,1,1,1,0,0,0,0,0,0,1,0,0,0,medio_alto
7,10000.0,10,1.0,1,3,1,0,0,0,1,0,0,1,0,0,1,gratuito
1,10000.0,3,1.0,3,2,1,0,0,0,1,0,1,0,0,0,0,medio_baixo
4,10000.0,6,1.0,1,2,1,1,0,1,1,0,0,0,0,0,1,baixo
5,0.0,0,0.0,0,0,1,0,0,0,0,0,0,0,0,0,0,gratuito
2,10000.0,4,0.5,1,2,1,0,0,0,0,1,0,1,0,0,0,medio_baixo
3,10000.0,3,0.6666666666666666,1,1,1,0,0,0,0,0,0,1,0,0,0,baixo
3,10000.0,13,1.0,5,3,1,1,1,0,1,1,0,1,0,0,0,medio_alto
7,75000.0,231,0.8268398268398268,12,1,1,1,1,4,0,0,0,0,0,0,0,gratuito
4,75000.0,1189,0.9562657695542472,2,2,1,0,0,0,1,1,0,0,0,0,0,baixo
2,10000.0,5,1.0,2,1,1,0,0,0,0,0,1,0,0,0,0,alto
5,10000.0,2,1.0,3,3,1,0,0,0,1,0,0,1,0,0,0,medio_alto
8,350000.0,540,0.7555555555555555,1,2,1,0,0,0,0,0,0,0,0,0,1,gratuito
2,10000.0,9,0.8888888888888888,1,2,1,0,0,0,1,0,1,0,0,0,0,baixo
9,10000.0,16,0.875,1,3,1,1,1,0,1,0,1,0,1,0,0,medio_baixo
9,150000.0,1712,0.7727803738317757,3,3,1,0,0,0,1,1,1,0,0,0,0,alto
12,10000.0,63,0.7619047619047619,1,2,1,1,0,0,0,1,1,0,0,0,0,baixo
4,10000.0,0,0.0,3,3,1,0,0,0,0,0,0,0,0,0,0,gratuito
5,10000.0,7,1.0,4,5,1,0,0,0,1,1,1,1,0,0,0,baixo
2,0.0,0,0.0,5,2,1,0,0,1,0,1,0,0,1,0,0,gratuito
7,10000.0,1,1.0,29,4,1,0,0,0,1,1,0,1,0,0,1,medio_baixo
3,35000.0,1,0.0,1,3,1,0,0,0,1,1,0,0,0,0,0,medio_alto
8,35000.0,531,0.9001883239171374,5,2,1,0,0,0,1,0,1,0,0,0,0,baixo
1,0.0,0,0.0,1,3,1,0,1,0,1,0,0,0,1,1,0,alto
1,0.0,0,0.0,1,5,1,0,0,0,1,1,0,0,0,0,0,gratuito
5,35000.0,1,1.0,2,2,1,0,0,0,1,1,0,0,0,0,0,baixo
9,35000.0,70,0.7142857142857143,1,4,1,0,0,1,1,0,1,1,1,0,0,baixo
3,350000.0,6498,0.8713450292397661,11,5,1,0,0,1,1,1,0,1,0,1,1,alto
1,10000.0,1,1.0,2,3,1,0,0,1,0,0,0,0,1,0,0,alto
9,10000.0,6,0.6666666666666666,1,3,1,1,1,0,0,0,0,0,0,0,0,alto
7,10000.0,11,0.45454545454545453,5,2,1,0,0,0,1,0,0,1,0,0,0,alto
13,35000.0,426,0.6924882629107981,43,7,1,0,0,2,1,0,0,0,0,0,0,gratuito
8,35000.0,142,0.8380281690140845,1,1,1,0,0,1,0,1,0,0,0,0,0,medio_baixo
4,10000.0,16,0.8125,1,5,1,0,0,0,1,1,1,0,1,0,0,medio_baixo
11,10000.0,34,0.5882352941176471,1,1,1,1,0,0,0,0,0,0,0,0,1,baixo
8,350000.0,2375,0.8395789473684211,9,3,1,0,1,2,1,0,0,0,1,1,0,medio_baixo
3,10000.0,10,0.9,2,5,1,0,0,0,1,1,1,1,1,0,0,medio_alto
9,35000.0,608,0.725328947368421,10,2,1,0,0,0,1,0,1,0,0,0,0,baixo
4,10000.0,117,0.6239316239316239,1,4,1,0,0,0,1,0,0,0,0,1,1,alto
3,10000.0,11,0.7272727272727273,2,3,1,0,0,1,1,1,0,1,0,0,0,baixo
2,10000.0,139,0.9568345323741008,10,6,1,0,0,0,1,1,0,1,0,0,1,medio_baixo
10,10000.0,43,0.8604651162790697,2,2,1,0,0,0,0,1,0,0,1,0,0,alto
1,0.0,0,0.0,2,4,1,0,0,0,1,0,0,1,0,1,0,medio_alto
4,0.0,0,0.0,0,0,1,0,0,0,0,0,0,0,0,0,0,gratuito
7,10000.0,19,0.5789473684210527,1,6,1,1,0,1,1,1,1,1,1,1,0,medio_baixo
4,0.0,0,0.0,0,0,1,0,0,0,0,0,0,0,0,0,0,gratuito
9,350000.0,1187,0.8197135636057288,2,3,1,0,0,23,0,0,0,0,0,0,1,alto
3,10000.0,100,0.64,8,1,1,0,0,0,0,0,0,0,0,0,1,alto
1,10000.0,21,1.0,1,1,1,0,0,0,0,0,1,0,0,0,0,medio_alto
2,10000.0,16,0.875,1,2,1,0,1,0,1,0,0,1,0,0,0,medio_alto
5,75000.0,42,0.7857142857142857,1,5,1,0,0,0,1,0,0,1,1,1,0,gratuito
3,10000.0,5,1.0,1,2,1,0,0,0,1,1,0,0,0,0,0,medio_alto
1,0.0,0,0.0,1,1,1,0,0,0,0,0,0,0,0,0,0,medio_alto
11,150000.0,2191,0.7809219534459151,16,6,1,1,0,0,1,1,1,1,0,1,1,baixo
5,10000.0,3,0.6666666666666666,7,2,1,0,1,0,1,0,0,1,0,0,0,baixo
3,10000.0,0,0.0,9,1,1,0,0,0,0,0,0,0,0,0,1,alto
1,10000.0,2,1.0,1,2,1,0,0,0,1,0,0,1,0,0,0,medio_baixo
7,150000.0,1411,0.6385542168674698,9,6,1,1,1,0,1,1,0,1,1,0,0,gratuito
11,10000.0,39,0.48717948717948717,1,5,1,0,0,0,1,1,1,1,0,1,0,medio_alto
3,10000.0,10,1.0,1,3,1,1,0,0,1,0,0,1,0,0,1,medio_alto
4,35000.0,544,0.8455882352941176,11,4,1,0,0,0,1,1,1,0,1,0,0,alto
2,0.0,0,0.0,0,0,1,0,0,0,0,0,0,0,0,0,0,gratuito
6,10000.0,16,0.5625,1,1,1,1,0,0,1,0,0,0,0,0,0,baixo
3,0.0,0,0.0,0,0,1,0,0,0,0,0,0,0,0,0,0,gratuito
2,10000.0,12,0.5,1,2,1,0,0,0,0,1,1,0,0,0,0,baixo
3,0.0,0,0.0,0,0,1,0,0,0,0,0,0,0,0,0,0,gratuito
8,10000.0,55,0.9272727272727272,1,4,1,0,0,0,1,1,1,1,0,0,0,alto
1,0.0,0,0.0,103,6,1,0,0,0,0,1,1,1,0,1,1,baixo
10,10000.0,15,0.6666666666666666,2,3,1,0,0,0,1,1,0,1,0,0,0,baixo
2,10000.0,56,0.875,4,5,1,0,0,0,1,1,1,1,1,0,0,medio_alto
5,10000.0,1169,0.7758768177929855,7,4,1,1,0,1,0,0,1,0,1,1,1,medio_baixo
9,75000.0,791,0.9355246523388117,1,4,1,0,0,0,1,1,0,1,0,0,0,gratuito
12,75000.0,553,0.5479204339963833,6,3,1,0,0,4,0,0,0,0,0,0,1,baixo
1,0.0,0,0.0,1,5,1,0,0,0,1,1,1,0,1,0,0,gratuito
10,75000.0,1318,0.8156297420333839,15,1,1,1,1,2,1,0,0,0,0,0,0,medio_baixo
2,0.0,0,0.0,1,4,1,0,0,0,0,1,0,0,1,0,1,gratuito
2,35000.0,362,0.7458563535911602,8,2,1,0,0,0,1,0,0,1,0,0,0,medio_baixo
2,0.0,0,0.0,5,5,1,0,0,0,1,1,0,1,0,1,0,gratuito
5,75000.0,5,1.0,1,2,1,0,0,0,1,1,0,0,0,0,0,medio_alto
2,10000.0,3,0.3333333333333333,1,5,1,0,0,0,1,1,1,1,0,0,0,alto
1,10000.0,19,0.631578947368421,1,4,1,0,0,0,1,1,1,0,1,0,0,alto
1,75000.0,2142,0.7661064425770309,6,3,1,0,0,0,1,0,0,0,0,1,1,alto
6,10000.0,8,1.0,1,2,1,1,0,0,1,0,0,1,0,0,0,medio_baixo
1,10000.0,0,0.0,1,3,1,0,0,0,1,0,1,0,1,0,0,medio_baixo
2,10000.0,1,1.0,15,2,1,0,0,0,1,0,0,0,0,0,0,alto
7,10000.0,8,0.5,2,2,1,0,0,0,1,0,1,0,0,0,0,medio_baixo
3,0.0,0,0.0,1,3,1,0,0,1,1,0,0,0,1,0,0,gratuito
10,35000.0,59,0.9322033898305084,1,2,1,1,0,1,1,1,0,0,0,0,0,baixo
6,10000.0,41,0.9512195121951219,1,5,1,0,0,0,1,1,0,1,1,1,0,medio_baixo
2,10000.0,37,0.9459459459459459,1,1,1,0,0,1,0,0,0,0,1,0,0,medio_alto
8,10000.0,5,1.0,1,3,1,0,0,0,1,0,0,1,0,1,0,medio_baixo
2,0.0,0,0.0,2,3,1,0,0,0,1,1,0,1,0,0,0,gratuito
4,10000.0,0,0.0,1,3,1,0,0,0,1,1,1,0,0,0,0,alto
9,10000.0,22,0.6363636363636364,4,1,1,0,0,0,0,0,0,1,0,0,0,medio_alto
3,10000.0,2,0.0,1,3,1,0,0,0,1,0,0,1,0,0,0,medio_alto
6,10000.0,0,0.0,2,2,1,0,0,0,1,0,0,1,0,0,0,baixo
6,1500000.0,71148,0.8524484173834823,12,1,1,0,0,18,0,1,0,0,0,0,0,alto
5,10000.0,53,0.8679245283018868,1,2,1,1,1,0,0,0,0,0,0,0,0,gratuito
7,1500000.0,28116,0.9430217669654289,1,4,1,0,0,0,0,0,0,0,0,0,1,alto
8,35000.0,544,0.9227941176470589,3,1,1,0,0,22,0,0,0,0,1,0,0,gratuito
3,10000.0,24,1.0,3,4,1,0,0,0,1,0,0,1,0,0,1,alto
6,10000.0,41,0.6829268292682927,4,2,1,0,0,0,1,0,0,0,0,1,0,baixo
8,35000.0,1408,0.9744318181818182,5,1,1,0,0,1,0,0,1,0,0,0,0,alto
1,10000.0,1,1.0,2,2,1,0,1,0,1,0,1,0,0,0,0,alto
8,10000.0,1,1.0,1,2,1,0,0,0,1,0,0,1,0,0,0,baixo
1,10000.0,179,0.9720670391061452,3,1,1,1,0,0,0,0,0,1,0,0,0,medio_baixo
1,0.0,0,0.0,0,0,1,0,0,0,0,0,0,0,0,0,0,gratuito
3,10000.0,5,1.0,1,2,1,0,0,0,1,0,0,0,1,0,0,medio_baixo
2,0.0,0,0.0,103,4,1,0,0,0,1,1,1,1,0,0,0,baixo
4,350000.0,17685,0.9783432287249081,13,2,1,0,0,10,0,0,0,1,0,0,1,baixo
6,35000.0,191,0.7591623036649214,2,4,1,0,0,0,0,1,0,0,1,1,1,baixo
12,75000.0,604,0.8211920529801324,1,2,1,1,1,2,1,0,0,0,1,0,0,medio_alto
4,750000.0,6833,0.8372603541636178,10,2,1,0,0,5,0,0,0,0,1,1,0,alto
1,10000.0,0,0.0,1,3,1,0,0,0,1,0,0,1,1,0,0,alto
1,10000.0,0,0.0,12,3,1,0,0,0,1,0,0,1,0,1,0,baixo
11,10000.0,35,0.6571428571428571,6,3,1,1,0,0,0,0,0,0,0,0,0,baixo
4,10000.0,3,1.0,1,2,1,0,0,1,1,0,1,0,0,0,0,medio_alto
1,0.0,0,0.0,9,2,1,0,0,0,1,0,0,1,0,0,0,alto
2,10000.0,7,1.0,2,3,1,0,0,0,1,0,0,1,0,0,0,medio_baixo
9,75000.0,94,0.6276595744680851,1,1,1,0,0,0,0,1,0,0,0,0,0,medio_alto
5,10000.0,3,0.0,1,4,1,1,0,0,1,0,1,1,0,1,0,baixo
2,10000.0,1,0.0,1,5,1,0,0,0,1,1,1,0,1,1,0,medio_alto
3,10000.0,22,0.6363636363636364,1,5,1,0,1,1,1,1,1,1,1,0,0,alto
2,0.0,0,0.0,103,3,1,0,0,1,1,0,0,1,0,0,0,gratuito
9,10000.0,62,0.9193548387096774,15,4,1,0,0,0,1,0,1,1,0,0,1,alto
8,10000.0,2,1.0,6,2,1,0,0,0,1,0,0,1,0,0,0,medio_alto
9,150000.0,220,0.8545454545454545,1,2,1,0,0,0,0,0,0,0,0,0,0,gratuito
2,10000.0,6,0.8333333333333334,2,3,1,1,0,0,1,1,1,0,0,0,0,medio_baixo
8,10000.0,14972,0.71039273310179,12,2,1,1,1,0,0,1,1,0,0,0,0,medio_alto
9,10000.0,524,0.8148854961832062,10,3,1,0,0,0,1,1,0,0,1,0,0,baixo
4,0.0,0,0.0,7,4,1,1,1,0,1,0,1,1,0,0,0,gratuito
2,10000.0,37,0.918918918918919,27,3,1,0,0,0,1,0,0,0,1,0,1,medio_baixo
5,0.0,0,0.0,1,4,1,0,0,0,1,1,0,1,0,0,0,gratuito
9,10000.0,1,0.0,1,2,1,0,0,0,1,0,0,1,0,0,0,medio_baixo
7,10000.0,2,1.0,3,3,1,0,0,0,1,0,0,1,0,0,1,medio_alto
5,35000.0,1,1.0,1,2,1,0,0,0,0,1,0,1,0,0,0,baixo
3,10000.0,23,0.6956521739130435,1,5,1,0,0,0,1,0,0,1,0,1,1,baixo
1,0.0,0,0.0,2,2,1,0,0,0,1,1,0,0,0,0,0,medio_baixo
2,35000.0,518,0.8648648648648649,2,3,1,0,0,0,1,1,0,0,0,0,1,medio_baixo
1,0.0,0,0.0,2,2,1,0,0,1,0,0,0,0,0,1,0,gratuito
1,10000.0,0,0.0,1,2,1,0,0,0,1,0,0,0,0,0,1,medio_alto
1,10000.0,15,0.8,1,3,1,0,0,0,1,0,0,1,0,0,1,medio_baixo
1,0.0,0,0.0,1,3,1,0,0,0,0,0,0,1,0,0,0,gratuito
3,10000.0,4,1.0,2,2,1,0,0,1,1,0,0,0,0,0,1,alto
3,35000.0,6,1.0,1,3,1,0,0,1,1,0,0,0,1,1,0,medio_baixo
1,0.0,0,0.0,1,3,1,0,0,0,1,0,1,0,1,0,0,alto
2,75000.0,614,0.8892508143322475,7,1,1,0,0,1,0,0,0,0,0,1,0,medio_alto
5,10000.0,13,1.0,4,2,1,1,0,0,1,1,0,0,0,0,0,alto
3,10000.0,45,0.7111111111111111,1,4,1,0,0,0,1,1,1,1,0,0,0,baixo
7,10000.0,99,0.6262626262626263,5,4,1,0,0,0,1,1,0,0,0,0,1,alto
1,10000.0,66,0.7121212121212122,25,4,1,0,0,0,1,1,1,0,0,0,1,baixo
9,10000.0,13,0.8461538461538461,1,3,1,0,0,0,1,1,1,0,0,0,0,medio_alto
3,10000.0,21,0.7619047619047619,2,1,1,0,0,0,0,0,0,1,0,0,0,medio_baixo
7,35000.0,2,0.5,1,3,1,0,0,0,1,0,1,0,1,0,0,baixo
1,10000.0,0,0.0,2,3,1,0,0,0,1,1,0,1,0,0,0,medio_baixo
9,750000.0,15415,0.7735322737593253,14,5,1,1,1,0,1,0,1,1,0,1,1,alto
7,10000.0,6,0.8333333333333334,1,6,1,0,0,0,1,1,1,1,1,1,0,medio_baixo
7,10000.0,1,1.0,1,3,1,0,0,0,1,1,0,0,0,0,0,medio_alto
7,10000.0,463,0.4773218142548596,2,2,1,0,0,0,0,0,1,0,0,0,0,gratuito
8,35000.0,56,0.5892857142857143,1,3,1,0,0,0,0,1,0,0,0,0,0,gratuito
8,35000.0,62,0.46774193548387094,1,5,1,0,0,0,1,1,0,1,0,1,0,baixo
7,10000.0,79,0.7848101265822784,3,3,1,1,0,0,1,0,0,0,0,1,1,alto
1,10000.0,82,0.5975609756097561,1,6,1,0,0,0,1,0,0,1,1,1,1,alto
7,10000.0,10,0.8,29,2,1,1,0,0,1,0,0,1,0,0,0,baixo
1,10000.0,7,1.0,1,2,1,1,0,0,1,0,0,0,1,0,0,medio_baixo
1,35000.0,208,0.6538461538461539,9,4,1,0,0,0,1,1,1,0,0,0,1,baixo
8,10000.0,38,0.7105263157894737,1,3,1,0,0,1,1,1,0,1,0,0,0,gratuito
7,10000.0,0,0.0,2,1,1,0,0,0,0,0,0,0,1,0,0,baixo
13,7500000.0,101351,0.9578889206815917,11,1,1,0,0,3,0,0,0,0,0,1,0,alto
1,10000.0,0,0.0,11,3,1,1,0,0,1,0,1,0,0,0,1,alto
8,10000.0,0,0.0,1,1,1,0,0,0,0,0,0,0,0,1,0,medio_baixo
7,35000.0,4,0.75,1,1,1,0,0,0,0,0,0,0,1,0,0,baixo
14,75000.0,286,0.8146853146853147,5,1,1,0,0,0,0,1,0,0,0,0,0,gratuito
3,10000.0,1,1.0,1,3,1,0,0,0,1,0,1,1,0,0,0,medio_alto
8,10000.0,1,0.0,3,1,1,0,0,0,0,1,0,0,0,0,0,alto
5,0.0,0,0.0,0,0,1,0,0,0,0,0,0,0,0,0,0,gratuito
6,10000.0,6,0.5,1,3,1,1,0,0,1,0,0,1,0,0,1,baixo
5,0.0,0,0.0,1,3,1,0,0,1,1,0,0,1,0,0,0,gratuito
1,0.0,0,0.0,14,7,1,0,0,0,0,1,1,0,1,0,1,gratuito
3,10000.0,89,0.9438202247191011,9,2,1,0,0,0,0,0,0,0,0,0,0,medio_alto
1,0.0,0,0.0,1,3,1,0,0,0,1,0,1,0,0,0,0,gratuito
6,35000.0,7,0.8571428571428571,1,4,1,0,0,0,1,1,1,1,0,0,0,medio_baixo
2,10000.0,205,0.5951219512195122,12,3,1,0,0,0,0,0,1,1,0,0,1,gratuito
7,35000.0,122,0.6475409836065574,2,1,1,0,0,0,0,0,0,0,0,0,0,baixo
1,10000.0,0,0.0,9,3,1,0,1,1,1,1,1,0,0,0,0,alto
8,150000.0,4083,0.532451628704384,8,1,1,0,0,0,0,1,0,0,0,0,0,baixo
3,35000.0,351,0.7378917378917379,2,3,1,0,0,0,1,1,1,0,0,0,0,medio_alto
4,10000.0,0,0.0,1,3,1,0,0,0,1,1,0,0,0,1,0,medio_alto
2,10000.0,0,0.0,3,1,1,0,0,0,0,0,0,1,0,0,0,medio_baixo
2,0.0,0,0.0,0,0,1,0,0,0,0,0,0,0,0,0,0,gratuito
11,10000.0,275,0.9236363636363636,9,3,1,1,1,0,1,0,0,1,0,1,0,baixo
2,0.0,0,0.0,16,3,1,0,0,0,1,0,0,1,0,0,0,gratuito
6,10000.0,0,0.0,1,6,1,0,0,0,1,0,1,1,1,1,1,medio_baixo
6,10000.0,109,0.6330275229357798,1,1,1,0,0,0,0,0,1,0,0,0,0,baixo
1,10000.0,0,0.0,1,4,1,1,1,0,1,0,1,1,0,0,0,alto
2,75000.0,2,1.0,1,3,1,0,0,0,1,1,0,1,0,0,0,baixo
10,35000.0,185,0.35135135135135137,7,2,1,0,0,0,1,0,0,0,0,0,1,baixo
5,10000.0,4,0.5,4,3,1,0,0,0,1,1,0,0,0,0,0,medio_alto
9,35000.0,272,0.8786764705882353,1,2,1,1,1,1,1,0,0,0,0,0,1,medio_baixo
1,0.0,0,0.0,4,4,1,0,0,0,1,0,0,1,1,0,1,alto
12,150000.0,892,0.7623318385650224,5,4,1,0,0,0,1,0,1,1,1,0,0,medio_alto
7,10000.0,29,0.6896551724137931,1,2,1,0,0,0,1,0,1,0,0,0,0,baixo
1,0.0,0,0.0,13,3,1,0,0,0,1,1,0,1,0,0,0,baixo
2,0.0,0,0.0,5,3,1,0,0,0,0,0,0,1,0,0,0,gratuito
3,10000.0,5,0.8,10,5,1,0,0,0,1,0,1,0,1,0,1,alto
3,10000.0,0,0.0,4,1,1,0,0,0,0,1,0,0,0,0,0,gratuito
7,10000.0,15,0.6666666666666666,1,2,1,0,0,0,1,0,1,0,0,0,0,medio_alto
3,0.0,0,0.0,2,3,1,0,0,0,1,0,0,1,0,0,1,baixo
1,10000.0,7,0.8571428571428571,1,3,1,0,1,0,0,0,0,0,0,0,0,alto
10,75000.0,158,0.6075949367088608,13,1,1,1,1,0,0,0,0,0,0,0,1,baixo
1,0.0,0,0.0,0,0,1,0,0,0,0,0,0,0,0,0,0,gratuito
6,10000.0,72,0.7222222222222222,11,3,1,0,0,0,1,1,0,1,0,0,0,medio_alto
3,10000.0,5,0.2,2,4,1,0,0,0,1,1,1,0,1,0,0,medio_baixo
3,0.0,0,0.0,0,0,1,0,0,0,0,0,0,0,0,0,0,gratuito
10,35000.0,19,0.6842105263157895,10,2,1,1,1,0,1,0,0,0,0,1,0,baixo
1,10000.0,22,0.5909090909090909,1,4,1,0,0,1,1,0,1,1,0,0,1,baixo
2,10000.0,5,0.8,4,4,1,0,0,0,1,0,1,1,0,0,0,gratuito
3,10000.0,10,0.4,21,2,1,0,0,0,0,0,1,1,0,0,0,baixo
1,10000.0,0,0.0,1,4,1,0,0,0,1,0,1,0,1,1,0,alto
8,10000.0,21,1.0,1,2,1,0,0,1,1,1,0,0,0,0,0,baixo
1,0.0,0,0.0,3,2,1,0,0,2,0,1,0,0,0,0,0,gratuito
2,10000.0,0,0.0,1,1,1,0,0,0,0,0,0,0,0,0,1,baixo
3,10000.0,139,0.6402877697841727,1,3,1,0,0,0,0,1,1,0,0,0,1,alto
1,10000.0,0,0.0,4,3,1,0,0,0,0,0,0,0,1,1,1,baixo
4,10000.0,48,0.7916666666666666,10,2,1,0,1,0,1,0,0,0,0,0,1,medio_baixo
1,10000.0,0,0.0,1,2,1,0,0,0,1,0,0,1,0,0,0,medio_alto
4,0.0,0,0.0,0,0,1,0,0,0,0,0,0,0,0,0,0,gratuito
9,10000.0,7,0.8571428571428571,2,5,1,0,0,0,0,1,1,1,0,0,0,medio_alto
11,10000.0,46,0.7391304347826086,7,2,1,1,1,1,1,0,0,0,0,0,0,alto
6,10000.0,11,0.0,1,3,1,0,0,0,1,1,0,0,0,1,0,medio_alto
2,150000.0,901,0.8934517203107658,9,2,1,0,0,0,1,1,0,0,0,0,0,alto
3,10000.0,0,0.0,1,4,1,0,0,0,1,1,0,1,1,0,0,medio_alto
3,35000.0,21,0.8095238095238095,1,4,1,0,0,0,1,1,1,0,0,1,0,medio_baixo
4,10000.0,72,0.8888888888888888,10,5,1,0,0,0,1,1,1,0,1,0,0,medio_baixo
4,10000.0,11,1.0,4,4,1,0,0,1,1,1,1,0,0,0,0,medio_alto
4,10000.0,36,0.6944444444444444,33,1,1,1,1,0,0,0,0,1,0,0,0,medio_baixo
4,10000.0,1,1.0,1,3,1,0,0,0,1,0,0,1,0,1,0,medio_baixo
1,0.0,0,0.0,1,4,1,0,0,0,1,0,1,0,1,0,0,gratuito
8,10000.0,1,1.0,1,4,1,0,0,0,1,0,1,0,1,0,1,medio_alto
9,10000.0,402,0.8507462686567164,1,3,1,1,1,0,1,1,1,0,0,0,0,alto
1,10000.0,17,0.8823529411764706,2,2,1,0,0,0,1,0,1,0,0,0,0,medio_baixo
1,0.0,0,0.0,1,3,1,0,0,0,0,0,0,1,0,1,0,medio_alto
1,10000.0,21,0.7619047619047619,1,3,1,0,0,0,1,0,1,0,0,0,1,baixo
7,10000.0,8,0.125,1,3,1,0,0,0,1,1,0,1,0,0,0,baixo
4,10000.0,30,0.9666666666666667,11,4,1,1,0,0,1,1,0,1,0,1,0,baixo
3,150000.0,1058,0.9697542533081286,7,3,1,0,0,1,1,0,1,0,1,0,0,medio_alto
2,0.0,0,0.0,103,3,1,0,0,0,1,0,1,0,1,0,0,medio_baixo
2,10000.0,1,1.0,1,2,1,0,0,0,0,0,1,0,0,0,1,baixo
9,35000.0,193,0.7305699481865285,7,4,1,1,1,0,1,0,0,1,0,1,1,medio_baixo
4,10000.0,1,1.0,1,2,1,0,0,1,0,1,0,1,0,0,0,baixo
12,350000.0,1687,0.6567871962062833,10,3,1,0,0,0,1,1,1,0,0,0,0,gratuito
2,10000.0,0,0.0,2,2,1,0,0,0,0,0,0,1,1,0,0,baixo
1,75000.0,1484,0.6495956873315364,17,5,1,0,0,0,1,1,0,1,0,1,0,medio_alto
3,10000.0,7,1.0,1,2,1,1,0,0,1,1,0,0,0,0,0,baixo
5,10000.0,0,0.0,1,3,1,0,0,0,1,1,0,1,0,0,0,medio_alto
3,10000.0,22,1.0,3,3,1,1,1,1,1,0,1,1,0,0,0,alto
1,0.0,0,0.0,0,0,1,0,0,0,0,0,0,0,0,0,0,gratuito
1,10000.0,0,0.0,2,3,1,0,0,0,0,1,1,1,0,0,0,medio_baixo
6,35000.0,202,0.9653465346534653,1,1,1,0,0,13,0,1,0,0,0,0,0,gratuito
8,10000.0,35,0.7428571428571429,1,6,1,0,0,1,1,1,1,0,1,1,1,medio_baixo
4,0.0,0,0.0,0,0,1,0,0,0,0,0,0,0,0,0,0,gratuito
4,10000.0,91,0.7472527472527473,1,6,1,0,0,0,1,1,1,1,1,0,0,medio_alto
13,10000.0,1381,0.8783490224475018,1,4,1,0,1,0,1,1,1,1,0,0,0,medio_baixo
11,10000.0,142,0.8169014084507042,1,4,1,0,0,0,1,0,0,0,0,1,1,alto
1,10000.0,1,1.0,1,3,1,0,0,0,0,1,1,1,0,0,0,baixo
4,35000.0,33,0.9696969696969697,1,2,1,1,0,0,0,0,1,0,1,0,0,baixo
10,10000.0,8,0.625,1,2,1,1,0,0,1,0,0,1,0,0,0,alto
2,10000.0,17,0.9411764705882353,4,3,1,0,0,0,1,0,1,0,0,0,1,medio_alto
4,10000.0,76,0.881578947368421,5,4,1,0,0,1,1,1,1,0,1,0,0,alto
3,35000.0,23,0.6521739130434783,2,6,1,0,0,0,1,1,1,1,1,0,0,medio_alto
1,0.0,0,0.0,1,4,1,0,0,0,1,1,0,1,0,0,0,gratuito
5,350000.0,5966,0.6979550787797519,14,1,1,0,0,19,0,0,0,0,0,0,1,alto
1,0.0,0,0.0,10,3,1,0,0,2,1,1,0,1,0,0,0,alto
3,10000.0,82,0.7560975609756098,11,2,1,0,0,0,0,0,0,0,0,1,1,alto
12,10000.0,24,0.4583333333333333,3,2,1,0,0,0,1,0,0,0,0,1,0,alto
3,10000.0,2,1.0,1,2,1,0,0,0,1,0,0,0,0,0,0,medio_baixo
4,10000.0,16,0.875,15,2,1,0,0,0,0,1,0,1,0,0,0,medio_baixo
2,10000.0,129,0.8604651162790697,3,3,1,0,0,0,0,0,0,1,1,0,1,alto
3,10000.0,7,1.0,1,1,1,0,0,0,0,0,0,1,0,0,0,baixo
1,10000.0,0,0.0,12,3,1,0,0,0,0,1,1,0,0,0,1,alto
1,0.0,0,0.0,6,4,1,0,0,0,1,1,1,1,0,0,0,baixo
3,10000.0,16,0.375,2,2,1,0,0,0,1,0,1,0,0,0,0,baixo
10,10000.0,15,0.8666666666666667,1,4,1,0,0,1,1,1,0,0,1,0,0,medio_baixo
8,750000.0,19284,0.9490769549885916,9,1,1,0,0,0,0,0,1,0,0,0,0,medio_baixo
10,10000.0,5,0.8,1,2,1,0,0,0,0,0,1,1,0,0,0,medio_alto
2,10000.0,662,0.7069486404833837,4,4,1,0,0,0,1,0,0,1,0,1,0,alto
1,0.0,0,0.0,0,0,1,0,0,0,0,0,0,0,0,0,0,gratuito
3,10000.0,0,0.0,1,2,1,1,1,0,1,0,0,1,0,0,0,baixo
2,10000.0,13,0.7692307692307693,4,3,1,0,0,0,0,0,0,1,1,0,1,medio_alto
2,0.0,0,0.0,0,0,1,0,0,0,0,0,0,0,0,0,0,gratuito
2,35000.0,13,1.0,1,2,1,0,0,0,1,0,1,0,0,0,0,medio_baixo
1,0.0,0,0.0,1,3,1,0,0,0,1,0,1,1,0,0,0,medio_baixo
10,10000.0,2,0.0,1,2,1,0,0,0,1,0,0,0,0,0,0,medio_baixo
6,35000.0,59,0.6440677966101694,9,2,1,0,0,1,1,0,0,0,0,0,0,gratuito
9,10000.0,20,0.7,3,4,1,1,0,0,1,0,1,1,0,1,0,baixo
14,10000.0,35,0.6857142857142857,5,2,1,0,0,0,1,1,0,0,0,0,0,alto
5,35000.0,15,0.8,1,2,1,0,0,0,1,0,0,1,0,0,0,medio_alto
5,35000.0,29,0.8275862068965517,1,2,1,0,0,0,1,0,1,0,0,0,0,gratuito
7,10000.0,21,0.6666666666666666,1,6,1,0,0,0,1,1,0,1,0,0,0,gratuito
7,10000.0,3,1.0,1,3,1,0,0,0,1,1,0,1,0,0,0,baixo
8,10000.0,41,0.9512195121951219,12,4,1,0,0,0,1,0,0,1,0,1,1,baixo
6,35000.0,236,0.923728813559322,14,2,1,0,0,0,0,1,0,1,0,0,0,medio_baixo
3,10000.0,14,0.7857142857142857,1,4,1,0,0,0,0,1,1,0,0,1,0,alto
9,10000.0,6,1.0,1,5,1,1,1,0,1,1,0,1,0,0,0,alto
6,10000.0,14,0.7857142857142857,4,3,1,1,0,2,1,1,0,1,0,0,0,medio_alto
6,350000.0,5763,0.7041471455838972,9,4,1,0,0,21,0,1,0,1,1,0,0,alto
5,35000.0,438,0.8812785388127854,10,3,1,1,0,0,1,0,1,1,0,0,0,medio_baixo
9,35000.0,76,0.868421052631579,2,3,1,0,0,0,1,0,1,0,0,0,0,gratuito
3,10000.0,0,0.0,2,1,1,0,1,0,0,0,0,1,0,0,0,medio_baixo
6,10000.0,13,0.9230769230769231,1,4,1,0,0,0,1,1,1,1,0,0,0,baixo
3,10000.0,22,0.5454545454545454,6,2,1,0,0,0,0,1,1,0,0,0,0,medio_baixo
19,750000.0,867,0.908881199538639,4,1,1,0,0,0,0,0,0,0,0,1,0,baixo
6,10000.0,52,0.6538461538461539,5,3,1,0,0,0,1,0,1,1,0,0,0,medio_baixo
8,150000.0,163,0.8466257668711656,6,1,1,0,0,4,0,0,1,0,0,0,0,baixo
5,35000.0,12,0.3333333333333333,1,2,1,0,1,0,1,0,1,0,0,0,0,baixo
1,0.0,0,0.0,1,3,1,0,0,0,1,0,0,0,1,1,0,medio_alto
2,10000.0,0,0.0,5,2,1,0,0,0,1,0,0,0,1,0,0,medio_baixo
5,10000.0,4,0.5,1,5,1,0,0,0,1,1,0,0,0,0,0,alto
8,10000.0,135,0.7333333333333333,103,2,1,0,0,0,1,0,0,1,0,0,0,baixo
10,35000.0,325,0.28,1,2,1,0,0,0,0,0,0,0,0,0,1,alto
3,0.0,0,0.0,1,3,1,1,0,8,1,0,0,0,0,1,0,gratuito
2,10000.0,23,0.9565217391304348,1,1,1,0,0,0,0,0,0,0,1,0,0,medio_alto
3,10000.0,14,0.8571428571428571,4,5,1,0,0,0,1,0,1,1,0,0,1,baixo
2,10000.0,1,1.0,1,4,1,0,0,0,1,0,0,1,0,1,1,baixo
4,10000.0,2,0.5,1,2,1,0,0,0,1,1,0,0,0,0,0,alto
1,10000.0,14,1.0,10,4,1,0,0,0,1,1,1,1,0,0,0,medio_baixo
4,35000.0,4,0.75,1,3,1,0,0,0,1,1,1,0,0,0,0,alto
3,0.0,0,0.0,1,2,1,1,0,0,1,1,0,0,0,0,0,gratuito
1,75000.0,1779,0.9336706014614953,7,3,1,0,0,0,1,0,0,1,0,0,1,medio_alto
8,10000.0,42,0.9047619047619048,1,1,1,1,1,0,1,0,0,0,0,0,0,gratuito
4,0.0,0,0.0,1,4,1,0,0,0,1,1,1,0,0,0,0,gratuito
2,0.0,0,0.0,0,0,1,0,0,0,0,0,0,0,0,0,0,gratuito
2,0.0,0,0.0,1,4,1,0,0,0,1,1,0,1,0,0,0,gratuito
9,10000.0,3,1.0,1,4,1,0,0,0,1,1,0,1,0,0,0,alto
5,10000.0,17,0.8235294117647058,1,3,1,0,0,0,0,0,1,0,1,0,0,gratuito
2,10000.0,0,0.0,7,1,1,1,1,0,0,0,0,1,0,0,0,medio_baixo
2,0.0,0,0.0,24,1,1,1,0,0,0,0,0,0,0,1,0,gratuito
6,10000.0,0,0.0,1,2,1,0,0,2,1,0,0,1,0,0,0,baixo
3,10000.0,35,0.8571428571428571,1,3,1,1,1,0,1,0,1,0,1,0,0,medio_alto
1,0.0,0,0.0,0,0,1,0,0,0,0,0,0,0,0,0,0,gratuito
6,10000.0,6,1.0,5,5,1,0,0,0,0,1,1,1,1,1,0,medio_baixo
3,10000.0,2,0.0,1,3,1,0,0,0,1,0,0,1,0,1,0,medio_baixo
5,35000.0,162,0.7592592592592593,27,3,1,0,0,0,0,0,0,1,1,0,1,baixo
3,10000.0,2,0.0,4,4,1,0,0,0,0,0,0,1,1,1,0,baixo
8,150000.0,480,0.6645833333333333,1,5,1,0,0,0,0,1,1,0,0,1,1,medio_alto
2,10000.0,305,0.9475409836065574,13,3,1,0,0,0,1,1,1,0,0,0,0,alto
2,10000.0,0,0.0,1,5,1,0,0,0,1,1,1,1,1,0,0,medio_baixo
2,10000.0,1,0.0,3,2,1,0,0,0,0,0,0,1,0,1,0,medio_alto
4,10000.0,1,0.0,1,2,1,0,0,0,0,1,0,0,0,0,0,alto
2,10000.0,27,0.9629629629629629,2,1,1,0,0,0,0,1,0,0,0,0,0,alto
5,35000.0,51,0.6862745098039216,12,3,1,0,0,0,1,0,1,1,0,0,0,baixo
2,10000.0,0,0.0,1,2,1,0,0,0,1,1,0,0,0,0,0,medio_alto
6,10000.0,42,0.9047619047619048,9,1,1,1,1,0,1,0,0,0,0,0,0,medio_baixo
8,10000.0,5,1.0,1,6,1,0,0,0,1,1,1,1,0,1,0,medio_alto
3,750000.0,11496,0.9183194154488518,11,4,1,0,0,3,1,1,0,0,1,1,0,alto
3,10000.0,5,1.0,1,2,1,1,0,0,1,0,0,1,0,0,0,medio_baixo
2,10000.0,1,1.0,5,5,1,0,0,0,0,1,1,1,1,0,1,medio_alto
5,35000.0,50,0.6,1,2,1,0,0,0,1,1,0,0,0,0,0,baixo
5,10000.0,8,0.625,2,1,1,0,0,0,0,0,0,0,1,0,0,alto
5,75000.0,373,0.8123324396782842,19,4,1,0,0,0,1,0,0,1,0,0,1,gratuito
5,10000.0,21,0.42857142857142855,15,1,1,0,0,0,0,0,0,1,0,0,0,medio_baixo
13,10000.0,58,0.6724137931034483,1,3,1,0,0,0,1,0,0,1,0,1,0,baixo
1,0.0,0,0.0,1,3,1,1,1,0,0,0,1,1,0,0,1,medio_alto
1,0.0,0,0.0,1,3,1,1,1,0,0,0,1,1,0,0,1,medio_alto
1,0.0,0,0.0,0,0,1,0,0,0,0,0,0,0,0,0,0,gratuito
1,10000.0,0,0.0,1,4,1,0,0,0,1,0,0,1,0,0,1,medio_alto
2,10000.0,97,0.979381443298969,4,1,1,0,0,0,0,0,1,0,0,0,0,alto
1,0.0,0,0.0,2,6,1,0,0,0,1,1,1,1,0,1,0,baixo
4,10000.0,0,0.0,1,4,1,1,1,0,1,1,1,0,1,0,0,alto
3,0.0,0,0.0,0,0,1,0,0,0,0,0,0,0,0,0,0,gratuito
1,0.0,0,0.0,1,3,1,0,0,0,1,0,0,0,1,0,0,gratuito
10,10000.0,0,0.0,27,3,1,1,1,0,1,0,0,1,0,1,0,medio_alto
1,10000.0,0,0.0,5,3,1,0,1,0,1,0,0,1,0,0,1,baixo
3,0.0,0,0.0,0,0,1,0,0,0,0,0,0,0,0,0,0,gratuito
8,35000.0,238,0.6764705882352942,24,5,1,0,1,0,1,1,0,0,1,0,1,alto
6,35000.0,279,0.9175627240143369,1,4,1,0,0,0,1,0,0,1,1,0,1,medio_baixo
3,10000.0,33,0.696969696969697,103,3,1,0,0,0,1,0,0,1,0,0,1,baixo
5,150000.0,1352,0.8232248520710059,8,4,1,0,0,0,1,1,1,0,1,0,0,medio_baixo
6,10000.0,1096,0.9406934306569343,1,5,1,0,0,0,1,0,1,1,1,0,1,medio_baixo
4,10000.0,2,0.5,1,1,1,0,0,0,0,0,1,0,0,0,0,medio_baixo
9,10000.0,153,0.41830065359477125,1,5,1,0,0,0,1,1,1,0,0,0,1,alto
7,10000.0,25,0.72,1,3,1,1,1,0,1,0,0,1,0,1,0,alto
2,0.0,0,0.0,0,0,1,0,0,0,0,0,0,0,0,0,0,gratuito
5,10000.0,26,0.6923076923076923,2,3,1,0,0,0,1,0,0,0,1,0,1,medio_baixo
9,10000.0,57,0.2631578947368421,1,2,1,0,0,0,1,0,1,0,0,0,0,baixo
6,10000.0,360,0.9055555555555556,8,2,1,1,1,1,1,0,1,0,0,0,0,baixo
2,10000.0,70,0.6285714285714286,9,3,1,0,0,0,1,1,1,0,0,0,0,alto
8,10000.0,51,0.803921568627451,5,3,1,1,1,2,1,0,0,1,0,1,0,medio_alto
9,10000.0,168,0.9166666666666666,1,3,1,0,0,0,1,1,1,0,0,0,0,medio_alto
1,10000.0,72,0.875,8,2,1,0,0,0,1,1,0,0,0,0,0,alto
6,10000.0,14,0.7142857142857143,1,2,1,0,0,0,0,1,1,0,0,0,0,medio_alto
1,10000.0,0,0.0,1,1,1,0,0,0,1,0,0,0,0,0,0,medio_alto
4,10000.0,2,1.0,2,2,1,0,0,0,0,1,0,0,0,0,0,alto
2,0.0,0,0.0,1,1,1,0,0,0,0,0,0,0,0,0,0,gratuito
7,35000.0,5,1.0,2,2,1,0,0,1,1,0,0,1,0,0,0,baixo
1,10000.0,23,0.9130434782608695,11,3,1,0,0,0,1,0,1,1,0,0,0,medio_alto
2,10000.0,21,0.42857142857142855,11,5,1,1,0,0,1,0,1,1,0,1,1,medio_alto
4,10000.0,33,0.6666666666666666,4,4,1,0,0,0,1,0,1,1,0,1,0,medio_baixo
4,10000.0,16,0.6875,1,5,1,0,0,0,1,1,1,0,1,0,0,gratuito
4,10000.0,0,0.0,1,4,1,0,0,0,1,0,0,1,0,0,1,baixo
8,10000.0,31,0.5483870967741935,2,1,1,0,0,1,0,0,0,0,0,0,1,baixo
10,35000.0,30,0.43333333333333335,1,3,1,0,0,10,0,0,0,0,0,0,0,gratuito
1,10000.0,0,0.0,1,1,1,0,0,0,1,0,0,0,0,0,0,alto
8,3500000.0,123546,0.9252828905832645,12,2,1,1,0,7,0,0,0,0,0,1,1,medio_baixo
5,35000.0,1,1.0,1,3,1,0,0,0,1,1,1,0,0,0,0,medio_alto
1,0.0,0,0.0,27,6,1,0,0,0,1,1,1,1,0,0,0,gratuito
1,10000.0,0,0.0,1,2,1,0,0,0,0,1,0,0,0,0,0,alto
4,10000.0,11,0.45454545454545453,1,3,1,0,0,0,1,1,0,0,0,0,0,gratuito
3,10000.0,142,0.7112676056338029,6,4,1,0,0,0,1,0,1,0,0,0,1,alto
3,10000.0,3,1.0,1,2,1,0,0,0,1,1,0,0,0,0,0,medio_baixo
2,10000.0,0,0.0,1,4,1,0,0,0,1,0,1,1,1,0,0,medio_baixo
2,10000.0,0,0.0,1,7,1,0,0,0,1,1,1,1,1,0,1,baixo
2,0.0,0,0.0,0,0,1,0,0,0,0,0,0,0,0,0,0,gratuito
10,10000.0,117,0.6410256410256411,2,3,1,0,0,0,1,0,1,0,0,0,1,alto
6,10000.0,0,0.0,1,5,1,0,0,0,1,1,1,1,0,0,1,medio_baixo
2,10000.0,21,1.0,1,2,1,1,1,0,1,0,0,1,0,0,0,baixo
8,10000.0,6,0.6666666666666666,1,3,1,0,0,0,1,1,0,1,0,0,0,medio_alto
1,10000.0,0,0.0,1,5,1,0,0,0,1,1,0,0,1,1,0,alto
6,10000.0,41,0.9024390243902439,1,2,1,1,1,0,1,0,0,1,0,0,0,medio_baixo
2,10000.0,16,0.875,2,4,1,1,0,0,1,0,0,0,0,1,0,gratuito
9,35000.0,161,0.7204968944099379,1,3,1,0,0,2,0,0,0,1,0,1,0,gratuito
2,10000.0,1,1.0,2,1,1,0,0,0,0,0,0,1,0,0,0,medio_baixo
4,10000.0,6,0.3333333333333333,1,4,1,0,0,0,1,1,0,0,0,0,0,gratuito
1,0.0,0,0.0,0,0,1,0,0,0,0,0,0,0,0,0,0,gratuito
5,10000.0,199,0.9396984924623115,1,3,1,0,0,0,1,0,0,0,0,1,1,gratuito
5,10000.0,45,0.5555555555555556,103,2,1,0,0,0,1,0,1,0,0,0,0,baixo
6,10000.0,15,0.3333333333333333,1,6,1,0,0,0,1,1,1,1,0,1,1,medio_alto
2,0.0,0,0.0,0,0,1,0,0,0,0,0,0,0,0,0,0,gratuito
1,10000.0,0,0.0,1,3,1,0,0,0,1,1,1,0,0,0,0,medio_alto
3,10000.0,9,1.0,1,4,1,0,0,0,1,1,0,1,0,0,0,medio_alto
3,10000.0,64,0.875,1,5,1,0,0,0,1,1,1,1,0,1,0,baixo
9,10000.0,11,0.8181818181818182,27,3,1,1,0,0,1,1,0,1,0,0,0,medio_baixo
1,10000.0,10,1.0,15,2,1,1,1,0,1,0,0,0,0,1,0,alto
1,10000.0,0,0.0,1,3,1,1,1,0,1,0,0,1,0,0,1,baixo
1,0.0,0,0.0,13,4,1,0,0,0,0,1,1,1,0,0,1,alto
9,10000.0,36,0.6944444444444444,1,2,1,0,0,0,1,0,0,0,0,1,0,medio_baixo
4,10000.0,1,0.0,1,2,1,0,1,0,0,0,1,0,0,0,0,alto
11,10000.0,73,0.6712328767123288,2,2,1,0,0,0,0,1,0,1,0,0,0,baixo
9,10000.0,30,0.7,3,2,1,0,0,0,0,1,0,0,0,0,0,medio_baixo
1,0.0,0,0.0,11,4,1,0,0,0,1,1,1,0,1,0,0,medio_alto
3,10000.0,2,1.0,1,3,1,0,0,0,1,1,0,1,0,0,0,medio_baixo
5,75000.0,995,0.9417085427135679,4,5,1,0,0,2,1,1,1,1,1,0,0,medio_baixo
3,10000.0,14,1.0,8,2,1,1,0,0,1,0,0,1,0,0,0,baixo
1,0.0,0,0.0,2,1,1,0,0,0,1,0,0,0,0,0,0,medio_baixo
3,75000.0,1736,0.9354838709677419,11,3,1,0,0,0,1,1,0,1,0,0,0,medio_baixo
1,35000.0,417,0.9616306954436451,9,2,1,1,1,0,1,0,0,0,0,1,0,alto
2,10000.0,1,0.0,1,3,1,0,0,0,0,0,1,1,0,0,1,alto
9,10000.0,1,0.0,2,1,1,0,0,0,0,0,1,0,0,0,0,medio_alto
4,10000.0,0,0.0,1,1,1,0,0,0,0,1,0,0,0,0,0,medio_baixo
7,10000.0,0,0.0,103,2,1,0,0,0,1,0,0,1,0,0,0,baixo
3,10000.0,82,1.0,3,2,1,1,0,0,1,0,1,0,0,0,0,alto
1,10000.0,64,0.78125,11,4,1,0,0,0,1,1,1,0,1,0,0,medio_alto
4,10000.0,19,0.9473684210526315,1,1,1,0,0,0,0,1,0,0,0,0,0,gratuito
5,10000.0,36,0.8888888888888888,5,4,1,0,0,0,1,0,1,1,0,0,0,medio_alto
4,0.0,0,0.0,0,0,1,0,0,0,0,0,0,0,0,0,0,gratuito
4,10000.0,9,1.0,1,8,1,0,0,0,1,1,1,1,1,1,1,medio_baixo
9,10000.0,7,1.0,1,3,1,0,0,0,1,1,1,0,0,0,0,medio_baixo
1,0.0,0,0.0,0,0,1,0,0,0,0,0,0,0,0,0,0,gratuito
5,0.0,0,0.0,0,0,1,0,0,0,0,0,0,0,0,0,0,gratuito
2,10000.0,4,1.0,1,3,1,1,0,1,1,0,0,1,0,1,0,medio_baixo
1,0.0,0,0.0,1,2,1,0,0,0,1,0,1,0,0,0,0,medio_baixo
6,35000.0,48,0.9583333333333334,1,1,1,0,0,0,0,0,0,0,0,0,1,baixo
7,10000.0,10,1.0,1,3,1,0,0,0,1,1,0,0,0,0,0,gratuito
4,10000.0,58,0.896551724137931,2,2,1,0,0,2,1,1,0,0,0,0,0,alto
4,10000.0,0,0.0,1,2,1,0,0,0,1,0,0,1,0,0,0,baixo
7,75000.0,2371,0.8700970054829186,2,2,1,0,0,0,1,0,0,0,1,0,0,medio_alto
11,350000.0,3744,0.8194444444444444,5,2,1,0,0,0,1,0,0,0,1,0,0,medio_alto
4,10000.0,46,0.9565217391304348,1,1,1,1,1,0,1,0,0,0,0,0,0,medio_alto
3,0.0,0,0.0,103,6,1,1,0,0,0,1,1,1,0,0,1,gratuito
3,35000.0,3,0.6666666666666666,2,2,1,0,0,0,1,0,0,1,0,0,0,medio_alto
2,75000.0,1084,0.9464944649446494,1,3,1,0,0,0,1,0,0,0,1,0,1,medio_alto
4,10000.0,0,0.0,14,2,1,1,0,2,0,0,0,1,1,0,0,alto
1,0.0,0,0.0,1,4,1,0,0,0,1,0,1,1,0,1,0,medio_alto
4,10000.0,13,0.7692307692307693,1,1,1,0,0,0,0,0,0,0,0,1,0,alto
11,10000.0,55,0.8363636363636363,1,3,1,0,0,0,1,1,1,0,0,0,0,baixo
1,10000.0,1,1.0,10,3,1,0,0,0,1,0,0,1,0,0,1,baixo
3,10000.0,257,0.669260700389105,10,2,1,1,0,0,0,1,1,0,0,0,0,medio_alto
1,10000.0,0,0.0,14,1,1,0,0,1,0,1,0,0,0,0,0,alto
9,10000.0,7,0.8571428571428571,3,2,1,0,0,0,0,0,1,1,0,0,0,medio_alto
1,10000.0,0,0.0,28,2,1,0,0,0,1,0,0,0,0,0,1,medio_alto
1,10000.0,11,0.9090909090909091,10,1,1,0,0,0,0,0,0,1,0,0,0,baixo
10,75000.0,99,0.8282828282828283,1,4,1,1,0,0,1,0,0,1,0,1,0,baixo
6,10000.0,0,0.0,2,3,1,0,0,0,1,1,0,0,0,1,0,medio_baixo
3,10000.0,0,0.0,3,2,1,0,0,0,1,0,0,0,1,0,0,gratuito
2,0.0,0,0.0,0,0,1,0,0,0,0,0,0,0,0,0,0,gratuito
6,10000.0,7,1.0,1,1,1,1,0,2,0,1,0,0,0,0,0,medio_baixo
1,10000.0,0,0.0,2,5,1,0,0,0,0,1,0,1,0,1,1,medio_alto
2,150000.0,9868,0.9750709363599513,7,3,1,0,1,0,1,0,1,1,0,0,0,alto
1,10000.0,22,0.7727272727272727,1,4,1,0,0,0,1,1,1,0,0,0,1,medio_baixo
11,10000.0,136,0.4338235294117647,1,3,1,0,0,1,1,0,1,1,0,0,0,baixo
1,10000.0,22,1.0,1,3,1,0,0,0,1,0,1,1,0,0,0,medio_baixo
5,10000.0,8,1.0,2,2,1,0,0,1,1,0,0,1,0,0,0,medio_alto
1,0.0,0,0.0,0,0,1,0,0,0,0,0,0,0,0,0,0,gratuito
3,0.0,0,0.0,0,0,1,0,0,0,0,0,0,0,0,0,0,gratuito
2,10000.0,5,1.0,6,3,1,0,0,0,1,0,0,1,0,1,0,medio_baixo
6,150000.0,375,0.8346666666666667,11,2,1,0,0,1,1,0,1,0,0,0,0,medio_baixo
9,10000.0,2,1.0,1,3,1,0,0,0,1,0,0,0,0,1,1,medio_alto
5,0.0,0,0.0,1,2,1,0,0,0,0,1,0,1,0,0,0,gratuito
2,0.0,0,0.0,0,0,1,0,0,0,0,0,0,0,0,0,0,gratuito
4,0.0,0,0.0,0,0,1,0,0,0,0,0,0,0,0,0,0,gratuito
2,10000.0,1,1.0,1,6,1,0,0,0,1,1,1,1,1,0,1,baixo
2,10000.0,0,0.0,1,4,1,0,0,0,1,1,0,1,0,0,1,alto
7,10000.0,37,1.0,9,2,1,1,1,0,1,1,0,0,0,0,0,medio_alto
2,0.0,0,0.0,0,0,1,0,0,0,0,0,0,0,0,0,0,gratuito
2,10000.0,1,1.0,1,4,1,0,0,0,1,0,1,1,1,0,0,medio_baixo
3,10000.0,0,0.0,1,0,1,0,0,0,0,0,0,0,0,0,0,medio_alto
4,10000.0,0,0.0,3,2,1,0,0,0,1,1,0,0,0,0,0,medio_alto
1,0.0,0,0.0,2,4,1,0,0,0,1,0,1,1,0,0,0,gratuito
1,0.0,0,0.0,0,0,1,0,0,0,0,0,0,0,0,0,0,gratuito
2,10000.0,484,0.7582644628099173,11,2,1,0,0,0,0,0,0,0,0,0,1,alto
4,10000.0,0,0.0,12,1,1,0,0,0,0,0,0,1,0,0,0,baixo
1,10000.0,0,0.0,1,4,1,0,0,0,1,0,0,1,0,0,1,gratuito
9,75000.0,1476,0.8638211382113821,11,2,1,1,0,1,1,1,0,0,0,0,0,medio_baixo
10,10000.0,20,0.4,1,2,1,0,0,0,0,1,1,0,0,0,0,baixo
8,10000.0,11,0.9090909090909091,1,7,1,1,1,2,1,1,1,1,1,1,0,medio_alto
18,1500000.0,21897,0.8139014476868978,5,2,1,0,0,0,0,1,1,0,0,0,0,medio_alto
7,10000.0,9,0.4444444444444444,1,3,1,1,1,0,1,0,1,0,1,0,0,medio_alto
17,75000.0,27,0.5185185185185185,1,2,1,0,0,0,1,0,0,0,0,1,0,medio_baixo
1,10000.0,1,1.0,3,4,1,0,0,0,1,1,0,0,1,0,0,medio_baixo
11,75000.0,154,0.7922077922077922,2,4,1,1,0,0,1,1,0,0,0,0,0,gratuito
13,3500000.0,14804,0.9158335584977033,7,2,1,0,0,0,0,1,1,0,0,0,0,gratuito
17,10000.0,361,0.7562326869806094,2,4,1,0,0,0,1,0,0,1,0,1,1,alto
11,10000.0,39,1.0,1,3,1,1,1,0,1,1,0,0,0,0,0,medio_alto
1,0.0,0,0.0,8,4,1,0,0,0,0,1,1,0,1,0,0,gratuito
10,750000.0,1225,0.8506122448979592,1,2,1,0,0,0,1,0,1,0,0,0,0,baixo
7,10000.0,5,0.8,6,3,1,0,0,0,1,1,0,1,0,0,0,medio_alto
1,10000.0,0,0.0,1,4,1,0,0,0,1,1,0,1,0,0,1,medio_alto
4,0.0,0,0.0,0,0,1,0,0,0,0,0,0,0,0,0,0,gratuito
5,10000.0,0,0.0,3,2,1,0,0,2,0,1,0,0,0,0,1,baixo
2,10000.0,0,0.0,12,4,1,1,0,1,1,0,1,1,1,0,0,alto
5,10000.0,10,0.7,1,1,1,0,0,0,0,0,0,1,0,0,0,medio_alto
5,10000.0,28,0.8214285714285714,6,3,1,0,0,0,1,1,1,0,0,0,0,medio_baixo
1,0.0,0,0.0,2,3,1,0,0,2,1,0,0,1,0,0,1,alto
5,10000.0,0,0.0,4,2,1,0,0,0,1,0,0,0,1,0,0,medio_alto
1,0.0,0,0.0,103,2,1,0,0,0,1,0,0,1,0,0,0,baixo
10,10000.0,23,0.782608695652174,1,3,1,0,0,1,1,1,1,0,0,0,0,medio_baixo
2,10000.0,6,0.8333333333333334,1,3,1,0,0,0,0,1,1,1,0,0,0,alto
1,0.0,0,0.0,1,3,1,1,0,0,1,0,0,0,0,1,0,gratuito
1,0.0,0,0.0,1,4,1,0,0,0,1,1,0,0,0,0,0,gratuito
3,10000.0,6,0.8333333333333334,1,4,1,0,0,0,1,0,1,1,0,0,1,baixo
6,35000.0,50,0.86,2,3,1,0,1,0,1,0,1,0,0,1,0,medio_baixo
3,10000.0,37,0.918918918918919,5,3,1,0,0,0,1,0,1,1,0,0,0,medio_alto
2,10000.0,5,1.0,1,1,1,0,1,0,0,1,0,0,0,0,0,medio_baixo
2,10000.0,209,0.7464114832535885,4,3,1,0,0,1,1,1,0,1,0,0,0,alto
7,10000.0,11,0.8181818181818182,1,3,1,0,0,0,1,1,0,0,1,0,0,medio_alto
3,10000.0,0,0.0,1,2,1,0,0,0,0,0,0,1,0,0,1,alto
17,150000.0,648,0.8935185185185185,1,1,1,1,0,0,0,0,1,0,0,0,0,medio_baixo
9,35000.0,99,0.9191919191919192,9,2,1,0,0,0,1,0,1,0,0,0,0,baixo
10,350000.0,1279,0.7888975762314308,1,4,1,1,1,0,1,1,0,0,0,0,0,gratuito
4,0.0,0,0.0,0,0,1,0,0,0,0,0,0,0,0,0,0,gratuito
7,10000.0,2,1.0,1,1,1,0,0,0,1,0,0,0,0,0,0,alto
7,10000.0,3,0.6666666666666666,1,1,1,0,0,0,0,0,1,0,0,0,0,medio_alto
1,0.0,0,0.0,0,0,1,0,0,0,0,0,0,0,0,0,0,gratuito
2,0.0,0,0.0,0,0,1,0,0,0,0,0,0,0,0,0,0,gratuito
3,10000.0,0,0.0,103,2,1,0,0,0,0,1,1,0,0,0,0,baixo
4,10000.0,18,0.8333333333333334,3,4,1,0,0,0,1,1,1,0,1,0,0,medio_baixo
9,350000.0,2794,0.6621331424481031,13,5,1,1,1,0,0,1,0,1,0,0,1,gratuito
1,0.0,0,0.0,1,2,1,0,0,0,1,0,1,0,0,0,0,medio_baixo
1,0.0,0,0.0,12,2,1,0,0,0,1,0,0,0,0,1,0,alto
2,10000.0,1,1.0,2,3,1,0,0,0,1,0,0,1,0,1,0,medio_baixo
8,10000.0,0,0.0,1,3,1,0,0,0,0,0,0,1,0,0,1,gratuito
4,10000.0,9,0.7777777777777778,1,2,1,0,0,0,1,0,0,0,0,1,0,gratuito
17,350000.0,2490,0.6196787148594377,2,1,1,1,0,0,0,1,0,0,0,0,0,baixo
8,10000.0,173,0.7341040462427746,4,3,1,1,0,3,1,0,0,0,1,1,0,alto
1,10000.0,39,0.9743589743589743,1,4,1,1,1,0,1,0,1,0,1,0,1,medio_alto
8,350000.0,368,0.7418478260869565,2,1,1,0,0,0,0,0,0,0,0,0,0,gratuito
8,350000.0,80,0.45,10,5,1,0,0,0,1,0,0,0,1,1,0,gratuito
7,150000.0,672,0.7916666666666666,5,4,1,0,0,1,1,1,1,0,0,1,0,medio_baixo
2,35000.0,6,0.6666666666666666,1,3,1,0,0,0,1,1,1,0,0,0,0,baixo
3,35000.0,315,0.6253968253968254,9,3,1,0,0,1,1,0,0,0,1,1,0,alto
5,10000.0,63,0.6984126984126984,1,4,1,0,0,0,1,1,1,0,1,0,0,gratuito
8,10000.0,15,0.8666666666666667,1,3,1,1,0,0,1,0,0,0,0,1,1,medio_alto
2,10000.0,56,1.0,11,3,1,1,0,1,1,1,1,0,0,0,0,alto
1,10000.0,4,1.0,2,3,1,0,0,0,1,1,1,0,0,0,0,medio_alto
1,10000.0,0,0.0,2,3,1,0,1,0,1,1,1,0,0,0,0,medio_baixo
7,35000.0,535,0.9214953271028037,1,2,1,0,0,0,1,1,0,0,0,0,0,alto
2,10000.0,33,1.0,10,3,1,0,0,0,1,0,0,0,0,1,1,medio_baixo
3,0.0,0,0.0,0,0,1,0,0,0,0,0,0,0,0,0,0,gratuito
6,10000.0,6,1.0,1,2,1,0,0,0,1,0,0,0,0,0,0,gratuito
2,150000.0,3806,0.9816079873883342,4,3,1,1,1,1,1,0,0,1,0,0,0,gratuito
10,75000.0,86,0.8953488372093024,2,1,1,0,0,1,0,0,0,1,0,0,0,medio_baixo
6,10000.0,7,1.0,1,2,1,0,0,0,1,0,0,1,0,0,0,baixo
6,10000.0,31,0.8387096774193549,23,4,1,0,0,0,1,1,1,0,1,0,0,alto
7,75000.0,589,0.8234295415959253,3,4,1,0,0,0,1,0,1,1,0,0,0,gratuito
1,10000.0,1,1.0,1,3,1,1,0,0,1,0,0,1,0,1,0,medio_alto
2,10000.0,2,1.0,1,3,1,0,0,0,1,1,0,0,0,0,0,gratuito
1,0.0,0,0.0,1,3,1,0,0,0,1,0,0,0,0,1,0,gratuito
1,10000.0,265,0.9660377358490566,2,2,1,1,1,1,1,0,1,0,0,0,0,alto
5,35000.0,12,0.5,8,5,1,1,0,3,1,0,1,1,0,1,1,baixo
6,10000.0,62,0.6774193548387096,103,5,1,0,0,0,1,1,1,1,0,0,1,medio_baixo
1,10000.0,0,0.0,1,2,1,0,0,0,1,0,1,0,0,0,0,medio_baixo
11,75000.0,44,0.36363636363636365,12,2,1,1,1,0,1,0,1,0,0,0,0,medio_baixo
2,10000.0,148,0.9864864864864865,1,3,1,0,0,0,1,1,0,1,0,0,0,medio_baixo
3,10000.0,16,0.5625,1,4,1,0,0,0,1,1,1,1,0,0,0,medio_alto
5,10000.0,8,0.625,1,3,1,0,0,0,1,1,1,0,0,0,0,medio_baixo
1,0.0,0,0.0,1,4,1,0,0,0,0,1,1,1,0,0,0,gratuito
9,350000.0,6678,0.9168912848158132,15,2,1,1,1,1,0,0,0,0,0,1,1,baixo
8,10000.0,12,0.5,1,1,1,0,0,0,0,0,0,1,0,0,0,medio_alto
5,0.0,0,0.0,1,4,1,0,0,0,0,1,1,0,0,0,0,gratuito
9,10000.0,7,0.7142857142857143,6,3,1,0,0,0,1,0,0,1,0,1,0,medio_alto
1,10000.0,0,0.0,1,2,1,0,0,0,0,0,0,0,0,0,0,medio_alto
2,10000.0,1,1.0,1,4,1,0,0,0,1,1,1,1,0,0,0,baixo
5,0.0,0,0.0,1,5,1,1,1,0,1,1,1,1,0,0,0,gratuito
9,10000.0,20,0.8,1,2,1,0,0,1,1,1,0,0,0,0,0,medio_alto
3,0.0,0,0.0,0,0,1,0,0,0,0,0,0,0,0,0,0,gratuito
4,10000.0,1,1.0,1,2,1,0,0,0,0,1,0,1,0,0,0,medio_baixo
1,35000.0,682,0.8548387096774194,4,1,1,1,0,1,0,1,0,0,0,0,0,medio_alto
4,10000.0,6,0.6666666666666666,2,2,1,0,0,0,1,0,0,0,0,0,1,medio_baixo
9,10000.0,101,0.6732673267326733,4,5,1,0,0,0,0,0,0,0,0,0,0,alto
1,10000.0,0,0.0,1,2,1,0,0,0,0,0,1,0,0,0,1,alto
4,35000.0,1232,0.8863636363636364,1,3,1,0,0,1,1,1,0,0,0,0,1,alto
4,0.0,0,0.0,0,0,1,0,0,0,0,0,0,0,0,0,0,gratuito
1,35000.0,657,0.9558599695585996,7,3,1,0,0,1,1,1,1,0,0,0,0,alto
2,10000.0,0,0.0,1,4,1,0,0,3,1,0,0,1,0,1,0,gratuito
2,0.0,0,0.0,103,6,1,0,0,0,1,1,1,1,1,1,0,baixo
4,150000.0,575,0.8956521739130435,9,1,1,1,1,1,0,1,0,0,0,0,0,medio_baixo
4,3500000.0,13107,0.7753109025711452,12,2,1,0,0,4,0,0,0,0,1,1,0,alto
3,10000.0,4,0.25,4,3,1,0,0,0,1,1,1,0,0,0,0,medio_alto
2,10000.0,3,1.0,1,1,1,0,0,0,1,0,0,0,0,0,0,medio_baixo
7,10000.0,1,1.0,1,2,1,1,0,0,1,1,0,0,0,0,0,medio_alto
5,10000.0,1,1.0,1,3,1,0,0,0,1,1,0,1,0,0,0,medio_alto
3,10000.0,506,0.9011857707509882,1,4,1,0,0,0,1,1,1,0,0,0,1,baixo
2,10000.0,0,0.0,1,5,1,0,0,0,1,1,1,1,0,0,0,alto
9,10000.0,20,0.35,4,5,1,1,0,0,1,0,1,1,1,1,0,medio_baixo
2,10000.0,0,0.0,1,3,1,0,0,0,0,1,1,0,0,0,0,gratuito
5,10000.0,2,0.0,1,5,1,0,0,0,1,1,1,0,0,0,1,medio_alto
2,0.0,0,0.0,0,0,1,0,0,0,0,0,0,0,0,0,0,gratuito
9,0.0,0,0.0,3,1,1,0,0,0,0,0,0,1,0,0,0,medio_baixo
6,10000.0,2,0.5,1,1,1,0,0,0,0,0,0,0,0,1,0,baixo
1,10000.0,0,0.0,2,2,1,0,0,0,1,0,0,0,1,0,0,baixo
10,10000.0,81,0.48148148148148145,1,3,1,0,0,0,1,1,1,0,0,0,0,alto
8,35000.0,189,0.9470899470899471,1,4,1,0,0,1,1,0,1,0,1,0,0,gratuito
4,75000.0,5,1.0,1,4,1,0,0,0,1,1,0,1,0,1,0,medio_baixo
1,0.0,0,0.0,2,1,1,0,0,0,0,0,1,0,0,0,0,alto
4,10000.0,0,0.0,1,2,1,0,0,0,1,1,0,0,0,0,0,baixo
4,0.0,0,0.0,1,3,1,1,1,30,1,0,1,0,1,0,0,gratuito
2,0.0,0,0.0,0,0,1,0,0,0,0,0,0,0,0,0,0,gratuito
2,10000.0,34,0.8235294117647058,8,1,1,0,0,0,0,1,0,0,0,0,0,alto
2,10000.0,21,0.9523809523809523,1,4,1,1,0,0,1,1,1,0,0,0,0,gratuito
9,10000.0,12,0.16666666666666666,1,4,1,0,0,0,1,1,1,0,1,0,0,baixo
3,0.0,0,0.0,103,4,1,0,0,0,0,1,1,0,0,1,1,baixo
11,35000.0,119,0.5042016806722689,1,3,1,0,0,0,1,1,0,1,0,0,0,baixo
8,75000.0,1872,0.9038461538461539,2,4,1,0,0,1,1,0,0,0,0,1,1,alto
5,10000.0,1,1.0,1,3,1,0,0,0,1,1,1,0,0,0,0,medio_alto
12,3500000.0,8549,0.6013568838460639,1,3,1,1,0,1,1,1,0,1,0,0,0,baixo
2,0.0,0,0.0,1,3,1,0,0,0,1,1,0,0,0,0,0,gratuito
9,10000.0,48,0.6875,2,2,1,1,1,2,0,0,0,1,0,0,1,medio_alto
2,35000.0,879,0.9135381114903299,19,3,1,0,0,0,1,0,1,1,0,0,0,medio_baixo
2,0.0,0,0.0,10,5,1,0,0,1,1,0,1,1,1,1,0,baixo
1,0.0,0,0.0,0,0,1,0,0,0,0,0,0,0,0,0,0,gratuito
2,10000.0,2,0.5,10,2,1,0,0,0,0,0,0,0,0,0,0,baixo
12,35000.0,377,0.7931034482758621,1,1,1,0,0,1,1,0,0,0,0,0,0,alto
2,0.0,0,0.0,103,9,1,1,1,0,1,1,1,1,1,1,1,alto
5,10000.0,8,0.625,1,3,1,0,0,0,1,0,1,1,0,0,0,medio_baixo
3,10000.0,0,0.0,1,3,1,0,0,0,1,1,1,0,0,0,0,gratuito
2,10000.0,3,1.0,2,4,1,0,0,0,0,0,1,0,1,1,1,alto
2,35000.0,764,0.9345549738219895,1,5,1,0,0,0,1,0,1,1,1,0,1,alto
1,10000.0,22,0.9545454545454546,7,3,1,1,1,0,1,0,1,0,0,1,0,medio_alto
2,0.0,0,0.0,0,0,1,0,0,0,0,0,0,0,0,0,0,gratuito
3,10000.0,3,0.6666666666666666,8,1,1,0,0,0,0,0,0,0,0,1,0,medio_baixo
3,10000.0,19,1.0,15,3,1,0,0,0,1,1,1,0,0,0,0,baixo
1,0.0,0,0.0,3,3,1,0,1,0,1,0,0,1,0,1,0,medio_alto
11,35000.0,155,0.7354838709677419,5,2,1,0,0,0,0,0,0,0,0,1,1,medio_alto
2,10000.0,4,1.0,2,5,1,0,0,0,1,1,0,1,0,1,1,baixo
10,35000.0,114,0.8070175438596491,9,5,1,1,1,0,1,0,0,1,0,1,1,baixo
8,10000.0,15,0.6666666666666666,2,3,1,0,0,0,1,0,1,0,1,0,0,gratuito
1,10000.0,0,0.0,1,1,1,0,0,0,0,0,0,0,0,1,0,medio_baixo
1,10000.0,0,0.0,27,2,1,1,1,0,1,0,0,0,0,0,1,baixo
1,10000.0,41,0.8048780487804879,1,4,1,0,0,0,1,0,0,1,0,1,1,medio_alto
11,150000.0,429,0.634032634032634,7,3,1,1,1,1,1,1,1,0,0,0,0,baixo
12,35000.0,31,0.4838709677419355,1,2,1,1,0,0,0,0,0,0,0,0,0,alto
1,10000.0,0,0.0,3,4,1,0,0,0,0,1,1,0,1,0,0,gratuito
3,35000.0,94,0.851063829787234,1,3,1,0,0,0,1,0,1,0,0,0,1,baixo
12,350000.0,1172,0.8293515358361775,1,3,1,0,0,0,1,1,0,0,0,1,0,baixo
5,10000.0,25,0.96,1,6,1,0,0,0,1,0,1,1,1,1,0,medio_alto
9,75000.0,361,0.7229916897506925,1,1,1,0,0,0,0,0,0,0,0,0,0,gratuito
5,75000.0,3071,0.9833930315858027,1,5,1,1,1,4,1,0,1,1,1,0,0,alto
5,10000.0,5,0.8,1,1,1,0,0,0,0,0,1,0,0,0,0,gratuito
4,10000.0,0,0.0,1,2,1,0,0,0,0,0,0,1,0,0,1,alto
1,10000.0,0,0.0,11,3,1,0,0,0,1,1,0,1,0,0,0,medio_baixo
6,10000.0,4,0.5,1,3,1,0,0,0,1,0,0,1,0,0,1,medio_baixo
2,10000.0,7,1.0,1,2,1,0,0,0,1,1,0,0,0,0,0,baixo
1,10000.0,0,0.0,12,2,1,0,0,3,0,0,0,0,0,1,1,alto
5,350000.0,488,0.7295081967213115,8,2,1,1,1,2,1,1,0,0,0,0,0,baixo
2,10000.0,145,0.9310344827586207,1,3,1,0,1,0,1,1,0,1,0,0,0,medio_baixo
3,75000.0,97,0.7731958762886598,7,5,1,0,0,2,1,0,1,1,0,1,1,medio_alto
2,10000.0,17,0.9411764705882353,1,4,1,1,1,0,1,0,1,1,1,0,0,medio_alto
8,10000.0,64,0.40625,1,3,1,0,0,0,1,1,0,0,0,1,0,baixo
1,10000.0,0,0.0,2,6,1,0,0,0,1,1,1,1,1,0,1,baixo
1,10000.0,1,1.0,1,1,1,0,0,0,0,0,0,1,0,0,0,medio_baixo
2,10000.0,22,0.9090909090909091,1,2,1,0,0,0,1,0,0,0,0,0,0,gratuito
11,350000.0,7081,0.9326366332438921,8,3,1,1,0,0,1,0,1,1,0,0,0,alto
12,350000.0,765,0.7973856209150327,1,4,1,0,0,0,1,0,0,1,0,1,1,medio_baixo
6,10000.0,57,0.7894736842105263,1,3,1,1,0,0,1,1,1,0,0,0,0,baixo
2,10000.0,1,1.0,1,2,1,0,0,0,1,0,1,0,0,0,0,medio_baixo
9,10000.0,60,0.8,103,4,1,1,0,0,1,1,0,0,1,1,0,alto
5,35000.0,48,0.7291666666666666,2,4,1,0,0,0,1,0,1,1,0,1,0,alto
7,10000.0,331,0.9093655589123867,1,3,1,1,0,0,1,0,1,1,0,0,0,baixo
6,10000.0,12,0.4166666666666667,1,3,1,0,0,0,1,1,0,1,0,0,0,baixo
2,10000.0,188,0.9680851063829787,10,2,1,0,0,1,0,1,1,0,0,0,0,alto
2,35000.0,4,1.0,1,2,1,0,0,0,1,0,0,1,0,0,0,medio_baixo
1,10000.0,7,0.5714285714285714,1,3,1,0,0,0,1,1,1,0,0,0,0,medio_baixo
1,10000.0,6,1.0,3,3,1,0,0,0,1,0,1,1,0,0,0,baixo
7,10000.0,9,0.5555555555555556,1,2,1,0,0,0,1,1,0,0,0,0,0,gratuito
1,0.0,0,0.0,11,2,1,0,0,0,1,0,0,1,0,0,0,medio_alto
6,10000.0,24,0.5833333333333334,1,5,1,0,0,0,1,0,0,1,1,1,0,alto
1,0.0,0,0.0,1,3,1,0,0,0,1,0,0,1,0,0,0,gratuito
4,0.0,0,0.0,1,2,1,0,0,0,1,1,0,0,0,0,0,gratuito
1,10000.0,0,0.0,2,3,1,0,0,0,1,0,0,1,0,1,0,medio_baixo
13,350000.0,2468,0.7463533225283631,4,3,1,0,0,6,1,0,0,0,1,1,0,medio_alto
7,10000.0,11,0.7272727272727273,2,3,1,0,0,0,1,1,1,0,0,0,0,baixo
3,0.0,0,0.0,1,4,1,0,0,0,1,1,0,1,0,0,0,gratuito
5,10000.0,2,0.5,1,4,1,0,0,0,1,1,1,0,0,1,0,medio_baixo
9,10000.0,5,0.8,1,4,1,0,0,0,1,1,0,1,0,0,0,medio_alto
1,10000.0,249,0.8514056224899599,7,3,1,0,0,0,1,1,1,0,0,0,0,alto
1,0.0,0,0.0,0,0,1,0,0,0,0,0,0,0,0,0,0,gratuito
3,150000.0,1351,0.9348630643967432,11,4,1,1,0,1,1,0,1,1,1,0,0,alto
6,75000.0,148,0.8986486486486487,1,2,1,0,0,0,1,0,1,0,0,0,0,medio_baixo
3,0.0,0,0.0,1,3,1,0,0,0,0,0,0,1,0,0,0,gratuito
6,35000.0,149,0.5302013422818792,3,3,1,0,0,1,1,0,1,1,0,0,0,alto
7,10000.0,2,1.0,2,3,1,0,0,0,1,1,0,0,0,0,1,baixo
8,10000.0,17,0.8823529411764706,1,5,1,0,0,1,1,1,0,1,0,0,1,alto
3,10000.0,97,0.8556701030927835,6,3,1,0,0,1,1,0,1,0,1,0,0,medio_alto
1,10000.0,15,1.0,10,2,1,0,0,0,1,0,0,1,0,0,0,baixo
7,35000.0,142,0.8169014084507042,6,5,1,0,0,2,1,1,1,0,1,0,0,gratuito
1,350000.0,8297,0.9669760154272629,15,3,1,0,0,0,0,1,1,0,1,0,0,medio_alto
3,0.0,0,0.0,2,3,1,0,0,0,1,1,0,0,0,0,0,gratuito
3,35000.0,387,0.9069767441860465,1,3,1,0,0,0,0,0,1,1,0,0,1,medio_alto
3,0.0,0,0.0,0,0,1,0,0,0,0,0,0,0,0,0,0,gratuito
4,35000.0,166,0.891566265060241,3,2,1,0,0,0,0,0,1,0,1,0,0,medio_alto
5,75000.0,149,0.912751677852349,2,2,1,0,0,0,1,0,1,0,0,0,0,medio_alto
1,10000.0,0,0.0,17,3,1,0,0,2,1,1,1,0,0,0,0,alto
7,10000.0,42,0.7857142857142857,1,3,1,0,1,0,1,1,0,1,0,0,0,medio_alto
3,10000.0,73,0.9452054794520548,1,1,1,0,0,0,0,0,0,1,0,0,0,baixo
5,10000.0,0,0.0,1,3,1,0,0,0,0,1,1,0,0,0,0,medio_alto
1,0.0,0,0.0,5,4,1,1,1,0,1,0,1,0,1,0,0,gratuito
8,75000.0,211,0.4549763033175355,1,3,1,0,0,0,1,1,0,0,0,0,0,gratuito
3,10000.0,40,0.95,1,2,1,0,1,1,1,0,0,0,0,1,0,alto
12,150000.0,1530,0.8176470588235294,2,2,1,1,1,1,1,1,0,0,0,0,0,medio_baixo
5,10000.0,14,1.0,1,4,1,0,0,0,1,0,0,1,0,0,1,gratuito
7,10000.0,0,0.0,1,3,1,0,0,1,1,0,0,1,0,0,1,baixo
8,10000.0,5,0.8,7,2,1,0,0,0,0,0,0,1,0,0,1,baixo
2,0.0,0,0.0,1,3,1,1,1,1,1,0,0,0,0,1,0,gratuito
8,35000.0,383,0.9738903394255874,1,2,1,0,0,1,1,1,0,0,0,0,0,medio_alto
1,0.0,0,0.0,2,1,1,0,0,0,1,0,0,0,0,0,0,alto
17,350000.0,689,0.806966618287373,1,2,1,0,0,0,1,0,1,0,0,0,0,baixo
7,10000.0,97,0.6082474226804123,13,4,1,1,0,1,1,0,1,0,0,1,1,medio_baixo
8,10000.0,1,0.0,1,2,1,0,0,0,1,0,0,1,0,0,0,medio_baixo
7,10000.0,6,1.0,2,3,1,0,0,0,1,1,1,0,0,0,0,medio_alto
7,10000.0,5,0.8,1,5,1,0,0,0,1,1,1,1,1,0,0,medio_baixo
7,10000.0,98,0.7040816326530612,2,3,1,0,0,0,1,0,1,0,0,0,0,gratuito
1,10000.0,0,0.0,1,1,1,0,0,0,0,0,0,0,1,0,0,alto
4,10000.0,2,1.0,2,1,1,0,0,0,0,0,0,1,0,0,0,alto
3,75000.0,163,0.6871165644171779,5,4,1,0,0,1,1,1,1,1,0,0,0,alto
4,10000.0,0,0.0,1,6,1,1,1,1,1,1,1,0,1,1,0,gratuito
4,75000.0,4,1.0,3,2,1,1,0,0,1,0,1,0,0,0,0,medio_baixo
9,75000.0,143,0.5734265734265734,1,6,1,0,0,0,1,1,1,1,0,0,1,baixo
11,10000.0,124,0.5483870967741935,2,3,1,0,0,0,1,0,0,0,0,0,1,medio_alto
2,10000.0,3,0.6666666666666666,2,6,1,0,0,0,1,1,1,1,1,0,1,alto
3,35000.0,6,1.0,1,5,1,0,0,0,1,1,1,0,1,0,0,medio_baixo
1,10000.0,13,0.9230769230769231,1,3,1,0,0,0,1,0,1,1,0,0,0,baixo
3,0.0,0,0.0,0,0,1,0,0,0,0,0,0,0,0,0,0,gratuito
7,10000.0,1006,0.9125248508946322,1,3,1,0,0,0,0,1,1,0,0,0,1,alto
3,10000.0,81,0.7407407407407407,10,2,1,0,0,0,0,0,1,0,0,1,0,medio_baixo
13,3500000.0,14853,0.7324446239816872,11,6,1,1,1,73,0,1,1,0,1,0,1,gratuito
4,10000.0,114,0.8947368421052632,2,1,1,1,1,0,0,0,0,0,0,0,1,medio_baixo
4,10000.0,34,0.8529411764705882,1,3,1,0,0,0,0,0,0,1,0,0,1,alto
1,35000.0,15,0.9333333333333333,1,3,1,0,0,0,1,1,1,0,0,0,0,medio_baixo
2,350000.0,3863,0.9588402795754595,11,4,1,1,0,0,1,0,1,1,0,0,1,medio_alto
5,35000.0,2,0.5,1,1,1,0,0,0,1,0,0,0,0,0,0,baixo
9,10000.0,26,0.7307692307692307,1,3,1,1,1,0,1,0,1,0,0,0,1,medio_baixo
1,10000.0,0,0.0,1,3,1,0,0,0,0,1,0,1,0,0,1,medio_alto
5,75000.0,21,0.9523809523809523,27,1,1,0,1,1,0,0,0,0,0,1,0,baixo
8,10000.0,7,1.0,1,3,1,0,0,0,1,1,0,0,0,0,0,medio_alto
2,0.0,0,0.0,2,3,1,0,0,0,1,0,0,0,0,0,1,gratuito
9,10000.0,17,0.8235294117647058,2,1,1,0,0,0,0,0,0,0,0,1,0,alto
8,10000.0,10,0.5,1,2,1,0,0,0,1,0,1,0,0,0,0,medio_alto
2,10000.0,5,1.0,1,4,1,0,1,0,1,0,0,1,0,1,1,baixo
6,1500000.0,9315,0.9444981213097156,5,4,1,0,1,3,1,1,1,0,1,0,0,medio_alto
2,10000.0,0,0.0,1,1,1,0,0,0,0,0,0,1,0,0,0,baixo
5,10000.0,21,0.7619047619047619,1,4,1,0,0,0,1,0,0,1,0,0,1,baixo
3,10000.0,189,0.9206349206349206,1,1,1,0,0,0,0,1,0,0,0,0,0,medio_baixo
2,0.0,0,0.0,0,0,1,0,0,0,0,0,0,0,0,0,0,gratuito
4,0.0,0,0.0,1,3,1,1,1,1,1,0,1,0,0,0,0,gratuito
10,350000.0,708,0.6949152542372882,1,3,1,1,1,0,1,0,1,1,0,0,0,baixo
12,150000.0,448,0.828125,1,1,1,0,0,8,0,0,0,0,0,1,0,alto
2,10000.0,0,0.0,3,3,1,0,0,0,1,0,0,1,0,0,1,medio_alto
1,0.0,0,0.0,0,0,1,0,0,0,0,0,0,0,0,0,0,gratuito
3,10000.0,53,0.9622641509433962,2,1,1,0,0,0,0,1,0,0,0,0,0,medio_baixo
5,10000.0,17,1.0,1,2,1,1,1,1,1,0,0,1,0,0,0,medio_alto
1,35000.0,1,0.0,1,0,1,0,0,0,0,0,0,0,0,0,0,baixo
4,10000.0,19,0.5263157894736842,2,2,1,0,0,0,0,1,1,0,0,0,0,medio_baixo
2,0.0,0,0.0,0,0,1,0,0,0,0,0,0,0,0,0,0,gratuito
1,10000.0,0,0.0,2,2,1,0,0,0,1,0,0,1,0,0,0,medio_baixo
3,10000.0,482,0.6846473029045643,7,2,1,0,0,3,0,0,0,0,0,0,0,medio_alto
1,0.0,0,0.0,20,3,1,0,0,0,1,1,0,0,0,0,1,baixo
12,350000.0,1061,0.6616399622997172,2,6,1,0,0,0,1,1,0,0,0,1,0,gratuito
9,10000.0,131,0.8931297709923665,1,3,1,0,0,1,1,0,1,1,0,0,0,medio_alto
16,350000.0,3154,0.8681039949270767,1,1,1,0,0,0,0,0,0,0,0,0,0,alto
4,0.0,0,0.0,1,2,1,0,0,0,0,0,0,0,1,0,0,gratuito
4,0.0,0,0.0,1,3,1,0,0,0,0,1,1,0,0,0,0,gratuito
4,10000.0,1,1.0,1,4,1,0,0,0,0,0,0,0,1,1,1,medio_baixo
4,75000.0,307,0.6514657980456026,6,3,1,0,0,2,1,1,1,0,0,0,0,alto
10,35000.0,89,0.8876404494382022,2,3,1,0,0,5,1,0,1,1,0,0,0,alto
8,10000.0,71,0.6056338028169014,1,3,1,1,1,1,1,0,1,0,1,0,0,baixo
5,35000.0,5,0.8,2,8,1,0,0,0,1,1,1,1,1,1,1,baixo
12,350000.0,4440,0.970945945945946,9,3,1,1,1,0,1,0,0,1,0,1,0,baixo
8,35000.0,280,0.8,2,3,1,0,0,0,0,0,0,0,1,1,1,baixo
15,10000.0,79,0.6329113924050633,8,3,1,1,1,0,1,0,1,1,0,0,0,alto
8,10000.0,18,0.3888888888888889,2,5,1,0,0,0,1,1,1,1,1,0,0,medio_alto
2,10000.0,12,0.8333333333333334,1,4,1,0,0,0,1,1,0,1,1,0,0,baixo
1,10000.0,0,0.0,5,1,1,1,1,0,0,0,0,1,0,0,0,alto
1,0.0,0,0.0,103,2,1,0,0,0,1,0,0,1,0,0,0,medio_baixo
2,150000.0,1353,0.9467849223946785,13,3,1,1,0,0,1,1,1,0,0,0,0,medio_alto
9,35000.0,324,0.8950617283950617,3,4,1,1,1,0,1,0,0,1,0,0,1,gratuito
6,35000.0,1081,0.8196114708603145,7,3,1,0,0,1,1,0,1,1,0,0,0,medio_alto
1,10000.0,63,1.0,3,1,1,0,0,0,0,0,1,0,0,0,0,medio_baixo
1,10000.0,0,0.0,1,2,1,0,0,1,1,0,0,0,1,0,0,medio_alto
1,0.0,0,0.0,0,0,1,0,0,0,0,0,0,0,0,0,0,gratuito
2,0.0,0,0.0,10,3,1,0,0,0,1,0,0,0,0,0,1,gratuito
3,10000.0,15,0.8,1,3,1,0,0,1,1,0,1,0,0,0,0,gratuito
1,10000.0,0,0.0,1,2,1,0,0,0,0,0,0,1,0,0,0,medio_baixo
6,35000.0,5,0.4,1,2,1,1,0,0,0,0,1,1,0,0,0,baixo
1,10000.0,0,0.0,4,2,1,0,0,1,0,0,1,1,0,0,0,medio_alto
1,10000.0,0,0.0,1,3,1,0,0,0,1,0,0,1,0,0,1,alto
1,10000.0,0,0.0,5,3,1,0,0,0,0,1,1,0,0,0,0,alto
1,10000.0,0,0.0,1,4,1,0,0,0,1,0,1,1,0,0,0,gratuito
2,10000.0,30,0.8,12,3,1,0,0,0,0,1,0,0,0,0,0,alto
1,0.0,0,0.0,6,3,1,1,0,0,1,0,1,0,0,0,0,gratuito
4,10000.0,6,1.0,2,3,1,0,0,0,1,1,0,1,0,0,0,baixo
6,10000.0,15,0.8,1,2,1,0,0,0,0,1,0,1,0,0,0,medio_alto
10,10000.0,35,0.7142857142857143,1,2,1,0,0,0,0,0,1,1,0,0,0,medio_alto
4,0.0,0,0.0,0,0,1,0,0,0,0,0,0,0,0,0,0,gratuito
1,0.0,0,0.0,0,0,1,0,0,0,0,0,0,0,0,0,0,gratuito
8,10000.0,45,0.6888888888888889,2,8,1,0,0,0,0,1,1,1,1,1,1,gratuito
5,150000.0,4538,0.9876597620096959,2,4,1,1,0,0,1,0,1,0,1,1,0,gratuito
2,10000.0,3,1.0,2,3,1,0,0,0,1,0,0,1,0,1,0,medio_baixo
1,0.0,0,0.0,1,1,1,0,0,0,0,0,0,0,0,0,0,gratuito
3,10000.0,16,0.625,4,2,1,1,0,0,0,0,0,0,0,1,0,gratuito
2,10000.0,2,1.0,1,3,1,0,0,0,1,1,0,1,0,0,0,baixo
4,10000.0,16,1.0,1,2,1,0,0,0,1,0,0,1,0,0,0,baixo
3,10000.0,38,0.9736842105263158,7,2,1,0,0,0,0,0,1,1,0,0,0,medio_alto
11,10000.0,24,0.9166666666666666,1,4,1,1,1,0,1,1,0,0,0,1,1,baixo
7,10000.0,3,0.6666666666666666,4,3,1,0,0,0,1,1,0,1,0,0,0,baixo
2,10000.0,98,0.7142857142857143,12,5,1,0,0,0,1,1,1,1,0,1,0,alto
13,150000.0,424,0.8207547169811321,7,2,1,0,0,0,1,1,0,0,0,0,0,baixo
5,10000.0,21,0.9047619047619048,1,4,1,1,0,0,1,1,1,1,0,0,0,baixo
1,10000.0,0,0.0,1,2,1,0,0,0,1,1,0,0,0,0,0,baixo
6,10000.0,2,1.0,1,1,1,0,0,0,0,0,0,1,0,0,0,medio_baixo
1,0.0,0,0.0,0,0,1,0,0,0,0,0,0,0,0,0,0,gratuito
5,10000.0,1,1.0,1,2,1,0,0,0,1,0,0,1,0,0,0,medio_baixo
3,10000.0,4,0.5,1,2,1,0,0,0,1,1,0,0,0,0,0,baixo
4,0.0,0,0.0,0,0,1,0,0,0,0,0,0,0,0,0,0,gratuito
1,10000.0,0,0.0,1,3,1,0,1,0,1,1,0,1,0,0,0,medio_baixo
3,10000.0,12,1.0,1,3,1,1,1,0,1,1,0,0,0,0,0,medio_alto
6,10000.0,15,0.8666666666666667,1,4,1,0,0,0,1,1,0,1,0,0,0,gratuito
12,150000.0,403,0.8089330024813896,1,2,1,0,0,0,0,1,0,0,0,1,0,baixo
2,10000.0,67,0.4626865671641791,3,6,1,0,0,0,1,1,1,1,1,0,1,medio_baixo
5,10000.0,34,0.8529411764705882,1,2,1,0,0,1,1,1,0,0,0,0,0,medio_alto
7,10000.0,94,0.8617021276595744,1,1,1,0,0,0,0,0,0,1,0,0,0,baixo
6,10000.0,42,0.8333333333333334,1,4,1,0,0,0,1,1,1,1,0,0,0,baixo
9,10000.0,22,0.5909090909090909,1,6,1,0,0,0,1,1,1,0,1,0,0,alto
6,10000.0,7,0.42857142857142855,2,3,1,0,0,1,1,1,0,1,0,0,0,medio_alto
8,10000.0,2,1.0,1,2,1,0,0,0,1,0,0,1,0,0,0,medio_baixo
7,10000.0,63,0.9206349206349206,1,4,1,0,0,0,1,0,1,0,0,1,0,alto
7,10000.0,11,1.0,1,3,1,0,0,0,1,1,1,0,0,0,0,alto
13,0.0,0,0.0,1,2,1,1,1,0,1,0,1,0,0,0,0,baixo
2,10000.0,21,0.5714285714285714,9,3,1,0,0,0,1,1,1,0,0,0,0,medio_alto
6,10000.0,35,0.6857142857142857,2,3,1,0,0,0,1,0,1,0,0,0,1,baixo
11,350000.0,1051,0.857278782112274,8,3,1,1,1,4,1,1,1,0,0,0,0,baixo
1,0.0,0,0.0,4,3,1,0,0,1,0,0,0,1,0,1,1,alto
2,10000.0,0,0.0,1,1,1,0,0,0,0,0,0,1,0,0,0,medio_alto
2,10000.0,10,0.6,1,3,1,0,1,0,1,1,0,0,0,0,1,medio_baixo
3,35000.0,214,0.7616822429906542,2,2,1,0,0,0,0,1,0,0,1,0,0,alto
11,35000.0,103,0.5728155339805825,2,3,1,1,0,0,1,0,0,1,0,1,0,baixo
1,10000.0,0,0.0,1,6,1,0,0,0,1,0,1,1,1,1,0,baixo
1,10000.0,0,0.0,1,2,1,0,0,0,1,1,0,0,0,0,0,medio_alto
4,10000.0,40,0.325,5,2,1,0,0,19,0,0,0,0,1,1,0,alto
6,10000.0,8,0.875,1,3,1,0,0,0,1,1,1,0,0,0,0,baixo
6,10000.0,233,0.9356223175965666,14,3,1,0,0,3,1,1,0,1,0,0,0,baixo
2,1500000.0,34840,0.9081802525832376,12,3,1,0,0,8,0,1,1,0,1,0,0,alto
6,35000.0,55,0.9272727272727272,1,3,1,0,0,1,1,0,1,0,1,0,0,alto
5,10000.0,19,0.9473684210526315,1,1,1,0,0,0,1,0,0,0,0,0,0,baixo
6,10000.0,0,0.0,1,1,1,0,0,0,0,1,0,0,0,0,0,medio_baixo
1,10000.0,0,0.0,1,2,1,0,0,0,1,0,0,1,0,0,0,baixo
2,10000.0,112,0.9821428571428571,1,1,1,0,0,0,0,1,0,0,0,0,0,medio_baixo
10,10000.0,122,0.8360655737704918,1,5,1,0,0,0,1,1,0,0,0,1,1,gratuito
5,10000.0,111,0.6846846846846847,8,3,1,0,1,0,1,0,0,0,0,1,1,alto
4,0.0,0,0.0,0,0,1,0,0,0,0,0,0,0,0,0,0,gratuito
4,10000.0,22,0.5909090909090909,1,4,1,0,0,0,1,0,0,1,0,1,1,baixo
1,35000.0,2,1.0,1,2,1,0,0,0,0,0,0,0,0,0,1,medio_alto
2,0.0,0,0.0,0,0,1,0,0,0,0,0,0,0,0,0,0,gratuito
5,150000.0,1182,0.7639593908629442,12,1,1,1,0,1,0,0,1,0,0,0,0,medio_baixo
2,10000.0,2,1.0,1,1,1,0,0,0,0,0,0,1,0,0,0,medio_alto
3,0.0,0,0.0,0,0,1,0,0,0,0,0,0,0,0,0,0,gratuito
3,0.0,0,0.0,1,3,1,1,0,0,1,1,0,0,1,0,0,gratuito
11,10000.0,45,0.5111111111111111,1,2,1,0,0,0,1,1,0,0,0,0,0,gratuito
2,75000.0,2156,0.9206864564007421,5,2,1,0,0,0,1,1,0,0,0,0,0,alto
5,10000.0,13,1.0,3,2,1,0,0,0,1,0,0,0,0,0,1,medio_baixo
9,10000.0,8,0.5,3,4,1,0,0,0,1,1,1,0,0,0,0,medio_alto
1,10000.0,0,0.0,5,4,1,0,0,0,0,1,1,0,1,0,1,medio_baixo
2,10000.0,0,0.0,4,3,1,0,0,2,1,0,1,0,1,0,0,alto
3,10000.0,0,0.0,5,1,1,0,0,0,0,0,0,1,0,0,0,baixo
3,10000.0,4,0.75,2,3,1,0,0,0,1,0,0,1,0,0,0,baixo
9,150000.0,94,0.6808510638297872,1,6,1,0,0,0,1,1,1,0,1,1,1,baixo
8,10000.0,5,0.8,1,4,1,0,0,0,1,1,0,1,0,1,0,baixo
3,10000.0,8,1.0,1,3,1,0,0,0,1,0,1,1,0,0,0,baixo
7,10000.0,3,0.6666666666666666,2,2,1,0,0,0,1,0,1,0,0,0,0,baixo
3,10000.0,0,0.0,1,3,1,0,0,0,0,0,1,1,0,1,0,alto
8,10000.0,1,1.0,1,3,1,0,0,0,1,0,0,1,0,0,1,medio_baixo
1,10000.0,9,0.6666666666666666,1,1,1,0,0,0,0,0,0,0,0,1,0,baixo
6,10000.0,10,0.9,2,3,1,0,0,0,1,0,1,0,1,0,0,baixo
1,0.0,0,0.0,1,3,1,1,1,0,0,0,1,1,0,0,0,gratuito
2,0.0,0,0.0,103,1,1,0,0,1,0,0,0,1,0,0,0,medio_alto
5,0.0,0,0.0,1,1,1,1,0,0,0,1,0,0,0,0,0,gratuito
2,0.0,0,0.0,1,3,1,1,0,0,1,0,1,0,0,0,0,gratuito
1,0.0,0,0.0,29,3,1,0,0,1,1,0,0,1,0,0,1,medio_baixo
2,0.0,0,0.0,0,0,1,0,0,0,0,0,0,0,0,0,0,gratuito
1,10000.0,0,0.0,2,3,1,0,0,0,1,0,0,1,1,0,0,medio_baixo
6,10000.0,14,0.42857142857142855,1,2,1,0,0,0,0,0,1,1,0,0,0,alto
18,35000.0,99,0.8181818181818182,1,3,1,0,0,0,1,1,0,0,0,1,0,medio_baixo
5,0.0,0,0.0,2,3,1,0,0,0,1,0,1,0,0,0,0,gratuito
4,10000.0,0,0.0,3,1,1,0,0,0,0,1,0,0,0,0,0,medio_alto
2,10000.0,18,0.7222222222222222,5,3,1,0,0,0,1,0,1,0,0,0,1,medio_baixo
3,0.0,0,0.0,0,0,1,0,0,0,0,0,0,0,0,0,0,gratuito
5,35000.0,107,0.6448598130841121,1,6,1,0,1,0,1,0,0,0,1,1,1,gratuito
2,10000.0,4,1.0,8,3,1,1,1,0,0,0,1,0,0,0,1,medio_baixo
1,0.0,0,0.0,1,1,1,0,0,0,1,0,0,0,0,0,0,baixo
2,0.0,0,0.0,0,0,1,0,0,0,0,0,0,0,0,0,0,gratuito
6,10000.0,13,0.9230769230769231,12,6,1,0,0,0,1,1,1,0,0,1,1,medio_baixo
8,10000.0,110,0.9454545454545454,1,2,1,1,1,0,1,1,0,0,0,0,0,alto
4,10000.0,1,1.0,1,3,1,0,0,0,1,1,0,1,0,0,0,medio_alto
4,10000.0,0,0.0,1,3,1,0,0,0,1,0,1,0,0,0,1,baixo
1,0.0,0,0.0,10,5,1,0,0,0,1,0,1,0,1,1,0,gratuito
4,10000.0,3,0.6666666666666666,1,1,1,0,0,0,0,0,0,1,0,0,0,baixo
7,35000.0,32,0.375,3,2,1,0,0,1,1,0,0,0,1,0,0,medio_alto
5,150000.0,718,0.883008356545961,16,4,1,1,1,0,1,0,1,1,1,0,0,baixo
5,10000.0,98,0.6020408163265306,2,4,1,0,0,0,1,0,1,1,0,0,1,baixo
5,10000.0,928,0.9612068965517241,8,3,1,0,0,1,1,0,1,1,0,0,0,medio_baixo
1,10000.0,0,0.0,13,2,1,0,1,0,1,0,0,0,0,1,0,medio_alto
9,10000.0,1,0.0,1,4,1,0,0,0,1,0,1,0,1,0,1,baixo
8,10000.0,25,0.28,1,6,1,1,1,0,1,1,0,1,1,1,0,alto
1,10000.0,0,0.0,9,2,1,0,0,0,0,1,0,0,0,0,0,medio_alto
9,10000.0,5,0.8,1,3,1,0,0,0,1,0,1,1,0,0,0,medio_alto
2,10000.0,36,0.9444444444444444,1,1,1,0,0,0,0,0,1,0,0,0,0,baixo
2,10000.0,0,0.0,1,4,1,0,0,0,0,1,0,1,0,0,1,gratuito
1,0.0,0,0.0,0,0,1,0,0,0,0,0,0,0,0,0,0,gratuito
4,10000.0,14,1.0,1,2,1,0,1,1,1,1,0,0,0,0,0,alto
1,0.0,0,0.0,1,3,1,0,0,0,1,0,0,1,0,0,0,gratuito
2,10000.0,9,1.0,1,2,1,1,0,0,1,0,0,1,0,0,0,medio_alto
2,10000.0,9,0.7777777777777778,1,4,1,1,1,0,1,1,1,0,1,0,0,medio_alto
1,0.0,0,0.0,1,3,1,0,0,3,1,0,0,1,0,0,0,gratuito
8,35000.0,4,0.25,1,3,1,0,0,0,1,0,0,1,0,1,0,baixo
9,10000.0,73,0.7534246575342466,1,4,1,0,0,0,1,1,0,1,0,0,0,gratuito
4,35000.0,12,0.6666666666666666,1,4,1,0,0,0,0,0,1,0,1,0,0,alto
2,10000.0,2,0.5,1,1,1,0,0,0,0,0,0,0,0,0,1,baixo
9,75000.0,531,0.896421845574388,1,2,1,0,0,0,1,1,0,0,0,0,0,baixo
6,10000.0,24,0.7083333333333334,1,4,1,0,0,0,1,0,0,1,0,1,1,medio_alto
4,0.0,0,0.0,0,0,1,0,0,0,0,0,0,0,0,0,0,gratuito
1,10000.0,0,0.0,10,4,1,0,0,0,0,1,1,0,1,0,0,alto
6,10000.0,6,1.0,2,1,1,0,0,0,0,0,0,0,0,0,0,alto
2,0.0,0,0.0,2,5,1,0,0,1,1,1,1,0,1,0,0,gratuito
10,10000.0,17,0.7058823529411765,1,2,1,1,1,0,1,1,0,0,0,0,0,medio_baixo
1,10000.0,0,0.0,4,3,1,0,0,0,1,1,0,1,0,0,0,medio_baixo
2,10000.0,8,0.875,5,5,1,0,0,0,1,0,1,1,1,1,0,baixo
1,10000.0,0,0.0,13,3,1,1,1,0,1,0,0,1,0,1,0,baixo
1,0.0,0,0.0,1,5,1,0,0,0,1,0,0,1,0,0,1,alto
9,10000.0,40,0.75,1,1,1,0,0,0,0,1,0,0,0,0,0,baixo
5,10000.0,20,0.95,1,4,1,0,0,0,1,1,0,1,0,0,0,medio_alto
3,10000.0,0,0.0,17,5,1,0,0,4,1,0,1,1,1,0,1,medio_baixo
1,10000.0,0,0.0,1,2,1,0,0,0,1,1,0,0,0,0,0,medio_baixo
5,75000.0,3,0.6666666666666666,4,5,1,0,0,0,1,1,0,1,0,0,0,baixo
2,10000.0,0,0.0,1,2,1,0,0,0,1,0,0,0,0,0,1,baixo
2,10000.0,117,0.8974358974358975,17,4,1,0,0,3,1,1,1,1,0,0,0,medio_baixo
6,0.0,0,0.0,0,0,1,0,0,0,0,0,0,0,0,0,0,gratuito
2,10000.0,39,0.8974358974358975,1,2,1,0,0,0,1,0,0,0,1,0,0,alto
1,0.0,0,0.0,1,2,1,0,0,0,0,1,0,0,0,0,0,medio_alto
10,150000.0,402,0.8706467661691543,8,2,1,0,0,0,1,0,0,0,0,1,0,medio_baixo
6,10000.0,10,0.6,3,2,1,0,0,0,0,0,0,1,0,1,0,medio_alto
7,10000.0,9,0.7777777777777778,2,3,1,0,0,0,1,0,0,1,0,1,0,medio_alto
10,35000.0,834,0.6258992805755396,1,3,1,0,0,0,1,1,1,0,0,0,0,medio_alto
4,0.0,0,0.0,1,7,1,0,0,0,1,1,1,1,1,0,1,gratuito
1,10000.0,1,0.0,13,1,1,0,0,0,0,1,0,0,0,0,0,medio_alto
3,75000.0,14,0.6428571428571429,4,1,1,0,0,0,0,1,0,0,0,0,0,baixo
1,0.0,0,0.0,0,0,1,0,0,0,0,0,0,0,0,0,0,gratuito
10,10000.0,50,0.78,1,4,1,0,0,0,0,0,0,1,0,1,1,alto
2,35000.0,43,0.9534883720930233,1,4,1,0,0,0,1,0,1,1,0,0,0,gratuito
12,10000.0,327,0.9174311926605505,1,2,1,1,1,0,1,0,0,0,1,0,0,medio_baixo
2,10000.0,0,0.0,1,3,1,1,0,0,0,0,0,1,0,1,0,gratuito
1,0.0,0,0.0,1,3,1,1,0,0,1,1,0,0,0,0,0,gratuito
4,10000.0,36,0.8611111111111112,2,2,1,0,0,0,0,0,1,1,0,0,0,alto
5,10000.0,21,0.7142857142857143,7,2,1,0,0,1,1,1,0,0,0,0,0,medio_baixo
5,10000.0,20,0.75,1,3,1,0,0,0,1,0,0,0,0,0,1,baixo
3,10000.0,0,0.0,1,1,1,0,0,0,0,0,0,1,0,0,0,medio_baixo
2,10000.0,21,0.7619047619047619,1,2,1,0,0,0,0,1,1,0,0,0,0,medio_alto
4,10000.0,0,0.0,7,3,1,0,0,0,1,1,1,0,0,0,0,medio_alto
3,10000.0,11,0.5454545454545454,1,2,1,0,0,0,0,0,0,0,0,0,1,medio_alto
7,10000.0,4,0.5,1,1,1,0,0,0,0,0,0,0,0,1,0,alto
8,10000.0,7,0.2857142857142857,1,4,1,0,0,0,1,0,0,1,1,0,1,medio_baixo
5,10000.0,2,1.0,31,3,1,0,0,0,1,0,0,1,0,1,0,medio_baixo
2,10000.0,13,0.6923076923076923,4,3,1,0,0,0,1,0,0,1,0,1,0,baixo
3,10000.0,35,0.37142857142857144,2,5,1,0,0,0,1,1,0,0,0,1,1,alto
2,0.0,0,0.0,1,4,1,1,1,0,0,1,0,1,0,1,0,gratuito
1,0.0,0,0.0,0,0,1,0,0,0,0,0,0,0,0,0,0,gratuito
9,35000.0,119,0.8067226890756303,2,2,1,0,0,0,0,0,0,1,0,1,0,alto
1,0.0,0,0.0,12,5,1,0,0,0,1,1,0,0,1,0,0,gratuito
3,0.0,0,0.0,2,2,1,0,0,0,0,0,0,1,0,0,1,gratuito
5,10000.0,35,0.9428571428571428,2,2,1,0,0,1,1,0,0,1,0,0,0,baixo
8,35000.0,385,0.8675324675324675,13,1,1,1,1,0,0,0,0,1,0,0,0,medio_alto
1,10000.0,0,0.0,1,4,1,0,0,0,1,1,0,1,1,0,0,gratuito
1,0.0,0,0.0,0,0,1,0,0,0,0,0,0,0,0,0,0,gratuito
8,350000.0,1845,0.8037940379403794,14,3,1,0,0,0,1,1,1,0,0,0,0,medio_alto
2,35000.0,41,0.9512195121951219,9,4,1,0,1,0,1,1,1,0,1,0,0,baixo
7,10000.0,13,1.0,1,2,1,1,1,0,0,1,0,0,0,1,0,alto
1,10000.0,364,0.9752747252747253,1,2,1,0,0,1,1,0,0,0,1,0,0,medio_alto
17,35000.0,162,0.6419753086419753,1,2,1,0,0,0,1,0,0,1,0,0,0,medio_alto
8,10000.0,9,0.3333333333333333,1,2,1,0,0,0,1,0,0,1,0,0,0,medio_baixo
4,0.0,0,0.0,14,4,1,0,0,0,1,0,0,1,0,1,1,alto
10,35000.0,147,0.782312925170068,1,1,1,0,0,0,0,0,0,0,0,1,0,alto
12,35000.0,145,0.8344827586206897,11,3,1,1,1,0,1,0,1,1,0,0,0,medio_alto
10,0.0,0,0.0,0,0,1,0,0,0,0,0,0,0,0,0,0,gratuito
3,0.0,0,0.0,0,0,1,0,0,0,0,0,0,0,0,0,0,gratuito
4,75000.0,5,0.8,1,3,1,0,0,0,1,0,1,0,1,0,0,medio_alto
8,75000.0,3,0.6666666666666666,1,3,1,0,0,0,0,0,0,1,1,0,1,medio_baixo
8,150000.0,548,0.40875912408759124,1,3,1,0,0,0,1,0,1,0,0,0,0,gratuito
2,0.0,0,0.0,0,0,1,0,0,0,0,0,0,0,0,0,0,gratuito
7,10000.0,11,0.9090909090909091,1,1,1,0,0,0,1,0,0,0,0,0,0,medio_baixo
9,35000.0,24,0.5,1,4,1,0,0,0,1,0,1,0,0,1,1,medio_alto
3,350000.0,4573,0.8502077410890007,12,4,1,0,0,1,1,1,0,1,1,0,0,medio_baixo
2,10000.0,28,0.9642857142857143,1,2,1,0,0,0,1,1,0,0,0,0,0,baixo
2,0.0,0,0.0,0,0,1,0,0,0,0,0,0,0,0,0,0,gratuito
2,10000.0,14,0.9285714285714286,3,3,1,0,0,0,1,0,0,1,0,1,0,medio_baixo
11,10000.0,59,0.3728813559322034,2,4,1,1,1,0,1,1,0,0,0,0,1,alto
3,10000.0,0,0.0,1,2,1,0,0,0,0,0,0,1,0,0,1,baixo
11,10000.0,94,0.8297872340425532,2,3,1,0,0,2,1,0,0,1,0,1,0,baixo
1,0.0,0,0.0,8,2,1,0,0,1,1,0,1,0,0,0,0,alto
2,10000.0,2,1.0,1,3,1,0,0,0,1,0,1,1,0,0,0,medio_baixo
6,75000.0,353,0.9575070821529745,1,2,1,0,0,0,1,1,0,0,0,0,0,alto
4,10000.0,115,0.8956521739130435,3,3,1,0,0,0,1,1,1,0,0,0,0,baixo
2,10000.0,0,0.0,1,3,1,0,0,0,0,1,1,0,0,0,1,medio_alto
1,0.0,0,0.0,0,0,1,0,0,0,0,0,0,0,0,0,0,gratuito
3,10000.0,1,1.0,1,3,1,0,0,0,1,0,0,0,1,1,0,medio_alto
3,0.0,0,0.0,1,4,1,1,0,1,1,0,0,1,0,1,0,gratuito
9,10000.0,15,0.7333333333333333,1,1,1,0,0,0,0,0,0,1,0,0,0,gratuito
1,10000.0,0,0.0,11,1,1,1,0,0,0,0,0,0,0,1,0,alto
11,35000.0,446,0.8789237668161435,4,1,1,0,0,0,0,0,0,0,0,1,0,baixo
3,10000.0,7,1.0,2,3,1,0,0,0,1,1,1,0,0,0,0,medio_alto
3,10000.0,1,1.0,1,5,1,0,0,0,1,1,1,1,0,1,0,medio_baixo
1,0.0,0,0.0,1,3,1,0,0,0,1,1,1,0,0,0,0,medio_baixo
1,35000.0,54,1.0,4,2,1,0,0,0,1,0,0,0,1,0,0,medio_alto
9,75000.0,32,0.9375,8,4,1,1,0,0,1,1,1,1,0,0,0,alto
1,35000.0,18,1.0,2,3,1,1,1,0,1,0,0,0,0,1,1,alto
4,10000.0,16,0.9375,1,3,1,0,0,0,1,1,0,0,0,0,0,gratuito
1,10000.0,1,1.0,1,1,1,0,0,0,0,0,0,1,0,0,0,baixo
3,10000.0,0,0.0,1,3,1,0,0,0,1,0,0,1,1,0,0,medio_baixo
5,0.0,0,0.0,0,0,1,0,0,0,0,0,0,0,0,0,0,gratuito
7,10000.0,11,0.45454545454545453,1,7,1,0,0,0,1,1,1,1,0,1,1,medio_baixo
6,75000.0,682,0.7873900293255132,7,1,1,1,1,0,0,0,0,0,0,1,0,medio_alto
2,10000.0,2,1.0,15,3,1,0,0,0,1,0,0,1,0,1,0,medio_baixo
4,10000.0,14,0.9285714285714286,9,2,1,0,0,1,1,0,0,0,0,1,0,medio_baixo
4,10000.0,5,0.0,1,3,1,1,0,0,1,0,0,0,0,1,1,medio_alto
9,35000.0,699,0.9570815450643777,7,1,1,1,1,2,1,0,0,0,0,0,0,medio_alto
5,10000.0,8,1.0,1,4,1,1,1,0,1,1,0,1,0,0,0,medio_baixo
1,10000.0,0,0.0,18,3,1,1,0,1,0,0,0,0,0,1,1,alto
6,10000.0,1,1.0,1,4,1,0,0,0,1,1,1,1,0,0,0,baixo
3,10000.0,11,1.0,1,4,1,0,0,0,1,1,0,1,1,0,0,medio_alto
10,75000.0,785,0.9388535031847134,1,3,1,1,1,0,1,0,0,1,0,1,0,baixo
3,10000.0,84,0.9404761904761905,2,6,1,0,0,0,1,1,1,1,1,0,1,baixo
2,10000.0,93,0.967741935483871,2,2,1,0,0,2,1,0,0,1,0,0,0,alto
1,10000.0,0,0.0,1,4,1,0,0,0,1,0,1,1,0,0,0,medio_alto
1,10000.0,0,0.0,1,2,1,0,0,0,0,1,1,0,0,0,0,baixo
9,10000.0,39,0.7692307692307693,1,3,1,1,1,0,1,0,0,1,0,0,0,medio_alto
7,10000.0,26,0.9615384615384616,1,3,1,0,0,0,1,1,0,0,0,0,1,medio_alto
2,10000.0,115,0.9304347826086956,0,2,1,0,0,0,1,0,0,0,0,0,0,gratuito
1,35000.0,31,0.8709677419354839,4,6,1,0,0,0,1,1,1,1,0,0,1,medio_baixo
4,10000.0,11,0.9090909090909091,1,2,1,1,1,0,0,0,1,1,0,0,0,medio_alto
3,35000.0,2,1.0,1,6,1,0,0,0,1,0,1,1,0,1,1,baixo
2,10000.0,3,1.0,1,3,1,0,0,0,1,0,1,1,0,0,0,medio_baixo
2,10000.0,11,1.0,1,4,1,0,0,0,1,1,1,0,0,1,0,alto
1,0.0,0,0.0,1,5,1,0,0,0,1,1,1,0,0,0,1,medio_baixo
9,10000.0,35,0.8571428571428571,1,3,1,0,0,0,1,1,0,0,0,0,0,gratuito
6,10000.0,26,0.8076923076923077,2,1,1,0,0,0,0,0,0,1,0,0,0,baixo
7,10000.0,0,0.0,2,2,1,0,0,0,0,1,1,0,0,0,0,medio_baixo
2,0.0,0,0.0,0,0,1,0,0,0,0,0,0,0,0,0,0,gratuito
4,10000.0,475,0.9557894736842105,4,4,1,1,0,1,1,1,1,1,0,0,0,medio_alto
3,10000.0,0,0.0,1,3,1,0,1,1,1,0,1,1,0,0,0,gratuito
1,10000.0,11,0.9090909090909091,1,1,1,0,0,0,0,1,0,0,0,0,0,alto
9,75000.0,3818,0.8858040859088528,5,3,1,0,0,0,0,1,1,0,0,1,0,alto
2,10000.0,20,0.85,3,4,1,0,0,0,1,1,1,0,1,0,0,alto
17,75000.0,210,0.8523809523809524,5,1,1,0,0,0,0,0,1,0,0,0,0,baixo
11,750000.0,10211,0.8159827636862207,12,2,1,0,0,2,1,1,0,0,0,0,0,alto
4,10000.0,0,0.0,2,2,1,0,0,0,1,0,0,1,0,0,0,medio_alto
7,10000.0,1027,0.8257059396299903,3,2,1,1,0,0,0,0,0,0,1,0,0,gratuito
6,10000.0,0,0.0,1,1,1,0,0,0,0,0,1,0,0,0,0,alto
4,10000.0,3,1.0,2,1,1,0,0,0,0,0,1,0,0,0,0,alto
5,10000.0,8,0.25,1,4,1,0,0,0,1,0,1,1,0,1,0,baixo
10,10000.0,126,0.9523809523809523,1,3,1,0,0,0,0,0,0,0,0,0,0,alto
1,0.0,0,0.0,0,0,1,0,0,0,0,0,0,0,0,0,0,gratuito
2,10000.0,0,0.0,1,3,1,0,0,0,0,0,1,1,1,0,0,gratuito
3,10000.0,0,0.0,1,4,1,1,1,0,1,0,1,0,1,0,0,alto
3,10000.0,0,0.0,1,4,1,0,0,0,1,1,1,0,0,1,0,baixo
2,10000.0,0,0.0,1,2,1,0,0,0,1,0,0,0,1,0,0,medio_baixo
4,350000.0,6318,0.9631212408990186,1,3,1,1,0,0,1,0,0,0,0,0,1,alto
4,750000.0,3490,0.9644699140401146,15,1,1,0,0,0,0,0,1,0,0,0,0,medio_alto
10,35000.0,325,0.8246153846153846,4,1,1,0,0,0,0,1,0,0,0,0,0,medio_alto
5,10000.0,8,0.875,1,3,1,0,0,0,1,1,0,0,0,0,1,baixo
3,75000.0,28,0.7857142857142857,1,5,1,0,0,0,1,0,1,0,1,0,0,medio_alto
7,35000.0,10,0.9,2,4,1,0,0,0,0,0,1,1,1,1,0,alto
2,10000.0,5,0.6,2,3,1,0,0,0,1,1,1,0,0,0,0,baixo
5,10000.0,2,0.5,2,2,1,0,0,0,1,0,0,1,0,0,0,medio_baixo
3,10000.0,56,0.7857142857142857,1,4,1,0,0,0,1,0,1,1,1,0,0,medio_baixo
1,0.0,0,0.0,6,2,1,0,0,0,1,0,1,0,0,0,0,alto
9,10000.0,26,0.5,2,3,1,0,0,0,0,1,1,0,0,0,0,gratuito
7,10000.0,0,0.0,3,3,1,0,0,0,1,0,0,1,1,0,0,baixo
6,10000.0,191,0.8586387434554974,1,4,1,0,0,0,1,1,1,1,0,0,0,medio_baixo
2,0.0,0,0.0,2,4,1,0,0,0,1,0,1,1,0,1,0,medio_alto
6,10000.0,15,0.8666666666666667,1,2,1,0,0,0,1,0,1,0,0,0,0,gratuito
2,10000.0,0,0.0,1,1,1,0,0,0,0,0,0,1,0,0,0,medio_alto
5,35000.0,32,0.9375,1,1,1,0,0,1,1,0,0,0,0,0,0,gratuito
3,10000.0,0,0.0,1,5,1,0,0,0,1,1,1,0,1,0,0,gratuito
5,10000.0,16,0.9375,4,3,1,1,0,0,1,0,1,0,0,0,0,gratuito
1,10000.0,2,0.5,3,4,1,0,0,0,1,1,1,1,0,0,0,baixo
1,0.0,0,0.0,0,0,1,0,0,0,0,0,0,0,0,0,0,gratuito
8,10000.0,25,0.52,1,2,1,0,0,0,1,0,0,1,0,0,0,baixo
4,10000.0,25,1.0,3,2,1,1,1,0,1,0,1,0,0,0,0,medio_alto
3,0.0,0,0.0,0,0,1,0,0,0,0,0,0,0,0,0,0,gratuito
1,0.0,0,0.0,1,1,1,1,1,0,1,0,0,0,0,0,0,medio_alto
2,10000.0,10,1.0,1,4,1,0,0,0,1,1,0,1,0,0,0,gratuito
8,10000.0,25,0.16,9,2,1,0,0,0,1,1,0,0,0,0,0,baixo
2,10000.0,2,0.5,1,3,1,0,0,0,1,0,0,1,0,1,0,alto
3,10000.0,1,0.0,1,1,1,0,1,0,0,0,0,0,1,0,0,medio_alto
1,10000.0,0,0.0,1,4,1,0,0,0,1,0,0,1,0,1,1,medio_alto
4,10000.0,0,0.0,2,2,1,0,0,1,0,0,0,0,0,0,1,alto
1,0.0,0,0.0,2,5,1,0,0,0,1,1,1,1,0,0,1,medio_alto
4,10000.0,48,0.8958333333333334,1,5,1,0,0,0,1,0,0,1,1,1,1,medio_alto
1,10000.0,0,0.0,3,1,1,0,0,0,0,0,0,1,0,0,0,medio_baixo
8,10000.0,54,0.7407407407407407,1,4,1,0,0,2,1,0,1,1,1,0,0,baixo
1,10000.0,4,1.0,1,1,1,1,1,0,0,0,0,1,0,0,0,baixo
4,10000.0,5,1.0,1,3,1,0,0,0,1,1,1,0,0,0,0,baixo
3,0.0,0,0.0,1,3,1,0,0,1,1,0,1,0,0,0,0,gratuito
3,10000.0,50,0.8,12,3,1,0,0,0,1,1,1,0,0,0,0,medio_baixo
2,10000.0,104,0.7115384615384616,4,3,1,0,0,0,1,0,1,0,1,0,0,alto
10,10000.0,59,0.5084745762711864,1,4,1,0,0,0,1,0,0,0,1,0,0,gratuito
8,75000.0,469,0.8081023454157783,2,3,1,0,0,0,1,1,1,0,0,0,0,medio_baixo
8,10000.0,1,1.0,1,1,1,0,0,0,1,0,0,0,0,0,0,medio_baixo
10,150000.0,1601,0.8594628357276702,1,2,1,0,0,1,0,1,0,0,1,0,0,medio_alto
5,35000.0,14,0.5714285714285714,2,3,1,0,0,0,1,0,0,0,0,1,0,gratuito
6,10000.0,1,0.0,3,3,1,0,0,0,1,0,1,0,0,0,1,baixo
3,150000.0,2296,0.7900696864111498,15,4,1,0,0,7,1,0,1,1,0,0,1,medio_alto
1,0.0,0,0.0,0,0,1,0,0,0,0,0,0,0,0,0,0,gratuito
1,0.0,0,0.0,3,3,1,0,0,0,1,0,0,1,0,0,1,medio_alto
12,35000.0,48,0.6666666666666666,1,2,1,1,1,0,1,0,0,0,0,1,0,medio_alto
2,0.0,0,0.0,2,6,1,0,1,0,1,0,0,1,1,0,1,gratuito
9,10000.0,2,0.5,1,2,1,0,0,0,0,0,0,0,0,0,0,medio_baixo
11,10000.0,2,1.0,5,1,1,0,0,0,0,0,0,1,0,0,0,alto
2,10000.0,3,1.0,2,3,1,1,0,0,1,1,1,0,0,0,0,medio_baixo
1,0.0,0,0.0,1,4,1,1,0,1,1,0,1,1,0,0,0,gratuito
8,10000.0,11,0.9090909090909091,2,3,1,0,0,0,1,1,0,0,0,0,0,gratuito
1,10000.0,0,0.0,1,3,1,0,0,0,1,0,0,1,0,0,1,medio_baixo
6,10000.0,3,1.0,1,3,1,0,0,0,1,1,0,0,0,0,0,alto
6,10000.0,14,0.7142857142857143,3,2,1,0,0,0,1,0,0,0,0,1,0,baixo
9,350000.0,4253,0.7037385375029391,6,4,1,1,1,2,1,0,1,0,1,1,0,alto
11,150000.0,356,0.8174157303370787,1,4,1,0,1,3,1,0,1,1,0,0,0,gratuito
2,10000.0,15,0.9333333333333333,11,3,1,1,1,0,1,1,0,1,0,0,0,baixo
5,10000.0,292,0.976027397260274,1,3,1,0,0,0,0,0,1,1,0,0,1,medio_baixo
4,0.0,0,0.0,0,0,1,0,0,0,0,0,0,0,0,0,0,gratuito
8,10000.0,8,1.0,1,5,1,1,1,0,1,1,1,1,1,0,0,baixo
1,10000.0,0,0.0,12,3,1,0,0,0,1,1,1,0,0,0,0,medio_baixo
2,10000.0,46,0.8695652173913043,8,3,1,0,0,0,1,0,1,1,0,0,0,baixo
8,10000.0,35,0.6571428571428571,2,2,1,0,0,1,1,0,0,1,0,0,0,baixo
5,10000.0,0,0.0,1,3,1,0,0,0,1,0,1,1,0,0,0,medio_alto
4,10000.0,0,0.0,1,2,1,1,0,0,1,0,1,0,0,0,0,alto
10,35000.0,542,0.8265682656826568,1,2,1,1,1,1,0,0,0,0,0,1,1,medio_baixo
2,10000.0,4,0.5,1,3,1,0,0,0,1,1,0,0,0,1,0,medio_baixo
2,10000.0,70,0.8285714285714286,18,3,1,0,0,0,0,1,1,0,0,0,0,medio_alto
3,10000.0,3,0.3333333333333333,1,2,1,0,0,0,1,1,0,0,0,0,0,baixo
2,10000.0,0,0.0,1,1,1,0,0,0,0,0,0,0,1,0,0,medio_baixo
1,10000.0,0,0.0,1,2,1,0,0,0,0,1,0,0,0,0,0,alto
2,150000.0,472,0.9216101694915254,18,3,1,0,0,4,1,1,0,1,0,0,0,medio_baixo
2,10000.0,40,0.675,5,3,1,0,0,1,1,1,1,0,0,0,0,medio_alto
7,10000.0,40,0.55,1,2,1,1,0,0,0,0,0,1,0,1,0,baixo
1,0.0,0,0.0,0,0,1,0,0,0,0,0,0,0,0,0,0,gratuito
2,750000.0,16812,0.6804663335712586,15,5,1,0,0,5,1,1,1,0,1,0,0,alto
4,0.0,0,0.0,5,4,1,1,0,0,1,1,0,0,0,0,0,gratuito
9,10000.0,19,0.7894736842105263,1,3,1,0,0,0,1,1,0,0,0,0,0,medio_baixo
2,10000.0,3,0.3333333333333333,4,1,1,0,0,0,0,0,0,1,0,0,0,baixo
4,10000.0,0,0.0,103,5,1,0,0,0,1,0,1,1,0,1,1,baixo
1,10000.0,0,0.0,4,1,1,0,0,0,0,0,0,0,0,0,0,alto
1,10000.0,0,0.0,1,1,1,0,0,0,0,0,0,0,0,1,0,alto
11,75000.0,212,0.49056603773584906,1,2,1,0,0,0,1,0,1,0,0,0,0,medio_baixo
2,10000.0,4,0.75,2,2,1,0,0,0,1,0,0,0,0,0,0,medio_alto
1,10000.0,0,0.0,2,2,1,0,0,1,0,1,1,0,0,0,0,alto
3,10000.0,6,1.0,1,1,1,0,0,0,0,1,0,0,0,0,0,medio_baixo
10,10000.0,40,0.8,1,2,1,0,0,0,0,1,0,1,0,0,0,medio_baixo
9,10000.0,26,0.7307692307692307,1,1,1,0,0,0,0,1,0,0,0,0,0,baixo
1,10000.0,0,0.0,6,3,1,1,0,1,1,0,0,0,0,1,1,alto
1,0.0,0,0.0,6,4,1,1,0,0,0,0,1,1,0,1,1,medio_baixo
10,10000.0,32,0.90625,1,5,1,0,0,1,1,1,0,1,0,1,0,gratuito
1,10000.0,1,1.0,1,3,1,0,0,0,1,0,0,1,0,0,1,baixo
6,10000.0,88,0.8068181818181818,1,3,1,0,0,0,1,0,1,0,0,1,0,medio_alto
2,10000.0,356,0.7808988764044944,3,3,1,0,0,0,0,0,1,0,1,0,1,alto
4,10000.0,10,1.0,1,1,1,1,0,0,0,0,0,1,0,0,0,medio_alto
4,10000.0,113,0.9557522123893806,1,1,1,1,0,0,0,0,0,1,0,0,0,baixo
1,0.0,0,0.0,1,3,1,0,0,0,0,1,1,1,0,0,0,medio_alto
1,0.0,0,0.0,1,2,1,0,1,0,1,0,0,0,0,0,0,gratuito
1,10000.0,0,0.0,1,3,1,0,0,0,0,0,0,0,0,0,1,baixo
5,350000.0,5424,0.7566371681415929,14,4,1,0,0,0,1,1,0,0,0,0,1,medio_alto
5,10000.0,1,1.0,1,2,1,0,0,0,1,1,0,0,0,0,0,medio_alto
3,10000.0,1,1.0,2,4,1,0,0,0,1,0,1,1,0,0,1,baixo
6,10000.0,22,0.7727272727272727,1,4,1,0,0,0,1,0,0,1,1,1,0,gratuito
1,10000.0,6,0.5,10,1,1,1,0,0,0,0,0,0,0,0,1,alto
7,10000.0,7,0.7142857142857143,1,2,1,0,0,0,0,0,1,1,0,0,0,medio_alto
5,10000.0,123,0.9024390243902439,1,2,1,0,0,0,1,0,0,0,0,0,1,medio_alto
18,75000.0,1284,0.838006230529595,5,1,1,0,0,0,0,1,0,0,0,0,0,gratuito
3,10000.0,13,0.8461538461538461,2,3,1,0,0,0,1,0,1,0,0,0,1,baixo
3,0.0,0,0.0,1,1,1,1,1,1,1,0,0,0,0,0,0,gratuito
1,10000.0,0,0.0,1,4,1,0,0,0,1,0,0,1,0,0,1,medio_alto
9,35000.0,49,0.6122448979591837,1,6,1,0,0,2,1,0,1,1,1,1,1,baixo
1,10000.0,0,0.0,3,3,1,0,0,0,1,0,0,1,0,0,1,alto
11,75000.0,83,0.7590361445783133,1,3,1,1,1,0,1,1,1,0,0,0,0,medio_alto
3,10000.0,9,1.0,1,2,1,0,0,0,1,0,0,1,0,0,0,medio_baixo
10,10000.0,7,0.5714285714285714,2,4,1,1,0,0,1,1,1,0,1,0,0,alto
1,10000.0,0,0.0,10,1,1,0,0,0,0,0,1,0,0,0,0,alto
2,10000.0,0,0.0,1,5,1,0,0,1,1,0,1,1,1,0,0,medio_baixo
5,350000.0,2563,0.7206398751463129,13,3,1,0,0,4,0,0,0,0,0,0,1,medio_alto
8,10000.0,32,0.84375,1,1,1,0,0,0,0,0,0,0,0,1,0,medio_alto
9,35000.0,204,0.8627450980392157,1,2,1,0,0,0,1,1,0,0,0,0,0,gratuito
2,10000.0,30,0.6666666666666666,6,3,1,0,0,0,1,0,0,0,0,0,1,alto
2,35000.0,5,1.0,1,6,1,0,0,0,1,1,1,1,1,0,0,baixo
2,10000.0,1,1.0,2,5,1,0,0,0,1,1,1,0,1,0,0,medio_alto
3,10000.0,3,1.0,18,3,1,0,0,0,1,0,0,1,0,1,0,medio_baixo
2,10000.0,5,0.8,1,1,1,0,0,0,1,0,0,0,0,0,0,medio_baixo
7,10000.0,17,0.7058823529411765,3,1,1,0,0,0,0,0,0,1,0,0,0,medio_alto
5,150000.0,1853,0.638963842417701,10,4,1,0,0,0,1,0,0,0,0,1,1,alto
5,10000.0,6,1.0,1,3,1,1,1,0,1,0,0,0,0,0,0,alto
11,10000.0,51,0.8235294117647058,1,4,1,0,0,0,1,1,1,1,0,0,0,medio_alto
4,10000.0,2,1.0,1,4,1,0,0,0,1,1,0,0,1,0,0,baixo
1,10000.0,0,0.0,9,2,1,0,1,0,1,0,0,1,0,0,0,medio_alto
8,10000.0,5,0.6,1,6,1,0,0,0,1,0,0,1,0,0,1,baixo
6,10000.0,10,1.0,1,2,1,1,0,0,1,0,0,1,0,0,0,gratuito
3,10000.0,13,0.9230769230769231,1,5,1,0,0,0,0,0,0,1,0,1,1,medio_baixo
5,10000.0,9,0.8888888888888888,1,3,1,0,0,0,1,1,1,0,0,0,0,medio_alto
3,0.0,0,0.0,0,0,1,0,0,0,0,0,0,0,0,0,0,gratuito
1,0.0,0,0.0,12,4,1,0,0,0,1,0,0,1,0,0,1,gratuito
7,10000.0,33,0.9696969696969697,1,1,1,0,0,1,0,0,0,1,0,0,0,medio_baixo
6,35000.0,7,0.7142857142857143,1,2,1,0,0,0,1,0,0,0,0,1,0,gratuito
1,10000.0,230,0.9782608695652174,1,2,1,0,0,0,1,0,0,0,0,0,1,medio_baixo
4,0.0,0,0.0,0,0,1,0,0,0,0,0,0,0,0,0,0,gratuito
2,0.0,0,0.0,8,10,1,0,0,0,1,1,1,1,1,1,1,gratuito
2,10000.0,9,0.6666666666666666,2,3,1,0,0,0,1,0,1,0,0,0,1,medio_alto
2,0.0,0,0.0,0,0,1,0,0,0,0,0,0,0,0,0,0,gratuito
2,10000.0,7,1.0,2,1,1,0,0,0,1,0,0,0,0,0,0,medio_baixo
1,0.0,0,0.0,1,2,1,0,0,0,0,0,0,1,0,0,0,gratuito
12,350000.0,574,0.4686411149825784,2,1,1,0,0,0,0,1,0,0,0,0,0,baixo
6,10000.0,32,0.9375,29,3,1,0,0,0,1,0,0,1,0,1,0,baixo
7,10000.0,22,0.5454545454545454,1,3,1,0,0,0,1,1,1,0,0,0,0,medio_baixo
1,75000.0,1150,0.9669565217391304,3,1,1,0,0,0,0,0,1,0,0,0,0,medio_alto
5,10000.0,15,0.4666666666666667,1,2,1,0,0,0,1,0,0,1,0,0,0,baixo
1,35000.0,610,0.980327868852459,9,3,1,1,0,2,1,1,1,0,0,0,0,alto
9,10000.0,11,0.7272727272727273,1,2,1,0,0,0,1,0,0,1,0,0,0,medio_baixo
8,10000.0,13,0.38461538461538464,1,4,1,0,0,0,1,1,1,1,0,0,0,baixo
7,10000.0,1,1.0,1,1,1,0,0,0,0,0,0,1,0,0,0,medio_baixo
6,10000.0,23,0.6956521739130435,1,2,1,0,0,0,1,0,0,1,0,0,0,gratuito
2,0.0,0,0.0,1,3,1,1,0,0,1,0,0,0,1,0,0,gratuito
1,0.0,0,0.0,0,0,1,0,0,0,0,0,0,0,0,0,0,gratuito
8,10000.0,2,1.0,1,3,1,0,0,0,1,1,0,1,0,0,0,baixo
1,10000.0,13,0.7692307692307693,1,2,1,0,0,0,1,0,0,1,0,0,0,baixo
1,10000.0,0,0.0,1,4,1,0,0,0,1,0,1,1,1,0,0,medio_baixo
2,0.0,0,0.0,0,0,1,0,0,0,0,0,0,0,0,0,0,gratuito
2,10000.0,34,0.5,2,4,1,1,1,0,1,1,0,0,0,1,1,alto
6,75000.0,171,0.7543859649122807,7,4,1,0,0,0,1,1,0,0,0,0,1,gratuito
4,150000.0,1481,0.8035111411208643,10,3,1,0,0,2,0,0,0,0,0,0,1,medio_alto
6,35000.0,31,0.6451612903225806,3,2,1,0,0,0,0,0,1,0,0,0,0,gratuito
3,0.0,0,0.0,0,0,1,0,0,0,0,0,0,0,0,0,0,gratuito
10,10000.0,32,0.53125,1,3,1,1,1,0,1,1,1,0,0,0,0,baixo
3,10000.0,4,0.75,11,4,1,1,0,0,1,0,0,1,0,0,0,medio_baixo
8,10000.0,100,0.77,1,3,1,0,0,0,1,1,0,0,0,0,0,alto
2,0.0,0,0.0,2,7,1,0,0,0,1,1,1,1,0,1,1,gratuito
2,350000.0,10410,0.9521613832853026,1,4,1,1,1,2,1,0,1,0,1,1,0,alto
6,10000.0,38,0.6842105263157895,1,2,1,0,0,0,1,0,0,0,0,1,0,baixo
10,75000.0,107,0.8504672897196262,1,2,1,0,1,0,1,1,0,0,0,0,0,medio_baixo
1,0.0,0,0.0,1,3,1,1,0,0,1,1,0,0,0,0,0,medio_baixo
7,10000.0,53,0.6981132075471698,1,3,1,0,0,0,1,0,0,0,0,1,1,alto
2,0.0,0,0.0,3,4,1,0,0,0,1,1,1,0,0,0,0,gratuito
5,10000.0,15,0.8666666666666667,3,6,1,0,0,0,1,1,1,1,1,0,0,medio_alto
4,35000.0,596,0.5889261744966443,1,5,1,0,0,0,1,1,1,0,1,0,0,alto
11,150000.0,87,0.5517241379310345,11,3,1,1,1,0,1,1,1,0,0,0,0,baixo
3,10000.0,3,1.0,1,4,1,0,0,0,1,1,1,1,0,0,0,baixo
10,150000.0,493,0.43610547667342797,1,4,1,1,1,0,1,1,0,1,0,0,0,baixo
3,75000.0,940,0.5425531914893617,7,1,1,0,0,2,0,1,0,0,0,0,0,medio_alto
1,10000.0,0,0.0,8,2,1,1,0,0,1,1,0,0,0,0,0,medio_baixo
10,10000.0,38,0.6052631578947368,4,4,1,1,1,0,1,1,1,0,1,0,0,medio_alto
5,75000.0,503,0.7176938369781312,1,6,1,0,0,1,1,1,1,1,1,0,1,medio_baixo
1,10000.0,0,0.0,1,2,1,0,0,0,0,0,0,0,0,0,1,medio_alto
11,35000.0,79,0.8734177215189873,1,1,1,1,1,0,0,0,0,1,0,0,0,medio_baixo
8,10000.0,84,0.5357142857142857,2,4,1,0,0,0,1,0,1,0,0,0,0,medio_baixo
5,10000.0,27,1.0,1,5,1,0,0,0,1,0,1,1,1,1,0,medio_baixo
1,10000.0,0,0.0,1,4,1,0,0,0,1,1,1,0,0,1,0,medio_baixo
1,0.0,0,0.0,1,5,1,0,0,0,1,1,1,0,1,0,0,gratuito
2,10000.0,0,0.0,1,2,1,1,0,0,1,0,1,0,0,0,0,alto
3,10000.0,0,0.0,1,2,1,0,0,0,0,0,1,1,0,0,0,gratuito
11,35000.0,188,0.8191489361702128,2,2,1,1,1,2,1,0,0,1,0,0,0,medio_alto
2,0.0,0,0.0,0,0,1,0,0,0,0,0,0,0,0,0,0,gratuito
7,10000.0,1,1.0,1,2,1,0,0,0,0,1,0,1,0,0,0,medio_alto
1,10000.0,0,0.0,6,1,1,0,0,0,1,0,0,0,0,0,0,medio_baixo
6,10000.0,5,1.0,1,3,1,0,0,0,1,0,1,1,0,0,0,alto
6,10000.0,17,0.23529411764705882,1,4,1,0,0,0,1,1,0,1,0,0,0,baixo
1,10000.0,0,0.0,3,2,1,0,0,0,1,0,1,0,0,0,0,medio_alto
6,10000.0,0,0.0,1,2,1,1,0,0,0,0,0,1,0,0,0,gratuito
6,10000.0,9,0.2222222222222222,1,2,1,0,0,0,0,0,1,0,1,0,0,alto
3,10000.0,2,1.0,1,1,1,1,0,0,0,0,0,0,0,0,0,medio_alto
6,35000.0,141,0.7092198581560284,1,4,1,0,0,0,1,1,0,0,0,0,0,gratuito
2,150000.0,2568,0.882398753894081,7,3,1,1,0,2,1,0,0,1,0,0,1,alto
5,10000.0,21,0.7619047619047619,2,2,1,0,0,0,1,0,0,1,0,0,0,medio_baixo
1,0.0,0,0.0,2,5,1,0,0,0,0,1,0,0,1,0,1,gratuito
5,10000.0,8,0.625,3,3,1,1,1,0,1,0,0,1,0,1,0,gratuito
2,0.0,0,0.0,0,0,1,0,0,0,0,0,0,0,0,0,0,gratuito
3,10000.0,28,0.5714285714285714,1,3,1,0,0,0,1,0,0,1,0,0,1,baixo
1,0.0,0,0.0,0,0,1,0,0,0,0,0,0,0,0,0,0,gratuito
1,10000.0,0,0.0,1,2,1,0,0,0,1,0,1,0,0,0,0,alto
6,10000.0,11,0.7272727272727273,1,3,1,0,0,1,0,0,0,0,0,0,0,gratuito
6,10000.0,148,0.9527027027027027,1,3,1,0,0,0,1,0,1,0,1,0,0,baixo
7,10000.0,1,1.0,1,2,1,1,0,0,1,1,0,0,0,0,0,medio_baixo
2,10000.0,59,0.3220338983050847,4,4,1,0,0,0,1,1,1,0,0,0,1,baixo
4,75000.0,2,1.0,1,3,1,0,0,0,1,0,1,0,0,0,0,medio_alto
4,0.0,0,0.0,1,3,1,0,0,0,1,1,1,0,0,0,0,gratuito
9,1500000.0,9060,0.6737306843267108,3,5,1,0,0,3,0,1,1,0,1,0,0,gratuito
2,10000.0,36,0.9166666666666666,2,3,1,0,0,0,1,0,1,0,0,0,1,medio_baixo
5,10000.0,2,1.0,1,3,1,0,0,0,0,0,0,1,0,0,1,baixo
2,10000.0,2,0.0,1,5,1,0,0,0,1,0,0,1,0,1,1,medio_baixo
1,10000.0,343,0.7026239067055393,7,4,1,0,0,0,0,1,1,0,1,0,0,baixo
5,10000.0,8,0.75,1,5,1,0,0,0,1,1,1,1,0,1,0,baixo
5,10000.0,2,1.0,1,3,1,0,0,0,1,1,0,0,0,0,0,medio_alto
9,10000.0,25,0.32,1,2,1,0,0,0,1,1,0,0,0,0,0,baixo
1,10000.0,0,0.0,2,2,1,0,0,1,0,1,1,0,0,0,0,alto
2,10000.0,5,1.0,1,6,1,0,0,0,1,1,1,1,0,1,1,baixo
2,35000.0,4,0.75,1,2,1,0,0,0,1,0,0,0,0,1,0,alto
3,10000.0,1,1.0,1,4,1,0,0,0,1,1,0,1,0,0,0,medio_alto
2,10000.0,232,0.9224137931034483,1,3,1,0,0,0,1,0,1,1,0,0,0,medio_alto
5,35000.0,9,0.8888888888888888,1,5,1,1,1,0,1,1,1,1,1,0,0,medio_alto
10,75000.0,279,0.8745519713261649,1,4,1,1,0,1,1,0,1,1,0,1,0,medio_alto
3,0.0,0,0.0,103,3,1,1,1,0,1,0,0,1,0,1,0,baixo
4,10000.0,1,0.0,1,6,1,0,0,0,1,1,1,0,1,0,1,alto
9,10000.0,20,1.0,7,2,1,0,0,0,1,0,1,0,0,0,0,baixo
8,35000.0,261,0.8199233716475096,5,3,1,0,0,0,1,0,1,1,0,0,0,baixo
3,10000.0,0,0.0,1,1,1,0,0,0,0,0,0,0,1,0,0,medio_alto
1,0.0,0,0.0,0,0,1,0,0,0,0,0,0,0,0,0,0,gratuito
8,35000.0,81,0.2716049382716049,1,2,1,0,0,1,1,0,0,1,0,0,0,baixo
10,350000.0,189,0.4603174603174603,1,2,1,0,0,0,1,0,0,0,1,0,0,baixo
5,10000.0,115,0.6695652173913044,8,3,1,0,0,0,1,1,1,0,0,0,0,medio_baixo
2,35000.0,445,0.8719101123595505,17,4,1,0,0,0,1,0,0,1,0,0,1,gratuito
5,0.0,0,0.0,29,3,1,0,0,2,1,0,1,1,0,0,0,baixo
2,75000.0,3,1.0,1,1,1,0,0,0,0,1,0,0,0,0,0,baixo
7,10000.0,4,1.0,1,5,1,0,0,0,1,1,1,1,1,0,0,alto
1,10000.0,10,1.0,4,4,1,0,0,0,1,0,1,1,0,0,1,baixo
3,10000.0,0,0.0,1,2,1,0,0,0,1,0,0,1,0,0,0,medio_baixo
9,10000.0,4,1.0,3,2,1,0,0,0,1,0,0,1,0,0,0,alto
2,10000.0,0,0.0,1,3,1,1,1,0,1,0,1,1,0,0,0,alto
1,10000.0,33,0.9696969696969697,2,2,1,0,1,0,1,0,0,1,0,0,0,medio_alto
6,10000.0,193,0.8341968911917098,2,2,1,0,0,0,1,1,0,0,0,0,0,baixo
9,10000.0,10,0.4,8,2,1,0,0,0,1,0,0,1,0,0,0,baixo
2,0.0,0,0.0,1,2,1,0,0,0,1,0,0,0,0,0,0,gratuito
2,10000.0,5,0.6,2,2,1,0,0,0,0,0,0,1,0,0,1,alto
7,10000.0,3,0.6666666666666666,2,3,1,0,0,0,1,0,1,0,0,0,1,medio_baixo
5,10000.0,0,0.0,2,4,1,0,0,0,1,0,1,1,1,0,0,baixo
4,35000.0,12,0.75,1,2,1,0,0,0,0,1,1,0,0,0,0,gratuito
6,10000.0,133,0.8947368421052632,2,1,1,0,0,0,1,0,0,0,0,0,0,gratuito
3,10000.0,40,0.925,5,3,1,0,0,0,1,0,0,1,0,1,0,baixo
9,35000.0,136,0.7426470588235294,1,3,1,1,1,0,1,0,1,1,0,0,0,baixo
4,0.0,0,0.0,1,2,1,0,0,0,1,1,0,0,0,0,0,gratuito
1,0.0,0,0.0,9,3,1,0,0,0,1,0,0,1,0,1,0,medio_baixo
2,10000.0,3,1.0,2,3,1,0,0,0,1,0,0,1,0,0,1,baixo
3,0.0,0,0.0,2,2,1,0,0,0,1,0,0,0,0,0,0,gratuito
6,35000.0,26,0.8846153846153846,2,6,1,0,0,0,1,0,0,0,0,0,1,gratuito
1,10000.0,3,0.6666666666666666,14,4,1,1,1,0,1,1,0,1,0,0,0,medio_alto
11,150000.0,333,0.5525525525525525,10,3,1,0,0,3,0,0,0,0,0,1,0,gratuito
2,10000.0,7,1.0,3,3,1,0,1,0,1,0,1,1,0,0,0,baixo
1,10000.0,0,0.0,1,4,1,0,0,0,1,0,1,1,0,0,0,alto
1,10000.0,265,0.720754716981132,6,3,1,0,0,0,0,0,0,0,1,1,1,alto
3,150000.0,1055,0.9109004739336493,10,2,1,0,0,1,0,1,1,0,0,0,0,alto
8,35000.0,17,0.8235294117647058,1,4,1,0,0,0,1,1,1,1,0,0,0,gratuito
10,10000.0,49,0.3673469387755102,1,2,1,0,0,0,0,0,0,1,0,1,0,alto
2,10000.0,48,0.875,2,2,1,0,0,0,0,0,0,1,0,0,1,medio_baixo
13,10000.0,1530,0.8450980392156863,8,4,1,1,1,1,1,1,1,1,0,0,0,medio_alto
1,10000.0,0,0.0,1,2,1,0,0,0,0,1,1,0,0,0,0,medio_alto
2,0.0,0,0.0,0,0,1,0,0,0,0,0,0,0,0,0,0,gratuito
5,10000.0,3,1.0,1,3,1,0,0,0,1,0,0,1,0,1,0,medio_alto
4,10000.0,0,0.0,1,1,1,0,0,0,0,0,0,1,0,0,0,baixo
10,10000.0,26,0.9615384615384616,1,4,1,1,1,0,1,1,0,1,0,0,0,medio_alto
5,10000.0,7,0.42857142857142855,2,5,1,0,0,0,1,1,1,0,1,1,0,medio_alto
3,350000.0,6215,0.9745776347546259,12,2,1,0,0,2,1,0,1,0,0,0,0,alto
2,10000.0,10,0.7,2,2,1,0,0,2,1,0,1,0,0,0,0,medio_baixo
2,10000.0,1,0.0,4,5,1,0,0,0,1,0,0,1,1,0,1,medio_alto
1,0.0,0,0.0,0,0,1,0,0,0,0,0,0,0,0,0,0,gratuito
1,10000.0,7,0.14285714285714285,2,2,1,0,0,0,0,0,0,0,0,1,1,medio_baixo
4,10000.0,0,0.0,29,4,1,0,0,1,1,0,0,1,1,0,1,baixo
3,10000.0,99,0.9292929292929293,2,3,1,0,0,1,1,1,0,1,0,0,0,medio_baixo
2,10000.0,0,0.0,1,2,1,0,0,0,1,0,0,1,0,0,0,medio_baixo
3,10000.0,0,0.0,1,3,1,0,0,0,0,0,0,0,0,0,0,alto
2,0.0,0,0.0,1,2,1,1,0,0,1,1,0,0,0,0,0,gratuito
6,10000.0,17,0.8823529411764706,1,4,1,0,0,0,1,1,1,0,0,0,1,gratuito
3,10000.0,44,0.7954545454545454,3,4,1,0,0,1,1,1,1,0,0,1,0,baixo
8,35000.0,10,0.8,1,2,1,0,1,0,1,0,0,0,0,1,0,baixo
3,10000.0,5,1.0,3,4,1,0,0,0,1,1,1,1,0,0,0,medio_alto
3,10000.0,2,1.0,1,2,1,0,0,0,0,0,1,1,0,0,0,medio_alto
3,10000.0,3,1.0,1,4,1,0,0,0,1,1,1,0,0,1,0,baixo
3,10000.0,19,1.0,1,4,1,0,0,0,1,1,0,1,1,0,0,medio_alto
6,35000.0,42,0.6428571428571429,1,2,1,0,0,0,0,0,0,0,0,0,0,gratuito
4,10000.0,0,0.0,1,4,1,0,0,0,1,0,0,1,1,0,1,baixo
9,10000.0,5,0.6,1,3,1,0,0,0,1,0,1,1,0,0,0,medio_baixo
3,10000.0,146,0.910958904109589,2,3,1,0,0,0,1,0,0,1,1,0,0,baixo
5,10000.0,2,1.0,1,3,1,0,0,0,0,1,1,0,0,0,0,gratuito
2,10000.0,1,1.0,1,4,1,0,0,0,1,1,1,0,0,1,0,baixo
3,10000.0,0,0.0,4,3,1,0,0,0,0,1,1,0,0,1,0,medio_alto
2,35000.0,1280,0.49921875,10,2,1,0,0,1,1,0,0,0,0,0,1,alto
16,35000.0,52,0.25,1,1,1,0,0,0,0,0,0,0,0,1,0,medio_baixo
3,0.0,0,0.0,1,4,1,0,0,0,1,0,1,1,0,0,0,gratuito
1,0.0,0,0.0,0,0,1,0,0,0,0,0,0,0,0,0,0,gratuito
6,10000.0,5,0.0,6,5,1,0,0,0,1,0,1,0,0,1,1,medio_alto
6,10000.0,5,0.6,1,3,1,0,0,0,1,1,1,0,0,0,0,medio_alto
4,10000.0,1,1.0,1,1,1,1,0,0,0,0,0,0,0,1,0,medio_baixo
14,35000.0,80,0.75,3,2,1,0,0,0,1,1,0,0,0,0,0,medio_alto
2,0.0,0,0.0,1,4,1,0,0,0,1,0,1,1,0,0,0,gratuito
3,10000.0,1,1.0,3,4,1,0,0,0,0,1,1,0,1,1,0,medio_alto
5,10000.0,47,0.6382978723404256,2,3,1,0,0,0,1,1,1,0,0,0,0,baixo
4,0.0,0,0.0,1,3,1,0,0,0,1,0,0,0,0,0,0,gratuito
4,10000.0,65,0.9538461538461539,1,2,1,0,1,0,1,0,0,0,0,0,0,medio_alto
2,10000.0,7,1.0,1,2,1,0,0,0,1,1,0,0,0,0,0,medio_baixo
4,0.0,0,0.0,8,4,1,0,0,0,1,1,1,0,0,0,0,gratuito
1,0.0,0,0.0,1,1,1,0,0,0,1,0,0,0,0,0,0,medio_baixo
4,10000.0,5,0.4,1,4,1,0,0,0,1,1,1,0,1,0,0,baixo
2,10000.0,1,1.0,3,4,1,0,0,0,1,1,1,0,1,0,0,baixo
8,10000.0,29,1.0,3,4,1,0,0,0,1,1,1,1,0,0,0,medio_baixo
3,0.0,0,0.0,1,3,1,0,0,0,1,1,0,0,0,0,0,gratuito
3,10000.0,3,1.0,1,3,1,0,0,0,0,1,1,0,0,1,0,alto
2,10000.0,0,0.0,1,2,1,0,0,0,0,1,0,1,0,0,0,medio_baixo
1,0.0,0,0.0,5,2,1,0,0,0,0,0,1,0,0,0,0,gratuito
3,10000.0,1,1.0,1,3,1,0,0,0,0,0,0,0,0,0,0,alto
2,10000.0,9,1.0,1,3,1,0,0,0,0,1,1,0,0,0,1,medio_alto
3,0.0,0,0.0,1,4,1,0,0,0,0,1,1,1,0,0,0,gratuito
4,10000.0,4,0.75,1,3,1,0,0,0,1,0,0,1,0,0,1,medio_alto
3,10000.0,4,0.75,3,2,1,1,0,0,0,0,1,1,0,0,0,medio_alto
3,35000.0,22,1.0,7,3,1,0,0,0,0,0,1,1,0,0,1,medio_alto
7,35000.0,92,0.7934782608695652,1,5,1,0,0,0,1,1,0,0,1,0,0,gratuito
5,10000.0,1,1.0,2,2,1,1,0,0,1,0,0,1,0,0,0,medio_alto
4,10000.0,29,0.6896551724137931,13,4,1,0,0,0,0,1,0,1,1,0,1,medio_baixo
6,35000.0,2,0.5,2,3,1,0,0,0,1,0,0,1,0,1,0,baixo
5,35000.0,5,0.6,1,3,1,0,0,0,0,1,0,1,1,0,0,baixo
4,10000.0,9,1.0,1,3,1,0,0,0,1,1,0,0,0,0,1,baixo
2,10000.0,121,0.6198347107438017,1,1,1,0,0,0,0,0,0,0,0,0,1,baixo
3,35000.0,1,1.0,1,2,1,0,0,0,0,0,1,0,0,1,0,medio_baixo
3,35000.0,6,0.8333333333333334,2,3,1,0,0,0,1,0,1,0,0,1,0,baixo
10,150000.0,642,0.7492211838006231,1,3,1,0,0,0,1,1,1,0,0,0,0,baixo
1,10000.0,1,1.0,1,2,1,1,1,0,0,0,1,0,1,0,0,medio_alto
3,10000.0,0,0.0,1,4,1,0,0,0,1,0,1,1,0,1,0,medio_baixo
4,10000.0,20,0.65,103,7,1,1,1,0,1,1,1,1,1,1,1,alto
1,0.0,0,0.0,1,4,1,0,0,0,1,1,0,0,0,0,0,gratuito
1,10000.0,3,1.0,2,1,1,0,0,0,0,1,0,0,0,0,0,medio_baixo
6,10000.0,0,0.0,2,3,1,0,0,0,1,0,1,1,0,0,0,medio_baixo
1,35000.0,63,0.6825396825396826,7,5,1,0,0,0,1,1,1,1,0,0,1,alto
5,10000.0,90,0.8,2,1,1,0,1,0,0,0,0,0,0,0,1,medio_baixo
6,75000.0,11,0.9090909090909091,1,2,1,0,0,0,0,0,0,0,1,0,0,gratuito
4,10000.0,2,0.5,1,1,1,0,0,0,1,0,0,0,0,0,0,baixo
1,0.0,0,0.0,7,2,1,0,0,0,1,0,0,1,0,0,0,baixo
5,35000.0,13,0.6923076923076923,1,4,1,1,0,1,1,0,1,0,1,1,0,gratuito
17,150000.0,1509,0.6686547382372432,5,1,1,0,0,0,0,1,0,0,0,0,0,medio_baixo
4,10000.0,56,0.9821428571428571,2,3,1,1,0,0,1,0,1,0,0,0,0,gratuito
1,10000.0,11,1.0,5,3,1,0,0,0,1,0,0,1,0,1,0,alto
2,0.0,0,0.0,11,5,1,0,0,0,1,0,0,1,1,0,1,gratuito
7,10000.0,0,0.0,1,1,1,1,1,0,1,0,0,0,0,0,0,alto
1,0.0,0,0.0,0,0,1,0,0,0,0,0,0,0,0,0,0,gratuito
4,10000.0,15,0.7333333333333333,8,3,1,0,0,0,1,1,0,1,0,0,0,baixo
6,10000.0,8,0.75,4,3,1,0,0,0,1,1,0,1,0,0,0,alto
3,75000.0,65,0.8615384615384616,1,4,1,0,0,0,1,0,1,0,1,1,0,baixo
2,10000.0,6,0.5,1,2,1,0,0,0,0,0,0,0,0,0,1,gratuito
3,0.0,0,0.0,0,0,1,0,0,0,0,0,0,0,0,0,0,gratuito
7,10000.0,0,0.0,2,1,1,0,0,0,0,0,0,0,0,0,0,alto
4,10000.0,24,1.0,12,3,1,0,0,0,1,0,0,1,0,0,0,medio_baixo
4,35000.0,139,0.9928057553956835,4,1,1,0,0,0,0,1,0,0,0,0,0,alto
12,10000.0,222,0.9324324324324325,1,2,1,1,1,0,0,0,1,1,0,0,0,medio_baixo
1,10000.0,0,0.0,3,3,1,0,1,0,0,1,1,0,0,0,1,medio_baixo
2,10000.0,103,0.6116504854368932,5,1,1,0,0,0,0,0,0,0,0,0,1,alto
8,35000.0,228,0.9254385964912281,1,1,1,0,0,0,0,0,0,0,0,0,1,gratuito
9,10000.0,28,0.5714285714285714,1,4,1,0,0,0,1,1,1,0,0,0,0,gratuito
10,10000.0,183,0.8961748633879781,14,3,1,0,0,1,1,0,1,1,0,0,0,alto
1,10000.0,11,1.0,11,1,1,0,0,0,0,0,0,1,0,0,0,medio_baixo
4,75000.0,799,0.4130162703379224,3,5,1,0,0,0,1,0,1,0,1,0,1,alto
4,10000.0,4,1.0,1,3,1,0,0,0,1,1,1,0,0,0,0,baixo
7,350000.0,2957,0.9509638146770375,1,3,1,1,1,1,1,0,0,1,0,1,0,alto
3,150000.0,872,0.8887614678899083,7,4,1,0,0,0,1,0,0,1,0,1,0,gratuito
6,10000.0,54,0.6851851851851852,9,3,1,0,0,1,1,1,1,0,0,0,0,medio_alto
3,10000.0,0,0.0,1,2,1,0,1,1,1,0,1,0,0,0,0,alto
5,10000.0,99,0.9292929292929293,1,3,1,0,0,0,1,0,0,1,0,0,0,baixo
1,0.0,0,0.0,10,5,1,0,0,0,1,1,1,1,1,0,0,medio_baixo
4,10000.0,15,0.9333333333333333,1,3,1,0,1,0,1,0,1,1,0,0,0,baixo
8,35000.0,34,0.9117647058823529,5,3,1,1,1,0,1,1,0,1,0,0,0,medio_alto
1,10000.0,0,0.0,1,3,1,0,0,0,1,0,0,0,0,0,1,medio_alto
8,35000.0,294,0.8197278911564626,1,3,1,1,1,0,1,0,0,0,1,1,0,medio_alto
7,10000.0,3,0.0,1,5,1,1,0,0,1,1,1,0,1,0,1,alto
4,10000.0,4,0.5,1,3,1,0,0,0,1,0,0,0,0,1,1,medio_alto
8,10000.0,93,0.7419354838709677,1,4,1,1,0,4,1,0,1,0,1,1,0,medio_baixo
4,10000.0,0,0.0,3,2,1,0,0,1,1,0,0,0,1,0,0,medio_alto
4,0.0,0,0.0,35,5,1,1,1,4,1,1,0,1,1,0,0,gratuito
5,10000.0,345,0.936231884057971,9,4,1,0,0,0,1,1,1,0,1,0,0,medio_baixo
6,10000.0,999,0.9179179179179179,1,4,1,1,0,0,1,0,0,1,0,0,0,gratuito
1,0.0,0,0.0,27,2,1,1,1,0,1,0,0,0,0,0,1,baixo
1,10000.0,0,0.0,6,2,1,0,0,0,1,1,0,0,0,0,0,medio_baixo
8,750000.0,13268,0.9084262888151945,2,1,1,0,0,1,0,0,0,0,1,0,0,alto
1,10000.0,1,1.0,14,4,1,0,0,0,1,0,0,1,0,0,1,medio_baixo
2,0.0,0,0.0,1,4,1,0,1,0,1,1,1,0,0,0,0,gratuito
7,10000.0,35,0.6,3,3,1,0,0,0,1,0,0,0,0,1,1,medio_baixo
3,10000.0,0,0.0,1,4,1,1,1,0,1,0,0,1,0,1,0,alto
4,10000.0,4,1.0,1,5,1,1,0,0,1,1,0,1,0,1,0,medio_alto
3,0.0,0,0.0,1,1,1,0,0,0,0,0,0,0,0,1,0,gratuito
1,0.0,0,0.0,0,0,1,0,0,0,0,0,0,0,0,0,0,gratuito
5,10000.0,0,0.0,1,2,1,0,0,2,1,0,0,1,0,0,0,baixo
4,0.0,0,0.0,1,2,1,0,0,0,0,0,0,0,0,0,0,gratuito
6,35000.0,182,0.8406593406593407,3,4,1,0,0,0,1,1,1,1,0,0,0,medio_alto
4,10000.0,22,0.7727272727272727,1,3,1,0,0,0,1,0,0,1,0,0,1,baixo
6,10000.0,46,0.6956521739130435,4,5,1,1,0,0,1,1,0,0,1,1,1,gratuito
4,10000.0,220,0.9318181818181818,5,3,1,0,0,0,1,1,1,0,0,0,0,baixo
1,10000.0,0,0.0,5,3,1,1,0,0,1,0,1,1,0,0,0,medio_alto
10,10000.0,81,0.5555555555555556,27,2,1,0,0,0,1,0,1,0,0,0,0,alto
7,35000.0,144,0.8263888888888888,6,3,1,0,0,0,1,0,1,1,0,0,0,baixo
7,10000.0,1,1.0,1,3,1,0,0,0,0,1,1,0,0,1,0,medio_baixo
3,350000.0,4386,0.815093479252166,10,4,1,1,0,3,1,1,1,1,0,0,0,alto
3,0.0,0,0.0,1,2,1,0,0,0,0,0,1,0,1,0,0,gratuito
7,10000.0,20,0.8,4,1,1,0,0,0,0,0,0,0,0,0,0,gratuito
3,150000.0,60,0.8166666666666667,3,4,1,0,1,0,1,1,0,0,0,0,0,gratuito
2,10000.0,16,0.625,12,2,1,0,0,0,1,0,0,0,0,0,1,medio_baixo
6,10000.0,6,0.16666666666666666,7,1,1,1,0,0,0,0,0,0,0,0,0,alto
2,0.0,0,0.0,1,3,1,0,0,0,1,0,0,1,0,0,0,gratuito
2,10000.0,11,1.0,2,4,1,0,0,0,1,1,1,0,0,0,0,alto
4,10000.0,3,1.0,1,3,1,0,0,0,1,1,1,0,0,0,0,alto
6,35000.0,337,0.7329376854599406,7,4,1,0,0,2,0,0,0,1,0,1,1,medio_alto
8,10000.0,10,1.0,1,3,1,0,0,0,1,1,0,0,0,0,0,medio_alto
4,10000.0,1,1.0,1,4,1,0,0,0,0,1,1,0,0,1,1,medio_alto
5,10000.0,1,1.0,1,4,1,0,0,0,1,1,1,1,0,0,0,medio_baixo
2,10000.0,0,0.0,1,4,1,0,0,0,0,1,0,1,1,1,0,medio_alto
8,75000.0,1646,0.9386391251518833,3,2,1,0,0,4,0,0,1,1,0,0,0,alto
7,10000.0,7,0.8571428571428571,8,3,1,1,0,0,1,0,1,1,0,0,0,medio_baixo
11,75000.0,87,0.5517241379310345,1,4,1,0,0,0,1,0,1,1,1,0,0,baixo
4,75000.0,7,0.7142857142857143,1,4,1,1,0,0,1,1,0,1,0,0,0,medio_alto
1,10000.0,1,1.0,14,2,1,0,0,0,1,1,0,0,0,0,0,medio_alto
3,10000.0,0,0.0,1,5,1,0,0,0,1,1,1,1,1,0,0,medio_alto
1,0.0,0,0.0,0,0,1,0,0,0,0,0,0,0,0,0,0,gratuito
3,10000.0,4,1.0,1,2,1,0,0,0,1,0,0,1,0,0,0,medio_baixo
1,10000.0,139,0.9568345323741008,1,4,1,0,0,0,1,0,0,1,0,0,1,alto
6,10000.0,29,0.9310344827586207,2,3,1,0,0,1,1,0,0,1,1,0,0,medio_baixo
3,10000.0,0,0.0,1,1,1,0,1,0,0,0,0,1,0,0,0,gratuito
4,10000.0,6,1.0,1,6,1,0,0,0,1,0,0,1,1,1,1,baixo
11,10000.0,62,0.3870967741935484,1,3,1,1,0,0,1,0,0,0,0,1,1,gratuito
1,0.0,0,0.0,0,0,1,0,0,0,0,0,0,0,0,0,0,gratuito
3,75000.0,4,0.5,1,1,1,0,0,0,0,0,0,0,0,1,0,baixo
1,10000.0,0,0.0,3,3,1,0,0,0,1,0,1,0,0,1,0,alto
7,35000.0,11,0.9090909090909091,7,3,1,0,1,0,1,0,0,1,0,1,0,baixo
6,10000.0,134,0.7761194029850746,6,3,1,1,0,1,1,0,1,1,0,0,0,alto
2,0.0,0,0.0,0,0,1,0,0,0,0,0,0,0,0,0,0,gratuito
6,150000.0,2854,0.8037841625788367,1,3,1,0,0,6,1,1,0,1,0,0,0,baixo
1,0.0,0,0.0,1,3,1,0,0,0,1,1,1,0,0,0,0,medio_baixo
8,10000.0,22,0.5909090909090909,2,4,1,0,0,0,0,0,0,1,0,0,1,alto
1,10000.0,2,1.0,1,3,1,0,0,0,1,0,0,0,1,1,0,baixo
10,10000.0,7,0.8571428571428571,1,3,1,1,0,0,1,0,0,1,0,1,0,alto
11,750000.0,6917,0.4714471591730519,12,5,1,0,0,0,1,1,1,0,1,0,0,alto
3,10000.0,0,0.0,1,1,1,0,0,0,0,0,0,0,0,1,0,medio_alto
4,0.0,0,0.0,1,2,1,0,0,0,0,0,1,0,1,0,0,gratuito
1,0.0,0,0.0,3,2,1,1,0,0,0,0,1,1,0,0,0,medio_alto
1,10000.0,0,0.0,1,1,1,1,0,0,1,0,0,0,0,0,0,medio_alto
11,10000.0,80,0.6625,11,2,1,1,1,0,1,1,0,0,0,0,0,alto
2,10000.0,2,0.5,1,4,1,0,0,0,0,1,0,1,0,0,1,baixo
8,10000.0,4,1.0,1,2,1,0,0,0,0,0,1,1,0,0,0,medio_alto
1,10000.0,139,0.8489208633093526,10,3,1,0,0,1,0,1,0,1,0,0,0,alto
1,0.0,0,0.0,1,4,1,0,0,0,0,1,0,1,0,1,0,medio_baixo
8,10000.0,14,0.5714285714285714,28,4,1,0,0,0,1,1,0,1,0,1,0,baixo
3,35000.0,21,0.7619047619047619,2,2,1,0,0,1,1,0,1,0,0,0,0,gratuito
4,10000.0,47,0.8936170212765957,2,2,1,1,1,0,1,0,0,1,0,0,0,medio_baixo
1,10000.0,0,0.0,11,3,1,1,0,3,1,0,0,1,0,0,1,alto
1,10000.0,19,0.8947368421052632,1,2,1,1,0,0,1,1,0,0,0,0,0,medio_alto
1,10000.0,0,0.0,6,1,1,0,0,1,0,1,0,0,0,0,0,medio_alto
11,35000.0,97,0.5876288659793815,5,2,1,1,0,0,1,1,0,0,0,0,0,medio_alto
1,10000.0,0,0.0,7,1,1,0,0,2,0,1,0,0,0,0,0,alto
8,35000.0,13,0.38461538461538464,1,3,1,0,0,0,1,0,0,1,0,1,0,medio_baixo
12,750000.0,8701,0.8431214802896219,8,2,1,0,0,8,0,1,1,0,0,0,0,alto
1,10000.0,0,0.0,12,4,1,1,1,0,1,0,0,1,0,1,1,medio_baixo
7,75000.0,1,1.0,1,3,1,0,0,0,1,0,1,1,0,0,0,baixo
1,150000.0,199,0.7587939698492462,6,5,1,1,1,2,1,0,1,1,1,1,0,alto
7,750000.0,4955,0.8760847628657922,1,3,1,1,0,0,1,1,0,0,0,0,1,alto
2,10000.0,8,0.5,5,2,1,0,0,0,0,0,1,1,0,0,0,alto
1,10000.0,0,0.0,1,1,1,0,0,0,0,0,0,1,0,0,0,medio_baixo
5,10000.0,28,0.8214285714285714,1,4,1,0,0,0,1,0,1,1,0,0,0,alto
7,10000.0,1,0.0,2,1,1,0,0,0,0,1,0,0,0,0,0,medio_alto
9,35000.0,76,0.618421052631579,1,1,1,1,0,1,0,0,1,0,0,0,0,alto
5,10000.0,9,0.8888888888888888,1,2,1,0,0,0,0,1,1,0,0,0,0,baixo
7,10000.0,5,0.8,2,2,1,1,1,0,1,0,1,0,0,0,0,medio_baixo
1,10000.0,1,1.0,1,1,1,0,0,1,0,1,0,0,0,0,0,medio_baixo
4,10000.0,20,0.8,2,4,1,0,0,1,1,1,1,0,0,0,0,gratuito
8,10000.0,4,0.75,1,5,1,0,0,1,1,1,1,1,1,0,0,medio_alto
8,10000.0,1,0.0,2,3,1,0,1,0,1,1,0,1,0,0,0,medio_alto
4,35000.0,331,0.918429003021148,11,3,1,0,0,0,1,1,1,0,0,0,0,medio_baixo
3,1500000.0,27719,0.9148237670911649,15,5,1,1,0,0,1,1,1,1,0,1,0,medio_baixo
3,10000.0,5,0.8,11,5,1,0,0,0,1,0,1,1,1,1,0,baixo
2,10000.0,14,0.6428571428571429,6,1,1,0,0,0,0,0,1,0,0,0,0,medio_alto
1,0.0,0,0.0,3,5,1,0,0,0,1,0,1,1,1,0,1,medio_alto
1,10000.0,0,0.0,1,2,1,0,0,0,1,0,0,1,0,0,0,baixo
2,10000.0,3,1.0,1,3,1,0,0,0,1,1,1,0,0,0,0,baixo
3,10000.0,6,0.8333333333333334,1,2,1,0,0,0,1,0,0,1,0,0,0,medio_alto
6,10000.0,76,0.7763157894736842,1,2,1,1,0,1,0,0,0,0,0,0,1,alto
6,35000.0,205,0.9512195121951219,1,4,1,0,0,1,1,1,1,0,1,0,0,medio_baixo
8,10000.0,268,0.6604477611940298,1,4,1,0,1,2,1,1,1,0,1,0,0,medio_baixo
6,10000.0,6,0.8333333333333334,1,1,1,0,0,0,0,0,0,0,0,0,1,baixo
8,10000.0,11,0.8181818181818182,8,3,1,0,0,0,1,0,0,1,0,0,0,alto
1,10000.0,0,0.0,1,1,1,0,0,0,0,0,0,1,0,0,0,alto
3,10000.0,4,1.0,1,4,1,0,0,0,1,0,0,1,0,1,0,medio_baixo
3,0.0,0,0.0,1,5,1,0,0,0,0,0,0,0,1,1,0,gratuito
17,35000.0,356,0.9719101123595506,1,1,1,0,0,0,0,0,1,0,0,0,0,medio_alto
1,10000.0,0,0.0,10,3,1,0,0,1,1,0,0,1,0,1,0,medio_baixo
8,750000.0,14147,0.701844914116067,13,2,1,1,1,1,0,1,0,0,0,1,0,alto
3,10000.0,0,0.0,2,3,1,0,0,0,1,0,1,1,0,0,0,baixo
9,35000.0,115,0.5304347826086957,2,5,1,0,0,0,1,0,1,1,1,1,0,baixo
2,10000.0,0,0.0,1,1,1,0,0,0,0,0,0,0,1,0,0,alto
2,0.0,0,0.0,0,0,1,0,0,0,0,0,0,0,0,0,0,gratuito
7,10000.0,5,0.2,1,3,1,0,0,0,1,1,0,1,0,0,0,baixo
7,35000.0,1430,0.9461538461538461,3,3,1,0,0,0,1,0,1,1,0,0,0,medio_baixo
1,0.0,0,0.0,2,2,1,0,0,0,1,0,0,0,0,0,0,medio_baixo
4,0.0,0,0.0,0,0,1,0,0,0,0,0,0,0,0,0,0,gratuito
4,10000.0,17,0.5882352941176471,3,1,1,0,0,0,0,0,0,0,0,0,1,alto
2,10000.0,85,0.9529411764705882,8,3,1,0,0,0,1,0,1,0,0,1,0,alto
1,10000.0,0,0.0,1,2,1,0,0,0,0,1,1,0,0,0,0,alto
5,10000.0,30,0.7,1,4,1,0,0,0,1,0,1,1,0,0,1,baixo
17,35000.0,444,0.7972972972972973,2,1,1,0,0,0,0,1,0,0,0,0,0,alto
3,0.0,0,0.0,0,0,1,0,0,0,0,0,0,0,0,0,0,gratuito
2,10000.0,7,1.0,1,3,1,0,0,0,1,1,0,0,0,0,0,gratuito
1,0.0,0,0.0,0,0,1,0,0,0,0,0,0,0,0,0,0,gratuito
1,0.0,0,0.0,0,0,1,0,0,0,0,0,0,0,0,0,0,gratuito
3,10000.0,130,0.9461538461538461,8,4,1,0,0,0,1,0,0,1,0,1,1,medio_baixo
9,10000.0,3,0.6666666666666666,1,2,1,0,0,0,0,0,0,0,1,0,0,gratuito
3,10000.0,86,0.9651162790697675,1,2,1,0,0,0,1,0,1,0,0,0,0,medio_baixo
1,0.0,0,0.0,1,4,1,0,0,0,1,0,1,1,0,0,0,medio_alto
1,10000.0,1,1.0,1,1,1,0,0,0,0,0,0,1,0,0,0,alto
1,10000.0,31,0.9032258064516129,10,2,1,1,1,0,1,0,0,0,0,0,1,medio_alto
3,10000.0,0,0.0,1,1,1,0,0,0,1,0,0,0,0,0,0,medio_baixo
1,10000.0,27,1.0,1,7,1,0,0,0,1,0,0,1,0,0,1,alto
3,10000.0,3,1.0,1,4,1,0,0,0,1,1,1,1,0,0,0,baixo
3,150000.0,1491,0.9396378269617707,1,3,1,0,0,0,1,1,1,0,0,0,0,medio_alto
5,10000.0,134,0.34328358208955223,1,2,1,0,0,0,1,0,0,0,0,0,0,alto
5,0.0,0,0.0,0,0,1,0,0,0,0,0,0,0,0,0,0,gratuito
2,10000.0,1,1.0,1,3,1,0,0,0,1,0,1,0,1,0,0,medio_baixo
2,35000.0,46,0.9347826086956522,2,2,1,0,0,0,1,0,1,0,0,0,0,baixo
9,10000.0,2,0.5,1,4,1,1,1,0,0,1,0,0,0,1,0,alto
4,10000.0,52,0.9807692307692307,1,2,1,0,0,0,1,1,0,0,0,0,0,medio_baixo
9,10000.0,76,0.881578947368421,4,4,1,0,0,0,1,1,0,1,0,1,0,baixo
6,10000.0,22,1.0,1,4,1,0,0,0,1,0,0,1,1,0,1,medio_baixo
2,0.0,0,0.0,30,3,1,0,0,0,0,0,1,1,0,0,1,medio_baixo
2,10000.0,591,0.9086294416243654,3,2,1,0,0,0,0,0,0,0,0,0,1,medio_baixo
1,0.0,0,0.0,9,1,1,0,0,0,0,0,1,0,0,0,0,baixo
2,10000.0,8,1.0,1,1,1,0,0,0,0,0,0,1,0,0,0,medio_alto
2,10000.0,31,0.9032258064516129,1,3,1,0,0,2,1,0,0,1,0,0,1,medio_baixo
3,0.0,0,0.0,1,3,1,0,0,1,1,0,0,0,0,1,0,gratuito
1,0.0,0,0.0,1,4,1,0,1,0,1,0,0,1,0,0,1,medio_alto
4,10000.0,23,0.9565217391304348,1,1,1,0,0,0,1,0,0,0,0,0,0,medio_alto
4,10000.0,0,0.0,5,1,1,1,1,0,0,0,0,1,0,0,0,medio_alto
2,10000.0,0,0.0,1,2,1,0,0,0,0,0,0,0,0,1,1,alto
3,10000.0,9,0.3333333333333333,1,2,1,0,1,0,1,0,0,1,0,0,0,baixo
6,3500000.0,24044,0.700715355182166,2,4,1,0,0,14,0,1,0,0,1,0,0,gratuito
2,10000.0,0,0.0,1,1,1,1,0,0,0,0,1,0,0,0,0,alto
10,150000.0,971,0.933058702368692,11,2,1,1,1,1,0,0,1,1,0,0,0,medio_alto
2,0.0,0,0.0,1,4,1,1,0,0,1,0,0,1,0,0,0,gratuito
8,10000.0,5,0.8,1,4,1,0,0,0,1,0,1,0,1,0,0,baixo
6,10000.0,0,0.0,2,2,1,1,1,0,0,0,1,1,0,0,0,medio_alto
7,10000.0,19,0.8421052631578947,2,3,1,1,0,1,1,0,0,1,0,1,0,medio_baixo
5,10000.0,6,0.5,2,1,1,0,0,0,0,0,0,1,0,0,0,baixo
11,35000.0,259,0.8416988416988417,7,3,1,1,0,0,1,0,1,1,0,0,0,medio_alto
2,0.0,0,0.0,1,3,1,1,1,0,0,0,1,1,0,0,0,gratuito
2,0.0,0,0.0,0,0,1,0,0,0,0,0,0,0,0,0,0,gratuito
7,10000.0,33,0.5757575757575758,2,4,1,0,0,0,1,0,1,1,0,1,0,medio_alto
11,0.0,0,0.0,0,0,1,0,0,0,0,0,0,0,0,0,0,gratuito
8,35000.0,14,0.35714285714285715,1,2,1,0,0,0,1,0,0,1,0,0,0,baixo
3,35000.0,445,0.8696629213483146,1,3,1,0,0,0,1,1,0,0,0,0,0,alto
4,10000.0,20,0.65,1,2,1,0,0,0,1,0,0,0,0,0,1,medio_alto
3,10000.0,0,0.0,1,4,1,0,1,0,1,0,1,1,0,0,1,medio_baixo
8,35000.0,635,0.8929133858267716,1,2,1,0,0,0,1,1,0,0,0,0,0,baixo
9,75000.0,411,0.9367396593673966,1,4,1,0,0,0,1,1,0,0,0,1,0,medio_alto
5,150000.0,1254,0.6403508771929824,10,4,1,0,0,1,1,1,1,0,1,0,0,medio_alto
2,10000.0,1,1.0,1,2,1,0,0,0,1,0,0,1,0,0,0,baixo
6,10000.0,4,0.75,2,3,1,1,0,0,1,0,0,0,0,1,1,alto
9,35000.0,126,0.5079365079365079,5,3,1,0,0,0,0,1,1,0,0,0,0,medio_baixo
1,10000.0,3,1.0,1,1,1,0,0,0,1,0,0,0,0,0,0,medio_alto
8,10000.0,0,0.0,4,5,1,0,0,0,1,1,1,1,1,0,0,baixo
9,35000.0,251,0.6613545816733067,8,2,1,1,0,1,1,0,0,0,0,1,0,medio_baixo
7,10000.0,7,1.0,2,3,1,0,0,0,1,1,1,0,0,0,0,alto
1,10000.0,1,1.0,1,3,1,1,1,0,1,0,1,1,0,0,0,medio_baixo
9,10000.0,5,0.6,2,3,1,0,0,0,1,0,0,1,0,0,1,baixo
6,10000.0,3,0.3333333333333333,3,4,1,0,0,0,1,0,0,0,0,1,1,medio_baixo
3,75000.0,571,0.8651488616462347,14,5,1,0,0,0,1,0,0,1,1,1,1,medio_alto
12,10000.0,171,0.5672514619883041,1,3,1,1,1,0,1,1,1,0,0,0,0,alto
2,10000.0,2,1.0,1,4,1,0,0,0,1,1,1,1,0,0,0,baixo
1,10000.0,0,0.0,6,2,1,0,0,0,0,0,0,1,0,0,1,alto
3,10000.0,282,0.925531914893617,4,5,1,0,0,0,1,1,1,1,0,0,1,medio_baixo
2,0.0,0,0.0,0,0,1,0,0,0,0,0,0,0,0,0,0,gratuito
3,10000.0,6,1.0,1,4,1,0,0,0,1,1,1,0,0,0,0,gratuito
2,10000.0,0,0.0,1,2,1,0,0,0,0,0,1,0,0,0,0,alto
4,10000.0,0,0.0,5,2,1,0,0,0,1,1,0,0,0,0,0,medio_baixo
1,0.0,0,0.0,1,3,1,0,0,1,0,1,1,0,0,0,0,gratuito
16,3500000.0,54646,0.8932950261684295,11,2,1,0,0,0,0,1,1,0,0,0,0,medio_alto
2,0.0,0,0.0,0,0,1,0,0,0,0,0,0,0,0,0,0,gratuito
1,0.0,0,0.0,0,0,1,0,0,0,0,0,0,0,0,0,0,gratuito
5,10000.0,8,0.625,3,1,1,0,0,0,0,0,0,1,0,0,0,medio_alto
7,10000.0,6,0.3333333333333333,1,2,1,0,0,0,1,0,1,0,0,0,0,baixo
5,10000.0,30,0.7,9,4,1,0,0,0,1,1,1,1,0,0,0,baixo
4,10000.0,38,0.8421052631578947,1,2,1,0,0,0,1,1,0,0,0,0,0,medio_baixo
1,10000.0,429,0.6153846153846154,10,2,1,0,0,2,0,1,1,0,0,0,0,alto
7,10000.0,13,0.6923076923076923,1,2,1,0,0,0,1,1,0,0,0,0,0,baixo
2,10000.0,25,0.6,1,3,1,0,0,1,1,0,1,1,0,0,0,medio_alto
18,350000.0,897,0.882943143812709,1,1,1,0,0,0,0,0,0,0,0,1,0,baixo
3,35000.0,2,0.5,2,5,1,0,0,0,1,1,0,1,1,0,0,medio_baixo
3,0.0,0,0.0,1,4,1,0,0,0,1,0,0,1,0,1,0,gratuito
9,75000.0,29,0.896551724137931,3,2,1,1,1,1,1,0,1,0,0,0,0,medio_alto
1,10000.0,0,0.0,1,3,1,0,0,0,1,0,0,1,0,0,1,medio_alto
1,10000.0,2,0.5,1,4,1,0,0,0,1,1,1,0,0,0,0,baixo
9,10000.0,1,1.0,1,3,1,0,0,0,1,0,0,0,1,0,0,medio_alto
13,150000.0,1939,0.8298091799896854,12,2,1,1,1,0,0,1,1,0,0,0,0,medio_baixo
7,10000.0,4,0.5,1,3,1,0,0,0,1,0,0,1,0,0,0,medio_alto
1,10000.0,0,0.0,1,1,1,1,1,0,1,0,0,0,0,0,0,alto
1,10000.0,127,0.8582677165354331,5,2,1,0,0,0,0,1,1,0,0,0,0,alto
12,10000.0,31,0.5161290322580645,1,2,1,0,0,0,1,0,0,0,0,1,0,medio_baixo
2,10000.0,0,0.0,13,3,1,0,0,49,0,0,0,1,0,1,0,gratuito
3,10000.0,0,0.0,1,4,1,1,1,0,1,0,1,1,0,0,1,baixo
2,10000.0,0,0.0,4,3,1,0,0,0,1,0,0,1,1,0,0,medio_alto
2,10000.0,2,1.0,1,2,1,0,0,0,1,1,0,0,0,0,0,baixo
4,35000.0,23,0.9130434782608695,1,2,1,0,0,0,1,1,0,0,0,0,0,medio_baixo
2,0.0,0,0.0,16,4,1,1,1,1,1,1,1,1,0,0,0,baixo
1,0.0,0,0.0,0,0,1,0,0,0,0,0,0,0,0,0,0,gratuito
7,10000.0,4,0.5,1,3,1,0,0,0,1,0,0,0,0,1,0,medio_baixo
4,150000.0,12,0.75,1,4,1,0,0,0,1,0,0,1,1,1,0,medio_alto
2,10000.0,16,0.8125,4,3,1,1,1,0,1,1,0,1,0,0,0,medio_baixo
3,0.0,0,0.0,2,4,1,1,1,3,1,0,1,0,0,0,0,gratuito
7,10000.0,18,0.3333333333333333,1,7,1,0,0,0,1,0,0,0,0,1,1,gratuito
2,10000.0,47,0.9148936170212766,3,3,1,0,0,1,1,0,0,0,0,1,1,medio_alto
1,10000.0,0,0.0,3,3,1,0,0,0,1,0,1,1,0,0,0,medio_alto
10,10000.0,96,0.7291666666666666,2,5,1,1,0,0,1,0,1,1,1,1,0,medio_alto
1,35000.0,30,0.9,1,3,1,1,0,0,1,0,1,0,0,1,0,medio_alto
2,10000.0,2,1.0,13,2,1,0,0,0,0,0,1,1,0,0,0,medio_alto
4,10000.0,8,1.0,1,4,1,0,0,0,1,0,0,1,0,0,1,medio_baixo
8,10000.0,70,0.7285714285714285,1,3,1,0,0,0,1,1,0,0,0,0,0,gratuito
6,35000.0,31,0.8387096774193549,2,3,1,0,1,0,1,0,1,0,1,0,0,medio_alto
2,10000.0,91,0.8681318681318682,13,1,1,0,0,0,0,0,0,0,0,1,0,medio_alto
6,35000.0,29,0.7241379310344828,3,5,1,1,1,0,1,1,1,0,1,1,0,medio_baixo
3,0.0,0,0.0,103,9,1,1,1,0,1,1,1,1,1,1,1,alto
5,35000.0,282,0.723404255319149,11,5,1,0,0,0,1,1,1,1,0,0,1,medio_alto
1,10000.0,0,0.0,3,1,1,1,1,0,0,0,0,1,0,0,0,baixo
6,35000.0,952,0.8287815126050421,3,3,1,0,0,0,1,0,1,0,1,0,0,alto
2,0.0,0,0.0,0,0,1,0,0,0,0,0,0,0,0,0,0,gratuito
3,750000.0,27148,0.7150066303226758,14,2,1,0,0,8,0,1,1,0,0,0,0,alto
2,10000.0,0,0.0,1,2,1,0,0,0,1,0,0,1,0,0,0,medio_alto
6,10000.0,14,0.9285714285714286,1,1,1,1,1,0,1,0,0,0,0,0,0,medio_baixo
1,10000.0,0,0.0,9,5,1,0,0,0,1,1,1,0,0,0,0,medio_alto
5,10000.0,6,1.0,1,3,1,1,1,0,1,1,0,1,0,0,0,medio_alto
5,750000.0,12694,0.8561525129982669,13,3,1,0,0,0,1,1,1,0,0,0,0,medio_baixo
7,10000.0,24,0.75,1,2,1,0,0,0,1,0,1,0,0,0,0,medio_baixo
9,10000.0,23,0.6956521739130435,9,2,1,1,1,0,0,0,0,0,0,0,0,alto
7,35000.0,1705,0.9747800586510263,2,6,1,0,1,0,1,1,1,0,1,0,1,alto
4,10000.0,9,0.5555555555555556,1,4,1,0,0,0,1,0,1,1,0,1,0,alto
3,150000.0,2289,0.9392747924858017,12,2,1,1,0,2,1,0,1,0,0,0,0,alto
8,75000.0,348,0.7413793103448276,3,5,1,0,0,0,1,0,1,1,1,1,0,baixo
5,0.0,0,0.0,1,5,1,0,0,0,1,1,0,0,0,0,0,gratuito
6,10000.0,4,0.5,2,3,1,0,0,0,1,1,1,0,0,0,0,medio_alto
4,35000.0,6,0.0,1,3,1,0,0,0,1,1,1,0,0,0,0,medio_alto
1,0.0,0,0.0,0,0,1,0,0,0,0,0,0,0,0,0,0,gratuito
4,10000.0,9,0.7777777777777778,13,2,1,0,0,1,0,1,1,0,0,0,0,medio_alto
7,35000.0,91,0.5934065934065934,103,3,1,1,1,0,1,1,1,0,0,0,0,baixo
1,10000.0,0,0.0,1,3,1,1,1,0,0,0,1,1,0,0,1,medio_alto
3,0.0,0,0.0,1,4,1,0,0,0,1,1,0,1,0,0,0,gratuito
5,10000.0,1,1.0,1,2,1,0,0,0,1,1,0,0,0,0,0,alto
1,10000.0,4,1.0,1,4,1,0,0,0,1,0,1,1,0,0,1,baixo
1,0.0,0,0.0,0,0,1,0,0,0,0,0,0,0,0,0,0,gratuito
1,10000.0,1,0.0,1,1,1,0,0,0,0,0,0,0,1,0,0,medio_baixo
1,10000.0,0,0.0,8,2,1,0,0,0,1,1,0,0,0,0,0,baixo
2,0.0,0,0.0,8,2,1,0,0,0,0,0,0,0,0,0,0,gratuito
2,10000.0,64,0.75,4,2,1,0,0,0,1,0,0,0,1,0,0,alto
4,35000.0,468,0.938034188034188,10,3,1,1,1,0,1,0,1,1,0,0,0,baixo
1,0.0,0,0.0,1,4,1,0,0,0,0,1,1,1,0,0,0,gratuito
8,35000.0,57,0.7192982456140351,11,2,1,1,0,0,1,0,1,0,0,0,0,alto
3,10000.0,17,0.5294117647058824,1,4,1,0,0,0,1,1,0,1,0,1,0,medio_baixo
5,10000.0,7,0.5714285714285714,1,2,1,0,0,0,1,1,0,0,0,0,0,baixo
1,10000.0,0,0.0,11,3,1,0,0,0,1,0,0,1,0,0,0,medio_baixo
1,10000.0,2,1.0,1,2,1,0,0,0,1,0,0,1,0,0,0,medio_baixo
9,10000.0,69,0.7681159420289855,14,3,1,1,0,0,1,1,0,0,1,0,0,medio_alto
2,10000.0,58,0.896551724137931,1,3,1,0,0,0,1,0,1,0,0,0,1,medio_baixo
2,10000.0,23,1.0,9,2,1,0,0,0,1,0,0,1,0,0,0,medio_baixo
9,10000.0,17,0.8823529411764706,1,2,1,1,1,0,1,0,0,1,0,0,0,medio_baixo
4,10000.0,3,0.6666666666666666,6,3,1,0,0,0,1,1,1,0,0,0,0,medio_baixo
5,75000.0,12,1.0,1,2,1,0,1,0,0,0,0,1,0,1,0,medio_alto
4,0.0,0,0.0,12,3,1,0,1,2,1,0,0,1,0,0,0,gratuito
1,10000.0,72,0.8055555555555556,10,3,1,0,0,1,1,1,0,0,1,0,0,alto
1,10000.0,0,0.0,1,4,1,0,0,0,1,0,1,0,0,1,1,medio_alto
1,10000.0,0,0.0,1,2,1,0,0,0,1,0,0,1,0,0,0,baixo
1,10000.0,0,0.0,18,3,1,0,0,5,0,1,1,0,1,0,0,alto
3,10000.0,53,0.8867924528301887,1,2,1,1,1,2,1,0,0,0,0,1,0,medio_alto
11,10000.0,131,0.8320610687022901,8,3,1,1,0,0,0,0,1,1,0,1,0,baixo
1,10000.0,8,0.875,1,3,1,1,1,0,1,0,1,1,0,0,0,alto
1,0.0,0,0.0,103,1,1,0,0,0,0,0,0,1,0,0,0,baixo
9,10000.0,144,0.8541666666666666,1,2,1,0,0,0,0,1,0,0,0,0,0,baixo
7,10000.0,5,1.0,1,2,1,1,0,0,1,0,1,0,0,0,0,medio_baixo
7,10000.0,0,0.0,1,5,1,1,1,0,1,1,1,0,1,1,0,medio_alto
3,10000.0,4,0.75,1,2,1,0,0,0,0,0,0,1,0,1,0,medio_baixo
8,10000.0,10,0.7,1,2,1,0,1,1,1,1,0,0,0,0,0,medio_baixo
2,0.0,0,0.0,0,0,1,0,0,0,0,0,0,0,0,0,0,gratuito
6,150000.0,1309,0.6875477463712758,13,3,1,0,0,0,1,1,0,0,0,0,1,medio_baixo
1,10000.0,0,0.0,15,4,1,0,0,0,1,0,1,0,1,0,0,alto
2,10000.0,6,0.16666666666666666,1,5,1,0,0,0,0,1,1,0,1,1,0,baixo
2,10000.0,113,0.9292035398230089,8,1,1,0,0,0,0,1,0,0,0,0,0,alto
1,10000.0,0,0.0,1,1,1,0,0,0,0,1,0,0,0,0,0,baixo
1,10000.0,17,0.8823529411764706,1,1,1,0,0,0,0,0,0,1,0,0,0,medio_baixo
2,0.0,0,0.0,103,2,1,0,0,0,1,0,0,1,0,0,0,baixo
2,10000.0,30,0.5333333333333333,11,3,1,0,0,1,1,0,1,1,0,0,0,alto
2,10000.0,34,0.7647058823529411,11,2,1,0,0,0,1,0,0,1,0,0,0,medio_baixo
5,10000.0,164,0.8841463414634146,1,2,1,0,0,0,1,0,1,0,0,0,0,medio_alto
12,10000.0,106,0.9339622641509434,1,3,1,1,1,0,1,1,0,0,0,1,0,alto
8,10000.0,89,0.9550561797752809,2,1,1,0,0,1,1,0,0,0,0,0,0,medio_baixo
1,10000.0,0,0.0,1,5,1,0,0,0,1,1,1,0,1,0,0,alto
3,10000.0,24,0.75,16,3,1,1,0,0,1,0,1,1,0,0,0,medio_alto
8,150000.0,306,0.7189542483660131,1,2,1,0,0,0,1,1,0,0,0,0,0,gratuito
3,10000.0,56,0.9285714285714286,3,3,1,0,0,0,1,1,0,0,0,0,0,baixo
7,10000.0,20,0.65,2,3,1,0,0,0,1,0,1,0,1,0,0,alto
1,10000.0,0,0.0,1,4,1,0,0,0,1,1,1,1,0,0,0,medio_baixo
2,10000.0,122,0.9426229508196722,1,4,1,0,0,0,0,1,1,1,0,0,0,gratuito
4,10000.0,0,0.0,1,1,1,1,1,0,0,0,0,1,0,0,0,medio_baixo
4,10000.0,0,0.0,1,2,1,0,0,2,1,0,0,1,0,0,0,baixo
2,10000.0,40,0.925,2,4,1,0,0,0,1,1,1,0,1,0,0,alto
8,10000.0,14,0.9285714285714286,2,4,1,0,0,0,1,1,0,1,0,0,1,medio_baixo
3,35000.0,5,0.8,1,4,1,0,0,0,0,0,0,1,0,1,1,medio_baixo
13,35000.0,126,0.31746031746031744,3,2,1,0,0,0,1,0,0,0,0,1,0,gratuito
6,10000.0,21,0.8571428571428571,1,5,1,0,0,0,1,1,1,1,0,0,0,medio_alto
15,3500000.0,37628,0.9239130434782609,5,3,1,0,0,0,0,1,0,0,0,0,1,medio_baixo
1,10000.0,0,0.0,1,2,1,0,0,0,1,0,0,1,0,0,0,medio_baixo
4,0.0,0,0.0,0,0,1,0,0,0,0,0,0,0,0,0,0,gratuito
7,350000.0,4566,0.7606219886114761,3,4,1,0,0,0,1,1,0,1,0,0,0,alto
5,10000.0,5,0.6,1,1,1,0,0,0,0,0,1,0,0,0,0,medio_alto
8,75000.0,226,0.8451327433628318,1,5,1,0,0,1,1,1,1,0,1,0,1,medio_baixo
1,10000.0,0,0.0,1,2,1,0,0,0,1,0,1,0,0,0,0,alto
3,10000.0,11,0.9090909090909091,9,3,1,0,0,0,1,0,1,1,0,0,0,medio_baixo
5,0.0,0,0.0,1,1,1,0,0,0,1,0,0,0,0,0,0,gratuito
8,10000.0,4,1.0,1,2,1,0,0,0,0,0,1,1,0,0,0,medio_alto
3,10000.0,10,0.7,1,2,1,0,0,0,0,0,1,0,0,0,1,baixo
1,0.0,0,0.0,9,2,1,0,0,0,1,0,0,1,0,0,0,medio_alto
4,10000.0,2,0.5,1,1,1,0,0,0,0,0,0,0,0,0,1,medio_alto
2,10000.0,2,1.0,2,3,1,0,0,0,1,1,0,1,0,0,0,medio_baixo
3,75000.0,1302,0.869431643625192,10,7,1,0,0,0,1,1,1,1,1,1,1,medio_alto
9,150000.0,145,0.7931034482758621,103,4,1,0,0,0,1,1,1,1,0,0,0,baixo
4,150000.0,413,0.9249394673123487,6,3,1,0,0,3,0,1,1,1,0,0,0,alto
18,35000.0,90,0.6,1,1,1,0,0,0,0,0,0,1,0,0,0,medio_baixo
2,10000.0,0,0.0,11,3,1,0,0,0,1,0,0,1,0,1,0,medio_alto
10,10000.0,27,1.0,1,2,1,0,0,0,0,0,0,1,0,1,0,medio_baixo
3,10000.0,0,0.0,1,1,1,1,0,0,1,0,0,0,0,0,0,medio_baixo
8,10000.0,2,1.0,1,1,1,0,0,0,1,0,0,0,0,0,0,baixo
2,10000.0,0,0.0,12,3,1,1,1,0,0,0,0,1,0,1,1,baixo
1,10000.0,15,1.0,7,2,1,0,1,0,0,0,0,1,0,0,1,medio_baixo
3,0.0,0,0.0,0,0,1,0,0,0,0,0,0,0,0,0,0,gratuito
5,10000.0,2,1.0,1,2,1,0,0,0,1,0,1,0,0,0,0,medio_baixo
3,0.0,0,0.0,4,5,1,1,0,1,1,0,0,1,0,1,1,gratuito
3,10000.0,0,0.0,5,1,1,1,1,0,0,0,0,1,0,0,0,alto
9,10000.0,98,0.7857142857142857,2,3,1,0,0,0,1,0,0,0,1,1,0,medio_alto
1,10000.0,0,0.0,9,3,1,0,0,0,0,1,0,1,1,0,0,alto
4,10000.0,24,0.8333333333333334,1,2,1,0,0,0,0,0,0,0,1,0,0,alto
1,0.0,0,0.0,103,3,1,0,0,0,1,0,1,1,0,0,0,medio_baixo
7,10000.0,20,0.85,8,3,1,1,0,0,1,0,1,1,0,0,0,medio_baixo
2,0.0,0,0.0,0,0,1,0,0,0,0,0,0,0,0,0,0,gratuito
1,10000.0,0,0.0,1,2,1,0,0,3,1,0,1,0,0,0,0,medio_alto
7,10000.0,190,0.7947368421052632,8,5,1,0,0,0,1,1,1,1,1,0,0,medio_baixo
1,0.0,0,0.0,0,0,1,0,0,0,0,0,0,0,0,0,0,gratuito
4,10000.0,3,0.3333333333333333,1,1,1,0,0,0,0,0,0,0,0,1,0,medio_alto
9,75000.0,72,0.4722222222222222,1,4,1,1,1,0,1,1,0,1,0,1,0,medio_baixo
8,10000.0,9,1.0,1,5,1,0,0,0,1,1,0,1,0,1,1,medio_alto
1,0.0,0,0.0,1,3,1,0,0,0,0,0,0,1,0,0,1,gratuito
1,0.0,0,0.0,1,4,1,0,0,0,1,1,1,0,0,0,0,gratuito
8,10000.0,3,0.0,2,3,1,1,0,0,1,1,0,1,0,0,0,alto
1,0.0,0,0.0,30,4,1,0,0,3,1,0,1,1,0,0,1,medio_alto
3,10000.0,213,0.9812206572769953,1,2,1,1,0,1,1,0,0,1,0,0,0,medio_baixo
4,0.0,0,0.0,0,0,1,0,0,0,0,0,0,0,0,0,0,gratuito
1,10000.0,0,0.0,1,2,1,0,1,0,0,0,0,1,0,0,1,medio_alto
17,75000.0,265,0.660377358490566,8,2,1,0,0,1,0,0,0,0,0,1,1,medio_alto
2,0.0,0,0.0,1,3,1,0,0,0,1,1,0,0,0,0,0,gratuito
6,10000.0,13,0.9230769230769231,1,2,1,0,0,0,0,0,1,1,0,0,0,medio_alto
3,10000.0,3,1.0,2,3,1,0,0,0,1,0,0,1,0,1,0,baixo
8,35000.0,16,0.5,2,3,1,1,0,0,1,0,1,1,0,0,0,baixo
1,10000.0,19,0.7894736842105263,1,3,1,0,0,0,1,0,1,0,0,0,1,baixo
2,35000.0,585,0.905982905982906,2,4,1,1,0,0,1,0,1,1,0,0,1,alto
11,350000.0,1678,0.7908224076281287,8,4,1,0,0,1,1,1,1,0,1,0,0,alto
5,10000.0,5,0.0,1,6,1,0,0,0,1,1,1,0,1,0,1,alto
6,10000.0,397,0.9697732997481109,1,4,1,0,0,0,1,0,1,0,1,0,0,gratuito
3,10000.0,8,0.875,2,5,1,0,0,0,1,1,0,1,0,0,0,gratuito
1,0.0,0,0.0,3,2,1,1,0,0,1,0,0,0,0,0,1,medio_baixo
1,0.0,0,0.0,1,3,1,0,0,0,1,0,1,1,0,0,0,medio_baixo
1,10000.0,0,0.0,1,2,1,0,0,1,1,1,0,0,0,0,0,medio_baixo
3,35000.0,384,0.6979166666666666,1,5,1,1,1,0,1,0,1,1,1,0,1,alto
1,0.0,0,0.0,1,3,1,0,0,0,1,0,0,1,0,1,0,alto
2,10000.0,165,0.7333333333333333,10,1,1,0,0,0,0,0,0,1,0,0,0,medio_alto
1,0.0,0,0.0,4,2,1,0,0,0,1,0,1,0,0,0,0,medio_baixo
2,0.0,0,0.0,103,9,1,1,1,0,1,1,1,1,1,1,1,alto
7,10000.0,17,0.8235294117647058,1,5,1,0,0,0,1,1,0,1,0,0,0,medio_alto
3,10000.0,3,0.6666666666666666,1,3,1,0,0,0,1,1,1,0,0,0,0,medio_alto
3,10000.0,7,1.0,1,3,1,1,0,0,1,0,1,0,0,1,0,alto
1,10000.0,0,0.0,7,4,1,0,0,0,1,1,0,0,0,1,0,medio_alto
5,35000.0,133,0.8421052631578947,7,3,1,0,0,0,1,1,1,0,0,0,0,alto
6,10000.0,89,0.9325842696629213,1,6,1,1,0,0,1,0,1,1,0,1,1,alto
8,10000.0,8,0.875,1,2,1,0,0,0,1,0,0,1,0,0,0,medio_alto
1,0.0,0,0.0,10,3,1,0,0,0,1,0,0,1,0,0,1,alto
8,10000.0,54,0.3333333333333333,2,3,1,0,0,0,0,1,1,0,1,0,0,medio_alto
10,1500000.0,10054,0.950268549830913,2,1,1,0,0,18,0,1,0,0,0,0,0,alto
2,10000.0,10,0.8,2,3,1,0,0,0,1,1,1,0,0,0,0,alto
1,10000.0,0,0.0,1,3,1,1,0,0,1,1,0,1,0,0,0,baixo
6,10000.0,0,0.0,1,4,1,0,0,0,0,0,1,1,1,1,0,baixo
10,75000.0,842,0.7660332541567696,2,3,1,0,0,0,1,1,1,0,0,0,0,alto
1,75000.0,3387,0.7124298789489224,12,2,1,0,0,10,0,1,1,0,0,0,0,alto
2,10000.0,17,0.9411764705882353,5,3,1,0,0,0,0,0,1,1,0,1,0,medio_alto
8,10000.0,14,0.5,1,3,1,1,1,0,1,0,1,0,1,0,0,alto
3,35000.0,14,0.7857142857142857,5,3,1,0,0,0,1,1,1,0,0,0,0,baixo
7,75000.0,1356,0.8289085545722714,1,3,1,0,0,0,1,0,1,0,0,1,0,alto
1,10000.0,0,0.0,1,2,1,0,0,0,0,1,0,0,0,0,0,gratuito
8,10000.0,91,0.5824175824175825,2,3,1,0,0,0,1,0,0,1,0,0,1,baixo
3,10000.0,5,0.6,1,7,1,0,0,0,1,1,1,1,1,0,0,gratuito
6,10000.0,0,0.0,1,4,1,0,0,0,1,0,0,1,1,0,1,medio_alto
1,10000.0,6,0.5,1,2,1,1,1,0,1,0,0,0,0,0,1,medio_baixo
1,0.0,0,0.0,2,3,1,0,0,0,0,0,1,0,1,0,0,gratuito
11,75000.0,383,0.6971279373368147,1,1,1,1,1,0,0,0,0,0,0,0,0,medio_alto
3,35000.0,111,0.8738738738738738,1,3,1,0,0,0,1,0,1,1,0,0,0,gratuito
5,10000.0,108,0.7222222222222222,9,3,1,0,0,0,0,0,1,1,0,0,1,baixo
6,10000.0,14,0.42857142857142855,1,4,1,0,0,1,0,0,0,0,0,0,0,alto
10,10000.0,203,0.9310344827586207,1,2,1,1,1,0,1,0,0,1,0,0,0,medio_alto
4,10000.0,62,0.7580645161290323,6,2,1,0,0,0,0,1,0,0,0,0,0,gratuito
10,35000.0,372,0.8306451612903226,2,2,1,1,0,0,1,1,0,0,0,0,0,baixo
9,10000.0,275,0.8290909090909091,6,2,1,0,0,0,0,1,0,0,0,0,0,alto
2,0.0,0,0.0,2,5,1,0,0,0,1,1,1,0,1,0,0,gratuito
3,10000.0,0,0.0,103,6,1,0,0,0,1,1,1,1,1,0,1,baixo
10,35000.0,73,0.3424657534246575,1,4,1,0,0,2,1,0,0,1,1,0,1,medio_alto
10,15000000.0,213640,0.9467000561692567,16,4,1,1,0,1,1,0,1,1,0,0,1,medio_alto
3,0.0,0,0.0,0,0,1,0,0,0,0,0,0,0,0,0,0,gratuito
6,10000.0,24,0.8333333333333334,1,5,1,0,0,0,1,1,1,1,0,0,1,baixo
1,10000.0,210,0.8095238095238095,11,4,1,0,0,0,1,1,0,1,0,0,1,medio_alto
3,0.0,0,0.0,0,0,1,0,0,0,0,0,0,0,0,0,0,gratuito
4,10000.0,3,0.6666666666666666,1,4,1,0,0,0,1,0,1,1,0,0,0,baixo
2,10000.0,33,0.5757575757575758,4,3,1,0,0,1,1,0,1,1,0,0,0,baixo
7,35000.0,2,0.5,1,3,1,0,0,0,1,1,0,1,0,0,0,medio_alto
1,10000.0,0,0.0,1,3,1,0,0,0,1,0,0,1,0,0,1,medio_baixo
8,10000.0,14,1.0,2,4,1,0,0,0,1,1,0,0,0,1,1,medio_alto
5,0.0,0,0.0,2,4,1,1,0,0,1,1,1,0,0,0,0,gratuito
4,0.0,0,0.0,0,0,1,0,0,0,0,0,0,0,0,0,0,gratuito
6,10000.0,3,0.3333333333333333,1,2,1,0,0,0,1,1,0,0,0,0,0,alto
8,10000.0,16,0.4375,1,3,1,0,0,0,1,0,1,0,0,0,1,baixo
2,10000.0,29,1.0,2,3,1,1,1,0,1,0,0,1,0,0,1,medio_alto
8,10000.0,9,0.4444444444444444,1,5,1,0,0,0,1,1,0,1,0,1,1,medio_baixo
7,10000.0,89,0.8539325842696629,1,3,1,1,1,2,1,0,1,0,1,0,0,baixo
3,10000.0,8,0.75,2,3,1,0,0,0,1,0,0,1,0,1,0,medio_baixo
11,150000.0,831,0.7737665463297232,7,3,1,1,0,0,1,1,1,0,0,0,0,gratuito
11,10000.0,7,0.42857142857142855,1,3,1,0,0,0,1,1,0,0,0,0,0,medio_alto
4,10000.0,0,0.0,3,2,1,0,0,0,0,0,1,0,0,1,0,medio_alto
6,10000.0,3,1.0,1,3,1,1,0,0,0,0,0,1,0,1,0,medio_baixo
2,0.0,0,0.0,0,0,1,0,0,0,0,0,0,0,0,0,0,gratuito
2,10000.0,4,1.0,1,3,1,0,0,0,1,0,0,1,0,1,0,baixo
4,35000.0,495,0.9575757575757575,5,2,1,0,0,0,1,0,0,0,0,1,0,baixo
5,10000.0,44,0.6363636363636364,1,6,1,0,0,0,1,1,1,0,1,1,0,medio_baixo
2,10000.0,0,0.0,1,4,1,0,0,0,1,0,0,1,0,1,1,medio_alto
2,10000.0,0,0.0,1,2,1,0,0,0,0,0,0,1,0,0,0,medio_alto
1,0.0,0,0.0,15,3,1,0,0,0,1,0,0,1,0,0,0,medio_baixo
2,10000.0,0,0.0,10,3,1,0,0,0,0,0,1,1,0,0,0,gratuito
6,75000.0,4,0.0,1,2,1,0,0,0,1,0,0,1,0,0,0,baixo
1,10000.0,22,0.7272727272727273,1,1,1,0,0,0,0,1,0,0,0,0,0,baixo
1,10000.0,0,0.0,11,4,1,0,0,0,1,1,1,0,0,0,1,alto
1,10000.0,0,0.0,6,6,1,0,0,0,1,0,1,1,1,1,1,medio_alto
2,10000.0,3,1.0,1,3,1,0,0,0,1,0,1,0,0,0,0,medio_alto
1,10000.0,0,0.0,1,4,1,0,0,0,1,1,1,0,0,1,0,alto
2,10000.0,9,0.4444444444444444,30,6,1,0,0,0,1,0,0,1,0,1,1,medio_baixo
15,75000.0,215,0.7488372093023256,10,2,1,0,0,0,1,0,0,1,0,0,0,medio_baixo
4,75000.0,51,0.9215686274509803,1,3,1,0,0,1,1,0,0,0,1,1,0,medio_baixo
11,10000.0,8,0.625,1,2,1,1,1,0,1,0,0,0,1,0,0,medio_baixo
1,0.0,0,0.0,20,4,1,1,0,0,0,0,0,1,1,1,0,gratuito
1,10000.0,10,1.0,2,3,1,0,0,0,1,0,1,1,0,0,0,medio_alto
3,10000.0,0,0.0,3,1,1,0,0,0,0,0,0,1,0,0,0,medio_baixo
4,10000.0,0,0.0,3,2,1,0,0,1,1,0,0,0,1,0,0,alto
1,10000.0,0,0.0,3,2,1,0,0,1,1,0,0,0,1,0,0,alto
1,0.0,0,0.0,0,0,1,0,0,0,0,0,0,0,0,0,0,gratuito
4,0.0,0,0.0,1,2,1,0,0,0,1,1,0,0,0,0,0,gratuito
8,10000.0,61,0.8360655737704918,103,5,1,0,0,0,1,0,1,1,0,1,1,baixo
3,0.0,0,0.0,103,3,1,0,0,0,1,0,0,1,0,1,0,baixo
4,10000.0,34,0.35294117647058826,10,4,1,0,0,0,1,0,0,1,1,0,1,medio_baixo
2,0.0,0,0.0,0,0,1,0,0,0,0,0,0,0,0,0,0,gratuito
3,10000.0,13,0.8461538461538461,2,3,1,0,0,0,1,1,1,0,0,0,0,baixo
2,10000.0,52,0.8269230769230769,1,3,1,0,0,2,1,0,0,1,1,0,0,medio_baixo
1,0.0,0,0.0,4,1,1,1,1,0,1,0,0,0,0,0,0,medio_baixo
1,10000.0,0,0.0,9,2,1,0,0,0,1,0,0,1,0,0,0,medio_alto
6,150000.0,11,0.9090909090909091,2,4,1,0,0,0,1,1,0,1,0,1,0,baixo
3,10000.0,0,0.0,1,2,1,0,0,0,0,1,0,0,0,0,0,gratuito
1,0.0,0,0.0,1,3,1,0,0,0,1,1,0,1,0,0,0,alto
7,10000.0,7,0.8571428571428571,27,2,1,1,0,0,1,0,0,1,0,0,0,baixo
1,0.0,0,0.0,11,7,1,0,0,0,1,0,1,1,1,1,1,alto
8,10000.0,1,1.0,1,2,1,0,0,0,1,1,0,0,0,0,0,baixo
5,0.0,0,0.0,1,2,1,0,0,0,0,0,0,0,0,0,0,gratuito
2,0.0,0,0.0,103,4,1,1,0,0,0,0,0,1,0,1,1,gratuito
5,10000.0,42,0.7619047619047619,2,3,1,0,0,0,0,0,0,0,0,1,0,gratuito
2,10000.0,7,1.0,1,2,1,0,0,0,1,0,1,0,0,0,0,medio_baixo
2,10000.0,48,0.9583333333333334,5,3,1,0,0,0,1,0,0,0,1,1,0,medio_baixo
4,10000.0,24,0.9583333333333334,1,1,1,0,0,0,0,0,0,1,0,0,0,baixo
4,10000.0,5,1.0,1,2,1,0,0,0,0,1,1,0,0,0,0,medio_alto
8,10000.0,0,0.0,1,2,1,0,0,0,0,1,1,0,0,0,0,medio_alto
5,10000.0,86,0.7441860465116279,1,2,1,0,0,0,0,0,1,0,0,0,1,gratuito
3,0.0,0,0.0,1,3,1,0,0,0,1,0,0,1,0,0,0,gratuito
10,75000.0,117,0.7435897435897436,1,3,1,1,0,0,1,1,0,1,0,0,0,baixo
3,0.0,0,0.0,2,3,1,1,1,1,1,0,0,1,0,0,0,gratuito
1,0.0,0,0.0,0,0,1,0,0,0,0,0,0,0,0,0,0,gratuito
17,35000.0,182,0.8901098901098901,1,1,1,0,0,0,0,1,0,0,0,0,0,medio_alto
5,10000.0,11,0.7272727272727273,1,3,1,0,0,0,1,1,0,0,1,0,0,baixo
6,10000.0,55,0.43636363636363634,28,5,1,1,1,0,1,1,1,1,0,0,1,alto
3,0.0,0,0.0,8,3,1,0,0,0,0,1,0,0,0,1,0,gratuito
8,10000.0,133,0.9172932330827067,2,2,1,1,0,1,1,0,0,1,0,0,0,medio_alto
7,10000.0,6,0.8333333333333334,1,2,1,0,0,0,1,0,1,0,0,0,0,baixo
3,10000.0,2,0.5,1,3,1,0,0,0,0,1,1,0,0,0,0,medio_alto
1,10000.0,0,0.0,1,3,1,0,0,0,1,0,0,1,1,0,0,medio_baixo
7,35000.0,12,0.75,2,6,1,0,0,0,1,1,1,1,1,0,0,baixo
3,0.0,0,0.0,1,4,1,0,0,0,1,1,0,0,1,0,0,gratuito
3,10000.0,89,0.42696629213483145,11,3,1,0,0,0,0,1,1,0,0,0,1,baixo
1,10000.0,0,0.0,1,3,1,0,0,0,1,0,1,0,0,0,1,medio_baixo
9,10000.0,11,0.8181818181818182,1,3,1,0,0,0,1,1,0,1,0,0,0,medio_baixo
1,0.0,0,0.0,1,5,1,0,0,0,1,1,0,1,0,1,0,gratuito
1,0.0,0,0.0,1,2,1,0,0,0,1,0,0,1,0,0,0,alto
5,10000.0,22,0.3181818181818182,1,6,1,0,0,0,1,1,1,1,1,0,1,baixo
1,10000.0,0,0.0,10,4,1,0,0,0,1,1,0,1,0,0,1,medio_baixo
3,10000.0,2,1.0,1,1,1,0,0,0,0,0,1,0,0,0,0,medio_alto
5,35000.0,56,0.8928571428571429,2,3,1,0,0,0,1,1,0,1,0,0,0,medio_baixo
2,10000.0,0,0.0,1,4,1,0,0,0,1,1,1,0,0,0,0,gratuito
6,10000.0,0,0.0,8,3,1,1,1,1,1,0,1,1,0,0,0,medio_alto
7,35000.0,2,0.5,1,3,1,0,0,0,1,0,1,1,0,0,0,baixo
10,35000.0,79,0.8734177215189873,1,3,1,0,0,0,1,1,0,1,0,0,0,baixo
2,35000.0,3,1.0,1,3,1,0,0,0,1,0,0,1,0,1,0,medio_baixo
5,10000.0,4,0.5,1,6,1,0,0,0,1,0,1,1,1,1,1,baixo
2,10000.0,3,1.0,20,5,1,0,0,0,1,0,1,1,0,0,1,medio_alto
4,10000.0,5,0.2,1,6,1,0,0,0,1,1,1,0,0,0,1,medio_baixo
2,10000.0,0,0.0,10,2,1,0,0,0,0,0,0,0,1,0,1,baixo
5,350000.0,4618,0.9016890428757037,9,4,1,0,0,1,1,0,1,1,0,0,1,medio_baixo
1,10000.0,0,0.0,1,4,1,0,0,0,1,1,1,0,0,0,0,medio_alto
2,0.0,0,0.0,5,5,1,0,0,4,1,1,0,1,0,1,0,gratuito
9,10000.0,15,0.8,1,3,1,0,0,0,1,1,0,0,1,0,0,medio_baixo
1,10000.0,0,0.0,1,2,1,1,1,0,1,0,1,0,0,0,0,medio_baixo
2,10000.0,2,1.0,1,3,1,0,1,0,1,1,0,0,0,1,0,baixo
9,10000.0,5,0.8,6,3,1,0,0,0,1,0,0,1,0,1,0,medio_baixo
8,750000.0,2556,0.7992957746478874,19,1,1,0,0,3,0,0,0,0,0,0,1,medio_alto
2,10000.0,1,0.0,3,3,1,0,0,1,1,0,0,1,0,0,1,alto
3,0.0,0,0.0,103,1,1,0,1,0,1,0,0,0,0,0,0,medio_baixo
10,10000.0,88,0.6931818181818182,1,2,1,0,0,0,0,1,0,0,0,0,0,gratuito
2,0.0,0,0.0,1,2,1,0,0,0,0,0,0,1,0,0,0,gratuito
3,10000.0,5,1.0,1,3,1,0,0,0,1,1,0,1,0,0,0,medio_alto
6,10000.0,71,0.9014084507042254,1,1,1,1,1,2,1,0,0,0,0,0,0,alto
5,10000.0,324,0.8271604938271605,1,3,1,0,0,1,1,0,0,1,1,0,0,medio_baixo
11,10000.0,189,0.8783068783068783,2,2,1,0,0,1,0,0,1,1,0,0,0,alto
1,10000.0,0,0.0,1,2,1,0,0,0,1,0,0,1,0,0,0,medio_baixo
2,0.0,0,0.0,1,3,1,0,0,0,1,0,1,0,0,0,0,gratuito
5,35000.0,247,0.7651821862348178,2,5,1,1,0,0,1,1,0,1,0,0,0,gratuito
8,10000.0,3,0.6666666666666666,3,1,1,0,1,0,0,0,0,1,0,0,0,medio_baixo
2,0.0,0,0.0,1,3,1,0,0,0,1,0,1,0,0,0,0,gratuito
12,350000.0,2031,0.8498276710979813,3,2,1,1,1,0,1,1,0,0,0,0,0,medio_baixo
4,10000.0,78,0.5,10,3,1,0,0,0,1,0,1,0,0,0,1,medio_baixo
3,10000.0,0,0.0,1,2,1,0,0,0,0,0,0,0,0,0,1,medio_alto
1,0.0,0,0.0,17,3,1,0,0,0,1,0,0,0,0,1,0,gratuito
1,0.0,0,0.0,1,3,1,0,0,0,1,1,0,0,0,0,0,gratuito
3,10000.0,0,0.0,2,3,1,0,0,0,0,0,0,1,0,1,1,medio_alto
2,10000.0,0,0.0,1,5,1,0,0,0,1,1,1,1,0,1,0,medio_alto
3,10000.0,1,1.0,1,4,1,0,0,0,0,0,0,0,0,0,0,alto
1,0.0,0,0.0,2,3,1,1,1,0,1,0,0,0,0,1,0,medio_alto
2,10000.0,89,0.9887640449438202,29,2,1,0,1,0,1,0,0,1,0,0,0,medio_baixo
1,10000.0,0,0.0,1,4,1,0,0,0,0,0,1,0,0,1,0,gratuito
7,10000.0,10,0.4,1,3,1,0,0,100,1,1,0,1,0,0,0,gratuito
1,10000.0,0,0.0,2,3,1,1,1,1,1,0,1,1,0,0,0,baixo
6,10000.0,289,0.5501730103806228,1,5,1,0,0,0,1,1,1,0,0,0,1,medio_baixo
1,10000.0,1,1.0,12,3,1,0,0,0,1,0,0,1,0,0,1,medio_alto
1,0.0,0,0.0,6,2,1,0,0,0,0,0,0,1,0,0,1,medio_baixo
10,35000.0,67,0.6268656716417911,1,3,1,1,1,1,1,0,0,1,0,0,1,medio_baixo
5,10000.0,28,0.8928571428571429,7,4,1,0,0,1,0,0,0,1,0,0,1,gratuito
7,150000.0,1522,0.8600525624178712,10,2,1,0,0,1,1,0,0,0,0,0,1,baixo
6,10000.0,7,0.8571428571428571,1,3,1,0,0,0,1,0,0,0,1,1,0,gratuito
8,0.0,0,0.0,1,3,1,0,0,0,1,0,0,1,0,0,1,baixo
2,10000.0,6,0.8333333333333334,10,3,1,0,0,0,1,0,1,1,0,0,0,medio_baixo
1,10000.0,0,0.0,1,5,1,0,0,0,1,1,1,0,0,1,0,medio_baixo
2,0.0,0,0.0,103,4,1,0,0,0,1,1,1,1,0,0,0,medio_baixo
3,0.0,0,0.0,12,3,1,0,0,0,1,0,0,1,0,0,1,medio_baixo
4,350000.0,3894,0.8531073446327684,13,3,1,0,0,1,1,0,0,1,0,0,1,medio_alto
2,0.0,0,0.0,8,3,1,1,0,1,1,0,0,1,0,0,0,gratuito
1,10000.0,0,0.0,4,3,1,1,1,0,1,1,0,1,0,0,0,alto
6,10000.0,48,0.9375,29,4,1,0,0,0,1,1,1,1,0,0,0,medio_alto
3,10000.0,0,0.0,4,3,1,0,0,0,1,0,1,0,1,0,0,medio_alto
5,75000.0,12,0.5,1,2,1,0,0,0,0,0,1,1,0,0,0,medio_baixo
2,10000.0,2,1.0,1,5,1,0,0,0,1,1,1,1,0,1,0,baixo
2,10000.0,2,0.5,4,1,1,0,0,0,1,0,0,0,0,0,0,baixo
4,75000.0,2,1.0,1,3,1,0,0,0,1,0,1,1,0,0,0,baixo
1,0.0,0,0.0,2,5,1,0,0,0,0,1,1,1,0,1,1,medio_alto
2,10000.0,12,1.0,5,2,1,0,1,0,1,1,0,0,0,0,0,medio_baixo
3,10000.0,34,0.7647058823529411,2,3,1,0,0,0,1,1,0,0,0,0,0,alto
2,0.0,0,0.0,103,4,1,1,0,0,1,1,0,1,0,0,0,medio_baixo
5,10000.0,8,0.875,1,3,1,0,0,0,1,1,0,0,1,0,0,medio_baixo
2,10000.0,0,0.0,1,3,1,0,0,0,1,0,1,0,0,0,0,gratuito
1,10000.0,4,1.0,1,1,1,0,0,0,0,0,0,0,1,0,0,medio_baixo
8,75000.0,805,0.929192546583851,11,2,1,0,0,0,1,0,1,0,0,0,0,medio_alto
1,10000.0,5,0.6,11,6,1,1,1,1,1,1,1,1,1,1,0,medio_baixo
8,150000.0,991,0.8082744702320888,1,2,1,0,1,0,1,0,0,0,0,0,1,medio_alto
1,0.0,0,0.0,1,3,1,0,0,0,1,0,0,1,0,0,0,gratuito
1,0.0,0,0.0,1,3,1,0,0,11,0,0,0,0,1,0,1,gratuito
9,350000.0,5385,0.9277623026926648,7,3,1,1,0,2,1,0,1,1,0,0,0,alto
8,10000.0,6,1.0,1,4,1,0,0,0,1,1,1,1,0,0,0,baixo
2,10000.0,26,0.9615384615384616,1,4,1,0,0,0,1,0,1,1,0,0,0,baixo
1,0.0,0,0.0,3,2,1,0,0,0,0,0,0,1,0,0,1,alto
2,10000.0,0,0.0,1,2,1,1,1,0,1,0,0,1,0,0,0,medio_baixo
8,10000.0,42,0.6428571428571429,1,2,1,0,0,0,1,0,0,1,0,0,0,baixo
3,10000.0,12,0.9166666666666666,5,3,1,0,0,0,1,0,0,0,0,1,0,gratuito
7,10000.0,5,0.4,2,5,1,0,0,0,1,1,1,0,1,0,0,alto
8,10000.0,100,0.73,1,5,1,1,1,0,1,0,0,1,0,1,1,alto
1,10000.0,5,1.0,1,3,1,0,0,0,1,1,0,1,0,0,0,baixo
9,35000.0,52,0.7115384615384616,3,3,1,0,0,0,1,1,1,0,0,0,0,baixo
2,10000.0,0,0.0,1,4,1,0,0,0,1,0,0,1,0,0,1,alto
6,10000.0,0,0.0,29,1,1,0,0,3,0,0,0,0,0,0,1,medio_alto
5,10000.0,3,0.3333333333333333,4,1,1,0,0,0,0,0,0,1,0,0,0,baixo
2,10000.0,0,0.0,12,3,1,1,1,0,1,0,0,1,0,1,0,baixo
8,10000.0,11,0.6363636363636364,1,3,1,0,0,0,1,0,1,1,0,0,0,gratuito
10,350000.0,292,0.6883561643835616,1,2,1,1,1,2,1,0,0,1,0,0,0,baixo
3,10000.0,0,0.0,1,2,1,0,0,0,0,1,0,1,0,0,0,medio_baixo
6,35000.0,7,0.8571428571428571,1,1,1,0,0,0,0,0,0,1,0,0,0,gratuito
1,0.0,0,0.0,2,6,1,0,0,0,1,1,0,1,0,1,1,baixo
2,10000.0,1,0.0,1,2,1,0,0,0,1,0,0,1,0,0,0,baixo
6,10000.0,0,0.0,1,2,1,0,0,2,1,0,0,1,0,0,0,baixo
4,0.0,0,0.0,4,3,1,0,1,1,1,0,0,1,0,0,0,gratuito
2,10000.0,28,0.8928571428571429,1,2,1,0,0,0,0,0,0,0,0,0,0,alto
10,10000.0,47,0.3829787234042553,1,5,1,0,0,1,1,0,1,1,0,0,0,medio_baixo
10,75000.0,319,0.8275862068965517,7,1,1,0,0,0,0,0,1,0,0,0,0,medio_baixo
12,35000.0,337,0.8219584569732937,1,4,1,0,0,0,1,0,1,1,1,0,0,medio_baixo
1,10000.0,0,0.0,1,1,1,0,0,0,1,0,0,0,0,0,0,medio_baixo
2,10000.0,5,0.8,2,3,1,0,0,0,1,1,1,0,0,0,0,baixo
8,10000.0,7,0.42857142857142855,1,2,1,0,0,0,0,0,0,0,0,0,0,gratuito
2,10000.0,0,0.0,1,4,1,0,0,0,1,1,1,1,0,0,0,medio_baixo
2,10000.0,49,0.5510204081632653,3,3,1,0,0,1,1,0,1,1,0,0,0,baixo
6,10000.0,17,0.8823529411764706,3,3,1,0,0,1,1,0,0,1,0,0,1,baixo
5,10000.0,0,0.0,2,7,1,0,0,1,1,1,0,1,1,1,1,medio_baixo
3,10000.0,30,0.9666666666666667,4,2,1,0,0,0,1,0,0,1,0,0,0,medio_baixo
2,10000.0,176,0.7102272727272727,1,3,1,0,0,0,0,0,1,1,1,0,0,medio_alto
2,35000.0,32,0.9375,1,4,1,0,1,0,1,0,0,0,0,0,1,gratuito
7,10000.0,41,0.9024390243902439,1,3,1,0,0,0,1,0,0,0,0,0,1,gratuito
2,10000.0,0,0.0,3,1,1,0,0,0,0,0,0,0,0,1,0,alto
1,0.0,0,0.0,1,3,1,0,0,0,1,0,1,0,1,0,0,medio_alto
3,10000.0,5,1.0,1,1,1,0,0,0,0,0,1,0,0,0,0,medio_baixo
4,0.0,0,0.0,2,3,1,0,0,3,1,0,1,0,0,0,0,gratuito
8,10000.0,3,1.0,1,2,1,1,0,0,1,1,0,0,0,0,0,medio_alto
1,10000.0,0,0.0,1,3,1,0,0,0,1,1,0,1,0,0,0,medio_baixo
5,0.0,0,0.0,0,0,1,0,0,0,0,0,0,0,0,0,0,gratuito
2,10000.0,19,0.7368421052631579,1,5,1,0,0,0,1,0,1,1,0,0,1,baixo
4,0.0,0,0.0,0,0,1,0,0,0,0,0,0,0,0,0,0,gratuito
1,10000.0,5,0.8,1,3,1,0,0,0,1,1,0,1,0,0,0,medio_baixo
7,35000.0,702,0.8974358974358975,1,1,1,0,0,0,1,0,0,0,0,0,0,gratuito
4,10000.0,5,1.0,1,3,1,0,0,0,1,1,1,0,0,0,0,medio_alto
1,0.0,0,0.0,9,2,1,1,1,0,1,0,0,1,0,0,0,medio_baixo
3,35000.0,14,0.8571428571428571,4,2,1,0,0,1,0,0,1,1,0,0,0,medio_alto
2,10000.0,0,0.0,1,3,1,1,1,0,1,0,1,1,0,0,0,baixo
1,10000.0,7,1.0,1,4,1,0,0,0,1,1,0,0,0,0,0,gratuito
3,10000.0,5,1.0,1,5,1,0,0,0,1,1,0,1,0,1,0,alto
18,350000.0,3426,0.8613543490951547,5,2,1,0,0,0,0,1,1,0,0,0,0,gratuito
8,10000.0,1,1.0,1,9,1,1,0,0,1,1,1,0,1,1,1,medio_baixo
12,10000.0,78,0.7564102564102564,1,2,1,0,0,1,1,0,0,0,0,0,0,gratuito
1,0.0,0,0.0,0,0,1,0,0,0,0,0,0,0,0,0,0,gratuito
2,10000.0,2,1.0,20,1,1,0,1,0,1,0,0,0,0,0,0,medio_baixo
3,10000.0,30,1.0,2,3,1,0,0,0,1,0,0,0,1,1,0,medio_alto
3,350000.0,2992,0.6771390374331551,11,1,1,1,0,3,0,0,1,0,0,0,0,alto
4,10000.0,284,0.7922535211267606,3,2,1,0,0,0,1,1,0,0,0,0,0,alto
7,10000.0,23,0.4782608695652174,2,3,1,0,0,0,0,1,1,0,0,0,1,baixo
1,0.0,0,0.0,1,4,1,0,0,0,1,0,1,0,0,1,0,gratuito
4,10000.0,24,0.875,1,3,1,0,0,0,1,0,0,1,0,0,1,medio_alto
8,10000.0,0,0.0,1,3,1,0,0,0,1,0,0,1,0,1,0,baixo
1,10000.0,0,0.0,1,3,1,0,0,0,1,0,0,0,1,0,0,gratuito
4,10000.0,28,0.6071428571428571,1,3,1,0,0,0,1,1,0,1,0,0,0,medio_alto
5,150000.0,499,0.9639278557114228,2,2,1,0,0,1,1,0,0,0,1,0,0,medio_baixo
4,10000.0,38,0.9473684210526315,6,3,1,0,0,0,0,1,0,0,0,0,0,alto
1,10000.0,0,0.0,1,2,1,1,1,0,1,0,1,0,0,0,0,gratuito
6,10000.0,58,0.9310344827586207,1,2,1,0,0,0,1,0,0,1,0,0,0,baixo
6,75000.0,107,0.9158878504672897,1,4,1,0,0,0,1,0,0,0,1,1,0,medio_alto
4,10000.0,2,0.5,1,3,1,1,0,0,1,0,0,1,0,1,0,medio_baixo
3,10000.0,9,0.8888888888888888,3,2,1,0,0,0,1,1,0,0,0,0,0,medio_alto
11,75000.0,234,0.36324786324786323,1,3,1,1,1,0,1,1,1,0,0,0,0,baixo
4,10000.0,33,0.6060606060606061,2,6,1,0,0,0,1,1,1,0,1,1,0,gratuito
2,10000.0,33,0.5151515151515151,2,2,1,1,0,0,0,0,0,1,0,1,0,medio_alto
7,10000.0,25,0.76,2,1,1,0,0,0,0,0,1,0,0,0,0,gratuito
6,35000.0,96,0.9375,1,4,1,0,0,0,1,1,1,0,0,0,0,baixo
4,10000.0,1,1.0,103,4,1,0,0,0,1,1,1,1,0,0,0,baixo
3,10000.0,24,0.8333333333333334,1,5,1,0,0,0,1,1,1,1,0,0,1,medio_alto
3,10000.0,4,1.0,1,3,1,0,0,0,1,0,0,1,0,1,0,medio_alto
3,150000.0,6,1.0,1,6,1,1,0,0,1,1,1,1,1,1,0,medio_baixo
9,10000.0,47,0.574468085106383,1,3,1,0,0,0,1,0,1,1,0,0,0,medio_alto
5,35000.0,23,0.6086956521739131,2,3,1,0,1,0,1,0,1,1,0,0,0,baixo
1,10000.0,0,0.0,1,3,1,0,0,1,1,1,1,0,0,0,0,alto
5,10000.0,17,0.47058823529411764,2,2,1,0,0,0,1,0,0,1,0,0,0,baixo
8,10000.0,15,0.4,1,3,1,0,0,0,1,0,1,1,0,0,0,medio_alto
1,10000.0,1,1.0,1,1,1,0,0,0,0,0,0,1,0,0,0,medio_baixo
1,0.0,0,0.0,1,4,1,0,0,0,1,0,1,1,0,0,0,gratuito
2,10000.0,14,1.0,1,3,1,0,0,0,1,1,0,1,0,0,0,medio_baixo
9,10000.0,23,0.5652173913043478,29,2,1,0,0,0,0,1,0,1,0,0,0,baixo
1,0.0,0,0.0,0,0,1,0,0,0,0,0,0,0,0,0,0,gratuito
9,10000.0,236,0.6949152542372882,1,4,1,0,0,0,1,1,1,0,1,0,0,alto
10,150000.0,437,0.6361556064073226,7,7,1,1,0,1,1,1,0,1,1,0,0,gratuito
3,0.0,0,0.0,0,0,1,0,0,0,0,0,0,0,0,0,0,gratuito
5,10000.0,0,0.0,1,3,1,0,0,0,0,1,1,0,0,1,0,medio_baixo
1,10000.0,0,0.0,12,5,1,0,0,2,1,0,0,1,1,0,0,medio_alto
10,35000.0,59,0.5932203389830508,2,3,1,0,0,0,1,0,1,0,1,0,0,baixo
4,10000.0,5,0.8,1,3,1,0,0,0,1,1,1,0,0,0,0,medio_alto
11,10000.0,42,0.42857142857142855,1,5,1,0,0,0,1,1,1,0,1,0,0,baixo
1,10000.0,0,0.0,1,4,1,0,0,0,1,0,0,1,0,1,0,baixo
11,10000.0,15,0.7333333333333333,6,2,1,0,0,1,1,0,0,0,0,0,0,medio_alto
9,10000.0,25,0.52,1,5,1,0,0,0,1,1,1,0,1,0,0,medio_baixo
4,10000.0,2,0.5,1,4,1,0,0,0,1,0,0,1,0,0,0,medio_alto
1,10000.0,3,0.3333333333333333,1,3,1,0,1,0,0,1,1,0,1,0,0,medio_baixo
2,10000.0,101,0.9207920792079208,10,3,1,0,0,0,1,1,0,1,0,0,0,medio_alto
1,10000.0,0,0.0,1,2,1,0,0,0,1,0,0,0,0,1,0,medio_alto
5,75000.0,49,0.7346938775510204,7,3,1,0,0,0,1,1,1,0,0,0,0,alto
7,35000.0,2,0.5,1,5,1,0,0,0,1,1,1,1,1,0,0,baixo
3,0.0,0,0.0,0,0,1,0,0,0,0,0,0,0,0,0,0,gratuito
3,10000.0,24,0.5416666666666666,1,7,1,0,0,0,1,1,1,1,0,1,1,medio_baixo
2,0.0,0,0.0,1,1,1,0,0,0,0,0,0,0,0,0,0,gratuito
6,10000.0,14,1.0,1,1,1,0,0,0,0,0,0,0,0,0,1,alto
5,10000.0,3,1.0,1,2,1,0,0,0,1,0,0,0,0,1,0,medio_baixo
3,10000.0,15,0.9333333333333333,1,3,1,0,0,0,1,0,0,1,0,0,1,medio_baixo
1,0.0,0,0.0,2,2,1,0,0,3,0,0,0,1,0,0,0,gratuito
8,35000.0,141,0.723404255319149,1,5,1,0,0,0,1,0,0,1,0,1,0,gratuito
2,0.0,0,0.0,1,4,1,0,0,0,1,0,1,1,0,0,0,gratuito
6,10000.0,17,0.8823529411764706,1,1,1,0,0,0,0,0,0,1,0,0,0,baixo
9,10000.0,22,0.5454545454545454,1,1,1,0,0,0,0,1,0,0,0,0,0,medio_baixo
3,10000.0,1,1.0,1,1,1,0,0,0,0,1,0,0,0,0,0,medio_baixo
5,10000.0,0,0.0,2,1,1,0,0,0,0,0,0,1,0,0,0,medio_alto
5,10000.0,1,0.0,1,2,1,0,0,0,0,0,0,1,0,1,0,medio_alto
6,10000.0,13,0.6153846153846154,3,2,1,0,0,0,1,0,1,0,0,0,0,medio_alto
9,10000.0,13,1.0,6,3,1,0,0,0,1,0,0,1,0,1,0,medio_alto
2,10000.0,2,1.0,1,2,1,0,0,0,1,0,0,1,0,0,0,baixo
6,10000.0,11,0.18181818181818182,1,1,1,0,0,0,0,0,0,0,0,0,0,medio_alto
7,10000.0,4,0.75,1,1,1,0,0,0,1,0,0,0,0,0,0,medio_baixo
1,0.0,0,0.0,0,0,1,0,0,0,0,0,0,0,0,0,0,gratuito
2,0.0,0,0.0,0,0,1,0,0,0,0,0,0,0,0,0,0,gratuito
1,0.0,0,0.0,2,5,1,0,0,0,0,1,0,0,1,0,1,gratuito
3,10000.0,69,0.782608695652174,1,1,1,0,0,0,0,1,0,0,0,0,0,baixo
9,10000.0,25,0.36,2,1,1,0,0,0,0,0,0,0,1,0,0,baixo
1,10000.0,0,0.0,8,4,1,0,0,0,1,0,0,1,0,1,1,alto
2,10000.0,0,0.0,4,3,1,0,0,0,1,1,0,0,0,0,0,gratuito
1,10000.0,0,0.0,1,2,1,0,0,0,1,0,0,1,0,0,0,baixo
4,10000.0,79,0.8860759493670886,11,4,1,0,0,0,1,0,1,1,1,0,0,medio_alto
9,75000.0,1902,0.9295478443743428,3,1,1,0,0,2,0,0,1,0,0,0,0,medio_alto
3,10000.0,16,0.8125,7,5,1,0,0,0,1,0,0,1,0,1,1,alto
1,0.0,0,0.0,1,4,1,1,1,0,1,1,0,0,0,1,0,medio_alto
6,35000.0,80,0.6375,1,5,1,1,0,0,1,1,1,0,0,0,0,gratuito
7,10000.0,24,0.75,11,3,1,0,0,0,1,1,0,1,0,0,0,alto
3,35000.0,25,0.92,3,3,1,0,0,0,0,0,0,0,1,1,1,alto
3,0.0,0,0.0,0,0,1,0,0,0,0,0,0,0,0,0,0,gratuito
10,150000.0,1335,0.8868913857677903,1,2,1,0,0,0,1,0,0,0,0,0,0,gratuito
8,10000.0,2,0.5,1,2,1,1,1,0,1,0,0,1,0,0,0,baixo
4,0.0,0,0.0,0,0,1,0,0,0,0,0,0,0,0,0,0,gratuito
2,10000.0,4,0.0,1,3,1,0,0,0,1,1,1,0,0,0,0,medio_alto
1,0.0,0,0.0,1,6,1,0,0,0,1,0,1,1,1,0,0,gratuito
1,10000.0,0,0.0,1,3,1,0,0,0,1,1,1,0,0,0,0,medio_baixo
3,10000.0,2,0.0,1,1,1,0,0,0,0,0,0,1,0,0,0,alto
1,75000.0,193,0.7046632124352331,1,3,1,0,0,0,0,1,1,0,0,0,1,alto
1,0.0,0,0.0,1,2,1,1,0,0,1,1,0,0,0,0,0,medio_alto
1,10000.0,0,0.0,1,4,1,0,0,0,1,1,1,1,0,0,0,medio_alto
3,0.0,0,0.0,7,4,1,0,0,0,1,1,0,1,1,0,0,gratuito
6,150000.0,1576,0.7011421319796954,12,1,1,0,0,0,0,0,0,0,0,0,0,alto
7,3500000.0,158579,0.8858991417526911,13,2,1,0,0,0,0,1,1,0,0,0,0,medio_alto
7,10000.0,3,0.3333333333333333,2,1,1,0,0,0,0,1,0,0,0,0,0,medio_alto
1,0.0,0,0.0,2,2,1,0,0,0,1,0,0,1,0,0,0,medio_alto
2,10000.0,15,0.4666666666666667,1,7,1,0,0,0,1,1,1,1,1,1,1,medio_alto
1,10000.0,229,0.8995633187772926,4,6,1,0,0,0,1,1,1,1,1,0,1,alto
5,150000.0,181,0.8011049723756906,1,7,1,1,1,1,1,1,1,1,1,0,1,gratuito
1,0.0,0,0.0,0,0,1,0,0,0,0,0,0,0,0,0,0,gratuito
9,75000.0,129,0.7286821705426356,1,3,1,1,1,0,1,0,0,0,1,1,0,medio_alto
4,75000.0,1492,0.9658176943699732,1,1,1,0,0,1,0,0,0,0,1,0,0,medio_alto
2,0.0,0,0.0,0,0,1,0,0,0,0,0,0,0,0,0,0,gratuito
6,35000.0,36,0.7777777777777778,3,3,1,0,0,5,1,0,1,1,0,0,0,gratuito
8,10000.0,9,0.4444444444444444,1,3,1,0,0,0,1,0,0,0,0,0,1,baixo
3,10000.0,0,0.0,1,3,1,0,0,0,0,0,1,0,1,0,0,alto
3,10000.0,55,0.9454545454545454,1,3,1,0,0,0,1,0,0,1,0,0,1,medio_alto
3,0.0,0,0.0,0,0,1,0,0,0,0,0,0,0,0,0,0,gratuito
11,10000.0,15,0.06666666666666667,4,2,1,0,0,0,0,0,0,0,0,1,1,baixo
1,10000.0,0,0.0,1,2,1,0,0,0,1,1,0,0,0,0,0,medio_alto
3,10000.0,8,0.75,3,2,1,0,0,0,1,1,0,0,0,0,0,medio_baixo
3,10000.0,5,1.0,1,1,1,0,0,0,0,0,0,1,0,0,0,alto
4,10000.0,3,0.3333333333333333,3,3,1,0,0,0,1,1,1,0,0,0,0,medio_alto
1,0.0,0,0.0,2,1,1,0,0,0,0,1,0,0,0,0,0,alto
3,10000.0,238,0.7563025210084033,6,1,1,0,0,1,0,0,0,1,0,0,0,medio_baixo
3,10000.0,0,0.0,1,3,1,1,1,0,1,0,0,1,0,0,1,baixo
3,0.0,0,0.0,0,0,1,0,0,0,0,0,0,0,0,0,0,gratuito
5,10000.0,6,0.3333333333333333,1,2,1,0,0,0,1,0,0,1,0,0,0,baixo
5,35000.0,6,1.0,1,3,1,0,0,0,1,1,0,1,0,0,0,baixo
3,10000.0,0,0.0,1,1,1,0,0,0,0,0,0,0,0,0,0,medio_alto
2,10000.0,0,0.0,1,5,1,0,0,3,1,0,0,1,0,1,1,gratuito
5,35000.0,7,0.42857142857142855,2,4,1,0,0,0,1,1,1,0,0,0,1,baixo
5,10000.0,7,0.5714285714285714,3,4,1,0,0,0,0,0,0,0,0,0,0,gratuito
9,35000.0,165,0.5696969696969697,2,6,1,0,0,0,1,1,1,0,1,0,0,baixo
1,0.0,0,0.0,1,4,1,0,0,0,1,1,1,0,0,0,0,gratuito
5,10000.0,14,0.5714285714285714,4,1,1,0,0,0,0,0,0,1,0,0,0,medio_alto
3,10000.0,160,0.95,12,3,1,0,0,0,1,1,1,0,0,0,0,medio_alto
2,0.0,0,0.0,103,1,1,0,0,0,0,0,0,1,0,0,0,baixo
1,0.0,0,0.0,2,4,1,0,0,0,1,1,1,0,0,0,0,gratuito
2,350000.0,3695,0.7499323410013532,10,1,1,0,0,0,0,0,0,0,1,0,0,alto
5,10000.0,23,0.6956521739130435,1,5,1,0,0,0,1,1,1,1,0,0,0,medio_alto
3,35000.0,11,1.0,1,1,1,1,1,0,1,0,0,0,0,0,0,medio_alto
5,75000.0,8,0.5,1,3,1,0,1,0,1,0,1,1,0,0,0,baixo
1,10000.0,0,0.0,1,2,1,0,0,0,1,0,0,0,0,1,0,alto
1,10000.0,3,0.6666666666666666,1,4,1,0,1,0,1,1,0,1,0,0,0,gratuito
10,10000.0,17,0.5294117647058824,1,2,1,0,0,0,0,0,0,0,0,0,1,gratuito
1,10000.0,196,0.6071428571428571,1,6,1,1,1,0,1,0,1,0,1,0,0,gratuito
2,10000.0,14,0.5,14,1,1,0,0,0,0,0,0,0,0,0,1,medio_baixo
6,10000.0,11,0.8181818181818182,1,4,1,0,0,0,1,1,0,1,0,0,0,baixo
2,10000.0,6,0.6666666666666666,2,3,1,0,0,0,1,0,1,1,0,0,0,baixo
1,75000.0,1018,0.6286836935166994,9,1,1,0,0,0,0,0,0,1,0,0,0,medio_alto
3,150000.0,2,1.0,1,5,1,0,0,4,1,1,1,1,1,0,0,medio_baixo
6,35000.0,348,0.6925287356321839,9,3,1,1,0,1,1,0,0,0,0,1,1,medio_baixo
3,10000.0,11,1.0,1,4,1,0,0,0,1,0,1,1,0,0,1,medio_alto
17,350000.0,1401,0.9100642398286938,7,2,1,1,1,1,0,0,1,1,0,0,0,medio_baixo
2,10000.0,0,0.0,1,3,1,1,1,3,1,0,0,1,0,0,1,medio_alto
3,0.0,0,0.0,0,0,1,0,0,0,0,0,0,0,0,0,0,gratuito
1,10000.0,0,0.0,14,3,1,0,0,0,1,1,1,0,0,0,0,alto
2,0.0,0,0.0,1,3,1,0,0,0,1,0,0,0,0,0,0,gratuito
9,75000.0,122,0.9016393442622951,1,2,1,0,0,0,1,0,1,0,0,0,0,baixo
4,10000.0,1,1.0,2,2,1,0,0,0,1,0,0,1,0,0,0,baixo
2,10000.0,71,0.8873239436619719,8,5,1,0,1,0,1,1,0,0,0,0,1,alto
2,35000.0,612,0.9820261437908496,19,2,1,0,0,1,1,0,0,1,0,0,0,baixo
3,10000.0,2,0.0,1,2,1,0,0,0,1,0,1,0,0,0,0,medio_baixo
3,10000.0,1,1.0,8,4,1,0,0,0,1,1,1,0,0,0,0,alto
1,10000.0,0,0.0,18,3,1,1,0,0,0,0,1,1,1,0,0,medio_alto
5,0.0,0,0.0,1,3,1,0,0,0,1,0,1,1,0,0,0,gratuito
1,10000.0,0,0.0,1,3,1,0,0,0,1,1,0,1,0,0,0,medio_baixo
1,150000.0,510,0.903921568627451,1,3,1,0,0,0,1,0,0,0,1,1,0,alto
4,10000.0,24,0.5,103,1,1,0,0,0,0,0,1,0,0,0,0,baixo
17,350000.0,1907,0.9192448872574724,1,6,1,1,1,0,1,1,0,1,0,1,1,gratuito
8,35000.0,172,0.8662790697674418,1,3,1,0,1,0,1,0,0,1,0,1,0,medio_alto
2,35000.0,788,0.8705583756345178,5,4,1,0,0,2,1,1,1,0,0,1,0,alto
1,10000.0,0,0.0,1,3,1,0,0,0,1,0,0,1,0,1,0,medio_alto
3,10000.0,93,0.978494623655914,7,3,1,1,1,1,1,0,0,1,0,1,0,medio_alto
2,0.0,0,0.0,0,0,1,0,0,0,0,0,0,0,0,0,0,gratuito
5,10000.0,25,0.96,1,3,1,0,0,0,1,1,0,1,0,0,0,medio_baixo
5,10000.0,19,0.631578947368421,3,1,1,0,0,1,0,0,0,0,1,0,0,medio_alto
14,350000.0,912,0.5548245614035088,7,5,1,1,0,1,1,1,1,0,1,1,0,baixo
2,10000.0,14,0.9285714285714286,5,2,1,1,1,0,0,0,0,0,1,1,0,baixo
3,10000.0,4,1.0,4,1,1,0,0,0,0,0,1,0,0,0,0,medio_alto
1,0.0,0,0.0,0,0,1,0,0,0,0,0,0,0,0,0,0,gratuito
1,10000.0,4,1.0,1,7,1,0,0,0,1,1,1,1,0,1,0,baixo
4,10000.0,149,0.9530201342281879,1,3,1,0,0,0,1,0,0,0,1,0,1,medio_baixo
1,10000.0,0,0.0,1,2,1,1,1,0,1,1,0,0,0,0,0,baixo
5,350000.0,8619,0.9038171481610395,6,5,1,0,0,1,1,0,1,0,1,1,1,alto
10,35000.0,165,0.7151515151515152,6,2,1,1,0,0,1,0,1,0,0,0,0,medio_alto
1,0.0,0,0.0,0,0,1,0,0,0,0,0,0,0,0,0,0,gratuito
10,150000.0,615,0.7934959349593496,9,1,1,0,0,0,0,0,0,0,0,0,1,medio_baixo
2,10000.0,0,0.0,1,3,1,0,0,0,1,0,0,1,0,0,0,medio_baixo
2,0.0,0,0.0,0,0,1,0,0,0,0,0,0,0,0,0,0,gratuito
3,10000.0,5,0.0,1,2,1,0,0,0,1,0,0,0,0,1,0,baixo
5,35000.0,246,0.7845528455284553,11,2,1,0,0,1,1,0,0,1,0,0,0,baixo
2,10000.0,0,0.0,1,3,1,0,0,0,1,0,0,1,0,0,0,gratuito
2,10000.0,22,0.7727272727272727,4,2,1,0,0,0,1,1,0,0,0,0,0,medio_alto
5,10000.0,6,0.6666666666666666,1,6,1,0,0,0,1,1,0,1,0,1,0,gratuito
2,10000.0,0,0.0,8,2,1,1,0,0,1,0,0,1,0,0,0,medio_alto
8,10000.0,46,0.13043478260869565,2,2,1,1,0,0,1,1,0,0,0,0,0,medio_alto
2,0.0,0,0.0,0,0,1,0,0,0,0,0,0,0,0,0,0,gratuito
7,10000.0,18,0.5555555555555556,1,6,1,0,0,0,1,0,1,0,1,1,1,medio_alto
3,150000.0,8,0.875,1,1,1,0,0,0,0,0,0,1,0,0,0,medio_baixo
2,10000.0,7,0.7142857142857143,3,3,1,0,0,0,1,0,1,0,0,0,0,gratuito
1,0.0,0,0.0,11,2,1,0,0,0,1,0,0,1,0,0,0,baixo
7,35000.0,11,0.6363636363636364,2,3,1,1,0,0,1,0,0,0,1,1,0,alto
11,350000.0,2414,0.9490472245236122,1,2,1,1,1,0,1,0,0,0,0,0,1,alto
17,350000.0,1231,0.9065800162469537,7,2,1,1,0,0,0,0,0,0,1,1,0,baixo
3,75000.0,33,0.6363636363636364,1,3,1,0,0,0,1,1,1,0,0,0,0,medio_alto
1,10000.0,0,0.0,7,2,1,0,0,1,1,1,0,0,0,0,0,medio_alto
2,10000.0,1,0.0,1,2,1,0,0,0,0,0,0,1,1,0,0,baixo
4,10000.0,7,0.2857142857142857,1,2,1,0,0,0,1,1,0,0,0,0,0,medio_baixo
10,150000.0,1036,0.9044401544401545,6,1,1,1,0,1,0,1,0,0,0,0,0,alto
8,10000.0,34,0.8823529411764706,1,4,1,0,0,0,1,0,0,1,0,1,0,baixo
7,10000.0,7,0.7142857142857143,1,4,1,0,0,0,1,1,0,1,0,0,0,medio_baixo
1,10000.0,0,0.0,12,4,1,0,0,1,1,1,1,0,1,0,0,alto
16,350000.0,829,0.9107358262967431,6,2,1,0,0,2,1,1,0,0,0,0,0,medio_baixo
4,10000.0,285,0.856140350877193,1,2,1,0,0,0,1,1,0,0,0,0,0,alto
6,10000.0,210,0.6952380952380952,4,2,1,0,0,0,0,0,0,0,0,0,1,alto
7,35000.0,4,0.25,1,3,1,0,0,0,1,1,0,1,0,0,0,baixo
4,10000.0,126,0.7857142857142857,6,4,1,0,0,1,1,0,0,1,0,1,1,baixo
2,10000.0,4,1.0,1,2,1,0,0,0,0,1,1,0,0,0,0,medio_baixo
5,10000.0,206,0.9174757281553398,1,4,1,0,0,0,1,0,0,1,0,1,0,medio_alto
8,10000.0,36,0.6388888888888888,1,3,1,0,0,0,1,0,1,1,0,0,0,baixo
10,10000.0,12,0.5833333333333334,4,4,1,1,1,0,1,1,0,1,0,0,0,medio_alto
2,0.0,0,0.0,0,0,1,0,0,0,0,0,0,0,0,0,0,gratuito
3,10000.0,0,0.0,7,3,1,0,0,0,1,0,0,1,1,0,0,medio_alto
4,0.0,0,0.0,0,0,1,0,0,0,0,0,0,0,0,0,0,gratuito
3,10000.0,1,1.0,1,4,1,0,0,0,1,0,1,1,0,1,0,medio_alto
2,35000.0,221,0.7330316742081447,1,3,1,0,0,0,1,0,1,0,1,0,0,medio_alto
2,10000.0,231,0.9047619047619048,11,3,1,0,0,0,1,0,1,0,0,0,1,baixo
3,10000.0,1,1.0,1,3,1,0,0,0,1,0,1,1,0,0,0,baixo
1,10000.0,6,0.8333333333333334,1,4,1,0,0,0,1,1,1,0,0,0,1,medio_alto
1,0.0,0,0.0,0,0,1,0,0,0,0,0,0,0,0,0,0,gratuito
9,350000.0,10406,0.9458965981164713,1,7,1,0,0,0,1,1,1,1,0,1,1,gratuito
1,0.0,0,0.0,1,6,1,0,0,0,1,1,0,1,0,0,1,medio_alto
3,10000.0,0,0.0,1,5,1,1,0,0,1,1,0,1,1,1,0,medio_alto
3,10000.0,7,0.7142857142857143,7,2,1,0,0,0,0,0,0,0,0,1,0,alto
3,10000.0,4,1.0,1,3,1,0,0,0,1,1,1,0,0,0,0,baixo
4,10000.0,13,0.7692307692307693,5,4,1,0,0,0,0,1,0,1,1,0,1,baixo
5,75000.0,85,0.8352941176470589,1,3,1,0,0,9,1,0,0,0,1,0,0,gratuito
10,750000.0,15888,0.86587361530715,9,1,1,0,0,1,0,0,1,0,0,0,0,medio_alto
1,10000.0,0,0.0,10,1,1,0,0,1,0,0,0,1,0,0,0,alto
3,10000.0,0,0.0,1,2,1,0,0,0,0,1,0,1,0,0,0,alto
2,10000.0,0,0.0,1,3,1,1,1,1,1,1,0,0,0,0,0,gratuito
2,0.0,0,0.0,0,0,1,0,0,0,0,0,0,0,0,0,0,gratuito
8,10000.0,20,0.15,1,3,1,0,0,0,1,1,1,0,0,0,0,gratuito
3,10000.0,0,0.0,1,2,1,0,1,0,1,0,0,1,0,0,0,medio_baixo
4,10000.0,10,1.0,2,1,1,0,0,0,1,0,0,0,0,0,0,medio_alto
4,10000.0,23,0.8695652173913043,2,7,1,0,0,0,1,1,1,1,1,0,1,alto
3,35000.0,818,0.7286063569682152,9,3,1,0,0,3,1,0,1,1,0,0,0,alto
2,10000.0,0,0.0,1,1,1,0,0,0,1,0,0,0,0,0,0,alto
1,10000.0,145,0.8758620689655172,2,2,1,0,0,0,1,0,1,0,0,0,0,alto
12,35000.0,46,0.7391304347826086,5,1,1,0,0,0,0,0,0,1,0,0,0,medio_baixo
5,10000.0,17,0.8823529411764706,2,3,1,0,0,0,0,1,0,0,0,1,1,medio_baixo
5,10000.0,1,1.0,1,3,1,0,0,0,1,1,0,0,0,0,0,alto
2,10000.0,3,1.0,2,5,1,0,0,0,1,1,1,0,0,1,0,medio_baixo
4,0.0,0,0.0,0,0,1,0,0,0,0,0,0,0,0,0,0,gratuito
8,10000.0,83,0.5180722891566265,12,2,1,0,0,0,0,0,1,1,0,0,0,medio_alto
9,10000.0,20,0.9,2,6,1,0,0,0,1,1,1,1,1,0,1,medio_alto
7,10000.0,9,0.3333333333333333,2,1,1,1,1,0,0,1,0,0,0,0,0,baixo
4,10000.0,0,0.0,9,5,1,0,0,0,1,0,1,1,0,1,1,alto
6,10000.0,4,1.0,1,5,1,0,0,0,1,1,1,1,1,0,0,baixo
3,10000.0,1,1.0,1,4,1,0,0,1,1,1,1,1,0,0,0,medio_baixo
5,0.0,0,0.0,1,2,1,1,0,0,1,0,0,0,0,0,0,gratuito
1,0.0,0,0.0,14,2,1,1,0,0,0,0,0,1,0,0,0,baixo
3,10000.0,0,0.0,1,2,1,1,1,1,1,0,0,0,0,0,1,alto
1,10000.0,223,0.6905829596412556,8,3,1,0,0,2,1,0,0,1,0,0,1,alto
9,10000.0,48,0.4583333333333333,1,6,1,0,0,0,1,1,1,1,1,0,0,gratuito
3,10000.0,0,0.0,1,2,1,0,0,0,1,0,0,0,0,0,1,alto
6,10000.0,1,1.0,2,2,1,0,0,3,1,0,0,0,0,0,1,medio_baixo
7,10000.0,32,1.0,2,3,1,1,1,1,1,1,0,1,0,0,0,medio_alto
5,10000.0,0,0.0,1,2,1,0,0,0,1,0,0,1,0,0,0,medio_alto
7,35000.0,5,0.4,29,4,1,1,0,1,1,0,0,1,1,0,1,baixo
8,10000.0,95,0.5473684210526316,0,0,1,0,0,0,0,0,0,0,0,0,0,alto
10,35000.0,100,0.51,1,2,1,0,0,0,1,0,1,0,0,0,0,baixo
4,10000.0,10,1.0,4,3,1,1,0,0,1,0,0,0,0,1,1,medio_alto
11,35000.0,60,0.8166666666666667,1,2,1,0,0,0,1,0,0,1,0,0,0,baixo
1,10000.0,0,0.0,1,2,1,0,1,0,1,0,0,1,0,0,0,alto
10,10000.0,10,0.9,1,2,1,0,0,0,1,0,0,1,0,0,0,alto
3,35000.0,1,1.0,1,2,1,0,0,0,0,1,1,0,0,0,0,baixo
2,10000.0,33,0.9696969696969697,1,2,1,0,0,0,1,0,0,0,0,1,0,medio_baixo
6,10000.0,31,0.5483870967741935,29,3,1,1,1,0,1,0,1,1,0,0,0,baixo
9,75000.0,356,0.9185393258426966,8,1,1,1,0,0,0,0,1,0,0,0,0,alto
2,0.0,0,0.0,0,0,1,0,0,0,0,0,0,0,0,0,0,gratuito
1,0.0,0,0.0,0,0,1,0,0,0,0,0,0,0,0,0,0,gratuito
10,35000.0,298,0.9563758389261745,3,2,1,0,0,1,0,0,1,1,0,0,0,medio_alto
4,10000.0,0,0.0,2,4,1,0,0,0,1,0,0,1,0,1,0,gratuito
4,75000.0,139,0.6402877697841727,6,3,1,0,0,0,1,0,1,0,0,0,0,medio_baixo
2,0.0,0,0.0,0,0,1,0,0,0,0,0,0,0,0,0,0,gratuito
2,35000.0,1231,0.9025182778229082,5,1,1,0,0,0,0,1,0,0,0,0,0,alto
8,35000.0,58,0.4482758620689655,1,4,1,0,0,0,1,0,1,1,1,0,0,baixo
3,35000.0,900,0.8188888888888889,9,4,1,0,0,0,1,1,1,0,1,0,0,alto
1,0.0,0,0.0,9,4,1,0,0,0,0,1,1,0,0,1,0,medio_alto
3,10000.0,45,0.7777777777777778,1,2,1,0,0,0,1,0,1,0,0,0,0,baixo
10,75000.0,75,0.5733333333333334,1,5,1,0,0,0,1,0,1,1,1,1,0,baixo
5,10000.0,1,1.0,1,2,1,0,1,0,1,1,0,0,0,0,0,medio_alto
9,75000.0,391,0.9411764705882353,9,2,1,1,0,0,1,0,0,0,1,0,0,alto
5,10000.0,59,0.864406779661017,2,2,1,1,1,0,1,0,1,0,0,0,0,medio_alto
9,75000.0,103,0.8058252427184466,1,3,1,0,0,0,1,1,0,1,0,0,0,baixo
1,0.0,0,0.0,1,4,1,0,0,1,1,1,0,0,0,1,0,gratuito
9,10000.0,11,1.0,6,3,1,0,0,0,1,0,0,1,0,1,0,medio_alto
7,75000.0,22,0.9545454545454546,2,3,1,1,0,0,1,0,1,0,0,0,0,gratuito
10,75000.0,124,0.33064516129032256,1,2,1,0,0,0,0,1,0,1,0,0,0,baixo
2,3500000.0,59318,0.6782932667992853,12,4,1,0,0,0,0,1,0,0,0,0,1,alto
1,0.0,0,0.0,2,6,1,0,0,0,0,1,1,0,1,0,1,gratuito
3,0.0,0,0.0,2,2,1,0,0,2,0,0,1,0,1,0,0,gratuito
6,10000.0,6,1.0,29,3,1,0,0,0,1,0,1,1,0,0,0,medio_alto
8,350000.0,657,0.7853881278538812,2,5,1,1,0,0,0,1,1,0,1,0,0,gratuito
9,35000.0,2592,0.9594907407407407,1,4,1,1,0,1,1,0,0,1,1,0,1,medio_alto
5,10000.0,44,1.0,2,2,1,0,0,1,1,1,0,0,0,0,0,baixo
8,10000.0,97,0.41237113402061853,1,3,1,0,0,1,1,0,0,1,0,0,1,baixo
2,10000.0,129,0.9147286821705426,17,2,1,0,1,1,1,0,1,0,0,0,0,medio_baixo
4,10000.0,31,0.967741935483871,1,2,1,0,1,0,1,1,0,0,0,0,0,medio_baixo
3,0.0,0,0.0,0,0,1,0,0,0,0,0,0,0,0,0,0,gratuito
10,10000.0,33,0.48484848484848486,6,2,1,1,0,0,1,0,0,1,0,0,0,medio_baixo
7,10000.0,0,0.0,1,6,1,0,0,0,1,0,1,1,1,0,1,baixo
3,10000.0,60,0.7833333333333333,4,3,1,0,0,0,1,1,1,0,0,0,0,medio_baixo
4,10000.0,124,0.8870967741935484,2,3,1,0,0,0,1,1,0,1,0,0,0,baixo
1,10000.0,0,0.0,1,2,1,0,0,0,0,0,1,1,0,0,0,alto
12,150000.0,394,0.19796954314720813,2,2,1,0,0,0,1,0,0,0,0,1,0,medio_baixo
11,10000.0,213,0.8779342723004695,1,3,1,0,0,0,1,1,0,0,1,0,0,alto
1,0.0,0,0.0,0,0,1,0,0,0,0,0,0,0,0,0,0,gratuito
9,75000.0,103,0.7572815533980582,1,5,1,0,0,0,1,0,1,1,1,1,0,baixo
2,0.0,0,0.0,2,3,1,0,0,0,1,1,0,0,0,1,0,gratuito
6,10000.0,174,0.8908045977011494,4,2,1,0,0,0,0,0,1,1,0,0,0,alto
7,75000.0,1212,0.8151815181518152,4,3,1,0,0,1,0,0,1,1,0,0,1,baixo
7,10000.0,7,0.42857142857142855,1,4,1,0,1,0,1,1,1,1,0,0,0,medio_baixo
5,35000.0,245,0.7306122448979592,1,2,1,0,0,0,1,1,0,0,0,0,0,alto
2,75000.0,11,0.6363636363636364,1,3,1,0,0,0,1,1,0,0,0,0,1,baixo
3,10000.0,136,0.8970588235294118,1,2,1,0,0,0,0,0,0,0,0,0,1,medio_alto
3,75000.0,828,0.7318840579710145,3,5,1,0,0,2,0,1,1,0,1,1,1,alto
4,10000.0,94,0.7446808510638298,2,1,1,0,0,0,0,0,0,0,0,1,0,alto
5,350000.0,17499,0.9792559574832848,8,2,1,1,0,1,1,0,1,0,0,0,0,medio_baixo
3,10000.0,3,0.6666666666666666,1,4,1,0,0,0,1,1,1,1,0,0,0,medio_baixo
1,0.0,0,0.0,2,4,1,0,0,0,1,1,1,0,1,0,0,baixo
1,10000.0,1,1.0,1,2,1,0,0,0,0,1,0,0,1,0,0,alto
11,35000.0,192,0.8125,1,3,1,1,0,0,1,1,1,0,0,0,0,baixo
6,35000.0,44,0.75,1,3,1,0,0,0,1,1,1,0,0,0,0,baixo
1,0.0,0,0.0,0,0,1,0,0,0,0,0,0,0,0,0,0,gratuito
1,10000.0,40,0.8,1,2,1,1,0,0,1,1,0,0,0,0,0,baixo
10,75000.0,184,0.5760869565217391,9,2,1,1,1,0,0,0,1,1,0,0,0,baixo
2,150000.0,18,0.8888888888888888,2,5,1,0,0,0,1,0,1,1,1,1,0,medio_baixo
2,350000.0,17139,0.9427621214773324,11,3,1,0,0,1,1,1,1,0,0,0,0,alto
1,10000.0,33,0.9393939393939394,29,3,1,0,0,0,1,1,0,0,1,0,0,alto
2,75000.0,375,0.9653333333333334,1,6,1,0,0,0,1,1,1,0,1,0,0,gratuito
8,35000.0,29,0.8275862068965517,2,3,1,0,0,0,1,0,1,1,0,0,0,baixo
10,35000.0,158,0.5316455696202531,3,1,1,1,1,0,0,0,1,0,0,0,0,alto
9,750000.0,45053,0.957272545668435,11,2,1,0,0,1,1,0,1,0,0,0,0,medio_alto
7,10000.0,3,0.6666666666666666,1,2,1,0,0,0,1,1,0,0,0,0,0,medio_alto
6,10000.0,12,0.0,1,8,1,0,0,0,0,0,0,0,0,0,0,alto
5,10000.0,45,0.8888888888888888,12,2,1,1,0,0,1,1,0,0,0,0,0,medio_baixo
4,10000.0,16,0.3125,1,5,1,0,0,0,1,0,1,1,1,1,0,baixo
1,0.0,0,0.0,0,0,1,0,0,0,0,0,0,0,0,0,0,gratuito
6,10000.0,22,0.5454545454545454,15,6,1,0,0,0,1,1,1,1,0,1,1,baixo
4,1500000.0,20422,0.8949172461071394,9,1,1,0,0,2,0,0,0,0,0,0,1,alto
6,10000.0,4,0.75,5,2,1,0,0,0,1,1,0,0,0,0,0,medio_alto
9,10000.0,81,0.7160493827160493,1,4,1,0,0,0,1,1,1,0,1,0,0,gratuito
3,0.0,0,0.0,0,0,1,0,0,0,0,0,0,0,0,0,0,gratuito
6,10000.0,8,0.625,1,2,1,0,0,0,1,1,0,0,0,0,0,medio_alto
7,10000.0,0,0.0,1,6,1,0,0,0,1,0,1,1,1,1,1,baixo
4,10000.0,4,0.75,1,3,1,0,1,0,1,0,1,1,0,0,0,baixo
4,10000.0,3,0.6666666666666666,1,5,1,0,0,0,1,1,0,1,0,1,1,medio_alto
4,10000.0,2,0.5,1,3,1,0,0,0,1,1,0,0,0,0,0,gratuito
1,0.0,0,0.0,1,2,1,0,0,0,0,0,0,0,1,0,0,gratuito
2,10000.0,3,1.0,1,3,1,0,0,0,0,0,0,1,0,0,1,medio_baixo
3,75000.0,1478,0.713125845737483,11,2,1,1,0,3,1,0,1,0,0,0,0,alto
4,10000.0,1,1.0,5,2,1,0,0,0,1,1,0,0,0,0,0,medio_alto
8,150000.0,2841,0.805702217529039,10,3,1,1,0,5,1,0,0,0,1,1,0,medio_alto
5,10000.0,8,0.75,2,1,1,0,0,0,0,0,0,1,0,0,0,medio_alto
4,10000.0,23,0.5652173913043478,103,6,1,1,1,0,1,1,1,1,0,1,1,alto
8,10000.0,145,0.8,1,4,1,0,0,0,0,0,0,0,0,0,0,medio_alto
7,35000.0,27,0.5925925925925926,1,3,1,0,0,0,1,1,0,0,0,0,0,gratuito
11,35000.0,154,0.5194805194805194,3,5,1,1,1,0,1,1,0,0,1,1,1,medio_baixo
9,10000.0,99,0.6262626262626263,2,2,1,0,0,0,1,1,0,0,0,0,0,alto
2,10000.0,12,0.75,1,7,1,0,0,0,0,0,0,0,0,0,0,medio_baixo
6,10000.0,5,1.0,3,1,1,0,0,0,0,1,0,0,0,0,0,baixo
8,10000.0,26,0.6538461538461539,3,3,1,1,0,0,1,0,0,1,1,0,0,medio_baixo
6,10000.0,2,1.0,5,2,1,0,0,0,1,0,0,0,0,1,0,medio_alto
5,10000.0,21,0.6190476190476191,1,6,1,0,0,0,1,1,1,0,0,1,1,baixo
2,10000.0,2,0.5,2,5,1,0,0,0,1,0,0,1,0,1,1,medio_alto
4,35000.0,19,0.5263157894736842,1,5,1,0,0,0,1,1,0,1,0,1,1,alto
5,10000.0,11,0.18181818181818182,29,3,1,0,0,0,0,0,1,1,1,0,0,baixo
3,0.0,0,0.0,15,3,1,0,0,0,0,1,0,0,0,0,0,gratuito
4,10000.0,13,0.9230769230769231,1,3,1,0,0,0,0,1,1,0,0,0,1,medio_alto
11,150000.0,1656,0.8291062801932367,6,1,1,0,0,1,1,0,0,0,0,0,0,baixo
3,10000.0,14,0.9285714285714286,1,4,1,0,0,0,1,1,1,0,0,0,0,gratuito
6,10000.0,1,1.0,1,2,1,1,1,0,0,1,0,0,0,0,0,baixo
2,0.0,0,0.0,0,0,1,0,0,0,0,0,0,0,0,0,0,gratuito
8,10000.0,2,0.0,1,2,1,0,0,0,1,1,0,0,0,0,0,baixo
8,35000.0,282,0.75177304964539,7,3,1,0,0,0,1,0,1,0,0,1,0,medio_alto
2,35000.0,421,0.8266033254156769,8,1,1,0,0,2,0,0,0,0,1,0,0,alto
4,10000.0,121,0.9504132231404959,2,1,1,0,0,1,0,0,0,1,0,0,0,baixo
8,10000.0,22,0.22727272727272727,1,1,1,0,0,0,0,1,0,0,0,0,0,baixo
7,10000.0,7,0.5714285714285714,1,2,1,0,0,0,1,0,0,0,0,0,0,medio_baixo
4,10000.0,17,0.4117647058823529,2,3,1,1,0,0,0,0,0,1,0,0,0,gratuito
3,10000.0,14,0.7857142857142857,1,3,1,0,0,0,1,0,0,1,0,0,1,medio_baixo
1,10000.0,0,0.0,14,4,1,1,1,0,1,0,0,1,0,1,1,medio_alto
1,10000.0,0,0.0,1,4,1,1,1,0,1,0,1,1,0,1,0,medio_alto
3,10000.0,4,0.5,1,5,1,0,0,0,1,1,0,1,0,0,0,medio_alto
4,75000.0,14,0.2857142857142857,1,2,1,0,0,0,0,1,0,0,0,0,1,medio_baixo
3,10000.0,0,0.0,4,1,1,0,0,0,0,1,0,0,0,0,0,alto
7,10000.0,11,0.9090909090909091,2,4,1,0,0,0,1,0,1,0,0,1,0,gratuito
1,10000.0,0,0.0,1,2,1,0,0,0,1,0,0,1,0,0,0,medio_alto
11,35000.0,45,0.8222222222222222,1,3,1,1,1,0,1,0,0,0,1,1,0,medio_alto
4,10000.0,28,0.5714285714285714,2,1,1,0,0,0,0,0,0,1,0,0,0,baixo
7,10000.0,48,0.7708333333333334,29,5,1,1,0,1,1,0,0,1,1,1,1,baixo
3,10000.0,0,0.0,1,3,1,0,0,0,1,0,1,1,0,0,0,alto
3,10000.0,6,1.0,1,2,1,0,0,0,1,0,1,0,0,0,0,medio_baixo
3,10000.0,6,1.0,1,4,1,0,0,0,1,0,0,1,0,1,0,medio_alto
8,350000.0,409,0.843520782396088,1,5,1,0,0,0,1,0,0,1,0,1,1,gratuito
9,10000.0,53,0.8113207547169812,1,3,1,1,1,0,1,1,1,0,0,0,0,medio_baixo
10,10000.0,25,0.96,2,4,1,0,0,0,1,1,1,0,0,0,0,alto
5,10000.0,72,0.7916666666666666,2,3,1,0,0,0,1,0,0,0,0,0,1,medio_baixo
6,10000.0,35,0.6857142857142857,1,6,1,0,0,1,0,1,1,0,1,1,1,gratuito
2,10000.0,12,0.9166666666666666,3,3,1,0,0,0,1,1,0,1,0,0,0,medio_baixo
7,10000.0,3,1.0,1,3,1,0,0,0,1,0,0,1,1,0,0,medio_alto
3,10000.0,78,0.9743589743589743,1,4,1,0,1,0,0,0,1,1,1,0,1,medio_alto
6,35000.0,3,0.6666666666666666,11,1,1,0,0,0,0,0,0,1,0,0,0,medio_baixo
4,35000.0,3,0.3333333333333333,2,2,1,1,0,0,1,0,0,1,0,0,0,medio_baixo
1,10000.0,0,0.0,1,2,1,0,0,0,1,0,0,1,0,0,0,medio_baixo
1,10000.0,0,0.0,9,1,1,0,0,3,0,1,0,0,0,0,0,alto
11,35000.0,16,0.75,1,2,1,0,0,0,1,0,0,0,1,0,0,gratuito
3,35000.0,7,0.8571428571428571,1,3,1,0,0,0,1,1,0,1,0,0,0,gratuito
7,35000.0,349,0.7793696275071633,1,3,1,0,0,0,1,0,0,1,0,0,0,alto
2,10000.0,3,1.0,1,2,1,0,0,0,1,1,0,0,0,0,0,medio_alto
4,1500000.0,21,0.8095238095238095,103,1,1,0,1,0,0,1,0,0,0,0,0,baixo
1,10000.0,0,0.0,2,2,1,0,0,0,0,1,1,0,0,0,0,medio_baixo
7,10000.0,0,0.0,1,2,1,0,1,0,1,0,0,1,0,0,0,baixo
19,750000.0,4010,0.8032418952618454,5,1,1,0,0,0,0,1,0,0,0,0,0,medio_baixo
1,10000.0,0,0.0,12,1,1,0,0,0,0,0,1,0,0,0,0,alto
2,0.0,0,0.0,0,0,1,0,0,0,0,0,0,0,0,0,0,gratuito
2,10000.0,0,0.0,1,6,1,0,0,0,1,1,1,1,1,0,1,medio_alto
11,75000.0,1091,0.9092575618698442,1,2,1,1,0,1,1,1,0,0,0,0,0,baixo
2,35000.0,616,0.9642857142857143,1,2,1,1,1,2,1,0,0,0,0,0,1,alto
2,10000.0,0,0.0,1,3,1,0,0,0,1,0,1,1,0,0,0,medio_alto
3,10000.0,10,1.0,2,3,1,0,0,0,1,1,0,1,0,0,0,medio_baixo
3,10000.0,1,0.0,1,6,1,0,0,0,1,1,1,1,0,0,1,medio_alto
9,10000.0,46,0.8260869565217391,3,3,1,0,0,0,0,0,1,1,0,1,0,medio_baixo
2,10000.0,1,0.0,1,4,1,0,0,0,1,0,0,0,0,0,1,baixo
5,10000.0,12,0.75,1,2,1,0,0,0,1,0,0,1,0,0,0,medio_alto
5,10000.0,7,0.7142857142857143,2,2,1,0,0,0,1,0,1,0,0,0,0,medio_alto
11,10000.0,14424,0.6165418746533555,8,1,1,0,0,782,0,0,0,0,0,0,1,alto
5,10000.0,5,1.0,1,1,1,1,1,0,1,0,0,0,0,0,0,medio_baixo
4,10000.0,2,1.0,1,3,1,1,0,0,1,1,0,0,0,1,0,medio_baixo
2,35000.0,473,0.5623678646934461,11,4,1,0,0,0,0,1,1,0,1,0,0,alto
10,75000.0,515,0.7242718446601941,5,3,1,0,0,0,1,0,1,1,0,0,0,baixo
3,10000.0,117,0.8376068376068376,3,3,1,0,0,0,0,0,1,1,1,0,0,alto
2,0.0,0,0.0,103,3,1,0,0,0,1,1,0,1,0,0,0,baixo
5,10000.0,14,0.5714285714285714,103,3,1,0,0,0,1,1,1,0,0,0,0,baixo
3,75000.0,4,0.5,1,2,1,0,0,0,0,1,1,0,0,0,0,baixo
5,10000.0,1,1.0,1,3,1,0,1,0,1,0,1,1,0,0,0,medio_alto
3,0.0,0,0.0,0,0,1,0,0,0,0,0,0,0,0,0,0,gratuito
5,10000.0,2,0.5,2,2,1,0,0,1,1,1,0,0,0,0,0,medio_alto
4,10000.0,0,0.0,1,3,1,0,0,0,1,0,0,1,0,0,1,medio_baixo
1,0.0,0,0.0,5,2,1,0,0,0,0,0,0,1,0,0,1,alto
5,10000.0,44,0.8409090909090909,1,4,1,1,0,0,1,1,1,1,0,0,0,medio_alto
1,0.0,0,0.0,8,1,1,0,0,0,0,0,0,1,0,0,0,medio_baixo
4,75000.0,709,0.919605077574048,2,4,1,0,0,0,0,0,0,0,0,0,0,medio_alto
2,10000.0,0,0.0,2,2,1,0,0,0,1,0,0,1,0,0,0,baixo
4,10000.0,5,0.8,2,3,1,0,0,1,1,1,1,0,0,0,0,medio_baixo
7,10000.0,5,0.6,1,3,1,0,1,0,1,1,0,1,0,0,0,medio_alto
4,0.0,0,0.0,3,3,1,0,0,0,1,1,0,0,0,0,0,gratuito
3,10000.0,0,0.0,1,4,1,0,0,0,1,0,1,1,1,0,0,medio_alto
2,35000.0,16,0.625,13,4,1,0,0,0,1,1,1,0,1,0,0,baixo
3,0.0,0,0.0,1,2,1,0,0,0,1,0,1,0,0,0,0,gratuito
1,10000.0,0,0.0,1,4,1,0,1,0,1,1,0,1,0,0,0,baixo
1,10000.0,16,0.8125,2,3,1,0,0,0,0,1,0,1,1,0,0,alto
1,0.0,0,0.0,0,0,1,0,0,0,0,0,0,0,0,0,0,gratuito
6,10000.0,179,0.9664804469273743,1,3,1,1,0,0,1,0,0,1,0,1,0,medio_alto
2,10000.0,5,0.8,6,4,1,0,0,0,1,1,0,0,0,1,1,baixo
3,10000.0,12,1.0,1,2,1,1,0,1,0,0,0,1,0,1,0,medio_alto
9,10000.0,11,0.7272727272727273,2,5,1,0,0,0,1,0,1,1,1,0,1,medio_baixo
3,0.0,0,0.0,0,0,1,0,0,0,0,0,0,0,0,0,0,gratuito
3,35000.0,6,0.8333333333333334,1,1,1,0,0,0,1,0,0,0,0,0,0,baixo
1,10000.0,0,0.0,18,4,1,0,0,0,1,1,1,1,0,0,0,alto
6,35000.0,12,0.5,1,4,1,0,0,0,0,0,0,1,1,0,0,gratuito
1,0.0,0,0.0,0,0,1,0,0,0,0,0,0,0,0,0,0,gratuito
11,35000.0,31,0.967741935483871,1,3,1,1,1,0,1,1,0,0,1,0,0,baixo
1,0.0,0,0.0,103,1,1,0,0,0,0,0,0,1,0,0,0,medio_baixo
3,10000.0,0,0.0,1,1,1,1,0,0,0,0,0,0,1,0,0,alto
2,10000.0,69,0.6086956521739131,1,4,1,0,0,0,1,1,1,0,0,0,0,gratuito
11,1500000.0,21090,0.800094831673779,8,2,1,0,0,15,1,1,0,0,0,0,0,medio_baixo
8,10000.0,6,0.8333333333333334,1,3,1,0,0,0,1,1,0,1,0,0,0,baixo
2,10000.0,13,1.0,6,3,1,0,0,0,1,0,0,1,0,1,0,baixo
10,10000.0,143,0.8391608391608392,1,2,1,0,0,0,1,0,0,1,0,0,0,medio_baixo
2,0.0,0,0.0,0,0,1,0,0,0,0,0,0,0,0,0,0,gratuito
7,35000.0,310,0.667741935483871,13,3,1,0,0,0,1,0,0,1,0,1,0,baixo
5,10000.0,84,0.44047619047619047,10,1,1,0,0,0,0,1,0,0,0,0,0,baixo
4,10000.0,0,0.0,19,5,1,0,0,0,0,1,0,1,0,0,0,gratuito
8,75000.0,90,0.7444444444444445,6,4,1,1,0,0,1,1,1,0,0,0,1,medio_alto
8,10000.0,37,0.8378378378378378,1,4,1,0,0,0,1,1,1,1,0,0,0,alto
4,10000.0,1,0.0,1,3,1,0,0,0,1,1,0,0,0,0,1,medio_alto
3,0.0,0,0.0,0,0,1,0,0,0,0,0,0,0,0,0,0,gratuito
2,10000.0,6,1.0,1,2,1,0,0,0,1,1,0,0,0,0,0,medio_baixo
11,10000.0,82,0.7926829268292683,2,2,1,0,1,1,1,0,1,0,0,0,0,medio_alto
3,10000.0,40,0.85,7,3,1,0,0,0,1,0,1,1,0,0,0,alto
9,10000.0,52,0.9230769230769231,1,3,1,1,1,0,1,0,1,1,0,0,0,medio_baixo
10,75000.0,686,0.49416909620991256,1,4,1,0,0,0,1,0,0,1,0,0,1,alto
10,10000.0,117,0.7264957264957265,1,2,1,0,0,0,0,1,0,1,0,0,0,medio_alto
2,10000.0,177,0.9717514124293786,1,4,1,0,0,0,1,1,0,0,1,0,0,alto
2,0.0,0,0.0,0,0,1,0,0,0,0,0,0,0,0,0,0,gratuito
4,10000.0,0,0.0,3,2,1,0,1,0,1,0,0,1,0,0,0,baixo
6,10000.0,44,0.8863636363636364,5,2,1,0,0,1,1,1,0,0,0,0,0,alto
2,10000.0,1,1.0,2,3,1,0,0,0,0,0,1,1,0,0,0,gratuito
2,10000.0,0,0.0,5,3,1,0,0,0,1,0,1,1,0,0,0,medio_baixo
8,10000.0,12,0.25,1,3,1,1,1,0,1,0,0,0,0,1,1,medio_alto
1,0.0,0,0.0,1,5,1,0,0,0,1,1,0,1,0,1,0,medio_alto
4,0.0,0,0.0,0,0,1,0,0,0,0,0,0,0,0,0,0,gratuito
6,10000.0,36,0.7777777777777778,7,4,1,0,0,0,0,0,0,1,0,1,1,alto
1,0.0,0,0.0,8,5,1,0,0,0,1,1,1,1,0,0,0,medio_baixo
11,150000.0,407,0.7592137592137592,1,3,1,0,0,0,0,1,0,0,0,0,0,baixo
8,10000.0,2,0.5,1,3,1,0,0,0,0,1,1,0,1,0,0,alto
3,350000.0,10,1.0,1,3,1,0,0,0,0,1,1,0,0,0,0,baixo
5,10000.0,23,0.9565217391304348,1,3,1,0,1,0,1,1,0,1,0,0,0,gratuito
7,10000.0,14,0.7857142857142857,1,2,1,0,0,0,0,0,1,1,0,0,0,medio_alto
2,10000.0,0,0.0,2,2,1,0,0,0,0,0,0,0,1,0,1,medio_alto
6,10000.0,68,0.9117647058823529,1,2,1,0,0,0,1,0,0,0,0,0,0,gratuito
3,10000.0,1,1.0,2,3,1,0,0,0,1,1,1,0,0,0,0,medio_alto
7,35000.0,681,0.895741556534508,2,3,1,0,0,0,1,0,1,0,1,0,0,medio_alto
2,10000.0,3,1.0,1,2,1,0,0,0,1,1,0,0,0,0,0,medio_baixo
1,0.0,0,0.0,103,4,1,0,0,0,1,0,1,1,0,0,1,medio_baixo
4,0.0,0,0.0,103,7,1,1,1,0,1,1,1,1,1,1,1,alto
10,10000.0,50,0.66,10,4,1,1,0,0,1,0,0,1,0,1,1,baixo
7,10000.0,7,0.5714285714285714,2,2,1,0,0,0,1,1,0,0,0,0,0,baixo
3,10000.0,0,0.0,1,1,1,0,0,0,0,0,0,1,0,0,0,medio_alto
10,10000.0,23,0.7391304347826086,1,3,1,0,0,0,1,1,0,0,0,0,1,medio_baixo
1,10000.0,59,0.7966101694915254,2,3,1,0,0,0,0,0,0,1,0,1,0,alto
2,10000.0,7,0.8571428571428571,1,4,1,0,0,0,1,1,1,0,0,0,0,gratuito
3,10000.0,2,1.0,1,1,1,0,0,0,0,0,0,0,0,0,1,medio_alto
2,10000.0,8,0.75,2,5,1,0,0,0,1,0,0,1,0,1,0,medio_baixo
5,0.0,0,0.0,0,0,1,0,0,0,0,0,0,0,0,0,0,gratuito
7,10000.0,13,0.6923076923076923,2,4,1,1,0,0,1,1,1,0,1,0,0,alto
2,10000.0,48,0.8958333333333334,2,3,1,0,0,0,0,0,1,0,1,1,0,medio_baixo
6,10000.0,22,0.6818181818181818,4,1,1,0,0,0,0,0,1,0,0,0,0,baixo
1,10000.0,0,0.0,4,2,1,0,0,0,1,1,0,0,0,0,0,alto
7,10000.0,9,0.6666666666666666,4,4,1,0,0,1,1,1,1,0,1,0,0,alto
5,10000.0,1,1.0,1,5,1,0,0,0,1,0,0,1,0,0,1,alto
2,10000.0,0,0.0,1,3,1,0,0,0,1,1,0,1,0,0,0,baixo
1,10000.0,7,1.0,1,4,1,0,0,0,1,0,1,1,1,0,0,alto
2,10000.0,129,0.7674418604651163,9,3,1,0,0,0,0,1,1,0,1,0,0,medio_alto
7,10000.0,26,0.8076923076923077,1,5,1,0,0,0,1,0,1,0,1,0,1,medio_baixo
4,10000.0,3,1.0,1,2,1,0,0,0,1,0,1,0,0,0,0,medio_baixo
3,10000.0,22,0.45454545454545453,1,2,1,0,0,0,0,1,0,0,1,0,0,alto
2,75000.0,1632,0.8033088235294118,7,4,1,0,0,1,1,1,1,0,1,0,0,alto
2,10000.0,179,0.9776536312849162,1,1,1,1,0,0,0,1,0,0,0,0,0,medio_alto
8,10000.0,8,0.875,1,2,1,0,0,0,0,1,1,0,0,0,0,gratuito
7,10000.0,23,0.43478260869565216,2,4,1,0,0,0,1,1,1,0,0,0,0,medio_baixo
5,10000.0,271,0.9261992619926199,2,2,1,1,0,0,0,0,1,0,1,0,0,alto
1,0.0,0,0.0,3,4,1,1,0,0,1,1,0,1,0,0,0,medio_alto
1,35000.0,560,0.7178571428571429,3,3,1,0,0,0,1,1,0,1,0,0,0,medio_alto
4,10000.0,30,1.0,1,3,1,0,0,0,1,0,0,1,0,0,1,medio_baixo
1,10000.0,0,0.0,6,2,1,0,0,0,1,0,1,0,0,0,0,alto
6,10000.0,0,0.0,1,5,1,0,0,0,0,1,0,1,0,0,0,medio_alto
4,75000.0,1327,0.9118311981914092,1,4,1,0,0,1,1,0,0,1,0,1,0,medio_alto
12,75000.0,205,0.7073170731707317,1,2,1,1,1,0,1,0,0,0,0,1,0,medio_alto
5,10000.0,16,0.75,103,3,1,0,0,0,1,0,1,1,0,0,0,baixo
7,10000.0,1,0.0,1,1,1,0,0,0,0,0,0,0,0,0,0,baixo
4,10000.0,5,0.6,1,1,1,0,0,0,0,0,1,0,0,0,0,medio_baixo
7,10000.0,83,0.6987951807228916,10,2,1,0,0,0,1,0,0,1,0,0,0,baixo
3,10000.0,14,1.0,1,3,1,1,0,0,0,1,0,0,0,0,0,gratuito
3,10000.0,3,1.0,1,3,1,0,0,1,1,1,1,0,0,0,0,medio_baixo
4,0.0,0,0.0,1,4,1,0,0,0,1,0,1,1,0,0,0,gratuito
2,10000.0,54,1.0,2,3,1,1,0,0,1,1,1,0,0,0,0,medio_alto
1,0.0,0,0.0,0,0,1,0,0,0,0,0,0,0,0,0,0,gratuito
7,10000.0,10,0.1,3,4,1,0,0,0,1,1,1,1,0,0,0,baixo
10,10000.0,10,0.9,1,3,1,0,0,0,1,1,1,0,0,0,0,medio_baixo
3,10000.0,0,0.0,1,1,1,0,0,0,0,0,0,1,0,0,0,medio_baixo
4,0.0,0,0.0,1,7,1,0,0,0,0,1,1,0,0,1,0,gratuito
2,10000.0,43,0.9767441860465116,2,2,1,0,0,0,1,0,1,0,0,0,0,medio_baixo
3,10000.0,5,0.6,1,2,1,0,0,0,0,0,1,1,0,0,0,medio_alto
1,0.0,0,0.0,1,4,1,0,0,0,1,0,0,1,0,0,1,alto
1,0.0,0,0.0,0,0,1,0,0,0,0,0,0,0,0,0,0,gratuito
2,10000.0,40,0.95,20,1,1,0,0,0,1,0,0,0,0,0,0,baixo
8,10000.0,31,0.9354838709677419,2,3,1,0,0,0,1,1,1,0,0,0,0,baixo
1,0.0,0,0.0,0,0,1,0,0,0,0,0,0,0,0,0,0,gratuito
1,10000.0,0,0.0,4,4,1,0,0,0,1,0,1,1,0,0,1,baixo
1,10000.0,0,0.0,7,4,1,0,1,1,1,1,1,1,0,0,0,alto
3,10000.0,0,0.0,1,2,1,0,0,0,1,0,0,1,0,0,0,alto
2,10000.0,26,0.9615384615384616,1,6,1,1,1,0,1,1,1,1,0,0,0,alto
8,35000.0,75,0.48,2,1,1,0,0,0,0,0,0,0,0,0,0,gratuito
7,75000.0,176,0.8920454545454546,2,3,1,0,0,0,0,0,1,1,0,0,1,gratuito
5,10000.0,30,0.8666666666666667,1,2,1,1,0,0,0,0,1,1,0,0,0,medio_alto
5,10000.0,0,0.0,29,6,1,1,1,0,1,1,1,1,1,0,1,baixo
7,10000.0,20,0.75,1,4,1,0,0,0,1,0,1,0,1,1,0,medio_alto
5,35000.0,15,0.8666666666666667,1,4,1,1,0,0,1,1,0,0,1,1,0,medio_baixo
3,10000.0,1,1.0,1,3,1,0,0,0,1,1,0,1,0,0,0,medio_alto
1,0.0,0,0.0,0,0,1,0,0,0,0,0,0,0,0,0,0,gratuito
10,10000.0,27,0.3333333333333333,1,3,1,0,0,0,1,0,1,1,0,0,0,baixo
1,10000.0,0,0.0,2,3,1,0,0,0,0,0,0,0,0,0,1,gratuito
3,10000.0,0,0.0,1,3,1,0,0,0,1,1,0,0,0,0,1,medio_baixo
2,10000.0,0,0.0,2,2,1,0,0,0,1,0,1,0,0,0,0,medio_baixo
1,0.0,0,0.0,1,4,1,0,0,0,1,1,0,0,0,1,0,gratuito
6,10000.0,0,0.0,1,4,1,0,0,1,1,1,1,1,0,0,0,baixo
1,0.0,0,0.0,0,0,1,0,0,0,0,0,0,0,0,0,0,gratuito
2,0.0,0,0.0,0,0,1,0,0,0,0,0,0,0,0,0,0,gratuito
5,150000.0,1759,0.7026719727117681,10,2,1,0,0,1,0,0,0,0,1,1,0,medio_baixo
1,10000.0,0,0.0,2,2,1,0,0,0,1,0,1,0,0,0,0,baixo
1,10000.0,0,0.0,9,1,1,0,1,0,0,0,0,0,0,0,1,medio_alto
1,10000.0,1,1.0,9,3,1,0,1,1,1,0,0,1,0,1,0,medio_alto
2,10000.0,11,1.0,1,2,1,1,1,0,1,0,0,1,0,0,0,alto
3,75000.0,1,1.0,2,5,1,0,1,1,1,0,0,1,1,1,1,alto
2,10000.0,12,0.9166666666666666,1,3,1,1,1,0,0,0,0,1,0,0,1,alto
11,35000.0,130,0.7615384615384615,7,2,1,0,0,0,1,0,1,0,0,0,0,baixo
4,10000.0,0,0.0,1,2,1,0,1,0,0,0,0,1,0,0,1,medio_alto
16,1500000.0,16936,0.9368800188946622,1,1,1,0,0,0,0,1,0,0,0,0,0,medio_baixo
1,10000.0,10,1.0,2,1,1,0,0,0,0,0,1,0,0,0,0,alto
3,10000.0,46,0.9347826086956522,1,2,1,0,0,0,1,1,0,0,0,0,0,baixo
4,10000.0,13,1.0,1,1,1,1,1,0,0,0,0,1,0,0,0,medio_baixo
7,150000.0,2460,0.9451219512195121,1,4,1,0,0,1,1,0,1,1,0,0,1,medio_baixo
3,10000.0,1,1.0,1,3,1,0,0,0,1,1,1,0,0,0,0,baixo
7,10000.0,3,1.0,1,3,1,0,0,0,1,0,1,0,1,0,0,alto
2,0.0,0,0.0,103,3,1,0,0,0,1,0,0,1,0,0,0,gratuito
6,10000.0,8,0.5,1,4,1,0,0,0,1,0,1,1,0,0,0,gratuito
5,10000.0,44,0.8863636363636364,2,4,1,0,0,0,0,1,0,1,1,0,0,alto
7,10000.0,9,0.7777777777777778,1,4,1,0,0,0,1,0,0,1,0,1,0,alto
2,10000.0,142,0.8098591549295775,13,3,1,0,0,0,0,0,1,1,1,0,0,medio_alto
7,10000.0,0,0.0,1,2,1,0,0,0,1,1,0,0,0,0,0,medio_alto
5,350000.0,2869,0.8152666434297665,11,3,1,0,0,2,1,1,1,0,0,0,0,medio_alto
1,10000.0,2,1.0,1,4,1,0,0,1,1,0,0,1,0,1,0,gratuito
1,10000.0,12,0.9166666666666666,2,6,1,0,0,0,1,1,1,1,1,1,0,baixo
4,10000.0,14,0.6428571428571429,9,2,1,1,0,0,0,0,0,1,0,0,1,medio_baixo
4,10000.0,6,0.5,1,1,1,0,0,0,0,1,0,0,0,0,0,baixo
27,3500000.0,25561,0.9531317241109503,4,1,1,1,1,0,0,1,0,0,0,0,0,baixo
1,10000.0,0,0.0,1,4,1,0,0,0,1,1,1,0,0,0,0,gratuito
3,10000.0,3,0.6666666666666666,1,3,1,0,0,0,1,0,1,1,0,0,0,baixo
1,10000.0,0,0.0,14,4,1,0,0,0,1,0,1,1,0,0,1,medio_baixo
4,10000.0,4,0.5,1,2,1,0,0,0,0,0,0,1,0,1,0,medio_baixo
7,10000.0,6,0.6666666666666666,5,5,1,0,0,0,1,0,0,1,0,0,1,medio_baixo
2,10000.0,0,0.0,1,5,1,0,0,0,1,1,1,1,0,0,0,medio_alto
4,1500000.0,27597,0.9652860818204877,22,4,1,0,0,2,1,0,0,1,0,1,1,alto
1,0.0,0,0.0,0,0,1,0,0,0,0,0,0,0,0,0,0,gratuito
7,10000.0,43,0.7906976744186046,6,5,1,0,0,0,1,0,1,1,0,1,1,medio_alto
5,10000.0,506,0.9664031620553359,9,5,1,1,1,1,1,0,0,0,1,1,1,alto
4,10000.0,46,0.5869565217391305,10,3,1,0,0,0,1,0,0,1,0,0,1,medio_baixo
2,0.0,0,0.0,30,3,1,1,0,0,0,0,1,1,0,0,1,medio_alto
3,10000.0,21,1.0,1,1,1,0,0,0,0,0,0,0,0,1,0,medio_alto
1,10000.0,0,0.0,1,5,1,0,0,0,0,1,0,0,0,0,1,baixo
5,10000.0,0,0.0,1,2,1,0,0,0,1,0,0,1,0,0,0,baixo
8,10000.0,35,0.5142857142857142,2,4,1,0,0,0,1,0,0,1,0,1,1,medio_alto
1,10000.0,9,0.8888888888888888,16,5,1,0,0,0,1,1,1,1,0,0,0,baixo
2,0.0,0,0.0,0,0,1,0,0,0,0,0,0,0,0,0,0,gratuito
3,10000.0,6,1.0,1,3,1,1,0,0,1,0,1,0,1,0,0,medio_baixo
1,0.0,0,0.0,30,2,1,0,0,0,0,0,0,0,1,0,0,gratuito
1,0.0,0,0.0,1,3,1,1,0,0,0,0,1,1,0,0,0,gratuito
1,0.0,0,0.0,1,1,1,0,0,0,0,0,0,1,0,0,0,medio_baixo
9,10000.0,67,0.8059701492537313,1,3,1,1,1,0,1,0,1,0,1,0,0,medio_baixo
8,10000.0,28,0.5,2,3,1,0,0,0,1,1,0,0,0,0,0,medio_baixo
2,10000.0,4,1.0,1,2,1,0,0,0,1,1,0,0,0,0,0,baixo
1,0.0,0,0.0,103,2,1,0,0,0,0,1,1,0,0,0,0,medio_baixo
2,10000.0,14,0.9285714285714286,1,1,1,1,0,0,0,0,0,0,0,1,0,alto
8,10000.0,51,0.6078431372549019,1,3,1,0,0,0,1,1,0,0,1,0,0,alto
5,10000.0,66,0.9696969696969697,1,1,1,0,0,0,1,0,0,0,0,0,0,gratuito
2,10000.0,4,1.0,1,2,1,0,0,0,0,0,0,0,0,0,1,medio_baixo
2,10000.0,0,0.0,1,3,1,0,0,0,1,0,0,1,0,1,0,medio_baixo
9,75000.0,181,0.6629834254143646,3,3,1,0,0,0,1,0,1,1,0,0,0,baixo
3,0.0,0,0.0,103,8,1,1,1,0,1,1,1,1,1,1,1,alto
6,10000.0,6,0.8333333333333334,1,2,1,1,0,0,1,0,0,1,0,0,0,gratuito
7,10000.0,25,0.88,4,5,1,0,0,0,1,0,0,1,0,0,1,alto
1,35000.0,755,0.909933774834437,15,4,1,0,0,1,1,0,1,1,0,0,1,alto
2,10000.0,38,0.868421052631579,1,2,1,0,0,0,0,0,0,0,0,1,0,gratuito
3,10000.0,94,0.8829787234042553,2,4,1,0,1,0,1,0,1,0,1,0,1,alto
1,0.0,0,0.0,1,1,1,0,0,0,0,0,0,0,0,0,0,gratuito
6,10000.0,6,0.3333333333333333,1,2,1,0,0,0,0,0,1,0,0,1,0,baixo
5,0.0,0,0.0,1,4,1,0,0,0,1,1,0,1,0,0,0,gratuito
3,10000.0,0,0.0,1,1,1,0,0,0,0,0,1,0,0,0,0,medio_baixo
2,10000.0,13,1.0,1,2,1,0,0,0,1,0,0,1,0,0,0,baixo
13,75000.0,228,0.4868421052631579,5,3,1,1,0,2,1,1,1,0,0,0,0,baixo
15,350000.0,1094,0.7422303473491774,1,3,1,0,1,0,1,1,0,0,0,0,0,alto
3,350000.0,691,0.9435600578871202,2,4,1,0,0,4,1,0,0,0,1,1,1,alto
3,0.0,0,0.0,0,0,1,0,0,0,0,0,0,0,0,0,0,gratuito
10,350000.0,870,0.9494252873563218,6,3,1,1,1,4,1,0,0,1,0,1,0,medio_baixo
10,75000.0,638,0.9122257053291536,1,3,1,1,1,0,1,1,0,0,1,0,0,medio_alto
16,150000.0,707,0.693069306930693,3,4,1,0,0,0,1,1,1,0,1,0,0,medio_alto
2,10000.0,14,0.9285714285714286,1,3,1,1,1,0,1,0,1,0,0,1,0,medio_baixo
7,10000.0,3,0.3333333333333333,2,4,1,1,0,0,0,0,1,0,1,1,0,alto
1,0.0,0,0.0,2,3,1,0,1,0,1,0,1,0,0,0,0,gratuito
4,0.0,0,0.0,1,2,0,1,0,0,1,1,0,0,0,0,0,gratuito
2,0.0,0,0.0,2,3,1,0,0,0,0,0,0,0,1,1,0,gratuito
2,0.0,0,0.0,0,0,1,0,0,0,0,0,0,0,0,0,0,gratuito
1,0.0,0,0.0,7,4,1,0,0,0,1,0,1,1,0,1,0,medio_alto
5,35000.0,6,0.6666666666666666,2,2,1,0,0,0,1,1,0,0,0,0,0,medio_baixo
2,0.0,0,0.0,0,0,1,0,0,0,0,0,0,0,0,0,0,gratuito
2,0.0,0,0.0,103,9,1,1,1,0,1,1,1,1,1,1,1,alto
5,0.0,0,0.0,1,4,1,0,0,0,1,1,0,0,0,0,0,gratuito
4,10000.0,9,1.0,1,3,1,0,0,0,1,1,0,0,0,0,0,medio_alto
7,10000.0,13,1.0,1,3,1,1,1,1,1,0,1,1,0,0,0,medio_alto
1,10000.0,0,0.0,2,3,1,0,0,0,1,0,0,1,0,0,0,baixo
4,10000.0,64,0.84375,2,1,1,0,0,0,0,1,0,0,0,0,0,medio_alto
2,10000.0,0,0.0,1,4,1,1,1,0,1,0,1,1,0,0,1,medio_alto
7,10000.0,4,1.0,1,3,1,1,1,0,1,0,0,1,0,1,0,alto
1,10000.0,0,0.0,5,3,1,0,0,0,1,1,0,1,0,0,0,medio_alto
3,35000.0,7,0.5714285714285714,1,3,1,0,0,0,1,0,1,0,0,1,0,alto
2,10000.0,19,1.0,10,2,1,0,0,0,0,0,0,0,0,1,0,medio_baixo
3,10000.0,12,0.6666666666666666,7,3,1,0,0,0,1,1,1,0,0,0,0,baixo
4,0.0,0,0.0,1,4,1,0,0,0,0,0,0,0,0,1,0,gratuito
4,10000.0,79,0.9620253164556962,2,2,1,0,0,0,0,0,0,1,1,0,0,baixo
4,35000.0,1,0.0,1,4,1,0,0,0,1,1,0,1,0,1,0,baixo
3,10000.0,57,0.42105263157894735,1,1,1,0,0,0,0,0,1,0,0,0,0,alto
3,10000.0,0,0.0,1,3,1,1,1,0,1,0,1,1,0,0,0,baixo
2,10000.0,0,0.0,2,4,1,0,0,0,1,1,1,0,1,0,0,medio_baixo
3,35000.0,29,0.9655172413793104,4,4,1,0,0,0,0,1,1,1,1,0,0,baixo
2,0.0,0,0.0,103,1,1,0,0,0,0,0,0,1,0,0,0,medio_baixo
3,0.0,0,0.0,1,3,1,0,0,0,1,1,0,0,0,0,0,gratuito
1,10000.0,0,0.0,1,8,1,0,0,0,1,1,1,1,1,1,1,medio_alto
4,10000.0,66,0.9696969696969697,2,2,1,0,0,0,0,0,0,1,0,1,0,medio_baixo
5,75000.0,2,0.5,6,4,1,0,0,0,1,1,1,1,0,0,0,baixo
1,0.0,0,0.0,0,0,1,0,0,0,0,0,0,0,0,0,0,gratuito
9,10000.0,18,1.0,9,3,1,0,0,0,1,0,0,1,0,1,0,alto
6,750000.0,34,0.5,1,5,1,0,0,0,1,1,0,1,1,0,0,gratuito
5,10000.0,2,1.0,2,2,1,0,0,0,1,0,0,0,0,1,0,medio_baixo
1,10000.0,1,1.0,1,4,1,0,0,0,1,0,1,1,0,0,0,medio_alto
3,10000.0,1,0.0,1,3,1,0,0,0,1,0,0,1,0,0,1,medio_baixo
5,75000.0,4,0.25,1,2,1,0,0,0,0,0,0,0,0,1,1,medio_baixo
1,0.0,0,0.0,1,3,1,0,0,0,1,0,0,0,1,0,0,gratuito
1,10000.0,0,0.0,1,2,1,1,0,0,1,0,0,0,0,0,1,alto
7,35000.0,11,0.8181818181818182,2,3,1,0,0,0,1,0,0,1,0,1,0,baixo
6,10000.0,114,0.956140350877193,1,2,1,0,0,0,1,0,0,1,0,0,0,medio_alto
7,750000.0,7881,0.6671742164699911,9,3,1,0,0,1,0,1,1,0,1,0,0,medio_baixo
3,10000.0,1,1.0,2,4,1,0,0,0,1,0,0,1,0,1,1,baixo
3,10000.0,1,1.0,1,4,1,0,0,0,1,0,0,0,0,0,1,medio_alto
1,10000.0,2,1.0,1,1,1,0,0,0,0,1,0,0,0,0,0,medio_alto
3,75000.0,270,0.825925925925926,2,3,1,0,0,0,1,0,1,0,1,0,0,alto
5,10000.0,61,0.8032786885245902,3,4,1,0,0,1,1,0,1,0,1,0,1,alto
7,75000.0,711,0.8748241912798875,1,2,1,1,1,0,1,1,0,0,0,0,0,gratuito
3,0.0,0,0.0,1,5,1,0,0,0,1,1,1,0,0,0,0,gratuito
8,10000.0,45,0.6666666666666666,3,3,1,0,0,0,1,1,1,0,0,0,0,baixo
2,10000.0,18,0.8888888888888888,1,2,1,0,0,0,1,0,0,0,1,0,0,medio_baixo
3,35000.0,45,0.9111111111111111,2,3,1,1,0,0,1,1,1,0,0,0,0,medio_baixo
11,35000.0,27,1.0,6,2,1,1,0,1,1,1,0,0,0,0,0,medio_alto
6,10000.0,61,0.819672131147541,2,1,1,0,0,0,0,0,1,0,0,0,0,alto
1,10000.0,2,1.0,9,3,1,1,0,0,0,1,0,1,0,0,0,medio_alto
2,0.0,0,0.0,5,5,1,0,0,0,0,1,1,0,1,1,0,gratuito
3,10000.0,25,1.0,1,3,1,0,0,0,1,0,1,0,1,0,0,medio_alto
5,10000.0,6,0.5,1,4,1,0,0,0,1,0,0,1,0,0,1,baixo
1,0.0,0,0.0,1,3,1,1,0,0,0,0,0,1,0,0,0,gratuito
9,10000.0,79,0.7721518987341772,1,5,1,0,0,0,1,1,0,0,1,0,0,alto
3,35000.0,2,0.5,1,3,1,1,0,0,0,1,0,0,0,0,1,medio_baixo
3,10000.0,2,0.5,1,2,0,1,0,0,0,0,1,0,1,0,0,medio_alto
1,10000.0,0,0.0,1,3,1,0,0,0,1,1,1,0,0,0,0,baixo
4,35000.0,1,1.0,2,2,1,0,0,0,0,0,1,0,1,0,0,baixo
6,150000.0,677,0.8685376661742984,1,3,1,0,0,0,1,0,1,0,0,0,0,gratuito
1,10000.0,21,0.9523809523809523,1,3,1,1,0,1,0,0,0,1,0,1,1,baixo
9,150000.0,3108,0.9157014157014157,14,3,1,1,0,1,1,0,1,1,0,0,0,baixo
4,35000.0,7,1.0,1,2,1,0,0,0,1,1,0,0,0,0,0,medio_alto
6,35000.0,1047,0.933142311365807,1,3,1,0,0,0,1,1,0,0,0,0,0,gratuito
1,0.0,0,0.0,3,3,1,0,0,0,1,1,1,0,0,0,0,medio_baixo
3,10000.0,11,0.7272727272727273,1,2,1,0,0,0,0,1,0,1,0,0,0,gratuito
2,10000.0,17,0.8235294117647058,2,4,1,0,0,0,1,0,1,1,1,0,0,alto
1,0.0,0,0.0,1,4,1,0,1,0,1,0,0,0,0,1,0,gratuito
5,10000.0,100,0.58,1,4,1,0,0,0,0,1,1,0,0,0,0,gratuito
10,750000.0,3544,0.9164785553047404,10,1,1,1,1,1,0,0,1,0,0,0,0,medio_alto
2,10000.0,46,0.9130434782608695,1,4,1,0,0,0,1,1,1,0,1,0,0,baixo
10,75000.0,458,0.8209606986899564,1,3,1,0,0,1,1,1,0,1,0,0,0,medio_baixo
2,10000.0,0,0.0,15,3,1,0,0,0,0,0,1,1,0,0,1,alto
8,35000.0,34,0.9117647058823529,1,3,1,0,0,0,1,1,0,0,0,0,0,gratuito
10,10000.0,21,0.23809523809523808,1,1,1,1,0,0,0,0,0,1,0,0,0,gratuito
3,10000.0,17,0.8235294117647058,2,3,1,1,0,1,1,0,1,0,0,0,0,medio_baixo
8,35000.0,88,0.8295454545454546,27,3,1,0,0,0,1,1,0,1,0,0,0,baixo
13,1500000.0,31639,0.9648218970258226,1,1,1,1,0,0,0,0,1,0,0,0,0,baixo
2,0.0,0,0.0,0,0,1,0,0,0,0,0,0,0,0,0,0,gratuito
1,10000.0,13,0.9230769230769231,8,2,1,1,1,0,1,0,1,0,0,0,0,alto
6,10000.0,81,0.9012345679012346,2,3,1,0,0,0,1,0,0,1,0,0,1,baixo
2,10000.0,9,1.0,3,3,1,0,0,0,0,0,1,1,0,1,0,medio_baixo
6,10000.0,68,0.5147058823529411,1,2,1,0,0,0,1,0,0,0,0,0,0,medio_alto
7,75000.0,624,0.8926282051282052,4,2,1,0,0,0,0,1,0,0,0,1,0,alto
3,10000.0,0,0.0,1,2,1,0,0,0,1,0,0,0,0,0,1,baixo
6,1500000.0,91,0.8241758241758241,1,2,1,0,0,1,1,0,1,0,0,0,0,medio_alto
2,350000.0,3003,0.9407259407259407,12,2,1,1,0,6,1,0,1,0,0,0,0,alto
8,10000.0,9,0.7777777777777778,1,3,1,0,1,0,1,0,0,1,0,0,1,medio_alto
1,10000.0,0,0.0,1,4,1,0,0,0,1,1,0,0,1,1,0,medio_alto
8,350000.0,2884,0.691747572815534,1,5,1,0,0,10,1,1,1,0,0,0,0,gratuito
5,35000.0,17,0.5294117647058824,2,3,1,0,0,0,1,0,0,1,0,1,0,baixo
4,35000.0,13,1.0,2,2,1,0,1,0,1,1,0,0,0,0,0,baixo
2,0.0,0,0.0,0,0,1,0,0,0,0,0,0,0,0,0,0,gratuito
2,75000.0,704,0.5482954545454546,2,5,1,0,0,0,0,1,1,0,1,1,1,alto
4,0.0,0,0.0,2,3,1,1,1,0,1,0,0,1,0,0,0,gratuito
5,10000.0,0,0.0,2,2,1,0,1,0,0,0,0,1,0,0,1,medio_baixo
2,10000.0,7,1.0,1,4,1,0,0,0,1,0,0,0,0,1,1,gratuito
1,10000.0,0,0.0,1,2,1,0,0,0,0,1,0,0,0,0,0,alto
3,0.0,0,0.0,1,3,1,0,0,0,1,0,0,0,0,0,1,gratuito
3,10000.0,6,0.8333333333333334,14,1,1,0,0,0,0,1,0,0,0,0,0,baixo
5,75000.0,1195,0.9196652719665271,3,2,1,1,1,0,0,0,1,0,1,0,0,alto
3,10000.0,5,1.0,9,5,1,0,0,0,1,1,1,1,0,1,0,medio_alto
1,0.0,0,0.0,1,1,1,0,1,0,0,0,0,0,0,0,1,medio_alto
6,10000.0,14,0.14285714285714285,1,3,1,0,0,0,1,1,1,0,0,0,0,alto
3,10000.0,0,0.0,2,2,1,1,0,0,0,0,1,1,0,0,0,medio_alto
1,0.0,0,0.0,0,0,1,0,0,0,0,0,0,0,0,0,0,gratuito
1,0.0,0,0.0,2,3,1,0,1,0,1,0,0,1,0,0,0,gratuito
7,10000.0,13,1.0,2,3,1,1,0,0,1,0,1,0,0,0,0,medio_alto
3,10000.0,16,0.6875,8,2,1,1,0,0,0,1,1,0,0,0,0,medio_baixo
4,0.0,0,0.0,0,0,1,0,0,0,0,0,0,0,0,0,0,gratuito
2,10000.0,12,0.75,2,3,1,0,0,0,1,1,0,1,0,0,0,medio_alto
7,10000.0,5,0.6,1,2,1,0,0,0,1,0,0,0,0,1,0,medio_alto
8,10000.0,26,0.8461538461538461,2,2,1,0,0,0,1,0,0,0,0,1,0,medio_alto
9,35000.0,93,0.8279569892473119,2,3,1,0,0,1,1,1,1,0,0,0,0,medio_alto
5,10000.0,6,0.8333333333333334,4,1,1,0,0,0,0,0,0,1,0,0,0,alto
12,350000.0,9030,0.7909191583610188,7,2,1,0,0,54,0,1,0,0,0,0,1,alto
3,0.0,0,0.0,1,5,1,0,0,0,1,1,0,1,0,0,0,gratuito
2,0.0,0,0.0,0,0,1,0,0,0,0,0,0,0,0,0,0,gratuito
3,10000.0,0,0.0,103,6,1,0,0,0,1,1,1,1,0,0,1,medio_baixo
10,75000.0,1064,0.9163533834586466,7,2,1,1,0,1,0,1,0,0,0,1,0,medio_baixo
8,150000.0,1959,0.7575293517100562,4,1,1,0,0,0,0,0,1,0,0,0,0,alto
5,10000.0,12,0.8333333333333334,3,3,1,0,0,0,1,0,0,0,0,1,1,alto
2,10000.0,0,0.0,1,3,1,0,0,0,1,0,0,1,0,0,1,medio_alto
1,0.0,0,0.0,10,3,1,0,0,0,1,0,1,0,0,0,0,gratuito
1,10000.0,4,0.0,10,4,1,0,0,0,1,1,1,0,1,0,0,alto
2,10000.0,6,1.0,1,3,1,0,0,0,1,0,0,1,0,0,1,baixo
5,35000.0,493,0.8275862068965517,2,1,1,0,0,1,0,0,0,0,1,0,0,medio_alto
12,10000.0,84,0.6904761904761905,1,3,1,1,1,1,1,1,1,0,0,0,0,baixo
1,150000.0,391,0.9360613810741688,5,5,1,1,0,1,1,0,1,0,1,1,1,medio_baixo
9,10000.0,33,0.7272727272727273,1,3,1,0,0,0,0,0,0,1,0,0,0,alto
2,10000.0,2,1.0,1,4,1,0,0,0,1,1,1,1,0,0,0,medio_baixo
3,10000.0,7,1.0,1,1,1,0,0,0,0,0,0,0,1,0,0,medio_alto
7,10000.0,9,0.8888888888888888,1,3,1,0,0,0,1,0,0,0,0,0,0,baixo
6,75000.0,8,0.625,1,1,1,0,0,0,0,1,0,0,0,0,0,medio_baixo
2,10000.0,2,1.0,1,2,1,0,0,0,0,1,0,0,0,1,0,baixo
1,0.0,0,0.0,2,2,1,0,0,0,1,0,0,0,0,0,1,medio_baixo
6,10000.0,69,0.5652173913043478,1,6,1,0,0,0,1,1,0,1,0,1,1,gratuito
1,0.0,0,0.0,3,2,1,1,0,0,0,0,1,1,0,0,0,alto
6,75000.0,109,0.5688073394495413,1,3,1,0,0,0,0,0,0,0,0,1,1,gratuito
1,10000.0,0,0.0,8,2,1,0,0,1,0,0,1,1,0,0,0,medio_baixo
17,750000.0,2780,0.8647482014388489,1,1,1,0,0,0,0,1,0,0,0,0,0,medio_baixo
1,10000.0,0,0.0,4,4,1,0,0,0,1,1,0,0,1,0,1,alto
10,75000.0,573,0.8481675392670157,1,2,1,0,0,1,0,0,0,0,1,0,0,gratuito
1,10000.0,0,0.0,1,3,1,0,0,0,1,0,0,1,0,1,0,baixo
5,10000.0,11,1.0,2,2,1,0,0,0,1,1,0,0,0,0,0,baixo
2,350000.0,1420,0.9908450704225352,4,2,1,0,0,1,1,1,0,0,0,0,0,alto
1,10000.0,0,0.0,2,3,1,0,0,0,1,0,0,1,0,1,0,baixo
3,10000.0,27,1.0,2,3,1,0,0,0,1,1,0,1,0,0,0,medio_baixo
4,10000.0,32,0.90625,2,3,1,0,0,0,1,1,1,0,0,0,0,gratuito
2,10000.0,0,0.0,5,2,1,0,0,0,0,1,0,0,0,0,1,alto
3,10000.0,11,0.5454545454545454,1,3,1,0,0,0,1,0,0,1,0,0,1,gratuito
1,10000.0,0,0.0,3,4,1,0,0,0,1,0,1,1,0,0,0,alto
1,10000.0,0,0.0,1,1,1,0,0,1,0,0,1,0,0,0,0,medio_baixo
2,150000.0,349,0.8882521489971347,1,2,1,0,0,0,0,0,0,0,1,1,0,medio_baixo
9,75000.0,730,0.910958904109589,1,3,1,1,1,1,0,0,1,1,0,0,0,gratuito
7,350000.0,1930,0.7290155440414507,7,4,1,1,0,1,1,0,0,0,1,1,1,medio_baixo
6,10000.0,9,0.5555555555555556,1,2,1,0,0,0,0,0,0,1,0,1,0,medio_baixo
1,10000.0,39,0.8205128205128205,11,4,1,0,0,0,1,1,1,0,1,0,0,alto
2,0.0,0,0.0,0,0,1,0,0,0,0,0,0,0,0,0,0,gratuito
4,10000.0,0,0.0,3,1,1,0,0,1,0,0,0,0,1,0,0,medio_alto
7,10000.0,22,1.0,8,3,1,1,0,0,1,0,1,1,0,0,0,medio_baixo
6,35000.0,1,0.0,7,2,1,0,0,1,0,1,1,0,0,0,0,medio_alto
5,10000.0,7,0.8571428571428571,1,2,1,0,0,1,1,1,0,0,0,0,0,medio_baixo
7,10000.0,0,0.0,1,3,1,0,0,0,1,0,0,0,0,0,0,medio_baixo
3,75000.0,168,0.9345238095238095,6,3,1,0,0,0,1,1,1,0,0,0,0,medio_alto
3,10000.0,1,1.0,2,2,1,0,0,0,0,1,0,1,0,0,0,medio_baixo
2,10000.0,12,1.0,12,4,1,1,1,0,1,1,0,1,0,0,0,alto
10,75000.0,255,0.5333333333333333,1,5,1,0,0,26,1,1,1,0,1,0,0,baixo
4,35000.0,191,0.9581151832460733,3,2,1,0,1,0,0,1,0,1,0,0,0,medio_baixo
1,10000.0,4,1.0,2,4,1,0,0,1,1,1,1,1,0,0,0,alto
16,3500000.0,22090,0.9241285649615211,8,3,1,0,0,3,0,1,0,0,0,1,1,medio_alto
3,10000.0,81,0.9506172839506173,6,4,1,0,0,0,1,0,0,1,0,1,1,medio_alto
7,10000.0,77,0.4805194805194805,5,3,1,0,0,0,1,0,0,0,0,1,1,medio_alto
3,10000.0,5,0.6,1,5,1,0,0,2,1,1,1,0,1,0,0,gratuito
2,0.0,0,0.0,103,2,1,0,0,0,1,0,0,1,0,0,0,baixo
3,10000.0,0,0.0,2,2,1,0,0,0,0,0,0,1,0,0,1,medio_alto
4,10000.0,0,0.0,1,1,1,0,0,0,0,0,0,0,0,0,0,gratuito
3,10000.0,63,0.9523809523809523,1,2,1,0,0,0,1,0,1,0,0,0,0,alto
4,10000.0,0,0.0,1,3,1,0,0,0,1,0,1,0,0,0,1,baixo
6,10000.0,2,1.0,1,3,1,1,0,0,1,0,0,1,0,1,0,alto
4,10000.0,245,0.9142857142857143,4,2,1,0,0,1,1,0,1,0,0,0,0,medio_baixo
2,0.0,0,0.0,1,3,1,0,0,0,0,1,1,0,0,0,0,gratuito
2,10000.0,19,0.6842105263157895,9,2,1,0,0,0,1,0,0,0,0,0,1,baixo
1,10000.0,332,0.9487951807228916,4,2,1,1,0,1,1,0,1,0,0,0,0,medio_alto
5,10000.0,297,0.6936026936026936,11,1,1,0,0,0,0,1,0,0,0,0,0,baixo
4,10000.0,11,0.9090909090909091,1,3,1,0,0,0,1,1,1,0,0,0,0,medio_baixo
5,75000.0,15,0.4,1,2,1,0,0,0,1,1,0,0,0,0,0,medio_baixo
5,0.0,0,0.0,1,3,1,0,0,0,1,0,1,1,0,0,0,gratuito
2,75000.0,429,0.7132867132867133,10,2,1,1,1,1,1,0,0,0,0,1,0,alto
5,10000.0,55,0.9454545454545454,1,3,1,0,0,0,1,0,1,1,0,0,0,medio_alto
2,0.0,0,0.0,1,3,1,1,0,0,1,0,0,1,0,0,0,gratuito
5,10000.0,22,1.0,2,3,1,0,0,0,1,1,0,1,0,0,0,medio_alto
2,10000.0,131,0.9312977099236641,3,1,1,1,1,0,0,0,0,0,0,1,0,alto
9,10000.0,33,0.7575757575757576,2,3,1,1,0,0,1,0,1,0,0,0,1,medio_alto
3,10000.0,26,0.6538461538461539,1,4,1,0,0,0,1,1,0,1,0,1,0,medio_baixo
1,0.0,0,0.0,0,0,1,0,0,0,0,0,0,0,0,0,0,gratuito
9,350000.0,2418,0.8552522746071133,5,2,1,0,0,5,0,0,0,1,0,1,0,medio_baixo
3,35000.0,8,0.875,1,3,1,0,0,0,1,1,0,0,1,0,0,medio_baixo
3,10000.0,0,0.0,2,2,1,0,0,0,1,0,0,1,0,0,0,medio_alto
7,10000.0,25,0.8,2,6,1,0,0,0,1,1,1,0,1,1,0,medio_alto
2,75000.0,2,1.0,1,1,1,0,0,0,0,0,0,0,0,1,0,medio_alto
10,350000.0,451,0.7782705099778271,2,2,1,0,0,0,1,0,1,0,0,0,0,baixo
2,0.0,0,0.0,0,0,1,0,0,0,0,0,0,0,0,0,0,gratuito
1,0.0,0,0.0,1,2,1,0,0,0,0,1,0,0,0,0,0,alto
4,10000.0,43,0.7441860465116279,4,5,1,0,0,0,1,1,0,0,1,1,0,gratuito
2,10000.0,9,0.2222222222222222,10,3,1,0,0,0,1,0,0,1,0,1,0,medio_alto
3,10000.0,2,0.0,2,5,1,0,0,0,1,1,1,0,0,0,1,medio_baixo
9,10000.0,14,1.0,1,1,1,0,0,0,0,0,0,0,0,0,1,medio_alto
1,75000.0,3,1.0,4,4,1,0,0,0,1,1,0,1,0,1,0,baixo
5,10000.0,0,0.0,13,2,1,0,0,0,0,1,0,1,0,0,0,baixo
11,10000.0,104,0.10576923076923077,1,1,1,1,0,0,0,0,0,0,0,1,0,medio_alto
11,35000.0,174,0.28160919540229884,1,4,1,0,0,0,1,1,0,0,1,0,1,baixo
9,10000.0,0,0.0,1,1,0,1,0,0,0,0,0,0,0,0,0,alto
2,10000.0,6,0.8333333333333334,1,2,1,0,1,0,1,1,0,0,0,0,0,medio_alto
1,10000.0,0,0.0,1,2,1,1,0,0,1,0,0,0,0,1,0,medio_alto
5,10000.0,0,0.0,1,2,1,0,0,1,0,0,1,0,0,0,1,alto
1,0.0,0,0.0,1,7,1,0,0,0,1,1,0,1,0,1,0,gratuito
1,10000.0,0,0.0,11,2,1,0,0,0,0,0,1,0,1,0,0,alto
5,35000.0,305,0.898360655737705,3,3,1,0,0,0,1,0,1,0,1,0,0,medio_alto
5,10000.0,48,0.9166666666666666,7,3,1,0,0,0,1,1,1,0,0,0,0,alto
1,10000.0,230,0.8478260869565217,10,3,1,0,0,0,1,0,1,0,1,0,0,medio_alto
5,350000.0,3053,0.7929905011464133,11,2,1,0,0,4,0,0,0,0,1,1,0,medio_alto
11,350000.0,2924,0.8276333789329685,1,3,1,1,0,18,1,0,0,1,0,0,0,gratuito
1,10000.0,1,1.0,1,3,1,0,0,0,1,0,0,0,0,1,0,medio_baixo
2,35000.0,6,0.3333333333333333,9,1,1,0,0,0,0,1,0,0,0,0,0,baixo
6,10000.0,0,0.0,2,5,1,0,0,0,1,0,0,1,1,1,1,medio_baixo
2,0.0,0,0.0,0,0,1,0,0,0,0,0,0,0,0,0,0,gratuito
4,10000.0,0,0.0,1,4,1,0,0,0,1,0,0,1,0,0,1,medio_baixo
3,10000.0,371,0.9164420485175202,4,3,1,0,0,1,1,0,1,1,0,0,0,alto
9,10000.0,1,0.0,1,1,1,0,0,0,0,0,0,0,0,0,0,gratuito
3,0.0,0,0.0,3,3,1,0,0,3,1,0,0,0,0,0,1,gratuito
6,150000.0,1443,0.8343728343728344,12,5,1,0,0,2,0,1,0,0,1,0,1,medio_alto
5,10000.0,4,0.75,1,1,1,0,0,0,0,0,0,0,1,0,0,medio_baixo
4,10000.0,29,0.9655172413793104,8,3,1,0,0,1,1,0,0,1,0,1,0,baixo
11,35000.0,293,0.5733788395904437,6,2,1,0,0,0,1,0,0,0,1,0,0,alto
3,10000.0,3,0.6666666666666666,2,2,1,0,0,0,0,0,0,0,0,0,0,medio_baixo
3,0.0,0,0.0,1,3,1,0,0,0,1,1,1,0,0,0,0,gratuito
4,35000.0,106,0.7075471698113207,7,3,1,0,0,2,0,0,1,0,1,1,0,medio_alto
5,35000.0,9,0.3333333333333333,1,3,1,0,0,0,1,1,1,0,0,0,0,medio_alto
1,0.0,0,0.0,0,0,1,0,0,0,0,0,0,0,0,0,0,gratuito
12,35000.0,139,0.6690647482014388,3,2,1,0,0,0,0,0,1,1,0,0,0,baixo
3,350000.0,4903,0.9602284315725066,15,4,1,1,1,0,1,0,0,1,0,0,1,medio_alto
10,10000.0,4,0.25,1,6,1,1,1,0,1,1,1,1,1,0,0,baixo
3,35000.0,6,1.0,1,1,1,0,0,0,1,0,0,0,0,0,0,gratuito
1,10000.0,41,0.9512195121951219,1,3,1,0,0,0,1,0,0,1,0,0,1,medio_baixo
6,10000.0,1,1.0,1,2,1,1,0,0,1,1,0,0,0,0,0,alto
2,10000.0,141,0.425531914893617,8,3,1,0,0,0,0,0,0,0,0,1,1,alto
3,10000.0,272,0.8088235294117647,1,3,1,0,0,0,1,0,1,1,0,0,0,baixo
1,0.0,0,0.0,1,3,1,0,0,0,1,1,1,0,0,0,0,medio_baixo
7,10000.0,2,0.5,1,2,1,0,0,0,1,0,0,0,0,1,0,baixo
13,10000.0,47,0.574468085106383,1,3,1,0,0,0,1,0,0,1,0,1,0,baixo
1,10000.0,0,0.0,1,2,1,0,0,0,0,0,1,0,0,1,0,alto
1,10000.0,0,0.0,1,3,1,0,0,0,1,0,0,0,0,1,1,baixo
2,150000.0,294,0.6904761904761905,12,6,1,0,0,1,1,1,1,1,1,0,0,baixo
2,35000.0,9,0.7777777777777778,1,1,1,0,0,0,0,0,1,0,0,0,0,medio_alto
6,10000.0,66,0.803030303030303,1,2,1,0,0,0,1,1,0,0,0,0,0,medio_baixo
1,35000.0,1,1.0,2,3,1,0,0,0,1,0,1,0,0,0,0,baixo
1,0.0,0,0.0,9,2,1,1,1,0,1,0,0,1,0,0,0,baixo
9,150000.0,194,0.6701030927835051,1,0,1,1,1,0,0,0,0,0,0,0,0,baixo
2,10000.0,1,1.0,1,3,1,0,0,0,1,1,0,1,0,0,0,medio_baixo
10,10000.0,16,0.875,1,4,1,0,0,0,1,0,1,1,1,0,0,medio_baixo
2,0.0,0,0.0,1,3,1,0,1,0,1,0,0,1,0,0,0,gratuito
9,10000.0,23,0.8260869565217391,1,4,1,1,1,1,1,0,0,1,0,0,1,medio_baixo
2,0.0,0,0.0,30,3,1,1,1,0,0,1,1,1,0,0,0,medio_alto
2,0.0,0,0.0,0,0,1,0,0,0,0,0,0,0,0,0,0,gratuito
8,10000.0,20,0.8,1,5,1,0,0,0,1,1,1,1,0,0,1,medio_alto
7,35000.0,34,0.8235294117647058,1,2,1,0,0,1,1,1,0,0,0,0,0,baixo
11,1500000.0,25116,0.957676381589425,11,3,1,1,1,14,1,1,0,0,1,0,0,medio_baixo
4,10000.0,0,0.0,1,5,1,1,0,0,1,1,1,1,0,0,1,baixo
9,75000.0,8,0.125,1,5,1,0,0,2,1,0,1,1,0,1,0,baixo
1,0.0,0,0.0,103,5,1,0,0,0,1,1,1,1,0,0,0,gratuito
10,75000.0,286,0.8426573426573427,2,2,1,0,0,0,0,0,0,1,0,1,0,alto
3,10000.0,0,0.0,6,2,1,0,0,0,0,1,0,1,0,0,0,medio_alto
8,10000.0,29,0.9655172413793104,1,2,1,1,0,0,1,1,0,0,0,0,0,medio_baixo
3,0.0,0,0.0,103,9,1,1,1,0,1,1,1,1,1,1,1,alto
2,10000.0,0,0.0,1,3,1,0,0,0,1,0,0,1,0,0,1,alto
4,10000.0,76,0.9868421052631579,12,3,1,1,0,0,1,1,0,1,0,0,0,medio_baixo
4,0.0,0,0.0,0,0,1,0,0,0,0,0,0,0,0,0,0,gratuito
8,10000.0,30,0.7333333333333333,7,2,1,1,0,0,1,1,0,0,0,0,0,alto
1,0.0,0,0.0,1,2,1,0,0,0,0,0,0,0,0,0,1,medio_baixo
14,350000.0,943,0.440084835630965,1,1,1,0,0,0,0,0,0,0,0,1,0,medio_alto
10,10000.0,9,0.2222222222222222,1,4,1,0,0,0,1,1,1,0,1,0,0,medio_baixo
9,35000.0,230,0.7869565217391304,9,2,1,1,1,0,0,0,1,1,0,0,0,medio_alto
3,10000.0,115,0.9391304347826087,7,5,1,0,0,0,0,0,0,0,0,0,0,alto
1,0.0,0,0.0,0,0,1,0,0,0,0,0,0,0,0,0,0,gratuito
3,10000.0,0,0.0,1,1,1,0,0,0,0,1,0,0,0,0,0,medio_baixo
4,10000.0,2,1.0,1,3,1,0,0,0,1,0,1,1,0,0,0,medio_alto
7,10000.0,16,0.6875,1,4,1,0,0,0,1,1,1,0,1,0,0,baixo
8,10000.0,38,0.9473684210526315,6,4,1,0,0,0,0,0,1,1,0,1,1,medio_baixo
8,10000.0,21,0.9523809523809523,1,2,1,0,0,0,1,1,0,0,0,0,0,medio_alto
7,10000.0,15,0.7333333333333333,6,4,1,0,0,1,1,0,0,0,0,0,1,medio_baixo
1,10000.0,3,0.6666666666666666,6,3,1,0,0,0,1,1,0,0,1,0,0,baixo
4,10000.0,0,0.0,1,4,1,0,1,1,1,0,0,0,1,1,0,gratuito
4,10000.0,0,0.0,4,1,1,1,0,0,0,0,0,0,1,0,0,alto
8,750000.0,2281,0.7750986409469531,7,6,1,1,1,0,0,1,0,0,0,1,0,gratuito
4,10000.0,20,0.9,5,1,1,0,0,0,0,0,0,1,0,0,0,medio_baixo
2,10000.0,5,0.8,1,6,1,1,1,0,1,1,1,1,0,1,0,alto
3,0.0,0,0.0,0,0,1,0,0,0,0,0,0,0,0,0,0,gratuito
7,10000.0,0,0.0,1,1,1,0,0,0,0,1,0,0,0,0,0,medio_baixo
10,750000.0,384,0.3880208333333333,1,2,1,0,0,0,0,0,0,1,0,0,0,baixo
3,10000.0,158,0.7911392405063291,12,4,1,0,1,1,1,1,0,1,1,0,0,medio_alto
2,0.0,0,0.0,1,1,1,0,0,0,0,0,0,0,0,0,0,gratuito
1,10000.0,0,0.0,1,4,1,1,0,0,1,1,1,0,0,1,0,medio_alto
9,35000.0,90,0.5777777777777777,1,5,1,0,0,0,1,1,0,0,0,1,0,gratuito
5,35000.0,87,0.5632183908045977,2,4,1,1,1,0,1,0,0,1,0,1,0,gratuito
4,350000.0,124,0.9032258064516129,1,7,1,0,0,0,0,1,1,0,1,1,1,alto
1,0.0,0,0.0,0,0,1,0,0,0,0,0,0,0,0,0,0,gratuito
8,10000.0,31,0.6451612903225806,1,4,1,1,1,0,1,0,0,1,0,0,0,gratuito
4,10000.0,14,0.7857142857142857,16,1,1,0,0,0,0,0,0,0,0,0,1,alto
5,10000.0,10,0.3,1,2,1,1,0,3,0,0,0,1,0,0,1,medio_alto
5,10000.0,0,0.0,1,2,1,0,1,0,0,0,0,1,0,0,0,medio_baixo
3,10000.0,18,0.9444444444444444,1,2,1,0,1,0,0,1,1,0,0,0,0,medio_baixo
1,10000.0,0,0.0,13,1,1,0,0,1,0,0,0,0,0,1,0,alto
9,10000.0,11,0.9090909090909091,1,3,1,1,0,0,1,0,0,1,0,0,0,baixo
2,0.0,0,0.0,0,0,1,0,0,0,0,0,0,0,0,0,0,gratuito
2,0.0,0,0.0,0,0,1,0,0,0,0,0,0,0,0,0,0,gratuito
9,10000.0,242,0.512396694214876,1,3,1,1,1,0,1,1,0,0,0,0,1,baixo
5,75000.0,17,0.6470588235294118,11,3,1,0,0,0,1,1,0,1,0,0,0,medio_baixo
2,10000.0,16,0.6875,2,4,1,0,0,0,1,1,1,0,0,0,0,alto
5,10000.0,135,0.8074074074074075,1,1,1,1,0,0,0,0,0,1,0,0,0,medio_baixo
9,350000.0,302,0.44370860927152317,1,4,1,0,0,0,1,1,1,1,0,0,0,baixo
1,10000.0,0,0.0,4,3,1,0,0,0,1,1,1,0,0,0,0,medio_baixo
3,0.0,0,0.0,13,4,1,0,0,0,1,1,0,1,0,1,0,gratuito
3,10000.0,4,0.25,12,3,1,0,0,0,1,1,0,1,0,0,0,medio_baixo
2,10000.0,24,0.7083333333333334,103,6,1,0,0,0,0,1,1,1,0,1,1,baixo
1,75000.0,839,0.8224076281287247,13,5,1,0,0,1,1,1,1,0,0,1,1,alto
4,0.0,0,0.0,1,3,1,0,0,0,1,1,0,0,0,0,0,gratuito
9,10000.0,4,0.0,1,3,1,0,0,0,1,1,0,1,0,0,0,baixo
6,10000.0,50,0.86,2,1,1,0,0,2,0,1,0,0,0,0,0,gratuito
7,10000.0,35,0.6571428571428571,3,4,1,0,0,0,1,1,0,1,0,1,0,medio_alto
3,10000.0,0,0.0,3,3,1,0,0,0,1,0,1,1,0,0,0,baixo
4,10000.0,0,0.0,1,2,1,0,0,0,1,1,0,0,0,0,0,gratuito
3,10000.0,20,0.45,2,4,1,0,0,0,1,0,1,0,0,1,0,medio_alto
1,0.0,0,0.0,0,0,1,0,0,0,0,0,0,0,0,0,0,gratuito
1,10000.0,0,0.0,1,2,1,0,0,0,1,0,0,0,0,0,0,alto
6,10000.0,26,1.0,1,1,1,0,0,0,0,1,0,0,0,0,0,medio_alto
11,35000.0,258,0.7170542635658915,5,2,1,1,0,0,1,0,0,1,0,0,0,baixo
11,10000.0,41,0.7317073170731707,3,4,1,0,0,0,1,0,0,1,0,1,1,baixo
2,10000.0,1,1.0,2,5,1,0,0,0,1,1,1,0,1,1,0,alto
8,10000.0,35,0.8285714285714286,6,4,1,0,0,0,0,1,1,1,0,0,1,baixo
3,10000.0,35,0.6285714285714286,1,1,1,0,0,0,1,0,0,0,0,0,0,medio_alto
1,10000.0,2,1.0,1,1,1,0,0,0,1,0,0,0,0,0,0,baixo
3,10000.0,0,0.0,1,3,1,0,0,0,1,0,0,1,0,0,0,alto
11,10000.0,66,0.3484848484848485,5,4,1,0,0,1,1,1,0,0,0,1,1,medio_baixo
2,10000.0,0,0.0,1,1,1,0,0,0,0,0,1,0,0,0,0,baixo
3,10000.0,0,0.0,13,3,1,0,0,0,1,0,1,1,0,0,0,medio_baixo
2,0.0,0,0.0,0,0,1,0,0,0,0,0,0,0,0,0,0,gratuito
3,10000.0,1,1.0,2,4,1,0,0,0,1,0,1,0,1,1,0,medio_alto
8,10000.0,4,1.0,1,2,1,0,0,0,0,0,1,1,0,0,0,medio_alto
1,10000.0,0,0.0,1,1,1,0,0,0,0,1,0,0,0,0,0,medio_baixo
1,10000.0,0,0.0,4,2,1,0,0,0,1,0,1,0,0,0,0,medio_alto
4,10000.0,14,0.5714285714285714,2,4,1,0,0,0,1,1,0,1,0,0,0,baixo
5,10000.0,3,0.0,1,5,1,0,0,0,1,1,1,1,0,0,0,baixo
8,10000.0,48,0.9166666666666666,1,3,1,0,0,0,1,0,0,0,1,1,0,baixo
2,10000.0,5,1.0,1,3,1,0,0,0,1,1,0,0,0,1,0,baixo
6,10000.0,3,0.6666666666666666,1,3,1,0,0,0,1,0,0,1,0,0,1,medio_alto
7,10000.0,0,0.0,1,3,1,0,1,0,1,1,0,0,0,0,0,medio_alto
11,10000.0,53,0.5471698113207547,7,3,1,0,0,0,1,1,0,0,0,0,0,alto
8,35000.0,858,0.9708624708624709,11,3,1,1,1,0,1,1,0,1,0,0,0,baixo
2,0.0,0,0.0,1,2,1,0,0,2,1,0,0,1,0,0,0,gratuito
8,10000.0,1,0.0,1,4,1,0,0,0,1,0,1,1,0,1,0,medio_baixo
6,35000.0,8,0.625,1,4,1,0,0,0,1,1,1,1,0,0,0,baixo
3,10000.0,6,1.0,2,4,1,0,0,0,1,1,1,0,1,0,0,medio_baixo
12,10000.0,71,0.5211267605633803,5,3,1,0,0,0,1,1,1,0,0,0,0,baixo
4,10000.0,3,0.6666666666666666,1,3,1,0,0,0,0,0,0,0,0,0,0,medio_alto
8,10000.0,30,0.36666666666666664,1,3,1,0,0,0,1,0,1,1,0,0,0,baixo
7,10000.0,9,0.8888888888888888,1,2,1,0,0,0,1,1,0,0,0,0,0,medio_alto
5,10000.0,6,0.6666666666666666,3,4,1,0,0,0,1,1,0,1,0,0,1,medio_alto
9,35000.0,201,0.9253731343283582,1,1,1,0,0,1,0,0,1,0,0,0,0,alto
1,10000.0,0,0.0,1,1,1,0,0,0,0,1,0,0,0,0,0,alto
1,10000.0,11,1.0,1,2,1,0,0,0,1,0,0,1,0,0,0,medio_baixo
4,10000.0,18,0.9444444444444444,1,4,1,0,0,0,1,0,1,0,1,1,0,medio_baixo
4,10000.0,22,0.8636363636363636,1,3,1,0,0,1,1,0,1,1,0,0,0,baixo
3,10000.0,32,0.90625,1,3,1,0,0,1,1,0,1,1,0,0,0,medio_baixo
9,75000.0,520,0.5557692307692308,5,1,1,0,0,0,0,0,1,0,0,0,0,medio_alto
2,10000.0,5,1.0,1,2,1,0,0,0,1,0,0,1,0,0,0,baixo
4,7500000.0,194830,0.7910588718369861,17,3,1,0,0,15,0,1,1,0,1,0,0,alto
1,10000.0,0,0.0,10,3,1,0,0,0,0,1,1,0,1,0,0,alto
4,35000.0,37,0.972972972972973,9,3,1,0,0,0,1,1,0,1,0,0,0,medio_baixo
5,150000.0,16,0.8125,8,5,1,0,0,0,1,1,1,1,1,0,0,gratuito
8,10000.0,21,0.8095238095238095,2,1,1,0,0,0,0,0,1,0,0,0,0,medio_alto
1,0.0,0,0.0,103,9,1,1,1,0,1,1,1,1,1,1,1,alto
4,35000.0,22,0.45454545454545453,1,2,1,0,0,0,1,0,1,0,0,0,0,alto
5,10000.0,100,0.82,1,5,1,0,0,0,1,1,1,1,0,1,0,medio_alto
4,10000.0,48,0.7083333333333334,1,5,1,0,0,0,1,0,1,1,1,1,0,baixo
1,10000.0,0,0.0,2,4,1,1,1,0,1,0,0,1,0,1,1,medio_alto
1,0.0,0,0.0,0,0,1,0,0,0,0,0,0,0,0,0,0,gratuito
4,10000.0,71,0.704225352112676,5,2,1,0,0,0,1,0,1,0,0,0,0,baixo
7,350000.0,1362,0.7444933920704846,1,3,1,0,0,0,0,0,0,1,0,0,0,gratuito
5,10000.0,0,0.0,1,3,1,0,0,0,0,0,0,1,0,0,1,alto
4,10000.0,0,0.0,1,2,1,0,0,0,1,0,1,0,0,0,0,baixo
7,10000.0,23,0.6086956521739131,8,4,1,0,0,0,1,1,1,1,0,0,0,baixo
2,10000.0,64,0.96875,16,2,1,0,0,0,1,0,1,0,0,0,0,alto
3,0.0,0,0.0,103,1,1,0,0,0,0,0,0,1,0,0,0,medio_baixo
1,10000.0,0,0.0,1,4,1,0,0,0,0,1,1,0,1,0,0,alto
12,150000.0,1244,0.8030546623794212,1,3,1,0,0,0,1,0,1,0,1,0,0,baixo
2,10000.0,0,0.0,1,2,1,0,0,0,0,1,1,0,0,0,0,gratuito
7,35000.0,12,0.9166666666666666,1,2,1,0,0,0,0,0,1,0,0,1,0,medio_baixo
8,10000.0,7,0.5714285714285714,1,2,1,1,1,0,1,0,0,0,1,0,0,medio_alto
2,10000.0,226,0.9646017699115044,7,3,1,0,0,0,1,1,0,1,0,0,0,medio_alto
5,10000.0,114,0.6140350877192983,10,3,1,0,0,0,1,0,0,1,0,0,1,medio_baixo
7,10000.0,0,0.0,3,2,1,0,0,2,1,0,0,1,0,0,0,baixo
5,0.0,0,0.0,0,0,1,0,0,0,0,0,0,0,0,0,0,gratuito
6,10000.0,16,0.75,1,2,1,1,0,0,1,0,1,0,0,0,0,baixo
3,0.0,0,0.0,1,3,1,1,0,0,1,1,0,1,0,0,0,gratuito
8,350000.0,3612,0.89562569213732,12,1,1,1,0,2,0,0,0,0,0,1,0,alto
1,0.0,0,0.0,0,0,1,0,0,0,0,0,0,0,0,0,0,gratuito
6,10000.0,0,0.0,1,5,1,0,0,2,1,0,0,1,1,0,1,gratuito
5,35000.0,9,0.3333333333333333,6,3,1,0,0,0,1,1,1,0,0,0,0,baixo
9,10000.0,2,1.0,1,3,1,1,1,0,1,0,0,1,0,0,1,medio_baixo
9,150000.0,112,0.5892857142857143,1,3,1,0,0,0,1,0,1,0,0,0,0,baixo
7,35000.0,97,0.7422680412371134,1,6,1,0,0,0,1,1,1,1,0,1,0,gratuito
6,10000.0,83,0.891566265060241,2,4,1,0,0,0,1,1,0,0,1,0,1,baixo
5,10000.0,63,0.7142857142857143,1,1,1,0,0,0,1,0,0,0,0,0,0,medio_alto
8,10000.0,7,1.0,1,3,1,0,0,0,1,1,0,0,0,0,0,alto
11,35000.0,449,0.7594654788418709,3,3,1,1,1,1,1,0,0,0,0,1,1,alto
3,10000.0,117,0.7777777777777778,1,3,1,1,0,0,1,0,0,0,1,0,1,medio_alto
2,10000.0,3,1.0,1,2,1,1,0,0,1,1,0,0,0,0,0,baixo
3,0.0,0,0.0,1,4,1,0,0,0,1,0,0,1,0,0,1,gratuito
5,10000.0,1,0.0,1,4,1,0,0,0,1,1,1,0,1,0,0,medio_alto
5,10000.0,0,0.0,1,2,1,0,0,0,1,0,0,1,0,0,0,baixo
2,10000.0,26,0.7307692307692307,9,2,1,0,0,0,0,1,0,0,0,1,0,alto
1,10000.0,0,0.0,1,1,1,0,0,0,0,0,0,1,0,0,0,alto
1,0.0,0,0.0,0,0,1,0,0,0,0,0,0,0,0,0,0,gratuito
2,10000.0,0,0.0,1,2,1,0,0,0,0,0,1,0,1,0,0,baixo
2,10000.0,17,0.8235294117647058,1,3,1,0,0,0,1,0,0,1,0,0,0,gratuito
1,0.0,0,0.0,8,2,1,0,0,0,1,0,1,0,0,0,0,medio_alto
2,10000.0,0,0.0,1,1,1,0,1,0,0,0,1,0,0,0,0,gratuito
1,0.0,0,0.0,0,0,1,0,0,0,0,0,0,0,0,0,0,gratuito
1,10000.0,11,0.7272727272727273,12,2,1,0,0,0,1,1,0,0,0,0,0,medio_alto
6,10000.0,77,0.6233766233766234,12,4,1,0,0,0,1,0,0,1,0,0,1,alto
5,10000.0,2,1.0,1,2,1,0,1,0,1,1,0,0,0,0,0,medio_alto
1,10000.0,0,0.0,30,5,1,1,1,0,1,1,0,1,0,1,1,baixo
2,10000.0,3,0.6666666666666666,3,2,1,0,0,0,0,0,0,1,1,0,0,medio_baixo
2,10000.0,3,1.0,1,3,1,0,1,0,1,1,0,1,0,0,0,medio_baixo
1,0.0,0,0.0,0,0,1,0,0,0,0,0,0,0,0,0,0,gratuito
7,10000.0,0,0.0,1,1,1,0,0,0,1,0,0,0,0,0,0,medio_alto
15,350000.0,526,0.34600760456273766,1,2,1,1,1,6,1,0,0,0,0,0,1,medio_baixo
10,35000.0,632,0.5395569620253164,2,6,1,0,1,0,1,1,1,0,0,0,1,alto
9,10000.0,43,0.813953488372093,1,2,1,0,0,0,1,1,0,0,0,0,0,baixo
9,10000.0,55,0.7454545454545455,1,6,1,0,0,0,1,1,1,1,0,0,1,medio_alto
1,10000.0,0,0.0,3,7,1,1,1,0,1,1,1,1,1,0,0,alto
6,10000.0,24,0.5416666666666666,1,5,1,1,0,1,1,1,1,0,1,0,0,medio_alto
4,10000.0,24,0.7083333333333334,1,1,1,0,0,0,0,0,0,1,0,0,0,baixo
5,10000.0,0,0.0,1,6,1,0,0,0,1,1,1,1,1,0,1,baixo
3,10000.0,1,1.0,1,4,1,0,0,0,1,1,0,1,0,0,1,medio_alto
1,0.0,0,0.0,11,2,1,0,0,0,1,1,0,0,0,0,0,baixo
7,10000.0,60,0.95,1,2,1,0,0,1,1,0,1,0,0,0,0,medio_baixo
4,0.0,0,0.0,0,0,1,0,0,0,0,0,0,0,0,0,0,gratuito
4,10000.0,0,0.0,1,3,1,0,0,0,1,0,1,1,0,0,0,alto
2,10000.0,1,0.0,14,4,1,0,0,0,1,1,0,1,0,1,0,baixo
2,10000.0,5,0.6,1,3,1,0,0,0,1,1,1,0,0,0,0,alto
1,0.0,0,0.0,0,0,1,0,0,0,0,0,0,0,0,0,0,gratuito
1,10000.0,0,0.0,10,2,1,0,0,0,0,1,1,0,0,0,0,alto
1,0.0,0,0.0,1,2,1,0,0,4,0,0,0,1,0,0,0,gratuito
9,10000.0,14,0.8571428571428571,5,2,1,1,1,1,1,1,0,0,0,0,0,medio_baixo
6,35000.0,21,0.6190476190476191,1,2,1,0,0,0,0,0,0,1,0,0,0,gratuito
7,3500000.0,119429,0.9000410285609023,5,3,1,1,0,1,1,1,0,1,0,0,0,baixo
3,10000.0,12,1.0,1,3,1,1,1,0,1,0,0,1,0,1,0,alto
2,0.0,0,0.0,0,0,1,0,0,0,0,0,0,0,0,0,0,gratuito
7,10000.0,0,0.0,103,2,1,0,0,1,1,0,0,1,0,0,0,baixo
2,10000.0,14,0.8571428571428571,2,2,1,0,0,1,0,0,0,0,0,0,0,alto
10,350000.0,5791,0.2505612156795027,9,2,1,0,0,0,0,0,0,0,0,1,1,medio_alto
1,10000.0,0,0.0,7,4,1,0,0,0,1,1,0,0,0,0,1,medio_alto
2,10000.0,2,1.0,8,3,1,0,0,0,1,1,1,0,0,0,0,medio_baixo
2,35000.0,849,0.9528857479387515,10,2,1,0,0,1,1,1,0,0,0,0,0,alto
1,0.0,0,0.0,1,2,1,0,0,0,1,0,0,1,0,0,0,medio_baixo
2,10000.0,0,0.0,8,3,1,0,0,0,1,0,0,1,0,0,1,medio_alto
4,0.0,0,0.0,0,0,1,0,0,0,0,0,0,0,0,0,0,gratuito
10,350000.0,2943,0.8620455317703024,13,5,1,1,1,0,1,1,0,1,0,0,1,gratuito
1,10000.0,44,0.9772727272727273,13,2,1,1,1,1,1,0,0,1,0,0,0,alto
1,10000.0,346,0.630057803468208,1,5,1,0,0,0,1,1,0,1,0,1,1,alto
1,0.0,0,0.0,2,2,1,0,0,0,1,0,1,0,0,0,0,baixo
10,1500000.0,13788,0.7967072816942269,16,2,1,0,0,1,0,1,1,0,0,0,0,medio_baixo
1,10000.0,0,0.0,1,1,1,0,0,0,0,0,0,1,0,0,0,medio_alto
7,10000.0,2,1.0,1,3,1,0,0,0,1,0,1,1,0,0,0,medio_alto
2,10000.0,136,0.8897058823529411,4,3,1,0,0,0,1,0,1,1,0,0,0,medio_baixo
7,10000.0,3,1.0,1,3,1,0,0,0,1,1,0,1,0,0,0,alto
1,0.0,0,0.0,1,4,1,0,0,0,1,0,0,1,0,1,0,gratuito
1,10000.0,0,0.0,1,2,1,0,0,0,1,0,1,0,0,0,0,alto
2,0.0,0,0.0,2,2,1,0,0,0,1,0,0,1,0,0,0,gratuito
6,10000.0,3,1.0,1,1,1,0,0,0,0,1,0,0,0,0,0,baixo
5,35000.0,608,0.8963815789473685,6,4,1,0,0,0,1,1,0,0,0,0,0,baixo
7,35000.0,80,0.9125,7,2,1,1,1,0,1,0,0,1,0,0,0,medio_baixo
6,35000.0,229,0.6681222707423581,29,4,1,1,1,0,1,1,1,0,1,0,0,baixo
2,10000.0,3,1.0,1,4,1,0,0,0,1,0,0,1,0,1,1,medio_baixo
2,10000.0,2,0.5,2,2,1,0,0,0,1,0,1,0,0,0,0,baixo
4,10000.0,12,0.9166666666666666,2,4,1,0,0,1,1,1,0,1,0,1,0,medio_baixo
1,10000.0,0,0.0,1,4,1,0,1,0,1,1,1,1,0,0,0,medio_alto
4,35000.0,7,0.42857142857142855,13,3,1,0,0,0,0,0,0,1,0,1,0,medio_baixo
2,35000.0,2,1.0,5,6,1,0,0,0,1,0,1,1,1,1,0,baixo
9,35000.0,69,0.8260869565217391,1,1,1,0,0,1,0,0,0,0,0,1,0,gratuito
4,10000.0,0,0.0,1,3,1,0,0,0,0,1,0,0,1,0,0,medio_alto
1,10000.0,0,0.0,10,2,1,0,0,0,1,0,0,0,0,1,0,alto
4,10000.0,0,0.0,3,3,1,0,0,0,0,1,1,0,1,0,0,medio_baixo
1,10000.0,0,0.0,1,3,1,0,1,0,1,0,1,0,1,0,0,medio_alto
6,350000.0,2877,0.5630865484880083,8,2,1,0,0,4,0,1,0,0,0,1,0,medio_baixo
5,10000.0,7,1.0,2,2,1,0,0,0,1,0,0,1,0,0,0,gratuito
4,10000.0,11,1.0,7,3,1,0,0,0,0,0,0,0,1,0,0,medio_baixo
4,10000.0,20,1.0,2,5,1,0,0,0,0,1,0,1,1,1,0,alto
10,10000.0,81,0.4074074074074074,1,5,1,0,0,0,1,0,0,0,1,1,1,alto
3,7500000.0,143124,0.8416338280092787,27,3,1,0,0,1,0,1,0,0,0,0,0,alto
9,10000.0,61,0.5245901639344263,1,5,1,1,0,0,1,0,0,1,1,0,0,gratuito
11,75000.0,774,0.8656330749354005,1,4,1,0,0,2,1,0,1,0,1,0,0,gratuito
4,10000.0,51,0.6862745098039216,1,2,1,1,0,0,1,0,1,0,0,0,0,medio_baixo
20,35000.0,84,0.9642857142857143,1,1,1,0,0,0,0,0,0,1,0,0,0,baixo
2,0.0,0,0.0,0,0,1,0,0,0,0,0,0,0,0,0,0,gratuito
4,0.0,0,0.0,1,4,1,1,0,0,0,0,1,1,1,0,0,gratuito
7,10000.0,19,0.5263157894736842,1,3,1,0,0,0,1,1,1,0,0,0,0,baixo
2,0.0,0,0.0,1,4,1,0,0,0,1,0,0,1,0,0,0,gratuito
3,10000.0,8,1.0,1,3,1,0,1,0,1,1,0,1,0,0,0,alto
3,35000.0,3,1.0,1,6,1,0,0,0,1,1,1,1,1,1,0,alto
1,10000.0,0,0.0,1,3,1,0,0,0,1,0,0,1,0,1,0,medio_baixo
3,10000.0,0,0.0,1,2,1,0,0,0,0,0,0,0,0,1,1,baixo
1,10000.0,1,1.0,1,2,1,0,0,0,1,0,1,0,0,0,0,medio_baixo
6,35000.0,10,0.7,1,1,1,0,0,0,0,0,0,0,0,0,0,gratuito
7,10000.0,15,0.8666666666666667,11,5,1,1,1,0,1,1,1,1,0,0,1,medio_alto
2,10000.0,64,0.890625,6,4,1,0,0,0,1,1,0,1,0,1,0,medio_baixo
2,10000.0,10,1.0,7,4,1,1,0,0,1,1,1,0,0,0,0,medio_baixo
1,0.0,0,0.0,52,3,1,0,0,0,1,0,0,1,0,0,1,medio_alto
3,0.0,0,0.0,0,0,1,0,0,0,0,0,0,0,0,0,0,gratuito
6,3500000.0,65666,0.7887491243565925,13,1,1,0,0,0,0,0,0,0,0,0,1,alto
1,0.0,0,0.0,1,5,1,0,0,0,1,1,1,0,1,0,0,alto
2,10000.0,9,0.3333333333333333,16,2,1,0,0,0,0,1,1,0,0,0,0,alto
4,10000.0,166,0.5783132530120482,14,7,1,0,0,14,0,0,0,0,0,0,0,alto
6,10000.0,1,1.0,13,4,1,0,0,0,1,1,1,1,0,0,0,baixo
4,10000.0,1,1.0,5,3,1,0,0,0,1,1,0,1,0,0,0,baixo
3,10000.0,480,0.9125,5,4,1,0,0,0,1,0,0,1,0,1,1,medio_baixo
4,10000.0,7,0.8571428571428571,1,3,1,0,0,0,1,1,0,1,0,0,0,baixo
2,10000.0,5,1.0,1,2,1,0,0,0,1,1,0,0,0,0,0,baixo
1,10000.0,20,1.0,1,3,1,0,0,0,1,0,0,1,1,0,0,medio_baixo
5,0.0,0,0.0,0,0,1,0,0,0,0,0,0,0,0,0,0,gratuito
2,35000.0,65,0.9692307692307692,2,3,1,0,0,0,1,1,0,0,0,0,0,gratuito
7,10000.0,8,0.75,1,2,1,0,0,0,0,1,0,0,0,1,0,medio_baixo
1,10000.0,0,0.0,10,3,1,0,0,0,1,0,0,1,0,1,0,alto
4,10000.0,7,0.5714285714285714,1,1,1,1,0,0,0,0,1,0,0,0,0,baixo
6,35000.0,921,0.6449511400651465,1,6,1,0,0,0,0,1,1,1,1,1,0,medio_alto
4,10000.0,4,0.75,1,3,1,0,0,0,1,1,0,0,0,0,0,baixo
2,35000.0,9,0.3333333333333333,12,2,1,0,0,0,1,0,0,0,0,1,0,medio_baixo
6,35000.0,16,0.75,7,2,1,0,0,3,1,1,0,0,0,0,0,baixo
8,10000.0,83,0.6024096385542169,1,3,1,0,0,0,0,1,0,1,0,0,1,baixo
1,0.0,0,0.0,16,2,1,0,0,0,1,1,0,0,0,0,0,medio_baixo
12,75000.0,537,0.638733705772812,11,2,1,1,1,0,0,0,1,1,0,0,0,baixo
11,75000.0,642,0.838006230529595,12,3,1,1,1,1,1,0,0,0,1,1,0,alto
10,10000.0,3,0.0,1,2,1,0,0,0,0,1,1,0,0,0,0,medio_baixo
5,10000.0,164,0.6829268292682927,6,3,1,0,0,0,1,1,1,0,0,0,0,medio_baixo
1,10000.0,12,1.0,1,3,1,0,0,0,1,1,1,0,0,0,0,alto
4,10000.0,1,1.0,1,3,1,0,0,0,1,0,1,1,0,0,0,baixo
10,10000.0,41,0.6341463414634146,1,4,1,0,0,0,1,1,1,1,0,0,0,medio_baixo
8,10000.0,72,0.4583333333333333,10,1,1,0,0,0,1,0,0,0,0,0,0,baixo
8,10000.0,5,0.8,1,1,1,0,0,0,0,0,0,0,0,0,1,baixo
9,75000.0,749,0.9439252336448598,7,3,1,0,0,1,1,1,1,0,0,0,0,medio_alto
5,10000.0,2,1.0,1,5,1,1,0,0,1,1,0,1,0,0,0,baixo
1,0.0,0,0.0,1,1,1,0,0,0,0,0,0,0,0,0,0,gratuito
9,10000.0,43,0.4883720930232558,1,3,1,0,0,0,1,0,1,1,0,0,0,baixo
10,75000.0,371,0.8867924528301887,10,2,1,0,0,0,0,1,0,1,0,0,0,medio_alto
1,10000.0,0,0.0,4,1,1,0,0,2,0,0,1,0,0,0,0,alto
5,0.0,0,0.0,1,5,1,0,0,0,1,1,1,1,0,0,0,gratuito
9,10000.0,619,0.7964458804523424,18,3,1,1,1,0,1,1,1,0,0,0,0,baixo
1,0.0,0,0.0,3,1,1,0,0,0,0,0,0,0,0,0,0,medio_alto
3,0.0,0,0.0,103,9,1,1,1,0,1,1,1,1,1,1,1,alto
19,150000.0,858,0.7272727272727273,3,1,1,0,0,0,0,0,0,0,0,1,0,medio_baixo
4,10000.0,31,0.9354838709677419,1,2,1,0,0,0,0,0,1,0,1,0,0,baixo
8,75000.0,625,0.848,1,2,1,0,0,0,1,0,0,0,0,0,0,gratuito
5,35000.0,689,0.7474600870827286,4,3,1,0,0,0,0,1,0,0,0,1,1,alto
1,0.0,0,0.0,0,0,1,0,0,0,0,0,0,0,0,0,0,gratuito
2,10000.0,39,0.5897435897435898,1,2,1,0,0,0,1,0,0,1,0,0,0,medio_baixo
4,0.0,0,0.0,1,3,1,1,0,0,0,0,1,1,0,0,0,gratuito
1,10000.0,0,0.0,1,3,1,0,0,0,1,0,0,1,0,1,0,medio_baixo
10,75000.0,318,0.8333333333333334,2,2,1,0,0,0,1,0,0,1,0,0,0,medio_baixo
1,0.0,0,0.0,0,0,1,0,0,0,0,0,0,0,0,0,0,gratuito
7,10000.0,17,0.7647058823529411,1,2,1,0,0,0,1,0,0,0,0,0,0,gratuito
1,10000.0,0,0.0,11,6,1,0,0,0,1,1,0,0,1,1,1,alto
1,10000.0,0,0.0,9,4,1,1,0,0,0,1,0,0,1,1,0,gratuito
1,10000.0,62,0.6451612903225806,1,5,1,0,0,0,1,1,1,0,1,0,0,alto
11,0.0,0,0.0,1,3,1,0,0,0,1,1,0,1,0,0,0,baixo
10,10000.0,27,0.9629629629629629,3,1,1,0,0,0,1,0,0,0,0,0,0,medio_baixo
5,150000.0,1706,0.7936694021101993,16,3,1,0,1,1,1,0,0,0,0,1,1,alto
6,10000.0,4,1.0,1,3,1,1,1,0,1,0,0,1,0,0,0,medio_baixo
4,10000.0,15,0.9333333333333333,1,1,1,0,0,0,0,0,1,0,0,0,0,medio_baixo
1,0.0,0,0.0,1,3,1,0,0,0,1,0,0,0,1,1,0,medio_alto
15,150000.0,570,0.6982456140350877,1,1,1,0,0,0,0,0,0,0,0,1,0,baixo
5,10000.0,0,0.0,1,3,1,0,0,0,1,1,0,0,0,0,0,alto
2,0.0,0,0.0,0,0,1,0,0,0,0,0,0,0,0,0,0,gratuito
2,75000.0,5,0.8,28,2,1,0,0,0,0,1,0,0,0,0,0,medio_baixo
1,10000.0,0,0.0,1,2,1,0,0,0,0,0,1,0,0,1,0,alto
4,35000.0,33,0.7272727272727273,7,4,1,0,0,0,1,1,1,0,1,0,0,medio_alto
2,10000.0,0,0.0,1,4,1,0,0,0,1,1,1,0,0,0,0,alto
2,10000.0,2,1.0,1,3,1,0,0,0,1,1,1,0,0,0,0,baixo
10,10000.0,36,0.5,1,2,1,1,0,0,1,0,0,0,0,1,0,medio_alto
2,10000.0,0,0.0,1,1,1,0,0,0,0,1,0,0,0,0,0,medio_baixo
5,10000.0,1,1.0,1,2,1,0,0,0,1,1,0,0,0,0,0,medio_alto
3,75000.0,21,0.8571428571428571,1,9,1,0,0,0,1,1,1,1,1,1,1,medio_baixo
8,10000.0,1,0.0,1,8,1,0,0,0,0,1,1,0,1,1,1,alto
7,10000.0,12,0.75,1,4,1,0,0,0,1,1,1,0,1,0,0,baixo
2,0.0,0,0.0,1,6,1,0,0,0,1,1,0,1,0,0,0,gratuito
8,10000.0,82,0.43902439024390244,12,3,1,1,0,0,1,0,1,1,0,0,0,medio_baixo
2,10000.0,96,0.6145833333333334,1,3,1,0,0,0,1,0,1,0,0,1,0,alto
4,35000.0,20,0.95,6,4,1,0,0,0,1,1,1,1,0,0,0,baixo
11,350000.0,996,0.7439759036144579,1,5,1,0,0,0,1,1,0,1,0,1,1,baixo
2,10000.0,28,0.6428571428571429,1,2,1,0,0,0,0,1,1,0,0,0,0,baixo
3,10000.0,19,1.0,1,2,1,0,0,0,1,0,0,1,0,0,0,baixo
1,10000.0,155,0.8064516129032258,1,5,1,0,0,0,1,0,1,1,0,0,1,medio_baixo
12,35000.0,350,0.7828571428571428,1,2,1,1,1,0,1,0,1,0,0,0,0,medio_baixo
2,10000.0,4,0.5,1,4,1,0,0,0,1,0,1,1,0,0,1,baixo
8,10000.0,8,0.875,1,3,1,0,0,0,1,1,1,0,0,0,0,medio_baixo
2,10000.0,0,0.0,2,2,1,1,1,0,1,0,1,0,0,0,0,medio_alto
2,10000.0,0,0.0,2,1,1,0,0,0,0,0,0,0,1,0,0,baixo
12,35000.0,148,0.75,1,3,1,0,0,0,1,0,1,1,0,0,0,medio_alto
5,0.0,0,0.0,0,0,1,0,0,0,0,0,0,0,0,0,0,gratuito
6,75000.0,67,0.9104477611940298,1,2,1,1,0,0,1,0,0,1,0,0,0,medio_baixo
4,10000.0,11,0.7272727272727273,1,4,1,0,0,0,0,0,0,0,0,1,1,alto
3,0.0,0,0.0,0,0,1,0,0,0,0,0,0,0,0,0,0,gratuito
9,10000.0,54,0.46296296296296297,1,6,1,0,0,0,1,1,1,0,1,0,1,alto
4,10000.0,60,0.9333333333333333,2,3,1,1,0,0,1,1,1,0,0,0,0,medio_baixo
8,10000.0,22,0.5909090909090909,103,5,1,0,0,0,1,0,1,1,0,1,1,medio_baixo
5,75000.0,3,0.3333333333333333,2,4,1,0,0,0,1,1,1,1,0,0,0,alto
3,10000.0,38,0.9736842105263158,4,3,1,0,0,0,0,0,0,0,0,0,0,medio_alto
2,0.0,0,0.0,0,0,1,0,0,0,0,0,0,0,0,0,0,gratuito
6,150000.0,14,0.7142857142857143,1,4,1,1,0,0,1,0,1,1,0,0,0,gratuito
3,0.0,0,0.0,12,5,1,0,0,0,1,0,1,1,0,0,1,gratuito
11,10000.0,81,0.9629629629629629,2,1,1,0,0,0,0,1,0,0,0,0,0,medio_baixo
10,10000.0,43,0.32558139534883723,6,1,1,0,0,0,0,0,1,0,0,0,0,baixo
3,0.0,0,0.0,1,5,1,1,0,0,1,0,0,1,0,1,1,gratuito
4,10000.0,0,0.0,1,2,1,0,0,0,1,0,1,0,0,0,0,alto
2,10000.0,8,0.875,1,3,1,0,0,0,1,1,1,0,0,0,0,medio_alto
5,10000.0,4,0.75,1,2,1,0,0,0,1,1,0,0,0,0,0,baixo
7,10000.0,216,0.4537037037037037,2,7,1,0,0,0,1,1,1,1,1,0,1,alto
8,10000.0,14,0.7857142857142857,1,1,1,0,0,0,1,0,0,0,0,0,0,medio_baixo
4,10000.0,312,0.9198717948717948,3,3,1,1,1,1,1,1,1,0,0,0,0,medio_alto
7,10000.0,57,0.9122807017543859,1,2,1,0,0,0,0,0,0,0,1,0,0,gratuito
5,75000.0,118,0.711864406779661,1,4,1,0,0,0,1,0,1,0,0,0,1,gratuito
9,10000.0,15,1.0,1,3,1,0,0,0,1,1,0,1,0,0,0,medio_baixo
8,10000.0,21,0.7142857142857143,1,3,1,0,0,0,1,1,0,0,0,1,0,alto
9,150000.0,46,0.8913043478260869,8,2,1,0,0,0,1,0,0,1,0,0,0,baixo
2,10000.0,0,0.0,1,2,1,1,0,1,1,0,0,1,0,0,0,alto
6,35000.0,114,0.5175438596491229,1,5,1,0,0,0,1,0,0,1,0,1,1,medio_baixo
1,0.0,0,0.0,1,2,1,0,1,0,1,1,0,0,0,0,0,baixo
3,0.0,0,0.0,1,2,1,0,0,0,0,0,0,0,0,0,0,gratuito
8,35000.0,20,0.95,1,3,1,0,0,0,1,1,1,0,0,0,0,gratuito
3,10000.0,1,1.0,1,2,1,0,0,0,0,0,0,0,0,0,1,medio_baixo
3,75000.0,392,0.7219387755102041,9,1,1,0,0,1,0,0,0,0,0,1,0,alto
3,35000.0,307,0.8469055374592834,4,4,1,0,0,1,1,0,0,0,1,1,1,medio_alto
3,0.0,0,0.0,2,4,1,0,0,0,1,0,0,1,0,1,0,gratuito
2,10000.0,3,0.6666666666666666,2,3,1,0,0,0,1,0,1,0,0,0,1,alto
4,10000.0,56,0.8928571428571429,3,3,1,1,1,0,1,0,0,0,0,1,1,medio_alto
2,10000.0,52,0.7307692307692307,1,4,1,1,0,0,1,1,0,1,0,0,0,gratuito
4,10000.0,29,0.8275862068965517,9,3,1,1,1,0,1,1,1,0,0,0,0,medio_baixo
4,0.0,0,0.0,1,3,1,0,1,0,1,1,0,0,0,0,0,gratuito
2,10000.0,14,0.8571428571428571,1,4,1,0,0,0,1,0,1,1,0,0,0,baixo
1,10000.0,0,0.0,15,2,1,0,0,2,0,1,1,0,0,0,0,alto
1,10000.0,0,0.0,1,2,1,0,0,1,1,0,0,0,0,0,1,alto
6,35000.0,20,0.95,7,1,1,0,0,0,0,0,0,1,0,0,0,baixo
2,0.0,0,0.0,3,4,1,0,0,0,1,1,0,0,1,0,0,gratuito
9,10000.0,197,0.5025380710659898,1,3,1,1,0,0,1,0,0,0,0,0,1,alto
10,10000.0,20,1.0,1,2,1,0,0,0,0,0,1,1,0,0,0,medio_alto
1,0.0,0,0.0,1,2,1,0,1,0,1,1,0,0,0,0,0,medio_alto
2,10000.0,77,1.0,1,3,1,0,0,0,1,0,1,1,0,0,0,alto
9,10000.0,0,0.0,1,2,1,0,0,0,0,0,0,0,0,0,0,alto
12,350000.0,641,0.6848673946957878,6,3,1,1,0,0,1,0,0,0,1,1,0,baixo
3,10000.0,9,1.0,1,4,1,0,0,0,1,1,1,0,1,0,0,baixo
8,10000.0,2,0.0,11,2,1,0,0,0,0,0,0,0,0,0,0,gratuito
6,10000.0,27,0.5185185185185185,103,5,1,0,0,0,1,0,1,1,0,1,1,baixo
3,10000.0,47,0.9148936170212766,1,2,1,1,0,0,1,0,0,1,0,0,0,medio_alto
5,35000.0,5,0.6,2,2,1,0,0,0,1,0,1,0,0,0,0,medio_baixo
2,10000.0,18,0.8333333333333334,2,1,1,0,0,0,0,0,0,0,1,0,0,medio_baixo
7,10000.0,25,0.84,10,4,1,0,0,0,1,1,0,1,0,0,0,alto
5,10000.0,28,0.8214285714285714,3,4,1,0,0,0,1,0,0,0,0,1,1,medio_alto
5,10000.0,1,0.0,1,2,1,0,0,0,1,1,0,0,0,0,0,medio_baixo
5,0.0,0,0.0,0,0,1,0,0,0,0,0,0,0,0,0,0,gratuito
1,0.0,0,0.0,2,4,1,0,0,0,1,0,1,0,0,0,1,gratuito
2,10000.0,0,0.0,2,4,1,0,0,0,1,1,0,0,0,1,0,gratuito
5,35000.0,16,0.8125,1,6,1,0,0,0,1,1,1,1,1,1,0,medio_baixo
9,10000.0,110,0.9272727272727272,6,4,1,1,0,0,1,1,0,1,0,0,0,medio_alto
5,0.0,0,0.0,1,3,1,0,0,0,0,1,0,0,0,0,0,gratuito
6,750000.0,6778,0.7571555030982591,11,4,1,0,0,2,0,1,0,0,0,1,0,gratuito
1,0.0,0,0.0,1,2,1,0,0,0,1,0,0,1,0,0,0,medio_alto
4,0.0,0,0.0,1,3,1,1,0,0,1,0,1,0,0,0,0,gratuito
1,10000.0,0,0.0,2,1,1,0,0,0,0,0,0,0,1,0,0,medio_baixo
2,10000.0,0,0.0,1,4,1,0,0,0,0,0,0,1,1,0,0,gratuito
7,10000.0,6,1.0,1,2,1,0,0,0,1,1,0,0,0,0,0,medio_baixo
1,10000.0,0,0.0,1,2,1,0,0,0,0,0,0,1,0,0,0,alto
7,10000.0,26,0.4230769230769231,1,4,1,0,0,0,1,1,1,0,0,0,0,gratuito
1,10000.0,5,0.8,10,1,1,0,0,0,0,0,1,0,0,0,0,alto
1,0.0,0,0.0,0,0,1,0,0,0,0,0,0,0,0,0,0,gratuito
1,0.0,0,0.0,0,0,1,0,0,0,0,0,0,0,0,0,0,gratuito
3,10000.0,13,0.9230769230769231,1,3,1,0,0,0,1,1,1,0,0,0,0,alto
11,10000.0,30,0.43333333333333335,1,3,1,1,1,1,1,0,1,1,0,0,0,baixo
2,35000.0,617,0.8687196110210696,5,4,1,1,0,0,1,0,0,1,0,1,1,medio_alto
1,10000.0,0,0.0,2,4,1,0,0,1,1,1,1,0,0,0,0,alto
13,7500000.0,74408,0.8850123642619073,7,3,1,0,0,0,1,1,1,0,0,0,0,gratuito
5,35000.0,18,0.7777777777777778,1,4,1,1,0,0,1,0,1,0,1,0,0,gratuito
4,75000.0,339,0.7640117994100295,1,3,1,0,0,2,1,0,1,0,1,0,0,alto
3,10000.0,45,0.9333333333333333,2,1,1,0,0,1,0,0,1,0,0,0,0,medio_baixo
10,10000.0,5,0.6,1,3,1,0,0,0,1,1,0,0,0,0,0,baixo
5,35000.0,2,1.0,1,3,1,1,1,0,1,1,0,1,0,0,0,medio_baixo
3,10000.0,111,0.9819819819819819,1,3,1,0,1,0,0,1,1,0,0,0,0,medio_alto
6,10000.0,2,1.0,1,3,1,1,1,0,1,1,0,0,0,0,0,baixo
2,10000.0,0,0.0,30,6,1,0,0,3,1,0,1,1,0,1,1,gratuito
1,0.0,0,0.0,0,0,1,0,0,0,0,0,0,0,0,0,0,gratuito
3,10000.0,18,0.8888888888888888,1,5,1,0,0,0,0,1,1,1,0,0,0,alto
2,150000.0,1,1.0,1,1,1,0,0,0,0,0,0,0,0,0,1,alto
8,10000.0,32,0.5625,1,4,1,0,0,0,0,0,0,1,0,1,1,medio_alto
2,10000.0,5,0.4,27,4,1,1,0,0,1,0,0,0,1,1,1,alto
2,10000.0,3,1.0,1,2,1,0,0,0,1,0,0,0,0,0,1,medio_baixo
4,75000.0,17,0.8823529411764706,6,3,1,0,0,0,1,1,1,0,0,0,0,medio_baixo
7,10000.0,35,0.8571428571428571,3,4,1,0,0,0,1,0,1,0,1,1,0,baixo
8,10000.0,31,0.4838709677419355,16,3,1,0,0,0,0,0,0,1,0,0,1,gratuito
1,10000.0,2,1.0,1,2,1,0,0,0,1,1,0,0,0,0,0,alto
10,10000.0,55,0.6,7,4,1,0,0,1,1,1,1,1,0,0,0,gratuito
8,10000.0,14,0.7857142857142857,5,2,1,1,0,2,0,0,0,1,0,0,1,medio_baixo
17,7500000.0,34872,0.9160644643266804,5,1,1,1,0,2,0,1,0,0,0,0,0,alto
2,10000.0,5,1.0,1,3,1,0,0,0,1,0,0,1,0,0,1,medio_alto
3,10000.0,18,0.8888888888888888,1,3,1,0,0,0,1,1,1,0,0,0,0,baixo
1,35000.0,274,0.8978102189781022,11,4,1,0,0,0,1,0,0,0,0,1,1,alto
6,10000.0,11,0.9090909090909091,2,3,1,0,0,0,1,1,0,0,1,0,0,alto
1,0.0,0,0.0,0,0,1,0,0,0,0,0,0,0,0,0,0,gratuito
3,0.0,0,0.0,0,0,1,0,0,0,0,0,0,0,0,0,0,gratuito
3,0.0,0,0.0,103,2,1,0,0,0,1,0,0,1,0,0,0,baixo
6,10000.0,16,0.875,2,3,1,0,1,0,1,0,0,1,0,1,0,gratuito
10,75000.0,436,0.7637614678899083,30,3,1,0,0,1,1,1,0,0,0,0,0,gratuito
1,10000.0,5,1.0,3,3,1,0,0,0,1,1,0,1,0,0,0,medio_alto
4,150000.0,2767,0.8608601373328515,9,2,1,0,0,0,0,1,1,0,0,0,0,baixo
10,10000.0,7,1.0,5,3,1,0,0,0,1,0,0,0,0,0,0,medio_alto
2,10000.0,10,0.9,18,3,1,0,0,0,1,1,0,1,0,0,0,medio_alto
1,0.0,0,0.0,2,3,1,0,0,0,1,1,1,0,0,0,0,baixo
6,150000.0,1726,0.7792584009269988,8,3,1,0,0,0,1,1,1,0,0,0,0,medio_alto
6,10000.0,12,0.75,1,5,1,0,0,6,1,0,0,1,1,1,1,baixo
10,10000.0,62,0.5967741935483871,4,2,1,0,0,1,1,0,1,0,0,0,0,baixo
6,10000.0,0,0.0,1,3,1,0,0,0,1,0,0,0,1,1,0,medio_alto
2,0.0,0,0.0,1,2,1,0,1,0,0,0,0,1,0,0,0,gratuito
1,10000.0,1,0.0,1,1,1,0,0,0,0,0,0,0,0,0,1,medio_alto
1,10000.0,0,0.0,1,3,1,0,0,0,1,1,1,0,0,0,0,alto
5,150000.0,1199,0.8874061718098415,2,1,1,0,0,1,0,0,0,0,1,0,0,medio_alto
1,10000.0,95,0.9578947368421052,7,3,1,0,0,1,1,0,0,0,0,0,1,alto
8,10000.0,5,0.8,1,6,1,0,0,4,1,1,1,1,0,0,1,alto
7,10000.0,7,1.0,1,1,1,1,0,0,0,1,0,0,0,0,0,medio_baixo
2,10000.0,5,1.0,2,5,1,0,0,0,1,1,1,0,0,0,0,medio_alto
7,150000.0,2614,0.8905891354246366,4,4,1,0,0,0,1,1,0,0,0,0,1,alto
2,10000.0,2,1.0,1,4,1,0,0,0,1,1,1,1,0,0,0,alto
11,350000.0,1908,0.5943396226415094,11,2,1,0,0,0,0,0,0,1,0,0,0,gratuito
2,35000.0,333,0.9669669669669669,14,2,1,1,1,0,1,1,0,0,0,0,0,medio_baixo
1,10000.0,0,0.0,9,4,1,0,0,0,1,1,0,1,0,1,0,medio_baixo
2,10000.0,242,0.756198347107438,11,3,1,0,0,1,1,1,1,0,0,0,0,alto
8,750000.0,6629,0.7177553175441242,6,1,1,1,0,5,0,0,0,0,0,1,0,alto
9,150000.0,60,0.8833333333333333,2,3,1,1,0,0,1,0,0,0,1,1,0,medio_alto
6,10000.0,43,1.0,7,2,1,0,0,0,1,0,0,1,0,0,0,alto
2,75000.0,893,0.8980963045912654,10,3,1,0,0,2,1,0,0,1,0,1,0,alto
4,350000.0,1873,0.9684997330485852,1,2,1,0,0,0,1,1,0,0,0,0,0,alto
8,10000.0,16,0.4375,1,3,1,1,1,0,1,0,1,0,1,0,0,medio_alto
8,10000.0,6,0.8333333333333334,1,3,1,0,0,0,1,1,0,1,0,0,0,medio_baixo
2,0.0,0,0.0,103,3,1,0,0,1,1,0,1,1,0,0,0,medio_baixo
2,10000.0,4,0.5,1,1,1,0,0,0,0,0,1,0,0,0,0,medio_baixo
1,10000.0,0,0.0,1,3,1,0,1,0,1,0,1,0,1,0,0,alto
4,10000.0,0,0.0,1,2,1,0,0,0,1,0,0,1,0,0,0,medio_baixo
6,10000.0,10,0.9,1,3,1,0,0,0,1,1,0,1,0,0,0,medio_alto
7,35000.0,28,0.7142857142857143,2,6,1,0,0,3,1,1,1,0,1,0,0,gratuito
5,10000.0,0,0.0,1,1,1,0,0,0,0,0,0,1,0,0,0,baixo
3,10000.0,9,0.5555555555555556,1,1,1,1,0,0,0,0,0,0,0,1,0,alto
9,75000.0,1792,0.9631696428571429,1,5,1,0,0,0,1,0,1,0,1,1,0,alto
2,10000.0,3,0.6666666666666666,5,2,1,1,1,0,1,0,0,0,0,1,0,medio_baixo
7,10000.0,2,1.0,1,2,1,1,0,0,0,0,0,0,1,1,0,medio_alto
12,10000.0,119,0.8487394957983193,1,1,1,1,1,0,0,0,0,1,0,0,0,medio_baixo
5,35000.0,743,0.9825033647375505,2,2,1,1,0,1,1,0,1,0,0,0,0,alto
2,10000.0,0,0.0,1,3,1,0,1,0,1,0,0,0,0,0,1,alto
1,0.0,0,0.0,103,3,1,1,1,0,1,0,0,1,0,0,0,gratuito
7,15000000.0,248220,0.7296350012086052,13,1,1,0,0,70,0,1,0,0,0,0,0,alto
10,1500000.0,5100,0.7494117647058823,3,3,1,0,0,0,0,0,0,0,1,0,0,gratuito
8,10000.0,15,0.4666666666666667,1,4,1,0,0,1,1,1,0,1,1,0,0,medio_alto
5,10000.0,18,0.7777777777777778,1,4,1,0,0,0,1,1,0,0,0,1,0,alto
8,35000.0,389,0.7892030848329049,10,2,1,0,0,1,1,0,0,1,0,0,0,baixo
3,10000.0,10,0.8,3,4,1,0,0,0,1,0,1,1,0,1,0,medio_baixo
8,750000.0,12717,0.9413383659668161,12,2,1,0,0,1,1,1,0,0,0,0,0,medio_alto
4,350000.0,7002,0.6239645815481291,8,4,1,0,0,12,0,0,1,1,0,0,1,alto
8,10000.0,8,0.375,1,4,1,0,0,0,1,1,1,0,0,0,0,alto
2,10000.0,0,0.0,10,1,1,0,0,0,0,0,0,1,0,0,0,baixo
2,10000.0,6,1.0,2,3,1,0,0,0,1,1,1,0,0,0,0,medio_alto
6,10000.0,275,0.9781818181818182,1,1,1,1,1,0,1,0,0,0,0,0,0,medio_baixo
4,0.0,0,0.0,0,0,1,0,0,0,0,0,0,0,0,0,0,gratuito
9,10000.0,22,0.5909090909090909,1,4,1,1,0,0,1,1,1,0,1,0,0,baixo
8,35000.0,1006,0.974155069582505,27,2,1,1,1,0,1,0,0,1,0,0,0,baixo
9,10000.0,24,0.5833333333333334,1,2,1,0,0,0,1,0,0,1,0,0,0,baixo
1,0.0,0,0.0,1,5,1,0,1,0,1,0,1,0,1,0,0,gratuito
6,35000.0,2,1.0,1,7,1,0,1,4,1,1,1,1,0,1,1,alto
2,10000.0,15,0.8,1,3,1,0,0,0,1,1,0,1,0,0,0,baixo
7,75000.0,951,0.8264984227129337,12,4,1,1,0,1,1,1,1,1,0,0,0,medio_baixo
1,10000.0,7,1.0,1,2,1,0,0,0,1,0,0,0,1,0,0,alto
9,35000.0,56,0.5714285714285714,3,3,1,1,1,0,1,0,1,0,1,0,0,alto
1,10000.0,24,1.0,10,5,1,0,0,0,1,0,1,1,0,1,0,medio_alto
3,10000.0,45,0.37777777777777777,13,2,1,0,0,3,0,0,0,0,0,0,1,medio_alto
4,150000.0,867,0.903114186851211,2,1,1,0,0,0,0,0,0,0,0,1,0,medio_baixo
7,10000.0,11,0.7272727272727273,1,2,1,0,0,0,0,1,1,0,0,0,0,medio_baixo
3,0.0,0,0.0,1,3,1,0,0,0,1,0,0,1,0,0,0,gratuito
3,0.0,0,0.0,1,3,1,0,0,0,0,1,0,0,0,0,1,gratuito
9,10000.0,32,0.9375,3,1,1,0,0,0,0,0,0,0,0,0,0,gratuito
9,10000.0,7,1.0,1,3,1,0,0,0,1,1,1,0,0,0,0,baixo
3,0.0,0,0.0,0,0,1,0,0,0,0,0,0,0,0,0,0,gratuito
1,10000.0,0,0.0,1,3,1,0,0,0,1,0,0,1,1,0,0,alto
5,0.0,0,0.0,5,5,1,0,0,0,0,1,1,0,1,0,0,gratuito
9,10000.0,6,0.5,2,3,1,0,0,0,1,0,1,0,0,0,0,alto
2,10000.0,11,0.36363636363636365,1,1,1,0,1,1,0,1,0,0,0,0,0,gratuito
3,10000.0,1,0.0,1,4,1,0,0,0,1,0,1,1,0,0,1,baixo
3,0.0,0,0.0,0,0,1,0,0,0,0,0,0,0,0,0,0,gratuito
5,10000.0,8,0.125,2,1,1,0,0,0,0,1,0,0,0,0,0,baixo
3,10000.0,0,0.0,3,1,1,1,1,2,0,0,1,0,0,0,0,alto
3,0.0,0,0.0,0,0,1,0,0,0,0,0,0,0,0,0,0,gratuito
2,35000.0,17,0.8235294117647058,1,1,1,0,0,0,1,0,0,0,0,0,0,medio_baixo
2,35000.0,89,0.898876404494382,10,3,1,0,0,1,1,1,0,1,0,0,0,medio_alto
10,10000.0,4,0.0,1,4,1,1,0,1,1,1,1,1,0,0,0,medio_baixo
1,0.0,0,0.0,0,0,1,0,0,0,0,0,0,0,0,0,0,gratuito
8,10000.0,6,1.0,1,4,1,0,0,0,1,1,0,1,0,0,0,medio_alto
9,10000.0,23,0.391304347826087,1,3,1,1,1,1,1,0,1,1,0,0,0,baixo
5,10000.0,1716,0.9632867132867133,5,3,1,1,1,1,1,0,1,1,0,0,0,medio_alto
1,10000.0,0,0.0,3,2,1,0,0,0,1,1,0,0,0,0,0,medio_alto
1,10000.0,0,0.0,1,3,1,1,1,0,1,0,1,1,0,0,0,medio_baixo
12,75000.0,547,0.7806215722120659,5,2,1,0,0,0,0,1,0,0,1,0,0,baixo
1,0.0,0,0.0,1,2,1,0,0,0,0,0,0,0,0,1,0,medio_baixo
2,10000.0,0,0.0,1,1,1,0,0,0,0,0,0,1,0,0,0,medio_baixo
10,75000.0,59,0.864406779661017,1,3,1,0,0,0,1,1,1,0,0,0,0,medio_baixo
3,35000.0,398,0.7638190954773869,5,5,1,0,0,0,0,0,1,0,0,1,1,gratuito
2,10000.0,1,1.0,1,3,1,0,0,0,1,0,0,1,0,1,0,medio_alto
3,10000.0,27,0.8888888888888888,7,1,1,0,0,0,0,0,0,0,0,0,1,medio_baixo
6,10000.0,18,0.9444444444444444,2,4,1,0,0,0,1,0,1,1,1,0,0,gratuito
2,10000.0,3,0.6666666666666666,3,3,1,0,0,0,1,1,1,0,0,0,0,medio_alto
2,10000.0,4,0.75,1,3,1,0,0,0,1,1,1,0,0,0,0,baixo
3,0.0,0,0.0,0,0,1,0,0,0,0,0,0,0,0,0,0,gratuito
2,35000000.0,1017635,0.7624374161659141,14,1,1,0,0,1,0,1,0,0,0,0,0,alto
1,0.0,0,0.0,1,5,1,0,0,0,1,0,1,1,0,1,0,gratuito
12,150000.0,694,0.34870317002881845,1,5,1,0,0,0,1,1,0,1,0,0,1,medio_baixo
2,10000.0,0,0.0,2,4,1,0,0,0,0,1,1,1,0,0,0,gratuito
2,10000.0,0,0.0,4,3,1,0,0,0,1,0,1,1,0,0,0,alto
1,10000.0,20,1.0,9,2,1,1,0,0,1,0,0,1,0,0,0,baixo
9,350000.0,2540,0.9051181102362205,5,2,1,1,1,0,0,1,1,0,0,0,0,medio_alto
2,0.0,0,0.0,103,5,1,0,0,0,0,1,1,0,0,0,1,alto
9,10000.0,11,0.8181818181818182,1,3,1,1,1,0,1,0,0,1,0,0,0,baixo
1,10000.0,0,0.0,1,3,1,0,0,0,0,0,1,1,1,0,0,alto
5,0.0,0,0.0,1,4,1,0,0,0,1,1,1,0,0,0,0,gratuito
1,10000.0,0,0.0,13,1,1,0,0,2,0,1,0,0,0,0,0,alto
5,35000.0,410,0.5341463414634147,6,4,1,0,0,2,1,0,1,0,1,1,0,medio_baixo
5,10000.0,4,0.25,1,2,1,0,0,0,1,0,0,1,0,0,0,baixo
5,35000.0,20,1.0,1,2,1,0,0,0,1,0,1,0,0,0,0,alto
7,10000.0,12,0.75,1,4,1,0,0,0,1,0,0,1,0,0,1,medio_alto
2,10000.0,4,1.0,9,2,1,1,0,0,1,0,0,1,0,0,0,medio_baixo
4,0.0,0,0.0,0,0,1,0,0,0,0,0,0,0,0,0,0,gratuito
9,10000.0,6,0.5,1,3,1,1,1,0,1,0,1,1,0,0,0,alto
5,10000.0,12,0.8333333333333334,1,3,1,0,0,0,1,1,1,0,0,0,0,alto
2,10000.0,53,0.8490566037735849,4,6,1,0,0,0,1,1,1,1,1,0,0,alto
1,0.0,0,0.0,0,0,1,0,0,0,0,0,0,0,0,0,0,gratuito
5,10000.0,0,0.0,1,2,1,0,0,0,1,0,0,1,0,0,0,baixo
1,10000.0,0,0.0,1,5,1,0,0,0,1,1,1,1,0,1,0,medio_baixo
1,0.0,0,0.0,9,3,1,0,0,0,1,0,1,0,0,0,1,medio_baixo
1,0.0,0,0.0,1,3,1,0,0,0,1,0,0,0,0,0,1,medio_alto
7,75000.0,141,0.9645390070921985,1,1,1,0,0,0,0,0,0,0,0,0,1,gratuito
2,0.0,0,0.0,1,5,1,0,0,0,1,1,0,1,0,1,0,gratuito
2,0.0,0,0.0,1,3,1,0,0,0,0,1,0,0,0,1,0,gratuito
1,10000.0,3,1.0,1,5,1,0,0,0,0,1,1,1,1,0,0,baixo
3,10000.0,1,0.0,1,5,1,1,0,0,1,0,1,1,1,1,0,medio_alto
2,10000.0,1,0.0,4,3,1,0,0,0,1,1,0,0,1,0,0,medio_baixo
1,10000.0,0,0.0,13,3,1,0,0,0,1,1,1,0,0,0,0,medio_alto
1,10000.0,0,0.0,1,7,1,0,0,0,1,1,1,1,1,0,1,baixo
11,75000.0,392,0.6352040816326531,7,2,1,1,1,0,1,0,1,0,0,0,0,baixo
2,10000.0,0,0.0,2,1,1,0,0,0,0,1,0,0,0,0,0,baixo
9,10000.0,12,1.0,1,1,1,0,0,0,1,0,0,0,0,0,0,baixo
2,75000.0,17,0.6470588235294118,8,4,1,0,0,0,1,0,0,0,1,1,1,medio_baixo
7,10000.0,9,0.5555555555555556,1,2,1,1,1,0,1,0,0,0,0,1,0,gratuito
3,150000.0,494,0.8502024291497976,2,2,1,0,0,4,1,0,0,0,1,0,0,alto
3,10000.0,3,1.0,1,1,1,0,0,0,0,0,1,0,0,0,0,medio_baixo
3,10000.0,14,0.7857142857142857,1,3,1,0,0,0,0,0,0,1,0,1,1,medio_alto
2,10000.0,6,0.6666666666666666,11,3,1,0,0,0,1,0,1,1,0,0,0,medio_baixo
1,0.0,0,0.0,3,1,1,0,0,0,0,0,0,0,0,0,0,gratuito
9,10000.0,4,0.5,1,3,1,0,0,0,0,0,0,0,0,0,1,medio_alto
1,10000.0,0,0.0,1,3,1,0,0,0,1,1,1,0,0,0,0,baixo
5,10000.0,3,1.0,1,3,1,0,0,0,1,1,0,0,0,0,0,alto
2,10000.0,129,0.8604651162790697,14,2,1,1,0,0,1,0,0,1,0,0,0,medio_alto
5,10000.0,13,0.7692307692307693,1,5,1,0,0,2,0,0,1,1,1,1,0,gratuito
9,35000.0,141,0.9645390070921985,3,2,1,0,0,1,0,0,1,1,0,0,0,medio_alto
10,150000.0,363,0.7134986225895317,5,3,1,1,1,0,1,0,0,0,1,1,0,baixo
2,10000.0,0,0.0,6,1,1,0,0,0,0,0,0,0,0,0,0,medio_baixo
1,10000.0,69,0.9855072463768116,12,3,1,1,1,1,1,1,1,0,0,0,0,alto
1,75000.0,297,0.8181818181818182,10,4,1,0,0,0,1,1,1,0,0,0,1,alto
5,750000.0,4813,0.901101184292541,8,2,1,0,0,1,1,1,0,0,0,0,0,medio_alto
1,10000.0,15,0.9333333333333333,1,3,1,0,0,0,0,0,1,1,0,0,0,baixo
2,10000.0,17,0.9411764705882353,3,2,1,0,0,0,1,1,0,0,0,0,0,medio_alto
5,10000.0,152,0.5592105263157895,3,4,1,0,0,1,0,0,0,1,1,1,1,medio_baixo
1,10000.0,4,1.0,2,2,1,0,0,0,1,0,0,0,0,0,1,alto
3,10000.0,71,0.9577464788732394,1,2,1,1,1,0,1,0,0,1,0,0,0,medio_alto
3,10000.0,16,0.9375,1,2,1,0,0,0,1,0,1,0,0,0,0,medio_baixo
3,0.0,0,0.0,13,5,1,0,0,0,1,1,0,1,1,0,0,gratuito
7,35000.0,253,0.9051383399209486,3,4,1,0,0,0,1,0,0,1,1,0,0,gratuito
2,10000.0,22,1.0,1,1,1,0,0,1,1,0,0,0,0,0,0,medio_baixo
3,0.0,0,0.0,0,0,1,0,0,0,0,0,0,0,0,0,0,gratuito
2,10000.0,6,1.0,1,2,1,1,0,1,1,1,0,0,0,0,0,medio_alto
3,10000.0,0,0.0,1,2,1,0,0,0,0,1,1,0,0,0,0,medio_alto
9,10000.0,26,0.7307692307692307,2,3,1,0,0,0,1,1,1,0,0,0,0,medio_baixo
2,10000.0,3,1.0,1,3,1,0,0,0,1,0,0,1,0,0,1,baixo
6,10000.0,48,0.5416666666666666,16,3,1,1,0,0,1,0,0,0,0,0,0,medio_baixo
2,0.0,0,0.0,103,1,1,0,0,0,0,0,0,1,0,0,0,baixo
3,10000.0,1,1.0,1,4,1,0,0,0,1,0,1,1,0,1,0,baixo
1,10000.0,53,0.8867924528301887,1,2,1,0,0,0,1,0,0,0,1,0,0,medio_alto
2,75000.0,499,0.9238476953907816,25,1,1,0,0,0,0,0,1,0,0,0,0,baixo
2,35000.0,20,0.8,13,4,1,0,0,0,1,0,0,1,0,1,1,baixo
3,10000.0,1,0.0,1,3,1,0,0,24,0,0,0,0,0,0,0,alto
10,10000.0,28,0.8571428571428571,1,3,1,1,1,1,1,0,1,0,1,0,0,medio_alto
8,35000.0,535,0.7121495327102804,1,4,1,0,0,0,0,1,1,0,1,0,0,gratuito
4,10000.0,11,0.8181818181818182,1,2,1,0,0,0,0,0,1,1,0,0,0,medio_alto
5,10000.0,34,0.9117647058823529,3,2,1,0,0,0,1,1,0,0,0,0,0,medio_baixo
2,10000.0,21,1.0,2,3,1,0,0,0,1,0,0,0,1,1,0,medio_baixo
1,0.0,0,0.0,1,3,1,0,0,0,1,0,0,0,0,0,1,gratuito
1,10000.0,0,0.0,1,2,1,0,0,0,0,0,0,0,0,1,0,medio_alto
7,10000.0,8,0.625,2,2,1,0,0,0,1,0,0,0,1,0,0,gratuito
8,10000.0,5,0.8,1,3,1,1,0,0,1,1,0,0,0,0,0,alto
4,35000.0,4,1.0,1,1,1,0,0,0,1,0,0,0,0,0,0,baixo
7,0.0,0,0.0,0,0,1,0,0,0,0,0,0,0,0,0,0,gratuito
8,10000.0,19,0.7894736842105263,1,3,1,0,0,0,0,1,1,0,1,0,0,medio_baixo
7,10000.0,58,0.9310344827586207,1,1,1,1,0,0,1,0,0,0,0,0,0,baixo
6,35000.0,12,0.75,2,4,1,0,0,1,1,1,1,1,0,0,0,medio_baixo
10,75000.0,368,0.657608695652174,4,4,1,0,0,1,1,1,1,0,1,0,0,medio_baixo
3,10000.0,6,1.0,1,3,1,0,0,0,1,0,1,0,1,0,0,medio_alto
1,10000.0,0,0.0,11,2,1,0,0,0,0,0,0,0,0,0,1,alto
3,10000.0,112,0.7321428571428571,11,5,1,1,0,21,0,0,0,0,0,0,0,alto
7,35000.0,10,0.8,1,2,1,0,0,0,1,0,1,0,0,0,0,gratuito
1,10000.0,39,0.8974358974358975,1,3,1,0,0,2,1,0,1,0,0,0,1,medio_alto
8,10000.0,4,0.25,1,1,1,0,0,0,0,0,0,0,0,1,0,baixo
2,10000.0,14,1.0,1,2,1,0,0,0,1,0,1,0,0,0,0,alto
12,10000.0,32,0.59375,1,1,1,1,1,0,0,0,0,0,0,1,0,baixo
2,10000.0,601,0.9251247920133111,11,4,1,0,0,0,1,1,0,1,0,0,0,alto
5,10000.0,4,1.0,1,3,1,0,0,0,1,1,0,1,0,0,0,baixo
6,75000.0,30,0.7333333333333333,1,6,1,1,0,0,1,0,1,0,1,1,0,gratuito
1,0.0,0,0.0,103,2,1,0,0,0,1,0,0,1,0,0,0,baixo
11,10000.0,118,0.847457627118644,10,1,1,0,0,0,0,0,1,0,0,0,0,medio_alto
8,10000.0,32,0.75,1,3,1,0,0,0,1,1,1,0,0,0,0,medio_alto
1,0.0,0,0.0,1,1,1,0,0,0,1,0,0,0,0,0,0,baixo
9,10000.0,38,0.2894736842105263,1,3,1,0,0,0,0,0,1,0,0,0,1,gratuito
5,10000.0,0,0.0,1,1,1,0,0,0,0,0,1,0,0,0,0,baixo
8,10000.0,2,1.0,1,1,1,0,0,0,0,1,0,0,0,0,0,baixo
2,10000.0,1,1.0,2,4,1,0,0,0,1,1,0,0,1,0,0,alto
1,750000.0,7043,0.891097543660372,10,2,1,0,0,2,0,1,0,0,0,1,0,alto
2,10000.0,14,0.42857142857142855,1,2,1,0,0,0,1,0,0,1,0,0,0,baixo
4,10000.0,0,0.0,3,2,1,0,1,0,1,0,0,1,0,0,0,medio_baixo
13,75000.0,235,0.41702127659574467,1,1,1,1,0,0,0,0,1,0,0,0,0,baixo
6,10000.0,3,0.6666666666666666,1,2,1,0,0,1,0,0,1,0,1,0,0,medio_baixo
1,0.0,0,0.0,1,2,1,0,0,0,1,0,0,1,0,0,0,medio_baixo
4,10000.0,4,1.0,1,1,1,0,0,0,0,0,1,0,0,0,0,alto
8,10000.0,139,0.8633093525179856,4,2,1,0,0,0,0,0,1,1,0,0,0,alto
5,10000.0,0,0.0,103,4,1,0,0,0,1,0,0,1,1,0,1,baixo
1,10000.0,4,0.75,13,3,1,0,0,0,0,1,0,0,0,0,1,alto
2,0.0,0,0.0,0,0,1,0,0,0,0,0,0,0,0,0,0,gratuito
10,10000.0,23,1.0,1,3,1,0,0,0,0,1,1,0,0,0,1,baixo
4,10000.0,8,1.0,15,5,1,0,0,0,1,1,1,1,0,0,0,baixo
8,10000.0,43,0.7441860465116279,2,3,1,0,0,0,1,0,0,1,0,0,1,baixo
4,10000.0,1,0.0,1,2,1,0,0,0,0,0,1,1,0,0,0,baixo
3,10000.0,2,0.5,2,0,1,0,0,0,0,0,0,0,0,0,0,medio_baixo
2,10000.0,4,1.0,4,1,1,0,0,0,0,0,0,0,0,1,0,medio_alto
9,150000.0,323,0.826625386996904,1,3,1,0,0,0,1,1,0,0,0,0,0,gratuito
7,10000.0,10,0.6,1,4,1,0,0,1,1,1,1,1,0,0,0,medio_baixo
1,0.0,0,0.0,0,0,1,0,0,0,0,0,0,0,0,0,0,gratuito
1,10000.0,0,0.0,10,3,1,1,0,1,1,0,0,1,0,0,1,medio_alto
4,10000.0,0,0.0,1,2,1,0,0,0,1,0,0,0,0,0,1,medio_baixo
6,150000.0,7209,0.6870578443612152,29,8,1,1,1,0,1,1,1,1,1,1,1,baixo
2,10000.0,5,1.0,1,2,1,0,0,0,0,0,0,0,0,1,0,gratuito
4,10000.0,20,0.95,1,3,1,0,0,0,1,1,1,0,0,0,0,baixo
3,10000.0,403,0.8511166253101737,1,5,1,0,0,0,1,1,1,0,1,0,1,alto
2,0.0,0,0.0,103,4,1,0,0,0,1,0,0,1,0,1,1,baixo
11,10000.0,47,0.7446808510638298,1,2,1,1,1,0,1,0,1,0,0,0,0,medio_baixo
3,150000.0,381,0.8923884514435696,27,2,1,0,0,1,0,0,1,0,1,0,0,baixo
8,35000.0,87,0.47126436781609193,1,2,1,0,0,0,1,0,0,1,0,0,0,baixo
2,0.0,0,0.0,0,0,1,0,0,0,0,0,0,0,0,0,0,gratuito
8,35000.0,373,0.6568364611260054,1,4,1,1,1,2,1,0,0,1,0,1,1,alto
6,75000.0,5516,0.9273023930384336,12,5,1,1,1,3,1,1,0,0,0,0,1,alto
1,0.0,0,0.0,1,2,1,0,0,0,1,0,1,0,0,0,0,medio_alto
3,10000.0,5,0.8,1,2,1,0,0,0,1,0,0,0,0,0,1,baixo
2,35000.0,257,0.914396887159533,1,4,1,0,0,0,1,0,1,0,1,1,0,alto
1,10000.0,0,0.0,8,4,1,0,0,0,1,0,1,1,0,0,1,baixo
9,75000.0,456,0.7543859649122807,29,1,1,1,0,0,0,0,0,0,0,0,0,baixo
5,10000.0,86,0.7558139534883721,1,2,1,0,0,0,1,0,0,0,0,0,1,baixo
7,75000.0,515,0.8970873786407767,3,4,1,0,0,1,1,1,0,1,0,0,0,gratuito
6,35000.0,12,0.4166666666666667,1,4,1,0,0,0,1,0,0,1,0,0,1,baixo
7,10000.0,53,0.8301886792452831,1,4,1,0,0,0,1,0,1,0,1,1,0,medio_baixo
2,10000.0,2,1.0,1,2,1,1,0,0,0,1,1,0,0,0,0,alto
3,0.0,0,0.0,103,5,1,0,0,0,1,0,0,1,0,1,1,medio_alto
6,35000.0,1,0.0,1,4,1,0,0,0,1,1,1,1,0,0,0,baixo
4,10000.0,153,0.9411764705882353,2,1,1,0,0,1,0,0,1,0,0,0,0,alto
4,10000.0,0,0.0,4,3,1,0,0,3,1,0,0,1,0,0,1,baixo
4,10000.0,6,0.8333333333333334,1,1,1,0,0,0,1,0,0,0,0,0,0,medio_baixo
1,10000.0,9,1.0,2,2,1,0,0,0,1,1,0,0,0,0,0,baixo
9,10000.0,15,0.3333333333333333,1,3,1,0,0,0,1,1,0,1,0,0,0,baixo
12,750000.0,4055,0.9410604192355118,2,2,1,0,0,1,1,0,0,0,1,0,0,baixo
7,10000.0,0,0.0,1,6,1,0,0,8,1,1,1,1,1,0,1,alto
10,10000.0,16,0.5,1,2,1,0,0,0,1,0,0,1,0,0,0,medio_alto
7,35000.0,1,1.0,1,3,1,0,0,0,1,1,0,1,0,0,0,baixo
1,0.0,0,0.0,0,0,1,0,0,0,0,0,0,0,0,0,0,gratuito
2,10000.0,2,1.0,1,2,1,0,0,0,1,0,0,1,0,0,0,medio_baixo
1,10000.0,0,0.0,14,3,1,0,0,0,1,1,1,0,0,0,0,medio_alto
2,0.0,0,0.0,2,5,1,0,0,0,1,0,1,0,1,1,0,gratuito
6,1500000.0,30062,0.7417337502494844,13,5,1,0,1,2,1,0,1,0,1,1,0,alto
2,10000.0,0,0.0,1,1,1,0,0,0,0,0,1,0,0,0,0,gratuito
4,0.0,0,0.0,0,0,1,0,0,0,0,0,0,0,0,0,0,gratuito
10,10000.0,154,0.9025974025974026,1,3,1,0,0,0,1,1,0,0,0,0,1,medio_baixo
12,35000.0,154,0.6753246753246753,1,4,1,1,1,0,1,1,1,1,0,0,0,alto
5,10000.0,137,0.9708029197080292,3,2,1,0,0,0,0,1,1,0,0,0,0,medio_alto
1,10000.0,6,1.0,12,5,1,0,0,0,1,1,1,1,0,0,0,baixo
2,10000.0,27,0.7777777777777778,2,4,1,0,0,0,0,1,1,0,1,0,0,medio_alto
1,10000.0,0,0.0,2,2,1,1,1,0,1,0,0,1,0,0,0,medio_baixo
6,35000.0,267,0.8239700374531835,1,2,1,0,0,2,0,0,1,0,0,0,1,baixo
6,10000.0,202,0.7029702970297029,6,3,1,0,0,0,0,1,1,0,1,0,0,medio_alto
5,0.0,0,0.0,1,1,1,0,0,0,0,1,0,0,0,0,0,gratuito
5,10000.0,27,0.9629629629629629,6,1,1,1,1,0,0,0,0,1,0,0,0,baixo
8,10000.0,24,0.25,1,6,1,1,0,0,1,1,1,1,0,1,1,alto
2,0.0,0,0.0,13,4,1,1,1,0,1,1,0,1,0,0,0,gratuito
7,10000.0,0,0.0,2,1,1,0,0,0,0,0,0,0,0,1,0,medio_alto
9,10000.0,1,1.0,1,2,1,0,0,0,1,1,0,0,0,0,0,baixo
5,10000.0,7,0.14285714285714285,1,2,1,0,0,0,1,0,0,1,0,0,0,baixo
3,35000.0,34,1.0,1,2,1,0,1,0,0,0,0,0,1,1,0,medio_baixo
11,35000.0,49,0.8979591836734694,6,2,1,1,0,1,1,0,1,0,0,0,0,alto
6,10000.0,15,0.8,1,2,1,0,0,0,1,1,0,0,0,0,0,baixo
8,10000.0,0,0.0,2,3,1,0,0,1,1,0,0,1,0,0,1,medio_alto
10,10000.0,30,0.7333333333333333,6,3,1,1,1,1,1,1,1,0,0,0,0,alto
7,10000.0,19,0.8421052631578947,1,3,1,0,0,2,1,0,0,0,1,1,0,gratuito
3,10000.0,2,0.5,1,2,1,1,0,0,0,0,1,1,0,0,0,medio_alto
7,10000.0,0,0.0,1,1,1,0,0,4,1,0,0,0,0,0,0,medio_baixo
6,10000.0,11,1.0,1,2,1,0,0,0,1,0,0,0,1,0,0,medio_alto
5,10000.0,7,0.5714285714285714,1,3,1,0,0,0,0,1,1,0,1,0,0,medio_alto
1,35000.0,1,1.0,1,1,1,0,0,0,0,0,0,0,1,0,0,medio_baixo
4,35000.0,3,1.0,1,3,1,0,1,0,1,0,0,1,0,0,1,medio_baixo
9,10000.0,14,0.5,1,3,1,0,0,0,1,0,1,1,0,0,0,medio_baixo
4,0.0,0,0.0,0,0,1,0,0,0,0,0,0,0,0,0,0,gratuito
3,10000.0,55,0.8545454545454545,1,1,1,0,0,0,0,1,0,0,0,0,0,medio_baixo
6,10000.0,4,0.0,1,4,1,0,0,0,1,1,1,1,0,0,0,medio_alto
3,0.0,0,0.0,1,2,1,1,0,0,0,0,0,1,1,0,0,gratuito
1,10000.0,0,0.0,14,4,1,0,0,0,1,1,1,0,0,0,0,medio_alto
3,10000.0,23,0.9130434782608695,9,3,1,0,1,0,1,0,1,1,0,0,0,baixo
6,35000.0,45,0.37777777777777777,2,3,1,0,0,0,1,0,1,0,0,0,0,gratuito
2,10000.0,0,0.0,103,9,1,1,1,0,1,1,1,1,1,1,1,alto
1,10000.0,0,0.0,12,3,1,0,0,1,1,1,1,0,0,0,0,medio_baixo
2,10000.0,0,0.0,4,4,1,0,0,0,1,0,0,1,1,0,1,alto
8,10000.0,35,0.5714285714285714,1,3,1,0,0,0,1,0,0,1,0,0,1,gratuito
6,75000.0,4390,0.9548974943052392,4,3,1,0,0,2,1,0,1,1,0,0,0,alto
10,10000.0,26,0.9230769230769231,1,2,1,0,0,0,0,1,0,1,0,0,0,medio_baixo
5,10000.0,7,1.0,1,3,1,1,1,0,1,1,1,0,0,0,0,medio_alto
10,150000.0,317,0.6435331230283912,1,1,1,0,1,0,1,0,0,0,0,0,0,baixo
1,0.0,0,0.0,0,0,1,0,0,0,0,0,0,0,0,0,0,gratuito
10,10000.0,2,0.5,1,2,1,1,1,0,1,0,0,1,0,0,0,medio_alto
3,10000.0,7,1.0,5,4,1,1,0,0,1,0,0,1,0,0,1,medio_alto
1,10000.0,0,0.0,3,1,1,0,0,0,0,0,0,0,1,0,0,alto
4,75000.0,1319,0.579226686884003,7,1,1,0,0,10,0,0,0,0,0,0,0,alto
4,150000.0,72,0.9444444444444444,1,3,1,0,0,0,1,0,1,0,1,0,0,gratuito
1,75000.0,5,0.8,1,4,1,0,0,0,1,1,1,0,1,0,0,baixo
2,75000.0,16,0.8125,1,2,1,0,0,0,0,0,0,0,0,1,0,gratuito
11,7500000.0,72330,0.8909028065809484,15,3,1,1,1,12,1,0,0,0,0,1,1,alto
7,75000.0,1501,0.8347768154563624,1,3,1,0,0,60,1,0,1,0,0,0,1,alto
9,10000.0,74,0.7297297297297297,2,2,1,0,0,5,1,0,1,0,0,0,0,gratuito
3,10000.0,188,0.8829787234042553,2,4,1,1,0,0,1,0,1,1,0,0,1,baixo
12,150000.0,835,0.8323353293413174,9,3,1,1,1,0,1,1,0,1,0,0,0,baixo
8,10000.0,1,1.0,15,1,1,0,0,4,1,0,0,0,0,0,0,medio_baixo
4,10000.0,13,0.9230769230769231,2,3,1,0,0,0,1,1,1,0,0,0,0,medio_baixo
6,10000.0,3,1.0,1,2,1,0,0,0,1,0,0,0,0,1,0,baixo
5,10000.0,22,1.0,2,2,1,0,0,0,0,0,1,1,0,0,0,alto
1,0.0,0,0.0,2,2,1,0,0,1,1,1,0,0,0,0,0,medio_alto
1,10000.0,0,0.0,13,3,1,0,0,0,1,1,1,0,0,0,0,medio_baixo
5,0.0,0,0.0,29,6,1,0,0,8,1,0,1,1,1,0,1,gratuito
7,10000.0,16,0.9375,29,3,1,0,0,0,0,1,1,1,0,0,0,medio_baixo
1,0.0,0,0.0,2,2,1,0,0,0,0,1,0,0,0,0,0,gratuito
1,0.0,0,0.0,6,2,1,0,0,1,0,0,1,1,0,0,0,alto
6,10000.0,40,0.7,2,3,1,0,0,0,1,1,1,0,0,0,0,baixo
4,10000.0,16,0.6875,1,5,1,1,1,0,1,1,1,1,1,0,0,medio_alto
3,75000.0,37,0.9459459459459459,2,4,1,0,0,0,0,0,1,0,1,1,1,baixo
5,0.0,0,0.0,4,7,1,0,0,0,0,1,1,1,1,1,0,gratuito
4,35000.0,7,1.0,2,5,1,0,0,0,1,1,0,1,0,0,0,medio_baixo
2,10000.0,0,0.0,1,3,1,0,0,0,1,1,0,0,0,0,0,gratuito
1,10000.0,0,0.0,6,4,1,0,0,0,1,0,0,1,0,0,1,medio_baixo
1,0.0,0,0.0,0,0,1,0,0,0,0,0,0,0,0,0,0,gratuito
4,10000.0,67,0.8955223880597015,1,7,1,0,1,0,1,1,1,0,1,1,1,alto
2,10000.0,3,0.3333333333333333,4,5,1,0,0,0,1,1,1,1,0,0,0,alto
1,150000.0,3924,0.8567787971457697,12,4,1,1,0,3,1,1,1,0,1,0,0,alto
2,10000.0,16,0.5,10,4,1,0,0,0,1,1,1,0,0,0,1,medio_alto
1,10000.0,9,0.5555555555555556,1,4,1,0,0,0,1,0,0,0,0,1,1,alto
6,35000.0,99,0.696969696969697,3,3,1,0,0,0,1,1,1,0,0,0,0,baixo
2,0.0,0,0.0,1,7,1,0,0,0,1,1,1,1,1,0,1,gratuito
1,0.0,0,0.0,1,3,1,0,0,0,1,0,0,0,0,1,0,gratuito
8,75000.0,39,0.6666666666666666,2,2,1,0,0,0,1,1,0,0,0,0,0,baixo
5,10000.0,0,0.0,1,2,1,0,0,1,0,0,1,0,0,0,1,alto
7,10000.0,7,0.5714285714285714,1,5,1,0,0,0,1,1,1,1,0,0,1,alto
1,10000.0,0,0.0,1,7,1,0,0,1,0,0,0,0,0,0,0,gratuito
3,10000.0,12,0.5,1,2,1,0,0,0,0,1,1,0,0,0,0,medio_baixo
3,10000.0,29,0.896551724137931,2,1,1,0,0,0,0,0,1,0,0,0,0,alto
1,0.0,0,0.0,1,4,1,0,0,0,1,0,0,1,0,0,1,gratuito
10,75000.0,843,0.896797153024911,1,2,1,1,0,0,0,0,0,0,0,1,1,alto
2,10000.0,1,1.0,1,3,1,0,0,0,1,1,1,0,0,0,0,medio_alto
1,10000.0,2,1.0,1,7,1,0,0,0,1,1,1,1,0,1,1,medio_baixo
2,0.0,0,0.0,0,0,1,0,0,0,0,0,0,0,0,0,0,gratuito
5,0.0,0,0.0,0,0,1,0,0,0,0,0,0,0,0,0,0,gratuito
5,10000.0,5,1.0,2,3,1,1,0,0,1,0,1,1,0,0,0,medio_baixo
2,0.0,0,0.0,0,0,1,0,0,0,0,0,0,0,0,0,0,gratuito
1,0.0,0,0.0,1,2,1,0,0,0,1,1,0,0,0,0,0,baixo
10,10000.0,1,0.0,1,2,1,0,0,0,1,1,0,0,0,0,0,medio_baixo
11,75000.0,204,0.7549019607843137,2,2,1,0,0,3,1,1,0,0,0,0,0,baixo
4,10000.0,12,0.9166666666666666,2,1,1,1,0,0,0,0,0,0,1,0,0,medio_alto
1,10000.0,0,0.0,4,3,1,1,1,0,1,1,0,0,0,0,0,medio_baixo
1,75000.0,125,0.848,13,5,1,1,1,0,1,1,1,1,1,0,0,medio_alto
4,10000.0,2,1.0,29,2,1,0,0,0,1,0,0,1,0,0,0,medio_baixo
4,10000.0,1,1.0,2,4,1,1,1,0,1,0,1,0,1,1,0,baixo
1,10000.0,0,0.0,2,2,1,0,0,0,1,0,0,0,0,0,0,alto
5,10000.0,3,1.0,1,2,1,0,0,0,0,0,0,0,0,1,0,baixo
1,10000.0,43,0.8837209302325582,7,3,1,0,0,1,1,0,0,0,1,1,0,alto
3,10000.0,2,1.0,1,3,1,0,0,0,1,0,0,1,0,0,0,medio_alto
2,10000.0,50,0.92,6,4,1,0,0,0,1,0,0,0,0,1,1,medio_alto
5,10000.0,0,0.0,1,2,1,0,0,0,1,0,0,1,0,0,0,baixo
2,0.0,0,0.0,1,3,1,0,0,0,0,1,1,0,0,0,0,gratuito
3,10000.0,7,0.5714285714285714,2,5,1,0,0,0,1,1,1,1,0,0,0,alto
5,10000.0,15,0.9333333333333333,1,2,1,0,0,0,0,0,0,1,0,1,0,medio_alto
2,35000.0,188,0.851063829787234,1,3,1,0,0,0,1,0,1,0,0,0,0,gratuito
8,10000.0,22,0.7727272727272727,1,2,1,0,0,1,1,0,0,1,0,0,0,gratuito
3,10000.0,17,0.5294117647058824,103,4,1,0,0,0,1,0,1,1,0,1,0,baixo
7,10000.0,1,1.0,2,3,1,0,0,0,1,0,1,0,0,0,1,medio_alto
2,35000.0,26,0.9230769230769231,1,4,1,0,0,1,1,0,1,0,1,0,1,alto
1,0.0,0,0.0,14,3,1,0,0,0,1,0,0,1,0,0,0,medio_baixo
1,10000.0,0,0.0,1,3,1,0,0,0,1,1,0,0,0,0,1,medio_alto
3,10000.0,17,0.7058823529411765,1,3,1,0,0,0,0,0,0,1,0,1,0,medio_alto
4,0.0,0,0.0,2,4,1,0,0,1,1,0,0,1,1,0,0,gratuito
9,10000.0,94,0.5106382978723404,1,2,1,0,0,0,1,1,0,0,0,0,0,medio_alto
11,75000.0,93,0.3333333333333333,1,3,1,0,0,0,1,0,0,0,0,1,1,gratuito
8,35000.0,31,0.6451612903225806,1,4,1,0,0,0,1,1,1,1,0,0,0,medio_alto
8,10000.0,29,0.9655172413793104,3,2,1,0,0,0,0,0,0,0,0,1,1,medio_alto
2,10000.0,2,1.0,2,3,1,0,0,0,1,0,0,1,0,1,0,baixo
1,10000.0,1,1.0,1,4,1,0,1,0,1,1,1,1,0,0,0,medio_alto
9,35000.0,22,0.9090909090909091,1,3,1,1,0,0,1,0,0,0,1,1,0,medio_baixo
3,10000.0,15,1.0,1,2,1,1,0,1,1,1,0,0,0,0,0,baixo
2,350000.0,4612,0.6719427580225499,4,3,1,0,0,1,1,0,0,0,1,1,0,alto
2,10000.0,65,0.9692307692307692,1,4,1,0,1,1,1,1,1,0,0,0,0,medio_alto
8,10000.0,8,0.5,1,3,1,1,1,0,1,0,1,0,1,0,0,medio_baixo
1,10000.0,1,1.0,1,3,1,0,0,0,1,1,1,0,0,0,0,baixo
4,10000.0,4,1.0,1,3,1,0,0,0,1,1,0,0,0,0,0,medio_baixo
6,10000.0,58,0.9137931034482759,1,4,1,1,1,0,1,0,0,0,1,0,1,alto
7,35000.0,22,1.0,1,3,1,0,0,0,1,0,1,0,1,0,0,medio_alto
3,10000.0,3,1.0,2,3,1,1,0,0,1,0,0,0,0,0,1,alto
2,10000.0,22,0.9090909090909091,4,3,1,0,0,0,1,1,1,0,0,0,0,medio_alto
5,10000.0,10,1.0,1,2,1,0,1,0,1,0,0,1,0,0,0,medio_alto
8,10000.0,0,0.0,1,4,1,0,0,0,1,1,0,1,0,0,0,alto
9,35000.0,72,0.7777777777777778,1,4,1,0,0,0,1,1,0,1,0,0,0,baixo
2,10000.0,27,0.8518518518518519,2,1,1,0,0,0,0,0,0,0,0,0,1,alto
1,10000.0,0,0.0,7,3,1,0,0,0,1,1,1,0,0,0,0,alto
1,10000.0,0,0.0,1,4,1,0,0,0,1,0,1,0,0,1,1,alto
2,10000.0,0,0.0,1,2,1,0,0,0,1,0,0,0,0,0,0,alto
2,0.0,0,0.0,0,0,1,0,0,0,0,0,0,0,0,0,0,gratuito
5,10000.0,2,1.0,1,4,1,0,0,0,1,0,1,0,1,0,0,medio_alto
1,10000.0,2,0.5,1,3,1,0,0,0,1,0,1,0,1,0,0,baixo
7,10000.0,14,0.42857142857142855,1,3,1,0,1,0,1,1,0,1,0,0,0,baixo
1,10000.0,0,0.0,8,4,1,0,0,1,1,1,0,1,0,0,0,gratuito
4,10000.0,12,1.0,1,3,1,1,0,0,0,0,1,1,0,1,0,alto
6,10000.0,2,0.5,1,3,1,0,0,0,1,1,0,1,0,0,0,medio_alto
7,10000.0,110,0.9363636363636364,1,3,1,0,0,0,1,0,1,0,1,0,0,alto
6,0.0,0,0.0,0,0,1,0,0,0,0,0,0,0,0,0,0,gratuito
12,1500000.0,23263,0.7452607144392382,8,2,1,1,0,5,0,1,1,0,0,0,0,medio_baixo
8,10000.0,30,0.3,1,5,1,0,0,0,1,1,1,1,0,0,0,baixo
7,10000.0,71,0.9295774647887324,4,3,1,0,0,1,1,1,0,1,0,0,0,medio_baixo
5,10000.0,0,0.0,1,3,1,0,0,0,0,0,1,1,1,0,0,alto
1,10000.0,2,1.0,2,4,1,0,0,0,1,1,0,1,1,0,0,baixo
1,10000.0,0,0.0,1,2,1,0,1,0,1,0,0,0,0,1,0,medio_alto
4,10000.0,9,0.7777777777777778,4,2,1,0,0,0,0,0,0,1,0,0,0,baixo
1,10000.0,0,0.0,3,3,1,0,0,0,1,0,1,1,0,0,0,medio_alto
7,10000.0,9,1.0,5,1,1,1,0,0,0,0,0,1,0,0,0,medio_baixo
10,10000.0,27,0.18518518518518517,7,2,1,0,0,0,0,0,0,1,0,0,1,baixo
2,0.0,0,0.0,103,2,1,1,0,0,1,0,0,1,0,0,0,baixo
5,10000.0,18,1.0,1,4,1,0,1,0,1,0,0,1,0,0,0,medio_baixo
2,150000.0,2581,0.8616815187911662,11,1,1,0,0,2,0,0,1,0,0,0,0,alto
1,10000.0,242,0.11983471074380166,1,4,1,0,0,0,1,1,1,0,0,0,1,alto
7,10000.0,27,0.6296296296296297,103,5,1,0,0,0,1,0,1,1,0,1,1,baixo
9,35000.0,291,0.8006872852233677,1,4,1,0,1,4,1,1,1,1,0,0,0,medio_alto
1,10000.0,0,0.0,1,3,1,0,0,0,1,1,0,1,0,0,0,medio_alto
1,10000.0,0,0.0,16,2,1,0,1,0,1,1,0,0,0,0,0,alto
10,35000.0,338,0.7544378698224852,7,4,1,0,0,0,0,1,1,1,0,0,1,baixo
1,0.0,0,0.0,1,4,1,0,0,0,1,0,1,1,0,0,0,medio_baixo
1,10000.0,0,0.0,1,3,1,0,0,2,1,1,1,0,0,0,0,medio_alto
2,10000.0,10,0.8,5,2,1,0,0,0,1,0,0,0,0,1,0,baixo
1,10000.0,0,0.0,1,3,1,0,0,1,1,0,1,1,0,0,0,alto
8,10000.0,0,0.0,1,1,1,0,0,0,1,0,0,0,0,0,0,medio_baixo
4,10000.0,28,0.9285714285714286,7,3,1,0,1,0,1,0,0,1,0,0,0,medio_alto
2,10000.0,0,0.0,30,3,1,0,0,0,0,0,0,1,1,0,1,medio_baixo
5,35000.0,746,0.9249329758713136,10,2,1,0,0,0,0,0,0,0,0,1,1,alto
1,0.0,0,0.0,0,0,1,0,0,0,0,0,0,0,0,0,0,gratuito
2,0.0,0,0.0,3,3,1,0,0,0,1,0,0,1,0,0,0,gratuito
1,0.0,0,0.0,1,2,1,0,0,0,0,0,0,0,0,0,0,gratuito
6,35000.0,65,0.7384615384615385,1,3,1,0,0,0,1,1,1,0,0,0,0,alto
1,10000.0,7,1.0,1,2,1,0,1,0,0,1,1,0,0,0,0,medio_alto
11,10000.0,28,0.8928571428571429,10,2,1,0,0,2,1,1,0,0,0,0,0,medio_baixo
1,0.0,0,0.0,8,2,1,0,0,0,1,1,0,0,0,0,0,medio_baixo
5,350000.0,1581,0.8064516129032258,11,3,1,0,0,9,1,0,1,0,1,0,0,alto
1,10000.0,0,0.0,8,3,1,0,0,0,1,0,0,1,0,1,0,medio_baixo
3,10000.0,184,0.842391304347826,8,1,1,0,0,1,0,0,1,0,0,0,0,alto
1,10000.0,32,0.9375,1,3,1,0,0,1,0,0,1,0,1,1,0,alto
1,10000.0,0,0.0,1,2,1,0,0,0,0,0,0,0,1,0,0,gratuito
2,10000.0,1,1.0,1,4,1,0,0,0,1,1,0,1,0,0,1,baixo
4,10000.0,23,0.8695652173913043,1,4,1,1,1,0,1,0,1,1,1,0,0,baixo
1,0.0,0,0.0,1,4,1,0,0,0,1,1,0,1,0,0,1,alto
6,10000.0,15,0.9333333333333333,3,3,1,0,0,0,1,1,0,1,0,0,0,baixo
5,10000.0,13,1.0,1,1,1,0,0,0,0,1,0,0,0,0,0,medio_baixo
7,10000.0,94,0.8085106382978723,1,3,1,1,0,0,1,0,1,0,0,0,0,gratuito
4,10000.0,4,0.75,1,1,1,0,0,0,0,1,0,0,0,0,0,medio_alto
1,0.0,0,0.0,27,4,1,0,0,0,1,1,0,0,0,1,0,gratuito
7,10000.0,10,1.0,1,3,1,0,0,0,1,0,1,1,0,0,0,medio_baixo
7,10000.0,2,1.0,1,2,1,0,0,0,0,1,0,0,1,0,0,medio_alto
4,10000.0,5,0.6,4,1,1,0,0,0,0,0,0,1,0,0,0,medio_alto
5,10000.0,1,0.0,1,1,1,0,0,0,0,1,0,0,0,0,0,medio_baixo
1,0.0,0,0.0,11,2,1,0,0,0,0,1,1,0,0,0,0,medio_baixo
4,10000.0,3,1.0,1,2,1,0,0,0,1,0,0,1,0,0,0,medio_baixo
9,10000.0,10,0.6,8,3,1,1,1,0,1,0,0,1,0,1,0,medio_alto
2,10000.0,18,1.0,13,2,1,0,0,0,0,0,1,1,0,0,0,alto
6,10000.0,18,0.7222222222222222,4,1,1,0,0,0,0,0,0,1,0,0,0,baixo
4,0.0,0,0.0,2,1,1,0,0,0,0,0,0,0,0,1,0,gratuito
2,0.0,0,0.0,1,2,1,0,1,0,0,0,0,0,0,0,0,gratuito
6,35000.0,579,0.9550949913644214,4,3,1,0,0,1,1,0,1,1,0,0,0,medio_alto
6,10000.0,6,1.0,4,2,1,1,0,0,1,0,0,1,0,0,0,baixo
2,10000.0,1,0.0,1,2,1,0,0,0,1,0,0,1,0,0,0,medio_baixo
2,0.0,0,0.0,0,0,1,0,0,0,0,0,0,0,0,0,0,gratuito
2,10000.0,383,0.9347258485639687,1,2,1,1,1,0,1,0,1,0,0,0,0,medio_alto
6,35000.0,10,0.5,7,2,1,0,0,0,0,0,0,0,0,0,1,baixo
5,10000.0,3,0.6666666666666666,26,4,1,0,0,0,1,0,0,0,1,1,1,alto
3,10000.0,22,0.9090909090909091,2,3,1,0,0,0,1,1,0,0,0,0,0,gratuito
4,35000.0,4,1.0,1,3,1,0,0,0,1,1,1,0,0,0,0,baixo
3,10000.0,80,0.6875,4,1,1,0,0,0,1,0,0,0,0,0,0,baixo
1,0.0,0,0.0,0,0,1,0,0,0,0,0,0,0,0,0,0,gratuito
10,35000.0,53,0.8113207547169812,8,2,1,1,0,1,1,0,0,0,0,1,0,medio_baixo
3,10000.0,36,1.0,1,2,1,0,0,0,1,0,0,1,0,0,0,baixo
4,10000.0,4,1.0,3,2,1,0,0,0,1,0,0,1,0,0,0,medio_alto
9,35000.0,31,0.4838709677419355,1,2,1,1,1,0,0,0,0,1,0,1,0,baixo
2,10000.0,3,1.0,0,3,1,1,0,0,1,1,1,0,0,0,0,baixo
7,10000.0,8,0.375,2,4,1,0,0,0,1,0,1,0,1,0,1,medio_alto
11,75000.0,407,0.9262899262899262,11,1,1,0,0,0,0,0,0,1,0,0,0,medio_baixo
1,0.0,0,0.0,0,0,1,0,0,0,0,0,0,0,0,0,0,gratuito
5,10000.0,6,0.5,2,2,1,0,1,0,1,0,0,0,0,1,0,baixo
2,10000.0,0,0.0,1,4,1,0,0,0,1,0,1,1,0,1,0,baixo
2,10000.0,1,0.0,1,4,1,0,0,0,1,1,1,1,0,0,0,baixo
1,0.0,0,0.0,0,0,1,0,0,0,0,0,0,0,0,0,0,gratuito
6,10000.0,54,0.9814814814814815,1,1,1,1,0,0,0,0,1,0,0,0,0,alto
5,0.0,0,0.0,1,4,1,0,1,0,1,1,0,1,0,0,0,gratuito
4,35000.0,144,0.8819444444444444,2,1,1,0,0,2,0,0,0,0,1,0,0,alto
1,10000.0,0,0.0,1,2,1,1,1,1,1,0,0,1,0,0,0,baixo
8,10000.0,1,0.0,1,2,1,0,0,0,0,0,1,0,1,0,0,alto
2,10000.0,24,0.8333333333333334,1,1,1,0,0,0,0,0,0,0,1,0,0,alto
1,10000.0,0,0.0,7,3,1,0,0,0,1,0,1,0,1,0,0,alto
5,0.0,0,0.0,1,2,1,0,0,0,1,0,0,0,0,0,0,gratuito
8,10000.0,21,0.14285714285714285,1,2,1,0,0,0,0,1,0,1,0,0,0,baixo
10,10000.0,20,0.75,1,2,1,1,1,0,1,0,0,0,0,0,1,medio_alto
3,10000.0,1,1.0,1,5,1,0,0,0,0,1,0,1,1,1,1,medio_baixo
4,35000.0,73,0.5753424657534246,1,4,1,0,0,0,1,0,0,0,0,1,1,medio_baixo
4,10000.0,0,0.0,3,3,1,0,0,0,1,1,1,0,0,0,0,medio_alto
1,10000.0,0,0.0,10,3,1,0,0,0,0,0,0,1,0,1,1,medio_alto
1,0.0,0,0.0,0,0,1,0,0,0,0,0,0,0,0,0,0,gratuito
1,0.0,0,0.0,1,2,1,1,0,0,0,0,0,0,1,0,0,gratuito
3,10000.0,0,0.0,3,5,1,0,0,0,1,0,1,1,0,0,1,gratuito
3,0.0,0,0.0,0,0,1,0,0,0,0,0,0,0,0,0,0,gratuito
1,0.0,0,0.0,1,5,1,0,0,0,0,0,1,1,1,1,0,gratuito
5,10000.0,19,0.8947368421052632,2,4,1,0,0,0,1,1,0,0,0,0,0,gratuito
5,150000.0,4,0.25,1,2,1,0,0,0,1,1,0,0,0,0,0,medio_alto
1,0.0,0,0.0,0,0,1,0,0,0,0,0,0,0,0,0,0,gratuito
6,10000.0,0,0.0,2,3,1,0,0,0,1,0,0,1,1,0,0,medio_baixo
1,0.0,0,0.0,1,1,1,0,0,0,0,0,0,1,0,0,0,medio_baixo
4,10000.0,0,0.0,4,3,1,1,0,3,1,0,0,0,1,0,0,gratuito
4,10000.0,8,1.0,1,2,1,0,0,0,1,0,0,0,1,0,0,medio_baixo
8,10000.0,16,0.875,1,2,1,0,0,0,0,1,0,0,0,0,0,alto
4,10000.0,0,0.0,1,4,1,0,0,0,1,0,1,0,1,0,0,gratuito
3,10000.0,3,0.6666666666666666,1,3,1,0,1,0,1,0,1,1,0,0,0,baixo
3,10000.0,20,0.9,2,3,1,0,0,0,1,0,1,0,0,0,1,baixo
9,10000.0,30,0.3,4,7,1,0,0,0,1,1,1,1,0,1,1,alto
5,10000.0,0,0.0,1,4,1,1,1,0,1,0,1,1,0,0,0,medio_alto
1,10000.0,0,0.0,4,2,1,1,0,0,0,0,0,0,0,0,1,alto
2,0.0,0,0.0,0,0,1,0,0,0,0,0,0,0,0,0,0,gratuito
1,0.0,0,0.0,0,0,1,0,0,0,0,0,0,0,0,0,0,gratuito
6,10000.0,2,0.5,1,1,1,0,0,0,0,0,0,0,0,0,1,medio_alto
9,750000.0,5284,0.872445117335352,17,4,1,1,1,1,1,1,1,1,0,0,0,medio_alto
2,10000.0,2,1.0,3,3,1,0,0,0,1,1,1,0,0,0,0,baixo
7,10000.0,11,0.5454545454545454,1,5,1,0,0,0,1,0,1,0,0,1,0,baixo
2,10000.0,0,0.0,1,1,1,0,0,0,0,0,0,1,0,0,0,baixo
1,10000.0,0,0.0,2,3,1,0,0,0,1,0,0,0,0,1,1,alto
8,35000.0,67,0.7761194029850746,1,3,1,0,0,0,1,1,0,0,0,0,0,gratuito
10,10000.0,7,0.7142857142857143,1,4,1,0,0,0,1,1,0,0,0,0,0,medio_alto
1,0.0,0,0.0,13,2,1,0,0,0,0,0,0,0,0,1,0,gratuito
2,10000.0,11,0.9090909090909091,5,4,1,0,0,0,1,1,0,1,0,0,1,baixo
6,10000.0,131,0.8702290076335878,2,1,1,0,0,0,0,0,1,0,0,0,0,medio_baixo
6,10000.0,10,0.4,1,4,1,0,0,0,1,1,1,0,1,0,0,alto
1,0.0,0,0.0,0,0,1,0,0,0,0,0,0,0,0,0,0,gratuito
1,0.0,0,0.0,0,0,1,0,0,0,0,0,0,0,0,0,0,gratuito
2,150000.0,1743,0.8789443488238669,1,4,1,1,0,1,0,0,1,0,1,0,1,alto
2,10000.0,2,0.5,1,2,1,0,0,0,1,0,0,1,0,0,0,baixo
9,10000.0,3,0.6666666666666666,1,2,1,0,0,0,0,0,0,0,0,0,1,alto
3,10000.0,57,0.8947368421052632,6,2,1,0,0,3,0,1,0,1,0,0,0,alto
1,35000.0,126,0.9444444444444444,3,3,1,0,0,3,1,0,1,1,0,0,0,alto
2,0.0,0,0.0,30,4,1,0,0,0,1,0,0,1,1,0,1,medio_baixo
1,10000.0,0,0.0,3,4,1,1,1,0,1,1,1,0,1,0,0,alto
5,35000.0,47,0.7446808510638298,1,2,1,0,0,0,1,0,1,0,0,0,0,gratuito
2,10000.0,0,0.0,1,3,1,0,0,0,1,0,0,0,0,1,0,gratuito
1,10000.0,2,1.0,1,2,1,0,0,0,0,1,0,0,0,1,0,medio_alto
6,150000.0,361,0.7008310249307479,1,2,1,0,0,0,1,0,0,0,0,0,0,gratuito
2,0.0,0,0.0,8,4,1,0,0,4,1,0,0,1,0,0,1,gratuito
4,10000.0,2,0.0,2,2,1,0,0,0,1,1,0,0,0,0,0,medio_alto
8,10000.0,68,0.5735294117647058,1,5,1,0,0,0,1,1,1,0,1,1,0,baixo
1,10000.0,0,0.0,12,2,1,0,0,0,0,0,1,1,0,0,0,medio_alto
1,10000.0,13,1.0,3,3,1,1,1,0,1,0,1,1,0,0,0,alto
6,10000.0,4,0.5,1,1,1,0,0,0,1,0,0,0,0,0,0,baixo
1,10000.0,0,0.0,27,2,1,1,1,0,1,0,0,0,0,0,1,baixo
8,10000.0,0,0.0,16,2,1,0,0,0,1,0,0,1,0,0,0,baixo
1,10000.0,0,0.0,1,3,1,1,0,0,1,1,1,0,0,0,0,medio_baixo
5,0.0,0,0.0,1,2,1,1,0,0,1,0,0,1,0,0,0,gratuito
6,10000.0,7,0.8571428571428571,1,3,1,0,1,1,1,1,1,0,0,0,0,baixo
10,10000.0,12,1.0,1,1,1,0,0,0,0,0,1,0,0,0,0,medio_alto
4,10000.0,34,0.8823529411764706,1,2,1,0,0,2,1,1,0,0,0,0,0,medio_baixo
2,10000.0,2,1.0,2,1,1,0,0,0,0,0,1,0,0,0,0,medio_alto
1,10000.0,0,0.0,27,2,1,1,1,0,1,0,0,0,0,0,1,baixo
1,10000.0,0,0.0,1,3,1,0,0,0,1,1,1,0,0,0,0,baixo
6,10000.0,1,1.0,1,3,1,0,0,0,1,1,0,0,0,0,0,medio_alto
1,0.0,0,0.0,0,0,1,0,0,0,0,0,0,0,0,0,0,gratuito
3,1500000.0,45414,0.9356145681948298,6,5,1,1,1,2,1,0,1,0,1,1,1,medio_alto
7,10000.0,68,0.8529411764705882,2,1,1,0,0,0,1,0,0,0,0,0,0,gratuito
5,10000.0,145,0.903448275862069,1,4,1,0,0,0,1,0,1,0,1,1,0,medio_baixo
4,0.0,0,0.0,13,2,1,0,0,0,0,1,1,0,0,0,0,gratuito
2,10000.0,8,0.875,1,2,1,0,0,0,0,0,1,0,0,1,0,alto
8,75000.0,374,0.5267379679144385,1,5,1,0,0,0,1,0,1,1,0,1,0,gratuito
1,10000.0,0,0.0,1,4,1,0,0,0,1,0,0,1,0,0,1,medio_baixo
1,0.0,0,0.0,2,5,1,0,0,4,1,0,1,0,1,1,1,alto
2,10000.0,10,1.0,3,2,1,0,0,0,1,0,0,1,0,0,0,baixo
6,10000.0,0,0.0,3,4,1,0,0,0,1,0,0,1,1,0,1,baixo
11,75000.0,61,0.47540983606557374,1,4,1,0,0,1,1,0,1,1,1,0,0,baixo
4,35000.0,51,0.8823529411764706,2,4,1,0,0,1,1,1,1,0,1,0,0,baixo
4,0.0,0,0.0,1,2,1,0,1,2,1,0,0,0,0,0,0,gratuito
1,10000.0,0,0.0,1,3,1,0,1,0,1,0,0,1,0,0,0,baixo
4,10000.0,1,0.0,1,3,1,0,1,0,1,1,0,1,0,0,0,medio_baixo
4,10000.0,0,0.0,2,1,1,0,0,0,0,0,0,1,0,0,0,medio_baixo
6,35000.0,107,0.8504672897196262,12,2,1,0,0,0,1,0,0,0,0,1,0,medio_baixo
2,10000.0,1,1.0,11,3,1,0,0,0,1,1,0,1,0,0,0,alto
7,75000.0,24,0.625,2,5,1,1,1,1,1,1,1,0,1,0,0,gratuito
1,0.0,0,0.0,0,0,1,0,0,0,0,0,0,0,0,0,0,gratuito
3,10000.0,5,0.8,1,1,1,0,0,0,0,1,0,0,0,0,0,alto
1,10000.0,0,0.0,17,2,1,0,0,0,1,0,0,1,0,0,0,baixo
4,35000.0,62,0.8548387096774194,1,4,1,0,0,0,1,0,1,0,1,1,0,alto
1,10000.0,0,0.0,1,3,1,1,1,0,1,0,1,0,1,0,0,medio_baixo
1,0.0,0,0.0,1,3,1,0,0,0,1,1,0,1,0,0,0,medio_baixo
5,150000.0,24,0.75,1,3,1,1,0,1,0,1,1,1,0,0,0,gratuito
2,10000.0,30,0.9333333333333333,1,4,1,1,0,0,1,0,0,1,0,0,1,gratuito
2,10000.0,1,0.0,1,2,1,1,0,0,0,1,0,1,0,0,0,medio_baixo
5,10000.0,10,1.0,1,3,1,0,0,0,1,0,1,0,0,1,0,alto
9,35000.0,59,0.7966101694915254,1,3,1,0,0,0,1,0,1,0,0,0,0,gratuito
13,35000.0,93,0.3010752688172043,1,3,1,1,1,0,1,1,1,0,0,0,0,medio_baixo
7,150000.0,1980,0.9545454545454546,7,3,1,1,0,1,1,0,1,1,0,0,0,medio_baixo
1,0.0,0,0.0,1,3,1,0,0,0,0,1,0,0,0,1,0,gratuito
2,10000.0,7,0.8571428571428571,8,4,1,0,0,0,1,1,1,0,0,0,1,medio_baixo
4,10000.0,14,0.7857142857142857,2,2,1,1,1,0,1,1,0,0,0,0,0,gratuito
2,35000.0,2,1.0,2,3,1,0,0,0,1,0,1,0,1,0,0,medio_alto
8,10000.0,0,0.0,1,2,1,0,0,0,1,0,0,1,0,0,0,medio_baixo
6,10000.0,0,0.0,10,1,1,0,0,0,0,0,0,1,0,0,0,medio_baixo
1,10000.0,9,0.7777777777777778,1,2,1,0,0,0,1,0,1,0,0,0,0,medio_alto
11,10000.0,333,0.9309309309309309,1,2,1,1,1,1,1,0,1,0,0,0,0,medio_alto
1,10000.0,1,1.0,8,3,1,0,0,0,1,0,0,0,0,0,1,medio_baixo
8,10000.0,0,0.0,1,2,1,1,1,0,1,0,0,1,0,0,0,gratuito
1,10000.0,75,0.9066666666666666,1,6,1,0,0,0,1,0,1,0,1,1,1,alto
6,35000.0,84,0.8928571428571429,1,2,1,0,0,0,0,1,1,0,0,0,0,alto
4,0.0,0,0.0,103,4,1,0,0,0,1,1,0,1,0,0,0,gratuito
5,750000.0,13118,0.7601768562280835,12,1,1,0,0,0,0,1,0,0,0,0,0,alto
10,75000.0,612,0.8316993464052288,1,3,1,0,0,1,1,0,1,0,0,0,1,medio_alto
1,0.0,0,0.0,4,4,1,0,0,0,0,0,0,1,1,0,0,gratuito
11,75000.0,552,0.8369565217391305,1,2,1,0,1,1,1,1,0,0,0,0,0,baixo
9,10000.0,1,1.0,1,2,1,0,0,0,1,1,0,0,0,0,0,baixo
5,10000.0,9,0.5555555555555556,1,4,1,0,0,0,0,1,1,1,0,0,0,alto
6,10000.0,58,0.5517241379310345,1,4,1,0,0,0,1,0,1,1,0,0,1,medio_baixo
1,10000.0,0,0.0,1,1,1,0,0,0,0,0,0,1,0,0,0,alto
9,10000.0,41,0.4878048780487805,2,2,1,0,0,1,1,0,1,0,0,0,0,baixo
3,10000.0,5,0.4,1,3,1,0,0,0,1,1,0,1,0,0,0,baixo
2,35000.0,655,0.9206106870229007,1,4,1,0,0,0,1,1,0,1,0,1,0,medio_alto
10,10000.0,48,0.5,1,5,1,0,0,0,1,1,1,0,1,0,1,medio_alto
3,0.0,0,0.0,1,2,1,0,0,0,1,1,0,0,0,0,0,gratuito
5,10000.0,51,0.7254901960784313,1,3,1,1,1,0,1,1,0,0,0,0,0,alto
4,35000.0,51,0.8823529411764706,1,4,1,0,0,0,1,1,1,1,0,0,0,baixo
8,10000.0,14,0.35714285714285715,3,4,1,0,0,0,1,1,1,0,0,1,0,baixo
2,10000.0,0,0.0,1,1,1,1,0,0,0,0,0,1,0,0,0,medio_alto
6,10000.0,1,0.0,1,5,1,1,1,0,1,1,1,1,0,0,1,alto
7,3500000.0,71069,0.9803430468980849,10,2,1,1,0,1,1,1,0,0,0,0,0,alto
14,1500000.0,25472,0.8916064698492462,6,1,1,0,0,1,0,1,0,0,0,0,0,medio_alto
3,10000.0,11,1.0,7,3,1,0,0,1,1,0,1,1,0,0,0,baixo
7,150000.0,2146,0.7260018639328985,12,2,1,1,1,0,1,0,1,0,0,0,0,medio_baixo
1,10000.0,0,0.0,6,3,1,1,1,1,1,1,0,1,0,0,0,medio_alto
2,10000.0,0,0.0,1,3,1,0,0,0,1,1,0,1,0,0,0,baixo
1,0.0,0,0.0,25,1,1,0,0,0,1,0,0,0,0,0,0,medio_alto
3,0.0,0,0.0,0,0,1,0,0,0,0,0,0,0,0,0,0,gratuito
3,0.0,0,0.0,1,3,1,0,0,0,1,0,1,0,0,0,0,gratuito
2,10000.0,66,0.8333333333333334,9,4,1,0,0,5,1,1,1,1,0,0,0,alto
4,0.0,0,0.0,0,0,1,0,0,0,0,0,0,0,0,0,0,gratuito
3,10000.0,26,0.6538461538461539,29,2,1,0,0,0,1,1,0,0,0,0,0,baixo
2,0.0,0,0.0,1,7,1,0,0,0,1,1,1,1,1,1,0,gratuito
8,10000.0,4,1.0,1,2,1,0,0,0,0,0,1,1,0,0,0,medio_alto
1,0.0,0,0.0,0,0,1,0,0,0,0,0,0,0,0,0,0,gratuito
1,0.0,0,0.0,1,3,1,0,0,0,1,0,0,0,1,0,0,gratuito
2,10000.0,260,0.9653846153846154,3,2,1,0,0,1,0,0,0,1,0,0,1,alto
1,0.0,0,0.0,1,4,1,0,0,0,1,0,1,0,0,0,1,gratuito
2,10000.0,71,0.9859154929577465,1,1,1,0,0,0,0,0,0,0,1,0,0,medio_alto
5,35000.0,139,0.8848920863309353,29,6,1,0,0,0,1,0,1,1,1,0,1,gratuito
2,10000.0,0,0.0,1,5,1,1,0,0,1,0,0,1,0,1,1,alto
6,35000.0,13,1.0,1,3,1,0,0,0,1,1,0,0,0,0,1,alto
3,10000.0,6,0.6666666666666666,1,2,1,0,0,0,1,0,0,0,0,0,1,baixo
9,10000.0,15,0.7333333333333333,1,2,1,0,0,0,0,0,0,1,0,0,1,medio_baixo
2,0.0,0,0.0,0,0,1,0,0,0,0,0,0,0,0,0,0,gratuito
1,10000.0,0,0.0,1,1,1,0,0,0,1,0,0,0,0,0,0,medio_baixo
6,10000.0,223,0.7937219730941704,1,3,1,0,0,0,1,1,1,0,0,0,0,alto
1,10000.0,18,0.9444444444444444,1,6,1,0,0,4,1,1,1,0,1,1,1,medio_alto
1,10000.0,0,0.0,2,3,1,1,0,0,1,0,1,1,0,0,0,alto
1,10000.0,2,1.0,3,3,1,0,1,0,1,1,0,0,0,0,1,medio_alto
1,0.0,0,0.0,0,0,1,0,0,0,0,0,0,0,0,0,0,gratuito
3,35000.0,217,0.9078341013824884,9,2,1,1,0,0,1,0,0,1,0,0,0,medio_baixo
11,10000.0,0,0.0,1,1,1,0,0,0,0,0,0,0,0,0,0,alto
6,10000.0,125,0.76,1,3,1,0,0,0,0,1,1,0,0,0,0,baixo
1,10000.0,0,0.0,2,3,1,1,0,0,1,0,0,1,0,1,0,medio_baixo
1,10000.0,0,0.0,1,1,1,0,0,0,1,0,0,0,0,0,0,baixo
10,35000.0,43,0.8604651162790697,6,4,1,0,0,0,1,1,0,1,0,1,0,alto
3,10000.0,1,1.0,1,2,1,0,0,0,1,0,0,0,1,0,0,baixo
2,10000.0,4,1.0,1,4,1,0,0,0,1,1,0,1,0,0,0,medio_alto
7,3500000.0,80604,0.8598084462309563,20,4,1,0,0,1,1,1,1,0,0,0,1,medio_baixo
4,10000.0,122,0.9590163934426229,1,2,1,0,1,0,1,0,0,1,0,0,0,medio_alto
16,3500000.0,10171,0.7397502703765608,5,1,1,0,0,0,0,1,0,0,0,0,0,gratuito
5,75000.0,1215,0.7950617283950617,5,3,1,0,0,0,1,0,1,1,0,0,0,medio_baixo
1,10000.0,0,0.0,1,3,1,0,1,0,1,0,0,1,1,0,0,medio_alto
1,0.0,0,0.0,102,2,1,0,0,0,1,0,0,1,0,0,0,baixo
7,150000.0,643,0.7402799377916018,8,2,1,0,0,2,1,0,1,0,0,0,0,medio_baixo
1,10000.0,786,0.8804071246819338,15,3,1,0,0,0,1,1,0,0,0,0,1,medio_alto
3,10000.0,3,1.0,1,4,1,1,0,0,1,0,1,1,1,0,0,baixo
3,35000.0,749,0.965287049399199,14,4,1,1,1,5,1,0,1,1,0,0,1,alto
5,0.0,0,0.0,1,3,1,1,0,0,1,1,1,0,0,0,0,gratuito
1,0.0,0,0.0,3,4,1,0,0,0,1,1,1,0,0,1,0,medio_baixo
1,10000.0,2,0.0,1,2,1,0,0,0,0,0,0,1,1,0,0,alto
5,35000.0,14,0.8571428571428571,1,5,1,1,0,0,1,1,1,1,0,0,0,gratuito
1,10000.0,0,0.0,28,2,1,0,0,0,1,0,0,1,0,0,0,baixo
3,0.0,0,0.0,0,0,1,0,0,0,0,0,0,0,0,0,0,gratuito
2,0.0,0,0.0,2,2,1,0,0,0,0,1,0,0,0,0,0,gratuito
7,10000.0,5,0.8,2,2,1,0,0,0,1,0,0,0,0,0,0,medio_baixo
3,10000.0,1,0.0,1,5,1,0,0,0,1,1,1,1,1,0,0,baixo
2,10000.0,170,0.4764705882352941,2,3,1,0,0,0,1,1,0,0,1,0,0,alto
9,10000.0,35,0.7428571428571429,1,3,1,1,0,0,1,1,1,0,0,0,0,baixo
5,35000.0,28,0.35714285714285715,1,1,1,0,0,0,0,0,0,0,0,1,0,alto
6,35000.0,4,1.0,3,2,1,0,0,0,1,0,0,1,0,0,0,medio_baixo
8,10000.0,14,0.7857142857142857,1,3,1,0,1,0,1,0,1,1,0,0,0,baixo
3,10000.0,22,1.0,5,3,1,0,0,1,1,1,0,0,0,0,1,baixo
2,0.0,0,0.0,0,0,1,0,0,0,0,0,0,0,0,0,0,gratuito
2,10000.0,1,1.0,1,2,1,0,0,0,1,0,0,1,0,0,0,baixo
1,0.0,0,0.0,1,7,1,0,0,0,1,1,1,1,0,1,0,gratuito
2,10000.0,0,0.0,12,4,1,0,0,0,1,1,1,0,1,0,0,alto
1,10000.0,0,0.0,1,3,1,0,0,0,0,1,0,0,1,1,0,medio_alto
3,0.0,0,0.0,0,0,1,0,0,0,0,0,0,0,0,0,0,gratuito
1,10000.0,0,0.0,1,3,1,0,0,0,1,0,0,1,0,0,1,medio_baixo
1,0.0,0,0.0,1,3,1,0,0,0,1,1,0,1,0,0,0,baixo
5,35000.0,50,0.86,1,3,1,1,0,0,1,0,0,0,1,1,0,gratuito
2,10000.0,6,0.6666666666666666,1,2,1,0,0,0,0,0,0,0,0,1,1,alto
18,10000.0,22,0.5454545454545454,1,3,1,0,0,0,1,1,0,0,0,1,0,gratuito
1,0.0,0,0.0,2,3,1,0,1,0,1,0,0,0,0,1,0,gratuito
7,10000.0,62,0.6774193548387096,29,3,1,0,0,1,1,0,0,1,0,0,1,baixo
2,10000.0,24,0.9583333333333334,6,5,1,0,1,0,1,1,1,1,1,0,0,medio_alto
3,10000.0,20,0.6,3,4,1,0,0,0,1,0,0,1,0,0,1,medio_baixo
1,10000.0,0,0.0,2,2,1,0,0,0,1,0,1,0,0,0,0,medio_baixo
2,10000.0,1,1.0,1,3,1,0,0,0,0,1,0,1,0,1,0,baixo
1,0.0,0,0.0,8,3,1,1,0,0,0,0,1,1,0,1,0,alto
8,35000.0,92,0.8152173913043478,1,7,1,0,0,4,1,0,1,1,1,1,1,gratuito
5,35000.0,101,0.9801980198019802,3,3,1,0,1,0,1,0,1,0,0,0,0,gratuito
2,35000.0,533,0.9418386491557224,14,4,1,0,0,0,1,0,1,1,0,0,0,alto
1,0.0,0,0.0,1,3,1,1,1,0,1,0,0,1,0,0,0,gratuito
8,10000.0,22,0.13636363636363635,1,3,1,0,0,0,1,0,0,1,0,0,1,baixo
6,10000.0,11,0.45454545454545453,1,4,1,0,0,0,1,0,1,1,1,0,0,medio_baixo
2,10000.0,0,0.0,1,5,1,0,0,0,1,1,0,1,0,0,0,gratuito
10,350000.0,855,0.791812865497076,1,2,1,0,0,0,0,0,0,1,0,0,0,gratuito
2,10000.0,73,0.9452054794520548,1,2,1,0,0,0,1,0,1,0,0,0,0,medio_baixo
2,10000.0,2,0.5,1,1,1,0,0,0,0,0,0,1,0,0,0,medio_alto
2,10000.0,0,0.0,6,1,1,0,0,0,0,0,0,1,0,0,0,medio_alto
5,150000.0,2,0.5,1,6,1,0,0,0,1,1,0,1,0,1,0,medio_alto
2,10000.0,7,1.0,3,3,1,0,0,0,1,0,0,0,1,0,1,baixo
10,10000.0,57,0.5087719298245614,1,1,1,0,0,0,1,0,0,0,0,0,0,medio_baixo
2,10000.0,2,1.0,1,7,1,0,0,0,1,1,1,1,1,0,0,gratuito
10,10000.0,40,0.6,4,3,1,1,1,0,1,1,0,1,0,0,0,medio_alto
5,10000.0,0,0.0,1,2,1,0,0,0,1,0,0,1,0,0,0,baixo
1,0.0,0,0.0,103,3,1,0,0,0,1,0,1,0,0,1,0,baixo
1,10000.0,19,0.9473684210526315,21,2,1,0,0,0,0,1,1,0,0,0,0,medio_alto
8,35000.0,238,0.773109243697479,5,2,1,0,0,0,0,1,0,0,1,0,0,medio_baixo
3,10000.0,5,0.2,2,2,1,0,0,0,1,0,0,0,0,1,0,alto
14,1500000.0,40659,0.9294621117095846,1,2,1,0,0,0,0,0,0,0,0,0,0,gratuito
8,10000.0,30,0.6666666666666666,2,3,1,0,0,0,1,1,1,0,0,0,0,alto
2,10000.0,0,0.0,1,3,1,0,0,0,1,1,0,0,0,0,0,gratuito
5,35000.0,4,0.5,1,2,1,0,0,0,0,1,0,0,1,0,0,alto
4,35000.0,278,0.8237410071942446,1,3,1,0,0,0,1,1,1,0,0,0,0,medio_baixo
4,35000.0,26,0.6153846153846154,1,4,1,0,0,0,1,1,1,0,0,0,1,medio_baixo
1,0.0,0,0.0,1,3,1,0,0,0,1,0,0,1,0,0,0,gratuito
2,10000.0,2,1.0,10,4,1,1,1,0,1,0,0,1,0,1,0,baixo
5,10000.0,13,1.0,1,4,1,0,0,0,1,0,0,1,0,1,1,medio_baixo
5,0.0,0,0.0,1,4,1,1,1,0,1,1,1,0,0,0,0,gratuito
8,10000.0,1,0.0,1,3,1,0,0,0,1,1,0,0,0,0,0,medio_baixo
8,10000.0,25,0.84,1,1,1,0,0,0,1,0,0,0,0,0,0,baixo
3,0.0,0,0.0,0,0,1,0,0,0,0,0,0,0,0,0,0,gratuito
4,10000.0,91,0.6703296703296703,1,3,1,1,0,0,0,0,0,0,0,0,0,alto
3,10000.0,1,1.0,1,1,1,0,0,0,0,0,0,1,0,0,0,alto
8,35000.0,82,0.7195121951219512,6,5,1,1,0,1,1,1,0,1,0,0,1,alto
1,10000.0,1,1.0,2,5,1,0,0,0,1,1,1,1,0,1,0,medio_alto
9,35000.0,45,0.6222222222222222,9,2,1,1,0,0,0,1,0,1,0,0,0,baixo
4,0.0,0,0.0,1,5,1,0,0,0,1,1,0,1,0,0,0,gratuito
9,10000.0,0,0.0,4,2,1,0,0,0,0,1,0,1,0,0,0,medio_baixo
3,0.0,0,0.0,1,6,1,0,1,0,1,1,0,1,1,0,1,gratuito
4,10000.0,0,0.0,2,5,1,0,0,0,1,1,1,1,1,0,0,medio_alto
6,10000.0,41,0.6341463414634146,2,3,1,0,0,0,1,1,1,0,0,0,0,medio_baixo
2,10000.0,24,0.7083333333333334,2,4,1,0,0,0,1,1,1,0,0,0,1,baixo
7,10000.0,0,0.0,2,3,1,0,1,0,1,0,1,1,0,0,0,medio_baixo
5,10000.0,0,0.0,6,3,1,0,0,3,1,0,1,0,1,0,0,baixo
12,35000000.0,82197,0.6636981884983637,10,3,1,0,0,10,0,1,0,0,0,0,0,gratuito
8,10000.0,54,0.6111111111111112,1,2,1,0,0,1,1,0,0,1,0,0,0,baixo
2,10000.0,18,0.6666666666666666,1,4,1,0,0,0,1,1,1,0,0,0,1,medio_baixo
7,10000.0,50,0.64,1,1,1,1,0,0,0,0,0,0,0,1,0,gratuito
2,10000.0,2,1.0,8,1,1,0,0,0,0,0,0,1,0,0,0,baixo
5,10000.0,3,0.3333333333333333,1,6,1,0,0,0,1,0,1,0,0,0,1,baixo
3,10000.0,1,0.0,2,2,1,0,0,0,1,1,0,0,0,0,0,baixo
2,10000.0,1,0.0,1,2,1,0,0,0,0,0,0,0,0,0,1,medio_alto
3,10000.0,42,0.21428571428571427,1,1,1,1,0,21,0,0,0,0,0,0,1,alto
2,10000.0,82,0.9634146341463414,3,2,1,0,0,0,1,0,1,0,0,0,0,medio_alto
3,10000.0,0,0.0,1,2,1,0,1,0,0,0,0,1,0,0,1,medio_alto
1,10000.0,3,1.0,3,3,1,0,0,0,1,1,0,0,0,0,0,medio_baixo
1,10000.0,0,0.0,1,1,1,0,0,0,0,1,0,0,0,0,0,alto
8,10000.0,8,0.5,1,6,1,0,0,0,1,1,1,0,1,1,0,medio_alto
1,0.0,0,0.0,0,0,1,0,0,0,0,0,0,0,0,0,0,gratuito
3,10000.0,7,0.14285714285714285,2,4,1,0,0,0,1,1,0,1,0,0,0,alto
3,10000.0,2,1.0,1,4,1,0,0,0,1,0,1,1,0,1,0,medio_alto
1,0.0,0,0.0,1,2,1,0,0,0,1,0,0,0,0,0,0,gratuito
3,0.0,0,0.0,0,0,1,0,0,0,0,0,0,0,0,0,0,gratuito
2,10000.0,29,0.8275862068965517,11,4,1,0,0,0,1,1,1,0,0,0,1,medio_baixo
1,10000.0,30,1.0,4,3,1,0,0,0,1,0,1,1,0,0,0,medio_alto
9,35000.0,303,0.7623762376237624,1,2,1,1,1,0,1,0,0,1,0,0,0,baixo
4,10000.0,8,0.875,1,4,1,0,0,0,1,0,1,1,0,1,0,baixo
3,10000.0,3,0.6666666666666666,2,1,1,0,0,0,0,0,0,1,0,0,0,alto
8,10000.0,84,0.8690476190476191,11,3,1,1,0,1,1,0,0,1,0,0,0,baixo
2,10000.0,12,0.9166666666666666,13,2,1,0,0,0,1,0,1,0,0,0,0,baixo
6,10000.0,15,1.0,2,3,1,0,0,0,0,1,0,1,0,1,0,alto
7,75000.0,714,0.8697478991596639,1,1,1,1,1,2,1,0,0,0,0,0,0,gratuito
4,10000.0,3,0.6666666666666666,1,5,1,0,0,0,1,0,1,1,1,1,0,medio_baixo
1,10000.0,0,0.0,2,2,1,0,0,0,1,0,0,0,0,0,1,baixo
3,0.0,0,0.0,1,3,1,1,0,0,1,0,0,0,0,0,1,gratuito
1,10000.0,3,1.0,1,2,1,0,0,0,1,0,0,0,0,1,0,alto
2,10000.0,2,0.5,1,2,1,0,0,0,1,1,0,0,0,0,0,medio_baixo
2,75000.0,3,1.0,10,4,1,1,0,1,1,1,1,1,0,0,0,baixo
1,10000.0,0,0.0,27,2,1,1,1,0,1,0,0,0,0,0,1,baixo
6,75000.0,194,0.8041237113402062,103,4,1,1,1,0,1,0,0,1,0,0,1,baixo
1,0.0,0,0.0,0,0,1,0,0,0,0,0,0,0,0,0,0,gratuito
2,10000.0,2,1.0,1,2,1,0,0,0,1,0,1,0,0,0,0,baixo
1,35000.0,1,1.0,5,4,1,0,0,0,1,0,0,1,0,1,1,baixo
3,10000.0,3,1.0,6,3,1,0,0,0,0,0,0,1,0,0,1,baixo
2,0.0,0,0.0,0,0,1,0,0,0,0,0,0,0,0,0,0,gratuito
9,150000.0,97,0.6804123711340206,1,4,1,0,0,0,1,1,1,0,1,0,0,baixo
5,10000.0,2,1.0,1,4,1,0,0,0,1,1,0,1,0,1,0,medio_baixo
5,10000.0,31,1.0,12,2,1,0,0,0,0,1,0,1,0,0,0,baixo
5,10000.0,0,0.0,1,2,1,1,1,1,1,0,0,1,0,0,0,baixo
1,0.0,0,0.0,1,1,1,0,0,0,1,0,0,0,0,0,0,baixo
2,10000.0,15,1.0,1,1,1,0,0,0,0,0,0,0,0,0,1,medio_alto
5,10000.0,10,0.5,1,3,1,0,0,0,1,0,0,0,0,0,0,gratuito
3,0.0,0,0.0,0,0,1,0,0,0,0,0,0,0,0,0,0,gratuito
12,350000.0,1833,0.9132569558101473,1,3,1,1,1,0,1,0,0,1,0,1,0,alto
8,10000.0,73,0.6164383561643836,1,4,1,0,0,0,0,0,0,0,0,1,1,alto
8,35000.0,183,0.7814207650273224,1,5,1,1,0,0,1,1,0,0,0,0,0,gratuito
8,10000.0,53,0.7358490566037735,1,5,1,0,0,1,1,0,1,1,1,1,0,medio_baixo
5,10000.0,2,1.0,6,4,1,0,1,0,1,0,1,1,0,0,1,medio_alto
11,10000.0,112,0.7053571428571429,1,3,1,0,0,0,1,0,0,1,0,1,0,medio_baixo
2,10000.0,161,0.34782608695652173,9,3,1,0,0,3,0,1,0,0,0,1,1,medio_alto
2,10000.0,0,0.0,1,3,1,0,0,0,0,1,0,0,1,0,0,alto
3,10000.0,11,1.0,1,5,1,0,0,0,1,0,1,1,1,0,1,baixo
5,10000.0,5,0.4,2,6,1,0,0,0,0,0,0,0,0,0,0,alto
14,350000.0,1852,0.9227861771058316,24,1,1,1,0,1,1,0,0,0,0,0,0,medio_alto
3,10000.0,438,0.9908675799086758,3,3,1,0,0,0,1,0,1,1,0,0,0,medio_alto
5,10000.0,4,1.0,1,3,1,0,0,0,1,1,0,1,0,0,0,medio_baixo
1,0.0,0,0.0,10,5,1,0,0,0,1,1,0,0,0,0,0,gratuito
1,10000.0,0,0.0,2,3,1,0,0,0,1,0,0,1,0,1,0,baixo
3,10000.0,0,0.0,6,1,1,0,0,0,0,0,0,1,0,0,0,alto
12,35000.0,575,0.8660869565217392,5,2,1,0,0,0,0,0,0,0,0,0,0,alto
8,35000.0,31,0.8709677419354839,1,2,1,1,0,0,0,0,0,1,0,1,0,gratuito
9,10000.0,33,0.5757575757575758,1,2,1,0,0,1,1,0,1,0,0,0,0,gratuito
1,10000.0,0,0.0,1,3,1,0,0,0,1,0,0,0,1,0,0,medio_alto
6,350000.0,3578,0.9541643376187814,6,3,1,0,0,2,0,1,1,0,0,0,0,gratuito
5,35000.0,214,0.8925233644859814,8,2,1,0,0,0,1,1,0,0,0,0,0,medio_alto
2,10000.0,0,0.0,1,2,1,1,1,0,1,0,0,0,0,0,0,medio_alto
6,10000.0,13,0.7692307692307693,2,5,1,0,0,0,1,1,0,1,0,1,1,medio_baixo
4,10000.0,4,0.75,2,2,1,0,0,0,0,1,1,0,0,0,0,medio_baixo
4,10000.0,404,0.6683168316831684,13,2,1,0,0,2,0,1,0,0,1,0,0,medio_baixo
1,35000.0,772,0.8652849740932642,15,3,1,0,0,1,1,1,0,0,1,0,0,medio_alto
6,75000.0,123,0.7804878048780488,1,4,1,0,0,0,1,1,0,1,0,0,0,medio_alto
2,10000.0,5,1.0,15,3,1,0,0,0,1,1,0,0,0,0,0,medio_baixo
8,10000.0,3,1.0,1,3,1,0,0,0,1,1,1,0,0,0,0,baixo
3,10000.0,7,0.2857142857142857,1,4,1,0,0,0,1,1,1,0,0,1,0,medio_alto
4,10000.0,21,0.6666666666666666,1,4,1,0,0,0,1,1,1,0,0,0,0,gratuito
2,0.0,0,0.0,0,0,1,0,0,0,0,0,0,0,0,0,0,gratuito
3,35000.0,2,1.0,1,2,1,0,0,0,0,0,0,0,1,0,0,baixo
4,10000.0,5,0.2,1,4,1,0,0,0,0,0,1,0,1,0,0,alto
8,350000.0,1869,0.922418405564473,1,4,1,1,0,0,1,1,1,0,1,0,0,baixo
5,10000.0,2,0.5,2,5,1,0,0,0,1,1,1,0,1,1,0,baixo
8,10000.0,17,0.7647058823529411,1,5,1,0,0,0,1,0,0,1,0,1,1,baixo
1,0.0,0,0.0,1,2,1,0,0,0,0,0,0,1,0,1,0,medio_baixo
1,0.0,0,0.0,14,2,1,0,0,0,1,0,1,0,0,0,0,alto
1,0.0,0,0.0,1,5,1,0,0,0,1,0,1,1,0,1,1,baixo
12,0.0,0,0.0,1,5,1,0,0,0,1,1,0,0,0,0,1,gratuito
1,10000.0,5,1.0,1,2,1,0,0,0,1,1,0,0,0,0,0,medio_alto
8,10000.0,16,0.5625,1,3,1,0,0,0,1,0,0,0,0,1,1,medio_baixo
6,350000.0,424,0.9009433962264151,1,2,1,0,0,3,0,0,0,1,0,0,1,gratuito
8,75000.0,196,0.8877551020408163,4,2,1,0,0,1,0,0,0,1,0,1,0,alto
8,750000.0,4722,0.7863193562049979,102,3,1,0,0,2,1,0,0,1,0,0,0,baixo
1,0.0,0,0.0,1,4,1,0,0,0,1,1,1,1,0,0,0,baixo
1,10000.0,0,0.0,27,1,1,1,1,0,1,0,0,0,0,0,0,alto
2,10000.0,11,0.9090909090909091,1,2,1,1,1,0,1,1,0,0,0,0,0,medio_baixo
3,10000.0,13,0.8461538461538461,1,6,1,0,0,0,1,1,1,1,0,0,1,medio_alto
1,10000.0,0,0.0,1,4,1,0,0,0,1,1,1,0,1,0,0,medio_baixo
1,10000.0,10,1.0,2,3,1,0,0,0,1,0,1,1,0,0,0,alto
4,35000.0,703,0.9758179231863442,1,1,1,1,1,0,0,0,0,1,0,0,0,medio_baixo
1,10000.0,0,0.0,1,2,1,0,1,0,0,1,0,0,0,0,0,gratuito
1,0.0,0,0.0,3,3,1,0,0,0,0,1,1,0,1,0,0,medio_alto
4,10000.0,1,0.0,1,2,1,0,0,0,0,0,1,0,1,0,0,medio_baixo
8,10000.0,17,0.6470588235294118,6,2,1,0,0,0,1,1,0,0,0,0,0,baixo
4,10000.0,5,0.4,1,2,1,0,0,0,0,0,0,1,0,0,1,medio_alto
2,10000.0,1,1.0,1,2,1,0,0,0,1,0,0,1,0,0,0,baixo
2,10000.0,0,0.0,1,3,1,0,0,0,1,0,1,0,0,0,0,alto
11,150000.0,946,0.3689217758985201,7,1,1,0,0,0,0,0,0,0,0,1,0,baixo
1,0.0,0,0.0,1,1,1,1,1,0,1,0,0,0,0,0,0,baixo
7,10000.0,1,0.0,1,5,1,0,0,0,1,0,0,1,1,1,0,medio_baixo
3,0.0,0,0.0,3,3,1,0,0,1,1,0,0,1,0,0,0,gratuito
2,10000.0,16,0.9375,5,1,1,0,0,0,1,0,0,0,0,0,0,medio_alto
2,35000.0,6,1.0,1,2,1,0,0,1,1,1,0,0,0,0,0,alto
1,10000.0,0,0.0,2,3,1,0,0,0,1,0,1,0,0,0,0,medio_alto
3,10000.0,17,1.0,1,3,1,1,0,0,1,1,0,1,0,0,0,medio_alto
5,10000.0,8,0.625,1,6,1,0,0,0,1,1,1,1,1,1,0,baixo
1,0.0,0,0.0,1,1,1,0,0,0,0,0,0,1,0,0,0,alto
1,10000.0,0,0.0,1,4,1,0,0,0,1,0,1,1,0,0,1,medio_alto
1,0.0,0,0.0,1,2,1,0,0,0,1,0,1,0,0,0,0,medio_baixo
6,350000.0,2296,0.8318815331010453,13,3,1,0,0,1,1,0,0,0,0,1,1,medio_alto
19,750000.0,914,0.7789934354485777,5,1,1,0,0,0,0,1,0,0,0,0,0,baixo
7,35000.0,872,0.8119266055045872,2,1,1,0,0,0,1,0,0,0,0,0,0,baixo
3,10000.0,88,0.9090909090909091,29,3,1,1,1,0,1,1,0,0,0,1,0,medio_baixo
6,10000.0,38,0.15789473684210525,1,4,1,0,0,0,0,1,1,0,1,0,0,alto
5,0.0,0,0.0,3,3,1,0,0,2,1,0,0,0,0,1,0,gratuito
5,10000.0,2,1.0,3,2,1,0,0,0,0,1,0,1,0,0,0,medio_baixo
7,10000.0,0,0.0,10,2,1,0,0,0,0,1,0,1,0,0,0,baixo
17,10000.0,45,0.3111111111111111,1,2,1,0,0,0,1,1,0,0,0,0,0,medio_alto
4,10000.0,4,1.0,1,5,1,0,0,0,1,1,1,1,0,1,0,medio_alto
1,10000.0,17,0.7647058823529411,2,3,1,0,0,0,0,1,0,0,1,0,0,alto
6,10000.0,49,0.7959183673469388,6,1,1,1,0,0,0,0,0,1,0,0,0,medio_baixo
2,10000.0,18,0.6666666666666666,1,5,1,0,0,0,1,0,1,1,0,0,1,baixo
1,350000.0,5409,0.894065446478092,1,5,1,0,0,0,1,0,0,0,1,1,1,alto
3,10000.0,4,0.75,2,3,1,1,0,1,1,1,1,0,0,0,0,alto
2,10000.0,0,0.0,8,2,1,0,0,0,1,1,0,0,0,0,0,medio_alto
2,10000.0,2,0.5,1,2,1,0,0,0,1,0,1,0,0,0,0,medio_baixo
1,0.0,0,0.0,1,1,1,0,0,3,0,1,0,0,0,0,0,medio_baixo
5,10000.0,328,0.9542682926829268,4,3,1,0,0,1,1,0,1,1,0,0,0,medio_alto
6,10000.0,14,0.5714285714285714,5,3,1,0,0,0,1,1,1,0,0,0,0,medio_alto
1,0.0,0,0.0,103,2,1,0,0,0,0,1,0,1,0,0,0,baixo
2,10000.0,2,1.0,1,1,1,1,0,0,0,0,1,0,0,0,0,baixo
6,150000.0,6400,0.6865625,11,3,1,0,0,0,1,0,1,1,0,0,0,medio_baixo
4,0.0,0,0.0,0,0,1,0,0,0,0,0,0,0,0,0,0,gratuito
4,10000.0,246,0.9552845528455285,1,3,1,1,1,0,1,0,0,1,0,0,1,medio_baixo
4,10000.0,10,0.3,1,3,1,0,0,0,1,0,0,1,0,0,0,alto
1,0.0,0,0.0,1,2,1,0,0,0,0,1,0,0,0,0,0,gratuito
2,0.0,0,0.0,103,1,1,0,0,0,0,1,0,0,0,0,0,baixo
6,10000.0,21,1.0,1,5,1,0,0,0,1,1,0,1,0,0,0,alto
4,10000.0,0,0.0,1,1,1,0,0,0,0,0,1,0,0,0,0,baixo
8,10000.0,0,0.0,1,1,1,0,0,1,0,1,0,0,0,0,0,medio_alto
4,35000.0,2,1.0,7,3,1,0,1,0,1,0,1,1,0,0,0,medio_alto
4,10000.0,21,0.6190476190476191,2,2,1,0,0,0,1,0,1,0,0,0,0,medio_baixo
2,10000.0,143,0.8811188811188811,1,3,1,0,1,1,1,0,1,0,0,0,0,medio_alto
2,0.0,0,0.0,103,1,1,0,0,0,0,1,0,0,0,0,0,alto
2,10000.0,0,0.0,1,1,1,0,0,0,0,0,0,0,0,0,0,baixo
1,0.0,0,0.0,0,0,1,0,0,0,0,0,0,0,0,0,0,gratuito
5,10000.0,16,0.9375,1,2,1,0,0,0,1,1,0,0,0,0,0,medio_alto
8,10000.0,12,0.3333333333333333,2,4,1,0,0,0,1,1,1,0,1,0,0,baixo
2,10000.0,61,0.9344262295081968,3,5,1,0,0,5,1,0,1,1,1,0,1,medio_baixo
1,0.0,0,0.0,2,3,1,1,0,1,1,0,1,0,0,0,0,gratuito
7,10000.0,14,0.8571428571428571,1,2,1,0,0,0,0,1,0,0,0,0,0,gratuito
8,10000.0,190,0.9157894736842105,1,4,1,0,0,0,1,0,1,1,0,0,1,medio_alto
5,10000.0,70,0.7857142857142857,14,4,1,0,0,0,1,1,1,1,0,0,0,baixo
6,10000.0,3,1.0,1,6,1,0,0,2,1,0,1,1,1,1,1,baixo
9,35000.0,176,0.9318181818181818,2,3,1,0,0,0,1,1,0,0,0,0,0,baixo
8,10000.0,0,0.0,1,2,1,0,0,0,1,0,0,0,0,1,0,baixo
3,0.0,0,0.0,0,0,1,0,0,0,0,0,0,0,0,0,0,gratuito
3,0.0,0,0.0,1,2,1,0,0,2,0,1,0,0,0,0,0,gratuito
1,10000.0,2,1.0,1,4,1,1,1,0,1,1,1,0,0,1,0,medio_alto
1,0.0,0,0.0,1,4,1,0,1,0,0,0,0,0,0,0,1,gratuito
1,0.0,0,0.0,0,0,1,0,0,0,0,0,0,0,0,0,0,gratuito
6,150000.0,1976,0.9175101214574899,13,2,1,1,0,1,1,0,1,0,0,0,0,medio_alto
5,10000.0,149,0.738255033557047,1,2,1,0,0,0,1,1,0,0,0,0,0,medio_baixo
4,10000.0,43,0.627906976744186,1,4,1,0,0,0,1,1,0,0,0,0,1,alto
3,35000.0,278,0.7517985611510791,15,2,1,0,0,0,1,0,1,0,0,0,0,alto
3,10000.0,35,0.8285714285714286,5,2,1,1,1,0,1,0,0,0,0,1,0,baixo
4,35000.0,94,0.7553191489361702,6,1,1,0,0,0,0,1,0,0,0,0,0,baixo
3,10000.0,1,1.0,1,2,1,0,0,0,1,1,0,0,0,0,0,alto
5,0.0,0,0.0,1,2,1,0,0,0,1,0,0,0,0,0,0,gratuito
12,150000.0,1352,0.761094674556213,2,2,1,1,0,0,0,0,1,0,0,1,0,baixo
1,10000.0,57,0.7192982456140351,1,2,1,0,0,0,1,0,1,0,0,0,0,medio_baixo
7,10000.0,16,0.8125,2,4,1,0,0,0,1,0,1,1,1,0,0,medio_alto
2,75000.0,149,0.7449664429530202,3,5,1,0,0,0,1,1,0,1,1,1,0,medio_alto
8,10000.0,60,0.6666666666666666,1,3,1,0,0,0,1,1,0,0,0,0,0,alto
6,10000.0,4,0.75,1,2,1,0,0,0,0,1,1,0,0,0,0,alto
4,10000.0,4,0.75,1,1,1,1,0,0,0,0,0,1,0,0,0,medio_alto
4,10000.0,12,0.8333333333333334,2,4,1,1,1,3,1,0,1,1,0,0,1,medio_baixo
7,35000.0,119,0.6890756302521008,6,3,1,0,0,1,1,1,1,0,0,0,0,medio_alto
2,10000.0,14,0.9285714285714286,2,1,1,0,0,1,0,0,0,0,1,0,0,alto
2,10000.0,16,0.8125,7,1,1,0,0,0,0,1,0,0,0,0,0,alto
5,10000.0,2,1.0,2,1,1,0,0,0,0,0,0,0,0,1,0,baixo
5,0.0,0,0.0,1,4,1,0,0,0,1,0,1,1,1,0,0,gratuito
3,75000.0,3,0.3333333333333333,13,5,1,0,1,0,1,1,1,0,1,0,0,alto
10,150000.0,153,0.5751633986928104,1,5,1,0,0,0,1,1,1,1,0,0,1,baixo
1,0.0,0,0.0,1,4,1,0,0,0,1,0,0,1,0,0,1,gratuito
2,10000.0,11,0.7272727272727273,1,2,1,0,0,0,1,0,1,0,0,0,0,medio_alto
2,10000.0,40,0.9,19,3,1,0,0,0,1,0,0,1,0,1,0,medio_alto
1,10000.0,91,0.9340659340659341,3,2,1,1,1,3,1,0,1,0,0,0,0,alto
1,10000.0,111,0.9459459459459459,1,5,1,0,0,0,1,1,0,1,0,1,1,baixo
8,10000.0,99,0.7575757575757576,9,2,1,0,0,0,1,1,0,0,0,0,0,medio_baixo
5,75000.0,4,1.0,1,4,1,0,0,1,1,0,1,1,0,0,1,baixo
8,10000.0,11,0.6363636363636364,1,3,1,1,1,0,1,0,1,0,1,0,0,medio_baixo
1,10000.0,17,1.0,12,2,1,0,0,0,1,1,0,0,0,0,0,medio_alto
2,10000.0,1,0.0,1,4,1,0,0,0,1,1,0,1,1,0,0,medio_alto
1,0.0,0,0.0,2,3,1,0,1,0,1,0,1,1,0,0,0,alto
1,10000.0,0,0.0,10,3,1,0,0,0,1,0,1,1,0,0,0,medio_baixo
9,750000.0,4791,0.6061365059486538,2,1,1,0,0,2,0,0,0,0,1,0,0,alto
1,0.0,0,0.0,1,1,1,0,0,0,0,0,0,0,0,0,0,baixo
7,35000.0,532,0.9116541353383458,2,2,1,0,0,0,0,0,0,1,0,0,1,alto
8,10000.0,96,0.625,2,4,1,0,0,0,0,0,0,1,1,1,1,medio_baixo
3,10000.0,33,0.9090909090909091,1,4,1,0,0,0,1,1,1,0,0,0,1,alto
9,35000.0,92,0.391304347826087,2,2,1,0,0,0,1,0,0,0,0,0,0,baixo
2,35000.0,5,1.0,2,3,1,0,0,0,1,0,1,1,0,0,0,medio_baixo
1,10000.0,13,0.8461538461538461,7,5,1,0,0,0,1,1,0,1,1,1,0,medio_baixo
4,0.0,0,0.0,0,0,1,0,0,0,0,0,0,0,0,0,0,gratuito
1,10000.0,0,0.0,5,3,1,0,0,0,1,1,0,0,0,0,0,medio_alto
1,0.0,0,0.0,0,0,1,0,0,0,0,0,0,0,0,0,0,gratuito
8,10000.0,28,0.39285714285714285,1,1,1,0,0,0,0,0,0,1,0,0,0,baixo
1,0.0,0,0.0,2,2,1,0,0,0,0,1,0,0,0,1,0,medio_baixo
19,150000.0,2040,0.8936274509803922,4,1,1,0,0,0,0,1,0,0,0,0,0,medio_baixo
1,0.0,0,0.0,2,2,1,1,1,0,1,0,0,1,0,0,0,baixo
17,3500000.0,139925,0.9760514561372163,1,1,1,1,0,0,0,0,0,0,0,1,0,medio_alto
12,35000.0,102,0.7745098039215687,1,1,1,0,0,0,0,0,0,0,0,1,0,baixo
9,75000.0,69,0.6956521739130435,1,4,1,0,0,0,1,0,1,1,1,0,0,baixo
1,0.0,0,0.0,1,4,1,0,1,0,1,1,1,1,0,0,0,alto
8,10000.0,31,0.8709677419354839,1,5,1,0,0,0,1,1,1,1,0,1,0,gratuito
2,10000.0,0,0.0,3,3,1,0,1,0,1,1,0,1,0,0,0,medio_alto
2,0.0,0,0.0,0,0,1,0,0,0,0,0,0,0,0,0,0,gratuito
1,150000.0,2477,0.8461849010900283,24,2,1,0,0,0,0,1,1,0,0,0,0,alto
1,10000.0,0,0.0,1,3,1,0,0,0,1,0,0,1,0,1,0,baixo
1,10000.0,3,1.0,19,4,1,0,0,0,1,1,0,1,0,0,0,medio_baixo
8,10000.0,7,0.42857142857142855,1,4,1,0,0,0,1,1,0,1,0,0,0,baixo
5,10000.0,0,0.0,103,1,1,0,0,0,1,0,0,0,0,0,0,baixo
2,35000.0,375,0.864,4,3,1,0,0,1,0,0,0,1,0,0,1,medio_baixo
1,10000.0,0,0.0,2,3,1,0,0,0,1,0,0,1,0,1,0,medio_baixo
6,10000.0,3,0.3333333333333333,1,3,1,0,0,0,1,0,1,1,0,0,0,baixo
1,35000.0,3,0.3333333333333333,4,2,1,0,0,1,0,0,1,1,0,0,0,alto
5,10000.0,34,0.7352941176470589,1,4,1,0,0,0,1,0,0,1,0,1,1,baixo
2,350000.0,3693,0.8732737611697806,5,6,1,0,0,4,1,1,0,0,1,1,1,alto
7,10000.0,0,0.0,1,6,1,1,1,1,1,1,1,1,1,1,0,medio_baixo
7,10000.0,15,0.7333333333333333,1,5,1,0,0,0,1,0,1,1,0,0,1,gratuito
6,10000.0,12,0.6666666666666666,2,2,1,0,0,0,1,0,1,0,0,0,0,medio_alto
3,10000.0,18,0.9444444444444444,1,1,1,1,0,0,1,0,0,0,0,0,0,medio_baixo
3,10000.0,6,0.6666666666666666,2,3,1,0,0,0,1,1,1,0,0,0,0,alto
7,10000.0,12,0.8333333333333334,1,3,1,0,0,0,1,1,0,0,0,0,0,gratuito
5,10000.0,11,0.8181818181818182,1,3,1,0,0,0,1,0,0,1,1,0,0,alto
7,35000.0,1,1.0,1,2,1,0,1,0,0,0,0,1,0,1,0,medio_baixo
3,10000.0,0,0.0,1,3,1,1,1,0,0,1,0,0,0,0,1,alto
2,10000.0,28,0.7857142857142857,15,2,1,0,0,1,1,0,0,1,0,0,0,baixo
2,10000.0,4,1.0,1,1,1,0,0,0,1,0,0,0,0,0,0,medio_baixo
3,10000.0,34,0.9705882352941176,9,2,1,1,0,0,1,0,0,1,0,0,0,medio_baixo
1,10000.0,0,0.0,1,3,1,0,0,0,1,1,0,1,0,0,0,medio_baixo
5,10000.0,29,0.9310344827586207,2,5,1,0,0,0,0,1,0,1,1,0,1,baixo
4,35000.0,15,1.0,3,2,1,0,0,0,1,0,0,0,1,0,0,medio_alto
10,10000.0,14,0.5714285714285714,1,2,1,0,0,0,0,0,0,0,0,0,1,alto
4,0.0,0,0.0,0,0,1,0,0,0,0,0,0,0,0,0,0,gratuito
1,0.0,0,0.0,1,5,1,0,0,0,1,1,1,1,0,0,0,gratuito
1,10000.0,0,0.0,10,5,1,0,0,0,1,1,1,0,1,0,0,alto
10,75000.0,94,0.39361702127659576,1,3,1,0,0,2,1,0,0,1,0,0,0,gratuito
3,10000.0,14,0.9285714285714286,1,3,1,0,0,0,1,1,0,1,0,0,0,medio_alto
2,350000.0,4683,0.7817638266068759,5,3,1,0,0,2,0,0,1,0,1,1,0,alto
2,10000.0,0,0.0,1,4,1,0,0,0,1,1,1,1,0,0,0,medio_alto
1,0.0,0,0.0,0,0,1,0,0,0,0,0,0,0,0,0,0,gratuito
3,10000.0,4,0.75,2,7,1,0,0,0,1,1,1,1,0,1,1,medio_alto
2,10000.0,0,0.0,1,1,1,0,0,2,0,0,0,1,0,0,0,baixo
2,0.0,0,0.0,2,5,1,0,0,0,1,0,1,0,1,0,1,gratuito
2,0.0,0,0.0,1,2,1,0,0,0,0,1,0,0,0,0,0,gratuito
9,10000.0,207,0.9033816425120773,1,4,1,0,0,0,1,1,0,1,0,0,1,medio_alto
6,75000.0,3,0.3333333333333333,1,1,1,0,0,0,0,0,1,0,0,0,0,medio_alto
8,10000.0,19,0.42105263157894735,10,4,1,0,0,0,1,1,0,0,0,0,0,alto
9,10000.0,5,0.4,1,4,1,0,0,0,1,1,1,0,1,0,0,baixo
2,10000.0,12,1.0,1,4,1,0,0,0,1,1,0,1,0,0,1,medio_baixo
12,10000.0,25,0.88,1,2,1,1,1,0,1,0,0,1,0,0,0,baixo
10,10000.0,7,0.0,1,1,1,0,0,0,0,0,0,0,0,0,0,medio_alto
1,10000.0,0,0.0,4,2,1,0,0,0,0,0,0,1,0,0,1,alto
2,0.0,0,0.0,103,4,1,0,0,0,1,0,1,1,0,1,0,medio_alto
7,10000.0,0,0.0,1,3,1,0,0,0,1,1,0,1,0,0,0,baixo
2,10000.0,13,1.0,1,2,1,0,0,0,0,0,1,1,0,0,0,medio_alto
3,10000.0,0,0.0,1,4,1,0,0,0,1,1,0,1,0,0,0,gratuito
1,0.0,0,0.0,1,4,1,0,0,0,0,1,1,0,1,0,0,gratuito
7,10000.0,6,0.6666666666666666,1,2,1,0,0,0,1,1,0,0,0,0,0,baixo
12,75000.0,1004,0.9571713147410359,4,2,1,1,1,0,0,0,1,0,0,0,1,baixo
1,10000.0,19,0.7894736842105263,2,1,1,0,0,2,0,0,1,0,0,0,0,baixo
3,10000.0,1,1.0,1,3,1,0,0,0,1,1,0,1,0,0,0,alto
10,10000.0,73,0.410958904109589,1,3,1,0,0,0,1,0,0,0,0,0,1,gratuito
4,10000.0,0,0.0,2,2,1,0,0,0,0,0,1,1,0,0,0,alto
2,0.0,0,0.0,1,2,1,0,0,0,0,1,0,0,0,0,0,gratuito
2,10000.0,7,0.8571428571428571,1,2,1,1,1,2,0,0,1,0,0,0,1,alto
7,35000.0,49,0.9591836734693877,3,3,1,0,1,0,1,1,0,1,0,0,0,baixo
2,10000.0,0,0.0,1,3,1,0,0,0,1,1,0,1,0,0,0,baixo
3,10000.0,19,0.6842105263157895,1,3,1,0,0,0,1,1,1,0,0,0,0,medio_baixo
3,10000.0,47,0.9787234042553191,1,3,1,0,0,0,1,1,1,0,0,0,0,alto
7,35000.0,1,0.0,1,4,1,0,0,0,1,1,1,1,0,0,0,medio_baixo
2,0.0,0,0.0,0,0,1,0,0,0,0,0,0,0,0,0,0,gratuito
11,10000.0,76,0.6842105263157895,2,2,1,0,0,0,0,0,0,0,0,1,1,medio_alto
5,10000.0,2,1.0,1,3,1,0,1,0,1,1,0,1,0,0,0,medio_alto
1,0.0,0,0.0,1,5,1,0,0,0,1,1,1,0,1,1,0,baixo
2,0.0,0,0.0,0,0,1,0,0,0,0,0,0,0,0,0,0,gratuito
5,10000.0,135,0.8666666666666667,1,1,1,0,0,1,0,0,0,0,1,0,0,alto
6,10000.0,1,0.0,2,3,1,0,1,0,1,1,0,1,0,0,0,medio_alto
7,35000.0,183,0.4426229508196721,8,6,1,0,0,0,1,1,1,1,0,1,1,baixo
2,10000.0,8,1.0,3,4,1,0,0,0,1,1,1,0,0,0,1,baixo
10,10000.0,9,0.4444444444444444,1,1,1,0,0,0,1,0,0,0,0,0,0,baixo
4,0.0,0,0.0,0,0,1,0,0,0,0,0,0,0,0,0,0,gratuito
2,35000.0,1056,0.6373106060606061,12,3,1,0,0,0,1,1,1,0,0,0,0,medio_baixo
2,10000.0,0,0.0,1,3,1,0,0,0,1,0,0,1,0,0,1,medio_baixo
10,1500000.0,34429,0.9525690551569898,1,3,1,0,0,0,0,1,1,1,0,0,0,baixo
1,0.0,0,0.0,2,4,1,0,0,0,1,1,1,0,0,0,0,gratuito
7,10000.0,16,0.4375,9,1,1,0,0,0,0,1,0,0,0,0,0,medio_alto
2,0.0,0,0.0,0,0,1,0,0,0,0,0,0,0,0,0,0,gratuito
9,10000.0,59,0.4745762711864407,1,1,1,1,1,0,0,0,0,1,0,0,0,medio_alto
9,10000.0,18,0.5555555555555556,1,6,1,0,0,0,1,1,1,0,1,0,1,medio_alto
6,10000.0,2,0.5,1,1,1,0,0,0,0,0,0,1,0,0,0,medio_alto
1,10000.0,0,0.0,1,3,1,0,0,0,1,1,0,0,0,0,0,medio_baixo
3,10000.0,24,0.875,10,6,1,0,0,0,1,0,0,1,0,1,1,alto
4,10000.0,139,0.8920863309352518,6,2,1,0,1,1,1,0,1,0,0,0,0,medio_baixo
5,0.0,0,0.0,13,6,1,1,1,0,1,1,1,1,1,0,0,gratuito
2,0.0,0,0.0,103,1,1,0,0,0,0,0,0,0,0,0,0,baixo
1,0.0,0,0.0,0,0,1,0,0,0,0,0,0,0,0,0,0,gratuito
11,10000.0,7,1.0,1,2,1,0,0,0,0,0,1,1,0,0,0,alto
3,150000.0,1341,0.8575689783743475,2,4,1,1,0,0,1,1,0,1,1,0,0,baixo
1,10000.0,0,0.0,10,2,1,0,0,0,1,0,0,1,0,0,0,medio_baixo
2,10000.0,2,1.0,1,2,1,0,0,0,1,0,0,1,0,0,0,baixo
8,10000.0,7,0.2857142857142857,1,2,1,0,0,0,1,1,0,0,0,0,0,gratuito
2,0.0,0,0.0,1,1,1,1,1,0,0,1,0,0,0,0,0,gratuito
1,10000.0,0,0.0,1,4,1,0,0,0,1,0,1,1,0,0,0,medio_baixo
3,750000.0,51259,0.9068651358785774,12,2,1,0,0,1,0,1,1,0,0,0,0,alto
4,10000.0,8,0.875,1,5,1,0,0,0,1,0,1,1,1,1,0,medio_alto
4,10000.0,28,1.0,1,1,1,1,0,0,0,0,1,0,0,0,0,medio_baixo
3,10000.0,1,1.0,1,1,1,0,0,0,0,0,0,0,0,0,1,alto
1,10000.0,184,0.9836956521739131,1,2,1,0,1,1,1,0,1,0,0,0,0,alto
5,75000.0,242,0.9462809917355371,2,3,1,1,1,0,1,0,1,0,0,0,1,medio_alto
8,10000.0,6,0.8333333333333334,3,2,1,1,1,0,1,1,0,0,0,0,0,medio_baixo
3,35000.0,64,0.875,16,3,1,0,0,0,1,1,1,0,0,0,0,medio_baixo
3,10000.0,9,0.8888888888888888,1,4,1,0,0,3,1,1,0,0,0,1,0,gratuito
7,10000.0,5,0.8,1,3,1,0,0,0,1,1,0,0,0,0,0,alto
4,10000.0,38,0.631578947368421,2,4,1,0,0,0,1,0,0,0,0,1,0,medio_baixo
4,0.0,0,0.0,1,1,1,0,0,0,0,0,0,0,0,0,0,gratuito
8,10000.0,15,0.6,1,1,1,0,0,0,0,0,0,0,0,0,1,gratuito
8,150000.0,1284,0.8504672897196262,4,4,1,0,0,1,1,0,1,1,0,0,0,gratuito
7,10000.0,14,0.7142857142857143,1,4,1,0,0,0,1,1,1,1,0,0,0,medio_alto
8,10000.0,14,0.42857142857142855,1,4,1,1,1,0,1,0,0,1,0,1,1,alto
8,35000.0,45,0.9777777777777777,1,3,1,0,0,0,1,0,0,0,0,0,0,gratuito
3,10000.0,131,0.8320610687022901,1,3,1,0,0,0,1,0,0,0,1,1,0,medio_alto
2,35000.0,16,0.8125,2,2,1,0,0,0,0,0,0,0,1,0,0,gratuito
2,10000.0,17,1.0,3,3,1,0,0,0,1,1,1,0,0,0,0,medio_baixo
6,10000.0,4,1.0,1,1,1,0,0,0,1,0,0,0,0,0,0,baixo
6,75000.0,514,0.8929961089494164,4,2,1,1,1,0,1,0,0,0,1,0,0,alto
14,10000.0,16,0.625,1,2,1,0,0,0,1,0,0,1,0,0,0,gratuito
8,1500000.0,33274,0.9185249744545291,11,2,1,1,1,13,1,0,0,0,0,0,1,medio_alto
3,10000.0,0,0.0,1,1,1,0,0,0,0,0,0,1,0,0,0,baixo
3,0.0,0,0.0,103,1,1,1,1,0,0,1,0,0,0,0,0,baixo
6,10000.0,0,0.0,2,2,1,0,0,0,1,0,0,1,0,0,0,baixo
3,10000.0,32,0.875,5,2,1,0,0,0,1,0,0,1,0,0,0,baixo
7,10000.0,20,0.6,1,4,1,0,0,0,0,1,0,0,0,1,1,baixo
2,0.0,0,0.0,103,1,1,0,0,0,0,0,0,1,0,0,0,baixo
1,0.0,0,0.0,1,4,1,0,0,0,1,0,0,1,0,0,1,gratuito
14,750000.0,6357,0.7994336951392166,8,1,1,0,0,3,0,0,0,0,1,0,0,medio_baixo
8,10000.0,11,0.9090909090909091,1,1,1,1,0,0,0,0,0,0,0,0,0,gratuito
4,10000.0,3,0.3333333333333333,3,3,1,1,1,0,1,0,0,1,0,1,0,medio_baixo
6,10000.0,19,0.7894736842105263,2,3,1,0,0,0,1,1,0,1,0,0,0,medio_alto
1,0.0,0,0.0,1,1,1,0,0,0,0,1,0,0,0,0,0,medio_baixo
10,350000.0,456,0.6337719298245614,5,4,1,1,0,3,0,0,1,0,1,1,0,gratuito
2,10000.0,2,0.5,1,2,1,0,0,0,1,0,1,0,0,0,0,medio_alto
6,10000.0,23,0.6956521739130435,2,7,1,0,0,1,1,0,0,1,0,0,1,gratuito
1,0.0,0,0.0,0,0,1,0,0,0,0,0,0,0,0,0,0,gratuito
5,10000.0,31,0.9032258064516129,2,4,1,0,0,0,1,0,1,0,1,1,0,medio_baixo
2,10000.0,4,0.25,1,3,1,0,0,0,1,1,1,0,0,0,0,medio_baixo
2,0.0,0,0.0,1,5,1,0,0,0,1,0,1,1,0,1,0,gratuito
10,10000.0,141,0.9432624113475178,1,4,1,1,1,0,1,1,1,0,0,0,0,alto
7,10000.0,7,0.7142857142857143,1,6,1,0,0,0,1,1,1,1,0,0,1,alto
3,10000.0,0,0.0,4,4,1,1,0,1,1,0,0,1,0,1,1,medio_alto
2,0.0,0,0.0,0,0,1,0,0,0,0,0,0,0,0,0,0,gratuito
3,0.0,0,0.0,0,0,1,0,0,0,0,0,0,0,0,0,0,gratuito
4,10000.0,19,1.0,5,2,1,0,0,0,0,0,0,1,0,0,1,baixo
3,0.0,0,0.0,2,3,1,0,0,0,0,1,1,0,0,0,0,medio_baixo
8,75000.0,79,0.4810126582278481,6,4,1,1,0,1,1,0,1,1,0,0,0,gratuito
1,10000.0,279,0.985663082437276,3,3,1,0,0,0,0,0,1,1,0,0,1,alto
2,0.0,0,0.0,0,0,1,0,0,0,0,0,0,0,0,0,0,gratuito
6,10000.0,544,0.9411764705882353,1,2,1,0,0,0,1,0,0,1,0,0,0,baixo
10,10000.0,39,0.7948717948717948,1,2,1,0,0,0,1,0,0,1,0,0,0,gratuito
11,35000.0,202,0.6188118811881188,1,5,1,0,0,0,1,1,0,0,1,0,0,gratuito
9,1500000.0,28953,0.9255344869270887,6,2,1,0,0,0,0,1,1,0,0,0,0,medio_alto
2,10000.0,16,0.9375,1,1,1,1,0,0,0,1,0,0,0,0,0,baixo
6,10000.0,1,1.0,1,1,1,0,0,0,1,0,0,0,0,0,0,alto
5,35000.0,12,0.75,1,1,1,0,0,0,1,0,0,0,0,0,0,baixo
8,35000.0,5,0.2,1,1,1,0,0,0,0,0,0,1,0,0,0,baixo
2,0.0,0,0.0,1,3,1,0,0,0,0,1,0,0,0,0,0,gratuito
4,10000.0,0,0.0,1,2,1,0,0,0,0,1,1,0,0,0,0,gratuito
11,350000.0,715,0.8153846153846154,1,2,1,0,1,1,1,0,0,0,0,1,0,alto
8,10000.0,20,0.8,1,3,1,0,0,0,1,0,1,1,0,0,0,baixo
1,0.0,0,0.0,1,2,1,0,0,0,1,0,0,1,0,0,0,medio_alto
8,10000.0,2,0.5,2,2,1,0,0,1,1,1,0,0,0,0,0,medio_baixo
7,10000.0,31,0.3225806451612903,5,2,1,0,0,0,1,0,1,0,0,0,0,baixo
1,0.0,0,0.0,103,2,1,0,0,0,1,0,0,1,0,0,0,medio_baixo
16,10000.0,2,1.0,9,3,1,0,0,0,0,1,0,0,1,0,0,gratuito
9,10000.0,30,0.8,12,4,1,0,0,0,1,0,0,1,0,1,0,medio_baixo
8,10000.0,160,0.575,1,3,1,0,0,0,1,0,1,0,0,0,1,baixo
2,10000.0,0,0.0,1,1,1,0,0,5,0,0,0,1,0,0,0,medio_alto
4,10000.0,0,0.0,1,3,1,0,0,0,1,0,1,1,0,0,0,medio_alto
1,0.0,0,0.0,1,1,1,0,0,0,0,0,0,0,1,0,0,medio_baixo
5,10000.0,38,0.5526315789473685,1,3,1,0,0,1,1,0,1,1,0,0,0,baixo
3,10000.0,4,1.0,3,2,1,1,0,0,0,0,1,1,0,0,0,medio_alto
6,10000.0,20,0.95,3,4,1,0,0,0,1,0,1,1,0,0,0,alto
9,10000.0,17,1.0,1,2,1,0,0,0,1,0,0,1,0,0,0,medio_alto
2,10000.0,59,0.864406779661017,10,3,1,0,0,0,1,1,1,0,0,0,0,medio_baixo
6,10000.0,18,0.8333333333333334,1,5,1,0,0,0,1,1,1,1,0,0,1,baixo
3,10000.0,8,0.875,1,2,1,0,0,0,1,0,0,1,0,0,0,baixo
8,35000.0,10,0.5,1,2,1,0,0,100,1,1,0,0,0,0,0,gratuito
4,0.0,0,0.0,1,3,1,0,0,0,1,0,0,0,0,1,0,gratuito
2,0.0,0,0.0,2,3,1,0,1,1,1,0,0,1,0,0,0,gratuito
1,0.0,0,0.0,4,3,1,0,0,0,1,0,1,1,0,0,0,medio_alto
7,10000.0,1,0.0,1,1,1,0,0,0,0,0,0,0,0,0,0,medio_alto
5,0.0,0,0.0,1,2,1,0,0,0,1,0,1,0,0,0,0,gratuito
3,10000.0,0,0.0,3,5,1,0,0,0,1,1,1,1,1,0,0,gratuito
12,350000.0,704,0.6434659090909091,2,2,1,0,0,0,0,0,0,0,0,1,0,gratuito
2,10000.0,0,0.0,3,1,1,0,0,1,0,0,0,0,1,0,0,medio_alto
4,10000.0,7,0.8571428571428571,1,1,1,0,0,0,0,0,0,1,0,0,0,medio_alto
7,10000.0,9,0.6666666666666666,1,5,1,0,0,0,1,1,0,1,0,0,1,baixo
8,10000.0,2,0.5,2,7,1,0,0,0,1,1,1,1,1,1,1,medio_baixo
2,10000.0,0,0.0,1,3,1,0,0,0,0,1,1,0,0,0,0,baixo
9,35000.0,261,0.8697318007662835,5,3,1,1,1,0,1,0,1,1,0,0,0,medio_baixo
5,150000.0,7,0.5714285714285714,1,2,1,0,0,0,0,0,0,1,0,0,1,medio_baixo
6,150000.0,2961,0.8848362039851402,18,4,1,0,0,0,1,1,1,0,0,0,0,alto
6,10000.0,3,0.6666666666666666,1,1,1,0,0,0,0,0,0,0,0,1,0,baixo
11,10000.0,78,0.3076923076923077,1,2,1,1,1,0,1,0,1,0,0,0,0,baixo
5,35000.0,9,0.4444444444444444,0,1,1,1,0,0,1,0,0,0,0,0,0,alto
2,10000.0,29,0.9310344827586207,12,3,1,0,0,0,0,1,1,1,0,0,0,alto
1,10000.0,0,0.0,7,3,1,0,1,1,1,0,1,0,0,0,1,alto
2,150000.0,2270,0.7352422907488987,7,2,1,0,0,8,0,1,0,0,0,0,1,alto
2,10000.0,17,0.8235294117647058,1,4,1,0,1,0,1,1,1,0,1,0,0,medio_baixo
2,10000.0,2,1.0,5,2,1,0,0,0,1,1,0,0,0,0,0,medio_alto
1,0.0,0,0.0,1,2,1,0,0,0,0,0,0,1,0,0,0,gratuito
2,10000.0,0,0.0,1,3,1,1,0,0,1,0,1,1,0,0,0,baixo
2,10000.0,154,0.935064935064935,9,3,1,0,0,0,1,0,1,1,0,0,0,medio_baixo
2,10000.0,1,1.0,1,2,1,0,0,0,1,0,0,1,0,0,0,medio_alto
1,10000.0,6,1.0,1,3,1,0,0,0,1,1,1,0,0,0,0,medio_baixo
6,10000.0,39,0.7948717948717948,3,4,1,0,0,0,1,1,0,1,0,0,1,medio_baixo
4,10000.0,0,0.0,13,4,1,0,0,0,1,0,1,0,0,1,1,gratuito
1,0.0,0,0.0,6,3,1,0,0,0,0,1,1,0,0,0,0,medio_baixo
1,0.0,0,0.0,11,2,1,0,0,0,1,1,0,0,0,0,0,medio_baixo
6,10000.0,1,1.0,1,2,1,0,0,0,0,1,0,0,0,0,1,medio_baixo
1,10000.0,0,0.0,3,1,1,1,1,0,0,0,0,1,0,0,0,alto
6,10000.0,232,0.7844827586206896,7,5,1,0,0,0,0,0,0,1,0,1,1,alto
6,150000.0,4986,0.887284396309667,1,4,1,0,0,0,1,1,1,1,0,0,0,baixo
2,10000.0,3,0.6666666666666666,1,1,1,0,0,0,0,1,0,0,0,0,0,baixo
11,750000.0,2792,0.666189111747851,4,4,1,0,0,0,0,0,0,0,0,0,1,gratuito
6,10000.0,18,0.8888888888888888,29,4,1,0,0,0,1,1,1,1,0,0,0,baixo
18,35000.0,93,0.7096774193548387,3,1,1,0,0,0,0,0,0,0,1,0,0,baixo
1,10000.0,5,0.8,1,1,1,1,1,0,0,0,0,1,0,0,0,medio_baixo
1,10000.0,22,0.8181818181818182,10,1,1,0,0,0,0,0,0,1,0,0,0,baixo
4,0.0,0,0.0,0,0,1,0,0,0,0,0,0,0,0,0,0,gratuito
3,7500000.0,65046,0.7947298834670848,14,3,1,0,0,2,1,0,0,0,0,1,0,gratuito
4,10000.0,3,1.0,1,1,1,0,0,0,0,0,0,1,0,0,0,baixo
6,10000.0,0,0.0,1,1,1,0,0,0,0,0,0,1,0,0,0,baixo
6,10000.0,59,0.7966101694915254,5,1,1,0,0,0,0,0,0,0,0,0,1,alto
1,0.0,0,0.0,0,0,1,0,0,0,0,0,0,0,0,0,0,gratuito
9,75000.0,325,0.8707692307692307,1,3,1,1,1,0,1,0,0,1,0,0,0,gratuito
3,0.0,0,0.0,1,3,1,0,0,1,0,1,0,0,0,0,0,gratuito
9,75000.0,116,0.8706896551724138,1,6,1,0,0,0,1,0,0,1,0,1,1,gratuito
3,10000.0,7,0.5714285714285714,2,5,1,0,0,0,1,1,1,0,1,0,0,gratuito
9,10000.0,143,0.986013986013986,3,2,1,0,0,1,1,0,1,0,0,0,0,medio_alto
3,0.0,0,0.0,1,1,1,0,1,0,0,0,0,0,0,0,1,gratuito
5,150000.0,4095,0.7528693528693529,13,2,1,0,0,2,1,1,0,0,0,0,0,medio_alto
6,1500000.0,7791,0.8613785136696188,17,3,1,1,1,2,1,0,0,1,0,0,0,gratuito
1,10000.0,29,0.6896551724137931,1,2,1,0,0,0,1,0,0,0,0,0,1,baixo
1,0.0,0,0.0,0,0,1,0,0,0,0,0,0,0,0,0,0,gratuito
4,10000.0,3,1.0,1,3,1,1,0,0,1,0,1,0,0,0,0,baixo
10,350000.0,4633,0.6496870278437298,7,3,1,1,0,0,1,1,1,0,0,0,0,alto
2,0.0,0,0.0,103,6,1,0,0,0,1,1,1,1,1,0,1,baixo
4,10000.0,0,0.0,1,2,1,0,1,0,0,0,0,1,0,0,1,alto
7,10000.0,1,1.0,1,4,1,0,0,0,1,0,0,1,0,0,1,medio_baixo
1,0.0,0,0.0,1,3,1,0,0,0,1,0,1,1,0,0,0,baixo
6,10000.0,21,1.0,1,4,1,0,0,0,1,1,1,1,0,0,0,baixo
3,10000.0,43,0.9767441860465116,2,5,1,0,0,0,1,0,1,1,1,1,0,alto
9,10000.0,6,0.0,1,1,1,0,0,0,1,0,0,0,0,0,0,medio_baixo
4,10000.0,114,0.5,12,6,1,1,1,0,1,1,1,0,1,1,1,alto
1,10000.0,4,1.0,1,4,1,0,0,0,1,1,1,0,0,0,0,medio_alto
8,10000.0,111,0.45045045045045046,8,3,1,0,0,0,1,0,1,1,0,0,0,baixo
1,10000.0,0,0.0,2,3,1,0,0,0,1,0,1,1,0,0,0,medio_baixo
7,35000.0,669,0.9013452914798207,20,3,1,0,0,0,1,0,0,1,0,1,0,baixo
10,150000.0,1439,0.7922168172341905,3,3,1,0,0,3,1,1,0,0,0,0,0,gratuito
5,0.0,0,0.0,2,4,1,0,0,1,1,1,1,0,0,0,0,gratuito
1,0.0,0,0.0,1,3,1,0,0,0,1,1,0,0,0,0,0,gratuito
5,75000.0,173,0.9884393063583815,1,3,1,0,0,0,1,1,0,0,0,0,0,gratuito
9,10000.0,47,0.2978723404255319,1,2,1,0,0,0,1,0,0,1,0,0,0,baixo
6,35000.0,4,0.75,1,1,1,1,1,0,1,0,0,0,0,0,0,medio_alto
6,10000.0,76,0.75,6,2,1,0,0,0,0,1,0,0,0,0,1,baixo
7,10000.0,5,0.8,1,1,1,0,0,0,0,0,0,0,0,1,0,alto
10,350000.0,4549,0.9338316113431523,2,1,1,0,0,0,0,1,0,0,0,0,0,medio_alto
12,150000.0,917,0.836423118865867,10,1,1,0,0,0,0,1,0,0,0,0,0,baixo
13,1500000.0,13193,0.8542408853179716,3,2,1,0,0,120,0,0,0,1,0,0,1,alto
1,0.0,0,0.0,1,5,1,1,0,0,1,1,1,1,0,0,0,gratuito
2,10000.0,1,0.0,1,3,1,0,0,0,1,1,0,1,0,0,0,medio_baixo
5,10000.0,5,0.8,3,2,1,0,0,0,1,1,0,0,0,0,0,medio_baixo
8,10000.0,5,0.2,16,4,1,0,0,0,1,0,0,1,0,0,1,baixo
2,10000.0,9,0.4444444444444444,1,2,1,0,0,0,0,1,1,0,0,0,0,alto
2,10000.0,1,0.0,2,1,1,0,0,0,0,0,0,1,0,0,0,medio_baixo
2,10000.0,0,0.0,1,4,1,0,0,0,1,0,1,1,1,0,0,medio_alto
1,10000.0,48,0.5625,8,3,1,0,0,0,1,1,1,0,0,0,0,medio_alto
4,10000.0,528,0.8863636363636364,2,2,1,1,1,0,1,0,0,0,1,0,0,alto
8,10000.0,0,0.0,1,3,1,1,0,0,1,0,0,0,1,1,0,medio_alto
9,10000.0,16,0.75,1,2,1,1,0,0,1,1,0,0,0,0,0,gratuito
1,0.0,0,0.0,4,3,1,0,0,1,0,0,0,0,0,0,0,gratuito
10,10000.0,29,0.7586206896551724,1,2,1,1,0,0,1,0,0,0,1,0,0,medio_baixo
3,10000.0,24,0.8333333333333334,1,3,1,0,0,0,1,0,0,1,0,1,0,medio_baixo
2,0.0,0,0.0,0,0,1,0,0,0,0,0,0,0,0,0,0,gratuito
7,10000.0,0,0.0,2,1,1,0,0,0,1,0,0,0,0,0,0,medio_baixo
13,350000.0,3452,0.9009269988412515,1,1,1,1,1,0,0,1,0,0,0,0,0,medio_baixo
4,0.0,0,0.0,1,3,1,0,0,0,0,0,1,0,0,0,0,gratuito
2,0.0,0,0.0,1,7,1,0,0,0,1,0,1,1,1,0,1,gratuito
2,10000.0,62,0.8387096774193549,1,3,1,0,0,0,1,0,1,0,1,0,0,medio_alto
2,0.0,0,0.0,1,3,1,0,0,0,1,0,1,0,0,0,0,gratuito
8,10000.0,45,0.5777777777777777,1,3,1,0,0,0,1,0,0,1,0,0,0,baixo
6,10000.0,58,0.6896551724137931,1,4,1,0,0,0,1,0,0,0,0,1,1,medio_baixo
7,75000.0,1436,0.9463788300835655,2,3,1,0,0,0,0,1,1,0,1,0,0,alto
2,10000.0,263,0.8098859315589354,1,1,1,0,0,0,0,0,1,0,0,0,0,medio_baixo
1,10000.0,1,1.0,2,3,1,0,0,0,0,0,0,1,0,1,0,baixo
10,75000.0,227,0.8370044052863436,4,3,1,1,1,1,1,0,1,1,0,0,0,medio_alto
2,10000.0,3,0.6666666666666666,4,3,1,0,0,0,1,1,1,0,0,0,0,medio_baixo
8,10000.0,53,0.5283018867924528,1,3,1,0,0,0,1,0,0,1,0,0,0,baixo
1,0.0,0,0.0,1,6,1,0,0,0,1,1,1,1,0,1,0,gratuito
11,150000.0,601,0.8252911813643927,2,1,1,0,0,0,0,0,0,0,0,1,0,baixo
1,0.0,0,0.0,1,3,1,0,0,0,1,1,1,0,0,0,0,baixo
12,10000.0,46,0.41304347826086957,1,2,1,1,1,0,0,0,1,1,0,0,0,medio_baixo
1,10000.0,0,0.0,5,3,1,0,0,0,1,1,1,0,0,0,0,medio_alto
12,150000.0,1012,0.5701581027667985,1,2,1,0,0,0,1,0,1,0,0,0,0,medio_alto
8,10000.0,12,0.6666666666666666,1,3,1,1,0,0,1,1,0,1,0,0,0,medio_baixo
1,0.0,0,0.0,103,3,1,1,1,0,1,0,0,1,0,0,0,gratuito
9,10000.0,6,0.3333333333333333,2,3,1,0,0,0,1,0,0,0,0,0,0,medio_alto
2,10000.0,1,1.0,1,3,1,0,0,0,1,1,0,1,0,0,0,baixo
5,10000.0,4,1.0,1,3,1,0,0,0,1,1,1,0,0,0,0,medio_baixo
3,0.0,0,0.0,1,5,1,0,0,0,1,1,1,0,0,0,0,gratuito
2,0.0,0,0.0,1,3,1,0,0,0,1,1,0,0,0,0,0,gratuito
3,10000.0,14,0.7857142857142857,2,6,1,0,0,0,1,1,1,0,1,1,1,alto
2,10000.0,11,1.0,3,5,1,1,1,0,1,1,0,1,0,1,1,medio_baixo
1,10000.0,5,0.8,1,3,1,0,0,0,1,0,1,0,1,0,0,medio_baixo
4,75000.0,1,0.0,1,3,1,0,0,0,1,1,1,0,0,0,0,baixo
3,0.0,0,0.0,10,5,1,0,0,0,1,0,1,0,1,0,0,gratuito
3,10000.0,1,1.0,1,3,1,1,0,0,1,1,0,1,0,0,0,baixo
4,75000.0,3,0.0,2,3,1,0,0,0,0,0,1,0,1,0,0,medio_baixo
9,750000.0,19917,0.5720741075463173,12,1,1,0,0,3,0,1,0,0,0,0,0,alto
2,10000.0,0,0.0,1,3,1,1,1,0,1,0,1,1,0,0,0,baixo
1,0.0,0,0.0,0,0,1,0,0,0,0,0,0,0,0,0,0,gratuito
1,0.0,0,0.0,0,0,1,0,0,0,0,0,0,0,0,0,0,gratuito
3,0.0,0,0.0,0,0,1,0,0,0,0,0,0,0,0,0,0,gratuito
11,75000.0,116,0.6379310344827587,1,3,1,1,1,0,1,1,0,1,0,0,0,baixo
2,10000.0,8,1.0,1,5,1,0,0,0,0,0,1,1,1,1,1,medio_baixo
4,10000.0,4,1.0,1,1,1,0,0,0,0,0,0,1,0,0,0,medio_baixo
2,10000.0,52,1.0,3,3,1,0,0,0,1,0,1,1,0,0,0,alto
5,0.0,0,0.0,2,3,1,1,1,0,1,0,1,0,0,0,0,gratuito
10,150000.0,756,0.7023809523809523,1,6,1,0,0,0,1,0,0,0,1,1,1,gratuito
3,10000.0,0,0.0,1,1,1,0,0,0,0,1,0,0,0,0,0,medio_baixo
3,10000.0,0,0.0,1,6,1,0,0,0,1,1,0,1,0,0,0,gratuito
2,10000.0,0,0.0,1,2,1,0,0,1,1,0,1,0,0,0,0,medio_baixo
5,10000.0,1,1.0,1,2,1,0,0,1,1,0,0,1,0,0,0,medio_baixo
5,10000.0,0,0.0,29,1,1,0,0,3,0,0,0,0,0,0,1,medio_alto
1,10000.0,0,0.0,27,2,1,1,1,0,1,0,0,0,0,0,1,baixo
5,10000.0,0,0.0,1,2,1,1,1,1,1,0,0,1,0,0,0,baixo
4,10000.0,0,0.0,4,4,1,0,0,2,0,1,1,0,0,0,0,gratuito
2,150000.0,2398,0.8060884070058382,11,4,1,0,0,2,1,0,0,0,0,1,1,alto
5,10000.0,12,0.8333333333333334,1,4,1,0,0,0,1,0,0,1,0,1,1,baixo
6,10000.0,0,0.0,1,9,1,0,0,0,1,1,1,1,1,1,1,medio_baixo
1,0.0,0,0.0,0,0,1,0,0,0,0,0,0,0,0,0,0,gratuito
1,10000.0,0,0.0,5,2,1,1,1,0,0,0,1,1,0,0,0,medio_baixo
3,10000.0,3,0.3333333333333333,2,1,1,0,0,0,0,0,0,1,0,0,0,alto
3,10000.0,0,0.0,1,2,1,0,0,0,1,1,0,0,0,0,0,medio_alto
6,10000.0,21,0.7142857142857143,1,5,1,0,0,0,1,0,1,1,1,0,0,medio_baixo
2,0.0,0,0.0,0,0,1,0,0,0,0,0,0,0,0,0,0,gratuito
1,0.0,0,0.0,4,2,1,0,0,0,1,0,0,0,0,0,0,medio_alto
9,10000.0,10,0.4,1,5,1,0,0,0,1,1,0,1,0,1,1,baixo
3,10000.0,1,0.0,2,2,1,0,1,0,1,0,0,1,0,0,0,medio_baixo
1,10000.0,60,0.9166666666666666,1,3,1,0,0,0,1,0,0,0,0,0,1,medio_alto
7,10000.0,21,1.0,3,2,1,0,0,0,1,1,0,0,0,0,0,baixo
1,10000.0,0,0.0,2,3,1,0,0,0,1,0,0,0,1,1,0,medio_baixo
5,10000.0,0,0.0,1,3,1,0,0,0,1,0,1,0,0,0,0,baixo
2,0.0,0,0.0,103,2,1,0,0,2,0,0,0,0,0,0,1,gratuito
3,10000.0,113,0.6991150442477876,2,3,1,0,0,0,0,1,0,1,0,0,0,medio_baixo
14,35000.0,95,0.8631578947368421,1,2,1,0,0,0,0,0,1,1,0,0,0,medio_baixo
3,35000.0,753,0.8579017264276229,13,5,1,0,0,0,1,1,1,1,0,0,1,gratuito
2,10000.0,3,1.0,1,3,1,0,0,0,1,1,0,0,1,0,0,baixo
8,10000.0,17,0.7647058823529411,4,1,1,0,0,0,0,0,0,0,0,0,1,gratuito
2,10000.0,6,1.0,1,3,1,0,0,0,1,0,0,1,0,1,0,medio_alto
4,10000.0,5,0.4,5,2,1,0,0,0,0,1,0,1,0,0,0,baixo
5,10000.0,0,0.0,1,2,1,1,0,0,0,0,0,1,0,1,0,medio_baixo
10,1500000.0,30884,0.8236303587618184,12,2,1,0,0,8,0,1,0,0,0,0,0,medio_alto
3,10000.0,3,1.0,1,3,1,0,0,2,1,0,0,1,0,1,0,baixo
5,10000.0,212,0.8160377358490566,1,3,1,0,0,0,1,0,0,0,1,1,0,medio_baixo
1,10000.0,5,1.0,1,1,1,0,0,0,1,0,0,0,0,0,0,alto
1,10000.0,0,0.0,2,2,1,0,0,0,0,1,0,0,0,0,0,alto
6,10000.0,210,0.9619047619047619,2,5,1,0,0,3,1,0,1,1,0,1,1,alto
7,10000.0,0,0.0,29,5,1,0,0,0,0,0,1,1,1,1,1,baixo
5,10000.0,8,0.0,16,8,1,0,0,0,1,1,1,0,0,1,1,medio_baixo
7,10000.0,7,1.0,1,2,1,0,0,0,1,0,0,0,0,1,0,baixo
2,0.0,0,0.0,1,4,1,0,0,0,1,0,0,1,1,0,0,gratuito
2,10000.0,25,0.8,7,3,1,0,0,1,1,1,0,1,0,0,0,alto
2,10000.0,248,0.5967741935483871,9,1,1,0,0,0,0,0,0,0,0,1,0,alto
1,35000.0,2,1.0,1,3,1,0,0,0,1,0,0,1,0,0,1,baixo
2,10000.0,65,0.8615384615384616,12,1,1,0,0,0,0,0,0,0,0,0,1,medio_alto
3,10000.0,14,1.0,1,5,1,0,0,0,1,0,0,1,0,0,0,medio_alto
7,35000.0,241,0.9336099585062241,6,6,1,1,1,0,1,0,1,1,1,1,0,gratuito
8,10000.0,14,0.5,2,2,1,0,0,0,1,1,0,0,0,0,0,baixo
2,10000.0,32,1.0,1,3,1,0,0,0,1,1,0,0,0,1,0,medio_baixo
6,10000.0,0,0.0,29,3,1,1,0,0,1,0,0,1,0,1,0,baixo
3,10000.0,7,1.0,6,3,1,0,0,0,1,0,1,1,0,0,0,medio_alto
4,0.0,0,0.0,2,2,1,0,0,0,1,0,1,0,0,0,0,gratuito
1,10000.0,0,0.0,25,2,1,0,0,0,0,0,0,0,0,1,0,alto
4,350000.0,7556,0.9291953414505029,11,4,1,1,0,2,1,1,1,1,0,0,0,alto
2,150000.0,120,0.8666666666666667,9,3,1,0,1,6,1,0,1,0,0,0,0,gratuito
5,10000.0,6,1.0,1,2,1,1,0,0,1,0,1,0,0,0,0,medio_alto
1,0.0,0,0.0,1,4,1,1,1,0,1,0,0,1,0,0,1,gratuito
15,350000.0,3988,0.18029087261785356,1,1,1,0,0,0,0,0,0,0,0,0,0,baixo
2,10000.0,4,1.0,12,4,1,0,0,0,1,1,0,1,1,0,0,baixo
2,75000.0,1703,0.9377568995889607,4,4,1,0,0,0,1,0,0,0,1,1,1,medio_alto
2,10000.0,257,0.8443579766536965,1,4,1,0,0,0,0,0,1,0,1,1,1,medio_baixo
2,0.0,0,0.0,2,5,1,0,0,0,1,1,1,0,1,0,0,gratuito
4,10000.0,9,0.6666666666666666,2,4,1,0,1,0,1,1,0,1,0,0,0,medio_baixo
9,35000.0,101,0.7029702970297029,9,2,1,0,0,0,0,0,1,1,0,0,0,baixo
2,10000.0,1,1.0,1,4,1,0,0,0,1,1,1,0,1,0,0,alto
2,0.0,0,0.0,103,9,1,1,1,0,1,1,1,1,1,1,1,alto
15,3500000.0,34026,0.8585787339093635,6,2,1,0,0,0,0,0,1,0,0,1,0,medio_alto
3,35000.0,712,0.7317415730337079,8,3,1,0,0,0,1,1,1,0,0,0,0,alto
2,10000.0,124,0.8145161290322581,2,2,1,0,0,0,0,0,1,0,0,0,1,alto
2,10000.0,284,0.8873239436619719,1,4,1,0,0,0,1,1,1,0,1,0,0,medio_baixo
4,350000.0,3722,0.9145620634067706,8,2,1,1,0,1,1,0,0,0,0,1,0,alto
9,10000.0,21,0.5714285714285714,3,5,1,0,0,0,1,0,1,1,0,1,1,medio_alto
8,75000.0,434,0.5299539170506913,11,3,1,0,0,0,0,0,0,1,0,0,1,gratuito
2,10000.0,3,0.6666666666666666,1,1,1,0,0,0,0,0,0,0,1,0,0,baixo
10,10000.0,1,0.0,1,2,1,0,0,0,1,0,0,0,0,0,0,medio_alto
6,10000.0,3,0.3333333333333333,9,1,1,0,1,0,1,0,0,0,0,0,0,medio_alto
8,10000.0,6,0.5,2,2,1,0,0,0,0,1,0,1,0,0,0,baixo
5,10000.0,2,1.0,7,4,1,1,1,0,1,0,0,1,0,1,0,baixo
3,10000.0,124,0.46774193548387094,1,3,1,0,0,3,1,1,1,0,0,0,0,gratuito
1,0.0,0,0.0,1,4,1,0,0,0,1,0,1,0,1,0,0,gratuito
2,10000.0,0,0.0,1,2,1,1,1,0,0,1,1,0,0,0,0,alto
2,0.0,0,0.0,0,0,1,0,0,0,0,0,0,0,0,0,0,gratuito
5,10000.0,3,1.0,1,3,1,0,0,0,1,0,0,0,0,0,1,alto
4,0.0,0,0.0,0,0,1,0,0,0,0,0,0,0,0,0,0,gratuito
7,35000.0,223,0.6053811659192825,4,2,1,0,0,0,1,0,1,0,0,0,0,baixo
7,10000.0,93,0.8494623655913979,3,3,1,0,0,0,1,1,0,0,0,1,0,baixo
1,0.0,0,0.0,10,2,1,0,0,0,1,0,0,1,0,0,0,medio_baixo
1,0.0,0,0.0,1,2,1,1,0,0,0,1,0,0,0,0,0,gratuito
2,10000.0,96,0.78125,9,3,1,1,0,0,0,0,1,1,0,1,0,medio_alto
1,10000.0,0,0.0,1,3,1,0,0,0,1,1,1,0,0,0,0,medio_baixo
3,10000.0,25,1.0,1,3,1,0,0,0,1,0,1,0,1,0,0,medio_alto
6,10000.0,9,0.7777777777777778,1,2,1,0,0,0,1,0,0,1,0,0,0,baixo
1,0.0,0,0.0,0,0,1,0,0,0,0,0,0,0,0,0,0,gratuito
3,0.0,0,0.0,0,0,1,0,0,0,0,0,0,0,0,0,0,gratuito
4,10000.0,229,0.8908296943231441,2,2,1,0,0,1,1,1,0,0,0,0,0,medio_alto
3,150000.0,2954,0.9339878131347326,12,3,1,1,1,6,1,1,0,0,0,0,1,medio_alto
1,10000.0,0,0.0,1,3,1,1,1,0,0,0,1,1,0,0,1,medio_alto
2,0.0,0,0.0,0,0,1,0,0,0,0,0,0,0,0,0,0,gratuito
4,10000.0,5,0.8,4,2,1,0,0,0,0,0,1,1,0,0,0,baixo
11,10000.0,22,0.8636363636363636,9,2,1,1,1,0,1,1,0,0,0,0,0,medio_alto
1,10000.0,0,0.0,2,3,1,0,0,0,0,0,0,1,1,0,1,medio_alto
8,10000.0,37,0.6486486486486487,2,3,1,1,0,0,1,0,0,1,0,0,1,baixo
1,10000.0,0,0.0,6,3,1,0,0,0,1,0,1,1,0,0,0,medio_alto
8,10000.0,6,0.8333333333333334,1,3,1,0,0,1,1,1,1,0,0,0,0,alto
3,10000.0,0,0.0,1,3,1,0,0,0,0,0,1,0,1,0,0,medio_alto
11,75000.0,124,0.6129032258064516,1,2,1,0,0,0,1,0,1,0,0,0,0,baixo
9,10000.0,23,0.8695652173913043,1,2,1,1,1,0,1,0,0,0,0,1,0,baixo
1,0.0,0,0.0,2,5,1,0,1,0,1,1,0,1,1,1,0,medio_baixo
9,10000.0,74,0.8108108108108109,1,2,1,0,0,0,0,0,1,1,0,0,0,gratuito
1,10000.0,0,0.0,22,4,1,0,0,0,1,0,1,1,0,0,1,medio_baixo
1,10000.0,0,0.0,1,1,1,0,0,0,0,0,1,0,0,0,0,alto
9,150000.0,5142,0.8712563204978607,1,2,1,1,0,1,1,0,1,0,0,0,0,baixo
5,10000.0,15,0.9333333333333333,1,1,1,0,0,0,0,0,0,1,0,0,0,baixo
5,0.0,0,0.0,0,0,1,0,0,0,0,0,0,0,0,0,0,gratuito
19,350000.0,2030,0.9,1,3,1,0,0,0,0,1,1,0,1,0,0,medio_baixo
1,0.0,0,0.0,0,0,1,0,0,0,0,0,0,0,0,0,0,gratuito
3,10000.0,11,0.9090909090909091,19,1,1,0,0,0,0,0,0,0,0,0,1,medio_baixo
4,35000.0,21,0.6190476190476191,103,2,1,0,0,0,0,1,0,0,0,1,0,baixo
5,10000.0,1,1.0,1,3,1,0,0,0,1,0,0,0,0,1,0,alto
7,10000.0,3,0.6666666666666666,1,3,1,0,0,0,1,0,0,0,0,1,0,alto
7,750000.0,3556,0.4415073115860517,8,2,1,0,0,149,0,1,0,0,0,0,0,gratuito
8,150000.0,267,0.46441947565543074,1,5,1,0,0,0,1,0,1,1,0,0,1,medio_baixo
8,10000.0,2,1.0,1,2,1,0,0,0,0,1,0,0,0,0,0,alto
9,10000.0,42,0.6428571428571429,1,7,1,0,0,0,1,1,1,0,1,1,0,medio_alto
9,10000.0,4,0.0,2,2,1,0,0,0,1,1,0,0,0,0,0,medio_baixo
9,3500000.0,122658,0.935283471114807,1,3,1,1,0,1,1,1,0,1,0,0,0,medio_baixo
3,10000.0,5,1.0,1,6,1,0,0,0,0,1,1,1,0,1,1,baixo
5,10000.0,42,0.7857142857142857,10,2,1,0,0,0,0,1,1,0,0,0,0,alto
12,35000.0,50,0.48,1,1,1,0,0,0,0,0,0,1,0,0,0,baixo
10,75000.0,316,0.5537974683544303,2,3,1,0,0,1,0,1,1,0,1,0,0,medio_alto
8,35000.0,170,0.6411764705882353,2,2,1,0,0,1,1,0,0,1,0,0,0,baixo
9,10000.0,5,0.8,2,2,1,0,0,0,0,0,0,1,0,0,1,medio_baixo
6,10000.0,8,0.875,1,1,1,0,0,0,0,0,0,0,0,0,1,gratuito
1,10000.0,0,0.0,1,1,1,0,0,0,0,0,0,1,0,0,0,baixo
5,10000.0,40,0.9,1,3,1,0,0,0,1,1,1,0,0,0,0,medio_alto
4,10000.0,1,1.0,1,3,1,0,0,0,1,1,1,0,0,0,0,baixo
5,10000.0,50,0.64,29,2,1,0,0,1,1,0,0,1,0,0,0,baixo
1,0.0,0,0.0,1,3,1,0,0,0,1,1,0,0,0,0,0,alto
7,10000.0,13,0.38461538461538464,2,2,1,0,0,0,1,0,0,0,0,0,1,baixo
2,10000.0,6,0.6666666666666666,7,4,1,0,0,0,1,1,1,0,0,1,0,baixo
6,10000.0,2,0.5,103,4,1,0,0,0,1,1,1,1,0,0,0,baixo
1,10000.0,0,0.0,5,1,1,0,0,2,0,0,0,1,0,0,0,alto
3,0.0,0,0.0,103,1,1,0,0,0,0,0,0,1,0,0,0,medio_baixo
1,10000.0,3,0.6666666666666666,1,4,1,0,0,0,1,1,1,0,1,0,0,alto
1,0.0,0,0.0,1,5,1,0,0,0,1,1,1,1,0,0,0,gratuito
2,10000.0,2,1.0,1,2,1,1,0,0,1,0,1,0,0,0,0,baixo
1,0.0,0,0.0,2,1,1,0,0,0,0,0,0,1,0,0,0,baixo
1,0.0,0,0.0,1,2,1,0,0,0,1,1,0,0,0,0,0,medio_baixo
3,35000.0,14,0.8571428571428571,1,4,1,0,0,0,1,0,0,0,1,1,0,gratuito
3,10000.0,34,0.8529411764705882,8,5,1,1,1,1,1,0,0,0,1,1,1,alto
3,10000.0,228,0.4166666666666667,8,4,1,0,0,0,1,0,1,1,0,0,1,baixo
3,10000.0,1,1.0,1,4,1,0,0,0,1,0,1,1,1,0,0,alto
2,0.0,0,0.0,0,0,1,0,0,0,0,0,0,0,0,0,0,gratuito
5,10000.0,25,0.52,2,2,1,0,0,0,1,0,1,0,0,0,0,baixo
5,10000.0,167,0.6826347305389222,1,2,1,0,0,0,1,0,0,0,0,0,1,medio_baixo
1,0.0,0,0.0,0,0,1,0,0,0,0,0,0,0,0,0,0,gratuito
3,10000.0,33,0.6666666666666666,2,1,1,0,0,0,1,0,0,0,0,0,0,baixo
3,10000.0,5,1.0,1,3,1,0,0,0,1,0,1,1,0,0,0,alto
2,10000.0,0,0.0,1,6,1,0,0,0,1,0,0,1,0,0,1,gratuito
1,35000.0,322,0.9347826086956522,21,2,1,1,0,0,0,0,1,1,0,0,0,alto
10,10000.0,8,0.75,1,3,1,1,1,0,1,1,1,0,0,0,0,gratuito
2,0.0,0,0.0,1,5,1,0,0,0,1,0,1,1,0,1,0,gratuito
8,75000.0,2142,0.1549953314659197,1,5,1,0,0,0,0,0,1,0,1,0,1,alto
8,10000.0,21,0.6666666666666666,7,5,1,0,0,0,1,1,1,1,0,0,0,baixo
3,10000.0,0,0.0,1,2,1,0,1,0,0,0,0,0,0,0,0,gratuito
6,10000.0,6,0.8333333333333334,2,3,1,0,0,0,1,1,1,0,0,0,0,medio_alto
3,10000.0,38,1.0,1,2,1,0,0,0,1,0,0,1,0,0,0,baixo
4,10000.0,12,1.0,2,2,1,0,0,0,1,0,0,1,0,0,0,baixo
7,10000.0,41,0.5853658536585366,1,3,1,0,0,0,1,0,0,0,0,1,0,alto
3,10000.0,16,0.9375,1,4,1,0,0,0,1,1,1,1,0,0,0,baixo
10,150000.0,989,0.8594539939332659,4,3,1,1,1,1,1,1,0,1,0,0,0,medio_baixo
7,10000.0,0,0.0,1,3,1,0,0,0,1,1,0,0,1,0,0,medio_baixo
8,10000.0,51,0.35294117647058826,2,3,1,0,0,1,1,0,1,1,0,0,0,baixo
2,0.0,0,0.0,0,0,1,0,0,0,0,0,0,0,0,0,0,gratuito
6,35000.0,1,1.0,1,3,1,0,0,0,1,0,0,0,0,1,0,medio_alto
6,35000.0,375,0.6026666666666667,3,2,1,0,0,2,0,1,0,0,1,0,0,medio_alto
5,10000.0,4,0.25,1,3,1,0,0,0,1,0,0,1,0,0,1,medio_baixo
8,10000.0,19,0.7894736842105263,1,4,1,0,0,0,1,1,0,1,0,0,0,gratuito
9,10000.0,11,0.5454545454545454,2,2,1,0,0,0,1,0,0,0,0,1,0,baixo
8,10000.0,23,0.5217391304347826,4,1,1,1,0,0,0,0,0,1,0,0,0,alto
1,10000.0,3,0.6666666666666666,8,3,1,0,0,0,1,1,0,0,0,0,0,medio_alto
4,0.0,0,0.0,3,3,1,0,0,0,0,0,0,1,0,1,0,gratuito
1,0.0,0,0.0,2,3,1,0,0,1,1,0,0,1,0,0,1,medio_alto
1,10000.0,0,0.0,11,4,1,0,0,1,1,1,1,0,0,1,0,alto
3,10000.0,2,1.0,1,3,1,0,0,0,1,1,0,0,0,1,0,medio_alto
1,0.0,0,0.0,1,3,1,0,0,0,1,0,0,1,0,0,1,gratuito
1,10000.0,0,0.0,3,1,1,1,1,0,0,0,1,0,0,0,0,medio_alto
3,10000.0,217,0.9308755760368663,1,4,1,0,0,0,1,0,1,0,1,0,0,alto
7,10000.0,0,0.0,1,1,1,0,0,0,0,0,0,1,0,0,0,medio_baixo
3,10000.0,1,0.0,1,3,1,0,0,0,0,0,0,0,0,1,1,medio_alto
9,10000.0,6,0.6666666666666666,2,1,1,0,0,0,0,1,0,0,0,0,0,gratuito
7,10000.0,13,0.8461538461538461,1,2,1,0,0,0,1,0,0,0,0,0,0,gratuito
8,10000.0,8,0.75,2,4,1,0,0,0,1,1,1,0,0,0,0,baixo
1,0.0,0,0.0,0,0,1,0,0,0,0,0,0,0,0,0,0,gratuito
4,0.0,0,0.0,1,2,1,0,0,0,1,1,0,0,0,0,0,gratuito
4,0.0,0,0.0,0,0,1,0,0,0,0,0,0,0,0,0,0,gratuito
5,10000.0,25,0.8,29,6,1,0,0,0,1,0,1,1,1,1,1,baixo
7,10000.0,18,1.0,1,2,1,0,1,0,1,0,1,0,0,0,0,medio_alto
1,0.0,0,0.0,0,0,1,0,0,0,0,0,0,0,0,0,0,gratuito
2,0.0,0,0.0,1,3,1,1,1,0,1,0,0,1,0,0,0,gratuito
5,10000.0,57,0.8596491228070176,2,4,1,0,0,0,1,0,1,1,1,0,0,baixo
2,10000.0,176,0.8977272727272727,11,5,1,1,1,0,1,0,1,1,0,0,1,medio_baixo
1,10000.0,0,0.0,4,1,1,0,0,1,0,0,1,0,0,0,0,alto
4,10000.0,57,0.7719298245614035,5,4,1,0,0,0,1,0,0,1,0,0,1,medio_alto
12,35000.0,80,0.5125,5,1,1,1,0,0,0,0,0,1,0,0,0,baixo
8,35000.0,5,0.6,10,2,1,1,0,0,1,0,0,0,0,1,0,medio_alto
1,0.0,0,0.0,1,1,1,0,0,0,1,0,0,0,0,0,0,medio_alto
3,10000.0,2,0.5,2,2,1,0,0,0,0,0,0,1,0,0,0,baixo
8,10000.0,2,0.5,1,4,1,0,0,0,1,1,1,0,1,0,0,baixo
6,10000.0,10,0.8,29,1,1,0,0,0,1,0,0,0,0,0,0,baixo
10,35000.0,155,0.9096774193548387,1,3,1,0,0,0,1,0,0,0,0,0,1,gratuito
4,10000.0,25,0.6,9,3,1,0,0,0,1,1,1,0,0,0,0,medio_alto
10,10000.0,63,0.4126984126984127,2,4,1,0,0,0,1,1,0,1,0,1,0,medio_baixo
2,10000.0,53,0.8301886792452831,15,5,1,1,1,1,1,1,0,1,1,0,0,medio_alto
9,75000.0,841,0.8014268727705113,8,2,1,1,1,1,1,0,1,0,0,0,0,medio_baixo
11,75000.0,647,0.8160741885625966,8,4,1,0,0,0,1,1,0,0,0,0,0,alto
6,10000.0,2,1.0,1,3,1,0,0,0,1,1,1,0,0,0,0,alto
2,10000.0,0,0.0,1,2,1,0,0,0,1,0,0,1,0,0,0,medio_alto
3,10000.0,7,0.8571428571428571,14,7,1,1,0,0,1,1,1,1,1,1,1,medio_alto
10,10000.0,17,0.9411764705882353,1,1,1,1,1,0,0,0,0,1,0,0,0,medio_alto
1,10000.0,0,0.0,9,5,1,0,0,0,1,1,0,1,0,0,1,alto
8,10000.0,3,1.0,1,4,1,0,0,0,1,1,1,0,1,0,0,alto
5,0.0,0,0.0,1,4,1,0,0,0,1,0,0,1,0,0,0,gratuito
5,10000.0,11,0.2727272727272727,1,1,1,0,0,0,0,0,0,0,0,0,0,baixo
4,10000.0,8,0.25,1,1,1,0,0,0,0,0,0,1,0,0,0,baixo
1,10000.0,0,0.0,1,3,1,0,1,1,1,1,1,0,0,0,0,alto
1,0.0,0,0.0,1,3,1,0,0,0,1,0,0,0,0,1,0,gratuito
9,10000.0,59,0.6440677966101694,2,4,1,0,0,0,1,1,0,0,0,1,0,alto
3,10000.0,5,0.6,4,1,1,0,0,0,0,0,0,1,0,0,0,alto
3,10000.0,41,0.926829268292683,2,3,1,0,0,0,1,1,1,0,0,0,0,medio_baixo
8,10000.0,5,0.4,1,2,1,0,0,0,1,0,0,1,0,0,0,baixo
11,75000.0,212,0.8632075471698113,6,1,1,0,0,0,0,1,0,0,0,0,0,alto
6,10000.0,10,0.7,1,3,1,0,0,0,1,0,1,1,0,0,0,gratuito
7,10000.0,157,0.5286624203821656,2,3,1,1,0,0,1,0,0,0,1,0,1,medio_baixo
6,10000.0,1,0.0,1,1,1,0,0,0,0,0,1,0,0,0,0,baixo
3,10000.0,4,0.5,1,3,1,0,0,0,1,0,0,1,0,0,0,medio_baixo
6,75000.0,4336,0.9868542435424354,2,2,1,0,0,1,0,0,1,1,0,0,0,alto
5,35000.0,8,1.0,7,2,1,0,0,0,1,1,0,0,0,0,0,baixo
4,10000.0,12,0.8333333333333334,1,4,1,0,0,0,1,0,0,1,0,0,1,alto
1,10000.0,0,0.0,12,3,1,0,0,0,1,0,0,0,0,1,0,alto
2,10000.0,2,0.5,1,2,1,0,0,0,1,1,0,0,0,0,0,baixo
5,150000.0,5428,0.8568533529845247,9,3,1,1,1,0,1,1,1,0,0,0,0,medio_alto
1,10000.0,2,0.5,1,2,1,0,0,0,1,0,0,0,0,1,0,medio_baixo
2,10000.0,2,1.0,1,3,1,0,0,0,0,0,0,0,0,0,0,medio_baixo
2,10000.0,94,0.9042553191489362,10,5,1,0,1,0,1,1,0,0,0,0,0,alto
3,0.0,0,0.0,1,3,1,1,0,0,1,1,0,0,0,0,0,gratuito
5,10000.0,0,0.0,1,2,1,0,0,2,1,0,0,1,0,0,0,baixo
4,10000.0,0,0.0,1,2,1,0,0,0,1,1,0,0,0,0,0,baixo
11,10000.0,463,0.673866090712743,2,1,1,0,0,0,0,1,0,0,0,0,0,alto
1,0.0,0,0.0,5,2,1,0,0,0,0,0,0,0,0,0,0,gratuito
1,10000.0,0,0.0,17,7,1,0,0,0,1,1,1,0,1,1,1,alto
1,10000.0,0,0.0,5,3,1,0,0,0,1,0,1,0,0,0,1,baixo
4,10000.0,0,0.0,1,2,1,0,0,0,0,1,0,0,0,0,0,gratuito
6,35000.0,115,0.8695652173913043,1,1,1,1,1,0,1,0,0,0,0,0,0,alto
3,0.0,0,0.0,0,0,1,0,0,0,0,0,0,0,0,0,0,gratuito
4,10000.0,43,0.7209302325581395,17,2,1,0,0,0,0,1,1,0,0,0,0,alto
2,10000.0,11,0.9090909090909091,1,2,1,0,0,0,1,1,0,0,0,0,0,alto
6,10000.0,127,0.8740157480314961,2,2,1,0,1,1,1,0,0,1,0,0,0,medio_alto
12,35000.0,73,0.4794520547945205,1,2,1,0,0,0,1,1,0,0,0,0,0,baixo
3,0.0,0,0.0,1,5,1,0,0,0,1,0,1,1,0,1,0,gratuito
10,10000.0,12,0.4166666666666667,1,4,1,0,0,0,1,1,0,0,0,1,0,medio_baixo
4,10000.0,30,0.8666666666666667,13,1,1,0,0,0,0,0,1,0,0,0,0,alto
1,10000.0,6,1.0,5,4,1,0,0,0,1,1,0,1,0,0,0,baixo
8,75000.0,296,0.625,1,6,1,1,0,0,1,0,0,1,1,0,1,gratuito
9,10000.0,14,0.8571428571428571,8,2,1,0,0,0,1,0,0,0,0,1,0,alto
2,10000.0,23,0.782608695652174,1,5,1,0,0,0,1,0,1,1,0,0,1,baixo
4,10000.0,25,0.6,1,3,1,0,0,0,0,0,1,0,1,1,0,medio_baixo
6,350000.0,4201,0.688645560580814,12,1,1,0,0,1,0,1,0,0,0,0,0,alto
11,150000.0,2020,0.8836633663366337,3,2,1,1,1,1,1,0,0,0,0,0,0,gratuito
4,10000.0,37,0.8918918918918919,1,2,1,0,0,0,1,1,0,0,0,0,0,medio_baixo
5,0.0,0,0.0,1,3,1,0,0,0,0,0,0,1,1,0,0,gratuito
1,0.0,0,0.0,1,5,1,0,0,0,1,1,1,1,0,1,0,medio_alto
1,0.0,0,0.0,1,3,1,0,0,0,1,1,0,0,0,0,0,gratuito
3,0.0,0,0.0,0,0,1,0,0,0,0,0,0,0,0,0,0,gratuito
7,150000.0,14,1.0,5,2,1,0,0,0,1,0,0,0,0,1,0,medio_baixo
1,0.0,0,0.0,36,3,1,0,0,0,1,0,0,1,0,0,0,gratuito
11,10000.0,192,0.71875,1,2,1,0,0,0,0,0,0,0,0,1,1,alto
6,10000.0,4,0.75,14,3,1,0,0,0,1,1,0,1,0,0,0,baixo
4,10000.0,16,0.75,2,5,1,0,0,0,1,1,0,1,0,0,0,gratuito
2,0.0,0,0.0,0,0,1,0,0,0,0,0,0,0,0,0,0,gratuito
3,10000.0,2,1.0,29,3,1,0,0,0,0,0,0,0,0,0,0,baixo
4,10000.0,3,0.3333333333333333,1,1,1,0,0,0,0,1,0,0,0,0,0,baixo
4,10000.0,4,1.0,4,3,1,0,1,0,1,0,1,1,0,0,0,medio_baixo
6,75000.0,139,0.5899280575539568,1,6,1,0,0,3,0,0,0,1,0,1,1,gratuito
5,10000.0,0,0.0,1,2,1,0,0,0,0,0,1,0,0,0,1,alto
1,10000.0,121,0.9504132231404959,1,2,1,0,0,0,0,0,0,0,1,0,0,gratuito
1,0.0,0,0.0,4,2,1,1,0,0,1,0,0,1,0,0,0,medio_alto
1,0.0,0,0.0,1,4,1,0,0,0,1,1,0,0,0,0,1,gratuito
14,3500000.0,31890,0.8497961743493259,5,1,1,0,0,36,0,1,0,0,0,0,0,alto
5,10000.0,101,0.39603960396039606,3,2,1,0,0,0,1,0,1,0,0,0,0,alto
4,0.0,0,0.0,1,5,1,0,0,0,1,1,1,1,0,0,0,gratuito
6,10000.0,100,0.85,1,3,1,0,0,0,1,1,1,0,0,0,0,baixo
2,0.0,0,0.0,0,0,1,0,0,0,0,0,0,0,0,0,0,gratuito
4,10000.0,6,0.16666666666666666,1,4,1,0,0,0,1,0,1,1,1,0,0,baixo
3,10000.0,19,0.7894736842105263,6,2,1,1,0,0,1,0,0,1,0,0,0,baixo
3,10000.0,2,0.5,1,1,1,0,0,0,1,0,0,0,0,0,0,medio_baixo
3,35000.0,14,0.7142857142857143,1,3,1,0,0,0,1,0,1,0,0,0,1,baixo
3,0.0,0,0.0,0,0,1,0,0,0,0,0,0,0,0,0,0,gratuito
5,10000.0,1,1.0,2,2,1,0,0,0,1,0,0,0,1,0,0,baixo
1,10000.0,0,0.0,1,2,1,0,0,0,1,0,1,0,0,0,0,medio_alto
4,0.0,0,0.0,1,3,1,0,0,0,1,0,1,0,0,0,0,gratuito
2,10000.0,0,0.0,1,4,1,0,0,0,1,0,1,0,0,1,1,baixo
9,10000.0,8,0.75,1,3,1,0,0,0,1,0,0,0,1,0,0,alto
1,10000.0,396,0.9090909090909091,3,2,1,0,0,0,0,0,0,0,1,0,1,medio_alto
3,0.0,0,0.0,0,0,1,0,0,0,0,0,0,0,0,0,0,gratuito
3,10000.0,2,1.0,1,4,1,0,0,0,1,1,1,1,0,0,0,baixo
5,10000.0,0,0.0,1,6,1,0,0,0,1,1,1,1,1,0,1,baixo
3,10000.0,9,0.8888888888888888,1,4,1,1,1,0,1,1,0,1,0,0,1,baixo
3,10000.0,0,0.0,1,1,1,0,0,0,0,0,0,0,0,0,0,gratuito
1,0.0,0,0.0,12,4,1,0,0,0,1,0,0,1,0,0,1,gratuito
1,0.0,0,0.0,0,0,1,0,0,0,0,0,0,0,0,0,0,gratuito
1,0.0,0,0.0,1,2,1,0,0,0,1,0,0,0,0,0,0,gratuito
8,10000.0,10,0.6,6,5,1,1,1,0,1,1,1,1,0,1,0,baixo
1,150000.0,1591,0.8730358265241986,5,4,1,0,0,6,1,0,1,0,0,1,1,alto
1,10000.0,10,1.0,1,3,1,0,0,0,1,1,0,1,0,0,0,medio_baixo
5,10000.0,1814,0.9217199558985667,10,3,1,0,0,1,1,1,1,0,0,0,0,medio_baixo
2,10000.0,12,0.6666666666666666,1,4,1,0,0,0,1,0,0,1,0,1,1,medio_alto
2,0.0,0,0.0,0,0,1,0,0,0,0,0,0,0,0,0,0,gratuito
7,10000.0,3,0.0,2,2,1,0,0,0,1,0,0,1,0,0,0,baixo
13,10000.0,87,0.6091954022988506,1,1,1,0,0,0,0,0,0,0,0,0,0,alto
2,10000.0,181,0.9060773480662984,1,3,1,0,0,0,1,1,1,0,0,0,0,alto
3,10000.0,0,0.0,2,2,1,0,0,1,0,1,0,0,0,0,1,alto
5,10000.0,6,0.6666666666666666,1,5,1,0,0,0,1,0,0,0,1,1,1,baixo
11,10000.0,67,0.5373134328358209,1,3,1,0,1,0,1,0,0,1,0,1,0,medio_baixo
1,0.0,0,0.0,1,2,1,0,0,0,0,0,1,0,1,0,0,medio_alto
9,10000.0,25,0.72,1,3,1,0,0,0,1,1,1,0,0,0,0,baixo
5,10000.0,0,0.0,1,1,1,0,0,0,0,0,0,1,0,0,0,baixo
6,10000.0,6,0.8333333333333334,1,2,1,0,0,0,1,0,0,1,0,0,0,alto
1,0.0,0,0.0,30,4,1,0,0,0,1,1,0,1,0,1,0,medio_baixo
12,350000.0,677,0.6085672082717873,1,3,1,0,0,0,0,1,0,1,0,0,0,gratuito
2,10000.0,0,0.0,1,3,1,0,0,0,0,0,0,1,0,1,0,medio_alto
5,10000.0,75,0.64,1,3,1,0,0,0,0,0,0,0,0,1,1,alto
1,10000.0,0,0.0,9,2,1,0,0,0,1,0,0,1,0,0,0,baixo
2,10000.0,0,0.0,29,2,1,0,0,0,1,0,0,1,0,0,0,baixo
4,10000.0,19,1.0,3,3,1,0,0,0,0,0,1,0,1,1,0,medio_alto
1,10000.0,0,0.0,1,2,1,0,0,2,1,0,0,1,0,0,0,medio_alto
7,10000.0,8,0.625,1,4,1,0,0,0,1,1,1,1,0,0,0,baixo
5,10000.0,0,0.0,1,3,1,0,0,0,1,1,0,1,0,0,0,baixo
4,0.0,0,0.0,1,1,1,0,0,0,0,0,0,0,0,0,0,gratuito
1,10000.0,14,1.0,4,1,1,0,0,1,1,0,0,0,0,0,0,medio_baixo
3,0.0,0,0.0,1,2,1,0,0,0,1,0,0,1,0,0,0,gratuito
3,10000.0,3,1.0,1,3,1,0,0,0,1,0,0,1,0,0,1,medio_alto
1,10000.0,0,0.0,2,2,1,0,0,0,1,0,1,0,0,0,0,alto
6,10000.0,0,0.0,1,5,1,0,0,0,1,0,0,1,1,1,1,baixo
2,0.0,0,0.0,0,0,1,0,0,0,0,0,0,0,0,0,0,gratuito
7,10000.0,14,0.42857142857142855,1,4,1,0,0,0,1,1,1,0,0,0,1,baixo
9,75000.0,349,0.4785100286532951,1,5,1,0,0,0,1,1,1,1,0,0,0,gratuito
2,10000.0,2,1.0,2,4,1,0,0,0,1,1,0,1,0,0,0,medio_alto
3,10000.0,9,0.1111111111111111,1,5,1,0,1,0,1,1,1,1,1,0,0,baixo
6,10000.0,4,0.75,1,2,1,0,0,0,1,1,0,0,0,0,0,medio_alto
11,10000.0,51,0.7843137254901961,6,4,1,0,0,0,0,0,1,1,0,1,1,medio_baixo
2,0.0,0,0.0,1,5,1,0,0,0,1,0,0,1,1,0,1,gratuito
2,10000.0,138,0.855072463768116,2,3,1,0,0,0,1,1,0,0,1,0,0,medio_alto
4,35000.0,5,1.0,1,3,1,0,0,0,1,1,1,0,0,0,0,medio_baixo
7,10000.0,67,0.9253731343283582,5,3,1,0,0,0,1,0,1,1,0,0,0,medio_baixo
4,10000.0,0,0.0,1,1,1,0,0,0,0,0,1,0,0,0,0,baixo
4,0.0,0,0.0,2,2,1,1,1,0,1,0,1,0,0,0,0,gratuito
11,150000.0,1068,0.8726591760299626,1,2,1,1,1,0,1,0,0,1,0,0,0,medio_baixo
3,10000.0,62,0.967741935483871,2,1,1,0,0,0,0,0,1,0,0,0,0,alto
1,0.0,0,0.0,1,2,1,0,0,0,0,1,0,1,0,0,0,alto
1,10000.0,0,0.0,2,2,1,0,0,0,1,0,0,1,0,0,0,alto
11,35000.0,124,0.8306451612903226,1,3,1,0,0,0,0,1,1,0,0,0,1,alto
5,35000.0,17,0.23529411764705882,1,5,1,0,0,0,1,1,1,0,0,0,1,alto
5,10000.0,3,1.0,1,2,1,0,0,0,1,0,1,0,0,0,0,medio_alto
6,10000.0,0,0.0,1,1,1,1,0,0,0,0,0,1,0,0,0,alto
1,0.0,0,0.0,1,4,1,1,0,1,1,0,1,0,1,1,0,alto
4,10000.0,8,0.875,1,3,1,0,0,0,1,1,0,0,1,0,0,gratuito
1,10000.0,1,0.0,17,3,1,0,0,0,0,0,0,1,0,0,1,medio_baixo
1,10000.0,0,0.0,2,3,1,0,0,0,1,1,1,0,0,0,0,alto
12,75000.0,455,0.7604395604395604,4,3,1,0,0,0,0,0,0,0,1,1,1,baixo
7,10000.0,11,0.9090909090909091,1,2,1,0,0,0,1,0,0,1,0,0,0,baixo
6,10000.0,37,0.5945945945945946,29,3,1,1,1,0,1,0,1,1,0,0,0,medio_baixo
2,0.0,0,0.0,0,0,1,0,0,0,0,0,0,0,0,0,0,gratuito
1,1500000.0,33619,0.9430084178589488,9,5,1,0,0,2,1,1,1,1,0,0,1,alto
4,0.0,0,0.0,0,0,1,0,0,0,0,0,0,0,0,0,0,gratuito
6,35000.0,33,0.9090909090909091,1,3,1,1,1,0,1,0,1,1,0,0,0,gratuito
1,0.0,0,0.0,1,4,1,1,1,0,0,1,0,0,0,1,0,gratuito
6,10000.0,14,0.5,2,1,1,0,0,1,0,0,1,0,0,0,0,alto
8,10000.0,161,0.968944099378882,1,1,1,1,1,0,1,0,0,0,0,0,0,baixo
5,10000.0,0,0.0,1,2,1,0,0,0,1,0,1,0,0,0,0,baixo
8,10000.0,3,0.6666666666666666,1,6,1,0,0,0,1,1,0,1,1,1,0,medio_baixo
5,10000.0,1,1.0,2,2,1,0,0,0,1,0,1,0,0,0,0,medio_alto
4,10000.0,78,0.7692307692307693,1,7,1,0,0,0,1,0,0,1,0,0,1,baixo
4,10000.0,13,1.0,14,2,1,0,1,0,0,0,0,1,0,1,0,alto
4,10000.0,39,0.8974358974358975,2,2,1,1,0,0,1,0,1,0,0,0,0,baixo
6,10000.0,0,0.0,1,5,1,0,0,0,1,1,0,1,0,0,1,medio_baixo
7,150000.0,809,0.8627935723114957,1,3,1,0,1,0,1,1,0,0,0,0,0,gratuito
1,10000.0,0,0.0,1,2,1,0,0,0,1,1,0,0,0,0,0,medio_alto
1,10000.0,0,0.0,1,2,1,0,0,0,1,0,0,0,1,0,0,alto
3,0.0,0,0.0,0,0,1,0,0,0,0,0,0,0,0,0,0,gratuito
1,0.0,0,0.0,0,0,1,0,0,0,0,0,0,0,0,0,0,gratuito
4,10000.0,18,0.6666666666666666,1,2,1,0,0,2,1,0,0,1,0,0,0,medio_alto
5,10000.0,42,0.7380952380952381,2,4,1,0,0,0,1,0,1,0,1,1,0,medio_baixo
1,0.0,0,0.0,0,0,1,0,0,0,0,0,0,0,0,0,0,gratuito
4,10000.0,147,0.891156462585034,10,5,1,0,0,0,1,0,0,1,0,1,1,medio_alto
12,150000.0,2303,0.4759009986973513,6,3,1,1,0,1,0,1,1,0,0,0,1,medio_alto
2,10000.0,0,0.0,2,2,1,0,0,0,1,0,0,1,0,0,0,medio_alto
2,10000.0,63,0.5396825396825397,5,6,1,0,0,0,1,1,1,0,1,0,1,medio_alto
1,10000.0,0,0.0,10,1,1,0,0,0,0,1,0,0,0,0,0,medio_baixo
4,35000.0,1,1.0,1,2,1,0,0,0,1,0,0,0,1,0,0,baixo
3,0.0,0,0.0,0,0,1,0,0,0,0,0,0,0,0,0,0,gratuito
1,0.0,0,0.0,0,0,1,0,0,0,0,0,0,0,0,0,0,gratuito
2,10000.0,6,1.0,3,3,1,0,0,0,1,0,0,1,0,1,0,medio_baixo
2,0.0,0,0.0,0,0,1,0,0,0,0,0,0,0,0,0,0,gratuito
5,10000.0,11,0.8181818181818182,1,3,1,0,0,0,1,1,0,1,0,0,0,alto
4,0.0,0,0.0,9,4,1,0,0,0,1,0,0,1,0,1,1,baixo
4,35000.0,682,0.8079178885630498,3,3,1,0,0,0,0,0,1,0,1,1,0,alto
10,35000.0,36,0.7222222222222222,2,2,1,1,1,0,1,1,0,0,0,0,0,medio_baixo
4,10000.0,3,1.0,1,4,1,0,0,0,1,0,0,1,1,1,0,medio_baixo
2,10000.0,2,1.0,2,1,1,0,1,0,0,0,0,1,0,0,0,medio_alto
5,10000.0,5,1.0,3,4,1,1,1,0,1,1,1,1,0,0,0,medio_alto
1,10000.0,3,1.0,1,3,1,0,0,0,1,1,1,0,0,0,0,baixo
11,750000.0,696,0.6896551724137931,1,4,1,1,1,0,1,0,1,1,0,0,0,gratuito
2,10000.0,0,0.0,6,3,1,0,0,2,1,0,0,1,0,0,1,medio_baixo
3,10000.0,3,0.6666666666666666,1,2,1,0,0,0,1,0,0,1,0,0,0,medio_baixo
2,10000.0,0,0.0,1,2,1,0,0,0,1,0,1,0,0,0,0,medio_baixo
11,10000.0,283,0.901060070671378,9,2,1,1,0,0,1,0,1,0,0,0,0,gratuito
1,0.0,0,0.0,1,3,1,0,0,0,0,0,0,0,1,0,1,gratuito
1,0.0,0,0.0,2,3,1,0,0,0,1,0,0,0,0,1,1,medio_baixo
6,75000.0,14,0.7857142857142857,1,3,1,0,0,0,0,0,1,0,0,0,1,gratuito
2,0.0,0,0.0,0,0,1,0,0,0,0,0,0,0,0,0,0,gratuito
2,10000.0,0,0.0,1,1,1,0,0,0,0,0,0,1,0,0,0,medio_alto
5,75000.0,8,0.5,1,2,1,1,1,0,0,0,0,1,0,1,0,medio_baixo
1,10000.0,0,0.0,2,3,1,0,0,0,0,1,0,1,0,0,0,medio_baixo
3,75000.0,549,0.7540983606557377,3,2,1,1,0,0,1,0,1,0,0,0,0,baixo
1,0.0,0,0.0,1,3,1,0,0,0,1,1,1,0,0,0,0,alto
5,10000.0,1,1.0,1,5,1,0,0,0,1,0,1,0,1,1,1,baixo
1,10000.0,0,0.0,2,3,1,0,1,0,1,0,0,1,0,0,0,alto
3,10000.0,0,0.0,12,5,1,1,1,1,1,0,1,1,1,0,1,alto
8,10000.0,24,0.7916666666666666,2,5,1,0,0,0,1,1,1,1,0,0,0,gratuito
2,350000.0,5773,0.9388532825220856,22,3,1,0,0,0,1,0,0,0,0,0,1,alto
3,75000.0,19,1.0,6,2,1,0,1,2,1,0,1,0,0,0,0,medio_alto
3,10000.0,57,0.8771929824561403,2,5,1,1,0,1,1,1,1,1,0,0,0,medio_baixo
2,0.0,0,0.0,103,2,1,0,0,0,0,0,0,0,0,0,1,gratuito
12,10000.0,30,0.8666666666666667,1,2,1,0,0,0,0,0,0,0,0,0,0,gratuito
1,10000.0,0,0.0,2,4,1,0,0,0,1,1,1,0,0,0,0,gratuito
2,10000.0,0,0.0,30,2,1,0,0,0,1,0,0,1,0,0,0,baixo
1,0.0,0,0.0,1,2,1,0,0,0,1,1,0,0,0,0,0,alto
2,10000.0,12,0.5833333333333334,1,4,1,0,0,0,0,1,0,1,0,1,1,medio_baixo
6,35000.0,44,0.9772727272727273,1,3,1,1,0,0,1,1,0,1,0,0,0,medio_baixo
2,10000.0,3,1.0,1,6,1,0,0,0,1,1,1,1,0,0,0,baixo
3,10000.0,8,0.875,26,4,1,0,0,0,1,0,0,1,1,0,1,baixo
8,35000.0,4,0.5,1,2,1,0,1,0,1,0,0,1,0,0,0,medio_baixo
1,10000.0,0,0.0,1,4,1,0,0,0,1,1,0,1,0,0,0,medio_alto
2,350000.0,2651,0.6740852508487363,7,2,1,0,0,0,0,1,0,0,0,0,0,gratuito
13,75000.0,393,0.9134860050890585,1,2,1,0,0,0,1,1,0,0,0,0,0,medio_alto
2,10000.0,41,0.926829268292683,1,3,1,0,0,1,1,1,1,0,0,0,0,alto
4,0.0,0,0.0,1,5,1,0,0,0,0,1,0,1,0,0,1,gratuito
3,10000.0,2,1.0,1,3,1,0,1,0,1,0,1,1,0,0,0,medio_baixo
7,10000.0,4,1.0,1,3,1,1,0,0,1,1,0,0,0,1,0,baixo
5,10000.0,12,0.8333333333333334,2,3,1,0,0,0,1,0,1,1,0,0,0,baixo
6,10000.0,19,0.631578947368421,1,5,1,1,0,0,1,0,1,1,0,1,0,alto
1,10000.0,0,0.0,1,3,1,0,0,0,1,1,0,1,0,0,0,baixo
1,0.0,0,0.0,1,3,1,0,0,0,1,1,1,0,0,0,0,medio_alto
6,10000.0,18,1.0,1,1,1,0,0,0,0,0,0,0,0,1,0,medio_alto
9,350000.0,1041,0.7521613832853026,3,4,1,1,0,0,0,0,0,1,0,1,0,gratuito
1,0.0,0,0.0,0,0,1,0,0,0,0,0,0,0,0,0,0,gratuito
1,0.0,0,0.0,0,0,1,0,0,0,0,0,0,0,0,0,0,gratuito
7,10000.0,8,0.375,1,3,1,0,0,0,1,0,1,0,0,0,1,medio_baixo
1,10000.0,0,0.0,1,1,1,0,1,0,0,0,0,0,0,1,0,medio_alto
1,10000.0,0,0.0,3,2,1,1,0,1,0,0,1,1,0,0,0,medio_alto
4,10000.0,0,0.0,1,2,1,0,0,0,1,1,0,0,0,0,0,baixo
2,75000.0,42,0.7380952380952381,1,4,1,0,0,0,1,1,1,0,0,0,0,gratuito
3,0.0,0,0.0,0,0,1,0,0,0,0,0,0,0,0,0,0,gratuito
1,10000.0,2,1.0,1,3,1,1,1,0,1,0,0,1,0,0,1,medio_baixo
8,35000.0,213,0.8075117370892019,2,4,1,0,0,0,1,1,1,1,0,0,0,medio_baixo
1,10000.0,0,0.0,1,7,1,1,0,1,1,1,1,1,1,1,1,medio_alto
14,350000.0,16411,0.761501431966364,7,2,1,0,0,0,0,1,0,0,0,0,0,gratuito
6,10000.0,30,0.5333333333333333,4,2,1,0,0,0,0,0,0,0,0,0,0,alto
4,10000.0,0,0.0,1,4,1,0,1,1,1,1,1,0,1,0,0,medio_alto
17,10000.0,232,0.728448275862069,1,2,1,0,0,0,0,1,0,0,0,0,0,medio_baixo
10,10000.0,8,0.5,1,2,1,0,0,0,1,0,1,0,0,0,0,medio_alto
11,10000.0,25,0.6,1,3,1,1,1,0,1,1,0,0,1,0,0,alto
5,10000.0,10,0.7,1,3,1,0,0,0,0,0,0,0,1,0,0,medio_alto
1,0.0,0,0.0,0,0,1,0,0,0,0,0,0,0,0,0,0,gratuito
1,10000.0,28,1.0,1,5,1,0,0,0,1,1,0,1,0,1,1,baixo
5,10000.0,0,0.0,1,2,1,0,0,0,1,0,0,1,0,0,0,baixo
8,10000.0,26,0.34615384615384615,2,2,1,1,0,1,1,0,0,1,0,0,0,baixo
4,350000.0,3244,0.8680641183723797,4,1,1,0,0,5,0,0,1,0,0,0,0,alto
9,10000.0,114,0.8771929824561403,1,3,1,1,1,1,1,1,1,0,0,0,0,medio_alto
1,10000.0,2,1.0,1,2,1,0,0,0,1,0,1,0,0,0,0,alto
6,35000.0,1,1.0,1,1,1,0,0,0,1,0,0,0,0,0,0,medio_alto
2,0.0,0,0.0,103,9,1,1,1,0,1,1,1,1,1,1,1,alto
10,10000.0,26,0.38461538461538464,1,4,1,0,0,0,1,0,0,0,0,1,1,baixo
1,10000.0,0,0.0,1,2,1,0,0,0,1,0,0,1,0,0,0,baixo
8,10000.0,7,0.8571428571428571,1,3,1,0,0,0,1,1,1,0,0,0,0,baixo
3,35000.0,519,0.9036608863198459,5,3,1,1,0,0,1,0,0,0,0,1,1,alto
5,10000.0,0,0.0,1,2,1,0,0,0,1,0,0,1,0,0,0,medio_alto
7,10000.0,181,0.8674033149171271,1,1,1,0,0,2,0,0,1,0,0,0,0,medio_baixo
13,150000.0,502,0.6055776892430279,11,2,1,0,0,1,0,0,0,0,0,1,1,medio_alto
2,10000.0,16,1.0,1,2,1,0,0,0,0,1,0,1,0,0,0,medio_alto
1,0.0,0,0.0,13,5,1,0,0,0,1,0,0,1,0,1,1,gratuito
4,10000.0,23,0.782608695652174,2,3,1,0,0,0,1,0,1,1,0,0,0,medio_baixo
11,35000.0,244,0.860655737704918,9,2,1,1,1,0,1,1,0,0,0,0,0,alto
8,10000.0,7,0.7142857142857143,1,2,1,1,0,0,0,1,0,0,0,0,1,medio_baixo
6,75000.0,534,0.7846441947565543,13,2,1,0,0,1,1,0,0,1,0,0,0,baixo
4,10000.0,29,0.896551724137931,8,4,1,0,0,0,1,0,1,1,0,0,1,medio_baixo
8,10000.0,70,0.8285714285714286,1,2,1,0,0,0,1,1,0,0,0,0,0,medio_alto
5,10000.0,26,0.9615384615384616,1,2,1,1,1,0,1,0,0,0,0,1,0,medio_alto
6,10000.0,6,1.0,1,2,1,0,0,0,1,1,0,0,0,0,0,medio_baixo
2,10000.0,19,0.7894736842105263,4,2,1,0,0,0,1,1,0,0,0,0,0,medio_baixo
1,10000.0,0,0.0,3,4,1,0,0,0,1,0,0,0,1,0,1,medio_alto
1,10000.0,0,0.0,2,3,1,0,0,1,1,1,0,0,1,0,0,medio_alto
6,35000.0,19,0.6842105263157895,1,1,1,0,0,0,0,0,0,0,0,0,0,alto
1,0.0,0,0.0,0,0,1,0,0,0,0,0,0,0,0,0,0,gratuito
3,10000.0,6,0.5,1,1,1,0,0,0,0,0,0,1,0,0,0,alto
1,0.0,0,0.0,0,0,1,0,0,0,0,0,0,0,0,0,0,gratuito
3,10000.0,0,0.0,1,1,1,0,0,0,0,0,0,0,0,0,1,baixo
1,10000.0,15,0.7333333333333333,1,3,1,1,0,0,1,1,0,1,0,0,0,medio_baixo
4,10000.0,8,1.0,1,2,1,1,0,0,0,0,1,1,0,0,0,medio_alto
7,75000.0,51,0.8627450980392157,1,3,1,0,0,0,1,1,0,0,0,0,0,gratuito
2,750000.0,20544,0.9660241433021807,14,3,1,1,0,0,1,1,0,0,0,1,0,alto
1,0.0,0,0.0,0,0,1,0,0,0,0,0,0,0,0,0,0,gratuito
7,10000.0,48,0.9791666666666666,8,2,1,1,1,0,1,1,0,0,0,0,0,baixo
2,10000.0,12,0.75,2,2,1,0,0,0,0,1,0,0,0,0,0,medio_alto
9,750000.0,208,0.4519230769230769,1,4,1,1,0,0,1,0,0,1,0,0,1,baixo
1,10000.0,112,0.5446428571428571,12,1,1,0,0,1,1,0,0,0,0,0,0,medio_alto
7,75000.0,1159,0.8654012079378774,1,6,1,0,0,0,1,1,1,0,1,0,1,alto
5,75000.0,399,0.7919799498746867,1,3,1,0,1,0,1,1,0,0,0,1,0,medio_baixo
5,10000.0,18,0.5,103,2,1,0,0,0,1,0,1,0,0,0,0,baixo
11,750000.0,1250,0.8808,1,2,1,0,0,0,1,0,1,0,0,0,0,gratuito
7,10000.0,0,0.0,1,2,1,0,0,2,1,0,0,1,0,0,0,baixo
3,0.0,0,0.0,1,4,1,1,0,0,1,1,1,0,0,0,0,gratuito
1,10000.0,0,0.0,1,5,1,0,0,0,1,1,0,0,0,1,0,gratuito
7,75000.0,11,0.6363636363636364,2,5,1,1,0,1,1,1,1,1,1,0,0,baixo
4,10000.0,0,0.0,4,1,1,0,0,0,0,0,1,0,0,0,0,medio_alto
7,10000.0,1,0.0,1,1,1,0,0,0,1,0,0,0,0,0,0,medio_alto
7,10000.0,13,1.0,1,5,1,0,0,0,1,1,0,1,1,1,0,medio_alto
1,0.0,0,0.0,0,0,1,0,0,0,0,0,0,0,0,0,0,gratuito
5,10000.0,6,0.8333333333333334,2,2,1,0,0,1,0,0,0,0,0,1,0,alto
12,75000.0,232,0.8491379310344828,1,3,1,0,1,0,1,0,1,0,1,0,0,medio_baixo
2,0.0,0,0.0,1,5,1,0,0,0,0,1,1,0,1,0,0,gratuito
3,0.0,0,0.0,1,3,1,1,1,0,0,1,1,0,0,0,0,gratuito
1,10000.0,0,0.0,1,4,1,1,1,0,1,1,1,1,0,0,0,medio_alto
5,10000.0,112,0.8482142857142857,1,1,1,0,1,0,0,0,0,0,0,0,1,medio_alto
5,0.0,0,0.0,14,7,1,1,1,0,1,1,1,1,0,1,1,gratuito
4,10000.0,5,0.6,2,2,1,0,0,0,1,1,0,0,0,0,0,medio_baixo
11,10000.0,57,0.40350877192982454,1,4,1,0,0,0,1,0,1,0,1,0,1,medio_alto
1,10000.0,0,0.0,1,3,1,1,0,0,1,0,0,0,0,1,1,alto
2,10000.0,1,1.0,1,2,1,0,1,0,0,1,0,1,0,0,0,medio_baixo
7,10000.0,73,0.5753424657534246,7,2,1,1,0,0,1,0,1,0,0,0,0,medio_alto
1,0.0,0,0.0,0,0,1,0,0,0,0,0,0,0,0,0,0,gratuito
2,10000.0,4,1.0,1,1,1,0,0,2,0,0,0,0,0,0,1,medio_alto
12,3500000.0,74294,0.7815570570974776,13,2,1,0,0,2,0,1,1,0,0,0,0,medio_alto
8,10000.0,3,0.6666666666666666,1,3,1,0,0,0,1,1,1,0,0,0,0,alto
1,10000.0,0,0.0,13,3,1,0,0,0,1,0,0,1,0,1,0,baixo
3,10000.0,16,0.9375,2,2,1,0,0,0,1,0,0,0,0,0,0,medio_baixo
6,35000.0,71,0.647887323943662,3,3,1,0,0,0,1,1,0,0,0,0,1,baixo
9,10000.0,229,0.6637554585152838,2,3,1,0,0,0,1,1,0,0,0,0,0,baixo
13,150000.0,2355,0.9036093418259024,5,2,1,0,0,0,0,1,1,0,0,0,0,baixo
3,35000.0,514,0.8268482490272373,4,2,1,0,0,2,0,0,0,0,1,1,0,medio_baixo
1,10000.0,0,0.0,1,3,1,0,0,1,1,1,1,0,0,0,0,medio_baixo
1,0.0,0,0.0,0,0,1,0,0,0,0,0,0,0,0,0,0,gratuito
3,10000.0,10,1.0,1,4,1,0,0,0,1,0,1,1,1,0,0,medio_alto
8,10000.0,26,0.8076923076923077,1,3,1,0,0,0,1,0,0,1,0,0,1,baixo
1,0.0,0,0.0,17,2,1,0,0,0,0,0,0,0,0,0,0,alto
3,35000.0,783,0.8607918263090677,32,3,1,0,0,0,1,0,1,1,0,0,0,medio_alto
10,10000.0,20,0.7,11,3,1,0,0,0,1,0,1,1,0,0,0,baixo
2,10000.0,65,1.0,9,3,1,0,0,0,1,1,1,0,0,0,0,medio_alto
6,10000.0,0,0.0,2,2,1,0,0,0,1,0,0,1,0,0,0,medio_alto
4,35000.0,11,0.9090909090909091,1,5,1,0,0,0,1,1,1,0,0,1,0,gratuito
6,10000.0,8,0.875,1,4,1,0,0,0,0,0,1,0,1,1,1,alto
9,75000.0,106,0.6132075471698113,1,2,1,0,0,3,1,0,0,1,0,0,0,baixo
8,10000.0,3,1.0,1,1,1,0,0,1,0,1,0,0,0,0,0,alto
2,10000.0,0,0.0,12,4,1,1,1,2,1,0,1,1,1,0,0,alto
3,10000.0,11,0.5454545454545454,2,2,1,0,0,0,1,0,0,0,0,0,1,baixo
1,350000.0,2032,0.6166338582677166,1,2,1,0,0,0,0,0,0,0,0,1,0,alto
9,150000.0,49,0.6938775510204082,1,3,1,0,0,0,1,0,1,1,0,0,0,baixo
3,10000.0,219,0.9223744292237442,2,2,1,0,1,1,0,0,1,1,0,0,0,alto
2,35000.0,19,0.7894736842105263,1,2,1,0,0,0,1,0,1,0,0,0,0,baixo
4,10000.0,26,0.5384615384615384,1,5,1,0,0,0,1,1,1,1,0,0,1,medio_baixo
2,10000.0,4,1.0,1,2,1,0,1,0,1,1,0,0,0,0,0,medio_baixo
3,75000.0,91,0.9120879120879121,2,2,1,1,0,1,1,0,1,0,0,0,0,alto
4,35000.0,599,0.993322203672788,21,1,1,1,1,0,0,0,0,0,0,0,1,medio_baixo
4,35000.0,6,0.3333333333333333,1,2,1,0,0,0,1,0,0,0,0,0,1,medio_baixo
2,10000.0,446,0.7825112107623319,10,3,1,0,0,5,1,1,1,0,0,0,0,alto
8,10000.0,4,1.0,1,4,1,0,0,0,1,0,0,1,0,1,0,alto
9,10000.0,1,1.0,1,3,1,0,0,0,1,0,0,1,0,0,1,medio_baixo
4,10000.0,0,0.0,1,2,1,0,0,0,1,0,0,0,0,0,0,alto
1,10000.0,0,0.0,8,2,1,0,0,0,1,1,0,0,0,0,0,baixo
5,10000.0,12,1.0,1,1,1,0,0,0,0,1,0,0,0,0,0,medio_alto
4,10000.0,108,0.9166666666666666,1,3,1,0,0,0,1,0,0,0,0,0,0,medio_alto
7,10000.0,18,0.3888888888888889,4,2,1,0,0,0,1,0,0,1,0,0,0,baixo
9,150000.0,1748,0.7986270022883295,4,5,1,1,1,0,1,0,1,1,1,0,1,baixo
6,10000.0,1,1.0,1,3,1,0,0,0,1,1,0,1,0,0,0,baixo
5,0.0,0,0.0,4,3,1,1,1,3,1,0,1,0,0,0,0,gratuito
1,10000.0,13,1.0,1,3,1,0,0,1,1,1,0,1,0,0,0,alto
11,75000.0,314,0.5828025477707006,5,2,1,1,0,0,1,0,1,0,0,0,0,medio_baixo
2,0.0,0,0.0,1,3,1,0,0,0,1,0,0,1,0,0,0,gratuito
8,10000.0,14,0.2857142857142857,2,3,1,0,0,0,1,0,1,0,0,1,0,medio_baixo
1,10000.0,0,0.0,10,2,1,0,0,1,1,0,1,0,0,0,0,medio_baixo
1,0.0,0,0.0,1,2,1,0,0,0,1,1,0,0,0,0,0,medio_alto
6,10000.0,0,0.0,1,1,1,0,0,0,0,0,0,1,0,0,0,medio_baixo
5,10000.0,1,1.0,1,3,1,0,0,0,0,1,0,0,0,1,0,alto
3,10000.0,0,0.0,2,4,1,0,0,0,1,1,0,1,0,0,1,baixo
1,0.0,0,0.0,29,6,1,0,1,0,1,1,1,1,0,0,1,alto
3,10000.0,2,0.5,1,1,1,0,0,0,0,0,0,0,1,0,0,medio_baixo
9,1500000.0,12303,0.8773469885393806,10,1,1,0,0,0,0,1,0,0,0,0,0,medio_alto
3,0.0,0,0.0,0,0,1,0,0,0,0,0,0,0,0,0,0,gratuito
1,10000.0,2,1.0,1,4,1,0,1,0,1,0,0,1,0,1,1,medio_baixo
2,10000.0,117,0.7435897435897436,13,2,1,0,0,0,1,0,1,0,0,0,0,alto
3,10000.0,107,0.6542056074766355,10,3,1,0,0,0,1,0,0,1,0,0,1,medio_baixo
3,10000.0,6,1.0,1,5,1,1,1,1,1,1,0,1,0,1,0,medio_alto
6,75000.0,973,0.9393627954779034,12,3,1,0,0,2,1,1,1,0,0,0,0,baixo
1,10000.0,0,0.0,2,3,1,0,0,0,0,1,1,0,0,0,0,medio_baixo
5,10000.0,36,0.6944444444444444,3,3,1,0,0,0,1,0,1,1,0,0,0,medio_alto
5,10000.0,49,0.9591836734693877,2,3,1,0,0,0,1,1,1,0,0,0,0,medio_baixo
1,10000.0,0,0.0,1,3,1,0,0,0,1,0,0,1,0,1,0,medio_baixo
5,10000.0,39,0.8974358974358975,2,2,1,0,0,0,1,1,0,0,0,0,0,alto
7,10000.0,8,0.875,1,5,1,0,0,0,1,1,1,1,0,0,0,baixo
11,750000.0,3303,0.8973660308810173,13,6,1,1,1,2,1,1,1,1,0,1,1,baixo
3,150000.0,23,0.9565217391304348,1,1,1,0,0,0,1,0,0,0,0,0,0,baixo
7,10000.0,292,0.9623287671232876,10,2,1,0,1,2,0,0,0,1,1,0,0,baixo
3,10000.0,21,0.8095238095238095,1,6,1,0,0,0,1,1,1,0,1,1,0,medio_alto
12,35000.0,773,0.9133247089262613,1,3,1,0,0,1,1,1,0,0,1,0,0,gratuito
11,10000.0,284,0.6830985915492958,8,4,1,1,1,1,1,0,1,1,0,0,1,alto
3,10000.0,96,0.5208333333333334,2,4,1,0,0,0,1,1,1,1,0,0,0,medio_baixo
3,350000.0,3597,0.9146510981373367,8,3,1,0,0,1,1,1,1,0,0,0,0,medio_alto
9,35000.0,47,0.8085106382978723,2,3,1,0,0,0,1,0,1,0,1,0,0,medio_baixo
6,10000.0,3,0.3333333333333333,25,2,1,0,0,0,1,0,0,1,0,0,0,baixo
1,10000.0,1,1.0,1,3,1,0,0,1,1,1,0,0,0,0,0,medio_baixo
2,10000.0,316,0.7943037974683544,8,4,1,0,0,1,1,1,1,0,1,0,0,alto
7,10000.0,15,0.8,5,1,1,0,0,0,1,0,0,0,0,0,0,gratuito
4,10000.0,6,0.8333333333333334,2,3,1,0,0,0,1,1,0,1,0,0,0,alto
5,10000.0,0,0.0,1,2,1,0,0,0,1,0,0,0,0,0,0,alto
7,35000.0,6,1.0,1,4,1,0,0,1,1,0,0,1,0,1,1,alto
2,10000.0,21,1.0,1,4,1,0,1,1,1,1,0,1,0,0,0,medio_baixo
3,35000.0,597,0.7286432160804021,3,4,1,0,0,0,1,1,1,0,1,0,0,medio_baixo
2,10000.0,11,1.0,2,3,1,0,0,0,1,0,0,1,0,0,0,medio_alto
3,10000.0,1,1.0,1,4,1,0,0,0,1,1,1,1,0,0,0,baixo
2,0.0,0,0.0,0,0,1,0,0,0,0,0,0,0,0,0,0,gratuito
3,10000.0,1,1.0,3,3,1,0,0,0,1,0,0,1,0,0,1,baixo
9,10000.0,12,0.5833333333333334,2,3,1,0,0,0,1,0,1,1,0,0,0,baixo
6,10000.0,2,0.0,20,3,1,0,0,0,1,0,0,1,0,1,0,medio_alto
9,35000.0,138,0.6811594202898551,27,4,1,0,0,0,1,1,1,1,0,0,0,baixo
2,10000.0,0,0.0,1,3,1,0,0,0,1,1,1,0,0,0,0,medio_baixo
6,35000.0,539,0.8552875695732839,2,6,1,0,0,0,1,1,1,1,0,1,1,medio_baixo
5,35000.0,897,0.9832775919732442,4,1,1,0,0,1,0,0,1,0,0,0,0,alto
1,10000.0,0,0.0,6,4,1,0,0,0,1,1,0,0,0,1,0,medio_baixo
4,0.0,0,0.0,5,3,1,0,0,0,1,0,0,1,0,0,0,gratuito
7,35000.0,494,0.7368421052631579,5,2,1,0,0,0,1,1,0,0,0,0,0,alto
12,150000.0,136,0.3897058823529412,1,2,1,0,0,0,1,0,0,1,0,0,0,baixo
5,10000.0,0,0.0,2,1,1,0,0,0,1,0,0,0,0,0,0,medio_alto
8,75000.0,589,0.8675721561969439,1,1,1,0,0,0,0,0,1,0,0,0,0,medio_baixo
8,10000.0,3,0.6666666666666666,1,3,1,0,0,0,1,1,1,0,0,0,0,medio_alto
1,0.0,0,0.0,1,1,1,0,0,1,1,0,0,0,0,0,0,medio_alto
12,35000.0,31,0.2903225806451613,1,2,1,0,0,0,0,0,0,0,1,0,0,medio_baixo
3,10000.0,6,0.5,2,2,1,0,0,0,1,1,0,0,0,0,0,medio_baixo
4,10000.0,0,0.0,1,2,1,0,0,0,1,0,0,1,0,0,0,baixo
5,35000.0,7,0.7142857142857143,1,2,1,0,1,0,1,0,1,0,0,0,0,baixo
4,0.0,0,0.0,1,1,1,0,0,0,0,0,0,0,0,0,0,gratuito
7,10000.0,119,0.9747899159663865,1,3,1,0,0,0,1,1,0,1,0,0,0,medio_baixo
11,10000.0,122,0.7704918032786885,1,2,1,1,1,0,1,0,0,0,1,0,0,medio_baixo
5,10000.0,3,1.0,29,1,1,0,0,0,1,0,0,0,0,0,0,baixo
6,10000.0,13,0.9230769230769231,1,3,1,0,0,0,1,1,0,0,0,0,0,gratuito
7,10000.0,28,0.6428571428571429,1,2,1,0,0,0,0,0,0,1,0,0,0,gratuito
2,35000.0,6,0.8333333333333334,1,1,1,1,1,0,0,1,0,0,0,0,0,baixo
1,0.0,0,0.0,1,3,1,0,0,0,1,0,0,1,0,0,0,gratuito
2,10000.0,80,1.0,5,2,1,0,0,0,0,0,1,1,0,0,0,baixo
1,0.0,0,0.0,1,2,1,0,0,0,0,1,0,0,0,0,0,gratuito
1,0.0,0,0.0,0,0,1,0,0,0,0,0,0,0,0,0,0,gratuito
3,10000.0,11,0.45454545454545453,2,4,1,0,0,0,1,0,0,1,0,0,1,medio_baixo
2,10000.0,403,0.7890818858560794,7,3,1,0,0,1,1,0,0,0,0,1,1,alto
3,35000.0,8,0.875,1,5,1,0,0,0,1,1,1,0,1,0,0,alto
4,0.0,0,0.0,5,2,1,0,0,0,0,1,1,0,0,0,0,gratuito
1,10000.0,0,0.0,1,2,1,0,1,0,1,1,0,0,0,0,0,baixo
2,0.0,0,0.0,0,0,1,0,0,0,0,0,0,0,0,0,0,gratuito
1,35000.0,142,0.7605633802816901,1,3,1,1,0,0,0,0,1,0,1,1,0,medio_baixo
3,150000.0,41,0.9512195121951219,4,5,1,0,1,0,1,1,1,1,0,1,0,medio_alto
2,10000.0,44,0.8181818181818182,10,1,1,0,0,0,0,1,0,0,0,0,0,medio_alto
1,10000.0,0,0.0,1,3,1,0,0,0,1,0,1,1,0,0,0,medio_alto
3,35000.0,205,0.6926829268292682,5,4,1,1,0,0,1,1,0,0,1,1,0,alto
3,0.0,0,0.0,0,0,1,0,0,0,0,0,0,0,0,0,0,gratuito
8,10000.0,21,0.2857142857142857,1,1,1,0,0,0,0,1,0,0,0,0,0,gratuito
13,75000.0,616,0.5909090909090909,1,2,1,0,0,0,1,1,0,0,0,0,0,medio_baixo
2,10000.0,85,0.8941176470588236,24,1,1,0,0,0,1,0,0,0,0,0,0,gratuito
3,10000.0,145,0.9103448275862069,1,2,1,0,0,3,1,0,1,0,0,0,0,medio_baixo
9,350000.0,445,0.797752808988764,2,3,1,0,0,0,0,0,0,1,0,1,0,gratuito
2,10000.0,0,0.0,1,5,1,0,0,0,0,0,1,1,0,1,1,gratuito
2,0.0,0,0.0,0,0,1,0,0,0,0,0,0,0,0,0,0,gratuito
3,0.0,0,0.0,103,1,1,1,1,0,1,0,0,0,0,0,0,medio_alto
5,10000.0,9,1.0,1,5,1,0,0,0,1,1,0,1,1,0,0,medio_baixo
3,10000.0,38,0.868421052631579,23,3,1,0,0,0,1,1,1,0,0,0,0,medio_baixo
6,10000.0,9,1.0,1,4,1,1,1,0,1,0,0,1,0,0,0,baixo
9,35000.0,157,0.8853503184713376,31,2,1,1,1,0,1,0,0,1,0,0,0,baixo
1,0.0,0,0.0,0,0,1,0,0,0,0,0,0,0,0,0,0,gratuito
9,10000.0,13,0.8461538461538461,1,1,1,0,0,0,0,0,0,0,0,0,1,gratuito
5,35000.0,82,0.5853658536585366,1,3,1,0,0,0,0,0,0,1,0,0,1,gratuito
1,10000.0,0,0.0,7,2,1,0,0,0,1,0,1,0,0,0,0,medio_alto
1,10000.0,0,0.0,1,5,1,0,0,0,1,1,1,1,0,0,0,medio_alto
6,35000.0,182,0.8901098901098901,4,3,1,0,0,1,1,0,0,0,0,1,1,baixo
11,750000.0,1837,0.34403919433859553,2,3,1,0,0,0,1,1,1,0,0,0,0,baixo
8,10000.0,4,0.25,1,5,1,0,0,0,1,1,0,1,1,0,0,medio_baixo
3,10000.0,9,0.7777777777777778,1,2,1,1,1,0,0,0,0,0,0,0,0,alto
2,10000.0,0,0.0,1,3,1,0,0,0,1,1,1,0,0,0,0,medio_alto
7,10000.0,15,0.7333333333333333,1,3,1,0,0,0,1,0,1,0,1,0,0,medio_baixo
2,10000.0,28,1.0,1,2,1,0,0,0,1,0,1,0,0,0,0,baixo
1,10000.0,0,0.0,3,2,1,0,0,0,1,0,1,0,0,0,0,medio_alto
1,10000.0,10,1.0,8,3,1,0,0,0,1,0,0,0,1,1,0,alto
2,10000.0,32,0.96875,5,3,1,0,0,0,1,0,0,0,0,1,1,medio_baixo
2,0.0,0,0.0,1,2,1,0,0,0,0,0,0,1,0,0,0,gratuito
1,10000.0,0,0.0,1,1,1,0,1,0,0,0,1,0,0,0,0,medio_baixo
2,0.0,0,0.0,0,0,1,0,0,0,0,0,0,0,0,0,0,gratuito
1,10000.0,0,0.0,30,1,1,0,0,0,0,0,0,1,0,0,0,medio_baixo
8,10000.0,36,0.8888888888888888,1,2,1,0,0,1,1,0,0,0,0,0,0,gratuito
10,10000.0,2,0.5,4,2,1,0,0,0,1,1,0,0,0,0,0,medio_alto
3,10000.0,16,0.75,2,4,1,0,0,0,1,1,1,0,1,0,0,baixo
8,10000.0,18,0.6111111111111112,3,2,1,0,0,0,1,0,1,0,0,0,0,baixo
7,10000.0,76,0.6973684210526315,2,4,1,0,0,0,1,0,0,0,1,1,0,alto
3,10000.0,0,0.0,1,3,1,1,1,0,0,0,1,1,0,0,1,baixo
16,150000.0,194,0.4742268041237113,1,2,1,0,0,0,1,1,0,0,0,0,0,baixo
1,10000.0,0,0.0,1,3,1,0,0,0,0,0,1,1,0,0,1,medio_baixo
11,75000.0,349,0.7936962750716332,5,2,1,0,0,1,1,0,0,0,0,0,0,baixo
11,350000.0,1353,0.7368810051736882,1,5,1,0,0,1,1,1,1,1,1,0,0,baixo
5,10000.0,14,0.8571428571428571,1,3,1,0,0,0,1,0,1,0,1,0,0,medio_alto
1,0.0,0,0.0,1,2,1,0,0,0,0,0,0,1,0,0,0,gratuito
2,10000.0,0,0.0,4,4,1,0,0,0,1,0,1,1,0,1,0,medio_alto
3,10000.0,12,0.8333333333333334,1,2,1,0,0,0,1,0,0,1,0,0,0,medio_baixo
6,35000.0,5,0.2,1,2,1,1,1,0,1,0,0,1,0,0,0,alto
1,10000.0,0,0.0,3,2,1,0,0,0,1,0,0,0,0,0,0,alto
2,10000.0,1,1.0,1,3,1,0,1,0,1,1,1,0,0,0,0,baixo
3,0.0,0,0.0,1,1,1,0,0,0,1,0,0,0,0,0,0,gratuito
3,10000.0,0,0.0,1,2,1,0,0,0,1,0,0,0,1,0,0,alto
8,150000.0,514,0.857976653696498,13,4,1,0,0,3,1,0,0,1,0,1,0,gratuito
1,10000.0,14,0.8571428571428571,7,2,1,0,0,0,0,1,0,1,0,0,0,medio_baixo
6,10000.0,83,0.9036144578313253,1,2,1,0,0,0,0,0,0,0,0,0,0,alto
7,10000.0,34,0.6176470588235294,1,3,1,0,1,0,1,0,1,1,0,0,0,baixo
2,350000.0,4280,0.9600467289719626,6,2,1,0,0,6,1,0,1,0,0,0,0,alto
4,10000.0,13,1.0,1,2,1,1,1,0,0,0,0,1,0,0,1,medio_alto
1,10000.0,0,0.0,1,2,1,0,0,0,1,0,1,0,0,0,0,medio_alto
1,10000.0,0,0.0,7,6,1,0,0,2,1,1,1,1,1,0,0,alto
1,10000.0,0,0.0,3,2,1,0,0,0,1,0,0,0,0,0,1,baixo
3,10000.0,7,1.0,1,3,1,0,0,0,1,0,0,1,0,1,0,medio_alto
1,0.0,0,0.0,1,4,1,1,1,0,1,0,0,1,0,0,1,gratuito
7,10000.0,2,0.5,1,2,1,0,0,0,1,0,0,0,0,0,0,medio_baixo
5,35000.0,308,0.974025974025974,10,2,1,0,0,1,1,1,0,0,0,0,0,alto
1,10000.0,1,0.0,2,2,1,0,0,0,1,0,1,0,0,0,0,alto
2,10000.0,0,0.0,1,2,1,0,0,0,0,0,1,0,1,0,0,medio_baixo
1,10000.0,0,0.0,3,0,1,0,0,0,0,0,0,0,0,0,0,alto
13,350000.0,5703,0.9374013677012099,10,2,1,0,0,1,1,0,1,0,0,0,0,medio_baixo
1,10000.0,0,0.0,1,1,1,0,0,0,0,0,1,0,0,0,0,medio_baixo
3,10000.0,0,0.0,1,2,1,0,0,0,1,0,0,1,0,0,0,medio_baixo
3,10000.0,7,0.5714285714285714,4,2,1,0,0,1,1,0,0,0,1,0,0,medio_baixo
10,35000.0,73,0.6164383561643836,1,3,1,0,0,19,1,1,0,1,0,0,0,baixo
1,0.0,0,0.0,10,3,1,0,0,0,0,0,0,1,0,1,0,gratuito
6,10000.0,115,0.782608695652174,2,3,1,1,1,0,1,0,1,1,0,0,0,alto
7,35000.0,11,0.09090909090909091,3,3,1,0,0,0,1,0,1,1,0,0,0,baixo
5,10000.0,0,0.0,1,2,1,0,0,0,1,0,0,1,0,0,0,baixo
2,10000.0,40,0.6,4,2,1,0,0,0,1,0,0,1,0,0,0,medio_baixo
12,10000.0,1,1.0,1,0,1,0,0,0,0,0,0,0,0,0,0,gratuito
4,10000.0,1,0.0,1,1,1,0,0,0,0,1,0,0,0,0,0,baixo
7,10000.0,0,0.0,1,1,1,0,0,0,0,0,1,0,0,0,0,alto
2,10000.0,0,0.0,1,3,1,0,0,0,1,0,0,1,0,0,1,medio_alto
8,75000.0,470,0.7914893617021277,13,3,1,1,1,0,1,1,1,0,0,0,0,baixo
3,10000.0,57,0.9473684210526315,2,3,1,0,0,0,1,0,0,0,0,0,0,medio_baixo
6,10000.0,0,0.0,1,5,1,0,0,0,1,1,1,1,0,0,0,baixo
12,10000.0,303,0.976897689768977,1,2,1,1,1,0,0,0,1,1,0,0,0,medio_alto
11,35000.0,313,0.8817891373801917,1,5,1,0,0,0,1,1,0,0,1,0,1,alto
2,35000.0,507,0.8086785009861933,1,4,1,0,0,1,1,1,0,0,1,0,1,alto
6,10000.0,9,0.8888888888888888,1,2,1,0,0,0,1,1,0,0,0,0,0,medio_alto
1,0.0,0,0.0,27,3,1,1,1,0,1,0,0,0,0,0,1,gratuito
2,10000.0,10,0.9,1,2,1,0,0,0,1,0,1,0,0,0,0,medio_alto
7,10000.0,34,0.8823529411764706,2,2,1,0,0,0,1,1,0,0,0,0,0,alto
2,35000.0,159,0.9811320754716981,1,4,1,1,0,1,1,0,1,0,1,1,0,alto
9,35000.0,51,0.8235294117647058,1,2,1,0,0,0,1,0,1,0,0,0,0,baixo
6,75000.0,83,0.5903614457831325,2,3,1,0,0,1,1,0,1,0,1,0,0,baixo
4,10000.0,7,0.7142857142857143,1,3,1,0,0,0,0,1,0,0,1,1,0,baixo
2,0.0,0,0.0,0,0,1,0,0,0,0,0,0,0,0,0,0,gratuito
3,0.0,0,0.0,1,2,1,0,0,0,0,0,0,1,0,0,0,gratuito
6,35000.0,434,0.9861751152073732,1,4,1,1,1,2,1,1,1,0,0,0,0,gratuito
2,350000.0,2772,0.788961038961039,2,3,1,0,0,0,1,0,0,0,1,0,0,gratuito
6,10000.0,16,0.9375,1,1,1,0,0,0,1,0,0,0,0,0,0,medio_alto
7,10000.0,165,0.793939393939394,4,3,1,0,0,2,1,0,1,1,0,0,0,alto
1,0.0,0,0.0,1,2,1,0,0,0,1,1,0,0,0,0,0,medio_baixo
9,10000.0,7,0.2857142857142857,2,4,1,0,0,0,0,1,1,0,0,1,1,alto
1,10000.0,0,0.0,1,5,1,0,0,0,1,0,1,1,1,1,0,medio_baixo
9,10000.0,16,0.5,1,2,1,0,0,0,0,0,1,1,0,0,0,baixo
1,10000.0,0,0.0,2,3,1,0,0,0,1,0,0,1,0,0,1,alto
9,10000.0,5,0.6,1,3,1,0,0,0,1,1,0,0,0,1,0,alto
1,10000.0,80,0.9875,30,4,1,1,0,0,1,1,1,1,0,0,0,medio_baixo
7,10000.0,5,1.0,1,1,1,0,0,0,1,0,0,0,0,0,0,medio_baixo
4,10000.0,34,0.8823529411764706,6,4,1,0,0,0,1,1,0,1,0,0,1,baixo
1,10000.0,8,1.0,1,2,1,0,0,0,1,1,0,0,0,0,0,medio_baixo
8,10000.0,0,0.0,3,1,1,1,1,0,0,0,0,1,0,0,0,alto
1,35000.0,383,0.7493472584856397,15,3,1,0,0,2,1,0,0,0,1,1,0,alto
6,10000.0,0,0.0,1,4,1,0,0,0,1,1,1,0,1,0,0,baixo
11,35000.0,113,0.7964601769911505,2,2,1,1,0,0,0,0,1,1,0,0,0,baixo
5,10000.0,82,0.24390243902439024,2,3,1,0,0,0,1,0,0,0,1,0,1,medio_baixo
2,10000.0,466,0.9935622317596566,10,2,1,1,0,0,1,0,0,1,0,0,0,alto
2,10000.0,0,0.0,1,4,1,0,0,0,1,1,1,0,1,0,0,baixo
5,10000.0,0,0.0,1,2,1,0,0,0,0,1,0,0,0,0,1,medio_baixo
3,35000.0,8,0.625,1,2,1,0,0,0,0,1,1,0,0,0,0,medio_alto
2,10000.0,3,0.6666666666666666,4,2,1,0,0,0,0,1,0,1,0,0,0,baixo
4,10000.0,0,0.0,8,3,1,0,0,0,1,1,0,1,0,0,0,medio_alto
3,10000.0,5,1.0,1,4,1,0,0,0,1,0,0,1,0,0,1,medio_baixo
1,0.0,0,0.0,0,0,1,0,0,0,0,0,0,0,0,0,0,gratuito
2,0.0,0,0.0,0,0,1,0,0,0,0,0,0,0,0,0,0,gratuito
1,10000.0,0,0.0,1,3,1,0,0,0,1,0,0,1,0,1,0,baixo
12,750000.0,38,0.9210526315789473,1,1,1,1,1,0,0,1,0,0,0,0,0,gratuito
9,10000.0,1,0.0,1,3,1,0,0,0,0,1,1,1,0,0,0,baixo
2,10000.0,1,1.0,1,1,1,0,0,0,1,0,0,0,0,0,0,alto
6,10000.0,10,0.1,1,4,1,0,0,0,1,1,1,0,1,0,0,baixo
3,10000.0,333,0.8018018018018018,4,2,1,0,0,0,0,0,1,0,0,0,1,alto
3,0.0,0,0.0,10,1,1,0,0,0,0,0,0,0,0,0,0,gratuito
3,10000.0,11,1.0,1,3,1,0,0,0,0,1,1,1,0,0,0,baixo
3,10000.0,4,0.75,2,1,1,0,0,0,1,0,0,0,0,0,0,medio_baixo
2,10000.0,1,0.0,8,4,1,0,0,0,1,0,1,1,1,0,0,medio_alto
2,10000.0,0,0.0,1,4,1,0,0,0,1,1,1,0,0,0,0,alto
4,10000.0,0,0.0,2,3,1,1,0,0,1,1,1,0,0,0,0,alto
2,10000.0,5,0.8,4,1,1,0,0,0,0,0,0,1,0,0,0,baixo
2,0.0,0,0.0,0,0,1,0,0,0,0,0,0,0,0,0,0,gratuito
3,10000.0,0,0.0,2,2,1,0,0,0,0,1,0,0,0,0,0,medio_baixo
3,10000.0,10,1.0,2,3,1,1,0,0,0,0,1,1,0,1,0,alto
4,75000.0,1604,0.9912718204488778,1,2,1,0,0,0,1,0,0,0,1,0,0,alto
1,10000.0,0,0.0,1,4,1,0,0,0,1,0,1,1,0,0,0,medio_baixo
7,35000.0,2,0.5,1,2,1,0,0,0,1,1,0,0,0,0,0,medio_alto
6,10000.0,34,0.8529411764705882,2,1,1,1,0,0,1,0,0,0,0,0,0,gratuito
1,10000.0,8,0.625,6,3,1,0,0,0,1,0,1,0,0,0,1,medio_baixo
2,10000.0,4,1.0,1,2,1,0,0,0,1,1,0,0,0,0,0,medio_alto
10,35000.0,130,0.5923076923076923,1,2,1,0,0,0,1,0,1,0,0,0,0,medio_baixo
2,0.0,0,0.0,2,3,1,0,0,0,0,0,1,1,0,0,0,gratuito
19,750000.0,3755,0.8996005326231691,1,1,1,0,0,0,0,1,0,0,0,0,0,medio_baixo
2,10000.0,0,0.0,1,2,1,0,0,0,0,0,0,0,1,0,0,gratuito
3,10000.0,132,0.8484848484848485,10,2,1,0,0,0,1,0,0,0,1,0,0,medio_baixo
6,10000.0,4,0.25,1,2,1,0,0,0,1,0,0,0,0,0,1,medio_alto
1,75000.0,49,0.9591836734693877,1,5,1,0,0,0,1,0,1,0,1,1,1,alto
2,35000.0,142,0.9225352112676056,1,1,1,0,0,1,0,1,0,0,0,0,0,medio_baixo
1,10000.0,0,0.0,16,1,1,0,0,6,0,0,1,0,0,0,0,alto
9,10000.0,115,0.41739130434782606,2,3,1,1,1,0,1,0,0,1,0,1,0,baixo
7,10000.0,142,0.971830985915493,2,1,1,0,0,0,0,0,1,0,0,0,0,alto
11,150000.0,223,0.3721973094170404,1,6,1,0,0,0,1,1,1,0,1,0,0,gratuito
6,10000.0,49,0.8367346938775511,1,2,1,1,0,0,1,0,0,0,0,1,0,baixo
6,750000.0,309,0.7831715210355987,1,2,1,1,1,0,1,0,1,0,0,0,0,medio_baixo
4,10000.0,44,0.9772727272727273,1,2,1,0,0,0,1,1,0,0,0,0,0,gratuito
1,10000.0,0,0.0,2,4,1,0,0,0,1,1,0,1,0,1,0,medio_alto
10,75000.0,122,0.819672131147541,3,2,1,1,1,0,1,0,0,1,0,0,0,medio_baixo
7,350000.0,5866,0.6786566655301739,8,5,1,0,0,0,1,1,1,0,1,0,0,medio_alto
2,10000.0,34,1.0,2,3,1,0,0,0,1,0,0,1,0,0,1,medio_baixo
4,10000.0,7,0.5714285714285714,2,1,1,0,0,0,1,0,0,0,0,0,0,baixo
3,10000.0,3,0.6666666666666666,1,4,1,0,0,1,0,1,1,0,1,1,0,baixo
7,10000.0,8,0.875,1,2,1,1,0,0,0,0,0,1,0,1,0,medio_baixo
2,0.0,0,0.0,103,1,1,0,0,0,0,0,0,0,0,0,0,baixo
12,350000.0,2851,0.6990529638723255,1,3,1,1,1,8,1,1,0,1,0,0,0,medio_baixo
4,10000.0,1,0.0,1,2,1,0,1,1,1,0,0,1,0,0,0,alto
5,10000.0,18,0.9444444444444444,1,4,1,0,0,0,1,0,0,1,0,1,1,baixo
3,10000.0,6,0.6666666666666666,1,3,1,0,0,0,1,1,1,0,0,0,0,alto
8,10000.0,7,1.0,1,3,1,0,0,0,1,1,0,1,0,0,0,medio_alto
2,10000.0,9,0.4444444444444444,1,4,1,0,1,0,1,1,1,1,0,0,0,medio_alto
6,35000.0,299,0.9765886287625418,1,4,1,0,0,0,1,0,0,0,1,0,1,medio_alto
1,10000.0,3,1.0,4,4,1,0,0,0,1,0,1,1,0,0,1,medio_alto
8,10000.0,29,0.7931034482758621,4,4,1,0,0,0,0,1,0,1,0,0,0,baixo
1,0.0,0,0.0,1,2,1,0,0,0,1,0,0,0,0,0,0,gratuito
3,10000.0,2,1.0,18,3,1,0,0,0,1,1,1,0,0,0,0,baixo
7,10000.0,27,0.8148148148148148,29,3,1,0,0,0,1,0,0,1,1,0,0,baixo
5,10000.0,1,1.0,1,3,1,0,0,0,1,1,0,1,0,0,0,medio_baixo
5,75000.0,99,0.9696969696969697,1,3,1,0,0,1,1,0,1,1,0,0,0,medio_baixo
5,10000.0,153,0.8562091503267973,2,1,1,0,0,1,0,0,0,1,0,0,0,baixo
1,0.0,0,0.0,3,2,1,0,0,0,1,1,0,0,0,0,0,medio_alto
1,10000.0,0,0.0,3,3,1,0,1,0,1,0,0,1,0,0,1,alto
4,10000.0,0,0.0,13,1,1,0,0,0,0,0,0,1,0,0,0,baixo
5,10000.0,5,1.0,1,3,1,0,0,0,1,0,0,1,1,0,0,gratuito
1,10000.0,2,1.0,1,2,1,0,0,0,1,0,0,1,0,0,0,medio_baixo
5,35000.0,28,0.8571428571428571,27,1,1,0,1,0,0,0,0,0,0,0,0,baixo
4,10000.0,17,0.7647058823529411,1,3,1,0,0,0,1,1,0,0,0,1,0,baixo
10,150000.0,273,0.5421245421245421,2,3,1,0,0,0,1,1,1,0,0,0,0,baixo
14,750000.0,4653,0.3253814743176445,8,2,1,0,0,0,0,0,0,0,0,1,1,medio_baixo
2,10000.0,6,0.8333333333333334,1,2,1,0,0,0,1,0,0,0,0,0,0,gratuito
2,10000.0,11,0.8181818181818182,2,3,1,0,0,0,1,0,0,0,0,0,0,alto
1,10000.0,1,1.0,1,2,1,0,0,0,1,0,0,0,1,0,0,baixo
5,10000.0,1,0.0,2,2,1,0,0,0,0,0,0,1,0,0,1,baixo
1,10000.0,0,0.0,10,1,1,0,0,1,0,0,0,0,0,0,0,alto
10,10000.0,119,0.9243697478991597,1,2,1,1,1,0,1,0,1,0,0,0,0,medio_alto
12,350000.0,585,0.5982905982905983,1,1,1,0,0,0,0,1,0,0,0,0,0,medio_alto
1,10000.0,0,0.0,3,2,1,0,0,0,1,0,1,0,0,0,0,medio_baixo
3,10000.0,38,0.868421052631579,1,1,1,0,0,0,1,0,0,0,0,0,0,baixo
4,10000.0,14,0.8571428571428571,7,3,1,0,0,0,1,1,1,0,0,0,0,alto
2,10000.0,175,0.8971428571428571,3,1,1,0,0,0,0,0,1,0,0,0,0,alto
8,10000.0,46,0.8695652173913043,4,6,1,1,0,0,1,1,1,1,0,1,1,medio_alto
6,75000.0,569,0.8295254833040422,1,5,1,0,0,0,1,1,0,1,0,0,0,gratuito
1,10000.0,0,0.0,1,1,1,1,1,0,0,0,0,0,0,1,0,medio_alto
2,10000.0,8,0.25,2,1,1,0,0,0,0,0,0,0,0,0,0,alto
2,10000.0,1,0.0,3,4,1,0,0,0,1,0,1,0,1,1,0,alto
2,10000.0,0,0.0,2,2,1,1,1,0,1,0,1,0,0,0,0,gratuito
1,10000.0,0,0.0,27,2,1,1,1,0,1,0,0,0,0,0,1,baixo
2,10000.0,13,0.5384615384615384,1,2,1,0,0,0,1,0,0,0,0,0,0,medio_alto
1,10000.0,0,0.0,1,4,1,0,0,0,0,0,1,1,1,0,1,alto
4,0.0,0,0.0,1,5,1,0,0,0,1,0,1,1,0,0,0,gratuito
6,10000.0,8,0.75,1,2,1,0,0,0,0,0,1,1,0,0,0,medio_alto
1,10000.0,10,0.2,13,3,1,1,0,0,1,0,1,0,0,0,1,medio_alto
7,35000.0,708,0.8121468926553672,10,2,1,1,0,0,1,0,0,0,0,1,0,baixo
2,10000.0,123,0.959349593495935,10,2,1,1,0,0,1,1,0,0,0,0,0,medio_alto
2,10000.0,0,0.0,1,1,1,0,0,0,0,0,1,0,0,0,0,baixo
6,10000.0,17,1.0,2,4,1,0,0,0,1,1,0,1,0,1,0,medio_baixo
2,10000.0,0,0.0,1,5,1,0,0,0,1,0,0,1,1,0,1,medio_baixo
4,10000.0,41,1.0,3,1,1,0,0,0,0,0,0,1,0,0,0,medio_baixo
2,10000.0,6,1.0,2,3,1,1,0,0,1,0,0,1,0,1,0,medio_baixo
3,10000.0,0,0.0,1,3,1,0,0,0,1,1,0,0,0,0,0,medio_alto
8,10000.0,26,1.0,6,2,1,0,0,0,1,0,0,1,0,0,0,baixo
4,150000.0,527,0.5313092979127134,13,3,1,0,0,0,0,0,0,1,1,1,0,medio_alto
3,35000.0,1,1.0,2,4,1,0,0,0,1,0,0,0,1,1,1,medio_alto
2,0.0,0,0.0,3,4,1,0,0,0,1,0,0,0,0,1,1,gratuito
8,10000.0,4,1.0,1,3,1,0,0,0,1,0,1,0,1,0,0,medio_baixo
8,10000.0,33,0.6666666666666666,10,2,1,0,0,0,1,0,1,0,0,0,0,alto
28,15000000.0,148221,0.9653557862920908,8,1,1,1,1,1,0,1,0,0,0,0,0,medio_baixo
2,10000.0,6,0.8333333333333334,1,6,1,1,0,0,1,1,1,1,1,0,0,medio_alto
7,10000.0,4,0.75,1,2,1,0,0,0,0,0,1,1,0,0,0,medio_alto
12,75000.0,1043,0.8513902205177373,1,1,1,1,0,0,0,0,0,0,1,0,0,medio_alto
9,10000.0,4,0.5,1,1,1,0,0,0,1,0,0,0,0,0,0,alto
4,10000.0,56,0.9821428571428571,1,2,1,0,0,0,1,0,0,1,0,0,0,baixo
4,10000.0,0,0.0,1,3,1,0,0,0,1,0,0,1,0,1,0,baixo
6,10000.0,18,0.9444444444444444,1,3,1,0,0,0,1,0,1,1,0,0,0,alto
1,10000.0,0,0.0,3,1,1,0,0,0,0,0,0,0,0,1,0,medio_baixo
1,0.0,0,0.0,0,0,1,0,0,0,0,0,0,0,0,0,0,gratuito
5,0.0,0,0.0,0,0,1,0,0,0,0,0,0,0,0,0,0,gratuito
7,10000.0,0,0.0,29,3,1,0,0,0,1,0,0,1,0,1,0,baixo
10,10000.0,36,0.6111111111111112,1,3,1,0,0,0,1,1,1,0,0,0,0,medio_baixo
7,10000.0,1,0.0,1,4,1,0,0,0,1,1,0,0,0,0,0,baixo
8,10000.0,22,0.8181818181818182,2,3,1,0,0,0,0,1,1,0,0,1,0,medio_baixo
1,10000.0,5,1.0,1,1,1,0,0,0,1,0,0,0,0,0,0,alto
2,0.0,0,0.0,1,5,1,0,0,0,1,0,0,1,1,0,0,gratuito
2,10000.0,0,0.0,3,5,1,1,0,2,1,0,1,1,1,1,0,alto
4,10000.0,0,0.0,2,3,1,0,0,0,0,1,1,0,0,0,1,alto
5,0.0,0,0.0,0,0,1,0,0,0,0,0,0,0,0,0,0,gratuito
4,35000.0,5,0.6,1,2,1,0,0,1,0,0,1,0,1,0,0,medio_alto
1,10000.0,0,0.0,1,1,1,0,0,0,1,0,0,0,0,0,0,medio_baixo
1,10000.0,31,0.967741935483871,2,1,1,0,0,0,0,0,1,0,0,0,0,alto
1,0.0,0,0.0,0,0,1,0,0,0,0,0,0,0,0,0,0,gratuito
2,10000.0,328,0.9786585365853658,2,2,1,1,1,0,1,0,0,1,0,0,0,medio_alto
12,150000.0,256,0.5234375,2,3,1,0,0,6,1,0,0,0,0,1,0,gratuito
5,10000.0,5,0.8,1,4,1,0,0,0,1,0,1,1,1,0,0,medio_baixo
5,10000.0,0,0.0,6,2,1,0,0,0,1,0,0,1,0,0,0,baixo
5,150000.0,1822,0.8885839736553238,11,3,1,1,0,0,1,0,1,1,0,0,0,alto
4,35000.0,146,0.7123287671232876,1,3,1,0,0,0,0,0,1,0,1,1,0,medio_baixo
3,10000.0,4,1.0,1,5,1,0,0,0,1,0,1,1,1,1,0,medio_baixo
11,35000.0,338,0.9644970414201184,1,1,1,1,0,0,0,0,0,1,0,0,0,medio_baixo
1,10000.0,0,0.0,1,3,1,0,0,0,1,0,1,0,1,0,0,alto
1,0.0,0,0.0,0,0,1,0,0,0,0,0,0,0,0,0,0,gratuito
11,750000.0,13113,0.7890642873484328,5,3,1,1,0,1,1,1,1,0,0,0,0,baixo
2,0.0,0,0.0,0,0,1,0,0,0,0,0,0,0,0,0,0,gratuito
1,10000.0,123,0.9512195121951219,6,4,1,0,0,0,1,1,1,1,0,0,0,medio_baixo
7,10000.0,0,0.0,1,2,1,0,0,0,1,0,0,0,0,0,1,baixo
1,0.0,0,0.0,0,0,1,0,0,0,0,0,0,0,0,0,0,gratuito
2,10000.0,66,0.8484848484848485,8,3,1,0,0,0,1,1,1,0,0,0,0,medio_alto
1,10000.0,0,0.0,1,2,1,0,0,0,0,0,0,1,0,1,0,medio_baixo
7,10000.0,24,0.9583333333333334,9,2,1,1,1,1,1,0,0,1,0,0,0,baixo
6,35000.0,803,0.9190535491905355,3,3,1,0,0,0,0,1,0,1,0,0,1,alto
8,35000.0,129,0.4806201550387597,1,6,1,0,0,0,1,1,1,1,0,0,0,gratuito
3,10000.0,26,1.0,23,3,1,1,1,0,1,0,1,1,0,0,0,medio_baixo
10,10000.0,12,0.8333333333333334,1,2,1,0,0,0,0,0,0,1,0,0,1,medio_baixo
2,10000.0,2,0.0,1,6,1,0,0,0,1,1,1,1,1,0,0,baixo
8,10000.0,17,0.9411764705882353,2,3,1,0,0,0,1,0,0,1,0,0,1,baixo
9,350000.0,6,0.6666666666666666,1,3,1,0,0,0,0,0,1,0,1,1,0,medio_alto
9,35000.0,109,0.7339449541284404,1,2,1,0,0,0,0,0,1,0,0,0,0,gratuito
1,10000.0,36,0.9444444444444444,4,3,1,0,0,1,1,0,0,1,0,1,0,medio_alto
1,0.0,0,0.0,3,2,1,0,0,0,1,1,0,0,0,0,0,medio_alto
3,10000.0,1,1.0,1,4,1,0,0,2,1,1,0,1,0,1,0,medio_alto
1,0.0,0,0.0,14,5,1,0,0,0,1,0,0,1,0,0,1,medio_baixo
6,10000.0,4,0.5,1,4,1,0,0,0,1,1,0,0,0,0,1,medio_baixo
4,10000.0,0,0.0,2,2,1,0,0,0,1,0,1,0,0,0,0,baixo
10,10000.0,28,0.7857142857142857,1,1,1,0,0,0,0,0,0,0,0,0,1,medio_alto
8,1500000.0,9799,0.6196550668435554,7,6,1,0,0,0,1,1,1,0,0,0,0,gratuito
4,10000.0,4,0.5,1,1,1,0,0,0,0,0,0,0,0,1,0,alto
9,10000.0,7,0.42857142857142855,8,4,1,0,0,0,1,1,1,1,0,0,0,alto
2,350000.0,6196,0.9662685603615235,11,3,1,1,0,0,1,0,1,1,0,0,0,alto
5,35000.0,28,0.9285714285714286,2,3,1,0,0,0,1,0,0,1,0,0,0,gratuito
2,10000.0,26,0.9230769230769231,3,2,1,1,0,0,1,0,1,0,0,0,0,alto
1,0.0,0,0.0,4,2,1,0,0,0,0,1,0,0,0,0,0,baixo
2,0.0,0,0.0,16,3,1,0,0,0,0,0,0,0,1,1,0,gratuito
4,10000.0,0,0.0,2,3,1,0,0,0,1,0,0,1,0,0,0,medio_alto
8,35000.0,85,0.11764705882352941,1,2,1,0,0,0,1,0,0,1,0,0,0,baixo
6,10000.0,17,0.8823529411764706,1,3,1,1,1,0,1,1,0,1,0,0,0,medio_baixo
1,10000.0,35,0.5428571428571428,3,4,1,0,0,0,1,1,1,0,1,0,0,alto
4,150000.0,2607,0.8734177215189873,5,4,1,0,0,1,0,0,1,1,0,1,1,alto
4,0.0,0,0.0,0,0,1,0,0,0,0,0,0,0,0,0,0,gratuito
1,0.0,0,0.0,1,2,1,0,0,0,0,0,0,1,0,0,1,medio_baixo
1,10000.0,7,0.7142857142857143,1,4,1,0,0,0,1,1,0,0,0,0,1,medio_alto
1,0.0,0,0.0,0,0,1,0,0,0,0,0,0,0,0,0,0,gratuito
2,0.0,0,0.0,0,0,1,0,0,0,0,0,0,0,0,0,0,gratuito
2,0.0,0,0.0,3,3,1,0,0,0,0,0,0,1,0,0,1,gratuito
2,0.0,0,0.0,12,5,1,0,0,0,1,0,0,0,1,1,1,gratuito
1,10000.0,0,0.0,1,3,1,0,0,0,1,0,1,1,0,0,0,medio_alto
1,10000.0,0,0.0,13,4,1,0,0,2,1,0,1,0,1,0,0,alto
2,10000.0,0,0.0,1,2,1,0,0,0,1,0,0,1,0,0,0,medio_alto
6,75000.0,8,1.0,1,2,1,0,0,0,1,1,0,0,0,0,0,medio_alto
7,10000.0,11,0.7272727272727273,1,3,1,0,0,0,1,1,0,0,0,0,0,gratuito
5,35000.0,7,0.8571428571428571,1,2,1,0,0,0,0,0,0,0,0,1,0,gratuito
14,10000.0,17,0.47058823529411764,1,3,1,0,0,0,1,1,0,1,0,0,0,medio_alto
3,10000.0,0,0.0,1,4,1,0,0,0,1,0,1,1,0,0,0,gratuito
7,75000.0,5,0.8,1,3,1,0,0,0,1,0,0,1,1,0,0,baixo
4,10000.0,130,0.8923076923076924,12,3,1,0,0,0,1,0,0,1,0,1,0,medio_baixo
3,10000.0,5,1.0,1,4,1,0,1,0,1,1,1,0,0,0,0,medio_alto
12,35000.0,162,0.6666666666666666,1,1,1,0,0,0,1,0,0,0,0,0,0,medio_alto
4,10000.0,7,0.8571428571428571,1,1,1,0,0,0,1,0,0,0,0,0,0,medio_baixo
1,0.0,0,0.0,1,3,1,0,0,0,1,1,1,0,0,0,0,medio_alto
6,0.0,0,0.0,0,0,1,0,0,0,0,0,0,0,0,0,0,gratuito
1,10000.0,0,0.0,3,4,1,0,0,0,1,0,1,1,0,1,0,medio_baixo
4,10000.0,10,1.0,1,3,1,0,0,0,0,1,0,0,0,1,0,medio_alto
4,10000.0,10,0.7,1,1,1,1,1,0,1,0,0,0,0,0,0,medio_alto
9,10000.0,30,0.6,1,3,1,0,0,0,1,1,0,0,0,0,1,alto
7,150000.0,575,0.6939130434782609,3,7,1,0,0,44,0,1,0,1,0,0,0,alto
12,75000.0,131,0.7251908396946565,4,2,1,0,0,5,0,0,0,0,0,1,1,alto
1,10000.0,0,0.0,4,3,1,0,0,0,1,0,1,0,1,0,0,alto
1,0.0,0,0.0,3,4,1,1,1,2,1,0,1,1,0,0,0,gratuito
8,10000.0,42,0.8809523809523809,3,3,1,0,0,0,1,1,0,1,0,0,0,medio_baixo
2,10000.0,81,0.7037037037037037,9,2,1,0,0,0,1,1,0,0,0,0,0,medio_alto
5,75000.0,4,0.75,12,2,1,0,0,0,1,0,1,0,0,0,0,medio_baixo
5,35000.0,82,0.8536585365853658,1,2,1,0,0,2,0,0,0,1,0,0,1,baixo
1,0.0,0,0.0,1,5,1,0,0,0,1,1,1,0,0,0,0,gratuito
3,10000.0,1,1.0,2,1,1,0,0,0,0,0,0,1,0,0,0,medio_alto
6,10000.0,2,0.0,1,3,1,0,0,0,1,0,0,1,0,0,0,medio_alto
1,0.0,0,0.0,0,0,1,0,0,0,0,0,0,0,0,0,0,gratuito
1,10000.0,2,1.0,1,3,1,0,0,2,1,0,0,1,0,1,0,baixo
4,35000.0,9,1.0,1,3,1,0,0,0,0,1,0,1,0,0,0,medio_baixo
2,10000.0,12,0.9166666666666666,1,4,1,0,0,0,1,1,1,1,0,0,0,baixo
6,10000.0,19,0.9473684210526315,1,2,1,0,0,0,0,0,1,1,0,0,0,baixo
8,10000.0,104,0.8557692307692307,1,4,1,0,0,0,1,1,0,0,0,0,1,alto
4,10000.0,3,1.0,2,2,1,0,0,0,0,1,0,0,0,0,0,medio_baixo
2,10000.0,4,1.0,1,3,1,1,0,0,1,0,1,1,0,0,0,medio_baixo
4,10000.0,10,0.9,1,2,1,0,0,0,0,0,1,0,0,0,0,alto
7,10000.0,35,0.6857142857142857,2,3,1,0,0,0,1,0,0,0,0,0,1,gratuito
2,10000.0,7,0.5714285714285714,7,5,1,0,0,0,1,0,0,1,1,1,0,alto
2,0.0,0,0.0,1,2,1,0,0,0,1,0,0,0,0,0,0,gratuito
2,0.0,0,0.0,0,0,1,0,0,0,0,0,0,0,0,0,0,gratuito
4,0.0,0,0.0,1,5,1,0,0,0,1,0,0,1,0,1,1,gratuito
3,0.0,0,0.0,1,4,1,0,0,0,0,1,0,1,0,0,0,gratuito
1,35000.0,8,1.0,2,2,1,0,0,0,1,0,1,0,0,0,0,baixo
1,10000.0,13,1.0,2,2,1,0,0,0,1,0,0,1,0,0,0,alto
7,35000.0,49,0.6938775510204082,1,2,1,1,0,0,0,1,0,0,0,0,0,gratuito
5,35000.0,8,0.875,1,5,1,1,1,0,1,1,1,1,1,0,0,medio_alto
1,10000.0,0,0.0,1,2,1,0,0,1,1,1,0,0,0,0,0,medio_alto
8,10000.0,139,0.5683453237410072,1,0,1,0,0,0,0,0,0,0,0,0,0,gratuito
10,10000.0,27,0.6296296296296297,1,2,1,1,1,0,1,0,1,0,0,0,0,medio_baixo
11,1500000.0,18395,0.8819244359880403,8,1,1,0,0,9,0,1,0,0,0,0,0,alto
9,35000.0,7,0.42857142857142855,3,1,1,0,0,0,0,0,0,0,0,1,0,baixo
1,10000.0,0,0.0,9,3,1,0,0,0,1,0,1,1,0,0,0,baixo
11,35000.0,175,0.6971428571428572,7,3,1,0,0,0,1,0,1,1,0,0,0,medio_alto
3,10000.0,67,0.9850746268656716,8,2,1,0,0,0,1,1,0,0,0,0,0,medio_baixo
17,1500000.0,5594,0.7656417590275295,8,1,1,1,1,3,0,0,0,0,1,0,0,medio_alto
1,0.0,0,0.0,0,0,1,0,0,0,0,0,0,0,0,0,0,gratuito
2,150000.0,619,0.8012924071082391,10,1,1,0,0,0,0,0,0,0,0,1,0,baixo
9,150000.0,3,1.0,1,3,1,0,0,0,1,1,0,0,0,0,0,medio_alto
1,10000.0,0,0.0,2,6,1,0,0,0,1,1,1,1,1,1,0,medio_baixo
2,0.0,0,0.0,1,4,1,0,0,0,0,0,0,0,0,1,1,gratuito
12,35000.0,66,0.30303030303030304,1,5,1,0,0,0,1,1,1,1,1,0,0,baixo
9,35000.0,82,0.6829268292682927,1,2,1,0,0,0,1,0,0,1,0,0,0,medio_baixo
5,0.0,0,0.0,1,2,1,0,0,0,0,1,0,0,0,0,0,gratuito
10,35000.0,68,0.7058823529411765,1,2,1,0,0,0,1,1,0,0,0,0,0,baixo
2,10000.0,0,0.0,2,2,1,0,0,0,0,1,0,1,0,0,0,medio_alto
5,10000.0,48,0.875,1,2,1,0,0,0,1,0,0,1,0,0,0,medio_baixo
9,10000.0,792,0.672979797979798,9,4,1,0,0,0,1,0,0,1,0,1,1,baixo
5,0.0,0,0.0,1,5,1,1,0,0,1,1,1,1,1,0,0,gratuito
1,10000.0,0,0.0,1,2,1,0,0,0,1,0,0,1,0,0,0,baixo
1,0.0,0,0.0,1,1,1,0,0,0,0,0,0,0,0,1,0,medio_baixo
1,10000.0,117,0.8717948717948718,17,4,1,0,1,1,1,0,1,0,1,1,0,medio_alto
7,10000.0,14,0.42857142857142855,0,2,1,0,0,0,1,0,1,0,0,0,0,baixo
4,10000.0,0,0.0,5,1,1,1,1,0,0,0,0,1,0,0,0,medio_alto
6,10000.0,6,0.5,6,2,1,0,1,0,1,0,1,0,0,0,0,baixo
4,0.0,0,0.0,29,3,1,0,0,0,1,0,0,1,0,0,1,gratuito
1,0.0,0,0.0,1,1,1,0,0,0,0,0,0,1,0,0,0,medio_baixo
5,10000.0,23,0.8260869565217391,1,6,1,0,0,1,1,1,1,1,0,1,1,medio_baixo
2,10000.0,10,0.5,3,3,1,0,0,0,1,0,1,0,0,0,1,medio_baixo
1,10000.0,0,0.0,1,1,1,0,0,0,0,0,0,0,1,0,0,medio_baixo
18,75000.0,442,0.8416289592760181,5,2,1,0,0,0,0,0,0,0,0,1,1,medio_baixo
1,0.0,0,0.0,1,3,1,0,0,0,1,0,1,0,0,0,0,gratuito
3,10000.0,15,0.9333333333333333,1,1,1,0,0,0,1,0,0,0,0,0,0,medio_baixo
1,10000.0,0,0.0,2,3,1,0,0,0,1,1,1,0,0,0,0,medio_baixo
7,10000.0,20,0.3,1,5,1,0,0,0,1,1,1,1,0,1,0,baixo
2,10000.0,5,0.8,2,3,1,0,0,0,1,0,0,1,1,0,0,baixo
7,10000.0,4,0.25,1,2,1,0,0,0,1,1,0,0,0,0,0,baixo
2,350000.0,14109,0.906300942660713,14,2,1,0,0,1,0,1,1,0,0,0,0,alto
2,0.0,0,0.0,1,3,1,0,0,0,1,1,0,0,0,0,0,gratuito
5,0.0,0,0.0,0,0,1,0,0,0,0,0,0,0,0,0,0,gratuito
2,10000.0,2,0.5,1,3,1,0,0,0,1,0,1,1,0,0,0,medio_baixo
3,10000.0,23,1.0,1,2,1,0,0,0,0,0,0,0,0,1,0,alto
4,0.0,0,0.0,1,1,1,0,0,0,0,0,0,0,1,0,0,gratuito
4,10000.0,2,1.0,1,5,1,0,0,8,1,0,1,1,0,1,1,baixo
7,10000.0,37,0.8108108108108109,1,2,1,0,0,0,1,1,0,0,0,0,0,gratuito
4,10000.0,266,0.7781954887218046,1,4,1,1,1,0,1,0,0,0,0,1,1,alto
12,10000.0,55,0.6181818181818182,2,3,1,0,0,0,0,0,0,1,0,0,1,medio_baixo
4,10000.0,10,1.0,2,1,1,0,0,0,0,1,0,0,0,0,0,alto
7,75000.0,305,0.8426229508196721,1,4,1,0,0,0,1,0,0,0,0,1,0,gratuito
3,10000.0,94,0.425531914893617,1,4,1,0,0,0,1,1,1,0,1,0,0,baixo
9,35000.0,141,0.7021276595744681,1,2,1,0,0,0,1,1,0,0,0,0,0,baixo
5,150000.0,1623,0.8964879852125693,6,0,1,0,0,1,0,0,0,0,0,0,0,baixo
6,35000.0,533,0.7786116322701688,10,4,1,0,0,1,1,1,1,0,1,0,0,alto
5,0.0,0,0.0,0,0,1,0,0,0,0,0,0,0,0,0,0,gratuito
2,0.0,0,0.0,1,2,1,0,0,72,0,0,0,1,0,0,0,gratuito
3,10000.0,0,0.0,2,5,1,0,0,0,1,1,0,1,0,0,1,medio_alto
5,0.0,0,0.0,0,0,1,0,0,0,0,0,0,0,0,0,0,gratuito
1,10000.0,367,0.9019073569482289,7,4,1,0,0,0,1,0,1,1,0,0,1,alto
2,10000.0,15,0.8666666666666667,1,2,1,0,1,0,1,1,0,0,0,0,0,medio_baixo
9,10000.0,20,0.9,1,1,1,0,0,0,0,0,0,0,0,0,0,gratuito
4,10000.0,6,0.6666666666666666,3,1,1,0,0,0,0,0,1,0,0,0,0,medio_baixo
4,10000.0,2,1.0,1,4,1,0,0,0,1,0,0,1,0,1,1,baixo
2,10000.0,0,0.0,1,3,1,0,0,0,1,0,0,1,0,1,0,baixo
3,10000.0,2,0.0,1,6,1,0,0,0,0,1,1,1,1,1,1,medio_baixo
4,0.0,0,0.0,1,2,1,0,0,0,1,1,0,0,0,0,0,gratuito
8,10000.0,8,0.25,1,2,1,0,0,0,1,0,0,1,0,0,0,baixo
2,10000.0,3,1.0,1,2,1,0,0,0,1,0,0,1,0,0,0,baixo
3,0.0,0,0.0,0,0,1,0,0,0,0,0,0,0,0,0,0,gratuito
9,10000.0,25,0.88,1,2,1,0,0,1,1,1,0,0,0,0,0,baixo
1,10000.0,0,0.0,1,3,1,0,0,0,1,1,1,0,0,0,0,medio_alto
10,10000.0,30,0.9333333333333333,3,4,1,0,0,0,1,0,0,1,0,0,1,gratuito
2,10000.0,1,1.0,1,3,1,0,0,0,1,0,1,1,0,0,0,medio_alto
11,150000.0,124,0.20967741935483872,1,4,1,1,1,0,1,1,1,0,0,1,0,medio_alto
5,10000.0,9,0.5555555555555556,4,1,1,0,0,0,0,0,0,1,0,0,0,alto
3,10000.0,299,0.725752508361204,9,3,1,0,0,0,1,1,1,0,0,0,0,medio_alto
3,0.0,0,0.0,0,0,1,0,0,0,0,0,0,0,0,0,0,gratuito
1,10000.0,0,0.0,1,4,1,0,0,0,1,1,0,0,0,1,1,medio_baixo
2,10000.0,0,0.0,4,3,1,0,0,3,1,0,0,1,0,0,1,alto
10,75000.0,154,0.7207792207792207,1,3,1,0,0,0,1,1,0,1,0,0,0,baixo
10,10000.0,19,0.8421052631578947,5,3,1,1,0,0,1,0,1,1,0,0,0,medio_baixo
2,150000.0,864,0.9699074074074074,12,1,1,0,0,1,0,1,0,0,0,0,0,alto
1,0.0,0,0.0,6,3,1,0,1,0,1,0,0,1,0,0,1,medio_alto
2,10000.0,203,0.7536945812807881,12,3,1,0,0,1,1,1,1,0,0,0,0,medio_alto
5,10000.0,23,0.8695652173913043,1,4,1,0,0,0,1,1,0,1,0,1,0,baixo
7,10000.0,26,0.8846153846153846,4,3,1,0,0,0,1,0,1,1,0,0,0,medio_baixo
4,0.0,0,0.0,0,0,1,0,0,0,0,0,0,0,0,0,0,gratuito
2,10000.0,0,0.0,1,2,1,0,0,1,0,0,0,0,0,0,1,gratuito
5,0.0,0,0.0,1,3,1,0,0,0,0,1,0,0,0,1,0,gratuito
1,10000.0,0,0.0,1,3,1,0,0,0,1,1,0,1,0,0,0,baixo
3,0.0,0,0.0,0,0,1,0,0,0,0,0,0,0,0,0,0,gratuito
2,10000.0,4,1.0,1,2,1,1,0,0,1,0,0,1,0,0,0,medio_alto
5,10000.0,9,0.5555555555555556,1,2,1,0,0,0,1,0,0,1,0,0,0,baixo
1,0.0,0,0.0,0,0,1,0,0,0,0,0,0,0,0,0,0,gratuito
2,10000.0,103,0.8155339805825242,12,3,1,0,0,1,1,0,0,0,1,1,0,medio_alto
1,10000.0,0,0.0,9,4,1,0,0,1,0,1,1,0,1,0,0,alto
5,10000.0,9,0.4444444444444444,1,2,1,0,0,0,0,0,1,1,0,0,0,baixo
5,35000.0,113,0.8761061946902655,5,4,1,1,1,0,1,0,0,1,0,1,1,medio_baixo
6,10000.0,6,0.8333333333333334,1,5,1,0,0,0,1,1,1,1,1,0,0,medio_baixo
3,10000.0,4,0.75,1,1,1,0,0,0,0,0,0,0,0,0,0,medio_baixo
7,10000.0,4,0.25,2,3,1,0,0,0,1,0,1,0,1,0,0,baixo
1,0.0,0,0.0,0,0,1,0,0,0,0,0,0,0,0,0,0,gratuito
2,10000.0,3,1.0,1,3,1,0,0,0,1,1,1,0,0,0,0,medio_baixo
5,10000.0,4,0.25,9,2,1,0,1,0,1,0,0,1,0,0,0,baixo
4,10000.0,13,1.0,1,3,1,0,0,0,1,0,0,1,0,0,0,medio_alto
10,10000.0,8,0.5,1,1,1,0,0,0,0,0,0,1,0,0,0,medio_baixo
6,10000.0,0,0.0,1,2,1,0,0,0,0,1,0,0,0,0,1,medio_baixo
12,350000.0,1368,0.8165204678362573,5,2,1,0,0,0,0,1,1,0,0,0,0,alto
6,1500000.0,37450,0.8929238985313752,35,3,1,1,1,0,1,1,0,0,0,0,0,gratuito
2,10000.0,5,0.8,1,2,1,0,0,0,1,0,0,1,0,0,0,medio_baixo
6,75000.0,24,0.9583333333333334,1,1,1,0,0,0,0,0,1,0,0,0,0,medio_baixo
5,10000.0,278,0.8992805755395683,6,3,1,0,0,0,1,0,0,1,0,0,1,alto
7,10000.0,27,0.8518518518518519,3,2,1,0,0,0,1,1,0,0,0,0,0,medio_alto
5,10000.0,3,0.6666666666666666,1,3,1,0,0,0,0,1,1,0,0,1,0,medio_baixo
1,0.0,0,0.0,1,3,1,0,0,0,1,0,0,0,0,1,0,alto
3,10000.0,0,0.0,29,3,1,0,0,0,1,1,0,1,0,0,0,baixo
5,10000.0,27,0.5925925925925926,1,4,1,1,1,0,1,0,0,1,0,0,1,alto
7,10000.0,98,0.8061224489795918,1,2,1,0,0,0,1,0,0,0,0,0,0,gratuito
6,10000.0,33,0.9393939393939394,1,4,1,0,0,0,1,0,0,1,0,0,1,gratuito
1,0.0,0,0.0,5,6,1,0,0,1,0,0,0,1,0,0,0,gratuito
5,10000.0,6,0.5,1,1,1,0,0,0,0,0,0,0,0,1,0,baixo
2,10000.0,18,0.5555555555555556,1,3,1,0,0,0,1,0,0,0,1,0,1,baixo
4,350000.0,3307,0.9086785606289689,22,1,1,0,0,1,0,0,1,0,0,0,0,alto
11,75000.0,205,0.7560975609756098,6,2,1,0,0,0,0,1,1,0,0,0,0,medio_baixo
4,35000.0,9,1.0,1,1,1,0,0,0,0,0,0,0,1,0,0,medio_alto
2,10000.0,0,0.0,2,3,1,0,0,0,1,0,0,1,0,0,0,gratuito
8,10000.0,38,0.5263157894736842,103,5,1,0,0,0,1,0,1,1,0,1,1,baixo
1,10000.0,87,0.735632183908046,3,1,1,0,0,2,0,0,1,0,0,0,0,alto
5,10000.0,216,0.9120370370370371,14,3,1,0,1,1,1,1,1,0,0,0,0,medio_baixo
1,10000.0,0,0.0,2,3,1,0,0,0,1,0,0,0,0,1,1,alto
12,10000.0,58,0.5344827586206896,8,2,1,0,0,0,1,1,0,0,0,0,0,medio_alto
16,10000.0,4,0.75,1,1,1,1,0,0,0,0,0,1,0,0,0,medio_alto
8,35000.0,226,0.9026548672566371,2,2,1,0,0,0,1,0,0,0,1,0,0,baixo
8,35000.0,103,0.6504854368932039,1,7,1,0,0,0,1,1,1,1,0,0,1,baixo
5,10000.0,23,0.6521739130434783,9,2,1,1,0,0,1,0,0,0,0,1,0,baixo
5,35000.0,25,0.92,1,2,1,1,0,0,1,0,1,0,0,0,0,medio_alto
11,10000.0,417,0.8729016786570744,3,2,1,0,0,1,1,0,1,0,0,0,0,medio_baixo
1,0.0,0,0.0,0,0,1,0,0,0,0,0,0,0,0,0,0,gratuito
2,10000.0,15,0.7333333333333333,11,2,1,0,0,0,0,0,1,1,0,0,0,medio_alto
4,10000.0,75,0.9733333333333334,2,3,1,0,0,0,1,0,1,1,0,0,0,medio_baixo
1,10000.0,10,0.9,1,2,1,0,0,0,1,1,0,0,0,0,0,alto
4,0.0,0,0.0,25,2,1,0,0,0,0,0,0,0,0,0,1,gratuito
2,10000.0,87,0.8505747126436781,8,3,1,0,0,0,1,1,1,0,0,0,0,alto
8,10000.0,9,0.6666666666666666,1,4,1,0,0,0,1,0,1,1,0,0,1,medio_alto
9,10000.0,20,0.6,1,3,1,0,0,0,1,1,1,0,0,0,0,alto
1,10000.0,0,0.0,1,2,1,0,0,0,0,1,0,1,0,0,0,medio_alto
10,10000.0,79,0.8354430379746836,1,2,1,0,0,0,0,0,0,0,0,1,0,gratuito
8,75000.0,163,0.8220858895705522,1,4,1,0,0,0,1,1,0,1,0,0,0,gratuito
1,10000.0,0,0.0,13,2,1,0,0,2,0,1,0,1,0,0,0,alto
2,10000.0,2,1.0,1,4,1,0,0,1,1,1,0,1,1,0,0,medio_baixo
9,10000.0,10,0.8,1,2,1,0,0,0,0,1,1,0,0,0,0,baixo
6,10000.0,94,0.9361702127659575,1,3,1,1,1,0,1,1,1,0,0,0,0,medio_baixo
1,0.0,0,0.0,0,0,1,0,0,0,0,0,0,0,0,0,0,gratuito
2,10000.0,34,0.8529411764705882,9,2,1,0,0,4,0,0,0,1,0,0,1,baixo
1,0.0,0,0.0,0,0,1,0,0,0,0,0,0,0,0,0,0,gratuito
8,10000.0,22,0.7727272727272727,1,5,1,0,0,0,1,0,1,1,1,0,0,gratuito
7,10000.0,29,1.0,1,2,1,1,1,0,1,0,0,1,0,0,0,medio_baixo
6,35000.0,79,0.8987341772151899,1,5,1,0,0,0,1,1,1,0,0,0,1,gratuito
2,10000.0,4,1.0,1,2,1,0,0,0,1,0,0,0,0,1,0,baixo
6,10000.0,10,0.6,5,3,1,1,0,0,0,1,0,1,0,0,0,medio_baixo
5,35000.0,737,0.8738127544097694,1,4,1,0,0,0,0,1,1,0,0,1,0,medio_alto
6,10000.0,65,0.8461538461538461,1,5,1,0,0,0,1,1,1,1,0,1,0,gratuito
7,35000.0,69,0.7971014492753623,1,6,1,1,0,0,1,0,1,1,1,0,0,gratuito
11,10000.0,225,0.8133333333333334,1,2,1,0,0,1,1,0,1,0,0,0,0,medio_baixo
7,10000.0,0,0.0,1,2,1,0,0,0,0,1,1,0,0,0,0,gratuito
1,10000.0,0,0.0,3,2,1,0,0,0,0,0,0,1,0,0,0,alto
2,10000.0,3,0.6666666666666666,1,2,1,0,1,0,1,0,1,0,0,0,0,medio_baixo
3,10000.0,27,0.9629629629629629,1,4,1,0,0,0,1,1,0,1,0,0,0,medio_alto
4,10000.0,5,0.8,1,3,1,0,0,0,1,1,1,0,0,0,0,baixo
3,10000.0,4,0.5,2,2,1,0,0,0,0,0,0,0,0,1,0,baixo
2,10000.0,0,0.0,1,1,1,0,0,0,0,1,0,0,0,0,0,medio_baixo
7,10000.0,1,0.0,1,1,1,0,0,0,0,0,0,0,1,0,0,medio_alto
7,35000.0,52,0.9423076923076923,1,2,1,0,0,0,0,0,1,1,0,0,0,medio_alto
4,35000.0,309,0.9741100323624595,4,3,1,0,0,0,1,0,1,0,1,0,0,alto
8,10000.0,43,0.32558139534883723,1,1,1,0,0,0,1,0,0,0,0,0,0,baixo
5,35000.0,19,0.6842105263157895,1,4,1,0,0,0,1,1,0,0,0,1,1,alto
9,35000.0,331,0.9214501510574018,1,4,1,0,1,1,1,0,1,1,0,0,0,gratuito
3,0.0,0,0.0,1,4,1,0,0,12,1,0,1,0,1,1,0,gratuito
4,10000.0,9,1.0,1,1,1,0,0,0,1,0,0,0,0,0,0,medio_alto
4,150000.0,3186,0.8440050219711237,11,3,1,1,1,2,1,0,0,0,1,1,0,medio_alto
9,35000.0,236,0.826271186440678,1,2,1,0,0,0,1,0,1,0,0,0,0,baixo
3,10000.0,16,0.9375,2,1,1,0,0,0,1,0,0,0,0,0,0,baixo
7,10000.0,5,0.4,1,2,1,0,0,0,1,0,0,1,0,0,0,medio_baixo
2,10000.0,204,0.6813725490196079,13,3,1,0,0,1,0,1,1,0,1,0,0,medio_alto
6,350000.0,939,0.7731629392971247,1,4,1,0,0,2,1,1,1,0,0,0,0,gratuito
7,10000.0,26,0.8461538461538461,1,2,1,0,0,0,1,1,0,0,0,0,0,alto
4,10000.0,3,1.0,1,2,1,0,0,0,1,0,0,1,0,0,0,medio_alto
9,10000.0,7,0.7142857142857143,1,2,1,0,0,0,1,0,0,1,0,0,0,alto
1,10000.0,0,0.0,1,3,1,1,1,0,1,0,1,1,0,0,0,baixo
3,10000.0,2,0.5,1,2,1,0,0,0,0,0,0,1,0,1,0,baixo
2,0.0,0,0.0,1,3,1,0,0,0,0,0,0,0,0,1,0,gratuito
1,0.0,0,0.0,0,0,1,0,0,0,0,0,0,0,0,0,0,gratuito
7,35000.0,191,0.93717277486911,8,3,1,0,0,0,1,0,1,0,0,0,1,alto
8,1500000.0,47845,0.8609677082244749,4,1,1,0,0,1,0,0,0,0,1,0,0,alto
4,35000.0,8,0.875,1,1,1,0,1,0,0,1,0,0,0,0,0,medio_alto
2,10000.0,383,0.7963446475195822,11,3,1,0,0,0,1,1,0,1,0,0,0,alto
10,75000.0,157,0.6496815286624203,1,2,1,0,1,0,1,0,0,1,0,0,0,baixo
1,10000.0,0,0.0,1,3,1,1,0,0,1,0,0,1,0,0,1,medio_alto
6,35000.0,1693,0.8151210868281158,12,1,1,0,0,1,0,0,0,0,0,0,1,medio_alto
4,0.0,0,0.0,0,0,1,0,0,0,0,0,0,0,0,0,0,gratuito
3,10000.0,4,0.0,1,1,1,0,0,0,0,0,0,1,0,0,0,baixo
5,0.0,0,0.0,0,0,1,0,0,0,0,0,0,0,0,0,0,gratuito
2,10000.0,1,0.0,1,2,1,0,0,0,1,0,0,1,0,0,0,baixo
2,10000.0,248,0.625,13,3,1,0,0,0,0,1,1,0,0,0,1,medio_alto
6,10000.0,1,1.0,1,1,1,0,0,0,0,0,0,0,0,0,0,alto
8,10000.0,13,0.8461538461538461,1,2,1,0,0,0,1,0,0,1,0,0,0,baixo
3,10000.0,0,0.0,11,2,1,0,0,0,0,1,1,0,0,0,0,gratuito
12,150000.0,1277,0.7384494909945184,10,3,1,1,0,0,0,0,0,1,0,1,1,medio_alto
9,10000.0,692,0.8684971098265896,4,2,1,0,0,1,0,1,1,0,0,0,0,medio_alto
11,10000.0,45,0.6666666666666666,1,1,1,0,0,0,0,0,1,0,0,0,0,medio_baixo
1,10000.0,0,0.0,3,1,1,0,0,0,1,0,0,0,0,0,0,medio_baixo
6,10000.0,17,0.6470588235294118,1,1,1,0,0,0,0,0,0,1,0,0,0,medio_alto
6,35000.0,4,1.0,1,2,1,0,0,0,0,0,0,1,1,0,0,medio_alto
10,350000.0,221,0.48868778280542985,1,3,1,0,0,5,1,1,0,1,0,0,0,baixo
3,10000.0,1,0.0,1,3,1,0,0,0,1,1,1,0,0,0,0,baixo
7,10000.0,17,0.6470588235294118,1,5,1,0,0,1,1,1,1,0,0,1,1,medio_baixo
1,10000.0,0,0.0,2,1,1,0,0,0,0,0,0,0,0,1,0,medio_baixo
5,0.0,0,0.0,2,7,1,0,0,0,0,0,1,1,1,1,1,gratuito
2,150000.0,6,0.8333333333333334,2,2,1,0,0,0,1,0,0,0,0,0,0,gratuito
2,10000.0,5,1.0,1,2,1,0,0,0,1,1,0,0,0,0,0,medio_alto
6,10000.0,18,1.0,1,5,1,0,0,0,1,1,1,1,0,0,1,baixo
8,10000.0,18,0.6666666666666666,1,3,1,0,0,0,0,1,1,0,0,0,0,alto
5,150000.0,513,0.8869395711500975,5,2,1,1,1,0,1,0,0,1,0,0,0,baixo
4,0.0,0,0.0,4,3,1,0,0,0,1,0,0,1,0,0,0,gratuito
12,150000.0,441,0.6077097505668935,1,3,1,0,0,0,0,0,1,1,1,0,0,alto
3,10000.0,111,0.8468468468468469,4,2,1,0,0,1,0,0,0,0,1,1,0,medio_alto
4,35000.0,130,0.9076923076923077,4,2,1,0,0,1,1,1,0,0,0,0,0,medio_alto
5,10000.0,6,0.6666666666666666,1,3,1,0,0,0,1,0,1,1,0,0,0,medio_alto
1,0.0,0,0.0,1,3,1,0,0,1,1,0,1,1,0,0,0,medio_baixo
7,10000.0,3,1.0,1,2,1,0,0,0,0,0,0,1,1,0,0,medio_baixo
9,10000.0,2,1.0,1,2,1,0,0,0,0,0,1,1,0,0,0,alto
9,150000.0,105,0.638095238095238,5,4,1,1,1,0,1,1,1,1,0,0,0,baixo
1,0.0,0,0.0,1,2,1,1,0,1,1,0,0,0,0,0,0,gratuito
2,0.0,0,0.0,103,4,1,1,0,0,1,0,1,1,0,1,0,baixo
2,0.0,0,0.0,30,3,1,0,0,0,1,0,0,1,0,0,1,medio_alto
5,35000.0,75,0.6666666666666666,2,3,1,0,0,0,1,1,1,0,0,0,0,alto
1,0.0,0,0.0,0,0,1,0,0,0,0,0,0,0,0,0,0,gratuito
2,10000.0,88,0.8863636363636364,1,3,1,0,0,0,1,1,1,0,0,0,0,alto
8,10000.0,2,0.5,1,1,1,0,0,0,1,0,0,0,0,0,0,medio_alto
2,10000.0,1,1.0,1,2,1,0,0,0,0,0,0,0,0,0,0,medio_alto
3,10000.0,0,0.0,2,2,1,0,0,0,1,1,0,0,0,0,0,alto
4,10000.0,22,0.5909090909090909,2,4,1,0,0,0,1,0,1,0,1,1,0,medio_baixo
2,10000.0,6,1.0,3,1,1,0,0,0,0,0,1,0,0,0,0,baixo
1,10000.0,694,0.6354466858789626,9,1,1,0,0,11,0,0,0,0,0,0,1,alto
3,10000.0,0,0.0,2,3,1,0,0,0,0,0,0,1,0,0,0,gratuito
3,10000.0,1,0.0,1,3,1,0,0,0,1,0,1,0,1,0,0,medio_baixo
5,10000.0,12,0.9166666666666666,1,2,1,0,0,0,1,0,1,0,0,0,0,medio_baixo
1,10000.0,0,0.0,27,2,1,1,1,0,1,0,0,0,0,0,1,baixo
1,0.0,0,0.0,1,1,1,0,0,0,0,0,0,0,0,0,0,medio_alto
4,0.0,0,0.0,0,0,1,0,0,0,0,0,0,0,0,0,0,gratuito
7,10000.0,1,1.0,1,3,1,0,0,0,1,1,1,0,0,0,0,medio_baixo
5,150000.0,1786,0.8152295632698768,7,4,1,0,0,0,1,1,1,0,0,0,1,alto
6,10000.0,17,0.9411764705882353,1,2,1,0,0,0,1,0,0,0,0,0,1,gratuito
3,0.0,0,0.0,0,0,1,0,0,0,0,0,0,0,0,0,0,gratuito
8,10000.0,52,0.5576923076923077,1,4,1,0,0,0,1,0,0,1,0,1,1,baixo
3,10000.0,24,0.375,2,3,1,0,0,0,1,1,1,0,0,0,0,baixo
3,0.0,0,0.0,1,1,1,0,0,0,0,0,0,0,0,0,0,gratuito
2,35000.0,1,1.0,1,3,1,0,0,0,0,1,1,1,0,0,0,medio_alto
6,0.0,0,0.0,0,0,1,0,0,0,0,0,0,0,0,0,0,gratuito
1,10000.0,0,0.0,1,2,1,0,0,0,1,0,0,0,1,0,0,medio_alto
11,35000.0,1277,0.5356303837118246,1,5,1,0,0,1,1,0,1,0,1,0,1,medio_alto
3,10000.0,76,0.8947368421052632,30,2,1,0,0,0,1,0,0,1,0,0,0,baixo
3,0.0,0,0.0,0,0,1,0,0,0,0,0,0,0,0,0,0,gratuito
1,10000.0,0,0.0,6,4,1,0,0,0,1,0,1,1,1,0,0,baixo
4,75000.0,578,0.9446366782006921,1,1,1,0,0,0,0,0,0,0,0,1,0,medio_alto
9,10000.0,0,0.0,1,2,1,0,0,0,0,1,0,0,0,0,1,baixo
3,10000.0,28,1.0,1,3,1,0,0,0,1,1,0,1,0,0,0,medio_alto
1,10000.0,13,0.9230769230769231,4,4,1,0,0,0,1,0,0,1,0,1,1,medio_alto
3,10000.0,0,0.0,2,2,1,0,0,0,0,0,0,1,0,0,0,gratuito
8,35000.0,138,0.644927536231884,1,2,1,0,1,0,0,0,0,0,0,0,1,medio_alto
6,10000.0,0,0.0,32,4,1,1,1,2,1,1,1,1,0,0,0,medio_baixo
1,0.0,0,0.0,3,6,1,1,1,0,1,0,1,1,1,1,0,gratuito
6,10000.0,25,0.68,1,1,1,0,0,0,0,0,0,0,0,1,0,medio_baixo
8,10000.0,74,0.32432432432432434,1,3,1,0,0,0,1,0,1,1,0,0,0,baixo
3,10000.0,0,0.0,1,1,1,0,0,0,1,0,0,0,0,0,0,alto
10,10000.0,47,0.48936170212765956,1,1,1,0,0,0,0,0,0,0,0,0,0,gratuito
3,10000.0,2,0.5,2,3,1,0,0,0,1,0,1,0,0,0,1,medio_baixo
4,10000.0,0,0.0,2,4,1,0,0,1,0,1,1,1,1,0,0,alto
4,0.0,0,0.0,0,0,1,0,0,0,0,0,0,0,0,0,0,gratuito
2,10000.0,4,1.0,1,2,1,0,0,0,1,0,1,0,0,0,0,medio_alto
3,75000.0,4,1.0,1,4,1,0,0,0,1,1,1,1,0,0,0,medio_alto
6,10000.0,36,0.6388888888888888,1,4,1,0,0,0,1,0,0,1,0,0,1,alto
10,35000.0,521,0.3761996161228407,1,4,1,0,0,0,1,1,0,0,0,0,0,gratuito
8,10000.0,4,0.75,5,3,1,0,0,0,1,1,0,0,1,0,0,baixo
11,75000.0,571,0.7565674255691769,2,3,1,1,1,1,1,0,1,0,1,0,0,baixo
9,10000.0,105,0.6285714285714286,3,3,1,0,0,0,0,0,0,0,0,0,1,medio_baixo
3,10000.0,0,0.0,6,2,1,0,0,1,0,1,1,0,0,0,0,alto
3,0.0,0,0.0,0,0,1,0,0,0,0,0,0,0,0,0,0,gratuito
4,10000.0,22,0.8636363636363636,4,4,1,1,0,0,1,0,0,1,0,1,1,medio_baixo
5,10000.0,4,1.0,2,3,1,1,1,2,1,1,0,0,0,0,0,medio_alto
2,10000.0,8,1.0,1,2,1,0,0,1,1,1,0,0,0,0,0,alto
5,75000.0,4,1.0,1,3,1,1,0,0,1,0,1,0,1,0,0,medio_baixo
2,10000.0,88,0.75,12,2,1,0,0,3,0,1,1,0,0,0,0,alto
4,0.0,0,0.0,1,3,1,0,0,0,1,1,0,0,0,0,0,gratuito
1,10000.0,0,0.0,30,4,1,1,1,0,1,0,1,1,0,1,0,alto
7,35000.0,112,0.8839285714285714,9,2,1,0,0,1,1,0,1,0,0,0,0,baixo
1,0.0,0,0.0,4,2,1,0,0,0,0,1,1,0,0,0,0,alto
7,10000.0,190,0.9315789473684211,4,2,1,0,0,0,1,0,0,0,1,0,0,alto
2,10000.0,0,0.0,2,5,1,0,0,0,1,0,1,0,0,1,0,gratuito
3,10000.0,17,1.0,1,1,1,0,0,0,0,1,0,0,0,0,0,medio_baixo
4,10000.0,0,0.0,1,4,1,0,0,0,1,0,1,1,0,0,1,medio_alto
9,10000.0,1,0.0,1,1,1,0,0,0,0,1,0,0,0,0,0,medio_baixo
6,10000.0,8,0.625,1,2,1,0,0,0,1,0,1,0,0,0,0,medio_baixo
1,10000.0,0,0.0,1,3,1,0,0,0,1,0,1,0,0,0,1,medio_baixo
8,35000.0,80,0.8125,3,2,1,0,0,1,1,0,1,0,0,0,0,baixo
4,10000.0,8,0.625,1,4,1,0,0,0,1,0,1,1,1,0,0,baixo
5,10000.0,0,0.0,1,2,1,1,1,0,1,1,0,0,0,0,0,alto
9,35000.0,494,0.5789473684210527,4,4,1,0,0,1,1,1,1,0,1,0,0,baixo
7,10000.0,380,0.6236842105263158,1,4,1,0,0,0,1,0,0,0,0,1,1,alto
12,35000.0,172,0.6104651162790697,1,1,1,0,0,0,0,1,0,0,0,0,0,baixo
6,10000.0,21,0.23809523809523808,29,9,1,1,1,0,1,1,1,1,1,1,1,alto
7,10000.0,28,0.75,1,5,1,0,0,0,1,0,1,1,0,0,1,gratuito
2,10000.0,35,0.6571428571428571,1,4,1,0,0,0,1,1,1,0,1,0,0,alto
2,10000.0,6,1.0,1,3,1,0,1,1,1,1,0,0,0,0,0,medio_alto
1,10000.0,0,0.0,1,2,1,1,1,0,1,0,0,1,0,0,0,medio_baixo
7,10000.0,11,0.8181818181818182,1,1,1,0,0,0,0,0,0,1,0,0,0,baixo
3,35000.0,121,0.8264462809917356,11,3,1,0,0,0,1,0,1,0,1,0,0,gratuito
3,0.0,0,0.0,1,2,1,0,0,0,1,0,0,1,0,0,0,gratuito
4,35000.0,18,0.4444444444444444,2,4,1,0,0,0,1,1,1,0,0,0,0,medio_baixo
6,10000.0,10,0.7,2,5,1,0,0,0,1,0,1,1,1,0,0,medio_alto
3,10000.0,33,0.8787878787878788,2,3,1,0,0,0,1,0,1,1,0,0,0,alto
6,35000.0,7,0.2857142857142857,2,3,1,0,0,0,1,0,1,1,0,0,0,medio_baixo
10,35000.0,79,0.6582278481012658,2,1,1,0,0,0,0,0,0,0,0,1,0,baixo
8,10000.0,90,0.8666666666666667,5,4,1,1,1,0,1,0,1,1,0,0,1,baixo
1,10000.0,0,0.0,5,3,1,0,0,0,1,1,1,0,0,0,0,alto
12,10000.0,72,0.1527777777777778,1,1,1,0,0,0,0,0,0,0,0,0,1,baixo
2,10000.0,148,0.9594594594594594,1,4,1,1,0,0,1,1,0,1,0,0,0,alto
8,10000.0,13,0.9230769230769231,1,4,1,1,1,0,0,0,0,0,0,0,0,alto
4,0.0,0,0.0,1,5,1,0,0,0,0,0,0,1,1,0,1,gratuito
3,10000.0,10,0.2,9,6,1,0,0,1,1,1,0,0,0,0,1,medio_baixo
4,10000.0,11,0.9090909090909091,2,4,1,0,0,0,1,1,0,1,0,1,0,gratuito
5,10000.0,12,0.3333333333333333,1,3,1,0,0,0,1,0,0,1,0,0,1,baixo
1,0.0,0,0.0,1,4,1,0,0,0,1,0,0,1,1,0,0,gratuito
1,10000.0,0,0.0,2,2,1,0,0,0,1,1,0,0,0,0,0,medio_baixo
5,10000.0,0,0.0,1,2,1,0,0,0,1,0,1,0,0,0,0,baixo
5,10000.0,0,0.0,29,2,1,0,0,0,1,0,0,1,0,0,0,baixo
4,10000.0,1,0.0,1,4,1,0,0,0,1,0,1,0,1,0,1,medio_alto
1,0.0,0,0.0,0,0,1,0,0,0,0,0,0,0,0,0,0,gratuito
2,0.0,0,0.0,1,4,1,0,1,0,1,1,1,0,0,0,0,gratuito
10,10000.0,21,0.14285714285714285,1,1,1,0,0,0,0,0,1,0,0,0,0,medio_baixo
9,75000.0,799,0.8911138923654568,13,3,1,1,1,4,1,1,1,0,0,0,0,baixo
2,10000.0,0,0.0,1,5,1,0,1,0,1,1,1,1,1,0,0,medio_alto
12,350000.0,2477,0.7706903512313282,1,2,1,0,0,0,1,1,0,0,0,0,0,medio_alto
2,150000.0,2570,0.8922178988326849,7,3,1,0,0,0,0,1,1,0,0,0,0,alto
2,75000.0,68,0.5294117647058824,4,3,1,0,0,1,0,0,0,0,1,1,1,medio_baixo
9,10000.0,23,0.17391304347826086,2,2,1,0,0,0,1,0,1,0,0,0,0,baixo
7,10000.0,14,0.8571428571428571,1,3,1,1,0,0,1,0,1,1,0,0,0,medio_baixo
7,10000.0,1,0.0,1,3,1,1,1,0,1,0,1,1,0,0,0,baixo
9,10000.0,25,0.24,1,2,1,0,0,0,0,0,1,1,0,0,0,medio_alto
7,35000.0,156,0.7948717948717948,1,3,1,0,0,0,1,0,0,1,0,0,1,medio_alto
6,10000.0,24,0.9583333333333334,2,3,1,1,1,0,1,0,1,0,0,0,0,gratuito
3,10000.0,1,1.0,1,3,1,1,0,0,0,0,0,1,0,1,1,medio_alto
3,10000.0,9,1.0,1,2,1,0,0,0,1,0,0,1,0,0,0,medio_baixo
1,10000.0,0,0.0,13,3,1,0,0,0,0,0,0,1,0,0,1,medio_alto
9,35000.0,8,0.75,2,2,1,0,1,0,1,0,0,1,0,0,0,baixo
3,10000.0,2,0.5,2,4,1,0,0,0,1,0,0,1,1,1,0,medio_baixo
5,10000.0,17,0.5882352941176471,11,6,1,0,0,0,1,0,0,1,0,0,1,medio_alto
5,0.0,0,0.0,0,0,1,0,0,0,0,0,0,0,0,0,0,gratuito
5,10000.0,18,0.8333333333333334,3,1,1,0,0,0,0,0,0,1,0,0,0,medio_alto
3,0.0,0,0.0,1,4,1,0,0,0,1,0,0,0,0,0,0,gratuito
4,0.0,0,0.0,2,3,1,0,0,0,1,0,0,0,1,0,0,gratuito
4,10000.0,23,0.6521739130434783,2,3,1,0,0,0,1,0,1,0,0,0,1,alto
5,10000.0,8,0.375,1,6,1,0,0,0,1,1,1,0,1,0,0,alto
2,10000.0,0,0.0,1,2,1,0,0,0,1,0,0,0,0,0,1,gratuito
8,10000.0,23,0.8260869565217391,1,2,1,0,0,0,0,0,0,0,0,0,0,gratuito
7,10000.0,41,0.6585365853658537,3,4,1,0,0,0,1,1,1,1,0,0,0,medio_alto
10,10000.0,138,0.782608695652174,1,4,1,0,0,0,1,0,0,1,0,0,1,baixo
1,10000.0,271,0.7859778597785978,12,5,1,0,0,1,1,0,1,1,1,0,1,alto
11,150000.0,995,0.7467336683417085,1,2,1,0,0,0,1,0,0,1,0,0,0,baixo
4,10000.0,26,0.8846153846153846,1,2,1,0,0,0,0,0,0,1,1,0,0,medio_alto
4,10000.0,21,1.0,103,2,1,0,0,1,1,0,0,1,0,0,0,baixo
1,35000.0,2,0.5,1,1,1,0,0,0,0,0,0,0,1,0,0,medio_baixo
1,0.0,0,0.0,0,0,1,0,0,0,0,0,0,0,0,0,0,gratuito
4,10000.0,87,0.8045977011494253,12,3,1,1,0,0,1,1,0,0,0,0,0,medio_alto
2,0.0,0,0.0,1,2,0,1,0,0,0,0,0,1,0,0,0,gratuito
8,10000.0,75,0.84,2,1,1,0,0,0,0,0,0,0,0,0,0,gratuito
3,10000.0,12,0.8333333333333334,1,1,1,0,0,0,1,0,0,0,0,0,0,medio_alto
8,10000.0,12,0.9166666666666666,1,3,1,0,0,0,1,0,1,1,0,0,0,gratuito
8,75000.0,313,0.8562300319488818,12,2,1,1,1,0,1,0,1,0,0,0,0,alto
1,10000.0,0,0.0,2,3,1,0,0,0,0,0,1,0,1,0,1,alto
3,0.0,0,0.0,1,5,1,0,0,0,1,0,1,0,1,1,0,gratuito
7,10000.0,0,0.0,1,3,1,1,1,1,1,0,1,1,0,0,0,baixo
12,150000.0,484,0.5991735537190083,1,3,1,1,1,0,1,1,1,0,0,0,0,baixo
9,10000.0,38,0.2894736842105263,1,4,1,0,0,0,1,1,1,1,0,0,0,medio_alto
2,0.0,0,0.0,2,4,1,1,0,0,1,0,0,1,0,0,0,gratuito
9,10000.0,21,0.3333333333333333,12,4,1,1,1,0,1,0,0,1,0,1,1,alto
7,150000.0,455,0.8373626373626374,6,5,1,0,0,0,1,1,1,0,1,0,0,gratuito
8,350000.0,4410,0.8061224489795918,1,3,1,0,0,0,1,0,0,0,0,0,1,alto
1,10000.0,0,0.0,10,1,1,0,0,0,0,1,0,0,0,0,0,alto
8,10000.0,0,0.0,1,1,1,0,0,0,0,0,0,1,0,0,0,medio_alto
7,10000.0,50,0.68,5,2,1,0,0,0,1,1,0,0,0,0,0,alto
4,10000.0,115,0.991304347826087,4,1,1,0,0,0,0,1,0,0,0,0,0,alto
10,1500000.0,705,0.5475177304964539,1,2,1,0,0,1,1,0,0,0,0,0,1,baixo
3,0.0,0,0.0,1,3,1,1,1,0,1,1,0,0,0,0,0,gratuito
1,10000.0,0,0.0,2,4,1,0,0,0,1,0,1,1,1,0,0,medio_baixo
1,10000.0,89,0.6629213483146067,15,3,1,0,0,0,1,0,0,1,0,0,1,medio_baixo
4,10000.0,12,0.8333333333333334,2,3,1,0,0,0,1,1,0,0,0,0,1,medio_baixo
1,10000.0,0,0.0,1,2,1,0,0,0,0,1,0,0,0,0,0,medio_baixo
8,10000.0,19,0.42105263157894735,1,2,1,0,0,0,1,0,0,1,0,0,0,medio_baixo
4,10000.0,12,0.25,4,2,1,0,0,1,0,0,1,1,0,0,0,medio_alto
6,75000.0,129,0.5193798449612403,1,3,1,0,0,0,1,0,1,0,0,0,0,gratuito
3,10000.0,3,1.0,1,2,1,1,0,0,1,1,0,0,0,0,0,medio_baixo
1,10000.0,0,0.0,1,3,1,0,0,0,1,1,1,0,0,0,0,medio_baixo
7,10000.0,2,1.0,1,2,1,0,0,0,0,0,1,1,0,0,0,medio_alto
4,75000.0,8,0.125,1,4,1,0,0,0,1,1,1,0,1,0,0,alto
2,75000.0,733,0.8813096862210096,11,1,1,0,0,1,0,1,0,0,0,0,0,alto
4,35000.0,65,0.9076923076923077,10,3,1,0,1,0,1,1,0,1,0,0,0,medio_baixo
4,0.0,0,0.0,1,5,1,0,0,0,1,1,0,0,1,1,0,gratuito
8,10000.0,66,0.8636363636363636,18,3,1,1,0,0,1,0,1,1,0,0,0,medio_baixo
5,10000.0,3,1.0,2,4,1,0,0,0,1,1,1,1,0,0,0,baixo
2,150000.0,6592,0.4685983009708738,9,3,1,0,0,22,0,1,1,0,0,0,0,gratuito
2,10000.0,10,1.0,10,2,1,0,0,0,1,0,1,0,0,0,0,alto
9,350000.0,305,0.5344262295081967,1,3,1,0,0,0,1,1,1,0,0,0,0,baixo
3,10000.0,0,0.0,1,4,1,0,0,0,1,1,1,0,1,0,0,gratuito
3,10000.0,5,0.8,10,5,1,0,0,0,1,0,1,1,0,0,0,alto
3,10000.0,52,0.6538461538461539,3,3,1,0,0,0,1,0,0,1,0,1,0,medio_baixo
8,35000.0,8,0.375,3,4,1,1,0,0,1,0,1,1,1,0,0,baixo
1,10000.0,0,0.0,10,3,1,0,0,0,1,1,1,0,0,0,0,gratuito
7,10000.0,16,0.5625,2,4,1,0,0,0,1,1,1,0,0,0,0,baixo
2,10000.0,16,1.0,1,3,1,0,0,0,1,1,0,0,1,0,0,medio_alto
6,10000.0,22,0.9090909090909091,1,4,1,0,0,0,1,0,0,1,1,0,0,gratuito
4,10000.0,107,0.8785046728971962,1,1,1,0,0,1,0,0,0,0,0,1,0,alto
1,10000.0,6,1.0,1,3,1,0,0,0,1,0,0,0,1,1,0,medio_alto
8,10000.0,158,0.930379746835443,1,3,1,1,1,0,1,0,1,0,1,0,0,medio_alto
6,10000.0,82,0.7439024390243902,16,3,1,1,1,1,1,1,0,0,0,0,0,medio_alto
1,0.0,0,0.0,0,0,1,0,0,0,0,0,0,0,0,0,0,gratuito
5,350000.0,14,0.5714285714285714,1,1,1,0,0,0,0,0,0,0,1,0,0,baixo
1,0.0,0,0.0,30,3,1,0,0,0,1,0,0,1,0,0,1,medio_alto
20,75000.0,406,0.874384236453202,1,1,1,0,0,0,0,0,0,1,0,0,0,baixo
1,10000.0,0,0.0,15,2,1,0,0,2,0,0,0,1,0,0,0,gratuito
9,10000.0,9,0.8888888888888888,1,2,1,0,0,0,0,0,1,1,0,0,0,medio_alto
8,35000.0,694,0.6455331412103746,5,3,1,0,0,4,1,0,0,0,0,1,1,medio_baixo
6,10000.0,11,1.0,3,3,1,0,0,0,0,0,0,1,0,1,1,medio_baixo
4,35000.0,8,0.875,3,1,1,0,0,0,0,0,1,0,0,0,0,baixo
7,10000.0,4,1.0,1,1,1,0,0,0,0,0,0,0,0,0,0,alto
3,10000.0,5,0.6,2,3,1,0,0,0,1,0,1,0,0,0,0,alto
6,10000.0,4,0.5,3,2,1,0,0,0,1,0,0,1,0,0,0,baixo
1,10000.0,0,0.0,1,2,1,1,1,0,1,0,1,0,0,0,0,alto
1,10000.0,2,0.0,1,4,1,0,0,0,1,0,1,1,0,0,1,baixo
10,150000.0,708,0.7457627118644068,1,3,1,1,1,1,1,1,1,0,0,0,0,medio_alto
7,10000.0,28,0.9642857142857143,11,3,1,0,0,0,1,1,0,1,0,0,0,baixo
3,10000.0,149,0.8657718120805369,10,3,1,0,0,1,1,1,1,0,0,0,0,medio_alto
10,10000.0,42,0.7857142857142857,1,2,1,0,0,0,0,0,0,1,0,0,0,gratuito
1,10000.0,0,0.0,2,3,1,0,0,0,1,1,1,0,0,0,0,medio_baixo
5,35000.0,113,0.6106194690265486,7,2,1,1,1,3,1,0,0,0,0,1,0,alto
7,10000.0,34,0.9705882352941176,1,1,1,0,0,0,1,0,0,0,0,0,0,gratuito
3,0.0,0,0.0,0,0,1,0,0,0,0,0,0,0,0,0,0,gratuito
8,10000.0,1,1.0,1,1,1,0,0,0,0,1,0,0,0,0,0,medio_alto
2,0.0,0,0.0,13,6,1,1,1,0,1,1,1,0,0,1,1,gratuito
6,35000.0,6,0.3333333333333333,1,3,1,0,0,0,1,0,0,1,0,1,0,medio_alto
10,10000.0,30,0.8666666666666667,1,2,1,0,0,0,1,0,0,0,0,0,0,alto
9,10000.0,61,0.7704918032786885,103,3,1,0,0,0,1,0,0,1,0,0,0,baixo
5,10000.0,4,1.0,1,2,1,0,0,0,1,1,0,0,0,0,0,baixo
6,10000.0,22,0.9090909090909091,4,1,1,1,0,0,0,0,0,1,0,0,0,medio_alto
2,75000.0,1915,0.8960835509138381,2,3,1,1,0,1,1,0,1,0,0,0,1,medio_alto
3,0.0,0,0.0,0,0,1,0,0,0,0,0,0,0,0,0,0,gratuito
2,35000.0,6,1.0,1,4,1,0,0,0,1,0,1,1,0,1,0,medio_alto
1,10000.0,4,1.0,1,4,1,0,0,0,1,1,1,0,1,0,0,alto
1,0.0,0,0.0,1,2,1,0,0,0,0,0,0,1,0,0,0,gratuito
1,10000.0,0,0.0,1,1,1,0,0,0,0,0,0,0,0,0,1,alto
1,0.0,0,0.0,1,3,1,0,0,0,1,0,0,0,1,1,0,medio_alto
9,10000.0,255,0.7058823529411765,1,4,1,0,0,0,1,1,1,1,0,0,0,medio_baixo
3,10000.0,223,0.757847533632287,1,4,1,0,0,0,1,1,1,0,1,0,0,medio_baixo
1,10000.0,43,0.7209302325581395,3,5,1,0,0,0,1,0,1,0,1,1,0,alto
2,35000.0,16,0.75,1,6,1,0,0,0,1,1,0,0,1,1,1,medio_baixo
6,10000.0,8,0.625,1,5,1,0,0,0,1,0,0,1,0,1,1,medio_alto
2,10000.0,5,1.0,2,5,1,0,0,0,1,0,1,1,1,0,1,medio_alto
4,10000.0,0,0.0,1,5,1,0,1,0,1,0,1,1,1,0,0,medio_baixo
2,0.0,0,0.0,0,0,1,0,0,0,0,0,0,0,0,0,0,gratuito
17,750000.0,1126,0.8605683836589698,1,2,1,1,0,0,1,0,0,1,0,0,0,medio_baixo
9,35000.0,25,0.44,1,2,1,0,0,0,1,1,0,0,0,0,0,baixo
6,10000.0,88,0.8522727272727273,1,5,1,1,0,1,1,0,1,1,0,0,0,gratuito
9,10000.0,7,0.7142857142857143,1,4,1,0,0,0,1,0,0,1,0,1,0,baixo
2,10000.0,1,1.0,1,2,1,0,0,0,1,0,1,0,0,0,0,medio_baixo
12,35000.0,301,0.840531561461794,1,4,1,0,0,0,1,1,1,1,0,0,0,medio_alto
4,10000.0,14,0.7857142857142857,2,1,1,0,0,0,1,0,0,0,0,0,0,alto
2,0.0,0,0.0,0,0,1,0,0,0,0,0,0,0,0,0,0,gratuito
2,10000.0,2,1.0,2,1,1,0,0,0,0,0,0,1,0,0,0,baixo
9,35000.0,383,0.8328981723237598,2,1,1,0,0,0,0,1,0,0,0,0,0,medio_alto
4,75000.0,238,0.680672268907563,9,1,1,0,0,0,0,0,0,0,0,0,1,medio_baixo
3,0.0,0,0.0,1,3,1,0,0,0,1,0,1,0,0,0,0,gratuito
2,10000.0,1,0.0,1,4,1,0,0,0,0,1,0,1,0,1,0,alto
5,10000.0,2,0.5,1,1,1,0,0,0,0,0,0,0,0,1,0,baixo
2,10000.0,0,0.0,3,4,1,0,0,0,1,1,1,0,0,0,0,gratuito
5,10000.0,3,1.0,1,3,1,0,0,0,1,0,0,1,0,0,1,medio_baixo
7,10000.0,7,0.42857142857142855,1,3,1,0,0,0,1,1,0,1,0,0,0,medio_baixo
7,1500000.0,40881,0.8989750739952546,11,4,1,0,0,0,1,1,1,0,0,0,1,medio_alto
1,10000.0,0,0.0,1,2,1,0,0,1,1,0,0,1,0,0,0,medio_alto
1,0.0,0,0.0,1,3,1,0,0,0,1,0,0,1,0,1,0,alto
1,10000.0,44,0.8409090909090909,1,4,1,0,0,0,1,1,0,1,0,0,0,gratuito
8,10000.0,18,0.8888888888888888,1,1,1,1,1,0,0,1,0,0,0,0,0,gratuito
7,10000.0,154,0.8051948051948052,8,3,1,1,0,0,1,0,1,1,0,0,0,medio_baixo
3,0.0,0,0.0,0,0,1,0,0,0,0,0,0,0,0,0,0,gratuito
7,10000.0,7,0.42857142857142855,7,2,1,1,1,0,1,1,0,0,0,0,0,medio_baixo
6,10000.0,18,0.6666666666666666,1,1,1,0,1,0,0,0,0,1,0,0,0,baixo
9,10000.0,8,1.0,2,2,1,1,1,0,1,1,0,0,0,0,0,alto
1,0.0,0,0.0,1,2,1,1,1,0,0,0,1,0,0,0,0,gratuito
6,10000.0,1,0.0,1,3,1,0,0,0,1,1,0,1,0,0,0,medio_alto
8,35000.0,132,0.3484848484848485,12,4,1,0,0,1,1,1,1,0,0,0,0,alto
2,0.0,0,0.0,1,3,1,0,0,0,1,0,1,1,0,0,0,gratuito
2,10000.0,0,0.0,5,8,1,1,1,0,1,1,1,1,1,1,1,medio_baixo
8,0.0,0,0.0,1,3,1,0,0,1,1,0,1,0,1,0,0,medio_baixo
7,10000.0,173,0.5780346820809249,1,3,1,0,0,0,1,1,0,0,0,0,1,alto
6,150000.0,12,0.8333333333333334,1,2,1,0,0,0,1,0,0,0,0,0,0,gratuito
9,35000.0,65,0.9076923076923077,1,3,1,0,0,0,1,0,1,1,0,0,0,alto
2,10000.0,3,1.0,2,2,1,0,0,0,1,0,1,0,0,0,0,medio_baixo
6,75000.0,11,0.8181818181818182,1,3,1,0,0,0,1,1,0,1,0,0,0,baixo
1,0.0,0,0.0,18,3,1,0,0,0,1,1,0,0,0,0,1,medio_baixo
2,10000.0,4,0.75,4,3,1,0,0,0,1,0,0,0,0,1,1,gratuito
4,10000.0,5,0.6,103,5,1,0,0,0,1,0,1,1,0,1,1,medio_baixo
1,10000.0,0,0.0,1,3,1,0,1,0,1,0,0,1,0,0,1,medio_baixo
8,10000.0,2,1.0,1,2,1,1,0,0,1,0,0,1,0,0,0,gratuito
4,35000.0,13,0.7692307692307693,1,4,1,0,0,0,1,0,1,1,0,0,1,baixo
8,35000.0,12,0.3333333333333333,1,4,1,0,0,0,0,0,1,1,1,1,0,medio_baixo
3,0.0,0,0.0,1,2,1,0,0,0,0,1,0,0,0,0,0,gratuito
1,10000.0,12,1.0,5,2,1,0,0,4,1,1,0,0,0,0,0,medio_alto
3,75000.0,137,0.8321167883211679,1,5,1,0,0,0,1,0,1,1,0,1,1,gratuito
1,10000.0,0,0.0,7,3,1,0,0,5,0,1,1,0,1,0,0,alto
1,0.0,0,0.0,1,2,1,0,0,0,1,0,0,0,1,0,0,medio_alto
4,10000.0,0,0.0,2,3,1,0,1,0,1,0,0,1,0,0,1,medio_baixo
3,10000.0,14,0.42857142857142855,29,1,1,0,0,0,0,0,0,0,0,0,0,alto
5,750000.0,6503,0.8765185299092726,9,6,1,0,0,1,1,1,1,0,1,0,1,medio_alto
4,0.0,0,0.0,0,0,1,0,0,0,0,0,0,0,0,0,0,gratuito
7,10000.0,1,0.0,1,3,1,0,0,0,1,0,1,0,1,0,0,baixo
7,10000.0,3,0.6666666666666666,1,1,1,0,1,0,0,0,1,0,0,0,0,medio_baixo
12,10000.0,45,0.7111111111111111,4,1,1,0,0,0,0,0,0,0,0,1,0,medio_alto
6,35000.0,8,0.5,1,1,1,0,0,0,0,0,0,1,0,0,0,alto
8,35000.0,129,0.6201550387596899,9,4,1,0,0,0,1,1,0,0,0,0,1,medio_alto
1,10000.0,83,0.9156626506024096,1,3,1,0,0,0,1,1,0,0,0,0,0,alto
4,35000.0,301,0.9800664451827242,2,2,1,0,0,0,1,0,1,0,0,0,0,medio_baixo
5,10000.0,0,0.0,1,3,1,1,0,0,1,0,1,0,1,0,0,alto
3,0.0,0,0.0,1,3,1,0,0,0,0,1,0,1,0,0,0,gratuito
4,10000.0,0,0.0,1,1,1,1,1,0,0,0,0,0,1,0,0,medio_alto
4,10000.0,162,0.8641975308641975,10,3,1,1,0,1,1,1,0,0,1,0,0,alto
7,10000.0,2,0.0,2,4,1,0,0,0,1,1,1,0,1,0,0,alto
1,0.0,0,0.0,0,0,1,0,0,0,0,0,0,0,0,0,0,gratuito
8,35000.0,49,0.3877551020408163,1,2,1,0,0,0,1,0,0,1,0,0,0,baixo
2,10000.0,7,0.5714285714285714,13,2,1,0,0,0,1,1,0,0,0,0,0,alto
6,10000.0,187,0.839572192513369,9,4,1,0,0,1,1,0,1,1,0,0,1,medio_baixo
4,10000.0,92,0.8369565217391305,5,5,1,1,0,0,1,1,1,1,0,1,0,medio_alto
6,10000.0,162,0.9629629629629629,11,3,1,1,0,1,1,1,1,0,0,0,0,medio_alto
5,75000.0,244,0.819672131147541,1,3,1,0,0,0,0,1,1,0,0,0,0,gratuito
6,350000.0,2787,0.8740581270182992,5,3,1,0,0,0,1,0,0,1,0,1,0,medio_alto
2,10000.0,719,0.7663421418636995,3,2,1,0,0,61,0,1,0,0,1,0,0,gratuito
5,0.0,0,0.0,0,0,1,0,0,0,0,0,0,0,0,0,0,gratuito
3,75000.0,1,0.0,2,4,1,0,0,0,1,0,1,1,0,1,0,baixo
1,0.0,0,0.0,0,0,1,0,0,0,0,0,0,0,0,0,0,gratuito
3,10000.0,0,0.0,1,2,1,0,1,0,1,0,0,1,0,0,0,medio_baixo
3,0.0,0,0.0,103,4,1,0,0,0,1,1,1,1,0,0,0,baixo
1,0.0,0,0.0,2,4,1,0,0,0,1,0,1,1,0,1,0,baixo
1,10000.0,0,0.0,1,5,1,0,0,0,1,1,1,1,0,0,1,medio_baixo
5,35000.0,701,0.8972895863052782,11,2,1,0,0,1,1,1,0,0,0,0,0,medio_alto
10,10000.0,67,0.582089552238806,8,2,1,1,0,0,1,0,1,0,0,0,0,medio_baixo
3,0.0,0,0.0,0,0,1,0,0,0,0,0,0,0,0,0,0,gratuito
1,0.0,0,0.0,1,4,1,0,0,0,1,0,0,1,0,0,1,gratuito
9,10000.0,1,0.0,1,2,1,1,0,0,1,1,0,0,0,0,0,baixo
3,75000.0,5,1.0,1,3,1,0,1,2,0,0,1,0,1,0,0,medio_baixo
9,10000.0,42,0.5238095238095238,1,4,1,0,0,0,1,1,0,0,0,0,0,baixo
1,0.0,0,0.0,0,0,1,0,0,0,0,0,0,0,0,0,0,gratuito
1,0.0,0,0.0,1,4,1,0,0,0,1,0,0,1,0,1,1,baixo
5,10000.0,18,0.8888888888888888,2,3,1,0,0,1,1,1,1,0,0,0,0,alto
10,10000.0,7,0.8571428571428571,1,2,1,0,0,0,0,0,1,1,0,0,0,medio_alto
2,10000.0,81,0.7901234567901234,1,1,1,0,0,0,0,0,0,0,0,0,0,alto
4,10000.0,0,0.0,2,2,1,0,1,0,0,0,0,1,0,0,1,medio_baixo
4,10000.0,17,0.29411764705882354,1,5,1,0,0,0,1,1,1,1,1,0,0,baixo
4,10000.0,29,0.7931034482758621,1,3,1,0,0,0,1,0,1,0,1,0,0,medio_baixo
2,10000.0,0,0.0,1,3,1,1,1,0,1,0,1,1,0,0,0,medio_baixo
2,75000.0,718,0.9178272980501393,1,2,1,0,0,1,1,1,0,0,0,0,0,alto
5,0.0,0,0.0,0,0,1,0,0,0,0,0,0,0,0,0,0,gratuito
4,10000.0,57,0.9473684210526315,2,2,1,0,0,1,1,1,0,0,0,0,0,alto
4,10000.0,8,1.0,1,2,1,0,0,0,0,1,1,0,0,0,0,medio_alto
4,10000.0,45,0.7555555555555555,9,3,1,0,0,0,1,1,0,0,0,0,0,gratuito
2,10000.0,21,0.9047619047619048,1,6,1,1,1,0,1,0,1,1,1,1,0,medio_alto
14,350000.0,2753,0.6807119505993462,5,2,1,0,0,0,0,1,1,0,0,0,0,gratuito
5,10000.0,3,0.6666666666666666,1,2,1,0,0,0,0,1,1,0,0,0,0,baixo
1,0.0,0,0.0,0,0,1,0,0,0,0,0,0,0,0,0,0,gratuito
5,0.0,0,0.0,0,0,1,0,0,0,0,0,0,0,0,0,0,gratuito
4,0.0,0,0.0,1,2,1,0,0,0,0,0,0,1,0,0,0,gratuito
1,10000.0,36,0.9166666666666666,4,3,1,0,0,0,1,1,1,0,0,0,0,alto
4,35000.0,5,1.0,1,4,1,1,0,0,0,1,0,1,0,0,0,gratuito
5,10000.0,19,0.2631578947368421,5,2,1,0,0,0,0,0,0,1,0,0,0,medio_baixo
1,0.0,0,0.0,0,0,1,0,0,0,0,0,0,0,0,0,0,gratuito
4,10000.0,28,0.4642857142857143,14,3,1,0,0,0,0,0,0,1,0,1,0,medio_baixo
3,0.0,0,0.0,0,0,1,0,0,0,0,0,0,0,0,0,0,gratuito
2,35000.0,1,0.0,2,3,1,0,0,0,0,1,1,0,1,0,0,alto
2,10000.0,1,0.0,1,3,1,0,0,0,1,0,0,0,0,0,1,alto
14,75000.0,906,0.9150110375275938,6,2,1,1,1,1,1,1,0,0,0,0,0,medio_baixo
2,0.0,0,0.0,0,0,1,0,0,0,0,0,0,0,0,0,0,gratuito
5,150000.0,110,0.6818181818181818,16,5,1,0,1,0,1,1,0,0,0,0,0,gratuito
3,0.0,0,0.0,0,0,1,0,0,0,0,0,0,0,0,0,0,gratuito
5,10000.0,11,0.2727272727272727,1,2,1,0,0,0,1,1,0,0,0,0,0,baixo
1,10000.0,3,0.6666666666666666,13,2,1,0,0,0,0,1,0,0,0,0,0,alto
8,10000.0,29,0.6896551724137931,1,2,1,0,0,0,0,1,1,0,0,0,0,baixo
1,0.0,0,0.0,14,4,1,0,0,0,1,1,1,0,1,0,0,medio_baixo
3,0.0,0,0.0,0,0,1,0,0,0,0,0,0,0,0,0,0,gratuito
10,35000.0,129,0.8294573643410853,1,2,1,0,0,1,1,1,0,0,0,0,0,baixo
2,10000.0,3,1.0,1,1,1,0,0,0,0,0,0,0,0,0,1,alto
1,10000.0,0,0.0,1,1,1,0,0,0,1,0,0,0,0,0,0,baixo
1,10000.0,13,0.6923076923076923,6,1,1,0,0,0,0,0,1,0,0,0,0,medio_alto
9,10000.0,358,0.6703910614525139,1,2,1,0,0,0,1,1,0,0,0,0,0,gratuito
7,10000.0,1,1.0,1,3,1,0,0,0,1,0,0,0,0,1,1,medio_baixo
3,10000.0,53,0.8301886792452831,1,3,1,0,0,0,1,0,0,0,0,1,0,medio_baixo
4,10000.0,5,0.4,3,1,1,0,0,0,0,0,0,1,0,0,0,baixo
6,10000.0,0,0.0,1,2,1,0,0,0,0,1,1,0,0,0,0,alto
1,10000.0,0,0.0,8,3,1,0,0,0,1,0,0,1,0,1,0,alto
5,10000.0,38,0.8421052631578947,1,1,1,0,0,0,0,0,0,1,0,0,0,baixo
3,10000.0,11,0.9090909090909091,1,1,1,0,0,0,0,0,0,0,0,1,0,medio_baixo
9,75000.0,254,0.8149606299212598,1,4,1,1,1,0,1,1,0,1,0,0,0,gratuito
6,10000.0,15,0.2,1,4,1,0,0,1,1,1,1,0,0,0,0,alto
2,10000.0,0,0.0,5,6,1,0,0,0,0,1,1,1,1,0,1,medio_baixo
3,10000.0,9,1.0,1,1,1,0,0,1,0,0,1,0,0,0,0,medio_baixo
5,10000.0,73,0.5205479452054794,1,2,1,0,0,0,1,1,0,0,0,0,0,gratuito
4,0.0,0,0.0,1,2,1,0,0,0,0,0,1,0,1,0,0,gratuito
1,10000.0,3,1.0,1,2,1,1,1,0,1,0,1,0,0,0,0,baixo
9,10000.0,19,0.7894736842105263,1,2,1,0,0,0,1,1,0,0,0,0,0,gratuito
2,10000.0,5,1.0,4,3,1,0,0,0,1,0,0,0,0,1,0,medio_alto
1,1500000.0,42248,0.48527740958151866,12,2,1,1,1,30,0,0,0,0,0,1,1,alto
4,10000.0,6,0.5,1,3,1,1,1,0,1,0,0,1,0,1,0,alto
6,10000.0,3,0.6666666666666666,1,4,1,0,0,0,1,0,0,0,0,1,0,gratuito
1,10000.0,0,0.0,11,6,1,1,0,0,1,0,1,1,1,1,0,alto
8,10000.0,2,0.5,1,5,1,0,0,0,1,1,0,0,1,0,0,baixo
2,10000.0,0,0.0,15,4,1,1,1,0,1,0,1,1,0,0,1,baixo
3,0.0,0,0.0,0,0,1,0,0,0,0,0,0,0,0,0,0,gratuito
2,10000.0,16,0.9375,8,1,1,0,0,0,0,0,0,0,0,1,0,baixo
4,10000.0,9,0.8888888888888888,2,2,1,0,0,0,1,0,0,0,1,0,0,medio_baixo
13,10000.0,87,0.40229885057471265,1,3,1,0,0,0,1,0,0,1,0,1,0,baixo
7,10000.0,2,1.0,1,2,1,0,0,0,1,1,0,0,0,0,0,medio_alto
1,10000.0,15,0.8,5,2,1,0,0,0,1,1,0,0,0,0,0,alto
11,35000.0,125,0.8,1,2,1,0,0,1,1,1,0,0,0,0,0,medio_alto
2,150000.0,2832,0.6716101694915254,12,3,1,0,0,1,1,0,0,0,0,1,1,medio_alto
2,10000.0,46,0.8913043478260869,12,4,1,0,0,0,1,1,0,1,0,0,0,medio_alto
6,10000.0,6,0.6666666666666666,1,3,1,0,0,0,1,1,1,0,0,0,0,baixo
8,10000.0,1,1.0,1,3,1,0,0,0,0,0,0,1,0,1,1,medio_alto
1,10000.0,67,0.9402985074626866,3,5,1,0,0,0,1,1,1,1,1,0,0,alto
3,10000.0,0,0.0,1,3,1,1,1,0,1,0,0,1,0,0,1,baixo
1,10000.0,0,0.0,2,1,1,0,0,0,0,0,0,1,0,0,0,baixo
7,10000.0,3,1.0,6,3,1,0,0,0,1,0,0,0,0,0,1,medio_alto
3,10000.0,1,1.0,1,1,1,0,0,0,0,0,0,0,0,0,0,medio_alto
4,10000.0,0,0.0,3,1,1,0,0,1,0,0,0,0,1,0,0,medio_alto
6,1500000.0,6804,0.6916519694297472,3,4,1,0,0,1,1,1,1,0,1,0,0,alto
8,10000.0,35,0.8857142857142857,1,3,1,0,0,0,1,0,0,1,0,0,0,gratuito
5,75000.0,31,0.7419354838709677,1,2,1,0,0,0,1,1,0,0,0,0,0,baixo
1,10000.0,0,0.0,1,3,1,0,1,0,1,1,0,0,0,1,0,baixo
4,35000.0,7,0.7142857142857143,1,3,1,1,1,0,0,1,0,0,0,1,1,medio_alto
6,10000.0,1,1.0,1,2,1,1,1,0,1,0,0,1,0,0,0,medio_alto
1,10000.0,0,0.0,1,3,1,0,0,0,1,1,0,1,0,0,0,medio_baixo
4,35000.0,95,0.6105263157894737,6,3,1,1,1,0,1,0,1,0,1,0,0,medio_baixo
5,10000.0,0,0.0,6,2,1,0,0,0,1,0,0,1,0,0,0,baixo
9,150000.0,7,0.8571428571428571,1,1,1,1,1,0,0,0,1,0,0,0,0,medio_alto
6,10000.0,16,0.75,1,2,1,0,0,0,1,0,0,0,0,0,1,gratuito
1,10000.0,7,1.0,1,1,1,0,0,0,0,0,0,0,1,0,0,baixo
7,10000.0,135,0.7703703703703704,10,3,1,0,0,0,0,0,0,0,0,0,1,medio_alto
4,10000.0,36,0.5277777777777778,29,2,1,0,0,1,1,0,0,1,0,0,0,baixo
3,10000.0,18,0.8888888888888888,1,1,1,0,0,0,0,0,1,0,0,0,0,baixo
4,10000.0,8,1.0,2,2,1,0,0,0,0,1,0,1,0,0,0,medio_baixo
4,0.0,0,0.0,1,1,1,0,0,0,0,0,0,1,0,0,0,gratuito
1,10000.0,0,0.0,2,3,1,0,0,0,1,1,0,0,0,0,0,medio_baixo
9,10000.0,18,0.7222222222222222,1,1,1,0,0,0,0,0,0,0,0,1,0,alto
7,35000.0,3,1.0,1,1,1,0,1,0,0,0,0,0,1,0,0,baixo
3,10000.0,1,1.0,1,2,1,1,0,0,1,0,0,1,0,0,0,medio_alto
1,10000.0,0,0.0,3,5,1,0,0,1,1,1,1,0,1,1,0,medio_alto
3,0.0,0,0.0,1,5,1,0,0,0,1,0,0,1,1,0,1,gratuito
2,0.0,0,0.0,1,4,1,1,1,0,1,1,0,0,0,0,0,gratuito
1,10000.0,0,0.0,1,2,1,0,0,0,1,0,1,0,0,0,0,medio_baixo
2,10000.0,0,0.0,5,2,1,0,0,2,1,0,0,1,0,0,0,medio_baixo
10,10000.0,3,0.6666666666666666,1,5,1,0,0,0,1,1,0,0,0,1,0,baixo
8,10000.0,15,0.2,1,6,1,0,0,0,1,0,1,1,1,1,1,medio_baixo
7,10000.0,13,0.6923076923076923,2,3,1,0,0,0,1,1,1,0,0,0,0,baixo
1,10000.0,190,0.9263157894736842,9,3,1,0,0,1,0,1,1,0,0,0,1,alto
4,350000.0,1126,0.5373001776198935,11,1,1,0,0,0,0,0,0,0,0,1,0,medio_baixo
10,3500000.0,40850,0.7597796817625458,8,2,1,1,1,5,0,1,0,0,1,0,0,medio_alto
7,35000.0,32,0.71875,1,3,1,0,0,0,1,0,0,1,0,0,0,gratuito
4,150000.0,1,0.0,1,5,1,0,0,0,1,1,0,1,1,0,1,medio_alto
3,10000.0,1,1.0,1,3,1,0,0,0,1,1,0,1,0,0,0,medio_baixo
5,0.0,0,0.0,1,4,1,1,1,0,1,0,1,1,0,0,0,gratuito
12,35000.0,294,0.7380952380952381,1,3,1,0,0,0,1,0,0,0,0,1,1,medio_alto
1,10000.0,0,0.0,8,2,1,0,0,1,0,0,1,1,0,0,0,alto
1,0.0,0,0.0,2,4,1,0,0,0,1,0,1,1,0,0,1,baixo
1,0.0,0,0.0,1,4,1,0,0,0,1,1,1,1,0,0,0,medio_alto
7,750000.0,7233,0.9234066085994747,9,3,1,0,0,0,0,1,1,0,1,0,0,alto
12,10000.0,26,0.23076923076923078,2,4,1,0,0,0,1,0,1,0,1,0,0,medio_baixo
8,35000.0,154,0.8246753246753247,1,6,1,0,0,0,1,1,0,0,1,1,0,medio_alto
20,750000.0,5923,0.9677528279588047,1,1,1,0,0,0,0,0,0,1,0,0,0,baixo
3,10000.0,108,0.9166666666666666,4,1,1,0,0,0,0,0,1,0,0,0,0,alto
4,10000.0,6,1.0,1,3,1,0,0,0,1,0,1,1,0,0,0,medio_baixo
2,0.0,0,0.0,1,4,1,0,0,1,1,1,0,1,0,0,0,gratuito
12,750000.0,6313,0.8952954221447806,1,4,1,1,1,0,1,0,1,0,1,1,0,medio_alto
2,10000.0,41,0.8780487804878049,1,1,1,0,0,0,0,0,1,0,0,0,0,alto
6,35000.0,575,0.9878260869565217,1,2,1,1,1,1,1,0,1,0,0,0,0,medio_alto
3,10000.0,1,1.0,12,1,1,1,0,0,0,0,0,1,0,0,0,medio_alto
1,0.0,0,0.0,1,1,1,0,0,0,1,0,0,0,0,0,0,baixo
3,10000.0,0,0.0,1,2,1,0,0,0,0,0,1,0,1,0,0,medio_alto
1,10000.0,0,0.0,8,4,1,0,0,0,1,1,1,1,0,0,0,medio_alto
5,35000.0,5,0.0,2,3,1,0,0,0,1,0,0,1,0,1,0,baixo
8,350000.0,10545,0.9182550972024657,12,3,1,1,0,1,1,0,1,1,0,0,0,medio_alto
4,0.0,0,0.0,1,2,1,0,0,0,0,0,0,1,0,1,0,gratuito
1,10000.0,9,1.0,1,5,1,0,0,1,1,1,1,0,0,1,1,medio_alto
1,0.0,0,0.0,0,0,1,0,0,0,0,0,0,0,0,0,0,gratuito
6,10000.0,55,0.8727272727272727,1,3,1,0,0,0,1,1,1,0,0,0,0,medio_baixo
3,10000.0,71,0.8591549295774648,4,3,1,0,0,0,1,0,1,1,0,0,0,baixo
12,35000.0,662,0.9516616314199395,1,4,1,1,1,1,1,1,0,0,1,0,0,alto
8,10000.0,2,1.0,7,3,1,1,0,0,1,0,0,1,0,1,0,alto
6,35000.0,212,0.6886792452830188,8,3,1,1,1,1,1,0,0,1,0,1,0,alto
1,0.0,0,0.0,2,3,1,0,0,0,1,1,0,1,0,0,0,alto
1,10000.0,35,0.7142857142857143,8,3,1,0,0,0,1,1,1,0,0,0,0,medio_baixo
7,150000.0,1668,0.8729016786570744,2,2,1,0,0,1,1,0,0,0,1,0,0,alto
3,10000.0,60,0.7333333333333333,3,2,1,0,0,0,0,0,1,0,1,0,0,alto
12,10000.0,69,0.4057971014492754,1,1,1,0,0,0,0,1,0,0,0,0,0,baixo
2,10000.0,5,1.0,1,6,1,0,0,0,1,0,1,1,1,0,1,alto
2,75000.0,6,0.8333333333333334,1,2,1,0,0,0,1,1,0,0,0,0,0,baixo
9,10000.0,7,1.0,1,5,1,0,0,0,0,1,0,1,0,1,1,medio_alto
7,10000.0,22,0.6818181818181818,1,2,1,1,0,0,1,0,1,0,0,0,0,baixo
2,10000.0,5,0.8,4,2,1,0,0,0,1,1,0,0,0,0,0,baixo
2,10000.0,3,0.6666666666666666,1,3,1,0,0,0,1,1,0,0,1,0,0,alto
4,10000.0,10,0.8,7,3,1,1,0,0,0,1,0,1,1,0,0,medio_baixo
1,10000.0,0,0.0,12,5,1,0,0,1,1,1,0,1,1,0,0,medio_alto
1,10000.0,0,0.0,10,4,1,0,0,0,1,0,0,1,0,0,1,alto
6,75000.0,385,0.5636363636363636,10,2,1,0,0,1,1,0,1,0,0,0,0,medio_baixo
6,10000.0,22,0.5454545454545454,1,2,1,1,1,0,1,1,0,0,0,0,0,medio_baixo
1,0.0,0,0.0,5,4,1,0,0,0,0,0,1,1,0,1,1,alto
4,10000.0,32,0.96875,5,4,1,1,1,0,1,1,1,1,0,0,0,baixo
1,10000.0,0,0.0,1,2,1,0,0,0,0,0,0,0,0,0,1,alto
1,10000.0,0,0.0,6,2,1,0,0,0,0,0,0,1,0,0,1,medio_alto
6,75000.0,12,0.6666666666666666,2,2,1,0,0,0,1,0,0,0,0,0,0,gratuito
4,10000.0,22,0.7272727272727273,103,4,1,0,0,0,1,0,1,1,0,1,0,baixo
7,10000.0,5,0.0,1,3,1,0,0,0,1,1,1,0,0,0,0,alto
8,10000.0,81,0.7654320987654321,1,4,1,0,0,0,1,0,1,1,1,0,0,medio_baixo
11,10000.0,187,0.7807486631016043,1,2,1,1,1,0,1,1,0,0,0,0,0,medio_baixo
5,10000.0,9,0.8888888888888888,1,6,1,0,0,0,1,1,1,0,1,0,0,gratuito
4,10000.0,181,0.6574585635359116,7,1,1,0,0,1,0,0,0,0,0,0,0,medio_alto
5,10000.0,25,0.64,9,3,1,0,0,0,1,1,1,0,0,0,0,baixo
1,10000.0,409,0.8337408312958435,8,1,1,0,0,1,0,0,0,0,0,0,1,alto
1,10000.0,1,0.0,1,2,1,0,0,1,1,0,0,1,0,0,0,medio_alto
1,10000.0,0,0.0,6,3,1,0,0,0,0,0,1,0,1,0,1,alto
4,10000.0,19,1.0,1,3,1,0,0,0,1,1,0,1,0,0,0,medio_baixo
8,10000.0,10,0.5,1,3,1,0,0,0,1,1,0,0,0,1,0,alto
11,350000.0,261,0.7662835249042146,1,3,1,1,1,0,1,0,1,1,0,0,0,baixo
2,10000.0,0,0.0,1,3,1,0,0,0,1,0,0,1,1,0,0,medio_baixo
2,10000.0,7,1.0,1,3,1,0,0,0,1,1,0,1,0,0,0,medio_alto
1,10000.0,28,0.7857142857142857,4,3,1,0,0,0,0,0,1,0,0,0,1,alto
8,10000.0,2,1.0,4,1,1,0,0,0,0,0,0,1,0,0,0,medio_alto
3,0.0,0,0.0,0,0,1,0,0,0,0,0,0,0,0,0,0,gratuito
1,10000.0,0,0.0,3,4,1,0,0,1,1,0,1,1,1,0,0,alto
3,0.0,0,0.0,1,3,1,0,0,0,0,0,1,0,1,0,0,gratuito
3,10000.0,7,0.2857142857142857,6,3,1,0,0,0,1,0,0,0,1,0,0,gratuito
1,10000.0,0,0.0,1,1,1,0,0,0,0,0,1,0,0,0,0,alto
3,10000.0,2,1.0,1,2,1,0,0,0,1,1,0,0,0,0,0,medio_alto
8,10000.0,4,0.75,3,2,1,0,0,0,1,1,0,0,0,0,0,medio_baixo
7,35000.0,3,0.0,1,1,1,0,0,0,0,0,0,0,0,0,1,medio_baixo
10,75000.0,152,0.7171052631578947,1,1,1,1,1,0,0,0,0,1,0,0,0,alto
1,0.0,0,0.0,0,0,1,0,0,0,0,0,0,0,0,0,0,gratuito
2,10000.0,1,1.0,1,2,1,0,1,0,1,1,0,0,0,0,0,medio_alto
2,75000.0,141,0.9432624113475178,4,4,1,0,0,3,1,0,0,0,1,1,0,alto
12,35000.0,438,0.771689497716895,10,2,1,0,0,0,0,1,1,0,0,0,0,medio_alto
8,35000.0,12,0.3333333333333333,1,3,1,0,0,0,1,0,0,1,0,1,0,baixo
4,10000.0,21,1.0,29,3,1,0,0,0,1,0,0,1,0,0,1,baixo
5,10000.0,20,0.8,1,4,1,1,1,1,1,1,0,1,0,0,0,gratuito
2,0.0,0,0.0,103,2,1,0,0,0,1,0,0,1,0,0,0,baixo
4,10000.0,72,0.9722222222222222,11,2,1,0,0,0,1,0,0,1,0,0,0,baixo
2,10000.0,87,0.8620689655172413,9,3,1,1,0,0,1,1,1,0,0,0,0,medio_alto
3,10000.0,1,1.0,2,2,1,0,0,0,1,0,0,0,0,0,1,alto
5,10000.0,11,1.0,1,2,1,0,0,0,1,0,0,1,0,0,0,baixo
9,150000.0,2558,0.9382329945269742,103,2,1,0,0,1,1,0,0,1,0,0,0,baixo
2,10000.0,15,0.7333333333333333,2,3,1,0,0,0,0,0,0,0,0,1,1,alto
6,10000.0,2,0.0,2,3,1,0,0,0,1,0,0,1,0,0,0,medio_alto
5,10000.0,338,0.8846153846153846,3,1,1,0,0,0,0,0,0,0,0,0,1,baixo
1,35000.0,335,0.8149253731343283,11,2,1,0,0,2,0,1,1,0,0,0,0,medio_alto
2,10000.0,14,0.7857142857142857,1,2,1,0,0,0,1,0,0,1,0,0,0,medio_baixo
1,0.0,0,0.0,1,5,1,0,0,0,1,1,0,1,0,1,0,gratuito
6,10000.0,0,0.0,1,1,1,0,0,2,0,0,1,0,0,0,0,baixo
11,350000.0,1329,0.6448457486832204,9,4,1,0,0,0,1,1,1,0,1,0,0,baixo
1,0.0,0,0.0,103,1,1,0,0,0,1,0,0,0,0,0,0,medio_baixo
8,10000.0,25,0.68,2,3,1,0,0,0,1,0,1,0,1,0,0,medio_alto
5,10000.0,0,0.0,1,1,1,0,0,0,0,0,0,0,0,0,0,alto
2,10000.0,0,0.0,1,2,1,0,0,0,1,0,0,1,0,0,0,medio_baixo
1,0.0,0,0.0,0,0,1,0,0,0,0,0,0,0,0,0,0,gratuito
2,10000.0,29,0.896551724137931,13,2,1,0,0,1,1,0,0,1,0,0,0,baixo
3,75000.0,55,0.9818181818181818,1,2,1,0,0,0,1,0,0,0,1,0,0,medio_baixo
4,10000.0,0,0.0,4,2,1,0,0,1,0,1,0,1,0,0,0,baixo
6,10000.0,323,0.913312693498452,1,4,1,0,0,0,1,1,1,0,0,0,0,gratuito
1,0.0,0,0.0,2,3,1,0,0,0,0,0,1,0,1,0,0,gratuito
2,0.0,0,0.0,2,2,1,0,0,0,1,0,0,0,0,0,0,gratuito
3,10000.0,3,0.6666666666666666,1,3,1,0,0,0,1,1,1,0,0,0,0,baixo
3,10000.0,0,0.0,1,2,1,0,0,2,1,0,0,1,0,0,0,baixo
6,10000.0,31,1.0,1,3,1,0,0,0,1,0,1,0,1,0,0,medio_baixo
4,0.0,0,0.0,0,0,1,0,0,0,0,0,0,0,0,0,0,gratuito
1,10000.0,0,0.0,5,1,1,1,1,0,0,0,0,1,0,0,0,alto
8,35000.0,446,0.6928251121076233,1,1,1,1,0,0,0,1,0,0,0,0,0,medio_alto
12,150000.0,705,0.8893617021276595,5,2,1,0,0,0,0,0,1,1,0,0,0,alto
5,75000.0,96,0.8645833333333334,2,4,1,0,0,0,1,1,1,0,0,1,0,medio_alto
6,10000.0,35,0.8285714285714286,1,1,1,0,0,0,0,0,0,1,0,0,0,gratuito
4,10000.0,16,0.875,1,1,1,0,0,0,0,0,0,0,0,1,0,medio_baixo
8,75000.0,89,0.7303370786516854,3,2,1,0,0,0,1,1,0,0,0,0,0,baixo
5,350000.0,1410,0.8382978723404255,11,2,1,1,1,0,1,1,0,0,0,0,0,alto
5,0.0,0,0.0,0,0,1,0,0,0,0,0,0,0,0,0,0,gratuito
3,35000.0,80,0.8875,8,3,1,1,1,0,0,1,1,0,1,0,0,baixo
7,35000.0,3,0.6666666666666666,1,4,1,1,0,0,1,0,1,0,1,1,0,alto
3,10000.0,1,0.0,1,2,1,0,0,0,0,0,1,0,1,0,0,medio_baixo
5,10000.0,30,0.8,4,1,1,0,0,0,0,0,1,0,0,0,0,medio_alto
1,0.0,0,0.0,1,4,1,0,0,0,1,0,0,0,1,1,0,gratuito
6,10000.0,3,0.0,1,6,1,0,0,0,1,0,1,1,0,1,1,medio_alto
1,10000.0,6,1.0,2,1,1,0,0,0,1,0,0,0,0,0,0,medio_baixo
3,35000.0,25,0.84,1,1,1,0,0,1,0,0,0,0,1,0,0,alto
1,10000.0,49,0.8775510204081632,14,3,1,0,0,0,1,1,1,0,0,0,0,medio_alto
1,0.0,0,0.0,0,0,1,0,0,0,0,0,0,0,0,0,0,gratuito
13,150000.0,439,0.6104783599088838,11,2,1,1,1,0,1,0,0,1,0,0,0,baixo
5,10000.0,0,0.0,1,1,1,0,0,0,0,0,0,0,1,0,0,medio_baixo
7,10000.0,15,0.3333333333333333,9,3,1,0,0,0,1,0,1,1,0,0,0,medio_baixo
1,150000.0,5542,0.6383976903644893,15,1,1,0,0,8,0,1,0,0,0,0,0,alto
6,10000.0,0,0.0,1,4,1,0,0,0,1,0,1,0,1,0,1,baixo
2,0.0,0,0.0,0,0,1,0,0,0,0,0,0,0,0,0,0,gratuito
1,10000.0,1,1.0,1,4,1,0,0,0,1,1,1,1,0,0,0,medio_baixo
12,75000.0,480,0.8645833333333334,1,2,1,0,0,0,1,1,0,0,0,0,0,medio_baixo
2,10000.0,14,0.9285714285714286,1,5,1,0,0,0,1,1,1,0,0,1,0,baixo
3,10000.0,33,0.8787878787878788,14,2,1,0,0,1,1,0,0,1,0,0,0,baixo
8,10000.0,8,1.0,1,2,1,0,0,0,0,0,1,1,0,0,0,medio_alto
5,10000.0,7,0.7142857142857143,2,5,1,0,0,0,0,1,0,1,0,0,1,medio_baixo
4,10000.0,16,0.6875,2,2,1,0,0,0,1,0,0,0,1,0,0,medio_baixo
5,10000.0,10,0.6,2,1,1,0,0,0,0,0,1,0,0,0,0,medio_alto
6,35000.0,82,0.8536585365853658,6,1,1,0,0,0,0,1,0,0,0,0,0,medio_alto
6,10000.0,29,0.7931034482758621,1,2,1,1,0,0,1,0,0,0,0,0,1,medio_baixo
1,0.0,0,0.0,0,0,1,0,0,0,0,0,0,0,0,0,0,gratuito
7,10000.0,7,0.8571428571428571,1,1,1,0,0,0,0,1,0,0,0,0,0,medio_baixo
8,0.0,0,0.0,0,0,1,0,0,0,0,0,0,0,0,0,0,gratuito
1,10000.0,41,0.975609756097561,2,1,1,0,0,0,0,0,0,0,1,0,0,medio_alto
6,75000.0,112,0.6875,1,2,1,1,0,0,0,0,0,1,0,1,0,baixo
4,0.0,0,0.0,1,2,1,1,1,0,0,0,0,1,0,0,1,gratuito
12,75000.0,324,0.6635802469135802,1,2,1,0,0,0,1,1,0,0,0,0,0,baixo
6,75000.0,300,0.7433333333333333,13,1,1,1,1,0,0,0,0,0,0,0,1,baixo
8,10000.0,6,0.6666666666666666,1,7,1,0,0,0,1,1,1,0,0,0,1,alto
10,35000.0,280,0.9607142857142857,1,3,1,1,1,0,1,1,1,0,0,0,0,medio_alto
4,0.0,0,0.0,18,5,1,0,0,11,1,1,0,1,0,0,0,gratuito
5,10000.0,90,0.8666666666666667,3,1,1,0,1,0,0,0,1,0,0,0,0,baixo
1,10000.0,0,0.0,1,3,1,0,0,0,1,0,0,1,0,0,0,gratuito
3,10000.0,18,0.3333333333333333,2,3,1,0,0,0,0,0,1,1,0,0,1,baixo
1,10000.0,3,0.3333333333333333,1,3,1,0,0,0,0,0,1,0,0,1,1,medio_baixo
2,10000.0,35,0.6,1,5,1,0,0,0,1,1,1,1,0,1,0,medio_baixo
1,0.0,0,0.0,0,0,1,0,0,0,0,0,0,0,0,0,0,gratuito
2,10000.0,1,0.0,3,1,1,0,0,0,0,1,0,0,0,0,0,baixo
5,150000.0,608,0.84375,2,3,1,0,0,0,0,0,1,0,0,0,0,gratuito
6,10000.0,24,0.9583333333333334,1,1,1,0,0,0,0,0,0,0,1,0,0,alto
1,10000.0,0,0.0,1,3,1,0,0,0,0,0,0,0,1,1,0,alto
5,10000.0,0,0.0,1,5,1,1,1,0,1,0,0,1,0,1,1,gratuito
6,10000.0,3,1.0,1,4,1,0,0,0,1,1,0,1,0,0,0,medio_alto
4,10000.0,2,1.0,1,3,1,0,0,0,0,1,0,0,0,1,0,medio_baixo
8,10000.0,27,0.25925925925925924,6,4,1,0,1,1,1,1,1,1,0,0,0,baixo
2,10000.0,1,0.0,3,3,1,0,0,0,1,1,0,0,0,1,0,medio_baixo
9,75000.0,19,0.7368421052631579,1,2,1,0,0,0,1,0,0,0,0,1,0,baixo
2,10000.0,0,0.0,1,1,1,0,1,0,1,0,0,0,0,0,0,medio_alto
4,35000.0,2,1.0,1,2,1,0,0,0,1,1,0,0,0,0,0,baixo
5,10000.0,0,0.0,2,3,1,0,0,0,1,0,1,0,1,0,0,medio_alto
1,10000.0,0,0.0,1,4,1,1,0,0,1,0,0,0,1,1,0,alto
10,35000.0,146,0.8698630136986302,1,2,1,0,0,0,0,0,1,1,0,0,0,medio_alto
8,10000.0,4,0.5,1,2,1,0,0,0,0,1,1,0,0,0,0,baixo
5,10000.0,0,0.0,1,2,1,0,0,0,1,0,1,0,0,0,0,medio_alto
4,10000.0,10,0.5,1,4,1,0,0,0,0,0,1,1,0,0,1,alto
1,10000.0,0,0.0,12,4,1,0,0,2,1,0,1,1,0,0,1,medio_alto
1,10000.0,0,0.0,1,1,1,1,0,0,0,0,0,0,0,0,0,gratuito
2,0.0,0,0.0,1,4,1,0,0,1,1,0,0,1,0,1,0,gratuito
5,10000.0,1,1.0,1,3,1,0,0,0,1,1,0,1,0,0,0,medio_alto
1,0.0,0,0.0,5,1,1,0,0,0,0,0,0,0,0,1,0,baixo
4,10000.0,12,0.8333333333333334,1,5,1,0,0,0,1,1,1,0,1,0,0,alto
1,0.0,0,0.0,9,5,1,0,0,0,0,1,1,0,0,1,0,gratuito
1,10000.0,0,0.0,14,1,1,0,0,2,0,0,0,1,0,0,0,medio_baixo
6,10000.0,516,0.8062015503875969,1,2,1,0,0,6,0,0,0,0,0,1,1,alto
8,10000.0,22,0.9090909090909091,1,3,1,0,0,0,1,1,1,0,0,0,0,baixo
2,10000.0,17,0.7647058823529411,5,4,1,0,0,0,1,0,0,0,0,1,1,medio_baixo
1,0.0,0,0.0,0,0,1,0,0,0,0,0,0,0,0,0,0,gratuito
3,0.0,0,0.0,1,3,1,0,0,0,1,0,1,0,0,0,0,gratuito
1,10000.0,0,0.0,10,3,1,0,0,0,0,0,0,0,0,1,1,alto
1,0.0,0,0.0,1,2,1,0,0,1,1,1,0,0,0,0,0,medio_alto
10,10000.0,9,0.8888888888888888,1,3,1,0,0,0,0,1,1,1,0,0,0,baixo
4,350000.0,6,0.5,2,3,1,0,0,0,0,1,1,0,1,0,0,medio_baixo
3,10000.0,0,0.0,1,2,1,0,0,0,1,0,0,0,0,1,0,baixo
4,10000.0,32,0.71875,3,2,1,0,0,1,1,0,0,0,0,1,0,medio_baixo
1,10000.0,0,0.0,6,4,1,1,0,0,1,0,1,1,0,0,1,alto
17,10000.0,28,1.0,1,1,1,0,0,0,0,0,0,0,0,0,1,alto
2,10000.0,8,1.0,1,2,1,0,0,0,1,1,0,0,0,0,0,alto
7,10000.0,2,1.0,1,2,1,0,0,0,0,0,1,0,1,0,0,baixo
1,35000.0,380,0.8052631578947368,16,2,1,0,0,1,0,1,1,0,0,0,0,alto
3,0.0,0,0.0,0,0,1,0,0,0,0,0,0,0,0,0,0,gratuito
2,0.0,0,0.0,1,6,1,0,0,0,1,1,1,0,1,0,0,gratuito
7,10000.0,1,1.0,4,4,1,1,1,0,1,1,0,1,0,0,0,alto
5,10000.0,28,0.6785714285714286,3,1,1,0,0,1,0,0,1,0,0,0,0,alto
4,0.0,0,0.0,0,0,1,0,0,0,0,0,0,0,0,0,0,gratuito
3,10000.0,4,0.5,1,2,1,1,0,0,0,0,1,1,0,0,0,medio_alto
10,35000.0,314,0.8503184713375797,1,3,1,0,1,0,1,1,0,0,0,0,0,baixo
4,10000.0,3,1.0,1,2,1,1,0,0,1,0,0,1,0,0,0,medio_baixo
8,10000.0,7,0.8571428571428571,2,6,1,0,0,0,1,1,1,1,1,1,0,medio_baixo
3,10000.0,7,0.8571428571428571,1,1,1,0,0,0,0,1,0,0,0,0,0,gratuito
4,0.0,0,0.0,2,3,1,0,0,0,1,0,0,1,0,0,0,gratuito
6,10000.0,13,0.8461538461538461,5,2,1,0,0,4,1,1,0,0,0,0,0,baixo
8,35000.0,426,0.892018779342723,8,4,1,0,0,0,0,1,1,1,0,0,1,medio_baixo
5,10000.0,46,0.7391304347826086,1,3,1,0,0,0,1,0,0,1,0,1,0,baixo
5,150000.0,16,0.6875,2,5,1,0,0,0,1,1,1,1,0,0,1,baixo
8,75000.0,643,0.7153965785381027,11,1,1,0,0,3,0,1,0,0,0,0,0,alto
2,35000.0,671,0.8166915052160953,12,3,1,0,0,0,0,1,1,1,0,0,0,alto
11,10000.0,122,0.860655737704918,3,2,1,0,0,0,1,0,0,1,0,0,0,baixo
1,10000.0,0,0.0,1,5,1,0,0,0,1,0,0,1,0,1,1,alto
5,10000.0,115,0.7043478260869566,7,3,1,1,0,0,1,0,0,0,0,1,1,medio_alto
6,10000.0,19,0.8947368421052632,7,1,1,0,0,0,0,1,0,0,0,0,0,alto
1,0.0,0,0.0,28,2,1,1,1,0,1,0,0,0,0,0,1,baixo
5,10000.0,7,0.5714285714285714,1,4,1,0,0,0,1,0,1,1,0,1,0,medio_alto
1,10000.0,3,1.0,1,4,1,0,0,0,1,1,0,1,1,0,0,alto
10,10000.0,28,0.6428571428571429,1,5,1,0,0,0,1,0,0,1,0,1,1,alto
2,10000.0,4,0.75,27,1,1,1,1,0,1,0,0,0,0,0,0,medio_baixo
3,10000.0,139,0.9280575539568345,4,2,1,0,0,0,1,0,0,1,0,0,0,medio_baixo
1,0.0,0,0.0,0,0,1,0,0,0,0,0,0,0,0,0,0,gratuito
5,10000.0,7,0.2857142857142857,2,2,1,0,0,0,0,0,0,1,0,1,0,medio_baixo
9,10000.0,5,0.6,2,2,1,0,0,0,0,1,1,0,0,0,0,medio_alto
6,150000.0,2314,0.9503025064822818,8,2,1,1,0,2,1,0,1,0,0,0,0,medio_alto
9,10000.0,6,1.0,2,6,1,0,0,0,1,1,0,1,0,1,1,medio_alto
3,0.0,0,0.0,0,0,1,0,0,0,0,0,0,0,0,0,0,gratuito
1,0.0,0,0.0,1,5,1,0,0,0,1,0,0,1,0,1,0,gratuito
2,0.0,0,0.0,0,0,1,0,0,0,0,0,0,0,0,0,0,gratuito
7,10000.0,52,0.46153846153846156,2,3,1,0,0,0,1,1,1,0,0,0,0,baixo
7,10000.0,31,0.3548387096774194,1,3,1,0,0,0,1,1,0,0,0,0,0,alto
4,10000.0,52,0.9807692307692307,1,1,1,0,0,0,0,0,0,1,0,0,0,baixo
10,1500000.0,18937,0.8485504567777367,15,2,1,1,0,0,1,0,1,0,0,0,0,alto
6,10000.0,27,0.8518518518518519,6,3,1,1,0,0,1,1,1,0,0,0,0,alto
1,10000.0,1,1.0,1,3,1,0,0,0,0,0,0,1,1,0,1,baixo
1,10000.0,0,0.0,1,3,1,0,0,3,1,0,1,0,1,0,0,medio_alto
5,0.0,0,0.0,1,2,1,1,1,0,0,0,0,1,0,0,0,gratuito
7,10000.0,100,0.61,1,4,1,0,0,0,1,1,1,0,1,0,0,alto
6,10000.0,0,0.0,1,3,1,0,0,0,1,0,1,0,1,0,0,alto
1,10000.0,1,1.0,2,1,1,0,0,0,0,0,1,0,0,0,0,alto
16,150000.0,1792,0.8292410714285714,5,1,1,0,0,0,0,0,1,0,0,0,0,medio_alto
4,10000.0,7,1.0,13,5,1,0,0,0,0,0,0,1,0,0,0,medio_alto
10,10000.0,30,0.7666666666666667,1,3,1,0,0,0,1,1,0,1,0,0,0,medio_alto
1,10000.0,0,0.0,1,3,1,0,0,1,1,0,1,1,0,0,0,alto
8,10000.0,217,0.9815668202764977,1,2,1,0,0,0,1,1,0,0,0,0,0,baixo
1,10000.0,0,0.0,4,4,1,0,0,0,1,1,1,0,1,0,0,alto
1,10000.0,0,0.0,3,1,1,0,0,0,0,0,1,0,0,0,0,medio_alto
6,35000.0,2,1.0,1,2,1,0,0,0,1,1,0,0,0,0,0,baixo
10,350000.0,1810,0.9276243093922651,8,5,1,1,1,1,1,0,1,1,0,0,1,gratuito
2,75000.0,807,0.8277571251548946,14,4,1,1,1,0,1,0,0,1,0,0,1,alto
2,75000.0,48,0.9166666666666666,2,2,1,0,0,0,1,0,1,0,0,0,0,baixo
1,10000.0,0,0.0,10,2,1,0,0,0,1,0,0,1,0,0,0,medio_baixo
5,0.0,0,0.0,0,0,1,0,0,0,0,0,0,0,0,0,0,gratuito
1,10000.0,0,0.0,3,4,1,0,0,0,1,0,0,0,1,1,0,alto
2,10000.0,13,0.23076923076923078,4,2,1,0,0,0,1,1,0,0,0,0,0,medio_alto
2,0.0,0,0.0,103,3,1,0,0,0,1,0,0,1,0,0,0,gratuito
1,0.0,0,0.0,1,2,1,0,0,0,1,0,0,1,0,0,0,baixo
1,10000.0,13,0.6923076923076923,15,4,1,0,0,0,1,0,1,1,0,0,1,alto
2,10000.0,5,0.8,5,3,1,0,0,0,1,1,1,0,0,0,0,medio_baixo
11,35000.0,23,0.8695652173913043,1,1,1,0,0,0,0,0,0,0,1,0,0,alto
1,10000.0,32,1.0,2,2,1,1,0,0,1,0,1,0,0,0,0,alto
3,10000.0,0,0.0,2,1,1,0,0,0,0,0,0,1,0,0,0,medio_baixo
11,10000.0,37,0.5945945945945946,1,3,1,0,0,0,1,0,1,1,0,0,0,medio_baixo
7,10000.0,10,0.2,3,7,1,0,0,0,1,1,1,1,1,1,0,baixo
5,10000.0,23,0.5652173913043478,2,4,1,0,0,0,1,0,1,1,0,0,1,baixo
3,10000.0,0,0.0,1,1,1,0,0,0,0,1,0,0,0,0,0,alto
4,10000.0,6,0.5,1,1,1,0,0,0,1,0,0,0,0,0,0,baixo
2,10000.0,1,0.0,1,1,1,0,0,0,0,0,0,0,0,0,1,medio_alto
2,0.0,0,0.0,0,0,1,0,0,0,0,0,0,0,0,0,0,gratuito
2,10000.0,0,0.0,1,4,1,1,0,0,1,1,1,0,0,0,0,alto
2,0.0,0,0.0,103,2,1,0,0,0,1,0,0,1,0,0,0,medio_baixo
4,10000.0,216,0.75,3,1,1,0,0,0,1,0,0,0,0,0,0,medio_alto
4,0.0,0,0.0,0,0,1,0,0,0,0,0,0,0,0,0,0,gratuito
1,10000.0,33,0.9393939393939394,7,4,1,0,0,1,1,0,0,1,0,1,1,alto
2,10000.0,7,1.0,8,6,1,0,0,1,1,1,1,1,1,1,0,baixo
4,10000.0,50,0.96,2,2,1,0,1,0,1,0,0,1,0,0,0,medio_baixo
4,150000.0,2,1.0,1,4,1,0,0,0,0,1,1,0,1,0,0,alto
6,10000.0,1,0.0,1,3,1,1,1,0,1,0,0,0,0,0,0,gratuito
1,0.0,0,0.0,1,4,1,0,0,0,1,1,1,0,0,0,1,baixo
6,75000.0,540,0.7277777777777777,7,3,1,1,0,0,1,0,0,1,0,0,1,baixo
2,10000.0,3,1.0,1,2,1,0,0,0,1,1,0,0,0,0,0,medio_baixo
7,10000.0,16,0.5625,1,3,1,0,0,0,1,1,1,0,0,0,0,baixo
5,3500000.0,137677,0.8240083674106786,11,5,1,0,0,33,1,1,0,0,0,1,1,alto
6,10000.0,2,1.0,1,4,1,0,0,0,1,1,0,1,0,0,0,baixo
1,10000.0,23,0.9130434782608695,3,2,1,0,0,0,1,0,0,0,0,1,0,alto
1,0.0,0,0.0,2,3,1,0,0,1,0,0,1,1,0,0,0,gratuito
2,0.0,0,0.0,103,2,1,0,0,0,1,1,0,0,0,0,0,baixo
2,35000.0,2,0.0,2,5,1,0,0,0,1,0,1,1,1,0,1,medio_alto
1,10000.0,8,0.875,9,3,1,0,0,0,1,0,0,1,0,0,1,alto
2,0.0,0,0.0,1,5,1,0,0,0,1,1,0,0,0,0,0,gratuito
2,0.0,0,0.0,103,2,1,0,0,0,0,0,0,1,0,0,1,baixo
1,10000.0,0,0.0,27,2,1,1,1,0,1,0,0,0,0,0,1,baixo
2,10000.0,7,0.7142857142857143,1,3,1,0,0,0,1,1,0,0,0,0,0,gratuito
10,10000.0,3,0.6666666666666666,1,1,1,0,0,0,1,0,0,0,0,0,0,alto
6,10000.0,18,0.8888888888888888,2,2,1,1,0,0,1,1,0,0,0,0,0,medio_alto
3,10000.0,54,0.7777777777777778,2,2,1,0,0,0,0,0,0,0,0,1,1,alto
1,0.0,0,0.0,1,5,1,0,0,0,1,0,1,0,1,0,1,gratuito
6,10000.0,103,0.6116504854368932,10,2,1,0,0,0,1,0,1,0,0,0,0,alto
1,0.0,0,0.0,1,3,1,0,0,0,0,0,0,0,1,0,0,gratuito
6,10000.0,1,1.0,1,2,1,0,0,0,1,1,0,0,0,0,0,alto
6,10000.0,3,0.6666666666666666,1,3,1,0,0,0,0,1,0,0,0,0,1,alto
2,0.0,0,0.0,1,2,1,0,0,0,0,0,1,0,0,0,0,gratuito
1,10000.0,0,0.0,1,5,1,0,0,0,1,1,1,1,1,0,0,medio_alto
3,10000.0,2,0.5,1,4,1,1,0,0,1,1,0,1,0,0,0,medio_alto
4,10000.0,9,0.8888888888888888,1,3,1,1,1,0,1,0,1,0,1,0,0,medio_baixo
2,10000.0,7,1.0,1,3,1,0,0,0,1,0,1,1,0,0,0,baixo
5,10000.0,7,0.8571428571428571,1,3,1,0,0,0,1,0,1,1,0,0,0,baixo
3,10000.0,5,0.4,1,2,1,0,0,0,0,0,0,1,0,0,0,alto
2,10000.0,3,0.6666666666666666,2,3,1,1,0,0,1,1,1,0,0,0,0,medio_alto
10,35000.0,88,0.5795454545454546,2,5,1,0,0,0,1,1,1,0,0,1,1,baixo
2,10000.0,0,0.0,4,2,1,0,0,0,0,0,0,1,1,0,0,medio_alto
5,10000.0,2,0.5,5,2,1,0,0,0,1,0,0,1,0,0,0,medio_baixo
1,10000.0,0,0.0,1,3,1,0,0,0,1,1,0,0,1,0,0,baixo
8,10000.0,9,0.8888888888888888,1,3,1,0,0,1,1,0,0,0,0,1,0,baixo
1,0.0,0,0.0,1,3,1,0,0,1,0,0,0,1,0,0,0,gratuito
8,35000.0,204,0.6715686274509803,1,3,1,0,0,0,1,0,0,0,0,0,1,baixo
2,0.0,0,0.0,0,0,1,0,0,0,0,0,0,0,0,0,0,gratuito
2,10000.0,1,1.0,8,3,1,0,0,0,0,1,1,1,0,0,0,medio_baixo
1,0.0,0,0.0,2,5,1,0,0,1,1,0,1,1,1,0,0,gratuito
2,0.0,0,0.0,0,0,1,0,0,0,0,0,0,0,0,0,0,gratuito
1,0.0,0,0.0,1,2,1,0,0,0,0,0,0,0,0,1,0,gratuito
2,350000.0,4271,0.789744790447202,10,1,1,0,0,6,0,0,0,0,0,0,1,alto
1,10000.0,0,0.0,24,3,1,0,0,0,1,1,0,1,0,0,0,baixo
3,10000.0,33,1.0,1,3,1,1,0,0,0,0,1,1,1,0,0,alto
1,10000.0,23,1.0,12,4,1,0,0,0,1,1,1,0,0,0,1,medio_baixo
7,75000.0,31,0.7741935483870968,8,3,1,0,0,0,1,1,0,0,1,0,0,baixo
13,75000.0,2836,0.9340620592383639,6,3,1,1,1,1,1,0,1,1,0,0,0,alto
1,0.0,0,0.0,1,3,1,0,0,0,1,0,0,1,0,0,0,gratuito
4,10000.0,4,0.5,1,1,1,0,0,0,0,0,1,0,0,0,0,medio_alto
1,10000.0,0,0.0,1,3,1,0,0,0,1,1,0,1,0,0,0,medio_alto
2,0.0,0,0.0,0,0,1,0,0,0,0,0,0,0,0,0,0,gratuito
3,10000.0,0,0.0,29,1,1,0,0,1,0,0,0,1,0,0,0,alto
2,0.0,0,0.0,0,0,1,0,0,0,0,0,0,0,0,0,0,gratuito
5,10000.0,39,1.0,4,1,1,1,1,0,1,0,0,0,0,0,0,medio_baixo
5,10000.0,5,1.0,5,3,1,1,1,0,1,0,0,1,0,0,1,medio_baixo
5,35000.0,17,1.0,1,1,1,1,1,1,0,0,0,1,0,0,0,medio_alto
6,10000.0,3,0.0,1,1,1,0,0,0,1,0,0,0,0,0,0,baixo
1,35000.0,2,1.0,1,2,1,0,0,0,1,0,0,1,0,0,0,medio_alto
8,10000.0,38,0.5789473684210527,1,2,1,0,0,0,0,0,1,1,0,0,0,baixo
9,10000.0,41,0.6341463414634146,4,1,1,1,1,0,0,0,0,0,0,1,0,alto
1,10000.0,0,0.0,1,3,1,0,0,0,1,0,0,1,0,0,0,medio_alto
9,35000.0,150,0.2866666666666667,1,4,1,0,0,0,1,0,1,1,0,0,1,baixo
4,10000.0,31,0.967741935483871,5,4,1,0,0,0,1,0,0,1,0,1,1,medio_alto
5,10000.0,0,0.0,1,4,1,0,0,1,1,0,1,1,0,0,1,medio_alto
7,10000.0,18,0.05555555555555555,1,3,1,0,0,0,1,1,1,0,0,0,0,medio_baixo
3,0.0,0,0.0,0,0,1,0,0,0,0,0,0,0,0,0,0,gratuito
1,10000.0,2,0.0,2,3,1,0,0,0,0,1,1,0,0,0,0,alto
11,350000.0,721,0.7364771151178918,1,3,1,0,0,0,1,0,0,0,1,0,1,baixo
5,35000.0,55,0.8,2,4,1,0,0,0,1,0,0,1,0,1,0,medio_alto
8,10000.0,2,0.5,1,5,1,1,0,0,1,1,0,1,0,0,1,baixo
4,0.0,0,0.0,0,0,1,0,0,0,0,0,0,0,0,0,0,gratuito
5,10000.0,0,0.0,1,2,1,0,0,0,1,0,0,0,1,0,0,medio_baixo
8,150000.0,360,0.7111111111111111,8,2,1,1,1,0,1,0,0,0,1,0,0,gratuito
1,10000.0,3,1.0,1,1,1,0,0,0,1,0,0,0,0,0,0,medio_baixo
10,10000.0,17,0.8235294117647058,1,2,1,0,0,0,1,0,0,1,0,0,0,alto
4,10000.0,0,0.0,2,5,1,0,0,0,1,1,1,1,0,0,0,medio_alto
6,10000.0,3,1.0,1,3,1,0,0,0,1,0,1,0,1,0,0,medio_baixo
1,0.0,0,0.0,2,2,1,0,0,1,1,0,0,1,0,0,0,medio_baixo
11,35000.0,41,0.6341463414634146,1,5,1,0,0,0,1,0,1,1,1,1,0,baixo
1,10000.0,0,0.0,1,2,1,0,0,2,0,0,0,0,1,0,1,alto
2,10000.0,1,0.0,1,2,1,0,0,0,0,0,0,1,1,0,0,alto
1,0.0,0,0.0,1,2,1,1,0,0,1,0,0,1,0,0,0,baixo
6,10000.0,0,0.0,1,2,1,0,0,2,1,0,0,1,0,0,0,baixo
2,10000.0,101,0.7029702970297029,12,3,1,0,0,2,0,0,1,1,0,0,1,baixo
2,10000.0,20,1.0,2,4,1,0,0,0,1,0,1,0,1,1,0,baixo
5,10000.0,0,0.0,1,4,1,0,0,0,0,1,1,1,0,1,0,alto
5,150000.0,573,0.9406631762652705,1,3,1,0,0,0,1,0,1,1,0,0,0,baixo
8,10000.0,48,0.7708333333333334,1,3,1,0,0,0,1,1,0,0,0,0,0,gratuito
1,10000.0,0,0.0,2,4,1,0,0,0,1,0,1,1,0,0,0,gratuito
2,10000.0,6,0.16666666666666666,28,4,1,1,1,0,1,1,0,0,0,0,0,medio_baixo
2,10000.0,20,0.85,3,6,1,0,0,0,1,1,1,1,1,0,0,medio_alto
1,10000.0,0,0.0,2,4,1,0,0,0,1,0,0,1,0,0,1,baixo
14,3500000.0,56414,0.9344666217605558,10,1,1,0,1,3,0,0,0,0,0,1,0,medio_alto
1,10000.0,1,1.0,1,2,1,0,0,0,0,0,0,1,0,0,0,alto
3,10000.0,54,0.7592592592592593,6,4,1,1,0,0,1,1,1,1,0,0,0,medio_baixo
1,10000.0,0,0.0,20,2,1,0,0,0,1,0,0,1,0,0,0,baixo
1,10000.0,0,0.0,1,2,1,0,1,0,1,0,0,0,0,0,1,medio_alto
1,10000.0,0,0.0,2,2,1,0,0,0,1,0,1,0,0,0,0,medio_baixo
2,0.0,0,0.0,1,5,1,0,0,0,1,0,1,1,0,0,1,gratuito
10,10000.0,143,0.7762237762237763,1,3,1,1,1,0,1,1,0,1,0,0,0,baixo
6,150000.0,69,0.7391304347826086,5,4,1,0,0,0,1,0,1,0,1,0,1,alto
8,350000.0,605,0.8446280991735537,1,2,1,1,1,0,1,0,0,0,0,1,0,medio_alto
3,35000.0,550,0.9472727272727273,1,4,1,0,0,1,1,0,0,1,1,0,1,alto
6,150000.0,3,1.0,1,6,1,0,0,1,1,1,0,1,0,0,1,medio_baixo
8,35000.0,387,0.6356589147286822,1,8,1,0,0,0,1,1,1,1,1,1,1,gratuito
5,10000.0,28,1.0,1,3,1,1,1,0,1,1,1,0,0,0,0,gratuito
7,35000.0,235,0.5617021276595745,1,4,1,0,0,0,1,1,1,0,1,0,0,medio_baixo
1,10000.0,0,0.0,1,1,1,0,0,0,1,0,0,0,0,0,0,baixo
3,10000.0,1,1.0,1,3,1,0,0,2,1,1,0,0,0,1,0,medio_alto
5,350000.0,3420,0.9774853801169591,11,3,1,1,0,2,1,0,1,0,1,0,0,alto
6,10000.0,4,0.75,1,1,1,0,0,0,0,0,0,0,1,0,0,alto
6,10000.0,1,1.0,1,3,1,0,1,0,1,1,0,1,0,0,0,medio_baixo
6,10000.0,30,0.8,103,4,1,0,0,0,1,0,1,1,0,0,1,baixo
11,10000.0,73,0.726027397260274,1,4,1,0,0,0,1,1,0,1,0,0,0,alto
4,10000.0,1,0.0,1,2,1,0,0,0,0,1,1,0,0,0,0,alto
4,10000.0,1,0.0,1,3,1,0,0,0,1,1,0,0,0,0,0,alto
8,10000.0,10,0.7,1,1,1,0,0,1,0,0,0,0,0,0,1,medio_baixo
7,10000.0,327,0.6850152905198776,3,1,1,0,0,38,0,0,0,0,1,0,0,alto
2,10000.0,11,0.6363636363636364,10,3,1,0,0,0,1,0,0,0,0,0,1,baixo
10,35000.0,608,0.8026315789473685,10,3,1,0,0,0,1,1,1,0,0,0,0,alto
2,0.0,0,0.0,0,0,1,0,0,0,0,0,0,0,0,0,0,gratuito
14,350000.0,1992,0.7399598393574297,8,2,1,0,0,0,0,1,0,0,1,0,0,baixo
9,10000.0,48,0.4375,8,3,1,0,0,0,1,0,0,0,0,0,0,baixo
8,10000.0,9,1.0,1,2,1,0,0,0,1,0,0,1,0,0,0,baixo
4,35000.0,3,1.0,2,5,1,0,0,0,1,0,0,1,1,1,1,baixo
4,10000.0,0,0.0,3,1,1,0,0,1,0,0,0,0,1,0,0,medio_alto
9,350000.0,1333,0.7216804201050263,1,5,1,0,0,0,1,1,0,0,0,1,0,gratuito
10,10000.0,48,0.6041666666666666,1,4,1,0,1,1,1,0,0,1,0,0,1,medio_alto
3,0.0,0,0.0,0,0,1,0,0,0,0,0,0,0,0,0,0,gratuito
9,10000.0,7,1.0,2,1,1,0,0,0,1,0,0,0,0,0,0,baixo
9,10000.0,25,0.8,1,3,1,0,0,0,1,1,0,1,0,0,0,baixo
9,10000.0,12,0.5833333333333334,1,3,1,1,1,0,1,0,1,0,1,0,0,medio_baixo
3,10000.0,3,1.0,1,5,1,0,0,0,1,1,1,0,0,0,0,alto
4,10000.0,15,0.8,1,3,1,0,0,0,1,0,0,1,0,0,0,medio_alto
10,10000.0,25,0.2,1,2,1,1,0,0,1,1,0,0,0,0,0,baixo
18,75000.0,189,0.8412698412698413,1,2,1,0,0,0,0,0,1,0,1,0,0,alto
4,35000.0,347,0.9423631123919308,1,5,1,0,0,0,1,0,1,0,1,1,1,medio_alto
5,10000.0,0,0.0,1,2,1,1,1,0,0,1,1,0,0,0,0,alto
7,10000.0,0,0.0,1,1,1,0,0,0,0,0,0,0,0,0,0,medio_alto
1,10000.0,0,0.0,1,2,1,1,0,0,0,0,1,1,0,0,0,medio_baixo
2,10000.0,0,0.0,1,1,1,0,0,0,0,0,0,1,0,0,0,medio_alto
4,10000.0,0,0.0,1,4,1,0,1,0,1,0,1,0,0,1,0,gratuito
1,10000.0,0,0.0,3,4,1,0,0,0,1,0,0,1,0,1,1,alto
3,10000.0,47,0.5319148936170213,2,4,1,0,0,0,1,0,0,0,0,1,1,medio_alto
7,10000.0,4,0.5,1,3,1,0,0,0,1,1,0,1,0,0,0,medio_baixo
2,10000.0,7,1.0,17,6,1,0,0,0,1,1,1,1,1,0,0,medio_alto
1,10000.0,0,0.0,1,1,1,0,0,0,0,1,0,0,0,0,0,medio_alto
6,75000.0,1015,0.9399014778325123,12,4,1,0,0,1,1,1,1,0,0,0,1,medio_baixo
2,10000.0,2,1.0,2,3,1,0,0,0,1,0,0,1,0,1,0,baixo
18,350000.0,3484,0.7835820895522388,5,2,1,0,0,0,0,1,1,0,0,0,0,medio_baixo
7,10000.0,1,1.0,1,2,1,0,0,0,1,0,0,1,0,0,0,baixo
9,75000.0,296,0.5202702702702703,1,4,1,0,0,2,1,1,1,0,0,0,1,baixo
6,10000.0,38,0.8947368421052632,1,2,1,0,0,0,1,1,0,0,0,0,0,medio_baixo
3,35000.0,2,1.0,1,5,1,0,0,0,1,0,1,1,1,1,0,medio_alto
5,150000.0,12,0.75,5,4,1,0,0,0,1,1,0,1,0,0,0,medio_baixo
2,35000.0,13,0.9230769230769231,16,5,1,0,0,0,1,1,1,1,1,0,0,medio_alto
7,10000.0,12,0.4166666666666667,1,3,1,0,0,0,1,1,0,1,0,0,0,baixo
1,10000.0,0,0.0,15,1,1,0,0,0,0,0,0,0,0,0,1,medio_alto
6,750000.0,11230,0.46527159394479073,10,3,1,0,0,0,0,1,1,0,1,0,0,medio_alto
2,10000.0,0,0.0,1,1,1,0,0,1,0,0,0,0,0,0,1,alto
3,0.0,0,0.0,0,0,1,0,0,0,0,0,0,0,0,0,0,gratuito
1,10000.0,0,0.0,2,6,1,0,0,0,1,1,1,1,1,0,1,baixo
1,0.0,0,0.0,103,4,1,0,0,0,1,1,1,1,0,0,0,medio_alto
1,10000.0,44,0.9772727272727273,4,4,1,1,1,0,1,1,0,1,1,0,0,medio_alto
3,10000.0,1,1.0,1,4,1,0,0,0,1,1,1,1,0,0,0,medio_baixo
12,75000.0,298,0.674496644295302,3,4,1,1,1,0,1,1,0,0,0,1,1,alto
4,0.0,0,0.0,1,2,1,0,0,0,1,1,0,0,0,0,0,gratuito
8,10000.0,16,1.0,1,2,1,0,0,0,0,0,1,1,0,0,0,medio_baixo
8,10000.0,28,0.5714285714285714,1,5,1,0,0,0,1,1,1,0,1,0,0,alto
10,10000.0,306,0.9084967320261438,1,3,1,0,0,0,1,0,0,0,0,0,1,medio_alto
5,10000.0,15,0.9333333333333333,1,3,1,1,1,0,0,0,1,1,0,0,1,medio_alto
9,10000.0,58,0.8448275862068966,1,3,1,0,0,0,1,1,0,1,0,0,0,gratuito
5,10000.0,19,0.42105263157894735,1,3,1,0,0,0,1,1,0,1,0,0,0,baixo
13,75000.0,229,0.6855895196506551,1,2,1,1,1,0,1,0,0,0,0,1,0,alto
5,10000.0,6,0.8333333333333334,1,9,1,0,0,0,1,1,1,1,1,0,0,alto
4,10000.0,5,0.8,1,4,1,0,0,0,1,1,0,1,0,0,0,alto
4,10000.0,23,0.9565217391304348,1,3,1,0,0,0,1,0,0,0,1,1,0,medio_alto
4,35000.0,92,0.9565217391304348,1,3,1,1,1,1,1,1,1,0,0,0,0,medio_baixo
1,10000.0,0,0.0,3,2,1,1,0,0,0,0,1,1,0,0,0,alto
9,10000.0,95,0.8947368421052632,1,3,1,0,0,0,0,0,0,0,0,0,0,baixo
1,10000.0,1,1.0,1,2,1,0,0,0,1,0,1,0,0,0,0,medio_alto
6,10000.0,14,1.0,1,3,1,0,0,1,1,1,0,0,1,0,0,alto
8,35000.0,243,0.551440329218107,8,2,1,0,0,0,0,0,0,0,0,1,1,gratuito
4,10000.0,2,0.5,1,4,1,0,0,0,1,0,1,1,0,0,0,medio_alto
3,35000.0,8,0.5,1,4,1,0,0,0,1,1,1,0,0,0,0,baixo
2,35000.0,1,1.0,3,6,1,0,0,0,1,1,1,1,1,1,0,alto
4,35000.0,45,0.8888888888888888,2,4,1,0,0,0,1,1,1,0,0,1,0,medio_alto
3,35000.0,313,0.9105431309904153,8,4,1,0,0,0,1,0,0,1,0,1,1,medio_alto
9,10000.0,6,0.5,1,3,1,1,0,0,1,1,0,1,0,0,0,medio_baixo
2,10000.0,51,0.6666666666666666,6,5,1,0,0,0,1,0,0,1,1,0,0,gratuito
1,10000.0,0,0.0,8,3,1,0,0,0,1,0,0,1,0,1,0,baixo
7,10000.0,4,0.75,1,4,1,0,0,0,1,0,0,1,0,1,0,baixo
2,0.0,0,0.0,0,0,1,0,0,0,0,0,0,0,0,0,0,gratuito
2,0.0,0,0.0,0,0,1,0,0,0,0,0,0,0,0,0,0,gratuito
6,10000.0,2,0.5,5,3,1,0,0,0,1,1,1,0,0,0,0,medio_baixo
4,0.0,0,0.0,29,4,1,0,0,0,1,0,1,1,0,0,0,gratuito
3,35000.0,11,0.5454545454545454,1,3,1,0,0,0,1,0,1,0,0,0,1,baixo
5,10000.0,0,0.0,1,6,1,0,0,0,1,1,1,1,1,0,1,baixo
4,0.0,0,0.0,103,4,1,0,0,0,1,1,1,0,0,0,0,baixo
4,1500000.0,6753,0.8917518140085888,12,1,1,0,0,0,0,1,0,0,0,0,0,alto
3,10000.0,0,0.0,1,5,1,0,0,0,1,1,1,1,1,0,0,medio_alto
6,10000.0,0,0.0,1,3,1,0,0,0,1,0,0,1,0,1,0,baixo
2,150000.0,11,1.0,1,3,1,0,1,0,0,1,1,0,1,0,0,medio_baixo
1,0.0,0,0.0,1,5,1,0,0,0,1,1,0,1,1,0,0,gratuito
6,75000.0,865,0.7086705202312139,1,5,1,0,0,0,1,1,1,0,0,0,1,baixo
5,10000.0,171,0.9532163742690059,3,2,1,0,0,1,1,1,0,0,0,0,0,medio_alto
9,150000.0,4690,0.7955223880597015,3,3,1,1,0,0,1,0,1,0,0,0,1,medio_alto
1,0.0,0,0.0,2,3,1,0,0,0,1,0,1,0,0,0,0,medio_alto
4,75000.0,12,0.9166666666666666,1,2,1,1,0,0,0,0,1,0,1,0,0,alto
1,0.0,0,0.0,1,3,1,0,0,0,0,1,1,1,0,0,0,medio_baixo
2,10000.0,0,0.0,1,5,1,0,0,0,1,1,1,0,1,0,1,medio_alto
6,10000.0,12,1.0,1,1,1,0,0,1,1,0,0,0,0,0,0,medio_alto
1,10000.0,0,0.0,1,2,1,0,0,0,0,0,0,1,0,0,1,medio_alto
8,10000.0,5,0.4,1,3,1,0,0,0,1,0,0,1,0,0,0,gratuito
9,10000.0,32,0.40625,1,2,1,1,1,0,0,1,1,0,0,0,0,medio_baixo
2,10000.0,238,0.8949579831932774,13,2,1,0,0,0,0,1,1,0,0,0,0,medio_baixo
2,10000.0,34,0.8823529411764706,1,4,1,0,0,1,1,1,0,0,0,1,1,alto
13,350000.0,2379,0.7389659520807061,5,3,1,0,0,0,0,1,0,0,1,1,0,medio_alto
3,10000.0,1,0.0,1,2,1,0,0,0,1,1,0,0,0,0,0,medio_alto
1,10000.0,0,0.0,2,4,1,0,0,0,1,0,0,0,1,1,0,alto
2,0.0,0,0.0,0,0,1,0,0,0,0,0,0,0,0,0,0,gratuito
12,150000.0,606,0.6782178217821783,1,3,1,0,0,0,1,1,0,0,1,0,0,medio_alto
2,10000.0,0,0.0,3,1,1,0,0,0,0,0,1,0,0,0,0,baixo
8,10000.0,2,1.0,5,2,1,1,1,0,1,0,0,1,0,0,0,medio_alto
1,10000.0,0,0.0,1,3,1,0,0,0,0,0,0,0,1,1,1,medio_alto
2,10000.0,0,0.0,1,2,1,0,0,0,0,0,0,1,0,0,0,alto
1,0.0,0,0.0,29,3,1,1,1,0,0,0,0,1,1,0,1,medio_alto
2,10000.0,21,0.8095238095238095,1,1,1,1,1,0,1,0,0,0,0,0,0,medio_alto
5,10000.0,1,1.0,1,2,1,1,0,0,1,0,0,0,0,0,0,medio_alto
7,10000.0,3,0.6666666666666666,1,2,1,0,0,0,1,1,0,0,0,0,0,baixo
4,10000.0,19,0.10526315789473684,13,2,1,0,0,0,0,0,0,1,0,1,0,medio_baixo
9,10000.0,209,0.8038277511961722,2,2,1,0,1,0,1,1,0,0,0,0,0,baixo
1,10000.0,0,0.0,2,2,1,0,1,0,0,0,0,1,0,0,1,baixo
5,0.0,0,0.0,0,0,1,0,0,0,0,0,0,0,0,0,0,gratuito
4,10000.0,4,1.0,1,3,1,0,0,0,0,0,1,1,0,0,0,gratuito
1,10000.0,0,0.0,11,3,1,1,0,1,1,1,1,0,0,0,0,alto
5,10000.0,8,0.75,4,1,1,0,0,0,0,0,0,0,0,1,0,medio_baixo
8,10000.0,5,1.0,1,2,1,0,0,0,1,0,0,1,0,0,0,baixo
4,0.0,0,0.0,0,0,1,0,0,0,0,0,0,0,0,0,0,gratuito
1,10000.0,0,0.0,30,2,1,1,1,0,1,0,0,1,0,0,0,baixo
3,75000.0,53,0.9433962264150944,1,3,1,0,0,0,1,0,0,1,1,0,0,baixo
2,35000.0,995,0.8613065326633166,9,3,1,0,0,1,1,0,1,0,1,0,0,alto
1,0.0,0,0.0,0,0,1,0,0,0,0,0,0,0,0,0,0,gratuito
4,10000.0,24,0.20833333333333334,10,3,1,0,0,0,0,0,0,1,0,0,1,baixo
5,35000.0,5,0.2,2,4,1,0,0,0,1,1,1,0,0,0,0,alto
3,10000.0,41,0.8780487804878049,8,4,1,0,0,0,1,0,0,0,0,1,1,gratuito
8,10000.0,6,0.3333333333333333,1,2,1,1,0,0,1,0,1,0,0,0,0,medio_alto
10,35000.0,136,0.7720588235294118,1,3,1,0,0,0,1,0,1,0,1,0,0,baixo
7,10000.0,0,0.0,1,2,1,0,0,0,1,1,0,0,0,0,0,medio_baixo
3,10000.0,4,0.75,1,4,1,0,0,0,1,1,1,0,0,0,0,medio_alto
7,10000.0,7,0.8571428571428571,1,4,1,0,0,0,1,1,1,0,1,0,0,medio_alto
2,0.0,0,0.0,1,2,1,0,0,0,0,0,0,0,1,0,0,gratuito
8,10000.0,15,0.7333333333333333,2,3,1,0,0,0,1,1,1,0,0,0,0,medio_baixo
5,10000.0,18,0.7222222222222222,2,2,1,0,0,0,1,0,1,0,0,0,0,baixo
7,10000.0,0,0.0,1,5,1,0,0,0,1,1,0,1,1,0,1,baixo
1,10000.0,0,0.0,1,2,1,0,0,0,1,0,0,1,0,0,0,baixo
16,75000.0,273,0.7032967032967034,1,1,1,0,0,0,0,0,1,0,0,0,0,alto
3,10000.0,2,0.0,1,2,1,0,0,0,1,0,0,0,0,0,1,medio_baixo
1,10000.0,0,0.0,1,2,1,0,0,0,1,1,0,0,0,0,0,alto
3,10000.0,0,0.0,1,3,1,1,1,0,1,0,1,1,0,0,0,baixo
10,10000.0,16,0.75,1,3,1,0,0,0,1,0,0,1,0,0,1,medio_baixo
5,0.0,0,0.0,1,4,1,0,0,1,1,0,0,1,1,0,0,gratuito
5,10000.0,100,0.63,1,3,1,0,0,0,1,1,0,0,0,0,0,alto
2,10000.0,80,0.9125,11,3,1,0,0,0,0,1,1,0,0,0,1,medio_alto
6,10000.0,5,1.0,2,2,1,1,0,0,1,0,1,0,0,0,0,baixo
1,10000.0,3,1.0,2,2,1,0,0,0,1,0,1,0,0,0,0,medio_alto
1,10000.0,0,0.0,5,4,1,0,0,0,0,0,0,1,1,1,0,gratuito
9,75000.0,204,0.8872549019607843,3,2,1,1,1,0,1,0,0,1,0,0,0,baixo
10,10000.0,67,0.9253731343283582,1,2,1,0,0,0,1,0,0,1,0,0,0,gratuito
1,10000.0,7,0.7142857142857143,9,2,1,0,0,0,1,0,1,0,0,0,0,medio_baixo
1,10000.0,8,0.875,1,3,1,0,0,0,1,1,0,1,0,0,0,medio_baixo
10,10000.0,18,0.5555555555555556,1,3,1,0,0,0,0,1,1,0,0,0,0,medio_baixo
8,35000.0,93,0.6236559139784946,1,2,1,0,0,0,1,0,1,0,0,0,0,gratuito
1,10000.0,0,0.0,1,3,1,0,0,0,1,0,0,1,0,0,1,baixo
2,10000.0,105,0.8761904761904762,2,2,1,0,0,0,1,0,0,1,0,0,0,medio_baixo
3,10000.0,219,0.8767123287671232,4,1,1,0,0,0,0,0,0,0,1,0,0,alto
9,10000.0,103,0.8543689320388349,1,4,1,0,0,0,1,1,1,0,0,0,0,gratuito
3,75000.0,3,1.0,1,4,1,0,0,0,1,0,1,1,0,0,0,medio_alto
8,10000.0,106,0.7641509433962265,1,4,1,1,0,0,1,0,1,1,1,0,0,medio_baixo
5,7500000.0,152433,0.9154054568236537,1,5,1,1,1,0,1,1,0,1,0,0,0,gratuito
2,10000.0,0,0.0,1,3,1,0,0,0,1,0,0,1,0,0,0,gratuito
4,75000.0,284,0.7359154929577465,10,4,1,0,0,0,1,1,0,1,1,0,0,medio_baixo
8,10000.0,55,0.7818181818181819,10,3,1,1,1,0,1,0,1,1,0,0,0,alto
5,10000.0,53,0.8490566037735849,4,2,1,0,0,0,1,0,1,0,0,0,0,medio_baixo
10,75000.0,134,0.4626865671641791,1,2,1,0,0,0,1,0,0,1,0,0,0,baixo
6,75000.0,13,0.8461538461538461,1,3,1,0,0,0,1,0,0,0,1,1,0,gratuito
10,10000.0,70,0.8714285714285714,1,2,1,1,1,1,1,1,0,0,0,0,0,gratuito
2,10000.0,9,0.5555555555555556,5,1,1,0,0,0,1,0,0,0,0,0,0,medio_alto
2,75000.0,1107,0.7028003613369467,2,4,1,0,0,0,1,0,0,1,1,0,1,medio_alto
1,0.0,0,0.0,0,0,1,0,0,0,0,0,0,0,0,0,0,gratuito
1,0.0,0,0.0,0,0,1,0,0,0,0,0,0,0,0,0,0,gratuito
1,0.0,0,0.0,0,0,1,0,0,0,0,0,0,0,0,0,0,gratuito
5,35000.0,1,0.0,1,1,1,0,0,0,0,1,0,0,0,0,0,medio_alto
1,0.0,0,0.0,0,0,1,0,0,0,0,0,0,0,0,0,0,gratuito
9,10000.0,30,0.7,1,3,1,0,0,0,1,0,0,1,0,0,0,medio_baixo
1,10000.0,11,1.0,1,4,1,1,0,0,1,0,1,1,0,0,1,medio_baixo
8,10000.0,5,0.8,1,3,1,1,1,0,1,1,0,1,0,0,0,baixo
8,10000.0,20,0.5,3,2,1,1,0,0,1,0,0,1,0,0,0,alto
6,10000.0,1,1.0,1,1,1,0,1,0,0,0,0,0,0,1,0,medio_baixo
2,10000.0,2,0.5,1,3,1,0,0,0,1,0,0,1,0,0,0,baixo
1,0.0,0,0.0,1,3,1,0,0,3,0,1,1,1,0,0,0,medio_alto
1,10000.0,0,0.0,3,3,1,1,1,1,1,0,1,1,0,0,0,medio_alto
7,10000.0,8,0.625,10,1,1,0,0,0,1,0,0,0,0,0,0,medio_baixo
6,10000.0,53,0.8679245283018868,1,4,1,0,0,0,1,1,0,1,0,0,0,alto
5,10000.0,0,0.0,2,5,1,0,0,0,1,0,1,1,1,0,1,baixo
2,150000.0,731,0.9343365253077975,11,4,1,0,0,0,0,1,0,1,0,0,1,gratuito
2,0.0,0,0.0,103,3,1,0,0,0,1,1,0,0,1,0,0,baixo
6,10000.0,4,0.5,2,2,1,0,1,0,1,0,0,1,0,0,0,medio_alto
1,10000.0,16,0.875,4,4,1,0,0,0,1,1,0,1,0,0,0,medio_alto
7,10000.0,0,0.0,1,3,1,0,0,0,1,0,0,1,0,0,1,baixo
7,10000.0,0,0.0,2,1,1,0,0,0,0,0,0,1,0,0,0,medio_baixo
1,10000.0,6,0.6666666666666666,2,3,1,0,0,0,1,1,0,1,0,0,0,medio_alto
4,0.0,0,0.0,0,0,1,0,0,0,0,0,0,0,0,0,0,gratuito
2,0.0,0,0.0,1,2,1,0,0,0,1,0,0,0,0,0,0,gratuito
4,0.0,0,0.0,1,3,1,0,0,0,0,1,1,0,0,0,0,gratuito
3,10000.0,124,0.8951612903225806,5,3,1,0,0,1,1,0,0,0,0,1,1,medio_alto
6,10000.0,633,0.9052132701421801,1,4,1,1,1,1,1,0,0,1,0,0,1,gratuito
5,10000.0,10,0.6,1,1,1,0,0,0,0,0,0,1,0,0,0,gratuito
4,0.0,0,0.0,1,4,1,0,0,0,1,1,1,0,0,0,0,gratuito
2,10000.0,6,1.0,9,3,1,0,0,0,1,0,0,0,1,1,0,medio_alto
4,10000.0,32,0.75,5,4,1,0,0,0,1,0,0,1,0,1,1,medio_alto
2,10000.0,20,0.65,1,5,1,0,0,0,0,0,1,1,0,1,1,baixo
2,35000.0,3,0.6666666666666666,1,2,1,0,1,2,0,1,0,1,0,0,0,medio_alto
7,75000.0,2494,0.7622293504410586,11,1,1,1,0,272,0,0,0,0,0,0,1,alto
2,10000.0,13,0.7692307692307693,16,3,1,0,0,0,1,1,0,0,0,0,0,medio_baixo
1,10000.0,9,0.3333333333333333,1,2,1,0,0,0,0,1,0,0,0,0,0,gratuito
8,10000.0,225,0.9333333333333333,16,3,1,1,1,0,1,0,0,1,0,1,0,baixo
5,0.0,0,0.0,0,0,1,0,0,0,0,0,0,0,0,0,0,gratuito
2,10000.0,11,1.0,1,3,1,0,0,0,1,1,1,0,0,0,0,alto
4,75000.0,866,0.9630484988452656,5,4,1,0,0,0,1,1,1,0,0,1,0,alto
3,10000.0,6,0.8333333333333334,13,4,1,0,0,0,1,1,1,0,1,0,0,medio_baixo
1,10000.0,45,0.7777777777777778,1,5,1,0,0,0,1,1,0,0,0,1,1,alto
3,10000.0,41,0.6585365853658537,11,4,1,0,0,0,1,1,0,1,0,0,1,baixo
9,10000.0,2,1.0,1,3,1,0,0,0,1,1,0,0,0,0,0,medio_alto
3,10000.0,0,0.0,1,1,1,0,0,0,0,0,0,1,0,0,0,gratuito
11,10000.0,15,0.6666666666666666,5,4,1,0,1,1,1,1,1,0,0,0,0,medio_alto
8,10000.0,0,0.0,1,2,1,0,0,18,0,0,0,0,0,0,1,gratuito
1,10000.0,0,0.0,1,2,1,0,0,0,1,1,0,0,0,0,0,baixo
3,0.0,0,0.0,0,0,1,0,0,0,0,0,0,0,0,0,0,gratuito
7,10000.0,17,0.7058823529411765,15,3,1,0,0,7,1,1,0,1,0,0,0,baixo
7,10000.0,20,0.7,2,2,1,1,0,0,1,0,1,0,0,0,0,baixo
10,75000.0,190,0.4631578947368421,1,4,1,0,0,0,1,0,0,1,0,0,1,baixo
7,35000.0,764,0.9175392670157068,5,1,1,0,0,3,0,0,1,0,0,0,0,alto
2,35000.0,4,0.75,1,2,1,0,0,0,0,0,0,0,1,1,0,alto
3,0.0,0,0.0,1,4,1,0,0,2,1,1,0,1,0,0,0,gratuito
2,0.0,0,0.0,0,0,1,0,0,0,0,0,0,0,0,0,0,gratuito
9,75000.0,57,0.7017543859649122,9,3,1,0,0,0,1,1,0,0,0,1,0,baixo
12,350000.0,1480,0.8695945945945946,1,2,1,0,0,0,1,1,0,0,0,0,0,medio_baixo
8,150000.0,775,0.655483870967742,5,3,1,1,1,1,1,0,0,0,0,1,1,medio_baixo
1,10000.0,0,0.0,21,2,1,0,0,0,1,0,0,1,0,0,0,baixo
6,10000.0,8,0.75,2,2,1,0,0,0,0,0,0,0,0,0,1,gratuito
9,10000.0,21,0.9047619047619048,1,2,1,0,0,0,1,1,0,0,0,0,0,gratuito
10,10000.0,15,0.6,1,4,1,0,0,0,0,1,1,0,1,1,0,medio_alto
3,10000.0,58,0.9655172413793104,4,4,1,0,1,0,1,1,1,1,0,0,0,medio_baixo
1,0.0,0,0.0,0,0,1,0,0,0,0,0,0,0,0,0,0,gratuito
11,10000.0,15,0.9333333333333333,7,2,1,1,1,2,1,0,0,1,0,0,0,medio_baixo
6,10000.0,9,1.0,1,2,1,0,0,0,1,0,0,1,0,0,0,medio_baixo
4,10000.0,45,0.9555555555555556,2,2,1,1,0,0,1,0,0,1,0,0,0,medio_baixo
3,10000.0,68,0.9264705882352942,2,1,1,0,0,0,1,0,0,0,0,0,0,baixo
1,10000.0,0,0.0,5,2,1,0,0,0,1,0,0,1,0,0,0,medio_alto
5,0.0,0,0.0,0,0,1,0,0,0,0,0,0,0,0,0,0,gratuito
6,10000.0,6,0.5,2,1,1,1,0,0,0,1,0,0,0,0,0,baixo
1,10000.0,0,0.0,1,3,1,1,1,1,1,0,1,1,0,0,0,alto
4,0.0,0,0.0,0,0,1,0,0,0,0,0,0,0,0,0,0,gratuito
3,10000.0,0,0.0,1,2,1,0,0,0,1,1,0,0,0,0,0,gratuito
1,10000.0,0,0.0,17,3,1,0,1,1,1,1,0,1,0,0,0,alto
1,0.0,0,0.0,0,0,1,0,0,0,0,0,0,0,0,0,0,gratuito
1,10000.0,322,0.6086956521739131,2,4,1,1,0,1,1,1,1,0,1,0,0,alto
1,10000.0,0,0.0,9,1,1,0,0,0,0,0,1,0,0,0,0,alto
2,10000.0,7,0.8571428571428571,2,2,1,0,0,0,1,0,0,0,0,1,0,medio_baixo
3,0.0,0,0.0,0,0,1,0,0,0,0,0,0,0,0,0,0,gratuito
1,10000.0,0,0.0,27,2,1,1,1,0,1,0,0,0,0,0,1,baixo
6,150000.0,3723,0.9752887456352404,10,1,1,0,0,0,0,0,1,0,0,0,0,alto
2,0.0,0,0.0,0,0,1,0,0,0,0,0,0,0,0,0,0,gratuito
6,10000.0,101,0.5742574257425742,1,3,1,0,0,0,1,0,0,0,1,1,0,medio_alto
7,10000.0,31,0.6129032258064516,3,4,1,1,0,2,1,0,1,1,0,0,1,medio_baixo
5,35000.0,47,0.7659574468085106,1,1,1,0,0,0,0,0,1,0,0,0,0,medio_baixo
11,10000.0,31,0.6451612903225806,1,1,1,0,0,0,1,0,0,0,0,0,0,medio_baixo
1,10000.0,6,1.0,1,2,1,0,1,1,0,1,1,0,0,0,0,medio_alto
1,10000.0,3,0.6666666666666666,3,4,1,0,0,0,1,0,0,0,1,1,0,alto
1,10000.0,41,0.7317073170731707,14,3,1,0,0,1,1,0,1,1,0,0,0,alto
4,10000.0,0,0.0,1,2,1,0,0,0,1,0,1,0,0,0,0,medio_baixo
4,10000.0,23,1.0,2,4,1,0,0,0,1,0,1,1,0,0,0,gratuito
3,10000.0,16,0.625,2,1,1,0,0,0,1,0,0,0,0,0,0,baixo
4,10000.0,22,1.0,4,3,1,0,0,0,1,0,1,1,0,0,0,alto
2,10000.0,1,0.0,1,3,1,0,0,0,1,0,1,0,1,0,0,baixo
3,10000.0,12,0.6666666666666666,1,5,1,0,0,0,1,0,1,1,1,1,0,alto
7,10000.0,12,0.8333333333333334,3,3,1,0,1,1,1,1,1,0,0,0,0,medio_baixo
1,0.0,0,0.0,1,5,1,0,0,0,1,1,0,1,1,0,0,gratuito
8,10000.0,7,0.7142857142857143,1,4,1,0,0,0,1,0,0,1,0,1,1,gratuito
3,10000.0,31,0.9354838709677419,2,2,1,0,0,1,1,1,0,0,0,0,0,alto
7,10000.0,5,0.8,9,3,1,0,0,0,1,0,1,1,0,0,0,medio_alto
4,10000.0,46,0.8695652173913043,6,4,1,0,0,1,1,1,0,0,0,0,0,medio_baixo
2,10000.0,0,0.0,1,2,1,0,0,3,0,0,0,1,0,0,1,medio_alto
2,10000.0,0,0.0,1,2,1,0,0,0,0,1,0,0,0,0,1,medio_alto
2,10000.0,1,0.0,1,3,1,0,1,0,1,1,1,0,0,0,0,baixo
10,75000.0,343,0.7288629737609329,1,5,1,0,0,0,1,0,1,1,1,1,0,alto
1,0.0,0,0.0,0,0,1,0,0,0,0,0,0,0,0,0,0,gratuito
5,10000.0,6,0.3333333333333333,2,3,1,0,0,0,1,0,1,1,0,0,0,medio_alto
4,10000.0,3,0.6666666666666666,4,1,1,0,0,0,0,0,0,1,0,0,0,medio_alto
4,10000.0,38,0.9473684210526315,1,1,1,0,0,0,0,1,0,0,0,0,0,baixo
3,0.0,0,0.0,0,0,1,0,0,0,0,0,0,0,0,0,0,gratuito
6,150000.0,2153,0.9396191360891779,2,4,1,1,0,0,1,1,1,0,0,0,0,medio_baixo
2,10000.0,1,1.0,1,3,1,0,1,0,1,1,1,0,0,0,0,medio_alto
2,0.0,0,0.0,1,3,1,0,0,0,1,1,0,0,0,0,0,gratuito
3,10000.0,0,0.0,27,5,1,0,0,0,1,0,1,1,1,1,0,alto
7,10000.0,0,0.0,1,4,1,0,0,0,1,1,0,1,0,0,1,baixo
10,3500000.0,14714,0.7366453717547914,9,2,1,1,0,0,0,0,0,0,0,1,0,gratuito
2,10000.0,40,0.875,1,4,1,0,0,0,1,0,1,1,1,0,0,baixo
3,0.0,0,0.0,0,0,1,0,0,0,0,0,0,0,0,0,0,gratuito
6,10000.0,85,0.8705882352941177,1,4,1,0,0,0,1,0,1,1,1,0,0,medio_alto
1,10000.0,0,0.0,1,2,1,0,0,0,1,1,0,0,0,0,0,baixo
1,10000.0,0,0.0,1,2,1,0,0,1,1,0,0,0,0,1,0,alto
1,0.0,0,0.0,0,0,1,0,0,0,0,0,0,0,0,0,0,gratuito
2,0.0,0,0.0,1,2,1,0,0,0,0,0,0,0,0,1,0,gratuito
4,10000.0,83,0.963855421686747,5,6,1,0,0,0,1,0,0,1,0,1,1,medio_baixo
3,10000.0,6,1.0,8,2,1,0,0,0,0,1,0,0,0,0,0,medio_baixo
4,10000.0,33,0.9393939393939394,1,1,1,0,0,1,1,0,0,0,0,0,0,medio_alto
8,350000.0,31608,0.6599595039230575,1,7,1,0,0,2,1,1,1,0,1,1,1,alto
6,35000000.0,844921,0.843949907742854,19,1,1,1,0,3,0,0,0,0,1,0,0,alto
2,10000.0,0,0.0,2,2,1,0,0,0,1,0,0,1,0,0,0,baixo
9,10000.0,7,0.5714285714285714,1,4,1,0,0,0,1,1,0,0,0,0,0,alto
10,35000.0,120,0.9083333333333333,2,2,1,0,0,1,1,1,0,0,0,0,0,baixo
1,10000.0,0,0.0,2,4,1,0,1,0,1,1,0,1,0,0,0,medio_alto
5,35000.0,5,0.2,2,5,1,0,0,0,1,1,1,1,0,1,0,baixo
3,10000.0,2,0.5,1,3,1,0,0,0,1,1,1,0,0,0,0,medio_alto
1,10000.0,0,0.0,1,3,1,0,0,0,1,0,0,1,0,0,1,medio_alto
8,10000.0,4,0.5,1,3,1,0,0,0,1,0,1,1,0,0,0,baixo
5,35000.0,11,0.5454545454545454,1,2,1,0,0,0,0,0,0,0,0,1,1,gratuito
6,750000.0,8306,0.8844209005538165,13,5,1,1,0,2,1,1,1,1,0,0,1,medio_baixo
3,10000.0,0,0.0,10,3,1,0,1,0,1,0,0,1,0,1,0,medio_baixo
9,10000.0,23,0.5652173913043478,1,4,1,0,0,0,0,1,0,0,0,0,1,gratuito
8,35000.0,75,0.6666666666666666,1,2,1,0,0,0,0,1,0,1,0,0,0,gratuito
8,10000.0,11,0.45454545454545453,1,4,1,0,0,0,1,0,1,1,0,0,0,baixo
7,10000.0,33,0.7272727272727273,1,2,1,0,0,2,1,0,0,1,0,0,0,alto
11,350000.0,4136,0.9523694390715667,1,3,1,0,0,0,1,1,0,0,0,1,0,medio_baixo
2,10000.0,1,0.0,1,4,1,0,0,0,1,0,1,1,0,1,0,baixo
4,35000.0,76,0.8552631578947368,1,4,1,0,0,0,1,0,0,1,0,1,1,baixo
6,10000.0,0,0.0,1,4,1,1,0,0,0,0,1,1,0,1,0,medio_alto
1,0.0,0,0.0,1,3,1,0,0,0,1,0,0,0,0,1,0,medio_alto
1,10000.0,1,1.0,1,3,1,0,0,0,1,0,0,1,0,1,0,baixo
2,10000.0,9,0.6666666666666666,2,2,1,0,0,0,1,0,0,0,1,0,0,alto
3,10000.0,4,1.0,1,2,1,0,0,0,1,0,0,1,0,0,0,baixo
5,0.0,0,0.0,0,0,1,0,0,0,0,0,0,0,0,0,0,gratuito
4,10000.0,0,0.0,4,2,1,0,0,0,1,0,1,0,0,0,0,alto
2,10000.0,1,1.0,1,1,1,0,0,0,1,0,0,0,0,0,0,baixo
4,35000.0,5,1.0,2,3,1,0,0,0,1,0,1,0,1,0,0,baixo
6,35000.0,4,0.75,29,2,1,0,0,0,1,0,0,1,0,0,0,baixo
3,10000.0,13,0.8461538461538461,1,2,1,1,1,0,1,0,0,0,1,0,0,gratuito
4,0.0,0,0.0,6,4,1,1,1,0,1,0,0,1,0,1,0,gratuito
2,0.0,0,0.0,3,4,1,0,0,0,1,0,0,1,0,1,0,gratuito
11,35000.0,21,0.6190476190476191,1,3,1,0,0,0,1,1,1,0,0,0,0,medio_baixo
8,10000.0,29,0.4482758620689655,8,3,1,1,0,5,1,0,0,0,0,1,0,medio_alto
10,10000.0,25,0.72,1,3,1,0,0,0,1,1,0,0,0,0,0,baixo
3,10000.0,3,0.3333333333333333,15,5,1,0,0,0,1,1,0,1,0,1,0,medio_alto
1,10000.0,0,0.0,5,4,1,0,0,2,1,0,0,1,1,0,1,alto
8,10000.0,3,1.0,1,1,1,0,0,0,1,0,0,0,0,0,0,medio_baixo
4,750000.0,6682,0.8534869799461239,18,4,1,1,0,2,1,0,1,0,1,1,0,medio_alto
4,10000.0,270,0.9333333333333333,29,2,1,0,0,0,1,0,0,1,0,0,0,medio_alto
2,0.0,0,0.0,0,0,1,0,0,0,0,0,0,0,0,0,0,gratuito
4,0.0,0,0.0,0,0,1,0,0,0,0,0,0,0,0,0,0,gratuito
5,10000.0,149,0.8389261744966443,9,3,1,0,0,0,1,0,0,1,0,0,1,alto
1,0.0,0,0.0,0,0,1,0,0,0,0,0,0,0,0,0,0,gratuito
3,10000.0,13,0.9230769230769231,1,3,1,0,0,0,1,0,1,0,0,1,0,alto
10,10000.0,27,0.5925925925925926,1,2,1,0,0,0,1,1,0,0,0,0,0,baixo
10,10000.0,38,0.6842105263157895,3,2,1,1,0,0,1,0,0,0,0,1,0,baixo
2,10000.0,110,0.9636363636363636,4,5,1,0,0,0,1,0,1,1,1,0,0,medio_alto
1,0.0,0,0.0,11,3,1,0,0,0,1,1,0,1,0,0,0,alto
1,10000.0,0,0.0,1,8,1,0,0,0,1,1,1,1,1,1,1,baixo
1,0.0,0,0.0,1,2,1,0,0,0,1,0,0,0,0,0,0,gratuito
2,10000.0,14,0.6428571428571429,2,4,1,0,0,0,1,1,1,1,0,0,0,alto
6,10000.0,7,1.0,2,3,1,0,0,0,1,1,0,1,0,0,0,baixo
2,10000.0,42,0.8809523809523809,7,2,1,0,1,0,1,0,0,1,0,0,0,medio_baixo
1,10000.0,0,0.0,29,3,1,0,0,0,1,0,0,1,0,1,0,baixo
2,0.0,0,0.0,0,0,1,0,0,0,0,0,0,0,0,0,0,gratuito
6,10000.0,0,0.0,1,3,1,0,0,0,1,0,0,1,0,1,0,medio_baixo
3,10000.0,0,0.0,10,3,1,1,1,0,0,0,1,0,1,0,0,gratuito
2,0.0,0,0.0,1,3,1,0,0,0,1,1,0,0,0,0,0,gratuito
1,10000.0,0,0.0,11,2,1,0,0,0,1,0,1,0,0,0,0,medio_alto
10,35000.0,65,0.8615384615384616,1,5,1,0,0,0,1,1,0,1,1,0,0,gratuito
8,10000.0,34,0.6764705882352942,1,4,1,0,1,0,1,0,1,1,1,0,0,medio_baixo
1,10000.0,0,0.0,1,3,1,0,0,0,1,1,1,0,0,0,0,baixo
1,0.0,0,0.0,1,1,1,0,0,0,1,0,0,0,0,0,0,medio_baixo
5,10000.0,35,0.4857142857142857,1,2,1,0,0,0,1,0,1,0,0,0,0,baixo
5,10000.0,22,0.8636363636363636,1,4,1,1,1,0,1,1,1,0,1,0,0,baixo
10,75000.0,337,0.39465875370919884,1,3,1,0,1,0,1,1,0,0,0,0,0,medio_alto
3,10000.0,0,0.0,1,2,1,0,1,0,1,0,0,1,0,0,0,gratuito
11,10000.0,3,0.3333333333333333,1,4,1,0,0,0,1,0,0,0,1,1,0,alto
4,10000.0,32,0.6875,103,1,1,0,0,0,1,0,0,0,0,0,0,baixo
3,750000.0,16963,0.8068148322820256,21,5,1,1,0,8,1,1,0,0,1,0,1,medio_alto
6,10000.0,6,1.0,1,4,1,0,1,0,1,0,0,1,0,0,0,baixo
6,10000.0,1,0.0,1,2,1,0,0,0,0,1,0,1,0,0,0,medio_alto
2,75000.0,1060,0.8877358490566037,6,4,1,0,0,0,1,0,0,1,0,1,1,medio_baixo
11,35000.0,62,0.5483870967741935,1,1,1,0,0,1,0,0,0,0,0,1,0,alto
9,10000.0,12,0.3333333333333333,1,3,1,0,0,0,1,1,1,0,0,0,0,alto
6,150000.0,2164,0.8604436229205176,8,4,1,1,1,0,1,0,0,0,1,1,1,alto
4,10000.0,0,0.0,1,2,1,0,0,0,0,0,0,1,0,0,1,medio_alto
2,10000.0,1,1.0,1,3,1,1,1,0,1,1,0,1,0,0,0,medio_baixo
12,750000.0,5264,0.8683510638297872,10,2,1,0,0,1,0,1,1,0,0,0,0,medio_alto
2,10000.0,0,0.0,1,1,1,0,0,0,1,0,0,0,0,0,0,alto
4,35000.0,5,1.0,1,1,1,0,0,0,0,1,0,0,0,0,0,medio_alto
8,10000.0,13,0.7692307692307693,1,2,1,0,0,0,1,1,0,0,0,0,0,medio_baixo
2,10000.0,10,0.9,1,3,1,0,0,0,1,0,1,0,0,0,1,baixo
4,10000.0,2,0.5,1,2,1,1,0,0,1,0,0,1,0,0,0,baixo
3,10000.0,79,0.9873417721518988,11,3,1,0,0,0,1,1,1,0,0,0,0,medio_alto
1,10000.0,0,0.0,1,3,1,0,0,0,1,1,0,1,0,0,0,medio_baixo
7,35000.0,56,0.7142857142857143,103,3,1,0,0,0,1,1,0,1,0,0,0,baixo
6,10000.0,11,0.9090909090909091,1,2,1,1,0,0,0,0,0,0,0,0,1,gratuito
5,10000.0,8,0.75,8,3,1,0,0,0,1,1,0,1,0,0,0,medio_baixo
6,10000.0,7,0.7142857142857143,1,3,1,0,0,0,1,1,0,1,0,0,0,baixo
2,0.0,0,0.0,103,1,1,0,0,0,0,0,0,1,0,0,0,baixo
1,0.0,0,0.0,6,4,1,1,0,0,0,0,0,1,1,1,0,gratuito
5,10000.0,0,0.0,1,2,1,0,0,0,1,1,0,0,0,0,0,baixo
10,10000.0,2,1.0,1,1,1,0,0,0,1,0,0,0,0,0,0,alto
6,75000.0,218,0.48623853211009177,1,7,1,1,1,0,1,1,1,1,1,0,0,alto
2,10000.0,19,0.8947368421052632,1,1,1,0,0,0,0,0,0,0,0,0,0,alto
2,10000.0,3,0.6666666666666666,1,2,1,0,0,0,0,1,1,0,0,0,0,medio_alto
2,10000.0,25,0.44,1,2,1,0,0,0,0,0,0,0,0,1,1,medio_alto
5,75000.0,1183,0.9822485207100592,3,1,1,0,0,0,0,0,0,1,0,0,0,alto
6,10000.0,30,0.6666666666666666,1,4,1,1,1,0,1,0,1,0,0,0,1,gratuito
12,750000.0,4212,0.6787749287749287,7,2,1,0,0,4,0,1,1,0,0,0,0,medio_baixo
4,10000.0,13,1.0,1,3,1,1,0,0,1,0,0,1,0,0,1,medio_alto
2,35000.0,3,0.0,10,4,1,0,0,0,1,1,1,0,0,0,1,medio_baixo
1,10000.0,0,0.0,1,4,1,0,0,0,1,0,0,1,0,1,1,medio_baixo
1,0.0,0,0.0,0,0,1,0,0,0,0,0,0,0,0,0,0,gratuito
6,10000.0,0,0.0,1,2,1,0,0,2,1,0,0,1,0,0,0,baixo
6,10000.0,72,0.5972222222222222,2,5,1,1,1,2,1,1,0,0,1,0,0,gratuito
3,10000.0,35,0.9714285714285714,2,2,1,0,0,0,0,0,0,0,1,1,0,medio_alto
8,35000.0,25,0.88,1,1,1,0,0,0,0,0,0,0,0,0,1,medio_alto
8,75000.0,185,0.8162162162162162,8,3,1,0,0,3,1,0,0,1,0,0,0,gratuito
12,35000.0,312,0.10897435897435898,4,1,1,0,0,0,0,0,0,0,0,0,1,medio_alto
1,10000.0,0,0.0,1,4,1,0,0,0,1,0,0,1,0,1,1,gratuito
3,10000.0,7,0.5714285714285714,1,3,1,0,1,0,1,0,1,1,0,0,0,medio_baixo
5,0.0,0,0.0,1,2,1,0,0,0,0,0,1,0,0,0,0,gratuito
9,75000.0,27,0.7037037037037037,2,2,1,0,0,0,0,0,1,0,0,0,0,gratuito
4,10000.0,0,0.0,3,4,1,0,0,0,1,0,1,0,1,0,0,medio_alto
5,10000.0,0,0.0,1,1,1,0,0,0,0,0,0,1,0,0,0,medio_baixo
12,35000.0,120,0.43333333333333335,2,2,1,0,0,0,0,1,0,0,1,0,0,baixo
2,35000.0,3,1.0,2,4,1,0,0,0,1,0,1,1,1,0,0,medio_alto
3,75000.0,13,0.9230769230769231,1,2,1,0,0,1,1,0,0,1,0,0,0,medio_alto
4,10000.0,109,0.5596330275229358,30,4,1,0,0,0,0,1,0,0,0,0,1,medio_baixo
1,10000.0,34,1.0,1,1,1,0,0,0,0,1,0,0,0,0,0,medio_baixo
1,0.0,0,0.0,1,3,1,0,0,0,1,0,0,1,0,1,0,medio_baixo
5,10000.0,0,0.0,1,1,1,0,0,0,0,0,0,0,1,0,0,alto
1,0.0,0,0.0,1,2,1,0,0,0,0,0,0,1,0,0,0,gratuito
6,10000.0,1,1.0,1,1,1,0,1,0,0,1,0,0,0,0,0,medio_baixo
5,10000.0,3,1.0,1,4,1,0,0,0,1,1,1,1,0,0,0,baixo
5,10000.0,14,0.8571428571428571,1,2,1,0,0,0,1,1,0,0,0,0,0,baixo
9,10000.0,59,0.3559322033898305,1,3,1,0,0,0,1,0,1,1,0,0,0,medio_alto
3,0.0,0,0.0,1,4,1,0,0,0,1,0,1,1,0,0,0,gratuito
1,10000.0,0,0.0,1,1,1,0,0,0,0,0,0,1,0,0,0,medio_alto
5,10000.0,2,1.0,1,2,1,0,0,0,1,0,1,0,0,0,0,medio_baixo
5,75000.0,13,0.38461538461538464,1,3,1,0,0,0,1,1,1,0,0,0,0,baixo
4,0.0,0,0.0,0,0,1,0,0,0,0,0,0,0,0,0,0,gratuito
1,10000.0,0,0.0,11,3,1,0,0,1,1,0,0,1,0,1,0,medio_alto
4,10000.0,28,0.8928571428571429,2,2,1,0,0,0,1,0,1,0,0,0,0,medio_baixo
8,350000.0,7291,0.4066657522973529,14,6,1,0,0,0,0,1,1,0,1,0,1,gratuito
1,10000.0,0,0.0,1,2,1,1,0,1,1,0,1,0,0,0,0,alto
7,10000.0,24,0.75,1,3,1,0,0,0,1,1,1,0,0,0,0,alto
7,35000.0,684,0.9035087719298246,1,5,1,0,0,0,1,1,1,0,1,0,1,alto
1,0.0,0,0.0,1,5,1,0,0,0,1,1,1,0,0,1,0,alto
1,10000.0,4,1.0,2,3,1,0,0,0,1,0,1,1,0,0,0,baixo
5,10000.0,21,0.5714285714285714,5,2,1,1,0,0,1,0,0,0,1,0,0,alto
6,10000.0,3,1.0,2,5,1,0,0,0,1,1,1,0,1,0,0,medio_alto
1,0.0,0,0.0,1,3,1,0,0,0,1,0,1,0,0,0,0,gratuito
3,350000.0,1144,0.8531468531468531,3,2,1,1,0,2,1,0,0,0,0,1,0,medio_alto
3,35000.0,170,0.9470588235294117,8,4,1,0,0,1,1,0,1,0,0,0,1,medio_baixo
6,10000.0,12,0.4166666666666667,1,3,1,0,0,0,1,1,1,0,0,0,0,baixo
4,10000.0,5,0.2,1,3,1,0,0,0,0,0,1,1,0,0,1,alto
3,10000.0,42,0.6428571428571429,1,1,1,0,0,0,0,0,1,0,0,0,0,baixo
4,35000.0,7,1.0,1,2,1,0,1,0,1,0,0,0,0,1,0,medio_baixo
4,0.0,0,0.0,0,0,1,0,0,0,0,0,0,0,0,0,0,gratuito
6,10000.0,37,0.9459459459459459,9,3,1,0,0,0,0,0,0,0,1,1,0,gratuito
2,35000.0,11,1.0,1,2,1,0,0,0,1,1,0,0,0,0,0,alto
3,0.0,0,0.0,1,3,1,1,1,0,1,0,0,1,1,0,0,gratuito
10,10000.0,6,1.0,1,2,1,0,0,0,0,0,1,1,0,0,0,medio_alto
1,10000.0,4,1.0,1,3,1,0,0,0,1,1,1,0,0,0,0,medio_baixo
8,35000.0,311,0.9389067524115756,7,3,1,1,0,0,0,1,0,1,0,1,0,medio_baixo
3,150000.0,12,0.9166666666666666,1,2,1,0,0,0,1,0,0,0,1,0,0,baixo
1,10000.0,0,0.0,27,2,1,1,1,0,1,0,0,0,0,0,1,baixo
11,10000.0,32,0.5,1,3,1,0,0,0,1,1,1,0,0,0,0,baixo
2,10000.0,0,0.0,1,6,1,0,0,0,1,1,0,0,0,0,1,alto
10,75000.0,1445,0.7121107266435986,8,1,1,0,0,2,0,0,0,0,0,0,0,baixo
3,0.0,0,0.0,1,2,1,0,0,0,1,0,1,0,0,0,0,gratuito
2,10000.0,14,0.9285714285714286,1,2,1,0,0,0,1,0,0,0,0,1,0,medio_baixo
2,10000.0,4,0.75,2,2,1,1,0,0,0,0,0,0,0,0,0,alto
2,0.0,0,0.0,1,2,1,0,0,0,0,0,0,1,0,0,0,gratuito
1,0.0,0,0.0,1,4,1,0,1,0,1,0,0,1,0,1,1,medio_alto
1,0.0,0,0.0,9,3,1,0,0,0,0,1,1,0,0,0,0,gratuito
2,10000.0,0,0.0,1,3,1,0,0,0,1,0,0,0,1,0,0,gratuito
4,0.0,0,0.0,1,4,1,0,0,1,1,1,1,0,0,0,0,gratuito
3,10000.0,0,0.0,1,1,1,0,0,0,1,0,0,0,0,0,0,gratuito
6,10000.0,24,0.9166666666666666,1,6,1,0,0,0,1,1,1,0,1,0,0,alto
1,0.0,0,0.0,1,3,1,0,0,0,1,0,0,0,0,1,1,medio_alto
13,75000.0,586,0.8361774744027304,2,1,1,1,1,1,1,0,0,0,0,0,0,medio_baixo
7,10000.0,2,1.0,2,1,1,0,0,0,0,1,0,0,0,0,0,baixo
2,10000.0,1,1.0,1,4,1,0,1,0,1,1,1,0,0,0,0,alto
1,0.0,0,0.0,11,2,1,0,0,1,1,0,0,1,0,0,0,medio_baixo
1,10000.0,16,0.625,5,4,1,0,0,7,1,0,0,1,0,1,1,medio_alto
4,10000.0,0,0.0,3,3,1,0,0,0,1,0,1,1,0,0,0,alto
9,10000.0,5,0.6,1,2,1,0,0,0,0,1,0,0,0,0,0,alto
9,10000.0,0,0.0,1,1,1,0,0,0,0,1,0,0,0,0,0,medio_baixo
3,10000.0,0,0.0,1,2,1,0,0,0,0,1,1,0,0,0,0,baixo
1,0.0,0,0.0,1,3,1,0,0,0,1,0,1,0,0,0,0,gratuito
7,750000.0,7893,0.8880020271126314,29,5,1,1,1,0,1,1,0,0,0,1,1,baixo
2,10000.0,5,0.2,1,4,1,1,0,0,1,1,0,1,0,0,1,medio_alto
12,10000.0,32,0.59375,1,1,1,1,1,0,0,0,0,0,0,0,1,baixo
4,10000.0,0,0.0,1,4,1,0,0,0,0,0,1,1,1,0,1,baixo
2,10000.0,4,0.75,1,1,1,0,0,0,0,0,0,0,0,0,1,baixo
2,10000.0,4,0.75,1,3,1,0,0,0,1,1,0,0,0,0,0,gratuito
1,0.0,0,0.0,1,2,1,0,0,0,0,0,0,1,0,0,1,gratuito
2,0.0,0,0.0,0,0,1,0,0,0,0,0,0,0,0,0,0,gratuito
2,10000.0,1,1.0,1,4,1,0,0,0,1,0,1,1,1,0,0,medio_baixo
1,75000.0,12,0.75,1,1,1,0,0,0,0,0,0,0,1,0,0,alto
5,35000.0,572,0.8688811188811189,9,1,1,1,0,0,0,0,0,0,0,0,1,medio_alto
2,0.0,0,0.0,0,0,1,0,0,0,0,0,0,0,0,0,0,gratuito
3,35000.0,572,0.6433566433566433,7,3,1,1,1,1,1,0,0,1,0,1,0,alto
6,10000.0,4,1.0,2,1,1,0,0,0,0,0,0,1,0,0,0,medio_alto
2,10000.0,47,0.5531914893617021,8,1,1,0,0,0,0,1,0,0,0,0,0,alto
2,10000.0,4,0.5,1,4,1,0,0,0,1,1,1,0,0,0,0,baixo
2,10000.0,1,0.0,1,1,1,0,0,0,0,0,0,0,1,0,0,medio_baixo
6,10000.0,5,0.4,3,2,1,0,0,0,1,0,0,0,0,1,0,medio_baixo
1,10000.0,0,0.0,12,4,1,0,0,0,1,1,1,0,0,1,0,alto
4,10000.0,0,0.0,1,3,1,0,0,0,1,0,1,1,0,0,0,baixo
5,10000.0,2,1.0,1,1,1,0,0,0,0,0,0,0,1,0,0,baixo
3,0.0,0,0.0,30,2,1,0,0,0,1,1,0,0,0,0,0,gratuito
4,10000.0,141,0.8723404255319149,2,2,1,1,1,1,1,0,1,0,0,0,0,medio_alto
1,0.0,0,0.0,0,0,1,0,0,0,0,0,0,0,0,0,0,gratuito
1,0.0,0,0.0,11,2,1,0,0,0,1,1,0,0,0,0,0,baixo
1,10000.0,0,0.0,9,3,1,1,1,0,1,1,0,1,0,0,0,medio_baixo
6,10000.0,1,1.0,1,5,1,0,0,0,1,1,1,1,0,0,1,medio_alto
8,10000.0,62,0.8548387096774194,2,2,1,0,0,0,1,1,0,0,0,0,0,medio_alto
5,10000.0,23,0.8260869565217391,1,3,1,0,0,0,1,0,0,1,0,1,0,baixo
4,0.0,0,0.0,0,0,1,0,0,0,0,0,0,0,0,0,0,gratuito
4,10000.0,1,1.0,1,3,1,0,0,0,0,0,0,0,1,0,1,alto
4,10000.0,6,0.8333333333333334,2,3,1,1,0,0,1,0,0,0,1,1,0,medio_alto
8,350000.0,1005,0.9263681592039801,15,4,1,1,1,0,1,1,0,1,0,0,0,alto
3,35000.0,47,0.9574468085106383,2,4,1,1,0,0,1,1,0,1,0,0,0,medio_alto
4,35000.0,23,0.9565217391304348,2,2,1,0,0,0,1,1,0,0,0,0,0,baixo
10,150000.0,304,0.680921052631579,1,1,1,0,0,0,0,0,0,1,0,0,0,medio_baixo
6,10000.0,0,0.0,1,5,1,1,1,0,1,0,1,1,1,0,1,alto
4,10000.0,2,0.0,4,1,1,0,0,0,0,0,0,1,0,0,0,medio_alto
2,10000.0,18,1.0,2,2,1,1,0,0,0,0,1,1,0,0,0,medio_alto
2,10000.0,6,1.0,1,6,1,0,0,0,1,0,1,1,1,1,1,alto
2,10000.0,315,0.9428571428571428,8,5,1,0,0,0,1,1,1,1,0,0,1,baixo
2,10000.0,4,0.0,1,2,1,0,0,0,1,0,0,0,0,0,1,alto
3,35000.0,756,0.9576719576719577,4,1,1,1,0,2,0,0,1,0,0,0,0,alto
1,10000.0,0,0.0,1,3,1,0,1,0,1,0,1,1,0,0,0,baixo
5,10000.0,5,0.0,1,2,1,0,0,0,1,0,0,1,0,0,0,baixo
3,10000.0,290,0.8379310344827586,19,5,1,1,0,2,0,0,1,0,1,1,1,gratuito
1,10000.0,3,1.0,13,3,1,0,0,0,1,1,0,0,0,1,0,alto
1,750000.0,31274,0.96428343032551,9,4,1,0,0,2,0,1,1,0,1,0,1,alto
2,10000.0,18,0.9444444444444444,1,4,1,0,0,0,1,0,0,0,1,0,1,alto
8,10000.0,3,0.6666666666666666,1,5,1,0,0,0,1,0,1,1,0,0,1,medio_alto
6,10000.0,10,0.9,1,2,1,0,0,0,0,0,1,1,0,0,0,medio_alto
4,0.0,0,0.0,0,0,1,0,0,0,0,0,0,0,0,0,0,gratuito
8,3500000.0,58273,0.9505946150018019,1,3,1,0,0,0,1,1,0,0,0,0,0,gratuito
6,10000.0,3,0.3333333333333333,1,3,1,0,0,0,0,0,0,1,0,1,1,medio_baixo
2,0.0,0,0.0,0,0,1,0,0,0,0,0,0,0,0,0,0,gratuito
9,35000.0,332,0.7530120481927711,1,3,1,1,0,1,1,0,0,1,0,0,1,gratuito
10,35000.0,138,0.5362318840579711,1,1,1,0,0,0,0,0,0,1,0,0,0,baixo
2,10000.0,21,0.7142857142857143,9,3,1,0,0,0,1,0,0,1,0,0,1,medio_alto
18,1500000.0,16837,0.7658727801864941,5,1,1,0,0,0,0,1,0,0,0,0,0,medio_baixo
4,10000.0,0,0.0,1,1,1,0,0,0,0,0,1,0,0,0,0,medio_alto
2,0.0,0,0.0,2,5,1,0,0,0,1,1,1,1,0,0,0,gratuito
6,10000.0,31,0.7096774193548387,1,2,1,1,1,0,0,0,1,0,0,0,0,gratuito
8,10000.0,61,0.6065573770491803,2,6,1,0,0,0,1,0,1,1,1,1,1,medio_alto
1,0.0,0,0.0,0,0,1,0,0,0,0,0,0,0,0,0,0,gratuito
12,35000.0,72,0.6527777777777778,8,4,1,1,0,0,1,1,0,1,0,1,0,medio_alto
3,10000.0,4,1.0,1,3,1,0,0,0,1,1,1,0,0,0,0,baixo
5,150000.0,438,0.593607305936073,13,2,1,0,0,0,1,1,0,0,0,0,0,medio_baixo
1,0.0,0,0.0,0,0,1,0,0,0,0,0,0,0,0,0,0,gratuito
6,10000.0,1,0.0,1,7,1,0,0,0,1,1,1,1,1,1,0,baixo
1,0.0,0,0.0,0,0,1,0,0,0,0,0,0,0,0,0,0,gratuito
1,10000.0,0,0.0,5,2,1,0,0,0,1,0,0,1,0,0,0,baixo
1,10000.0,0,0.0,5,2,1,0,0,1,0,1,0,0,1,0,0,alto
10,35000.0,741,0.9541160593792173,2,3,1,0,0,3,0,0,1,1,0,0,1,medio_alto
11,750000.0,17525,0.9384878744650499,3,2,1,0,0,1,1,0,0,1,0,0,0,baixo
1,0.0,0,0.0,1,3,1,0,0,0,0,0,0,0,0,0,0,alto
9,10000.0,8,0.5,1,5,1,0,0,0,1,1,0,0,1,1,0,medio_alto
3,10000.0,7,0.8571428571428571,7,3,1,0,0,0,1,0,1,1,0,0,0,baixo
2,0.0,0,0.0,1,5,1,0,0,0,0,0,0,0,0,0,0,gratuito
3,0.0,0,0.0,1,2,1,0,0,0,1,0,0,1,0,0,0,gratuito
2,10000.0,18,1.0,1,4,1,0,0,0,1,1,1,0,1,0,0,alto
7,10000.0,1,1.0,1,3,1,0,0,0,1,1,0,1,0,0,0,baixo
4,10000.0,7,1.0,11,4,1,0,0,0,1,0,0,0,0,1,1,medio_baixo
4,35000.0,47,1.0,1,1,1,0,0,0,0,0,0,1,0,0,0,baixo
1,10000.0,11,0.5454545454545454,9,4,1,0,0,0,1,0,1,0,0,0,1,baixo
5,10000.0,45,0.6666666666666666,6,4,1,0,1,1,1,1,0,0,1,0,1,alto
4,0.0,0,0.0,0,0,1,0,0,0,0,0,0,0,0,0,0,gratuito
3,10000.0,1,1.0,1,4,1,0,0,0,1,1,1,0,1,0,0,medio_alto
8,10000.0,0,0.0,1,5,1,0,0,0,1,1,0,1,0,0,0,alto
1,10000.0,0,0.0,1,2,1,0,0,0,1,1,0,0,0,0,0,medio_alto
3,10000.0,68,0.75,1,1,1,0,0,0,0,1,0,0,0,0,0,medio_alto
2,10000.0,293,0.8532423208191127,8,1,1,0,0,0,0,1,0,0,0,0,0,alto
6,10000.0,24,0.375,1,8,1,0,0,0,1,1,1,1,0,1,1,medio_alto
6,10000.0,9,0.3333333333333333,1,3,1,0,0,0,1,0,0,0,1,1,0,medio_baixo
5,10000.0,0,0.0,1,2,1,0,0,0,1,0,0,1,0,0,0,baixo
2,0.0,0,0.0,1,3,1,0,0,6,1,0,0,1,0,0,0,gratuito
1,10000.0,0,0.0,1,3,1,0,0,0,1,0,1,0,1,0,0,alto
9,35000.0,100,0.71,1,2,1,1,1,0,1,0,0,1,0,0,0,baixo
7,10000.0,2,0.0,1,3,1,0,0,1,1,1,1,0,0,0,0,baixo
1,0.0,0,0.0,0,0,1,0,0,0,0,0,0,0,0,0,0,gratuito
6,10000.0,2,1.0,1,4,1,0,0,0,1,1,1,0,1,0,0,medio_baixo
5,10000.0,0,0.0,1,2,1,1,0,0,0,0,1,0,1,0,0,alto
9,0.0,0,0.0,1,4,1,0,1,0,1,1,0,1,0,0,1,baixo
1,10000.0,0,0.0,11,3,1,0,0,0,0,0,0,1,0,1,1,medio_alto
3,10000.0,71,0.6197183098591549,7,2,1,0,0,0,0,0,0,0,0,0,1,medio_baixo
4,0.0,0,0.0,0,0,1,0,0,0,0,0,0,0,0,0,0,gratuito
2,10000.0,9,1.0,1,2,1,0,1,0,0,1,0,0,0,0,1,medio_baixo
1,10000.0,1,1.0,5,3,1,0,1,0,1,0,1,0,1,0,0,medio_baixo
7,35000.0,125,0.664,25,4,1,0,0,0,1,1,0,1,0,0,0,medio_alto
1,10000.0,1,1.0,2,1,1,0,0,0,0,0,0,1,0,0,0,medio_alto
10,1500000.0,10722,0.8332400671516508,13,1,1,1,1,0,0,0,0,0,0,0,1,medio_alto
15,75000.0,442,0.7850678733031674,3,4,1,0,0,3,1,0,0,1,0,1,1,alto
4,10000.0,0,0.0,30,5,1,0,0,0,1,1,1,1,0,0,1,medio_alto
7,10000.0,11,0.8181818181818182,1,2,1,0,0,0,1,1,0,0,0,0,0,medio_baixo
8,35000.0,213,0.6713615023474179,3,4,1,0,0,1,1,1,1,0,1,0,0,medio_alto
2,10000.0,16,1.0,1,2,1,0,0,0,0,0,0,0,1,0,0,gratuito
10,35000.0,233,0.6995708154506438,17,4,1,1,0,0,0,0,0,0,0,0,0,alto
7,10000.0,4,1.0,1,3,1,1,1,0,1,0,1,0,1,0,0,baixo
3,350000.0,1922,0.7804370447450573,6,2,1,0,0,1,0,0,1,0,1,0,0,alto
2,10000.0,53,0.9056603773584906,11,2,1,1,0,2,1,0,1,0,0,0,0,medio_alto
1,10000.0,0,0.0,5,3,1,0,0,1,1,0,1,0,1,0,0,alto
1,10000.0,0,0.0,1,2,1,0,0,0,1,0,0,1,0,0,0,medio_alto
4,10000.0,0,0.0,1,3,1,0,0,0,1,1,1,0,0,0,0,medio_baixo
9,750000.0,4440,0.8252252252252252,4,2,1,1,1,1,1,0,1,0,0,0,0,medio_alto
4,10000.0,1,0.0,1,3,1,0,0,0,1,1,0,1,0,0,0,medio_baixo
2,10000.0,3,1.0,1,2,1,0,0,0,0,1,1,0,0,0,0,medio_alto
9,10000.0,16,0.375,1,3,1,0,0,1,1,1,0,1,0,0,0,baixo
1,10000.0,0,0.0,3,3,1,0,0,0,1,1,0,1,0,0,0,medio_baixo
2,10000.0,93,0.7311827956989247,1,3,1,0,0,0,1,1,0,0,0,0,0,alto
5,10000.0,305,0.8786885245901639,1,3,1,0,0,1,1,1,1,0,0,0,0,baixo
2,10000.0,4,1.0,2,1,1,0,0,0,0,0,1,0,0,0,0,medio_baixo
3,0.0,0,0.0,103,4,1,0,0,0,1,0,1,0,0,1,0,medio_alto
6,10000.0,5,0.6,9,4,1,0,0,1,1,1,1,1,0,0,0,medio_baixo
7,10000.0,3,1.0,1,1,1,0,0,0,1,0,0,0,0,0,0,medio_alto
5,10000.0,33,1.0,1,2,1,0,1,0,1,1,0,0,0,0,0,alto
1,10000.0,0,0.0,1,3,1,1,1,0,0,0,1,1,0,0,1,medio_alto
7,10000.0,15,0.4,1,3,1,0,0,1,1,1,1,0,0,0,0,baixo
4,10000.0,20,0.95,2,3,1,0,0,0,1,0,0,1,0,0,1,medio_baixo
5,75000.0,816,0.5453431372549019,12,2,1,0,0,0,0,1,1,0,0,0,0,medio_alto
3,350000.0,2,0.0,1,1,1,0,0,0,0,1,0,0,0,0,0,medio_baixo
2,0.0,0,0.0,0,0,1,0,0,0,0,0,0,0,0,0,0,gratuito
3,10000.0,17,0.9411764705882353,1,1,1,0,0,0,0,0,1,0,0,0,0,baixo
2,0.0,0,0.0,0,0,1,0,0,0,0,0,0,0,0,0,0,gratuito
1,10000.0,0,0.0,1,5,1,0,0,0,1,0,1,1,1,0,0,alto
4,10000.0,13,0.8461538461538461,7,3,1,0,0,1,1,0,1,0,1,0,0,baixo
2,10000.0,0,0.0,1,1,1,0,0,0,0,0,0,0,1,0,0,baixo
8,10000.0,0,0.0,1,3,1,0,0,0,0,0,0,0,0,0,1,gratuito
2,10000.0,0,0.0,1,2,1,0,0,0,1,1,0,0,0,0,0,medio_baixo
2,0.0,0,0.0,1,5,1,0,0,0,1,0,1,0,1,0,1,gratuito
2,750000.0,19046,0.7227764359970598,11,2,1,0,0,3,0,1,0,0,0,0,0,alto
3,10000.0,1,1.0,1,3,1,0,0,0,0,0,1,1,0,0,1,baixo
10,3500000.0,26622,0.7084366313575239,7,2,1,1,0,1,0,1,0,0,1,0,0,medio_baixo
7,10000.0,42,0.6904761904761905,1,2,1,0,0,0,1,0,0,0,0,0,0,gratuito
1,10000.0,0,0.0,4,1,1,0,0,0,0,0,1,0,0,0,0,alto
3,35000.0,227,0.7092511013215859,11,2,1,0,0,0,1,1,0,0,0,0,0,alto
2,10000.0,1,0.0,1,2,1,0,0,0,1,0,0,1,0,0,0,medio_baixo
1,10000.0,32,0.96875,2,2,1,1,1,1,1,0,1,0,0,0,0,alto
1,35000.0,9,0.8888888888888888,2,4,1,0,0,2,1,0,0,1,0,1,1,medio_baixo
1,0.0,0,0.0,1,3,1,0,0,0,0,0,0,0,1,1,0,alto
2,0.0,0,0.0,2,2,1,0,0,0,0,0,0,1,0,0,0,gratuito
2,10000.0,18,0.9444444444444444,1,3,1,0,0,1,1,1,1,0,0,0,0,medio_alto
5,10000.0,417,0.8705035971223022,1,6,1,0,0,0,1,1,1,1,1,0,1,baixo
5,350000.0,80,0.95,1,1,1,1,0,0,0,1,0,0,0,0,0,baixo
1,10000.0,0,0.0,2,2,1,1,1,0,1,0,0,1,0,0,0,medio_baixo
6,150000.0,9,0.5555555555555556,2,5,1,1,0,0,1,1,1,1,1,0,0,gratuito
3,7500000.0,109574,0.577518389398945,21,2,1,0,0,0,0,0,0,0,0,0,1,gratuito
1,0.0,0,0.0,103,2,1,0,0,0,1,0,0,1,0,0,0,medio_baixo
5,150000.0,1578,0.7813688212927756,7,2,1,0,0,0,0,1,1,0,0,0,0,alto
1,0.0,0,0.0,1,4,1,0,0,0,1,0,1,0,1,0,0,gratuito
8,10000.0,81,0.9135802469135802,4,2,1,0,0,1,1,1,0,0,0,0,0,medio_alto
15,1500000.0,4992,0.9224759615384616,8,2,1,1,1,1,1,0,0,0,0,0,1,medio_alto
6,10000.0,24,0.9583333333333334,2,3,1,0,0,3,1,0,1,0,1,0,0,medio_alto
5,10000.0,11,0.9090909090909091,1,2,1,0,0,0,1,1,0,0,0,0,0,gratuito
4,10000.0,18,0.7777777777777778,1,3,1,1,1,0,1,0,1,1,0,0,0,medio_alto
1,0.0,0,0.0,11,3,1,0,0,0,1,0,1,1,0,0,0,medio_alto
3,10000.0,3,1.0,1,3,1,0,0,0,1,1,1,0,0,0,0,medio_baixo
5,75000.0,0,0.0,29,3,1,0,0,1,1,1,1,0,0,0,0,medio_alto
5,35000.0,38,0.6842105263157895,1,3,1,0,0,0,1,0,1,1,0,0,0,medio_baixo
2,10000.0,1,0.0,1,4,1,1,0,0,1,0,0,1,0,1,1,alto
4,350000.0,1734,0.8500576701268743,4,5,1,1,0,0,1,0,1,0,1,1,1,alto
1,0.0,0,0.0,1,3,1,0,0,0,1,0,0,1,0,0,0,gratuito
7,10000.0,7,1.0,1,2,1,0,0,0,0,0,0,0,0,0,0,alto
1,10000.0,0,0.0,1,5,1,0,1,0,1,1,0,1,0,1,0,medio_alto
2,10000.0,8,0.75,4,4,1,0,0,0,1,1,1,1,0,0,0,medio_alto
2,35000.0,45,0.6222222222222222,3,3,1,0,0,2,1,1,0,0,0,0,0,gratuito
5,35000.0,3,0.6666666666666666,1,2,1,0,0,0,1,0,1,0,0,0,0,alto
5,10000.0,5,0.8,2,3,1,1,0,0,0,1,1,1,0,0,0,medio_alto
1,10000.0,0,0.0,8,2,1,0,0,0,0,0,0,0,0,0,1,medio_alto
11,10000.0,18,0.5555555555555556,1,3,1,0,0,0,1,1,0,0,0,0,1,baixo
10,10000.0,82,0.6341463414634146,1,4,1,1,0,0,1,0,0,1,0,0,1,medio_baixo
3,0.0,0,0.0,1,3,1,0,0,0,0,0,0,0,0,0,0,gratuito
1,10000.0,19,0.9473684210526315,10,3,1,0,0,0,1,0,1,1,0,0,0,medio_baixo
5,10000.0,227,0.920704845814978,1,2,1,0,0,0,0,0,1,1,0,0,0,medio_baixo
6,10000.0,25,0.76,1,3,1,0,0,0,1,1,0,0,0,0,0,gratuito
7,10000.0,0,0.0,2,3,1,0,0,0,1,0,0,1,0,1,0,medio_baixo
12,75000.0,193,0.6787564766839378,1,4,1,0,0,0,0,1,1,0,1,1,0,baixo
1,0.0,0,0.0,103,2,1,0,0,0,1,0,0,1,0,0,0,baixo
10,750000.0,2741,0.8661072601240423,13,4,1,0,0,1,0,1,1,1,0,1,0,baixo
4,10000.0,31,0.8064516129032258,4,4,1,0,0,0,1,1,1,1,0,0,0,medio_baixo
2,0.0,0,0.0,17,3,1,0,0,2,0,0,1,0,1,0,0,gratuito
4,0.0,0,0.0,0,0,1,0,0,0,0,0,0,0,0,0,0,gratuito
3,10000.0,0,0.0,1,3,1,0,0,0,0,1,1,0,0,0,0,medio_baixo
2,10000.0,10,1.0,1,3,1,0,0,0,1,1,0,1,0,0,0,medio_baixo
4,0.0,0,0.0,0,0,1,0,0,0,0,0,0,0,0,0,0,gratuito
1,10000.0,84,0.5595238095238095,1,2,1,0,0,0,1,1,0,0,0,0,0,alto
4,0.0,0,0.0,1,4,1,1,0,0,1,0,0,1,0,1,0,gratuito
3,350000.0,2266,0.8627537511032657,12,6,1,0,0,0,1,1,0,1,0,0,1,alto
4,10000.0,107,0.7009345794392523,1,4,1,0,0,0,1,1,0,1,0,0,1,medio_alto
2,10000.0,0,0.0,1,6,1,0,0,7,1,0,1,1,1,1,1,gratuito
1,10000.0,2,1.0,1,4,1,0,0,0,0,0,0,1,1,0,1,medio_alto
1,0.0,0,0.0,0,0,1,0,0,0,0,0,0,0,0,0,0,gratuito
12,10000.0,50,0.5,12,2,1,1,1,0,1,0,1,0,0,0,0,medio_baixo
11,150000.0,297,0.6195286195286195,7,2,1,0,1,0,0,0,0,0,0,1,0,gratuito
10,10000.0,121,0.48760330578512395,3,1,1,0,0,0,0,0,1,0,0,0,0,medio_alto
5,35000.0,57,0.7368421052631579,10,6,1,0,0,0,1,1,0,1,0,0,1,baixo
2,0.0,0,0.0,0,0,1,0,0,0,0,0,0,0,0,0,0,gratuito
7,10000.0,0,0.0,4,2,1,0,0,2,1,0,0,0,0,0,1,alto
3,10000.0,2,1.0,8,2,1,0,0,0,1,0,0,0,0,1,0,baixo
6,10000.0,0,0.0,1,1,1,0,0,0,0,1,0,0,0,0,0,baixo
11,10000.0,18,0.8333333333333334,1,3,1,1,0,0,1,0,0,1,0,0,0,alto
3,10000.0,2,0.5,1,4,1,0,0,0,1,1,1,0,0,0,0,medio_baixo
4,10000.0,0,0.0,29,3,1,0,0,0,1,1,1,0,0,0,0,medio_baixo
4,10000.0,0,0.0,1,2,1,0,0,0,1,0,1,0,0,0,0,baixo
1,0.0,0,0.0,1,2,1,0,1,0,1,1,0,0,0,0,0,medio_baixo
9,10000.0,100,0.73,1,5,1,1,0,0,1,0,1,1,1,0,1,alto
5,10000.0,128,0.921875,5,2,1,0,0,0,0,1,0,0,0,0,1,alto
4,10000.0,607,0.8401976935749588,1,3,1,1,0,1,1,1,0,0,0,1,0,medio_baixo
15,10000.0,55,0.7272727272727273,2,3,1,0,0,0,0,1,0,0,0,0,0,alto
14,350000.0,2321,0.7242567858681602,4,2,1,0,0,3,0,1,0,0,1,0,0,alto
2,10000.0,24,0.8333333333333334,1,3,1,0,1,0,1,1,0,1,0,0,0,baixo
2,10000.0,168,0.9880952380952381,3,3,1,1,1,0,1,0,0,0,1,0,1,medio_baixo
2,10000.0,64,0.90625,7,1,1,1,0,0,0,0,1,0,0,0,0,medio_alto
5,10000.0,14,0.9285714285714286,103,1,1,0,0,0,0,0,1,0,0,0,0,baixo
7,10000.0,1,0.0,1,4,1,0,0,0,1,1,1,1,0,0,0,medio_alto
4,35000.0,17,0.8823529411764706,1,1,1,1,1,1,0,0,0,1,0,0,0,alto
2,10000.0,29,0.6896551724137931,7,3,1,0,0,0,1,1,1,0,0,0,0,baixo
4,0.0,0,0.0,1,4,1,0,0,0,1,0,1,1,0,0,0,gratuito
1,0.0,0,0.0,6,4,1,0,0,0,0,1,0,0,0,1,0,gratuito
3,10000.0,1,1.0,4,3,1,0,0,0,1,0,0,1,0,0,1,medio_alto
7,10000.0,12,0.6666666666666666,2,3,1,0,1,0,1,1,1,0,0,0,0,medio_alto
1,0.0,0,0.0,9,6,1,0,0,0,1,1,1,0,1,0,1,gratuito
6,10000.0,0,0.0,1,1,1,0,0,0,0,1,0,0,0,0,0,alto
2,10000.0,0,0.0,2,2,1,0,0,0,1,0,1,0,0,0,0,medio_baixo
1,0.0,0,0.0,6,1,1,0,0,6,0,0,1,0,0,0,0,alto
1,10000.0,4,1.0,8,5,1,0,0,0,1,1,0,1,0,1,1,medio_baixo
3,10000.0,22,0.5,1,2,1,0,0,0,1,0,1,0,0,0,0,baixo
13,350000.0,644,0.6645962732919255,7,3,1,0,0,0,1,1,0,0,0,0,0,baixo
11,10000.0,24,0.8333333333333334,1,2,1,1,0,0,1,0,0,1,0,0,0,medio_baixo
1,0.0,0,0.0,1,3,1,0,0,0,1,0,1,0,0,0,1,medio_alto
5,10000.0,0,0.0,11,3,1,0,0,0,1,0,1,1,0,0,0,baixo
7,10000.0,0,0.0,1,2,1,1,1,0,0,0,1,1,0,0,0,baixo
2,0.0,0,0.0,0,0,1,0,0,0,0,0,0,0,0,0,0,gratuito
4,0.0,0,0.0,1,5,1,1,1,0,1,0,0,1,1,0,1,gratuito
4,10000.0,0,0.0,1,2,1,0,0,5,0,0,0,0,0,0,0,alto
1,0.0,0,0.0,1,2,1,0,0,1,1,1,0,0,0,0,0,baixo
6,10000.0,18,0.7777777777777778,5,2,1,0,0,0,1,0,1,0,0,0,0,baixo
3,10000.0,1,1.0,6,3,1,0,0,0,1,1,1,0,0,0,0,medio_baixo
7,35000.0,162,0.7098765432098766,2,2,1,0,0,0,1,0,0,0,1,0,0,medio_alto
2,10000.0,0,0.0,2,1,1,0,0,0,0,0,0,1,0,0,0,medio_alto
7,10000.0,0,0.0,1,2,1,0,0,2,1,0,0,1,0,0,0,baixo
3,10000.0,2,0.5,2,2,1,0,0,0,1,0,1,0,0,0,0,medio_baixo
2,10000.0,0,0.0,1,4,1,1,0,1,1,0,1,1,0,0,1,medio_alto
8,10000.0,2,1.0,1,3,1,0,0,0,1,1,0,1,0,0,0,medio_alto
4,35000.0,7,1.0,1,2,1,1,0,0,1,1,0,0,0,0,0,medio_alto
2,10000.0,8,0.875,8,4,1,0,0,1,1,0,0,1,0,1,1,alto
2,0.0,0,0.0,1,3,1,1,1,0,1,1,0,0,0,0,0,gratuito
4,35000.0,9,0.5555555555555556,1,3,1,0,0,0,1,1,1,0,0,0,0,baixo
1,0.0,0,0.0,0,0,1,0,0,0,0,0,0,0,0,0,0,gratuito
15,1500000.0,21016,0.8052436239055958,1,5,1,0,0,2,0,1,1,0,1,0,0,gratuito
5,10000.0,72,0.875,7,4,1,0,0,0,0,0,1,1,1,0,0,gratuito
8,10000.0,15,0.8,1,5,1,0,0,0,1,0,1,1,1,0,0,gratuito
2,0.0,0,0.0,1,4,1,0,0,0,1,0,1,1,0,1,0,gratuito
5,10000.0,11,1.0,1,3,1,1,1,0,1,0,0,0,0,1,1,alto
6,10000.0,85,0.8470588235294118,1,1,1,0,0,0,1,0,0,0,0,0,0,gratuito
1,0.0,0,0.0,21,4,1,0,0,0,1,0,0,1,0,0,1,gratuito
3,0.0,0,0.0,103,1,1,0,0,0,0,0,0,1,0,0,0,baixo
4,10000.0,0,0.0,1,2,1,0,0,0,1,0,0,1,0,0,0,baixo
5,35000.0,9,0.8888888888888888,1,3,1,0,0,0,0,0,0,1,0,1,1,medio_alto
2,10000.0,11,0.5454545454545454,1,2,1,0,0,0,0,1,0,0,0,0,0,medio_alto
2,0.0,0,0.0,1,5,1,0,0,0,1,1,1,1,0,0,0,gratuito
6,150000.0,59,0.8983050847457628,1,3,1,0,0,0,1,1,1,0,0,0,0,gratuito
8,10000.0,71,0.7605633802816901,29,3,1,0,0,0,1,0,1,1,0,0,0,baixo
7,10000.0,2,0.5,1,3,1,0,0,0,0,1,0,0,0,1,0,medio_baixo
2,10000.0,1,0.0,10,3,1,0,0,0,1,0,0,0,0,1,1,alto
3,10000.0,2,0.5,1,3,1,0,0,0,1,0,0,0,0,0,0,medio_baixo
1,0.0,0,0.0,0,0,1,0,0,0,0,0,0,0,0,0,0,gratuito
3,10000.0,0,0.0,21,3,1,0,0,1,1,0,0,1,0,1,0,baixo
1,0.0,0,0.0,103,3,1,0,0,0,1,0,1,1,0,0,0,medio_baixo
2,10000.0,3,1.0,2,3,1,0,0,0,1,1,1,0,0,0,0,alto
3,10000.0,0,0.0,4,4,1,0,0,0,1,0,1,0,1,0,1,alto
3,10000.0,2,0.5,1,2,1,0,0,0,0,1,0,1,0,0,0,baixo
6,10000.0,0,0.0,1,5,1,0,0,0,1,1,1,1,0,0,1,medio_baixo
6,10000.0,1,1.0,1,4,1,0,0,0,1,1,1,1,0,0,0,baixo
9,10000.0,26,0.6153846153846154,10,2,1,0,0,0,0,1,0,0,0,1,0,alto
2,10000.0,0,0.0,2,3,1,1,0,0,1,0,1,0,0,0,0,alto
2,10000.0,0,0.0,1,4,1,0,0,1,1,1,1,0,1,0,0,alto
7,10000.0,1,1.0,1,1,1,0,0,0,1,0,0,0,0,0,0,baixo
6,35000.0,331,0.8338368580060423,3,2,1,0,0,0,1,0,0,0,1,0,0,alto
1,0.0,0,0.0,1,2,1,0,0,0,1,1,0,0,0,0,0,medio_baixo
1,10000.0,0,0.0,2,4,1,0,0,0,1,0,1,1,1,0,0,medio_baixo
8,10000.0,6,0.0,1,3,1,0,0,0,1,1,1,0,0,0,0,baixo
5,10000.0,7,0.8571428571428571,1,2,1,1,1,1,0,1,0,1,0,0,0,medio_baixo
2,10000.0,12,0.3333333333333333,10,2,1,0,0,0,1,0,0,0,0,0,1,medio_alto
4,0.0,0,0.0,1,4,1,0,0,0,1,1,0,1,0,0,0,gratuito
2,10000.0,0,0.0,1,3,1,0,0,0,1,0,1,1,0,0,0,baixo
5,10000.0,251,0.9681274900398407,1,1,1,0,0,0,0,0,0,0,0,0,0,medio_alto
7,10000.0,4,1.0,1,4,1,0,0,0,1,1,1,1,0,0,0,alto
5,10000.0,1,1.0,3,6,1,0,1,0,1,1,1,1,1,0,0,medio_alto
1,10000.0,0,0.0,20,3,1,0,0,0,1,1,0,1,0,0,0,baixo
1,10000.0,7,0.8571428571428571,1,3,1,0,1,0,1,1,1,0,0,0,0,medio_alto
8,10000.0,13,0.6923076923076923,1,3,1,0,0,0,1,1,0,0,0,0,0,gratuito
5,0.0,0,0.0,1,3,1,1,0,0,0,0,0,1,0,0,1,gratuito
3,0.0,0,0.0,9,3,1,0,0,0,0,0,0,0,1,0,0,gratuito
1,0.0,0,0.0,1,3,1,0,0,0,1,0,1,1,0,0,0,alto
9,10000.0,25,0.76,1,2,1,0,0,0,1,1,0,0,0,0,0,medio_alto
2,10000.0,0,0.0,4,4,1,0,0,0,1,0,0,1,1,0,1,alto
9,10000.0,33,0.15151515151515152,1,5,1,0,0,0,1,1,1,0,1,0,0,alto
2,10000.0,0,0.0,2,5,1,1,0,0,0,0,1,1,1,1,0,gratuito
2,10000.0,0,0.0,5,4,1,0,0,0,1,1,1,0,1,0,0,medio_baixo
2,10000.0,6,1.0,1,4,1,0,0,0,1,1,1,1,0,0,0,alto
9,350000.0,268,0.8283582089552238,1,6,1,0,0,3,0,1,1,0,1,1,0,gratuito
1,10000.0,0,0.0,6,3,1,1,1,1,1,1,0,1,0,0,0,alto
5,10000.0,15,1.0,7,2,1,0,0,0,1,0,0,1,0,0,0,medio_baixo
3,10000.0,0,0.0,1,3,1,0,0,0,1,1,1,0,0,0,0,alto
1,10000.0,0,0.0,2,3,1,0,0,1,1,0,0,0,1,1,0,medio_alto
2,10000.0,18,0.8888888888888888,3,2,1,0,0,0,0,0,1,0,0,1,0,baixo
2,10000.0,0,0.0,1,3,1,0,0,0,1,1,0,0,0,1,0,medio_alto
4,0.0,0,0.0,3,1,1,0,0,0,0,0,0,0,1,0,0,gratuito
6,75000.0,119,0.8151260504201681,1,3,1,1,0,0,1,0,0,0,1,0,0,gratuito
3,10000.0,7,1.0,1,4,1,1,0,0,1,1,1,0,1,0,0,medio_alto
7,10000.0,10,0.3,3,3,1,0,0,0,0,1,0,1,0,0,1,alto
11,10000.0,56,0.375,1,2,1,0,0,0,1,0,1,0,0,0,0,alto
4,10000.0,15,1.0,1,4,1,0,1,1,1,1,0,0,0,0,0,medio_alto
7,10000.0,13,0.7692307692307693,1,3,1,0,0,0,1,1,1,0,0,0,0,gratuito
8,10000.0,11,0.7272727272727273,1,2,1,1,1,0,1,0,0,0,0,0,1,medio_baixo
10,10000.0,3,1.0,1,4,1,0,0,0,1,1,0,1,0,0,0,medio_alto
2,0.0,0,0.0,0,0,1,0,0,0,0,0,0,0,0,0,0,gratuito
2,0.0,0,0.0,1,7,1,1,0,0,1,1,0,1,0,1,1,gratuito
9,35000.0,72,0.3472222222222222,1,8,1,0,0,0,1,1,1,1,0,0,0,baixo
8,10000.0,3,0.3333333333333333,5,2,1,0,0,0,1,0,0,0,0,1,0,medio_baixo
9,10000.0,30,0.8333333333333334,1,3,1,0,0,0,1,1,1,0,0,0,0,alto
4,0.0,0,0.0,0,0,1,0,0,0,0,0,0,0,0,0,0,gratuito
10,3500000.0,82379,0.8280386991830442,16,2,1,0,0,30,0,1,1,0,0,0,0,medio_alto
14,150000.0,1492,0.8398123324396782,1,3,1,1,1,0,1,1,0,1,0,0,0,medio_alto
4,10000.0,46,0.7608695652173914,1,1,1,0,0,0,1,0,0,0,0,0,0,baixo
8,10000.0,67,0.7164179104477612,4,1,1,0,0,0,0,0,1,0,0,0,0,baixo
2,10000.0,13,0.9230769230769231,1,2,1,0,1,2,1,0,1,0,0,0,0,alto
10,10000.0,39,0.6923076923076923,1,3,1,0,0,0,1,1,1,0,0,0,0,baixo
1,10000.0,147,0.6666666666666666,5,4,1,0,0,0,1,0,1,0,0,1,1,medio_baixo
1,10000.0,0,0.0,7,3,1,1,0,0,1,0,0,1,0,1,0,medio_baixo
8,1500000.0,10679,0.8412772731529169,14,4,1,0,0,3,1,1,0,0,0,1,0,gratuito
1,10000.0,0,0.0,1,4,1,0,0,0,1,0,1,1,0,0,0,medio_alto
2,10000.0,28,0.5714285714285714,1,2,1,0,0,0,0,1,0,0,1,0,0,alto
4,75000.0,218,0.591743119266055,1,3,1,0,0,0,1,0,0,0,0,1,1,baixo
7,10000.0,5,1.0,4,4,1,0,0,0,1,1,0,1,0,0,0,alto
6,10000.0,2,0.5,2,3,1,0,0,0,0,0,1,0,1,0,1,alto
4,10000.0,0,0.0,1,4,1,0,1,0,0,0,1,0,1,1,1,alto
2,10000.0,7,1.0,1,1,1,0,0,0,0,0,0,1,0,0,0,medio_baixo
8,750000.0,11004,0.9200290803344239,1,2,1,1,0,0,1,1,0,0,0,0,0,medio_baixo
5,150000.0,35,0.9714285714285714,1,1,1,0,0,0,0,0,0,0,0,0,0,medio_baixo
8,10000.0,6,0.6666666666666666,1,4,1,0,0,0,1,0,0,1,0,1,0,alto
2,10000.0,2,1.0,2,2,1,0,0,0,0,0,0,1,0,0,0,baixo
8,10000.0,60,0.4,20,5,1,1,1,0,1,1,1,1,1,0,0,alto
1,0.0,0,0.0,0,0,1,0,0,0,0,0,0,0,0,0,0,gratuito
12,1500000.0,45723,0.782319620322376,15,2,1,0,0,4,0,1,1,0,0,0,0,medio_alto
6,35000.0,19,0.6842105263157895,3,2,1,0,0,0,0,0,1,1,0,0,0,medio_alto
6,10000.0,0,0.0,1,2,1,0,0,2,1,0,0,1,0,0,0,baixo
2,10000.0,11,1.0,4,2,1,0,0,0,1,1,0,0,0,0,0,baixo
5,350000.0,3807,0.7333858681376412,11,4,1,0,0,0,1,1,1,0,1,0,0,medio_baixo
4,35000.0,3,0.6666666666666666,1,2,1,0,0,0,0,1,0,1,0,0,0,medio_alto
1,10000.0,0,0.0,1,3,1,0,0,0,1,0,0,1,0,0,1,baixo
16,350000.0,1257,0.8989657915672236,6,3,1,1,1,0,1,0,0,1,0,1,0,baixo
6,10000.0,26,0.5384615384615384,1,3,1,0,0,0,0,1,0,0,0,0,1,baixo
1,10000.0,2,1.0,1,3,1,0,0,0,1,1,0,0,0,0,0,alto
7,350000.0,1511,0.8166776968894772,2,2,1,1,0,3,1,1,0,0,0,0,0,baixo
1,0.0,0,0.0,1,4,1,0,0,0,1,1,1,0,0,0,0,gratuito
11,35000.0,228,0.5745614035087719,1,2,1,1,1,0,1,0,1,0,0,0,0,alto
5,10000.0,8,1.0,2,4,1,1,0,0,1,1,1,1,0,0,0,alto
7,10000.0,58,0.7413793103448276,2,1,1,1,1,1,1,0,0,0,0,0,0,baixo
2,10000.0,7,0.8571428571428571,4,5,1,0,0,0,1,1,0,1,0,1,1,baixo
5,10000.0,14,1.0,1,2,1,1,1,0,1,1,0,0,0,0,0,medio_baixo
1,10000.0,1,1.0,2,2,1,0,0,0,1,0,0,0,0,1,0,alto
6,10000.0,1,1.0,4,1,1,1,0,0,0,0,0,1,0,0,0,baixo
1,10000.0,0,0.0,1,2,1,0,0,0,1,0,0,0,0,0,1,medio_alto
3,150000.0,1567,0.6317804722399489,13,4,1,0,0,1,1,1,0,0,0,1,1,alto
2,0.0,0,0.0,1,4,1,0,0,0,1,0,0,1,0,1,0,gratuito
9,10000.0,71,0.8873239436619719,7,2,1,1,1,0,1,1,0,0,0,0,0,baixo
9,35000.0,21,0.47619047619047616,1,2,1,0,0,0,1,0,0,0,0,1,0,medio_alto
5,0.0,0,0.0,7,4,1,1,1,0,0,0,0,1,0,0,0,gratuito
7,10000.0,3,1.0,1,3,1,0,0,0,1,1,0,1,0,0,0,alto
3,0.0,0,0.0,103,5,1,0,0,0,1,0,1,1,0,1,1,medio_baixo
3,10000.0,4,1.0,1,2,1,0,0,0,1,1,0,0,0,0,0,baixo
1,10000.0,0,0.0,1,2,1,1,1,0,0,0,1,0,1,0,0,medio_alto
2,10000.0,19,0.6842105263157895,1,3,1,0,0,0,1,0,0,1,0,1,0,alto
3,0.0,0,0.0,0,0,1,0,0,0,0,0,0,0,0,0,0,gratuito
2,10000.0,0,0.0,2,2,1,0,0,0,1,0,0,0,0,1,0,alto
1,0.0,0,0.0,1,4,1,0,0,0,1,0,0,1,0,1,0,gratuito
1,10000.0,2,0.5,10,3,1,0,0,0,1,0,0,1,0,0,1,medio_alto
2,10000.0,0,0.0,1,2,1,0,0,0,0,1,0,1,0,0,0,alto
7,10000.0,1,0.0,1,1,1,0,0,0,1,0,0,0,0,0,0,baixo
1,10000.0,0,0.0,1,2,1,0,0,0,0,0,1,1,0,0,0,medio_alto
2,10000.0,0,0.0,3,2,1,0,0,1,1,0,1,0,0,0,0,medio_baixo
1,10000.0,0,0.0,1,1,1,0,0,0,0,0,0,0,0,1,0,medio_alto
10,350000.0,2043,0.811062163485071,1,2,1,0,0,1,1,0,1,0,0,0,0,medio_baixo
2,10000.0,0,0.0,1,3,1,0,0,0,1,1,1,0,0,0,0,medio_baixo
1,0.0,0,0.0,0,0,1,0,0,0,0,0,0,0,0,0,0,gratuito
10,150000.0,2596,0.9799691833590138,5,3,1,0,0,2,1,1,1,0,0,0,0,medio_alto
1,0.0,0,0.0,103,8,1,1,1,0,1,1,1,1,1,1,1,alto
2,0.0,0,0.0,13,5,1,1,1,0,1,0,0,1,0,1,1,gratuito
4,10000.0,3,1.0,1,1,1,0,0,0,0,0,0,0,0,0,1,baixo
4,35000.0,12,0.25,1,7,1,0,0,0,1,1,1,1,1,1,1,alto
8,10000.0,553,0.8390596745027125,4,1,1,0,0,0,0,0,0,0,0,1,0,alto
2,10000.0,177,0.9322033898305084,7,1,1,1,1,0,1,0,0,0,0,0,0,medio_baixo
2,75000.0,38,0.7631578947368421,1,3,1,0,0,0,1,0,1,0,1,0,0,medio_alto
1,10000.0,0,0.0,1,2,1,0,0,0,1,0,0,1,0,0,0,medio_baixo
4,0.0,0,0.0,0,0,1,0,0,0,0,0,0,0,0,0,0,gratuito
6,750000.0,6663,0.9686327480114063,24,4,1,0,0,0,1,1,0,1,0,0,1,alto
11,750000.0,14059,0.8766626360338573,5,1,1,1,0,0,0,0,0,0,0,0,0,baixo
3,10000.0,22,0.9545454545454546,2,2,1,0,0,0,1,1,0,0,0,0,0,medio_baixo
5,35000.0,41,0.926829268292683,1,4,1,1,1,0,0,0,0,1,0,1,1,alto
2,0.0,0,0.0,103,2,1,0,0,0,0,0,0,1,0,1,0,baixo
3,10000.0,1,1.0,1,3,1,0,0,2,1,0,1,0,1,0,0,medio_alto
12,150000.0,3158,0.9696010132995567,6,2,1,0,0,1,0,0,1,0,1,0,0,medio_alto
8,10000.0,49,0.673469387755102,1,2,1,0,0,0,1,0,0,1,0,0,0,medio_baixo
3,10000.0,2,1.0,30,3,1,0,0,0,1,1,0,1,0,0,0,medio_alto
8,35000.0,795,0.8603773584905661,3,1,1,0,0,1,0,0,1,0,0,0,0,alto
8,10000.0,8,0.75,1,3,1,1,1,0,1,0,0,1,0,0,1,medio_alto
9,35000.0,5,0.6,1,4,1,0,0,0,1,1,1,0,1,0,0,medio_baixo
6,35000.0,73,0.9178082191780822,1,1,1,0,0,0,0,0,0,0,0,0,0,gratuito
3,10000.0,90,0.8222222222222222,2,7,1,0,1,0,1,1,1,1,1,0,1,alto
8,10000.0,9,0.5555555555555556,5,2,1,0,0,0,1,0,0,0,0,0,1,medio_alto
2,10000.0,5,0.8,1,3,1,0,0,1,1,0,0,1,0,1,0,baixo
4,10000.0,2,1.0,1,4,1,0,0,0,1,1,1,0,0,0,0,medio_alto
8,10000.0,37,0.7297297297297297,1,2,1,0,0,0,0,1,0,0,0,0,0,alto
6,75000.0,3,0.3333333333333333,1,2,1,0,0,0,1,1,0,0,0,0,0,baixo
3,10000.0,382,0.856020942408377,4,2,1,0,0,8,1,0,1,0,0,0,0,alto
6,10000.0,25,0.6,1,3,1,0,0,0,1,0,1,0,0,0,1,medio_alto
11,10000.0,218,0.3211009174311927,1,1,1,1,1,0,0,0,0,1,0,0,0,baixo
8,10000.0,38,0.6052631578947368,1,3,1,0,0,0,1,0,1,1,0,0,0,medio_baixo
3,0.0,0,0.0,0,0,1,0,0,0,0,0,0,0,0,0,0,gratuito
1,0.0,0,0.0,2,3,1,0,0,0,1,0,0,1,0,0,1,alto
1,0.0,0,0.0,4,3,1,0,0,0,1,0,1,1,0,0,0,medio_baixo
3,10000.0,0,0.0,1,4,1,0,0,0,1,1,0,0,0,0,0,alto
2,35000.0,2,1.0,1,4,1,0,0,0,1,1,1,0,1,0,0,alto
9,75000.0,566,0.9169611307420494,1,2,1,0,0,0,1,0,0,1,0,0,0,baixo
1,0.0,0,0.0,1,4,1,0,0,0,1,1,1,0,0,0,0,gratuito
5,10000.0,21,0.8571428571428571,1,3,1,0,0,0,1,1,0,1,0,0,0,alto
13,75000.0,600,0.8733333333333333,1,3,1,0,0,0,1,0,0,1,0,1,0,medio_baixo
1,0.0,0,0.0,1,3,1,0,0,0,1,0,1,1,0,0,0,baixo
1,10000.0,0,0.0,1,3,1,0,0,0,1,1,1,0,0,0,0,alto
10,10000.0,6,1.0,1,1,1,0,0,0,0,0,0,1,0,0,0,medio_baixo
1,0.0,0,0.0,1,1,1,0,0,0,0,0,0,0,1,0,0,alto
6,10000.0,5,0.6,2,1,1,1,0,0,1,0,0,0,0,0,0,medio_alto
4,10000.0,1,1.0,2,3,1,0,0,0,0,0,0,0,0,1,1,medio_baixo
4,35000.0,122,0.819672131147541,10,2,1,0,0,0,0,0,0,0,0,1,1,medio_baixo
2,0.0,0,0.0,1,5,1,0,0,0,1,1,0,0,1,1,0,gratuito
9,35000.0,112,0.5892857142857143,1,2,1,0,0,0,1,0,0,1,0,0,0,baixo
7,75000.0,537,0.6741154562383612,5,5,1,0,0,0,1,1,1,0,0,1,0,alto
4,10000.0,0,0.0,1,3,1,0,0,0,1,1,0,1,0,0,0,medio_alto
11,10000.0,35,0.6571428571428571,1,1,1,0,0,0,0,0,1,0,0,0,0,baixo
10,350000.0,545,0.7614678899082569,1,4,1,0,0,0,1,1,0,0,0,0,1,gratuito
1,0.0,0,0.0,3,3,1,0,0,0,1,0,0,1,0,0,1,baixo
4,0.0,0,0.0,0,0,1,0,0,0,0,0,0,0,0,0,0,gratuito
4,0.0,0,0.0,0,0,1,0,0,0,0,0,0,0,0,0,0,gratuito
10,350000.0,3204,0.9419475655430711,1,2,1,0,0,12,0,0,0,0,1,1,0,alto
4,10000.0,17,0.5294117647058824,2,4,1,0,0,0,1,1,1,0,1,0,0,alto
9,10000.0,20,0.8,1,4,1,0,0,0,1,0,0,1,0,0,0,gratuito
10,10000.0,12,0.3333333333333333,2,2,1,0,0,0,1,0,0,0,0,0,0,alto
2,10000.0,3,1.0,13,6,1,0,0,0,1,1,1,1,0,1,0,medio_alto
4,10000.0,1,0.0,1,7,1,0,0,0,1,1,1,1,0,1,1,medio_alto
6,35000.0,198,0.797979797979798,5,5,1,1,1,0,1,0,1,1,0,1,1,medio_baixo
8,10000.0,25,0.72,1,2,1,0,0,0,1,0,0,1,0,0,0,medio_baixo
13,1500000.0,16398,0.9222466154409075,15,2,1,1,1,5,0,0,1,0,1,0,0,medio_alto
3,10000.0,38,0.9736842105263158,8,2,1,0,0,1,1,0,1,0,0,0,0,medio_alto
1,10000.0,0,0.0,1,4,1,0,0,1,1,0,0,1,0,1,1,medio_baixo
6,10000.0,18,0.8888888888888888,3,3,1,0,0,0,1,0,0,0,0,1,0,medio_alto
1,0.0,0,0.0,103,2,1,0,0,0,1,0,0,1,0,0,0,medio_baixo
5,10000.0,11,0.6363636363636364,1,2,1,0,0,0,1,1,0,0,0,0,0,medio_baixo
5,35000.0,5,0.4,1,2,1,0,0,1,1,0,0,0,1,0,0,baixo
3,10000.0,0,0.0,30,2,1,0,0,0,1,0,0,1,0,0,0,baixo
3,10000.0,2,1.0,1,2,1,0,0,0,0,0,0,1,0,0,1,alto
4,10000.0,8,1.0,1,1,1,1,0,0,0,0,0,1,0,0,0,medio_alto
5,10000.0,10,0.7,1,2,1,0,0,0,1,0,0,1,0,0,0,medio_baixo
2,75000.0,437,0.8604118993135011,1,4,1,0,0,0,1,1,1,0,1,0,0,alto
6,10000.0,2,1.0,1,3,1,0,0,0,1,1,0,0,0,0,0,medio_alto
3,0.0,0,0.0,0,0,1,0,0,0,0,0,0,0,0,0,0,gratuito
1,10000.0,0,0.0,3,4,1,0,0,0,1,0,1,0,1,0,0,alto
5,10000.0,0,0.0,1,1,1,1,0,0,0,1,0,0,0,0,0,alto
8,35000.0,117,0.8290598290598291,1,3,1,1,1,1,1,0,1,1,0,0,0,gratuito
4,35000.0,154,0.5,1,3,1,0,0,0,1,0,0,0,1,1,0,medio_alto
7,10000.0,23,0.8260869565217391,1,1,1,0,0,0,0,0,0,1,0,0,0,gratuito
16,150000.0,925,0.8216216216216217,1,3,1,0,0,0,0,0,0,0,1,1,1,medio_baixo
1,0.0,0,0.0,2,3,1,0,0,0,1,1,0,0,1,0,0,medio_alto
5,10000.0,3,0.3333333333333333,1,1,1,0,0,0,1,0,0,0,0,0,0,medio_baixo
8,10000.0,56,0.2857142857142857,1,3,1,0,0,0,1,0,1,1,0,0,0,baixo
5,0.0,0,0.0,0,0,1,0,0,0,0,0,0,0,0,0,0,gratuito
3,0.0,0,0.0,103,2,1,0,0,0,1,0,0,1,0,0,0,baixo
4,10000.0,0,0.0,1,2,1,0,0,0,1,0,0,1,0,0,0,baixo
4,10000.0,8,0.875,2,5,1,0,0,0,1,1,1,1,0,1,0,alto
2,10000.0,2,0.5,1,2,1,0,0,0,1,0,0,1,0,0,0,alto
6,10000.0,0,0.0,1,1,1,1,1,1,1,0,0,0,0,0,0,alto
2,10000.0,6,1.0,8,4,1,0,0,0,1,1,1,1,0,0,0,medio_baixo
4,10000.0,2,1.0,1,4,1,0,0,1,0,0,0,1,0,1,1,medio_alto
2,10000.0,23,0.7391304347826086,7,1,1,0,0,0,0,1,0,0,0,0,0,baixo
9,10000.0,15,0.9333333333333333,1,4,1,1,1,0,1,1,0,0,0,1,1,medio_alto
6,10000.0,185,1.0,1,1,1,0,0,0,0,0,0,0,0,0,0,gratuito
7,35000.0,397,0.8287153652392947,5,5,1,0,0,0,1,1,1,1,1,0,0,baixo
3,10000.0,2,0.5,2,3,1,0,1,0,1,0,1,0,1,0,0,baixo
1,10000.0,0,0.0,1,2,1,0,0,0,0,1,0,1,0,0,0,baixo
4,10000.0,16,0.75,2,5,1,0,0,0,1,1,1,1,0,0,0,baixo
2,10000.0,48,0.8333333333333334,3,2,1,0,0,0,0,1,1,0,0,0,0,medio_alto
1,0.0,0,0.0,1,3,1,0,0,0,0,1,0,1,0,0,0,gratuito
3,35000.0,1,1.0,5,3,1,0,0,0,1,0,0,1,0,1,0,baixo
2,10000.0,19,0.7894736842105263,1,2,1,0,0,0,1,0,1,0,0,0,0,medio_baixo
5,10000.0,3,0.6666666666666666,1,1,1,0,0,0,0,0,0,1,0,0,0,medio_baixo
3,10000.0,5,1.0,1,2,1,0,0,0,1,1,0,0,0,0,0,medio_alto
6,75000.0,19,0.3684210526315789,1,4,1,0,0,0,0,0,0,1,1,0,0,gratuito
8,10000.0,76,0.868421052631579,6,3,1,0,0,0,1,0,0,0,1,1,0,medio_baixo
4,0.0,0,0.0,1,3,1,0,0,0,1,0,0,1,0,0,0,gratuito
1,350000.0,1,0.0,1,5,1,0,0,0,1,1,1,1,1,0,0,medio_alto
1,10000.0,4,1.0,1,3,1,0,0,0,1,0,0,0,0,0,0,alto
2,10000.0,3,0.0,2,2,1,0,0,0,1,0,0,0,1,0,0,baixo
7,150000.0,434,0.8064516129032258,1,2,1,0,0,1,1,0,1,0,0,0,0,baixo
12,35000.0,159,0.7735849056603774,3,2,1,0,0,0,0,0,0,0,1,1,0,baixo
1,10000.0,1,1.0,1,4,1,0,0,0,1,0,1,1,1,0,0,medio_alto
3,10000.0,6,0.8333333333333334,7,3,1,0,0,0,1,1,0,1,0,0,0,medio_alto
7,10000.0,20,0.5,1,3,1,0,0,1,1,0,0,1,0,0,1,medio_baixo
3,10000.0,11,0.9090909090909091,10,4,1,1,1,0,1,0,0,1,0,1,1,medio_baixo
1,10000.0,2,0.5,1,2,1,0,0,0,1,0,0,0,1,0,0,alto
7,10000.0,10,0.6,1,4,1,0,0,0,1,1,0,1,1,0,0,medio_alto
3,10000.0,3,0.0,1,3,1,0,0,0,0,1,0,1,0,0,0,medio_alto
2,10000.0,0,0.0,1,1,1,0,0,0,0,0,0,1,0,0,0,medio_alto
1,0.0,0,0.0,103,2,1,0,0,0,1,0,0,1,0,0,0,baixo
5,10000.0,0,0.0,1,1,1,0,0,2,0,0,1,0,0,0,0,medio_alto
6,10000.0,17,0.8235294117647058,6,3,1,1,1,0,1,0,1,1,0,0,0,medio_baixo
7,10000.0,80,0.9625,11,2,1,1,1,0,1,1,0,0,0,0,0,baixo
3,10000.0,105,0.7142857142857143,6,3,1,0,0,0,1,0,1,0,0,0,0,alto
1,10000.0,2,1.0,1,2,1,0,0,0,1,0,0,1,0,0,0,medio_alto
6,10000.0,1,1.0,2,3,1,0,0,0,1,0,1,0,0,0,1,medio_baixo
4,10000.0,0,0.0,3,1,1,0,0,1,0,0,0,0,1,0,0,medio_baixo
7,35000.0,154,0.7792207792207793,1,3,1,0,0,0,1,1,0,0,0,0,0,medio_alto
18,10000.0,9,0.4444444444444444,1,1,1,0,0,0,0,0,0,1,0,0,0,medio_baixo
4,10000.0,2,1.0,2,4,1,0,0,0,1,1,1,0,0,0,0,baixo
1,0.0,0,0.0,0,0,1,0,0,0,0,0,0,0,0,0,0,gratuito
9,10000.0,78,0.8974358974358975,1,3,1,0,0,0,1,1,1,0,0,0,0,baixo
4,10000.0,182,0.8461538461538461,14,5,1,0,0,0,1,0,0,1,1,1,1,medio_baixo
6,35000.0,120,0.7333333333333333,6,4,1,0,0,0,1,1,1,0,0,0,0,gratuito
9,10000.0,1,0.0,3,4,1,0,0,0,1,1,1,0,0,1,0,alto
6,10000.0,1,1.0,1,4,1,0,0,0,1,1,0,1,0,0,0,alto
4,10000.0,13,0.8461538461538461,1,5,1,0,0,0,1,1,1,1,0,0,1,medio_alto
9,10000.0,20,0.65,1,3,1,0,0,0,1,0,1,0,0,0,1,medio_baixo
2,0.0,0,0.0,0,0,1,0,0,0,0,0,0,0,0,0,0,gratuito
6,35000.0,23,0.9565217391304348,3,1,1,0,0,0,0,1,0,0,0,0,0,medio_baixo
4,0.0,0,0.0,2,2,1,0,0,0,1,0,1,0,0,0,0,gratuito
4,10000.0,9,0.8888888888888888,1,2,1,0,0,0,1,0,0,1,0,0,0,baixo
9,10000.0,3,1.0,1,2,1,0,0,0,1,1,0,0,0,0,0,medio_alto
4,35000.0,739,0.9012178619756428,18,1,1,0,0,1,0,0,1,0,0,0,0,alto
3,10000.0,0,0.0,7,4,1,0,0,0,0,1,1,0,1,0,0,gratuito
2,10000.0,2,1.0,2,3,1,0,0,0,1,1,1,0,0,0,0,medio_baixo
9,10000.0,9,0.6666666666666666,2,3,1,0,0,0,1,0,1,0,0,0,0,alto
6,10000.0,5,0.6,1,5,1,0,0,0,1,1,1,1,0,0,0,gratuito
1,0.0,0,0.0,12,5,1,0,0,0,1,0,0,1,0,0,1,medio_alto
5,0.0,0,0.0,0,0,1,0,0,0,0,0,0,0,0,0,0,gratuito
2,0.0,0,0.0,0,0,1,0,0,0,0,0,0,0,0,0,0,gratuito
18,1500000.0,17611,0.9519050593379138,3,1,1,0,0,0,0,0,0,0,0,1,0,gratuito
4,0.0,0,0.0,1,2,1,0,0,0,1,0,0,0,0,0,0,gratuito
4,10000.0,2,1.0,1,2,1,0,0,0,1,1,0,0,0,0,0,medio_alto
6,35000.0,450,0.96,1,4,1,0,0,0,1,1,0,1,0,0,0,gratuito
2,150000.0,26,0.9230769230769231,3,3,1,1,1,0,1,1,0,1,0,0,0,medio_alto
5,10000.0,86,0.872093023255814,1,4,1,1,0,0,1,0,0,0,0,1,1,alto
11,75000.0,157,0.4585987261146497,1,3,1,0,0,0,1,1,1,0,0,0,0,medio_baixo
5,0.0,0,0.0,2,4,1,0,0,0,1,0,1,1,0,0,0,gratuito
3,75000.0,357,0.8179271708683473,1,5,1,1,1,0,1,1,1,0,0,1,0,medio_alto
11,35000.0,93,0.8817204301075269,1,2,1,1,0,0,1,1,0,0,0,0,0,medio_alto
3,10000.0,37,0.5405405405405406,1,4,1,0,0,0,0,0,0,0,1,1,1,medio_baixo
1,10000.0,0,0.0,4,2,1,0,0,1,1,0,0,1,0,0,0,alto
3,10000.0,97,0.7525773195876289,1,2,1,1,1,2,1,0,0,0,0,0,1,alto
2,35000.0,3,1.0,1,2,1,0,0,0,1,0,0,1,0,0,0,medio_alto
2,10000.0,13,0.8461538461538461,103,5,1,1,1,0,1,1,1,1,0,1,0,alto
9,10000.0,28,0.7142857142857143,1,5,1,0,0,0,1,1,1,0,0,0,1,gratuito
6,10000.0,295,0.9254237288135593,1,4,1,1,0,0,1,0,1,0,1,0,1,medio_alto
5,10000.0,14,0.21428571428571427,1,3,1,0,0,0,1,1,1,0,0,0,0,medio_alto
4,10000.0,20,0.95,5,2,1,0,0,0,1,1,0,0,0,0,0,baixo
2,10000.0,75,0.7866666666666666,14,5,1,0,0,0,1,1,0,1,1,0,1,medio_alto
8,35000.0,92,0.8043478260869565,2,3,1,0,0,0,1,1,1,0,0,0,0,baixo
4,350000.0,4019,0.7855187857676039,10,5,1,0,0,1,1,1,1,0,1,0,1,medio_alto
1,10000.0,0,0.0,11,4,1,0,0,2,1,0,0,0,0,1,1,alto
1,10000.0,0,0.0,13,4,1,1,0,0,1,1,1,1,0,0,0,medio_baixo
6,10000.0,66,0.6666666666666666,2,1,1,0,0,0,0,0,0,1,0,0,0,baixo
8,10000.0,17,0.5882352941176471,1,2,1,0,0,0,1,1,0,0,0,0,0,medio_baixo
4,10000.0,18,0.8333333333333334,1,3,1,0,0,0,1,0,0,1,0,1,0,baixo
2,35000.0,13,0.5384615384615384,1,6,1,0,0,0,1,1,1,0,1,0,0,alto
7,10000.0,75,0.8,1,5,1,0,0,0,1,1,1,0,1,0,0,medio_alto
5,10000.0,0,0.0,7,2,1,0,0,0,0,0,0,1,0,0,0,medio_baixo
8,10000.0,12,0.6666666666666666,1,2,1,0,0,0,1,1,0,0,0,0,0,alto
1,10000.0,0,0.0,1,3,1,0,0,0,1,1,0,0,1,0,0,baixo
1,10000.0,1,1.0,1,5,1,0,1,0,1,0,1,1,0,0,0,medio_alto
5,35000.0,1,1.0,1,3,1,0,0,0,1,1,0,1,0,0,0,medio_baixo
2,10000.0,36,0.75,103,6,1,0,0,0,0,1,1,1,0,1,1,baixo
6,35000.0,62,0.7903225806451613,1,4,1,0,0,0,1,1,1,1,0,0,0,medio_baixo
4,0.0,0,0.0,0,0,1,0,0,0,0,0,0,0,0,0,0,gratuito
2,10000.0,1,0.0,1,2,1,0,0,0,0,0,0,1,0,0,1,alto
3,10000.0,765,0.742483660130719,13,1,1,0,0,1,0,1,0,0,0,0,0,alto
9,10000.0,53,0.9056603773584906,1,2,1,0,0,0,1,0,0,1,0,0,0,medio_alto
2,0.0,0,0.0,0,0,1,0,0,0,0,0,0,0,0,0,0,gratuito
2,10000.0,25,0.44,2,3,1,0,0,0,1,0,0,0,1,0,1,medio_alto
5,10000.0,121,0.9421487603305785,1,4,1,1,1,1,1,0,0,1,0,0,1,medio_alto
1,10000.0,0,0.0,4,3,1,0,0,0,1,0,0,1,0,0,1,medio_alto
6,75000.0,17,0.8235294117647058,2,4,1,0,0,0,1,0,0,1,0,1,1,alto
3,35000.0,148,0.831081081081081,8,3,1,0,0,0,1,1,0,0,0,1,0,medio_baixo
1,0.0,0,0.0,94,5,1,1,1,1,1,1,1,1,0,0,1,baixo
2,10000.0,4,1.0,1,2,1,0,0,0,1,1,0,0,0,0,0,medio_alto
10,350000.0,18,0.7222222222222222,1,1,1,0,0,0,0,0,0,0,0,0,1,medio_alto
1,10000.0,6,0.5,1,5,1,1,1,1,1,1,1,1,0,0,1,medio_baixo
4,750000.0,5633,0.8231848038345464,1,2,1,0,0,1,0,0,0,1,0,1,0,alto
5,10000.0,1,1.0,1,3,1,0,0,0,1,1,1,0,0,0,0,baixo
5,750000.0,11459,0.9606422899031329,8,3,1,0,0,2,1,0,1,0,1,0,0,medio_alto
2,10000.0,0,0.0,3,2,1,0,1,0,0,0,1,0,0,0,1,baixo
6,10000.0,35,0.8571428571428571,9,2,1,1,1,0,1,0,1,0,0,0,0,medio_alto
6,10000.0,179,0.6759776536312849,1,4,1,0,0,0,1,1,0,0,0,0,1,baixo
1,10000.0,3,1.0,1,2,1,0,0,0,0,1,1,0,0,0,0,baixo
1,0.0,0,0.0,103,2,1,0,0,0,1,0,0,0,0,0,0,medio_baixo
5,750000.0,10424,0.8695318495778972,1,1,1,1,0,0,1,0,0,0,0,0,0,gratuito
5,35000.0,57,0.6842105263157895,1,2,1,0,0,0,1,0,0,1,0,0,0,medio_baixo
1,10000.0,12,0.9166666666666666,1,9,1,0,0,0,1,1,1,1,1,1,1,alto
8,35000.0,135,0.5777777777777777,2,2,1,1,1,0,1,0,0,1,0,0,0,baixo
2,10000.0,9,1.0,1,5,1,0,0,0,1,0,1,1,1,1,0,medio_alto
12,10000.0,45,0.7111111111111111,8,4,1,0,0,0,1,0,0,1,0,1,1,medio_baixo
3,10000.0,0,0.0,30,3,1,0,0,0,0,0,1,0,1,0,1,medio_baixo
5,0.0,0,0.0,0,0,1,0,0,0,0,0,0,0,0,0,0,gratuito
5,10000.0,148,0.9594594594594594,1,2,1,1,1,0,0,0,0,0,0,0,0,alto
6,35000.0,325,0.4553846153846154,12,2,1,0,0,5,0,0,0,0,0,0,1,medio_alto
2,10000.0,16,0.9375,1,3,1,0,0,0,1,1,0,0,0,0,0,alto
3,0.0,0,0.0,1,3,1,1,1,0,1,0,0,1,0,0,0,gratuito
5,10000.0,12,0.8333333333333334,11,3,1,0,0,0,1,1,0,1,0,0,0,baixo
1,0.0,0,0.0,0,0,1,0,0,0,0,0,0,0,0,0,0,gratuito
1,0.0,0,0.0,0,0,1,0,0,0,0,0,0,0,0,0,0,gratuito
8,10000.0,1,0.0,1,3,1,0,0,0,1,0,0,1,1,0,0,baixo
2,35000.0,3,0.0,1,2,1,0,0,0,0,0,1,1,0,0,0,alto
2,10000.0,19,0.8947368421052632,12,3,1,0,0,0,1,0,0,1,0,1,0,medio_alto
5,10000.0,0,0.0,1,2,1,0,0,2,1,0,0,1,0,0,0,baixo
10,10000.0,161,0.7577639751552795,22,3,1,1,1,1,1,0,1,1,0,0,0,medio_alto
9,150000.0,828,0.7391304347826086,3,3,1,1,1,1,1,1,1,0,0,0,0,alto
3,10000.0,0,0.0,1,2,1,0,0,0,1,0,0,1,0,0,0,medio_baixo
4,10000.0,5,1.0,3,2,1,0,0,0,1,1,0,0,0,0,0,medio_baixo
1,10000.0,0,0.0,9,2,1,1,0,0,1,0,1,0,0,0,0,medio_alto
3,10000.0,1,1.0,1,1,1,0,0,0,0,0,0,1,0,0,0,medio_alto
2,10000.0,18,0.9444444444444444,16,3,1,0,0,0,1,1,0,1,0,0,0,baixo
10,35000.0,74,0.6216216216216216,1,2,1,0,0,0,1,0,0,1,0,0,0,medio_baixo
7,75000.0,17,0.8235294117647058,1,3,1,0,0,0,0,0,0,1,0,0,0,gratuito
1,10000.0,0,0.0,2,5,1,0,0,0,0,1,1,1,1,1,0,medio_alto
1,0.0,0,0.0,0,0,1,0,0,0,0,0,0,0,0,0,0,gratuito
2,10000.0,8,1.0,2,3,1,0,0,0,1,1,0,0,0,0,0,medio_alto
7,10000.0,6,0.3333333333333333,1,3,1,0,0,0,1,1,1,0,0,0,0,baixo
4,10000.0,30,0.9333333333333333,1,3,1,0,0,0,1,0,0,1,0,0,1,medio_alto
3,10000.0,0,0.0,1,2,1,1,0,0,1,1,0,0,0,0,0,alto
4,10000.0,22,0.8636363636363636,1,3,1,1,1,0,1,1,0,0,0,0,0,gratuito
6,10000.0,63,0.8412698412698413,4,4,1,0,0,1,1,1,1,0,1,0,0,medio_alto
6,10000.0,296,0.6756756756756757,6,4,1,0,0,0,1,1,1,0,0,1,0,medio_baixo
8,10000.0,47,0.7659574468085106,1,3,1,0,0,0,1,0,1,1,0,0,0,gratuito
5,75000.0,5,0.6,1,3,1,0,0,0,0,1,1,1,0,0,0,medio_baixo
13,150000.0,386,0.4326424870466321,2,2,1,0,0,0,0,0,0,0,0,0,0,gratuito
1,10000.0,46,0.9565217391304348,3,3,1,0,0,0,1,0,0,1,0,1,0,medio_baixo
2,10000.0,2,1.0,1,3,1,0,0,0,1,1,1,0,0,0,0,baixo
2,10000.0,7,0.5714285714285714,1,2,1,0,0,0,1,0,0,0,0,0,1,gratuito
3,35000.0,5,0.8,1,2,1,0,0,0,1,0,0,0,1,0,0,medio_baixo
14,75000.0,748,0.5213903743315508,1,3,1,1,1,0,1,0,0,1,1,0,0,medio_baixo
1,0.0,0,0.0,2,2,1,0,0,0,0,1,0,0,0,0,0,gratuito
8,10000.0,16,0.6875,1,3,1,0,0,0,1,1,0,0,0,0,0,gratuito
4,10000.0,24,0.9583333333333334,1,2,1,0,0,1,1,1,0,0,0,0,0,alto
1,0.0,0,0.0,0,0,1,0,0,0,0,0,0,0,0,0,0,gratuito
3,0.0,0,0.0,0,0,1,0,0,0,0,0,0,0,0,0,0,gratuito
7,10000.0,23,0.782608695652174,2,1,1,1,0,0,1,0,0,0,0,0,0,baixo
2,0.0,0,0.0,103,4,1,0,0,0,1,1,1,0,0,1,0,medio_baixo
4,10000.0,14,1.0,1,2,1,1,0,4,0,0,0,1,0,0,0,gratuito
12,150000.0,709,0.8307475317348378,1,4,1,1,0,0,1,1,1,0,0,0,0,gratuito
11,35000.0,491,0.5580448065173116,1,3,1,0,0,1,1,1,1,0,0,0,0,alto
8,10000.0,44,0.8181818181818182,3,2,1,0,0,1,1,1,0,0,0,0,0,medio_alto
1,0.0,0,0.0,2,4,1,0,0,0,0,1,1,0,0,0,0,gratuito
5,0.0,0,0.0,19,2,1,0,0,0,1,0,1,0,0,0,0,gratuito
2,0.0,0,0.0,0,0,1,0,0,0,0,0,0,0,0,0,0,gratuito
7,75000.0,368,0.7228260869565217,1,3,1,0,0,0,1,1,0,0,0,1,0,medio_alto
2,10000.0,74,0.527027027027027,4,2,1,0,0,0,1,0,1,0,0,0,0,medio_alto
3,10000.0,12,0.16666666666666666,2,4,1,0,0,0,0,1,0,0,0,0,1,alto
2,10000.0,152,0.8486842105263158,14,2,1,1,0,0,1,0,1,0,0,0,0,medio_baixo
1,35000.0,560,0.9839285714285714,1,4,1,0,0,1,1,0,1,0,1,0,1,alto
1,0.0,0,0.0,1,5,1,0,0,0,1,1,1,0,0,0,0,gratuito
2,10000.0,6,0.6666666666666666,2,4,1,0,0,0,1,0,1,1,0,0,1,baixo
5,10000.0,7,1.0,7,2,1,1,0,0,1,1,0,0,0,0,0,baixo
6,10000.0,3,0.3333333333333333,2,3,1,0,0,0,1,1,0,1,0,0,0,baixo
10,35000.0,36,0.2777777777777778,1,1,1,0,0,0,0,0,0,1,0,0,0,baixo
1,10000.0,0,0.0,1,3,1,0,0,2,1,0,1,0,1,0,0,alto
6,10000.0,33,0.9090909090909091,1,3,1,0,0,0,1,0,0,1,0,0,0,gratuito
6,150000.0,12,0.6666666666666666,2,2,1,0,0,0,1,1,0,0,0,0,0,baixo
4,35000.0,216,0.9675925925925926,2,3,1,1,1,2,1,0,1,1,0,0,0,medio_alto
9,10000.0,16,0.75,2,2,1,0,0,0,1,0,1,0,0,0,0,medio_alto
18,35000.0,39,0.6410256410256411,1,1,1,0,0,0,0,0,0,0,0,1,0,medio_baixo
3,0.0,0,0.0,0,0,1,0,0,0,0,0,0,0,0,0,0,gratuito
2,10000.0,4,1.0,1,4,1,0,0,0,1,1,0,1,1,0,0,baixo
1,10000.0,3,0.0,1,6,1,0,0,0,1,1,1,1,1,1,0,baixo
1,10000.0,0,0.0,8,4,1,0,0,0,1,1,0,1,0,1,0,medio_alto
1,10000.0,0,0.0,8,2,1,0,0,0,1,0,0,1,0,0,0,medio_alto
6,350000.0,2974,0.839609952925353,8,3,1,1,0,1,1,0,0,0,0,1,1,alto
2,10000.0,0,0.0,1,3,1,1,1,0,1,0,1,1,0,0,0,medio_baixo
4,10000.0,0,0.0,2,6,1,0,1,1,0,0,1,1,1,1,1,gratuito
5,10000.0,0,0.0,1,3,1,1,1,1,0,0,0,1,0,0,1,gratuito
7,10000.0,7,0.8571428571428571,1,3,1,0,0,0,1,0,1,0,1,0,0,alto
1,10000.0,0,0.0,4,2,1,1,0,0,0,0,0,0,0,1,0,alto
1,10000.0,0,0.0,3,1,1,0,0,0,0,0,1,0,0,0,0,alto
11,35000.0,131,0.5267175572519084,1,2,1,1,1,0,1,0,1,0,0,0,0,baixo
3,10000.0,0,0.0,1,3,1,1,1,0,1,0,1,0,1,0,0,alto
10,750000.0,11553,0.8087942525750887,9,3,1,1,0,9,1,1,1,0,0,0,0,medio_alto
15,75000.0,603,0.8109452736318408,1,2,1,1,1,0,1,0,0,0,1,0,0,medio_alto
6,35000.0,117,0.5641025641025641,1,3,1,0,0,0,1,0,0,0,0,1,0,medio_alto
1,0.0,0,0.0,0,0,1,0,0,0,0,0,0,0,0,0,0,gratuito
1,0.0,0,0.0,1,4,1,0,0,0,1,1,1,1,0,0,0,gratuito
1,10000.0,0,0.0,10,2,1,0,0,0,1,0,0,1,0,0,0,medio_baixo
1,0.0,0,0.0,0,0,1,0,0,0,0,0,0,0,0,0,0,gratuito
2,10000.0,3,0.3333333333333333,1,2,1,0,0,0,1,0,0,1,0,0,0,baixo
9,10000.0,17,0.5882352941176471,2,3,1,0,0,0,0,0,0,0,0,1,1,baixo
3,0.0,0,0.0,1,2,1,1,1,0,0,0,1,0,0,0,0,gratuito
3,10000.0,10,0.9,1,1,1,1,1,0,0,1,0,0,0,0,0,medio_alto
1,0.0,0,0.0,0,0,1,0,0,0,0,0,0,0,0,0,0,gratuito
1,0.0,0,0.0,1,3,1,0,0,0,1,0,0,1,0,0,1,alto
3,10000.0,3,0.6666666666666666,1,2,1,0,0,0,1,0,0,1,0,0,0,medio_baixo
1,10000.0,32,0.96875,2,1,1,1,1,0,0,0,0,1,0,0,0,baixo
9,10000.0,259,0.6756756756756757,2,2,1,0,0,0,0,0,0,0,0,0,0,alto
5,10000.0,18,1.0,2,1,1,0,0,0,0,1,0,0,0,0,0,medio_baixo
9,10000.0,13,0.8461538461538461,1,4,1,0,0,0,1,1,0,0,0,0,0,gratuito
5,10000.0,32,0.96875,19,3,1,1,0,0,1,0,1,1,0,0,0,medio_alto
17,0.0,0,0.0,1,1,1,0,0,0,0,0,0,0,0,0,1,medio_alto
7,350000.0,2817,0.5491657791977281,3,5,1,1,0,0,0,0,0,1,1,1,0,gratuito
7,10000.0,16,0.5625,9,3,1,0,0,0,0,1,1,1,0,0,0,medio_alto
2,10000.0,0,0.0,12,3,1,0,0,0,1,1,0,0,0,1,0,medio_baixo
3,10000.0,167,0.9640718562874252,10,1,1,0,0,0,0,0,1,0,0,0,0,medio_alto
6,10000.0,36,0.6388888888888888,1,5,1,0,0,0,1,1,1,0,0,1,0,gratuito
1,0.0,0,0.0,1,1,1,0,0,0,0,0,0,0,0,0,1,alto
5,35000.0,340,0.85,4,4,1,0,0,0,1,0,1,1,0,0,0,gratuito
3,10000.0,58,0.9827586206896551,7,3,1,0,0,0,1,0,1,1,0,0,0,baixo
1,0.0,0,0.0,1,2,1,0,0,0,0,0,0,0,0,0,1,medio_baixo
8,10000.0,0,0.0,1,2,1,0,0,0,0,0,1,1,0,0,0,gratuito
1,10000.0,0,0.0,2,2,1,0,0,0,1,0,1,0,0,0,0,medio_baixo
2,10000.0,1,0.0,1,6,1,1,0,0,0,1,1,1,1,1,0,medio_baixo
2,10000.0,2,0.5,1,3,1,1,1,0,1,1,0,1,0,0,0,baixo
2,0.0,0,0.0,0,0,1,0,0,0,0,0,0,0,0,0,0,gratuito
2,10000.0,1,0.0,1,1,1,0,0,0,1,0,0,0,0,0,0,baixo
1,0.0,0,0.0,0,0,1,0,0,0,0,0,0,0,0,0,0,gratuito
2,10000.0,2,0.5,3,5,1,0,0,1,1,0,1,1,1,0,1,medio_alto
2,10000.0,5,1.0,3,1,1,1,0,0,0,0,0,0,0,1,0,alto
1,0.0,0,0.0,0,0,1,0,0,0,0,0,0,0,0,0,0,gratuito
8,10000.0,322,0.7795031055900621,2,1,1,0,0,0,0,1,0,0,0,0,0,medio_alto
1,0.0,0,0.0,1,1,1,0,0,0,0,1,0,0,0,0,0,alto
5,10000.0,0,0.0,1,1,1,0,0,0,0,0,0,1,0,0,0,medio_baixo
1,10000.0,24,0.8333333333333334,1,3,1,0,0,0,0,0,0,0,0,1,1,alto
9,750000.0,14737,0.8770441745267015,9,2,1,1,1,5,0,0,0,0,0,1,1,medio_baixo
8,10000.0,0,0.0,1,1,1,1,1,0,1,0,0,0,0,0,0,baixo
2,0.0,0,0.0,3,1,1,0,0,0,0,0,0,0,0,0,0,gratuito
8,10000.0,7,0.7142857142857143,1,1,1,0,0,0,0,1,0,0,0,0,0,medio_alto
3,0.0,0,0.0,0,0,1,0,0,0,0,0,0,0,0,0,0,gratuito
1,10000.0,64,0.953125,4,3,1,0,0,0,1,0,0,1,1,0,0,alto
1,10000.0,0,0.0,9,3,1,0,0,0,1,0,0,1,0,0,1,medio_baixo
2,10000.0,18,0.8888888888888888,1,1,1,0,0,0,0,0,0,1,0,0,0,baixo
3,10000.0,7,0.7142857142857143,1,3,1,1,1,0,1,0,0,1,1,0,0,alto
3,350000.0,4995,0.9307307307307308,11,3,1,0,0,1,1,1,1,0,0,0,0,alto
2,10000.0,9,0.8888888888888888,4,4,1,0,0,0,1,0,1,0,1,1,0,medio_baixo
3,10000.0,1,0.0,1,2,1,0,0,0,1,0,1,0,0,0,0,alto
7,35000.0,48,0.9166666666666666,1,2,1,0,0,0,1,1,0,0,0,0,0,gratuito
16,150000.0,916,0.9432314410480349,1,3,1,1,0,0,1,1,0,0,1,0,0,medio_baixo
1,10000.0,3,0.6666666666666666,1,2,1,0,0,0,1,0,1,0,0,0,0,medio_baixo
12,10000.0,50,0.76,1,1,1,0,0,0,0,0,1,0,0,0,0,medio_alto
3,10000.0,1,1.0,1,1,1,0,0,0,0,1,0,0,0,0,0,medio_alto
1,0.0,0,0.0,1,4,1,0,0,0,1,0,0,1,0,0,1,gratuito
7,10000.0,5,0.6,1,2,1,0,0,0,1,1,0,0,0,0,0,baixo
2,35000.0,170,0.8235294117647058,8,2,1,0,0,0,0,0,0,0,1,1,0,medio_baixo
4,10000.0,3,0.6666666666666666,2,4,1,0,0,0,1,1,1,0,1,0,0,medio_alto
6,10000.0,2,1.0,1,2,1,0,0,0,0,1,0,0,0,0,1,medio_alto
4,10000.0,59,0.7966101694915254,1,5,1,0,0,0,1,0,1,1,0,0,0,gratuito
5,10000.0,1,0.0,1,3,1,0,0,0,1,0,1,1,0,0,0,baixo
12,10000.0,118,0.8559322033898306,1,1,1,1,0,0,0,1,0,0,0,0,0,baixo
3,10000.0,4,1.0,1,2,1,0,0,0,1,0,0,0,0,0,0,gratuito
9,10000.0,51,0.5686274509803921,6,3,1,0,0,0,1,0,1,0,0,1,0,baixo
4,10000.0,0,0.0,1,3,1,0,0,0,1,1,1,0,0,0,0,medio_alto
8,10000.0,197,0.583756345177665,2,6,1,1,0,0,1,0,1,1,1,0,1,medio_baixo
3,10000.0,0,0.0,1,2,1,0,0,0,0,0,1,1,0,0,0,alto
5,10000.0,0,0.0,1,2,1,0,0,1,1,0,0,1,0,0,0,baixo
2,10000.0,66,0.9545454545454546,30,3,1,0,0,1,0,1,1,1,0,0,0,medio_alto
10,10000.0,215,0.7209302325581395,25,2,1,1,1,0,1,0,1,0,0,0,0,alto
2,0.0,0,0.0,0,0,1,0,0,0,0,0,0,0,0,0,0,gratuito
7,35000.0,65,0.7230769230769231,1,3,1,0,0,0,1,1,1,0,0,0,0,gratuito
7,150000.0,5444,0.9722630418809699,7,4,1,0,0,1,1,1,1,0,1,0,0,alto
2,10000.0,2,0.5,1,3,1,0,0,0,0,1,1,0,1,0,0,medio_alto
2,35000.0,5,0.2,4,2,1,0,0,1,0,0,1,1,0,0,0,medio_alto
2,10000.0,1,1.0,1,5,1,0,1,0,1,1,0,1,0,1,1,medio_baixo
4,10000.0,0,0.0,2,1,1,0,0,0,0,0,0,1,0,0,0,medio_baixo
1,10000.0,0,0.0,6,1,1,1,1,0,0,0,0,1,0,0,0,alto
2,0.0,0,0.0,0,0,1,0,0,0,0,0,0,0,0,0,0,gratuito
3,10000.0,0,0.0,1,3,1,0,1,0,1,0,1,1,0,0,0,baixo
2,75000.0,1983,0.3686333837619768,9,3,1,0,0,3,0,0,1,0,1,0,1,alto
6,10000.0,37,0.6756756756756757,1,3,1,0,0,0,1,0,1,0,0,0,0,gratuito
9,35000.0,111,0.7477477477477478,2,4,1,0,0,0,1,1,0,0,0,0,0,baixo
5,35000.0,99,0.3434343434343434,1,6,1,0,0,0,1,1,1,1,1,0,1,baixo
1,0.0,0,0.0,1,2,1,0,0,0,1,0,0,1,0,0,0,medio_alto
3,35000.0,6,0.8333333333333334,12,4,1,0,0,0,1,1,0,1,0,0,0,baixo
5,10000.0,233,0.703862660944206,1,5,1,1,0,0,1,0,1,1,1,0,1,medio_alto
2,10000.0,7,0.5714285714285714,11,3,1,0,0,0,1,0,0,1,0,0,1,baixo
2,10000.0,1,1.0,1,4,1,0,0,0,1,0,0,1,1,0,1,baixo
2,10000.0,0,0.0,8,3,1,0,1,1,0,0,1,1,0,0,1,baixo
4,10000.0,25,0.92,1,1,1,1,1,1,0,0,1,0,0,0,0,baixo
9,35000.0,17,0.6470588235294118,2,1,1,0,0,0,0,0,1,0,0,0,0,gratuito
4,10000.0,465,0.9548387096774194,8,3,1,0,0,0,1,1,1,0,0,0,0,medio_alto
1,0.0,0,0.0,1,4,1,1,0,0,1,0,1,1,0,0,0,gratuito
6,10000.0,18,0.7222222222222222,1,5,1,0,0,0,1,0,1,1,0,0,1,alto
7,10000.0,11,0.8181818181818182,2,3,1,0,0,0,1,1,0,1,0,0,0,baixo
7,75000.0,141,0.723404255319149,3,1,1,0,0,0,0,0,0,0,0,0,1,gratuito
2,10000.0,0,0.0,1,2,1,0,0,0,0,0,1,1,0,0,0,alto
8,10000.0,134,0.8283582089552238,9,3,1,0,0,0,1,1,0,0,0,0,0,medio_alto
4,0.0,0,0.0,0,0,1,0,0,0,0,0,0,0,0,0,0,gratuito
1,10000.0,0,0.0,3,3,1,0,0,0,1,1,1,0,0,0,0,baixo
4,10000.0,38,0.7105263157894737,1,3,1,0,1,0,1,1,1,0,0,0,0,medio_alto
1,150000.0,608,0.6282894736842105,12,3,1,0,0,4,1,1,0,1,0,0,0,medio_alto
1,10000.0,0,0.0,1,3,1,0,0,0,1,1,1,0,0,0,0,medio_alto
7,10000.0,6,1.0,1,1,1,1,0,0,1,0,0,0,0,0,0,medio_alto
1,0.0,0,0.0,6,5,1,1,0,0,1,0,1,1,1,0,1,medio_alto
6,10000.0,62,1.0,2,1,1,0,0,0,0,1,0,0,0,0,0,medio_baixo
4,35000.0,421,0.5415676959619953,6,1,1,0,0,2,0,1,0,0,0,0,0,medio_alto
1,10000.0,0,0.0,10,2,1,0,0,0,1,0,0,1,0,0,0,medio_baixo
2,10000.0,35,0.7714285714285715,1,2,1,0,0,0,1,0,0,0,0,0,0,gratuito
3,10000.0,12,0.75,1,3,1,0,0,0,1,0,1,0,0,0,1,medio_baixo
3,10000.0,52,0.6923076923076923,9,1,1,0,0,0,0,1,0,0,0,0,0,medio_baixo
2,10000.0,4,1.0,1,2,1,0,0,0,0,0,1,0,0,1,0,medio_baixo
2,0.0,0,0.0,1,2,1,0,0,0,0,0,1,0,0,0,0,gratuito
7,10000.0,9,1.0,2,2,1,1,1,0,1,0,1,0,0,0,0,medio_baixo
3,10000.0,0,0.0,1,5,1,0,0,0,1,0,0,1,0,1,1,medio_alto
4,10000.0,8,0.875,3,1,1,1,1,0,1,0,0,0,0,0,0,medio_alto
5,10000.0,29,1.0,1,1,1,1,1,0,0,0,1,0,0,0,0,baixo
1,10000.0,0,0.0,1,3,1,0,0,0,1,0,0,1,0,0,1,alto
1,35000.0,612,0.6127450980392157,11,2,1,0,0,1,0,1,0,0,0,0,0,alto
4,10000.0,0,0.0,2,4,1,0,0,0,1,1,0,0,0,1,1,alto
2,0.0,0,0.0,1,3,1,1,1,0,1,0,0,1,0,0,0,gratuito
2,35000.0,5,0.8,1,1,1,0,0,0,1,0,0,0,0,0,0,baixo
1,10000.0,4,1.0,1,1,1,0,0,0,0,1,0,0,0,0,0,medio_alto
1,10000.0,0,0.0,14,1,1,1,0,0,0,0,0,0,0,0,1,alto
4,10000.0,7,0.8571428571428571,3,4,1,0,0,0,1,1,1,0,1,0,0,medio_alto
2,10000.0,22,0.9090909090909091,1,2,1,0,0,0,0,1,0,0,0,0,0,gratuito
7,350000.0,2438,0.6640689089417555,7,2,1,1,1,1,1,0,0,0,1,0,0,medio_alto
10,10000.0,3,0.6666666666666666,2,2,1,0,0,0,0,0,1,1,0,0,0,medio_alto
7,10000.0,7,0.14285714285714285,1,3,1,0,0,0,1,1,1,0,0,0,0,baixo
9,350000.0,2571,0.9078179696616102,6,2,1,1,0,0,0,0,0,0,0,1,1,medio_alto
2,10000.0,1,1.0,1,1,1,0,0,0,0,0,1,0,0,0,0,medio_baixo
1,0.0,0,0.0,1,2,1,0,0,0,1,1,0,0,0,0,0,baixo
3,150000.0,1756,0.8963553530751709,8,2,1,1,1,0,1,0,0,0,0,1,0,alto
5,0.0,0,0.0,2,3,1,0,0,1,1,0,1,0,0,0,0,gratuito
16,350000.0,5578,0.9291860882036572,5,1,1,0,0,0,0,1,0,0,0,0,0,alto
7,10000.0,55,0.8363636363636363,1,5,1,0,0,0,1,0,1,1,1,1,0,medio_alto
6,10000.0,11,0.18181818181818182,1,2,1,1,0,0,0,0,0,0,0,0,1,medio_baixo
6,10000.0,0,0.0,1,3,1,0,0,0,1,1,0,0,0,0,0,medio_alto
2,35000.0,9,0.8888888888888888,1,1,1,0,0,0,0,0,0,1,0,0,0,medio_baixo
2,0.0,0,0.0,1,3,1,0,0,1,1,0,0,1,0,0,0,gratuito
3,0.0,0,0.0,0,0,1,0,0,0,0,0,0,0,0,0,0,gratuito
10,10000.0,12,0.5,1,4,1,0,0,0,1,1,1,0,0,0,0,alto
3,10000.0,16,0.5,1,1,1,0,0,0,0,1,0,0,0,0,0,gratuito
3,10000.0,12,0.9166666666666666,1,2,1,1,0,0,0,0,0,1,0,0,1,medio_baixo
2,10000.0,12,0.9166666666666666,10,3,1,0,0,0,1,0,1,1,0,0,0,baixo
1,0.0,0,0.0,3,2,1,0,0,0,0,0,1,0,1,0,0,alto
2,10000.0,0,0.0,2,5,1,0,0,1,1,1,1,1,0,0,0,medio_alto
2,0.0,0,0.0,1,4,1,0,0,1,1,1,0,0,0,1,0,gratuito
1,10000.0,19,0.7894736842105263,1,3,1,0,0,0,1,0,1,1,0,0,0,baixo
3,0.0,0,0.0,0,0,1,0,0,0,0,0,0,0,0,0,0,gratuito
1,0.0,0,0.0,1,5,1,0,1,0,1,1,0,1,0,0,0,medio_alto
1,10000.0,0,0.0,6,3,1,0,0,0,1,0,0,0,1,0,1,alto
3,35000.0,570,0.8157894736842105,10,3,1,0,0,0,0,0,1,0,0,1,1,alto
6,10000.0,38,0.9736842105263158,1,2,1,0,0,0,1,0,1,0,0,0,0,baixo
2,0.0,0,0.0,0,0,1,0,0,0,0,0,0,0,0,0,0,gratuito
9,10000.0,2,0.5,1,5,1,0,0,0,1,1,1,0,1,1,0,alto
5,10000.0,1,1.0,1,2,1,0,0,0,1,0,1,0,0,0,0,alto
1,35000.0,10,1.0,2,5,1,0,0,0,1,0,0,0,0,1,1,medio_alto
8,10000.0,26,0.8461538461538461,1,2,1,0,0,0,1,0,0,0,0,0,0,gratuito
5,350000.0,1888,0.8516949152542372,10,7,1,0,0,0,1,1,1,1,1,0,1,gratuito
2,0.0,0,0.0,30,3,1,0,0,0,0,0,0,1,1,0,1,medio_baixo
1,10000.0,28,0.7857142857142857,11,3,1,0,0,0,1,0,0,1,0,0,1,medio_baixo
2,10000.0,111,0.918918918918919,1,4,1,0,0,0,1,1,1,0,0,0,0,medio_alto
8,35000.0,11,0.36363636363636365,2,5,1,1,1,0,1,0,0,1,1,1,1,baixo
6,10000.0,51,0.6862745098039216,3,5,1,0,0,0,1,0,1,1,1,1,0,baixo
6,10000.0,25,0.84,1,3,1,1,1,0,1,0,0,1,0,1,0,baixo
4,10000.0,5,0.4,1,2,1,1,1,0,1,0,0,1,0,0,0,medio_alto
8,10000.0,3,1.0,1,3,1,0,0,0,1,1,0,1,0,0,0,medio_baixo
6,10000.0,21,0.8571428571428571,1,3,1,0,1,0,1,0,0,1,0,0,1,medio_baixo
9,75000.0,190,0.7736842105263158,1,1,1,1,1,0,0,1,0,0,0,0,0,alto
3,35000.0,265,0.7245283018867924,8,2,1,0,0,10,0,1,0,0,1,0,0,alto
5,10000.0,37,0.918918918918919,1,1,1,1,1,0,0,0,1,0,0,0,0,medio_baixo
6,10000.0,8,0.875,2,2,1,1,0,0,1,0,1,0,0,0,0,alto
2,10000.0,0,0.0,1,3,1,0,0,0,1,0,1,0,1,0,0,alto
6,35000.0,297,0.6531986531986532,16,4,1,0,0,0,1,0,0,1,0,1,1,medio_baixo
1,10000.0,0,0.0,1,4,1,0,0,0,1,1,0,1,0,1,0,medio_alto
3,10000.0,10,0.6,1,4,1,0,0,1,1,0,1,1,0,0,0,gratuito
5,10000.0,54,0.6481481481481481,1,1,1,0,0,0,0,0,0,1,0,0,0,baixo
2,10000.0,130,0.9538461538461539,3,1,1,0,0,0,0,0,1,0,0,0,0,medio_alto
6,10000.0,13,0.6153846153846154,1,3,1,0,0,0,1,1,0,0,0,0,0,gratuito
1,10000.0,0,0.0,1,1,1,0,0,0,0,0,0,1,0,0,0,medio_alto
1,0.0,0,0.0,0,0,1,0,0,0,0,0,0,0,0,0,0,gratuito
1,10000.0,0,0.0,1,2,1,0,0,0,1,1,0,0,0,0,0,baixo
4,0.0,0,0.0,0,0,1,0,0,0,0,0,0,0,0,0,0,gratuito
2,10000.0,0,0.0,1,1,1,1,0,0,0,1,0,0,0,0,0,gratuito
2,10000.0,2,1.0,1,2,1,0,0,0,1,0,0,1,0,0,0,baixo
1,10000.0,0,0.0,6,2,1,0,0,0,1,0,0,1,0,0,0,baixo
6,10000.0,975,0.8492307692307692,102,3,1,0,0,5,1,0,0,1,0,0,0,baixo
1,10000.0,0,0.0,2,2,1,0,0,0,1,0,0,1,0,0,0,medio_alto
1,10000.0,234,0.8376068376068376,12,4,1,0,0,0,1,1,1,0,1,0,0,alto
3,0.0,0,0.0,0,0,1,0,0,0,0,0,0,0,0,0,0,gratuito
7,10000.0,6,0.3333333333333333,5,1,1,0,0,0,0,0,1,0,0,0,0,baixo
12,75000.0,38,0.10526315789473684,2,1,1,0,0,0,0,0,0,0,0,0,0,medio_alto
2,0.0,0,0.0,2,2,1,0,0,0,0,0,1,0,0,0,0,gratuito
8,1500000.0,21150,0.7590070921985815,11,4,1,0,0,22,1,1,1,0,1,0,0,medio_alto
2,35000.0,929,0.8794402583423035,2,4,1,0,0,0,1,0,0,0,0,0,1,alto
6,35000.0,652,0.9754601226993865,3,3,1,1,1,0,1,0,1,0,0,0,0,alto
2,10000.0,0,0.0,1,3,1,0,0,0,1,1,0,1,0,0,0,medio_baixo
2,10000.0,0,0.0,1,5,1,1,1,1,1,0,1,0,1,1,0,alto
2,0.0,0,0.0,0,0,1,0,0,0,0,0,0,0,0,0,0,gratuito
4,10000.0,41,0.9024390243902439,103,3,1,0,0,0,1,1,1,0,0,0,0,baixo
1,0.0,0,0.0,0,0,1,0,0,0,0,0,0,0,0,0,0,gratuito
12,10000.0,140,0.65,2,2,1,0,0,0,0,0,0,0,1,1,0,alto
6,75000.0,149,0.5973154362416108,10,1,1,0,0,0,0,0,0,0,0,0,0,gratuito
10,150000.0,289,0.8166089965397924,1,2,1,0,0,1,1,0,0,1,0,0,0,baixo
6,10000.0,51,0.7254901960784313,1,3,1,0,0,0,1,0,1,1,0,0,0,gratuito
7,10000.0,5,0.0,2,4,1,0,0,0,1,1,0,1,1,0,0,baixo
9,10000.0,59,0.7288135593220338,9,4,1,1,0,0,1,0,0,1,0,1,1,baixo
1,0.0,0,0.0,5,4,1,0,0,0,0,0,0,0,0,0,0,alto
6,10000.0,2,1.0,1,4,1,0,0,0,1,0,0,1,0,1,0,medio_baixo
1,0.0,0,0.0,0,0,1,0,0,0,0,0,0,0,0,0,0,gratuito
8,10000.0,11,0.9090909090909091,1,2,1,0,0,0,1,0,0,1,0,0,0,baixo
5,10000.0,2,0.0,15,3,1,0,0,0,0,1,0,1,0,0,0,baixo
1,10000.0,0,0.0,23,3,1,0,0,0,1,0,1,0,0,0,1,medio_alto
2,10000.0,101,0.9108910891089109,1,1,1,0,0,0,0,1,0,0,0,0,0,medio_baixo
2,10000.0,647,0.8964451313755796,6,3,1,1,1,2,1,0,1,1,0,0,0,medio_alto
2,10000.0,0,0.0,1,3,1,0,0,0,1,0,0,1,0,0,0,medio_alto
1,0.0,0,0.0,1,2,1,0,0,0,0,0,0,1,0,0,0,gratuito
3,150000.0,1035,0.7507246376811594,7,7,1,0,0,0,1,1,0,1,0,0,1,gratuito
2,0.0,0,0.0,1,4,1,0,0,0,1,1,0,0,0,0,0,gratuito
1,0.0,0,0.0,1,2,1,0,0,0,1,1,0,0,0,0,0,medio_baixo
1,10000.0,0,0.0,1,3,1,0,0,0,1,1,1,0,0,0,0,medio_alto
5,75000.0,13,0.8461538461538461,1,1,1,0,0,0,0,0,0,0,0,1,0,baixo
7,35000.0,80,0.7,2,3,1,0,0,1,1,1,1,0,0,0,0,medio_baixo
3,350000.0,19,0.9473684210526315,2,4,1,0,0,0,1,1,1,0,1,0,0,medio_baixo
3,35000.0,1,1.0,1,6,1,0,0,0,1,1,1,0,1,1,0,medio_alto
3,10000.0,9,1.0,1,1,1,0,0,0,0,0,0,1,0,0,0,baixo
2,10000.0,30,0.9333333333333333,3,3,1,0,0,0,0,1,1,0,1,0,0,alto
2,10000.0,106,0.6981132075471698,5,1,1,0,0,0,0,1,0,0,0,0,0,alto
7,150000.0,656,0.4344512195121951,2,5,1,0,0,0,1,1,1,0,0,0,0,gratuito
3,0.0,0,0.0,103,1,1,0,0,0,0,0,0,1,0,0,0,baixo
3,10000.0,73,0.8493150684931506,8,2,1,0,0,0,0,0,0,0,0,1,1,alto
3,75000.0,8,0.5,1,5,1,0,0,0,1,1,1,0,1,0,0,medio_alto
3,10000.0,9,0.3333333333333333,1,2,1,0,0,1,0,1,0,0,1,0,0,medio_baixo
10,35000.0,130,0.6538461538461539,4,4,1,0,0,0,1,0,1,1,0,0,0,gratuito
6,35000.0,15,0.5333333333333333,3,2,1,0,0,0,1,0,1,0,0,0,0,gratuito
7,75000.0,250,0.948,1,3,1,0,0,0,0,0,1,1,0,0,1,alto
5,1500000.0,34509,0.9409429424208178,4,3,1,0,0,2,1,0,0,0,1,1,0,alto
13,350000.0,1553,0.8699291693496458,1,3,1,1,0,0,1,0,0,1,0,1,0,baixo
5,10000.0,0,0.0,6,1,1,0,0,0,0,0,0,0,0,0,1,alto
9,10000.0,13,1.0,2,3,1,1,0,0,1,0,1,1,0,0,0,medio_alto
4,10000.0,1,1.0,1,2,1,0,0,0,0,1,1,0,0,0,0,medio_alto
9,35000.0,304,0.8651315789473685,2,1,1,1,1,1,1,0,0,0,0,0,0,medio_baixo
8,10000.0,18,0.8333333333333334,1,3,1,0,0,1,1,0,0,1,0,0,1,gratuito
2,10000.0,0,0.0,1,4,1,0,1,0,1,1,0,0,0,0,0,medio_alto
1,10000.0,0,0.0,11,1,1,0,0,0,1,0,0,0,0,0,0,baixo
3,10000.0,245,0.8204081632653061,6,2,1,0,0,0,0,1,0,0,0,1,0,medio_baixo
8,35000.0,361,0.9501385041551247,2,1,1,0,0,0,0,0,0,1,0,0,0,medio_alto
15,1500000.0,12758,0.710926477504311,9,1,1,0,0,0,0,1,0,0,0,0,0,medio_alto
8,10000.0,1,0.0,1,2,1,0,0,0,0,1,0,1,0,0,0,alto
2,10000.0,6,0.3333333333333333,0,1,1,0,0,0,1,0,0,0,0,0,0,alto
10,10000.0,87,0.4367816091954023,2,2,1,0,1,0,1,0,0,0,0,0,1,medio_baixo
4,0.0,0,0.0,4,3,1,0,0,1,1,0,1,0,0,0,0,gratuito
1,0.0,0,0.0,103,2,1,0,1,0,1,0,0,1,0,0,0,baixo
2,10000.0,20,1.0,1,2,1,0,0,0,1,0,0,1,0,0,0,alto
1,0.0,0,0.0,1,4,1,0,0,0,0,0,0,0,0,0,0,gratuito
7,10000.0,4,1.0,1,4,1,0,0,0,1,1,1,0,1,0,0,alto
4,10000.0,0,0.0,3,3,1,1,1,0,1,1,1,0,0,0,0,baixo
3,0.0,0,0.0,103,1,1,0,0,0,0,0,0,1,0,0,0,baixo
2,150000.0,4571,0.7866987530080946,13,2,1,0,0,3,0,0,0,0,0,1,1,alto
7,10000.0,152,0.7631578947368421,1,2,1,0,0,0,0,0,0,0,0,0,0,medio_alto
7,350000.0,5110,0.960665362035225,19,3,1,1,1,1,1,0,1,1,0,0,0,medio_baixo
2,10000.0,26,0.8846153846153846,2,1,1,1,1,0,1,0,0,0,0,0,0,baixo
3,10000.0,9,0.7777777777777778,1,2,1,0,0,0,0,1,0,1,0,0,0,gratuito
1,0.0,0,0.0,1,3,1,0,0,0,1,0,0,1,0,1,0,medio_baixo
2,10000.0,8,0.875,1,1,1,0,0,0,0,0,0,0,0,0,1,medio_baixo
5,0.0,0,0.0,0,0,1,0,0,0,0,0,0,0,0,0,0,gratuito
2,10000.0,4,1.0,2,1,1,0,0,0,0,0,0,1,0,0,0,medio_alto
3,35000.0,3,0.6666666666666666,1,2,1,0,0,0,1,0,1,0,0,0,0,baixo
10,150000.0,405,0.8888888888888888,1,2,1,0,0,0,1,0,1,0,0,0,0,baixo
9,35000.0,100,0.83,1,5,1,1,1,0,1,1,1,1,0,0,0,gratuito
10,350000.0,1142,0.7819614711033275,10,2,1,1,1,1,1,0,1,0,0,0,0,baixo
6,10000.0,9,0.7777777777777778,1,1,1,0,0,0,0,0,0,0,0,0,0,medio_baixo
2,35000.0,4,0.5,2,3,1,0,0,0,1,1,1,0,0,0,0,medio_alto
1,10000.0,0,0.0,1,3,1,0,0,0,1,0,1,0,0,0,0,medio_baixo
4,10000.0,195,0.9692307692307692,1,1,1,0,0,0,0,1,0,0,0,0,0,alto
2,10000.0,15,1.0,3,2,1,0,0,0,1,1,0,0,0,0,0,alto
1,0.0,0,0.0,0,0,1,0,0,0,0,0,0,0,0,0,0,gratuito
2,10000.0,10,1.0,3,3,1,0,0,0,1,1,1,0,0,0,0,baixo
12,3500000.0,60831,0.9323535697259621,9,1,1,1,1,7,0,1,0,0,0,0,0,alto
1,10000.0,0,0.0,1,4,1,0,0,0,1,0,1,0,1,0,0,alto
4,10000.0,2,1.0,1,2,1,0,0,0,1,0,0,1,0,0,0,medio_baixo
1,0.0,0,0.0,0,0,1,0,0,0,0,0,0,0,0,0,0,gratuito
2,10000.0,29,0.9310344827586207,1,3,1,0,0,0,1,0,1,0,0,0,1,medio_baixo
1,0.0,0,0.0,1,2,1,0,0,0,0,0,0,1,0,0,1,baixo
10,150000.0,431,0.7633410672853829,23,2,1,0,0,1,1,0,1,0,0,0,0,baixo
5,10000.0,2,0.0,2,3,1,0,0,0,1,0,0,0,0,0,0,alto
1,10000.0,13,1.0,15,4,1,1,0,0,1,1,0,1,0,1,0,medio_baixo
5,10000.0,20,0.55,29,2,1,0,0,0,0,1,1,0,0,0,0,baixo
17,35000.0,258,0.9302325581395349,1,1,1,0,0,0,0,0,1,0,0,0,0,medio_alto
9,10000.0,8,0.625,1,3,1,0,0,0,0,0,0,0,0,0,0,medio_baixo
12,350000.0,25057,0.6481222811988666,6,1,1,0,0,43,0,1,0,0,0,0,0,alto
2,10000.0,0,0.0,1,3,1,0,0,0,0,0,0,0,0,0,1,medio_baixo
1,0.0,0,0.0,0,0,1,0,0,0,0,0,0,0,0,0,0,gratuito
1,0.0,0,0.0,1,6,1,0,0,1,1,1,1,1,1,0,1,medio_alto
5,35000.0,15,0.8666666666666667,2,1,1,0,1,0,0,0,0,1,0,0,0,medio_baixo
1,0.0,0,0.0,0,0,1,0,0,0,0,0,0,0,0,0,0,gratuito
1,10000.0,0,0.0,11,2,1,0,0,1,1,0,1,0,0,0,0,alto
3,35000.0,1163,0.9346517626827171,1,4,1,0,0,1,1,1,1,1,0,0,0,medio_alto
2,10000.0,21,0.5714285714285714,1,2,1,1,1,0,0,0,0,1,0,0,0,gratuito
4,0.0,0,0.0,103,11,1,1,1,0,1,1,1,1,1,1,1,alto
1,0.0,0,0.0,1,4,1,0,0,0,1,0,1,1,0,1,0,medio_alto
2,0.0,0,0.0,103,2,1,0,0,0,0,1,0,1,0,0,0,medio_alto
7,10000.0,0,0.0,1,4,1,1,0,0,1,0,1,1,0,0,0,medio_baixo
11,35000.0,38,0.5789473684210527,1,2,1,0,0,0,0,0,0,0,0,1,1,baixo
2,10000.0,78,0.9487179487179487,8,3,1,0,0,0,1,1,0,0,0,0,0,medio_alto
2,0.0,0,0.0,1,5,1,0,0,0,1,1,0,1,0,1,0,gratuito
6,10000.0,29,0.7586206896551724,1,1,1,0,0,0,1,0,0,0,0,0,0,baixo
2,10000.0,5,0.2,1,3,1,0,0,0,1,0,0,0,0,1,1,medio_baixo
2,10000.0,0,0.0,1,2,1,0,0,0,1,1,0,0,0,0,0,medio_alto
1,0.0,0,0.0,10,1,1,0,0,0,0,0,0,0,0,1,0,medio_alto
1,0.0,0,0.0,0,0,1,0,0,0,0,0,0,0,0,0,0,gratuito
4,10000.0,2,0.5,2,5,1,1,0,0,0,1,0,1,0,1,1,alto
2,0.0,0,0.0,0,0,1,0,0,0,0,0,0,0,0,0,0,gratuito
6,10000.0,2,1.0,1,3,1,1,0,0,1,1,0,1,0,0,0,alto
6,10000.0,278,0.9748201438848921,2,3,1,0,0,1,1,0,1,1,0,0,0,medio_baixo
9,10000.0,5,1.0,1,2,1,0,0,0,1,0,0,0,0,0,1,alto
8,350000.0,3002,0.8774150566289141,4,2,1,0,0,0,0,0,0,0,0,0,0,medio_alto
1,10000.0,0,0.0,6,4,1,0,0,0,1,0,0,1,0,1,0,medio_baixo
1,0.0,0,0.0,0,0,1,0,0,0,0,0,0,0,0,0,0,gratuito
2,0.0,0,0.0,10,2,1,1,0,0,0,0,0,1,0,0,0,gratuito
9,35000.0,257,0.8832684824902723,1,2,1,0,0,0,1,0,0,0,0,0,1,alto
2,10000.0,11,1.0,1,3,1,0,0,0,1,0,0,1,0,1,0,medio_alto
1,0.0,0,0.0,0,0,1,0,0,0,0,0,0,0,0,0,0,gratuito
1,0.0,0,0.0,103,3,1,0,0,0,1,0,0,1,0,1,0,baixo
1,0.0,0,0.0,2,4,1,0,0,1,1,0,1,1,0,0,0,gratuito
4,10000.0,6,0.8333333333333334,2,3,1,1,0,0,1,0,0,0,1,0,1,alto
1,0.0,0,0.0,0,0,1,0,0,0,0,0,0,0,0,0,0,gratuito
5,10000.0,1,1.0,1,2,1,0,0,0,0,1,1,0,0,0,0,medio_alto
2,10000.0,0,0.0,3,2,1,0,0,0,0,0,0,1,0,0,1,medio_baixo
2,35000.0,157,0.9426751592356688,2,4,1,0,0,0,1,1,1,1,0,0,0,alto
3,10000.0,10,0.4,5,3,1,0,0,0,1,0,1,1,0,0,0,medio_alto
4,10000.0,3,0.3333333333333333,1,5,1,0,0,0,1,1,1,0,0,0,0,medio_baixo
6,0.0,0,0.0,0,0,1,0,0,0,0,0,0,0,0,0,0,gratuito
8,10000.0,6,0.16666666666666666,29,3,1,0,0,1,1,0,1,1,0,0,0,baixo
1,10000.0,5,0.8,1,2,1,1,1,0,1,0,1,0,0,0,0,medio_baixo
4,35000.0,18,0.7777777777777778,1,4,1,0,0,0,1,0,0,1,0,1,0,medio_alto
2,10000.0,0,0.0,2,1,1,0,0,0,0,0,0,1,0,0,0,medio_baixo
2,10000.0,21,1.0,2,4,1,1,0,0,1,1,1,1,0,0,0,alto
5,10000.0,92,0.8913043478260869,1,3,1,0,0,1,1,0,1,1,0,0,0,baixo
2,10000.0,0,0.0,1,2,1,0,0,0,1,1,0,0,0,0,0,medio_alto
1,10000.0,0,0.0,4,3,1,0,0,0,1,0,1,0,0,1,0,medio_baixo
7,10000.0,44,0.7272727272727273,1,4,1,0,0,0,1,0,0,0,1,1,0,alto
1,750000.0,4054,0.655402072027627,6,4,1,0,0,0,0,0,1,1,0,0,1,gratuito
5,10000.0,0,0.0,7,3,1,0,0,3,1,0,0,1,0,1,0,medio_baixo
12,350000.0,749,0.7116154873164219,12,3,1,1,0,0,1,0,1,1,0,0,0,alto
4,0.0,0,0.0,1,3,1,0,0,0,0,1,1,0,0,0,0,gratuito
3,350000.0,1740,0.9551724137931035,3,2,1,0,0,1,1,1,0,0,0,0,0,medio_alto
2,10000.0,0,0.0,1,1,1,0,0,0,0,0,0,0,0,1,0,medio_alto
7,10000.0,78,0.9358974358974359,3,2,1,0,0,2,0,0,1,1,0,0,0,alto
8,10000.0,46,0.8043478260869565,103,5,1,0,0,0,1,0,1,1,0,1,1,baixo
1,10000.0,42,0.5476190476190477,1,5,1,0,0,0,1,1,1,1,1,0,0,alto
1,10000.0,0,0.0,9,1,1,0,0,0,0,1,0,0,0,0,0,alto
2,10000.0,8,0.375,11,3,1,0,0,0,1,1,0,0,0,1,0,alto
1,0.0,0,0.0,0,0,1,0,0,0,0,0,0,0,0,0,0,gratuito
2,0.0,0,0.0,0,0,1,0,0,0,0,0,0,0,0,0,0,gratuito
8,10000.0,142,0.8098591549295775,1,3,1,1,0,1,1,0,0,1,0,1,0,medio_alto
3,10000.0,1,0.0,1,1,1,0,0,0,0,0,0,0,0,0,1,medio_baixo
6,10000.0,3,0.6666666666666666,1,1,1,0,0,0,0,0,0,0,0,0,1,medio_alto
1,10000.0,0,0.0,21,4,1,0,0,0,1,0,1,1,1,0,0,baixo
7,10000.0,31,1.0,1,2,1,1,1,0,1,0,0,1,0,0,0,baixo
2,0.0,0,0.0,2,4,1,0,0,0,1,1,0,1,0,0,0,gratuito
7,10000.0,30,0.8333333333333334,3,3,1,1,0,0,1,0,0,1,0,1,0,medio_baixo
6,10000.0,22,0.7727272727272727,2,5,1,0,0,3,0,0,1,1,1,1,1,alto
4,10000.0,0,0.0,1,2,1,0,0,0,1,1,0,0,0,0,0,medio_alto
1,0.0,0,0.0,1,2,1,1,1,1,1,0,1,0,0,0,0,gratuito
6,75000.0,15,0.7333333333333333,1,2,1,0,0,0,0,1,0,0,0,1,0,baixo
3,0.0,0,0.0,0,0,1,0,0,0,0,0,0,0,0,0,0,gratuito
2,10000.0,4,1.0,10,2,1,0,0,0,1,0,0,0,0,0,0,baixo
7,35000.0,5,1.0,2,2,1,0,0,2,1,1,0,0,0,0,0,baixo
1,0.0,0,0.0,1,4,1,0,0,0,1,0,1,1,0,0,0,gratuito
5,75000.0,10,0.9,1,3,1,0,0,0,1,0,1,0,1,0,0,baixo
3,10000.0,0,0.0,1,2,1,0,0,0,1,1,0,0,0,0,0,medio_baixo
2,0.0,0,0.0,10,5,1,1,0,1,0,0,1,1,0,1,1,gratuito
2,35000.0,8,0.875,2,4,1,0,0,0,1,0,1,0,1,1,0,medio_baixo
12,35000.0,304,0.881578947368421,5,1,1,1,1,0,1,0,0,0,0,0,0,medio_baixo
1,10000.0,1,1.0,1,1,1,1,0,0,0,0,0,0,0,0,0,baixo
1,10000.0,10,0.7,5,3,1,0,0,0,1,0,1,0,1,0,0,medio_alto
1,10000.0,0,0.0,1,4,1,0,0,0,1,1,1,0,0,0,1,medio_alto
4,0.0,0,0.0,0,0,1,0,0,0,0,0,0,0,0,0,0,gratuito
9,150000.0,841,0.760998810939358,7,1,1,0,0,2,0,0,0,0,0,1,0,medio_baixo
13,0.0,0,0.0,9,3,1,0,0,0,0,1,1,0,1,0,0,medio_baixo
5,0.0,0,0.0,2,3,1,0,0,2,1,0,0,1,0,0,0,gratuito
3,10000.0,1,0.0,15,3,1,0,0,0,0,0,1,1,0,0,1,alto
3,10000.0,0,0.0,1,1,1,0,0,0,0,0,0,0,0,0,1,gratuito
5,10000.0,33,0.5151515151515151,1,2,1,0,0,0,0,0,0,0,0,0,1,baixo
1,0.0,0,0.0,1,3,1,0,0,0,1,0,0,1,0,0,0,gratuito
4,0.0,0,0.0,0,0,1,0,0,0,0,0,0,0,0,0,0,gratuito
4,0.0,0,0.0,0,0,1,0,0,0,0,0,0,0,0,0,0,gratuito
7,10000.0,5,0.2,3,2,1,0,0,0,0,1,0,0,1,0,0,medio_alto
2,350000.0,16773,0.97114410063793,1,6,1,0,0,0,1,1,1,1,1,0,0,medio_alto
2,10000.0,210,0.9047619047619048,8,4,1,0,0,5,0,1,1,0,1,1,0,alto
11,10000.0,56,0.6607142857142857,1,3,1,0,0,0,1,1,1,0,0,0,0,baixo
8,35000.0,538,0.7397769516728625,1,2,1,0,0,0,0,1,1,0,0,0,0,baixo
1,10000.0,0,0.0,27,1,1,0,0,0,0,0,0,1,0,0,0,medio_baixo
1,0.0,0,0.0,1,4,1,0,0,0,1,0,1,0,1,0,0,gratuito
3,0.0,0,0.0,1,3,1,0,0,0,1,1,1,0,0,0,0,gratuito
11,150000.0,687,0.6142649199417758,1,2,1,0,0,0,0,0,0,1,1,0,0,baixo
12,150000.0,249,0.6144578313253012,18,2,1,0,0,1,1,1,0,0,0,0,0,medio_baixo
3,0.0,0,0.0,2,4,1,0,0,0,0,0,0,0,0,0,0,gratuito
12,750000.0,5445,0.8932966023875115,5,2,1,0,0,0,0,0,0,0,0,1,1,medio_baixo
3,10000.0,10,1.0,8,2,1,0,0,1,0,0,0,1,0,0,0,medio_baixo
2,10000.0,4,1.0,1,3,1,0,0,0,1,0,0,1,0,1,0,baixo
1,10000.0,0,0.0,1,6,1,0,0,0,1,1,0,1,0,0,0,gratuito
4,0.0,0,0.0,0,0,1,0,0,0,0,0,0,0,0,0,0,gratuito
8,10000.0,22,0.5454545454545454,1,1,1,0,0,0,0,1,0,0,0,0,0,gratuito
10,10000.0,46,0.8695652173913043,1,2,1,1,1,0,1,0,0,1,0,0,0,medio_baixo
8,10000.0,9,0.3333333333333333,1,2,1,0,0,0,1,0,0,1,0,0,0,medio_baixo
11,75000.0,270,0.7555555555555555,4,1,1,0,0,0,0,0,0,0,0,1,0,baixo
2,10000.0,874,0.9736842105263158,4,1,1,0,0,0,0,0,1,0,0,0,0,alto
11,35000.0,266,0.8157894736842105,15,3,1,0,0,0,1,0,1,1,0,0,0,medio_baixo
2,10000.0,6,1.0,5,2,1,0,0,0,1,0,0,1,0,0,0,medio_alto
3,10000.0,0,0.0,1,1,1,0,0,0,1,0,0,0,0,0,0,medio_alto
1,0.0,0,0.0,0,0,1,0,0,0,0,0,0,0,0,0,0,gratuito
1,0.0,0,0.0,1,2,1,0,0,0,1,0,0,1,0,0,0,medio_alto
2,10000.0,2,0.5,1,3,1,1,0,0,1,0,0,1,0,1,0,medio_baixo
1,0.0,0,0.0,2,3,1,0,0,0,1,0,1,1,0,0,0,medio_baixo
1,0.0,0,0.0,1,3,1,1,0,0,1,0,0,1,0,1,0,medio_baixo
5,10000.0,35,0.9714285714285714,7,5,1,0,0,0,1,1,1,1,0,0,0,medio_alto
2,35000.0,54,0.7592592592592593,2,3,1,0,0,0,1,1,1,0,0,0,0,medio_baixo
5,10000.0,8,0.25,1,2,1,0,0,0,1,1,0,0,0,0,0,baixo
7,10000.0,20,0.85,3,3,1,0,0,0,1,1,0,1,0,0,0,medio_baixo
8,10000.0,9,0.3333333333333333,1,2,1,0,1,0,1,0,1,0,0,0,0,baixo
6,10000.0,46,0.9565217391304348,2,2,1,1,0,3,1,0,0,1,0,0,0,baixo
11,10000.0,53,0.7169811320754716,1,3,1,0,0,0,1,0,0,1,1,0,0,medio_alto
2,35000.0,9,1.0,2,4,1,1,0,0,1,0,1,1,0,0,0,gratuito
3,10000.0,4,0.25,2,3,1,0,0,0,0,1,1,0,0,0,0,medio_alto
1,0.0,0,0.0,1,3,1,1,1,0,1,0,0,1,0,0,0,baixo
9,10000.0,35,0.8,1,2,1,0,0,0,0,0,1,0,0,0,1,medio_baixo
2,10000.0,21,1.0,1,3,1,0,0,0,1,0,0,1,0,0,1,medio_alto
3,10000.0,3,0.3333333333333333,1,3,1,0,0,0,1,1,1,0,0,0,0,medio_alto
3,10000.0,1,1.0,1,4,1,1,0,0,1,1,0,1,0,0,0,medio_alto
4,10000.0,46,0.8913043478260869,1,3,1,1,0,1,1,0,0,0,0,0,1,gratuito
1,10000.0,0,0.0,1,3,1,0,0,0,1,1,0,0,0,0,0,alto
1,10000.0,0,0.0,1,2,1,0,0,0,0,1,0,1,0,0,0,baixo
1,10000.0,0,0.0,1,3,1,0,0,0,1,0,1,1,0,0,0,medio_alto
1,10000.0,0,0.0,30,2,1,0,0,0,1,0,0,1,0,0,0,baixo
2,0.0,0,0.0,1,5,1,1,0,0,1,1,1,1,0,0,0,gratuito
5,10000.0,0,0.0,1,5,1,0,0,0,1,1,1,0,1,0,0,medio_baixo
3,10000.0,23,0.2608695652173913,1,1,1,0,0,0,0,0,0,0,0,0,1,medio_alto
10,10000.0,54,0.5185185185185185,12,5,1,0,0,0,1,1,1,0,1,1,0,medio_alto
5,10000.0,21,0.23809523809523808,29,5,1,1,1,0,1,1,0,1,0,1,1,alto
7,75000.0,609,0.7487684729064039,3,4,1,1,1,0,1,0,1,1,0,0,1,medio_baixo
2,0.0,0,0.0,1,3,1,0,0,0,0,1,1,0,0,0,0,gratuito
3,10000.0,239,0.6736401673640168,2,3,1,0,0,0,1,1,1,0,0,0,0,medio_alto
1,0.0,0,0.0,1,4,1,0,0,0,1,0,1,1,0,0,0,baixo
12,75000.0,93,0.7096774193548387,1,2,1,1,1,0,0,1,1,0,0,0,0,baixo
9,10000.0,13,0.46153846153846156,1,2,1,0,0,0,1,0,1,0,0,0,0,baixo
6,10000.0,15,0.8,1,8,1,0,0,17,1,1,0,1,0,1,0,gratuito
4,10000.0,0,0.0,3,3,1,0,0,0,1,0,1,1,0,0,0,gratuito
1,10000.0,0,0.0,1,2,1,1,1,0,1,0,0,1,0,0,0,alto
3,0.0,0,0.0,0,0,1,0,0,0,0,0,0,0,0,0,0,gratuito
1,0.0,0,0.0,1,4,1,0,0,0,1,0,1,1,1,0,0,medio_alto
3,0.0,0,0.0,1,2,1,0,0,0,1,0,0,1,0,0,0,gratuito
7,10000.0,23,0.391304347826087,1,2,1,0,0,1,0,0,1,0,1,0,0,gratuito
7,10000.0,0,0.0,2,2,1,0,0,0,1,0,0,1,0,0,0,baixo
2,10000.0,2,0.5,1,2,1,0,0,0,0,0,0,1,1,0,0,alto
5,10000.0,0,0.0,2,4,1,0,0,0,1,0,0,1,0,1,0,medio_alto
3,10000.0,1,1.0,1,2,1,0,0,0,1,0,0,0,0,1,0,medio_baixo
1,10000.0,0,0.0,1,2,1,0,0,0,1,0,0,1,0,0,0,medio_baixo
1,10000.0,0,0.0,2,4,1,0,0,0,1,1,0,0,0,0,0,gratuito
2,10000.0,9,1.0,1,4,1,0,0,0,1,1,1,1,0,0,0,baixo
1,10000.0,0,0.0,12,4,1,0,0,0,1,0,0,0,0,1,1,alto
6,35000.0,57,0.7719298245614035,1,3,1,0,0,0,1,0,1,1,0,0,0,baixo
1,10000.0,206,0.8300970873786407,7,4,1,0,1,0,1,1,1,0,0,0,0,medio_baixo
1,0.0,0,0.0,1,4,1,0,0,0,1,0,0,1,0,0,1,alto
5,10000.0,26,0.9615384615384616,2,1,1,0,0,0,1,0,0,0,0,0,0,medio_alto
4,35000.0,264,0.5416666666666666,9,4,1,0,0,0,1,0,0,1,0,1,1,medio_baixo
10,10000.0,5,0.4,1,2,1,0,0,0,1,0,0,1,0,0,0,medio_baixo
5,0.0,0,0.0,0,0,1,0,0,0,0,0,0,0,0,0,0,gratuito
3,35000.0,2,1.0,1,3,1,1,1,0,1,1,0,1,0,0,0,medio_alto
12,75000.0,732,0.8210382513661202,1,3,1,0,0,1,1,1,0,0,1,0,0,alto
3,10000.0,21,0.9047619047619048,1,3,1,0,0,0,0,0,0,1,0,0,1,medio_alto
7,10000.0,35,0.9428571428571428,1,1,1,0,0,0,0,0,0,0,1,0,0,alto
10,750000.0,12661,0.8564094463312535,9,2,1,1,1,0,0,1,0,0,0,1,0,medio_alto
4,10000.0,36,0.7777777777777778,4,4,1,0,0,0,1,0,0,1,1,0,1,medio_alto
5,10000.0,0,0.0,1,2,1,1,0,0,0,1,0,1,0,0,0,baixo
9,10000.0,42,0.8571428571428571,1,2,1,1,1,0,0,0,0,0,0,0,0,gratuito
5,7500000.0,98914,0.8503649635036497,9,3,1,0,0,3,1,1,1,0,0,0,0,gratuito
1,0.0,0,0.0,2,3,1,1,1,2,1,0,1,1,0,0,0,baixo
2,0.0,0,0.0,103,7,1,1,1,0,1,1,1,1,1,1,1,baixo
12,150000.0,1409,0.6408800567778566,9,1,1,0,0,0,0,0,0,0,0,0,0,medio_alto
3,0.0,0,0.0,1,2,1,0,0,0,1,0,1,0,0,0,0,gratuito
1,10000.0,0,0.0,2,2,1,1,1,0,1,0,0,1,0,0,0,medio_alto
1,0.0,0,0.0,0,0,1,0,0,0,0,0,0,0,0,0,0,gratuito
2,10000.0,12,0.75,2,3,1,0,0,0,1,1,1,0,0,0,0,medio_alto
6,10000.0,2,0.0,1,2,1,0,0,0,1,1,0,0,0,0,0,medio_alto
3,10000.0,3,1.0,28,7,1,0,0,0,1,0,0,1,0,0,0,medio_alto
19,750000.0,13868,0.9475771560426882,3,1,1,0,0,0,0,1,0,0,0,0,0,alto
2,350000.0,6512,0.9817260442260443,2,2,1,0,0,1,1,0,0,0,1,0,0,medio_baixo
5,10000.0,9,1.0,1,1,1,0,0,0,1,0,0,0,0,0,0,baixo
4,1500000.0,39430,0.6492772001014456,12,2,1,0,0,8,0,1,1,0,0,0,0,alto
2,0.0,0,0.0,1,6,1,0,0,0,1,1,1,1,0,0,1,gratuito
9,10000.0,79,0.8734177215189873,1,2,1,0,0,0,1,1,0,0,0,0,0,medio_alto
2,10000.0,0,0.0,1,2,1,1,0,0,0,0,0,1,0,0,0,gratuito
2,10000.0,0,0.0,1,3,1,0,1,0,1,1,0,1,0,0,0,medio_baixo
6,10000.0,88,0.5,1,2,1,0,0,0,1,1,0,0,0,0,0,baixo
1,0.0,0,0.0,6,3,1,0,0,0,0,1,0,0,1,0,0,gratuito
1,0.0,0,0.0,1,5,1,0,0,0,1,0,0,1,0,1,1,gratuito
3,10000.0,3,0.6666666666666666,1,2,1,0,0,0,1,1,0,0,0,0,0,baixo
4,10000.0,0,0.0,1,5,1,0,0,0,0,1,0,1,0,1,1,alto
10,75000.0,412,0.6723300970873787,4,4,1,1,0,0,1,1,0,1,0,1,0,baixo
9,35000.0,258,0.7868217054263565,1,2,1,0,0,1,1,0,0,1,0,0,0,medio_alto
11,35000.0,353,0.7790368271954674,1,1,1,1,0,0,0,0,1,0,0,0,0,medio_alto
1,35000.0,1182,0.6556683587140439,4,1,1,0,0,0,0,1,0,0,0,0,0,medio_alto
1,10000.0,0,0.0,2,3,1,0,0,0,1,0,1,1,0,0,0,medio_baixo
3,75000.0,31,0.7096774193548387,4,4,1,0,0,0,1,1,1,0,0,0,1,baixo
2,10000.0,1,1.0,5,3,1,0,0,0,1,1,0,0,0,0,1,medio_baixo
1,10000.0,0,0.0,11,5,1,0,0,1,1,0,1,1,0,0,0,alto
2,0.0,0,0.0,1,3,1,0,0,0,1,0,0,1,0,0,0,gratuito
1,10000.0,209,0.7894736842105263,3,2,1,1,1,0,1,0,0,1,0,0,0,baixo
2,35000.0,25,1.0,4,5,1,0,0,0,1,1,0,1,1,0,0,medio_alto
3,10000.0,23,0.9565217391304348,2,1,1,0,0,0,0,0,0,0,0,1,0,alto
8,10000.0,14,1.0,11,3,1,0,0,0,1,1,1,0,0,0,0,medio_baixo
4,10000.0,13,0.6923076923076923,3,2,1,0,0,0,1,0,0,0,0,0,0,alto
12,35000.0,80,0.8125,2,4,1,0,0,0,1,1,1,0,1,0,0,medio_alto
1,10000.0,0,0.0,5,3,1,0,0,0,0,1,1,0,1,0,0,baixo
1,10000.0,0,0.0,15,3,1,0,1,0,1,1,1,0,0,0,0,alto
4,10000.0,39,0.8461538461538461,1,2,1,0,0,1,1,0,0,1,0,0,0,medio_baixo
9,10000.0,10,0.3,27,1,1,0,0,0,1,0,0,0,0,0,0,baixo
4,10000.0,28,0.35714285714285715,26,4,1,0,0,0,1,1,0,0,0,0,1,baixo
4,0.0,0,0.0,0,0,1,0,0,0,0,0,0,0,0,0,0,gratuito
2,0.0,0,0.0,0,0,1,0,0,0,0,0,0,0,0,0,0,gratuito
2,10000.0,0,0.0,1,2,1,1,1,0,1,0,0,1,0,0,0,alto
1,10000.0,2,0.5,17,3,1,0,1,0,0,0,0,0,0,0,1,alto
3,10000.0,0,0.0,1,5,1,0,0,0,1,1,0,1,0,1,0,gratuito
6,10000.0,4,1.0,9,1,1,0,0,0,0,0,0,1,0,0,0,medio_alto
9,75000.0,194,0.5927835051546392,2,4,1,0,0,0,1,1,1,0,1,0,0,gratuito
3,10000.0,26,0.7692307692307693,2,2,1,0,0,0,1,0,1,0,0,0,0,alto
8,10000.0,50,0.7,2,3,1,0,0,0,1,0,0,0,0,1,1,gratuito
7,10000.0,0,0.0,1,1,1,0,0,0,1,0,0,0,0,0,0,alto
6,7500000.0,279741,0.9824409006902813,11,3,1,1,0,1,1,1,0,0,1,0,0,alto
1,10000.0,0,0.0,2,3,1,0,0,0,1,0,0,1,0,1,0,medio_alto
2,10000.0,2,0.0,6,3,1,0,0,0,1,1,1,0,0,0,0,medio_alto
8,35000.0,203,0.8325123152709359,3,2,1,0,0,0,0,1,0,1,0,0,0,gratuito
4,10000.0,0,0.0,1,2,1,0,0,0,1,0,0,1,0,0,0,baixo
1,10000.0,26,0.7692307692307693,8,5,1,0,0,0,1,1,0,1,0,0,0,medio_baixo
4,10000.0,2,1.0,3,1,1,0,0,0,0,0,0,1,0,0,0,alto
9,35000.0,30,0.5333333333333333,1,2,1,0,0,0,1,1,0,0,0,0,0,baixo
4,0.0,0,0.0,1,4,1,1,1,0,1,1,1,0,0,0,0,gratuito
9,10000.0,8,0.375,4,3,1,0,0,1,1,0,0,1,1,0,0,alto
12,75000.0,364,0.6318681318681318,1,3,1,0,0,0,1,0,0,0,1,0,0,alto
3,10000.0,0,0.0,15,3,1,1,1,0,1,0,0,1,0,1,0,medio_alto
2,35000.0,280,0.38571428571428573,13,4,1,0,0,0,1,1,0,0,1,1,0,medio_baixo
5,10000.0,24,1.0,1,1,1,1,0,0,0,0,0,1,0,0,0,medio_alto
2,10000.0,0,0.0,5,1,1,0,0,0,0,0,0,1,0,0,0,medio_baixo
2,10000.0,106,0.7830188679245284,9,5,1,0,0,0,1,0,0,0,1,1,1,alto
2,10000.0,6,0.8333333333333334,1,2,1,0,0,0,1,0,0,1,0,0,0,baixo
4,35000.0,71,0.676056338028169,3,4,1,0,0,0,1,1,1,0,1,0,0,medio_alto
2,10000.0,6,0.8333333333333334,6,3,1,0,0,0,1,0,0,1,0,1,0,medio_baixo
6,10000.0,3,0.6666666666666666,1,3,1,0,0,0,1,0,0,1,0,0,0,medio_baixo
1,10000.0,0,0.0,17,5,1,0,0,0,1,0,1,1,1,0,0,medio_baixo
2,10000.0,10,0.9,2,1,1,0,0,0,0,0,0,1,0,0,0,medio_baixo
1,0.0,0,0.0,1,6,1,0,0,0,1,1,0,1,0,0,1,gratuito
8,350000.0,1392,0.6961206896551724,11,3,1,0,0,0,1,1,1,0,0,0,0,alto
5,0.0,0,0.0,0,0,1,0,0,0,0,0,0,0,0,0,0,gratuito
1,10000.0,0,0.0,1,3,1,0,0,0,1,0,0,0,0,1,1,medio_alto
6,10000.0,10,0.8,1,2,1,0,0,0,0,0,0,1,1,0,0,medio_baixo
4,10000.0,14,0.7142857142857143,1,2,1,0,0,0,0,0,1,1,0,0,0,medio_alto
2,10000.0,8,1.0,2,3,1,0,0,0,1,1,0,0,0,0,0,baixo
8,10000.0,130,0.8769230769230769,1,2,1,0,0,0,1,0,1,0,0,0,0,baixo
3,10000.0,3,1.0,2,5,1,0,0,0,1,1,0,1,1,0,0,baixo
1,10000.0,0,0.0,3,2,1,1,1,3,0,0,1,0,1,0,0,alto
4,35000.0,30,0.2,1,4,1,0,0,0,1,0,1,0,1,0,1,baixo
2,10000.0,37,1.0,2,3,1,0,0,0,1,0,0,1,1,0,0,gratuito
2,10000.0,0,0.0,1,2,1,0,0,0,1,0,0,1,0,0,0,medio_baixo
8,10000.0,13,0.7692307692307693,1,1,1,0,0,0,1,0,0,0,0,0,0,gratuito
2,10000.0,2,1.0,1,3,1,0,0,0,1,1,1,0,0,0,0,medio_alto
2,10000.0,1,0.0,1,3,1,0,0,3,1,1,1,0,0,0,0,medio_baixo
1,0.0,0,0.0,0,0,1,0,0,0,0,0,0,0,0,0,0,gratuito
5,35000.0,19,0.3157894736842105,1,4,1,0,0,0,0,1,0,1,0,1,1,baixo
9,10000.0,4,0.5,1,2,1,0,0,0,0,1,0,1,0,0,0,medio_baixo
4,10000.0,158,0.5506329113924051,8,4,1,0,0,4,1,0,0,0,1,1,1,alto
2,10000.0,5,0.6,1,1,1,1,0,0,0,0,0,0,0,0,1,medio_alto
2,10000.0,1,1.0,1,4,1,0,0,0,1,1,0,1,0,0,1,medio_alto
1,0.0,0,0.0,4,1,1,0,0,1,0,0,1,0,0,0,0,alto
2,10000.0,4,1.0,1,3,1,0,1,0,1,1,0,1,0,0,0,medio_baixo
1,0.0,0,0.0,0,0,1,0,0,0,0,0,0,0,0,0,0,gratuito
5,0.0,0,0.0,5,4,1,0,0,1,1,1,1,0,0,0,0,gratuito
8,10000.0,26,0.6923076923076923,1,3,1,1,1,0,0,1,0,0,0,1,1,gratuito
10,75000.0,1493,0.927662424648359,12,3,1,1,0,0,1,1,0,0,0,0,0,baixo
2,0.0,0,0.0,0,0,1,0,0,0,0,0,0,0,0,0,0,gratuito
4,35000.0,8,0.625,103,5,1,0,0,0,1,0,1,1,0,1,1,medio_baixo
8,35000.0,102,0.8333333333333334,1,4,1,0,0,0,1,0,1,0,0,0,0,gratuito
1,10000.0,7,0.7142857142857143,1,5,1,0,0,0,1,1,1,1,0,0,0,gratuito
3,10000.0,64,0.9375,1,3,1,0,0,0,1,1,1,0,0,0,0,medio_baixo
6,10000.0,0,0.0,1,4,1,0,0,1,0,0,0,1,1,0,1,gratuito
7,150000.0,861,0.7886178861788617,8,2,1,1,1,0,1,0,0,0,0,1,0,alto
4,10000.0,0,0.0,3,1,1,0,0,0,0,0,0,1,0,0,0,medio_baixo
3,10000.0,1,1.0,10,2,1,0,0,0,1,0,1,0,0,0,0,medio_alto
3,10000.0,3,1.0,1,2,1,0,0,0,0,1,1,0,0,0,0,baixo
1,0.0,0,0.0,1,5,1,0,0,0,1,0,1,1,0,0,1,gratuito
6,10000.0,0,0.0,2,3,1,0,0,0,1,0,0,1,0,0,0,baixo
1,0.0,0,0.0,2,5,1,0,1,0,1,1,1,1,0,0,0,gratuito
7,10000.0,18,0.6666666666666666,1,3,1,0,0,0,0,1,0,1,0,0,0,gratuito
2,10000.0,1,1.0,16,3,1,0,0,0,1,0,0,1,0,0,1,alto
11,1500000.0,8362,0.7465917244678306,11,3,1,1,1,0,1,1,0,0,0,0,0,gratuito
1,0.0,0,0.0,1,3,1,0,0,0,0,0,0,0,1,0,0,gratuito
4,10000.0,19,0.47368421052631576,1,1,1,0,0,0,0,0,0,1,0,0,0,baixo
1,10000.0,0,0.0,5,2,1,0,0,0,0,0,1,0,1,0,0,alto
2,10000.0,1,1.0,2,6,1,0,0,0,1,1,1,1,1,0,1,baixo
2,0.0,0,0.0,0,0,1,0,0,0,0,0,0,0,0,0,0,gratuito
1,10000.0,0,0.0,1,1,1,0,0,0,0,0,0,0,0,0,1,medio_alto
6,10000.0,10,0.6,7,3,1,0,1,0,1,1,1,0,0,0,0,medio_baixo
1,0.0,0,0.0,1,2,1,0,0,0,0,1,0,0,0,0,0,gratuito
7,35000.0,309,0.6472491909385113,3,3,1,0,0,0,0,0,0,0,0,1,0,gratuito
1,10000.0,0,0.0,1,2,1,0,1,0,1,1,0,0,0,0,0,medio_alto
6,35000.0,84,0.6071428571428571,2,4,1,0,0,1,1,1,1,0,1,0,0,medio_baixo
1,10000.0,0,0.0,3,2,1,1,0,0,0,0,1,1,0,0,0,medio_alto
4,0.0,0,0.0,3,3,1,0,0,0,0,0,1,0,1,0,0,gratuito
2,10000.0,0,0.0,28,3,1,0,0,0,1,0,0,1,0,0,1,medio_alto
1,0.0,0,0.0,1,2,1,0,0,1,0,0,1,0,0,0,0,gratuito
10,10000.0,34,0.8235294117647058,1,3,1,0,0,0,1,1,0,1,0,0,0,medio_baixo
10,35000.0,30,0.8333333333333334,9,1,1,1,0,0,0,0,0,0,0,0,0,medio_baixo
5,0.0,0,0.0,1,5,1,0,0,1,1,1,1,0,1,0,0,gratuito
3,10000.0,0,0.0,1,3,1,1,1,0,1,0,0,1,0,0,1,baixo
2,10000.0,2,1.0,1,3,1,0,0,0,1,0,1,1,0,0,0,medio_baixo
1,0.0,0,0.0,0,0,1,0,0,0,0,0,0,0,0,0,0,gratuito
9,10000.0,225,0.92,29,3,1,1,1,0,1,0,0,1,0,1,0,baixo
2,10000.0,12,0.5833333333333334,1,2,1,0,0,0,1,1,0,0,0,0,0,baixo
6,10000.0,163,0.7239263803680982,2,4,1,0,0,1,1,1,1,1,0,0,0,baixo
3,10000.0,1,0.0,1,3,1,0,0,0,1,0,0,1,1,0,0,medio_alto
2,10000.0,45,0.9777777777777777,8,2,1,0,0,0,1,0,0,1,0,0,0,medio_baixo
4,0.0,0,0.0,1,1,1,0,0,0,0,0,0,0,1,0,0,gratuito
5,10000.0,0,0.0,1,3,1,0,0,0,1,1,1,0,0,0,0,alto
3,750000.0,9516,0.8066414459857083,13,3,1,0,0,7,0,1,1,0,0,1,0,alto
7,10000.0,1,0.0,1,4,1,0,0,0,1,1,1,0,1,0,0,medio_baixo
2,10000.0,1,1.0,1,3,1,0,0,0,1,0,0,1,0,1,0,medio_baixo
2,10000.0,0,0.0,1,2,1,0,0,0,1,0,0,1,0,0,0,alto
4,10000.0,75,0.8,6,4,1,0,0,0,1,0,0,1,0,1,1,medio_alto
5,10000.0,4,0.0,1,2,1,0,0,0,0,1,1,0,0,0,0,medio_baixo
10,10000.0,8,0.75,4,3,1,0,1,0,1,1,1,0,0,0,0,medio_alto
9,35000.0,8,0.75,1,4,1,0,0,0,1,1,0,1,0,1,0,medio_baixo
1,10000.0,27,1.0,1,4,1,0,0,0,1,1,1,1,0,0,0,medio_alto
5,35000.0,17,0.9411764705882353,1,3,1,0,0,0,1,1,0,1,0,0,0,baixo
7,10000.0,48,0.9166666666666666,1,2,1,0,0,0,1,1,0,0,0,0,0,medio_alto
3,10000.0,0,0.0,2,3,1,0,0,0,1,1,0,0,0,0,0,gratuito
11,35000.0,168,0.8571428571428571,1,3,1,1,1,0,1,1,0,0,0,1,0,baixo
5,10000.0,0,0.0,1,2,1,0,0,2,1,0,0,1,0,0,0,medio_baixo
4,10000.0,0,0.0,5,1,1,1,1,0,0,0,0,1,0,0,0,medio_alto
2,10000.0,8,0.875,1,3,1,0,0,0,1,1,1,0,0,0,0,gratuito
5,35000.0,22,0.9090909090909091,15,3,1,0,0,0,0,1,1,1,0,0,0,baixo
5,0.0,0,0.0,0,0,1,0,0,0,0,0,0,0,0,0,0,gratuito
6,10000.0,25,0.56,103,1,1,0,0,0,0,0,0,0,0,1,0,baixo
5,10000.0,40,0.825,1,4,1,0,0,0,1,1,0,0,0,0,0,gratuito
8,10000.0,5,1.0,1,3,1,0,0,0,1,0,0,1,0,0,0,baixo
5,10000.0,22,0.36363636363636365,28,5,1,1,1,0,1,1,1,1,0,1,0,medio_baixo
5,35000.0,15,0.8666666666666667,1,3,1,0,0,0,0,0,1,1,0,0,0,baixo
10,35000.0,93,0.8817204301075269,11,2,1,1,1,0,1,1,0,0,0,0,0,baixo
1,10000.0,0,0.0,5,3,1,0,0,0,1,1,0,0,1,0,0,alto
17,350000.0,2317,0.9261976694000863,1,1,1,0,0,0,0,0,0,0,0,1,0,medio_baixo
11,150000.0,9897,0.9534202283520259,1,3,1,0,0,0,1,1,0,0,0,0,1,baixo
2,10000.0,32,0.96875,4,1,1,0,0,0,0,0,1,0,0,0,0,alto
3,35000.0,6,0.8333333333333334,3,1,1,0,0,0,0,0,0,0,0,0,1,baixo
5,10000.0,12,0.8333333333333334,1,5,1,0,0,0,1,1,1,1,0,0,1,baixo
1,10000.0,21,0.8571428571428571,8,5,1,0,0,0,1,1,1,0,1,0,1,alto
8,10000.0,1,0.0,1,1,1,0,0,0,0,0,0,0,1,0,0,alto
5,10000.0,58,0.9655172413793104,5,2,1,1,1,1,1,0,1,0,0,0,0,medio_alto
2,10000.0,4,0.75,1,3,1,0,0,0,1,0,1,0,1,0,0,medio_baixo
1,10000.0,0,0.0,1,1,1,0,0,0,0,0,0,1,0,0,0,alto
6,10000.0,0,0.0,1,1,1,0,0,0,0,0,0,0,0,0,1,alto
5,35000.0,7,0.7142857142857143,1,1,1,0,0,0,0,1,0,0,0,0,0,gratuito
6,10000.0,2,0.5,1,2,1,0,0,0,0,1,1,0,0,0,0,medio_baixo
3,10000.0,6,0.8333333333333334,1,3,1,0,0,0,1,1,0,0,0,0,0,medio_alto
1,10000.0,0,0.0,1,3,1,0,0,0,1,1,1,0,0,0,0,alto
2,10000.0,70,0.8142857142857143,4,3,1,0,0,8,0,1,1,0,1,0,0,alto
4,10000.0,5,0.4,1,3,1,0,0,0,1,1,0,1,0,0,0,alto
9,10000.0,52,0.9038461538461539,1,4,1,0,0,0,1,1,0,0,0,1,1,medio_alto
4,75000.0,736,0.7907608695652174,7,2,1,0,0,3,1,0,0,0,0,1,0,alto
10,10000.0,46,0.5652173913043478,1,3,1,0,0,0,0,0,1,0,0,0,1,alto
1,10000.0,0,0.0,1,1,1,0,0,0,0,0,0,0,0,0,0,alto
10,75000.0,42,0.8333333333333334,1,1,1,0,0,0,0,0,0,1,0,0,0,baixo
4,10000.0,32,0.875,8,3,1,0,0,0,1,0,0,1,0,1,0,baixo
2,10000.0,6,0.6666666666666666,1,3,1,0,0,0,1,1,0,1,0,0,0,medio_alto
3,10000.0,39,1.0,1,3,1,0,0,0,1,0,0,1,0,0,1,medio_baixo
9,10000.0,27,0.5925925925925926,2,2,1,0,0,0,1,1,0,0,0,0,0,gratuito
2,10000.0,17,0.8823529411764706,8,5,1,0,0,0,1,1,1,1,0,0,1,baixo
3,10000.0,2,0.5,1,3,1,0,0,0,1,0,1,1,0,0,0,alto
2,0.0,0,0.0,0,0,1,0,0,0,0,0,0,0,0,0,0,gratuito
2,0.0,0,0.0,4,2,1,0,0,0,0,1,0,0,0,1,0,gratuito
1,0.0,0,0.0,0,0,1,0,0,0,0,0,0,0,0,0,0,gratuito
2,0.0,0,0.0,0,0,1,0,0,0,0,0,0,0,0,0,0,gratuito
11,35000.0,15,0.6,1,3,1,0,1,0,1,0,1,0,0,1,0,gratuito
5,10000.0,26,0.8461538461538461,11,3,1,1,0,0,0,0,1,1,0,1,0,alto
9,35000.0,58,0.5344827586206896,2,3,1,0,0,0,1,1,0,1,0,0,0,baixo
1,10000.0,0,0.0,1,3,1,0,1,0,1,1,0,0,0,0,1,medio_baixo
1,10000.0,0,0.0,12,3,1,0,0,0,1,0,0,1,0,0,1,medio_alto
6,35000.0,4,0.75,5,2,1,0,0,2,1,1,0,0,0,0,0,medio_alto
9,35000.0,21,0.7619047619047619,3,1,1,0,0,0,0,0,0,1,0,0,0,medio_baixo
4,10000.0,0,0.0,3,2,1,0,0,1,1,0,1,0,0,0,0,medio_baixo
6,10000.0,1,1.0,1,4,1,0,1,0,1,1,0,0,0,1,1,baixo
8,10000.0,55,0.43636363636363634,1,4,1,0,0,0,1,0,0,1,0,1,1,baixo
4,150000.0,26,0.9615384615384616,1,2,1,1,1,0,1,0,0,0,0,1,0,medio_baixo
6,10000.0,176,0.8693181818181818,6,2,1,1,0,0,1,0,1,0,0,0,0,medio_baixo
1,10000.0,14,0.9285714285714286,4,2,1,0,0,0,0,1,1,0,0,0,0,medio_alto
1,10000.0,4,0.75,1,2,1,0,0,0,1,0,0,0,0,1,0,medio_alto
4,35000.0,3,1.0,1,3,1,0,0,0,1,1,1,0,0,0,0,medio_baixo
9,10000.0,160,0.875,3,2,1,1,1,0,1,0,0,1,0,0,0,baixo
1,10000.0,0,0.0,1,3,1,0,0,0,1,1,0,0,0,0,0,alto
3,10000.0,0,0.0,1,2,1,0,0,0,1,0,0,1,0,0,0,medio_baixo
1,0.0,0,0.0,0,0,1,0,0,0,0,0,0,0,0,0,0,gratuito
6,10000.0,14,0.6428571428571429,2,3,1,0,0,0,1,0,1,1,0,0,0,baixo
7,10000.0,424,0.839622641509434,6,3,1,0,0,3,1,1,0,0,0,0,1,medio_baixo
7,10000.0,12,0.75,27,5,1,0,0,0,1,0,1,1,1,0,1,medio_baixo
6,10000.0,20,0.8,1,3,1,0,1,0,1,0,0,1,0,1,0,baixo
4,35000.0,207,0.6570048309178744,1,1,1,0,0,1,0,0,0,0,0,0,1,medio_alto
8,10000.0,9,0.5555555555555556,1,3,1,1,1,0,1,0,1,0,1,0,0,medio_baixo
8,150000.0,5,0.8,1,3,1,0,0,0,1,1,0,1,0,0,0,gratuito
2,10000.0,1,0.0,1,4,1,0,0,0,1,1,1,0,1,0,0,medio_baixo
3,0.0,0,0.0,1,4,1,1,0,3,1,0,1,1,0,0,0,gratuito
2,10000.0,3,0.6666666666666666,1,1,1,0,0,0,0,1,0,0,0,0,0,medio_alto
6,10000.0,39,0.9230769230769231,2,4,1,0,0,0,1,1,0,1,1,0,0,medio_baixo
3,0.0,0,0.0,0,0,1,0,0,0,0,0,0,0,0,0,0,gratuito
9,10000.0,85,0.8,3,1,1,0,0,0,0,1,0,0,0,0,0,alto
10,150000.0,120,0.7166666666666667,1,3,1,0,0,0,1,0,0,1,0,0,0,gratuito
7,10000.0,20,0.7,1,2,1,0,1,0,1,0,0,1,0,0,0,baixo
2,10000.0,0,0.0,1,2,1,0,0,1,1,1,0,0,0,0,0,alto
1,10000.0,6,1.0,1,4,1,0,0,0,1,1,1,1,0,0,0,baixo
3,10000.0,4,1.0,1,3,1,1,0,0,1,1,0,1,0,0,0,medio_baixo
7,10000.0,31,0.8064516129032258,10,2,1,0,0,0,1,1,0,0,0,0,0,medio_baixo
5,10000.0,18,1.0,3,4,1,0,0,0,1,1,1,1,0,0,0,medio_baixo
7,35000.0,648,0.7746913580246914,3,1,1,0,0,0,0,0,0,0,1,0,0,alto
10,35000.0,50,0.74,9,4,1,1,1,0,1,1,0,1,0,1,0,medio_alto
3,10000.0,7,1.0,1,4,1,0,0,0,1,1,1,1,0,0,0,medio_baixo
3,75000.0,512,0.787109375,1,4,1,1,0,0,1,0,1,1,0,0,1,gratuito
7,35000.0,55,0.8909090909090909,1,2,1,0,0,0,0,0,1,1,0,0,0,medio_alto
6,10000.0,2,0.5,1,2,1,0,0,0,1,0,0,0,0,1,0,alto
3,0.0,0,0.0,103,2,1,0,0,0,1,0,0,1,0,0,0,baixo
3,0.0,0,0.0,0,0,1,0,0,0,0,0,0,0,0,0,0,gratuito
5,10000.0,0,0.0,1,5,1,0,0,0,1,1,1,1,0,0,1,baixo
3,10000.0,0,0.0,1,2,1,0,0,0,1,0,0,1,0,0,0,alto
1,10000.0,0,0.0,1,3,1,0,0,0,1,1,0,0,0,0,0,medio_alto
2,10000.0,0,0.0,2,2,1,0,0,0,1,1,0,0,0,0,0,baixo
5,10000.0,48,0.8333333333333334,1,2,1,1,1,0,1,0,0,0,0,1,0,medio_baixo
1,0.0,0,0.0,0,0,1,0,0,0,0,0,0,0,0,0,0,gratuito
8,10000.0,5,0.6,1,2,1,0,0,0,1,1,0,0,0,0,0,medio_alto
16,10000.0,32,0.4375,1,1,1,0,0,0,0,1,0,0,0,0,0,medio_baixo
2,0.0,0,0.0,3,3,1,0,0,0,1,1,0,1,0,0,0,gratuito
5,75000.0,3305,0.8084720121028744,8,4,1,1,0,1,0,1,1,0,0,1,1,alto
9,350000.0,1143,0.7419072615923009,10,3,1,0,0,0,0,0,0,0,0,0,1,gratuito
2,75000.0,975,0.5292307692307693,1,7,1,0,0,0,1,1,1,0,1,1,1,alto
8,10000.0,2,1.0,1,2,1,1,0,0,1,0,0,1,0,0,0,medio_alto
5,0.0,0,0.0,0,0,1,0,0,0,0,0,0,0,0,0,0,gratuito
2,10000.0,8,1.0,1,1,1,0,0,0,1,0,0,0,0,0,0,baixo
6,10000.0,2,1.0,1,3,1,0,0,0,1,0,1,1,0,0,0,medio_baixo
4,10000.0,5,0.6,1,2,1,0,0,0,0,0,1,1,0,0,0,medio_alto
1,10000.0,0,0.0,10,2,1,0,0,0,1,0,0,1,0,0,0,medio_baixo
4,10000.0,3,1.0,1,2,1,0,0,0,1,0,0,1,0,0,0,medio_baixo
7,10000.0,4,0.25,2,5,1,0,0,0,1,0,1,0,1,0,1,alto
9,35000.0,154,0.6818181818181818,4,3,1,0,0,0,1,0,1,1,0,0,0,baixo
7,10000.0,2,1.0,1,4,1,0,0,0,1,1,1,1,0,0,0,medio_baixo
3,35000.0,22,1.0,1,3,1,1,1,0,1,1,0,0,0,1,0,medio_alto
3,0.0,0,0.0,0,0,1,0,0,0,0,0,0,0,0,0,0,gratuito
7,10000.0,54,0.7222222222222222,1,8,1,0,0,0,1,1,1,1,1,1,1,medio_baixo
7,10000.0,14,0.5714285714285714,12,4,1,1,0,0,1,0,0,1,0,1,1,baixo
3,0.0,0,0.0,1,3,1,0,0,0,0,1,1,0,0,0,0,gratuito
12,10000.0,7,0.2857142857142857,1,1,1,0,0,0,0,1,0,0,0,0,0,baixo
1,0.0,0,0.0,0,0,1,0,0,0,0,0,0,0,0,0,0,gratuito
3,0.0,0,0.0,12,4,1,0,0,0,0,1,1,0,1,0,0,gratuito
7,10000.0,39,0.5384615384615384,2,1,1,0,0,0,0,0,0,0,0,0,0,gratuito
15,75000.0,748,0.8529411764705882,6,2,1,0,0,2,1,1,0,0,0,0,0,medio_baixo
9,75000.0,770,0.6506493506493507,1,5,1,0,0,0,1,0,0,1,0,0,1,gratuito
1,0.0,0,0.0,0,0,1,0,0,0,0,0,0,0,0,0,0,gratuito
2,0.0,0,0.0,103,1,1,0,0,0,1,0,0,0,0,0,0,alto
2,10000.0,14,0.8571428571428571,1,4,1,1,1,0,1,1,1,0,0,0,0,alto
9,10000.0,75,0.9333333333333333,8,2,1,0,0,0,1,0,0,1,0,0,0,medio_alto
9,150000.0,573,0.4886561954624782,1,6,1,0,0,7,1,1,0,1,1,0,0,gratuito
3,10000.0,208,0.7355769230769231,2,2,1,0,0,0,1,0,1,0,0,0,0,baixo
2,150000.0,1081,0.6771507863089732,5,4,1,0,0,0,1,0,0,1,1,0,1,alto
8,35000.0,757,0.9682959048877147,5,3,1,0,0,0,1,1,1,0,0,0,0,baixo
11,350000.0,3739,0.8999732548809842,1,4,1,1,1,1,1,1,1,0,1,0,0,medio_alto
6,10000.0,22,0.9545454545454546,2,3,1,0,0,0,1,0,1,1,0,0,0,medio_alto
1,10000.0,11,1.0,1,2,1,0,0,0,1,1,0,0,0,0,0,baixo
5,10000.0,6,0.5,1,2,1,0,0,0,1,1,0,0,0,0,0,baixo
1,10000.0,0,0.0,1,3,1,1,1,0,1,1,0,0,0,0,0,alto
2,10000.0,0,0.0,3,1,1,0,0,0,0,0,0,1,0,0,0,medio_baixo
1,0.0,0,0.0,13,5,1,0,0,2,1,1,1,1,1,0,0,alto
1,10000.0,0,0.0,2,4,1,0,0,0,1,0,0,1,0,0,1,medio_baixo
5,75000.0,3,0.6666666666666666,1,2,1,0,0,0,0,0,0,0,1,1,0,medio_alto
6,35000.0,90,0.8555555555555555,10,3,1,0,0,1,1,0,1,1,0,0,0,medio_alto
4,0.0,0,0.0,1,5,1,0,0,0,1,0,1,0,1,1,0,gratuito
3,10000.0,13,0.3076923076923077,1,3,1,0,0,0,1,1,1,0,0,0,0,medio_alto
8,10000.0,21,0.9047619047619048,2,4,1,0,0,0,1,1,1,0,0,1,0,baixo
2,10000.0,4,1.0,1,2,1,0,0,1,1,0,1,0,0,0,0,medio_baixo
2,10000.0,0,0.0,17,3,1,1,0,0,0,1,1,0,0,0,0,gratuito
2,10000.0,37,0.8378378378378378,8,3,1,0,0,0,0,1,1,0,1,0,0,medio_alto
2,10000.0,4,1.0,1,3,1,0,0,0,1,1,0,1,0,0,0,medio_baixo
4,10000.0,19,0.8947368421052632,3,2,1,0,0,0,1,1,0,0,0,0,0,medio_baixo
9,10000.0,4,0.75,1,3,1,1,1,0,0,1,1,1,0,0,0,medio_alto
3,10000.0,288,0.84375,3,4,1,0,0,0,1,0,0,0,1,1,1,alto
15,350000.0,1184,0.7888513513513513,8,4,1,0,0,0,1,1,0,0,0,1,0,medio_alto
8,10000.0,4,1.0,2,2,1,0,0,0,0,0,0,1,0,0,1,gratuito
4,75000.0,1,0.0,1,1,1,0,0,0,0,0,0,0,1,0,0,baixo
1,0.0,0,0.0,4,1,1,0,0,0,0,0,1,0,0,0,0,medio_baixo
5,10000.0,4,0.75,1,2,1,0,1,1,1,0,0,1,0,0,0,medio_alto
1,10000.0,0,0.0,1,4,1,0,0,0,1,0,1,0,0,1,1,medio_alto
12,10000.0,12,0.8333333333333334,1,2,1,0,1,0,1,1,0,0,0,0,0,alto
8,10000.0,37,0.6486486486486487,2,1,1,0,0,2,1,0,0,0,0,0,0,medio_baixo
2,10000.0,83,0.7710843373493976,7,6,1,0,0,0,1,1,0,1,1,1,0,medio_alto
2,10000.0,1,0.0,1,4,1,0,0,0,1,1,0,1,0,1,0,medio_alto
3,10000.0,92,0.8478260869565217,1,3,1,0,0,1,1,0,1,0,1,0,0,medio_baixo
4,10000.0,3,1.0,1,4,1,0,0,0,1,1,1,0,0,0,0,medio_baixo
4,35000.0,501,0.9041916167664671,8,3,1,0,1,0,1,1,0,0,0,0,0,medio_alto
4,75000.0,842,0.8622327790973872,4,4,1,0,0,1,0,0,1,1,1,0,1,baixo
3,10000.0,0,0.0,1,4,1,0,0,0,1,1,1,0,1,0,0,medio_baixo
8,35000.0,49,0.4489795918367347,9,3,1,0,0,0,0,0,0,1,0,0,1,gratuito
2,10000.0,48,0.9791666666666666,10,3,1,0,0,0,0,1,0,0,1,0,0,alto
9,10000.0,7,0.7142857142857143,7,6,1,0,0,0,1,1,0,0,1,0,1,alto
2,10000.0,2,1.0,1,3,1,0,0,0,1,1,0,0,0,1,0,medio_alto
2,10000.0,0,0.0,6,4,1,1,1,1,1,0,0,1,0,0,1,alto
3,10000.0,0,0.0,2,2,1,0,0,0,1,0,0,0,1,0,0,medio_baixo
9,35000.0,190,0.7157894736842105,10,3,1,1,0,0,1,0,1,1,0,0,0,medio_alto
3,10000.0,27,0.8888888888888888,6,3,1,0,0,0,1,1,1,0,0,0,0,medio_baixo
2,10000.0,0,0.0,1,2,1,0,0,0,1,1,0,0,0,0,0,medio_baixo
2,10000.0,1,0.0,1,3,1,0,0,0,1,0,0,1,0,0,1,alto
7,35000.0,181,0.7458563535911602,1,3,1,0,0,0,1,0,0,0,1,1,0,medio_baixo
5,10000.0,1,1.0,1,2,1,0,0,0,1,0,0,1,0,0,0,medio_baixo
10,1500000.0,29096,0.9078223810833104,1,3,1,1,0,1,0,1,0,0,0,1,0,gratuito
2,10000.0,0,0.0,1,4,1,0,0,0,1,0,1,1,0,1,0,alto
2,10000.0,27,0.7777777777777778,1,4,1,0,0,0,1,1,1,1,0,0,0,medio_baixo
7,10000.0,204,0.6470588235294118,3,2,1,0,0,0,1,0,0,1,0,0,0,alto
9,350000.0,3,0.6666666666666666,1,3,1,1,1,0,0,1,0,0,0,1,1,medio_alto
2,10000.0,2,1.0,4,2,1,1,0,0,0,0,0,0,1,1,0,medio_baixo
1,0.0,0,0.0,0,0,1,0,0,0,0,0,0,0,0,0,0,gratuito
3,0.0,0,0.0,0,0,1,0,0,0,0,0,0,0,0,0,0,gratuito
6,10000.0,155,0.967741935483871,3,3,1,0,0,0,1,0,0,1,0,1,0,baixo
2,10000.0,2,0.5,6,1,1,0,0,0,0,0,0,1,0,0,0,medio_baixo
3,10000.0,66,0.8787878787878788,2,1,1,0,0,0,0,0,1,0,0,0,0,medio_alto
7,10000.0,145,0.8758620689655172,2,3,1,0,0,0,1,0,0,1,1,0,0,alto
6,10000.0,1192,0.9387583892617449,1,3,1,0,0,1,1,0,0,1,0,0,1,alto
2,10000.0,0,0.0,4,2,1,0,0,0,0,0,1,0,1,0,0,alto
2,10000.0,0,0.0,1,4,1,0,0,0,0,1,1,1,0,0,1,alto
8,10000.0,120,0.85,1,3,1,0,0,0,1,0,1,0,1,0,0,baixo
2,0.0,0,0.0,103,9,1,1,1,0,1,1,1,1,1,1,1,alto
6,10000.0,2,1.0,1,4,1,0,0,0,1,0,1,0,1,1,0,alto
2,10000.0,49,0.8979591836734694,1,2,1,0,0,0,0,0,0,0,0,0,0,alto
1,0.0,0,0.0,1,2,1,0,0,0,0,0,0,1,0,0,0,gratuito
1,0.0,0,0.0,12,4,1,0,0,0,1,1,1,1,0,0,0,alto
5,10000.0,41,0.6829268292682927,2,4,1,0,0,0,1,1,0,0,1,0,0,gratuito
4,10000.0,5,0.6,1,5,1,0,0,0,1,1,1,0,1,1,0,medio_baixo
2,10000.0,0,0.0,1,3,1,0,0,0,1,0,1,1,0,0,0,baixo
1,0.0,0,0.0,9,4,1,0,0,1,1,1,0,1,0,0,0,baixo
1,0.0,0,0.0,2,2,1,0,0,0,1,0,0,0,0,0,0,gratuito
1,0.0,0,0.0,0,0,1,0,0,0,0,0,0,0,0,0,0,gratuito
5,0.0,0,0.0,1,2,1,0,0,0,0,1,0,0,0,0,0,gratuito
6,150000.0,455,0.589010989010989,9,5,1,0,0,0,1,1,0,0,0,0,0,gratuito
1,10000.0,6,0.8333333333333334,1,3,1,0,0,0,0,0,0,0,0,0,1,medio_baixo
2,10000.0,94,0.6702127659574468,10,3,1,0,0,0,0,0,1,1,0,0,1,alto
2,10000.0,86,0.8953488372093024,8,3,1,0,0,0,1,0,0,1,0,0,0,medio_baixo
11,10000.0,63,0.3492063492063492,8,4,1,1,1,0,1,0,1,0,1,1,0,medio_alto
8,350000.0,1743,0.525530694205393,2,6,1,0,0,1,1,1,0,0,0,0,0,gratuito
1,10000.0,2,0.5,1,2,1,0,0,0,0,1,0,1,0,0,0,baixo
4,10000.0,0,0.0,1,1,1,0,0,0,0,0,0,0,0,0,1,baixo
19,750000.0,4239,0.7180938900684124,5,1,1,0,0,0,0,1,0,0,0,0,0,baixo
8,10000.0,3,0.0,1,1,1,0,0,0,0,0,0,0,1,0,0,medio_alto
7,10000.0,386,0.8601036269430051,8,3,1,0,0,0,1,1,1,0,0,0,0,baixo
2,10000.0,3,0.6666666666666666,3,3,1,0,0,0,1,1,0,1,0,0,0,medio_baixo
4,10000.0,136,0.75,7,2,1,0,0,0,1,1,0,0,0,0,0,medio_alto
8,10000.0,4,0.25,1,2,1,0,0,0,0,0,1,1,0,0,0,medio_alto
2,10000.0,0,0.0,2,3,1,0,0,0,1,0,1,1,0,0,0,medio_baixo
6,10000.0,0,0.0,1,4,1,0,0,0,1,0,1,1,0,0,0,medio_baixo
4,10000.0,5,1.0,2,3,1,1,1,0,1,0,0,1,0,1,0,medio_alto
3,35000.0,7,0.42857142857142855,4,2,1,0,0,0,0,0,1,0,1,0,0,medio_alto
10,10000.0,65,0.6923076923076923,1,3,1,0,0,0,1,1,0,1,0,0,0,medio_baixo
3,0.0,0,0.0,2,1,1,0,0,0,0,0,0,1,0,0,0,gratuito
2,10000.0,25,1.0,1,1,1,0,1,0,1,0,0,0,0,0,0,medio_alto
3,0.0,0,0.0,0,0,1,0,0,0,0,0,0,0,0,0,0,gratuito
8,10000.0,19,0.5263157894736842,1,3,1,0,0,0,1,0,0,0,0,1,1,baixo
3,10000.0,4,1.0,1,5,1,0,0,0,1,1,1,1,1,0,0,medio_alto
1,10000.0,17,0.6470588235294118,5,3,1,0,0,0,1,1,1,0,0,0,0,medio_alto
8,10000.0,10,0.9,1,3,1,0,1,0,1,1,0,1,0,0,0,medio_alto
7,10000.0,1,1.0,1,4,1,0,0,0,1,1,1,1,0,0,0,baixo
9,10000.0,7,0.42857142857142855,1,2,1,0,0,0,1,0,0,1,0,0,0,medio_alto
4,10000.0,9,1.0,2,3,1,0,0,0,1,1,1,0,0,0,0,alto
4,10000.0,6,0.6666666666666666,1,3,1,0,0,0,1,0,0,1,0,0,1,medio_alto
9,10000.0,35,0.6285714285714286,10,5,1,0,0,0,1,1,1,0,0,0,1,alto
2,10000.0,33,0.5454545454545454,4,2,1,0,0,0,0,1,0,0,0,0,0,medio_baixo
1,10000.0,21,1.0,2,3,1,0,0,0,1,0,0,1,0,1,0,baixo
5,10000.0,2,1.0,1,4,1,1,0,0,1,0,1,1,0,0,1,alto
2,10000.0,3,1.0,1,3,1,0,0,2,1,0,0,1,0,1,0,baixo
10,10000.0,11,1.0,1,2,1,0,0,0,0,0,1,1,0,0,0,medio_alto
2,10000.0,24,0.9583333333333334,1,4,1,0,0,1,0,1,0,1,0,1,1,medio_baixo
4,10000.0,27,0.9629629629629629,1,2,1,0,0,0,0,0,0,1,0,0,0,baixo
4,35000.0,3,1.0,1,2,1,0,0,1,1,0,0,1,0,0,0,baixo
5,0.0,0,0.0,0,0,1,0,0,0,0,0,0,0,0,0,0,gratuito
8,10000.0,7,0.42857142857142855,1,1,1,1,0,0,1,0,0,0,0,0,0,gratuito
1,0.0,0,0.0,9,6,1,1,0,0,0,0,0,1,0,1,1,gratuito
1,0.0,0,0.0,2,4,1,1,0,0,1,1,0,0,0,1,0,gratuito
1,0.0,0,0.0,2,6,1,0,0,0,1,1,0,0,1,1,0,gratuito
2,10000.0,269,0.8438661710037175,12,1,1,0,0,0,1,0,0,0,0,0,0,medio_baixo
4,0.0,0,0.0,2,4,1,0,0,0,1,0,0,1,0,0,1,gratuito
3,0.0,0,0.0,10,2,1,0,0,0,0,0,0,1,0,1,0,gratuito
7,10000.0,0,0.0,21,2,1,0,0,0,1,0,0,0,0,1,0,alto
9,35000.0,14,0.5,2,3,1,0,0,0,1,0,0,0,0,1,1,medio_baixo
1,0.0,0,0.0,0,0,1,0,0,0,0,0,0,0,0,0,0,gratuito
2,10000.0,1,0.0,2,3,1,0,0,0,1,1,1,0,0,0,0,medio_baixo
9,10000.0,4,0.5,1,6,1,0,0,0,1,1,1,0,1,1,0,medio_baixo
1,10000.0,0,0.0,20,3,1,0,1,1,1,0,1,1,0,0,0,alto
3,35000.0,49,0.5306122448979592,1,2,1,0,0,0,0,0,0,0,0,0,1,medio_alto
12,75000.0,54,0.7037037037037037,1,1,1,1,1,0,0,0,1,0,0,0,0,baixo
3,10000.0,20,0.9,1,1,1,0,0,1,0,1,0,0,0,0,0,alto
14,35000.0,76,0.7631578947368421,1,1,1,0,0,0,0,0,0,1,0,0,0,medio_baixo
5,10000.0,54,0.9074074074074074,1,3,1,1,1,0,1,0,1,0,1,0,0,alto
1,0.0,0,0.0,2,1,1,0,0,0,0,0,0,0,0,0,1,medio_alto
10,10000.0,124,0.8145161290322581,1,1,1,0,0,0,0,0,0,0,0,0,1,alto
3,0.0,0,0.0,0,0,1,0,0,0,0,0,0,0,0,0,0,gratuito
2,10000.0,546,0.7014652014652014,2,2,1,0,0,3,1,0,0,0,0,0,1,alto
6,35000.0,54,0.8888888888888888,26,2,1,0,0,0,1,1,0,0,0,0,0,medio_baixo
8,10000.0,0,0.0,1,3,1,0,0,0,0,1,0,1,0,0,0,medio_alto
2,10000.0,18,0.6666666666666666,1,3,1,0,0,0,1,1,1,0,0,0,0,alto
2,10000.0,2,1.0,1,3,1,0,0,0,1,0,0,1,0,1,0,medio_baixo
5,10000.0,10,1.0,11,3,1,0,0,0,1,1,0,1,0,0,0,alto
1,0.0,0,0.0,1,3,1,0,0,0,1,0,0,0,0,1,0,gratuito
6,10000.0,0,0.0,2,2,1,0,0,1,1,0,0,0,0,0,1,baixo
2,10000.0,0,0.0,1,2,1,0,0,0,0,0,0,0,0,1,0,alto
9,35000.0,7,1.0,1,2,1,0,0,0,1,1,0,0,0,0,0,baixo
3,10000.0,6,0.5,7,2,1,0,0,0,0,0,0,0,0,1,0,alto
3,10000.0,8,0.5,1,2,1,0,0,0,1,0,0,0,0,1,0,alto
2,10000.0,4,0.5,3,6,1,0,0,0,1,1,1,1,1,1,0,medio_baixo
16,10000.0,40,1.0,1,1,1,1,0,0,0,0,0,1,0,0,0,medio_baixo
6,10000.0,6,1.0,1,2,1,0,0,0,1,0,0,1,0,0,0,medio_baixo
4,35000.0,20,0.7,1,3,1,0,0,0,1,1,1,0,0,0,0,gratuito
8,10000.0,24,0.6666666666666666,1,1,1,0,0,0,0,0,0,0,0,0,0,gratuito
7,10000.0,90,0.9888888888888889,4,1,1,0,0,0,0,0,0,1,0,0,0,medio_alto
6,35000.0,17,0.8823529411764706,1,4,1,0,0,0,1,1,1,0,0,1,0,medio_baixo
5,10000.0,0,0.0,1,4,1,0,0,0,1,1,1,0,0,0,0,medio_alto
10,10000.0,82,0.6585365853658537,1,2,1,0,0,0,1,0,0,1,0,0,0,medio_alto
3,10000.0,53,0.7547169811320755,6,4,1,0,0,0,1,0,1,0,1,1,0,alto
2,10000.0,4,1.0,2,3,1,0,0,0,1,1,0,0,0,0,0,gratuito
4,10000.0,1,1.0,1,3,1,0,0,0,1,0,0,1,0,1,0,medio_baixo
2,35000.0,90,0.9777777777777777,1,3,1,0,0,0,1,0,1,1,0,0,0,baixo
5,10000.0,5,0.4,1,2,1,0,0,0,1,0,0,1,0,0,0,baixo
6,10000.0,45,0.9555555555555556,9,2,1,1,0,0,1,0,0,1,0,0,0,medio_baixo
1,10000.0,0,0.0,1,1,1,0,0,3,0,0,1,0,0,0,0,alto
6,35000.0,48,0.8541666666666666,1,2,1,0,0,0,1,0,1,0,0,0,0,baixo
8,350000.0,6398,0.8638637074085652,2,2,1,0,0,0,0,1,0,1,0,0,0,medio_alto
5,10000.0,13,0.6923076923076923,5,3,1,1,0,0,1,1,1,0,0,0,0,medio_baixo
2,10000.0,5,1.0,1,2,1,0,0,0,1,1,0,0,0,0,0,medio_baixo
8,10000.0,114,0.5789473684210527,1,3,1,0,0,0,0,1,0,1,0,0,1,baixo
10,35000.0,65,0.4461538461538462,1,3,1,0,0,0,1,1,0,1,0,0,0,baixo
3,10000.0,7,1.0,4,2,1,0,0,1,0,0,1,1,0,0,0,alto
6,35000.0,15,0.5333333333333333,5,3,1,0,0,0,1,1,1,0,0,0,0,medio_alto
7,10000.0,209,0.8277511961722488,5,3,1,0,0,0,1,1,1,0,0,0,0,baixo
2,10000.0,16,0.8125,6,2,1,0,0,0,0,0,1,0,0,0,0,gratuito
2,0.0,0,0.0,2,3,1,0,0,0,0,1,1,0,0,0,0,gratuito
4,10000.0,0,0.0,103,3,1,0,1,0,1,1,0,1,0,0,0,alto
4,0.0,0,0.0,1,4,1,0,0,0,0,1,1,1,0,0,0,gratuito
4,10000.0,13,0.9230769230769231,1,2,1,0,0,1,1,1,0,0,0,0,0,medio_baixo
6,10000.0,16,1.0,1,1,1,0,0,0,0,0,0,1,0,0,0,baixo
5,10000.0,97,0.8350515463917526,21,1,1,0,0,1,0,1,0,0,0,0,0,medio_alto
1,10000.0,0,0.0,2,5,1,0,0,0,1,0,0,1,1,1,1,medio_alto
6,35000.0,797,0.821831869510665,5,2,1,0,0,3,0,0,0,0,0,1,1,alto
5,10000.0,17,0.5882352941176471,1,2,1,0,0,0,0,0,0,1,0,0,1,baixo
2,10000.0,59,0.9661016949152542,1,3,1,0,0,0,1,0,0,1,0,0,1,baixo
7,10000.0,67,0.9253731343283582,1,2,1,1,0,0,1,1,0,0,0,0,0,medio_alto
6,3500000.0,91235,0.816967172685921,15,1,1,0,0,5,0,1,0,0,0,0,0,alto
8,750000.0,11952,0.7981091030789826,14,5,1,1,0,3,1,1,1,1,1,0,0,medio_alto
2,10000.0,4,1.0,1,3,1,1,0,0,1,0,0,1,0,1,0,medio_baixo
10,75000.0,81,0.7283950617283951,8,2,1,1,1,0,1,0,0,1,0,0,0,baixo
2,0.0,0,0.0,0,0,1,0,0,0,0,0,0,0,0,0,0,gratuito
2,10000.0,3,1.0,1,2,1,0,0,0,0,1,1,0,0,0,0,medio_alto
3,10000.0,3,0.6666666666666666,3,4,1,0,0,0,1,1,1,1,0,0,0,baixo
1,10000.0,0,0.0,9,3,1,1,1,2,1,0,1,0,0,0,0,alto
7,10000.0,107,0.6074766355140186,3,3,1,0,0,0,1,0,0,1,0,0,1,alto
12,75000.0,2263,0.7211665930181176,9,3,1,1,1,1,1,0,1,1,0,0,0,baixo
4,10000.0,4,0.75,10,3,1,0,0,0,1,1,1,0,0,0,0,medio_baixo
2,10000.0,7,1.0,8,2,1,0,0,0,1,0,0,0,0,0,1,alto
5,0.0,0,0.0,1,6,1,1,0,0,1,1,1,1,1,0,0,gratuito
2,0.0,0,0.0,1,3,1,0,0,0,1,1,0,1,0,0,0,gratuito
4,10000.0,0,0.0,1,2,1,0,0,0,1,0,0,1,0,0,0,baixo
3,10000.0,0,0.0,1,2,1,0,0,0,0,1,1,0,0,0,0,medio_alto
5,35000.0,96,0.8541666666666666,1,1,1,1,0,0,1,0,0,0,0,0,0,baixo
2,0.0,0,0.0,0,0,1,0,0,0,0,0,0,0,0,0,0,gratuito
2,10000.0,335,0.8149253731343283,1,5,1,0,0,2,1,1,1,0,1,0,1,baixo
11,10000.0,41,0.7317073170731707,5,3,1,0,0,0,1,0,0,1,0,0,1,medio_baixo
6,10000.0,10,0.5,1,1,1,0,0,0,0,1,0,0,0,0,0,alto
9,10000.0,3,0.3333333333333333,1,2,1,0,0,0,1,0,0,1,0,0,0,medio_alto
3,10000.0,60,0.9166666666666666,4,3,1,0,0,5,1,0,1,0,1,0,0,medio_baixo
10,10000.0,858,0.7657342657342657,10,3,1,1,1,1,1,1,0,0,0,1,0,medio_baixo
11,150000.0,926,0.724622030237581,1,3,1,0,0,0,1,0,1,0,1,0,0,medio_baixo
2,10000.0,82,0.6951219512195121,12,3,1,0,0,0,1,0,1,1,0,0,0,medio_baixo
4,10000.0,0,0.0,1,3,1,0,0,0,1,0,1,1,0,0,0,medio_alto
3,35000.0,29,0.9310344827586207,1,3,1,0,0,0,1,0,1,0,1,0,0,alto
4,10000.0,97,0.8969072164948454,2,3,1,1,0,0,1,0,1,0,0,0,1,medio_alto
2,10000.0,0,0.0,2,1,1,0,0,0,1,0,0,0,0,0,0,medio_baixo
4,0.0,0,0.0,2,1,1,0,0,0,0,1,0,0,0,0,0,gratuito
1,0.0,0,0.0,4,4,1,1,1,0,1,1,0,1,0,1,0,medio_baixo
5,10000.0,1,0.0,2,3,1,0,0,0,1,0,0,1,0,0,1,medio_baixo
4,10000.0,0,0.0,1,2,1,0,0,0,1,0,0,1,0,0,0,baixo
9,750000.0,11027,0.9397841661376621,5,1,1,0,0,1,0,1,0,0,0,0,0,medio_alto
1,10000.0,0,0.0,5,2,1,0,0,0,1,0,0,0,0,0,0,medio_baixo
6,10000.0,2,0.5,2,4,1,0,0,0,0,1,1,1,1,0,0,alto
1,0.0,0,0.0,0,0,1,0,0,0,0,0,0,0,0,0,0,gratuito
2,35000.0,1,1.0,1,3,1,1,0,0,1,0,1,1,0,0,0,baixo
6,10000.0,0,0.0,3,1,1,0,0,0,0,0,0,1,0,0,0,medio_alto
9,35000.0,88,0.7613636363636364,15,6,1,0,0,2,1,1,0,1,0,1,1,medio_baixo
3,10000.0,0,0.0,1,3,1,0,0,0,1,1,0,1,0,0,0,baixo
1,10000.0,0,0.0,1,3,1,0,0,0,1,0,1,0,1,0,0,alto
3,35000.0,400,0.775,16,3,1,0,0,1,1,1,0,0,1,0,0,medio_baixo
2,35000.0,9,0.6666666666666666,11,7,1,0,1,0,1,1,1,1,1,1,1,medio_baixo
2,35000.0,971,0.9495365602471678,4,3,1,1,0,1,1,0,1,1,0,0,0,alto
4,10000.0,5,0.2,1,9,1,0,0,0,1,1,1,1,1,0,1,medio_baixo
4,10000.0,54,0.8703703703703703,4,2,1,0,0,0,1,0,1,0,0,0,0,medio_baixo
1,35000.0,327,0.8501529051987767,2,3,1,0,0,0,1,0,1,0,1,0,0,baixo
5,75000.0,4009,0.9082065352955849,1,6,1,1,0,0,1,1,0,0,0,1,1,gratuito
1,0.0,0,0.0,3,5,1,0,1,0,1,0,0,1,1,1,0,medio_alto
5,0.0,0,0.0,0,0,1,0,0,0,0,0,0,0,0,0,0,gratuito
3,10000.0,6,0.5,3,4,1,0,0,0,1,1,1,0,1,0,0,medio_alto
5,10000.0,13,1.0,1,3,1,0,1,3,1,0,1,0,1,0,0,alto
9,10000.0,2,1.0,1,3,1,0,0,0,1,1,1,0,0,0,0,baixo
7,10000.0,59,0.3389830508474576,1,10,1,0,0,0,1,1,1,1,1,1,1,baixo
1,0.0,0,0.0,0,0,1,0,0,0,0,0,0,0,0,0,0,gratuito
3,10000.0,3,0.6666666666666666,1,3,1,0,0,0,1,1,1,0,0,0,0,medio_baixo
5,10000.0,24,0.5416666666666666,29,3,1,0,0,1,1,1,1,0,0,0,0,baixo
2,750000.0,38581,0.7647287524947513,6,4,1,0,0,16,1,1,1,0,0,0,0,alto
1,0.0,0,0.0,0,0,1,0,0,0,0,0,0,0,0,0,0,gratuito
11,10000.0,38,0.9210526315789473,2,4,1,0,0,0,1,1,0,1,1,0,0,baixo
7,35000.0,322,0.9316770186335404,2,1,1,0,0,0,1,0,0,0,0,0,0,gratuito
1,0.0,0,0.0,0,0,1,0,0,0,0,0,0,0,0,0,0,gratuito
2,0.0,0,0.0,1,2,1,0,0,0,1,0,0,1,0,0,0,gratuito
10,10000.0,48,0.9166666666666666,1,2,1,1,1,0,1,0,0,1,0,0,0,medio_baixo
7,10000.0,54,0.9444444444444444,1,4,1,0,0,0,1,1,1,0,0,0,1,alto
7,10000.0,30,0.4666666666666667,9,2,1,0,0,0,1,0,1,0,0,0,0,baixo
2,75000.0,244,0.8647540983606558,3,5,1,0,0,0,1,0,1,0,1,1,0,alto
1,10000.0,0,0.0,2,6,1,0,0,0,1,1,1,1,1,1,0,medio_baixo
4,10000.0,0,0.0,2,2,1,0,0,0,0,0,1,1,0,0,0,baixo
7,10000.0,0,0.0,27,3,1,1,0,0,1,0,0,1,0,0,1,baixo
3,10000.0,12,0.75,2,6,1,0,0,0,1,1,1,1,1,0,0,medio_alto
1,10000.0,0,0.0,1,2,1,1,0,0,1,0,0,0,1,0,0,baixo
3,35000.0,349,0.8882521489971347,4,2,1,1,1,0,1,0,1,0,0,0,0,medio_baixo
2,0.0,0,0.0,1,4,1,0,0,0,1,0,0,0,1,0,1,gratuito
1,10000.0,0,0.0,16,3,1,0,0,0,1,0,0,1,0,0,1,medio_alto
12,10000.0,83,0.7831325301204819,8,4,1,0,0,0,1,0,0,1,0,1,1,medio_baixo
8,10000.0,28,0.7857142857142857,2,2,1,0,0,0,1,0,0,1,0,0,0,medio_baixo
1,0.0,0,0.0,4,2,1,0,0,0,1,0,0,0,0,0,1,medio_alto
3,10000.0,5,0.2,1,1,1,0,0,0,0,0,1,0,0,0,0,baixo
10,150000.0,298,0.5805369127516778,1,5,1,0,0,0,0,1,1,1,1,0,0,gratuito
3,10000.0,117,0.7350427350427351,2,3,1,0,0,2,1,1,0,0,1,0,0,medio_alto
1,0.0,0,0.0,0,0,1,0,0,0,0,0,0,0,0,0,0,gratuito
7,10000.0,22,0.36363636363636365,8,5,1,0,0,0,0,0,0,0,1,1,0,gratuito
3,10000.0,5,1.0,1,5,1,0,0,0,1,1,1,1,0,0,1,medio_baixo
1,10000.0,5,1.0,1,3,1,0,0,0,1,0,0,0,0,0,1,medio_baixo
3,10000.0,1,0.0,4,1,1,0,0,0,0,0,0,1,0,0,0,medio_alto
4,35000.0,108,0.9074074074074074,7,3,1,0,1,2,1,0,1,1,0,0,0,medio_baixo
1,10000.0,0,0.0,15,2,1,1,1,0,0,1,0,0,1,0,0,alto
8,35000.0,17,0.23529411764705882,1,2,1,0,0,0,1,0,0,1,0,0,0,medio_baixo
6,10000.0,28,0.5714285714285714,5,2,1,1,0,0,0,0,0,0,0,1,0,alto
2,10000.0,0,0.0,3,1,1,0,0,0,0,0,1,0,0,0,0,medio_baixo
2,0.0,0,0.0,30,3,1,0,0,0,0,0,0,1,1,0,1,medio_alto
6,750000.0,9594,0.8673129038982698,7,6,1,0,0,1,1,1,1,0,1,1,1,alto
9,10000.0,69,0.8695652173913043,1,1,1,1,0,0,1,0,0,0,0,0,0,alto
7,10000.0,7,1.0,2,4,1,0,0,0,0,0,1,1,1,0,1,alto
8,35000.0,3,0.3333333333333333,1,3,1,0,0,0,1,0,1,1,0,0,0,baixo
1,10000.0,2,1.0,32,3,1,0,0,0,1,0,0,1,0,1,0,medio_baixo
1,10000.0,0,0.0,1,3,1,0,0,0,1,1,0,1,0,0,0,medio_baixo
10,10000.0,19,0.8421052631578947,1,2,1,0,0,0,1,0,0,1,0,0,0,medio_baixo
5,10000.0,3,1.0,1,2,1,0,0,0,0,1,0,0,0,0,1,medio_baixo
3,10000.0,0,0.0,1,2,1,1,0,0,0,0,0,1,0,0,1,alto
4,150000.0,1747,0.9187178019461935,8,2,1,1,1,4,0,0,0,1,0,0,1,medio_alto
6,10000.0,6,0.6666666666666666,4,1,1,0,0,0,0,0,0,1,0,0,0,alto
2,10000.0,3,0.3333333333333333,2,4,1,0,0,0,1,0,0,1,0,1,1,baixo
1,10000.0,11,0.6363636363636364,10,2,1,0,0,0,0,0,0,0,0,1,1,medio_alto
3,10000.0,8,1.0,1,3,1,0,0,0,1,1,0,1,0,0,0,baixo
5,0.0,0,0.0,1,5,1,0,0,0,1,1,1,0,0,0,0,gratuito
8,10000.0,7,0.5714285714285714,16,4,1,0,0,0,1,1,1,1,0,0,0,baixo
3,0.0,0,0.0,0,0,1,0,0,0,0,0,0,0,0,0,0,gratuito
2,10000.0,9,1.0,1,3,1,0,0,0,0,0,1,0,1,0,0,gratuito
1,0.0,0,0.0,10,4,1,0,0,0,1,0,0,0,0,0,1,alto
6,10000.0,7,0.8571428571428571,2,1,1,0,0,0,0,0,0,0,1,0,0,baixo
5,10000.0,2,0.0,3,1,1,0,0,0,0,0,0,0,0,0,0,alto
3,10000.0,10,0.9,4,3,1,0,0,0,1,0,1,0,0,1,0,medio_baixo
1,0.0,0,0.0,0,0,1,0,0,0,0,0,0,0,0,0,0,gratuito
9,10000.0,23,0.782608695652174,1,2,1,0,0,0,1,0,0,0,0,0,1,gratuito
4,10000.0,2,0.5,2,3,1,0,0,1,0,1,1,0,1,0,0,alto
12,350000.0,5453,0.7678342196955804,11,2,1,0,1,1,1,0,1,0,0,0,0,alto
9,10000.0,24,0.5833333333333334,1,3,1,0,0,0,0,1,0,1,0,0,1,baixo
1,75000.0,23,0.9565217391304348,3,3,1,0,0,0,0,0,1,0,1,1,0,baixo
1,0.0,0,0.0,0,0,1,0,0,0,0,0,0,0,0,0,0,gratuito
12,10000.0,183,0.8524590163934426,8,1,1,1,1,0,0,0,0,0,0,1,0,gratuito
5,10000.0,19,0.2631578947368421,1,4,1,0,1,1,1,1,0,0,0,0,0,alto
2,10000.0,1,1.0,4,4,1,0,0,0,1,1,1,0,0,0,0,medio_alto
4,10000.0,2,0.5,1,2,1,1,1,0,0,1,1,0,0,0,0,baixo
1,0.0,0,0.0,0,0,1,0,0,0,0,0,0,0,0,0,0,gratuito
1,10000.0,0,0.0,12,1,1,0,0,1,1,0,0,0,0,0,0,alto
5,0.0,0,0.0,1,3,1,0,0,0,0,1,1,0,0,0,0,gratuito
3,10000.0,12,1.0,16,3,1,0,0,0,1,0,1,1,0,0,0,baixo
3,10000.0,4,0.75,1,6,1,0,0,0,1,1,1,1,1,1,0,medio_alto
5,10000.0,27,0.8518518518518519,1,2,1,0,0,0,1,0,0,0,0,0,1,medio_alto
7,10000.0,6,0.8333333333333334,1,1,1,0,0,0,1,0,0,0,0,0,0,baixo
8,35000.0,120,0.6833333333333333,7,6,1,0,0,1,1,1,1,0,0,0,0,baixo
10,10000.0,1,0.0,2,3,1,0,0,0,0,0,0,1,1,0,1,medio_alto
9,10000.0,88,0.3977272727272727,1,2,1,0,0,0,0,0,0,1,0,0,1,baixo
7,10000.0,6,0.6666666666666666,1,2,1,0,0,0,0,0,1,1,0,0,0,medio_alto
5,0.0,0,0.0,0,0,1,0,0,0,0,0,0,0,0,0,0,gratuito
9,350000.0,6779,0.8825785514087624,13,3,1,1,1,1,1,0,0,1,0,0,1,medio_alto
8,10000.0,44,0.5909090909090909,11,2,1,0,0,1,1,0,1,0,0,0,0,medio_alto
2,10000.0,28,0.9642857142857143,2,6,1,0,0,0,1,1,1,1,1,0,1,baixo
6,10000.0,1,1.0,2,5,1,0,0,0,1,1,1,1,1,0,0,medio_baixo
5,10000.0,43,0.9767441860465116,1,2,1,0,0,1,1,0,1,0,0,0,0,medio_baixo
1,10000.0,20,0.95,1,2,1,0,0,0,1,0,0,1,0,0,0,medio_baixo
1,0.0,0,0.0,0,0,1,0,0,0,0,0,0,0,0,0,0,gratuito
8,35000.0,96,0.5833333333333334,11,2,1,0,0,0,0,0,0,0,0,1,0,gratuito
2,10000.0,14,0.8571428571428571,1,4,1,0,0,0,0,1,1,0,0,0,0,gratuito
2,10000.0,10,0.9,1,3,1,1,0,0,1,1,1,0,0,0,0,medio_alto
2,35000.0,51,0.47058823529411764,1,3,1,0,0,0,0,0,0,1,0,0,1,gratuito
3,10000.0,68,0.9852941176470589,2,2,1,0,0,0,1,0,0,1,0,0,0,medio_baixo
3,10000.0,10,0.9,1,5,1,1,1,0,1,1,1,1,1,0,0,medio_baixo
9,35000.0,197,0.6395939086294417,27,2,1,0,0,0,1,1,0,0,0,0,0,baixo
2,10000.0,1,1.0,11,2,1,0,0,0,1,0,0,1,0,0,0,baixo
11,75000.0,705,0.8581560283687943,4,4,1,0,0,0,1,1,0,0,1,0,0,medio_alto
1,0.0,0,0.0,0,0,1,0,0,0,0,0,0,0,0,0,0,gratuito
1,10000.0,0,0.0,1,2,1,0,0,1,0,0,1,0,1,0,0,alto
3,10000.0,12,0.16666666666666666,2,3,1,0,0,0,1,1,1,0,0,0,0,baixo
7,10000.0,29,0.7931034482758621,1,4,1,0,0,0,1,1,1,0,0,0,0,gratuito
1,10000.0,0,0.0,1,3,1,0,0,0,1,0,0,1,0,0,0,baixo
2,10000.0,4,0.75,1,2,1,0,0,0,0,1,1,0,0,0,0,alto
2,10000.0,189,0.8095238095238095,7,3,1,0,0,0,1,1,1,0,0,0,0,medio_baixo
11,350000.0,63,0.7301587301587301,1,1,1,1,0,0,0,1,0,0,0,0,0,baixo
11,35000.0,14,0.21428571428571427,1,4,1,0,0,0,1,1,0,1,0,1,0,baixo
3,10000.0,0,0.0,1,3,1,0,0,0,1,1,0,1,0,0,0,medio_baixo
2,10000.0,1,1.0,1,2,1,0,0,0,0,0,0,0,0,1,0,baixo
1,10000.0,1,1.0,12,3,1,0,1,0,1,1,0,0,0,1,0,medio_baixo
3,10000.0,15,0.8,5,3,1,0,0,0,1,1,0,0,1,0,0,medio_alto
5,10000.0,12,0.75,1,2,1,0,0,0,0,1,1,0,0,0,0,medio_baixo
1,10000.0,0,0.0,1,7,1,0,0,0,1,1,1,1,1,0,1,baixo
9,10000.0,2,0.0,1,5,1,0,0,0,1,1,0,0,0,1,1,medio_alto
3,10000.0,24,0.875,13,4,1,0,0,0,1,1,0,1,1,0,0,baixo
12,150000.0,1114,0.9210053859964094,10,2,1,1,1,0,0,0,1,1,0,0,0,medio_baixo
3,10000.0,11,0.7272727272727273,1,3,1,0,0,0,1,1,1,0,0,0,0,medio_alto
2,10000.0,16,1.0,1,1,1,0,0,0,0,0,1,0,0,0,0,baixo
1,10000.0,8,0.875,2,5,1,1,0,0,1,0,0,0,0,0,1,alto
5,0.0,0,0.0,1,4,1,1,1,1,1,0,0,0,0,1,1,gratuito
7,10000.0,66,0.7272727272727273,2,5,1,0,1,0,1,0,0,1,0,1,1,alto
2,10000.0,155,0.8387096774193549,1,6,1,0,0,0,1,0,1,1,1,0,1,medio_alto
1,10000.0,0,0.0,8,5,1,0,0,0,1,1,1,1,0,0,0,medio_alto
10,75000.0,505,0.8712871287128713,3,4,1,0,0,4,1,0,1,1,0,0,1,medio_alto
1,10000.0,0,0.0,1,4,1,1,0,0,0,0,0,0,0,0,0,alto
5,10000.0,2,1.0,5,2,1,0,0,0,1,0,0,1,0,0,0,medio_baixo
2,10000.0,83,0.7951807228915663,8,3,1,0,0,1,1,1,1,0,0,0,0,alto
3,10000.0,15,1.0,1,2,1,0,0,1,0,1,1,0,0,0,0,medio_baixo
4,0.0,0,0.0,1,4,1,0,0,0,1,1,0,1,0,0,0,gratuito
7,10000.0,14,0.9285714285714286,1,2,1,1,0,0,1,1,0,0,0,0,0,alto
5,10000.0,31,0.967741935483871,9,3,1,0,0,1,1,1,0,1,0,0,0,alto
4,0.0,0,0.0,1,3,1,0,0,0,1,0,0,1,0,0,1,gratuito
9,10000.0,15,0.9333333333333333,1,2,1,0,0,1,1,0,0,1,0,0,0,baixo
7,35000.0,34,0.5588235294117647,1,3,1,0,0,0,1,0,1,0,0,0,0,gratuito
3,35000.0,9,0.8888888888888888,1,5,1,0,0,0,0,1,0,1,0,1,1,gratuito
1,0.0,0,0.0,2,2,1,0,0,0,1,0,0,1,0,0,0,alto
7,75000.0,119,0.7647058823529411,3,3,1,0,0,2,1,1,1,0,0,0,0,medio_baixo
3,10000.0,27,1.0,1,4,1,0,0,0,0,1,1,1,0,0,0,gratuito
6,10000.0,154,0.935064935064935,1,3,1,0,0,0,1,0,0,1,0,0,1,medio_alto
8,10000.0,6,0.8333333333333334,1,1,1,0,0,0,1,0,0,0,0,0,0,baixo
1,10000.0,8,0.5,1,2,1,0,0,0,1,1,0,0,0,0,0,medio_baixo
7,35000.0,69,0.9565217391304348,15,2,1,1,0,0,1,0,0,1,0,0,0,medio_baixo
3,10000.0,99,0.8282828282828283,1,4,1,0,1,0,1,1,1,1,0,0,0,alto
10,10000.0,86,0.7558139534883721,1,3,1,1,1,0,1,1,1,0,0,0,0,gratuito
2,10000.0,2,1.0,15,2,1,0,0,0,1,1,0,0,0,0,0,baixo
1,10000.0,5,0.8,18,3,1,0,0,0,0,0,0,1,0,0,0,medio_alto
3,10000.0,47,0.9361702127659575,8,3,1,1,0,0,1,0,1,1,0,0,0,alto
6,10000.0,98,0.8877551020408163,1,2,1,0,0,0,1,0,1,0,0,0,0,medio_alto
1,10000.0,0,0.0,4,4,1,0,0,1,1,0,1,1,0,0,1,alto
8,10000.0,14,0.6428571428571429,1,4,1,0,0,0,1,1,0,1,0,0,0,gratuito
10,10000.0,25,0.28,2,2,1,0,0,0,0,0,0,1,0,0,1,medio_baixo
1,35000.0,364,0.8434065934065934,2,4,1,0,0,0,1,1,0,1,1,0,0,medio_baixo
3,10000.0,12,0.8333333333333334,1,3,1,0,0,0,1,0,0,1,0,1,0,medio_baixo
2,150000.0,750,0.892,1,1,1,1,1,0,1,0,0,0,0,0,0,medio_baixo
4,0.0,0,0.0,7,3,1,0,0,0,1,0,1,0,0,0,0,gratuito
10,150000.0,950,0.7863157894736842,1,2,1,0,0,29,0,0,0,0,1,1,0,medio_alto
5,35000.0,331,0.5558912386706949,4,2,1,0,0,1,0,1,0,0,0,0,0,alto
5,10000.0,0,0.0,1,4,1,0,0,0,1,1,1,1,0,0,0,baixo
7,10000.0,16,0.8125,1,1,1,0,0,0,0,0,1,0,0,0,0,medio_baixo
8,10000.0,9,0.7777777777777778,1,3,1,1,1,0,1,0,0,1,0,0,1,medio_alto
2,1500000.0,54979,0.9283908401389621,13,5,1,0,1,1,1,1,1,0,1,0,1,alto
1,0.0,0,0.0,3,2,1,1,0,0,0,0,1,1,0,0,0,medio_alto
4,10000.0,58,0.8793103448275862,1,4,1,0,0,0,1,1,1,0,1,0,0,alto
3,10000.0,78,0.9871794871794872,12,3,1,0,0,1,1,1,0,0,0,0,0,medio_alto
3,10000.0,22,0.9545454545454546,1,4,1,1,0,0,1,1,1,0,0,0,1,medio_alto
8,10000.0,21,0.6666666666666666,8,2,1,1,0,0,1,1,0,0,0,0,0,baixo
8,35000.0,31,0.5161290322580645,1,3,1,0,0,0,1,1,0,0,0,0,0,gratuito
4,10000.0,64,0.75,1,2,1,1,0,0,1,0,1,0,0,0,0,medio_baixo
4,10000.0,25,0.84,1,2,1,0,0,0,1,0,0,0,0,1,0,medio_alto
4,35000.0,10,0.9,1,3,1,0,0,0,1,0,0,1,1,0,0,baixo
1,0.0,0,0.0,6,5,1,0,0,0,1,1,1,0,1,0,0,medio_alto
1,10000.0,25,0.96,1,4,1,0,0,0,1,0,0,1,1,1,0,medio_baixo
8,10000.0,391,0.8746803069053708,7,3,1,1,0,1,1,1,1,0,0,0,0,medio_baixo
2,10000.0,0,0.0,1,3,1,0,0,0,1,0,0,1,0,0,0,gratuito
8,35000.0,331,0.851963746223565,7,3,1,1,0,1,1,0,1,1,0,0,0,baixo
1,10000.0,0,0.0,2,2,1,0,0,0,1,1,0,0,0,0,0,medio_alto
2,10000.0,0,0.0,29,3,1,0,1,1,1,0,0,1,0,0,0,gratuito
6,35000.0,469,0.9232409381663113,15,4,1,0,0,0,1,1,1,0,0,0,1,baixo
9,10000.0,84,0.44047619047619047,4,2,1,1,0,0,1,0,0,1,0,0,0,gratuito
4,10000.0,8,1.0,5,4,1,0,0,0,0,1,0,1,1,0,1,baixo
3,75000.0,1302,0.685099846390169,7,3,1,0,0,0,1,0,1,0,1,0,0,medio_baixo
5,10000.0,6,0.5,1,1,1,0,0,0,1,0,0,0,0,0,0,gratuito
11,150000.0,318,0.6069182389937107,1,2,1,0,0,0,1,1,0,0,0,0,0,medio_baixo
6,75000.0,7,0.8571428571428571,1,3,1,0,0,0,1,1,0,1,0,0,0,baixo
1,0.0,0,0.0,2,1,1,0,0,1,0,0,1,0,0,0,0,medio_alto
9,10000.0,3,0.0,1,2,1,0,0,0,0,0,1,0,1,0,0,medio_baixo
1,0.0,0,0.0,1,3,1,0,0,1,1,0,0,0,0,0,0,gratuito
6,10000.0,11,0.45454545454545453,2,5,1,0,0,0,1,1,1,0,1,0,0,alto
6,10000.0,5,0.2,1,4,1,0,0,0,1,1,1,0,1,0,0,baixo
2,10000.0,10,1.0,9,2,1,0,0,0,1,0,1,0,0,0,0,baixo
3,10000.0,18,0.7222222222222222,1,3,1,0,0,0,1,1,0,1,0,0,0,medio_alto
1,0.0,0,0.0,1,2,1,0,1,0,1,0,0,1,0,0,0,medio_alto
1,10000.0,3,0.0,12,3,1,0,0,0,1,1,0,0,0,0,1,alto
2,10000.0,3,0.3333333333333333,2,1,1,0,0,0,1,0,0,0,0,0,0,alto
6,10000.0,150,0.8866666666666667,4,3,1,1,0,1,1,0,1,1,0,0,0,medio_baixo
2,10000.0,33,0.8484848484848485,1,3,1,0,0,0,0,1,1,0,0,0,0,medio_baixo
5,10000.0,0,0.0,9,2,1,0,1,0,1,0,0,1,0,0,0,baixo
4,0.0,0,0.0,1,3,1,0,0,0,1,0,0,0,1,0,0,gratuito
7,35000.0,260,0.9,103,1,1,0,0,0,0,0,0,1,0,0,0,baixo
11,350000.0,1333,0.8567141785446362,1,2,1,0,0,0,0,0,0,0,0,0,1,medio_alto
6,10000.0,9,1.0,2,3,1,0,0,0,1,1,1,0,0,0,0,medio_alto
8,10000.0,93,0.7526881720430108,2,5,1,0,0,0,1,0,1,1,1,0,1,medio_baixo
1,10000.0,75,0.84,2,2,1,0,0,0,1,0,1,0,0,0,0,medio_alto
7,10000.0,1,1.0,1,4,1,1,1,0,1,1,0,1,0,1,0,medio_baixo
7,10000.0,12,0.5833333333333334,1,4,1,0,0,0,1,0,1,1,0,0,0,gratuito
4,0.0,0,0.0,1,2,1,0,0,0,0,0,0,0,0,0,0,gratuito
1,10000.0,0,0.0,2,3,1,0,0,0,1,0,1,1,0,0,0,alto
1,10000.0,0,0.0,2,3,1,1,0,0,1,0,1,1,0,0,0,medio_baixo
3,10000.0,0,0.0,1,4,1,0,0,0,1,0,1,1,0,0,0,baixo
1,0.0,0,0.0,2,2,1,1,1,0,0,0,1,0,1,0,0,medio_baixo
3,10000.0,4,1.0,1,4,1,0,0,0,1,1,1,1,0,0,0,medio_baixo
15,75000.0,566,0.17137809187279152,3,2,1,0,0,2,0,0,0,0,0,1,1,medio_baixo
1,10000.0,0,0.0,1,2,1,1,1,0,1,0,0,0,1,0,0,medio_baixo
1,0.0,0,0.0,1,2,1,0,0,0,1,0,0,1,0,0,0,medio_alto
1,10000.0,0,0.0,3,3,1,0,0,0,1,1,0,0,0,1,0,medio_baixo
2,0.0,0,0.0,1,1,1,1,1,0,0,0,0,0,0,1,0,gratuito
6,10000.0,28,0.6071428571428571,1,3,1,0,0,0,1,0,0,0,0,0,0,baixo
12,1500000.0,8790,0.8039817974971558,7,6,1,0,0,6,0,1,1,1,1,1,0,gratuito
5,35000.0,22,0.9545454545454546,3,4,1,0,0,0,1,1,0,1,0,0,0,baixo
1,10000.0,5,1.0,12,3,1,0,1,0,1,0,0,1,0,1,0,baixo
7,10000.0,6,0.8333333333333334,1,1,1,0,0,0,0,0,0,1,0,0,0,medio_alto
3,0.0,0,0.0,1,5,1,0,0,0,1,1,1,1,0,0,0,gratuito
1,10000.0,0,0.0,1,2,1,0,0,0,1,0,0,1,0,0,0,alto
2,0.0,0,0.0,0,0,1,0,0,0,0,0,0,0,0,0,0,gratuito
3,0.0,0,0.0,1,3,1,0,1,0,0,0,0,0,1,1,1,gratuito
2,10000.0,2,1.0,2,2,1,0,0,0,1,0,0,1,0,0,0,medio_baixo
9,10000.0,18,0.6111111111111112,1,3,1,0,0,0,1,1,1,0,0,0,0,gratuito
14,150000.0,543,0.5377532228360957,6,2,1,1,0,0,0,1,0,0,0,0,1,alto
8,150000.0,1486,0.8849259757738897,2,2,1,0,0,1,1,0,0,0,0,1,0,medio_baixo
10,10000.0,11,0.6363636363636364,1,4,1,1,1,0,0,0,0,0,0,0,0,alto
3,10000.0,5,0.8,5,2,1,1,1,0,0,0,1,1,0,0,0,baixo
10,10000.0,9,0.4444444444444444,1,3,1,0,0,0,1,0,0,1,0,1,0,medio_baixo
3,0.0,0,0.0,0,0,1,0,0,0,0,0,0,0,0,0,0,gratuito
2,35000.0,3,0.3333333333333333,3,3,1,0,0,0,0,1,1,0,0,0,1,medio_baixo
1,35000.0,301,0.7840531561461794,11,4,1,0,0,0,1,1,1,0,0,0,0,medio_baixo
10,150000.0,997,0.8916750250752257,6,1,1,0,0,0,0,1,0,0,0,0,0,medio_baixo
6,10000.0,8,0.5,1,3,1,0,0,0,1,1,0,1,0,0,0,alto
6,10000.0,13,0.38461538461538464,1,3,1,0,0,0,1,0,0,1,0,1,0,medio_baixo
17,1500000.0,17244,0.9501275806077476,16,2,1,1,0,1,1,0,1,0,0,0,0,medio_alto
13,750000.0,7864,0.5398016276703967,1,5,1,1,1,0,1,1,0,0,1,0,1,alto
6,10000.0,0,0.0,1,1,1,1,0,1,0,0,0,1,0,0,0,medio_alto
2,10000.0,126,0.9365079365079365,1,6,1,0,0,0,1,1,1,1,0,0,1,medio_baixo
10,10000.0,0,0.0,1,2,1,0,0,0,1,0,0,1,0,0,0,alto
5,35000.0,392,0.8724489795918368,2,4,1,0,0,0,0,1,1,1,1,0,0,alto
2,10000.0,59,0.9152542372881356,7,3,1,0,0,0,1,0,0,0,0,1,1,medio_alto
7,10000.0,49,0.8571428571428571,14,3,1,0,0,0,1,0,0,1,0,0,1,baixo
1,0.0,0,0.0,1,4,1,0,0,0,1,0,0,0,1,1,0,gratuito
4,10000.0,5,1.0,1,3,1,0,0,0,1,0,1,1,0,0,0,baixo
3,10000.0,17,0.5294117647058824,1,3,1,0,0,0,1,1,0,0,0,0,0,gratuito
3,10000.0,11,1.0,1,3,1,0,0,0,0,1,1,1,0,0,0,alto
1,10000.0,3,1.0,12,2,1,0,0,0,1,0,0,1,0,0,0,medio_baixo
3,0.0,0,0.0,10,3,1,0,0,0,1,0,0,1,0,0,0,gratuito
9,35000.0,766,0.7101827676240209,1,2,1,0,0,0,0,0,1,0,1,0,0,medio_baixo
2,0.0,0,0.0,9,2,1,0,1,0,0,0,0,0,0,1,0,gratuito
4,10000.0,10,0.9,1,2,1,0,0,0,0,1,0,0,0,0,0,gratuito
12,35000.0,643,0.6329704510108864,10,3,1,0,1,0,1,1,1,0,0,0,0,medio_baixo
3,10000.0,46,0.8695652173913043,15,3,1,0,0,0,1,0,1,1,0,0,0,medio_baixo
6,750000.0,8822,0.8611425980503288,11,7,1,0,0,0,1,1,1,1,0,1,1,medio_baixo
3,10000.0,0,0.0,1,3,1,1,0,0,1,0,0,1,0,1,0,baixo
6,10000.0,19,0.5263157894736842,11,4,1,0,0,0,1,1,1,0,0,0,0,gratuito
5,35000.0,712,0.7935393258426966,5,2,1,0,0,0,0,1,1,0,0,0,0,alto
4,75000.0,1,1.0,1,1,1,0,0,0,1,0,0,0,0,0,0,baixo
4,0.0,0,0.0,0,0,1,0,0,0,0,0,0,0,0,0,0,gratuito
5,10000.0,24,0.375,27,2,1,1,0,0,0,0,0,0,0,0,1,alto
5,10000.0,23,0.34782608695652173,1,3,1,0,0,0,1,0,0,1,0,0,1,alto
3,10000.0,19,0.631578947368421,2,1,1,0,0,0,0,0,0,1,0,0,0,medio_baixo
1,10000.0,0,0.0,2,4,1,0,1,0,1,0,0,1,1,0,1,alto
6,75000.0,1273,0.7172034564021995,2,2,1,0,0,1,1,0,0,1,0,0,0,baixo
6,10000.0,37,0.8378378378378378,1,2,1,0,0,0,1,0,1,0,0,0,0,medio_baixo
4,75000.0,25,0.84,1,3,1,0,0,0,1,1,1,0,0,0,0,gratuito
3,10000.0,0,0.0,2,5,1,0,0,1,1,0,1,1,1,0,0,gratuito
5,10000.0,5,1.0,1,4,1,0,0,0,0,0,0,0,0,0,0,medio_alto
4,10000.0,0,0.0,2,3,1,0,0,0,1,0,0,0,1,0,0,alto
7,10000.0,27,0.8518518518518519,1,3,1,0,0,1,1,0,1,1,0,0,0,alto
1,10000.0,0,0.0,1,3,1,0,0,0,1,0,1,0,1,0,0,alto
1,10000.0,0,0.0,1,3,1,0,0,0,1,0,0,0,1,1,0,alto
9,35000.0,217,0.5207373271889401,2,4,1,0,0,0,1,1,0,1,0,0,0,gratuito
4,10000.0,20,0.85,6,1,1,0,0,0,0,0,0,1,0,0,0,medio_baixo
4,10000.0,5,0.6,1,4,1,0,0,0,1,0,0,0,0,1,0,gratuito
1,10000.0,0,0.0,2,1,1,1,0,3,0,0,1,0,0,0,0,alto
6,10000.0,20,0.75,5,4,1,0,0,0,1,1,0,1,0,0,0,baixo
1,10000.0,401,0.9526184538653366,4,1,1,0,0,0,0,0,1,0,0,0,0,alto
2,10000.0,19,0.5789473684210527,1,4,1,0,0,0,0,1,1,0,0,1,1,medio_alto
1,0.0,0,0.0,0,0,1,0,0,0,0,0,0,0,0,0,0,gratuito
4,350000.0,5439,0.7758779187350616,1,6,1,0,0,0,1,1,1,1,0,0,0,medio_alto
6,10000.0,0,0.0,1,5,1,0,0,0,1,0,1,1,1,0,1,baixo
12,10000.0,114,0.8947368421052632,4,2,1,1,1,0,0,0,1,1,0,0,0,medio_alto
7,10000.0,175,0.9314285714285714,1,3,1,0,0,0,1,0,1,0,0,0,0,gratuito
4,10000.0,1,0.0,1,6,1,0,0,0,1,1,1,1,1,1,0,medio_alto
8,150000.0,1193,0.8222967309304275,7,3,1,1,0,0,1,0,1,0,0,0,0,gratuito
2,10000.0,20,0.95,12,5,1,0,0,0,1,1,0,1,0,0,1,medio_alto
5,75000.0,7,1.0,1,1,1,0,0,0,0,0,0,0,0,0,1,gratuito
3,10000.0,7,0.8571428571428571,2,4,1,0,0,0,1,1,0,1,0,0,1,baixo
1,0.0,0,0.0,0,0,1,0,0,0,0,0,0,0,0,0,0,gratuito
5,10000.0,2,0.5,1,1,1,0,0,0,1,0,0,0,0,0,0,baixo
4,10000.0,13,0.46153846153846156,1,3,1,0,0,0,1,1,0,1,0,0,0,baixo
17,1500000.0,11364,0.8134459697289687,7,2,1,0,0,0,0,1,0,0,1,0,0,medio_alto
1,10000.0,0,0.0,13,4,1,1,0,0,0,0,1,1,1,0,1,alto
7,10000.0,4,0.5,1,1,1,0,0,0,0,1,0,0,0,0,0,baixo
11,10000.0,20,0.65,1,4,1,1,0,1,1,1,1,0,0,1,0,alto
12,350000.0,2710,0.18118081180811807,1,3,1,0,0,0,1,0,1,1,0,0,0,medio_alto
6,35000.0,190,0.9157894736842105,1,2,1,1,0,0,0,0,0,1,0,0,0,gratuito
1,10000.0,0,0.0,10,2,1,0,0,0,1,0,0,1,0,0,0,medio_baixo
2,0.0,0,0.0,103,1,1,0,0,0,0,0,0,1,0,0,0,baixo
4,10000.0,83,0.7469879518072289,1,3,1,0,0,1,1,0,0,0,1,1,0,alto
8,10000.0,9,0.1111111111111111,1,7,1,0,0,0,1,1,1,1,1,1,1,medio_alto
3,10000.0,26,0.8076923076923077,2,4,1,0,0,0,1,0,0,1,1,0,1,baixo
2,10000.0,1,1.0,1,3,1,0,1,0,1,1,0,0,0,1,0,baixo
7,35000.0,2,1.0,1,3,1,0,0,0,0,0,0,1,0,1,1,medio_alto
4,10000.0,0,0.0,3,3,1,0,1,0,0,0,1,1,0,1,0,baixo
1,0.0,0,0.0,1,2,1,0,0,0,0,1,0,0,0,0,0,gratuito
5,10000.0,3,1.0,3,1,1,0,0,0,0,0,1,0,0,0,0,baixo
1,0.0,0,0.0,2,2,1,0,0,0,1,1,0,0,0,0,0,baixo
9,10000.0,2,0.5,1,3,1,0,0,0,1,0,1,0,0,0,1,medio_baixo
4,10000.0,19,0.9473684210526315,6,0,1,1,0,0,0,0,0,0,0,0,0,medio_baixo
2,10000.0,0,0.0,1,2,1,0,1,0,1,0,0,1,0,0,0,baixo
10,35000.0,63,0.5079365079365079,1,3,1,0,0,0,1,1,0,0,0,0,0,medio_baixo
1,0.0,0,0.0,0,0,1,0,0,0,0,0,0,0,0,0,0,gratuito
7,350000.0,2913,0.9364915894267078,14,1,1,0,0,0,0,1,0,0,0,0,0,alto
8,1500000.0,18931,0.8803549733241772,9,1,1,1,1,10,0,0,0,0,1,0,0,alto
7,10000.0,1162,0.7099827882960413,3,5,1,0,0,2,0,1,1,0,1,0,0,gratuito
3,10000.0,3,0.6666666666666666,1,4,1,0,1,0,1,1,1,1,0,0,0,baixo
1,0.0,0,0.0,1,2,1,0,0,0,0,1,0,1,0,0,0,alto
1,10000.0,0,0.0,1,3,1,0,0,0,0,1,0,0,0,1,0,alto
1,10000.0,0,0.0,1,2,1,0,0,0,1,1,0,0,0,0,0,medio_baixo
2,10000.0,3,0.3333333333333333,1,3,1,0,0,0,1,0,0,1,0,0,1,alto
1,0.0,0,0.0,1,5,1,0,0,0,1,0,1,1,1,0,0,gratuito
4,10000.0,13,1.0,1,1,1,0,0,0,0,1,0,0,0,0,0,gratuito
20,75000.0,1524,0.8307086614173228,1,1,1,0,0,0,0,0,0,0,0,1,0,baixo
1,10000.0,0,0.0,12,3,1,1,1,0,1,0,0,1,0,1,0,baixo
9,10000.0,80,0.75,7,5,1,0,0,0,1,1,0,0,0,0,1,medio_baixo
4,0.0,0,0.0,1,4,1,0,0,0,1,0,1,1,0,0,0,gratuito
4,350000.0,3010,0.9235880398671097,14,4,1,0,0,1,1,0,1,1,0,1,0,medio_baixo
1,10000.0,0,0.0,27,2,1,1,1,0,1,0,0,0,0,0,1,baixo
1,0.0,0,0.0,1,3,1,0,0,0,1,1,0,0,0,0,0,alto
6,750000.0,11762,0.8730658051351811,10,6,1,1,0,2,1,0,1,1,1,1,1,medio_baixo
6,10000.0,99,0.898989898989899,1,2,1,1,0,0,1,0,1,0,0,0,0,medio_baixo
1,10000.0,1,1.0,1,2,1,0,0,0,0,0,0,0,1,1,0,medio_baixo
7,10000.0,4,0.25,1,3,1,0,0,0,1,0,1,1,0,0,0,baixo
2,10000.0,5,1.0,2,2,1,0,0,0,1,0,0,1,0,0,0,baixo
2,10000.0,3,1.0,1,2,1,0,0,0,1,1,0,0,0,0,0,medio_alto
2,0.0,0,0.0,0,0,1,0,0,0,0,0,0,0,0,0,0,gratuito
10,10000.0,27,0.8888888888888888,1,2,1,0,0,0,1,1,0,0,0,0,0,alto
5,150000.0,429,0.9044289044289044,1,2,1,0,0,0,0,1,1,0,0,0,0,medio_baixo
6,10000.0,1,1.0,16,3,1,0,0,0,1,0,1,1,0,0,0,medio_alto
5,10000.0,49,0.7142857142857143,10,5,1,0,0,0,1,0,1,1,0,0,1,medio_alto
10,10000.0,101,0.5445544554455446,2,5,1,1,0,2,0,1,0,1,0,1,1,alto
3,35000.0,36,0.9722222222222222,3,2,1,0,0,0,1,0,0,0,1,0,0,medio_baixo
4,10000.0,3,1.0,1,2,1,0,1,0,1,0,0,1,0,0,0,baixo
8,350000.0,2809,0.8141687433250266,1,4,1,0,0,0,1,0,0,0,0,0,0,gratuito
3,10000.0,15,1.0,1,1,1,0,0,0,0,0,1,0,0,0,0,medio_baixo
2,10000.0,11,0.9090909090909091,0,2,1,0,0,0,0,0,0,0,1,0,0,alto
7,350000.0,5266,0.8596657804785416,9,2,1,1,0,2,0,1,0,0,0,1,0,alto
1,10000.0,0,0.0,1,2,1,0,0,0,1,1,0,0,0,0,0,baixo
5,10000.0,24,0.75,1,3,1,0,0,0,0,0,1,1,1,0,0,alto
1,0.0,0,0.0,103,1,1,0,0,0,0,0,0,1,0,0,0,baixo
7,10000.0,29,0.7586206896551724,1,3,1,0,0,0,1,1,0,1,0,0,0,medio_alto
2,35000.0,15,1.0,15,4,1,0,0,4,1,1,1,0,1,0,0,baixo
5,10000.0,12,0.5,1,3,1,0,0,0,0,1,1,1,0,0,0,medio_baixo
1,0.0,0,0.0,3,3,1,0,0,0,1,1,1,0,0,0,0,baixo
12,150000.0,409,0.7481662591687042,1,3,1,1,1,0,1,1,0,0,0,0,0,medio_alto
2,10000.0,0,0.0,1,4,1,0,0,0,1,0,0,0,1,0,1,gratuito
3,0.0,0,0.0,0,0,1,0,0,0,0,0,0,0,0,0,0,gratuito
9,10000.0,21,0.47619047619047616,1,1,1,1,0,0,0,0,0,0,0,1,0,alto
5,10000.0,92,0.9782608695652174,2,1,1,0,0,0,0,0,0,1,0,0,0,baixo
11,150000.0,734,0.48092643051771117,4,3,1,0,0,0,1,1,0,0,0,0,1,medio_baixo
5,10000.0,40,0.85,15,4,1,0,0,0,1,1,1,1,0,0,0,alto
7,10000.0,31,0.4838709677419355,1,3,1,0,0,0,1,1,0,1,0,0,0,gratuito
3,10000.0,11,0.7272727272727273,2,2,1,1,0,0,1,0,0,0,0,1,0,baixo
5,10000.0,51,0.47058823529411764,11,4,1,1,0,0,1,0,0,1,0,1,1,alto
6,10000.0,32,0.625,7,3,1,0,1,0,1,0,0,1,0,1,0,baixo
2,10000.0,1,1.0,4,4,1,0,0,0,1,0,0,1,0,0,0,alto
1,10000.0,1,0.0,1,1,1,0,0,0,0,1,0,0,0,0,0,medio_alto
8,10000.0,29,0.8620689655172413,9,3,1,0,0,0,1,0,1,1,0,0,0,baixo
1,10000.0,26,1.0,2,4,1,0,0,0,1,1,0,0,0,0,0,medio_alto
7,10000.0,31,0.9032258064516129,4,3,1,1,0,0,0,0,0,1,0,1,1,medio_baixo
5,10000.0,0,0.0,13,2,1,0,0,0,1,1,0,0,0,0,0,medio_alto
2,10000.0,81,0.7283950617283951,2,2,1,0,1,0,1,0,0,0,0,1,0,medio_baixo
4,35000.0,32,0.84375,4,3,1,0,0,1,1,0,1,1,0,0,0,medio_alto
8,10000.0,1,0.0,1,2,1,0,0,0,1,0,0,0,0,1,0,baixo
2,0.0,0,0.0,1,4,1,0,0,2,1,1,1,0,0,0,0,gratuito
8,10000.0,8,0.75,1,2,1,0,0,0,1,0,0,1,0,0,0,medio_baixo
2,10000.0,0,0.0,2,6,1,0,0,0,1,0,1,1,1,0,1,gratuito
1,10000.0,67,0.8955223880597015,3,3,1,0,0,0,0,0,1,0,1,0,1,medio_alto
3,10000.0,14,0.7857142857142857,1,3,1,0,1,0,1,0,0,1,0,0,0,medio_alto
3,0.0,0,0.0,0,0,1,0,0,0,0,0,0,0,0,0,0,gratuito
4,10000.0,5,0.2,2,3,1,0,0,0,0,1,1,0,0,0,0,alto
1,10000.0,0,0.0,1,3,1,0,0,0,1,1,0,1,0,0,0,baixo
2,10000.0,197,0.9898477157360406,1,1,1,1,0,0,1,0,0,0,0,0,0,medio_baixo
5,0.0,0,0.0,0,0,1,0,0,0,0,0,0,0,0,0,0,gratuito
7,10000.0,28,0.6785714285714286,2,1,1,0,0,0,1,0,0,0,0,0,0,baixo
2,10000.0,29,0.896551724137931,103,4,1,0,0,0,0,0,1,1,0,1,1,medio_baixo
4,10000.0,9,0.7777777777777778,2,5,1,0,0,0,1,0,1,1,0,0,0,medio_alto
2,0.0,0,0.0,0,0,1,0,0,0,0,0,0,0,0,0,0,gratuito
10,10000.0,37,0.3783783783783784,3,5,1,1,0,0,1,1,1,1,1,0,0,baixo
6,10000.0,13,1.0,2,6,1,0,0,0,1,1,1,1,1,1,0,baixo
1,10000.0,70,0.9,1,3,1,0,0,0,1,1,1,0,0,0,0,medio_alto
2,10000.0,0,0.0,1,4,1,1,1,0,1,0,1,0,0,0,1,gratuito
2,10000.0,0,0.0,1,4,1,0,0,0,1,1,1,1,0,0,0,medio_alto
1,0.0,0,0.0,1,2,1,0,0,0,0,0,0,1,0,0,0,gratuito
10,350000.0,408,0.37254901960784315,1,1,1,1,1,0,0,1,0,0,0,0,0,medio_alto
2,10000.0,128,0.6953125,10,3,1,0,0,1,1,0,1,0,0,0,1,medio_alto
7,35000.0,40,0.975,1,4,1,0,0,0,1,1,0,1,0,0,1,medio_alto
2,10000.0,110,0.8727272727272727,15,4,1,0,0,0,1,1,1,1,0,0,0,baixo
3,10000.0,13,0.38461538461538464,1,4,1,0,0,0,1,0,0,1,0,0,1,gratuito
1,0.0,0,0.0,29,3,1,0,1,0,1,1,0,1,0,0,0,alto
4,10000.0,0,0.0,1,2,1,0,0,0,0,0,0,1,0,1,0,medio_baixo
2,75000.0,2,0.5,1,6,1,0,0,0,1,0,1,1,1,0,1,medio_alto
1,10000.0,4,1.0,1,1,1,0,0,0,1,0,0,0,0,0,0,baixo
4,10000.0,13,0.7692307692307693,1,4,1,0,0,0,1,0,1,1,1,0,0,baixo
1,10000.0,5,1.0,1,3,1,0,0,0,1,0,0,1,0,1,0,medio_baixo
5,10000.0,1,1.0,1,3,1,0,0,0,1,1,0,1,0,0,0,baixo
2,10000.0,1,1.0,3,2,1,0,0,0,1,0,0,0,0,1,0,baixo
8,35000.0,49,0.3877551020408163,3,1,1,0,0,0,0,0,0,0,0,0,0,gratuito
10,10000.0,116,0.5689655172413793,5,2,1,0,0,0,1,0,1,0,0,0,0,alto
4,10000.0,22,1.0,1,1,1,0,0,1,1,0,0,0,0,0,0,alto
1,10000.0,0,0.0,7,2,1,0,0,0,0,0,0,1,0,0,0,medio_baixo
11,10000.0,86,0.5697674418604651,1,4,1,1,1,1,1,0,1,1,0,0,1,baixo
7,10000.0,124,0.8870967741935484,1,6,1,1,0,0,1,0,0,1,1,1,1,gratuito
1,0.0,0,0.0,1,2,1,0,0,0,0,0,1,1,0,0,0,medio_baixo
1,0.0,0,0.0,1,1,1,0,0,0,0,1,0,0,0,0,0,medio_baixo
4,10000.0,22,0.9090909090909091,1,3,1,0,0,2,1,0,1,1,0,0,0,medio_alto
2,150000.0,1,0.0,1,2,1,0,0,0,1,0,1,0,0,0,0,medio_alto
7,10000.0,11,0.8181818181818182,1,1,1,0,1,0,1,0,0,0,0,0,0,gratuito
5,10000.0,37,0.8648648648648649,2,1,1,0,0,0,0,1,0,0,0,0,0,baixo
1,0.0,0,0.0,13,3,1,0,0,0,1,1,0,0,1,0,0,medio_alto
5,3500000.0,17740,0.7455467869222097,8,4,1,0,0,17,1,1,0,0,0,0,0,gratuito
6,10000.0,18,0.7222222222222222,1,4,1,0,0,0,1,1,1,0,0,0,0,gratuito
1,10000.0,0,0.0,10,2,1,0,0,0,1,0,0,1,0,0,0,medio_baixo
11,75000.0,301,0.3953488372093023,6,3,1,1,1,0,1,0,0,0,0,1,1,medio_alto
5,10000.0,4,1.0,1,1,1,0,0,0,0,0,0,0,0,1,0,alto
4,35000.0,10,0.7,5,3,1,0,0,0,1,1,1,0,0,0,0,medio_baixo
3,10000.0,14,0.8571428571428571,1,4,1,0,0,0,1,1,1,0,1,0,0,alto
2,10000.0,172,0.6569767441860465,8,1,1,0,0,0,0,1,0,0,0,0,0,medio_baixo
2,10000.0,5,0.8,2,2,1,0,0,1,0,1,0,1,0,0,0,medio_baixo
2,10000.0,0,0.0,5,3,1,0,0,0,1,0,0,1,0,1,0,baixo
2,10000.0,2,1.0,1,2,1,1,1,0,1,0,0,1,0,0,0,medio_alto
2,10000.0,5,0.8,1,4,1,0,0,0,1,1,0,1,0,0,0,alto
5,35000.0,2,1.0,1,3,1,1,0,0,1,0,1,0,0,0,0,medio_alto
1,10000.0,0,0.0,1,4,1,0,0,0,1,0,1,0,1,0,0,alto
2,10000.0,0,0.0,1,1,1,1,0,0,0,0,0,0,0,0,1,medio_baixo
2,35000.0,2,0.5,1,3,1,0,0,0,1,1,1,0,0,0,0,medio_alto
6,10000.0,30,0.7333333333333333,2,3,1,0,0,0,1,1,0,0,1,0,0,baixo
9,10000.0,48,0.6875,2,2,1,0,0,0,1,0,0,0,0,1,0,medio_alto
1,0.0,0,0.0,103,1,1,0,0,0,0,0,0,1,0,0,0,baixo
3,10000.0,7,1.0,1,2,1,1,0,0,0,0,1,1,0,0,0,medio_alto
4,0.0,0,0.0,1,4,1,0,0,0,1,1,0,0,1,0,0,gratuito
6,10000.0,1,1.0,1,3,1,0,0,0,1,0,1,0,0,1,0,baixo
1,0.0,0,0.0,0,0,1,0,0,0,0,0,0,0,0,0,0,gratuito
4,10000.0,3,1.0,1,1,1,0,0,0,0,0,0,1,0,0,0,baixo
2,35000.0,32,0.8125,1,3,1,0,0,0,0,1,0,0,1,0,0,alto
14,3500000.0,47017,0.8627305017334156,5,1,1,0,0,36,0,1,0,0,0,0,0,alto
3,35000.0,4,1.0,2,3,1,0,0,0,1,0,1,1,0,0,0,baixo
4,10000.0,34,1.0,8,2,1,0,1,0,1,1,0,0,0,0,0,medio_baixo
7,10000.0,0,0.0,1,3,1,0,0,1,0,0,0,0,0,0,0,medio_alto
1,0.0,0,0.0,1,3,1,0,0,1,1,0,1,0,0,0,0,gratuito
4,10000.0,8,0.75,1,3,1,0,0,0,1,0,1,0,0,0,0,baixo
1,0.0,0,0.0,0,0,1,0,0,0,0,0,0,0,0,0,0,gratuito
1,0.0,0,0.0,0,0,1,0,0,0,0,0,0,0,0,0,0,gratuito
6,10000.0,17,0.7647058823529411,6,3,1,1,1,0,0,0,0,1,0,1,0,baixo
3,10000.0,9,0.8888888888888888,7,5,1,1,1,0,1,1,1,0,1,0,0,medio_baixo
8,10000.0,4,0.75,2,3,1,0,0,0,1,1,0,1,0,0,0,baixo
4,0.0,0,0.0,0,0,1,0,0,0,0,0,0,0,0,0,0,gratuito
9,35000.0,181,0.6795580110497238,2,1,1,0,0,2,0,0,0,0,1,0,0,medio_alto
10,10000.0,17,0.8823529411764706,2,1,1,1,0,0,0,0,0,1,0,0,0,alto
2,10000.0,4,0.5,1,4,1,0,0,0,1,1,1,1,0,0,0,baixo
3,10000.0,142,0.8309859154929577,1,4,1,0,0,1,1,1,0,1,1,0,0,baixo
2,75000.0,110,0.38181818181818183,1,1,1,0,0,0,0,0,0,0,0,0,0,gratuito
5,35000.0,5,0.6,1,6,1,0,0,0,1,1,1,1,0,1,0,alto
6,10000.0,8,0.875,1,1,1,0,0,6,0,0,0,1,0,0,0,baixo
9,10000.0,2,1.0,1,3,1,0,0,0,0,1,0,0,0,0,0,medio_baixo
1,10000.0,0,0.0,4,4,1,0,0,0,1,1,0,1,0,1,0,alto
7,10000.0,173,0.8323699421965318,1,2,1,0,0,0,1,0,1,0,0,0,0,medio_baixo
4,35000.0,1,1.0,2,4,1,0,0,0,1,1,1,0,0,0,0,medio_alto
3,35000.0,441,0.8526077097505669,9,1,1,0,0,4,0,1,0,0,0,0,0,baixo
8,10000.0,2,0.5,1,3,1,0,0,0,1,1,0,0,0,0,0,medio_baixo
1,10000.0,0,0.0,1,1,1,0,0,0,0,1,0,0,0,0,0,medio_alto
4,10000.0,3,0.6666666666666666,1,2,1,0,0,0,0,0,0,1,0,1,0,baixo
2,350000.0,2,1.0,1,2,1,0,0,0,0,0,1,0,1,0,0,baixo
3,10000.0,0,0.0,1,4,1,0,0,0,1,1,0,1,0,0,0,medio_alto
1,10000.0,9,1.0,3,2,1,0,0,0,1,1,0,0,0,0,0,medio_baixo
3,10000.0,0,0.0,4,1,1,0,0,0,0,1,0,0,0,0,0,medio_baixo
7,10000.0,0,0.0,1,1,1,1,1,1,0,0,0,1,0,0,0,medio_baixo
3,10000.0,7,1.0,26,4,1,0,0,0,1,1,0,0,0,0,1,baixo
2,10000.0,1,0.0,1,4,1,0,0,0,1,0,0,1,0,1,1,alto
2,10000.0,10,1.0,2,3,1,0,0,0,1,0,0,1,1,0,0,medio_alto
4,0.0,0,0.0,0,0,1,0,0,0,0,0,0,0,0,0,0,gratuito
4,0.0,0,0.0,0,0,1,0,0,0,0,0,0,0,0,0,0,gratuito
10,35000.0,112,0.7321428571428571,1,2,1,0,0,0,1,0,0,1,0,0,0,gratuito
2,10000.0,0,0.0,1,5,1,0,0,0,1,0,0,1,0,1,0,gratuito
5,10000.0,6,1.0,1,2,1,0,0,0,1,0,0,1,0,0,0,baixo
3,10000.0,0,0.0,14,2,1,0,0,1,1,0,0,1,0,0,0,baixo
5,10000.0,4,0.5,2,3,1,1,1,0,0,1,1,0,1,0,0,medio_alto
4,10000.0,12,0.75,1,4,1,0,0,0,0,1,1,0,0,0,1,gratuito
2,10000.0,15,1.0,4,5,1,0,0,0,1,1,1,0,1,0,0,alto
3,10000.0,35,0.8285714285714286,3,4,1,0,0,0,1,0,1,0,1,1,0,medio_baixo
8,35000.0,110,0.8727272727272727,1,4,1,0,0,0,1,1,1,0,0,0,0,gratuito
7,10000.0,1,0.0,9,1,1,0,0,0,0,1,0,0,0,0,0,medio_alto
5,10000.0,18,0.8888888888888888,6,5,1,0,0,0,1,1,1,1,1,0,0,medio_baixo
7,10000.0,1,0.0,1,5,1,0,0,0,1,1,0,0,1,0,0,alto
6,10000.0,101,0.6336633663366337,11,4,1,1,0,0,1,1,1,0,0,0,0,alto
5,10000.0,34,0.5882352941176471,1,3,1,0,0,0,1,1,1,0,0,0,0,gratuito
2,10000.0,0,0.0,1,1,1,0,0,0,1,0,0,0,0,0,0,medio_baixo
3,10000.0,63,0.9206349206349206,9,5,1,0,0,2,1,1,0,1,0,0,0,gratuito
4,10000.0,2,1.0,1,1,1,0,0,0,0,1,0,0,0,0,0,baixo
8,10000.0,2,1.0,4,2,1,0,0,0,1,0,0,1,0,0,0,baixo
3,75000.0,722,0.9778393351800554,5,1,1,1,0,2,0,0,1,0,0,0,0,alto
1,10000.0,0,0.0,6,2,1,0,0,0,1,0,0,0,0,0,0,medio_alto
1,10000.0,0,0.0,2,3,1,0,0,0,1,1,0,1,0,0,0,medio_alto
5,35000.0,19,0.5263157894736842,1,3,1,0,0,0,1,0,1,0,1,0,0,medio_alto
1,10000.0,0,0.0,6,2,1,0,0,0,0,1,1,0,0,0,0,alto
6,10000.0,13,0.8461538461538461,4,2,1,0,0,0,1,0,0,1,0,0,0,medio_baixo
4,10000.0,70,0.6,1,3,1,0,0,0,1,1,0,0,0,0,0,baixo
3,10000.0,25,0.64,103,7,1,0,0,0,0,1,1,1,1,1,1,baixo
8,10000.0,19,0.47368421052631576,1,3,1,0,0,0,1,1,0,1,0,0,0,alto
3,10000.0,1,1.0,1,2,1,0,0,0,1,0,0,1,0,0,0,medio_alto
1,10000.0,13,1.0,12,2,1,1,0,1,1,0,1,0,0,0,0,medio_baixo
3,10000.0,47,0.8297872340425532,2,5,1,0,0,0,1,1,1,0,1,0,0,gratuito
4,0.0,0,0.0,1,5,1,0,0,1,1,0,1,1,1,0,0,gratuito
1,75000.0,1444,0.9930747922437673,1,4,1,1,1,5,1,0,0,1,0,1,1,alto
1,10000.0,0,0.0,1,2,1,0,0,0,1,0,1,0,0,0,0,baixo
3,0.0,0,0.0,1,2,1,1,1,0,0,1,1,0,0,0,0,gratuito
3,10000.0,17,0.9411764705882353,2,1,1,0,0,0,0,1,0,0,0,0,0,baixo
1,10000.0,0,0.0,2,2,1,0,0,0,1,0,1,0,0,0,0,medio_baixo
11,1500000.0,27448,0.9638589332556106,28,4,1,1,0,0,1,0,0,1,0,0,1,alto
2,0.0,0,0.0,1,2,1,0,0,0,0,0,0,1,0,1,0,gratuito
3,10000.0,124,0.9112903225806451,1,3,1,0,0,0,0,1,1,0,0,0,1,medio_alto
7,10000.0,0,0.0,1,2,1,0,0,9,1,0,0,0,0,0,0,gratuito
8,10000.0,32,0.75,6,2,1,0,0,1,1,0,1,0,0,0,0,medio_alto
1,10000.0,0,0.0,1,3,1,0,0,0,1,0,0,1,0,0,0,medio_alto
3,10000.0,67,0.6119402985074627,16,2,1,0,0,1,1,0,0,1,0,0,0,alto
9,10000.0,2,1.0,1,2,1,1,1,0,1,0,1,0,0,0,0,medio_baixo
8,10000.0,31,0.9032258064516129,1,3,1,1,0,0,1,0,1,0,0,0,0,medio_alto
1,10000.0,0,0.0,1,2,1,0,0,0,1,1,0,0,0,0,0,medio_alto
1,0.0,0,0.0,1,2,1,0,0,0,0,0,0,0,0,0,1,gratuito
5,10000.0,0,0.0,2,1,1,0,0,0,0,0,1,0,0,0,0,alto
2,10000.0,68,0.9117647058823529,1,4,1,0,0,0,1,0,0,1,1,0,1,medio_baixo
4,150000.0,4821,0.8852935075710433,10,2,1,0,0,0,1,0,1,0,0,0,0,alto
1,10000.0,0,0.0,2,4,1,0,0,0,1,0,1,1,1,0,0,baixo
7,150000.0,910,0.6285714285714286,4,1,1,0,0,0,0,0,0,0,0,1,0,medio_alto
2,0.0,0,0.0,0,0,1,0,0,0,0,0,0,0,0,0,0,gratuito
9,10000.0,26,0.34615384615384615,1,4,1,0,0,0,0,0,0,0,0,0,1,baixo
2,3500000.0,39499,0.9719739740246589,10,2,1,0,0,0,0,0,0,0,0,0,1,alto
1,0.0,0,0.0,1,2,1,0,0,0,0,0,0,0,0,0,1,alto
1,0.0,0,0.0,0,0,1,0,0,0,0,0,0,0,0,0,0,gratuito
2,0.0,0,0.0,0,0,1,0,0,0,0,0,0,0,0,0,0,gratuito
9,10000.0,18,0.8888888888888888,1,1,1,0,0,0,0,0,0,0,0,0,1,medio_baixo
1,10000.0,48,0.9583333333333334,1,2,1,1,0,0,1,0,0,0,0,0,1,alto
5,10000.0,9,0.8888888888888888,6,1,1,0,0,0,0,0,0,0,0,1,0,medio_baixo
2,0.0,0,0.0,0,0,1,0,0,0,0,0,0,0,0,0,0,gratuito
4,35000.0,59,0.711864406779661,2,2,1,0,0,0,1,0,0,0,0,0,1,baixo
5,75000.0,38,0.631578947368421,1,2,1,0,0,0,0,0,1,0,1,0,0,medio_alto
1,10000.0,0,0.0,2,4,1,0,0,0,1,0,1,1,0,0,1,alto
6,150000.0,714,0.8389355742296919,29,2,1,0,0,0,1,0,1,0,0,0,0,baixo
8,10000.0,11,0.5454545454545454,4,3,1,0,0,0,1,0,1,1,0,0,0,medio_baixo
3,35000.0,122,0.7295081967213115,11,3,1,1,0,2,1,0,1,1,0,0,0,medio_alto
2,10000.0,0,0.0,1,3,1,0,0,0,0,1,1,0,0,0,0,alto
2,10000.0,2,0.5,1,3,1,0,0,0,1,0,0,0,0,0,0,baixo
10,10000.0,81,0.9259259259259259,1,1,1,0,0,0,0,0,0,0,0,0,0,alto
1,0.0,0,0.0,0,0,1,0,0,0,0,0,0,0,0,0,0,gratuito
1,0.0,0,0.0,1,3,1,1,0,1,1,0,0,0,0,1,1,medio_alto
4,10000.0,5,0.6,1,5,1,0,0,0,1,0,1,1,0,0,1,medio_baixo
2,10000.0,4,0.75,1,1,1,0,0,0,0,0,0,1,0,0,0,baixo
2,10000.0,14,0.9285714285714286,1,4,1,0,0,0,1,1,0,0,0,0,1,baixo
5,75000.0,1969,0.7912646013204673,6,3,1,0,0,1,1,0,0,0,0,1,1,alto
1,10000.0,0,0.0,2,2,1,0,1,0,0,0,1,0,0,1,0,alto
2,10000.0,0,0.0,14,2,1,0,0,0,1,0,0,1,0,0,0,baixo
3,35000.0,63,0.9682539682539683,1,4,1,0,0,0,1,1,1,1,0,0,0,medio_baixo
6,10000.0,0,0.0,1,1,1,0,0,0,1,0,0,0,0,0,0,baixo
1,0.0,0,0.0,1,2,1,1,0,15,0,0,0,1,0,0,0,gratuito
9,10000.0,39,0.9230769230769231,1,1,1,0,0,0,0,0,0,0,1,0,0,gratuito
1,10000.0,0,0.0,12,4,1,0,0,2,0,0,0,0,1,1,1,alto
2,10000.0,0,0.0,2,2,1,0,0,0,1,0,0,1,0,0,0,alto
3,0.0,0,0.0,0,0,1,0,0,0,0,0,0,0,0,0,0,gratuito
6,10000.0,0,0.0,1,3,1,0,0,0,1,0,0,0,0,1,1,alto
2,10000.0,34,0.47058823529411764,1,2,1,0,0,0,0,0,0,0,0,1,0,alto
1,10000.0,84,0.9523809523809523,2,2,1,0,0,1,1,0,0,0,0,1,0,alto
3,0.0,0,0.0,1,4,1,0,0,0,1,1,0,0,0,0,1,gratuito
10,10000.0,3,0.6666666666666666,1,4,1,0,0,0,1,1,0,0,0,0,0,alto
7,75000.0,14,0.5,1,3,1,0,0,0,1,1,1,0,0,0,0,baixo
11,10000.0,81,0.9259259259259259,1,1,1,1,1,0,0,0,0,1,0,0,0,medio_baixo
6,350000.0,1635,0.8599388379204893,5,3,1,0,0,1,1,0,0,1,0,0,1,baixo
8,10000.0,6,0.0,1,3,1,0,0,1,1,1,0,1,0,0,0,baixo
8,35000.0,44,0.36363636363636365,1,2,1,0,0,0,1,0,0,1,0,0,0,baixo
5,10000.0,44,0.8863636363636364,103,2,1,0,0,0,1,0,0,1,0,0,0,baixo
8,3500000.0,38590,0.7880538999740866,8,3,1,0,0,0,0,1,0,0,0,0,0,gratuito
6,75000.0,79,0.810126582278481,6,5,1,1,0,1,1,1,1,0,1,1,0,medio_baixo
3,10000.0,0,0.0,1,3,1,0,0,0,1,0,1,1,0,0,0,medio_alto
1,10000.0,0,0.0,9,4,1,1,0,1,1,0,1,1,0,0,1,medio_alto
4,10000.0,1,0.0,1,1,1,0,0,0,0,0,0,1,0,0,0,medio_baixo
6,35000.0,6,0.8333333333333334,1,3,1,0,0,0,1,1,0,1,0,0,0,medio_baixo
7,350000.0,4302,0.8700604370060437,14,2,1,1,0,0,0,1,0,0,0,1,0,gratuito
2,10000.0,57,0.9298245614035088,5,5,1,0,0,0,1,1,0,0,1,1,1,medio_alto
1,0.0,0,0.0,0,0,1,0,0,0,0,0,0,0,0,0,0,gratuito
6,75000.0,3,0.3333333333333333,1,4,1,1,1,0,1,0,1,1,1,0,0,medio_alto
3,10000.0,10,0.6,1,3,1,0,0,0,1,1,1,0,0,0,0,medio_baixo
2,10000.0,4,0.5,1,3,1,0,0,0,1,1,1,0,0,0,0,medio_alto
1,10000.0,0,0.0,1,3,1,0,0,0,1,0,0,1,0,0,1,medio_baixo
9,10000.0,7,0.8571428571428571,1,2,1,0,0,0,0,0,1,1,0,0,0,medio_alto
7,10000.0,498,0.8634538152610441,2,3,1,0,0,0,1,0,1,0,1,0,0,medio_alto
8,10000.0,18,0.2222222222222222,1,3,1,0,0,0,1,0,1,1,0,0,0,baixo
2,10000.0,14,1.0,2,1,1,0,0,0,0,0,1,0,0,0,0,alto
2,10000.0,53,0.8679245283018868,2,3,1,0,0,1,1,0,1,0,0,0,1,medio_baixo
3,10000.0,1,1.0,1,3,1,0,0,0,1,0,0,1,0,1,0,baixo
8,10000.0,214,0.8084112149532711,6,2,1,1,1,0,1,1,0,0,0,0,0,baixo
2,10000.0,2,0.0,1,2,1,0,0,0,1,0,0,1,0,0,0,alto
3,10000.0,19,0.5789473684210527,27,4,1,0,0,17,1,1,1,0,0,0,1,medio_alto
1,0.0,0,0.0,1,4,1,0,0,0,1,0,1,0,0,0,1,gratuito
3,10000.0,2,1.0,10,3,1,0,0,0,1,0,1,0,1,0,0,alto
1,10000.0,0,0.0,1,3,1,0,0,0,1,1,0,1,0,0,0,medio_baixo
3,75000.0,569,0.7012302284710018,5,3,1,0,0,0,1,1,0,0,0,0,0,medio_baixo
5,0.0,0,0.0,1,3,1,0,0,0,1,1,0,0,0,0,0,gratuito
9,10000.0,3,1.0,1,2,1,0,0,0,0,0,1,1,0,0,0,medio_alto
1,10000.0,47,0.8936170212765957,6,7,1,0,0,6,1,1,0,1,1,1,0,gratuito
3,10000.0,2,0.5,1,3,1,0,0,0,1,1,0,1,0,0,0,baixo
2,0.0,0,0.0,103,1,1,0,0,0,0,0,0,1,0,0,0,baixo
6,10000.0,0,0.0,1,4,1,0,0,0,1,0,0,0,0,0,1,alto
8,10000.0,10,0.9,1,3,1,0,0,0,1,1,1,0,0,0,0,baixo
5,0.0,0,0.0,1,4,1,0,0,0,0,1,0,0,0,1,1,gratuito
7,10000.0,13,0.6153846153846154,1,6,1,0,0,0,1,1,1,1,1,0,1,baixo
1,10000.0,0,0.0,1,4,1,0,0,0,1,0,0,1,0,1,1,medio_baixo
1,10000.0,0,0.0,1,2,1,0,0,0,0,1,0,0,0,0,0,alto
2,10000.0,27,0.8518518518518519,1,4,1,1,1,0,1,1,1,1,0,0,0,alto
5,10000.0,31,0.7741935483870968,11,3,1,1,1,0,1,1,1,0,0,0,0,medio_alto
8,10000.0,46,0.8260869565217391,1,2,1,1,1,0,1,0,0,1,0,0,0,baixo
6,10000.0,514,0.9630350194552529,1,1,1,1,1,0,0,1,0,0,0,0,0,medio_baixo
3,10000.0,15,0.4666666666666667,1,5,1,0,0,0,1,0,0,1,0,0,1,baixo
5,350000.0,6217,0.8721248190445553,12,2,1,0,0,1,0,1,1,0,0,0,0,medio_alto
7,10000.0,0,0.0,1,2,1,0,0,0,0,0,1,1,0,0,0,gratuito
10,150000.0,1593,0.9340866290018832,5,1,1,0,0,1,0,0,0,0,0,0,1,alto
9,75000.0,40,0.725,1,3,1,0,1,0,1,1,1,0,0,0,0,baixo
2,0.0,0,0.0,1,4,1,0,0,0,0,1,0,1,0,1,0,gratuito
10,75000.0,304,0.8256578947368421,1,1,1,1,1,0,0,0,0,0,0,0,1,alto
6,150000.0,1875,0.7541333333333333,6,3,1,0,0,1,1,1,1,0,0,0,0,alto
3,10000.0,0,0.0,1,1,1,0,0,0,0,0,1,0,0,0,0,gratuito
6,35000.0,2,0.0,1,2,1,0,0,0,1,0,0,0,1,0,0,baixo
2,0.0,0,0.0,103,3,1,0,0,0,1,0,0,1,0,1,0,baixo
2,10000.0,0,0.0,4,2,1,0,0,0,1,0,0,0,1,0,0,alto
5,0.0,0,0.0,0,0,1,0,0,0,0,0,0,0,0,0,0,gratuito
6,35000.0,18,0.8333333333333334,1,6,1,0,0,0,1,1,1,1,1,1,0,baixo
2,0.0,0,0.0,2,3,1,0,0,0,1,0,0,1,0,0,0,gratuito
6,10000.0,28,0.9642857142857143,1,5,1,0,0,0,1,1,1,1,0,0,1,baixo
1,10000.0,88,0.8409090909090909,11,3,1,0,0,0,1,1,1,0,0,0,0,alto
8,35000.0,63,0.47619047619047616,2,3,1,0,0,1,1,0,0,1,0,0,0,baixo
4,75000.0,623,0.5922953451043339,4,3,1,0,0,0,0,1,0,0,0,1,1,alto
5,10000.0,7,0.2857142857142857,103,2,1,0,0,0,1,0,1,0,0,0,0,medio_baixo
1,10000.0,1,0.0,1,2,1,0,0,0,0,0,1,0,0,0,0,medio_alto
1,0.0,0,0.0,1,3,1,0,0,1,1,0,0,1,0,0,0,gratuito
1,10000.0,0,0.0,3,1,1,0,0,0,0,0,0,0,0,0,1,medio_alto
8,35000.0,47,0.6382978723404256,1,4,1,0,0,0,1,1,1,0,0,0,0,gratuito
2,0.0,0,0.0,1,2,1,0,0,0,1,0,0,0,0,0,0,gratuito
2,0.0,0,0.0,0,0,1,0,0,0,0,0,0,0,0,0,0,gratuito
1,10000.0,3,1.0,3,2,1,1,1,0,1,0,1,0,0,0,0,medio_alto
6,10000.0,21,0.7142857142857143,3,1,1,0,0,0,0,1,0,0,0,0,0,medio_alto
1,10000.0,1,1.0,1,3,1,0,0,0,1,1,1,0,0,0,0,medio_baixo
3,10000.0,1,1.0,1,2,1,0,0,0,1,0,0,1,0,0,0,baixo
1,10000.0,0,0.0,5,4,1,0,0,0,1,0,0,1,1,0,1,alto
6,10000.0,101,0.8217821782178217,29,2,1,0,0,2,1,1,0,0,0,0,0,medio_alto
7,10000.0,0,0.0,1,3,1,0,0,0,1,1,0,1,0,0,0,medio_baixo
1,0.0,0,0.0,0,0,1,0,0,0,0,0,0,0,0,0,0,gratuito
8,10000.0,30,0.9,1,2,1,0,0,0,1,1,0,0,0,0,0,gratuito
7,10000.0,29,0.5862068965517241,0,1,1,0,0,0,0,0,0,0,0,0,0,gratuito
11,10000.0,241,0.7012448132780082,1,3,1,0,0,0,1,0,1,0,0,1,0,baixo
1,10000.0,0,0.0,1,1,1,0,0,0,1,0,0,0,0,0,0,medio_baixo
6,10000.0,59,0.9152542372881356,11,3,1,0,0,1,0,1,1,0,0,0,1,alto
4,35000.0,5,0.8,2,3,1,0,0,0,1,1,0,0,1,0,0,gratuito
11,150000.0,963,0.9003115264797508,1,3,1,0,0,0,1,0,0,0,0,0,1,alto
1,10000.0,16,1.0,3,5,1,0,0,0,1,1,1,0,1,0,0,medio_alto
8,75000.0,108,0.9259259259259259,1,5,1,0,0,0,1,1,0,1,0,0,0,gratuito
4,0.0,0,0.0,0,0,1,0,0,0,0,0,0,0,0,0,0,gratuito
1,0.0,0,0.0,0,0,1,0,0,0,0,0,0,0,0,0,0,gratuito
10,10000.0,6,0.6666666666666666,1,2,1,0,0,0,1,0,0,1,0,0,0,baixo
2,10000.0,19,0.9473684210526315,4,2,1,0,0,1,0,1,0,1,0,0,0,alto
5,10000.0,79,0.7088607594936709,8,5,1,0,0,0,1,1,1,0,1,1,0,medio_baixo
4,10000.0,5,0.4,103,6,1,1,1,0,1,1,1,1,0,1,1,baixo
1,10000.0,0,0.0,9,4,1,0,0,0,1,0,1,0,0,0,1,baixo
7,35000.0,227,0.8854625550660793,9,2,1,1,1,0,0,0,1,1,0,0,0,medio_alto
1,10000.0,0,0.0,1,3,1,1,1,0,1,0,1,1,0,0,0,baixo
1,10000.0,91,0.9560439560439561,1,5,1,0,0,0,1,0,0,1,1,0,1,alto
4,10000.0,0,0.0,1,4,1,0,0,0,1,1,0,1,0,0,0,gratuito
4,35000.0,1,1.0,1,3,1,0,0,0,1,0,1,0,0,1,0,baixo
1,10000.0,0,0.0,3,4,1,0,0,0,1,1,0,1,0,0,1,medio_baixo
5,10000.0,16,0.8125,1,3,1,0,0,0,1,0,0,0,0,1,1,baixo
7,10000.0,17,0.11764705882352941,26,5,1,1,1,0,1,1,0,0,0,1,1,alto
3,75000.0,1376,0.9527616279069767,11,1,1,1,1,1,1,0,0,0,0,0,0,baixo
9,10000.0,4,0.5,1,3,1,0,0,0,0,0,0,1,0,0,1,medio_alto
6,10000.0,25,0.76,1,3,1,0,0,0,1,0,0,1,0,0,0,gratuito
6,10000.0,12,0.5833333333333334,1,2,1,0,0,0,0,1,0,0,0,0,0,gratuito
1,0.0,0,0.0,5,4,1,0,1,0,0,0,1,1,0,0,1,gratuito
2,0.0,0,0.0,1,4,1,0,0,0,1,0,0,1,0,1,0,gratuito
1,0.0,0,0.0,0,0,1,0,0,0,0,0,0,0,0,0,0,gratuito
7,10000.0,25,0.84,1,1,1,0,0,0,0,1,0,0,0,0,0,gratuito
1,10000.0,0,0.0,6,3,1,0,1,0,1,0,0,1,0,0,1,medio_baixo
2,0.0,0,0.0,1,4,1,0,0,0,1,1,1,0,0,0,0,gratuito
3,10000.0,4,1.0,1,3,1,0,0,0,1,1,1,0,0,0,0,medio_alto
1,0.0,0,0.0,3,5,1,0,0,0,1,1,1,1,1,0,0,medio_baixo
1,0.0,0,0.0,1,4,1,0,0,0,1,0,1,1,0,0,0,gratuito
3,10000.0,10,0.9,2,2,1,0,0,0,1,0,0,0,0,0,1,baixo
9,10000.0,153,0.9019607843137255,1,3,1,1,1,1,1,0,1,1,0,0,0,medio_alto
4,0.0,0,0.0,1,3,1,1,0,0,1,0,0,1,0,0,1,gratuito
6,10000.0,4,0.75,4,1,1,0,0,0,0,0,0,1,0,0,0,alto
6,10000.0,4,0.0,2,1,1,0,0,0,1,0,0,0,0,0,0,baixo
5,10000.0,0,0.0,1,2,1,0,0,1,0,0,0,1,1,0,0,alto
2,10000.0,1,1.0,1,2,1,0,0,0,0,0,0,1,0,0,0,alto
10,35000.0,315,0.9365079365079365,1,2,1,0,0,0,0,0,1,1,0,0,0,gratuito
8,10000.0,9,0.4444444444444444,1,2,1,0,0,0,1,0,0,1,0,0,0,baixo
3,10000.0,16,0.75,11,1,1,0,0,0,0,0,1,0,0,0,0,alto
1,0.0,0,0.0,13,4,1,0,0,0,0,0,0,0,1,1,1,alto
3,10000.0,96,0.4895833333333333,10,7,1,0,0,0,1,1,1,1,1,1,1,medio_baixo
6,75000.0,94,0.9042553191489362,1,1,1,0,0,0,0,1,0,0,0,0,0,gratuito
8,10000.0,160,0.925,3,4,1,0,0,1,1,1,0,1,0,1,0,baixo
10,75000.0,529,0.9092627599243857,1,2,1,1,1,0,1,1,0,0,0,0,0,baixo
5,10000.0,39,0.8461538461538461,1,2,1,0,0,0,1,0,1,0,0,0,0,baixo
12,35000.0,63,0.31746031746031744,11,1,1,0,0,0,0,0,0,1,0,0,0,baixo
4,75000.0,5,1.0,1,3,1,0,0,0,1,0,1,1,0,0,0,baixo
3,10000.0,10,1.0,1,3,1,0,0,0,0,0,0,1,0,0,0,alto
3,10000.0,0,0.0,4,2,1,0,0,0,1,0,0,0,0,0,1,medio_alto
9,10000.0,5,0.6,1,5,1,1,1,0,1,1,0,1,1,0,0,medio_baixo
2,0.0,0,0.0,3,4,1,0,0,1,1,0,0,1,0,0,1,gratuito
4,0.0,0,0.0,1,3,1,0,0,0,1,0,0,1,0,0,0,gratuito
2,10000.0,20,0.6,1,2,1,0,0,0,1,0,1,0,0,0,0,baixo
10,35000.0,59,0.8983050847457628,7,2,1,1,0,0,1,0,0,1,0,0,0,medio_alto
10,10000.0,216,0.9675925925925926,1,4,1,0,0,0,1,0,0,1,0,0,1,medio_alto
5,10000.0,16,0.75,103,1,1,0,0,0,0,0,1,0,0,0,0,baixo
3,0.0,0,0.0,0,0,1,0,0,0,0,0,0,0,0,0,0,gratuito
4,75000.0,124,0.5645161290322581,2,3,1,0,0,0,0,1,0,1,0,1,0,gratuito
5,0.0,0,0.0,0,0,1,0,0,0,0,0,0,0,0,0,0,gratuito
1,150000.0,3034,0.986156888595913,1,1,1,0,0,0,0,0,0,0,0,0,0,alto
11,35000.0,80,0.5375,1,3,1,1,1,0,0,0,1,1,0,0,1,medio_alto
1,0.0,0,0.0,0,0,1,0,0,0,0,0,0,0,0,0,0,gratuito
3,35000.0,39,1.0,1,3,1,1,1,0,1,0,1,0,0,0,0,baixo
8,1500000.0,21676,0.8927385126407086,1,4,1,0,0,0,1,1,0,0,0,0,1,alto
1,10000.0,60,1.0,1,3,1,0,0,0,1,0,1,0,1,0,0,baixo
2,10000.0,3,1.0,1,3,1,0,0,0,1,0,1,0,1,0,0,alto
1,10000.0,0,0.0,1,3,1,0,0,0,1,0,1,0,1,0,0,medio_alto
2,0.0,0,0.0,30,4,1,0,0,0,1,0,0,1,1,0,1,medio_baixo
2,10000.0,35,1.0,1,2,1,0,0,0,1,0,0,1,0,0,0,baixo
5,10000.0,7,0.7142857142857143,2,3,1,1,1,2,1,0,1,1,0,0,0,baixo
10,35000.0,64,0.859375,1,4,1,0,0,0,0,0,0,0,0,0,0,gratuito
4,0.0,0,0.0,0,0,1,0,0,0,0,0,0,0,0,0,0,gratuito
6,35000.0,127,0.6929133858267716,2,4,1,0,0,0,1,0,0,1,0,0,1,medio_baixo
1,10000.0,0,0.0,8,2,1,0,0,0,1,0,1,0,0,0,0,alto
10,350000.0,1716,0.6637529137529138,2,2,1,0,0,0,0,1,0,0,0,0,0,gratuito
2,10000.0,2,1.0,1,3,1,0,0,0,1,1,0,1,0,0,0,medio_alto
11,75000.0,2555,0.9632093933463797,7,1,1,1,1,1,1,0,0,0,0,0,0,medio_alto
1,10000.0,0,0.0,3,3,1,0,0,0,1,0,1,0,0,0,0,medio_baixo
2,0.0,0,0.0,0,0,1,0,0,0,0,0,0,0,0,0,0,gratuito
4,10000.0,0,0.0,1,2,1,0,0,0,1,0,0,1,0,0,0,baixo
7,35000.0,187,0.8877005347593583,1,2,1,0,0,0,1,0,1,0,0,0,0,medio_alto
1,10000.0,0,0.0,1,1,1,0,0,0,1,0,0,0,0,0,0,medio_baixo
3,0.0,0,0.0,1,5,1,0,0,0,1,1,1,1,0,0,0,gratuito
8,35000.0,337,0.8160237388724035,1,4,1,1,0,0,1,0,0,1,0,0,0,baixo
2,10000.0,4,0.75,1,1,1,1,0,0,0,0,0,0,1,0,0,alto
2,0.0,0,0.0,0,0,1,0,0,0,0,0,0,0,0,0,0,gratuito
2,10000.0,0,0.0,1,3,1,0,1,0,0,0,0,0,0,1,0,gratuito
3,0.0,0,0.0,0,0,1,0,0,0,0,0,0,0,0,0,0,gratuito
5,10000.0,32,0.53125,3,1,1,0,0,0,0,1,0,0,0,0,0,alto
1,0.0,0,0.0,11,3,1,0,0,0,1,0,0,1,0,0,0,gratuito
1,0.0,0,0.0,0,0,1,0,0,0,0,0,0,0,0,0,0,gratuito
3,10000.0,5,0.6,4,2,1,0,0,0,1,1,0,0,0,0,0,baixo
1,10000.0,0,0.0,1,4,1,0,0,0,0,0,1,1,0,1,1,baixo
7,10000.0,18,0.5,2,4,1,0,0,0,1,1,0,0,0,0,0,alto
5,10000.0,9,1.0,4,3,1,0,0,1,1,1,1,0,0,0,0,baixo
10,10000.0,9,1.0,1,2,1,0,0,0,1,0,0,1,0,0,0,baixo
5,10000.0,90,0.9111111111111111,3,3,1,0,0,3,1,0,1,1,0,0,0,medio_baixo
2,10000.0,189,0.9735449735449735,1,5,1,0,0,0,1,0,0,1,1,0,1,gratuito
5,35000.0,4,0.5,1,4,1,0,0,0,1,1,1,0,0,1,0,medio_baixo
5,10000.0,0,0.0,1,1,1,0,0,0,0,0,0,0,1,0,0,alto
3,10000.0,0,0.0,1,1,1,0,0,0,0,0,0,1,0,0,0,baixo
2,10000.0,2,0.5,2,4,1,0,0,0,1,1,0,1,0,0,1,baixo
3,10000.0,1,0.0,1,4,1,0,0,0,0,1,0,1,0,1,0,medio_alto
4,10000.0,204,0.6764705882352942,10,3,1,0,0,1,1,1,1,0,0,0,0,medio_baixo
9,75000.0,397,0.7103274559193955,2,2,1,0,0,0,1,1,0,0,0,0,0,baixo
1,0.0,0,0.0,1,3,1,0,0,0,1,1,1,0,0,0,0,medio_alto
3,10000.0,3,0.3333333333333333,4,1,1,0,0,0,0,0,0,1,0,0,0,medio_alto
8,10000.0,8,0.5,1,5,1,0,0,0,1,0,1,1,0,0,1,medio_baixo
1,0.0,0,0.0,3,5,1,0,0,0,0,0,1,1,0,1,1,gratuito
1,0.0,0,0.0,0,0,1,0,0,0,0,0,0,0,0,0,0,gratuito
1,0.0,0,0.0,1,1,1,0,0,0,1,0,0,0,0,0,0,medio_baixo
1,10000.0,0,0.0,5,2,1,0,0,0,0,0,0,1,0,1,0,medio_baixo
1,0.0,0,0.0,3,2,1,1,0,0,0,0,1,1,0,0,0,medio_alto
5,10000.0,18,0.6666666666666666,0,2,1,0,0,0,1,0,0,1,0,0,0,alto
10,10000.0,15,0.4,1,3,1,0,0,0,1,0,0,1,0,0,1,medio_alto
12,75000.0,465,0.2752688172043011,1,2,1,0,0,0,0,1,0,0,0,0,0,baixo
12,10000.0,178,0.3707865168539326,12,1,1,0,0,0,0,0,0,0,0,0,0,alto
8,75000.0,230,0.9,8,3,1,0,0,0,1,0,0,1,0,0,0,alto
4,10000.0,9,1.0,1,3,1,0,0,1,1,1,0,1,0,0,0,alto
7,10000.0,2,1.0,1,3,1,0,0,0,1,0,0,1,0,0,0,medio_baixo
1,10000.0,0,0.0,1,2,1,0,0,0,1,1,0,0,0,0,0,baixo
8,350000.0,9230,0.8445287107258939,29,1,1,0,0,1,0,0,0,0,0,0,0,gratuito
4,10000.0,32,0.78125,6,2,1,0,0,0,0,1,1,0,0,0,0,alto
1,0.0,0,0.0,1,2,1,0,0,0,0,0,0,1,0,0,0,gratuito
1,10000.0,0,0.0,1,3,1,0,0,0,0,0,0,1,0,1,1,medio_baixo
3,0.0,0,0.0,0,0,1,0,0,0,0,0,0,0,0,0,0,gratuito
6,35000.0,2,0.5,1,3,1,0,0,0,1,0,1,1,0,0,0,baixo
1,10000.0,0,0.0,1,4,1,0,0,0,1,0,0,1,0,1,0,medio_alto
1,0.0,0,0.0,0,0,1,0,0,0,0,0,0,0,0,0,0,gratuito
4,35000.0,16,0.875,8,2,1,0,0,0,0,0,1,1,0,0,0,medio_baixo
1,10000.0,0,0.0,1,1,1,0,0,0,0,0,0,1,0,0,0,medio_baixo
4,0.0,0,0.0,0,0,1,0,0,0,0,0,0,0,0,0,0,gratuito
2,0.0,0,0.0,1,2,1,0,0,0,0,0,0,1,0,0,0,gratuito
3,0.0,0,0.0,0,0,1,0,0,0,0,0,0,0,0,0,0,gratuito
3,10000.0,171,0.9005847953216374,1,1,1,0,0,0,0,0,0,0,1,0,0,alto
3,10000.0,7,0.5714285714285714,1,2,1,0,0,0,1,0,0,1,0,0,0,baixo
2,35000.0,2,0.0,1,3,1,0,0,0,1,0,0,1,0,0,1,baixo
3,0.0,0,0.0,0,0,1,0,0,0,0,0,0,0,0,0,0,gratuito
18,150000.0,1029,0.8707482993197279,5,1,1,0,0,0,0,1,0,0,0,0,0,medio_alto
4,10000.0,9,0.8888888888888888,29,2,1,0,0,0,1,0,0,1,0,0,0,medio_baixo
5,10000.0,25,1.0,1,3,1,0,0,0,1,1,1,0,0,0,0,baixo
11,350000.0,7193,0.9619074099819269,8,1,1,0,0,0,0,1,0,0,0,0,0,medio_alto
4,10000.0,42,0.8809523809523809,18,3,1,0,0,0,1,0,1,1,0,0,0,baixo
9,10000.0,27,0.7407407407407407,1,1,1,0,0,0,0,0,0,0,0,1,0,alto
11,75000.0,307,0.8957654723127035,1,4,1,1,0,0,1,0,1,0,1,1,0,medio_alto
10,150000.0,4645,0.9677072120559742,27,2,1,1,1,0,1,0,0,1,0,0,0,medio_baixo
6,10000.0,106,0.6320754716981132,29,2,1,0,0,1,1,0,0,1,0,0,0,baixo
1,10000.0,0,0.0,2,1,1,0,0,0,1,0,0,0,0,0,0,medio_alto
5,10000.0,186,0.6720430107526881,8,1,1,0,0,0,0,0,0,0,0,0,0,alto
2,10000.0,0,0.0,1,3,1,0,0,0,1,0,1,0,1,0,0,medio_baixo
2,75000.0,3,0.3333333333333333,2,3,1,0,0,0,1,0,1,0,0,1,0,medio_alto
2,10000.0,2,0.5,5,4,1,0,0,0,1,0,1,1,0,0,0,medio_alto
1,10000.0,0,0.0,31,2,1,0,0,0,1,0,0,1,0,0,0,baixo
4,10000.0,22,0.6818181818181818,1,2,1,0,0,0,1,0,1,0,0,0,0,baixo
8,10000.0,28,0.7142857142857143,2,1,1,0,0,0,0,0,1,0,0,0,0,gratuito
6,10000.0,25,0.72,4,4,1,1,0,0,1,0,1,1,0,1,0,alto
3,75000.0,660,0.8121212121212121,13,3,1,0,0,1,1,1,0,0,1,0,0,alto
8,350000.0,5682,0.9737768391411474,4,4,1,1,0,2,1,0,1,1,1,0,0,baixo
2,0.0,0,0.0,0,0,1,0,0,0,0,0,0,0,0,0,0,gratuito
1,10000.0,0,0.0,1,3,1,0,1,0,1,0,0,1,0,1,0,medio_baixo
2,10000.0,3,1.0,2,3,1,0,0,0,1,1,0,1,0,0,0,medio_baixo
9,10000.0,1,0.0,1,3,1,0,0,0,1,0,0,1,0,0,1,baixo
4,10000.0,0,0.0,2,3,1,0,1,0,1,0,0,1,0,0,1,medio_baixo
1,0.0,0,0.0,6,5,1,1,0,0,1,0,0,1,0,0,1,gratuito
14,150000.0,2331,0.7331617331617332,2,1,1,0,0,5,0,0,0,0,1,0,0,medio_alto
8,10000.0,3,1.0,4,2,1,0,0,0,1,0,0,1,0,0,0,medio_alto
8,10000.0,13,0.5384615384615384,1,2,1,0,0,0,1,0,0,1,0,0,0,alto
1,0.0,0,0.0,1,3,1,0,0,0,1,1,1,0,0,0,0,alto
9,10000.0,24,0.5833333333333334,1,3,1,0,0,0,1,0,1,1,0,0,0,baixo
6,10000.0,24,0.875,4,3,1,0,0,0,1,0,1,1,0,0,0,medio_baixo
2,0.0,0,0.0,0,0,1,0,0,0,0,0,0,0,0,0,0,gratuito
2,10000.0,13,0.9230769230769231,4,4,1,0,0,0,1,1,0,0,1,0,0,medio_alto
2,0.0,0,0.0,0,0,1,0,0,0,0,0,0,0,0,0,0,gratuito
6,75000.0,2,1.0,29,2,1,0,0,0,1,1,0,0,0,0,0,medio_baixo
6,10000.0,40,0.9,1,1,1,0,0,0,0,0,0,0,1,0,0,medio_baixo
1,10000.0,0,0.0,1,3,1,0,1,0,1,0,0,1,0,0,1,medio_alto
1,0.0,0,0.0,1,3,1,1,0,0,1,0,0,1,0,0,0,gratuito
1,10000.0,0,0.0,30,2,1,0,0,0,0,1,1,0,0,0,0,alto
2,0.0,0,0.0,0,0,1,0,0,0,0,0,0,0,0,0,0,gratuito
1,75000.0,3475,0.9887769784172662,4,2,1,0,0,1,1,0,1,0,0,0,0,alto
9,10000.0,1,1.0,1,3,1,1,0,0,0,0,1,1,0,1,0,alto
6,10000.0,13,0.7692307692307693,1,3,1,0,0,1,1,1,1,0,0,0,0,medio_alto
11,350000.0,311,0.5594855305466238,1,3,1,0,0,0,1,1,0,1,0,0,0,baixo
6,10000.0,0,0.0,1,2,1,0,0,2,1,0,0,1,0,0,0,baixo
2,0.0,0,0.0,0,0,1,0,0,0,0,0,0,0,0,0,0,gratuito
9,75000.0,541,0.822550831792976,4,4,1,1,1,0,1,1,1,0,1,0,0,alto
5,10000.0,13,1.0,2,2,1,0,0,0,1,0,0,0,1,0,0,alto
8,35000.0,155,0.8258064516129032,1,3,1,0,0,0,1,0,1,1,0,0,0,medio_alto
2,10000.0,7,0.42857142857142855,2,6,1,0,0,0,1,1,1,0,1,1,1,medio_baixo
9,10000.0,2,1.0,1,2,1,1,1,0,1,1,0,0,0,0,0,medio_alto
2,10000.0,0,0.0,4,4,1,0,0,0,1,1,0,1,0,0,0,medio_baixo
1,10000.0,0,0.0,2,3,1,0,0,0,0,1,1,0,0,0,0,medio_baixo
10,35000.0,1,1.0,2,2,1,0,0,0,0,1,0,1,0,0,0,medio_baixo
1,0.0,0,0.0,0,0,1,0,0,0,0,0,0,0,0,0,0,gratuito
1,10000.0,0,0.0,31,5,1,0,0,0,1,1,0,0,1,1,0,alto
3,10000.0,5,1.0,1,2,1,0,0,0,0,1,0,0,0,1,0,medio_baixo
2,0.0,0,0.0,30,3,1,0,0,0,0,0,0,1,1,0,1,medio_baixo
3,10000.0,0,0.0,1,3,1,0,0,0,0,0,1,0,0,1,0,gratuito
4,10000.0,6,0.6666666666666666,1,2,1,0,0,0,0,0,1,1,0,0,0,medio_alto
11,35000.0,174,0.6379310344827587,6,3,1,1,1,1,1,0,1,1,0,0,0,medio_baixo
1,0.0,0,0.0,1,5,1,0,0,0,1,1,1,0,1,0,0,medio_baixo
1,0.0,0,0.0,1,6,1,1,0,0,1,1,1,1,1,0,0,gratuito
10,10000.0,107,0.5794392523364486,3,1,1,0,0,0,0,0,1,0,0,0,0,medio_alto
5,10000.0,49,0.8571428571428571,1,1,1,1,0,0,0,0,0,1,0,0,0,baixo
8,10000.0,1,0.0,1,4,1,0,0,0,1,1,0,1,0,1,0,medio_baixo
1,0.0,0,0.0,1,3,1,0,0,0,1,0,1,0,1,0,0,medio_alto
1,0.0,0,0.0,0,0,1,0,0,0,0,0,0,0,0,0,0,gratuito
6,10000.0,4,0.5,1,2,1,0,0,0,1,0,0,0,1,0,0,baixo
1,0.0,0,0.0,0,0,1,0,0,0,0,0,0,0,0,0,0,gratuito
8,35000.0,190,0.7947368421052632,6,2,1,0,0,1,1,0,0,1,0,0,0,baixo
7,10000.0,6,1.0,2,1,1,0,0,0,0,0,1,0,0,0,0,medio_baixo
2,10000.0,0,0.0,4,3,1,0,0,0,0,0,1,1,0,0,1,baixo
13,10000.0,22,0.36363636363636365,1,2,1,0,1,0,1,0,0,1,0,0,0,medio_alto
2,10000.0,26,0.9615384615384616,5,2,1,0,1,0,1,1,0,0,0,0,0,medio_alto
3,0.0,0,0.0,2,5,1,0,0,0,0,1,1,0,1,0,0,gratuito
5,10000.0,15,0.6,1,1,1,0,0,0,0,0,0,0,0,0,0,medio_alto
1,10000.0,0,0.0,2,2,1,0,0,0,1,0,0,0,0,1,0,baixo
1,10000.0,241,0.8547717842323651,11,1,1,0,0,0,0,0,0,0,0,0,1,alto
6,35000.0,101,0.9306930693069307,18,3,1,1,0,0,1,0,1,1,0,0,0,medio_baixo
1,0.0,0,0.0,1,3,1,0,0,0,0,1,0,1,0,0,0,gratuito
8,10000.0,3,1.0,4,3,1,1,1,0,1,0,1,0,0,1,0,medio_baixo
3,10000.0,12,0.3333333333333333,22,3,1,1,0,0,0,0,0,0,0,0,1,alto
6,35000.0,24,0.7083333333333334,1,1,1,1,0,0,1,0,0,0,0,0,0,baixo
1,150000.0,532,0.9492481203007519,1,1,1,1,1,1,0,0,1,0,0,0,0,alto
11,10000.0,30,0.4,1,3,1,0,0,0,1,0,0,1,1,0,0,medio_alto
4,75000.0,4,0.5,10,1,1,0,0,0,0,0,1,0,0,0,0,baixo
3,75000.0,4,1.0,1,2,1,0,0,0,1,0,1,0,0,0,0,baixo
8,10000.0,0,0.0,1,4,1,1,1,0,1,0,1,1,1,0,0,medio_alto
2,10000.0,0,0.0,3,3,1,0,0,0,1,1,0,0,1,0,0,medio_alto
7,10000.0,0,0.0,1,2,1,0,1,0,1,0,1,0,0,0,0,medio_baixo
7,35000.0,5,1.0,2,3,1,0,0,0,1,0,0,1,0,1,0,baixo
2,10000.0,0,0.0,19,2,1,0,0,0,1,0,0,1,0,0,0,medio_alto
3,10000.0,1,0.0,1,4,1,0,0,0,1,0,1,1,1,0,0,medio_alto
3,0.0,0,0.0,0,0,1,0,0,0,0,0,0,0,0,0,0,gratuito
1,0.0,0,0.0,14,1,1,0,0,0,0,0,0,1,0,0,0,medio_alto
8,150000.0,246,0.34552845528455284,8,3,1,0,0,1,1,1,1,0,0,0,0,alto
9,10000.0,13,0.6153846153846154,1,5,1,0,0,0,1,1,1,0,1,0,0,alto
2,0.0,0,0.0,1,2,1,1,1,0,1,0,0,0,0,0,0,gratuito
12,75000.0,250,0.552,1,3,1,0,0,0,1,1,1,0,0,0,0,baixo
5,35000.0,69,0.8840579710144928,1,1,1,0,0,0,0,0,1,0,0,0,0,alto
1,10000.0,0,0.0,1,5,1,0,0,0,1,0,0,0,0,0,1,alto
15,75000.0,1510,0.9503311258278145,1,2,1,0,0,1,1,1,0,0,0,0,0,gratuito
3,10000.0,0,0.0,4,4,1,0,0,0,1,1,1,1,0,0,0,medio_baixo
5,10000.0,3,1.0,1,3,1,1,0,0,1,0,0,1,0,0,1,alto
4,10000.0,3,1.0,1,2,1,0,0,0,1,0,0,1,0,0,0,baixo
7,10000.0,20,0.35,2,4,1,0,0,0,0,1,0,1,0,0,1,baixo
1,0.0,0,0.0,1,1,1,0,0,0,0,0,0,1,0,0,0,medio_alto
9,10000.0,2,0.5,1,3,1,1,1,0,1,1,1,0,0,0,0,gratuito
2,0.0,0,0.0,0,0,1,0,0,0,0,0,0,0,0,0,0,gratuito
9,350000.0,3369,0.9673493618284358,28,3,1,1,1,0,1,1,0,1,0,0,0,baixo
2,10000.0,0,0.0,1,2,1,0,0,0,1,0,1,0,0,0,0,baixo
2,0.0,0,0.0,0,0,1,0,0,0,0,0,0,0,0,0,0,gratuito
2,10000.0,0,0.0,3,1,1,0,0,1,0,0,0,1,0,0,0,baixo
1,10000.0,5,1.0,1,2,1,1,1,0,1,1,0,0,0,0,0,medio_alto
6,35000.0,158,0.8481012658227848,1,3,1,1,0,0,1,1,0,1,0,0,0,baixo
1,0.0,0,0.0,0,0,1,0,0,0,0,0,0,0,0,0,0,gratuito
9,75000.0,165,0.6303030303030303,13,4,1,0,0,0,1,1,1,0,0,1,0,baixo
2,0.0,0,0.0,0,0,1,0,0,0,0,0,0,0,0,0,0,gratuito
2,10000.0,2,1.0,1,3,1,0,0,0,0,1,1,0,1,0,0,medio_alto
2,10000.0,434,0.9331797235023042,11,3,1,0,0,0,1,0,0,1,0,0,1,medio_alto
4,10000.0,2,1.0,10,3,1,0,0,1,1,1,0,1,0,0,0,baixo
1,10000.0,0,0.0,2,4,1,0,0,0,1,1,0,1,0,0,0,alto
3,10000.0,40,0.95,1,4,1,1,1,0,1,0,1,1,0,0,0,alto
8,10000.0,0,0.0,1,1,1,0,0,0,0,1,0,0,0,0,0,medio_alto
7,10000.0,126,0.49206349206349204,7,3,1,1,0,0,1,0,0,1,0,1,0,medio_baixo
6,35000.0,80,0.8,1,1,1,1,0,0,0,0,0,1,0,0,0,baixo
5,10000.0,5,1.0,1,4,1,1,0,1,1,1,0,1,0,1,0,medio_alto
2,10000.0,0,0.0,2,1,1,0,0,0,1,0,0,0,0,0,0,medio_baixo
3,10000.0,2,0.0,1,4,1,0,0,0,1,0,1,1,1,0,0,medio_alto
6,10000.0,21,0.8095238095238095,1,3,1,0,0,0,1,0,0,1,0,0,0,gratuito
2,0.0,0,0.0,2,4,1,0,1,1,1,0,0,1,0,0,0,gratuito
13,35000.0,61,0.45901639344262296,5,1,1,0,0,0,0,0,0,0,0,0,1,alto
4,35000.0,3,0.6666666666666666,1,1,1,0,0,0,0,1,0,0,0,0,0,baixo
6,10000.0,1,0.0,1,1,1,1,1,0,0,0,0,0,0,0,0,alto
2,10000.0,32,0.9375,1,2,1,1,0,0,0,0,0,0,0,0,0,medio_alto
3,35000.0,5,0.8,10,3,1,1,1,0,1,1,1,0,0,0,0,medio_alto
3,10000.0,0,0.0,1,2,1,0,0,0,0,1,1,0,0,0,0,alto
3,10000.0,22,0.7272727272727273,1,3,1,0,0,0,1,0,1,1,0,0,0,baixo
7,350000.0,3924,0.6944444444444444,10,3,1,0,0,0,1,1,1,0,0,0,0,medio_baixo
7,10000.0,21,0.5714285714285714,1,4,1,0,0,0,0,0,1,1,1,0,0,gratuito
3,10000.0,0,0.0,1,2,1,0,0,0,1,1,0,0,0,0,0,baixo
1,0.0,0,0.0,2,2,1,0,0,0,1,1,0,0,0,0,0,medio_baixo
5,10000.0,9,0.7777777777777778,3,1,1,0,0,0,0,0,0,0,0,0,0,gratuito
2,75000.0,2025,0.9150617283950617,10,1,1,0,0,0,1,0,0,0,0,0,0,medio_baixo
4,10000.0,39,0.9487179487179487,6,3,1,0,0,0,1,1,1,0,0,0,0,alto
6,10000.0,394,0.817258883248731,13,3,1,1,1,0,1,1,1,0,0,0,0,medio_baixo
8,10000.0,4,1.0,2,2,1,0,0,0,0,1,1,0,0,0,0,baixo
4,35000.0,24,0.9583333333333334,1,3,1,1,1,1,1,0,1,1,0,0,0,alto
5,10000.0,9,0.6666666666666666,3,2,1,0,0,0,0,0,1,0,0,0,1,medio_baixo
9,35000.0,14,0.5,3,1,1,0,0,0,0,0,0,1,0,0,0,medio_baixo
1,0.0,0,0.0,2,3,1,0,0,0,1,1,0,0,0,0,0,alto
3,350000.0,3118,0.9002565747273894,1,2,1,1,0,0,1,0,0,0,0,0,1,medio_alto
3,10000.0,3,0.3333333333333333,2,4,1,0,0,0,0,1,1,0,1,0,0,medio_alto
2,10000.0,0,0.0,6,2,1,1,0,1,1,0,0,1,0,0,0,medio_alto
1,10000.0,0,0.0,2,1,1,0,0,0,0,0,1,0,0,0,0,medio_baixo
1,0.0,0,0.0,15,4,1,0,0,0,1,1,0,1,0,0,0,gratuito
1,10000.0,0,0.0,1,2,1,0,0,0,0,1,0,0,0,0,0,gratuito
1,75000.0,878,0.9373576309794989,13,3,1,1,0,4,1,0,0,1,0,0,1,medio_alto
1,10000.0,59,1.0,8,4,1,0,0,0,1,1,1,0,1,0,0,medio_alto
6,10000.0,268,0.8955223880597015,11,2,1,0,0,0,1,0,0,1,0,0,0,baixo
1,10000.0,0,0.0,1,3,1,0,0,0,1,0,0,1,1,0,0,medio_alto
1,10000.0,66,0.7727272727272727,14,4,1,0,0,0,1,0,0,1,0,0,1,baixo
1,0.0,0,0.0,0,0,1,0,0,0,0,0,0,0,0,0,0,gratuito
6,35000.0,42,0.9523809523809523,1,2,1,0,0,1,1,0,0,1,0,0,0,gratuito
4,75000.0,809,0.6983930778739185,13,4,1,0,0,5,0,1,1,0,0,1,1,medio_baixo
5,10000.0,8,0.75,1,1,1,0,0,0,0,0,1,0,0,0,0,gratuito
3,10000.0,128,0.96875,12,4,1,0,0,0,1,0,1,1,0,1,0,medio_alto
8,10000.0,14,0.6428571428571429,1,3,1,0,0,0,1,1,0,1,0,0,0,medio_baixo
11,7500000.0,272932,0.96757434086146,2,2,1,1,1,1,1,0,0,0,1,0,0,medio_baixo
11,35000.0,101,0.7722772277227723,8,2,1,0,0,0,0,1,0,0,0,0,1,baixo
3,10000.0,0,0.0,2,2,1,0,0,0,1,0,0,1,0,0,0,medio_alto
4,10000.0,9,0.6666666666666666,1,1,1,0,0,0,1,0,0,0,0,0,0,baixo
3,10000.0,1,1.0,1,1,1,0,0,0,0,0,0,0,0,0,0,medio_alto
1,0.0,0,0.0,1,1,1,0,0,0,0,0,0,1,0,0,0,medio_alto
8,10000.0,38,0.5789473684210527,1,2,1,0,0,0,1,0,0,0,0,1,0,medio_baixo
11,10000.0,45,0.7777777777777778,1,3,1,0,0,0,1,0,1,1,0,0,0,medio_baixo
1,10000.0,1,1.0,4,3,1,0,0,0,1,1,0,1,0,0,0,medio_alto
3,10000.0,50,0.86,7,3,1,1,1,0,1,0,1,0,1,0,0,gratuito
2,0.0,0,0.0,1,3,1,0,0,0,1,0,1,0,0,0,0,gratuito
4,35000.0,73,0.8356164383561644,1,5,1,0,0,0,0,0,0,0,1,0,1,gratuito
5,10000.0,4,0.75,1,3,1,0,0,0,0,0,0,0,0,0,0,medio_alto
1,10000.0,1,1.0,3,2,1,0,0,0,1,0,1,0,0,0,0,medio_alto
9,10000.0,246,0.8211382113821138,1,1,1,0,0,0,0,0,0,0,0,0,1,medio_alto
5,10000.0,15,0.7333333333333333,9,4,1,0,0,0,1,1,1,0,1,0,0,baixo
9,35000.0,73,0.7808219178082192,7,2,1,1,1,0,1,0,0,0,0,1,0,medio_alto
5,10000.0,5,0.8,4,4,1,0,0,0,1,1,0,0,1,0,0,alto
14,10000.0,50,0.86,4,1,1,0,0,0,0,0,0,0,0,0,0,gratuito
5,150000.0,4,1.0,28,1,1,0,0,0,0,0,0,1,0,0,0,medio_baixo
5,10000.0,12,0.6666666666666666,1,3,1,0,0,0,1,0,0,1,0,1,0,baixo
3,10000.0,5,0.8,1,3,1,0,0,0,1,0,0,1,0,0,1,medio_alto
4,10000.0,25,1.0,2,1,1,0,0,0,0,1,0,0,0,0,0,medio_alto
1,10000.0,0,0.0,1,3,1,0,0,0,1,1,0,1,0,0,0,baixo
2,10000.0,10,1.0,1,2,1,0,0,0,1,0,0,1,0,0,0,baixo
3,10000.0,0,0.0,1,2,1,0,0,0,0,1,0,1,0,0,0,medio_alto
8,10000.0,53,0.6981132075471698,1,5,1,0,0,2,0,1,1,1,0,0,0,gratuito
7,35000.0,943,0.9703075291622482,8,2,1,1,1,1,1,0,0,1,0,0,0,medio_alto
1,10000.0,0,0.0,6,2,1,0,0,1,1,0,0,1,0,0,0,medio_alto
1,10000.0,0,0.0,1,2,1,0,0,0,0,0,1,1,0,0,0,medio_baixo
1,10000.0,0,0.0,13,3,1,0,0,0,1,0,0,1,0,0,1,alto
4,0.0,0,0.0,1,2,1,0,0,0,0,1,0,0,0,0,0,gratuito
1,0.0,0,0.0,0,0,1,0,0,0,0,0,0,0,0,0,0,gratuito
6,10000.0,17,0.7058823529411765,1,4,1,0,0,0,1,0,1,0,1,0,1,medio_alto
2,10000.0,23,1.0,3,3,1,0,1,0,1,0,1,0,1,0,0,baixo
4,10000.0,0,0.0,1,2,1,0,0,0,1,0,0,1,0,0,0,baixo
5,750000.0,7016,0.9794754846066135,12,6,1,0,0,0,1,1,1,1,0,0,1,gratuito
8,10000.0,15,0.9333333333333333,1,2,1,0,0,0,1,1,0,0,0,0,0,alto
3,10000.0,139,0.762589928057554,1,4,1,0,0,1,1,1,1,0,1,0,0,alto
8,10000.0,29,0.8275862068965517,1,3,1,0,0,0,1,1,0,1,0,0,0,gratuito
1,35000.0,509,0.962671905697446,1,1,1,0,1,0,0,0,0,0,0,1,0,alto
6,35000.0,1483,0.6844234659474039,13,6,1,1,1,0,1,0,0,0,1,0,1,baixo
2,35000.0,36,0.8611111111111112,5,3,1,1,0,1,1,1,1,0,0,0,0,alto
6,35000.0,30,0.5,1,1,1,0,0,0,1,0,0,0,0,0,0,alto
7,10000.0,17,0.7647058823529411,1,4,1,0,0,0,1,0,0,1,0,0,0,alto
1,10000.0,20,1.0,1,4,1,0,0,0,1,1,1,1,0,0,0,medio_alto
6,35000.0,4,1.0,1,3,1,0,0,0,1,1,0,1,0,0,0,baixo
7,10000.0,0,0.0,1,2,1,0,0,0,1,0,0,1,0,0,0,alto
4,10000.0,172,0.9244186046511628,11,3,1,1,1,1,1,1,1,0,0,0,0,baixo
15,75000.0,384,0.8020833333333334,1,1,1,0,0,1,0,0,0,0,1,0,0,medio_alto
3,10000.0,4,1.0,1,1,1,1,0,0,0,0,0,1,0,0,0,medio_alto
4,10000.0,0,0.0,1,5,1,1,1,0,1,0,1,1,0,0,1,medio_alto
1,10000.0,0,0.0,1,5,1,0,0,0,1,0,0,1,0,1,1,alto
2,10000.0,3,1.0,13,3,1,0,0,0,1,0,0,1,0,1,0,baixo
2,10000.0,0,0.0,10,3,1,0,0,0,0,0,1,0,0,0,0,alto
4,10000.0,3,0.6666666666666666,2,1,1,0,0,0,0,0,0,0,0,0,1,alto
1,10000.0,0,0.0,30,2,1,0,0,0,1,0,0,1,0,0,0,medio_baixo
8,10000.0,8,0.875,3,4,1,1,0,0,1,1,1,1,0,0,0,alto
2,0.0,0,0.0,5,3,1,0,0,1,1,0,1,0,0,0,0,gratuito
7,10000.0,18,0.7777777777777778,2,2,1,0,0,0,1,1,0,0,0,0,0,alto
1,10000.0,0,0.0,1,6,1,0,0,0,1,1,1,1,1,0,0,alto
8,35000.0,58,0.5517241379310345,12,3,1,0,0,1,0,0,0,1,0,0,1,baixo
3,10000.0,9,0.8888888888888888,7,3,1,0,0,0,1,1,0,0,1,0,0,alto
5,10000.0,79,0.9113924050632911,1,3,1,0,0,0,1,0,0,1,0,1,0,medio_baixo
2,10000.0,0,0.0,1,3,1,1,1,0,1,0,1,1,0,0,0,baixo
1,0.0,0,0.0,1,3,1,0,0,0,0,0,0,0,0,1,0,gratuito
3,0.0,0,0.0,0,0,1,0,0,0,0,0,0,0,0,0,0,gratuito
4,10000.0,68,0.7058823529411765,9,5,1,0,0,1,1,1,1,0,1,1,0,medio_alto
5,150000.0,1842,0.7258414766558089,14,3,1,0,0,0,1,1,1,0,0,0,0,medio_baixo
9,10000.0,6,0.6666666666666666,1,3,1,0,0,0,1,1,0,1,0,0,0,baixo
1,10000.0,0,0.0,13,3,1,0,0,1,0,0,0,1,0,0,1,alto
2,10000.0,8,0.375,1,2,1,0,0,0,0,0,0,0,0,0,1,alto
3,35000.0,4,0.75,1,1,1,0,0,0,0,0,0,0,1,0,0,baixo
11,1500000.0,10282,0.765804318226026,4,1,1,0,0,17,0,0,0,0,0,1,0,alto
1,0.0,0,0.0,0,0,1,0,0,0,0,0,0,0,0,0,0,gratuito
10,35000.0,1031,0.5674102812803103,9,3,1,0,0,4,0,0,0,0,0,0,1,medio_baixo
3,10000.0,1,0.0,13,2,1,0,0,0,1,0,0,1,0,0,0,medio_baixo
8,10000.0,41,0.2926829268292683,20,9,1,1,1,0,1,1,1,1,1,1,1,alto
3,10000.0,16,0.6875,2,2,1,0,0,0,1,0,1,0,0,0,0,medio_alto
4,0.0,0,0.0,1,4,1,0,0,0,0,1,1,1,0,0,0,gratuito
3,10000.0,30,0.5333333333333333,8,4,1,0,0,0,1,1,1,0,1,0,0,medio_alto
4,10000.0,10,0.9,1,2,1,0,0,0,0,0,0,0,0,0,0,gratuito
1,0.0,0,0.0,1,4,1,0,0,0,1,0,0,1,0,1,1,medio_baixo
9,10000.0,12,0.6666666666666666,1,3,1,1,0,0,1,0,0,1,0,0,1,medio_baixo
3,0.0,0,0.0,0,0,1,0,0,0,0,0,0,0,0,0,0,gratuito
6,10000.0,3,0.6666666666666666,1,3,1,1,0,0,1,0,0,1,0,1,0,baixo
6,10000.0,3,1.0,2,4,1,0,0,0,1,0,1,0,0,1,0,alto
4,10000.0,0,0.0,2,5,1,0,0,0,1,1,1,0,1,1,0,medio_alto
8,35000.0,3,0.6666666666666666,1,1,1,0,0,0,0,0,0,1,0,0,0,medio_baixo
4,10000.0,0,0.0,5,1,1,1,1,1,0,0,0,1,0,0,0,baixo
1,0.0,0,0.0,1,3,1,0,0,0,1,0,1,0,0,0,0,gratuito
6,35000.0,49,0.7551020408163265,1,4,1,0,0,0,1,1,1,0,1,0,0,alto
3,0.0,0,0.0,0,0,1,0,0,0,0,0,0,0,0,0,0,gratuito
8,10000.0,6,0.8333333333333334,2,5,1,0,0,0,1,1,1,0,1,0,0,alto
2,10000.0,10,0.6,2,1,1,0,0,0,0,0,0,1,0,0,0,baixo
5,10000.0,4,1.0,1,4,1,0,0,0,1,1,1,1,0,0,0,baixo
2,10000.0,511,0.7847358121330724,4,6,1,0,0,1,1,1,1,1,1,0,0,medio_alto
5,10000.0,5,1.0,1,3,1,1,0,0,1,1,0,0,0,0,1,alto
9,10000.0,27,0.5555555555555556,1,4,1,0,0,0,1,1,0,0,0,0,0,alto
7,10000.0,23,0.6521739130434783,2,3,1,1,0,0,1,1,1,0,0,0,0,baixo
1,0.0,0,0.0,1,2,1,0,0,0,0,1,0,0,0,0,0,gratuito
2,10000.0,3,0.6666666666666666,10,2,1,0,0,0,0,1,1,0,0,0,0,alto
4,10000.0,6,0.8333333333333334,1,2,1,0,0,0,1,0,0,1,0,0,0,medio_alto
1,10000.0,1,1.0,1,3,1,0,0,0,1,0,1,1,0,0,0,baixo
1,10000.0,0,0.0,3,5,1,0,0,0,1,0,1,1,0,1,0,alto
2,10000.0,0,0.0,5,1,1,1,1,0,0,0,0,1,0,0,0,medio_alto
12,3500000.0,82434,0.9341169905621467,5,2,1,0,0,0,0,1,1,0,0,0,0,medio_alto
9,10000.0,45,0.7555555555555555,6,2,1,0,0,0,1,0,1,0,0,0,0,medio_alto
9,10000.0,14,0.8571428571428571,1,3,1,0,0,0,1,1,0,1,0,0,0,baixo
1,0.0,0,0.0,0,0,1,0,0,0,0,0,0,0,0,0,0,gratuito
3,10000.0,25,0.72,3,3,1,0,0,0,1,1,1,0,0,0,0,baixo
5,10000.0,184,0.9619565217391305,1,2,1,0,0,0,0,0,1,1,0,0,0,alto
4,10000.0,2,1.0,1,4,1,0,0,0,1,1,0,0,1,0,0,medio_alto
9,10000.0,61,0.8360655737704918,8,4,1,0,0,0,1,0,0,0,0,0,1,medio_alto
3,10000.0,9,0.8888888888888888,1,2,1,0,1,0,1,1,0,0,0,0,0,baixo
5,75000.0,775,0.895483870967742,1,2,1,0,0,0,1,0,0,0,0,1,0,gratuito
4,10000.0,0,0.0,1,2,1,0,0,0,1,0,0,1,0,0,0,baixo
6,10000.0,10,0.2,9,3,1,0,0,0,0,1,0,1,0,0,1,baixo
2,0.0,0,0.0,0,0,1,0,0,0,0,0,0,0,0,0,0,gratuito
3,35000.0,258,0.7403100775193798,4,4,1,0,0,0,1,0,0,1,1,1,0,medio_alto
2,10000.0,0,0.0,3,2,1,0,0,0,0,0,0,1,1,0,0,alto
1,10000.0,0,0.0,30,6,1,0,1,0,1,1,1,1,0,1,1,medio_alto
6,10000.0,113,0.9292035398230089,3,1,1,1,1,1,1,0,0,0,0,0,0,alto
6,10000.0,0,0.0,1,4,1,0,0,0,1,0,1,1,0,0,1,medio_baixo
1,0.0,0,0.0,10,3,1,0,0,0,1,0,0,1,0,0,1,medio_baixo
11,10000.0,0,0.0,1,1,1,0,0,0,0,0,0,0,0,0,0,alto
1,0.0,0,0.0,1,3,1,0,0,0,1,0,1,0,0,0,1,baixo
5,10000.0,138,0.9420289855072463,2,3,1,0,0,0,1,1,0,1,0,0,0,baixo
1,0.0,0,0.0,0,0,1,0,0,0,0,0,0,0,0,0,0,gratuito
10,10000.0,82,0.9390243902439024,1,3,1,1,1,0,0,0,0,1,1,0,1,baixo
7,10000.0,20,0.6,29,3,1,1,0,1,1,1,0,0,0,0,1,medio_baixo
5,10000.0,53,0.5094339622641509,1,2,1,0,0,0,0,0,0,0,0,1,1,alto
1,10000.0,0,0.0,1,2,1,0,0,0,1,1,0,0,0,0,0,medio_baixo
1,0.0,0,0.0,1,2,1,1,1,0,1,1,0,0,0,0,0,medio_baixo
6,10000.0,36,1.0,1,2,1,0,0,0,0,0,1,0,0,0,0,gratuito
10,10000.0,61,0.6721311475409836,1,4,1,0,0,0,1,0,0,0,1,1,1,baixo
2,0.0,0,0.0,0,0,1,0,0,0,0,0,0,0,0,0,0,gratuito
2,10000.0,0,0.0,1,4,1,0,0,0,1,1,1,1,0,0,0,alto
8,150000.0,2016,0.9280753968253969,1,2,1,0,0,1,1,0,1,0,0,0,0,medio_baixo
1,0.0,0,0.0,1,3,1,1,1,0,1,0,1,1,0,0,0,medio_alto
14,350000.0,3385,0.9317577548005909,5,3,1,0,0,0,0,1,1,0,1,0,0,medio_alto
2,10000.0,1,0.0,1,2,1,0,0,0,0,1,1,0,0,0,0,alto
1,0.0,0,0.0,1,2,1,0,0,0,0,0,1,0,0,0,0,gratuito
4,10000.0,4,0.25,103,5,1,0,0,0,1,0,1,1,0,1,1,baixo
6,10000.0,3,1.0,1,3,1,0,1,0,1,1,1,0,0,0,0,alto
2,10000.0,47,0.6808510638297872,2,3,1,0,0,0,1,0,1,1,0,0,0,baixo
4,35000.0,30,0.7333333333333333,4,2,1,0,0,0,0,0,1,1,0,0,0,alto
4,0.0,0,0.0,0,0,1,0,0,0,0,0,0,0,0,0,0,gratuito
2,10000.0,2,1.0,1,2,1,0,0,0,0,1,0,1,0,0,0,medio_alto
6,10000.0,4,0.75,14,1,1,0,0,0,0,0,0,0,0,1,0,medio_alto
8,10000.0,14,0.5714285714285714,1,5,1,1,0,0,1,1,0,1,0,1,1,baixo
6,10000.0,0,0.0,1,1,1,0,0,0,0,0,0,0,0,0,1,medio_baixo
3,10000.0,20,0.75,2,3,1,0,0,0,0,0,0,1,0,1,1,baixo
9,10000.0,199,0.864321608040201,1,1,1,1,0,0,0,0,1,0,0,0,0,medio_baixo
3,150000.0,3512,0.9664009111617312,10,2,1,1,0,1,1,0,0,0,0,1,0,alto
1,10000.0,0,0.0,2,3,1,1,1,0,1,0,0,1,0,0,0,medio_baixo
9,35000.0,172,0.1744186046511628,2,2,1,0,0,0,1,0,0,0,1,0,0,gratuito
2,10000.0,0,0.0,13,2,1,0,0,0,1,0,1,0,0,0,0,gratuito
6,10000.0,36,0.8333333333333334,1,3,1,0,0,0,0,1,1,0,0,0,0,medio_baixo
13,350000.0,2001,0.751624187906047,5,1,1,0,0,0,0,0,0,0,0,0,0,baixo
8,75000.0,131,0.6564885496183206,1,2,1,0,0,0,1,0,0,1,0,0,0,baixo
3,10000.0,41,0.4634146341463415,1,2,1,0,0,0,1,0,1,0,0,0,0,medio_alto
2,0.0,0,0.0,103,3,1,0,0,0,0,1,1,1,0,0,0,medio_baixo
2,10000.0,35,0.8571428571428571,4,6,1,0,0,0,1,1,1,1,1,0,1,medio_baixo
6,35000.0,11,0.9090909090909091,2,2,1,0,0,0,1,0,0,1,0,0,0,baixo
1,10000.0,0,0.0,1,4,1,0,0,0,1,1,0,1,0,0,0,medio_alto
2,10000.0,0,0.0,1,1,1,0,0,0,0,0,0,1,0,0,0,medio_alto
5,10000.0,17,1.0,14,1,1,0,0,0,1,0,0,0,0,0,0,alto
1,10000.0,1,1.0,1,1,1,0,0,0,0,1,0,0,0,0,0,medio_baixo
1,0.0,0,0.0,4,1,1,0,0,0,0,1,0,0,0,0,0,alto
1,0.0,0,0.0,1,1,1,0,0,0,0,0,1,0,0,0,0,alto
5,10000.0,29,0.8275862068965517,5,3,1,0,0,0,1,0,0,1,0,0,1,baixo
2,10000.0,0,0.0,2,1,1,0,0,0,0,1,0,0,0,0,0,medio_baixo
2,10000.0,30,0.8666666666666667,1,3,1,0,0,0,1,1,0,1,0,0,0,alto
2,10000.0,4,0.75,15,3,1,0,0,0,1,0,0,1,0,0,0,medio_baixo
2,10000.0,6,1.0,5,4,1,0,0,0,1,1,0,1,0,1,0,baixo
2,0.0,0,0.0,1,4,1,0,0,0,1,0,0,1,0,1,0,gratuito
1,10000.0,19,0.7368421052631579,1,2,1,0,1,0,1,0,0,1,0,0,0,medio_alto
4,10000.0,11,0.9090909090909091,2,5,1,0,0,0,1,1,1,1,0,0,0,medio_baixo
1,0.0,0,0.0,10,2,1,0,0,0,0,0,1,1,0,0,0,medio_baixo
7,10000.0,0,0.0,1,4,1,0,0,0,1,1,0,1,0,1,0,medio_baixo
1,10000.0,0,0.0,1,1,1,0,0,0,0,0,0,0,1,0,0,alto
3,75000.0,10,0.9,1,3,1,0,0,0,1,1,0,1,0,0,0,medio_baixo
2,0.0,0,0.0,0,0,1,0,0,0,0,0,0,0,0,0,0,gratuito
5,0.0,0,0.0,1,4,1,0,0,0,0,0,1,0,1,0,0,gratuito
1,0.0,0,0.0,0,0,1,0,0,0,0,0,0,0,0,0,0,gratuito
4,10000.0,481,0.8128898128898129,4,3,1,0,0,1,1,0,0,1,1,0,0,baixo
7,10000.0,19,0.5789473684210527,3,4,1,0,0,0,1,1,0,1,0,1,0,medio_alto
7,10000.0,9,0.6666666666666666,2,5,1,0,0,0,1,0,1,1,0,1,1,medio_baixo
4,10000.0,3,0.3333333333333333,1,2,1,0,0,0,1,1,0,0,0,0,0,medio_baixo
1,35000.0,264,0.928030303030303,9,4,1,0,0,0,1,0,0,0,0,1,1,alto
6,10000.0,0,0.0,1,5,1,0,0,0,1,1,1,1,0,0,0,alto
4,10000.0,1,0.0,2,3,1,0,0,0,0,1,0,0,0,0,1,medio_alto
9,10000.0,382,0.7722513089005235,11,4,1,1,1,2,1,1,1,0,1,0,0,medio_baixo
10,35000.0,259,0.9305019305019305,5,4,1,1,1,0,0,0,0,0,0,0,0,alto
4,0.0,0,0.0,1,4,1,0,0,3,1,0,1,1,0,0,1,gratuito
12,75000.0,410,0.6341463414634146,1,5,1,1,1,0,1,0,1,1,1,1,0,alto
9,10000.0,12,0.5,1,4,1,0,0,0,1,1,0,0,0,0,0,baixo
6,10000.0,22,0.7272727272727273,7,4,1,0,0,5,1,1,1,0,1,0,0,medio_baixo
9,10000.0,5,0.2,1,4,1,0,0,0,1,1,1,1,0,0,0,medio_alto
8,10000.0,1,1.0,6,3,1,0,0,0,1,0,0,1,0,0,1,baixo
11,1500000.0,5993,0.6964792257633906,6,2,1,0,0,4,0,0,0,0,0,1,1,medio_alto
1,0.0,0,0.0,0,0,1,0,0,0,0,0,0,0,0,0,0,gratuito
6,10000.0,6,0.8333333333333334,2,3,1,0,0,0,1,0,0,1,0,1,0,medio_alto
9,150000.0,175,0.7885714285714286,1,1,1,0,0,0,1,0,0,0,0,0,0,baixo
7,10000.0,10,1.0,1,2,1,0,0,0,0,0,1,1,0,0,0,medio_alto
3,35000.0,17,0.8823529411764706,25,3,1,0,0,0,1,0,1,0,0,0,1,medio_baixo
9,35000.0,79,0.46835443037974683,1,2,1,0,0,0,1,0,0,1,0,0,0,baixo
9,10000.0,42,0.38095238095238093,1,5,1,0,1,0,1,0,1,1,1,0,1,baixo
4,0.0,0,0.0,1,3,1,0,0,0,0,0,0,1,0,1,0,gratuito
7,10000.0,114,0.868421052631579,1,5,1,0,0,0,1,0,0,1,0,1,0,gratuito
2,10000.0,2,1.0,1,3,1,0,0,0,1,0,1,1,0,0,0,medio_baixo
6,10000.0,12,0.6666666666666666,4,1,1,0,0,0,0,0,0,1,0,0,0,medio_alto
5,0.0,0,0.0,1,1,1,0,0,0,0,1,0,0,0,0,0,gratuito
1,0.0,0,0.0,3,2,1,0,0,0,1,1,0,0,0,0,0,medio_alto
2,0.0,0,0.0,0,0,1,0,0,0,0,0,0,0,0,0,0,gratuito
1,10000.0,0,0.0,1,4,1,0,0,0,1,1,1,0,0,0,0,gratuito
1,0.0,0,0.0,103,2,1,0,0,0,1,0,0,1,0,0,0,medio_baixo
4,10000.0,48,0.8541666666666666,6,2,1,1,0,0,0,0,1,1,0,0,0,medio_baixo
1,0.0,0,0.0,1,3,1,1,1,0,1,1,0,0,0,0,0,gratuito
1,0.0,0,0.0,30,2,1,0,0,0,0,0,0,1,0,0,0,gratuito
4,10000.0,104,0.6634615384615384,3,2,1,0,0,0,1,0,0,0,1,0,0,alto
3,0.0,0,0.0,1,2,1,0,0,0,0,0,0,0,1,0,0,gratuito
9,10000.0,7,0.5714285714285714,1,4,1,0,0,0,1,0,0,1,0,0,1,alto
4,10000.0,78,0.8974358974358975,1,1,1,0,0,0,0,0,0,0,0,1,0,alto
3,10000.0,11,0.6363636363636364,1,4,1,0,0,0,1,0,1,1,0,0,1,gratuito
7,350000.0,2781,0.5016181229773463,11,2,1,0,0,0,0,1,0,0,1,0,0,alto
2,10000.0,1,1.0,1,4,1,0,0,0,1,0,1,1,0,0,1,baixo
2,0.0,0,0.0,0,0,1,0,0,0,0,0,0,0,0,0,0,gratuito
2,10000.0,130,0.7615384615384615,9,4,1,0,0,0,0,1,1,0,1,1,0,gratuito
5,10000.0,6,0.0,2,2,1,0,0,0,0,0,0,0,0,1,1,alto
11,10000.0,52,0.8846153846153846,1,4,1,1,1,0,1,1,0,1,0,0,0,alto
9,10000.0,42,0.5952380952380952,1,4,1,0,0,0,1,0,1,0,1,0,0,gratuito
1,10000.0,6,0.8333333333333334,3,2,1,0,1,0,1,0,0,0,0,0,1,medio_baixo
2,0.0,0,0.0,1,2,1,0,0,0,0,1,0,0,0,0,0,gratuito
2,10000.0,18,0.8888888888888888,1,6,1,0,0,0,0,1,1,1,0,0,1,baixo
2,0.0,0,0.0,0,0,1,0,0,0,0,0,0,0,0,0,0,gratuito
6,35000.0,4,1.0,1,10,1,0,0,0,1,1,1,1,0,1,1,alto
1,10000.0,0,0.0,3,4,1,1,1,0,1,0,0,1,0,1,1,medio_baixo
11,350000.0,2194,0.8395624430264357,9,5,1,0,0,0,1,1,1,0,1,1,0,medio_baixo
8,10000.0,7,0.14285714285714285,1,4,1,0,0,0,1,0,0,1,0,1,1,baixo
8,150000.0,2406,0.7522859517871987,6,2,1,0,0,3,0,1,0,0,1,0,0,alto
10,10000.0,311,0.6816720257234726,4,4,1,0,0,0,1,1,0,0,0,0,0,alto
1,10000.0,0,0.0,1,3,1,0,0,0,1,1,0,1,0,0,0,medio_alto
5,10000.0,85,0.9294117647058824,2,2,1,0,0,0,1,0,0,0,0,1,0,baixo
1,35000.0,9,1.0,5,2,1,0,0,2,0,0,0,0,0,0,1,baixo
1,10000.0,0,0.0,8,3,1,0,0,0,1,1,1,0,0,0,0,alto
7,10000.0,31,0.7419354838709677,2,3,1,0,0,0,1,1,1,0,0,0,0,alto
2,10000.0,0,0.0,1,3,1,1,0,0,1,0,1,0,1,0,0,medio_alto
2,10000.0,49,0.8571428571428571,7,3,1,0,1,0,1,1,0,0,1,0,0,medio_alto
8,10000.0,3,1.0,1,5,1,0,0,0,1,1,1,1,1,0,0,medio_baixo
1,0.0,0,0.0,1,1,1,0,0,0,0,1,0,0,0,0,0,alto
2,35000.0,2,1.0,2,2,1,1,1,0,1,0,1,0,0,0,0,medio_baixo
1,10000.0,75,0.5466666666666666,5,2,1,0,0,0,1,0,0,0,0,1,0,medio_alto
3,10000.0,29,0.9655172413793104,6,3,1,0,0,0,1,1,1,0,0,0,0,medio_baixo
1,10000.0,0,0.0,1,1,1,0,0,0,0,0,1,0,0,0,0,medio_baixo
6,10000.0,0,0.0,5,3,1,0,0,0,1,1,1,0,0,0,0,alto
9,350000.0,2425,0.7195876288659794,9,3,1,1,0,0,1,0,1,0,0,1,0,medio_baixo
7,10000.0,4,0.5,2,3,1,0,0,0,1,1,0,0,0,0,0,medio_alto
3,10000.0,399,0.5989974937343359,9,1,1,1,0,0,0,0,0,0,0,0,1,medio_alto
3,10000.0,7,0.5714285714285714,1,1,1,0,0,0,1,0,0,0,0,0,0,medio_alto
1,0.0,0,0.0,0,0,1,0,0,0,0,0,0,0,0,0,0,gratuito
2,10000.0,11,1.0,1,1,1,0,0,0,0,1,0,0,0,0,0,medio_alto
1,0.0,0,0.0,0,0,1,0,0,0,0,0,0,0,0,0,0,gratuito
1,10000.0,0,0.0,3,2,1,0,0,0,1,0,1,0,0,0,0,alto
9,10000.0,3,1.0,1,2,1,1,0,0,1,0,0,1,0,0,0,medio_alto
1,0.0,0,0.0,1,3,1,0,1,2,1,0,1,0,0,0,0,gratuito
10,350000.0,1486,0.9246298788694481,2,2,1,0,0,0,0,0,0,1,0,0,0,gratuito
4,10000.0,1,1.0,1,5,1,0,0,0,1,1,1,0,1,0,0,baixo
9,10000.0,13,0.7692307692307693,10,1,1,0,0,0,0,0,0,0,0,0,0,gratuito
1,10000.0,88,0.9772727272727273,5,3,1,0,0,16,0,0,0,0,1,1,1,alto
2,0.0,0,0.0,0,0,1,0,0,0,0,0,0,0,0,0,0,gratuito
1,10000.0,3,1.0,2,5,1,0,0,0,1,1,1,1,1,0,0,medio_baixo
6,10000.0,141,0.8581560283687943,27,5,1,0,0,4,1,1,0,0,1,1,1,alto
1,10000.0,45,0.9111111111111111,25,3,1,0,0,0,1,0,0,1,0,0,0,baixo
2,10000.0,0,0.0,1,1,1,0,0,0,1,0,0,0,0,0,0,baixo
3,350000.0,738,0.7981029810298103,14,4,1,1,0,0,1,0,0,1,1,1,0,baixo
7,10000.0,94,0.9148936170212766,11,3,1,1,1,0,1,1,1,0,0,0,0,alto
1,0.0,0,0.0,0,0,1,0,0,0,0,0,0,0,0,0,0,gratuito
3,10000.0,0,0.0,1,3,1,0,0,0,0,0,0,0,1,1,0,gratuito
6,10000.0,62,0.8870967741935484,1,3,1,1,0,0,1,0,0,1,0,1,0,medio_baixo
8,10000.0,1,1.0,1,2,1,0,0,4,1,0,0,1,0,0,0,gratuito
6,10000.0,11,0.5454545454545454,2,2,1,0,0,1,1,0,1,0,0,0,0,medio_alto
1,10000.0,19,0.8947368421052632,1,5,1,1,0,0,1,0,1,1,1,0,1,medio_baixo
7,10000.0,42,0.8095238095238095,17,3,1,1,0,0,0,0,1,1,0,1,0,alto
1,0.0,0,0.0,103,3,1,0,0,0,1,1,1,0,0,0,0,medio_baixo
1,10000.0,8,1.0,2,4,1,0,1,0,1,0,0,0,1,0,1,medio_alto
2,10000.0,7,0.8571428571428571,1,3,1,0,0,0,1,0,1,1,0,0,0,baixo
4,10000.0,23,0.8695652173913043,2,1,1,1,0,0,0,0,0,0,1,0,0,medio_baixo
5,10000.0,100,0.9,1,3,1,0,0,0,1,0,0,1,0,0,1,baixo
6,10000.0,2,0.0,1,1,1,1,0,0,0,0,0,0,0,0,0,medio_baixo
1,10000.0,0,0.0,1,4,1,0,0,0,0,1,0,1,0,1,1,baixo
6,10000.0,277,0.9530685920577617,1,2,1,1,0,0,1,0,0,1,0,0,0,medio_baixo
3,0.0,0,0.0,8,1,1,0,0,0,0,0,0,0,0,0,0,gratuito
6,10000.0,2,1.0,1,4,1,1,0,0,1,0,1,0,0,0,1,baixo
1,0.0,0,0.0,2,5,1,0,0,0,1,0,1,1,0,0,1,gratuito
4,10000.0,15,1.0,1,2,1,0,0,0,0,0,0,0,1,0,0,gratuito
1,10000.0,32,0.96875,9,2,1,0,0,0,1,1,0,0,0,0,0,medio_baixo
2,10000.0,27,0.8518518518518519,12,2,1,1,1,0,0,1,0,0,0,1,0,medio_alto
7,10000.0,3,0.3333333333333333,1,3,1,0,0,0,1,0,0,0,0,1,1,medio_baixo
1,10000.0,53,0.9622641509433962,5,1,1,0,0,0,0,0,0,0,0,0,1,medio_alto
12,35000.0,102,0.5588235294117647,1,1,1,0,0,0,0,0,1,0,0,0,0,baixo
3,75000.0,16,0.6875,1,3,1,0,0,0,1,0,0,1,0,0,1,medio_alto
3,0.0,0,0.0,4,3,1,0,0,0,0,0,0,0,0,1,0,gratuito
5,0.0,0,0.0,1,3,1,0,1,0,0,0,0,0,1,0,0,gratuito
1,10000.0,0,0.0,1,3,1,1,0,0,1,0,0,0,0,1,1,baixo
4,10000.0,50,0.58,4,3,1,0,0,0,1,0,0,1,0,1,0,baixo
3,350000.0,5443,0.3850817563843469,1,2,1,0,0,0,1,0,0,0,1,0,0,alto
3,10000.0,0,0.0,1,2,1,0,0,0,1,0,0,1,0,0,0,gratuito
9,10000.0,10,0.9,1,1,1,0,0,0,0,0,0,0,0,0,1,medio_alto
8,10000.0,37,0.8918918918918919,1,3,1,0,0,0,1,0,0,1,1,0,0,medio_baixo
9,10000.0,4,0.75,3,5,1,0,1,0,1,1,0,1,0,1,1,medio_alto
1,10000.0,0,0.0,1,3,1,0,0,2,1,0,1,0,1,0,0,alto
1,0.0,0,0.0,8,4,1,0,0,5,1,1,0,1,0,0,0,gratuito
3,10000.0,78,0.9871794871794872,9,1,1,0,0,0,0,0,1,0,0,0,0,medio_baixo
6,10000.0,0,0.0,1,5,1,0,0,0,1,1,0,1,1,0,1,baixo
1,10000.0,9,0.6666666666666666,1,3,1,0,0,0,1,1,1,0,0,0,0,medio_alto
1,0.0,0,0.0,0,0,1,0,0,0,0,0,0,0,0,0,0,gratuito
3,75000.0,5,0.8,1,3,1,0,0,0,1,0,1,1,0,0,0,baixo
2,10000.0,88,0.8409090909090909,5,5,1,0,0,1,1,0,0,1,1,1,0,alto
1,10000.0,0,0.0,1,1,1,1,0,0,0,0,0,0,0,1,0,alto
4,35000.0,39,1.0,1,3,1,0,0,0,1,0,0,1,1,0,0,gratuito
6,10000.0,74,0.9324324324324325,11,1,1,0,0,0,1,0,0,0,0,0,0,baixo
8,10000.0,46,0.782608695652174,1,2,1,0,0,0,1,0,0,1,0,0,0,baixo
2,0.0,0,0.0,1,2,1,0,0,1,0,1,0,0,0,0,0,gratuito
8,10000.0,20,0.9,1,4,1,0,0,0,1,1,1,1,0,0,0,baixo
1,10000.0,0,0.0,1,7,1,0,0,0,1,1,0,1,1,1,1,alto
1,10000.0,58,0.9655172413793104,5,2,1,0,0,1,1,1,0,0,0,0,0,alto
6,350000.0,970,0.8721649484536083,14,7,1,0,0,0,1,0,1,1,1,1,1,gratuito
8,10000.0,0,0.0,7,3,1,0,0,0,1,0,0,1,0,1,0,medio_alto
1,10000.0,4,0.75,30,2,1,0,0,0,1,1,0,0,0,0,0,baixo
1,10000.0,12,1.0,8,3,1,0,0,0,1,0,0,1,1,0,0,medio_baixo
5,35000.0,5331,0.9876195835678109,1,1,1,0,0,1,0,0,1,0,0,0,0,medio_alto
3,10000.0,10,1.0,103,2,1,0,0,0,1,0,0,1,0,0,0,medio_baixo
3,10000.0,5,0.6,1,3,1,0,0,0,0,1,1,0,0,0,1,medio_alto
12,10000.0,281,0.6654804270462633,1,2,1,1,1,0,1,0,0,0,0,0,0,medio_baixo
6,10000.0,0,0.0,6,3,1,1,0,0,1,0,0,0,1,1,0,medio_alto
4,10000.0,0,0.0,3,1,1,0,0,0,0,0,0,0,0,0,0,alto
8,150000.0,412,0.8325242718446602,1,2,1,1,1,1,1,0,0,0,0,0,0,medio_baixo
10,75000.0,159,0.6855345911949685,1,0,1,0,0,0,0,0,0,0,0,0,0,baixo
4,10000.0,1,0.0,1,2,1,0,0,0,1,1,0,0,0,0,0,medio_baixo
9,10000.0,105,0.5904761904761905,27,1,1,0,0,0,0,0,0,1,0,0,0,baixo
3,150000.0,2952,0.8031842818428184,11,4,1,0,0,0,0,0,0,0,1,1,1,alto
2,10000.0,160,0.7,6,1,1,0,0,1,0,0,0,1,0,0,0,medio_baixo
4,10000.0,16,1.0,5,3,1,0,0,0,1,0,0,1,0,0,0,medio_baixo
2,10000.0,0,0.0,5,2,1,1,0,0,1,0,1,0,0,0,0,baixo
4,10000.0,0,0.0,3,2,1,0,0,0,0,0,1,0,1,0,0,alto
5,10000.0,8,1.0,1,2,1,0,0,0,1,0,0,1,0,0,0,baixo
4,10000.0,10,0.2,1,4,1,0,0,0,1,1,1,0,1,0,0,medio_alto
1,0.0,0,0.0,0,0,1,0,0,0,0,0,0,0,0,0,0,gratuito
4,35000.0,17,0.7647058823529411,7,1,1,0,0,0,0,1,0,0,0,0,0,medio_baixo
4,10000.0,0,0.0,1,3,1,0,0,0,1,0,0,0,1,0,0,gratuito
1,10000.0,2,0.5,1,2,1,0,0,0,1,0,0,1,0,0,0,baixo
5,10000.0,25,0.4,1,4,1,0,0,0,1,1,0,0,0,0,0,alto
1,10000.0,0,0.0,12,5,1,0,0,3,1,0,0,1,0,1,1,alto
2,150000.0,13,0.15384615384615385,9,4,1,0,0,0,0,1,1,0,0,0,0,baixo
1,0.0,0,0.0,1,3,1,0,0,0,0,0,1,1,0,0,0,gratuito
3,10000.0,0,0.0,16,3,1,0,0,0,0,0,1,1,0,0,1,alto
8,10000.0,15,0.8666666666666667,1,2,1,0,0,0,1,1,0,0,0,0,0,gratuito
1,75000.0,525,0.9219047619047619,7,4,1,0,0,1,1,0,0,1,0,1,1,alto
1,10000.0,25,0.84,13,2,1,0,0,0,1,1,0,0,0,0,0,medio_baixo
8,10000.0,39,0.8461538461538461,1,1,1,1,0,1,1,0,0,0,0,0,0,baixo
1,0.0,0,0.0,1,4,1,0,0,0,1,0,0,0,0,1,0,gratuito
9,35000.0,14,0.5714285714285714,6,4,1,0,0,0,1,1,0,1,0,1,0,baixo
4,0.0,0,0.0,0,0,1,0,0,0,0,0,0,0,0,0,0,gratuito
2,10000.0,92,0.41304347826086957,8,2,1,0,0,0,0,0,0,1,0,0,1,alto
1,1500000.0,7483,0.49819591073099023,11,3,1,0,0,6,0,1,0,0,0,1,0,gratuito
1,0.0,0,0.0,1,4,1,0,0,0,1,0,1,1,0,0,0,gratuito
9,10000.0,58,0.8275862068965517,1,2,1,0,0,0,1,1,0,0,0,0,0,baixo
11,10000.0,32,0.5,1,2,1,0,1,0,0,1,0,0,0,0,1,baixo
5,35000.0,7,0.7142857142857143,1,2,1,0,0,0,0,1,1,0,0,0,0,medio_alto
7,75000.0,1107,0.989159891598916,1,3,1,0,0,0,1,0,0,1,1,0,0,gratuito
4,10000.0,0,0.0,2,4,1,0,0,0,1,0,1,1,0,0,0,medio_alto
8,10000.0,45,0.7777777777777778,1,4,1,0,0,0,1,1,1,0,1,0,0,alto
2,0.0,0,0.0,30,3,1,1,1,0,0,0,0,1,1,0,1,medio_alto
2,10000.0,1,0.0,1,1,1,0,0,1,0,0,0,0,1,0,0,alto
3,0.0,0,0.0,1,5,1,0,0,1,1,1,1,1,0,0,0,gratuito
2,0.0,0,0.0,1,1,1,0,0,0,0,0,0,0,0,0,1,gratuito
5,0.0,0,0.0,1,1,1,0,0,0,0,1,0,0,0,0,0,gratuito
6,10000.0,44,0.6363636363636364,2,3,1,1,0,0,1,1,1,0,0,0,0,baixo
10,10000.0,25,0.88,1,1,1,0,0,0,0,0,0,0,0,0,0,gratuito
1,0.0,0,0.0,1,3,1,0,0,0,0,1,1,1,0,0,0,medio_alto
1,0.0,0,0.0,0,0,1,0,0,0,0,0,0,0,0,0,0,gratuito
1,0.0,0,0.0,17,3,1,0,0,0,0,0,0,1,1,0,0,gratuito
2,3500000.0,95541,0.9602683664604724,17,3,1,0,1,0,1,1,0,0,0,0,1,medio_baixo
6,10000.0,0,0.0,1,2,1,0,0,2,1,0,0,1,0,0,0,baixo
5,10000.0,28,0.5714285714285714,1,4,1,0,0,0,1,1,0,0,0,1,0,medio_alto
9,10000.0,11,1.0,1,2,1,0,0,0,0,0,1,1,0,0,0,medio_alto
1,10000.0,15,1.0,1,2,1,0,0,0,1,0,1,0,0,0,0,medio_baixo
3,0.0,0,0.0,3,4,1,0,0,0,1,0,0,1,0,0,1,gratuito
1,10000.0,0,0.0,14,3,1,0,0,0,1,0,0,0,0,1,0,medio_baixo
3,10000.0,16,0.625,2,2,1,0,0,0,0,1,1,0,0,0,0,medio_baixo
7,35000.0,677,0.9098966026587888,1,2,1,0,0,0,1,0,0,1,0,0,0,baixo
3,10000.0,11,0.8181818181818182,2,6,1,0,0,0,1,1,0,1,0,0,1,medio_baixo
4,10000.0,1,0.0,1,4,1,0,0,0,1,0,1,0,1,0,0,medio_baixo
1,35000.0,12,1.0,1,1,1,0,0,0,0,0,0,0,1,0,0,alto
1,0.0,0,0.0,1,8,1,1,0,0,1,1,1,1,1,1,1,medio_alto
2,35000.0,1,1.0,1,2,1,0,0,0,1,1,0,0,0,0,0,alto
9,10000.0,2,0.0,1,2,1,0,0,0,0,0,0,0,0,1,0,medio_alto
1,10000.0,51,0.7843137254901961,6,1,1,0,0,0,0,0,1,0,0,0,0,alto
4,10000.0,1,1.0,2,4,1,0,0,0,1,1,1,0,1,0,0,baixo
5,10000.0,11,0.9090909090909091,1,3,1,0,0,0,1,1,0,0,0,0,0,alto
11,10000.0,35,0.8285714285714286,1,4,1,1,1,0,1,1,1,0,1,0,0,medio_alto
3,0.0,0,0.0,0,0,1,0,0,0,0,0,0,0,0,0,0,gratuito
6,75000.0,7,1.0,1,2,1,1,1,1,1,1,0,0,0,0,0,medio_baixo
6,75000.0,232,0.9870689655172413,1,4,1,0,0,0,1,0,1,1,0,0,0,gratuito
2,10000.0,114,0.956140350877193,11,4,1,0,0,0,1,0,1,0,1,0,1,medio_baixo
2,10000.0,6,0.16666666666666666,1,3,1,0,0,0,1,0,0,1,0,0,1,medio_alto
8,10000.0,3,0.0,1,3,1,1,1,0,1,0,1,0,1,0,0,medio_baixo
2,10000.0,5,1.0,8,2,1,1,0,0,1,0,0,1,0,0,0,medio_baixo
3,35000.0,31,0.9354838709677419,4,4,1,0,0,0,0,0,0,1,1,1,1,baixo
13,35000.0,71,0.4788732394366197,2,1,1,0,0,0,0,0,1,0,0,0,0,baixo
2,35000.0,1175,0.92,2,2,1,0,0,3,1,1,0,0,0,0,0,medio_baixo
4,10000.0,0,0.0,1,4,1,0,0,0,1,0,1,1,0,0,0,gratuito
2,10000.0,8,1.0,2,2,1,1,1,0,1,1,0,0,0,0,0,baixo
7,10000.0,0,0.0,1,6,1,0,0,0,1,0,1,1,0,1,1,baixo
11,10000.0,61,0.5081967213114754,1,2,1,0,0,0,1,1,0,0,0,0,0,medio_baixo
2,10000.0,7,0.8571428571428571,1,2,1,0,0,0,0,0,1,0,0,0,0,baixo
1,10000.0,9,1.0,10,1,1,0,0,0,0,1,0,0,0,0,0,medio_alto
6,75000.0,231,0.9653679653679653,15,3,1,1,1,0,1,1,0,1,0,0,0,baixo
6,10000.0,141,0.6028368794326241,1,3,1,1,1,0,1,0,0,1,0,0,1,medio_baixo
5,10000.0,0,0.0,1,2,1,0,0,2,1,0,0,1,0,0,0,baixo
1,0.0,0,0.0,103,3,1,0,0,0,1,0,0,1,0,0,1,medio_baixo
7,10000.0,18,0.8333333333333334,2,3,1,0,0,0,1,0,0,0,0,0,1,baixo
3,10000.0,3,1.0,7,1,1,1,0,0,0,0,0,1,0,0,0,medio_baixo
7,150000.0,115,0.3826086956521739,9,2,1,0,0,0,1,1,0,0,0,0,0,medio_baixo
3,10000.0,13,0.9230769230769231,1,3,1,0,0,0,1,1,0,0,0,0,0,gratuito
4,150000.0,923,0.9165763813651138,8,2,1,0,0,1,0,1,1,0,0,0,0,medio_alto
7,10000.0,478,0.8263598326359832,11,1,1,0,0,1,0,1,0,0,0,0,0,alto
3,10000.0,14,0.8571428571428571,1,4,1,0,0,0,1,1,1,0,1,0,0,baixo
8,10000.0,16,0.3125,1,2,1,0,0,0,1,0,0,0,0,0,1,baixo
9,10000.0,1,1.0,1,3,1,0,0,0,0,1,0,0,0,0,1,medio_alto
8,10000.0,13,0.6923076923076923,1,3,1,0,0,0,1,0,1,0,0,0,1,medio_baixo
5,10000.0,0,0.0,29,2,1,0,0,0,1,0,0,1,0,0,0,baixo
10,10000.0,36,0.7777777777777778,1,2,1,1,1,2,1,0,0,0,0,1,0,medio_alto
12,150000.0,539,0.7662337662337663,1,2,1,1,1,1,1,0,0,0,1,0,0,medio_baixo
1,0.0,0,0.0,0,0,1,0,0,0,0,0,0,0,0,0,0,gratuito
10,35000.0,223,0.874439461883408,1,1,1,0,0,0,0,0,0,0,0,1,0,alto
9,10000.0,6,0.8333333333333334,5,4,1,0,0,0,1,1,0,1,0,1,0,medio_alto
2,10000.0,0,0.0,1,4,1,0,0,0,1,0,1,1,1,0,0,alto
1,0.0,0,0.0,1,2,1,0,0,0,1,0,0,0,0,0,0,baixo
12,10000.0,160,0.91875,4,2,1,1,1,0,0,0,1,1,0,0,0,medio_alto
8,75000.0,664,0.891566265060241,1,5,1,0,0,0,1,0,1,1,0,1,0,gratuito
10,350000.0,3888,0.8963477366255144,5,2,1,1,0,3,1,1,0,0,0,0,0,baixo
4,35000.0,11,0.5454545454545454,1,2,1,1,1,0,1,0,0,0,1,0,0,medio_alto
9,10000.0,19,0.42105263157894735,1,1,1,1,0,0,0,0,0,0,0,1,0,alto
6,10000.0,10,0.9,1,3,1,0,0,0,1,0,0,1,0,0,1,medio_baixo
10,10000.0,59,0.6440677966101694,1,2,1,0,0,0,0,0,0,1,0,0,1,gratuito
1,10000.0,0,0.0,1,3,1,0,0,0,1,1,1,0,0,0,0,medio_alto
3,10000.0,80,0.975,2,3,1,0,0,0,1,0,1,1,0,0,0,alto
9,75000.0,15,0.8666666666666667,1,1,1,0,0,0,0,0,1,0,0,0,0,gratuito
9,10000.0,142,0.7605633802816901,1,2,1,1,0,0,1,0,0,1,0,0,0,alto
2,0.0,0,0.0,1,5,1,0,0,0,1,0,1,1,0,1,0,gratuito
1,0.0,0,0.0,1,3,1,0,0,0,1,0,0,1,0,0,1,medio_baixo
8,10000.0,6,1.0,1,3,1,1,0,0,1,1,0,1,0,0,0,medio_alto
1,150000.0,19,1.0,5,3,1,0,0,1,1,1,1,0,0,0,0,alto
11,150000.0,2524,0.768621236133122,16,1,1,1,0,1,0,0,0,0,0,0,1,medio_baixo
7,10000.0,30,0.5333333333333333,2,3,1,1,1,0,1,0,1,0,1,0,0,medio_baixo
10,10000.0,98,0.6938775510204082,1,3,1,1,0,0,1,0,1,1,0,0,0,medio_baixo
6,75000.0,10,0.4,1,3,1,0,0,0,1,0,0,1,0,1,0,baixo
8,10000.0,9,0.7777777777777778,1,4,1,0,0,0,1,1,1,1,0,0,0,baixo
2,0.0,0,0.0,103,6,1,0,0,0,1,1,1,1,1,0,1,baixo
1,0.0,0,0.0,0,0,1,0,0,0,0,0,0,0,0,0,0,gratuito
10,35000.0,30,0.7,1,6,1,0,0,0,1,1,1,1,1,1,0,baixo
4,0.0,0,0.0,1,4,1,0,0,0,1,1,0,1,0,0,0,gratuito
3,10000.0,30,0.7666666666666667,3,1,1,0,0,0,0,0,1,0,0,0,0,medio_alto
8,10000.0,22,0.7727272727272727,1,4,1,0,0,0,1,0,0,1,0,1,1,gratuito
2,10000.0,22,0.9090909090909091,1,2,1,1,0,0,0,0,0,1,0,0,0,medio_alto
1,10000.0,2,1.0,8,1,1,0,0,0,0,1,0,0,0,0,0,baixo
11,10000.0,90,0.6555555555555556,1,3,1,0,0,0,1,1,1,0,0,0,0,baixo
1,10000.0,0,0.0,1,2,1,0,0,0,0,1,0,0,0,0,0,medio_baixo
2,0.0,0,0.0,1,4,1,0,0,0,1,0,0,1,0,1,0,gratuito
3,1500000.0,79855,0.797858618746478,25,2,1,0,0,0,0,1,1,0,0,0,0,alto
4,35000.0,38,0.5526315789473685,1,3,1,0,0,0,1,1,1,0,0,0,0,medio_alto
1,10000.0,0,0.0,9,4,1,0,0,0,0,1,0,1,0,1,0,alto
8,10000.0,27,0.8148148148148148,9,3,1,1,1,1,1,0,1,1,0,0,0,medio_alto
8,10000.0,27,0.9259259259259259,1,6,1,0,0,0,1,1,0,1,0,0,1,alto
2,10000.0,1,1.0,1,3,1,0,0,0,1,0,0,0,1,0,1,baixo
5,35000.0,136,0.8897058823529411,1,2,1,0,0,3,1,1,0,0,0,0,0,baixo
3,0.0,0,0.0,3,3,1,0,0,0,0,0,0,0,1,1,0,gratuito
3,10000.0,72,0.8055555555555556,10,5,1,0,0,0,1,0,0,1,0,1,1,alto
8,10000.0,57,0.8245614035087719,2,4,1,1,0,0,1,1,1,0,0,0,1,alto
2,10000.0,4,0.25,1,3,1,0,1,0,0,0,0,0,1,0,1,alto
6,10000.0,59,0.7627118644067796,11,3,1,0,0,1,1,1,1,0,0,0,0,medio_baixo
1,0.0,0,0.0,1,3,1,0,0,0,1,0,0,1,0,0,0,baixo
1,0.0,0,0.0,6,2,1,0,0,0,0,1,0,0,0,0,0,gratuito
2,10000.0,0,0.0,1,3,1,0,0,0,0,1,1,0,0,0,0,gratuito
5,10000.0,0,0.0,1,2,1,0,0,0,1,0,0,1,0,0,0,baixo
2,0.0,0,0.0,0,0,1,0,0,0,0,0,0,0,0,0,0,gratuito
7,10000.0,65,0.8153846153846154,1,3,1,0,0,0,1,0,0,1,0,1,0,baixo
1,0.0,0,0.0,0,0,1,0,0,0,0,0,0,0,0,0,0,gratuito
2,10000.0,4,0.75,2,3,1,0,0,0,0,1,1,0,0,0,1,medio_baixo
13,1500000.0,7291,0.8356878343162804,7,2,1,1,0,0,1,0,0,0,0,0,1,baixo
2,10000.0,9,1.0,1,3,1,0,0,0,1,1,0,1,0,0,0,baixo
2,10000.0,57,0.8947368421052632,3,1,1,0,0,0,1,0,0,0,0,0,0,baixo
5,35000.0,2175,0.7613793103448275,1,1,1,0,0,3,0,0,0,0,0,1,0,alto
1,10000.0,0,0.0,1,6,1,0,0,0,1,1,1,0,1,0,1,alto
1,10000.0,7,1.0,11,3,1,0,1,0,0,1,1,1,0,0,0,medio_baixo
4,10000.0,5,0.8,1,3,1,0,0,2,1,1,1,0,0,0,0,baixo
3,0.0,0,0.0,0,0,1,0,0,0,0,0,0,0,0,0,0,gratuito
2,10000.0,2,0.5,1,3,1,0,0,0,1,0,0,1,0,1,0,alto
3,0.0,0,0.0,0,0,1,0,0,0,0,0,0,0,0,0,0,gratuito
1,0.0,0,0.0,0,0,1,0,0,0,0,0,0,0,0,0,0,gratuito
1,0.0,0,0.0,0,0,1,0,0,0,0,0,0,0,0,0,0,gratuito
7,10000.0,4,0.5,1,3,1,1,1,0,1,1,0,0,0,1,0,medio_baixo
1,10000.0,8,1.0,1,1,1,0,0,0,0,0,0,0,1,0,0,baixo
5,10000.0,11,0.8181818181818182,4,3,1,0,0,0,0,0,0,1,0,1,1,alto
6,10000.0,30,0.6666666666666666,2,3,1,0,0,0,1,1,0,0,1,0,0,baixo
1,10000.0,127,0.952755905511811,8,3,1,0,0,0,1,0,0,1,0,0,0,medio_alto
6,10000.0,25,0.88,1,1,1,0,0,0,0,0,0,1,0,0,0,baixo
2,10000.0,2,1.0,2,4,1,0,0,0,1,0,1,0,1,0,0,medio_alto
9,10000.0,7,0.7142857142857143,1,3,1,0,0,0,1,1,0,1,0,0,0,baixo
8,35000.0,669,0.375186846038864,27,1,1,0,0,0,0,1,0,0,0,0,0,medio_baixo
9,10000.0,43,0.7209302325581395,8,3,1,1,1,0,1,0,0,1,0,1,0,medio_baixo
1,10000.0,2,1.0,3,3,1,0,0,0,1,1,0,1,0,0,0,baixo
9,10000.0,23,0.8260869565217391,1,2,1,0,0,10,1,0,0,0,1,0,0,gratuito
7,10000.0,17,0.6470588235294118,103,5,1,0,0,0,1,0,1,1,0,1,1,baixo
8,10000.0,12,0.8333333333333334,5,2,1,0,0,0,0,0,0,0,0,0,1,alto
4,0.0,0,0.0,0,0,1,0,0,0,0,0,0,0,0,0,0,gratuito
4,10000.0,6,0.3333333333333333,1,3,1,1,1,0,1,1,1,0,0,0,0,medio_alto
1,10000.0,0,0.0,5,3,1,0,0,0,0,0,0,0,0,0,0,medio_alto
5,150000.0,4546,0.8970523537175539,2,2,1,0,0,0,1,0,0,0,0,0,1,medio_baixo
2,10000.0,0,0.0,9,5,1,0,0,0,1,1,0,1,0,0,0,gratuito
2,10000.0,2,1.0,1,1,1,1,0,0,0,0,0,0,0,1,0,medio_baixo
8,350000.0,2696,0.6943620178041543,9,2,1,0,0,1,0,1,0,0,1,0,0,alto
3,10000.0,0,0.0,1,2,1,0,0,2,1,0,0,1,0,0,0,baixo
6,35000.0,1,1.0,1,4,1,0,0,0,1,1,1,0,1,0,0,medio_baixo
8,10000.0,12,0.8333333333333334,1,2,1,0,0,0,0,0,0,1,0,1,0,medio_baixo
4,10000.0,0,0.0,6,1,1,0,0,0,1,0,0,0,0,0,0,medio_baixo
1,10000.0,0,0.0,1,5,1,1,0,0,1,1,0,1,0,0,0,medio_alto
12,1500000.0,2926,0.6117566643882434,1,3,1,0,0,1,1,1,1,0,0,0,0,baixo
4,0.0,0,0.0,1,2,1,0,0,0,1,1,0,0,0,0,0,gratuito
2,0.0,0,0.0,1,5,1,1,0,0,1,1,0,1,0,1,0,gratuito
10,10000.0,302,0.8576158940397351,2,1,1,0,0,1,0,1,0,0,0,0,0,medio_baixo
11,35000.0,1433,0.9623168178646196,2,1,1,1,1,0,1,0,0,0,0,0,0,medio_baixo
9,10000.0,107,0.7850467289719626,1,2,1,0,0,0,0,0,0,0,0,1,1,medio_alto
1,0.0,0,0.0,11,1,1,1,1,0,0,0,0,1,0,0,0,medio_baixo
4,10000.0,19,0.5789473684210527,1,5,1,0,0,0,1,1,1,0,0,0,0,gratuito
3,10000.0,0,0.0,1,4,1,1,1,0,1,0,1,1,1,0,0,medio_baixo
2,10000.0,0,0.0,1,3,1,0,0,0,1,1,0,1,0,0,0,medio_baixo
3,10000.0,51,0.9215686274509803,1,4,1,0,0,0,1,0,1,1,0,0,1,baixo
2,75000.0,585,0.9008547008547009,29,3,1,0,0,3,1,0,1,1,0,0,0,medio_baixo
3,10000.0,0,0.0,1,3,1,1,0,0,1,1,0,1,0,0,0,alto
2,0.0,0,0.0,1,3,1,0,0,0,1,0,1,0,0,0,0,gratuito
1,0.0,0,0.0,9,3,1,0,0,0,0,0,0,0,1,1,0,gratuito
7,10000.0,10,1.0,2,2,1,0,0,0,1,0,1,0,0,0,0,alto
3,10000.0,2,1.0,11,1,1,1,0,0,0,0,0,1,0,0,0,medio_alto
1,0.0,0,0.0,0,0,1,0,0,0,0,0,0,0,0,0,0,gratuito
1,35000.0,16,0.5,1,3,1,0,0,0,1,1,1,0,0,0,0,baixo
2,0.0,0,0.0,1,2,1,1,1,1,0,1,0,0,0,0,0,gratuito
4,10000.0,8,0.875,7,1,1,0,0,0,0,0,0,0,0,0,0,medio_baixo
4,75000.0,8,0.625,1,2,1,0,0,0,0,0,0,1,1,0,0,alto
11,10000.0,1387,0.8356164383561644,14,6,1,0,0,8,1,1,0,1,1,1,1,medio_alto
6,10000.0,19,0.6842105263157895,1,2,1,0,1,1,1,1,0,0,0,0,0,baixo
8,35000.0,697,0.9469153515064562,4,3,1,1,1,0,1,0,0,1,0,0,0,gratuito
8,10000.0,81,0.8024691358024691,2,3,1,0,0,1,0,0,1,0,1,1,0,medio_alto
2,10000.0,7,1.0,1,3,1,0,0,0,1,1,1,0,0,0,0,alto
15,3500000.0,64276,0.9154116622067334,8,1,1,1,1,8,0,0,0,0,0,1,0,medio_alto
1,0.0,0,0.0,1,2,1,0,0,0,0,0,0,1,0,0,0,gratuito
2,10000.0,142,0.9154929577464789,5,2,1,1,0,2,1,0,0,1,0,0,0,medio_alto
1,0.0,0,0.0,1,3,1,0,0,0,0,1,0,0,1,0,0,gratuito
2,10000.0,4,1.0,2,5,1,0,0,0,1,1,1,1,0,0,0,gratuito
3,3500000.0,75995,0.5905651687611027,16,6,1,0,0,15,1,1,1,0,1,0,0,alto
11,10000.0,27,0.7037037037037037,1,2,1,0,0,1,1,0,0,1,0,0,0,medio_alto
5,10000.0,0,0.0,1,3,1,0,0,0,1,0,1,0,0,1,0,alto
5,0.0,0,0.0,1,4,1,0,0,0,1,1,0,1,0,0,0,gratuito
1,0.0,0,0.0,4,3,1,0,0,0,1,0,1,1,0,0,0,alto
4,35000.0,40,0.4,1,1,1,0,0,0,1,0,0,0,0,0,0,baixo
10,10000.0,132,0.5984848484848485,1,2,1,1,1,0,1,0,1,0,0,0,0,baixo
2,35000.0,21,0.8095238095238095,1,2,1,0,0,0,1,1,0,0,0,0,0,medio_baixo
1,10000.0,0,0.0,1,3,1,0,0,0,1,0,0,1,0,0,1,baixo
3,10000.0,14,0.8571428571428571,7,2,1,0,0,0,1,0,1,0,0,0,0,medio_alto
5,0.0,0,0.0,0,0,1,0,0,0,0,0,0,0,0,0,0,gratuito
1,35000.0,1274,0.8634222919937206,4,1,1,0,0,4,0,1,0,0,0,0,0,alto
4,10000.0,17,0.9411764705882353,6,4,1,0,0,0,1,1,1,1,0,0,0,baixo
1,0.0,0,0.0,1,2,1,1,0,0,1,0,0,1,0,0,0,alto
2,10000.0,22,0.8181818181818182,7,3,1,0,0,0,0,1,0,1,0,0,0,gratuito
3,35000.0,1077,0.9916434540389972,5,5,1,0,0,0,1,1,1,1,0,1,0,medio_alto
8,35000.0,43,0.6744186046511628,1,4,1,0,0,0,1,1,1,0,0,0,0,gratuito
1,0.0,0,0.0,0,0,1,0,0,0,0,0,0,0,0,0,0,gratuito
10,10000.0,55,0.8909090909090909,1,1,1,1,0,0,0,0,0,1,0,0,0,baixo
4,75000.0,5,1.0,2,3,1,0,0,0,0,0,0,1,1,1,0,baixo
5,10000.0,0,0.0,16,1,1,0,0,0,0,0,0,1,0,0,0,baixo
2,10000.0,6,0.8333333333333334,1,3,1,0,0,0,1,0,1,0,1,0,0,medio_baixo
6,75000.0,170,0.8235294117647058,1,3,1,0,0,0,0,0,0,0,1,1,1,medio_baixo
4,10000.0,5,0.6,1,3,1,0,0,0,1,0,0,1,0,1,0,medio_alto
5,0.0,0,0.0,0,0,1,0,0,0,0,0,0,0,0,0,0,gratuito
1,0.0,0,0.0,4,4,1,0,0,0,1,1,0,1,0,0,0,alto
1,10000.0,0,0.0,1,4,1,0,0,0,1,0,0,0,0,1,1,alto
2,10000.0,7,0.5714285714285714,12,4,1,1,1,0,1,0,0,1,0,1,1,baixo
2,10000.0,2,0.5,1,4,1,0,0,0,1,1,1,0,0,0,0,medio_alto
1,10000.0,0,0.0,13,5,1,1,0,0,1,0,1,1,1,0,1,medio_alto
3,35000.0,535,0.8672897196261682,5,2,1,0,0,0,0,1,1,0,0,0,0,alto
1,10000.0,0,0.0,1,2,1,0,0,0,1,1,0,0,0,0,0,medio_alto
7,10000.0,56,0.8571428571428571,1,1,1,0,0,0,0,0,1,0,0,0,0,baixo
7,10000.0,5,0.4,1,3,1,0,0,0,1,1,1,0,0,0,0,medio_baixo
2,0.0,0,0.0,0,0,1,0,0,0,0,0,0,0,0,0,0,gratuito
1,10000.0,10,0.7,1,3,1,0,0,1,1,0,1,0,0,0,1,medio_baixo
3,10000.0,19,0.47368421052631576,1,4,1,0,0,0,1,0,1,1,0,0,1,medio_baixo
9,10000.0,8,0.625,1,4,1,0,0,0,1,0,1,1,0,0,1,baixo
1,0.0,0,0.0,27,2,1,1,1,0,1,0,0,0,0,0,1,baixo
4,10000.0,2,1.0,1,3,1,0,0,0,1,0,0,1,0,1,0,medio_alto
1,0.0,0,0.0,4,2,1,0,0,1,0,1,0,0,1,0,0,alto
6,35000.0,61,0.8688524590163934,2,3,1,1,0,0,1,0,1,0,0,0,0,gratuito
7,10000.0,112,0.5625,1,5,1,0,0,0,1,1,1,0,1,0,0,alto
4,10000.0,69,0.6956521739130435,11,2,1,0,0,0,1,0,1,0,0,0,0,baixo
18,35000.0,226,0.7964601769911505,3,2,1,0,0,0,0,0,0,0,0,1,1,baixo
4,10000.0,92,0.782608695652174,5,4,1,0,0,0,1,1,1,0,1,0,0,baixo
5,10000.0,243,0.8395061728395061,7,2,1,0,0,1,1,0,0,0,0,1,0,alto
1,10000.0,0,0.0,31,2,1,0,0,0,1,0,0,1,0,0,0,baixo
5,35000.0,1,1.0,14,2,1,0,0,0,1,1,0,0,0,0,0,alto
2,10000.0,0,0.0,1,2,1,0,0,0,0,0,0,1,1,0,0,medio_alto
7,10000.0,11,1.0,1,2,1,0,0,0,1,0,0,1,0,0,0,medio_alto
12,10000.0,30,0.8,1,2,1,1,1,0,1,0,0,0,1,0,0,medio_baixo
3,10000.0,0,0.0,1,5,1,0,0,0,1,0,1,1,0,1,0,medio_alto
1,10000.0,153,0.9607843137254902,6,1,1,0,0,0,1,0,0,0,0,0,0,medio_alto
1,0.0,0,0.0,0,0,1,0,0,0,0,0,0,0,0,0,0,gratuito
9,35000.0,272,0.7279411764705882,1,3,1,1,1,3,1,0,1,1,0,0,0,baixo
1,10000.0,20,0.95,1,4,1,0,0,0,0,0,0,0,0,0,0,gratuito
3,10000.0,2,0.5,2,3,1,0,0,0,1,1,1,0,0,0,0,baixo
11,35000.0,105,0.7523809523809524,1,1,1,0,0,0,0,0,1,0,0,0,0,medio_alto
11,35000.0,145,0.8551724137931035,1,4,1,0,0,0,0,0,0,0,0,0,0,medio_baixo
1,10000.0,0,0.0,1,3,1,0,0,0,1,0,0,1,0,0,1,baixo
8,10000.0,15,0.6,1,3,1,0,0,0,1,0,0,0,0,0,1,gratuito
11,10000.0,12,1.0,1,1,1,1,0,0,0,0,0,0,0,1,0,gratuito
14,150000.0,122,0.5491803278688525,2,3,1,0,0,1,1,1,0,0,0,1,0,baixo
1,10000.0,0,0.0,2,2,1,0,0,0,0,1,1,0,0,0,0,alto
5,10000.0,1,1.0,4,4,1,0,0,1,1,1,0,0,0,0,0,alto
1,10000.0,0,0.0,12,7,1,0,0,0,1,0,1,1,0,0,1,medio_baixo
1,10000.0,0,0.0,4,3,1,0,0,0,1,1,0,1,0,0,0,alto
7,10000.0,20,0.75,8,5,1,0,0,0,1,1,1,1,0,0,0,medio_baixo
5,10000.0,47,0.7021276595744681,1,1,1,0,0,0,0,0,0,1,0,0,0,medio_alto
5,35000.0,51,0.8823529411764706,2,2,1,0,0,0,0,0,0,1,0,1,0,medio_baixo
2,10000.0,5,0.6,1,3,1,0,0,0,1,0,0,1,0,0,0,alto
4,35000.0,1045,0.7043062200956938,8,3,1,0,0,0,1,0,0,1,0,0,1,medio_baixo
9,10000.0,80,0.7625,3,4,1,0,0,0,1,1,0,1,0,0,0,gratuito
2,10000.0,14,1.0,3,3,1,0,0,0,1,0,1,1,0,0,0,medio_alto
8,10000.0,23,0.34782608695652173,1,7,1,0,0,0,1,1,1,1,1,1,1,baixo
9,10000.0,4,0.5,1,2,1,0,0,0,0,1,0,0,0,0,0,medio_alto
1,10000.0,7,1.0,6,3,1,0,0,0,1,0,1,1,0,0,0,medio_baixo
2,0.0,0,0.0,0,0,1,0,0,0,0,0,0,0,0,0,0,gratuito
2,10000.0,51,0.7647058823529411,1,2,1,0,0,0,0,1,1,0,0,0,0,medio_baixo
2,10000.0,0,0.0,1,4,1,0,0,0,0,1,0,0,0,0,1,gratuito
7,35000.0,384,0.8567708333333334,2,4,1,0,0,1,1,0,1,1,1,0,0,baixo
2,10000.0,0,0.0,1,3,1,0,0,0,1,1,0,0,1,0,0,alto
5,10000.0,16,0.875,4,1,1,0,0,1,0,0,0,1,0,0,0,medio_alto
7,10000.0,23,0.9565217391304348,1,1,1,0,0,0,1,0,0,0,0,0,0,baixo
2,10000.0,195,0.9282051282051282,3,4,1,0,0,0,1,1,1,0,0,0,0,alto
2,0.0,0,0.0,2,4,1,0,0,0,1,1,0,1,0,0,0,gratuito
4,750000.0,3811,0.9141957491472055,12,1,1,0,0,1,0,0,0,0,1,0,0,alto
1,10000.0,0,0.0,1,5,1,0,0,0,1,0,1,1,0,0,1,baixo
6,10000.0,2,0.5,8,4,1,0,0,1,1,0,0,1,1,0,0,alto
7,10000.0,14,0.6428571428571429,2,9,1,0,0,0,1,1,1,1,1,1,1,baixo
2,10000.0,2,1.0,1,1,1,0,0,0,0,0,0,1,0,0,0,medio_alto
2,10000.0,53,0.8113207547169812,1,2,1,1,1,0,1,0,0,0,0,1,0,medio_alto
2,150000.0,100,0.64,5,5,1,0,0,0,0,1,0,1,1,0,1,gratuito
6,10000.0,11,0.9090909090909091,6,3,1,0,0,0,1,1,0,0,0,1,0,medio_baixo
2,10000.0,64,0.984375,1,2,1,0,0,0,1,0,1,0,0,0,0,medio_baixo
2,10000.0,0,0.0,4,4,1,0,0,0,0,1,0,0,1,1,0,medio_baixo
4,10000.0,12,0.9166666666666666,1,3,1,0,0,0,1,0,1,1,0,0,0,medio_baixo
10,350000.0,1979,0.7347145022738757,1,1,1,0,0,0,0,1,0,0,0,0,0,baixo
3,10000.0,1,0.0,8,2,1,0,0,0,1,0,0,1,0,0,0,baixo
17,350000.0,1185,0.6886075949367089,3,2,1,0,0,3,0,0,0,0,0,1,1,medio_baixo
1,10000.0,2,0.5,8,1,1,0,0,0,0,0,1,0,0,0,0,medio_alto
2,10000.0,5,1.0,1,3,1,0,0,0,1,1,0,0,1,0,0,medio_baixo
4,350000.0,2684,0.6807004470938898,7,2,1,0,0,2,0,1,1,0,0,0,0,medio_alto
12,3500000.0,52237,0.9347971744166013,1,2,1,0,0,0,1,0,0,0,0,0,1,medio_alto
2,10000.0,38,0.6578947368421053,1,3,1,0,0,0,0,1,0,0,0,1,0,gratuito
5,10000.0,5,1.0,3,2,1,0,1,0,1,1,0,0,0,0,0,baixo
1,10000.0,20,0.95,6,2,1,1,0,1,1,0,1,0,0,0,0,medio_baixo
4,35000.0,2,0.5,2,2,1,0,0,0,0,0,1,1,0,0,0,alto
3,75000.0,22,0.13636363636363635,1,7,1,0,0,0,1,1,1,0,1,1,0,alto
3,10000.0,9,0.7777777777777778,5,3,1,1,0,0,0,0,0,1,0,1,1,medio_baixo
1,10000.0,0,0.0,7,3,1,1,0,0,1,0,0,0,1,1,0,alto
2,10000.0,5,1.0,5,4,1,0,0,0,1,0,1,1,0,0,1,medio_baixo
9,75000.0,1764,0.8866213151927438,1,4,1,1,1,0,1,0,1,1,0,0,0,gratuito
7,10000.0,1,1.0,5,3,1,0,0,0,1,1,1,0,0,0,0,medio_alto
8,10000.0,16,0.875,1,3,1,0,0,0,1,1,0,0,0,1,0,medio_alto
8,10000.0,55,0.41818181818181815,1,4,1,0,0,0,1,0,0,1,0,1,1,medio_alto
3,0.0,0,0.0,30,2,1,0,0,0,0,0,0,1,0,0,1,medio_baixo
1,10000.0,12,0.9166666666666666,1,6,1,0,0,0,1,1,1,0,1,1,0,medio_alto
9,10000.0,4,0.75,1,2,1,0,0,0,1,1,0,0,0,0,0,baixo
3,150000.0,35,0.9142857142857143,1,2,1,0,0,0,1,0,0,1,0,0,0,baixo
2,0.0,0,0.0,0,0,1,0,0,0,0,0,0,0,0,0,0,gratuito
9,350000.0,2802,0.7890792291220556,6,6,1,1,1,0,1,1,1,0,1,1,1,alto
5,10000.0,30,0.8666666666666667,1,5,1,1,1,0,0,0,0,0,0,0,0,alto
1,0.0,0,0.0,1,4,1,0,0,0,1,0,0,1,0,1,0,gratuito
1,10000.0,0,0.0,13,3,1,1,1,0,1,0,0,1,0,1,0,baixo
3,10000.0,25,0.92,1,3,1,0,0,0,0,1,0,0,0,0,0,alto
3,0.0,0,0.0,0,0,1,0,0,0,0,0,0,0,0,0,0,gratuito
2,35000.0,165,0.9515151515151515,5,3,1,0,1,0,1,1,0,0,1,0,0,medio_baixo
2,10000.0,9,1.0,1,4,1,1,0,0,1,0,0,1,0,1,0,medio_baixo
5,10000.0,6,1.0,1,2,1,1,0,0,0,0,0,1,0,1,0,medio_alto
1,0.0,0,0.0,2,5,1,0,0,0,1,0,1,1,0,1,1,baixo
3,10000.0,16,1.0,1,3,1,0,0,0,1,1,1,0,0,0,0,alto
5,10000.0,54,0.8703703703703703,1,1,1,1,0,4,0,0,0,0,1,0,0,medio_baixo
10,10000.0,18,0.8888888888888888,20,3,1,0,0,0,1,0,0,1,0,0,0,medio_baixo
3,10000.0,9,0.4444444444444444,1,1,1,0,0,0,0,0,0,0,0,1,0,alto
9,10000.0,1,0.0,1,3,1,0,0,0,0,0,1,1,0,0,0,medio_alto
4,10000.0,22,0.7727272727272727,1,2,1,0,0,0,1,1,0,0,0,0,0,medio_alto
1,10000.0,3,0.3333333333333333,1,2,1,0,0,0,1,0,1,0,0,0,0,medio_alto
7,10000.0,29,0.8620689655172413,29,3,1,0,0,1,1,0,1,1,0,0,0,baixo
10,10000.0,20,0.25,1,8,1,0,0,0,1,1,1,0,0,0,0,medio_alto
3,10000.0,0,0.0,1,1,1,0,0,0,0,0,0,1,0,0,0,medio_baixo
10,10000.0,40,0.675,1,2,1,1,0,1,0,0,0,0,0,0,0,alto
3,10000.0,21,0.9523809523809523,2,2,1,0,0,0,1,1,0,0,0,0,0,baixo
1,0.0,0,0.0,0,0,1,0,0,0,0,0,0,0,0,0,0,gratuito
5,750000.0,6102,0.8661094723041626,5,3,1,0,0,6,0,0,0,0,1,1,1,alto
16,150000.0,352,0.625,2,1,1,0,0,0,0,0,0,0,0,1,0,baixo
3,10000.0,0,0.0,3,2,1,1,1,0,1,0,1,0,0,0,0,medio_alto
9,10000.0,124,0.9032258064516129,6,2,1,0,0,1,1,0,0,0,0,1,0,medio_alto
9,35000.0,427,0.9601873536299765,1,3,1,1,1,0,1,0,1,0,0,0,1,medio_alto
1,10000.0,0,0.0,10,2,1,0,0,0,0,0,0,1,0,0,1,baixo
1,0.0,0,0.0,1,2,1,0,0,0,0,1,0,1,0,0,0,baixo
2,10000.0,136,0.9191176470588235,1,4,1,1,0,0,0,1,1,0,1,0,0,alto
6,10000.0,50,1.0,1,2,1,0,0,2,1,0,1,0,0,0,0,baixo
2,150000.0,1576,0.942258883248731,12,1,1,0,0,1,0,1,0,0,0,0,0,alto
3,10000.0,31,0.8064516129032258,4,2,1,0,0,2,0,0,0,1,1,0,0,medio_baixo
7,10000.0,7,0.7142857142857143,1,4,1,0,0,0,1,0,1,0,0,1,1,medio_alto
2,35000.0,15,0.6666666666666666,1,4,1,0,0,0,1,1,1,0,0,0,1,medio_baixo
1,10000.0,0,0.0,2,1,1,0,0,0,0,0,1,0,0,0,0,baixo
1,0.0,0,0.0,1,2,1,0,0,0,1,0,1,0,0,0,0,baixo
7,10000.0,5,0.0,1,4,1,0,0,0,1,1,1,0,1,0,0,medio_alto
4,0.0,0,0.0,0,0,1,0,0,0,0,0,0,0,0,0,0,gratuito
6,10000.0,82,0.8414634146341463,1,1,1,0,0,1,1,0,0,0,0,0,0,medio_alto
1,0.0,0,0.0,1,3,1,1,0,0,0,1,0,0,0,1,0,gratuito
1,0.0,0,0.0,0,0,1,0,0,0,0,0,0,0,0,0,0,gratuito
2,10000.0,13,1.0,19,1,1,0,0,0,0,0,0,0,0,1,0,medio_baixo
12,10000.0,32,0.875,2,2,1,0,0,1,1,0,1,0,0,0,0,baixo
2,10000.0,3,1.0,1,4,1,0,0,0,0,1,1,0,0,0,1,medio_baixo
2,10000.0,0,0.0,1,4,1,0,0,0,1,0,1,1,0,0,0,medio_baixo
3,35000.0,176,0.9375,4,1,1,0,0,1,0,0,0,1,0,0,0,baixo
1,0.0,0,0.0,1,4,1,0,0,0,1,0,1,1,0,0,0,gratuito
3,10000.0,16,0.8125,1,1,1,0,0,0,0,1,0,0,0,0,0,medio_baixo
5,10000.0,98,0.9387755102040817,1,4,1,1,0,2,1,1,1,0,0,0,0,gratuito
3,10000.0,86,0.6627906976744186,3,4,1,0,0,0,1,0,0,0,0,1,1,alto
3,10000.0,11,1.0,2,3,1,0,0,0,1,0,0,1,0,1,0,medio_baixo
9,10000.0,98,0.7346938775510204,1,1,1,0,0,0,0,0,0,0,1,0,0,medio_baixo
4,10000.0,56,0.8571428571428571,1,1,1,0,0,0,0,0,0,0,0,0,1,medio_alto
3,10000.0,4,0.0,1,3,1,0,0,0,1,0,1,1,0,0,0,alto
5,10000.0,16,0.9375,1,3,1,0,0,0,1,1,0,1,0,0,0,alto
2,10000.0,0,0.0,1,7,1,0,0,0,0,0,0,0,0,0,0,alto
9,10000.0,15,0.5333333333333333,1,5,1,0,0,0,1,1,1,1,0,0,1,medio_baixo
6,10000.0,6,0.8333333333333334,1,1,1,1,1,0,1,0,0,0,0,0,0,medio_alto
7,10000.0,69,0.7536231884057971,6,4,1,0,0,0,1,0,0,1,0,1,1,medio_baixo
2,10000.0,79,0.7215189873417721,1,2,1,1,0,0,1,0,0,0,0,1,0,alto
3,10000.0,5,0.8,1,5,1,0,0,0,1,0,1,1,1,1,0,medio_alto
1,10000.0,0,0.0,1,2,1,0,0,0,1,0,0,0,1,0,0,alto
6,10000.0,46,0.9565217391304348,1,4,1,1,1,0,1,0,1,1,1,0,0,medio_alto
2,10000.0,125,0.992,8,2,1,0,0,0,1,0,0,1,0,0,0,alto
1,10000.0,1,1.0,3,3,1,0,0,0,1,0,1,1,0,0,0,alto
1,10000.0,106,0.9905660377358491,1,6,1,1,0,0,1,0,1,1,1,1,1,alto
6,10000.0,857,0.7106184364060677,1,3,1,0,0,0,1,0,0,0,0,0,1,baixo
1,10000.0,21,0.9523809523809523,5,4,1,0,0,0,0,1,0,0,0,0,1,medio_alto
10,10000.0,24,0.7916666666666666,1,3,1,0,0,0,1,0,0,1,0,1,0,baixo
2,10000.0,31,0.7419354838709677,1,3,1,0,0,4,1,1,1,0,0,0,0,alto
4,10000.0,17,0.6470588235294118,1,5,1,0,0,0,1,0,1,0,0,1,0,gratuito
1,10000.0,28,0.9642857142857143,1,2,1,0,1,0,0,1,0,0,0,1,0,medio_alto
7,75000.0,1459,0.9040438656614119,11,1,1,0,0,0,0,0,1,0,0,0,0,medio_baixo
1,0.0,0,0.0,1,3,1,0,0,0,1,1,0,1,0,0,0,baixo
1,0.0,0,0.0,1,5,1,0,0,0,0,0,1,1,1,1,0,gratuito
1,10000.0,0,0.0,2,1,1,1,0,0,0,0,1,0,0,0,0,medio_baixo
1,10000.0,0,0.0,10,2,1,0,0,0,1,0,0,1,0,0,0,alto
2,10000.0,0,0.0,1,5,1,0,0,0,1,1,0,0,0,1,1,medio_alto
10,75000.0,152,0.46710526315789475,9,3,1,0,0,0,1,0,0,0,1,1,0,baixo
1,0.0,0,0.0,1,3,1,0,0,0,1,0,0,1,0,0,0,gratuito
4,10000.0,3,1.0,1,1,1,0,0,0,0,1,0,0,0,0,0,medio_baixo
1,0.0,0,0.0,1,2,1,1,1,0,0,0,0,0,0,0,0,gratuito
1,0.0,0,0.0,0,0,1,0,0,0,0,0,0,0,0,0,0,gratuito
10,35000.0,1032,0.9253875968992248,4,1,1,0,0,0,0,0,0,1,0,0,0,medio_alto
1,0.0,0,0.0,0,0,1,0,0,0,0,0,0,0,0,0,0,gratuito
5,10000.0,13,0.7692307692307693,4,3,1,1,0,0,0,0,0,1,0,1,1,medio_baixo
8,10000.0,9,0.4444444444444444,2,2,1,0,0,0,1,0,0,1,0,0,0,baixo
5,35000.0,234,0.5811965811965812,2,3,1,0,0,0,1,0,0,0,0,1,0,alto
4,10000.0,123,0.8048780487804879,4,3,1,0,0,0,0,1,1,0,0,1,0,medio_baixo
9,10000.0,172,0.6627906976744186,4,5,1,0,0,0,1,0,0,1,1,1,1,alto
1,10000.0,0,0.0,4,2,1,0,0,0,1,0,0,1,0,0,0,medio_alto
2,10000.0,5,1.0,10,2,1,0,0,0,1,0,0,1,0,0,0,baixo
7,10000.0,5,1.0,2,3,1,0,0,0,1,0,0,1,0,1,0,medio_baixo
2,0.0,0,0.0,0,0,1,0,0,0,0,0,0,0,0,0,0,gratuito
3,350000.0,12,0.8333333333333334,1,4,1,0,0,0,1,0,0,1,0,0,1,gratuito
7,10000.0,1,1.0,1,1,1,0,0,0,1,0,0,0,0,0,0,medio_baixo
5,1500000.0,42367,0.9362711544362358,12,6,1,1,0,5,1,1,1,1,0,0,0,gratuito
5,35000.0,98,0.46938775510204084,3,5,1,1,0,4,1,1,0,0,1,1,0,gratuito
6,10000.0,0,0.0,1,4,1,0,0,0,1,0,0,1,0,0,1,baixo
2,10000.0,0,0.0,12,3,1,1,1,0,1,0,0,1,0,1,0,baixo
2,10000.0,8,0.875,10,5,1,0,0,0,1,0,1,1,0,0,1,gratuito
10,350000.0,758,0.6437994722955145,1,3,1,0,0,0,1,0,0,1,0,1,0,gratuito
5,10000.0,5,0.8,2,2,1,0,0,0,1,0,1,0,0,0,0,alto
5,150000.0,131,0.6106870229007634,10,5,1,1,0,0,1,0,1,1,1,1,0,baixo
7,10000.0,12,0.8333333333333334,1,3,1,0,0,0,1,1,0,0,1,0,0,medio_alto
5,10000.0,0,0.0,1,2,1,1,1,0,1,0,0,1,0,0,0,medio_baixo
1,10000.0,1,0.0,2,2,1,0,0,0,1,0,0,1,0,0,0,medio_baixo
2,0.0,0,0.0,0,0,1,0,0,0,0,0,0,0,0,0,0,gratuito
13,35000.0,110,0.7272727272727273,11,3,1,0,0,0,1,0,1,1,0,0,0,alto
7,10000.0,16,0.875,1,2,1,1,0,0,1,1,0,0,0,0,0,baixo
1,35000.0,1,1.0,2,3,1,1,1,0,1,0,1,1,0,0,0,medio_baixo
2,10000.0,0,0.0,1,2,1,0,1,0,1,1,0,0,0,0,0,baixo
11,35000.0,60,0.5666666666666667,1,3,1,1,1,0,1,1,0,0,0,1,0,medio_baixo
3,0.0,0,0.0,0,0,1,0,0,0,0,0,0,0,0,0,0,gratuito
8,10000.0,24,0.9583333333333334,6,2,1,1,1,0,1,0,1,0,0,0,0,medio_baixo
3,10000.0,128,0.9765625,2,4,1,1,1,0,1,0,0,1,1,0,1,baixo
2,10000.0,0,0.0,2,1,1,1,0,0,0,0,0,1,0,0,0,alto
4,10000.0,22,0.7272727272727273,1,4,1,1,1,0,1,0,0,1,1,0,1,alto
10,10000.0,268,0.7126865671641791,2,3,1,1,0,0,1,0,1,0,0,0,0,baixo
3,0.0,0,0.0,0,0,1,0,0,0,0,0,0,0,0,0,0,gratuito
11,75000.0,121,0.47107438016528924,1,3,1,0,0,0,1,0,1,0,1,0,0,baixo
2,10000.0,0,0.0,1,5,1,1,1,0,1,0,1,1,0,0,1,alto
6,10000.0,4,0.25,1,2,1,0,0,0,1,0,0,1,0,0,0,alto
10,10000.0,12,0.9166666666666666,1,2,1,0,0,0,0,0,1,1,0,0,0,medio_alto
1,10000.0,1,0.0,1,1,1,0,0,0,0,0,0,0,1,0,0,medio_baixo
5,10000.0,1,1.0,2,4,1,0,0,0,1,0,1,1,0,1,0,baixo
5,10000.0,15,0.9333333333333333,1,2,1,0,1,0,1,1,0,0,0,0,0,gratuito
3,10000.0,250,0.832,1,5,1,0,0,1,1,1,0,0,0,1,1,alto
4,0.0,0,0.0,0,0,1,0,0,0,0,0,0,0,0,0,0,gratuito
3,10000.0,53,0.7169811320754716,9,2,1,0,0,0,0,0,0,0,0,0,1,alto
1,0.0,0,0.0,1,1,1,0,0,0,0,0,1,0,0,0,0,medio_baixo
10,10000.0,58,0.39655172413793105,1,2,1,0,0,0,1,1,0,0,0,0,0,medio_alto
4,10000.0,3,0.0,2,3,1,0,1,0,1,0,1,0,0,0,0,medio_baixo
2,0.0,0,0.0,0,0,1,0,0,0,0,0,0,0,0,0,0,gratuito
2,10000.0,0,0.0,1,7,1,0,0,0,1,1,1,1,1,0,1,baixo
3,10000.0,15,1.0,1,2,1,0,0,0,1,1,0,0,0,0,0,medio_alto
4,10000.0,2,0.5,4,2,1,0,0,0,0,0,1,1,0,0,0,alto
1,0.0,0,0.0,0,0,1,0,0,0,0,0,0,0,0,0,0,gratuito
1,0.0,0,0.0,1,1,1,0,0,0,0,0,1,0,0,0,0,medio_alto
3,10000.0,7,1.0,1,3,1,0,0,0,1,1,0,1,0,0,0,baixo
11,10000.0,35,0.6571428571428571,27,3,1,0,0,0,1,0,1,1,0,0,0,medio_alto
2,10000.0,6,1.0,1,1,1,0,0,0,0,1,0,0,0,0,0,medio_baixo
8,10000.0,9,0.8888888888888888,1,3,1,0,0,0,1,0,1,0,0,0,0,gratuito
7,10000.0,2,0.5,1,3,1,0,0,0,1,1,0,0,0,0,0,gratuito
2,10000.0,0,0.0,1,3,1,0,0,0,1,0,0,1,1,0,0,alto
1,10000.0,93,0.4838709677419355,2,5,1,0,0,0,1,1,0,0,0,0,1,baixo
2,10000.0,0,0.0,1,3,1,1,0,0,1,0,0,0,0,0,1,gratuito
4,10000.0,66,0.9393939393939394,3,1,1,0,0,1,1,0,0,0,0,0,0,medio_baixo
6,10000.0,11,0.36363636363636365,1,3,1,0,0,0,1,0,0,1,0,0,1,medio_alto
3,10000.0,190,0.8263157894736842,11,4,1,0,0,2,1,1,1,1,0,0,0,alto
13,350000.0,2035,0.7085995085995086,6,2,1,1,1,0,1,0,0,0,0,1,0,gratuito
3,10000.0,336,0.9494047619047619,2,2,1,1,0,1,0,0,0,1,1,0,0,medio_alto
1,10000.0,0,0.0,2,3,1,0,0,1,1,0,0,0,1,0,1,alto
1,0.0,0,0.0,1,3,1,0,0,0,0,0,1,0,1,0,0,gratuito
1,0.0,0,0.0,0,0,1,0,0,0,0,0,0,0,0,0,0,gratuito
3,10000.0,4,0.25,1,1,1,0,0,1,0,0,0,0,1,0,0,alto
5,0.0,0,0.0,0,0,1,0,0,0,0,0,0,0,0,0,0,gratuito
1,0.0,0,0.0,0,0,1,0,0,0,0,0,0,0,0,0,0,gratuito
4,10000.0,0,0.0,1,2,1,0,0,0,1,0,0,1,0,0,0,baixo
1,10000.0,0,0.0,2,3,1,0,0,0,1,0,0,1,0,0,1,medio_alto
1,10000.0,402,0.8507462686567164,10,6,1,0,0,0,1,0,1,1,1,1,1,medio_alto
7,35000.0,364,0.8818681318681318,10,2,1,0,0,0,0,0,0,0,0,0,1,alto
9,10000.0,21,0.6666666666666666,1,2,1,0,0,0,1,1,0,0,0,0,0,gratuito
8,10000.0,12,0.5,2,1,1,0,0,0,0,0,0,1,0,0,0,baixo
9,10000.0,38,0.7368421052631579,17,3,1,1,1,1,1,0,1,1,0,0,0,medio_baixo
2,10000.0,99,0.6666666666666666,9,4,1,0,0,0,1,1,1,0,0,0,1,medio_baixo
10,10000.0,158,0.6139240506329114,1,3,1,0,0,2,1,0,1,1,0,0,0,medio_baixo
4,75000.0,39,0.5641025641025641,4,5,1,0,0,0,1,1,1,1,0,0,0,alto
3,0.0,0,0.0,1,2,1,0,0,0,0,1,1,0,0,0,0,gratuito
3,10000.0,0,0.0,1,2,1,0,0,1,0,0,0,1,0,0,1,alto
7,10000.0,0,0.0,7,2,1,0,0,0,1,0,0,1,0,0,0,baixo
3,0.0,0,0.0,1,1,1,0,0,8,0,0,0,1,0,0,0,gratuito
12,35000.0,78,0.7564102564102564,1,4,1,0,0,1,1,0,1,1,1,0,0,baixo
5,10000.0,2,1.0,1,2,1,0,0,0,1,0,0,1,0,0,0,baixo
9,10000.0,8,0.75,5,2,1,1,1,1,1,1,0,0,0,0,0,alto
1,10000.0,4,0.5,1,3,1,0,0,0,1,1,1,0,0,0,0,alto
10,75000.0,305,0.7508196721311475,1,3,1,0,1,0,1,0,0,1,0,0,1,baixo
1,0.0,0,0.0,1,3,1,1,0,0,0,0,0,0,0,0,1,gratuito
3,10000.0,2,1.0,1,2,1,0,0,1,0,1,0,0,0,0,0,medio_baixo
6,10000.0,48,0.5,1,3,1,0,0,0,1,0,0,1,0,0,0,gratuito
5,10000.0,28,0.5,1,3,1,0,0,0,1,1,1,0,0,0,0,baixo
1,0.0,0,0.0,9,4,1,1,0,0,1,0,0,0,0,1,1,alto
2,0.0,0,0.0,0,0,1,0,0,0,0,0,0,0,0,0,0,gratuito
2,0.0,0,0.0,1,3,1,0,0,0,1,0,1,0,0,0,0,gratuito
1,10000.0,16,0.9375,2,4,1,1,0,0,1,0,0,1,1,1,0,alto
3,10000.0,3,0.6666666666666666,2,3,1,0,0,0,1,0,0,1,0,1,0,medio_baixo
7,10000.0,3,0.6666666666666666,1,6,1,0,0,0,1,1,1,1,1,0,1,alto
9,35000.0,159,0.7295597484276729,1,2,1,1,1,0,1,0,1,0,0,0,0,alto
4,10000.0,27,0.8518518518518519,1,3,1,0,0,0,0,1,1,0,0,0,0,gratuito
2,10000.0,18,0.7777777777777778,3,1,1,0,0,0,1,0,0,0,0,0,0,medio_alto
10,35000.0,868,0.9400921658986175,15,4,1,1,0,1,1,0,1,1,0,0,1,alto
1,0.0,0,0.0,1,3,1,0,1,0,1,1,0,1,0,0,0,alto
11,35000.0,412,0.8470873786407767,1,1,1,1,1,0,1,0,0,0,0,0,0,medio_baixo
4,10000.0,44,0.8409090909090909,1,5,1,0,1,0,1,1,1,0,0,1,1,medio_alto
2,10000.0,1,0.0,6,1,1,0,0,0,0,0,0,1,0,0,0,baixo
3,10000.0,3,1.0,1,2,1,0,0,0,1,1,0,0,0,0,0,medio_alto
4,10000.0,0,0.0,1,3,1,0,1,0,1,0,0,1,0,0,1,baixo
2,10000.0,14,0.6428571428571429,1,5,1,0,0,0,1,1,1,0,1,1,0,alto
5,10000.0,21,0.7619047619047619,1,3,1,0,0,0,1,0,1,0,1,0,0,medio_baixo
3,10000.0,0,0.0,2,5,1,0,0,0,0,0,0,0,0,0,0,gratuito
3,35000.0,835,0.8,2,1,1,0,0,81,0,0,0,0,1,0,0,alto
4,10000.0,8,0.875,1,2,1,0,0,0,1,0,0,0,1,0,0,gratuito
1,0.0,0,0.0,1,4,1,0,0,0,1,1,0,1,0,0,0,gratuito
4,10000.0,9,0.7777777777777778,1,1,1,0,0,0,1,0,0,0,0,0,0,gratuito
5,10000.0,23,0.9130434782608695,1,4,1,0,0,0,1,0,0,1,0,0,0,alto
9,35000.0,98,0.7653061224489796,5,2,1,1,0,1,1,1,0,0,0,0,0,baixo
3,35000.0,25,0.96,1,3,1,0,0,0,1,0,0,1,0,0,1,baixo
4,10000.0,12,1.0,1,3,1,0,0,0,0,1,0,1,0,1,0,alto
1,10000.0,0,0.0,1,4,1,1,0,0,1,0,0,0,0,1,1,alto
2,0.0,0,0.0,0,0,1,0,0,0,0,0,0,0,0,0,0,gratuito
2,10000.0,44,0.8409090909090909,1,2,1,0,0,0,0,1,0,1,0,0,0,medio_alto
2,10000.0,2,1.0,1,3,1,0,0,0,0,0,1,0,0,1,0,alto
1,10000.0,0,0.0,1,5,1,0,0,0,1,1,1,0,0,1,0,alto
5,10000.0,0,0.0,6,1,1,0,0,0,1,0,0,0,0,0,0,medio_baixo
10,35000.0,68,0.8529411764705882,1,2,1,0,0,0,1,1,0,0,0,0,0,alto
2,10000.0,3,0.3333333333333333,1,5,1,0,0,0,1,0,0,1,1,1,1,baixo
6,150000.0,1247,0.6623897353648757,1,5,1,0,0,0,1,1,1,1,0,0,1,baixo
5,10000.0,1,1.0,1,1,1,1,1,0,0,0,0,1,0,0,0,medio_baixo
2,10000.0,7,0.7142857142857143,1,3,1,1,1,0,1,0,1,0,1,0,0,medio_alto
1,10000.0,0,0.0,30,3,1,0,0,3,1,0,0,1,0,0,1,medio_alto
6,75000.0,2,1.0,1,1,1,0,0,0,0,0,1,0,0,0,0,medio_baixo
8,10000.0,4,1.0,1,2,1,0,0,0,1,1,0,0,0,0,0,baixo
2,0.0,0,0.0,1,4,1,1,1,0,1,0,0,1,1,0,0,gratuito
6,10000.0,2,0.0,1,2,1,0,0,0,1,1,0,0,0,0,0,medio_alto
1,10000.0,18,1.0,1,2,1,0,0,0,1,0,1,0,0,0,0,medio_baixo
3,10000.0,6,1.0,1,2,1,1,0,0,0,1,0,1,0,0,0,gratuito
1,10000.0,0,0.0,3,3,1,0,0,0,1,0,1,0,0,0,0,gratuito
2,0.0,0,0.0,103,1,1,0,0,0,0,1,0,0,0,0,0,baixo
2,10000.0,2,1.0,1,2,1,0,0,0,1,1,0,0,0,0,0,baixo
3,150000.0,2,0.5,1,4,1,0,0,0,1,0,0,1,0,0,1,alto
2,0.0,0,0.0,1,4,1,1,1,1,1,1,0,1,0,0,0,gratuito
5,35000.0,7,0.7142857142857143,1,1,1,0,0,0,1,0,0,0,0,0,0,baixo
2,10000.0,0,0.0,1,1,1,0,0,0,1,0,0,0,0,0,0,alto
6,0.0,0,0.0,0,0,1,0,0,0,0,0,0,0,0,0,0,gratuito
2,75000.0,115,0.9130434782608695,14,3,1,0,0,0,1,1,1,0,0,0,0,medio_alto
4,35000.0,269,0.8141263940520446,2,5,1,0,0,0,0,1,1,1,1,1,0,medio_baixo
2,0.0,0,0.0,1,1,1,0,0,0,0,0,0,0,0,0,0,gratuito
4,10000.0,1,1.0,3,3,1,0,0,0,0,0,0,1,1,1,0,alto
3,10000.0,99,0.9797979797979798,8,5,1,0,0,0,1,1,1,1,0,1,0,medio_alto
2,10000.0,1,0.0,1,1,1,0,0,0,1,0,0,0,0,0,0,alto
9,35000.0,4,0.25,1,3,1,0,0,0,1,0,0,1,0,1,0,baixo
1,10000.0,0,0.0,1,4,1,0,0,0,0,1,1,0,1,0,0,alto
1,0.0,0,0.0,2,2,1,0,0,0,0,0,0,1,0,0,0,gratuito
1,10000.0,8,1.0,1,6,1,0,0,0,1,1,1,1,0,1,0,medio_baixo
3,0.0,0,0.0,0,0,1,0,0,0,0,0,0,0,0,0,0,gratuito
3,10000.0,9,0.7777777777777778,1,1,1,0,0,0,1,0,0,0,0,0,0,medio_alto
1,10000.0,1,1.0,1,4,1,0,0,0,1,1,1,0,0,1,0,medio_baixo
3,0.0,0,0.0,0,0,1,0,0,0,0,0,0,0,0,0,0,gratuito
4,10000.0,1,0.0,1,4,1,0,0,0,1,0,0,1,0,0,0,alto
9,10000.0,7,0.8571428571428571,1,1,1,0,0,0,0,0,0,0,1,0,0,baixo
5,10000.0,105,0.7523809523809524,1,4,1,0,0,1,1,1,1,0,0,0,0,baixo
8,10000.0,3,0.0,1,3,1,0,0,0,1,1,1,0,0,0,0,alto
1,10000.0,0,0.0,1,1,1,0,0,0,0,0,0,1,0,0,0,alto
10,10000.0,62,0.3709677419354839,1,2,1,1,0,0,1,0,1,0,0,0,0,medio_baixo
4,35000.0,135,0.9777777777777777,10,3,1,1,1,1,1,0,1,1,0,0,0,alto
1,10000.0,0,0.0,3,2,1,1,0,0,0,0,1,1,0,0,0,medio_alto
12,35000.0,176,0.26136363636363635,1,2,1,0,0,0,0,0,0,0,0,1,1,medio_alto
9,10000.0,33,0.36363636363636365,2,5,1,0,0,0,1,1,1,0,0,0,0,medio_alto
7,35000.0,31,0.9354838709677419,1,4,1,0,0,0,1,1,0,1,0,0,0,gratuito
8,10000.0,178,0.9157303370786517,1,3,1,0,0,0,1,0,0,1,0,1,0,medio_baixo
2,10000.0,0,0.0,30,3,1,1,1,0,1,1,0,1,0,0,0,medio_baixo
8,10000.0,22,0.7727272727272727,1,4,1,0,0,0,0,1,0,0,0,0,0,gratuito
8,10000.0,26,0.6923076923076923,1,2,1,0,0,0,0,0,0,0,0,0,0,gratuito
5,35000.0,3,0.6666666666666666,1,1,1,0,0,0,0,0,0,1,0,0,0,medio_alto
6,10000.0,2,1.0,1,2,1,0,0,0,1,0,0,1,0,0,0,medio_alto
3,35000.0,1,1.0,1,3,1,0,0,0,1,0,0,1,1,0,0,baixo
3,10000.0,1,0.0,1,3,1,0,0,0,1,0,0,1,0,1,0,baixo
4,10000.0,8,1.0,1,2,1,0,1,0,0,1,0,0,0,0,0,medio_baixo
6,10000.0,27,0.8888888888888888,1,5,1,0,0,0,0,0,0,0,0,0,1,alto
5,10000.0,0,0.0,9,4,1,0,0,2,1,0,1,1,0,0,1,medio_alto
4,0.0,0,0.0,0,0,1,0,0,0,0,0,0,0,0,0,0,gratuito
1,10000.0,10,0.9,2,6,1,0,0,0,1,1,1,1,0,0,1,medio_alto
1,10000.0,0,0.0,12,3,1,1,1,1,1,1,0,0,0,1,0,alto
2,10000.0,0,0.0,7,4,1,0,0,0,0,1,0,1,0,0,0,gratuito
1,0.0,0,0.0,10,3,1,1,1,0,1,1,0,0,0,0,0,gratuito
3,0.0,0,0.0,0,0,1,0,0,0,0,0,0,0,0,0,0,gratuito
4,10000.0,4,0.0,1,4,1,1,0,0,1,1,1,1,0,0,0,baixo
5,10000.0,38,0.9473684210526315,6,4,1,0,0,0,1,0,0,1,0,0,1,baixo
1,150000.0,1580,0.9272151898734177,1,4,1,0,0,0,1,1,0,0,1,0,0,alto
2,10000.0,2,0.5,1,3,1,0,0,0,1,0,1,0,1,0,0,alto
10,10000.0,274,0.6532846715328468,1,3,1,1,1,0,1,0,0,0,0,1,1,medio_alto
7,350000.0,4513,0.8132062929315311,11,1,1,0,0,2,0,0,0,0,1,0,0,alto
4,10000.0,17,0.9411764705882353,2,1,1,0,0,0,0,0,1,0,0,0,0,baixo
4,10000.0,5,1.0,1,2,1,1,0,0,1,1,0,0,0,0,0,medio_baixo
5,35000.0,18,0.7222222222222222,1,2,1,1,0,0,0,1,0,1,0,0,0,baixo
2,0.0,0,0.0,103,2,1,0,0,0,1,0,0,1,0,0,0,baixo
2,10000.0,5,1.0,17,5,1,0,0,0,1,0,1,1,0,1,1,alto
11,150000.0,768,0.93359375,1,5,1,0,0,0,0,0,0,0,1,0,0,medio_baixo
3,0.0,0,0.0,1,4,1,0,0,0,1,0,0,1,0,1,1,gratuito
5,10000.0,53,0.6792452830188679,1,5,1,1,0,0,1,0,1,1,1,1,0,medio_alto
3,10000.0,5,0.4,1,3,1,0,0,0,1,1,0,1,0,0,0,medio_alto
1,10000.0,0,0.0,1,3,1,1,1,0,1,0,1,1,0,0,0,medio_alto
3,10000.0,1,1.0,1,3,1,0,0,0,0,0,0,1,0,1,1,alto
2,10000.0,0,0.0,1,3,1,0,0,0,1,0,1,1,0,0,0,medio_alto
3,10000.0,4,0.5,12,2,1,0,0,0,1,0,0,1,0,0,0,medio_baixo
2,0.0,0,0.0,0,0,1,0,0,0,0,0,0,0,0,0,0,gratuito
13,10000.0,21,0.7619047619047619,17,2,1,0,0,0,0,0,0,0,0,0,0,alto
2,10000.0,0,0.0,1,1,1,0,0,0,0,0,0,1,0,0,0,alto
1,10000.0,0,0.0,7,1,1,0,0,0,0,0,0,0,0,1,0,medio_alto
1,0.0,0,0.0,1,5,1,1,0,0,1,1,1,1,0,0,0,gratuito
7,10000.0,44,0.9090909090909091,1,1,1,0,0,0,0,0,0,0,1,0,0,alto
2,10000.0,0,0.0,3,1,1,0,0,0,0,1,0,0,0,0,0,medio_alto
4,35000.0,10,1.0,1,2,1,0,0,0,0,1,0,1,0,0,0,baixo
1,10000.0,1,0.0,6,4,1,1,0,0,1,1,0,0,0,0,0,baixo
4,75000.0,5,1.0,1,1,1,0,0,0,0,1,0,0,0,0,0,baixo
5,10000.0,304,0.9671052631578947,3,3,1,0,0,1,1,1,1,0,0,0,0,medio_alto
1,10000.0,3,0.3333333333333333,2,2,1,0,0,0,1,0,0,1,0,0,0,medio_baixo
7,10000.0,2,0.0,2,3,1,0,0,0,1,0,1,0,1,0,0,baixo
4,750000.0,6703,0.9051171117410115,6,4,1,0,0,3,1,0,0,0,1,1,1,alto
4,10000.0,3,0.6666666666666666,2,4,1,0,0,0,1,0,0,1,0,0,0,medio_baixo
6,35000.0,486,0.8559670781893004,8,4,1,0,0,0,1,1,1,0,0,0,1,medio_baixo
10,10000.0,22,0.6818181818181818,1,4,1,0,0,0,1,0,1,1,1,0,0,medio_baixo
2,75000.0,7,0.0,1,3,1,0,0,0,0,0,1,0,1,0,0,medio_baixo
2,10000.0,6,0.8333333333333334,2,3,1,0,0,0,1,0,1,0,0,0,1,baixo
5,35000.0,223,0.8071748878923767,1,2,1,0,0,0,1,1,0,0,0,0,0,baixo
5,10000.0,28,0.6785714285714286,1,4,1,0,0,0,1,1,0,1,0,0,1,medio_baixo
6,10000.0,49,0.42857142857142855,3,2,1,0,0,0,1,1,0,0,0,0,0,medio_baixo
6,10000.0,6,0.8333333333333334,2,2,1,0,0,0,1,0,0,0,0,1,0,baixo
2,10000.0,32,0.875,24,1,1,0,0,0,0,0,0,0,0,1,0,medio_baixo
4,10000.0,29,1.0,1,3,1,0,0,0,1,0,0,1,0,0,1,medio_alto
6,10000.0,47,1.0,1,4,1,1,1,0,1,1,1,0,0,0,0,medio_baixo
2,10000.0,2,0.5,1,3,1,0,0,0,1,0,1,1,0,0,0,medio_baixo
4,10000.0,0,0.0,1,1,1,1,1,1,1,0,0,0,0,0,0,medio_baixo
1,10000.0,0,0.0,10,1,1,0,0,0,0,0,0,0,0,1,0,medio_alto
1,0.0,0,0.0,1,4,1,0,0,0,0,1,0,0,0,0,0,gratuito
1,10000.0,98,0.7551020408163265,17,1,1,0,0,0,1,0,0,0,0,0,0,medio_baixo
1,10000.0,0,0.0,15,4,1,0,0,0,1,0,0,1,0,0,1,medio_alto
5,10000.0,5,1.0,1,4,1,0,1,0,1,1,1,0,0,0,0,baixo
1,0.0,0,0.0,0,0,1,0,0,0,0,0,0,0,0,0,0,gratuito
2,35000.0,1204,0.9867109634551495,1,2,1,0,0,0,1,1,0,0,0,0,0,medio_alto
4,10000.0,22,0.9545454545454546,2,1,1,0,0,0,0,0,1,0,0,0,0,medio_alto
3,0.0,0,0.0,2,4,1,0,0,0,1,1,0,0,0,1,0,gratuito
1,10000.0,11,0.8181818181818182,1,4,1,0,0,0,1,0,0,1,0,0,1,medio_alto
7,10000.0,9,0.4444444444444444,1,2,1,0,0,0,1,0,0,1,0,0,0,baixo
6,10000.0,30,0.9333333333333333,2,2,1,0,0,0,1,1,0,0,0,0,0,alto
7,10000.0,0,0.0,1,3,1,1,0,0,1,0,0,1,0,1,0,medio_alto
6,10000.0,8,0.375,1,4,1,1,1,0,1,0,1,1,1,0,0,medio_alto
16,150000.0,344,0.8808139534883721,1,3,1,1,0,0,1,0,1,1,0,0,0,medio_baixo
2,10000.0,3,1.0,1,7,1,0,0,0,0,0,1,0,0,0,0,alto
10,10000.0,5,0.6,1,3,1,0,0,0,1,0,1,1,0,0,0,baixo
4,1500000.0,10970,0.6923427529626254,10,4,1,0,0,0,0,1,0,0,1,0,0,gratuito
5,10000.0,3,0.0,1,3,1,0,0,0,1,0,0,1,0,1,0,baixo
3,10000.0,29,0.896551724137931,7,3,1,1,1,0,1,1,1,0,0,0,0,gratuito
8,35000.0,106,0.6981132075471698,26,3,1,1,1,0,1,0,0,1,0,0,0,baixo
1,0.0,0,0.0,1,3,1,0,0,0,1,0,0,1,0,0,0,gratuito
5,10000.0,4,1.0,1,3,1,1,1,0,1,0,0,1,0,0,1,medio_alto
2,0.0,0,0.0,0,0,1,0,0,0,0,0,0,0,0,0,0,gratuito
1,10000.0,14,1.0,2,2,1,0,0,0,1,0,1,0,0,0,0,medio_baixo
8,10000.0,1,1.0,1,4,1,0,0,0,1,1,1,1,0,0,0,medio_baixo
15,750000.0,1650,0.769090909090909,1,2,1,0,0,0,1,0,0,0,0,1,0,medio_alto
7,35000.0,38,0.47368421052631576,1,3,1,0,0,0,1,0,0,1,0,0,0,baixo
5,10000.0,1,1.0,1,1,1,1,0,0,0,1,0,0,0,0,0,medio_baixo
2,10000.0,32,0.71875,3,2,1,1,0,1,1,0,1,0,0,0,0,alto
3,10000.0,25,0.76,1,5,1,0,0,0,1,1,1,1,0,0,1,baixo
5,10000.0,679,0.8438880706921944,12,2,1,0,0,2,1,0,1,0,0,0,0,alto
2,10000.0,1,1.0,1,3,1,0,0,0,1,0,0,0,1,1,0,alto
1,10000.0,0,0.0,2,3,1,0,0,0,0,0,0,1,1,1,0,baixo
6,10000.0,1,1.0,1,3,1,0,0,0,1,0,1,1,0,0,0,baixo
1,10000.0,0,0.0,2,2,1,0,0,0,1,1,0,0,0,0,0,baixo
6,75000.0,1238,0.8990306946688207,1,4,1,0,0,0,1,1,0,1,0,0,0,medio_alto
7,10000.0,26,0.8461538461538461,2,5,1,0,0,7,1,0,1,1,0,1,1,baixo
1,10000.0,2,1.0,1,2,1,0,0,0,0,1,1,0,0,0,0,medio_alto
2,0.0,0,0.0,0,0,1,0,0,0,0,0,0,0,0,0,0,gratuito
8,10000.0,0,0.0,3,1,1,0,0,0,0,1,0,0,0,0,0,alto
12,1500000.0,25876,0.583049930437471,5,1,1,0,0,51,0,1,0,0,0,0,0,alto
7,10000.0,0,0.0,1,5,1,0,0,0,1,1,1,1,0,0,0,gratuito
3,10000.0,0,0.0,1,1,1,0,0,0,0,1,0,0,0,0,0,medio_alto
7,75000.0,1170,0.6256410256410256,15,2,1,0,0,0,1,0,0,0,0,0,1,alto
1,10000.0,3,0.3333333333333333,1,3,1,0,0,0,1,1,0,0,0,1,0,baixo
4,10000.0,56,0.6785714285714286,1,2,1,0,0,0,1,0,1,0,0,0,0,baixo
5,10000.0,26,0.8461538461538461,1,1,1,1,0,0,1,0,0,0,0,0,0,gratuito
4,10000.0,19,0.7894736842105263,2,3,1,0,0,0,1,1,1,0,0,0,0,alto
9,10000.0,3,0.3333333333333333,1,3,1,0,0,0,0,1,0,1,0,0,1,medio_alto
3,10000.0,5,0.4,1,2,1,0,0,0,0,0,1,1,0,0,0,medio_alto
9,150000.0,1030,0.8902912621359224,1,1,1,0,0,0,0,0,0,0,0,0,1,alto
5,35000.0,4,0.5,1,2,1,0,0,0,1,0,0,0,0,0,1,baixo
7,10000.0,28,0.6785714285714286,2,2,1,0,0,0,1,0,0,0,0,1,0,medio_baixo
6,10000.0,2,1.0,1,1,1,0,0,0,1,0,0,0,0,0,0,baixo
2,75000.0,819,0.7973137973137974,23,4,1,0,0,3,0,1,1,0,1,0,0,alto
2,10000.0,0,0.0,2,2,1,0,0,0,1,0,0,0,0,0,0,medio_alto
1,10000.0,60,0.5833333333333334,1,1,1,1,0,0,1,0,0,0,0,0,0,alto
4,10000.0,8,1.0,1,1,1,0,0,0,0,1,0,0,0,0,0,medio_alto
4,10000.0,3,0.6666666666666666,1,3,1,0,0,0,1,1,1,0,0,0,0,medio_alto
4,10000.0,48,0.8958333333333334,1,2,1,1,0,0,1,0,1,0,0,0,0,alto
6,35000.0,6,1.0,2,5,1,0,1,0,1,0,0,1,0,1,0,gratuito
1,10000.0,0,0.0,1,2,1,0,0,0,1,1,0,0,0,0,0,medio_alto
6,10000.0,7,0.5714285714285714,1,5,1,0,0,0,1,1,1,1,0,0,0,baixo
4,10000.0,0,0.0,1,2,1,0,0,0,0,0,0,0,0,0,0,gratuito
8,75000.0,8,0.375,17,3,1,0,1,0,1,1,0,1,0,0,0,baixo
7,10000.0,47,0.6170212765957447,1,3,1,0,0,0,1,0,0,1,0,0,1,baixo
5,10000.0,7,0.8571428571428571,1,1,1,0,0,0,0,0,0,0,0,0,1,medio_alto
1,0.0,0,0.0,0,0,1,0,0,0,0,0,0,0,0,0,0,gratuito
11,10000.0,7,0.5714285714285714,1,3,1,0,0,0,1,0,0,1,0,1,0,medio_baixo
17,150000.0,1155,0.8727272727272727,1,1,1,0,0,0,0,1,0,0,0,0,0,medio_baixo
1,10000.0,0,0.0,6,3,1,0,0,0,1,0,1,1,0,0,0,medio_baixo
2,35000.0,9,0.2222222222222222,1,1,1,0,0,0,0,0,0,0,0,1,0,alto
2,0.0,0,0.0,0,0,1,0,0,0,0,0,0,0,0,0,0,gratuito
1,0.0,0,0.0,1,2,1,0,0,0,1,0,0,0,0,1,0,alto
8,10000.0,14,0.6428571428571429,12,4,1,0,0,0,1,0,0,1,0,1,1,gratuito
3,0.0,0,0.0,1,5,1,0,0,2,1,1,1,1,0,0,0,gratuito
4,10000.0,6,0.8333333333333334,2,1,1,0,0,0,1,0,0,0,0,0,0,medio_baixo
7,10000.0,0,0.0,3,2,1,0,0,5,1,0,0,1,0,0,0,baixo
6,10000.0,246,0.9552845528455285,2,3,1,1,1,1,1,0,1,1,0,0,0,medio_alto
10,35000.0,72,0.8611111111111112,1,3,1,1,0,1,0,0,1,0,1,1,0,medio_alto
5,10000.0,1,1.0,1,2,1,0,0,0,1,0,0,1,0,0,0,baixo
10,75000.0,306,0.5555555555555556,1,3,1,0,0,0,1,1,0,1,0,0,0,baixo
5,10000.0,69,0.8695652173913043,11,4,1,0,0,0,1,0,0,1,1,0,1,baixo
3,750000.0,6345,0.5420015760441292,8,4,1,0,0,0,0,0,1,0,1,0,0,gratuito
2,10000.0,0,0.0,38,2,1,0,0,0,1,0,0,1,0,0,0,baixo
6,10000.0,11,0.7272727272727273,1,3,1,0,0,0,1,0,1,0,0,0,1,alto
8,35000.0,90,0.8222222222222222,11,1,1,1,1,0,1,0,0,0,0,0,0,medio_baixo
7,10000.0,3,0.0,1,3,1,0,0,0,0,0,1,1,0,1,0,baixo
9,10000.0,134,0.8731343283582089,1,1,1,0,0,0,1,0,0,0,0,0,0,gratuito
6,10000.0,7,0.2857142857142857,1,2,1,1,1,0,1,1,0,0,0,0,0,baixo
1,10000.0,0,0.0,1,4,1,1,1,0,1,0,0,0,1,1,0,alto
7,350000.0,4892,0.9797628781684382,1,2,1,1,1,0,1,0,1,0,0,0,0,alto
7,10000.0,25,0.56,1,1,1,0,0,0,0,0,1,0,0,0,0,baixo
8,10000.0,15,0.6,25,1,1,0,0,0,0,0,0,1,0,0,0,alto
2,0.0,0,0.0,1,2,1,0,0,0,0,0,1,0,0,0,0,gratuito
2,10000.0,14,1.0,1,6,1,0,0,0,1,0,1,1,1,0,1,alto
1,10000.0,43,0.7209302325581395,15,2,1,1,0,0,1,0,0,0,0,0,1,medio_alto
1,0.0,0,0.0,0,0,1,0,0,0,0,0,0,0,0,0,0,gratuito
3,0.0,0,0.0,0,0,1,0,0,0,0,0,0,0,0,0,0,gratuito
1,10000.0,0,0.0,1,1,1,0,0,0,0,0,0,0,0,0,1,baixo
8,10000.0,2,0.5,1,3,1,0,0,0,1,0,0,1,0,0,1,medio_baixo
7,10000.0,18,0.7777777777777778,1,7,1,0,0,0,1,1,1,1,1,0,0,gratuito
1,10000.0,0,0.0,1,4,1,0,0,0,0,0,0,0,0,0,1,alto
4,750000.0,11819,0.7002284457229884,11,2,1,0,0,2,0,1,1,0,0,0,0,alto
5,10000.0,16,1.0,1,3,1,0,0,0,1,0,0,1,0,1,0,baixo
1,0.0,0,0.0,3,4,1,0,0,1,1,0,1,1,1,0,0,alto
3,10000.0,3,1.0,1,1,1,0,0,0,1,0,0,0,0,0,0,medio_baixo
8,10000.0,5,1.0,1,4,1,1,0,0,1,1,0,1,1,0,0,gratuito
4,10000.0,11,0.9090909090909091,2,3,1,0,0,0,1,0,1,1,0,0,0,baixo
8,150000.0,621,0.8341384863123994,1,3,1,1,0,1,1,0,0,0,1,1,0,medio_baixo
5,10000.0,42,0.9285714285714286,3,3,1,0,0,0,1,0,0,1,0,0,1,baixo
9,10000.0,6,0.8333333333333334,1,2,1,0,0,0,0,0,0,1,0,0,0,medio_alto
4,10000.0,6,0.5,1,2,1,1,1,0,1,0,0,1,0,0,0,baixo
3,10000.0,12,0.6666666666666666,2,3,1,0,0,0,1,0,0,0,0,0,1,gratuito
2,10000.0,41,1.0,1,4,1,1,0,0,1,0,1,0,1,0,1,medio_alto
8,35000.0,53,0.6792452830188679,5,2,1,0,0,0,0,0,1,1,0,0,0,baixo
8,10000.0,4,1.0,1,3,1,0,0,0,0,1,1,1,0,0,0,medio_baixo
5,10000.0,12,0.75,1,4,1,0,0,0,1,1,1,1,0,0,0,baixo
1,0.0,0,0.0,17,4,1,0,0,0,1,0,0,1,0,0,1,gratuito
3,10000.0,82,0.7926829268292683,1,3,1,0,0,0,0,0,0,1,0,0,1,alto
1,10000.0,0,0.0,1,6,1,0,0,0,1,1,1,1,0,0,1,baixo
3,10000.0,5,0.2,1,1,1,0,0,0,0,0,0,1,0,0,0,alto
9,10000.0,44,0.8863636363636364,1,1,1,0,0,0,0,0,1,0,0,0,0,gratuito
2,35000.0,1281,0.9352068696330992,9,5,1,0,0,0,1,1,1,0,1,0,0,alto
3,10000.0,0,0.0,2,1,1,0,1,0,0,0,1,0,0,0,0,medio_alto
4,10000.0,1,1.0,1,4,1,0,0,1,1,0,0,0,1,1,0,alto
2,35000.0,18,1.0,2,4,1,0,0,0,1,0,1,0,1,1,0,medio_baixo
7,150000.0,747,0.8447121820615796,5,1,1,0,0,0,0,0,0,0,0,1,0,medio_alto
4,10000.0,2,1.0,1,1,1,0,0,0,0,1,0,0,0,0,0,medio_alto
7,10000.0,21,0.6666666666666666,1,2,1,0,1,1,1,1,0,0,0,0,0,baixo
2,10000.0,19,0.9473684210526315,4,3,1,0,0,0,1,1,0,0,0,0,0,alto
8,10000.0,23,0.9130434782608695,1,7,1,0,0,0,1,1,0,1,1,1,1,gratuito
4,150000.0,1478,0.7212449255751014,1,1,1,0,0,1,0,0,0,1,0,0,0,medio_alto
1,0.0,0,0.0,0,0,1,0,0,0,0,0,0,0,0,0,0,gratuito
6,10000.0,101,0.8811881188118812,3,3,1,0,1,0,1,1,0,1,0,0,0,baixo
5,10000.0,1,1.0,1,3,1,0,0,0,1,0,0,1,0,1,0,medio_baixo
2,10000.0,29,1.0,16,4,1,0,0,0,1,0,0,1,0,1,1,baixo
5,10000.0,2,1.0,1,4,1,0,0,0,1,0,0,1,1,1,0,medio_baixo
1,0.0,0,0.0,1,4,1,0,0,0,1,0,1,1,0,0,0,gratuito
4,10000.0,60,0.65,1,4,1,0,0,0,1,0,0,1,0,0,1,alto
4,10000.0,28,0.7142857142857143,3,3,1,1,0,0,0,0,0,0,0,1,1,alto
3,0.0,0,0.0,1,2,1,0,0,1,0,0,0,1,0,0,0,gratuito
2,10000.0,1,1.0,1,1,1,1,1,0,0,0,0,0,1,0,0,medio_alto
6,35000.0,19,0.47368421052631576,1,3,1,0,0,1,1,0,0,0,0,0,1,medio_alto
6,10000.0,0,0.0,1,5,1,0,1,0,1,0,1,1,1,0,0,alto
6,10000.0,0,0.0,2,5,1,1,1,0,1,0,1,1,0,0,1,gratuito
5,10000.0,12,0.9166666666666666,1,2,1,0,0,0,1,1,0,0,0,0,0,baixo
4,0.0,0,0.0,0,0,1,0,0,0,0,0,0,0,0,0,0,gratuito
1,10000.0,0,0.0,13,3,1,0,0,1,1,0,0,1,0,0,1,medio_alto
8,10000.0,3,0.3333333333333333,1,2,1,0,0,0,1,0,0,0,1,0,0,baixo
2,10000.0,270,0.9666666666666667,2,3,1,0,0,0,1,1,1,0,0,0,0,baixo
11,7500000.0,215026,0.84318175476454,11,2,1,1,0,10,0,1,1,0,0,0,0,alto
7,10000.0,3,1.0,1,4,1,1,0,0,1,0,0,1,1,0,0,medio_baixo
1,0.0,0,0.0,0,0,1,0,0,0,0,0,0,0,0,0,0,gratuito
9,10000.0,32,0.65625,1,2,1,1,0,2,0,0,1,1,0,0,0,medio_baixo
5,10000.0,192,0.828125,2,1,1,0,0,0,0,0,0,0,1,0,0,alto
2,10000.0,3,1.0,1,3,1,0,0,0,0,1,1,0,0,0,1,medio_alto
7,10000.0,8,0.625,1,4,1,0,1,1,1,0,0,0,1,1,0,alto
2,10000.0,7,0.8571428571428571,1,2,1,0,0,0,1,0,0,1,0,0,0,medio_alto
1,10000.0,1,1.0,2,4,1,0,0,0,1,1,1,0,0,0,1,alto
6,10000.0,117,0.9743589743589743,9,2,1,1,1,1,1,1,0,0,0,0,0,alto
5,35000.0,651,0.9185867895545314,14,1,1,0,0,3,0,0,0,0,0,0,0,medio_alto
8,10000.0,0,0.0,1,2,1,0,0,0,1,1,0,0,0,0,0,alto
1,10000.0,3,0.3333333333333333,5,2,1,0,0,0,1,0,0,1,0,0,0,medio_alto
11,75000.0,1417,0.9682427664079041,4,1,1,0,0,4,0,1,0,0,0,0,0,medio_alto
2,0.0,0,0.0,1,2,1,0,0,0,0,0,1,1,0,0,0,gratuito
5,10000.0,78,0.6923076923076923,1,6,1,0,1,1,1,0,1,0,1,0,1,alto
1,0.0,0,0.0,1,1,1,0,0,0,0,0,0,1,0,0,0,medio_alto
7,10000.0,2,0.0,2,4,1,0,0,0,1,1,1,0,1,0,0,alto
16,10000.0,13,0.5384615384615384,1,1,1,1,0,0,0,0,0,1,0,0,0,medio_alto
3,35000.0,17,0.8235294117647058,1,2,1,0,0,0,0,0,0,0,0,1,1,medio_baixo
1,0.0,0,0.0,4,2,1,0,0,0,1,0,0,0,0,1,0,medio_alto
3,10000.0,23,1.0,7,1,1,0,0,0,0,1,0,0,0,0,0,baixo
9,10000.0,16,0.75,1,2,1,0,0,0,1,1,0,0,0,0,0,gratuito
8,10000.0,13,0.6923076923076923,2,4,1,0,0,0,1,1,1,0,1,0,0,medio_baixo
2,10000.0,0,0.0,2,2,1,0,0,0,1,0,1,0,0,0,0,medio_baixo
3,10000.0,54,0.8518518518518519,3,4,1,0,0,0,1,1,1,0,1,0,0,alto
1,0.0,0,0.0,1,2,1,0,0,0,1,0,0,1,0,0,0,baixo
7,10000.0,23,0.9565217391304348,1,3,1,0,0,0,1,0,1,1,0,0,0,medio_baixo
1,10000.0,0,0.0,10,3,1,0,0,1,0,1,0,0,1,1,0,alto
2,10000.0,16,1.0,1,2,1,1,0,0,1,0,0,1,0,0,0,alto
3,35000.0,7,1.0,1,2,1,0,0,0,1,0,1,0,0,0,0,baixo
3,35000.0,3,0.3333333333333333,1,5,1,0,0,0,1,1,1,0,1,1,0,medio_baixo
1,10000.0,0,0.0,1,3,1,0,0,0,1,0,0,0,1,0,1,baixo
15,75000.0,186,0.8010752688172043,5,2,1,0,0,0,1,1,0,0,0,0,0,gratuito
1,10000.0,8,0.625,1,3,1,1,0,0,0,0,0,0,0,1,1,alto
4,75000.0,1525,0.64,14,1,1,0,0,2,0,0,0,0,0,0,1,medio_baixo
1,10000.0,2,1.0,1,4,1,0,0,0,1,1,1,0,0,1,0,alto
1,0.0,0,0.0,1,3,1,0,0,0,1,1,1,0,0,0,0,medio_alto
1,10000.0,21,1.0,9,4,1,0,0,0,1,1,1,1,0,0,0,medio_baixo
1,0.0,0,0.0,0,0,1,0,0,0,0,0,0,0,0,0,0,gratuito
3,10000.0,30,1.0,1,3,1,1,1,0,1,0,1,1,0,0,0,medio_baixo
7,150000.0,2328,0.947594501718213,4,2,1,0,0,2,1,0,0,1,0,0,0,alto
3,35000.0,171,0.8830409356725146,1,2,1,0,0,0,1,1,0,0,0,0,0,baixo
7,10000.0,10,0.5,103,5,1,0,0,0,1,0,1,1,0,1,1,baixo
8,10000.0,3,0.3333333333333333,2,2,1,0,0,0,1,0,0,0,0,1,0,baixo
7,10000.0,24,0.9166666666666666,1,3,1,0,0,0,1,1,0,1,0,0,0,baixo
5,10000.0,0,0.0,1,2,1,0,0,0,1,0,0,1,0,0,0,medio_alto
2,35000.0,1261,0.7628865979381443,14,2,1,0,0,2,0,0,0,1,0,0,1,alto
1,10000.0,0,0.0,13,4,1,0,0,1,1,1,1,0,0,0,0,alto
5,10000.0,157,0.8089171974522293,1,4,1,0,0,0,1,1,0,1,0,0,0,medio_alto
6,10000.0,17,0.7058823529411765,1,2,1,0,0,0,0,1,0,1,0,0,0,alto
3,75000.0,2,0.5,103,3,1,0,0,0,1,0,1,0,0,1,0,medio_alto
4,10000.0,21,0.7619047619047619,1,4,1,0,0,0,1,1,0,1,0,0,1,alto
1,10000.0,0,0.0,1,4,1,0,0,0,1,0,0,1,0,1,0,medio_alto
12,10000.0,169,0.7869822485207101,1,2,1,1,1,2,1,0,0,0,1,0,0,medio_alto
1,10000.0,0,0.0,1,4,1,1,0,0,1,1,1,0,0,1,0,alto
5,350000.0,911,0.8474204171240395,1,4,1,0,0,1,1,1,1,0,0,0,1,medio_alto
1,0.0,0,0.0,0,0,1,0,0,0,0,0,0,0,0,0,0,gratuito
8,10000.0,21,0.3333333333333333,1,3,1,1,1,2,1,0,1,0,1,0,0,medio_alto
8,35000.0,25,0.76,10,3,1,1,1,0,1,0,1,1,0,0,0,baixo
9,10000.0,13,0.8461538461538461,1,1,1,0,0,0,0,0,0,0,0,0,0,gratuito
7,10000.0,3,1.0,1,2,1,0,0,0,1,0,0,1,0,0,0,medio_baixo
2,10000.0,5,1.0,6,3,1,1,1,0,1,0,0,0,0,1,1,medio_baixo
3,10000.0,18,0.8333333333333334,1,3,1,0,0,0,1,0,0,1,0,1,0,medio_baixo
1,0.0,0,0.0,1,3,1,1,0,0,0,0,0,0,0,0,1,alto
1,10000.0,0,0.0,1,2,1,0,0,0,1,0,1,0,0,0,0,medio_baixo
4,0.0,0,0.0,0,0,1,0,0,0,0,0,0,0,0,0,0,gratuito
2,10000.0,1,1.0,1,3,1,0,1,0,1,1,1,0,0,0,0,alto
2,10000.0,0,0.0,3,2,1,0,0,0,1,0,0,0,1,0,0,medio_alto
2,10000.0,5,1.0,3,1,1,1,1,0,0,0,0,0,0,0,0,alto
13,75000.0,853,0.9460726846424384,6,3,1,1,0,0,1,1,1,0,0,0,0,medio_baixo
1,0.0,0,0.0,1,3,1,0,0,0,0,1,0,0,1,0,0,gratuito
1,10000.0,1,1.0,1,4,1,0,0,0,1,1,0,0,0,1,0,medio_baixo
7,10000.0,10,0.8,1,2,1,0,0,0,1,0,0,0,0,0,1,gratuito
1,0.0,0,0.0,0,0,1,0,0,0,0,0,0,0,0,0,0,gratuito
4,0.0,0,0.0,1,3,1,0,0,0,1,1,0,0,1,0,0,gratuito
2,0.0,0,0.0,103,5,1,0,0,0,1,1,1,1,0,0,0,gratuito
2,10000.0,6,1.0,1,5,1,0,0,0,1,1,1,0,0,0,1,medio_alto
1,10000.0,1,1.0,1,4,1,0,0,3,1,0,1,1,1,0,0,medio_alto
14,350000.0,1389,0.8538516918646508,1,2,1,0,0,0,0,1,1,0,0,0,0,medio_baixo
1,0.0,0,0.0,12,3,1,0,0,0,1,0,0,0,0,0,1,gratuito
3,10000.0,0,0.0,9,2,1,0,0,0,0,0,0,1,1,0,0,medio_alto
5,10000.0,7,0.8571428571428571,1,2,1,0,0,0,0,1,0,0,0,0,0,gratuito
1,10000.0,0,0.0,1,3,1,1,1,0,0,0,1,1,0,0,1,medio_alto
4,10000.0,42,0.8095238095238095,1,4,1,0,0,0,1,0,1,1,0,0,0,gratuito
12,10000.0,107,0.3925233644859813,1,3,1,0,0,0,1,1,1,0,0,0,0,medio_baixo
9,10000.0,48,0.9583333333333334,1,3,1,0,0,0,1,0,1,0,0,0,0,gratuito
2,10000.0,14,0.8571428571428571,10,2,1,0,0,0,1,0,0,0,0,1,0,medio_alto
2,0.0,0,0.0,103,3,1,0,0,0,1,0,0,0,0,1,1,medio_baixo
7,35000.0,7,1.0,1,1,1,0,1,0,0,0,0,0,0,1,0,medio_baixo
2,0.0,0,0.0,0,0,1,0,0,0,0,0,0,0,0,0,0,gratuito
5,0.0,0,0.0,0,0,1,0,0,0,0,0,0,0,0,0,0,gratuito
6,10000.0,49,0.9591836734693877,1,5,1,0,0,1,1,1,1,1,0,1,0,baixo
6,10000.0,13,0.38461538461538464,14,3,1,0,0,0,1,1,0,1,0,0,0,baixo
5,350000.0,2749,0.8799563477628228,2,2,1,0,0,1,1,1,0,0,0,0,0,baixo
1,10000.0,1,1.0,10,1,1,0,0,0,0,0,0,0,0,0,0,alto
8,10000.0,23,0.6086956521739131,22,3,1,0,0,0,1,1,1,0,0,0,0,medio_alto
2,10000.0,5,0.8,14,2,1,0,0,0,1,0,0,0,0,0,1,baixo
18,350000.0,1491,0.7961099932930918,2,1,1,0,0,0,0,1,0,0,0,0,0,medio_baixo
2,0.0,0,0.0,0,0,1,0,0,0,0,0,0,0,0,0,0,gratuito
6,35000.0,51,0.5686274509803921,1,4,1,0,0,0,1,1,0,0,0,0,0,gratuito
1,0.0,0,0.0,0,0,1,0,0,0,0,0,0,0,0,0,0,gratuito
1,0.0,0,0.0,0,0,1,0,0,0,0,0,0,0,0,0,0,gratuito
16,1500000.0,19953,0.9108905928932992,6,1,1,0,0,2,0,1,0,0,0,0,0,medio_alto
2,35000.0,136,0.47794117647058826,7,3,1,0,0,0,1,1,1,0,0,0,0,baixo
10,75000.0,125,0.728,1,3,1,1,1,0,1,1,0,1,0,0,0,baixo
2,10000.0,0,0.0,1,1,1,0,0,0,0,0,0,1,0,0,0,alto
7,350000.0,627,0.7416267942583732,14,4,1,1,0,0,0,0,0,0,0,0,1,gratuito
4,10000.0,6,1.0,1,1,1,0,0,0,0,1,0,0,0,0,0,medio_baixo
1,75000.0,8,0.625,4,2,1,0,0,0,1,0,0,0,1,0,0,medio_alto
6,10000.0,0,0.0,1,2,1,0,0,0,0,0,0,1,0,0,0,alto
6,10000.0,12,0.8333333333333334,1,4,1,1,0,0,1,0,0,1,0,0,1,gratuito
6,150000.0,613,0.7569331158238173,1,5,1,1,0,0,1,0,0,1,0,1,1,gratuito
4,10000.0,0,0.0,1,3,1,0,0,0,1,0,0,1,0,1,0,baixo
6,10000.0,22,0.9545454545454546,1,2,1,0,0,0,0,0,0,1,0,0,0,medio_alto
5,10000.0,4,1.0,15,2,1,0,1,0,1,1,0,0,0,0,0,medio_alto
4,10000.0,61,0.6885245901639344,12,4,1,0,0,0,1,1,1,1,0,0,0,baixo
1,10000.0,0,0.0,2,4,1,0,0,0,1,1,1,0,0,1,0,medio_baixo
2,10000.0,1,1.0,1,4,1,0,0,0,1,1,1,1,0,0,0,baixo
8,10000.0,1,1.0,3,4,1,0,0,0,1,0,0,1,0,1,0,baixo
2,0.0,0,0.0,0,0,1,0,0,0,0,0,0,0,0,0,0,gratuito
4,10000.0,4,1.0,1,3,1,0,0,0,1,0,1,0,0,0,0,alto
14,150000.0,2081,0.73954829408938,5,1,1,0,0,0,0,0,1,0,0,0,0,medio_alto
1,10000.0,0,0.0,26,3,1,1,1,3,1,0,0,0,0,1,1,alto
6,10000.0,6,0.6666666666666666,1,1,1,0,0,0,0,0,0,0,0,0,1,medio_baixo
4,10000.0,16,0.8125,4,2,1,0,0,1,0,0,1,1,0,0,0,medio_baixo
6,750000.0,13900,0.8846762589928058,23,6,1,0,0,1,1,0,1,1,1,0,1,alto
5,10000.0,45,0.8888888888888888,3,4,1,1,1,0,1,0,1,1,0,0,1,medio_baixo
13,150000.0,770,0.4675324675324675,8,1,1,1,0,0,0,0,0,0,0,0,1,medio_alto
1,0.0,0,0.0,10,4,1,0,0,0,1,0,0,1,1,1,0,medio_alto
1,10000.0,0,0.0,4,3,1,0,0,2,1,0,1,0,0,0,1,alto
2,10000.0,0,0.0,1,1,1,0,0,0,1,0,0,0,0,0,0,alto
10,10000.0,63,0.6825396825396826,2,4,1,0,0,0,1,1,0,0,0,0,1,medio_baixo
6,10000.0,45,0.7555555555555555,2,2,1,0,0,0,1,1,0,0,0,0,0,alto
5,0.0,0,0.0,1,2,1,0,1,0,1,1,0,0,0,0,0,gratuito
6,10000.0,12,0.08333333333333333,3,3,1,0,0,0,1,1,1,0,0,0,0,alto
15,10000.0,48,0.7708333333333334,1,1,1,0,0,0,1,0,0,0,0,0,0,medio_baixo
1,0.0,0,0.0,1,2,1,0,1,1,1,0,0,1,0,0,0,baixo
2,10000.0,1,1.0,1,4,1,0,0,0,0,1,1,1,0,1,0,baixo
8,10000.0,10,0.7,1,2,1,0,0,1,1,0,0,1,0,0,0,baixo
4,10000.0,0,0.0,7,3,1,0,0,2,1,0,0,1,0,0,1,baixo
3,10000.0,6,1.0,1,3,1,0,0,0,1,1,0,0,0,1,0,baixo
7,10000.0,162,0.5617283950617284,11,6,1,0,0,0,1,1,1,1,1,1,0,medio_alto
1,10000.0,0,0.0,2,5,1,0,0,0,1,1,1,1,1,0,0,medio_alto
1,0.0,0,0.0,1,2,1,0,0,0,0,1,0,0,0,0,0,gratuito
2,10000.0,33,0.8787878787878788,1,1,1,1,1,1,0,0,0,0,0,1,0,medio_alto
5,35000.0,5,0.4,1,1,1,0,0,0,0,1,0,0,0,0,0,medio_baixo
8,10000.0,63,0.6190476190476191,1,2,1,0,0,0,0,0,1,0,0,0,1,medio_alto
5,10000.0,5,0.4,4,1,1,0,0,0,0,0,0,1,0,0,0,medio_alto
7,10000.0,111,0.918918918918919,11,2,1,0,0,0,1,0,0,1,0,0,0,baixo
2,10000.0,24,0.5833333333333334,1,1,1,0,0,0,0,0,0,0,0,0,1,medio_alto
7,35000.0,47,0.6170212765957447,2,1,1,0,0,0,0,0,0,0,0,1,0,baixo
4,0.0,0,0.0,1,4,1,0,0,0,0,0,1,1,0,1,0,gratuito
1,0.0,0,0.0,12,5,1,0,1,2,1,1,1,0,0,0,0,gratuito
1,0.0,0,0.0,103,2,1,0,0,0,1,0,0,1,0,0,0,medio_baixo
3,10000.0,0,0.0,1,2,1,0,0,0,0,0,1,1,0,0,0,alto
8,10000.0,21,0.6666666666666666,5,3,1,0,0,0,0,0,1,1,0,0,1,medio_baixo
8,10000.0,102,0.6568627450980392,1,1,1,0,0,0,0,1,0,0,0,0,0,medio_baixo
13,350000.0,1665,0.8288288288288288,7,4,1,0,0,0,0,1,0,0,0,0,1,baixo
2,10000.0,11,1.0,2,1,1,1,0,0,1,0,0,0,0,0,0,baixo
3,10000.0,2,1.0,1,2,1,0,0,0,1,0,0,0,1,0,0,medio_alto
3,0.0,0,0.0,0,0,1,0,0,0,0,0,0,0,0,0,0,gratuito
5,10000.0,19,0.9473684210526315,6,1,1,0,0,0,1,0,0,0,0,0,0,baixo
4,10000.0,7,0.8571428571428571,1,6,1,0,0,0,1,1,1,0,1,0,1,medio_baixo
2,10000.0,6,1.0,1,3,1,0,0,0,1,1,0,0,1,0,0,medio_baixo
3,10000.0,2,0.5,1,3,1,0,1,0,1,0,0,1,0,0,1,medio_alto
2,10000.0,1,0.0,40,3,1,0,0,0,0,0,1,1,0,0,1,alto
2,10000.0,12,1.0,3,4,1,1,1,0,1,0,1,1,0,0,0,alto
4,10000.0,45,0.7777777777777778,2,1,1,0,0,0,0,1,0,0,0,0,0,alto
3,10000.0,9,1.0,1,3,1,0,1,0,1,1,1,0,0,0,0,medio_alto
2,10000.0,0,0.0,4,1,1,0,0,1,0,0,0,0,1,0,0,alto
2,0.0,0,0.0,1,2,1,0,0,0,0,0,0,0,0,0,1,gratuito
8,10000.0,26,0.46153846153846156,1,5,1,0,0,0,1,0,0,1,0,1,1,medio_alto
3,10000.0,110,0.9,1,3,1,0,0,0,0,0,0,0,0,0,1,alto
4,75000.0,256,0.76953125,9,2,1,1,1,1,1,0,0,0,0,1,0,medio_alto
4,10000.0,1,1.0,2,3,1,1,0,0,1,1,0,1,0,0,0,baixo
9,10000.0,66,0.4696969696969697,1,4,1,0,0,1,1,0,1,0,1,0,0,baixo
1,10000.0,0,0.0,1,1,1,0,0,0,0,0,0,0,0,0,1,alto
6,75000.0,77,0.7142857142857143,3,5,1,1,1,0,1,1,1,1,0,0,0,gratuito
3,10000.0,0,0.0,2,2,1,0,0,0,1,1,0,0,0,0,0,medio_alto
2,0.0,0,0.0,0,0,1,0,0,0,0,0,0,0,0,0,0,gratuito
5,75000.0,1939,0.9473955647240846,2,2,1,0,0,1,1,0,1,0,0,0,0,medio_alto
2,10000.0,4,0.75,1,3,1,0,0,0,0,0,0,0,0,0,0,gratuito
5,10000.0,31,0.6129032258064516,1,4,1,0,0,2,1,1,1,1,0,0,0,baixo
9,10000.0,14,0.8571428571428571,1,1,1,0,0,0,0,0,0,0,0,0,0,alto
8,10000.0,2,0.5,1,6,1,1,1,0,1,1,1,1,1,0,0,medio_alto
2,10000.0,1,1.0,5,4,1,0,0,0,1,1,1,0,1,0,0,alto
3,10000.0,2,1.0,1,3,1,0,0,0,1,1,1,0,0,0,0,medio_baixo
3,10000.0,19,0.8947368421052632,1,3,1,1,1,0,1,0,0,1,0,1,0,medio_baixo
3,10000.0,3,0.6666666666666666,1,5,1,0,1,4,1,0,1,1,1,1,0,medio_alto
4,10000.0,0,0.0,4,1,1,0,0,0,0,0,0,0,1,0,0,alto
1,10000.0,0,0.0,1,2,1,0,0,0,1,0,0,0,0,1,0,medio_baixo
1,0.0,0,0.0,12,2,1,1,0,0,1,0,1,0,0,0,0,alto
3,10000.0,1,1.0,1,3,1,0,0,0,1,1,1,0,0,0,0,baixo
1,10000.0,0,0.0,1,3,1,0,0,0,1,0,1,1,0,0,0,medio_baixo
2,10000.0,4,1.0,1,4,1,0,0,0,1,0,1,1,0,0,1,baixo
1,10000.0,0,0.0,1,4,1,0,0,0,1,0,0,1,1,0,1,medio_alto
2,10000.0,30,0.8,10,1,1,0,0,0,0,0,1,0,0,0,0,medio_alto
9,75000.0,91,0.5604395604395604,2,3,1,0,0,0,0,0,1,0,1,1,0,medio_baixo
1,10000.0,0,0.0,2,1,1,0,0,1,0,0,0,1,0,0,0,alto
5,350000.0,35,0.9714285714285714,12,3,1,0,1,0,1,0,0,0,0,1,0,gratuito
4,0.0,0,0.0,2,3,1,1,1,0,1,0,1,1,0,0,0,baixo
5,10000.0,35,0.8857142857142857,2,2,1,0,0,0,1,0,0,1,0,0,0,gratuito
11,35000.0,216,0.9305555555555556,2,2,1,0,0,0,1,1,0,0,0,0,0,medio_baixo
2,10000.0,4,0.75,1,3,1,0,0,1,1,0,0,0,1,1,0,medio_baixo
5,35000.0,36,0.6388888888888888,2,2,1,0,0,0,1,0,1,0,0,0,0,alto
9,75000.0,83,0.8674698795180723,1,5,1,0,0,0,1,0,1,1,1,1,0,baixo
7,10000.0,67,0.9402985074626866,3,4,1,0,1,1,1,1,1,0,1,0,0,baixo
2,10000.0,6,1.0,1,1,1,1,0,0,0,0,0,0,0,0,1,medio_alto
2,10000.0,248,0.9435483870967742,5,1,1,0,0,0,0,1,0,0,0,0,0,alto
1,75000.0,822,0.8637469586374696,13,7,1,0,0,0,1,1,1,1,1,1,0,medio_alto
2,10000.0,11,0.8181818181818182,2,3,1,0,0,3,1,1,0,1,0,0,0,medio_baixo
7,10000.0,4,0.5,1,3,1,0,0,0,1,1,0,0,0,0,0,baixo
2,10000.0,16,0.8125,2,6,1,0,0,0,1,1,1,1,1,0,1,medio_baixo
4,10000.0,38,0.9473684210526315,5,4,1,0,0,0,1,1,1,1,0,0,0,medio_alto
2,10000.0,0,0.0,1,5,1,0,0,0,1,1,0,1,0,0,0,gratuito
9,10000.0,3,0.6666666666666666,1,3,1,0,0,0,1,0,0,1,0,0,1,medio_alto
3,10000.0,28,0.9642857142857143,1,1,1,0,0,0,0,1,0,0,0,0,0,medio_alto
1,10000.0,2,1.0,1,5,1,0,0,0,1,0,1,1,1,0,0,medio_alto
9,10000.0,3,0.6666666666666666,1,3,1,0,0,0,1,0,0,1,0,0,0,baixo
1,0.0,0,0.0,0,0,1,0,0,0,0,0,0,0,0,0,0,gratuito
8,350000.0,6154,0.960838479038024,9,2,1,1,1,0,1,1,0,0,0,0,0,medio_alto
1,10000.0,0,0.0,4,5,1,0,0,0,1,1,1,0,0,1,1,medio_alto
1,10000.0,0,0.0,4,1,1,0,0,0,0,0,1,0,0,0,0,medio_alto
14,75000.0,150,0.6533333333333333,1,2,1,0,0,0,0,0,1,1,0,0,0,medio_baixo
11,10000.0,175,0.8628571428571429,1,2,1,1,1,0,1,0,0,0,1,0,0,medio_alto
12,10000.0,115,0.9739130434782609,9,3,1,1,0,0,1,0,0,1,0,1,0,medio_alto
7,10000.0,38,0.868421052631579,3,3,1,0,0,0,0,0,0,0,0,0,0,gratuito
3,10000.0,10,1.0,4,2,1,0,0,0,1,1,0,0,0,0,0,medio_alto
1,10000.0,0,0.0,4,2,1,0,0,0,1,1,0,0,0,0,0,alto
17,10000.0,157,0.7707006369426752,1,2,1,1,1,0,1,0,1,0,0,0,0,baixo
2,10000.0,1,1.0,1,1,1,0,0,0,0,0,0,0,0,1,0,medio_baixo
7,10000.0,43,0.8604651162790697,5,4,1,1,0,0,1,1,1,1,0,0,0,baixo
1,10000.0,0,0.0,1,3,1,0,0,0,0,1,0,1,0,0,0,alto
2,10000.0,40,1.0,3,3,1,0,0,0,1,0,1,1,0,0,0,alto
2,10000.0,163,0.8282208588957055,3,3,1,0,0,2,1,0,1,0,1,0,0,alto
1,10000.0,0,0.0,3,3,1,0,0,0,1,0,0,0,0,0,1,alto
1,10000.0,1,1.0,1,3,1,0,0,0,1,1,0,1,0,0,0,medio_alto
8,10000.0,2,1.0,1,4,1,0,0,0,1,1,1,0,1,0,0,alto
3,0.0,0,0.0,103,1,1,0,0,0,0,0,0,1,0,0,0,baixo
2,0.0,0,0.0,0,0,1,0,0,0,0,0,0,0,0,0,0,gratuito
1,10000.0,0,0.0,1,4,1,0,0,0,1,0,0,1,0,0,1,alto
5,10000.0,12,0.5,12,2,1,1,0,0,0,0,1,1,0,0,0,alto
8,150000.0,2195,0.7835990888382688,12,2,1,1,1,2,1,0,1,0,0,0,0,medio_baixo
4,150000.0,1752,0.9623287671232876,1,1,1,0,0,0,0,1,0,0,0,0,0,medio_baixo
5,10000.0,17,0.7058823529411765,1,2,1,0,0,0,1,0,0,1,0,0,0,medio_alto
8,10000.0,41,0.9512195121951219,1,3,1,1,0,1,1,0,0,0,1,0,1,gratuito
2,10000.0,0,0.0,4,3,1,0,0,0,1,0,0,1,1,0,0,medio_alto
4,0.0,0,0.0,1,3,1,0,0,0,0,1,1,0,1,0,0,gratuito
9,35000.0,90,0.5111111111111111,1,3,1,0,0,0,1,0,0,1,0,0,0,baixo
1,0.0,0,0.0,0,0,1,0,0,0,0,0,0,0,0,0,0,gratuito
11,35000.0,73,0.6712328767123288,1,1,1,0,0,0,0,0,1,0,0,0,0,medio_baixo
6,35000.0,46,0.8260869565217391,1,4,1,0,0,0,1,0,1,0,0,0,1,gratuito
3,10000.0,0,0.0,3,5,1,1,0,0,0,0,1,1,1,1,0,medio_baixo
7,10000.0,11,0.9090909090909091,1,2,1,0,0,0,1,1,0,0,0,0,0,medio_alto
5,0.0,0,0.0,1,4,1,0,0,0,0,0,0,1,1,0,1,gratuito
10,75000.0,41,0.7317073170731707,4,3,1,0,0,0,1,0,0,1,0,1,0,medio_baixo
2,0.0,0,0.0,1,4,1,0,0,0,1,1,1,0,0,0,0,gratuito
2,35000.0,46,0.8043478260869565,1,2,1,0,0,0,1,0,0,0,1,0,0,alto
3,10000.0,18,0.9444444444444444,2,1,1,0,1,0,1,0,0,0,0,0,0,medio_baixo
9,10000.0,50,0.62,1,7,1,0,0,0,1,1,1,1,0,1,0,medio_baixo
2,0.0,0,0.0,0,0,1,0,0,0,0,0,0,0,0,0,0,gratuito
2,0.0,0,0.0,4,1,1,1,1,0,0,0,0,0,0,1,0,gratuito
9,350000.0,5577,0.7534516765285996,11,2,1,1,1,0,1,0,1,0,0,0,0,baixo
2,10000.0,0,0.0,2,1,1,0,0,0,0,1,0,0,0,0,0,alto
2,10000.0,0,0.0,3,4,1,0,0,2,1,0,1,1,1,0,0,medio_alto
15,750000.0,7953,0.6285678360367157,5,2,1,0,0,3,0,1,0,0,0,0,0,gratuito
5,0.0,0,0.0,1,3,1,0,0,1,1,1,1,0,0,0,0,gratuito
3,10000.0,6,0.8333333333333334,1,2,1,1,1,0,1,1,0,0,0,0,0,medio_alto
1,10000.0,490,0.8428571428571429,1,5,1,0,0,0,1,1,1,0,1,0,0,alto
1,0.0,0,0.0,6,3,1,0,0,0,1,0,0,1,0,0,0,alto
3,10000.0,15,0.8,2,1,1,0,0,0,0,0,0,0,0,1,0,medio_baixo
10,10000.0,23,0.6521739130434783,1,3,1,1,0,1,1,0,1,1,0,0,0,medio_baixo
2,10000.0,161,0.7329192546583851,2,2,1,0,0,0,0,1,0,0,1,0,0,medio_baixo
2,10000.0,0,0.0,1,2,1,0,0,0,1,0,0,0,0,0,1,alto
2,10000.0,7,0.42857142857142855,1,2,1,0,0,0,0,0,0,1,0,0,1,medio_alto
4,35000.0,1,1.0,1,2,1,0,0,0,1,1,0,0,0,0,0,baixo
5,0.0,0,0.0,1,1,1,1,1,0,1,0,0,0,0,0,0,gratuito
2,10000.0,7,0.42857142857142855,1,3,1,0,0,0,0,1,1,0,1,0,0,medio_baixo
1,10000.0,0,0.0,11,5,1,1,0,1,1,1,1,0,1,0,0,alto
7,350000.0,1091,0.8808432630614116,8,3,1,1,1,1,1,0,1,1,0,0,0,medio_alto
4,10000.0,2,1.0,1,1,1,0,0,0,0,0,0,0,0,1,0,medio_baixo
1,0.0,0,0.0,1,2,1,0,0,0,0,0,0,0,0,1,1,baixo
2,10000.0,1,1.0,1,2,1,0,0,0,1,0,0,1,0,0,0,medio_baixo
3,10000.0,19,1.0,1,5,1,0,0,0,1,1,1,0,1,0,0,alto
3,0.0,0,0.0,0,0,1,0,0,0,0,0,0,0,0,0,0,gratuito
7,7500000.0,90894,0.8224195216405923,28,3,1,1,1,0,0,0,0,1,0,1,0,gratuito
8,10000.0,6,1.0,5,3,1,0,1,0,1,1,0,0,0,0,1,medio_alto
1,10000.0,0,0.0,1,3,1,0,0,0,1,0,0,1,0,0,0,medio_baixo
2,10000.0,24,0.9166666666666666,2,1,1,0,0,1,0,1,0,0,0,0,0,alto
5,35000.0,181,0.7679558011049724,2,3,1,1,1,0,1,0,1,0,1,0,0,medio_alto
2,10000.0,102,0.7450980392156863,10,5,1,0,0,0,1,1,0,1,1,0,0,baixo
3,10000.0,0,0.0,1,3,1,0,0,0,1,0,0,1,0,0,1,medio_alto
3,0.0,0,0.0,0,0,1,0,0,0,0,0,0,0,0,0,0,gratuito
6,10000.0,39,0.7435897435897436,1,3,1,1,0,0,1,1,1,0,0,0,0,baixo
4,10000.0,26,0.46153846153846156,103,2,1,0,0,0,1,0,1,0,0,0,0,baixo
7,10000.0,16,0.8125,2,2,1,0,0,0,1,0,0,1,0,0,0,baixo
11,150000.0,1053,0.49382716049382713,7,3,1,1,1,0,1,0,0,1,0,1,0,baixo
1,10000.0,987,0.9473150962512664,3,6,1,0,0,0,1,0,1,1,1,0,1,alto
3,10000.0,2,1.0,1,2,1,0,0,0,1,0,0,1,0,0,0,medio_alto
1,10000.0,0,0.0,16,3,1,0,0,0,1,0,1,0,0,0,1,baixo
4,10000.0,90,0.9777777777777777,12,3,1,0,0,1,1,0,0,1,0,1,0,baixo
1,0.0,0,0.0,1,3,1,0,0,0,1,0,1,0,0,0,0,gratuito
3,0.0,0,0.0,3,3,1,0,0,1,1,1,0,0,0,0,0,gratuito
8,10000.0,8,0.625,10,3,1,1,0,1,1,0,0,1,0,1,0,baixo
1,10000.0,0,0.0,9,2,1,0,0,0,0,0,0,1,1,0,0,medio_alto
8,10000.0,1,0.0,1,5,1,0,0,0,1,1,1,1,0,0,0,alto
10,10000.0,108,0.8148148148148148,1,1,1,0,0,0,0,0,0,0,0,0,0,alto
2,10000.0,55,0.7818181818181819,12,3,1,0,0,1,0,0,1,0,1,0,1,alto
1,10000.0,0,0.0,1,5,1,0,0,0,1,1,1,0,1,1,0,medio_baixo
1,0.0,0,0.0,0,0,1,0,0,0,0,0,0,0,0,0,0,gratuito
6,35000.0,14,0.5714285714285714,1,3,1,0,0,99,1,1,0,1,0,0,0,gratuito
2,10000.0,0,0.0,7,2,1,0,0,0,0,0,0,1,1,0,0,medio_alto
3,10000.0,20,0.9,4,2,1,1,1,0,1,0,0,1,0,0,0,alto
2,150000.0,2854,0.9295725297827611,9,5,1,0,0,0,1,1,1,0,1,0,0,alto
4,75000.0,20,0.6,1,3,1,1,0,0,0,0,0,0,0,1,0,medio_alto
8,10000.0,50,0.9,1,2,1,0,0,0,1,0,0,0,1,0,0,baixo
6,10000.0,3,0.6666666666666666,10,1,1,0,0,0,1,0,0,0,0,0,0,medio_alto
8,10000.0,164,0.7804878048780488,1,3,1,0,0,0,1,0,1,1,0,0,0,baixo
1,0.0,0,0.0,0,0,1,0,0,0,0,0,0,0,0,0,0,gratuito
7,10000.0,10,0.9,1,2,1,0,0,0,0,0,0,0,0,1,0,alto
2,0.0,0,0.0,0,0,1,0,0,0,0,0,0,0,0,0,0,gratuito
8,35000.0,86,0.8488372093023255,3,2,1,0,0,1,1,0,1,0,0,0,0,medio_alto
3,0.0,0,0.0,1,2,1,0,0,0,1,0,0,0,0,1,0,gratuito
11,35000.0,96,0.9375,4,2,1,0,0,0,0,0,0,1,0,1,0,baixo
7,10000.0,25,0.6,1,1,1,0,0,0,0,0,0,0,0,0,0,gratuito
5,10000.0,141,0.9290780141843972,2,2,1,0,0,0,1,0,1,0,0,0,0,medio_baixo
3,150000.0,819,0.8485958485958486,2,3,1,0,0,1,1,0,0,0,0,1,1,alto
5,10000.0,10,0.8,2,1,1,0,0,0,0,0,0,0,0,0,1,baixo
11,10000.0,7,0.5714285714285714,1,2,1,1,1,0,0,0,1,1,0,0,0,medio_baixo
10,10000.0,107,0.8878504672897196,1,1,1,0,0,0,1,0,0,0,0,0,0,alto
7,750000.0,5987,0.882077835309838,8,3,1,1,1,1,1,0,0,0,1,1,0,medio_alto
2,10000.0,26,0.9230769230769231,1,4,1,0,0,1,1,1,1,0,1,0,0,alto
7,10000.0,2,1.0,1,2,1,0,0,0,1,0,0,1,0,0,0,baixo
4,10000.0,80,0.4875,1,3,1,0,0,0,0,0,0,1,1,0,0,gratuito
2,35000.0,262,0.8587786259541985,7,2,1,1,1,1,1,1,0,0,0,0,0,alto
1,10000.0,71,0.8732394366197183,4,2,1,0,0,0,0,0,1,0,1,0,0,medio_alto
10,10000.0,185,0.8324324324324325,1,3,1,0,0,0,1,1,1,0,0,0,0,gratuito
4,10000.0,1,0.0,1,5,1,0,0,0,1,0,0,0,0,0,1,alto
8,10000.0,43,0.7906976744186046,1,2,1,0,0,0,1,0,0,0,0,0,0,alto
5,750000.0,9602,0.883565923765882,8,1,1,0,0,22,0,1,0,0,0,0,0,alto
4,75000.0,132,0.8409090909090909,3,3,1,0,0,0,1,0,1,0,0,0,0,alto
2,10000.0,0,0.0,1,3,1,0,0,0,1,0,0,1,0,1,0,medio_alto
7,10000.0,13,1.0,1,2,1,0,1,0,0,0,0,0,0,0,0,gratuito
2,10000.0,21,1.0,7,4,1,0,0,0,1,0,1,1,1,0,0,alto
2,10000.0,2,0.0,1,3,1,0,0,0,1,0,1,1,0,0,0,medio_baixo
7,10000.0,3,0.3333333333333333,13,2,1,1,1,0,1,1,0,0,0,0,0,baixo
4,10000.0,37,0.8378378378378378,1,2,1,0,0,0,1,0,1,0,0,0,0,medio_baixo
1,0.0,0,0.0,1,3,1,0,0,0,1,0,0,1,0,0,0,gratuito
2,10000.0,1,1.0,5,3,1,0,0,0,1,1,1,0,0,0,0,medio_baixo
3,0.0,0,0.0,2,3,1,0,0,0,0,0,1,1,0,0,1,baixo
1,10000.0,1,1.0,7,1,1,0,0,0,0,0,0,1,0,0,0,baixo
1,0.0,0,0.0,11,3,1,0,0,0,1,1,0,0,0,0,1,medio_alto
2,10000.0,13,0.5384615384615384,5,3,1,0,0,0,0,1,0,0,1,0,1,alto
2,10000.0,6,0.5,30,3,1,1,1,0,1,1,1,0,0,0,0,baixo
3,0.0,0,0.0,0,0,1,0,0,0,0,0,0,0,0,0,0,gratuito
5,10000.0,6,0.8333333333333334,1,1,1,0,0,0,1,0,0,0,0,0,0,baixo
1,350000.0,3967,0.8253087975800353,12,3,1,0,0,5,1,1,0,0,1,0,0,alto
3,0.0,0,0.0,0,0,1,0,0,0,0,0,0,0,0,0,0,gratuito
2,0.0,0,0.0,0,0,1,0,0,0,0,0,0,0,0,0,0,gratuito
4,0.0,0,0.0,1,4,1,0,0,0,1,1,0,0,0,0,0,gratuito
3,10000.0,66,0.696969696969697,2,5,1,0,0,0,1,0,1,1,0,0,0,gratuito
1,0.0,0,0.0,0,0,1,0,0,0,0,0,0,0,0,0,0,gratuito
3,0.0,0,0.0,2,1,1,0,0,0,0,0,0,0,0,0,0,gratuito
1,10000.0,0,0.0,7,3,1,0,0,0,1,0,1,1,0,0,0,alto
5,35000.0,8,1.0,2,1,1,1,0,0,0,0,0,0,0,0,0,baixo
14,35000.0,121,0.8099173553719008,1,2,1,0,0,0,1,1,0,0,0,0,0,alto
10,350000.0,8838,0.8718035754695632,10,3,1,1,1,2,1,1,1,0,0,0,0,medio_baixo
4,10000.0,522,0.8390804597701149,11,4,1,0,0,0,1,0,0,1,0,1,1,alto
11,75000.0,34,0.29411764705882354,1,5,1,1,1,0,1,0,1,0,1,1,0,gratuito
12,10000.0,96,0.5625,1,1,1,1,1,0,0,0,0,0,1,0,0,medio_baixo
8,75000.0,18,0.5,4,5,1,1,1,0,1,1,1,1,0,0,1,baixo
10,350000.0,209,0.4354066985645933,1,3,1,0,0,0,1,0,1,1,0,0,0,baixo
5,150000.0,10,0.4,1,4,1,0,0,0,1,0,0,1,0,1,0,baixo
5,350000.0,1244,0.7853697749196141,9,3,1,0,0,2,1,1,0,0,0,0,0,gratuito
4,0.0,0,0.0,1,5,1,0,0,0,1,0,1,0,1,0,0,gratuito
2,0.0,0,0.0,1,3,1,0,0,0,1,0,0,1,0,0,0,gratuito
1,0.0,0,0.0,1,3,1,0,0,1,1,1,0,0,0,0,0,gratuito
10,10000.0,5,0.4,1,2,1,0,0,0,0,0,0,0,1,1,0,medio_baixo
1,10000.0,0,0.0,27,2,1,1,1,0,1,0,0,0,0,0,1,baixo
2,10000.0,22,0.8181818181818182,2,4,1,0,0,0,1,1,1,1,0,0,0,medio_alto
1,0.0,0,0.0,103,3,1,0,0,2,1,0,0,1,0,0,0,medio_baixo
2,10000.0,45,0.6222222222222222,7,3,1,0,0,0,1,0,0,1,0,0,1,medio_alto
4,10000.0,11,0.7272727272727273,2,2,1,0,0,0,1,0,0,1,0,0,0,medio_baixo
5,10000.0,8,0.625,1,5,1,0,0,1,1,1,1,1,0,1,0,medio_alto
2,10000.0,5,0.8,5,3,1,1,1,0,1,0,0,1,0,0,0,gratuito
3,150000.0,1064,0.8543233082706767,8,2,1,0,0,1,0,0,0,0,1,1,0,alto
8,10000.0,21,0.6666666666666666,1,2,1,0,0,0,1,0,0,1,0,0,0,baixo
3,0.0,0,0.0,1,2,1,0,0,0,1,1,0,0,0,0,0,gratuito
6,35000.0,7,0.8571428571428571,2,2,1,0,0,0,1,0,0,1,0,0,0,baixo
5,35000.0,8,0.875,2,2,1,0,0,0,1,1,0,0,0,0,0,baixo
3,10000.0,0,0.0,4,3,1,0,0,2,1,1,0,1,0,0,0,alto
1,10000.0,0,0.0,1,2,1,0,0,0,1,0,1,0,0,0,0,baixo
1,10000.0,232,0.8663793103448276,10,2,1,0,0,1,1,0,0,0,0,1,0,alto
4,10000.0,53,0.9433962264150944,2,3,1,0,0,0,1,0,0,1,1,0,0,medio_baixo
5,750000.0,2471,0.9198704977741805,8,2,1,0,0,2,1,0,1,0,0,0,0,medio_baixo
6,10000.0,21,0.9047619047619048,1,3,1,0,0,0,1,1,0,1,0,0,0,baixo
2,10000.0,2,1.0,1,2,1,0,0,0,1,0,0,1,0,0,0,medio_baixo
3,10000.0,1,1.0,1,3,1,0,0,0,1,1,1,0,0,0,0,alto
2,10000.0,0,0.0,1,1,1,0,0,0,0,0,0,1,0,0,0,baixo
8,75000.0,138,0.9420289855072463,1,4,1,0,0,0,1,1,1,0,1,0,0,baixo
2,10000.0,5,0.0,1,4,1,0,0,0,1,0,0,1,0,1,1,medio_alto
10,10000.0,27,0.37037037037037035,1,4,1,0,0,0,1,1,1,0,0,0,1,gratuito
10,75000.0,101,0.7623762376237624,1,2,1,1,1,0,1,1,0,0,0,0,0,baixo
5,10000.0,16,1.0,3,2,1,1,1,0,1,1,0,0,0,0,0,baixo
9,10000.0,5,0.2,1,2,1,0,0,0,1,1,0,0,0,0,0,alto
2,0.0,0,0.0,1,4,1,0,0,0,1,1,0,1,0,0,0,gratuito
8,35000.0,182,0.8131868131868132,2,3,1,1,1,0,1,1,0,0,1,0,0,medio_alto
8,10000.0,71,0.9154929577464789,2,3,1,0,0,0,1,0,0,1,0,0,1,medio_baixo
2,0.0,0,0.0,0,0,1,0,0,0,0,0,0,0,0,0,0,gratuito
9,10000.0,57,0.8245614035087719,1,3,1,1,1,0,1,0,0,0,1,1,0,medio_alto
1,10000.0,12,0.9166666666666666,2,2,1,0,0,0,0,1,1,0,0,0,0,baixo
1,10000.0,0,0.0,4,3,1,1,1,1,1,0,1,1,0,0,0,baixo
2,10000.0,34,0.9705882352941176,1,1,1,0,0,3,0,0,0,1,0,0,0,baixo
3,10000.0,1,1.0,1,5,1,0,0,0,1,1,0,0,0,1,1,alto
5,35000.0,670,0.9373134328358209,1,5,1,1,0,0,1,0,1,1,1,0,1,baixo
8,10000.0,128,0.8359375,3,4,1,0,0,0,1,0,1,1,1,0,0,baixo
5,10000.0,6,1.0,1,3,1,0,0,0,1,0,1,0,1,0,0,baixo
4,10000.0,1,1.0,1,3,1,0,0,0,0,0,0,0,1,1,0,alto
4,0.0,0,0.0,2,6,1,1,1,1,1,1,1,0,1,0,0,gratuito
1,10000.0,0,0.0,1,2,1,0,0,0,0,0,0,0,1,1,0,alto
2,75000.0,88,0.9318181818181818,30,3,1,0,0,0,1,0,1,0,0,0,1,alto
10,10000.0,32,0.53125,1,4,1,0,0,0,1,1,1,1,0,0,0,medio_baixo
5,0.0,0,0.0,0,0,1,0,0,0,0,0,0,0,0,0,0,gratuito
4,10000.0,2,0.5,1,1,1,0,0,0,0,0,0,1,0,0,0,baixo
6,10000.0,178,0.9157303370786517,2,1,1,0,0,0,1,0,0,0,0,0,0,baixo
1,0.0,0,0.0,103,2,1,0,0,0,1,0,0,1,0,0,0,baixo
4,10000.0,4,0.75,1,5,1,0,0,0,1,1,1,1,0,0,0,medio_baixo
2,10000.0,1,1.0,1,3,1,0,0,0,1,1,0,0,0,0,0,medio_alto
8,10000.0,4,0.5,1,3,1,0,0,0,1,0,1,1,0,0,0,medio_alto
4,10000.0,0,0.0,1,3,1,1,0,0,0,0,1,1,0,0,0,alto
3,75000.0,7,0.5714285714285714,1,1,1,0,0,0,0,0,0,1,0,0,0,baixo
2,10000.0,0,0.0,1,4,1,1,1,1,1,0,0,1,0,0,1,gratuito
2,0.0,0,0.0,0,0,1,0,0,0,0,0,0,0,0,0,0,gratuito
4,10000.0,8,1.0,1,3,1,0,0,0,1,1,0,0,0,1,0,medio_alto
2,10000.0,0,0.0,1,3,1,0,0,0,1,0,0,1,1,0,0,alto
1,0.0,0,0.0,0,0,1,0,0,0,0,0,0,0,0,0,0,gratuito
7,10000.0,13,0.8461538461538461,1,3,1,0,0,0,1,1,1,0,0,0,0,alto
2,10000.0,6,0.8333333333333334,2,4,1,0,0,0,1,1,0,0,0,0,1,baixo
1,0.0,0,0.0,0,0,1,0,0,0,0,0,0,0,0,0,0,gratuito
2,150000.0,2759,0.9231605654222544,12,3,1,0,0,1,1,1,1,0,0,0,0,alto
2,10000.0,4,0.75,1,1,1,0,0,0,0,0,0,0,0,0,1,medio_alto
5,10000.0,8,0.625,4,1,1,0,0,0,0,0,0,1,0,0,0,medio_baixo
7,10000.0,28,0.8571428571428571,7,3,1,1,1,1,1,1,1,0,0,0,0,alto
5,0.0,0,0.0,0,0,1,0,0,0,0,0,0,0,0,0,0,gratuito
5,10000.0,40,0.875,2,2,1,0,0,0,1,1,0,0,0,0,0,baixo
5,10000.0,2,0.0,1,2,1,0,0,0,0,1,1,0,0,0,0,baixo
5,10000.0,5,0.8,4,2,1,0,0,0,1,0,0,0,0,1,0,alto
7,10000.0,37,0.5945945945945946,1,3,1,1,0,0,1,1,1,0,0,0,0,medio_baixo
4,10000.0,0,0.0,1,2,1,0,0,0,0,0,0,1,0,1,0,baixo
6,10000.0,30,0.26666666666666666,1,2,1,0,0,0,1,1,0,0,0,0,0,medio_baixo
3,0.0,0,0.0,1,5,1,0,0,0,1,0,0,0,0,0,0,gratuito
1,0.0,0,0.0,2,5,1,0,0,0,0,1,1,0,1,0,0,gratuito
1,10000.0,0,0.0,7,3,1,0,0,1,1,1,1,0,0,0,0,alto
1,10000.0,0,0.0,9,5,1,0,0,1,1,0,1,1,0,1,1,alto
2,10000.0,0,0.0,1,4,1,0,0,1,1,0,0,1,0,1,0,gratuito
13,75000.0,536,0.2593283582089552,6,1,1,0,0,0,0,0,0,0,0,0,1,baixo
1,0.0,0,0.0,1,5,1,0,0,0,0,0,1,0,1,1,1,gratuito
9,10000.0,22,0.5909090909090909,1,2,1,0,0,0,0,0,1,1,0,0,0,medio_alto
6,0.0,0,0.0,0,0,1,0,0,0,0,0,0,0,0,0,0,gratuito
6,150000.0,2169,0.9552789303826649,2,2,1,0,0,1,1,0,1,0,0,0,0,gratuito
1,10000.0,6,0.0,2,1,1,0,0,0,0,1,0,0,0,0,0,medio_baixo
6,10000.0,22,0.8636363636363636,3,2,1,0,0,0,1,1,0,0,0,0,0,alto
2,35000.0,65,0.7230769230769231,5,3,1,0,0,0,1,1,1,0,0,0,0,medio_alto
7,35000.0,295,0.5322033898305085,8,4,1,0,0,0,1,1,1,0,0,1,0,medio_alto
2,10000.0,3,1.0,1,3,1,0,0,0,1,0,0,1,0,1,0,baixo
3,0.0,0,0.0,0,0,1,0,0,0,0,0,0,0,0,0,0,gratuito
1,0.0,0,0.0,4,1,1,0,0,0,0,0,1,0,0,0,0,alto
3,0.0,0,0.0,0,0,1,0,0,0,0,0,0,0,0,0,0,gratuito
1,10000.0,0,0.0,9,3,1,1,0,0,1,0,1,1,0,0,0,baixo
8,10000.0,26,0.6538461538461539,4,3,1,0,0,1,1,0,0,1,0,0,0,baixo
3,0.0,0,0.0,2,4,1,0,0,1,1,0,0,0,1,0,0,gratuito
3,0.0,0,0.0,3,1,1,0,0,0,0,0,0,0,0,0,0,gratuito
2,10000.0,2,0.5,1,3,1,0,0,0,1,0,0,1,0,1,0,medio_baixo
5,10000.0,8,0.875,1,5,1,0,0,0,1,0,1,0,0,1,1,medio_baixo
4,10000.0,0,0.0,1,2,1,0,0,0,1,0,0,1,0,0,0,baixo
4,10000.0,36,0.8333333333333334,4,5,1,0,0,0,1,1,0,0,0,0,1,gratuito
5,0.0,0,0.0,0,0,1,0,0,0,0,0,0,0,0,0,0,gratuito
6,10000.0,36,0.8333333333333334,12,2,1,0,0,0,0,0,0,1,0,1,0,medio_baixo
8,10000.0,4,0.75,1,2,1,0,0,0,1,1,0,0,0,0,0,baixo
3,10000.0,26,0.6923076923076923,1,2,1,1,0,0,1,0,0,1,0,0,0,medio_baixo
4,10000.0,6,1.0,2,2,1,0,0,0,1,0,0,1,0,0,0,baixo
2,10000.0,0,0.0,1,2,1,0,0,0,0,0,1,1,0,0,0,alto
1,10000.0,1,1.0,1,1,1,0,0,0,0,0,0,1,0,0,0,medio_baixo
4,10000.0,20,0.9,3,3,1,0,0,0,1,1,1,0,0,0,0,medio_baixo
10,10000.0,18,0.8888888888888888,1,1,1,0,0,0,0,0,0,0,0,0,0,gratuito
9,10000.0,7,1.0,2,2,1,0,1,0,1,1,0,0,0,0,0,medio_baixo
4,10000.0,17,0.8823529411764706,1,3,1,0,1,0,1,0,1,1,0,0,0,medio_baixo
5,10000.0,130,0.9769230769230769,2,3,1,0,0,0,1,1,0,1,0,0,0,medio_baixo
4,10000.0,48,0.9166666666666666,1,2,1,0,0,0,1,0,1,0,0,0,0,alto
8,10000.0,26,0.7692307692307693,1,3,1,0,0,0,1,1,0,1,0,0,0,medio_alto
6,35000.0,20,0.9,3,4,1,0,0,0,1,0,0,1,0,1,1,medio_baixo
4,10000.0,64,0.921875,6,4,1,0,0,0,1,0,0,1,0,1,0,medio_baixo
2,10000.0,21,1.0,1,2,1,0,0,0,1,0,0,1,0,0,0,baixo
7,10000.0,12,0.8333333333333334,4,1,1,0,0,0,0,0,0,1,0,0,0,baixo
10,10000.0,10,1.0,1,2,1,0,0,0,0,0,1,1,0,0,0,gratuito
7,10000.0,1,0.0,10,2,1,1,1,0,1,0,0,1,0,0,0,baixo
1,0.0,0,0.0,1,4,1,0,0,0,1,1,1,1,0,0,0,alto
19,75000.0,477,0.9454926624737946,5,1,1,0,0,0,0,1,0,0,0,0,0,medio_baixo
9,10000.0,44,0.5681818181818182,1,2,1,0,0,0,0,1,0,1,0,0,0,baixo
5,10000.0,1,1.0,2,2,1,0,0,0,0,0,0,1,0,1,0,medio_baixo
2,75000.0,1847,0.7617758527341635,9,2,1,0,0,0,0,1,1,0,0,0,0,alto
1,10000.0,11,0.8181818181818182,1,1,1,0,0,0,1,0,0,0,0,0,0,baixo
3,10000.0,28,0.8928571428571429,1,3,1,0,0,0,1,0,1,1,0,0,0,medio_baixo
9,10000.0,7,0.8571428571428571,1,1,1,0,1,0,1,0,0,0,0,0,0,medio_alto
4,10000.0,9,0.6666666666666666,2,3,1,0,0,0,1,0,1,1,0,0,0,alto
4,10000.0,0,0.0,1,2,1,0,0,0,1,0,0,1,0,0,0,baixo
6,10000.0,29,0.7586206896551724,1,1,1,0,0,0,0,0,0,0,1,0,0,alto
1,10000.0,0,0.0,1,3,1,0,0,1,0,1,1,0,0,0,1,alto
2,0.0,0,0.0,1,3,1,0,0,0,0,1,0,0,0,0,0,gratuito
6,10000.0,14,0.9285714285714286,1,2,1,0,0,0,1,1,0,0,0,0,0,medio_baixo
3,10000.0,45,0.7777777777777778,1,3,1,1,0,0,1,0,0,0,1,1,0,alto
1,10000.0,365,0.9013698630136986,13,5,1,0,0,3,1,1,1,1,0,0,0,alto
1,10000.0,0,0.0,13,2,1,0,0,0,0,0,1,0,0,0,1,alto
7,10000.0,6,0.8333333333333334,1,3,1,0,0,0,1,1,0,0,0,0,0,gratuito
3,10000.0,31,0.6129032258064516,1,3,1,0,0,0,1,1,0,1,0,0,0,medio_baixo
1,0.0,0,0.0,1,2,1,0,0,0,1,0,0,0,0,0,0,gratuito
3,0.0,0,0.0,7,2,1,0,0,0,1,0,0,0,0,1,0,gratuito
10,35000.0,68,0.5735294117647058,1,4,1,0,0,0,1,0,1,0,1,0,1,gratuito
2,10000.0,0,0.0,4,5,1,0,0,0,1,0,1,0,1,1,1,medio_alto
3,10000.0,6,0.8333333333333334,1,4,1,0,0,1,1,0,1,0,1,0,1,alto
5,0.0,0,0.0,1,3,1,0,0,0,0,1,1,0,0,0,0,gratuito
1,0.0,0,0.0,0,0,1,0,0,0,0,0,0,0,0,0,0,gratuito
5,10000.0,0,0.0,4,2,1,0,0,0,0,0,0,0,0,0,0,medio_baixo
5,10000.0,5,0.6,1,2,1,1,0,0,1,0,0,0,0,1,0,baixo
9,10000.0,8,0.375,2,1,1,0,0,0,1,0,0,0,0,0,0,medio_alto
1,0.0,0,0.0,1,5,1,0,0,0,1,0,0,1,0,1,0,gratuito
6,35000.0,33,0.8181818181818182,1,1,1,0,0,0,1,0,0,0,0,0,0,medio_baixo
9,10000.0,182,0.9120879120879121,1,3,1,0,0,1,1,0,1,0,1,0,0,medio_baixo
5,10000.0,2,1.0,1,5,1,0,0,0,1,0,1,1,1,1,0,baixo
6,10000.0,10,0.9,10,3,1,0,0,0,1,0,0,1,0,0,0,medio_baixo
1,0.0,0,0.0,1,3,1,0,0,0,1,0,0,0,0,0,1,gratuito
5,10000.0,42,0.5952380952380952,10,1,1,0,0,0,0,0,0,1,0,0,0,alto
1,0.0,0,0.0,103,3,1,1,1,1,1,1,0,1,0,0,0,baixo
1,10000.0,103,0.912621359223301,1,1,1,0,0,0,0,1,0,0,0,0,0,baixo
2,10000.0,17,0.6470588235294118,2,1,1,0,0,0,0,1,0,0,0,0,0,medio_baixo
12,35000.0,169,0.650887573964497,1,3,1,1,0,0,1,0,1,1,0,0,0,medio_baixo
12,75000.0,97,0.7731958762886598,1,3,1,1,1,0,1,0,1,0,1,0,0,alto
1,10000.0,2,1.0,1,2,1,0,0,0,1,1,0,0,0,0,0,baixo
3,10000.0,2,1.0,1,3,1,0,0,0,0,1,1,1,0,0,0,medio_alto
7,10000.0,3,1.0,9,2,1,0,0,0,0,1,1,0,0,0,0,medio_alto
9,10000.0,8,0.25,1,5,1,1,1,0,0,1,0,1,0,1,1,medio_alto
3,10000.0,1,0.0,1,1,1,0,0,0,1,0,0,0,0,0,0,baixo
5,10000.0,20,0.65,1,2,1,0,0,0,0,0,1,0,0,0,0,baixo
6,35000.0,6,0.3333333333333333,2,2,1,1,0,0,1,0,1,0,0,0,0,medio_alto
8,35000.0,79,0.5822784810126582,1,3,1,0,0,0,1,1,0,1,0,0,0,baixo
3,10000.0,262,0.9923664122137404,11,3,1,1,1,0,1,1,0,1,0,0,0,baixo
3,0.0,0,0.0,0,0,1,0,0,0,0,0,0,0,0,0,0,gratuito
10,10000.0,26,0.8076923076923077,1,2,1,1,1,1,1,1,0,0,0,0,0,medio_alto
4,10000.0,2,1.0,1,1,1,0,0,0,0,1,0,0,0,0,0,medio_baixo
6,10000.0,0,0.0,103,2,1,0,0,2,1,0,0,1,0,0,0,baixo
1,10000.0,3,0.6666666666666666,1,5,1,0,0,0,1,1,1,1,1,0,0,medio_alto
2,10000.0,48,0.75,1,3,1,0,0,0,1,1,1,0,0,0,0,medio_baixo
2,10000.0,3,1.0,1,4,1,0,0,2,1,1,1,1,0,0,0,medio_alto
4,0.0,0,0.0,1,2,1,0,0,0,0,0,1,1,0,0,0,gratuito
1,0.0,0,0.0,2,2,1,0,0,0,1,0,0,0,0,0,1,medio_alto
2,0.0,0,0.0,0,0,1,0,0,0,0,0,0,0,0,0,0,gratuito
2,10000.0,2,0.0,1,2,1,0,0,0,1,0,1,0,0,0,0,medio_baixo
7,35000.0,147,0.6802721088435374,1,4,1,0,0,0,1,0,1,0,0,0,0,gratuito
2,10000.0,16,0.625,2,5,1,0,0,0,1,1,1,1,0,0,0,medio_alto
2,10000.0,11,0.2727272727272727,6,2,1,0,0,0,0,0,0,1,0,0,1,medio_baixo
5,35000.0,19,0.8947368421052632,1,2,1,0,0,1,1,0,1,0,0,0,0,medio_baixo
1,10000.0,0,0.0,1,5,1,0,0,0,1,0,1,1,0,0,1,medio_baixo
1,10000.0,0,0.0,1,5,1,0,0,0,1,1,1,1,0,1,0,medio_baixo
3,10000.0,8,0.375,26,4,1,0,0,0,1,1,0,0,0,0,1,baixo
9,10000.0,11,0.45454545454545453,1,2,1,0,0,0,0,0,0,1,0,0,0,medio_alto
4,0.0,0,0.0,1,5,1,0,0,0,1,1,0,1,1,0,0,gratuito
8,10000.0,73,0.9315068493150684,1,1,1,1,1,0,1,0,0,0,0,0,0,alto
8,10000.0,18,0.6111111111111112,1,4,1,0,0,0,1,1,0,1,0,1,0,medio_baixo
1,10000.0,0,0.0,1,2,1,1,0,0,0,0,1,1,0,0,0,medio_alto
3,10000.0,0,0.0,1,2,1,0,0,0,0,0,1,1,0,0,0,alto
7,75000.0,80,0.4625,2,5,1,0,0,1,1,0,0,1,1,1,0,baixo
4,0.0,0,0.0,5,4,1,0,1,0,1,1,1,0,0,0,0,gratuito
9,10000.0,7,1.0,3,3,1,0,0,1,1,1,0,0,0,0,0,medio_alto
1,10000.0,8,1.0,1,2,1,0,0,0,1,1,0,0,0,0,0,medio_alto
1,0.0,0,0.0,1,2,1,0,0,0,1,0,0,1,0,0,0,medio_alto
2,10000.0,12,0.8333333333333334,1,3,1,0,0,0,1,1,0,0,0,0,0,medio_alto
4,10000.0,3,1.0,2,3,1,0,0,0,0,1,0,1,0,1,0,medio_baixo
2,35000.0,343,0.793002915451895,3,4,1,1,0,0,1,0,1,0,1,0,1,medio_alto
5,35000.0,4,1.0,1,3,1,0,0,0,1,1,0,0,0,0,0,medio_alto
2,10000.0,8,1.0,1,1,1,0,0,1,1,0,0,0,0,0,0,medio_baixo
2,10000.0,33,1.0,2,1,1,1,1,0,0,0,0,0,0,0,1,medio_alto
8,10000.0,133,0.8571428571428571,5,1,1,0,0,0,1,0,0,0,0,0,0,baixo
3,0.0,0,0.0,0,0,1,0,0,0,0,0,0,0,0,0,0,gratuito
1,0.0,0,0.0,1,5,1,0,0,0,1,0,1,1,1,0,1,medio_baixo
4,10000.0,17,0.9411764705882353,5,2,1,0,0,0,0,0,0,1,0,0,0,medio_baixo
1,10000.0,11,1.0,12,3,1,1,1,1,1,1,0,1,0,0,0,alto
2,10000.0,12,0.9166666666666666,8,3,1,0,0,0,1,0,1,1,0,0,0,medio_baixo
2,10000.0,1,1.0,1,2,1,1,0,0,1,0,0,0,0,1,0,alto
6,10000.0,1,1.0,29,4,1,1,1,0,1,1,0,1,0,1,0,baixo
2,10000.0,0,0.0,9,3,1,1,0,0,1,0,0,1,0,1,0,medio_baixo
4,350000.0,7383,0.6410673168088853,2,8,1,0,0,5,1,1,1,1,1,1,0,gratuito
11,1500000.0,1044,0.64272030651341,1,4,1,0,0,0,1,0,1,0,1,0,0,baixo
1,10000.0,0,0.0,1,3,1,0,0,0,0,0,1,1,0,0,1,alto
15,10000.0,105,0.6666666666666666,1,2,1,1,0,0,1,1,0,0,0,0,0,gratuito
2,10000.0,0,0.0,1,5,1,0,0,0,1,0,0,1,0,1,0,gratuito
5,10000.0,4,0.25,1,1,1,0,0,0,0,0,0,1,0,0,0,medio_alto
2,10000.0,0,0.0,10,4,1,0,0,0,0,0,0,0,1,1,1,alto
2,10000.0,207,0.9082125603864735,5,3,1,0,0,1,1,0,0,1,0,0,1,medio_alto
1,10000.0,0,0.0,1,3,1,0,0,0,1,0,1,0,0,0,1,baixo
4,35000.0,10,1.0,1,4,1,0,0,0,1,1,1,0,0,0,0,alto
3,10000.0,5,0.8,1,2,1,1,0,0,0,0,1,1,0,0,0,medio_alto
2,0.0,0,0.0,9,4,1,0,0,0,1,1,1,0,0,0,0,gratuito
4,10000.0,6,0.8333333333333334,9,3,1,0,0,0,1,0,1,1,0,0,0,baixo
4,10000.0,14,0.7857142857142857,103,1,1,0,0,0,1,0,0,0,0,0,0,baixo
4,10000.0,4,0.75,1,3,1,0,0,0,1,0,1,1,0,0,0,baixo
9,10000.0,15,0.8666666666666667,1,3,1,0,0,0,1,1,0,1,0,0,0,baixo
1,10000.0,15,1.0,3,3,1,0,0,0,1,0,1,0,0,1,0,alto
1,10000.0,0,0.0,2,4,1,0,0,0,1,0,1,0,1,1,0,alto
1,0.0,0,0.0,6,4,1,0,0,0,1,1,0,0,0,1,0,gratuito
4,10000.0,0,0.0,1,3,1,0,0,0,1,1,0,0,0,0,1,baixo
2,10000.0,90,0.8111111111111111,3,1,1,0,0,0,0,0,1,0,0,0,0,alto
3,10000.0,4,1.0,3,5,1,0,0,0,1,1,0,1,0,0,1,medio_baixo
7,35000.0,39,0.5641025641025641,1,3,1,0,0,0,1,1,0,0,0,0,0,gratuito
2,10000.0,29,0.8275862068965517,12,3,1,1,0,1,1,1,1,0,0,0,0,alto
1,0.0,0,0.0,103,2,1,0,0,0,1,0,0,1,0,0,0,baixo
1,10000.0,0,0.0,3,4,1,0,0,0,1,0,0,1,1,1,0,medio_alto
6,10000.0,20,0.85,2,3,1,1,0,0,0,0,1,0,1,0,0,gratuito
6,10000.0,10,0.8,1,3,1,0,0,1,1,1,0,1,0,0,0,medio_alto
3,10000.0,11,0.9090909090909091,1,3,1,0,0,4,0,1,1,0,1,0,0,medio_alto
1,10000.0,25,0.96,12,3,1,0,0,0,1,1,0,1,0,0,0,medio_alto
3,10000.0,1,0.0,1,4,1,0,0,0,1,1,1,1,0,0,0,baixo
3,10000.0,1,1.0,1,1,1,0,0,0,0,0,0,0,0,0,0,medio_alto
3,10000.0,0,0.0,1,4,1,0,0,0,1,1,1,1,0,0,0,medio_alto
1,10000.0,0,0.0,4,3,1,0,0,1,1,0,1,0,1,0,0,medio_alto
7,10000.0,6,0.16666666666666666,2,3,1,0,0,0,1,0,1,0,1,0,0,medio_alto
2,0.0,0,0.0,1,6,1,0,0,0,0,1,1,1,1,1,0,gratuito
5,10000.0,3,1.0,1,1,1,0,0,0,1,0,0,0,0,0,0,baixo
6,10000.0,7,0.7142857142857143,1,2,1,0,0,0,1,1,0,0,0,0,0,baixo
1,10000.0,4,0.5,1,2,1,0,0,0,1,0,0,0,0,0,1,medio_baixo
7,350000.0,19,0.6842105263157895,2,3,1,0,0,0,1,1,0,0,0,0,0,baixo
9,10000.0,37,0.5945945945945946,1,1,1,0,0,0,0,0,0,0,0,1,0,alto
8,75000.0,530,0.8528301886792453,9,2,1,0,0,2,1,0,1,0,0,0,0,baixo
3,10000.0,6,0.8333333333333334,1,6,1,0,0,0,1,1,0,1,0,1,1,baixo
3,0.0,0,0.0,0,0,1,0,0,0,0,0,0,0,0,0,0,gratuito
9,10000.0,23,0.5652173913043478,1,2,1,0,0,0,1,0,1,0,0,0,0,medio_alto
8,10000.0,59,0.6101694915254238,4,5,1,0,0,1,1,0,0,1,1,1,1,medio_baixo
17,350000.0,568,0.9330985915492958,1,2,1,0,0,0,0,0,0,0,0,1,1,medio_baixo
4,0.0,0,0.0,1,2,1,0,0,0,1,0,0,0,0,0,0,gratuito
1,10000.0,286,0.9230769230769231,3,3,1,0,0,0,1,0,0,1,1,0,0,alto
2,10000.0,3,1.0,1,2,1,0,0,0,1,0,0,1,0,0,0,baixo
3,150000.0,1509,0.832339297548045,9,2,1,0,0,0,1,1,0,0,0,0,0,medio_alto
7,10000.0,10,0.2,1,3,1,0,0,0,1,0,0,1,0,0,1,medio_alto
2,0.0,0,0.0,0,0,1,0,0,0,0,0,0,0,0,0,0,gratuito
3,75000.0,571,0.266199649737303,1,4,1,0,0,2,0,1,1,0,1,0,0,alto
7,10000.0,10,0.9,1,3,1,1,0,0,1,0,0,1,1,0,0,baixo
7,10000.0,4,0.75,1,1,1,0,0,0,0,0,0,1,0,0,0,baixo
11,10000.0,37,0.5405405405405406,1,2,1,0,0,1,1,0,0,1,0,0,0,medio_alto
4,0.0,0,0.0,0,0,1,0,0,0,0,0,0,0,0,0,0,gratuito
4,10000.0,5,0.8,4,4,1,0,0,0,1,1,1,1,0,0,0,alto
3,10000.0,6,0.0,2,3,1,0,0,0,1,0,0,1,1,0,0,medio_baixo
5,10000.0,32,0.96875,3,3,1,0,0,0,0,0,1,1,0,0,1,alto
8,35000.0,43,0.5813953488372093,1,1,1,0,0,1,1,0,0,0,0,0,0,baixo
1,0.0,0,0.0,1,2,1,1,1,0,1,0,0,0,1,0,0,medio_alto
1,0.0,0,0.0,1,1,1,0,0,0,0,0,1,0,0,0,0,medio_alto
10,10000.0,40,0.75,1,2,1,1,1,1,1,0,1,0,0,0,0,medio_alto
15,35000.0,75,0.7333333333333333,5,2,1,0,0,0,1,1,0,0,0,0,0,medio_alto
1,10000.0,0,0.0,1,4,1,0,0,0,1,1,0,1,0,0,0,medio_alto
4,10000.0,7,0.5714285714285714,2,2,1,0,0,0,1,1,0,0,0,0,0,alto
5,10000.0,38,0.7368421052631579,15,2,1,1,0,0,1,1,0,0,0,0,0,baixo
2,10000.0,5,1.0,1,6,1,0,0,0,1,1,1,1,0,0,1,medio_alto
2,10000.0,18,0.8333333333333334,4,3,1,0,0,1,1,1,1,0,0,0,0,alto
7,35000.0,20,0.6,3,2,1,1,0,0,1,0,0,0,1,0,0,medio_baixo
3,10000.0,2,1.0,1,3,1,0,1,0,1,0,0,1,0,1,0,medio_baixo
1,0.0,0,0.0,2,3,1,0,0,0,1,0,1,0,0,0,0,gratuito
5,35000.0,95,0.7368421052631579,1,3,1,0,0,1,1,0,1,1,0,0,0,alto
1,10000.0,48,0.9375,1,4,1,0,0,0,1,1,1,0,1,0,0,alto
7,10000.0,15,0.6666666666666666,1,4,1,1,0,2,0,0,0,0,1,1,0,gratuito
4,75000.0,4,0.25,2,3,1,0,0,1,1,0,0,1,1,0,0,baixo
8,10000.0,18,0.6666666666666666,1,3,1,0,0,0,1,0,1,1,0,0,0,alto
1,10000.0,206,0.8737864077669902,12,2,1,1,0,0,0,0,0,0,0,0,1,alto
3,10000.0,0,0.0,5,1,1,1,1,0,0,0,0,1,0,0,0,alto
10,35000.0,259,0.8378378378378378,1,3,1,0,0,1,1,1,0,0,1,0,0,alto
1,10000.0,4,0.75,16,2,1,0,0,0,1,1,0,0,0,0,0,medio_alto
6,10000.0,2,1.0,1,2,1,0,0,0,1,0,0,1,0,0,0,baixo
5,10000.0,19,0.7368421052631579,1,3,1,0,0,0,1,1,0,0,0,0,0,gratuito
1,350000.0,9463,0.7679382859558279,8,1,1,0,0,0,0,0,0,0,0,1,0,alto
3,35000.0,1388,0.7017291066282421,10,3,1,0,0,2,1,0,0,1,0,0,1,alto
9,10000.0,7,0.5714285714285714,1,4,1,0,0,0,1,0,1,1,0,0,1,gratuito
6,10000.0,38,0.9210526315789473,2,2,1,0,0,1,1,0,1,0,0,0,0,alto
4,10000.0,7,1.0,1,4,1,0,0,0,1,1,1,1,0,0,0,baixo
4,10000.0,1,1.0,1,1,1,0,0,0,0,1,0,0,0,0,0,medio_alto
5,10000.0,22,1.0,1,5,1,0,0,0,1,1,1,0,0,1,0,gratuito
1,0.0,0,0.0,1,3,1,0,0,0,1,1,0,0,0,0,0,gratuito
8,35000.0,69,0.5217391304347826,1,4,1,0,0,0,0,1,0,0,0,0,1,medio_alto
4,10000.0,19,0.6842105263157895,6,7,1,0,0,0,1,1,1,1,1,1,1,medio_baixo
6,35000.0,463,0.9157667386609071,3,2,1,1,1,0,1,0,0,0,0,1,0,medio_baixo
1,10000.0,29,0.9310344827586207,1,5,1,0,0,0,1,0,1,1,1,0,1,alto
9,10000.0,17,0.8235294117647058,1,2,1,0,0,0,1,1,0,0,0,0,0,baixo
6,10000.0,24,0.4583333333333333,6,2,1,1,1,0,1,1,0,0,0,0,0,baixo
1,0.0,0,0.0,0,0,1,0,0,0,0,0,0,0,0,0,0,gratuito
9,10000.0,19,0.6842105263157895,1,4,1,1,1,0,1,0,1,1,0,0,1,medio_baixo
2,0.0,0,0.0,0,0,1,0,0,0,0,0,0,0,0,0,0,gratuito
1,10000.0,0,0.0,4,3,1,0,0,0,1,0,0,0,0,1,0,medio_alto
3,10000.0,3,0.6666666666666666,8,2,1,0,0,0,1,1,0,0,0,0,0,medio_baixo
5,35000.0,21,0.8571428571428571,1,3,1,1,0,0,0,0,0,1,0,0,0,gratuito
6,10000.0,2,0.5,1,5,1,0,0,0,1,1,1,1,0,0,1,medio_alto
3,0.0,0,0.0,1,5,1,0,0,13,1,0,0,1,0,1,1,gratuito
4,10000.0,57,0.8070175438596491,1,3,1,0,0,0,1,1,0,0,1,0,0,alto
17,10000.0,16,0.9375,1,2,1,0,0,0,0,0,0,1,0,0,1,medio_baixo
4,10000.0,20,0.75,12,3,1,0,0,0,1,1,0,0,0,0,0,medio_baixo
1,0.0,0,0.0,0,0,1,0,0,0,0,0,0,0,0,0,0,gratuito
2,10000.0,92,0.8913043478260869,1,4,1,0,0,0,1,0,1,1,1,0,0,medio_alto
7,10000.0,12,0.5833333333333334,2,3,1,0,0,0,1,1,0,0,0,0,1,baixo
1,10000.0,0,0.0,1,2,1,0,0,0,0,0,0,1,0,0,0,gratuito
2,0.0,0,0.0,17,4,1,0,0,0,1,0,1,0,0,1,0,gratuito
8,10000.0,41,0.8292682926829268,1,1,1,0,0,2,0,0,0,0,1,0,0,gratuito
1,0.0,0,0.0,0,0,1,0,0,0,0,0,0,0,0,0,0,gratuito
7,10000.0,4,0.75,1,2,1,0,0,0,1,0,0,1,0,0,0,baixo
1,0.0,0,0.0,1,3,1,0,1,0,1,0,0,0,0,0,1,gratuito
4,10000.0,258,0.9728682170542635,2,3,1,0,0,3,1,0,1,1,0,0,0,alto
1,0.0,0,0.0,1,4,1,0,0,0,1,1,1,0,1,0,0,alto
3,10000.0,0,0.0,1,5,1,0,0,0,1,0,0,1,1,1,0,medio_alto
2,0.0,0,0.0,103,9,1,1,1,0,1,1,1,1,1,1,1,alto
1,10000.0,42,0.9047619047619048,12,4,1,0,0,0,1,0,0,1,0,0,1,alto
1,0.0,0,0.0,0,0,1,0,0,0,0,0,0,0,0,0,0,gratuito
2,10000.0,7,1.0,1,4,1,0,0,0,0,1,0,1,0,1,0,medio_baixo
4,10000.0,7,0.8571428571428571,1,3,1,0,0,0,1,1,1,0,0,0,0,baixo
3,10000.0,2,1.0,1,3,1,0,0,0,1,0,0,1,0,0,1,medio_alto
10,10000.0,33,0.45454545454545453,3,2,1,0,0,0,1,0,1,0,0,0,0,gratuito
1,0.0,0,0.0,40,6,1,0,0,0,0,1,1,1,0,1,1,baixo
2,10000.0,42,0.9047619047619048,11,2,1,1,0,0,0,1,0,0,0,1,0,medio_alto
7,75000.0,22,0.9090909090909091,1,2,1,0,0,0,1,0,0,0,1,0,0,baixo
8,10000.0,10,0.4,4,2,1,1,1,0,1,0,0,1,0,0,0,medio_baixo
5,10000.0,514,0.8249027237354085,1,4,1,0,0,0,1,0,0,1,1,0,1,alto
9,10000.0,6,1.0,2,1,1,0,0,0,0,0,0,0,0,0,0,alto
7,10000.0,86,0.45348837209302323,1,2,1,0,0,0,1,0,0,0,0,1,0,alto
5,10000.0,0,0.0,10,5,1,0,0,0,1,1,1,0,1,0,1,medio_alto
7,35000.0,47,0.5319148936170213,12,1,1,0,0,0,0,0,0,0,0,0,0,gratuito
2,0.0,0,0.0,103,3,1,0,0,0,1,1,1,0,0,0,0,baixo
4,10000.0,181,0.8176795580110497,1,3,1,0,0,0,1,1,1,0,0,0,0,medio_alto
1,10000.0,0,0.0,2,2,1,0,0,0,1,0,0,0,0,0,1,medio_alto
6,10000.0,22,0.5,15,3,1,0,0,0,1,1,0,1,0,0,0,medio_baixo
10,10000.0,9,1.0,1,3,1,1,1,0,1,1,0,0,0,0,1,medio_alto
9,10000.0,9,1.0,1,8,1,0,0,0,1,1,1,0,1,0,0,medio_alto
8,75000.0,253,0.5019762845849802,1,4,1,1,0,0,1,0,0,0,0,0,1,gratuito
9,35000.0,154,0.4090909090909091,1,4,1,0,0,0,1,1,1,0,0,0,1,baixo
5,0.0,0,0.0,0,0,1,0,0,0,0,0,0,0,0,0,0,gratuito
1,0.0,0,0.0,1,1,1,0,0,1,0,0,1,0,0,0,0,alto
1,10000.0,0,0.0,1,5,1,0,0,0,1,1,0,1,1,0,0,alto
9,10000.0,80,0.3375,2,5,1,0,0,0,1,1,1,0,0,0,0,baixo
10,150000.0,622,0.752411575562701,19,3,1,1,1,7,0,0,0,0,0,1,1,gratuito
1,0.0,0,0.0,1,3,1,0,0,0,0,1,1,0,0,0,0,gratuito
5,10000.0,3,0.6666666666666666,103,5,1,0,0,0,1,0,1,1,0,1,1,medio_baixo
1,10000.0,0,0.0,1,1,1,0,0,0,0,0,0,1,0,0,0,alto
4,0.0,0,0.0,0,0,1,0,0,0,0,0,0,0,0,0,0,gratuito
2,10000.0,16,0.375,1,3,1,1,1,0,1,0,0,0,1,0,1,medio_baixo
6,10000.0,15,0.8666666666666667,1,3,1,1,1,2,1,0,1,1,0,0,0,baixo
2,0.0,0,0.0,0,0,1,0,0,0,0,0,0,0,0,0,0,gratuito
17,350000.0,1199,0.5246038365304421,1,2,1,0,0,0,0,1,0,0,0,1,0,medio_baixo
3,10000.0,27,0.4074074074074074,1,4,1,0,0,0,1,0,0,0,1,0,1,gratuito
1,10000.0,0,0.0,1,1,1,0,0,0,0,0,0,1,0,0,0,alto
4,10000.0,9,0.6666666666666666,1,5,1,0,0,0,1,1,1,0,1,1,0,baixo
16,350000.0,3757,0.8993878094224115,1,2,1,1,1,0,1,1,0,0,0,0,0,medio_baixo
4,10000.0,78,0.9871794871794872,3,3,1,0,1,1,0,1,1,0,1,0,0,medio_alto
2,10000.0,19,0.5789473684210527,8,2,1,0,0,1,1,0,0,1,0,0,0,baixo
5,10000.0,0,0.0,1,3,1,0,0,0,1,0,0,1,1,0,0,baixo
1,10000.0,1,1.0,30,5,1,0,0,0,1,1,1,1,1,0,0,medio_alto
3,10000.0,3,1.0,1,3,1,0,0,0,1,1,1,0,0,0,0,alto
7,350000.0,4267,0.8586829153972346,7,2,1,1,0,2,1,0,0,0,0,1,0,alto
2,10000.0,13,0.5384615384615384,18,6,1,0,0,0,1,1,1,1,1,0,0,baixo
2,10000.0,0,0.0,1,5,1,0,0,0,0,0,1,1,1,0,0,gratuito
4,75000.0,7,1.0,1,2,1,0,0,0,1,0,1,0,0,0,0,medio_alto
10,75000.0,339,0.7581120943952803,1,3,1,1,0,0,1,1,0,1,0,0,0,gratuito
3,35000.0,423,0.8416075650118203,5,4,1,1,0,3,0,0,1,1,1,1,0,alto
3,0.0,0,0.0,2,3,1,0,0,1,1,0,0,1,0,0,0,gratuito
6,10000.0,47,0.9148936170212766,3,4,1,0,0,0,1,1,1,1,0,0,0,baixo
3,10000.0,3,1.0,1,5,1,0,0,0,1,1,1,1,0,1,0,medio_baixo
2,10000.0,1,1.0,5,4,1,0,0,0,1,1,0,1,0,0,0,baixo
2,10000.0,5,0.6,9,2,1,1,0,0,1,1,0,0,0,0,0,alto
5,0.0,0,0.0,1,2,1,0,0,0,0,1,0,0,0,0,0,gratuito
1,0.0,0,0.0,0,0,1,0,0,0,0,0,0,0,0,0,0,gratuito
17,350000.0,1376,0.8597383720930233,5,2,1,1,1,0,1,0,0,1,0,0,0,medio_baixo
1,10000.0,0,0.0,1,2,1,0,0,0,0,1,0,0,1,0,0,alto
6,150000.0,375,0.4746666666666667,1,5,1,0,0,0,1,1,1,0,0,0,0,gratuito
6,10000.0,32,0.625,1,4,1,0,0,0,1,0,1,1,0,1,0,baixo
10,10000.0,53,0.9245283018867925,2,3,1,0,0,0,1,0,1,1,0,0,0,alto
2,0.0,0,0.0,1,4,1,0,0,0,1,1,0,1,0,0,0,gratuito
5,150000.0,17,0.4117647058823529,103,3,1,0,0,0,1,0,0,1,0,0,1,baixo
2,10000.0,73,0.7123287671232876,6,4,1,0,0,0,1,1,1,0,1,0,0,alto
7,35000.0,15,0.9333333333333333,1,3,1,0,1,0,1,1,0,1,0,0,0,baixo
5,75000.0,16,0.8125,1,3,1,1,1,0,1,0,1,0,1,0,0,gratuito
3,10000.0,12,0.9166666666666666,1,2,1,0,0,0,0,1,1,0,0,0,0,medio_baixo
3,10000.0,6,0.5,1,4,1,0,0,0,1,1,1,1,0,0,0,baixo
1,10000.0,3,0.6666666666666666,1,2,1,0,0,0,1,0,0,1,0,0,0,medio_baixo
6,10000.0,82,0.7439024390243902,6,6,1,0,0,0,1,1,1,1,0,1,1,medio_baixo
1,0.0,0,0.0,1,3,1,0,0,0,0,0,0,1,0,0,0,gratuito
4,10000.0,24,0.9583333333333334,1,3,1,1,0,0,1,0,1,0,0,0,1,alto
10,10000.0,39,0.8205128205128205,1,4,1,0,0,0,1,1,1,1,0,0,0,medio_alto
3,0.0,0,0.0,0,0,1,0,0,0,0,0,0,0,0,0,0,gratuito
8,150000.0,1077,0.4948932219127205,9,2,1,1,1,1,0,0,0,0,0,1,1,medio_baixo
3,75000.0,326,0.8190184049079755,8,5,1,0,0,0,1,1,1,0,1,1,0,gratuito
10,75000.0,495,0.7818181818181819,1,3,1,1,1,1,1,0,1,0,1,0,0,medio_alto
9,10000.0,28,0.5714285714285714,1,2,1,1,1,0,0,1,1,0,0,0,0,medio_baixo
1,10000.0,1,1.0,4,4,1,0,0,0,1,1,0,1,0,0,0,baixo
2,10000.0,3,0.3333333333333333,0,1,1,0,0,0,1,0,0,0,0,0,0,alto
2,75000.0,65,0.49230769230769234,20,2,1,0,0,0,1,0,0,0,0,0,1,alto
8,10000.0,21,0.8571428571428571,1,2,1,1,0,0,1,0,0,1,0,0,0,medio_alto
5,10000.0,5,0.8,9,2,1,0,1,0,1,0,0,1,0,0,0,baixo
7,10000.0,6,0.8333333333333334,2,4,1,0,0,0,1,0,0,1,1,0,1,baixo
7,75000.0,531,0.7137476459510358,2,4,1,1,1,0,1,1,1,0,1,0,0,gratuito
1,35000.0,5,1.0,1,4,1,0,0,0,1,1,0,1,0,0,0,medio_baixo
5,35000.0,59,0.8135593220338984,4,1,1,1,0,0,0,0,0,0,0,0,0,gratuito
7,10000.0,2,1.0,2,3,1,0,0,0,1,1,0,0,0,0,0,gratuito
1,0.0,0,0.0,29,2,1,0,0,0,1,0,0,0,0,0,0,medio_alto
1,10000.0,1,1.0,7,2,1,0,0,0,0,1,0,0,1,0,0,medio_baixo
3,10000.0,25,0.92,10,2,1,0,0,1,1,0,0,1,0,0,0,baixo
1,10000.0,0,0.0,2,3,1,0,0,0,1,0,0,1,0,0,1,medio_alto
1,10000.0,0,0.0,3,3,1,0,0,0,1,0,1,1,0,0,0,medio_baixo
9,150000.0,1195,0.6962343096234309,5,3,1,1,1,0,1,0,0,0,0,1,0,gratuito
2,0.0,0,0.0,2,3,1,0,0,0,1,0,0,1,0,1,0,gratuito
1,10000.0,0,0.0,1,3,1,0,0,0,1,0,0,1,0,1,0,baixo
2,10000.0,162,0.8950617283950617,4,2,1,0,0,1,1,1,0,0,0,0,0,medio_alto
6,350000.0,2693,0.8399554400297067,2,3,1,0,0,2,1,1,1,0,0,0,0,medio_alto
6,10000.0,5,0.6,1,4,1,0,0,0,1,1,1,0,1,0,0,baixo
2,350000.0,11061,0.9814664135249977,13,5,1,1,1,1,1,0,0,1,0,1,1,alto
1,10000.0,14,1.0,8,5,1,0,0,0,1,1,1,1,0,0,1,baixo
1,0.0,0,0.0,0,0,1,0,0,0,0,0,0,0,0,0,0,gratuito
8,10000.0,14,0.9285714285714286,1,3,1,0,1,0,1,0,0,1,0,1,0,medio_baixo
1,10000.0,0,0.0,1,2,1,0,0,0,0,0,0,0,0,0,1,medio_baixo
4,150000.0,2321,0.7410598879793192,4,1,1,0,0,5,0,0,0,0,0,0,1,alto
2,10000.0,0,0.0,2,3,1,0,0,0,1,1,0,1,0,0,0,medio_baixo
1,10000.0,0,0.0,10,5,1,0,0,0,1,1,1,0,1,1,0,medio_alto
4,0.0,0,0.0,1,1,1,0,0,0,0,0,0,0,0,0,0,gratuito
2,10000.0,0,0.0,1,2,1,0,0,0,1,0,0,1,0,0,0,medio_alto
10,35000.0,173,0.8901734104046243,1,1,1,0,0,0,0,0,0,0,0,1,0,alto
5,10000.0,130,0.9076923076923077,13,1,1,0,1,0,0,0,0,1,0,0,0,medio_alto
1,10000.0,17,1.0,12,4,1,1,1,0,1,1,0,1,0,1,0,medio_baixo
1,10000.0,10,0.9,2,1,1,0,0,0,1,0,0,0,0,0,0,baixo
3,10000.0,38,1.0,1,2,1,0,0,0,1,0,1,0,0,0,0,alto
4,10000.0,8,0.875,1,3,1,0,0,0,1,1,0,0,0,1,0,gratuito
2,0.0,0,0.0,0,0,1,0,0,0,0,0,0,0,0,0,0,gratuito
1,0.0,0,0.0,0,0,1,0,0,0,0,0,0,0,0,0,0,gratuito
8,10000.0,2,0.5,1,2,1,0,0,0,0,0,1,1,0,0,0,medio_alto
1,10000.0,0,0.0,9,5,1,0,0,0,1,0,0,1,1,0,1,medio_alto
1,0.0,0,0.0,0,0,1,0,0,0,0,0,0,0,0,0,0,gratuito
2,0.0,0,0.0,0,0,1,0,0,0,0,0,0,0,0,0,0,gratuito
11,35000.0,486,0.5185185185185185,1,2,1,0,0,0,0,1,0,0,0,1,0,baixo
12,150000.0,272,0.5220588235294118,3,1,1,0,0,0,0,0,0,0,0,1,0,baixo
5,10000.0,0,0.0,1,4,1,0,0,0,1,1,1,1,0,0,0,medio_baixo
2,150000.0,3353,0.8273188189680882,7,1,1,0,0,4,0,0,0,0,0,1,0,alto
4,35000.0,268,0.8171641791044776,3,3,1,0,0,0,1,0,1,0,1,0,0,alto
2,10000.0,65,0.8923076923076924,9,3,1,0,0,0,1,0,1,1,0,0,0,medio_alto
1,10000.0,6,0.8333333333333334,3,3,1,0,0,0,0,1,0,0,1,0,0,alto
3,3500000.0,165527,0.5675327892126361,9,1,1,0,0,4,0,0,0,0,1,0,0,alto
2,0.0,0,0.0,2,4,1,0,0,0,1,1,0,1,0,0,0,gratuito
2,0.0,0,0.0,0,0,1,0,0,0,0,0,0,0,0,0,0,gratuito
1,10000.0,1,0.0,7,3,1,1,0,0,1,0,0,1,0,1,0,medio_alto
1,10000.0,15,0.9333333333333333,8,3,1,0,1,0,1,1,0,1,0,0,0,medio_baixo
8,10000.0,25,0.4,1,6,1,0,0,1,1,1,1,1,0,0,1,alto
1,10000.0,1,1.0,2,3,1,0,0,0,1,0,0,1,0,1,0,medio_baixo
1,0.0,0,0.0,9,3,1,0,0,0,0,0,0,0,0,1,0,gratuito
8,35000.0,49,0.9387755102040817,1,2,1,0,0,0,1,0,1,0,0,0,0,baixo
8,75000.0,779,0.6803594351732991,3,1,1,0,0,1,0,0,0,1,0,0,0,baixo
2,0.0,0,0.0,0,0,1,0,0,0,0,0,0,0,0,0,0,gratuito
11,350000.0,5191,0.7796185706029667,12,3,1,1,1,0,1,0,1,0,0,0,1,baixo
4,10000.0,0,0.0,1,2,1,0,0,0,1,0,0,1,0,0,0,baixo
2,10000.0,7,0.2857142857142857,1,4,1,0,0,0,1,0,0,0,0,1,1,medio_alto
5,10000.0,1,0.0,2,3,1,0,0,0,1,0,0,0,0,1,0,medio_alto
15,10000.0,6041,0.6053633504386691,5,2,1,0,0,3,0,1,0,0,0,0,0,gratuito
14,150000.0,323,0.6191950464396285,5,3,1,0,0,0,0,0,0,0,1,1,1,medio_alto
3,10000.0,26,0.8076923076923077,1,2,1,0,0,0,1,0,0,0,0,0,1,medio_baixo
3,10000.0,15,0.6666666666666666,1,2,1,0,0,0,0,0,1,1,0,0,0,alto
1,0.0,0,0.0,5,1,1,0,1,1,0,1,0,0,0,0,0,alto
4,10000.0,2,1.0,3,3,1,0,0,0,1,1,0,0,0,0,0,medio_baixo
5,10000.0,0,0.0,2,1,1,0,0,0,0,0,0,1,0,0,0,medio_alto
7,10000.0,6,1.0,1,3,1,0,0,0,1,0,0,0,0,0,1,alto
9,10000.0,3,0.6666666666666666,1,2,1,0,0,0,1,1,0,0,0,0,0,medio_alto
7,10000.0,10,0.9,1,3,1,0,0,1,1,0,1,1,0,0,0,medio_baixo
1,0.0,0,0.0,1,3,1,0,0,0,0,1,1,0,0,0,1,medio_baixo
1,0.0,0,0.0,1,4,1,0,0,0,1,1,1,0,0,0,0,gratuito
2,75000.0,2,0.5,1,4,1,0,0,0,1,1,0,0,0,0,1,alto
14,350000.0,510,0.5745098039215686,3,2,1,1,1,2,1,0,0,0,0,1,0,gratuito
4,10000.0,4,0.75,1,2,1,0,0,0,1,0,1,0,0,0,0,medio_baixo
2,10000.0,526,0.9866920152091255,14,1,1,1,0,0,0,0,0,1,0,0,0,medio_baixo
3,10000.0,123,1.0,2,3,1,0,0,0,1,1,0,1,0,0,0,medio_baixo
1,0.0,0,0.0,0,0,1,0,0,0,0,0,0,0,0,0,0,gratuito
5,35000.0,13,0.9230769230769231,1,3,1,1,0,1,1,1,1,0,0,0,0,medio_alto
3,10000.0,0,0.0,7,3,1,0,0,0,1,0,0,1,0,0,1,medio_baixo
1,0.0,0,0.0,0,0,1,0,0,0,0,0,0,0,0,0,0,gratuito
7,10000.0,16,0.875,1,2,1,0,0,0,1,1,0,0,0,0,0,medio_baixo
1,10000.0,0,0.0,11,5,1,0,0,2,1,1,1,1,0,1,0,alto
5,10000.0,3,0.6666666666666666,1,3,1,0,0,0,1,1,0,1,0,0,0,medio_baixo
10,10000.0,14,0.7857142857142857,1,5,1,0,0,0,1,1,0,1,0,0,0,alto
1,0.0,0,0.0,0,0,1,0,0,0,0,0,0,0,0,0,0,gratuito
7,10000.0,309,0.8673139158576052,3,2,1,0,0,0,1,0,0,0,1,0,0,medio_alto
1,10000.0,10,0.8,3,3,1,0,0,1,1,1,1,0,0,0,0,baixo
5,35000.0,746,0.953083109919571,3,3,1,0,0,1,1,1,0,0,1,0,0,medio_alto
1,10000.0,0,0.0,1,2,1,0,0,0,0,1,0,0,0,0,0,medio_baixo
4,10000.0,26,0.5384615384615384,1,3,1,0,0,46,1,0,0,0,1,0,1,medio_baixo
7,10000.0,4,0.75,1,2,1,0,0,0,1,1,0,0,0,0,0,baixo
2,10000.0,1,1.0,1,1,1,0,1,0,0,0,0,0,0,1,0,medio_baixo
2,10000.0,5,1.0,1,4,1,0,0,0,1,1,1,1,0,0,0,alto
3,10000.0,26,0.9230769230769231,1,2,1,0,0,0,0,0,0,0,1,0,1,alto
6,35000.0,14,0.7857142857142857,1,3,1,1,0,0,0,0,0,1,0,0,1,gratuito
6,10000.0,9,0.8888888888888888,2,2,1,0,1,0,1,0,0,1,0,0,0,medio_alto
3,35000.0,332,0.7560240963855421,4,2,1,0,0,1,0,0,0,1,0,1,0,baixo
1,10000.0,0,0.0,1,4,1,0,1,0,1,1,1,1,0,0,0,medio_baixo
1,10000.0,0,0.0,1,3,1,0,0,0,1,0,0,0,0,1,1,alto
2,0.0,0,0.0,103,7,1,1,1,0,1,1,1,1,1,1,1,alto
13,350000.0,2360,0.8953389830508475,3,2,1,1,0,1,1,0,1,0,0,0,0,medio_baixo
4,10000.0,0,0.0,1,4,1,0,0,0,1,1,0,0,1,0,0,gratuito
10,35000.0,96,0.7083333333333334,3,2,1,0,0,0,1,0,0,1,0,0,0,medio_baixo
1,10000.0,0,0.0,1,1,1,0,0,0,0,0,0,0,0,1,0,baixo
4,750000.0,22666,0.6737404041295332,13,3,1,0,0,1,0,1,1,0,1,0,0,alto
10,150000.0,5785,0.8869490060501296,12,3,1,0,0,1,1,0,0,1,0,0,1,baixo
8,10000.0,15063,0.7104826395804289,12,2,1,1,1,0,0,1,1,0,0,0,0,medio_alto
2,35000.0,1,0.0,1,1,1,0,0,0,0,0,0,0,0,1,0,baixo
6,750000.0,5439,0.9389593675307961,1,3,1,0,0,0,0,1,0,1,0,1,0,gratuito
5,35000.0,57,0.7719298245614035,2,2,1,0,0,0,1,0,0,0,1,0,0,baixo
9,75000.0,492,0.8821138211382114,1,3,1,0,0,0,1,1,0,1,0,0,0,baixo
8,10000.0,9,0.7777777777777778,1,4,1,1,1,0,1,0,0,1,1,0,1,medio_alto
3,10000.0,0,0.0,1,2,1,0,0,1,0,0,1,0,1,0,0,medio_alto
1,10000.0,0,0.0,1,3,1,0,0,0,1,1,0,0,0,1,0,medio_alto
1,0.0,0,0.0,19,4,1,0,0,0,1,0,0,1,0,1,1,medio_alto
11,75000.0,160,0.66875,1,4,1,0,0,0,1,1,1,1,0,0,0,baixo
1,10000.0,0,0.0,1,3,1,1,1,0,1,0,1,1,0,0,0,medio_baixo
7,10000.0,16,0.875,1,2,1,0,0,0,0,0,1,1,0,0,0,medio_alto
1,0.0,0,0.0,2,3,1,0,0,0,1,0,0,0,0,1,1,medio_alto
1,35000.0,17,0.8823529411764706,23,6,1,0,0,0,1,0,0,0,1,1,1,alto
2,10000.0,18,0.9444444444444444,14,3,1,0,0,0,1,1,1,0,0,0,0,medio_alto
7,10000.0,83,0.8554216867469879,2,3,1,1,0,0,1,1,0,0,1,0,0,alto
1,10000.0,3,1.0,2,3,1,0,0,0,1,0,0,1,0,0,0,baixo
2,10000.0,1,1.0,1,2,1,0,0,0,0,1,0,0,0,0,0,medio_alto
5,0.0,0,0.0,0,0,1,0,0,0,0,0,0,0,0,0,0,gratuito
11,350000.0,1533,0.5916503587736465,4,3,1,0,0,0,1,1,1,0,0,0,0,medio_baixo
2,10000.0,26,0.11538461538461539,21,3,1,0,0,0,0,1,1,0,0,0,1,baixo
1,10000.0,0,0.0,1,1,1,0,1,0,1,0,0,0,0,0,0,medio_alto
1,10000.0,43,0.9302325581395349,2,4,1,1,1,0,1,0,1,1,1,0,0,alto
5,35000.0,68,0.8529411764705882,1,3,1,0,0,0,0,0,0,0,0,0,0,gratuito
5,35000.0,167,0.7305389221556886,1,2,1,0,0,0,1,0,0,0,0,0,0,gratuito
1,0.0,0,0.0,30,3,1,0,0,0,0,0,1,1,0,0,1,alto
10,75000.0,49,0.8979591836734694,1,2,1,0,0,0,0,0,1,1,0,0,0,medio_alto
2,10000.0,3,0.6666666666666666,1,2,1,0,0,0,1,0,0,1,0,0,0,medio_baixo
1,10000.0,0,0.0,12,2,1,0,0,0,0,0,0,0,0,0,1,baixo
3,10000.0,0,0.0,2,1,1,0,0,1,0,0,0,1,0,0,0,medio_alto
13,350000.0,786,0.5852417302798982,6,1,1,1,0,1,0,0,0,0,0,1,0,medio_baixo
2,10000.0,1,1.0,1,2,1,0,0,0,1,1,0,0,0,0,0,baixo
5,0.0,0,0.0,0,0,1,0,0,0,0,0,0,0,0,0,0,gratuito
6,10000.0,200,0.96,23,2,1,0,0,0,1,1,0,0,0,0,0,medio_baixo
9,10000.0,0,0.0,1,3,1,0,0,0,1,0,0,1,0,0,0,medio_baixo
1,10000.0,0,0.0,1,4,1,0,0,0,1,0,0,1,0,1,1,medio_alto
4,10000.0,9,0.4444444444444444,1,3,1,0,0,0,1,1,1,0,0,0,0,medio_baixo
6,10000.0,12,0.8333333333333334,1,1,1,0,0,0,1,0,0,0,0,0,0,alto
1,0.0,0,0.0,1,2,1,0,0,0,0,0,0,1,1,0,0,medio_baixo
8,35000.0,560,0.44821428571428573,9,6,1,0,0,0,1,1,1,0,0,1,0,medio_alto
9,75000.0,107,0.6074766355140186,2,3,1,1,0,0,1,1,1,0,0,0,0,baixo
2,0.0,0,0.0,2,4,1,0,0,0,1,1,1,0,0,0,0,gratuito
3,10000.0,1,1.0,1,2,1,1,0,0,0,0,1,1,0,0,0,baixo
3,10000.0,22,0.9090909090909091,1,3,1,1,0,0,1,0,1,1,0,0,0,alto
6,10000.0,5,0.4,1,2,1,1,0,0,0,0,0,0,1,1,0,medio_alto
5,150000.0,793,0.8965952080706179,8,5,1,0,0,2,1,1,1,0,1,1,0,medio_alto
1,0.0,0,0.0,0,0,1,0,0,0,0,0,0,0,0,0,0,gratuito
1,0.0,0,0.0,0,0,1,0,0,0,0,0,0,0,0,0,0,gratuito
1,10000.0,1,1.0,27,4,1,0,0,0,1,1,0,0,0,1,1,baixo
2,10000.0,9,0.8888888888888888,8,2,1,0,0,0,1,1,0,0,0,0,0,medio_alto
1,10000.0,46,0.8913043478260869,15,1,1,0,0,0,0,0,0,0,0,0,1,medio_baixo
2,10000.0,114,0.8859649122807017,16,2,1,0,0,0,1,1,0,0,0,0,0,medio_alto
3,10000.0,45,0.9777777777777777,1,1,1,0,0,0,1,0,0,0,0,0,0,alto
5,10000.0,6,0.8333333333333334,1,2,1,0,0,0,0,0,0,1,0,1,0,alto
6,10000.0,28,0.6785714285714286,1,4,1,1,1,1,1,1,0,1,0,1,0,gratuito
4,10000.0,9,1.0,1,3,1,1,0,0,1,1,0,1,0,0,0,medio_alto
1,0.0,0,0.0,1,4,1,0,0,0,0,1,0,0,1,0,0,gratuito
2,0.0,0,0.0,1,3,1,0,0,0,1,0,0,1,0,0,0,gratuito
8,10000.0,15,0.13333333333333333,1,4,1,0,0,0,1,1,0,1,0,0,1,baixo
5,35000.0,5,0.6,1,4,1,0,0,0,1,1,0,0,1,1,0,baixo
4,150000.0,1275,0.9254901960784314,12,5,1,0,0,0,1,0,0,1,0,0,1,gratuito
2,10000.0,45,0.7555555555555555,2,3,1,0,0,0,1,0,1,0,1,0,0,alto
12,150000.0,587,0.8091993185689949,1,5,1,1,1,0,1,0,1,1,0,0,1,gratuito
9,150000.0,164,0.7560975609756098,3,11,1,0,0,0,0,0,0,0,0,0,0,gratuito
5,10000.0,3,0.3333333333333333,1,2,1,0,1,0,0,0,0,0,0,0,0,medio_alto
1,10000.0,55,0.9090909090909091,3,2,1,0,0,0,1,0,0,1,0,0,0,medio_baixo
6,10000.0,0,0.0,5,2,1,0,0,0,1,0,0,1,0,0,0,baixo
3,10000.0,0,0.0,1,2,1,0,0,0,1,0,0,1,0,0,0,baixo
3,10000.0,0,0.0,2,2,1,0,0,0,1,0,0,1,0,0,0,medio_alto
1,10000.0,0,0.0,1,2,1,0,0,0,0,0,0,0,0,0,0,alto
1,0.0,0,0.0,9,3,1,0,0,0,0,0,0,0,1,1,0,gratuito
2,0.0,0,0.0,1,4,1,1,0,0,1,1,0,0,0,0,0,gratuito
4,0.0,0,0.0,1,2,1,0,0,0,0,1,0,0,0,0,0,gratuito
5,75000.0,1826,0.49014238773274915,9,3,1,0,0,20,0,1,0,0,0,1,1,alto
1,0.0,0,0.0,1,3,1,1,1,0,1,0,0,1,0,0,0,gratuito
5,10000.0,2,1.0,1,1,1,0,0,0,0,0,0,1,0,0,0,medio_baixo
5,0.0,0,0.0,1,4,1,0,0,0,1,1,0,0,0,0,0,gratuito
2,10000.0,85,0.8823529411764706,9,3,1,0,1,0,1,1,1,0,0,0,0,medio_baixo
2,0.0,0,0.0,0,0,1,0,0,0,0,0,0,0,0,0,0,gratuito
9,10000.0,13,0.46153846153846156,4,1,1,0,0,0,0,0,0,0,0,0,0,medio_baixo
6,10000.0,29,0.4482758620689655,1,4,1,0,0,0,1,1,1,1,0,0,0,baixo
3,10000.0,0,0.0,1,4,1,0,0,0,0,1,1,0,1,0,0,gratuito
2,0.0,0,0.0,0,0,1,0,0,0,0,0,0,0,0,0,0,gratuito
3,35000.0,4,0.0,1,3,1,0,0,0,1,1,1,0,0,0,0,baixo
5,10000.0,8,0.375,1,4,1,1,0,0,1,1,0,0,0,1,1,medio_baixo
8,35000.0,5,1.0,1,2,1,0,0,0,1,0,0,1,0,0,0,baixo
5,10000.0,16,0.75,8,3,1,1,0,0,1,1,0,1,0,0,0,baixo
1,10000.0,8,0.875,1,3,1,0,0,0,1,0,0,1,1,0,0,medio_baixo
7,10000.0,2,1.0,1,1,1,0,0,0,0,0,0,0,0,0,0,alto
8,10000.0,3,0.6666666666666666,1,5,1,0,0,0,1,1,0,1,1,0,0,medio_baixo
4,0.0,0,0.0,1,4,1,0,0,0,1,1,1,0,0,0,0,gratuito
2,0.0,0,0.0,1,5,1,0,0,0,1,0,1,1,0,1,1,gratuito
2,35000.0,466,0.8927038626609443,11,3,1,0,0,0,0,1,1,0,1,0,0,alto
1,10000.0,0,0.0,4,4,1,0,1,0,1,1,0,0,0,0,1,gratuito
11,350000.0,1738,0.8515535097813579,1,2,1,0,0,0,1,1,0,0,0,0,0,gratuito
9,35000.0,51,0.7254901960784313,1,2,1,0,0,0,1,1,0,0,0,0,0,baixo
11,35000.0,62,0.8387096774193549,1,1,1,0,0,0,0,0,0,0,1,0,0,medio_baixo
3,10000.0,0,0.0,1,1,1,0,0,0,0,0,0,1,0,0,0,baixo
4,35000.0,35,1.0,3,2,1,0,0,0,1,0,0,1,0,0,0,baixo
3,10000.0,0,0.0,1,4,1,0,0,0,1,0,1,1,0,0,0,medio_alto
5,0.0,0,0.0,8,2,1,0,0,9,0,1,0,0,0,0,0,gratuito
8,10000.0,0,0.0,1,2,1,0,0,0,1,0,0,1,0,0,0,baixo
12,350000.0,80,0.625,1,3,1,1,1,0,1,0,0,0,0,1,1,medio_baixo
10,75000.0,137,0.6058394160583942,11,1,1,0,0,0,0,0,0,1,0,0,0,medio_baixo
2,10000.0,100,0.93,3,1,1,0,0,0,0,0,1,0,0,0,0,baixo
6,350000.0,2191,0.894112277498859,6,5,1,0,0,0,1,1,0,1,1,0,0,medio_alto
6,75000.0,4,0.5,2,4,1,0,0,0,1,0,0,1,1,0,1,medio_alto
1,0.0,0,0.0,0,0,1,0,0,0,0,0,0,0,0,0,0,gratuito
4,350000.0,7460,0.6371313672922252,4,5,1,0,0,1,1,1,0,0,0,1,1,medio_alto
2,10000.0,3,1.0,1,2,1,0,0,0,0,0,0,0,0,1,1,medio_alto
12,10000.0,57,0.17543859649122806,5,1,1,0,0,0,0,0,0,0,0,0,1,medio_baixo
2,0.0,0,0.0,0,0,1,0,0,0,0,0,0,0,0,0,0,gratuito
8,10000.0,31,0.41935483870967744,1,3,1,1,0,0,1,1,1,0,0,0,0,gratuito
10,150000.0,554,0.7418772563176895,6,4,1,0,0,0,0,0,1,0,1,1,0,gratuito
6,35000.0,136,0.7058823529411765,1,3,1,0,0,0,1,1,0,0,0,0,0,gratuito
1,0.0,0,0.0,1,4,1,0,0,0,1,1,1,0,0,0,0,gratuito
10,10000.0,276,0.6666666666666666,3,4,1,0,0,2,1,1,1,0,1,0,0,alto
2,10000.0,2,1.0,1,3,1,0,0,0,0,1,0,0,1,0,0,medio_baixo
4,0.0,0,0.0,2,4,1,0,0,0,1,1,1,1,0,0,0,gratuito
8,10000.0,2,0.5,1,3,1,0,0,0,1,1,1,0,0,0,0,medio_baixo
2,35000.0,2,0.5,11,2,1,0,0,0,1,0,0,0,1,0,0,medio_baixo
2,10000.0,0,0.0,1,4,1,0,0,0,1,0,1,1,1,0,0,baixo
6,35000.0,10,0.4,1,3,1,0,0,0,1,0,1,1,0,0,0,baixo
4,10000.0,11,0.45454545454545453,1,3,1,0,0,0,1,0,1,1,0,0,0,medio_alto
13,75000.0,374,0.6737967914438503,2,2,1,0,0,2,0,0,0,0,0,1,1,medio_alto
1,35000.0,1373,0.415877640203933,13,3,1,0,0,0,0,1,1,0,1,0,0,alto
9,35000.0,147,0.6870748299319728,1,5,1,0,0,1,1,1,0,1,0,0,0,gratuito
3,0.0,0,0.0,4,3,1,0,0,2,1,0,1,1,0,0,0,gratuito
2,10000.0,34,0.8823529411764706,26,4,1,1,0,1,1,1,1,0,0,0,0,medio_alto
1,0.0,0,0.0,1,1,1,0,0,0,0,0,0,0,0,0,0,baixo
3,10000.0,4,1.0,9,2,1,0,0,0,1,1,0,0,0,0,0,medio_alto
1,10000.0,0,0.0,4,3,1,1,1,2,1,0,1,1,0,0,0,baixo
6,10000.0,420,0.6404761904761904,9,2,1,0,0,0,1,0,1,0,0,0,0,alto
1,0.0,0,0.0,3,3,1,0,0,0,1,1,1,0,0,0,0,medio_baixo
4,10000.0,1,1.0,2,2,1,0,0,0,0,0,0,1,0,1,0,alto
1,10000.0,0,0.0,6,4,1,0,0,0,0,1,1,1,1,0,0,alto
9,10000.0,31,0.3870967741935484,6,2,1,0,0,0,1,0,0,0,0,0,1,baixo
10,350000.0,424,0.5566037735849056,5,2,1,0,0,0,1,0,0,1,0,0,0,baixo
2,10000.0,169,0.8579881656804734,10,1,1,0,0,3,0,0,1,0,0,0,0,alto
13,750000.0,4080,0.7357843137254902,5,2,1,1,0,9,0,0,0,0,0,0,1,gratuito
6,10000.0,27,0.9629629629629629,1,3,1,0,1,0,1,0,0,1,0,1,0,baixo
8,10000.0,63,0.15873015873015872,1,3,1,0,0,0,1,0,1,1,0,0,0,baixo
5,75000.0,7,0.8571428571428571,1,2,1,1,0,0,1,1,0,0,0,0,0,baixo
8,10000.0,16,0.9375,1,2,1,0,0,0,0,0,0,0,0,0,0,gratuito
5,75000.0,38,0.9210526315789473,1,4,1,0,0,0,1,0,0,1,0,0,1,gratuito
2,10000.0,1,1.0,2,4,1,0,0,0,1,0,0,0,1,1,1,medio_baixo
8,10000.0,16,0.5,12,5,1,0,0,0,1,1,0,1,0,0,0,medio_baixo
1,10000.0,0,0.0,6,3,1,1,1,2,1,0,0,1,0,0,0,alto
5,10000.0,160,0.825,1,3,1,0,0,0,0,1,0,1,0,0,0,alto
2,10000.0,108,0.9814814814814815,1,3,1,0,0,0,1,0,0,1,0,0,0,gratuito
4,10000.0,159,0.8364779874213837,8,3,1,0,0,2,1,1,0,0,1,0,0,medio_baixo
10,10000.0,10,0.8,1,2,1,0,0,0,0,0,1,1,0,0,0,medio_alto
3,10000.0,15,0.6666666666666666,2,1,1,0,0,0,1,0,0,0,0,0,0,medio_alto
1,10000.0,5,0.8,1,3,1,0,0,0,1,0,1,1,0,0,0,baixo
1,10000.0,0,0.0,1,4,1,0,0,0,1,0,1,1,0,1,0,medio_alto
1,0.0,0,0.0,1,3,1,1,1,0,1,0,0,1,0,0,0,gratuito
1,10000.0,184,0.9945652173913043,19,2,1,0,0,0,1,0,0,1,0,0,0,baixo
7,10000.0,99,0.4444444444444444,10,5,1,0,0,0,1,1,1,1,1,0,0,baixo
11,35000.0,24,0.4166666666666667,1,5,1,1,0,0,1,0,1,0,1,1,1,medio_baixo
1,10000.0,0,0.0,4,3,1,1,0,0,1,0,1,0,0,0,1,alto
5,10000.0,279,0.9605734767025089,4,3,1,1,0,2,0,1,1,1,0,0,0,alto
3,10000.0,149,0.9463087248322147,3,1,1,0,0,0,0,1,0,0,0,0,0,medio_alto
1,0.0,0,0.0,0,0,1,0,0,0,0,0,0,0,0,0,0,gratuito
4,10000.0,0,0.0,1,2,1,0,0,0,1,0,0,1,0,0,0,baixo
4,10000.0,0,0.0,1,4,1,0,0,0,1,1,0,1,0,0,0,medio_alto
6,75000.0,2655,0.8945386064030132,29,2,1,0,0,5,1,1,0,0,0,0,0,baixo
6,10000.0,0,0.0,1,3,1,0,1,1,1,0,0,0,0,0,1,medio_alto
1,10000.0,0,0.0,5,1,1,0,0,0,0,1,0,0,0,0,0,medio_baixo
4,10000.0,14,1.0,1,1,1,0,0,0,0,0,1,0,0,0,0,medio_alto
6,35000.0,19,0.5789473684210527,1,1,1,0,0,0,0,0,0,0,1,0,0,gratuito
6,35000.0,738,0.9092140921409214,29,2,1,1,0,0,1,0,0,1,0,0,0,medio_baixo
7,10000.0,10,0.4,1,3,1,1,1,0,1,1,0,0,0,1,0,medio_alto
2,0.0,0,0.0,0,0,1,0,0,0,0,0,0,0,0,0,0,gratuito
1,10000.0,0,0.0,1,3,1,1,1,0,1,0,1,0,1,0,0,alto
2,10000.0,17,0.7058823529411765,4,4,1,0,0,0,1,0,0,1,0,0,1,medio_alto
4,35000.0,120,0.8,14,3,1,1,1,0,0,0,0,0,0,1,1,alto
6,10000.0,2,0.5,1,2,1,0,0,0,0,0,0,0,0,0,0,alto
10,10000.0,17,0.5882352941176471,1,2,1,0,0,0,1,0,0,0,0,1,0,baixo
4,0.0,0,0.0,0,0,1,0,0,0,0,0,0,0,0,0,0,gratuito
1,0.0,0,0.0,1,3,1,0,0,0,1,0,1,0,0,0,0,alto
4,10000.0,1,1.0,2,3,1,0,0,0,1,1,0,0,0,0,0,alto
4,10000.0,18,0.7222222222222222,1,4,1,0,0,1,0,1,1,1,1,0,0,medio_alto
5,75000.0,29,0.7931034482758621,1,3,1,0,0,0,1,0,0,0,1,1,0,medio_alto
1,10000.0,0,0.0,1,3,1,0,0,0,1,1,0,1,0,0,0,medio_baixo
12,750000.0,2636,0.7678300455235205,15,2,1,0,0,0,0,1,1,0,0,0,0,medio_alto
7,10000.0,0,0.0,2,3,1,0,0,0,0,1,0,1,0,0,0,medio_alto
9,35000.0,317,0.7192429022082019,9,2,1,1,1,0,0,0,1,1,0,0,0,medio_alto
8,75000.0,351,0.7606837606837606,6,3,1,0,0,0,0,1,1,0,0,0,1,alto
4,0.0,0,0.0,1,3,1,0,0,0,1,1,1,0,0,0,0,gratuito
2,0.0,0,0.0,0,0,1,0,0,0,0,0,0,0,0,0,0,gratuito
2,10000.0,322,0.9813664596273292,1,6,1,1,0,0,0,0,0,0,0,0,1,alto
4,0.0,0,0.0,0,0,1,0,0,0,0,0,0,0,0,0,0,gratuito
3,0.0,0,0.0,1,3,1,0,0,0,1,0,0,0,1,0,0,gratuito
2,10000.0,4,1.0,1,2,1,0,0,0,1,1,0,0,0,0,0,medio_baixo
9,10000.0,35,0.9428571428571428,2,6,1,1,0,0,1,0,1,1,1,0,1,medio_baixo
7,10000.0,10,0.5,1,1,1,0,0,0,0,0,0,0,0,0,0,medio_alto
3,0.0,0,0.0,0,0,1,0,0,0,0,0,0,0,0,0,0,gratuito
9,10000.0,8,0.5,1,1,1,0,0,0,1,0,0,0,0,0,0,baixo
1,10000.0,0,0.0,1,2,1,0,0,0,1,0,0,1,0,0,0,medio_baixo
5,10000.0,27,0.7407407407407407,2,4,1,0,0,0,1,0,0,1,0,1,1,baixo
1,0.0,0,0.0,1,4,1,0,0,0,1,1,0,1,0,0,0,medio_baixo
12,10000.0,82,0.573170731707317,2,2,1,0,0,0,1,0,0,0,0,0,1,baixo
1,10000.0,0,0.0,1,2,1,0,1,0,1,0,0,1,0,0,0,baixo
3,10000.0,6,0.5,1,2,1,0,0,0,1,1,0,0,0,0,0,medio_alto
2,10000.0,8,1.0,1,2,1,1,1,0,1,0,0,1,0,0,0,gratuito
1,10000.0,8,0.875,4,3,1,1,1,0,1,0,0,1,0,1,0,medio_alto
2,10000.0,0,0.0,1,5,1,0,0,0,1,1,1,0,0,1,1,medio_alto
4,0.0,0,0.0,0,0,1,0,0,0,0,0,0,0,0,0,0,gratuito
1,10000.0,0,0.0,2,2,1,0,0,0,0,1,0,0,0,0,0,medio_baixo
1,10000.0,0,0.0,3,1,1,0,0,0,1,0,0,0,0,0,0,medio_baixo
1,10000.0,0,0.0,2,4,1,0,0,0,1,1,1,1,0,0,0,medio_baixo
3,75000.0,1813,0.7435190292333149,13,2,1,0,0,3,0,0,0,0,1,1,0,alto
3,0.0,0,0.0,1,2,1,0,0,0,0,0,0,0,0,0,1,gratuito
2,10000.0,0,0.0,2,7,1,1,0,0,1,1,1,1,1,0,1,gratuito
1,10000.0,0,0.0,1,7,1,0,0,0,1,1,1,1,1,0,1,medio_baixo
1,10000.0,0,0.0,11,2,1,0,0,0,0,0,0,0,0,1,0,alto
8,75000.0,93,0.6666666666666666,6,4,1,0,0,0,1,1,1,1,0,0,0,gratuito
1,10000.0,0,0.0,3,2,1,0,0,0,1,0,0,0,0,0,0,medio_baixo
4,10000.0,0,0.0,2,6,1,0,0,0,1,0,0,1,1,1,1,medio_alto
8,750000.0,10290,0.6251700680272109,4,3,1,0,0,1,1,1,0,0,1,0,0,alto
3,10000.0,32,0.96875,3,2,1,0,0,0,1,0,0,1,0,0,0,medio_alto
2,10000.0,0,0.0,1,3,1,0,0,0,1,0,1,1,0,0,0,medio_baixo
1,10000.0,0,0.0,2,2,1,0,0,0,1,0,0,1,0,0,0,medio_alto
4,10000.0,0,0.0,3,6,1,0,0,0,0,0,0,0,0,0,0,medio_alto
4,10000.0,8,0.875,103,5,1,0,0,0,1,0,0,1,0,1,0,medio_alto
7,10000.0,11,0.6363636363636364,1,2,1,0,0,0,0,0,0,0,0,0,1,gratuito
1,0.0,0,0.0,0,0,1,0,0,0,0,0,0,0,0,0,0,gratuito
5,10000.0,0,0.0,1,3,1,0,0,0,1,0,0,1,0,0,1,baixo
1,10000.0,0,0.0,7,3,1,0,0,0,1,1,0,0,1,0,0,medio_alto
5,0.0,0,0.0,0,0,1,0,0,0,0,0,0,0,0,0,0,gratuito
4,35000.0,5,0.8,1,5,1,1,0,2,1,1,1,1,1,0,0,baixo
1,10000.0,0,0.0,8,4,1,0,0,1,1,1,1,1,0,0,0,alto
4,0.0,0,0.0,0,0,1,0,0,0,0,0,0,0,0,0,0,gratuito
1,10000.0,0,0.0,2,2,1,1,1,0,1,0,0,1,0,0,0,medio_baixo
2,10000.0,3,1.0,2,2,1,0,0,0,1,0,1,0,0,0,0,medio_alto
7,10000.0,108,0.6018518518518519,4,2,1,1,0,0,0,0,1,1,0,0,0,alto
2,10000.0,5,1.0,1,2,1,0,0,0,1,0,0,0,1,0,0,medio_alto
1,0.0,0,0.0,1,2,1,0,0,0,0,0,0,0,1,0,0,gratuito
12,150000.0,933,0.8670953912111469,3,3,1,0,0,2,1,1,1,0,0,0,0,alto
8,10000.0,16,0.9375,1,1,1,0,0,0,0,0,0,0,0,0,0,gratuito
3,35000.0,555,0.6810810810810811,1,4,1,0,0,0,1,0,0,0,0,1,1,alto
1,10000.0,9,0.7777777777777778,1,4,1,0,1,0,1,0,0,1,0,0,1,alto
10,3500000.0,6607,0.9694263659754806,12,2,1,1,0,6,1,0,0,1,0,0,0,baixo
2,10000.0,147,0.8707482993197279,28,3,1,0,1,0,1,1,0,0,0,0,0,alto
1,10000.0,27,1.0,14,3,1,0,0,1,1,1,1,0,0,0,0,alto
1,0.0,0,0.0,23,3,1,0,0,0,1,1,0,1,0,0,0,baixo
2,10000.0,20,0.95,10,3,1,0,0,0,1,1,0,0,0,0,0,alto
12,35000.0,83,0.4819277108433735,9,1,1,1,0,0,0,0,0,1,0,0,0,medio_baixo
1,10000.0,8,1.0,1,3,1,0,0,0,1,1,0,1,0,0,0,medio_alto
3,10000.0,13,0.6923076923076923,1,2,1,1,1,0,1,0,0,1,0,0,0,baixo
11,10000.0,15,0.6,1,2,1,1,0,1,1,0,0,1,0,0,0,medio_baixo
6,10000.0,3,1.0,1,4,1,1,0,0,1,1,0,1,0,0,0,gratuito
4,10000.0,52,0.36538461538461536,25,5,1,0,0,3,1,0,1,1,1,0,0,medio_alto
3,10000.0,17,0.7647058823529411,1,3,1,0,0,0,1,0,0,0,1,0,1,baixo
8,350000.0,587,0.6473594548551959,7,5,1,0,0,0,1,1,0,1,0,1,0,gratuito
7,10000.0,4,0.25,1,2,1,0,0,0,1,0,1,0,0,0,0,medio_baixo
1,10000.0,0,0.0,1,2,1,0,0,0,0,0,1,0,1,0,0,alto
3,10000.0,2,0.5,1,1,1,0,0,0,0,0,0,1,0,0,0,alto
3,35000.0,33,0.6060606060606061,5,3,1,0,0,0,1,0,1,0,0,0,1,alto
2,35000.0,7,0.5714285714285714,1,4,1,0,0,0,0,1,1,1,1,0,0,medio_baixo
12,10000.0,231,0.9004329004329005,1,3,1,1,1,1,1,1,0,1,0,0,0,medio_alto
5,10000.0,36,0.6666666666666666,1,4,1,1,0,0,1,1,1,0,1,0,0,medio_baixo
2,10000.0,4,0.25,10,7,1,0,0,0,1,1,1,1,1,1,1,alto
5,10000.0,5,0.8,1,6,1,0,0,0,1,1,0,0,1,1,1,gratuito
4,35000.0,121,0.6694214876033058,2,4,1,1,0,0,1,1,1,0,0,1,0,medio_alto
2,10000.0,24,0.75,29,3,1,0,0,1,1,1,1,0,0,0,0,baixo
8,10000.0,6,0.3333333333333333,1,1,1,0,0,0,0,1,0,0,0,0,0,baixo
6,10000.0,1,1.0,1,3,1,0,0,0,0,1,1,0,0,0,0,alto
2,35000.0,452,0.8097345132743363,1,3,1,0,0,0,1,0,0,0,1,0,1,medio_alto
4,350000.0,4,0.75,1,1,1,1,0,0,0,1,0,0,0,0,0,medio_baixo
1,10000.0,0,0.0,1,2,1,0,0,0,1,0,1,0,0,0,0,alto
4,10000.0,86,0.7209302325581395,5,3,1,0,0,0,1,1,0,0,1,0,0,baixo
11,3500000.0,29679,0.8012062401024294,15,2,1,0,0,9,0,1,1,0,0,0,0,medio_alto
2,0.0,0,0.0,1,2,1,0,0,0,0,0,1,0,0,0,0,gratuito
5,10000.0,17,0.47058823529411764,1,1,1,0,0,0,0,1,0,0,0,0,0,alto
1,10000.0,3,1.0,1,7,1,0,0,0,1,1,1,0,1,0,0,alto
10,35000.0,193,0.49222797927461137,6,3,1,1,1,0,1,0,0,0,0,1,1,medio_alto
1,10000.0,0,0.0,11,3,1,0,0,4,0,1,1,0,1,0,0,alto
5,10000.0,5,1.0,1,1,1,0,0,0,0,0,1,0,0,0,0,medio_baixo
8,150000.0,1141,0.9184925503943909,3,4,1,0,0,1,1,1,0,1,0,1,0,alto
1,0.0,0,0.0,10,2,1,0,1,1,1,0,0,1,0,0,0,medio_baixo
1,0.0,0,0.0,1,4,1,0,0,0,1,1,0,0,1,0,0,gratuito
4,10000.0,24,0.9166666666666666,2,2,1,0,0,0,1,1,0,0,0,0,0,medio_baixo
1,0.0,0,0.0,103,9,1,1,1,0,1,1,1,1,1,1,1,alto
1,10000.0,0,0.0,1,3,1,0,0,0,1,1,0,1,0,0,0,medio_alto
3,10000.0,684,0.9371345029239766,6,2,1,0,0,0,1,0,1,0,0,0,0,alto
7,150000.0,1188,0.7525252525252525,5,3,1,0,0,3,0,1,0,1,0,0,0,medio_alto
5,10000.0,19,0.7894736842105263,1,2,1,0,0,0,1,0,0,1,0,0,0,baixo
5,10000.0,74,0.918918918918919,5,1,1,0,0,0,0,0,1,0,0,0,0,medio_baixo
3,0.0,0,0.0,0,0,1,0,0,0,0,0,0,0,0,0,0,gratuito
4,75000.0,67,0.6865671641791045,6,4,1,1,1,1,1,0,1,0,0,1,1,baixo
1,0.0,0,0.0,103,2,1,0,0,0,1,0,1,0,0,0,0,baixo
8,10000.0,45,0.6666666666666666,1,3,1,0,0,0,1,0,0,1,0,1,0,baixo
5,10000.0,3,0.3333333333333333,1,3,1,0,0,0,1,0,0,1,0,0,1,medio_alto
5,10000.0,14,0.8571428571428571,1,4,1,0,0,0,1,0,0,0,0,0,1,medio_alto
7,10000.0,1,1.0,5,4,1,1,0,0,1,0,1,1,0,1,0,medio_alto
2,10000.0,396,0.9393939393939394,13,3,1,0,0,1,1,1,1,0,0,0,0,medio_alto
3,10000.0,3,1.0,2,5,1,0,0,0,1,1,1,1,0,0,0,medio_alto
11,10000.0,33,0.6363636363636364,1,1,1,1,0,0,1,0,0,0,0,0,0,medio_alto
5,0.0,0,0.0,0,0,1,0,0,0,0,0,0,0,0,0,0,gratuito
11,10000.0,35,0.7428571428571429,1,2,1,0,0,0,1,0,0,1,0,0,0,medio_alto
3,10000.0,12,0.75,1,6,1,0,0,0,1,0,1,1,0,0,1,alto
3,10000.0,35,0.8857142857142857,1,2,1,1,0,0,1,0,0,0,1,0,0,baixo
2,35000.0,1539,0.9226770630279402,8,3,1,0,0,0,0,1,1,0,1,0,0,alto
2,10000.0,0,0.0,1,3,1,0,0,0,1,1,0,0,0,0,0,gratuito
3,10000.0,10,0.9,1,2,1,1,1,0,1,1,0,0,0,0,0,medio_alto
10,350000.0,3702,0.9103187466234468,1,2,1,1,1,0,1,0,0,0,0,0,1,baixo
7,10000.0,171,0.9005847953216374,9,2,1,1,1,0,1,1,0,0,0,0,0,medio_baixo
5,10000.0,24,0.8333333333333334,5,4,1,0,0,0,1,0,1,1,1,0,0,baixo
2,35000.0,654,0.8226299694189603,1,3,1,0,0,0,1,0,1,0,1,0,0,gratuito
7,10000.0,33,1.0,2,2,1,0,0,0,1,1,0,0,0,0,0,medio_baixo
1,10000.0,8,1.0,1,4,1,0,1,0,1,1,0,0,1,1,0,medio_baixo
8,10000.0,28,0.6428571428571429,1,3,1,1,1,0,1,0,0,0,0,1,1,medio_baixo
2,10000.0,8,0.75,1,2,1,0,0,0,0,0,1,0,0,0,0,gratuito
6,35000.0,65,0.9538461538461539,1,1,1,0,0,0,0,0,0,1,0,0,0,gratuito
4,10000.0,16,0.5625,1,2,1,0,0,0,1,0,0,1,0,0,0,medio_baixo
2,0.0,0,0.0,1,4,1,0,0,0,1,0,1,1,0,0,0,gratuito
9,10000.0,79,0.6075949367088608,1,3,1,0,1,0,1,0,0,0,1,0,0,gratuito
5,10000.0,88,0.8977272727272727,1,4,1,0,0,0,1,0,0,1,0,0,1,medio_baixo
6,10000.0,0,0.0,1,5,1,0,0,0,1,0,1,1,0,1,1,alto
7,10000.0,0,0.0,3,3,1,0,0,0,0,0,1,1,1,0,0,medio_baixo
6,10000.0,71,0.9295774647887324,9,1,1,0,0,0,0,1,0,0,0,0,0,alto
6,10000.0,8,0.75,1,3,1,0,0,0,1,0,0,1,0,0,1,baixo
10,10000.0,68,0.6029411764705882,5,4,1,0,0,0,1,1,1,1,0,0,0,medio_alto
2,10000.0,0,0.0,1,3,1,0,0,0,1,0,0,1,0,0,1,baixo
8,10000.0,4,0.75,1,3,1,1,1,0,1,0,1,0,1,0,0,baixo
3,10000.0,2,0.5,1,2,1,0,0,0,0,1,0,0,0,0,0,alto
5,150000.0,16,0.25,15,1,1,0,0,0,0,0,0,1,0,0,0,baixo
3,10000.0,29,0.9655172413793104,2,2,1,0,0,1,1,1,0,0,0,0,0,baixo
5,75000.0,1,1.0,1,3,1,1,0,0,1,1,0,0,0,0,0,medio_alto
1,0.0,0,0.0,1,5,1,0,0,0,1,0,0,1,0,1,1,alto
3,0.0,0,0.0,0,0,1,0,0,0,0,0,0,0,0,0,0,gratuito
10,10000.0,4,0.25,1,2,1,0,0,0,1,1,0,0,0,0,0,medio_alto
3,10000.0,0,0.0,1,2,1,1,1,0,1,0,0,0,0,0,1,medio_alto
1,0.0,0,0.0,0,0,1,0,0,0,0,0,0,0,0,0,0,gratuito
11,10000.0,218,0.9174311926605505,1,3,1,1,1,1,1,1,0,1,0,0,0,gratuito
14,750000.0,3532,0.8793884484711212,4,1,1,0,0,0,0,0,0,0,1,0,0,baixo
15,7500000.0,37292,0.6353373377668132,1,3,1,0,0,0,0,1,0,0,0,0,0,gratuito
12,350000.0,7357,0.6543428027728694,7,4,1,1,1,2,1,0,1,0,1,0,1,alto
1,0.0,0,0.0,2,4,1,0,0,0,1,1,1,1,0,0,0,medio_alto
6,350000.0,1371,0.8840262582056893,13,4,1,0,0,0,1,0,1,1,0,0,1,alto
4,35000.0,74,0.8918918918918919,11,2,1,0,0,1,1,1,0,0,0,0,0,medio_alto
2,10000.0,133,0.9924812030075187,1,3,1,0,0,1,1,1,0,0,0,0,0,medio_alto
2,10000.0,23,0.9565217391304348,1,3,1,0,0,0,1,1,1,0,0,0,0,alto
7,10000.0,7,1.0,1,2,1,1,1,0,0,0,0,1,0,1,0,medio_alto
1,10000.0,0,0.0,10,3,1,0,0,0,1,1,0,0,0,0,0,medio_alto
10,1500000.0,27230,0.8724935732647815,8,2,1,0,0,4,0,1,1,0,0,0,0,medio_baixo
2,350000.0,13985,0.9576689309974973,11,2,1,1,0,1,1,1,0,0,0,0,0,alto
8,75000.0,797,0.6725219573400251,1,1,1,0,0,0,1,0,0,0,0,0,0,medio_alto
2,10000.0,50,0.8,14,5,1,0,0,0,1,1,1,1,0,0,1,medio_alto
7,10000.0,18,0.6666666666666666,1,2,1,0,0,0,1,0,0,0,1,0,0,baixo
1,10000.0,0,0.0,1,4,1,0,0,0,1,1,1,0,0,0,0,alto
8,150000.0,1876,0.8992537313432836,13,4,1,1,0,2,1,1,1,1,0,0,0,medio_baixo
7,10000.0,9,0.8888888888888888,1,3,1,0,0,0,1,0,0,1,0,1,0,gratuito
2,0.0,0,0.0,0,0,1,0,0,0,0,0,0,0,0,0,0,gratuito
1,0.0,0,0.0,0,0,1,0,0,0,0,0,0,0,0,0,0,gratuito
1,0.0,0,0.0,6,1,1,0,0,0,0,1,0,0,0,0,0,alto
1,10000.0,0,0.0,1,5,1,1,0,0,1,0,0,1,1,1,1,alto
1,0.0,0,0.0,8,6,1,0,0,0,1,1,1,1,1,0,0,medio_baixo
2,35000.0,70,0.7857142857142857,6,3,1,0,0,0,1,0,1,0,0,0,1,medio_baixo
1,10000.0,0,0.0,12,1,1,1,0,0,1,0,0,0,0,0,0,medio_baixo
7,10000.0,51,0.7058823529411765,1,3,1,0,0,0,1,0,1,1,0,0,0,alto
1,0.0,0,0.0,103,3,1,0,0,0,1,0,0,1,0,0,1,medio_baixo
10,35000.0,62,0.46774193548387094,8,1,1,0,0,0,0,0,1,0,0,0,0,baixo
2,10000.0,325,0.9907692307692307,1,3,1,0,0,1,1,0,1,0,1,0,0,alto
7,10000.0,52,0.7884615384615384,7,2,1,0,0,1,1,0,1,0,0,0,0,medio_alto
8,350000.0,2920,0.9308219178082192,20,3,1,1,1,1,1,0,1,1,0,0,0,medio_baixo
1,10000.0,0,0.0,15,3,1,1,0,0,1,0,1,1,0,0,0,medio_alto
2,10000.0,16,1.0,6,3,1,0,0,0,1,0,0,1,0,1,0,baixo
8,35000.0,213,0.8544600938967136,8,3,1,0,1,1,1,1,1,0,0,0,0,gratuito
2,10000.0,432,0.8263888888888888,6,3,1,0,0,0,0,1,1,0,1,0,0,alto
4,10000.0,153,0.7320261437908496,1,3,1,0,0,0,0,1,0,0,0,1,1,alto
1,0.0,0,0.0,0,0,1,0,0,0,0,0,0,0,0,0,0,gratuito
6,150000.0,1573,0.8944691671964399,13,5,1,1,1,2,1,0,1,1,1,0,1,baixo
1,10000.0,0,0.0,1,3,1,0,0,0,1,1,1,0,0,0,0,medio_alto
1,0.0,0,0.0,1,2,1,0,0,0,0,0,0,0,1,0,0,gratuito
10,0.0,0,0.0,1,6,1,0,0,0,1,0,1,1,0,1,0,medio_alto
5,75000.0,3,1.0,1,5,1,0,0,0,1,0,1,1,1,1,0,medio_alto
7,10000.0,3,0.0,2,2,1,0,0,0,1,1,0,0,0,0,0,alto
7,350000.0,719,0.8108484005563282,9,3,1,0,0,0,0,0,0,1,0,0,1,alto
4,10000.0,16,0.9375,2,4,1,0,0,0,1,1,1,1,0,0,0,baixo
8,10000.0,11,1.0,1,5,1,0,0,0,1,1,1,1,0,1,0,baixo
8,10000.0,319,0.5266457680250783,9,5,1,0,1,0,1,1,1,0,0,0,0,alto
9,10000.0,221,0.8823529411764706,1,4,1,0,0,0,1,0,0,1,0,0,1,alto
10,75000.0,143,0.7272727272727273,1,1,1,0,0,0,0,0,1,0,0,0,0,medio_alto
5,10000.0,6,0.3333333333333333,2,3,1,0,0,0,1,1,1,0,0,0,0,medio_alto
1,10000.0,0,0.0,11,4,1,0,0,1,0,1,0,0,1,1,0,alto
1,10000.0,0,0.0,4,4,1,1,0,0,1,1,0,1,0,0,0,medio_baixo
1,0.0,0,0.0,1,3,1,0,1,0,1,0,0,1,0,1,0,medio_alto
2,10000.0,13,0.5384615384615384,1,2,1,0,0,0,1,0,0,1,0,0,0,medio_baixo
6,10000.0,8,1.0,2,2,1,0,0,0,0,1,1,0,0,0,0,medio_baixo
4,10000.0,0,0.0,26,1,1,0,0,0,0,0,0,0,0,0,1,medio_alto
4,10000.0,39,0.8717948717948718,13,4,1,0,0,1,1,1,1,1,0,0,0,medio_alto
3,35000.0,311,0.9196141479099679,2,4,1,0,0,0,1,1,1,0,0,1,0,alto
15,350000.0,710,0.46619718309859154,2,1,1,0,0,0,0,1,0,0,0,0,0,baixo
4,10000.0,2,1.0,1,3,1,0,0,0,1,0,1,1,0,0,0,medio_alto
2,10000.0,11,1.0,11,5,1,0,1,0,1,1,0,1,0,1,0,medio_alto
5,10000.0,0,0.0,2,3,1,0,0,0,1,0,0,1,0,1,0,medio_baixo
7,10000.0,8,1.0,1,4,1,0,0,0,1,1,0,1,0,1,0,medio_baixo
1,10000.0,4,0.5,8,4,1,0,0,0,1,0,0,1,1,0,1,alto
1,10000.0,0,0.0,1,3,1,0,0,0,0,1,1,0,0,0,1,medio_alto
9,10000.0,401,0.8329177057356608,2,3,1,0,0,1,1,0,1,1,0,0,0,alto
5,750000.0,10189,0.9397389341446658,2,3,1,0,0,4,1,0,1,0,0,0,1,alto
2,75000.0,301,0.7574750830564784,27,5,1,0,0,1,1,1,1,0,1,0,0,alto
1,0.0,0,0.0,6,2,1,0,0,0,0,0,0,0,0,0,0,gratuito
7,10000.0,85,0.8823529411764706,2,2,1,0,0,0,1,1,0,0,0,0,0,baixo
1,10000.0,0,0.0,1,2,1,0,0,0,1,0,0,1,0,0,0,alto
4,10000.0,6,0.6666666666666666,1,7,1,0,0,0,1,1,1,0,0,0,1,alto
8,10000.0,43,0.3953488372093023,2,3,1,0,0,0,1,0,1,1,0,0,0,baixo
5,10000.0,3,0.3333333333333333,1,2,1,1,1,0,1,0,0,1,0,0,0,medio_alto
4,75000.0,649,0.41602465331278893,17,3,1,0,0,0,1,0,0,0,0,0,1,alto
2,0.0,0,0.0,3,3,1,0,0,0,1,0,0,1,0,1,0,gratuito
5,10000.0,4,1.0,7,3,1,0,0,1,1,1,0,1,0,0,0,medio_alto
2,10000.0,0,0.0,1,5,1,0,0,0,1,0,1,1,1,0,0,gratuito
5,10000.0,2,1.0,1,3,1,0,0,0,1,1,0,1,0,0,0,medio_baixo
9,10000.0,30,0.9333333333333333,1,2,1,0,0,0,1,0,0,1,0,0,0,medio_baixo
1,0.0,0,0.0,1,5,1,0,0,0,1,0,0,0,1,0,0,gratuito
9,10000.0,23,0.5652173913043478,1,3,1,0,0,0,1,0,1,0,1,0,0,gratuito
8,350000.0,719,0.6522948539638387,9,5,1,0,0,31,1,0,0,1,0,0,1,gratuito
2,10000.0,4,1.0,1,2,1,0,0,0,0,0,0,1,0,0,1,medio_baixo
2,0.0,0,0.0,0,0,1,0,0,0,0,0,0,0,0,0,0,gratuito
1,0.0,0,0.0,1,3,1,0,0,0,1,0,1,1,0,0,0,medio_alto
2,10000.0,15,0.7333333333333333,1,2,1,0,0,0,1,0,0,1,0,0,0,medio_baixo
1,35000.0,350,0.9057142857142857,19,1,1,0,0,0,0,0,0,0,0,0,1,alto
9,10000.0,9,0.8888888888888888,1,3,1,0,0,0,0,1,0,0,0,0,1,alto
3,10000.0,51,0.7647058823529411,4,2,1,0,0,0,1,0,0,0,1,0,0,alto
2,0.0,0,0.0,0,0,1,0,0,0,0,0,0,0,0,0,0,gratuito
9,10000.0,31,0.5161290322580645,1,2,1,0,0,0,1,0,0,0,0,1,0,alto
8,10000.0,24,0.9583333333333334,1,1,1,0,0,0,0,1,0,0,0,0,0,gratuito
2,10000.0,0,0.0,1,2,1,1,0,0,1,1,0,0,0,0,0,alto
4,0.0,0,0.0,1,3,1,0,0,0,0,0,0,0,0,0,1,gratuito
2,0.0,0,0.0,0,0,1,0,0,0,0,0,0,0,0,0,0,gratuito
2,10000.0,76,0.6447368421052632,3,6,1,0,0,0,1,0,1,1,1,1,1,alto
9,10000.0,4,0.75,1,5,1,0,0,0,1,1,0,1,0,1,1,alto
1,0.0,0,0.0,3,4,1,0,0,0,1,0,0,1,0,1,0,baixo
9,10000.0,3,0.3333333333333333,1,3,1,0,0,0,1,1,0,1,0,0,0,baixo
4,10000.0,72,0.8472222222222222,1,4,1,1,0,0,1,0,0,0,0,1,1,alto
7,10000.0,77,0.4675324675324675,1,7,1,0,0,0,1,1,1,0,1,1,1,gratuito
2,10000.0,111,0.8828828828828829,1,3,1,0,0,0,1,0,1,1,0,0,0,alto
3,10000.0,0,0.0,5,1,1,0,0,0,0,0,0,0,0,0,1,alto
8,10000.0,11,1.0,2,3,1,0,0,0,1,0,0,0,0,1,1,medio_alto
1,10000.0,4,0.75,2,3,1,0,0,0,1,1,1,0,0,0,0,medio_alto
2,0.0,0,0.0,0,0,1,0,0,0,0,0,0,0,0,0,0,gratuito
1,10000.0,0,0.0,1,3,1,0,0,0,1,0,1,0,1,0,0,alto
10,10000.0,6,0.6666666666666666,1,4,1,1,0,0,1,1,0,1,0,0,0,medio_alto
5,10000.0,33,0.6060606060606061,1,4,1,1,1,1,1,0,0,1,0,1,1,alto
3,0.0,0,0.0,103,5,1,0,0,0,1,0,1,1,0,1,1,medio_baixo
2,35000.0,230,0.8695652173913043,9,2,1,0,0,1,0,1,1,0,0,0,0,alto
5,10000.0,10,0.8,6,6,1,0,0,0,1,0,1,1,1,1,1,alto
2,10000.0,39,0.9487179487179487,1,1,1,0,0,0,0,0,0,0,1,0,0,alto
10,35000.0,110,0.7818181818181819,1,2,1,0,0,0,1,1,0,0,0,0,0,baixo
4,10000.0,9,0.6666666666666666,1,2,1,0,0,0,1,1,0,0,0,0,0,baixo
1,0.0,0,0.0,5,1,1,0,0,0,1,0,0,0,0,0,0,baixo
6,10000.0,0,0.0,3,2,1,0,0,0,1,0,0,0,1,0,0,medio_alto
3,10000.0,5,0.8,1,1,1,0,0,0,0,1,0,0,0,0,0,alto
3,0.0,0,0.0,95,4,1,1,1,1,1,1,1,1,0,0,0,baixo
10,35000.0,79,0.8227848101265823,1,2,1,0,0,0,1,1,0,0,0,0,0,medio_baixo
1,10000.0,0,0.0,2,1,1,0,0,0,0,0,0,1,0,0,0,medio_baixo
1,0.0,0,0.0,1,3,1,0,0,0,1,0,0,1,0,0,0,gratuito
6,10000.0,2,1.0,1,2,1,0,0,0,1,0,0,1,0,0,0,baixo
8,10000.0,9,0.6666666666666666,1,2,1,0,0,0,1,1,0,0,0,0,0,baixo
6,10000.0,32,0.71875,14,2,1,0,0,0,1,0,0,0,1,0,0,medio_alto
3,10000.0,0,0.0,1,4,1,0,0,0,0,0,0,1,1,1,1,medio_baixo
1,0.0,0,0.0,0,0,1,0,0,0,0,0,0,0,0,0,0,gratuito
6,10000.0,0,0.0,5,1,1,1,1,0,0,0,0,1,0,0,0,medio_alto
8,10000.0,14,0.7142857142857143,1,1,1,0,0,0,0,0,0,1,0,0,0,medio_alto
7,10000.0,3,0.6666666666666666,1,4,1,0,0,0,1,1,1,0,0,0,0,alto
12,750000.0,15709,0.9022216563753263,13,1,1,0,0,38,0,1,0,0,0,0,0,medio_alto
12,75000.0,122,0.6557377049180327,1,4,1,0,0,0,1,0,1,1,1,0,0,medio_baixo
7,10000.0,2,0.5,1,3,1,0,0,0,1,1,1,0,0,0,0,alto
1,10000.0,116,0.7844827586206896,28,3,1,0,0,0,0,0,0,1,1,0,1,medio_baixo
2,10000.0,25,1.0,2,2,1,0,0,0,1,0,1,0,0,0,0,medio_baixo
1,10000.0,0,0.0,1,3,1,0,0,0,1,1,1,0,0,0,0,medio_alto
11,10000.0,46,0.32608695652173914,1,3,1,0,0,0,1,1,0,1,0,0,0,medio_alto
2,10000.0,2,1.0,1,2,1,0,0,0,1,0,0,1,0,0,0,medio_baixo
10,350000.0,1213,0.7955482275350371,1,5,1,0,0,0,1,1,0,1,0,1,1,alto
4,10000.0,332,0.6867469879518072,20,2,1,0,0,1,1,0,1,0,0,0,0,medio_alto
5,10000.0,3,0.6666666666666666,1,2,1,1,0,1,1,0,0,1,0,0,0,medio_alto
1,0.0,0,0.0,1,4,1,0,0,0,1,1,0,1,0,0,0,gratuito
12,1500000.0,16651,0.8574860368746622,7,3,1,0,0,0,0,1,1,0,1,0,0,medio_baixo
4,0.0,0,0.0,0,0,1,0,0,0,0,0,0,0,0,0,0,gratuito
10,35000.0,654,0.6452599388379205,1,3,1,0,0,0,1,0,1,0,1,0,0,baixo
7,10000.0,4,0.5,1,3,1,0,0,0,1,1,0,0,0,0,1,baixo
1,10000.0,0,0.0,12,4,1,0,1,0,1,1,0,1,0,0,0,gratuito
1,10000.0,0,0.0,2,3,1,0,0,0,1,0,0,1,0,1,0,medio_baixo
3,350000.0,7142,0.7980957714925792,1,3,1,0,0,0,0,0,0,1,0,1,0,gratuito
3,10000.0,35,1.0,2,3,1,0,0,0,1,1,1,0,0,0,0,baixo
1,10000.0,0,0.0,1,1,1,0,0,0,0,0,0,1,0,0,0,alto
3,10000.0,0,0.0,1,1,1,0,0,0,0,1,0,0,0,0,0,medio_baixo
2,10000.0,2,0.5,3,3,1,0,0,0,1,0,1,0,1,0,0,medio_alto
5,150000.0,5,0.8,1,2,1,1,0,0,0,1,0,0,0,0,1,medio_alto
7,10000.0,1,1.0,1,3,1,0,0,0,0,0,1,1,1,0,0,medio_alto
6,7500000.0,355238,0.892567799616032,15,2,1,0,0,6,0,1,1,0,0,0,0,alto
8,10000.0,6,0.6666666666666666,1,2,1,0,0,0,1,0,0,0,0,0,0,baixo
12,150000.0,960,0.8083333333333333,5,3,1,1,1,0,1,1,1,0,0,0,0,medio_baixo
1,0.0,0,0.0,3,6,1,0,0,0,1,1,1,1,1,1,0,medio_alto
9,350000.0,1395,0.8458781362007168,1,2,1,0,0,0,1,1,0,0,0,0,0,medio_alto
2,10000.0,3,1.0,1,2,1,0,0,0,1,1,0,0,0,0,0,medio_alto
3,10000.0,185,0.7567567567567568,2,4,1,0,0,0,1,0,1,0,1,0,1,baixo
8,10000.0,8,0.5,1,3,1,0,0,0,0,1,0,1,0,0,1,medio_alto
5,10000.0,108,1.0,1,4,1,0,0,0,1,1,1,1,0,0,0,baixo
11,10000.0,51,0.8627450980392157,2,3,1,0,0,0,1,1,0,1,0,0,0,alto
1,10000.0,0,0.0,1,1,1,1,0,0,0,0,0,1,0,0,0,alto
3,10000.0,0,0.0,2,1,1,0,0,0,0,0,0,0,0,0,1,alto
1,10000.0,0,0.0,1,2,1,0,0,0,0,1,1,0,0,0,0,medio_alto
7,10000.0,16,0.8125,1,5,1,0,0,0,1,0,1,1,1,0,0,gratuito
4,10000.0,0,0.0,1,2,1,0,0,0,1,0,0,1,0,0,0,baixo
1,0.0,0,0.0,1,2,1,1,0,0,0,1,0,0,0,1,0,alto
7,10000.0,9,0.8888888888888888,3,3,1,0,0,0,1,1,1,0,0,0,0,gratuito
1,10000.0,2,1.0,1,3,1,0,0,0,1,1,1,0,0,0,0,medio_alto
3,0.0,0,0.0,6,3,1,0,0,0,1,0,0,0,0,1,1,gratuito
2,10000.0,17,0.9411764705882353,3,3,1,0,0,0,1,1,1,0,0,0,0,medio_baixo
1,10000.0,0,0.0,1,3,1,0,0,0,1,0,0,1,0,0,0,baixo
3,35000.0,160,0.8,1,4,1,0,0,0,1,0,0,1,0,0,1,gratuito
2,0.0,0,0.0,1,2,1,0,0,0,0,0,0,0,0,0,1,gratuito
9,10000.0,37,0.43243243243243246,1,3,1,0,0,0,1,0,1,1,0,0,0,medio_alto
1,10000.0,0,0.0,1,4,1,0,1,0,1,0,1,1,1,0,0,medio_alto
6,75000.0,65,0.4461538461538462,1,3,1,0,0,0,0,1,0,0,1,0,0,gratuito
3,10000.0,1,1.0,1,3,1,0,0,0,1,1,0,1,0,0,0,baixo
5,10000.0,8,0.625,3,5,1,0,0,0,1,1,1,0,1,1,0,baixo
3,10000.0,56,0.5892857142857143,6,4,1,0,0,0,1,1,0,0,0,1,1,medio_baixo
4,10000.0,32,0.875,2,2,1,0,1,0,1,0,0,0,0,0,1,medio_baixo
1,10000.0,0,0.0,11,5,1,0,0,0,1,1,1,0,1,0,0,alto
9,75000.0,1026,0.783625730994152,1,5,1,0,0,0,1,1,1,1,0,0,0,baixo
8,10000.0,39,0.5128205128205128,1,3,1,1,0,0,1,0,0,1,0,0,1,alto
3,10000.0,3,1.0,1,4,1,0,0,0,1,1,1,0,0,0,0,medio_alto
8,10000.0,32,0.9375,1,2,1,0,0,0,1,0,0,1,0,0,0,baixo
8,10000.0,17,0.5294117647058824,1,3,1,0,0,0,0,0,0,1,0,1,0,medio_alto
6,35000.0,781,0.7554417413572343,3,4,1,0,0,1,1,0,1,1,0,0,1,baixo
3,10000.0,3,0.6666666666666666,1,2,1,0,1,0,1,0,0,1,0,0,0,medio_baixo
8,35000.0,99,0.7171717171717171,2,2,1,0,0,1,1,0,0,1,0,0,0,baixo
4,10000.0,6,1.0,1,4,1,0,0,0,1,1,1,0,0,0,1,baixo
3,10000.0,4,0.25,1,2,1,0,0,0,1,0,0,1,0,0,0,medio_baixo
1,0.0,0,0.0,0,0,1,0,0,0,0,0,0,0,0,0,0,gratuito
5,10000.0,0,0.0,1,2,1,0,0,0,0,1,1,0,0,0,0,medio_alto
3,10000.0,1,1.0,1,5,1,0,0,0,1,1,1,1,1,0,0,baixo
3,10000.0,2,1.0,1,3,1,0,0,0,1,0,0,1,0,1,0,baixo
2,10000.0,0,0.0,3,3,1,1,1,4,1,0,1,1,0,0,0,alto
8,10000.0,2,1.0,1,5,1,0,0,0,1,1,1,1,0,0,0,baixo
9,35000.0,6,0.16666666666666666,1,1,1,0,0,0,0,0,0,1,0,0,0,baixo
10,35000.0,99,0.6161616161616161,27,3,1,0,0,0,1,0,1,1,0,0,0,baixo
6,10000.0,6,1.0,1,1,1,0,0,0,0,0,0,1,0,0,0,baixo
2,35000.0,13,1.0,1,2,1,0,0,0,0,1,0,0,0,0,0,medio_alto
7,10000.0,1,1.0,1,3,1,0,0,0,1,1,1,0,0,0,0,baixo
1,0.0,0,0.0,4,2,1,0,0,0,0,0,0,0,0,1,0,gratuito
10,150000.0,5580,0.7698924731182796,9,3,1,1,0,13,1,0,0,0,0,1,1,alto
1,0.0,0,0.0,5,4,1,0,0,0,1,0,0,1,0,0,1,gratuito
1,10000.0,5,1.0,8,3,1,0,0,0,1,0,1,1,0,0,0,baixo
8,35000.0,854,0.9098360655737705,1,1,1,0,0,0,1,0,0,0,0,0,0,baixo
1,10000.0,0,0.0,1,4,1,0,0,0,1,0,0,1,0,0,1,alto
1,10000.0,2,1.0,1,1,1,0,0,0,1,0,0,0,0,0,0,medio_alto
12,750000.0,3086,0.8684381075826313,5,1,1,0,0,0,0,1,0,0,0,0,0,baixo
1,10000.0,0,0.0,2,3,1,0,0,0,1,0,0,1,0,0,1,medio_baixo
7,10000.0,14,0.7857142857142857,1,3,1,0,0,0,1,0,0,1,0,0,0,baixo
1,0.0,0,0.0,0,0,1,0,0,0,0,0,0,0,0,0,0,gratuito
4,0.0,0,0.0,0,0,1,0,0,0,0,0,0,0,0,0,0,gratuito
6,10000.0,1,1.0,1,3,1,0,0,0,1,1,0,0,0,0,0,gratuito
1,0.0,0,0.0,0,0,1,0,0,0,0,0,0,0,0,0,0,gratuito
1,10000.0,0,0.0,1,4,1,0,0,0,1,1,0,1,0,0,0,medio_alto
5,35000.0,97,0.6701030927835051,7,3,1,0,0,1,1,0,1,1,0,0,0,alto
8,10000.0,16,0.625,1,4,1,0,0,0,1,1,1,1,0,0,0,baixo
1,0.0,0,0.0,11,2,1,0,0,0,0,0,0,1,0,0,0,medio_baixo
9,35000.0,76,0.35526315789473684,2,3,1,0,0,0,1,1,0,1,0,0,0,baixo
1,0.0,0,0.0,1,4,1,0,0,0,0,1,0,0,0,0,0,gratuito
3,10000.0,58,0.896551724137931,3,2,1,0,1,1,1,0,1,0,0,0,0,medio_baixo
1,10000.0,0,0.0,1,1,1,0,0,0,0,1,0,0,0,0,0,medio_alto
6,10000.0,104,0.875,10,4,1,0,0,0,1,1,0,0,0,1,1,medio_baixo
4,0.0,0,0.0,1,1,1,0,0,0,0,0,0,0,0,1,0,gratuito
7,10000.0,3,1.0,1,5,1,0,0,0,1,1,1,1,1,0,0,medio_alto
1,10000.0,0,0.0,1,1,1,0,1,1,0,1,0,0,0,0,0,baixo
5,10000.0,65,0.8923076923076924,1,3,1,0,0,0,1,1,0,1,0,0,0,baixo
2,150000.0,2818,0.8999290276792051,14,4,1,0,0,0,1,0,0,0,0,1,1,medio_alto
11,75000.0,417,0.8848920863309353,8,3,1,0,0,1,1,1,0,1,0,0,0,medio_baixo
5,0.0,0,0.0,0,0,1,0,0,0,0,0,0,0,0,0,0,gratuito
4,10000.0,18,0.6111111111111112,14,1,1,0,0,0,0,0,0,0,1,0,0,alto
5,10000.0,1,0.0,1,2,1,0,1,0,1,0,0,1,0,0,0,baixo
5,75000.0,558,0.5268817204301075,4,6,1,1,0,3,1,0,1,1,1,1,1,medio_alto
4,10000.0,4,0.75,1,1,1,0,0,0,0,0,0,0,0,1,0,medio_alto
1,10000.0,6,1.0,4,1,1,0,0,0,0,1,0,0,0,0,0,alto
2,10000.0,15,0.6666666666666666,6,4,1,0,0,0,1,1,1,0,1,0,0,baixo
6,10000.0,24,0.6666666666666666,1,4,1,0,0,0,1,0,1,0,0,1,0,gratuito
5,150000.0,1454,0.7799174690508941,9,3,1,0,0,2,1,1,1,0,0,0,0,medio_alto
4,350000.0,16,1.0,1,2,1,0,0,0,1,1,0,0,0,0,0,alto
1,10000.0,4,0.75,1,4,1,0,0,0,1,1,1,0,0,0,1,baixo
6,35000.0,113,0.5752212389380531,4,1,1,0,0,0,0,1,0,0,0,0,0,alto
6,750000.0,12452,0.9882749759074847,1,3,1,0,1,9,1,0,0,1,0,0,0,gratuito
9,10000.0,126,0.9047619047619048,1,5,1,0,0,0,1,0,1,1,1,0,0,gratuito
3,10000.0,8,0.5,1,3,1,0,0,0,1,1,0,0,0,0,0,medio_alto
3,10000.0,1,1.0,1,2,1,0,0,0,0,0,0,1,0,0,0,alto
1,0.0,0,0.0,1,4,1,0,0,0,1,0,0,1,1,0,0,gratuito
8,10000.0,11,0.7272727272727273,1,5,1,0,0,0,1,1,1,0,0,0,0,gratuito
2,10000.0,0,0.0,2,4,1,0,0,0,1,0,1,0,1,0,1,medio_alto
11,1500000.0,20813,0.9014077739874117,6,1,1,0,0,0,0,1,0,0,0,0,0,medio_alto
1,0.0,0,0.0,13,1,1,1,0,0,0,0,0,0,0,0,0,alto
3,0.0,0,0.0,1,4,1,0,0,0,1,0,0,1,0,0,1,gratuito
6,10000.0,92,0.7391304347826086,8,4,1,0,0,0,1,0,1,1,0,1,0,baixo
5,0.0,0,0.0,0,0,1,0,0,0,0,0,0,0,0,0,0,gratuito
5,75000.0,29,0.8275862068965517,3,3,1,0,0,0,0,1,1,0,0,1,0,medio_baixo
1,0.0,0,0.0,2,2,1,1,1,0,0,0,1,0,1,0,0,baixo
4,0.0,0,0.0,1,4,1,0,0,1,1,0,0,1,0,0,1,gratuito
1,0.0,0,0.0,0,0,1,0,0,0,0,0,0,0,0,0,0,gratuito
4,0.0,0,0.0,0,0,1,0,0,0,0,0,0,0,0,0,0,gratuito
5,10000.0,10,0.9,1,3,1,1,1,0,1,1,0,1,0,0,0,medio_alto
4,10000.0,0,0.0,5,3,1,0,0,0,1,1,0,1,0,0,0,medio_alto
9,35000.0,182,0.6263736263736264,2,2,1,0,0,0,1,0,0,1,0,0,0,baixo
6,10000.0,4,0.25,1,2,1,0,0,0,1,0,0,0,0,0,0,medio_alto
4,10000.0,6,1.0,2,2,1,0,0,0,0,1,0,1,0,0,0,medio_alto
1,10000.0,9,0.6666666666666666,1,2,1,0,0,0,1,0,1,0,0,0,0,baixo
9,150000.0,433,0.8198614318706697,1,2,1,0,0,0,0,0,0,1,0,0,0,gratuito
2,0.0,0,0.0,0,0,1,0,0,0,0,0,0,0,0,0,0,gratuito
5,10000.0,0,0.0,6,4,1,0,0,0,0,0,0,1,1,0,0,gratuito
3,10000.0,2,0.5,2,1,1,0,0,0,1,0,0,0,0,0,0,baixo
2,0.0,0,0.0,1,3,1,1,0,0,0,1,1,0,0,0,0,gratuito
3,10000.0,153,0.9607843137254902,4,5,1,0,0,1,1,1,0,1,0,0,0,medio_baixo
2,10000.0,0,0.0,2,1,1,0,0,0,0,0,0,1,0,0,0,alto
1,10000.0,37,0.9459459459459459,2,6,1,0,0,0,1,1,1,1,1,1,0,alto
4,10000.0,436,0.9403669724770642,6,5,1,0,0,0,1,0,0,1,1,1,1,medio_baixo
5,75000.0,59,0.2033898305084746,1,6,1,0,0,0,1,1,1,0,0,0,1,medio_alto
12,35000.0,88,0.7045454545454546,1,2,1,0,0,0,1,0,0,0,1,0,0,baixo
8,150000.0,46,0.6521739130434783,1,1,1,0,0,0,0,1,0,0,0,0,0,medio_baixo
1,10000.0,0,0.0,11,3,1,0,0,0,0,0,1,0,0,0,1,alto
3,10000.0,60,0.4666666666666667,2,6,1,0,0,0,1,0,1,1,1,1,1,gratuito
5,10000.0,16,0.3125,103,3,1,0,0,0,1,1,1,0,0,0,0,baixo
4,10000.0,29,0.6551724137931034,1,3,1,0,0,2,1,0,1,0,0,0,0,gratuito
11,1500000.0,18062,0.8554423651865796,11,2,1,0,0,5,0,1,1,0,0,0,0,medio_baixo
5,10000.0,0,0.0,29,4,1,0,0,0,0,1,1,1,0,0,1,baixo
5,0.0,0,0.0,0,0,1,0,0,0,0,0,0,0,0,0,0,gratuito
1,10000.0,0,0.0,1,2,1,0,0,0,0,0,0,0,1,0,1,baixo
3,10000.0,0,0.0,1,2,1,0,0,0,1,0,0,1,0,0,0,baixo
10,35000.0,2,1.0,1,3,1,0,0,0,1,0,0,1,0,1,0,gratuito
12,350000.0,2413,0.8246995441359304,1,4,1,1,1,1,0,1,0,0,1,1,1,baixo
1,10000.0,0,0.0,1,4,1,0,0,0,1,1,0,1,0,1,0,baixo
6,10000.0,10,0.9,1,2,1,0,0,0,1,1,0,0,0,0,0,medio_alto
2,10000.0,747,0.9076305220883534,3,2,1,0,0,0,1,0,0,0,0,1,0,alto
1,0.0,0,0.0,14,4,1,0,0,0,1,1,1,0,0,0,0,medio_baixo
2,10000.0,0,0.0,1,1,1,0,0,0,0,1,0,0,0,0,0,medio_alto
5,0.0,0,0.0,0,0,1,0,0,0,0,0,0,0,0,0,0,gratuito
2,10000.0,0,0.0,30,4,1,1,1,0,1,0,1,1,1,0,0,medio_alto
2,10000.0,51,0.7254901960784313,10,7,1,0,0,0,1,1,1,1,1,1,1,medio_alto
4,10000.0,53,0.5849056603773585,3,2,1,0,0,0,1,0,0,1,0,0,0,medio_baixo
1,0.0,0,0.0,103,2,1,0,0,1,0,0,0,1,0,0,0,gratuito
11,75000.0,664,0.8012048192771084,1,2,1,0,0,1,1,0,1,0,0,0,0,medio_baixo
8,10000.0,43,0.8837209302325582,12,3,1,0,0,0,1,1,1,0,0,0,0,medio_baixo
5,35000.0,7,0.7142857142857143,1,4,1,1,0,0,1,1,1,0,0,0,0,baixo
11,3500000.0,56252,0.8546718338903506,8,1,1,0,0,23,0,1,0,0,0,0,0,medio_alto
3,10000.0,6,0.6666666666666666,17,6,1,0,0,0,1,1,1,1,1,1,0,medio_alto
4,0.0,0,0.0,1,4,1,0,0,0,1,1,1,0,0,0,0,gratuito
9,150000.0,562,0.7580071174377224,1,4,1,0,0,0,1,1,1,0,0,0,0,gratuito
6,10000.0,103,0.941747572815534,1,1,1,1,0,0,0,0,0,0,0,1,0,medio_baixo
11,75000.0,288,0.6180555555555556,1,3,1,0,0,0,1,0,0,0,0,1,0,gratuito
7,10000.0,127,0.6771653543307087,7,2,1,1,0,1,1,1,0,0,0,0,0,medio_alto
9,10000.0,57,0.8947368421052632,7,2,1,0,0,0,1,0,1,0,0,0,0,gratuito
2,10000.0,25,0.96,11,2,1,0,0,0,1,0,0,1,0,0,0,medio_alto
3,10000.0,1,1.0,1,4,1,1,0,0,1,1,1,0,0,0,0,baixo
6,10000.0,0,0.0,1,2,1,1,0,1,1,0,0,1,0,0,0,baixo
3,10000.0,10,1.0,17,4,1,0,0,0,1,0,1,1,0,0,0,medio_baixo
1,10000.0,0,0.0,6,4,1,0,0,0,1,0,0,1,1,0,1,alto
5,0.0,0,0.0,0,0,1,0,0,0,0,0,0,0,0,0,0,gratuito
3,10000.0,8,0.875,7,2,1,0,0,0,1,1,0,0,0,0,0,baixo
8,10000.0,62,0.6129032258064516,2,3,1,0,0,0,0,0,0,0,0,0,0,medio_baixo
3,10000.0,0,0.0,1,2,1,0,0,0,1,1,0,0,0,0,0,medio_baixo
2,10000.0,0,0.0,2,2,1,1,0,0,0,0,1,1,0,0,0,alto
9,10000.0,11,0.18181818181818182,1,3,1,0,0,2,1,0,0,1,0,0,1,medio_baixo
3,10000.0,0,0.0,103,6,1,0,0,0,1,1,1,1,1,0,1,baixo
8,75000.0,72,0.7361111111111112,10,3,1,0,0,0,1,1,0,0,0,0,0,gratuito
3,350000.0,5631,0.9703427455158942,2,2,1,0,0,0,1,1,0,0,0,0,0,medio_alto
1,0.0,0,0.0,7,3,1,0,0,0,1,1,1,0,0,0,0,medio_alto
4,10000.0,71,0.9436619718309859,9,3,1,1,1,1,1,0,0,1,0,0,1,medio_baixo
10,75000.0,42,0.7142857142857143,1,2,1,0,0,0,1,1,0,0,0,0,0,baixo
2,10000.0,0,0.0,1,3,1,0,0,0,1,0,0,1,0,0,0,gratuito
6,35000.0,68,0.7794117647058824,1,3,1,0,0,0,1,1,1,0,0,0,0,medio_alto
6,75000.0,11,0.7272727272727273,1,1,1,0,0,0,1,0,0,0,0,0,0,gratuito
6,35000.0,2,0.0,1,3,1,0,0,0,1,0,1,1,0,0,0,medio_baixo
4,10000.0,5,1.0,1,4,1,0,0,0,0,1,1,1,0,1,0,medio_alto
6,10000.0,2,1.0,29,3,1,0,0,0,1,1,0,1,0,0,0,baixo
4,150000.0,1488,0.9469086021505376,7,4,1,1,0,0,1,1,1,0,0,0,1,alto
3,10000.0,381,0.7952755905511811,11,2,1,0,0,0,1,0,0,0,0,1,0,alto
9,10000.0,0,0.0,1,4,1,0,0,0,1,0,0,1,0,1,1,medio_alto
6,10000.0,3,1.0,1,2,1,1,0,0,1,1,0,0,0,0,0,baixo
1,0.0,0,0.0,2,1,1,0,0,0,0,0,0,1,0,0,0,medio_baixo
6,10000.0,1,0.0,1,3,1,0,0,0,1,1,0,1,0,0,0,medio_baixo
1,0.0,0,0.0,1,4,1,1,1,0,1,0,0,1,0,1,0,gratuito
2,0.0,0,0.0,1,4,1,0,0,0,1,1,0,1,0,0,0,gratuito
9,10000.0,9,1.0,1,2,1,0,0,0,1,1,0,0,0,0,0,alto
3,0.0,0,0.0,1,5,1,0,0,0,1,1,0,1,0,1,0,gratuito
15,3500000.0,25006,0.8525953771094937,5,1,1,0,0,4,0,1,0,0,0,0,0,alto
2,10000.0,2,1.0,3,1,1,0,0,0,1,0,0,0,0,0,0,medio_baixo
1,10000.0,0,0.0,1,3,1,0,0,0,1,0,0,1,0,1,0,baixo
3,35000.0,4,0.75,4,4,1,1,0,0,1,0,1,1,0,0,0,alto
10,10000.0,5,0.6,2,2,1,0,0,0,0,0,1,1,0,0,0,medio_alto
5,10000.0,0,0.0,2,1,1,0,0,0,0,0,0,0,0,0,1,medio_alto
1,10000.0,0,0.0,6,5,1,0,0,0,0,1,1,0,1,0,1,alto
9,10000.0,15,0.7333333333333333,1,2,1,0,0,0,0,1,0,0,0,0,0,gratuito
1,0.0,0,0.0,1,3,1,0,0,0,0,0,0,1,0,0,0,gratuito
4,35000.0,8,0.75,1,2,1,0,0,0,0,1,0,0,0,0,0,medio_alto
5,10000.0,6,0.5,2,2,1,0,0,0,1,0,1,0,0,0,0,medio_baixo
2,10000.0,4,1.0,1,2,1,0,0,0,1,0,0,1,0,0,0,medio_alto
4,10000.0,2,0.0,1,8,1,1,1,0,1,1,1,0,0,1,1,medio_baixo
1,10000.0,0,0.0,2,3,1,0,0,1,0,0,0,1,1,1,0,medio_alto
2,75000.0,1256,0.8646496815286624,18,4,1,1,0,1,1,1,0,1,0,0,0,medio_baixo
2,0.0,0,0.0,0,0,1,0,0,0,0,0,0,0,0,0,0,gratuito
1,10000.0,8,0.875,9,2,1,1,1,0,0,0,0,1,0,0,1,medio_baixo
4,10000.0,23,0.9130434782608695,9,2,1,0,0,0,1,0,0,1,0,0,0,medio_alto
4,10000.0,0,0.0,1,4,1,0,0,0,1,0,1,1,0,0,0,baixo
7,350000.0,18,0.8333333333333334,1,1,1,0,0,0,0,1,0,0,0,0,0,baixo
4,10000.0,23,0.6086956521739131,1,2,1,0,0,0,1,1,0,0,0,0,0,alto
3,10000.0,14,0.8571428571428571,1,4,1,1,0,0,1,0,0,1,0,1,0,medio_alto
2,0.0,0,0.0,0,0,1,0,0,0,0,0,0,0,0,0,0,gratuito
3,0.0,0,0.0,0,0,1,0,0,0,0,0,0,0,0,0,0,gratuito
2,10000.0,0,0.0,2,4,1,0,0,0,1,1,1,0,1,0,0,medio_baixo
2,10000.0,6,0.5,1,1,1,1,0,0,0,0,1,0,0,0,0,medio_alto
3,10000.0,0,0.0,1,3,1,1,1,0,1,0,1,1,0,0,0,baixo
5,10000.0,8,0.5,103,5,1,0,0,0,1,0,1,1,0,1,1,medio_baixo
3,10000.0,0,0.0,1,3,1,0,0,0,1,0,1,1,0,0,0,gratuito
4,10000.0,19,0.9473684210526315,2,3,1,0,0,0,1,0,0,0,0,1,0,gratuito
11,75000.0,448,0.625,27,1,1,0,0,0,0,0,0,0,0,0,0,alto
7,1500000.0,20966,0.8883430315749309,13,4,1,1,1,3,1,1,1,0,1,0,0,medio_baixo
6,35000.0,48,0.7291666666666666,1,4,1,0,0,0,1,1,1,0,0,0,0,gratuito
5,0.0,0,0.0,0,0,1,0,0,0,0,0,0,0,0,0,0,gratuito
1,10000.0,0,0.0,14,2,1,1,0,2,1,0,0,1,0,0,0,alto
2,10000.0,15,0.6,1,1,1,0,0,0,0,0,1,0,0,0,0,baixo
1,10000.0,12,1.0,2,5,1,0,0,0,1,1,1,0,1,0,0,baixo
5,35000.0,11,1.0,2,4,1,0,0,0,1,1,1,0,1,0,0,gratuito
6,10000.0,117,0.8461538461538461,3,2,1,0,0,0,1,0,1,0,0,0,0,medio_alto
4,150000.0,843,0.863582443653618,11,5,1,1,1,0,1,1,0,1,0,0,1,alto
10,75000.0,619,0.789983844911147,2,2,1,1,1,1,1,1,0,0,0,0,0,medio_alto
7,10000.0,43,0.9767441860465116,1,1,1,0,0,1,0,0,0,0,0,0,1,alto
2,10000.0,2,1.0,1,2,1,0,0,0,1,0,0,1,0,0,0,medio_baixo
2,10000.0,0,0.0,13,1,1,0,0,0,0,0,0,1,0,0,0,baixo
6,10000.0,10,0.9,2,2,1,0,0,0,1,0,0,1,0,0,0,baixo
6,150000.0,4049,0.9545566806618918,16,3,1,1,0,2,1,0,1,1,0,0,0,medio_alto
1,10000.0,0,0.0,10,2,1,0,0,0,0,0,0,1,0,1,0,alto
8,10000.0,2,1.0,1,2,1,1,1,0,1,1,0,0,0,0,0,alto
10,75000.0,123,0.5853658536585366,12,6,1,0,1,1,1,1,1,0,0,1,0,medio_alto
5,10000.0,3,0.0,1,2,1,0,0,0,1,0,0,1,0,0,0,baixo
10,10000.0,137,0.5693430656934306,4,1,1,1,1,0,0,0,0,1,0,0,0,medio_baixo
10,35000.0,1500,0.7193333333333334,4,1,1,0,0,1,0,0,0,0,1,0,0,medio_baixo
2,10000.0,62,0.22580645161290322,1,3,1,1,1,0,1,0,0,0,0,1,1,medio_alto
4,10000.0,401,0.9177057356608479,1,2,1,1,1,1,1,0,1,0,0,0,0,medio_alto
3,0.0,0,0.0,1,4,1,0,0,0,1,1,0,1,0,0,0,gratuito
11,35000.0,390,0.8794871794871795,1,2,1,1,0,6,0,0,0,0,0,0,0,medio_baixo
6,10000.0,0,0.0,1,1,1,0,0,2,0,0,0,0,0,0,1,alto
3,0.0,0,0.0,1,1,1,0,0,0,0,0,0,0,0,1,0,gratuito
2,10000.0,0,0.0,1,5,1,0,0,0,1,1,1,1,0,0,0,gratuito
4,10000.0,9,0.4444444444444444,1,4,1,0,0,0,0,1,0,1,0,0,1,alto
6,10000.0,0,0.0,12,4,1,0,0,0,1,1,1,0,0,0,0,gratuito
10,35000.0,90,0.6,1,4,1,0,1,0,1,1,1,0,1,0,0,medio_baixo
2,10000.0,13,1.0,1,1,1,0,0,0,1,0,0,0,0,0,0,medio_alto
7,35000.0,671,0.8643815201192251,1,1,1,0,0,2,0,0,0,0,0,0,1,baixo
1,0.0,0,0.0,0,0,1,0,0,0,0,0,0,0,0,0,0,gratuito
2,10000.0,15,0.8,3,4,1,0,0,0,1,0,1,1,1,0,0,medio_baixo
3,35000.0,3,1.0,1,1,1,0,0,0,0,0,0,0,1,0,0,medio_baixo
3,10000.0,5,0.2,1,2,1,0,0,0,1,0,1,0,0,0,0,medio_baixo
7,10000.0,26,0.46153846153846156,1,1,1,0,0,0,0,1,0,0,0,0,0,medio_baixo
3,10000.0,1,1.0,30,3,1,1,0,0,1,1,0,1,0,0,0,baixo
5,10000.0,3,1.0,3,3,1,1,1,0,1,1,0,1,0,0,0,baixo
1,0.0,0,0.0,1,3,1,0,0,0,0,0,0,1,0,0,0,gratuito
3,10000.0,7,0.14285714285714285,1,3,1,0,0,0,1,0,0,1,0,0,1,medio_baixo
8,10000.0,20,0.8,3,5,1,0,0,0,1,1,1,0,1,0,0,gratuito
9,10000.0,7,0.42857142857142855,1,2,1,0,0,0,0,0,1,1,0,0,0,medio_baixo
4,35000.0,29,0.9310344827586207,5,4,1,0,0,0,0,1,1,0,1,0,0,gratuito
7,10000.0,16,0.5,1,1,1,0,0,0,0,1,0,0,0,0,0,gratuito
5,0.0,0,0.0,0,0,1,0,0,0,0,0,0,0,0,0,0,gratuito
1,10000.0,163,0.8588957055214724,4,2,1,0,0,0,1,1,0,0,0,0,0,alto
6,10000.0,2,1.0,1,3,1,0,0,0,1,0,1,0,1,0,0,medio_baixo
1,0.0,0,0.0,0,0,1,0,0,0,0,0,0,0,0,0,0,gratuito
2,0.0,0,0.0,1,4,1,0,0,0,1,0,0,1,0,0,1,gratuito
6,35000.0,14,0.9285714285714286,1,2,1,0,0,1,1,1,0,0,0,0,0,baixo
4,10000.0,26,0.8846153846153846,3,5,1,0,0,0,1,0,1,1,0,0,1,baixo
1,0.0,0,0.0,0,0,1,0,0,0,0,0,0,0,0,0,0,gratuito
5,0.0,0,0.0,0,0,1,0,0,0,0,0,0,0,0,0,0,gratuito
5,10000.0,94,0.9574468085106383,6,3,1,0,1,0,1,0,0,1,0,1,0,baixo
2,10000.0,104,0.8076923076923077,1,3,1,0,0,0,1,0,0,1,0,0,0,baixo
1,10000.0,1,1.0,2,4,1,0,0,0,1,1,1,0,0,0,0,gratuito
5,35000.0,16,0.9375,8,2,1,0,0,0,0,0,1,1,0,0,0,medio_alto
5,10000.0,1,1.0,1,4,1,0,0,0,1,1,1,1,0,0,0,medio_alto
2,10000.0,0,0.0,16,3,1,0,0,0,1,0,0,1,0,0,1,medio_baixo
7,10000.0,0,0.0,1,3,1,1,0,0,1,0,0,1,0,0,1,gratuito
2,10000.0,1,0.0,1,3,1,0,0,0,1,1,1,0,0,0,0,alto
1,10000.0,4,0.75,4,3,1,0,0,0,0,1,1,0,1,0,0,alto
9,35000.0,23,0.5217391304347826,1,1,1,0,0,0,0,0,0,0,0,1,0,alto
6,10000.0,2,1.0,2,3,1,0,0,0,1,1,0,1,0,0,0,alto
2,0.0,0,0.0,0,0,1,0,0,0,0,0,0,0,0,0,0,gratuito
5,10000.0,2,1.0,1,1,1,0,0,0,1,0,0,0,0,0,0,medio_alto
9,10000.0,18,0.4444444444444444,1,2,1,1,0,0,1,0,0,1,0,0,0,medio_baixo
1,10000.0,1,1.0,10,3,1,0,0,0,1,1,1,0,0,0,0,baixo
4,35000.0,11,0.8181818181818182,1,1,1,0,0,0,1,0,0,0,0,0,0,baixo
1,10000.0,3,1.0,2,2,1,0,0,0,1,0,1,0,0,0,0,baixo
1,0.0,0,0.0,1,2,1,0,0,0,1,0,0,1,0,0,0,medio_alto
6,150000.0,1596,0.8909774436090225,14,3,1,0,0,1,1,1,1,0,0,0,0,medio_alto
10,35000.0,53,0.5660377358490566,7,5,1,0,0,0,1,1,1,1,1,0,0,gratuito
7,10000.0,16,0.625,1,3,1,0,0,0,1,0,1,0,0,0,0,gratuito
4,10000.0,32,1.0,3,4,1,0,0,0,1,0,1,1,0,1,0,medio_baixo
11,35000.0,615,0.8634146341463415,1,2,1,0,0,0,0,0,0,0,0,1,1,baixo
3,0.0,0,0.0,1,5,1,0,0,2,1,0,0,1,0,1,1,gratuito
2,10000.0,73,0.9178082191780822,10,4,1,0,0,0,1,0,0,1,0,0,1,alto
1,0.0,0,0.0,1,6,1,0,0,0,1,0,1,0,1,1,0,gratuito
2,10000.0,0,0.0,1,3,1,0,0,0,1,1,0,1,0,0,0,medio_baixo
4,75000.0,26,0.7307692307692307,1,4,1,0,0,0,1,0,0,0,1,1,1,alto
3,150000.0,151,0.8079470198675497,6,4,1,0,0,0,1,1,1,0,0,0,0,gratuito
12,10000.0,4,0.5,1,3,1,0,0,0,1,1,0,0,0,0,0,alto
4,150000.0,793,0.9003783102143758,5,2,1,0,0,0,0,1,1,0,0,0,0,medio_alto
1,10000.0,13,0.9230769230769231,1,2,1,0,0,0,1,1,0,0,0,0,0,alto
1,10000.0,0,0.0,14,4,1,0,0,0,1,0,0,1,0,0,1,medio_baixo
1,10000.0,0,0.0,1,1,1,0,0,0,0,1,0,0,0,0,0,medio_baixo
4,35000.0,4,1.0,1,3,1,0,0,0,1,1,0,1,0,0,0,baixo
1,0.0,0,0.0,0,0,1,0,0,0,0,0,0,0,0,0,0,gratuito
1,0.0,0,0.0,0,0,1,0,0,0,0,0,0,0,0,0,0,gratuito
1,0.0,0,0.0,1,2,1,0,0,0,0,0,0,0,0,0,0,gratuito
1,0.0,0,0.0,0,0,1,0,0,0,0,0,0,0,0,0,0,gratuito
1,10000.0,1,1.0,1,4,1,0,0,0,1,0,1,1,0,1,0,medio_baixo
8,10000.0,280,0.9178571428571428,29,2,1,0,0,0,1,0,0,1,0,0,0,baixo
7,10000.0,25,0.8,103,5,1,0,0,0,1,0,1,1,0,1,1,baixo
5,35000.0,3,0.3333333333333333,1,1,1,0,0,0,1,0,0,0,0,0,0,medio_baixo
11,1500000.0,7524,0.9564061669324827,22,7,1,0,0,0,0,0,0,0,0,0,0,gratuito
5,150000.0,7781,0.5816733067729084,4,6,1,0,0,1,1,0,1,1,1,0,1,alto
2,10000.0,0,0.0,1,3,1,0,0,0,1,1,0,0,0,0,0,medio_alto
1,10000.0,2,0.0,11,1,1,0,0,0,0,1,0,0,0,0,0,medio_baixo
5,10000.0,27,0.48148148148148145,1,3,1,0,0,0,1,0,0,1,0,1,0,baixo
3,10000.0,4,0.25,7,3,1,1,1,0,1,0,0,0,0,1,1,baixo
1,10000.0,58,0.9137931034482759,4,2,1,0,0,0,1,1,0,0,0,0,0,medio_alto
6,10000.0,27,0.4074074074074074,1,2,1,0,0,0,0,1,1,0,0,0,0,medio_alto
2,10000.0,0,0.0,28,3,1,0,0,0,1,0,0,1,0,0,1,medio_alto
2,10000.0,13,0.8461538461538461,1,3,1,0,0,0,1,1,0,0,0,0,0,gratuito
5,35000.0,26,0.8076923076923077,1,3,1,0,0,2,1,0,0,0,0,1,0,gratuito
7,10000.0,5,0.6,1,2,1,0,0,0,0,0,0,0,0,1,0,medio_alto
5,35000.0,8,0.875,3,3,1,0,1,0,1,0,0,1,0,0,0,medio_baixo
1,10000.0,0,0.0,1,3,1,0,0,0,1,0,0,1,0,1,0,medio_baixo
5,10000.0,0,0.0,3,3,1,0,1,0,1,1,1,0,0,0,0,medio_baixo
1,0.0,0,0.0,1,5,1,0,0,0,1,0,0,1,0,0,1,gratuito
4,10000.0,19,0.6842105263157895,1,4,1,0,0,0,1,0,1,1,0,1,0,baixo
2,0.0,0,0.0,1,2,1,0,0,0,1,0,0,0,0,0,0,gratuito
4,10000.0,5,0.8,1,5,1,0,0,0,1,1,0,1,0,0,0,gratuito
8,10000.0,61,0.7868852459016393,9,0,1,0,0,0,0,0,0,0,0,0,0,medio_alto
3,10000.0,53,0.6792452830188679,2,3,1,0,0,0,1,0,1,0,1,0,0,alto
7,35000.0,4,0.75,3,3,1,0,0,0,1,1,0,1,0,0,0,baixo
1,0.0,0,0.0,1,2,1,1,1,0,0,0,0,1,0,0,0,gratuito
2,10000.0,0,0.0,1,3,1,0,0,0,1,1,0,1,0,0,0,medio_alto
1,0.0,0,0.0,1,2,1,0,0,0,1,0,1,0,0,0,0,medio_alto
7,10000.0,5,0.8,1,3,1,0,0,0,1,0,0,1,0,0,0,medio_baixo
7,10000.0,27,0.9629629629629629,6,3,1,1,0,0,1,0,1,1,0,0,0,medio_baixo
6,10000.0,257,0.6342412451361867,9,4,1,0,0,1,1,0,1,1,0,1,0,baixo
3,0.0,0,0.0,10,2,1,1,0,0,1,0,1,0,0,0,0,gratuito
10,1500000.0,16846,0.8279116704262139,9,1,1,0,0,0,0,0,1,0,0,0,0,baixo
3,10000.0,6,1.0,2,1,1,1,0,0,0,0,0,1,0,0,0,medio_baixo
9,10000.0,19,0.3684210526315789,2,3,1,0,0,0,1,1,0,1,0,0,0,medio_baixo
5,10000.0,0,0.0,1,1,1,0,0,0,0,1,0,0,0,0,0,medio_alto
3,0.0,0,0.0,2,1,1,0,0,0,0,1,0,0,0,0,0,gratuito
5,0.0,0,0.0,0,0,1,0,0,0,0,0,0,0,0,0,0,gratuito
3,10000.0,115,0.6173913043478261,2,4,1,0,0,0,1,0,0,1,0,1,0,alto
6,10000.0,2,0.5,2,4,1,1,0,0,1,0,0,1,1,0,0,alto
1,0.0,0,0.0,1,4,1,0,0,0,1,0,0,1,0,1,0,gratuito
4,0.0,0,0.0,16,5,1,0,0,2,0,1,1,0,0,0,0,gratuito
7,10000.0,16,0.8125,1,3,1,1,0,0,1,0,0,0,0,1,0,gratuito
1,10000.0,9,0.7777777777777778,2,2,1,1,0,0,1,0,1,0,0,0,0,medio_baixo
2,10000.0,9,0.8888888888888888,1,1,1,0,0,0,0,0,1,0,0,0,0,alto
3,10000.0,12,0.6666666666666666,11,3,1,0,0,0,1,1,1,0,0,0,0,medio_alto
16,750000.0,3026,0.55783212161269,7,1,1,0,0,0,0,0,0,0,1,0,0,medio_alto
2,10000.0,0,0.0,1,2,1,0,0,0,0,1,0,0,1,0,0,medio_alto
2,10000.0,2,1.0,1,3,1,0,0,0,1,1,0,0,0,1,0,baixo
11,10000.0,33,0.45454545454545453,8,5,1,0,0,3,1,1,1,1,0,1,0,alto
4,0.0,0,0.0,0,0,1,0,0,0,0,0,0,0,0,0,0,gratuito
1,0.0,0,0.0,1,4,1,0,1,0,1,0,1,1,0,0,0,gratuito
4,10000.0,2,0.5,1,2,1,0,0,0,0,0,0,0,0,0,1,medio_alto
12,35000.0,18,0.2777777777777778,1,1,1,0,0,0,0,0,0,0,0,1,0,baixo
2,0.0,0,0.0,0,0,1,0,0,0,0,0,0,0,0,0,0,gratuito
1,10000.0,4,0.5,3,3,1,0,0,0,1,0,0,1,0,0,1,baixo
1,0.0,0,0.0,1,2,1,0,0,0,1,0,0,1,0,0,0,baixo
4,10000.0,46,0.8695652173913043,5,1,1,0,0,0,0,0,1,0,0,0,0,alto
7,10000.0,2,1.0,1,5,1,0,0,0,1,1,0,1,0,0,0,baixo
2,0.0,0,0.0,1,2,1,0,0,1,0,1,0,0,0,0,0,gratuito
10,35000.0,197,0.6852791878172588,4,2,1,1,1,0,1,0,0,1,0,0,0,baixo
1,0.0,0,0.0,1,5,1,0,0,0,1,1,1,0,0,0,1,alto
4,10000.0,394,0.6878172588832487,4,3,1,0,0,0,0,1,1,0,1,0,0,medio_baixo
1,0.0,0,0.0,0,0,1,0,0,0,0,0,0,0,0,0,0,gratuito
5,10000.0,24,0.7083333333333334,1,3,1,0,0,1,1,0,0,0,0,1,1,alto
6,10000.0,17,0.47058823529411764,103,5,1,0,0,0,1,0,1,1,0,1,1,baixo
4,10000.0,42,0.5,29,8,1,1,1,0,1,1,1,1,1,1,1,alto
3,75000.0,402,0.8781094527363185,10,2,1,0,0,0,0,1,0,0,0,1,0,medio_baixo
1,10000.0,0,0.0,5,2,1,0,0,0,1,0,0,0,1,0,0,alto
3,0.0,0,0.0,103,10,1,1,1,0,1,1,1,1,1,1,1,alto
5,35000.0,1,0.0,1,3,1,0,0,1,1,1,1,0,0,0,0,alto
6,10000.0,8,0.875,2,5,1,0,0,0,1,1,0,1,0,0,1,baixo
1,0.0,0,0.0,1,2,1,0,0,0,1,1,0,0,0,0,0,alto
1,0.0,0,0.0,1,1,1,0,1,0,1,0,0,0,0,0,0,medio_baixo
5,10000.0,1,1.0,1,4,1,0,0,0,1,1,1,1,0,0,0,medio_baixo
4,1500000.0,8063,0.8959444375542602,19,1,1,1,1,65,0,0,0,0,0,0,0,gratuito
1,10000.0,0,0.0,10,2,1,0,0,0,0,0,1,0,1,0,0,medio_alto
3,0.0,0,0.0,0,0,1,0,0,0,0,0,0,0,0,0,0,gratuito
1,0.0,0,0.0,0,0,1,0,0,0,0,0,0,0,0,0,0,gratuito
2,10000.0,17,1.0,9,2,1,0,1,0,1,0,0,1,0,0,0,medio_baixo
11,10000.0,230,0.9,1,2,1,0,0,0,0,0,1,1,0,0,0,alto
4,75000.0,1045,0.6832535885167464,6,4,1,0,0,1,1,1,1,0,1,0,0,medio_alto
5,35000.0,119,0.9411764705882353,1,2,1,0,0,0,1,0,0,0,0,1,0,alto
2,0.0,0,0.0,0,0,1,0,0,0,0,0,0,0,0,0,0,gratuito
1,10000.0,0,0.0,1,2,1,0,0,0,1,1,0,0,0,0,0,medio_baixo
2,10000.0,147,0.9251700680272109,10,2,1,0,0,0,0,1,1,0,0,0,0,alto
1,0.0,0,0.0,103,2,1,0,0,0,1,0,0,1,0,0,0,medio_baixo
4,10000.0,3,1.0,1,3,1,0,0,0,1,1,0,0,0,0,0,medio_alto
1,0.0,0,0.0,6,6,1,0,0,0,1,0,0,1,0,0,1,gratuito
7,10000.0,2,1.0,1,2,1,0,0,0,1,1,0,0,0,0,0,alto
6,1500000.0,30151,0.9459719412291466,15,2,1,1,1,1,0,1,1,0,0,0,0,medio_alto
3,10000.0,0,0.0,1,1,1,0,0,0,0,0,0,1,0,0,0,medio_alto
7,10000.0,15,0.9333333333333333,3,4,1,0,0,0,1,1,0,1,0,1,0,medio_alto
1,10000.0,0,0.0,39,3,1,0,0,0,0,0,1,1,0,0,1,alto
2,10000.0,19,0.8421052631578947,14,2,1,0,0,0,0,0,1,1,0,0,0,alto
4,10000.0,3,0.0,2,5,1,0,0,0,1,0,0,1,0,1,1,medio_alto
1,10000.0,0,0.0,1,4,1,0,0,0,1,1,1,0,0,1,0,alto
2,10000.0,10,0.8,1,3,1,0,0,0,1,0,0,1,0,0,1,baixo
9,10000.0,15,0.9333333333333333,4,3,1,1,1,0,1,1,0,1,0,0,0,medio_baixo
4,10000.0,1,0.0,2,3,1,0,0,0,1,1,0,0,0,0,0,alto
6,75000.0,437,0.7597254004576659,3,4,1,0,0,1,1,1,1,0,1,0,0,baixo
1,10000.0,0,0.0,31,4,1,1,1,0,1,0,0,1,0,1,1,medio_baixo
6,10000.0,81,0.5925925925925926,11,3,1,0,0,2,1,1,1,0,0,0,0,alto
3,10000.0,176,0.7784090909090909,1,6,1,0,0,0,1,1,1,0,1,0,1,medio_baixo
7,35000.0,17,0.4117647058823529,1,3,1,1,0,1,1,0,0,0,0,0,1,baixo
4,0.0,0,0.0,1,3,1,0,0,0,1,1,0,0,0,0,0,gratuito
1,10000.0,1,1.0,8,4,1,0,0,0,1,1,1,0,1,0,0,medio_baixo
17,350000.0,605,0.687603305785124,1,2,1,0,0,4,0,0,0,0,1,1,0,medio_baixo
1,10000.0,0,0.0,1,1,1,1,1,0,1,0,0,0,0,0,0,medio_alto
6,10000.0,9,0.1111111111111111,1,4,1,0,0,0,1,1,1,0,0,0,1,baixo
3,10000.0,23,1.0,1,1,1,1,1,0,1,0,0,0,0,0,0,alto
1,10000.0,20,0.9,1,2,1,0,0,0,1,0,0,1,0,0,0,medio_baixo
5,10000.0,0,0.0,28,3,1,0,0,0,0,1,0,1,0,0,1,medio_baixo
3,10000.0,164,0.8597560975609756,9,4,1,1,0,0,1,1,1,0,1,0,0,medio_alto
8,10000.0,5,0.6,1,2,1,0,0,0,1,1,0,0,0,0,0,baixo
4,10000.0,6,1.0,1,1,1,0,0,0,1,0,0,0,0,0,0,medio_alto
1,0.0,0,0.0,8,4,1,0,0,0,1,1,0,1,0,0,0,gratuito
1,0.0,0,0.0,0,0,1,0,0,0,0,0,0,0,0,0,0,gratuito
11,35000.0,180,0.7333333333333333,2,2,1,0,0,0,1,0,0,0,1,0,0,medio_alto
9,10000.0,34,0.5294117647058824,2,4,1,0,0,0,1,0,0,0,0,1,0,gratuito
3,10000.0,0,0.0,2,2,1,0,0,0,0,0,0,0,1,0,0,baixo
6,10000.0,0,0.0,29,2,1,0,0,0,1,0,0,1,0,0,0,baixo
1,10000.0,0,0.0,3,4,1,0,0,0,0,1,1,0,0,0,1,medio_alto
6,150000.0,2760,0.8655797101449275,14,2,1,0,0,2,1,1,0,0,0,0,0,medio_baixo
8,10000.0,12,0.8333333333333334,1,2,1,0,0,0,0,0,0,1,1,0,0,medio_baixo
10,10000.0,53,0.6415094339622641,3,3,1,0,0,0,1,1,0,1,0,0,0,baixo
1,10000.0,0,0.0,1,1,1,0,0,0,0,1,0,0,0,0,0,medio_alto
3,10000.0,16,1.0,1,2,1,0,0,0,1,0,0,1,0,0,0,baixo
3,75000.0,7,0.7142857142857143,2,4,1,1,1,0,1,1,1,0,0,1,0,baixo
1,0.0,0,0.0,1,5,1,0,0,0,1,1,0,1,1,0,0,gratuito
6,10000.0,6,0.8333333333333334,1,3,1,0,0,0,1,0,0,1,0,0,0,medio_baixo
3,35000.0,732,0.8101092896174863,1,3,1,0,0,0,1,1,0,0,0,0,1,alto
2,10000.0,2,1.0,1,2,1,0,0,0,1,0,0,1,0,0,0,medio_baixo
13,35000.0,112,0.4017857142857143,1,2,1,0,0,0,1,0,0,0,0,0,0,medio_alto
6,10000.0,11,0.9090909090909091,2,5,1,0,0,0,1,0,1,1,0,1,1,medio_baixo
2,0.0,0,0.0,103,3,1,0,0,0,1,0,0,1,0,1,0,baixo
5,10000.0,1,1.0,1,3,1,0,0,0,1,1,0,1,0,0,0,baixo
1,0.0,0,0.0,1,3,1,0,0,0,1,0,1,1,0,0,0,medio_alto
2,0.0,0,0.0,0,0,1,0,0,0,0,0,0,0,0,0,0,gratuito
1,10000.0,0,0.0,1,3,1,0,0,0,1,0,0,0,0,0,1,medio_alto
9,10000.0,13,0.8461538461538461,1,2,1,0,0,0,0,0,0,0,0,0,0,gratuito
4,0.0,0,0.0,0,0,1,0,0,0,0,0,0,0,0,0,0,gratuito
7,10000.0,14,0.6428571428571429,1,3,1,0,1,0,1,0,1,1,0,0,0,baixo
1,0.0,0,0.0,0,0,1,0,0,0,0,0,0,0,0,0,0,gratuito
2,10000.0,10,1.0,14,1,1,0,0,0,0,0,0,0,0,0,1,medio_baixo
5,10000.0,4,0.75,12,2,1,1,1,0,0,0,0,1,0,1,0,medio_alto
5,10000.0,1,1.0,1,1,1,0,0,0,0,1,0,0,0,0,0,alto
8,10000.0,17,0.8235294117647058,1,2,1,0,0,0,1,0,0,1,0,0,0,gratuito
8,10000.0,50,0.24,2,4,1,0,0,0,1,0,0,1,0,1,1,baixo
1,0.0,0,0.0,1,1,1,0,0,0,0,0,0,1,0,0,0,baixo
2,10000.0,1,1.0,11,2,1,0,0,0,1,0,0,1,0,0,0,baixo
10,75000.0,8,0.625,1,2,1,0,0,0,1,1,0,0,0,0,0,medio_alto
6,350000.0,3940,0.7931472081218274,8,4,1,1,1,1,1,0,0,1,0,1,1,alto
3,10000.0,20,0.95,1,3,1,0,0,0,1,0,1,0,0,0,0,gratuito
1,10000.0,55,0.9272727272727272,6,3,1,0,0,0,1,1,1,0,0,0,0,medio_alto
10,350000.0,1355,0.8937269372693727,3,1,1,0,0,0,0,0,0,0,0,1,0,medio_baixo
2,10000.0,30,1.0,14,3,1,0,1,0,1,0,0,1,0,0,1,medio_baixo
2,35000.0,5,1.0,1,3,1,0,0,0,1,1,1,0,0,0,0,medio_baixo
3,35000.0,372,0.5913978494623656,8,3,1,1,0,0,1,0,0,0,0,1,1,medio_alto
3,10000.0,11,0.36363636363636365,2,2,1,0,0,0,1,0,0,0,0,1,0,medio_baixo
10,10000.0,108,0.3425925925925926,1,6,1,0,0,0,1,1,1,1,0,1,1,gratuito
17,75000.0,171,0.7368421052631579,4,1,1,0,0,0,0,0,0,0,0,1,0,medio_baixo
9,10000.0,16,0.875,1,3,1,0,0,0,1,0,1,1,0,0,0,baixo
1,10000.0,0,0.0,25,2,1,0,0,0,1,1,0,0,0,0,0,medio_alto
9,10000.0,36,0.3333333333333333,12,3,1,0,0,0,1,0,0,0,0,0,0,alto
19,750000.0,6684,0.8210652304009575,5,2,1,0,0,0,0,1,1,0,0,0,0,baixo
2,75000.0,7,1.0,8,3,1,0,0,0,1,0,1,1,0,0,0,medio_baixo
12,35000.0,237,0.7974683544303798,4,4,1,1,0,0,1,1,1,1,0,0,0,alto
1,0.0,0,0.0,2,3,1,0,0,0,1,0,0,0,1,0,1,medio_alto
1,0.0,0,0.0,1,3,1,1,1,1,0,0,0,0,0,0,0,gratuito
1,0.0,0,0.0,0,0,1,0,0,0,0,0,0,0,0,0,0,gratuito
2,10000.0,8,1.0,1,1,1,0,0,0,1,0,0,0,0,0,0,medio_alto
2,10000.0,413,0.9612590799031477,10,2,1,0,0,0,1,0,0,1,0,0,0,medio_baixo
8,10000.0,28,0.6785714285714286,1,1,1,0,0,0,0,0,0,1,0,0,0,medio_alto
1,0.0,0,0.0,2,3,1,0,0,0,1,0,1,0,0,0,0,gratuito
2,0.0,0,0.0,0,0,1,0,0,0,0,0,0,0,0,0,0,gratuito
5,10000.0,40,0.95,1,3,1,1,1,0,1,0,0,1,0,1,0,medio_baixo
6,10000.0,83,0.7108433734939759,3,5,1,0,0,0,1,0,1,1,0,1,1,medio_baixo
7,10000.0,38,0.868421052631579,1,2,1,0,0,0,1,0,0,1,0,0,0,medio_baixo
11,350000.0,170,0.4411764705882353,1,2,1,0,0,0,1,1,0,0,0,0,0,baixo
5,10000.0,14,0.5714285714285714,9,3,1,1,0,0,1,1,0,0,1,0,0,medio_alto
2,10000.0,1,1.0,1,3,1,0,0,0,1,1,1,0,0,0,0,medio_alto
3,10000.0,9,0.4444444444444444,1,2,1,0,0,0,0,1,0,0,0,1,0,gratuito
6,10000.0,83,0.8433734939759037,1,2,1,1,0,0,1,0,0,1,0,0,0,baixo
1,0.0,0,0.0,0,0,1,0,0,0,0,0,0,0,0,0,0,gratuito
7,10000.0,26,0.8461538461538461,1,3,1,0,0,0,1,1,0,1,0,0,0,alto
3,10000.0,74,0.8918918918918919,2,2,1,0,0,0,1,0,0,0,0,1,0,baixo
2,10000.0,18,0.6666666666666666,2,5,1,0,0,1,1,1,1,1,1,0,0,baixo
6,35000.0,1,0.0,1,1,1,0,0,0,0,0,0,0,1,0,0,medio_baixo
9,10000.0,44,0.7045454545454546,1,1,1,0,0,0,1,0,0,0,0,0,0,baixo
16,350000.0,816,0.7107843137254902,5,2,1,0,0,0,0,0,0,0,0,1,1,medio_baixo
1,10000.0,0,0.0,2,2,1,0,0,0,1,0,0,0,0,1,0,baixo
2,0.0,0,0.0,9,4,1,0,0,0,1,0,1,0,0,0,1,gratuito
1,10000.0,0,0.0,2,2,1,0,0,0,0,0,0,0,1,1,0,alto
3,10000.0,65,0.5538461538461539,17,2,1,0,0,0,0,1,1,0,0,0,0,alto
1,10000.0,0,0.0,1,3,1,0,0,0,1,0,0,1,0,1,0,medio_alto
1,10000.0,3,0.6666666666666666,2,3,1,0,0,0,1,0,1,1,0,0,0,baixo
7,10000.0,100,0.93,14,2,1,1,1,1,1,0,0,1,0,0,0,baixo
6,35000.0,56,0.5535714285714286,5,3,1,0,0,0,1,1,1,0,0,0,0,alto
2,10000.0,1,1.0,1,1,1,0,0,0,0,0,0,0,0,1,0,medio_alto
2,10000.0,0,0.0,1,4,1,0,0,0,1,0,1,0,1,1,0,medio_baixo
8,350000.0,5497,0.8712024740767691,8,2,1,0,0,1,1,1,0,0,0,0,0,medio_baixo
2,0.0,0,0.0,1,3,1,1,0,0,0,0,0,0,1,1,0,gratuito
2,150000.0,2395,0.8588726513569938,24,4,1,0,0,0,1,0,0,1,0,0,1,medio_alto
2,10000.0,23,0.9565217391304348,6,2,1,0,0,0,1,0,1,0,0,0,0,medio_alto
1,10000.0,12,0.75,11,5,1,0,0,0,1,1,0,1,0,1,1,alto
1,10000.0,0,0.0,11,4,1,1,0,0,0,0,1,0,1,1,1,alto
1,0.0,0,0.0,1,3,1,0,0,0,1,0,1,0,0,0,0,gratuito
3,10000.0,1,0.0,2,2,1,0,0,0,1,0,0,1,0,0,0,medio_baixo
4,10000.0,0,0.0,1,1,1,0,0,0,0,0,0,0,0,0,0,alto
2,0.0,0,0.0,0,0,1,0,0,0,0,0,0,0,0,0,0,gratuito
2,10000.0,21,0.9523809523809523,2,4,1,0,0,0,1,1,0,1,0,0,0,medio_baixo
1,10000.0,0,0.0,9,1,1,0,0,0,0,0,0,0,0,0,1,alto
1,0.0,0,0.0,29,4,1,0,0,0,1,1,1,0,1,0,0,baixo
11,150000.0,288,0.71875,1,2,1,0,0,0,1,0,1,0,0,0,0,baixo
10,10000.0,33,0.8181818181818182,1,4,1,0,0,0,1,0,1,0,1,0,1,medio_baixo
4,150000.0,2501,0.8808476609356257,6,3,1,0,0,0,1,0,1,1,0,0,0,medio_baixo
2,0.0,0,0.0,0,0,1,0,0,0,0,0,0,0,0,0,0,gratuito
1,0.0,0,0.0,2,4,1,0,0,0,1,1,0,1,0,0,0,gratuito
10,10000.0,8,0.25,1,2,1,0,0,0,0,0,0,0,0,0,1,alto
6,10000.0,21,0.8571428571428571,1,2,1,0,0,0,1,0,0,1,0,0,0,baixo
2,10000.0,6,0.5,1,2,1,0,0,0,1,1,0,0,0,0,0,medio_alto
7,10000.0,0,0.0,2,5,1,0,0,0,1,1,1,1,0,0,1,medio_alto
2,0.0,0,0.0,1,1,1,0,0,9,0,0,0,1,0,0,0,gratuito
6,10000.0,7,1.0,1,3,1,0,0,0,1,0,0,0,1,0,0,gratuito
4,10000.0,36,0.6388888888888888,14,4,1,1,0,0,1,1,0,0,0,1,1,medio_baixo
3,10000.0,11,1.0,1,2,1,0,0,0,0,0,1,0,1,0,0,alto
5,10000.0,22,0.8181818181818182,1,1,1,0,0,0,0,0,0,1,0,0,0,baixo
7,75000.0,1934,0.8293691830403309,13,3,1,1,1,0,1,0,1,1,0,0,0,medio_baixo
1,0.0,0,0.0,0,0,1,0,0,0,0,0,0,0,0,0,0,gratuito
1,0.0,0,0.0,103,1,1,1,0,0,0,0,1,0,0,0,0,alto
9,10000.0,41,0.7560975609756098,2,4,1,0,0,1,1,1,1,1,0,0,0,medio_alto
3,0.0,0,0.0,1,7,1,0,0,0,1,1,1,1,1,1,0,gratuito
2,10000.0,35,0.9142857142857143,4,2,1,1,0,0,0,0,0,1,0,1,0,medio_baixo
8,150000.0,831,0.8243080625752106,3,3,1,1,0,0,1,0,1,0,0,0,0,gratuito
2,10000.0,0,0.0,1,3,1,0,0,0,0,1,0,0,1,1,0,medio_baixo
5,10000.0,28,0.75,1,2,1,0,1,2,1,0,1,0,0,0,0,medio_alto
1,10000.0,0,0.0,1,3,1,0,0,0,1,1,1,0,0,0,0,alto
1,10000.0,0,0.0,1,3,1,0,0,0,1,1,1,0,0,0,0,medio_alto
6,35000.0,61,0.7377049180327869,1,3,1,0,0,1,1,0,1,0,1,0,0,baixo
1,10000.0,0,0.0,2,2,1,0,0,0,1,0,0,0,0,1,0,medio_alto
5,10000.0,31,0.8387096774193549,1,4,1,0,0,0,1,1,0,0,1,0,1,baixo
5,10000.0,46,0.9130434782608695,1,2,1,0,0,0,0,0,0,1,0,0,1,baixo
10,10000.0,10,0.9,1,3,1,0,0,0,1,1,0,1,0,0,0,medio_alto
1,10000.0,0,0.0,10,2,1,1,0,0,0,1,1,0,0,0,0,alto
1,0.0,0,0.0,1,3,1,0,0,0,1,1,1,0,0,0,0,medio_baixo
11,35000.0,59,0.7966101694915254,1,5,1,0,0,0,1,1,1,1,0,1,0,medio_alto
1,0.0,0,0.0,1,4,1,0,0,0,1,1,0,0,0,0,0,gratuito
3,0.0,0,0.0,103,4,1,0,0,0,1,1,1,0,0,0,1,baixo
4,10000.0,177,0.8870056497175142,12,4,1,1,0,0,1,0,1,1,0,1,0,medio_alto
1,10000.0,1,1.0,1,1,1,0,0,0,0,0,0,0,0,1,0,medio_alto
8,75000.0,256,0.6171875,8,3,1,0,0,0,1,0,0,0,1,0,1,gratuito
3,0.0,0,0.0,0,0,1,0,0,0,0,0,0,0,0,0,0,gratuito
1,35000.0,554,0.9765342960288809,8,1,1,1,1,1,0,0,0,1,0,0,0,medio_alto
6,35000.0,8,1.0,13,1,1,0,0,0,1,0,0,0,0,0,0,baixo
8,10000.0,22,0.6818181818181818,103,3,1,0,0,0,1,1,0,1,0,0,0,baixo
2,10000.0,6,0.6666666666666666,1,2,1,0,0,0,0,1,0,0,1,0,0,medio_alto
2,10000.0,2,0.5,1,3,1,1,1,0,1,1,0,1,0,0,0,medio_baixo
2,35000.0,107,0.7289719626168224,3,1,1,0,0,1,0,0,0,1,0,0,0,medio_baixo
3,10000.0,0,0.0,13,6,1,0,0,0,1,1,1,1,0,0,1,gratuito
5,10000.0,118,1.0,1,2,1,0,1,0,1,0,0,0,0,1,0,medio_baixo
6,10000.0,32,0.8125,6,3,1,1,0,0,1,1,0,1,0,0,0,medio_baixo
1,10000.0,0,0.0,1,2,1,0,0,0,0,1,0,0,0,1,0,baixo
5,35000.0,525,0.8380952380952381,2,1,1,0,0,6,0,0,0,0,1,0,0,alto
4,10000.0,2,1.0,1,2,1,0,0,0,0,1,1,0,0,0,0,medio_baixo
1,10000.0,0,0.0,2,4,1,1,0,0,1,0,1,0,1,1,0,medio_alto
9,10000.0,6,0.6666666666666666,1,1,1,0,0,0,0,0,0,0,0,0,0,alto
1,0.0,0,0.0,0,0,1,0,0,0,0,0,0,0,0,0,0,gratuito
8,10000.0,12,0.16666666666666666,2,3,1,1,1,0,1,1,0,0,1,0,0,medio_baixo
4,35000.0,7,0.7142857142857143,1,1,1,0,0,0,0,0,0,0,0,1,0,gratuito
8,10000.0,0,0.0,1,1,1,0,0,0,0,0,0,0,0,0,1,alto
3,10000.0,21,0.5714285714285714,1,5,1,0,0,0,1,1,1,1,0,1,0,medio_alto
1,10000.0,3,0.3333333333333333,1,3,1,0,0,0,1,0,0,1,0,1,0,medio_baixo
3,10000.0,0,0.0,103,3,1,0,0,0,1,1,1,0,0,0,0,baixo
7,10000.0,293,0.7781569965870307,19,6,1,0,0,0,1,1,1,1,1,0,0,medio_alto
4,10000.0,2,1.0,1,2,1,0,0,0,0,0,1,1,0,0,0,medio_baixo
4,0.0,0,0.0,9,4,1,1,1,1,1,0,1,1,0,0,0,gratuito
3,10000.0,10,0.8,1,2,1,0,1,0,1,0,0,1,0,0,0,gratuito
1,0.0,0,0.0,1,2,1,0,0,0,1,0,0,0,0,0,0,gratuito
2,10000.0,4,0.25,1,4,1,1,0,0,1,0,0,1,0,1,1,alto
3,10000.0,46,0.6521739130434783,2,3,1,0,0,0,1,1,1,0,0,0,0,alto
6,10000.0,0,0.0,1,5,1,0,0,2,1,0,1,1,0,1,1,baixo
2,10000.0,209,0.784688995215311,8,3,1,0,0,1,1,1,1,0,0,0,0,alto
4,10000.0,24,0.4166666666666667,8,5,1,0,0,0,1,0,1,1,1,0,1,medio_alto
4,350000.0,23,0.6521739130434783,1,1,1,0,0,0,0,0,0,0,1,0,0,baixo
2,0.0,0,0.0,0,0,1,0,0,0,0,0,0,0,0,0,0,gratuito
2,10000.0,0,0.0,11,4,1,0,0,0,1,0,0,1,0,1,0,gratuito
2,10000.0,146,0.958904109589041,7,3,1,0,1,1,1,1,0,0,0,0,0,alto
1,10000.0,1,1.0,1,4,1,0,0,1,1,0,1,1,1,0,0,baixo
2,10000.0,32,0.6875,1,6,1,0,0,0,1,1,1,0,1,0,0,alto
6,10000.0,26,0.6538461538461539,1,3,1,1,1,0,1,0,1,0,1,0,0,medio_alto
1,10000.0,0,0.0,10,3,1,0,1,1,1,1,1,0,0,0,0,alto
1,0.0,0,0.0,3,5,1,0,0,0,1,0,1,1,0,1,0,gratuito
1,10000.0,14,0.7857142857142857,1,1,1,0,0,0,0,0,0,0,0,0,0,gratuito
2,10000.0,4,1.0,1,4,1,0,0,0,1,1,1,1,0,0,0,medio_baixo
1,10000.0,0,0.0,1,2,1,1,1,0,1,0,0,1,0,0,0,alto
6,10000.0,34,0.6176470588235294,5,3,1,0,0,8,1,1,0,0,1,0,0,medio_baixo
4,10000.0,0,0.0,1,2,1,0,0,0,1,0,0,1,0,0,0,baixo
4,10000.0,44,0.9545454545454546,7,3,1,1,1,0,1,0,0,1,0,1,0,medio_baixo
2,10000.0,2,0.0,1,3,1,0,0,0,1,0,1,1,0,0,0,medio_alto
3,10000.0,2,0.0,10,2,1,0,0,0,1,1,0,0,0,0,0,baixo
12,35000.0,706,0.8951841359773371,1,4,1,1,1,0,1,1,0,0,1,1,0,medio_baixo
5,10000.0,22,1.0,2,2,1,0,0,0,1,0,0,1,0,0,0,medio_baixo
1,10000.0,9,0.6666666666666666,5,1,1,0,1,0,0,0,0,0,0,0,1,baixo
3,10000.0,0,0.0,1,1,1,0,0,0,1,0,0,0,0,0,0,medio_baixo
3,10000.0,0,0.0,1,2,1,0,0,0,0,1,0,0,0,0,1,medio_baixo
1,0.0,0,0.0,103,4,1,0,0,2,1,0,1,1,0,0,1,baixo
4,0.0,0,0.0,1,3,1,0,0,3,0,0,0,1,0,0,1,gratuito
1,0.0,0,0.0,103,2,1,0,0,0,1,0,0,1,0,0,0,medio_baixo
12,10000.0,58,0.603448275862069,1,1,1,0,0,0,0,0,0,0,0,0,0,alto
10,35000.0,53,0.7547169811320755,1,4,1,0,0,8,1,1,1,0,0,1,0,gratuito
6,35000.0,312,0.8653846153846154,3,1,1,0,1,0,0,0,0,0,1,0,0,alto
7,10000.0,3,0.3333333333333333,1,1,1,0,0,0,0,0,0,0,0,0,0,alto
3,10000.0,0,0.0,1,3,1,0,0,0,1,0,0,1,1,0,0,medio_alto
8,10000.0,0,0.0,2,1,1,0,0,0,1,0,0,0,0,0,0,medio_baixo
6,750000.0,8186,0.821891033471781,14,2,1,0,0,3,1,0,0,0,0,1,0,medio_alto
7,10000.0,85,0.9529411764705882,1,3,1,0,0,0,0,0,1,0,1,0,1,medio_baixo
2,10000.0,7,1.0,1,7,1,0,0,0,1,1,1,1,0,1,1,baixo
3,10000.0,5,1.0,1,3,1,1,0,0,1,1,1,0,0,0,0,medio_alto
1,0.0,0,0.0,1,1,1,0,0,0,0,0,0,0,0,0,0,medio_alto
1,0.0,0,0.0,1,3,1,0,0,0,1,1,1,0,0,0,0,medio_baixo
4,35000.0,15,1.0,1,3,1,0,0,1,1,0,0,1,0,0,1,alto
7,10000.0,438,0.6552511415525114,1,3,1,0,0,0,1,1,0,0,0,1,0,medio_alto
10,35000.0,185,0.8702702702702703,9,2,1,1,0,1,1,1,0,0,0,0,0,baixo
7,1500000.0,63042,0.9344405317090194,14,2,1,0,0,1,0,1,1,0,0,0,0,alto
1,10000.0,0,0.0,4,3,1,0,0,0,1,0,0,1,0,0,1,alto
1,10000.0,0,0.0,2,2,1,0,0,0,1,1,0,0,0,0,0,medio_alto
7,10000.0,1,1.0,1,2,1,0,0,0,1,1,0,0,0,0,0,medio_baixo
2,0.0,0,0.0,103,3,1,0,0,0,1,0,0,1,0,1,0,medio_alto
3,10000.0,1,0.0,3,3,1,0,0,0,0,0,0,0,0,0,1,medio_alto
8,10000.0,5,1.0,1,3,1,0,0,0,1,1,0,1,0,0,0,medio_baixo
1,10000.0,0,0.0,13,3,1,0,0,0,1,1,0,0,0,1,0,medio_alto
3,10000.0,0,0.0,1,3,1,0,0,0,1,0,0,1,0,1,0,medio_alto
1,0.0,0,0.0,2,4,1,0,0,0,1,0,0,1,0,0,1,gratuito
3,150000.0,1347,0.9628804751299184,18,4,1,0,0,0,1,0,1,0,0,0,1,alto
1,10000.0,0,0.0,6,2,1,0,0,0,0,0,0,1,0,0,1,medio_alto
1,10000.0,0,0.0,12,1,1,1,1,0,1,0,0,0,0,0,0,medio_baixo
1,0.0,0,0.0,0,0,1,0,0,0,0,0,0,0,0,0,0,gratuito
5,10000.0,7,0.5714285714285714,1,2,1,0,0,0,1,0,0,1,0,0,0,baixo
6,10000.0,9,0.8888888888888888,1,2,1,0,0,0,1,0,0,1,0,0,0,medio_alto
7,35000.0,4,1.0,1,1,1,0,0,0,0,1,0,0,0,0,0,alto
11,75000.0,430,0.7813953488372093,11,2,1,1,0,3,1,0,1,0,0,0,0,alto
4,10000.0,8,1.0,1,1,1,0,0,0,0,0,0,0,0,0,1,baixo
1,0.0,0,0.0,0,0,1,0,0,0,0,0,0,0,0,0,0,gratuito
8,10000.0,44,0.8863636363636364,10,2,1,0,1,1,1,1,0,0,0,0,0,medio_baixo
4,0.0,0,0.0,2,2,1,0,0,0,0,1,0,0,0,0,0,gratuito
7,10000.0,0,0.0,1,2,1,0,0,0,1,0,0,1,0,0,0,medio_baixo
1,10000.0,6,0.8333333333333334,1,2,1,0,0,0,0,0,0,1,0,0,1,alto
1,10000.0,0,0.0,2,5,1,0,0,0,1,0,0,1,1,1,1,medio_alto
1,35000.0,637,0.9481946624803768,1,0,1,0,0,1,0,0,0,0,0,0,0,medio_baixo
2,10000.0,1,0.0,8,2,1,1,1,0,1,0,1,0,0,0,0,baixo
2,10000.0,5,1.0,8,3,1,0,0,1,1,1,1,0,0,0,0,medio_baixo
7,10000.0,21,0.9523809523809523,1,3,1,1,0,0,1,0,0,1,0,1,0,medio_baixo
1,10000.0,0,0.0,8,3,1,1,0,0,1,1,0,1,0,0,0,alto
6,10000.0,19,0.631578947368421,1,3,1,1,1,0,1,0,0,1,0,0,1,medio_baixo
3,10000.0,19,0.7894736842105263,1,4,1,0,1,0,1,0,1,0,1,0,0,medio_alto
1,10000.0,0,0.0,31,2,1,0,0,0,1,0,0,1,0,0,0,baixo
3,10000.0,6,0.8333333333333334,4,2,1,0,0,0,1,0,0,0,0,1,0,medio_baixo
7,150000.0,238,0.7899159663865546,12,1,1,0,0,1,0,0,1,0,0,0,0,medio_alto
2,10000.0,3,1.0,25,2,1,1,0,0,0,0,1,1,0,0,0,medio_alto
3,10000.0,4,1.0,12,1,1,1,0,0,0,0,0,1,0,0,0,medio_alto
12,35000.0,97,0.7628865979381443,1,2,1,1,0,0,1,0,0,1,0,0,0,medio_alto
8,10000.0,23,0.8260869565217391,7,2,1,1,1,0,0,0,1,0,1,0,0,gratuito
3,10000.0,0,0.0,1,2,1,1,0,0,1,0,0,0,0,0,1,medio_alto
2,0.0,0,0.0,1,3,1,0,0,0,0,0,0,1,0,0,1,gratuito
4,0.0,0,0.0,0,0,1,0,0,0,0,0,0,0,0,0,0,gratuito
1,10000.0,0,0.0,1,1,1,0,0,0,1,0,0,0,0,0,0,medio_baixo
2,10000.0,93,0.7634408602150538,6,4,1,1,1,1,1,0,1,0,0,0,1,gratuito
1,150000.0,1622,0.8908754623921085,1,4,1,0,0,0,1,1,1,0,0,0,0,alto
7,10000.0,2,1.0,1,2,1,0,0,0,0,0,1,1,0,0,0,medio_alto
13,1500000.0,18638,0.9527846335443717,6,4,1,1,1,0,1,1,1,0,1,0,0,medio_baixo
1,10000.0,0,0.0,12,3,1,0,1,1,0,0,1,0,0,0,0,alto
5,0.0,0,0.0,0,0,1,0,0,0,0,0,0,0,0,0,0,gratuito
5,10000.0,8,0.875,4,1,1,0,0,0,0,0,0,1,0,0,0,medio_alto
3,10000.0,0,0.0,1,1,1,0,0,0,0,1,0,0,0,0,0,alto
8,10000.0,20,0.95,1,2,1,0,0,0,0,1,1,0,0,0,0,medio_alto
10,10000.0,58,0.9137931034482759,1,3,1,0,0,0,1,0,0,0,1,1,0,medio_alto
7,10000.0,52,0.9807692307692307,1,3,1,1,1,0,1,0,0,1,0,1,0,baixo
2,0.0,0,0.0,2,2,1,0,0,3,0,0,0,0,0,0,1,gratuito
16,150000.0,1070,0.7841121495327102,1,1,1,0,0,0,0,1,0,0,0,0,0,baixo
3,0.0,0,0.0,4,3,1,1,0,0,1,0,0,0,1,0,0,gratuito
2,0.0,0,0.0,103,2,1,0,0,0,1,0,0,1,0,0,0,medio_alto
4,10000.0,174,0.9022988505747126,2,4,1,0,0,10,1,0,0,0,1,1,1,medio_alto
5,10000.0,8,0.5,1,4,1,0,0,0,0,1,1,0,1,0,0,medio_alto
1,10000.0,0,0.0,11,3,1,0,0,0,0,0,1,0,0,0,0,alto
6,10000.0,28,0.5714285714285714,5,4,1,0,0,0,1,0,0,0,0,0,1,alto
4,0.0,0,0.0,1,5,1,0,0,0,1,1,1,0,0,0,0,gratuito
8,35000.0,11,0.45454545454545453,1,2,1,0,0,0,1,0,0,1,0,0,0,baixo
2,10000.0,67,0.7313432835820896,3,3,1,0,0,0,0,1,0,1,0,1,0,baixo
8,75000.0,42,0.6428571428571429,1,5,1,0,0,0,1,0,1,1,1,1,0,baixo
5,10000.0,47,0.8085106382978723,1,1,1,0,0,0,1,0,0,0,0,0,0,medio_baixo
1,10000.0,0,0.0,2,4,1,0,0,0,0,0,0,0,0,1,1,gratuito
9,1500000.0,18917,0.9279484061954856,7,1,1,1,1,129,0,0,0,0,0,0,1,alto
1,10000.0,0,0.0,1,3,1,1,0,0,1,1,0,1,0,0,0,medio_alto
5,10000.0,0,0.0,1,1,1,0,0,0,0,0,0,0,0,1,0,medio_baixo
4,10000.0,4,1.0,1,2,1,0,0,0,1,0,0,0,1,0,0,medio_alto
1,10000.0,0,0.0,2,4,1,0,0,0,1,1,1,0,0,0,1,medio_baixo
3,350000.0,30,0.9666666666666667,2,1,1,0,0,1,1,0,0,0,0,0,0,baixo
8,10000.0,58,0.8620689655172413,10,3,1,0,0,0,1,0,1,1,0,0,0,alto
5,10000.0,0,0.0,1,6,1,0,0,0,1,1,1,1,1,0,1,baixo
2,10000.0,14,0.9285714285714286,1,2,1,0,0,0,1,1,0,0,0,0,0,medio_baixo
2,0.0,0,0.0,1,2,1,0,0,0,0,0,0,1,0,0,0,gratuito
5,75000.0,46,0.8695652173913043,11,2,1,0,0,0,1,0,1,0,0,0,0,alto
7,10000.0,8,0.625,1,3,1,1,1,0,1,0,1,0,1,0,0,medio_baixo
2,10000.0,8,0.625,4,3,1,0,0,0,1,0,1,1,0,0,0,medio_baixo
2,10000.0,0,0.0,1,4,1,0,0,0,1,0,1,1,0,1,0,baixo
4,10000.0,3,0.6666666666666666,1,3,1,0,0,0,1,1,0,1,0,0,0,medio_baixo
6,10000.0,8,1.0,1,1,1,0,0,0,0,1,0,0,0,0,0,alto
7,35000.0,44,0.9090909090909091,1,3,1,0,0,0,1,0,0,1,0,0,0,gratuito
1,10000.0,104,0.7403846153846154,30,5,1,0,0,0,1,0,1,1,0,0,1,alto
2,10000.0,0,0.0,11,2,1,0,0,0,1,0,0,0,0,0,1,baixo
6,10000.0,4,0.5,1,3,1,0,0,0,1,1,0,0,0,0,0,gratuito
1,10000.0,0,0.0,1,3,1,0,0,0,1,0,0,1,0,0,1,medio_baixo
6,10000.0,7,0.5714285714285714,1,3,1,0,0,0,1,1,0,0,0,0,1,gratuito
1,10000.0,0,0.0,8,1,1,0,0,1,0,0,0,0,0,1,0,alto
4,75000.0,6,0.6666666666666666,1,1,1,0,0,0,1,0,0,0,0,0,0,medio_alto
11,75000.0,613,0.636215334420881,1,3,1,1,0,0,1,1,0,0,1,0,0,medio_alto
3,10000.0,82,0.8048780487804879,8,3,1,0,0,0,1,0,0,0,0,1,1,alto
7,10000.0,0,0.0,1,3,1,0,0,0,0,1,1,0,0,0,1,medio_alto
6,10000.0,3,1.0,1,2,1,0,0,0,1,0,0,0,0,0,1,medio_alto
7,10000.0,104,0.6634615384615384,4,5,1,0,0,2,1,1,1,0,1,1,0,medio_alto
2,35000.0,71,0.9436619718309859,1,4,1,0,1,0,1,0,1,0,1,1,0,alto
3,10000.0,6,0.3333333333333333,4,4,1,0,0,0,1,0,1,1,1,0,0,alto
9,10000.0,7,0.8571428571428571,1,3,1,1,0,0,1,1,0,1,0,0,0,baixo
2,0.0,0,0.0,1,3,1,0,0,0,1,1,0,0,0,0,0,gratuito
3,0.0,0,0.0,103,1,1,0,0,0,0,1,0,0,0,0,0,medio_baixo
1,0.0,0,0.0,1,2,1,0,0,0,1,1,0,0,0,0,0,baixo
1,10000.0,272,0.9852941176470589,14,2,1,0,0,0,0,0,0,0,0,0,0,medio_alto
10,350000.0,1667,0.6490701859628074,1,4,1,0,0,0,0,1,0,0,1,0,0,gratuito
2,10000.0,92,0.8913043478260869,6,2,1,0,0,0,1,0,1,0,0,0,0,alto
7,10000.0,102,0.8823529411764706,1,3,1,0,1,2,1,0,0,1,0,0,1,baixo
4,10000.0,10,0.8,1,2,1,0,0,0,0,0,1,1,0,0,0,medio_alto
9,10000.0,173,0.8786127167630058,1,5,1,1,1,0,1,0,1,0,1,0,0,medio_alto
4,0.0,0,0.0,1,3,1,0,0,0,0,0,1,1,0,0,0,gratuito
1,10000.0,0,0.0,7,3,1,0,0,1,1,0,0,1,0,1,0,medio_baixo
2,10000.0,4,1.0,2,2,1,0,0,0,1,0,1,0,0,0,0,medio_baixo
2,0.0,0,0.0,1,3,1,0,0,0,1,0,1,0,0,0,0,gratuito
6,10000.0,1,1.0,3,2,1,0,0,0,1,0,0,1,0,0,0,medio_alto
1,10000.0,1,1.0,2,4,1,0,0,0,1,0,0,1,0,1,1,medio_alto
2,10000.0,0,0.0,1,1,1,0,0,0,0,0,0,1,0,0,0,medio_alto
4,35000.0,282,0.6631205673758865,3,4,1,0,0,2,1,0,1,0,1,1,0,alto
1,10000.0,113,0.9380530973451328,2,3,1,0,0,0,1,1,1,0,0,0,0,medio_baixo
9,10000.0,34,0.7941176470588235,1,2,1,1,1,0,1,1,0,0,0,0,0,medio_alto
2,0.0,0,0.0,1,5,1,0,0,0,1,0,1,0,1,1,0,gratuito
1,0.0,0,0.0,0,0,1,0,0,0,0,0,0,0,0,0,0,gratuito
3,0.0,0,0.0,1,2,1,0,0,0,1,0,1,0,0,0,0,gratuito
9,0.0,0,0.0,4,1,1,0,0,0,0,0,0,1,0,0,0,medio_baixo
6,10000.0,14,0.7857142857142857,1,2,1,0,0,0,1,1,0,0,0,0,0,gratuito
1,10000.0,66,0.696969696969697,1,3,1,0,0,0,1,1,1,0,0,0,0,alto
1,0.0,0,0.0,2,1,1,0,0,0,0,0,0,0,0,0,0,alto
8,35000.0,36,0.4444444444444444,1,3,1,0,0,0,1,0,1,1,0,0,0,medio_baixo
10,350000.0,709,0.8039492242595204,1,3,1,1,1,0,1,1,0,1,0,0,0,baixo
3,0.0,0,0.0,0,0,1,0,0,0,0,0,0,0,0,0,0,gratuito
3,10000.0,5,0.2,2,1,1,0,0,0,0,0,0,0,0,0,1,medio_baixo
1,10000.0,0,0.0,1,4,1,0,0,0,1,1,0,0,0,1,0,medio_baixo
4,10000.0,37,0.6756756756756757,1,6,1,0,0,0,1,1,0,1,0,0,1,baixo
1,10000.0,0,0.0,1,1,1,0,0,0,0,0,0,0,0,0,0,medio_baixo
1,10000.0,0,0.0,1,2,1,0,0,0,0,0,1,0,0,0,0,medio_baixo
8,10000.0,56,0.7142857142857143,1,2,1,1,1,0,1,0,1,0,0,0,0,medio_baixo
2,10000.0,36,0.5,11,2,1,0,0,0,0,1,0,0,0,0,0,medio_alto
3,35000.0,8,0.875,6,4,1,0,0,0,1,1,1,0,0,1,0,baixo
6,10000.0,121,0.5041322314049587,1,2,1,0,0,0,1,1,0,0,0,0,0,medio_alto
3,75000.0,386,0.8264248704663213,8,5,1,0,0,0,1,1,1,1,0,0,0,medio_alto
3,0.0,0,0.0,1,1,1,0,1,0,0,0,0,1,0,0,0,gratuito
2,10000.0,0,0.0,4,3,1,0,0,0,1,0,1,0,1,0,0,alto
6,10000.0,31,0.6129032258064516,2,3,1,0,0,0,1,1,1,0,0,0,0,baixo
2,10000.0,0,0.0,1,1,1,0,0,0,0,0,0,1,0,0,0,medio_alto
2,75000.0,668,0.8143712574850299,9,3,1,1,1,1,0,1,1,1,0,0,0,medio_alto
1,0.0,0,0.0,13,6,1,1,1,0,1,0,1,0,1,1,1,gratuito
12,350000.0,771,0.32684824902723736,1,2,1,0,0,0,1,1,0,0,0,0,0,medio_alto
2,0.0,0,0.0,1,6,1,0,0,0,1,1,1,1,0,0,1,gratuito
4,10000.0,24,0.5833333333333334,29,1,1,0,0,0,1,0,0,0,0,0,0,baixo
3,10000.0,19,1.0,9,2,1,1,0,0,1,1,0,0,0,0,0,alto
9,10000.0,1,1.0,1,3,1,0,0,0,1,1,1,0,0,0,0,baixo
2,10000.0,0,0.0,1,1,1,0,0,0,0,0,0,1,0,0,0,medio_alto
7,35000.0,14,0.14285714285714285,3,5,1,0,0,0,1,1,1,1,1,0,0,baixo
8,10000.0,32,0.6875,5,3,1,0,0,0,1,0,0,0,0,1,1,medio_baixo
9,75000.0,247,0.7773279352226721,1,4,1,0,0,0,1,1,0,0,0,0,0,gratuito
3,10000.0,10,1.0,1,2,1,1,1,0,1,1,0,0,0,0,0,baixo
6,10000.0,34,1.0,1,2,1,0,0,0,1,0,0,1,0,0,0,baixo
2,10000.0,524,0.9103053435114504,2,2,1,0,0,0,1,0,1,0,0,0,0,medio_alto
7,10000.0,8,0.75,1,3,1,1,1,0,1,0,1,0,1,0,0,medio_alto
1,10000.0,47,0.8936170212765957,5,2,1,0,0,0,1,1,0,0,0,0,0,medio_alto
5,75000.0,10,1.0,2,4,1,0,0,0,1,1,1,0,0,0,0,baixo
3,10000.0,25,1.0,8,2,1,0,0,0,1,1,0,0,0,0,0,medio_baixo
5,10000.0,8,1.0,1,2,1,0,0,0,1,0,0,1,0,0,0,baixo
7,10000.0,19,0.8421052631578947,2,4,1,0,0,0,1,1,0,0,1,0,0,baixo
11,35000.0,112,0.4732142857142857,1,2,1,1,1,1,1,1,0,0,0,0,0,baixo
3,10000.0,2,1.0,3,3,1,0,0,0,1,0,1,1,0,0,0,medio_baixo
3,10000.0,0,0.0,5,1,1,0,0,0,0,0,0,0,1,0,0,baixo
4,0.0,0,0.0,0,0,1,0,0,0,0,0,0,0,0,0,0,gratuito
1,10000.0,32,1.0,3,4,1,0,1,0,1,1,1,1,0,0,0,baixo
1,10000.0,2,1.0,1,1,1,0,0,0,1,0,0,0,0,0,0,medio_baixo
5,150000.0,1730,0.8104046242774566,8,2,1,0,0,5,1,0,0,1,0,0,0,medio_baixo
7,10000.0,4,0.5,1,3,1,0,0,0,1,1,1,0,0,0,0,baixo
10,35000.0,268,0.8507462686567164,1,3,1,1,0,0,1,1,1,0,0,0,0,medio_baixo
3,0.0,0,0.0,1,6,1,0,0,0,0,0,1,1,0,0,1,gratuito
8,35000.0,65,0.46153846153846156,1,2,1,0,0,0,1,0,1,0,0,0,0,baixo
4,0.0,0,0.0,1,4,1,1,1,0,1,0,0,0,0,0,0,gratuito
5,35000.0,236,0.9576271186440678,1,1,1,0,0,0,0,0,0,1,0,0,0,alto
2,0.0,0,0.0,103,8,1,0,1,0,1,1,1,1,0,1,1,gratuito
2,10000.0,54,0.9814814814814815,1,2,1,1,1,0,1,0,0,1,0,0,0,baixo
8,10000.0,3,1.0,1,1,1,0,0,0,0,1,0,0,0,0,0,baixo
1,10000.0,1,1.0,1,3,1,1,1,0,1,0,1,0,1,0,0,medio_alto
10,10000.0,22,0.5909090909090909,1,2,1,1,1,0,1,0,0,1,0,0,0,medio_baixo
7,35000.0,12,0.6666666666666666,2,1,1,0,0,0,1,0,0,0,0,0,0,medio_baixo
2,10000.0,8,0.75,1,2,1,0,0,0,1,0,1,0,0,0,0,medio_alto
2,35000.0,546,0.8846153846153846,3,4,1,0,0,0,1,1,1,1,0,0,0,medio_alto
2,10000.0,25,0.76,1,1,1,0,0,0,0,0,0,0,0,1,0,medio_baixo
2,35000.0,1,1.0,1,1,1,0,0,0,0,0,0,1,0,0,0,baixo
4,10000.0,5,1.0,1,3,1,0,1,0,1,0,1,1,0,0,0,baixo
2,10000.0,1,1.0,1,3,1,0,0,0,1,0,1,1,0,0,0,medio_baixo
6,10000.0,0,0.0,1,1,1,0,0,0,0,0,1,0,0,0,0,medio_alto
4,35000.0,46,0.9565217391304348,1,5,1,0,0,10,1,1,1,0,1,0,0,alto
4,10000.0,1,1.0,2,1,1,0,0,0,0,0,0,0,0,0,0,medio_baixo
4,1500000.0,20679,0.7141544562116157,13,2,1,0,0,0,0,1,0,0,0,0,0,alto
3,10000.0,10,0.4,5,1,1,0,0,0,0,0,0,0,0,1,0,alto
2,0.0,0,0.0,0,0,1,0,0,0,0,0,0,0,0,0,0,gratuito
3,0.0,0,0.0,2,2,1,0,0,0,1,0,0,0,0,1,0,gratuito
6,10000.0,54,0.7222222222222222,2,2,1,0,0,0,0,0,0,0,0,0,1,gratuito
6,75000.0,34,0.7647058823529411,1,1,1,0,0,0,0,1,0,0,0,0,0,gratuito
8,35000.0,2689,0.9375232428412049,13,2,1,1,1,1,1,0,1,0,0,0,0,medio_alto
5,35000.0,11,0.6363636363636364,3,3,1,0,0,0,1,1,1,0,0,0,0,medio_alto
7,10000.0,105,0.8380952380952381,1,1,1,0,0,0,1,0,0,0,0,0,0,gratuito
9,10000.0,6,0.6666666666666666,1,2,1,0,0,0,0,0,1,1,0,0,0,medio_baixo
2,0.0,0,0.0,0,0,1,0,0,0,0,0,0,0,0,0,0,gratuito
3,10000.0,0,0.0,13,3,1,0,0,0,0,1,1,0,0,0,1,alto
1,0.0,0,0.0,0,0,1,0,0,0,0,0,0,0,0,0,0,gratuito
3,10000.0,21,0.8571428571428571,1,2,1,0,0,0,0,1,1,0,0,0,0,gratuito
2,0.0,0,0.0,0,0,1,0,0,0,0,0,0,0,0,0,0,gratuito
1,10000.0,2,0.5,4,7,1,0,0,0,1,0,1,1,1,1,1,baixo
4,10000.0,7,0.7142857142857143,1,1,1,0,0,0,1,0,0,0,0,0,0,baixo
3,10000.0,44,0.8863636363636364,9,2,1,0,1,0,1,0,1,0,0,0,0,medio_baixo
4,10000.0,7,0.5714285714285714,2,1,1,0,0,0,0,1,0,0,0,0,0,baixo
5,10000.0,24,0.4583333333333333,1,1,1,0,0,0,0,0,0,0,0,0,0,medio_alto
4,10000.0,4,1.0,1,6,1,0,0,0,1,0,0,1,0,1,1,medio_alto
6,10000.0,10,1.0,1,4,1,0,0,0,1,1,1,0,0,1,0,baixo
2,10000.0,0,0.0,1,2,1,0,0,0,0,0,1,1,0,0,0,alto
3,10000.0,1,0.0,1,1,1,0,0,0,1,0,0,0,0,0,0,baixo
1,10000.0,0,0.0,1,2,1,1,1,0,1,0,1,0,0,0,0,medio_baixo
2,10000.0,19,1.0,4,5,1,1,0,0,1,1,1,1,0,1,0,medio_baixo
10,35000.0,47,0.8723404255319149,1,2,1,0,0,0,1,1,0,0,0,0,0,gratuito
1,10000.0,5,1.0,1,4,1,0,0,0,1,1,0,1,0,1,0,medio_alto
5,10000.0,39,0.9487179487179487,1,1,1,0,0,0,0,0,1,0,0,0,0,medio_baixo
5,10000.0,11,0.8181818181818182,1,3,1,0,0,0,1,1,0,1,0,0,0,gratuito
2,10000.0,43,0.9767441860465116,28,3,1,1,0,0,1,0,0,1,0,1,0,medio_alto
2,75000.0,632,0.8987341772151899,1,3,1,0,0,0,1,0,1,0,1,0,0,alto
4,0.0,0,0.0,0,0,1,0,0,0,0,0,0,0,0,0,0,gratuito
6,35000.0,200,0.86,2,5,1,0,0,1,1,0,1,0,1,1,1,medio_alto
8,10000.0,63,0.9047619047619048,1,2,1,1,0,0,1,1,0,0,0,0,0,baixo
3,10000.0,84,0.5833333333333334,2,2,1,0,0,0,1,0,0,1,0,0,0,medio_alto
4,10000.0,15,0.8,1,5,1,0,0,0,1,1,1,0,1,1,0,medio_alto
2,10000.0,0,0.0,3,1,1,0,0,0,0,0,0,0,0,1,0,medio_alto
7,10000.0,9,0.6666666666666666,1,2,1,0,0,0,1,0,1,0,0,0,0,alto
2,10000.0,3,1.0,1,3,1,0,0,0,1,1,0,1,0,0,0,medio_baixo
5,10000.0,2,0.5,5,2,1,0,0,0,1,1,0,0,0,0,0,medio_alto
1,10000.0,0,0.0,9,4,1,0,0,0,1,0,0,1,0,1,0,alto
3,75000.0,594,0.7643097643097643,1,3,1,0,0,4,1,0,1,0,1,0,0,baixo
6,35000.0,128,0.7578125,7,4,1,0,0,1,1,0,0,0,0,1,1,gratuito
7,10000.0,76,0.8289473684210527,1,2,1,0,0,0,1,0,0,0,0,0,1,baixo
2,350000.0,11604,0.9776801103067908,1,4,1,0,0,0,1,0,0,1,0,1,1,medio_baixo
5,10000.0,56,0.5714285714285714,1,1,1,0,0,9,0,0,0,0,0,0,0,alto
6,75000.0,14,0.5714285714285714,1,1,1,0,0,0,0,0,0,0,0,1,0,baixo
12,75000.0,670,0.9686567164179104,1,2,1,1,1,0,0,0,1,1,0,0,0,medio_alto
4,0.0,0,0.0,0,0,1,0,0,0,0,0,0,0,0,0,0,gratuito
5,0.0,0,0.0,1,2,1,0,0,0,0,0,0,0,1,0,0,gratuito
4,35000.0,9,0.5555555555555556,4,4,1,0,0,0,0,1,1,0,0,1,1,medio_baixo
3,10000.0,1,0.0,1,1,1,0,0,0,0,0,0,0,0,0,1,medio_baixo
7,10000.0,0,0.0,1,7,1,1,0,0,1,1,0,1,0,1,1,medio_alto
3,35000.0,9,0.6666666666666666,1,2,1,0,0,0,1,1,0,0,0,0,0,gratuito
5,10000.0,11,1.0,1,2,1,1,0,0,1,0,1,0,0,0,0,baixo
2,0.0,0,0.0,0,0,1,0,0,0,0,0,0,0,0,0,0,gratuito
2,10000.0,0,0.0,15,3,1,0,0,0,0,0,1,1,0,0,1,alto
5,75000.0,60,0.5333333333333333,6,2,1,0,0,6,0,0,0,1,0,0,0,gratuito
3,10000.0,0,0.0,29,2,1,0,0,0,1,0,0,1,0,0,0,baixo
5,0.0,0,0.0,0,0,1,0,0,0,0,0,0,0,0,0,0,gratuito
3,10000.0,0,0.0,7,3,1,0,1,0,1,0,1,1,0,0,0,medio_alto
8,10000.0,30,0.7,4,4,1,0,0,0,1,1,0,0,0,1,1,gratuito
10,350000.0,333,0.7687687687687688,1,4,1,1,0,0,1,1,0,1,0,1,0,medio_alto
2,0.0,0,0.0,103,1,1,0,0,0,0,0,0,1,0,0,0,medio_baixo
1,10000.0,0,0.0,1,2,1,0,0,0,1,1,0,0,0,0,0,baixo
7,35000.0,407,0.8353808353808354,3,1,1,1,1,1,0,0,1,0,0,0,0,alto
2,10000.0,0,0.0,1,2,1,0,0,0,1,0,0,0,0,0,0,gratuito
2,0.0,0,0.0,0,0,1,0,0,0,0,0,0,0,0,0,0,gratuito
8,75000.0,1658,0.9921592279855247,1,3,1,0,0,1,1,1,0,0,0,0,0,alto
3,10000.0,0,0.0,1,1,1,0,0,0,0,0,1,0,0,0,0,alto
1,10000.0,5,1.0,1,2,1,0,0,0,1,0,0,1,0,0,0,medio_baixo
8,75000.0,288,0.7291666666666666,1,2,1,0,0,1,1,0,1,0,0,0,0,alto
3,0.0,0,0.0,1,1,1,0,0,0,0,0,0,0,0,0,0,gratuito
1,10000.0,0,0.0,8,3,1,0,0,0,1,0,0,1,0,0,1,medio_alto
7,350000.0,10959,0.9063783191897071,4,1,1,0,0,0,0,0,0,0,1,0,0,alto
2,10000.0,0,0.0,1,5,1,0,0,0,1,0,0,0,1,0,0,gratuito
9,10000.0,11,0.9090909090909091,1,2,1,0,0,0,0,0,0,0,0,0,0,gratuito
1,10000.0,0,0.0,2,3,1,0,0,0,1,1,0,1,0,0,0,medio_baixo
3,75000.0,1198,0.8247078464106845,1,2,1,0,0,1,1,0,1,0,0,0,0,medio_alto
1,10000.0,0,0.0,2,2,1,0,0,0,0,0,0,0,0,0,0,alto
1,10000.0,0,0.0,1,4,1,0,0,0,1,1,1,1,0,0,0,medio_alto
4,10000.0,0,0.0,1,2,1,0,0,0,1,0,0,1,0,0,0,baixo
6,10000.0,73,0.7808219178082192,1,3,1,0,1,0,1,0,0,0,0,1,1,alto
3,10000.0,0,0.0,1,3,1,0,0,0,0,0,1,1,0,0,1,medio_alto
3,10000.0,0,0.0,1,3,1,0,0,0,1,1,0,0,0,1,0,medio_alto
2,35000.0,16,0.3125,16,2,1,0,0,0,1,1,0,0,0,0,0,medio_baixo
7,10000.0,2,1.0,1,1,1,0,0,0,0,0,0,0,0,0,0,alto
8,10000.0,22,0.9545454545454546,10,2,1,0,1,0,1,0,1,0,0,0,0,medio_alto
2,10000.0,0,0.0,1,3,1,0,0,0,1,0,0,1,0,1,0,medio_alto
4,10000.0,0,0.0,1,3,1,0,0,0,1,1,0,1,0,0,0,medio_baixo
10,10000.0,51,0.8235294117647058,9,2,1,1,0,0,1,0,1,0,0,0,0,alto
3,35000.0,501,0.9560878243512974,12,2,1,0,0,0,1,1,0,0,0,0,0,alto
7,10000.0,78,0.9230769230769231,1,1,1,0,1,0,1,0,0,0,0,0,0,alto
4,0.0,0,0.0,0,0,1,0,0,0,0,0,0,0,0,0,0,gratuito
10,10000.0,3,0.3333333333333333,1,2,1,0,0,0,0,1,0,0,0,0,0,alto
3,10000.0,0,0.0,1,2,1,1,1,0,1,0,1,0,0,0,0,medio_baixo
1,10000.0,206,0.9514563106796117,1,3,1,0,0,2,1,1,1,0,0,0,0,alto
1,75000.0,141,0.9574468085106383,12,4,1,0,0,0,1,0,1,0,0,1,0,gratuito
4,10000.0,0,0.0,1,2,1,0,0,0,1,0,0,1,0,0,0,baixo
1,0.0,0,0.0,1,3,1,0,0,0,1,0,1,0,0,0,0,gratuito
1,0.0,0,0.0,0,0,1,0,0,0,0,0,0,0,0,0,0,gratuito
5,10000.0,9,0.8888888888888888,29,1,1,0,0,2,0,0,0,1,0,0,0,gratuito
1,0.0,0,0.0,2,2,1,0,0,0,0,1,0,0,0,0,1,baixo
4,10000.0,375,0.8053333333333333,12,2,1,1,0,1,1,0,0,0,0,1,0,medio_alto
2,0.0,0,0.0,1,5,1,0,0,0,0,0,0,1,0,1,1,gratuito
1,10000.0,24,0.9583333333333334,10,5,1,0,0,1,1,1,1,1,1,0,0,medio_alto
1,10000.0,0,0.0,1,3,1,0,0,0,1,0,0,1,0,0,0,baixo
3,350000.0,4450,0.7660674157303371,1,4,1,0,0,0,1,1,0,0,0,1,0,alto
1,35000000.0,3082,0.6414665801427645,12,3,1,0,0,4,0,1,0,0,0,0,1,gratuito
2,10000.0,0,0.0,2,2,1,0,0,0,0,1,0,1,0,0,0,medio_alto
9,35000.0,140,0.5214285714285715,17,2,1,0,0,0,0,0,0,0,0,0,0,gratuito
10,150000.0,253,0.383399209486166,1,4,1,0,0,1,1,1,0,0,0,1,0,gratuito
9,10000.0,5,0.8,1,2,1,0,0,0,1,0,1,0,0,0,0,baixo
9,10000.0,4,0.75,1,3,1,0,0,0,1,0,0,1,0,0,1,medio_baixo
3,10000.0,2,1.0,1,4,1,0,0,0,1,1,0,1,0,0,0,baixo
4,10000.0,11,1.0,11,3,1,0,0,0,1,0,0,1,0,1,0,medio_alto
1,10000.0,0,0.0,1,2,1,1,1,0,0,0,1,1,0,0,0,medio_baixo
5,10000.0,14,1.0,2,1,1,0,0,0,0,0,0,1,0,0,0,baixo
2,10000.0,0,0.0,1,2,1,1,1,2,0,0,1,0,0,0,0,gratuito
4,10000.0,39,0.8717948717948718,4,2,1,0,0,0,0,0,1,1,0,0,0,medio_alto
9,7500000.0,93027,0.7912326528857213,16,3,1,0,0,0,1,1,0,0,0,0,0,gratuito
2,10000.0,0,0.0,1,1,1,0,0,0,0,0,0,0,0,1,0,medio_alto
13,10000.0,49,0.6326530612244898,6,2,1,0,0,0,1,1,0,0,0,0,0,baixo
4,10000.0,2,0.5,18,1,1,0,0,0,0,0,1,0,0,0,0,alto
5,75000.0,1314,0.8485540334855404,10,1,1,0,0,0,0,0,0,0,0,0,1,medio_baixo
8,75000.0,1073,0.9263746505125815,4,2,1,0,0,0,0,1,1,0,0,0,0,medio_baixo
7,35000.0,193,0.3160621761658031,1,2,1,0,0,0,1,1,0,0,0,0,0,gratuito
8,35000.0,12,0.9166666666666666,1,3,1,0,0,0,1,0,1,0,0,0,0,medio_alto
9,10000.0,4,0.25,2,3,1,0,0,1,1,1,1,0,0,0,0,baixo
4,10000.0,3,1.0,1,2,1,0,0,0,1,0,0,0,1,0,0,medio_baixo
5,10000.0,11,0.8181818181818182,2,4,1,0,0,0,1,1,1,0,0,0,0,medio_baixo
1,10000.0,0,0.0,1,6,1,0,0,0,1,1,1,1,1,0,0,alto
2,35000.0,35,0.9142857142857143,3,3,1,0,0,0,1,0,0,1,0,1,0,baixo
5,35000.0,14,0.7142857142857143,2,5,1,0,0,0,1,0,1,1,1,1,0,baixo
6,10000.0,8,1.0,1,3,1,0,0,0,1,0,1,0,1,0,0,medio_baixo
2,0.0,0,0.0,103,4,1,0,0,0,1,0,0,1,1,0,1,alto
8,10000.0,35,0.6571428571428571,1,4,1,0,0,0,1,1,1,1,0,0,0,baixo
4,10000.0,3,0.6666666666666666,1,2,1,0,0,0,1,0,0,0,0,1,0,baixo
5,35000.0,2,1.0,2,3,1,0,0,0,1,0,0,1,0,0,1,baixo
11,75000.0,113,0.584070796460177,7,1,1,1,1,0,0,1,0,0,0,0,0,baixo
1,10000.0,99,0.9191919191919192,2,2,1,0,0,1,0,0,0,1,1,0,0,medio_alto
2,10000.0,0,0.0,1,4,1,0,0,0,1,1,1,1,0,0,0,medio_baixo
10,35000.0,55,0.7454545454545455,2,6,1,0,0,0,1,0,1,0,0,0,0,baixo
8,75000.0,217,0.5668202764976958,4,2,1,0,0,0,0,0,0,0,0,0,1,gratuito
5,10000.0,34,0.7352941176470589,7,1,1,0,0,0,0,0,0,0,0,0,0,baixo
7,10000.0,18,0.6666666666666666,2,3,1,0,0,0,1,0,1,0,0,1,0,baixo
1,10000.0,0,0.0,3,6,1,0,0,0,1,1,1,1,1,0,0,alto
5,10000.0,325,0.8,6,5,1,1,0,1,1,0,1,1,0,1,1,medio_alto
2,10000.0,34,0.9705882352941176,1,3,1,0,0,0,1,0,1,1,0,0,0,medio_baixo
3,150000.0,29,0.8620689655172413,2,5,1,0,0,0,1,0,1,1,1,1,0,medio_baixo
3,10000.0,7,0.8571428571428571,2,1,1,0,0,0,0,1,0,0,0,0,0,medio_alto
17,35000.0,199,0.864321608040201,1,2,1,1,0,0,1,0,0,1,0,0,0,gratuito
12,10000.0,39,0.8974358974358975,2,2,1,0,0,0,1,1,0,0,0,0,0,medio_alto
6,75000.0,283,0.6713780918727915,2,5,1,0,0,1,1,1,1,0,1,0,1,baixo
8,35000.0,170,0.5294117647058824,1,5,1,0,0,0,1,1,0,1,0,1,1,baixo
2,10000.0,4,1.0,1,4,1,1,0,0,1,1,0,1,0,1,0,medio_alto
3,10000.0,1,1.0,2,5,1,0,0,0,1,0,1,1,1,0,0,baixo
5,10000.0,63,0.5714285714285714,7,3,1,0,0,0,1,1,1,0,0,0,0,medio_baixo
1,0.0,0,0.0,18,3,1,0,0,0,0,0,1,1,0,0,0,gratuito
1,75000.0,1748,0.4010297482837529,12,3,1,0,0,0,0,1,1,0,1,0,0,alto
7,10000.0,0,0.0,1,5,1,0,0,0,1,1,1,1,0,0,1,baixo
5,10000.0,49,0.6122448979591837,7,1,1,0,0,0,0,0,0,0,0,0,1,alto
5,10000.0,4,1.0,1,2,1,0,1,0,1,0,0,0,0,0,0,medio_baixo
1,0.0,0,0.0,0,0,1,0,0,0,0,0,0,0,0,0,0,gratuito
1,0.0,0,0.0,2,2,1,0,0,0,0,0,0,1,0,0,1,baixo
10,75000.0,349,0.6848137535816619,27,5,1,1,0,0,1,1,1,1,1,0,0,baixo
1,0.0,0,0.0,0,0,1,0,0,0,0,0,0,0,0,0,0,gratuito
4,0.0,0,0.0,4,5,1,0,0,1,0,1,1,0,1,0,0,gratuito
10,35000.0,62,0.7903225806451613,9,2,1,1,0,1,1,1,0,0,0,0,0,alto
1,0.0,0,0.0,3,4,1,0,0,0,1,0,0,1,0,0,1,alto
2,10000.0,0,0.0,1,1,1,0,0,0,0,0,0,1,0,0,0,baixo
2,0.0,0,0.0,0,0,1,0,0,0,0,0,0,0,0,0,0,gratuito
1,0.0,0,0.0,1,2,1,1,0,0,0,0,1,0,1,0,0,alto
5,0.0,0,0.0,0,0,1,0,0,0,0,0,0,0,0,0,0,gratuito
15,350000.0,1553,0.6497102382485512,4,1,1,0,0,0,0,0,0,0,0,1,0,medio_baixo
2,35000.0,551,0.9346642468239564,5,5,1,1,0,0,1,0,0,1,0,1,1,alto
7,10000.0,9,0.7777777777777778,1,2,1,0,0,0,0,0,1,1,0,0,0,medio_alto
18,10000.0,129,0.9069767441860465,1,2,1,0,0,0,0,0,0,1,0,0,1,alto
1,10000.0,0,0.0,1,4,1,0,1,0,1,0,1,0,0,1,0,medio_alto
6,10000.0,4,0.25,6,4,1,0,1,0,1,0,0,1,0,0,0,baixo
2,10000.0,94,0.8617021276595744,4,2,1,0,0,0,0,1,1,0,0,0,0,alto
2,10000.0,0,0.0,2,3,1,0,0,0,1,0,0,1,1,0,0,baixo
4,10000.0,77,0.935064935064935,2,2,1,0,1,1,1,1,0,0,0,0,0,medio_alto
6,10000.0,0,0.0,2,3,1,0,0,0,1,0,0,1,0,0,0,medio_baixo
1,0.0,0,0.0,2,5,1,0,0,0,1,1,1,1,0,0,0,gratuito
1,10000.0,0,0.0,5,4,1,0,0,0,1,0,1,1,0,0,0,baixo
4,10000.0,27,0.9259259259259259,1,4,1,0,0,0,1,0,0,1,0,1,1,alto
2,10000.0,84,0.7142857142857143,4,4,1,0,0,1,1,1,1,1,0,0,0,medio_baixo
7,10000.0,3,0.3333333333333333,1,4,1,0,0,0,1,1,0,0,0,1,0,baixo
3,0.0,0,0.0,103,2,1,0,0,0,1,0,0,1,0,0,0,baixo
1,10000.0,2,1.0,4,4,1,0,0,0,0,0,0,1,1,0,1,medio_alto
4,0.0,0,0.0,1,3,1,0,0,0,1,0,1,0,0,0,0,gratuito
1,0.0,0,0.0,1,4,1,0,0,0,1,0,1,1,0,0,1,alto
3,0.0,0,0.0,12,3,1,0,0,0,1,1,0,0,0,0,1,gratuito
4,0.0,0,0.0,0,0,1,0,0,0,0,0,0,0,0,0,0,gratuito
8,10000.0,142,0.9014084507042254,1,3,1,1,0,0,1,0,0,1,0,0,1,medio_alto
5,10000.0,2,0.5,1,1,1,1,0,0,1,0,0,0,0,0,0,medio_baixo
1,0.0,0,0.0,1,1,1,0,0,0,0,0,0,1,0,0,0,baixo
1,10000.0,115,0.8956521739130435,8,2,1,0,0,0,1,0,0,0,0,0,0,alto
4,15000000.0,264391,0.8788498852078929,13,5,1,0,0,3,1,1,0,0,1,1,1,alto
3,0.0,0,0.0,2,7,1,0,0,0,1,1,1,1,1,0,1,gratuito
1,10000.0,0,0.0,2,2,1,0,0,0,1,1,0,0,0,0,0,medio_baixo
1,10000.0,0,0.0,15,4,1,0,0,0,0,1,1,0,1,0,0,gratuito
4,10000.0,3,0.3333333333333333,4,1,1,0,0,0,0,0,0,1,0,0,0,baixo
1,0.0,0,0.0,0,0,1,0,0,0,0,0,0,0,0,0,0,gratuito
2,0.0,0,0.0,0,0,1,0,0,0,0,0,0,0,0,0,0,gratuito
12,35000.0,138,0.1956521739130435,6,1,1,0,0,0,0,0,0,0,0,0,1,medio_baixo
10,10000.0,114,0.7807017543859649,2,4,1,1,1,0,1,0,1,1,0,0,1,baixo
3,10000.0,8,1.0,1,1,1,0,0,0,0,0,0,1,0,0,0,alto
7,10000.0,5,0.2,1,4,1,0,0,0,1,1,1,1,0,0,0,baixo
3,10000.0,2,1.0,2,1,1,0,0,0,0,0,0,1,0,0,0,baixo
9,10000.0,29,0.8620689655172413,1,1,1,0,0,0,0,0,0,1,0,0,0,medio_baixo
1,0.0,0,0.0,11,2,1,0,0,0,0,1,0,1,0,0,0,medio_alto
12,10000.0,6,1.0,1,2,1,1,1,0,1,0,0,0,0,0,0,gratuito
3,0.0,0,0.0,1,3,1,1,0,0,1,0,1,1,0,0,0,gratuito
5,35000.0,188,0.8138297872340425,29,2,1,0,0,1,1,0,0,1,0,0,0,baixo
4,10000.0,12,1.0,1,3,1,0,0,0,1,1,0,0,0,0,0,baixo
5,0.0,0,0.0,1,3,1,0,0,0,1,0,1,0,0,0,0,gratuito
2,10000.0,19,0.8947368421052632,1,3,1,0,0,0,1,1,0,0,0,0,1,medio_baixo
1,10000.0,177,0.9322033898305084,9,3,1,0,0,0,0,0,0,1,0,0,1,alto
5,750000.0,18506,0.8987895817572679,11,5,1,0,0,1,1,0,0,0,1,1,1,alto
2,10000.0,66,0.9696969696969697,1,2,1,0,0,0,1,0,0,1,0,0,0,medio_baixo
6,10000.0,27,0.8888888888888888,1,4,1,0,0,0,1,1,1,1,0,0,0,medio_baixo
3,35000.0,115,0.7652173913043478,1,6,1,0,0,0,1,1,1,1,1,0,1,medio_baixo
3,10000.0,11,1.0,1,3,1,0,0,0,1,1,0,1,0,0,0,baixo
4,75000.0,6,1.0,6,3,1,1,1,1,1,1,1,0,0,0,0,medio_baixo
1,10000.0,0,0.0,1,5,1,1,0,0,1,0,0,1,1,1,1,medio_baixo
1,0.0,0,0.0,1,3,1,0,0,0,1,0,0,1,0,0,0,gratuito
1,0.0,0,0.0,19,2,1,0,0,0,0,0,0,0,0,1,0,gratuito
4,10000.0,36,0.5555555555555556,2,4,1,0,0,0,1,0,0,0,1,0,1,medio_baixo
2,10000.0,1,0.0,1,1,1,0,0,0,0,0,0,1,0,0,0,medio_baixo
7,35000.0,4,0.25,1,2,1,0,0,0,1,0,0,1,0,0,0,baixo
6,10000.0,6,0.6666666666666666,1,1,1,0,0,0,0,0,0,0,0,0,1,gratuito
1,10000.0,0,0.0,1,4,1,0,0,0,1,1,1,0,0,0,0,medio_baixo
1,10000.0,98,0.6530612244897959,5,4,1,0,0,1,1,1,1,0,1,0,0,alto
1,0.0,0,0.0,0,0,1,0,0,0,0,0,0,0,0,0,0,gratuito
9,35000.0,479,0.9102296450939458,3,2,1,0,0,1,1,0,1,0,0,0,0,alto
4,0.0,0,0.0,2,3,1,0,0,7,1,1,0,0,0,0,0,gratuito
1,10000.0,0,0.0,1,4,1,1,0,1,1,0,1,1,1,0,0,alto
12,150000.0,832,0.31009615384615385,1,2,1,0,0,1,1,1,0,0,0,0,0,medio_baixo
1,10000.0,30,1.0,3,2,1,0,0,1,0,0,1,1,0,0,0,medio_baixo
4,350000.0,7154,0.9417109309477215,20,4,1,0,0,2,1,0,0,0,0,1,1,alto
1,10000.0,0,0.0,4,4,1,0,1,1,1,0,1,1,1,0,0,alto
1,10000.0,0,0.0,10,5,1,0,0,0,1,0,0,1,1,1,1,medio_baixo
6,10000.0,0,0.0,6,2,1,1,1,0,1,0,0,0,0,0,0,medio_baixo
10,150000.0,266,0.462406015037594,1,1,1,0,0,0,1,0,0,0,0,0,0,baixo
18,750000.0,1397,0.8675733715103794,5,1,1,1,0,0,0,0,0,0,0,1,0,medio_alto
1,0.0,0,0.0,0,0,1,0,0,0,0,0,0,0,0,0,0,gratuito
1,10000.0,0,0.0,1,5,1,0,0,0,1,0,0,1,1,1,1,baixo
5,10000.0,137,0.781021897810219,8,3,1,0,0,0,1,0,0,1,0,0,1,gratuito
1,0.0,0,0.0,5,1,1,0,0,0,0,0,0,1,0,0,0,alto
3,0.0,0,0.0,0,0,1,0,0,0,0,0,0,0,0,0,0,gratuito
1,0.0,0,0.0,1,4,1,0,0,0,1,0,0,0,1,1,0,medio_alto
9,10000.0,6,0.3333333333333333,1,1,1,0,0,0,0,0,0,0,0,1,0,alto
1,0.0,0,0.0,8,3,1,0,0,0,0,0,0,0,1,0,1,gratuito
4,0.0,0,0.0,28,2,1,1,1,0,0,0,0,1,0,0,0,gratuito
9,10000.0,5,0.6,1,2,1,0,0,0,1,0,0,0,0,0,0,medio_baixo
3,10000.0,0,0.0,1,1,1,0,0,0,0,0,0,1,0,0,0,medio_baixo
4,10000.0,18,0.6111111111111112,2,3,1,0,0,0,0,0,1,0,1,0,1,medio_baixo
9,10000.0,114,0.8070175438596491,9,4,1,0,0,1,1,1,1,1,0,0,0,medio_alto
4,10000.0,12,0.9166666666666666,1,1,1,0,0,0,1,0,0,0,0,0,0,baixo
2,0.0,0,0.0,0,0,1,0,0,0,0,0,0,0,0,0,0,gratuito
1,10000.0,47,1.0,1,3,1,0,1,0,1,1,1,0,0,0,0,medio_alto
8,10000.0,11,0.9090909090909091,6,3,1,1,0,0,1,0,1,1,0,0,0,baixo
3,10000.0,2,0.5,1,3,1,1,1,0,1,0,1,1,0,0,0,medio_alto
2,10000.0,5,0.2,3,3,1,0,0,0,1,0,0,1,0,0,1,medio_alto
5,10000.0,107,0.9532710280373832,3,1,1,0,0,0,0,0,0,0,0,1,0,medio_baixo
1,0.0,0,0.0,29,4,1,0,0,0,1,1,0,1,1,0,0,medio_baixo
6,35000.0,33,0.7878787878787878,1,3,1,0,0,0,1,0,1,1,0,0,0,baixo
3,0.0,0,0.0,18,1,1,0,1,0,0,0,0,0,0,0,0,gratuito
8,10000.0,111,0.5765765765765766,8,1,1,0,0,0,0,0,1,0,0,0,0,alto
12,35000.0,98,0.673469387755102,1,1,1,1,1,0,0,1,0,0,0,0,0,alto
1,10000.0,0,0.0,4,2,1,0,0,0,0,0,1,1,0,0,0,alto
7,35000.0,1,1.0,1,1,1,1,1,0,0,0,0,1,0,0,0,medio_baixo
7,3500000.0,128390,0.9675208349559935,4,2,1,1,1,6,1,0,0,0,0,0,1,alto
1,0.0,0,0.0,1,2,1,1,0,0,0,0,0,0,0,0,1,gratuito
8,350000.0,8885,0.8569499155880698,5,1,1,0,0,0,0,0,0,0,1,0,0,gratuito
3,10000.0,0,0.0,7,2,1,0,0,0,0,0,0,1,0,0,1,alto
1,10000.0,48,0.6875,7,1,1,0,0,0,1,0,0,0,0,0,0,medio_baixo
1,10000.0,4,0.75,5,3,1,0,0,0,1,0,0,1,0,0,1,baixo
10,10000.0,23,0.8695652173913043,3,1,1,0,0,0,0,0,0,1,0,0,0,baixo
1,0.0,0,0.0,1,2,1,0,0,0,1,1,0,0,0,0,0,medio_baixo
2,10000.0,37,0.7567567567567568,1,2,1,1,0,0,0,0,0,1,0,1,0,medio_baixo
4,10000.0,21,0.7142857142857143,1,5,1,0,0,0,1,0,1,1,0,0,1,baixo
12,75000.0,210,0.6952380952380952,2,3,1,1,0,0,1,0,0,0,1,0,0,gratuito
1,10000.0,0,0.0,3,5,1,0,0,0,1,1,1,0,1,0,0,alto
6,35000.0,21,0.8095238095238095,1,2,1,0,0,0,0,1,0,1,0,0,0,baixo
1,0.0,0,0.0,2,2,1,0,0,0,1,0,0,1,0,0,0,medio_baixo
2,10000.0,8,1.0,1,1,1,0,0,0,1,0,0,0,0,0,0,medio_alto
1,10000.0,0,0.0,1,3,1,0,0,0,1,0,0,1,0,1,0,baixo
7,10000.0,0,0.0,1,2,1,0,0,0,1,1,0,0,0,0,0,medio_baixo
8,10000.0,37,0.6486486486486487,1,8,1,1,1,0,1,1,1,1,0,1,1,gratuito
12,10000.0,63,0.4603174603174603,3,2,1,1,0,0,0,1,0,0,1,0,0,medio_baixo
4,0.0,0,0.0,0,0,1,0,0,0,0,0,0,0,0,0,0,gratuito
3,10000.0,185,0.6972972972972973,9,3,1,0,0,0,1,0,1,1,0,0,0,baixo
8,10000.0,1,1.0,4,3,1,0,0,0,1,1,1,0,0,0,0,medio_baixo
2,10000.0,0,0.0,1,1,1,0,0,0,0,0,0,0,0,0,0,medio_alto
2,10000.0,1,1.0,1,3,1,0,0,0,1,1,0,0,0,1,0,medio_baixo
7,150000.0,1031,0.7837051406401552,4,3,1,0,0,13,0,1,1,0,1,0,0,alto
2,10000.0,3,1.0,10,2,1,0,0,0,1,0,1,0,0,0,0,alto
9,10000.0,1,0.0,14,2,1,0,0,0,1,0,0,1,0,0,0,medio_alto
1,10000.0,0,0.0,1,2,1,1,1,0,1,0,0,0,0,0,1,baixo
7,10000.0,4,1.0,1,5,1,0,0,0,1,0,1,1,1,1,0,medio_baixo
7,35000.0,4,0.5,1,1,1,0,0,0,0,0,0,1,0,0,0,baixo
3,10000.0,40,0.975,1,3,1,0,0,0,1,0,0,1,1,0,0,baixo
1,0.0,0,0.0,0,0,1,0,0,0,0,0,0,0,0,0,0,gratuito
8,10000.0,3,0.6666666666666666,1,2,1,0,0,0,0,0,0,1,0,0,0,medio_alto
6,35000.0,472,0.8220338983050848,1,2,1,0,0,1,0,1,1,0,0,0,0,baixo
2,10000.0,1,1.0,2,3,1,0,0,0,1,0,0,0,1,0,0,alto
2,10000.0,0,0.0,1,3,1,1,1,0,1,0,1,1,0,0,0,baixo
12,35000.0,27,0.5555555555555556,2,2,1,0,0,0,1,0,1,0,0,0,0,baixo
8,10000.0,2,1.0,1,1,1,0,0,0,1,0,0,0,0,0,0,baixo
5,10000.0,30,0.9,6,3,1,0,0,0,1,0,1,0,0,0,1,medio_alto
1,0.0,0,0.0,0,0,1,0,0,0,0,0,0,0,0,0,0,gratuito
2,10000.0,3,1.0,1,3,1,0,0,0,1,1,0,0,0,1,0,medio_alto
7,350000.0,4122,0.967734109655507,1,4,1,0,0,0,1,0,1,0,1,0,0,gratuito
4,10000.0,2,1.0,11,3,1,0,0,0,1,1,0,0,1,0,0,medio_alto
1,10000.0,0,0.0,8,2,1,1,1,0,1,0,0,1,0,0,0,baixo
5,10000.0,0,0.0,1,2,1,0,0,0,1,0,1,0,0,0,0,alto
5,10000.0,9,0.3333333333333333,2,4,1,0,0,0,1,0,0,0,0,0,1,baixo
1,10000.0,1,0.0,1,3,1,0,0,0,0,1,1,0,0,0,0,alto
4,0.0,0,0.0,1,5,1,0,0,0,1,0,1,1,0,0,1,baixo
3,0.0,0,0.0,1,3,1,1,0,0,1,0,1,0,1,0,0,gratuito
8,10000.0,1,0.0,1,1,0,1,0,0,0,0,1,0,0,0,0,alto
6,35000.0,9,0.5555555555555556,1,5,1,0,0,0,1,1,1,0,1,0,0,medio_alto
3,10000.0,15,0.9333333333333333,8,2,1,0,0,0,0,0,1,1,0,0,0,medio_alto
1,0.0,0,0.0,13,3,1,0,0,0,1,0,0,0,0,0,1,gratuito
1,35000.0,2,1.0,7,5,1,0,0,0,1,1,0,1,1,1,0,medio_baixo
5,10000.0,41,0.926829268292683,1,1,1,1,0,0,0,0,0,0,0,1,0,baixo
5,10000.0,46,0.8913043478260869,1,3,1,1,1,1,1,1,1,0,0,0,0,medio_baixo
9,10000.0,49,0.42857142857142855,1,2,1,0,0,0,1,0,0,1,0,0,0,alto
4,35000.0,13,0.8461538461538461,1,4,1,0,0,0,1,1,0,1,0,0,0,gratuito
2,10000.0,0,0.0,1,4,1,0,0,0,0,1,1,1,0,1,0,medio_alto
2,10000.0,14,0.9285714285714286,1,5,1,0,0,0,1,1,1,1,0,1,0,medio_baixo
5,10000.0,4,1.0,1,3,1,0,0,0,1,1,0,1,0,0,0,medio_baixo
1,0.0,0,0.0,1,3,1,0,0,0,1,0,1,0,0,0,0,gratuito
1,10000.0,1,1.0,11,1,1,0,0,0,0,1,0,0,0,0,0,medio_alto
4,10000.0,7,0.7142857142857143,1,2,1,0,1,0,1,0,0,1,0,0,0,alto
5,350000.0,6464,0.9672029702970297,3,4,1,0,0,2,1,0,1,1,1,0,0,medio_alto
2,10000.0,0,0.0,1,3,1,0,0,0,1,0,1,0,0,0,0,gratuito
2,10000.0,0,0.0,1,1,1,0,0,0,0,0,0,1,0,0,0,alto
6,10000.0,25,0.76,1,2,1,0,0,0,1,0,1,0,0,0,0,gratuito
7,35000.0,298,0.825503355704698,7,8,1,0,0,0,1,0,0,1,0,1,1,gratuito
3,10000.0,262,0.9312977099236641,1,4,1,0,0,1,1,0,1,1,0,0,1,alto
2,10000.0,11,1.0,1,2,1,1,1,1,1,0,0,1,0,0,0,alto
2,0.0,0,0.0,0,0,1,0,0,0,0,0,0,0,0,0,0,gratuito
8,10000.0,12,0.6666666666666666,2,3,1,0,0,0,0,1,0,0,1,0,0,alto
5,35000.0,56,0.9107142857142857,1,2,1,1,1,0,1,0,0,1,0,0,0,baixo
8,350000.0,2338,0.8896492728828058,3,3,1,0,0,0,1,0,1,0,1,0,0,medio_alto
1,10000.0,0,0.0,11,3,1,1,1,0,1,0,0,1,0,1,0,medio_alto
1,10000.0,4,1.0,1,2,1,0,0,0,1,1,0,0,0,0,0,baixo
3,10000.0,4,0.5,1,4,1,0,0,0,1,1,1,1,0,0,0,baixo
6,10000.0,9,0.7777777777777778,1,5,1,0,0,0,1,1,1,1,0,0,0,gratuito
1,10000.0,0,0.0,1,3,1,1,1,0,1,1,0,0,0,1,0,medio_baixo
7,10000.0,1,1.0,1,1,1,0,0,0,1,0,0,0,0,0,0,baixo
5,0.0,0,0.0,0,0,1,0,0,0,0,0,0,0,0,0,0,gratuito
6,10000.0,6,0.3333333333333333,9,2,1,0,0,0,1,1,0,0,0,0,0,baixo
2,10000.0,0,0.0,1,2,1,0,0,0,1,0,0,1,0,0,0,baixo
1,10000.0,2,0.0,1,2,1,0,0,0,1,0,0,1,0,0,0,baixo
2,10000.0,8,0.75,1,2,1,0,0,0,1,0,0,1,0,0,0,alto
8,10000.0,28,0.5714285714285714,1,1,1,0,0,0,1,0,0,0,0,0,0,baixo
3,35000.0,3,1.0,1,2,1,1,0,0,0,0,1,1,0,0,0,medio_baixo
3,10000.0,615,0.6878048780487804,12,4,1,0,0,5,1,1,1,1,0,0,0,gratuito
3,10000.0,0,0.0,4,4,1,0,0,0,1,1,1,0,0,1,0,baixo
9,10000.0,3,0.6666666666666666,1,3,1,1,0,0,1,0,1,0,0,0,0,baixo
12,10000.0,50,0.68,1,3,1,1,0,0,1,1,0,0,0,0,0,alto
4,0.0,0,0.0,1,5,1,1,1,0,1,1,1,1,0,0,0,gratuito
8,10000.0,17,0.8235294117647058,1,1,1,0,0,0,0,0,1,0,0,0,0,medio_alto
1,0.0,0,0.0,0,0,1,0,0,0,0,0,0,0,0,0,0,gratuito
7,10000.0,4,0.75,1,3,1,0,0,0,1,1,0,0,0,0,0,baixo
2,0.0,0,0.0,103,8,1,1,1,0,1,0,1,1,1,1,1,alto
4,10000.0,0,0.0,1,3,1,0,0,0,1,0,0,1,0,1,0,medio_alto
5,35000.0,1,0.0,1,5,1,0,0,0,1,1,0,1,1,1,0,medio_baixo
10,10000.0,22,0.5454545454545454,4,4,1,0,0,0,1,1,0,0,1,1,0,medio_alto
2,10000.0,86,0.7209302325581395,12,4,1,0,0,0,1,0,0,1,0,1,1,alto
4,10000.0,102,0.8431372549019608,2,2,1,0,0,1,0,0,0,0,0,1,0,alto
5,10000.0,11,0.7272727272727273,1,1,1,0,0,0,0,0,0,1,0,0,0,medio_alto
1,10000.0,0,0.0,1,3,1,0,0,0,1,1,0,0,1,0,0,medio_alto
5,35000.0,2,1.0,1,1,1,0,0,0,0,1,0,0,0,0,0,alto
6,10000.0,417,0.9664268585131894,15,2,1,0,0,0,1,0,0,1,0,0,0,baixo
5,10000.0,0,0.0,1,2,1,0,0,0,0,1,1,0,0,0,0,medio_alto
12,10000.0,341,0.8856304985337243,1,3,1,0,0,0,1,1,1,0,0,0,0,baixo
2,0.0,0,0.0,0,0,1,0,0,0,0,0,0,0,0,0,0,gratuito
6,10000.0,21,0.47619047619047616,1,4,1,0,0,0,0,1,0,1,0,0,0,gratuito
2,0.0,0,0.0,0,0,1,0,0,0,0,0,0,0,0,0,0,gratuito
1,0.0,0,0.0,1,1,1,0,0,0,0,0,0,0,1,0,0,baixo
2,10000.0,0,0.0,1,3,1,0,0,0,1,0,0,0,0,1,0,medio_alto
11,75000.0,1618,0.9029666254635352,18,3,1,1,0,0,1,1,1,0,0,0,0,medio_alto
14,3500000.0,7863,0.6740429861376065,1,5,1,0,0,0,0,1,1,0,1,0,0,gratuito
6,35000.0,471,0.9299363057324841,4,1,1,0,0,0,0,0,0,0,1,0,0,alto
2,10000.0,132,0.8257575757575758,24,2,1,0,0,0,1,0,0,0,0,0,1,medio_alto
8,10000.0,180,0.6944444444444444,2,3,1,0,0,0,1,0,0,0,0,0,1,baixo
14,350000.0,751,0.5605858854860186,1,3,1,1,1,2,1,1,0,0,0,1,0,medio_baixo
9,10000.0,1,0.0,1,3,1,0,0,0,1,1,0,0,0,0,0,alto
4,75000.0,730,0.9643835616438357,1,1,1,1,1,0,1,0,0,0,0,0,0,alto
12,350000.0,809,0.896168108776267,1,2,1,1,1,1,1,0,0,0,0,1,0,medio_baixo
1,10000.0,37,0.972972972972973,1,2,1,0,0,0,0,1,1,0,0,0,0,baixo
4,35000.0,299,0.9832775919732442,1,1,1,0,0,0,0,0,0,1,0,0,0,baixo
5,0.0,0,0.0,0,0,1,0,0,0,0,0,0,0,0,0,0,gratuito
7,10000.0,9,0.8888888888888888,6,2,1,0,0,0,1,1,0,0,0,0,0,baixo
7,10000.0,372,0.7096774193548387,10,3,1,0,0,0,1,0,1,1,0,0,0,medio_baixo
5,10000.0,1,1.0,1,1,1,0,1,0,0,0,0,0,1,0,0,alto
1,10000.0,0,0.0,1,3,1,1,1,0,1,0,0,1,0,0,1,medio_baixo
5,0.0,0,0.0,1,3,1,0,0,0,0,1,0,0,0,0,1,gratuito
2,10000.0,0,0.0,1,2,1,0,0,0,1,0,0,1,0,0,0,baixo
1,10000.0,43,1.0,10,4,1,0,0,3,1,1,1,1,0,0,0,alto
3,0.0,0,0.0,2,1,1,0,0,0,0,0,0,0,0,0,0,gratuito
3,10000.0,488,0.8483606557377049,9,4,1,0,0,0,1,1,0,0,1,0,1,alto
2,10000.0,122,0.9098360655737705,5,4,1,0,0,0,1,0,0,0,0,1,1,alto
1,0.0,0,0.0,0,0,1,0,0,0,0,0,0,0,0,0,0,gratuito
9,7500000.0,154113,0.8143180653157099,6,4,1,1,0,6,0,1,1,0,1,0,0,medio_alto
5,10000.0,20,0.7,1,3,1,0,0,0,1,0,1,0,1,0,0,baixo
7,10000.0,98,0.7959183673469388,3,4,1,0,0,0,1,0,1,0,1,1,0,medio_baixo
4,75000.0,1245,0.8939759036144578,2,1,1,0,0,1,0,0,1,0,0,0,0,alto
5,10000.0,5,0.2,1,1,1,0,0,0,1,0,0,0,0,0,0,baixo
4,10000.0,23,1.0,3,4,1,0,0,0,1,1,1,0,1,0,0,baixo
1,10000.0,0,0.0,27,2,1,1,1,0,1,0,0,0,0,0,1,baixo
3,1500000.0,19980,0.9166166166166166,12,1,1,0,0,17,0,1,0,0,0,0,0,alto
2,10000.0,16,1.0,1,2,1,0,0,0,1,0,0,1,0,0,0,alto
9,35000.0,384,0.8229166666666666,1,2,1,0,0,0,1,0,0,0,0,1,0,medio_baixo
11,10000.0,25,0.52,1,4,1,0,0,0,1,0,0,1,0,1,1,medio_baixo
1,10000.0,1,1.0,1,1,1,0,0,0,0,0,0,1,0,0,0,medio_alto
4,10000.0,89,0.9550561797752809,4,3,1,0,0,1,1,0,0,1,0,0,1,baixo
1,10000.0,88,0.8068181818181818,1,5,1,0,0,0,1,0,1,0,1,1,0,alto
4,10000.0,18,1.0,2,4,1,0,0,0,1,1,1,1,0,0,0,medio_baixo
2,150000.0,1846,0.8066088840736728,14,5,1,0,0,9,1,0,1,0,1,1,1,alto
2,10000.0,1,1.0,1,3,1,1,0,0,1,1,0,1,0,0,0,medio_baixo
5,10000.0,11,0.9090909090909091,2,2,1,0,0,0,1,1,0,0,0,0,0,gratuito
12,75000.0,297,0.5286195286195287,2,3,1,1,1,6,0,1,1,0,0,1,0,medio_alto
11,35000.0,375,0.7226666666666667,1,3,1,0,0,3,1,0,1,0,1,0,0,medio_alto
7,150000.0,3352,0.6005369928400954,1,6,1,0,0,0,0,1,1,0,1,0,0,gratuito
2,10000.0,2,0.5,1,1,1,1,1,0,0,0,0,0,0,1,0,alto
1,10000.0,1,1.0,18,2,1,0,0,0,1,1,0,0,0,0,0,baixo
1,10000.0,0,0.0,10,3,1,0,0,0,1,1,0,1,0,0,0,medio_alto
2,0.0,0,0.0,0,0,1,0,0,0,0,0,0,0,0,0,0,gratuito
2,10000.0,59,0.6610169491525424,7,2,1,1,1,2,1,0,1,0,0,0,0,medio_alto
2,10000.0,82,0.6219512195121951,5,4,1,0,0,0,1,0,0,1,0,1,1,medio_baixo
11,10000.0,70,0.5285714285714286,1,2,1,1,1,0,1,0,1,0,0,0,0,baixo
4,10000.0,7,1.0,1,2,1,1,1,0,1,1,0,0,0,0,0,medio_alto
9,10000.0,1909,0.965950759559979,2,3,1,1,1,1,1,0,1,1,0,0,0,medio_baixo
1,10000.0,44,0.8863636363636364,5,4,1,1,1,3,1,0,1,1,1,0,0,medio_alto
9,10000.0,5,0.8,1,3,1,0,0,0,0,0,1,0,1,1,0,alto
2,10000.0,55,0.7090909090909091,8,2,1,0,0,1,0,1,0,0,1,0,0,alto
3,10000.0,6,0.5,2,3,1,0,0,0,1,0,1,1,0,0,0,baixo
10,350000.0,3326,0.6545399879735417,7,3,1,1,0,1,1,1,1,0,0,0,0,baixo
5,10000.0,9,0.6666666666666666,2,3,1,0,0,0,1,0,1,1,0,0,0,medio_baixo
8,10000.0,176,0.3181818181818182,8,4,1,0,0,0,0,1,1,0,0,0,0,gratuito
7,10000.0,39,0.7435897435897436,1,2,1,0,0,0,0,0,1,0,1,0,0,alto
12,350000.0,5436,0.6620676968359087,6,1,1,0,0,1,0,1,0,0,0,0,0,medio_baixo
2,0.0,0,0.0,2,5,1,0,0,2,1,1,1,0,1,0,0,gratuito
5,10000.0,74,0.8648648648648649,9,4,1,0,0,2,0,1,1,0,0,0,1,alto
9,10000.0,2,1.0,1,2,1,0,0,0,1,1,0,0,0,0,0,medio_alto
3,10000.0,13,0.6923076923076923,13,3,1,1,0,0,1,0,0,1,0,1,0,medio_alto
2,0.0,0,0.0,0,0,1,0,0,0,0,0,0,0,0,0,0,gratuito
9,10000.0,11,0.5454545454545454,1,4,1,0,0,0,0,0,0,0,0,0,0,gratuito
1,10000.0,0,0.0,1,3,1,0,0,0,1,0,0,1,0,1,0,baixo
6,10000.0,9,0.5555555555555556,1,1,1,0,0,0,0,0,0,0,1,0,0,baixo
1,0.0,0,0.0,0,0,1,0,0,0,0,0,0,0,0,0,0,gratuito
4,10000.0,4,1.0,2,2,1,0,0,0,1,1,0,0,0,0,0,baixo
1,10000.0,3,0.6666666666666666,2,3,1,0,0,0,1,1,1,0,0,0,0,baixo
2,10000.0,6,0.6666666666666666,2,3,1,0,0,0,1,0,0,0,0,1,0,medio_alto
10,10000.0,23,0.8260869565217391,1,3,1,1,1,0,1,0,1,1,0,0,0,alto
1,10000.0,34,0.7647058823529411,1,5,1,0,0,0,1,1,1,1,0,0,1,alto
1,10000.0,0,0.0,8,1,1,0,0,0,0,0,0,0,0,1,0,alto
6,10000.0,4,1.0,1,3,1,0,0,0,0,0,0,1,0,1,0,medio_baixo
2,10000.0,0,0.0,1,2,1,0,1,0,1,0,0,1,0,0,0,medio_baixo
5,35000.0,71,0.8732394366197183,1,3,1,0,0,0,1,0,1,1,0,0,0,gratuito
4,0.0,0,0.0,0,0,1,0,0,0,0,0,0,0,0,0,0,gratuito
7,350000.0,1976,0.8137651821862348,2,6,1,0,0,0,0,1,1,0,1,0,1,alto
9,10000.0,12,0.75,1,2,1,0,0,0,1,1,0,0,0,0,0,medio_alto
8,10000.0,2,0.0,1,2,1,0,0,0,0,0,0,1,0,0,0,medio_baixo
3,0.0,0,0.0,103,3,1,0,0,0,1,0,1,0,0,1,0,baixo
4,10000.0,0,0.0,1,3,1,1,1,0,1,0,0,0,0,1,1,medio_baixo
4,35000.0,3,1.0,2,3,1,0,1,0,1,0,1,0,0,1,0,medio_baixo
5,10000.0,8,0.75,1,1,1,0,0,1,0,0,0,0,1,0,0,medio_baixo
3,10000.0,27,0.7407407407407407,3,2,1,0,0,0,1,0,1,0,0,0,0,baixo
3,75000.0,17,0.47058823529411764,4,2,1,0,0,1,0,0,1,1,0,0,0,alto
1,10000.0,0,0.0,8,4,1,0,0,0,1,1,1,1,0,0,0,baixo
7,10000.0,16,0.375,21,2,1,0,0,0,1,0,0,1,0,0,0,baixo
1,0.0,0,0.0,0,0,1,0,0,0,0,0,0,0,0,0,0,gratuito
6,0.0,0,0.0,0,0,1,0,0,0,0,0,0,0,0,0,0,alto
7,10000.0,21,0.7619047619047619,9,3,1,0,0,0,1,0,1,0,0,1,0,medio_alto
4,10000.0,0,0.0,1,3,1,0,0,2,1,0,0,1,0,0,1,baixo
2,10000.0,343,0.8629737609329446,1,5,1,0,0,27,0,1,0,0,0,0,1,alto
7,10000.0,2,0.0,9,3,1,0,0,0,1,0,0,1,0,1,0,baixo
7,10000.0,18,0.6111111111111112,1,2,1,0,1,1,1,0,0,1,0,0,0,baixo
2,10000.0,65,0.9692307692307692,1,3,1,0,0,0,0,1,0,0,0,1,1,medio_baixo
6,10000.0,3,1.0,1,3,1,1,0,0,0,0,0,0,0,1,1,alto
6,10000.0,10,0.7,1,1,1,1,0,1,0,0,1,0,0,0,0,alto
3,10000.0,3,0.3333333333333333,1,3,1,0,0,1,1,1,1,0,0,0,0,medio_alto
1,0.0,0,0.0,1,3,1,0,0,0,0,1,1,0,0,0,0,gratuito
3,0.0,0,0.0,5,2,1,0,0,7,0,0,0,0,0,0,1,gratuito
1,10000.0,0,0.0,1,3,1,0,0,1,1,1,1,0,0,0,0,alto
5,75000.0,1,1.0,1,4,1,0,0,0,0,1,1,0,0,0,1,medio_baixo
4,10000.0,106,0.9716981132075472,1,4,1,0,0,0,1,0,1,1,0,0,1,medio_baixo
8,10000.0,30,0.23333333333333334,1,4,1,0,0,0,1,1,1,1,0,0,0,baixo
3,0.0,0,0.0,0,0,1,0,0,0,0,0,0,0,0,0,0,gratuito
6,10000.0,3,1.0,1,3,1,0,1,0,0,0,0,0,0,0,0,medio_alto
6,10000.0,37,0.7027027027027027,1,2,1,0,1,0,1,1,0,0,0,0,0,gratuito
7,10000.0,34,0.5882352941176471,29,4,1,0,1,0,1,0,0,0,0,0,1,baixo
5,35000.0,3,0.6666666666666666,1,7,1,0,0,0,1,0,1,1,1,1,1,medio_alto
1,0.0,0,0.0,2,2,1,1,1,1,1,0,0,0,0,0,0,gratuito
6,10000.0,66,0.8181818181818182,1,5,1,1,1,0,1,1,1,1,0,0,0,alto
1,10000.0,0,0.0,13,2,1,0,0,0,1,0,0,0,0,0,1,alto
4,75000.0,1604,0.5604738154613467,10,3,1,0,0,1,1,1,1,0,0,0,0,medio_baixo
1,10000.0,0,0.0,10,3,1,1,0,0,1,1,0,0,0,0,1,medio_alto
10,10000.0,1053,0.9477682811016145,1,3,1,1,0,0,1,0,1,1,0,0,0,baixo
8,35000.0,90,0.6777777777777778,2,1,1,0,0,0,0,0,1,0,0,0,0,medio_alto
3,10000.0,17,1.0,8,3,1,0,0,0,1,0,0,1,0,1,0,medio_baixo
1,0.0,0,0.0,103,2,1,0,0,0,0,0,0,1,0,0,1,medio_baixo
1,10000.0,0,0.0,1,2,1,1,1,0,0,0,0,1,0,0,1,alto
1,10000.0,0,0.0,4,3,1,0,0,0,1,1,0,1,0,0,0,medio_alto
7,10000.0,1,1.0,1,1,1,0,1,0,0,1,0,0,0,0,0,medio_baixo
7,10000.0,23,0.9565217391304348,4,3,1,1,0,1,1,1,0,1,0,0,0,alto
3,10000.0,233,0.8884120171673819,1,5,1,0,0,0,1,1,0,1,1,0,0,medio_baixo
2,0.0,0,0.0,0,0,1,0,0,0,0,0,0,0,0,0,0,gratuito
2,0.0,0,0.0,0,0,1,0,0,0,0,0,0,0,0,0,0,gratuito
3,0.0,0,0.0,1,1,1,0,0,0,1,0,0,0,0,0,0,gratuito
9,75000.0,354,0.652542372881356,1,3,1,0,0,0,0,1,0,0,0,0,1,medio_alto
9,10000.0,239,0.899581589958159,27,2,1,1,0,0,1,0,0,1,0,0,0,gratuito
1,0.0,0,0.0,4,4,1,0,0,0,1,1,0,1,0,0,0,alto
1,0.0,0,0.0,3,3,1,0,0,0,1,0,1,0,0,0,0,gratuito
4,10000.0,3,0.3333333333333333,1,3,1,0,0,0,0,1,0,1,1,0,0,medio_alto
5,350000.0,4628,0.8457216940363008,1,1,1,0,0,0,0,1,0,0,0,0,0,baixo
4,350000.0,4344,0.8998618784530387,14,1,1,0,0,1,0,0,1,0,0,0,0,medio_alto
7,10000.0,1,1.0,2,3,1,0,0,0,1,0,0,0,0,0,1,medio_alto
2,10000.0,26,0.6538461538461539,1,2,1,0,0,0,1,0,0,0,0,0,0,alto
1,0.0,0,0.0,0,0,1,0,0,0,0,0,0,0,0,0,0,gratuito
3,10000.0,9,0.7777777777777778,1,4,1,0,0,0,1,1,0,0,1,0,0,gratuito
8,10000.0,6,0.8333333333333334,1,3,1,0,0,0,1,1,1,0,0,0,0,medio_baixo
6,10000.0,63,0.6984126984126984,3,5,1,0,0,0,0,0,1,0,1,1,0,gratuito
6,10000.0,0,0.0,1,5,1,0,0,1,1,1,0,1,0,0,1,baixo
3,10000.0,1,1.0,1,3,1,0,0,0,1,0,0,0,0,0,1,medio_baixo
5,10000.0,2,1.0,1,4,1,0,0,0,1,0,1,1,0,0,0,baixo
3,10000.0,3,1.0,1,3,1,0,0,0,1,1,1,0,0,0,0,medio_alto
5,10000.0,8,0.875,2,2,1,0,0,0,1,1,0,0,0,0,0,alto
2,10000.0,3,1.0,2,2,1,0,0,0,0,0,1,0,1,0,0,medio_alto
4,35000.0,13,0.8461538461538461,1,2,1,0,0,0,0,1,0,1,0,0,0,baixo
11,35000.0,156,0.7692307692307693,1,2,1,0,0,0,1,1,0,0,0,0,0,gratuito
5,10000.0,0,0.0,5,3,1,1,0,0,1,1,0,0,0,0,0,gratuito
1,0.0,0,0.0,2,5,1,0,0,0,1,1,0,1,1,0,0,medio_alto
10,75000.0,321,0.9003115264797508,9,2,1,1,1,0,0,0,1,1,0,0,0,medio_baixo
1,10000.0,0,0.0,24,2,1,0,0,0,1,0,0,1,0,0,0,baixo
6,10000.0,1,1.0,1,6,1,0,0,0,1,1,1,1,0,1,0,medio_alto
2,10000.0,44,0.9545454545454546,4,4,1,0,0,0,1,0,1,0,1,0,0,gratuito
5,35000.0,396,0.6136363636363636,1,3,1,0,0,2,0,1,0,0,1,0,0,medio_alto
8,10000.0,74,0.7972972972972973,1,3,1,0,0,0,1,0,0,1,0,0,0,gratuito
4,75000.0,224,0.9196428571428571,5,1,1,0,0,0,1,0,0,0,0,0,0,baixo
10,75000.0,76,0.6973684210526315,1,2,1,0,0,0,1,0,0,0,0,0,0,gratuito
4,10000.0,0,0.0,1,3,1,0,0,0,1,0,1,0,1,0,0,alto
4,35000.0,2,1.0,1,4,1,0,0,0,1,1,1,0,0,1,0,baixo
2,10000.0,2,1.0,2,4,1,0,0,0,1,1,0,1,0,0,0,medio_baixo
8,10000.0,25,0.64,1,4,1,0,0,0,0,1,0,0,0,1,1,alto
1,10000.0,0,0.0,21,7,1,0,0,1,1,1,1,1,0,0,1,alto
6,350000.0,1,1.0,1,2,1,0,0,0,0,0,0,1,0,1,0,baixo
1,10000.0,40,0.8,1,3,1,0,0,0,1,0,0,1,0,0,1,medio_baixo
2,0.0,0,0.0,0,0,1,0,0,0,0,0,0,0,0,0,0,gratuito
1,0.0,0,0.0,1,3,1,0,0,0,1,1,0,0,0,0,0,medio_alto
3,35000.0,307,0.7068403908794788,29,1,1,0,0,0,0,0,0,1,0,0,0,medio_baixo
3,10000.0,0,0.0,1,4,1,0,0,0,1,1,0,0,1,0,1,baixo
2,10000.0,82,0.9512195121951219,34,2,1,1,1,0,1,0,0,1,0,0,0,medio_alto
1,0.0,0,0.0,0,0,1,0,0,0,0,0,0,0,0,0,0,gratuito
4,10000.0,1,1.0,2,3,1,0,0,0,1,0,0,0,0,0,1,medio_baixo
1,0.0,0,0.0,0,0,1,0,0,0,0,0,0,0,0,0,0,gratuito
3,10000.0,5,0.8,5,3,1,0,0,0,1,1,1,0,0,0,0,medio_baixo
3,10000.0,44,0.8636363636363636,1,3,1,0,0,0,1,1,1,0,0,0,0,alto
2,10000.0,154,0.7922077922077922,3,4,1,0,0,0,1,1,1,0,1,0,0,medio_alto
6,10000.0,0,0.0,1,3,1,0,0,0,1,1,0,0,1,0,0,alto
2,10000.0,196,0.7908163265306123,9,1,1,0,0,1,0,0,0,0,0,1,0,alto
5,35000.0,8,0.625,1,1,1,0,0,0,0,0,0,1,0,0,0,medio_alto
1,10000.0,0,0.0,5,5,1,0,0,0,0,1,1,1,1,0,0,gratuito
1,0.0,0,0.0,0,0,1,0,0,0,0,0,0,0,0,0,0,gratuito
1,0.0,0,0.0,1,1,1,0,0,0,0,0,0,0,0,0,0,gratuito
9,10000.0,56,0.4642857142857143,1,3,1,0,0,0,1,1,1,0,0,0,0,baixo
2,10000.0,14,1.0,2,2,1,0,0,0,1,1,0,0,0,0,0,alto
9,10000.0,220,0.8727272727272727,10,5,1,1,1,1,1,1,1,1,1,0,0,baixo
5,10000.0,7,0.42857142857142855,1,2,1,0,0,0,1,1,0,0,0,0,0,medio_alto
2,35000.0,55,0.9090909090909091,4,3,1,0,0,0,1,1,1,0,0,0,0,medio_alto
2,10000.0,30,0.9666666666666667,14,2,1,1,1,0,1,0,0,1,0,0,0,medio_baixo
10,75000.0,2420,0.9483471074380165,2,1,1,0,0,0,0,0,1,0,0,0,0,alto
4,10000.0,2,1.0,1,3,1,0,0,0,1,0,1,0,1,0,0,medio_alto
1,10000.0,0,0.0,1,2,1,0,0,0,1,0,0,1,0,0,0,medio_alto
5,10000.0,2,0.5,1,3,1,0,0,0,1,1,1,0,0,0,0,alto
4,10000.0,22,0.5909090909090909,1,3,1,0,0,0,1,0,0,0,0,0,1,alto
9,10000.0,5,0.8,1,2,1,0,0,0,1,0,1,0,0,0,0,baixo
3,10000.0,6,1.0,2,2,1,0,0,0,1,1,0,0,0,0,0,alto
8,10000.0,14,0.8571428571428571,2,2,1,0,0,0,1,0,0,1,0,0,0,baixo
4,10000.0,1,1.0,1,5,1,1,1,0,0,0,1,1,1,0,1,medio_alto
17,0.0,0,0.0,1,1,1,0,0,0,0,0,0,1,0,0,0,alto
2,10000.0,0,0.0,1,3,1,1,1,0,1,0,1,1,0,0,0,baixo
4,10000.0,8,0.5,1,2,1,0,0,0,0,0,1,1,0,0,0,baixo
3,35000.0,871,0.9024110218140069,3,3,1,0,0,0,0,0,1,1,0,0,1,alto
1,10000.0,24,1.0,2,1,1,1,0,0,0,0,1,0,0,0,0,medio_baixo
3,35000.0,2,1.0,8,2,1,0,0,0,1,1,0,0,0,0,0,alto
2,10000.0,56,0.5178571428571429,3,3,1,0,0,0,1,1,1,0,0,0,0,alto
4,10000.0,1,1.0,1,3,1,0,0,0,1,0,1,1,0,0,0,medio_alto
2,0.0,0,0.0,1,4,1,0,0,0,1,1,0,1,0,0,0,gratuito
6,10000.0,23,0.782608695652174,1,4,1,0,0,0,1,1,1,0,0,0,0,gratuito
5,10000.0,71,0.8169014084507042,1,5,1,0,0,0,1,1,1,1,0,0,1,medio_alto
2,10000.0,72,0.9444444444444444,4,3,1,0,0,0,0,1,1,0,1,0,0,alto
8,75000.0,465,0.9849462365591398,1,2,1,0,0,0,0,0,1,0,0,0,0,gratuito
6,10000.0,7,1.0,2,2,1,0,0,0,1,0,0,1,0,0,0,medio_baixo
2,10000.0,1,0.0,1,3,1,0,0,0,0,0,1,0,1,1,0,baixo
6,10000.0,142,0.9436619718309859,9,3,1,1,0,0,1,1,1,0,0,0,0,baixo
1,10000.0,0,0.0,11,2,1,0,0,0,0,1,1,0,0,0,0,medio_alto
1,10000.0,26,0.7692307692307693,1,5,1,1,0,0,1,1,0,0,0,1,0,gratuito
1,0.0,0,0.0,0,0,1,0,0,0,0,0,0,0,0,0,0,gratuito
5,10000.0,3,0.3333333333333333,1,4,1,0,0,0,0,1,1,0,1,0,1,medio_baixo
8,75000.0,1,0.0,1,6,1,0,0,0,1,0,1,1,1,0,1,alto
7,10000.0,31,0.8387096774193549,6,3,1,1,1,0,1,1,1,0,0,0,0,medio_baixo
5,10000.0,56,0.8571428571428571,10,5,1,0,0,0,1,1,0,1,0,1,1,medio_baixo
5,10000.0,4,1.0,1,2,1,0,0,0,0,1,1,0,0,0,0,medio_alto
5,0.0,0,0.0,1,5,1,0,0,2,1,0,1,1,1,0,0,gratuito
1,10000.0,1,1.0,1,3,1,1,0,0,1,1,0,0,0,1,0,medio_baixo
1,10000.0,0,0.0,1,1,1,0,0,0,1,0,0,0,0,0,0,medio_alto
2,35000.0,36,0.9166666666666666,1,1,1,1,1,0,0,1,0,0,0,0,0,medio_alto
1,10000.0,0,0.0,8,4,1,0,0,8,1,1,1,0,1,0,0,alto
8,10000.0,40,0.675,1,4,1,0,0,0,1,1,1,0,1,0,0,alto
12,10000.0,202,0.7821782178217822,11,2,1,1,0,0,1,0,1,0,0,0,0,baixo
3,0.0,0,0.0,1,5,1,0,0,0,1,1,1,0,1,0,0,gratuito
6,75000.0,515,0.941747572815534,6,3,1,0,0,3,1,1,0,0,0,0,0,gratuito
2,0.0,0,0.0,103,3,1,1,1,0,1,0,1,1,0,0,0,baixo
1,10000.0,0,0.0,1,4,1,0,1,0,1,0,1,1,0,0,1,medio_baixo
5,75000.0,3,0.6666666666666666,2,5,1,0,0,0,1,0,1,1,0,1,0,baixo
5,10000.0,10,1.0,1,3,1,0,0,0,0,0,0,1,0,1,0,medio_baixo
2,10000.0,1,1.0,12,3,1,1,1,0,0,1,0,0,0,0,1,alto
2,10000.0,143,0.972027972027972,1,4,1,0,0,4,1,0,1,1,1,0,0,alto
4,10000.0,99,0.6565656565656566,6,3,1,0,0,0,0,1,1,0,0,0,1,medio_alto
2,10000.0,7,0.7142857142857143,1,2,1,0,0,1,0,0,0,1,0,0,1,alto
1,0.0,0,0.0,0,0,1,0,0,0,0,0,0,0,0,0,0,gratuito
1,10000.0,0,0.0,31,2,1,0,0,0,1,0,0,1,0,0,0,baixo
2,10000.0,3,1.0,1,4,1,0,0,0,1,0,1,1,0,0,1,alto
3,10000.0,34,1.0,1,3,1,0,0,0,1,1,1,0,0,0,0,medio_baixo
5,0.0,0,0.0,1,3,1,0,0,0,1,1,0,1,0,0,0,gratuito
4,35000.0,9,0.7777777777777778,1,4,1,0,0,0,1,0,1,0,1,1,0,gratuito
1,10000.0,7,1.0,1,2,1,0,0,0,0,0,0,1,1,0,0,medio_alto
4,10000.0,58,0.6724137931034483,103,4,1,1,1,0,1,0,0,1,0,0,1,baixo
3,10000.0,64,0.921875,1,2,1,0,1,1,1,0,0,1,0,0,0,medio_alto
1,0.0,0,0.0,1,4,1,0,0,1,1,1,0,1,0,0,0,gratuito
11,3500000.0,58880,0.9694293478260869,9,4,1,1,1,1,1,1,1,1,0,0,0,medio_baixo
2,35000.0,343,0.9329446064139941,1,4,1,0,0,0,1,1,1,0,1,0,0,medio_baixo
4,10000.0,0,0.0,2,3,1,0,0,0,1,0,0,1,0,0,0,alto
2,10000.0,15,0.8666666666666667,1,5,1,0,0,0,0,1,1,1,0,0,1,medio_baixo
9,10000.0,3,0.3333333333333333,1,3,1,1,1,0,1,0,0,0,0,1,1,medio_alto
1,10000.0,0,0.0,1,3,1,0,0,0,1,1,1,0,0,0,0,baixo
3,10000.0,1,0.0,1,3,1,0,0,0,1,0,0,1,0,1,0,gratuito
1,10000.0,1,1.0,12,4,1,0,0,0,0,0,0,1,0,1,1,medio_alto
12,75000.0,676,0.8121301775147929,1,2,1,0,0,0,1,0,0,0,0,1,0,medio_baixo
10,10000.0,25,0.84,1,2,1,0,0,0,1,0,1,0,0,0,0,medio_alto
2,10000.0,0,0.0,1,1,1,0,0,0,0,0,0,1,0,0,0,baixo
4,10000.0,0,0.0,1,2,1,0,0,0,1,1,0,0,0,0,0,baixo
2,0.0,0,0.0,0,0,1,0,0,0,0,0,0,0,0,0,0,gratuito
7,35000.0,971,0.9340885684860968,9,1,1,0,0,2,0,1,0,0,0,0,0,medio_alto
4,10000.0,4,0.75,1,1,1,0,0,0,0,0,0,1,0,0,0,medio_alto
3,10000.0,8,0.625,1,2,1,0,0,0,0,0,1,0,0,0,0,medio_baixo
3,10000.0,43,1.0,1,3,1,1,1,0,1,0,1,0,0,0,0,medio_alto
7,10000.0,7,0.7142857142857143,1,2,1,0,0,1,1,0,0,1,0,0,0,baixo
7,10000.0,73,0.8767123287671232,1,6,1,0,0,0,1,1,1,0,0,0,1,alto
5,10000.0,20,0.65,1,4,1,0,0,0,1,0,1,1,1,0,0,medio_alto
4,10000.0,39,0.8461538461538461,2,4,1,0,0,0,1,1,1,0,0,0,0,baixo
2,10000.0,16,0.625,2,2,1,0,0,0,1,0,1,0,0,0,0,medio_alto
3,10000.0,3,1.0,1,4,1,0,0,0,1,1,0,1,0,0,0,medio_alto
1,0.0,0,0.0,1,3,1,0,0,0,0,0,0,1,0,0,1,gratuito
12,35000.0,64,0.890625,1,1,1,1,1,0,0,0,0,1,0,0,0,medio_baixo
9,750000.0,8299,0.606097120134956,10,1,1,0,0,0,0,0,0,0,1,0,0,alto
3,10000.0,1,0.0,3,3,1,0,0,0,1,0,1,1,0,0,0,medio_baixo
2,0.0,0,0.0,0,0,1,0,0,0,0,0,0,0,0,0,0,gratuito
7,150000.0,1286,0.8639191290824261,6,1,1,1,0,0,0,0,1,0,0,0,0,medio_baixo
9,10000.0,63,0.9206349206349206,11,2,1,0,0,1,1,0,0,1,0,0,0,medio_baixo
5,0.0,0,0.0,6,4,1,0,0,0,1,0,1,1,0,0,1,gratuito
7,10000.0,22,0.6363636363636364,1,7,1,0,0,0,1,1,1,1,0,0,1,baixo
16,35000.0,65,0.6153846153846154,1,2,1,0,0,0,1,1,0,0,0,0,0,gratuito
1,10000.0,4,1.0,2,2,1,0,0,0,1,0,0,0,0,1,0,medio_alto
2,10000.0,6,1.0,1,5,1,0,0,8,1,1,1,1,0,0,1,gratuito
7,750000.0,4590,0.8734204793028323,1,2,1,0,1,0,0,1,0,0,0,0,0,gratuito
4,10000.0,11,0.5454545454545454,1,1,1,0,0,0,0,1,0,0,0,0,0,medio_alto
4,750000.0,38941,0.8173390513854293,9,4,1,0,0,2,1,0,1,0,1,0,0,alto
3,10000.0,1,1.0,2,3,1,0,0,0,1,0,1,1,0,0,0,medio_baixo
1,10000.0,0,0.0,1,3,1,0,0,0,1,1,1,0,0,0,0,baixo
9,10000.0,2,0.5,1,4,1,1,1,0,1,1,1,1,0,0,0,baixo
3,0.0,0,0.0,1,3,1,0,0,0,1,0,0,0,0,0,1,gratuito
4,10000.0,9,0.8888888888888888,1,4,1,0,0,0,1,1,1,0,0,1,0,baixo
1,0.0,0,0.0,2,2,1,0,0,0,0,0,0,0,0,0,0,medio_baixo
2,0.0,0,0.0,6,7,1,0,0,0,1,1,1,1,0,0,1,gratuito
2,10000.0,215,0.9162790697674419,1,5,1,0,0,0,1,0,1,1,0,0,1,alto
12,150000.0,301,0.42524916943521596,5,3,1,1,0,0,1,0,0,1,0,0,1,baixo
2,0.0,0,0.0,2,5,1,1,0,0,1,0,0,1,0,1,1,gratuito
1,0.0,0,0.0,0,0,1,0,0,0,0,0,0,0,0,0,0,gratuito
2,10000.0,4,0.75,1,3,1,1,0,0,1,0,1,1,0,0,0,medio_baixo
3,10000.0,0,0.0,15,3,1,0,0,0,0,0,1,1,0,0,1,medio_baixo
4,0.0,0,0.0,0,0,1,0,0,0,0,0,0,0,0,0,0,gratuito
5,75000.0,4,0.5,2,3,1,0,0,0,1,1,0,0,1,0,0,baixo
3,0.0,0,0.0,3,2,1,0,0,0,1,0,0,1,0,0,0,gratuito
7,10000.0,16,0.4375,4,1,1,0,0,0,0,1,0,0,0,0,0,baixo
5,75000.0,381,0.884514435695538,1,4,1,0,0,5,1,0,1,0,1,1,0,medio_alto
11,10000.0,304,0.7401315789473685,1,3,1,1,1,1,1,0,1,0,1,0,0,medio_alto
5,10000.0,4,0.75,2,1,1,0,0,0,0,0,0,1,0,0,0,baixo
1,0.0,0,0.0,0,0,1,0,0,0,0,0,0,0,0,0,0,gratuito
1,0.0,0,0.0,0,0,1,0,0,0,0,0,0,0,0,0,0,gratuito
8,10000.0,50,0.72,5,3,1,1,0,0,0,1,0,0,0,1,1,medio_alto
3,35000.0,339,0.6519174041297935,15,4,1,0,0,0,1,1,1,0,1,0,0,baixo
3,10000.0,40,0.975,1,2,1,0,1,0,1,0,0,0,1,0,0,medio_baixo
1,10000.0,1,1.0,17,3,1,0,0,0,1,0,1,1,0,0,0,medio_baixo
2,10000.0,0,0.0,5,4,1,0,0,0,0,1,1,1,0,0,1,medio_alto
1,1500000.0,17549,0.8965183201322012,11,3,1,0,0,2,0,1,1,0,1,0,0,alto
8,35000.0,149,0.5704697986577181,2,5,1,1,0,0,1,1,1,0,1,0,0,alto
5,10000.0,25,0.72,1,5,1,0,0,0,1,1,0,1,0,0,0,medio_alto
6,10000.0,4,0.5,4,3,1,0,0,1,1,1,0,1,0,0,0,baixo
10,10000.0,95,0.5684210526315789,1,4,1,1,0,0,1,0,0,0,0,1,1,alto
4,75000.0,531,0.783427495291902,2,6,1,0,0,0,1,1,1,1,0,0,0,medio_alto
7,10000.0,3,1.0,3,3,1,1,0,0,1,0,0,1,0,0,1,medio_baixo
1,10000.0,0,0.0,1,3,1,0,0,0,0,1,0,1,0,0,0,alto
2,35000.0,43,0.46511627906976744,1,2,1,0,0,0,0,0,0,1,0,0,1,medio_baixo
2,0.0,0,0.0,0,0,1,0,0,0,0,0,0,0,0,0,0,gratuito
9,35000.0,56,0.6071428571428571,2,2,1,0,0,0,1,0,0,0,0,0,0,gratuito
4,75000.0,33,0.6363636363636364,1,6,1,0,0,0,1,0,1,0,1,1,1,medio_baixo
4,10000.0,28,0.8928571428571429,2,4,1,0,0,0,1,1,1,1,0,0,0,baixo
2,10000.0,544,0.8694852941176471,6,3,1,1,0,0,0,0,0,1,1,0,1,alto
1,0.0,0,0.0,1,6,1,0,0,0,1,0,1,1,1,0,1,gratuito
4,10000.0,11,0.7272727272727273,6,4,1,0,1,0,1,0,1,0,1,0,0,medio_alto
1,10000.0,0,0.0,1,3,1,0,0,0,1,0,1,1,0,0,0,alto
5,10000.0,92,0.9456521739130435,27,5,1,0,0,0,1,1,1,1,0,0,1,medio_baixo
8,10000.0,107,0.7102803738317757,2,2,1,0,0,1,1,0,0,0,0,0,1,medio_baixo
1,0.0,0,0.0,3,2,1,0,0,1,1,0,1,0,0,0,0,alto
4,10000.0,2,0.5,1,4,1,0,0,0,1,1,1,1,0,0,0,baixo
7,10000.0,15,0.9333333333333333,2,2,1,0,0,0,1,0,0,0,0,1,0,alto
2,10000.0,0,0.0,1,2,1,0,0,0,1,0,0,1,0,0,0,medio_alto
1,0.0,0,0.0,1,4,1,0,0,0,0,0,0,1,0,0,1,gratuito
4,150000.0,2,1.0,3,1,1,0,1,0,1,0,0,0,0,0,0,baixo
1,0.0,0,0.0,0,0,1,0,0,0,0,0,0,0,0,0,0,gratuito
7,35000.0,216,0.9259259259259259,1,1,1,1,1,2,0,0,1,0,0,0,0,gratuito
2,10000.0,26,1.0,2,4,1,0,0,0,1,1,1,0,0,0,0,medio_baixo
1,10000.0,11,1.0,1,9,1,0,0,0,1,1,1,1,1,1,1,alto
2,0.0,0,0.0,0,0,1,0,0,0,0,0,0,0,0,0,0,gratuito
1,10000.0,0,0.0,1,1,1,0,0,0,0,0,0,1,0,0,0,medio_alto
1,150000.0,1161,0.8794142980189492,11,3,1,0,0,2,0,1,1,1,0,0,0,alto
2,10000.0,1,1.0,1,5,1,0,0,0,1,1,1,1,0,0,1,medio_baixo
10,10000.0,24,0.5416666666666666,1,3,1,0,0,0,1,0,0,1,0,0,0,baixo
10,10000.0,14,0.9285714285714286,1,4,1,0,0,1,1,1,0,1,0,0,0,medio_baixo
3,0.0,0,0.0,3,5,1,0,1,0,1,1,0,1,1,0,0,gratuito
8,10000.0,23,0.30434782608695654,1,10,1,0,0,0,1,1,1,0,1,1,1,baixo
1,10000.0,0,0.0,1,1,1,0,0,0,0,1,0,0,0,0,0,alto
7,10000.0,42,0.6666666666666666,103,1,1,0,0,0,0,0,0,1,0,0,0,baixo
1,0.0,0,0.0,1,2,1,0,0,0,1,0,1,0,0,0,0,medio_baixo
5,10000.0,227,0.5726872246696035,1,4,1,0,0,0,1,1,0,0,0,0,0,baixo
2,10000.0,42,0.8333333333333334,18,2,1,0,0,0,0,1,1,0,0,0,0,alto
2,10000.0,22,0.4090909090909091,3,7,1,0,0,2,1,1,1,1,1,1,1,alto
2,10000.0,0,0.0,21,3,1,0,0,0,1,0,0,1,0,0,1,baixo
4,10000.0,0,0.0,1,3,1,0,0,0,1,1,0,1,0,0,0,medio_baixo
6,10000.0,1,1.0,1,3,1,0,0,0,1,1,0,1,0,0,0,alto
4,10000.0,0,0.0,1,4,1,0,0,0,1,1,0,1,0,0,0,medio_alto
1,0.0,0,0.0,1,5,1,1,0,0,0,1,1,0,1,1,0,alto
9,10000.0,2,1.0,1,1,1,0,0,0,0,0,0,0,0,0,0,baixo
7,35000.0,139,0.6762589928057554,1,3,1,0,0,0,1,0,1,1,0,0,0,medio_alto
5,10000.0,8,0.875,2,3,1,0,0,0,1,1,1,0,0,0,0,alto
12,750000.0,15952,0.8850300902708125,12,4,1,1,0,12,1,0,0,0,1,1,1,medio_baixo
3,0.0,0,0.0,1,4,1,1,0,0,1,0,0,1,0,0,1,gratuito
10,35000.0,684,0.9692982456140351,2,3,1,1,1,0,1,0,1,1,0,0,0,medio_baixo
3,10000.0,2,0.0,1,2,1,0,1,0,1,0,0,1,0,0,0,baixo
2,75000.0,13,1.0,1,3,1,0,1,0,1,1,1,0,0,0,0,alto
3,10000.0,12,0.5833333333333334,1,3,1,0,0,0,1,1,1,0,0,0,0,medio_baixo
2,10000.0,0,0.0,2,3,1,0,0,0,1,1,0,1,0,0,0,medio_alto
10,35000.0,53,0.5849056603773585,2,6,1,1,1,0,1,1,0,1,0,1,1,baixo
4,75000.0,1518,0.9169960474308301,2,1,1,0,0,67,0,0,0,0,1,0,0,alto
3,10000.0,17,1.0,2,3,1,0,0,1,1,0,0,1,0,1,0,medio_alto
4,10000.0,0,0.0,29,4,1,1,1,0,1,1,1,1,0,0,0,medio_baixo
6,10000.0,68,0.8235294117647058,2,4,1,1,1,1,1,1,1,0,1,0,0,medio_baixo
10,75000.0,99,0.5353535353535354,1,6,1,0,0,0,1,1,1,1,1,0,0,baixo
11,10000.0,161,0.6645962732919255,7,5,1,1,1,0,1,1,1,0,1,0,0,alto
2,0.0,0,0.0,1,5,1,0,0,1,1,0,0,1,0,1,0,gratuito
5,10000.0,1,0.0,4,3,1,0,0,0,1,1,0,0,0,0,1,medio_alto
1,10000.0,0,0.0,2,1,1,0,0,0,0,1,0,0,0,0,0,medio_alto
1,10000.0,0,0.0,11,3,1,0,0,0,1,1,0,0,0,1,0,alto
4,35000.0,42,0.6428571428571429,1,3,1,1,1,0,1,0,1,1,0,0,0,medio_baixo
5,350000.0,1348,0.9043026706231454,1,3,1,1,1,1,1,0,0,1,0,1,0,alto
1,10000.0,0,0.0,1,4,1,0,0,0,1,1,1,1,0,0,0,medio_alto
10,10000.0,6,0.3333333333333333,1,2,1,0,0,0,0,0,0,0,0,0,0,alto
1,10000.0,0,0.0,1,5,1,0,0,0,1,1,1,1,1,0,0,medio_alto
2,10000.0,26,0.9230769230769231,5,1,1,0,0,0,0,0,1,0,0,0,0,baixo
8,35000.0,390,0.6256410256410256,3,4,1,0,0,1,1,1,1,0,0,0,0,medio_baixo
7,10000.0,0,0.0,2,2,1,0,0,0,1,0,0,1,0,0,0,baixo
6,350000.0,504,0.8948412698412699,6,3,1,0,1,0,1,0,1,0,0,0,0,gratuito
4,350000.0,1421,0.8508092892329345,1,3,1,0,0,0,1,1,0,0,0,0,0,gratuito
5,0.0,0,0.0,0,0,1,0,0,0,0,0,0,0,0,0,0,gratuito
8,10000.0,45,0.6444444444444445,1,2,1,0,0,0,1,0,1,0,0,0,0,baixo
4,35000.0,5,0.4,1,5,1,0,0,0,1,1,0,1,0,0,0,baixo
3,10000.0,12,0.9166666666666666,1,3,1,0,0,0,1,1,0,0,0,0,1,alto
3,0.0,0,0.0,103,3,1,0,0,0,1,1,0,1,0,0,0,medio_baixo
4,10000.0,17,0.8235294117647058,1,4,1,0,0,0,1,1,0,1,1,0,0,gratuito
7,750000.0,21877,0.9338117657814142,2,3,1,0,0,0,0,1,1,0,1,0,0,gratuito
4,10000.0,0,0.0,3,2,1,0,1,0,1,0,0,1,0,0,0,baixo
7,35000.0,153,0.8366013071895425,1,1,1,0,0,0,0,0,0,0,0,0,0,gratuito
7,10000.0,11,1.0,2,2,1,0,0,0,0,0,0,0,0,0,0,gratuito
3,10000.0,0,0.0,2,2,1,0,0,0,1,0,1,0,0,0,0,gratuito
1,10000.0,0,0.0,3,3,1,0,0,0,1,0,1,0,1,0,0,alto
1,0.0,0,0.0,0,0,1,0,0,0,0,0,0,0,0,0,0,gratuito
5,10000.0,32,0.96875,2,3,1,1,1,0,1,1,1,0,0,0,0,baixo
1,10000.0,0,0.0,1,1,1,1,1,0,1,0,0,0,0,0,0,medio_alto
6,10000.0,0,0.0,2,2,1,0,0,0,0,1,0,0,0,0,0,medio_alto
2,0.0,0,0.0,0,0,1,0,0,0,0,0,0,0,0,0,0,gratuito
8,10000.0,4,0.0,1,6,1,0,0,0,1,1,1,1,0,0,1,medio_baixo
2,10000.0,0,0.0,4,3,1,0,0,0,1,0,1,0,1,0,0,medio_baixo
1,0.0,0,0.0,3,2,1,0,0,0,1,0,0,0,0,0,0,gratuito
10,10000.0,149,0.8187919463087249,1,4,1,0,1,0,1,1,0,0,0,0,1,medio_baixo
1,0.0,0,0.0,1,3,1,0,0,1,1,0,0,0,1,0,0,gratuito
6,10000.0,0,0.0,1,3,1,1,1,0,0,1,0,0,0,0,1,alto
2,150000.0,8,0.625,12,2,1,0,0,0,0,0,0,1,0,1,0,alto
2,0.0,0,0.0,1,5,1,0,0,0,1,1,0,0,0,1,1,gratuito
3,0.0,0,0.0,0,0,1,0,0,0,0,0,0,0,0,0,0,gratuito
4,10000.0,0,0.0,2,3,1,0,0,0,1,1,0,0,0,0,0,gratuito
1,10000.0,0,0.0,31,2,1,0,0,0,1,0,0,1,0,0,0,baixo
5,0.0,0,0.0,0,0,1,0,0,0,0,0,0,0,0,0,0,gratuito
1,10000.0,0,0.0,29,3,1,0,0,0,1,0,0,1,0,0,1,baixo
3,10000.0,2,1.0,1,1,1,1,0,0,0,0,0,1,0,0,0,medio_alto
2,10000.0,27,0.8888888888888888,1,3,1,1,1,0,1,0,0,0,0,1,0,medio_alto
3,0.0,0,0.0,1,2,1,0,0,0,0,1,0,0,1,0,0,gratuito
6,35000.0,135,0.7777777777777778,3,3,1,0,0,0,1,1,0,0,1,0,0,alto
4,10000.0,26,1.0,8,2,1,0,1,1,1,0,1,0,0,0,0,baixo
1,10000.0,0,0.0,1,7,1,0,0,0,1,0,1,1,1,1,1,alto
10,750000.0,685,0.5167883211678832,1,3,1,0,0,0,1,1,0,1,0,0,0,baixo
5,75000.0,3,1.0,1,2,1,0,1,0,1,1,0,0,0,0,0,medio_baixo
8,10000.0,0,0.0,1,4,1,0,0,0,1,0,1,1,1,0,0,medio_baixo
7,10000.0,11,1.0,1,6,1,0,0,0,1,1,1,1,0,0,1,medio_alto
4,0.0,0,0.0,0,0,1,0,0,0,0,0,0,0,0,0,0,gratuito
1,10000.0,0,0.0,1,2,1,0,0,0,1,1,0,0,0,0,0,medio_alto
5,10000.0,0,0.0,1,2,1,0,0,1,1,0,0,1,0,0,0,baixo
8,35000.0,239,0.6820083682008368,5,4,1,0,0,1,1,1,0,0,1,1,0,alto
1,10000.0,0,0.0,11,4,1,0,0,0,1,1,1,1,0,0,0,medio_alto
1,10000.0,0,0.0,4,3,1,0,0,0,1,1,0,0,0,0,0,alto
3,10000.0,350,0.8257142857142857,10,2,1,0,1,0,1,0,0,0,0,0,1,medio_baixo
6,10000.0,2,0.5,1,3,1,0,0,0,1,0,0,0,1,0,0,medio_alto
2,35000.0,2,1.0,8,2,1,1,1,1,1,1,0,0,0,0,0,medio_baixo
2,10000.0,10,0.9,2,6,1,0,0,0,1,1,1,1,1,1,0,medio_alto
9,10000.0,2,0.5,1,3,1,0,0,1,0,1,0,1,0,0,0,baixo
6,10000.0,20,0.95,2,3,1,0,0,0,1,1,0,1,0,0,0,medio_alto
5,10000.0,2,0.0,2,4,1,0,0,0,1,0,0,1,0,1,1,alto
4,10000.0,30,0.7333333333333333,1,4,1,0,0,2,1,0,0,1,0,0,1,alto
10,35000.0,52,0.40384615384615385,1,2,1,0,0,0,1,0,0,1,0,0,0,medio_baixo
2,0.0,0,0.0,103,2,1,0,0,0,0,0,0,1,0,0,0,gratuito
6,35000.0,470,0.7808510638297872,6,3,1,0,0,1,0,1,1,0,0,0,0,baixo
8,150000.0,2401,0.8738025822573927,1,3,1,0,0,2,1,0,1,0,0,0,1,baixo
5,10000.0,5,0.6,1,3,1,0,1,0,1,0,1,1,0,0,0,baixo
5,75000.0,36,0.6944444444444444,1,4,1,0,0,0,1,1,1,0,0,0,0,gratuito
1,10000.0,8,0.875,1,2,1,0,0,0,1,0,0,0,1,0,0,medio_alto
2,10000.0,40,1.0,1,3,1,0,0,0,1,0,0,1,0,0,1,medio_baixo
1,0.0,0,0.0,6,3,1,0,0,0,1,0,0,1,0,0,1,alto
4,10000.0,0,0.0,3,6,1,0,1,0,1,0,1,1,1,1,1,baixo
8,350000.0,3115,0.532263242375602,1,4,1,1,1,0,0,0,1,0,1,0,0,gratuito
17,10000.0,15,0.8666666666666667,1,1,1,0,0,0,0,0,0,1,0,0,0,alto
6,150000.0,853,0.9378663540445487,12,3,1,1,1,0,1,1,0,1,0,0,0,baixo
2,0.0,0,0.0,0,0,1,0,0,0,0,0,0,0,0,0,0,gratuito
2,350000.0,2704,0.4378698224852071,1,4,1,0,0,1,1,0,1,0,1,1,0,medio_alto
1,0.0,0,0.0,3,3,1,0,0,0,0,1,0,0,1,1,0,medio_baixo
7,10000.0,9,0.7777777777777778,15,2,1,1,0,0,1,0,0,1,0,0,0,baixo
1,10000.0,11,1.0,1,1,1,1,0,0,0,0,0,1,0,0,0,medio_alto
1,35000.0,280,0.95,9,5,1,0,0,0,1,1,1,0,1,1,0,alto
5,35000.0,32,0.90625,1,2,1,0,0,0,0,0,0,1,1,0,0,baixo
2,10000.0,1,1.0,15,3,1,0,0,0,0,0,1,1,0,0,1,alto
5,10000.0,2,1.0,3,3,1,0,0,0,1,1,0,0,0,0,0,alto
1,10000.0,7,1.0,3,1,1,0,0,0,0,0,0,1,0,0,0,medio_alto
5,10000.0,46,0.9347826086956522,1,2,1,1,1,0,1,0,0,0,0,0,1,alto
6,35000.0,79,0.5063291139240507,1,2,1,0,0,0,0,0,1,1,0,0,0,baixo
10,75000.0,934,0.8361884368308351,1,1,1,0,0,0,0,0,0,0,0,1,0,medio_alto
4,10000.0,374,0.8155080213903744,5,3,1,0,0,0,0,0,1,0,1,0,1,medio_baixo
1,10000.0,0,0.0,5,1,1,0,0,0,1,0,0,0,0,0,0,medio_baixo
1,0.0,0,0.0,2,2,1,0,0,0,1,0,0,1,0,0,0,medio_baixo
1,10000.0,0,0.0,27,3,1,0,0,0,1,1,0,0,0,0,0,medio_baixo
7,10000.0,59,0.711864406779661,1,6,1,0,0,0,1,1,0,1,1,0,0,gratuito
3,0.0,0,0.0,1,3,1,0,0,0,1,0,0,1,0,0,0,gratuito
7,10000.0,0,0.0,1,3,1,0,0,0,0,0,1,1,0,0,1,medio_baixo
6,10000.0,4,0.75,1,1,1,0,0,0,0,1,0,0,0,0,0,medio_alto
1,10000.0,0,0.0,14,5,1,0,0,0,1,1,1,0,1,0,0,alto
1,0.0,0,0.0,0,0,1,0,0,0,0,0,0,0,0,0,0,gratuito
3,10000.0,25,0.64,1,4,1,0,0,0,1,1,0,0,0,0,1,medio_baixo
1,10000.0,0,0.0,17,4,1,0,0,1,1,1,1,0,1,0,0,alto
1,75000.0,60,0.85,4,5,1,0,0,0,1,0,1,1,0,1,1,medio_alto
4,10000.0,0,0.0,1,1,1,0,0,0,0,1,0,0,0,0,0,medio_baixo
3,10000.0,15,0.5333333333333333,1,3,1,0,0,0,0,1,0,1,0,0,0,baixo
2,10000.0,8,1.0,1,2,1,0,0,0,0,0,0,1,0,0,0,baixo
5,10000.0,49,0.9387755102040817,1,2,1,1,0,0,1,0,0,0,0,0,1,medio_baixo
3,10000.0,134,0.9029850746268657,1,1,1,0,0,0,0,1,0,0,0,0,0,alto
3,10000.0,2,0.5,1,6,1,0,0,0,1,0,1,1,0,0,1,baixo
5,10000.0,1,1.0,1,4,1,0,0,0,1,0,1,0,0,1,0,baixo
1,10000.0,1,1.0,2,5,1,0,0,0,1,0,1,1,1,0,1,alto
3,10000.0,7,1.0,2,3,1,0,0,0,1,1,0,0,0,0,0,baixo
4,35000.0,230,0.8608695652173913,2,1,1,0,0,2,0,0,1,0,0,0,0,baixo
2,10000.0,171,0.9941520467836257,12,2,1,1,1,1,1,0,0,1,0,0,0,medio_baixo
4,0.0,0,0.0,0,0,1,0,0,0,0,0,0,0,0,0,0,gratuito
1,0.0,0,0.0,1,2,1,0,0,1,1,1,0,0,0,0,0,medio_alto
2,10000.0,94,0.8617021276595744,5,2,1,0,0,4,0,1,1,0,0,0,0,alto
1,10000.0,1,1.0,1,4,1,0,0,0,1,1,0,1,0,0,0,medio_alto
9,10000.0,355,0.9605633802816902,15,4,1,1,0,1,1,0,1,1,0,0,1,alto
3,10000.0,10,0.2,1,2,1,0,0,0,1,0,0,0,0,0,0,medio_baixo
5,35000.0,50,0.74,8,3,1,1,0,0,1,1,0,0,1,0,0,medio_baixo
1,0.0,0,0.0,0,0,1,0,0,0,0,0,0,0,0,0,0,gratuito
3,10000.0,1,1.0,2,3,1,0,0,0,1,1,1,0,0,0,0,medio_alto
4,10000.0,0,0.0,7,1,1,0,1,1,0,0,1,0,0,0,0,medio_alto
1,0.0,0,0.0,1,4,1,0,0,0,1,1,1,0,0,0,0,gratuito
9,150000.0,234,0.8290598290598291,6,3,1,0,0,7,1,0,0,1,0,1,0,medio_alto
2,10000.0,12,1.0,2,3,1,1,0,1,1,1,0,1,0,0,0,medio_baixo
6,10000.0,24,0.875,2,1,1,0,0,0,1,0,0,0,0,0,0,medio_baixo
12,35000.0,91,0.5054945054945055,1,3,1,1,1,0,1,0,1,1,0,0,0,baixo
4,10000.0,5,1.0,3,2,1,1,1,3,1,0,1,0,0,0,0,baixo
1,10000.0,0,0.0,12,5,1,0,0,0,1,0,1,1,0,1,1,alto
3,10000.0,1,0.0,13,2,1,0,0,0,1,0,0,0,0,0,0,medio_baixo
2,10000.0,51,0.7450980392156863,3,6,1,0,0,0,1,1,1,1,1,1,0,medio_baixo
3,10000.0,120,0.6583333333333333,13,4,1,0,0,1,1,1,1,0,0,0,0,baixo
6,35000.0,145,0.9310344827586207,1,2,1,0,0,0,0,0,0,1,0,0,0,gratuito
6,10000.0,0,0.0,1,1,1,0,0,0,0,1,0,0,0,0,0,medio_baixo
11,35000.0,136,0.5147058823529411,4,1,1,0,0,0,0,0,1,0,0,0,0,baixo
1,10000.0,7,1.0,2,3,1,1,1,1,1,0,1,1,0,0,0,medio_alto
7,10000.0,12,0.5833333333333334,1,3,1,0,0,0,1,1,1,0,0,0,0,alto
3,0.0,0,0.0,11,1,1,0,0,0,0,0,1,0,0,0,0,gratuito
2,10000.0,28,0.8214285714285714,2,4,1,0,0,0,1,1,1,1,0,0,0,medio_baixo
4,10000.0,10,0.7,1,4,1,0,0,1,1,0,0,1,0,1,1,alto
10,35000.0,22,0.5909090909090909,1,2,1,0,0,0,1,0,0,0,0,1,0,medio_alto
5,10000.0,20,0.65,1,5,1,0,0,0,1,0,0,1,0,1,1,gratuito
8,10000.0,1,1.0,1,3,1,0,0,0,1,0,1,1,0,0,0,medio_alto
5,0.0,0,0.0,1,3,1,0,0,0,1,0,0,0,0,1,0,gratuito
3,10000.0,14,0.9285714285714286,5,3,1,0,0,0,1,0,0,1,0,0,0,medio_alto
4,0.0,0,0.0,0,0,1,0,0,0,0,0,0,0,0,0,0,gratuito
4,10000.0,213,0.7746478873239436,4,3,1,0,0,2,1,0,0,0,0,1,1,medio_alto
8,10000.0,17,0.11764705882352941,1,2,1,0,0,0,0,0,1,0,0,0,0,medio_alto
6,10000.0,54,0.8518518518518519,1,3,1,0,0,0,1,0,0,0,1,1,0,medio_alto
2,10000.0,7,0.42857142857142855,2,3,1,0,0,0,1,1,1,0,0,0,0,medio_baixo
1,350000.0,4924,0.8318440292445166,11,3,1,0,0,0,1,0,0,0,0,0,1,medio_alto
1,10000.0,302,0.7483443708609272,1,4,1,1,0,0,1,1,1,0,0,0,0,medio_alto
8,10000.0,15,0.8,1,2,1,0,0,1,0,0,0,1,0,0,1,medio_baixo
2,10000.0,8,0.75,11,4,1,0,1,0,1,1,0,1,0,0,1,medio_baixo
9,10000.0,3,0.3333333333333333,2,3,1,0,0,0,1,1,1,0,0,0,0,baixo
2,35000.0,486,0.808641975308642,1,5,1,0,0,0,1,1,1,0,0,0,1,alto
1,10000.0,0,0.0,4,2,1,0,0,3,1,0,1,0,0,0,0,medio_alto
2,10000.0,282,0.950354609929078,6,5,1,1,1,2,1,0,1,1,1,0,1,medio_baixo
9,35000.0,2,1.0,1,3,1,0,0,0,1,0,1,0,0,0,1,medio_alto
3,35000.0,950,0.9484210526315789,1,1,1,0,0,6,0,0,0,0,1,0,0,alto
7,10000.0,8,0.625,24,4,1,0,0,0,1,0,1,1,0,0,1,medio_alto
6,75000.0,16,0.5625,1,4,1,0,0,0,1,1,0,0,1,0,0,gratuito
3,10000.0,0,0.0,1,1,1,0,0,0,1,0,0,0,0,0,0,baixo
2,35000.0,3,1.0,3,3,1,1,0,0,1,0,0,1,0,0,0,medio_alto
7,10000.0,37,0.5405405405405406,3,4,1,0,0,1,1,1,0,1,1,0,0,baixo
29,3500000.0,11023,0.909280595119296,1,2,1,1,1,1,1,1,0,0,0,0,0,gratuito
9,10000.0,156,0.7435897435897436,11,4,1,0,0,0,0,0,1,1,0,0,1,alto
1,10000.0,0,0.0,17,3,1,0,0,0,1,1,1,0,0,0,0,medio_alto
17,0.0,0,0.0,1,1,1,0,0,0,0,0,0,1,0,0,0,alto
2,10000.0,42,0.9047619047619048,1,3,1,0,0,0,1,0,0,0,1,0,0,medio_baixo
1,0.0,0,0.0,6,1,1,1,1,0,0,0,1,0,0,0,0,alto
1,10000.0,0,0.0,1,2,1,0,0,0,1,0,1,0,0,0,0,alto
10,10000.0,50,0.76,1,1,1,0,0,0,0,0,0,0,0,0,1,alto
8,10000.0,10,0.5,2,3,1,0,0,0,1,1,0,0,0,0,1,medio_baixo
2,10000.0,57,0.9473684210526315,9,2,1,1,1,1,1,0,1,0,0,0,0,medio_alto
3,10000.0,132,0.5303030303030303,6,1,1,0,0,0,0,1,0,0,0,0,0,alto
1,10000.0,0,0.0,1,4,1,1,1,2,1,0,0,1,1,0,1,alto
11,10000.0,30,0.6333333333333333,1,3,1,0,0,0,1,0,0,1,0,0,0,alto
3,0.0,0,0.0,0,0,1,0,0,0,0,0,0,0,0,0,0,gratuito
5,10000.0,0,0.0,5,4,1,0,0,0,1,1,1,0,1,0,0,medio_alto
1,0.0,0,0.0,0,0,1,0,0,0,0,0,0,0,0,0,0,gratuito
4,150000.0,858,0.7331002331002331,1,5,1,0,0,0,1,0,0,1,1,0,1,alto
1,0.0,0,0.0,1,3,1,0,0,0,1,1,0,0,0,0,0,medio_baixo
7,10000.0,0,0.0,5,3,1,1,0,0,1,1,0,1,0,0,0,baixo
4,0.0,0,0.0,2,1,1,1,1,0,0,0,0,1,0,0,0,gratuito
3,10000.0,3,1.0,2,2,1,0,0,0,0,0,1,1,0,0,0,baixo
1,10000.0,13,1.0,6,4,1,0,0,0,1,1,1,0,0,0,0,gratuito
5,10000.0,10,0.1,1,2,1,0,0,0,1,0,0,1,0,0,0,baixo
2,10000.0,12,0.8333333333333334,30,2,1,0,0,1,1,0,1,0,0,0,0,baixo
4,35000.0,16,0.75,103,3,1,0,0,0,1,0,1,0,0,0,0,alto
4,10000.0,0,0.0,1,1,1,0,0,0,0,0,1,0,0,0,0,medio_baixo
2,10000.0,21,0.47619047619047616,2,4,1,0,0,0,1,1,1,1,0,0,0,alto
5,10000.0,17,0.7647058823529411,5,3,1,0,0,0,1,0,0,1,0,0,0,baixo
1,10000.0,0,0.0,3,3,1,0,0,0,1,1,0,0,0,0,0,medio_baixo
2,10000.0,27,0.9629629629629629,7,5,1,0,0,0,1,1,1,1,1,0,0,medio_baixo
6,10000.0,53,0.8867924528301887,1,4,1,0,0,0,1,1,1,1,0,0,0,medio_alto
11,10000.0,1359,0.891832229580574,2,4,1,1,1,2,1,1,0,1,0,0,1,medio_baixo
8,35000.0,215,0.8930232558139535,16,3,1,1,1,0,1,0,0,1,0,1,0,baixo
10,35000.0,167,0.6526946107784432,8,1,1,0,0,0,0,0,0,0,0,0,0,baixo
1,10000.0,0,0.0,2,1,1,0,0,0,0,0,0,1,0,0,0,baixo
8,10000.0,9,0.5555555555555556,1,3,1,0,0,0,1,0,0,1,0,0,1,baixo
10,10000.0,99,0.5151515151515151,1,8,1,1,0,0,1,1,0,1,0,0,1,gratuito
8,10000.0,7,0.14285714285714285,1,3,1,0,0,0,1,1,0,1,0,0,0,baixo
2,10000.0,2,1.0,1,2,1,0,0,0,1,0,0,1,0,0,0,baixo
1,10000.0,0,0.0,1,2,1,0,0,0,1,1,0,0,0,0,0,baixo
13,150000.0,697,0.7489239598278336,12,2,1,1,0,0,1,0,1,0,0,0,0,alto
5,10000.0,60,0.45,1,7,1,1,0,0,1,0,1,1,1,1,1,gratuito
3,35000.0,1,1.0,1,1,1,1,0,0,1,0,0,0,0,0,0,baixo
3,0.0,0,0.0,0,0,1,0,0,0,0,0,0,0,0,0,0,gratuito
7,10000.0,54,0.6296296296296297,1,4,1,0,0,0,1,1,1,0,0,0,0,alto
7,10000.0,0,0.0,1,2,1,0,0,0,0,1,1,0,0,0,0,medio_alto
2,0.0,0,0.0,2,5,1,0,0,1,1,1,1,1,0,0,0,gratuito
3,10000.0,6,0.8333333333333334,1,4,1,0,0,0,1,1,1,1,0,0,0,medio_baixo
1,10000.0,0,0.0,12,1,1,0,0,1,0,0,1,0,0,0,0,medio_alto
5,10000.0,62,0.9032258064516129,6,3,1,1,1,0,1,0,1,1,0,0,0,medio_baixo
2,0.0,0,0.0,0,0,1,0,0,0,0,0,0,0,0,0,0,gratuito
4,10000.0,2,0.0,1,4,1,0,0,0,1,1,0,0,0,1,1,medio_baixo
6,10000.0,76,0.8289473684210527,2,4,1,0,0,0,1,1,1,0,0,0,0,medio_alto
1,10000.0,0,0.0,2,3,1,1,0,1,1,0,1,0,1,0,0,alto
4,10000.0,2,1.0,2,1,1,0,0,0,0,1,0,0,0,0,0,medio_baixo
2,10000.0,2,1.0,2,2,1,0,0,0,1,1,0,0,0,0,0,baixo
1,0.0,0,0.0,0,0,1,0,0,0,0,0,0,0,0,0,0,gratuito
3,10000.0,11,0.8181818181818182,1,4,1,1,0,0,1,1,1,0,1,0,0,alto
7,10000.0,4,1.0,1,4,1,0,0,0,1,1,1,0,0,0,0,medio_alto
3,10000.0,0,0.0,5,3,1,0,0,1,0,0,1,1,1,0,0,baixo
10,10000.0,63,0.5714285714285714,1,3,1,1,0,0,1,1,0,0,0,0,0,alto
8,75000.0,65,0.676923076923077,1,6,1,0,0,0,1,1,1,1,0,0,0,gratuito
9,75000.0,1535,0.8429967426710098,7,1,1,0,0,4,0,1,0,0,0,0,0,medio_alto
4,10000.0,0,0.0,1,1,1,0,0,0,0,0,1,0,0,0,0,alto
1,0.0,0,0.0,1,3,1,0,0,0,0,0,1,1,1,0,0,alto
1,10000.0,0,0.0,6,3,1,0,0,0,1,1,0,0,0,1,0,medio_alto
5,35000.0,3,1.0,1,5,1,0,0,1,1,1,0,0,0,1,1,alto
2,10000.0,13,0.8461538461538461,1,2,1,0,0,0,0,0,1,0,1,0,0,alto
1,10000.0,0,0.0,1,5,1,0,0,0,1,1,1,0,1,1,0,medio_alto
6,10000.0,0,0.0,1,2,1,0,0,0,1,1,0,0,0,0,0,medio_alto
4,10000.0,11,0.6363636363636364,1,3,1,0,0,0,1,0,0,1,0,1,0,baixo
9,10000.0,15,0.6,5,1,1,1,1,0,0,0,0,0,0,0,0,medio_alto
5,10000.0,4,0.5,1,2,1,0,0,0,0,1,0,1,0,0,0,medio_alto
6,10000.0,32,0.75,3,3,1,0,0,0,1,0,1,1,0,0,0,baixo
5,35000.0,2,0.5,1,2,1,0,0,0,1,1,0,0,0,0,0,medio_baixo
1,10000.0,0,0.0,1,2,1,0,0,0,0,0,1,0,0,0,0,gratuito
5,350000.0,10756,0.7981591669765712,10,3,1,0,0,0,1,1,1,0,0,0,0,baixo
1,35000.0,25,0.68,2,4,1,0,0,0,1,1,1,0,0,0,1,baixo
1,10000.0,0,0.0,1,4,1,0,0,0,0,1,1,0,0,0,1,medio_alto
10,750000.0,8519,0.7969245216574715,7,1,1,1,0,4,0,0,0,0,0,1,0,medio_alto
11,150000.0,472,0.826271186440678,1,1,1,0,0,0,0,1,0,0,0,0,0,medio_alto
3,10000.0,0,0.0,1,2,1,1,1,0,0,1,0,0,0,0,0,medio_alto
1,10000.0,11,0.45454545454545453,1,3,1,0,0,0,1,0,1,0,0,0,0,medio_alto
5,75000.0,2,0.0,2,3,1,0,0,0,1,0,1,0,1,0,0,alto
1,10000.0,0,0.0,1,1,1,1,1,0,0,0,0,0,0,1,0,baixo
2,0.0,0,0.0,0,0,1,0,0,0,0,0,0,0,0,0,0,gratuito
1,10000.0,0,0.0,5,4,1,1,0,2,1,0,0,1,0,1,1,alto
3,10000.0,91,0.7362637362637363,29,1,1,0,0,0,0,0,0,1,0,0,0,medio_baixo
1,0.0,0,0.0,1,3,1,0,0,0,1,1,0,1,0,0,0,baixo
7,35000.0,8,0.75,1,2,1,0,0,0,0,0,1,0,0,1,0,gratuito
3,0.0,0,0.0,0,0,1,0,0,0,0,0,0,0,0,0,0,gratuito
1,10000.0,20,1.0,1,3,1,0,0,1,1,1,1,0,0,0,0,medio_baixo
2,10000.0,0,0.0,2,2,1,0,0,0,0,0,0,0,0,0,0,alto
5,10000.0,23,0.9565217391304348,2,3,1,0,0,0,1,0,1,0,0,1,0,baixo
3,0.0,0,0.0,0,0,1,0,0,0,0,0,0,0,0,0,0,gratuito
9,75000.0,94,0.6808510638297872,1,6,1,0,0,0,1,0,1,1,1,1,1,baixo
9,35000.0,12,0.9166666666666666,1,2,1,0,0,0,1,1,0,0,0,0,0,baixo
2,10000.0,2,0.5,5,3,1,1,0,0,1,0,0,1,0,1,0,medio_baixo
3,35000.0,21,1.0,1,4,1,0,0,0,1,1,1,1,0,0,0,medio_alto
10,10000.0,15,0.8,4,3,1,1,0,0,1,0,0,1,0,1,0,medio_alto
2,10000.0,16,0.875,3,4,1,0,0,0,1,1,1,0,1,0,0,medio_alto
10,10000.0,1,1.0,1,3,1,0,0,0,1,0,0,1,0,0,0,medio_alto
3,10000.0,0,0.0,14,2,1,0,0,0,0,0,0,0,1,0,1,medio_alto
11,10000.0,17,0.4117647058823529,1,2,1,1,1,0,1,0,0,1,0,0,0,medio_baixo
2,10000.0,15,0.4666666666666667,1,2,1,0,0,0,1,1,0,0,0,0,0,medio_alto
1,10000.0,0,0.0,3,1,1,0,0,1,0,0,0,0,1,0,0,alto
2,0.0,0,0.0,1,4,1,0,0,0,1,0,0,1,0,0,1,gratuito
5,0.0,0,0.0,1,3,1,0,0,1,1,1,1,0,0,0,0,gratuito
1,10000.0,0,0.0,1,3,1,0,0,0,1,0,1,0,0,1,0,medio_baixo
20,350000.0,4182,0.8744619799139168,5,2,1,1,1,0,1,0,0,0,0,1,0,medio_baixo
2,10000.0,1,0.0,1,1,1,0,0,0,0,0,0,0,1,0,0,alto
2,10000.0,0,0.0,4,4,1,0,0,0,1,0,1,1,0,0,1,medio_alto
1,0.0,0,0.0,0,0,1,0,0,0,0,0,0,0,0,0,0,gratuito
2,10000.0,3,1.0,1,3,1,0,0,0,1,1,1,0,0,0,0,baixo
1,10000.0,0,0.0,13,2,1,0,0,0,1,0,0,1,0,0,0,medio_baixo
4,10000.0,3,0.6666666666666666,1,1,1,1,1,1,1,0,0,0,0,0,0,alto
2,10000.0,1,1.0,1,3,1,0,0,0,1,1,0,1,0,0,0,baixo
13,35000.0,309,0.6699029126213593,7,1,1,1,1,0,0,0,0,0,0,1,0,medio_alto
3,10000.0,0,0.0,3,4,1,0,1,2,1,0,0,1,1,0,1,medio_alto
10,10000.0,44,0.8409090909090909,1,5,1,0,0,0,1,1,1,1,0,0,0,medio_alto
1,0.0,0,0.0,0,0,1,0,0,0,0,0,0,0,0,0,0,gratuito
5,0.0,0,0.0,1,5,1,0,0,0,1,0,0,1,0,1,1,gratuito
1,10000.0,0,0.0,30,3,1,0,0,0,1,1,0,0,1,0,0,alto
3,10000.0,0,0.0,1,2,1,1,1,0,1,0,0,0,0,0,0,gratuito
7,10000.0,53,0.9433962264150944,10,2,1,1,0,0,1,0,1,0,0,0,0,medio_alto
1,0.0,0,0.0,0,0,1,0,0,0,0,0,0,0,0,0,0,gratuito
2,10000.0,0,0.0,1,1,1,0,0,0,0,1,0,0,0,0,0,gratuito
1,0.0,0,0.0,10,4,1,0,0,0,1,0,0,1,0,0,1,gratuito
1,750000.0,222,0.8558558558558559,14,1,1,1,1,3,0,0,0,0,1,0,0,alto
9,10000.0,3,0.3333333333333333,1,5,1,1,1,0,1,1,1,0,1,0,0,alto
5,10000.0,11,0.6363636363636364,3,1,1,0,0,1,0,0,0,0,1,0,0,medio_alto
3,10000.0,111,0.9459459459459459,9,2,1,0,0,1,1,1,0,0,0,0,0,medio_alto
2,10000.0,0,0.0,103,6,1,0,0,0,1,1,1,1,1,1,0,medio_alto
14,150000.0,2416,0.8712748344370861,1,3,1,0,1,0,1,1,0,0,1,0,0,medio_baixo
8,10000.0,8,0.875,1,4,1,0,0,0,1,1,0,0,0,0,1,medio_baixo
3,10000.0,25,0.76,2,3,1,1,0,2,1,0,0,1,0,0,1,baixo
5,35000.0,15,0.7333333333333333,1,3,1,0,0,0,0,1,1,0,0,0,0,gratuito
1,10000.0,22,0.8636363636363636,3,2,1,0,0,0,0,0,1,1,0,0,0,alto
6,10000.0,2,1.0,1,2,1,0,0,0,0,1,0,0,0,0,0,alto
2,10000.0,8,1.0,1,2,1,0,0,0,1,0,0,0,0,1,0,medio_baixo
16,750000.0,2323,0.8833405079638399,2,1,1,1,0,0,0,0,1,0,0,0,0,gratuito
11,35000.0,399,0.7869674185463659,7,2,1,0,0,2,0,1,1,0,0,0,0,baixo
2,10000.0,1,0.0,1,1,1,0,0,0,1,0,0,0,0,0,0,alto
9,10000.0,5,0.6,1,2,1,0,0,0,1,0,0,1,0,0,0,baixo
5,10000.0,10,0.9,1,4,1,0,0,0,1,1,0,0,1,1,0,baixo
1,10000.0,1,0.0,1,4,1,0,0,0,1,1,1,1,0,0,0,medio_alto
4,10000.0,1,0.0,1,5,1,0,0,0,1,1,1,1,0,0,0,medio_alto
10,350000.0,1109,0.7763751127141569,1,4,1,0,0,1,1,1,1,0,0,0,0,gratuito
6,10000.0,14,0.7142857142857143,1,2,1,0,0,1,1,0,0,1,0,0,0,baixo
1,350000.0,10848,0.9576880530973452,11,4,1,1,0,1,1,1,0,0,0,1,1,alto
4,10000.0,4,0.75,1,2,1,0,0,0,0,0,0,0,0,1,1,medio_alto
2,0.0,0,0.0,14,3,1,0,1,1,1,0,0,1,0,0,0,gratuito
7,10000.0,0,0.0,1,2,1,0,0,0,1,1,0,0,0,0,0,alto
2,75000.0,756,0.7738095238095238,10,4,1,0,0,0,1,1,1,0,1,0,0,medio_baixo
2,0.0,0,0.0,0,0,1,0,0,0,0,0,0,0,0,0,0,gratuito
2,10000.0,0,0.0,1,4,1,0,0,0,1,0,0,1,0,1,0,medio_baixo
6,150000.0,803,0.6874221668742216,1,2,1,0,0,0,1,0,0,0,0,0,1,gratuito
3,10000.0,5,1.0,1,2,1,0,0,0,0,0,0,1,0,1,0,medio_baixo
11,1500000.0,31896,0.8860045146726863,1,5,1,1,1,0,1,0,1,1,0,0,1,gratuito
4,0.0,0,0.0,3,2,1,0,0,0,0,1,0,0,0,0,0,gratuito
1,10000.0,0,0.0,1,3,1,0,1,0,1,0,1,1,0,0,0,medio_alto
1,10000.0,0,0.0,3,3,1,0,0,0,0,1,1,0,0,0,1,medio_baixo
4,10000.0,24,0.9166666666666666,1,3,1,0,0,0,1,1,1,0,0,0,0,medio_alto
4,0.0,0,0.0,1,3,1,0,0,0,1,1,0,0,0,0,0,gratuito
9,350000.0,275,0.7127272727272728,1,2,1,0,0,1,1,0,0,1,0,0,0,baixo
1,0.0,0,0.0,0,0,1,0,0,0,0,0,0,0,0,0,0,gratuito
3,0.0,0,0.0,0,0,1,0,0,0,0,0,0,0,0,0,0,gratuito
8,10000.0,5,0.4,4,3,1,0,0,2,0,0,0,1,0,1,1,gratuito
3,35000.0,24,0.5416666666666666,4,3,1,1,0,0,1,0,0,1,1,0,0,medio_baixo
16,75000.0,311,0.3022508038585209,2,1,1,0,0,0,0,0,0,0,0,1,0,baixo
1,0.0,0,0.0,2,4,1,0,0,0,1,1,1,1,0,0,0,baixo
15,10000.0,435,0.8045977011494253,7,3,1,0,0,1,0,1,1,0,0,0,1,medio_baixo
8,10000.0,8,0.625,1,5,1,0,0,0,1,1,1,1,0,0,0,medio_baixo
2,10000.0,38,0.8157894736842105,1,4,1,0,0,0,1,0,0,1,0,1,1,alto
6,35000.0,134,0.7164179104477612,8,3,1,1,1,2,1,1,1,0,0,0,0,medio_alto
5,10000.0,0,0.0,1,2,1,0,0,0,1,0,0,0,0,1,0,medio_alto
2,10000.0,26,1.0,1,2,1,1,0,0,0,1,0,0,0,1,0,medio_baixo
1,0.0,0,0.0,0,0,1,0,0,0,0,0,0,0,0,0,0,gratuito
9,10000.0,13,0.7692307692307693,1,4,1,0,0,0,1,1,0,0,0,1,0,alto
10,10000.0,12,0.08333333333333333,1,3,1,0,0,0,1,1,1,0,0,0,0,baixo
8,10000.0,43,0.8372093023255814,1,2,1,0,0,0,1,0,0,1,0,0,0,baixo
12,35000.0,284,0.7992957746478874,4,2,1,0,0,1,1,0,0,0,1,0,0,alto
11,350000.0,2665,0.8202626641651032,2,3,1,1,1,0,1,1,1,0,0,0,0,medio_alto
3,75000.0,2039,0.7528200098087298,8,1,1,0,0,2,0,0,0,0,0,1,0,medio_alto
10,10000.0,4,0.75,1,2,1,0,0,0,0,0,1,1,0,0,0,medio_alto
8,10000.0,5,0.4,1,2,1,0,1,1,1,0,1,0,0,0,0,medio_baixo
4,75000.0,378,0.9523809523809523,2,4,1,0,0,0,1,0,1,1,1,0,0,medio_baixo
13,750000.0,8195,0.9392312385600976,9,3,1,1,1,1,1,1,1,0,0,0,0,baixo
6,10000.0,29,0.9310344827586207,3,4,1,0,0,0,1,0,1,1,0,1,0,medio_baixo
2,10000.0,32,1.0,1,2,1,0,0,1,1,0,0,0,0,0,1,baixo
1,0.0,0,0.0,0,0,1,0,0,0,0,0,0,0,0,0,0,gratuito
4,10000.0,174,0.9195402298850575,8,1,1,0,0,0,0,0,0,0,0,1,0,medio_alto
1,0.0,0,0.0,1,3,1,0,0,0,1,0,0,0,0,1,0,medio_alto
1,0.0,0,0.0,0,0,1,0,0,0,0,0,0,0,0,0,0,gratuito
10,75000.0,36,0.8611111111111112,1,2,1,0,1,0,1,0,0,1,0,0,0,medio_baixo
8,10000.0,8,0.75,1,3,1,0,0,0,0,1,0,0,0,0,1,gratuito
9,35000.0,560,0.40535714285714286,11,6,1,0,0,0,1,1,0,0,1,0,1,gratuito
2,10000.0,0,0.0,1,4,1,0,0,0,0,0,1,1,0,0,0,gratuito
10,750000.0,325,0.6184615384615385,1,3,1,0,0,0,1,0,1,0,1,0,0,baixo
2,10000.0,15,0.8,1,2,1,0,0,0,0,0,1,1,0,0,0,medio_baixo
3,10000.0,12,1.0,1,1,1,0,0,0,0,0,0,0,0,1,0,medio_alto
2,0.0,0,0.0,0,0,1,0,0,0,0,0,0,0,0,0,0,gratuito
3,0.0,0,0.0,1,3,1,0,0,0,0,1,0,1,0,0,0,gratuito
1,10000.0,2,1.0,1,3,1,0,0,0,1,1,0,0,0,0,0,alto
2,10000.0,1,1.0,1,4,1,0,0,0,1,1,1,0,1,0,0,medio_baixo
8,10000.0,89,0.5280898876404494,7,5,1,1,1,0,1,1,0,1,0,0,0,baixo
14,75000.0,306,0.7647058823529411,2,1,1,0,0,1,0,1,0,0,0,0,0,medio_baixo
6,10000.0,6,0.8333333333333334,1,3,1,0,0,0,1,1,0,0,0,1,0,alto
10,10000.0,30,0.7,1,3,1,0,0,0,1,0,1,0,0,0,0,medio_alto
6,10000.0,1,0.0,2,3,1,0,0,0,1,1,1,0,0,0,0,medio_alto
6,35000.0,3,1.0,1,6,1,0,0,0,1,0,1,1,1,1,1,baixo
6,10000.0,53,0.7735849056603774,8,3,1,0,0,0,1,1,1,0,0,0,0,medio_baixo
4,10000.0,39,0.8205128205128205,3,3,1,1,0,0,1,0,0,0,0,1,1,alto
3,10000.0,18,0.9444444444444444,1,1,1,0,0,0,0,1,0,0,0,0,0,gratuito
6,10000.0,11,1.0,1,4,1,0,0,0,1,0,0,1,0,1,1,medio_alto
6,10000.0,34,0.7647058823529411,1,3,1,0,0,1,0,0,0,0,0,1,1,gratuito
3,0.0,0,0.0,0,0,1,0,0,0,0,0,0,0,0,0,0,gratuito
10,10000.0,70,0.8285714285714286,7,2,1,1,1,0,1,0,1,0,0,0,0,baixo
3,10000.0,20,1.0,8,5,1,0,0,1,1,1,1,1,1,0,0,baixo
2,75000.0,16,1.0,2,2,1,1,1,1,1,0,1,0,0,0,0,medio_alto
1,10000.0,1,1.0,17,4,1,1,0,0,1,0,1,1,1,0,0,alto
8,35000.0,82,0.926829268292683,2,2,1,0,0,1,1,0,1,0,0,0,0,medio_baixo
10,75000.0,97,0.711340206185567,1,3,1,0,0,0,0,1,0,0,0,1,0,gratuito
2,35000.0,1,1.0,1,1,1,0,0,0,0,0,0,1,0,0,0,medio_alto
1,10000.0,0,0.0,2,2,1,0,0,0,1,0,1,0,0,0,0,baixo
10,35000.0,340,0.6794117647058824,1,4,1,0,0,4,1,0,0,0,0,1,1,alto
3,10000.0,2,0.5,1,1,1,0,0,0,0,0,1,0,0,0,0,medio_baixo
2,10000.0,0,0.0,1,5,1,0,0,0,0,0,1,1,0,0,0,gratuito
9,35000.0,292,0.839041095890411,1,2,1,0,0,0,1,0,0,0,0,0,1,alto
10,150000.0,680,0.5794117647058824,1,2,1,1,1,0,1,1,0,0,0,0,0,medio_baixo
5,10000.0,3,0.3333333333333333,1,4,1,0,0,0,1,1,0,0,0,0,1,alto
12,35000.0,277,0.6570397111913358,9,1,1,0,0,0,0,0,0,0,0,0,1,alto
2,10000.0,5,1.0,1,5,1,0,0,0,1,1,1,0,1,0,0,gratuito
7,35000.0,196,0.8877551020408163,9,2,1,1,0,0,1,0,1,0,0,0,0,medio_baixo
2,10000.0,4,1.0,3,2,1,1,1,0,1,0,0,1,0,0,0,baixo
4,35000.0,64,0.78125,1,3,1,1,1,0,0,0,1,0,0,0,0,medio_alto
2,0.0,0,0.0,0,0,1,0,0,0,0,0,0,0,0,0,0,gratuito
10,35000.0,361,0.9113573407202216,4,1,1,1,1,0,1,0,0,0,0,0,0,alto
4,10000.0,0,0.0,1,3,1,0,0,0,1,0,1,0,0,1,0,medio_alto
3,10000.0,17,0.9411764705882353,1,2,1,1,0,0,0,0,0,0,1,1,0,alto
5,10000.0,1,1.0,1,3,1,0,0,0,1,1,1,0,0,0,0,medio_baixo
1,0.0,0,0.0,13,3,1,1,1,0,1,0,0,1,0,1,0,baixo
1,10000.0,8,1.0,10,4,1,0,0,0,1,1,1,0,0,0,0,alto
1,10000.0,34,1.0,1,4,1,0,0,0,1,1,1,0,0,0,0,alto
1,10000.0,5,1.0,2,2,1,0,0,0,1,1,0,0,0,0,0,medio_baixo
4,0.0,0,0.0,0,0,1,0,0,0,0,0,0,0,0,0,0,gratuito
9,35000.0,5,0.6,1,2,1,0,0,0,1,0,0,1,0,0,0,baixo
8,10000.0,12,0.25,2,2,1,0,0,0,1,1,0,0,0,0,0,baixo
6,10000.0,0,0.0,103,1,1,0,0,0,0,1,0,0,0,0,0,baixo
9,35000.0,77,0.8181818181818182,1,3,1,0,0,0,1,1,0,0,0,0,0,gratuito
3,10000.0,0,0.0,25,2,1,0,0,0,1,0,0,1,0,0,0,baixo
11,3500000.0,11831,0.8080466570873129,19,3,1,1,0,0,0,0,0,1,0,0,1,gratuito
1,0.0,0,0.0,15,6,1,0,0,0,1,1,1,1,0,0,0,medio_alto
10,150000.0,310,0.6,1,5,1,1,1,0,1,1,1,1,0,1,0,baixo
3,10000.0,0,0.0,1,6,1,1,0,0,1,1,1,1,1,0,0,baixo
2,0.0,0,0.0,103,4,1,1,0,0,1,0,0,1,1,0,1,baixo
12,75000.0,523,0.7877629063097514,7,2,1,0,0,0,0,1,0,0,0,0,1,gratuito
2,10000.0,8,1.0,1,1,1,0,0,0,0,0,0,1,0,0,0,medio_baixo
2,10000.0,8,1.0,2,2,1,0,0,0,1,0,1,0,0,0,0,medio_baixo
6,10000.0,32,0.875,1,1,1,0,0,0,1,0,0,0,0,0,0,gratuito
7,10000.0,2,0.5,1,2,1,0,0,0,1,1,0,0,0,0,0,medio_baixo
8,10000.0,6,0.8333333333333334,5,2,1,0,1,0,1,1,0,0,0,0,0,medio_baixo
3,75000.0,477,0.8721174004192872,6,1,1,0,0,0,0,1,0,0,0,0,0,alto
10,75000.0,534,0.7865168539325843,1,2,1,1,1,0,1,0,1,0,0,0,0,medio_alto
2,10000.0,0,0.0,1,3,1,1,1,0,1,0,1,1,0,0,0,baixo
2,10000.0,12,0.5833333333333334,2,1,1,0,0,0,1,0,0,0,0,0,0,baixo
9,35000.0,43,0.8837209302325582,1,4,1,0,0,0,1,0,0,1,0,0,1,gratuito
1,0.0,0,0.0,3,2,1,0,0,1,1,0,0,1,0,0,0,medio_alto
11,1500000.0,19016,0.9729701304164914,6,2,1,1,1,2,1,0,1,0,0,0,0,medio_alto
1,0.0,0,0.0,2,2,1,0,0,0,1,0,0,1,0,0,0,medio_baixo
9,10000.0,83,0.46987951807228917,14,6,1,0,0,0,1,1,0,1,0,0,0,medio_alto
5,35000.0,50,0.52,1,3,1,0,0,0,0,1,0,0,1,0,0,gratuito
1,10000.0,16,1.0,1,3,1,0,0,0,1,0,0,1,0,0,1,medio_baixo
1,10000.0,0,0.0,1,5,1,0,0,1,1,1,1,0,1,0,1,medio_alto
6,75000.0,72,0.5555555555555556,1,6,1,0,0,0,1,1,1,0,1,0,0,gratuito
2,10000.0,15,0.6666666666666666,2,1,1,0,0,0,0,0,1,0,0,0,0,baixo
1,0.0,0,0.0,1,5,1,0,0,0,1,1,0,1,0,0,1,baixo
1,10000.0,2,0.5,1,3,1,0,0,0,0,0,0,1,1,1,0,baixo
8,35000.0,24,0.75,8,5,1,1,0,0,1,1,1,0,1,1,0,baixo
5,35000.0,7,0.5714285714285714,1,2,1,0,0,0,1,0,1,0,0,0,0,baixo
4,10000.0,28,0.6785714285714286,2,2,1,0,0,0,0,0,1,0,1,0,0,medio_alto
2,10000.0,1,0.0,1,3,1,0,0,0,0,1,1,0,0,1,0,baixo
3,10000.0,373,0.9731903485254692,8,3,1,0,0,1,1,1,1,0,0,0,0,medio_alto
10,75000.0,143,0.5524475524475524,1,1,1,0,0,0,0,0,0,1,0,0,0,medio_baixo
1,0.0,0,0.0,1,2,1,0,0,0,0,1,0,0,0,0,0,gratuito
2,0.0,0,0.0,0,0,1,0,0,0,0,0,0,0,0,0,0,gratuito
7,350000.0,8421,0.947749673435459,7,3,1,1,0,2,1,0,1,0,1,0,0,medio_baixo
5,10000.0,2,1.0,2,2,1,0,0,0,1,0,1,0,0,0,0,medio_baixo
10,10000.0,127,0.8740157480314961,1,3,1,0,0,0,1,0,1,0,0,1,0,baixo
1,0.0,0,0.0,1,2,1,0,0,0,1,0,0,1,0,0,0,baixo
12,10000.0,84,0.30952380952380953,1,4,1,1,0,0,1,1,0,0,0,0,1,baixo
5,10000.0,2,1.0,1,3,1,0,0,0,1,1,0,1,0,0,0,medio_alto
2,10000.0,3,1.0,2,1,1,0,0,1,0,0,0,1,0,0,0,medio_baixo
8,10000.0,3,0.6666666666666666,1,2,1,0,0,0,0,0,1,1,0,0,0,gratuito
2,0.0,0,0.0,0,0,1,0,0,0,0,0,0,0,0,0,0,gratuito
12,350000.0,3806,0.9085654230162901,1,3,1,1,0,0,1,0,1,0,1,0,0,medio_alto
2,0.0,0,0.0,1,3,1,0,0,0,1,0,0,1,0,0,0,gratuito
1,0.0,0,0.0,103,1,1,0,0,0,0,0,0,1,0,0,0,baixo
2,10000.0,0,0.0,1,2,1,1,1,1,1,0,0,1,0,0,0,medio_alto
9,75000.0,48,0.6875,1,1,1,0,0,0,0,0,0,0,0,1,0,alto
2,10000.0,15,0.8,1,4,1,0,0,0,1,1,0,1,0,0,1,baixo
11,35000.0,38,0.5,1,2,1,1,1,0,1,1,0,0,0,0,0,medio_baixo
8,10000.0,15,0.4666666666666667,1,3,1,1,0,0,1,1,0,0,0,0,0,alto
12,350000.0,1250,0.8416,11,3,1,0,0,0,1,1,0,0,1,0,0,medio_alto
2,10000.0,2,1.0,5,2,1,0,0,0,1,0,0,1,0,0,0,baixo
2,10000.0,19,1.0,2,1,1,0,0,0,0,0,0,1,0,0,0,alto
2,10000.0,69,0.7536231884057971,3,2,1,0,0,0,1,0,1,0,0,0,0,medio_alto
7,10000.0,1,1.0,1,3,1,0,0,0,1,1,0,1,0,0,0,medio_baixo
3,35000.0,91,0.5934065934065934,9,4,1,1,1,0,1,1,1,0,1,0,0,medio_alto
8,10000.0,11,0.36363636363636365,1,3,1,0,0,0,1,1,0,1,0,0,0,baixo
1,10000.0,3,0.6666666666666666,29,2,1,0,0,0,1,0,0,1,0,0,0,medio_baixo
3,10000.0,102,0.7450980392156863,9,2,1,0,0,1,1,0,0,0,0,1,0,medio_alto
7,10000.0,0,0.0,29,3,1,0,0,0,1,0,0,0,1,0,1,baixo
7,10000.0,19,0.6842105263157895,10,4,1,1,1,0,1,0,1,1,0,1,0,baixo
4,10000.0,0,0.0,1,2,1,0,0,2,1,0,0,1,0,0,0,baixo
7,10000.0,3,0.3333333333333333,1,2,1,0,0,0,0,0,0,0,0,0,1,alto
2,10000.0,2,1.0,1,2,1,0,0,0,1,0,0,1,0,0,0,baixo
1,0.0,0,0.0,1,2,1,1,1,0,0,0,0,1,0,0,0,gratuito
5,10000.0,194,0.845360824742268,1,2,1,0,0,0,1,0,0,0,0,0,1,medio_baixo
3,10000.0,0,0.0,4,3,1,0,0,1,0,0,0,0,1,0,0,gratuito
7,150000.0,1759,0.4877771461057419,11,2,1,0,0,3,1,0,0,0,0,0,1,medio_baixo
2,10000.0,0,0.0,4,4,1,0,0,0,1,0,1,1,1,0,0,alto
9,10000.0,8,0.875,2,3,1,0,0,0,1,0,0,1,0,0,0,medio_baixo
8,35000.0,113,0.7256637168141593,1,4,1,0,0,2,0,1,0,0,0,1,0,gratuito
4,0.0,0,0.0,1,5,1,0,0,0,0,0,0,0,1,1,1,gratuito
1,10000.0,2,1.0,1,3,1,0,0,0,1,0,1,0,1,0,0,medio_baixo
2,10000.0,5,0.6,1,1,1,0,0,0,0,0,1,0,0,0,0,baixo
1,0.0,0,0.0,0,0,1,0,0,0,0,0,0,0,0,0,0,gratuito
2,0.0,0,0.0,103,3,1,0,0,0,1,0,0,1,0,1,0,baixo
1,0.0,0,0.0,0,0,1,0,0,0,0,0,0,0,0,0,0,gratuito
2,0.0,0,0.0,0,0,1,0,0,0,0,0,0,0,0,0,0,gratuito
5,10000.0,0,0.0,1,1,1,0,0,0,0,0,0,0,0,0,1,alto
1,0.0,0,0.0,5,5,1,0,0,0,0,0,1,0,0,1,1,gratuito
6,10000.0,33,0.5151515151515151,1,3,1,0,0,0,1,1,1,0,0,0,0,medio_alto
1,0.0,0,0.0,16,3,1,0,0,0,1,1,1,0,0,0,0,medio_baixo
5,10000.0,11,0.5454545454545454,2,1,1,0,0,0,0,0,0,1,0,0,0,medio_alto
9,35000.0,149,0.4429530201342282,3,2,1,1,1,4,1,0,0,1,0,0,0,baixo
6,10000.0,126,0.753968253968254,13,3,1,0,0,1,1,0,1,1,0,0,0,medio_alto
9,10000.0,5,1.0,1,2,1,0,0,0,0,0,1,1,0,0,0,baixo
8,10000.0,20,1.0,3,2,1,1,0,0,1,0,1,0,0,0,0,gratuito
5,0.0,0,0.0,0,0,1,0,0,0,0,0,0,0,0,0,0,gratuito
5,10000.0,0,0.0,1,2,1,0,0,0,1,0,0,1,0,0,0,baixo
1,10000.0,0,0.0,11,1,1,1,1,3,0,0,1,0,0,0,0,alto
5,10000.0,83,0.7349397590361446,1,4,1,0,0,0,1,1,0,0,0,0,0,baixo
2,10000.0,7,0.8571428571428571,1,3,1,0,0,0,1,1,0,1,0,0,0,baixo
7,10000.0,16,0.4375,1,4,1,0,0,1,1,0,0,0,0,0,1,baixo
6,10000.0,2,1.0,7,2,1,0,0,0,1,0,0,1,0,0,0,medio_baixo
10,10000.0,2,0.0,1,2,1,0,0,0,1,1,0,0,0,0,0,medio_alto
9,75000.0,451,0.926829268292683,4,2,1,1,1,0,1,0,1,0,0,0,0,baixo
1,10000.0,0,0.0,21,4,1,0,0,1,1,0,1,1,0,1,0,alto
8,10000.0,0,0.0,1,2,1,0,0,0,1,0,0,1,0,0,0,alto
2,10000.0,10,0.6,2,3,1,0,0,0,1,0,0,0,0,1,0,gratuito
1,0.0,0,0.0,0,0,1,0,0,0,0,0,0,0,0,0,0,gratuito
10,10000.0,124,0.9032258064516129,1,2,1,1,1,1,1,0,1,0,0,0,0,alto
2,10000.0,0,0.0,1,2,1,0,0,0,0,0,1,0,1,0,0,alto
2,10000.0,8,1.0,1,2,1,0,0,0,1,1,0,0,0,0,0,alto
3,10000.0,1,1.0,2,3,1,0,0,0,0,1,1,0,0,0,0,alto
2,10000.0,794,0.9622166246851386,3,3,1,0,1,1,1,1,1,0,0,0,0,alto
2,10000.0,60,0.7333333333333333,1,3,1,0,0,1,0,1,1,0,1,0,0,alto
8,10000.0,0,0.0,1,3,1,0,0,0,0,1,1,0,0,0,0,gratuito
2,0.0,0,0.0,0,0,1,0,0,0,0,0,0,0,0,0,0,gratuito
3,750000.0,8865,0.7686407219402144,13,2,1,0,0,0,0,1,1,0,0,0,0,alto
8,10000.0,32,0.6875,1,3,1,0,0,0,1,0,0,1,0,0,1,baixo
5,10000.0,7,0.2857142857142857,10,4,1,0,0,0,1,1,0,1,0,1,0,baixo
2,10000.0,54,0.9814814814814815,2,4,1,0,0,0,1,0,1,1,1,0,0,medio_baixo
3,10000.0,1,1.0,9,3,1,0,0,0,1,1,0,1,0,0,0,medio_alto
4,10000.0,3,1.0,1,3,1,0,0,0,0,1,0,1,0,0,0,medio_baixo
2,10000.0,2,1.0,1,2,1,0,0,0,0,0,0,1,1,0,0,baixo
11,150000.0,793,0.6771752837326608,7,2,1,1,0,0,1,0,1,0,0,0,0,baixo
4,35000.0,95,0.9789473684210527,1,4,1,1,1,0,1,1,0,1,0,0,0,medio_alto
2,0.0,0,0.0,1,3,1,0,0,0,1,0,1,0,0,0,0,gratuito
5,10000.0,0,0.0,1,2,1,0,0,1,1,0,0,1,0,0,0,baixo
1,35000.0,1023,0.9530791788856305,1,2,1,0,0,0,1,1,0,0,0,0,0,alto
2,10000.0,2,1.0,2,5,1,0,0,0,1,1,1,1,1,0,0,medio_alto
2,10000.0,11,0.8181818181818182,1,3,1,0,0,0,0,0,1,1,0,0,0,medio_alto
5,350000.0,8853,0.8422003840506043,9,4,1,0,1,1,1,0,1,0,1,0,1,alto
2,35000.0,28,0.7142857142857143,3,4,1,0,0,0,1,1,1,0,0,0,1,baixo
9,35000.0,146,0.5958904109589042,1,2,1,0,0,0,1,1,0,0,0,0,0,gratuito
2,10000.0,0,0.0,26,5,1,0,0,0,1,1,0,1,0,0,1,gratuito
4,10000.0,4,1.0,1,2,1,0,0,0,1,0,0,1,0,0,0,medio_baixo
5,10000.0,19,0.6842105263157895,18,4,1,0,0,0,1,1,1,1,0,0,0,baixo
2,10000.0,79,0.7468354430379747,4,2,1,0,0,1,0,0,1,1,0,0,0,alto
8,10000.0,67,0.8805970149253731,1,5,1,1,1,1,1,1,1,0,1,1,0,medio_baixo
3,75000.0,770,0.8337662337662337,4,2,1,0,0,0,0,1,0,0,1,0,0,alto
5,10000.0,2,1.0,1,1,1,0,0,1,0,0,1,0,0,0,0,alto
6,10000.0,3,1.0,1,2,1,0,0,0,1,1,0,0,0,0,0,baixo
1,0.0,0,0.0,0,0,1,0,0,0,0,0,0,0,0,0,0,gratuito
5,0.0,0,0.0,0,0,1,0,0,0,0,0,0,0,0,0,0,gratuito
1,0.0,0,0.0,4,3,1,0,0,0,1,0,1,1,0,0,0,baixo
7,10000.0,2,0.5,1,2,1,0,0,0,1,1,0,0,0,0,0,medio_alto
3,10000.0,75,0.92,1,4,1,0,0,0,1,1,1,0,0,0,0,alto
4,10000.0,19,0.631578947368421,2,2,1,0,0,0,1,0,0,1,0,0,0,medio_baixo
8,10000.0,163,0.9079754601226994,1,3,1,1,0,2,1,0,0,1,1,0,0,medio_baixo
9,10000.0,106,0.49056603773584906,1,3,1,0,0,0,1,0,0,1,0,0,1,baixo
3,10000.0,2,0.5,1,2,1,0,0,0,1,0,1,0,0,0,0,medio_alto
4,10000.0,5,0.6,1,3,1,0,1,0,1,0,1,1,0,0,0,baixo
5,10000.0,8,0.875,1,2,1,0,0,0,0,0,1,1,0,0,0,medio_alto
2,10000.0,95,0.7263157894736842,1,3,1,0,0,0,1,0,0,0,1,1,0,medio_baixo
2,10000.0,0,0.0,1,3,1,0,0,0,1,1,0,1,0,0,0,medio_baixo
3,0.0,0,0.0,0,0,1,0,0,0,0,0,0,0,0,0,0,gratuito
1,0.0,0,0.0,9,2,1,0,0,0,1,1,0,0,0,0,0,medio_alto
9,10000.0,5,0.4,1,4,1,0,0,0,0,1,1,1,0,0,1,medio_baixo
2,10000.0,8,0.5,1,4,1,0,0,0,1,0,0,0,0,1,1,medio_alto
2,10000.0,7,1.0,26,2,1,0,0,0,1,0,0,1,0,0,0,baixo
8,10000.0,10,1.0,2,1,1,0,0,0,0,1,0,0,0,0,0,alto
4,0.0,0,0.0,29,5,1,0,0,2,1,0,0,1,1,0,1,gratuito
4,10000.0,5,0.4,4,1,1,0,0,0,0,0,0,1,0,0,0,medio_alto
8,35000.0,6,0.8333333333333334,1,5,1,0,0,0,1,1,1,1,0,0,0,medio_alto
2,150000.0,9,0.6666666666666666,1,2,1,1,0,0,1,0,1,0,0,0,0,medio_alto
1,10000.0,0,0.0,1,4,1,0,0,0,1,1,0,1,0,1,0,medio_alto
1,10000.0,44,0.7727272727272727,1,5,1,0,1,0,1,1,0,1,0,1,1,medio_alto
7,10000.0,12,0.8333333333333334,1,2,1,1,1,0,0,0,0,1,0,0,1,medio_baixo
4,10000.0,0,0.0,2,1,1,0,0,0,0,1,0,0,0,0,0,baixo
9,10000.0,25,0.56,2,6,1,0,0,0,1,1,1,0,0,0,0,alto
9,35000.0,428,0.5934579439252337,9,3,1,0,0,0,0,0,0,0,1,1,1,medio_baixo
7,10000.0,20,0.85,1,2,1,0,0,0,0,1,0,0,0,1,0,alto
3,0.0,0,0.0,29,6,1,0,0,8,1,0,1,1,1,0,1,gratuito
1,35000.0,384,0.953125,9,3,1,1,0,1,1,1,0,0,1,0,0,alto
8,75000.0,14,0.7142857142857143,3,1,1,0,0,0,0,0,1,0,0,0,0,gratuito
7,10000.0,18,0.7777777777777778,2,3,1,0,0,0,1,1,1,0,0,0,0,baixo
5,10000.0,108,0.8333333333333334,3,4,1,0,0,0,1,1,1,1,0,0,0,medio_baixo
1,10000.0,0,0.0,1,2,1,1,1,0,0,1,0,1,0,0,0,medio_alto
11,35000.0,220,0.7954545454545454,1,2,1,0,0,0,1,0,0,0,1,0,0,gratuito
2,10000.0,3,0.6666666666666666,7,2,1,0,0,0,1,0,0,1,0,0,0,medio_alto
2,10000.0,0,0.0,1,2,1,0,0,0,0,0,0,1,0,0,1,medio_alto
4,0.0,0,0.0,0,0,1,0,0,0,0,0,0,0,0,0,0,gratuito
5,0.0,0,0.0,0,0,1,0,0,0,0,0,0,0,0,0,0,gratuito
1,35000.0,445,0.8134831460674158,13,3,1,0,0,0,0,0,0,1,0,1,1,medio_alto
8,10000.0,9,1.0,1,3,1,0,0,0,1,1,0,1,0,0,0,medio_baixo
1,10000.0,2,0.5,26,5,1,0,0,0,1,1,1,1,0,0,1,medio_baixo
4,0.0,0,0.0,3,4,1,0,0,0,1,0,0,0,0,0,1,gratuito
1,0.0,0,0.0,103,1,1,0,1,0,0,0,0,1,0,0,0,medio_baixo
8,10000.0,38,0.7631578947368421,1,4,1,0,0,0,1,1,1,1,0,0,0,baixo
1,10000.0,16,1.0,4,1,1,0,0,0,0,1,0,0,0,0,0,medio_alto
9,10000.0,100,0.75,2,6,1,0,1,0,1,0,0,1,0,1,1,medio_alto
1,0.0,0,0.0,1,2,1,0,0,0,1,0,0,1,0,0,0,medio_baixo
7,3500000.0,14443,0.4403517274804403,12,1,1,0,0,1,0,1,0,0,0,0,0,medio_alto
3,10000.0,0,0.0,1,3,1,1,1,0,1,0,1,0,0,0,0,alto
9,10000.0,3,0.6666666666666666,1,1,1,0,0,0,0,0,0,0,0,0,0,baixo
2,10000.0,86,0.7558139534883721,14,4,1,1,1,0,1,0,0,1,0,1,1,baixo
2,10000.0,38,0.9473684210526315,2,2,1,0,0,0,0,1,1,0,0,0,0,baixo
6,10000.0,22,0.7272727272727273,15,3,1,0,0,0,1,0,0,1,0,0,1,gratuito
1,10000.0,0,0.0,4,2,1,0,0,0,0,0,1,0,1,0,0,medio_alto
2,0.0,0,0.0,1,4,1,1,1,0,1,0,0,1,1,0,0,gratuito
9,10000.0,10,1.0,1,4,1,0,0,0,1,1,1,0,1,0,0,medio_alto
5,0.0,0,0.0,1,3,1,0,0,0,0,0,0,0,0,0,0,gratuito
1,10000.0,11,0.8181818181818182,8,2,1,0,0,0,1,0,0,1,0,0,0,baixo
1,10000.0,0,0.0,1,4,1,0,0,0,1,1,1,1,0,0,0,baixo
1,10000.0,0,0.0,2,4,1,0,0,0,0,0,0,1,1,1,1,baixo
2,10000.0,8,0.75,4,4,1,0,0,0,1,1,0,1,1,0,0,medio_baixo
1,0.0,0,0.0,1,3,1,0,0,0,1,0,1,0,0,0,0,gratuito
7,350000.0,1449,0.6445824706694272,6,4,1,0,0,2,1,1,1,0,0,1,0,gratuito
6,10000.0,21,0.8571428571428571,1,3,1,0,0,0,0,1,0,1,0,0,0,gratuito
4,10000.0,19,0.9473684210526315,1,2,1,0,0,0,1,1,0,0,0,0,0,baixo
2,10000.0,0,0.0,1,5,1,0,0,0,1,1,1,0,0,0,1,baixo
4,10000.0,59,1.0,1,4,1,1,0,0,1,0,1,1,1,0,0,medio_alto
3,10000.0,43,0.8372093023255814,20,3,1,0,0,0,1,1,1,0,0,0,0,medio_baixo
11,35000.0,57,0.6140350877192983,1,3,1,0,0,0,1,0,1,0,1,0,0,baixo
2,0.0,0,0.0,3,3,1,1,1,1,1,0,0,1,0,0,0,gratuito
2,10000.0,1,0.0,1,4,1,0,1,0,1,0,0,1,0,1,1,medio_alto
3,0.0,0,0.0,3,3,1,0,0,0,0,0,0,0,0,0,0,gratuito
1,10000.0,5,0.4,11,4,1,0,0,0,1,0,0,1,0,1,1,baixo
2,10000.0,12,1.0,1,3,1,0,0,0,1,0,0,1,0,0,1,medio_baixo
1,0.0,0,0.0,0,0,1,0,0,0,0,0,0,0,0,0,0,gratuito
1,10000.0,35,0.5714285714285714,7,5,1,0,0,0,0,1,1,0,1,0,1,alto
8,10000.0,4,1.0,2,4,1,0,0,0,1,0,0,1,0,0,1,baixo
9,10000.0,6,0.5,3,2,1,0,0,3,0,0,0,0,0,0,0,medio_alto
1,10000.0,43,0.9302325581395349,1,4,1,0,0,0,1,1,0,1,0,0,0,alto
1,10000.0,0,0.0,2,3,1,0,0,1,1,0,1,1,0,0,0,alto
7,10000.0,15,0.6,1,3,1,0,0,0,1,1,0,0,0,1,0,baixo
8,10000.0,3,1.0,4,3,1,0,1,0,1,1,0,1,0,0,0,baixo
10,10000.0,15,0.2,1,1,1,0,0,0,1,0,0,0,0,0,0,medio_baixo
2,10000.0,44,0.8409090909090909,2,2,1,0,0,0,1,0,1,0,0,0,0,medio_baixo
2,10000.0,10,1.0,1,3,1,0,0,0,1,0,0,1,0,0,1,medio_alto
2,10000.0,27,1.0,1,3,1,0,0,0,1,1,1,0,0,0,0,medio_baixo
4,10000.0,0,0.0,1,4,1,0,0,3,1,0,1,1,1,0,0,medio_baixo
7,35000.0,693,0.8715728715728716,11,2,1,0,1,0,1,0,1,0,0,0,0,medio_baixo
1,0.0,0,0.0,0,0,1,0,0,0,0,0,0,0,0,0,0,gratuito
1,0.0,0,0.0,0,0,1,0,0,0,0,0,0,0,0,0,0,gratuito
1,0.0,0,0.0,1,3,1,0,0,0,1,0,0,1,0,1,0,medio_baixo
2,10000.0,1,1.0,1,2,1,0,0,0,1,0,0,1,0,0,0,medio_baixo
2,10000.0,8,1.0,11,3,1,0,0,0,1,0,0,0,0,0,1,alto
15,150000.0,310,0.3096774193548387,2,1,1,0,0,0,0,0,0,0,0,1,0,medio_alto
3,0.0,0,0.0,0,0,1,0,0,0,0,0,0,0,0,0,0,gratuito
8,10000.0,6,0.6666666666666666,1,4,1,0,0,0,1,1,1,0,0,0,0,medio_baixo
12,10000.0,47,0.5957446808510638,1,3,1,1,1,1,0,0,0,0,0,0,0,gratuito
2,35000.0,40,0.925,10,5,1,0,0,1,1,1,0,1,0,0,1,medio_baixo
2,10000.0,0,0.0,1,2,1,0,0,0,0,0,0,1,0,0,1,alto
8,10000.0,25,0.4,1,3,1,1,1,0,1,1,0,1,0,0,0,baixo
8,350000.0,4824,0.9618573797678275,9,2,1,0,0,0,1,0,1,0,0,0,0,medio_baixo
7,35000.0,337,0.7922848664688428,8,2,1,0,0,1,1,1,0,0,0,0,0,alto
3,10000.0,0,0.0,1,1,1,0,0,0,0,0,0,1,0,0,0,medio_alto
4,10000.0,0,0.0,1,2,1,0,0,0,1,0,1,0,0,0,0,baixo
12,10000.0,60,0.5,1,2,1,0,0,1,1,0,1,0,0,0,0,medio_alto
1,10000.0,6,1.0,1,4,1,0,0,0,1,1,0,0,0,1,1,alto
3,10000.0,0,0.0,1,2,1,0,0,2,1,0,0,1,0,0,0,baixo
1,10000.0,0,0.0,1,2,1,0,0,0,0,0,1,0,0,1,0,alto
9,10000.0,6,1.0,1,1,1,1,0,0,0,0,0,1,0,0,0,medio_baixo
4,10000.0,22,0.9545454545454546,7,2,1,0,0,0,1,0,0,1,0,0,0,medio_baixo
1,10000.0,0,0.0,1,3,1,0,0,1,0,0,1,0,1,0,1,alto
7,10000.0,78,0.6794871794871795,1,2,1,0,0,0,1,0,0,0,1,0,0,medio_baixo
11,75000.0,89,0.8089887640449438,4,1,1,1,1,0,0,0,1,0,0,0,0,medio_baixo
6,10000.0,212,0.7122641509433962,1,3,1,1,0,0,1,0,0,0,0,1,1,alto
7,10000.0,0,0.0,1,1,1,1,1,2,1,0,0,0,0,0,0,alto
2,10000.0,0,0.0,1,2,1,0,0,0,1,0,0,1,0,0,0,medio_baixo
1,0.0,0,0.0,1,4,1,0,0,0,1,1,1,0,0,0,0,gratuito
3,10000.0,12,0.3333333333333333,4,1,1,1,0,0,0,0,0,0,0,0,1,alto
3,10000.0,4,0.25,7,3,1,1,0,0,1,0,1,0,0,1,0,baixo
2,10000.0,1,1.0,1,2,1,0,0,0,1,0,1,0,0,0,0,baixo
5,10000.0,22,1.0,1,3,1,0,0,0,1,0,0,1,0,1,0,baixo
9,10000.0,0,0.0,2,1,0,1,0,0,0,0,0,0,0,0,0,alto
4,0.0,0,0.0,0,0,1,0,0,0,0,0,0,0,0,0,0,gratuito
2,10000.0,4,1.0,103,3,1,0,0,0,1,0,0,1,0,0,0,gratuito
5,0.0,0,0.0,0,0,1,0,0,0,0,0,0,0,0,0,0,gratuito
5,10000.0,4,0.5,3,5,1,0,0,0,1,1,1,0,1,1,0,medio_alto
1,10000.0,0,0.0,3,2,1,0,0,0,1,0,0,1,0,0,0,medio_baixo
5,35000.0,5,0.8,29,3,1,1,0,0,1,1,1,0,0,0,0,medio_alto
2,10000.0,11,1.0,1,3,1,1,0,0,1,1,0,0,0,1,0,medio_baixo
2,10000.0,103,0.9514563106796117,4,2,1,0,1,1,1,0,1,0,0,0,0,medio_alto
8,10000.0,43,0.6744186046511628,103,2,1,1,1,0,1,0,0,1,0,0,0,baixo
3,10000.0,61,0.7213114754098361,14,3,1,0,0,0,0,1,1,1,0,0,0,medio_baixo
5,10000.0,10,1.0,1,1,1,0,0,0,0,0,1,0,0,0,0,alto
2,10000.0,5,0.8,1,4,1,0,0,0,1,1,1,1,0,0,0,medio_baixo
3,10000.0,11,0.7272727272727273,1,3,1,0,0,0,1,1,1,0,0,0,0,medio_alto
6,10000.0,2,0.0,5,3,1,0,0,0,1,0,0,1,0,1,0,alto
6,10000.0,3,1.0,1,7,1,0,0,0,1,1,1,1,1,1,0,alto
8,10000.0,14,0.35714285714285715,1,3,1,1,0,1,0,0,1,1,1,0,0,baixo
3,10000.0,3,0.3333333333333333,1,2,1,0,0,0,1,0,0,0,1,0,0,medio_alto
10,1500000.0,14750,0.8176271186440678,12,3,1,0,1,8,0,1,1,0,0,1,0,medio_alto
8,10000.0,1,1.0,1,1,1,0,0,0,1,0,0,0,0,0,0,alto
9,10000.0,12,0.8333333333333334,6,3,1,0,0,0,1,0,0,1,0,1,0,medio_baixo
6,10000.0,2,0.0,1,2,1,0,0,0,0,0,0,0,0,1,1,medio_baixo
5,10000.0,12,0.6666666666666666,1,2,1,1,1,0,1,0,0,1,0,0,0,alto
3,75000.0,291,0.8487972508591065,5,4,1,0,0,0,1,1,1,0,1,0,0,alto
1,10000.0,0,0.0,19,6,1,0,0,0,0,1,0,1,0,0,1,baixo
2,10000.0,0,0.0,1,3,1,0,0,0,1,1,0,1,0,0,0,medio_baixo
1,10000.0,0,0.0,5,6,1,0,0,0,1,0,1,1,1,1,0,alto
1,0.0,0,0.0,1,4,1,0,0,0,1,0,0,1,0,1,1,medio_alto
8,35000.0,5,0.2,3,2,1,0,0,0,0,0,0,0,0,1,1,baixo
2,0.0,0,0.0,0,0,1,0,0,0,0,0,0,0,0,0,0,gratuito
8,10000.0,17,0.7647058823529411,21,3,1,0,0,0,1,1,1,0,0,0,0,medio_baixo
5,10000.0,18,0.7222222222222222,2,5,1,0,0,0,1,1,1,0,0,1,1,baixo
1,10000.0,0,0.0,12,3,1,0,0,0,1,0,0,1,0,0,1,medio_alto
4,10000.0,0,0.0,1,1,1,0,0,0,0,1,0,0,0,0,0,medio_baixo
1,10000.0,0,0.0,1,1,1,0,0,0,0,0,0,0,0,0,0,alto
7,35000.0,52,0.6346153846153846,28,3,1,0,0,0,0,1,0,0,0,0,0,gratuito
6,10000.0,0,0.0,1,2,1,0,0,0,0,1,1,0,0,0,0,alto
3,0.0,0,0.0,3,2,1,0,0,0,0,0,0,1,0,0,1,medio_baixo
2,0.0,0,0.0,0,0,1,0,0,0,0,0,0,0,0,0,0,gratuito
2,0.0,0,0.0,0,0,1,0,0,0,0,0,0,0,0,0,0,gratuito
7,10000.0,105,0.8095238095238095,1,4,1,0,0,0,1,1,1,0,1,0,0,medio_alto
6,10000.0,5,0.8,1,5,1,0,0,0,1,0,1,1,0,1,1,baixo
6,10000.0,18,0.8333333333333334,1,4,1,0,0,0,1,0,0,1,0,1,1,baixo
11,35000.0,81,0.6172839506172839,5,3,1,1,1,1,1,1,1,0,0,0,0,baixo
11,750000.0,7373,0.5176997151769972,8,1,1,0,0,0,0,0,0,0,0,0,0,gratuito
4,750000.0,5369,0.7984727137269511,11,2,1,0,0,2,0,0,0,0,1,1,0,alto
6,350000.0,8627,0.9192071403732468,29,8,1,1,1,1,1,1,1,0,1,1,1,baixo
1,10000.0,3,0.6666666666666666,17,2,1,0,0,0,0,1,0,0,0,0,1,alto
8,75000.0,408,0.8161764705882353,4,3,1,0,0,1,1,0,1,0,1,0,0,alto
4,10000.0,34,0.5294117647058824,2,3,1,0,0,0,1,0,1,0,0,0,1,baixo
1,10000.0,0,0.0,3,3,1,0,0,0,1,0,1,0,0,0,1,alto
3,10000.0,31,0.7419354838709677,6,3,1,0,0,0,1,0,0,1,0,0,1,medio_alto
7,10000.0,20,0.65,1,2,1,0,0,0,1,0,1,0,0,0,0,baixo
4,10000.0,0,0.0,1,2,1,0,0,0,0,0,0,0,0,0,1,alto
5,75000.0,22,0.8636363636363636,1,2,1,1,1,0,1,0,1,0,0,0,0,medio_baixo
4,10000.0,15,0.26666666666666666,1,2,1,0,0,0,0,0,1,1,0,0,0,medio_baixo
2,10000.0,1,1.0,1,3,1,0,1,0,1,1,0,1,0,0,0,medio_alto
3,35000.0,9,1.0,3,3,1,0,0,0,1,1,1,0,0,0,0,baixo
1,0.0,0,0.0,1,2,1,0,0,1,0,0,0,1,0,0,0,gratuito
10,10000.0,18,0.3888888888888889,1,4,1,1,1,0,0,1,0,0,0,1,1,alto
7,10000.0,14,1.0,2,3,1,0,0,0,1,0,1,1,0,0,0,medio_baixo
2,0.0,0,0.0,1,2,1,0,0,0,1,0,0,0,0,0,0,gratuito
4,10000.0,0,0.0,1,2,1,0,0,0,1,0,0,1,0,0,0,baixo
6,35000.0,15,1.0,3,3,1,0,0,0,1,1,0,1,0,0,0,baixo
3,35000.0,12,0.16666666666666666,1,2,1,0,0,0,1,0,0,1,0,0,0,medio_baixo
2,10000.0,12,0.8333333333333334,1,3,1,0,0,0,1,1,1,0,0,0,0,baixo
3,0.0,0,0.0,5,3,1,0,0,0,0,1,0,0,0,0,0,gratuito
2,10000.0,9,0.8888888888888888,1,2,1,0,0,0,1,0,0,0,1,0,0,medio_baixo
9,35000.0,89,0.48314606741573035,2,2,1,0,0,0,1,0,0,1,0,0,0,baixo
2,0.0,0,0.0,0,0,1,0,0,0,0,0,0,0,0,0,0,gratuito
1,10000.0,2,1.0,1,3,1,0,0,0,1,1,1,0,0,0,0,baixo
4,35000.0,20,0.9,7,1,1,0,0,0,0,1,0,0,0,0,0,medio_baixo
5,10000.0,4,0.75,1,3,1,0,0,0,1,0,0,1,0,0,0,medio_baixo
1,10000.0,0,0.0,1,3,1,0,0,0,1,0,1,0,0,0,1,medio_baixo
4,10000.0,11,0.45454545454545453,2,3,1,0,0,0,1,1,0,0,1,0,0,medio_baixo
10,75000.0,416,0.8004807692307693,7,3,1,0,0,0,0,1,0,1,0,1,0,medio_baixo
3,0.0,0,0.0,0,0,1,0,0,0,0,0,0,0,0,0,0,gratuito
6,10000.0,33,0.8181818181818182,2,5,1,0,0,0,1,1,0,1,1,1,0,baixo
9,10000.0,100,0.73,1,1,1,1,0,1,0,0,1,0,0,0,0,alto
1,10000.0,0,0.0,19,2,1,0,0,0,1,0,1,0,0,0,0,medio_baixo
4,10000.0,7,0.8571428571428571,1,3,1,0,0,0,1,0,0,1,0,1,0,gratuito
12,75000.0,377,0.4907161803713528,1,3,1,1,1,0,1,0,0,0,0,1,0,medio_baixo
1,10000.0,0,0.0,3,2,1,0,0,0,0,1,1,0,0,0,0,medio_baixo
4,0.0,0,0.0,1,2,1,0,0,0,1,0,0,0,0,0,0,gratuito
9,350000.0,135,0.8,7,2,1,1,1,1,1,0,1,0,0,0,0,baixo
4,10000.0,4,1.0,1,2,1,0,0,0,1,1,0,0,0,0,0,medio_baixo
2,10000.0,0,0.0,1,1,1,0,0,0,0,0,0,1,0,0,0,medio_baixo
4,10000.0,1,0.0,2,3,1,0,0,0,1,1,0,0,0,0,0,alto
4,0.0,0,0.0,0,0,1,0,0,0,0,0,0,0,0,0,0,gratuito
2,10000.0,22,0.9090909090909091,1,2,1,0,0,0,1,0,0,0,1,0,0,medio_baixo
5,10000.0,30,0.8666666666666667,1,2,1,0,0,1,1,1,0,0,0,0,0,medio_alto
1,10000.0,1,1.0,1,3,1,0,0,0,1,1,0,1,0,0,0,baixo
7,75000.0,537,0.9124767225325885,1,4,1,1,0,0,1,0,1,0,1,1,0,medio_alto
3,0.0,0,0.0,1,1,1,0,0,1,0,0,0,0,0,0,1,gratuito
1,10000.0,0,0.0,1,2,1,0,0,0,1,0,0,1,0,0,0,alto
1,10000.0,1,1.0,1,3,1,0,0,0,0,0,0,0,1,1,0,medio_baixo
2,10000.0,8,0.625,5,3,1,0,0,0,1,1,0,0,0,0,0,gratuito
3,10000.0,8,0.875,1,3,1,0,0,0,1,1,1,0,0,0,0,medio_alto
2,350000.0,2921,0.8123930160903801,3,4,1,1,0,1,1,0,0,1,0,1,1,alto
3,10000.0,43,0.9767441860465116,3,1,1,0,0,0,1,0,0,0,0,0,0,medio_alto
5,0.0,0,0.0,1,4,1,0,0,0,0,1,0,0,0,0,1,gratuito
3,10000.0,2,0.5,2,4,1,0,0,0,1,1,0,1,0,1,0,baixo
4,35000.0,235,0.6680851063829787,9,2,1,0,0,0,0,1,1,0,0,0,0,alto
9,10000.0,91,0.5054945054945055,2,2,1,0,0,0,1,0,1,0,0,0,0,baixo
10,35000.0,125,0.424,9,1,1,0,0,0,0,0,0,0,0,0,1,medio_baixo
6,35000.0,9,0.1111111111111111,1,2,1,0,0,0,1,0,0,1,0,0,0,medio_baixo
2,10000.0,0,0.0,2,4,1,0,1,0,0,1,0,0,0,0,0,gratuito
3,10000.0,6,0.8333333333333334,1,3,1,0,0,0,0,1,0,1,0,1,0,medio_baixo
1,75000.0,1086,0.7486187845303868,9,5,1,0,0,0,1,1,1,0,1,0,1,alto
8,10000.0,6,0.8333333333333334,1,3,1,0,0,0,1,1,1,0,0,0,0,medio_baixo
19,150000.0,715,0.7678321678321678,2,1,1,0,0,0,0,0,1,0,0,0,0,baixo
1,35000.0,646,0.8606811145510835,13,3,1,0,0,1,1,1,0,0,0,1,0,alto
7,150000.0,2879,0.7377561653351858,8,1,1,1,1,2,1,0,0,0,0,0,0,medio_alto
5,10000.0,179,0.9608938547486033,3,2,1,0,0,0,0,0,0,1,0,0,1,medio_alto
7,10000.0,11,0.36363636363636365,2,4,1,0,0,0,1,0,1,1,1,0,0,baixo
3,10000.0,28,0.6428571428571429,1,4,1,0,0,0,1,1,1,0,0,0,1,medio_alto
2,75000.0,834,0.9448441247002398,3,2,1,0,0,0,1,0,1,0,0,0,0,medio_baixo
6,150000.0,32,0.71875,1,3,1,0,0,0,1,1,1,0,0,0,0,medio_alto
1,10000.0,0,0.0,3,1,1,0,0,0,0,0,0,0,0,0,1,alto
8,350000.0,1647,0.7328476017000607,9,1,1,0,0,11,0,0,0,0,0,0,1,baixo
12,75000.0,223,0.8878923766816144,2,2,1,0,0,1,1,1,0,0,0,0,0,medio_baixo
9,10000.0,3,1.0,1,4,1,0,0,0,1,1,0,0,0,0,0,alto
8,10000.0,4,1.0,1,4,1,0,0,0,1,1,0,1,0,0,0,medio_baixo
9,35000.0,11,0.7272727272727273,2,5,1,0,0,0,1,0,1,1,1,1,0,baixo
2,0.0,0,0.0,1,4,1,0,0,0,1,1,0,1,0,0,0,gratuito
5,10000.0,2,1.0,1,5,1,0,0,0,1,1,1,0,0,0,1,medio_baixo
1,0.0,0,0.0,0,0,1,0,0,0,0,0,0,0,0,0,0,gratuito
8,35000.0,37,0.32432432432432434,1,4,1,0,0,0,1,1,1,1,0,0,0,baixo
3,10000.0,24,0.6666666666666666,1,2,1,0,0,0,1,0,0,1,0,0,0,baixo
10,10000.0,9,0.3333333333333333,1,1,1,0,0,0,1,0,0,0,0,0,0,alto
6,10000.0,8,1.0,1,1,1,0,0,0,0,1,0,0,0,0,0,baixo
4,35000.0,12,1.0,1,3,1,1,0,0,1,0,1,1,0,0,0,alto
4,10000.0,10,0.6,1,5,1,0,0,0,1,0,1,1,0,0,1,baixo
7,10000.0,7,0.8571428571428571,1,1,1,0,0,0,0,0,1,0,0,0,0,baixo
1,10000.0,2,1.0,1,4,1,0,0,0,1,0,0,1,0,1,0,baixo
13,3500000.0,57263,0.893980406195973,9,2,1,0,0,6,0,1,1,0,0,0,0,medio_alto
1,0.0,0,0.0,0,0,1,0,0,0,0,0,0,0,0,0,0,gratuito
6,35000.0,105,0.4,7,2,1,0,0,0,0,0,0,0,0,0,1,medio_alto
6,10000.0,36,0.6944444444444444,10,3,1,0,0,1,1,1,1,0,0,0,0,alto
12,35000.0,48,0.6458333333333334,2,1,1,0,0,0,0,0,0,0,0,1,0,baixo
2,10000.0,24,0.7916666666666666,3,2,1,0,0,0,1,0,0,0,0,0,0,gratuito
16,1500000.0,30957,0.9554866427625416,8,2,1,0,0,0,0,1,0,0,1,0,0,alto
3,3500000.0,84332,0.9429042356400892,15,6,1,0,0,8,1,1,1,1,0,0,1,gratuito
4,10000.0,0,0.0,1,4,1,0,0,0,1,1,0,1,0,0,0,medio_baixo
11,350000.0,1478,0.8362652232746955,7,2,1,1,1,1,1,0,1,0,0,0,0,baixo
8,75000.0,273,0.5457875457875457,1,2,1,0,0,0,1,0,0,1,0,0,0,baixo
5,150000.0,700,0.8928571428571429,9,3,1,0,0,0,1,0,1,1,0,0,0,medio_baixo
5,0.0,0,0.0,0,0,1,0,0,0,0,0,0,0,0,0,0,gratuito
4,10000.0,2,0.5,1,1,1,0,0,0,0,0,0,1,0,0,0,medio_alto
4,10000.0,9,0.7777777777777778,1,1,1,0,0,0,0,1,0,0,0,0,0,medio_baixo
7,10000.0,87,0.9080459770114943,29,3,1,0,0,0,1,0,0,1,0,0,1,baixo
9,10000.0,34,0.6176470588235294,3,4,1,0,0,0,1,0,0,0,0,1,0,alto
3,0.0,0,0.0,2,4,1,0,0,0,1,1,1,0,1,0,0,gratuito
10,35000.0,620,0.6693548387096774,2,1,1,0,0,0,0,0,0,0,1,0,0,medio_alto
1,0.0,0,0.0,1,3,1,1,1,0,1,0,0,1,0,0,1,medio_alto
9,10000.0,1,0.0,1,2,1,0,0,0,0,1,0,0,0,0,1,medio_baixo
6,10000.0,3,1.0,1,1,1,1,1,0,0,0,0,0,0,1,0,baixo
5,150000.0,1497,0.9385437541750167,103,3,1,0,0,25,1,0,0,1,0,0,0,gratuito
6,10000.0,0,0.0,6,2,1,0,0,0,1,1,0,0,0,0,0,medio_alto
9,35000.0,382,0.837696335078534,12,2,1,1,0,1,1,0,1,0,0,0,0,baixo
19,75000.0,311,0.8778135048231511,5,2,1,0,0,0,0,1,0,0,0,1,0,medio_baixo
1,0.0,0,0.0,2,4,1,0,0,0,1,1,1,0,1,0,0,medio_baixo
2,0.0,0,0.0,0,0,1,0,0,0,0,0,0,0,0,0,0,gratuito
1,10000.0,0,0.0,13,5,1,0,0,0,1,0,1,1,0,0,1,alto
3,0.0,0,0.0,1,5,1,0,0,0,0,1,0,1,0,0,0,gratuito
4,10000.0,0,0.0,1,3,1,1,1,9,1,0,1,1,0,0,0,medio_baixo
4,0.0,0,0.0,0,0,1,0,0,0,0,0,0,0,0,0,0,gratuito
8,35000.0,238,0.6512605042016807,1,2,1,0,0,1,1,0,0,0,0,1,0,alto
5,35000.0,10,1.0,7,3,1,0,0,0,0,1,1,1,0,0,0,medio_alto
2,0.0,0,0.0,103,4,1,0,0,0,1,0,0,1,0,0,1,medio_baixo
8,10000.0,44,0.1590909090909091,3,1,1,0,0,0,0,0,1,0,0,0,0,baixo
3,10000.0,2,0.5,9,2,1,0,0,0,1,0,0,1,0,0,0,medio_baixo
3,10000.0,220,0.6954545454545454,10,3,1,0,0,1,1,0,0,0,0,1,1,medio_alto
1,10000.0,0,0.0,14,3,1,0,0,0,1,0,1,1,0,0,0,medio_baixo
1,0.0,0,0.0,1,5,1,0,0,1,1,0,1,0,1,0,0,gratuito
1,0.0,0,0.0,0,0,1,0,0,0,0,0,0,0,0,0,0,gratuito
2,10000.0,1,1.0,1,2,1,0,0,0,1,0,0,1,0,0,0,medio_baixo
2,10000.0,2,1.0,1,2,1,0,0,0,1,0,1,0,0,0,0,alto
4,10000.0,0,0.0,3,2,1,0,0,1,1,0,0,0,1,0,0,medio_alto
5,35000.0,4,0.5,1,2,1,0,0,0,0,0,0,0,0,1,1,baixo
1,0.0,0,0.0,1,5,1,1,1,0,1,1,1,1,1,0,0,medio_alto
3,10000.0,0,0.0,1,3,1,1,0,0,0,0,0,1,1,0,1,alto
8,10000.0,2,0.5,1,3,1,0,0,0,1,0,1,0,0,0,1,baixo
1,0.0,0,0.0,3,2,1,0,0,0,1,1,0,0,0,0,0,medio_alto
5,0.0,0,0.0,1,3,1,0,0,0,0,0,1,1,0,0,0,gratuito
1,10000.0,0,0.0,6,3,1,0,0,1,1,0,0,0,0,1,1,alto
1,0.0,0,0.0,0,0,1,0,0,0,0,0,0,0,0,0,0,gratuito
4,10000.0,6,0.5,2,4,1,0,0,0,1,1,0,1,0,0,0,medio_baixo
6,10000.0,24,0.625,1,1,1,1,0,0,1,0,0,0,0,0,0,baixo
1,10000.0,0,0.0,5,3,1,0,0,0,0,1,1,1,0,0,0,medio_baixo
1,10000.0,0,0.0,2,4,1,0,0,0,1,0,1,0,1,1,0,alto
8,10000.0,6,0.16666666666666666,1,2,1,0,0,0,0,1,0,0,0,0,1,medio_baixo
5,750000.0,12756,0.8461116337409846,5,2,1,0,0,8,0,1,0,0,0,0,1,alto
1,10000.0,2,0.0,32,3,1,0,0,0,1,0,1,0,1,0,0,medio_alto
1,10000.0,0,0.0,1,3,1,0,0,0,0,1,0,1,0,0,0,medio_alto
8,10000.0,2,0.5,1,2,1,0,0,0,0,1,0,0,0,1,0,baixo
5,0.0,0,0.0,0,0,1,0,0,0,0,0,0,0,0,0,0,gratuito
8,75000.0,644,0.9177018633540373,9,2,1,0,0,0,1,0,1,0,0,0,0,alto
9,10000.0,16,0.8125,5,1,1,0,0,1,0,0,0,1,0,0,0,medio_baixo
1,10000.0,39,0.8717948717948718,30,1,1,0,0,0,0,0,0,1,0,0,0,baixo
10,10000.0,110,0.45454545454545453,1,4,1,0,0,0,1,1,0,0,0,0,0,gratuito
2,35000.0,585,0.8564102564102564,10,2,1,0,0,2,1,0,0,0,0,1,0,alto
1,10000.0,4,1.0,2,3,1,1,0,0,1,1,1,0,0,0,0,medio_baixo
6,10000.0,19,0.8421052631578947,7,5,1,0,0,0,1,1,1,1,0,1,0,baixo
4,35000.0,30,0.9333333333333333,1,2,1,1,1,0,1,0,0,1,0,0,0,baixo
7,3500000.0,73471,0.9398538198745083,15,1,1,1,1,3,1,0,0,0,0,0,0,medio_alto
3,10000.0,1,0.0,1,2,1,0,0,0,1,0,0,1,0,0,0,baixo
10,35000.0,96,0.7083333333333334,2,2,1,1,1,0,1,0,0,0,0,0,0,baixo
6,10000.0,2,0.5,1,7,1,1,1,0,1,1,1,1,0,1,1,medio_alto
1,10000.0,0,0.0,1,1,1,0,0,0,0,0,0,0,0,1,0,baixo
11,35000.0,163,0.6319018404907976,10,4,1,0,0,2,1,1,1,0,1,0,0,alto
2,0.0,0,0.0,0,0,1,0,0,0,0,0,0,0,0,0,0,gratuito
1,0.0,0,0.0,1,1,1,0,0,0,1,0,0,0,0,0,0,baixo
8,10000.0,19,0.47368421052631576,1,3,1,0,1,0,1,1,1,0,0,0,0,medio_baixo
4,10000.0,26,0.8846153846153846,1,3,1,0,0,0,1,1,1,0,0,0,0,alto
10,35000.0,358,0.9608938547486033,3,2,1,0,0,1,1,1,0,0,0,0,0,medio_baixo
3,35000.0,1,1.0,1,3,1,0,0,0,1,0,1,0,0,1,0,medio_baixo
1,10000.0,0,0.0,2,5,1,0,0,0,1,1,0,0,0,1,1,alto
4,75000.0,793,0.7604035308953342,13,3,1,1,1,1,1,0,0,0,0,1,1,medio_baixo
1,10000.0,0,0.0,1,4,1,0,0,0,1,1,0,1,0,0,0,gratuito
2,10000.0,3,1.0,1,4,1,0,0,0,1,0,1,1,0,1,0,baixo
5,10000.0,180,0.8777777777777778,1,3,1,0,0,0,0,0,0,0,0,0,0,alto
2,0.0,0,0.0,103,2,1,1,0,0,0,1,0,0,0,0,0,gratuito
9,10000.0,43,0.9069767441860465,11,3,1,1,1,0,1,1,0,1,0,0,0,medio_alto
1,0.0,0,0.0,0,0,1,0,0,0,0,0,0,0,0,0,0,gratuito
4,75000.0,226,0.9513274336283186,2,3,1,0,0,0,1,0,0,1,1,0,0,medio_baixo
2,75000.0,562,0.7722419928825622,9,3,1,0,0,0,1,1,0,0,0,1,0,medio_baixo
17,35000.0,432,0.9837962962962963,1,3,1,0,0,0,1,0,0,1,0,1,0,medio_alto
1,10000.0,0,0.0,103,3,1,1,0,0,1,0,0,1,0,0,1,baixo
4,35000.0,18,0.8333333333333334,1,2,1,0,0,0,1,0,0,0,1,0,0,medio_alto
8,10000.0,7,0.8571428571428571,1,2,1,1,0,0,1,1,0,0,0,0,0,baixo
3,35000.0,4,0.5,1,2,1,0,0,0,0,0,1,1,0,0,0,medio_alto
6,10000.0,0,0.0,2,1,1,0,0,0,1,0,0,0,0,0,0,medio_baixo
2,0.0,0,0.0,1,5,1,0,0,0,1,1,1,0,0,0,0,gratuito
1,0.0,0,0.0,0,0,1,0,0,0,0,0,0,0,0,0,0,gratuito
1,10000.0,19,0.5789473684210527,1,4,1,0,0,0,1,1,0,1,0,0,1,medio_baixo
3,0.0,0,0.0,1,3,1,0,0,0,1,1,0,0,0,0,0,gratuito
1,10000.0,25,0.96,3,2,1,0,0,0,1,0,0,1,0,0,0,medio_alto
5,10000.0,164,0.8475609756097561,6,3,1,0,0,1,1,1,1,0,0,0,0,medio_alto
8,10000.0,355,0.9267605633802817,1,3,1,1,1,0,1,0,1,0,1,0,0,medio_alto
10,35000.0,206,0.6213592233009708,6,1,1,1,0,0,0,0,1,0,0,0,0,baixo
1,0.0,0,0.0,0,0,1,0,0,0,0,0,0,0,0,0,0,gratuito
4,10000.0,8,0.5,4,3,1,0,0,0,0,1,1,0,1,0,0,medio_baixo
1,10000.0,1,0.0,2,2,1,0,0,0,1,1,0,0,0,0,0,medio_alto
4,35000.0,124,0.6532258064516129,2,5,1,1,1,3,0,0,0,0,0,1,1,gratuito
2,10000.0,288,0.9583333333333334,2,1,1,0,0,1,0,0,1,0,0,0,0,alto
4,10000.0,6,1.0,3,3,1,0,0,0,1,0,1,1,0,0,0,medio_baixo
2,0.0,0,0.0,0,0,1,0,0,0,0,0,0,0,0,0,0,gratuito
6,10000.0,5,1.0,2,2,1,0,0,0,1,0,1,0,0,0,0,medio_baixo
2,10000.0,1,1.0,1,3,1,1,0,0,1,0,0,0,0,0,1,medio_baixo
4,0.0,0,0.0,0,0,1,0,0,0,0,0,0,0,0,0,0,gratuito
1,10000.0,6,1.0,1,3,1,0,0,0,1,1,0,1,0,0,0,baixo
4,35000.0,442,0.7239819004524887,2,2,1,0,0,2,1,0,0,0,0,1,0,medio_alto
3,10000.0,2,0.5,1,2,1,0,0,0,1,0,0,0,1,0,0,medio_baixo
7,10000.0,45,0.6666666666666666,1,5,1,0,0,0,1,1,1,0,1,0,0,gratuito
4,10000.0,17,0.8823529411764706,1,3,1,1,1,0,1,0,1,0,0,1,0,gratuito
4,10000.0,3,0.6666666666666666,5,4,1,0,0,0,0,0,0,1,1,0,1,medio_alto
7,10000.0,2,1.0,1,2,1,0,0,0,1,0,0,1,0,0,0,medio_alto
4,0.0,0,0.0,0,0,1,0,0,0,0,0,0,0,0,0,0,gratuito
10,35000.0,686,0.706997084548105,1,4,1,0,0,0,1,1,0,0,1,1,0,medio_alto
3,10000.0,6,0.3333333333333333,26,5,1,0,0,0,1,1,0,0,1,0,1,baixo
5,10000.0,3,0.0,5,2,1,0,0,0,1,1,0,0,0,0,0,baixo
3,0.0,0,0.0,0,0,1,0,0,0,0,0,0,0,0,0,0,gratuito
2,10000.0,43,0.9302325581395349,6,2,1,0,0,0,1,0,0,0,0,1,0,medio_baixo
4,10000.0,60,0.6,6,5,1,0,0,0,1,1,1,0,1,0,1,medio_baixo
9,10000.0,29,0.8620689655172413,1,2,1,1,0,0,1,0,0,1,0,0,0,medio_baixo
6,0.0,0,0.0,0,0,1,1,0,0,0,0,0,0,0,0,0,gratuito
1,0.0,0,0.0,2,2,1,0,0,0,0,1,1,0,0,0,0,medio_alto
5,10000.0,52,0.9230769230769231,2,2,1,0,0,0,1,1,0,0,0,0,0,baixo
2,10000.0,0,0.0,1,3,1,0,0,0,1,0,0,1,0,0,0,medio_alto
8,10000.0,21,0.9047619047619048,4,1,1,1,0,0,0,0,0,1,0,0,0,medio_alto
7,35000.0,76,0.7236842105263158,1,1,1,0,0,0,0,0,0,0,0,0,0,alto
1,10000.0,0,0.0,1,5,1,1,0,0,1,0,1,0,1,0,0,gratuito
3,10000.0,1,0.0,12,2,1,0,0,0,1,0,0,1,0,0,0,baixo
1,10000.0,0,0.0,30,2,1,1,1,0,0,0,0,1,0,0,1,medio_baixo
4,10000.0,23,0.8260869565217391,1,2,1,0,0,0,1,0,0,0,0,1,0,medio_baixo
10,35000.0,184,0.5489130434782609,12,3,1,1,1,1,1,0,0,1,0,0,1,medio_baixo
3,10000.0,3,0.3333333333333333,1,3,1,0,0,0,1,1,0,0,0,0,1,medio_baixo
3,150000.0,4742,0.8612399831294812,6,1,1,0,0,0,0,1,0,0,0,0,0,alto
4,10000.0,1,1.0,1,1,1,0,0,0,1,0,0,0,0,0,0,medio_alto
11,350000.0,17331,0.9582828457676995,28,3,1,0,0,0,1,0,1,1,0,0,0,baixo
1,10000.0,0,0.0,4,3,1,0,0,0,1,0,1,0,1,0,0,medio_baixo
5,0.0,0,0.0,1,1,1,0,0,0,0,0,1,0,0,0,0,gratuito
2,10000.0,117,0.7948717948717948,4,2,1,0,0,0,1,0,0,0,0,1,0,medio_alto
5,10000.0,1454,0.9154057771664375,3,5,1,0,0,1,1,0,1,1,1,0,1,medio_alto
1,10000.0,6,1.0,5,5,1,0,0,0,1,0,0,1,1,1,1,baixo
2,10000.0,17,0.8823529411764706,10,3,1,0,0,0,1,1,1,0,0,0,0,medio_baixo
4,10000.0,29,0.7931034482758621,1,5,1,0,0,0,1,1,1,1,0,0,1,medio_alto
7,350000.0,1923,0.874154966198648,3,3,1,0,0,0,1,1,0,0,0,0,0,gratuito
8,10000.0,14,0.14285714285714285,1,5,1,1,1,0,1,0,0,1,0,1,0,baixo
1,0.0,0,0.0,3,2,1,0,0,0,1,0,0,0,0,0,1,medio_alto
1,10000.0,4,1.0,27,1,1,0,1,0,1,0,0,0,0,0,0,medio_alto
3,0.0,0,0.0,0,0,1,0,0,0,0,0,0,0,0,0,0,gratuito
2,10000.0,3,0.6666666666666666,1,2,1,0,0,0,1,0,1,0,0,0,0,medio_alto
10,10000.0,7,0.7142857142857143,1,1,1,0,0,0,1,0,0,0,0,0,0,baixo
5,10000.0,22,0.45454545454545453,1,1,1,0,0,0,0,0,0,0,0,0,1,baixo
2,10000.0,138,0.7681159420289855,1,2,1,0,0,0,1,0,1,0,0,0,0,medio_baixo
4,75000.0,6,1.0,1,1,1,0,0,0,0,0,0,0,0,1,0,baixo
6,10000.0,1,0.0,11,2,1,0,0,0,1,1,0,0,0,0,0,medio_alto
1,0.0,0,0.0,1,4,1,0,0,0,1,1,1,1,0,0,0,alto
3,10000.0,4,0.25,1,2,1,1,0,0,0,0,0,0,0,1,1,medio_alto
3,10000.0,0,0.0,1,4,1,0,0,0,1,1,1,1,0,0,0,medio_alto
8,10000.0,14,0.9285714285714286,2,1,1,0,0,0,0,0,0,0,1,0,0,medio_baixo
1,0.0,0,0.0,2,3,1,0,0,0,1,0,0,1,0,1,0,medio_baixo
1,10000.0,0,0.0,1,3,1,1,1,0,0,0,0,1,0,0,1,medio_baixo
2,10000.0,8,0.75,11,3,1,0,0,0,1,0,0,1,0,0,1,medio_alto
1,10000.0,22,0.8636363636363636,1,1,1,0,0,0,1,0,0,0,0,0,0,medio_alto
8,10000.0,60,0.4666666666666667,3,4,1,0,0,0,1,1,0,0,0,0,0,baixo
6,150000.0,336,0.7351190476190477,9,2,1,1,1,1,1,0,1,0,0,0,0,baixo
1,0.0,0,0.0,0,0,1,0,0,0,0,0,0,0,0,0,0,gratuito
2,10000.0,66,0.5757575757575758,1,5,1,0,0,0,1,0,1,1,1,0,1,alto
8,10000.0,168,0.9107142857142857,4,1,1,0,0,2,0,1,0,0,0,0,0,medio_alto
2,10000.0,4,1.0,1,2,1,0,0,0,1,0,1,0,0,0,0,medio_baixo
9,10000.0,5,0.8,1,1,1,0,0,0,0,0,0,1,0,0,0,baixo
9,35000.0,25,0.96,1,2,1,1,1,0,1,0,0,1,0,0,0,medio_alto
7,75000.0,1410,0.9375886524822695,1,5,1,0,0,0,1,1,1,1,0,0,0,gratuito
2,10000.0,29,0.9655172413793104,1,3,1,0,0,0,0,1,1,0,0,0,0,gratuito
1,10000.0,0,0.0,1,6,1,0,0,0,1,1,1,1,1,0,1,medio_alto
5,150000.0,1102,0.8058076225045372,10,2,1,0,0,0,1,0,1,0,0,0,0,medio_baixo
3,35000.0,136,0.8382352941176471,6,3,1,0,0,0,1,1,0,1,0,0,0,medio_baixo
2,10000.0,243,0.8888888888888888,11,2,1,0,0,1,1,1,0,0,0,0,0,alto
7,10000.0,152,0.7105263157894737,1,4,1,0,1,0,1,0,0,1,1,1,0,gratuito
12,350000.0,1577,0.49587824984147116,1,4,1,1,0,0,1,1,0,0,1,1,0,gratuito
18,75000.0,204,0.9117647058823529,1,1,1,0,0,0,0,0,0,1,0,0,0,medio_baixo
5,10000.0,15,0.6666666666666666,2,3,1,0,0,0,1,1,1,0,0,0,0,alto
1,10000.0,0,0.0,1,3,1,0,0,0,1,1,0,0,0,0,0,medio_alto
1,10000.0,9,1.0,10,3,1,0,0,0,1,0,0,0,1,0,0,gratuito
9,150000.0,85,0.8941176470588236,4,2,1,0,1,0,1,1,0,0,0,0,0,baixo
2,10000.0,808,0.8873762376237624,15,2,1,0,0,0,1,0,1,0,0,0,0,medio_alto
8,350000.0,1854,0.906688241639698,29,3,1,0,0,3,1,0,0,1,0,0,1,baixo
4,35000.0,33,0.9393939393939394,1,3,1,0,0,9,1,0,0,1,0,0,0,gratuito
5,0.0,0,0.0,0,0,1,0,0,0,0,0,0,0,0,0,0,gratuito
2,10000.0,2,1.0,1,4,1,0,0,0,0,1,0,1,1,1,0,medio_baixo
1,10000.0,0,0.0,3,3,1,0,0,0,1,0,1,0,1,0,0,alto
3,1500000.0,66693,0.9835964793906407,12,2,1,0,0,1,1,1,0,0,0,0,0,alto
1,10000.0,0,0.0,2,2,1,0,0,0,0,0,1,0,0,0,0,alto
2,10000.0,0,0.0,1,1,1,1,1,0,0,0,0,1,0,0,0,alto
3,10000.0,1,1.0,1,4,1,0,0,0,1,1,0,1,1,0,0,medio_baixo
3,0.0,0,0.0,0,0,1,0,0,0,0,0,0,0,0,0,0,gratuito
1,0.0,0,0.0,1,2,1,0,0,0,0,0,0,0,0,1,0,gratuito
10,35000.0,8,0.625,9,3,1,1,0,0,1,0,0,1,0,1,0,baixo
3,10000.0,9,0.6666666666666666,2,3,1,0,0,0,1,1,1,0,0,0,0,alto
1,0.0,0,0.0,16,3,1,0,0,0,1,0,0,1,0,1,0,medio_baixo
8,10000.0,244,0.7745901639344263,6,4,1,1,0,0,1,0,1,1,1,0,0,baixo
3,35000.0,124,0.8306451612903226,16,3,1,0,0,1,1,1,0,1,0,0,0,baixo
1,0.0,0,0.0,2,4,1,0,0,0,1,0,0,1,0,1,1,medio_alto
11,10000.0,23,0.9130434782608695,1,1,1,0,0,0,1,0,0,0,0,0,0,alto
3,10000.0,0,0.0,9,2,1,0,0,0,1,0,0,1,0,0,0,baixo
5,10000.0,10,0.9,2,3,1,1,0,0,1,1,1,0,0,0,0,medio_baixo
4,10000.0,0,0.0,1,3,1,0,0,0,1,0,0,1,1,0,0,baixo
10,35000.0,112,0.5,3,1,1,0,0,0,0,0,0,0,0,1,0,alto
1,0.0,0,0.0,103,2,1,0,0,0,0,1,0,0,0,0,0,medio_alto
4,10000.0,126,0.7380952380952381,1,1,1,0,0,0,0,1,0,0,0,0,0,baixo
2,10000.0,0,0.0,2,3,1,1,0,0,0,1,1,0,0,1,0,gratuito
6,750000.0,6129,0.6754772393538914,13,1,1,0,0,0,0,1,0,0,0,0,0,alto
9,10000.0,4,0.25,1,4,1,0,0,0,0,1,1,0,0,0,0,baixo
9,1500000.0,21618,0.9496253122398002,11,4,1,1,1,2,0,1,1,0,1,1,0,medio_baixo
7,10000.0,30,0.9666666666666667,1,2,1,0,0,0,1,0,0,1,0,0,0,baixo
2,10000.0,5,1.0,1,2,1,1,1,0,1,0,1,0,0,0,0,alto
1,10000.0,0,0.0,8,6,1,0,0,0,1,1,0,0,1,1,1,alto
6,10000.0,378,0.9338624338624338,1,5,1,0,0,0,1,1,0,1,0,1,0,gratuito
1,10000.0,4,0.5,1,4,1,0,0,0,1,0,0,1,0,0,1,medio_baixo
12,10000.0,44,0.45454545454545453,1,3,1,0,0,0,1,1,1,0,0,0,0,medio_alto
1,0.0,0,0.0,103,7,1,1,1,1,1,1,1,1,1,1,1,medio_baixo
2,10000.0,28,0.6785714285714286,9,2,1,0,0,0,0,0,0,1,0,0,1,alto
5,10000.0,14,1.0,10,3,1,0,0,0,1,1,1,0,0,0,0,baixo
2,10000.0,1,1.0,10,2,1,0,0,0,1,0,0,0,0,1,0,medio_baixo
6,35000.0,115,0.8434782608695652,1,3,1,0,0,0,1,1,0,0,0,0,0,gratuito
10,10000.0,9,0.8888888888888888,1,2,1,0,0,0,0,0,1,1,0,0,0,medio_baixo
6,10000.0,11,0.8181818181818182,4,3,1,0,0,0,1,0,1,1,0,0,0,alto
3,0.0,0,0.0,0,0,1,0,0,0,0,0,0,0,0,0,0,gratuito
7,10000.0,92,0.8913043478260869,2,2,1,0,0,0,1,1,0,0,0,0,0,baixo
8,10000.0,76,0.4342105263157895,6,5,1,0,0,0,1,1,0,1,0,0,1,baixo
12,350000.0,2157,0.9564209550301345,1,2,1,0,0,1,1,0,1,0,0,0,0,baixo
5,0.0,0,0.0,1,4,1,0,0,0,1,0,0,1,0,0,0,gratuito
8,75000.0,226,0.7566371681415929,8,2,1,1,0,0,0,0,1,1,0,0,0,gratuito
6,35000.0,5,0.8,3,1,1,0,0,0,0,0,1,0,0,0,0,gratuito
5,35000.0,120,0.675,9,3,1,0,0,0,1,1,1,0,0,0,0,medio_baixo
1,10000.0,0,0.0,11,5,1,1,0,3,1,1,1,1,0,0,1,alto
9,10000.0,46,0.8695652173913043,1,5,1,0,0,0,1,1,1,1,0,1,0,medio_baixo
2,10000.0,3,1.0,1,3,1,0,0,0,1,1,1,0,0,0,0,alto
8,10000.0,1,1.0,1,3,1,1,0,0,1,1,0,1,0,0,0,medio_alto
2,10000.0,1,0.0,1,3,1,0,0,0,1,0,0,0,0,1,0,gratuito
9,10000.0,266,0.7556390977443609,8,2,1,1,1,2,1,0,1,0,0,0,0,baixo
1,10000.0,31,0.8387096774193549,12,4,1,0,0,0,1,0,0,1,0,0,1,gratuito
2,10000.0,6,0.8333333333333334,1,3,1,0,0,0,1,1,1,0,0,0,0,medio_baixo
1,0.0,0,0.0,0,0,1,0,0,0,0,0,0,0,0,0,0,gratuito
3,10000.0,9,0.6666666666666666,1,2,1,0,0,0,0,0,0,1,0,0,0,gratuito
1,0.0,0,0.0,0,0,1,0,0,0,0,0,0,0,0,0,0,gratuito
10,10000.0,82,0.9024390243902439,2,3,1,1,0,1,1,1,1,0,0,0,0,gratuito
2,35000.0,4,1.0,1,3,1,0,0,0,1,0,0,1,0,0,0,medio_alto
4,10000.0,6,1.0,1,3,1,0,1,0,1,1,0,0,0,1,0,alto
1,75000.0,444,0.6171171171171171,6,4,1,1,1,0,1,0,0,1,0,1,1,alto
1,10000.0,0,0.0,31,2,1,0,0,0,1,0,0,1,0,0,0,baixo
8,10000.0,85,0.5647058823529412,2,4,1,0,0,0,1,1,0,0,0,0,0,medio_alto
4,10000.0,2,1.0,1,3,1,1,0,0,1,1,1,0,0,0,0,alto
5,10000.0,16,0.25,2,3,1,0,0,0,1,0,0,0,1,0,1,medio_baixo
3,10000.0,5,1.0,1,3,1,0,0,0,1,0,1,1,0,0,0,alto
12,75000.0,147,0.4557823129251701,1,2,1,0,0,0,1,1,0,0,0,0,0,medio_alto
2,75000.0,2,1.0,2,2,1,1,0,0,1,0,0,1,0,0,0,medio_alto
2,10000.0,20,0.95,11,4,1,1,0,0,1,0,0,1,0,1,0,baixo
2,10000.0,2,0.5,1,2,1,0,0,0,0,0,1,1,0,0,0,baixo
1,10000.0,0,0.0,11,1,1,0,0,1,0,0,0,1,0,0,0,baixo
6,10000.0,0,0.0,1,2,1,0,0,0,0,0,0,1,0,0,1,alto
1,10000.0,21,0.6190476190476191,7,2,1,0,0,5,1,0,1,0,0,0,0,baixo
1,10000.0,0,0.0,1,4,1,0,0,0,1,0,0,0,0,1,1,alto
2,10000.0,199,0.678391959798995,7,5,1,0,0,0,1,1,1,1,0,1,0,medio_alto
12,10000.0,66,0.6363636363636364,4,2,1,0,0,0,1,1,0,0,0,0,0,medio_baixo
7,10000.0,0,0.0,29,4,1,0,0,0,1,0,0,1,1,0,1,baixo
2,35000.0,484,0.78099173553719,22,2,1,0,0,0,1,0,0,0,0,0,1,medio_alto
2,10000.0,2,1.0,2,4,1,0,0,0,1,1,0,1,0,1,0,baixo
5,35000.0,3,1.0,2,3,1,0,0,0,1,0,1,1,0,0,0,baixo
10,10000.0,20,0.95,1,5,1,0,0,0,1,1,0,1,0,0,0,gratuito
7,10000.0,141,0.9290780141843972,1,5,1,0,0,0,1,1,1,1,1,0,0,gratuito
7,10000.0,3,1.0,3,3,1,0,0,0,1,0,0,1,0,1,0,medio_baixo
10,35000.0,50,0.76,6,1,1,1,0,0,0,1,0,0,0,0,0,medio_alto
9,10000.0,5,1.0,1,5,1,0,0,0,1,1,0,1,0,0,1,baixo
1,10000.0,13,0.9230769230769231,2,4,1,0,0,0,1,0,0,1,1,1,0,medio_baixo
1,0.0,0,0.0,30,3,1,0,0,0,0,0,1,1,0,0,1,alto
2,0.0,0,0.0,0,0,1,0,0,0,0,0,0,0,0,0,0,gratuito
2,0.0,0,0.0,5,4,1,0,0,1,1,1,0,1,1,0,0,medio_baixo
1,0.0,0,0.0,1,2,1,0,0,0,0,1,1,0,0,0,0,medio_baixo
2,150000.0,3045,0.8830870279146141,4,3,1,0,0,2,1,0,1,0,1,0,0,alto
3,10000.0,30,1.0,3,4,1,1,1,0,1,0,0,0,1,1,1,medio_baixo
4,10000.0,0,0.0,1,1,1,0,0,0,1,0,0,0,0,0,0,alto
6,35000.0,4,1.0,1,2,1,0,0,0,1,0,0,1,0,0,0,baixo
4,35000.0,27,0.6296296296296297,103,9,1,1,1,0,1,1,1,1,1,1,1,alto
1,10000.0,0,0.0,13,1,1,0,0,0,1,0,0,0,0,0,0,medio_baixo
6,10000.0,0,0.0,1,1,1,0,0,0,0,1,0,0,0,0,0,medio_baixo
2,10000.0,90,0.7333333333333333,1,4,1,0,0,1,1,1,1,0,0,0,1,baixo
10,10000.0,36,0.6388888888888888,7,5,1,1,1,0,0,0,0,1,0,0,1,gratuito
3,10000.0,9,0.4444444444444444,1,2,1,0,0,0,1,0,1,0,0,0,0,baixo
8,75000.0,34,0.6470588235294118,1,4,1,0,0,0,1,0,0,1,0,0,1,gratuito
1,10000.0,0,0.0,1,3,1,0,0,0,1,0,0,1,0,0,1,baixo
3,10000.0,17,1.0,1,2,1,0,0,0,0,0,0,1,0,0,1,alto
1,0.0,0,0.0,1,1,1,0,0,0,0,0,1,0,0,0,0,medio_alto
3,0.0,0,0.0,103,3,1,0,0,0,1,0,0,1,0,1,0,baixo
2,10000.0,398,0.7989949748743719,3,4,1,0,0,0,1,0,0,1,0,1,1,medio_alto
1,10000.0,0,0.0,21,5,1,0,0,0,1,1,1,1,1,0,0,alto
3,10000.0,25,0.92,1,1,1,0,0,0,0,1,0,0,0,0,0,medio_alto
10,10000.0,728,0.6428571428571429,7,3,1,1,0,2,1,0,1,0,1,0,0,medio_alto
9,10000.0,36,0.5833333333333334,1,3,1,0,0,1,0,0,0,0,0,0,1,gratuito
1,150000.0,1653,0.852389594676346,12,3,1,0,0,2,1,1,1,0,0,0,0,alto
2,10000.0,2,0.5,1,2,1,0,0,0,1,1,0,0,0,0,0,baixo
5,10000.0,6,0.8333333333333334,1,3,1,0,0,0,0,0,1,0,0,0,1,alto
1,0.0,0,0.0,2,1,1,0,0,0,0,0,0,0,0,1,0,alto
2,10000.0,1,1.0,1,3,1,0,0,0,1,0,0,1,0,0,0,baixo
4,10000.0,55,0.43636363636363634,1,3,1,0,0,0,1,1,0,0,0,0,0,baixo
8,10000.0,2,1.0,1,1,1,0,0,0,0,0,0,1,0,0,0,medio_alto
2,10000.0,3,0.6666666666666666,4,4,1,0,0,0,1,1,1,1,0,0,0,baixo
5,10000.0,18,0.6666666666666666,1,4,1,0,0,0,1,1,1,0,0,0,1,alto
3,35000.0,13,0.46153846153846156,1,2,1,0,0,0,1,0,1,0,0,0,0,baixo
1,10000.0,0,0.0,16,3,1,0,0,0,1,0,0,1,0,0,0,gratuito
2,10000.0,8,0.875,5,2,1,1,0,0,1,0,1,0,0,0,0,medio_baixo
5,35000.0,521,0.8982725527831094,3,2,1,0,0,0,1,0,0,0,1,0,0,alto
19,1500000.0,9228,0.9558951018638925,6,1,1,0,0,0,0,1,0,0,0,0,0,medio_alto
3,10000.0,6,0.5,1,2,1,0,0,0,0,0,1,0,0,1,0,alto
2,0.0,0,0.0,2,2,1,0,0,0,0,0,0,0,0,0,1,gratuito
4,0.0,0,0.0,1,2,1,0,0,1,1,1,0,0,0,0,0,gratuito
1,10000.0,0,0.0,1,1,1,0,0,0,0,0,0,1,0,0,0,medio_baixo
9,10000.0,25,0.6,1,5,1,0,0,0,1,1,1,0,0,0,0,medio_baixo
1,10000.0,0,0.0,14,2,1,0,0,0,1,0,0,0,0,0,1,alto
3,10000.0,4,1.0,1,1,1,1,0,0,0,0,0,1,0,0,0,medio_baixo
6,10000.0,19,0.9473684210526315,1,3,1,0,0,0,1,0,1,1,0,0,0,baixo
2,75000.0,1599,0.7623514696685428,12,3,1,1,1,0,0,0,0,1,0,1,1,medio_alto
3,10000.0,2,1.0,1,2,1,0,0,0,0,0,0,1,0,0,0,baixo
1,10000.0,0,0.0,1,1,1,0,0,0,0,0,0,1,0,0,0,baixo
7,10000.0,0,0.0,1,2,1,0,0,0,1,0,0,1,0,0,0,medio_baixo
8,10000.0,314,0.9171974522292994,26,5,1,1,0,0,1,1,0,1,0,0,1,medio_alto
7,10000.0,51,0.7058823529411765,2,3,1,0,0,0,1,1,1,0,0,0,0,medio_baixo
8,10000.0,17,0.5882352941176471,1,3,1,0,0,0,1,1,0,0,0,1,0,gratuito
6,10000.0,14,0.5714285714285714,1,3,1,0,0,0,1,1,1,0,0,0,0,medio_baixo
3,10000.0,54,0.9629629629629629,1,3,1,0,0,0,1,0,0,0,0,0,1,medio_baixo
2,10000.0,28,0.6428571428571429,12,5,1,0,0,0,1,1,1,1,0,0,0,medio_alto
12,150000.0,1248,0.7980769230769231,1,3,1,0,0,0,1,1,1,0,0,0,0,medio_alto
4,0.0,0,0.0,0,0,1,0,0,0,0,0,0,0,0,0,0,gratuito
3,0.0,0,0.0,103,2,1,0,0,0,1,0,0,1,0,0,0,baixo
9,35000.0,3,0.0,2,2,1,0,0,0,1,0,0,0,1,0,0,alto
9,10000.0,105,0.9333333333333333,1,3,1,0,0,1,0,1,1,1,0,0,0,alto
2,10000.0,9,0.8888888888888888,1,3,1,0,0,0,1,0,0,1,0,0,1,baixo
7,150000.0,1249,0.9815852682145717,1,1,1,0,0,0,0,0,0,0,0,0,0,gratuito
2,0.0,0,0.0,103,3,1,0,0,0,1,0,0,0,0,0,1,medio_alto
3,10000.0,10,1.0,1,3,1,0,0,0,1,1,1,0,0,0,0,medio_alto
3,35000.0,1,1.0,2,4,1,0,0,0,1,1,1,1,0,0,0,baixo
5,35000.0,446,0.9573991031390134,1,3,1,1,1,2,1,0,1,0,0,0,1,alto
2,10000.0,58,0.7758620689655172,3,3,1,0,0,0,1,0,1,0,1,0,0,alto
10,75000.0,110,0.7727272727272727,1,4,1,0,0,0,1,0,1,1,1,0,0,baixo
1,75000.0,8,1.0,1,3,1,0,0,1,1,0,1,1,0,0,0,baixo
9,350000.0,2657,0.6289047798268724,7,3,1,0,0,2,0,1,1,0,1,0,0,medio_alto
7,10000.0,36,0.7777777777777778,1,3,1,0,1,0,1,1,0,0,1,0,0,alto
2,10000.0,8,0.875,3,4,1,0,0,0,1,1,1,0,0,0,0,gratuito
6,10000.0,580,0.9310344827586207,3,3,1,0,0,0,1,0,1,0,1,0,0,medio_alto
10,10000.0,151,0.8874172185430463,2,1,1,1,1,0,0,0,0,0,0,1,0,medio_alto
5,10000.0,19,0.7368421052631579,1,1,1,0,0,0,0,0,0,0,0,1,0,alto
3,10000.0,13,0.15384615384615385,1,4,1,1,1,0,1,1,0,1,1,0,0,medio_alto
5,10000.0,2,1.0,2,2,1,0,0,0,1,0,1,0,0,0,0,baixo
8,10000.0,12,0.75,1,3,1,0,0,0,1,1,1,0,0,0,0,alto
6,10000.0,4,1.0,1,2,1,0,0,1,1,0,0,0,0,1,0,medio_alto
8,10000.0,14,0.7142857142857143,1,2,1,0,0,1,1,0,0,1,0,0,0,baixo
4,10000.0,38,0.9473684210526315,4,2,1,0,0,0,1,1,0,0,0,0,0,alto
2,10000.0,14,1.0,1,2,1,0,0,0,1,0,1,0,0,0,0,medio_baixo
1,10000.0,2,0.5,1,3,1,0,0,0,1,1,1,0,0,0,0,baixo
4,150000.0,31,0.4838709677419355,9,3,1,0,0,0,1,1,1,0,0,0,0,baixo
6,75000.0,9,0.8888888888888888,1,3,1,0,0,0,1,1,0,1,0,0,0,baixo
6,35000.0,266,0.5263157894736842,4,2,1,0,0,0,1,1,0,0,0,0,0,alto
10,75000.0,46,0.6739130434782609,1,3,1,0,0,0,0,1,1,0,0,0,1,baixo
5,10000.0,108,0.9351851851851852,1,2,1,0,0,1,0,1,1,0,0,0,0,medio_alto
1,10000.0,0,0.0,1,2,1,0,0,0,0,1,1,0,0,0,0,alto
1,0.0,0,0.0,1,2,1,0,0,0,0,0,1,0,0,0,0,gratuito
1,10000.0,0,0.0,4,2,1,0,0,0,0,0,0,1,1,0,0,medio_alto
12,150000.0,1591,0.8585795097423005,1,3,1,0,0,0,1,1,1,0,0,0,0,medio_alto
7,10000.0,4,0.5,1,1,1,0,0,0,1,0,0,0,0,0,0,medio_baixo
2,35000.0,106,0.6415094339622641,1,4,1,1,0,0,1,1,0,1,0,0,1,medio_alto
12,75000.0,172,0.686046511627907,1,4,1,0,0,0,1,0,1,1,1,0,0,medio_baixo
1,10000.0,0,0.0,11,4,1,1,1,0,1,0,0,1,0,0,1,medio_baixo
1,10000.0,0,0.0,1,5,1,0,0,0,1,1,1,1,0,1,0,medio_alto
2,0.0,0,0.0,0,0,1,0,0,0,0,0,0,0,0,0,0,gratuito
1,10000.0,0,0.0,6,2,1,0,0,0,1,0,1,0,0,0,0,medio_baixo
1,75000.0,22,0.9545454545454546,3,2,1,0,0,0,0,0,0,0,1,0,0,medio_baixo
4,10000.0,4,1.0,1,3,1,1,1,0,1,0,0,1,0,1,0,alto
5,10000.0,11,1.0,1,2,1,0,1,1,0,1,1,0,0,0,0,baixo
5,10000.0,0,0.0,1,5,1,0,0,0,1,1,1,1,0,0,1,medio_baixo
1,10000.0,0,0.0,1,5,1,0,0,0,1,0,0,1,0,0,1,gratuito
2,10000.0,5,1.0,1,2,1,0,0,0,0,0,0,0,0,1,0,medio_baixo
4,10000.0,5,1.0,1,4,1,0,0,0,1,1,1,0,0,0,0,gratuito
5,0.0,0,0.0,0,0,1,0,0,0,0,0,0,0,0,0,0,gratuito
4,0.0,0,0.0,1,4,1,0,1,0,1,1,0,0,0,1,0,medio_alto
1,10000.0,3,1.0,1,3,1,1,0,0,1,0,1,0,0,0,1,alto
5,10000.0,372,0.9220430107526881,1,2,1,0,0,1,0,0,0,0,0,1,1,alto
3,150000.0,386,0.844559585492228,1,2,1,0,0,0,0,0,0,0,0,1,1,medio_baixo
8,10000.0,9,1.0,1,2,1,0,0,0,0,0,1,1,0,0,0,medio_alto
3,0.0,0,0.0,0,0,1,0,0,0,0,0,0,0,0,0,0,gratuito
8,10000.0,8,0.125,2,2,1,0,0,1,1,0,0,1,0,0,0,baixo
7,10000.0,8,0.375,1,3,1,0,0,0,1,1,1,0,0,0,0,baixo
5,10000.0,16,0.8125,3,3,1,0,0,0,1,1,1,0,0,0,0,baixo
4,10000.0,20,0.7,2,2,1,0,0,0,1,0,0,1,0,0,0,medio_baixo
4,10000.0,28,0.5357142857142857,3,5,1,0,0,1,0,0,0,0,0,0,0,medio_alto
17,750000.0,8497,0.9002000706131575,15,2,1,0,0,0,0,1,0,0,0,1,0,gratuito
1,10000.0,6,0.8333333333333334,7,6,1,0,0,0,1,1,1,0,1,1,1,medio_baixo
1,10000.0,0,0.0,1,3,1,0,0,0,1,1,0,0,1,0,0,alto
5,35000.0,56,0.9285714285714286,1,2,1,0,0,0,1,0,0,0,1,0,0,baixo
6,10000.0,15,0.6666666666666666,4,1,1,0,0,0,0,0,0,1,0,0,0,medio_baixo
9,10000.0,6,0.5,1,4,1,0,0,0,1,1,1,0,0,0,0,medio_baixo
1,0.0,0,0.0,0,0,1,0,0,0,0,0,0,0,0,0,0,gratuito
5,75000.0,4,1.0,2,2,1,0,0,0,1,1,0,0,0,0,0,baixo
7,10000.0,0,0.0,1,2,1,0,0,0,0,1,0,1,0,0,0,medio_alto
10,350000.0,347,0.5100864553314121,1,2,1,0,0,1,1,0,0,1,0,0,0,baixo
1,35000.0,5,1.0,1,3,1,0,1,1,1,1,0,1,0,0,0,medio_alto
7,10000.0,0,0.0,1,2,1,0,0,0,0,1,0,0,0,0,0,medio_alto
8,10000.0,175,0.7657142857142857,6,4,1,1,0,0,1,0,0,1,1,1,0,medio_baixo
2,0.0,0,0.0,11,6,1,0,0,0,1,1,1,1,0,0,1,gratuito
7,10000.0,33,0.6666666666666666,29,4,1,0,0,0,1,1,1,1,0,0,0,baixo
8,10000.0,28,0.6071428571428571,1,2,1,1,0,1,1,1,0,0,0,0,0,alto
9,10000.0,18,0.3333333333333333,1,3,1,0,0,0,1,1,0,1,0,0,0,medio_baixo
12,35000.0,87,0.7701149425287356,2,1,1,1,1,0,0,0,0,0,1,0,0,baixo
8,10000.0,32,0.875,1,3,1,0,0,0,1,0,1,0,1,0,0,alto
1,0.0,0,0.0,1,3,1,1,1,1,1,0,1,0,0,0,0,gratuito
1,10000.0,0,0.0,1,2,1,0,0,0,1,1,0,0,0,0,0,alto
6,10000.0,57,0.8947368421052632,1,2,1,1,1,0,0,0,0,0,0,1,0,medio_baixo
10,10000.0,3,1.0,1,2,1,0,0,0,1,1,0,0,0,0,0,baixo
10,10000.0,332,0.9186746987951807,2,3,1,0,0,0,1,1,1,0,0,0,0,medio_baixo
5,75000.0,2,0.5,1,4,1,0,0,0,1,1,0,1,0,1,0,medio_alto
5,10000.0,14,1.0,2,3,1,0,0,0,1,0,1,1,0,0,0,baixo
1,35000.0,21,1.0,6,3,1,0,0,0,1,1,1,0,0,0,0,medio_baixo
3,10000.0,0,0.0,3,1,1,0,0,0,0,0,0,1,0,0,0,medio_baixo
10,35000.0,3,0.6666666666666666,1,2,1,0,0,0,0,0,0,1,0,1,0,medio_baixo
1,10000.0,0,0.0,1,1,1,1,0,0,0,0,1,0,0,0,0,medio_alto
9,10000.0,50,0.94,1,5,1,0,0,0,1,1,0,1,0,1,0,alto
3,10000.0,29,0.8620689655172413,1,8,1,0,0,1,1,1,1,1,1,0,0,gratuito
10,10000.0,57,0.9122807017543859,1,3,1,1,0,0,1,1,0,0,0,0,1,alto
9,750000.0,3201,0.7997500781005936,5,4,1,0,0,0,1,0,1,1,0,0,1,medio_alto
1,0.0,0,0.0,1,3,1,0,0,0,1,0,0,0,0,1,1,medio_baixo
8,75000.0,21,0.8095238095238095,1,3,1,0,0,0,1,0,0,1,0,1,0,baixo
1,0.0,0,0.0,0,0,1,0,0,0,0,0,0,0,0,0,0,gratuito
2,10000.0,6,0.8333333333333334,3,5,1,0,0,0,1,0,0,0,1,1,1,alto
2,10000.0,5,1.0,1,4,1,0,0,0,1,1,1,0,0,0,1,baixo
2,10000.0,106,0.7452830188679245,4,4,1,0,0,1,1,0,1,1,1,0,0,medio_alto
11,10000.0,30,0.5666666666666667,1,3,1,0,0,0,1,0,0,1,0,1,0,baixo
4,10000.0,0,0.0,1,1,1,0,0,0,0,0,1,0,0,0,0,medio_baixo
7,10000.0,22,1.0,1,2,1,0,0,0,0,0,1,1,0,0,0,medio_alto
5,0.0,0,0.0,13,4,1,0,0,0,1,0,1,1,0,0,0,gratuito
8,35000.0,88,0.5909090909090909,4,4,1,0,0,1,1,1,1,1,0,0,0,baixo
3,10000.0,21,1.0,1,3,1,1,0,0,1,0,0,1,0,0,1,medio_baixo
8,10000.0,112,0.7410714285714286,1,3,1,0,0,0,0,1,1,0,0,0,0,alto
2,0.0,0,0.0,0,0,1,0,0,0,0,0,0,0,0,0,0,gratuito
6,10000.0,19,0.9473684210526315,1,5,1,0,0,0,1,1,1,1,1,0,0,baixo
7,10000.0,108,0.7037037037037037,1,4,1,0,0,0,1,1,0,1,0,0,0,baixo
7,10000.0,14,0.7857142857142857,1,2,1,0,0,0,1,0,0,0,0,0,0,gratuito
6,10000.0,14,0.9285714285714286,1,5,1,0,0,0,1,0,0,1,0,1,1,medio_baixo
9,10000.0,4,0.75,1,4,1,0,0,0,1,1,0,0,0,0,0,medio_baixo
18,150000.0,209,0.5454545454545454,1,1,1,0,0,0,0,0,0,0,0,1,0,baixo
11,10000.0,90,0.9,1,2,1,1,0,0,1,0,1,0,0,0,0,medio_baixo
5,1500000.0,15320,0.8237597911227154,11,4,1,0,0,0,1,1,1,0,0,0,1,medio_alto
3,10000.0,2,0.5,1,2,1,0,0,0,1,1,0,0,0,0,0,alto
5,0.0,0,0.0,0,0,1,0,0,0,0,0,0,0,0,0,0,gratuito
1,10000.0,1,1.0,5,4,1,0,0,0,1,0,0,1,1,0,0,baixo
4,350000.0,2477,0.9446911586596689,1,2,1,0,1,1,1,1,0,0,0,0,0,baixo
3,10000.0,7,0.2857142857142857,7,1,1,1,0,0,0,0,0,1,0,0,0,medio_alto
4,35000.0,3,1.0,103,2,1,0,0,0,1,0,0,1,0,0,0,baixo
3,75000.0,2706,0.770509977827051,1,2,1,0,0,2,1,0,0,0,0,1,0,baixo
3,0.0,0,0.0,1,4,1,0,0,0,0,0,1,1,1,0,0,gratuito
5,10000.0,0,0.0,1,1,1,0,0,0,0,0,0,0,0,1,0,medio_alto
2,10000.0,0,0.0,3,3,1,1,1,0,1,1,0,1,0,0,0,baixo
2,0.0,0,0.0,1,2,1,0,0,0,0,1,0,0,0,0,0,gratuito
4,10000.0,3,0.3333333333333333,1,4,1,0,0,0,0,1,1,0,0,1,0,medio_alto
3,10000.0,11,0.7272727272727273,1,2,1,0,0,0,0,0,0,1,0,1,0,medio_baixo
2,10000.0,135,0.7481481481481481,13,2,1,0,0,1,1,1,0,0,0,0,0,medio_baixo
1,10000.0,0,0.0,1,2,1,0,0,0,0,1,0,0,0,0,0,alto
9,10000.0,109,0.9724770642201835,4,3,1,0,0,3,1,0,1,1,0,0,0,medio_alto
17,10000.0,127,0.6850393700787402,1,1,1,0,0,0,0,0,0,0,0,0,0,medio_baixo
5,10000.0,13,0.46153846153846156,1,4,1,1,1,0,1,1,1,0,0,0,1,medio_alto
1,0.0,0,0.0,103,1,1,0,0,0,0,0,0,1,0,0,0,baixo
10,10000.0,49,0.7959183673469388,2,1,1,0,0,0,0,0,1,0,0,0,0,medio_alto
1,10000.0,23,0.8695652173913043,9,2,1,0,0,0,0,0,0,1,0,0,1,medio_alto
8,10000.0,20,1.0,15,4,1,1,1,1,1,1,1,1,0,0,0,alto
9,10000.0,194,0.8195876288659794,1,3,1,0,0,0,1,0,1,0,1,0,0,baixo
9,350000.0,2481,0.5832325675130996,10,6,1,0,0,0,0,1,1,0,1,1,0,gratuito
6,10000.0,13,0.9230769230769231,29,3,1,0,0,0,1,0,0,1,0,1,0,baixo
4,10000.0,440,0.725,6,4,1,0,0,1,1,0,0,1,0,1,1,alto
2,10000.0,2,1.0,2,2,1,0,0,0,1,0,0,1,0,0,0,medio_baixo
3,10000.0,14,0.7857142857142857,2,4,1,0,0,0,1,1,0,1,0,0,0,medio_alto
7,10000.0,210,0.8714285714285714,1,2,1,0,0,0,1,1,0,0,0,0,0,baixo
2,10000.0,26,0.9615384615384616,10,1,1,1,1,0,0,0,0,0,0,1,0,alto
7,75000.0,9,0.7777777777777778,6,2,1,0,0,0,1,0,1,0,0,0,0,medio_baixo
2,10000.0,0,0.0,1,2,1,0,0,0,0,0,1,1,0,0,0,alto
9,10000.0,14,0.7857142857142857,7,2,1,1,1,0,0,0,0,0,0,0,0,alto
1,1500000.0,9,0.2222222222222222,1,3,1,0,0,0,1,1,0,0,0,1,0,alto
1,10000.0,0,0.0,1,2,1,0,0,0,1,0,0,1,0,0,0,baixo
9,10000.0,30,0.8,1,2,1,1,1,0,1,0,0,0,0,1,0,medio_baixo
6,10000.0,529,0.6332703213610587,4,6,1,1,0,0,1,0,1,0,0,1,1,gratuito
2,150000.0,209,0.7033492822966507,5,3,1,0,0,1,1,0,0,0,1,1,0,medio_baixo
11,35000.0,104,0.6057692307692307,1,3,1,1,1,0,1,1,0,0,1,0,0,baixo
13,350000.0,5787,0.9132538448246069,1,3,1,0,0,0,1,0,0,0,0,0,1,baixo
4,350000.0,9777,0.9795438273499029,10,2,1,1,0,5,1,0,0,1,0,0,0,medio_alto
2,10000.0,4,1.0,1,3,1,0,0,0,1,1,0,0,0,0,1,baixo
8,150000.0,439,0.8542141230068337,1,7,1,0,0,0,1,1,1,1,1,0,0,gratuito
5,10000.0,78,0.7564102564102564,7,3,1,0,0,0,0,0,1,0,1,0,1,medio_alto
10,10000.0,49,0.7959183673469388,1,3,1,0,0,0,1,1,0,0,0,0,1,medio_baixo
1,10000.0,1,1.0,1,2,1,0,0,0,0,0,1,1,0,0,0,medio_baixo
1,10000.0,0,0.0,2,2,1,0,0,0,1,1,0,0,0,0,0,medio_baixo
11,35000.0,72,0.9444444444444444,1,4,1,0,0,0,1,1,1,0,1,0,0,baixo
12,75000.0,321,0.6261682242990654,1,3,1,1,1,0,1,1,0,1,0,0,0,baixo
15,350000.0,725,0.7544827586206897,2,3,1,0,0,0,1,1,0,0,1,0,0,medio_baixo
8,10000.0,20,0.95,29,3,1,1,1,0,1,1,0,0,0,0,0,baixo
1,0.0,0,0.0,0,0,1,0,0,0,0,0,0,0,0,0,0,gratuito
2,150000.0,1828,0.9392778993435449,10,4,1,0,0,0,1,0,0,0,0,1,1,alto
5,10000.0,4,0.75,1,1,1,0,0,0,0,0,0,1,0,0,0,alto
1,10000.0,2,1.0,4,4,1,0,0,0,1,0,1,1,0,1,0,alto
17,35000.0,256,0.9296875,1,1,1,0,0,0,0,0,1,0,0,0,0,medio_alto
13,150000.0,685,0.8832116788321168,1,2,1,1,1,1,1,1,0,0,0,0,0,medio_alto
1,0.0,0,0.0,6,4,1,1,0,0,1,0,0,1,0,0,1,gratuito
7,10000.0,11,1.0,1,4,1,1,0,0,1,0,0,0,1,1,1,alto
5,10000.0,0,0.0,1,4,1,0,0,0,1,1,0,0,0,0,0,gratuito
6,10000.0,9,0.6666666666666666,15,1,1,0,0,0,0,0,0,1,0,0,0,medio_baixo
1,10000.0,4,0.5,1,1,1,0,0,0,1,0,0,0,0,0,0,baixo
4,150000.0,1020,0.9107843137254902,7,4,1,0,0,2,1,0,1,1,1,0,0,medio_alto
8,10000.0,66,0.8939393939393939,1,2,1,0,0,0,1,0,0,0,0,0,0,medio_baixo
3,10000.0,76,0.9473684210526315,5,4,1,0,0,0,1,0,0,1,0,1,1,medio_baixo
3,0.0,0,0.0,1,3,1,0,0,0,1,1,0,0,0,0,0,gratuito
3,10000.0,17,0.6470588235294118,2,2,1,0,0,0,0,1,1,0,0,0,0,medio_baixo
2,10000.0,18,0.6666666666666666,2,3,1,0,0,0,1,0,0,1,0,0,0,alto
8,10000.0,7,1.0,1,4,1,0,0,0,1,1,1,1,0,0,0,alto
1,0.0,0,0.0,1,3,1,1,0,0,1,1,0,0,0,0,0,alto
8,10000.0,15,0.8666666666666667,1,3,1,0,0,0,1,0,1,0,1,0,0,baixo
1,10000.0,0,0.0,7,1,1,0,0,0,0,0,0,1,0,0,0,medio_alto
5,0.0,0,0.0,0,0,1,0,0,0,0,0,0,0,0,0,0,gratuito
2,10000.0,0,0.0,1,3,1,1,1,1,1,0,1,0,0,0,0,alto
6,150000.0,1022,0.8816046966731899,13,4,1,1,1,0,1,1,1,0,0,0,0,medio_alto
2,10000.0,207,0.9855072463768116,3,4,1,1,1,0,1,0,0,1,1,0,0,alto
4,35000.0,6,1.0,1,2,1,0,0,0,1,0,0,0,0,1,0,gratuito
4,10000.0,14,1.0,1,1,1,0,0,0,0,1,0,0,0,0,0,baixo
7,35000.0,58,0.7758620689655172,1,3,1,1,0,0,1,0,1,0,0,0,0,gratuito
2,10000.0,0,0.0,2,1,1,0,0,0,0,0,0,1,0,0,0,medio_baixo
4,10000.0,1,0.0,2,4,1,0,0,0,1,1,1,0,0,0,0,alto
1,10000.0,24,0.9583333333333334,3,3,1,0,0,0,1,0,0,0,1,1,0,alto
8,35000.0,38,0.631578947368421,1,3,1,0,0,0,1,0,0,0,0,0,1,gratuito
2,10000.0,1,1.0,2,4,1,1,0,0,1,1,0,1,0,0,1,medio_baixo
8,150000.0,1146,0.8272251308900523,1,2,1,0,0,0,1,0,0,0,0,1,0,gratuito
12,350000.0,1583,0.903348073278585,4,1,1,0,0,1,0,1,0,0,0,0,0,medio_baixo
5,0.0,0,0.0,0,0,1,0,0,0,0,0,0,0,0,0,0,gratuito
1,0.0,0,0.0,103,2,1,0,0,0,1,1,0,0,0,0,0,medio_baixo
3,75000.0,825,0.8533333333333334,13,3,1,0,0,1,0,1,1,0,0,0,1,alto
3,75000.0,1192,0.8112416107382551,10,2,1,0,0,0,0,1,1,0,0,0,0,alto
3,10000.0,12,0.6666666666666666,2,1,1,0,0,0,1,0,0,0,0,0,0,medio_baixo
2,0.0,0,0.0,0,0,1,0,0,0,0,0,0,0,0,0,0,gratuito
6,10000.0,11,0.8181818181818182,1,3,1,0,0,0,1,0,0,1,0,0,1,medio_alto
9,7500000.0,415946,0.9704168329542777,10,3,1,1,1,2,1,1,1,0,0,0,0,alto
5,10000.0,26,0.7307692307692307,11,4,1,0,0,0,1,1,1,0,0,1,0,baixo
14,35000.0,3,1.0,2,2,1,0,0,0,0,0,1,1,0,0,0,medio_alto
8,10000.0,47,0.44680851063829785,1,3,1,0,0,0,1,1,1,0,0,0,0,medio_alto
8,35000.0,98,0.9285714285714286,4,6,1,0,0,1,1,1,1,1,0,1,1,medio_alto
2,10000.0,0,0.0,1,3,1,1,1,0,1,0,1,1,0,0,0,baixo
4,10000.0,4,1.0,1,2,1,1,0,0,0,0,0,0,0,1,1,alto
10,10000.0,104,0.5673076923076923,1,1,1,0,0,0,0,1,0,0,0,0,0,baixo
1,10000.0,42,0.7619047619047619,5,3,1,1,0,0,1,0,0,1,0,0,1,medio_alto
1,10000.0,0,0.0,11,2,1,0,0,1,1,0,0,1,0,0,0,medio_baixo
2,10000.0,84,0.7619047619047619,12,1,1,0,0,0,0,1,0,0,0,0,0,medio_baixo
2,10000.0,9,1.0,1,1,1,0,0,0,1,0,0,0,0,0,0,medio_alto
1,150000.0,2053,0.9844130540672187,16,3,1,0,0,1,1,1,1,0,0,0,0,medio_baixo
4,10000.0,34,0.8529411764705882,86,4,1,0,0,3,1,1,1,0,0,0,0,gratuito
1,10000.0,0,0.0,9,2,1,1,1,0,1,0,0,1,0,0,0,medio_baixo
7,10000.0,77,0.5324675324675324,8,4,1,0,0,0,0,0,0,0,0,0,0,medio_baixo
6,10000.0,23,0.6521739130434783,3,3,1,1,0,0,1,0,1,1,0,0,0,medio_alto
13,750000.0,16097,0.8302789339628502,10,2,1,0,0,1,0,1,1,0,0,0,0,medio_alto
3,10000.0,15,1.0,1,2,1,0,1,0,1,0,1,0,0,0,0,medio_baixo
1,0.0,0,0.0,1,2,1,0,0,0,1,1,0,0,0,0,0,baixo
1,10000.0,0,0.0,1,4,1,0,0,0,1,0,1,1,1,0,0,medio_alto
3,10000.0,106,0.5566037735849056,3,2,1,0,0,0,1,1,0,0,0,0,0,medio_alto
4,0.0,0,0.0,1,4,1,0,0,0,1,0,1,0,0,0,1,gratuito
11,350000.0,526,0.37832699619771865,1,1,1,0,0,0,1,0,0,0,0,0,0,baixo
2,10000.0,0,0.0,12,3,1,1,1,0,1,0,0,1,0,1,0,baixo
9,10000.0,3,0.3333333333333333,1,4,1,0,0,0,1,1,1,0,1,0,0,baixo
2,10000.0,106,0.8867924528301887,4,4,1,1,1,0,1,0,0,1,0,0,1,baixo
3,0.0,0,0.0,103,3,1,0,0,0,1,0,0,1,0,1,0,baixo
2,10000.0,0,0.0,8,3,1,0,0,0,1,1,0,0,1,0,0,medio_baixo
6,10000.0,6,0.16666666666666666,1,3,1,0,0,0,1,1,0,0,0,0,1,baixo
12,75000.0,147,0.6190476190476191,1,2,1,0,0,0,1,0,1,0,0,0,0,baixo
5,10000.0,10,0.5,6,5,1,0,0,0,1,1,1,1,0,1,0,medio_baixo
10,10000.0,10,0.2,2,3,1,0,0,0,1,1,1,0,0,0,0,alto
1,10000.0,0,0.0,1,3,1,0,0,0,0,0,0,0,0,1,1,medio_alto
9,10000.0,66,0.7121212121212122,26,5,1,1,0,0,1,1,0,1,0,1,0,gratuito
4,10000.0,0,0.0,3,1,1,0,0,0,0,0,0,1,0,0,0,medio_baixo
10,350000.0,1249,0.6629303442754203,1,2,1,1,1,2,1,1,0,0,0,0,0,medio_alto
3,150000.0,1254,0.4059011164274322,13,3,1,0,0,5,0,1,1,0,1,0,0,alto
8,10000.0,3,1.0,1,1,1,1,0,0,1,0,0,0,0,0,0,medio_baixo
6,35000.0,8,0.875,1,2,1,0,0,0,1,0,0,1,0,0,0,gratuito
5,10000.0,2,0.0,1,3,1,0,0,0,1,0,0,0,0,0,1,medio_alto
4,10000.0,225,0.9822222222222222,1,1,1,1,0,1,0,0,1,0,0,0,0,medio_alto
6,10000.0,15,0.6666666666666666,2,4,1,0,0,0,1,1,1,0,1,0,0,medio_baixo
2,10000.0,446,0.8497757847533632,1,2,1,0,1,0,1,0,0,0,0,0,0,alto
4,10000.0,2,0.0,1,1,1,1,0,0,0,0,0,1,0,0,0,baixo
4,10000.0,19,0.7894736842105263,1,5,1,0,0,0,1,1,1,1,0,0,0,gratuito
2,10000.0,0,0.0,1,3,1,0,0,0,1,1,0,0,0,0,0,gratuito
7,150000.0,731,0.7209302325581395,5,2,1,0,0,1,0,1,1,0,0,0,0,medio_baixo
6,10000.0,0,0.0,4,2,1,0,0,0,1,0,1,0,0,0,0,medio_alto
5,10000.0,0,0.0,2,1,1,0,0,0,0,0,1,0,0,0,0,medio_baixo
3,10000.0,3,1.0,1,4,1,0,0,0,1,1,1,0,1,0,0,medio_baixo
1,0.0,0,0.0,5,3,1,0,0,0,0,0,0,1,1,1,0,medio_baixo
2,0.0,0,0.0,1,5,1,0,0,0,1,1,0,0,1,1,0,gratuito
8,10000.0,27,1.0,1,4,1,0,0,0,1,0,1,0,0,0,0,medio_baixo
8,350000.0,3050,0.6990163934426229,10,1,1,0,0,0,0,1,0,0,0,0,0,alto
10,150000.0,963,0.8836967808930426,5,4,1,1,1,2,1,0,0,1,0,0,1,gratuito
3,10000.0,90,0.6,1,5,1,0,0,0,1,1,1,0,0,1,1,medio_alto
3,10000.0,3,1.0,1,3,1,0,0,0,1,1,0,1,0,0,0,medio_alto
6,10000.0,29,0.6896551724137931,29,4,1,0,0,0,1,1,1,1,0,0,0,medio_baixo
4,0.0,0,0.0,0,0,1,0,0,0,0,0,0,0,0,0,0,gratuito
7,75000.0,843,0.8422301304863582,4,2,1,0,0,1,1,1,0,0,0,0,0,medio_alto
7,35000.0,322,0.8291925465838509,10,5,1,0,0,0,1,1,1,1,0,0,1,baixo
7,10000.0,1,0.0,1,1,1,0,0,0,0,1,0,0,0,0,0,medio_baixo
2,10000.0,32,0.59375,4,3,1,0,0,0,1,1,1,0,0,0,0,baixo
6,10000.0,315,0.8666666666666667,8,2,1,0,0,2,1,0,1,0,0,0,0,medio_alto
1,0.0,0,0.0,103,2,1,0,0,0,1,0,0,1,0,0,0,baixo
2,10000.0,70,0.9142857142857143,5,3,1,0,0,1,1,1,1,0,0,0,0,medio_alto
10,10000.0,21,0.7142857142857143,1,6,1,1,0,0,1,1,0,1,0,0,1,medio_alto
3,10000.0,1,1.0,1,2,1,0,0,0,1,1,0,0,0,0,0,medio_alto
4,10000.0,0,0.0,6,1,1,1,1,0,0,0,0,1,0,0,0,medio_alto
5,0.0,0,0.0,1,3,1,0,0,0,1,0,0,1,0,1,0,gratuito
2,10000.0,0,0.0,3,2,1,0,0,1,0,0,0,1,0,0,1,alto
2,0.0,0,0.0,0,0,1,0,0,0,0,0,0,0,0,0,0,gratuito
2,10000.0,453,0.9381898454746137,1,4,1,0,0,0,1,1,0,0,0,0,1,medio_alto
1,10000.0,0,0.0,2,3,1,0,0,0,1,0,0,1,0,0,1,medio_alto
4,350000.0,728,0.7101648351648352,1,4,1,0,0,0,1,1,0,0,0,1,0,gratuito
2,0.0,0,0.0,0,0,1,0,0,0,0,0,0,0,0,0,0,gratuito
1,0.0,0,0.0,0,0,1,0,0,0,0,0,0,0,0,0,0,gratuito
1,150000.0,3607,0.618242306626005,7,4,1,0,0,0,0,1,1,0,1,0,0,gratuito
5,0.0,0,0.0,1,3,1,1,1,0,1,0,0,1,0,0,0,gratuito
2,0.0,0,0.0,0,0,1,0,0,0,0,0,0,0,0,0,0,gratuito
1,0.0,0,0.0,1,3,1,1,0,0,0,1,0,0,1,1,0,medio_alto
5,0.0,0,0.0,2,4,1,0,0,0,1,0,0,1,0,0,1,gratuito
1,0.0,0,0.0,1,3,1,1,0,1,1,0,0,1,0,0,0,gratuito
1,0.0,0,0.0,21,3,1,0,0,0,0,0,1,0,0,1,0,gratuito
4,35000.0,27,0.2962962962962963,11,2,1,0,0,0,1,1,0,0,0,0,0,gratuito
9,10000.0,23,0.7391304347826086,12,3,1,1,1,0,1,0,0,1,0,0,1,alto
3,10000.0,1,1.0,3,4,1,0,0,0,1,1,1,0,1,0,0,medio_baixo
4,0.0,0,0.0,1,6,1,1,0,1,0,0,0,0,0,0,0,gratuito
3,10000.0,472,0.7796610169491526,12,3,1,0,0,0,1,1,1,0,0,0,0,alto
6,10000.0,11,0.36363636363636365,8,3,1,0,0,1,1,1,0,0,0,1,0,baixo
4,10000.0,15,0.5333333333333333,1,3,1,0,0,0,1,0,0,1,0,0,0,baixo
2,0.0,0,0.0,0,0,1,0,0,0,0,0,0,0,0,0,0,gratuito
5,10000.0,22,0.5454545454545454,1,2,1,0,0,0,1,0,0,1,0,0,0,baixo
5,10000.0,0,0.0,1,1,1,0,0,0,1,0,0,0,0,0,0,alto
1,10000.0,560,0.8410714285714286,5,4,1,0,0,1,1,1,1,0,1,0,0,alto
1,10000.0,0,0.0,1,3,1,0,0,0,1,0,0,0,0,1,1,alto
3,10000.0,0,0.0,3,2,1,0,0,0,1,0,0,0,1,0,0,medio_alto
12,75000.0,523,0.5372848948374761,2,1,1,0,0,0,1,0,0,0,0,0,0,gratuito
4,350000.0,3583,0.5110242813284956,4,0,1,1,1,0,0,0,0,0,0,0,0,gratuito
2,10000.0,5,1.0,14,1,1,1,0,0,1,0,0,0,0,0,0,medio_baixo
4,10000.0,7,0.7142857142857143,2,3,1,0,0,0,1,1,0,0,0,0,1,alto
1,10000.0,2,0.5,1,2,1,0,0,1,0,1,0,0,0,0,0,alto
3,10000.0,1,0.0,2,1,1,0,0,0,0,0,0,1,0,0,0,baixo
4,0.0,0,0.0,1,4,1,0,0,0,1,0,1,0,1,0,0,gratuito
1,0.0,0,0.0,0,0,1,0,0,0,0,0,0,0,0,0,0,gratuito
8,10000.0,3,1.0,1,1,1,0,0,0,0,0,0,1,0,0,0,alto
1,0.0,0,0.0,1,3,1,0,0,0,0,0,0,0,0,0,0,gratuito
7,10000.0,1,1.0,1,1,1,1,0,0,1,0,0,0,0,0,0,baixo
17,150000.0,517,0.8529980657640233,5,1,1,0,0,0,0,1,0,0,0,0,0,baixo
3,10000.0,137,0.9343065693430657,1,6,1,0,0,0,1,1,1,1,0,0,1,baixo
2,10000.0,4,1.0,1,3,1,0,0,0,1,1,0,1,0,0,0,medio_alto
1,0.0,0,0.0,5,4,1,0,0,0,1,1,1,0,0,0,1,medio_alto
1,0.0,0,0.0,10,3,1,0,0,0,1,0,0,0,0,1,0,gratuito
9,10000.0,3,1.0,1,2,1,1,0,0,1,0,1,0,0,0,0,medio_alto
3,10000.0,9,1.0,1,2,1,0,0,0,0,1,1,0,0,0,0,baixo
9,75000.0,176,0.5284090909090909,5,2,1,1,1,0,1,0,1,0,0,0,0,medio_alto
5,10000.0,19,0.8947368421052632,3,4,1,0,0,0,1,0,0,0,1,1,1,alto
5,10000.0,14,0.7857142857142857,2,4,1,0,0,0,1,0,0,1,0,1,1,alto
2,10000.0,0,0.0,1,5,1,0,0,0,1,1,1,0,1,0,1,baixo
4,10000.0,4,1.0,1,2,1,0,0,0,1,1,0,0,0,0,0,baixo
3,10000.0,9,0.8888888888888888,2,5,1,0,0,0,0,0,0,1,1,1,1,medio_alto
4,0.0,0,0.0,1,3,1,0,0,0,1,1,1,0,0,0,0,gratuito
1,0.0,0,0.0,1,4,1,0,0,0,1,0,0,1,1,0,0,medio_alto
8,35000.0,158,0.879746835443038,2,4,1,1,0,0,0,0,1,0,1,1,0,gratuito
1,0.0,0,0.0,0,0,1,0,0,0,0,0,0,0,0,0,0,gratuito
7,10000.0,7,0.8571428571428571,2,1,1,0,0,0,0,0,0,0,0,0,0,medio_alto
1,10000.0,0,0.0,1,2,1,0,0,0,0,0,1,1,0,0,0,medio_baixo
8,10000.0,2,0.5,1,3,1,1,0,0,1,0,1,0,0,1,0,medio_alto
6,10000.0,14,0.7142857142857143,8,2,1,0,0,2,1,0,0,0,0,0,0,alto
5,10000.0,9,0.6666666666666666,1,1,1,1,1,0,1,0,0,0,0,0,0,gratuito
2,10000.0,30,0.9333333333333333,1,2,1,0,0,0,1,1,0,0,0,0,0,medio_alto
4,10000.0,2,1.0,1,1,1,0,0,0,1,0,0,0,0,0,0,baixo
1,10000.0,114,0.9385964912280702,1,3,1,1,0,1,1,1,1,0,0,0,0,alto
8,75000.0,8,0.875,1,1,1,1,0,0,1,0,0,0,0,0,0,alto
3,0.0,0,0.0,103,1,1,0,0,0,0,0,0,1,0,0,0,baixo
7,150000.0,2204,0.70508166969147,3,3,1,1,1,1,1,0,0,0,0,1,1,alto
9,10000.0,10,0.6,1,2,1,0,0,0,1,0,0,1,0,0,0,alto
6,10000.0,17,0.8235294117647058,1,2,1,0,0,0,1,1,0,0,0,0,0,gratuito
3,10000.0,15,1.0,1,2,1,0,0,0,1,0,0,1,0,0,0,baixo
10,10000.0,36,0.9444444444444444,1,3,1,1,0,3,1,0,1,1,0,0,0,medio_alto
7,350000.0,5243,0.953843219530803,14,2,1,1,0,1,1,0,1,0,0,0,0,medio_alto
4,35000.0,5,0.8,2,2,1,0,0,1,1,0,1,0,0,0,0,medio_baixo
1,0.0,0,0.0,2,3,1,0,0,0,1,0,0,1,0,0,1,medio_baixo
4,10000.0,10,0.8,12,5,1,0,0,0,1,0,1,1,0,1,0,alto
2,10000.0,328,0.9847560975609756,1,4,1,0,0,1,1,0,1,0,1,0,0,alto
9,10000.0,29,0.6206896551724138,9,1,1,1,1,0,0,1,0,0,0,0,0,baixo
4,10000.0,0,0.0,14,2,1,0,0,0,0,0,0,1,1,0,0,medio_alto
3,0.0,0,0.0,1,1,1,0,0,1,0,0,0,0,0,0,0,gratuito
1,10000.0,0,0.0,1,3,1,1,1,0,0,0,1,1,0,0,1,medio_alto
2,35000.0,6,0.6666666666666666,1,2,1,0,0,0,0,1,1,0,0,0,0,baixo
1,0.0,0,0.0,103,2,1,0,0,0,1,0,0,1,0,0,0,medio_baixo
6,10000.0,31,0.8387096774193549,1,6,1,0,0,0,1,1,1,1,0,1,0,baixo
3,10000.0,8,0.125,9,3,1,1,0,0,0,1,1,1,0,0,0,alto
1,10000.0,0,0.0,29,2,1,0,0,0,1,0,0,1,0,0,0,baixo
5,75000.0,5,0.6,7,3,1,0,1,0,1,1,1,0,0,0,0,medio_baixo
9,10000.0,9,0.5555555555555556,1,2,1,0,0,0,1,1,0,0,0,0,0,baixo
7,10000.0,66,0.9242424242424242,1,2,1,0,0,1,0,0,0,1,0,0,1,alto
4,35000.0,8,1.0,8,2,1,1,1,2,1,0,1,0,0,0,0,alto
5,10000.0,27,0.9259259259259259,11,3,1,0,0,0,1,0,0,1,0,0,1,medio_baixo
12,35000.0,64,0.59375,1,4,1,0,0,2,1,0,1,1,1,0,0,baixo
2,10000.0,0,0.0,12,3,1,1,1,0,1,0,0,1,0,1,0,baixo
1,10000.0,286,0.9055944055944056,13,3,1,1,0,1,1,0,1,1,0,0,0,medio_alto
3,10000.0,8,1.0,1,2,1,1,0,0,1,0,0,1,0,0,0,medio_alto
1,10000.0,1,1.0,14,3,1,0,0,0,1,0,0,1,0,0,0,medio_baixo
1,0.0,0,0.0,0,0,1,0,0,0,0,0,0,0,0,0,0,gratuito
9,10000.0,30,0.6666666666666666,3,1,1,0,0,0,0,0,0,1,0,0,0,medio_baixo
4,10000.0,0,0.0,2,3,1,0,0,1,0,1,0,1,0,1,0,baixo
10,35000.0,176,0.9772727272727273,3,2,1,0,0,1,0,0,1,1,0,0,0,medio_alto
1,10000.0,0,0.0,1,2,1,0,0,0,0,0,0,0,0,0,1,alto
1,0.0,0,0.0,0,0,1,0,0,0,0,0,0,0,0,0,0,gratuito
7,10000.0,24,0.8333333333333334,11,2,1,1,0,0,1,0,1,0,0,0,0,medio_baixo
3,10000.0,46,0.6739130434782609,1,5,1,0,0,0,1,1,1,1,0,0,0,gratuito
5,35000.0,492,0.9288617886178862,9,1,1,1,0,0,0,0,0,1,0,0,0,baixo
3,75000.0,601,0.9600665557404326,1,2,1,1,0,0,0,1,1,0,0,0,0,alto
1,10000.0,0,0.0,1,2,1,1,0,0,1,0,0,0,1,0,0,baixo
1,35000.0,842,0.9263657957244655,1,2,1,0,0,0,0,1,0,0,0,0,0,alto
1,0.0,0,0.0,2,5,1,0,0,0,0,0,0,0,1,1,1,gratuito
2,10000.0,13,0.7692307692307693,6,1,1,0,0,2,0,0,0,0,0,1,0,medio_alto
2,10000.0,3,0.6666666666666666,11,3,1,0,0,0,1,1,1,0,0,0,0,baixo
1,10000.0,0,0.0,8,3,1,0,0,0,0,0,0,1,0,1,1,medio_baixo
1,10000.0,0,0.0,1,6,1,0,1,0,1,1,1,0,1,0,1,medio_alto
5,10000.0,1131,0.7798408488063661,1,6,1,0,0,0,1,1,1,1,1,0,1,baixo
2,10000.0,2,1.0,1,3,1,0,0,0,1,0,0,0,0,1,0,medio_alto
2,0.0,0,0.0,103,9,1,1,1,0,1,1,1,1,1,1,1,alto
5,10000.0,0,0.0,2,1,1,0,0,0,0,0,0,1,0,0,0,medio_baixo
1,0.0,0,0.0,0,0,1,0,0,0,0,0,0,0,0,0,0,gratuito
2,10000.0,6,1.0,1,5,1,0,0,0,1,1,1,1,0,0,0,medio_baixo
1,0.0,0,0.0,0,0,1,0,0,0,0,0,0,0,0,0,0,gratuito
2,10000.0,4,0.25,1,4,1,0,0,0,1,1,1,0,0,1,0,medio_baixo
3,10000.0,17,0.6470588235294118,1,2,1,1,0,0,1,0,1,0,0,0,0,baixo
1,0.0,0,0.0,0,0,1,0,0,0,0,0,0,0,0,0,0,gratuito
4,0.0,0,0.0,0,0,1,0,0,0,0,0,0,0,0,0,0,gratuito
6,35000.0,47,0.7659574468085106,1,6,1,1,0,0,0,0,0,0,0,0,0,gratuito
6,10000.0,0,0.0,1,2,1,0,0,0,1,0,0,0,0,1,0,medio_baixo
1,0.0,0,0.0,1,2,1,0,0,0,1,1,0,0,0,0,0,alto
2,10000.0,42,0.9047619047619048,8,4,1,0,1,1,0,1,1,0,0,1,0,alto
1,10000.0,7,0.8571428571428571,6,1,1,1,0,0,0,0,0,0,0,1,0,alto
4,10000.0,0,0.0,1,1,1,0,0,0,0,1,0,0,0,0,0,medio_alto
1,10000.0,0,0.0,10,2,1,0,0,0,0,1,1,0,0,0,0,alto
8,35000.0,1,0.0,1,6,1,0,0,0,1,0,0,1,1,1,1,medio_baixo
6,10000.0,26,0.4230769230769231,1,4,1,0,0,0,1,0,0,0,0,1,1,baixo
3,75000.0,78,0.9487179487179487,1,2,1,0,0,0,1,0,1,0,0,0,0,baixo
5,10000.0,0,0.0,3,1,1,0,0,0,0,0,1,0,0,0,0,medio_alto
5,35000.0,137,0.8905109489051095,1,3,1,0,0,0,0,0,0,0,1,0,1,gratuito
1,10000.0,7,0.8571428571428571,103,3,1,0,0,0,1,0,0,1,0,0,1,baixo
8,10000.0,4,0.75,2,4,1,0,0,0,1,0,0,0,0,1,0,alto
5,150000.0,2300,0.9752173913043478,1,5,1,0,1,1,1,1,1,1,0,0,0,gratuito
7,10000.0,5,0.4,1,4,1,0,0,0,1,0,0,0,1,1,0,alto
17,1500000.0,49117,0.8715312417289329,9,2,1,0,0,1,0,1,1,0,0,0,0,medio_alto
8,10000.0,22,0.5,6,2,1,1,0,2,0,0,0,1,0,0,1,medio_baixo
1,0.0,0,0.0,1,5,1,0,0,0,0,1,1,0,1,0,0,gratuito
10,10000.0,29,0.6551724137931034,1,3,1,0,0,0,1,0,0,0,0,0,1,gratuito
7,35000.0,218,0.8394495412844036,1,4,1,1,1,0,1,0,1,1,0,0,0,gratuito
2,150000.0,442,0.8280542986425339,12,4,1,1,0,1,1,0,1,1,0,0,1,medio_baixo
5,35000.0,47,0.7659574468085106,1,2,1,0,0,0,0,0,0,0,0,1,1,alto
7,10000.0,156,0.9102564102564102,12,2,1,1,0,0,1,0,0,1,0,0,0,baixo
5,10000.0,6,1.0,2,1,1,0,0,0,0,0,0,0,1,0,0,alto
10,10000.0,39,0.5128205128205128,3,3,1,0,0,0,1,0,1,1,0,0,0,gratuito
5,0.0,0,0.0,1,2,1,0,0,0,0,0,0,1,0,0,0,gratuito
1,10000.0,0,0.0,8,1,1,0,0,0,1,0,0,0,0,0,0,medio_baixo
4,0.0,0,0.0,1,3,1,0,0,0,0,1,1,0,0,0,0,gratuito
3,10000.0,3,0.6666666666666666,1,5,1,0,0,0,1,1,0,0,0,1,1,alto
9,350000.0,5195,0.9004812319538017,103,2,1,0,0,1,1,0,0,1,0,0,0,baixo
7,10000.0,46,0.8913043478260869,2,4,1,1,1,0,1,0,1,1,0,0,1,medio_baixo
6,10000.0,2,0.5,2,5,1,0,0,0,1,0,0,1,0,1,1,baixo
4,0.0,0,0.0,1,1,1,0,0,0,1,0,0,0,0,0,0,gratuito
3,10000.0,80,0.7625,8,2,1,1,0,0,1,0,1,0,0,0,0,baixo
4,10000.0,18,0.7777777777777778,1,3,1,0,0,0,1,1,0,1,0,0,0,gratuito
1,10000.0,0,0.0,11,2,1,0,0,0,1,1,0,0,0,0,0,medio_alto
6,10000.0,83,0.8674698795180723,1,2,1,0,0,0,0,0,0,0,0,0,0,alto
2,10000.0,0,0.0,3,1,1,1,0,0,0,0,0,0,0,1,0,baixo
1,10000.0,0,0.0,6,2,1,0,0,1,1,0,1,0,0,0,0,alto
1,0.0,0,0.0,10,2,1,1,1,0,0,0,0,1,0,0,1,alto
1,0.0,0,0.0,9,3,1,0,0,0,1,0,1,0,0,0,1,medio_baixo
3,0.0,0,0.0,1,1,1,0,0,0,0,0,0,0,0,0,1,gratuito
10,35000.0,227,0.6211453744493393,4,3,1,0,0,1,1,1,1,0,0,0,0,baixo
1,10000.0,0,0.0,7,2,1,0,0,0,1,0,0,0,0,0,1,alto
4,0.0,0,0.0,5,6,1,0,0,0,1,0,0,0,0,1,1,gratuito
2,35000.0,1,1.0,1,4,1,0,0,1,1,0,1,0,1,1,0,baixo
1,10000.0,0,0.0,1,4,1,1,0,1,1,1,1,0,1,0,0,medio_alto
1,0.0,0,0.0,0,0,1,0,0,0,0,0,0,0,0,0,0,gratuito
2,10000.0,24,0.5,1,1,1,1,0,0,0,0,0,0,0,0,1,alto
8,10000.0,0,0.0,1,2,1,0,1,0,1,1,0,0,0,0,0,medio_baixo
1,10000.0,0,0.0,1,1,1,0,0,0,0,0,0,1,0,0,0,alto
5,10000.0,1,1.0,1,2,1,0,0,0,0,1,0,1,0,0,0,alto
12,750000.0,401,0.7556109725685786,8,1,1,1,1,0,0,0,0,0,0,1,0,medio_baixo
2,35000.0,33,0.7878787878787878,2,3,1,0,0,0,0,1,0,0,1,1,0,medio_baixo
7,10000.0,12,0.8333333333333334,3,4,1,0,0,0,1,1,1,0,0,0,0,alto
8,10000.0,13,0.3076923076923077,2,3,1,1,0,0,1,0,0,0,0,1,1,alto
1,0.0,0,0.0,1,1,1,0,0,0,0,0,0,0,0,1,0,medio_baixo
6,10000.0,888,0.9313063063063063,4,3,1,0,0,1,1,1,0,0,0,0,0,alto
2,10000.0,1,1.0,1,3,1,0,0,0,0,0,0,0,0,0,0,medio_alto
5,10000.0,25,0.92,1,3,1,1,1,0,1,0,0,1,0,0,1,baixo
2,10000.0,7,1.0,1,3,1,0,0,0,1,0,0,1,0,0,1,medio_alto
3,35000.0,240,0.8375,7,2,1,1,0,0,1,0,1,0,0,0,0,medio_alto
5,10000.0,3,1.0,1,3,1,0,0,0,1,1,0,1,0,0,0,medio_baixo
2,10000.0,19,0.9473684210526315,2,2,1,0,0,0,1,0,0,0,0,0,1,medio_baixo
7,10000.0,71,0.43661971830985913,1,4,1,0,0,0,1,0,0,1,1,0,0,alto
4,0.0,0,0.0,0,0,1,0,0,0,0,0,0,0,0,0,0,gratuito
3,10000.0,25,0.84,1,2,1,1,1,0,0,0,0,0,0,1,1,baixo
7,75000.0,407,0.5995085995085995,6,1,1,1,0,2,0,0,1,0,0,0,0,medio_baixo
8,35000.0,202,0.801980198019802,3,4,1,0,0,0,1,0,0,1,1,1,0,alto
1,10000.0,0,0.0,1,3,1,1,0,0,1,0,0,1,0,0,1,alto
1,0.0,0,0.0,0,0,1,0,0,0,0,0,0,0,0,0,0,gratuito
1,0.0,0,0.0,1,5,1,0,0,3,1,0,0,0,1,0,1,gratuito
2,10000.0,38,0.9736842105263158,6,1,1,0,0,0,0,0,0,0,0,1,0,alto
2,10000.0,71,0.9859154929577465,6,4,1,0,0,0,1,1,0,1,0,0,0,medio_alto
3,0.0,0,0.0,0,0,1,0,0,0,0,0,0,0,0,0,0,gratuito
9,350000.0,9261,0.9666342727567218,23,3,1,1,1,1,1,0,1,1,0,0,0,medio_alto
1,350000.0,4117,0.7896526597036677,3,6,1,0,0,0,1,1,1,0,1,1,1,alto
5,75000.0,20,0.95,1,3,1,0,0,0,1,0,1,0,0,0,0,gratuito
1,0.0,0,0.0,0,0,1,0,0,0,0,0,0,0,0,0,0,gratuito
2,10000.0,0,0.0,1,2,1,0,0,0,0,0,1,0,1,0,0,baixo
2,10000.0,1,1.0,2,1,1,0,0,0,0,1,0,0,0,0,0,baixo
25,7500000.0,3163,0.8276952260512171,9,1,1,1,1,0,0,1,0,0,0,0,0,baixo
1,10000.0,152,1.0,4,3,1,0,0,0,1,0,1,1,0,0,0,medio_baixo
6,10000.0,1,0.0,1,7,1,0,0,0,1,1,1,1,1,0,1,medio_baixo
4,10000.0,0,0.0,2,3,1,0,0,0,1,0,0,1,0,0,0,medio_baixo
1,10000.0,15,0.9333333333333333,1,3,1,0,0,0,1,1,1,0,0,0,0,medio_alto
1,10000.0,0,0.0,2,1,1,0,0,0,0,0,0,1,0,0,0,medio_baixo
1,10000.0,55,0.5454545454545454,8,3,1,0,0,0,1,0,0,1,0,0,1,alto
5,0.0,0,0.0,0,0,1,0,0,0,0,0,0,0,0,0,0,gratuito
5,10000.0,0,0.0,8,2,1,0,0,1,1,0,0,1,0,0,0,baixo
10,350000.0,3209,0.9448426301028358,16,3,1,0,0,0,0,0,0,1,0,0,1,alto
4,0.0,0,0.0,0,0,1,0,0,0,0,0,0,0,0,0,0,gratuito
7,10000.0,12,1.0,1,4,1,0,0,0,1,1,0,1,0,0,0,gratuito
4,10000.0,5,0.2,1,3,1,0,0,0,1,1,1,0,0,0,0,baixo
2,10000.0,1,1.0,2,3,1,0,0,1,1,0,1,1,0,0,0,medio_alto
1,10000.0,0,0.0,11,4,1,0,1,0,1,1,0,1,0,1,0,medio_alto
10,10000.0,6,1.0,1,3,1,0,0,0,1,1,0,0,0,0,0,alto
6,150000.0,2861,0.8619363858790633,5,4,1,1,1,0,1,0,0,0,0,1,1,alto
2,0.0,0,0.0,0,0,1,0,0,0,0,0,0,0,0,0,0,gratuito
2,10000.0,188,0.8723404255319149,10,4,1,1,0,0,1,1,1,0,0,0,0,alto
3,10000.0,21,0.6190476190476191,2,1,1,0,0,0,0,0,1,0,0,0,0,baixo
2,0.0,0,0.0,0,0,1,0,0,0,0,0,0,0,0,0,0,gratuito
1,10000.0,0,0.0,5,3,1,0,0,68,0,1,1,0,1,0,0,alto
4,10000.0,44,0.5454545454545454,1,3,1,0,0,0,1,0,0,1,0,1,0,baixo
2,0.0,0,0.0,0,0,1,0,0,0,0,0,0,0,0,0,0,gratuito
10,35000.0,214,0.7383177570093458,5,4,1,1,1,0,1,1,0,0,1,0,1,alto
5,10000.0,38,0.8947368421052632,11,3,1,1,0,0,1,1,0,1,0,0,0,baixo
1,10000.0,27,0.8518518518518519,1,3,1,0,0,0,1,1,0,0,0,1,0,baixo
2,350000.0,2013,0.9667163437655241,4,2,1,0,0,2,1,1,0,0,0,0,0,medio_alto
8,10000.0,0,0.0,1,6,1,0,0,0,0,1,1,0,0,0,0,alto
6,0.0,0,0.0,0,0,1,0,0,0,0,0,0,0,0,0,0,gratuito
2,35000.0,20,0.95,1,2,1,0,0,0,1,0,0,0,0,1,0,medio_baixo
1,0.0,0,0.0,0,0,1,0,0,0,0,0,0,0,0,0,0,gratuito
1,10000.0,0,0.0,8,5,1,1,0,0,1,0,1,1,1,1,0,medio_alto
4,10000.0,39,0.9230769230769231,1,2,1,0,0,0,1,1,0,0,0,0,0,alto
2,10000.0,0,0.0,1,3,1,0,1,0,0,1,1,0,0,0,0,gratuito
3,0.0,0,0.0,0,0,1,0,0,0,0,0,0,0,0,0,0,gratuito
2,10000.0,11,0.6363636363636364,1,3,1,1,1,0,1,0,1,1,0,0,0,medio_alto
1,0.0,0,0.0,2,2,1,0,0,0,0,1,0,1,0,0,0,baixo
3,10000.0,28,0.9642857142857143,2,4,1,0,0,0,1,0,0,0,1,1,1,alto
3,350000.0,2004,0.5134730538922155,7,3,1,0,0,0,1,1,0,0,0,1,0,gratuito
6,10000.0,37,0.8108108108108109,1,3,1,0,0,0,1,1,1,0,0,0,0,baixo
4,35000.0,6,1.0,1,3,1,0,1,0,1,0,0,0,1,1,0,baixo
5,10000.0,0,0.0,1,2,1,1,0,0,1,0,0,1,0,0,0,medio_baixo
1,10000.0,0,0.0,12,4,1,0,0,0,1,0,1,0,1,1,0,alto
10,10000.0,9,0.2222222222222222,1,6,1,0,0,0,1,1,1,1,0,1,1,baixo
1,0.0,0,0.0,0,0,1,0,0,0,0,0,0,0,0,0,0,gratuito
1,0.0,0,0.0,1,6,1,0,0,0,1,0,0,0,1,1,1,gratuito
1,0.0,0,0.0,1,2,1,0,0,0,1,0,0,1,0,0,0,baixo
5,10000.0,105,0.7714285714285715,8,3,1,1,1,0,1,1,0,0,0,0,1,alto
1,0.0,0,0.0,2,1,1,0,0,0,0,1,0,0,0,0,0,medio_baixo
4,10000.0,5,0.6,2,4,1,0,0,3,0,0,1,0,1,1,1,alto
5,35000.0,21,0.7142857142857143,103,2,1,0,0,0,1,0,0,1,0,0,0,baixo
3,10000.0,0,0.0,1,3,1,0,0,0,1,0,0,1,0,0,1,alto
2,0.0,0,0.0,1,4,1,0,0,0,1,0,0,1,1,0,0,gratuito
6,10000.0,16,0.625,1,3,1,0,0,0,1,0,0,1,0,0,1,alto
10,10000.0,47,0.2765957446808511,1,2,1,0,0,0,1,1,0,0,0,0,0,medio_alto
3,35000.0,26,1.0,3,3,1,0,0,0,0,0,0,0,1,1,1,alto
6,10000.0,12,0.8333333333333334,1,2,1,0,0,0,0,0,0,0,0,0,0,alto
3,10000.0,31,0.967741935483871,6,2,1,0,0,0,1,0,0,1,0,0,0,baixo
5,10000.0,3,0.6666666666666666,1,4,1,0,0,0,1,1,1,0,1,0,0,alto
6,10000.0,9,0.0,10,2,1,0,0,0,1,1,0,0,0,0,0,medio_baixo
2,350000.0,13,0.3076923076923077,1,4,1,0,0,0,1,1,1,0,0,0,0,alto
6,10000.0,32,0.6875,1,2,1,0,0,0,1,0,0,0,1,0,0,baixo
3,10000.0,0,0.0,1,4,1,0,1,1,1,0,1,1,0,0,1,medio_baixo
2,35000.0,133,0.7593984962406015,2,7,1,0,0,0,1,1,1,1,1,1,0,alto
1,0.0,0,0.0,1,3,1,1,1,0,1,0,1,1,0,0,0,medio_alto
7,10000.0,2787,0.9655543595263725,10,3,1,1,0,2,1,0,1,1,0,0,0,alto
3,35000.0,6,0.6666666666666666,1,4,1,0,0,0,1,1,0,1,1,0,0,medio_alto
2,0.0,0,0.0,0,0,1,0,0,0,0,0,0,0,0,0,0,gratuito
1,0.0,0,0.0,1,2,1,1,1,1,1,0,0,0,0,1,0,alto
4,10000.0,61,0.9016393442622951,11,5,1,1,0,0,1,1,1,1,1,0,0,alto
3,10000.0,14,0.8571428571428571,1,1,1,0,0,0,0,1,0,0,0,0,0,medio_alto
8,10000.0,49,0.8163265306122449,1,3,1,0,0,0,1,0,0,1,0,0,1,medio_alto
2,10000.0,11,0.8181818181818182,11,2,1,0,0,0,1,0,0,0,0,0,1,baixo
9,10000.0,36,0.4166666666666667,1,3,1,0,0,0,1,0,1,1,0,0,0,medio_alto
4,10000.0,0,0.0,1,3,1,0,0,0,1,1,0,0,0,0,0,alto
6,150000.0,1173,0.8891730605285593,1,2,1,0,0,0,1,0,0,0,0,0,1,medio_alto
8,35000.0,291,0.8865979381443299,1,4,1,1,1,0,1,0,0,0,0,0,1,gratuito
7,35000.0,163,0.8834355828220859,2,1,1,1,0,0,1,0,0,0,0,0,0,alto
7,10000.0,151,0.9337748344370861,29,3,1,0,0,0,1,0,0,1,0,0,0,baixo
1,0.0,0,0.0,1,2,1,1,0,0,0,0,0,1,0,0,0,gratuito
3,10000.0,1,1.0,1,2,1,0,0,0,0,0,0,1,0,0,0,medio_baixo
1,10000.0,2,1.0,2,1,1,1,0,0,0,0,0,1,0,0,0,baixo
2,10000.0,355,0.9211267605633803,4,4,1,0,0,3,1,1,1,0,1,0,0,medio_alto
3,10000.0,11,0.45454545454545453,1,2,1,0,0,0,0,1,1,0,0,0,0,medio_baixo
1,10000.0,0,0.0,1,3,1,0,0,0,1,0,0,1,0,0,0,medio_baixo
6,75000.0,28,0.9285714285714286,1,2,1,0,0,0,1,1,0,0,0,0,0,medio_baixo
1,10000.0,5,1.0,5,1,1,0,0,0,1,0,0,0,0,0,0,medio_baixo
5,10000.0,9,0.5555555555555556,1,2,1,0,0,0,1,1,0,0,0,0,0,baixo
7,10000.0,3,0.6666666666666666,1,4,1,0,0,0,1,1,1,1,0,0,0,medio_alto
2,10000.0,25,1.0,4,4,1,0,0,0,1,1,0,1,0,0,0,baixo
1,10000.0,0,0.0,2,1,1,0,1,0,1,0,0,0,0,0,0,medio_baixo
7,150000.0,1347,0.6443949517446177,14,1,1,0,0,1,0,0,1,0,0,0,0,medio_alto
5,0.0,0,0.0,7,3,1,0,0,0,1,0,1,0,0,0,0,gratuito
3,10000.0,0,0.0,1,3,1,0,0,0,1,1,0,0,0,0,1,gratuito
1,10000.0,0,0.0,1,3,1,0,0,0,1,1,1,0,0,0,0,medio_alto
2,75000.0,13,0.7692307692307693,103,5,1,0,0,0,1,1,1,0,1,1,0,medio_alto
3,10000.0,0,0.0,1,1,1,0,0,0,0,0,0,1,0,0,0,medio_alto
2,75000.0,8,1.0,2,4,1,0,0,0,0,1,1,0,1,0,0,medio_baixo
2,0.0,0,0.0,30,3,1,0,0,0,0,0,0,1,1,0,1,medio_alto
1,0.0,0,0.0,11,1,1,0,0,1,0,0,1,0,0,0,0,medio_baixo
1,10000.0,0,0.0,5,2,1,0,0,0,0,1,1,0,0,0,0,alto
1,10000.0,46,0.9130434782608695,12,2,1,0,0,0,1,0,1,0,0,0,0,baixo
2,10000.0,6,1.0,5,6,1,0,0,0,0,1,1,0,1,0,1,medio_alto
1,10000.0,0,0.0,1,5,1,0,0,0,1,0,1,1,0,1,1,medio_baixo
17,75000.0,345,0.8376811594202899,8,2,1,0,0,3,1,1,0,0,0,0,0,medio_baixo
8,350000.0,1458,0.7839506172839507,16,4,1,1,1,0,1,0,1,1,1,0,0,medio_baixo
2,10000.0,13,0.9230769230769231,8,2,1,1,1,1,1,0,1,0,0,0,0,alto
3,10000.0,0,0.0,1,2,1,1,1,0,1,1,0,0,0,0,0,medio_baixo
9,750000.0,214,0.5,1,4,1,0,0,0,1,1,1,1,0,0,0,baixo
2,10000.0,4,1.0,1,4,1,0,0,0,1,0,0,1,0,0,1,alto
3,10000.0,17,0.8823529411764706,1,3,1,0,0,0,1,1,1,0,0,0,0,baixo
5,10000.0,0,0.0,2,2,1,0,0,0,1,0,0,1,0,0,0,baixo
4,35000.0,27,0.8148148148148148,2,3,1,1,1,0,1,1,0,0,1,0,0,medio_baixo
1,10000.0,0,0.0,12,1,1,0,0,0,0,0,1,0,0,0,0,alto
8,35000.0,387,0.6124031007751938,4,3,1,0,0,1,1,0,0,1,1,0,0,medio_alto
1,35000.0,8,1.0,1,3,1,0,0,0,1,0,1,1,0,0,0,medio_baixo
2,0.0,0,0.0,12,5,1,0,0,0,0,0,0,1,0,1,0,gratuito
3,0.0,0,0.0,0,0,1,0,0,0,0,0,0,0,0,0,0,gratuito
6,10000.0,14,0.14285714285714285,1,1,1,1,0,0,1,0,0,0,0,0,0,baixo
5,0.0,0,0.0,0,0,1,0,0,0,0,0,0,0,0,0,0,gratuito
3,350000.0,731,0.8809849521203831,9,3,1,0,0,0,1,1,0,0,1,0,0,medio_alto
4,10000.0,4,0.75,1,1,1,0,0,0,0,1,0,0,0,0,0,baixo
10,75000.0,618,0.8090614886731392,7,3,1,1,1,1,1,1,1,0,0,0,0,medio_baixo
7,10000.0,6,0.6666666666666666,2,3,1,0,0,0,1,1,0,1,0,0,0,medio_baixo
1,10000.0,0,0.0,7,3,1,0,0,0,1,1,1,0,0,0,0,medio_baixo
6,10000.0,41,0.7560975609756098,1,1,1,0,0,1,1,0,0,0,0,0,0,gratuito
4,10000.0,4,1.0,1,3,1,0,0,1,1,1,1,0,0,0,0,alto
8,35000.0,456,0.8157894736842105,1,2,1,0,0,0,0,1,1,0,0,0,0,medio_baixo
1,10000.0,0,0.0,1,3,1,0,0,0,1,0,0,0,1,0,1,alto
2,0.0,0,0.0,0,0,1,0,0,0,0,0,0,0,0,0,0,gratuito
2,10000.0,6,0.8333333333333334,2,3,1,0,0,0,0,0,0,1,0,0,1,baixo
1,0.0,0,0.0,0,0,1,0,0,0,0,0,0,0,0,0,0,gratuito
4,0.0,0,0.0,0,0,1,0,0,0,0,0,0,0,0,0,0,gratuito
10,10000.0,85,0.7411764705882353,1,3,1,1,1,0,1,0,1,0,1,0,0,medio_baixo
1,10000.0,0,0.0,8,5,1,0,0,0,1,1,1,1,0,0,1,medio_baixo
7,10000.0,10,0.6,8,2,1,0,0,0,1,0,0,0,0,1,0,alto
10,10000.0,28,0.7142857142857143,1,3,1,0,0,1,1,1,0,1,0,0,0,alto
3,35000.0,2,1.0,1,4,1,0,0,0,0,1,1,1,0,0,0,medio_alto
3,75000.0,98,0.8061224489795918,2,4,1,0,0,1,1,1,1,1,0,0,0,medio_alto
11,35000.0,252,0.8888888888888888,3,1,1,1,1,2,1,0,0,0,0,0,0,medio_alto
10,10000.0,2,0.5,1,4,1,0,0,0,1,0,0,1,0,1,0,baixo
1,10000.0,0,0.0,1,2,1,0,0,0,1,1,0,0,0,0,0,medio_baixo
12,75000.0,1291,0.3872966692486445,1,1,1,0,0,0,1,0,0,0,0,0,0,baixo
5,10000.0,6,1.0,1,2,1,0,0,0,1,0,0,1,0,0,0,medio_alto
1,10000.0,0,0.0,11,1,1,0,0,0,0,0,0,1,0,0,0,baixo
3,10000.0,33,0.6666666666666666,11,3,1,0,0,0,1,1,0,0,0,0,1,alto
2,10000.0,48,0.4375,1,5,1,0,0,0,0,1,1,0,1,0,1,medio_baixo
1,0.0,0,0.0,1,1,1,0,0,0,0,0,0,1,0,0,0,alto
3,10000.0,9,0.7777777777777778,6,1,1,0,0,0,0,0,0,1,0,0,0,baixo
2,0.0,0,0.0,103,3,1,0,0,0,1,0,0,1,0,0,0,gratuito
2,10000.0,100,0.83,6,3,1,0,0,0,1,1,0,0,1,0,0,medio_alto
2,10000.0,6,0.6666666666666666,2,4,1,0,0,0,1,1,1,0,0,0,1,medio_baixo
5,750000.0,27539,0.9688078724717674,12,2,1,1,0,1,1,0,0,1,0,0,0,alto
5,10000.0,35,0.6285714285714286,3,4,1,1,1,0,1,0,0,1,0,1,1,medio_baixo
2,0.0,0,0.0,0,0,1,0,0,0,0,0,0,0,0,0,0,gratuito
3,0.0,0,0.0,15,2,1,0,0,1,1,0,0,1,0,0,0,baixo
3,0.0,0,0.0,1,3,1,0,0,0,1,0,0,1,0,1,0,gratuito
2,10000.0,21,0.8095238095238095,1,1,1,0,0,0,0,0,0,0,1,0,0,alto
5,10000.0,18,0.7222222222222222,103,2,1,0,0,0,0,0,0,1,0,1,0,baixo
1,0.0,0,0.0,0,0,1,0,0,0,0,0,0,0,0,0,0,gratuito
7,10000.0,8,0.5,1,3,1,0,0,0,1,1,1,0,0,0,0,medio_alto
11,75000.0,120,0.6833333333333333,1,3,1,1,1,0,1,1,1,0,0,0,0,medio_baixo
8,350000.0,367,0.4904632152588556,1,3,1,1,0,0,0,0,1,0,0,0,1,gratuito
9,10000.0,67,0.9701492537313433,1,4,1,0,0,1,1,1,1,0,1,0,0,medio_alto
8,10000.0,10,0.5,1,5,1,0,0,0,1,1,0,1,0,0,1,medio_baixo
4,75000.0,24,0.9583333333333334,1,2,1,0,0,0,1,0,0,0,1,0,0,medio_alto
3,10000.0,1,1.0,1,2,1,0,0,0,0,0,1,0,0,1,0,alto
4,10000.0,31,0.7741935483870968,2,1,1,0,0,0,0,0,1,0,0,0,0,medio_alto
2,10000.0,17,1.0,2,3,1,0,0,0,1,1,0,1,0,0,0,medio_baixo
2,10000.0,9,1.0,2,2,1,0,0,1,1,1,0,0,0,0,0,alto
4,0.0,0,0.0,0,0,1,0,0,0,0,0,0,0,0,0,0,gratuito
1,0.0,0,0.0,7,1,1,0,0,0,1,0,0,0,0,0,0,medio_baixo
8,0.0,0,0.0,2,3,1,1,0,1,1,0,1,1,0,0,0,baixo
2,0.0,0,0.0,103,9,1,1,1,0,1,1,1,1,1,1,1,alto
2,10000.0,95,0.631578947368421,14,3,1,0,0,1,1,1,1,0,0,0,0,alto
5,35000.0,3,0.6666666666666666,1,3,1,0,0,0,1,0,1,0,1,0,0,medio_alto
2,0.0,0,0.0,0,0,1,0,0,0,0,0,0,0,0,0,0,gratuito
9,350000.0,5243,0.8834636658401679,20,3,1,0,0,1,1,1,1,0,0,0,0,medio_alto
9,10000.0,5,0.8,3,1,1,1,0,0,1,0,0,0,0,0,0,medio_alto
3,10000.0,5,1.0,1,3,1,0,0,0,1,0,0,1,0,0,1,baixo
2,10000.0,0,0.0,1,5,1,0,0,0,1,1,1,1,0,0,0,gratuito
2,0.0,0,0.0,0,0,1,0,0,0,0,0,0,0,0,0,0,gratuito
4,10000.0,4,1.0,1,3,1,0,1,0,1,0,0,1,0,1,0,alto
7,10000.0,5,1.0,1,2,1,1,1,0,1,1,0,0,0,0,0,baixo
12,35000.0,12,0.75,1,2,1,0,0,0,1,0,1,0,0,0,0,alto
13,750000.0,3139,0.7865562280981204,7,1,1,1,1,0,0,0,0,0,0,1,0,medio_alto
11,35000.0,61,0.5245901639344263,2,2,1,0,0,0,1,0,0,1,0,0,0,alto
1,10000.0,5,1.0,2,3,1,1,1,0,1,0,1,0,0,0,1,baixo
7,10000.0,0,0.0,1,1,1,1,0,0,0,0,0,1,0,0,0,medio_alto
2,10000.0,4,1.0,1,2,1,0,0,0,0,1,0,1,0,0,0,medio_baixo
8,150000.0,2824,0.8845609065155807,14,3,1,0,0,1,1,0,1,1,0,0,0,alto
3,10000.0,47,1.0,1,4,1,0,0,0,1,1,1,1,0,0,0,medio_alto
1,0.0,0,0.0,103,10,1,0,0,0,1,0,1,1,0,0,1,alto
1,0.0,0,0.0,103,1,1,1,1,1,0,0,0,1,0,0,0,baixo
8,10000.0,35,0.7714285714285715,2,1,1,0,0,0,1,0,0,0,0,0,0,baixo
2,10000.0,2,1.0,3,5,1,0,0,0,1,0,1,0,1,1,0,medio_baixo
4,10000.0,8,0.875,1,2,1,0,0,0,1,1,0,0,0,0,0,baixo
11,10000.0,47,0.6595744680851063,1,5,1,0,0,0,1,1,1,0,1,0,0,medio_alto
3,10000.0,12,0.75,1,4,1,0,0,0,1,0,1,1,0,1,0,baixo
2,0.0,0,0.0,103,2,1,0,0,0,1,0,0,1,0,0,0,baixo
1,0.0,0,0.0,0,0,1,0,0,0,0,0,0,0,0,0,0,gratuito
1,0.0,0,0.0,0,0,1,0,0,0,0,0,0,0,0,0,0,gratuito
1,10000.0,3,0.6666666666666666,2,5,1,0,0,0,1,1,1,1,0,0,1,baixo
9,10000.0,2,1.0,1,4,1,1,0,0,1,1,1,0,0,0,0,medio_alto
2,10000.0,5,1.0,1,2,1,0,0,0,1,0,0,0,0,0,1,medio_baixo
3,10000.0,28,0.6785714285714286,1,5,1,0,0,0,1,1,1,1,0,0,1,baixo
5,35000.0,2,1.0,2,3,1,0,0,0,1,1,0,0,0,0,0,baixo
1,10000.0,0,0.0,1,2,1,0,0,0,1,0,0,1,0,0,0,medio_baixo
4,150000.0,1713,0.9147694103911267,1,2,1,0,0,0,1,1,0,0,0,0,0,medio_alto
4,10000.0,29,0.6206896551724138,1,6,1,0,0,0,1,1,1,0,0,0,1,gratuito
8,10000.0,12,0.8333333333333334,1,1,1,0,0,0,0,0,0,0,0,1,0,alto
4,750000.0,13152,0.9478406326034063,15,3,1,1,0,0,1,0,1,0,0,0,1,medio_alto
3,10000.0,65,0.8461538461538461,28,4,1,0,0,1,1,0,0,1,0,1,1,baixo
3,10000.0,0,0.0,7,5,1,0,0,0,1,1,1,1,0,0,0,alto
3,350000.0,1564,0.789002557544757,10,1,1,0,0,0,0,1,0,0,0,0,0,medio_alto
2,10000.0,2,1.0,1,2,1,0,0,0,0,1,1,0,0,0,0,alto
7,75000.0,174,0.6551724137931034,1,3,1,0,0,0,0,1,0,0,0,1,0,gratuito
3,0.0,0,0.0,0,0,1,0,0,0,0,0,0,0,0,0,0,gratuito
7,10000.0,20,0.5,10,2,1,0,0,0,1,1,0,0,0,0,0,baixo
1,10000.0,0,0.0,3,3,1,0,0,0,1,0,0,0,0,0,1,alto
3,10000.0,21,0.9523809523809523,1,3,1,1,0,0,1,1,0,0,0,1,0,baixo
1,0.0,0,0.0,0,0,1,0,0,0,0,0,0,0,0,0,0,gratuito
1,0.0,0,0.0,0,0,1,0,0,0,0,0,0,0,0,0,0,gratuito
1,10000.0,0,0.0,103,4,1,0,0,0,1,1,1,1,0,0,0,medio_alto
7,10000.0,11,0.6363636363636364,2,1,1,0,0,0,0,0,0,0,0,0,1,gratuito
4,10000.0,22,0.8636363636363636,1,3,1,0,0,0,0,1,0,1,1,0,0,baixo
6,10000.0,552,0.9329710144927537,10,2,1,0,0,0,1,1,0,0,0,0,0,medio_alto
2,10000.0,0,0.0,2,5,1,0,0,0,1,1,1,0,0,0,0,gratuito
2,35000.0,508,0.9173228346456693,3,4,1,0,0,0,1,0,1,0,1,1,0,alto
9,10000.0,131,0.732824427480916,1,3,1,0,0,0,1,1,0,0,1,0,0,gratuito
10,10000.0,100,0.88,1,2,1,0,0,1,1,1,0,0,0,0,0,medio_alto
1,10000.0,20,1.0,5,3,1,0,1,0,1,1,0,0,0,1,0,medio_baixo
11,150000.0,837,0.9068100358422939,13,2,1,1,1,1,1,1,0,0,0,0,0,baixo
1,0.0,0,0.0,0,0,1,0,0,0,0,0,0,0,0,0,0,gratuito
14,350000.0,1732,0.6085450346420324,6,1,1,0,0,4,0,0,0,0,0,0,0,medio_baixo
5,0.0,0,0.0,0,0,1,0,0,0,0,0,0,0,0,0,0,gratuito
8,35000.0,6,0.3333333333333333,1,5,1,0,0,0,1,0,0,1,0,1,1,medio_alto
14,3500000.0,20145,0.7912137006701415,3,3,1,0,0,0,0,0,0,0,1,0,0,gratuito
4,0.0,0,0.0,0,0,1,0,0,0,0,0,0,0,0,0,0,gratuito
6,10000.0,1,1.0,1,2,1,0,0,1,1,1,0,0,0,0,0,medio_alto
3,10000.0,1,0.0,1,3,1,0,0,0,1,0,0,1,0,1,0,medio_alto
4,0.0,0,0.0,1,3,1,0,0,0,0,0,0,0,1,0,1,gratuito
2,10000.0,11,0.36363636363636365,1,2,1,0,0,0,1,0,1,0,0,0,0,baixo
6,10000.0,25,1.0,1,4,1,0,0,0,1,0,1,0,0,0,0,gratuito
8,10000.0,27,0.8518518518518519,1,4,1,0,1,0,1,1,1,0,0,1,0,medio_baixo
14,35000.0,184,0.717391304347826,2,1,1,0,0,0,0,0,1,0,0,0,0,baixo
1,0.0,0,0.0,0,0,1,0,0,0,0,0,0,0,0,0,0,gratuito
7,75000.0,212,0.6650943396226415,7,2,1,0,0,0,0,0,0,0,0,1,1,medio_alto
5,10000.0,1,1.0,1,2,1,0,1,0,1,0,0,0,0,0,1,medio_alto
1,10000.0,3,1.0,2,1,1,0,0,1,0,0,0,1,0,0,0,medio_baixo
10,350000.0,540,0.8851851851851852,6,2,1,1,0,1,1,0,0,0,1,0,0,medio_alto
6,10000.0,22,0.6363636363636364,1,1,1,0,0,0,1,0,0,0,0,0,0,baixo
9,10000.0,34,0.8529411764705882,1,2,1,0,0,0,1,0,0,0,0,1,0,baixo
1,10000.0,0,0.0,9,2,1,0,0,0,0,1,1,0,0,0,0,medio_alto
5,10000.0,0,0.0,29,4,1,1,1,0,1,0,0,1,1,0,1,baixo
2,10000.0,0,0.0,1,2,1,0,0,0,0,0,0,0,0,0,0,gratuito
1,10000.0,0,0.0,3,1,1,0,0,0,1,0,0,0,0,0,0,medio_alto
3,10000.0,169,0.7810650887573964,2,3,1,0,0,0,1,1,1,0,0,0,0,medio_baixo
11,350000.0,804,0.6716417910447762,1,3,1,1,1,0,1,0,1,0,1,0,0,medio_alto
1,10000.0,0,0.0,1,5,1,0,0,0,1,1,0,1,1,1,0,medio_alto
1,0.0,0,0.0,30,3,1,1,0,0,0,0,0,1,1,0,1,alto
1,10000.0,210,0.8523809523809524,1,3,1,1,1,1,1,1,1,0,0,0,0,medio_alto
7,10000.0,10,0.6,1,1,1,0,0,0,0,0,0,0,0,1,0,alto
7,10000.0,13,0.38461538461538464,9,1,1,0,0,0,0,1,0,0,0,0,0,medio_baixo
1,0.0,0,0.0,0,0,1,0,0,0,0,0,0,0,0,0,0,gratuito
2,10000.0,22,0.9545454545454546,10,3,1,0,0,0,1,1,1,0,0,0,0,medio_alto
6,10000.0,6,0.6666666666666666,1,4,1,0,0,0,1,1,0,1,0,0,1,baixo
4,35000.0,1854,0.9654800431499461,1,3,1,0,0,1,0,0,1,1,1,0,0,alto
4,0.0,0,0.0,4,3,1,0,0,1,1,0,0,0,1,0,0,gratuito
1,10000.0,5,1.0,1,2,1,1,0,0,0,0,0,0,0,0,1,medio_baixo
8,10000.0,127,0.3464566929133858,4,10,1,0,0,0,1,1,1,1,1,1,0,baixo
2,0.0,0,0.0,0,0,1,0,0,0,0,0,0,0,0,0,0,gratuito
4,35000.0,132,0.9318181818181818,1,2,1,0,0,0,1,0,0,0,1,0,0,medio_alto
1,10000.0,0,0.0,1,4,1,0,0,0,1,1,1,0,0,0,0,gratuito
2,10000.0,7,1.0,1,3,1,0,0,0,0,1,1,0,1,0,0,medio_alto
6,10000.0,4,0.25,1,3,1,0,0,0,1,0,0,0,0,1,1,baixo
4,150000.0,1487,0.7074646940147948,12,3,1,1,1,1,0,0,0,0,1,1,1,medio_alto
1,0.0,0,0.0,0,0,1,0,0,0,0,0,0,0,0,0,0,gratuito
3,0.0,0,0.0,0,0,1,0,0,0,0,0,0,0,0,0,0,gratuito
11,75000.0,112,0.5714285714285714,1,3,1,1,0,0,1,1,0,0,0,1,0,baixo
1,10000.0,33,0.8787878787878788,3,5,1,0,0,0,1,0,1,1,1,0,1,baixo
2,35000.0,6,1.0,1,3,1,0,0,0,1,1,0,0,1,0,0,medio_baixo
4,10000.0,19,0.5789473684210527,2,4,1,0,0,0,1,1,0,1,1,0,0,medio_baixo
6,10000.0,259,0.9806949806949807,1,3,1,1,0,0,1,1,0,1,0,0,0,medio_baixo
9,35000.0,166,0.7710843373493976,1,2,1,0,0,0,0,1,0,0,0,1,0,baixo
1,10000.0,0,0.0,1,5,1,0,0,0,1,0,1,1,1,0,0,medio_alto
1,0.0,0,0.0,0,0,1,0,0,0,0,0,0,0,0,0,0,gratuito
1,10000.0,0,0.0,11,4,1,0,0,0,1,1,1,0,0,0,0,alto
3,10000.0,2,0.5,4,1,1,0,0,0,0,0,0,1,0,0,0,alto
4,10000.0,150,0.7866666666666666,6,1,1,0,0,8,0,0,0,0,1,0,0,alto
1,0.0,0,0.0,1,2,1,0,1,0,1,0,0,0,0,0,0,gratuito
3,10000.0,163,0.6748466257668712,12,6,1,0,0,0,1,1,1,0,0,0,1,medio_alto
1,10000.0,0,0.0,2,2,1,0,0,0,1,1,0,0,0,0,0,baixo
4,0.0,0,0.0,1,4,1,0,0,0,1,0,0,1,0,1,0,gratuito
2,10000.0,73,0.7945205479452054,1,4,1,0,0,0,1,0,0,1,0,0,1,alto
2,35000.0,40,0.925,1,3,1,0,0,0,1,0,0,1,0,0,1,medio_alto
1,0.0,0,0.0,0,0,1,0,0,0,0,0,0,0,0,0,0,gratuito
4,10000.0,5,0.4,4,1,1,0,0,0,0,0,0,1,0,0,0,medio_alto
9,10000.0,6,0.16666666666666666,1,3,1,0,0,0,1,0,0,1,0,0,0,medio_baixo
11,750000.0,11517,0.8464878006425285,11,5,1,1,0,0,1,0,1,1,0,1,1,alto
1,0.0,0,0.0,0,0,1,0,0,0,0,0,0,0,0,0,0,gratuito
2,10000.0,2,1.0,1,1,1,0,0,0,1,0,0,0,0,0,0,baixo
9,350000.0,500,0.804,1,2,1,0,0,2,1,1,0,0,0,0,0,alto
6,10000.0,1,1.0,1,1,1,0,0,0,0,0,0,1,0,0,0,medio_baixo
2,75000.0,944,0.8591101694915254,13,1,1,0,0,0,1,0,0,0,0,0,0,medio_alto
3,10000.0,26,0.8076923076923077,4,2,1,0,0,0,0,1,1,0,0,0,0,medio_alto
2,10000.0,4,1.0,11,3,1,0,0,0,1,1,1,0,0,0,0,medio_alto
13,75000.0,259,0.7606177606177607,2,2,1,1,1,0,0,0,1,0,1,0,0,baixo
10,35000.0,26,0.7692307692307693,1,1,1,1,1,0,0,0,0,0,0,1,0,alto
1,150000.0,175,0.6285714285714286,2,4,1,0,0,0,1,0,1,0,1,0,0,alto
2,0.0,0,0.0,0,0,1,0,0,0,0,0,0,0,0,0,0,gratuito
3,10000.0,10,0.5,1,3,1,0,0,0,1,0,0,0,0,0,1,baixo
9,10000.0,7,0.8571428571428571,1,4,1,1,1,0,1,0,0,1,0,0,0,medio_alto
2,10000.0,99,0.9292929292929293,14,5,1,0,0,0,1,1,0,1,0,0,0,alto
2,10000.0,20,0.95,3,1,1,0,0,1,0,0,0,0,1,0,0,medio_alto
9,35000.0,59,0.5254237288135594,2,3,1,0,0,0,1,1,0,1,0,0,0,medio_baixo
8,10000.0,35,0.9714285714285714,1,6,1,1,0,0,1,0,1,1,1,1,1,baixo
2,10000.0,9,1.0,1,2,1,0,0,0,1,0,0,1,0,0,0,baixo
5,0.0,0,0.0,1,4,1,0,0,1,1,0,0,1,0,1,0,gratuito
2,35000.0,156,0.9551282051282052,1,4,1,0,0,0,1,0,1,1,0,0,0,gratuito
2,35000.0,860,0.9720930232558139,8,4,1,0,0,2,1,1,1,0,1,0,0,medio_alto
1,0.0,0,0.0,8,4,1,0,0,1,1,0,0,1,0,0,1,alto
21,10000.0,1080,0.8,5,2,1,1,1,0,1,0,0,0,0,1,0,medio_baixo
8,10000.0,6,0.8333333333333334,1,1,1,0,0,0,1,0,0,0,0,0,0,medio_alto
3,10000.0,222,0.11711711711711711,1,5,1,0,0,0,1,1,0,1,0,0,1,medio_alto
3,150000.0,1357,0.7236551215917465,11,5,1,0,0,0,1,0,0,1,1,0,1,alto
5,10000.0,2,0.0,2,6,1,0,0,0,1,1,1,0,0,0,1,medio_alto
1,0.0,0,0.0,0,0,1,0,0,0,0,0,0,0,0,0,0,gratuito
10,75000.0,112,0.36607142857142855,1,2,1,0,0,0,0,0,0,1,0,1,0,baixo
1,0.0,0,0.0,1,3,1,0,0,0,0,0,0,0,1,0,0,gratuito
1,10000.0,0,0.0,8,3,1,1,0,0,1,0,1,1,0,0,0,medio_baixo
3,35000.0,2192,0.9758211678832117,3,3,1,0,0,0,0,0,1,1,0,0,1,alto
1,10000.0,0,0.0,1,5,1,0,0,0,1,0,1,1,0,0,1,medio_baixo
12,350000.0,1363,0.8760088041085841,8,4,1,1,1,1,1,0,1,0,1,0,0,gratuito
1,0.0,0,0.0,18,5,1,0,0,0,1,1,1,1,0,0,0,gratuito
6,10000.0,220,0.8772727272727273,1,4,1,1,0,0,1,0,0,1,0,0,0,medio_alto
1,10000.0,122,0.9098360655737705,1,1,1,0,0,0,0,0,0,0,1,0,0,alto
7,10000.0,8,0.25,1,4,1,0,0,0,1,1,1,1,0,0,0,baixo
2,35000.0,336,0.8333333333333334,5,1,1,0,0,0,0,0,0,1,0,0,0,medio_baixo
2,10000.0,0,0.0,3,3,1,0,0,0,1,0,0,1,1,0,0,alto
6,10000.0,77,0.7922077922077922,1,5,1,0,0,0,1,1,1,1,0,0,1,gratuito
5,10000.0,0,0.0,1,3,1,1,0,0,1,1,0,1,0,0,0,baixo
4,10000.0,5,0.6,5,3,1,0,0,1,0,1,1,0,1,0,0,baixo
8,10000.0,77,0.948051948051948,7,2,1,1,1,1,1,1,0,0,0,0,0,gratuito
6,35000.0,317,0.9621451104100947,1,2,1,0,0,0,0,1,0,0,0,0,0,gratuito
1,0.0,0,0.0,0,0,1,0,0,0,0,0,0,0,0,0,0,gratuito
2,10000.0,2,0.5,1,2,1,0,0,0,0,1,0,0,0,0,0,medio_alto
2,0.0,0,0.0,0,0,1,0,0,0,0,0,0,0,0,0,0,gratuito
1,10000.0,0,0.0,15,3,1,0,0,0,1,1,0,0,1,0,0,medio_alto
8,10000.0,13,0.6153846153846154,3,5,1,0,0,1,1,1,0,1,0,1,1,medio_baixo
3,35000.0,27,1.0,1,2,1,0,0,0,1,0,1,0,0,0,0,medio_baixo
7,10000.0,191,0.774869109947644,2,1,1,0,0,0,0,0,0,0,0,0,0,medio_baixo
3,35000.0,13,1.0,1,4,1,0,0,0,1,1,1,0,1,0,0,baixo
3,10000.0,0,0.0,2,1,1,0,0,0,0,0,0,1,0,0,0,medio_alto
6,10000.0,6,0.6666666666666666,6,2,1,1,1,0,1,0,0,0,0,1,0,baixo
3,0.0,0,0.0,0,0,1,0,0,0,0,0,0,0,0,0,0,gratuito
7,35000.0,108,0.8888888888888888,4,2,1,0,0,0,1,0,0,1,0,0,0,medio_baixo
5,35000.0,17,0.8235294117647058,1,1,1,1,1,0,0,0,0,0,1,0,0,medio_alto
5,10000.0,5,0.8,4,2,1,0,0,0,1,1,0,0,0,0,0,alto
5,0.0,0,0.0,0,0,1,0,0,0,0,0,0,0,0,0,0,gratuito
9,10000.0,22,0.8636363636363636,1,3,1,0,0,0,1,1,1,0,0,0,0,baixo
9,10000.0,26,0.4230769230769231,1,7,1,0,0,0,1,1,1,1,0,1,0,medio_alto
9,35000.0,405,0.9555555555555556,103,3,1,1,1,0,1,0,0,1,0,1,0,baixo
3,0.0,0,0.0,1,4,1,0,0,0,1,1,0,0,1,0,0,gratuito
2,10000.0,0,0.0,1,3,1,1,1,0,1,0,1,1,0,0,0,baixo
1,0.0,0,0.0,0,0,1,0,0,0,0,0,0,0,0,0,0,gratuito
3,10000.0,54,0.8148148148148148,1,2,1,0,0,0,1,1,0,0,0,0,0,alto
2,10000.0,120,0.9666666666666667,1,4,1,0,0,0,1,1,0,0,0,0,1,alto
1,0.0,0,0.0,0,0,1,0,0,0,0,0,0,0,0,0,0,gratuito
2,10000.0,3,0.6666666666666666,1,1,1,1,0,0,0,0,1,0,0,0,0,medio_baixo
3,0.0,0,0.0,1,4,1,0,0,0,1,0,0,0,0,0,1,gratuito
7,35000.0,55,0.9454545454545454,8,3,1,1,1,0,1,1,0,0,0,1,0,alto
6,10000.0,23,0.9130434782608695,3,3,1,0,0,0,1,0,0,1,0,1,0,baixo
20,750000.0,685,0.7211678832116788,10,1,1,1,1,1,0,0,0,0,0,1,0,baixo
2,0.0,0,0.0,103,1,1,0,0,0,0,1,0,0,0,0,0,medio_alto
1,0.0,0,0.0,1,1,1,0,0,0,0,0,1,0,0,0,0,medio_alto
3,10000.0,11,0.8181818181818182,3,2,1,0,0,0,0,0,1,1,0,0,0,baixo
7,10000.0,0,0.0,1,3,1,0,0,0,1,1,0,1,0,0,0,baixo
2,0.0,0,0.0,2,3,1,1,0,0,0,0,0,1,0,0,1,gratuito
2,0.0,0,0.0,1,2,1,0,0,0,0,0,0,0,0,1,0,gratuito
2,0.0,0,0.0,0,0,1,0,0,0,0,0,0,0,0,0,0,gratuito
2,10000.0,18,0.6666666666666666,1,2,1,0,0,0,0,1,0,0,0,0,0,gratuito
1,0.0,0,0.0,0,0,1,0,0,0,0,0,0,0,0,0,0,gratuito
1,0.0,0,0.0,3,3,1,0,0,0,0,1,1,1,0,0,0,alto
7,10000.0,9,0.7777777777777778,2,3,1,0,1,0,1,0,0,1,0,0,1,baixo
4,10000.0,10,0.8,5,2,1,0,0,0,1,0,0,1,0,0,0,gratuito
2,10000.0,1,0.0,1,5,1,0,0,0,1,0,0,1,1,0,1,medio_alto
1,10000.0,0,0.0,1,3,1,0,0,1,1,0,1,0,0,0,1,medio_alto
2,10000.0,0,0.0,4,4,1,0,0,0,1,1,1,0,1,0,0,baixo
6,750000.0,2812,0.8584637268847796,5,7,1,0,0,2,1,1,1,1,1,1,1,medio_alto
1,0.0,0,0.0,1,2,1,0,0,0,1,1,0,0,0,0,0,medio_baixo
6,35000.0,91,1.0,1,2,1,0,0,0,0,0,0,1,0,0,1,medio_alto
4,0.0,0,0.0,0,0,1,0,0,0,0,0,0,0,0,0,0,gratuito
1,10000.0,0,0.0,1,3,1,0,0,0,1,0,0,1,1,0,0,medio_baixo
7,10000.0,128,0.953125,4,5,1,0,0,0,1,1,0,1,0,0,1,alto
4,10000.0,2,1.0,1,1,1,0,0,0,0,0,0,0,1,0,0,medio_alto
1,0.0,0,0.0,0,0,1,0,0,0,0,0,0,0,0,0,0,gratuito
10,10000.0,16,0.625,1,4,1,1,1,0,1,0,1,0,1,1,0,medio_baixo
5,10000.0,4,1.0,1,2,1,0,0,2,0,0,1,0,1,0,0,baixo
10,0.0,0,0.0,1,2,1,0,0,0,0,0,0,0,0,0,0,alto
4,10000.0,0,0.0,1,1,1,0,0,1,0,0,0,0,0,0,1,medio_baixo
3,10000.0,9,0.7777777777777778,1,4,1,0,0,0,1,0,0,1,0,1,0,gratuito
2,0.0,0,0.0,5,4,1,0,0,0,1,0,1,1,0,0,0,gratuito
12,0.0,0,0.0,4,2,1,1,1,0,0,0,1,1,0,0,0,medio_alto
6,0.0,0,0.0,7,2,1,1,1,0,0,1,0,1,0,0,0,medio_baixo
7,0.0,0,0.0,2,4,1,0,0,1,1,1,1,0,0,0,0,medio_alto
9,10000.0,39,1.0,1,2,1,1,1,1,1,0,1,0,0,0,0,baixo
3,10000.0,1,1.0,2,3,1,0,0,0,0,0,1,0,1,1,0,medio_baixo
1,0.0,0,0.0,2,2,1,0,0,0,1,0,0,1,0,0,0,medio_baixo
2,10000.0,33,0.9696969696969697,1,2,1,0,0,1,0,0,0,0,1,0,1,alto
2,35000.0,0,0.0,1,3,1,0,0,0,1,1,0,1,0,0,0,medio_alto
1,10000.0,0,0.0,2,1,1,0,0,0,1,0,0,0,0,0,0,medio_baixo
5,35000.0,1,1.0,1,1,1,0,0,0,0,0,0,0,1,0,0,alto
3,10000.0,3,0.3333333333333333,1,4,1,0,0,0,1,1,1,0,1,0,0,baixo
5,0.0,0,0.0,1,2,1,1,1,0,0,0,0,0,0,1,0,gratuito
8,10000.0,7,0.14285714285714285,1,6,1,0,0,0,1,1,1,0,0,0,0,medio_baixo
1,0.0,0,0.0,0,0,1,0,0,0,0,0,0,0,0,0,0,gratuito
7,10000.0,9,0.7777777777777778,4,3,1,0,0,0,1,0,0,1,0,0,0,alto
9,10000.0,0,0.0,1,3,1,0,0,0,1,0,1,0,1,0,0,baixo
1,10000.0,0,0.0,1,2,1,0,0,0,1,0,0,0,0,0,0,medio_baixo
10,350000.0,4284,0.9122315592903828,14,3,1,1,1,1,1,0,0,0,1,1,0,baixo
8,10000.0,11,0.8181818181818182,1,2,1,1,1,0,1,0,0,0,0,0,1,gratuito
11,10000.0,25,0.12,1,3,1,1,1,0,0,1,1,0,0,1,0,baixo
3,10000.0,14,0.8571428571428571,7,2,1,1,0,4,1,0,0,1,0,0,0,medio_baixo
9,10000.0,3,0.0,2,2,1,0,0,0,0,1,0,0,0,0,1,medio_alto
9,10000.0,394,0.9060913705583756,4,1,1,0,0,1,0,0,0,0,0,1,0,alto
4,10000.0,24,0.7083333333333334,103,1,1,0,0,0,0,0,1,0,0,0,0,baixo
1,10000.0,108,0.9629629629629629,9,1,1,0,0,0,1,0,0,0,0,0,0,medio_baixo
7,10000.0,2,0.5,1,3,1,0,0,0,1,1,0,1,0,0,0,medio_baixo
9,10000.0,1,1.0,1,1,1,0,0,0,0,1,0,0,0,0,0,alto
1,10000.0,0,0.0,21,4,1,0,0,0,1,1,1,1,0,0,0,alto
2,10000.0,0,0.0,2,6,1,0,0,0,1,1,1,1,1,0,0,medio_alto
1,0.0,0,0.0,5,2,1,0,0,0,0,0,0,0,1,1,0,medio_alto
4,10000.0,1,1.0,1,3,1,0,0,0,1,1,1,0,0,0,0,baixo
2,10000.0,0,0.0,2,4,1,0,0,0,1,0,1,1,0,0,0,gratuito
2,10000.0,3,0.6666666666666666,1,2,1,0,0,0,1,0,0,0,0,0,1,alto
2,10000.0,24,1.0,1,3,1,0,0,0,1,0,0,1,0,1,0,medio_alto
1,0.0,0,0.0,1,2,1,0,0,0,0,0,0,0,0,0,1,gratuito
1,0.0,0,0.0,0,0,1,0,0,0,0,0,0,0,0,0,0,gratuito
16,750000.0,4911,0.8120545713703929,8,2,1,0,0,0,0,1,0,0,1,0,0,alto
7,10000.0,2,0.0,1,3,1,0,0,0,1,1,0,1,0,0,0,medio_alto
6,10000.0,0,0.0,2,3,1,0,0,0,1,1,1,0,0,0,0,medio_alto
1,10000.0,0,0.0,15,1,1,1,1,0,0,1,0,0,0,0,0,baixo
4,0.0,0,0.0,0,0,1,0,0,0,0,0,0,0,0,0,0,gratuito
2,35000.0,408,0.946078431372549,2,3,1,1,0,0,1,0,1,1,0,0,0,medio_baixo
10,35000.0,177,0.9378531073446328,1,3,1,1,1,13,1,0,1,0,0,1,0,medio_alto
1,10000.0,0,0.0,9,3,1,0,0,0,1,1,1,0,0,0,0,medio_baixo
1,0.0,0,0.0,10,3,1,0,0,0,1,0,0,1,0,1,0,baixo
1,0.0,0,0.0,0,0,1,0,0,0,0,0,0,0,0,0,0,gratuito
7,150000.0,1155,0.7826839826839826,2,2,1,1,0,0,1,0,0,0,1,0,0,alto
4,10000.0,24,0.3333333333333333,1,4,1,0,0,0,0,1,1,0,1,0,1,alto
1,10000.0,0,0.0,1,3,1,0,0,0,1,1,1,0,0,0,0,baixo
1,10000.0,1,1.0,1,4,1,0,0,0,1,1,0,1,0,1,0,baixo
3,35000.0,23,0.9565217391304348,1,2,1,1,1,0,1,1,0,0,0,0,0,baixo
5,10000.0,14,0.7142857142857143,1,3,1,0,0,0,1,1,1,0,0,0,0,baixo
1,0.0,0,0.0,5,2,1,0,0,0,0,1,0,1,0,0,0,alto
10,10000.0,24,0.4583333333333333,2,2,1,0,0,0,0,0,0,0,0,0,0,baixo
8,10000.0,14,0.9285714285714286,1,3,1,0,0,1,1,1,1,0,0,0,0,medio_baixo
1,0.0,0,0.0,6,2,1,0,0,0,0,1,0,1,0,0,0,medio_baixo
17,350000.0,797,0.7377666248431619,6,1,1,0,0,0,0,0,1,0,0,0,0,baixo
3,0.0,0,0.0,1,3,1,0,0,0,1,0,1,1,0,0,0,gratuito
10,10000.0,32,0.84375,1,2,1,1,1,0,1,0,0,0,0,1,0,alto
2,0.0,0,0.0,4,7,1,0,1,0,1,1,0,0,1,0,1,gratuito
3,10000.0,3,0.0,1,3,1,1,0,0,1,0,0,0,0,1,1,medio_alto
5,0.0,0,0.0,3,1,1,0,0,0,0,1,0,0,0,0,0,gratuito
1,0.0,0,0.0,1,6,1,0,0,0,1,0,1,0,1,1,1,gratuito
7,10000.0,3,0.6666666666666666,1,1,1,0,0,0,0,0,0,0,1,0,0,medio_baixo
5,0.0,0,0.0,0,0,1,0,0,0,0,0,0,0,0,0,0,gratuito
5,10000.0,87,0.6206896551724138,2,2,1,0,0,1,0,1,1,0,0,0,0,medio_baixo
11,10000.0,25,0.64,5,3,1,0,0,1,1,1,0,1,0,0,0,baixo
2,0.0,0,0.0,1,5,1,0,0,0,1,1,1,1,0,0,0,gratuito
1,10000.0,0,0.0,6,3,1,0,0,1,1,0,0,0,1,1,0,alto
3,10000.0,5,0.4,1,3,1,0,0,0,1,0,0,1,0,0,0,medio_baixo
1,0.0,0,0.0,1,5,1,0,0,0,1,1,1,0,0,0,0,gratuito
2,10000.0,0,0.0,11,4,1,0,0,0,1,0,0,1,1,1,0,baixo
6,150000.0,761,0.938239159001314,1,1,1,0,0,0,0,0,1,0,0,0,0,medio_baixo
8,10000.0,95,0.8210526315789474,3,4,1,0,0,0,1,1,1,0,0,0,0,alto
9,10000.0,42,0.2857142857142857,1,2,1,0,0,0,1,0,0,0,0,1,0,baixo
6,10000.0,33,0.6060606060606061,1,2,1,0,0,0,1,1,0,0,0,0,0,baixo
1,10000.0,0,0.0,1,3,1,1,0,0,1,0,1,0,1,0,0,medio_alto
10,35000.0,23,0.7391304347826086,2,2,1,1,1,1,1,1,0,0,0,0,0,medio_baixo
1,350000.0,1283,0.9080280592361653,1,5,1,0,0,0,1,1,0,0,1,0,1,alto
11,350000.0,878,0.784738041002278,6,4,1,1,1,1,1,0,0,1,0,1,1,medio_baixo
10,150000.0,1171,0.7677198975234842,1,3,1,0,0,0,1,1,0,0,1,0,0,medio_baixo
1,10000.0,0,0.0,1,7,1,0,0,0,1,1,1,1,1,0,1,baixo
2,10000.0,18,1.0,4,4,1,0,0,0,1,1,0,1,0,0,0,baixo
8,10000.0,19,0.6842105263157895,1,3,1,1,1,0,1,0,1,0,1,0,0,medio_alto
1,0.0,0,0.0,0,0,1,0,0,0,0,0,0,0,0,0,0,gratuito
2,10000.0,52,0.8076923076923077,30,2,1,0,0,0,0,0,1,1,0,0,0,baixo
3,35000.0,452,0.9889380530973452,3,1,1,1,0,0,1,0,0,0,0,0,0,alto
5,10000.0,34,0.9411764705882353,1,2,1,0,0,0,1,0,0,1,0,0,0,baixo
2,10000.0,35,0.9714285714285714,6,2,1,0,0,0,1,1,0,0,0,0,0,medio_baixo
2,10000.0,0,0.0,11,3,1,1,1,1,1,0,1,1,0,0,0,medio_baixo
11,150000.0,883,0.5424688561721405,5,4,1,1,1,0,1,1,0,0,1,1,0,baixo
5,10000.0,0,0.0,1,2,1,0,0,0,0,0,1,1,0,0,0,medio_alto
2,0.0,0,0.0,10,2,1,0,0,2,0,1,0,0,0,0,0,gratuito
3,10000.0,3,1.0,1,1,1,1,0,0,0,0,0,1,0,0,0,medio_alto
1,0.0,0,0.0,0,0,1,0,0,0,0,0,0,0,0,0,0,gratuito
1,10000.0,0,0.0,10,4,1,0,0,0,1,1,1,1,0,0,0,medio_baixo
6,35000.0,70,0.8857142857142857,1,1,1,0,0,0,0,0,0,0,0,0,0,gratuito
2,0.0,0,0.0,2,7,1,0,0,0,1,0,0,1,1,1,1,gratuito
4,35000.0,296,0.9594594594594594,1,3,1,0,0,0,1,0,1,1,0,0,0,medio_alto
2,10000.0,0,0.0,32,4,1,1,1,0,1,1,0,1,0,0,0,baixo
9,10000.0,15,0.4666666666666667,1,7,1,0,0,0,1,0,0,1,0,1,0,gratuito
1,0.0,0,0.0,1,2,1,0,0,0,1,0,0,0,1,0,0,medio_baixo
2,10000.0,0,0.0,3,4,1,0,0,0,1,0,1,1,0,1,0,baixo
2,10000.0,0,0.0,1,3,1,0,0,0,0,0,0,1,0,1,1,medio_alto
5,75000.0,16,0.625,1,6,1,0,0,0,1,1,1,1,1,0,1,baixo
7,10000.0,84,0.7023809523809523,1,5,1,0,0,0,1,0,1,0,1,0,0,gratuito
4,10000.0,15,0.9333333333333333,5,1,1,0,0,0,0,0,0,1,0,0,0,medio_baixo
9,35000.0,50,0.7,2,5,1,1,1,0,1,0,1,1,0,1,1,baixo
10,35000.0,140,0.8857142857142857,2,4,1,0,0,2,1,0,1,0,1,0,0,gratuito
3,35000.0,185,0.6594594594594595,10,3,1,0,0,0,1,1,0,1,0,0,0,medio_baixo
1,10000.0,0,0.0,1,3,1,0,0,0,1,0,0,1,0,0,1,medio_baixo
5,10000.0,11,0.8181818181818182,1,5,1,1,0,0,1,1,1,0,1,1,0,gratuito
4,0.0,0,0.0,2,2,1,0,0,0,0,1,0,0,0,0,0,gratuito
5,10000.0,0,0.0,1,2,1,0,0,0,0,1,0,0,1,0,0,gratuito
2,0.0,0,0.0,0,0,1,0,0,0,0,0,0,0,0,0,0,gratuito
2,75000.0,699,0.9241773962804005,10,1,1,0,0,1,0,0,0,0,1,0,0,alto
8,10000.0,65,0.6461538461538462,1,4,1,0,0,0,1,0,0,0,0,1,1,alto
5,10000.0,19,0.8421052631578947,2,2,1,0,0,0,0,0,0,1,1,0,0,baixo
8,10000.0,6,0.5,1,2,1,0,0,0,0,0,1,1,0,0,0,medio_alto
2,10000.0,0,0.0,3,3,1,0,0,0,0,1,0,0,0,1,0,alto
6,10000.0,0,0.0,1,2,1,0,0,2,1,0,0,1,0,0,0,baixo
8,35000.0,4,0.75,2,3,1,0,0,0,1,0,0,1,0,1,0,baixo
1,10000.0,0,0.0,2,3,1,0,0,0,1,1,0,1,0,0,0,medio_alto
3,0.0,0,0.0,0,0,1,0,0,0,0,0,0,0,0,0,0,gratuito
2,0.0,0,0.0,0,0,1,0,0,0,0,0,0,0,0,0,0,gratuito
1,0.0,0,0.0,2,3,1,0,0,0,1,0,0,1,0,1,0,medio_alto
4,10000.0,0,0.0,1,1,1,0,0,0,0,0,1,0,0,0,0,baixo
1,0.0,0,0.0,0,0,1,0,0,0,0,0,0,0,0,0,0,gratuito
9,10000.0,14,0.2857142857142857,1,5,1,0,0,0,1,0,1,0,0,0,1,baixo
4,0.0,0,0.0,0,0,1,0,0,0,0,0,0,0,0,0,0,gratuito
1,0.0,0,0.0,12,5,1,0,0,0,0,1,1,0,1,1,0,gratuito
2,10000.0,0,0.0,2,6,1,0,0,0,1,1,1,1,1,0,1,baixo
9,35000.0,123,0.6747967479674797,1,3,1,0,0,0,1,0,1,1,0,0,0,baixo
1,10000.0,0,0.0,7,2,1,0,0,0,1,0,0,1,0,0,0,alto
10,10000.0,13,0.9230769230769231,1,3,1,0,0,0,0,0,1,0,0,0,1,gratuito
3,10000.0,19,1.0,1,1,1,0,0,0,1,0,0,0,0,0,0,medio_alto
7,35000.0,2,1.0,1,2,1,1,0,0,1,0,0,1,0,0,0,baixo
3,35000.0,1,1.0,1,2,1,0,0,0,0,0,0,1,0,0,0,medio_baixo
5,35000.0,148,0.9391891891891891,9,2,1,1,0,0,1,0,1,0,0,0,0,baixo
3,10000.0,6,1.0,1,4,1,0,0,0,1,1,0,0,1,0,0,medio_baixo
4,10000.0,13,0.7692307692307693,2,2,1,0,0,1,1,0,0,1,0,0,0,medio_baixo
8,10000.0,9,1.0,1,4,1,1,1,0,1,0,1,1,1,0,0,medio_alto
1,10000.0,0,0.0,1,3,1,0,0,0,1,0,1,1,0,0,0,medio_alto
7,35000.0,66,0.8636363636363636,1,4,1,1,1,0,1,0,1,0,1,0,0,gratuito
6,10000.0,27,0.6296296296296297,1,1,1,1,0,0,1,0,0,0,0,0,0,baixo
4,10000.0,3,1.0,1,4,1,0,0,0,1,1,1,0,1,0,0,alto
6,10000.0,27,0.7037037037037037,2,5,1,0,0,0,1,0,1,0,1,1,0,medio_alto
2,10000.0,0,0.0,1,2,1,0,0,0,1,0,1,0,0,0,0,medio_baixo
2,10000.0,21,0.9523809523809523,1,1,1,0,0,0,0,1,0,0,0,0,0,alto
10,10000.0,1,0.0,1,3,1,0,0,0,1,1,0,0,0,0,0,medio_alto
11,10000.0,43,0.6744186046511628,1,4,1,1,0,0,1,0,0,1,0,1,0,medio_alto
2,0.0,0,0.0,1,5,1,0,0,0,0,0,0,0,1,1,1,gratuito
3,10000.0,25,0.68,1,1,1,0,1,0,1,0,0,0,0,0,0,baixo
1,10000.0,0,0.0,1,3,1,0,0,0,1,0,1,0,0,0,0,alto
3,3500000.0,73524,0.5263179370001632,12,1,1,0,0,17,0,0,0,0,0,0,1,alto
10,150000.0,455,0.7142857142857143,3,2,1,0,0,1,0,0,0,0,0,1,1,alto
4,10000.0,18,0.3888888888888889,1,2,1,0,0,0,1,0,1,0,0,0,0,baixo
6,10000.0,30,0.7666666666666667,1,4,1,0,0,0,1,1,1,0,0,0,0,gratuito
7,10000.0,0,0.0,1,2,1,1,1,2,1,0,0,1,0,0,0,alto
11,350000.0,3449,0.9434618730066686,3,2,1,0,0,9,0,0,0,0,1,1,0,medio_alto
4,0.0,0,0.0,1,5,1,0,0,0,1,0,1,1,0,1,1,baixo
1,10000.0,108,0.8055555555555556,1,5,1,1,1,1,1,0,1,0,1,1,0,alto
1,10000.0,0,0.0,21,5,1,0,0,0,1,1,0,1,0,0,1,medio_baixo
4,10000.0,3,1.0,1,1,1,0,0,0,0,0,0,0,0,0,1,alto
1,0.0,0,0.0,1,3,1,0,0,0,1,0,1,0,0,0,1,medio_baixo
7,10000.0,356,0.8623595505617978,6,2,1,0,0,0,1,1,0,0,0,0,0,alto
7,10000.0,37,0.7837837837837838,1,1,1,1,1,0,0,0,0,0,0,0,0,baixo
11,3500000.0,70660,0.9444523068213982,1,5,1,1,1,43,1,0,0,1,1,1,1,alto
4,35000.0,96,0.9479166666666666,1,5,1,0,0,0,0,1,1,0,0,1,1,gratuito
1,0.0,0,0.0,0,0,1,0,0,0,0,0,0,0,0,0,0,gratuito
7,75000.0,49,0.9591836734693877,1,1,1,1,1,0,1,0,0,0,0,0,0,gratuito
5,35000.0,45,0.8666666666666667,2,3,1,0,0,2,1,0,1,0,1,0,0,medio_alto
3,0.0,0,0.0,1,2,1,0,0,2,0,1,1,0,0,0,0,gratuito
6,35000.0,450,0.8688888888888889,6,4,1,1,0,0,1,0,1,0,0,1,1,alto
3,10000.0,22,0.9545454545454546,1,2,1,0,0,0,1,0,1,0,0,0,0,alto
8,10000.0,7,1.0,1,3,1,0,0,0,1,0,1,0,0,0,1,medio_alto
4,10000.0,3,1.0,1,2,1,0,0,0,1,1,0,0,0,0,0,alto
11,75000.0,299,0.6354515050167224,2,3,1,1,0,0,1,0,1,1,0,0,0,baixo
2,10000.0,0,0.0,4,3,1,0,0,0,1,1,1,0,0,0,0,alto
3,10000.0,12,0.5,4,2,1,0,0,0,0,0,0,1,0,1,0,alto
1,10000.0,0,0.0,2,3,1,0,0,0,1,0,1,1,0,0,0,baixo
10,350000.0,314,0.49044585987261147,1,1,1,0,0,0,0,1,0,0,0,0,0,baixo
4,35000.0,30,0.9666666666666667,2,2,1,1,0,0,1,0,1,0,0,0,0,gratuito
8,3500000.0,87012,0.8840045051257298,1,3,1,0,0,0,1,1,0,0,0,0,0,gratuito
2,10000.0,0,0.0,1,4,1,1,1,1,1,0,1,1,0,0,1,gratuito
1,10000.0,66,0.9242424242424242,14,3,1,0,0,0,0,0,0,1,1,0,1,alto
13,75000.0,223,0.45739910313901344,1,4,1,1,1,0,1,1,1,0,0,1,0,medio_alto
3,0.0,0,0.0,0,0,1,0,0,0,0,0,0,0,0,0,0,gratuito
2,10000.0,2,1.0,3,2,1,0,0,0,1,0,0,0,0,0,1,medio_baixo
8,10000.0,11,0.9090909090909091,1,2,1,0,0,0,0,0,1,1,0,0,0,medio_alto
2,10000.0,0,0.0,1,2,1,0,0,0,1,0,0,0,0,0,1,medio_baixo
1,10000.0,0,0.0,1,1,1,1,1,0,1,0,0,0,0,0,0,medio_baixo
2,0.0,0,0.0,103,3,1,0,0,0,1,0,0,1,0,1,0,medio_alto
1,0.0,0,0.0,0,0,1,0,0,0,0,0,0,0,0,0,0,gratuito
4,10000.0,0,0.0,11,3,1,0,0,1,1,0,0,1,0,0,1,medio_baixo
2,35000.0,2,1.0,1,4,1,0,0,0,1,1,1,1,0,0,0,medio_baixo
3,10000.0,23,0.6086956521739131,8,2,1,0,0,0,0,0,0,0,0,1,0,alto
2,10000.0,1,1.0,1,1,1,0,1,0,0,0,0,0,1,0,0,medio_alto
2,1500000.0,22735,0.8939960413459423,25,2,1,0,0,0,0,1,0,0,1,0,0,alto
4,0.0,0,0.0,0,0,1,0,0,0,0,0,0,0,0,0,0,gratuito
2,10000.0,26,1.0,1,3,1,0,0,0,1,1,0,0,0,0,1,medio_alto
1,10000.0,0,0.0,2,2,1,0,0,9,1,1,0,0,0,0,0,medio_alto
3,75000.0,867,0.8131487889273357,4,3,1,0,0,1,1,0,0,1,1,0,0,medio_baixo
5,0.0,0,0.0,2,3,1,0,0,0,1,0,0,1,0,0,0,gratuito
12,10000.0,64,0.515625,7,1,1,0,0,0,0,0,0,0,0,0,0,baixo
3,10000.0,123,0.7723577235772358,7,2,1,0,0,1,1,1,0,0,0,0,0,alto
3,10000.0,0,0.0,1,2,1,0,0,2,1,0,0,1,0,0,0,baixo
8,75000.0,3142,0.9611712285168682,3,2,1,0,0,8,0,0,1,1,0,0,0,alto
1,10000.0,12,1.0,10,4,1,0,0,0,1,1,1,0,1,0,0,baixo
1,10000.0,0,0.0,1,4,1,1,0,0,1,0,0,1,0,0,1,medio_alto
2,10000.0,3,1.0,8,3,1,0,0,0,1,0,1,1,0,0,0,medio_alto
12,10000.0,32,0.8125,1,3,1,0,0,0,1,1,1,0,0,0,0,medio_baixo
1,0.0,0,0.0,103,4,1,0,0,1,1,1,1,1,0,0,0,alto
9,10000.0,4,1.0,1,2,1,0,0,0,1,1,0,0,0,0,0,alto
1,10000.0,0,0.0,2,1,1,0,0,0,1,0,0,0,0,0,0,medio_baixo
7,10000.0,3,0.3333333333333333,1,3,1,0,0,0,0,1,0,1,0,0,0,baixo
1,10000.0,5,1.0,12,4,1,0,0,0,1,1,1,0,1,0,0,medio_baixo
7,10000.0,10,0.8,4,1,1,0,0,0,0,0,0,1,0,0,0,medio_alto
4,0.0,0,0.0,4,2,1,0,0,0,1,0,0,1,0,0,0,gratuito
1,0.0,0,0.0,0,0,1,0,0,0,0,0,0,0,0,0,0,gratuito
5,10000.0,54,0.6111111111111112,2,5,1,0,0,0,1,1,1,1,0,0,1,baixo
3,0.0,0,0.0,0,0,1,0,0,0,0,0,0,0,0,0,0,gratuito
7,35000.0,529,0.45746691871455575,7,4,1,1,0,0,1,1,0,0,0,1,1,medio_alto
12,150000.0,161,0.6645962732919255,1,2,1,1,1,0,1,0,0,0,1,0,0,baixo
3,10000.0,155,0.9161290322580645,3,4,1,1,1,0,0,0,1,1,1,0,1,medio_baixo
2,10000.0,112,0.8482142857142857,11,2,1,0,0,0,0,0,0,0,1,1,0,medio_alto
6,10000.0,13,0.6923076923076923,2,2,1,0,0,0,1,0,1,0,0,0,0,baixo
1,0.0,0,0.0,1,1,1,0,0,0,1,0,0,0,0,0,0,medio_baixo
6,10000.0,9,0.6666666666666666,1,4,1,0,0,2,1,1,1,0,1,0,0,baixo
8,10000.0,5,0.8,1,4,1,1,0,0,1,1,1,0,0,0,0,medio_alto
5,10000.0,168,0.875,1,3,1,0,0,0,0,0,0,0,0,1,1,alto
2,35000.0,58,0.9310344827586207,4,2,1,0,0,0,1,0,1,0,0,0,0,medio_baixo
12,35000.0,54,0.7777777777777778,1,1,1,1,0,0,0,1,0,0,0,0,0,baixo
3,10000.0,0,0.0,1,1,1,0,0,0,0,0,0,0,0,1,0,medio_alto
1,35000.0,20,0.75,9,5,1,0,0,0,1,0,1,1,1,1,0,baixo
1,10000.0,3,0.6666666666666666,1,2,1,0,0,0,0,0,0,1,0,0,1,medio_alto
2,10000.0,1,1.0,15,3,1,0,0,0,0,0,1,1,0,0,1,alto
4,10000.0,0,0.0,4,1,1,0,0,0,0,0,1,0,0,0,0,alto
5,10000.0,1,1.0,1,3,1,0,0,0,0,0,0,1,0,1,0,medio_alto
1,10000.0,0,0.0,1,1,1,0,0,0,1,0,0,0,0,0,0,medio_alto
1,10000.0,0,0.0,1,2,1,1,0,0,1,0,0,0,1,0,0,alto
2,10000.0,15,0.9333333333333333,2,5,1,0,0,0,1,0,0,1,0,1,1,medio_baixo
2,0.0,0,0.0,0,0,1,0,0,0,0,0,0,0,0,0,0,gratuito
3,75000.0,1422,0.9191279887482419,11,3,1,0,0,0,1,0,0,1,0,0,1,medio_alto
2,10000.0,0,0.0,5,2,1,0,0,0,1,0,0,1,0,0,0,medio_alto
10,10000.0,100,0.82,2,1,1,1,1,0,1,0,0,0,0,0,0,gratuito
4,35000.0,4,0.75,5,3,1,0,0,0,1,0,0,1,0,1,0,alto
2,35000.0,3,0.6666666666666666,2,4,1,0,0,0,1,0,1,0,1,1,0,baixo
2,10000.0,14,0.7857142857142857,1,1,1,0,0,0,0,1,0,0,0,0,0,baixo
9,10000.0,392,0.7270408163265306,3,3,1,1,1,1,1,0,0,0,0,1,1,alto
2,0.0,0,0.0,0,0,1,0,0,0,0,0,0,0,0,0,0,gratuito
2,0.0,0,0.0,4,3,1,0,0,1,0,0,1,0,1,0,0,gratuito
3,10000.0,10,1.0,1,3,1,0,0,0,0,0,1,1,0,0,1,medio_alto
8,10000.0,4,1.0,1,4,1,0,0,0,1,1,0,1,0,0,0,medio_alto
3,10000.0,84,0.8809523809523809,3,3,1,0,0,0,1,0,1,0,1,0,0,alto
10,10000.0,76,0.9605263157894737,1,3,1,1,1,0,1,0,1,0,1,0,0,medio_baixo
5,10000.0,1,1.0,2,3,1,0,0,0,1,1,0,1,0,0,0,baixo
1,0.0,0,0.0,1,2,1,0,0,0,0,0,0,0,0,0,1,medio_alto
3,10000.0,217,0.7880184331797235,8,4,1,0,0,0,1,1,0,1,1,0,0,medio_alto
2,10000.0,240,0.7666666666666667,3,3,1,0,0,1,0,0,0,0,0,1,1,alto
2,0.0,0,0.0,0,0,1,0,0,0,0,0,0,0,0,0,0,gratuito
5,0.0,0,0.0,5,3,1,0,0,0,1,0,1,1,0,0,0,gratuito
2,0.0,0,0.0,103,2,1,1,1,0,1,0,0,1,0,0,0,medio_alto
1,0.0,0,0.0,29,3,1,0,0,0,1,0,0,1,0,1,0,baixo
9,10000.0,8,0.625,2,4,1,0,0,1,1,0,1,0,1,1,0,baixo
2,0.0,0,0.0,0,0,1,0,0,0,0,0,0,0,0,0,0,gratuito
1,10000.0,0,0.0,1,1,1,0,0,0,0,0,0,0,1,0,0,alto
12,35000.0,85,0.32941176470588235,1,3,1,0,0,0,1,1,0,0,1,0,0,medio_baixo
2,10000.0,1,1.0,1,3,1,0,0,0,1,0,1,1,0,0,0,medio_baixo
6,10000.0,1,0.0,1,2,1,1,1,0,1,0,0,1,0,0,0,baixo
8,10000.0,0,0.0,1,4,1,0,0,0,1,0,0,1,0,1,0,baixo
3,10000.0,73,0.6575342465753424,3,4,1,0,0,0,0,1,0,1,0,0,0,alto
1,0.0,0,0.0,7,5,1,0,0,0,1,0,1,1,1,0,1,medio_baixo
1,0.0,0,0.0,0,0,1,0,0,0,0,0,0,0,0,0,0,gratuito
1,0.0,0,0.0,1,3,1,0,0,0,1,0,1,1,0,0,0,medio_alto
2,35000.0,73,0.9452054794520548,4,2,1,0,0,1,1,0,1,0,0,0,0,medio_alto
8,10000.0,29,0.3793103448275862,1,3,1,0,0,0,1,0,0,0,0,0,1,gratuito
11,150000.0,808,0.8007425742574258,22,3,1,0,0,0,1,0,1,1,0,0,0,baixo
1,0.0,0,0.0,2,4,1,0,0,0,1,0,0,1,0,1,1,medio_alto
10,10000.0,15,0.6,1,3,1,0,0,0,1,0,1,1,0,0,0,medio_baixo
10,35000.0,813,0.8314883148831488,1,4,1,1,1,1,1,0,0,0,1,1,1,medio_alto
8,10000.0,4,0.75,1,1,1,0,0,0,1,0,0,0,0,0,0,medio_alto
2,10000.0,1,1.0,1,2,1,0,0,0,0,0,0,0,1,0,1,alto
8,10000.0,63,0.746031746031746,1,2,1,0,0,1,1,1,0,0,0,0,0,medio_baixo
3,10000.0,1,0.0,1,4,1,0,0,0,1,1,1,1,0,0,0,medio_baixo
10,75000.0,202,0.594059405940594,1,3,1,0,0,0,0,1,1,0,0,0,1,alto
1,10000.0,0,0.0,1,4,1,0,0,0,1,0,1,1,0,0,1,medio_baixo
8,10000.0,8,0.625,1,6,1,0,0,0,1,1,1,1,0,0,0,baixo
8,10000.0,35,0.8285714285714286,1,4,1,1,0,0,1,0,1,1,0,0,1,alto
6,10000.0,1,1.0,2,2,1,0,0,0,0,1,0,1,0,0,0,medio_baixo
2,10000.0,0,0.0,1,3,1,1,1,4,1,0,0,1,0,0,1,alto
4,10000.0,1,0.0,1,4,1,0,0,0,1,1,0,0,1,0,0,medio_baixo
4,10000.0,3,1.0,7,3,1,0,0,0,1,0,0,1,0,1,0,baixo
1,0.0,0,0.0,3,5,1,0,0,0,1,0,0,1,1,1,0,medio_alto
8,10000.0,60,0.5,1,4,1,0,0,0,0,1,1,0,1,0,0,alto
7,10000.0,59,0.7457627118644068,1,4,1,1,0,0,1,0,1,1,0,0,0,medio_alto
9,10000.0,59,0.8813559322033898,1,3,1,0,0,0,1,1,0,1,0,0,0,baixo
14,75000.0,41,0.8536585365853658,1,2,1,0,0,0,1,0,0,0,1,0,0,medio_baixo
1,0.0,0,0.0,103,1,1,0,0,0,0,0,0,1,0,0,0,baixo
3,10000.0,6,1.0,6,3,1,0,0,0,1,0,0,0,0,1,1,medio_alto
5,10000.0,11,1.0,1,4,1,0,0,0,1,1,1,1,0,0,0,medio_baixo
7,10000.0,369,0.8997289972899729,1,3,1,0,0,1,1,1,0,0,1,0,0,medio_baixo
7,10000.0,17,0.29411764705882354,1,4,1,0,0,0,1,1,1,0,1,0,0,medio_baixo
1,0.0,0,0.0,1,1,1,1,0,0,0,0,0,0,0,1,0,medio_alto
1,0.0,0,0.0,1,4,1,0,0,0,1,0,1,0,0,1,0,gratuito
4,0.0,0,0.0,0,0,1,0,0,0,0,0,0,0,0,0,0,gratuito
1,0.0,0,0.0,0,0,1,0,0,0,0,0,0,0,0,0,0,gratuito
5,10000.0,1,1.0,1,3,1,0,0,0,1,1,1,0,0,0,0,medio_alto
5,35000.0,40,0.925,6,2,1,0,0,0,1,1,0,0,0,0,0,baixo
1,10000.0,0,0.0,1,2,1,0,0,0,0,0,0,1,0,0,0,medio_baixo
6,35000.0,1,0.0,4,1,1,0,0,0,1,0,0,0,0,0,0,baixo
8,75000.0,344,0.5348837209302325,9,5,1,1,1,0,0,1,0,0,0,0,1,gratuito
8,10000.0,8,0.0,1,2,1,0,0,0,1,1,0,0,0,0,0,gratuito
1,10000.0,2,0.0,1,5,1,1,1,0,1,0,1,1,1,0,1,alto
6,10000.0,0,0.0,1,4,1,1,1,0,0,0,1,1,1,0,1,gratuito
8,35000.0,2,0.5,1,5,1,0,0,0,1,0,0,1,1,1,0,alto
6,10000.0,7,0.7142857142857143,1,2,1,0,0,0,0,0,1,1,0,0,0,medio_alto
6,35000.0,4,0.75,4,2,1,0,0,0,0,0,0,0,0,0,1,baixo
9,10000.0,6,0.8333333333333334,8,2,1,0,0,0,1,0,0,1,0,0,0,alto
3,10000.0,1,1.0,10,3,1,0,1,1,1,1,0,1,0,0,0,medio_baixo
1,0.0,0,0.0,1,1,1,0,0,0,0,0,1,0,0,0,0,baixo
1,750000.0,1,1.0,5,3,1,0,0,0,1,0,0,0,0,1,1,alto
10,10000.0,27,0.6296296296296297,1,3,1,0,0,0,1,0,0,1,0,1,0,medio_baixo
4,10000.0,8,0.625,1,2,1,0,0,0,1,0,0,0,0,0,0,medio_alto
11,75000.0,107,0.7757009345794392,1,2,1,0,1,0,1,1,0,0,0,0,0,baixo
7,35000.0,21,0.6666666666666666,1,4,1,0,0,0,1,1,0,0,0,0,1,medio_alto
1,10000.0,7,1.0,2,2,1,1,1,0,1,0,0,0,0,1,0,alto
9,10000.0,12,0.4166666666666667,11,3,1,1,1,0,1,0,0,1,0,0,1,alto
2,10000.0,0,0.0,2,4,1,0,0,0,1,1,0,1,0,0,0,gratuito
4,10000.0,58,0.7758620689655172,1,1,1,0,0,0,0,0,0,0,1,0,0,medio_alto
5,10000.0,20,0.55,1,6,1,0,0,0,1,1,1,1,0,1,1,baixo
3,10000.0,0,0.0,1,3,1,1,1,0,1,0,0,1,0,0,1,baixo
2,10000.0,0,0.0,3,1,1,0,0,0,1,0,0,0,0,0,0,medio_alto
4,10000.0,128,0.890625,2,5,1,0,0,0,1,1,1,0,1,0,1,alto
3,10000.0,21,1.0,1,3,1,0,0,0,0,0,0,0,0,0,1,alto
6,10000.0,17,1.0,1,3,1,1,0,0,1,0,1,0,1,0,0,baixo
4,10000.0,16,0.875,4,3,1,0,0,0,0,1,0,0,0,0,0,gratuito
2,10000.0,4,1.0,1,5,1,0,0,0,1,1,1,1,1,0,0,baixo
4,35000.0,5,1.0,3,4,1,0,0,0,1,0,1,0,1,1,0,baixo
8,10000.0,27,0.4444444444444444,1,3,1,0,0,0,1,0,0,0,1,0,0,gratuito
2,75000.0,911,0.9176728869374314,5,1,1,0,0,0,0,1,0,0,0,0,0,alto
8,350000.0,5608,0.9304564907275321,11,5,1,1,1,4,1,1,0,1,0,0,0,alto
7,10000.0,72,0.75,1,5,1,0,0,0,1,1,0,1,0,0,1,baixo
4,10000.0,70,0.9285714285714286,6,3,1,0,0,0,1,1,1,0,0,0,0,medio_baixo
3,10000.0,2,0.5,9,3,1,0,0,0,1,0,0,1,0,1,0,baixo
2,0.0,0,0.0,0,0,1,0,0,0,0,0,0,0,0,0,0,gratuito
2,0.0,0,0.0,1,7,1,0,0,0,1,0,1,1,1,0,1,gratuito
2,0.0,0,0.0,8,8,1,0,0,1,1,1,1,0,1,1,0,gratuito
1,10000.0,6,0.6666666666666666,1,4,1,0,0,0,1,1,1,0,1,0,0,alto
1,10000.0,5,1.0,1,3,1,0,0,0,1,0,0,0,0,0,1,medio_alto
4,10000.0,4,0.75,1,2,1,0,0,0,1,1,0,0,0,0,0,medio_baixo
2,10000.0,5,0.8,1,4,1,0,0,0,1,0,0,1,0,1,1,medio_baixo
2,10000.0,1,0.0,2,3,1,0,0,0,1,0,0,0,0,1,0,medio_baixo
9,10000.0,15,0.5333333333333333,1,3,1,0,0,0,1,1,1,0,0,0,0,medio_alto
6,10000.0,1,1.0,1,3,1,0,0,0,1,1,0,1,0,0,0,baixo
1,10000.0,0,0.0,1,3,1,1,0,0,1,0,0,1,0,0,1,alto
2,750000.0,7530,0.7556440903054449,1,4,1,0,0,0,0,1,1,0,1,0,0,alto
1,10000.0,0,0.0,1,3,1,0,0,0,1,0,0,1,0,1,0,medio_alto
9,10000.0,11,0.36363636363636365,1,9,1,0,0,0,1,1,1,1,1,0,0,gratuito
11,750000.0,9104,0.8029437609841827,8,1,1,0,0,8,0,0,0,0,1,0,0,medio_alto
11,10000.0,26,0.2692307692307692,1,2,1,1,0,0,0,0,0,0,0,0,1,medio_baixo
1,0.0,0,0.0,1,3,1,0,0,0,1,0,0,1,0,1,0,baixo
8,35000.0,25,0.88,1,2,1,1,1,0,1,0,1,0,0,0,0,medio_alto
11,10000.0,30,0.5666666666666667,1,3,1,0,0,0,1,1,1,0,0,0,0,baixo
17,10000.0,17,0.35294117647058826,1,2,1,0,0,0,0,1,0,0,1,0,0,medio_baixo
1,0.0,0,0.0,1,4,1,0,0,0,1,1,1,0,0,0,0,gratuito
2,0.0,0,0.0,1,3,1,0,0,1,1,0,0,1,0,0,0,gratuito
5,10000.0,3,1.0,2,2,1,0,0,0,1,1,0,0,0,0,0,medio_alto
1,10000.0,0,0.0,2,2,1,0,0,0,0,0,0,1,0,1,0,medio_baixo
2,10000.0,13,1.0,8,4,1,0,0,0,0,1,1,1,0,0,1,medio_baixo
10,10000.0,128,0.390625,5,2,1,0,0,0,0,0,1,1,0,0,0,medio_baixo
5,10000.0,0,0.0,4,3,1,0,0,0,1,1,0,1,0,0,0,medio_baixo
3,10000.0,0,0.0,1,2,1,0,0,0,1,0,0,1,0,0,0,baixo
15,35000.0,178,0.28651685393258425,6,3,1,0,0,1,1,1,0,0,0,1,0,alto
12,35000.0,268,0.6082089552238806,1,3,1,1,1,1,1,0,0,1,0,0,1,medio_alto
1,10000.0,10,0.7,7,2,1,0,0,0,1,0,0,1,0,0,0,baixo
1,0.0,0,0.0,1,4,1,0,0,0,1,0,1,1,0,0,0,gratuito
1,0.0,0,0.0,4,2,1,0,0,0,0,0,0,0,0,0,1,alto
1,10000.0,0,0.0,1,1,1,0,0,0,0,1,0,0,0,0,0,alto
3,10000.0,5,0.6,10,3,1,0,0,0,1,0,1,0,0,0,1,baixo
7,10000.0,12,1.0,1,2,1,0,0,0,0,0,0,1,0,0,1,medio_alto
4,10000.0,20,0.95,1,3,1,0,0,0,1,1,1,0,0,0,0,medio_baixo
1,10000.0,0,0.0,1,2,1,0,0,0,1,0,1,0,0,0,0,medio_baixo
3,10000.0,141,0.7801418439716312,13,4,1,0,0,1,1,0,1,1,1,0,0,medio_baixo
3,10000.0,0,0.0,3,3,1,0,1,0,1,0,0,1,0,0,1,medio_baixo
3,10000.0,26,0.8076923076923077,2,2,1,0,0,0,1,1,0,0,0,0,0,baixo
3,0.0,0,0.0,1,2,1,0,0,0,1,0,0,1,0,0,0,gratuito
3,75000.0,41,0.926829268292683,1,1,1,0,0,0,0,0,0,0,1,0,0,medio_alto
3,0.0,0,0.0,9,2,1,0,0,0,0,0,0,0,1,0,0,gratuito
1,10000.0,0,0.0,4,4,1,0,0,0,1,0,0,1,0,0,1,alto
3,150000.0,62,0.8064516129032258,4,2,1,0,0,0,1,0,0,0,0,1,0,baixo
5,10000.0,9,0.7777777777777778,5,2,1,0,0,0,1,0,1,0,0,0,0,medio_alto
2,10000.0,4,0.5,16,3,1,0,0,0,1,1,1,0,0,0,0,medio_alto
5,10000.0,2,1.0,1,2,1,0,0,0,1,1,0,0,0,0,0,medio_baixo
2,35000.0,1,1.0,1,3,1,0,0,0,1,1,1,0,0,0,0,alto
5,0.0,0,0.0,1,7,1,0,1,0,1,1,1,0,1,0,0,gratuito
2,10000.0,0,0.0,1,2,1,0,0,0,0,0,1,1,0,0,0,alto
4,10000.0,16,0.8125,1,6,1,0,0,0,1,1,1,1,0,0,1,medio_alto
7,10000.0,18,0.8333333333333334,1,3,1,0,0,0,1,0,1,1,0,0,0,gratuito
6,10000.0,17,0.8235294117647058,1,3,1,0,0,0,0,1,0,0,0,1,0,gratuito
3,10000.0,1,1.0,1,3,1,0,0,0,1,0,1,1,0,0,0,medio_baixo
2,75000.0,1585,0.9129337539432176,5,4,1,0,0,1,1,0,1,0,1,1,0,alto
3,10000.0,0,0.0,1,5,1,1,0,1,1,1,0,1,0,0,1,gratuito
2,35000.0,49,0.8571428571428571,4,3,1,0,0,0,1,0,1,1,0,0,0,medio_baixo
3,10000.0,0,0.0,1,4,1,0,0,0,1,1,0,1,0,0,1,baixo
1,10000.0,0,0.0,1,2,1,0,0,0,1,1,0,0,0,0,0,medio_baixo
1,0.0,0,0.0,0,0,1,0,0,0,0,0,0,0,0,0,0,gratuito
1,10000.0,63,0.6825396825396826,8,3,1,0,0,1,1,1,1,0,0,0,0,medio_alto
4,10000.0,16,0.6875,1,5,1,0,0,0,0,0,0,0,0,1,1,alto
1,0.0,0,0.0,12,2,1,0,0,0,1,0,1,0,0,0,0,medio_baixo
4,10000.0,22,0.6363636363636364,2,4,1,0,0,0,1,0,0,1,1,0,1,baixo
3,35000.0,625,0.7872,7,3,1,0,0,1,1,0,0,0,0,1,1,alto
7,10000.0,64,0.4375,2,1,1,0,0,0,0,0,0,0,0,0,0,gratuito
6,10000.0,41,0.6585365853658537,1,2,1,0,0,0,1,1,0,0,0,0,0,gratuito
11,35000.0,222,0.7432432432432432,10,2,1,0,0,1,1,0,1,0,0,0,0,baixo
1,35000.0,2,1.0,4,3,1,0,0,0,1,1,0,1,0,0,0,baixo
2,10000.0,93,0.8064516129032258,11,4,1,0,0,0,1,1,0,1,1,0,0,medio_alto
5,35000.0,24,0.625,1,1,1,0,0,0,1,0,0,0,0,0,0,medio_baixo
2,10000.0,3,1.0,1,1,1,0,0,0,0,0,0,0,0,0,0,medio_baixo
1,10000.0,0,0.0,1,2,1,0,0,0,0,1,0,0,0,0,0,baixo
7,10000.0,7,0.5714285714285714,1,3,1,1,1,0,1,0,1,0,1,0,0,medio_alto
5,10000.0,0,0.0,6,2,1,0,0,1,1,0,0,1,0,0,0,baixo
5,10000.0,165,0.9515151515151515,5,3,1,1,0,0,1,1,1,0,0,0,0,medio_baixo
9,350000.0,3386,0.5044300059066745,18,4,1,1,1,5,1,0,0,1,0,1,0,medio_baixo
2,10000.0,4,0.75,4,2,1,0,0,1,0,0,1,1,0,0,0,medio_alto
3,10000.0,5,0.2,2,4,1,0,0,0,1,0,1,0,1,0,1,medio_alto
1,0.0,0,0.0,103,2,1,0,0,0,1,0,0,1,0,0,0,baixo
11,35000.0,134,0.6417910447761194,4,1,1,0,0,2,0,0,0,0,0,1,0,alto
1,10000.0,1,1.0,17,4,1,1,0,0,1,0,1,1,1,0,0,alto
3,10000.0,1,0.0,2,1,1,1,1,0,0,0,0,0,0,0,1,alto
1,10000.0,13,0.8461538461538461,17,4,1,0,0,0,1,0,0,1,0,1,1,alto
3,10000.0,118,0.9661016949152542,1,3,1,0,0,0,1,0,0,1,1,0,0,alto
8,150000.0,2745,0.9701275045537341,5,1,1,1,0,0,0,0,1,0,0,0,0,medio_baixo
12,35000.0,104,0.5480769230769231,2,2,1,0,0,0,0,0,1,1,0,0,0,medio_baixo
7,10000.0,31,0.6451612903225806,10,4,1,0,0,0,1,1,0,1,0,1,0,medio_alto
1,0.0,0,0.0,2,3,1,0,0,0,0,1,0,1,0,0,0,gratuito
4,10000.0,0,0.0,1,1,1,0,0,0,0,0,0,1,0,0,0,baixo
4,10000.0,0,0.0,1,3,1,0,0,0,1,0,1,0,0,1,0,medio_alto
3,0.0,0,0.0,0,0,1,0,0,0,0,0,0,0,0,0,0,gratuito
4,10000.0,0,0.0,103,4,1,0,0,0,1,0,1,1,0,0,1,baixo
10,35000.0,37,0.7837837837837838,1,1,1,1,1,0,1,0,0,0,0,0,0,medio_baixo
2,10000.0,0,0.0,1,2,1,0,0,0,0,1,1,0,0,0,0,medio_alto
6,10000.0,123,0.9186991869918699,1,1,1,0,0,0,0,0,0,0,0,1,0,alto
3,10000.0,5,0.8,1,2,1,0,0,0,1,0,0,1,0,0,0,baixo
2,10000.0,23,0.9565217391304348,2,2,1,1,1,0,1,0,0,1,0,0,0,medio_alto
1,10000.0,150,0.9333333333333333,3,4,1,0,0,1,1,0,1,1,1,0,0,medio_alto
2,0.0,0,0.0,1,3,1,0,0,0,1,0,0,1,0,0,0,gratuito
4,10000.0,30,0.8333333333333334,2,1,1,0,1,0,0,0,0,0,0,0,1,medio_baixo
1,10000.0,0,0.0,6,3,1,0,0,0,1,0,0,1,0,1,0,medio_baixo
1,10000.0,7,0.8571428571428571,1,2,1,0,0,0,1,0,0,0,1,0,0,medio_alto
2,0.0,0,0.0,0,0,1,0,0,0,0,0,0,0,0,0,0,gratuito
2,10000.0,0,0.0,10,3,1,1,1,0,1,0,1,1,0,0,0,baixo
1,10000.0,5,1.0,1,3,1,0,0,0,1,0,0,1,0,1,0,medio_alto
5,0.0,0,0.0,0,0,1,0,0,0,0,0,0,0,0,0,0,gratuito
3,0.0,0,0.0,10,5,1,1,0,6,0,0,1,1,0,1,1,gratuito
2,0.0,0,0.0,0,0,1,0,0,0,0,0,0,0,0,0,0,gratuito
1,10000.0,0,0.0,1,2,1,0,0,0,0,1,0,0,0,0,0,medio_alto
3,35000.0,1038,0.7543352601156069,14,4,1,1,0,1,1,1,1,0,0,0,1,alto
9,10000.0,128,0.4140625,1,1,1,0,0,0,0,1,0,0,0,0,0,gratuito
2,10000.0,0,0.0,1,2,1,0,0,0,0,0,1,0,0,1,0,alto
1,10000.0,508,0.7421259842519685,5,2,1,0,0,0,0,0,0,0,0,1,1,alto
1,0.0,0,0.0,0,0,1,0,0,0,0,0,0,0,0,0,0,gratuito
10,10000.0,89,0.651685393258427,4,2,1,1,1,1,1,0,0,0,0,1,0,alto
1,0.0,0,0.0,0,0,1,0,0,0,0,0,0,0,0,0,0,gratuito
2,0.0,0,0.0,103,4,1,0,0,0,1,0,0,1,0,0,1,gratuito
2,35000.0,1,1.0,3,2,1,0,0,1,1,1,0,0,0,0,0,medio_alto
6,10000.0,4,0.25,8,1,1,1,1,0,0,0,0,1,0,0,0,medio_alto
1,10000.0,0,0.0,2,6,1,0,0,0,1,1,1,1,0,1,0,baixo
10,10000.0,2,0.5,1,1,1,0,0,0,0,0,0,0,0,0,0,alto
8,10000.0,2,1.0,5,2,1,1,1,0,1,0,0,1,0,0,0,medio_alto
1,10000.0,0,0.0,5,3,1,0,0,0,0,0,1,1,0,0,1,alto
5,35000.0,2,1.0,1,3,1,0,0,0,1,0,1,0,1,0,0,alto
4,10000.0,0,0.0,2,6,1,0,0,0,1,1,1,1,0,0,1,alto
2,10000.0,25,0.84,1,4,1,0,0,0,1,1,1,0,0,0,1,alto
11,10000.0,377017,0.8297132490046868,16,2,1,0,0,9,0,1,0,0,0,0,0,gratuito
3,10000.0,0,0.0,1,3,1,0,0,0,1,0,1,1,0,0,0,gratuito
3,10000.0,16,1.0,2,4,1,1,0,0,0,1,1,1,0,1,0,baixo
9,10000.0,25,0.8,1,3,1,0,0,0,0,0,0,0,0,0,1,gratuito
1,10000.0,1,1.0,2,1,1,0,0,0,0,0,0,1,0,0,0,baixo
10,10000.0,11,0.45454545454545453,2,3,1,0,0,0,1,1,0,1,0,0,0,baixo
2,10000.0,36,0.9444444444444444,3,2,1,0,0,0,0,1,1,0,0,0,0,baixo
10,10000.0,23,0.8695652173913043,1,1,1,0,0,0,0,0,0,0,0,0,0,medio_baixo
4,10000.0,26,0.34615384615384615,1,2,1,0,0,0,0,0,0,1,1,0,0,baixo
4,0.0,0,0.0,0,0,1,0,0,0,0,0,0,0,0,0,0,gratuito
10,10000.0,18,0.6666666666666666,2,3,1,0,0,0,1,0,0,1,1,0,0,medio_alto
11,10000.0,31,0.4838709677419355,2,4,1,0,0,0,1,0,0,0,1,1,0,alto
2,10000.0,189,0.9470899470899471,4,2,1,0,0,0,0,1,1,0,0,0,0,alto
8,10000.0,310,0.6903225806451613,1,2,1,0,0,1,1,0,0,0,0,0,1,medio_baixo
1,0.0,0,0.0,11,4,1,1,0,0,1,0,0,1,0,1,0,gratuito
2,0.0,0,0.0,0,0,1,0,0,0,0,0,0,0,0,0,0,gratuito
1,0.0,0,0.0,9,5,1,0,0,0,1,0,1,1,0,1,0,alto
1,10000.0,0,0.0,1,4,1,1,0,0,1,0,1,0,1,0,0,medio_alto
4,10000.0,0,0.0,6,3,1,0,0,0,1,0,1,1,0,0,0,medio_baixo
12,350000.0,2975,0.5647058823529412,1,3,1,0,0,0,1,1,0,0,1,0,0,alto
2,10000.0,6,0.8333333333333334,2,4,1,0,0,1,1,1,1,0,1,0,0,alto
7,75000.0,649,0.9707241910631741,5,3,1,0,0,0,1,1,0,0,1,0,0,medio_alto
1,10000.0,0,0.0,1,3,1,0,0,0,1,0,1,1,0,0,0,medio_alto
1,0.0,0,0.0,5,1,1,0,0,0,0,0,0,0,0,0,0,medio_baixo
2,10000.0,45,0.8444444444444444,10,2,1,0,0,0,1,0,1,0,0,0,0,medio_alto
6,10000.0,10,0.5,1,2,1,0,0,0,1,1,0,0,0,0,0,medio_baixo
2,10000.0,356,0.848314606741573,3,5,1,0,0,2,1,0,1,1,1,0,1,alto
2,0.0,0,0.0,0,0,1,0,0,0,0,0,0,0,0,0,0,gratuito
4,10000.0,126,0.7380952380952381,6,5,1,0,0,0,1,0,0,1,0,1,1,medio_alto
7,10000.0,1,1.0,1,3,1,0,0,0,1,1,0,1,0,0,0,medio_alto
4,10000.0,42,0.8333333333333334,1,1,1,0,0,0,1,0,0,0,0,0,0,baixo
2,0.0,0,0.0,0,0,1,0,0,0,0,0,0,0,0,0,0,gratuito
5,10000.0,4,0.25,1,2,1,0,0,0,1,0,0,1,0,0,0,baixo
8,10000.0,52,0.8653846153846154,2,3,1,0,0,0,1,1,0,0,0,0,0,baixo
2,10000.0,1,0.0,1,3,1,0,0,0,1,1,1,0,0,0,0,medio_baixo
8,10000.0,39,0.5897435897435898,1,3,1,0,0,0,1,1,1,0,0,0,0,baixo
1,0.0,0,0.0,1,1,1,0,0,0,0,0,0,0,1,0,0,medio_alto
6,10000.0,20,0.7,13,3,1,0,0,0,1,1,0,1,0,0,0,baixo
2,10000.0,0,0.0,1,3,1,1,1,0,1,0,1,1,0,0,0,baixo
9,10000.0,87,0.8275862068965517,1,5,1,1,1,0,1,0,0,1,0,0,1,baixo
4,10000.0,269,0.6096654275092936,6,4,1,1,0,0,0,1,1,0,1,0,0,gratuito
5,10000.0,75,0.8533333333333334,1,3,1,0,0,0,1,1,0,1,0,0,0,baixo
5,10000.0,0,0.0,1,1,1,0,0,1,0,0,0,0,1,0,0,medio_alto
1,10000.0,0,0.0,1,4,1,0,0,0,1,0,0,1,0,0,1,gratuito
2,0.0,0,0.0,0,0,1,0,0,0,0,0,0,0,0,0,0,gratuito
5,10000.0,20,0.85,5,3,1,0,0,0,1,1,0,1,0,0,0,baixo
1,10000.0,0,0.0,9,1,1,1,0,0,0,1,0,0,0,0,0,baixo
3,10000.0,4,0.75,1,3,1,0,0,0,1,0,0,1,0,0,1,baixo
9,10000.0,5,0.4,1,5,1,0,0,0,1,1,1,1,0,0,1,baixo
1,10000.0,0,0.0,30,4,1,0,0,0,1,0,0,1,0,1,0,baixo
9,10000.0,14,0.7142857142857143,1,2,1,0,0,0,0,0,0,0,0,0,0,gratuito
10,10000.0,16,0.6875,3,3,1,0,0,0,1,0,0,1,0,0,1,alto
9,10000.0,8,0.625,1,3,1,0,0,0,1,0,1,0,1,0,0,gratuito
4,10000.0,18,0.3888888888888889,6,1,1,0,0,0,0,0,0,1,0,0,0,medio_baixo
3,10000.0,10,0.9,2,2,1,0,0,0,1,0,0,0,0,1,0,baixo
5,0.0,0,0.0,10,6,1,0,0,0,0,0,0,1,1,1,1,gratuito
2,0.0,0,0.0,2,2,1,0,0,1,0,0,1,0,0,0,0,gratuito
17,0.0,0,0.0,1,1,1,0,0,0,0,0,0,1,0,0,0,alto
3,10000.0,2,0.5,3,4,1,0,0,0,1,0,1,0,0,0,1,alto
5,0.0,0,0.0,0,0,1,0,0,0,0,0,0,0,0,0,0,gratuito
2,10000.0,7,1.0,5,3,1,0,0,0,1,1,1,0,0,0,0,baixo
6,10000.0,119,0.8403361344537815,4,5,1,0,0,0,1,0,1,0,0,1,1,gratuito
3,10000.0,219,0.8447488584474886,3,2,1,0,0,0,1,0,1,0,0,0,0,alto
3,10000.0,1229,0.7868185516680228,8,3,1,0,0,4,0,0,0,1,1,0,1,alto
1,10000.0,0,0.0,1,2,1,1,1,0,1,0,0,1,0,0,0,alto
2,10000.0,28,0.5357142857142857,1,4,1,0,0,0,1,1,1,1,0,0,0,baixo
4,10000.0,1,1.0,2,1,1,0,0,0,0,0,0,1,0,0,0,alto
5,10000.0,0,0.0,1,3,1,0,0,0,0,1,1,0,0,0,1,medio_alto
11,35000.0,128,0.6171875,1,2,1,0,1,1,1,0,0,0,0,1,0,baixo
3,35000.0,491,0.824847250509165,1,2,1,0,0,0,0,0,0,1,0,1,0,medio_alto
2,10000.0,1,1.0,1,4,1,0,0,0,1,0,1,0,0,0,1,alto
5,10000.0,12,0.5,2,3,1,0,0,0,1,0,0,1,0,1,0,baixo
8,10000.0,17204,0.7299465240641712,12,2,1,1,1,0,0,1,1,0,0,0,0,medio_alto
8,10000.0,2,0.5,1,2,1,0,0,0,1,1,0,0,0,0,0,medio_baixo
7,10000.0,18,0.8333333333333334,1,4,1,0,0,0,1,0,0,0,0,0,1,gratuito
1,75000.0,2,0.0,23,3,1,0,0,0,1,1,1,0,0,0,0,alto
10,350000.0,165,0.7454545454545455,1,5,1,0,0,0,1,0,1,1,1,0,1,baixo
7,10000.0,7,1.0,1,6,1,1,1,2,1,0,1,1,1,1,1,alto
1,0.0,0,0.0,0,0,1,0,0,0,0,0,0,0,0,0,0,gratuito
5,10000.0,49,0.8979591836734694,1,4,1,0,0,0,1,1,0,1,0,1,0,baixo
4,10000.0,0,0.0,1,1,1,0,0,0,0,0,0,0,1,0,0,medio_baixo
3,10000.0,0,0.0,5,5,1,0,0,0,1,1,1,0,1,0,1,baixo
1,0.0,0,0.0,1,1,1,0,0,0,0,1,0,0,0,0,0,medio_alto
2,10000.0,27,0.8518518518518519,4,4,1,0,0,0,1,0,1,1,0,0,1,medio_baixo
2,10000.0,36,0.6388888888888888,7,3,1,0,0,0,1,0,1,1,0,0,0,medio_alto
8,10000.0,328,0.8567073170731707,2,1,1,1,1,0,0,0,0,0,0,0,1,medio_baixo
2,10000.0,31,0.8387096774193549,4,3,1,0,0,0,1,0,1,0,1,0,0,medio_alto
3,0.0,0,0.0,0,0,1,0,0,0,0,0,0,0,0,0,0,gratuito
1,10000.0,0,0.0,1,5,1,0,0,0,1,0,1,1,0,0,1,baixo
5,10000.0,15,0.8666666666666667,1,3,1,0,0,0,1,1,0,0,0,0,1,medio_baixo
2,10000.0,244,0.9754098360655737,2,3,1,0,0,0,1,1,1,0,0,0,0,baixo
10,10000.0,8,0.75,1,4,1,1,1,0,1,1,0,0,0,0,1,alto
3,10000.0,22,0.5909090909090909,2,3,1,0,0,2,1,1,0,1,0,0,0,medio_alto
2,0.0,0,0.0,0,0,1,0,0,0,0,0,0,0,0,0,0,gratuito
8,10000.0,22,0.6818181818181818,1,1,1,0,0,0,1,0,0,0,0,0,0,gratuito
1,10000.0,0,0.0,1,3,1,1,1,1,1,0,0,1,0,0,1,medio_alto
2,10000.0,12,0.5833333333333334,2,4,1,0,0,0,1,0,1,1,0,0,0,medio_alto
1,10000.0,0,0.0,10,2,1,1,1,0,0,0,0,1,0,0,1,medio_alto
8,10000.0,2,0.5,1,2,1,0,1,0,1,1,0,0,0,0,0,baixo
9,750000.0,3186,0.8057124921531701,5,4,1,0,0,0,0,0,1,0,1,0,0,gratuito
4,35000.0,6,0.6666666666666666,2,2,1,0,0,0,1,0,1,0,0,0,0,medio_alto
2,10000.0,11,0.8181818181818182,4,2,1,0,0,0,1,0,0,1,0,0,0,baixo
7,10000.0,74,0.4864864864864865,6,1,1,0,0,0,0,0,0,0,0,0,0,alto
1,0.0,0,0.0,1,2,1,0,0,0,0,1,0,0,1,0,0,alto
1,0.0,0,0.0,0,0,1,0,0,0,0,0,0,0,0,0,0,gratuito
2,10000.0,169,0.7633136094674556,11,3,1,0,0,1,1,1,1,0,0,0,0,medio_alto
2,35000.0,3,1.0,2,4,1,0,0,1,1,0,0,0,1,1,1,medio_baixo
2,10000.0,29,0.8620689655172413,1,2,1,0,0,0,0,1,1,0,0,0,0,baixo
6,10000.0,20,0.55,1,3,1,0,0,1,0,1,1,0,0,0,0,baixo
1,0.0,0,0.0,1,3,1,1,1,0,1,0,0,1,0,0,0,gratuito
6,10000.0,15,0.8666666666666667,1,2,1,0,0,0,1,0,1,0,0,0,0,alto
2,0.0,0,0.0,0,0,1,0,0,0,0,0,0,0,0,0,0,gratuito
3,35000.0,948,0.9620253164556962,17,2,1,0,0,0,1,0,0,0,0,0,1,alto
4,0.0,0,0.0,3,5,1,1,1,0,1,1,0,1,0,0,0,gratuito
10,35000.0,140,0.9071428571428571,14,2,1,1,0,0,0,0,1,1,0,0,0,alto
4,0.0,0,0.0,5,3,1,1,1,7,1,0,0,1,0,1,0,gratuito
17,350000.0,2752,0.9407703488372093,1,3,1,1,1,0,1,1,1,0,0,0,0,baixo
8,10000.0,8,0.875,12,4,1,1,1,0,1,0,0,1,0,1,1,baixo
3,10000.0,4,1.0,2,3,1,0,0,0,1,1,1,0,0,0,0,baixo
1,0.0,0,0.0,1,6,1,0,0,0,1,1,1,1,0,0,1,gratuito
2,0.0,0,0.0,1,2,1,0,0,0,1,1,0,0,0,0,0,gratuito
9,150000.0,64,0.625,2,4,1,1,1,0,1,0,1,0,0,0,0,medio_baixo
1,10000.0,0,0.0,1,3,1,1,0,0,1,0,0,0,0,1,0,alto
4,10000.0,0,0.0,3,2,1,0,0,1,1,0,0,0,1,0,0,medio_alto
1,0.0,0,0.0,5,2,1,0,0,0,0,0,0,0,0,0,1,gratuito
4,10000.0,12,1.0,1,3,1,0,0,0,1,0,1,1,0,0,0,baixo
2,0.0,0,0.0,1,5,1,0,0,0,1,0,0,0,1,1,0,gratuito
1,10000.0,0,0.0,1,3,1,1,1,0,0,0,1,1,0,0,1,medio_alto
2,10000.0,3,0.3333333333333333,3,2,1,0,0,0,1,0,1,0,0,0,0,alto
2,10000.0,47,0.851063829787234,13,2,1,0,0,0,1,0,1,0,0,0,0,baixo
5,10000.0,0,0.0,1,1,1,0,1,1,0,0,1,0,0,0,0,gratuito
4,0.0,0,0.0,1,1,1,0,0,0,0,0,0,1,0,0,0,gratuito
2,0.0,0,0.0,6,4,1,1,0,0,1,1,0,0,0,0,0,gratuito
8,10000.0,14,0.35714285714285715,1,3,1,0,0,0,1,0,1,1,0,0,0,medio_baixo
9,10000.0,23,1.0,7,3,1,1,1,0,1,1,0,1,0,0,0,alto
3,150000.0,1824,0.8240131578947368,11,4,1,1,1,0,1,0,0,1,0,1,1,medio_alto
7,10000.0,28,0.75,1,5,1,1,0,0,1,1,1,0,0,1,1,alto
3,10000.0,10,1.0,1,2,1,0,0,0,1,0,0,1,0,0,0,medio_baixo
5,0.0,0,0.0,1,4,1,1,1,0,1,0,1,1,0,0,1,gratuito
10,10000.0,69,0.5797101449275363,1,3,1,1,1,1,1,1,1,0,0,0,0,medio_alto
6,10000.0,16,0.875,8,3,1,0,0,0,1,0,1,1,0,0,0,medio_alto
3,0.0,0,0.0,27,5,1,0,0,0,1,1,0,1,0,0,1,gratuito
9,10000.0,10,0.8,1,3,1,0,0,0,1,1,0,1,0,0,0,medio_alto
2,10000.0,9,0.7777777777777778,1,5,1,1,1,0,1,1,1,0,1,1,0,medio_alto
1,0.0,0,0.0,1,5,1,0,0,0,1,1,0,1,0,0,0,gratuito
9,350000.0,7571,0.792365605600317,8,4,1,0,0,0,0,1,1,1,1,0,0,alto
3,0.0,0,0.0,1,2,1,0,0,0,0,0,0,1,0,0,0,gratuito
4,75000.0,2,1.0,1,3,1,0,0,0,1,0,1,0,0,1,0,medio_alto
1,10000.0,4,0.5,5,3,1,0,0,0,1,1,0,0,0,0,0,alto
8,10000.0,5,0.4,29,5,1,0,0,0,1,1,1,1,0,0,0,baixo
1,0.0,0,0.0,103,9,1,1,1,0,1,1,1,1,1,1,1,alto
7,150000.0,1494,0.8982597054886211,1,2,1,0,1,1,0,0,0,0,0,0,1,alto
5,150000.0,4,0.75,2,3,1,0,0,0,1,1,0,0,0,0,0,medio_baixo
8,750000.0,8629,0.9410128635994901,2,4,1,0,0,0,1,0,1,1,0,0,0,gratuito
1,10000.0,7,0.8571428571428571,2,3,1,0,0,0,1,1,0,1,0,0,0,baixo
5,10000.0,101,0.9504950495049505,1,3,1,1,1,0,0,1,0,1,0,0,0,medio_baixo
1,10000.0,3,0.6666666666666666,9,1,1,0,0,0,0,0,0,0,0,0,0,alto
10,10000.0,63,0.6349206349206349,2,1,1,0,0,0,0,0,0,0,0,1,0,medio_alto
2,10000.0,0,0.0,30,2,1,0,0,0,1,0,0,1,0,0,0,baixo
4,0.0,0,0.0,0,0,1,0,0,0,0,0,0,0,0,0,0,gratuito
5,10000.0,0,0.0,1,2,1,0,0,0,1,0,1,0,0,0,0,medio_alto
3,10000.0,0,0.0,1,2,1,0,0,0,0,0,1,0,1,0,0,gratuito
4,0.0,0,0.0,1,2,1,0,0,0,0,1,1,0,0,0,0,gratuito
9,10000.0,0,0.0,1,2,1,0,0,0,1,1,0,0,0,0,0,medio_baixo
4,10000.0,15,0.9333333333333333,1,3,1,0,0,0,1,1,0,1,0,0,0,medio_baixo
4,0.0,0,0.0,0,0,1,0,0,0,0,0,0,0,0,0,0,gratuito
2,0.0,0,0.0,103,4,1,0,0,0,1,1,0,1,0,0,0,gratuito
9,35000.0,200,0.785,1,3,1,1,0,1,1,1,1,0,0,0,0,medio_baixo
14,3500000.0,114019,0.8938334838930354,17,2,1,0,0,0,0,1,1,0,0,0,0,medio_alto
1,35000.0,453,0.6799116997792495,1,5,1,0,0,0,1,1,1,1,1,0,0,alto
2,10000.0,9,1.0,1,3,1,0,1,0,1,1,0,1,0,0,0,baixo
1,0.0,0,0.0,2,4,1,1,0,0,0,0,0,0,1,1,1,gratuito
8,10000.0,51,0.8431372549019608,5,4,1,1,1,0,1,0,0,1,0,1,1,baixo
1,10000.0,6,0.5,6,3,1,0,1,0,1,0,1,0,0,1,0,medio_alto
3,150000.0,2934,0.6755282890252216,9,1,1,0,0,2,0,0,0,0,0,1,0,medio_alto
3,0.0,0,0.0,0,0,1,0,0,0,0,0,0,0,0,0,0,gratuito
3,10000.0,126,0.8015873015873016,6,3,1,0,0,1,1,1,0,0,1,0,0,medio_alto
1,0.0,0,0.0,0,0,1,0,0,0,0,0,0,0,0,0,0,gratuito
10,10000.0,170,0.40588235294117647,1,3,1,0,0,0,1,0,0,0,0,0,1,alto
7,10000.0,9,0.3333333333333333,1,1,1,0,0,0,0,1,0,0,0,0,0,gratuito
1,10000.0,0,0.0,2,4,1,0,0,0,1,0,0,1,1,0,1,medio_alto
2,10000.0,0,0.0,1,1,1,0,0,0,0,0,0,0,0,0,0,medio_baixo
2,10000.0,23,0.9130434782608695,8,2,1,0,0,1,0,1,0,0,1,0,0,alto
3,10000.0,0,0.0,2,3,1,0,1,0,1,0,0,1,0,1,0,baixo
2,10000.0,0,0.0,3,4,1,0,0,0,1,1,0,1,1,0,0,medio_alto
9,10000.0,45,0.7777777777777778,1,1,1,0,0,0,1,0,0,0,0,0,0,alto
3,0.0,0,0.0,0,0,1,0,0,0,0,0,0,0,0,0,0,gratuito
1,10000.0,0,0.0,7,2,1,0,0,0,1,1,0,0,0,0,0,medio_alto
17,75000.0,336,0.7946428571428571,1,1,1,0,0,0,0,0,0,1,0,0,0,baixo
5,10000.0,7,0.42857142857142855,1,1,1,0,0,0,0,1,0,0,0,0,0,medio_baixo
1,0.0,0,0.0,1,4,1,0,0,0,1,0,0,1,0,0,1,medio_baixo
3,10000.0,13,0.6923076923076923,2,1,1,0,0,0,0,0,0,0,1,0,0,alto
7,10000.0,10,0.6,1,2,1,0,0,0,0,1,0,0,1,0,0,gratuito
20,1500000.0,16971,0.9442578516292499,11,2,1,0,0,0,0,1,0,0,0,1,0,medio_alto
12,150000.0,441,0.8163265306122449,7,2,1,0,0,2,1,0,1,0,0,0,0,baixo
4,10000.0,114,0.7543859649122807,3,1,1,0,0,0,0,1,0,0,0,0,0,baixo
1,0.0,0,0.0,0,0,1,0,0,0,0,0,0,0,0,0,0,gratuito
1,0.0,0,0.0,1,4,1,0,0,0,1,1,1,0,0,0,0,gratuito
2,150000.0,37,0.972972972972973,5,1,1,1,1,2,0,0,1,0,0,0,0,medio_alto
1,10000.0,23,1.0,1,3,1,1,1,0,1,0,1,0,1,0,0,medio_alto
2,35000.0,68,0.8970588235294118,1,6,1,0,0,0,1,1,1,1,1,1,0,alto
1,0.0,0,0.0,0,0,1,0,0,0,0,0,0,0,0,0,0,gratuito
2,0.0,0,0.0,0,0,1,0,0,0,0,0,0,0,0,0,0,gratuito
2,0.0,0,0.0,0,0,1,0,0,0,0,0,0,0,0,0,0,gratuito
2,10000.0,20,0.6,2,3,1,0,0,0,1,0,1,0,0,0,0,gratuito
5,10000.0,21,0.5714285714285714,1,1,1,0,0,0,0,0,0,0,0,1,0,alto
12,10000.0,99,0.5050505050505051,3,1,1,0,0,0,0,0,0,0,0,0,1,medio_baixo
6,10000.0,27,0.37037037037037035,1,3,1,1,0,0,1,0,0,0,0,1,1,baixo
9,35000.0,412,0.941747572815534,1,3,1,0,0,0,1,0,0,0,1,0,0,gratuito
17,0.0,0,0.0,1,1,1,0,0,0,0,0,0,1,0,0,0,alto
1,0.0,0,0.0,1,2,1,0,0,0,1,0,0,1,0,0,0,medio_alto
8,10000.0,1,1.0,4,3,1,0,0,0,1,1,1,0,0,0,0,medio_alto
3,35000.0,71,0.6619718309859155,6,2,1,1,0,1,1,0,1,0,0,0,0,alto
2,10000.0,0,0.0,4,3,1,1,0,0,0,0,1,1,1,0,0,alto
2,0.0,0,0.0,0,0,1,0,0,0,0,0,0,0,0,0,0,gratuito
1,35000.0,3,1.0,1,4,1,0,0,0,1,1,1,1,0,0,0,medio_baixo
3,10000.0,0,0.0,1,3,1,0,1,0,1,1,0,0,0,0,0,gratuito
2,10000.0,24,0.9583333333333334,2,2,1,0,0,0,1,0,1,0,0,0,0,medio_baixo
1,10000.0,0,0.0,3,2,1,1,0,0,0,0,1,1,0,0,0,medio_alto
15,35000.0,67,0.5671641791044776,5,2,1,0,0,0,1,1,0,0,0,0,0,medio_alto
1,10000.0,0,0.0,6,2,1,0,1,0,1,1,0,0,0,0,0,baixo
5,10000.0,7,0.14285714285714285,1,2,1,0,0,0,1,0,0,1,0,0,0,baixo
12,150000.0,675,0.7244444444444444,1,2,1,1,1,2,1,0,1,0,0,0,0,baixo
1,0.0,0,0.0,2,3,1,0,0,0,0,0,1,0,0,0,0,gratuito
1,0.0,0,0.0,3,3,1,0,0,0,1,0,1,1,0,0,0,baixo
9,35000.0,24,0.9583333333333334,1,1,1,0,0,0,0,1,0,0,0,0,0,medio_baixo
8,150000.0,1939,0.813821557503868,1,1,1,0,0,2,1,0,0,0,0,0,0,medio_baixo
2,10000.0,43,0.7209302325581395,4,3,1,0,0,0,1,0,1,0,1,0,0,medio_baixo
4,10000.0,0,0.0,2,2,1,0,0,0,1,0,1,0,0,0,0,medio_alto
10,35000.0,142,0.7746478873239436,9,3,1,1,1,0,1,0,0,1,0,0,1,baixo
8,35000.0,11,0.36363636363636365,5,3,1,0,0,1,1,0,1,1,0,0,0,baixo
2,75000.0,889,0.8166479190101237,12,4,1,0,0,1,0,1,1,0,1,1,0,alto
5,10000.0,0,0.0,1,5,1,0,0,0,1,0,0,1,0,1,1,alto
1,10000.0,0,0.0,1,4,1,0,0,0,0,0,0,0,0,0,0,alto
4,10000.0,0,0.0,1,2,1,0,0,0,0,1,0,0,0,0,0,gratuito
7,10000.0,7,0.2857142857142857,1,2,1,1,0,0,1,1,0,0,0,0,0,baixo
4,35000.0,193,0.7564766839378239,1,2,1,0,0,0,1,1,0,0,0,0,0,baixo
1,0.0,0,0.0,0,0,1,0,0,0,0,0,0,0,0,0,0,gratuito
2,10000.0,31,0.9354838709677419,4,2,1,0,0,0,0,1,0,1,0,0,0,alto
7,10000.0,24,0.875,1,3,1,0,0,0,1,1,0,0,0,0,0,alto
2,0.0,0,0.0,0,0,1,0,0,0,0,0,0,0,0,0,0,gratuito
5,10000.0,60,0.9,29,4,1,0,0,0,1,1,0,1,0,0,0,baixo
5,10000.0,25,0.84,1,3,1,0,0,0,1,1,0,0,1,0,0,medio_alto
3,10000.0,22,0.9545454545454546,10,2,1,0,0,0,1,0,0,1,0,0,0,baixo
4,10000.0,464,0.7887931034482759,11,6,1,1,1,2,1,1,1,1,0,1,1,medio_baixo
1,10000.0,0,0.0,2,2,1,0,0,0,1,0,0,0,0,1,0,medio_alto
9,10000.0,2,1.0,1,2,1,0,0,0,1,0,1,0,0,0,0,alto
2,0.0,0,0.0,2,3,1,0,0,0,1,1,0,0,0,0,0,gratuito
3,10000.0,132,0.946969696969697,5,2,1,0,0,0,0,1,0,0,0,0,0,alto
6,10000.0,3,1.0,1,3,1,0,1,0,1,0,0,0,0,0,1,alto
1,10000.0,0,0.0,4,3,1,0,0,0,1,0,0,1,0,1,0,alto
3,150000.0,2125,0.9487058823529412,11,2,1,1,0,0,1,1,0,0,0,0,0,medio_baixo
1,0.0,0,0.0,0,0,1,0,0,0,0,0,0,0,0,0,0,gratuito
10,10000.0,77,0.42857142857142855,1,6,1,1,0,0,1,1,1,0,1,0,1,alto
6,10000.0,7,0.7142857142857143,1,3,1,0,0,0,0,1,0,1,0,0,1,medio_alto
1,10000.0,13,0.9230769230769231,9,3,1,0,0,0,1,1,0,1,0,0,0,medio_alto
2,10000.0,17,0.4117647058823529,1,2,1,0,0,0,0,0,0,1,0,1,0,medio_baixo
5,35000.0,58,0.8620689655172413,2,3,1,0,0,0,1,0,1,1,0,0,0,medio_alto
8,35000.0,11,0.5454545454545454,1,1,1,0,0,0,0,1,0,0,0,0,0,medio_alto
4,10000.0,0,0.0,21,2,1,0,0,0,0,0,0,0,0,0,1,gratuito
3,10000.0,17,0.8235294117647058,9,3,1,0,0,0,1,1,0,0,1,0,0,medio_baixo
7,75000.0,585,0.5470085470085471,7,4,1,0,0,1,1,1,1,1,0,0,0,alto
1,0.0,0,0.0,0,0,1,0,0,0,0,0,0,0,0,0,0,gratuito
4,0.0,0,0.0,1,4,1,1,0,2,1,1,0,1,0,0,0,gratuito
1,10000.0,0,0.0,1,3,1,0,0,0,1,0,1,1,0,0,0,baixo
11,75000.0,138,0.6014492753623188,1,4,1,1,1,0,1,1,1,1,0,0,0,baixo
1,10000.0,0,0.0,1,1,1,0,0,0,0,0,0,0,0,0,1,medio_baixo
3,10000.0,60,0.75,4,3,1,0,0,0,1,0,1,0,1,0,0,alto
2,10000.0,22,0.7727272727272727,4,3,1,1,0,1,1,0,0,1,0,0,1,alto
1,0.0,0,0.0,2,3,1,0,0,0,1,0,0,1,0,0,1,medio_baixo
4,10000.0,13,0.9230769230769231,1,2,1,0,0,0,1,0,0,1,0,0,0,alto
2,10000.0,0,0.0,1,4,1,1,0,0,1,1,1,0,1,0,0,gratuito
8,10000.0,24,0.7916666666666666,2,2,1,0,0,0,1,0,0,0,0,0,1,baixo
1,0.0,0,0.0,1,5,1,0,0,0,1,1,0,1,0,1,0,medio_alto
9,150000.0,2300,0.6569565217391304,9,1,1,0,0,0,0,0,1,0,0,0,0,medio_baixo
3,10000.0,0,0.0,1,7,1,0,0,0,1,1,1,1,1,0,1,baixo
7,10000.0,16,0.5625,1,1,1,1,0,0,0,0,0,1,0,0,0,alto
10,35000.0,47,0.851063829787234,1,3,1,0,0,0,1,1,0,1,0,0,0,baixo
6,350000.0,28,0.8571428571428571,1,4,1,0,1,0,1,0,1,0,1,1,0,baixo
7,75000.0,2070,0.7603864734299517,2,1,1,0,0,1,1,0,0,0,0,0,0,medio_alto
8,10000.0,22,0.5454545454545454,1,3,1,0,0,0,1,0,1,1,0,0,0,baixo
6,0.0,0,0.0,0,0,1,0,0,0,0,0,0,0,0,0,0,gratuito
5,35000.0,14,0.7142857142857143,1,2,1,0,0,0,0,0,0,0,0,1,1,medio_alto
4,10000.0,10,0.6,1,3,1,0,0,0,0,1,1,0,0,1,0,gratuito
1,10000.0,1,1.0,30,5,1,0,0,0,1,0,1,1,0,0,1,medio_baixo
12,350000.0,278,0.6223021582733813,1,1,1,0,0,0,0,0,0,1,0,0,0,medio_baixo
3,10000.0,0,0.0,5,6,1,0,0,2,1,0,1,1,1,1,1,alto
8,10000.0,40,0.8,1,3,1,0,0,0,1,0,1,0,1,0,0,baixo
11,150000.0,1523,0.8647406434668418,7,2,1,0,0,0,1,1,0,0,0,0,0,baixo
2,35000.0,1519,0.9052007899934167,11,2,1,0,0,0,1,1,0,0,0,0,0,alto
5,0.0,0,0.0,0,0,1,0,0,0,0,0,0,0,0,0,0,gratuito
11,75000.0,527,0.7950664136622391,2,3,1,0,0,0,0,0,0,0,1,1,1,gratuito
1,0.0,0,0.0,1,4,1,0,0,0,1,0,0,1,0,0,0,gratuito
8,10000.0,36,0.5555555555555556,2,6,1,0,0,0,1,1,1,0,0,0,1,baixo
4,10000.0,11,0.7272727272727273,1,6,1,0,0,0,1,0,1,1,1,1,1,alto
1,10000.0,0,0.0,8,2,1,0,0,0,0,0,0,0,0,1,1,alto
6,10000.0,2,1.0,2,4,1,1,0,0,1,1,1,1,0,0,0,medio_baixo
4,0.0,0,0.0,1,2,1,0,0,0,1,0,0,1,0,0,0,gratuito
1,10000.0,100,0.89,12,2,1,0,0,0,1,0,1,0,0,0,0,medio_alto
2,10000.0,6,0.8333333333333334,3,1,1,1,0,0,0,0,0,1,0,0,0,medio_alto
2,0.0,0,0.0,21,7,1,0,0,0,0,0,0,0,0,0,0,gratuito
1,0.0,0,0.0,0,0,1,0,0,0,0,0,0,0,0,0,0,gratuito
9,35000.0,76,0.868421052631579,6,2,1,0,0,0,1,1,0,0,0,0,0,baixo
3,10000.0,7,1.0,1,2,1,0,0,0,1,0,0,1,0,0,0,medio_alto
3,10000.0,234,0.9017094017094017,1,3,1,0,0,0,1,0,0,1,0,0,0,gratuito
7,10000.0,8,0.625,1,1,1,0,0,0,0,0,0,0,1,0,0,gratuito
6,10000.0,12,0.9166666666666666,3,4,1,0,0,0,1,1,1,1,0,0,0,medio_alto
4,10000.0,4,1.0,1,1,1,0,0,0,1,0,0,0,0,0,0,baixo
4,75000.0,496,0.7258064516129032,11,6,1,0,0,8,1,1,1,1,1,1,0,medio_baixo
10,10000.0,18,0.7777777777777778,2,2,1,0,0,0,1,0,0,0,1,0,0,medio_baixo
6,10000.0,8,0.625,1,1,1,0,0,0,1,0,0,0,0,0,0,medio_baixo
6,35000.0,85,0.9647058823529412,2,1,1,0,0,0,0,0,0,1,0,0,0,baixo
1,10000.0,16,0.9375,2,4,1,0,0,0,1,0,0,1,0,1,1,medio_alto
1,0.0,0,0.0,5,4,1,0,0,0,1,0,1,1,0,0,0,gratuito
6,10000.0,5,0.4,1,2,1,1,0,0,0,0,0,0,0,0,0,alto
8,10000.0,0,0.0,1,3,1,1,1,0,1,1,0,1,0,0,0,baixo
5,10000.0,18,0.8333333333333334,1,3,1,0,0,0,1,0,0,1,0,1,0,baixo
7,10000.0,0,0.0,1,2,1,0,0,3,1,0,0,1,0,0,0,baixo
1,0.0,0,0.0,1,2,1,0,0,0,1,0,0,1,0,0,0,medio_baixo
6,10000.0,2,1.0,2,5,1,0,0,0,1,1,0,1,0,1,0,medio_baixo
1,0.0,0,0.0,0,0,1,0,0,0,0,0,0,0,0,0,0,gratuito
6,0.0,0,0.0,0,0,1,0,0,0,0,0,0,0,0,0,0,gratuito
2,10000.0,60,0.95,7,1,1,1,0,1,0,0,0,0,0,1,0,medio_alto
17,75000.0,653,0.9249617151607963,5,0,1,0,0,0,0,0,0,0,0,0,0,alto
2,10000.0,2,0.5,1,4,1,0,0,0,1,1,0,0,0,1,0,medio_alto
8,10000.0,21,0.5714285714285714,1,2,1,0,0,0,1,0,0,1,0,0,0,baixo
1,10000.0,0,0.0,11,1,1,0,0,0,0,0,0,0,0,1,0,medio_baixo
9,10000.0,19,0.10526315789473684,1,3,1,1,1,0,1,1,1,0,0,0,0,baixo
5,10000.0,0,0.0,1,2,1,0,1,1,0,0,1,1,0,0,0,medio_alto
11,350000.0,271,0.46863468634686345,1,2,1,0,0,0,1,0,0,0,0,0,0,medio_alto
5,75000.0,1988,0.7857142857142857,11,1,1,1,0,3,0,0,1,0,0,0,0,medio_baixo
1,10000.0,3,1.0,7,3,1,0,0,0,1,1,1,0,0,0,0,medio_alto
3,75000.0,1275,0.9850980392156863,1,2,1,0,0,0,1,0,1,0,0,0,0,alto
5,10000.0,4,0.5,2,3,1,0,0,0,1,1,0,1,0,0,0,baixo
8,10000.0,8,0.375,1,3,1,0,0,0,0,1,1,0,0,0,0,alto
1,0.0,0,0.0,0,0,1,0,0,0,0,0,0,0,0,0,0,gratuito
2,10000.0,7,0.2857142857142857,6,1,1,0,0,0,0,1,0,0,0,0,0,medio_baixo
7,10000.0,59,0.6949152542372882,2,3,1,0,0,0,1,0,0,0,1,0,1,medio_alto
1,10000.0,0,0.0,10,3,1,1,0,1,1,0,1,0,0,0,1,alto
5,75000.0,1766,0.8063420158550396,8,2,1,0,0,3,1,1,0,0,0,0,0,alto
2,10000.0,0,0.0,1,3,1,0,1,1,0,0,1,0,0,1,1,medio_alto
7,35000.0,147,0.7414965986394558,2,4,1,0,0,0,1,1,0,0,0,1,1,alto
2,10000.0,6,1.0,2,2,1,0,0,1,1,0,1,0,0,0,0,baixo
2,0.0,0,0.0,1,3,1,0,0,0,0,1,0,1,0,0,0,gratuito
8,35000.0,199,0.8844221105527639,1,1,1,1,0,1,0,0,0,0,0,0,1,alto
3,10000.0,10,0.9,3,3,1,0,0,0,1,0,1,1,0,0,0,medio_baixo
1,10000.0,0,0.0,1,3,1,0,0,0,1,1,0,1,0,0,0,alto
2,10000.0,5,0.4,2,4,1,0,0,0,1,1,1,1,0,0,0,medio_baixo
8,10000.0,135,0.8148148148148148,1,5,1,1,1,1,1,0,0,1,1,1,1,baixo
4,10000.0,10,0.8,1,1,1,0,1,0,0,0,0,0,0,0,0,alto
5,35000.0,10,0.9,1,4,1,0,0,0,1,0,1,0,1,1,0,medio_alto
5,10000.0,28,0.5,1,1,1,0,0,0,0,0,0,0,0,1,0,alto
4,10000.0,13,0.9230769230769231,1,4,1,0,0,0,1,1,1,1,0,0,0,medio_baixo
9,10000.0,14,0.5,1,2,1,0,1,0,1,0,0,0,1,0,0,medio_baixo
5,10000.0,95,0.8736842105263158,2,5,1,0,0,0,1,1,1,0,1,0,0,alto
5,10000.0,42,0.9761904761904762,1,3,1,1,0,0,1,0,1,1,0,0,0,alto
1,10000.0,0,0.0,2,2,1,0,0,0,0,0,1,0,1,0,0,medio_alto
3,10000.0,16,0.875,1,2,1,0,0,0,1,0,1,0,0,0,0,medio_baixo
12,35000.0,237,0.5907172995780591,1,3,1,0,0,1,1,0,1,0,1,0,0,medio_baixo
1,0.0,0,0.0,0,0,1,0,0,0,0,0,0,0,0,0,0,gratuito
7,10000.0,0,0.0,29,3,1,0,0,0,1,0,0,1,0,0,1,baixo
5,35000.0,269,0.7397769516728625,15,5,1,1,1,3,0,1,1,1,0,0,0,gratuito
3,0.0,0,0.0,1,5,1,0,1,0,1,1,1,0,0,0,0,gratuito
2,10000.0,46,0.8043478260869565,7,1,1,0,0,0,1,0,0,0,0,0,0,medio_baixo
3,10000.0,1,0.0,1,1,1,0,0,0,1,0,0,0,0,0,0,medio_alto
10,750000.0,6680,0.8392215568862276,10,2,1,0,0,12,0,1,1,0,0,0,0,medio_alto
9,10000.0,5,0.2,1,10,1,0,0,0,1,1,1,1,1,1,1,baixo
3,10000.0,12,0.9166666666666666,1,3,1,0,0,0,1,0,0,0,1,0,0,alto
2,35000.0,47,0.9787234042553191,1,3,1,1,1,0,1,1,1,0,0,0,0,medio_alto
5,10000.0,0,0.0,1,2,1,1,1,0,1,0,0,1,0,0,0,medio_baixo
4,10000.0,19,0.8947368421052632,1,4,1,0,0,0,1,1,0,1,0,0,1,medio_alto
7,35000.0,51,0.6078431372549019,8,3,1,1,1,0,1,0,1,1,0,0,0,medio_baixo
2,10000.0,0,0.0,1,3,1,1,1,0,1,0,1,1,0,0,0,baixo
6,35000.0,16,0.9375,1,2,1,0,0,0,1,0,0,0,0,1,0,baixo
6,150000.0,27,0.4444444444444444,1,1,1,0,0,1,0,1,0,0,0,0,0,medio_baixo
1,0.0,0,0.0,0,0,1,0,0,0,0,0,0,0,0,0,0,gratuito
2,0.0,0,0.0,103,2,1,0,0,0,1,0,0,1,0,0,0,medio_baixo
10,10000.0,42,0.5714285714285714,1,2,1,1,1,0,1,0,0,1,0,0,0,gratuito
1,0.0,0,0.0,0,0,1,0,0,0,0,0,0,0,0,0,0,gratuito
7,35000.0,4,1.0,2,2,1,0,0,0,1,0,0,1,0,0,0,medio_baixo
15,350000.0,2011,0.8960716061660865,7,1,1,0,0,0,0,0,0,0,0,1,0,medio_baixo
3,10000.0,24,0.8333333333333334,1,4,1,0,0,0,1,1,0,1,0,0,0,gratuito
7,150000.0,1361,0.9162380602498164,1,4,1,1,1,0,1,0,1,1,0,0,1,medio_alto
1,10000.0,0,0.0,13,5,1,0,0,0,1,0,1,1,1,0,1,medio_alto
4,10000.0,2,0.5,1,6,1,0,0,0,1,1,1,1,0,1,0,medio_alto
6,10000.0,8,0.375,1,1,1,0,0,0,1,0,0,0,0,0,0,baixo
6,10000.0,15,1.0,1,4,1,0,0,1,1,1,0,1,0,0,1,alto
2,10000.0,7,0.5714285714285714,1,3,1,0,0,0,1,0,1,1,0,0,0,baixo
7,10000.0,96,0.8854166666666666,1,3,1,0,0,1,1,0,1,0,1,0,0,medio_baixo
4,10000.0,27,0.9629629629629629,1,3,1,0,0,0,1,0,0,1,0,0,1,medio_alto
2,10000.0,4,0.5,2,2,1,0,0,0,1,0,0,1,0,0,0,baixo
7,10000.0,20,0.75,1,5,1,0,0,0,1,1,1,0,1,0,0,alto
8,35000.0,144,0.8333333333333334,1,3,1,0,0,0,1,0,1,1,0,0,0,baixo
7,10000.0,34,0.6176470588235294,3,3,1,0,0,0,1,0,0,0,0,0,1,baixo
8,750000.0,6157,0.7552379405554653,11,3,1,1,1,1,1,0,1,0,0,1,0,medio_alto
3,35000.0,7,0.7142857142857143,1,1,1,0,0,0,0,1,0,0,0,0,0,baixo
4,0.0,0,0.0,0,0,1,0,0,0,0,0,0,0,0,0,0,gratuito
1,0.0,0,0.0,9,2,1,0,0,0,1,0,0,0,0,0,1,medio_baixo
6,0.0,0,0.0,0,0,1,0,0,0,0,0,0,0,0,0,0,gratuito
1,10000.0,5,0.8,1,1,1,0,0,0,0,0,0,0,0,0,1,medio_alto
9,35000.0,368,0.904891304347826,1,3,1,0,0,0,1,0,1,0,0,0,0,gratuito
6,10000.0,2,0.5,1,2,1,0,0,0,1,0,0,1,0,0,0,medio_alto
2,10000.0,27,0.5925925925925926,1,6,1,0,0,0,1,1,1,1,1,0,1,baixo
1,10000.0,4,0.75,2,5,1,0,0,0,1,1,1,0,1,0,1,alto
2,10000.0,1,1.0,1,3,1,0,0,0,1,1,0,0,0,0,1,medio_alto
6,10000.0,23,0.9130434782608695,3,2,1,0,0,0,1,0,1,0,0,0,0,medio_baixo
4,10000.0,1,0.0,1,1,1,0,0,0,0,0,1,0,0,0,0,baixo
4,10000.0,3,0.6666666666666666,1,2,1,0,0,0,0,1,0,0,0,0,0,medio_alto
8,10000.0,11,0.45454545454545453,2,8,1,0,0,0,1,1,1,1,1,0,1,medio_baixo
1,10000.0,0,0.0,5,2,1,0,0,0,1,0,0,1,0,0,0,medio_alto
2,10000.0,10,0.8,1,3,1,1,0,0,1,0,0,1,0,0,1,medio_alto
2,10000.0,36,0.75,1,1,1,0,0,0,0,1,0,0,0,0,0,alto
5,35000.0,167,0.8922155688622755,3,2,1,0,0,0,0,0,1,0,1,0,0,medio_alto
2,10000.0,1,1.0,1,2,1,0,0,0,1,1,0,0,0,0,0,baixo
3,35000.0,9,0.7777777777777778,1,3,1,0,0,2,1,1,0,1,0,0,0,alto
5,350000.0,3492,0.7030355097365406,10,3,1,0,0,1,1,1,0,0,1,0,0,alto
7,10000.0,51,0.5686274509803921,1,4,1,0,0,0,1,0,1,1,1,0,0,baixo
1,0.0,0,0.0,2,2,1,0,0,0,1,0,0,1,0,0,0,medio_baixo
3,0.0,0,0.0,27,1,1,0,1,1,0,0,0,1,0,0,0,gratuito
5,75000.0,549,0.604735883424408,5,1,1,1,1,0,0,0,0,0,0,1,0,alto
5,10000.0,0,0.0,1,3,1,0,1,0,0,0,1,1,0,0,1,alto
9,10000.0,30,0.5666666666666667,11,3,1,1,0,0,1,0,1,1,0,0,0,baixo
3,0.0,0,0.0,0,0,1,0,0,0,0,0,0,0,0,0,0,gratuito
2,10000.0,20,1.0,1,3,1,0,0,0,1,0,1,0,0,0,1,alto
9,0.0,0,0.0,4,3,1,0,1,1,1,1,0,0,0,0,0,baixo
2,10000.0,18,1.0,3,3,1,0,0,0,0,0,0,1,0,1,0,medio_alto
6,35000.0,69,0.6086956521739131,1,5,1,0,0,0,1,0,1,1,1,0,0,gratuito
1,10000.0,3,0.3333333333333333,1,1,1,1,0,0,0,0,0,1,0,0,0,medio_alto
1,10000.0,7,1.0,1,3,1,1,1,0,1,1,1,0,0,0,0,medio_baixo
1,10000.0,2,1.0,2,3,1,1,1,0,0,0,1,0,1,0,1,alto
7,35000.0,4,1.0,1,1,1,0,0,0,0,0,0,1,0,0,0,baixo
4,10000.0,137,0.45255474452554745,12,4,1,1,1,2,1,1,0,0,0,0,1,alto
4,0.0,0,0.0,0,0,1,0,0,0,0,0,0,0,0,0,0,gratuito
7,150000.0,2769,0.8436258577103648,4,3,1,0,0,0,1,1,0,0,1,0,0,alto
4,10000.0,40,0.65,1,3,1,0,0,0,1,1,1,0,0,0,0,alto
1,0.0,0,0.0,103,2,1,0,0,2,1,0,0,1,0,0,0,medio_baixo
4,350000.0,3058,0.9535644211903205,10,3,1,0,0,15,0,1,0,0,0,0,1,alto
1,10000.0,60,0.9,17,4,1,0,0,0,1,1,0,0,0,1,1,medio_alto
5,10000.0,4,0.5,2,3,1,0,0,0,1,0,0,1,0,1,0,medio_alto
4,10000.0,11,1.0,2,1,1,0,0,0,0,0,1,0,0,0,0,medio_baixo
4,0.0,0,0.0,1,2,1,1,1,0,0,0,0,0,1,0,0,gratuito
1,10000.0,3,1.0,16,1,1,1,1,0,0,0,1,0,0,0,0,medio_alto
11,150000.0,373,0.38873994638069703,1,3,1,0,0,2,1,1,1,0,0,0,0,baixo
2,35000.0,33,0.9393939393939394,4,3,1,0,0,0,0,1,0,0,1,0,0,alto
6,10000.0,3,1.0,1,4,1,0,0,0,1,1,1,0,0,0,0,alto
4,10000.0,18,0.7777777777777778,1,3,1,1,0,0,1,1,1,0,0,0,0,gratuito
3,10000.0,21,0.8571428571428571,8,2,1,1,1,0,1,1,0,0,0,0,0,baixo
8,10000.0,176,0.7613636363636364,1,5,1,0,0,0,1,1,1,0,1,1,0,alto
14,10000.0,19,0.631578947368421,5,2,1,0,0,7,0,1,0,0,0,0,1,alto
8,10000.0,11,0.36363636363636365,1,2,1,1,0,0,1,0,0,1,0,0,0,baixo
1,10000.0,0,0.0,2,2,1,0,0,0,1,1,0,0,0,0,0,alto
3,10000.0,10,0.9,1,4,1,0,1,0,1,1,0,1,0,0,0,alto
3,10000.0,5,0.4,9,3,1,0,1,0,1,1,1,0,0,0,0,alto
8,10000.0,11,0.6363636363636364,1,2,1,0,0,0,0,0,0,0,0,0,1,gratuito
5,10000.0,17,0.7647058823529411,103,4,1,0,0,0,1,0,1,1,0,0,0,baixo
1,0.0,0,0.0,1,3,1,0,1,0,1,0,0,0,0,0,1,gratuito
20,10000.0,195,0.7435897435897436,5,1,1,0,0,0,0,0,0,0,0,0,0,alto
17,350000.0,3317,0.9083509195055773,10,2,1,1,0,0,0,0,0,0,1,1,0,baixo
6,10000.0,1,0.0,1,5,1,0,0,7,1,0,1,1,1,1,0,baixo
7,10000.0,8,0.875,3,3,1,0,1,0,1,1,1,0,0,0,0,medio_baixo
13,750000.0,5950,0.9309243697478992,6,3,1,1,1,1,1,1,1,0,0,0,0,medio_alto
5,10000.0,15,1.0,1,3,1,0,0,0,1,1,0,1,0,0,0,baixo
1,10000.0,3,1.0,1,1,1,0,0,0,0,0,0,1,0,0,0,medio_alto
1,10000.0,0,0.0,7,1,1,0,0,0,0,1,0,0,0,0,0,medio_alto
2,0.0,0,0.0,1,4,1,1,0,0,1,0,1,1,0,0,0,gratuito
2,10000.0,1,1.0,6,3,1,0,0,0,1,1,0,1,0,0,0,baixo
1,10000.0,0,0.0,1,4,1,1,0,0,1,0,0,1,0,1,1,medio_alto
6,35000.0,272,0.7720588235294118,1,3,1,0,0,0,1,1,0,1,0,0,0,medio_alto
10,75000.0,297,0.8956228956228957,9,2,1,1,1,0,0,0,1,1,0,0,0,baixo
10,350000.0,347,0.590778097982709,1,2,1,0,0,0,1,1,0,0,0,0,0,medio_baixo
2,10000.0,13,0.9230769230769231,6,1,1,0,0,0,0,1,0,0,0,0,0,medio_baixo
2,10000.0,51,0.7254901960784313,12,3,1,0,0,0,1,0,0,1,0,1,0,medio_alto
1,10000.0,0,0.0,1,4,1,0,0,0,1,0,0,1,1,1,0,alto
2,10000.0,3,1.0,1,2,1,0,0,0,1,0,1,0,0,0,0,baixo
8,10000.0,48,0.8541666666666666,1,2,1,0,1,1,1,1,0,0,0,0,0,baixo
1,10000.0,26,0.9615384615384616,1,2,1,0,0,0,1,0,1,0,0,0,0,medio_alto
1,0.0,0,0.0,1,4,1,0,0,0,1,1,1,0,0,0,0,gratuito
4,10000.0,0,0.0,1,3,1,0,0,1,1,0,1,0,1,0,0,gratuito
11,150000.0,453,0.6136865342163356,2,2,1,0,0,0,1,1,0,0,0,0,0,medio_alto
9,10000.0,141,0.6950354609929078,10,4,1,1,0,0,1,0,1,1,0,1,0,medio_alto
3,10000.0,1,1.0,15,3,1,0,0,0,0,0,1,1,0,0,1,alto
9,35000.0,184,0.44021739130434784,2,7,1,0,1,0,1,1,0,1,0,0,1,gratuito
3,10000.0,7,0.7142857142857143,1,2,1,1,0,0,1,1,0,0,0,0,0,alto
4,35000.0,20,0.7,1,5,1,0,0,0,1,1,1,0,1,0,1,medio_baixo
4,10000.0,219,0.9452054794520548,1,3,1,0,0,0,1,1,1,0,0,0,0,medio_alto
7,10000.0,0,0.0,1,4,1,0,0,0,1,0,1,1,1,0,0,medio_baixo
3,10000.0,10,0.5,1,2,1,0,0,0,1,0,0,0,1,0,0,medio_alto
7,10000.0,106,0.6698113207547169,10,2,1,0,0,0,0,1,1,0,0,0,0,alto
7,10000.0,0,0.0,1,8,1,0,0,0,1,1,1,1,0,0,1,alto
1,10000.0,0,0.0,1,1,1,0,0,0,0,0,0,1,0,0,0,alto
5,10000.0,0,0.0,3,1,1,0,0,0,0,0,0,0,0,0,1,alto
1,150000.0,2178,0.9674012855831038,8,2,1,1,0,1,0,0,0,0,0,1,1,alto
2,0.0,0,0.0,11,4,1,1,0,7,0,1,1,0,0,0,0,gratuito
7,10000.0,21,0.7619047619047619,9,2,1,0,0,0,1,0,1,0,0,0,0,baixo
9,350000.0,185,0.6810810810810811,2,2,1,1,1,0,1,0,0,1,0,0,0,medio_baixo
3,10000.0,0,0.0,1,2,1,0,0,0,0,0,1,0,0,0,1,alto
8,10000.0,29,1.0,9,2,1,1,0,0,1,0,0,0,0,0,1,baixo
1,10000.0,1,1.0,1,2,1,0,0,0,1,0,0,1,0,0,0,baixo
3,10000.0,6,0.6666666666666666,1,2,1,0,0,0,1,0,1,0,0,0,0,baixo
11,75000.0,158,0.34177215189873417,1,2,1,0,0,1,1,0,0,0,0,1,0,baixo
3,0.0,0,0.0,1,4,1,0,0,0,0,0,1,0,1,0,0,gratuito
3,0.0,0,0.0,0,0,1,0,0,0,0,0,0,0,0,0,0,gratuito
9,35000.0,143,0.6223776223776224,1,5,1,1,1,0,1,0,0,1,0,1,0,medio_alto
10,10000.0,8,1.0,1,2,1,1,0,0,1,0,1,0,0,0,0,alto
5,75000.0,9,0.7777777777777778,6,3,1,0,0,0,1,1,0,1,0,0,0,baixo
2,10000.0,0,0.0,3,1,1,0,0,0,0,0,0,0,0,1,0,medio_alto
1,0.0,0,0.0,1,4,1,0,0,0,1,1,0,1,0,0,0,baixo
1,10000.0,0,0.0,3,3,1,0,0,0,0,0,0,0,1,1,1,medio_baixo
2,10000.0,3,0.6666666666666666,1,2,1,0,0,0,0,0,0,0,0,1,0,baixo
1,0.0,0,0.0,1,4,1,0,0,0,0,0,0,1,0,1,1,gratuito
7,35000.0,142,0.5845070422535211,2,3,1,0,0,0,1,0,1,0,1,0,0,medio_baixo
1,10000.0,1,1.0,1,7,1,0,0,0,1,1,1,1,1,1,0,baixo
7,35000.0,174,0.9597701149425287,4,3,1,0,0,1,1,1,1,0,0,0,0,alto
1,10000.0,0,0.0,7,2,1,0,0,0,0,0,1,1,0,0,0,alto
3,150000.0,1062,0.832391713747646,4,4,1,0,0,1,1,0,1,0,1,1,0,alto
4,10000.0,10,0.8,2,3,1,0,1,0,1,0,1,1,0,0,0,baixo
4,10000.0,0,0.0,1,3,1,0,0,0,1,1,0,0,0,0,0,medio_alto
1,10000.0,3,1.0,1,1,1,0,0,0,0,1,0,0,0,0,0,alto
4,0.0,0,0.0,1,6,1,0,0,0,0,0,0,0,0,0,0,gratuito
3,10000.0,0,0.0,2,5,1,0,0,0,1,0,1,1,1,0,0,medio_alto
11,35000.0,45,0.6666666666666666,1,1,1,1,0,0,0,0,1,0,0,0,0,medio_baixo
1,10000.0,34,0.9705882352941176,30,5,1,0,0,2,1,1,1,1,0,0,1,baixo
7,10000.0,1,1.0,2,2,1,0,0,0,1,1,0,0,0,0,0,alto
7,10000.0,10,0.6,1,3,1,0,0,0,0,0,0,1,0,0,1,gratuito
4,0.0,0,0.0,0,0,1,0,0,0,0,0,0,0,0,0,0,gratuito
11,10000.0,43,0.627906976744186,4,4,1,1,0,0,1,0,1,1,0,0,1,medio_baixo
7,10000.0,691,0.975397973950796,4,2,1,1,1,0,1,0,1,0,0,0,0,alto
9,10000.0,0,0.0,2,2,1,1,1,0,1,0,0,1,0,0,0,medio_alto
9,10000.0,28,0.9285714285714286,5,4,1,0,0,2,1,1,1,0,1,0,0,alto
4,10000.0,19,0.8421052631578947,6,3,1,0,0,0,0,1,1,1,0,0,0,medio_baixo
4,10000.0,6,1.0,1,3,1,0,0,0,1,0,0,1,0,1,0,medio_baixo
7,10000.0,74,0.5945945945945946,1,3,1,0,0,0,1,1,1,0,0,0,0,baixo
7,35000.0,12,1.0,1,3,1,0,0,0,1,1,1,0,0,0,0,alto
3,10000.0,10,0.9,17,4,1,0,0,0,1,1,0,1,0,0,0,medio_baixo
9,10000.0,27,0.8888888888888888,1,3,1,0,0,0,1,1,0,1,0,0,0,medio_baixo
6,10000.0,4,1.0,1,5,1,0,0,0,1,0,0,1,1,1,1,medio_baixo
2,0.0,0,0.0,1,4,1,0,0,0,1,0,0,1,0,0,1,gratuito
1,0.0,0,0.0,5,4,1,0,0,0,0,0,0,1,1,1,1,alto
4,10000.0,0,0.0,1,1,1,0,0,0,1,0,0,0,0,0,0,gratuito
3,10000.0,5,0.6,4,1,1,0,0,0,0,1,0,0,0,0,0,medio_alto
7,10000.0,22,0.22727272727272727,1,6,1,0,0,0,1,1,1,1,1,0,1,medio_baixo
2,0.0,0,0.0,2,4,1,0,0,0,1,0,1,1,0,0,0,gratuito
1,10000.0,25,1.0,7,3,1,1,0,0,1,0,0,1,0,1,0,medio_baixo
2,10000.0,16,0.9375,10,3,1,1,1,0,1,0,0,0,0,1,1,medio_baixo
6,10000.0,0,0.0,1,1,1,0,0,0,0,0,0,0,1,0,0,alto
9,10000.0,23,0.6521739130434783,1,5,1,0,0,0,1,1,1,1,0,1,0,medio_alto
2,10000.0,11,0.9090909090909091,2,3,1,0,0,0,1,1,1,0,0,0,0,medio_alto
4,10000.0,1,0.0,1,4,1,0,0,0,1,1,0,0,0,1,0,alto
4,10000.0,7,0.8571428571428571,1,1,1,0,0,0,1,0,0,0,0,0,0,baixo
5,10000.0,2,0.5,1,1,1,0,0,0,0,0,0,0,0,1,0,medio_baixo
5,10000.0,58,0.7068965517241379,1,4,1,0,0,0,1,0,0,1,1,0,1,medio_alto
7,10000.0,2,0.0,1,6,1,0,0,0,1,1,1,1,1,1,0,baixo
6,10000.0,6,0.0,1,4,1,0,0,0,1,1,1,0,1,0,0,alto
7,35000.0,39,0.6923076923076923,8,3,1,0,0,3,1,1,1,0,0,0,0,medio_baixo
1,0.0,0,0.0,1,2,1,0,0,0,0,1,0,0,0,0,0,gratuito
7,3500000.0,74612,0.9561598670455155,7,1,1,0,0,261,1,0,0,0,0,0,0,alto
1,10000.0,0,0.0,2,2,1,0,0,0,1,0,0,0,0,1,0,alto
11,75000.0,474,0.5506329113924051,2,1,1,0,0,0,1,0,0,0,0,0,0,baixo
7,0.0,0,0.0,0,0,1,0,0,0,0,0,0,0,0,0,0,gratuito
1,10000.0,0,0.0,29,2,1,1,1,1,0,0,0,0,0,1,1,medio_alto
1,0.0,0,0.0,2,3,1,1,0,0,1,0,1,0,0,1,0,medio_baixo
11,35000.0,71,0.6338028169014085,1,4,1,0,0,0,1,0,0,0,1,1,0,gratuito
7,10000.0,7,0.7142857142857143,1,2,1,0,0,0,1,1,0,0,0,0,0,alto
4,10000.0,143,0.7272727272727273,10,4,1,0,0,0,0,1,0,0,0,0,1,alto
1,0.0,0,0.0,0,0,1,0,0,0,0,0,0,0,0,0,0,gratuito
11,150000.0,1916,0.9572025052192067,7,2,1,1,1,0,1,0,0,0,0,1,0,medio_baixo
1,0.0,0,0.0,1,6,1,0,0,0,1,1,0,1,0,0,1,gratuito
5,10000.0,6,0.8333333333333334,2,3,1,0,0,0,1,1,0,0,0,0,0,medio_baixo
3,10000.0,19,0.9473684210526315,1,7,1,0,0,0,1,1,1,1,1,1,0,medio_alto
9,10000.0,97,0.6701030927835051,2,5,1,0,0,0,1,0,0,0,1,1,1,medio_baixo
3,10000.0,28,0.9285714285714286,6,2,1,0,0,0,1,1,0,0,0,0,0,baixo
5,10000.0,1,1.0,1,3,1,0,0,0,1,0,0,1,0,0,0,gratuito
1,10000.0,0,0.0,14,2,1,0,0,0,0,1,0,0,0,0,0,alto
7,10000.0,0,0.0,29,3,1,0,0,0,1,0,0,1,0,1,0,baixo
4,10000.0,29,0.8620689655172413,1,4,1,1,0,0,1,0,0,1,0,1,0,gratuito
2,35000.0,196,0.9489795918367347,1,3,1,0,0,0,0,0,0,0,1,0,1,baixo
3,35000.0,16,1.0,2,3,1,0,0,0,1,0,1,1,0,0,0,medio_baixo
1,10000.0,0,0.0,1,3,1,0,0,0,1,0,1,1,0,0,0,medio_alto
2,0.0,0,0.0,1,2,1,0,0,0,1,0,1,0,0,0,0,gratuito
8,10000.0,1,0.0,2,3,1,0,1,0,1,0,1,0,1,0,0,medio_alto
1,10000.0,5,1.0,2,2,1,0,1,0,1,1,0,0,0,0,0,medio_alto
7,10000.0,17,0.9411764705882353,4,3,1,0,0,0,0,1,0,1,0,1,0,alto
7,10000.0,0,0.0,1,2,1,0,0,0,1,0,0,0,0,0,0,gratuito
1,10000.0,19,1.0,7,3,1,1,0,0,1,0,1,1,0,0,0,medio_baixo
5,150000.0,457,0.8315098468271335,1,3,1,0,0,0,0,1,0,0,0,0,1,alto
13,150000.0,442,0.5407239819004525,2,3,1,1,1,3,1,0,1,0,1,0,0,medio_baixo
9,150000.0,662,0.797583081570997,12,2,1,1,0,1,1,0,1,0,0,0,0,baixo
5,10000.0,19,0.5263157894736842,1,3,1,0,0,0,1,0,0,0,0,0,1,baixo
5,35000.0,24,0.3333333333333333,1,2,1,1,1,1,1,0,0,1,0,0,0,baixo
1,10000.0,40,0.625,1,5,1,0,0,1,1,1,0,1,0,0,0,medio_baixo
2,10000.0,148,0.9256756756756757,1,2,1,0,0,0,1,0,0,0,0,0,0,gratuito
1,10000.0,0,0.0,1,2,1,0,0,1,0,0,0,1,0,0,1,medio_baixo
5,10000.0,3,1.0,12,3,1,0,0,0,1,1,0,0,1,0,0,baixo
1,75000.0,996,0.5953815261044176,8,3,1,0,0,0,1,0,1,0,0,0,1,baixo
10,10000.0,5,0.6,1,5,1,0,0,0,1,1,1,1,1,0,0,baixo
9,3500000.0,59155,0.9115543910066773,10,2,1,0,0,13,0,1,1,0,0,0,0,medio_alto
1,0.0,0,0.0,103,2,1,0,0,0,1,0,0,1,0,0,0,baixo
8,10000.0,42,0.9285714285714286,3,4,1,0,0,0,1,1,0,1,0,0,0,gratuito
2,0.0,0,0.0,0,0,1,0,0,0,0,0,0,0,0,0,0,gratuito
5,10000.0,5,0.6,1,4,1,0,0,0,1,1,1,1,0,0,0,medio_alto
9,10000.0,23,0.6956521739130435,1,6,1,0,0,0,0,0,0,0,0,0,0,gratuito
1,0.0,0,0.0,6,4,1,0,0,0,1,0,1,0,0,0,0,medio_alto
8,10000.0,75,0.7866666666666666,2,2,1,1,1,0,1,1,0,0,0,0,0,medio_baixo
9,35000.0,417,0.709832134292566,2,2,1,1,1,1,1,0,0,0,1,0,0,gratuito
6,10000.0,141,0.8581560283687943,1,4,1,0,0,0,1,1,0,1,0,0,0,baixo
11,3500000.0,127162,0.9522027020650823,9,2,1,1,1,2,1,0,0,0,0,0,1,alto
3,10000.0,1,0.0,1,4,1,0,0,0,1,0,0,1,0,1,0,medio_baixo
3,10000.0,1,1.0,2,2,1,0,0,0,1,0,0,0,0,1,0,baixo
2,75000.0,1419,0.7766032417195208,1,3,1,0,0,1,0,1,1,0,0,0,0,alto
6,3500000.0,136690,0.9656083107762089,21,1,1,0,0,1,0,1,0,0,0,0,0,alto
3,10000.0,1,1.0,1,4,1,0,0,0,1,1,1,0,0,1,0,baixo
3,0.0,0,0.0,0,0,1,0,0,0,0,0,0,0,0,0,0,gratuito
16,10000.0,57,0.8771929824561403,1,1,1,0,0,0,0,0,0,1,0,0,0,alto
9,10000.0,81,0.6790123456790124,2,3,1,0,0,0,1,1,1,0,0,0,0,baixo
2,35000.0,12,0.5,1,4,1,0,0,0,1,1,1,0,0,1,0,medio_alto
1,0.0,0,0.0,0,0,1,0,0,0,0,0,0,0,0,0,0,gratuito
9,10000.0,52,0.6730769230769231,1,3,1,0,0,0,0,1,0,0,0,0,1,medio_baixo
4,10000.0,2,0.5,1,3,1,0,0,0,1,1,0,0,0,0,1,alto
6,75000.0,566,0.9151943462897526,1,4,1,0,0,3,1,0,1,1,0,0,0,gratuito
8,10000.0,55,0.7454545454545455,1,3,1,0,0,0,1,0,0,0,0,1,1,medio_alto
4,0.0,0,0.0,1,4,1,0,0,0,1,1,1,0,0,0,0,gratuito
2,10000.0,14,1.0,10,3,1,0,0,0,1,0,0,1,0,1,0,baixo
9,10000.0,3,0.3333333333333333,1,5,1,0,0,0,1,1,0,0,0,0,0,medio_alto
4,10000.0,41,0.7073170731707317,10,2,1,0,0,1,1,0,0,1,0,0,0,baixo
7,10000.0,30,0.6666666666666666,2,3,1,0,0,0,0,1,1,1,0,0,0,baixo
3,10000.0,9,0.7777777777777778,7,3,1,1,0,0,1,0,1,0,0,1,0,medio_alto
5,10000.0,101,0.6633663366336634,1,9,1,0,0,0,1,1,1,0,1,1,1,gratuito
10,10000.0,48,0.7291666666666666,1,3,1,0,0,0,1,1,1,0,0,0,0,medio_baixo
4,0.0,0,0.0,0,0,1,0,0,0,0,0,0,0,0,0,0,gratuito
3,10000.0,118,0.8220338983050848,16,2,1,0,0,0,0,1,1,0,0,0,0,baixo
6,10000.0,19,0.8947368421052632,2,4,1,0,0,0,1,1,1,0,0,0,1,baixo
10,350000.0,87,0.7471264367816092,1,2,1,0,0,0,1,0,0,1,0,0,0,baixo
2,35000.0,1232,0.8376623376623377,1,1,1,0,0,0,0,0,0,0,0,0,1,medio_alto
10,35000.0,225,0.8,7,2,1,1,0,1,1,0,0,0,0,0,0,medio_baixo
2,0.0,0,0.0,1,5,1,0,0,1,1,1,1,1,0,0,0,gratuito
8,10000.0,22,0.5,9,4,1,0,0,0,0,0,1,1,0,1,1,medio_baixo
6,75000.0,844,0.7144549763033176,2,2,1,0,0,1,1,1,0,0,0,0,0,medio_alto
2,10000.0,0,0.0,2,3,1,0,0,1,1,0,1,0,0,0,0,gratuito
4,75000.0,63,0.7936507936507936,1,1,1,0,0,0,1,0,0,0,0,0,0,baixo
1,0.0,0,0.0,0,0,1,0,0,0,0,0,0,0,0,0,0,gratuito
5,10000.0,0,0.0,2,4,1,0,0,0,1,1,0,1,0,0,0,medio_alto
1,10000.0,0,0.0,2,3,1,1,0,0,1,0,0,1,0,1,0,medio_alto
1,10000.0,0,0.0,2,3,1,1,1,0,1,0,0,0,0,1,0,alto
6,35000.0,106,0.6792452830188679,1,6,1,0,0,0,1,0,1,1,0,1,1,medio_alto
2,0.0,0,0.0,1,3,1,1,0,0,1,0,1,0,0,0,0,gratuito
1,10000.0,1,1.0,3,4,1,0,0,0,1,1,0,0,0,1,1,baixo
2,0.0,0,0.0,0,0,1,0,0,0,0,0,0,0,0,0,0,gratuito
7,10000.0,14,0.5714285714285714,1,3,1,0,0,0,1,0,0,1,0,1,0,baixo
2,10000.0,330,0.7242424242424242,9,2,1,0,0,0,0,0,1,0,0,0,1,medio_alto
5,10000.0,1,1.0,1,1,1,1,1,0,1,0,0,0,0,0,0,medio_alto
1,0.0,0,0.0,1,2,1,1,0,0,1,0,0,1,0,0,0,medio_alto
4,10000.0,13,0.7692307692307693,5,3,1,0,0,0,1,0,1,0,1,0,0,medio_baixo
1,0.0,0,0.0,0,0,1,0,0,0,0,0,0,0,0,0,0,gratuito
2,10000.0,11,0.9090909090909091,1,1,1,0,1,0,0,0,0,0,0,0,0,medio_baixo
1,10000.0,0,0.0,1,4,1,0,0,0,1,0,1,1,0,0,1,medio_alto
1,10000.0,1,1.0,1,1,1,0,0,0,0,0,0,1,0,0,0,medio_baixo
2,10000.0,145,0.896551724137931,9,3,1,0,0,0,1,0,1,1,0,0,0,medio_alto
1,0.0,0,0.0,5,5,1,0,0,0,0,1,1,0,1,0,0,gratuito
1,0.0,0,0.0,0,0,1,0,0,0,0,0,0,0,0,0,0,gratuito
2,10000.0,18,1.0,2,2,1,0,0,1,1,0,0,1,0,0,0,medio_alto
1,0.0,0,0.0,0,0,1,0,0,0,0,0,0,0,0,0,0,gratuito
6,10000.0,0,0.0,1,2,1,0,0,0,1,0,0,1,0,0,0,baixo
6,75000.0,502,0.5697211155378487,7,1,1,0,0,0,0,0,0,0,0,0,1,medio_baixo
4,0.0,0,0.0,101,6,1,1,1,0,1,1,0,1,1,1,1,alto
3,10000.0,2,1.0,1,5,1,0,0,0,1,1,1,0,1,1,0,baixo
3,10000.0,0,0.0,1,5,1,0,0,0,0,1,1,1,1,0,1,medio_alto
5,10000.0,0,0.0,1,3,1,0,0,0,1,1,0,1,0,0,0,medio_baixo
9,10000.0,43,0.8372093023255814,1,2,1,0,0,0,0,0,0,1,0,0,0,gratuito
5,10000.0,1,1.0,3,1,1,0,0,0,0,0,0,1,0,0,0,medio_baixo
3,10000.0,98,0.8979591836734694,1,1,1,0,0,0,0,0,0,0,0,1,0,alto
6,10000.0,1,1.0,1,1,1,0,0,0,0,0,0,0,0,0,0,alto
1,10000.0,0,0.0,2,4,1,0,0,0,1,1,0,1,0,0,0,medio_alto
7,10000.0,31,0.9032258064516129,11,3,1,0,0,0,1,1,1,0,0,0,0,medio_alto
2,10000.0,2,1.0,2,3,1,0,0,0,1,0,0,0,1,1,0,alto
5,10000.0,5,1.0,1,3,1,0,0,0,1,1,1,0,0,0,0,medio_alto
5,35000.0,17,0.5882352941176471,13,2,1,0,0,0,1,0,1,0,0,0,0,medio_alto
2,10000.0,0,0.0,12,4,1,1,0,0,0,1,0,0,1,1,0,gratuito
7,10000.0,1,1.0,1,3,1,0,0,0,0,1,1,0,0,0,0,alto
2,0.0,0,0.0,1,2,1,0,0,0,1,0,0,0,0,0,0,gratuito
1,10000.0,0,0.0,1,2,1,0,0,0,1,0,0,0,0,0,0,alto
3,10000.0,1,0.0,4,1,1,0,0,0,0,0,0,1,0,0,0,medio_baixo
3,0.0,0,0.0,1,3,1,0,0,0,0,1,1,0,0,0,0,gratuito
1,10000.0,368,0.9239130434782609,10,1,1,1,0,0,0,0,0,0,0,1,0,alto
3,10000.0,512,0.984375,2,1,1,0,0,0,0,0,1,0,0,0,0,alto
4,10000.0,6,0.6666666666666666,4,3,1,0,0,0,1,1,1,0,0,0,0,medio_alto
3,10000.0,1,1.0,3,6,1,1,1,0,1,1,1,0,0,1,1,medio_alto
7,10000.0,17,1.0,6,4,1,1,0,0,1,1,0,1,0,0,0,alto
10,10000.0,22,0.9090909090909091,1,1,1,0,0,0,0,0,0,1,0,0,0,medio_alto
1,10000.0,91,0.989010989010989,6,2,1,0,0,0,1,0,1,0,0,0,0,alto
5,0.0,0,0.0,0,0,1,0,0,0,0,0,0,0,0,0,0,gratuito
5,10000.0,3,0.3333333333333333,1,3,1,0,0,0,0,0,0,1,0,1,1,alto
1,0.0,0,0.0,1,3,1,0,0,0,1,0,0,1,0,0,0,gratuito
4,10000.0,0,0.0,1,2,1,0,0,0,0,0,0,0,0,0,0,gratuito
2,0.0,0,0.0,0,0,1,0,0,0,0,0,0,0,0,0,0,gratuito
17,35000.0,97,0.8247422680412371,1,1,1,0,0,0,0,0,0,1,0,0,0,baixo
1,15000000.0,185642,0.9650510121631958,1,2,1,0,0,0,0,1,0,0,0,0,0,medio_alto
3,10000.0,16,0.9375,8,3,1,0,0,0,1,0,0,1,0,0,0,gratuito
7,10000.0,25,0.44,1,1,1,0,0,0,0,0,0,0,0,0,1,baixo
6,150000.0,470,0.6936170212765957,4,3,1,0,0,10,0,1,1,0,1,0,0,alto
9,10000.0,0,0.0,2,5,1,0,0,0,1,1,0,1,0,0,0,alto
2,10000.0,3,0.6666666666666666,2,2,1,0,0,0,1,0,0,1,0,0,0,medio_baixo
8,35000.0,82,0.2804878048780488,1,5,1,0,0,0,1,1,0,0,0,1,0,gratuito
8,10000.0,34,0.5588235294117647,1,10,1,0,0,0,1,1,1,1,1,1,1,baixo
3,10000.0,5,0.8,4,5,1,0,0,0,1,0,1,1,1,0,0,medio_baixo
10,10000.0,32,0.78125,1,4,1,1,1,0,1,1,0,0,0,1,0,medio_alto
1,10000.0,0,0.0,1,3,1,0,0,0,1,1,1,0,0,0,0,medio_alto
5,0.0,0,0.0,0,0,1,0,0,0,0,0,0,0,0,0,0,gratuito
4,10000.0,9,0.5555555555555556,1,2,1,0,0,0,0,0,1,1,0,0,0,medio_alto
11,350000.0,2774,0.8709444844989185,7,5,1,1,1,1,1,0,1,0,1,1,1,medio_baixo
3,10000.0,0,0.0,1,2,1,1,1,0,1,0,0,1,0,0,0,baixo
1,10000.0,0,0.0,10,1,1,1,0,0,0,0,0,0,0,1,0,baixo
12,750000.0,28997,0.9778942649239577,6,2,1,0,0,0,1,0,1,0,0,0,0,baixo
7,10000.0,2,0.5,2,2,1,0,0,0,0,1,0,0,1,0,0,medio_baixo
3,0.0,0,0.0,0,0,1,0,0,0,0,0,0,0,0,0,0,gratuito
3,35000.0,249,0.6546184738955824,1,3,1,0,0,1,1,0,0,1,0,1,0,medio_alto
10,10000.0,126,0.8968253968253969,1,3,1,1,1,1,1,1,1,0,0,0,0,medio_baixo
9,10000.0,12,0.8333333333333334,1,4,1,0,0,0,0,0,0,1,0,1,1,alto
1,10000.0,0,0.0,1,5,1,0,0,0,1,1,1,1,0,0,1,baixo
3,0.0,0,0.0,1,5,1,0,0,0,1,1,1,1,0,0,0,gratuito
3,10000.0,0,0.0,2,4,1,0,0,0,1,1,0,1,0,0,0,medio_baixo
3,10000.0,0,0.0,1,2,1,1,1,1,1,0,0,1,0,0,0,medio_alto
6,10000.0,0,0.0,1,1,1,0,0,0,0,0,0,1,0,0,0,medio_baixo
4,10000.0,21,0.9523809523809523,1,2,1,1,1,0,1,1,0,0,0,0,0,medio_baixo
12,35000.0,69,0.8260869565217391,1,1,1,1,0,0,0,1,0,0,0,0,0,baixo
10,35000.0,548,0.8193430656934306,7,6,1,1,1,0,1,1,1,1,0,0,1,baixo
3,10000.0,3,1.0,26,2,1,0,0,0,1,0,0,1,0,0,0,medio_baixo
4,10000.0,3,0.3333333333333333,3,2,1,0,0,0,0,0,1,1,0,0,0,medio_alto
4,10000.0,0,0.0,1,2,1,0,0,0,0,0,0,0,0,0,1,alto
1,0.0,0,0.0,1,3,1,1,1,0,1,0,0,1,0,1,0,medio_baixo
1,10000.0,0,0.0,8,1,1,0,1,1,0,1,0,0,0,0,0,medio_baixo
8,10000.0,60,0.95,1,3,1,0,0,0,1,0,0,1,0,0,0,baixo
3,10000.0,15,0.8,2,3,1,0,0,0,1,1,0,1,0,0,0,medio_baixo
5,35000.0,14,0.8571428571428571,1,2,1,0,0,0,0,0,0,1,0,0,1,medio_alto
12,75000.0,364,0.7445054945054945,5,2,1,1,0,1,0,0,0,0,0,1,1,medio_alto
9,150000.0,1218,0.8169129720853858,1,3,1,1,0,1,1,1,0,1,0,0,0,medio_alto
8,75000.0,2283,0.648269820411739,10,1,1,0,0,2,0,1,0,0,0,0,0,alto
8,10000.0,8,0.25,6,3,1,0,0,0,1,1,1,0,0,0,0,medio_baixo
10,10000.0,6,1.0,1,1,1,1,1,0,0,0,0,0,0,1,0,alto
5,35000.0,26,0.2692307692307692,11,4,1,0,0,0,1,1,1,0,0,0,0,medio_baixo
1,0.0,0,0.0,0,0,1,0,0,0,0,0,0,0,0,0,0,gratuito
1,10000.0,0,0.0,1,1,1,0,0,0,0,0,0,1,0,0,0,baixo
5,10000.0,2,0.5,3,3,1,1,1,0,1,0,0,1,0,1,0,medio_baixo
10,150000.0,285,0.7368421052631579,3,8,1,0,0,2,1,1,1,1,1,1,1,alto
2,0.0,0,0.0,0,0,1,0,0,0,0,0,0,0,0,0,0,gratuito
11,10000.0,131,0.9770992366412213,1,3,1,0,0,0,1,1,0,1,0,0,0,alto
3,10000.0,21,0.9047619047619048,2,4,1,0,1,0,1,1,1,0,1,0,0,alto
3,10000.0,1,1.0,7,3,1,0,0,0,1,0,0,1,0,0,1,medio_baixo
3,10000.0,21,0.47619047619047616,1,4,1,0,0,0,1,1,0,0,0,0,0,gratuito
4,10000.0,19,0.9473684210526315,1,1,1,0,0,4,1,0,0,0,0,0,0,medio_alto
2,0.0,0,0.0,0,0,1,0,0,0,0,0,0,0,0,0,0,gratuito
1,10000.0,0,0.0,31,5,1,0,0,0,1,0,0,0,0,0,0,medio_baixo
10,35000.0,455,0.9230769230769231,8,2,1,0,0,2,1,1,0,0,0,0,0,medio_alto
2,0.0,0,0.0,1,2,1,1,1,0,0,0,0,1,0,0,0,gratuito
1,10000.0,18,0.7222222222222222,6,3,1,1,0,0,0,0,0,0,0,1,1,medio_alto
2,10000.0,0,0.0,1,2,1,0,0,1,1,0,0,0,1,0,0,alto
6,10000.0,14,0.6428571428571429,1,2,1,0,0,0,0,0,0,0,0,0,0,gratuito
10,10000.0,61,0.8032786885245902,1,3,1,1,1,0,1,0,1,0,1,0,0,medio_baixo
2,10000.0,7,0.7142857142857143,1,1,1,0,0,0,0,0,0,0,0,0,0,gratuito
3,0.0,0,0.0,0,0,1,0,0,0,0,0,0,0,0,0,0,gratuito
6,10000.0,241,0.8796680497925311,15,2,1,0,0,2,1,0,0,0,1,0,0,medio_alto
4,3500000.0,103144,0.9661928953695804,9,1,1,0,0,0,0,0,0,0,1,0,0,alto
4,10000.0,64,0.6875,1,2,1,0,0,0,0,0,1,0,0,1,0,medio_baixo
1,0.0,0,0.0,0,0,1,0,0,0,0,0,0,0,0,0,0,gratuito
1,10000.0,0,0.0,10,3,1,0,0,0,0,0,0,0,1,1,0,alto
7,10000.0,16,0.25,1,2,1,1,1,0,1,1,0,0,0,0,0,medio_baixo
1,10000.0,0,0.0,2,1,1,0,0,0,0,0,0,0,0,0,1,medio_baixo
9,350000.0,7984,0.8921593186372746,8,3,1,1,0,0,1,0,0,0,0,1,1,alto
10,35000.0,47,0.7021276595744681,1,1,1,1,0,0,0,0,0,1,0,0,0,medio_baixo
9,35000.0,113,0.9734513274336283,1,1,1,0,0,0,0,0,1,0,0,0,0,alto
2,0.0,0,0.0,1,3,1,1,1,0,1,0,1,0,0,0,0,gratuito
1,10000.0,0,0.0,7,2,1,1,1,0,1,0,0,1,0,0,0,baixo
4,35000.0,20,0.9,2,2,1,0,0,1,1,0,0,1,0,0,0,medio_baixo
1,10000.0,0,0.0,16,5,1,1,1,0,1,0,1,1,1,0,1,baixo
7,10000.0,58,0.8448275862068966,1,3,1,0,0,0,0,0,1,0,0,0,1,gratuito
2,10000.0,14,0.8571428571428571,13,3,1,0,0,0,1,1,0,1,0,0,0,baixo
9,10000.0,8,0.75,1,2,1,0,0,0,0,0,1,1,0,0,0,medio_alto
5,10000.0,0,0.0,5,3,1,1,1,0,1,0,1,0,0,0,0,gratuito
2,35000.0,1635,0.8562691131498471,7,2,1,0,0,3,1,1,0,0,0,0,0,alto
4,10000.0,13,0.46153846153846156,28,4,1,0,0,0,1,1,1,0,0,1,0,baixo
2,0.0,0,0.0,1,5,1,0,1,0,1,0,0,1,0,0,0,gratuito
12,350000.0,1939,0.7318205260443528,1,3,1,1,0,0,1,1,0,1,0,0,0,baixo
12,150000.0,525,0.7104761904761905,7,1,1,0,0,0,0,1,0,0,0,0,0,baixo
6,150000.0,37,0.8648648648648649,3,3,1,0,0,0,1,0,0,0,1,0,0,gratuito
4,10000.0,19,1.0,1,3,1,0,0,0,1,0,0,1,0,0,1,baixo
9,10000.0,1,1.0,1,2,1,0,0,0,1,1,0,0,0,0,0,medio_baixo
6,35000.0,21,0.47619047619047616,1,5,1,0,0,0,1,0,1,1,1,1,0,medio_baixo
2,10000.0,18,0.6111111111111112,1,4,1,0,0,0,1,0,0,1,1,0,1,medio_alto
3,0.0,0,0.0,0,0,1,0,0,0,0,0,0,0,0,0,0,gratuito
1,10000.0,0,0.0,13,5,1,1,1,0,1,0,1,1,1,0,1,medio_alto
2,0.0,0,0.0,103,2,1,0,0,0,1,0,0,0,0,0,1,medio_baixo
8,10000.0,107,0.5794392523364486,1,3,1,0,0,0,0,1,0,1,0,0,1,baixo
1,10000.0,0,0.0,11,3,1,0,0,0,1,1,0,0,1,0,0,alto
2,10000.0,2,0.0,1,2,1,0,0,0,1,0,1,0,0,0,0,medio_alto
3,10000.0,12,1.0,1,3,1,0,0,1,1,0,0,0,1,0,1,alto
1,0.0,0,0.0,2,9,1,0,0,0,1,1,1,1,1,0,1,alto
4,10000.0,0,0.0,2,3,1,1,1,0,1,0,0,1,0,1,0,baixo
1,0.0,0,0.0,0,0,1,0,0,0,0,0,0,0,0,0,0,gratuito
8,10000.0,26,0.9615384615384616,2,1,1,0,0,0,1,0,0,0,0,0,0,baixo
7,75000.0,27,0.7407407407407407,1,3,1,0,0,0,1,1,0,0,0,0,0,gratuito
1,0.0,0,0.0,6,3,1,0,0,0,1,0,0,1,0,0,0,medio_alto
7,35000.0,99,0.5959595959595959,5,2,1,0,0,1,0,0,0,1,0,1,0,medio_baixo
4,35000.0,7,1.0,1,2,1,0,0,0,1,1,0,0,0,0,0,medio_baixo
1,0.0,0,0.0,21,3,1,0,0,0,1,0,1,1,0,0,0,medio_baixo
8,10000.0,5,1.0,1,1,1,0,0,0,0,1,0,0,0,0,0,baixo
10,10000.0,10,0.9,2,2,1,0,0,0,1,0,1,0,0,0,0,medio_baixo
1,10000.0,3,1.0,9,1,1,0,1,1,0,0,0,0,1,0,0,alto
3,0.0,0,0.0,1,3,1,0,0,0,1,1,0,0,0,0,0,gratuito
10,35000.0,238,0.7857142857142857,2,2,1,0,0,1,0,0,0,1,0,0,0,gratuito
4,10000.0,95,0.8105263157894737,9,5,1,1,0,0,1,0,0,0,0,0,0,alto
11,75000.0,416,0.20673076923076922,5,2,1,0,0,0,0,1,1,0,0,0,0,medio_alto
1,0.0,0,0.0,1,4,1,0,0,0,1,1,0,0,0,0,0,gratuito
2,10000.0,2,1.0,2,1,1,0,0,0,0,1,0,0,0,0,0,medio_alto
5,0.0,0,0.0,1,5,1,0,0,4,1,1,0,0,0,0,1,gratuito
3,75000.0,201,0.7761194029850746,15,4,1,0,0,0,1,1,1,0,1,0,0,alto
4,0.0,0,0.0,1,4,1,0,0,1,1,0,1,1,0,0,0,gratuito
1,10000.0,0,0.0,1,6,1,0,0,0,0,1,0,0,0,1,1,alto
4,10000.0,3,0.6666666666666666,1,3,1,0,0,0,1,0,0,0,1,1,0,medio_baixo
1,0.0,0,0.0,1,4,1,0,0,0,1,1,0,0,0,0,0,gratuito
4,10000.0,7,0.8571428571428571,2,1,1,0,0,0,0,0,1,0,0,0,0,alto
1,0.0,0,0.0,0,0,1,0,0,0,0,0,0,0,0,0,0,gratuito
5,10000.0,0,0.0,9,3,1,1,0,0,1,1,0,1,0,0,0,alto
10,10000.0,40,0.6,1,3,1,1,1,0,1,1,1,0,0,0,0,gratuito
6,10000.0,0,0.0,1,1,1,0,0,0,0,1,0,0,0,0,0,baixo
3,10000.0,0,0.0,3,2,1,0,1,0,1,0,0,1,0,0,0,medio_baixo
1,0.0,0,0.0,0,0,1,0,0,0,0,0,0,0,0,0,0,gratuito
6,10000.0,5,0.8,1,1,1,0,0,0,0,1,0,0,0,0,0,medio_alto
2,10000.0,1,1.0,1,3,1,0,0,0,1,1,0,0,0,0,0,medio_alto
2,10000.0,15,0.6666666666666666,2,2,1,0,0,0,0,1,1,0,0,0,0,medio_alto
16,150000.0,762,0.9356955380577427,5,1,1,0,0,0,0,0,0,1,0,0,0,medio_alto
3,10000.0,7,0.2857142857142857,9,2,1,0,0,0,0,1,1,0,0,0,0,alto
1,10000.0,0,0.0,13,2,1,0,0,0,1,0,1,0,0,0,0,medio_alto
1,10000.0,0,0.0,1,2,1,1,1,0,1,0,0,1,0,0,0,medio_alto
1,0.0,0,0.0,0,0,1,0,0,0,0,0,0,0,0,0,0,gratuito
1,10000.0,0,0.0,9,1,1,1,0,0,0,0,0,1,0,0,0,alto
1,0.0,0,0.0,1,3,1,0,0,0,1,0,0,1,0,0,1,alto
1,0.0,0,0.0,4,2,1,0,0,0,0,1,1,0,0,0,0,alto
1,0.0,0,0.0,103,2,1,0,0,0,1,0,0,1,0,0,0,baixo
3,10000.0,7,0.7142857142857143,1,6,1,0,0,0,1,0,1,1,1,0,1,gratuito
4,0.0,0,0.0,1,2,1,0,0,0,0,0,0,1,0,0,0,gratuito
2,10000.0,23,1.0,1,3,1,0,0,0,1,1,1,0,0,0,0,baixo
9,10000.0,34,0.6470588235294118,1,4,1,0,0,0,1,0,0,1,0,0,1,gratuito
1,0.0,0,0.0,3,2,1,1,0,0,0,0,1,1,0,0,0,medio_alto
3,35000.0,603,0.7263681592039801,39,3,1,0,0,0,1,0,0,0,0,0,1,alto
1,10000.0,21,1.0,1,2,1,1,1,0,1,0,0,1,0,0,0,medio_alto
1,10000.0,127,0.84251968503937,13,4,1,0,0,0,1,0,0,1,1,0,1,medio_alto
6,10000.0,4,1.0,1,3,1,0,0,0,1,0,0,1,0,0,0,medio_baixo
4,35000.0,26,0.9615384615384616,1,4,1,1,1,0,1,1,1,0,0,1,0,gratuito
1,10000.0,1,1.0,2,3,1,0,0,0,1,0,1,1,0,0,0,medio_baixo
2,0.0,0,0.0,0,0,1,0,0,0,0,0,0,0,0,0,0,gratuito
8,10000.0,6,0.8333333333333334,1,3,1,0,0,0,1,0,1,0,0,0,0,baixo
4,0.0,0,0.0,0,0,1,0,0,0,0,0,0,0,0,0,0,gratuito
8,150000.0,1545,0.7411003236245954,11,2,1,1,1,1,1,1,0,0,0,0,0,baixo
1,75000.0,51,0.9607843137254902,2,4,1,0,0,0,1,0,0,1,0,1,1,alto
2,10000.0,10,1.0,1,2,1,0,0,4,0,1,0,0,0,0,0,gratuito
3,10000.0,15,1.0,10,1,1,0,1,0,0,0,0,1,0,0,0,baixo
1,10000.0,0,0.0,11,2,1,0,0,1,1,0,1,0,0,0,0,alto
4,0.0,0,0.0,1,3,1,0,0,0,1,0,0,0,1,1,0,gratuito
9,10000.0,97,0.8041237113402062,1,1,1,1,0,0,1,0,0,0,0,0,0,baixo
4,0.0,0,0.0,6,2,1,0,0,0,0,1,0,0,0,0,0,gratuito
10,350000.0,1308,0.8386850152905199,1,4,1,1,1,1,1,0,0,0,1,1,1,medio_baixo
14,150000.0,448,0.8325892857142857,2,2,1,1,1,1,1,0,1,0,0,0,0,medio_alto
16,1500000.0,39435,0.9763661721820718,5,1,1,0,0,0,0,0,0,0,0,1,0,alto
6,35000.0,505,0.7108910891089109,8,2,1,0,0,0,0,1,1,0,0,0,0,medio_alto
8,10000.0,9,0.7777777777777778,8,3,1,0,0,0,1,1,1,0,0,0,0,baixo
4,10000.0,19,0.8947368421052632,1,3,1,0,0,0,1,0,0,1,0,0,0,medio_alto
1,10000.0,8,0.75,22,2,1,0,0,0,1,0,0,1,0,0,0,medio_alto
10,75000.0,270,0.6,1,5,1,1,1,0,1,1,1,0,1,1,0,baixo
1,10000.0,0,0.0,13,4,1,0,0,1,1,1,0,1,1,0,0,medio_alto
1,0.0,0,0.0,1,3,1,0,0,0,1,1,1,0,0,0,0,medio_baixo
5,10000.0,42,0.5714285714285714,1,2,1,0,0,0,1,0,1,0,0,0,0,gratuito
2,10000.0,26,0.11538461538461539,3,3,1,0,0,0,0,0,0,1,1,1,0,baixo
1,10000.0,0,0.0,24,2,1,1,1,0,1,1,0,0,0,0,0,medio_baixo
2,10000.0,5,1.0,1,1,1,0,0,0,0,0,0,1,0,0,0,medio_baixo
6,10000.0,14,0.6428571428571429,1,3,1,0,0,0,1,0,0,1,0,0,1,baixo
5,35000.0,20,0.8,2,3,1,1,1,0,1,1,1,0,0,0,0,baixo
3,10000.0,3,1.0,8,3,1,1,1,0,1,0,0,1,0,1,0,baixo
3,10000.0,0,0.0,1,4,1,0,0,0,1,0,1,1,1,0,0,medio_baixo
5,10000.0,7,0.8571428571428571,1,1,1,0,0,0,0,0,0,0,0,0,1,baixo
9,10000.0,16,1.0,3,2,1,0,0,0,0,0,1,1,0,0,0,medio_alto
1,0.0,0,0.0,103,2,1,0,0,0,1,0,0,1,0,0,0,medio_alto
3,10000.0,18,1.0,6,3,1,1,1,1,1,0,1,1,0,0,0,medio_baixo
9,10000.0,3,0.3333333333333333,1,1,1,0,0,0,0,0,0,1,0,0,0,gratuito
2,150000.0,947,0.7930306230200633,6,2,1,0,0,0,0,1,0,0,1,0,0,alto
7,150000.0,854,0.6651053864168618,9,6,1,0,0,0,1,1,1,0,1,0,0,gratuito
2,10000.0,0,0.0,9,5,1,0,0,0,0,1,0,0,1,1,0,gratuito
5,10000.0,98,0.4387755102040816,2,4,1,0,0,0,1,1,1,0,0,0,1,baixo
2,0.0,0,0.0,103,2,1,0,0,0,1,0,0,1,0,0,0,baixo
2,10000.0,11,1.0,9,2,1,0,0,0,0,0,0,1,0,0,0,medio_baixo
11,35000.0,604,0.8344370860927153,1,1,1,0,0,9,0,0,0,0,0,1,0,alto
2,10000.0,68,0.9705882352941176,1,4,1,0,1,0,1,1,1,1,0,0,0,medio_baixo
6,10000.0,3,1.0,1,2,1,0,0,0,1,0,0,1,0,0,0,medio_alto
4,10000.0,24,0.5,6,1,1,0,0,0,0,0,1,0,0,0,0,alto
2,10000.0,79,0.8860759493670886,1,3,1,0,0,0,1,1,1,0,0,0,0,alto
7,75000.0,1780,0.9573033707865168,29,2,1,0,0,0,1,0,0,1,0,0,0,baixo
5,35000.0,11,0.45454545454545453,1,5,1,0,0,0,1,0,1,0,0,1,1,alto
5,10000.0,39,0.6923076923076923,1,5,1,0,0,0,0,1,1,0,1,0,0,alto
3,10000.0,23,1.0,1,3,1,0,0,0,1,1,0,0,0,0,0,medio_baixo
2,0.0,0,0.0,1,5,1,0,1,0,1,1,1,1,0,0,0,gratuito
6,35000.0,1930,0.5823834196891192,9,2,1,0,0,3,0,0,0,0,0,1,1,medio_alto
8,75000.0,376,0.8856382978723404,4,2,1,0,0,0,0,0,0,0,0,0,0,gratuito
11,75000.0,186,0.7096774193548387,1,3,1,1,1,1,1,0,1,0,1,0,0,baixo
1,10000.0,0,0.0,10,1,1,0,0,1,1,0,0,0,0,0,0,alto
2,10000.0,3,0.6666666666666666,2,3,1,0,0,0,1,1,1,0,0,0,0,medio_alto
1,0.0,0,0.0,1,3,1,1,1,0,1,0,1,0,0,0,0,gratuito
5,10000.0,69,0.8115942028985508,2,5,1,0,0,2,1,1,1,0,1,0,1,alto
3,0.0,0,0.0,0,0,1,0,0,0,0,0,0,0,0,0,0,gratuito
2,10000.0,1,1.0,2,1,1,1,1,1,0,0,1,0,0,0,0,medio_alto
2,10000.0,72,0.6805555555555556,8,1,1,0,0,0,0,0,0,0,0,0,1,medio_alto
3,10000.0,6,1.0,1,2,1,0,0,0,1,0,0,1,0,0,0,baixo
7,10000.0,3,1.0,1,2,1,0,0,0,1,0,0,1,0,0,0,baixo
5,10000.0,6,1.0,2,2,1,1,1,0,0,0,0,1,0,0,1,medio_baixo
3,10000.0,4,1.0,1,3,1,0,0,0,1,1,0,1,0,0,0,medio_baixo
12,150000.0,937,0.37459978655282816,1,4,1,1,0,0,1,1,1,0,0,0,0,alto
11,150000.0,649,0.8505392912172574,1,2,1,1,1,0,0,0,1,1,0,0,0,medio_baixo
7,10000.0,2,1.0,1,2,1,0,0,0,1,1,0,0,0,0,0,alto
6,3500000.0,63149,0.9139178767676448,14,1,1,0,0,7,0,1,0,0,0,0,0,alto
3,10000.0,9,0.4444444444444444,2,1,1,0,0,0,0,0,1,0,0,0,0,medio_baixo
1,0.0,0,0.0,2,4,1,0,0,0,0,0,0,1,0,0,1,gratuito
4,35000.0,7,1.0,1,4,1,0,0,0,1,1,0,1,0,1,0,baixo
8,10000.0,1,1.0,1,2,1,0,0,0,0,1,0,1,0,0,0,medio_alto
3,10000.0,2,0.5,2,8,1,0,0,0,1,1,1,1,1,1,1,medio_alto
2,10000.0,105,0.9238095238095239,30,6,1,0,0,2,1,1,0,1,0,0,1,medio_baixo
4,0.0,0,0.0,1,5,1,0,0,0,1,1,1,0,1,0,0,gratuito
9,10000.0,3,0.6666666666666666,1,3,1,1,1,0,1,1,1,0,0,0,0,medio_alto
9,10000.0,50,0.86,26,2,1,1,1,0,1,0,0,1,0,0,0,medio_alto
10,35000.0,9,0.5555555555555556,1,2,1,0,1,0,0,0,0,0,0,1,1,baixo
3,35000.0,1,0.0,1,4,1,0,1,1,1,0,1,1,1,0,0,baixo
1,0.0,0,0.0,0,0,1,0,0,0,0,0,0,0,0,0,0,gratuito
7,10000.0,1,0.0,1,4,1,0,0,0,1,1,1,0,0,0,0,alto
9,10000.0,36,0.7222222222222222,9,2,1,0,0,0,1,1,0,0,0,0,0,baixo
1,0.0,0,0.0,5,2,1,0,0,0,1,1,0,0,0,0,0,medio_alto
2,10000.0,1,1.0,1,1,1,1,0,0,0,0,0,0,0,1,0,medio_alto
5,10000.0,17,1.0,18,6,1,1,1,0,1,1,0,1,0,0,1,medio_baixo
1,10000.0,13,0.8461538461538461,1,3,1,0,0,0,1,0,0,0,0,1,0,alto
6,10000.0,24,0.75,29,3,1,0,0,0,1,1,1,0,0,0,0,baixo
2,0.0,0,0.0,0,0,1,0,0,0,0,0,0,0,0,0,0,gratuito
5,150000.0,22,0.9090909090909091,4,1,1,1,1,0,0,0,1,0,0,0,0,medio_baixo
6,75000.0,18,0.7222222222222222,1,4,1,0,0,0,1,1,1,0,1,0,0,baixo
9,35000.0,40,0.325,1,3,1,0,1,0,1,1,0,1,0,0,0,baixo
19,750000.0,486,0.9094650205761317,5,1,1,1,0,0,0,0,0,0,0,1,0,medio_alto
1,10000.0,0,0.0,30,2,1,0,0,1,1,0,0,1,0,0,0,baixo
7,10000.0,19,0.631578947368421,12,3,1,0,0,0,1,0,0,1,0,0,0,gratuito
2,10000.0,0,0.0,1,5,1,0,0,0,1,0,0,1,0,1,1,baixo
8,35000.0,934,0.2837259100642398,10,4,1,0,0,0,1,1,0,0,1,0,0,gratuito
6,10000.0,33,0.8787878787878788,4,3,1,1,0,0,1,0,0,1,0,0,1,medio_baixo
5,750000.0,15552,0.8896604938271605,10,2,1,0,0,2,0,1,1,0,0,0,0,alto
1,10000.0,0,0.0,1,2,1,0,0,0,1,0,0,1,0,0,0,medio_baixo
3,10000.0,2,1.0,3,3,1,0,0,0,1,0,0,1,0,1,0,medio_alto
6,10000.0,23,0.8695652173913043,1,2,1,0,1,0,1,0,1,0,0,0,0,baixo
3,10000.0,13,1.0,5,1,1,0,0,0,0,1,0,0,0,0,0,medio_alto
5,0.0,0,0.0,0,0,1,0,0,0,0,0,0,0,0,0,0,gratuito
2,0.0,0,0.0,0,0,1,0,0,0,0,0,0,0,0,0,0,gratuito
5,350000.0,6390,0.9142410015649453,4,2,1,0,0,0,0,1,1,0,0,0,0,alto
2,0.0,0,0.0,1,4,1,0,0,2,0,0,1,1,1,0,0,gratuito
9,75000.0,206,0.5533980582524272,4,3,1,0,0,1,1,1,0,0,0,0,0,gratuito
3,0.0,0,0.0,103,2,1,0,0,0,1,1,0,0,0,0,0,medio_baixo
8,75000.0,142,0.6690140845070423,6,1,1,0,0,0,0,0,1,0,0,0,0,baixo
1,10000.0,0,0.0,5,3,1,0,0,0,1,1,0,1,0,0,0,medio_baixo
6,10000.0,0,0.0,1,1,1,1,1,0,1,0,0,0,0,0,0,medio_alto
2,0.0,0,0.0,0,0,1,0,0,0,0,0,0,0,0,0,0,gratuito
2,0.0,0,0.0,0,0,1,0,0,0,0,0,0,0,0,0,0,gratuito
2,10000.0,0,0.0,1,3,1,0,0,0,1,0,0,1,0,0,0,medio_baixo
5,350000.0,2518,0.5746624305003971,10,5,1,0,0,0,1,0,1,0,1,1,1,medio_baixo
4,0.0,0,0.0,2,2,1,0,0,0,0,0,0,1,1,0,0,gratuito
1,0.0,0,0.0,0,0,1,0,0,0,0,0,0,0,0,0,0,gratuito
12,35000.0,54,0.6481481481481481,11,2,1,1,1,0,1,0,1,0,0,0,0,medio_alto
5,10000.0,37,0.5945945945945946,7,5,1,0,0,0,1,1,1,1,0,1,0,baixo
10,75000.0,237,0.6371308016877637,9,2,1,1,1,0,0,0,1,1,0,0,0,medio_baixo
2,0.0,0,0.0,1,2,1,0,0,0,1,0,1,0,0,0,0,gratuito
6,35000.0,287,0.7979094076655052,6,2,1,0,0,5,0,1,0,0,0,0,0,gratuito
2,0.0,0,0.0,1,2,1,0,0,0,1,0,0,0,0,0,0,gratuito
9,10000.0,318,0.9245283018867925,7,3,1,0,0,0,1,0,0,0,0,1,1,medio_alto
5,0.0,0,0.0,1,3,1,1,1,5,1,0,0,1,0,0,0,gratuito
3,0.0,0,0.0,0,0,1,0,0,0,0,0,0,0,0,0,0,gratuito
7,10000.0,2,1.0,1,1,1,0,0,0,0,0,0,0,0,0,0,alto
2,0.0,0,0.0,0,0,1,0,0,0,0,0,0,0,0,0,0,gratuito
8,35000.0,5,0.8,1,1,1,0,0,0,0,0,1,0,0,0,0,baixo
10,35000.0,175,0.9142857142857143,11,2,1,0,0,0,1,1,0,0,0,0,0,medio_alto
7,10000.0,78,0.8974358974358975,1,2,1,1,0,0,1,0,0,0,0,0,1,alto
3,35000.0,15,0.8666666666666667,1,3,1,1,1,0,1,1,1,0,0,0,0,alto
3,10000.0,34,0.8823529411764706,2,4,1,0,0,0,1,1,1,0,0,0,0,gratuito
2,0.0,0,0.0,103,3,1,0,0,0,0,0,0,1,0,0,1,gratuito
3,10000.0,4,1.0,1,2,1,0,0,0,0,1,1,0,0,0,0,medio_baixo
1,0.0,0,0.0,2,2,1,0,0,0,1,0,0,0,0,0,1,medio_baixo
2,0.0,0,0.0,1,6,1,0,0,0,1,0,0,1,1,0,1,gratuito
1,10000.0,0,0.0,1,2,1,1,0,0,1,0,0,1,0,0,0,medio_baixo
7,75000.0,531,0.7099811676082862,4,4,1,0,0,0,1,0,0,1,0,1,1,medio_alto
5,35000.0,88,0.8522727272727273,3,3,1,0,0,0,1,1,0,0,0,0,0,gratuito
2,0.0,0,0.0,103,3,1,0,1,3,1,0,0,1,0,0,0,gratuito
1,10000.0,0,0.0,7,2,1,0,0,0,1,0,0,1,0,0,0,medio_baixo
3,10000.0,11,0.9090909090909091,2,2,1,0,0,0,1,0,0,0,0,0,0,alto
10,10000.0,23,0.8695652173913043,1,1,1,0,0,0,1,0,0,0,0,0,0,gratuito
5,750000.0,14983,0.8320096108923447,5,3,1,1,0,3,0,0,1,0,1,1,0,alto
1,35000.0,387,0.5322997416020672,11,6,1,0,0,0,1,1,1,1,0,1,1,medio_alto
2,10000.0,0,0.0,1,2,1,1,1,1,1,0,0,1,0,0,0,medio_alto
2,10000.0,0,0.0,3,2,1,1,0,0,1,0,0,1,0,0,0,medio_alto
20,350000.0,163,0.7423312883435583,5,1,1,0,0,0,0,0,0,0,0,0,0,alto
4,35000.0,144,0.7986111111111112,1,5,1,0,0,0,1,0,1,1,1,0,1,alto
1,10000.0,3,1.0,2,4,1,0,0,0,1,1,1,1,0,0,0,medio_baixo
1,10000.0,0,0.0,31,2,1,0,0,0,1,0,0,1,0,0,0,baixo
4,10000.0,0,0.0,29,2,1,0,0,0,1,0,0,1,0,0,0,baixo
4,75000.0,7,0.8571428571428571,5,5,1,0,0,0,1,1,0,1,0,0,0,medio_baixo
7,10000.0,10,0.6,11,2,1,0,0,0,0,1,1,0,0,0,0,alto
1,10000.0,0,0.0,1,4,1,0,0,0,1,0,1,0,0,1,1,medio_baixo
10,35000.0,463,0.7861771058315334,1,3,1,1,1,0,1,1,1,0,0,0,0,alto
9,10000.0,26,0.9615384615384616,1,4,1,0,0,0,1,1,0,1,0,0,0,medio_baixo
1,10000.0,0,0.0,1,4,1,0,0,1,0,1,1,1,0,0,0,medio_alto
1,10000.0,0,0.0,1,3,1,0,0,0,1,0,0,1,0,0,0,medio_baixo
5,10000.0,3,1.0,1,4,1,0,0,0,1,1,0,1,0,0,0,medio_alto
6,10000.0,4,1.0,1,2,1,0,0,0,1,1,0,0,0,0,0,alto
18,7500000.0,61894,0.9632920800077552,28,1,1,0,0,0,0,1,0,0,0,0,0,medio_baixo
5,10000.0,19,0.631578947368421,1,4,1,0,0,0,1,0,0,0,0,1,1,medio_alto
2,10000.0,21,1.0,4,4,1,0,0,0,1,1,0,1,0,0,0,baixo
2,0.0,0,0.0,1,3,1,0,0,0,1,0,0,1,0,0,0,gratuito
1,10000.0,31,0.6774193548387096,12,3,1,0,0,0,1,0,0,1,0,0,1,medio_baixo
1,0.0,0,0.0,1,2,1,0,0,0,1,0,0,1,0,0,0,medio_baixo
2,0.0,0,0.0,1,6,1,0,0,1,1,0,1,1,1,0,0,gratuito
1,10000.0,3,0.3333333333333333,1,2,1,0,0,0,1,0,1,0,0,0,0,medio_baixo
2,0.0,0,0.0,4,4,1,0,0,0,1,1,0,1,0,0,0,gratuito
8,750000.0,3229,0.9513781356457107,9,4,1,0,0,1,1,1,1,1,0,0,0,alto
1,10000.0,0,0.0,31,3,1,0,0,0,1,0,0,0,0,1,1,medio_alto
6,10000.0,10,0.6,1,2,1,1,0,0,1,1,0,0,0,0,0,baixo
2,10000.0,31,0.967741935483871,6,3,1,0,0,0,1,0,0,0,0,0,1,alto
1,0.0,0,0.0,0,0,1,0,0,0,0,0,0,0,0,0,0,gratuito
2,0.0,0,0.0,0,0,1,0,0,0,0,0,0,0,0,0,0,gratuito
1,0.0,0,0.0,10,3,1,0,0,0,1,0,1,1,0,0,0,medio_baixo
2,0.0,0,0.0,14,5,1,0,0,6,1,1,1,1,0,0,0,gratuito
1,10000.0,0,0.0,1,2,1,0,0,0,1,0,0,1,0,0,0,medio_baixo
5,10000.0,179,0.9441340782122905,1,3,1,0,0,0,1,1,1,0,0,0,0,medio_baixo
5,1500000.0,43881,0.8998883343588341,13,2,1,1,0,45,0,0,1,0,0,0,1,alto
2,0.0,0,0.0,1,4,1,0,0,0,1,1,1,0,0,0,0,gratuito
9,10000.0,9,0.8888888888888888,1,2,1,0,0,0,0,0,1,1,0,0,0,medio_alto
8,75000.0,1303,0.8042977743668457,3,2,1,0,0,6,0,0,0,0,1,1,0,alto
9,10000.0,9,0.7777777777777778,1,2,1,0,0,0,1,1,0,0,0,0,0,medio_baixo
3,35000.0,297,0.8282828282828283,1,5,1,0,0,0,1,1,1,1,0,0,1,alto
1,10000.0,26,0.7307692307692307,8,3,1,0,0,0,1,0,0,0,0,1,1,baixo
3,0.0,0,0.0,26,3,1,1,1,3,1,0,0,0,0,1,0,gratuito
2,10000.0,16,1.0,1,2,1,0,0,0,1,0,0,1,0,0,0,medio_baixo
11,150000.0,843,0.8066429418742586,1,3,1,1,0,0,1,1,0,0,0,0,0,medio_alto
1,10000.0,0,0.0,12,4,1,0,1,0,1,0,1,0,1,1,0,medio_alto
1,75000.0,5,1.0,1,5,1,0,0,0,1,1,1,1,1,0,0,medio_alto
6,350000.0,24,0.8333333333333334,1,9,1,0,0,0,1,1,1,1,1,1,1,gratuito
7,10000.0,19,0.8947368421052632,2,4,1,0,0,0,1,1,1,1,0,0,0,baixo
1,10000.0,0,0.0,21,3,1,0,0,0,1,0,1,1,0,0,0,baixo
9,10000.0,15,0.6666666666666666,2,4,1,0,0,0,0,1,0,0,1,0,0,gratuito
2,10000.0,0,0.0,1,2,1,0,0,0,1,0,0,1,0,0,0,alto
3,10000.0,4,0.75,1,3,1,0,0,0,1,0,1,1,0,0,0,baixo
5,10000.0,17,0.5882352941176471,1,4,1,1,0,0,1,1,1,0,1,0,0,medio_baixo
1,0.0,0,0.0,8,3,1,0,0,0,1,0,1,0,0,0,1,baixo
2,0.0,0,0.0,1,6,1,0,0,0,1,1,0,0,1,1,0,gratuito
8,10000.0,129,0.9224806201550387,1,3,1,0,0,0,1,1,1,0,0,0,0,baixo
5,0.0,0,0.0,0,0,1,0,0,0,0,0,0,0,0,0,0,gratuito
4,35000.0,3,0.3333333333333333,9,3,1,0,0,0,1,0,1,1,0,0,0,baixo
8,10000.0,5,0.8,5,3,1,0,0,0,1,0,0,1,1,0,0,medio_alto
4,0.0,0,0.0,0,0,1,0,0,0,0,0,0,0,0,0,0,gratuito
3,10000.0,5,0.4,2,4,1,0,0,0,1,0,0,0,0,1,1,alto
8,10000.0,4,0.5,1,2,1,0,0,0,1,0,0,1,0,0,0,medio_baixo
11,750000.0,15672,0.9612046962736089,25,3,1,1,1,0,1,0,0,0,0,1,1,medio_alto
9,10000.0,180,0.8388888888888889,1,2,1,1,1,1,1,0,1,0,0,0,0,medio_baixo
2,10000.0,13,0.7692307692307693,2,4,1,0,0,0,1,1,1,0,1,0,0,alto
1,10000.0,0,0.0,1,2,1,1,1,0,1,1,0,0,0,0,0,medio_baixo
8,10000.0,18,0.9444444444444444,1,3,1,0,0,0,1,1,0,1,0,0,0,baixo
5,10000.0,17,0.4117647058823529,1,2,1,0,0,0,0,0,0,0,0,0,0,alto
5,10000.0,46,0.8043478260869565,1,4,1,0,0,0,1,0,0,0,0,1,1,medio_baixo
1,10000.0,0,0.0,7,3,1,1,1,0,1,0,1,1,0,0,0,baixo
3,0.0,0,0.0,0,0,1,0,0,0,0,0,0,0,0,0,0,gratuito
10,10000.0,168,0.5059523809523809,1,4,1,0,0,1,1,1,1,1,0,0,0,baixo
2,0.0,0,0.0,1,5,1,0,0,0,1,1,0,1,0,0,1,gratuito
3,75000.0,227,0.7400881057268722,8,4,1,0,0,0,1,0,0,0,1,1,0,alto
3,10000.0,8,0.875,1,2,1,0,0,0,1,0,0,1,0,0,0,medio_baixo
1,0.0,0,0.0,0,0,1,0,0,0,0,0,0,0,0,0,0,gratuito
9,10000.0,697,0.8450502152080345,2,1,1,0,0,7,0,1,0,0,0,0,0,alto
1,10000.0,37,0.972972972972973,8,3,1,0,1,0,1,1,0,1,0,0,0,medio_alto
4,0.0,0,0.0,5,3,1,1,0,3,1,0,0,1,0,0,1,gratuito
7,10000.0,18,0.7777777777777778,6,1,1,0,0,0,0,0,0,1,0,0,0,gratuito
12,35000.0,496,0.9112903225806451,5,3,1,1,1,1,1,1,0,1,0,0,0,medio_baixo
8,10000.0,0,0.0,1,1,1,0,0,0,0,0,0,0,0,0,1,alto
5,150000.0,1066,0.6031894934333959,9,1,1,0,0,1,0,0,0,0,0,1,0,medio_baixo
1,10000.0,141,0.9929078014184397,5,1,1,1,0,0,1,0,0,0,0,0,0,medio_alto
1,0.0,0,0.0,0,0,1,0,0,0,0,0,0,0,0,0,0,gratuito
2,10000.0,86,0.7790697674418605,2,4,1,0,0,0,1,1,1,0,1,0,0,medio_baixo
1,10000.0,0,0.0,30,2,1,0,0,0,1,0,0,1,0,0,0,baixo
5,0.0,0,0.0,1,5,1,0,0,0,1,1,1,1,0,0,0,gratuito
7,10000.0,260,0.7615384615384615,2,3,1,0,0,0,0,1,0,0,0,0,0,alto
8,10000.0,3,0.6666666666666666,1,3,1,0,0,0,0,0,1,1,0,0,1,alto
1,10000.0,0,0.0,8,2,1,0,0,1,1,0,1,0,0,0,0,medio_alto
7,35000.0,859,0.3061699650756694,6,1,1,0,0,0,0,1,0,0,0,0,0,medio_alto
6,35000.0,205,0.975609756097561,8,3,1,1,0,0,1,0,0,1,0,1,0,medio_baixo
4,35000.0,171,0.9298245614035088,1,2,1,0,0,1,1,0,0,0,0,0,1,medio_baixo
3,10000.0,7,0.7142857142857143,1,5,1,0,0,0,1,1,1,1,0,0,0,gratuito
2,0.0,0,0.0,1,4,1,0,0,0,1,1,1,0,0,0,1,gratuito
2,10000.0,3,1.0,1,3,1,1,0,0,1,0,1,1,0,0,0,medio_baixo
3,10000.0,3,0.6666666666666666,4,1,1,0,0,0,0,0,0,1,0,0,0,medio_alto
1,10000.0,259,0.9536679536679536,2,1,1,0,0,0,0,0,0,0,1,0,0,alto
10,35000.0,167,0.9101796407185628,1,2,1,0,0,1,1,1,0,0,0,0,0,medio_alto
1,10000.0,319,0.8652037617554859,5,2,1,0,0,21,0,1,0,1,0,0,0,alto
3,0.0,0,0.0,0,0,1,0,0,0,0,0,0,0,0,0,0,gratuito
2,10000.0,2,0.5,3,2,1,0,0,0,0,0,0,0,1,1,0,medio_baixo
2,10000.0,66,0.8939393939393939,1,4,1,0,0,0,1,1,1,0,0,0,1,baixo
1,0.0,0,0.0,1,3,1,1,1,0,1,1,0,1,0,0,0,medio_baixo
10,350000.0,341,0.47214076246334313,1,3,1,0,0,0,1,0,0,1,0,0,1,baixo
8,35000.0,94,0.6702127659574468,9,2,1,0,0,0,1,1,0,0,0,0,0,medio_baixo
6,10000.0,13,1.0,3,5,1,0,0,2,1,1,1,1,1,0,0,baixo
6,35000.0,459,0.8779956427015251,10,3,1,0,0,0,1,1,0,1,0,0,0,medio_baixo
7,10000.0,43,0.9534883720930233,1,2,1,0,0,0,1,1,0,0,0,0,0,gratuito
11,35000.0,291,0.6460481099656358,2,2,1,0,0,4,1,1,0,0,0,0,0,alto
4,35000.0,5,0.4,2,7,1,0,0,0,1,0,1,1,1,1,1,medio_baixo
2,0.0,0,0.0,1,3,1,1,0,0,1,1,0,0,0,0,0,gratuito
6,10000.0,8,0.5,2,4,1,0,0,0,1,1,1,0,1,0,0,medio_alto
1,10000.0,0,0.0,1,2,1,0,1,0,1,1,0,0,0,0,0,baixo
6,7500000.0,206026,0.9115694135691612,13,1,1,0,0,13,0,1,0,0,0,0,0,alto
2,10000.0,63,0.9206349206349206,4,2,1,0,0,1,1,0,0,1,0,0,0,medio_alto
1,0.0,0,0.0,0,0,1,0,0,0,0,0,0,0,0,0,0,gratuito
1,10000.0,0,0.0,2,3,1,0,1,0,1,0,1,1,0,0,0,medio_alto
1,10000.0,0,0.0,2,3,1,0,0,0,1,1,0,0,0,0,0,baixo
7,10000.0,14,0.7857142857142857,1,2,1,1,1,0,1,0,0,1,0,0,0,gratuito
6,35000.0,75,0.9066666666666666,2,3,1,1,0,0,1,0,0,0,0,0,1,gratuito
2,0.0,0,0.0,0,0,1,0,0,0,0,0,0,0,0,0,0,gratuito
9,10000.0,5,0.6,1,3,1,1,1,0,1,1,0,1,0,0,0,medio_baixo
1,10000.0,7,0.7142857142857143,1,4,1,0,0,0,0,0,1,0,1,0,1,alto
2,10000.0,14,0.8571428571428571,2,2,1,1,1,0,1,0,0,1,0,0,0,medio_alto
5,0.0,0,0.0,1,6,1,0,0,0,1,1,1,0,1,0,0,gratuito
9,35000.0,71,0.6338028169014085,1,5,1,0,0,0,1,1,1,1,1,0,0,baixo
1,0.0,0,0.0,21,9,1,0,0,0,1,1,0,1,0,0,1,gratuito
2,10000.0,56,0.9464285714285714,7,2,1,0,0,2,1,0,1,0,0,0,0,alto
2,10000.0,57,0.9122807017543859,1,2,1,0,0,0,0,1,0,0,0,0,0,gratuito
1,0.0,0,0.0,0,0,1,0,0,0,0,0,0,0,0,0,0,gratuito
6,10000.0,6,0.8333333333333334,1,3,1,0,0,0,1,0,1,0,0,1,0,alto
3,10000.0,72,0.3888888888888889,1,3,1,0,0,0,1,0,1,0,0,0,0,medio_alto
1,0.0,0,0.0,0,0,1,0,0,0,0,0,0,0,0,0,0,gratuito
7,10000.0,282,0.875886524822695,1,2,1,1,1,2,1,0,1,0,0,0,0,medio_baixo
3,10000.0,3,1.0,1,2,1,0,0,0,1,1,0,0,0,0,0,alto
9,10000.0,78,0.5256410256410257,2,4,1,0,0,0,1,0,0,0,0,1,1,medio_alto
8,10000.0,20,0.55,1,2,1,1,1,0,1,0,0,0,0,1,0,medio_alto
4,75000.0,21,0.5238095238095238,1,2,1,0,0,0,0,0,0,0,0,1,1,gratuito
1,10000.0,68,0.9411764705882353,13,2,1,0,1,2,0,0,1,0,1,0,0,alto
5,75000.0,1242,0.928341384863124,2,1,1,0,0,0,1,0,0,0,0,0,0,medio_baixo
1,10000.0,0,0.0,1,4,1,0,1,0,1,0,0,0,1,1,0,gratuito
1,10000.0,11,1.0,2,3,1,0,0,0,1,0,0,1,0,0,0,medio_baixo
2,10000.0,0,0.0,1,5,1,0,0,0,0,0,0,1,0,1,1,gratuito
1,10000.0,0,0.0,13,1,1,1,1,0,1,0,0,0,0,0,0,medio_baixo
5,35000.0,157,0.802547770700637,2,1,1,0,0,0,0,0,0,0,1,0,0,alto
8,10000.0,88,0.9318181818181818,1,1,1,0,0,0,0,0,0,0,0,0,0,gratuito
10,150000.0,1046,0.6998087954110899,3,1,1,0,0,0,0,0,0,0,0,1,0,alto
6,10000.0,2,1.0,2,1,1,0,0,0,1,0,0,0,0,0,0,medio_alto
1,0.0,0,0.0,0,0,1,0,0,0,0,0,0,0,0,0,0,gratuito
8,10000.0,95,0.8526315789473684,2,2,1,0,0,0,0,1,0,0,0,0,0,alto
2,10000.0,5,1.0,2,6,1,0,0,0,1,1,1,0,1,0,1,baixo
1,10000.0,83,0.6746987951807228,9,5,1,0,0,0,1,1,1,0,0,1,1,alto
5,10000.0,187,0.893048128342246,1,3,1,0,0,1,0,0,0,0,0,0,1,alto
2,10000.0,3,0.0,1,1,1,0,0,0,1,0,0,0,0,0,0,alto
6,10000.0,47,0.8936170212765957,1,3,1,0,0,0,1,1,1,0,0,0,0,baixo
5,10000.0,4,0.25,1,3,1,0,0,0,1,0,1,0,0,0,0,medio_alto
1,10000.0,0,0.0,2,2,1,0,0,0,1,0,1,0,0,0,0,medio_baixo
1,10000.0,0,0.0,5,2,1,0,0,0,1,0,1,0,0,0,0,alto
1,0.0,0,0.0,8,5,1,0,0,0,1,1,1,0,1,0,0,gratuito
2,10000.0,8,1.0,1,2,1,0,0,0,1,0,1,0,0,0,0,alto
2,10000.0,0,0.0,7,2,1,0,1,0,1,0,1,0,0,0,0,medio_alto
5,0.0,0,0.0,1,7,1,0,0,0,1,0,1,1,1,0,1,gratuito
2,10000.0,4,1.0,6,4,1,0,0,0,1,1,1,0,0,0,0,gratuito
9,10000.0,3,1.0,1,3,1,0,0,0,0,0,0,0,0,1,1,baixo
1,10000.0,1,1.0,5,4,1,0,0,0,1,1,1,1,0,0,0,medio_baixo
3,35000.0,19,0.7894736842105263,1,4,1,0,0,0,1,1,1,1,0,0,0,gratuito
3,35000.0,482,0.8775933609958506,2,4,1,1,0,0,1,0,0,0,0,0,1,alto
4,10000.0,6,0.5,2,3,1,0,0,0,1,1,0,0,1,0,0,medio_baixo
4,0.0,0,0.0,4,3,1,0,0,1,1,0,0,1,0,0,0,gratuito
9,10000.0,9,0.6666666666666666,1,5,1,1,0,0,1,1,1,0,1,0,0,alto
3,350000.0,8604,0.4628079962807996,1,3,1,0,0,0,0,0,0,0,0,1,1,gratuito
2,10000.0,2,0.5,1,2,1,0,0,0,1,1,0,0,0,0,0,baixo
6,350000.0,2031,0.7380600689315608,12,3,1,0,0,4,0,0,0,0,0,0,1,medio_baixo
9,75000.0,971,0.925849639546859,3,2,1,0,0,7,0,1,0,0,1,0,0,medio_alto
1,0.0,0,0.0,2,6,1,0,0,0,1,1,1,0,1,0,0,gratuito
7,10000.0,4,0.0,1,2,1,1,1,0,0,1,0,0,0,0,1,medio_alto
1,10000.0,0,0.0,1,2,1,0,0,0,0,0,0,0,0,0,0,alto
6,10000.0,1,1.0,1,2,1,0,0,0,1,1,0,0,0,0,0,baixo
1,10000.0,9,1.0,1,3,1,0,0,0,1,1,1,0,0,0,0,medio_alto
3,10000.0,3,0.3333333333333333,1,2,1,0,0,0,1,0,0,0,0,0,0,medio_baixo
5,10000.0,17,0.4117647058823529,6,1,1,0,0,0,0,0,1,0,0,0,0,alto
5,10000.0,24,0.6666666666666666,1,3,1,1,1,0,1,1,0,0,0,0,0,gratuito
3,0.0,0,0.0,2,3,1,0,0,0,0,1,1,0,1,0,0,gratuito
9,75000.0,715,0.8685314685314686,1,3,1,1,1,1,1,0,1,1,0,0,0,medio_baixo
2,10000.0,126,0.9920634920634921,4,1,1,0,0,1,0,0,1,0,0,0,0,alto
7,10000.0,44,0.8863636363636364,2,1,1,0,0,0,0,0,1,0,0,0,0,gratuito
5,150000.0,1026,0.6881091617933723,12,2,1,0,0,2,1,0,0,0,0,1,0,medio_alto
6,10000.0,2,0.5,3,1,1,0,0,0,0,0,1,0,0,0,0,alto
5,10000.0,37,0.32432432432432434,7,2,1,0,0,0,0,1,0,0,0,0,1,medio_baixo
2,0.0,0,0.0,0,0,1,0,0,0,0,0,0,0,0,0,0,gratuito
7,35000.0,677,0.8670605612998523,1,3,1,0,0,0,1,0,1,1,0,0,0,baixo
1,10000.0,0,0.0,1,1,1,0,0,0,0,1,0,0,0,0,0,baixo
2,35000.0,275,0.7745454545454545,1,3,1,0,0,0,0,0,0,1,1,0,1,medio_alto
3,10000.0,165,0.8181818181818182,12,3,1,0,0,0,1,1,1,0,0,0,0,alto
11,35000.0,184,0.8695652173913043,1,2,1,1,0,1,1,1,0,0,0,0,0,baixo
8,10000.0,0,0.0,1,1,1,0,0,0,1,0,0,0,0,0,0,medio_alto
6,75000.0,2,1.0,1,5,1,0,0,0,1,1,1,1,1,0,0,medio_baixo
9,10000.0,28,0.6785714285714286,1,3,1,1,1,0,1,0,0,1,0,0,1,medio_alto
9,10000.0,3,1.0,1,2,1,0,0,0,1,1,0,0,0,0,0,medio_alto
5,10000.0,0,0.0,1,3,1,0,0,0,1,0,0,0,0,0,1,gratuito
9,10000.0,53,0.9056603773584906,1,5,1,1,1,0,1,1,1,1,0,1,0,medio_baixo
2,0.0,0,0.0,1,1,1,0,0,0,0,0,0,0,0,0,0,gratuito
5,10000.0,16,0.6875,2,2,1,1,1,0,1,0,0,1,0,0,0,baixo
3,0.0,0,0.0,0,0,1,0,0,0,0,0,0,0,0,0,0,gratuito
2,0.0,0,0.0,0,0,1,0,0,0,0,0,0,0,0,0,0,gratuito
12,10000.0,63,0.8095238095238095,1,2,1,0,0,0,1,0,0,1,0,0,0,medio_alto
1,10000.0,0,0.0,10,2,1,0,0,0,1,0,0,1,0,0,0,medio_baixo
4,10000.0,1,0.0,1,2,1,0,0,0,1,0,1,0,0,0,0,medio_alto
2,0.0,0,0.0,1,6,1,1,1,2,1,1,0,0,1,1,0,gratuito
2,0.0,0,0.0,2,5,1,0,0,0,1,0,0,1,0,0,1,gratuito
1,0.0,0,0.0,0,0,1,0,0,0,0,0,0,0,0,0,0,gratuito
4,350000.0,8170,0.9215422276621787,1,3,1,0,0,1,1,0,1,0,0,0,1,medio_alto
1,150000.0,879,0.9601820250284414,18,3,1,0,0,0,1,0,0,0,0,1,0,alto
1,10000.0,28,0.7857142857142857,8,1,1,0,0,0,0,0,0,0,0,0,1,medio_alto
9,10000.0,19,0.8421052631578947,1,3,1,1,1,0,0,1,1,0,1,0,0,medio_alto
10,10000.0,12,1.0,1,2,1,0,0,0,0,0,1,1,0,0,0,medio_alto
8,10000.0,10,0.6,10,4,1,0,0,0,1,0,1,1,0,0,1,medio_baixo
3,10000.0,14,1.0,2,3,1,0,0,0,1,1,1,0,0,0,0,medio_alto
1,10000.0,4,1.0,6,1,1,0,0,0,0,0,0,1,0,0,0,baixo
2,0.0,0,0.0,1,5,1,0,0,0,1,1,1,1,0,0,0,gratuito
6,10000.0,21,0.9523809523809523,2,3,1,0,0,1,1,1,0,1,0,0,0,alto
3,150000.0,7023,0.9390573828848071,10,4,1,0,0,0,1,1,0,1,0,0,0,baixo
7,10000.0,13,0.15384615384615385,1,3,1,0,0,0,1,0,1,0,0,0,1,baixo
5,35000.0,200,0.85,11,3,1,0,0,2,1,1,0,0,0,0,0,alto
2,10000.0,5,0.6,1,3,1,0,1,0,1,1,1,0,0,0,0,baixo
6,10000.0,115,0.9304347826086956,1,5,1,0,0,0,1,1,1,1,0,0,1,baixo
1,10000.0,4,1.0,1,3,1,0,0,0,1,1,0,1,0,0,0,medio_alto
1,10000.0,9,0.7777777777777778,1,1,1,0,0,0,0,1,0,0,0,0,0,baixo
4,10000.0,2,0.5,1,6,1,0,0,0,1,1,1,1,0,1,0,alto
10,35000.0,337,0.47181008902077154,1,1,1,1,1,1,0,0,0,0,0,0,0,alto
2,10000.0,11,0.8181818181818182,14,2,1,0,0,0,1,1,0,0,0,0,0,alto
1,10000.0,0,0.0,2,4,1,1,1,0,1,0,0,1,1,0,0,alto
1,10000.0,0,0.0,1,3,1,0,0,0,1,0,0,1,1,0,0,baixo
2,0.0,0,0.0,0,0,1,0,0,0,0,0,0,0,0,0,0,gratuito
4,10000.0,2,0.0,28,3,1,0,0,0,1,1,0,0,1,0,0,medio_baixo
2,10000.0,1,0.0,2,3,1,0,0,0,0,1,1,0,1,0,0,medio_baixo
2,10000.0,0,0.0,1,3,1,1,1,0,0,0,1,0,1,1,0,medio_alto
4,10000.0,0,0.0,1,4,1,0,0,0,0,1,0,1,0,1,1,baixo
11,10000.0,66,0.4090909090909091,1,7,1,0,0,0,1,1,1,0,1,1,1,medio_alto
3,10000.0,31,0.9354838709677419,1,4,1,0,0,0,1,0,1,1,0,0,1,medio_alto
2,0.0,0,0.0,1,3,1,0,0,0,0,1,0,0,0,0,0,gratuito
7,10000.0,15,0.8,1,3,1,0,0,0,0,1,1,0,0,0,0,gratuito
6,10000.0,13,0.8461538461538461,1,4,1,0,0,0,0,1,1,0,1,0,0,alto
9,10000.0,36,0.6111111111111112,2,4,1,0,0,1,1,1,1,0,0,1,0,alto
1,10000.0,0,0.0,27,2,1,1,1,0,1,0,0,0,0,0,1,baixo
1,0.0,0,0.0,0,0,1,0,0,0,0,0,0,0,0,0,0,gratuito
1,10000.0,20,0.95,6,1,1,0,0,2,0,1,0,0,0,0,0,medio_baixo
7,75000.0,420,0.819047619047619,11,2,1,1,1,0,1,0,0,1,0,0,0,baixo
4,10000.0,0,0.0,29,4,1,0,0,0,1,1,1,1,0,0,0,baixo
1,10000.0,0,0.0,1,3,1,0,0,0,1,1,1,0,0,0,0,medio_baixo
2,10000.0,2,1.0,3,3,1,0,0,0,0,0,0,0,0,0,0,medio_alto
10,35000.0,37,0.7027027027027027,1,1,1,0,0,0,0,0,0,0,0,1,0,alto
3,10000.0,3,1.0,1,2,1,0,0,0,0,0,0,1,0,1,0,baixo
1,0.0,0,0.0,2,2,1,0,0,0,0,0,0,0,1,0,1,medio_baixo
1,10000.0,0,0.0,31,2,1,0,0,0,1,0,0,1,0,0,0,baixo
3,10000.0,53,0.9245283018867925,13,2,1,1,1,1,0,0,1,1,0,0,0,baixo
4,10000.0,231,0.9090909090909091,1,1,1,0,0,3,0,0,0,0,1,0,0,medio_alto
1,35000.0,17,0.7058823529411765,1,2,1,0,0,0,0,1,0,0,0,0,0,gratuito
1,10000.0,274,0.864963503649635,3,3,1,0,0,0,1,0,1,0,1,0,0,alto
2,10000.0,10,0.9,2,2,1,0,0,0,0,0,1,0,1,0,0,baixo
3,10000.0,15,0.7333333333333333,1,2,1,0,0,1,0,1,0,0,0,0,0,alto
1,0.0,0,0.0,0,0,1,0,0,0,0,0,0,0,0,0,0,gratuito
4,0.0,0,0.0,0,0,1,0,0,0,0,0,0,0,0,0,0,gratuito
3,10000.0,4,1.0,1,1,1,0,0,0,0,0,0,1,0,0,0,medio_baixo
4,0.0,0,0.0,1,3,1,0,0,0,0,0,0,1,0,0,0,gratuito
8,35000.0,1,0.0,1,5,1,0,0,0,1,1,1,1,1,0,0,baixo
2,10000.0,8,0.875,2,4,1,0,0,0,1,1,1,0,1,0,0,baixo
1,10000.0,0,0.0,7,4,1,0,0,0,0,1,1,0,1,0,1,alto
1,10000.0,0,0.0,1,3,1,0,1,0,1,1,0,1,0,0,0,baixo
1,10000.0,0,0.0,15,3,1,0,0,0,1,0,0,1,1,0,0,medio_alto
2,10000.0,0,0.0,1,3,1,0,0,0,1,0,0,1,0,0,1,medio_alto
1,10000.0,168,0.9404761904761905,15,3,1,1,1,1,1,0,1,1,0,0,0,alto
2,10000.0,2,1.0,1,1,1,0,0,0,0,0,0,0,0,1,0,medio_alto
6,10000.0,6,1.0,1,4,1,0,0,0,1,0,1,0,0,1,1,baixo
15,35000.0,120,0.75,1,2,1,0,0,0,1,0,0,1,0,0,0,alto
7,10000.0,0,0.0,1,2,1,0,0,0,0,1,1,0,0,0,0,baixo
5,1500000.0,29841,0.9594182500586441,17,2,1,0,0,20,0,0,0,0,0,0,1,medio_alto
2,10000.0,2,0.5,1,2,1,0,0,0,1,1,0,0,0,0,0,medio_alto
7,35000.0,4,0.75,6,1,1,0,0,0,0,0,0,1,0,0,0,medio_baixo
10,75000.0,392,0.8367346938775511,1,2,1,0,0,0,1,1,0,0,0,0,0,medio_alto
7,10000.0,32,0.875,1,3,1,1,0,0,1,1,1,0,0,0,0,medio_alto
1,0.0,0,0.0,2,4,1,0,0,0,1,1,1,0,1,0,0,medio_alto
5,35000.0,400,0.7225,15,2,1,0,0,0,1,1,0,0,0,0,0,baixo
11,35000.0,43,0.7906976744186046,1,2,1,0,0,0,0,0,1,1,0,0,0,medio_baixo
5,10000.0,2,1.0,1,3,1,1,1,0,1,1,0,1,0,0,0,baixo
7,10000.0,1,1.0,3,3,1,0,0,0,1,0,0,1,0,1,0,medio_baixo
2,0.0,0,0.0,2,2,1,0,0,0,0,0,0,0,1,0,0,gratuito
4,10000.0,26,0.6538461538461539,1,5,1,0,0,0,1,1,1,0,0,0,1,medio_alto
2,35000.0,295,0.7898305084745763,6,4,1,0,0,2,1,0,1,1,1,0,0,medio_alto
1,10000.0,0,0.0,1,1,1,0,0,0,1,0,0,0,0,0,0,alto
8,10000.0,16,0.9375,1,2,1,1,1,0,1,0,0,1,0,0,0,baixo
11,150000.0,835,0.48502994011976047,1,3,1,0,0,0,1,0,1,0,0,1,0,medio_baixo
10,350000.0,10592,0.9435422960725075,5,1,1,0,0,13,0,1,0,0,0,0,0,alto
2,0.0,0,0.0,1,4,1,1,1,0,1,0,0,1,0,0,1,gratuito
12,10000.0,8,0.5,1,3,1,0,0,0,1,0,0,1,0,1,0,medio_baixo
1,10000.0,0,0.0,1,3,1,0,0,0,1,1,0,1,0,0,0,medio_baixo
4,10000.0,0,0.0,1,1,1,0,0,0,1,0,0,0,0,0,0,gratuito
2,10000.0,12,1.0,1,1,1,0,0,0,0,0,0,0,0,0,0,medio_alto
17,350000.0,3783,0.9035157282579963,1,3,1,1,1,0,1,1,1,0,0,0,0,baixo
6,10000.0,75,0.96,1,3,1,1,0,0,1,0,1,1,0,0,0,medio_baixo
10,10000.0,17,0.5882352941176471,1,3,1,1,1,0,1,0,0,1,0,1,0,medio_baixo
4,0.0,0,0.0,1,4,1,0,0,0,1,0,0,1,1,0,0,gratuito
5,1500000.0,12126,0.7635658914728682,10,1,1,0,0,42,0,0,0,0,0,0,0,gratuito
5,10000.0,5,1.0,1,5,1,0,0,0,1,1,1,1,1,0,0,medio_alto
7,35000.0,861,0.7224157955865272,11,1,1,0,0,1,0,1,0,0,0,0,0,alto
3,0.0,0,0.0,1,1,1,0,1,0,0,1,0,0,0,0,0,gratuito
4,10000.0,28,1.0,2,4,1,0,0,0,1,0,1,1,0,1,0,medio_baixo
3,10000.0,2,1.0,37,1,1,0,0,0,0,0,0,0,0,0,0,medio_alto
3,75000.0,872,0.9850917431192661,1,1,1,0,0,0,1,0,0,0,0,0,0,medio_baixo
12,75000.0,614,0.4788273615635179,1,2,1,0,0,0,0,1,1,0,0,0,0,baixo
4,10000.0,1,1.0,1,2,1,0,0,0,1,1,0,0,0,0,0,alto
7,10000.0,8,0.75,1,2,1,1,0,0,1,0,0,1,0,0,0,medio_baixo
2,10000.0,0,0.0,2,4,1,0,0,0,1,1,1,0,0,0,0,medio_baixo
2,0.0,0,0.0,0,0,1,0,0,0,0,0,0,0,0,0,0,gratuito
4,35000.0,11,0.5454545454545454,1,2,1,0,0,0,0,0,1,0,0,0,0,baixo
5,10000.0,15,0.8666666666666667,1,1,1,0,0,0,0,0,0,0,0,0,0,medio_alto
8,35000.0,61,0.7704918032786885,1,3,1,0,0,0,1,1,0,0,0,0,0,gratuito
1,10000.0,15,0.8666666666666667,13,3,1,0,0,0,0,1,1,0,1,0,0,medio_baixo
3,10000.0,4,1.0,1,2,1,0,0,0,0,1,0,0,0,0,0,medio_baixo
1,10000.0,4,0.5,7,6,1,0,0,0,1,0,1,1,0,1,0,baixo
2,10000.0,11,0.9090909090909091,1,4,1,0,0,0,1,0,0,1,0,0,1,baixo
5,10000.0,47,0.7446808510638298,1,1,1,0,0,0,0,0,0,1,0,0,0,baixo
1,10000.0,0,0.0,6,2,1,0,0,0,0,0,0,1,0,0,1,medio_alto
10,10000.0,22,0.8636363636363636,1,1,1,1,0,0,1,0,0,0,0,0,0,alto
10,150000.0,90,0.8444444444444444,1,6,1,0,0,12,1,1,1,0,1,1,1,medio_alto
5,10000.0,14,0.8571428571428571,1,1,1,0,0,0,0,0,0,1,0,0,0,gratuito
1,0.0,0,0.0,1,4,1,0,0,0,1,0,1,0,0,0,1,gratuito
4,75000.0,119,0.7394957983193278,103,1,1,0,0,0,0,0,0,0,0,0,1,baixo
6,10000.0,12,0.8333333333333334,1,2,1,0,0,0,0,0,0,1,0,0,0,gratuito
3,10000.0,7,0.7142857142857143,6,5,1,0,0,0,1,0,1,0,1,1,1,alto
5,35000.0,2,1.0,1,2,1,0,0,0,1,0,1,0,0,0,0,alto
5,10000.0,87,0.9770114942528736,1,2,1,0,0,0,1,1,0,0,0,0,0,medio_baixo
1,10000.0,0,0.0,2,4,1,0,0,0,1,0,1,1,0,0,1,medio_alto
8,10000.0,93,0.8602150537634409,1,3,1,0,0,0,1,0,1,0,1,0,0,medio_baixo
5,0.0,0,0.0,1,2,1,1,1,0,1,0,0,1,0,0,0,gratuito
8,75000.0,327,0.7064220183486238,17,2,1,0,0,0,0,0,1,1,0,0,0,medio_alto
1,0.0,0,0.0,1,1,1,0,0,0,0,0,0,0,0,0,1,medio_alto
8,10000.0,28,0.6428571428571429,1,3,1,0,0,0,0,1,1,0,0,0,0,medio_baixo
3,35000.0,2,1.0,1,3,1,1,0,0,1,0,0,1,0,1,0,baixo
7,10000.0,71,0.9436619718309859,9,3,1,0,0,0,1,0,1,1,0,0,0,medio_baixo
10,10000.0,25,0.88,1,3,1,0,0,0,1,0,1,0,1,0,0,baixo
19,150000.0,993,0.8600201409869084,6,3,1,0,0,1,1,0,0,0,0,1,1,baixo
1,10000.0,23,0.34782608695652173,1,3,1,0,0,0,0,0,1,1,0,0,1,medio_baixo
1,10000.0,0,0.0,4,2,1,0,0,0,0,1,1,0,0,0,0,baixo
3,10000.0,2,1.0,1,3,1,0,0,0,1,1,0,1,0,0,0,baixo
4,35000.0,97,0.35051546391752575,1,3,1,0,0,0,1,1,1,0,0,0,0,medio_alto
9,75000.0,1716,0.8910256410256411,1,3,1,0,1,1,1,1,0,1,0,0,0,medio_baixo
1,10000.0,124,0.8064516129032258,1,5,1,0,0,0,1,0,1,1,0,0,1,medio_baixo
4,10000.0,17,0.8823529411764706,1,3,1,0,1,0,1,0,0,0,1,1,0,medio_baixo
3,10000.0,10,1.0,2,2,1,0,0,0,1,0,1,0,0,0,0,baixo
2,10000.0,0,0.0,1,2,1,0,0,0,1,1,0,0,0,0,0,alto
7,10000.0,15,0.8666666666666667,1,2,1,0,1,6,1,0,1,0,0,0,0,medio_alto
9,10000.0,68,0.7794117647058824,8,2,1,1,0,0,1,1,0,0,0,0,0,baixo
6,10000.0,4,1.0,1,5,1,0,0,0,1,1,1,0,1,0,0,medio_alto
16,10000.0,2124,0.8870056497175142,1,2,1,1,1,0,1,1,0,0,0,0,0,medio_baixo
2,10000.0,0,0.0,5,4,1,0,0,0,0,0,1,1,1,0,1,medio_alto
7,150000.0,1698,0.8127208480565371,3,3,1,0,0,0,0,1,1,1,0,0,0,baixo
8,35000.0,809,0.9060568603213844,2,4,1,0,0,0,1,0,1,1,1,0,0,baixo
4,10000.0,3,0.6666666666666666,1,3,1,0,0,0,1,0,0,1,0,0,1,medio_baixo
1,0.0,0,0.0,1,3,1,0,0,1,1,0,0,0,1,0,0,gratuito
6,10000.0,16,0.8125,1,4,1,0,1,0,1,0,1,0,0,0,1,gratuito
1,10000.0,46,0.9565217391304348,2,3,1,1,0,0,1,0,1,0,0,1,0,medio_baixo
14,350000.0,1456,0.8914835164835165,8,4,1,0,0,0,0,1,0,1,0,1,1,medio_alto
1,10000.0,4,0.5,1,1,1,0,0,0,1,0,0,0,0,0,0,baixo
1,10000.0,0,0.0,1,2,1,0,1,0,0,0,0,1,0,1,0,medio_baixo
1,0.0,0,0.0,0,0,1,0,0,0,0,0,0,0,0,0,0,gratuito
4,10000.0,15,0.9333333333333333,1,1,1,0,0,0,0,0,0,0,0,0,0,gratuito
1,0.0,0,0.0,0,0,1,0,0,0,0,0,0,0,0,0,0,gratuito
9,75000.0,222,0.8423423423423423,1,1,1,0,0,0,0,0,1,0,0,0,0,medio_alto
11,15000000.0,457632,0.9520466226138032,17,2,1,1,1,41,0,1,0,0,1,0,0,medio_alto
4,10000.0,1,1.0,1,2,1,1,0,0,1,0,0,1,0,0,0,medio_alto
5,0.0,0,0.0,10,3,1,0,0,0,0,0,0,0,1,1,0,gratuito
1,0.0,0,0.0,0,0,1,0,0,0,0,0,0,0,0,0,0,gratuito
5,10000.0,0,0.0,1,3,1,0,0,0,1,0,1,1,0,0,0,baixo
4,35000.0,24,1.0,1,2,1,0,0,0,0,0,0,1,0,1,0,baixo
1,10000.0,0,0.0,8,3,1,0,0,0,1,0,1,0,0,0,1,medio_baixo
3,0.0,0,0.0,0,0,1,0,0,0,0,0,0,0,0,0,0,gratuito
2,10000.0,2,1.0,1,2,1,0,0,0,0,0,0,0,0,0,0,medio_alto
1,0.0,0,0.0,3,2,1,1,0,0,0,0,1,1,0,0,0,medio_alto
10,350000.0,5175,0.8684057971014493,7,2,1,1,1,0,1,1,0,0,0,0,0,medio_baixo
7,350000.0,2227,0.8926807364167041,18,5,1,1,1,0,1,1,0,0,1,0,0,gratuito
9,10000.0,49,0.6122448979591837,5,5,1,1,0,3,1,0,0,1,0,1,1,gratuito
10,10000.0,63,0.9365079365079365,5,3,1,0,0,0,1,1,0,1,0,0,0,medio_baixo
8,1500000.0,22150,0.9757562076749435,14,2,1,1,1,1,1,1,0,0,0,0,0,alto
11,35000.0,182,0.5164835164835165,2,4,1,0,0,0,1,0,1,1,0,0,1,medio_alto
2,10000.0,76,0.9736842105263158,4,3,1,0,0,1,1,1,0,1,0,0,0,medio_alto
1,10000.0,0,0.0,1,1,1,0,0,1,0,0,0,1,0,0,0,baixo
7,10000.0,6,0.6666666666666666,1,3,1,0,0,0,1,0,1,0,0,0,0,gratuito
8,35000.0,101,0.9405940594059405,1,2,1,1,1,0,1,0,1,0,0,0,0,medio_baixo
1,10000.0,1,1.0,2,5,1,0,0,0,0,1,1,1,0,1,0,medio_baixo
1,0.0,0,0.0,1,1,1,0,0,0,1,0,0,0,0,0,0,medio_baixo
1,10000.0,0,0.0,6,3,1,0,0,0,1,1,1,0,0,0,0,baixo
3,10000.0,7,1.0,1,3,1,0,0,0,1,0,0,1,0,0,0,medio_alto
1,0.0,0,0.0,0,0,1,0,0,0,0,0,0,0,0,0,0,gratuito
3,10000.0,15,0.9333333333333333,1,4,1,0,1,0,1,1,1,1,0,0,0,medio_baixo
8,10000.0,1,1.0,1,2,1,0,0,0,0,0,1,1,0,0,0,gratuito
3,10000.0,3,1.0,1,1,1,0,0,0,0,1,0,0,0,0,0,medio_alto
2,10000.0,515,0.883495145631068,1,2,1,0,0,1,1,0,1,0,0,0,0,alto
4,0.0,0,0.0,1,6,1,0,0,2,1,1,1,0,1,1,0,gratuito
9,10000.0,28,0.7857142857142857,1,3,1,0,0,0,0,0,0,1,0,0,1,gratuito
7,35000.0,405,0.9209876543209876,14,3,1,1,1,0,1,0,1,1,0,0,0,baixo
1,0.0,0,0.0,0,0,1,0,0,0,0,0,0,0,0,0,0,gratuito
2,0.0,0,0.0,1,2,1,0,0,0,0,0,0,0,1,0,0,gratuito
2,0.0,0,0.0,3,3,1,1,1,2,1,0,0,1,0,0,0,gratuito
9,1500000.0,7102,0.8708814418473669,7,3,1,1,0,0,0,0,0,0,1,1,0,gratuito
9,10000.0,12,0.5833333333333334,1,5,1,0,0,0,0,1,1,1,1,0,0,gratuito
2,10000.0,0,0.0,12,3,1,1,0,9,0,1,0,0,0,1,0,gratuito
1,10000.0,3,1.0,1,6,1,0,0,0,1,1,0,0,0,1,1,medio_baixo
6,10000.0,640,0.9546875,8,2,1,0,0,1,0,1,1,0,0,0,0,medio_baixo
2,10000.0,3,1.0,1,2,1,0,0,0,1,0,0,0,0,0,0,medio_alto
4,10000.0,133,0.7293233082706767,5,2,1,1,0,1,1,0,0,0,0,1,0,medio_baixo
1,0.0,0,0.0,1,4,1,0,0,0,1,0,0,1,1,0,0,gratuito
2,10000.0,1,1.0,1,2,1,0,0,0,1,0,1,0,0,0,0,medio_baixo
3,10000.0,11,1.0,1,3,1,0,0,0,1,0,1,1,0,0,0,medio_baixo
4,0.0,0,0.0,1,2,1,0,0,0,0,0,0,0,0,0,0,gratuito
2,10000.0,19,0.8421052631578947,1,4,1,0,0,0,1,0,1,1,0,0,0,baixo
2,0.0,0,0.0,1,2,1,0,0,0,0,1,0,0,0,0,0,gratuito
4,0.0,0,0.0,0,0,1,0,0,0,0,0,0,0,0,0,0,gratuito
9,350000.0,2734,0.9034381858083395,103,2,1,0,0,1,1,0,0,1,0,0,0,baixo
4,10000.0,32,0.78125,1,3,1,0,0,0,1,0,0,1,0,1,0,medio_alto
9,35000.0,265,0.7849056603773585,9,2,1,0,0,0,1,0,0,0,0,1,0,medio_baixo
2,10000.0,21,0.8095238095238095,1,1,1,0,0,0,1,0,0,0,0,0,0,alto
2,10000.0,3,1.0,1,4,1,0,0,0,1,1,1,1,0,0,0,alto
20,1500000.0,10764,0.9116499442586399,5,2,1,0,0,0,0,1,0,0,1,0,0,medio_baixo
3,10000.0,23,0.8695652173913043,1,4,1,1,0,0,1,1,1,0,0,0,0,gratuito
12,10000.0,151,0.8410596026490066,4,2,1,1,1,0,1,0,0,0,0,1,0,medio_alto
4,10000.0,108,0.7777777777777778,2,3,1,0,0,4,1,1,1,0,0,0,0,alto
3,10000.0,42,0.8809523809523809,1,3,1,0,1,0,1,1,1,0,0,0,0,baixo
3,10000.0,89,0.8876404494382022,11,4,1,0,0,0,1,1,0,1,0,0,1,medio_alto
7,10000.0,64,0.765625,29,2,1,1,0,0,0,0,0,1,0,1,0,baixo
1,0.0,0,0.0,1,3,1,0,0,0,0,0,0,1,0,0,1,medio_baixo
2,10000.0,2,0.5,3,4,1,0,0,0,1,1,1,1,0,0,0,alto
2,10000.0,0,0.0,1,3,1,0,0,0,1,0,0,1,0,1,0,medio_alto
1,10000.0,0,0.0,1,3,1,0,0,0,1,0,0,1,0,0,1,medio_baixo
3,0.0,0,0.0,0,0,1,0,0,0,0,0,0,0,0,0,0,gratuito
7,35000.0,61,0.3114754098360656,1,3,1,0,0,5,1,0,0,1,0,0,0,gratuito
1,0.0,0,0.0,0,0,1,0,0,0,0,0,0,0,0,0,0,gratuito
10,10000.0,6,0.8333333333333334,1,1,1,0,0,0,0,0,0,0,0,0,0,gratuito
12,150000.0,1601,0.6183635227982511,8,1,1,0,0,0,0,0,1,0,0,0,0,baixo
5,10000.0,20,0.7,1,4,1,1,1,0,1,1,0,0,0,0,1,baixo
9,10000.0,227,0.7665198237885462,2,1,1,1,1,0,0,0,0,0,0,0,1,baixo
1,0.0,0,0.0,2,6,1,0,0,0,1,1,1,1,1,1,0,gratuito
6,10000.0,17,0.5294117647058824,1,1,1,0,0,0,0,0,0,0,0,0,1,medio_baixo
1,10000.0,2,1.0,5,2,1,0,0,0,1,0,0,1,0,0,0,medio_baixo
1,10000.0,0,0.0,2,5,1,0,0,0,1,1,1,0,1,0,0,alto
7,10000.0,37,0.7297297297297297,12,2,1,0,0,2,0,0,0,1,0,0,0,medio_alto
4,150000.0,4489,0.8797059478725774,12,3,1,0,0,2,1,1,0,0,0,1,0,medio_baixo
1,10000.0,0,0.0,1,4,1,1,0,0,0,0,0,0,1,1,1,alto
4,0.0,0,0.0,3,5,1,0,0,0,0,1,1,1,0,0,0,gratuito
2,10000.0,21,0.9523809523809523,1,1,1,0,0,0,1,0,0,0,0,0,0,medio_baixo
2,0.0,0,0.0,0,0,1,0,0,0,0,0,0,0,0,0,0,gratuito
1,10000.0,84,0.9761904761904762,16,3,1,1,0,0,1,0,0,1,0,0,1,baixo
8,10000.0,43,0.7906976744186046,1,3,1,0,0,0,1,0,1,0,1,0,0,baixo
2,350000.0,4036,0.8689296333002974,9,3,1,0,0,2,1,0,0,0,1,0,1,alto
1,0.0,0,0.0,2,4,1,0,0,0,1,1,1,0,0,0,0,gratuito
2,75000.0,9,1.0,1,5,1,0,0,0,1,1,1,1,0,0,1,baixo
5,10000.0,37,0.6756756756756757,26,2,1,0,0,1,1,0,0,1,0,0,0,baixo
11,10000.0,22,0.7272727272727273,1,3,1,0,0,0,1,1,1,0,0,0,0,medio_alto
2,10000.0,0,0.0,1,2,1,1,1,0,1,0,0,1,0,0,0,baixo
9,10000.0,16,0.75,1,3,1,1,1,0,0,1,1,1,0,0,0,baixo
3,10000.0,0,0.0,1,3,1,1,0,0,1,0,1,1,0,0,0,medio_alto
1,0.0,0,0.0,5,2,1,0,0,0,0,0,0,0,1,0,0,gratuito
4,150000.0,3818,0.7771084337349398,14,3,1,0,0,3,1,0,1,0,0,1,0,alto
4,35000.0,28,0.39285714285714285,1,3,1,0,0,0,1,1,1,0,0,0,0,medio_baixo
3,10000.0,0,0.0,2,4,1,0,0,0,1,1,0,0,0,0,0,gratuito
4,35000.0,16,0.875,1,4,1,0,0,0,1,1,1,0,1,0,0,medio_baixo
5,0.0,0,0.0,0,0,1,0,0,0,0,0,0,0,0,0,0,gratuito
2,350000.0,6,0.5,1,1,1,0,0,0,0,1,0,0,0,0,0,alto
6,10000.0,6,0.8333333333333334,1,3,1,0,0,0,1,1,0,0,0,1,0,medio_alto
3,10000.0,36,0.75,1,5,1,0,0,0,1,1,1,0,1,0,1,alto
4,10000.0,4,1.0,11,4,1,0,0,0,1,0,0,1,1,1,0,baixo
1,10000.0,337,0.9821958456973294,1,5,1,0,0,0,1,1,0,0,0,0,1,alto
3,350000.0,1084,0.9206642066420664,1,1,1,0,0,0,1,0,0,0,0,0,0,baixo
1,10000.0,0,0.0,4,3,1,0,0,0,1,0,1,0,0,0,1,medio_alto
3,150000.0,824,0.9029126213592233,1,2,1,0,0,0,0,1,0,0,0,0,1,gratuito
2,10000.0,210,0.719047619047619,17,7,1,0,0,0,1,1,1,0,1,0,1,medio_alto
3,10000.0,6,1.0,1,4,1,0,0,0,1,1,1,0,0,0,1,medio_baixo
1,10000.0,0,0.0,3,1,1,0,0,0,1,0,0,0,0,0,0,medio_baixo
5,35000.0,14,0.6428571428571429,1,1,1,1,1,0,0,0,0,0,1,0,0,medio_alto
4,75000.0,1184,0.7913851351351351,1,1,1,0,0,2,0,0,0,0,0,0,1,baixo
1,0.0,0,0.0,1,2,1,0,0,0,1,0,0,0,0,0,0,gratuito
12,150000.0,975,0.8574358974358974,1,3,1,0,0,0,1,0,1,0,1,0,0,alto
1,10000.0,0,0.0,1,1,1,0,0,0,1,0,0,0,0,0,0,alto
4,10000.0,9,0.7777777777777778,4,2,1,0,0,0,1,0,0,1,0,0,0,baixo
3,10000.0,465,0.7505376344086021,1,7,1,0,0,1,1,1,1,1,1,1,1,baixo
13,350000.0,443,0.45372460496614,2,1,1,0,0,2,0,0,0,0,0,1,0,medio_alto
1,0.0,0,0.0,1,2,1,0,0,0,0,0,0,0,1,0,0,alto
5,10000.0,4,0.5,1,3,1,0,0,0,1,0,0,1,0,0,0,medio_baixo
2,0.0,0,0.0,1,3,1,0,0,0,1,1,1,0,0,0,0,gratuito
2,10000.0,64,0.828125,1,3,1,0,0,0,1,1,0,0,0,0,0,medio_baixo
1,10000.0,0,0.0,1,3,1,0,0,0,1,1,0,1,0,0,0,medio_baixo
5,0.0,0,0.0,0,0,1,0,0,0,0,0,0,0,0,0,0,gratuito
16,150000.0,455,0.8791208791208791,5,2,1,0,0,0,1,0,1,0,0,0,0,medio_baixo
7,10000.0,89,0.7528089887640449,2,1,1,0,0,0,0,0,1,0,0,0,0,alto
3,10000.0,3,1.0,1,2,1,0,0,0,0,1,0,1,0,0,0,baixo
3,10000.0,1,1.0,1,3,1,0,0,0,1,0,1,0,0,1,0,medio_baixo
8,10000.0,11,1.0,1,2,1,0,0,0,0,0,1,1,0,0,0,medio_alto
1,10000.0,0,0.0,8,3,1,0,0,0,1,1,0,0,0,1,0,alto
3,10000.0,3,1.0,2,2,1,0,0,0,1,0,0,0,0,0,1,baixo
6,350000.0,4100,0.9551219512195122,10,6,1,0,0,0,1,1,1,0,1,1,1,gratuito
2,75000.0,11,0.9090909090909091,1,2,1,0,0,0,1,0,1,0,0,0,0,baixo
3,10000.0,54,0.37037037037037035,6,3,1,0,0,0,1,0,0,0,0,0,1,medio_alto
4,35000.0,5,1.0,1,2,1,0,0,0,1,0,0,1,0,0,0,baixo
1,10000.0,0,0.0,0,2,1,0,1,0,1,0,0,1,0,0,0,baixo
2,10000.0,3,1.0,1,1,1,0,0,0,0,0,0,0,0,1,0,medio_baixo
1,0.0,0,0.0,1,3,1,0,0,0,1,0,0,1,0,0,0,gratuito
7,10000.0,40,0.9,1,2,1,0,0,0,1,1,0,0,0,0,0,alto
4,10000.0,94,0.925531914893617,1,3,1,0,0,0,1,1,0,1,0,0,0,gratuito
3,10000.0,0,0.0,3,1,1,0,1,0,0,0,0,0,0,0,1,medio_baixo
3,10000.0,4,1.0,1,1,1,0,0,0,0,0,0,1,0,0,0,baixo
11,35000.0,75,0.4266666666666667,1,4,1,0,0,0,1,0,1,1,0,1,0,medio_alto
2,10000.0,8,0.75,1,1,1,0,0,0,0,0,1,0,0,0,0,gratuito
10,10000.0,35,0.6857142857142857,1,2,1,1,1,0,1,0,0,0,0,0,1,baixo
2,10000.0,4,0.75,1,2,1,0,0,0,1,1,0,0,0,0,0,medio_alto
10,75000.0,181,0.7071823204419889,1,1,1,0,1,1,1,0,0,0,0,0,0,baixo
8,10000.0,11,0.2727272727272727,2,1,1,0,0,0,0,0,0,0,0,0,0,baixo
11,350000.0,1955,0.7069053708439897,8,2,1,0,1,1,1,0,1,0,0,0,0,medio_baixo
2,10000.0,0,0.0,1,2,1,0,0,1,0,1,1,0,0,0,0,medio_alto
7,10000.0,16,0.6875,1,3,1,0,0,0,1,1,0,0,0,0,1,medio_baixo
3,10000.0,11,0.18181818181818182,2,6,1,0,0,0,1,1,1,1,1,0,0,baixo
1,0.0,0,0.0,0,0,1,0,0,0,0,0,0,0,0,0,0,gratuito
3,10000.0,65,0.8461538461538461,1,2,1,0,1,1,1,0,1,0,0,0,0,medio_baixo
2,10000.0,22,0.9090909090909091,6,6,1,0,0,0,1,1,1,1,1,1,0,baixo
1,10000.0,0,0.0,1,3,1,0,0,0,1,1,0,0,0,1,0,medio_alto
5,10000.0,28,0.8928571428571429,1,3,1,0,0,0,0,0,1,0,1,0,0,alto
3,0.0,0,0.0,6,2,1,0,0,0,1,0,0,1,0,0,0,gratuito
6,10000.0,46,0.5652173913043478,1,6,1,0,0,0,1,1,1,0,0,0,0,gratuito
4,10000.0,15,1.0,3,2,1,1,1,0,1,0,0,1,0,0,0,baixo
2,0.0,0,0.0,1,4,1,1,1,0,1,0,0,1,0,0,1,gratuito
1,350000.0,20,1.0,4,3,1,0,0,0,1,1,0,1,0,0,0,medio_baixo
8,10000.0,9,0.2222222222222222,27,3,1,0,0,0,1,1,1,0,0,0,0,baixo
2,10000.0,1,1.0,6,1,1,1,0,0,0,1,0,0,0,0,0,baixo
10,75000.0,916,0.9432314410480349,5,1,1,1,1,1,0,0,1,0,0,0,0,medio_baixo
4,10000.0,0,0.0,2,2,1,0,0,0,1,0,0,1,0,0,0,medio_alto
1,10000.0,0,0.0,1,3,1,0,0,0,1,0,0,0,1,0,1,medio_alto
12,750000.0,3467,0.7715604268820305,1,8,1,0,0,0,1,1,1,1,1,1,0,gratuito
10,10000.0,17,0.8235294117647058,1,4,1,0,0,1,1,1,0,1,0,0,0,gratuito
14,1500000.0,12075,0.8703105590062111,16,2,1,1,1,2,1,0,1,0,0,0,0,baixo
10,10000.0,6,0.8333333333333334,1,4,1,0,0,0,1,1,0,1,0,0,0,medio_alto
3,10000.0,18,0.9444444444444444,3,4,1,0,0,0,1,1,1,0,1,0,0,baixo
5,350000.0,974,0.473305954825462,5,5,1,0,0,0,1,1,0,0,0,1,0,gratuito
4,0.0,0,0.0,1,5,1,0,0,0,0,1,0,1,1,0,0,gratuito
1,10000.0,0,0.0,1,2,1,0,0,0,1,0,1,0,0,0,0,baixo
1,10000.0,7,0.7142857142857143,10,1,1,0,0,0,0,0,0,0,0,0,0,medio_alto
2,10000.0,0,0.0,4,2,1,0,0,0,1,0,0,1,0,0,0,medio_alto
6,10000.0,23,0.8695652173913043,3,2,1,0,0,0,1,1,0,0,0,0,0,medio_alto
1,75000.0,1305,0.6582375478927203,13,3,1,0,0,0,1,1,0,0,1,0,0,alto
1,0.0,0,0.0,2,2,1,0,0,0,0,0,0,1,0,0,1,medio_baixo
4,10000.0,9,0.5555555555555556,1,2,1,0,0,0,0,0,0,1,0,1,0,medio_baixo
1,10000.0,0,0.0,11,4,1,0,0,0,1,0,0,1,0,1,1,medio_alto
2,10000.0,40,1.0,15,3,1,0,0,0,1,1,0,1,0,0,0,medio_baixo
10,350000.0,1889,0.9115934356802541,1,3,1,1,1,0,1,0,1,0,1,0,0,alto
2,10000.0,3,0.6666666666666666,1,1,1,0,0,0,0,0,1,0,0,0,0,baixo
8,10000.0,5,0.6,4,1,1,0,0,0,0,0,0,0,0,0,0,medio_baixo
6,10000.0,134,0.7014925373134329,15,5,1,0,0,0,1,1,1,0,1,0,0,gratuito
2,10000.0,107,0.7476635514018691,2,4,1,0,0,0,1,0,0,1,1,0,1,medio_alto
4,10000.0,33,0.36363636363636365,1,8,1,0,0,0,1,1,1,0,1,0,0,gratuito
3,10000.0,0,0.0,1,2,1,0,0,0,0,0,0,1,0,0,0,gratuito
9,10000.0,10,0.8,1,2,1,0,0,0,0,0,0,0,0,0,0,baixo
6,10000.0,0,0.0,1,3,1,0,0,0,1,0,0,1,0,0,1,baixo
1,0.0,0,0.0,1,3,1,0,0,2,1,0,0,1,0,0,0,gratuito
7,10000.0,0,0.0,1,1,1,0,0,0,0,1,0,0,0,0,0,medio_alto
5,75000.0,3,0.6666666666666666,1,3,1,0,0,0,1,1,0,0,0,0,0,baixo
5,75000.0,80,0.825,1,3,1,0,0,0,1,1,1,0,0,0,0,alto
2,0.0,0,0.0,0,0,1,0,0,0,0,0,0,0,0,0,0,gratuito
2,10000.0,0,0.0,2,4,1,0,0,0,1,0,1,1,0,1,0,baixo
2,10000.0,1,1.0,1,3,1,0,0,0,0,1,1,0,0,0,0,medio_baixo
3,10000.0,4,0.5,1,3,1,0,0,0,1,0,0,0,0,0,1,medio_alto
1,0.0,0,0.0,4,3,1,1,0,0,1,0,0,0,0,1,0,gratuito
2,10000.0,1,1.0,3,3,1,0,0,0,1,0,1,1,0,0,0,medio_alto
5,15000000.0,92333,0.47726165076408217,17,3,1,0,0,0,0,0,0,0,0,0,1,gratuito
10,350000.0,2392,0.9042642140468228,6,3,1,0,0,3,1,1,1,0,0,0,0,alto
1,0.0,0,0.0,0,0,1,0,0,0,0,0,0,0,0,0,0,gratuito
10,35000.0,865,0.8057803468208092,12,4,1,0,0,0,0,1,0,1,0,0,1,alto
1,10000.0,1,0.0,7,3,1,0,0,0,0,1,0,0,1,0,0,medio_alto
8,1500000.0,9868,0.3732265910012161,3,5,1,0,0,0,0,1,1,0,1,0,0,gratuito
5,35000.0,32,0.90625,1,3,1,1,1,0,1,1,1,0,0,0,0,baixo
10,75000.0,2658,0.7942061700526711,11,2,1,0,0,1,1,0,1,0,0,0,0,medio_alto
6,10000.0,70,0.8142857142857143,12,3,1,0,0,0,1,1,1,0,0,0,0,alto
11,10000.0,11,1.0,1,2,1,0,0,0,1,1,0,0,0,0,0,medio_alto
2,0.0,0,0.0,1,3,1,0,0,0,1,0,1,0,0,0,0,gratuito
4,75000.0,99,0.898989898989899,11,1,1,1,1,0,0,1,0,0,0,0,0,medio_baixo
9,10000.0,3,0.6666666666666666,1,2,1,0,0,0,0,0,0,1,0,0,0,alto
6,10000.0,11,0.7272727272727273,2,3,1,0,0,0,1,0,0,0,0,1,1,medio_alto
10,10000.0,20,0.85,1,3,1,0,0,0,0,1,1,0,0,0,1,alto
3,0.0,0,0.0,1,2,1,0,0,0,1,0,1,0,0,0,0,gratuito
7,10000.0,26,0.8076923076923077,1,2,1,0,0,0,1,0,0,0,0,0,0,gratuito
3,10000.0,5,0.2,8,1,1,0,0,0,0,1,0,0,0,0,0,medio_alto
10,10000.0,35,0.7142857142857143,1,2,1,1,1,0,1,1,0,0,0,0,0,medio_baixo
4,10000.0,0,0.0,7,4,1,0,0,0,1,0,0,1,0,1,1,alto
2,10000.0,14,1.0,1,3,1,1,0,0,1,1,1,0,0,0,0,medio_baixo
2,10000.0,10,1.0,2,4,1,0,0,0,1,1,1,0,1,0,0,medio_baixo
5,10000.0,0,0.0,1,2,1,0,0,0,1,0,0,1,0,0,0,baixo
4,75000.0,1140,0.8929824561403509,1,4,1,0,0,1,1,0,0,1,0,0,1,alto
2,10000.0,21,0.8571428571428571,4,3,1,0,0,0,1,0,0,1,0,1,0,medio_baixo
1,10000.0,0,0.0,1,3,1,1,1,0,0,0,1,1,0,0,1,alto
1,150000.0,2522,0.9750198255352894,5,1,1,1,1,1,0,0,1,0,0,0,0,alto
3,10000.0,2,1.0,1,2,1,0,0,0,0,1,1,0,0,0,0,alto
6,10000.0,48,0.5625,1,7,1,0,0,0,1,1,1,0,1,1,1,alto
5,35000.0,18,0.6666666666666666,2,3,1,0,0,0,1,1,0,0,0,0,0,medio_baixo
3,10000.0,43,0.9302325581395349,1,5,1,0,0,0,1,1,1,1,0,0,1,medio_baixo
1,0.0,0,0.0,0,0,1,0,0,0,0,0,0,0,0,0,0,gratuito
10,10000.0,60,0.7333333333333333,2,2,1,0,0,0,0,0,1,0,0,0,1,alto
12,150000.0,497,0.7464788732394366,1,3,1,1,1,2,1,0,0,0,0,1,1,medio_alto
3,0.0,0,0.0,103,2,1,0,0,0,0,1,0,1,0,0,0,baixo
2,10000.0,1,1.0,17,3,1,0,0,0,1,0,0,1,0,0,1,medio_baixo
4,0.0,0,0.0,0,0,1,0,0,0,0,0,0,0,0,0,0,alto
4,10000.0,3,1.0,1,2,1,0,0,0,0,1,1,0,0,0,0,medio_baixo
1,10000.0,0,0.0,11,2,1,0,0,0,1,0,0,0,0,1,0,alto
1,10000.0,1,1.0,1,3,1,0,0,0,1,0,1,0,0,1,0,baixo
6,10000.0,2,1.0,3,2,1,0,0,0,1,0,0,1,0,0,0,baixo
10,10000.0,2,0.0,1,3,1,1,0,0,0,1,0,1,0,1,0,medio_baixo
4,10000.0,19,0.631578947368421,1,4,1,0,0,0,1,1,0,1,1,0,0,baixo
8,35000.0,23,0.6086956521739131,1,4,1,0,0,0,1,1,0,0,0,0,0,gratuito
6,35000.0,940,0.8372340425531914,6,5,1,0,0,0,1,1,0,0,0,1,0,gratuito
9,10000.0,22,0.8181818181818182,1,3,1,0,0,0,1,0,1,0,1,0,0,medio_alto
2,10000.0,0,0.0,2,3,1,1,0,0,1,1,0,0,1,0,0,medio_alto
2,10000.0,16,0.8125,1,5,1,0,0,0,1,0,1,1,0,0,1,alto
5,10000.0,0,0.0,4,2,1,0,0,0,1,1,0,0,0,0,0,alto
4,10000.0,0,0.0,2,2,1,0,0,0,1,0,0,1,0,0,0,baixo
10,10000.0,36,0.75,10,5,1,0,0,0,0,0,0,0,0,0,0,gratuito
11,75000.0,295,0.6576271186440678,1,3,1,1,1,0,1,1,0,0,0,1,0,medio_baixo
2,0.0,0,0.0,2,2,1,1,0,0,0,0,0,0,0,1,0,gratuito
7,10000.0,3,0.0,1,5,1,1,0,0,0,0,0,0,0,0,0,medio_baixo
3,10000.0,0,0.0,3,4,1,0,0,0,1,0,0,1,0,0,1,medio_alto
1,0.0,0,0.0,1,2,1,0,0,0,0,1,0,0,0,0,0,gratuito
1,0.0,0,0.0,1,3,1,0,0,0,0,0,0,1,0,0,0,gratuito
8,1500000.0,4713,0.7511139401654997,12,3,1,1,1,0,0,1,0,0,0,0,0,gratuito
3,0.0,0,0.0,103,1,1,0,0,1,0,0,0,1,0,0,0,baixo
9,10000.0,5,0.4,1,1,1,0,0,0,0,0,0,0,0,0,0,alto
4,10000.0,0,0.0,1,1,1,0,0,0,0,0,0,1,0,0,0,baixo
7,10000.0,34,0.5294117647058824,13,1,1,0,0,0,0,0,1,0,0,0,0,baixo
8,35000.0,128,0.6953125,4,2,1,0,0,0,1,1,0,0,0,0,0,medio_baixo
2,10000.0,0,0.0,1,2,1,0,0,0,0,0,1,0,0,0,0,baixo
6,10000.0,13,0.6923076923076923,7,3,1,0,0,0,1,0,0,0,0,0,1,alto
2,0.0,0,0.0,0,0,1,0,0,0,0,0,0,0,0,0,0,gratuito
8,10000.0,1,1.0,1,5,1,0,0,0,1,1,1,0,1,0,0,alto
1,0.0,0,0.0,1,2,1,0,0,0,0,1,0,0,0,0,0,gratuito
4,10000.0,10,0.6,1,1,1,0,0,0,0,0,0,0,1,0,0,medio_alto
2,10000.0,41,0.7804878048780488,2,1,1,0,0,0,0,1,0,0,0,0,0,alto
2,10000.0,20,0.7,1,5,1,0,0,0,0,0,1,1,0,1,1,medio_baixo
6,10000.0,102,0.9313725490196079,3,4,1,0,0,0,1,0,0,1,0,0,1,baixo
1,10000.0,0,0.0,9,4,1,0,0,0,1,0,0,1,0,0,1,alto
4,35000.0,9,0.7777777777777778,9,3,1,0,0,0,1,1,0,0,1,0,0,medio_baixo
5,35000.0,108,0.7407407407407407,7,3,1,0,0,0,1,1,1,0,0,0,0,baixo
7,10000.0,85,0.9176470588235294,1,3,1,1,1,0,1,0,1,0,1,0,0,medio_alto
1,0.0,0,0.0,23,4,1,0,0,0,1,0,1,1,0,0,0,gratuito
2,10000.0,0,0.0,1,2,1,0,1,0,1,0,0,1,0,0,0,alto
4,10000.0,3,0.6666666666666666,3,3,1,0,0,0,1,1,1,0,0,0,0,baixo
1,0.0,0,0.0,1,2,1,0,0,0,1,0,0,1,0,0,0,medio_alto
4,10000.0,12,0.5,1,2,1,0,0,2,1,1,0,0,0,0,0,medio_alto
8,75000.0,90,0.32222222222222224,5,1,1,0,0,0,0,0,0,0,0,1,0,baixo
3,35000.0,221,0.4796380090497738,13,4,1,0,0,1,1,1,1,0,1,0,0,medio_baixo
11,10000.0,86,0.6395348837209303,1,1,1,0,0,0,0,1,0,0,0,0,0,medio_baixo
5,10000.0,49,0.7346938775510204,1,2,1,0,0,0,0,0,0,0,0,1,0,alto
2,10000.0,0,0.0,1,2,1,0,0,0,0,0,0,0,0,0,0,baixo
5,10000.0,23,0.6956521739130435,1,3,1,0,0,0,1,0,0,0,0,0,1,baixo
2,10000.0,36,0.9166666666666666,1,4,1,0,0,0,1,1,1,0,1,0,0,medio_alto
9,10000.0,4,1.0,1,5,1,0,0,0,1,1,1,1,0,1,0,alto
5,10000.0,43,0.6976744186046512,2,2,1,0,0,0,1,0,0,0,0,1,0,medio_baixo
4,10000.0,0,0.0,1,2,1,0,0,0,1,0,0,1,0,0,0,baixo
2,10000.0,0,0.0,1,1,1,0,0,0,0,0,0,0,0,1,0,medio_baixo
1,0.0,0,0.0,0,0,1,0,0,0,0,0,0,0,0,0,0,gratuito
2,35000.0,256,0.7421875,5,2,1,1,0,1,1,0,1,0,0,0,0,medio_baixo
1,10000.0,0,0.0,8,3,1,0,0,0,1,1,0,0,0,0,0,alto
2,0.0,0,0.0,0,0,1,0,0,0,0,0,0,0,0,0,0,gratuito
11,150000.0,3111,0.6997749919639987,9,1,1,0,0,0,0,0,1,0,0,0,0,medio_baixo
3,10000.0,54,0.9629629629629629,1,3,1,1,0,0,0,1,1,0,0,0,1,baixo
8,10000.0,23,0.9130434782608695,2,3,1,0,0,0,1,1,0,0,0,0,0,medio_alto
11,10000.0,9,0.6666666666666666,1,3,1,0,0,0,1,0,1,0,0,0,0,alto
1,10000.0,8,1.0,29,1,1,0,0,0,0,1,0,0,0,0,0,medio_baixo
2,10000.0,3,0.6666666666666666,1,3,1,0,0,0,1,0,0,1,0,1,0,baixo
12,75000.0,328,0.6890243902439024,2,2,1,0,0,2,0,0,0,0,0,0,0,alto
7,10000.0,7,0.8571428571428571,1,3,1,0,0,0,1,0,1,1,0,0,0,medio_baixo
2,10000.0,23,1.0,10,3,1,1,0,1,1,0,0,0,0,0,1,alto
1,10000.0,0,0.0,13,1,1,0,0,0,0,0,0,1,0,0,0,medio_baixo
2,75000.0,1728,0.6869212962962963,13,4,1,0,0,0,1,1,1,0,1,0,0,alto
1,0.0,0,0.0,2,5,1,0,0,0,1,0,1,0,1,0,1,gratuito
6,10000.0,375,0.6853333333333333,4,3,1,0,0,1,1,1,1,0,0,0,0,baixo
4,75000.0,216,0.6435185185185185,11,4,1,1,1,0,0,1,0,0,0,0,1,gratuito
3,35000.0,935,0.7647058823529411,6,3,1,0,0,0,0,1,1,0,0,0,1,alto
8,10000.0,51,0.803921568627451,1,2,1,1,0,1,1,1,0,0,0,0,0,baixo
1,10000.0,0,0.0,9,2,1,1,0,2,1,0,0,1,0,0,0,alto
1,10000.0,0,0.0,1,2,1,1,1,0,1,0,0,1,0,0,0,alto
1,10000.0,6,0.8333333333333334,1,4,1,0,0,0,1,1,0,1,0,1,0,alto
4,10000.0,10,1.0,2,4,1,0,0,0,1,0,1,1,0,0,1,medio_alto
3,0.0,0,0.0,0,0,1,0,0,0,0,0,0,0,0,0,0,gratuito
1,0.0,0,0.0,1,5,1,0,0,0,1,1,1,1,0,0,0,gratuito
8,10000.0,2,0.5,1,2,1,0,0,0,1,1,0,0,0,0,0,medio_baixo
4,10000.0,4,0.25,2,2,1,0,0,0,0,1,1,0,0,0,0,medio_baixo
1,0.0,0,0.0,2,2,1,0,1,0,1,0,1,0,0,0,0,medio_alto
6,10000.0,6,0.5,1,3,1,0,0,0,0,0,0,1,0,1,0,medio_baixo
1,0.0,0,0.0,34,3,1,0,0,0,1,0,0,0,0,0,0,gratuito
1,10000.0,0,0.0,1,4,1,0,0,0,1,1,1,0,0,0,0,medio_baixo
2,10000.0,5,0.8,1,2,1,1,0,0,1,0,0,0,0,0,1,medio_baixo
6,10000.0,5,1.0,8,2,1,0,0,0,1,1,0,0,0,0,0,medio_alto
11,35000.0,190,0.8157894736842105,1,4,1,0,0,0,1,0,1,1,1,0,0,alto
2,0.0,0,0.0,0,0,1,0,0,0,0,0,0,0,0,0,0,gratuito
8,10000.0,29,0.7931034482758621,1,3,1,1,1,1,1,0,0,0,0,1,1,medio_alto
2,10000.0,13,0.9230769230769231,1,1,1,0,0,0,0,0,1,0,0,0,0,baixo
2,35000.0,28,1.0,8,4,1,0,0,0,1,1,1,0,0,0,0,medio_alto
5,0.0,0,0.0,0,0,1,0,0,0,0,0,0,0,0,0,0,gratuito
5,0.0,0,0.0,2,2,1,0,0,0,1,0,1,0,0,0,0,gratuito
2,350000.0,2915,0.7746140651801029,13,2,1,0,0,1,0,1,0,0,0,0,0,medio_alto
5,150000.0,2292,0.825043630017452,6,2,1,0,0,0,0,1,1,0,0,0,0,alto
9,10000.0,7,0.5714285714285714,1,3,1,0,0,0,1,0,0,1,0,0,1,alto
12,35000.0,54,0.5,1,1,1,0,0,0,0,0,1,0,0,0,0,baixo
6,10000.0,0,0.0,1,3,1,0,0,0,1,0,0,1,1,0,0,medio_alto
4,10000.0,0,0.0,1,3,1,0,1,0,1,0,0,1,0,0,1,medio_baixo
6,10000.0,18,0.8888888888888888,5,3,1,0,0,0,1,0,1,0,1,0,0,alto
5,10000.0,1,1.0,1,6,1,0,0,0,1,1,0,0,0,0,1,alto
6,10000.0,1,1.0,1,3,1,1,0,0,1,1,1,0,0,0,0,medio_baixo
2,10000.0,28,0.6428571428571429,2,4,1,0,0,1,1,0,1,1,0,1,0,medio_alto
4,10000.0,1,0.0,10,2,1,0,0,0,1,1,0,0,0,0,0,medio_baixo
6,10000.0,22,0.9090909090909091,1,3,1,0,0,0,1,0,0,0,1,0,0,gratuito
6,75000.0,494,0.7874493927125507,1,1,1,0,0,0,0,0,0,0,0,0,0,alto
8,10000.0,84,0.5476190476190477,3,5,1,0,0,0,1,0,1,1,1,1,0,baixo
1,0.0,0,0.0,1,3,1,0,0,0,1,0,0,1,0,0,0,baixo
1,10000.0,2,1.0,3,2,1,0,0,0,1,0,0,1,0,0,0,medio_baixo
7,10000.0,0,0.0,1,3,1,0,0,0,1,0,0,1,0,0,1,medio_baixo
5,0.0,0,0.0,2,3,1,1,1,0,1,0,1,1,0,0,0,gratuito
3,0.0,0,0.0,0,0,1,0,0,0,0,0,0,0,0,0,0,gratuito
3,10000.0,0,0.0,13,2,1,0,0,0,1,0,0,0,0,0,1,medio_alto
2,10000.0,0,0.0,1,2,1,0,0,0,0,0,0,0,1,0,0,gratuito
6,10000.0,17,0.8235294117647058,1,1,1,1,1,4,0,0,0,0,1,0,0,alto
12,750000.0,138,0.4855072463768116,1,4,1,0,0,1,1,0,1,0,1,0,1,baixo
2,10000.0,3,1.0,15,2,1,0,0,0,1,0,0,0,0,1,0,baixo
6,0.0,0,0.0,0,0,1,0,0,0,0,0,0,0,0,0,0,gratuito
5,10000.0,56,0.5535714285714286,8,4,1,0,0,0,1,1,0,1,0,1,0,medio_baixo
2,0.0,0,0.0,1,4,1,0,0,2,1,1,1,0,0,0,0,gratuito
3,10000.0,6,0.8333333333333334,1,1,1,0,0,0,1,0,0,0,0,0,0,baixo
4,10000.0,0,0.0,6,2,1,0,0,0,1,0,1,0,0,0,0,baixo
1,0.0,0,0.0,0,0,1,0,0,0,0,0,0,0,0,0,0,gratuito
3,35000.0,50,0.86,26,5,1,0,0,0,1,1,0,1,0,0,1,medio_baixo
1,10000.0,0,0.0,7,2,1,0,0,0,1,0,0,1,0,0,0,medio_alto
3,0.0,0,0.0,13,3,1,0,0,0,0,0,0,0,1,0,0,gratuito
18,3500000.0,23603,0.9000550777443546,15,1,1,0,0,0,0,0,0,0,0,0,0,gratuito
4,0.0,0,0.0,1,3,1,0,0,0,0,0,0,0,0,0,1,gratuito
1,0.0,0,0.0,2,1,1,0,0,0,0,0,1,0,0,0,0,medio_alto
2,0.0,0,0.0,103,2,1,0,0,0,0,1,0,1,0,0,0,baixo
5,10000.0,4,1.0,1,7,1,1,1,0,1,1,1,1,1,1,1,baixo
1,10000.0,6,1.0,2,2,1,0,0,0,0,0,0,1,1,0,0,medio_alto
10,10000.0,25,0.88,1,3,1,1,0,0,0,0,0,0,0,0,0,alto
1,0.0,0,0.0,1,6,1,0,0,0,1,1,1,1,0,1,0,gratuito
1,10000.0,0,0.0,1,4,1,0,0,0,1,0,0,1,1,0,0,alto
3,0.0,0,0.0,103,4,1,0,0,0,1,0,0,1,0,0,1,medio_alto
10,10000.0,10,0.8,2,1,1,0,0,0,0,0,0,1,0,0,0,alto
3,0.0,0,0.0,0,0,1,0,0,0,0,0,0,0,0,0,0,gratuito
4,10000.0,2,0.5,103,5,1,0,0,0,1,0,1,1,0,1,1,baixo
11,35000.0,88,0.42045454545454547,1,2,1,0,0,0,1,0,0,1,0,0,0,medio_alto
1,10000.0,0,0.0,1,3,1,0,0,0,0,0,1,1,0,0,0,alto
3,0.0,0,0.0,1,1,1,0,0,0,0,0,0,0,1,0,0,gratuito
1,0.0,0,0.0,0,0,1,0,0,0,0,0,0,0,0,0,0,gratuito
4,10000.0,5,0.8,2,1,1,0,0,0,0,0,0,1,0,0,0,medio_alto
4,35000.0,97,0.9278350515463918,1,1,1,0,0,0,0,0,0,1,0,0,0,medio_alto
5,10000.0,12,0.6666666666666666,1,3,1,0,0,0,1,0,0,1,0,0,1,baixo
6,10000.0,13,0.9230769230769231,2,2,1,0,0,0,1,1,0,0,0,0,0,baixo
2,10000.0,1,1.0,1,2,1,0,0,0,1,0,1,0,0,0,0,medio_alto
3,10000.0,20,1.0,1,2,1,1,1,0,1,1,0,0,0,0,0,medio_baixo
1,0.0,0,0.0,4,2,1,0,0,0,1,1,0,0,0,0,0,alto
3,75000.0,769,0.741222366710013,18,3,1,0,0,0,1,0,0,0,0,1,1,medio_baixo
8,35000.0,231,0.7748917748917749,1,3,1,0,0,0,1,1,0,1,0,0,0,baixo
2,0.0,0,0.0,1,5,1,0,0,0,1,0,0,1,0,1,0,gratuito
5,35000.0,2,0.5,1,1,1,1,0,0,0,1,0,0,0,0,0,medio_alto
10,10000.0,18,0.6666666666666666,1,4,1,0,0,0,1,1,0,0,0,0,0,medio_alto
1,0.0,0,0.0,0,0,1,0,0,0,0,0,0,0,0,0,0,gratuito
2,10000.0,12,1.0,1,2,1,0,0,0,1,0,1,0,0,0,0,medio_baixo
5,10000.0,0,0.0,1,3,1,1,0,0,1,0,0,1,0,0,1,baixo
7,10000.0,90,0.9111111111111111,29,3,1,0,0,0,1,0,0,1,0,1,0,baixo
5,10000.0,14,0.8571428571428571,2,3,1,0,0,0,1,1,0,1,0,0,0,medio_baixo
7,10000.0,71,0.7605633802816901,1,4,1,0,0,1,1,0,1,0,1,0,0,medio_alto
9,10000.0,12,0.5,1,3,1,0,0,0,1,1,0,1,0,0,0,medio_baixo
10,35000.0,293,0.7610921501706485,3,1,1,0,0,1,0,0,1,0,0,0,0,medio_alto
7,35000.0,76,0.9210526315789473,2,1,1,1,0,1,0,0,0,0,0,1,0,medio_alto
8,75000.0,4,0.5,1,2,1,0,1,4,1,0,1,0,0,0,0,medio_alto
9,10000.0,13,0.46153846153846156,1,4,1,0,0,0,1,0,0,1,0,0,0,gratuito
10,10000.0,110,0.8363636363636363,1,3,1,1,1,0,1,1,1,0,0,0,0,medio_baixo
7,10000.0,12,0.8333333333333334,1,1,1,0,0,0,0,0,0,1,0,0,0,gratuito
4,0.0,0,0.0,0,0,1,0,0,0,0,0,0,0,0,0,0,gratuito
2,10000.0,0,0.0,1,2,1,0,0,0,1,0,0,1,0,0,0,medio_baixo
3,10000.0,0,0.0,1,4,1,1,1,0,1,0,1,1,0,0,1,medio_baixo
1,10000.0,0,0.0,1,3,1,0,0,1,1,0,0,1,0,0,1,medio_baixo
3,0.0,0,0.0,11,2,1,0,0,0,1,0,1,0,0,0,0,medio_alto
5,10000.0,1,1.0,1,4,1,0,0,0,1,0,0,1,0,1,1,medio_baixo
2,10000.0,0,0.0,1,2,1,1,1,0,1,0,1,0,0,0,0,alto
5,0.0,0,0.0,3,5,1,0,0,1,1,0,1,1,0,0,0,gratuito
2,0.0,0,0.0,3,4,1,0,0,0,1,0,1,1,0,0,0,gratuito
9,10000.0,7,1.0,1,2,1,1,0,0,1,1,0,0,0,0,0,medio_alto
1,10000.0,0,0.0,2,2,1,0,0,0,1,0,0,0,0,1,0,medio_baixo
10,10000.0,32,0.875,3,3,1,1,0,0,1,1,0,1,0,0,0,medio_alto
7,10000.0,110,0.7727272727272727,15,4,1,0,0,0,0,0,1,0,1,1,0,medio_alto
1,10000.0,4,1.0,1,2,1,0,0,0,0,0,1,1,0,0,0,alto
1,0.0,0,0.0,1,4,1,0,0,0,0,1,1,1,0,0,0,gratuito
1,0.0,0,0.0,8,4,1,0,0,0,1,1,0,1,0,0,0,gratuito
4,10000.0,4,0.75,1,4,1,0,0,0,1,0,1,1,1,0,0,baixo
1,0.0,0,0.0,1,3,1,0,0,0,1,1,1,0,0,0,0,medio_baixo
11,35000.0,753,0.6613545816733067,11,3,1,1,0,0,1,1,1,0,0,0,0,medio_baixo
2,0.0,0,0.0,0,0,1,0,0,0,0,0,0,0,0,0,0,gratuito
5,3500000.0,80870,0.8601335476690986,26,1,1,0,0,6,0,0,0,0,0,1,0,alto
1,0.0,0,0.0,4,3,1,1,1,0,1,0,1,0,0,0,0,gratuito
8,10000.0,1,1.0,1,3,1,0,0,0,1,0,1,1,0,0,0,baixo
3,35000.0,302,0.7483443708609272,13,5,1,0,0,0,1,1,1,1,0,0,1,medio_baixo
3,10000.0,38,1.0,1,2,1,0,0,0,1,0,0,1,0,0,0,baixo
2,0.0,0,0.0,0,0,1,0,0,0,0,0,0,0,0,0,0,gratuito
11,350000.0,5633,0.8155512160482868,1,4,1,1,1,0,1,0,1,0,1,0,0,gratuito
5,10000.0,179,0.9720670391061452,17,3,1,1,0,0,1,0,0,1,0,1,0,medio_baixo
1,35000.0,312,0.7564102564102564,1,4,1,0,0,0,1,0,0,0,1,0,1,alto
3,10000.0,10,1.0,8,3,1,0,0,0,1,1,0,1,0,0,0,alto
2,10000.0,0,0.0,1,4,1,1,1,0,1,0,0,1,1,0,0,alto
1,10000.0,14,0.7142857142857143,5,1,1,0,0,0,0,0,1,0,0,0,0,baixo
4,10000.0,18,0.8888888888888888,2,3,1,1,1,1,1,0,0,1,0,0,1,baixo
4,0.0,0,0.0,0,0,1,0,0,0,0,0,0,0,0,0,0,gratuito
7,10000.0,17,0.5882352941176471,2,4,1,0,0,0,1,1,0,0,1,1,0,baixo
8,10000.0,14,0.5,1,3,1,0,0,0,1,0,0,0,0,0,1,baixo
2,10000.0,28,0.8928571428571429,12,2,1,0,0,0,1,1,0,0,0,0,0,medio_alto
1,0.0,0,0.0,103,2,1,0,0,0,0,0,0,1,0,0,1,baixo
4,150000.0,2817,0.8750443734469293,1,3,1,0,0,0,1,0,1,0,1,0,0,medio_alto
11,35000.0,112,0.33035714285714285,1,2,1,0,0,0,0,0,1,1,0,0,0,alto
2,750000.0,6128,0.8629242819843342,11,3,1,0,0,1,0,1,1,0,1,0,0,alto
1,0.0,0,0.0,0,0,1,0,0,0,0,0,0,0,0,0,0,gratuito
4,10000.0,4,0.25,4,2,1,0,0,0,1,0,0,1,0,0,0,alto
2,10000.0,0,0.0,2,2,1,1,1,12,0,0,0,1,0,0,0,gratuito
2,10000.0,34,0.7647058823529411,7,2,1,0,0,0,1,0,1,0,0,0,0,baixo
1,0.0,0,0.0,0,0,1,0,0,0,0,0,0,0,0,0,0,gratuito
2,35000.0,580,0.6103448275862069,5,1,1,0,0,0,0,1,0,0,0,0,0,alto
4,10000.0,22,0.45454545454545453,4,4,1,0,0,0,1,1,1,0,1,0,0,baixo
5,0.0,0,0.0,12,2,1,0,0,0,0,0,0,1,0,0,1,gratuito
5,0.0,0,0.0,0,0,1,0,0,0,0,0,0,0,0,0,0,gratuito
1,10000.0,0,0.0,1,4,1,0,0,1,1,1,0,0,1,0,0,alto
7,10000.0,8,0.875,1,1,1,0,0,0,0,0,0,0,0,0,1,medio_alto
3,10000.0,0,0.0,2,2,1,0,0,0,1,0,1,0,0,0,0,medio_alto
2,0.0,0,0.0,1,2,1,0,0,0,0,0,0,0,0,0,0,gratuito
6,10000.0,42,0.8095238095238095,1,2,1,0,0,0,1,1,0,0,0,0,0,baixo
1,35000.0,1,1.0,1,5,1,0,0,0,1,1,1,1,0,0,0,baixo
5,10000.0,0,0.0,1,5,1,0,0,0,1,0,1,1,1,0,1,baixo
1,0.0,0,0.0,1,4,1,0,0,0,1,0,0,1,0,0,1,gratuito
6,10000.0,3,0.0,1,5,1,0,0,0,1,1,0,1,0,0,1,baixo
1,0.0,0,0.0,1,2,1,0,0,0,1,0,0,1,0,0,0,baixo
7,35000.0,66,0.7272727272727273,1,7,1,0,1,0,1,1,1,1,1,0,0,gratuito
2,10000.0,0,0.0,1,2,1,1,1,0,1,0,0,1,0,0,0,baixo
4,10000.0,16,0.9375,2,3,1,0,0,0,1,0,1,0,0,0,0,alto
1,10000.0,0,0.0,1,2,1,0,0,1,1,0,0,1,0,0,0,medio_baixo
4,35000.0,19,0.7368421052631579,1,1,1,0,0,0,0,0,0,0,1,0,0,baixo
7,10000.0,58,0.6206896551724138,1,3,1,0,0,0,1,0,0,0,0,1,1,alto
1,0.0,0,0.0,1,4,1,0,0,0,1,1,0,0,1,0,0,alto
9,10000.0,1,0.0,1,1,1,0,0,0,0,1,0,0,0,0,0,alto
8,10000.0,14,0.5714285714285714,2,3,1,0,0,0,1,1,1,0,0,0,0,gratuito
1,10000.0,105,0.8285714285714286,9,4,1,1,0,0,1,0,0,0,0,0,1,medio_baixo
1,10000.0,0,0.0,1,1,1,0,0,3,0,0,0,0,1,0,0,alto
9,10000.0,27,0.5185185185185185,2,2,1,0,1,1,1,0,0,0,0,1,0,alto
5,10000.0,25,0.84,1,4,1,1,0,0,1,0,1,1,0,0,0,alto
9,10000.0,2,0.5,1,2,1,0,0,0,1,1,0,0,0,0,0,medio_alto
11,10000.0,80,0.45,1,3,1,1,1,0,1,0,0,0,1,1,0,medio_alto
1,0.0,0,0.0,1,3,1,0,0,0,1,0,1,1,0,0,0,alto
5,350000.0,3226,0.6962182269063856,11,2,1,0,0,9,0,0,0,0,1,1,0,alto
6,10000.0,66,0.7121212121212122,1,2,1,1,1,4,0,0,0,0,0,1,1,alto
1,10000.0,0,0.0,1,3,1,0,0,0,1,0,1,1,0,0,0,medio_alto
6,10000.0,5,1.0,1,4,1,1,0,1,1,0,1,0,0,0,1,medio_alto
8,10000.0,6,0.0,2,2,1,0,0,0,1,1,0,0,0,0,0,medio_alto
10,10000.0,77,0.6493506493506493,1,4,1,0,0,0,1,1,1,0,0,0,1,baixo
2,10000.0,10,0.7,3,2,1,0,0,0,1,0,1,0,0,0,0,medio_alto
8,10000.0,92,0.7934782608695652,4,2,1,1,0,1,1,0,1,0,0,0,0,medio_alto
10,10000.0,68,0.6029411764705882,1,1,1,0,0,0,0,0,0,0,1,0,0,gratuito
4,10000.0,0,0.0,103,5,1,0,0,0,1,0,1,1,1,0,1,baixo
6,10000.0,7,0.8571428571428571,2,2,1,0,0,0,1,0,1,0,0,0,0,medio_baixo
4,0.0,0,0.0,0,0,1,0,0,0,0,0,0,0,0,0,0,gratuito
6,35000.0,691,0.91027496382055,4,2,1,0,0,0,1,0,1,0,0,0,0,medio_alto
8,35000.0,481,0.5613305613305614,2,3,1,0,0,2,1,0,1,1,0,0,0,baixo
5,10000.0,2,1.0,1,3,1,0,0,0,1,1,0,1,0,0,0,medio_alto
5,10000.0,0,0.0,1,2,1,0,0,1,1,1,0,0,0,0,0,medio_baixo
7,35000.0,17,0.4117647058823529,1,5,1,0,0,0,1,1,1,1,1,0,0,baixo
1,10000.0,0,0.0,1,2,1,0,0,0,1,0,1,0,0,0,0,baixo
4,75000.0,1,1.0,1,4,1,0,0,0,1,0,0,1,1,1,0,medio_baixo
5,10000.0,29,0.9310344827586207,9,3,1,0,0,0,1,1,1,0,0,0,0,medio_baixo
1,0.0,0,0.0,0,0,1,0,0,0,0,0,0,0,0,0,0,gratuito
2,10000.0,5,0.4,1,2,1,0,0,0,1,1,0,0,0,0,0,alto
1,0.0,0,0.0,0,0,1,0,0,0,0,0,0,0,0,0,0,gratuito
1,10000.0,0,0.0,31,2,1,0,0,0,1,0,0,1,0,0,0,baixo
7,10000.0,26,0.46153846153846156,2,5,1,0,0,0,1,0,1,0,1,0,1,alto
1,0.0,0,0.0,1,4,1,0,1,0,1,0,0,0,1,1,1,alto
10,75000.0,218,0.7752293577981652,1,2,1,0,0,0,1,0,0,1,0,0,0,baixo
8,10000.0,21,0.9047619047619048,1,2,1,0,0,0,0,0,1,1,0,0,0,medio_alto
7,350000.0,8040,0.6308457711442786,7,3,1,0,0,3,0,0,1,1,0,0,0,gratuito
2,10000.0,1,1.0,1,2,1,0,0,0,0,1,0,0,0,1,0,medio_baixo
2,75000.0,1545,0.8550161812297734,7,5,1,0,0,3,1,0,1,1,1,0,1,alto
1,0.0,0,0.0,0,0,1,0,0,0,0,0,0,0,0,0,0,gratuito
12,10000.0,59,0.864406779661017,6,3,1,0,0,0,0,0,0,1,0,1,1,medio_baixo
5,0.0,0,0.0,0,0,1,0,0,0,0,0,0,0,0,0,0,gratuito
4,10000.0,10,1.0,8,3,1,1,1,1,1,1,1,0,0,0,0,alto
8,10000.0,55,0.8181818181818182,2,2,1,1,1,0,1,0,1,0,0,0,0,alto
3,10000.0,19,0.8947368421052632,2,5,1,1,0,0,1,0,1,0,1,0,1,medio_baixo
3,10000.0,0,0.0,6,4,1,0,0,0,0,0,1,1,1,0,1,medio_baixo
8,150000.0,281,0.7686832740213523,2,1,1,0,0,0,0,0,0,0,0,0,0,gratuito
8,75000.0,127,0.8582677165354331,1,2,1,1,1,0,1,0,0,0,0,1,0,medio_baixo
2,0.0,0,0.0,0,0,1,0,0,0,0,0,0,0,0,0,0,gratuito
2,10000.0,0,0.0,1,2,1,0,0,0,1,0,0,1,0,0,0,baixo
4,10000.0,56,0.6964285714285714,4,1,1,0,0,0,0,0,1,0,0,0,0,alto
3,10000.0,2,1.0,6,3,1,0,0,0,0,1,0,0,0,0,0,baixo
4,10000.0,139,0.8057553956834532,1,4,1,0,0,0,1,0,0,1,0,1,0,gratuito
2,0.0,0,0.0,0,0,1,0,0,0,0,0,0,0,0,0,0,gratuito
1,10000.0,2,1.0,1,2,1,0,0,0,0,1,0,0,0,1,0,medio_baixo
6,10000.0,9,0.6666666666666666,4,1,1,0,0,0,0,0,0,1,0,0,0,medio_alto
10,10000.0,9,0.4444444444444444,1,4,1,0,0,1,1,1,1,1,0,0,0,baixo
2,10000.0,7,0.7142857142857143,5,4,1,0,0,0,1,1,1,0,0,0,0,medio_alto
2,0.0,0,0.0,1,3,1,1,0,0,1,0,0,1,0,0,0,gratuito
1,10000.0,0,0.0,1,4,1,0,0,0,1,1,0,1,0,0,0,medio_alto
2,10000.0,4,1.0,1,3,1,0,0,0,1,1,0,0,0,0,0,medio_alto
2,10000.0,2,0.5,1,3,1,0,0,0,1,1,1,0,0,0,0,baixo
1,10000.0,1,1.0,9,1,1,0,0,0,0,0,0,0,0,1,0,alto
4,150000.0,1343,0.877885331347729,13,5,1,1,1,2,1,0,0,0,1,1,1,alto
4,10000.0,7,1.0,1,5,1,0,0,1,1,0,1,1,1,0,1,baixo
10,10000.0,33,0.6363636363636364,1,4,1,0,0,0,1,1,1,1,0,0,0,medio_alto
1,10000.0,5,0.8,1,2,1,0,0,0,0,0,0,0,1,0,0,medio_alto
9,35000.0,69,0.7391304347826086,1,1,1,1,0,0,0,0,0,0,0,0,0,gratuito
1,10000.0,0,0.0,3,4,1,0,0,0,1,1,1,1,0,0,0,baixo
2,0.0,0,0.0,2,4,1,1,1,0,1,0,1,1,1,0,0,gratuito
6,35000.0,6,0.5,2,1,1,0,0,0,1,0,0,0,0,0,0,medio_baixo
4,35000.0,23,0.6521739130434783,6,5,1,0,0,0,1,1,1,0,1,0,0,medio_alto
8,10000.0,4,0.5,1,4,1,1,0,0,1,1,0,1,0,0,0,alto
8,35000.0,26,0.8076923076923077,1,3,1,0,0,0,1,1,1,0,0,0,0,baixo
8,10000.0,26,0.8461538461538461,1,3,1,0,0,0,1,1,1,0,0,0,0,baixo
2,10000.0,1,1.0,1,3,1,1,0,0,1,1,0,0,0,0,0,alto
3,10000.0,89,0.9438202247191011,1,4,1,0,0,1,1,0,0,1,0,1,0,medio_baixo
11,7500000.0,57167,0.8127766018857033,6,2,1,0,0,0,0,1,0,0,0,0,0,gratuito
8,75000.0,312,0.9166666666666666,1,4,1,1,1,0,1,1,0,1,0,0,0,gratuito
1,10000.0,0,0.0,4,3,1,0,0,0,1,1,0,1,0,0,0,medio_alto
1,10000.0,0,0.0,9,2,1,0,0,0,1,0,0,1,0,0,0,baixo
3,0.0,0,0.0,1,3,1,0,0,0,1,0,0,0,1,0,0,gratuito
4,10000.0,31,0.8709677419354839,11,5,1,0,0,0,1,1,1,1,0,0,0,medio_baixo
5,10000.0,2,0.5,3,1,1,0,0,0,0,0,0,1,0,0,0,alto
1,0.0,0,0.0,0,0,1,0,0,0,0,0,0,0,0,0,0,gratuito
3,10000.0,11,0.8181818181818182,1,3,1,0,0,0,1,0,0,1,0,0,0,medio_baixo
3,10000.0,2,1.0,1,3,1,0,0,0,1,1,0,1,0,0,0,baixo
4,75000.0,3,0.0,15,1,1,0,0,0,0,0,0,1,0,0,0,baixo
3,75000.0,759,0.9262187088274044,8,2,1,1,1,1,1,0,1,0,0,0,0,medio_alto
9,10000.0,28,0.42857142857142855,1,3,1,1,1,0,1,0,1,0,0,0,1,alto
2,10000.0,6,1.0,1,4,1,0,0,0,1,0,0,0,0,1,1,medio_alto
2,10000.0,17,0.8823529411764706,5,4,1,0,0,1,1,1,1,0,0,1,0,medio_baixo
6,10000.0,24,0.25,14,4,1,0,0,0,1,0,1,1,0,1,0,medio_baixo
9,35000.0,150,0.9733333333333334,4,2,1,0,0,1,1,1,0,0,0,0,0,medio_alto
10,10000.0,51,0.803921568627451,1,4,1,0,0,0,1,1,1,0,0,0,1,baixo
13,350000.0,7038,0.9492753623188406,1,4,1,1,1,0,1,0,0,0,1,1,1,medio_alto
4,10000.0,0,0.0,6,1,1,0,0,0,0,1,0,0,0,0,0,medio_alto
1,10000.0,83,0.8795180722891566,5,1,1,0,0,0,0,0,0,0,0,1,0,alto
1,0.0,0,0.0,1,2,1,0,0,0,1,0,0,0,0,0,1,baixo
2,10000.0,3,1.0,1,4,1,0,0,0,0,1,1,1,0,0,1,medio_baixo
4,10000.0,92,0.8478260869565217,2,3,1,1,1,0,1,0,1,1,0,0,0,medio_baixo
1,0.0,0,0.0,3,5,1,1,0,0,1,0,1,0,1,0,1,medio_baixo
1,0.0,0,0.0,1,2,1,0,0,0,1,1,0,0,0,0,0,baixo
3,10000.0,15,0.6,1,3,1,1,1,0,1,1,1,0,0,0,0,medio_alto
1,0.0,0,0.0,0,0,1,0,0,0,0,0,0,0,0,0,0,gratuito
1,10000.0,0,0.0,8,3,1,0,0,0,1,0,1,1,0,0,0,medio_baixo
2,0.0,0,0.0,0,0,1,0,0,0,0,0,0,0,0,0,0,gratuito
10,35000.0,152,0.8881578947368421,3,2,1,1,1,0,1,0,1,0,0,0,0,alto
1,0.0,0,0.0,1,4,1,0,0,0,0,1,1,0,0,1,0,gratuito
2,10000.0,2,0.5,2,3,1,0,0,0,1,1,0,0,0,0,1,medio_baixo
1,35000.0,11,0.5454545454545454,6,3,1,0,0,0,1,0,0,0,0,1,1,baixo
3,10000.0,1,1.0,1,3,1,0,0,0,1,1,1,0,0,0,0,medio_baixo
2,0.0,0,0.0,0,0,1,0,0,0,0,0,0,0,0,0,0,gratuito
1,0.0,0,0.0,93,4,1,1,1,0,0,0,0,0,0,0,0,alto
3,0.0,0,0.0,0,0,1,0,0,0,0,0,0,0,0,0,0,gratuito
5,10000.0,11,0.6363636363636364,1,3,1,0,1,0,1,1,0,0,0,0,0,medio_baixo
1,10000.0,59,1.0,6,1,1,0,0,0,0,0,0,1,0,0,0,medio_baixo
2,10000.0,0,0.0,5,2,1,1,1,2,1,0,0,0,0,0,1,alto
3,0.0,0,0.0,1,3,1,1,0,0,0,1,0,1,0,0,0,gratuito
1,0.0,0,0.0,1,4,1,0,1,0,1,1,0,0,0,0,0,gratuito
1,0.0,0,0.0,0,0,1,0,0,0,0,0,0,0,0,0,0,gratuito
4,3500000.0,16212,0.9222797927461139,28,4,1,1,1,3,1,1,1,0,0,0,1,alto
5,10000.0,5,1.0,1,4,1,0,0,0,1,1,0,0,0,0,0,medio_baixo
3,10000.0,28,0.9642857142857143,2,3,1,0,0,0,1,0,1,1,0,0,0,baixo
1,10000.0,8,1.0,1,1,1,1,1,0,0,0,0,1,0,0,0,medio_baixo
4,10000.0,0,0.0,1,1,1,0,0,0,0,0,0,1,0,0,0,baixo
1,0.0,0,0.0,0,0,1,0,0,0,0,0,0,0,0,0,0,gratuito
5,35000.0,6,1.0,2,3,1,0,0,0,1,0,0,1,0,1,0,baixo
10,10000.0,68,0.6029411764705882,1,4,1,1,0,0,1,1,1,1,0,0,0,medio_alto
7,150000.0,1219,0.6956521739130435,11,2,1,0,0,0,1,0,1,0,0,0,0,medio_baixo
4,10000.0,21,0.9047619047619048,2,2,1,0,0,0,0,0,1,0,0,0,0,alto
2,35000.0,32,1.0,1,4,1,0,0,0,1,1,0,1,0,1,0,medio_baixo
4,3500000.0,1,0.0,1,4,1,0,0,0,1,1,1,0,1,0,0,alto
1,10000.0,0,0.0,1,2,1,0,0,0,1,0,0,1,0,0,0,medio_baixo
8,10000.0,48,0.5416666666666666,5,5,1,1,1,0,1,1,0,1,0,0,0,gratuito
9,10000.0,85,0.7529411764705882,1,3,1,0,0,0,1,0,1,1,0,0,0,alto
1,10000.0,13,0.9230769230769231,2,3,1,0,0,0,0,0,1,1,0,0,1,alto
2,10000.0,0,0.0,1,3,1,0,0,0,1,0,1,1,0,0,0,medio_baixo
1,10000.0,26,0.8076923076923077,1,3,1,0,0,0,1,1,1,0,0,0,0,medio_baixo
5,10000.0,608,0.7631578947368421,7,5,1,0,0,1,1,1,0,0,1,1,1,medio_baixo
1,10000.0,0,0.0,1,3,1,0,0,0,1,0,0,1,0,0,1,medio_baixo
4,10000.0,14,0.7142857142857143,2,4,1,0,0,0,1,0,1,1,1,0,0,medio_baixo
15,350000.0,2032,0.8956692913385826,1,2,1,1,1,0,1,0,0,0,0,1,0,medio_alto
4,0.0,0,0.0,2,2,1,0,0,0,1,1,0,0,0,0,0,gratuito
3,10000.0,21,0.6666666666666666,1,3,1,0,0,0,1,0,1,1,0,0,0,baixo
2,75000.0,1174,0.6115843270868825,9,1,1,0,0,0,0,1,0,0,0,0,0,alto
5,10000.0,0,0.0,4,3,1,1,0,3,1,0,0,1,1,0,0,medio_alto
7,35000.0,1,0.0,1,2,1,0,0,0,0,1,0,1,0,0,0,baixo
2,10000.0,17,1.0,1,2,1,0,0,0,1,0,0,1,0,0,0,medio_baixo
1,0.0,0,0.0,1,3,1,0,0,0,0,1,1,0,0,0,0,gratuito
7,10000.0,6,0.0,1,4,1,0,0,0,1,1,0,1,1,0,0,baixo
1,0.0,0,0.0,10,4,1,0,0,0,1,1,0,0,0,0,1,medio_baixo
10,35000.0,968,0.9576446280991735,2,1,1,0,0,4,0,1,0,0,0,0,0,alto
2,10000.0,8,1.0,3,2,1,0,0,0,1,0,0,1,0,0,0,alto
6,10000.0,42,0.7142857142857143,1,4,1,0,0,0,1,1,0,1,0,0,0,gratuito
3,0.0,0,0.0,1,7,1,0,0,0,0,0,1,1,1,1,1,gratuito
4,10000.0,347,0.6685878962536023,6,4,1,0,0,0,1,1,0,0,0,1,1,medio_alto
9,10000.0,14,0.6428571428571429,1,1,1,1,1,0,1,0,0,0,0,0,0,baixo
1,10000.0,0,0.0,5,2,1,1,0,0,1,1,0,0,0,0,0,medio_alto
1,10000.0,0,0.0,5,2,1,0,0,1,1,1,0,0,0,0,0,alto
13,35000.0,260,0.5576923076923077,1,2,1,1,0,0,1,1,0,0,0,0,0,medio_alto
4,10000.0,10,0.9,1,3,1,0,0,0,1,1,0,1,0,0,0,baixo
10,10000.0,1,0.0,1,3,1,0,0,0,0,1,1,1,0,0,0,medio_alto
2,10000.0,47,0.9787234042553191,10,3,1,0,0,0,1,0,1,1,0,0,0,medio_baixo
1,10000.0,0,0.0,6,3,1,0,0,0,1,1,1,0,0,0,0,medio_baixo
1,75000.0,31,0.9032258064516129,3,1,1,0,0,0,0,0,1,0,0,0,0,medio_alto
2,10000.0,0,0.0,2,3,1,0,0,0,1,0,1,0,1,0,0,medio_alto
2,10000.0,5,0.8,1,3,1,0,0,0,1,1,0,1,0,0,0,medio_baixo
9,10000.0,10,0.2,1,2,1,0,0,0,0,0,0,0,0,0,0,medio_baixo
6,10000.0,4,0.5,1,3,1,1,0,0,1,1,0,1,0,0,0,baixo
10,10000.0,56,0.625,1,2,1,0,0,0,1,0,1,0,0,0,0,medio_alto
2,10000.0,24,0.5,11,4,1,0,0,0,1,0,0,1,0,0,1,baixo
5,0.0,0,0.0,0,0,1,0,0,0,0,0,0,0,0,0,0,gratuito
9,10000.0,11,0.9090909090909091,1,3,1,1,0,0,1,1,0,0,0,0,0,medio_baixo
4,0.0,0,0.0,1,7,1,0,0,0,0,0,1,0,1,1,1,gratuito
10,10000.0,23,0.782608695652174,1,3,1,0,0,1,1,0,1,1,0,0,0,medio_baixo
5,35000.0,1048,0.6440839694656488,8,4,1,0,0,0,1,0,1,1,0,0,1,baixo
1,0.0,0,0.0,1,3,1,0,1,0,1,1,0,0,1,0,0,medio_baixo
4,10000.0,15,0.6,1,5,1,0,0,0,1,0,1,0,0,0,1,baixo
4,750000.0,5587,0.9255414354752103,12,3,1,0,0,1,1,1,0,1,0,0,0,medio_alto
3,10000.0,0,0.0,30,3,1,0,0,0,1,0,0,1,0,0,1,medio_baixo
3,10000.0,1,1.0,1,4,1,0,1,0,1,1,1,0,0,1,0,medio_baixo
5,10000.0,1272,0.9371069182389937,14,3,1,0,0,0,1,1,1,0,0,0,0,medio_alto
3,10000.0,4,0.75,1,3,1,0,0,0,1,1,0,0,1,0,0,medio_alto
6,10000.0,1,1.0,2,2,1,1,1,0,0,0,0,1,0,1,0,alto
3,0.0,0,0.0,0,0,1,0,0,0,0,0,0,0,0,0,0,gratuito
2,10000.0,2,0.5,2,2,1,0,0,0,1,1,0,0,0,0,0,baixo
1,0.0,0,0.0,2,5,1,0,0,0,1,1,1,1,1,0,0,alto
8,10000.0,25,0.88,7,4,1,0,0,1,1,1,1,1,0,0,0,baixo
13,10000.0,1539,0.8901884340480831,7,2,1,1,1,1,1,0,1,0,0,0,0,medio_baixo
2,0.0,0,0.0,0,0,1,0,0,0,0,0,0,0,0,0,0,gratuito
4,150000.0,10,0.2,2,3,1,0,0,0,1,0,1,0,1,0,0,medio_baixo
2,75000.0,2817,0.8484203052893149,16,2,1,0,0,3,0,1,0,0,0,0,1,alto
2,10000.0,25,0.88,1,2,1,0,0,0,1,0,1,0,0,0,0,baixo
3,150000.0,3203,0.8726194192944114,9,3,1,0,0,1,1,0,1,1,0,0,0,medio_alto
1,10000.0,5,0.6,1,1,1,0,0,0,0,1,0,0,0,0,0,medio_alto
1,10000.0,0,0.0,1,2,1,0,0,0,1,0,0,1,0,0,0,baixo
13,750000.0,2430,0.8436213991769548,15,1,1,1,1,1,1,0,0,0,0,0,0,baixo
6,35000.0,12,0.8333333333333334,1,3,1,0,0,0,1,1,1,0,0,0,0,gratuito
5,0.0,0,0.0,2,5,1,0,0,0,0,0,1,0,1,0,0,gratuito
12,350000.0,3436,0.7441792782305006,1,4,1,0,0,1,1,1,0,1,0,1,0,baixo
3,10000.0,5,0.4,1,5,1,0,0,0,1,0,0,1,1,1,1,medio_alto
2,10000.0,12,0.6666666666666666,1,1,1,1,1,0,0,1,0,0,0,0,0,medio_alto
4,10000.0,14,0.9285714285714286,103,1,1,0,0,0,1,0,0,0,0,0,0,baixo
5,10000.0,4,0.5,1,3,1,0,0,0,1,1,1,0,0,0,0,medio_baixo
4,10000.0,5,0.8,4,1,1,0,0,0,0,0,0,1,0,0,0,medio_alto
3,10000.0,1,0.0,1,3,1,0,0,0,1,1,1,0,0,0,0,alto
5,75000.0,47,0.46808510638297873,11,2,1,0,0,0,1,1,0,0,0,0,0,baixo
6,10000.0,12,0.8333333333333334,10,3,1,0,1,1,1,0,0,1,0,0,1,baixo
3,75000.0,1211,0.7621800165152767,25,4,1,0,0,0,1,1,1,1,0,0,0,medio_alto
4,10000.0,0,0.0,3,1,1,0,0,0,0,0,0,0,0,0,1,alto
7,10000.0,260,0.6115384615384616,10,2,1,0,0,0,0,1,1,0,0,0,0,alto
6,75000.0,636,0.7437106918238994,11,3,1,1,1,1,1,0,0,0,1,0,1,medio_baixo
4,10000.0,1,0.0,1,3,1,0,0,0,0,1,1,0,1,0,0,alto
8,35000.0,252,0.7182539682539683,1,4,1,0,0,0,1,1,1,1,0,0,0,baixo
2,0.0,0,0.0,1,2,1,0,0,0,0,0,0,0,1,0,0,gratuito
9,750000.0,57,0.2807017543859649,1,2,1,1,0,0,0,1,0,1,0,0,0,baixo
1,0.0,0,0.0,103,2,1,0,1,0,1,0,0,1,0,0,0,baixo
2,0.0,0,0.0,5,2,1,0,0,0,0,0,0,1,0,0,0,gratuito
3,10000.0,1,0.0,1,3,1,0,0,0,1,0,0,1,0,0,1,baixo
1,0.0,0,0.0,2,2,1,0,0,1,1,0,0,1,0,0,0,alto
5,0.0,0,0.0,0,0,1,0,0,0,0,0,0,0,0,0,0,gratuito
11,350000.0,1099,0.6733393994540491,1,2,1,0,0,0,1,0,0,1,0,0,0,baixo
4,10000.0,166,0.8975903614457831,1,2,1,1,1,1,1,0,1,0,0,0,0,medio_alto
5,10000.0,2,0.5,1,1,1,0,0,1,0,0,0,1,0,0,0,medio_baixo
9,10000.0,70,0.6714285714285714,4,3,1,0,0,0,1,1,1,0,0,0,0,alto
3,0.0,0,0.0,1,4,1,0,0,0,1,1,1,1,0,0,0,gratuito
2,75000.0,524,0.8091603053435115,2,3,1,0,0,0,0,0,1,1,0,0,1,alto
3,35000.0,398,0.9271356783919598,1,4,1,1,1,0,1,0,0,0,0,0,1,medio_alto
2,10000.0,0,0.0,1,3,1,0,0,0,1,0,0,1,0,1,0,baixo
4,0.0,0,0.0,2,2,1,0,0,0,1,0,1,0,0,0,0,gratuito
16,3500000.0,17134,0.8826893895179176,5,1,1,0,0,4,0,1,0,0,0,0,0,alto
5,10000.0,100,0.78,28,3,1,1,1,1,0,0,1,1,0,0,1,baixo
7,10000.0,30,0.8,1,3,1,0,0,0,0,1,0,0,0,0,0,gratuito
11,10000.0,26,0.6923076923076923,1,2,1,0,0,0,1,0,0,0,1,0,0,gratuito
4,35000.0,31,0.4838709677419355,2,3,1,0,0,0,1,1,1,0,0,0,0,baixo
9,10000.0,53,0.7735849056603774,1,4,1,1,1,0,1,0,0,1,0,1,1,baixo
3,10000.0,22,0.9090909090909091,3,3,1,0,0,0,1,0,1,1,0,0,0,medio_alto
1,0.0,0,0.0,0,0,1,0,0,0,0,0,0,0,0,0,0,gratuito
8,75000.0,298,0.87248322147651,7,1,1,0,0,0,0,1,0,0,0,0,0,alto
1,10000.0,0,0.0,1,3,1,0,0,0,1,1,0,0,0,0,0,alto
5,10000.0,0,0.0,5,1,1,0,0,0,0,0,0,1,0,0,0,gratuito
3,10000.0,0,0.0,1,3,1,0,0,0,1,0,0,1,0,0,0,gratuito
4,10000.0,0,0.0,1,2,1,1,0,0,0,1,0,0,0,0,0,medio_alto
12,750000.0,9661,0.7834592692267881,7,3,1,1,0,49,1,0,0,0,1,1,0,medio_alto
10,75000.0,181,0.8784530386740331,1,1,1,0,0,0,0,0,1,0,0,0,0,medio_baixo
1,0.0,0,0.0,103,2,1,0,0,0,1,0,0,1,0,0,0,baixo
4,35000.0,5,1.0,1,3,1,0,0,1,1,1,1,0,0,0,0,medio_alto
8,35000.0,37,0.32432432432432434,25,8,1,1,1,0,1,1,1,1,0,1,1,alto
3,10000.0,0,0.0,2,4,1,0,0,0,0,0,0,0,0,0,0,gratuito
3,10000.0,22,0.9545454545454546,3,3,1,1,1,0,1,0,0,0,0,1,0,medio_alto
1,10000.0,0,0.0,3,4,1,0,0,0,1,1,0,1,0,1,0,baixo
11,10000.0,16,0.75,1,4,1,0,0,0,1,0,1,0,0,1,0,alto
4,10000.0,0,0.0,1,3,1,0,0,0,1,0,1,0,0,0,0,gratuito
1,10000.0,3,1.0,2,1,1,0,0,0,0,1,0,0,0,0,0,medio_alto
3,0.0,0,0.0,18,3,1,0,0,0,1,0,0,0,0,1,1,gratuito
1,0.0,0,0.0,1,3,1,0,0,0,1,0,1,1,0,0,0,baixo
4,10000.0,25,0.8,3,2,1,1,1,0,0,0,0,1,0,0,1,alto
1,0.0,0,0.0,0,0,1,0,0,0,0,0,0,0,0,0,0,gratuito
2,0.0,0,0.0,1,4,1,1,0,0,1,0,0,1,0,0,1,gratuito
6,10000.0,3,1.0,1,3,1,0,0,0,1,1,1,0,0,0,0,medio_baixo
3,10000.0,140,0.7642857142857142,9,3,1,0,0,0,1,0,1,0,0,0,1,baixo
2,10000.0,0,0.0,1,1,1,0,0,0,0,0,1,0,0,0,0,baixo
2,10000.0,5,1.0,2,1,1,0,0,0,1,0,0,0,0,0,0,baixo
13,75000.0,187,0.40106951871657753,1,3,1,0,0,0,1,0,1,0,1,0,0,baixo
5,10000.0,11,0.5454545454545454,29,4,1,0,0,0,0,1,1,1,0,0,1,medio_alto
1,10000.0,0,0.0,1,2,1,0,0,1,0,1,1,0,0,0,0,baixo
8,10000.0,125,0.928,3,4,1,0,0,1,1,0,1,1,0,0,1,alto
3,10000.0,30,0.8,1,3,1,1,0,0,0,0,1,1,1,0,0,medio_alto
2,35000.0,171,0.7777777777777778,1,5,1,0,0,0,1,1,1,1,0,1,0,gratuito
9,1500000.0,22190,0.8348805768364128,10,1,1,1,0,21,0,0,0,0,0,1,0,alto
1,10000.0,0,0.0,1,2,1,0,0,0,1,0,0,1,0,0,0,medio_alto
11,10000.0,54,0.6296296296296297,1,1,1,0,0,0,0,0,0,0,0,1,0,alto
5,10000.0,7,1.0,1,3,1,0,0,0,1,0,0,1,0,1,0,medio_baixo
8,10000.0,90,0.9111111111111111,1,4,1,0,0,0,1,1,0,1,0,1,0,baixo
9,10000.0,53,0.8490566037735849,1,3,1,1,0,0,1,0,0,1,0,0,1,alto
2,10000.0,29,0.8620689655172413,3,3,1,0,0,0,1,0,0,1,0,1,0,medio_baixo
6,10000.0,9,0.6666666666666666,1,4,1,1,0,0,1,0,0,1,1,1,0,gratuito
7,10000.0,19,1.0,1,2,1,1,1,0,1,0,0,1,0,0,0,baixo
6,10000.0,73,0.6575342465753424,1,3,1,0,0,0,1,0,0,0,0,1,1,alto
3,35000.0,12,0.6666666666666666,1,1,1,0,0,0,0,1,0,0,0,0,0,baixo
8,10000.0,2,0.5,1,4,1,0,0,0,1,1,0,1,0,0,0,alto
9,10000.0,25,0.92,10,5,1,0,0,0,0,0,0,0,0,0,0,gratuito
10,150000.0,2613,0.9422120168388826,4,2,1,1,1,4,1,0,0,1,0,0,0,medio_alto
9,35000.0,172,0.7383720930232558,10,3,1,0,1,0,1,0,1,1,0,0,0,baixo
6,10000.0,30,0.36666666666666664,2,1,1,0,0,0,1,0,0,0,0,0,0,medio_alto
2,0.0,0,0.0,0,0,1,0,0,0,0,0,0,0,0,0,0,gratuito
2,35000.0,1,0.0,1,5,1,0,0,0,1,1,0,1,0,0,1,baixo
1,10000.0,0,0.0,2,2,1,0,0,0,1,0,0,1,0,0,0,medio_alto
8,10000.0,71,0.9154929577464789,10,3,1,0,0,1,1,1,1,0,0,0,0,medio_alto
3,35000.0,147,0.782312925170068,2,1,1,0,0,2,0,0,0,0,1,0,0,medio_alto
1,0.0,0,0.0,1,2,1,1,0,0,0,1,0,0,0,0,0,gratuito
7,10000.0,1,0.0,1,3,1,0,0,0,1,0,0,1,0,0,1,baixo
8,10000.0,28,0.7142857142857143,2,8,1,0,0,0,1,0,0,1,0,0,1,baixo
8,35000.0,39,0.3076923076923077,1,3,1,0,0,0,1,0,0,1,0,1,0,baixo
3,0.0,0,0.0,4,3,1,0,0,1,1,1,0,0,0,0,0,gratuito
8,10000.0,4,0.75,1,2,1,0,0,0,1,1,0,0,0,0,0,medio_alto
1,35000.0,413,0.8668280871670703,1,2,1,0,0,0,1,0,0,1,0,0,0,medio_baixo
1,10000.0,0,0.0,2,1,1,0,0,0,0,0,0,0,0,1,0,alto
1,10000.0,0,0.0,13,6,1,1,0,31,0,1,1,0,1,1,0,gratuito
3,10000.0,31,0.41935483870967744,9,1,1,0,0,0,1,0,0,0,0,0,0,medio_alto
7,10000.0,10,0.1,1,1,1,0,0,0,0,0,1,0,0,0,0,alto
6,10000.0,345,0.9536231884057971,17,3,1,0,1,0,1,0,1,1,0,0,0,baixo
6,10000.0,0,0.0,1,1,1,0,0,0,1,0,0,0,0,0,0,baixo
8,10000.0,11,0.2727272727272727,3,3,1,0,1,0,1,0,1,1,0,0,0,baixo
4,10000.0,29,0.41379310344827586,1,3,1,0,0,0,1,0,0,1,0,0,1,baixo
7,10000.0,7,0.5714285714285714,1,3,1,0,0,0,1,1,0,1,0,0,0,baixo
5,35000.0,67,0.7313432835820896,1,5,1,0,0,0,1,1,0,1,0,0,0,gratuito
3,75000.0,4,1.0,4,3,1,0,0,0,0,1,1,0,1,0,0,baixo
8,10000.0,315,0.9777777777777777,1,4,1,0,0,0,1,1,1,1,0,0,0,baixo
6,3500000.0,122549,0.728965556634489,13,1,1,0,0,2,0,0,0,0,1,0,0,medio_alto
9,10000.0,52,0.5576923076923077,11,3,1,1,0,4,0,1,0,1,0,0,0,gratuito
1,10000.0,0,0.0,1,1,1,0,0,0,1,0,0,0,0,0,0,medio_alto
9,10000.0,48,0.75,1,4,1,0,0,0,0,1,0,1,0,0,1,gratuito
1,10000.0,0,0.0,1,3,1,1,1,0,1,0,1,0,1,0,0,alto
3,10000.0,23,0.7391304347826086,1,5,1,0,0,0,0,0,0,1,0,1,1,alto
11,35000.0,133,0.7819548872180451,3,2,1,1,1,1,1,1,0,0,0,0,0,alto
2,0.0,0,0.0,1,5,1,0,0,0,1,0,1,0,1,0,0,gratuito
3,10000.0,44,0.8636363636363636,2,4,1,0,0,0,1,0,1,1,0,0,0,gratuito
3,0.0,0,0.0,1,3,1,0,0,0,1,0,0,0,1,0,0,gratuito
3,10000.0,53,0.9056603773584906,1,3,1,1,0,0,1,0,0,1,0,0,0,gratuito
3,10000.0,2,1.0,2,3,1,1,0,0,1,0,0,0,0,0,1,baixo
1,10000.0,0,0.0,13,5,1,0,0,0,1,0,0,1,0,1,1,alto
3,10000.0,32,0.8125,1,1,1,1,1,0,0,0,0,0,0,1,0,medio_alto
6,35000.0,637,0.8744113029827315,1,1,1,0,0,0,0,0,0,0,1,0,0,baixo
9,150000.0,999,0.8198198198198198,25,4,1,1,0,0,1,1,0,1,0,0,0,alto
2,35000.0,2,1.0,1,2,1,0,0,0,1,0,0,1,0,0,0,baixo
2,35000.0,367,0.7983651226158038,2,9,1,0,0,2,1,1,1,1,1,1,1,baixo
12,150000.0,277,0.776173285198556,1,3,1,1,1,0,1,0,0,0,1,1,0,medio_baixo
4,0.0,0,0.0,0,0,1,0,0,0,0,0,0,0,0,0,0,gratuito
7,10000.0,3,0.0,3,1,1,0,0,0,0,0,1,0,0,0,0,alto
5,75000.0,154,0.6558441558441559,2,4,1,0,0,6,0,0,1,1,1,0,0,gratuito
2,0.0,0,0.0,0,0,1,0,0,0,0,0,0,0,0,0,0,gratuito
4,10000.0,9,0.7777777777777778,1,3,1,0,0,0,1,0,0,1,0,1,0,gratuito
1,0.0,0,0.0,1,3,1,0,0,0,0,0,0,1,0,1,0,gratuito
6,10000.0,0,0.0,14,4,1,1,1,1,1,0,0,1,1,0,1,baixo
4,10000.0,0,0.0,3,5,1,0,0,0,1,0,1,1,0,1,1,medio_alto
3,75000.0,523,0.6137667304015296,12,3,1,0,0,5,0,1,1,0,1,0,0,alto
1,35000.0,563,0.8028419182948491,11,4,1,1,0,2,1,0,0,1,0,1,1,alto
3,75000.0,1604,0.6415211970074813,9,3,1,0,0,0,0,1,1,0,1,0,0,medio_alto
1,10000.0,0,0.0,9,1,1,0,0,0,0,1,0,0,0,0,0,medio_baixo
9,35000.0,327,0.7125382262996942,7,2,1,0,0,0,0,1,1,0,0,0,0,medio_baixo
6,75000.0,4,0.75,2,3,1,0,0,0,1,0,0,1,0,1,0,medio_alto
2,0.0,0,0.0,1,6,1,0,0,0,1,1,1,0,0,0,1,gratuito
3,10000.0,9,0.8888888888888888,1,1,1,0,0,0,0,0,0,1,0,0,0,alto
2,10000.0,28,0.6071428571428571,1,3,1,0,0,0,1,0,1,1,0,0,0,baixo
4,10000.0,103,0.7864077669902912,1,6,1,0,0,0,1,1,0,1,0,0,1,baixo
3,10000.0,6,1.0,2,1,1,0,0,0,1,0,0,0,0,0,0,alto
1,0.0,0,0.0,1,3,1,0,0,0,1,0,0,1,0,0,0,gratuito
5,10000.0,5,0.8,1,2,1,1,0,0,1,0,0,0,0,1,0,medio_baixo
6,35000.0,210,0.3952380952380952,4,1,1,0,0,0,0,0,0,0,1,0,0,alto
9,10000.0,1,0.0,1,2,1,0,0,0,1,0,0,1,0,0,0,baixo
8,35000.0,179,0.664804469273743,6,1,1,0,0,0,0,0,0,1,0,0,0,medio_alto
1,10000.0,0,0.0,1,1,1,0,0,0,0,0,1,0,0,0,0,medio_baixo
4,10000.0,3,1.0,1,2,1,0,0,0,0,0,1,0,0,1,0,medio_baixo
5,10000.0,49,0.5102040816326531,1,6,1,0,0,0,1,1,0,0,1,1,1,alto
9,35000.0,305,0.8786885245901639,4,1,1,0,0,0,0,1,0,0,0,0,0,medio_alto
3,35000.0,28,0.8928571428571429,3,3,1,0,0,0,1,0,1,0,0,0,1,baixo
1,0.0,0,0.0,1,3,1,1,0,0,1,1,0,1,0,0,0,medio_baixo
2,0.0,0,0.0,0,0,1,0,0,0,0,0,0,0,0,0,0,gratuito
3,0.0,0,0.0,19,3,1,0,0,0,0,0,0,0,1,1,0,gratuito
2,10000.0,7,0.8571428571428571,2,1,1,0,0,0,0,1,0,0,0,0,0,medio_baixo
1,10000.0,0,0.0,2,4,1,0,0,0,1,1,0,1,1,0,0,baixo
1,10000.0,0,0.0,1,1,1,0,0,0,0,0,1,0,0,0,0,medio_alto
1,10000.0,1,1.0,6,2,1,0,0,0,0,0,0,1,0,0,0,medio_baixo
2,10000.0,1,0.0,1,2,1,0,0,0,1,0,0,1,0,0,0,baixo
1,10000.0,0,0.0,1,2,1,0,0,0,0,0,1,0,0,0,1,medio_baixo
6,10000.0,16,0.6875,12,1,1,0,0,0,0,0,0,0,0,0,1,baixo
3,35000.0,10,0.7,4,4,1,0,0,0,1,0,1,0,1,0,0,baixo
3,10000.0,8,0.125,1,1,1,0,0,0,0,1,0,0,0,0,0,baixo
3,10000.0,0,0.0,7,3,1,0,0,0,0,1,0,0,0,0,0,gratuito
4,75000.0,6,0.3333333333333333,11,4,1,0,0,0,1,1,1,1,0,0,0,medio_baixo
7,10000.0,15,0.3333333333333333,25,5,1,1,1,0,1,1,1,1,0,1,0,alto
6,10000.0,40,0.825,9,3,1,1,1,1,1,1,0,0,1,0,0,medio_alto
2,10000.0,4,0.75,1,1,1,0,0,0,0,0,0,1,0,0,0,baixo
8,10000.0,3,1.0,5,4,1,0,0,0,1,1,1,1,0,0,0,medio_alto
6,150000.0,298,0.39932885906040266,1,6,1,0,0,0,1,1,1,0,0,1,0,gratuito
1,0.0,0,0.0,0,0,1,0,0,0,0,0,0,0,0,0,0,gratuito
1,10000.0,0,0.0,1,1,1,0,0,0,0,0,1,0,0,0,0,medio_alto
4,10000.0,3,1.0,1,1,1,1,1,0,0,0,0,1,0,0,0,medio_alto
4,0.0,0,0.0,0,0,1,0,0,0,0,0,0,0,0,0,0,gratuito
3,10000.0,0,0.0,14,5,1,0,0,0,1,1,1,1,0,0,1,baixo
8,35000.0,4,0.75,1,2,1,0,0,0,1,0,0,1,0,0,0,baixo
18,750000.0,2107,0.8462268628381585,9,1,1,0,0,0,0,1,0,0,0,0,0,medio_alto
1,0.0,0,0.0,2,8,1,0,0,0,1,1,1,1,1,0,0,gratuito
3,10000.0,5,0.6,2,3,1,0,0,0,1,0,0,1,0,0,1,medio_alto
7,10000.0,23,0.7391304347826086,2,5,1,0,0,0,1,0,1,1,1,1,0,baixo
1,0.0,0,0.0,1,3,1,0,0,0,1,0,0,1,0,0,0,gratuito
3,10000.0,106,0.9245283018867925,1,2,1,0,0,0,0,1,0,1,0,0,0,alto
1,10000.0,7,0.8571428571428571,1,3,1,0,0,0,1,1,1,0,0,0,0,medio_alto
4,0.0,0,0.0,2,4,1,0,0,0,1,0,1,0,1,0,0,gratuito
12,150000.0,211,0.7582938388625592,10,3,1,0,0,1,1,0,1,1,0,0,0,medio_baixo
1,0.0,0,0.0,0,0,1,0,0,0,0,0,0,0,0,0,0,gratuito
3,10000.0,4,1.0,1,1,1,0,0,0,0,0,1,0,0,0,0,alto
1,10000.0,0,0.0,2,2,1,1,0,2,1,0,0,1,0,0,0,medio_alto
1,35000.0,16,0.875,11,4,1,0,0,0,1,1,1,0,0,0,1,baixo
6,10000.0,82,0.6829268292682927,1,7,1,0,0,0,1,1,1,1,1,0,1,alto
8,10000.0,3,0.6666666666666666,1,1,1,1,0,0,1,0,0,0,0,0,0,medio_baixo
6,10000.0,2,0.5,1,1,1,0,0,0,0,0,0,1,0,0,0,alto
8,10000.0,7,1.0,1,2,1,0,0,0,1,1,0,0,0,0,0,gratuito
8,35000.0,234,0.9487179487179487,2,3,1,0,0,0,1,0,1,0,1,0,0,medio_baixo
2,75000.0,74,0.8918918918918919,7,3,1,1,1,1,1,0,1,0,1,0,0,medio_alto
4,10000.0,10,1.0,16,1,1,0,0,0,0,0,0,0,0,0,1,alto
3,0.0,0,0.0,103,3,1,0,0,0,1,0,0,1,0,0,1,medio_baixo
5,10000.0,1228,0.9723127035830619,1,5,1,0,0,0,1,1,1,1,0,0,1,baixo
7,10000.0,4,1.0,1,2,1,0,0,0,1,0,0,1,0,0,0,baixo
1,35000.0,1,1.0,1,3,1,0,0,0,1,1,0,0,0,1,0,medio_alto
1,0.0,0,0.0,2,3,1,0,0,0,1,0,0,0,1,0,0,gratuito
1,0.0,0,0.0,4,3,1,1,1,0,1,0,1,0,0,0,0,gratuito
5,10000.0,119,0.9747899159663865,2,3,1,0,0,0,1,0,1,1,0,0,0,alto
9,35000.0,83,0.7108433734939759,15,3,1,1,0,0,1,0,1,1,0,0,0,alto
5,35000.0,19,0.42105263157894735,2,2,1,1,0,0,1,0,0,1,0,0,0,medio_alto
7,10000.0,0,0.0,1,2,1,0,0,0,1,1,0,0,0,0,0,medio_alto
1,10000.0,0,0.0,1,4,1,0,0,5,1,0,1,1,1,0,0,alto
8,150000.0,156,0.33974358974358976,2,2,1,0,0,0,1,1,0,0,0,0,0,baixo
1,10000.0,0,0.0,1,4,1,0,0,0,1,1,0,1,0,0,0,gratuito
8,10000.0,76,0.6052631578947368,2,3,1,0,0,0,1,1,0,0,1,0,0,baixo
2,10000.0,0,0.0,4,2,1,0,0,0,0,1,0,1,0,0,0,medio_alto
8,150000.0,2095,0.8467780429594272,7,4,1,0,0,0,0,0,0,0,0,0,0,medio_alto
15,35000.0,144,0.8888888888888888,1,1,1,0,0,0,0,0,0,0,0,1,0,alto
2,10000.0,176,0.9261363636363636,1,2,1,0,0,0,0,0,0,0,0,1,0,alto
2,10000.0,63,0.6825396825396826,4,3,1,1,1,0,1,0,0,0,0,1,1,alto
4,10000.0,0,0.0,1,3,1,0,0,0,0,1,0,1,0,0,0,alto
1,10000.0,5,0.8,11,1,1,0,0,0,0,0,0,0,0,0,0,alto
8,150000.0,499,0.717434869739479,9,3,1,1,0,2,1,0,1,1,0,0,0,baixo
5,35000.0,357,0.5546218487394958,18,2,1,0,0,0,0,0,0,0,0,0,1,medio_baixo
3,10000.0,63,0.9682539682539683,1,4,1,0,0,1,1,0,1,1,0,0,1,medio_alto
3,10000.0,2,0.5,2,2,1,0,0,0,1,0,0,1,0,0,0,medio_baixo
3,10000.0,0,0.0,29,3,1,0,0,0,1,1,0,1,0,0,0,baixo
1,10000.0,0,0.0,11,5,1,0,0,1,1,1,1,0,0,1,0,alto
1,0.0,0,0.0,0,0,1,0,0,0,0,0,0,0,0,0,0,gratuito
10,10000.0,27,0.5925925925925926,1,2,1,0,0,0,1,0,1,0,0,0,0,gratuito
8,10000.0,29,0.7241379310344828,1,5,1,0,0,0,1,0,0,1,0,0,1,alto
1,10000.0,0,0.0,1,5,1,0,0,0,1,1,1,1,0,0,1,medio_alto
2,10000.0,0,0.0,3,3,1,0,1,0,0,1,1,0,0,0,1,medio_baixo
5,10000.0,2,0.5,1,3,1,0,0,0,1,1,1,0,0,0,0,medio_baixo
1,10000.0,71,0.8591549295774648,1,1,1,0,0,0,1,0,0,0,0,0,0,medio_alto
2,10000.0,132,0.8106060606060606,10,2,1,0,0,14,0,0,0,0,0,0,0,alto
9,10000.0,6,0.5,1,3,1,1,0,0,1,0,0,0,0,1,1,medio_baixo
2,150000.0,0,0.0,30,1,1,1,1,1,0,0,1,0,0,0,0,medio_alto
7,10000.0,150,0.84,1,4,1,0,0,0,1,0,0,1,1,0,0,gratuito
3,150000.0,3215,0.8292379471228616,1,4,1,0,0,0,1,1,0,0,1,0,0,alto
2,10000.0,29,0.9655172413793104,2,3,1,0,1,0,1,0,0,1,0,0,1,medio_baixo
4,75000.0,6,0.8333333333333334,2,2,1,0,0,0,1,1,0,0,0,0,0,medio_baixo
7,10000.0,12,0.75,1,4,1,1,1,0,1,0,1,1,1,0,0,medio_alto
9,10000.0,38,0.5,1,3,1,0,0,0,1,0,0,1,0,0,1,medio_alto
7,10000.0,3,0.6666666666666666,8,3,1,0,0,1,1,0,0,1,0,0,1,baixo
12,35000.0,193,0.41968911917098445,6,2,1,0,0,0,0,0,1,1,0,0,0,baixo
4,10000.0,22,0.7727272727272727,1,4,1,0,0,0,1,0,0,0,0,1,1,gratuito
1,10000.0,0,0.0,1,2,1,0,0,0,1,0,0,1,0,0,0,baixo
2,10000.0,14,0.7142857142857143,2,3,1,0,0,0,1,0,1,1,0,0,0,baixo
2,35000.0,640,0.7671875,13,6,1,1,0,2,1,0,1,1,1,1,1,alto
3,10000.0,22,0.8636363636363636,1,2,1,0,0,0,1,1,0,0,0,0,0,alto
1,10000.0,93,0.7419354838709677,1,1,1,0,0,0,0,0,0,0,0,1,0,medio_baixo
5,10000.0,0,0.0,1,4,1,0,0,0,1,1,1,0,0,0,0,medio_alto
8,10000.0,23,0.5652173913043478,1,4,1,0,0,0,1,0,0,1,0,1,1,medio_alto
9,35000.0,87,0.5057471264367817,4,2,1,0,1,3,1,0,0,1,0,0,0,medio_baixo
4,0.0,0,0.0,0,0,1,0,0,0,0,0,0,0,0,0,0,gratuito
12,75000.0,754,0.4920424403183024,1,4,1,0,0,0,1,1,1,1,0,0,0,baixo
4,10000.0,4,0.5,1,1,1,0,0,0,0,0,0,1,0,0,0,baixo
1,0.0,0,0.0,0,0,1,0,0,0,0,0,0,0,0,0,0,gratuito
3,10000.0,23,0.9130434782608695,1,2,1,0,0,0,1,0,1,0,0,0,0,baixo
1,0.0,0,0.0,0,0,1,0,0,0,0,0,0,0,0,0,0,gratuito
6,35000.0,2,1.0,103,2,1,0,0,0,1,0,0,1,0,0,0,medio_alto
1,10000.0,0,0.0,24,1,1,1,1,0,1,0,0,0,0,0,0,alto
5,35000.0,234,0.9444444444444444,6,2,1,0,0,0,1,0,0,1,0,0,0,baixo
7,350000.0,1902,0.919558359621451,2,2,1,0,0,0,1,0,0,0,1,0,0,alto
3,350000.0,2114,0.9541154210028382,9,1,1,0,0,1,0,1,0,0,0,0,0,alto
1,0.0,0,0.0,1,3,1,0,0,0,1,0,0,1,0,0,0,gratuito
5,150000.0,35,0.37142857142857144,2,2,1,0,0,0,1,0,1,0,0,0,0,medio_baixo
6,35000.0,18,0.6666666666666666,103,3,1,0,0,0,1,1,0,1,0,0,0,baixo
1,0.0,0,0.0,0,0,1,0,0,0,0,0,0,0,0,0,0,gratuito
6,75000.0,2137,0.9480580252690688,1,5,1,1,0,0,1,0,1,1,1,0,1,medio_baixo
3,0.0,0,0.0,0,0,1,0,0,0,0,0,0,0,0,0,0,gratuito
3,10000.0,5,0.2,1,2,1,0,0,0,0,1,1,0,0,0,0,medio_alto
4,0.0,0,0.0,0,0,1,0,0,0,0,0,0,0,0,0,0,gratuito
3,10000.0,5,0.4,4,4,1,0,0,0,1,0,0,1,0,0,1,medio_alto
7,10000.0,53,0.9622641509433962,9,4,1,0,0,0,1,1,0,1,0,1,0,alto
6,10000.0,2,0.0,1,3,1,0,1,0,1,0,0,0,0,1,1,baixo
7,150000.0,401,0.8428927680798005,1,5,1,1,1,0,1,0,1,0,1,1,0,gratuito
8,10000.0,16,0.5,3,2,1,0,0,0,1,0,0,1,0,0,0,medio_baixo
3,0.0,0,0.0,0,0,1,0,0,0,0,0,0,0,0,0,0,gratuito
2,150000.0,2301,0.7492394611038679,5,6,1,0,0,1,1,1,1,0,1,1,1,alto
3,10000.0,2,0.0,1,1,1,0,0,0,0,0,0,0,0,0,0,baixo
1,10000.0,0,0.0,7,3,1,0,1,0,1,1,0,0,0,0,0,alto
3,10000.0,11,1.0,1,3,1,0,0,0,1,0,1,1,0,0,0,medio_baixo
3,10000.0,20,0.85,3,2,1,1,1,0,0,0,1,0,1,0,0,gratuito
2,0.0,0,0.0,0,0,1,0,0,0,0,0,0,0,0,0,0,gratuito
2,10000.0,0,0.0,1,2,1,0,0,0,1,1,0,0,0,0,0,alto
4,10000.0,17,0.5882352941176471,1,2,1,0,0,0,0,0,0,1,0,0,0,gratuito
8,10000.0,0,0.0,1,3,1,0,1,0,1,0,0,1,0,0,0,alto
5,10000.0,18,1.0,1,1,1,0,0,0,0,0,1,0,0,0,0,medio_baixo
6,10000.0,10,1.0,6,3,1,0,0,0,1,1,0,1,0,0,0,alto
8,10000.0,40,0.7,2,6,1,0,0,0,1,1,1,1,1,0,1,medio_alto
11,150000.0,567,0.8112874779541446,4,2,1,0,0,0,1,0,1,0,0,0,0,gratuito
6,10000.0,27,0.8888888888888888,103,3,1,0,0,0,0,1,0,0,0,0,0,baixo
1,0.0,0,0.0,2,3,1,0,0,0,0,1,1,0,0,0,0,gratuito
7,10000.0,0,0.0,1,1,1,0,0,0,0,0,0,0,0,0,1,medio_alto
9,10000.0,21,0.8571428571428571,8,1,1,1,0,0,0,0,0,1,0,0,0,medio_alto
10,10000.0,18,0.8888888888888888,1,2,1,0,0,0,0,1,1,0,0,0,0,medio_baixo
3,0.0,0,0.0,1,3,1,0,0,0,1,0,0,0,1,0,0,gratuito
4,35000.0,12,0.8333333333333334,5,3,1,1,1,0,1,0,0,1,0,1,0,gratuito
7,10000.0,29,0.4827586206896552,2,4,1,0,1,0,1,0,0,1,0,1,1,alto
2,35000.0,1086,0.9760589318600368,13,3,1,1,1,3,1,1,0,0,0,0,0,medio_alto
2,10000.0,1,1.0,1,4,1,0,0,0,1,0,0,1,0,1,1,medio_baixo
6,10000.0,12,0.6666666666666666,1,3,1,0,0,0,1,1,0,0,0,0,0,medio_baixo
12,35000.0,51,0.7254901960784313,7,1,1,0,0,0,0,0,0,1,0,0,0,medio_alto
1,0.0,0,0.0,2,2,1,0,0,0,0,0,1,1,0,0,0,medio_alto
3,350000.0,1732,0.9405311778290993,1,3,1,0,1,0,1,0,0,0,0,0,1,gratuito
3,35000.0,688,0.9505813953488372,3,2,1,0,0,0,0,0,1,0,0,0,1,alto
2,0.0,0,0.0,0,0,1,0,0,0,0,0,0,0,0,0,0,gratuito
3,10000.0,3,1.0,1,1,1,0,0,0,0,0,1,0,0,0,0,medio_alto
4,35000.0,16,0.625,1,4,1,0,0,0,1,1,1,0,1,0,0,alto
6,10000.0,17,0.7058823529411765,1,6,1,0,0,0,1,0,1,0,1,1,1,medio_baixo
3,10000.0,1,1.0,3,5,1,0,0,0,0,1,1,1,1,0,1,medio_alto
2,10000.0,180,0.5333333333333333,5,3,1,0,0,0,1,0,0,0,1,1,0,alto
7,10000.0,6,1.0,1,2,1,0,0,0,1,0,0,1,0,0,0,baixo
7,10000.0,77,0.9090909090909091,1,4,1,1,1,0,1,0,0,1,0,1,1,alto
6,10000.0,14,1.0,2,2,1,0,0,0,1,0,1,0,0,0,0,medio_baixo
9,10000.0,27,0.7777777777777778,1,4,1,0,0,0,1,0,1,1,0,0,1,gratuito
5,10000.0,5,0.8,1,3,1,0,0,1,1,1,1,0,0,0,0,medio_alto
6,35000.0,185,0.8432432432432433,2,3,1,0,0,0,1,1,0,0,0,0,0,gratuito
2,10000.0,0,0.0,1,1,1,0,0,0,0,0,1,0,0,0,0,medio_alto
9,35000.0,50,0.84,11,1,1,1,0,0,0,0,0,1,0,0,0,medio_alto
2,35000.0,435,0.9149425287356322,1,2,1,1,0,1,1,0,1,0,0,0,0,medio_alto
6,10000.0,1,1.0,1,3,1,0,0,0,1,1,0,1,0,0,0,medio_alto
2,10000.0,228,1.0,1,5,1,0,0,0,0,1,1,0,0,0,1,baixo
7,350000.0,79,0.8607594936708861,11,3,1,0,1,0,0,0,1,0,0,1,1,medio_alto
8,10000.0,44,0.7272727272727273,3,2,1,1,0,0,1,1,0,0,0,0,0,alto
8,10000.0,134,0.7985074626865671,1,3,1,1,1,1,0,1,0,1,0,0,1,gratuito
1,10000.0,0,0.0,2,2,1,0,0,0,1,0,0,1,0,0,0,medio_baixo
10,150000.0,2673,0.902731013842125,1,3,1,1,1,0,1,0,0,0,0,1,1,alto
3,10000.0,53,0.5849056603773585,2,1,1,0,0,0,0,1,0,0,0,0,0,medio_alto
3,10000.0,1,0.0,1,3,1,0,0,0,1,1,1,0,0,0,0,medio_baixo
1,0.0,0,0.0,30,4,1,0,0,0,1,1,0,1,0,0,1,medio_baixo
10,10000.0,19,0.8421052631578947,1,1,1,0,0,0,1,0,0,0,0,0,0,alto
8,10000.0,4,0.75,1,6,1,0,0,0,1,1,1,1,0,1,1,medio_baixo
6,10000.0,12,0.8333333333333334,1,2,1,1,1,0,1,0,0,0,1,0,0,medio_alto
6,10000.0,10,0.2,1,1,1,0,0,0,1,0,0,0,0,0,0,baixo
6,10000.0,16,0.8125,1,3,1,0,0,0,1,0,0,0,0,1,1,medio_alto
9,35000.0,535,0.9271028037383178,27,2,1,1,0,0,1,0,0,1,0,0,0,baixo
7,35000.0,105,0.6666666666666666,1,4,1,0,0,0,1,1,0,0,1,0,0,gratuito
4,35000.0,1056,0.8238636363636364,8,3,1,1,0,0,1,0,0,1,0,0,1,baixo
9,150000.0,269,0.7732342007434945,1,3,1,1,1,0,1,1,0,1,0,0,0,baixo
3,350000.0,2919,0.7451181911613566,12,4,1,0,0,0,1,1,1,0,1,0,0,baixo
2,10000.0,1,1.0,6,2,1,0,0,0,0,0,0,0,0,1,0,medio_alto
1,10000.0,0,0.0,14,2,1,1,0,0,1,0,1,0,0,0,0,alto
3,35000.0,1288,0.9114906832298136,1,1,1,0,0,1,0,1,0,0,0,0,0,alto
2,10000.0,10,0.9,1,4,1,0,0,0,1,1,0,1,0,0,0,gratuito
4,10000.0,8,0.25,13,2,1,1,0,0,0,1,1,0,0,0,0,baixo
8,10000.0,4,0.75,1,5,1,1,1,0,1,1,1,1,0,1,0,baixo
1,10000.0,0,0.0,1,3,1,0,0,0,1,1,0,1,0,0,0,medio_alto
2,150000.0,16,0.9375,3,2,1,0,0,0,1,1,0,0,0,0,0,medio_baixo
3,10000.0,1,1.0,3,3,1,0,0,0,1,0,0,1,0,1,0,baixo
3,10000.0,34,0.9411764705882353,2,2,1,0,0,0,0,0,1,1,0,0,0,medio_baixo
1,0.0,0,0.0,0,0,1,0,0,0,0,0,0,0,0,0,0,gratuito
5,10000.0,13,0.9230769230769231,1,5,1,0,0,0,1,1,0,1,0,0,1,baixo
4,0.0,0,0.0,5,2,1,0,0,0,1,0,0,1,0,0,0,gratuito
1,10000.0,32,0.84375,1,4,1,0,0,0,1,1,1,1,0,0,0,medio_baixo
6,10000.0,3,0.0,1,5,1,0,0,0,1,1,1,0,0,0,1,medio_baixo
1,10000.0,1,1.0,1,4,1,0,1,0,1,1,0,1,0,0,1,medio_baixo
9,350000.0,1724,0.6583526682134571,1,7,1,1,0,0,1,0,0,1,1,1,1,gratuito
1,0.0,0,0.0,0,0,1,0,0,0,0,0,0,0,0,0,0,gratuito
8,35000.0,71,0.49295774647887325,1,5,1,0,0,0,1,1,0,1,0,1,0,gratuito
3,10000.0,1,1.0,2,1,1,0,0,0,0,0,0,0,0,1,0,alto
4,10000.0,101,0.7029702970297029,2,3,1,1,0,1,1,0,0,0,1,0,0,medio_baixo
2,10000.0,16,0.6875,9,3,1,1,0,0,1,0,0,1,0,1,0,medio_alto
1,0.0,0,0.0,1,4,1,1,1,1,1,0,1,0,1,0,0,gratuito
2,0.0,0,0.0,0,0,1,0,0,0,0,0,0,0,0,0,0,gratuito
2,10000.0,133,0.7142857142857143,14,4,1,1,0,0,1,0,0,0,0,1,1,alto
1,35000.0,402,0.8333333333333334,14,4,1,0,0,0,1,0,0,1,0,1,1,medio_baixo
8,10000.0,9,0.6666666666666666,1,2,1,0,0,0,0,1,0,0,0,0,0,medio_alto
6,10000.0,0,0.0,1,1,1,0,0,0,0,0,0,0,1,0,0,medio_alto
2,0.0,0,0.0,26,4,1,0,1,0,1,1,1,0,0,0,0,gratuito
2,10000.0,4,1.0,1,3,1,0,0,0,1,1,0,1,0,0,0,baixo
1,0.0,0,0.0,2,3,1,0,0,5,1,0,0,1,0,0,0,gratuito
4,35000.0,6,1.0,1,1,1,0,0,0,1,0,0,0,0,0,0,medio_alto
7,10000.0,332,0.8704819277108434,2,2,1,0,0,0,0,0,1,0,0,0,1,alto
5,35000.0,10,0.9,1,2,1,0,0,0,0,0,1,1,0,0,0,medio_alto
6,10000.0,0,0.0,29,3,1,1,0,0,1,0,0,1,0,1,0,baixo
2,10000.0,38,0.8947368421052632,4,4,1,0,0,0,0,0,1,0,1,1,0,alto
7,10000.0,105,0.8380952380952381,29,2,1,1,0,0,0,0,0,1,0,1,0,baixo
5,10000.0,7,1.0,40,2,1,1,1,0,1,0,0,1,0,0,0,medio_alto
2,0.0,0,0.0,1,3,1,0,0,0,0,0,0,0,1,0,0,gratuito
4,10000.0,24,0.6666666666666666,1,3,1,0,0,0,1,1,0,1,0,0,0,medio_alto
9,10000.0,3,0.3333333333333333,1,3,1,0,0,0,1,0,0,1,1,0,0,medio_baixo
2,10000.0,32,0.8125,1,1,1,0,0,1,0,0,0,0,1,0,0,alto
4,10000.0,14,0.7142857142857143,16,4,1,1,0,0,1,0,0,1,0,1,1,medio_baixo
6,35000.0,25,1.0,1,2,1,1,1,0,1,0,1,0,0,0,0,medio_baixo
2,0.0,0,0.0,9,5,1,0,0,0,1,1,1,1,0,0,0,gratuito
2,0.0,0,0.0,0,0,1,0,0,0,0,0,0,0,0,0,0,gratuito
2,35000.0,3,0.6666666666666666,1,2,1,0,0,0,1,0,0,0,1,0,0,medio_alto
8,35000.0,30,0.6333333333333333,1,5,1,0,0,0,1,1,0,1,1,1,0,medio_alto
3,10000.0,7,1.0,3,1,1,0,0,0,0,1,0,0,0,0,0,medio_baixo
1,0.0,0,0.0,26,3,1,0,0,0,1,1,0,0,0,0,0,gratuito
12,35000.0,3,0.0,1,6,1,0,0,0,1,1,1,1,0,1,1,medio_alto
2,10000.0,4,1.0,1,2,1,0,1,0,1,0,0,1,0,0,0,baixo
3,75000.0,135,0.9259259259259259,29,4,1,1,1,1,1,1,0,1,0,0,1,medio_alto
1,10000.0,0,0.0,4,4,1,0,0,0,1,1,1,1,0,0,0,alto
8,35000.0,454,0.3920704845814978,3,6,1,0,0,0,1,1,0,0,1,0,1,baixo
5,35000.0,10,0.8,1,3,1,0,0,0,1,1,1,0,0,0,0,baixo
5,350000.0,4300,0.8232558139534883,13,1,1,1,1,2,0,0,0,0,1,0,0,medio_alto
2,10000.0,0,0.0,1,1,1,0,0,0,0,1,0,0,0,0,0,baixo
4,10000.0,119,0.8991596638655462,6,2,1,0,0,0,1,1,0,0,0,0,0,medio_baixo
2,10000.0,1,1.0,1,3,1,0,0,0,1,1,0,0,0,0,0,baixo
8,75000.0,6,0.6666666666666666,1,2,1,0,0,0,1,0,0,0,0,1,0,baixo
1,10000.0,0,0.0,8,2,1,0,0,0,1,0,1,0,0,0,0,alto
5,150000.0,99,0.7373737373737373,8,4,1,0,0,0,1,1,1,0,0,1,0,baixo
2,10000.0,0,0.0,6,3,1,0,0,0,0,0,0,1,1,0,1,medio_alto
3,10000.0,0,0.0,1,3,1,1,1,0,1,0,0,1,0,0,1,baixo
1,0.0,0,0.0,4,3,1,0,0,0,1,0,1,0,0,1,0,medio_baixo
9,10000.0,33,0.8787878787878788,1,3,1,1,1,1,1,0,1,0,1,0,0,alto
1,0.0,0,0.0,0,0,1,0,0,0,0,0,0,0,0,0,0,gratuito
9,35000.0,54,0.42592592592592593,1,2,1,0,0,0,1,0,0,1,0,0,0,baixo
9,10000.0,2,0.5,1,1,1,0,0,0,0,1,0,0,0,0,0,baixo
2,35000.0,95,0.968421052631579,7,2,1,1,0,0,1,0,1,0,0,0,0,alto
1,75000.0,1,1.0,1,1,1,0,0,0,0,0,0,0,1,0,0,baixo
1,10000.0,0,0.0,1,4,1,0,0,0,1,1,0,1,0,0,0,alto
3,10000.0,44,0.9318181818181818,1,2,1,0,1,0,1,1,0,0,0,0,0,alto
1,10000.0,0,0.0,2,1,1,0,0,0,1,0,0,0,0,0,0,medio_alto
5,35000.0,9,0.4444444444444444,2,3,1,0,0,0,1,0,1,0,1,0,0,medio_baixo
1,0.0,0,0.0,1,3,1,0,0,0,0,0,0,0,0,1,0,gratuito
9,10000.0,10,0.8,3,3,1,0,0,0,1,0,1,1,0,0,0,alto
8,10000.0,18,0.7222222222222222,1,4,1,0,0,0,1,1,1,0,0,0,0,baixo
1,10000.0,0,0.0,1,1,1,0,0,0,0,0,0,1,0,0,0,baixo
7,10000.0,177,0.5480225988700564,6,3,1,0,0,0,1,0,1,0,0,0,0,gratuito
2,10000.0,0,0.0,10,3,1,0,0,0,1,0,0,1,0,0,0,medio_alto
12,350000.0,1651,0.7359176256814052,20,4,1,1,1,0,1,0,0,1,0,1,1,alto
4,0.0,0,0.0,0,0,1,0,0,0,0,0,0,0,0,0,0,gratuito
4,0.0,0,0.0,1,5,1,1,0,1,0,0,0,1,1,1,0,gratuito
2,10000.0,0,0.0,6,0,1,0,0,0,0,0,0,0,0,0,0,medio_baixo
8,10000.0,37,0.8648648648648649,4,3,1,0,0,0,1,0,1,1,0,0,0,alto
3,0.0,0,0.0,103,3,1,0,0,0,1,0,0,1,0,0,1,baixo
8,35000.0,88,0.7386363636363636,27,1,1,1,0,0,1,0,0,0,0,0,0,medio_alto
2,10000.0,0,0.0,7,4,1,0,0,3,0,0,1,1,1,0,0,alto
1,35000.0,5,1.0,1,2,1,0,0,0,1,0,0,0,1,0,0,medio_alto
2,350000.0,1,1.0,2,3,1,0,0,0,1,1,1,0,0,0,0,medio_baixo
4,0.0,0,0.0,3,3,1,1,0,0,1,1,0,0,0,0,0,gratuito
2,10000.0,1,1.0,1,1,1,1,1,0,0,0,0,1,0,0,0,medio_baixo
7,10000.0,0,0.0,4,3,1,0,0,0,1,1,1,0,0,0,0,medio_alto
8,10000.0,18,0.5555555555555556,1,4,1,0,0,0,1,0,0,1,0,1,1,medio_baixo
7,10000.0,35,0.6,3,4,1,0,0,0,1,1,1,0,1,0,0,alto
6,10000.0,12,0.3333333333333333,1,1,1,0,0,0,0,0,0,0,0,0,1,alto
2,10000.0,237,0.7932489451476793,4,1,1,0,0,0,1,0,0,0,0,0,0,medio_alto
15,10000.0,78,0.6282051282051282,3,1,1,0,0,0,0,1,0,0,0,0,0,medio_baixo
2,0.0,0,0.0,2,3,1,0,0,0,1,1,0,0,0,0,0,gratuito
6,10000.0,16,0.5625,1,5,1,0,0,1,1,0,1,1,0,1,0,gratuito
1,0.0,0,0.0,0,0,1,0,0,0,0,0,0,0,0,0,0,gratuito
3,35000.0,97,0.8041237113402062,4,1,1,0,0,0,0,0,0,0,0,1,0,alto
1,35000.0,470,0.8808510638297873,13,3,1,0,0,0,1,0,0,0,0,1,1,alto
8,35000.0,5,0.4,1,5,1,0,0,0,1,0,0,1,1,1,1,baixo
9,3500000.0,59348,0.8457909280851924,11,2,1,0,0,4,0,1,0,0,0,0,0,gratuito
4,75000.0,447,0.7762863534675615,2,4,1,1,1,0,1,0,1,1,1,0,0,alto
17,150000.0,1192,0.8087248322147651,10,2,1,0,0,0,0,0,1,0,1,0,0,baixo
2,10000.0,0,0.0,1,7,1,0,0,0,1,1,1,1,1,0,1,baixo
2,0.0,0,0.0,2,3,1,1,1,0,1,0,0,1,0,0,0,gratuito
9,350000.0,2938,0.8921034717494895,1,4,1,1,1,1,1,1,0,0,0,1,1,medio_alto
8,10000.0,6,0.6666666666666666,1,5,1,0,0,0,1,1,1,1,0,0,0,gratuito
7,10000.0,12,1.0,1,4,1,0,0,0,1,0,1,0,1,0,0,medio_alto
1,10000.0,0,0.0,1,2,1,0,0,0,0,0,0,1,0,0,1,medio_baixo
3,10000.0,28,0.8571428571428571,1,3,1,1,0,0,1,0,0,1,0,0,0,medio_baixo
2,10000.0,0,0.0,1,3,1,0,1,1,1,1,0,0,0,0,0,gratuito
4,0.0,0,0.0,3,2,1,0,0,0,0,0,0,0,0,0,0,gratuito
1,0.0,0,0.0,0,0,1,0,0,0,0,0,0,0,0,0,0,gratuito
4,0.0,0,0.0,1,3,1,0,1,0,1,0,1,1,0,0,0,gratuito
15,10000.0,13108,0.7626640219713152,9,1,1,0,0,2,0,1,0,0,0,0,0,medio_alto
1,0.0,0,0.0,0,0,1,0,0,0,0,0,0,0,0,0,0,gratuito
7,10000.0,15,0.3333333333333333,2,3,1,0,0,0,1,0,0,0,1,1,0,baixo
4,10000.0,189,0.9576719576719577,29,3,1,0,0,0,1,0,0,1,0,0,1,baixo
1,10000.0,0,0.0,8,3,1,0,0,1,0,0,0,0,1,1,0,alto
3,10000.0,0,0.0,1,1,1,0,0,0,0,0,0,0,1,0,0,alto
2,10000.0,5,1.0,1,6,1,0,0,0,1,1,1,1,1,0,1,alto
5,10000.0,0,0.0,2,2,1,0,0,0,0,0,0,0,0,1,0,alto
5,350000.0,3307,0.9742969458723919,2,3,1,0,0,1,0,1,1,0,0,0,0,gratuito
5,10000.0,1,0.0,2,5,1,0,0,0,1,1,0,0,1,0,1,medio_alto
4,0.0,0,0.0,0,0,1,0,0,0,0,0,0,0,0,0,0,gratuito
1,10000.0,125,0.944,2,2,1,0,0,0,1,0,0,1,0,0,0,medio_baixo
1,0.0,0,0.0,1,1,1,0,0,0,0,0,0,1,0,0,0,baixo
2,0.0,0,0.0,16,4,1,0,0,4,0,0,0,1,1,0,1,gratuito
2,10000.0,4,1.0,1,3,1,0,0,0,1,0,1,1,0,0,0,medio_baixo
3,10000.0,135,0.6296296296296297,3,4,1,0,0,6,1,0,0,1,0,1,1,alto
1,0.0,0,0.0,1,3,1,0,0,0,0,0,0,1,0,1,0,gratuito
1,75000.0,1202,0.9051580698835274,9,3,1,0,0,0,1,0,0,0,0,0,1,alto
2,10000.0,0,0.0,2,3,1,0,0,0,1,1,1,0,0,0,0,baixo
11,10000.0,36,0.6388888888888888,1,3,1,1,1,0,1,1,0,0,0,0,0,medio_baixo
2,10000.0,20,0.8,1,3,1,0,0,1,1,0,1,0,1,0,0,medio_baixo
2,10000.0,0,0.0,1,4,1,0,1,1,1,0,1,1,0,0,0,gratuito
1,0.0,0,0.0,5,3,1,0,0,0,1,0,0,0,0,1,1,alto
8,10000.0,9,1.0,2,3,1,1,1,0,0,0,0,0,0,0,0,alto
1,10000.0,175,0.7771428571428571,13,3,1,0,0,0,1,0,0,0,1,1,0,alto
8,10000.0,33,0.6363636363636364,8,2,1,0,0,0,0,0,1,1,0,0,0,medio_alto
5,0.0,0,0.0,1,3,1,1,0,1,1,0,1,0,0,0,0,gratuito
3,10000.0,4,0.25,1,3,1,0,0,0,1,1,1,0,0,0,0,baixo
3,0.0,0,0.0,0,0,1,0,0,0,0,0,0,0,0,0,0,gratuito
4,10000.0,7,1.0,5,3,1,0,0,0,1,1,0,0,0,0,0,baixo
16,350000.0,1659,0.8728149487643159,1,3,1,0,0,1,0,1,1,0,0,1,0,medio_baixo
1,10000.0,24,0.9166666666666666,5,3,1,0,0,0,1,0,0,0,0,1,1,alto
9,10000.0,6,0.6666666666666666,1,3,1,0,0,0,0,1,1,0,0,0,0,baixo
4,75000.0,2729,0.9512641993404177,11,4,1,1,0,0,1,0,1,0,0,1,1,alto
2,10000.0,51,0.8627450980392157,12,3,1,0,0,0,1,1,1,0,0,0,0,medio_baixo
1,10000.0,0,0.0,1,3,1,0,0,0,1,1,0,0,0,1,0,alto
2,0.0,0,0.0,1,4,1,0,0,0,1,1,1,0,0,1,0,gratuito
5,0.0,0,0.0,2,3,1,0,0,0,1,0,1,1,0,0,0,gratuito
4,10000.0,2,1.0,1,3,1,0,0,0,0,0,1,1,0,0,0,alto
5,10000.0,51,0.8823529411764706,29,2,1,0,0,0,1,0,1,0,0,0,0,medio_alto
1,10000.0,0,0.0,9,4,1,1,1,0,1,0,1,0,1,1,0,alto
3,10000.0,7,1.0,1,3,1,0,0,0,1,1,0,1,0,0,0,baixo
7,10000.0,12,0.25,1,1,1,0,0,0,1,0,0,0,0,0,0,baixo
10,1500000.0,15175,0.9031960461285008,7,4,1,0,0,1,1,1,0,1,0,0,1,medio_baixo
4,10000.0,29,0.13793103448275862,1,2,1,0,0,0,1,1,0,0,0,0,0,medio_baixo
6,10000.0,3,0.3333333333333333,1,1,1,0,0,1,0,0,0,1,0,0,0,baixo
7,10000.0,154,0.8636363636363636,12,3,1,1,0,0,1,1,1,0,0,0,0,baixo
2,10000.0,15,0.8666666666666667,1,1,1,0,0,0,0,0,0,0,0,1,0,medio_alto
6,10000.0,125,0.88,11,4,1,0,0,2,1,1,0,1,0,0,1,medio_alto
4,10000.0,10,0.9,24,5,1,0,0,0,1,1,0,1,0,1,0,medio_alto
4,10000.0,0,0.0,1,1,1,0,0,0,0,0,1,0,0,0,0,baixo
1,10000.0,0,0.0,12,3,1,0,0,1,0,1,1,1,0,0,0,alto
10,10000.0,79,0.5316455696202531,11,2,1,0,0,0,1,0,0,1,0,0,0,medio_baixo
3,10000.0,58,0.9310344827586207,1,3,1,0,0,0,1,0,1,1,0,0,0,medio_alto
1,10000.0,0,0.0,5,3,1,0,0,0,0,1,1,1,0,0,0,alto
7,35000.0,1446,0.9647302904564315,2,1,1,0,0,0,0,0,1,0,0,0,0,medio_alto
8,10000.0,4,0.75,1,2,1,0,0,0,0,0,1,1,0,0,0,medio_alto
7,10000.0,37,0.7837837837837838,1,3,1,0,0,0,1,0,0,1,0,0,1,gratuito
6,10000.0,9,0.7777777777777778,1,8,1,0,0,0,1,1,1,1,1,1,1,alto
2,10000.0,3,0.3333333333333333,1,3,1,0,0,0,0,0,0,1,0,1,1,baixo
1,0.0,0,0.0,1,2,1,0,0,0,1,0,0,0,0,0,0,gratuito
2,75000.0,47,0.6170212765957447,1,2,1,0,0,0,0,1,0,0,0,0,1,medio_baixo
1,10000.0,3,1.0,2,2,1,0,0,0,1,0,1,0,0,0,0,medio_alto
13,150000.0,717,0.7768479776847977,2,2,1,1,1,0,1,1,0,0,0,0,0,medio_alto
8,35000.0,180,0.9555555555555556,10,1,1,1,1,0,1,0,0,0,0,0,0,medio_baixo
6,75000.0,1020,0.7568627450980392,1,3,1,0,0,0,1,0,0,0,1,1,0,alto
5,10000.0,2,0.5,1,5,1,0,0,0,1,1,1,0,1,1,0,medio_baixo
2,10000.0,10,0.1,1,2,1,0,0,0,0,0,0,0,1,1,0,baixo
2,10000.0,12,0.9166666666666666,1,2,1,1,0,0,0,0,0,0,1,0,0,alto
8,10000.0,3,1.0,1,2,1,0,0,0,1,1,0,0,0,0,0,medio_baixo
2,10000.0,3,0.3333333333333333,2,2,1,0,0,0,1,0,0,0,0,0,1,medio_baixo
4,75000.0,6,1.0,1,4,1,0,0,0,1,0,1,0,1,1,0,medio_alto
6,10000.0,3,0.0,1,3,1,0,0,0,1,1,1,0,0,0,0,baixo
2,150000.0,49,0.8571428571428571,1,2,1,0,0,0,0,0,0,0,1,1,0,medio_baixo
6,10000.0,42,0.5952380952380952,1,1,1,0,0,0,1,0,0,0,0,0,0,baixo
8,10000.0,60,0.8833333333333333,1,4,1,0,0,0,1,1,0,0,0,0,1,baixo
8,10000.0,8,1.0,1,2,1,0,0,0,0,0,0,0,0,0,0,medio_alto
2,0.0,0,0.0,0,0,1,0,0,0,0,0,0,0,0,0,0,gratuito
3,10000.0,17,0.7058823529411765,11,6,1,1,0,0,1,1,1,1,0,1,0,baixo
3,10000.0,4,0.5,1,2,1,0,0,0,1,0,0,0,1,0,0,medio_baixo
7,10000.0,59,0.423728813559322,3,5,1,0,0,0,1,1,1,0,1,0,0,baixo
5,10000.0,15,0.6666666666666666,1,3,1,0,0,0,1,0,0,1,0,0,0,medio_baixo
1,0.0,0,0.0,0,0,1,0,0,0,0,0,0,0,0,0,0,gratuito
3,0.0,0,0.0,103,3,1,1,1,0,1,0,0,1,0,1,0,baixo
1,10000.0,0,0.0,28,2,1,0,0,0,1,0,0,1,0,0,0,baixo
9,10000.0,51,0.8431372549019608,3,2,1,0,0,0,0,0,0,1,0,0,1,alto
2,10000.0,42,0.6904761904761905,6,2,1,1,1,0,0,0,0,0,0,1,1,medio_alto
6,10000.0,13,0.9230769230769231,11,3,1,0,0,0,1,0,0,1,0,1,0,baixo
2,0.0,0,0.0,0,0,1,0,0,0,0,0,0,0,0,0,0,gratuito
3,10000.0,12,0.8333333333333334,2,2,1,0,0,0,1,0,1,0,0,0,0,alto
4,150000.0,9,0.8888888888888888,1,3,1,0,1,0,1,1,0,0,0,0,0,gratuito
3,35000.0,5,1.0,1,2,1,1,0,1,1,0,1,0,0,0,0,medio_baixo
1,10000.0,6,1.0,1,2,1,0,0,0,1,0,0,1,0,0,0,medio_baixo
5,10000.0,6,0.5,1,1,1,0,0,0,0,1,0,0,0,0,0,baixo
5,150000.0,4982,0.9630670413488559,2,5,1,0,0,0,1,1,1,1,0,0,0,baixo
2,10000.0,0,0.0,1,3,1,0,0,0,1,0,0,1,0,0,0,alto
1,0.0,0,0.0,3,4,1,0,0,0,1,1,0,1,0,0,0,gratuito
4,10000.0,3,0.6666666666666666,3,4,1,0,0,0,1,0,0,1,0,1,0,medio_alto
10,350000.0,3871,0.9480754327047275,2,1,1,0,0,0,0,1,0,0,0,0,0,alto
7,35000.0,141,0.8156028368794326,2,2,1,0,0,0,1,1,0,0,0,0,0,medio_alto
9,750000.0,8549,0.9109837407883963,12,1,1,0,0,0,0,0,0,0,0,1,0,medio_alto
3,10000.0,405,0.980246913580247,9,2,1,1,1,1,1,0,1,0,0,0,0,medio_alto
9,10000.0,70,0.6571428571428571,1,5,1,0,0,0,1,0,0,0,1,1,1,medio_alto
9,35000.0,132,0.42424242424242425,9,3,1,1,1,1,1,0,0,0,1,1,0,baixo
3,10000.0,0,0.0,1,3,1,0,0,0,1,1,0,1,0,0,0,gratuito
8,10000.0,115,0.9217391304347826,1,2,1,0,0,0,1,0,0,0,1,0,0,baixo
1,10000.0,0,0.0,2,2,1,0,0,0,1,1,0,0,0,0,0,medio_alto
5,35000.0,177,0.9265536723163842,1,4,1,0,0,0,1,1,1,0,0,0,1,alto
5,10000.0,46,0.5869565217391305,1,2,1,0,0,0,1,0,1,0,0,0,0,alto
3,10000.0,0,0.0,1,3,1,1,1,0,1,0,0,1,0,0,1,baixo
5,10000.0,4,1.0,1,2,1,0,0,0,0,0,0,1,0,1,0,medio_baixo
8,150000.0,398,0.5703517587939698,1,5,1,0,0,3,1,0,0,1,0,1,1,gratuito
1,0.0,0,0.0,0,0,1,0,0,0,0,0,0,0,0,0,0,gratuito
3,35000.0,224,0.6607142857142857,11,1,1,1,0,1,0,0,1,0,0,0,0,alto
3,0.0,0,0.0,0,0,1,0,0,0,0,0,0,0,0,0,0,gratuito
7,10000.0,10,0.4,1,3,1,0,0,100,1,1,0,1,0,0,0,gratuito
4,10000.0,6,0.5,1,1,1,0,0,0,0,0,0,0,1,0,0,medio_alto
4,10000.0,0,0.0,1,2,1,0,0,0,1,0,0,1,0,0,0,baixo
9,10000.0,2,0.5,1,6,1,0,0,0,1,1,0,1,1,1,0,alto
1,10000.0,0,0.0,2,5,1,0,0,0,1,0,0,1,1,1,1,medio_baixo
1,0.0,0,0.0,2,3,1,0,0,0,0,1,0,1,0,0,0,gratuito
11,10000.0,15,0.6,2,2,1,0,1,0,1,0,0,1,0,0,0,medio_alto
4,10000.0,0,0.0,1,3,1,0,0,1,1,0,1,0,0,0,1,gratuito
8,10000.0,27,0.7777777777777778,8,3,1,1,1,0,1,0,1,1,0,0,0,medio_baixo
1,10000.0,0,0.0,1,3,1,0,0,0,1,0,1,0,0,0,1,baixo
1,10000.0,0,0.0,1,2,1,0,0,0,0,0,0,1,0,0,0,alto
6,10000.0,62,0.9032258064516129,6,1,1,1,0,1,0,0,0,1,0,0,0,baixo
7,10000.0,7,0.42857142857142855,1,5,1,0,0,0,1,1,1,1,0,1,0,baixo
2,10000.0,1,0.0,1,4,1,0,0,0,1,1,1,0,0,1,0,alto
2,10000.0,6,1.0,1,2,1,0,0,0,0,1,1,0,0,0,0,medio_baixo
1,10000.0,0,0.0,2,3,1,0,0,0,1,0,1,1,0,0,0,medio_baixo
3,10000.0,2,0.5,2,1,1,0,0,0,0,0,0,1,0,0,0,baixo
7,10000.0,20,0.2,10,2,1,0,0,0,0,1,1,0,0,0,0,medio_baixo
1,350000.0,406,0.7586206896551724,11,2,1,1,1,1,0,0,0,0,1,1,0,alto
9,10000.0,32,0.625,1,5,1,0,0,0,1,1,1,1,0,1,0,medio_baixo
4,10000.0,11,0.36363636363636365,1,3,1,0,0,0,1,0,1,1,0,0,0,medio_alto
2,10000.0,27,0.7407407407407407,2,4,1,0,0,0,1,1,1,0,0,0,1,baixo
2,10000.0,9,0.6666666666666666,1,1,1,0,0,0,0,0,1,0,0,0,0,alto
2,10000.0,44,0.9090909090909091,5,2,1,1,0,0,1,0,0,0,0,1,0,alto
6,10000.0,185,0.8972972972972973,1,3,1,1,0,0,0,0,1,1,1,0,0,alto
11,10000.0,33,0.9393939393939394,1,2,1,1,1,0,1,0,0,0,1,0,0,medio_baixo
8,75000.0,886,0.8250564334085779,3,3,1,0,0,1,1,0,0,1,0,0,1,baixo
3,10000.0,3,0.6666666666666666,7,3,1,0,0,0,1,1,0,1,0,0,0,medio_baixo
3,35000.0,238,0.8487394957983193,1,3,1,0,0,0,1,1,1,0,0,0,0,medio_baixo
7,10000.0,34,0.7352941176470589,4,2,1,0,0,0,0,0,0,1,0,1,0,alto
1,10000.0,0,0.0,1,4,1,0,0,0,1,1,0,0,0,1,0,medio_alto
10,35000.0,292,0.7191780821917808,1,6,1,0,0,7,0,0,0,0,0,0,0,medio_alto
9,35000.0,709,0.45698166431593795,8,3,1,0,0,1,1,1,1,0,0,0,0,medio_baixo
11,10000.0,121,0.9008264462809917,1,2,1,0,0,0,0,0,0,0,0,1,1,alto
11,10000.0,17,0.5882352941176471,1,1,1,1,1,0,0,0,1,0,0,0,0,medio_alto
6,35000.0,770,0.6012987012987013,1,2,1,0,0,0,1,1,0,0,0,0,0,medio_alto
4,10000.0,136,0.9044117647058824,2,5,1,0,1,0,1,1,1,0,1,0,0,baixo
5,35000.0,131,0.7709923664122137,1,3,1,0,0,0,1,0,0,1,0,1,0,baixo
3,10000.0,0,0.0,1,3,1,0,0,0,1,1,0,1,0,0,0,gratuito
4,10000.0,45,0.8222222222222222,2,4,1,1,0,0,1,0,0,1,1,0,1,baixo
9,10000.0,16,0.375,1,3,1,0,0,0,1,0,1,1,0,0,0,medio_alto
1,10000.0,4,0.75,1,2,1,0,0,0,1,0,0,0,0,0,1,medio_baixo
1,0.0,0,0.0,10,2,1,0,0,0,1,0,0,1,0,0,0,medio_alto
1,0.0,0,0.0,1,2,1,0,0,0,0,0,0,0,0,1,0,gratuito
8,750000.0,9184,0.8777221254355401,3,3,1,0,1,3,1,1,0,0,1,0,0,medio_alto
6,10000.0,79,0.8481012658227848,21,3,1,0,0,0,1,0,1,1,0,0,0,medio_alto
3,0.0,0,0.0,103,3,1,0,0,4,1,0,1,1,0,0,0,medio_baixo
4,10000.0,30,0.9666666666666667,5,4,1,1,0,0,1,1,1,0,1,0,0,medio_baixo
5,10000.0,6,0.8333333333333334,1,1,1,0,0,0,0,0,0,1,0,0,0,baixo
5,10000.0,19,0.8947368421052632,1,5,1,0,0,0,0,1,0,1,0,0,1,medio_alto
2,10000.0,29,0.5172413793103449,6,2,1,0,0,1,0,1,1,0,0,0,0,alto
11,10000.0,38,0.631578947368421,1,2,1,0,0,1,1,1,0,0,0,0,0,baixo
8,75000.0,285,0.7333333333333333,1,2,1,0,0,0,1,0,0,1,0,0,0,baixo
3,10000.0,10,1.0,1,2,1,0,0,0,0,0,0,1,0,0,0,baixo
2,10000.0,0,0.0,3,1,1,0,0,0,1,0,0,0,0,0,0,baixo
10,10000.0,23,0.9565217391304348,1,2,1,0,0,0,0,0,1,1,0,0,0,medio_alto
2,10000.0,6,1.0,1,3,1,0,0,0,0,0,0,0,0,0,1,alto
3,10000.0,38,0.7894736842105263,1,3,1,0,0,0,1,0,0,0,0,1,0,gratuito
8,35000.0,129,0.6744186046511628,1,2,1,0,0,0,1,0,0,1,0,0,0,medio_alto
3,0.0,0,0.0,0,0,1,0,0,0,0,0,0,0,0,0,0,gratuito
9,75000.0,1213,0.8070898598516076,4,3,1,0,0,2,1,1,0,0,1,0,0,medio_alto
1,10000.0,0,0.0,12,4,1,0,0,1,1,0,0,1,0,0,1,alto
7,35000.0,351,0.8547008547008547,6,3,1,1,0,2,1,0,1,1,0,0,0,medio_baixo
8,750000.0,8373,0.7878896452884271,11,1,1,0,0,4,0,0,0,0,0,1,0,medio_alto
3,10000.0,0,0.0,1,3,1,0,0,0,1,1,0,1,0,0,0,alto
3,10000.0,3,1.0,1,2,1,1,0,0,1,0,0,1,0,0,0,medio_baixo
1,10000.0,182,0.7417582417582418,2,5,1,0,0,0,1,0,1,1,1,1,0,medio_alto
3,10000.0,0,0.0,1,1,1,0,0,0,0,1,0,0,0,0,0,medio_baixo
2,10000.0,0,0.0,1,1,1,0,0,0,0,0,0,1,0,0,0,medio_baixo
3,10000.0,12,0.6666666666666666,26,4,1,0,0,0,1,1,0,1,0,0,1,medio_alto
5,350000.0,2356,0.8085738539898133,1,9,1,0,0,1,1,1,0,1,1,1,1,gratuito
6,10000.0,4,0.5,4,4,1,0,0,0,1,1,1,1,0,0,0,medio_baixo
1,35000.0,867,0.5259515570934256,12,1,1,0,0,5,0,0,0,0,0,0,1,alto
1,75000.0,12,0.5833333333333334,29,7,1,0,0,0,1,1,1,1,1,0,0,medio_alto
1,0.0,0,0.0,2,3,1,0,0,2,1,1,0,0,0,0,0,gratuito
3,10000.0,92,0.8586956521739131,2,5,1,0,0,1,1,0,1,1,1,1,0,medio_baixo
1,10000.0,0,0.0,9,2,1,1,1,0,1,0,0,1,0,0,0,baixo
6,35000.0,97,0.422680412371134,3,4,1,0,0,0,1,1,0,1,0,0,0,alto
7,10000.0,10,1.0,1,3,1,0,0,0,1,1,0,0,0,1,0,baixo
9,10000.0,7,1.0,2,4,1,0,0,0,1,1,0,0,0,0,0,alto
4,10000.0,21,0.6190476190476191,10,2,1,0,0,2,1,0,0,1,0,0,0,baixo
1,0.0,0,0.0,0,0,1,0,0,0,0,0,0,0,0,0,0,gratuito
7,10000.0,56,0.8392857142857143,1,7,1,1,0,0,1,1,1,1,1,1,0,gratuito
2,10000.0,0,0.0,1,5,1,0,1,0,1,0,1,0,1,1,1,medio_alto
10,750000.0,505,0.5168316831683168,1,4,1,0,0,0,1,1,1,1,0,0,0,baixo
1,10000.0,84,0.8452380952380952,2,10,1,0,0,0,1,1,1,1,1,1,1,medio_alto
9,35000.0,62,0.6935483870967742,1,3,1,0,0,0,1,1,0,1,0,0,0,medio_baixo
6,10000.0,8,0.625,1,4,1,0,0,0,1,0,1,0,1,0,0,medio_alto
6,10000.0,28,0.9285714285714286,1,3,1,1,0,1,1,1,0,0,0,0,0,gratuito
4,10000.0,37,0.8918918918918919,1,2,1,0,0,0,1,0,0,1,0,0,0,medio_alto
11,35000.0,274,0.8905109489051095,8,2,1,0,0,0,1,1,0,0,0,0,0,medio_alto
1,10000.0,51,0.5490196078431373,8,2,1,0,0,0,0,1,0,0,0,0,0,medio_baixo
1,0.0,0,0.0,0,0,1,0,0,0,0,0,0,0,0,0,0,gratuito
3,10000.0,433,0.6558891454965358,12,2,1,0,0,5,0,0,1,0,1,0,0,medio_alto
6,10000.0,8,0.875,1,3,1,0,0,0,1,1,1,0,0,0,0,medio_alto
3,0.0,0,0.0,0,0,1,0,0,0,0,0,0,0,0,0,0,gratuito
10,750000.0,12598,0.9701539926972536,3,2,1,0,0,3,1,0,0,1,0,0,0,medio_alto
8,10000.0,46,0.8695652173913043,1,2,1,1,0,0,1,0,1,0,0,0,0,alto
4,10000.0,13,1.0,1,2,1,0,0,0,1,1,0,0,0,0,0,gratuito
2,10000.0,0,0.0,2,4,1,0,0,0,1,1,1,0,1,0,0,medio_alto
1,10000.0,0,0.0,1,4,1,0,0,0,0,1,1,0,1,0,0,medio_alto
7,7500000.0,182277,0.9779072510519704,17,2,1,1,1,1,1,0,0,0,0,1,0,medio_baixo
4,35000.0,8,0.625,1,1,1,0,0,0,1,0,0,0,0,0,0,baixo
2,10000.0,0,0.0,3,2,1,0,0,1,1,0,0,1,0,0,0,alto
1,0.0,0,0.0,0,0,1,0,0,0,0,0,0,0,0,0,0,gratuito
1,10000.0,0,0.0,1,3,1,1,1,0,0,0,1,1,0,0,1,medio_alto
1,0.0,0,0.0,3,6,1,0,0,0,0,0,1,1,1,0,0,gratuito
4,10000.0,38,0.5,1,3,1,0,0,0,0,1,1,0,1,0,0,alto
4,35000.0,9,0.5555555555555556,1,2,1,0,0,0,1,1,0,0,0,0,0,medio_alto
1,10000.0,7,1.0,7,3,1,0,0,0,1,0,0,1,0,1,0,baixo
2,10000.0,2,1.0,2,2,1,0,0,0,0,0,0,1,0,1,0,baixo
2,10000.0,31,1.0,1,3,1,0,1,0,1,0,0,1,0,1,0,medio_baixo
5,10000.0,1,0.0,2,4,1,0,0,0,1,0,0,0,1,1,0,baixo
1,0.0,0,0.0,1,5,1,0,0,0,1,0,1,1,0,0,1,gratuito
2,10000.0,1,1.0,1,1,1,0,0,0,0,0,0,1,0,0,0,baixo
13,150000.0,1191,0.48530646515533166,5,3,1,0,0,0,1,1,1,0,0,0,0,baixo
5,0.0,0,0.0,0,2,1,0,0,0,0,0,0,0,0,0,0,gratuito
6,10000.0,0,0.0,27,1,1,1,1,0,0,1,0,0,0,0,0,baixo
6,35000.0,52,0.8269230769230769,1,5,1,0,0,0,1,1,0,1,0,1,1,baixo
1,10000.0,0,0.0,1,3,1,0,0,0,1,0,1,0,1,0,0,medio_baixo
4,0.0,0,0.0,0,0,1,0,0,0,0,0,0,0,0,0,0,gratuito
5,10000.0,13,0.6153846153846154,1,1,1,0,0,0,0,0,0,0,1,0,0,gratuito
9,10000.0,5,0.8,1,3,1,0,0,0,1,1,0,1,0,0,0,medio_alto
3,10000.0,17,0.9411764705882353,2,2,1,1,1,0,1,0,1,0,0,0,0,baixo
3,10000.0,40,0.825,3,3,1,0,1,0,1,1,1,0,0,0,0,medio_baixo
1,10000.0,0,0.0,1,3,1,0,0,0,1,0,0,1,0,0,1,medio_baixo
5,35000.0,34,0.8823529411764706,1,1,1,0,0,0,1,0,0,0,0,0,0,baixo
2,10000.0,3,1.0,1,3,1,0,0,0,1,0,1,1,0,0,0,medio_baixo
6,10000.0,18,0.6666666666666666,2,2,1,0,0,0,1,0,0,0,0,0,1,medio_alto
3,10000.0,2,1.0,1,2,1,0,0,0,1,0,0,0,0,1,0,baixo
10,10000.0,43,0.6511627906976745,1,3,1,0,0,0,1,1,0,1,0,0,0,baixo
4,10000.0,0,0.0,1,1,1,0,0,1,0,0,0,1,0,0,0,baixo
8,10000.0,166,0.6566265060240963,1,4,1,0,0,0,1,1,0,0,0,0,1,medio_alto
3,10000.0,57,0.5964912280701754,2,3,1,0,0,0,1,0,1,1,0,0,0,gratuito
6,35000.0,123,0.7073170731707317,1,3,1,0,0,0,1,1,0,0,0,0,1,baixo
1,10000.0,21,1.0,4,5,1,0,0,0,1,0,1,1,1,0,1,baixo
2,0.0,0,0.0,0,0,1,0,0,0,0,0,0,0,0,0,0,gratuito
3,10000.0,0,0.0,1,4,1,1,0,1,1,0,1,1,0,0,1,medio_baixo
2,10000.0,0,0.0,5,1,1,1,1,0,0,0,0,0,1,0,0,alto
1,10000.0,0,0.0,1,2,1,0,0,2,1,1,0,0,0,0,0,alto
3,0.0,0,0.0,1,4,1,0,0,0,1,0,1,1,0,0,0,gratuito
2,0.0,0,0.0,0,0,1,0,0,0,0,0,0,0,0,0,0,gratuito
3,35000.0,5,0.8,2,3,1,1,1,0,1,1,1,0,0,0,0,medio_alto
1,0.0,0,0.0,0,0,1,0,0,0,0,0,0,0,0,0,0,gratuito
5,10000.0,68,0.9558823529411765,1,3,1,1,0,0,1,0,1,0,1,0,0,medio_alto
8,75000.0,153,0.6666666666666666,4,3,1,1,1,0,1,0,0,1,0,1,0,baixo
5,75000.0,3,1.0,1,2,1,0,0,0,1,0,1,0,0,0,0,baixo
1,10000.0,13,0.8461538461538461,10,4,1,0,0,0,1,1,0,0,1,1,0,medio_alto
2,10000.0,0,0.0,3,4,1,0,0,0,1,1,1,0,1,0,0,medio_alto
1,35000.0,10,1.0,1,2,1,0,0,0,1,0,0,1,0,0,0,medio_baixo
2,0.0,0,0.0,13,2,1,1,0,0,0,0,0,0,0,1,0,gratuito
1,0.0,0,0.0,1,4,1,0,0,0,1,1,1,0,0,0,0,baixo
3,10000.0,3,1.0,30,3,1,1,1,0,1,1,0,1,0,0,0,baixo
11,75000.0,222,0.9144144144144144,1,3,1,0,0,0,1,0,1,0,0,0,0,gratuito
9,10000.0,11,0.7272727272727273,2,3,1,0,1,0,1,0,0,1,0,1,0,baixo
9,10000.0,31,0.7419354838709677,1,2,1,0,0,0,1,0,0,1,0,0,0,baixo
4,35000.0,3,0.3333333333333333,4,3,1,0,0,0,1,1,1,0,0,0,0,medio_baixo
3,10000.0,1,1.0,1,4,1,0,0,0,1,0,1,1,1,0,0,medio_alto
5,10000.0,0,0.0,3,2,1,0,0,5,1,0,0,1,0,0,0,baixo
5,10000.0,2,0.0,2,1,1,0,0,0,0,0,0,0,0,0,1,alto
17,350000.0,1100,0.6027272727272728,7,1,1,0,0,0,0,1,0,0,0,0,0,medio_baixo
2,0.0,0,0.0,0,0,1,0,0,0,0,0,0,0,0,0,0,gratuito
15,3500000.0,54997,0.9432514500790953,8,1,1,0,0,0,0,1,0,0,0,0,0,medio_alto
6,35000.0,36,0.8611111111111112,1,1,1,0,0,0,0,0,0,0,0,0,0,gratuito
5,10000.0,34,1.0,9,1,1,0,0,0,0,0,0,1,0,0,0,baixo
7,35000.0,16,0.9375,1,3,1,1,0,0,1,1,1,0,0,0,0,baixo
3,35000.0,14,1.0,1,2,1,0,0,0,0,1,0,0,0,0,0,medio_alto
1,10000.0,5,0.6,1,5,1,0,0,0,1,1,1,0,0,0,1,medio_baixo
8,10000.0,6,1.0,1,2,1,0,0,1,1,1,0,0,0,0,0,baixo
3,10000.0,15,0.5333333333333333,3,5,1,0,0,0,1,0,1,1,0,1,1,baixo
2,10000.0,4,1.0,1,6,1,0,1,0,1,1,1,1,0,0,0,medio_baixo
1,10000.0,0,0.0,4,3,1,0,0,0,1,0,0,1,1,0,0,alto
1,10000.0,0,0.0,1,2,1,0,0,0,0,1,0,0,0,1,0,medio_alto
6,10000.0,69,0.7246376811594203,5,2,1,0,1,2,1,1,0,0,0,0,0,baixo
9,10000.0,343,0.7521865889212828,3,1,1,0,0,2,0,0,0,0,1,0,0,alto
10,35000.0,292,0.9143835616438356,2,2,1,0,0,1,0,0,1,1,0,0,0,medio_baixo
2,10000.0,0,0.0,1,2,1,1,1,0,1,0,0,1,0,0,0,baixo
7,10000.0,2,1.0,1,3,1,0,0,0,1,0,1,0,0,0,1,medio_baixo
3,0.0,0,0.0,1,4,1,0,0,1,1,1,1,0,0,0,0,gratuito
7,10000.0,0,0.0,10,3,1,1,0,3,1,0,1,0,0,0,1,alto
1,0.0,0,0.0,1,2,1,0,0,0,0,0,0,0,0,0,1,alto
3,10000.0,9,0.6666666666666666,1,1,1,0,0,1,0,0,1,0,0,0,0,alto
1,350000.0,9433,0.9759355454256334,1,1,1,0,0,0,0,0,0,0,0,1,0,medio_baixo
12,750000.0,2881,0.7046164526206179,5,2,1,1,1,0,1,0,1,0,0,0,0,medio_baixo
6,10000.0,218,0.9587155963302753,7,3,1,0,0,1,1,1,1,0,0,0,0,medio_baixo
1,0.0,0,0.0,2,2,1,0,0,0,0,0,1,1,0,0,0,medio_alto
4,0.0,0,0.0,5,2,1,0,0,0,0,0,0,1,0,0,0,gratuito
7,75000.0,203,0.8620689655172413,2,4,1,0,0,0,1,0,1,1,0,0,0,gratuito
7,10000.0,16,0.75,7,3,1,0,1,0,1,0,0,1,0,1,0,baixo
3,10000.0,84,0.7380952380952381,1,3,1,0,0,0,1,0,1,1,0,0,0,medio_baixo
3,10000.0,7,0.8571428571428571,7,3,1,0,0,0,1,0,0,1,0,1,0,baixo
10,750000.0,9265,0.7937398812736104,9,3,1,0,0,2,1,1,1,0,0,0,0,alto
7,10000.0,0,0.0,1,4,1,0,1,0,1,0,0,1,1,0,1,baixo
1,10000.0,0,0.0,1,4,1,0,0,0,1,1,1,0,1,0,0,medio_alto
3,0.0,0,0.0,1,4,1,0,0,0,1,1,1,0,0,0,0,gratuito
5,75000.0,154,0.6428571428571429,2,3,1,0,0,0,1,1,0,0,0,0,0,gratuito
6,35000.0,141,0.7446808510638298,2,3,1,0,1,0,1,1,0,0,0,0,0,gratuito
2,10000.0,5,1.0,2,3,1,1,0,0,1,0,0,1,0,1,0,medio_alto
7,35000.0,138,0.8188405797101449,1,2,1,1,0,0,1,0,1,0,0,0,0,medio_baixo
5,10000.0,0,0.0,1,3,1,0,0,0,1,0,0,0,0,0,1,alto
1,0.0,0,0.0,1,2,1,1,0,0,0,0,1,0,1,0,0,medio_alto
6,10000.0,11,0.8181818181818182,1,1,1,0,1,0,1,0,0,0,0,0,0,gratuito
10,10000.0,9,0.5555555555555556,1,5,1,0,0,0,1,1,1,1,0,1,0,medio_alto
3,10000.0,0,0.0,29,3,1,0,0,0,1,0,0,1,0,1,0,baixo
2,10000.0,5,1.0,1,2,1,1,0,1,1,0,0,1,0,0,0,medio_alto
3,10000.0,11,0.6363636363636364,1,1,1,0,0,0,0,1,0,0,0,0,0,baixo
5,10000.0,0,0.0,15,2,1,0,0,0,0,0,0,1,0,0,1,baixo
7,35000.0,60,0.8666666666666667,1,3,1,0,0,0,0,0,1,0,1,1,0,baixo
9,350000.0,127,0.5118110236220472,1,4,1,0,0,0,1,0,1,1,0,0,0,gratuito
4,35000.0,1,0.0,1,4,1,1,0,0,1,1,0,0,1,1,0,medio_baixo
2,0.0,0,0.0,1,3,1,0,0,0,1,0,1,1,0,0,0,gratuito
4,10000.0,24,0.6666666666666666,1,4,1,0,0,0,1,0,1,0,0,1,0,alto
8,10000.0,24,0.75,1,5,1,0,0,0,1,1,1,1,0,1,0,baixo
5,0.0,0,0.0,0,0,1,0,0,0,0,0,0,0,0,0,0,gratuito
1,10000.0,6,1.0,2,3,1,0,0,0,1,0,1,0,1,0,0,medio_alto
3,0.0,0,0.0,1,3,1,0,0,0,1,0,0,0,1,0,0,gratuito
1,0.0,0,0.0,0,0,1,0,0,0,0,0,0,0,0,0,0,gratuito
8,10000.0,6,0.16666666666666666,1,2,1,0,0,0,1,0,0,1,0,0,0,medio_baixo
6,10000.0,7,0.5714285714285714,1,2,1,1,0,0,0,0,0,0,0,1,0,gratuito
3,10000.0,13,0.9230769230769231,1,2,1,0,0,0,1,0,1,0,0,0,0,medio_baixo
3,10000.0,3,0.6666666666666666,1,2,1,1,0,0,0,0,1,1,0,0,0,medio_alto
3,10000.0,1,1.0,2,4,1,0,0,0,1,1,1,0,0,0,0,medio_alto
2,0.0,0,0.0,1,2,1,0,0,0,0,1,0,0,0,0,0,gratuito
1,0.0,0,0.0,1,4,1,0,0,0,1,1,0,1,0,0,0,medio_baixo
8,35000.0,263,0.6577946768060836,7,1,1,0,0,3,0,1,0,0,0,0,0,baixo
4,0.0,0,0.0,1,4,1,0,0,0,0,1,0,1,0,0,1,gratuito
8,10000.0,57,0.6491228070175439,27,2,1,0,0,2,1,0,0,1,0,0,0,medio_baixo
2,10000.0,19,0.631578947368421,2,2,1,0,0,0,1,0,0,1,0,0,0,baixo
2,0.0,0,0.0,1,2,1,0,0,0,1,0,0,0,0,0,0,gratuito
1,0.0,0,0.0,1,3,1,0,0,0,1,0,0,1,0,0,1,medio_baixo
7,10000.0,18,0.5555555555555556,103,5,1,0,0,0,1,0,1,1,0,1,1,baixo
5,10000.0,0,0.0,3,3,1,0,0,0,1,1,0,0,1,0,0,medio_alto
5,0.0,0,0.0,0,0,1,0,0,0,0,0,0,0,0,0,0,gratuito
3,75000.0,303,0.636963696369637,10,2,1,0,0,0,0,0,0,0,1,1,0,medio_baixo
2,10000.0,7,1.0,2,3,1,0,0,3,1,0,0,1,0,0,1,alto
1,0.0,0,0.0,1,2,1,0,0,0,0,1,0,0,0,0,0,gratuito
1,0.0,0,0.0,3,3,1,0,0,0,0,0,0,1,0,1,0,gratuito
7,10000.0,0,0.0,1,6,1,0,0,0,1,0,1,1,1,1,1,medio_baixo
2,10000.0,3,0.6666666666666666,1,3,1,0,0,0,0,1,1,1,0,0,0,baixo
5,750000.0,2694,0.4821826280623608,12,2,1,0,0,0,0,0,0,1,0,0,0,alto
4,10000.0,0,0.0,1,3,1,0,0,0,0,0,1,1,0,0,0,gratuito
3,75000.0,176,0.3465909090909091,13,5,1,0,0,0,1,0,1,1,0,1,1,alto
3,10000.0,192,0.6979166666666666,8,4,1,0,0,0,1,1,1,0,1,0,0,medio_baixo
9,10000.0,4,1.0,1,5,1,0,0,0,1,1,0,0,0,0,1,medio_baixo
3,10000.0,0,0.0,1,5,1,0,1,4,1,0,1,1,1,1,0,medio_alto
10,35000.0,155,0.7419354838709677,2,5,1,0,1,0,1,0,0,1,0,1,1,baixo
6,10000.0,20,0.6,5,3,1,0,0,0,1,1,1,0,0,0,0,baixo
2,10000.0,21,0.7142857142857143,1,4,1,0,0,0,1,1,1,0,1,0,0,medio_alto
1,0.0,0,0.0,1,2,1,0,0,0,0,1,0,0,0,0,0,gratuito
3,10000.0,12,0.8333333333333334,1,4,1,0,0,0,1,1,1,0,0,0,0,medio_baixo
7,10000.0,62,0.9838709677419355,1,4,1,0,0,0,1,1,1,1,0,0,0,baixo
2,35000.0,175,0.6,13,2,1,0,0,0,1,1,0,0,0,0,0,medio_alto
3,75000.0,1412,0.9419263456090652,13,1,1,0,0,0,1,0,0,0,0,0,0,medio_alto
8,10000.0,1,1.0,1,3,1,1,0,0,1,1,1,0,0,0,0,alto
1,0.0,0,0.0,12,3,1,0,0,5,1,1,0,0,0,0,0,gratuito
1,35000.0,8,0.25,8,4,1,0,0,0,1,1,1,0,1,0,0,medio_baixo
16,3500000.0,36388,0.7368638012531604,8,5,1,1,0,22,0,1,0,0,1,1,0,gratuito
1,0.0,0,0.0,1,2,1,1,0,1,0,0,1,0,1,0,0,alto
3,10000.0,0,0.0,2,2,1,0,0,1,0,0,0,1,0,0,1,medio_alto
1,0.0,0,0.0,7,5,1,0,0,0,1,1,1,0,1,0,0,gratuito
4,10000.0,19,0.8421052631578947,2,1,1,0,0,0,0,0,0,0,1,0,0,medio_alto
8,10000.0,876,0.954337899543379,18,3,1,1,0,0,1,0,0,1,0,0,0,baixo
2,10000.0,4,1.0,1,1,1,0,0,0,1,0,0,0,0,0,0,baixo
1,0.0,0,0.0,0,0,1,0,0,0,0,0,0,0,0,0,0,gratuito
1,0.0,0,0.0,4,3,1,0,0,0,1,1,0,1,0,0,0,medio_alto
5,10000.0,14,0.7857142857142857,1,4,1,0,0,0,0,0,0,1,1,0,1,baixo
9,10000.0,240,0.85,1,1,1,0,0,0,0,0,1,0,0,0,0,medio_alto
1,0.0,0,0.0,0,0,1,0,0,0,0,0,0,0,0,0,0,gratuito
4,0.0,0,0.0,0,0,1,0,0,0,0,0,0,0,0,0,0,gratuito
1,10000.0,40,1.0,1,2,1,0,0,0,1,1,0,0,0,0,0,medio_alto
3,10000.0,10,0.5,1,3,1,0,0,0,1,0,0,1,0,0,1,alto
3,10000.0,3,0.6666666666666666,1,1,1,0,0,1,0,1,0,0,0,0,0,baixo
8,10000.0,4,1.0,1,2,1,0,0,0,1,1,0,0,0,0,0,medio_alto
3,10000.0,15,0.8666666666666667,1,1,1,0,1,0,0,0,0,0,1,0,0,medio_baixo
9,10000.0,6,0.5,1,4,1,0,0,0,1,1,1,0,1,0,0,medio_alto
11,75000.0,145,0.2482758620689655,1,2,1,0,0,0,1,1,0,0,0,0,0,gratuito
4,10000.0,28,0.7857142857142857,6,2,1,0,0,0,0,1,1,0,0,0,0,alto
13,35000.0,410,0.6780487804878049,1,2,1,0,0,0,1,1,0,0,0,0,0,medio_baixo
4,10000.0,4,0.75,2,3,1,0,0,0,0,0,0,0,0,0,0,baixo
2,10000.0,23,0.7391304347826086,7,1,1,1,1,0,0,0,0,1,0,0,0,baixo
6,10000.0,69,0.8985507246376812,1,3,1,1,0,0,1,1,1,0,0,0,0,baixo
6,10000.0,2,0.5,1,3,1,0,0,0,1,0,0,1,0,1,0,baixo
1,10000.0,0,0.0,1,3,1,0,0,0,1,1,1,0,0,0,0,medio_alto
1,35000.0,360,0.8027777777777778,19,2,1,0,0,0,1,0,0,0,0,0,1,alto
2,0.0,0,0.0,2,3,1,0,0,0,1,0,1,0,0,0,0,gratuito
3,10000.0,0,0.0,103,6,1,0,0,0,1,1,1,1,1,0,1,baixo
7,350000.0,6583,0.9047546711225884,1,1,1,1,0,0,0,0,0,0,0,0,0,alto
4,10000.0,7,0.8571428571428571,2,4,1,0,0,0,1,1,0,1,0,0,0,baixo
3,10000.0,13,1.0,1,4,1,0,0,0,1,1,1,1,0,0,0,medio_alto
2,0.0,0,0.0,2,4,1,1,1,0,1,0,1,1,0,0,0,gratuito
2,0.0,0,0.0,5,4,1,1,0,0,0,0,1,0,1,1,0,gratuito
8,10000.0,96,0.8229166666666666,4,4,1,0,0,0,1,0,0,0,1,1,1,medio_baixo
5,10000.0,0,0.0,1,5,1,0,0,0,1,1,1,0,1,0,0,gratuito
8,10000.0,6,0.8333333333333334,1,3,1,0,0,0,1,1,0,0,1,0,0,medio_baixo
1,0.0,0,0.0,0,0,1,0,0,0,0,0,0,0,0,0,0,gratuito
3,0.0,0,0.0,103,3,1,0,0,0,1,0,0,1,0,1,0,baixo
8,3500000.0,129299,0.9215229816162538,12,1,1,0,0,0,0,1,0,0,0,0,0,alto
5,0.0,0,0.0,29,4,1,0,0,0,1,0,0,1,0,0,1,gratuito
3,10000.0,1,1.0,1,4,1,1,1,0,1,1,0,0,1,1,0,baixo
2,10000.0,3,1.0,2,4,1,0,0,0,0,1,0,1,0,0,1,medio_baixo
3,10000.0,55,0.9090909090909091,1,2,1,0,0,0,0,0,1,1,0,0,0,alto
2,150000.0,2491,0.9646728221597752,18,3,1,0,0,1,1,0,0,1,0,0,1,medio_alto
2,10000.0,22,0.9545454545454546,1,2,1,0,0,0,1,0,1,0,0,0,0,medio_baixo
1,10000.0,377,0.9283819628647215,4,2,1,1,0,0,1,0,0,0,0,1,0,alto
4,10000.0,1,0.0,1,3,1,0,0,0,0,1,1,0,1,0,0,medio_baixo
3,10000.0,0,0.0,1,2,1,0,0,0,0,1,1,0,0,0,0,gratuito
2,350000.0,8270,0.8933494558645707,1,4,1,0,0,2,1,1,1,0,1,0,0,alto
1,10000.0,9,0.8888888888888888,1,4,1,0,0,0,1,0,1,1,1,0,0,medio_baixo
6,10000.0,15,0.4,1,4,1,0,0,0,1,1,1,0,1,0,0,baixo
12,35000.0,362,0.8121546961325967,9,4,1,0,0,0,0,1,1,1,0,0,0,medio_baixo
2,35000.0,234,0.49145299145299143,2,6,1,0,0,0,1,0,0,1,1,1,1,gratuito
9,35000.0,135,0.4222222222222222,6,2,1,0,0,0,0,0,0,0,1,1,0,alto
1,10000.0,0,0.0,1,4,1,0,0,0,1,0,0,1,0,0,1,medio_alto
5,35000.0,154,0.9285714285714286,11,2,1,0,0,0,0,1,0,0,0,0,0,baixo
5,10000.0,27,0.7037037037037037,2,1,1,0,0,0,1,0,0,0,0,0,0,baixo
3,10000.0,12,0.5,10,1,1,0,0,0,0,0,1,0,0,0,0,alto
10,35000.0,53,0.8113207547169812,6,2,1,1,0,1,1,1,0,0,0,0,0,baixo
2,10000.0,1,0.0,3,4,1,0,0,0,1,0,1,1,0,0,1,baixo
2,0.0,0,0.0,1,4,1,0,0,0,1,0,0,1,0,0,1,gratuito
1,0.0,0,0.0,0,0,1,0,0,0,0,0,0,0,0,0,0,gratuito
7,10000.0,3,1.0,1,1,1,1,0,0,0,0,0,0,0,0,0,alto
1,10000.0,0,0.0,13,4,1,1,0,0,1,1,1,0,1,0,0,alto
12,150000.0,2537,0.839180134016555,3,3,1,0,0,0,0,1,0,0,1,0,0,medio_baixo
3,10000.0,0,0.0,15,2,1,0,0,0,0,0,0,1,0,0,1,baixo
2,10000.0,3,0.6666666666666666,1,6,1,0,0,0,1,1,1,0,0,1,1,alto
1,10000.0,0,0.0,1,2,1,0,0,0,1,1,0,0,0,0,0,medio_alto
2,0.0,0,0.0,0,0,1,0,0,0,0,0,0,0,0,0,0,gratuito
4,10000.0,9,0.6666666666666666,6,3,1,1,0,0,0,1,1,0,0,0,0,medio_alto
2,10000.0,4,1.0,1,3,1,0,0,0,1,1,0,0,0,0,0,medio_baixo
2,0.0,0,0.0,103,2,1,0,0,0,0,0,0,1,0,0,1,baixo
4,35000.0,8,0.75,1,5,1,1,1,1,1,0,1,0,1,1,1,alto
4,75000.0,259,0.5135135135135135,2,3,1,0,0,0,1,1,0,0,1,0,0,medio_baixo
13,0.0,0,0.0,1,1,1,0,0,0,0,1,0,0,0,0,0,baixo
4,10000.0,11,0.8181818181818182,1,2,1,0,0,0,1,0,1,0,0,0,0,baixo
16,75000.0,934,0.923982869379015,5,1,1,1,0,0,1,0,0,0,0,0,0,baixo
2,10000.0,5,1.0,2,3,1,0,0,0,1,1,1,0,0,0,0,alto
4,0.0,0,0.0,2,5,1,0,1,1,1,1,1,0,0,0,0,gratuito
4,10000.0,35,0.6571428571428571,1,5,1,0,0,0,1,0,0,1,0,0,1,alto
8,10000.0,129,0.5736434108527132,4,3,1,0,0,0,1,0,1,0,0,0,1,medio_baixo
7,10000.0,17,0.7058823529411765,1,7,1,0,0,0,1,0,1,0,1,0,1,alto
10,350000.0,762,0.8412073490813649,1,3,1,0,0,0,1,1,0,1,0,0,0,baixo
2,0.0,0,0.0,1,2,1,0,1,0,1,0,0,0,0,0,0,gratuito
1,10000.0,9,0.8888888888888888,3,3,1,0,0,0,0,0,1,1,0,1,0,medio_baixo
2,10000.0,1,1.0,3,4,1,0,0,0,1,1,0,0,1,1,0,medio_baixo
1,10000.0,0,0.0,1,3,1,1,1,0,1,0,1,1,0,0,0,baixo
4,10000.0,8,0.625,1,3,1,0,0,0,1,1,0,0,0,0,0,gratuito
1,350000.0,5190,0.85626204238921,11,3,1,0,0,1,1,1,0,0,0,0,1,alto
1,10000.0,0,0.0,5,4,1,0,1,0,1,0,0,1,0,0,1,medio_alto
2,0.0,0,0.0,1,1,1,0,0,1,0,1,0,0,0,0,0,gratuito
5,10000.0,38,0.47368421052631576,1,4,1,0,0,0,1,1,1,0,0,0,1,medio_alto
7,10000.0,122,0.9016393442622951,11,3,1,0,0,2,1,1,1,0,0,0,0,medio_alto
8,35000.0,5,1.0,1,1,1,0,0,1,0,0,0,1,0,0,0,medio_baixo
3,10000.0,34,0.5294117647058824,1,3,1,0,0,0,1,0,0,1,1,0,0,medio_alto
12,350000.0,1761,0.7348097671777399,4,2,1,1,0,1,0,0,0,0,1,1,0,medio_baixo
11,150000.0,146,0.7465753424657534,1,2,1,0,0,0,0,0,0,1,0,1,0,medio_alto
1,0.0,0,0.0,103,3,1,0,0,1,1,1,0,0,0,0,0,gratuito
2,0.0,0,0.0,0,0,1,0,0,0,0,0,0,0,0,0,0,gratuito
3,10000.0,83,0.6867469879518072,2,3,1,0,0,0,1,0,0,1,0,0,1,medio_baixo
10,35000.0,241,0.9253112033195021,12,2,1,1,0,0,0,0,1,1,0,0,0,alto
1,10000.0,0,0.0,9,2,1,0,0,0,1,0,0,1,0,0,0,baixo
1,0.0,0,0.0,1,3,1,0,0,0,0,0,0,1,0,1,0,gratuito
4,10000.0,0,0.0,2,3,1,0,1,0,0,0,0,1,1,0,1,medio_baixo
7,10000.0,8,0.25,7,2,1,0,0,0,0,0,0,0,0,0,1,alto
8,10000.0,24,0.9166666666666666,1,2,1,0,0,0,1,0,0,1,0,0,0,gratuito
7,10000.0,4,0.0,1,2,1,0,0,0,1,1,0,0,0,0,0,baixo
6,35000.0,355,0.7830985915492957,3,3,1,0,0,1,1,0,0,0,1,0,1,medio_alto
9,35000.0,190,0.8105263157894737,1,3,1,1,0,0,1,1,0,1,0,0,0,medio_alto
7,10000.0,18,0.7777777777777778,4,3,1,1,0,0,1,0,1,1,0,0,0,medio_baixo
3,10000.0,12,0.9166666666666666,3,2,1,1,1,1,1,0,0,1,0,0,0,medio_alto
6,10000.0,24,0.4166666666666667,1,4,1,1,0,0,0,1,1,0,0,1,1,baixo
5,10000.0,13,0.8461538461538461,2,4,1,0,0,0,1,1,1,0,1,0,0,medio_baixo
1,10000.0,0,0.0,11,3,1,0,0,1,1,0,0,1,0,0,1,medio_baixo
2,0.0,0,0.0,1,7,1,0,0,0,1,1,1,1,0,0,1,gratuito
4,75000.0,175,0.5428571428571428,3,2,1,0,0,0,0,0,0,1,0,0,0,gratuito
9,10000.0,11,0.7272727272727273,2,1,1,0,0,0,0,1,0,0,0,0,0,gratuito
3,0.0,0,0.0,103,1,1,0,0,1,0,0,0,1,0,0,0,baixo
4,10000.0,11,0.9090909090909091,1,3,1,0,0,0,1,0,1,1,0,0,0,medio_baixo
2,35000.0,56,1.0,1,1,1,0,0,0,0,1,0,0,0,0,0,baixo
6,10000.0,0,0.0,1,1,1,0,0,0,0,1,0,0,0,0,0,baixo
1,0.0,0,0.0,0,0,1,0,0,0,0,0,0,0,0,0,0,gratuito
2,35000.0,3,0.6666666666666666,1,2,1,0,0,0,1,0,0,0,0,0,1,baixo
3,10000.0,480,0.9416666666666667,7,1,1,0,0,0,0,0,1,0,0,0,0,alto
4,10000.0,0,0.0,1,2,1,0,0,0,1,0,0,1,0,0,0,baixo
6,10000.0,160,0.9,1,3,1,0,0,0,1,0,0,1,0,0,1,baixo
14,350000.0,3430,0.8224489795918367,1,3,1,1,0,0,1,1,1,0,0,0,0,medio_baixo
3,10000.0,1,0.0,5,4,1,0,0,1,1,1,0,1,0,0,1,medio_alto
5,10000.0,5,1.0,1,2,1,0,0,0,1,1,0,0,0,0,0,baixo
7,10000.0,299,0.8528428093645485,4,4,1,0,0,2,1,0,1,0,1,1,0,alto
2,10000.0,4,0.75,1,2,1,0,0,0,0,0,0,0,0,0,0,medio_alto
7,10000.0,0,0.0,29,3,1,0,0,4,1,0,1,1,0,0,0,baixo
10,350000.0,685,0.8700729927007299,1,3,1,1,1,0,1,1,0,1,0,0,0,baixo
7,350000.0,1651,0.5366444579043004,8,3,1,0,0,1,1,0,0,0,0,1,1,medio_alto
8,350000.0,4389,0.8400546821599453,8,4,1,0,0,0,1,1,0,1,0,0,1,alto
1,10000.0,0,0.0,1,3,1,0,0,0,1,1,1,0,0,0,0,medio_alto
2,10000.0,1,0.0,17,1,1,1,0,0,0,1,0,0,0,0,0,medio_baixo
2,10000.0,2,1.0,2,2,1,0,0,0,1,0,0,1,0,0,0,baixo
3,35000.0,15,0.7333333333333333,26,5,1,0,0,0,1,1,1,1,0,1,0,baixo
6,35000.0,1,1.0,1,1,1,0,0,0,0,0,1,0,0,0,0,medio_alto
6,0.0,0,0.0,0,0,1,0,0,0,0,0,0,0,0,0,0,gratuito
12,150000.0,1231,0.7944760357432982,1,3,1,1,0,2006,1,0,0,0,1,1,0,gratuito
3,35000.0,127,0.9606299212598425,6,2,1,1,0,0,1,0,1,0,0,0,0,medio_alto
10,35000.0,49,0.42857142857142855,1,2,1,0,0,1,1,1,0,0,0,0,0,medio_baixo
13,350000.0,403,0.5905707196029777,2,3,1,0,0,3,1,0,1,0,1,0,0,medio_alto
1,0.0,0,0.0,0,0,1,0,0,0,0,0,0,0,0,0,0,gratuito
6,10000.0,1,1.0,12,2,1,0,1,0,1,1,0,0,0,0,0,medio_alto
1,10000.0,0,0.0,8,2,1,0,0,0,1,0,1,0,0,0,0,alto
7,10000.0,26,0.34615384615384615,1,4,1,0,0,0,1,0,0,0,0,1,1,alto
6,35000.0,5,0.4,2,4,1,0,0,0,1,0,1,0,0,1,0,alto
5,10000.0,129,0.9612403100775194,6,5,1,0,0,0,1,0,1,1,1,0,1,baixo
1,10000.0,0,0.0,2,2,1,0,0,0,1,0,0,1,0,0,0,medio_baixo
6,350000.0,6679,0.9329240904326995,1,5,1,1,1,0,1,0,1,1,1,0,1,alto
1,0.0,0,0.0,13,6,1,0,0,0,1,0,0,0,0,1,1,gratuito
6,75000.0,111,0.7297297297297297,1,4,1,0,0,1,0,0,0,1,0,0,1,gratuito
4,0.0,0,0.0,12,4,1,0,0,4,1,0,0,1,0,0,0,gratuito
1,10000.0,352,0.8892045454545454,10,1,1,0,0,0,0,1,0,0,0,0,0,alto
16,10000.0,19,0.42105263157894735,1,1,1,1,0,0,0,0,0,1,0,0,0,medio_alto
6,10000.0,11,0.09090909090909091,1,5,1,0,0,0,1,1,1,1,1,0,0,medio_alto
5,10000.0,26,0.6923076923076923,1,2,1,1,1,0,0,0,0,0,0,1,1,baixo
2,10000.0,7,1.0,1,4,1,0,0,0,1,0,0,1,1,1,0,alto
6,10000.0,6,1.0,1,2,1,0,0,0,1,0,0,1,0,0,0,baixo
1,35000.0,137,0.8029197080291971,8,3,1,0,1,0,1,1,0,0,0,0,1,medio_alto
5,10000.0,145,0.8827586206896552,1,5,1,0,0,0,1,0,0,1,1,1,1,alto
10,75000.0,862,0.9303944315545244,2,3,1,0,0,0,1,0,0,1,1,0,0,medio_baixo
2,10000.0,17,0.5294117647058824,1,3,1,0,0,0,1,1,0,0,0,1,0,alto
5,0.0,0,0.0,0,0,1,0,0,0,0,0,0,0,0,0,0,gratuito
2,10000.0,0,0.0,5,3,1,0,0,0,1,1,1,0,0,0,0,medio_alto
2,75000.0,710,0.8549295774647887,2,1,1,0,0,0,0,0,0,1,0,0,0,medio_alto
8,10000.0,23,0.7391304347826086,1,2,1,0,0,0,1,0,1,0,0,0,0,alto
3,10000.0,2,0.5,1,5,1,0,0,0,1,1,1,0,1,0,0,alto
7,150000.0,840,0.9095238095238095,13,3,1,1,0,3,0,0,1,0,1,1,0,gratuito
1,10000.0,47,0.9361702127659575,10,8,1,0,0,0,1,1,1,1,1,0,1,alto
1,10000.0,0,0.0,1,4,1,0,0,1,1,1,1,0,1,0,0,alto
9,10000.0,69,0.855072463768116,1,3,1,0,0,0,0,1,0,1,0,0,0,gratuito
12,150000.0,976,0.694672131147541,7,4,1,1,0,1,1,1,1,0,1,0,0,baixo
1,0.0,0,0.0,10,2,1,0,0,0,1,0,0,1,0,0,0,medio_alto
1,0.0,0,0.0,103,5,1,0,0,0,1,1,1,1,0,0,1,alto
8,10000.0,8,1.0,1,3,1,0,0,0,1,1,0,1,0,0,0,medio_baixo
8,35000.0,38,0.7368421052631579,1,5,1,0,0,3,1,1,0,1,0,0,0,gratuito
3,10000.0,27,0.7407407407407407,2,1,1,0,0,0,1,0,0,0,0,0,0,gratuito
8,10000.0,165,0.8424242424242424,11,3,1,0,0,0,0,1,1,0,1,0,0,alto
2,0.0,0,0.0,103,4,1,0,0,1,0,0,1,1,0,0,1,gratuito
6,10000.0,7,1.0,1,5,1,0,0,0,1,1,1,1,0,1,0,medio_alto
7,10000.0,6,0.6666666666666666,1,3,1,0,1,0,1,0,1,0,0,0,0,gratuito
2,10000.0,2,0.0,1,5,1,0,0,0,1,1,1,1,1,0,0,medio_baixo
2,10000.0,11,0.9090909090909091,1,2,1,0,0,0,1,0,0,1,0,0,0,alto
2,0.0,0,0.0,0,0,1,0,0,0,0,0,0,0,0,0,0,gratuito
5,10000.0,148,0.972972972972973,1,2,1,0,1,0,1,0,0,1,0,0,0,baixo
4,35000.0,8,1.0,1,3,1,0,1,2,1,0,1,0,0,0,0,gratuito
5,10000.0,5,0.6,3,2,1,1,0,0,0,0,1,1,0,0,0,medio_alto
10,10000.0,12,0.6666666666666666,12,6,1,1,1,0,1,1,0,1,0,0,1,alto
5,10000.0,68,0.6029411764705882,1,3,1,0,0,21,1,0,0,1,0,0,0,gratuito
7,10000.0,1,0.0,2,2,1,0,0,0,1,1,0,0,0,0,0,medio_alto
13,35000.0,134,0.6044776119402985,5,2,1,0,0,0,0,0,0,0,0,0,0,baixo
1,0.0,0,0.0,1,3,1,0,0,0,0,0,1,0,1,1,0,alto
3,0.0,0,0.0,103,3,1,1,1,0,1,0,0,1,0,1,0,baixo
3,10000.0,6,0.5,1,2,1,0,0,0,0,0,1,1,0,0,0,medio_baixo
2,10000.0,27,0.5185185185185185,2,2,1,0,0,0,1,1,0,0,0,0,0,alto
11,1500000.0,22290,0.9264692687303724,1,2,1,1,0,3,1,0,0,0,0,0,1,medio_alto
4,10000.0,0,0.0,10,3,1,0,1,0,1,0,0,1,0,0,1,baixo
4,75000.0,12,1.0,1,3,1,0,0,0,1,1,0,0,0,0,0,gratuito
2,10000.0,15,1.0,2,5,1,0,0,0,1,1,1,0,1,1,0,medio_alto
3,10000.0,1,1.0,9,3,1,0,0,0,1,0,1,1,0,0,0,medio_baixo
2,35000.0,68,0.9558823529411765,2,2,1,1,1,0,1,0,1,0,0,0,0,alto
4,10000.0,0,0.0,4,2,1,0,0,0,1,0,0,0,1,0,0,medio_alto
2,10000.0,0,0.0,1,3,1,1,0,0,1,1,0,1,0,0,0,baixo
2,10000.0,0,0.0,103,5,1,0,0,0,1,1,0,1,0,0,0,baixo
5,10000.0,63,0.9523809523809523,5,3,1,1,0,0,0,0,1,1,1,0,0,medio_alto
1,0.0,0,0.0,1,3,1,0,0,0,1,1,0,1,0,0,0,baixo
3,0.0,0,0.0,0,0,1,0,0,0,0,0,0,0,0,0,0,gratuito
6,10000.0,102,0.7352941176470589,1,4,1,1,0,6,1,0,0,0,0,1,1,medio_baixo
5,150000.0,36,0.6944444444444444,1,3,1,0,1,0,1,1,1,0,0,0,0,medio_alto
1,10000.0,0,0.0,5,1,1,0,0,3,0,0,0,0,1,0,0,alto
3,35000.0,253,0.7944664031620553,9,3,1,1,0,0,1,0,1,1,0,0,0,medio_alto
2,10000.0,0,0.0,1,3,1,0,0,0,1,0,0,1,0,1,0,alto
12,150000.0,2333,0.9451350192884698,5,2,1,1,1,1,1,0,1,0,0,0,0,medio_baixo
5,10000.0,0,0.0,1,2,1,0,0,0,1,0,1,0,0,0,0,alto
1,0.0,0,0.0,6,3,1,0,0,0,1,1,0,1,0,0,0,alto
2,0.0,0,0.0,0,0,1,0,0,0,0,0,0,0,0,0,0,gratuito
6,150000.0,6640,0.9789156626506024,14,2,1,0,0,0,0,0,1,1,0,0,0,medio_baixo
2,10000.0,59,0.9322033898305084,3,1,1,0,0,0,0,0,1,0,0,0,0,alto
7,10000.0,32,0.46875,4,3,1,0,0,0,1,1,1,0,0,0,0,baixo
5,10000.0,0,0.0,25,3,1,1,1,1,0,0,1,1,1,0,0,medio_baixo
1,0.0,0,0.0,0,0,1,0,0,0,0,0,0,0,0,0,0,gratuito
3,35000.0,2,1.0,1,2,1,0,0,0,1,1,0,0,0,0,0,medio_alto
4,10000.0,10,0.8,2,2,1,0,0,0,1,0,0,0,1,0,0,medio_alto
1,0.0,0,0.0,0,0,1,0,0,0,0,0,0,0,0,0,0,gratuito
4,10000.0,2,0.5,3,2,1,0,0,0,1,0,0,1,0,0,0,baixo
3,10000.0,498,0.893574297188755,4,5,1,1,0,1,1,0,1,1,1,1,0,medio_alto
11,35000.0,61,0.5081967213114754,12,3,1,1,0,0,1,0,0,0,0,0,0,gratuito
9,10000.0,82,0.9024390243902439,8,4,1,1,0,0,1,0,1,1,0,1,0,alto
1,10000.0,119,0.7647058823529411,2,2,1,0,1,1,1,0,0,1,0,0,0,medio_alto
5,10000.0,457,0.925601750547046,1,1,1,0,0,3,0,1,0,0,0,0,0,alto
2,0.0,0,0.0,0,0,1,0,0,0,0,0,0,0,0,0,0,gratuito
1,0.0,0,0.0,3,5,1,0,0,0,1,1,1,1,0,0,0,gratuito
10,10000.0,39,0.5384615384615384,1,3,1,1,1,0,1,0,0,0,0,1,0,alto
8,10000.0,489,0.8997955010224948,7,2,1,0,0,0,0,0,0,0,0,0,1,alto
1,0.0,0,0.0,0,0,1,0,0,0,0,0,0,0,0,0,0,gratuito
10,10000.0,254,0.6535433070866141,1,2,1,1,0,0,0,1,0,0,0,0,1,medio_alto
2,10000.0,444,0.6644144144144144,10,2,1,0,0,3,1,0,0,0,0,1,0,medio_alto
1,10000.0,1,0.0,1,2,1,0,0,0,1,0,0,1,0,0,0,baixo
2,0.0,0,0.0,0,0,1,0,0,0,0,0,0,0,0,0,0,gratuito
13,150000.0,580,0.5551724137931034,9,2,1,0,1,0,0,1,0,1,0,0,0,medio_baixo
4,10000.0,2,1.0,1,2,1,0,1,0,1,0,0,0,0,1,0,medio_alto
8,10000.0,9,0.5555555555555556,1,3,1,0,0,0,1,0,0,0,0,0,1,baixo
3,10000.0,1,1.0,1,2,1,0,0,0,0,1,1,0,0,0,0,medio_baixo
7,10000.0,3,1.0,1,2,1,0,0,0,1,1,0,0,0,0,0,medio_alto
2,10000.0,62,0.6935483870967742,1,1,1,0,0,0,0,0,0,0,0,0,1,medio_baixo
8,10000.0,0,0.0,1,5,1,1,1,0,1,0,0,1,0,1,1,baixo
1,10000.0,1,1.0,14,1,1,0,0,0,0,0,0,0,0,1,0,medio_baixo
2,10000.0,19,0.3684210526315789,4,5,1,0,0,0,1,1,0,1,1,0,1,medio_alto
8,10000.0,18,0.3888888888888889,1,5,1,0,0,0,1,1,0,0,0,0,1,medio_alto
3,10000.0,20,0.6,1,4,1,1,1,0,1,0,1,1,1,0,0,alto
8,150000.0,869,0.8975834292289988,1,2,1,1,0,0,1,0,0,0,0,0,1,medio_baixo
7,10000.0,1,1.0,1,3,1,0,0,0,0,1,0,0,0,1,1,medio_baixo
8,35000.0,472,0.9533898305084746,1,3,1,0,0,0,1,0,0,1,0,0,0,gratuito
7,35000.0,133,0.6917293233082706,3,3,1,0,0,0,1,0,1,1,0,0,0,medio_baixo
2,0.0,0,0.0,0,0,1,0,0,0,0,0,0,0,0,0,0,gratuito
6,10000.0,42,0.9285714285714286,6,3,1,1,0,0,0,1,0,1,0,0,0,alto
5,10000.0,16,0.75,3,1,1,0,0,0,0,0,0,1,0,0,0,medio_alto
2,10000.0,56,0.8392857142857143,3,3,1,0,0,0,1,1,1,0,0,0,0,medio_baixo
6,75000.0,168,0.875,2,3,1,0,0,0,1,1,1,0,0,0,0,medio_alto
9,10000.0,42,0.9285714285714286,1,2,1,1,0,0,1,1,0,0,0,0,0,medio_alto
1,0.0,0,0.0,30,3,1,1,1,0,0,0,1,1,0,0,1,medio_alto
1,10000.0,0,0.0,13,3,1,0,0,0,1,0,1,1,0,0,0,medio_baixo
2,0.0,0,0.0,1,4,1,0,0,0,0,1,1,0,0,0,1,gratuito
1,10000.0,2,0.0,1,1,1,0,0,0,1,0,0,0,0,0,0,baixo
1,10000.0,0,0.0,5,1,1,1,1,0,0,0,0,1,0,0,0,medio_alto
1,10000.0,0,0.0,1,4,1,0,0,0,1,1,1,1,0,0,0,medio_alto
2,10000.0,3,1.0,1,1,1,0,0,0,0,0,0,0,0,0,0,medio_alto
2,35000.0,5,0.6,1,3,1,0,0,0,1,1,0,1,0,0,0,medio_baixo
3,350000.0,5077,0.9023045105377191,12,3,1,1,0,6,1,0,0,1,0,0,1,medio_baixo
1,0.0,0,0.0,1,3,1,0,0,0,1,1,0,0,0,0,0,gratuito
3,10000.0,22,0.8636363636363636,1,3,1,0,0,0,1,0,0,1,0,1,0,baixo
1,10000.0,0,0.0,1,1,1,0,0,0,0,0,1,0,0,0,0,medio_alto
5,10000.0,82,0.7195121951219512,1,3,1,0,0,0,1,1,1,0,0,0,0,medio_baixo
19,3500000.0,8417,0.9304978020672449,1,1,1,0,0,0,0,1,0,0,0,0,0,medio_baixo
16,35000.0,10273,0.8937019371167138,9,2,1,0,0,0,0,1,1,0,0,0,0,gratuito
1,10000.0,0,0.0,5,1,1,0,0,0,0,0,0,1,0,0,0,alto
7,10000.0,22,0.4090909090909091,2,2,1,0,0,0,1,1,0,0,0,0,0,medio_baixo
6,10000.0,125,0.824,27,3,1,0,0,0,0,0,1,0,0,1,1,medio_baixo
7,75000.0,29,0.9655172413793104,1,3,1,0,0,0,1,0,0,0,1,0,0,alto
6,10000.0,0,0.0,1,3,1,1,0,1,0,1,1,0,1,0,0,alto
1,0.0,0,0.0,5,2,1,0,0,0,0,0,0,0,0,0,0,alto
2,10000.0,131,0.916030534351145,3,2,1,0,0,0,0,0,1,1,0,0,0,medio_alto
2,10000.0,89,0.7303370786516854,5,2,1,0,0,1,1,1,0,0,0,0,0,medio_alto
1,0.0,0,0.0,1,5,1,0,0,0,1,1,1,1,0,0,1,medio_baixo
5,10000.0,0,0.0,1,2,1,0,0,0,1,1,0,0,0,0,0,medio_baixo
6,10000.0,5,0.6,1,2,1,0,0,0,1,0,0,0,0,0,1,medio_alto
8,35000.0,84,0.4880952380952381,1,3,1,0,0,0,1,0,0,1,0,0,0,baixo
3,10000.0,4,0.5,24,1,1,1,1,0,0,0,0,1,0,0,0,medio_alto
1,10000.0,0,0.0,17,3,1,0,0,3,1,0,0,1,0,0,1,alto
1,10000.0,5,0.8,3,4,1,0,0,0,1,1,1,0,0,1,0,alto
3,0.0,0,0.0,0,0,1,0,0,0,0,0,0,0,0,0,0,gratuito
3,10000.0,95,0.8631578947368421,1,3,1,0,0,0,1,1,1,0,0,0,0,medio_baixo
9,150000.0,167,0.8802395209580839,1,2,1,1,0,0,1,0,1,0,0,0,0,baixo
2,10000.0,0,0.0,1,6,1,0,1,0,1,0,1,0,1,1,1,gratuito
2,0.0,0,0.0,1,4,1,0,0,0,1,1,0,1,0,0,0,gratuito
8,10000.0,7,1.0,1,2,1,0,0,0,0,0,1,1,0,0,0,medio_alto
3,10000.0,0,0.0,1,2,1,0,0,2,1,0,0,1,0,0,0,baixo
7,10000.0,4,0.75,5,1,1,0,0,0,1,0,0,0,0,0,0,medio_baixo
4,0.0,0,0.0,1,4,1,0,0,0,1,0,1,1,0,1,0,gratuito
10,75000.0,125,0.712,9,3,1,1,1,1,1,1,1,0,0,0,0,medio_alto
11,150000.0,306,0.7222222222222222,1,4,1,0,0,5,1,0,0,0,1,1,0,gratuito
4,0.0,0,0.0,0,0,1,0,0,0,0,0,0,0,0,0,0,gratuito
2,0.0,0,0.0,19,3,1,0,0,0,0,1,1,0,0,0,0,gratuito
6,10000.0,226,0.8893805309734514,4,1,1,0,0,0,0,0,0,0,1,0,0,alto
2,10000.0,21,0.9047619047619048,1,2,1,0,0,0,1,1,0,0,0,0,0,baixo
3,10000.0,23,0.9130434782608695,1,5,1,0,1,0,1,1,1,1,0,1,0,alto
1,10000.0,0,0.0,8,2,1,0,0,0,1,1,0,0,0,0,0,alto
4,0.0,0,0.0,13,3,1,0,0,0,0,0,0,0,0,1,0,gratuito
9,35000.0,13,0.38461538461538464,1,1,1,0,0,0,0,0,0,0,0,1,0,alto
5,0.0,0,0.0,1,2,1,0,0,0,0,1,0,0,0,0,0,gratuito
5,10000.0,3,0.6666666666666666,1,2,1,0,0,0,1,0,0,1,0,0,0,medio_baixo
7,350000.0,2817,0.9538516151934683,1,3,1,0,0,0,1,1,1,0,0,0,0,medio_alto
4,1500000.0,14469,0.9083557951482479,12,4,1,1,1,0,1,1,1,0,1,0,0,alto
6,10000.0,21,0.9523809523809523,1,4,1,1,1,0,1,0,1,0,1,0,1,gratuito
3,10000.0,136,0.8970588235294118,13,3,1,1,0,1,1,1,1,0,0,0,0,medio_alto
5,35000.0,7,0.8571428571428571,1,2,1,0,0,0,1,0,0,0,0,0,1,gratuito
1,35000.0,76,0.40789473684210525,1,5,1,0,0,0,1,1,1,0,0,0,1,baixo
1,10000.0,5,0.6,1,4,1,0,0,0,1,0,1,1,0,0,0,baixo
2,0.0,0,0.0,1,2,1,0,0,0,0,0,0,1,0,0,0,gratuito
3,10000.0,1,1.0,1,3,1,0,0,0,1,1,1,0,0,0,0,baixo
7,750000.0,10432,0.8289877300613497,5,4,1,0,0,20,1,0,1,0,0,1,0,gratuito
5,10000.0,0,0.0,6,2,1,0,0,0,1,0,0,1,0,0,0,medio_baixo
2,10000.0,0,0.0,3,1,1,0,0,0,0,1,0,0,0,0,0,medio_baixo
1,10000.0,0,0.0,1,4,1,1,1,0,1,0,1,0,1,0,1,medio_alto
5,350000.0,3967,0.9435341567935468,10,3,1,1,0,2,0,1,1,0,1,0,0,medio_alto
4,350000.0,2784,0.8200431034482759,9,3,1,0,0,0,0,1,0,0,1,1,0,alto
8,10000.0,43,0.6046511627906976,29,3,1,0,0,1,1,0,1,1,0,0,0,baixo
3,10000.0,6,0.6666666666666666,1,3,1,0,0,0,0,1,1,0,1,0,0,gratuito
2,10000.0,0,0.0,17,2,1,0,1,0,1,0,0,1,0,0,0,medio_baixo
13,35000.0,209,0.8516746411483254,1,1,1,1,0,0,0,1,0,0,0,0,0,baixo
1,75000.0,206,0.9514563106796117,2,4,1,0,0,1,1,1,0,0,1,1,0,baixo
5,0.0,0,0.0,1,4,1,1,1,1,1,0,0,1,0,0,0,gratuito
2,0.0,0,0.0,1,3,1,0,0,0,1,0,0,0,0,0,1,gratuito
3,0.0,0,0.0,0,0,1,0,0,0,0,0,0,0,0,0,0,gratuito
3,10000.0,90,1.0,2,2,1,1,1,0,1,0,1,0,0,0,0,alto
2,10000.0,5,0.4,1,3,1,0,0,0,1,1,1,0,0,0,0,medio_baixo
10,35000.0,146,0.8287671232876712,1,1,1,0,0,0,1,0,0,0,0,0,0,baixo
4,10000.0,18,1.0,1,2,1,1,1,0,1,0,0,0,0,1,0,medio_baixo
1,0.0,0,0.0,15,6,1,0,0,0,1,1,1,1,1,0,0,medio_baixo
1,10000.0,13,0.7692307692307693,2,2,1,0,0,0,1,1,0,0,0,0,0,baixo
5,10000.0,22,0.7727272727272727,1,1,1,0,0,0,0,0,0,1,0,0,0,alto
7,10000.0,0,0.0,1,2,1,0,0,0,1,1,0,0,0,0,0,medio_baixo
8,10000.0,7,0.5714285714285714,2,8,1,0,0,0,1,1,1,1,1,0,1,medio_baixo
2,10000.0,0,0.0,1,3,1,0,0,0,0,0,1,1,0,0,1,medio_baixo
6,10000.0,4,0.25,4,1,1,0,0,0,0,0,0,1,0,0,0,medio_alto
18,750000.0,7726,0.8466217965311934,13,5,1,0,1,1,1,1,1,1,0,0,0,gratuito
2,10000.0,0,0.0,6,2,1,0,0,0,0,0,0,1,0,0,1,medio_alto
1,10000.0,7,1.0,1,2,1,0,0,0,1,0,0,0,0,1,0,alto
3,0.0,0,0.0,1,3,1,0,0,0,1,1,0,0,0,0,0,gratuito
4,0.0,0,0.0,1,3,1,0,0,0,1,1,0,0,0,0,0,gratuito
6,10000.0,4,0.5,1,3,1,0,1,0,1,0,1,1,0,0,0,baixo
4,10000.0,123,0.9512195121951219,9,3,1,1,1,0,1,0,1,0,0,0,0,medio_alto
11,10000.0,45,0.7111111111111111,1,3,1,0,0,2,1,0,0,1,1,0,0,baixo
10,350000.0,322,0.4906832298136646,1,2,1,0,0,0,1,0,0,0,0,0,1,baixo
9,35000.0,373,0.546916890080429,3,1,1,0,0,1,0,0,0,0,1,0,0,medio_alto
7,10000.0,75,0.5066666666666667,7,3,1,1,1,0,1,0,0,0,0,1,1,alto
10,150000.0,743,0.775235531628533,2,2,1,1,1,0,1,0,1,0,0,0,0,baixo
8,35000.0,74,0.6756756756756757,1,2,1,1,1,1,1,0,0,1,0,0,0,baixo
2,10000.0,7,1.0,1,2,1,1,1,0,1,0,0,0,0,0,0,baixo
7,75000.0,509,0.6974459724950884,9,3,1,1,1,0,1,0,0,0,0,1,1,medio_baixo
2,0.0,0,0.0,1,3,1,0,0,1,1,0,1,0,0,0,0,gratuito
4,10000.0,0,0.0,1,3,1,0,0,0,1,0,1,1,0,0,0,medio_alto
1,10000.0,0,0.0,1,3,1,0,1,0,1,0,0,0,0,1,0,medio_alto
2,10000.0,0,0.0,1,3,1,0,0,1,1,0,0,0,0,0,1,gratuito
7,10000.0,26,0.8846153846153846,1,3,1,0,0,0,1,0,0,1,0,0,0,baixo
4,0.0,0,0.0,0,0,1,0,0,0,0,0,0,0,0,0,0,gratuito
2,0.0,0,0.0,1,3,1,0,0,0,1,0,0,1,0,0,1,gratuito
13,150000.0,778,0.8573264781491002,7,3,1,0,0,0,1,1,0,1,0,0,0,baixo
7,10000.0,7,0.42857142857142855,1,3,1,0,0,0,1,0,1,1,0,0,0,medio_baixo
6,10000.0,2,1.0,1,3,1,0,1,0,1,0,0,0,0,1,0,alto
4,10000.0,97,0.9175257731958762,1,3,1,0,0,0,1,0,0,1,0,1,0,medio_baixo
3,10000.0,187,0.8181818181818182,8,3,1,0,0,0,0,1,0,1,0,1,0,alto
3,10000.0,9,0.5555555555555556,2,2,1,0,0,0,1,0,0,0,1,0,0,medio_baixo
4,10000.0,80,0.575,10,2,1,0,0,0,1,0,1,0,0,0,0,medio_alto
9,10000.0,16,0.875,1,7,1,0,0,0,1,1,1,1,1,1,1,baixo
4,10000.0,0,0.0,1,4,1,0,0,0,1,0,1,1,1,0,0,medio_baixo
10,10000.0,28,0.6071428571428571,1,3,1,1,0,0,1,1,0,0,1,0,0,medio_alto
2,10000.0,78,0.47435897435897434,2,3,1,0,0,0,1,0,0,1,0,0,0,alto
4,35000.0,19,0.5263157894736842,5,3,1,0,0,0,1,1,0,0,1,0,0,alto
12,35000.0,131,0.29770992366412213,1,1,1,0,0,0,0,0,0,0,0,0,0,baixo
5,10000.0,94,0.7446808510638298,10,2,1,1,0,0,1,0,1,0,0,0,0,medio_alto
8,10000.0,246,0.6422764227642277,1,5,1,1,1,0,1,1,0,0,0,0,1,medio_alto
6,150000.0,685,0.8043795620437956,8,5,1,0,0,0,1,1,1,0,0,0,1,gratuito
8,10000.0,6,1.0,3,2,1,0,0,0,1,1,0,0,0,0,0,medio_alto
10,150000.0,84,0.75,2,3,1,0,0,0,1,0,1,1,0,0,0,alto
2,10000.0,1,1.0,30,3,1,0,0,0,1,1,0,1,0,0,0,medio_alto
1,0.0,0,0.0,0,0,1,0,0,0,0,0,0,0,0,0,0,gratuito
12,35000.0,151,0.6556291390728477,5,1,1,1,0,0,0,0,0,1,0,0,0,alto
10,350000.0,4820,0.9296680497925311,1,1,1,1,1,0,1,0,0,0,0,0,0,medio_baixo
2,10000.0,12,0.9166666666666666,1,6,1,0,0,0,1,1,1,0,1,0,0,gratuito
1,10000.0,1,1.0,2,3,1,0,0,0,1,0,1,1,0,0,0,medio_baixo
5,10000.0,7,0.8571428571428571,2,2,1,0,0,0,1,1,0,0,0,0,0,baixo
1,0.0,0,0.0,0,0,1,0,0,0,0,0,0,0,0,0,0,gratuito
1,0.0,0,0.0,0,0,1,0,0,0,0,0,0,0,0,0,0,gratuito
4,0.0,0,0.0,0,0,1,0,0,0,0,0,0,0,0,0,0,gratuito
12,750000.0,8741,0.8914311863631164,10,2,1,0,0,10,0,1,1,0,0,0,0,medio_alto
7,10000.0,4,0.5,2,6,1,0,0,0,1,1,1,0,1,0,0,medio_alto
5,10000.0,10,0.5,6,5,1,0,0,0,1,1,1,0,0,0,1,medio_alto
2,10000.0,3,1.0,1,4,1,0,0,0,1,0,0,1,0,1,1,medio_baixo
4,0.0,0,0.0,2,1,1,0,1,0,0,0,1,0,0,0,0,gratuito
5,10000.0,17,0.29411764705882354,27,4,1,1,0,0,1,0,0,1,0,1,1,alto
4,75000.0,39,0.9487179487179487,1,3,1,0,0,0,1,0,1,0,1,0,0,medio_alto
1,35000.0,36,0.6388888888888888,13,3,1,0,0,0,1,1,1,0,0,0,0,medio_baixo
9,35000.0,1543,0.9183408943616331,7,1,1,1,0,0,0,0,1,0,0,0,0,gratuito
1,10000.0,2,1.0,1,2,1,0,1,0,1,0,0,0,0,1,0,medio_alto
6,10000.0,0,0.0,4,2,1,0,0,0,1,0,0,0,1,0,0,medio_baixo
3,0.0,0,0.0,0,0,1,0,0,0,0,0,0,0,0,0,0,gratuito
7,1500000.0,20506,0.9395298936896518,14,2,1,0,0,0,0,1,1,0,0,0,0,alto
12,75000.0,1327,0.93293142426526,1,3,1,0,0,1,1,1,0,0,0,0,0,alto
6,10000.0,0,0.0,1,1,1,0,0,0,1,0,0,0,0,0,0,medio_alto
10,750000.0,640,0.7234375,1,2,1,0,0,0,1,0,0,1,0,0,0,baixo
6,150000.0,1648,0.9271844660194175,1,2,1,1,0,2,1,0,0,0,0,0,1,alto
9,350000.0,3184,0.8925879396984925,7,6,1,0,0,0,1,0,1,1,1,1,0,medio_alto
6,35000.0,198,0.9494949494949495,3,1,1,1,1,1,0,0,1,0,0,0,0,medio_alto
10,10000.0,1,1.0,1,2,1,0,0,0,1,0,0,1,0,0,0,baixo
1,0.0,0,0.0,3,4,1,0,0,0,1,1,0,1,0,0,0,alto
2,0.0,0,0.0,103,1,1,0,0,0,0,0,0,0,0,0,1,medio_baixo
4,35000.0,3,1.0,1,5,1,0,0,0,1,1,1,1,1,0,0,medio_baixo
8,10000.0,37,0.7297297297297297,1,4,1,0,0,0,1,0,0,1,0,1,1,medio_alto
3,10000.0,3,0.3333333333333333,1,3,1,0,0,0,1,0,1,0,0,0,1,medio_alto
3,0.0,0,0.0,1,6,1,0,0,0,1,0,0,1,1,1,1,gratuito
3,10000.0,0,0.0,1,3,1,0,0,0,1,0,1,1,0,0,0,medio_baixo
5,10000.0,64,0.9375,2,4,1,1,1,0,1,1,1,1,0,0,0,medio_baixo
1,10000.0,0,0.0,1,2,1,1,1,0,1,0,0,0,1,0,0,medio_alto
1,10000.0,0,0.0,1,3,1,0,0,0,1,1,0,0,0,1,0,baixo
1,10000.0,8,1.0,1,3,1,0,0,0,1,1,1,0,0,0,0,medio_baixo
1,0.0,0,0.0,0,0,1,0,0,0,0,0,0,0,0,0,0,gratuito
4,35000.0,52,0.6730769230769231,1,4,1,0,0,0,1,1,0,1,0,0,0,gratuito
5,10000.0,11,0.5454545454545454,1,3,1,1,0,0,0,0,0,1,0,1,0,gratuito
7,10000.0,21,0.7619047619047619,1,1,1,0,0,0,0,1,0,0,0,0,0,gratuito
1,0.0,0,0.0,1,2,1,0,1,0,1,1,0,0,0,0,0,medio_baixo
7,10000.0,17,0.8823529411764706,3,3,1,0,0,0,1,1,0,1,0,0,0,medio_baixo
2,10000.0,38,0.7894736842105263,1,3,1,0,0,2,0,0,1,1,0,0,1,baixo
1,75000.0,536,0.9309701492537313,9,2,1,1,0,0,0,0,0,1,0,0,1,medio_alto
3,10000.0,327,0.9847094801223242,1,2,1,1,0,1,1,0,0,1,0,0,0,medio_baixo
2,10000.0,15,0.8666666666666667,2,4,1,0,0,0,0,1,1,1,1,0,0,medio_alto
10,350000.0,403,0.8163771712158809,1,1,1,0,0,0,0,0,0,1,0,0,0,baixo
6,75000.0,2,1.0,2,4,1,0,0,0,1,0,0,1,1,1,0,baixo
2,10000.0,279,0.982078853046595,4,4,1,0,0,0,1,0,0,1,1,0,1,alto
4,0.0,0,0.0,1,4,1,0,0,0,0,1,1,1,0,0,0,gratuito
3,0.0,0,0.0,1,4,1,0,0,0,1,1,0,1,0,0,0,gratuito
11,10000.0,17,0.5294117647058824,1,2,1,1,1,0,1,1,0,0,0,0,0,medio_baixo
4,10000.0,9,0.6666666666666666,1,5,1,0,0,0,1,1,1,1,0,0,0,baixo
2,750000.0,23850,0.889601677148847,6,2,1,0,0,967,0,0,0,1,0,0,1,alto
7,75000.0,3332,0.8406362545018007,4,5,1,0,0,2,1,0,1,1,1,0,1,baixo
1,10000.0,2,1.0,1,1,1,0,0,0,0,0,0,0,0,0,1,baixo
1,10000.0,0,0.0,21,2,1,1,0,0,1,0,0,1,0,0,0,medio_baixo
5,10000.0,1520,0.9565789473684211,1,3,1,0,0,0,1,1,1,0,0,0,0,baixo
1,10000.0,0,0.0,1,7,1,0,0,1,1,1,1,0,1,1,1,alto
15,350000.0,1500,0.7453333333333333,3,1,1,0,0,0,0,0,0,0,0,1,0,gratuito
1,10000.0,105,0.9523809523809523,2,3,1,0,0,0,1,0,0,1,0,0,1,medio_alto
4,150000.0,546,0.684981684981685,6,2,1,0,0,0,0,1,1,0,0,0,0,alto
9,75000.0,402,0.8482587064676617,1,3,1,1,0,1,1,0,1,0,0,0,1,baixo
3,10000.0,2,0.5,1,4,1,0,0,0,1,1,1,1,0,0,0,medio_alto
6,35000.0,140,0.7357142857142858,13,4,1,0,1,0,1,1,1,0,0,0,0,gratuito
5,150000.0,1905,0.968503937007874,4,2,1,0,0,1,0,0,0,1,0,0,1,alto
5,10000.0,0,0.0,4,1,1,0,0,0,0,1,0,0,0,0,0,medio_alto
6,10000.0,53,0.8867924528301887,8,9,1,1,1,0,1,1,1,1,1,1,1,baixo
7,10000.0,44,0.8863636363636364,1,3,1,0,0,0,1,1,0,0,1,0,0,medio_alto
3,10000.0,34,1.0,2,2,1,0,0,0,0,1,0,1,0,0,0,medio_baixo
8,10000.0,6,0.6666666666666666,1,2,1,1,0,0,1,1,0,0,0,0,0,medio_alto
3,10000.0,0,0.0,1,4,1,0,0,0,1,1,1,1,0,0,0,baixo
2,10000.0,3,1.0,1,4,1,0,0,0,0,1,1,0,0,1,0,alto
4,10000.0,17,0.5294117647058824,2,5,1,0,0,0,1,1,1,1,0,0,0,medio_alto
2,35000.0,151,0.6026490066225165,10,3,1,0,0,0,1,1,1,0,0,0,0,medio_alto
4,35000.0,1486,0.9885598923283984,5,1,1,0,1,1,0,0,0,1,0,0,0,baixo
6,10000.0,9,0.6666666666666666,1,3,1,0,0,0,1,0,0,1,0,0,0,gratuito
4,0.0,0,0.0,0,0,1,0,0,0,0,0,0,0,0,0,0,gratuito
2,10000.0,54,0.7222222222222222,6,4,1,0,0,1,1,0,0,1,1,0,1,medio_baixo
1,10000.0,68,0.9264705882352942,12,5,1,0,0,0,1,0,1,1,1,0,1,medio_alto
3,150000.0,921,0.8425624321389794,2,3,1,0,0,2,1,0,0,0,1,1,0,alto
1,0.0,0,0.0,2,4,1,0,0,0,1,0,0,0,0,1,1,gratuito
10,35000.0,259,0.8764478764478765,4,1,1,1,1,1,1,0,0,0,0,0,0,medio_baixo
3,10000.0,2,1.0,1,7,1,1,0,0,1,1,1,1,0,0,1,alto
1,10000.0,0,0.0,1,1,1,0,0,0,0,0,0,0,0,0,0,alto
2,10000.0,29,0.7931034482758621,1,2,1,0,0,0,1,0,1,0,0,0,0,baixo
11,0.0,0,0.0,2,2,1,1,0,0,0,0,1,1,0,0,0,alto
1,0.0,0,0.0,0,0,1,0,0,0,0,0,0,0,0,0,0,gratuito
1,10000.0,0,0.0,5,1,1,0,0,0,0,0,0,0,0,0,1,medio_baixo
3,150000.0,4,1.0,1,5,1,0,0,0,1,1,0,1,0,0,0,medio_alto
6,10000.0,2,1.0,1,2,1,0,0,0,1,1,0,0,0,0,0,medio_alto
10,10000.0,28,0.5357142857142857,1,3,1,0,0,0,1,1,0,1,0,0,0,medio_baixo
9,10000.0,42,0.5,1,4,1,0,0,0,1,1,0,1,0,0,1,gratuito
2,10000.0,3,1.0,1,1,1,0,0,0,0,0,0,1,0,0,0,medio_alto
7,10000.0,16,0.875,2,3,1,0,0,0,1,0,1,1,0,0,0,baixo
3,10000.0,237,0.8945147679324894,5,1,1,0,0,0,1,0,0,0,0,0,0,baixo
1,10000.0,0,0.0,1,3,1,0,0,0,1,0,0,1,0,0,1,medio_baixo
3,10000.0,1,1.0,1,3,1,0,0,0,0,1,0,0,0,1,0,medio_baixo
3,10000.0,0,0.0,1,1,1,0,0,0,0,0,0,1,0,0,0,alto
6,10000.0,1,1.0,2,2,1,1,1,0,1,1,0,0,0,0,0,alto
1,10000.0,0,0.0,1,1,1,0,0,0,0,0,0,0,0,0,0,medio_baixo
3,10000.0,6,0.8333333333333334,2,2,1,0,0,0,1,1,0,0,0,0,0,medio_baixo
2,0.0,0,0.0,1,3,1,0,0,1,0,1,0,1,0,0,0,gratuito
2,150000.0,402,0.7611940298507462,13,5,1,1,0,0,0,1,1,1,1,1,0,medio_baixo
3,0.0,0,0.0,0,0,1,0,0,0,0,0,0,0,0,0,0,gratuito
1,10000.0,0,0.0,30,2,1,0,0,0,0,0,1,0,0,0,1,alto
2,10000.0,152,0.9736842105263158,1,3,1,0,0,0,1,1,0,0,0,0,0,alto
2,10000.0,28,0.9285714285714286,13,4,1,1,0,0,1,0,0,1,0,1,1,medio_baixo
1,0.0,0,0.0,11,3,1,1,0,2,0,0,1,0,1,0,1,alto
1,10000.0,0,0.0,1,3,1,0,0,0,1,0,0,1,0,0,1,medio_baixo
8,10000.0,4,0.75,2,3,1,0,0,0,1,1,0,0,1,0,0,medio_baixo
4,10000.0,23,0.9565217391304348,1,2,1,0,0,0,1,0,0,1,0,0,0,baixo
1,10000.0,0,0.0,5,2,1,1,1,2,0,0,0,0,1,1,0,alto
5,10000.0,9,1.0,1,3,1,0,1,0,1,1,0,1,0,0,0,baixo
4,10000.0,0,0.0,1,5,1,0,0,0,1,1,1,0,1,1,0,medio_alto
6,10000.0,52,0.36538461538461536,1,6,1,0,0,0,1,1,0,0,0,0,1,gratuito
12,150000.0,62,0.5161290322580645,1,2,1,0,0,0,1,0,0,0,0,1,0,baixo
5,0.0,0,0.0,0,0,1,0,0,0,0,0,0,0,0,0,0,gratuito
6,350000.0,1827,0.8976464148877942,13,3,1,0,0,2,1,0,0,1,0,1,0,medio_alto
7,10000.0,31,0.7741935483870968,1,4,1,1,0,0,1,0,1,1,0,0,0,gratuito
2,10000.0,13,1.0,1,2,1,0,0,0,0,0,1,0,0,0,1,alto
4,10000.0,4,1.0,1,3,1,0,0,0,1,0,0,1,0,0,1,alto
1,10000.0,0,0.0,2,3,1,0,0,1,1,1,1,0,0,0,0,medio_alto
2,10000.0,30,0.6333333333333333,5,1,1,0,0,0,0,1,0,0,0,0,0,alto
9,10000.0,3,0.3333333333333333,1,3,1,0,0,0,1,1,0,1,0,0,0,baixo
1,10000.0,0,0.0,2,2,1,0,0,0,1,0,0,1,0,0,0,medio_alto
9,350000.0,1307,0.5753634276970161,4,3,1,0,0,0,0,1,0,1,0,0,1,alto
2,10000.0,17,0.9411764705882353,2,3,1,1,1,0,1,0,1,1,0,0,0,medio_baixo
6,75000.0,12,0.9166666666666666,1,1,1,0,0,0,0,1,0,0,0,0,0,gratuito
5,0.0,0,0.0,1,2,1,0,0,0,1,0,0,0,0,1,0,gratuito
2,10000.0,169,0.47928994082840237,9,3,1,0,0,0,1,0,0,0,1,0,1,medio_alto
5,10000.0,23,0.43478260869565216,2,4,1,0,0,0,1,0,1,1,0,1,0,baixo
12,75000.0,197,0.5786802030456852,2,3,1,1,1,1,1,0,1,0,0,1,0,baixo
2,150000.0,2656,0.9167921686746988,13,3,1,0,0,1,1,0,1,0,0,0,1,medio_baixo
3,10000.0,1,1.0,1,2,1,1,1,0,1,0,0,1,0,0,0,medio_baixo
9,10000.0,160,0.89375,9,2,1,1,1,0,1,0,1,0,0,0,0,medio_alto
5,10000.0,6,0.8333333333333334,1,3,1,0,0,0,1,0,1,0,1,0,0,baixo
2,0.0,0,0.0,1,4,1,0,0,0,1,0,0,1,0,1,0,gratuito
8,350000.0,6762,0.27802425317953267,8,3,1,0,0,0,0,1,1,0,0,0,0,gratuito
7,10000.0,71,0.6901408450704225,1,3,1,1,1,4,1,0,0,1,0,0,1,alto
10,10000.0,7,0.0,1,5,1,0,0,0,1,1,0,1,0,0,1,baixo
5,10000.0,0,0.0,1,6,1,0,0,0,1,1,1,1,0,0,0,gratuito
6,10000.0,56,0.8214285714285714,4,3,1,0,0,0,0,1,0,1,0,0,0,gratuito
8,10000.0,37,0.32432432432432434,1,1,1,0,0,0,1,0,0,0,0,0,0,baixo
7,10000.0,11,0.36363636363636365,1,3,1,0,0,0,1,0,1,0,1,0,0,medio_baixo
7,150000.0,2847,0.7776606954689147,5,3,1,0,0,9,1,1,0,0,0,0,1,alto
10,35000.0,67,0.6865671641791045,1,2,1,0,0,1,1,1,0,0,0,0,0,medio_alto
1,10000.0,0,0.0,1,1,1,1,1,0,0,0,1,0,0,0,0,medio_baixo
7,75000.0,1023,0.9736070381231672,1,2,1,0,0,0,1,1,0,0,0,0,0,alto
10,10000.0,77,0.948051948051948,1,2,1,1,0,0,1,1,0,0,0,0,0,medio_baixo
3,10000.0,1,0.0,12,2,1,0,0,0,1,0,0,1,0,0,0,baixo
1,10000.0,1,0.0,1,2,1,0,0,0,1,1,0,0,0,0,0,baixo
1,0.0,0,0.0,1,2,1,0,0,0,0,1,0,0,0,1,0,medio_alto
3,10000.0,52,0.9423076923076923,3,1,1,0,0,1,0,0,0,0,0,1,0,medio_alto
3,10000.0,5,0.6,1,5,1,0,0,0,1,1,0,0,0,0,1,medio_baixo
5,10000.0,4,0.0,1,3,1,0,0,0,0,1,0,1,0,0,0,baixo
2,10000.0,1,1.0,6,3,1,0,0,0,1,1,0,1,0,0,0,medio_alto
2,10000.0,1,1.0,1,4,1,0,0,0,1,0,0,0,0,1,1,alto
6,10000.0,7,0.8571428571428571,1,3,1,0,0,0,1,1,0,1,0,0,0,baixo
11,10000.0,16,0.625,1,2,1,0,0,1,1,1,0,0,0,0,0,baixo
8,75000.0,518,0.7548262548262549,7,4,1,0,0,0,1,0,1,0,1,1,0,medio_baixo
1,10000.0,0,0.0,1,2,1,0,0,0,1,0,0,0,0,0,1,medio_baixo
8,10000.0,11,1.0,1,4,1,0,0,3,1,0,1,0,1,0,0,gratuito
6,10000.0,16,0.3125,1,6,1,0,0,0,1,0,0,1,1,1,1,medio_baixo
3,10000.0,2,1.0,1,2,1,0,0,1,1,0,1,0,0,0,0,baixo
1,10000.0,0,0.0,27,2,1,1,1,0,1,0,0,0,0,0,1,baixo
10,10000.0,25,0.88,1,3,1,1,1,0,1,1,1,0,0,0,0,alto
2,10000.0,5,0.0,1,2,1,0,0,0,0,0,0,0,1,0,0,alto
1,10000.0,0,0.0,1,2,1,0,0,0,1,0,0,1,0,0,0,baixo
7,10000.0,46,0.8695652173913043,3,2,1,0,0,0,1,1,0,0,0,0,0,baixo
5,10000.0,12,0.9166666666666666,1,4,1,0,0,0,1,1,1,1,0,0,0,baixo
2,10000.0,2,1.0,2,2,1,0,0,1,0,1,0,1,0,0,0,medio_baixo
3,10000.0,20,0.85,1,1,1,0,0,0,0,1,0,0,0,0,0,medio_baixo
2,0.0,0,0.0,1,4,1,0,0,0,1,1,0,0,0,0,0,gratuito
12,350000.0,1255,0.6956175298804781,3,1,1,1,1,7,0,0,0,0,0,1,0,medio_alto
8,10000.0,19,0.631578947368421,2,4,1,0,0,0,1,1,1,0,1,0,0,medio_alto
1,0.0,0,0.0,2,2,1,0,0,1,1,0,0,1,0,0,0,medio_baixo
2,10000.0,2,0.0,2,3,1,0,0,0,1,0,0,1,0,0,1,baixo
3,0.0,0,0.0,0,0,1,0,0,0,0,0,0,0,0,0,0,gratuito
1,10000.0,0,0.0,1,2,1,1,0,0,1,0,0,1,0,0,0,medio_baixo
1,10000.0,2,1.0,2,2,1,0,0,0,0,0,0,1,0,1,0,baixo
10,750000.0,10914,0.6919552867876122,12,3,1,0,0,9,0,1,1,0,1,0,0,medio_alto
2,10000.0,38,0.5526315789473685,9,3,1,1,0,0,1,0,0,1,0,0,0,gratuito
5,35000.0,291,0.8213058419243986,1,4,1,0,0,0,1,0,1,1,1,0,0,alto
1,10000.0,0,0.0,1,2,1,0,0,0,0,1,1,0,0,0,0,medio_alto
4,10000.0,37,0.6756756756756757,1,7,1,0,0,0,1,1,1,1,1,0,1,baixo
1,10000.0,10,1.0,3,3,1,0,1,0,1,1,0,1,0,0,0,medio_alto
1,0.0,0,0.0,0,0,1,0,0,0,0,0,0,0,0,0,0,gratuito
2,10000.0,0,0.0,1,4,1,0,0,0,1,1,1,1,0,0,0,alto
2,10000.0,0,0.0,2,1,1,0,0,0,0,1,0,0,0,0,0,medio_baixo
2,10000.0,0,0.0,8,4,1,0,0,0,1,1,0,0,1,0,0,gratuito
6,75000.0,7,0.8571428571428571,1,6,1,0,0,3,1,1,1,0,1,1,0,gratuito
9,35000.0,83,0.6144578313253012,1,3,1,1,0,0,1,1,0,0,1,0,0,medio_baixo
5,10000.0,19,0.8947368421052632,4,2,1,0,0,0,1,1,0,0,0,0,0,alto
8,10000.0,424,0.964622641509434,1,3,1,1,1,0,1,0,1,0,1,0,0,medio_alto
4,0.0,0,0.0,1,3,1,0,1,0,1,1,0,0,1,0,0,gratuito
6,10000.0,213,0.8967136150234741,1,3,1,0,0,0,1,0,0,1,0,0,0,gratuito
4,0.0,0,0.0,0,0,1,0,0,0,0,0,0,0,0,0,0,gratuito
1,0.0,0,0.0,1,3,1,0,0,0,1,1,0,0,0,0,0,gratuito
8,75000.0,1423,0.9522136331693605,6,1,1,1,0,0,0,0,0,0,1,0,0,medio_baixo
1,10000.0,3,1.0,3,4,1,0,0,0,1,0,0,1,0,0,1,baixo
12,10000.0,116,0.9482758620689655,8,4,1,0,0,0,1,1,1,1,0,0,0,alto
3,10000.0,44,0.5,2,5,1,0,0,0,0,0,0,1,1,1,1,alto
2,10000.0,6,1.0,1,2,1,0,0,0,1,1,0,0,0,0,0,medio_alto
10,75000.0,153,0.8300653594771242,1,4,1,0,0,0,1,1,1,0,0,0,0,gratuito
10,35000.0,227,0.5374449339207048,14,5,1,1,1,0,1,1,1,1,1,0,0,alto
1,10000.0,0,0.0,1,2,1,0,0,0,1,1,0,0,0,0,0,alto
9,350000.0,4559,0.8640052643123493,10,2,1,1,1,0,1,0,1,0,0,0,0,medio_baixo
9,10000.0,124,0.7983870967741935,1,5,1,1,0,0,1,1,0,0,0,0,0,alto
6,10000.0,0,0.0,2,1,1,0,0,3,0,0,0,0,0,0,0,gratuito
4,10000.0,10,0.6,2,2,1,0,0,0,1,0,0,1,0,0,0,baixo
12,35000.0,200,0.445,1,2,1,1,1,0,0,1,1,0,0,0,0,medio_baixo
2,0.0,0,0.0,0,0,1,0,0,0,0,0,0,0,0,0,0,gratuito
3,10000.0,7,0.7142857142857143,1,4,1,0,0,0,0,0,0,1,0,1,0,gratuito
6,75000.0,15,0.7333333333333333,1,4,1,0,0,0,1,1,1,0,1,0,0,gratuito
1,10000.0,1,1.0,1,3,1,0,0,1,1,0,0,1,0,0,0,medio_alto
1,0.0,0,0.0,0,0,1,0,0,0,0,0,0,0,0,0,0,gratuito
1,10000.0,0,0.0,1,3,1,0,0,0,1,0,1,0,1,0,0,alto
2,10000.0,2,1.0,2,3,1,0,0,0,1,1,0,1,0,0,0,baixo
14,35000.0,120,0.35,5,1,1,0,0,0,0,0,0,0,0,1,0,gratuito
8,35000.0,160,0.46875,1,3,1,1,1,0,1,1,0,0,0,0,1,baixo
5,10000.0,66,0.9848484848484849,4,2,1,1,1,0,1,0,0,1,0,0,0,medio_baixo
4,0.0,0,0.0,1,5,1,0,0,0,1,0,1,1,0,0,1,gratuito
5,35000.0,14,1.0,7,4,1,0,1,0,1,1,1,1,0,0,0,medio_alto
3,75000.0,74,0.9054054054054054,11,3,1,0,0,0,1,0,0,1,1,0,0,medio_baixo
2,10000.0,0,0.0,1,2,1,0,0,0,1,0,0,1,0,0,0,gratuito
9,10000.0,11,0.7272727272727273,1,3,1,0,0,0,1,1,1,0,0,0,0,baixo
1,10000.0,0,0.0,8,3,1,1,1,1,1,0,0,1,0,0,1,alto
3,10000.0,0,0.0,1,4,1,1,1,0,1,0,0,1,1,0,0,medio_alto
2,10000.0,0,0.0,1,2,1,0,0,0,0,1,1,0,0,0,0,alto
7,10000.0,11,0.45454545454545453,1,4,1,0,0,0,0,1,1,1,0,0,1,gratuito
8,10000.0,7,0.5714285714285714,1,3,1,0,0,0,1,0,0,1,0,1,0,medio_baixo
1,0.0,0,0.0,0,0,1,0,0,0,0,0,0,0,0,0,0,gratuito
2,10000.0,0,0.0,2,4,1,0,0,0,1,0,1,1,0,0,0,gratuito
1,0.0,0,0.0,0,0,1,0,0,0,0,0,0,0,0,0,0,gratuito
4,10000.0,175,0.9542857142857143,5,2,1,0,0,1,0,0,0,0,1,0,1,medio_baixo
8,10000.0,82,0.9390243902439024,9,3,1,0,0,0,1,1,0,1,0,0,0,gratuito
2,10000.0,3,1.0,3,1,1,0,0,0,1,0,0,0,0,0,0,alto
2,150000.0,12486,0.9739708473490309,13,1,1,0,0,4,0,1,0,0,0,0,0,alto
8,10000.0,0,0.0,3,1,1,1,1,0,0,0,0,1,0,0,0,medio_alto
5,0.0,0,0.0,1,4,1,0,0,0,1,0,1,1,0,0,0,gratuito
4,10000.0,0,0.0,4,1,1,0,0,0,0,0,0,0,1,0,0,medio_baixo
8,10000.0,2,0.0,1,2,1,0,0,2,0,0,0,0,0,0,0,alto
4,10000.0,1,1.0,1,3,1,0,0,0,1,1,1,0,0,0,0,medio_baixo
8,35000.0,158,0.9113924050632911,1,3,1,1,0,1,1,1,0,0,0,0,0,gratuito
7,10000.0,13,0.0,1,4,1,0,0,0,1,1,1,0,0,0,0,alto
3,10000.0,5,1.0,1,1,1,0,0,0,0,0,0,0,0,1,0,medio_baixo
6,10000.0,11,0.9090909090909091,11,3,1,0,0,0,1,1,0,1,0,0,0,baixo
1,10000.0,0,0.0,1,2,1,1,0,0,0,0,1,0,1,0,0,alto
2,10000.0,0,0.0,30,4,1,0,0,0,0,1,1,1,1,0,0,medio_alto
7,10000.0,19,0.9473684210526315,2,1,1,0,0,0,1,0,0,0,0,0,0,baixo
10,150000.0,449,0.7839643652561247,1,4,1,1,0,0,1,0,0,1,0,1,1,baixo
1,10000.0,0,0.0,9,6,1,0,0,0,1,0,1,0,1,1,1,medio_baixo
5,10000.0,91,0.9230769230769231,13,2,1,0,1,0,1,1,0,0,0,0,0,baixo
9,10000.0,15,0.4,1,4,1,1,1,0,1,1,1,1,0,0,0,baixo
9,35000.0,156,0.5833333333333334,1,4,1,0,0,0,1,0,0,1,0,1,1,baixo
2,10000.0,0,0.0,1,3,1,0,0,0,1,1,0,1,0,0,0,baixo
9,10000.0,27,0.8518518518518519,1,1,1,0,0,0,0,0,1,0,0,0,0,baixo
17,10000.0,31,0.7419354838709677,1,1,1,0,0,0,0,0,0,0,0,0,1,alto
6,10000.0,16,0.125,1,3,1,0,0,0,1,0,0,1,0,0,1,alto
8,10000.0,99,0.98989898989899,1,3,1,1,0,0,1,1,1,0,0,0,0,medio_baixo
5,10000.0,6,0.5,2,3,1,1,0,0,1,0,1,1,0,0,0,medio_alto
3,10000.0,3,1.0,1,2,1,0,1,0,0,1,0,0,0,0,0,medio_alto
1,10000.0,58,0.6724137931034483,1,5,1,0,1,0,1,0,0,1,1,0,1,alto
5,75000.0,570,0.9912280701754386,1,3,1,0,0,0,1,1,1,0,0,0,0,medio_alto
8,10000.0,11,0.5454545454545454,10,2,1,1,1,0,1,0,1,0,0,0,0,medio_baixo
10,10000.0,131,0.6641221374045801,2,3,1,0,0,1,1,1,0,0,0,1,0,alto
2,10000.0,2,1.0,1,3,1,1,1,0,0,0,1,0,0,1,0,alto
11,35000.0,55,0.8545454545454545,9,1,1,1,0,0,1,0,0,0,0,0,0,medio_alto
7,10000.0,4,1.0,1,2,1,0,0,0,1,0,0,1,0,0,0,baixo
6,35000.0,58,0.8620689655172413,4,3,1,0,0,1,1,1,0,1,0,0,0,alto
6,10000.0,71,0.9577464788732394,5,2,1,1,0,0,1,0,0,1,0,0,0,medio_alto
9,10000.0,20,0.6,3,3,1,0,0,2,1,1,0,0,1,0,0,medio_alto
11,10000.0,18,0.5555555555555556,1,1,1,0,0,0,0,0,1,0,0,0,0,medio_baixo
1,0.0,0,0.0,0,0,1,0,0,0,0,0,0,0,0,0,0,gratuito
6,10000.0,14,0.6428571428571429,28,3,1,0,0,0,1,0,0,1,0,0,1,medio_baixo
1,0.0,0,0.0,2,2,1,0,0,0,0,1,0,0,0,0,0,medio_alto
9,10000.0,196,0.6377551020408163,2,3,1,0,0,0,1,1,1,0,0,0,0,baixo
3,10000.0,0,0.0,1,2,1,0,0,0,1,0,0,0,1,0,0,baixo
1,10000.0,2,1.0,1,3,1,0,0,0,1,1,0,1,0,0,0,medio_baixo
1,10000.0,0,0.0,1,1,1,0,0,0,0,0,0,0,0,0,1,medio_alto
3,10000.0,0,0.0,1,1,1,0,0,0,0,0,0,1,0,0,0,medio_alto
9,10000.0,51,0.6274509803921569,2,2,1,0,0,1,1,0,1,0,0,0,0,gratuito
2,0.0,0,0.0,1,3,1,0,0,1,1,0,0,1,0,0,0,gratuito
10,10000.0,44,0.8863636363636364,5,2,1,1,1,0,1,0,0,1,0,0,0,medio_alto
2,10000.0,21,0.7619047619047619,1,4,1,1,0,0,1,0,0,0,0,1,1,alto
1,10000.0,0,0.0,1,2,1,0,0,0,1,0,0,0,0,1,0,baixo
7,10000.0,101,0.7722772277227723,1,3,1,0,0,0,1,1,0,1,0,0,0,baixo
3,10000.0,188,0.324468085106383,6,1,1,0,0,0,0,1,0,0,0,0,0,alto
2,10000.0,0,0.0,1,2,1,0,0,0,0,0,0,0,0,1,1,baixo
2,10000.0,0,0.0,1,3,1,0,0,0,1,1,0,1,0,0,0,baixo
1,10000.0,1,0.0,1,3,1,0,0,0,1,0,0,1,0,0,1,baixo
12,75000.0,552,0.9057971014492754,1,1,1,0,0,0,0,1,0,0,0,0,0,medio_baixo
10,10000.0,124,0.9032258064516129,1,4,1,0,0,1,1,0,1,0,1,1,0,medio_alto
2,10000.0,0,0.0,10,2,1,0,0,0,1,0,0,1,0,0,0,medio_baixo
5,10000.0,12,0.9166666666666666,1,5,1,1,0,0,1,0,0,1,1,0,1,alto
1,10000.0,2,1.0,1,3,1,0,0,0,1,1,0,1,0,0,0,baixo
13,35000.0,478,0.1799163179916318,3,1,1,0,0,0,0,0,0,0,0,0,1,baixo
4,10000.0,8,0.875,1,2,1,0,0,0,1,0,0,0,0,0,0,alto
3,10000.0,363,0.8870523415977961,12,5,1,0,0,0,0,0,0,0,0,0,1,alto
2,10000.0,0,0.0,1,3,1,0,0,0,1,1,1,0,0,0,0,medio_alto
6,10000.0,31,0.8709677419354839,8,2,1,1,1,0,1,0,1,0,0,0,0,alto
2,10000.0,293,0.7610921501706485,2,4,1,0,0,0,1,1,1,0,0,0,1,medio_baixo
2,10000.0,28,1.0,2,2,1,0,0,0,1,1,0,0,0,0,0,baixo
5,0.0,0,0.0,1,4,1,0,0,0,0,1,0,0,0,0,0,gratuito
3,10000.0,0,0.0,2,2,1,0,0,0,1,1,0,0,0,0,0,baixo
5,750000.0,1,1.0,1,3,1,0,0,0,0,1,0,0,0,1,1,medio_baixo
2,10000.0,6,1.0,1,2,1,1,0,0,1,1,0,0,0,0,0,medio_alto
6,10000.0,130,0.6384615384615384,3,3,1,0,0,0,1,0,1,1,0,0,0,alto
2,10000.0,3,0.3333333333333333,2,5,1,0,0,3,1,0,1,0,1,1,1,alto
9,10000.0,39,0.5641025641025641,2,2,1,0,0,1,1,0,1,0,0,0,0,baixo
6,10000.0,42,0.8571428571428571,8,3,1,1,1,0,1,0,0,1,0,0,1,medio_baixo
2,10000.0,14,1.0,1,3,1,0,0,2,1,0,0,1,1,0,0,medio_baixo
5,10000.0,47,0.851063829787234,1,2,1,0,0,0,1,1,0,0,0,0,0,medio_baixo
9,35000.0,33,0.5454545454545454,1,1,1,0,0,0,0,0,0,0,0,1,0,alto
4,10000.0,12,1.0,1,1,1,0,0,0,0,1,0,0,0,0,0,alto
3,75000.0,5,0.8,1,3,1,0,0,0,1,1,1,0,0,0,0,baixo
3,0.0,0,0.0,1,1,1,0,0,0,0,0,1,0,0,0,0,gratuito
9,10000.0,21,0.8571428571428571,1,4,1,0,0,0,1,1,1,0,0,0,0,baixo
4,10000.0,1,1.0,1,1,1,0,0,0,0,1,0,0,0,0,0,medio_alto
2,10000.0,4,0.75,1,3,1,0,0,0,1,0,1,1,0,0,0,baixo
2,10000.0,0,0.0,2,2,1,0,0,0,1,0,0,1,0,0,0,medio_baixo
3,10000.0,0,0.0,1,1,1,0,0,0,0,0,0,0,0,1,0,medio_baixo
2,0.0,0,0.0,2,4,1,0,0,0,1,1,1,0,0,0,0,gratuito
5,10000.0,14,0.8571428571428571,5,2,1,0,0,0,1,0,0,1,0,0,0,baixo
5,10000.0,2,1.0,1,2,1,0,1,0,0,1,0,1,0,0,0,alto
9,150000.0,2218,0.951307484220018,1,6,1,1,0,1,0,0,0,0,0,0,0,alto
1,10000.0,0,0.0,10,5,1,0,0,0,0,1,0,0,0,0,0,alto
10,10000.0,82,0.2926829268292683,1,6,1,0,0,0,1,1,1,1,0,1,1,baixo
2,10000.0,4,1.0,2,4,1,0,0,0,1,1,1,1,0,0,0,medio_baixo
1,0.0,0,0.0,0,0,1,0,0,0,0,0,0,0,0,0,0,gratuito
5,10000.0,37,0.918918918918919,1,1,1,0,0,0,0,0,0,0,1,0,0,baixo
2,10000.0,48,0.14583333333333334,11,3,1,0,0,0,0,1,1,0,0,0,0,medio_baixo
7,10000.0,47,0.8936170212765957,1,4,1,0,0,0,1,0,1,1,0,0,0,gratuito
4,1500000.0,15766,0.960294304198909,12,2,1,0,0,3,0,1,1,0,0,0,0,alto
10,10000.0,29,0.6206896551724138,5,3,1,0,0,0,1,1,0,1,0,0,0,baixo
2,0.0,0,0.0,1,3,1,0,0,0,1,1,0,0,0,0,0,gratuito
9,35000.0,12,0.9166666666666666,2,2,1,0,0,0,1,0,0,0,1,0,0,medio_baixo
4,10000.0,0,0.0,1,3,1,0,0,0,0,1,0,1,0,0,1,baixo
2,10000.0,113,0.9557522123893806,30,6,1,0,0,0,1,1,1,1,1,0,0,alto
4,10000.0,31,0.8709677419354839,1,4,1,0,0,0,0,0,0,1,0,1,1,alto
1,0.0,0,0.0,1,1,1,0,0,0,0,0,1,0,0,0,0,medio_alto
3,10000.0,28,0.9285714285714286,1,3,1,0,0,0,0,0,0,0,0,0,0,alto
7,35000.0,33,0.8181818181818182,11,4,1,1,1,0,1,1,1,0,0,0,0,gratuito
8,10000.0,14,0.7857142857142857,10,3,1,0,0,0,1,0,0,0,0,1,0,alto
2,10000.0,0,0.0,30,5,1,0,0,0,1,1,1,1,0,0,1,medio_alto
5,750000.0,9456,0.7694585448392555,9,3,1,0,0,4,1,0,0,0,0,1,1,medio_baixo
4,10000.0,40,0.525,3,3,1,0,0,0,1,0,0,1,0,1,0,baixo
9,10000.0,44,0.6590909090909091,3,3,1,0,0,0,1,1,0,0,1,0,0,medio_alto
11,75000.0,227,0.7709251101321586,1,3,1,1,0,0,1,1,0,1,0,0,0,baixo
2,10000.0,0,0.0,1,2,1,0,0,0,0,0,0,0,0,0,1,medio_alto
5,10000.0,8,0.25,28,5,1,1,1,0,1,1,0,1,0,1,1,alto
7,10000.0,8,0.375,6,1,1,0,0,0,1,0,0,0,0,0,0,baixo
6,10000.0,1,0.0,1,4,1,0,0,1,1,1,0,0,0,0,1,alto
11,75000.0,1687,0.8512151748666271,11,2,1,0,0,2,1,1,0,0,0,0,0,medio_alto
9,75000.0,48,0.5,1,1,1,0,0,0,0,0,0,0,1,0,0,baixo
1,10000.0,0,0.0,1,2,1,0,0,0,1,0,0,0,0,0,1,medio_alto
1,0.0,0,0.0,0,0,1,0,0,0,0,0,0,0,0,0,0,gratuito
3,10000.0,0,0.0,5,1,1,1,1,0,0,0,0,1,0,0,0,alto
5,0.0,0,0.0,0,0,1,0,0,0,0,0,0,0,0,0,0,gratuito
2,10000.0,103,0.9320388349514563,11,1,1,0,0,0,0,1,0,0,0,0,0,medio_alto
7,10000.0,188,0.9574468085106383,2,2,1,0,0,1,1,0,1,0,0,0,0,medio_baixo
5,75000.0,384,0.90625,3,2,1,0,0,0,0,0,1,0,1,0,0,alto
2,10000.0,3,1.0,1,4,1,0,0,0,1,0,1,1,0,0,0,medio_alto
2,10000.0,1,1.0,1,4,1,0,0,0,1,0,1,0,1,1,0,baixo
10,10000.0,27,0.8148148148148148,1,3,1,0,0,1,1,1,1,0,0,0,0,medio_alto
6,10000.0,2,0.0,1,3,1,0,0,0,1,0,0,0,0,0,1,alto
6,35000.0,325,0.8984615384615384,4,1,1,0,0,0,0,0,0,0,1,0,0,alto
5,10000.0,4,1.0,1,1,1,0,0,0,1,0,0,0,0,0,0,baixo
7,35000.0,17,0.9411764705882353,1,4,1,0,0,0,1,0,1,0,1,1,0,medio_alto
6,350000.0,56,0.5357142857142857,2,2,1,0,0,0,0,1,0,0,0,0,0,gratuito
1,10000.0,0,0.0,10,3,1,0,0,2,1,0,1,0,0,1,0,alto
1,10000.0,6,1.0,1,4,1,0,0,0,1,0,1,0,1,1,0,medio_alto
2,10000.0,2,0.5,2,3,1,0,0,0,1,0,1,0,1,0,0,alto
4,0.0,0,0.0,0,0,1,0,0,0,0,0,0,0,0,0,0,gratuito
5,350000.0,2753,0.7246640029059208,8,4,1,0,0,3,1,0,1,0,1,1,0,medio_alto
20,75000.0,270,0.8555555555555555,1,1,1,0,0,0,0,0,0,0,0,1,0,medio_baixo
7,10000.0,7,0.14285714285714285,5,5,1,0,0,0,1,1,1,0,1,0,1,baixo
1,10000.0,6,0.3333333333333333,11,3,1,0,0,0,0,1,1,1,0,0,0,medio_baixo
9,10000.0,15,0.6666666666666666,1,5,1,0,0,1,1,1,0,0,1,1,0,gratuito
5,35000.0,1037,0.8129218900675024,4,1,1,0,0,15,0,0,0,0,1,0,0,alto
1,0.0,0,0.0,1,3,1,0,0,0,0,1,0,0,0,1,0,alto
2,10000.0,4,0.5,1,5,1,0,0,0,1,1,1,1,0,1,0,alto
3,10000.0,0,0.0,3,3,1,0,0,0,1,1,0,0,1,0,0,alto
2,10000.0,105,0.7428571428571429,5,1,1,0,0,0,1,0,0,0,0,0,0,baixo
2,0.0,0,0.0,4,2,1,0,0,1,1,0,0,0,1,0,0,gratuito
2,10000.0,8,1.0,1,3,1,0,0,0,1,0,0,0,0,0,1,medio_alto
9,10000.0,89,0.8089887640449438,6,3,1,0,0,0,1,0,1,1,0,0,0,medio_baixo
3,10000.0,0,0.0,1,4,1,1,1,1,1,0,1,1,1,0,0,medio_alto
1,10000.0,0,0.0,1,3,1,1,1,0,0,0,1,1,0,0,1,medio_alto
7,10000.0,169,0.727810650887574,3,1,1,0,0,0,0,0,0,0,1,0,0,alto
1,10000.0,0,0.0,2,3,1,0,0,0,1,1,1,0,0,0,0,medio_baixo
3,10000.0,0,0.0,1,2,1,0,0,1,0,1,0,1,0,0,0,medio_baixo
2,10000.0,59,0.8813559322033898,2,1,1,0,0,0,0,0,1,0,0,0,0,medio_baixo
1,10000.0,0,0.0,4,2,1,0,0,0,0,0,1,1,0,0,0,medio_alto
10,35000.0,74,0.5540540540540541,1,5,1,1,0,0,1,1,1,0,1,0,0,gratuito
4,0.0,0,0.0,1,5,1,1,0,1,0,0,0,1,0,1,1,gratuito
8,10000.0,107,0.8691588785046729,4,2,1,0,0,1,0,0,1,0,1,0,0,medio_alto
5,10000.0,28,1.0,1,2,1,1,0,0,1,0,0,0,0,1,0,medio_baixo
10,350000.0,989,0.833164812942366,1,4,1,0,0,0,1,1,1,0,1,0,0,baixo
6,35000.0,31,0.8709677419354839,1,1,1,1,1,1,1,0,0,0,0,0,0,medio_alto
2,10000.0,1,0.0,7,4,1,0,0,1,1,0,0,1,0,1,1,baixo
1,0.0,0,0.0,1,4,1,0,0,0,1,0,1,1,0,0,0,gratuito
5,10000.0,12,0.9166666666666666,1,2,1,0,0,0,0,0,1,1,0,0,0,baixo
1,0.0,0,0.0,1,2,1,0,0,1,1,1,0,0,0,0,0,alto
4,0.0,0,0.0,3,3,1,0,0,0,0,1,0,0,0,0,0,gratuito
2,10000.0,0,0.0,1,6,1,0,0,0,1,0,0,1,0,1,1,baixo
1,0.0,0,0.0,2,1,1,0,0,0,0,1,0,0,0,0,0,medio_alto
3,0.0,0,0.0,0,0,1,0,0,0,0,0,0,0,0,0,0,gratuito
1,10000.0,0,0.0,1,3,1,0,0,0,1,0,0,1,0,0,1,baixo
1,0.0,0,0.0,0,0,1,0,0,0,0,0,0,0,0,0,0,gratuito
5,35000.0,3,0.3333333333333333,1,4,1,0,0,0,0,1,1,0,1,1,0,medio_alto
1,10000.0,0,0.0,1,2,1,0,0,0,0,1,0,0,0,0,0,alto
1,0.0,0,0.0,0,0,1,0,0,0,0,0,0,0,0,0,0,gratuito
3,10000.0,1,1.0,1,3,1,1,1,0,0,1,1,0,0,0,1,alto
6,10000.0,11,0.6363636363636364,1,2,1,0,0,0,0,0,0,0,0,0,0,gratuito
11,3500000.0,31519,0.9023446175322821,19,1,1,0,0,14,0,1,0,0,0,0,0,medio_alto
6,35000.0,20,0.8,2,2,1,0,0,0,1,1,0,0,0,0,0,medio_alto
1,10000.0,0,0.0,10,2,1,1,1,0,1,0,0,1,0,0,0,medio_alto
11,10000.0,60,0.7833333333333333,1,2,1,0,0,0,1,0,0,0,0,1,0,medio_alto
3,10000.0,14,0.7857142857142857,1,1,1,0,0,0,0,0,0,0,1,0,0,alto
11,10000.0,26,0.7307692307692307,2,3,1,1,1,0,0,0,1,1,0,0,1,alto
12,350000.0,968,0.7293388429752066,1,7,1,0,0,0,1,1,1,0,0,0,1,alto
11,10000.0,87,0.8850574712643678,1,2,1,1,1,0,1,0,0,0,1,0,0,medio_baixo
1,0.0,0,0.0,0,0,1,0,0,0,0,0,0,0,0,0,0,gratuito
1,10000.0,0,0.0,1,4,1,0,0,0,1,1,0,1,0,1,0,medio_baixo
1,0.0,0,0.0,10,3,1,1,0,0,1,0,0,1,0,1,0,medio_alto
1,10000.0,137,0.9051094890510949,2,2,1,0,0,0,1,0,1,0,0,0,0,medio_alto
7,10000.0,6,0.8333333333333334,2,4,1,0,0,0,1,1,0,1,0,0,1,baixo
1,0.0,0,0.0,0,0,1,0,0,0,0,0,0,0,0,0,0,gratuito
12,150000.0,1847,0.713589604764483,1,3,1,0,0,8,0,0,1,0,1,1,0,medio_baixo
1,0.0,0,0.0,5,2,1,0,0,0,0,0,0,0,1,0,0,gratuito
4,10000.0,5,0.6,2,4,1,0,0,0,1,0,0,0,0,1,1,alto
1,35000.0,27,0.9259259259259259,6,2,1,0,0,0,1,0,0,0,0,0,1,medio_baixo
3,10000.0,6,0.8333333333333334,11,3,1,0,0,0,0,0,0,1,0,0,1,medio_alto
2,10000.0,0,0.0,8,1,1,1,0,0,0,0,0,1,0,0,0,medio_baixo
2,10000.0,6,0.6666666666666666,15,3,1,1,1,0,1,1,0,0,0,1,0,medio_baixo
8,10000.0,0,0.0,1,3,1,0,0,0,1,0,0,1,0,0,0,medio_baixo
5,10000.0,0,0.0,1,2,1,1,0,1,1,0,0,1,0,0,0,baixo
1,0.0,0,0.0,0,0,1,0,0,0,0,0,0,0,0,0,0,gratuito
2,10000.0,4,1.0,10,3,1,0,0,0,1,0,0,1,0,1,0,medio_baixo
1,10000.0,0,0.0,3,1,1,0,0,0,0,0,0,0,1,0,0,medio_alto
1,35000.0,451,0.8603104212860311,32,3,1,1,1,3,1,0,0,0,0,1,1,alto
9,10000.0,1,0.0,1,4,1,0,0,0,1,0,0,1,0,0,0,medio_alto
2,0.0,0,0.0,0,0,1,0,0,0,0,0,0,0,0,0,0,gratuito
7,150000.0,8414,0.8699786070834323,4,1,1,0,0,24,0,0,0,0,1,0,0,gratuito
16,750000.0,8100,0.7808641975308642,6,2,1,0,0,4,0,1,1,0,0,0,0,medio_alto
8,10000.0,4,1.0,1,3,1,1,1,0,1,1,1,0,0,0,0,baixo
5,10000.0,0,0.0,1,3,1,0,0,0,1,1,0,0,0,0,0,medio_baixo
3,10000.0,0,0.0,1,2,1,0,0,0,1,0,0,1,0,0,0,baixo
1,10000.0,0,0.0,25,3,1,0,0,0,1,1,0,1,0,0,0,baixo
8,10000.0,10,0.8,1,2,1,1,1,0,0,0,0,1,0,0,1,medio_baixo
1,10000.0,74,0.972972972972973,5,3,1,0,0,2,1,1,1,0,0,0,0,alto
3,10000.0,317,0.9337539432176656,11,3,1,0,0,0,1,1,0,0,0,0,0,alto
1,0.0,0,0.0,25,4,1,0,0,0,1,1,1,0,0,0,0,baixo
3,10000.0,2,1.0,1,2,1,0,1,0,1,1,0,0,0,0,0,medio_baixo
8,10000.0,2,0.0,12,4,1,0,0,0,1,1,1,0,1,0,0,medio_alto
6,10000.0,93,0.946236559139785,3,4,1,1,1,0,1,1,1,1,0,0,0,alto
10,10000.0,12,0.4166666666666667,1,4,1,0,0,0,1,1,1,0,0,0,1,medio_alto
10,150000.0,2254,0.7324755989352263,4,3,1,1,0,2,1,1,0,0,1,0,0,medio_baixo
1,10000.0,2,1.0,2,3,1,0,0,0,1,0,0,1,0,1,0,medio_baixo
4,10000.0,0,0.0,1,4,1,0,0,0,1,1,1,0,1,0,0,baixo
11,10000.0,54,0.8518518518518519,1,2,1,1,0,0,1,1,0,0,0,0,0,gratuito
2,0.0,0,0.0,1,4,1,0,0,0,0,1,1,1,0,0,0,gratuito
1,0.0,0,0.0,1,4,1,0,0,0,1,0,0,1,0,0,1,gratuito
6,10000.0,32,0.8125,2,3,1,0,0,0,1,0,1,1,0,0,0,alto
9,10000.0,3,0.6666666666666666,1,5,1,0,0,0,0,1,1,0,0,1,0,alto
4,0.0,0,0.0,1,4,1,0,0,0,1,0,1,0,0,0,1,gratuito
2,10000.0,2,0.5,2,2,1,0,0,0,1,0,0,1,0,0,0,baixo
10,350000.0,2069,0.8666022232962783,1,1,1,0,0,22,0,0,0,0,0,1,0,gratuito
2,10000.0,5,1.0,1,2,1,0,0,0,1,0,0,1,0,0,0,alto
3,35000.0,358,0.7597765363128491,1,2,1,0,0,0,0,1,1,0,0,0,0,baixo
4,150000.0,3983,0.35500878734622143,1,6,1,1,0,0,1,0,0,1,1,1,1,alto
2,0.0,0,0.0,0,0,1,0,0,0,0,0,0,0,0,0,0,gratuito
1,10000.0,0,0.0,1,1,1,0,0,0,0,1,0,0,0,0,0,medio_baixo
5,10000.0,8,0.875,1,2,1,0,0,0,1,0,0,0,0,0,0,gratuito
3,0.0,0,0.0,2,3,1,0,0,0,0,0,1,1,0,0,0,gratuito
5,10000.0,22,0.6363636363636364,1,6,1,0,0,0,1,1,1,1,1,1,0,baixo
4,10000.0,12,0.8333333333333334,1,2,1,0,0,0,0,1,0,0,0,0,0,gratuito
1,10000.0,3,1.0,1,4,1,0,0,0,1,1,1,1,0,0,0,medio_baixo
3,35000.0,198,0.8333333333333334,8,2,1,1,0,0,1,1,0,0,0,0,0,medio_alto
1,0.0,0,0.0,1,4,1,0,0,0,1,0,1,0,0,0,1,gratuito
7,10000.0,20,0.85,1,5,1,1,0,0,1,0,1,1,0,0,1,medio_baixo
1,10000.0,126,0.5158730158730159,1,1,1,0,0,0,0,0,0,0,0,0,0,alto
1,10000.0,0,0.0,1,8,1,0,0,0,1,1,1,1,1,1,1,medio_baixo
1,10000.0,0,0.0,22,2,1,1,1,1,0,1,1,0,0,0,0,alto
13,350000.0,4604,0.9246307558644656,27,2,1,1,1,1,1,1,0,0,0,0,0,baixo
8,750000.0,10554,0.9725222664392648,14,3,1,1,0,1,1,0,1,0,0,0,0,gratuito
2,35000.0,1,0.0,1,3,1,1,0,0,1,1,0,0,0,1,0,alto
4,10000.0,178,0.7921348314606742,6,4,1,0,0,0,1,0,0,1,0,1,1,medio_baixo
6,10000.0,3,1.0,1,2,1,0,0,0,1,0,1,0,0,0,0,baixo
12,150000.0,530,0.47547169811320755,7,2,1,0,0,1,1,0,0,0,0,1,0,medio_alto
13,750000.0,17889,0.7706411761417631,9,2,1,1,1,1,1,0,1,0,0,0,0,medio_baixo
4,10000.0,5,0.6,1,3,1,0,0,0,1,0,1,1,0,0,0,baixo
2,10000.0,0,0.0,1,3,1,0,1,0,1,0,1,1,0,0,0,gratuito
2,10000.0,35,1.0,1,1,1,0,0,0,1,0,0,0,0,0,0,baixo
2,10000.0,24,0.875,4,3,1,1,1,0,1,0,1,0,0,0,0,medio_baixo
6,10000.0,38,0.5,1,7,1,0,0,0,1,0,1,1,1,0,1,gratuito
2,10000.0,5,1.0,2,4,1,0,0,0,1,1,1,1,0,0,0,alto
8,10000.0,21,0.8571428571428571,1,1,1,1,0,0,1,0,0,0,0,0,0,medio_alto
2,750000.0,31630,0.7879860891558647,6,3,1,0,0,7,0,1,0,0,0,1,1,alto
7,35000.0,483,0.9585921325051759,1,3,1,0,0,0,1,0,0,1,0,0,1,baixo
4,10000.0,132,0.7651515151515151,6,1,1,0,0,2,0,0,0,0,0,0,0,alto
1,0.0,0,0.0,1,4,1,0,0,0,1,0,0,1,0,0,1,gratuito
2,10000.0,2,1.0,1,1,1,0,1,0,0,0,0,0,0,0,1,baixo
2,10000.0,5,0.8,1,2,1,0,0,0,0,0,1,1,0,0,0,alto
6,35000.0,117,0.7777777777777778,1,1,1,0,0,0,1,0,0,0,0,0,0,baixo
2,10000.0,2,0.5,8,3,1,0,0,0,0,1,1,0,0,1,0,medio_alto
1,0.0,0,0.0,6,3,1,0,1,1,1,0,0,0,1,1,0,medio_alto
6,75000.0,5,0.8,2,2,1,0,0,0,1,1,0,0,0,0,0,baixo
6,10000.0,3,0.6666666666666666,1,2,1,0,0,0,1,1,0,0,0,0,0,medio_baixo
10,10000.0,29,0.6896551724137931,2,2,1,0,0,0,1,0,1,0,0,0,0,medio_alto
1,0.0,0,0.0,1,6,1,0,0,0,1,1,1,1,1,0,0,gratuito
9,35000.0,210,0.8904761904761904,1,7,1,0,0,0,1,0,1,1,0,1,1,gratuito
9,35000.0,615,0.8292682926829268,2,1,1,0,0,15,0,0,0,0,1,0,0,gratuito
4,10000.0,142,0.7183098591549296,7,2,1,0,0,2,0,1,0,0,0,0,1,medio_alto
1,10000.0,0,0.0,2,4,1,0,0,0,1,1,1,0,1,0,0,alto
3,10000.0,61,0.9836065573770492,1,3,1,1,0,1,1,0,1,0,1,0,0,medio_alto
2,10000.0,697,0.787661406025825,7,2,1,0,0,0,1,0,0,0,0,1,0,medio_alto
6,10000.0,0,0.0,1,3,1,0,0,0,1,1,0,1,0,0,0,baixo
8,10000.0,30,0.8,7,3,1,0,0,0,1,1,0,1,0,0,0,alto
10,10000.0,7,0.42857142857142855,1,5,1,0,0,0,1,1,1,1,0,0,0,alto
1,10000.0,0,0.0,8,2,1,0,0,0,0,0,0,0,0,0,1,alto
7,10000.0,1,1.0,1,2,1,1,0,0,1,0,0,1,0,0,0,medio_alto
8,150000.0,3150,0.8653968253968254,5,5,1,0,0,1,1,1,1,1,1,0,0,alto
4,10000.0,2,0.5,1,2,1,0,0,0,1,0,1,0,0,0,0,medio_baixo
1,35000.0,3,1.0,1,1,1,0,0,0,0,1,0,0,0,0,0,baixo
2,0.0,0,0.0,103,4,1,0,0,1,1,0,0,1,0,1,0,gratuito
1,0.0,0,0.0,1,3,1,0,0,0,1,1,0,0,0,0,0,gratuito
4,10000.0,12,0.8333333333333334,1,3,1,0,0,0,1,0,1,1,0,0,0,medio_alto
1,10000.0,0,0.0,1,1,1,0,0,0,0,0,0,0,0,0,0,medio_alto
7,10000.0,527,0.967741935483871,2,1,1,1,1,0,0,0,1,0,0,0,0,medio_alto
2,10000.0,0,0.0,1,3,1,1,0,0,0,0,1,1,1,0,0,alto
8,10000.0,6,1.0,1,1,1,0,0,0,0,0,0,1,0,0,0,gratuito
7,10000.0,43,0.9534883720930233,11,3,1,0,0,1,1,1,0,1,0,0,0,baixo
6,10000.0,50,0.4,2,2,1,0,0,0,1,0,1,0,0,0,0,medio_alto
6,35000.0,44,0.9545454545454546,1,4,1,0,0,0,1,0,1,1,0,0,0,gratuito
3,10000.0,7,0.7142857142857143,3,4,1,0,0,0,1,0,1,1,0,0,1,baixo
1,0.0,0,0.0,1,4,1,0,0,0,1,1,0,1,0,0,0,alto
4,0.0,0,0.0,0,0,1,0,0,0,0,0,0,0,0,0,0,gratuito
6,10000.0,1,1.0,1,4,1,0,0,0,1,1,1,1,0,0,0,medio_baixo
7,35000.0,26,0.7692307692307693,1,3,1,0,0,0,1,0,0,1,0,0,0,gratuito
13,150000.0,652,0.7944785276073619,7,4,1,1,1,0,1,1,1,1,0,0,0,alto
7,10000.0,2,0.5,1,6,1,0,0,0,1,0,1,1,1,1,0,medio_alto
2,0.0,0,0.0,7,5,1,1,0,0,1,1,1,0,1,0,0,gratuito
1,10000.0,0,0.0,2,3,1,0,0,0,1,0,0,0,0,1,0,alto
3,10000.0,0,0.0,103,2,1,0,0,0,1,0,0,1,0,0,0,medio_baixo
10,10000.0,34,0.6764705882352942,1,2,1,0,0,0,1,1,0,0,0,0,0,gratuito
6,10000.0,11,1.0,1,3,1,1,0,0,0,0,0,1,0,1,1,medio_alto
1,10000.0,0,0.0,1,3,1,0,0,0,1,1,0,0,0,0,0,alto
5,10000.0,8,0.5,103,2,1,0,0,0,1,0,0,1,0,0,0,baixo
2,10000.0,66,0.696969696969697,5,3,1,1,1,1,1,0,0,1,0,0,0,gratuito
4,10000.0,0,0.0,6,3,1,0,0,6,1,1,0,0,0,0,0,medio_alto
3,10000.0,0,0.0,1,5,1,0,0,0,0,1,1,1,0,0,1,baixo
8,10000.0,41,0.36585365853658536,1,2,1,0,0,0,1,0,0,1,0,0,0,baixo
10,350000.0,2229,0.8026020637056976,2,2,1,1,0,1,1,0,1,0,0,0,0,alto
1,0.0,0,0.0,0,0,1,0,0,0,0,0,0,0,0,0,0,gratuito
1,10000.0,0,0.0,5,2,1,0,0,0,0,1,0,0,0,1,0,medio_alto
8,10000.0,8,0.5,1,2,1,0,0,0,1,1,0,0,0,0,0,baixo
1,0.0,0,0.0,0,0,1,0,0,0,0,0,0,0,0,0,0,gratuito
1,0.0,0,0.0,103,2,1,0,0,0,1,0,0,1,0,0,0,baixo
2,0.0,0,0.0,15,5,1,1,1,1,1,0,1,1,1,0,1,baixo
9,75000.0,2297,0.9403569873748368,10,3,1,0,0,2,1,0,0,1,0,0,1,baixo
16,75000.0,417,0.6115107913669064,1,4,1,0,0,2,1,0,1,0,1,1,0,medio_alto
1,0.0,0,0.0,0,0,1,0,0,0,0,0,0,0,0,0,0,gratuito
8,10000.0,34,0.8235294117647058,1,2,1,0,0,1,1,1,0,0,0,0,0,medio_baixo
4,10000.0,10,0.9,6,3,1,0,0,0,1,1,0,0,0,0,0,baixo
1,10000.0,0,0.0,12,3,1,0,0,0,1,0,0,1,0,1,0,medio_baixo
3,0.0,0,0.0,0,0,1,0,0,0,0,0,0,0,0,0,0,gratuito
7,10000.0,118,0.8389830508474576,2,6,1,0,0,1,1,1,1,1,1,0,0,medio_alto
1,0.0,0,0.0,0,0,1,0,0,0,0,0,0,0,0,0,0,gratuito
3,35000.0,4,1.0,2,4,1,0,0,0,1,1,0,0,0,1,0,medio_alto
2,10000.0,0,0.0,1,7,1,0,0,0,1,1,1,0,1,1,1,baixo
7,10000.0,0,0.0,2,4,1,0,0,0,1,0,1,1,1,0,0,medio_alto
5,10000.0,28,0.6428571428571429,1,6,1,0,0,0,1,1,1,1,0,0,1,baixo
1,10000.0,0,0.0,7,1,1,0,1,0,0,1,0,0,0,0,0,medio_baixo
3,10000.0,0,0.0,7,2,1,1,1,0,1,0,0,1,0,0,0,medio_alto
3,10000.0,3,1.0,3,3,1,0,0,0,1,0,0,1,0,1,0,medio_baixo
4,10000.0,0,0.0,1,3,1,0,0,0,0,1,1,0,0,0,0,gratuito
4,10000.0,4,0.5,2,2,1,0,0,0,1,1,0,0,0,0,0,alto
3,10000.0,50,0.46,1,2,1,0,0,0,0,0,0,0,0,1,1,baixo
2,10000.0,2,0.5,1,5,1,0,0,0,1,1,1,0,0,1,0,medio_alto
4,10000.0,0,0.0,1,4,1,0,0,0,1,0,0,1,0,0,1,medio_alto
3,0.0,0,0.0,103,3,1,0,0,0,1,0,0,1,0,0,1,medio_alto
9,10000.0,7,0.7142857142857143,1,2,1,0,0,0,1,0,0,1,0,0,0,alto
4,350000.0,7374,0.881475454298888,13,6,1,0,0,1,1,1,0,0,1,1,1,alto
7,10000.0,0,0.0,1,2,1,0,0,0,1,0,0,1,0,0,0,baixo
1,10000.0,46,0.717391304347826,1,2,1,0,0,0,0,0,0,0,0,0,1,baixo
7,10000.0,9,0.7777777777777778,1,3,1,0,0,0,1,1,1,0,0,0,0,medio_baixo
3,10000.0,33,0.8484848484848485,1,4,1,1,1,0,1,0,1,1,1,0,0,medio_baixo
1,10000.0,0,0.0,5,5,1,0,0,0,1,1,0,0,0,1,1,medio_alto
3,10000.0,2,1.0,1,1,1,0,0,0,0,0,0,1,0,0,0,baixo
8,10000.0,13,0.3076923076923077,2,3,1,0,0,1,1,0,0,1,0,1,0,baixo
2,10000.0,2,1.0,1,5,1,0,1,0,0,1,1,1,1,1,0,baixo
3,10000.0,10,0.5,1,6,1,0,0,0,1,1,1,1,1,0,0,alto
2,10000.0,24,0.375,1,3,1,0,0,0,1,0,1,1,0,0,0,medio_baixo
3,35000.0,1,0.0,2,2,1,0,0,0,0,0,1,0,1,0,0,medio_alto
7,10000.0,46,0.8478260869565217,1,2,1,1,0,0,0,0,0,1,0,1,0,baixo
10,10000.0,252,0.8412698412698413,6,2,1,0,0,1,1,0,1,0,0,0,0,medio_alto
1,0.0,0,0.0,7,5,1,1,1,1,1,1,1,1,0,1,0,medio_alto
1,10000.0,0,0.0,1,3,1,0,0,0,1,0,0,1,0,0,1,medio_baixo
4,10000.0,22,0.6363636363636364,103,7,1,1,1,0,1,1,1,1,1,1,1,alto
6,10000.0,2,0.5,1,3,1,0,0,0,1,0,0,0,0,1,1,medio_alto
1,10000.0,0,0.0,3,3,1,0,0,0,0,1,0,0,0,1,1,medio_alto
1,0.0,0,0.0,0,0,1,0,0,0,0,0,0,0,0,0,0,gratuito
4,10000.0,36,0.5833333333333334,7,3,1,0,0,0,1,1,0,0,0,0,0,alto
2,10000.0,1,1.0,2,2,1,0,0,0,0,0,1,1,0,0,0,medio_alto
6,10000.0,51,0.6470588235294118,6,2,1,0,0,0,1,1,0,0,0,0,0,medio_alto
5,10000.0,7,0.7142857142857143,2,4,1,0,0,0,1,0,0,0,1,1,0,medio_alto
3,10000.0,2,1.0,2,2,1,0,0,1,1,1,0,0,0,0,0,medio_baixo
3,350000.0,6769,0.5736445560644113,14,2,1,0,0,15,0,1,1,0,0,0,0,medio_alto
5,0.0,0,0.0,1,4,1,1,0,0,1,1,0,1,0,0,0,gratuito
2,10000.0,303,0.9933993399339934,4,2,1,0,0,1,1,0,1,0,0,0,0,alto
2,10000.0,39,0.9487179487179487,11,1,1,0,0,0,0,0,0,1,0,0,0,medio_baixo
7,10000.0,0,0.0,7,4,1,0,0,1,1,0,0,1,1,1,0,alto
15,3500000.0,32910,0.8673351564873899,17,1,1,0,0,19,0,0,0,0,0,0,1,alto
2,10000.0,14,0.8571428571428571,1,5,1,0,0,0,1,0,1,1,0,0,1,gratuito
5,10000.0,5,0.2,103,5,1,0,0,0,1,0,1,1,0,1,1,baixo
2,0.0,0,0.0,1,1,1,0,0,0,1,0,0,0,0,0,0,gratuito
7,10000.0,20,0.7,1,2,1,0,0,0,0,1,1,0,0,0,0,baixo
1,0.0,0,0.0,3,2,1,0,0,0,0,0,0,0,1,0,0,gratuito
9,10000.0,0,0.0,1,1,1,0,0,0,0,1,0,0,0,0,0,medio_baixo
10,10000.0,40,0.8,1,4,1,0,0,0,1,0,1,0,0,0,0,medio_alto
15,150000.0,793,0.7717528373266078,1,2,1,0,0,0,1,0,0,0,0,1,0,medio_alto
9,10000.0,68,0.8676470588235294,3,3,1,0,0,0,1,0,0,1,0,1,0,baixo
1,0.0,0,0.0,0,0,1,0,0,0,0,0,0,0,0,0,0,gratuito
1,0.0,0,0.0,5,5,1,0,0,0,1,1,1,1,0,0,0,medio_alto
5,10000.0,3,1.0,1,4,1,0,0,0,1,1,1,1,0,0,0,medio_baixo
5,10000.0,2,0.5,1,2,1,0,0,0,0,0,1,0,1,0,0,medio_alto
2,10000.0,1,0.0,1,1,1,0,0,0,0,1,0,0,0,0,0,baixo
1,10000.0,45,0.7555555555555555,2,3,1,0,0,0,1,0,1,0,0,0,1,medio_baixo
4,10000.0,6,1.0,2,3,1,0,0,0,1,0,0,0,0,1,0,medio_baixo
4,10000.0,2,1.0,1,3,1,0,0,0,1,1,0,1,0,0,0,medio_baixo
3,10000.0,105,0.8761904761904762,1,3,1,1,1,0,1,0,1,1,0,0,0,medio_baixo
8,10000.0,14,0.7857142857142857,1,4,1,0,0,0,1,0,0,1,0,0,1,gratuito
1,10000.0,0,0.0,9,4,1,0,1,0,1,1,1,0,0,1,0,alto
3,10000.0,11,0.7272727272727273,6,3,1,0,0,0,1,1,1,0,0,0,0,medio_alto
4,10000.0,6,0.6666666666666666,1,2,1,1,1,0,1,0,1,0,0,0,0,baixo
3,150000.0,3156,0.8108365019011406,11,3,1,0,0,3,0,1,0,0,1,0,1,alto
4,35000.0,3,1.0,1,4,1,0,0,0,1,0,0,1,1,1,0,alto
6,10000.0,1,1.0,11,1,1,0,0,0,0,0,0,1,0,0,0,medio_baixo
2,10000.0,14,1.0,1,5,1,0,0,0,1,1,0,1,1,1,0,medio_baixo
8,35000.0,47,0.5531914893617021,1,2,1,0,0,0,0,1,0,1,0,0,0,gratuito
1,10000.0,0,0.0,11,2,1,0,0,0,1,0,1,0,0,0,0,medio_baixo
1,10000.0,0,0.0,8,3,1,1,1,1,1,0,0,1,0,0,1,alto
1,10000.0,27,0.18518518518518517,3,3,1,1,0,0,1,0,1,1,0,0,0,medio_alto
13,750000.0,4434,0.8055931438881371,1,2,1,0,0,0,1,0,0,0,0,0,1,gratuito
4,0.0,0,0.0,2,3,1,0,0,0,1,0,0,1,0,0,0,gratuito
18,75000.0,506,0.8162055335968379,1,1,1,0,0,0,0,1,0,0,0,0,0,baixo
7,10000.0,0,0.0,6,1,1,0,0,0,0,0,0,1,0,0,0,baixo
2,10000.0,21,0.8095238095238095,1,5,1,0,0,1,1,1,1,1,0,1,0,alto
2,10000.0,6,1.0,2,3,1,1,0,0,1,1,0,1,0,0,0,medio_baixo
1,10000.0,0,0.0,11,2,1,0,0,0,1,0,0,1,0,0,0,medio_baixo
12,35000.0,88,0.625,6,2,1,0,0,0,0,0,1,1,0,0,0,baixo
4,10000.0,23,0.9130434782608695,1,1,1,0,0,0,0,0,0,1,0,0,0,baixo
4,0.0,0,0.0,0,0,1,0,0,0,0,0,0,0,0,0,0,gratuito
5,10000.0,3,0.3333333333333333,8,1,1,1,1,0,1,0,0,0,0,0,0,medio_alto
10,10000.0,22,0.45454545454545453,1,2,1,0,0,0,1,1,0,0,0,0,0,medio_alto
5,10000.0,1,1.0,2,3,1,0,0,1,1,1,0,1,0,0,0,alto
1,10000.0,1,1.0,1,2,1,1,1,0,1,1,0,0,0,0,0,medio_baixo
7,10000.0,1,1.0,27,3,1,0,0,0,1,1,0,0,0,0,0,medio_baixo
8,10000.0,41,0.8292682926829268,2,9,1,0,0,0,1,1,1,1,1,0,0,medio_baixo
4,10000.0,0,0.0,1,3,1,0,0,0,1,0,0,1,1,0,0,baixo
2,10000.0,1,1.0,3,2,1,0,0,0,0,1,0,1,0,0,0,medio_alto
6,10000.0,36,0.8333333333333334,2,5,1,1,1,0,1,1,1,1,1,0,0,medio_alto
3,0.0,0,0.0,0,0,1,0,0,0,0,0,0,0,0,0,0,gratuito
8,10000.0,37,0.6216216216216216,1,5,1,0,0,0,1,1,1,0,0,0,1,gratuito
6,10000.0,82,0.7926829268292683,6,5,1,0,0,0,1,1,1,1,1,0,0,medio_baixo
7,10000.0,2,1.0,1,4,1,0,0,0,1,1,0,1,0,0,0,gratuito
4,10000.0,30,0.8666666666666667,4,3,1,0,0,1,0,0,1,0,1,0,1,gratuito
5,10000.0,49,0.9387755102040817,1,3,1,0,0,0,1,0,0,1,0,1,0,baixo
4,75000.0,1070,0.7794392523364486,8,1,1,0,0,0,0,0,0,0,0,0,1,medio_baixo
14,35000.0,331,0.6163141993957704,5,1,1,0,0,0,0,0,0,0,0,0,0,alto
3,10000.0,3,1.0,1,2,1,0,0,0,0,0,0,0,0,0,0,alto
4,10000.0,14,0.7142857142857143,11,2,1,0,0,0,1,0,1,0,0,0,0,medio_baixo
6,10000.0,10,0.6,2,6,1,0,0,0,1,1,1,1,0,0,0,baixo
5,150000.0,1142,0.8607705779334501,1,2,1,1,1,0,1,0,0,0,0,0,0,medio_alto
3,0.0,0,0.0,6,3,1,0,0,0,0,1,0,1,0,0,0,gratuito
1,10000.0,16,0.9375,28,3,1,0,0,0,1,0,1,1,0,0,0,medio_alto
1,0.0,0,0.0,1,1,1,0,0,0,0,1,0,0,0,0,0,medio_baixo
4,35000.0,361,0.7950138504155124,12,3,1,0,0,0,1,1,1,0,0,0,0,medio_alto
2,10000.0,0,0.0,1,2,1,0,0,0,1,0,0,1,0,0,0,medio_baixo
3,10000.0,14,1.0,1,3,1,0,0,0,0,1,1,1,0,0,0,medio_alto
2,10000.0,0,0.0,1,4,1,0,0,0,1,1,0,1,0,0,0,gratuito
3,10000.0,2,1.0,1,3,1,0,0,0,1,1,0,1,0,0,0,baixo
1,0.0,0,0.0,11,4,1,0,0,0,1,0,0,1,0,1,0,medio_alto
3,10000.0,10,0.8,1,3,1,1,1,0,1,0,0,0,0,0,1,baixo
8,35000.0,79,0.4936708860759494,1,3,1,0,0,0,1,1,1,0,0,0,0,baixo
1,10000.0,3,0.3333333333333333,2,5,1,0,0,0,1,1,0,0,0,0,1,baixo
7,10000.0,7,0.42857142857142855,4,2,1,1,1,0,1,0,1,0,0,0,0,medio_alto
3,10000.0,3,0.6666666666666666,25,3,1,0,0,0,1,1,1,0,0,0,0,baixo
7,150000.0,374,0.7272727272727273,1,3,1,0,1,0,1,0,1,0,0,0,0,gratuito
9,75000.0,607,0.700164744645799,3,2,1,0,0,1,0,0,1,0,1,0,0,medio_alto
1,0.0,0,0.0,103,2,1,0,0,0,1,0,0,1,0,0,0,baixo
4,10000.0,0,0.0,1,1,1,0,0,0,0,0,0,1,0,0,0,medio_alto
5,10000.0,223,0.9461883408071748,1,3,1,0,0,0,1,0,0,1,0,0,1,baixo
7,10000.0,23,0.30434782608695654,1,3,1,1,0,0,1,0,1,1,0,0,0,alto
1,10000.0,0,0.0,7,3,1,0,0,1,1,1,1,0,0,0,0,alto
1,0.0,0,0.0,1,3,1,0,0,0,1,1,0,0,0,0,0,medio_alto
2,10000.0,0,0.0,2,2,1,0,0,0,1,0,0,0,1,0,0,medio_alto
1,10000.0,125,0.616,1,5,1,0,0,0,1,1,1,0,0,0,1,alto
2,10000.0,0,0.0,1,1,1,0,0,0,0,0,0,0,0,0,0,alto
1,0.0,0,0.0,2,2,1,0,0,0,1,0,1,0,0,0,0,medio_baixo
1,10000.0,103,0.941747572815534,4,6,1,0,0,0,1,0,1,1,1,0,1,alto
12,10000.0,63,0.5238095238095238,1,3,1,1,0,0,1,0,1,0,1,0,0,medio_alto
6,35000.0,100,0.78,1,4,1,0,0,1,1,1,0,1,0,0,0,gratuito
9,10000.0,111,0.9099099099099099,2,5,1,1,1,0,1,1,1,1,0,0,1,baixo
11,10000.0,4,0.25,1,3,1,0,0,0,1,0,0,1,0,1,0,medio_alto
5,10000.0,16,1.0,1,2,1,0,0,0,1,1,0,0,0,0,0,medio_alto
1,0.0,0,0.0,0,0,1,0,0,0,0,0,0,0,0,0,0,gratuito
1,0.0,0,0.0,0,0,1,0,0,0,0,0,0,0,0,0,0,gratuito
2,35000.0,63,0.9365079365079365,2,3,1,0,0,0,1,1,0,0,0,0,0,medio_alto
11,10000.0,13,0.5384615384615384,1,2,1,0,0,0,1,1,0,0,0,0,0,gratuito
2,0.0,0,0.0,1,1,1,0,0,0,0,1,0,0,0,0,0,gratuito
1,10000.0,0,0.0,2,1,1,0,0,0,1,0,0,0,0,0,0,medio_alto
7,10000.0,3,0.6666666666666666,2,4,0,0,1,0,1,1,0,0,1,0,0,gratuito
2,750000.0,6401,0.9078269020465553,14,3,1,0,0,0,1,1,1,0,0,0,0,medio_alto
1,10000.0,0,0.0,4,2,1,0,0,0,0,0,1,1,0,0,0,alto
1,0.0,0,0.0,1,2,1,0,0,1,0,0,0,1,0,1,0,medio_baixo
5,10000.0,18,1.0,3,3,1,0,0,0,1,0,0,1,0,0,0,medio_alto
10,10000.0,28,0.7857142857142857,5,3,1,0,1,0,1,1,0,1,0,0,0,medio_alto
4,75000.0,27,0.9259259259259259,1,4,1,0,0,0,1,1,0,1,0,1,0,medio_baixo
5,10000.0,0,0.0,4,2,1,0,0,0,1,0,1,0,0,0,0,baixo
9,350000.0,32,0.71875,1,3,1,0,0,0,1,0,0,0,0,1,1,medio_baixo
6,10000.0,41,0.926829268292683,2,3,1,0,0,0,1,0,0,1,0,0,0,gratuito
1,10000.0,0,0.0,1,2,1,0,1,1,1,1,0,0,0,0,0,alto
8,35000.0,183,0.9234972677595629,2,3,1,0,0,0,1,1,1,0,0,0,0,baixo
8,10000.0,29,0.3448275862068966,5,2,1,0,0,0,0,0,0,1,0,0,1,medio_alto
4,10000.0,8,1.0,1,3,1,0,0,0,1,0,1,1,0,0,0,medio_baixo
2,35000.0,1,0.0,8,3,1,0,0,0,1,1,1,0,0,0,0,medio_alto
3,10000.0,7,1.0,1,2,1,0,0,0,1,0,0,0,0,0,1,baixo
8,10000.0,40,0.425,1,3,1,0,0,0,1,1,1,0,0,0,0,gratuito
1,0.0,0,0.0,0,0,1,0,0,0,0,0,0,0,0,0,0,gratuito
2,0.0,0,0.0,1,3,1,0,0,0,1,1,0,0,0,0,0,gratuito
6,10000.0,320,0.825,7,1,1,0,0,0,0,1,0,0,0,0,0,alto
10,10000.0,41,0.43902439024390244,1,3,1,1,0,0,0,0,0,0,0,0,0,gratuito
3,10000.0,0,0.0,1,2,1,0,0,2,1,0,0,1,0,0,0,baixo
2,10000.0,69,0.9565217391304348,1,2,1,0,0,0,1,0,1,0,0,0,0,baixo
1,10000.0,328,0.43597560975609756,10,3,1,0,0,0,1,0,0,0,0,1,1,alto
1,0.0,0,0.0,1,3,1,0,0,0,1,1,0,1,0,0,0,alto
8,10000.0,4,0.25,1,0,1,1,0,0,0,0,0,0,0,0,0,baixo
2,10000.0,13,0.8461538461538461,1,5,1,0,0,2,1,1,1,1,0,1,0,baixo
3,10000.0,25,0.36,4,3,1,0,0,0,1,1,1,0,0,0,0,baixo
4,10000.0,3,1.0,2,5,1,0,0,0,1,1,0,1,0,0,0,medio_alto
7,10000.0,4,1.0,1,1,1,0,0,0,0,0,1,0,0,0,0,medio_baixo
4,0.0,0,0.0,1,6,1,0,0,0,1,1,0,1,0,1,0,gratuito
8,10000.0,9,0.4444444444444444,1,2,1,0,0,100,1,1,0,0,0,0,0,gratuito
2,10000.0,32,0.96875,2,5,1,0,0,0,1,0,1,1,1,1,0,medio_baixo
2,10000.0,3,1.0,8,3,1,0,0,0,1,1,0,0,0,0,0,alto
2,35000.0,1376,0.7587209302325582,3,4,1,0,0,1,1,0,1,0,1,1,0,alto
9,10000.0,4,0.5,1,1,1,0,0,0,0,1,0,0,0,0,0,medio_alto
4,10000.0,11,0.8181818181818182,1,1,1,0,0,0,1,0,0,0,0,0,0,baixo
2,10000.0,4,1.0,37,1,1,0,0,0,0,0,0,0,0,0,0,medio_alto
1,10000.0,0,0.0,1,3,1,0,0,0,1,0,1,1,0,0,0,medio_alto
7,10000.0,22,0.6363636363636364,3,2,1,0,0,0,1,0,0,1,0,0,0,medio_baixo
1,10000.0,2,1.0,11,1,1,0,0,0,0,0,0,0,0,0,0,alto
2,0.0,0,0.0,103,3,1,0,1,1,0,1,0,0,0,0,1,gratuito
8,35000.0,44,0.7727272727272727,16,3,1,1,0,0,0,0,1,1,0,1,0,alto
7,750000.0,12068,0.9582366589327146,1,4,1,0,0,0,1,0,1,0,0,0,1,gratuito
9,10000.0,11,0.6363636363636364,1,4,1,0,0,0,1,0,1,1,0,1,0,baixo
2,10000.0,8,0.875,1,1,1,0,0,0,0,0,0,0,1,0,0,baixo
4,10000.0,13,1.0,1,3,1,0,0,0,1,0,1,1,0,0,0,medio_alto
6,35000.0,2,1.0,4,3,1,0,0,0,1,1,0,1,0,0,0,medio_baixo
5,75000.0,7,0.8571428571428571,12,5,1,0,0,0,1,1,0,1,0,0,1,alto
7,10000.0,1,0.0,1,3,1,0,0,0,1,0,0,1,0,0,0,medio_alto
2,75000.0,68,0.8529411764705882,3,1,1,1,0,1,0,0,1,0,0,0,0,alto
1,10000.0,9,1.0,2,6,1,0,0,0,1,1,1,0,1,1,0,medio_alto
6,10000.0,0,0.0,1,1,1,1,0,0,0,0,1,0,0,0,0,alto
2,0.0,0,0.0,0,0,1,0,0,0,0,0,0,0,0,0,0,gratuito
1,10000.0,101,0.45544554455445546,10,4,1,0,0,0,1,1,1,0,1,0,0,alto
6,10000.0,13,1.0,1,4,1,0,0,0,1,1,1,1,0,0,0,alto
3,10000.0,132,0.5757575757575758,2,3,1,0,0,1,0,0,0,1,0,1,1,medio_alto
9,10000.0,10,0.8,6,2,1,0,0,0,1,0,0,1,0,0,0,baixo
3,10000.0,8,0.875,7,2,1,0,1,0,0,0,0,1,0,0,0,medio_alto
1,10000.0,1,1.0,3,3,1,0,0,1,1,0,1,0,1,0,0,alto
3,0.0,0,0.0,103,1,1,0,0,0,0,0,0,1,0,0,0,baixo
3,10000.0,0,0.0,15,3,1,0,0,4,1,0,1,1,0,0,0,baixo
5,10000.0,0,0.0,1,6,1,0,0,0,1,1,1,1,1,0,1,baixo
1,0.0,0,0.0,1,3,1,0,0,0,1,0,1,0,0,0,0,gratuito
6,150000.0,5330,0.9367729831144466,8,3,1,0,0,5,0,0,0,1,1,0,1,alto
7,10000.0,7,0.5714285714285714,10,5,1,0,0,0,1,1,1,1,0,0,1,baixo
1,0.0,0,0.0,1,2,1,0,0,1,0,1,0,0,1,0,0,gratuito
9,10000.0,21,0.5714285714285714,1,2,1,0,0,0,0,1,0,1,0,0,0,baixo
6,10000.0,66,0.7121212121212122,1,2,1,1,0,0,1,0,1,0,0,0,0,medio_alto
3,10000.0,95,0.8210526315789474,5,3,1,0,0,0,1,0,0,0,0,0,1,alto
1,0.0,0,0.0,0,0,1,0,0,0,0,0,0,0,0,0,0,gratuito
5,10000.0,0,0.0,10,4,1,0,0,0,1,0,0,1,0,1,1,medio_alto
8,35000.0,386,0.7176165803108808,3,5,1,0,0,0,1,1,0,0,0,1,0,gratuito
2,0.0,0,0.0,0,0,1,0,0,0,0,0,0,0,0,0,0,gratuito
8,10000.0,12,0.9166666666666666,2,5,1,0,1,0,1,1,1,1,1,0,0,medio_baixo
3,75000.0,490,0.8591836734693877,1,1,1,1,0,0,1,0,0,0,0,0,0,baixo
1,0.0,0,0.0,1,2,1,0,0,0,0,0,0,1,0,0,1,baixo
1,0.0,0,0.0,2,5,1,0,1,1,1,0,0,1,0,1,1,medio_alto
4,10000.0,83,0.6144578313253012,2,4,1,0,0,0,1,1,1,0,0,0,0,alto
2,0.0,0,0.0,1,6,1,0,0,0,1,0,1,1,1,1,0,gratuito
3,10000.0,5,0.8,1,2,1,0,0,0,0,1,0,0,0,0,0,medio_baixo
2,75000.0,1975,0.7134177215189873,11,2,1,0,0,0,0,0,0,0,1,0,1,alto
1,10000.0,1,1.0,1,5,1,1,1,0,1,1,1,1,1,0,0,baixo
4,10000.0,0,0.0,5,2,1,0,0,1,1,0,0,0,1,0,0,alto
7,10000.0,11,0.6363636363636364,2,2,1,0,0,0,1,0,0,0,0,0,0,gratuito
3,10000.0,24,0.8333333333333334,1,4,1,0,0,0,1,0,0,1,0,1,1,baixo
11,150000.0,741,0.8960863697705803,2,3,1,1,0,0,1,1,0,0,0,0,0,gratuito
2,10000.0,7,1.0,2,3,1,0,0,0,1,0,1,1,0,0,0,baixo
4,35000.0,1,0.0,1,2,1,0,0,0,1,0,1,0,0,0,0,medio_alto
3,10000.0,21,0.9523809523809523,1,4,1,0,0,0,1,1,0,1,0,0,0,gratuito
2,10000.0,15,0.9333333333333333,2,2,1,0,0,0,1,1,0,0,0,0,0,alto
1,10000.0,5,1.0,1,3,1,1,0,0,1,0,0,1,0,1,0,medio_baixo
4,0.0,0,0.0,1,6,1,0,0,0,0,0,0,0,0,0,0,gratuito
8,35000.0,353,0.8186968838526912,1,3,1,0,0,0,1,0,1,1,0,0,0,baixo
1,0.0,0,0.0,1,3,1,0,0,0,1,0,0,0,0,0,1,baixo
3,750000.0,13976,0.9343875214653692,10,2,1,0,0,4,1,1,0,0,0,0,0,alto
1,0.0,0,0.0,4,5,1,0,0,0,1,0,1,1,0,1,0,alto
2,10000.0,777,0.8725868725868726,3,3,1,0,0,11,0,1,1,0,1,0,0,alto
3,10000.0,371,0.9514824797843666,1,3,1,1,1,0,1,1,0,1,0,0,0,baixo
2,0.0,0,0.0,0,0,1,0,0,0,0,0,0,0,0,0,0,gratuito
8,10000.0,22,0.6363636363636364,1,1,1,0,0,0,0,0,0,1,0,0,0,medio_baixo
1,0.0,0,0.0,5,2,1,0,0,0,1,0,0,1,0,0,0,medio_baixo
5,35000.0,3,1.0,1,3,1,0,0,0,1,1,1,0,0,0,0,medio_alto
12,150000.0,1408,0.6825284090909091,1,3,1,1,1,0,1,1,0,0,1,0,0,baixo
3,10000.0,6,0.8333333333333334,1,3,1,0,0,0,1,1,0,0,0,1,0,medio_baixo
2,10000.0,15,0.9333333333333333,2,3,1,0,0,0,1,0,1,1,0,0,0,alto
5,10000.0,0,0.0,1,1,1,0,0,0,0,0,0,0,1,0,0,medio_alto
13,750000.0,17528,0.845333181195801,6,3,1,0,0,2,0,1,0,0,1,0,1,gratuito
4,10000.0,0,0.0,13,1,1,0,0,0,0,0,0,1,0,0,0,baixo
8,0.0,0,0.0,5,1,1,0,0,0,0,0,0,1,0,0,0,medio_baixo
2,0.0,0,0.0,1,4,1,0,0,0,1,0,1,1,0,0,0,gratuito
5,0.0,0,0.0,1,1,1,0,0,0,0,1,0,0,0,0,0,gratuito
11,10000.0,411,0.9221411192214112,11,2,1,1,0,0,1,0,1,0,0,0,0,medio_alto
10,75000.0,77,0.9090909090909091,1,4,1,1,1,0,1,0,1,0,1,1,0,medio_alto
6,35000.0,123,0.6666666666666666,1,4,1,0,0,0,1,0,0,0,0,0,0,gratuito
3,10000.0,1,0.0,2,3,1,0,0,0,1,1,1,0,0,0,0,medio_alto
1,10000.0,1,0.0,1,1,1,0,0,0,0,0,0,1,0,0,0,baixo
1,0.0,0,0.0,1,3,1,0,0,1,1,0,0,0,1,1,0,alto
9,10000.0,71,0.9014084507042254,1,3,1,1,1,0,1,0,1,0,1,0,0,medio_alto
3,10000.0,0,0.0,1,5,1,0,0,0,1,1,1,0,0,0,0,gratuito
8,10000.0,8,0.5,2,1,1,0,0,0,0,1,0,0,0,0,0,baixo
13,35000.0,521,0.5623800383877159,1,5,1,1,0,0,1,1,1,0,0,0,1,alto
3,350000.0,2721,0.9176773245130466,16,4,1,0,0,1,1,1,1,0,1,0,0,alto
12,750000.0,26043,0.9556502707061398,10,1,1,0,0,0,0,0,1,0,0,0,0,medio_alto
5,750000.0,10863,0.8908220565221394,15,2,1,0,0,4,1,0,0,0,1,0,0,alto
1,10000.0,22,0.9545454545454546,4,2,1,0,0,0,1,0,1,0,0,0,0,baixo
10,35000.0,359,0.7632311977715878,1,1,1,1,0,0,1,0,0,0,0,0,0,medio_baixo
1,0.0,0,0.0,0,0,1,0,0,0,0,0,0,0,0,0,0,gratuito
4,10000.0,315,0.9238095238095239,3,1,1,0,0,0,0,0,1,0,0,0,0,medio_alto
2,150000.0,4432,0.7630866425992779,1,5,1,0,0,0,1,0,1,0,1,0,0,alto
4,0.0,0,0.0,1,4,1,0,0,0,1,0,1,0,1,0,0,gratuito
4,10000.0,23,0.2608695652173913,1,4,1,0,0,0,1,0,1,1,0,0,1,baixo
2,10000.0,11,0.2727272727272727,8,1,1,0,0,0,0,0,0,0,0,0,1,medio_baixo
8,10000.0,33,0.6666666666666666,1,2,1,0,0,0,1,0,0,1,0,0,0,medio_alto
8,10000.0,25,0.84,6,3,1,0,0,0,1,1,1,0,0,0,0,medio_baixo
6,10000.0,3,1.0,2,4,1,0,0,0,0,1,0,1,1,0,0,alto
4,35000.0,177,0.3898305084745763,1,3,1,0,0,0,0,1,1,0,1,0,0,medio_alto
7,35000.0,328,0.9847560975609756,1,3,1,1,1,1,1,0,0,1,0,0,1,alto
9,10000.0,14,0.5714285714285714,1,4,1,1,1,0,1,1,1,0,0,0,0,alto
7,10000.0,5,0.4,2,3,1,0,0,0,1,0,1,1,0,0,0,medio_baixo
9,10000.0,1,0.0,1,5,1,0,0,0,1,1,0,1,0,0,1,gratuito
13,150000.0,1024,0.74609375,1,3,1,1,1,1,1,0,1,1,0,0,0,baixo
3,10000.0,10,0.4,1,3,1,0,0,0,1,1,0,0,1,0,0,medio_baixo
4,10000.0,13,1.0,1,2,1,0,0,2,1,1,0,0,0,0,0,medio_alto
1,0.0,0,0.0,1,4,1,0,0,0,1,0,1,1,0,0,0,gratuito
3,10000.0,2,1.0,26,4,1,0,0,0,0,0,1,0,0,0,1,baixo
1,10000.0,0,0.0,6,2,1,0,0,2,0,0,0,1,1,0,0,alto
7,10000.0,0,0.0,1,2,1,0,0,2,1,0,0,1,0,0,0,baixo
3,10000.0,2,1.0,2,5,1,0,0,0,0,0,1,1,1,1,1,baixo
5,10000.0,5,0.2,1,2,1,0,0,1,1,0,1,0,0,0,0,alto
3,10000.0,4,0.0,1,1,1,0,0,0,0,0,0,1,0,0,0,alto
6,10000.0,8,0.875,1,4,1,0,0,0,1,0,0,0,0,0,1,medio_baixo
5,0.0,0,0.0,2,3,1,1,1,0,1,0,0,0,0,1,0,gratuito
1,350000.0,7568,0.9116014799154334,10,4,1,0,1,2,0,1,0,1,1,1,0,alto
5,35000.0,5,0.8,1,4,1,0,0,0,1,1,1,1,0,0,0,medio_baixo
20,350000.0,291,0.6288659793814433,1,1,1,0,0,0,0,0,0,0,0,1,0,baixo
7,35000.0,8,0.25,1,1,1,1,0,0,0,0,0,0,0,1,0,medio_baixo
4,0.0,0,0.0,1,7,1,0,0,0,1,0,1,1,1,1,1,gratuito
3,0.0,0,0.0,103,2,1,0,0,0,0,0,0,1,0,0,0,gratuito
11,75000.0,694,0.7175792507204611,2,2,1,0,0,0,1,0,1,0,0,0,0,baixo
7,10000.0,14,1.0,1,4,1,0,0,0,1,0,1,0,0,1,0,alto
2,10000.0,0,0.0,1,3,1,1,1,0,1,0,1,1,0,0,0,baixo
5,10000.0,0,0.0,1,1,1,0,0,0,0,1,0,0,0,0,0,baixo
10,10000.0,23,0.9565217391304348,2,3,1,0,0,0,1,0,1,1,0,0,0,baixo
3,10000.0,0,0.0,1,3,1,0,0,0,1,0,1,0,0,0,1,medio_baixo
2,75000.0,3587,0.7535545023696683,8,1,1,0,0,1,0,1,0,0,0,0,0,alto
14,35000.0,129,0.7441860465116279,1,2,1,0,0,0,0,0,1,1,0,0,0,medio_baixo
1,10000.0,0,0.0,3,1,1,1,0,0,0,0,0,0,0,1,0,alto
5,0.0,0,0.0,0,0,1,0,0,0,0,0,0,0,0,0,0,gratuito
6,10000.0,2,1.0,1,2,1,0,0,0,0,0,0,1,0,0,0,baixo
4,10000.0,15,0.6666666666666666,1,3,1,1,0,0,1,0,0,0,0,1,0,gratuito
7,10000.0,21,0.9047619047619048,5,2,1,1,0,0,0,0,0,1,0,0,0,gratuito
7,10000.0,10,0.2,1,2,1,0,0,0,1,1,0,0,0,0,0,baixo
3,10000.0,16,0.9375,5,2,1,0,0,0,1,1,0,0,0,0,0,medio_baixo
3,10000.0,64,0.71875,1,1,1,0,0,1,0,0,0,1,0,0,0,medio_alto
2,10000.0,10,1.0,2,3,1,1,1,0,1,1,0,1,0,0,0,medio_baixo
6,10000.0,18,0.9444444444444444,1,4,1,0,0,1,1,0,0,0,0,1,0,gratuito
1,0.0,0,0.0,1,4,1,0,0,0,1,0,0,1,1,0,0,gratuito
2,10000.0,17,1.0,7,3,1,0,0,0,1,0,0,0,1,1,0,medio_baixo
7,10000.0,29,0.5517241379310345,1,3,1,0,0,0,1,1,1,0,0,0,0,baixo
2,10000.0,61,0.7868852459016393,5,4,1,0,0,0,1,1,0,0,1,0,0,alto
8,75000.0,431,0.7076566125290024,1,6,1,0,0,0,1,1,0,0,1,1,0,gratuito
8,35000.0,148,0.918918918918919,8,2,1,1,0,0,1,0,0,1,0,0,0,medio_alto
2,0.0,0,0.0,0,0,1,0,0,0,0,0,0,0,0,0,0,gratuito
2,10000.0,2,1.0,2,2,1,0,0,0,0,0,0,0,1,0,1,baixo
1,10000.0,91,0.8241758241758241,11,2,1,0,1,0,0,0,0,0,0,1,0,alto
3,10000.0,3,1.0,5,3,1,1,0,0,1,1,0,1,0,0,0,medio_alto
2,0.0,0,0.0,103,9,1,1,1,0,1,0,1,1,0,1,1,gratuito
7,10000.0,95,0.8947368421052632,1,3,1,0,0,0,1,0,1,0,0,0,0,gratuito
7,10000.0,57,0.8245614035087719,9,2,1,0,0,0,1,0,0,0,0,1,0,medio_alto
2,10000.0,13,0.7692307692307693,1,2,1,0,0,0,0,0,1,0,0,1,0,alto
8,35000.0,5,0.6,1,3,1,0,0,1,1,1,0,1,0,0,0,baixo
7,10000.0,2,1.0,2,5,1,0,1,0,1,1,0,1,0,0,0,baixo
4,0.0,0,0.0,1,3,1,0,0,1,1,0,0,0,1,1,0,gratuito
5,10000.0,8,0.875,2,1,1,0,0,0,0,0,0,0,0,1,0,medio_alto
2,35000.0,3,1.0,1,2,1,0,0,0,1,0,1,0,0,0,0,baixo
2,10000.0,6,0.6666666666666666,1,1,1,1,1,0,0,0,0,0,0,0,1,alto
6,10000.0,40,0.625,1,3,1,0,0,0,1,1,1,0,0,0,0,baixo
1,0.0,0,0.0,0,0,1,0,0,0,0,0,0,0,0,0,0,gratuito
2,10000.0,7,0.8571428571428571,1,2,1,0,0,0,1,0,0,1,0,0,0,medio_baixo
1,0.0,0,0.0,0,0,1,0,0,0,0,0,0,0,0,0,0,gratuito
2,0.0,0,0.0,0,0,1,0,0,0,0,0,0,0,0,0,0,gratuito
1,10000.0,0,0.0,4,4,1,0,0,0,1,0,1,1,0,0,1,medio_alto
3,750000.0,22206,0.8428803026209133,7,4,1,0,0,6,1,0,1,0,1,0,1,alto
1,10000.0,0,0.0,27,2,1,1,1,0,1,0,0,0,0,0,1,baixo
2,0.0,0,0.0,0,0,1,0,0,0,0,0,0,0,0,0,0,gratuito
12,750000.0,4280,0.7411214953271028,1,6,1,0,0,0,1,1,1,1,0,0,0,gratuito
8,10000.0,0,0.0,2,1,1,0,0,0,0,1,0,0,0,0,0,baixo
6,75000.0,483,0.8488612836438924,1,3,1,0,0,0,1,0,1,1,0,0,0,baixo
2,10000.0,111,0.7837837837837838,5,4,1,1,0,0,1,0,0,0,0,1,1,alto
7,10000.0,31,0.8709677419354839,1,2,1,0,0,0,0,0,1,0,0,0,0,gratuito
7,10000.0,2,0.5,1,3,1,0,0,0,1,1,0,1,0,0,0,baixo
5,10000.0,1,1.0,1,3,1,0,0,0,1,0,1,1,0,0,0,medio_baixo
4,10000.0,19,0.5263157894736842,3,2,1,0,0,0,1,0,1,0,0,0,0,alto
3,75000.0,62,0.7258064516129032,4,3,1,0,0,4,0,0,1,0,1,1,0,alto
8,10000.0,2,0.0,1,2,1,0,0,0,1,0,0,0,1,0,0,alto
4,350000.0,3981,0.9271539814117056,2,3,1,0,0,0,0,1,1,0,1,0,0,medio_baixo
3,0.0,0,0.0,1,4,1,0,0,0,1,0,1,1,0,0,0,gratuito
7,10000.0,77,0.948051948051948,2,2,1,0,0,0,1,0,0,1,0,0,0,medio_baixo
4,10000.0,11,0.9090909090909091,8,3,1,0,0,1,1,1,0,1,0,0,0,medio_baixo
1,0.0,0,0.0,103,2,1,1,0,0,1,0,1,0,0,0,0,baixo
4,10000.0,21,1.0,1,1,1,1,0,0,0,0,0,1,0,0,0,medio_alto
3,10000.0,0,0.0,11,1,1,0,0,0,0,1,0,0,0,0,0,medio_baixo
7,10000.0,10,0.8,3,4,1,0,0,0,1,1,1,0,0,0,0,gratuito
5,10000.0,141,0.8936170212765957,1,6,1,0,0,0,0,0,1,1,0,0,1,alto
4,10000.0,0,0.0,1,2,1,0,0,2,1,0,0,1,0,0,0,baixo
3,0.0,0,0.0,0,0,1,0,0,0,0,0,0,0,0,0,0,gratuito
2,10000.0,12,1.0,1,2,1,0,0,2,1,1,0,0,0,0,0,alto
1,0.0,0,0.0,0,0,1,0,0,0,0,0,0,0,0,0,0,gratuito
6,75000.0,142,0.7746478873239436,1,4,1,0,0,0,1,0,1,0,1,1,0,gratuito
4,0.0,0,0.0,0,0,1,0,0,0,0,0,0,0,0,0,0,gratuito
3,35000.0,107,0.6915887850467289,1,6,1,0,0,0,1,1,1,1,0,1,1,gratuito
1,10000.0,3,1.0,1,3,1,0,0,0,1,1,1,0,0,0,0,baixo
2,10000.0,2,1.0,1,3,1,0,0,0,1,0,0,1,0,1,0,baixo
1,0.0,0,0.0,0,0,1,0,0,0,0,0,0,0,0,0,0,gratuito
4,0.0,0,0.0,2,2,1,0,0,0,1,1,0,0,0,0,0,gratuito
5,10000.0,3,0.6666666666666666,1,3,1,0,0,0,1,1,0,1,0,0,0,medio_baixo
1,0.0,0,0.0,103,5,1,0,0,0,1,0,1,1,0,1,1,medio_alto
1,10000.0,5,0.8,1,4,1,0,0,0,1,0,1,0,1,0,1,medio_baixo
1,35000.0,371,0.9838274932614556,3,2,1,0,0,0,0,0,1,0,0,0,1,alto
4,10000.0,0,0.0,1,3,1,1,1,1,0,0,0,1,1,0,0,alto
12,35000.0,120,0.85,1,1,1,0,0,0,0,0,1,0,0,0,0,alto
2,10000.0,0,0.0,2,3,1,0,0,0,1,1,1,0,0,0,0,medio_baixo
12,35000.0,213,0.7652582159624414,1,4,1,1,1,0,1,1,1,0,1,0,0,gratuito
1,0.0,0,0.0,15,2,1,0,0,0,0,1,1,0,0,0,0,alto
4,10000.0,8,0.875,2,4,1,0,0,3,0,0,1,0,1,1,1,alto
3,35000.0,21,0.42857142857142855,6,2,1,0,0,0,1,0,0,0,0,0,0,gratuito
3,10000.0,147,0.9931972789115646,2,1,1,0,0,0,0,0,0,1,0,0,0,alto
2,10000.0,0,0.0,7,2,1,0,1,0,1,0,0,1,0,0,0,baixo
8,10000.0,21,0.23809523809523808,1,3,1,0,0,0,1,0,1,1,0,0,0,gratuito
4,0.0,0,0.0,2,4,1,0,0,1,1,0,1,1,0,0,0,gratuito
3,35000.0,9,0.7777777777777778,1,4,1,0,0,0,1,0,1,1,0,0,0,gratuito
4,10000.0,303,0.8184818481848185,9,3,1,0,0,2,1,1,1,0,0,0,0,alto
2,10000.0,298,0.9731543624161074,10,2,1,1,0,0,1,0,0,1,0,0,0,alto
7,10000.0,24,0.2916666666666667,29,3,1,0,0,0,1,1,0,0,0,0,1,baixo
7,35000.0,1070,0.8785046728971962,3,6,1,0,0,0,1,1,1,1,0,1,1,medio_alto
17,750000.0,5961,0.7614494212380473,4,1,1,1,0,18,0,0,0,0,0,1,0,medio_baixo
3,0.0,0,0.0,103,3,1,1,0,0,1,0,1,1,0,0,0,medio_alto
1,10000.0,0,0.0,10,3,1,0,0,1,1,0,0,1,0,0,1,medio_alto
5,10000.0,1,0.0,2,1,1,0,0,0,0,1,0,0,0,0,0,medio_alto
6,10000.0,0,0.0,1,2,1,0,0,0,0,0,0,1,0,1,0,baixo
10,35000.0,576,0.9027777777777778,1,2,1,0,0,0,0,0,1,1,0,0,0,alto
3,10000.0,1,1.0,1,4,1,0,0,0,1,0,1,1,0,0,1,baixo
1,0.0,0,0.0,1,4,1,0,0,0,1,1,1,0,0,0,0,gratuito
4,0.0,0,0.0,0,0,1,0,0,0,0,0,0,0,0,0,0,gratuito
6,10000.0,23,0.8260869565217391,2,3,1,0,0,0,1,0,1,0,1,0,0,gratuito
3,10000.0,1,1.0,4,3,1,0,0,0,1,1,0,1,0,0,0,medio_baixo
1,0.0,0,0.0,0,0,1,0,0,0,0,0,0,0,0,0,0,gratuito
10,35000.0,331,0.8942598187311178,9,3,1,0,0,1,1,0,0,1,0,1,0,medio_alto
4,10000.0,0,0.0,1,3,1,0,0,0,1,0,1,1,0,0,0,alto
4,75000.0,56,0.8035714285714286,1,2,1,0,0,2,0,0,1,0,0,1,0,medio_baixo
3,10000.0,3,0.6666666666666666,1,3,1,0,0,0,1,1,0,0,0,0,0,medio_alto
9,10000.0,0,0.0,1,2,1,1,1,0,1,0,0,1,0,0,0,medio_alto
4,10000.0,1,1.0,3,4,1,0,0,0,1,1,1,0,1,0,0,alto
4,35000.0,3,0.6666666666666666,1,4,1,0,0,0,1,0,1,1,1,0,0,baixo
1,10000.0,0,0.0,1,3,1,1,1,0,1,0,1,1,0,0,0,medio_baixo
7,150000.0,2182,0.7694775435380385,5,4,1,1,1,1,1,0,1,0,1,1,0,medio_alto
1,10000.0,2,1.0,1,2,1,0,0,0,0,0,0,0,1,0,0,medio_baixo
1,10000.0,8,1.0,30,4,1,0,0,0,1,0,1,1,0,0,0,medio_baixo
1,10000.0,25,0.8,11,2,1,0,0,0,1,0,1,0,0,0,0,medio_baixo
8,75000.0,1116,0.8413978494623656,9,2,1,0,0,0,1,0,1,0,0,0,0,medio_baixo
4,0.0,0,0.0,1,2,1,0,0,0,0,1,0,1,0,0,0,gratuito
8,10000.0,22,1.0,4,2,1,0,0,0,1,1,0,0,0,0,0,alto
9,35000.0,1268,0.9700315457413249,1,1,1,0,0,0,1,0,0,0,0,0,0,baixo
11,10000.0,39,0.7948717948717948,1,3,1,1,1,0,1,0,1,0,1,0,0,baixo
3,10000.0,18,0.8333333333333334,2,3,1,0,0,0,1,1,1,0,0,0,0,medio_baixo
1,10000.0,0,0.0,5,2,1,0,0,0,1,0,0,0,0,0,1,medio_alto
5,10000.0,8,0.625,2,3,1,0,1,0,1,1,0,0,0,1,0,alto
1,0.0,0,0.0,1,3,1,0,0,3,0,0,1,1,1,0,0,alto
9,75000.0,26,0.5769230769230769,1,4,1,1,0,0,1,0,1,1,0,0,1,medio_alto
9,35000.0,55,0.4909090909090909,1,3,1,0,0,0,1,0,0,1,0,0,0,baixo
4,10000.0,7,0.7142857142857143,1,4,1,0,0,0,1,0,0,1,0,1,0,medio_alto
4,10000.0,0,0.0,2,3,1,0,0,0,1,1,1,0,0,0,0,alto
5,10000.0,0,0.0,1,5,1,0,0,0,1,1,1,1,1,0,0,baixo
9,35000.0,95,0.7368421052631579,2,1,1,0,0,0,0,1,0,0,0,0,0,medio_alto
6,350000.0,67,0.9402985074626866,8,0,1,0,0,0,0,0,0,0,0,0,0,gratuito
1,0.0,0,0.0,1,4,1,0,0,0,1,0,0,1,0,1,0,gratuito
6,10000.0,4,0.75,1,4,1,0,0,0,0,0,0,0,0,0,0,medio_alto
1,10000.0,0,0.0,1,4,1,0,0,0,1,1,0,1,0,0,1,medio_baixo
1,0.0,0,0.0,1,4,1,0,0,0,0,0,1,1,0,0,0,gratuito
1,0.0,0,0.0,0,0,1,0,0,0,0,0,0,0,0,0,0,gratuito
3,10000.0,13,0.23076923076923078,5,5,1,0,0,3,1,0,0,1,1,1,1,baixo
3,10000.0,8,0.625,1,3,1,1,0,0,1,0,0,0,1,0,1,medio_alto
1,10000.0,0,0.0,1,2,1,0,0,0,1,0,0,0,0,1,0,medio_alto
9,10000.0,0,0.0,1,4,1,0,0,0,0,1,1,1,1,0,0,medio_alto
8,10000.0,13,0.23076923076923078,3,5,1,0,0,0,1,0,0,1,0,0,1,medio_baixo
12,150000.0,2503,0.8765481422293248,1,2,1,1,0,0,1,1,0,0,0,0,0,medio_baixo
3,0.0,0,0.0,103,3,1,0,0,0,1,0,0,1,0,1,0,baixo
8,10000.0,38,0.13157894736842105,1,2,1,0,0,0,0,1,1,0,0,0,0,medio_baixo
1,0.0,0,0.0,1,3,1,0,0,0,1,0,0,1,0,0,0,gratuito
11,7500000.0,169201,0.9619860402716296,6,2,1,1,1,1,0,1,1,0,0,0,0,gratuito
2,10000.0,47,0.9787234042553191,2,4,1,0,0,0,1,1,0,0,0,0,1,alto
3,10000.0,1,1.0,1,1,1,1,1,0,0,1,0,0,0,0,0,baixo
3,10000.0,0,0.0,1,3,1,1,1,0,1,0,0,1,0,0,1,medio_baixo
5,35000.0,413,0.6828087167070218,3,3,1,0,0,0,1,1,1,0,0,0,0,medio_alto
4,350000.0,67,0.3880597014925373,3,2,1,0,0,0,0,0,0,0,0,1,0,gratuito
4,10000.0,16,0.8125,103,1,1,0,0,0,0,0,1,0,0,0,0,baixo
1,10000.0,0,0.0,1,2,1,0,0,0,0,0,0,1,0,0,1,medio_baixo
10,350000.0,1138,0.7275922671353251,1,6,1,1,0,0,0,0,1,1,1,1,1,gratuito
5,10000.0,14,0.8571428571428571,1,2,1,0,0,0,1,0,0,1,0,0,0,baixo
1,0.0,0,0.0,103,8,1,1,1,0,1,1,1,1,1,1,1,alto
1,10000.0,13,1.0,1,3,1,0,0,0,1,0,0,1,1,0,0,medio_alto
6,10000.0,19,0.8947368421052632,2,2,1,0,0,0,1,0,1,0,0,0,0,medio_alto
6,10000.0,81,0.9629629629629629,4,1,1,0,0,0,1,0,0,0,0,0,0,medio_baixo
5,10000.0,3,1.0,1,2,1,0,0,0,1,1,0,0,0,0,0,alto
1,10000.0,8,1.0,2,5,1,0,0,0,1,1,0,1,0,0,0,alto
1,10000.0,0,0.0,1,2,1,0,0,0,1,0,0,1,0,0,0,alto
8,10000.0,123,0.7804878048780488,1,3,1,1,1,0,1,0,1,0,0,0,1,alto
1,10000.0,0,0.0,4,3,1,0,0,1,1,1,1,0,0,0,0,alto
3,10000.0,21,0.42857142857142855,3,4,1,0,0,0,1,1,1,1,0,0,0,alto
4,10000.0,43,0.8837209302325582,15,2,1,0,0,0,0,0,0,1,0,0,1,medio_baixo
8,10000.0,0,0.0,1,4,1,0,0,0,1,1,1,0,1,0,0,alto
8,10000.0,9,0.6666666666666666,4,2,1,0,0,0,1,1,0,0,0,0,0,medio_baixo
4,35000.0,201,0.7661691542288557,12,4,1,0,0,1,1,0,1,1,0,0,1,baixo
3,35000.0,24,1.0,1,3,1,0,0,1,1,1,0,0,0,0,0,alto
6,10000.0,17,0.9411764705882353,1,4,1,1,1,0,1,0,0,1,0,0,1,medio_alto
8,10000.0,4,0.25,1,3,1,0,0,0,1,0,1,1,0,0,0,baixo
1,10000.0,0,0.0,1,2,1,0,0,0,0,0,0,0,0,1,1,medio_alto
2,10000.0,13,1.0,1,4,1,0,0,0,1,0,1,1,1,0,0,baixo
3,10000.0,0,0.0,1,1,1,0,0,2,0,0,0,1,0,0,0,baixo
1,10000.0,188,0.723404255319149,2,3,1,0,0,0,1,0,1,0,1,0,0,medio_alto
8,35000.0,386,0.9455958549222798,1,1,1,0,0,0,1,0,0,0,0,0,0,gratuito
6,10000.0,29,0.8275862068965517,1,2,1,1,1,0,1,1,0,0,0,0,0,medio_alto
2,0.0,0,0.0,1,3,1,0,0,0,1,0,0,1,0,0,0,gratuito
3,10000.0,19,0.631578947368421,1,2,1,0,0,0,1,1,0,0,0,0,0,baixo
5,10000.0,38,0.9473684210526315,29,2,1,0,0,2,1,0,0,1,0,0,0,baixo
8,35000.0,236,0.9110169491525424,10,2,1,1,0,0,1,0,1,0,0,0,0,baixo
1,10000.0,0,0.0,1,2,1,0,0,0,1,1,0,0,0,0,0,medio_alto
4,10000.0,108,0.6759259259259259,12,2,1,0,0,1,1,0,0,1,0,0,0,baixo
10,10000.0,114,0.7631578947368421,1,4,1,1,1,2,1,0,1,0,1,1,0,alto
4,10000.0,3,0.6666666666666666,1,4,1,0,0,0,1,0,0,1,0,0,1,medio_alto
3,0.0,0,0.0,0,0,1,0,0,0,0,0,0,0,0,0,0,gratuito
3,10000.0,0,0.0,1,3,1,0,0,0,1,1,0,1,0,0,0,baixo
2,10000.0,0,0.0,6,4,1,0,0,7,1,1,0,1,0,0,0,gratuito
3,10000.0,0,0.0,4,2,1,0,0,0,0,0,1,0,0,0,1,alto
8,150000.0,37,0.3783783783783784,3,1,1,0,0,0,0,1,0,0,0,0,0,gratuito
3,35000.0,7,1.0,1,3,1,0,0,0,1,0,1,1,0,0,0,baixo
3,10000.0,7,1.0,1,4,1,0,0,0,1,1,1,0,0,0,0,gratuito
1,0.0,0,0.0,8,2,1,0,0,0,0,1,0,1,0,0,0,medio_baixo
6,35000.0,14,0.7857142857142857,1,2,1,0,0,0,1,0,0,1,0,0,0,baixo
1,0.0,0,0.0,0,0,1,0,0,0,0,0,0,0,0,0,0,gratuito
3,10000.0,40,0.7,1,4,1,0,0,0,1,1,0,1,1,0,0,medio_alto
5,0.0,0,0.0,1,6,1,0,0,0,1,1,0,1,0,0,1,gratuito
6,10000.0,0,0.0,1,3,1,0,0,0,0,0,1,0,1,0,0,alto
6,10000.0,14,0.5714285714285714,1,3,1,1,1,0,0,0,0,0,0,0,0,medio_alto
1,10000.0,1,1.0,2,2,1,0,1,0,1,0,0,1,0,0,0,baixo
6,10000.0,2,0.0,1,1,1,0,0,0,1,0,0,0,0,0,0,medio_baixo
1,10000.0,490,0.8816326530612245,15,5,1,0,0,0,1,1,1,1,0,0,1,medio_alto
3,0.0,0,0.0,1,4,1,0,0,0,1,0,0,0,0,1,0,gratuito
3,10000.0,1,1.0,9,3,1,0,0,0,1,0,0,1,0,0,0,medio_baixo
1,0.0,0,0.0,10,2,1,0,0,0,1,1,0,0,0,0,0,medio_baixo
4,10000.0,81,0.6049382716049383,1,2,1,0,0,0,1,0,1,0,0,0,0,medio_alto
5,75000.0,148,0.9256756756756757,1,4,1,0,0,2,1,1,0,1,0,0,0,medio_alto
7,75000.0,389,0.20822622107969152,1,3,1,0,0,0,1,1,1,0,0,0,0,medio_alto
2,150000.0,1161,0.8837209302325582,6,4,1,0,0,0,1,1,0,0,0,0,1,medio_alto
3,0.0,0,0.0,0,0,1,0,0,0,0,0,0,0,0,0,0,gratuito
6,10000.0,20,0.75,1,3,1,0,0,0,1,1,0,1,0,0,0,medio_alto
3,10000.0,0,0.0,13,4,1,0,0,0,1,0,0,1,1,0,1,medio_alto
10,10000.0,34,0.5588235294117647,1,3,1,0,0,0,0,0,1,0,1,0,0,gratuito
12,75000.0,290,0.5862068965517241,7,3,1,1,0,0,1,0,1,1,0,0,0,baixo
7,10000.0,30,0.7666666666666667,3,4,1,0,0,0,0,0,1,0,1,1,1,alto
2,10000.0,490,0.8836734693877552,13,7,1,0,0,0,0,1,1,1,0,1,0,gratuito
5,0.0,0,0.0,1,4,1,0,0,0,1,1,0,1,0,0,0,gratuito
1,10000.0,0,0.0,12,3,1,1,1,0,1,0,0,1,0,1,0,baixo
5,10000.0,1,1.0,1,3,1,0,0,0,1,0,1,1,0,0,0,baixo
2,10000.0,0,0.0,103,3,1,0,0,0,1,1,0,1,0,0,0,baixo
1,10000.0,3,0.3333333333333333,1,3,1,0,0,0,1,0,1,1,0,0,0,medio_baixo
1,0.0,0,0.0,1,1,1,0,0,0,1,0,0,0,0,0,0,baixo
3,10000.0,0,0.0,3,4,1,0,1,0,1,0,1,1,0,0,0,medio_baixo
8,10000.0,13,0.15384615384615385,1,4,1,0,0,0,1,1,0,1,0,0,1,baixo
4,10000.0,18,0.8333333333333334,29,2,1,0,0,1,1,0,0,1,0,0,0,baixo
1,10000.0,78,0.9102564102564102,3,2,1,0,0,0,0,0,1,1,0,0,0,alto
3,10000.0,0,0.0,1,2,1,0,0,0,1,0,0,1,0,0,0,medio_baixo
4,10000.0,9,0.5555555555555556,1,2,1,0,0,0,0,1,0,1,0,0,0,baixo
5,35000.0,4,1.0,1,4,1,0,0,0,1,1,1,0,0,0,0,gratuito
4,10000.0,26,0.9615384615384616,1,4,1,0,0,0,1,0,1,0,1,1,0,medio_baixo
1,0.0,0,0.0,2,3,1,0,0,0,1,1,1,0,0,0,0,medio_baixo
5,35000.0,124,0.7338709677419355,14,3,1,0,0,1,1,1,1,0,0,0,0,medio_baixo
1,10000.0,3,0.6666666666666666,12,2,1,1,0,0,0,0,0,1,0,0,1,baixo
3,10000.0,9,0.8888888888888888,2,3,1,0,0,0,1,1,1,0,0,0,0,medio_alto
4,10000.0,9,0.8888888888888888,103,2,1,0,0,0,1,0,0,1,0,0,0,baixo
2,10000.0,37,0.4594594594594595,1,3,1,0,0,0,1,0,1,1,0,0,0,baixo
2,10000.0,4,0.5,6,1,1,0,0,1,0,1,0,0,0,0,0,medio_baixo
2,0.0,0,0.0,103,2,1,0,0,0,1,0,0,0,0,0,0,gratuito
1,0.0,0,0.0,0,0,1,0,0,0,0,0,0,0,0,0,0,gratuito
3,10000.0,37,0.8378378378378378,12,4,1,0,0,0,1,1,0,1,0,0,1,medio_alto
4,10000.0,1,1.0,1,6,1,0,0,1,1,1,1,1,1,0,1,baixo
9,150000.0,3840,0.9234375,6,2,1,0,0,1,1,0,1,0,0,0,0,medio_alto
2,10000.0,3,1.0,1,2,1,0,0,0,1,0,0,0,0,0,1,medio_alto
2,10000.0,6,0.8333333333333334,1,1,1,0,0,0,1,0,0,0,0,0,0,medio_baixo
1,0.0,0,0.0,0,0,1,0,0,0,0,0,0,0,0,0,0,gratuito
2,10000.0,0,0.0,1,2,1,0,1,0,1,1,0,0,0,0,0,medio_baixo
17,0.0,0,0.0,1,1,1,0,0,0,0,0,0,1,0,0,0,alto
8,10000.0,10,0.8,1,2,1,0,0,0,1,0,0,1,0,0,0,baixo
2,10000.0,6,1.0,1,2,1,0,0,0,1,0,0,0,1,0,0,medio_baixo
5,0.0,0,0.0,0,0,1,0,0,0,0,0,0,0,0,0,0,gratuito
4,10000.0,16,1.0,1,1,1,0,0,0,0,0,0,0,1,0,0,medio_alto
2,10000.0,0,0.0,1,2,1,0,0,0,0,1,0,1,0,0,0,medio_baixo
2,0.0,0,0.0,0,0,1,0,0,0,0,0,0,0,0,0,0,gratuito
9,10000.0,53,0.5283018867924528,1,3,1,0,0,0,1,1,0,0,0,0,0,medio_baixo
1,10000.0,1,1.0,1,3,1,0,0,0,1,1,1,0,0,0,0,baixo
4,10000.0,16,0.6875,1,1,1,0,0,0,1,0,0,0,0,0,0,medio_baixo
2,10000.0,11,0.8181818181818182,5,4,1,1,1,0,1,0,1,0,1,0,0,alto
2,10000.0,3,1.0,1,2,1,0,0,0,1,0,0,1,0,0,0,medio_alto
3,10000.0,120,0.9,2,2,1,1,1,0,1,0,1,0,0,0,0,alto
9,35000.0,193,0.7150259067357513,8,3,1,1,0,0,1,0,1,0,0,0,0,baixo
1,10000.0,0,0.0,2,4,1,0,1,0,1,0,0,1,1,0,1,medio_alto
6,10000.0,21,0.8095238095238095,3,3,1,0,0,0,0,0,0,1,0,1,1,medio_baixo
8,10000.0,11,0.5454545454545454,2,3,1,0,0,0,1,1,1,0,0,0,0,alto
2,0.0,0,0.0,1,6,1,0,0,0,1,0,1,1,1,0,0,gratuito
6,10000.0,50,0.4,1,2,1,1,1,0,1,0,1,0,0,0,0,gratuito
2,10000.0,1,1.0,6,1,1,0,0,0,0,0,0,0,0,0,1,medio_alto
4,10000.0,14,0.8571428571428571,1,2,1,0,0,0,1,1,0,0,0,0,0,gratuito
10,10000.0,33,0.9090909090909091,1,2,1,0,0,0,1,0,0,1,0,0,0,baixo
6,10000.0,24,1.0,1,3,1,1,0,0,1,0,0,1,0,1,0,medio_baixo
1,10000.0,10,1.0,2,2,1,1,0,0,1,1,0,0,0,0,0,medio_baixo
4,0.0,0,0.0,0,0,1,0,0,0,0,0,0,0,0,0,0,gratuito
5,10000.0,9,1.0,1,2,1,0,0,0,0,1,1,0,0,0,0,gratuito
3,35000.0,1,0.0,1,8,1,0,0,0,1,1,1,1,1,1,1,alto
5,10000.0,0,0.0,2,1,1,0,0,0,0,1,0,0,0,0,0,medio_alto
8,35000.0,66,0.6666666666666666,1,3,1,0,0,0,1,0,1,0,0,0,1,baixo
6,10000.0,0,0.0,29,1,1,1,0,2,0,0,1,0,0,0,0,baixo
1,0.0,0,0.0,1,3,1,0,0,0,1,0,1,0,0,0,0,gratuito
4,10000.0,4,1.0,1,5,1,0,0,0,1,1,0,1,0,1,0,medio_baixo
8,10000.0,2,1.0,1,1,1,1,0,0,1,0,0,0,0,0,0,alto
3,10000.0,1,1.0,1,1,1,0,0,0,0,0,0,0,0,1,0,medio_alto
4,10000.0,0,0.0,1,3,1,0,0,0,0,1,0,1,0,0,0,gratuito
9,150000.0,2686,0.8894266567386448,6,2,1,1,1,1,1,0,0,1,0,0,0,baixo
13,350000.0,2302,0.7580364900086881,12,2,1,0,0,0,0,1,0,0,0,0,0,medio_alto
5,10000.0,3,1.0,1,4,1,0,0,0,1,0,1,1,1,0,0,medio_baixo
5,0.0,0,0.0,3,4,1,0,0,0,1,1,1,0,0,0,0,gratuito
1,10000.0,0,0.0,3,4,1,1,0,0,1,0,0,1,1,0,1,alto
5,10000.0,16,1.0,1,2,1,0,1,0,1,1,0,0,0,0,0,baixo
7,10000.0,1344,0.9806547619047619,1,2,1,0,0,0,1,1,0,0,0,0,0,alto
1,0.0,0,0.0,0,0,1,0,0,0,0,0,0,0,0,0,0,gratuito
7,150000.0,5826,0.7741160315825609,12,2,1,0,0,6,0,1,1,0,0,0,0,medio_alto
3,10000.0,34,0.6764705882352942,6,2,1,1,0,0,1,0,0,0,0,1,0,medio_alto
1,0.0,0,0.0,1,3,1,0,0,1,1,0,0,1,0,1,0,alto
5,10000.0,2,1.0,1,2,1,0,0,0,1,1,0,0,0,0,0,medio_alto
4,10000.0,289,0.9307958477508651,8,3,1,1,1,0,1,0,1,0,1,0,0,medio_baixo
10,350000.0,1409,0.8772178850248403,1,1,1,0,0,1,0,1,0,0,0,0,0,medio_alto
1,10000.0,0,0.0,13,1,1,0,0,0,0,0,0,0,0,0,1,medio_alto
3,10000.0,24,1.0,2,1,1,1,1,0,1,0,0,0,0,0,0,medio_baixo
4,10000.0,2,1.0,1,3,1,1,0,0,1,1,0,1,0,0,0,baixo
8,10000.0,10,0.9,1,3,1,0,0,0,1,1,1,0,0,0,0,baixo
5,0.0,0,0.0,0,0,1,0,0,0,0,0,0,0,0,0,0,gratuito
1,0.0,0,0.0,9,7,1,1,1,0,1,1,1,1,0,1,1,gratuito
1,10000.0,0,0.0,31,2,1,0,0,0,1,0,0,1,0,0,0,baixo
10,75000.0,1515,0.834983498349835,1,3,1,0,0,1,1,0,1,1,0,0,0,alto
3,10000.0,19,0.9473684210526315,2,1,1,0,0,0,0,0,1,0,0,0,0,medio_alto
4,10000.0,6,0.6666666666666666,6,6,1,1,1,0,1,0,1,1,1,1,1,medio_baixo
3,0.0,0,0.0,1,3,1,0,0,0,0,1,0,0,0,0,0,gratuito
2,10000.0,15,0.9333333333333333,1,4,1,0,0,3,1,1,1,1,0,0,0,alto
6,10000.0,97,0.8969072164948454,1,4,1,0,0,0,1,1,0,1,0,0,0,gratuito
7,10000.0,11,0.5454545454545454,1,4,1,1,1,0,1,0,1,1,1,0,0,medio_baixo
3,150000.0,3493,0.7838534211279702,9,5,1,0,0,5,1,1,0,0,0,0,1,baixo
7,10000.0,71,0.5633802816901409,2,1,1,0,0,0,0,0,0,0,0,0,1,baixo
5,0.0,0,0.0,0,0,1,0,0,0,0,0,0,0,0,0,0,gratuito
2,0.0,0,0.0,22,1,1,0,0,0,0,0,0,1,0,0,0,gratuito
6,10000.0,0,0.0,1,3,1,0,0,0,1,1,1,0,0,0,0,baixo
4,0.0,0,0.0,0,0,1,0,0,0,0,0,0,0,0,0,0,gratuito
3,0.0,0,0.0,1,4,1,1,0,0,1,0,0,1,0,0,1,gratuito
8,150000.0,2344,0.83660409556314,4,2,1,0,0,22,0,1,1,0,0,0,0,alto
12,10000.0,109,0.8440366972477065,1,2,1,0,0,1,1,0,0,0,1,0,0,medio_alto
5,35000.0,3,1.0,12,2,1,0,0,0,1,0,0,1,0,0,0,baixo
4,0.0,0,0.0,0,0,1,0,0,0,0,0,0,0,0,0,0,gratuito
6,150000.0,206,0.5776699029126213,2,4,1,0,0,1,1,1,1,0,1,0,0,medio_alto
1,10000.0,11,1.0,9,1,1,0,0,0,0,0,0,1,0,0,0,baixo
3,10000.0,0,0.0,3,3,1,0,0,0,0,0,1,0,1,0,1,medio_alto
2,10000.0,0,0.0,2,3,1,0,0,0,1,0,0,1,0,0,1,medio_alto
3,10000.0,53,0.9811320754716981,1,3,1,0,0,0,1,1,1,0,0,0,0,alto
6,10000.0,14,0.9285714285714286,1,1,1,0,0,0,0,0,0,1,0,0,0,gratuito
5,10000.0,2,1.0,1,2,1,0,0,0,1,0,0,1,0,0,0,baixo
2,10000.0,61,0.9672131147540983,5,3,1,0,0,0,1,0,0,1,0,1,0,medio_alto
4,0.0,0,0.0,7,3,1,0,0,0,0,0,0,0,0,1,0,gratuito
1,10000.0,0,0.0,5,1,1,1,0,0,0,0,0,1,0,0,0,alto
8,350000.0,10331,0.7671087019649598,17,3,1,0,0,1,1,0,1,0,0,0,1,medio_baixo
3,150000.0,5503,0.8291840814101399,9,2,1,0,0,5,0,1,1,0,0,0,0,alto
6,10000.0,12,0.8333333333333334,1,3,1,0,0,0,1,0,0,1,0,0,0,medio_alto
2,0.0,0,0.0,0,0,1,0,0,0,0,0,0,0,0,0,0,gratuito
1,10000.0,0,0.0,3,2,1,0,0,0,0,0,1,1,0,0,0,alto
9,10000.0,9,0.6666666666666666,1,2,1,1,1,0,1,1,0,0,0,0,0,medio_alto
6,10000.0,0,0.0,1,1,1,0,0,0,0,0,0,0,0,0,0,medio_alto
2,10000.0,107,0.9345794392523364,9,3,1,0,0,1,1,1,1,0,0,0,0,alto
2,10000.0,27,0.9259259259259259,2,1,1,0,0,1,0,1,0,0,0,0,0,medio_alto
1,10000.0,0,0.0,28,3,1,0,0,0,0,0,0,1,0,1,1,baixo
1,0.0,0,0.0,1,2,1,0,0,0,0,1,0,0,0,0,0,gratuito
6,10000.0,9,1.0,1,4,1,0,0,0,1,1,0,1,0,1,0,baixo
1,10000.0,13,0.8461538461538461,5,4,1,0,0,0,1,0,0,1,0,0,1,medio_baixo
9,10000.0,3,0.6666666666666666,1,4,1,0,0,0,1,1,1,1,0,0,0,alto
8,10000.0,6,0.8333333333333334,1,1,1,0,0,0,0,0,0,0,0,0,0,medio_alto
3,350000.0,22453,0.9831648332071438,14,2,1,0,0,1,1,0,1,0,0,0,0,alto
7,35000.0,1,0.0,1,2,1,0,0,0,1,0,0,0,0,1,0,medio_baixo
13,350000.0,1371,0.7797228300510576,6,2,1,0,0,0,1,1,0,0,0,0,0,medio_baixo
8,10000.0,26,0.8076923076923077,2,3,1,0,0,0,0,1,0,0,0,0,0,alto
1,10000.0,0,0.0,1,2,1,0,0,0,0,1,1,0,0,0,0,medio_alto
1,10000.0,0,0.0,5,3,1,0,0,0,1,0,1,0,0,0,1,alto
7,10000.0,16,0.9375,1,2,1,0,1,0,1,1,0,0,0,0,0,medio_baixo
1,10000.0,0,0.0,1,4,1,0,0,0,1,0,0,1,0,1,1,medio_baixo
2,10000.0,1,1.0,3,3,1,0,0,0,1,1,1,0,0,0,0,baixo
4,10000.0,33,0.7878787878787878,1,3,1,0,0,0,1,1,1,0,0,0,0,medio_baixo
2,10000.0,33,0.9393939393939394,1,4,1,0,0,0,1,1,1,1,0,0,0,medio_alto
6,75000.0,3530,0.47223796033994336,2,4,1,0,0,0,0,1,1,0,1,0,0,medio_alto
2,35000.0,4,1.0,1,4,1,0,1,0,1,1,0,1,0,0,0,medio_alto
1,10000.0,0,0.0,6,2,1,1,1,0,1,0,0,0,0,0,1,alto
1,10000.0,6,1.0,1,3,1,0,0,0,1,0,0,1,0,0,1,baixo
2,0.0,0,0.0,0,0,1,0,0,0,0,0,0,0,0,0,0,gratuito
5,10000.0,72,0.7638888888888888,1,3,1,0,0,0,1,0,0,1,1,0,0,baixo
8,35000.0,354,0.7598870056497176,11,4,1,0,0,0,1,1,0,0,1,1,0,medio_alto
8,10000.0,35,1.0,3,2,1,0,0,0,1,0,0,1,0,0,0,medio_alto
5,10000.0,83,0.7349397590361446,5,4,1,0,0,0,1,0,0,0,0,1,1,alto
4,10000.0,98,0.8877551020408163,5,3,1,0,0,0,1,0,1,0,1,0,0,alto
5,0.0,0,0.0,0,0,1,0,0,0,0,0,0,0,0,0,0,gratuito
8,150000.0,1015,0.896551724137931,9,4,1,1,1,0,1,1,1,0,1,0,0,medio_alto
6,35000.0,1,1.0,11,1,1,0,0,0,0,0,0,1,0,0,0,medio_baixo
11,10000.0,75,0.5466666666666666,4,2,1,0,0,0,0,0,0,0,1,1,0,baixo
8,10000.0,14,0.7857142857142857,1,5,1,0,0,0,1,1,0,1,0,0,0,baixo
2,10000.0,0,0.0,3,1,1,0,0,0,0,0,0,0,1,0,0,alto
9,10000.0,12,0.25,1,4,1,0,0,0,1,1,1,1,0,0,0,medio_baixo
6,10000.0,6,0.8333333333333334,2,2,1,0,0,0,1,0,1,0,0,0,0,baixo
1,0.0,0,0.0,0,0,1,0,0,0,0,0,0,0,0,0,0,gratuito
10,350000.0,964,0.7977178423236515,1,3,1,0,0,0,1,0,1,0,0,0,0,gratuito
2,0.0,0,0.0,0,0,1,0,0,0,0,0,0,0,0,0,0,gratuito
11,75000.0,196,0.7704081632653061,2,2,1,1,0,0,1,1,0,0,0,0,0,baixo
3,0.0,0,0.0,1,4,1,0,0,0,1,1,0,0,0,1,0,gratuito
3,10000.0,5,0.8,1,4,1,0,0,0,1,1,1,0,0,0,0,alto
6,10000.0,122,0.7868852459016393,1,3,1,0,0,0,1,1,0,0,1,0,0,medio_alto
6,350000.0,2792,0.7936962750716332,13,3,1,1,1,0,1,0,0,1,0,1,0,medio_alto
2,150000.0,461,0.9175704989154013,1,1,1,0,0,0,0,0,0,0,0,1,0,medio_baixo
7,10000.0,3,0.0,1,2,1,0,0,0,0,0,1,0,1,0,0,medio_alto
1,10000.0,0,0.0,13,4,1,0,1,0,1,1,1,1,0,0,0,alto
9,75000.0,39,0.8461538461538461,1,1,1,1,0,0,0,1,0,0,0,0,0,medio_baixo
1,0.0,0,0.0,3,5,1,0,0,1,1,0,1,1,1,0,0,gratuito
10,150000.0,2742,0.8070751276440554,1,1,1,0,0,0,1,0,0,0,0,0,0,medio_alto
7,350000.0,390,0.6692307692307692,1,1,1,0,0,14,0,0,0,0,0,0,0,gratuito
1,0.0,0,0.0,2,4,1,0,0,0,1,1,0,0,0,1,0,gratuito
8,10000.0,0,0.0,2,3,1,0,0,0,1,0,0,1,0,0,1,medio_alto
6,350000.0,1505,0.7521594684385382,9,3,1,0,0,1,0,0,0,0,1,1,0,gratuito
5,0.0,0,0.0,0,0,1,0,0,0,0,0,0,0,0,0,0,gratuito
1,10000.0,2,0.5,1,3,1,0,0,0,1,1,0,0,0,1,0,baixo
4,75000.0,3,0.6666666666666666,15,3,1,1,1,0,1,0,0,1,0,1,0,baixo
2,10000.0,3,0.6666666666666666,1,1,1,0,0,0,0,0,0,1,0,0,0,medio_alto
3,0.0,0,0.0,0,0,1,0,0,0,0,0,0,0,0,0,0,gratuito
3,0.0,0,0.0,0,0,1,0,0,0,0,0,0,0,0,0,0,gratuito
2,10000.0,0,0.0,1,2,1,0,0,0,0,1,0,1,0,0,0,alto
4,0.0,0,0.0,0,0,1,0,0,0,0,0,0,0,0,0,0,gratuito
9,10000.0,54,0.6111111111111112,7,3,1,1,0,0,1,0,0,1,0,1,0,medio_alto
6,10000.0,2,1.0,0,1,1,0,0,0,0,1,0,0,0,0,0,gratuito
4,10000.0,0,0.0,8,3,1,0,0,0,1,0,0,1,0,0,1,gratuito
7,750000.0,5617,0.6695745059640378,18,4,1,0,0,0,0,0,0,0,1,1,0,gratuito
1,0.0,0,0.0,0,0,1,0,0,0,0,0,0,0,0,0,0,gratuito
2,10000.0,64,0.953125,9,2,1,1,0,0,1,0,0,0,0,1,0,medio_baixo
7,10000.0,11,0.45454545454545453,1,3,1,0,0,0,1,1,0,0,0,0,0,gratuito
8,10000.0,0,0.0,1,2,1,1,0,0,1,0,1,0,0,0,0,alto
3,0.0,0,0.0,2,3,1,0,0,0,1,0,1,0,0,0,0,gratuito
4,0.0,0,0.0,1,5,1,0,0,1,1,1,1,1,0,0,0,gratuito
6,150000.0,1340,0.9604477611940299,103,3,1,0,0,4,1,0,0,1,0,0,0,gratuito
3,10000.0,171,0.847953216374269,1,5,1,0,0,0,1,1,0,1,0,0,0,medio_alto
4,10000.0,7,0.14285714285714285,1,4,1,0,0,0,1,1,0,1,0,0,0,alto
10,10000.0,11,0.6363636363636364,1,4,1,1,1,1,1,1,0,1,0,1,0,baixo
5,10000.0,6,1.0,1,5,1,1,0,0,1,0,1,1,1,0,1,baixo
1,10000.0,0,0.0,1,5,1,0,0,0,1,0,0,0,0,0,1,alto
8,10000.0,12,0.16666666666666666,1,3,1,0,0,0,1,0,0,1,0,0,1,baixo
1,0.0,0,0.0,1,4,1,0,0,0,1,1,1,0,1,0,0,alto
1,0.0,0,0.0,0,0,1,0,0,0,0,0,0,0,0,0,0,gratuito
6,0.0,0,0.0,0,0,1,0,0,0,0,0,0,0,0,0,0,gratuito
2,10000.0,44,0.9545454545454546,9,4,1,0,0,0,1,0,1,1,0,0,1,medio_baixo
9,35000.0,662,0.824773413897281,2,1,1,0,0,0,0,0,0,0,0,1,0,alto
9,10000.0,18,0.6666666666666666,1,5,1,0,0,0,1,1,0,1,0,0,1,medio_baixo
4,10000.0,38,0.7894736842105263,1,1,1,0,0,0,0,0,0,0,0,1,0,baixo
2,10000.0,0,0.0,2,3,1,0,0,1,1,0,0,1,0,0,0,gratuito
5,10000.0,7,0.7142857142857143,1,1,1,0,0,0,0,0,0,0,0,0,1,medio_alto
7,10000.0,17,0.9411764705882353,1,4,1,0,0,0,1,1,1,0,0,0,0,medio_baixo
4,10000.0,23,0.6956521739130435,2,4,1,0,0,0,0,1,1,0,1,0,0,alto
7,35000.0,68,0.7352941176470589,1,4,1,0,0,0,1,0,0,1,0,0,0,medio_alto
7,10000.0,43,0.6511627906976745,2,1,1,0,0,0,0,0,1,0,0,0,0,medio_baixo
1,10000.0,2,1.0,1,2,1,0,0,0,1,0,1,0,0,0,0,medio_baixo
4,10000.0,5,1.0,7,2,1,0,0,0,1,1,0,0,0,0,0,baixo
4,10000.0,0,0.0,2,3,1,1,1,0,1,0,1,0,1,0,0,medio_baixo
2,10000.0,21,0.7142857142857143,1,2,1,0,0,0,0,1,1,0,0,0,0,alto
5,10000.0,3,1.0,1,2,1,0,0,0,1,0,0,1,0,0,0,baixo
6,10000.0,10,0.8,1,1,1,0,0,0,0,0,0,0,0,0,1,medio_baixo
7,75000.0,365,0.9534246575342465,1,2,1,0,0,0,1,1,0,0,0,0,0,alto
1,0.0,0,0.0,1,2,1,0,1,0,1,0,0,1,0,0,0,medio_baixo
1,0.0,0,0.0,14,3,1,0,0,0,1,0,1,0,0,0,1,medio_baixo
1,0.0,0,0.0,0,0,1,0,0,0,0,0,0,0,0,0,0,gratuito
4,75000.0,1789,0.8848518725544997,3,4,1,0,0,3,1,0,1,1,0,0,1,baixo
5,10000.0,111,0.918918918918919,15,3,1,0,0,0,1,1,1,0,0,0,0,medio_baixo
2,10000.0,3,1.0,12,1,1,0,0,0,0,0,1,0,0,0,0,alto
1,0.0,0,0.0,103,1,1,1,1,0,1,0,0,0,0,0,0,medio_baixo
9,35000.0,354,0.7768361581920904,1,4,1,0,0,0,1,1,0,0,0,1,0,medio_baixo
3,750000.0,4834,0.9499379395945386,5,2,1,0,0,0,1,0,0,0,0,0,0,gratuito
7,10000.0,2,0.5,1,3,1,0,0,0,1,1,0,0,0,0,0,alto
7,10000.0,3,1.0,1,3,1,0,0,0,1,1,0,1,0,0,0,baixo
8,10000.0,3,1.0,1,1,1,0,0,0,0,0,0,1,0,0,0,medio_alto
6,10000.0,23,0.4782608695652174,2,4,1,0,0,0,1,1,1,0,0,0,1,medio_baixo
4,10000.0,1,1.0,5,4,1,0,0,1,1,1,0,0,1,1,0,alto
3,75000.0,230,0.7913043478260869,1,2,1,0,0,1,0,0,0,0,1,1,0,medio_alto
2,10000.0,10,1.0,27,2,1,1,1,0,0,0,0,1,0,1,0,medio_alto
2,35000.0,1269,0.9070133963750985,1,1,1,1,1,0,0,0,0,0,0,1,0,alto
7,35000.0,397,0.7858942065491183,11,1,1,1,0,0,1,0,0,0,0,0,0,medio_baixo
1,35000.0,7,0.8571428571428571,1,3,1,1,0,0,1,1,0,0,0,1,0,medio_baixo
5,10000.0,17,0.6470588235294118,1,3,1,1,0,3,1,0,0,1,0,0,1,medio_baixo
4,35000.0,2,1.0,1,3,1,0,0,0,0,1,1,0,1,0,0,alto
4,10000.0,0,0.0,1,2,1,1,1,0,0,0,0,1,0,0,1,alto
1,0.0,0,0.0,103,2,1,0,0,0,1,0,0,1,0,0,0,medio_baixo
8,10000.0,2,1.0,1,3,1,0,0,0,1,1,1,0,0,0,0,alto
3,0.0,0,0.0,1,3,1,0,0,0,1,1,1,0,0,0,0,gratuito
6,10000.0,10,0.3,2,1,1,1,0,0,0,0,0,1,0,0,0,alto
1,10000.0,0,0.0,1,2,1,0,0,0,1,1,0,0,0,0,0,medio_alto
3,0.0,0,0.0,4,6,1,0,0,0,0,0,1,0,1,1,1,gratuito
7,10000.0,5,0.4,1,6,1,0,0,0,1,1,1,1,1,0,1,medio_baixo
6,10000.0,3,0.6666666666666666,1,4,1,0,0,0,1,1,1,0,0,0,0,alto
3,150000.0,737,0.8086838534599728,9,4,1,1,1,0,1,0,0,1,0,0,1,gratuito
16,10000.0,26,0.6923076923076923,1,2,1,0,0,0,1,0,0,1,0,0,0,medio_alto
1,10000.0,17,0.8823529411764706,8,4,1,0,0,1,1,1,0,1,0,0,0,medio_alto
6,35000.0,6,0.6666666666666666,12,4,1,1,0,0,1,0,1,1,0,1,0,medio_baixo
7,10000.0,2,1.0,1,3,1,0,0,0,1,0,0,1,0,1,0,baixo
12,350000.0,204,0.4852941176470588,4,2,1,0,0,0,1,0,0,0,0,1,0,baixo
3,0.0,0,0.0,0,0,1,0,0,0,0,0,0,0,0,0,0,gratuito
8,35000.0,34,0.7352941176470589,1,4,1,1,0,0,1,1,1,1,0,0,0,alto
1,10000.0,0,0.0,2,4,1,1,0,0,1,0,1,0,1,1,0,alto
1,0.0,0,0.0,1,5,1,1,0,0,1,0,1,1,0,1,0,gratuito
1,10000.0,1,1.0,2,1,1,0,0,0,1,0,0,0,0,0,0,medio_baixo
8,10000.0,5,0.4,3,3,1,0,0,0,0,1,0,0,1,0,0,alto
17,10000.0,30,0.26666666666666666,1,2,1,0,0,0,1,1,0,0,0,0,0,medio_baixo
3,10000.0,3,0.6666666666666666,15,3,1,0,0,0,1,0,0,1,0,0,1,medio_baixo
7,35000.0,6,0.16666666666666666,1,3,1,1,1,0,1,0,1,1,0,0,0,baixo
5,75000.0,5,0.6,1,3,1,0,0,0,1,1,0,0,0,1,0,medio_alto
1,10000.0,1,1.0,1,2,1,0,0,0,0,0,0,0,0,0,0,medio_alto
1,0.0,0,0.0,2,5,1,0,0,0,0,0,1,0,1,1,0,gratuito
3,150000.0,1152,0.9800347222222222,1,3,1,0,0,0,1,1,1,0,0,0,0,medio_alto
1,10000.0,0,0.0,1,1,1,0,0,0,1,0,0,0,0,0,0,alto
2,350000.0,5565,0.7719676549865229,12,2,1,0,0,2,1,0,0,0,0,0,1,alto
8,10000.0,19,0.9473684210526315,3,5,1,0,0,0,0,1,1,0,0,1,1,alto
4,10000.0,34,0.9411764705882353,3,2,1,0,0,0,1,1,0,0,0,0,0,alto
1,0.0,0,0.0,5,2,1,0,0,0,1,0,0,1,0,0,0,medio_baixo
4,35000.0,9,0.8888888888888888,1,5,1,0,0,0,1,0,1,1,1,1,0,medio_alto
2,10000.0,36,0.6666666666666666,6,4,1,0,0,0,1,1,0,0,0,0,0,medio_baixo
4,35000.0,15,0.8666666666666667,103,2,1,0,0,0,0,1,1,0,0,0,0,baixo
3,10000.0,0,0.0,1,1,1,0,0,0,0,0,0,1,0,0,0,baixo
1,10000.0,226,0.8495575221238938,4,2,1,0,1,1,1,0,1,0,0,0,0,alto
1,10000.0,0,0.0,8,5,1,0,1,0,1,0,1,0,1,1,0,alto
12,3500000.0,56469,0.9153872035984345,7,1,1,0,0,1,0,1,0,0,0,0,0,medio_alto
2,0.0,0,0.0,0,0,1,0,0,0,0,0,0,0,0,0,0,gratuito
11,150000.0,2995,0.881135225375626,1,6,1,1,1,0,1,1,0,1,0,0,1,medio_alto
3,10000.0,16,0.9375,1,2,1,0,0,0,1,0,0,1,0,0,0,baixo
8,10000.0,6,0.6666666666666666,2,4,1,0,0,0,1,1,0,1,0,0,1,alto
8,10000.0,4,0.5,1,5,1,0,0,0,1,1,1,0,1,0,1,medio_alto
2,10000.0,0,0.0,1,2,1,0,0,0,0,0,1,1,0,0,0,baixo
2,10000.0,57,0.7368421052631579,11,4,1,0,0,0,1,1,1,0,0,0,0,alto
1,10000.0,0,0.0,22,3,1,0,0,0,0,1,1,0,1,0,0,alto
6,75000.0,53,0.9056603773584906,1,4,1,0,0,0,1,1,0,1,0,0,0,gratuito
4,10000.0,1,0.0,1,3,1,0,0,0,1,0,0,1,0,1,0,medio_alto
2,0.0,0,0.0,1,3,1,0,0,0,0,0,0,0,0,0,0,gratuito
1,10000.0,0,0.0,6,2,1,0,0,0,1,1,0,0,0,0,0,alto
6,10000.0,26,0.5384615384615384,1,4,1,1,1,0,1,0,1,1,1,0,0,medio_alto
4,10000.0,30,0.5333333333333333,5,3,1,0,0,1,1,0,1,0,0,0,1,alto
5,150000.0,21,0.7142857142857143,2,1,1,0,0,0,1,0,0,0,0,0,0,medio_alto
3,10000.0,5,1.0,2,3,1,0,0,0,1,0,1,1,0,0,0,alto
1,10000.0,0,0.0,1,2,1,0,1,0,0,1,0,1,0,0,0,alto
2,0.0,0,0.0,3,5,1,0,0,1,1,1,0,1,0,0,0,gratuito
4,10000.0,48,0.8125,1,2,1,0,0,0,1,1,0,0,0,0,0,medio_baixo
5,10000.0,0,0.0,3,4,1,0,0,0,0,0,0,1,1,0,1,baixo
5,0.0,0,0.0,0,0,1,0,0,0,0,0,0,0,0,0,0,gratuito
2,10000.0,32,1.0,3,1,1,0,1,0,1,0,0,0,0,0,0,medio_alto
4,75000.0,1331,0.845229151014275,14,4,1,0,0,1,0,1,0,1,0,0,0,medio_baixo
6,10000.0,81,0.8518518518518519,1,3,1,0,0,0,1,0,0,1,1,0,0,medio_alto
10,350000.0,981,0.7492354740061162,1,4,1,0,0,0,1,0,1,0,1,1,0,medio_baixo
8,35000.0,59,0.7288135593220338,1,3,1,0,0,0,0,1,1,1,0,0,0,baixo
3,10000.0,3,1.0,1,2,1,0,0,0,1,0,1,0,0,0,0,baixo
7,35000.0,6,1.0,1,2,1,0,0,0,1,1,0,0,0,0,0,alto
4,35000.0,115,0.782608695652174,3,3,1,0,0,0,1,0,1,0,1,0,0,alto
3,10000.0,39,0.8205128205128205,1,3,1,0,0,0,1,0,0,1,0,0,0,medio_alto
6,10000.0,32,0.6875,5,3,1,1,0,0,1,0,0,0,0,0,0,gratuito
1,10000.0,7,0.2857142857142857,1,2,1,0,0,0,1,0,0,1,0,0,0,medio_baixo
9,10000.0,12,0.75,2,7,1,0,0,0,1,1,1,1,0,1,1,alto
3,0.0,0,0.0,103,2,1,0,0,0,1,0,0,1,0,0,0,baixo
2,0.0,0,0.0,0,0,1,0,0,0,0,0,0,0,0,0,0,gratuito
6,10000.0,5,1.0,2,3,1,0,0,0,1,1,0,0,1,0,0,alto
6,10000.0,2025,0.9224691358024691,1,3,1,0,0,0,1,1,0,1,0,0,0,alto
2,10000.0,85,0.9058823529411765,9,3,1,1,1,0,1,0,0,0,0,1,1,medio_alto
2,10000.0,17,1.0,2,3,1,0,0,0,1,1,0,1,0,0,0,medio_alto
3,75000.0,3,0.6666666666666666,4,3,1,0,0,0,1,1,1,0,0,0,0,baixo
2,10000.0,5,1.0,1,4,1,0,1,0,1,1,1,1,0,0,0,medio_baixo
10,75000.0,1358,0.7628865979381443,12,1,1,0,0,1,1,0,0,0,0,0,0,medio_alto
10,350000.0,502,0.7051792828685259,5,6,1,1,1,0,1,1,1,0,1,0,0,gratuito
1,10000.0,0,0.0,6,3,1,0,0,0,1,0,0,1,0,0,0,medio_alto
6,10000.0,33,0.9393939393939394,1,1,1,1,0,0,1,0,0,0,0,0,0,medio_alto
2,10000.0,21,0.6666666666666666,3,4,1,0,0,0,1,0,0,1,1,0,1,alto
10,10000.0,50,0.4,1,1,1,0,0,0,1,0,0,0,0,0,0,baixo
2,10000.0,0,0.0,1,1,1,0,0,0,0,0,0,1,0,0,0,baixo
4,10000.0,2,0.0,1,1,1,0,0,0,1,0,0,0,0,0,0,medio_baixo
9,10000.0,37,0.7297297297297297,1,2,1,1,1,0,1,0,1,0,0,0,0,medio_alto
7,75000.0,273,0.7948717948717948,8,1,1,0,0,0,0,1,0,0,0,0,0,alto
1,0.0,0,0.0,21,9,1,0,0,0,1,1,0,1,0,0,1,gratuito
14,150000.0,1945,0.9408740359897172,1,3,1,0,0,0,0,1,1,0,1,0,0,medio_alto
9,10000.0,13,0.9230769230769231,1,3,1,1,1,0,1,1,0,1,0,0,0,baixo
1,10000.0,0,0.0,34,2,1,0,1,0,1,0,0,1,0,0,0,medio_baixo
7,10000.0,136,0.8529411764705882,1,5,1,1,1,0,1,0,0,0,1,0,1,alto
4,10000.0,33,0.696969696969697,1,3,1,0,0,0,0,1,1,0,0,0,1,alto
2,10000.0,1,1.0,1,3,1,0,0,3,1,0,0,1,0,1,0,baixo
3,10000.0,5,0.6,5,4,1,0,0,0,1,1,1,0,0,0,0,medio_baixo
1,10000.0,0,0.0,6,4,1,0,0,0,1,1,1,0,1,0,0,medio_baixo
2,10000.0,0,0.0,1,2,1,0,1,0,0,1,0,1,0,0,0,medio_alto
1,10000.0,0,0.0,11,7,1,0,0,0,1,1,1,1,0,1,1,alto
2,10000.0,14,0.7142857142857143,1,4,1,0,0,0,1,0,1,0,1,0,0,gratuito
3,75000.0,1031,0.7992240543161979,1,3,1,0,0,1,1,0,0,0,1,0,0,medio_alto
3,0.0,0,0.0,1,3,1,0,0,0,1,0,1,0,0,1,0,gratuito
4,10000.0,6,1.0,3,2,1,0,0,0,1,0,0,1,0,0,0,baixo
1,0.0,0,0.0,2,4,1,0,0,0,1,0,1,1,0,0,1,baixo
1,35000.0,4,1.0,6,3,1,0,1,0,1,1,1,0,0,0,0,medio_baixo
1,0.0,0,0.0,1,4,1,1,0,1,1,0,1,0,1,0,0,gratuito
7,10000.0,12,0.8333333333333334,1,4,1,0,0,0,1,0,1,1,0,0,1,alto
11,150000.0,1569,0.9145952836201402,1,6,1,0,0,3,1,1,1,1,1,1,0,alto
11,75000.0,1429,0.8992302309307207,11,5,1,1,1,0,1,1,0,1,0,0,1,baixo
10,10000.0,21,0.5714285714285714,2,3,1,0,0,0,1,1,0,1,0,0,0,medio_alto
8,10000.0,15,0.6666666666666666,1,4,1,0,0,0,1,1,0,1,0,0,0,gratuito
4,35000.0,18,0.8333333333333334,1,7,1,0,0,0,1,1,1,0,1,0,1,baixo
6,35000.0,21,0.9523809523809523,13,1,1,0,0,0,0,0,0,0,0,0,0,baixo
3,10000.0,7,0.8571428571428571,1,3,1,0,0,0,1,1,1,0,0,0,0,medio_alto
4,10000.0,7,0.5714285714285714,1,8,1,0,0,0,1,1,1,1,0,1,1,baixo
1,10000.0,14,1.0,1,1,1,0,0,0,0,0,1,0,0,0,0,alto
1,10000.0,0,0.0,5,2,1,0,0,0,0,1,0,0,0,0,0,medio_alto
3,0.0,0,0.0,103,5,1,0,0,0,1,0,1,1,0,1,1,baixo
12,10000.0,101,0.6732673267326733,1,1,1,1,1,0,1,0,0,0,0,0,0,gratuito
2,10000.0,30,1.0,5,3,1,0,0,0,1,0,0,1,0,1,0,baixo
12,350000.0,2030,0.9497536945812808,9,2,1,0,0,0,1,0,0,0,0,1,0,medio_baixo
5,10000.0,1,1.0,1,4,1,1,1,0,1,1,0,1,0,1,0,medio_baixo
5,10000.0,81,0.8765432098765432,1,4,1,0,0,4,1,1,0,1,0,0,0,gratuito
9,3500000.0,140169,0.8705705255798357,6,2,1,0,0,7,0,1,0,0,1,0,0,alto
1,0.0,0,0.0,0,0,1,0,0,0,0,0,0,0,0,0,0,gratuito
3,0.0,0,0.0,5,1,1,0,0,0,0,0,0,1,0,0,0,gratuito
8,10000.0,2,1.0,1,4,1,1,0,0,1,1,0,0,0,0,0,medio_alto
4,10000.0,39,0.5384615384615384,2,3,1,0,0,0,1,0,0,0,1,0,1,alto
11,10000.0,7,0.7142857142857143,1,3,1,0,0,0,1,1,1,0,0,0,0,medio_alto
1,10000.0,0,0.0,3,3,1,0,0,0,1,0,0,1,0,0,0,baixo
9,10000.0,29,0.8275862068965517,1,3,1,1,0,0,1,1,0,0,0,0,0,baixo
2,10000.0,0,0.0,3,5,1,0,0,0,1,1,1,0,0,0,1,alto
2,0.0,0,0.0,103,5,1,1,1,0,1,0,1,1,1,0,1,baixo
2,350000.0,7294,0.8175212503427475,7,2,1,0,0,0,1,1,0,0,0,0,0,alto
4,10000.0,101,0.8217821782178217,1,5,1,0,0,0,0,1,1,0,1,0,1,medio_alto
2,10000.0,27,0.6666666666666666,1,2,1,0,0,0,0,1,1,0,0,0,0,medio_baixo
1,10000.0,11,1.0,3,4,1,0,0,0,1,1,1,0,0,1,0,medio_baixo
2,10000.0,0,0.0,9,3,1,0,0,0,1,1,0,0,0,0,0,gratuito
5,10000.0,36,0.8333333333333334,4,2,1,0,0,0,0,1,0,1,0,0,0,alto
4,10000.0,72,0.8472222222222222,12,3,1,1,1,0,1,0,0,0,0,1,1,medio_alto
1,0.0,0,0.0,0,0,1,0,0,0,0,0,0,0,0,0,0,gratuito
2,10000.0,3,0.6666666666666666,1,2,1,1,0,0,1,0,0,1,0,0,0,baixo
11,10000.0,12,0.08333333333333333,1,3,1,0,0,0,1,0,0,0,1,0,1,medio_alto
5,10000.0,38,0.6842105263157895,16,1,1,0,0,0,0,1,0,0,0,0,0,baixo
5,10000.0,3,0.6666666666666666,1,3,1,0,1,0,1,1,0,1,0,0,0,medio_baixo
3,10000.0,0,0.0,2,2,1,0,0,0,0,0,0,0,0,0,0,gratuito
7,10000.0,13,0.6153846153846154,2,4,1,0,0,0,0,1,1,0,1,0,0,alto
2,10000.0,3,1.0,8,6,1,0,0,0,1,1,0,0,1,1,1,medio_alto
5,0.0,0,0.0,3,3,1,1,0,0,1,0,0,0,0,1,0,gratuito
2,10000.0,0,0.0,4,3,1,0,0,0,1,0,1,1,0,0,0,alto
1,0.0,0,0.0,1,4,1,0,0,0,1,0,1,1,0,0,0,gratuito
6,10000.0,52,0.9423076923076923,1,5,1,0,0,2,1,1,1,1,0,0,1,medio_alto
5,35000.0,26,0.5,1,4,1,0,0,0,1,1,1,0,0,1,0,baixo
1,10000.0,32,0.6875,1,4,1,0,0,0,1,1,1,0,0,0,1,medio_alto
2,35000.0,2,1.0,1,1,1,0,0,0,0,1,0,0,0,0,0,alto
13,75000.0,38,1.0,1,1,1,0,0,0,0,0,0,0,0,0,1,alto
5,0.0,0,0.0,2,2,1,1,0,0,1,0,0,1,0,0,0,gratuito
1,75000.0,524,0.7748091603053435,14,1,1,0,0,0,1,0,0,0,0,0,0,medio_alto
1,10000.0,0,0.0,4,3,1,1,1,0,1,0,0,1,0,1,0,medio_baixo
10,35000.0,271,0.6715867158671587,1,2,1,0,0,0,0,0,1,1,0,0,0,medio_alto
5,10000.0,32,0.96875,1,2,1,0,0,0,1,0,0,1,0,0,0,gratuito
4,10000.0,1,1.0,1,4,1,0,0,0,1,1,1,1,0,0,0,alto
2,10000.0,4,0.0,1,2,1,0,0,0,0,1,0,0,0,1,0,medio_baixo
8,10000.0,87,0.6091954022988506,11,5,1,1,0,0,1,1,1,1,0,0,0,baixo
6,10000.0,4,1.0,1,1,1,0,0,0,0,1,0,0,0,0,0,baixo
5,10000.0,6,1.0,1,3,1,0,0,0,1,0,1,1,0,0,0,medio_baixo
18,10000.0,49,0.42857142857142855,1,1,1,0,0,0,0,0,0,0,0,0,1,medio_alto
4,35000.0,50,0.76,5,5,1,0,0,6,1,1,1,1,1,0,0,alto
2,10000.0,44,0.7727272727272727,30,3,1,0,0,0,0,1,1,0,0,0,1,baixo
2,10000.0,27,0.8888888888888888,2,8,1,0,0,0,1,1,1,0,1,1,1,medio_alto
7,10000.0,14,0.8571428571428571,4,3,1,0,0,0,1,0,1,1,0,0,0,medio_baixo
1,10000.0,0,0.0,3,2,1,0,0,0,1,1,0,0,0,0,0,baixo
3,10000.0,18,0.9444444444444444,3,4,1,0,0,0,1,1,1,0,1,0,0,baixo
2,0.0,0,0.0,1,3,1,0,0,0,0,0,0,0,0,0,0,gratuito
1,0.0,0,0.0,1,4,1,0,0,0,1,1,0,1,0,0,0,gratuito
3,10000.0,0,0.0,4,1,1,0,0,0,0,0,0,1,0,0,0,medio_baixo
6,10000.0,25,0.68,1,3,1,0,0,0,1,0,1,1,0,0,0,baixo
6,35000.0,511,0.8297455968688845,12,2,1,0,0,1,1,0,1,0,0,0,0,medio_alto
5,10000.0,0,0.0,2,3,1,0,0,0,1,0,0,1,0,0,1,baixo
7,10000.0,18,0.8333333333333334,1,4,1,0,0,0,1,1,1,0,1,0,0,baixo
3,35000.0,30,0.8,1,1,1,0,0,0,0,0,0,0,1,0,0,baixo
10,35000.0,48,0.3958333333333333,15,4,1,1,0,0,1,1,1,1,0,0,0,gratuito
5,10000.0,0,0.0,15,4,1,1,0,0,1,0,0,0,1,1,1,medio_alto
1,0.0,0,0.0,103,10,1,1,1,0,1,1,1,1,1,1,1,gratuito
5,10000.0,54,0.6481481481481481,2,4,1,0,0,0,1,0,1,1,1,0,0,baixo
2,10000.0,3,0.3333333333333333,4,2,1,0,0,0,1,0,0,0,0,1,0,baixo
4,10000.0,9,0.7777777777777778,1,1,1,1,0,0,0,0,1,0,0,0,0,alto
1,35000.0,185,0.7135135135135136,12,1,1,0,0,0,0,0,1,0,0,0,0,baixo
1,10000.0,0,0.0,1,2,1,0,0,0,1,0,1,0,0,0,0,medio_alto
4,10000.0,0,0.0,1,3,1,0,0,0,1,0,0,1,0,0,0,baixo
1,10000.0,1,1.0,1,1,1,0,0,0,0,0,0,0,1,0,0,medio_baixo
4,75000.0,14,0.8571428571428571,2,2,1,0,0,0,1,0,1,0,0,0,0,baixo
1,10000.0,0,0.0,1,1,1,0,0,0,0,0,0,0,0,1,0,medio_alto
9,10000.0,33,0.7575757575757576,3,1,1,0,0,0,0,0,0,0,0,0,1,gratuito
3,10000.0,49,0.7142857142857143,16,1,1,0,1,0,0,0,0,0,0,0,1,baixo
3,0.0,0,0.0,0,0,1,0,0,0,0,0,0,0,0,0,0,gratuito
2,10000.0,0,0.0,30,3,1,0,0,0,1,1,0,1,0,0,0,baixo
1,10000.0,0,0.0,3,2,1,0,1,0,1,0,0,0,0,1,0,alto
4,10000.0,14,0.7857142857142857,1,3,1,0,0,0,1,1,0,0,0,1,0,gratuito
5,10000.0,13,0.7692307692307693,2,3,1,0,0,2,1,0,1,1,0,0,0,medio_baixo
11,10000.0,68,0.9117647058823529,5,2,1,1,1,0,1,1,0,0,0,0,0,medio_alto
4,10000.0,2,0.5,2,7,1,0,0,0,1,1,1,1,1,0,1,medio_baixo
4,10000.0,5,1.0,2,2,1,0,0,0,1,0,0,1,0,0,0,baixo
4,35000.0,10,0.9,1,2,1,0,0,0,1,0,1,0,0,0,0,medio_alto
10,10000.0,7,0.2857142857142857,1,3,1,0,0,0,1,1,0,1,0,0,0,alto
6,10000.0,806,0.7692307692307693,5,2,1,1,0,0,0,1,1,0,0,0,0,medio_baixo
2,10000.0,7,1.0,6,3,1,1,0,0,0,0,1,1,0,1,0,alto
1,10000.0,7,1.0,14,5,1,0,0,0,1,1,1,1,0,1,0,medio_baixo
2,0.0,0,0.0,103,9,1,1,1,0,1,1,1,1,1,1,1,alto
5,10000.0,4,1.0,1,2,1,0,0,0,1,0,1,0,0,0,0,medio_baixo
3,35000.0,152,0.8355263157894737,9,6,1,0,0,1,1,1,1,1,1,0,1,alto
2,10000.0,4,1.0,1,2,1,0,0,0,1,1,0,0,0,0,0,baixo
11,75000.0,201,0.7711442786069652,1,2,1,1,1,1,1,1,0,0,0,0,0,baixo
2,10000.0,0,0.0,1,3,1,0,1,0,1,0,0,1,0,0,1,baixo
5,10000.0,0,0.0,1,5,1,0,0,0,1,1,1,1,0,1,0,alto
3,0.0,0,0.0,0,0,1,0,0,0,0,0,0,0,0,0,0,gratuito
8,10000.0,18,1.0,2,3,1,0,0,0,1,1,1,0,0,0,0,medio_baixo
1,10000.0,1,1.0,1,6,1,0,0,0,1,1,1,1,1,1,0,baixo
10,10000.0,1,0.0,27,4,1,0,0,0,1,1,1,0,0,0,0,baixo
4,10000.0,163,0.9447852760736196,12,2,1,0,0,1,1,1,0,0,0,0,0,medio_baixo
4,0.0,0,0.0,1,4,1,0,0,0,1,0,0,1,0,0,1,gratuito
3,10000.0,2,1.0,38,4,1,1,0,0,1,0,0,1,0,1,1,medio_baixo
2,10000.0,5,1.0,2,5,1,0,0,0,0,0,0,0,0,0,0,gratuito
1,10000.0,0,0.0,2,1,1,0,0,0,0,0,0,1,0,0,0,medio_baixo
12,75000.0,452,0.7831858407079646,8,4,1,1,0,0,1,1,1,1,0,0,0,baixo
4,75000.0,61,0.7540983606557377,103,4,1,0,0,0,1,1,1,0,0,1,0,baixo
1,10000.0,0,0.0,5,1,1,1,0,0,1,0,0,0,0,0,0,medio_baixo
5,10000.0,7,1.0,1,1,1,0,0,0,0,0,1,0,0,0,0,alto
20,75000.0,528,0.7784090909090909,1,1,1,0,0,2,0,1,0,0,0,0,0,medio_baixo
11,35000.0,88,0.7954545454545454,6,2,1,0,0,0,0,0,1,1,0,0,0,alto
1,0.0,0,0.0,0,0,1,0,0,0,0,0,0,0,0,0,0,gratuito
2,10000.0,32,0.9375,1,3,1,1,0,0,1,0,1,1,0,0,0,medio_baixo
1,10000.0,0,0.0,1,3,1,0,0,0,1,0,0,1,0,1,0,baixo
4,10000.0,2,0.0,1,3,1,0,0,0,1,1,1,0,0,0,0,alto
6,35000.0,16,0.375,5,2,1,0,0,0,1,1,0,0,0,0,0,medio_baixo
3,10000.0,0,0.0,3,1,1,0,0,0,0,1,0,0,0,0,0,medio_baixo
3,10000.0,6,1.0,2,2,1,1,1,1,1,0,0,1,0,0,0,baixo
5,10000.0,2,0.5,1,4,1,0,0,2,1,1,1,1,0,0,0,medio_alto
9,10000.0,44,0.4090909090909091,1,3,1,1,0,0,0,0,0,0,1,0,0,gratuito
4,10000.0,15,0.7333333333333333,103,2,1,0,0,0,1,1,0,0,0,0,0,baixo
2,10000.0,13,1.0,1,4,1,0,0,0,1,1,1,0,0,0,0,medio_alto
2,10000.0,14,1.0,1,2,1,0,0,0,1,0,0,1,0,0,0,baixo
3,10000.0,0,0.0,1,2,1,0,0,0,1,0,0,1,0,0,0,baixo
5,10000.0,320,0.8375,3,3,1,0,0,0,1,1,0,1,0,0,0,alto
2,10000.0,4,1.0,2,2,1,0,0,0,1,0,0,1,0,0,0,baixo
2,10000.0,107,0.5046728971962616,13,3,1,0,0,0,1,1,0,1,0,0,0,alto
5,10000.0,5,1.0,2,3,1,1,0,0,1,0,1,1,0,0,0,medio_alto
6,10000.0,42,0.5238095238095238,8,4,1,1,0,0,1,1,1,0,1,0,0,medio_alto
8,1500000.0,43647,0.8642289275322473,11,4,1,1,1,5,1,0,1,0,1,0,1,medio_alto
1,0.0,0,0.0,0,0,1,0,0,0,0,0,0,0,0,0,0,gratuito
9,10000.0,57,0.5614035087719298,2,6,1,1,0,0,1,1,1,1,1,0,1,baixo
3,75000.0,19,0.5263157894736842,1,3,1,0,0,0,1,1,0,1,0,0,0,gratuito
1,0.0,0,0.0,12,4,1,0,0,0,1,0,0,1,1,1,0,baixo
2,0.0,0,0.0,0,0,1,0,0,0,0,0,0,0,0,0,0,gratuito
1,10000.0,150,0.9066666666666666,11,4,1,0,0,0,1,0,0,1,0,1,1,medio_baixo
4,75000.0,2,1.0,1,4,1,1,1,0,1,1,0,1,0,1,0,baixo
4,10000.0,25,1.0,8,1,1,0,0,0,0,0,0,0,0,0,0,medio_alto
5,0.0,0,0.0,16,5,1,0,0,5,1,1,0,1,0,1,0,gratuito
3,10000.0,15,0.9333333333333333,3,4,1,0,0,0,1,0,1,1,0,0,1,medio_alto
1,10000.0,0,0.0,1,2,1,0,0,0,0,0,0,0,0,1,1,baixo
7,10000.0,5,0.8,1,3,1,0,0,0,1,1,0,0,0,1,0,baixo
3,35000.0,1,0.0,1,3,1,0,0,0,1,0,1,0,0,1,0,medio_baixo
3,10000.0,0,0.0,5,2,1,1,1,0,1,0,1,0,0,0,0,gratuito
1,10000.0,49,1.0,1,4,1,0,0,0,1,0,1,1,1,0,0,medio_baixo
5,10000.0,36,1.0,1,3,1,0,1,0,1,0,0,1,0,1,0,baixo
8,10000.0,26,0.6923076923076923,2,2,1,0,0,0,1,0,0,0,0,1,0,alto
1,0.0,0,0.0,0,0,1,0,0,0,0,0,0,0,0,0,0,gratuito
16,350000.0,545,0.8605504587155963,4,1,1,0,0,0,0,0,0,0,0,1,0,medio_baixo
6,75000.0,1714,0.9684947491248541,1,3,1,0,0,0,1,0,0,0,0,0,0,gratuito
6,10000.0,8,0.25,1,3,1,0,1,0,1,1,0,1,0,0,0,baixo
1,0.0,0,0.0,0,0,1,0,0,0,0,0,0,0,0,0,0,gratuito
4,0.0,0,0.0,4,4,1,0,0,0,1,1,0,0,1,1,0,gratuito
1,0.0,0,0.0,1,1,1,0,0,0,0,0,0,0,1,0,0,medio_alto
4,10000.0,0,0.0,1,3,1,0,0,0,1,0,0,1,0,1,0,medio_baixo
3,10000.0,7,1.0,1,3,1,0,0,0,1,0,1,0,0,0,0,medio_alto
2,10000.0,444,0.972972972972973,4,1,1,0,0,1,0,1,0,0,0,0,0,alto
7,750000.0,3094,0.8797672915319974,14,1,1,0,0,0,0,0,0,0,0,0,0,alto
3,10000.0,0,0.0,7,1,1,0,1,0,0,0,0,0,1,0,0,medio_alto
11,150000.0,275,0.7272727272727273,1,3,1,1,1,0,1,1,0,1,0,0,0,baixo
4,10000.0,27,0.8148148148148148,1,3,1,0,0,0,1,0,1,1,0,0,0,baixo
1,10000.0,0,0.0,1,1,1,0,0,0,1,0,0,0,0,0,0,medio_baixo
6,1500000.0,19469,0.8594688992757717,7,5,1,0,0,1,1,1,1,0,0,0,1,alto
2,10000.0,7,1.0,2,3,1,0,0,0,1,0,0,1,0,0,1,baixo
1,35000.0,141,0.851063829787234,3,6,1,0,0,0,1,1,1,1,1,0,0,medio_alto
5,10000.0,0,0.0,1,2,1,0,0,0,1,0,1,0,0,0,0,medio_baixo
6,10000.0,35,0.8571428571428571,1,1,1,0,0,1,1,0,0,0,0,0,0,baixo
5,10000.0,2,1.0,1,2,1,0,0,0,1,1,0,0,0,0,0,medio_alto
2,10000.0,6,0.8333333333333334,11,3,1,0,0,0,1,1,0,0,1,0,0,medio_alto
9,0.0,0,0.0,8,2,1,0,0,0,0,0,0,1,0,1,0,medio_baixo
4,0.0,0,0.0,103,1,1,0,0,0,0,0,0,1,0,0,0,baixo
5,10000.0,0,0.0,1,3,1,0,0,0,1,1,0,1,0,0,0,medio_baixo
2,10000.0,7,1.0,11,2,1,0,0,0,1,0,1,0,0,0,0,medio_baixo
2,10000.0,1,0.0,6,7,1,1,0,0,1,0,1,1,1,1,1,medio_alto
4,35000.0,11,0.7272727272727273,1,3,1,0,0,0,1,1,0,0,0,0,1,medio_alto
1,0.0,0,0.0,1,2,1,0,0,0,1,0,1,0,0,0,0,medio_alto
2,10000.0,21,0.8095238095238095,1,3,1,0,0,0,0,0,0,1,0,1,1,alto
2,10000.0,2,1.0,1,3,1,0,0,0,1,0,1,1,0,0,0,medio_baixo
4,10000.0,0,0.0,2,3,1,1,0,2,1,0,1,1,0,0,0,medio_alto
4,75000.0,2685,0.9523277467411546,28,3,1,0,0,2,1,0,1,0,0,0,1,medio_alto
1,10000.0,2,1.0,1,6,1,0,0,0,1,1,0,1,0,1,1,medio_alto
1,0.0,0,0.0,1,2,1,1,0,0,0,0,0,1,0,0,1,baixo
2,10000.0,0,0.0,6,5,1,0,0,2,1,0,1,0,1,1,1,alto
5,10000.0,79,0.8354430379746836,1,4,1,0,0,0,1,1,1,0,1,0,0,baixo
8,350000.0,1410,0.7170212765957447,2,5,1,1,1,0,1,1,0,0,0,0,1,medio_alto
9,35000.0,170,0.6882352941176471,1,3,1,1,0,1,1,0,0,1,0,0,1,baixo
6,10000.0,33,0.9090909090909091,1,2,1,0,0,0,0,0,0,1,0,0,0,baixo
8,10000.0,10,0.7,1,4,1,1,1,0,1,1,0,1,0,1,0,alto
5,10000.0,9,0.8888888888888888,1,2,1,0,0,0,1,0,0,1,0,0,0,medio_alto
4,10000.0,2,0.0,1,2,1,0,0,0,1,1,0,0,0,0,0,baixo
1,0.0,0,0.0,9,3,1,0,0,0,1,0,0,1,0,0,0,medio_alto
9,10000.0,126,0.6984126984126984,2,5,1,0,0,0,1,1,1,1,0,0,0,alto
4,35000.0,1,1.0,29,1,1,0,0,0,0,1,0,0,0,0,0,baixo
1,10000.0,0,0.0,7,1,1,0,0,0,1,0,0,0,0,0,0,baixo
7,35000.0,22,0.9545454545454546,1,1,1,0,0,0,1,0,0,0,0,0,0,baixo
5,35000.0,223,0.8116591928251121,6,0,1,0,0,1,0,0,0,0,0,0,0,baixo
2,10000.0,31,0.9354838709677419,2,3,1,0,0,0,0,0,1,1,1,0,0,alto
6,10000.0,54,0.7962962962962963,1,5,1,1,0,0,1,0,0,1,0,1,1,medio_baixo
5,10000.0,4,1.0,1,3,1,1,0,0,1,0,0,1,0,0,1,medio_baixo
3,10000.0,13,0.8461538461538461,1,2,1,1,1,0,1,0,0,0,1,0,0,medio_baixo
1,0.0,0,0.0,1,4,1,0,0,0,1,0,0,1,0,1,0,gratuito
4,10000.0,8,0.875,1,1,1,0,0,0,1,0,0,0,0,0,0,alto
6,10000.0,30,0.7,11,4,1,0,0,0,0,1,0,0,0,0,1,baixo
4,350000.0,5822,0.9032978357952594,3,3,1,0,0,14,0,1,0,1,0,0,0,alto
1,10000.0,0,0.0,5,4,1,0,0,0,1,1,0,0,1,1,0,alto
2,10000.0,1,1.0,1,2,1,0,0,0,1,0,0,0,0,0,1,alto
2,10000.0,3,0.6666666666666666,1,3,1,0,0,0,1,0,0,1,0,0,0,gratuito
5,10000.0,84,0.7261904761904762,1,4,1,0,0,0,0,1,0,0,1,1,0,gratuito
1,0.0,0,0.0,103,1,1,0,1,0,0,1,0,0,0,0,0,medio_baixo
5,35000.0,21,0.7619047619047619,1,3,1,0,0,0,1,0,1,1,0,0,0,baixo
2,10000.0,17,1.0,1,2,1,0,0,0,1,0,0,1,0,0,0,medio_alto
2,10000.0,4,1.0,1,1,1,1,1,0,0,0,0,1,0,0,0,medio_alto
2,10000.0,1,1.0,1,1,1,0,0,0,0,0,1,0,0,0,0,medio_baixo
9,10000.0,45,0.8222222222222222,6,2,1,0,0,1,1,1,0,0,0,0,0,medio_alto
5,10000.0,6,1.0,1,3,1,0,0,0,1,0,0,1,0,1,0,baixo
1,10000.0,0,0.0,27,2,1,1,1,0,1,0,0,0,0,0,1,baixo
1,10000.0,0,0.0,1,4,1,1,0,0,1,0,0,0,0,1,1,alto
4,10000.0,4,0.75,1,5,1,0,0,0,1,1,0,1,0,0,1,baixo
7,10000.0,5,0.4,2,2,1,0,0,0,1,1,0,0,0,0,0,medio_alto
8,10000.0,5,0.8,1,4,1,0,0,0,1,0,1,1,1,0,0,medio_baixo
6,35000.0,16,0.625,13,3,1,0,0,0,1,1,0,1,0,0,0,baixo
11,10000.0,14,0.8571428571428571,1,2,1,0,0,0,1,1,0,0,0,0,0,medio_baixo
2,0.0,0,0.0,0,0,1,0,0,0,0,0,0,0,0,0,0,gratuito
1,10000.0,0,0.0,1,2,1,0,0,0,0,0,1,0,1,0,0,medio_baixo
2,35000.0,200,0.71,8,3,1,1,1,2,1,0,1,1,0,0,0,medio_alto
6,10000.0,6,0.5,1,1,1,1,1,0,0,1,0,0,0,0,0,medio_alto
8,10000.0,19,0.47368421052631576,1,4,1,0,0,0,1,0,0,1,0,0,1,gratuito
3,10000.0,42,0.9285714285714286,2,5,1,0,0,1,1,0,1,1,0,0,1,medio_alto
16,10000.0,18460,0.8518959913326111,11,2,1,0,0,0,0,1,1,0,0,0,0,medio_alto
7,10000.0,9,0.8888888888888888,1,3,1,0,0,0,1,1,0,1,0,0,0,baixo
4,10000.0,12,0.8333333333333334,15,1,1,0,0,0,0,0,0,1,0,0,0,baixo
4,10000.0,36,0.4444444444444444,1,1,1,0,0,0,1,0,0,0,0,0,0,medio_baixo
9,750000.0,19621,0.8359410835329494,23,3,1,0,0,1,1,0,1,0,0,1,0,medio_alto
3,0.0,0,0.0,1,4,1,0,0,0,1,1,0,0,0,0,0,gratuito
8,10000.0,23,0.782608695652174,1,2,1,0,0,0,1,0,0,1,0,0,0,baixo
1,0.0,0,0.0,1,3,1,0,0,0,0,1,0,1,0,0,0,gratuito
9,10000.0,10,0.7,3,2,1,0,0,0,0,0,1,1,0,0,0,medio_alto
9,10000.0,26,0.8461538461538461,1,4,1,0,0,0,1,0,0,1,1,0,1,baixo
7,35000.0,198,0.898989898989899,1,5,1,0,0,0,1,1,1,0,0,0,1,gratuito
3,0.0,0,0.0,0,0,1,0,0,0,0,0,0,0,0,0,0,gratuito
3,35000.0,7,0.8571428571428571,1,2,1,0,0,0,0,0,0,1,0,0,0,gratuito
3,10000.0,29,0.9655172413793104,1,2,1,0,0,0,0,0,0,0,1,1,0,medio_alto
2,0.0,0,0.0,1,2,1,0,0,0,1,0,0,0,0,0,0,gratuito
2,10000.0,83,0.9397590361445783,11,6,1,0,0,0,1,1,0,1,0,0,1,medio_baixo
7,10000.0,60,0.8833333333333333,4,2,1,1,0,0,0,0,0,1,0,1,0,baixo
9,150000.0,2730,0.7919413919413919,3,3,1,0,0,1,0,0,1,0,1,1,0,alto
2,10000.0,9,1.0,1,2,1,0,0,0,0,0,0,0,0,0,0,gratuito
1,10000.0,0,0.0,3,4,1,0,0,0,1,1,1,0,1,0,0,medio_alto
5,150000.0,2,0.5,1,6,1,0,0,0,1,0,1,1,0,0,1,alto
2,0.0,0,0.0,7,5,1,0,0,0,1,0,0,1,1,1,0,gratuito
3,10000.0,33,0.5151515151515151,1,1,1,0,0,0,0,0,0,0,0,0,1,baixo
2,10000.0,25,1.0,3,3,1,0,0,0,1,0,1,0,0,0,1,alto
5,10000.0,55,0.7272727272727273,12,2,1,0,1,1,0,1,1,0,0,0,0,alto
3,35000.0,215,0.8372093023255814,3,5,1,0,0,0,1,0,1,1,1,1,0,medio_alto
7,35000.0,8,0.375,1,3,1,0,1,0,1,1,0,1,0,0,0,baixo
5,10000.0,2,1.0,1,2,1,0,0,0,0,1,0,0,0,1,0,medio_alto
4,10000.0,46,0.8043478260869565,1,2,1,0,0,0,0,0,0,0,1,1,0,medio_alto
2,0.0,0,0.0,8,3,1,0,0,0,1,0,0,1,0,1,0,gratuito
2,10000.0,2,1.0,1,5,1,0,0,0,1,1,1,1,0,1,0,baixo
7,10000.0,46,0.8913043478260869,1,1,1,1,1,0,0,0,1,0,0,0,0,alto
6,75000.0,3,0.6666666666666666,1,2,1,0,0,0,1,0,0,1,0,0,0,baixo
5,10000.0,0,0.0,3,2,1,0,0,5,1,0,0,1,0,0,0,baixo
1,10000.0,0,0.0,1,1,1,0,0,0,1,0,0,0,0,0,0,medio_baixo
1,10000.0,7,1.0,2,2,1,0,0,0,1,0,1,0,0,0,0,medio_alto
1,10000.0,0,0.0,1,1,1,0,0,0,0,0,0,1,0,0,0,medio_alto
2,10000.0,0,0.0,1,4,1,0,0,0,1,0,0,1,0,1,1,medio_baixo
2,0.0,0,0.0,1,3,1,0,0,0,0,1,1,0,0,0,0,gratuito
4,10000.0,19,0.8421052631578947,5,3,1,0,0,0,1,1,1,0,0,0,0,medio_baixo
7,10000.0,26,0.38461538461538464,11,4,1,0,0,0,1,0,0,0,0,1,1,alto
1,10000.0,0,0.0,8,3,1,0,0,0,1,1,0,0,0,0,0,medio_alto
5,10000.0,1,1.0,1,3,1,0,0,0,0,0,1,0,1,1,0,medio_baixo
2,35000.0,1,1.0,1,3,1,1,0,0,1,0,0,1,0,1,0,medio_alto
10,10000.0,11,0.5454545454545454,1,3,1,1,0,0,0,1,0,0,0,0,1,alto
9,10000.0,88,0.6931818181818182,1,3,1,0,0,0,1,0,1,1,0,0,0,medio_baixo
2,35000.0,49,0.6938775510204082,1,3,1,0,0,0,1,0,1,0,0,0,0,gratuito
2,10000.0,48,1.0,1,1,1,0,0,0,0,0,1,0,0,0,0,medio_baixo
9,10000.0,15,0.6,1,2,1,0,0,0,1,1,0,0,0,0,0,baixo
6,10000.0,13,0.46153846153846156,1,5,1,0,0,0,1,0,0,1,0,0,1,medio_baixo
8,10000.0,5,0.8,1,2,1,0,0,0,1,0,0,1,0,0,0,baixo
1,10000.0,0,0.0,2,1,1,0,0,0,1,0,0,0,0,0,0,medio_baixo
2,75000.0,784,0.8826530612244898,5,4,1,0,0,0,1,0,0,0,1,1,0,alto
5,75000.0,65,0.9538461538461539,1,4,1,0,0,0,1,0,1,0,1,1,0,medio_alto
1,0.0,0,0.0,1,4,1,0,0,0,1,1,1,1,0,0,0,medio_alto
1,0.0,0,0.0,1,2,1,1,0,0,0,0,1,0,1,0,0,alto
11,10000.0,200,0.7,1,2,1,0,0,1,1,0,1,0,0,0,0,medio_alto
3,10000.0,24,0.4166666666666667,2,4,1,0,0,0,1,0,0,0,0,1,1,alto
1,10000.0,0,0.0,4,3,1,0,0,0,1,0,0,1,1,0,0,alto
2,10000.0,7,1.0,1,3,1,0,0,0,1,1,1,0,0,0,0,medio_baixo
4,10000.0,0,0.0,6,5,1,1,0,2,1,0,1,1,1,0,1,alto
4,10000.0,31,0.7741935483870968,12,2,1,0,0,0,0,1,1,0,0,0,0,alto
2,10000.0,1,1.0,1,2,1,0,0,0,1,1,0,0,0,0,0,medio_alto
1,10000.0,0,0.0,1,3,1,0,0,0,1,0,0,0,0,1,1,alto
2,0.0,0,0.0,1,5,1,0,0,0,1,0,0,1,1,0,0,gratuito
8,10000.0,2,0.5,1,2,1,0,0,0,0,0,1,1,0,0,0,medio_alto
3,75000.0,416,0.8918269230769231,2,3,1,0,0,0,1,0,1,0,1,0,0,medio_alto
12,150000.0,1819,0.7570093457943925,1,2,1,0,0,0,0,0,0,0,0,1,1,medio_baixo
1,0.0,0,0.0,2,2,1,0,0,0,0,0,1,0,0,0,0,gratuito
4,35000.0,277,0.9133574007220217,5,2,1,1,0,0,1,0,1,0,0,0,0,medio_baixo
7,10000.0,13,0.5384615384615384,2,2,1,0,0,0,1,0,1,0,0,0,0,medio_baixo
1,10000.0,912,0.9616228070175439,30,7,1,0,0,0,1,1,1,1,0,0,1,alto
1,0.0,0,0.0,1,3,1,0,0,0,1,1,0,1,0,0,0,alto
9,35000.0,459,0.41612200435729846,1,4,1,0,0,1,1,1,1,1,0,0,0,baixo
4,10000.0,0,0.0,1,1,1,0,0,0,0,0,1,0,0,0,0,alto
1,10000.0,11,1.0,1,1,1,0,0,0,0,1,0,0,0,0,0,medio_alto
6,10000.0,229,0.6812227074235808,2,1,1,0,0,0,0,0,1,0,0,0,0,alto
8,10000.0,21,0.8095238095238095,6,3,1,0,0,0,1,0,1,1,0,0,0,baixo
2,0.0,0,0.0,0,0,1,0,0,0,0,0,0,0,0,0,0,gratuito
20,75000.0,116,0.8103448275862069,1,1,1,0,0,0,0,0,0,1,0,0,0,baixo
3,10000.0,49,0.9591836734693877,6,4,1,0,0,1,1,1,0,1,0,1,0,baixo
2,350000.0,5810,0.9753872633390706,7,3,1,0,0,1,1,1,1,0,0,0,0,alto
2,0.0,0,0.0,0,0,1,0,0,0,0,0,0,0,0,0,0,gratuito
15,35000.0,253,0.9051383399209486,1,1,1,1,0,0,0,0,1,0,0,0,0,alto
5,10000.0,0,0.0,1,4,1,0,0,0,1,0,1,0,1,0,0,medio_baixo
1,10000.0,0,0.0,1,2,1,0,0,0,1,0,0,1,0,0,0,baixo
1,10000.0,0,0.0,18,7,1,0,1,0,1,0,1,1,1,1,1,alto
6,10000.0,4,0.25,3,1,1,0,0,0,0,0,0,1,0,0,0,medio_alto
8,35000.0,28,0.7142857142857143,1,4,1,0,0,0,1,1,0,1,0,0,0,gratuito
2,10000.0,5,0.6,1,4,1,0,0,0,0,1,1,0,1,0,1,baixo
4,350000.0,2238,0.7506702412868632,7,2,1,0,0,1,1,1,0,0,0,0,0,medio_baixo
4,35000.0,82,0.7439024390243902,3,3,1,0,0,0,1,0,1,0,1,0,0,medio_alto
5,75000.0,46,0.8478260869565217,7,3,1,0,0,0,1,0,0,1,0,1,0,medio_baixo
9,10000.0,24,0.25,2,5,1,0,0,0,1,0,1,1,0,0,1,medio_alto
3,35000.0,201,0.4527363184079602,8,4,1,0,0,0,1,0,1,1,1,0,0,medio_alto
2,0.0,0,0.0,10,5,1,1,0,0,1,0,1,0,1,0,0,gratuito
1,0.0,0,0.0,0,0,1,0,0,0,0,0,0,0,0,0,0,gratuito
1,10000.0,0,0.0,2,1,1,0,0,0,1,0,0,0,0,0,0,baixo
2,10000.0,0,0.0,1,3,1,0,0,0,1,0,0,1,0,0,1,baixo
1,150000.0,1100,0.7181818181818181,1,2,1,0,0,0,0,0,0,1,0,0,1,medio_alto
1,10000.0,0,0.0,1,3,1,1,0,0,1,1,1,0,0,0,0,medio_alto
1,10000.0,0,0.0,2,1,1,0,0,0,0,0,0,1,0,0,0,alto
6,10000.0,18,0.7222222222222222,1,4,1,0,0,0,0,0,1,1,1,1,0,baixo
4,10000.0,35,0.8285714285714286,1,2,1,0,0,0,1,0,0,1,0,0,0,baixo
9,350000.0,2012,0.8414512922465208,5,2,1,1,0,0,0,0,0,0,0,1,1,alto
4,10000.0,0,0.0,1,1,1,0,0,0,0,0,0,0,0,0,1,medio_alto
2,10000.0,2,1.0,2,3,1,0,0,0,1,1,1,0,0,0,0,medio_baixo
4,10000.0,14,0.35714285714285715,1,4,1,0,0,0,1,1,1,1,0,0,0,baixo
4,35000.0,11,0.7272727272727273,1,3,1,0,0,0,1,0,1,1,0,0,0,baixo
1,10000.0,1,1.0,1,4,1,0,0,0,1,1,1,0,1,0,0,medio_alto
1,10000.0,0,0.0,2,4,1,0,0,0,1,1,1,1,0,0,0,medio_alto
4,10000.0,3,1.0,1,2,1,0,0,0,0,0,1,1,0,0,0,medio_alto
2,10000.0,157,0.7707006369426752,11,1,1,0,0,0,1,0,0,0,0,0,0,baixo
11,35000.0,91,0.4945054945054945,1,1,1,0,0,0,0,0,0,0,0,1,0,medio_alto
5,0.0,0,0.0,1,5,1,0,0,0,0,1,1,1,1,0,0,gratuito
11,35000.0,61,0.4918032786885246,3,1,1,1,0,0,0,0,0,1,0,0,0,gratuito
6,10000.0,11,0.9090909090909091,1,2,1,0,0,0,0,1,1,0,0,0,0,gratuito
7,10000.0,37,0.6486486486486487,1,2,1,0,0,0,1,0,1,0,0,0,0,baixo
6,10000.0,13,0.5384615384615384,1,5,1,0,0,0,1,1,1,1,0,0,1,baixo
8,10000.0,5,0.6,1,4,1,0,0,0,0,0,0,0,0,0,0,alto
5,10000.0,308,0.8636363636363636,10,3,1,0,0,1,1,1,1,0,0,0,0,medio_baixo
12,750000.0,6623,0.8997433187377322,16,3,1,0,1,1,1,1,1,0,0,0,0,medio_baixo
5,35000.0,297,0.8383838383838383,9,3,1,1,1,1,0,0,0,1,0,1,1,medio_baixo
2,10000.0,0,0.0,1,3,1,1,1,0,0,0,1,1,0,0,1,medio_baixo
7,75000.0,43,0.46511627906976744,1,7,1,0,0,0,1,1,1,0,1,1,0,gratuito
1,0.0,0,0.0,0,0,1,0,0,0,0,0,0,0,0,0,0,gratuito
1,10000.0,0,0.0,1,2,1,0,0,0,1,0,0,1,0,0,0,alto
3,10000.0,3,1.0,1,3,1,0,0,0,1,1,0,1,0,0,0,alto
4,10000.0,3,0.6666666666666666,1,4,1,1,1,0,1,1,1,0,0,0,0,alto
2,0.0,0,0.0,1,3,1,0,0,1,1,0,0,1,0,0,0,gratuito
2,10000.0,43,0.8372093023255814,1,4,1,1,0,0,1,0,1,0,1,1,0,gratuito
1,0.0,0,0.0,0,0,1,0,0,0,0,0,0,0,0,0,0,gratuito
6,10000.0,2,0.5,2,3,1,0,0,0,1,0,1,0,1,0,0,medio_baixo
3,10000.0,4,0.75,1,2,1,0,0,0,0,0,0,1,0,0,1,baixo
9,35000.0,50,0.84,1,3,1,1,1,0,1,1,0,1,0,0,0,baixo
6,10000.0,8,0.5,16,3,1,0,0,0,1,1,1,0,0,0,0,medio_alto
1,10000.0,10,1.0,1,4,1,0,0,0,1,0,1,0,1,0,0,alto
6,1500000.0,26052,0.8339858744050361,11,1,1,0,0,5,0,0,0,0,1,0,0,alto
4,10000.0,22,0.9545454545454546,10,1,1,0,0,0,0,0,0,1,0,0,0,baixo
1,10000.0,20,0.9,2,1,1,0,0,0,1,0,0,0,0,0,0,medio_alto
2,10000.0,45,0.8666666666666667,4,3,1,0,0,0,1,0,0,0,0,1,1,medio_baixo
4,10000.0,3,1.0,1,5,1,0,0,0,1,1,1,1,0,0,0,baixo
1,10000.0,0,0.0,1,2,1,0,0,0,1,1,0,0,0,0,0,medio_baixo
4,10000.0,33,0.9090909090909091,1,3,1,1,1,0,1,0,0,1,0,1,0,baixo
3,35000.0,406,0.874384236453202,3,2,1,0,1,1,1,1,0,0,0,0,0,baixo
1,350000.0,4632,0.7417962003454232,3,4,1,0,0,1,1,1,1,0,1,0,0,alto
3,10000.0,78,0.9487179487179487,1,2,1,0,0,0,1,0,0,1,0,0,0,baixo
4,0.0,0,0.0,1,2,1,0,0,0,0,1,0,0,0,0,0,gratuito
2,10000.0,491,0.5865580448065173,11,3,1,0,0,5,0,0,1,0,1,1,0,alto
10,75000.0,142,0.8169014084507042,10,2,1,1,0,0,1,1,0,0,0,0,0,gratuito
6,10000.0,18,0.8888888888888888,1,2,1,0,0,0,0,0,0,0,0,0,1,alto
7,10000.0,4,0.75,1,1,1,0,0,0,0,1,0,0,0,0,0,baixo
10,10000.0,47,0.5319148936170213,1,4,1,0,0,0,1,0,0,1,0,0,1,gratuito
8,10000.0,69,0.855072463768116,10,2,1,0,0,0,1,1,0,0,0,0,0,gratuito
4,10000.0,1,0.0,1,1,1,0,0,0,0,1,0,0,0,0,0,medio_alto
2,10000.0,98,0.8673469387755102,2,2,1,0,0,1,1,1,0,0,0,0,0,medio_alto
7,10000.0,92,0.8478260869565217,10,2,1,0,0,0,1,1,0,0,0,0,0,medio_baixo
3,75000.0,2801,0.5287397358086398,14,2,1,0,0,6,0,1,0,0,0,1,0,medio_alto
3,10000.0,0,0.0,19,2,1,0,0,0,1,0,1,0,0,0,0,baixo
5,10000.0,39,0.9487179487179487,1,1,1,1,0,0,0,0,1,0,0,0,0,medio_alto
2,0.0,0,0.0,1,2,1,0,0,0,0,0,0,0,1,0,0,gratuito
1,10000.0,3,1.0,3,3,1,0,0,0,1,1,1,0,0,0,0,medio_alto
3,75000.0,1184,0.9484797297297297,18,3,1,1,0,1,1,0,0,1,0,0,1,alto
5,10000.0,121,0.8429752066115702,10,2,1,0,0,0,1,0,1,0,0,0,0,baixo
7,150000.0,3338,0.9014379868184542,9,5,1,1,0,0,1,0,1,1,0,0,1,gratuito
1,0.0,0,0.0,0,0,1,0,0,0,0,0,0,0,0,0,0,gratuito
2,10000.0,22,0.7272727272727273,2,2,1,0,0,0,1,0,0,0,0,1,0,gratuito
10,150000.0,2603,0.8428736073761045,12,2,1,1,1,2,1,0,1,0,0,0,0,medio_baixo
4,75000.0,19,0.631578947368421,1,4,1,0,0,0,1,0,0,1,0,1,0,gratuito
4,0.0,0,0.0,0,0,1,0,0,0,0,0,0,0,0,0,0,gratuito
5,10000.0,1,1.0,1,3,1,0,0,0,0,0,0,0,0,0,0,medio_alto
3,0.0,0,0.0,1,2,1,1,0,0,0,0,0,1,0,0,0,gratuito
9,10000.0,13,0.5384615384615384,1,2,1,0,0,0,1,0,0,0,1,0,0,medio_alto
3,75000.0,396,0.9621212121212122,3,4,1,0,0,0,1,1,0,1,1,0,0,baixo
6,10000.0,38,0.7368421052631579,2,4,1,0,0,0,1,1,1,0,1,0,0,alto
2,750000.0,6292,0.7773363000635728,24,4,1,1,1,1,1,0,0,1,1,0,0,gratuito
3,150000.0,4129,0.9186243642528458,10,3,1,0,0,2,1,0,0,1,0,1,0,alto
8,10000.0,29,0.4482758620689655,1,3,1,0,0,0,1,1,0,1,0,0,0,baixo
10,10000.0,16,0.9375,1,2,1,0,0,0,0,0,1,1,0,0,0,medio_alto
7,10000.0,33,0.6363636363636364,3,1,1,0,0,0,0,0,0,0,0,0,1,alto
6,35000.0,3,0.3333333333333333,2,3,1,0,0,0,1,0,0,0,1,1,0,medio_baixo
11,35000.0,383,0.7911227154046997,1,2,1,1,0,1,1,1,0,0,0,0,0,baixo
1,0.0,0,0.0,2,3,1,0,0,0,1,0,0,1,0,0,1,medio_alto
4,10000.0,11,0.36363636363636365,1,2,1,0,0,0,1,1,0,0,0,0,0,medio_baixo
1,10000.0,0,0.0,2,3,1,0,0,0,1,1,0,0,0,0,1,alto
6,10000.0,0,0.0,1,4,1,0,0,0,1,1,1,0,1,0,0,alto
3,350000.0,365,0.7917808219178082,6,3,1,0,1,1,1,0,1,0,1,0,0,medio_alto
1,10000.0,0,0.0,13,1,1,0,0,0,0,0,0,0,0,0,1,alto
9,10000.0,77,0.5714285714285714,1,2,1,0,0,0,1,0,1,0,0,0,0,baixo
2,10000.0,0,0.0,1,2,1,0,0,0,1,0,1,0,0,0,0,medio_alto
3,150000.0,1574,0.6842439644218552,1,4,1,0,0,0,1,1,1,1,0,0,0,medio_baixo
1,0.0,0,0.0,0,0,1,0,0,0,0,0,0,0,0,0,0,gratuito
5,10000.0,9,1.0,1,1,1,0,0,0,0,1,0,0,0,0,0,medio_alto
3,10000.0,65,0.6615384615384615,1,6,1,1,1,0,1,0,1,1,1,1,1,baixo
11,10000.0,18,0.6666666666666666,1,2,1,0,0,0,1,1,0,0,0,0,0,baixo
9,10000.0,25,0.48,1,1,1,0,0,0,0,0,0,0,0,0,0,alto
2,10000.0,10,1.0,1,3,1,1,1,0,1,0,0,1,0,0,1,alto
12,75000.0,151,0.7880794701986755,8,2,1,1,0,0,0,0,1,1,0,0,0,baixo
7,10000.0,51,0.6078431372549019,1,4,1,0,0,0,1,1,1,0,0,0,1,baixo
1,0.0,0,0.0,0,0,1,0,0,0,0,0,0,0,0,0,0,gratuito
2,75000.0,335,0.8776119402985074,10,3,1,0,0,1,0,0,1,1,0,1,0,medio_alto
1,10000.0,0,0.0,1,6,1,0,0,0,1,1,1,1,0,1,1,baixo
7,75000.0,606,0.7541254125412541,9,3,1,0,0,0,1,0,0,0,0,1,1,alto
12,75000.0,6441,0.7696009936345288,1,2,1,1,1,0,1,0,1,0,0,0,0,gratuito
8,150000.0,313,0.7795527156549521,5,2,1,0,0,1,0,0,0,0,0,1,1,medio_baixo
4,10000.0,9,0.7777777777777778,1,4,1,0,0,0,1,1,1,1,0,0,0,medio_baixo
2,10000.0,0,0.0,1,4,1,0,0,0,1,0,1,1,1,0,0,alto
1,10000.0,23,0.8695652173913043,1,6,1,0,0,0,1,0,1,0,1,0,0,gratuito
3,10000.0,16,0.75,9,2,1,0,0,0,0,0,0,0,0,1,1,medio_baixo
3,10000.0,0,0.0,1,4,1,0,0,0,1,1,0,1,0,1,0,medio_alto
2,10000.0,2,0.5,1,5,1,0,0,0,1,1,1,0,1,1,0,medio_alto
1,0.0,0,0.0,1,1,1,0,0,0,0,0,0,1,0,0,0,baixo
2,10000.0,26,0.6923076923076923,9,3,1,0,0,1,1,1,1,0,0,0,0,baixo
4,10000.0,12,0.6666666666666666,2,4,1,0,0,0,1,1,1,0,1,0,0,alto
8,10000.0,17,0.47058823529411764,12,3,1,0,0,0,1,0,1,0,0,0,1,medio_baixo
8,35000.0,6,0.6666666666666666,1,2,1,1,1,0,0,0,0,1,0,0,1,medio_baixo
1,0.0,0,0.0,1,3,1,0,0,0,1,1,0,1,0,0,0,baixo
9,10000.0,7,0.8571428571428571,9,1,1,0,0,0,0,0,0,1,0,0,0,baixo
3,10000.0,5,0.8,1,3,1,0,0,0,1,0,1,1,0,0,0,medio_baixo
8,10000.0,20,0.8,1,4,1,0,0,0,0,1,1,0,1,1,0,gratuito
8,10000.0,8,0.125,1,2,1,0,0,0,0,0,0,0,0,1,0,alto
5,35000.0,22,0.8181818181818182,2,3,1,0,1,0,1,0,1,0,1,0,0,medio_alto
1,150000.0,4,1.0,1,2,1,0,0,0,1,0,0,0,0,1,0,medio_alto
4,10000.0,23,0.7391304347826086,10,3,1,0,0,0,1,1,0,1,0,0,0,baixo
6,10000.0,0,0.0,1,3,1,0,0,0,1,0,1,1,0,0,0,medio_baixo
5,10000.0,2,1.0,2,4,1,0,0,0,1,0,1,0,0,1,0,medio_alto
7,10000.0,5,0.6,2,2,1,0,0,1,1,0,0,1,0,0,0,medio_alto
5,10000.0,19,0.8947368421052632,1,3,1,0,0,0,1,0,0,1,0,0,0,baixo
2,10000.0,0,0.0,6,3,1,1,1,1,1,0,1,1,0,0,0,alto
4,35000.0,795,0.8503144654088051,5,2,1,0,0,0,1,0,1,0,0,0,0,alto
1,0.0,0,0.0,3,5,1,0,0,0,1,1,1,0,1,0,0,alto
4,10000.0,20,0.65,3,5,1,0,0,0,1,1,1,1,0,1,0,medio_baixo
7,10000.0,5,0.4,2,3,1,0,0,1,1,0,1,1,0,0,0,baixo
8,75000.0,178,0.4101123595505618,6,5,1,0,0,0,1,1,0,0,0,1,1,alto
1,0.0,0,0.0,0,0,1,0,0,0,0,0,0,0,0,0,0,gratuito
1,10000.0,2,0.5,10,2,1,0,0,0,0,0,0,0,0,1,0,alto
5,10000.0,6,1.0,1,2,1,1,0,0,1,0,0,0,0,0,0,alto
3,10000.0,0,0.0,15,3,1,0,0,0,1,0,1,1,0,0,0,baixo
4,10000.0,595,0.9445378151260504,3,1,1,0,0,0,0,0,0,1,0,0,0,medio_alto
1,10000.0,0,0.0,2,5,1,1,0,0,1,1,0,1,0,0,1,medio_baixo
3,10000.0,7,0.42857142857142855,1,4,1,0,0,0,1,0,1,0,1,1,0,medio_baixo
5,10000.0,4,1.0,1,2,1,1,0,0,1,0,0,1,0,0,0,medio_baixo
1,10000.0,0,0.0,3,2,1,0,0,0,0,0,0,0,1,0,0,gratuito
2,0.0,0,0.0,0,0,1,0,0,0,0,0,0,0,0,0,0,gratuito
2,10000.0,3,0.6666666666666666,1,3,1,0,1,0,1,0,1,1,0,0,0,baixo
4,0.0,0,0.0,1,1,1,0,0,0,0,0,0,0,0,1,0,gratuito
4,10000.0,40,0.85,1,3,1,0,0,0,1,1,0,1,0,0,0,medio_baixo
1,10000.0,2,1.0,1,4,1,0,0,0,1,1,0,1,0,1,0,medio_baixo
11,3500000.0,13391,0.826002539018744,8,2,1,1,1,3,0,1,1,0,0,0,0,medio_alto
9,35000.0,16,0.6875,2,3,1,1,1,0,1,1,0,1,0,0,0,baixo
8,10000.0,7,0.8571428571428571,1,1,1,0,0,0,0,0,0,1,0,0,0,baixo
5,1500000.0,20393,0.8721129799440984,6,3,1,1,0,6,0,0,1,0,1,1,0,alto
1,0.0,0,0.0,4,3,1,0,0,0,0,1,0,1,0,1,0,baixo
4,10000.0,14,0.8571428571428571,2,4,1,0,0,0,1,1,1,0,1,0,0,medio_baixo
3,10000.0,5,0.4,1,3,1,0,0,0,1,0,0,1,0,0,1,medio_baixo
3,350000.0,4,0.5,1,1,1,0,0,0,0,0,1,0,0,0,0,baixo
4,0.0,0,0.0,0,0,1,0,0,0,0,0,0,0,0,0,0,gratuito
1,10000.0,0,0.0,11,2,1,0,0,1,1,0,1,0,0,0,0,alto
5,10000.0,1,1.0,1,1,1,0,0,0,0,0,0,0,1,0,0,alto
2,0.0,0,0.0,1,2,1,1,1,0,1,0,0,1,0,0,0,gratuito
1,10000.0,0,0.0,1,4,1,1,0,0,1,0,1,1,0,0,1,medio_baixo
6,10000.0,6,0.3333333333333333,2,2,1,0,0,0,1,1,0,0,0,0,0,alto
2,10000.0,11,0.9090909090909091,1,2,1,0,0,0,1,0,0,1,0,0,0,medio_alto
2,10000.0,7,0.8571428571428571,9,4,1,0,0,0,1,1,1,1,0,0,0,medio_baixo
2,0.0,0,0.0,0,0,1,0,0,0,0,0,0,0,0,0,0,gratuito
10,35000.0,255,0.9372549019607843,1,2,1,1,1,0,1,0,0,1,0,0,0,medio_alto
9,10000.0,18,0.6666666666666666,1,3,1,1,1,0,1,0,1,1,0,0,0,medio_baixo
2,10000.0,18,1.0,1,2,1,0,0,0,1,1,0,0,0,0,0,medio_baixo
2,10000.0,10,1.0,1,2,1,0,0,0,1,0,0,1,0,0,0,medio_baixo
5,10000.0,113,0.8407079646017699,6,1,1,0,0,0,0,0,1,0,0,0,0,alto
5,35000.0,890,0.8775280898876404,13,2,1,1,0,1,0,0,1,0,0,0,1,medio_baixo
2,10000.0,2,1.0,1,3,1,1,0,0,1,1,0,1,0,0,0,medio_alto
1,10000.0,15,0.5333333333333333,1,1,1,0,0,0,0,0,0,1,0,0,0,baixo
11,10000.0,74,0.8648648648648649,1,4,1,0,0,0,1,1,0,1,0,1,0,medio_baixo
2,10000.0,0,0.0,1,2,1,0,0,0,1,1,0,0,0,0,0,gratuito
11,75000.0,231,0.6103896103896104,1,3,1,0,1,1,1,1,1,0,0,0,0,alto
5,10000.0,48,0.7083333333333334,1,5,1,0,0,0,1,1,0,0,1,1,0,alto
4,10000.0,7,0.5714285714285714,2,4,1,0,0,0,1,1,1,0,0,0,1,alto
6,10000.0,50,0.84,1,5,1,0,0,0,0,1,1,0,1,0,1,gratuito
11,150000.0,414,0.7294685990338164,8,1,1,1,1,3,0,0,0,0,0,1,0,medio_baixo
6,10000.0,3,1.0,1,4,1,0,0,0,1,1,1,1,0,0,0,medio_baixo
7,10000.0,5,1.0,1,3,1,1,1,0,1,0,1,0,1,0,0,medio_baixo
4,0.0,0,0.0,2,3,1,0,0,0,1,0,0,1,0,0,0,gratuito
9,10000.0,20,0.35,1,4,1,0,0,0,1,0,1,0,1,0,0,alto
3,0.0,0,0.0,1,4,1,0,0,0,1,0,1,0,1,0,0,gratuito
8,10000.0,10,0.5,1,3,1,0,0,0,1,1,1,0,0,0,0,baixo
5,10000.0,1,1.0,10,2,1,0,0,0,1,1,0,0,0,0,0,alto
7,10000.0,5,0.6,1,3,1,0,1,0,1,1,1,0,0,0,0,medio_baixo
2,10000.0,98,0.9897959183673469,5,3,1,0,0,0,1,1,0,1,0,0,0,baixo
1,10000.0,3,0.3333333333333333,3,2,1,0,0,1,1,0,0,1,0,0,0,baixo
2,35000.0,571,0.9264448336252189,7,3,1,0,0,1,1,0,1,0,1,0,0,alto
7,10000.0,0,0.0,1,3,1,0,0,0,1,0,1,1,0,0,0,baixo
3,10000.0,0,0.0,1,3,1,0,0,0,1,0,1,0,1,0,0,alto
1,10000.0,0,0.0,1,7,1,0,0,0,1,1,1,1,1,0,1,baixo
1,10000.0,0,0.0,10,2,1,0,0,0,1,0,0,1,0,0,0,baixo
4,10000.0,0,0.0,1,2,1,1,0,1,1,0,1,0,0,0,0,baixo
4,750000.0,5833,0.8829075947196983,8,2,1,0,0,2,0,0,0,0,1,1,0,alto
2,10000.0,5,0.6,2,2,1,0,0,0,1,0,0,1,0,0,0,baixo
1,35000.0,108,0.7870370370370371,4,4,1,0,0,0,1,0,1,0,1,0,1,alto
6,10000.0,177,0.7796610169491526,1,1,1,0,0,1,0,1,0,0,0,0,0,alto
10,35000.0,98,0.8061224489795918,1,2,1,0,0,0,1,0,1,0,0,0,0,gratuito
1,0.0,0,0.0,0,0,1,0,0,0,0,0,0,0,0,0,0,gratuito
2,0.0,0,0.0,0,0,1,0,0,0,0,0,0,0,0,0,0,gratuito
1,10000.0,0,0.0,2,4,1,0,0,0,1,1,0,1,0,1,0,medio_alto
5,3500000.0,38496,0.8391261429758936,8,5,1,1,0,14,1,1,1,0,1,1,0,medio_alto
9,35000.0,36,0.4722222222222222,1,5,1,0,0,0,1,0,0,1,0,0,1,medio_baixo
1,0.0,0,0.0,0,0,1,0,0,0,0,0,0,0,0,0,0,gratuito
1,10000.0,0,0.0,1,5,1,0,0,0,1,1,1,1,0,0,1,medio_baixo
4,0.0,0,0.0,0,0,1,0,0,0,0,0,0,0,0,0,0,gratuito
4,10000.0,35,0.6571428571428571,1,3,1,0,0,0,1,0,0,0,0,1,1,baixo
3,0.0,0,0.0,2,3,1,0,0,0,0,0,1,1,0,0,0,gratuito
2,10000.0,6,0.8333333333333334,1,6,1,0,0,0,1,1,1,1,0,1,1,alto
2,10000.0,0,0.0,1,3,1,1,1,0,1,0,1,1,0,0,0,medio_baixo
2,10000.0,12,0.8333333333333334,2,3,1,0,0,0,1,0,1,1,0,0,0,alto
1,0.0,0,0.0,1,1,1,0,0,0,0,0,0,0,1,0,0,alto
1,10000.0,0,0.0,1,3,1,0,0,1,1,1,0,1,0,0,0,medio_alto
2,10000.0,5,1.0,7,5,1,0,0,0,1,0,1,1,0,1,0,medio_baixo
3,0.0,0,0.0,0,0,1,0,0,0,0,0,0,0,0,0,0,gratuito
11,10000.0,15,0.9333333333333333,1,1,1,0,0,0,0,0,0,0,1,0,0,alto
3,10000.0,2,1.0,1,4,1,1,1,1,1,0,1,1,0,1,0,alto
1,0.0,0,0.0,0,0,1,0,0,0,0,0,0,0,0,0,0,gratuito
4,10000.0,0,0.0,1,5,1,0,0,0,1,1,1,1,0,1,0,medio_alto
3,10000.0,3,1.0,1,3,1,0,0,0,1,1,1,0,0,0,0,alto
11,35000.0,382,0.6518324607329843,13,2,1,1,0,0,1,0,1,0,0,0,0,baixo
2,10000.0,0,0.0,2,1,1,0,0,0,0,0,0,1,0,0,0,medio_baixo
1,10000.0,0,0.0,12,7,1,0,0,0,1,1,1,1,0,0,1,medio_alto
1,0.0,0,0.0,1,3,1,0,0,0,1,0,0,1,0,0,1,medio_baixo
6,35000.0,15,1.0,3,2,1,0,0,0,1,0,0,1,0,0,0,baixo
2,10000.0,108,0.7777777777777778,5,5,1,0,0,0,1,1,1,1,0,0,1,medio_alto
3,0.0,0,0.0,0,0,1,0,0,0,0,0,0,0,0,0,0,gratuito
1,10000.0,0,0.0,1,4,1,0,0,0,1,1,0,1,0,1,0,alto
1,10000.0,0,0.0,8,3,1,0,0,0,1,0,0,0,0,0,1,alto
6,10000.0,60,0.31666666666666665,10,2,1,0,0,0,1,1,0,0,0,0,0,medio_baixo
5,0.0,0,0.0,8,3,1,0,0,0,1,0,0,0,0,0,0,gratuito
2,0.0,0,0.0,0,0,1,0,0,0,0,0,0,0,0,0,0,gratuito
6,35000.0,37,0.7567567567567568,2,4,1,0,1,0,1,0,1,1,0,0,1,baixo
10,10000.0,28,0.8928571428571429,1,1,1,1,0,0,0,0,0,0,0,0,0,alto
2,10000.0,2,1.0,1,2,1,0,0,0,1,1,0,0,0,0,0,medio_alto
6,10000.0,3,1.0,2,3,1,1,1,0,1,1,1,0,0,0,0,baixo
3,10000.0,0,0.0,1,3,1,1,1,0,1,0,1,1,0,0,0,baixo
9,10000.0,149,0.5436241610738255,1,3,1,0,0,1,1,0,0,0,0,1,0,gratuito
4,10000.0,3,0.6666666666666666,2,1,1,0,0,0,0,1,0,0,0,0,0,medio_baixo
1,10000.0,0,0.0,2,2,1,0,0,0,1,0,0,1,0,0,0,medio_alto
1,0.0,0,0.0,1,3,1,0,0,0,1,0,1,1,0,0,0,medio_baixo
2,10000.0,10,1.0,5,2,1,1,0,0,1,0,0,0,0,1,0,medio_alto
1,0.0,0,0.0,2,3,1,0,0,0,1,1,0,1,0,0,0,medio_alto
4,10000.0,65,0.9538461538461539,2,4,1,0,0,1,1,1,0,1,0,0,0,medio_alto
4,10000.0,27,0.8888888888888888,1,3,1,0,0,0,1,0,1,1,0,0,0,alto
5,10000.0,210,0.9285714285714286,3,1,1,0,0,0,0,0,1,0,0,0,0,alto
7,10000.0,0,0.0,1,3,1,0,0,1,1,0,0,1,1,0,0,baixo
1,10000.0,40,0.925,7,4,1,0,0,0,1,1,0,1,0,0,0,medio_alto
1,10000.0,0,0.0,1,3,1,0,0,0,1,0,0,1,0,0,0,medio_baixo
3,10000.0,22,0.6818181818181818,1,3,1,1,1,0,1,0,1,1,0,0,0,gratuito
9,10000.0,3,0.6666666666666666,2,4,1,0,0,0,1,1,1,1,0,0,0,medio_baixo
2,0.0,0,0.0,1,5,1,1,0,0,0,1,0,0,0,1,0,gratuito
2,10000.0,7,1.0,4,3,1,0,0,0,1,0,1,1,0,0,0,baixo
1,0.0,0,0.0,0,0,1,0,0,0,0,0,0,0,0,0,0,gratuito
12,75000.0,368,0.4782608695652174,6,2,1,0,0,0,1,0,0,0,0,0,1,baixo
3,10000.0,673,0.7592867756315007,7,3,1,1,1,0,1,0,0,0,0,1,1,medio_alto
1,0.0,0,0.0,0,0,1,0,0,0,0,0,0,0,0,0,0,gratuito
9,10000.0,78,0.7564102564102564,1,6,1,1,0,0,1,0,1,1,0,1,1,medio_baixo
1,10000.0,0,0.0,1,2,1,0,0,1,0,0,1,1,0,0,0,alto
7,10000.0,7,0.7142857142857143,2,2,1,0,0,0,1,1,0,0,0,0,0,medio_alto
1,10000.0,0,0.0,5,1,1,0,0,0,1,0,0,0,0,0,0,baixo
5,0.0,0,0.0,1,3,1,0,0,0,0,0,0,0,0,1,0,gratuito
11,35000.0,138,0.7971014492753623,1,3,1,1,0,0,1,0,1,0,0,1,0,medio_baixo
1,0.0,0,0.0,7,5,1,1,1,0,1,0,1,0,0,1,1,gratuito
2,10000.0,4,0.25,1,3,1,0,0,0,0,1,1,0,0,0,1,baixo
10,10000.0,20,0.75,1,2,1,0,0,0,0,0,0,1,0,1,0,medio_baixo
2,0.0,0,0.0,0,0,1,0,0,0,0,0,0,0,0,0,0,gratuito
8,35000.0,138,0.5072463768115942,1,3,1,0,0,2,0,0,0,1,0,1,1,alto
7,10000.0,4,0.75,2,1,1,0,0,0,0,0,0,0,0,0,1,alto
4,10000.0,0,0.0,1,2,1,0,0,0,0,1,0,0,0,0,0,gratuito
7,10000.0,0,0.0,1,1,1,1,0,1,1,0,0,0,0,0,0,medio_alto
1,10000.0,1,1.0,4,6,1,0,0,0,1,0,0,1,1,1,1,medio_baixo
1,0.0,0,0.0,4,2,1,0,0,0,0,0,0,1,0,1,0,alto
2,10000.0,12,0.8333333333333334,3,2,1,0,0,0,1,0,0,0,0,1,0,baixo
5,10000.0,45,0.9333333333333333,2,2,1,0,0,0,0,1,0,0,0,0,0,alto
5,10000.0,0,0.0,1,2,1,0,0,0,1,1,0,0,0,0,0,medio_alto
5,10000.0,20,1.0,1,2,1,0,0,0,1,0,0,1,0,0,0,baixo
13,150000.0,3296,0.8992718446601942,1,2,1,1,1,2,1,1,0,0,0,0,0,alto
6,10000.0,3,0.3333333333333333,1,5,1,0,0,0,1,0,0,1,0,1,1,alto
18,150000.0,1716,0.8403263403263403,3,2,1,0,0,0,0,1,1,0,0,0,0,medio_baixo
1,10000.0,6,0.5,1,3,1,0,0,0,0,1,0,1,0,0,1,alto
3,10000.0,54,0.9444444444444444,13,3,1,0,0,0,1,0,1,1,0,0,0,medio_baixo
1,10000.0,12,0.6666666666666666,13,2,1,0,0,0,1,0,1,0,0,0,0,baixo
6,10000.0,52,0.8461538461538461,8,5,1,1,0,0,1,1,1,1,0,0,1,medio_alto
5,10000.0,5,1.0,1,2,1,0,0,0,1,1,0,0,0,0,0,baixo
2,10000.0,24,0.9166666666666666,1,2,1,0,0,0,1,0,0,1,0,0,0,alto
1,10000.0,0,0.0,16,4,1,0,0,0,0,0,0,0,1,1,1,alto
1,10000.0,3,0.3333333333333333,2,2,1,0,0,0,1,1,0,0,0,0,0,medio_baixo
4,10000.0,8,1.0,1,3,1,0,0,0,0,0,1,1,0,0,0,medio_alto
4,35000.0,387,0.7080103359173127,3,3,1,0,0,1,1,1,0,1,0,0,0,baixo
10,10000.0,13,0.7692307692307693,3,3,1,1,0,0,1,0,1,1,0,0,0,medio_alto
1,0.0,0,0.0,0,0,1,0,0,0,0,0,0,0,0,0,0,gratuito
5,10000.0,49,0.7551020408163265,9,3,1,0,0,0,1,0,0,0,0,1,1,medio_alto
5,150000.0,2402,0.8126561199000832,11,3,1,0,0,0,0,1,1,1,0,0,0,alto
1,10000.0,0,0.0,2,3,1,0,0,0,1,1,0,0,0,1,0,medio_baixo
3,10000.0,5,0.4,1,3,1,1,0,0,1,0,0,0,0,1,1,baixo
6,10000.0,78,0.782051282051282,2,5,1,0,0,0,1,1,0,1,0,0,1,baixo
1,10000.0,19,0.9473684210526315,5,3,1,0,0,0,1,1,0,0,0,0,0,gratuito
7,10000.0,3,1.0,3,3,1,0,0,0,1,1,1,0,0,0,0,medio_alto
6,10000.0,8,0.75,2,2,1,0,0,0,1,0,1,0,0,0,0,gratuito
5,10000.0,3,0.6666666666666666,2,2,1,0,0,0,1,1,0,0,0,0,0,alto
11,75000.0,485,0.8577319587628865,11,3,1,0,0,0,1,1,1,0,0,0,0,baixo
7,10000.0,73,0.8767123287671232,11,2,1,0,0,0,1,1,0,0,0,0,0,medio_baixo
4,10000.0,3,1.0,1,3,1,0,0,0,0,1,1,0,1,0,0,medio_baixo
5,10000.0,13,0.5384615384615384,1,5,1,0,0,0,1,1,1,0,0,1,1,baixo
14,150000.0,673,0.8112927191679049,1,2,1,1,0,0,1,0,0,0,0,0,1,alto
2,10000.0,56,0.9285714285714286,3,3,1,0,0,0,1,0,1,0,1,0,0,alto
3,0.0,0,0.0,0,0,1,0,0,0,0,0,0,0,0,0,0,gratuito
9,10000.0,11,0.8181818181818182,1,1,1,1,0,0,0,0,1,0,0,0,0,medio_baixo
3,10000.0,6,0.3333333333333333,1,2,1,0,0,0,0,0,1,0,0,0,1,alto
3,10000.0,6,1.0,8,3,1,1,0,0,0,0,1,1,0,1,0,alto
1,10000.0,1,1.0,3,3,1,0,0,0,1,0,0,1,0,0,1,baixo
5,10000.0,0,0.0,29,2,1,0,0,0,1,0,0,1,0,0,0,baixo
4,0.0,0,0.0,2,2,1,0,0,0,1,0,0,0,0,0,0,gratuito
5,10000.0,0,0.0,3,3,1,0,0,0,1,0,1,1,0,0,0,medio_baixo
2,0.0,0,0.0,0,0,1,0,0,0,0,0,0,0,0,0,0,gratuito
12,35000.0,64,0.421875,1,1,1,0,0,0,0,0,0,1,0,0,0,medio_baixo
12,750000.0,3361,0.6105325795894079,12,4,1,0,0,0,1,0,0,0,1,0,0,gratuito
4,150000.0,543,0.7348066298342542,4,4,1,0,0,0,1,1,0,1,0,1,0,baixo
1,0.0,0,0.0,3,2,1,0,0,0,1,0,0,0,1,0,0,medio_baixo
7,10000.0,2,0.0,1,3,1,0,0,0,1,0,1,0,0,1,0,alto
10,10000.0,53,0.8867924528301887,1,3,1,0,0,0,1,1,0,1,0,0,0,medio_baixo
2,10000.0,2,1.0,1,2,1,1,0,0,1,1,0,0,0,0,0,medio_baixo
2,10000.0,1,1.0,1,3,1,0,0,0,1,0,1,0,1,0,0,baixo
2,10000.0,5,0.6,1,1,1,0,0,3,0,0,0,0,0,0,1,medio_alto
1,10000.0,5,1.0,1,2,1,0,0,0,0,0,1,0,1,0,0,alto
10,10000.0,144,0.8125,1,2,1,1,1,1,1,0,1,0,0,0,0,alto
6,10000.0,0,0.0,1,4,1,0,0,0,1,1,1,0,1,0,0,medio_baixo
1,0.0,0,0.0,0,0,1,0,0,0,0,0,0,0,0,0,0,gratuito
2,10000.0,0,0.0,1,2,1,0,0,1,1,0,0,1,0,0,0,alto
4,10000.0,3,1.0,1,2,1,0,0,0,1,1,0,0,0,0,0,alto
9,10000.0,42,0.5714285714285714,1,1,1,0,0,0,0,1,0,0,0,0,0,alto
5,150000.0,1197,0.5238095238095238,7,3,1,1,1,0,1,0,1,1,0,0,0,medio_alto
1,10000.0,0,0.0,5,2,1,0,0,0,0,0,0,0,1,0,0,alto
3,10000.0,4,1.0,2,2,1,0,0,0,1,1,0,0,0,0,0,medio_baixo
1,10000.0,0,0.0,8,3,1,1,0,0,1,0,0,1,0,0,0,medio_alto
8,10000.0,4,0.0,1,4,1,0,0,0,1,1,1,0,1,0,0,medio_baixo
1,10000.0,0,0.0,1,1,1,0,0,0,0,0,0,0,0,1,0,medio_alto
2,150000.0,2258,0.974756421612046,6,3,1,0,0,1,1,1,1,0,0,0,0,medio_alto
9,35000.0,678,0.9306784660766961,2,2,1,0,0,0,0,1,0,0,1,0,0,alto
7,10000.0,11,0.8181818181818182,1,3,1,1,0,0,1,0,0,1,0,1,0,gratuito
4,10000.0,5,1.0,1,3,1,0,0,0,1,0,1,1,0,0,0,medio_alto
5,10000.0,120,0.8583333333333333,15,3,1,0,0,1,1,0,0,0,0,1,1,baixo
6,10000.0,6,0.16666666666666666,1,4,1,1,1,0,1,0,1,1,1,0,0,medio_alto
3,10000.0,5,1.0,29,3,1,1,1,0,1,1,1,0,0,0,0,baixo
10,10000.0,704,0.9360795454545454,5,2,1,1,1,1,1,0,0,1,0,0,0,medio_alto
8,35000.0,102,0.8823529411764706,1,2,1,0,0,1,1,1,0,0,0,0,0,baixo
16,10000.0,40,0.25,1,2,1,1,0,0,1,0,0,0,0,1,0,alto
1,10000.0,0,0.0,11,4,1,0,0,0,1,0,0,1,0,1,1,medio_alto
1,10000.0,0,0.0,3,3,1,0,0,0,0,0,0,0,0,0,0,alto
3,0.0,0,0.0,0,0,1,0,0,0,0,0,0,0,0,0,0,gratuito
2,10000.0,1,1.0,5,1,1,0,0,0,0,1,0,0,0,0,0,alto
4,10000.0,0,0.0,1,2,1,0,0,0,1,0,0,1,0,0,0,baixo
1,10000.0,0,0.0,1,1,1,0,0,0,1,0,0,0,0,0,0,baixo
6,10000.0,9,0.7777777777777778,4,1,1,0,0,0,0,0,0,1,0,0,0,medio_alto
1,0.0,0,0.0,0,0,1,0,0,0,0,0,0,0,0,0,0,gratuito
1,10000.0,0,0.0,13,3,1,0,0,4,1,0,1,1,0,0,0,medio_baixo
1,0.0,0,0.0,0,0,1,0,0,0,0,0,0,0,0,0,0,gratuito
1,0.0,0,0.0,1,4,1,0,0,1,0,1,1,1,0,1,0,alto
1,10000.0,0,0.0,8,1,1,0,0,0,0,0,0,0,0,1,0,alto
1,0.0,0,0.0,0,0,1,0,0,0,0,0,0,0,0,0,0,gratuito
4,10000.0,0,0.0,1,3,1,0,1,0,1,1,0,1,0,0,0,medio_baixo
1,0.0,0,0.0,0,0,1,0,0,0,0,0,0,0,0,0,0,gratuito
10,10000.0,71,0.5211267605633803,1,1,1,0,0,0,0,1,0,0,0,0,0,medio_baixo
3,10000.0,0,0.0,5,4,1,0,0,0,1,0,0,1,0,0,1,medio_alto
5,10000.0,1,1.0,13,2,1,0,0,0,1,0,0,1,0,0,0,medio_alto
3,10000.0,40,0.8,10,2,1,0,0,0,1,0,0,0,0,1,0,medio_alto
2,10000.0,4,1.0,1,4,1,0,0,0,1,1,0,1,0,0,0,gratuito
5,10000.0,11,0.8181818181818182,1,4,1,0,0,0,1,0,0,1,0,1,1,medio_baixo
8,10000.0,131,0.8778625954198473,15,2,1,1,0,0,0,0,0,1,0,0,1,alto
6,10000.0,0,0.0,1,2,1,0,0,0,0,0,0,0,1,0,1,baixo
1,10000.0,0,0.0,2,1,1,0,0,3,0,0,0,0,0,1,0,medio_baixo
3,10000.0,4,0.75,1,3,1,1,1,0,1,1,1,0,0,0,0,medio_baixo
1,10000.0,75,0.96,1,5,1,0,0,0,1,1,0,1,1,1,0,alto
9,10000.0,19,0.7368421052631579,2,1,1,0,0,3,1,0,0,0,0,0,0,medio_alto
5,10000.0,9,1.0,4,2,1,0,0,0,1,1,0,0,0,0,0,medio_baixo
1,10000.0,0,0.0,1,3,1,0,0,0,1,1,0,1,0,0,0,medio_baixo
7,10000.0,3,1.0,1,2,1,0,0,0,1,1,0,0,0,0,0,medio_alto
1,10000.0,111,0.9009009009009009,1,3,1,0,1,0,1,0,0,0,1,0,0,alto
2,350000.0,8439,0.8277047043488565,10,4,1,0,0,1,1,1,1,0,1,0,0,alto
7,10000.0,2,0.5,4,1,1,0,0,0,0,1,0,0,0,0,0,medio_alto
7,10000.0,3,0.3333333333333333,1,3,1,0,0,0,1,0,1,1,0,0,0,baixo
7,10000.0,69,0.5942028985507246,1,4,1,0,0,0,1,1,0,1,0,0,0,gratuito
3,10000.0,47,0.8085106382978723,9,1,1,0,0,0,0,1,0,0,0,0,0,baixo
1,10000.0,0,0.0,2,2,1,0,1,0,1,0,1,0,0,0,0,alto
5,10000.0,66,0.6818181818181818,13,2,1,0,0,0,1,0,0,0,0,1,0,gratuito
2,35000.0,74,0.5540540540540541,1,5,1,0,0,0,1,1,1,0,1,0,0,alto
1,10000.0,3,1.0,10,3,1,0,0,0,1,0,0,1,0,1,0,medio_baixo
6,10000.0,2512,0.8204617834394905,17,3,1,0,0,1,1,1,1,0,0,0,0,medio_alto
5,10000.0,9,0.3333333333333333,1,3,1,1,0,0,0,0,1,0,1,0,1,medio_baixo
3,10000.0,0,0.0,1,4,1,0,0,0,1,1,1,0,1,0,0,baixo
9,10000.0,26,0.8846153846153846,1,4,1,0,0,0,1,0,0,1,0,0,1,alto
1,10000.0,16,0.9375,4,2,1,0,0,0,1,0,1,0,0,0,0,baixo
1,0.0,0,0.0,1,3,1,1,1,0,1,0,0,1,1,0,0,medio_alto
6,35000.0,566,0.8780918727915195,10,3,1,1,1,1,1,1,1,0,0,0,0,medio_baixo
1,1500000.0,24584,0.9221851610803775,14,5,1,0,0,1,1,0,1,1,1,0,1,alto
1,0.0,0,0.0,1,1,1,0,0,1,1,0,0,0,0,0,0,alto
2,75000.0,3,1.0,2,4,1,0,0,0,1,1,1,0,1,0,0,medio_alto
2,10000.0,67,0.9701492537313433,6,2,1,0,0,0,1,0,0,0,0,0,1,medio_baixo
2,10000.0,21,0.6666666666666666,1,3,1,0,0,0,1,0,1,0,0,0,1,baixo
9,10000.0,15,0.8666666666666667,1,5,1,0,0,0,1,0,1,0,0,1,1,alto
4,10000.0,73,0.7808219178082192,1,3,1,0,0,0,1,1,0,0,1,0,0,medio_baixo
5,10000.0,11,0.8181818181818182,103,3,1,0,0,0,1,0,0,1,0,0,1,baixo
4,10000.0,106,0.8207547169811321,4,2,1,0,0,1,1,0,1,0,0,0,0,medio_alto
1,10000.0,0,0.0,4,4,1,0,0,0,0,0,1,1,1,0,1,medio_alto
5,350000.0,4423,0.9394076418720325,5,5,1,1,0,0,1,1,0,0,0,0,1,alto
7,10000.0,3,0.3333333333333333,1,4,1,1,1,0,1,1,1,1,0,0,0,gratuito
9,35000.0,210,0.5333333333333333,1,3,1,0,1,0,1,1,1,0,0,0,0,alto
3,10000.0,0,0.0,1,2,1,0,0,0,0,1,0,0,1,0,0,gratuito
12,350000.0,5335,0.847610121836926,2,5,1,1,1,1,1,1,1,0,1,0,0,alto
4,10000.0,23,0.9130434782608695,1,1,1,0,0,0,0,0,0,0,1,0,0,baixo
12,10000.0,9,0.6666666666666666,1,1,1,0,0,0,0,1,0,0,0,0,0,alto
1,10000.0,0,0.0,15,3,1,1,0,1,1,0,0,1,0,0,1,alto
16,150000.0,250,0.716,5,2,1,0,0,0,0,0,0,0,0,1,1,medio_baixo
1,10000.0,0,0.0,1,1,1,0,0,0,0,0,0,1,0,0,0,medio_baixo
11,35000.0,92,0.6195652173913043,3,3,1,0,0,0,1,1,1,0,0,0,0,medio_baixo
4,10000.0,3,0.6666666666666666,1,2,1,0,0,0,0,0,1,0,1,0,0,medio_baixo
5,0.0,0,0.0,1,5,1,0,0,0,1,1,0,0,0,1,0,gratuito
9,150000.0,2482,0.8730862207896858,1,2,1,0,0,0,0,0,0,0,0,0,0,alto
2,150000.0,1039,0.685274302213667,6,4,1,0,0,1,1,0,1,1,0,0,0,gratuito
10,10000.0,52,0.6730769230769231,1,5,1,0,0,1,1,1,1,1,0,0,0,gratuito
9,10000.0,470,0.9063829787234042,3,6,1,1,0,0,1,1,1,1,0,1,1,medio_baixo
13,0.0,0,0.0,1,3,1,1,1,0,1,1,0,1,0,0,0,medio_alto
4,35000.0,105,0.6285714285714286,1,4,1,0,0,0,1,1,0,0,0,1,1,medio_alto
17,35000.0,204,0.8235294117647058,4,2,1,0,0,0,0,1,0,0,0,0,1,baixo
1,0.0,0,0.0,1,3,1,0,0,0,0,0,1,0,0,0,1,medio_alto
4,10000.0,29,0.7931034482758621,1,5,1,0,0,0,1,0,1,1,0,0,1,alto
9,10000.0,27,0.5185185185185185,1,6,1,0,0,0,1,0,1,1,1,1,1,baixo
1,10000.0,0,0.0,26,1,1,0,0,0,1,0,0,0,0,0,0,medio_alto
1,10000.0,0,0.0,1,4,1,1,0,0,1,1,1,1,0,0,0,baixo
6,10000.0,17,0.5882352941176471,3,1,1,0,0,0,0,0,1,0,0,0,0,alto
1,10000.0,0,0.0,3,1,1,1,1,0,0,0,0,1,0,0,0,medio_alto
8,10000.0,55,0.8909090909090909,1,3,1,1,0,1,1,0,1,0,0,0,0,gratuito
1,10000.0,1,1.0,1,1,1,0,0,0,0,0,0,1,0,0,0,baixo
7,10000.0,22,0.7272727272727273,1,1,1,0,0,0,0,0,0,0,0,0,1,alto
1,0.0,0,0.0,0,0,1,0,0,0,0,0,0,0,0,0,0,gratuito
15,75000.0,908,0.6927312775330396,7,2,1,0,0,2,1,1,0,0,0,0,0,medio_alto
1,0.0,0,0.0,1,4,1,0,0,0,1,1,0,1,0,0,1,medio_alto
8,35000.0,419,0.8424821002386634,8,1,1,0,0,0,0,0,1,0,0,0,0,alto
1,0.0,0,0.0,9,2,1,0,0,0,0,0,1,1,0,0,0,medio_baixo
2,10000.0,4,1.0,1,3,1,0,0,0,1,0,0,0,1,1,0,medio_alto
1,10000.0,0,0.0,1,3,1,0,1,1,1,0,1,1,0,0,0,alto
3,10000.0,0,0.0,1,3,1,1,1,0,1,0,0,1,0,0,1,baixo
8,10000.0,2,1.0,1,3,1,1,0,0,1,0,0,1,0,1,0,medio_baixo
1,0.0,0,0.0,1,2,1,0,0,0,1,1,0,0,0,0,0,baixo
3,10000.0,3,0.6666666666666666,1,3,1,1,0,0,1,0,1,0,1,0,0,medio_alto
1,0.0,0,0.0,13,4,1,0,0,0,1,1,1,0,0,0,1,alto
4,10000.0,7,0.7142857142857143,1,3,1,0,0,0,1,0,1,1,0,0,0,baixo
2,75000.0,867,0.9158016147635525,3,4,1,0,0,0,1,0,0,0,1,1,1,alto
5,35000.0,35,0.9428571428571428,1,4,1,0,0,0,1,1,1,0,0,0,0,gratuito
11,1500000.0,28187,0.7100791144854011,8,1,1,0,0,782,0,0,0,0,0,0,1,alto
1,0.0,0,0.0,1,2,1,0,0,0,1,1,0,0,0,0,0,medio_baixo
2,10000.0,5,0.6,1,2,1,0,0,0,1,0,0,1,0,0,0,medio_baixo
1,10000.0,0,0.0,1,1,1,0,1,0,0,0,0,1,0,0,0,medio_baixo
2,10000.0,8,0.625,1,1,1,0,0,0,1,0,0,0,0,0,0,alto
17,10000.0,5,0.4,1,2,1,0,0,0,0,0,0,1,0,0,1,medio_baixo
4,10000.0,54,0.4444444444444444,1,2,1,0,0,0,0,0,0,0,1,0,0,medio_alto
2,10000.0,6,1.0,1,3,1,0,0,0,1,0,0,1,0,1,0,medio_baixo
8,35000.0,12,1.0,1,2,1,0,0,1,1,0,1,0,0,0,0,baixo
3,10000.0,3,1.0,1,2,1,1,0,0,0,0,1,1,0,0,0,medio_alto
1,10000.0,0,0.0,4,2,1,0,0,1,1,1,0,0,0,0,0,baixo
3,0.0,0,0.0,3,3,1,0,0,0,0,0,0,0,1,0,0,gratuito
10,10000.0,97,0.6804123711340206,2,2,1,1,1,0,0,0,0,1,0,0,0,medio_alto
10,10000.0,21,0.3333333333333333,1,2,1,0,0,0,1,1,0,0,0,0,0,medio_alto
1,10000.0,28,0.7142857142857143,31,3,1,1,0,0,1,0,0,1,0,0,1,medio_baixo
1,10000.0,0,0.0,1,3,1,0,0,0,1,0,0,1,0,0,1,medio_baixo
2,10000.0,15,1.0,6,2,1,0,0,0,1,0,0,1,0,0,0,medio_alto
5,0.0,0,0.0,0,0,1,0,0,0,0,0,0,0,0,0,0,gratuito
3,10000.0,18,0.8888888888888888,1,1,1,1,1,0,0,1,0,0,0,0,0,medio_alto
8,75000.0,804,0.8097014925373134,1,4,1,0,0,1,1,1,1,0,1,0,0,medio_baixo
9,35000.0,32,0.65625,1,1,1,0,0,0,0,0,1,0,0,0,0,gratuito
5,10000.0,10,0.7,1,1,1,0,0,0,0,0,0,1,0,0,0,medio_baixo
1,0.0,0,0.0,2,1,1,0,0,0,0,0,0,0,1,0,0,alto
7,10000.0,12,0.8333333333333334,1,3,1,1,1,0,1,0,1,0,1,0,0,medio_alto
3,0.0,0,0.0,23,3,1,0,0,1,1,0,0,0,0,0,0,gratuito
2,10000.0,2,1.0,1,2,1,0,0,0,1,1,0,0,0,0,0,alto
8,35000.0,2,1.0,2,1,1,0,0,0,1,0,0,0,0,0,0,medio_baixo
5,10000.0,14,0.5714285714285714,1,2,1,0,0,0,1,1,0,0,0,0,0,medio_alto
5,75000.0,403,0.9727047146401985,1,4,1,0,0,0,1,0,1,0,1,0,0,gratuito
7,3500000.0,162462,0.9482894461474067,17,1,1,0,0,14,0,0,0,0,0,1,0,alto
11,10000.0,37,0.7297297297297297,1,2,1,1,1,0,1,1,0,0,0,0,0,medio_alto
9,35000.0,304,0.5460526315789473,5,4,1,0,0,0,1,1,1,0,0,0,1,baixo
1,10000.0,2,1.0,1,2,1,0,0,0,1,1,0,0,0,0,0,baixo
1,35000.0,16,0.875,14,4,1,0,0,0,0,1,0,1,0,0,0,alto
6,10000.0,8,1.0,1,2,1,1,0,0,1,1,0,0,0,0,0,gratuito
8,10000.0,13,0.9230769230769231,1,2,1,0,0,0,1,0,0,1,0,0,0,alto
1,10000.0,0,0.0,31,2,1,0,0,0,1,0,0,1,0,0,0,baixo
5,10000.0,7,0.42857142857142855,1,4,1,0,0,0,1,1,0,0,0,0,1,gratuito
1,10000.0,6,1.0,1,1,1,0,1,0,1,0,0,0,0,0,0,alto
2,10000.0,3,0.3333333333333333,1,5,1,0,0,0,0,1,1,1,1,0,0,gratuito
4,10000.0,7,0.5714285714285714,1,3,1,0,0,0,1,0,0,1,0,1,0,baixo
1,10000.0,0,0.0,1,1,1,1,0,0,0,0,0,0,0,0,0,gratuito
3,10000.0,269,0.8996282527881041,12,2,1,0,0,3,1,0,0,1,0,0,0,medio_baixo
6,10000.0,8,0.875,1,3,1,0,0,0,1,1,0,0,0,0,0,gratuito
5,75000.0,10,0.7,1,4,1,0,0,0,1,1,0,0,0,0,0,medio_alto
2,10000.0,6,0.5,1,3,1,0,0,0,1,1,1,0,0,0,0,alto
1,10000.0,0,0.0,12,4,1,1,1,0,1,1,1,0,1,0,0,alto
3,35000.0,221,0.8552036199095022,1,4,1,0,0,0,1,0,0,1,1,0,1,medio_baixo
5,0.0,0,0.0,1,3,1,0,0,0,0,1,0,1,0,0,0,gratuito
1,0.0,0,0.0,28,4,1,1,0,2,1,0,0,1,0,1,1,medio_baixo
6,10000.0,51,0.8431372549019608,2,1,1,0,0,0,1,0,0,0,0,0,0,medio_alto
7,10000.0,2,0.0,1,2,1,0,0,0,1,0,1,0,0,0,0,baixo
1,0.0,0,0.0,8,4,1,0,0,0,1,0,1,1,0,1,0,medio_alto
1,0.0,0,0.0,30,3,1,1,1,0,1,0,0,1,0,0,1,medio_alto
7,150000.0,522,0.8984674329501916,1,3,1,0,0,1,1,0,0,0,0,1,1,medio_alto
7,10000.0,5,1.0,1,3,1,0,0,0,0,1,0,1,0,0,0,medio_baixo
2,10000.0,4,1.0,1,4,1,0,0,0,1,0,0,1,0,1,0,gratuito
1,0.0,0,0.0,2,4,1,0,0,1,1,0,0,0,1,1,1,medio_alto
8,75000.0,474,0.740506329113924,3,1,1,0,0,1,0,0,0,1,0,0,0,baixo
1,10000.0,0,0.0,3,3,1,0,0,1,1,1,0,1,0,0,0,medio_alto
4,75000.0,15,0.6666666666666666,1,5,1,0,0,0,1,1,1,1,0,0,1,baixo
9,10000.0,14,0.5714285714285714,1,1,1,0,0,0,1,0,0,0,0,0,0,baixo
10,35000.0,75,0.64,103,2,1,0,1,0,1,0,0,1,0,0,0,baixo
5,35000.0,8,1.0,1,2,1,0,0,0,1,0,0,1,0,0,0,baixo
3,0.0,0,0.0,0,0,1,0,0,0,0,0,0,0,0,0,0,gratuito
8,10000.0,137,0.9416058394160584,1,2,1,0,1,0,1,1,0,0,0,0,0,medio_alto
2,0.0,0,0.0,103,3,1,0,0,0,1,0,0,1,0,0,0,gratuito
4,35000.0,32,0.6875,3,2,1,0,0,0,0,1,0,1,0,0,0,baixo
8,10000.0,1,0.0,1,5,1,0,0,0,1,1,1,1,1,0,0,alto
11,10000.0,114,0.7456140350877193,1,3,1,0,0,0,1,0,0,0,1,1,0,alto
7,10000.0,91,0.7912087912087912,2,3,1,1,0,1,1,0,1,0,1,0,0,alto
9,10000.0,1,0.0,1,2,1,0,0,0,0,0,0,1,0,0,1,medio_baixo
1,75000.0,173,0.8439306358381503,9,3,1,0,0,1,0,0,1,0,1,1,0,alto
2,0.0,0,0.0,13,4,1,1,1,2,1,0,0,0,0,1,1,gratuito
11,35000.0,228,0.9122807017543859,5,4,1,0,0,0,1,1,1,1,0,0,0,medio_baixo
2,0.0,0,0.0,3,3,1,0,0,1,1,1,0,0,1,0,0,gratuito
2,750000.0,8452,0.9041646947468055,8,4,1,0,0,1,1,1,1,1,0,0,0,alto
7,10000.0,56,0.5535714285714286,11,3,1,1,0,0,1,0,0,0,0,0,1,medio_baixo
4,35000.0,458,0.40611353711790393,8,0,1,0,0,0,0,0,0,0,0,0,0,medio_alto
8,10000.0,8,0.625,1,3,1,0,0,0,1,1,1,0,0,0,0,baixo
12,350000.0,1220,0.8049180327868852,1,2,1,1,1,1,1,1,0,0,0,0,0,medio_alto
1,10000.0,2,0.5,2,3,1,0,0,0,1,1,0,0,0,0,0,gratuito
1,10000.0,0,0.0,2,4,1,0,0,0,1,1,0,1,0,1,0,medio_alto
7,10000.0,29,0.4827586206896552,2,6,1,0,0,0,1,1,1,1,0,1,1,medio_baixo
3,35000.0,542,0.9114391143911439,1,3,1,0,0,0,1,1,0,0,0,0,0,medio_alto
2,10000.0,0,0.0,3,2,1,0,0,0,1,0,0,0,1,0,0,alto
4,0.0,0,0.0,1,3,1,0,0,0,0,0,0,0,0,1,0,gratuito
2,10000.0,7,0.2857142857142857,2,4,1,0,0,0,1,0,1,1,0,0,0,gratuito
9,35000.0,168,0.9464285714285714,1,2,1,1,1,1,1,0,1,0,0,0,0,gratuito
2,10000.0,9,1.0,16,3,1,0,0,0,1,1,0,1,0,0,0,medio_alto
2,10000.0,2,1.0,2,2,1,0,0,0,1,0,1,0,0,0,0,baixo
4,10000.0,0,0.0,1,2,1,0,0,0,1,0,0,1,0,0,0,baixo
8,10000.0,11,0.45454545454545453,1,4,1,0,0,0,1,1,1,1,0,0,0,alto
2,10000.0,2,1.0,1,2,1,0,0,0,1,0,0,1,0,0,0,medio_baixo
8,35000.0,376,0.925531914893617,1,5,1,0,0,1,1,0,1,0,0,0,0,gratuito
2,10000.0,4,1.0,8,2,1,0,0,0,1,0,0,1,0,0,0,baixo
11,75000.0,102,0.6078431372549019,1,3,1,1,1,0,1,1,0,1,0,0,0,medio_baixo
3,10000.0,2,1.0,1,4,1,0,0,0,1,1,0,1,0,0,0,medio_baixo
1,10000.0,0,0.0,9,5,1,0,0,0,1,1,0,1,0,0,1,medio_alto
20,75000.0,128,0.484375,3,2,1,0,0,0,1,0,0,1,0,0,0,medio_baixo
5,10000.0,0,0.0,1,3,1,0,1,0,1,1,1,0,0,0,0,medio_baixo
6,350000.0,691,0.8813314037626628,13,3,1,0,1,0,1,0,0,0,1,1,0,baixo
1,10000.0,246,0.926829268292683,1,3,1,0,0,0,1,0,0,0,1,0,1,alto
8,35000.0,414,0.8043478260869565,1,3,1,0,0,1,1,1,1,0,0,0,0,alto
7,7500000.0,281763,0.9857433374857593,1,4,1,0,0,0,1,1,0,1,0,0,1,baixo
8,10000.0,0,0.0,1,4,1,0,0,0,1,1,0,1,0,0,0,medio_alto
5,10000.0,28,0.21428571428571427,9,4,1,0,0,0,1,0,1,1,0,0,1,gratuito
2,10000.0,6,1.0,2,2,1,1,0,0,0,0,0,0,0,0,0,medio_alto
7,35000.0,620,0.8725806451612903,1,1,1,0,0,0,1,0,0,0,0,0,0,baixo
12,35000.0,151,0.5562913907284768,1,4,1,0,0,0,1,0,0,1,0,1,1,alto
3,10000.0,0,0.0,7,2,1,0,0,0,0,0,0,1,0,0,1,medio_alto
2,10000.0,0,0.0,1,3,1,0,0,0,0,0,1,0,0,0,1,gratuito
1,35000.0,478,0.9476987447698745,2,3,1,0,0,0,1,0,1,1,0,0,0,baixo
2,10000.0,9,0.7777777777777778,3,1,1,1,0,0,0,0,0,1,0,0,0,alto
10,10000.0,76,0.75,14,2,1,0,0,0,1,1,0,0,0,0,0,alto
1,0.0,0,0.0,18,2,1,0,0,1,0,0,0,1,0,0,0,alto
5,10000.0,10,0.6,8,4,1,0,0,0,1,0,0,0,0,1,1,medio_baixo
2,0.0,0,0.0,0,0,1,0,0,0,0,0,0,0,0,0,0,gratuito
4,10000.0,5,0.6,1,2,1,0,0,0,1,1,0,0,0,0,0,gratuito
1,10000.0,5,0.4,1,2,1,0,0,0,0,1,0,0,0,0,1,medio_baixo
1,10000.0,0,0.0,2,4,1,0,0,0,1,1,1,0,0,0,0,medio_alto
3,10000.0,5,1.0,3,3,1,0,0,0,1,0,0,1,0,1,0,medio_alto
5,10000.0,9,1.0,1,2,1,0,0,0,1,1,0,0,0,0,0,baixo
4,10000.0,26,0.8846153846153846,1,2,1,0,0,0,1,0,0,1,0,0,0,baixo
1,0.0,0,0.0,10,2,1,0,0,0,0,0,0,1,0,0,1,medio_alto
4,10000.0,2,0.5,1,2,1,0,0,0,0,0,0,0,0,0,1,medio_alto
1,0.0,0,0.0,1,5,1,0,0,0,1,1,1,0,0,1,0,medio_alto
3,10000.0,13,1.0,1,3,1,0,0,0,1,1,1,0,0,0,0,medio_alto
2,10000.0,2,0.5,1,3,1,0,0,0,1,0,1,1,0,0,0,medio_baixo
7,10000.0,6,0.8333333333333334,29,2,1,0,0,1,1,0,0,1,0,0,0,baixo
6,10000.0,18,1.0,1,2,1,0,0,0,0,0,0,1,0,1,0,medio_baixo
8,35000.0,156,0.4807692307692308,1,7,1,1,1,0,1,1,1,1,0,1,1,baixo
6,150000.0,2833,0.937169078715143,14,1,1,1,0,5,0,0,0,1,0,0,0,medio_baixo
15,10000.0,43,0.4883720930232558,1,1,1,0,0,0,0,0,0,0,0,0,1,medio_baixo
6,10000.0,0,0.0,29,1,1,1,0,2,0,1,0,0,0,0,0,baixo
7,350000.0,1387,0.7411679884643114,8,2,1,0,0,10,0,0,0,0,0,1,1,medio_alto
2,10000.0,0,0.0,9,2,1,0,0,0,0,1,0,0,0,1,0,gratuito
2,0.0,0,0.0,1,1,1,1,0,0,0,0,0,0,1,0,0,gratuito
4,10000.0,3,1.0,1,1,1,0,0,0,0,1,0,0,0,0,0,medio_alto
4,10000.0,17,0.9411764705882353,3,1,1,1,0,2,1,0,0,0,0,0,0,medio_alto
1,0.0,0,0.0,103,1,1,0,1,0,1,0,0,0,0,0,0,baixo
2,10000.0,0,0.0,1,3,1,0,0,0,1,0,0,1,0,1,0,baixo
4,10000.0,13,0.38461538461538464,1,2,1,0,0,0,1,0,0,1,0,0,0,baixo
1,0.0,0,0.0,9,3,1,0,0,0,1,0,0,1,0,0,0,medio_alto
6,10000.0,57,0.6666666666666666,2,1,1,0,0,0,0,0,1,0,0,0,0,baixo
8,10000.0,5,0.2,1,5,1,0,0,0,1,1,0,0,1,1,0,medio_alto
10,10000.0,10,0.8,1,4,1,0,0,0,1,0,0,1,0,0,0,alto
7,10000.0,42,0.8333333333333334,1,1,1,0,0,0,1,0,0,0,0,0,0,medio_baixo
8,10000.0,13,0.7692307692307693,3,2,1,0,0,0,1,0,0,0,0,0,0,medio_alto
2,10000.0,0,0.0,3,3,1,1,0,0,0,0,1,0,1,0,1,alto
19,750000.0,3920,0.9341836734693878,1,1,1,0,0,0,0,1,0,0,0,0,0,baixo
2,10000.0,234,0.9401709401709402,8,4,1,0,0,1,1,0,0,1,1,0,1,medio_baixo
6,10000.0,2,1.0,1,2,1,0,0,0,1,0,0,1,0,0,0,baixo
6,10000.0,123,0.8617886178861789,4,3,1,0,0,0,0,1,0,1,0,0,0,medio_alto
2,0.0,0,0.0,1,4,1,0,0,11,1,0,0,1,0,1,0,gratuito
1,0.0,0,0.0,0,0,1,0,0,0,0,0,0,0,0,0,0,gratuito
2,150000.0,34,0.5588235294117647,9,2,1,0,0,0,1,0,0,0,0,0,0,medio_alto
3,10000.0,37,0.4864864864864865,4,1,1,0,0,0,0,0,0,0,1,0,0,medio_baixo
12,35000.0,278,0.89568345323741,1,5,1,1,0,1,1,0,1,1,1,1,0,medio_alto
4,0.0,0,0.0,2,7,1,0,0,0,1,1,0,0,1,0,1,gratuito
4,10000.0,0,0.0,1,1,1,0,0,0,0,0,1,0,0,0,0,baixo
1,10000.0,0,0.0,1,3,1,0,0,0,0,1,1,0,1,0,0,medio_alto
6,10000.0,3,1.0,1,1,1,0,0,0,0,0,0,0,0,0,1,alto
4,10000.0,23,0.8695652173913043,1,3,1,1,0,0,0,0,0,0,0,1,1,alto
5,350000.0,16,0.75,1,4,1,0,0,0,1,0,1,1,1,0,0,baixo
3,10000.0,9,0.7777777777777778,2,1,1,0,0,0,0,0,0,1,0,0,0,alto
4,10000.0,0,0.0,1,3,1,0,0,1,1,1,0,1,0,0,0,medio_baixo
3,10000.0,2,0.0,1,3,1,0,0,0,1,0,1,1,0,0,0,medio_alto
6,10000.0,32,0.8125,1,5,1,0,0,0,1,1,1,0,1,0,0,gratuito
2,10000.0,10,0.5,1,3,1,0,0,0,0,1,0,0,0,1,0,gratuito
10,35000.0,51,0.9019607843137255,1,2,1,0,0,0,0,0,1,1,0,0,0,baixo
2,10000.0,22,0.6818181818181818,1,2,1,0,0,0,1,1,0,0,0,0,0,medio_alto
11,35000.0,18,0.5,1,1,1,0,0,0,0,0,0,0,0,1,0,medio_baixo
1,10000.0,0,0.0,7,2,1,0,0,0,1,0,1,0,0,0,0,medio_baixo
1,10000.0,0,0.0,3,4,1,0,0,0,1,0,0,1,1,1,0,medio_baixo
5,10000.0,2,1.0,1,4,1,0,1,0,1,0,1,1,0,0,1,medio_alto
1,10000.0,31,1.0,6,1,1,0,0,1,0,0,1,0,0,0,0,medio_baixo
2,10000.0,92,0.717391304347826,3,4,1,0,0,0,1,1,1,0,1,0,0,medio_baixo
4,10000.0,11,0.8181818181818182,13,3,1,1,1,1,1,0,0,1,0,1,0,medio_alto
2,10000.0,1,1.0,1,5,1,0,0,0,1,0,0,1,0,0,1,medio_baixo
3,0.0,0,0.0,0,0,1,0,0,0,0,0,0,0,0,0,0,gratuito
1,10000.0,2,1.0,1,2,1,0,0,0,1,0,0,1,0,0,0,medio_alto
3,10000.0,75,0.84,1,4,1,1,0,0,1,1,0,1,0,0,0,gratuito
3,10000.0,9,0.7777777777777778,1,2,1,0,0,0,1,0,1,0,0,0,0,medio_baixo
2,10000.0,3,0.6666666666666666,1,1,1,0,0,0,0,0,0,0,1,0,0,alto
1,10000.0,2,0.5,9,5,1,0,0,0,1,1,1,1,1,0,0,baixo
1,10000.0,0,0.0,1,2,1,1,1,0,1,0,0,1,0,0,0,medio_baixo
1,10000.0,0,0.0,2,2,1,0,0,0,1,0,1,0,0,0,0,medio_alto
1,10000.0,0,0.0,5,2,1,0,0,0,0,1,1,0,0,0,0,medio_baixo
4,35000.0,16,1.0,1,2,1,0,0,0,0,1,0,1,0,0,0,medio_baixo
1,10000.0,2,1.0,1,2,1,0,0,4,0,1,1,0,0,0,0,medio_baixo
8,10000.0,48,0.7916666666666666,1,2,1,0,0,0,1,0,0,1,0,0,0,baixo
4,10000.0,27,0.8148148148148148,15,3,1,0,0,0,1,1,1,0,0,0,0,gratuito
9,10000.0,10,0.6,2,2,1,0,0,0,0,0,0,1,0,0,1,alto
9,10000.0,11,0.5454545454545454,1,3,1,0,0,0,1,0,0,1,0,0,1,gratuito
2,0.0,0,0.0,0,0,1,0,0,0,0,0,0,0,0,0,0,gratuito
12,150000.0,385,0.5662337662337662,5,1,1,0,0,0,0,1,0,0,0,0,0,medio_baixo
3,350000.0,4858,0.9380403458213257,7,2,1,0,0,2,1,0,1,0,0,0,0,alto
6,1500000.0,78346,0.9701580170015062,9,1,1,0,0,0,0,0,0,0,1,0,0,alto
2,10000.0,7,1.0,9,4,1,0,0,0,1,0,0,1,0,1,1,baixo
1,10000.0,0,0.0,1,3,1,0,0,0,0,0,0,0,0,1,1,baixo
2,10000.0,3,1.0,1,5,1,0,0,0,1,1,1,1,0,0,0,alto
5,10000.0,38,0.8947368421052632,3,5,1,0,1,0,1,1,1,0,1,0,0,medio_baixo
4,10000.0,17,0.4117647058823529,1,2,1,0,0,0,1,1,0,0,0,0,0,gratuito
1,0.0,0,0.0,1,3,1,0,0,0,1,0,0,1,0,1,0,alto
2,0.0,0,0.0,1,3,1,1,1,0,0,1,0,0,0,0,0,gratuito
2,0.0,0,0.0,9,4,1,0,0,0,1,0,0,0,1,1,1,gratuito
2,10000.0,14,0.5,3,3,1,0,0,0,1,0,1,0,1,0,0,alto
6,10000.0,17,0.8235294117647058,103,1,1,0,0,0,0,0,0,1,0,0,0,baixo
1,10000.0,0,0.0,11,5,1,0,0,0,1,1,1,1,0,0,0,medio_baixo
8,10000.0,34,0.7058823529411765,2,3,1,0,0,1,1,1,0,1,0,0,0,baixo
1,10000.0,1,1.0,1,3,1,1,0,0,1,0,0,0,1,0,0,medio_baixo
1,0.0,0,0.0,103,3,1,0,0,0,1,0,0,1,0,0,0,baixo
2,10000.0,1,1.0,1,3,1,0,0,0,1,0,1,0,0,0,1,medio_baixo
3,0.0,0,0.0,0,0,1,0,0,0,0,0,0,0,0,0,0,gratuito
2,10000.0,1,1.0,1,4,1,0,0,0,1,0,0,1,0,0,1,alto
4,10000.0,1,1.0,13,3,1,0,0,0,0,1,0,0,1,0,1,medio_alto
2,150000.0,34,0.8529411764705882,12,2,1,0,0,0,1,1,0,0,0,0,0,medio_baixo
9,10000.0,4,1.0,1,2,1,0,0,0,1,0,0,1,0,0,0,baixo
1,10000.0,0,0.0,1,3,1,0,0,0,1,1,0,1,0,0,0,medio_baixo
6,10000.0,2,1.0,1,2,1,0,0,0,0,0,1,0,1,0,0,medio_alto
1,10000.0,14,0.9285714285714286,1,3,1,0,0,0,1,1,0,1,0,0,0,medio_alto
1,0.0,0,0.0,1,7,1,0,0,0,1,1,1,1,1,1,0,gratuito
2,0.0,0,0.0,1,2,1,0,0,0,0,1,0,0,0,0,0,gratuito
3,0.0,0,0.0,1,2,1,0,0,0,1,1,0,0,0,0,0,gratuito
1,10000.0,0,0.0,29,4,1,0,0,0,0,0,0,0,0,0,0,medio_alto
3,10000.0,0,0.0,2,3,1,0,0,0,0,0,1,1,1,0,0,medio_alto
2,75000.0,16,1.0,3,3,1,0,0,0,1,1,0,1,0,0,0,medio_alto
1,0.0,0,0.0,0,0,1,0,0,0,0,0,0,0,0,0,0,gratuito
4,35000.0,202,0.8514851485148515,1,4,1,0,0,0,1,0,0,1,0,1,1,medio_baixo
1,10000.0,16,0.875,1,3,1,0,0,0,1,1,0,0,0,0,0,medio_alto
3,10000.0,12,0.9166666666666666,1,1,1,0,0,0,0,0,0,0,1,0,0,alto
1,0.0,0,0.0,1,6,1,1,1,0,1,0,1,1,1,0,1,gratuito
10,75000.0,88,0.8181818181818182,2,2,1,0,0,0,1,1,0,0,0,0,0,baixo
2,10000.0,0,0.0,12,3,1,1,1,0,1,0,0,1,0,1,0,baixo
2,10000.0,21,0.8571428571428571,2,4,1,0,0,0,1,0,1,0,0,1,1,alto
1,0.0,0,0.0,1,3,1,0,0,0,1,1,0,1,0,0,0,baixo
3,10000.0,11,0.7272727272727273,4,5,1,1,0,0,1,0,1,0,0,1,1,medio_alto
6,10000.0,924,0.8647186147186147,14,5,1,0,1,2,1,1,1,1,1,0,0,medio_baixo
2,0.0,0,0.0,0,0,1,0,0,0,0,0,0,0,0,0,0,gratuito
1,10000.0,2,0.5,4,2,1,0,0,0,1,0,0,1,0,0,0,medio_baixo
3,35000.0,103,0.970873786407767,1,1,1,0,0,2,0,0,0,0,0,0,1,alto
3,10000.0,4,1.0,1,3,1,0,0,0,1,0,0,1,0,0,0,gratuito
3,10000.0,23,0.8260869565217391,2,2,1,0,0,0,1,0,1,0,0,0,0,medio_alto
1,0.0,0,0.0,0,0,1,0,0,0,0,0,0,0,0,0,0,gratuito
6,10000.0,44,0.9318181818181818,1,3,1,1,0,1,1,1,0,1,0,0,0,gratuito
2,0.0,0,0.0,0,0,1,0,0,0,0,0,0,0,0,0,0,gratuito
6,10000.0,34,0.6176470588235294,3,3,1,0,0,0,1,0,0,1,0,1,0,baixo
11,10000.0,292,0.7636986301369864,9,9,1,0,0,13,0,0,0,0,0,0,0,alto
9,10000.0,121,0.6694214876033058,1,7,1,0,0,0,1,1,0,1,0,0,0,gratuito
4,35000.0,60,0.9833333333333333,4,3,1,0,0,0,1,0,0,1,0,0,0,gratuito
6,10000.0,4,1.0,1,2,1,1,0,0,0,1,0,1,0,0,0,medio_alto
2,0.0,0,0.0,3,3,1,0,0,0,1,0,0,0,0,0,1,gratuito
8,10000.0,38,0.8157894736842105,27,2,1,0,0,0,1,0,0,1,0,0,0,baixo
7,10000.0,145,0.7586206896551724,2,3,1,0,0,0,1,0,0,0,1,0,1,medio_baixo
5,35000.0,24,0.875,3,3,1,0,0,0,1,1,0,0,1,0,0,medio_alto
1,10000.0,0,0.0,1,2,1,0,0,1,0,0,1,0,0,1,0,medio_alto
4,0.0,0,0.0,4,1,1,1,0,0,0,1,0,0,0,0,0,gratuito
1,10000.0,0,0.0,1,1,1,0,0,0,0,1,0,0,0,0,0,medio_alto
3,0.0,0,0.0,0,0,1,0,0,0,0,0,0,0,0,0,0,gratuito
1,0.0,0,0.0,18,5,1,1,0,0,0,0,0,1,0,1,1,gratuito
1,0.0,0,0.0,5,4,1,1,1,10,1,0,0,1,1,0,0,gratuito
9,10000.0,81,0.6790123456790124,1,3,1,0,0,0,1,1,0,0,1,0,0,gratuito
1,0.0,0,0.0,1,3,1,1,1,1,1,0,1,0,0,0,0,gratuito
8,35000.0,3,1.0,1,4,1,1,1,1,1,1,1,0,0,1,0,alto
5,10000.0,0,0.0,1,2,1,0,0,0,1,0,0,0,0,1,0,alto
3,35000.0,27,0.5185185185185185,4,1,1,0,0,0,0,1,0,0,0,0,0,baixo
2,10000.0,5,0.8,1,3,1,0,0,0,1,0,0,0,0,1,1,alto
1,0.0,0,0.0,1,1,1,0,0,0,0,0,0,0,0,0,0,gratuito
8,10000.0,37,0.5135135135135135,5,3,1,0,0,1,1,1,1,0,0,0,0,baixo
7,10000.0,15,0.6,11,1,1,1,0,1,1,0,0,0,0,0,0,medio_baixo
2,10000.0,0,0.0,3,3,1,0,0,0,0,0,0,1,1,1,0,alto
1,0.0,0,0.0,1,4,1,0,0,0,1,0,1,1,0,0,0,gratuito
7,10000.0,352,0.8352272727272727,16,3,1,1,0,1,1,1,0,1,0,0,0,medio_alto
7,10000.0,64,0.484375,2,6,1,0,0,0,1,1,1,0,0,0,1,alto
2,10000.0,221,0.8687782805429864,7,4,1,0,0,0,1,1,0,0,0,1,0,alto
5,10000.0,6,0.8333333333333334,1,2,1,0,0,0,1,0,0,0,1,0,0,medio_baixo
2,35000.0,12,0.9166666666666666,2,2,1,1,1,0,1,0,0,1,0,0,0,alto
4,0.0,0,0.0,1,4,1,0,0,0,1,1,1,0,0,0,0,gratuito
5,10000.0,11,0.5454545454545454,3,3,1,0,0,0,1,0,0,1,0,0,1,baixo
2,0.0,0,0.0,103,2,1,0,0,0,0,0,0,1,0,0,1,baixo
8,10000.0,25,0.64,2,2,1,0,0,0,1,0,0,1,0,0,0,baixo
1,10000.0,16,1.0,1,5,1,0,0,0,1,1,0,1,0,0,1,alto
2,10000.0,13,0.8461538461538461,1,4,1,0,0,0,1,0,1,1,0,0,0,gratuito
4,0.0,0,0.0,1,3,1,0,0,0,0,0,1,1,0,0,0,gratuito
5,10000.0,13,0.8461538461538461,3,2,1,0,0,0,0,1,1,0,0,0,0,baixo
9,350000.0,3967,0.8505167632972019,4,4,1,1,0,1,1,0,1,1,1,0,0,medio_baixo
1,0.0,0,0.0,14,6,1,0,0,0,1,1,1,1,1,0,0,medio_baixo
2,150000.0,8910,0.36150392817059485,16,3,1,0,0,4,0,0,0,0,0,0,1,alto
1,10000.0,0,0.0,1,4,1,0,0,0,1,0,1,1,0,0,0,gratuito
6,10000.0,55,0.8545454545454545,4,4,1,1,1,1,1,1,1,1,0,0,0,medio_alto
4,10000.0,5,0.8,103,2,1,0,0,0,1,0,0,1,0,0,0,medio_alto
2,10000.0,8,0.625,26,4,1,0,0,0,1,1,1,0,0,0,1,baixo
4,0.0,0,0.0,0,0,1,0,0,0,0,0,0,0,0,0,0,gratuito
7,10000.0,4,0.75,1,4,1,0,0,0,1,1,0,1,0,0,0,alto
12,35000.0,120,0.55,1,1,1,0,0,0,0,0,0,0,0,0,1,medio_baixo
1,10000.0,0,0.0,1,2,1,0,0,0,1,0,1,0,0,0,0,medio_alto
1,10000.0,46,0.9565217391304348,12,3,1,1,1,0,1,0,1,0,1,0,0,alto
4,10000.0,20,0.75,2,4,1,0,0,0,1,0,0,0,1,1,0,alto
4,0.0,0,0.0,1,4,1,0,0,0,1,1,1,0,0,0,0,gratuito
3,10000.0,2,0.0,1,3,1,0,0,0,1,1,1,0,0,0,0,baixo
2,10000.0,1,1.0,1,4,1,0,0,0,1,1,0,1,1,0,0,medio_baixo
5,35000.0,3,1.0,2,3,1,1,0,0,1,0,0,0,0,1,0,gratuito
1,0.0,0,0.0,20,3,1,1,0,1,1,0,1,0,0,0,0,gratuito
12,10000.0,135,0.8888888888888888,1,2,1,1,1,3,1,0,0,0,1,0,0,medio_baixo
1,10000.0,0,0.0,1,2,1,0,0,0,1,0,0,1,0,0,0,alto
1,10000.0,38,1.0,9,2,1,1,0,0,1,0,1,0,0,0,0,medio_alto
4,0.0,0,0.0,0,0,1,0,0,0,0,0,0,0,0,0,0,gratuito
3,10000.0,0,0.0,1,4,1,1,1,0,1,0,1,1,1,0,0,alto
8,10000.0,105,0.8571428571428571,1,3,1,0,0,1,1,1,0,1,0,0,0,baixo
3,10000.0,8,1.0,2,2,1,0,0,0,1,1,0,0,0,0,0,medio_alto
4,10000.0,18,0.7777777777777778,103,6,1,1,1,0,1,1,1,1,0,1,1,alto
3,10000.0,167,0.9640718562874252,4,2,1,0,0,0,1,0,0,1,0,0,0,medio_baixo
2,35000.0,149,0.7516778523489933,3,3,1,0,0,0,1,0,1,0,1,0,0,medio_alto
5,10000.0,15,0.6,1,6,1,1,0,0,1,1,1,1,0,0,1,alto
3,10000.0,1,1.0,1,3,1,0,0,0,1,0,0,1,0,1,0,baixo
2,10000.0,3,0.6666666666666666,41,4,1,1,0,0,1,0,1,0,1,1,0,baixo
9,10000.0,6,0.8333333333333334,1,2,1,0,0,0,1,1,0,0,0,0,0,alto
1,0.0,0,0.0,0,0,1,0,0,0,0,0,0,0,0,0,0,gratuito
4,10000.0,24,0.9166666666666666,5,3,1,1,1,1,1,0,0,1,0,0,1,medio_alto
5,10000.0,0,0.0,1,2,1,0,0,0,1,0,0,1,0,0,0,baixo
1,0.0,0,0.0,1,4,1,0,0,0,1,1,1,0,0,0,0,gratuito
7,10000.0,19,0.6842105263157895,1,2,1,0,0,0,1,0,0,1,0,0,0,baixo
5,10000.0,18,0.8333333333333334,2,1,1,0,0,1,0,0,0,1,0,0,0,medio_baixo
1,10000.0,37,0.918918918918919,2,2,1,0,0,0,1,0,0,0,0,1,0,medio_baixo
4,0.0,0,0.0,0,0,1,0,0,0,0,0,0,0,0,0,0,gratuito
15,350000.0,1082,0.7624768946395564,1,2,1,1,1,0,1,1,0,0,0,0,0,medio_baixo
5,0.0,0,0.0,1,2,1,0,0,0,0,0,1,0,1,0,0,gratuito
2,10000.0,39,0.9487179487179487,2,2,1,1,0,0,1,0,1,0,0,0,0,medio_baixo
6,35000.0,484,0.8946280991735537,3,3,1,0,0,2,1,0,1,1,0,0,0,medio_baixo
3,10000.0,3,0.3333333333333333,1,4,1,1,0,0,0,0,1,1,1,0,0,alto
6,75000.0,364,0.7692307692307693,8,4,1,1,0,0,1,0,0,0,0,1,0,gratuito
5,10000.0,2,1.0,1,1,1,0,0,0,1,0,0,0,0,0,0,medio_baixo
5,10000.0,131,0.8625954198473282,6,2,1,0,0,1,1,1,0,0,0,0,0,alto
4,10000.0,3,0.3333333333333333,1,3,1,0,0,0,1,0,0,1,0,1,0,medio_alto
4,35000.0,8,1.0,1,3,1,1,0,0,1,1,0,1,0,0,0,baixo
4,10000.0,0,0.0,1,3,1,0,1,1,1,0,1,0,1,0,0,alto
5,10000.0,40,0.825,3,3,1,0,0,1,1,1,1,0,0,0,0,baixo
2,0.0,0,0.0,0,0,1,0,0,0,0,0,0,0,0,0,0,gratuito
2,10000.0,0,0.0,1,4,1,0,0,0,1,1,1,0,0,1,0,baixo
7,10000.0,0,0.0,1,1,1,0,0,0,0,0,0,1,0,0,0,medio_baixo
1,0.0,0,0.0,0,0,1,0,0,0,0,0,0,0,0,0,0,gratuito
6,10000.0,113,0.7699115044247787,10,2,1,1,0,0,0,0,0,0,1,1,0,alto
6,10000.0,16,0.1875,1,2,1,0,0,0,0,0,0,0,0,0,1,medio_alto
1,10000.0,0,0.0,5,4,1,0,0,0,1,0,0,1,0,1,1,medio_alto
1,0.0,0,0.0,1,1,1,0,0,0,1,0,0,0,0,0,0,medio_alto
7,10000.0,12,0.5,3,1,1,0,0,0,0,0,0,1,0,0,0,alto
6,10000.0,0,0.0,1,1,1,0,0,0,0,0,0,0,1,0,0,medio_alto
6,350000.0,2008,0.7241035856573705,13,3,1,0,0,2,1,1,1,0,0,0,0,medio_baixo
9,1500000.0,7179,0.8568045688814598,13,1,1,0,0,0,0,1,0,0,0,0,0,medio_baixo
4,10000.0,20,0.9,3,1,1,0,0,0,0,0,0,1,0,0,0,medio_baixo
3,10000.0,1,0.0,1,4,1,0,0,0,1,1,1,0,1,0,0,medio_alto
3,10000.0,2,0.5,103,8,1,1,1,0,1,1,1,1,1,1,0,alto
4,0.0,0,0.0,1,1,1,0,0,0,0,0,1,0,0,0,0,gratuito
2,10000.0,0,0.0,7,3,1,1,0,0,1,0,0,0,1,1,0,alto
2,10000.0,15,0.6666666666666666,1,2,1,0,0,0,1,0,1,0,0,0,0,medio_baixo
7,10000.0,18,0.7777777777777778,2,3,1,1,1,0,1,0,1,0,1,0,0,medio_baixo
2,0.0,0,0.0,0,0,1,0,0,0,0,0,0,0,0,0,0,gratuito
7,35000.0,91,0.7142857142857143,2,3,1,0,0,0,1,1,1,0,0,0,0,medio_alto
2,10000.0,0,0.0,1,4,1,0,0,0,1,1,1,1,0,0,0,alto
5,10000.0,22,0.6363636363636364,1,8,1,0,0,0,1,1,1,1,0,1,1,baixo
3,0.0,0,0.0,2,3,1,0,0,0,1,0,0,0,0,1,0,gratuito
2,10000.0,7,0.8571428571428571,1,3,1,0,0,0,1,1,1,0,0,0,0,alto
4,0.0,0,0.0,1,4,1,1,0,1,1,1,0,1,0,0,0,gratuito
2,10000.0,0,0.0,1,1,1,1,1,0,0,0,1,0,0,0,0,medio_alto
7,10000.0,0,0.0,103,2,1,0,0,0,1,0,0,1,0,0,0,baixo
1,10000.0,0,0.0,1,1,1,0,0,0,0,1,0,0,0,0,0,medio_alto
2,150000.0,735,0.4775510204081633,11,5,1,0,0,2,1,1,0,0,0,1,1,alto
2,75000.0,231,0.5800865800865801,1,2,1,0,0,0,0,1,0,0,0,0,0,alto
7,10000.0,2,0.5,1,5,1,0,0,15,1,0,1,1,0,1,1,baixo
5,10000.0,146,0.678082191780822,27,1,1,0,0,0,0,1,0,0,0,0,0,baixo
7,10000.0,39,0.717948717948718,6,3,1,1,0,1,1,0,0,1,0,1,0,baixo
5,10000.0,6,0.8333333333333334,1,2,1,0,0,0,1,0,0,1,0,0,0,medio_alto
2,10000.0,1,1.0,1,4,1,0,0,0,1,1,1,0,1,0,0,medio_alto
1,75000.0,1781,0.9533969679955081,1,2,1,0,0,0,1,1,0,0,0,0,0,medio_alto
8,10000.0,6,0.8333333333333334,1,2,1,0,0,0,1,0,0,0,0,0,0,gratuito
1,0.0,0,0.0,20,5,1,0,0,0,1,1,0,1,0,0,1,medio_alto
2,10000.0,0,0.0,1,5,1,0,0,0,1,1,1,1,0,0,1,medio_alto
3,10000.0,0,0.0,1,3,1,0,0,0,0,1,0,0,0,0,0,gratuito
6,10000.0,3,1.0,1,1,1,0,0,0,0,0,0,0,0,1,0,medio_baixo
2,35000.0,3,0.6666666666666666,8,2,1,0,0,0,1,0,0,1,0,0,0,medio_baixo
1,0.0,0,0.0,0,0,1,0,0,0,0,0,0,0,0,0,0,gratuito
2,10000.0,0,0.0,1,2,1,1,1,0,1,0,0,1,0,0,0,baixo
3,10000.0,1,1.0,1,3,1,0,0,0,0,1,1,0,1,0,0,medio_alto
7,10000.0,7,0.7142857142857143,1,3,1,1,1,0,1,0,1,0,1,0,0,medio_alto
5,150000.0,1756,0.7625284738041003,8,3,1,0,0,7,1,1,1,0,0,0,0,medio_alto
1,10000.0,2,1.0,2,1,1,0,0,0,0,1,0,0,0,0,0,medio_alto
7,10000.0,21,1.0,2,5,1,0,0,0,1,0,1,1,1,0,0,baixo
1,0.0,0,0.0,1,3,1,0,0,0,1,0,0,1,0,0,0,baixo
1,10000.0,0,0.0,1,6,1,0,0,0,1,1,1,1,0,1,1,medio_alto
1,10000.0,4,1.0,9,7,1,0,0,0,1,1,1,0,1,1,1,alto
8,10000.0,40,0.775,1,1,1,0,0,0,1,0,0,0,0,0,0,medio_baixo
2,10000.0,5,0.8,1,2,1,0,0,0,0,1,0,0,0,0,0,gratuito
2,10000.0,0,0.0,1,4,1,0,0,0,1,1,1,0,0,0,0,medio_baixo
9,10000.0,46,0.45652173913043476,6,2,1,0,0,0,1,1,0,0,0,0,0,baixo
4,10000.0,8,0.25,7,3,1,0,0,0,1,0,0,0,1,0,1,medio_baixo
1,0.0,0,0.0,2,3,1,0,0,0,1,0,0,1,0,0,0,gratuito
1,10000.0,0,0.0,1,2,1,0,0,0,1,0,0,1,0,0,0,medio_baixo
3,10000.0,11,0.6363636363636364,1,2,1,0,0,0,0,0,0,0,1,0,0,baixo
4,10000.0,272,0.6727941176470589,1,4,1,0,0,0,1,1,1,0,0,0,0,medio_alto
13,350000.0,1543,0.7893713545042126,5,3,1,1,1,0,1,0,0,0,1,1,0,medio_alto
4,10000.0,227,0.8458149779735683,2,2,1,0,0,0,0,1,1,0,0,0,0,medio_baixo
5,10000.0,1,1.0,7,3,1,0,1,0,1,1,1,0,0,0,0,medio_baixo
1,10000.0,2,1.0,2,3,1,0,0,0,1,0,0,1,0,1,0,alto
4,10000.0,0,0.0,1,3,1,1,0,0,1,1,0,0,1,0,0,alto
8,10000.0,51,0.6078431372549019,1,4,1,0,0,0,1,0,0,1,0,1,1,baixo
2,10000.0,2,1.0,1,5,1,0,0,0,1,0,1,1,1,1,0,medio_alto
9,10000.0,7,0.7142857142857143,2,3,1,0,0,0,0,1,0,1,0,0,0,alto
9,10000.0,39,0.48717948717948717,2,5,1,0,0,0,1,1,1,0,0,1,0,gratuito
2,0.0,0,0.0,1,1,1,1,1,0,0,0,0,1,0,0,0,gratuito
1,0.0,0,0.0,1,4,1,0,0,0,1,0,1,0,1,0,0,gratuito
4,10000.0,55,0.5636363636363636,1,2,1,0,0,1,0,1,1,0,0,0,0,baixo
2,10000.0,160,0.80625,9,3,1,0,0,0,1,1,1,0,0,0,0,medio_alto
5,10000.0,10,0.2,1,1,1,0,0,0,0,0,0,0,0,0,0,alto
7,10000.0,50,0.94,1,4,1,0,0,0,1,1,1,0,0,0,0,gratuito
3,10000.0,70,0.44285714285714284,18,8,1,0,0,0,1,1,1,1,0,0,1,baixo
10,35000.0,134,0.8059701492537313,1,3,1,0,0,1,1,0,1,1,0,0,0,alto
9,35000.0,97,0.7628865979381443,1,3,1,0,0,0,1,1,1,0,0,0,0,baixo
4,150000.0,881,0.7480136208853575,12,4,1,0,0,0,1,1,1,0,0,0,1,medio_baixo
1,0.0,0,0.0,0,0,1,0,0,0,0,0,0,0,0,0,0,gratuito
1,10000.0,56,0.9285714285714286,1,2,1,1,1,0,1,1,0,0,0,0,0,medio_baixo
1,10000.0,14,1.0,3,3,1,0,0,4,1,1,0,1,0,0,0,baixo
2,10000.0,0,0.0,2,2,1,0,0,0,1,0,0,1,0,0,0,medio_alto
1,0.0,0,0.0,1,4,1,0,1,2,1,0,0,0,0,0,0,gratuito
5,10000.0,24,0.875,1,3,1,0,0,0,1,0,0,1,0,1,0,medio_baixo
1,10000.0,0,0.0,4,3,1,1,0,0,1,0,1,0,1,0,0,medio_alto
10,10000.0,88,0.8068181818181818,3,4,1,1,0,1,1,1,1,0,0,0,1,medio_baixo
5,10000.0,1,1.0,1,2,1,0,0,0,1,0,0,1,0,0,0,medio_baixo
11,35000.0,152,0.6644736842105263,2,2,1,1,1,0,1,0,0,1,0,0,0,baixo
14,1500000.0,14156,0.7387680135631535,19,1,1,0,0,0,0,0,1,0,0,0,0,gratuito
4,10000.0,33,0.5454545454545454,1,2,1,0,0,0,0,0,1,1,0,0,0,gratuito
1,10000.0,10,0.7,1,3,1,1,1,0,1,0,1,0,1,0,0,medio_alto
2,10000.0,0,0.0,2,2,1,0,0,0,0,0,0,0,0,0,0,gratuito
1,0.0,0,0.0,1,3,1,0,0,0,1,0,0,1,0,1,0,medio_alto
1,10000.0,0,0.0,6,2,1,0,0,0,0,0,0,1,1,0,0,alto
6,10000.0,55,0.509090909090909,1,2,1,0,0,0,1,1,0,0,0,0,0,baixo
6,10000.0,7,1.0,1,2,1,0,0,0,1,1,0,0,0,0,0,gratuito
2,10000.0,9,0.7777777777777778,1,3,1,0,0,0,1,0,1,0,0,0,1,medio_baixo
3,10000.0,13,0.8461538461538461,1,1,1,0,0,0,0,0,0,1,0,0,0,baixo
7,35000.0,40,0.575,1,5,1,0,0,4,1,1,0,1,0,0,0,gratuito
2,35000.0,1,1.0,1,1,1,0,0,0,0,0,0,1,0,0,0,medio_alto
10,10000.0,61,0.7377049180327869,1,2,1,1,1,1,1,0,0,0,1,0,0,medio_baixo
1,0.0,0,0.0,0,0,1,0,0,0,0,0,0,0,0,0,0,gratuito
8,10000.0,575,0.8869565217391304,4,2,1,0,0,0,1,0,0,0,1,0,0,medio_alto
6,10000.0,113,0.7876106194690266,3,2,1,0,0,1,1,1,0,0,0,0,0,medio_alto
8,35000.0,13,0.46153846153846156,27,2,1,1,0,0,1,0,1,0,0,0,0,alto
2,35000.0,827,0.9480048367593712,10,2,1,0,0,0,0,1,0,0,0,1,0,alto
7,1500000.0,12373,0.823163339529621,13,2,1,0,0,1,0,1,1,0,0,0,0,alto
4,10000.0,56,0.8392857142857143,3,2,1,0,0,2,0,1,0,0,1,0,0,medio_baixo
3,0.0,0,0.0,2,4,1,0,0,0,1,1,1,0,1,0,0,gratuito
5,0.0,0,0.0,0,0,1,0,0,0,0,0,0,0,0,0,0,gratuito
3,10000.0,16,0.8125,1,3,1,0,0,0,1,1,0,0,0,0,0,baixo
4,10000.0,2,0.5,1,4,1,1,0,0,0,0,0,1,0,1,1,baixo
5,10000.0,3,1.0,1,4,1,0,0,0,1,0,1,1,0,1,0,baixo
5,10000.0,4,0.75,1,3,1,0,0,1,1,0,0,1,0,1,0,medio_alto
2,0.0,0,0.0,3,4,1,0,0,0,1,0,1,1,0,0,0,gratuito
6,10000.0,3,0.6666666666666666,1,5,1,0,0,0,1,0,1,1,1,1,0,baixo
8,10000.0,4,0.25,1,5,1,0,0,0,1,0,0,1,0,0,1,alto
9,10000.0,15,0.8,1,3,1,0,0,0,1,1,1,0,0,0,0,medio_baixo
4,10000.0,6,0.6666666666666666,103,5,1,0,0,0,1,0,1,1,0,1,1,baixo
4,0.0,0,0.0,1,2,1,0,0,0,1,0,0,1,0,0,0,gratuito
6,10000.0,1,1.0,1,3,1,0,0,0,1,1,1,0,0,0,0,baixo
6,10000.0,4,0.5,1,3,1,0,0,0,1,1,0,1,0,0,0,baixo
6,10000.0,45,0.7333333333333333,2,3,1,0,0,0,1,1,0,1,0,0,0,baixo
2,75000.0,23,1.0,1,5,1,0,0,0,1,1,1,0,1,0,0,alto
2,10000.0,1,1.0,1,1,1,0,0,0,0,0,0,1,0,0,0,baixo
4,10000.0,5,0.4,1,5,1,0,0,0,1,0,0,1,1,1,1,baixo
3,10000.0,109,0.926605504587156,13,6,1,0,0,0,1,0,0,0,0,0,0,baixo
8,10000.0,22,0.8636363636363636,1,2,1,0,0,0,1,0,0,0,1,0,0,medio_alto
1,0.0,0,0.0,1,4,1,0,0,0,1,0,1,0,1,0,0,gratuito
2,10000.0,66,0.7878787878787878,10,3,1,0,0,1,1,0,1,0,0,0,1,medio_alto
10,10000.0,28,0.4642857142857143,1,2,1,0,0,0,1,1,0,0,0,0,0,gratuito
1,0.0,0,0.0,1,3,1,0,0,0,1,1,1,0,0,0,0,medio_alto
3,10000.0,1,0.0,1,2,1,0,0,0,0,0,0,1,1,0,0,medio_alto
2,0.0,0,0.0,0,0,1,0,0,0,0,0,0,0,0,0,0,gratuito
8,10000.0,182,0.37362637362637363,7,3,1,0,0,0,1,1,0,0,1,0,0,baixo
5,35000.0,6,0.3333333333333333,2,3,1,0,0,0,1,0,0,0,0,0,0,baixo
2,10000.0,11,0.8181818181818182,12,2,1,0,1,0,1,1,0,0,0,0,0,baixo
3,10000.0,25,0.48,1,7,1,0,0,0,0,1,1,1,1,1,1,baixo
2,10000.0,0,0.0,2,5,1,0,0,0,1,0,1,0,1,0,0,gratuito
2,0.0,0,0.0,2,5,1,0,0,1,1,0,1,0,1,0,1,gratuito
9,10000.0,2,0.0,1,4,1,0,0,0,1,0,0,1,0,0,1,gratuito
1,10000.0,3,0.0,1,5,1,0,0,0,1,1,1,1,0,0,0,medio_alto
1,0.0,0,0.0,1,4,1,0,0,0,1,1,0,1,0,0,0,gratuito
2,10000.0,2,1.0,1,2,1,0,0,0,1,1,0,0,0,0,0,baixo
4,0.0,0,0.0,12,3,1,0,0,0,0,1,1,0,1,0,0,gratuito
4,0.0,0,0.0,1,3,1,0,0,0,1,0,1,1,0,0,0,gratuito
2,10000.0,11,0.18181818181818182,7,1,1,0,0,0,1,0,0,0,0,0,0,alto
6,350000.0,3355,0.8679582712369598,10,3,1,0,1,2,1,1,0,0,1,0,0,alto
5,35000.0,4,0.75,1,2,1,0,0,0,1,0,0,0,0,1,0,medio_alto
2,0.0,0,0.0,1,4,1,0,1,0,1,0,0,1,0,0,1,gratuito
1,0.0,0,0.0,1,3,1,0,0,0,0,1,1,0,0,0,0,gratuito
6,10000.0,12,0.75,1,2,1,0,0,0,0,0,0,1,0,0,0,gratuito
10,10000.0,101,0.6435643564356436,1,4,1,0,1,0,1,1,0,1,0,0,1,medio_alto
3,35000.0,4,1.0,1,4,1,0,0,0,1,1,0,1,0,1,0,baixo
10,10000.0,20,0.6,1,3,1,0,0,0,0,0,0,0,0,0,1,gratuito
4,10000.0,0,0.0,1,2,1,0,0,0,1,0,0,1,0,0,0,medio_baixo
1,10000.0,0,0.0,4,2,1,0,0,0,1,0,0,1,0,0,0,medio_alto
10,10000.0,14,0.8571428571428571,1,2,1,1,1,0,1,1,0,0,0,0,0,medio_baixo
5,75000.0,31,0.5806451612903226,1,4,1,0,0,0,0,0,0,1,0,1,1,baixo
3,35000.0,97,0.8762886597938144,3,4,1,0,0,0,1,0,1,1,1,0,0,baixo
1,0.0,0,0.0,1,3,1,0,0,0,0,1,1,0,0,0,0,gratuito
2,10000.0,221,0.9276018099547512,11,2,1,0,0,2,1,0,1,0,0,0,0,alto
2,35000.0,141,0.6524822695035462,14,6,1,0,0,0,1,0,1,1,1,1,1,medio_alto
2,10000.0,223,0.9820627802690582,10,2,1,0,0,1,1,0,1,0,0,0,0,medio_alto
11,75000.0,281,0.5124555160142349,9,4,1,0,0,0,1,1,1,0,1,0,0,baixo
2,0.0,0,0.0,0,0,1,0,0,0,0,0,0,0,0,0,0,gratuito
6,10000.0,3,1.0,11,5,1,1,1,0,1,1,0,0,1,1,0,medio_alto
8,10000.0,41,0.7317073170731707,1,2,1,1,1,0,1,0,0,0,1,0,0,medio_alto
2,0.0,0,0.0,16,7,1,0,0,0,1,0,1,1,1,0,0,gratuito
2,10000.0,0,0.0,1,1,1,0,0,0,0,1,0,0,0,0,0,medio_alto
8,10000.0,20,0.8,1,2,1,1,1,0,1,0,0,0,0,1,0,medio_alto
2,10000.0,0,0.0,7,3,1,0,0,0,1,1,1,0,0,0,0,medio_alto
15,150000.0,781,0.4148527528809219,4,2,1,0,0,0,0,1,0,0,0,1,0,baixo
2,10000.0,4,0.25,2,5,1,0,0,0,1,0,0,1,0,0,1,baixo
6,10000.0,0,0.0,1,1,1,0,0,0,0,0,0,0,0,0,1,medio_alto
2,0.0,0,0.0,1,5,1,0,0,0,1,0,1,0,0,0,0,gratuito
8,10000.0,34,0.7647058823529411,1,2,1,1,0,0,1,1,0,0,0,0,0,medio_alto
1,10000.0,0,0.0,9,1,1,0,0,142,0,0,0,0,0,0,1,alto
7,10000.0,18,0.5,1,2,1,0,0,0,1,0,1,0,0,0,0,baixo
1,10000.0,0,0.0,6,2,1,1,1,0,1,0,0,1,0,0,0,baixo
8,10000.0,42,0.5714285714285714,1,2,1,0,0,1,1,0,0,1,0,0,0,medio_baixo
11,350000.0,5451,0.8805723720418271,1,4,1,0,1,9,1,1,0,0,0,0,0,gratuito
11,150000.0,322,0.7701863354037267,2,2,1,0,0,1,1,1,0,0,0,0,0,baixo
3,10000.0,7,0.8571428571428571,1,2,1,0,1,0,1,0,0,0,1,0,0,baixo
2,0.0,0,0.0,1,4,1,0,0,0,1,1,1,0,0,0,0,gratuito
7,350000.0,4100,0.7319512195121951,8,3,1,1,1,4,1,0,0,0,0,1,1,alto
5,10000.0,0,0.0,1,2,1,0,0,2,1,0,0,1,0,0,0,baixo
5,10000.0,0,0.0,1,3,1,0,0,0,1,0,0,1,0,1,0,baixo
8,10000.0,69,0.855072463768116,2,3,1,0,0,0,1,0,1,1,0,0,0,baixo
4,10000.0,6,1.0,1,1,1,0,0,0,0,0,0,0,1,0,0,medio_baixo
8,10000.0,3,0.3333333333333333,1,2,1,0,0,0,1,0,0,1,0,0,0,medio_baixo
1,10000.0,3,1.0,4,2,1,0,0,0,1,0,0,0,1,0,0,medio_alto
1,0.0,0,0.0,1,3,1,0,0,0,1,0,1,1,0,0,0,medio_alto
6,10000.0,12,0.5,1,2,1,1,0,2,1,0,0,1,0,0,0,medio_baixo
10,10000.0,11,0.5454545454545454,1,3,1,0,0,0,1,1,0,0,0,0,0,medio_alto
9,10000.0,27,0.8518518518518519,1,2,1,0,0,0,1,1,0,0,0,0,0,medio_alto
11,10000.0,39,0.8205128205128205,2,1,1,1,1,0,1,0,0,0,0,0,0,gratuito
6,35000.0,14,0.7142857142857143,4,1,1,0,0,0,0,0,0,1,0,0,0,medio_baixo
4,10000.0,5,1.0,1,2,1,0,0,2,1,0,0,0,0,0,1,baixo
9,35000.0,415,0.6168674698795181,2,5,1,0,0,0,1,1,0,0,0,0,1,alto
3,10000.0,28,0.2857142857142857,1,5,1,0,0,0,1,0,0,1,0,1,0,gratuito
1,0.0,0,0.0,1,3,1,0,0,0,1,1,0,1,0,0,0,medio_baixo
10,150000.0,322,0.7639751552795031,3,4,1,0,0,0,0,0,0,0,0,0,0,gratuito
3,35000.0,68,0.7058823529411765,7,2,1,0,0,0,0,0,1,0,0,0,1,gratuito
11,1500000.0,3345,0.9055306427503736,1,2,1,0,0,0,1,0,0,1,0,0,0,baixo
1,0.0,0,0.0,2,4,1,0,0,0,0,0,1,1,1,1,0,gratuito
7,10000.0,103,0.9320388349514563,2,1,1,1,1,1,1,0,0,0,0,0,0,gratuito
6,10000.0,4,0.0,1,1,1,0,0,0,0,0,0,0,0,0,0,medio_alto
7,350000.0,1490,0.8845637583892617,1,3,1,1,1,3,1,0,0,0,0,1,1,medio_alto
6,35000.0,11,0.8181818181818182,1,1,1,0,0,0,0,0,1,0,0,0,0,medio_alto
2,10000.0,8,0.75,1,2,1,0,0,0,1,0,1,0,0,0,0,baixo
1,0.0,0,0.0,2,4,1,0,0,0,1,0,0,0,1,1,0,alto
4,0.0,0,0.0,2,4,1,0,0,0,1,0,1,1,0,0,0,gratuito
3,10000.0,24,0.8333333333333334,1,5,1,0,0,1,1,1,0,1,0,1,0,gratuito
5,10000.0,0,0.0,5,2,1,0,0,0,1,0,0,1,0,0,0,baixo
3,10000.0,4,0.75,1,3,1,0,0,0,1,0,0,1,0,1,0,medio_baixo
1,10000.0,0,0.0,6,2,1,1,1,0,1,0,0,1,0,0,0,medio_baixo
5,10000.0,5,0.6,13,3,1,0,0,0,0,0,1,1,0,1,0,baixo
1,0.0,0,0.0,2,5,1,0,0,0,0,1,0,0,1,1,0,gratuito
2,0.0,0,0.0,0,0,1,0,0,0,0,0,0,0,0,0,0,gratuito
9,10000.0,28,0.8928571428571429,1,2,1,0,0,0,1,0,1,0,0,0,0,gratuito
2,0.0,0,0.0,1,3,1,0,0,0,1,1,1,0,0,0,0,gratuito
2,350000.0,112,0.8303571428571429,2,6,1,0,0,0,1,1,1,0,1,1,0,medio_alto
8,10000.0,4,1.0,1,2,1,0,0,0,0,0,1,1,0,0,0,baixo
7,10000.0,100,0.91,4,4,1,1,1,0,1,1,1,1,0,0,0,baixo
3,10000.0,0,0.0,1,5,1,0,0,0,1,1,0,1,1,0,1,alto
1,10000.0,0,0.0,2,1,1,0,1,0,0,0,1,0,0,0,0,alto
10,10000.0,37,0.7297297297297297,1,3,1,0,0,1,1,1,1,0,0,0,0,medio_baixo
13,35000.0,66,0.3939393939393939,1,2,1,1,0,0,1,0,0,1,0,0,0,medio_baixo
7,75000.0,226,0.8893805309734514,1,2,1,0,0,1,1,1,0,0,0,0,0,alto
6,750000.0,4049,0.9288713262533959,4,3,1,0,0,3,1,0,1,0,1,0,0,medio_alto
1,0.0,0,0.0,0,0,1,0,0,0,0,0,0,0,0,0,0,gratuito
1,10000.0,0,0.0,16,4,1,0,0,0,0,1,1,1,0,0,1,medio_baixo
9,10000.0,13,0.7692307692307693,2,3,1,0,0,0,0,0,0,1,0,1,1,alto
2,10000.0,11,0.8181818181818182,8,5,1,0,0,0,1,1,1,0,1,0,0,medio_alto
5,10000.0,11,1.0,2,2,1,0,0,0,0,1,1,0,0,0,0,baixo
7,10000.0,188,0.824468085106383,3,2,1,1,1,0,0,0,1,1,0,0,0,alto
6,10000.0,8,0.25,1,2,1,0,0,0,1,0,0,0,0,0,0,medio_alto
7,35000.0,841,0.8537455410225921,3,1,1,1,0,0,1,0,0,0,0,0,0,medio_baixo
2,10000.0,7,0.7142857142857143,1,3,1,0,0,0,1,1,1,0,0,0,0,baixo
1,10000.0,0,0.0,8,3,1,1,1,2,0,0,1,0,1,0,1,alto
1,10000.0,0,0.0,2,1,1,1,1,0,0,0,1,0,0,0,0,medio_alto
10,35000.0,136,0.5661764705882353,5,2,1,1,0,0,1,0,1,0,0,0,0,medio_alto
2,10000.0,10,1.0,1,2,1,0,0,1,1,0,1,0,0,0,0,medio_alto
6,35000.0,838,0.9677804295942721,5,2,1,0,0,1,1,1,0,0,0,0,0,medio_baixo
8,10000.0,364,0.9725274725274725,6,1,1,1,0,0,0,0,0,0,0,0,1,alto
3,10000.0,9,0.6666666666666666,1,3,1,0,0,1,1,1,1,0,0,0,0,medio_alto
6,10000.0,158,0.759493670886076,2,1,1,0,0,0,0,0,0,1,0,0,0,baixo
7,10000.0,318,0.9025157232704403,1,2,1,1,1,0,1,0,0,1,0,0,0,baixo
10,10000.0,68,0.7647058823529411,1,3,1,0,0,0,0,0,1,1,0,0,0,gratuito
9,35000.0,49,0.8775510204081632,1,2,1,0,0,0,1,1,0,0,0,0,0,medio_alto
8,75000.0,1139,0.8656716417910447,12,3,1,0,0,1,1,0,0,1,0,0,1,alto
5,0.0,0,0.0,0,0,1,0,0,0,0,0,0,0,0,0,0,gratuito
2,35000.0,9,0.6666666666666666,1,5,1,0,0,0,1,1,1,1,1,0,0,baixo
6,150000.0,1153,0.9488291413703382,1,4,1,0,0,0,1,0,1,0,1,1,0,alto
8,10000.0,10,0.9,6,3,1,0,0,0,0,0,0,0,0,0,0,medio_alto
5,10000.0,4,0.5,1,2,1,1,0,0,0,1,0,1,0,0,0,alto
10,10000.0,6,0.6666666666666666,1,2,1,0,0,0,0,0,0,0,0,0,0,alto
1,0.0,0,0.0,2,1,1,0,0,0,0,0,1,0,0,0,0,alto
6,10000.0,13,0.7692307692307693,1,2,1,0,0,0,0,1,0,0,1,0,0,medio_alto
4,10000.0,18,0.8888888888888888,1,2,1,0,0,0,0,0,1,0,0,0,0,gratuito
2,35000.0,12,1.0,1,1,1,0,0,0,0,1,0,0,0,0,0,medio_alto
3,10000.0,22,0.9090909090909091,1,5,1,0,1,0,1,1,0,1,0,1,1,baixo
1,10000.0,5,1.0,1,4,1,0,0,0,1,1,1,1,0,0,0,medio_alto
8,10000.0,42,0.9047619047619048,29,2,1,0,0,0,1,0,0,1,0,0,0,baixo
10,150000.0,395,0.8075949367088607,71,3,1,1,1,0,1,1,0,0,0,1,0,alto
5,10000.0,102,0.7156862745098039,1,2,1,0,0,0,0,0,0,0,1,1,0,baixo
5,10000.0,0,0.0,1,2,1,0,0,0,0,0,1,1,0,0,0,baixo
4,0.0,0,0.0,10,3,1,0,0,0,1,0,0,0,0,1,0,gratuito
3,35000.0,28,0.7857142857142857,2,1,1,0,0,0,0,0,0,1,0,0,0,medio_alto
2,35000.0,306,0.6633986928104575,13,2,1,0,0,1,1,1,0,0,0,0,0,alto
2,10000.0,18,0.7777777777777778,11,1,1,1,0,0,0,0,0,0,0,1,0,alto
2,10000.0,6,1.0,1,2,1,1,0,0,1,0,0,0,0,1,0,baixo
3,10000.0,2,0.5,2,2,1,0,0,0,1,0,1,0,0,0,0,alto
10,10000.0,79,0.810126582278481,1,1,1,0,0,0,0,0,0,0,0,0,0,medio_baixo
6,35000.0,214,0.794392523364486,7,2,1,0,0,0,0,0,0,0,0,1,1,alto
1,0.0,0,0.0,1,2,1,1,1,0,1,1,0,0,0,0,0,medio_alto
3,10000.0,0,0.0,1,5,1,0,0,0,1,1,1,1,0,0,0,gratuito
3,10000.0,19,0.8947368421052632,2,3,1,0,0,3,1,1,1,0,0,0,0,medio_alto
1,0.0,0,0.0,0,0,1,0,0,0,0,0,0,0,0,0,0,gratuito
5,75000.0,3,1.0,2,1,1,0,0,0,0,0,0,0,1,0,0,medio_baixo
4,10000.0,0,0.0,1,3,1,0,0,0,0,1,1,0,1,0,0,medio_baixo
6,10000.0,3,0.6666666666666666,4,2,1,0,0,0,1,1,0,0,0,0,0,medio_alto
5,0.0,0,0.0,15,4,1,0,0,8,1,0,0,1,0,0,1,gratuito
6,35000.0,1,1.0,1,2,1,1,1,0,1,0,0,1,0,0,0,baixo
10,35000.0,367,0.888283378746594,9,2,1,1,1,0,0,0,1,1,0,0,0,medio_baixo
1,10000.0,0,0.0,1,1,1,1,0,0,0,0,0,0,0,0,0,medio_alto
9,10000.0,93,0.7419354838709677,4,3,1,0,0,1,1,1,0,1,0,0,0,medio_baixo
3,10000.0,1,0.0,8,2,1,0,0,0,1,0,0,0,0,0,0,medio_baixo
4,10000.0,40,0.8,1,4,1,0,0,0,1,1,1,0,1,0,0,baixo
1,0.0,0,0.0,1,2,1,0,0,0,0,0,0,1,0,0,1,alto
7,10000.0,4,0.5,2,5,1,0,0,0,1,0,1,0,1,0,1,medio_baixo
3,10000.0,0,0.0,1,1,1,0,0,0,0,0,0,1,0,0,0,baixo
1,10000.0,0,0.0,16,2,1,0,0,0,0,0,0,0,0,0,0,medio_alto
3,150000.0,1205,0.9311203319502075,1,2,1,0,0,0,1,1,0,0,0,0,0,alto
2,0.0,0,0.0,1,6,1,0,0,0,1,0,1,1,1,1,0,gratuito
5,10000.0,8,0.75,1,3,1,1,1,0,1,0,0,0,0,0,0,gratuito
2,35000.0,3,0.6666666666666666,9,5,1,0,0,0,1,1,1,0,1,1,0,baixo
2,0.0,0,0.0,0,0,1,0,0,0,0,0,0,0,0,0,0,gratuito
13,750000.0,7369,0.9402904057538336,1,3,1,0,0,0,1,1,1,0,0,0,0,medio_baixo
1,10000.0,0,0.0,3,2,1,1,0,2,1,0,0,1,0,0,0,medio_baixo
5,10000.0,210,0.7380952380952381,1,3,1,0,1,1,1,0,0,0,0,0,1,medio_alto
2,0.0,0,0.0,103,2,1,0,0,0,1,1,0,0,0,0,0,medio_alto
5,0.0,0,0.0,0,0,1,0,0,0,0,0,0,0,0,0,0,gratuito
2,10000.0,17,0.8235294117647058,13,2,1,0,0,0,1,1,0,0,0,0,0,medio_baixo
2,10000.0,14,0.7857142857142857,2,4,1,0,0,0,1,1,1,0,1,0,0,medio_alto
2,0.0,0,0.0,1,5,1,0,0,1,1,0,1,0,1,0,1,gratuito
6,10000.0,20,0.95,2,2,1,0,0,0,0,1,0,0,0,0,0,medio_baixo
5,10000.0,72,0.9027777777777778,29,2,1,0,0,2,1,0,0,1,0,0,0,baixo
1,0.0,0,0.0,0,0,1,0,0,0,0,0,0,0,0,0,0,gratuito
4,0.0,0,0.0,1,5,1,0,0,0,0,1,0,1,0,0,0,gratuito
14,350000.0,330,0.5393939393939394,5,1,1,0,0,0,0,1,0,0,0,0,0,alto
1,35000.0,909,0.9922992299229924,4,3,1,1,1,1,1,0,1,1,0,0,0,alto
8,10000.0,25,0.84,2,1,1,0,0,0,0,0,0,0,0,0,1,alto
3,10000.0,1,1.0,1,2,1,1,0,0,0,0,0,1,0,1,0,medio_alto
6,10000.0,10,0.8,1,4,1,0,0,1,1,1,1,1,0,0,0,medio_alto
9,75000.0,46,0.6304347826086957,1,4,1,0,0,0,1,1,1,0,0,0,0,baixo
1,0.0,0,0.0,1,3,1,0,0,0,1,0,0,1,0,0,0,gratuito
10,150000.0,407,0.47911547911547914,1,3,1,0,0,0,1,0,0,1,0,0,0,gratuito
9,10000.0,9,0.6666666666666666,1,3,1,0,0,0,0,0,1,1,0,0,1,alto
1,0.0,0,0.0,1,4,1,0,0,0,1,0,0,1,0,0,0,gratuito
1,0.0,0,0.0,1,2,1,0,0,1,0,0,0,1,0,0,0,gratuito
1,10000.0,119,0.9663865546218487,2,3,1,0,0,2,0,0,1,0,1,0,1,alto
1,0.0,0,0.0,0,0,1,0,0,0,0,0,0,0,0,0,0,gratuito
2,0.0,0,0.0,1,2,1,0,0,0,1,0,0,0,0,0,0,gratuito
2,10000.0,110,0.8181818181818182,1,2,1,0,0,0,1,1,0,0,0,0,0,alto
10,10000.0,70,0.7571428571428571,1,4,1,1,1,0,1,1,1,0,0,0,0,alto
4,150000.0,2547,0.9748723989006675,8,5,1,1,0,2,1,0,1,1,1,0,1,medio_baixo
1,10000.0,0,0.0,1,4,1,1,0,0,1,0,0,0,1,0,0,alto
1,10000.0,37,0.9459459459459459,9,2,1,0,0,1,1,0,0,0,0,1,0,alto
11,10000.0,107,0.4485981308411215,1,3,1,1,0,0,0,1,0,0,0,1,0,gratuito
4,0.0,0,0.0,0,0,1,0,0,0,0,0,0,0,0,0,0,gratuito
11,150000.0,2452,0.9433115823817292,16,4,1,1,1,0,1,0,1,1,1,0,0,medio_baixo
13,75000.0,1661,0.7953040337146298,5,4,1,1,1,0,1,1,1,1,0,0,0,baixo
4,10000.0,16,0.625,1,4,1,0,0,0,0,1,0,0,0,0,0,medio_baixo
6,10000.0,20,0.65,1,3,1,0,0,0,1,0,1,1,0,0,0,baixo
3,35000.0,11,0.8181818181818182,3,2,1,0,0,0,0,0,0,1,0,0,1,baixo
1,0.0,0,0.0,0,0,1,0,0,0,0,0,0,0,0,0,0,gratuito
2,10000.0,2,0.5,1,2,1,0,0,0,1,0,0,0,1,0,0,medio_baixo
4,10000.0,28,0.6071428571428571,103,5,1,1,1,0,1,1,1,1,0,0,1,alto
5,10000.0,0,0.0,1,3,1,0,0,0,1,0,1,1,0,0,0,alto
4,10000.0,6,0.6666666666666666,1,2,1,1,0,0,1,0,0,0,0,1,0,medio_alto
1,10000.0,0,0.0,1,3,1,0,0,0,0,0,1,0,1,1,0,baixo
1,0.0,0,0.0,1,3,1,0,0,0,0,0,0,0,0,1,1,gratuito
12,35000.0,764,0.8638743455497382,11,3,1,1,0,0,0,0,1,1,0,1,0,medio_baixo
2,10000.0,177,0.7909604519774012,1,2,1,0,0,0,1,0,0,0,0,0,1,medio_alto
4,10000.0,1,0.0,2,2,1,0,0,0,1,1,0,0,0,0,0,alto
1,10000.0,0,0.0,1,4,1,0,0,0,0,0,1,1,1,1,0,medio_alto
8,35000.0,138,0.9710144927536232,1,2,1,0,0,0,1,0,0,1,0,0,0,baixo
1,10000.0,0,0.0,5,3,1,0,0,0,1,1,0,1,0,0,0,medio_baixo
3,10000.0,10,0.7,1,3,1,0,0,0,1,0,0,1,0,0,1,gratuito
8,75000.0,563,0.655417406749556,3,1,1,0,0,0,0,0,0,0,0,0,1,alto
1,10000.0,135,0.5481481481481482,11,4,1,0,0,1,1,0,1,1,0,0,1,alto
1,0.0,0,0.0,0,0,1,0,0,0,0,0,0,0,0,0,0,gratuito
7,10000.0,5,0.8,2,5,1,0,0,0,1,1,1,0,1,0,0,alto
1,0.0,0,0.0,30,3,1,0,0,0,1,1,0,1,0,0,0,baixo
10,10000.0,8,0.75,1,3,1,0,0,0,1,0,0,1,0,0,0,medio_alto
8,35000.0,115,0.9130434782608695,1,1,1,0,0,0,0,0,0,1,0,0,0,gratuito
3,0.0,0,0.0,0,0,1,0,0,0,0,0,0,0,0,0,0,gratuito
5,10000.0,14,0.9285714285714286,2,2,1,1,1,0,0,0,1,1,0,0,0,medio_alto
3,150000.0,185,0.8216216216216217,11,3,1,1,1,0,1,0,0,1,0,0,0,gratuito
2,0.0,0,0.0,0,0,1,0,0,0,0,0,0,0,0,0,0,gratuito
4,10000.0,91,0.8901098901098901,1,1,1,0,0,0,0,0,1,0,0,0,0,baixo
3,35000.0,10,0.9,5,4,1,0,0,0,1,1,1,0,1,0,0,medio_baixo
8,10000.0,4,1.0,1,3,1,0,0,0,1,1,0,1,0,0,0,medio_alto
8,10000.0,2,0.0,9,1,1,0,0,0,0,0,0,0,0,1,0,medio_alto
4,35000.0,12,0.9166666666666666,1,2,1,0,0,0,1,1,0,0,0,0,0,medio_alto
4,150000.0,1510,0.49933774834437084,2,3,1,0,0,2,0,0,0,1,1,1,0,alto
2,75000.0,1512,0.7506613756613757,17,4,1,1,0,0,1,0,0,1,0,1,1,medio_baixo
7,10000.0,330,0.9181818181818182,6,4,1,1,1,0,1,1,1,1,0,0,0,medio_baixo
1,0.0,0,0.0,12,4,1,0,1,0,1,0,0,1,0,0,1,gratuito
3,10000.0,0,0.0,1,2,1,0,0,0,1,0,0,0,0,0,1,medio_alto
3,10000.0,115,0.9478260869565217,1,4,1,0,0,0,1,0,0,1,1,1,0,alto
6,350000.0,4147,0.8242102724861345,12,3,1,0,0,2,1,0,0,1,0,0,1,medio_alto
4,10000.0,3,0.0,1,2,1,0,0,0,0,1,0,0,0,1,0,medio_baixo
4,10000.0,46,0.8695652173913043,1,4,1,0,0,0,1,1,0,1,0,0,1,medio_baixo
7,10000.0,37,0.8918918918918919,1,2,1,0,0,0,1,1,0,0,0,0,0,gratuito
5,75000.0,2,0.5,1,2,1,0,0,0,1,0,0,0,1,0,0,medio_baixo
6,10000.0,52,0.8846153846153846,1,3,1,0,0,0,0,1,0,1,0,0,1,gratuito
2,0.0,0,0.0,1,4,1,0,0,0,0,0,0,1,0,1,1,gratuito
3,10000.0,25,0.8,10,3,1,0,0,0,1,1,0,1,0,0,0,baixo
8,10000.0,0,0.0,1,3,1,0,0,1,1,1,0,1,0,0,0,gratuito
2,10000.0,24,0.75,4,3,1,0,0,0,1,0,0,1,0,0,1,alto
1,10000.0,0,0.0,1,2,1,0,0,0,1,0,1,0,0,0,0,medio_alto
1,10000.0,11,1.0,7,4,1,0,0,0,1,1,0,0,1,1,0,medio_alto
1,10000.0,0,0.0,4,3,1,1,1,0,1,0,1,0,0,0,0,alto
1,0.0,0,0.0,1,3,1,0,0,0,1,1,0,0,1,0,0,medio_alto
4,0.0,0,0.0,30,3,1,0,0,0,1,0,0,1,0,0,0,gratuito
1,10000.0,0,0.0,1,2,1,0,0,0,0,1,0,1,0,0,0,medio_alto
1,10000.0,0,0.0,1,3,1,0,0,0,0,1,0,1,0,1,0,medio_baixo
6,10000.0,3,0.3333333333333333,1,4,1,1,0,0,1,0,0,1,0,0,1,medio_alto
7,35000.0,836,0.8935406698564593,8,2,1,0,0,1,1,0,1,0,0,0,0,medio_alto
1,10000.0,0,0.0,1,2,1,0,0,0,0,0,0,1,0,0,0,medio_alto
2,10000.0,4,0.5,5,2,1,0,0,0,1,0,0,0,0,0,1,baixo
2,0.0,0,0.0,1,4,1,0,0,0,1,0,0,1,0,1,0,gratuito
11,350000.0,2187,0.8189300411522634,7,5,1,1,1,1,1,1,1,1,1,0,0,medio_baixo
1,10000.0,1,1.0,2,2,1,0,0,0,1,0,0,1,0,0,0,baixo
7,750000.0,12515,0.877427087495006,9,4,1,0,0,1,1,1,1,0,1,0,0,gratuito
5,10000.0,4,1.0,1,2,1,1,0,0,0,1,0,1,0,0,0,baixo
6,10000.0,9,0.8888888888888888,103,3,1,0,0,0,1,1,0,1,0,0,0,medio_baixo
7,10000.0,5,0.8,1,1,1,0,0,0,0,0,0,0,0,0,1,gratuito
8,10000.0,10,0.7,1,1,1,0,0,0,0,0,0,0,0,0,0,gratuito
9,10000.0,35,0.2,2,6,1,0,0,0,1,0,1,0,0,1,1,alto
2,10000.0,27,0.9629629629629629,1,2,1,0,0,0,1,1,0,0,0,0,0,baixo
3,10000.0,5,0.4,1,2,1,0,0,0,1,0,0,0,0,0,1,baixo
6,10000.0,31,0.9032258064516129,2,2,1,0,0,0,1,0,0,1,0,0,0,gratuito
1,0.0,0,0.0,0,0,1,0,0,0,0,0,0,0,0,0,0,gratuito
1,0.0,0,0.0,1,4,1,0,0,0,1,1,1,0,0,0,0,gratuito
5,10000.0,1,0.0,1,3,1,0,0,0,1,1,0,0,0,0,0,alto
6,10000.0,0,0.0,1,2,1,0,0,1,1,0,0,1,0,0,0,alto
2,0.0,0,0.0,0,0,1,0,0,0,0,0,0,0,0,0,0,gratuito
2,10000.0,2,1.0,1,1,1,0,0,0,0,0,0,0,0,0,1,medio_baixo
5,10000.0,1,1.0,1,2,1,0,0,0,0,1,1,0,0,0,0,baixo
3,10000.0,1,1.0,2,1,1,0,0,0,0,0,0,0,0,1,0,medio_baixo
11,350000.0,9709,0.9846534143578123,2,2,1,0,0,4,0,0,1,1,0,0,0,alto
2,0.0,0,0.0,103,2,1,0,0,0,1,0,0,1,0,0,0,baixo
4,10000.0,3,1.0,1,4,1,1,1,0,1,1,1,1,0,0,0,medio_alto
4,10000.0,5,0.6,1,4,1,0,0,0,1,0,0,1,0,1,1,medio_alto
6,10000.0,22,0.5454545454545454,4,3,1,0,0,0,0,0,0,0,0,0,0,baixo
3,10000.0,3,1.0,1,1,1,0,0,0,0,0,0,0,0,0,1,baixo
6,150000.0,2125,0.6823529411764706,11,2,1,0,0,0,0,1,1,0,0,0,0,medio_alto
3,10000.0,51,0.6862745098039216,1,5,1,0,1,0,1,1,0,0,0,0,1,baixo
1,0.0,0,0.0,4,3,1,0,0,0,1,0,0,1,0,0,1,alto
4,10000.0,15,1.0,1,3,1,1,1,0,1,0,0,1,0,0,1,medio_alto
3,0.0,0,0.0,15,3,1,0,0,0,0,0,0,1,0,1,0,gratuito
2,10000.0,533,0.7429643527204502,9,3,1,0,0,1,0,1,1,0,1,0,0,alto
2,10000.0,1,1.0,1,2,1,0,0,0,1,0,0,0,1,0,0,baixo
3,10000.0,52,0.8653846153846154,2,5,1,0,0,0,1,1,1,1,1,0,0,medio_baixo
9,10000.0,10,0.5,2,2,1,0,0,1,1,0,0,1,0,0,0,medio_baixo
6,35000.0,5,0.8,1,2,1,0,0,0,1,0,0,1,0,0,0,medio_alto
3,10000.0,7,0.5714285714285714,1,3,1,0,0,0,0,1,1,0,0,0,0,medio_alto
2,0.0,0,0.0,11,4,1,0,0,2,0,1,0,0,1,0,0,gratuito
6,350000.0,8539,0.8298395596674084,9,1,1,0,0,53,0,1,0,0,0,0,0,alto
9,35000.0,814,0.8218673218673219,1,3,1,1,0,0,1,0,0,0,1,1,0,medio_alto
1,0.0,0,0.0,2,3,1,0,0,0,1,0,0,1,1,0,0,baixo
1,0.0,0,0.0,1,2,1,1,1,0,1,0,0,0,0,0,0,alto
7,10000.0,1,1.0,1,2,1,0,0,0,1,1,0,0,0,0,0,medio_baixo
2,10000.0,61,0.8852459016393442,11,1,1,0,0,6,0,1,0,0,0,0,0,baixo
2,10000.0,2,0.5,22,4,1,0,0,0,1,1,0,0,0,0,1,medio_baixo
1,10000.0,0,0.0,4,2,1,1,0,0,1,0,0,1,0,0,0,medio_baixo
6,10000.0,2,1.0,1,3,1,0,0,0,1,0,0,1,0,0,0,alto
1,0.0,0,0.0,0,0,1,0,0,0,0,0,0,0,0,0,0,gratuito
6,750000.0,4232,0.9463610586011342,5,3,1,1,0,0,0,0,0,0,0,0,0,gratuito
2,10000.0,8,1.0,1,1,1,0,0,0,0,0,0,1,0,0,0,medio_baixo
2,10000.0,54,1.0,1,1,1,0,0,1,0,1,0,0,0,0,0,alto
1,0.0,0,0.0,3,3,1,0,0,0,1,0,1,0,0,0,0,gratuito
8,75000.0,264,0.5833333333333334,10,2,1,0,0,0,0,0,0,1,0,0,0,gratuito
1,10000.0,0,0.0,1,3,1,0,0,0,1,0,0,1,0,0,0,medio_baixo
8,10000.0,32,0.375,2,6,1,0,0,0,1,1,1,1,1,0,1,baixo
2,10000.0,42,0.6904761904761905,4,5,1,0,0,0,1,0,0,1,0,1,1,gratuito
1,10000.0,0,0.0,5,3,1,0,0,0,1,0,0,1,0,1,0,alto
4,10000.0,43,0.18604651162790697,1,3,1,0,0,0,1,0,1,0,1,0,0,alto
6,10000.0,63,0.8571428571428571,1,2,1,0,0,1,1,0,0,0,0,0,1,gratuito
1,0.0,0,0.0,1,2,1,0,0,0,0,0,1,0,0,0,0,gratuito
12,35000.0,339,0.7492625368731564,1,3,1,1,1,0,1,0,1,1,0,0,0,gratuito
3,0.0,0,0.0,1,4,1,0,0,0,1,1,1,0,1,0,0,gratuito
1,0.0,0,0.0,1,2,1,0,0,1,1,0,0,1,0,0,0,medio_alto
2,35000.0,1049,0.8436606291706387,11,2,1,0,0,2,0,0,0,0,0,0,0,alto
2,0.0,0,0.0,1,3,1,0,0,0,1,1,0,0,0,0,0,gratuito
2,0.0,0,0.0,0,0,1,0,0,0,0,0,0,0,0,0,0,gratuito
1,10000.0,0,0.0,5,1,1,0,0,0,0,0,0,0,1,0,0,alto
8,35000.0,23,0.6086956521739131,1,4,1,0,0,0,1,1,0,1,0,0,0,gratuito
8,10000.0,12,0.9166666666666666,1,4,1,0,0,0,1,1,1,0,1,0,0,medio_alto
1,0.0,0,0.0,2,1,1,0,1,0,0,0,0,0,0,0,1,medio_alto
6,350000.0,2392,0.68561872909699,7,5,1,0,0,0,1,1,1,0,1,0,1,medio_baixo
3,10000.0,0,0.0,1,3,1,0,0,0,1,0,0,1,0,0,1,medio_alto
3,35000.0,41,0.9024390243902439,1,3,1,0,0,0,1,1,0,0,0,1,0,baixo
1,0.0,0,0.0,30,3,1,1,1,0,0,0,1,1,0,0,1,alto
7,10000.0,30,0.4666666666666667,1,3,1,0,0,0,1,0,0,0,0,1,1,medio_alto
6,10000.0,5,0.4,1,5,1,0,0,0,1,1,0,1,0,1,1,medio_baixo
1,10000.0,0,0.0,11,3,1,0,0,0,1,0,0,1,0,0,1,medio_alto
2,10000.0,177,0.8135593220338984,12,2,1,0,0,0,1,0,0,0,0,0,1,medio_alto
3,10000.0,5,1.0,3,4,1,0,0,0,1,1,1,0,0,0,0,baixo
4,10000.0,2,0.5,2,2,1,0,0,0,0,0,1,1,0,0,0,baixo
5,10000.0,36,0.6388888888888888,1,5,1,0,0,0,1,1,1,1,0,0,1,medio_alto
1,10000.0,4,1.0,1,2,1,0,0,0,1,1,0,0,0,0,0,medio_alto
1,10000.0,1,1.0,1,3,1,1,1,0,0,1,1,1,0,0,0,medio_alto
1,10000.0,6,0.8333333333333334,3,4,1,0,0,1,1,1,1,1,0,0,0,medio_baixo
4,10000.0,7,1.0,3,3,1,1,1,0,1,1,1,0,0,0,0,medio_baixo
3,75000.0,11,1.0,1,2,1,0,0,0,0,1,0,0,0,0,0,medio_baixo
2,10000.0,14,0.7142857142857143,3,3,1,0,0,0,1,1,0,1,0,0,0,medio_baixo
2,10000.0,0,0.0,1,1,1,0,0,0,0,0,0,0,0,1,0,medio_baixo
1,10000.0,0,0.0,1,2,1,0,0,0,1,0,0,1,0,0,0,baixo
4,10000.0,1,0.0,1,3,1,0,0,0,1,0,1,0,0,0,1,medio_alto
4,10000.0,26,0.7692307692307693,1,3,1,0,0,0,1,0,0,1,0,0,0,gratuito
8,10000.0,7,0.7142857142857143,1,4,1,0,0,0,1,1,1,0,0,0,1,alto
3,10000.0,19,0.7894736842105263,1,2,1,0,0,0,1,0,1,0,0,0,0,gratuito
1,10000.0,0,0.0,1,3,1,0,0,0,1,1,0,1,0,0,0,medio_alto
4,0.0,0,0.0,0,0,1,0,0,0,0,0,0,0,0,0,0,gratuito
5,350000.0,2286,0.8692038495188101,6,1,1,0,0,2,0,1,0,0,0,0,0,medio_alto
1,0.0,0,0.0,0,0,1,0,0,0,0,0,0,0,0,0,0,gratuito
1,10000.0,0,0.0,2,4,1,0,0,0,0,0,0,1,0,1,1,baixo
3,10000.0,9,0.6666666666666666,4,1,1,0,0,0,0,0,0,0,0,1,0,baixo
1,0.0,0,0.0,0,0,1,0,0,0,0,0,0,0,0,0,0,gratuito
1,0.0,0,0.0,0,0,1,0,0,0,0,0,0,0,0,0,0,gratuito
1,0.0,0,0.0,1,4,1,0,0,0,1,0,0,0,1,0,0,gratuito
4,10000.0,5,0.4,1,2,1,0,0,0,1,0,0,1,0,0,0,baixo
1,10000.0,0,0.0,1,5,1,0,0,0,1,1,1,0,1,1,0,medio_baixo
8,10000.0,1,1.0,1,3,1,0,0,0,1,1,1,0,0,0,0,medio_baixo
3,0.0,0,0.0,1,3,1,0,0,0,1,0,1,0,0,0,1,gratuito
3,35000.0,902,0.9301552106430155,10,2,1,0,0,0,0,1,1,0,0,0,0,alto
3,35000.0,375,0.9733333333333334,1,5,1,1,1,0,1,1,1,1,1,0,0,alto
5,10000.0,1,0.0,1,1,1,0,0,0,0,0,1,0,0,0,0,baixo
7,10000.0,0,0.0,2,2,1,0,0,2,1,0,0,1,0,0,0,alto
2,10000.0,19,0.7894736842105263,8,4,1,0,0,0,1,0,0,1,0,1,1,medio_alto
4,10000.0,6,0.3333333333333333,1,3,1,0,0,0,1,0,0,1,0,1,0,baixo
6,75000.0,1424,0.6432584269662921,3,2,1,0,0,1,1,1,0,0,0,0,0,medio_alto
7,10000.0,13,0.7692307692307693,1,2,1,0,0,0,1,0,0,0,0,0,1,medio_alto
10,35000.0,143,0.9300699300699301,3,2,1,0,0,0,1,0,0,1,0,0,0,baixo
5,10000.0,24,0.8333333333333334,1,4,1,0,0,0,1,0,1,1,0,0,1,baixo
2,10000.0,3,0.6666666666666666,1,3,1,0,0,0,1,0,1,1,0,0,0,baixo
9,10000.0,60,0.6333333333333333,2,3,1,0,0,0,1,1,1,0,0,0,0,baixo
6,10000.0,8,0.75,1,2,1,0,0,0,1,1,0,0,0,0,0,baixo
1,0.0,0,0.0,2,3,1,0,0,0,1,1,1,0,0,0,0,medio_alto
5,10000.0,3,0.3333333333333333,1,1,1,0,0,0,0,1,0,0,0,0,0,medio_baixo
2,10000.0,0,0.0,9,1,1,0,0,0,0,0,0,1,0,0,0,alto
3,350000.0,1610,0.8614906832298137,12,4,1,1,0,3,0,1,1,1,0,0,1,medio_alto
3,10000.0,2,1.0,1,2,1,0,0,0,1,0,0,1,0,0,0,medio_baixo
8,75000.0,287,0.6724738675958188,11,4,1,0,0,1,1,1,0,0,0,0,0,medio_baixo
4,10000.0,60,0.6333333333333333,10,2,1,0,0,0,0,0,0,0,0,0,0,medio_baixo
8,10000.0,3,0.6666666666666666,1,3,1,0,0,0,1,0,1,0,1,0,0,baixo
1,10000.0,55,0.8909090909090909,3,3,1,0,0,0,1,1,1,0,0,0,0,medio_baixo
3,350000.0,1913,0.6366962885520125,4,4,1,0,0,0,0,1,1,0,1,0,0,gratuito
10,15000000.0,1634,0.5758873929008568,7,4,1,0,0,3,0,1,0,0,0,0,1,medio_baixo
2,10000.0,195,0.6512820512820513,3,3,1,0,0,1,1,0,1,1,0,0,0,baixo
1,0.0,0,0.0,10,3,1,0,0,0,1,0,1,0,0,0,1,medio_baixo
7,75000.0,6,0.8333333333333334,1,2,1,0,0,0,1,0,0,0,1,0,0,medio_baixo
2,10000.0,5,0.6,1,3,1,0,0,0,1,0,1,0,0,1,0,medio_alto
10,10000.0,94,0.3829787234042553,2,3,1,0,0,0,1,1,0,0,0,0,0,baixo
1,10000.0,0,0.0,2,2,1,0,0,0,0,1,0,0,0,1,0,medio_baixo
10,1500000.0,22104,0.9705030763662685,1,3,1,0,0,0,0,1,0,0,0,0,1,alto
5,0.0,0,0.0,0,0,1,0,0,0,0,0,0,0,0,0,0,gratuito
12,10000.0,283,0.5406360424028268,3,3,1,0,0,0,1,0,1,0,1,0,0,alto
1,10000.0,0,0.0,2,3,1,1,0,0,1,0,1,1,0,0,0,medio_baixo
5,0.0,0,0.0,0,0,1,0,0,0,0,0,0,0,0,0,0,gratuito
4,10000.0,4,0.5,1,4,1,1,0,0,1,0,1,0,1,0,0,medio_baixo
1,10000.0,0,0.0,2,4,1,0,0,0,1,0,0,1,0,0,1,medio_alto
5,75000.0,470,0.38085106382978723,7,1,1,1,0,0,0,0,0,0,0,0,1,medio_alto
4,0.0,0,0.0,1,3,1,1,0,0,1,0,1,0,0,0,0,gratuito
8,10000.0,37,0.8108108108108109,1,2,1,0,0,0,1,0,0,1,0,0,0,baixo
2,10000.0,7,1.0,11,3,1,1,1,0,1,0,1,1,0,0,0,baixo
7,10000.0,1,0.0,1,2,1,0,0,0,1,1,0,0,0,0,0,alto
5,10000.0,67,0.5671641791044776,1,3,1,0,0,0,1,0,1,0,0,0,1,baixo
4,35000.0,11,0.7272727272727273,1,2,1,0,0,0,0,0,0,0,0,0,1,medio_alto
1,0.0,0,0.0,103,2,1,0,0,0,1,0,0,1,0,0,0,baixo
4,10000.0,3,1.0,1,1,1,0,0,0,1,0,0,0,0,0,0,medio_baixo
2,10000.0,0,0.0,1,3,1,1,1,0,1,0,1,1,0,0,0,baixo
8,10000.0,28,0.9285714285714286,1,2,1,0,0,0,1,0,0,1,0,0,0,medio_baixo
1,10000.0,5,1.0,5,1,1,0,0,0,0,0,0,1,0,0,0,medio_baixo
7,10000.0,19,0.631578947368421,1,3,1,0,0,0,1,1,0,0,0,0,0,gratuito
2,10000.0,8,0.625,1,2,1,0,0,0,0,1,1,0,0,0,0,medio_baixo
2,10000.0,16,0.9375,9,3,1,0,0,0,0,1,0,1,1,0,0,medio_baixo
2,10000.0,15,1.0,2,3,1,0,0,0,1,0,0,1,0,1,0,medio_baixo
4,10000.0,1,1.0,2,3,1,1,1,0,1,0,0,0,0,1,0,alto
3,10000.0,161,0.8136645962732919,3,3,1,0,0,0,1,0,0,1,0,0,1,alto
12,35000.0,246,0.7032520325203252,1,3,1,0,0,1,1,1,1,0,0,0,0,baixo
7,35000.0,272,0.6875,1,3,1,0,0,0,1,0,1,0,0,0,0,gratuito
6,35000.0,4,1.0,1,4,1,0,0,0,1,0,1,0,1,0,0,alto
2,10000.0,34,0.9411764705882353,3,1,1,0,0,0,0,0,1,0,0,0,0,alto
1,0.0,0,0.0,18,3,1,0,0,0,1,0,0,0,0,0,1,alto
6,75000.0,787,0.8170266836086404,3,1,1,0,0,30,0,1,0,0,0,0,0,alto
2,10000.0,318,0.9591194968553459,6,1,1,0,0,1,1,0,0,0,0,0,0,medio_alto
4,10000.0,236,0.9661016949152542,1,4,1,0,0,0,1,0,1,1,0,0,1,baixo
3,10000.0,0,0.0,1,2,1,0,0,0,1,0,0,0,0,0,1,medio_alto
5,10000.0,9,0.8888888888888888,1,3,1,0,0,0,1,0,0,0,1,0,1,medio_baixo
9,10000.0,58,0.9310344827586207,4,1,1,0,0,0,0,0,0,1,0,0,0,medio_baixo
9,150000.0,123,0.35772357723577236,1,3,1,0,0,0,1,0,1,0,0,0,0,baixo
1,0.0,0,0.0,0,0,1,0,0,0,0,0,0,0,0,0,0,gratuito
8,10000.0,48,0.6875,1,1,1,0,0,0,0,1,0,0,0,0,0,baixo
1,0.0,0,0.0,30,3,1,0,0,0,0,1,1,0,0,0,1,alto
8,10000.0,10,0.8,1,1,1,0,0,0,0,1,0,0,0,0,0,gratuito
1,10000.0,0,0.0,1,3,1,0,0,0,0,0,1,0,1,0,1,alto
5,75000.0,18,0.6111111111111112,1,3,1,0,0,0,1,1,1,0,0,0,0,baixo
3,10000.0,24,0.4583333333333333,26,5,1,1,0,0,0,0,0,0,0,0,1,alto
1,750000.0,24774,0.9050213933963026,25,2,1,0,0,0,0,1,1,0,0,0,0,alto
1,10000.0,0,0.0,1,1,1,0,0,0,0,0,0,1,0,0,0,medio_alto
7,10000.0,7,1.0,1,2,1,0,0,0,0,0,0,1,0,0,0,medio_baixo
10,10000.0,146,0.7876712328767124,5,3,1,0,0,0,1,1,0,0,0,0,0,alto
7,10000.0,21,0.6190476190476191,2,2,1,0,0,0,1,0,0,1,0,0,0,baixo
1,10000.0,0,0.0,1,1,1,0,0,0,0,0,1,0,0,0,0,medio_alto
1,0.0,0,0.0,0,0,1,0,0,0,0,0,0,0,0,0,0,gratuito
1,0.0,0,0.0,0,0,1,0,0,0,0,0,0,0,0,0,0,gratuito
4,10000.0,29,0.8275862068965517,2,1,1,0,0,0,0,0,1,0,0,0,0,baixo
1,10000.0,1,1.0,9,1,1,0,0,0,0,0,1,0,0,0,0,alto
6,10000.0,1,1.0,1,3,1,0,0,0,1,0,1,1,0,0,0,baixo
2,10000.0,248,0.8870967741935484,2,5,1,0,0,0,1,0,0,1,1,1,1,alto
1,0.0,0,0.0,1,2,1,0,0,0,0,0,0,0,0,0,0,gratuito
3,10000.0,0,0.0,1,4,1,1,1,0,1,0,1,1,0,0,1,baixo
3,0.0,0,0.0,0,0,1,0,0,0,0,0,0,0,0,0,0,gratuito
3,10000.0,0,0.0,2,2,1,0,0,0,0,0,0,1,0,0,1,alto
4,10000.0,0,0.0,2,3,1,0,0,1,1,0,0,1,0,1,0,medio_baixo
5,0.0,0,0.0,1,1,1,0,0,0,0,1,0,0,0,0,0,gratuito
1,0.0,0,0.0,1,5,1,0,0,0,1,1,1,0,1,0,0,medio_baixo
7,10000.0,55,0.8,2,5,1,0,0,0,1,1,1,1,0,0,1,baixo
6,10000.0,6,0.8333333333333334,12,3,1,0,0,0,1,1,1,0,0,0,0,medio_baixo
10,150000.0,596,0.6812080536912751,2,2,1,0,0,1,0,1,1,0,0,0,0,baixo
6,10000.0,95,0.7684210526315789,1,2,1,0,0,0,1,0,0,0,0,0,0,baixo
11,10000.0,49,0.8367346938775511,2,2,1,0,0,0,1,0,0,1,0,0,0,baixo
5,10000.0,10,0.6,4,1,1,0,0,0,0,0,0,1,0,0,0,alto
10,10000.0,105,0.8380952380952381,1,2,1,1,0,0,0,1,0,0,0,0,0,gratuito
1,0.0,0,0.0,1,3,1,1,0,0,1,0,0,0,0,1,1,gratuito
1,0.0,0,0.0,0,0,1,0,0,0,0,0,0,0,0,0,0,gratuito
1,10000.0,3,1.0,1,2,1,0,0,0,1,0,0,1,0,0,0,medio_baixo
4,10000.0,21,0.9047619047619048,1,1,1,0,0,0,0,0,0,1,0,0,0,baixo
4,10000.0,3,1.0,1,3,1,0,0,0,0,1,1,1,0,0,0,baixo
1,0.0,0,0.0,35,2,1,1,1,0,0,1,0,0,0,0,0,gratuito
4,10000.0,2,1.0,1,2,1,0,0,0,1,1,0,0,0,0,0,baixo
2,0.0,0,0.0,0,0,1,0,0,0,0,0,0,0,0,0,0,gratuito
2,10000.0,31,0.41935483870967744,2,4,1,0,0,0,1,1,0,0,1,0,0,alto
1,10000.0,0,0.0,12,4,1,0,0,0,1,1,0,1,0,0,1,medio_baixo
1,0.0,0,0.0,0,0,1,0,0,0,0,0,0,0,0,0,0,gratuito
2,10000.0,1,1.0,2,3,1,0,0,0,1,0,0,1,0,1,0,medio_baixo
2,0.0,0,0.0,0,0,1,0,0,0,0,0,0,0,0,0,0,gratuito
3,10000.0,4,1.0,1,1,1,0,0,0,0,0,0,1,0,0,0,medio_baixo
3,10000.0,0,0.0,1,4,1,0,0,0,1,1,1,0,0,1,0,medio_baixo
2,0.0,0,0.0,0,0,1,0,0,0,0,0,0,0,0,0,0,gratuito
1,10000.0,0,0.0,1,5,1,1,0,0,1,1,1,1,0,0,0,medio_baixo
15,75000.0,313,0.7731629392971247,1,1,1,1,0,0,0,0,1,0,0,0,0,alto
3,75000.0,646,0.7786377708978328,9,3,1,0,0,5,1,0,0,0,0,1,1,alto
2,10000.0,5,1.0,2,2,1,0,0,0,1,0,0,1,0,0,0,baixo
1,0.0,0,0.0,1,2,1,0,1,0,1,0,1,0,0,0,0,alto
1,0.0,0,0.0,0,0,1,0,0,0,0,0,0,0,0,0,0,gratuito
6,10000.0,3,0.3333333333333333,1,3,1,0,0,0,1,1,0,0,0,1,0,baixo
1,10000.0,0,0.0,1,5,1,0,0,0,1,1,0,1,0,1,0,alto
4,150000.0,6,0.3333333333333333,1,5,1,0,0,0,1,1,1,1,0,1,0,baixo
9,35000.0,526,0.9296577946768061,1,1,1,1,1,0,1,0,0,0,0,0,0,gratuito
7,10000.0,0,0.0,29,3,1,0,0,0,1,0,0,1,0,0,1,baixo
1,0.0,0,0.0,0,0,1,0,0,0,0,0,0,0,0,0,0,gratuito
9,10000.0,50,0.8,1,4,1,0,0,0,0,0,1,1,1,0,0,gratuito
12,10000.0,49,0.6938775510204082,1,3,1,0,0,0,1,1,1,0,0,0,0,medio_alto
4,75000.0,332,0.9518072289156626,1,1,1,1,1,0,0,0,1,0,0,0,0,alto
1,0.0,0,0.0,0,0,1,0,0,0,0,0,0,0,0,0,0,gratuito
5,10000.0,365,0.8986301369863013,11,2,1,0,0,0,1,0,1,0,0,0,0,medio_baixo
8,10000.0,10,0.6,1,3,1,1,1,0,1,0,1,0,1,0,0,medio_baixo
8,10000.0,22,0.6363636363636364,1,1,1,0,0,0,0,1,0,0,0,0,0,medio_baixo
3,10000.0,0,0.0,1,4,1,0,0,0,1,0,0,1,0,1,1,alto
2,10000.0,28,0.7857142857142857,1,2,1,0,0,0,0,1,0,0,0,0,1,medio_alto
4,10000.0,0,0.0,4,3,1,1,0,0,1,0,0,1,0,0,0,gratuito
1,10000.0,18,0.6666666666666666,11,2,1,0,0,0,1,0,0,1,0,0,0,baixo
10,150000.0,349,0.504297994269341,1,5,1,0,0,0,0,0,1,1,1,0,0,gratuito
7,10000.0,45,0.9555555555555556,12,3,1,1,0,0,1,1,0,1,0,0,0,baixo
8,10000.0,30,0.6666666666666666,6,4,1,0,0,0,0,0,1,1,0,1,1,medio_baixo
5,10000.0,168,0.8392857142857143,1,2,1,0,0,0,0,0,0,1,0,0,1,alto
10,10000.0,30,0.9666666666666667,1,1,1,1,0,0,0,0,1,0,0,0,0,medio_alto
3,150000.0,98,0.9387755102040817,1,5,1,0,0,0,1,1,1,1,0,0,0,gratuito
8,10000.0,20,0.65,16,2,1,1,0,0,1,0,0,1,0,0,0,medio_alto
8,35000.0,93,0.7311827956989247,6,2,1,1,0,0,1,0,1,0,0,0,0,gratuito
9,10000.0,43,0.3953488372093023,1,6,1,0,0,0,1,1,1,1,0,0,1,baixo
6,75000.0,8,0.375,2,2,1,0,0,0,1,0,1,0,0,0,0,baixo
3,10000.0,99,0.9696969696969697,18,3,1,0,0,1,1,0,1,1,0,0,0,baixo
1,0.0,0,0.0,0,0,1,0,0,0,0,0,0,0,0,0,0,gratuito
7,10000.0,7,0.8571428571428571,8,1,1,1,1,0,1,0,0,0,0,0,0,medio_baixo
6,10000.0,12,0.9166666666666666,1,3,1,0,0,0,1,1,1,0,0,0,0,baixo
6,10000.0,65,0.8,2,4,1,0,0,0,1,0,1,1,0,0,0,gratuito
10,35000.0,132,0.7424242424242424,1,5,1,0,0,0,1,1,1,1,0,1,0,baixo
8,10000.0,29,0.5172413793103449,1,4,1,0,0,0,0,1,1,0,0,1,1,baixo
2,10000.0,0,0.0,1,1,1,0,1,0,0,0,0,0,0,0,0,gratuito
11,75000.0,93,0.4946236559139785,1,3,1,1,1,0,1,0,0,1,0,1,0,baixo
1,10000.0,0,0.0,11,1,1,1,0,0,1,0,0,0,0,0,0,alto
10,10000.0,48,0.7916666666666666,1,2,1,1,1,0,1,0,0,1,0,0,0,baixo
6,10000.0,27,0.7407407407407407,8,3,1,0,0,0,1,1,0,1,0,0,0,alto
1,350000.0,3,1.0,1,3,1,0,0,0,1,0,1,1,0,0,0,baixo
4,0.0,0,0.0,0,0,1,0,0,0,0,0,0,0,0,0,0,gratuito
2,10000.0,3,0.6666666666666666,1,1,1,0,0,0,0,1,0,0,0,0,0,gratuito
9,3500000.0,60270,0.850622200099552,10,5,1,1,1,1,1,1,1,1,0,0,1,alto
9,10000.0,17,0.8235294117647058,1,2,1,1,1,0,1,1,0,0,0,0,0,medio_baixo
3,75000.0,64,0.921875,1,2,1,0,0,0,0,1,0,0,0,0,1,baixo
1,10000.0,2,1.0,1,5,1,0,0,0,1,1,1,0,1,0,1,medio_baixo
11,1500000.0,28689,0.781240196591028,12,2,1,0,0,22,0,1,1,0,0,0,0,medio_alto
7,35000.0,300,0.9066666666666666,11,4,1,1,0,0,1,1,1,1,0,0,0,medio_alto
7,10000.0,206,0.9174757281553398,1,4,1,0,0,0,1,0,1,1,0,0,0,gratuito
12,35000.0,634,0.7917981072555205,1,3,1,0,0,0,1,0,1,0,1,0,0,baixo
4,0.0,0,0.0,14,4,1,1,1,0,1,0,1,1,0,0,0,gratuito
10,10000.0,10,0.9,1,2,1,1,0,0,0,1,0,1,0,0,0,gratuito
2,0.0,0,0.0,0,0,1,0,0,0,0,0,0,0,0,0,0,gratuito
1,0.0,0,0.0,2,2,1,0,0,0,0,0,0,0,0,0,0,gratuito
7,10000.0,3,0.6666666666666666,2,2,1,0,0,0,1,0,1,0,0,0,0,baixo
1,0.0,0,0.0,3,5,1,0,1,0,1,0,1,1,1,0,1,medio_baixo
2,10000.0,4,1.0,1,2,1,0,0,0,1,0,0,1,0,0,0,medio_baixo
5,10000.0,7,0.7142857142857143,4,1,1,0,0,0,0,0,0,1,0,0,0,medio_alto
8,150000.0,2137,0.8717828731867103,1,2,1,0,0,0,0,1,0,0,0,0,0,medio_alto
2,10000.0,0,0.0,1,2,1,0,0,0,0,0,1,1,0,0,0,medio_baixo
5,35000.0,34,0.9117647058823529,19,4,1,0,0,0,1,1,1,1,0,0,0,medio_baixo
1,10000.0,0,0.0,3,3,1,0,0,0,1,0,0,1,0,0,1,alto
4,75000.0,2,1.0,37,2,1,1,0,0,0,0,0,0,0,1,1,medio_alto
3,10000.0,2,1.0,8,3,1,0,0,0,1,1,0,0,0,1,0,medio_alto
3,0.0,0,0.0,103,3,1,1,1,0,1,0,0,1,0,1,0,baixo
4,0.0,0,0.0,1,3,1,0,0,0,0,1,1,0,1,0,0,gratuito
7,10000.0,4,0.5,1,1,1,0,0,0,1,0,0,0,0,0,0,medio_alto
2,750000.0,23488,0.8406846049046321,13,5,1,0,0,1,1,1,0,0,1,1,1,alto
8,35000.0,238,0.8991596638655462,1,4,1,0,0,0,1,0,0,1,0,1,1,alto
9,10000.0,3,0.6666666666666666,11,3,1,1,1,0,1,0,1,1,0,0,0,alto
5,10000.0,20,0.9,2,1,1,0,0,0,0,0,0,1,0,0,0,baixo
9,10000.0,17,0.7058823529411765,1,6,1,0,0,0,0,1,0,1,0,0,0,medio_baixo
3,10000.0,1,1.0,3,2,1,0,0,1,1,1,0,0,0,0,0,baixo
1,10000.0,0,0.0,1,2,1,0,0,0,1,1,0,0,0,0,0,baixo
9,10000.0,12,0.5833333333333334,2,4,1,0,0,0,1,1,1,0,1,0,0,medio_alto
2,10000.0,1,1.0,1,1,1,0,0,0,0,0,0,0,1,0,0,medio_baixo
14,350000.0,2503,0.7890531362365162,7,2,1,1,0,1,0,1,1,0,0,0,0,medio_baixo
6,10000.0,7,0.14285714285714285,1,6,1,0,0,0,1,1,1,1,1,1,0,baixo
9,10000.0,10,0.9,12,3,1,0,0,0,1,1,0,0,0,0,1,medio_baixo
6,10000.0,14,0.7857142857142857,3,1,1,0,0,0,0,0,0,1,0,0,0,medio_alto
5,10000.0,1,1.0,13,1,1,1,0,0,0,0,0,1,0,0,0,medio_alto
2,10000.0,20,0.8,2,3,1,0,0,0,1,1,1,0,0,0,0,medio_alto
4,0.0,0,0.0,5,4,1,1,1,0,1,0,1,1,0,0,0,gratuito
6,750000.0,3048,0.8149606299212598,8,2,1,0,0,0,0,0,0,0,0,1,1,medio_alto
9,10000.0,2,1.0,1,2,1,0,0,0,0,0,1,1,0,0,0,gratuito
5,10000.0,13,1.0,1,3,1,1,0,0,1,1,0,0,0,0,0,medio_baixo
5,75000.0,6,1.0,1,2,1,0,0,0,1,0,1,0,0,0,0,medio_alto
2,0.0,0,0.0,1,4,1,0,0,0,1,0,0,1,0,0,1,gratuito
2,10000.0,0,0.0,2,4,1,1,1,0,1,0,1,1,0,0,1,baixo
5,10000.0,22,0.8181818181818182,1,3,1,0,0,0,1,0,1,0,0,0,0,gratuito
8,10000.0,1,0.0,1,2,1,0,0,0,0,0,0,1,0,0,0,medio_baixo
1,10000.0,2,0.5,4,2,1,0,0,1,0,0,1,1,0,0,0,medio_alto
3,10000.0,19,0.7368421052631579,1,6,1,0,0,0,1,1,0,0,1,1,1,medio_alto
10,10000.0,60,0.9,11,2,1,1,1,0,1,0,0,1,0,0,0,medio_baixo
3,10000.0,52,0.75,5,3,1,0,0,0,1,0,0,1,0,0,1,medio_alto
2,10000.0,1,0.0,1,1,1,0,0,0,0,0,0,1,0,0,0,baixo
2,0.0,0,0.0,1,4,1,0,0,3,1,1,0,0,0,0,1,gratuito
4,10000.0,0,0.0,1,3,1,0,1,0,0,0,1,1,0,0,1,alto
4,0.0,0,0.0,0,0,1,0,0,0,0,0,0,0,0,0,0,gratuito
8,10000.0,20,0.8,1,3,1,0,0,0,1,1,1,0,0,0,0,medio_alto
2,10000.0,2,0.5,2,2,1,0,0,0,1,0,0,0,1,0,0,medio_baixo
17,75000.0,597,0.2613065326633166,5,1,1,0,0,0,0,1,0,0,0,0,0,medio_baixo
2,10000.0,12,0.6666666666666666,1,3,1,0,0,0,1,1,1,0,0,0,0,baixo
1,10000.0,39,0.9487179487179487,2,1,1,0,0,0,0,0,1,0,0,0,0,alto
5,35000.0,2,0.0,1,3,1,0,0,0,0,0,0,1,0,1,0,baixo
5,10000.0,7,1.0,2,3,1,0,0,0,1,1,0,1,0,0,0,medio_alto
1,10000.0,0,0.0,2,1,1,0,0,0,0,0,0,1,0,0,0,baixo
3,10000.0,19,0.9473684210526315,1,1,1,1,0,0,0,0,0,1,0,0,0,gratuito
7,10000.0,1,1.0,1,3,1,0,0,0,1,0,0,1,0,1,0,baixo
1,0.0,0,0.0,0,0,1,0,0,0,0,0,0,0,0,0,0,gratuito
7,10000.0,23,0.34782608695652173,1,4,1,0,0,0,1,1,1,0,1,0,0,baixo
1,10000.0,0,0.0,1,4,1,0,1,1,1,1,0,1,0,0,1,baixo
1,10000.0,0,0.0,1,5,1,0,0,0,1,1,0,0,0,1,1,alto
3,0.0,0,0.0,0,0,1,0,0,0,0,0,0,0,0,0,0,gratuito
6,10000.0,39,0.5897435897435898,1,5,1,0,0,0,1,0,1,1,0,0,1,medio_alto
6,10000.0,5,0.4,1,4,1,0,0,0,1,0,0,1,0,0,1,baixo
9,3500000.0,51518,0.7215536317403626,11,1,1,0,0,10,0,0,0,1,0,0,0,medio_alto
1,0.0,0,0.0,1,2,1,0,0,0,1,0,0,0,0,0,0,gratuito
2,10000.0,0,0.0,1,4,1,1,1,1,1,0,1,1,1,0,0,medio_alto
2,0.0,0,0.0,3,5,1,0,0,4,1,0,1,1,1,0,0,gratuito
1,10000.0,0,0.0,1,2,1,0,0,1,1,0,1,0,0,0,0,alto
8,10000.0,41,0.4146341463414634,2,2,1,0,0,0,0,1,0,0,0,0,0,baixo
8,10000.0,117,0.6752136752136753,2,3,1,0,0,0,1,0,0,1,0,0,1,baixo
5,10000.0,13,0.8461538461538461,2,2,1,0,0,0,1,0,0,1,0,0,0,medio_baixo
3,10000.0,11,1.0,1,5,1,0,0,0,1,0,0,1,0,1,1,baixo
5,10000.0,0,0.0,1,2,1,0,0,1,1,0,0,1,0,0,0,baixo
1,0.0,0,0.0,30,2,1,0,0,0,0,0,0,0,0,0,0,gratuito
3,10000.0,6,1.0,1,2,1,0,0,0,0,0,1,0,0,0,0,gratuito
8,10000.0,51,0.9215686274509803,1,2,1,0,0,0,0,0,1,0,0,0,0,gratuito
1,0.0,0,0.0,1,2,1,1,0,0,0,0,0,1,0,0,0,gratuito
1,10000.0,0,0.0,12,2,1,0,0,0,0,1,0,0,0,0,0,alto
7,10000.0,55,0.38181818181818183,5,1,1,0,0,0,0,1,0,0,0,0,0,medio_baixo
1,0.0,0,0.0,2,2,1,0,0,0,0,0,1,0,0,0,0,gratuito
1,10000.0,0,0.0,2,2,1,0,0,0,1,0,0,0,0,1,0,baixo
3,10000.0,1,1.0,3,3,1,0,0,0,1,0,1,1,0,0,0,medio_baixo
5,10000.0,3,0.0,1,3,1,0,0,0,0,1,0,0,0,0,0,alto
2,10000.0,9,1.0,4,3,1,0,0,0,1,0,1,1,0,0,0,medio_baixo
4,10000.0,0,0.0,1,3,1,0,0,0,1,0,1,1,0,0,0,gratuito
11,150000.0,2436,0.7524630541871922,4,1,1,1,0,97,0,0,0,0,0,0,1,medio_alto
1,0.0,0,0.0,6,4,1,0,0,0,1,0,0,1,0,0,1,gratuito
4,10000.0,0,0.0,2,3,1,0,0,0,1,0,0,0,0,1,0,gratuito
7,10000.0,93,0.6451612903225806,1,4,1,0,0,0,1,0,0,1,0,0,0,baixo
5,10000.0,42,0.9761904761904762,2,3,1,0,0,0,1,0,1,1,0,0,0,baixo
1,10000.0,8,0.75,2,5,1,0,0,0,1,1,1,0,1,0,0,medio_alto
5,350000.0,2238,0.9454870420017873,1,3,1,0,0,2,1,0,1,1,0,0,0,baixo
4,75000.0,156,0.9423076923076923,1,3,1,0,0,0,1,1,0,0,0,0,1,medio_baixo
6,10000.0,24,0.5833333333333334,1,3,1,0,0,1,1,0,0,0,0,1,0,gratuito
6,350000.0,3525,0.7531914893617021,11,3,1,0,0,1,1,1,1,0,0,0,0,medio_baixo
4,10000.0,4,0.5,2,2,1,0,0,0,1,0,1,0,0,0,0,alto
3,0.0,0,0.0,12,4,1,0,0,0,0,1,0,0,0,0,1,gratuito
1,10000.0,1,0.0,16,3,1,1,0,0,1,0,0,1,1,0,0,alto
1,0.0,0,0.0,1,5,1,0,0,0,0,0,0,0,0,0,0,gratuito
1,10000.0,0,0.0,19,3,1,1,0,1,0,0,0,0,0,1,1,alto
2,10000.0,0,0.0,1,6,1,0,0,0,1,1,1,1,0,1,0,medio_alto
1,10000.0,0,0.0,1,1,1,0,0,0,0,0,0,1,0,0,0,medio_baixo
8,10000.0,69,0.5072463768115942,4,2,1,0,0,0,0,0,0,1,0,0,0,gratuito
1,10000.0,0,0.0,30,2,1,0,0,0,1,0,0,1,0,0,0,medio_alto
9,10000.0,24,0.9166666666666666,1,5,1,1,1,1,1,1,1,0,0,0,0,alto
1,10000.0,18,1.0,1,4,1,1,0,0,1,1,1,0,0,0,0,baixo
1,10000.0,1,1.0,1,1,1,1,0,0,0,1,0,0,0,0,0,baixo
1,0.0,0,0.0,1,1,1,0,0,0,1,0,0,0,0,0,0,baixo
3,10000.0,5,1.0,1,3,1,0,0,0,1,1,0,0,0,0,0,alto
4,35000.0,63,0.8253968253968254,7,2,1,0,0,1,1,0,1,0,0,0,0,medio_alto
9,75000.0,882,0.8378684807256236,1,3,1,1,1,1,1,0,1,0,1,0,0,alto
7,10000.0,21,0.9523809523809523,1,2,1,0,0,0,1,0,0,0,0,0,1,gratuito
2,350000.0,3735,0.7491298527443105,13,2,1,0,0,16,0,1,0,0,1,0,0,alto
1,10000.0,10,1.0,1,2,1,0,0,0,0,0,1,0,1,0,0,medio_alto
2,150000.0,9,0.8888888888888888,1,6,1,0,0,0,0,0,1,1,1,1,1,medio_alto
1,10000.0,2,1.0,1,2,1,0,0,0,1,0,0,1,0,0,0,baixo
7,10000.0,71,0.6619718309859155,5,2,1,0,0,0,1,0,0,0,0,1,0,alto
4,10000.0,40,0.6,12,3,1,0,1,0,1,0,0,0,0,1,1,medio_alto
6,10000.0,3,0.6666666666666666,2,7,1,0,0,0,1,1,1,1,1,0,1,medio_baixo
1,0.0,0,0.0,2,7,1,0,0,0,1,1,0,0,1,0,1,medio_baixo
2,10000.0,0,0.0,1,4,1,1,1,0,1,0,1,0,1,0,0,medio_alto
2,0.0,0,0.0,0,0,1,0,0,0,0,0,0,0,0,0,0,gratuito
1,0.0,0,0.0,0,0,1,0,0,0,0,0,0,0,0,0,0,gratuito
7,75000.0,400,0.7675,15,4,1,0,0,4,1,0,1,0,1,1,0,medio_baixo
2,10000.0,207,0.9371980676328503,2,4,1,0,1,0,1,1,1,1,0,0,0,medio_alto
7,10000.0,5,0.6,17,5,1,1,0,0,1,0,1,1,0,1,1,medio_alto
1,0.0,0,0.0,1,6,1,0,0,0,1,1,0,1,0,1,0,gratuito
2,0.0,0,0.0,0,0,1,0,0,0,0,0,0,0,0,0,0,gratuito
2,35000.0,331,0.7401812688821753,11,3,1,1,0,0,1,1,0,0,1,0,0,alto
5,10000.0,39,1.0,1,2,1,0,0,0,1,0,0,1,0,0,0,medio_baixo
5,10000.0,9,0.2222222222222222,1,2,1,0,0,0,0,0,0,0,1,1,0,medio_alto
3,10000.0,0,0.0,2,3,1,0,0,0,1,0,0,1,0,0,1,medio_baixo
5,10000.0,13,0.8461538461538461,0,2,1,0,0,0,1,0,0,1,0,0,0,alto
3,0.0,0,0.0,0,0,1,0,0,0,0,0,0,0,0,0,0,gratuito
2,10000.0,0,0.0,1,1,1,0,0,0,0,0,0,1,0,0,0,medio_alto
6,35000.0,31,0.8387096774193549,1,5,1,0,0,0,0,1,0,1,0,1,1,gratuito
3,0.0,0,0.0,1,2,1,0,0,0,0,1,0,1,0,0,0,gratuito
6,1500000.0,14480,0.7743093922651934,7,5,1,1,0,9,1,1,1,0,0,1,0,gratuito
9,10000.0,38,0.47368421052631576,1,2,1,0,0,0,1,0,1,0,0,0,0,baixo
10,10000.0,84,0.7261904761904762,5,3,1,1,0,0,1,1,0,1,0,0,0,medio_baixo
3,10000.0,15,0.9333333333333333,2,2,1,0,0,0,1,1,0,0,0,0,0,medio_baixo
10,150000.0,288,0.5868055555555556,2,2,1,0,0,3,1,0,1,0,0,0,0,alto
5,75000.0,308,0.8603896103896104,12,4,1,0,0,1,1,0,1,1,0,0,1,medio_baixo
4,35000.0,15,0.9333333333333333,1,2,1,0,0,0,1,0,1,0,0,0,0,medio_alto
1,0.0,0,0.0,0,0,1,0,0,0,0,0,0,0,0,0,0,gratuito
2,0.0,0,0.0,1,5,1,0,0,0,1,0,1,1,0,0,1,gratuito
3,10000.0,4,1.0,1,4,1,0,0,0,1,0,0,1,1,1,0,medio_baixo
2,10000.0,2,0.5,1,1,1,0,0,0,0,0,0,1,0,0,0,medio_alto
12,150000.0,360,0.6583333333333333,1,3,1,0,0,1,1,0,1,0,0,1,0,baixo
8,35000.0,104,0.8076923076923077,1,2,1,0,0,0,1,1,0,0,0,0,0,gratuito
10,10000.0,10,0.9,1,5,1,0,0,0,1,1,1,1,0,0,1,alto
6,10000.0,42,0.6904761904761905,103,2,1,0,0,0,0,1,0,1,0,0,0,baixo
2,35000.0,101,0.9900990099009901,1,3,1,0,0,0,1,1,1,0,0,0,0,baixo
5,75000.0,6,0.6666666666666666,1,3,1,0,0,0,1,1,0,1,0,0,0,baixo
4,10000.0,5,0.6,1,1,1,0,0,0,0,0,0,0,1,0,0,baixo
6,10000.0,37,0.9459459459459459,1,2,1,0,0,1,1,1,0,0,0,0,0,gratuito
6,35000.0,9,0.6666666666666666,1,2,1,0,0,1,1,0,1,0,0,0,0,medio_alto
4,0.0,0,0.0,1,3,1,0,0,0,1,1,1,0,0,0,0,gratuito
5,35000.0,334,0.937125748502994,1,1,1,0,0,0,0,0,1,0,0,0,0,medio_alto
3,10000.0,95,0.7263157894736842,5,3,1,1,0,6,1,0,1,0,1,0,0,medio_alto
2,0.0,0,0.0,0,0,1,0,0,0,0,0,0,0,0,0,0,gratuito
1,10000.0,0,0.0,1,2,1,0,0,0,1,0,1,0,0,0,0,medio_baixo
1,75000.0,2541,0.6485635576544667,9,3,1,0,0,25,0,1,1,0,1,0,0,alto
6,35000.0,20,0.8,1,3,1,1,0,0,0,0,0,1,0,1,0,gratuito
1,10000.0,6,1.0,1,2,1,0,0,0,1,0,0,1,0,0,0,medio_alto
6,150000.0,16,0.4375,1,2,1,0,0,0,0,1,0,0,0,0,0,gratuito
5,0.0,0,0.0,1,3,1,0,0,0,0,1,0,1,0,0,0,gratuito
8,10000.0,26,0.8846153846153846,1,1,1,0,0,0,0,0,0,0,0,0,1,baixo
1,10000.0,1,1.0,18,2,1,0,0,0,1,0,0,1,0,0,0,medio_baixo
4,10000.0,0,0.0,2,2,1,0,1,0,1,0,0,1,0,0,0,baixo
7,35000.0,45,0.3333333333333333,1,4,1,1,0,0,0,0,0,0,1,1,0,gratuito
7,10000.0,28,0.8928571428571429,4,4,1,1,1,0,1,1,1,1,0,0,0,medio_alto
8,10000.0,3,0.6666666666666666,29,4,1,0,0,2,1,0,0,1,1,0,1,baixo
2,10000.0,0,0.0,8,2,1,0,0,0,1,0,0,0,0,0,1,baixo
3,10000.0,181,0.8784530386740331,3,2,1,0,0,0,0,0,1,1,0,0,0,alto
3,35000.0,78,0.9871794871794872,6,3,1,1,0,1,1,1,1,0,0,0,0,alto
5,10000.0,41,0.975609756097561,7,5,1,0,1,0,1,1,0,1,0,0,1,baixo
6,10000.0,1,0.0,7,3,1,1,0,0,1,0,0,1,0,1,0,alto
3,35000.0,57,0.3508771929824561,27,4,1,0,0,1,1,1,1,0,0,1,0,baixo
13,350000.0,3921,0.9069115021678144,6,2,1,0,0,0,0,0,1,1,0,0,0,medio_alto
1,10000.0,0,0.0,10,2,1,0,0,0,1,0,0,1,0,0,0,medio_baixo
9,10000.0,92,0.6413043478260869,2,4,1,0,0,0,0,1,0,0,1,0,0,gratuito
2,10000.0,1,1.0,6,4,1,0,0,0,1,0,0,1,0,1,1,baixo
1,0.0,0,0.0,9,3,1,0,0,0,1,1,0,0,0,0,0,gratuito
1,0.0,0,0.0,0,0,1,0,0,0,0,0,0,0,0,0,0,gratuito
1,10000.0,227,0.9691629955947136,13,1,1,0,0,0,1,0,0,0,0,0,0,alto
7,35000.0,98,0.8673469387755102,1,2,1,1,0,0,0,1,1,0,0,0,0,medio_baixo
4,0.0,0,0.0,0,0,1,0,0,0,0,0,0,0,0,0,0,gratuito
1,0.0,0,0.0,2,3,1,0,0,0,0,0,0,1,0,0,1,gratuito
16,35000.0,15,0.26666666666666666,1,1,1,0,0,0,0,0,0,1,0,0,0,medio_baixo
3,10000.0,44,0.5681818181818182,2,3,1,0,0,0,1,1,1,0,0,0,0,baixo
1,0.0,0,0.0,26,3,1,0,0,0,1,1,0,1,0,0,0,baixo
5,10000.0,220,0.8727272727272727,1,1,1,1,1,1,0,0,0,0,0,1,0,alto
3,0.0,0,0.0,1,3,1,0,0,0,1,1,1,0,0,0,0,gratuito
5,10000.0,22,0.45454545454545453,103,2,1,0,0,0,1,0,1,0,0,0,0,baixo
2,10000.0,226,0.8141592920353983,3,3,1,0,0,1,1,0,1,1,0,0,0,medio_alto
6,10000.0,5,0.6,1,3,1,0,0,0,1,0,0,1,0,1,0,baixo
2,0.0,0,0.0,0,0,1,0,0,0,0,0,0,0,0,0,0,gratuito
8,10000.0,8,0.5,1,6,1,0,0,0,1,1,1,0,1,1,0,gratuito
5,10000.0,59,0.711864406779661,3,3,1,0,0,0,1,0,0,0,0,1,1,medio_baixo
10,35000.0,248,0.7459677419354839,1,2,1,0,0,0,1,0,0,1,0,0,0,baixo
3,10000.0,0,0.0,1,2,1,0,0,0,1,1,0,0,0,0,0,gratuito
9,10000.0,21,0.7142857142857143,1,1,1,0,0,0,0,0,0,0,0,0,0,gratuito
1,10000.0,5,1.0,1,2,1,0,1,0,0,0,0,1,0,0,0,alto
1,10000.0,0,0.0,1,3,1,0,0,0,0,0,1,0,1,1,0,medio_alto
13,350000.0,1621,0.582356570018507,6,1,1,0,0,0,0,0,0,0,0,0,1,baixo
1,10000.0,0,0.0,2,3,1,0,1,1,1,0,0,1,0,0,0,medio_alto
3,0.0,0,0.0,1,3,1,0,0,0,1,1,0,0,0,0,0,gratuito
7,10000.0,246,0.8130081300813008,14,4,1,0,0,0,1,1,1,0,0,1,0,medio_baixo
3,35000.0,552,0.8007246376811594,13,3,1,0,0,1,1,1,1,0,0,0,0,medio_baixo
1,10000.0,0,0.0,3,2,1,0,0,2,1,0,0,1,0,0,0,medio_alto
3,35000.0,683,0.8609077598828697,9,2,1,0,0,0,0,0,1,0,1,0,0,alto
3,75000.0,230,0.8521739130434782,12,2,1,0,0,0,1,1,0,0,0,0,0,medio_alto
4,10000.0,1,1.0,1,3,1,0,0,0,1,1,0,1,0,0,0,medio_baixo
1,10000.0,0,0.0,2,1,1,0,0,0,0,0,0,0,0,1,0,medio_alto
6,10000.0,4,0.5,1,2,1,1,0,0,0,1,0,1,0,0,0,baixo
1,10000.0,0,0.0,2,1,1,0,0,0,0,0,0,0,1,0,0,alto
2,10000.0,10,1.0,2,2,1,1,1,0,1,0,1,0,0,0,0,alto
5,0.0,0,0.0,0,0,1,0,0,0,0,0,0,0,0,0,0,gratuito
1,0.0,0,0.0,0,0,1,0,0,0,0,0,0,0,0,0,0,gratuito
1,0.0,0,0.0,1,2,1,0,0,0,1,0,0,0,0,1,0,medio_alto
8,10000.0,16,0.8125,1,4,1,0,0,0,1,1,0,1,0,0,0,alto
2,0.0,0,0.0,0,0,1,0,0,0,0,0,0,0,0,0,0,gratuito
2,10000.0,0,0.0,1,4,1,0,0,0,1,0,0,1,0,0,1,baixo
7,35000.0,1,1.0,1,3,1,0,0,0,0,1,1,1,0,0,0,baixo
4,10000.0,95,0.8315789473684211,19,3,1,0,0,0,1,1,1,0,0,0,0,medio_alto
3,10000.0,3,1.0,2,4,1,1,1,0,1,1,1,1,0,0,0,medio_alto
9,10000.0,6,0.8333333333333334,1,1,1,0,0,0,1,0,0,0,0,0,0,medio_baixo
10,75000.0,74,0.6756756756756757,1,5,1,0,0,0,1,0,1,1,1,1,0,baixo
5,0.0,0,0.0,0,0,1,0,0,0,0,0,0,0,0,0,0,gratuito
2,10000.0,14,0.8571428571428571,1,2,1,0,0,0,1,0,0,1,0,0,0,baixo
3,0.0,0,0.0,0,0,1,0,0,0,0,0,0,0,0,0,0,gratuito
8,10000.0,18,0.5,1,2,1,0,0,7,1,0,0,0,0,0,1,alto
11,10000.0,52,0.8461538461538461,2,3,1,0,0,1,1,1,0,0,0,0,0,alto
3,0.0,0,0.0,1,1,1,0,0,0,0,1,0,0,0,0,0,gratuito
3,10000.0,40,0.65,9,7,1,0,0,0,1,0,0,1,1,1,1,medio_baixo
5,35000.0,69,0.782608695652174,1,3,1,0,0,0,1,1,0,1,0,0,0,medio_baixo
2,10000.0,4,1.0,1,6,1,0,1,0,1,1,1,0,1,1,0,medio_baixo
5,0.0,0,0.0,0,0,1,0,0,0,0,0,0,0,0,0,0,gratuito
6,10000.0,10,0.7,1,2,1,0,0,1,0,0,0,0,0,1,1,medio_alto
8,35000.0,153,0.6274509803921569,1,4,1,0,0,0,1,0,1,1,0,0,1,baixo
3,75000.0,424,0.8561320754716981,30,6,1,1,1,0,1,1,1,1,1,0,1,baixo
4,35000.0,776,0.8904639175257731,2,3,1,0,0,1,1,0,1,1,0,0,0,medio_alto
7,10000.0,6,0.8333333333333334,1,2,1,0,0,0,1,0,0,0,0,1,0,medio_alto
1,10000.0,0,0.0,4,4,1,0,0,0,1,0,1,1,0,1,0,alto
10,1500000.0,21818,0.9909249243743697,19,3,1,1,1,0,0,0,0,0,0,0,0,alto
3,35000.0,30,0.9666666666666667,5,4,1,0,0,1,1,1,1,1,0,0,0,medio_baixo
3,150000.0,3038,0.7899934167215273,13,5,1,0,0,6,1,1,1,1,0,0,1,alto
5,10000.0,11,0.09090909090909091,29,6,1,1,1,0,1,1,1,1,1,1,0,alto
2,10000.0,102,0.9411764705882353,2,6,1,0,0,0,1,1,1,1,1,1,0,baixo
8,35000.0,65,0.9076923076923077,1,2,1,1,1,0,1,1,0,0,0,0,0,gratuito
1,10000.0,73,0.7123287671232876,2,2,1,0,0,0,1,0,1,0,0,0,0,medio_baixo
3,10000.0,108,0.8425925925925926,1,5,1,0,0,0,1,1,1,1,1,0,0,alto
3,0.0,0,0.0,0,0,1,0,0,0,0,0,0,0,0,0,0,gratuito
1,0.0,0,0.0,8,5,1,0,0,0,1,0,1,1,1,0,0,gratuito
1,0.0,0,0.0,2,3,1,0,0,0,0,1,1,0,0,0,0,gratuito
6,35000.0,2,0.5,1,2,1,1,1,0,1,0,0,0,1,0,0,alto
3,0.0,0,0.0,0,0,1,0,0,0,0,0,0,0,0,0,0,gratuito
5,10000.0,2,1.0,1,4,1,0,0,0,1,0,1,0,1,1,0,medio_baixo
1,10000.0,8,1.0,6,4,1,1,0,0,1,1,1,1,0,0,0,baixo
8,10000.0,55,0.6363636363636364,2,4,1,0,0,0,1,1,1,0,0,0,0,gratuito
8,10000.0,12,0.6666666666666666,4,1,1,1,0,0,0,0,0,1,0,0,0,alto
1,10000.0,0,0.0,7,3,1,1,1,0,1,0,0,1,0,0,1,medio_alto
2,0.0,0,0.0,0,0,1,0,0,0,0,0,0,0,0,0,0,gratuito
6,10000.0,0,0.0,1,3,1,0,0,0,1,1,1,0,0,0,0,baixo
7,10000.0,4,1.0,1,2,1,1,0,0,1,1,0,0,0,0,0,medio_alto
8,10000.0,41,0.36585365853658536,1,1,1,0,0,0,0,0,0,1,0,0,0,baixo
9,10000.0,31,0.8709677419354839,3,2,1,0,0,2,0,0,0,0,0,1,1,medio_alto
6,150000.0,1319,0.9219105382865808,1,5,1,0,0,0,1,0,1,1,0,0,0,gratuito
9,150000.0,247,0.5465587044534413,1,4,1,1,1,1,1,1,0,0,0,1,0,gratuito
6,75000.0,12,0.6666666666666666,2,4,1,0,0,0,1,1,1,0,0,0,0,alto
5,10000.0,0,0.0,2,1,1,0,0,0,0,0,0,1,0,0,0,medio_alto
1,0.0,0,0.0,0,0,1,0,0,0,0,0,0,0,0,0,0,gratuito
8,10000.0,33,0.5151515151515151,7,2,1,0,0,0,0,0,0,1,0,0,0,medio_baixo
4,10000.0,16,0.9375,1,2,1,0,0,0,1,1,0,0,0,0,0,medio_baixo
2,35000.0,224,0.5178571428571429,8,4,1,1,0,0,1,0,0,1,1,0,1,medio_alto
10,10000.0,7,0.2857142857142857,1,4,1,0,0,0,1,1,0,0,0,0,0,alto
4,10000.0,4,1.0,1,1,1,0,0,0,0,1,0,0,0,0,0,medio_alto
16,75000.0,577,0.8613518197573656,1,2,1,1,1,0,1,0,0,1,0,0,0,baixo
1,10000.0,0,0.0,8,3,1,1,0,0,1,0,1,1,0,0,0,medio_alto
7,10000.0,21,0.5714285714285714,1,4,1,0,0,0,1,1,1,0,0,1,0,gratuito
2,10000.0,5,0.6,1,4,1,0,0,0,1,0,1,1,0,0,1,baixo
8,10000.0,4,0.0,1,3,1,1,1,0,1,1,1,0,0,0,0,medio_alto
1,10000.0,0,0.0,12,2,1,0,0,4,0,0,0,1,0,1,0,medio_baixo
2,0.0,0,0.0,0,0,1,0,0,0,0,0,0,0,0,0,0,gratuito
1,10000.0,0,0.0,2,3,1,0,0,0,0,0,0,0,0,1,1,baixo
11,150000.0,895,0.753072625698324,7,2,1,1,1,1,1,1,0,0,0,0,0,medio_baixo
3,10000.0,6,0.3333333333333333,1,6,1,0,0,0,1,1,1,1,1,0,0,medio_alto
2,10000.0,25,0.96,2,2,1,0,0,1,1,0,0,1,0,0,0,alto
2,35000.0,93,0.9354838709677419,1,3,1,0,0,2,1,1,1,0,0,0,0,baixo
9,35000.0,39,0.7692307692307693,1,3,1,0,0,0,1,1,0,1,0,0,0,baixo
2,35000.0,218,0.8990825688073395,12,3,1,1,1,1,1,0,0,0,0,1,0,gratuito
5,0.0,0,0.0,0,0,1,0,0,0,0,0,0,0,0,0,0,gratuito
2,10000.0,2,1.0,2,5,1,0,0,0,1,1,1,0,1,0,0,baixo
9,350000.0,516,0.8217054263565892,1,2,1,1,1,0,1,0,0,0,0,1,0,baixo
7,10000.0,1,1.0,1,5,1,0,0,0,1,1,1,0,0,0,1,gratuito
1,0.0,0,0.0,1,5,1,0,0,0,1,1,1,1,0,0,0,gratuito
9,10000.0,2,0.5,1,3,1,0,0,0,1,1,0,0,0,0,0,baixo
2,0.0,0,0.0,1,2,1,0,0,0,0,0,0,1,0,0,0,gratuito
3,35000.0,15,0.7333333333333333,6,3,1,0,0,0,1,0,1,0,0,0,1,baixo
1,0.0,0,0.0,0,0,1,0,0,0,0,0,0,0,0,0,0,gratuito
12,35000.0,312,0.8910256410256411,12,5,1,1,1,1,1,1,1,1,0,1,0,medio_baixo
5,10000.0,41,0.4878048780487805,11,3,1,1,1,0,1,1,0,0,0,1,0,medio_alto
1,10000.0,0,0.0,2,3,1,0,0,0,1,0,0,0,0,0,1,medio_baixo
1,10000.0,0,0.0,1,2,1,0,0,1,1,0,0,0,0,1,0,medio_alto
3,35000.0,184,0.8043478260869565,3,3,1,0,0,1,1,0,0,1,0,1,0,baixo
2,10000.0,0,0.0,1,1,1,0,0,0,0,0,0,1,0,0,0,medio_alto
8,10000.0,7,0.7142857142857143,1,2,1,0,0,0,0,0,0,0,0,0,0,gratuito
1,0.0,0,0.0,2,5,1,0,0,0,1,1,1,1,0,0,0,medio_alto
1,0.0,0,0.0,16,3,1,0,0,0,1,0,0,0,1,0,1,baixo
2,10000.0,53,0.9433962264150944,6,2,1,1,0,1,1,1,0,0,0,0,0,medio_baixo
3,750000.0,19511,0.8387063707652094,9,2,1,0,0,3,0,0,0,0,0,0,0,medio_alto
2,75000.0,1052,0.8393536121673004,7,2,1,0,0,0,0,1,1,0,0,0,0,alto
3,10000.0,6,0.6666666666666666,12,2,1,0,0,0,0,0,0,1,0,0,1,medio_alto
5,10000.0,4,0.75,1,2,1,0,0,0,1,0,1,0,0,0,0,medio_baixo
3,10000.0,57,0.8421052631578947,11,4,1,0,0,0,1,1,1,1,0,0,0,medio_alto
8,3500000.0,83074,0.7894527770421552,17,3,1,1,1,0,0,0,0,0,1,0,0,gratuito
1,10000.0,0,0.0,1,3,1,0,0,0,1,1,0,1,0,0,0,medio_alto
6,35000.0,2,0.5,1,2,1,0,0,0,1,1,0,0,0,0,0,medio_alto
2,10000.0,1,1.0,2,4,1,0,0,0,1,1,0,0,1,0,0,medio_baixo
6,35000.0,12,0.9166666666666666,7,2,1,0,0,0,1,0,1,0,0,0,0,medio_baixo
1,10000.0,3,1.0,3,2,1,0,0,0,1,0,0,0,0,1,0,medio_alto
9,350000.0,3400,0.7538235294117647,12,3,1,1,1,1,1,1,0,1,0,0,0,medio_alto
1,10000.0,0,0.0,1,4,1,0,0,0,1,1,0,1,0,0,1,medio_baixo
16,150000.0,236,0.6398305084745762,1,2,1,1,1,0,1,0,0,1,0,0,0,baixo
10,10000.0,53,0.4528301886792453,3,2,1,0,0,0,0,1,0,0,0,0,1,medio_baixo
5,10000.0,7,0.8571428571428571,2,2,1,0,0,0,0,0,0,0,0,0,0,gratuito
6,10000.0,11,0.5454545454545454,1,5,1,1,1,0,1,1,1,1,1,0,0,medio_alto
2,10000.0,210,0.8571428571428571,3,2,1,1,0,0,1,0,0,1,0,0,0,medio_baixo
12,750000.0,16112,0.9581678252234359,11,3,1,1,1,1,1,1,1,0,0,0,0,alto
6,10000.0,11,0.5454545454545454,1,4,1,0,0,0,1,1,0,1,0,0,0,alto
8,10000.0,23,0.21739130434782608,2,3,1,0,0,0,1,1,0,0,0,0,1,baixo
5,10000.0,6,0.6666666666666666,1,2,1,0,0,0,0,0,0,1,0,0,0,gratuito
2,10000.0,2,1.0,1,3,1,0,0,0,1,0,1,1,0,0,0,baixo
2,0.0,0,0.0,27,4,1,0,0,0,1,0,0,1,0,0,1,gratuito
2,10000.0,8,1.0,2,3,1,0,0,0,1,0,0,1,0,0,0,medio_alto
1,10000.0,0,0.0,4,5,1,0,0,1,1,1,1,0,0,1,0,alto
5,10000.0,3,0.0,1,2,1,0,0,0,0,1,0,1,0,0,0,alto
1,10000.0,4,1.0,1,3,1,1,0,0,1,0,0,1,0,0,1,baixo
6,10000.0,16,0.8125,3,3,1,1,0,0,0,0,0,1,0,0,0,gratuito
6,10000.0,26,0.5384615384615384,6,3,1,1,1,0,1,0,1,1,0,0,0,baixo
2,0.0,0,0.0,12,4,1,0,0,0,1,1,0,1,0,0,0,gratuito
4,0.0,0,0.0,0,0,1,0,0,0,0,0,0,0,0,0,0,gratuito
8,10000.0,17,0.8823529411764706,1,4,1,1,0,2,1,0,1,0,1,1,0,alto
5,35000.0,305,0.7442622950819672,1,6,1,0,0,0,1,1,1,0,1,0,0,gratuito
1,0.0,0,0.0,9,2,1,0,0,0,1,0,1,0,0,0,0,medio_alto
4,35000.0,521,0.946257197696737,8,4,1,0,0,1,1,0,0,1,1,0,1,medio_baixo
5,10000.0,2,1.0,1,2,1,0,1,1,1,0,1,0,0,0,0,alto
2,10000.0,5,0.4,12,5,1,0,0,0,1,1,0,1,1,0,0,medio_alto
7,10000.0,3,1.0,1,3,1,0,0,0,1,0,0,1,0,1,0,baixo
1,0.0,0,0.0,8,3,1,1,1,0,0,1,0,1,0,1,0,alto
1,10000.0,0,0.0,1,4,1,0,0,0,1,1,1,1,0,0,0,medio_alto
5,10000.0,0,0.0,1,2,1,0,0,0,1,1,0,0,0,0,0,alto
8,10000.0,13,1.0,1,1,1,1,0,0,0,0,1,0,0,0,0,alto
1,10000.0,1,1.0,1,2,1,0,0,0,1,0,0,1,0,0,0,medio_baixo
4,0.0,0,0.0,0,0,1,0,0,0,0,0,0,0,0,0,0,gratuito
11,35000.0,218,0.8532110091743119,1,5,1,0,0,0,1,1,1,1,0,0,0,medio_baixo
1,0.0,0,0.0,1,3,1,1,0,0,1,0,0,1,0,1,0,alto
3,35000.0,1,1.0,2,4,1,0,0,0,1,1,1,0,1,0,0,alto
5,0.0,0,0.0,2,3,1,0,0,0,0,0,0,0,1,1,0,gratuito
5,75000.0,13,0.9230769230769231,1,2,1,0,0,0,1,0,0,1,0,0,0,baixo
12,35000.0,112,0.5446428571428571,1,4,1,1,1,1,1,1,1,0,1,0,0,medio_alto
1,0.0,0,0.0,1,2,1,0,0,1,0,0,1,1,0,0,0,medio_alto
1,0.0,0,0.0,0,0,1,0,0,0,0,0,0,0,0,0,0,gratuito
1,0.0,0,0.0,1,5,1,0,0,0,0,1,0,0,1,0,0,gratuito
1,10000.0,0,0.0,11,3,1,0,0,0,1,1,0,0,0,1,0,medio_baixo
4,0.0,0,0.0,1,1,1,0,0,0,1,0,0,0,0,0,0,gratuito
2,10000.0,26,0.6923076923076923,2,3,1,0,0,0,1,1,0,1,0,0,0,medio_alto
1,10000.0,0,0.0,10,2,1,0,0,0,1,0,0,1,0,0,0,medio_baixo
2,35000.0,275,0.8327272727272728,4,4,1,0,0,0,1,0,1,0,1,0,1,alto
4,0.0,0,0.0,103,5,1,0,0,0,1,0,1,1,0,1,1,baixo
9,10000.0,0,0.0,6,3,1,1,1,0,1,0,0,1,0,1,0,alto
1,0.0,0,0.0,1,2,1,0,0,0,0,1,0,0,0,0,0,baixo
2,10000.0,12,1.0,1,2,1,0,0,0,1,1,0,0,0,0,0,baixo
5,10000.0,135,0.9629629629629629,5,1,1,0,0,1,0,0,0,1,0,0,0,baixo
13,75000.0,1440,0.9069444444444444,1,2,1,1,1,0,1,0,0,0,0,1,0,alto
1,0.0,0,0.0,2,2,1,0,0,0,1,0,0,1,0,0,0,baixo
10,150000.0,179,0.5642458100558659,1,3,1,1,1,0,1,1,0,1,0,0,0,medio_baixo
1,0.0,0,0.0,1,4,1,0,0,0,1,0,0,1,0,0,1,gratuito
1,0.0,0,0.0,1,5,1,0,0,0,1,1,0,1,1,0,0,medio_baixo
1,10000.0,0,0.0,4,1,1,0,0,0,1,0,0,0,0,0,0,medio_baixo
1,10000.0,0,0.0,11,5,1,1,0,0,1,0,1,1,0,1,1,medio_alto
2,10000.0,27,0.4074074074074074,2,2,1,0,0,0,0,1,1,0,0,0,0,medio_baixo
12,350000.0,806,0.6228287841191067,1,1,1,0,0,1,1,0,0,0,0,0,0,baixo
3,10000.0,61,0.7540983606557377,2,4,1,0,0,0,1,0,0,1,0,1,1,alto
4,10000.0,0,0.0,1,1,1,0,0,0,0,1,0,0,0,0,0,alto
8,10000.0,1,1.0,1,1,1,0,0,0,1,0,0,0,0,0,0,medio_alto
1,0.0,0,0.0,1,4,1,0,0,0,1,1,0,1,0,0,0,gratuito
1,10000.0,135,0.6222222222222222,10,3,1,0,0,1,1,0,0,1,1,0,0,alto
1,0.0,0,0.0,1,4,1,0,0,0,1,1,1,1,0,0,0,medio_alto
1,10000.0,28,0.6428571428571429,1,5,1,0,0,0,1,1,1,0,0,0,1,medio_alto
8,10000.0,18,0.6666666666666666,1,4,1,0,0,0,1,1,1,1,0,0,0,baixo
12,10000.0,132,0.8636363636363636,1,1,1,0,1,0,0,0,0,0,0,0,1,medio_alto
2,10000.0,9,0.1111111111111111,5,4,1,0,0,0,1,1,1,0,0,0,0,medio_alto
7,75000.0,1083,0.7820867959372114,2,3,1,0,0,5,0,0,0,0,0,0,1,alto
12,150000.0,1093,0.909423604757548,5,1,1,1,0,0,0,0,1,0,0,0,0,medio_alto
1,0.0,0,0.0,0,0,1,0,0,0,0,0,0,0,0,0,0,gratuito
8,10000.0,6,0.0,1,2,1,0,0,0,1,1,0,0,0,0,0,baixo
1,10000.0,0,0.0,1,3,1,0,0,0,1,0,0,1,0,1,0,medio_alto
5,35000.0,212,0.24528301886792453,25,5,1,0,0,0,1,0,0,1,1,0,0,medio_baixo
8,10000.0,22,0.4090909090909091,2,1,1,0,0,0,0,0,0,1,0,0,0,medio_baixo
8,10000.0,25,0.6,1,3,1,0,0,0,1,1,1,0,0,0,0,medio_alto
4,10000.0,21,0.47619047619047616,1,5,1,0,0,0,1,1,1,1,0,1,0,gratuito
5,750000.0,1746,0.9404352806414662,12,5,1,1,0,3,1,1,1,0,1,0,1,medio_alto
9,10000.0,18,0.8333333333333334,1,4,1,0,0,0,1,1,0,1,0,0,0,medio_baixo
2,0.0,0,0.0,0,0,1,0,0,0,0,0,0,0,0,0,0,gratuito
7,10000.0,10,0.8,2,3,1,0,1,0,1,1,0,1,0,0,0,medio_baixo
5,0.0,0,0.0,1,4,1,1,0,0,0,0,1,1,0,0,0,gratuito
1,0.0,0,0.0,2,3,1,0,0,0,0,0,0,0,1,1,0,gratuito
5,10000.0,2,1.0,1,4,1,0,1,0,1,0,1,1,1,0,0,baixo
4,10000.0,0,0.0,1,3,1,0,0,0,1,1,0,0,0,0,0,medio_baixo
2,0.0,0,0.0,2,4,1,0,0,0,0,1,1,1,0,0,0,gratuito
4,10000.0,6,0.8333333333333334,9,4,1,0,0,0,1,1,0,1,0,0,0,medio_baixo
9,150000.0,1547,0.9379444085326438,1,1,1,1,0,2,0,0,0,0,0,1,0,medio_alto
1,0.0,0,0.0,1,3,1,0,0,0,0,1,1,0,0,0,0,gratuito
2,10000.0,4,1.0,1,2,1,0,0,0,0,1,1,0,0,0,0,medio_baixo
1,10000.0,0,0.0,4,5,1,0,0,0,1,0,1,0,1,1,1,medio_alto
4,10000.0,14,0.7142857142857143,2,3,1,0,0,1,1,0,0,1,0,0,0,medio_alto
8,10000.0,35,0.45714285714285713,2,3,1,0,0,1,1,0,1,0,0,0,1,baixo
3,10000.0,3,1.0,3,5,1,0,0,0,1,1,1,1,1,0,0,alto
1,0.0,0,0.0,1,5,1,1,1,8,1,0,0,1,1,0,1,gratuito
2,35000.0,521,0.7677543186180422,15,4,1,0,0,0,1,1,1,0,0,0,0,medio_baixo
6,10000.0,62,0.9354838709677419,2,3,1,0,0,1,1,1,1,0,0,0,0,medio_alto
4,10000.0,31,1.0,4,5,1,0,0,1,1,1,1,0,1,0,0,alto
3,10000.0,8,0.75,2,1,1,0,0,1,0,0,0,0,0,0,0,medio_alto
1,10000.0,1,0.0,1,2,1,0,0,0,0,1,1,0,0,0,0,alto
2,75000.0,3443,0.9776357827476039,6,2,1,0,0,1,0,1,1,0,0,0,0,alto
4,10000.0,10,0.9,1,1,1,0,0,0,0,0,0,0,0,0,0,medio_alto
4,35000.0,5,1.0,1,2,1,0,0,0,1,1,0,0,0,0,0,baixo
6,10000.0,24,0.3333333333333333,1,3,1,0,0,1,1,0,0,1,0,0,1,medio_baixo
2,10000.0,30,0.8,6,2,1,0,0,0,1,0,1,0,0,0,0,medio_alto
2,0.0,0,0.0,2,5,1,0,0,0,0,0,1,1,1,1,0,gratuito
7,35000.0,323,0.8359133126934984,1,2,1,0,0,0,1,0,1,0,0,0,0,medio_alto
1,35000.0,471,0.8131634819532909,11,5,1,1,0,1,1,1,1,0,1,0,1,alto
1,10000.0,0,0.0,14,3,1,0,0,0,1,0,0,0,0,1,0,baixo
5,75000.0,5,0.6,1,1,1,0,0,0,0,0,0,0,0,1,0,medio_baixo
11,10000.0,52,0.5192307692307693,1,7,1,0,0,0,0,0,0,0,0,0,0,alto
2,10000.0,44,0.9772727272727273,15,2,1,0,0,2,0,0,1,1,0,0,0,medio_alto
1,10000.0,0,0.0,25,6,1,0,0,6,1,1,0,1,1,0,0,gratuito
3,0.0,0,0.0,8,6,1,0,0,0,1,1,1,0,1,0,1,gratuito
7,10000.0,12,0.3333333333333333,1,3,1,0,0,0,1,1,0,0,0,1,0,baixo
5,10000.0,69,0.9565217391304348,1,3,1,0,0,0,1,1,0,0,1,0,0,medio_alto
5,10000.0,182,0.7912087912087912,1,3,1,0,0,0,1,0,0,1,1,0,0,medio_alto
2,0.0,0,0.0,19,9,1,0,0,0,1,1,0,1,0,0,1,gratuito
9,10000.0,10,0.9,1,2,1,0,0,0,0,0,1,1,0,0,0,medio_alto
4,10000.0,2,0.0,1,4,1,0,0,0,1,1,1,0,0,0,0,alto
5,10000.0,35,1.0,1,3,1,1,1,1,1,1,1,0,0,0,0,alto
1,10000.0,0,0.0,5,4,1,0,0,0,1,1,0,1,0,0,1,alto
6,10000.0,1,1.0,1,1,1,0,1,0,0,0,0,1,0,0,0,medio_baixo
7,75000.0,59,0.9830508474576272,1,2,1,0,0,0,1,0,0,0,0,1,0,medio_alto
7,10000.0,2,0.5,2,4,1,0,0,0,1,0,0,1,0,1,1,medio_alto
2,10000.0,5,1.0,1,4,1,0,0,0,1,1,1,0,0,0,0,baixo
2,0.0,0,0.0,1,5,1,0,0,0,1,1,0,0,0,0,0,gratuito
5,10000.0,31,0.8387096774193549,1,4,1,0,0,0,1,0,1,0,1,0,0,gratuito
9,35000.0,52,0.8653846153846154,1,1,1,1,0,0,1,0,0,0,0,0,0,medio_alto
10,10000.0,48,0.4583333333333333,1,3,1,0,0,0,1,0,0,0,0,0,1,gratuito
7,10000.0,35,0.5714285714285714,1,3,1,1,0,0,1,0,0,1,0,0,1,medio_alto
11,35000.0,50,0.74,2,3,1,0,0,0,1,0,1,0,1,0,0,baixo
4,10000.0,2,1.0,2,2,1,0,0,0,1,0,0,1,0,0,0,alto
1,0.0,0,0.0,1,1,1,0,0,0,0,1,0,0,0,0,0,gratuito
8,10000.0,1,1.0,1,3,1,0,0,0,1,1,0,1,0,0,0,medio_alto
1,10000.0,0,0.0,1,2,1,0,1,0,1,1,0,0,0,0,0,alto
3,0.0,0,0.0,103,3,1,1,1,0,1,0,0,1,0,1,0,baixo
1,10000.0,96,0.875,5,2,1,0,0,0,1,0,1,0,0,0,0,medio_baixo
5,35000.0,980,0.8948979591836734,2,3,1,0,0,0,1,0,0,0,1,0,1,medio_baixo
6,750000.0,7246,0.8713773116202043,1,4,1,1,1,2,1,0,0,1,0,0,1,gratuito
1,0.0,0,0.0,2,4,1,0,0,0,1,0,0,1,0,0,1,gratuito
3,10000.0,4,0.75,1,2,1,0,0,0,1,0,1,0,0,0,0,baixo
1,0.0,0,0.0,1,5,1,1,0,0,1,1,0,1,1,0,0,alto
6,10000.0,2,1.0,1,1,1,0,0,0,0,0,0,1,0,0,0,baixo
12,35000.0,230,0.25217391304347825,1,1,1,0,0,0,0,1,0,0,0,0,0,baixo
3,0.0,0,0.0,1,5,1,0,0,0,1,0,1,1,0,1,0,gratuito
4,10000.0,15,0.9333333333333333,1,4,1,0,0,0,1,1,1,0,1,0,0,baixo
13,10000.0,45,0.7111111111111111,1,1,1,0,0,0,0,0,0,0,0,0,0,alto
5,35000.0,124,0.7983870967741935,1,4,1,1,0,0,1,0,1,1,0,0,0,gratuito
3,0.0,0,0.0,0,0,1,0,0,0,0,0,0,0,0,0,0,gratuito
7,10000.0,0,0.0,29,2,1,0,0,0,1,0,0,1,0,0,0,baixo
5,10000.0,0,0.0,1,3,1,0,0,0,1,0,0,0,0,0,1,medio_alto
13,35000.0,136,0.6691176470588235,1,2,1,1,0,1,1,1,0,0,0,0,0,medio_baixo
2,10000.0,40,0.95,1,4,1,0,0,0,1,1,0,0,1,0,0,medio_alto
1,10000.0,0,0.0,2,2,1,0,1,0,0,0,0,0,0,1,0,alto
7,10000.0,15,1.0,1,3,1,1,0,0,1,0,1,0,1,0,0,medio_alto
7,10000.0,61,0.7868852459016393,1,2,1,1,0,0,0,0,0,1,0,1,0,baixo
1,10000.0,0,0.0,2,3,1,0,0,0,1,0,0,0,0,1,0,alto
2,0.0,0,0.0,7,4,1,0,0,0,1,1,0,1,0,0,0,gratuito
10,350000.0,614,0.5863192182410424,2,3,1,0,0,4,0,0,0,0,1,0,0,gratuito
4,0.0,0,0.0,0,0,1,0,0,0,0,0,0,0,0,0,0,gratuito
3,10000.0,95,0.47368421052631576,12,3,1,0,0,0,1,1,1,0,0,0,0,medio_baixo
3,10000.0,14,0.9285714285714286,1,4,1,0,0,0,1,1,1,0,0,1,0,baixo
2,10000.0,104,0.7403846153846154,9,3,1,0,0,2,1,0,1,0,1,0,0,alto
1,10000.0,0,0.0,20,3,1,0,0,1,1,0,1,1,0,0,0,alto
2,10000.0,0,0.0,1,3,1,0,0,0,1,1,0,0,0,1,0,medio_alto
4,10000.0,4,1.0,1,1,1,0,0,0,0,0,0,0,0,1,0,alto
8,10000.0,28,0.5714285714285714,5,4,1,0,0,0,1,0,0,0,0,1,1,baixo
3,10000.0,2,0.5,1,3,1,0,0,0,0,0,0,0,0,1,1,alto
3,35000.0,69,0.8985507246376812,1,1,1,1,1,0,0,0,0,1,0,0,0,medio_baixo
8,10000.0,3,1.0,1,5,1,0,0,0,1,0,0,1,0,1,0,alto
2,10000.0,221,0.7239819004524887,8,3,1,0,0,2,1,1,1,0,0,0,0,medio_alto
5,0.0,0,0.0,0,0,1,0,0,0,0,0,0,0,0,0,0,gratuito
8,10000.0,8,0.25,1,3,1,1,0,0,1,0,0,0,0,0,0,medio_baixo
3,10000.0,10,0.4,1,4,1,0,0,0,1,0,1,0,1,1,0,alto
7,350000.0,2436,0.6416256157635468,1,5,1,0,0,1,1,0,1,1,1,0,1,medio_alto
2,10000.0,8,0.875,2,2,1,1,0,0,1,0,1,0,0,0,0,medio_baixo
11,150000.0,4637,0.972611602329092,2,1,1,0,0,1,0,0,1,0,0,0,0,alto
1,0.0,0,0.0,2,3,1,0,0,0,0,0,0,1,0,0,0,gratuito
2,10000.0,0,0.0,2,2,1,0,0,0,1,1,0,0,0,0,0,medio_baixo
5,10000.0,5,0.4,2,1,1,0,0,0,0,1,0,0,0,0,0,alto
12,10000.0,110,0.6363636363636364,1,3,1,1,1,1,0,0,1,1,0,0,1,medio_baixo
6,75000.0,605,0.8396694214876033,9,5,1,0,0,0,1,1,0,0,0,0,0,gratuito
1,0.0,0,0.0,0,0,1,0,0,0,0,0,0,0,0,0,0,gratuito
8,3500000.0,26570,0.845765901392548,9,2,1,1,1,0,0,0,0,0,0,1,1,gratuito
1,0.0,0,0.0,2,3,1,0,0,0,1,0,0,1,0,0,0,baixo
1,10000.0,12,1.0,4,2,1,0,0,0,1,0,0,0,1,0,0,medio_baixo
1,10000.0,0,0.0,3,1,1,0,0,0,0,0,1,0,0,0,0,alto
1,10000.0,0,0.0,1,3,1,0,0,0,1,0,1,1,0,0,0,medio_baixo
5,0.0,0,0.0,0,0,1,0,0,0,0,0,0,0,0,0,0,gratuito
2,0.0,0,0.0,0,0,1,0,0,0,0,0,0,0,0,0,0,gratuito
3,35000.0,987,0.7122593718338399,2,4,1,0,0,0,1,1,1,0,1,0,0,alto
2,10000.0,0,0.0,5,1,1,0,0,0,1,0,0,0,0,0,0,medio_alto
4,0.0,0,0.0,0,0,1,0,0,0,0,0,0,0,0,0,0,gratuito
8,10000.0,1,1.0,1,2,1,0,0,0,1,1,0,0,0,0,0,baixo
1,10000.0,0,0.0,1,3,1,0,0,0,0,1,1,0,1,0,0,alto
7,10000.0,13,0.6923076923076923,1,2,1,0,0,0,1,0,0,1,0,0,0,baixo
2,10000.0,1,1.0,9,1,1,0,0,0,0,0,0,0,1,0,0,baixo
1,350000.0,6323,0.818282460857188,7,4,1,0,0,2,1,1,1,0,1,0,0,alto
5,10000.0,6,0.6666666666666666,29,3,1,0,0,0,1,1,0,1,0,0,0,baixo
3,10000.0,0,0.0,1,2,1,1,1,0,1,0,0,1,0,0,0,medio_alto
2,10000.0,18,1.0,5,3,1,0,0,0,1,1,0,1,0,0,0,baixo
1,10000.0,0,0.0,9,3,1,0,0,0,1,0,1,0,0,0,1,baixo
2,10000.0,296,0.9864864864864865,2,3,1,1,0,1,1,1,1,0,0,0,0,alto
4,10000.0,12,0.8333333333333334,4,4,1,0,0,0,1,1,0,0,0,0,0,gratuito
5,10000.0,3,1.0,1,3,1,0,0,0,1,0,0,1,0,0,1,medio_baixo
3,10000.0,55,0.8727272727272727,9,1,1,0,0,0,1,0,0,0,0,0,0,medio_alto
1,0.0,0,0.0,1,4,1,0,0,0,1,1,0,1,0,1,0,medio_baixo
2,75000.0,829,0.9541616405307599,2,4,1,0,0,2,1,1,1,0,0,0,1,medio_alto
3,10000.0,56,0.9107142857142857,4,1,1,0,0,0,0,0,1,0,0,0,0,alto
3,10000.0,1,0.0,7,3,1,0,0,0,1,0,1,0,0,1,0,medio_baixo
4,10000.0,36,0.6944444444444444,25,4,1,0,0,0,1,1,1,0,0,0,1,medio_alto
2,10000.0,11,0.2727272727272727,2,2,1,0,0,0,1,0,0,0,1,0,0,medio_baixo
1,10000.0,0,0.0,2,3,1,0,0,1,1,1,0,1,0,0,0,alto
6,10000.0,0,0.0,5,3,1,1,0,0,1,0,1,1,0,0,0,medio_alto
9,35000.0,250,0.912,9,2,1,1,1,0,0,0,1,1,0,0,0,medio_baixo
5,35000.0,143,0.7832167832167832,9,4,1,0,0,1,1,0,0,0,1,1,1,medio_alto
1,10000.0,0,0.0,1,1,1,0,0,0,0,0,0,1,0,0,0,alto
8,10000.0,3,0.3333333333333333,2,3,1,0,0,0,1,0,0,1,1,0,0,baixo
1,0.0,0,0.0,0,0,1,0,0,0,0,0,0,0,0,0,0,gratuito
4,10000.0,13,0.7692307692307693,2,2,1,0,0,0,0,0,1,0,0,0,1,alto
9,75000000.0,555368,0.9120367035911323,1,5,1,1,1,1,1,1,1,1,0,0,0,gratuito
1,0.0,0,0.0,1,3,1,0,0,0,1,0,0,1,0,1,0,medio_alto
5,75000.0,62,0.7419354838709677,2,3,1,0,0,0,1,1,0,0,0,0,0,gratuito
2,10000.0,0,0.0,1,1,1,0,0,0,0,0,0,1,0,0,0,medio_baixo
1,10000.0,0,0.0,1,2,1,0,0,0,1,0,0,1,0,0,0,alto
3,0.0,0,0.0,1,3,1,1,0,0,0,0,0,1,0,0,1,gratuito
2,0.0,0,0.0,103,2,1,0,0,0,1,0,0,1,0,0,0,medio_baixo
5,10000.0,4,0.75,10,2,1,0,0,0,1,0,0,1,0,0,0,baixo
1,10000.0,0,0.0,8,4,1,0,0,0,1,0,0,0,0,1,1,alto
7,35000.0,123,0.6666666666666666,11,5,1,1,1,0,1,1,0,1,0,0,0,baixo
1,0.0,0,0.0,1,2,1,0,1,0,0,1,0,0,0,0,0,gratuito
1,10000.0,0,0.0,13,5,1,1,0,0,1,1,1,1,0,0,1,medio_alto
9,350000.0,4057,0.7991126448114371,13,4,1,1,1,1,1,1,0,1,0,1,0,medio_alto
2,10000.0,2,1.0,1,4,1,0,0,0,1,1,1,1,0,0,0,medio_baixo
7,350000.0,867,0.8938869665513264,14,3,1,1,1,6,1,0,0,0,0,1,1,medio_alto
3,150000.0,1783,0.7969713965227145,12,2,1,1,0,2,1,0,1,0,0,0,0,alto
1,10000.0,0,0.0,1,5,1,0,0,0,1,1,1,0,1,0,0,alto
9,10000.0,38,0.6842105263157895,1,4,1,1,0,0,1,1,1,1,0,0,0,baixo
6,10000.0,41,0.8048780487804879,2,2,1,0,0,0,1,0,1,0,0,0,0,medio_alto
7,75000.0,367,0.5803814713896458,9,1,1,0,0,0,0,1,0,0,0,0,0,medio_alto
2,10000.0,1,1.0,1,7,1,0,0,0,1,1,1,1,1,1,0,medio_alto
1,0.0,0,0.0,43,3,1,0,0,0,1,1,1,0,0,0,0,medio_alto
9,10000.0,358,0.8575418994413407,2,3,1,1,0,0,1,0,0,0,1,1,0,medio_alto
8,10000.0,17451,0.7301014268523294,12,2,1,1,1,0,0,1,1,0,0,0,0,medio_alto
3,10000.0,3,0.3333333333333333,2,3,1,0,0,0,1,1,1,0,0,0,0,medio_baixo
7,10000.0,13,0.8461538461538461,1,3,1,0,0,0,1,1,0,1,0,0,0,baixo
6,75000.0,968,0.7820247933884298,13,5,1,1,0,0,0,1,1,0,0,0,1,alto
1,0.0,0,0.0,0,0,1,0,0,0,0,0,0,0,0,0,0,gratuito
5,10000.0,0,0.0,1,2,1,0,1,0,1,1,0,0,0,0,0,baixo
3,75000.0,21,1.0,1,3,1,1,1,1,0,0,1,1,0,0,0,alto
9,10000.0,1,1.0,1,1,1,1,0,0,0,0,0,0,0,1,0,alto
1,10000.0,0,0.0,4,5,1,1,0,0,1,0,1,1,1,1,0,alto
12,75000.0,493,0.8255578093306288,2,2,1,0,0,1,1,0,1,0,0,0,0,medio_baixo
2,0.0,0,0.0,0,0,1,0,0,0,0,0,0,0,0,0,0,gratuito
1,0.0,0,0.0,0,0,1,0,0,0,0,0,0,0,0,0,0,gratuito
7,10000.0,4,0.75,1,3,1,0,0,0,1,0,1,0,1,0,0,medio_alto
1,0.0,0,0.0,0,0,1,0,0,0,0,0,0,0,0,0,0,gratuito
5,10000.0,62,0.8548387096774194,29,2,1,0,0,2,1,0,0,1,0,0,0,baixo
18,75000.0,118,0.9322033898305084,1,3,1,0,0,0,1,0,0,0,1,1,0,alto
2,10000.0,36,0.8333333333333334,9,4,1,0,0,2,1,1,0,1,1,0,0,medio_baixo
2,10000.0,0,0.0,6,1,1,0,0,0,0,0,0,1,0,0,0,medio_alto
1,10000.0,409,0.5794621026894865,14,4,1,0,0,0,1,0,0,1,1,0,1,medio_baixo
1,10000.0,0,0.0,1,3,1,0,1,0,1,1,0,0,1,0,0,medio_alto
3,35000.0,80,0.6375,3,4,1,0,0,0,1,1,1,0,1,0,0,alto
10,150000.0,898,0.7472160356347439,7,2,1,1,0,1,1,0,1,0,0,0,0,baixo
7,10000.0,45,0.7333333333333333,1,6,1,0,0,0,1,1,1,0,0,1,1,alto
9,10000.0,59,0.7457627118644068,2,3,1,1,0,0,1,0,0,0,0,0,1,gratuito
3,10000.0,7,0.42857142857142855,1,3,1,0,0,0,1,0,1,1,0,0,0,baixo
1,10000.0,0,0.0,27,2,1,1,1,0,1,0,0,0,0,0,1,baixo
8,10000.0,4,0.75,1,2,1,0,0,0,0,0,1,0,0,0,1,alto
2,10000.0,1,1.0,2,1,1,0,0,0,1,0,0,0,0,0,0,baixo
5,35000.0,18,0.3888888888888889,1,1,1,0,0,0,1,0,0,0,0,0,0,medio_baixo
5,10000.0,226,0.7743362831858407,8,3,1,0,0,1,1,0,0,0,1,1,0,medio_baixo
6,10000.0,28,0.8571428571428571,1,4,1,0,0,0,1,1,0,1,0,0,0,gratuito
6,10000.0,23,0.6956521739130435,3,4,1,0,0,0,1,1,1,0,0,1,0,alto
8,10000.0,2,0.0,1,3,1,0,0,0,1,1,1,0,0,0,0,baixo
9,35000.0,230,0.8652173913043478,1,2,1,1,0,0,1,0,0,0,0,1,0,medio_alto
9,35000.0,134,0.6567164179104478,1,2,1,0,0,0,0,1,0,0,0,1,0,baixo
4,10000.0,17,0.5882352941176471,1,4,1,0,0,0,1,1,1,0,0,0,0,medio_alto
5,10000.0,3,1.0,7,2,1,0,0,0,1,0,0,1,0,0,0,medio_baixo
2,0.0,0,0.0,103,1,1,0,0,0,0,0,0,1,0,0,0,baixo
6,10000.0,40,0.45,1,2,1,0,0,0,1,0,1,0,0,0,0,baixo
5,35000.0,337,0.9851632047477745,4,2,1,0,0,0,0,0,0,0,0,0,1,alto
9,10000.0,25,0.6,1,3,1,0,0,0,1,1,1,0,0,0,0,medio_baixo
9,10000.0,1,0.0,1,4,1,0,0,0,1,0,0,1,0,0,1,alto
5,10000.0,1,1.0,1,3,1,1,0,0,0,1,0,0,0,0,1,medio_alto
3,10000.0,33,1.0,2,4,1,0,0,0,1,1,1,0,1,0,0,medio_baixo
3,0.0,0,0.0,0,0,1,0,0,0,0,0,0,0,0,0,0,gratuito
9,10000.0,20,0.9,11,1,1,1,0,0,0,0,0,1,0,0,0,medio_alto
5,10000.0,42,0.7619047619047619,2,2,1,1,1,0,1,0,1,0,0,0,0,baixo
2,0.0,0,0.0,30,3,1,0,0,0,0,0,1,1,1,0,0,medio_baixo
2,10000.0,45,0.8666666666666667,1,2,1,0,0,0,1,1,0,0,0,0,0,alto
6,350000.0,3112,0.9707583547557841,103,3,1,0,0,1,1,0,0,1,0,0,0,gratuito
5,750000.0,4432,0.6523014440433214,11,4,1,0,0,0,0,1,1,0,0,1,1,alto
8,10000.0,24,0.8333333333333334,1,5,1,1,0,6,1,0,1,1,1,1,0,alto
6,0.0,0,0.0,0,0,1,0,0,0,0,0,0,0,0,0,0,gratuito
3,10000.0,0,0.0,1,2,1,0,0,0,1,0,0,1,0,0,0,medio_baixo
4,10000.0,13,0.9230769230769231,8,2,1,0,0,0,1,1,0,0,0,0,0,baixo
8,10000.0,4,0.5,2,3,1,0,0,0,1,0,1,0,1,0,0,baixo
12,750000.0,7693,0.9524242818146367,1,3,1,0,0,0,1,0,0,0,0,0,1,medio_baixo
4,10000.0,3,1.0,4,3,1,0,0,0,0,0,1,1,0,0,1,baixo
6,150000.0,3057,0.9296696107294733,1,4,1,1,0,1,1,0,0,1,1,0,1,baixo
3,10000.0,10,0.4,1,1,1,0,0,0,0,0,0,0,0,0,1,gratuito
1,10000.0,0,0.0,1,2,1,0,0,0,1,1,0,0,0,0,0,alto
4,10000.0,0,0.0,1,1,1,0,0,0,0,0,0,1,0,0,0,medio_baixo
2,10000.0,0,0.0,1,3,1,0,0,0,1,0,0,1,0,0,1,alto
1,0.0,0,0.0,0,0,1,0,0,0,0,0,0,0,0,0,0,gratuito
3,10000.0,1,1.0,1,2,1,0,0,0,1,0,0,1,0,0,0,medio_baixo
1,10000.0,0,0.0,27,2,1,1,1,0,1,0,0,0,0,0,1,baixo
11,75000.0,1731,0.8209127671865973,13,4,1,0,0,0,1,1,1,0,1,0,0,medio_baixo
7,350000.0,4735,0.7900739176346356,6,3,1,1,1,0,1,0,0,0,1,0,1,medio_alto
1,10000.0,0,0.0,11,5,1,0,1,0,1,1,1,1,0,0,1,alto
13,350000.0,1319,0.9181197877179682,11,2,1,1,1,0,1,0,1,0,0,0,0,alto
2,10000.0,14,0.6428571428571429,2,4,1,0,0,5,1,0,0,1,0,0,1,medio_alto
1,0.0,0,0.0,103,2,1,0,0,0,1,1,0,0,0,0,0,medio_baixo
4,10000.0,55,0.9454545454545454,4,3,1,1,0,0,1,1,0,0,0,0,0,alto
10,10000.0,70,0.7571428571428571,7,3,1,0,0,0,1,1,0,0,0,0,0,gratuito
2,10000.0,65,0.9538461538461539,6,2,1,1,0,0,1,0,0,1,0,0,0,medio_alto
7,10000.0,0,0.0,1,3,1,0,0,0,1,0,1,0,1,0,0,medio_baixo
1,0.0,0,0.0,12,5,1,1,0,3,1,0,1,0,1,0,0,gratuito
2,10000.0,0,0.0,1,3,1,0,0,0,1,1,0,0,0,0,1,baixo
2,10000.0,51,0.9607843137254902,14,3,1,0,0,0,0,1,0,1,0,0,0,medio_alto
9,10000.0,18,0.6111111111111112,1,2,1,0,1,0,1,1,0,0,0,0,0,gratuito
4,10000.0,3,1.0,1,1,1,1,1,0,0,0,0,1,0,0,0,medio_alto
9,35000.0,453,0.9470198675496688,1,2,1,1,0,0,1,0,0,1,0,0,0,medio_alto
8,10000.0,0,0.0,1,5,1,0,0,0,1,1,1,1,0,0,0,alto
5,10000.0,2,1.0,1,2,1,0,0,0,0,1,0,1,0,0,0,medio_alto
1,10000.0,0,0.0,1,3,1,1,1,0,0,0,1,1,0,0,1,medio_alto
3,75000.0,1,1.0,1,5,1,1,0,0,0,1,0,0,0,1,1,medio_baixo
3,350000.0,3340,0.3844311377245509,1,7,1,0,0,1,1,1,1,0,1,0,1,gratuito
4,10000.0,26,0.9615384615384616,1,2,1,0,0,0,1,1,0,0,0,0,0,medio_baixo
4,10000.0,10,0.9,1,4,1,1,1,0,1,1,0,1,0,0,0,baixo
3,0.0,0,0.0,3,3,1,0,0,0,1,0,1,0,0,0,0,gratuito
5,10000.0,14,0.5,2,1,1,0,0,0,0,0,1,0,0,0,0,medio_alto
2,0.0,0,0.0,103,2,1,0,0,0,1,0,0,1,0,0,0,baixo
1,10000.0,0,0.0,12,3,1,0,0,0,1,1,0,0,0,0,1,alto
6,10000.0,6,0.16666666666666666,4,1,1,0,0,0,0,0,0,1,0,0,0,medio_baixo
2,10000.0,1,1.0,1,2,1,0,0,0,1,0,1,0,0,0,0,alto
1,0.0,0,0.0,12,2,1,0,0,0,0,0,0,0,0,0,0,gratuito
4,10000.0,0,0.0,18,3,1,0,0,0,1,1,0,0,0,0,0,alto
1,10000.0,0,0.0,8,3,1,0,0,0,1,0,1,0,0,0,0,medio_alto
11,150000.0,1699,0.505591524426133,8,3,1,0,0,0,1,1,0,0,0,1,0,medio_baixo
1,0.0,0,0.0,6,3,1,1,0,0,0,0,0,0,0,1,1,alto
2,35000.0,17,0.7647058823529411,1,3,1,0,0,0,1,1,1,0,0,0,0,medio_baixo
8,150000.0,28,0.6428571428571429,3,4,1,0,0,0,1,0,0,1,0,0,0,gratuito
1,10000.0,92,0.9130434782608695,11,2,1,0,0,1,0,0,0,1,0,0,1,medio_alto
1,10000.0,0,0.0,2,5,1,0,0,0,1,1,0,1,0,1,0,medio_baixo
4,0.0,0,0.0,0,0,1,0,0,0,0,0,0,0,0,0,0,gratuito
18,750000.0,11934,0.9453661806602983,1,1,1,0,0,0,0,1,0,0,0,0,0,medio_baixo
10,10000.0,135,0.9851851851851852,2,2,1,0,1,1,1,1,0,0,0,0,0,alto
6,10000.0,1,1.0,1,2,1,0,0,0,1,0,0,1,0,0,0,medio_baixo
2,10000.0,174,0.7011494252873564,4,2,1,0,0,1,1,0,0,0,0,1,0,medio_alto
2,10000.0,0,0.0,1,3,1,1,1,0,1,0,0,1,1,0,0,alto
1,0.0,0,0.0,3,2,1,1,0,0,0,0,1,1,0,0,0,medio_alto
5,10000.0,248,0.9395161290322581,1,3,1,0,0,0,1,1,1,0,0,0,0,medio_baixo
11,10000.0,56,0.75,3,2,1,1,0,0,1,0,1,0,0,0,0,alto
2,0.0,0,0.0,0,0,1,0,0,0,0,0,0,0,0,0,0,gratuito
4,35000.0,19,0.9473684210526315,5,1,1,0,0,0,1,0,0,0,0,0,0,medio_alto
3,0.0,0,0.0,0,0,1,0,0,0,0,0,0,0,0,0,0,gratuito
2,10000.0,0,0.0,1,2,1,0,0,0,1,0,0,1,0,0,0,medio_baixo
6,10000.0,3,0.0,1,3,1,0,1,0,1,0,1,1,0,0,0,baixo
6,10000.0,28,0.9285714285714286,4,3,1,0,0,0,1,0,1,0,0,0,0,gratuito
3,10000.0,8,0.625,1,3,1,0,0,0,1,0,0,1,0,1,0,baixo
1,0.0,0,0.0,4,3,1,0,0,0,1,0,0,0,1,1,0,medio_alto
9,10000.0,5,0.8,1,2,1,0,0,0,0,0,1,1,0,0,0,medio_alto
1,10000.0,0,0.0,28,3,1,0,1,0,1,0,0,1,0,0,0,gratuito
1,0.0,0,0.0,0,0,1,0,0,0,0,0,0,0,0,0,0,gratuito
4,35000.0,39,0.7948717948717948,1,3,1,1,1,0,0,1,0,1,0,1,0,medio_baixo
1,0.0,0,0.0,103,2,1,0,0,0,1,0,0,1,0,0,0,baixo
1,10000.0,0,0.0,4,3,1,0,0,0,1,0,1,1,0,0,0,baixo
9,10000.0,9,0.5555555555555556,1,1,1,0,0,0,0,0,0,0,1,0,0,baixo
4,10000.0,13,0.5384615384615384,1,1,1,0,0,0,0,0,1,0,0,0,0,baixo
8,10000.0,3,0.3333333333333333,2,4,1,0,0,0,0,0,0,1,0,0,1,alto
2,750000.0,6540,0.9640672782874617,4,2,1,1,0,0,1,0,1,0,0,0,0,alto
7,10000.0,25,0.76,1,3,1,0,0,0,1,0,1,0,0,0,1,medio_baixo
1,0.0,0,0.0,0,0,1,0,0,0,0,0,0,0,0,0,0,gratuito
1,0.0,0,0.0,12,3,1,1,0,34,1,1,0,1,0,0,0,alto
3,10000.0,69,0.6521739130434783,1,4,1,0,0,0,1,1,0,0,0,1,1,medio_baixo
8,10000.0,11,0.5454545454545454,2,3,1,0,0,0,1,1,0,0,0,0,0,baixo
4,10000.0,751,0.8122503328894807,14,1,1,0,0,0,0,0,1,0,0,0,0,alto
8,150000.0,2094,0.9551098376313276,2,4,1,0,0,0,1,1,1,0,0,0,0,gratuito
7,10000.0,5,0.6,1,1,1,0,0,0,1,0,0,0,0,0,0,medio_baixo
4,150000.0,4009,0.9942629084559741,15,2,1,0,1,1,0,0,1,1,0,0,0,medio_baixo
1,0.0,0,0.0,103,5,1,0,0,0,1,1,1,1,0,0,1,baixo
1,0.0,0,0.0,0,0,1,0,0,0,0,0,0,0,0,0,0,gratuito
1,0.0,0,0.0,103,2,1,0,0,0,1,0,0,1,0,0,0,baixo
8,350000.0,4494,0.7412105028927459,8,3,1,0,0,2,0,1,0,0,1,1,0,medio_alto
8,10000.0,46,0.6304347826086957,29,2,1,0,0,1,1,0,0,1,0,0,0,baixo
1,0.0,0,0.0,0,0,1,0,0,0,0,0,0,0,0,0,0,gratuito
2,0.0,0,0.0,1,4,1,0,0,0,1,0,0,0,1,0,1,gratuito
2,10000.0,1,1.0,1,3,1,0,0,0,1,1,0,1,0,0,0,baixo
13,35000000.0,626503,0.8705353366224903,15,3,1,0,0,15,0,1,0,0,1,0,0,gratuito
1,10000.0,0,0.0,2,2,1,0,0,1,0,0,1,0,0,0,1,medio_baixo
3,10000.0,10,0.8,1,2,1,1,1,0,1,0,1,0,0,0,0,medio_baixo
5,10000.0,5,1.0,1,4,1,1,1,0,1,0,1,1,0,1,0,medio_alto
3,10000.0,222,0.8513513513513513,3,5,1,0,0,0,1,0,1,0,1,1,1,medio_alto
1,10000.0,0,0.0,17,3,1,0,0,0,1,0,0,1,0,0,1,baixo
7,10000.0,60,0.6166666666666667,2,2,1,0,0,1,1,0,0,1,0,0,0,baixo
10,150000.0,1106,0.5650994575045208,13,3,1,0,0,0,1,1,0,0,0,0,1,medio_alto
4,0.0,0,0.0,0,0,1,0,0,0,0,0,0,0,0,0,0,gratuito
2,10000.0,0,0.0,1,3,1,0,0,0,1,1,0,1,0,0,0,medio_alto
1,10000.0,0,0.0,8,1,1,0,0,0,0,0,0,0,1,0,0,alto
1,10000.0,0,0.0,24,2,1,0,0,0,1,0,0,1,0,0,0,baixo
6,10000.0,21,0.42857142857142855,1,4,1,0,0,0,1,0,0,1,0,1,1,baixo
5,150000.0,63,0.873015873015873,9,3,1,1,1,0,0,0,0,1,0,1,1,medio_baixo
3,0.0,0,0.0,0,0,1,0,0,0,0,0,0,0,0,0,0,gratuito
8,10000.0,1,1.0,1,3,1,0,0,0,1,1,0,1,0,0,0,baixo
12,75000.0,125,0.568,6,1,1,1,1,1,0,0,0,0,1,0,0,alto
3,10000.0,1,1.0,1,2,1,0,0,0,1,0,0,1,0,0,0,medio_baixo
1,10000.0,0,0.0,15,3,1,0,0,0,1,1,0,0,0,0,1,alto
1,10000.0,0,0.0,1,3,1,0,0,0,1,1,1,0,0,0,0,medio_baixo
5,350000.0,11332,0.92340275326509,13,2,1,1,1,1,0,0,0,0,0,1,1,medio_alto
8,10000.0,3,0.6666666666666666,1,2,1,0,0,0,1,1,0,0,0,0,0,baixo
15,350000.0,3901,0.9366829018200461,5,3,1,1,1,0,0,0,1,1,1,0,0,baixo
2,10000.0,2,1.0,6,2,1,1,1,0,1,1,0,0,0,0,0,medio_alto
4,0.0,0,0.0,1,4,1,0,0,0,1,0,1,0,1,0,0,gratuito
4,10000.0,8,0.5,1,4,1,0,0,0,1,1,1,0,1,0,0,baixo
5,75000.0,768,0.9557291666666666,5,2,1,0,0,0,1,1,0,0,0,0,0,medio_baixo
3,0.0,0,0.0,0,0,1,0,0,0,0,0,0,0,0,0,0,gratuito
4,10000.0,0,0.0,1,4,1,0,0,0,1,0,1,0,1,0,0,gratuito
7,35000.0,6,0.5,1,2,1,0,0,0,1,0,0,1,0,0,0,baixo
1,10000.0,1,1.0,1,3,1,0,0,0,1,1,0,1,0,0,0,medio_alto
10,10000.0,5,0.0,1,4,1,0,0,0,1,0,0,1,0,0,1,alto
2,0.0,0,0.0,1,3,1,0,0,0,1,0,0,1,0,0,0,gratuito
3,0.0,0,0.0,1,3,1,0,0,0,0,0,0,0,0,0,0,gratuito
8,10000.0,15,0.4666666666666667,1,2,1,0,0,0,0,0,0,0,0,0,0,gratuito
2,0.0,0,0.0,0,0,1,0,0,0,0,0,0,0,0,0,0,gratuito
4,10000.0,22,0.7272727272727273,13,4,1,0,0,1,1,1,0,0,1,0,0,medio_alto
5,0.0,0,0.0,1,2,1,1,1,0,1,0,0,1,0,0,0,gratuito
1,10000.0,0,0.0,17,3,1,0,0,0,1,0,1,0,0,0,1,medio_baixo
2,10000.0,0,0.0,3,2,1,0,0,0,1,0,1,0,0,0,0,baixo
4,10000.0,9,0.7777777777777778,1,2,1,0,0,0,1,1,0,0,0,0,0,medio_alto
10,10000.0,7,1.0,1,4,1,0,0,0,1,1,0,1,0,0,0,medio_alto
1,0.0,0,0.0,1,4,1,0,0,0,1,1,0,1,0,0,0,gratuito
2,10000.0,3,1.0,1,2,1,0,0,0,1,0,0,1,0,0,0,medio_alto
7,10000.0,9,0.8888888888888888,1,3,1,0,0,0,1,0,0,1,0,0,1,baixo
5,10000.0,4,1.0,1,2,1,0,0,0,1,0,0,1,0,0,0,baixo
9,10000.0,19,0.8947368421052632,14,4,1,1,0,0,1,1,0,1,0,1,0,medio_alto
2,10000.0,0,0.0,5,3,1,1,1,0,0,1,0,0,0,0,1,medio_alto
4,10000.0,20,0.95,2,3,1,0,0,0,1,1,1,0,0,0,0,medio_baixo
1,10000.0,0,0.0,1,3,1,0,0,0,0,0,0,0,0,0,0,alto
5,10000.0,65,0.9538461538461539,1,3,1,0,0,0,1,0,0,0,0,1,0,medio_baixo
2,0.0,0,0.0,103,4,1,0,0,0,1,0,0,1,0,0,1,baixo
12,750000.0,10589,0.7583341203135329,1,1,1,1,0,0,0,0,1,0,0,0,0,gratuito
2,0.0,0,0.0,0,0,1,0,0,0,0,0,0,0,0,0,0,gratuito
9,10000.0,4,1.0,1,2,1,0,0,0,1,0,0,1,0,0,0,medio_baixo
7,75000.0,2132,0.9029080675422139,3,4,1,0,1,0,1,1,1,0,1,0,0,medio_alto
6,10000.0,12,0.4166666666666667,4,1,1,0,0,0,0,0,0,1,0,0,0,medio_alto
4,10000.0,10,0.9,11,2,1,0,0,1,0,1,0,1,0,0,0,medio_baixo
4,10000.0,12,0.8333333333333334,1,6,1,0,0,0,1,1,1,0,1,1,0,gratuito
2,10000.0,9,1.0,10,3,1,0,0,0,1,1,0,1,0,0,0,baixo
4,10000.0,21,0.8095238095238095,1,4,1,0,0,1,1,1,1,1,0,0,0,medio_alto
8,75000.0,431,0.7749419953596288,1,5,1,0,0,0,1,1,1,0,1,0,1,alto
1,10000.0,1,0.0,1,3,1,0,0,0,1,0,0,1,0,0,1,baixo
8,10000.0,6,0.8333333333333334,2,2,1,0,0,0,1,0,0,1,0,0,0,medio_baixo
3,10000.0,14,0.9285714285714286,5,4,1,0,0,0,1,1,0,0,0,1,0,baixo
1,0.0,0,0.0,0,0,1,0,0,0,0,0,0,0,0,0,0,gratuito
6,10000.0,1,1.0,5,1,1,0,0,0,0,0,0,1,0,0,0,alto
1,10000.0,0,0.0,1,1,1,1,1,0,0,0,0,0,1,0,0,medio_alto
1,0.0,0,0.0,1,3,1,0,0,1,1,0,0,1,0,0,0,gratuito
7,35000.0,148,0.5945945945945946,4,3,1,1,0,1,1,1,1,0,0,0,0,medio_baixo
8,10000.0,4,0.75,5,2,1,1,1,0,1,0,0,1,0,0,0,medio_alto
5,35000.0,7,0.8571428571428571,1,1,1,0,0,0,0,0,1,0,0,0,0,medio_baixo
1,75000.0,308,0.9707792207792207,3,2,1,1,1,1,1,0,1,0,0,0,0,alto
4,35000.0,21,0.47619047619047616,1,3,1,0,0,0,0,1,1,0,0,0,1,medio_alto
10,10000.0,37,0.5135135135135135,1,3,1,0,0,0,0,0,1,0,1,0,0,gratuito
5,0.0,0,0.0,0,0,1,0,0,0,0,0,0,0,0,0,0,gratuito
2,10000.0,3,1.0,11,3,1,0,1,0,1,1,1,0,0,0,0,medio_alto
7,10000.0,104,0.7884615384615384,1,3,1,1,0,0,1,0,1,1,0,0,0,gratuito
7,10000.0,97,0.8969072164948454,1,4,1,0,0,0,1,0,0,1,0,0,1,medio_alto
1,0.0,0,0.0,0,0,1,0,0,0,0,0,0,0,0,0,0,gratuito
1,0.0,0,0.0,15,3,1,0,0,0,1,1,0,0,0,0,0,gratuito
1,0.0,0,0.0,2,4,1,0,1,0,1,0,1,1,0,0,0,medio_baixo
4,10000.0,0,0.0,27,1,1,0,1,1,0,0,0,1,0,0,0,gratuito
4,0.0,0,0.0,0,0,1,0,0,0,0,0,0,0,0,0,0,gratuito
9,150000.0,383,0.8485639686684073,2,1,1,0,0,2,0,1,0,0,0,0,0,medio_alto
2,10000.0,49,0.9795918367346939,13,2,1,1,0,1,1,0,0,1,0,0,0,medio_alto
4,10000.0,16,0.9375,1,3,1,0,0,0,1,0,0,1,0,0,1,gratuito
7,10000.0,16,0.25,1,6,1,0,0,0,1,1,1,0,0,1,1,medio_alto
2,10000.0,232,0.8793103448275862,8,3,1,1,1,4,1,0,1,1,0,0,0,alto
10,10000.0,8,0.25,3,3,1,0,0,0,1,1,0,0,1,0,0,medio_alto
2,0.0,0,0.0,0,0,1,0,0,0,0,0,0,0,0,0,0,gratuito
2,10000.0,5,1.0,1,3,1,0,0,0,1,0,1,0,1,0,0,medio_alto
2,10000.0,99,0.9191919191919192,1,3,1,0,0,0,1,1,1,0,0,0,0,alto
1,10000.0,0,0.0,1,5,1,0,1,0,1,1,1,1,1,0,0,medio_alto
1,10000.0,3,1.0,2,2,1,1,1,0,0,0,0,0,1,1,0,medio_alto
4,10000.0,170,0.7529411764705882,7,4,1,0,0,0,0,0,0,0,0,1,1,alto
3,10000.0,0,0.0,1,2,1,1,1,0,1,0,0,0,0,0,0,medio_alto
7,10000.0,1,1.0,1,4,1,0,0,0,1,1,0,1,0,0,0,baixo
10,150000.0,843,0.9039145907473309,6,1,1,0,0,0,0,1,0,0,0,0,0,medio_baixo
2,10000.0,4,0.75,1,3,1,0,0,0,1,1,1,0,0,0,0,medio_baixo
2,10000.0,0,0.0,1,4,1,0,0,0,0,0,0,1,0,0,0,gratuito
2,10000.0,0,0.0,30,3,1,0,0,0,0,0,0,1,1,0,1,medio_alto
2,10000.0,0,0.0,30,2,1,0,0,0,1,0,0,0,0,1,0,baixo
6,10000.0,5,0.6,2,2,1,0,0,0,1,1,0,0,0,0,0,medio_alto
7,10000.0,60,0.3,15,3,1,1,0,2,0,0,0,1,1,0,1,medio_alto
8,10000.0,47,0.8936170212765957,1,2,1,0,1,0,1,1,0,0,0,0,0,medio_baixo
1,10000.0,0,0.0,1,4,1,0,0,0,0,1,1,0,1,1,0,medio_alto
8,350000.0,1093,0.7703568161024703,103,3,1,0,0,0,1,1,0,1,0,0,0,baixo
2,10000.0,12,0.9166666666666666,1,3,1,0,0,0,1,0,1,0,1,0,0,baixo
7,10000.0,21,0.7619047619047619,1,1,1,0,0,0,0,0,1,0,0,0,0,baixo
9,10000.0,281,0.7580071174377224,4,4,1,0,0,0,0,0,0,0,0,0,0,gratuito
3,10000.0,2,1.0,1,2,1,0,1,0,0,1,1,0,0,0,0,baixo
1,10000.0,0,0.0,2,3,1,0,0,0,1,0,0,1,0,0,0,alto
3,10000.0,3,1.0,3,2,1,0,0,0,1,0,0,1,0,0,0,baixo
7,10000.0,2,1.0,2,1,1,0,0,0,0,0,0,0,0,1,0,baixo
2,10000.0,2,1.0,8,6,1,1,1,0,1,1,1,1,0,0,0,medio_baixo
8,10000.0,21,0.47619047619047616,2,4,1,0,0,0,1,0,1,1,0,0,1,medio_baixo
1,0.0,0,0.0,5,3,1,0,0,0,1,0,0,1,0,0,0,gratuito
11,150000.0,493,0.9148073022312373,8,5,1,0,0,1,1,1,1,1,0,1,0,alto
2,10000.0,44,0.7954545454545454,1,3,1,0,0,0,1,0,0,1,0,0,1,medio_baixo
4,75000.0,23,0.21739130434782608,7,4,1,0,0,0,1,1,1,0,0,0,1,baixo
4,10000.0,2,1.0,1,3,1,0,0,0,1,0,1,0,0,1,0,alto
1,0.0,0,0.0,0,0,1,0,0,0,0,0,0,0,0,0,0,gratuito
2,350000.0,3901,0.9282235324275827,14,3,1,0,0,0,1,0,1,1,0,0,0,alto
9,10000.0,27,0.48148148148148145,1,1,1,0,0,0,0,0,0,0,0,1,0,medio_alto
8,10000.0,22,1.0,6,2,1,1,0,0,1,0,0,1,0,0,0,medio_baixo
8,10000.0,17,0.9411764705882353,4,1,1,1,0,0,0,0,0,1,0,0,0,baixo
4,0.0,0,0.0,1,4,1,0,0,0,1,1,0,1,0,0,0,gratuito
7,10000.0,5,0.0,1,6,1,0,0,0,1,1,1,1,1,0,1,baixo
5,10000.0,18,0.05555555555555555,29,4,1,1,1,0,1,1,1,1,0,0,0,alto
2,35000.0,450,0.8888888888888888,6,1,1,0,0,0,0,0,0,0,0,1,0,alto
11,150000.0,2033,0.9281849483521889,27,2,1,1,1,0,1,0,1,0,0,0,0,baixo
2,0.0,0,0.0,1,4,1,0,0,0,0,0,1,1,0,0,1,gratuito
6,75000.0,1471,0.9619306594153637,4,5,1,1,0,1,1,0,1,0,1,1,1,alto
3,10000.0,4,0.25,4,1,1,0,0,0,0,0,0,1,0,0,0,medio_alto
17,1500000.0,8191,0.9341960688560615,6,2,1,0,0,0,1,1,0,0,0,0,0,baixo
1,0.0,0,0.0,1,2,1,0,0,0,1,0,0,1,0,0,0,alto
4,10000.0,73,0.8767123287671232,1,2,1,0,0,0,1,0,1,0,0,0,0,baixo
9,350000.0,784,0.7946428571428571,1,3,1,0,0,0,0,1,0,0,0,0,1,gratuito
5,1500000.0,18999,0.8724669719458918,9,2,1,0,0,8,0,1,1,0,0,0,0,alto
5,10000.0,116,0.5517241379310345,11,2,1,0,0,2,1,1,0,0,0,0,0,medio_baixo
8,750000.0,23410,0.912772319521572,17,2,1,1,1,8,1,1,0,0,0,0,0,medio_alto
3,0.0,0,0.0,5,2,1,0,0,64,0,0,0,0,0,0,1,gratuito
5,10000.0,199,0.7989949748743719,1,3,1,1,0,0,0,0,0,0,0,1,1,alto
3,35000.0,36,0.9722222222222222,1,2,1,0,0,0,1,0,0,0,1,0,0,baixo
2,10000.0,1,1.0,1,1,1,0,0,0,0,0,0,1,0,0,0,alto
15,350000.0,2354,0.6019541206457094,8,4,1,0,0,0,1,1,1,0,0,1,0,medio_alto
10,35000.0,99,0.42424242424242425,15,2,1,0,0,0,1,1,0,0,0,0,0,baixo
5,10000.0,0,0.0,1,3,1,0,0,0,1,0,0,1,0,0,0,medio_baixo
1,10000.0,1,1.0,1,3,1,0,0,0,1,1,1,0,0,0,0,baixo
4,10000.0,0,0.0,1,1,1,1,1,0,0,0,0,1,0,0,0,alto
8,150000.0,549,0.4644808743169399,5,6,1,1,0,5,1,0,0,1,1,1,1,gratuito
4,0.0,0,0.0,0,0,1,0,0,0,0,0,0,0,0,0,0,gratuito
5,10000.0,11,0.0,1,1,1,1,0,1,0,0,0,0,0,0,1,alto
8,10000.0,101,0.5346534653465347,7,3,1,0,0,0,1,1,1,0,0,0,0,medio_baixo
1,10000.0,0,0.0,1,1,1,0,0,0,0,0,1,0,0,0,0,medio_alto
6,350000.0,1390,0.897841726618705,1,2,1,0,0,1,1,0,1,0,0,0,0,medio_baixo
5,10000.0,443,0.9367945823927766,1,3,1,1,0,0,1,0,1,1,0,0,0,medio_baixo
7,10000.0,1,1.0,3,4,1,0,0,0,1,1,0,1,0,0,0,medio_alto
5,75000.0,17,0.8235294117647058,1,2,1,0,0,0,1,1,0,0,0,0,0,medio_baixo
1,10000.0,0,0.0,2,3,1,0,1,0,1,0,0,1,0,0,1,medio_alto
11,10000.0,129,0.10852713178294573,1,4,1,0,0,0,1,1,1,0,0,0,0,medio_alto
1,10000.0,1,1.0,2,3,1,0,0,0,1,1,0,1,0,0,0,baixo
6,150000.0,8541,0.9655778011942395,9,4,1,1,0,1,1,0,1,1,1,0,0,medio_alto
5,10000.0,12,0.5,1,1,1,0,0,0,0,1,0,0,0,0,0,baixo
1,10000.0,0,0.0,10,3,1,0,0,0,1,1,1,0,0,0,0,medio_baixo
2,10000.0,16,0.8125,103,6,1,0,0,0,0,1,1,1,0,1,1,baixo
1,10000.0,4,0.75,1,2,1,0,0,0,0,1,0,1,0,0,0,medio_alto
3,35000.0,1117,0.9239033124440466,13,3,1,0,0,4,1,1,1,0,0,0,0,medio_baixo
3,10000.0,130,0.8153846153846154,3,2,1,0,0,0,0,0,1,0,1,0,0,alto
4,75000.0,142,0.5845070422535211,1,2,1,0,0,4,0,0,0,0,1,0,0,gratuito
5,10000.0,3,0.0,1,4,1,0,0,0,1,1,0,1,0,1,0,alto
9,10000.0,42,0.9523809523809523,1,2,1,0,0,0,1,1,0,0,0,0,0,baixo
2,10000.0,0,0.0,5,1,1,1,1,0,0,0,0,1,0,0,0,alto
3,10000.0,0,0.0,1,1,1,0,0,0,1,0,0,0,0,0,0,medio_baixo
8,10000.0,1,0.0,2,2,1,0,0,1,1,1,0,0,0,0,0,alto
6,10000.0,4,0.75,1,4,1,0,0,0,1,0,0,1,0,1,1,medio_baixo
5,150000.0,7,0.7142857142857143,12,3,1,0,0,0,1,1,0,0,0,1,0,medio_baixo
5,10000.0,3,0.6666666666666666,2,2,1,0,0,0,1,0,0,0,1,0,0,alto
5,0.0,0,0.0,5,3,1,0,0,49,1,0,0,1,0,0,0,gratuito
5,10000.0,13,1.0,1,4,1,0,0,0,1,1,1,1,0,0,0,baixo
9,10000.0,3,0.3333333333333333,1,6,1,1,0,0,1,1,1,0,0,0,1,alto
9,75000.0,507,0.5562130177514792,3,1,1,0,0,0,0,1,0,0,0,0,0,alto
1,0.0,0,0.0,0,0,1,0,0,0,0,0,0,0,0,0,0,gratuito
5,10000.0,157,0.8789808917197452,6,2,1,0,0,0,1,1,0,0,0,0,0,medio_alto
2,10000.0,0,0.0,2,3,1,0,0,0,1,1,0,1,0,0,0,medio_alto
12,350000.0,517,0.6518375241779497,9,2,1,0,0,0,1,0,0,0,0,1,0,baixo
3,10000.0,13,1.0,1,3,1,0,0,0,1,1,0,1,0,0,0,medio_alto
5,10000.0,3,1.0,1,5,1,0,0,0,0,1,1,0,0,0,1,medio_baixo
1,10000.0,1,1.0,29,3,1,0,0,0,1,0,0,1,0,1,0,medio_baixo
9,150000.0,216,0.8148148148148148,1,2,1,1,0,0,0,0,0,0,0,0,1,medio_alto
7,10000.0,44,0.9545454545454546,1,3,1,1,0,0,1,0,0,0,0,1,1,medio_alto
4,10000.0,24,0.7916666666666666,1,1,1,0,0,0,0,1,0,0,0,0,0,medio_alto
8,10000.0,11,0.9090909090909091,1,2,1,0,0,0,1,1,0,0,0,0,0,gratuito
3,35000.0,1,1.0,1,2,1,1,0,0,1,0,0,1,0,0,0,medio_alto
7,10000.0,13,0.8461538461538461,3,4,1,1,1,0,1,1,1,1,0,0,0,medio_baixo
3,10000.0,0,0.0,1,2,1,1,1,0,1,0,0,1,0,0,0,medio_baixo
1,0.0,0,0.0,0,0,1,0,0,0,0,0,0,0,0,0,0,gratuito
1,10000.0,0,0.0,9,4,1,0,0,0,1,0,1,0,1,1,0,medio_alto
1,10000.0,6,1.0,1,3,1,0,0,0,1,0,1,1,0,0,0,medio_alto
10,350000.0,983,0.6866734486266531,14,2,1,0,1,0,1,1,0,0,0,0,0,medio_baixo
9,10000.0,6,1.0,1,4,1,1,0,0,1,0,0,1,0,1,1,baixo
4,10000.0,5,0.8,1,2,1,0,0,0,0,1,0,0,0,0,0,medio_alto
6,75000.0,8,0.625,1,2,1,0,0,0,1,0,0,0,0,1,0,gratuito
12,75000.0,321,0.7165109034267912,8,3,1,0,0,0,1,0,0,1,0,1,0,baixo
5,0.0,0,0.0,1,3,1,0,1,0,1,0,1,0,1,0,0,gratuito
1,0.0,0,0.0,0,0,1,0,0,0,0,0,0,0,0,0,0,gratuito
3,10000.0,31,0.6774193548387096,10,2,1,0,0,0,0,0,0,1,0,1,0,medio_alto
4,0.0,0,0.0,0,0,1,0,0,0,0,0,0,0,0,0,0,gratuito
3,10000.0,0,0.0,1,2,1,0,0,0,0,1,0,1,0,0,0,medio_alto
9,10000.0,143,0.8741258741258742,11,3,1,0,0,1,1,1,0,1,0,0,0,medio_baixo
8,10000.0,0,0.0,1,1,1,1,1,1,1,0,0,0,0,0,0,medio_baixo
5,10000.0,120,0.85,14,2,1,0,0,0,1,1,0,0,0,0,0,medio_alto
2,10000.0,23,0.34782608695652173,5,2,1,0,0,0,1,0,0,0,1,0,0,medio_baixo
9,10000.0,9,0.5555555555555556,1,4,1,1,0,0,1,1,1,1,0,0,0,medio_alto
6,10000.0,36,0.75,2,5,1,0,0,0,1,0,0,1,0,1,1,gratuito
9,35000.0,308,0.8961038961038961,10,3,1,0,0,1,1,1,1,0,0,0,0,alto
4,10000.0,15,0.6,1,5,1,0,0,0,1,1,1,0,1,0,0,medio_alto
5,0.0,0,0.0,0,0,1,0,0,0,0,0,0,0,0,0,0,gratuito
1,0.0,0,0.0,1,3,1,0,0,0,1,0,1,0,1,0,0,alto
9,10000.0,0,0.0,1,4,1,0,0,0,1,0,0,1,0,1,0,alto
4,75000.0,1168,0.8972602739726028,13,2,1,1,0,1,1,0,1,0,0,0,0,alto
1,0.0,0,0.0,2,4,1,0,0,0,1,0,0,1,0,1,0,gratuito
4,10000.0,10,0.7,1,2,1,0,0,3,0,1,0,0,1,0,0,alto
20,75000.0,438,0.7214611872146118,1,1,1,0,0,0,0,1,0,0,0,0,0,gratuito
1,10000.0,0,0.0,28,3,1,0,0,0,1,1,0,1,0,0,0,baixo
6,10000.0,24,0.5833333333333334,103,1,1,0,0,0,0,1,0,0,0,0,0,baixo
6,10000.0,116,0.896551724137931,2,4,1,1,1,2,1,0,1,1,0,0,0,gratuito
3,350000.0,3328,0.4308894230769231,10,3,1,1,0,3,0,0,1,0,0,1,1,alto
1,10000.0,79,0.7468354430379747,7,3,1,1,1,1,0,1,1,0,0,0,1,alto
10,75000.0,439,0.6651480637813212,1,3,1,0,0,0,1,1,1,0,0,0,0,baixo
11,150000.0,225,0.8444444444444444,1,6,1,0,0,3,1,1,1,1,1,1,0,baixo
8,750000.0,12729,0.7558331369314164,1,3,1,1,0,1,1,0,0,0,0,1,1,alto
10,35000.0,63,0.5714285714285714,6,2,1,1,0,0,1,0,1,0,0,0,0,medio_alto
9,10000.0,10,0.6,1,2,1,0,1,0,1,0,0,1,0,0,0,baixo
6,10000.0,44,0.8863636363636364,1,1,1,0,0,1,0,0,0,1,0,0,0,gratuito
2,10000.0,0,0.0,9,4,1,0,0,0,1,1,0,1,0,0,0,alto
7,10000.0,0,0.0,1,2,1,0,0,1,1,0,0,1,0,0,0,baixo
5,35000.0,721,0.6768377253814147,6,4,1,0,0,0,1,1,1,0,1,0,0,medio_baixo
2,10000.0,59,0.8305084745762712,11,5,1,1,1,0,1,0,1,0,1,1,1,alto
3,10000.0,47,0.8723404255319149,11,1,1,0,0,0,0,0,0,1,0,0,0,medio_baixo
1,0.0,0,0.0,11,6,1,0,0,0,0,1,1,0,1,1,0,gratuito
8,35000.0,108,0.9629629629629629,1,3,1,0,0,0,1,0,1,0,1,0,0,medio_baixo
1,0.0,0,0.0,0,0,1,0,0,0,0,0,0,0,0,0,0,gratuito
5,10000.0,2,1.0,1,2,1,0,0,0,0,1,0,0,0,1,0,baixo
5,0.0,0,0.0,6,2,1,0,0,0,0,0,0,0,0,0,1,gratuito
6,10000.0,1036,0.9633204633204633,2,3,1,1,0,0,1,0,1,0,0,0,0,gratuito
8,35000.0,62,0.46774193548387094,1,2,1,0,0,0,1,0,0,0,0,1,0,gratuito
4,10000.0,16,0.875,1,4,1,0,0,0,1,1,0,1,0,1,0,baixo
9,350000.0,2321,0.7440758293838863,1,3,1,0,0,0,1,0,1,0,0,0,1,alto
11,10000.0,531,0.5329566854990584,13,4,1,1,0,0,0,1,0,0,0,1,1,gratuito
6,10000.0,84,0.9523809523809523,1,2,1,1,0,0,0,0,0,0,0,0,0,alto
5,0.0,0,0.0,3,4,1,1,0,13,0,0,0,0,1,1,1,gratuito
3,10000.0,0,0.0,1,6,1,0,0,0,1,1,1,0,1,0,1,medio_alto
4,10000.0,0,0.0,2,6,1,0,0,1,1,0,1,1,1,1,1,alto
5,10000.0,8,1.0,1,3,1,0,0,0,1,0,0,1,0,0,1,baixo
1,10000.0,4,0.5,1,4,1,1,0,0,1,1,0,1,0,0,0,gratuito
1,150000.0,39,1.0,3,6,1,0,0,0,1,0,1,1,1,1,1,medio_baixo
2,0.0,0,0.0,1,5,1,0,0,0,1,0,0,1,1,0,1,gratuito
5,10000.0,43,0.813953488372093,11,3,1,0,0,0,0,0,0,1,0,0,1,medio_baixo
3,10000.0,215,0.8604651162790697,8,3,1,0,0,1,1,1,1,0,0,0,0,medio_alto
8,10000.0,9,0.8888888888888888,10,2,1,1,1,0,1,0,0,1,0,0,0,medio_baixo
4,35000.0,4,0.75,1,3,1,0,0,0,1,1,1,0,0,0,0,medio_alto
7,10000.0,5,0.8,1,3,1,1,0,0,1,0,1,1,0,0,0,medio_baixo
2,10000.0,60,0.9,1,1,1,0,0,0,0,1,0,0,0,0,0,alto
1,10000.0,0,0.0,9,4,1,0,0,0,1,0,0,0,0,0,1,alto
9,350000.0,770,0.6792207792207792,1,3,1,1,1,0,0,1,0,0,0,1,0,gratuito
7,10000.0,151,0.6490066225165563,3,2,1,0,0,0,1,0,0,0,1,0,0,medio_alto
3,35000.0,33,0.7575757575757576,2,2,1,0,0,0,1,0,1,0,0,0,0,medio_baixo
5,0.0,0,0.0,3,4,1,0,0,0,1,0,1,1,1,0,0,gratuito
3,0.0,0,0.0,1,4,1,0,0,1,1,0,0,1,0,0,1,gratuito
7,35000.0,21,0.5238095238095238,3,4,1,0,0,1,1,1,1,0,1,0,0,medio_baixo
8,35000.0,67,0.6865671641791045,8,2,1,1,1,0,1,0,0,0,0,1,0,gratuito
2,10000.0,25,0.8,1,4,1,0,0,0,1,0,0,0,0,1,0,medio_alto
5,10000.0,1,1.0,1,3,1,1,1,0,1,1,0,1,0,0,0,medio_alto
7,10000.0,125,0.872,1,2,1,1,1,0,1,0,0,0,0,0,0,gratuito
3,10000.0,6,1.0,8,1,1,1,0,0,0,0,0,0,0,1,0,alto
10,35000.0,267,0.947565543071161,1,1,1,0,0,0,1,0,0,0,0,0,0,gratuito
3,10000.0,35,0.42857142857142855,2,2,1,0,0,0,1,0,0,1,0,0,0,medio_alto
5,150000.0,17,0.7647058823529411,1,6,1,0,0,0,1,1,0,0,1,0,0,gratuito
4,10000.0,3,0.3333333333333333,2,3,1,1,1,0,1,1,1,0,0,0,0,medio_alto
1,10000.0,19,1.0,3,2,1,0,0,0,1,0,1,0,0,0,0,medio_baixo
1,10000.0,1,0.0,10,5,1,0,0,0,1,1,1,1,0,1,0,baixo
2,0.0,0,0.0,1,4,1,1,0,0,1,1,0,1,0,0,0,gratuito
10,10000.0,52,0.6730769230769231,3,1,1,0,0,0,0,0,1,0,0,0,0,medio_alto
14,150000.0,1551,0.8942617666021921,1,2,1,1,1,1,1,0,1,0,0,0,0,baixo
7,10000.0,0,0.0,1,3,1,0,0,0,1,0,0,1,0,0,1,baixo
1,10000.0,0,0.0,7,3,1,0,0,0,1,0,0,1,0,0,1,medio_alto
1,10000.0,0,0.0,4,4,1,0,0,0,1,0,0,1,1,1,0,medio_alto
9,10000.0,14,0.42857142857142855,2,4,1,0,0,0,1,1,0,0,0,0,1,medio_alto
4,75000.0,13,0.8461538461538461,8,2,1,0,0,0,0,0,1,1,0,0,0,alto
1,10000.0,0,0.0,1,4,1,0,0,0,0,0,0,0,0,1,1,alto
1,10000.0,0,0.0,4,3,1,0,0,0,1,0,1,0,0,0,1,baixo
1,10000.0,0,0.0,1,3,1,0,0,0,1,0,1,1,0,0,0,medio_alto
7,10000.0,26,0.6153846153846154,27,4,1,0,0,0,1,0,0,1,1,0,1,medio_baixo
3,10000.0,87,0.6896551724137931,4,5,1,0,0,0,1,1,0,1,1,0,1,baixo
2,10000.0,0,0.0,3,2,1,1,1,0,1,0,1,0,0,0,0,medio_alto
2,35000.0,3,0.3333333333333333,1,2,1,0,0,0,1,0,1,0,0,0,0,medio_baixo
2,10000.0,0,0.0,4,4,1,0,0,0,1,0,0,1,1,0,1,alto
5,10000.0,0,0.0,4,1,1,0,0,0,0,0,1,0,0,0,0,medio_alto
7,10000.0,102,0.5098039215686274,6,2,1,0,0,0,0,1,0,0,0,1,0,medio_baixo
1,0.0,0,0.0,0,0,1,0,0,0,0,0,0,0,0,0,0,gratuito
3,10000.0,6,0.5,1,2,1,0,0,0,1,0,0,1,0,0,0,baixo
10,750000.0,1590,0.6276729559748427,1,6,1,1,0,38,1,0,0,1,1,1,1,gratuito
5,0.0,0,0.0,0,0,1,0,0,0,0,0,0,0,0,0,0,gratuito
1,10000.0,0,0.0,1,3,1,1,1,0,1,0,0,1,0,1,0,medio_alto
3,10000.0,9,0.6666666666666666,5,4,1,0,0,0,1,0,1,1,1,0,0,medio_alto
6,10000.0,3,0.6666666666666666,1,2,1,0,0,0,1,0,0,0,0,0,1,baixo
5,10000.0,0,0.0,3,2,1,0,0,0,0,0,0,0,1,0,1,medio_baixo
4,10000.0,26,0.9615384615384616,4,2,1,0,0,0,1,0,0,1,0,0,0,medio_baixo
1,10000.0,11,0.9090909090909091,1,2,1,0,0,0,1,1,0,0,0,0,0,baixo
1,10000.0,0,0.0,1,4,1,0,1,0,1,0,1,1,0,0,1,medio_alto
4,10000.0,0,0.0,1,3,1,1,1,3,1,0,1,1,0,0,0,alto
2,10000.0,36,0.8055555555555556,2,5,1,0,0,0,1,1,1,1,0,1,0,medio_baixo
8,10000.0,0,0.0,3,3,1,0,0,0,0,1,0,1,0,0,0,gratuito
3,10000.0,71,0.971830985915493,1,2,1,0,0,0,1,0,0,0,1,0,0,baixo
1,10000.0,0,0.0,1,5,1,0,0,0,1,1,1,1,1,0,0,baixo
1,0.0,0,0.0,0,0,1,0,0,0,0,0,0,0,0,0,0,gratuito
1,0.0,0,0.0,0,0,1,0,0,0,0,0,0,0,0,0,0,gratuito
2,10000.0,25,0.72,4,2,1,1,1,0,0,0,0,1,0,1,0,medio_alto
4,75000.0,9,0.8888888888888888,2,2,1,0,0,0,1,0,1,0,0,0,0,gratuito
1,10000.0,0,0.0,4,2,1,0,0,0,1,0,0,0,0,1,0,alto
1,0.0,0,0.0,1,4,1,0,0,0,1,1,0,0,1,0,0,alto
10,10000.0,21,0.6190476190476191,1,4,1,0,0,0,1,0,1,0,0,0,0,gratuito
5,10000.0,26,0.9615384615384616,1,4,1,0,0,0,1,1,1,1,0,0,0,baixo
3,10000.0,0,0.0,2,3,1,0,0,0,1,0,0,1,0,0,0,gratuito
3,10000.0,121,0.8925619834710744,1,1,1,0,0,0,0,0,1,0,0,0,0,baixo
13,15000000.0,283264,0.9042024401265251,14,3,1,1,0,21,0,1,0,0,0,1,1,alto
5,10000.0,29,0.6206896551724138,1,4,1,0,0,0,1,0,0,0,0,1,1,medio_baixo
5,10000.0,15,0.26666666666666666,1,5,1,0,0,0,1,1,1,0,1,0,1,baixo
5,150000.0,236,0.9279661016949152,3,2,1,0,0,1,1,0,1,0,0,0,0,baixo
1,10000.0,1,1.0,1,3,1,0,0,0,1,0,0,1,1,0,0,baixo
1,10000.0,0,0.0,8,1,1,0,0,0,0,0,0,0,0,0,1,alto
1,10000.0,1,1.0,3,2,1,1,0,0,0,0,1,1,0,0,0,medio_alto
9,10000.0,78,0.8589743589743589,2,2,1,0,0,0,1,0,0,1,0,0,0,baixo
8,10000.0,23,0.391304347826087,2,8,1,0,0,0,0,1,1,1,0,1,1,gratuito
2,0.0,0,0.0,1,7,1,0,0,0,1,1,1,1,1,0,0,gratuito
7,10000.0,3,0.6666666666666666,1,1,1,0,1,0,0,1,0,0,0,0,0,medio_baixo
2,0.0,0,0.0,0,0,1,0,0,0,0,0,0,0,0,0,0,gratuito
6,10000.0,14,0.5714285714285714,1,2,1,0,0,0,0,1,1,0,0,0,0,medio_alto
5,10000.0,86,0.7325581395348837,4,3,1,0,0,1,1,1,1,0,0,0,0,medio_alto
1,10000.0,0,0.0,5,2,1,0,0,0,0,0,1,0,0,0,1,alto
7,10000.0,19,0.6842105263157895,1,4,1,0,0,0,1,1,0,1,0,1,0,baixo
7,35000.0,21,0.8095238095238095,1,4,1,0,0,0,1,0,0,0,0,0,0,gratuito
2,10000.0,109,0.7522935779816514,15,2,1,0,0,0,1,1,0,0,0,0,0,medio_baixo
7,10000.0,149,0.7315436241610739,1,3,1,0,0,0,1,1,0,0,0,0,1,alto
7,10000.0,0,0.0,1,4,1,0,0,0,1,1,0,1,0,0,0,alto
1,10000.0,0,0.0,1,2,1,0,0,0,1,0,1,0,0,0,0,baixo
4,10000.0,2,0.5,1,3,1,0,0,0,1,0,0,1,0,0,0,medio_baixo
6,75000.0,646,0.9736842105263158,1,2,1,0,0,0,1,1,0,0,0,0,0,alto
7,10000.0,13,0.8461538461538461,1,5,1,1,0,0,1,1,1,1,1,0,0,alto
6,10000.0,7,0.8571428571428571,1,2,1,0,0,0,1,1,0,0,0,0,0,medio_baixo
3,10000.0,6,1.0,1,2,1,0,0,0,0,1,1,0,0,0,0,medio_alto
3,10000.0,132,0.6212121212121212,3,1,1,0,0,0,1,0,0,0,0,0,0,medio_baixo
1,10000.0,49,0.46938775510204084,1,3,1,0,0,0,1,0,0,1,0,0,1,medio_baixo
3,35000.0,259,0.6833976833976834,2,1,1,0,0,0,1,0,0,0,0,0,0,medio_baixo
17,150000.0,807,0.5600991325898389,1,1,1,0,0,1,0,0,1,0,0,0,0,medio_baixo
9,10000.0,6,0.3333333333333333,1,4,1,0,0,0,1,1,1,1,0,0,0,medio_baixo
7,10000.0,2,0.5,1,1,1,0,0,0,0,0,0,0,0,0,0,medio_baixo
11,10000.0,54,0.9259259259259259,9,3,1,0,0,0,0,0,0,1,0,1,1,baixo
2,10000.0,58,0.9827586206896551,10,4,1,1,1,0,1,1,0,1,0,0,0,medio_alto
2,10000.0,15,0.9333333333333333,1,4,1,0,0,0,1,1,1,1,0,0,0,baixo
11,1500000.0,7369,0.8348486904600353,6,2,1,1,1,2,1,1,0,0,0,0,0,baixo
3,10000.0,46,0.9130434782608695,1,4,1,0,0,0,1,0,0,1,1,1,0,alto
4,10000.0,1,1.0,1,2,1,0,0,0,0,0,0,1,0,1,0,medio_baixo
11,350000.0,1030,0.7543689320388349,6,3,1,0,0,1,1,1,1,0,0,0,0,baixo
2,10000.0,0,0.0,1,3,1,0,0,1,0,0,1,0,1,0,0,gratuito
5,0.0,0,0.0,1,4,1,0,0,0,1,0,0,0,1,1,0,gratuito
7,10000.0,16,1.0,9,3,1,0,0,0,1,1,0,0,0,1,0,medio_baixo
4,10000.0,5,0.6,1,3,1,0,0,0,1,1,0,1,0,0,0,medio_baixo
1,0.0,0,0.0,1,3,1,0,0,0,1,1,1,0,0,0,0,medio_baixo
9,10000.0,0,0.0,1,3,1,0,0,0,1,0,0,1,0,0,0,medio_alto
2,10000.0,303,0.8250825082508251,3,2,1,0,0,0,0,0,1,1,0,0,0,alto
4,10000.0,86,0.5697674418604651,5,1,1,0,0,0,0,0,0,0,0,0,1,medio_alto
1,10000.0,4,1.0,6,2,1,0,0,0,0,0,1,0,0,0,0,medio_baixo
2,10000.0,0,0.0,3,3,1,0,0,2,1,0,0,1,0,0,1,alto
6,75000.0,799,0.8773466833541927,29,3,1,0,0,1,1,1,0,1,0,0,0,baixo
2,10000.0,0,0.0,3,2,1,0,0,0,0,0,1,0,1,0,0,medio_alto
2,0.0,0,0.0,0,0,1,0,0,0,0,0,0,0,0,0,0,gratuito
2,0.0,0,0.0,0,0,1,0,0,0,0,0,0,0,0,0,0,gratuito
4,10000.0,0,0.0,1,1,1,0,0,0,0,0,0,1,0,0,0,baixo
6,10000.0,51,0.7254901960784313,12,3,1,0,1,0,1,1,1,0,0,0,0,alto
8,10000.0,100,0.86,4,2,1,0,0,0,1,0,1,0,0,0,0,baixo
5,10000.0,17,0.5882352941176471,1,4,1,0,0,0,1,0,1,1,0,0,1,baixo
1,10000.0,0,0.0,1,7,1,0,0,0,0,1,1,1,1,1,1,baixo
5,10000.0,26,0.6923076923076923,1,3,1,1,1,0,1,0,0,1,0,1,0,gratuito
4,10000.0,199,0.949748743718593,1,2,1,0,0,0,1,0,0,1,0,0,0,medio_alto
1,10000.0,0,0.0,1,3,1,0,0,0,1,0,0,0,0,0,1,alto
8,10000.0,63,0.8888888888888888,6,3,1,0,0,0,1,1,0,0,0,0,1,medio_baixo
2,10000.0,3,1.0,9,5,1,1,0,0,1,0,0,1,1,1,1,medio_alto
3,10000.0,1,1.0,1,2,1,0,0,0,1,0,0,0,0,0,1,baixo
2,10000.0,37,0.5405405405405406,1,1,1,0,0,0,0,1,0,0,0,0,0,medio_baixo
1,35000.0,7,0.7142857142857143,3,4,1,0,0,0,1,1,1,0,1,0,0,baixo
6,10000.0,14,0.7857142857142857,1,3,1,0,1,1,1,1,0,0,0,0,0,gratuito
6,35000.0,14,0.5714285714285714,1,1,1,0,0,0,0,0,0,1,0,0,0,gratuito
4,0.0,0,0.0,16,3,1,0,0,5,0,0,0,1,0,0,1,gratuito
10,10000.0,12,1.0,1,2,1,0,0,0,0,0,1,1,0,0,0,medio_alto
4,10000.0,6,0.5,1,2,1,0,0,0,0,1,1,0,0,0,0,baixo
2,10000.0,14,1.0,3,4,1,1,0,0,1,0,1,1,0,0,0,alto
3,0.0,0,0.0,0,0,1,0,0,0,0,0,0,0,0,0,0,gratuito
11,35000.0,442,0.8144796380090498,1,2,1,0,0,0,1,1,0,0,0,0,0,baixo
10,10000.0,22,0.36363636363636365,2,2,1,0,0,0,1,0,0,1,0,0,0,medio_alto
15,1500000.0,13574,0.8811698836010019,10,2,1,0,0,0,0,1,0,0,1,0,0,medio_baixo
7,10000.0,7,0.8571428571428571,15,3,1,0,0,0,1,1,0,1,0,0,0,medio_alto
4,10000.0,5,0.4,1,4,1,1,1,0,1,1,1,1,0,0,0,medio_alto
11,10000.0,77,0.4675324675324675,3,3,1,1,1,0,1,0,0,0,0,1,1,medio_alto
1,0.0,0,0.0,103,4,1,0,0,0,1,0,0,1,0,0,1,baixo
2,10000.0,7,0.7142857142857143,1,3,1,0,0,0,1,0,0,1,0,1,0,medio_alto
5,10000.0,151,0.6754966887417219,4,1,1,0,0,0,0,0,0,0,0,0,0,alto
3,0.0,0,0.0,0,0,1,0,0,0,0,0,0,0,0,0,0,gratuito
7,75000.0,1239,0.8401937046004843,1,3,1,0,0,0,1,1,0,0,1,0,0,medio_alto
7,10000.0,1,1.0,1,4,1,0,0,0,1,1,0,1,0,0,0,medio_alto
13,750000.0,2483,0.57672170761176,2,2,1,1,1,12,0,0,0,0,0,1,1,medio_alto
5,10000.0,11,0.8181818181818182,1,4,1,0,0,0,1,0,1,1,0,0,1,medio_alto
2,0.0,0,0.0,1,2,1,1,1,0,0,0,0,1,0,0,0,gratuito
3,10000.0,13,0.9230769230769231,1,2,1,0,0,0,1,0,0,0,1,0,0,medio_baixo
2,75000.0,328,0.524390243902439,15,2,1,0,0,0,0,0,1,1,0,0,0,medio_baixo
8,10000.0,47,0.7872340425531915,1,2,1,0,0,0,1,0,0,1,0,0,0,baixo
15,350000.0,1227,0.8198859005704972,1,3,1,1,1,2,1,1,0,0,0,1,0,medio_alto
4,75000.0,21,0.7619047619047619,103,1,1,0,0,0,1,0,0,0,0,0,0,baixo
1,0.0,0,0.0,1,2,1,0,0,0,0,0,0,0,0,1,0,alto
10,1500000.0,6226,0.7402826855123675,5,2,1,1,1,0,1,0,0,0,0,0,0,gratuito
5,10000.0,23,0.7391304347826086,2,4,1,0,0,0,1,0,0,1,0,1,0,baixo
2,0.0,0,0.0,1,2,1,0,0,0,0,0,0,0,0,0,1,gratuito
1,0.0,0,0.0,103,5,1,0,0,0,1,0,0,1,0,1,1,gratuito
8,10000.0,16,0.4375,1,2,1,0,0,0,0,1,0,1,0,0,0,baixo
2,10000.0,0,0.0,1,4,1,0,0,0,1,0,1,0,1,0,0,alto
2,10000.0,74,0.7837837837837838,2,3,1,0,0,1,1,0,1,0,0,0,1,medio_baixo
2,0.0,0,0.0,0,0,1,0,0,0,0,0,0,0,0,0,0,gratuito
3,35000.0,141,0.9645390070921985,7,4,1,0,1,1,1,1,1,0,1,0,0,medio_alto
4,35000.0,54,0.9259259259259259,6,2,1,0,0,1,1,0,1,0,0,0,0,medio_alto
4,10000.0,3,0.0,2,2,1,0,0,0,0,0,1,1,0,0,0,medio_alto
2,0.0,0,0.0,0,0,1,0,0,0,0,0,0,0,0,0,0,gratuito
2,10000.0,0,0.0,1,4,1,1,0,0,1,1,1,0,0,0,0,gratuito
2,10000.0,29,1.0,3,1,1,0,1,0,0,1,0,0,0,0,0,medio_baixo
5,10000.0,15,1.0,1,2,1,1,1,0,0,0,1,1,0,0,0,baixo
4,10000.0,3,1.0,1,2,1,0,0,0,0,1,0,0,0,1,0,medio_baixo
2,10000.0,10,1.0,2,1,1,0,0,0,1,0,0,0,0,0,0,baixo
1,10000.0,0,0.0,1,1,1,1,1,0,1,0,0,0,0,0,0,alto
2,10000.0,0,0.0,1,3,1,0,0,0,0,0,0,0,1,1,1,medio_baixo
3,10000.0,27,0.5925925925925926,1,6,1,0,0,0,1,1,1,1,1,1,0,alto
2,10000.0,7,0.5714285714285714,12,3,1,0,0,0,1,0,0,0,0,0,1,alto
3,0.0,0,0.0,1,3,1,1,1,1,1,1,0,1,0,0,0,gratuito
1,10000.0,1,1.0,1,1,1,1,1,0,0,0,0,1,0,0,0,alto
8,35000000.0,894458,0.9803679993918104,23,6,1,0,0,1,1,0,0,1,0,0,0,medio_alto
3,35000.0,9,0.5555555555555556,1,2,1,1,1,4,0,0,1,0,1,0,0,medio_alto
2,10000.0,3,0.3333333333333333,1,2,1,0,0,0,0,0,0,1,0,1,0,alto
3,0.0,0,0.0,1,3,1,0,0,1,1,1,0,0,0,0,0,gratuito
3,7500000.0,129331,0.9697752279035962,11,4,1,1,0,4,0,0,1,1,1,0,1,alto
2,0.0,0,0.0,4,3,1,0,0,0,1,0,0,0,0,1,0,gratuito
11,35000.0,501,0.9261477045908184,1,2,1,0,0,0,0,0,0,0,1,1,0,baixo
5,10000.0,21,1.0,3,4,1,0,0,0,1,0,1,1,0,1,0,medio_baixo
14,350000.0,2306,0.8690372940156115,1,2,1,0,0,0,0,1,1,0,0,0,0,medio_baixo
7,10000.0,1,1.0,1,3,1,0,0,0,1,0,1,1,0,0,0,alto
9,10000.0,1,1.0,1,4,1,0,0,0,1,1,1,0,0,1,0,baixo
4,75000.0,30,0.9,1,1,1,0,1,0,0,1,0,0,0,0,0,gratuito
4,0.0,0,0.0,0,0,1,0,0,0,0,0,0,0,0,0,0,gratuito
7,10000.0,14,0.9285714285714286,2,3,1,0,0,1,1,0,1,1,0,0,0,medio_alto
3,10000.0,385,0.9896103896103896,2,3,1,0,0,1,1,0,1,1,0,0,0,alto
7,150000.0,640,0.6109375,1,3,1,0,0,1,1,1,0,0,0,0,0,gratuito
11,750000.0,11542,0.9014902096690348,10,3,1,1,1,3,1,1,0,0,0,1,0,medio_baixo
6,10000.0,24,0.875,1,1,1,0,0,0,0,1,0,0,0,0,0,medio_alto
2,0.0,0,0.0,103,1,1,0,0,0,0,1,0,0,0,0,0,baixo
5,35000.0,418,0.9449760765550239,1,3,1,0,0,0,1,0,1,1,0,0,0,baixo
6,150000.0,2,1.0,1,1,1,0,0,0,0,1,0,0,0,0,0,baixo
3,35000.0,6,0.6666666666666666,1,2,1,0,0,0,0,1,0,0,0,0,0,medio_baixo
8,10000.0,4,0.75,1,3,1,0,0,0,1,1,0,1,0,0,0,medio_alto
10,35000.0,112,0.6607142857142857,2,3,1,1,0,0,1,0,0,1,0,0,1,baixo
1,10000.0,22,0.9545454545454546,1,2,1,0,0,0,1,0,0,1,0,0,0,baixo
6,10000.0,39,0.46153846153846156,1,3,1,0,0,0,1,0,0,1,0,0,0,baixo
2,0.0,0,0.0,1,4,1,1,1,0,1,1,0,1,0,0,0,gratuito
12,750000.0,16243,0.8816105399248907,3,4,1,1,1,0,1,0,0,1,1,0,1,baixo
1,0.0,0,0.0,1,1,1,0,0,0,0,0,0,1,0,0,0,alto
10,350000.0,4649,0.7590879759087976,3,3,1,0,0,2,1,0,0,1,0,0,0,medio_baixo
4,10000.0,51,0.7450980392156863,2,4,1,0,0,0,1,1,1,0,0,0,1,gratuito
2,35000.0,2,0.5,1,3,1,0,0,0,0,0,0,1,0,1,1,baixo
2,0.0,0,0.0,103,2,1,0,0,0,1,0,0,1,0,0,0,medio_baixo
1,10000.0,71,0.5492957746478874,11,5,1,1,1,1,1,1,1,0,1,0,1,alto
1,10000.0,0,0.0,4,2,1,0,0,0,0,0,1,0,1,0,0,medio_alto
5,0.0,0,0.0,2,4,1,0,0,0,1,0,1,1,0,0,0,gratuito
6,10000.0,3,0.6666666666666666,2,2,1,1,0,0,0,0,1,0,1,0,0,medio_baixo
10,75000.0,526,0.8174904942965779,14,3,1,0,0,1,1,0,0,0,0,1,1,alto
1,10000.0,15,1.0,3,2,1,0,0,0,1,1,0,0,0,0,0,baixo
1,0.0,0,0.0,0,0,1,0,0,0,0,0,0,0,0,0,0,gratuito
8,10000.0,18,0.7777777777777778,1,3,1,0,0,0,1,1,1,0,0,0,0,medio_baixo
10,10000.0,60,0.6166666666666667,1,3,1,0,0,0,1,0,1,1,0,0,0,gratuito
11,35000.0,156,0.7948717948717948,1,3,1,1,1,0,1,1,0,1,0,0,0,baixo
1,0.0,0,0.0,0,0,1,0,0,0,0,0,0,0,0,0,0,gratuito
1,10000.0,0,0.0,4,3,1,0,0,1,1,0,0,1,0,0,1,medio_alto
1,0.0,0,0.0,1,3,1,1,0,0,1,0,0,0,0,1,0,medio_alto
2,10000.0,97,0.9587628865979382,10,3,1,1,1,0,1,0,1,1,0,0,0,medio_baixo
2,10000.0,2,0.5,5,2,1,0,0,0,0,0,1,0,0,0,0,medio_baixo
1,10000.0,0,0.0,1,2,1,0,0,0,0,0,0,1,0,0,0,medio_baixo
1,10000.0,4,0.25,1,4,1,0,0,0,1,0,1,1,1,0,0,alto
9,10000.0,26,0.9615384615384616,1,2,1,0,0,0,0,0,1,0,1,0,0,medio_alto
4,10000.0,8,0.875,1,2,1,0,0,0,0,0,0,1,0,0,0,baixo
7,10000.0,22,0.8181818181818182,1,4,1,0,0,0,1,1,1,0,1,0,0,medio_baixo
5,10000.0,16,0.8125,1,2,1,0,0,0,0,1,0,1,0,0,0,medio_baixo
1,10000.0,3,1.0,1,3,1,0,0,0,1,1,0,1,0,0,0,medio_alto
1,10000.0,0,0.0,1,1,1,0,0,0,1,0,0,0,0,0,0,baixo
2,10000.0,187,0.8770053475935828,2,4,1,0,0,1,1,1,0,1,0,0,0,alto
10,10000.0,23,0.6521739130434783,2,3,1,0,1,0,1,0,1,1,0,0,0,medio_alto
8,10000.0,2,0.5,1,4,1,0,0,0,1,1,0,1,0,0,0,medio_baixo
1,10000.0,0,0.0,1,2,1,0,0,0,1,0,0,0,0,0,0,medio_alto
2,10000.0,101,0.7920792079207921,10,2,1,0,0,0,1,0,1,0,0,0,0,baixo
20,150000.0,453,0.7218543046357616,1,1,1,0,0,0,0,0,0,0,0,1,0,medio_baixo
8,750000.0,16638,0.8884481307849501,13,2,1,0,0,2,0,0,1,0,1,0,0,medio_alto
4,10000.0,62,0.7419354838709677,14,2,1,0,0,1,1,0,0,1,0,0,0,baixo
1,10000.0,0,0.0,1,3,1,0,0,1,1,1,0,0,0,0,1,medio_baixo
3,0.0,0,0.0,103,9,1,1,1,0,1,1,1,1,1,1,1,alto
6,10000.0,2,1.0,1,2,1,0,0,0,1,0,0,0,0,1,0,medio_baixo
9,75000.0,413,0.8934624697336562,1,2,1,1,1,0,1,0,0,0,0,0,1,alto
1,0.0,0,0.0,10,3,1,0,0,0,1,0,1,0,0,0,1,medio_alto
2,10000.0,1,1.0,1,1,1,0,0,0,1,0,0,0,0,0,0,alto
1,10000.0,0,0.0,8,4,1,0,0,0,1,0,0,0,0,1,1,alto
11,10000.0,60,0.4166666666666667,1,2,1,1,0,0,1,1,0,0,0,0,0,medio_baixo
10,10000.0,158,0.8481012658227848,9,2,1,1,0,0,1,1,0,0,0,0,0,baixo
10,10000.0,32,0.625,1,1,1,0,0,0,0,0,0,0,0,0,1,gratuito
1,10000.0,135,0.7185185185185186,12,3,1,0,0,0,1,1,1,0,0,0,0,alto
1,0.0,0,0.0,1,3,1,0,0,0,1,0,0,0,0,0,0,gratuito
1,10000.0,0,0.0,1,4,1,0,0,0,1,0,0,1,0,0,1,baixo
1,0.0,0,0.0,12,6,1,0,1,0,1,0,0,1,0,1,1,medio_alto
2,0.0,0,0.0,0,0,1,0,0,0,0,0,0,0,0,0,0,gratuito
1,10000.0,31,0.7419354838709677,4,4,1,0,0,0,1,0,1,1,0,1,0,medio_alto
4,0.0,0,0.0,1,3,1,0,0,0,1,0,1,1,0,0,0,gratuito
2,0.0,0,0.0,0,0,1,0,0,0,0,0,0,0,0,0,0,gratuito
10,35000.0,106,0.7169811320754716,1,2,1,1,1,0,1,1,0,0,0,0,0,baixo
3,10000.0,5,1.0,2,2,1,0,0,0,1,1,0,0,0,0,0,medio_alto
2,10000.0,41,0.926829268292683,27,3,1,0,0,0,1,1,0,0,1,0,0,medio_baixo
2,35000.0,644,0.8043478260869565,10,4,1,0,0,0,0,0,1,1,0,0,1,baixo
1,10000.0,1,1.0,2,1,1,0,0,0,1,0,0,0,0,0,0,medio_baixo
6,10000.0,62,0.7258064516129032,1,3,1,0,0,1,1,0,1,0,1,0,0,alto
8,10000.0,9,0.1111111111111111,1,2,1,0,0,0,0,0,0,0,0,1,1,alto
1,0.0,0,0.0,0,0,1,0,0,0,0,0,0,0,0,0,0,gratuito
6,10000.0,0,0.0,1,3,1,0,1,2,1,0,1,0,0,1,0,alto
2,10000.0,10,0.9,1,1,1,0,0,0,1,0,0,0,0,0,0,medio_alto
6,35000.0,118,0.8983050847457628,2,2,1,0,0,0,1,0,0,1,0,0,0,baixo
1,75000.0,6,0.8333333333333334,1,5,1,0,0,0,1,1,0,0,1,0,1,medio_baixo
4,0.0,0,0.0,1,4,1,1,1,0,1,1,0,1,0,0,0,gratuito
6,10000.0,23,0.5652173913043478,1,3,1,0,0,1,1,1,0,0,1,0,0,gratuito
7,10000.0,156,0.6410256410256411,4,2,1,0,0,1,0,0,0,0,1,1,0,medio_alto
3,10000.0,16,0.9375,2,1,1,0,0,0,0,0,0,1,0,0,0,baixo
3,10000.0,0,0.0,1,3,1,0,0,0,1,1,0,1,0,0,0,medio_baixo
1,10000.0,0,0.0,15,3,1,0,0,0,1,1,1,0,0,0,0,medio_alto
2,10000.0,7,1.0,2,3,1,0,0,0,1,1,1,0,0,0,0,medio_baixo
6,75000.0,292,0.9794520547945206,11,4,1,0,0,0,1,1,1,0,1,0,0,gratuito
2,10000.0,3,1.0,1,4,1,0,0,0,1,1,1,0,0,0,0,medio_baixo
2,10000.0,1,1.0,3,2,1,1,0,0,0,0,1,1,0,0,0,medio_alto
1,0.0,0,0.0,0,0,1,0,0,0,0,0,0,0,0,0,0,gratuito
2,10000.0,579,0.8739205526770294,3,2,1,0,0,0,1,1,0,0,0,0,0,alto
5,10000.0,34,0.9117647058823529,1,1,1,0,0,0,0,0,0,1,0,0,0,baixo
12,750000.0,23087,0.9227703902629185,1,3,1,1,1,0,1,0,0,1,0,0,0,gratuito
1,0.0,0,0.0,1,4,1,0,0,0,1,0,1,0,1,0,0,gratuito
2,35000.0,3,1.0,1,2,1,0,0,0,0,0,1,0,1,0,0,medio_alto
3,10000.0,64,0.921875,7,5,1,0,0,2,1,0,1,1,0,1,1,medio_alto
7,350000.0,1138,0.5421792618629174,12,4,1,1,0,3,0,0,0,0,0,1,1,gratuito
11,10000.0,67,0.9552238805970149,1,4,1,1,1,0,1,0,0,1,0,1,0,gratuito
4,75000.0,1141,0.8010517090271692,3,5,1,0,0,0,1,1,0,0,0,1,1,alto
9,10000.0,81,0.8271604938271605,1,6,1,0,0,0,1,1,1,0,1,1,0,alto
3,10000.0,21,0.7619047619047619,6,5,1,1,0,0,1,1,1,1,0,0,0,baixo
2,10000.0,2,1.0,1,2,1,0,0,0,0,0,0,1,1,0,0,baixo
2,0.0,0,0.0,103,2,1,0,0,0,1,0,0,1,0,0,0,baixo
10,10000.0,23,0.34782608695652173,1,3,1,1,1,0,0,0,0,0,0,1,0,gratuito
3,10000.0,2,1.0,1,3,1,0,0,0,1,1,1,0,0,0,0,medio_baixo
3,0.0,0,0.0,1,3,1,0,0,0,1,1,0,0,0,0,0,gratuito
10,75000.0,186,0.8118279569892473,1,2,1,0,1,1,1,0,0,1,0,0,0,gratuito
5,35000.0,91,0.7802197802197802,2,2,1,0,0,0,0,0,0,0,0,0,1,medio_alto
1,35000.0,80,0.9125,7,5,1,0,0,0,1,0,1,0,1,1,1,alto
3,150000.0,917,0.7546346782988005,1,3,1,0,0,0,1,1,0,0,0,0,0,medio_alto
7,10000.0,10,0.6,1,2,1,0,0,0,1,0,0,1,0,0,0,medio_baixo
2,35000.0,351,0.792022792022792,9,1,1,0,0,0,0,0,0,0,0,1,0,medio_alto
8,35000.0,3,1.0,1,3,1,0,0,0,1,0,1,1,0,0,0,medio_baixo
4,10000.0,9,0.6666666666666666,1,2,1,0,0,0,0,1,0,0,0,0,0,gratuito
8,10000.0,95,0.8631578947368421,103,3,1,0,0,0,1,0,0,1,1,0,0,baixo
18,750000.0,2791,0.8538158366176998,11,3,1,1,1,5,0,1,0,0,0,1,1,medio_baixo
2,10000.0,0,0.0,4,4,1,0,0,0,1,0,0,1,1,0,1,alto
4,0.0,0,0.0,0,0,1,0,0,0,0,0,0,0,0,0,0,gratuito
3,10000.0,0,0.0,1,4,1,1,0,0,1,0,0,1,0,0,1,gratuito
2,10000.0,62,0.8870967741935484,1,2,1,0,0,0,1,0,0,1,0,0,0,baixo
5,0.0,0,0.0,0,0,1,0,0,0,0,0,0,0,0,0,0,gratuito
8,10000.0,43,0.5813953488372093,1,3,1,0,0,0,0,1,1,0,0,0,0,alto
4,35000.0,1,0.0,1,4,1,0,0,0,1,0,1,0,1,0,0,alto
5,10000.0,19,0.7894736842105263,2,6,1,0,0,0,1,1,1,0,0,0,1,alto
9,10000.0,9,0.8888888888888888,1,3,1,0,0,0,1,0,0,0,1,0,0,alto
10,10000.0,177,0.3559322033898305,2,4,1,0,0,0,0,0,0,0,1,0,1,alto
5,35000.0,443,0.9051918735891648,9,2,1,0,0,0,1,1,0,0,0,0,0,alto
7,10000.0,4,1.0,1,2,1,0,0,0,1,1,0,0,0,0,0,medio_baixo
9,150000.0,2727,0.8412174550788413,9,2,1,0,0,0,0,0,0,0,0,0,0,alto
1,0.0,0,0.0,1,3,1,0,0,0,1,0,1,0,0,0,1,baixo
2,10000.0,35,0.8285714285714286,1,2,1,0,0,0,0,0,0,1,0,1,0,medio_baixo
15,75000.0,316,0.5854430379746836,4,2,1,0,0,0,1,1,0,0,0,0,0,baixo
8,75000.0,45,0.8,1,2,1,0,0,0,0,0,0,0,0,1,0,gratuito
2,0.0,0,0.0,0,0,1,0,0,0,0,0,0,0,0,0,0,gratuito
1,0.0,0,0.0,0,0,1,0,0,0,0,0,0,0,0,0,0,gratuito
2,0.0,0,0.0,0,0,1,0,0,0,0,0,0,0,0,0,0,gratuito
1,0.0,0,0.0,1,3,1,0,0,0,1,0,0,1,0,0,0,gratuito
2,10000.0,235,0.8680851063829788,8,2,1,1,1,1,0,0,0,1,0,0,1,alto
3,0.0,0,0.0,0,0,1,0,0,0,0,0,0,0,0,0,0,gratuito
1,0.0,0,0.0,0,0,1,0,0,0,0,0,0,0,0,0,0,gratuito
2,35000.0,344,0.7906976744186046,11,2,1,0,0,0,0,0,0,0,0,1,1,alto
4,35000.0,5,0.6,1,6,1,1,0,0,1,1,1,0,1,1,0,gratuito
4,10000.0,56,0.8035714285714286,1,3,1,0,0,0,1,1,1,0,0,0,0,medio_baixo
6,1500000.0,32960,0.9068871359223301,8,1,1,0,0,0,0,0,0,0,0,1,0,medio_baixo
3,75000.0,2,0.5,1,3,1,0,0,0,0,1,0,1,0,0,0,alto
5,750000.0,3302,0.6913991520290733,6,2,1,0,0,7,0,0,0,0,0,0,0,gratuito
7,35000.0,497,0.8651911468812877,9,1,1,1,0,0,0,0,1,0,0,0,0,medio_baixo
6,10000.0,30,0.7666666666666667,2,2,1,0,0,0,0,1,1,0,0,0,0,alto
6,10000.0,0,0.0,6,2,1,0,0,0,1,0,1,0,0,0,0,baixo
2,0.0,0,0.0,0,0,1,0,0,0,0,0,0,0,0,0,0,gratuito
4,0.0,0,0.0,1,4,1,0,0,0,1,1,0,0,0,0,0,gratuito
6,10000.0,15,0.5333333333333333,1,3,1,0,0,0,1,0,1,1,0,0,0,medio_alto
1,10000.0,0,0.0,4,3,1,0,0,0,1,0,1,1,0,0,0,medio_alto
8,10000.0,31,0.9032258064516129,6,2,1,1,1,0,1,1,0,0,0,0,0,medio_alto
3,10000.0,7,0.7142857142857143,1,4,1,0,0,0,0,1,0,1,1,1,0,medio_alto
3,10000.0,24,0.7083333333333334,4,2,1,0,0,0,1,0,0,0,0,1,0,medio_alto
3,10000.0,1,1.0,1,2,1,0,0,0,1,0,0,1,0,0,0,medio_baixo
2,0.0,0,0.0,0,0,1,0,0,0,0,0,0,0,0,0,0,gratuito
11,35000.0,370,0.7567567567567568,11,2,1,1,1,0,0,0,1,1,0,0,0,medio_alto
1,0.0,0,0.0,2,4,1,0,0,0,0,1,1,1,0,1,0,baixo
11,35000.0,17,0.5882352941176471,1,3,1,0,0,0,1,1,0,1,0,0,0,medio_alto
8,3500000.0,72801,0.906471064957899,12,3,1,1,1,6,1,1,0,1,0,0,0,medio_alto
6,10000.0,0,0.0,1,1,1,0,0,8,0,0,0,1,0,0,0,baixo
3,10000.0,0,0.0,1,2,1,0,0,0,0,1,1,0,0,0,0,gratuito
3,35000.0,1,1.0,1,1,1,0,0,0,1,0,0,0,0,0,0,baixo
8,10000.0,6,0.6666666666666666,1,3,1,0,0,0,1,1,0,0,1,0,0,alto
2,0.0,0,0.0,0,0,1,0,0,0,0,0,0,0,0,0,0,gratuito
1,0.0,0,0.0,0,0,1,0,0,0,0,0,0,0,0,0,0,gratuito
2,10000.0,16,1.0,3,3,1,0,0,0,0,1,0,0,0,0,0,medio_baixo
3,75000.0,4,1.0,1,4,1,0,0,0,1,1,1,0,1,0,0,medio_baixo
2,10000.0,3,0.0,0,4,1,0,0,0,1,1,1,1,0,0,0,medio_alto
8,35000.0,2,1.0,1,3,1,0,0,0,1,0,0,1,0,1,0,medio_baixo
3,0.0,0,0.0,1,3,1,0,0,0,1,1,0,0,0,0,0,gratuito
2,0.0,0,0.0,11,3,1,0,1,0,1,1,0,0,0,0,0,gratuito
1,0.0,0,0.0,103,9,1,1,1,0,1,1,1,1,1,1,1,alto
8,10000.0,11,1.0,1,3,1,1,0,0,1,0,1,1,0,0,0,baixo
5,10000.0,0,0.0,1,2,1,0,0,1,1,0,0,1,0,0,0,baixo
4,10000.0,0,0.0,1,3,1,0,0,1,1,0,1,0,1,0,0,gratuito
1,10000.0,103,0.7572815533980582,6,4,1,0,0,0,1,1,1,0,1,0,0,alto
1,10000.0,0,0.0,2,3,1,0,0,0,1,0,0,1,0,0,1,medio_alto
6,750000.0,19954,0.9689285356319535,1,5,1,0,0,0,1,0,1,1,1,0,1,medio_baixo
1,10000.0,0,0.0,1,2,1,0,0,0,0,0,0,0,0,0,1,alto
4,35000.0,216,0.5972222222222222,6,0,1,0,0,1,0,0,0,0,0,0,0,medio_baixo
3,0.0,0,0.0,8,5,1,1,0,0,0,0,1,1,0,1,0,gratuito
6,75000.0,2114,0.8036896877956481,14,3,1,1,0,0,1,0,0,0,0,1,1,medio_alto
1,10000.0,59,0.9830508474576272,3,3,1,0,0,2,1,1,0,1,0,0,0,medio_alto
4,10000.0,0,0.0,1,2,1,0,0,0,1,0,0,1,0,0,0,baixo
9,75000.0,141,0.28368794326241137,27,4,1,1,1,0,1,0,1,1,0,0,0,medio_baixo
1,0.0,0,0.0,1,3,1,0,0,0,1,0,0,1,0,0,0,gratuito
1,0.0,0,0.0,1,7,1,0,0,0,1,1,1,0,0,1,1,gratuito
1,0.0,0,0.0,1,4,1,0,0,0,1,0,1,0,1,0,0,gratuito
9,10000.0,10,0.5,1,3,1,1,1,0,1,0,0,1,0,1,0,medio_baixo
3,75000.0,12,0.9166666666666666,2,3,1,0,0,0,1,1,1,0,0,0,0,baixo
2,10000.0,47,0.9574468085106383,30,2,1,0,1,0,1,0,0,1,0,0,0,medio_baixo
10,10000.0,25,0.84,1,3,1,0,0,0,1,1,1,0,0,0,0,medio_baixo
3,10000.0,1,1.0,4,2,1,0,0,0,0,0,0,1,0,1,0,alto
4,10000.0,0,0.0,10,3,1,1,1,0,1,1,0,1,0,0,0,medio_alto
2,10000.0,0,0.0,8,1,1,1,0,0,0,0,0,1,0,0,0,medio_baixo
2,0.0,0,0.0,0,0,1,0,0,0,0,0,0,0,0,0,0,gratuito
5,0.0,0,0.0,1,3,1,0,0,1,1,1,0,0,0,0,0,gratuito
8,10000.0,60,0.4,1,3,1,0,0,0,1,1,1,0,0,0,0,baixo
4,150000.0,3495,0.9776824034334763,1,3,1,0,0,2,1,0,1,1,0,0,0,medio_alto
1,10000.0,0,0.0,1,4,1,0,0,0,1,0,0,1,0,0,0,baixo
1,0.0,0,0.0,1,1,1,0,0,0,1,0,0,0,0,0,0,medio_alto
1,10000.0,0,0.0,1,3,1,0,0,0,1,0,1,0,0,0,0,medio_alto
1,10000.0,1,0.0,4,3,1,0,0,0,1,0,0,1,0,1,0,medio_baixo
7,10000.0,9,0.8888888888888888,3,1,1,0,0,0,0,0,0,0,0,0,1,alto
1,10000.0,0,0.0,1,3,1,1,1,0,0,0,1,1,0,0,1,medio_alto
6,10000.0,4,0.75,1,3,1,0,0,0,1,0,0,1,0,1,0,medio_baixo
4,35000.0,32,0.9375,1,2,1,1,0,3,0,1,0,0,0,1,0,medio_alto
6,10000.0,11,0.8181818181818182,1,3,1,0,0,0,1,1,1,0,0,0,0,gratuito
2,10000.0,34,0.9411764705882353,2,1,1,0,0,0,0,0,0,1,0,0,0,baixo
2,10000.0,14,1.0,1,2,1,1,1,0,1,1,0,0,0,0,0,alto
8,750000.0,3996,0.769019019019019,9,6,1,0,0,4,0,1,0,1,0,0,1,gratuito
2,10000.0,2,1.0,1,2,1,0,0,0,0,1,1,0,0,0,0,medio_baixo
2,0.0,0,0.0,18,6,1,0,1,0,1,0,0,1,1,1,1,gratuito
6,35000.0,8,1.0,1,2,1,0,0,1,1,0,0,0,0,0,1,medio_alto
3,10000.0,3,1.0,2,4,1,0,0,0,1,1,1,1,0,0,0,baixo
2,10000.0,26,0.9615384615384616,12,4,1,1,1,2,1,1,1,1,0,0,0,medio_baixo
7,10000.0,5,1.0,1,3,1,0,0,0,1,0,1,0,0,0,0,medio_alto
10,150000.0,398,0.8115577889447236,1,1,1,0,0,0,1,0,0,0,0,0,0,baixo
3,10000.0,7,0.8571428571428571,1,2,1,0,0,0,1,0,1,0,0,0,0,medio_alto
9,10000.0,50,0.54,1,4,1,0,0,0,1,1,0,0,0,0,0,alto
2,10000.0,407,0.9582309582309583,2,2,1,0,0,0,1,0,0,1,0,0,0,baixo
3,10000.0,1,0.0,103,4,1,0,0,0,1,0,1,1,0,1,0,baixo
4,10000.0,2,1.0,1,2,1,0,1,0,0,0,0,1,0,0,0,medio_baixo
3,10000.0,4,0.75,10,2,1,0,0,0,0,0,0,1,0,1,0,medio_baixo
2,10000.0,0,0.0,1,1,1,0,0,0,0,1,0,0,0,0,0,alto
6,10000.0,323,0.9411764705882353,1,4,1,1,0,0,1,1,1,0,0,0,0,gratuito
4,10000.0,0,0.0,1,3,1,0,0,0,1,1,1,0,0,0,0,medio_baixo
4,10000.0,24,0.7916666666666666,6,3,1,0,0,1,1,0,1,0,1,0,0,medio_alto
9,10000.0,137,0.8905109489051095,2,2,1,0,0,0,1,1,0,0,0,0,0,medio_baixo
8,10000.0,73,0.7534246575342466,1,1,1,0,0,0,1,0,0,0,0,0,0,medio_alto
1,10000.0,2,1.0,11,2,1,0,0,0,0,1,0,0,0,0,1,medio_baixo
1,10000.0,10,1.0,1,3,1,0,0,0,1,1,0,1,0,0,0,medio_baixo
3,150000.0,50,0.76,6,3,1,0,1,1,1,1,1,0,0,0,0,baixo
1,10000.0,0,0.0,11,3,1,0,0,0,0,0,1,0,0,0,1,alto
16,350000.0,1441,0.916030534351145,7,2,1,0,0,0,0,0,0,0,1,1,0,medio_baixo
2,10000.0,2,1.0,1,1,1,0,1,0,1,0,0,0,0,0,0,medio_baixo
6,10000.0,31,0.9032258064516129,1,2,1,0,0,0,1,0,0,0,0,0,1,medio_baixo
4,150000.0,2871,0.910135841170324,2,6,1,1,0,0,1,0,1,1,1,1,1,medio_alto
3,10000.0,340,0.8941176470588236,5,2,1,0,0,3,0,0,0,1,1,0,0,alto
7,10000.0,333,0.9279279279279279,3,3,1,0,0,0,1,0,0,1,0,0,1,alto
4,10000.0,28,0.7857142857142857,3,3,1,0,0,0,1,1,1,0,0,0,0,medio_baixo
2,10000.0,1,1.0,6,3,1,0,0,0,1,0,1,1,0,0,0,medio_baixo
1,75000.0,7,0.8571428571428571,2,3,1,0,0,0,1,1,0,0,1,0,0,baixo
5,10000.0,50,0.94,7,3,1,0,0,0,1,1,1,0,0,0,0,baixo
9,10000.0,30,0.6666666666666666,1,4,0,1,0,0,1,0,1,1,0,0,0,gratuito
3,0.0,0,0.0,0,0,1,0,0,0,0,0,0,0,0,0,0,gratuito
2,10000.0,21,1.0,3,4,1,0,0,0,1,1,0,1,1,0,0,medio_alto
2,0.0,0,0.0,30,4,1,0,0,0,1,0,0,1,1,0,1,medio_baixo
5,0.0,0,0.0,1,2,1,0,0,5,0,0,0,0,1,0,1,gratuito
8,75000.0,4012,0.80259222333001,4,9,1,0,0,3,1,1,1,1,1,1,1,gratuito
3,0.0,0,0.0,75,6,1,0,0,0,1,0,1,1,1,1,1,medio_baixo
1,10000.0,0,0.0,11,2,1,0,0,0,0,0,0,1,0,0,1,medio_alto
6,350000.0,4627,0.8549816295655932,1,3,1,0,0,0,1,0,1,0,0,0,0,gratuito
1,10000.0,0,0.0,2,4,1,1,0,0,1,1,1,1,0,0,0,medio_baixo
1,10000.0,0,0.0,3,3,1,0,0,0,1,0,0,0,0,0,1,alto
4,10000.0,292,0.886986301369863,11,3,1,0,0,1,1,1,1,0,0,0,0,medio_baixo
1,10000.0,18,0.7777777777777778,9,1,1,1,1,0,0,0,0,0,0,1,0,alto
10,150000.0,3104,0.8054123711340206,1,2,1,1,1,0,1,0,0,0,0,0,1,baixo
1,10000.0,2,1.0,1,3,1,0,0,0,1,1,0,1,0,0,0,baixo
2,35000.0,229,0.851528384279476,12,3,1,0,0,0,1,0,0,1,0,0,1,baixo
8,10000.0,9,0.8888888888888888,1,3,1,0,0,1,1,1,1,0,0,0,0,alto
9,10000.0,9,0.6666666666666666,1,2,1,0,0,0,1,1,0,0,0,0,0,gratuito
4,75000.0,206,0.6407766990291263,1,2,1,0,0,0,0,1,1,0,0,0,0,alto
10,10000.0,273,0.7802197802197802,20,3,1,0,0,0,1,0,0,0,0,1,1,medio_alto
10,10000.0,16,0.6875,1,2,1,0,0,0,1,0,0,0,0,1,0,medio_alto
7,10000.0,19,0.8421052631578947,1,3,1,0,0,0,1,0,1,1,0,0,0,medio_baixo
6,10000.0,19,0.8947368421052632,1,2,1,0,0,0,1,1,0,0,0,0,0,medio_baixo
2,75000.0,2,1.0,8,5,1,0,0,0,1,1,1,1,1,0,0,medio_baixo
7,10000.0,43,0.8604651162790697,1,3,1,1,1,0,1,1,0,0,0,1,0,medio_alto
10,10000.0,17,1.0,1,3,1,0,0,0,1,0,1,1,0,0,0,alto
5,10000.0,6,0.5,1,4,1,0,0,0,1,0,0,1,0,0,1,baixo
3,0.0,0,0.0,1,5,1,0,0,0,1,1,1,1,0,0,0,gratuito
5,10000.0,10,0.9,1,3,1,0,0,0,1,1,0,0,1,0,0,medio_baixo
5,0.0,0,0.0,0,0,1,0,0,0,0,0,0,0,0,0,0,gratuito
7,10000.0,8,0.875,29,4,1,0,0,0,1,0,0,1,0,1,1,baixo
1,10000.0,605,0.9669421487603306,3,5,1,0,0,0,1,0,1,1,1,1,0,medio_alto
3,10000.0,14,0.9285714285714286,5,1,1,0,0,0,1,0,0,0,0,0,0,baixo
5,350000.0,12372,0.8841739411574523,11,3,1,1,1,3,1,1,1,0,0,0,0,medio_baixo
10,35000.0,67,0.5671641791044776,2,4,1,0,0,0,1,0,1,1,1,0,0,gratuito
3,0.0,0,0.0,0,0,1,0,0,0,0,0,0,0,0,0,0,gratuito
2,0.0,0,0.0,103,3,1,0,0,0,1,0,0,1,0,1,0,baixo
1,0.0,0,0.0,0,0,1,0,0,0,0,0,0,0,0,0,0,gratuito
5,10000.0,160,0.95,1,2,1,0,0,1,1,0,1,0,0,0,0,alto
11,750000.0,682,0.41055718475073316,5,6,1,0,0,0,1,1,1,0,1,1,0,baixo
1,10000.0,157,0.8407643312101911,13,3,1,0,0,1,1,0,0,1,0,0,1,alto
5,35000.0,88,0.7954545454545454,1,4,1,1,1,0,1,0,0,1,0,1,1,medio_alto
2,10000.0,7,0.2857142857142857,19,7,1,0,0,0,1,1,1,1,0,1,1,alto
2,10000.0,0,0.0,1,5,1,0,0,0,1,1,1,1,0,0,0,gratuito
10,35000.0,117,0.39316239316239315,1,8,1,0,0,0,1,1,1,1,1,1,1,medio_baixo
4,10000.0,24,1.0,6,2,1,0,1,0,1,0,1,0,0,0,0,medio_baixo
8,35000.0,204,0.39215686274509803,103,3,1,0,0,1,1,0,0,1,0,0,1,baixo
11,350000.0,369,0.34146341463414637,1,3,1,0,0,0,1,1,1,0,0,0,0,medio_alto
3,0.0,0,0.0,103,5,1,1,0,0,1,0,1,1,1,1,0,baixo
7,10000.0,1,0.0,1,2,1,0,0,0,1,0,0,0,0,0,0,baixo
12,750000.0,6067,0.9421460359320917,1,3,1,1,1,0,1,1,0,0,0,0,0,alto
4,75000.0,2,0.5,1,5,1,0,0,0,1,1,1,1,0,1,0,baixo
8,35000.0,182,0.42857142857142855,2,4,1,0,0,0,0,1,0,0,1,0,0,gratuito
4,10000.0,27,0.9629629629629629,1,3,1,1,1,1,1,0,1,0,0,0,1,medio_baixo
6,35000.0,12,0.8333333333333334,18,5,1,1,0,0,1,1,1,1,1,0,0,medio_baixo
10,10000.0,69,0.7391304347826086,5,2,1,1,1,0,1,1,0,0,0,0,0,medio_baixo
2,0.0,0,0.0,0,0,1,0,0,0,0,0,0,0,0,0,0,gratuito
1,10000.0,7,1.0,1,4,1,0,0,0,1,1,1,0,0,0,1,medio_baixo
3,10000.0,25,0.92,2,3,1,0,0,0,1,1,1,0,0,0,0,baixo
4,35000.0,29,0.9310344827586207,2,3,1,0,0,0,1,0,0,1,1,0,0,baixo
1,0.0,0,0.0,1,3,1,1,0,0,0,0,1,1,0,0,0,gratuito
3,350000.0,45,0.7111111111111111,1,3,1,0,0,0,1,1,0,0,0,0,0,gratuito
15,3500000.0,23658,0.8398427593203145,4,7,1,1,0,1,1,1,1,1,1,0,0,gratuito
8,10000.0,28,0.75,1,4,1,0,0,0,1,1,0,0,0,1,0,alto
9,10000.0,10,0.9,1,1,1,1,1,0,0,0,0,0,0,1,0,medio_alto
8,10000.0,2,1.0,1,3,1,0,0,1,0,1,1,1,0,0,0,medio_baixo
1,0.0,0,0.0,0,0,1,0,0,0,0,0,0,0,0,0,0,gratuito
6,10000.0,9,0.2222222222222222,2,3,1,0,0,0,1,1,1,0,0,0,0,medio_baixo
9,10000.0,37,0.5405405405405406,1,4,1,0,0,0,0,1,0,0,0,0,0,alto
5,750000.0,8739,0.8885456001830873,10,1,1,1,0,3,0,0,1,0,0,0,0,alto
1,10000.0,19,1.0,1,2,1,0,0,1,1,0,1,0,0,0,0,medio_alto
2,10000.0,0,0.0,1,7,1,0,0,1,0,0,0,0,0,0,0,gratuito
2,10000.0,12,0.6666666666666666,1,2,1,0,0,0,1,0,0,0,0,0,1,baixo
7,10000.0,4,1.0,1,3,1,0,0,0,1,0,0,1,0,1,0,medio_baixo
1,10000.0,8,1.0,11,3,1,1,0,0,1,0,0,1,0,1,0,medio_alto
5,0.0,0,0.0,0,0,1,0,0,0,0,0,0,0,0,0,0,gratuito
7,10000.0,0,0.0,5,1,1,1,1,0,0,0,0,1,0,0,0,medio_baixo
2,0.0,0,0.0,103,2,1,0,0,0,1,0,0,1,0,0,0,baixo
1,10000.0,0,0.0,1,2,1,1,0,0,0,0,0,0,0,0,1,alto
5,10000.0,0,0.0,1,2,1,0,0,0,1,0,0,1,0,0,0,baixo
1,0.0,0,0.0,1,2,1,0,0,0,0,0,0,0,1,0,0,gratuito
4,10000.0,1,0.0,1,3,1,1,1,0,0,0,0,1,0,1,1,medio_baixo
3,10000.0,3,1.0,4,2,1,0,0,0,1,1,0,0,0,0,0,baixo
6,10000.0,42,0.6190476190476191,1,2,1,0,0,0,0,0,1,0,0,0,0,gratuito
6,35000.0,199,0.9045226130653267,3,1,1,0,0,0,0,0,1,0,0,0,0,medio_alto
8,10000.0,18,0.5555555555555556,1,7,1,0,0,0,1,1,1,1,1,0,1,medio_baixo
3,10000.0,0,0.0,1,3,1,0,0,0,1,0,0,1,0,1,0,medio_alto
4,10000.0,2,1.0,1,4,1,0,0,0,1,1,1,1,0,0,0,medio_alto
7,35000.0,1465,0.9372013651877134,5,2,1,0,0,0,1,0,1,0,0,0,0,medio_baixo
3,10000.0,7,0.8571428571428571,1,5,1,0,0,1,1,1,1,0,1,0,1,medio_alto
2,10000.0,87,0.6551724137931034,1,6,1,0,0,0,1,1,1,0,1,0,0,gratuito
3,10000.0,14,1.0,11,4,1,0,0,1,1,1,1,1,0,0,0,alto
2,10000.0,0,0.0,1,3,1,0,0,0,1,0,1,1,0,0,0,medio_baixo
8,10000.0,23,0.8695652173913043,6,2,1,0,0,0,1,0,0,0,0,0,0,alto
1,10000.0,0,0.0,1,2,1,0,0,0,0,0,0,0,1,1,0,alto
2,0.0,0,0.0,1,3,1,1,0,1,1,1,0,1,0,0,0,gratuito
9,10000.0,9,0.6666666666666666,9,4,1,1,1,0,1,0,1,1,0,1,0,baixo
9,10000.0,1,0.0,1,2,1,0,0,0,1,0,0,0,0,1,0,alto
4,10000.0,13,1.0,1,4,1,1,1,1,1,0,1,0,1,0,1,medio_baixo
2,10000.0,59,0.9491525423728814,1,3,1,0,0,0,1,1,0,0,0,0,0,alto
6,10000.0,0,0.0,2,2,1,0,0,0,1,0,0,0,0,1,0,medio_baixo
2,10000.0,19,0.6842105263157895,13,4,1,1,1,0,1,0,0,1,0,0,0,gratuito
1,10000.0,0,0.0,11,3,1,0,0,0,0,0,0,1,0,0,1,alto
2,0.0,0,0.0,0,0,1,0,0,0,0,0,0,0,0,0,0,gratuito
6,10000.0,38,0.34210526315789475,6,2,1,1,0,1,1,0,1,0,0,0,0,alto
5,35000.0,12,0.6666666666666666,1,2,1,0,0,0,1,1,0,0,0,0,0,medio_baixo
5,10000.0,0,0.0,1,2,1,0,0,3,1,0,0,1,0,0,0,medio_baixo
3,0.0,0,0.0,103,1,1,0,0,0,0,0,0,1,0,0,0,baixo
9,350000.0,2658,0.781790820165538,1,2,1,0,0,0,0,1,0,0,0,0,0,gratuito
10,10000.0,71,0.704225352112676,6,1,1,1,0,0,0,0,0,0,0,0,0,alto
7,10000.0,0,0.0,1,3,1,1,1,2,1,0,0,1,0,0,1,alto
2,10000.0,0,0.0,1,6,1,0,0,0,1,1,1,1,1,0,1,medio_alto
3,0.0,0,0.0,0,0,1,0,0,0,0,0,0,0,0,0,0,gratuito
1,10000.0,0,0.0,3,2,1,0,0,0,0,1,0,0,0,0,0,medio_alto
1,0.0,0,0.0,1,3,1,0,0,0,1,0,0,1,0,0,1,medio_alto
10,10000.0,17,0.9411764705882353,1,2,1,0,0,0,0,0,1,1,0,0,0,baixo
6,10000.0,35,0.6571428571428571,7,2,1,0,0,0,1,1,0,0,0,0,0,medio_alto
3,10000.0,3,0.3333333333333333,4,2,1,0,0,0,0,0,0,1,0,1,0,medio_alto
3,35000.0,20,0.5,1,1,1,0,0,0,0,1,0,0,0,0,0,baixo
2,10000.0,0,0.0,1,6,1,0,0,0,1,1,1,1,1,0,1,baixo
6,10000.0,8,0.875,2,2,1,0,0,0,1,0,0,0,1,0,0,medio_alto
10,10000.0,8,0.625,1,2,1,0,0,0,1,1,0,0,0,0,0,gratuito
2,10000.0,46,0.8695652173913043,11,3,1,0,0,0,1,0,1,0,0,0,1,medio_baixo
3,0.0,0,0.0,103,2,1,0,0,0,1,0,0,1,0,0,0,baixo
12,3500000.0,70096,0.9063855284181693,10,1,1,1,1,0,0,1,0,0,0,0,0,medio_baixo
3,0.0,0,0.0,1,2,1,0,0,0,1,0,0,1,0,0,0,gratuito
12,1500000.0,36409,0.8815128127660743,3,4,1,1,0,2,0,1,0,1,1,1,0,medio_baixo
11,10000.0,18,0.4444444444444444,1,1,1,1,1,0,1,0,0,0,0,0,0,baixo
1,10000.0,0,0.0,1,4,1,0,0,1,1,0,0,1,1,0,1,medio_baixo
5,10000.0,7,0.8571428571428571,2,4,1,1,0,0,1,0,0,1,0,1,0,medio_baixo
7,10000.0,2,0.5,1,3,1,0,0,0,1,1,0,0,0,0,0,baixo
1,0.0,0,0.0,1,4,1,1,0,0,1,1,1,1,0,0,0,baixo
2,0.0,0,0.0,0,0,1,0,0,0,0,0,0,0,0,0,0,gratuito
1,10000.0,0,0.0,1,3,1,1,1,0,0,0,1,1,0,0,1,medio_alto
3,35000.0,6,0.5,1,6,1,0,0,0,1,1,1,1,1,1,0,medio_alto
2,10000.0,2,1.0,1,2,1,0,0,0,1,0,1,0,0,0,0,medio_alto
4,10000.0,84,0.75,1,2,1,0,0,0,0,0,0,1,0,0,1,medio_alto
10,75000.0,100,0.62,2,2,1,0,0,0,0,0,0,1,0,0,0,baixo
9,150000.0,451,0.49223946784922396,1,4,1,0,0,0,1,1,0,1,0,0,1,gratuito
1,0.0,0,0.0,0,0,1,0,0,0,0,0,0,0,0,0,0,gratuito
6,150000.0,1746,0.7348224513172967,6,3,1,0,0,62,0,1,1,0,1,0,0,alto
2,10000.0,5,1.0,2,1,1,0,1,0,0,0,0,0,0,1,0,medio_alto
1,10000.0,0,0.0,1,2,1,0,0,0,1,0,0,1,0,0,0,medio_baixo
9,10000.0,17,0.5882352941176471,1,3,1,0,0,0,1,0,0,1,0,1,0,medio_baixo
3,10000.0,139,0.5323741007194245,12,2,1,0,0,0,1,0,0,0,0,0,1,baixo
4,10000.0,0,0.0,4,1,1,0,0,0,0,0,0,0,0,0,1,alto
2,10000.0,0,0.0,5,1,1,1,1,0,0,0,0,1,0,0,0,alto
7,10000.0,0,0.0,1,3,1,0,0,0,1,1,0,0,0,0,1,medio_baixo
4,0.0,0,0.0,1,3,1,0,0,0,1,1,0,0,0,0,0,gratuito
5,10000.0,21,0.8095238095238095,3,3,1,0,0,1,1,1,1,0,0,0,0,alto
4,0.0,0,0.0,2,5,1,0,1,0,1,0,0,1,0,0,1,gratuito
6,35000.0,31,0.6129032258064516,3,3,1,0,0,0,1,1,0,0,0,1,0,baixo
5,10000.0,85,0.15294117647058825,1,4,1,0,0,0,0,0,0,1,1,1,1,baixo
2,10000.0,21,0.8571428571428571,7,4,1,0,0,0,1,0,0,0,0,0,0,alto
1,0.0,0,0.0,1,3,1,0,0,0,1,0,1,0,0,0,0,gratuito
3,10000.0,0,0.0,1,3,1,1,0,0,1,1,0,0,1,0,0,medio_baixo
1,10000.0,11,1.0,2,3,1,0,0,0,1,0,0,1,0,0,0,medio_baixo
1,0.0,0,0.0,0,0,1,0,0,0,0,0,0,0,0,0,0,gratuito
5,35000.0,37,0.972972972972973,1,4,1,1,0,0,1,1,0,0,0,0,0,gratuito
1,10000.0,0,0.0,13,4,1,1,0,0,1,1,0,0,1,0,0,alto
11,10000.0,37,0.35135135135135137,1,5,1,0,0,0,1,1,0,0,0,1,1,alto
1,0.0,0,0.0,1,2,1,1,0,0,0,0,0,0,0,0,1,gratuito
3,0.0,0,0.0,3,4,1,0,0,0,1,0,1,1,0,0,0,gratuito
10,35000.0,207,0.7101449275362319,1,4,1,0,0,0,1,1,0,0,0,0,1,alto
9,3500000.0,51521,0.9135109955163914,17,2,1,1,0,21,0,0,0,0,0,0,1,medio_baixo
3,10000.0,0,0.0,9,3,1,1,1,0,0,0,0,0,1,1,0,gratuito
2,0.0,0,0.0,0,0,1,0,0,0,0,0,0,0,0,0,0,gratuito
6,10000.0,26,0.6923076923076923,8,3,1,0,0,0,1,0,0,1,0,1,0,medio_baixo
2,350000.0,1476,0.9227642276422764,12,3,1,0,0,3,1,1,1,0,0,0,0,medio_alto
2,10000.0,17,0.8823529411764706,1,4,1,1,0,0,1,1,0,1,0,0,0,medio_alto
4,35000.0,11,0.7272727272727273,2,1,1,0,0,0,1,0,0,0,0,0,0,baixo
7,10000.0,10,0.2,8,0,1,0,0,0,0,0,0,0,0,0,0,alto
9,10000.0,11,0.8181818181818182,1,2,1,1,0,0,1,1,0,0,0,0,0,baixo
6,10000.0,8,0.75,1,4,1,0,0,0,1,1,0,1,0,0,0,gratuito
2,10000.0,0,0.0,4,4,1,0,0,0,1,0,0,1,1,0,1,alto
5,10000.0,139,0.9568345323741008,3,2,1,0,0,0,0,1,1,0,0,0,0,medio_alto
3,10000.0,0,0.0,2,5,1,0,0,0,1,1,0,1,0,0,0,alto
1,10000.0,0,0.0,3,5,1,0,0,0,1,0,0,1,1,1,1,baixo
2,10000.0,0,0.0,1,1,1,0,0,0,0,0,0,1,0,0,0,baixo
1,150000.0,6134,0.9134333224649495,10,4,1,1,1,1,1,1,1,0,0,0,0,alto
7,10000.0,6,0.8333333333333334,1,2,1,0,0,0,0,0,1,1,0,0,0,medio_alto
1,10000.0,0,0.0,6,1,1,0,0,0,0,0,1,0,0,0,0,alto
3,0.0,0,0.0,1,1,1,0,0,0,0,0,1,0,0,0,0,gratuito
3,0.0,0,0.0,0,0,1,0,0,0,0,0,0,0,0,0,0,gratuito
2,10000.0,7,0.8571428571428571,1,5,1,0,0,0,1,1,0,1,0,1,1,alto
1,10000.0,0,0.0,1,4,1,0,0,0,1,1,0,1,0,0,0,alto
1,10000.0,0,0.0,30,2,1,0,0,0,1,0,0,0,0,1,0,alto
5,10000.0,15,0.5333333333333333,4,3,1,0,0,0,1,1,0,1,0,0,0,baixo
8,10000.0,57,0.8771929824561403,2,1,1,0,0,0,0,0,0,0,0,0,1,alto
2,10000.0,0,0.0,1,7,1,0,0,0,1,1,1,1,1,0,1,alto
9,10000.0,4,0.25,1,3,1,0,0,0,1,1,0,1,0,0,0,medio_baixo
3,0.0,0,0.0,0,0,1,0,0,0,0,0,0,0,0,0,0,gratuito
2,10000.0,0,0.0,1,2,1,0,0,0,0,0,1,0,1,0,0,baixo
1,10000.0,0,0.0,1,4,1,0,0,0,1,0,0,0,1,1,0,medio_baixo
7,10000.0,13,0.8461538461538461,5,3,1,0,0,0,1,1,0,0,0,1,0,medio_baixo
5,10000.0,30,0.8,4,2,1,0,0,0,1,0,0,0,0,1,0,baixo
2,10000.0,15,0.9333333333333333,1,2,1,0,0,0,0,0,0,1,0,0,1,medio_baixo
9,10000.0,19,0.8421052631578947,1,2,1,0,0,0,0,0,0,0,0,0,1,gratuito
2,0.0,0,0.0,1,4,1,1,1,0,0,0,0,0,1,0,0,gratuito
1,10000.0,0,0.0,2,4,1,0,0,0,1,0,1,0,1,0,1,alto
9,10000.0,19,0.7894736842105263,1,4,1,0,0,0,1,1,1,1,0,0,0,medio_alto
3,10000.0,10,0.8,1,2,1,0,0,0,1,0,0,1,0,0,0,medio_baixo
1,0.0,0,0.0,7,3,1,0,0,0,1,1,0,0,1,0,0,medio_alto
2,10000.0,0,0.0,1,3,1,0,0,0,1,0,0,1,0,0,1,medio_baixo
3,10000.0,0,0.0,4,2,1,0,0,0,1,0,0,0,0,0,1,medio_alto
6,150000.0,469,0.8763326226012793,2,4,1,0,0,0,1,0,1,0,1,0,0,gratuito
3,10000.0,0,0.0,1,1,1,0,0,0,0,0,0,0,1,0,0,alto
7,10000.0,105,0.6857142857142857,7,3,1,0,0,0,1,1,1,0,0,0,0,medio_baixo
11,0.0,0,0.0,1,3,1,1,1,0,1,0,1,0,0,1,0,medio_baixo
3,35000.0,2,1.0,1,3,1,0,0,0,1,1,0,1,0,0,0,baixo
3,0.0,0,0.0,0,0,1,0,0,0,0,0,0,0,0,0,0,gratuito
1,0.0,0,0.0,0,0,1,0,0,0,0,0,0,0,0,0,0,gratuito
1,10000.0,120,0.9583333333333334,1,1,1,0,0,0,0,1,0,0,0,0,0,medio_alto
1,35000.0,41,0.4878048780487805,1,2,1,0,0,0,1,0,0,1,0,0,0,baixo
1,10000.0,3,1.0,4,2,1,0,0,0,1,1,0,0,0,0,0,baixo
9,10000.0,1,1.0,1,2,1,0,0,0,1,1,0,0,0,0,0,medio_alto
9,10000.0,18,0.5555555555555556,1,1,1,0,0,4,0,0,0,1,0,0,0,gratuito
10,75000.0,214,0.7710280373831776,12,3,1,1,1,0,0,1,1,0,0,1,0,baixo
7,10000.0,36,0.5555555555555556,1,4,1,0,0,6,1,0,0,1,1,0,0,gratuito
3,10000.0,29,1.0,7,3,1,1,1,0,1,0,1,1,0,0,0,baixo
5,10000.0,2,1.0,1,3,1,0,0,0,1,0,1,1,0,0,0,medio_baixo
4,10000.0,3,1.0,1,2,1,0,0,0,1,1,0,0,0,0,0,baixo
5,10000.0,86,0.8837209302325582,1,6,1,0,0,0,1,1,1,1,1,0,1,baixo
2,10000.0,29,0.7241379310344828,1,4,1,0,0,0,1,1,1,0,1,0,0,medio_baixo
6,10000.0,11,0.7272727272727273,5,3,1,0,0,0,1,1,1,0,0,0,0,baixo
5,10000.0,51,0.6862745098039216,2,3,1,0,0,0,1,0,1,0,0,0,1,baixo
6,10000.0,20,0.9,2,3,1,0,0,0,1,1,1,0,0,0,0,medio_baixo
2,10000.0,129,0.8294573643410853,3,2,1,0,0,0,0,0,0,1,1,0,0,alto
9,35000.0,17,0.5882352941176471,1,4,1,0,0,0,1,0,0,1,0,1,1,baixo
1,0.0,0,0.0,0,0,1,0,0,0,0,0,0,0,0,0,0,gratuito
2,0.0,0,0.0,0,0,1,0,0,0,0,0,0,0,0,0,0,gratuito
8,10000.0,4,0.5,1,1,1,0,0,0,0,0,0,0,0,0,1,medio_baixo
5,0.0,0,0.0,1,2,1,1,0,0,0,0,0,1,0,0,0,gratuito
1,0.0,0,0.0,0,0,1,0,0,0,0,0,0,0,0,0,0,gratuito
6,35000.0,79,0.9113924050632911,2,2,1,0,0,0,1,0,0,1,0,0,0,medio_baixo
2,10000.0,1,0.0,1,2,1,0,0,0,1,0,0,0,0,0,1,medio_alto
1,10000.0,12,0.6666666666666666,2,2,1,0,0,0,1,0,0,0,1,0,0,alto
6,10000.0,19,0.42105263157894735,1,5,1,0,0,0,1,1,1,0,1,1,0,baixo
1,0.0,0,0.0,103,2,1,0,0,0,1,0,0,1,0,0,0,medio_baixo
5,10000.0,27,0.5925925925925926,5,3,1,0,0,0,1,0,1,1,0,0,0,baixo
1,0.0,0,0.0,1,4,1,0,0,0,1,1,0,1,0,0,0,gratuito
4,0.0,0,0.0,1,5,1,0,0,0,1,1,1,1,0,0,0,gratuito
4,0.0,0,0.0,0,0,1,0,0,0,0,0,0,0,0,0,0,gratuito
3,35000.0,5,0.8,3,1,1,0,0,0,0,0,0,0,0,0,1,baixo
1,10000.0,24,1.0,1,1,1,0,0,0,0,0,0,1,0,0,0,medio_baixo
1,10000.0,3,0.6666666666666666,1,2,1,0,0,0,1,0,1,0,0,0,0,medio_baixo
2,10000.0,12,0.5833333333333334,1,3,1,0,0,0,1,1,0,0,0,0,0,gratuito
3,0.0,0,0.0,2,4,1,0,0,0,1,1,1,0,0,0,0,gratuito
5,10000.0,6,0.5,1,2,1,0,0,0,0,0,0,0,1,1,0,baixo
5,35000.0,19,0.7368421052631579,103,3,1,0,0,0,1,0,0,1,0,0,1,baixo
1,10000.0,25,0.84,7,4,1,1,1,0,1,0,0,1,0,1,1,alto
6,35000.0,7,0.7142857142857143,103,2,1,0,0,0,1,0,0,1,0,0,0,baixo
6,10000.0,20,0.7,1,3,1,0,0,0,1,0,1,1,0,0,0,baixo
7,10000.0,1,1.0,2,2,1,0,0,0,1,0,0,1,0,0,0,baixo
1,10000.0,0,0.0,11,1,1,1,0,0,0,0,0,0,0,1,0,alto
1,10000.0,0,0.0,4,4,1,0,0,0,1,1,0,0,0,1,0,alto
2,10000.0,8,0.875,2,4,1,0,1,0,1,1,0,1,0,0,0,gratuito
1,10000.0,0,0.0,1,2,1,0,0,0,0,0,1,1,0,0,0,medio_baixo
2,10000.0,2,1.0,1,2,1,0,0,0,0,0,0,0,1,0,0,gratuito
1,10000.0,0,0.0,2,1,1,0,0,0,1,0,0,0,0,0,0,medio_alto
1,0.0,0,0.0,0,0,1,0,0,0,0,0,0,0,0,0,0,gratuito
10,10000.0,59,0.5423728813559322,1,3,1,0,0,0,0,1,0,0,0,1,1,medio_alto
3,10000.0,1,1.0,10,1,1,0,0,0,0,0,0,0,0,0,0,alto
1,0.0,0,0.0,0,0,1,0,0,0,0,0,0,0,0,0,0,gratuito
2,10000.0,1,1.0,1,2,1,0,0,0,1,1,0,0,0,0,0,alto
4,10000.0,57,0.8771929824561403,3,2,1,0,0,0,0,0,1,0,1,0,0,medio_alto
6,35000.0,47,0.48936170212765956,1,4,1,1,1,0,1,1,1,0,1,0,0,baixo
2,75000.0,794,0.7128463476070529,1,4,1,0,0,2,1,1,0,1,0,0,0,gratuito
2,0.0,0,0.0,1,3,1,0,0,0,1,0,0,1,0,0,0,gratuito
3,0.0,0,0.0,1,2,1,0,0,0,0,1,0,0,0,1,0,gratuito
1,0.0,0,0.0,0,0,1,0,0,0,0,0,0,0,0,0,0,gratuito
6,35000.0,222,0.7567567567567568,8,4,1,1,1,0,1,0,0,1,0,1,1,alto
6,10000.0,2,0.5,2,3,1,0,0,0,1,0,0,1,0,1,0,medio_baixo
2,0.0,0,0.0,103,3,1,0,0,0,1,0,0,1,0,0,1,baixo
7,10000.0,10,0.5,1,1,1,0,0,0,0,0,1,0,0,0,0,medio_alto
2,10000.0,0,0.0,2,2,1,0,0,0,1,1,0,0,0,0,0,medio_alto
1,0.0,0,0.0,1,3,1,1,0,0,1,0,1,0,1,0,0,medio_alto
10,10000.0,45,0.4444444444444444,5,2,1,0,0,0,0,1,1,0,0,0,0,gratuito
1,0.0,0,0.0,1,5,1,0,0,0,1,1,1,1,0,0,0,gratuito
12,35000.0,21,0.47619047619047616,15,2,1,1,1,0,1,0,1,0,0,0,0,medio_alto
3,10000.0,94,0.6914893617021277,12,3,1,0,0,0,0,1,1,0,1,0,0,medio_alto
5,0.0,0,0.0,1,3,1,0,0,0,0,1,1,0,0,0,0,gratuito
1,0.0,0,0.0,3,1,1,1,1,0,0,0,0,1,0,0,0,alto
1,10000.0,0,0.0,12,5,1,0,0,2,1,1,1,1,1,0,0,alto
3,0.0,0,0.0,0,0,1,0,0,0,0,0,0,0,0,0,0,gratuito
4,10000.0,1,1.0,1,3,1,0,0,0,1,1,1,0,0,0,0,alto
2,10000.0,28,0.9642857142857143,5,6,1,0,0,1,1,1,0,1,0,1,0,medio_alto
3,10000.0,0,0.0,3,3,1,0,0,0,0,0,0,1,0,0,1,medio_baixo
8,10000.0,1,1.0,2,3,1,0,0,0,1,1,0,0,0,0,0,baixo
12,10000.0,175,0.72,8,3,1,1,0,0,1,1,0,0,0,1,0,medio_alto
1,0.0,0,0.0,0,0,1,0,0,0,0,0,0,0,0,0,0,gratuito
3,0.0,0,0.0,1,4,1,0,0,1,1,0,0,1,0,0,1,gratuito
3,10000.0,3,1.0,13,4,1,0,0,0,1,1,0,1,0,0,0,medio_alto
3,10000.0,14,1.0,2,4,1,1,1,1,1,1,1,0,1,0,0,medio_baixo
1,0.0,0,0.0,8,1,1,0,0,0,0,0,0,0,0,0,0,gratuito
6,35000.0,56,0.8571428571428571,2,2,1,0,0,0,0,0,0,1,0,0,0,gratuito
9,10000.0,2,0.5,1,6,1,0,0,0,1,1,1,1,1,0,0,alto
4,35000.0,30,0.7,1,3,1,0,0,0,1,0,1,1,0,0,0,baixo
5,10000.0,0,0.0,2,1,1,0,0,0,0,0,0,1,0,0,0,medio_alto
1,10000.0,0,0.0,6,3,1,0,0,1,1,1,1,0,0,0,0,alto
1,10000.0,0,0.0,2,3,1,0,0,0,1,1,0,0,0,0,1,baixo
1,10000.0,0,0.0,1,6,1,0,0,0,1,1,0,1,0,0,0,medio_alto
1,10000.0,0,0.0,1,5,1,0,0,0,1,1,0,1,0,0,0,medio_alto
4,10000.0,3,1.0,1,1,1,0,1,0,0,1,0,0,0,0,0,medio_baixo
4,150000.0,2844,0.8758790436005626,8,3,1,0,0,1,1,0,0,0,0,1,1,medio_alto
3,10000.0,3,0.6666666666666666,3,3,1,0,0,0,1,0,0,1,0,1,0,baixo
6,75000.0,565,0.8991150442477877,13,3,1,0,0,1,1,1,0,0,0,0,0,gratuito
7,10000.0,24,0.6666666666666666,6,2,1,0,0,0,1,1,0,0,0,0,0,baixo
4,10000.0,9,0.7777777777777778,13,4,1,0,0,0,1,1,1,1,0,0,0,baixo
1,10000.0,0,0.0,3,4,1,0,0,0,1,1,1,0,0,1,0,baixo
6,10000.0,36,0.7222222222222222,8,6,1,0,0,0,1,1,0,1,1,0,1,medio_alto
1,10000.0,0,0.0,1,2,1,1,0,0,0,0,0,1,0,0,1,medio_alto
4,10000.0,68,0.9411764705882353,1,2,1,0,0,0,1,0,0,1,0,0,0,baixo
3,10000.0,2,0.5,1,3,1,0,0,0,1,1,0,0,0,0,1,medio_baixo
9,10000.0,2,0.0,1,5,1,0,0,0,1,1,1,0,1,1,0,medio_baixo
4,0.0,0,0.0,0,0,1,0,0,0,0,0,0,0,0,0,0,gratuito
1,10000.0,0,0.0,1,3,1,0,0,0,1,0,0,1,0,0,1,baixo
3,10000.0,4,1.0,1,3,1,1,1,0,1,0,0,1,0,1,0,medio_baixo
1,0.0,0,0.0,29,4,1,0,0,0,1,0,0,1,0,0,1,gratuito
4,75000.0,17,0.7647058823529411,2,1,1,0,0,0,0,0,0,0,0,1,0,baixo
1,10000.0,0,0.0,7,2,1,0,0,0,0,0,1,0,1,0,0,medio_alto
2,0.0,0,0.0,1,3,1,0,0,0,1,0,1,0,0,0,0,gratuito
2,10000.0,7,0.8571428571428571,1,4,1,0,0,2,1,0,0,1,0,0,1,baixo
9,10000.0,7,0.14285714285714285,1,3,1,0,0,0,1,1,1,0,0,0,0,medio_baixo
6,10000.0,52,0.9038461538461539,4,2,1,0,0,0,0,0,0,0,0,0,0,medio_alto
11,10000.0,3,0.3333333333333333,1,1,1,0,0,0,0,0,0,0,0,0,0,alto
2,10000.0,17,0.4117647058823529,1,3,1,0,0,0,1,0,0,0,0,0,1,alto
3,10000.0,8,0.875,8,2,1,0,0,0,0,1,1,0,0,0,0,alto
2,0.0,0,0.0,1,3,1,0,0,0,1,1,1,0,0,0,0,gratuito
4,10000.0,56,0.7321428571428571,3,2,1,0,0,0,0,0,1,0,1,0,0,medio_alto
3,10000.0,31,0.8709677419354839,5,2,1,0,0,0,0,0,0,0,0,0,0,gratuito
1,10000.0,0,0.0,1,3,1,1,0,0,1,0,1,0,0,0,0,gratuito
1,0.0,0,0.0,103,2,1,0,0,0,1,0,0,1,0,0,0,baixo
1,10000.0,0,0.0,10,3,1,0,0,0,1,0,0,1,0,1,0,medio_baixo
7,10000.0,29,0.8620689655172413,12,2,1,0,0,0,1,0,0,0,0,0,0,medio_baixo
11,3500000.0,140048,0.8864603564492174,10,2,1,0,0,24,0,1,1,0,0,0,0,medio_alto
8,10000.0,17,0.5294117647058824,2,5,1,0,0,0,0,1,1,0,1,0,0,alto
8,10000.0,72,0.7916666666666666,5,4,1,0,0,0,1,0,0,1,1,0,1,medio_alto
4,10000.0,27,0.8148148148148148,1,3,1,1,0,0,0,0,1,1,0,0,1,alto
1,0.0,0,0.0,1,2,1,1,0,0,1,0,0,0,0,0,1,baixo
10,10000.0,16,0.8125,1,3,1,1,0,0,1,1,1,0,0,0,0,baixo
1,0.0,0,0.0,1,3,1,0,0,0,0,0,0,1,0,1,0,gratuito
1,10000.0,0,0.0,1,3,1,0,0,0,1,0,0,1,0,1,0,baixo
4,10000.0,18,0.8888888888888888,103,1,1,0,0,0,1,0,0,0,0,0,0,baixo
3,0.0,0,0.0,0,0,1,0,0,0,0,0,0,0,0,0,0,gratuito
10,10000.0,17,0.35294117647058826,1,1,1,0,0,0,0,0,0,1,0,0,0,medio_baixo
1,0.0,0,0.0,1,4,1,0,0,12,0,0,0,1,0,0,1,gratuito
3,10000.0,0,0.0,2,2,1,0,0,0,1,0,0,1,0,0,0,medio_alto
9,10000.0,51,0.35294117647058826,1,3,1,0,0,0,1,1,1,0,0,0,0,baixo
1,10000.0,0,0.0,1,2,1,0,0,0,1,0,0,0,1,0,0,medio_alto
6,10000.0,88,0.7727272727272727,1,3,1,0,0,0,0,0,1,1,0,0,0,gratuito
10,10000.0,42,0.8095238095238095,1,3,1,0,0,1,1,1,0,0,1,0,0,medio_alto
5,35000.0,7,0.8571428571428571,1,3,1,0,0,0,0,1,1,0,1,0,0,medio_alto
8,10000.0,7,0.7142857142857143,1,1,1,0,0,0,0,0,0,0,0,1,0,alto
3,10000.0,84,0.8095238095238095,16,1,1,1,0,0,0,0,0,1,0,0,0,medio_baixo
6,150000.0,178,0.8651685393258427,1,3,1,0,0,0,1,0,1,1,0,0,0,gratuito
5,75000.0,2365,0.8837209302325582,6,2,1,1,1,1,0,0,0,0,1,1,0,medio_baixo
2,10000.0,0,0.0,1,1,1,0,0,0,0,0,0,1,0,0,0,medio_baixo
2,10000.0,2,1.0,1,3,1,0,0,0,0,0,0,0,1,0,0,baixo
5,10000.0,3,1.0,2,2,1,1,0,0,0,1,0,1,0,0,0,medio_baixo
5,10000.0,12,0.8333333333333334,2,1,1,0,0,0,0,0,0,1,0,0,0,baixo
4,10000.0,15,0.8666666666666667,103,1,1,0,0,0,1,0,0,0,0,0,0,baixo
4,10000.0,13,1.0,1,4,1,1,0,0,1,1,1,1,0,0,0,medio_alto
6,75000.0,1086,0.8397790055248618,7,4,1,1,0,0,1,0,1,0,0,1,1,medio_baixo
2,75000.0,7,0.7142857142857143,2,2,1,0,0,0,0,1,1,0,0,0,0,baixo
1,10000.0,144,0.9930555555555556,10,3,1,0,0,0,1,0,0,0,0,0,0,alto
10,35000.0,518,0.915057915057915,9,3,1,1,1,0,1,0,0,1,0,1,0,baixo
4,10000.0,3,0.6666666666666666,3,5,1,0,0,0,1,1,1,1,1,0,0,baixo
6,10000.0,8,0.375,1,7,1,0,0,0,1,1,1,1,1,1,1,medio_alto
4,0.0,0,0.0,4,3,1,0,0,2,1,0,0,1,0,0,0,gratuito
4,10000.0,6,0.6666666666666666,1,5,1,0,0,0,1,1,1,0,1,0,0,alto
5,10000.0,6,0.8333333333333334,1,3,1,0,0,0,1,1,1,0,0,0,0,medio_baixo
6,10000.0,28,0.8928571428571429,1,4,1,0,0,0,1,1,1,0,0,0,0,alto
1,10000.0,17,0.8823529411764706,1,1,1,0,0,0,0,0,0,0,0,1,0,alto
11,75000.0,286,0.7027972027972028,1,3,1,0,0,8,0,0,1,0,1,1,0,medio_alto
2,10000.0,164,0.9451219512195121,3,1,1,0,0,0,0,0,1,0,0,0,0,medio_alto
8,35000.0,16,0.8125,2,4,1,0,0,0,1,1,1,0,1,0,0,baixo
4,35000.0,26,0.9615384615384616,1,3,1,1,0,0,0,0,0,1,0,0,0,gratuito
6,10000.0,52,0.6730769230769231,9,2,1,0,0,0,1,0,0,0,0,0,1,alto
1,10000.0,14,1.0,3,2,1,0,0,0,0,0,0,1,1,0,0,baixo
1,0.0,0,0.0,0,0,1,0,0,0,0,0,0,0,0,0,0,gratuito
2,0.0,0,0.0,1,3,1,0,1,0,1,0,1,0,0,0,0,gratuito
10,350000.0,2319,0.8559724018973696,1,2,1,0,0,0,1,1,0,0,0,0,0,baixo
10,750000.0,4342,0.9147858129894058,4,2,1,0,0,0,0,1,0,0,0,1,0,medio_baixo
8,10000.0,141,0.9858156028368794,1,2,1,0,0,1,1,0,1,0,0,0,0,alto
5,75000.0,3674,0.9129014697876974,16,3,1,0,1,0,1,0,0,0,0,1,0,gratuito
4,10000.0,0,0.0,1,2,1,0,0,0,1,0,0,1,0,0,0,baixo
7,10000.0,13,0.8461538461538461,1,2,1,0,0,0,1,0,0,0,0,0,1,baixo
6,75000.0,2,1.0,103,4,1,0,0,0,1,1,1,1,0,0,0,baixo
10,10000.0,24,0.6666666666666666,10,1,1,0,0,0,1,0,0,0,0,0,0,alto
2,10000.0,38,0.8421052631578947,11,4,1,0,0,2,1,1,1,0,1,0,0,alto
3,10000.0,8,0.875,1,3,1,0,0,0,1,1,1,0,0,0,0,alto
7,10000.0,7,0.8571428571428571,1,4,1,0,0,0,1,1,0,0,0,1,1,gratuito
7,0.0,0,0.0,0,0,1,0,0,0,0,0,0,0,0,0,0,gratuito
2,10000.0,0,0.0,2,2,1,1,0,0,1,0,1,0,0,0,0,medio_alto
1,0.0,0,0.0,0,0,1,0,0,0,0,0,0,0,0,0,0,gratuito
3,10000.0,32,0.75,9,2,1,0,0,0,1,0,0,1,0,0,0,gratuito
4,0.0,0,0.0,1,1,1,0,0,0,1,0,0,0,0,0,0,gratuito
1,10000.0,152,0.9473684210526315,3,3,1,0,0,0,1,1,1,0,0,0,0,baixo
8,35000.0,26,0.9230769230769231,1,1,1,0,0,1,1,0,0,0,0,0,0,medio_baixo
1,0.0,0,0.0,1,2,1,0,0,0,0,0,1,0,0,0,0,gratuito
9,10000.0,1,1.0,1,2,1,0,0,0,0,0,1,1,0,0,0,medio_alto
3,0.0,0,0.0,1,2,1,0,0,0,1,1,0,0,0,0,0,gratuito
5,10000.0,5,0.6,1,2,1,1,0,0,1,0,0,1,0,0,0,medio_alto
4,10000.0,0,0.0,29,2,1,0,0,1,1,0,0,1,0,0,0,baixo
2,10000.0,3,1.0,1,3,1,0,0,0,0,0,1,1,0,1,0,baixo
4,75000.0,764,0.9738219895287958,6,2,1,1,0,1,1,0,1,0,0,0,0,medio_alto
7,10000.0,2505,0.8367265469061876,11,2,1,0,0,1,1,1,0,0,0,0,0,medio_alto
6,10000.0,6,0.3333333333333333,1,1,1,0,0,0,0,0,0,0,0,0,1,alto
5,10000.0,21,0.38095238095238093,29,4,1,1,1,0,1,1,0,1,0,0,1,alto
8,10000.0,4,0.25,1,1,1,1,0,0,1,0,0,0,0,0,0,baixo
10,150000.0,860,0.9279069767441861,2,1,1,1,1,0,0,0,1,0,0,0,0,baixo
2,10000.0,175,0.7485714285714286,5,4,1,0,0,0,1,0,0,1,0,1,1,alto
3,10000.0,1,1.0,1,1,1,0,0,0,1,0,0,0,0,0,0,medio_baixo
1,10000.0,0,0.0,1,2,1,1,1,0,1,0,1,0,0,0,0,medio_alto
5,0.0,0,0.0,1,3,1,0,0,0,1,0,0,1,0,0,0,gratuito
1,0.0,0,0.0,30,1,1,0,0,1,0,0,0,1,0,0,0,baixo
1,10000.0,0,0.0,1,3,1,0,0,0,1,0,0,0,0,1,0,alto
3,10000.0,4,1.0,1,6,1,0,0,0,1,1,0,1,0,0,1,medio_baixo
10,350000.0,1348,0.7114243323442137,1,5,1,0,0,1,1,1,1,0,1,0,1,baixo
5,75000.0,18,0.7777777777777778,103,2,1,0,0,0,1,1,0,0,0,0,0,baixo
3,10000.0,69,0.5362318840579711,11,3,1,0,0,0,1,1,0,0,0,1,0,medio_baixo
8,35000.0,499,0.6492985971943888,2,3,1,0,0,1,1,0,1,0,1,0,0,medio_baixo
2,10000.0,0,0.0,2,2,1,0,0,0,1,0,0,0,1,0,0,medio_alto
1,0.0,0,0.0,0,0,1,0,0,0,0,0,0,0,0,0,0,gratuito
6,10000.0,39,0.8461538461538461,1,3,1,0,0,0,1,0,1,0,1,0,0,medio_alto
3,10000.0,0,0.0,2,1,1,0,0,0,0,1,0,0,0,0,0,alto
4,10000.0,21,0.9047619047619048,1,3,1,1,0,0,1,0,0,1,0,1,0,medio_baixo
2,10000.0,16,0.75,2,2,1,1,1,0,1,0,0,1,0,0,0,baixo
4,10000.0,11,0.8181818181818182,1,3,1,0,0,0,1,0,1,1,0,0,0,medio_alto
2,75000.0,548,0.635036496350365,14,6,1,0,0,0,1,1,1,1,1,0,0,gratuito
5,10000.0,50,0.7,2,2,1,0,0,0,1,0,0,0,0,0,0,alto
2,0.0,0,0.0,0,0,1,0,0,0,0,0,0,0,0,0,0,gratuito
1,10000.0,0,0.0,1,4,1,0,0,0,1,1,1,1,0,0,0,alto
5,10000.0,6,0.6666666666666666,1,1,1,0,0,0,0,0,0,1,0,0,0,medio_alto
1,10000.0,0,0.0,11,3,1,0,0,0,1,1,0,0,0,0,0,alto
1,0.0,0,0.0,0,0,1,0,0,0,0,0,0,0,0,0,0,gratuito
6,35000.0,30,0.7,103,4,1,0,0,0,1,1,1,1,0,0,0,medio_alto
6,10000.0,23,0.7391304347826086,9,2,1,0,0,0,0,0,0,0,0,1,1,gratuito
1,10000.0,16,0.8125,3,2,1,0,0,0,1,0,0,0,0,1,0,medio_baixo
8,10000.0,0,0.0,1,4,1,1,0,0,1,0,1,0,1,0,1,alto
2,10000.0,0,0.0,4,1,1,0,0,0,0,0,0,1,0,0,0,medio_baixo
7,10000.0,2,1.0,1,3,1,0,0,0,1,1,1,0,0,0,0,medio_alto
1,10000.0,8,0.25,1,4,1,0,0,1,1,1,1,1,0,0,0,medio_baixo
5,10000.0,184,0.8532608695652174,2,2,1,1,0,0,1,0,1,0,0,0,0,alto
6,150000.0,12,0.5833333333333334,1,1,1,0,0,0,0,0,0,0,0,1,0,baixo
1,0.0,0,0.0,1,2,1,0,0,0,1,0,0,1,0,0,0,medio_baixo
5,10000.0,0,0.0,2,1,1,0,0,0,0,0,0,0,0,0,1,alto
7,10000.0,10,0.9,1,2,1,0,0,0,1,1,0,0,0,0,0,medio_alto
1,10000.0,0,0.0,6,4,1,0,0,0,1,1,0,0,1,1,0,alto
4,10000.0,29,0.8275862068965517,2,3,1,1,0,0,1,0,1,1,0,0,0,baixo
3,10000.0,1,1.0,1,3,1,0,0,0,1,1,0,1,0,0,0,baixo
1,0.0,0,0.0,1,3,1,0,0,0,1,0,1,0,0,0,0,gratuito
3,10000.0,106,0.9622641509433962,3,4,1,0,1,1,1,1,1,0,1,0,0,medio_alto
5,150000.0,1899,0.9304897314375987,8,4,1,0,0,1,1,1,1,0,1,0,0,alto
1,10000.0,0,0.0,2,4,1,0,0,0,1,0,1,1,1,0,0,baixo
1,10000.0,0,0.0,2,1,1,0,0,0,0,0,1,0,0,0,0,medio_baixo
6,10000.0,41,0.7317073170731707,29,3,1,0,0,0,1,0,1,1,0,0,0,medio_baixo
5,35000.0,72,0.9583333333333334,13,4,1,0,1,0,1,0,1,1,0,1,0,medio_baixo
10,35000.0,553,0.9095840867992767,1,1,1,0,0,0,0,0,1,0,0,0,0,alto
3,10000.0,28,0.9285714285714286,10,3,1,0,0,1,1,1,1,0,0,0,0,alto
3,75000.0,958,0.9196242171189979,11,2,1,1,0,4,1,0,0,1,0,0,0,baixo
3,0.0,0,0.0,0,0,1,0,0,0,0,0,0,0,0,0,0,gratuito
5,35000.0,193,0.7875647668393783,15,5,1,0,0,2,1,1,1,1,0,0,1,medio_baixo
2,10000.0,53,0.9811320754716981,1,3,1,0,0,0,1,0,1,1,0,0,0,gratuito
7,10000.0,39,0.7948717948717948,2,5,1,1,1,0,1,1,1,1,0,1,0,medio_alto
8,10000.0,229,0.7554585152838428,2,4,1,0,0,2,1,1,1,1,0,0,0,baixo
1,10000.0,0,0.0,7,3,1,0,0,0,1,1,0,1,0,0,0,medio_baixo
5,0.0,0,0.0,11,4,1,0,0,0,1,1,1,0,0,0,0,gratuito
10,350000.0,1392,0.7974137931034483,2,2,1,1,0,1,1,0,1,0,0,0,0,baixo
3,10000.0,0,0.0,12,4,1,0,0,0,1,0,0,1,1,0,1,medio_alto
10,75000.0,371,0.8517520215633423,1,1,1,1,0,0,0,0,1,0,0,0,0,alto
11,150000.0,440,0.6977272727272728,1,2,1,1,1,3,1,0,0,0,1,0,0,baixo
1,10000.0,0,0.0,1,1,1,0,0,0,0,0,0,1,0,0,0,medio_baixo
4,350000.0,2572,0.8503110419906688,7,5,1,1,0,0,1,0,0,0,0,0,1,alto
1,350000.0,1770,0.896045197740113,12,4,1,1,0,1,1,0,1,0,0,1,1,alto
10,10000.0,8,0.75,3,2,1,1,0,0,1,0,0,1,0,0,0,alto
9,10000.0,41,0.6585365853658537,1,5,1,1,1,0,1,0,0,1,1,1,1,baixo
4,10000.0,9,0.6666666666666666,1,3,1,0,0,0,1,0,0,1,1,0,0,medio_alto
10,35000.0,63,0.9206349206349206,1,2,1,0,0,0,1,0,0,1,0,0,0,baixo
7,10000.0,54,0.8518518518518519,7,3,1,0,0,0,1,1,1,0,0,0,0,medio_alto
2,10000.0,33,0.8484848484848485,2,3,1,0,0,0,1,1,1,0,0,0,0,medio_alto
1,10000.0,0,0.0,1,5,1,0,0,0,1,1,0,1,0,0,0,medio_baixo
1,10000.0,0,0.0,19,4,1,0,0,0,1,0,0,1,0,0,1,alto
2,10000.0,25,1.0,1,2,1,0,0,1,1,1,0,0,0,0,0,alto
2,0.0,0,0.0,6,3,1,1,1,0,1,0,0,1,0,0,0,gratuito
11,150000.0,7244,0.9435394809497515,1,4,1,1,1,0,1,0,0,0,0,1,1,alto
6,350000.0,2935,0.4882453151618399,1,5,1,0,0,0,1,1,1,0,1,0,1,medio_alto
7,10000.0,5,0.8,29,2,1,0,0,0,1,0,0,1,0,0,0,baixo
5,10000.0,0,0.0,1,2,1,0,0,0,1,0,0,1,0,0,0,baixo
9,10000.0,4,0.5,2,4,1,0,0,0,0,1,0,1,0,0,1,alto
5,10000.0,0,0.0,2,4,1,1,1,0,1,0,1,1,0,0,0,medio_alto
4,0.0,0,0.0,1,2,1,0,0,0,0,1,0,0,0,0,0,gratuito
2,10000.0,0,0.0,1,2,1,1,0,0,1,0,1,0,0,0,0,alto
1,0.0,0,0.0,1,3,1,0,0,0,0,0,0,1,0,0,1,gratuito
2,10000.0,3,1.0,4,4,1,0,0,0,1,1,0,1,0,0,0,medio_baixo
1,0.0,0,0.0,1,4,1,0,0,0,0,0,1,0,0,1,0,gratuito
1,0.0,0,0.0,1,2,1,0,0,0,1,0,1,0,0,0,0,medio_alto
7,350000.0,4093,0.522599560224774,5,1,1,0,0,0,0,0,0,0,0,0,1,gratuito
1,10000.0,0,0.0,1,2,1,0,0,0,0,1,1,0,0,0,0,medio_alto
5,10000.0,0,0.0,1,1,1,0,0,0,0,0,0,1,0,0,0,baixo
7,35000.0,937,0.7481323372465315,8,5,1,0,0,0,1,0,1,1,1,0,1,medio_baixo
8,35000.0,98,0.46938775510204084,1,3,1,0,0,0,1,1,0,1,0,0,0,baixo
2,10000.0,13,1.0,6,1,1,1,1,0,0,0,0,1,0,0,0,medio_baixo
5,0.0,0,0.0,1,6,1,0,0,0,1,1,1,0,1,1,0,gratuito
5,0.0,0,0.0,2,1,1,0,0,0,0,1,0,0,0,0,0,gratuito
3,10000.0,2,0.5,1,2,1,0,0,0,0,0,0,0,0,0,0,medio_alto
9,35000.0,67,0.34328358208955223,3,3,1,0,0,1,1,1,1,0,0,0,0,baixo
9,10000.0,7,0.7142857142857143,1,3,1,0,0,0,1,1,0,0,0,0,0,medio_alto
2,0.0,0,0.0,0,0,1,0,0,0,0,0,0,0,0,0,0,gratuito
7,10000.0,139,0.8848920863309353,9,3,1,0,0,0,1,1,0,0,0,1,0,alto
9,10000.0,29,0.896551724137931,6,3,1,1,1,0,1,1,1,0,0,0,0,alto
2,10000.0,1,1.0,1,3,1,0,0,0,1,0,0,1,0,0,1,baixo
1,10000.0,0,0.0,2,7,1,1,1,0,1,1,1,1,0,1,1,baixo
2,10000.0,0,0.0,2,5,1,0,0,0,1,1,1,0,0,1,0,gratuito
10,10000.0,117,0.6324786324786325,3,2,1,1,1,0,1,0,0,0,0,0,1,baixo
6,35000.0,84,0.8690476190476191,1,3,1,0,0,0,1,0,1,1,0,0,0,medio_alto
4,10000.0,12,0.16666666666666666,1,2,1,0,0,0,1,1,0,0,0,0,0,medio_alto
9,10000.0,246,0.5650406504065041,5,2,1,0,0,0,1,1,0,0,0,0,0,medio_baixo
8,10000.0,14,0.9285714285714286,6,3,1,0,0,0,1,0,0,1,0,1,0,alto
2,10000.0,31,0.9354838709677419,6,3,1,1,0,0,1,0,0,1,0,1,0,medio_baixo
15,350000.0,2107,0.8006644518272426,3,5,1,1,0,0,0,0,1,1,0,1,0,gratuito
4,10000.0,30,1.0,1,4,1,1,1,0,1,1,0,1,0,0,0,alto
1,10000.0,29,0.9655172413793104,1,2,1,0,0,0,0,0,1,1,0,0,0,baixo
1,10000.0,0,0.0,1,3,1,1,1,0,0,0,0,0,0,0,0,alto
1,35000.0,229,1.0,1,4,1,0,0,0,1,1,0,1,0,0,0,medio_baixo
11,150000.0,966,0.6221532091097308,1,3,1,1,0,0,1,1,1,0,0,0,0,baixo
8,10000.0,0,0.0,1,1,1,1,0,0,0,0,0,1,0,0,0,medio_alto
2,0.0,0,0.0,0,0,1,0,0,0,0,0,0,0,0,0,0,gratuito
6,10000.0,6,0.8333333333333334,29,2,1,0,0,0,1,0,0,1,0,0,0,baixo
6,10000.0,118,0.788135593220339,14,3,1,0,0,0,1,0,1,0,0,1,0,medio_alto
8,35000.0,371,0.7654986522911051,7,2,1,0,0,0,0,1,0,0,0,0,0,baixo
1,10000.0,59,0.6949152542372882,11,4,1,0,0,1,1,1,1,0,0,0,1,medio_baixo
3,10000.0,199,0.8994974874371859,1,2,1,0,0,1,1,0,0,0,0,1,0,alto
7,150000.0,3119,0.9698621352997756,3,3,1,0,0,1,1,0,1,1,0,0,0,medio_baixo
5,0.0,0,0.0,1,1,1,1,0,0,0,0,0,0,0,0,0,gratuito
6,10000.0,23,0.5217391304347826,1,3,1,0,0,0,1,0,1,1,0,0,0,medio_baixo
3,10000.0,82,0.9512195121951219,1,2,1,0,0,1,1,0,0,1,0,0,0,gratuito
1,0.0,0,0.0,3,4,1,0,0,1,1,1,0,1,0,0,0,gratuito
2,10000.0,18,0.6666666666666666,11,4,1,0,0,0,1,0,1,1,0,1,0,medio_alto
10,750000.0,5874,0.8372488934286687,13,3,1,1,1,1,1,1,1,0,0,0,0,medio_alto
5,350000.0,3261,0.7172646427476235,13,3,1,1,0,6,0,1,0,0,0,1,1,alto
1,10000.0,0,0.0,5,2,1,0,0,0,1,1,0,0,0,0,0,medio_alto
1,10000.0,0,0.0,1,2,1,0,0,1,0,1,0,0,0,1,0,medio_alto
8,10000.0,18,0.9444444444444444,2,2,1,0,0,0,1,1,0,0,0,0,0,baixo
1,0.0,0,0.0,1,5,1,0,0,0,1,0,1,1,0,0,0,gratuito
4,0.0,0,0.0,4,1,1,0,0,0,0,0,0,1,0,0,0,gratuito
1,0.0,0,0.0,1,4,1,0,0,0,1,0,0,1,0,1,1,medio_baixo
8,150000.0,182,0.3516483516483517,1,3,1,1,0,1,1,0,0,1,0,1,0,medio_alto
1,10000.0,2,0.5,1,2,1,0,0,0,0,0,1,0,0,0,1,baixo
1,35000.0,16,0.9375,10,1,1,0,0,0,0,1,0,0,0,0,0,medio_alto
2,10000.0,8,0.75,1,3,1,0,0,0,0,1,0,1,0,0,0,gratuito
7,10000.0,91,0.945054945054945,2,3,1,1,0,1,1,0,1,0,1,0,0,medio_alto
17,10000.0,41,0.8048780487804879,5,2,1,0,0,0,1,0,0,1,0,0,0,medio_baixo
1,10000.0,0,0.0,5,7,1,0,0,0,1,1,1,1,0,1,1,medio_alto
4,10000.0,0,0.0,1,3,1,0,0,0,0,0,0,1,0,0,1,medio_alto
2,10000.0,15,0.2,14,2,1,0,0,0,1,0,0,0,0,0,0,gratuito
10,10000.0,22,0.7727272727272727,1,2,1,1,0,0,1,1,0,0,0,0,0,medio_alto
3,10000.0,4,1.0,1,5,1,0,0,0,1,1,1,1,0,1,0,medio_alto
12,35000.0,26,0.5384615384615384,1,1,1,0,0,0,0,0,0,1,0,0,0,medio_baixo
9,10000.0,129,0.8682170542635659,1,3,1,0,0,0,1,1,1,0,0,0,0,medio_baixo
1,0.0,0,0.0,1,2,1,1,1,0,1,1,0,0,0,0,0,alto
7,35000.0,230,0.5826086956521739,5,1,1,0,0,0,0,0,0,0,0,0,1,alto
7,10000.0,4,0.5,1,3,1,0,0,0,1,1,0,1,0,0,0,medio_alto
1,10000.0,4,1.0,4,3,1,0,0,0,1,0,0,0,0,1,1,medio_baixo
11,10000.0,39,0.8717948717948718,1,4,1,0,0,0,1,0,1,1,1,0,0,medio_baixo
1,350000.0,5956,0.7479852249832102,10,5,1,0,0,2,1,1,1,0,1,0,1,alto
2,10000.0,7,0.42857142857142855,1,2,1,0,0,0,1,0,1,0,0,0,0,medio_baixo
8,10000.0,247,0.6356275303643725,7,1,1,0,0,1,0,0,1,0,0,0,0,medio_baixo
7,35000.0,1,1.0,1,3,1,0,0,0,1,1,0,1,0,0,0,medio_baixo
2,0.0,0,0.0,0,0,1,0,0,0,0,0,0,0,0,0,0,gratuito
5,10000.0,5,0.2,2,2,1,0,0,0,1,0,1,0,0,0,0,medio_alto
1,0.0,0,0.0,11,4,1,0,0,0,1,0,1,1,0,0,0,gratuito
1,10000.0,0,0.0,1,1,1,0,0,0,1,0,0,0,0,0,0,medio_baixo
1,10000.0,1016,0.8828740157480315,13,4,1,0,0,1,1,1,1,0,0,0,1,medio_baixo
1,10000.0,0,0.0,2,2,1,0,0,0,0,0,0,0,0,1,1,baixo
3,10000.0,1,1.0,1,2,1,0,0,0,1,0,0,1,0,0,0,medio_baixo
6,10000.0,18,0.8333333333333334,1,3,1,0,0,0,1,0,0,1,0,0,0,gratuito
2,10000.0,9,1.0,1,2,1,0,0,0,1,0,0,1,0,0,0,baixo
1,0.0,0,0.0,20,5,1,0,0,3,0,1,1,0,1,1,1,gratuito
4,10000.0,85,0.788235294117647,8,4,1,0,0,0,1,0,1,0,1,1,0,alto
11,10000.0,76,0.40789473684210525,1,4,1,1,0,0,0,1,1,0,1,0,0,alto
2,75000.0,726,0.8842975206611571,1,2,1,1,1,1,1,0,1,0,0,0,0,medio_alto
8,10000.0,52,0.7692307692307693,2,3,1,0,0,1,1,1,0,0,0,0,1,medio_baixo
1,10000.0,0,0.0,2,1,1,0,0,0,0,0,0,0,0,1,0,medio_alto
2,0.0,0,0.0,0,0,1,0,0,0,0,0,0,0,0,0,0,gratuito
4,35000.0,463,0.9092872570194385,9,2,1,1,1,3,1,0,1,0,0,0,0,medio_alto
5,0.0,0,0.0,7,4,1,0,0,0,1,1,0,1,0,0,0,gratuito
2,75000.0,972,0.8940329218106996,2,5,1,0,0,3,1,0,1,0,1,1,1,medio_alto
2,0.0,0,0.0,0,0,1,0,0,0,0,0,0,0,0,0,0,gratuito
6,0.0,0,0.0,0,0,1,0,0,0,0,0,0,0,0,0,0,gratuito
9,75000.0,526,0.8174904942965779,1,3,1,0,0,0,1,0,0,0,0,1,1,alto
12,35000.0,114,0.39473684210526316,1,2,1,0,0,0,0,1,0,0,0,0,0,medio_baixo
1,10000.0,0,0.0,1,3,1,0,0,0,1,1,1,0,0,0,0,medio_baixo
4,10000.0,2,0.5,3,4,1,0,0,1,1,1,0,1,0,0,0,medio_alto
1,10000.0,13,1.0,3,1,1,1,1,0,0,0,0,0,1,0,0,medio_alto
1,10000.0,0,0.0,1,4,1,0,0,0,1,0,0,1,0,1,0,baixo
10,10000.0,9,0.7777777777777778,1,4,1,0,0,0,1,1,1,1,0,0,0,medio_alto
6,10000.0,1,0.0,1,2,1,0,0,0,1,0,1,0,0,0,0,medio_alto
2,10000.0,14,1.0,9,3,1,1,0,2,1,1,1,0,0,0,0,baixo
1,0.0,0,0.0,0,0,1,0,0,0,0,0,0,0,0,0,0,gratuito
3,10000.0,0,0.0,1,2,1,0,0,0,0,0,0,0,0,1,0,baixo
2,0.0,0,0.0,0,0,1,0,0,0,0,0,0,0,0,0,0,gratuito
3,150000.0,3,1.0,1,3,1,0,0,0,1,1,0,1,0,0,0,baixo
1,0.0,0,0.0,8,2,1,0,0,0,0,0,0,1,0,0,0,gratuito
9,150000.0,3869,0.7381752390798656,6,3,1,1,1,0,1,1,0,0,0,0,0,medio_alto
4,35000.0,236,0.6694915254237288,6,1,1,0,0,8,0,0,0,0,1,0,0,alto
4,10000.0,68,0.9264705882352942,1,3,1,0,1,0,0,1,1,1,0,0,0,medio_alto
2,750000.0,13,0.9230769230769231,1,5,1,0,0,0,1,1,0,1,0,1,1,medio_baixo
6,10000.0,0,0.0,1,2,1,0,0,0,1,1,0,0,0,0,0,baixo
7,10000.0,0,0.0,1,2,1,0,0,0,1,0,1,0,0,0,0,alto
8,10000.0,11,0.6363636363636364,1,5,1,0,0,0,1,1,1,0,0,0,0,medio_baixo
3,0.0,0,0.0,0,0,1,0,0,0,0,0,0,0,0,0,0,gratuito
5,10000.0,10,0.7,5,3,1,0,0,0,1,1,0,1,0,0,0,medio_baixo
3,0.0,0,0.0,1,5,1,0,0,0,1,1,1,0,1,0,0,gratuito
11,10000.0,14,0.14285714285714285,1,1,1,0,0,0,0,0,0,0,0,0,0,medio_alto
2,35000.0,5,0.8,1,4,1,0,0,0,1,1,1,1,0,0,0,medio_alto
5,75000.0,774,0.8152454780361758,5,1,1,0,0,19,0,1,0,0,0,0,0,alto
6,10000.0,39,0.7948717948717948,3,2,1,0,0,0,1,0,1,0,0,0,0,gratuito
2,10000.0,1,1.0,8,1,1,0,0,0,0,0,0,1,0,0,0,medio_baixo
2,10000.0,1,0.0,1,3,1,0,0,0,1,0,1,1,0,0,0,medio_baixo
1,10000.0,182,0.9285714285714286,1,7,1,0,0,1,1,1,1,1,1,0,1,alto
2,0.0,0,0.0,0,0,1,0,0,0,0,0,0,0,0,0,0,gratuito
1,10000.0,0,0.0,1,3,1,0,0,0,0,1,1,0,0,0,1,baixo
4,10000.0,35,0.7714285714285715,3,6,1,0,0,0,1,1,1,1,0,1,1,medio_alto
2,10000.0,6,0.8333333333333334,2,5,1,0,0,0,1,0,1,0,0,0,1,gratuito
7,10000.0,7,1.0,1,3,1,0,0,0,0,1,0,1,0,0,0,baixo
2,10000.0,5,0.6,2,1,1,0,0,0,0,0,1,0,0,0,0,medio_baixo
1,10000.0,0,0.0,1,4,1,1,0,1,1,0,1,0,1,0,1,alto
6,10000.0,10,1.0,3,2,1,0,0,0,1,0,0,1,0,0,0,baixo
5,0.0,0,0.0,0,0,1,0,0,0,0,0,0,0,0,0,0,gratuito
3,10000.0,21,0.9523809523809523,1,2,1,0,0,0,0,0,0,1,0,0,1,baixo
9,10000.0,2,1.0,1,1,1,0,0,0,1,0,0,0,0,0,0,alto
2,0.0,0,0.0,0,0,1,0,0,0,0,0,0,0,0,0,0,gratuito
3,10000.0,2,1.0,1,3,1,0,0,0,1,1,0,1,0,0,0,medio_alto
1,0.0,0,0.0,0,0,1,0,0,0,0,0,0,0,0,0,0,gratuito
2,10000.0,15,0.8666666666666667,3,3,1,0,0,0,1,1,0,1,0,0,0,medio_alto
1,10000.0,0,0.0,1,4,1,0,0,0,1,0,1,1,1,0,0,medio_alto
7,10000.0,84,0.7142857142857143,8,1,1,1,0,0,0,0,0,0,0,0,1,gratuito
1,0.0,0,0.0,2,5,1,0,0,0,0,1,0,0,1,0,1,gratuito
5,10000.0,4,0.5,1,2,1,0,0,0,1,0,0,1,0,0,0,baixo
2,10000.0,0,0.0,1,1,1,0,0,0,0,1,0,0,0,0,0,baixo
4,10000.0,0,0.0,1,1,1,0,0,0,0,0,0,1,0,0,0,baixo
7,10000.0,168,0.7023809523809523,1,3,1,0,0,0,1,1,0,0,0,0,0,medio_alto
7,10000.0,12,0.8333333333333334,2,4,1,0,0,0,1,0,1,0,1,0,0,gratuito
6,10000.0,0,0.0,1,2,1,0,0,0,1,0,0,0,0,0,1,alto
3,10000.0,5,1.0,1,1,1,0,0,0,1,0,0,0,0,0,0,baixo
4,10000.0,2,1.0,1,3,1,0,0,0,1,1,1,0,0,0,0,medio_alto
8,75000.0,313,0.6134185303514377,9,2,1,1,1,1,1,0,1,0,0,0,0,baixo
1,0.0,0,0.0,2,2,1,0,0,0,0,0,1,0,0,0,1,medio_baixo
9,10000.0,33,0.8484848484848485,9,2,1,1,0,0,1,1,0,0,0,0,0,baixo
3,10000.0,0,0.0,2,2,1,0,0,0,1,1,0,0,0,0,0,baixo
1,35000.0,1139,0.8173836698858647,14,3,1,0,0,0,1,0,1,0,0,0,0,medio_alto
2,10000.0,3,1.0,1,3,1,0,0,1,0,0,1,0,1,0,0,gratuito
2,10000.0,1,1.0,13,5,1,0,0,0,1,1,1,1,1,0,0,medio_baixo
9,10000.0,27,0.8888888888888888,5,4,1,0,0,0,1,0,1,1,0,0,0,alto
1,10000.0,0,0.0,12,5,1,0,0,0,1,1,1,1,0,0,0,medio_baixo
1,10000.0,0,0.0,6,2,1,1,1,2,1,0,0,1,0,0,0,alto
11,35000.0,214,0.822429906542056,5,3,1,0,0,0,0,0,0,0,0,0,1,alto
6,10000.0,0,0.0,3,5,1,1,0,1,1,0,1,1,1,0,1,alto
5,150000.0,24,0.375,1,6,1,0,0,0,1,1,1,0,1,1,0,medio_alto
2,10000.0,18,0.7777777777777778,2,1,1,0,0,0,0,0,0,0,0,0,0,alto
12,35000.0,785,0.8751592356687898,1,2,1,0,0,0,1,1,0,0,0,0,0,medio_baixo
5,10000.0,37,0.972972972972973,1,1,1,0,0,0,0,0,0,1,0,0,0,medio_baixo
10,35000.0,62,0.4838709677419355,1,1,1,0,0,0,0,0,0,1,0,0,0,baixo
5,150000.0,2249,0.951089373054691,4,2,1,0,0,0,0,0,1,1,0,0,0,alto
1,10000.0,3,1.0,1,2,1,1,1,0,1,0,1,0,0,0,0,alto
1,10000.0,0,0.0,5,2,1,0,0,0,0,0,1,1,0,0,0,medio_alto
1,10000.0,4,1.0,12,3,1,0,0,0,1,1,1,0,0,0,0,medio_alto
3,10000.0,3,0.6666666666666666,1,3,1,0,0,0,0,0,0,1,1,0,1,alto
1,0.0,0,0.0,0,0,1,0,0,0,0,0,0,0,0,0,0,gratuito
7,10000.0,33,0.7272727272727273,1,2,1,0,0,0,1,0,0,0,0,0,0,alto
2,350000.0,6226,0.6341150016061677,12,3,1,0,1,3,0,1,0,0,0,1,1,alto
5,10000.0,50,0.66,1,2,1,0,0,0,1,1,0,0,0,0,0,medio_baixo
2,10000.0,11,1.0,2,3,1,1,0,0,1,1,1,0,0,0,0,alto
6,10000.0,6,1.0,1,4,1,0,0,0,1,1,1,1,0,0,0,medio_alto
4,10000.0,17,1.0,3,2,1,0,1,1,1,0,1,0,0,0,0,baixo
3,0.0,0,0.0,1,1,1,0,0,0,0,1,0,0,0,0,0,gratuito
6,75000.0,30,0.5333333333333333,1,3,1,0,0,0,1,1,0,0,0,0,0,gratuito
8,10000.0,11,0.8181818181818182,2,1,1,0,0,0,0,0,0,0,1,0,0,medio_baixo
2,10000.0,3,1.0,7,3,1,0,0,0,1,0,1,1,0,0,0,baixo
4,75000.0,986,0.8052738336713996,9,1,1,0,0,2,0,0,1,0,0,0,0,alto
3,10000.0,2,1.0,1,4,1,0,1,0,1,1,0,1,0,0,0,baixo
3,10000.0,11,1.0,3,2,1,0,0,0,1,0,0,1,0,0,0,medio_alto
1,10000.0,0,0.0,1,5,1,1,0,0,0,0,0,0,1,1,1,gratuito
9,10000.0,13,0.38461538461538464,1,1,1,0,0,0,0,0,0,0,0,0,0,alto
5,0.0,0,0.0,0,0,1,0,0,0,0,0,0,0,0,0,0,gratuito
1,0.0,0,0.0,1,2,1,0,0,0,1,0,0,0,0,1,0,medio_baixo
8,750000.0,10756,0.8385087393082931,7,2,1,0,0,4,0,0,1,0,1,0,0,alto
4,35000.0,5,0.2,2,3,1,0,0,0,0,0,0,0,1,0,1,alto
4,10000.0,2,0.0,1,3,1,0,0,0,1,1,1,0,0,0,0,alto
1,10000.0,0,0.0,1,7,1,0,0,0,1,1,1,1,1,1,0,alto
2,10000.0,0,0.0,2,1,1,0,0,0,0,1,0,0,0,0,0,baixo
5,10000.0,4,0.5,2,3,1,0,0,0,1,0,1,1,0,0,0,baixo
4,10000.0,0,0.0,1,2,1,0,0,2,1,0,0,1,0,0,0,baixo
5,0.0,0,0.0,1,3,1,0,0,0,1,0,0,1,0,0,0,gratuito
8,10000.0,63,0.5079365079365079,1,4,1,0,0,0,0,1,1,0,0,0,0,gratuito
1,10000.0,0,0.0,3,3,1,0,0,2,1,0,0,0,1,1,0,alto
1,10000.0,0,0.0,6,3,1,0,0,1,1,0,1,1,0,0,0,medio_alto
10,150000.0,221,0.5294117647058824,4,3,1,1,1,0,1,0,1,1,0,0,0,medio_alto
4,10000.0,4,0.0,1,5,1,0,0,1,1,0,0,1,0,1,1,baixo
1,35000.0,1,1.0,1,5,1,0,0,0,1,0,0,1,1,0,0,medio_baixo
1,10000.0,0,0.0,1,9,1,0,0,0,1,1,1,1,1,1,1,alto
6,10000.0,12,0.5833333333333334,1,2,1,0,0,0,0,0,0,0,0,0,1,gratuito
2,10000.0,1,1.0,1,4,1,0,0,0,0,1,1,0,0,1,1,baixo
1,0.0,0,0.0,1,5,1,0,0,0,1,1,1,1,0,0,0,gratuito
3,10000.0,4,1.0,1,2,1,0,0,0,0,1,0,0,0,0,0,baixo
3,0.0,0,0.0,1,4,1,0,0,0,0,0,1,1,0,0,0,gratuito
2,10000.0,0,0.0,1,1,1,0,0,0,1,0,0,0,0,0,0,medio_baixo
3,10000.0,5,1.0,17,5,1,1,1,0,1,1,0,1,0,1,0,alto
1,10000.0,0,0.0,15,4,1,1,0,2,1,0,0,1,0,1,1,medio_alto
10,35000.0,148,0.9527027027027027,1,3,1,0,0,0,1,1,0,1,0,0,0,baixo
7,10000.0,16,0.875,1,10,1,0,0,0,1,1,1,1,1,1,1,baixo
2,0.0,0,0.0,1,4,1,0,0,0,1,1,0,0,0,0,0,gratuito
5,0.0,0,0.0,0,0,1,0,0,0,0,0,0,0,0,0,0,gratuito
3,0.0,0,0.0,1,3,1,0,0,0,1,1,1,0,0,0,0,gratuito
10,10000.0,12,0.5833333333333334,1,1,1,0,0,0,0,0,0,0,0,0,0,alto
4,10000.0,18,0.8888888888888888,1,3,1,1,1,0,1,1,0,1,0,0,0,medio_alto
1,0.0,0,0.0,1,4,1,0,0,0,1,0,1,1,0,1,0,medio_baixo
8,10000.0,2,0.5,1,2,1,0,0,0,1,1,0,0,0,0,0,baixo
10,150000.0,492,0.6199186991869918,7,2,1,0,0,0,0,1,1,0,0,0,0,medio_baixo
1,10000.0,17,1.0,5,2,1,0,0,0,0,0,0,1,1,0,0,medio_alto
5,10000.0,0,0.0,1,2,1,0,0,0,1,1,0,0,0,0,0,medio_alto
3,0.0,0,0.0,0,0,1,0,0,0,0,0,0,0,0,0,0,gratuito
4,10000.0,14,0.7857142857142857,1,5,1,0,0,0,0,1,1,1,0,1,0,medio_baixo
7,10000.0,0,0.0,1,3,1,1,1,0,1,1,1,0,0,0,0,medio_alto
2,10000.0,2,1.0,1,3,1,0,0,0,1,1,0,0,0,0,0,alto
2,0.0,0,0.0,5,3,1,0,0,0,0,1,1,0,0,1,0,gratuito
8,75000.0,758,0.8733509234828496,10,2,1,0,0,0,1,1,0,0,0,0,0,baixo
3,35000.0,4,1.0,1,4,1,0,0,0,1,0,0,1,0,0,1,medio_alto
4,10000.0,2,0.5,1,3,1,0,0,0,1,0,1,1,0,0,0,medio_alto
6,10000.0,31,0.8387096774193549,2,3,1,0,0,1,1,1,1,0,0,0,0,baixo
2,10000.0,74,0.918918918918919,3,1,1,0,0,0,0,0,1,0,0,0,0,alto
7,10000.0,120,0.775,12,2,1,0,0,0,1,0,1,0,0,0,0,alto
2,10000.0,0,0.0,2,2,1,0,0,0,1,0,0,0,0,0,0,gratuito
2,10000.0,12,1.0,14,3,1,0,0,0,1,1,0,1,0,0,0,medio_baixo
4,35000.0,188,0.6595744680851063,1,4,1,0,0,0,1,0,0,1,0,0,0,gratuito
4,0.0,0,0.0,0,0,1,0,0,0,0,0,0,0,0,0,0,gratuito
2,10000.0,6,0.8333333333333334,1,4,1,0,0,0,1,0,1,1,0,1,0,baixo
5,10000.0,306,0.5980392156862745,11,2,1,0,0,1,1,0,1,0,0,0,0,alto
9,75000.0,135,0.7925925925925926,2,5,1,0,0,0,1,1,1,1,0,0,1,baixo
1,10000.0,0,0.0,17,3,1,0,0,1,1,0,0,1,0,1,0,alto
3,10000.0,32,0.65625,2,2,1,0,0,1,1,0,0,1,0,0,0,medio_alto
3,10000.0,160,0.8625,6,4,1,0,0,0,1,1,1,1,0,0,0,medio_baixo
5,35000.0,3,1.0,7,4,1,0,0,0,1,1,1,0,1,0,0,medio_baixo
6,10000.0,1,1.0,1,5,1,0,0,0,1,0,1,1,0,1,1,baixo
7,10000.0,3,1.0,1,4,1,0,0,0,1,1,0,0,1,0,0,medio_baixo
2,10000.0,4,1.0,2,2,1,0,0,0,1,0,1,0,0,0,0,medio_alto
11,75000.0,324,0.8611111111111112,1,3,1,0,0,1,1,0,1,1,0,0,0,baixo
4,10000.0,0,0.0,1,2,1,0,0,0,1,0,0,1,0,0,0,baixo
6,150000.0,1641,0.4302254722730043,1,2,1,0,0,0,1,0,0,0,0,0,0,medio_baixo
4,10000.0,5,1.0,1,3,1,0,0,0,1,1,0,0,0,1,0,medio_alto
1,0.0,0,0.0,0,0,1,0,0,0,0,0,0,0,0,0,0,gratuito
2,10000.0,1,1.0,1,3,1,1,0,0,1,1,0,1,0,0,0,medio_alto
1,0.0,0,0.0,1,4,1,0,0,0,1,1,1,0,1,0,0,medio_alto
10,75000.0,147,0.9455782312925171,1,4,1,0,0,1,1,0,1,1,1,0,0,baixo
3,0.0,0,0.0,1,5,1,0,0,0,1,0,0,1,0,1,0,gratuito
3,0.0,0,0.0,0,0,1,0,0,0,0,0,0,0,0,0,0,gratuito
1,0.0,0,0.0,1,2,1,0,0,0,1,0,1,0,0,0,0,medio_baixo
1,10000.0,0,0.0,10,3,1,0,0,0,1,1,0,0,0,0,0,baixo
8,10000.0,12,0.4166666666666667,1,2,1,1,1,0,1,0,1,0,0,0,0,medio_baixo
4,10000.0,16,0.375,1,3,1,0,0,0,0,1,0,0,0,0,0,alto
1,0.0,0,0.0,0,0,1,0,0,0,0,0,0,0,0,0,0,gratuito
2,10000.0,0,0.0,1,1,1,0,0,0,0,0,0,1,0,0,0,medio_alto
8,10000.0,15,0.8,1,2,1,0,0,0,1,0,1,0,0,0,0,medio_baixo
4,10000.0,0,0.0,1,2,1,0,0,2,1,0,0,1,0,0,0,baixo
6,10000.0,0,0.0,2,1,1,0,0,1,0,0,1,0,0,0,0,medio_baixo
5,10000.0,3,0.6666666666666666,1,2,1,0,0,0,1,0,0,0,0,1,0,medio_baixo
3,0.0,0,0.0,8,1,1,0,0,0,0,0,0,1,0,0,0,gratuito
2,350000.0,2773,0.5232600072124053,12,2,1,1,0,3,0,0,0,0,0,1,0,gratuito
3,10000.0,33,0.9696969696969697,5,5,1,0,0,0,1,1,1,0,1,1,0,alto
3,10000.0,26,0.8461538461538461,5,2,1,0,1,0,1,1,0,0,0,0,0,medio_baixo
2,10000.0,22,1.0,1,3,1,0,0,0,1,0,1,1,0,0,0,medio_baixo
3,10000.0,14,0.9285714285714286,26,4,1,0,0,0,1,0,0,0,0,0,1,baixo
2,10000.0,0,0.0,1,2,1,0,1,0,1,0,0,1,0,0,0,baixo
9,35000.0,73,0.7534246575342466,8,4,1,1,1,2,1,1,1,1,0,0,0,baixo
2,35000.0,58,0.896551724137931,7,2,1,0,0,0,0,1,1,0,0,0,0,alto
2,0.0,0,0.0,0,0,1,0,0,0,0,0,0,0,0,0,0,gratuito
3,0.0,0,0.0,1,4,1,1,0,0,1,1,0,1,0,0,0,gratuito
5,10000.0,20,0.3,1,2,1,0,0,0,1,0,0,0,0,0,1,alto
6,75000.0,1248,0.7524038461538461,5,1,1,0,0,96,0,1,0,0,0,0,0,alto
2,0.0,0,0.0,0,0,1,0,0,0,0,0,0,0,0,0,0,gratuito
1,10000.0,0,0.0,15,2,1,1,1,0,1,0,0,1,0,0,0,baixo
10,10000.0,136,0.9558823529411765,1,2,1,0,0,0,1,0,1,0,0,0,0,alto
4,10000.0,38,0.5263157894736842,2,4,1,0,0,0,1,1,1,1,0,0,0,medio_baixo
2,10000.0,2,1.0,1,2,1,0,0,2,1,0,0,0,0,1,0,medio_baixo
11,10000.0,26,0.9230769230769231,1,4,1,0,0,0,1,1,1,1,0,0,0,medio_baixo
4,10000.0,17,0.6470588235294118,1,2,1,0,0,0,1,1,0,0,0,0,0,baixo
3,10000.0,29,0.896551724137931,2,1,1,0,1,0,1,0,0,0,0,0,0,medio_baixo
6,10000.0,55,0.7818181818181819,16,4,1,0,0,0,1,1,0,1,0,0,0,medio_baixo
13,750000.0,107,0.9906542056074766,6,1,1,0,0,0,0,1,0,0,0,0,0,medio_baixo
3,10000.0,176,0.8125,9,1,1,0,0,0,0,0,1,0,0,0,0,medio_baixo
9,10000.0,95,0.6842105263157895,1,5,1,0,0,0,1,1,1,0,1,1,0,gratuito
10,350000.0,2330,0.6978540772532189,6,1,1,0,0,0,0,0,0,1,0,0,0,medio_baixo
3,10000.0,10,0.9,1,3,1,0,0,0,1,0,0,1,0,1,0,medio_alto
4,0.0,0,0.0,0,0,1,0,0,0,0,0,0,0,0,0,0,gratuito
1,0.0,0,0.0,1,2,1,0,0,0,0,0,0,0,0,0,1,gratuito
1,0.0,0,0.0,0,0,1,0,0,0,0,0,0,0,0,0,0,gratuito
4,10000.0,64,0.65625,5,3,1,0,0,0,1,1,1,0,0,0,0,alto
2,10000.0,0,0.0,1,2,1,0,0,0,0,0,0,1,1,0,0,baixo
11,35000.0,170,0.7294117647058823,3,3,1,1,0,0,1,0,1,0,0,0,0,gratuito
7,10000.0,235,0.8127659574468085,1,3,1,0,0,0,1,1,0,1,0,0,0,baixo
1,0.0,0,0.0,5,3,1,0,0,0,1,1,1,0,0,0,0,medio_alto
3,0.0,0,0.0,1,1,1,0,0,0,1,0,0,0,0,0,0,gratuito
9,35000.0,466,0.6051502145922747,1,5,1,0,0,1,1,0,1,1,1,0,1,alto
1,0.0,0,0.0,0,0,1,0,0,0,0,0,0,0,0,0,0,gratuito
3,10000.0,0,0.0,2,6,1,0,0,0,1,0,0,1,0,0,1,medio_alto
2,10000.0,2,1.0,1,2,1,0,0,0,0,0,0,0,0,1,1,medio_alto
5,35000.0,157,0.7961783439490446,1,3,1,0,0,0,1,0,1,0,0,0,0,gratuito
3,10000.0,1,1.0,1,3,1,0,0,0,0,0,0,1,0,1,0,medio_alto
7,10000.0,16,0.9375,6,2,1,1,1,0,1,1,0,0,0,0,0,alto
4,10000.0,10,1.0,1,1,1,0,1,0,1,0,0,0,0,0,0,medio_alto
1,0.0,0,0.0,103,2,1,0,0,2,1,0,0,1,0,0,0,medio_alto
4,10000.0,4,0.25,1,6,1,0,0,0,0,1,1,1,0,1,1,alto
1,0.0,0,0.0,1,2,1,0,0,0,1,0,0,0,1,0,0,alto
1,0.0,0,0.0,10,4,1,0,0,2,1,0,0,0,0,0,0,gratuito
2,10000.0,1,1.0,2,3,1,0,0,0,1,0,0,1,0,1,0,baixo
2,10000.0,8,1.0,6,4,1,0,0,0,1,0,1,0,1,1,0,medio_baixo
7,10000.0,22,0.9090909090909091,4,3,1,0,0,0,1,0,1,1,0,0,0,medio_baixo
5,10000.0,4,0.5,1,4,1,0,0,0,1,0,1,1,0,0,1,baixo
4,35000.0,7,0.8571428571428571,1,3,1,0,0,0,1,0,1,1,0,0,0,baixo
4,0.0,0,0.0,2,3,1,0,0,0,1,0,0,1,0,0,0,gratuito
1,0.0,0,0.0,9,2,1,0,0,0,0,0,0,0,0,1,0,gratuito
8,10000.0,41,0.3902439024390244,1,6,1,1,1,1,1,1,1,1,0,1,1,medio_baixo
1,10000.0,40,0.975,12,5,1,0,0,0,1,1,0,1,0,0,0,medio_baixo
5,0.0,0,0.0,0,0,1,0,0,0,0,0,0,0,0,0,0,gratuito
2,10000.0,179,0.88268156424581,10,3,1,0,0,0,1,1,0,0,1,0,0,medio_baixo
8,10000.0,10,1.0,1,3,1,0,0,0,0,1,1,0,0,0,1,medio_baixo
1,10000.0,0,0.0,2,3,1,0,0,0,1,0,0,0,0,1,0,alto
2,10000.0,2,1.0,1,2,1,0,0,0,0,0,0,1,0,0,1,baixo
7,750000.0,10915,0.9192853870819973,2,3,1,0,0,3,1,0,1,0,1,0,0,medio_alto
3,10000.0,2,0.5,1,3,1,0,1,0,1,0,1,1,0,0,0,baixo
8,150000.0,2270,0.9726872246696036,5,3,1,0,0,2,1,0,0,1,0,0,1,alto
2,10000.0,39,1.0,2,3,1,0,0,0,1,0,1,1,0,0,0,baixo
1,0.0,0,0.0,2,4,1,0,0,0,0,1,1,0,0,1,0,medio_baixo
7,75000.0,1943,0.7112712300566135,9,1,1,0,0,0,0,1,0,0,0,0,0,medio_alto
1,0.0,0,0.0,0,0,1,0,0,0,0,0,0,0,0,0,0,gratuito
1,10000.0,36,0.8333333333333334,11,2,1,0,0,0,1,0,0,0,0,1,0,alto
1,10000.0,0,0.0,1,2,1,0,0,0,1,0,0,1,0,0,0,baixo
6,750000.0,2557,0.751662104028158,7,3,1,0,0,0,0,1,0,0,1,1,0,alto
2,10000.0,40,0.95,14,1,1,0,0,2,1,0,0,0,0,0,0,medio_alto
6,750000.0,11729,0.8236848836217922,10,3,1,0,0,32,0,0,0,0,0,0,1,medio_alto
1,0.0,0,0.0,8,2,1,0,0,0,1,0,0,1,0,0,0,baixo
10,10000.0,15,0.7333333333333333,2,4,1,0,0,0,1,0,0,1,0,0,1,alto
10,10000.0,31,0.6451612903225806,1,4,1,0,0,0,1,1,1,1,0,0,0,medio_alto
8,10000.0,21,0.42857142857142855,1,2,1,0,0,0,0,1,1,0,0,0,0,baixo
1,0.0,0,0.0,103,2,1,0,0,0,1,0,0,1,0,0,0,medio_baixo
4,10000.0,0,0.0,103,3,1,0,0,1,1,1,0,1,0,0,0,medio_baixo
6,35000.0,232,0.8663793103448276,3,2,1,0,0,0,1,0,0,0,1,0,0,alto
3,10000.0,0,0.0,1,3,1,0,0,0,1,0,0,0,0,1,0,gratuito
1,10000.0,0,0.0,2,5,1,0,0,0,1,1,1,1,1,0,0,alto
10,10000.0,8,0.5,2,4,1,0,0,0,1,1,1,0,0,1,0,alto
2,0.0,0,0.0,0,0,1,0,0,0,0,0,0,0,0,0,0,gratuito
5,10000.0,1,1.0,1,1,1,1,1,0,1,0,0,0,0,0,0,baixo
6,10000.0,115,0.7304347826086957,1,4,1,0,0,0,1,0,1,1,0,0,1,alto
10,150000.0,253,0.9604743083003953,1,4,1,0,0,0,1,1,1,1,0,0,0,baixo
4,350000.0,6757,0.9020275270090277,6,2,1,1,1,3,1,0,0,0,1,0,0,alto
1,10000.0,0,0.0,1,2,1,0,0,0,1,0,0,0,1,0,0,alto
1,10000.0,73,0.9041095890410958,7,2,1,0,0,0,1,0,0,0,0,1,0,medio_alto
4,10000.0,10,1.0,4,3,1,0,0,0,0,0,0,0,0,0,0,alto
13,350000.0,2200,0.8781818181818182,12,4,1,0,1,1,1,1,1,0,1,0,0,baixo
6,35000.0,3,1.0,1,3,1,0,0,0,1,0,0,0,1,1,0,baixo
8,750000.0,8196,0.8200341630063446,4,6,1,0,0,2,0,0,1,1,1,1,0,gratuito
3,10000.0,16,0.8125,2,4,1,0,0,1,1,1,1,1,0,0,0,baixo
11,10000.0,124,0.5483870967741935,4,2,1,1,0,0,0,0,1,0,0,0,1,medio_baixo
1,0.0,0,0.0,1,1,1,0,0,0,0,0,0,0,0,0,1,baixo
3,10000.0,2,1.0,1,4,1,0,0,0,1,0,1,1,0,1,0,medio_alto
1,10000.0,6,0.5,2,3,1,0,0,0,1,1,0,0,1,0,0,medio_baixo
6,35000.0,1,1.0,1,2,1,0,0,0,1,1,0,0,0,0,0,medio_baixo
7,10000.0,60,0.7333333333333333,1,2,1,0,0,0,1,0,0,0,1,0,0,gratuito
9,150000.0,536,0.5503731343283582,2,5,1,1,1,1,1,0,1,1,0,0,0,gratuito
11,35000.0,158,0.9177215189873418,1,2,1,0,0,0,0,0,0,1,0,1,0,medio_baixo
4,35000.0,16,0.9375,5,3,1,1,1,0,1,0,1,1,0,0,0,baixo
1,10000.0,0,0.0,1,2,1,0,0,0,1,0,0,1,0,0,0,medio_alto
1,0.0,0,0.0,2,6,1,0,0,0,1,1,1,0,0,0,1,gratuito
2,10000.0,0,0.0,24,3,1,0,0,0,1,0,0,0,1,1,0,medio_baixo
8,350000.0,2233,0.9368562472010747,1,3,1,0,0,0,1,0,0,1,0,0,0,gratuito
8,10000.0,5,0.8,1,3,1,1,0,0,1,0,1,0,0,1,0,medio_baixo
1,0.0,0,0.0,4,3,1,1,1,0,0,0,1,1,0,1,0,medio_baixo
7,10000.0,31,0.5806451612903226,2,7,1,0,0,0,1,1,0,1,0,1,0,gratuito
10,10000.0,20,0.7,2,6,1,0,0,0,0,0,1,1,0,0,1,medio_alto
1,10000.0,0,0.0,1,2,1,0,0,0,1,1,0,0,0,0,0,medio_baixo
10,10000.0,55,0.9090909090909091,8,3,1,1,0,0,1,1,0,1,0,0,0,medio_alto
6,35000.0,5,1.0,1,4,1,1,1,0,1,0,1,0,1,1,0,medio_baixo
1,10000.0,0,0.0,1,2,1,0,0,0,0,0,0,1,0,0,0,gratuito
2,10000.0,35,0.22857142857142856,12,5,1,0,0,0,1,0,1,1,0,1,1,alto
5,35000.0,904,0.8716814159292036,1,1,1,0,0,0,0,0,1,0,0,0,0,alto
2,0.0,0,0.0,3,2,1,0,1,0,0,0,1,0,0,0,0,gratuito
6,10000.0,71,0.5915492957746479,2,4,1,0,0,0,1,0,0,1,0,1,1,medio_baixo
4,10000.0,94,0.8723404255319149,2,3,1,0,0,0,1,0,0,0,0,1,1,medio_baixo
2,0.0,0,0.0,0,0,1,0,0,0,0,0,0,0,0,0,0,gratuito
1,0.0,0,0.0,0,0,1,0,0,0,0,0,0,0,0,0,0,gratuito
1,0.0,0,0.0,1,2,1,0,0,0,1,0,0,1,0,0,0,medio_alto
4,10000.0,17,1.0,4,4,1,0,1,0,0,0,0,0,0,0,0,alto
1,0.0,0,0.0,13,3,1,0,0,2,0,1,1,0,1,0,0,alto
13,35000.0,186,0.3978494623655914,5,2,1,1,0,0,1,0,0,0,0,1,0,baixo
5,10000.0,9,0.6666666666666666,1,3,1,0,0,0,1,0,0,1,0,1,0,baixo
1,35000.0,37,0.2972972972972973,10,5,1,0,0,0,1,1,1,1,0,0,0,gratuito
1,10000.0,6,0.5,4,3,1,0,0,0,1,1,1,0,0,0,0,baixo
8,10000.0,41,0.8780487804878049,1,3,1,0,0,0,1,0,1,1,0,0,0,gratuito
2,10000.0,1,1.0,15,3,1,0,0,0,0,0,1,1,0,0,1,alto
4,10000.0,23,0.6521739130434783,15,4,1,0,0,0,1,0,1,1,0,0,1,baixo
1,10000.0,0,0.0,1,3,1,0,0,0,1,0,0,1,0,1,0,medio_alto
1,0.0,0,0.0,1,2,1,0,0,0,1,0,0,0,0,0,0,gratuito
7,10000.0,502,0.7410358565737052,18,2,1,1,1,2,1,0,1,0,0,0,0,medio_alto
4,10000.0,3,1.0,1,2,1,0,0,0,1,1,0,0,0,0,0,alto
7,35000.0,56,0.5,15,3,1,0,0,0,0,0,0,0,0,0,1,gratuito
5,0.0,0,0.0,1,4,1,0,0,0,1,1,1,1,0,0,0,gratuito
4,10000.0,6,0.8333333333333334,1,4,1,0,0,0,1,0,1,1,0,0,0,gratuito
1,10000.0,0,0.0,8,4,1,1,1,1,1,1,1,0,1,0,0,alto
2,10000.0,1,1.0,1,5,1,0,0,0,1,0,0,0,0,1,0,medio_baixo
7,10000.0,294,0.9523809523809523,1,1,1,0,0,0,1,0,0,0,0,0,0,gratuito
8,10000.0,12,0.08333333333333333,1,3,1,1,0,0,1,0,0,0,0,0,1,baixo
3,0.0,0,0.0,0,0,1,0,0,0,0,0,0,0,0,0,0,gratuito
2,10000.0,0,0.0,1,4,1,0,1,0,1,1,0,1,0,1,0,medio_alto
10,10000.0,76,0.5921052631578947,1,3,1,1,0,0,1,0,1,1,0,0,0,medio_baixo
3,10000.0,51,0.9803921568627451,1,1,1,1,0,1,0,0,0,0,0,1,0,alto
2,10000.0,3,1.0,1,4,1,0,0,0,1,1,1,0,1,0,0,medio_alto
12,150000.0,666,0.14864864864864866,2,2,1,0,0,0,0,0,0,0,0,1,1,baixo
5,10000.0,6,0.3333333333333333,1,2,1,0,0,0,0,1,0,0,1,0,0,baixo
9,75000.0,86,0.8488372093023255,3,4,1,0,0,0,1,1,1,0,1,0,0,baixo
3,0.0,0,0.0,0,0,1,0,0,0,0,0,0,0,0,0,0,gratuito
4,10000.0,86,0.8372093023255814,7,2,1,1,1,1,1,0,0,1,0,0,0,alto
5,10000.0,20,0.55,1,4,1,0,0,0,1,1,1,0,0,0,1,baixo
2,10000.0,22,0.9545454545454546,9,2,1,0,0,0,1,0,1,0,0,0,0,alto
4,35000.0,9,1.0,1,3,1,0,0,0,1,1,0,1,0,0,0,medio_baixo
2,10000.0,28,1.0,1,5,1,0,0,0,1,1,1,1,0,0,1,medio_alto
5,35000.0,20,0.95,1,2,1,0,0,0,1,0,1,0,0,0,0,medio_alto
8,150000.0,2092,0.752868068833652,9,1,1,0,0,6,0,1,0,0,0,0,0,medio_alto
11,150000.0,264,0.5757575757575758,1,3,1,0,0,0,1,1,0,0,0,0,0,gratuito
2,10000.0,5,0.8,1,1,1,0,0,0,0,0,0,0,0,0,1,medio_alto
2,10000.0,61,1.0,1,4,1,1,0,1,1,1,1,1,0,0,0,medio_baixo
5,10000.0,32,0.96875,2,2,1,1,0,0,1,1,0,0,0,0,0,baixo
1,0.0,0,0.0,5,1,1,0,0,0,0,0,0,1,0,0,0,alto
5,750000.0,8596,0.6928804094927874,14,2,1,0,0,1,0,1,0,0,1,0,0,alto
2,35000.0,888,0.5900900900900901,9,2,1,0,0,1,0,0,0,0,0,1,1,alto
10,10000.0,74,0.47297297297297297,17,1,1,0,0,0,0,0,0,0,0,0,1,medio_baixo
9,10000.0,14,0.8571428571428571,1,3,1,0,0,0,0,1,0,1,0,0,0,gratuito
2,350000.0,5955,0.9355163727959698,4,5,1,1,0,1,1,0,1,1,1,1,0,alto
3,35000.0,52,0.7307692307692307,3,2,1,0,0,0,0,0,1,0,1,0,0,medio_alto
20,1500000.0,3375,0.9285925925925926,5,1,1,1,0,0,0,0,0,0,0,1,0,medio_alto
2,10000.0,17,0.9411764705882353,2,4,1,0,0,0,1,1,1,0,0,1,0,baixo
2,10000.0,15,0.7333333333333333,2,3,1,1,0,0,1,0,1,0,1,0,0,baixo
4,10000.0,156,0.5705128205128205,3,3,1,0,0,2,0,0,1,0,1,1,0,medio_alto
5,10000.0,127,0.9133858267716536,1,1,1,0,0,0,0,0,0,1,0,0,0,baixo
12,150000.0,222,0.42792792792792794,2,1,1,0,0,0,0,0,0,0,0,1,0,medio_alto
2,0.0,0,0.0,0,0,1,0,0,0,0,0,0,0,0,0,0,gratuito
5,0.0,0,0.0,0,0,1,0,0,0,0,0,0,0,0,0,0,gratuito
6,10000.0,70,0.9285714285714286,6,4,1,0,0,0,1,1,0,1,0,0,1,baixo
1,0.0,0,0.0,0,0,1,0,0,0,0,0,0,0,0,0,0,gratuito
10,10000.0,24,0.7916666666666666,1,5,1,0,0,0,1,1,1,0,1,0,0,alto
7,10000.0,5,0.6,3,4,1,0,0,0,1,0,0,1,0,1,0,medio_alto
3,10000.0,0,0.0,1,3,1,1,1,0,1,0,0,1,0,0,1,baixo
2,10000.0,0,0.0,1,1,1,0,0,0,0,0,0,1,0,0,0,baixo
2,0.0,0,0.0,1,5,1,0,0,0,1,1,1,1,0,0,0,gratuito
5,10000.0,5,0.0,1,3,1,0,0,0,0,1,1,0,0,0,0,alto
2,10000.0,39,1.0,2,2,1,0,0,0,1,0,1,0,0,0,0,alto
1,10000.0,0,0.0,1,2,1,0,0,1,0,0,1,1,0,0,0,medio_baixo
1,10000.0,34,0.5882352941176471,6,1,1,0,0,0,1,0,0,0,0,0,0,medio_baixo
4,10000.0,4,0.75,2,2,1,0,0,0,1,0,0,0,0,0,1,baixo
1,10000.0,0,0.0,22,4,1,0,0,0,1,0,0,1,0,0,1,alto
4,10000.0,10,0.8,2,4,1,0,0,0,1,1,1,1,0,0,0,baixo
8,10000.0,6,1.0,1,2,1,0,0,0,1,1,0,0,0,0,0,baixo
6,750000.0,13614,0.9024533568385485,9,3,1,1,1,4,1,1,0,0,0,0,1,alto
14,350000.0,5148,0.9399766899766899,12,2,1,1,0,0,0,1,1,0,0,0,0,medio_alto
2,10000.0,0,0.0,2,2,1,0,0,0,1,0,0,0,1,0,0,medio_alto
1,0.0,0,0.0,0,0,1,0,0,0,0,0,0,0,0,0,0,gratuito
7,10000.0,1,1.0,2,2,1,0,0,0,1,0,1,0,0,0,0,medio_alto
2,10000.0,33,0.9090909090909091,2,3,1,0,0,0,0,1,0,0,0,0,1,alto
9,10000.0,7,0.7142857142857143,1,2,1,0,1,0,1,1,0,0,0,0,0,medio_baixo
6,10000.0,72,0.8333333333333334,4,2,1,0,0,0,1,1,0,0,0,0,0,medio_baixo
10,10000.0,341,0.8621700879765396,7,3,1,1,0,1,1,0,1,1,0,0,0,medio_alto
3,750000.0,10483,0.9827339502050939,2,3,1,1,1,4,1,0,0,0,0,0,1,gratuito
5,10000.0,0,0.0,1,2,1,0,0,0,1,0,0,1,0,0,0,baixo
2,10000.0,4,0.75,2,1,1,0,0,0,0,0,0,0,0,0,1,medio_alto
4,10000.0,4,1.0,1,2,1,0,0,0,1,0,1,0,0,0,0,baixo
10,75000.0,19,0.5263157894736842,1,1,1,0,0,0,0,1,0,0,0,0,0,baixo
1,10000.0,14,1.0,3,2,1,0,0,0,1,0,0,1,0,0,0,medio_baixo
6,35000.0,23,0.6521739130434783,1,3,1,0,0,0,1,1,0,0,0,0,0,gratuito
2,10000.0,16,0.8125,15,2,1,0,0,0,1,0,0,1,0,0,0,medio_baixo
2,0.0,0,0.0,1,4,1,1,0,0,1,0,0,1,1,0,0,gratuito
6,35000.0,154,0.7727272727272727,2,2,1,1,1,0,1,0,0,0,0,0,0,gratuito
5,10000.0,98,0.7346938775510204,1,3,1,0,0,0,1,1,1,0,0,0,0,medio_baixo
1,10000.0,0,0.0,18,2,1,0,0,0,0,0,1,0,0,0,0,alto
13,3500000.0,14291,0.8995871527534812,6,3,1,1,1,6,1,1,0,0,0,1,0,medio_baixo
7,10000.0,38,0.9473684210526315,1,5,1,0,0,0,1,1,0,0,0,0,1,medio_baixo
2,0.0,0,0.0,0,0,1,0,0,0,0,0,0,0,0,0,0,gratuito
3,0.0,0,0.0,0,0,1,0,0,0,0,0,0,0,0,0,0,gratuito
4,10000.0,1,1.0,1,3,1,0,0,0,1,0,1,1,0,0,0,medio_alto
1,150000.0,3869,0.8751615404497286,5,4,1,0,0,0,1,1,0,0,1,1,0,alto
4,0.0,0,0.0,1,4,1,0,0,0,1,0,0,1,0,1,0,gratuito
2,0.0,0,0.0,3,2,1,1,1,1,1,0,0,0,0,0,0,gratuito
10,10000.0,27,0.8888888888888888,1,2,1,1,0,1,1,0,0,1,0,0,0,alto
4,0.0,0,0.0,1,6,1,0,0,0,1,0,0,1,0,1,1,gratuito
1,75000.0,7,1.0,1,3,1,0,1,0,1,1,0,1,0,0,0,medio_baixo
4,10000.0,11,0.18181818181818182,1,3,1,1,0,2,0,0,1,1,1,0,0,baixo
4,10000.0,58,0.6896551724137931,1,3,1,0,0,0,1,1,0,0,0,0,0,medio_alto
4,10000.0,0,0.0,6,1,1,1,1,0,0,0,0,0,1,0,0,medio_baixo
10,10000.0,283,0.823321554770318,3,1,1,0,0,1,0,0,1,0,0,0,0,medio_alto
2,0.0,0,0.0,103,5,1,0,0,0,1,0,1,1,1,1,0,medio_baixo
2,75000.0,3,0.3333333333333333,4,3,1,0,0,0,1,1,1,0,0,0,0,alto
6,10000.0,1,0.0,1,2,1,0,0,0,0,0,0,0,0,0,0,baixo
2,0.0,0,0.0,1,4,1,0,0,0,1,0,0,0,0,1,1,gratuito
1,10000.0,8,0.5,9,5,1,0,0,0,1,1,0,1,1,1,0,medio_baixo
8,10000.0,101,0.9405940594059405,1,2,1,1,0,0,1,0,0,1,0,0,0,alto
4,10000.0,2,0.5,1,2,1,0,0,0,1,0,0,0,0,1,0,baixo
8,10000.0,6,1.0,1,2,1,0,0,0,1,1,0,0,0,0,0,medio_baixo
9,150000.0,543,0.576427255985267,1,6,1,0,0,0,0,1,1,1,1,0,0,gratuito
2,0.0,0,0.0,0,0,1,0,0,0,0,0,0,0,0,0,0,gratuito
6,35000.0,26,0.8846153846153846,1,4,1,0,0,0,0,1,0,0,0,0,0,gratuito
4,10000.0,0,0.0,2,1,1,1,0,0,1,0,0,0,0,0,0,medio_alto
3,10000.0,53,0.9245283018867925,1,3,1,0,0,0,1,0,1,1,0,0,0,gratuito
4,10000.0,5,1.0,1,2,1,0,1,0,1,1,0,0,0,0,0,medio_alto
1,0.0,0,0.0,0,0,1,0,0,0,0,0,0,0,0,0,0,gratuito
1,10000.0,71,0.8450704225352113,3,1,1,0,0,0,0,0,1,0,0,0,0,alto
6,10000.0,913,0.9704271631982475,4,2,1,0,0,1,0,0,1,1,0,0,0,alto
11,35000.0,101,0.26732673267326734,2,4,1,1,1,0,1,1,1,0,0,0,0,baixo
6,10000.0,8,0.75,1,2,1,0,0,0,1,0,1,0,0,0,0,medio_alto
4,150000.0,3240,0.929320987654321,1,2,1,0,0,0,0,0,0,0,1,0,0,gratuito
2,75000.0,1093,0.9853613906678865,32,3,1,1,0,2,1,0,1,0,0,0,1,medio_alto
6,10000.0,2,0.0,2,2,1,0,0,0,1,1,0,0,0,0,0,medio_alto
4,35000.0,4,1.0,5,3,1,0,0,0,1,1,0,1,0,0,0,medio_baixo
3,10000.0,26,0.9230769230769231,5,4,1,0,0,5,1,1,0,1,0,0,1,medio_baixo
2,750000.0,8855,0.8766798418972332,10,2,1,1,0,2,1,0,0,0,0,1,0,alto
3,10000.0,0,0.0,2,2,1,0,0,0,1,0,0,1,0,0,0,medio_alto
1,10000.0,0,0.0,1,2,1,0,0,0,1,0,0,1,0,0,0,baixo
5,10000.0,3,0.6666666666666666,1,3,1,0,0,0,1,1,0,1,0,0,0,medio_baixo
1,0.0,0,0.0,2,4,1,0,0,0,1,0,1,1,0,0,1,medio_alto
2,10000.0,2,0.5,1,2,1,0,0,0,1,0,0,1,0,0,0,baixo
5,35000.0,19,0.42105263157894735,1,2,1,0,0,0,1,0,0,1,0,0,0,baixo
7,10000.0,39,0.8205128205128205,1,2,1,1,0,1,1,1,0,0,0,0,0,medio_alto
4,10000.0,0,0.0,1,1,1,0,0,0,1,0,0,0,0,0,0,baixo
8,10000.0,0,0.0,1,3,1,0,0,0,1,1,1,0,0,0,0,baixo
5,10000.0,28,0.5,1,1,1,0,0,1,0,0,0,1,0,0,0,baixo
1,10000.0,0,0.0,5,3,1,0,0,0,0,0,1,0,1,0,1,alto
1,10000.0,0,0.0,6,2,1,0,0,0,0,0,0,0,0,0,1,alto
1,35000.0,1,1.0,1,2,1,0,0,0,1,0,0,1,0,0,0,medio_alto
7,10000.0,17,0.8235294117647058,2,3,1,0,0,0,1,1,1,0,0,0,0,alto
6,10000.0,35,0.9142857142857143,1,4,1,1,1,1,1,1,1,0,0,0,0,gratuito
3,0.0,0,0.0,0,0,1,0,0,0,0,0,0,0,0,0,0,gratuito
7,10000.0,2,0.0,1,3,1,0,0,0,1,0,0,0,0,0,1,alto
7,10000.0,17,0.35294117647058826,4,5,1,0,0,0,1,0,0,1,0,1,1,alto
1,0.0,0,0.0,0,0,1,0,0,0,0,0,0,0,0,0,0,gratuito
1,0.0,0,0.0,1,2,1,0,0,0,1,1,0,0,0,0,0,medio_alto
5,0.0,0,0.0,1,4,1,0,0,0,1,1,0,1,0,1,0,gratuito
1,35000.0,24,0.9583333333333334,1,2,1,1,1,0,1,0,0,0,0,1,0,baixo
1,10000.0,0,0.0,3,2,1,0,0,0,0,0,0,1,0,0,1,medio_alto
1,10000.0,3,1.0,9,3,1,0,1,0,1,0,0,1,0,0,0,baixo
2,10000.0,247,0.7125506072874493,10,3,1,1,0,1,1,0,0,0,0,1,1,alto
2,10000.0,0,0.0,2,3,1,0,0,0,1,1,1,0,0,0,0,medio_alto
2,10000.0,5,1.0,1,2,1,0,0,1,1,0,1,0,0,0,0,medio_baixo
1,10000.0,0,0.0,2,2,1,0,0,0,1,1,0,0,0,0,0,alto
5,75000.0,96,0.7708333333333334,10,4,1,0,0,0,1,1,1,0,0,1,0,baixo
4,10000.0,17,0.7647058823529411,1,3,1,0,0,0,1,0,0,1,0,1,0,gratuito
8,10000.0,32,0.90625,1,1,1,0,0,0,0,0,0,0,0,0,1,gratuito
9,10000.0,0,0.0,1,1,1,0,0,0,0,0,0,0,0,0,0,gratuito
5,10000.0,21,0.5714285714285714,10,3,1,0,0,0,1,1,1,0,0,0,0,alto
2,35000.0,299,0.8996655518394648,13,2,1,1,0,0,0,0,0,1,0,0,0,medio_baixo
3,35000.0,48,0.8125,1,5,1,0,0,1,0,1,1,0,1,1,0,alto
1,10000.0,4,1.0,2,2,1,0,0,0,1,0,0,1,0,0,0,baixo
5,10000.0,227,0.9779735682819384,1,3,1,1,1,0,1,0,0,1,0,0,0,gratuito
3,10000.0,1,0.0,1,2,1,0,0,0,0,0,1,0,0,1,0,alto
1,10000.0,28,0.9285714285714286,1,4,1,0,0,1,1,0,1,1,0,0,1,alto
3,10000.0,15,1.0,1,3,1,0,0,0,1,1,0,1,0,0,0,medio_alto
3,0.0,0,0.0,9,3,1,0,0,0,1,0,0,1,0,0,0,gratuito
4,0.0,0,0.0,0,0,1,0,0,0,0,0,0,0,0,0,0,gratuito
2,10000.0,0,0.0,1,2,1,0,0,0,0,0,1,1,0,0,0,medio_alto
2,0.0,0,0.0,0,0,1,0,0,0,0,0,0,0,0,0,0,gratuito
1,0.0,0,0.0,1,4,1,0,0,1,1,0,1,0,1,0,0,gratuito
7,10000.0,9,0.8888888888888888,1,4,1,0,0,0,1,0,0,1,0,0,1,medio_alto
1,10000.0,0,0.0,28,3,1,0,0,0,1,0,0,1,0,1,0,baixo
9,10000.0,128,0.9765625,1,3,1,1,1,0,1,0,1,0,0,0,1,alto
7,10000.0,15,0.8666666666666667,1,4,1,0,0,0,1,1,0,0,0,1,0,alto
3,10000.0,3,0.3333333333333333,1,5,1,0,0,0,1,1,0,1,0,0,0,alto
1,0.0,0,0.0,1,2,1,0,0,0,0,0,1,1,0,0,0,medio_alto
3,10000.0,7,1.0,3,5,1,0,0,0,1,1,1,1,1,0,0,medio_baixo
1,10000.0,0,0.0,1,4,1,0,0,0,1,0,1,1,1,0,0,medio_alto
5,10000.0,5,0.8,1,4,1,1,0,0,1,0,1,1,1,0,0,alto
1,10000.0,0,0.0,3,2,1,0,0,0,1,0,0,0,1,0,0,medio_baixo
13,10000.0,89,0.8539325842696629,1,3,1,0,0,0,1,0,0,1,0,1,0,baixo
8,10000.0,0,0.0,2,2,1,0,0,0,1,1,0,0,0,0,0,medio_alto
1,10000.0,1,0.0,1,3,1,0,0,0,0,0,0,1,0,1,0,baixo
7,10000.0,63,0.36507936507936506,5,4,1,1,0,0,1,1,0,0,0,0,1,alto
6,35000.0,11,0.2727272727272727,1,2,1,0,0,0,1,0,0,0,0,1,0,baixo
2,0.0,0,0.0,0,0,1,0,0,0,0,0,0,0,0,0,0,gratuito
6,10000.0,11,0.45454545454545453,1,2,1,1,0,2,1,0,0,1,0,0,0,medio_baixo
9,150000.0,143,0.6293706293706294,4,3,1,0,0,0,0,0,1,1,0,0,0,gratuito
2,10000.0,171,0.9005847953216374,12,6,1,0,0,1,1,1,1,0,1,1,1,medio_baixo
4,35000.0,242,0.7644628099173554,1,2,1,0,0,0,1,1,0,0,0,0,0,medio_baixo
6,10000.0,18,0.7777777777777778,1,2,1,0,0,0,1,0,1,0,0,0,0,baixo
1,10000.0,4,1.0,1,3,1,0,0,0,1,0,1,1,0,0,0,baixo
2,10000.0,18,0.8888888888888888,1,3,1,1,0,1,1,1,1,0,0,0,0,alto
1,0.0,0,0.0,2,4,1,0,0,0,1,1,1,0,0,0,0,medio_alto
7,10000.0,142,0.795774647887324,1,1,1,0,0,0,0,0,0,0,0,0,1,baixo
8,10000.0,10,0.8,1,1,1,0,0,0,1,0,0,0,0,0,0,baixo
3,10000.0,1,1.0,1,5,1,0,0,0,1,1,0,1,0,1,0,alto
1,0.0,0,0.0,1,3,1,0,0,0,1,1,1,0,0,0,0,medio_alto
4,10000.0,0,0.0,1,2,1,0,0,0,0,0,0,1,0,1,0,medio_alto
8,750000.0,1145,0.8139737991266376,103,4,1,0,0,0,1,1,1,1,0,0,0,baixo
2,10000.0,13,0.7692307692307693,2,3,1,0,0,0,0,1,1,0,1,0,0,medio_alto
1,10000.0,118,0.8220338983050848,15,5,1,0,0,0,1,1,0,1,0,1,0,baixo
2,10000.0,43,0.5348837209302325,1,1,1,0,0,0,0,1,0,0,0,0,0,medio_baixo
3,75000.0,926,0.8898488120950324,6,1,1,0,0,0,0,0,0,0,0,0,1,medio_alto
2,35000.0,690,0.7565217391304347,9,2,1,0,0,0,0,1,1,0,0,0,0,alto
1,0.0,0,0.0,2,3,1,0,0,0,1,1,0,1,0,0,0,medio_alto
5,35000.0,44,0.9318181818181818,2,2,1,1,1,1,1,0,0,0,0,0,1,baixo
12,10000.0,88,0.6363636363636364,1,4,1,1,1,1,1,0,1,1,0,0,1,medio_alto
3,0.0,0,0.0,0,0,1,0,0,0,0,0,0,0,0,0,0,gratuito
6,10000.0,10,0.9,3,2,1,0,0,0,1,0,0,1,0,0,0,gratuito
7,10000.0,68,0.7352941176470589,3,6,1,1,0,1,1,1,1,1,1,0,1,medio_alto
1,10000.0,3,1.0,2,4,1,0,0,0,1,0,1,1,0,0,0,medio_baixo
7,10000.0,8,0.875,2,3,1,0,0,0,1,1,0,0,1,0,0,medio_alto
2,0.0,0,0.0,1,3,1,0,0,0,1,1,0,0,0,0,0,gratuito
1,0.0,0,0.0,6,4,1,0,0,0,1,1,0,0,0,1,0,medio_baixo
1,10000.0,0,0.0,24,4,1,0,0,0,1,0,0,1,1,1,0,baixo
7,10000.0,8,0.625,1,2,1,0,0,0,0,1,0,0,0,0,0,medio_baixo
1,10000.0,3,1.0,1,4,1,0,0,0,1,0,1,1,1,0,0,medio_alto
1,10000.0,0,0.0,15,3,1,0,1,0,1,0,0,1,0,1,0,alto
10,75000.0,180,0.46111111111111114,1,3,1,0,0,1,1,0,0,0,0,1,1,alto
4,35000.0,711,0.8340365682137834,11,1,1,0,0,0,0,1,0,0,0,0,0,alto
1,10000.0,0,0.0,1,2,1,0,0,0,0,1,0,0,0,0,0,alto
2,10000.0,70,0.9,1,3,1,0,0,0,1,1,1,0,0,0,0,medio_baixo
17,75000.0,346,0.8901734104046243,6,2,1,0,0,0,0,0,1,1,0,0,0,medio_alto
3,10000.0,1,1.0,3,3,1,0,0,0,1,1,0,1,0,0,0,baixo
4,10000.0,60,0.95,4,2,1,0,0,0,1,0,0,1,0,0,0,baixo
10,10000.0,328,0.9207317073170732,1,3,1,1,0,0,0,0,0,0,0,0,0,alto
12,350000.0,1608,0.7786069651741293,6,2,1,1,0,0,1,0,1,0,0,0,0,medio_baixo
1,10000.0,0,0.0,2,8,1,0,0,0,1,1,1,1,1,1,1,alto
3,10000.0,37,0.6216216216216216,2,4,1,1,1,3,1,1,1,0,0,0,0,gratuito
8,35000.0,74,0.8648648648648649,2,2,1,0,0,1,1,0,0,1,0,0,0,baixo
4,0.0,0,0.0,1,3,1,0,0,0,1,0,0,1,0,0,0,gratuito
8,75000.0,292,0.565068493150685,1,2,1,1,1,1,1,1,0,0,0,0,0,baixo
4,10000.0,0,0.0,1,1,1,0,0,0,0,1,0,0,0,0,0,medio_baixo
2,10000.0,0,0.0,2,3,1,0,0,0,1,1,0,0,0,0,0,gratuito
3,0.0,0,0.0,10,2,1,1,0,0,0,0,0,0,0,1,0,gratuito
3,0.0,0,0.0,1,6,1,0,0,0,1,0,1,1,0,0,0,gratuito
8,10000.0,8,1.0,2,7,1,0,0,0,1,1,0,1,1,1,0,medio_alto
2,0.0,0,0.0,1,2,1,0,0,0,0,0,0,0,0,0,0,gratuito
1,35000.0,215,0.786046511627907,3,4,1,0,0,0,1,0,0,1,0,1,1,alto
5,10000.0,6,0.8333333333333334,1,1,1,0,0,0,0,1,0,0,0,0,0,alto
5,0.0,0,0.0,13,2,1,1,1,0,0,0,0,0,0,1,0,gratuito
9,10000.0,71,0.9154929577464789,7,2,1,0,1,0,1,0,0,0,0,1,0,baixo
8,10000.0,17,0.5294117647058824,1,2,1,0,0,0,0,0,0,0,1,0,0,gratuito
4,35000.0,13,1.0,3,3,1,0,0,0,1,0,1,0,1,0,0,baixo
1,10000.0,0,0.0,14,2,1,1,0,0,1,0,0,1,0,0,0,medio_baixo
2,35000.0,1,1.0,1,4,1,0,0,0,1,1,1,0,1,0,0,alto
2,0.0,0,0.0,2,2,1,0,0,1,1,0,0,0,0,0,0,gratuito
1,10000.0,1,0.0,9,2,1,0,0,0,0,0,0,0,0,1,0,alto
1,10000.0,0,0.0,13,5,1,0,0,0,1,1,0,0,0,1,1,alto
5,1500000.0,22641,0.8195751071065766,2,4,1,0,0,5,1,0,1,0,1,1,0,medio_alto
4,35000.0,2809,0.911000355998576,11,3,1,1,0,2,1,0,1,0,0,0,1,medio_alto
2,10000.0,7,1.0,1,3,1,0,0,0,1,0,0,1,0,1,0,baixo
2,10000.0,19,0.9473684210526315,5,3,1,0,0,1,1,0,1,1,0,0,0,baixo
10,35000.0,88,0.6022727272727273,1,5,1,1,0,1,1,1,0,1,0,0,0,gratuito
5,10000.0,126,0.626984126984127,1,4,1,0,0,1,1,1,1,0,1,0,0,medio_baixo
2,35000.0,337,0.913946587537092,1,3,1,0,0,1,1,0,1,0,1,0,0,alto
2,10000.0,19,0.9473684210526315,10,3,1,0,0,0,1,1,1,0,0,0,0,medio_baixo
8,0.0,0,0.0,1,1,1,0,0,0,0,1,0,0,0,0,0,gratuito
1,0.0,0,0.0,1,1,1,0,0,0,0,0,0,1,0,0,0,medio_alto
7,10000.0,0,0.0,1,4,1,0,0,0,1,1,0,1,0,0,1,medio_alto
1,0.0,0,0.0,0,0,1,0,0,0,0,0,0,0,0,0,0,gratuito
6,10000.0,12,1.0,1,2,1,0,0,0,1,0,0,0,1,0,0,alto
5,10000.0,57,0.40350877192982454,8,1,1,0,0,0,0,0,0,0,0,0,0,alto
4,10000.0,7,1.0,2,3,1,0,0,1,1,1,0,1,0,0,0,medio_alto
2,10000.0,31,0.5806451612903226,1,4,1,0,0,0,1,0,0,1,0,1,0,medio_baixo
8,10000.0,2,0.5,1,1,1,0,0,0,1,0,0,0,0,0,0,medio_alto
3,75000.0,35,0.8,6,4,1,0,0,0,1,1,1,1,0,0,0,baixo
2,10000.0,5,0.8,1,2,1,0,0,0,1,1,0,0,0,0,0,baixo
1,0.0,0,0.0,1,1,1,0,0,0,1,0,0,0,0,0,0,medio_alto
4,10000.0,0,0.0,1,3,1,0,0,1,0,0,0,0,1,0,0,gratuito
1,0.0,0,0.0,0,0,1,0,0,0,0,0,0,0,0,0,0,gratuito
1,10000.0,4,1.0,3,2,1,0,0,0,1,0,0,1,0,0,0,medio_baixo
9,10000.0,35,0.5714285714285714,1,3,1,1,1,0,1,1,1,0,0,0,0,medio_alto
6,75000.0,676,0.7736686390532544,1,3,1,0,0,0,1,1,0,0,0,0,0,medio_alto
2,10000.0,33,0.8181818181818182,15,3,1,0,0,0,1,0,1,1,0,0,0,medio_baixo
3,10000.0,16,1.0,1,7,1,0,0,0,1,1,1,1,1,0,1,medio_baixo
3,75000.0,1573,0.82453909726637,2,9,1,0,0,1,1,1,1,1,1,1,1,baixo
2,10000.0,3,1.0,5,3,1,1,0,0,1,0,0,1,0,0,0,gratuito
7,350000.0,2384,0.9207214765100671,10,4,1,1,0,1,1,0,0,1,0,1,1,medio_alto
11,35000.0,10,0.4,1,3,1,0,0,0,1,1,0,0,0,1,0,medio_baixo
8,350000.0,2317,0.6309883470004316,10,4,1,1,1,1,1,1,1,0,1,0,0,medio_baixo
5,10000.0,13,0.6923076923076923,5,1,1,0,0,0,0,0,1,0,0,0,0,medio_baixo
4,10000.0,12,0.9166666666666666,1,4,1,1,0,0,1,1,0,1,0,0,0,medio_alto
2,0.0,0,0.0,0,0,1,0,0,0,0,0,0,0,0,0,0,gratuito
4,0.0,0,0.0,1,1,1,0,0,0,0,0,1,0,0,0,0,gratuito
11,10000.0,19,0.8421052631578947,1,3,1,1,1,0,1,1,0,1,0,0,0,medio_baixo
1,0.0,0,0.0,0,0,1,0,0,0,0,0,0,0,0,0,0,gratuito
2,10000.0,51,0.7450980392156863,4,1,1,0,0,0,0,0,0,0,1,0,0,medio_alto
3,10000.0,3,0.6666666666666666,4,3,1,1,1,0,1,1,1,0,0,0,0,baixo
5,10000.0,11,0.6363636363636364,1,3,1,0,0,0,1,0,1,1,0,0,0,medio_baixo
2,10000.0,1,0.0,7,1,1,0,0,0,0,0,0,0,0,1,0,alto
2,10000.0,8,0.875,1,4,1,0,1,0,1,1,1,0,0,0,0,medio_alto
11,10000.0,93,0.8709677419354839,6,4,1,0,0,0,0,0,1,1,0,1,1,medio_baixo
1,10000.0,0,0.0,16,3,1,1,1,0,1,0,0,1,0,1,0,medio_baixo
1,10000.0,0,0.0,1,4,1,0,0,0,1,0,0,1,0,0,0,medio_baixo
5,10000.0,73,0.726027397260274,2,2,1,0,0,0,1,1,0,0,0,0,0,medio_alto
6,10000.0,42,0.8571428571428571,1,4,1,1,1,3,1,1,0,1,0,0,0,gratuito
4,150000.0,1896,0.7220464135021097,21,4,1,0,0,0,1,1,1,0,0,0,0,medio_baixo
5,10000.0,0,0.0,1,3,1,0,1,2,1,0,1,0,0,0,0,gratuito
4,10000.0,1,0.0,1,2,1,0,0,0,0,0,0,1,0,0,0,medio_alto
6,10000.0,33,0.7575757575757576,13,3,1,1,1,0,1,0,1,1,0,0,0,baixo
3,0.0,0,0.0,1,1,1,0,0,0,0,0,0,0,0,0,1,gratuito
5,10000.0,13,0.6153846153846154,1,3,1,0,0,0,1,1,1,0,0,0,0,baixo
1,10000.0,0,0.0,2,2,1,0,0,0,1,0,1,0,0,0,0,baixo
4,10000.0,4,0.5,1,2,1,1,0,0,1,1,0,0,0,0,0,baixo
2,0.0,0,0.0,1,3,1,0,0,0,0,1,0,0,0,0,0,gratuito
10,35000.0,114,0.8596491228070176,6,5,1,0,0,2,1,1,1,1,0,0,0,alto
1,10000.0,4,1.0,1,3,1,0,0,0,1,1,1,0,0,0,0,medio_alto
7,10000.0,45,0.9333333333333333,3,3,1,0,0,0,1,0,1,1,0,0,0,medio_baixo
4,10000.0,0,0.0,5,2,1,0,0,0,1,0,0,1,0,0,0,medio_baixo
11,750000.0,14572,0.9241010156464452,12,2,1,1,0,11,0,0,0,0,0,0,1,medio_baixo
4,10000.0,27,0.5925925925925926,1,1,1,0,0,0,0,0,0,0,0,0,0,baixo
2,10000.0,10,1.0,2,3,1,0,0,1,1,1,1,0,0,0,0,medio_alto
1,10000.0,0,0.0,11,2,1,0,0,1,1,0,1,0,0,0,0,alto
2,10000.0,5,1.0,1,2,1,0,0,0,1,1,0,0,0,0,0,medio_alto
10,35000.0,1,0.0,1,4,1,0,0,0,0,0,1,0,1,1,0,medio_alto
11,150000.0,1180,0.9059322033898305,1,2,1,1,1,0,1,0,0,1,0,0,0,baixo
8,10000.0,98,0.5408163265306123,1,4,1,0,0,0,0,1,0,1,0,1,1,baixo
1,350000.0,460,0.9456521739130435,3,1,1,0,0,0,0,0,0,0,1,0,0,medio_alto
2,10000.0,213,0.7652582159624414,8,2,1,0,0,0,0,0,0,0,1,1,0,alto
3,0.0,0,0.0,1,1,1,1,1,1,0,0,0,1,0,0,0,gratuito
3,10000.0,14,0.2857142857142857,1,6,1,0,0,0,1,1,1,0,1,1,0,baixo
4,10000.0,27,0.8518518518518519,1,2,1,0,0,0,1,0,1,0,0,0,0,baixo
2,10000.0,4,1.0,1,4,1,0,0,0,1,1,1,0,0,0,0,alto
2,10000.0,12,0.8333333333333334,5,4,1,0,0,0,1,1,0,1,1,0,0,medio_baixo
1,0.0,0,0.0,68,2,1,1,1,0,1,0,0,0,0,0,1,medio_alto
6,10000.0,9,0.5555555555555556,1,3,1,0,0,0,1,1,0,0,0,1,0,medio_alto
7,35000.0,16,0.75,5,2,1,1,0,1,1,1,0,0,0,0,0,baixo
3,10000.0,38,0.6052631578947368,1,4,1,0,0,0,1,1,1,0,0,0,1,baixo
3,10000.0,4,0.75,1,7,1,0,0,0,1,1,1,1,0,1,0,gratuito
1,10000.0,0,0.0,1,3,1,0,0,0,1,0,0,0,0,0,1,baixo
2,10000.0,2,0.0,10,1,1,0,0,0,0,0,0,1,0,0,0,medio_alto
2,10000.0,120,0.6916666666666667,16,4,1,1,0,0,1,0,0,1,0,0,1,alto
2,10000.0,2,1.0,1,3,1,0,0,0,1,1,0,0,0,0,0,medio_baixo
1,35000.0,1,1.0,1,6,1,1,0,0,1,1,0,1,1,1,0,gratuito
1,0.0,0,0.0,1,3,1,1,1,0,1,1,0,1,0,0,0,medio_alto
11,10000.0,39,0.6923076923076923,5,2,1,1,1,1,1,0,0,0,0,1,0,alto
3,10000.0,0,0.0,1,4,1,0,0,0,1,0,1,1,0,0,0,baixo
1,0.0,0,0.0,1,2,1,1,0,0,1,0,0,1,0,0,0,medio_baixo
7,75000.0,292,0.9383561643835616,7,2,1,1,0,0,1,0,0,0,0,1,0,medio_alto
5,35000.0,8,0.875,1,3,1,0,0,0,1,0,0,1,0,0,1,baixo
1,10000.0,17,1.0,1,3,1,0,0,0,1,0,0,0,1,1,0,medio_baixo
5,10000.0,2,0.0,1,3,1,1,0,0,1,0,0,1,0,1,0,medio_baixo
1,10000.0,0,0.0,1,3,1,0,0,0,1,1,1,0,0,0,0,baixo
2,35000.0,42,0.9523809523809523,4,3,1,1,0,0,1,0,0,0,1,1,0,baixo
2,10000.0,1,1.0,1,2,1,1,0,0,1,1,0,0,0,0,0,medio_alto
4,10000.0,0,0.0,1,3,1,0,0,0,1,1,1,0,0,0,0,alto
2,35000.0,1,0.0,1,4,1,1,0,0,0,1,1,0,1,0,0,alto
2,10000.0,43,1.0,8,2,1,0,0,0,1,0,0,1,0,0,0,baixo
2,10000.0,14,1.0,4,2,1,0,0,0,1,1,0,0,0,0,0,medio_alto
2,3500000.0,72120,0.8627842484747643,19,3,1,0,0,0,0,0,0,0,0,1,1,alto
1,0.0,0,0.0,2,4,1,0,0,0,1,0,1,0,0,1,0,gratuito
8,10000.0,41,0.9512195121951219,1,4,1,1,1,0,1,0,1,1,0,0,1,medio_alto
2,35000.0,23,0.8695652173913043,1,1,1,0,0,0,0,1,0,0,0,0,0,medio_baixo
8,750000.0,13137,0.8117530638654182,12,1,1,0,0,7,0,0,0,0,0,0,1,medio_alto
4,10000.0,5,0.8,1,5,1,0,0,0,1,1,1,0,1,1,0,alto
7,35000.0,67,0.5671641791044776,1,6,1,0,0,0,1,1,1,0,0,0,0,gratuito
1,10000.0,0,0.0,1,4,1,0,0,1,1,0,0,1,0,1,1,medio_baixo
5,10000.0,0,0.0,1,2,1,0,0,0,1,1,0,0,0,0,0,alto
6,10000.0,0,0.0,1,7,1,0,0,0,1,1,1,1,0,1,1,baixo
5,0.0,0,0.0,0,0,1,0,0,0,0,0,0,0,0,0,0,gratuito
5,35000.0,2,0.0,1,6,1,0,0,1,1,0,1,1,1,0,1,medio_alto
3,10000.0,26,0.38461538461538464,8,1,1,0,0,0,0,1,0,0,0,0,0,medio_alto
9,10000.0,41,0.8048780487804879,4,2,1,0,0,0,1,0,0,0,0,0,1,medio_alto
2,10000.0,18,1.0,1,3,1,1,0,0,1,0,1,0,1,0,0,baixo
2,10000.0,47,0.9361702127659575,8,3,1,1,1,1,1,1,1,0,0,0,0,alto
5,10000.0,66,0.9848484848484849,31,3,1,1,1,0,1,0,1,0,0,1,0,gratuito
1,10000.0,0,0.0,6,3,1,0,0,0,1,0,0,1,0,1,0,medio_alto
8,10000.0,10,0.7,1,2,1,0,1,1,1,0,0,0,0,0,1,medio_alto
3,10000.0,1,1.0,12,2,1,0,0,0,1,1,0,0,0,0,0,medio_baixo
4,0.0,0,0.0,0,0,1,0,0,0,0,0,0,0,0,0,0,gratuito
7,10000.0,5,0.8,1,3,1,0,0,0,1,1,0,0,1,0,0,baixo
1,10000.0,1,1.0,1,3,1,0,1,0,1,0,0,1,0,1,0,medio_baixo
1,350000.0,3827,0.8241442383067678,17,3,1,0,0,3,1,0,0,1,0,0,1,medio_alto
2,10000.0,501,0.8582834331337326,10,4,1,0,0,0,1,1,1,1,0,0,0,medio_baixo
16,35000.0,211,0.6018957345971564,5,1,1,0,0,0,0,0,1,0,0,0,0,baixo
4,10000.0,0,0.0,14,2,1,0,0,0,0,0,0,1,1,0,0,medio_alto
1,10000.0,0,0.0,1,3,1,0,0,0,0,1,1,0,1,0,0,medio_baixo
8,10000.0,12,0.5833333333333334,1,3,1,0,0,3,1,1,1,0,0,0,0,baixo
2,10000.0,8,0.5,11,3,1,0,0,0,1,0,0,1,0,0,1,baixo
1,0.0,0,0.0,0,0,1,0,0,0,0,0,0,0,0,0,0,gratuito
1,10000.0,0,0.0,1,3,1,0,0,0,1,1,1,0,0,0,0,medio_baixo
3,10000.0,3,0.6666666666666666,1,2,1,0,0,0,1,1,0,0,0,0,0,baixo
11,10000.0,13,0.23076923076923078,1,3,1,0,0,0,1,0,1,1,0,0,0,baixo
2,1500000.0,14036,0.7309774864633799,8,3,1,0,0,3,0,1,0,0,0,1,0,gratuito
5,10000.0,22,0.22727272727272727,28,5,1,1,1,0,1,1,0,1,0,0,1,alto
2,10000.0,0,0.0,3,3,1,0,1,0,0,1,1,0,0,0,1,medio_baixo
7,10000.0,4,0.25,1,1,1,0,0,0,0,0,0,0,0,0,0,baixo
3,10000.0,9,0.6666666666666666,2,2,1,0,0,0,1,0,0,0,0,0,1,medio_baixo
2,10000.0,1,1.0,3,2,1,0,0,0,1,0,0,1,0,0,0,baixo
6,10000.0,68,0.8382352941176471,1,5,1,0,0,0,1,1,0,1,0,1,1,baixo
6,10000.0,1,1.0,1,1,1,1,1,0,1,0,0,0,0,0,0,baixo
8,10000.0,38,0.39473684210526316,1,2,1,0,0,1,1,1,0,0,0,0,0,baixo
1,10000.0,0,0.0,1,3,1,0,0,0,1,0,1,1,0,0,0,medio_alto
3,0.0,0,0.0,103,3,1,1,1,0,1,0,0,1,0,1,0,baixo
3,10000.0,75,0.9466666666666667,2,3,1,0,0,0,0,0,1,1,1,0,0,alto
1,10000.0,0,0.0,10,3,1,0,0,0,1,0,1,0,1,0,0,medio_baixo
6,10000.0,17,0.8823529411764706,10,3,1,0,0,0,1,1,0,1,0,0,0,medio_baixo
3,10000.0,2,1.0,3,3,1,0,0,0,1,1,0,0,0,1,0,alto
1,10000.0,0,0.0,1,4,1,0,0,0,1,0,0,1,0,0,1,gratuito
3,0.0,0,0.0,1,1,1,0,0,0,0,1,0,0,0,0,0,gratuito
9,75000.0,217,0.6589861751152074,16,2,1,0,0,0,0,1,1,0,0,0,0,baixo
6,10000.0,0,0.0,1,2,1,0,0,0,1,1,0,0,0,0,0,medio_alto
10,75000.0,162,0.7592592592592593,1,4,1,0,0,0,1,0,0,1,0,1,0,gratuito
7,10000.0,19,0.3157894736842105,2,1,1,0,0,0,0,0,0,0,0,0,0,medio_baixo
3,0.0,0,0.0,9,2,1,0,0,0,0,1,0,0,0,0,0,gratuito
5,10000.0,7,0.8571428571428571,1,5,1,0,0,0,1,1,1,1,0,0,1,medio_alto
8,10000.0,5,0.4,2,2,1,1,0,0,0,0,1,0,1,0,0,baixo
1,10000.0,16,0.8125,6,3,1,0,0,0,1,1,1,0,0,0,0,medio_baixo
12,75000.0,177,0.5988700564971752,4,2,1,1,0,0,0,1,0,0,0,0,1,medio_baixo
6,10000.0,4,0.5,2,3,1,0,0,0,1,0,1,1,0,0,0,medio_baixo
4,10000.0,3,0.3333333333333333,2,2,1,0,0,0,0,0,1,0,0,0,1,baixo
2,0.0,0,0.0,2,5,1,0,0,0,1,0,1,1,0,0,1,gratuito
3,10000.0,0,0.0,1,1,1,0,0,0,0,0,0,0,1,0,0,medio_alto
1,0.0,0,0.0,0,0,1,0,0,0,0,0,0,0,0,0,0,gratuito
6,10000.0,49,0.7551020408163265,1,3,1,0,0,0,1,1,0,0,0,0,0,medio_alto
4,10000.0,0,0.0,8,4,1,1,0,1,1,0,1,1,0,0,1,alto
12,150000.0,799,0.7509386733416771,5,3,1,1,0,0,1,0,1,0,1,0,0,baixo
12,350000.0,526,0.25665399239543724,2,4,1,1,1,0,1,1,0,0,0,0,0,gratuito
1,10000.0,0,0.0,8,2,1,0,0,0,1,0,0,0,0,1,0,medio_alto
1,0.0,0,0.0,0,0,1,0,0,0,0,0,0,0,0,0,0,gratuito
6,10000.0,11,0.9090909090909091,1,2,1,0,0,0,0,0,1,1,0,0,0,medio_alto
5,10000.0,3,1.0,1,3,1,0,0,0,1,0,1,1,0,0,0,medio_baixo
1,0.0,0,0.0,0,0,1,0,0,0,0,0,0,0,0,0,0,gratuito
6,150000.0,1132,0.9134275618374559,4,3,1,0,0,3,1,0,0,1,0,0,1,alto
1,10000.0,0,0.0,10,5,1,0,0,0,1,1,1,0,1,0,0,alto
2,10000.0,18,1.0,10,2,1,0,0,0,0,1,1,0,0,0,0,medio_baixo
3,10000.0,0,0.0,1,2,1,0,0,0,1,0,1,0,0,0,0,baixo
10,750000.0,2962,0.673869007427414,3,7,1,1,0,1,1,0,1,1,1,1,1,gratuito
1,10000.0,0,0.0,5,4,1,0,0,1,0,0,1,1,1,0,1,alto
4,10000.0,2,1.0,1,3,1,0,0,0,1,0,1,1,0,0,0,baixo
2,10000.0,27,0.9629629629629629,11,4,1,0,0,0,1,1,1,0,0,1,0,medio_baixo
4,7500000.0,250334,0.9846005736336255,13,4,1,1,0,8,1,1,0,1,1,0,0,medio_alto
7,10000.0,5,1.0,1,2,1,0,0,1,1,1,0,0,0,0,0,baixo
3,10000.0,16,0.875,3,1,1,0,0,0,1,0,0,0,0,0,0,baixo
6,10000.0,7,1.0,3,3,1,0,0,0,1,0,1,1,0,0,0,baixo
1,10000.0,0,0.0,1,3,1,0,0,0,1,1,1,0,0,0,0,baixo
2,0.0,0,0.0,1,5,1,1,0,0,1,1,1,1,0,0,0,gratuito
1,10000.0,0,0.0,12,1,1,0,0,0,0,0,1,0,0,0,0,medio_alto
9,35000.0,57,0.12280701754385964,2,3,1,1,0,0,1,1,1,0,0,0,0,medio_alto
6,35000.0,2,0.5,1,6,1,0,0,4,1,0,1,1,1,1,1,baixo
8,10000.0,28,0.5357142857142857,2,1,1,0,0,0,0,1,0,0,0,0,0,medio_alto
2,10000.0,280,0.9285714285714286,13,3,1,1,0,1,1,0,1,0,1,0,0,alto
8,35000.0,106,0.7358490566037735,1,4,1,0,0,2,1,0,1,1,1,0,0,baixo
4,0.0,0,0.0,0,0,1,0,0,0,0,0,0,0,0,0,0,gratuito
1,0.0,0,0.0,0,0,1,0,0,0,0,0,0,0,0,0,0,gratuito
9,10000.0,6,0.6666666666666666,1,4,1,1,0,0,1,0,1,0,1,1,0,medio_alto
6,10000.0,12,0.6666666666666666,1,2,1,0,0,0,0,0,0,0,0,0,0,gratuito
8,10000.0,10,0.3,1,3,1,1,1,0,1,0,1,0,1,0,0,medio_alto
3,35000.0,17,0.4117647058823529,1,3,1,0,0,0,1,0,0,0,0,1,1,baixo
5,10000.0,0,0.0,1,2,1,1,1,1,1,0,0,1,0,0,0,baixo
2,10000.0,1,1.0,2,1,1,1,1,0,1,0,0,0,0,0,0,alto
2,35000.0,23,0.9130434782608695,2,3,1,0,0,2,0,1,1,0,1,0,0,baixo
6,15000000.0,170727,0.873113215835808,18,4,1,0,0,110,0,0,1,1,0,0,1,gratuito
3,10000.0,36,1.0,3,2,1,1,1,2,1,0,1,0,0,0,0,alto
1,10000.0,0,0.0,1,4,1,1,0,1,1,0,0,1,0,0,1,gratuito
3,0.0,0,0.0,11,2,1,0,0,0,0,1,0,1,0,0,0,gratuito
7,10000.0,7,0.5714285714285714,28,2,1,1,0,0,1,1,0,0,0,0,0,medio_baixo
9,10000.0,4,0.75,1,6,1,0,0,0,1,1,1,1,0,0,0,alto
6,10000.0,16,0.9375,1,1,1,0,0,0,0,0,1,0,0,0,0,alto
3,10000.0,8,0.625,1,3,1,0,0,0,1,0,0,0,0,1,1,baixo
3,0.0,0,0.0,0,0,1,0,0,0,0,0,0,0,0,0,0,gratuito
1,10000.0,14,0.9285714285714286,4,5,1,0,0,0,1,1,1,1,0,1,0,medio_baixo
1,0.0,0,0.0,0,0,1,0,0,0,0,0,0,0,0,0,0,gratuito
1,0.0,0,0.0,2,5,1,0,0,1,1,0,0,0,1,1,1,gratuito
1,10000.0,2,0.5,1,2,1,0,0,0,0,0,0,0,0,1,1,baixo
4,0.0,0,0.0,1,1,1,1,1,0,1,0,0,0,0,0,0,gratuito
6,10000.0,6,0.6666666666666666,1,4,1,1,1,0,1,1,0,0,0,1,0,alto
1,0.0,0,0.0,0,0,1,0,0,0,0,0,0,0,0,0,0,gratuito
3,10000.0,4,1.0,7,3,1,0,0,0,1,1,1,0,0,0,0,medio_baixo
6,10000.0,32,0.65625,1,3,1,0,0,0,1,1,1,0,0,0,0,alto
1,10000.0,0,0.0,27,2,1,1,1,0,1,0,0,0,0,0,1,baixo
1,0.0,0,0.0,1,3,1,0,0,1,1,0,0,1,0,0,0,gratuito
2,10000.0,0,0.0,1,2,1,1,0,0,0,0,1,0,1,0,0,alto
4,10000.0,58,0.8103448275862069,2,1,1,0,0,2,0,0,0,0,1,0,0,alto
2,10000.0,11,1.0,1,2,1,0,0,0,0,1,0,0,0,0,0,gratuito
8,10000.0,4,0.75,1,4,1,0,0,0,1,1,0,0,0,0,0,medio_alto
6,10000.0,8,1.0,2,2,1,0,0,0,1,1,0,0,0,0,0,baixo
1,0.0,0,0.0,13,5,1,0,0,1,1,0,0,1,1,0,1,gratuito
6,10000.0,26,0.6923076923076923,1,5,1,0,0,0,1,0,0,1,0,0,1,medio_alto
6,10000.0,178,0.6741573033707865,3,2,1,1,0,0,1,0,1,0,0,0,0,baixo
10,350000.0,359,0.584958217270195,1,3,1,0,0,0,1,0,0,1,0,1,0,baixo
4,35000.0,7,0.8571428571428571,103,3,1,0,1,0,1,0,0,1,0,0,0,baixo
12,35000.0,37,0.5675675675675675,2,2,1,0,0,0,1,1,0,0,0,0,0,baixo
9,75000.0,236,0.864406779661017,4,3,1,1,1,0,0,1,0,0,0,0,0,alto
1,10000.0,0,0.0,1,2,1,0,0,1,0,0,0,0,0,0,0,medio_baixo
2,10000.0,78,0.6923076923076923,3,2,1,0,0,0,1,0,0,0,1,0,0,alto
1,10000.0,0,0.0,11,4,1,0,0,0,1,0,0,1,0,1,0,alto
8,10000.0,38,0.5526315789473685,1,5,1,0,0,0,1,1,1,0,0,0,0,baixo
1,0.0,0,0.0,1,3,1,0,0,0,0,1,1,0,0,0,0,gratuito
2,0.0,0,0.0,0,0,1,0,0,0,0,0,0,0,0,0,0,gratuito
3,10000.0,69,0.8405797101449275,1,2,1,0,0,0,1,1,0,0,0,0,0,medio_baixo
2,10000.0,0,0.0,1,3,1,0,0,2,1,0,0,1,0,0,1,gratuito
2,10000.0,5,1.0,3,1,1,0,0,1,0,1,0,0,0,0,0,medio_alto
6,10000.0,14,0.5,1,2,1,0,0,0,1,1,0,0,0,0,0,medio_alto
1,10000.0,0,0.0,1,2,1,0,0,0,1,1,0,0,0,0,0,medio_alto
8,10000.0,2,1.0,1,2,1,0,0,0,0,0,0,0,0,1,1,alto
1,150000.0,3907,0.8863578192986946,13,1,1,0,0,1,0,0,1,0,0,0,0,alto
3,10000.0,5,0.8,2,3,1,0,0,0,1,1,0,1,0,0,0,baixo
1,10000.0,1,1.0,1,1,1,1,0,0,0,1,0,0,0,0,0,medio_baixo
5,10000.0,14,0.9285714285714286,1,1,1,0,0,0,0,0,0,1,0,0,0,baixo
4,35000.0,16,0.8125,7,2,1,0,0,0,0,0,1,1,0,0,0,medio_alto
1,10000.0,7,1.0,1,4,1,0,0,0,1,1,0,1,0,0,0,medio_baixo
3,10000.0,25,0.68,1,3,1,0,0,0,1,0,1,1,0,0,0,alto
1,10000.0,0,0.0,1,2,1,0,0,0,1,0,0,1,0,0,0,baixo
5,10000.0,268,0.835820895522388,5,3,1,0,0,0,1,0,0,1,1,0,0,baixo
4,35000.0,7,1.0,2,2,1,1,1,0,1,0,0,1,0,0,0,medio_baixo
6,350000.0,7022,0.9693819424665338,2,4,1,1,0,0,1,0,1,1,0,0,0,gratuito
8,10000.0,6,1.0,1,3,1,0,0,0,1,0,0,1,0,1,0,medio_baixo
6,10000.0,4,0.75,1,4,1,0,0,0,1,1,0,1,0,0,0,alto
4,10000.0,1,0.0,1,3,1,0,0,0,1,1,1,0,0,0,0,baixo
5,75000.0,748,0.8141711229946524,1,6,1,0,0,0,1,1,1,0,0,1,0,gratuito
4,10000.0,5,1.0,2,2,1,0,0,0,0,0,0,0,0,0,0,medio_baixo
1,10000.0,0,0.0,3,3,1,0,0,0,1,0,0,1,0,0,1,medio_baixo
2,10000.0,13,1.0,9,3,1,1,1,0,1,0,0,1,0,1,0,medio_alto
5,10000.0,31,0.9354838709677419,1,1,1,1,0,0,0,0,0,1,0,0,0,baixo
3,35000.0,22,0.6818181818181818,1,3,1,0,0,0,1,1,0,0,1,0,0,baixo
2,10000.0,252,0.8611111111111112,8,1,1,0,0,0,1,0,0,0,0,0,0,medio_alto
2,75000.0,464,0.8512931034482759,11,4,1,0,0,0,1,0,0,0,0,1,1,alto
1,10000.0,0,0.0,12,3,1,0,0,0,1,0,1,0,0,0,1,medio_alto
11,150000.0,133,0.45112781954887216,1,2,1,0,0,0,0,0,0,0,1,0,1,alto
6,10000.0,1,1.0,1,1,1,0,0,0,0,0,0,0,0,0,0,medio_alto
1,10000.0,0,0.0,2,2,1,0,0,0,1,0,1,0,0,0,0,alto
3,10000.0,4,1.0,1,3,1,0,0,0,0,1,0,1,0,0,0,medio_alto
2,10000.0,21,1.0,6,3,1,1,0,1,1,1,0,0,0,1,0,medio_alto
1,0.0,0,0.0,0,0,1,0,0,0,0,0,0,0,0,0,0,gratuito
3,10000.0,10,1.0,1,8,1,1,0,0,1,1,1,1,1,1,1,alto
1,0.0,0,0.0,1,3,1,0,0,0,0,0,1,1,0,0,0,gratuito
2,10000.0,2,1.0,1,2,1,0,0,0,0,1,0,0,0,0,0,medio_alto
7,10000.0,62,0.9193548387096774,1,4,1,0,0,0,1,0,0,1,0,0,1,gratuito
4,35000.0,121,0.859504132231405,15,3,1,0,0,1,1,0,0,1,0,0,0,medio_alto
7,75000.0,3,1.0,1,4,1,0,0,0,1,0,0,1,1,1,0,baixo
4,150000.0,8,0.5,1,5,1,0,0,0,1,1,0,0,0,1,1,alto
2,750000.0,614,0.9104234527687296,2,3,1,1,0,0,1,0,0,0,0,1,1,alto
18,10000.0,32,0.4375,5,0,1,0,0,0,0,0,0,0,0,0,0,medio_baixo
6,150000.0,1054,0.9440227703984819,10,4,1,1,0,0,1,0,0,1,0,0,1,alto
5,10000.0,87,0.8850574712643678,1,2,1,1,0,0,0,0,0,1,0,1,0,gratuito
2,10000.0,10,0.7,10,3,1,0,0,0,1,0,0,0,0,1,1,medio_alto
2,10000.0,142,0.9859154929577465,2,1,1,0,0,0,0,0,1,0,0,0,0,alto
3,10000.0,36,0.7777777777777778,14,2,1,0,0,0,0,0,1,0,0,1,0,medio_baixo
11,10000.0,21,0.38095238095238093,1,5,1,0,0,0,1,1,1,1,0,1,0,baixo
7,10000.0,9,0.6666666666666666,2,3,1,0,0,0,0,1,0,0,0,0,1,baixo
2,0.0,0,0.0,0,0,1,0,0,0,0,0,0,0,0,0,0,gratuito
19,35000.0,162,0.3148148148148148,1,1,1,0,0,0,0,0,0,0,0,1,0,baixo
1,10000.0,0,0.0,1,3,1,0,0,0,0,0,0,0,0,1,1,alto
3,10000.0,74,0.5675675675675675,1,5,1,0,0,0,1,1,1,0,1,0,1,medio_alto
1,10000.0,0,0.0,1,2,1,0,0,0,1,0,0,1,0,0,0,medio_baixo
1,10000.0,0,0.0,11,4,1,0,0,0,1,0,1,1,0,0,0,baixo
2,10000.0,2,0.5,2,1,1,0,0,0,0,1,0,0,0,0,0,alto
7,75000.0,699,0.8426323319027181,7,3,1,0,0,10,0,0,0,0,0,0,1,medio_baixo
1,10000.0,0,0.0,1,2,1,0,0,0,1,0,0,1,0,0,0,medio_baixo
8,10000.0,15,0.8666666666666667,1,4,1,0,0,0,1,1,0,1,0,0,0,medio_baixo
7,75000.0,153,0.6666666666666666,5,1,1,0,0,0,0,1,0,0,0,0,0,medio_alto
7,10000.0,11,0.7272727272727273,3,4,1,0,0,0,1,0,1,1,0,1,0,medio_alto
8,35000.0,63,0.49206349206349204,1,4,1,0,0,2,1,0,0,1,0,1,1,baixo
1,0.0,0,0.0,0,0,1,0,0,0,0,0,0,0,0,0,0,gratuito
6,10000.0,1,0.0,1,1,1,0,1,0,1,0,0,0,0,0,0,medio_baixo
2,0.0,0,0.0,0,0,1,0,0,0,0,0,0,0,0,0,0,gratuito
3,35000.0,2,1.0,1,1,1,0,0,0,0,1,0,0,0,0,0,medio_baixo
2,0.0,0,0.0,103,1,1,0,0,0,0,0,0,1,0,0,0,baixo
3,10000.0,1,0.0,103,7,1,0,0,0,1,1,1,1,0,0,1,medio_alto
5,0.0,0,0.0,0,0,1,0,0,0,0,0,0,0,0,0,0,gratuito
4,0.0,0,0.0,0,0,1,0,0,0,0,0,0,0,0,0,0,gratuito
2,0.0,0,0.0,1,4,1,0,0,0,1,1,1,0,0,0,1,gratuito
1,0.0,0,0.0,0,0,1,0,0,0,0,0,0,0,0,0,0,gratuito
3,10000.0,5,1.0,1,3,1,0,0,0,1,1,0,1,0,0,0,alto
3,10000.0,1,1.0,1,4,1,0,0,0,1,1,1,1,0,0,0,baixo
2,0.0,0,0.0,2,1,1,0,0,0,0,0,0,0,0,0,0,gratuito
1,10000.0,1,1.0,1,4,1,1,1,0,1,1,0,1,0,1,0,baixo
1,10000.0,0,0.0,15,3,1,1,0,0,0,1,0,1,0,1,0,medio_baixo
3,35000.0,34,0.9705882352941176,1,2,1,1,0,0,1,0,1,0,0,0,0,baixo
4,10000.0,56,0.8571428571428571,2,2,1,1,1,0,1,0,1,0,0,0,0,medio_baixo
1,0.0,0,0.0,4,2,1,0,0,0,0,0,1,0,1,0,0,medio_alto
8,10000.0,11,0.8181818181818182,1,4,1,0,0,0,1,1,0,1,0,1,0,medio_alto
10,10000.0,627,0.784688995215311,1,7,1,0,0,1,1,1,1,1,0,0,1,alto
7,10000.0,11,0.6363636363636364,1,3,1,0,0,0,0,1,1,0,1,0,0,gratuito
3,0.0,0,0.0,0,0,1,0,0,0,0,0,0,0,0,0,0,gratuito
3,75000.0,11,0.5454545454545454,1,5,1,0,0,0,1,0,1,1,1,1,0,medio_baixo
5,10000.0,36,0.8611111111111112,3,2,1,1,0,0,1,0,1,0,0,0,0,alto
5,10000.0,3,1.0,1,3,1,0,0,1,1,1,0,1,0,0,0,medio_alto
3,10000.0,3857,0.844438682914182,8,3,1,1,1,10,1,0,1,0,1,0,0,alto
1,10000.0,0,0.0,1,1,1,0,0,0,0,0,0,0,1,0,0,medio_alto
2,10000.0,9,0.7777777777777778,2,1,1,0,0,0,0,0,0,1,0,0,0,medio_baixo
4,10000.0,36,0.7777777777777778,2,3,1,0,0,0,1,0,0,0,0,1,1,gratuito
5,10000.0,17,0.7058823529411765,0,2,1,0,0,0,1,0,0,1,0,0,0,alto
6,35000.0,13,0.23076923076923078,2,4,1,0,0,0,1,0,1,1,0,0,1,baixo
2,35000.0,64,0.953125,1,2,1,0,0,0,1,0,1,0,0,0,0,medio_alto
7,35000.0,199,0.8391959798994975,9,2,1,1,1,0,0,0,1,1,0,0,0,medio_alto
7,1500000.0,15064,0.7041290493892725,5,1,1,0,0,0,0,0,0,0,1,0,0,gratuito
6,10000.0,2,1.0,10,3,1,1,0,0,1,0,0,1,0,1,0,alto
3,10000.0,96,0.8229166666666666,15,2,1,0,0,2,0,1,1,0,0,0,0,medio_alto
1,10000.0,0,0.0,1,4,1,0,0,0,1,1,1,0,0,1,0,medio_alto
6,10000.0,5,0.6,2,5,1,0,0,0,1,1,0,1,0,0,1,baixo
6,10000.0,41,0.6585365853658537,2,1,1,0,0,0,0,0,0,1,0,0,0,baixo
7,10000.0,18,0.7222222222222222,1,3,1,0,0,0,1,1,0,0,0,1,0,gratuito
10,10000.0,68,0.6029411764705882,7,7,1,1,1,0,1,1,1,1,0,1,1,alto
3,10000.0,0,0.0,8,1,1,1,0,0,0,0,0,1,0,0,0,medio_baixo
6,10000.0,303,0.9372937293729373,9,2,1,1,1,0,1,0,0,1,0,0,0,medio_alto
1,10000.0,0,0.0,1,5,1,0,0,0,1,1,1,0,1,1,0,medio_alto
5,10000.0,16,1.0,1,1,1,0,0,0,0,0,1,0,0,0,0,alto
10,150000.0,121,0.7355371900826446,2,2,1,0,0,0,1,0,0,1,0,0,0,baixo
1,10000.0,0,0.0,2,3,1,0,1,0,1,0,1,1,0,0,0,medio_alto
5,10000.0,13,1.0,1,3,1,0,0,0,1,1,0,0,0,0,1,medio_alto
1,10000.0,11,0.9090909090909091,1,2,1,0,0,0,1,1,0,0,0,0,0,medio_alto
1,0.0,0,0.0,1,5,1,0,0,0,1,1,1,0,0,1,0,baixo
10,10000.0,16,0.875,1,2,1,0,0,0,1,0,1,0,0,0,0,medio_alto
1,10000.0,1,0.0,1,2,1,0,0,0,1,1,0,0,0,0,0,medio_alto
4,10000.0,7,1.0,2,3,1,0,0,0,1,0,0,0,0,1,1,baixo
8,10000.0,206,0.6844660194174758,9,2,1,0,0,0,1,0,1,0,0,0,0,alto
8,10000.0,1,1.0,2,4,1,0,0,0,1,1,0,1,0,1,0,medio_alto
6,75000.0,100,0.83,1,2,1,0,0,0,1,0,1,0,0,0,0,medio_baixo
3,0.0,0,0.0,103,2,1,0,0,0,1,0,0,1,0,0,0,baixo
2,35000.0,191,0.5235602094240838,9,1,1,0,0,1,0,0,0,0,0,0,1,alto
10,75000.0,548,0.7992700729927007,2,4,1,0,0,0,1,1,0,0,0,1,1,baixo
6,10000.0,28,0.8214285714285714,2,2,1,0,0,0,1,1,0,0,0,0,0,medio_baixo
9,10000.0,58,0.5517241379310345,2,3,1,0,0,2,1,0,0,0,0,1,1,baixo
2,10000.0,8,0.375,2,1,1,0,0,0,1,0,0,0,0,0,0,medio_baixo
1,10000.0,3,1.0,3,4,1,0,0,0,1,1,1,0,1,0,0,medio_baixo
2,10000.0,2,1.0,1,3,1,0,0,0,1,0,0,1,0,0,1,alto
1,10000.0,0,0.0,1,4,1,0,0,0,1,1,1,0,0,0,0,baixo
8,10000.0,6,0.5,9,1,1,0,0,1,0,0,0,0,0,0,0,medio_baixo
1,0.0,0,0.0,1,3,1,0,0,0,1,1,0,0,0,0,0,gratuito
2,10000.0,5,1.0,1,3,1,0,0,0,1,1,1,0,0,0,0,medio_alto
4,10000.0,2,0.5,1,4,1,0,0,0,1,0,0,1,0,1,1,alto
1,10000.0,0,0.0,12,2,1,0,0,6,0,1,1,0,0,0,0,alto
1,10000.0,14,1.0,1,4,1,0,0,0,1,1,1,1,0,0,0,medio_alto
2,10000.0,0,0.0,1,3,1,1,1,1,1,0,1,1,0,0,0,alto
3,350000.0,3170,0.6880126182965299,13,1,1,0,0,8,0,1,0,0,0,0,0,alto
4,0.0,0,0.0,1,2,1,1,0,0,1,0,1,0,0,0,0,gratuito
6,10000.0,23,0.9130434782608695,1,2,1,0,0,0,0,0,0,1,0,0,0,gratuito
11,10000.0,97,0.16494845360824742,5,2,1,1,1,0,1,1,0,0,0,0,0,baixo
4,0.0,0,0.0,1,1,1,0,0,0,0,0,0,0,1,0,0,gratuito
7,350000.0,5109,0.7770600900371892,29,3,1,0,0,2,1,1,0,1,0,0,0,gratuito
8,75000.0,92,0.7717391304347826,2,3,1,0,0,1,1,0,0,1,0,0,0,gratuito
12,35000.0,404,0.7995049504950495,1,2,1,1,1,1,1,0,0,0,1,0,0,medio_baixo
1,0.0,0,0.0,1,1,1,0,0,0,0,0,0,0,1,0,0,medio_baixo
6,10000.0,31,0.967741935483871,1,4,1,0,0,1,1,0,1,1,1,0,0,baixo
7,10000.0,2,1.0,1,4,1,0,0,0,1,1,1,0,0,1,0,medio_alto
5,35000.0,368,0.6440217391304348,2,4,1,0,0,2,1,1,1,0,1,0,0,medio_alto
1,10000.0,0,0.0,1,1,1,0,0,0,0,0,0,1,0,0,0,alto
4,10000.0,1,1.0,1,6,1,0,0,0,1,0,1,1,1,1,1,alto
9,10000.0,12,0.5833333333333334,1,1,1,0,0,0,0,0,1,0,0,0,0,medio_alto
2,10000.0,3,1.0,7,5,1,0,0,0,1,1,0,1,1,0,0,medio_alto
1,10000.0,0,0.0,1,1,1,1,1,0,0,0,0,1,0,0,0,medio_alto
7,10000.0,29,0.6896551724137931,1,1,1,0,0,0,0,1,0,0,0,0,0,gratuito
5,35000.0,203,0.9458128078817734,3,1,1,0,0,0,0,0,0,1,0,0,0,baixo
8,10000.0,39,0.5897435897435898,1,2,1,0,0,0,1,0,0,0,0,0,1,gratuito
8,10000.0,34,0.8823529411764706,1,4,1,0,0,0,0,1,0,0,0,0,1,gratuito
10,10000.0,20,0.8,3,2,1,0,0,0,1,0,0,1,0,0,0,medio_alto
3,0.0,0,0.0,0,0,1,0,0,0,0,0,0,0,0,0,0,gratuito
11,350000.0,950,0.9347368421052632,1,4,1,1,1,0,1,1,0,0,1,1,0,medio_baixo
5,35000.0,18,1.0,3,4,1,0,0,0,1,0,1,1,0,0,1,baixo
1,10000.0,0,0.0,1,1,1,0,1,0,0,0,0,0,0,1,0,medio_alto
6,10000.0,14,0.9285714285714286,1,2,1,1,1,0,1,0,1,0,0,0,0,medio_alto
9,10000.0,7,0.7142857142857143,1,1,1,0,0,0,1,0,0,0,0,0,0,baixo
6,35000.0,27,0.5925925925925926,2,3,1,0,0,0,1,1,1,0,0,0,0,alto
2,10000.0,1,1.0,2,4,1,0,0,0,1,1,0,1,0,0,0,baixo
2,10000.0,176,0.8636363636363636,6,3,1,0,0,0,1,0,1,0,0,1,0,medio_alto
2,35000.0,4,0.0,0,3,1,0,0,0,0,0,1,1,1,0,0,alto
1,10000.0,0,0.0,1,4,1,0,0,0,1,0,1,1,0,0,1,medio_baixo
12,35000.0,123,0.5853658536585366,1,2,1,1,1,0,1,1,0,0,0,0,0,medio_alto
5,35000.0,483,0.9503105590062112,1,3,1,0,0,0,1,0,0,1,0,0,0,gratuito
8,10000.0,21,0.8095238095238095,1,5,1,0,0,0,1,0,0,1,0,0,1,gratuito
5,0.0,0,0.0,22,4,1,0,0,0,1,1,0,0,0,1,1,gratuito
3,10000.0,65,0.5230769230769231,3,4,1,0,0,0,1,0,0,1,1,1,0,medio_baixo
1,150000.0,1092,0.760989010989011,2,2,1,0,0,0,1,1,0,0,0,0,0,alto
2,10000.0,4,1.0,1,2,1,0,0,0,1,1,0,0,0,0,0,medio_alto
3,10000.0,0,0.0,1,3,1,1,1,0,1,1,0,0,0,0,0,gratuito
1,10000.0,156,0.6346153846153846,13,3,1,0,0,1,0,0,0,0,0,1,1,alto
4,10000.0,2,0.0,16,3,1,0,0,0,0,0,1,1,0,0,1,alto
9,350000.0,3460,0.8398843930635839,5,1,1,0,0,0,0,0,0,0,0,1,0,gratuito
9,10000.0,150,0.7866666666666666,1,3,1,0,0,2,1,0,1,1,0,0,0,baixo
9,10000.0,80,0.8375,1,3,1,1,1,0,1,1,1,0,0,0,0,baixo
1,10000.0,23,0.8695652173913043,4,1,1,0,0,0,0,0,0,1,0,0,0,alto
8,35000.0,124,0.8225806451612904,1,3,1,0,1,0,1,1,0,0,0,0,0,gratuito
7,350000.0,1652,0.7378934624697336,1,4,1,0,0,2,1,1,0,0,0,1,0,gratuito
12,3500000.0,42246,0.9035885054206315,1,3,1,0,0,0,1,0,0,0,0,1,1,medio_alto
4,10000.0,93,0.9354838709677419,1,2,1,1,1,0,0,0,1,1,0,0,0,alto
4,10000.0,4,0.25,1,2,1,0,0,0,0,0,1,1,0,0,0,medio_alto
1,0.0,0,0.0,2,3,1,0,0,0,1,1,0,1,0,0,0,baixo
8,10000.0,18,0.9444444444444444,1,3,1,0,0,0,1,0,0,0,0,0,1,medio_alto
4,10000.0,25,0.8,9,3,1,0,0,0,1,1,0,1,0,0,0,baixo
9,10000.0,21,0.5714285714285714,1,1,1,0,0,0,0,0,0,0,0,1,0,alto
7,10000.0,15,0.7333333333333333,3,3,1,0,0,0,1,0,0,1,0,0,0,medio_baixo
3,75000.0,5,1.0,7,2,1,0,0,0,1,0,0,1,0,0,0,baixo
6,10000.0,13,0.7692307692307693,1,2,1,0,0,0,1,0,0,1,0,0,0,gratuito
2,35000.0,90,0.6777777777777778,7,4,1,0,0,0,1,1,1,0,1,0,0,alto
8,10000.0,18,0.8888888888888888,3,2,1,0,0,0,1,0,0,1,0,0,0,baixo
4,10000.0,13,0.7692307692307693,6,2,1,0,0,0,1,0,0,0,0,1,0,alto
3,35000.0,311,0.6045016077170418,3,2,1,0,0,0,1,1,0,0,0,0,0,medio_baixo
2,10000.0,5,1.0,2,1,1,0,0,0,0,0,1,0,0,0,0,medio_baixo
7,150000.0,2012,0.7435387673956262,8,2,1,0,0,3,1,0,1,0,0,0,0,medio_alto
5,10000.0,120,0.6166666666666667,1,3,1,0,0,0,1,0,0,1,1,0,0,medio_baixo
2,0.0,0,0.0,14,5,1,1,1,0,1,0,1,1,1,0,1,baixo
1,10000.0,0,0.0,2,4,1,0,0,0,1,0,1,1,0,0,0,medio_alto
2,0.0,0,0.0,103,4,1,0,0,0,0,1,1,0,0,1,0,gratuito
7,350000.0,8348,0.968136080498323,17,2,1,0,0,1,0,1,0,1,0,0,0,medio_alto
8,10000.0,32,0.59375,6,1,1,0,0,0,0,0,1,0,0,0,0,medio_alto
3,10000.0,16,0.75,2,1,1,0,0,0,0,0,0,0,0,1,0,baixo
5,10000.0,1,0.0,1,3,1,0,0,0,1,0,0,0,0,1,0,alto
2,10000.0,2,1.0,1,2,1,0,0,0,1,0,0,0,0,0,0,medio_alto
1,10000.0,0,0.0,3,2,1,1,0,0,1,0,0,1,0,0,0,alto
1,0.0,0,0.0,1,6,1,0,0,0,1,0,0,1,1,1,1,gratuito
3,10000.0,7,0.7142857142857143,1,4,1,0,0,0,1,1,1,1,0,0,0,baixo
12,1500000.0,8401,0.7494345911201048,6,1,1,0,0,0,0,1,0,0,0,0,0,medio_baixo
4,0.0,0,0.0,1,5,1,0,0,0,1,0,1,1,1,0,0,gratuito
5,10000.0,43,0.627906976744186,1,4,1,1,0,0,1,0,0,1,0,1,1,medio_baixo
2,10000.0,10,1.0,1,3,1,0,0,0,1,1,0,1,0,0,0,medio_alto
4,10000.0,129,0.689922480620155,4,5,1,0,0,2,1,1,1,0,1,0,0,alto
10,75000.0,1305,0.8613026819923372,1,5,1,1,1,2,1,0,1,0,1,0,1,medio_alto
5,150000.0,1300,0.7653846153846153,9,1,1,0,0,0,0,0,1,0,0,0,0,medio_alto
1,10000.0,0,0.0,16,4,1,0,0,0,1,1,1,0,0,0,1,medio_alto
6,10000.0,5,0.6,1,5,1,0,0,0,1,1,1,0,1,0,0,baixo
2,150000.0,2903,0.8804684808818464,5,4,1,0,0,1,1,1,1,0,0,0,1,medio_alto
2,10000.0,53,0.660377358490566,4,1,1,0,0,0,0,1,0,0,0,0,0,baixo
1,0.0,0,0.0,1,4,1,0,0,0,1,1,1,0,0,0,0,gratuito
3,10000.0,1,0.0,2,4,1,0,0,0,1,0,1,1,0,0,1,medio_baixo
1,10000.0,0,0.0,16,2,1,1,0,4,1,1,0,0,0,0,0,alto
6,10000.0,30,0.8333333333333334,1,2,1,0,0,0,1,0,0,1,0,0,0,gratuito
8,10000.0,5,0.4,1,5,1,0,0,0,1,1,1,1,0,1,0,baixo
2,10000.0,0,0.0,1,1,1,0,0,0,0,0,0,1,0,0,0,medio_alto
12,75000.0,1014,0.7071005917159763,8,1,1,1,1,31,0,0,0,0,0,0,1,gratuito
1,10000.0,34,0.7941176470588235,14,2,1,0,0,1,1,0,1,0,0,0,0,medio_alto
2,0.0,0,0.0,1,3,1,1,1,0,1,0,0,1,0,0,0,gratuito
4,750000.0,7666,0.9441690581789721,9,2,1,0,0,1,0,1,1,0,0,0,0,alto
4,0.0,0,0.0,1,5,1,0,0,0,0,0,1,1,1,1,0,gratuito
3,10000.0,11,0.8181818181818182,1,2,1,0,1,0,1,0,1,0,0,0,0,medio_alto
3,10000.0,0,0.0,6,4,1,0,0,2,1,0,1,0,0,0,1,alto
5,35000.0,8,0.875,1,1,1,0,0,0,0,1,0,0,0,0,0,gratuito
3,0.0,0,0.0,0,0,1,0,0,0,0,0,0,0,0,0,0,gratuito
2,35000.0,462,0.7467532467532467,12,4,1,0,0,0,1,0,0,1,0,1,1,medio_baixo
1,0.0,0,0.0,0,0,1,0,0,0,0,0,0,0,0,0,0,gratuito
1,10000.0,0,0.0,11,6,1,0,0,0,1,1,0,1,1,1,0,baixo
9,35000.0,26,0.8076923076923077,1,3,1,0,0,0,1,1,1,0,0,0,0,baixo
4,0.0,0,0.0,1,6,1,0,0,0,1,1,0,0,0,1,0,gratuito
6,10000.0,6,1.0,1,1,1,0,0,0,1,0,0,0,0,0,0,medio_alto
5,350000.0,4048,0.829298418972332,8,2,1,1,0,3,0,0,0,0,0,1,1,alto
17,75000.0,1120,0.9151785714285714,1,3,1,1,0,0,1,0,1,1,0,0,0,medio_baixo
2,10000.0,19,0.9473684210526315,16,3,1,0,0,0,1,0,0,0,0,1,0,medio_baixo
2,10000.0,2,1.0,1,3,1,0,0,0,1,0,1,0,0,1,0,baixo
10,150000.0,2147,0.8695854680950164,2,2,1,0,0,24,0,1,1,0,0,0,0,alto
1,10000.0,13,0.6153846153846154,5,1,1,0,0,0,0,0,1,0,0,0,0,baixo
4,10000.0,3,1.0,1,4,1,0,0,0,1,1,1,1,0,0,0,baixo
1,0.0,0,0.0,0,0,1,0,0,0,0,0,0,0,0,0,0,gratuito
7,10000.0,657,0.9634703196347032,3,2,1,0,0,1,0,0,1,1,0,0,0,alto
5,10000.0,35,0.7142857142857143,1,2,1,0,0,0,0,0,1,1,0,0,0,medio_alto
1,10000.0,3,1.0,1,2,1,0,0,0,1,0,1,0,0,0,0,medio_alto
4,10000.0,13,0.9230769230769231,1,2,1,0,0,0,1,1,0,0,0,0,0,alto
2,35000.0,11,0.45454545454545453,3,3,1,0,0,0,1,0,1,1,0,0,0,medio_baixo
6,10000.0,3,0.3333333333333333,1,3,1,0,0,0,0,1,0,1,0,0,1,medio_baixo
1,0.0,0,0.0,103,4,1,0,0,0,1,0,0,1,1,0,1,medio_baixo
6,10000.0,46,0.9347826086956522,1,1,1,0,0,0,1,0,0,0,0,0,0,medio_alto
3,10000.0,0,0.0,1,2,1,0,0,0,1,0,0,1,0,0,0,baixo
1,10000.0,0,0.0,1,6,1,0,0,0,1,1,1,1,1,0,1,medio_alto
1,0.0,0,0.0,1,2,1,0,0,0,0,1,0,0,0,0,0,medio_baixo
1,10000.0,1,1.0,1,2,1,0,0,0,1,0,0,1,0,0,0,medio_alto
4,0.0,0,0.0,5,3,1,0,0,0,0,0,0,0,0,1,1,gratuito
1,0.0,0,0.0,0,0,1,0,0,0,0,0,0,0,0,0,0,gratuito
3,10000.0,1,1.0,1,1,1,1,1,0,0,0,0,0,0,0,0,medio_alto
9,10000.0,8,0.75,1,3,1,0,0,0,1,1,1,0,0,0,0,medio_baixo
8,10000.0,6,0.5,1,2,1,0,0,0,1,1,0,0,0,0,0,medio_alto
1,10000.0,26,1.0,1,3,1,0,0,1,1,0,1,0,0,1,0,medio_alto
3,0.0,0,0.0,10,3,1,0,0,0,1,0,0,1,0,0,0,gratuito
6,10000.0,56,0.9642857142857143,1,2,1,0,0,0,1,1,0,0,0,0,0,gratuito
2,150000.0,4141,0.6650567495773968,3,3,1,0,0,2,0,1,1,0,1,0,0,alto
5,35000.0,7,0.0,2,2,1,0,0,0,0,0,1,1,0,0,0,baixo
7,350000.0,5960,0.8441275167785235,8,1,1,1,0,1,0,0,1,0,0,0,0,medio_baixo
2,0.0,0,0.0,0,0,1,0,0,0,0,0,0,0,0,0,0,gratuito
2,10000.0,9,0.1111111111111111,5,5,1,0,0,0,1,1,0,1,1,0,0,medio_alto
7,10000.0,7,0.2857142857142857,1,2,1,0,0,0,0,0,0,0,0,0,0,medio_baixo
2,35000.0,116,0.6982758620689655,3,5,1,0,0,0,1,1,1,1,1,0,0,alto
2,10000.0,13,1.0,1,6,1,1,0,0,1,0,1,1,0,0,1,gratuito
6,10000.0,9,0.8888888888888888,1,4,1,0,0,0,1,1,1,0,1,0,0,medio_baixo
2,0.0,0,0.0,8,5,1,0,0,0,1,1,1,0,1,1,0,gratuito
5,75000.0,4,0.75,2,3,1,0,0,0,1,1,0,0,0,0,0,alto
1,10000.0,126,0.9126984126984127,26,4,1,0,0,0,1,1,1,1,0,0,0,medio_alto
3,10000.0,26,0.8461538461538461,1,2,1,0,0,0,1,0,0,1,0,0,0,baixo
7,10000.0,135,0.8888888888888888,5,3,1,0,0,0,1,1,1,0,0,0,0,medio_alto
6,75000.0,175,0.56,10,5,1,1,1,0,0,1,0,1,0,0,1,gratuito
6,10000.0,1,0.0,1,3,1,0,0,0,1,1,0,1,0,0,0,medio_baixo
1,10000.0,0,0.0,8,3,1,0,0,0,1,0,0,1,0,0,1,medio_alto
4,10000.0,47,0.8936170212765957,11,1,1,1,1,0,0,1,0,0,0,0,0,medio_baixo
2,10000.0,0,0.0,1,4,1,0,0,0,1,1,0,1,0,0,0,alto
1,10000.0,3,1.0,4,2,1,0,0,0,1,0,1,0,0,0,0,medio_baixo
2,10000.0,20,0.95,9,2,1,0,0,0,1,1,0,0,0,0,0,medio_alto
2,10000.0,4,1.0,1,1,1,0,0,0,0,0,0,0,0,1,0,medio_alto
9,75000.0,845,0.914792899408284,2,3,1,0,0,1,1,0,1,1,0,0,0,baixo
8,10000.0,0,0.0,3,4,1,0,0,0,1,1,0,0,0,0,0,medio_baixo
1,10000.0,1,1.0,1,4,1,0,0,0,1,0,0,1,0,1,1,medio_alto
9,10000.0,12,0.75,1,3,1,0,0,0,1,0,0,1,0,1,0,medio_alto
8,10000.0,95,0.4,2,4,1,0,0,0,1,1,1,0,0,0,0,medio_alto
7,10000.0,48,0.6041666666666666,1,4,1,0,0,0,1,1,0,0,0,1,0,gratuito
4,10000.0,70,0.9571428571428572,4,1,1,0,0,0,1,0,0,0,0,0,0,medio_baixo
3,10000.0,6,1.0,1,1,1,0,0,0,1,0,0,0,0,0,0,baixo
2,10000.0,0,0.0,1,4,1,0,0,0,1,0,1,1,0,0,0,gratuito
2,0.0,0,0.0,103,2,1,0,0,0,1,0,0,1,0,0,0,baixo
6,10000.0,12,0.5833333333333334,1,5,1,0,0,0,1,1,0,1,0,1,1,alto
6,10000.0,0,0.0,1,2,1,0,0,0,0,0,0,1,0,0,0,alto
6,10000.0,128,0.671875,2,2,1,0,0,0,1,0,0,0,0,0,0,gratuito
8,10000.0,100,0.59,1,4,1,0,0,0,0,1,0,1,0,1,1,baixo
2,10000.0,0,0.0,3,1,1,0,0,1,0,0,0,0,1,0,0,alto
1,10000.0,0,0.0,1,3,1,0,0,0,1,0,0,0,0,0,1,alto
6,10000.0,4,1.0,23,2,1,0,0,0,1,0,0,1,0,0,0,medio_alto
2,150000.0,797,0.6838143036386449,1,5,1,1,0,0,0,0,1,1,1,1,1,baixo
5,10000.0,22,0.7727272727272727,1,3,1,0,0,0,1,0,0,0,0,1,1,medio_alto
11,10000.0,77,0.6883116883116883,5,1,1,0,0,1,0,0,0,0,0,0,0,gratuito
5,10000.0,9,1.0,1,1,1,1,0,0,1,0,0,0,0,0,0,medio_alto
2,0.0,0,0.0,0,0,1,0,0,0,0,0,0,0,0,0,0,gratuito
9,3500000.0,83416,0.9531025222978805,12,4,1,0,0,31,0,0,0,0,0,0,1,medio_alto
2,35000.0,586,0.9232081911262798,2,3,1,0,0,2,1,0,0,1,0,0,1,medio_alto
8,10000.0,10,0.4,4,2,1,0,0,0,0,0,1,1,0,0,0,baixo
2,10000.0,1,0.0,1,2,1,0,0,0,0,0,0,1,1,0,0,alto
4,0.0,0,0.0,1,2,1,0,0,0,0,1,0,0,0,0,0,gratuito
7,350000.0,1432,0.9399441340782123,10,3,1,0,0,3,1,0,0,0,0,0,1,medio_alto
4,35000.0,25,0.64,10,3,1,1,1,0,1,1,1,0,0,0,0,alto
2,10000.0,5,1.0,2,2,1,0,0,1,1,0,0,0,0,1,0,medio_baixo
2,10000.0,1,0.0,2,4,1,0,1,0,1,1,1,0,1,0,0,medio_baixo
8,35000.0,193,0.772020725388601,1,2,1,0,0,1,1,0,1,0,0,0,0,medio_baixo
1,10000.0,0,0.0,1,1,1,0,1,0,0,0,0,1,0,0,0,medio_baixo
5,10000.0,105,0.8,19,3,1,0,0,1,1,0,1,1,0,0,0,medio_alto
2,75000.0,2330,0.9231759656652361,30,8,1,1,1,1,1,1,1,1,1,1,1,baixo
3,0.0,0,0.0,4,2,1,0,0,0,0,1,0,0,0,0,0,gratuito
8,350000.0,494,0.1720647773279352,1,1,1,0,0,0,0,0,0,0,0,0,0,gratuito
10,35000.0,390,0.9307692307692308,2,2,1,0,0,0,1,0,1,0,0,0,0,medio_baixo
5,75000.0,706,0.8810198300283286,1,5,1,0,0,0,1,1,0,1,0,1,0,alto
8,1500000.0,7595,0.6991441737985516,5,3,1,0,0,1,0,1,0,0,0,0,0,gratuito
6,350000.0,2890,0.8979238754325259,11,2,1,1,0,2,1,0,1,0,0,0,0,medio_baixo
1,10000.0,348,0.8706896551724138,11,2,1,1,0,1,1,0,1,0,0,0,0,alto
5,10000.0,0,0.0,1,2,1,1,1,0,0,0,0,1,0,0,1,alto
2,10000.0,0,0.0,1,1,1,0,0,0,0,0,0,0,0,0,0,gratuito
3,10000.0,2,1.0,1,2,1,0,0,0,0,1,0,1,0,0,0,medio_alto
4,10000.0,0,0.0,1,2,1,0,0,2,1,0,0,1,0,0,0,baixo
3,35000.0,517,0.9342359767891683,7,4,1,0,0,2,1,0,0,1,0,1,1,medio_baixo
6,10000.0,10,0.4,2,1,1,1,0,0,0,0,0,0,0,0,0,medio_baixo
9,10000.0,32,0.84375,2,2,1,0,0,0,1,1,0,0,0,0,0,medio_alto
4,10000.0,27,0.5925925925925926,1,6,1,0,0,0,1,1,1,0,1,0,0,alto
7,10000.0,17,0.5294117647058824,1,1,1,0,0,0,1,0,0,0,0,0,0,medio_baixo
14,7500000.0,125598,0.9612653067724009,11,5,1,1,0,3,1,1,1,1,1,0,0,baixo
7,10000.0,31,0.9032258064516129,2,4,1,0,0,0,1,0,1,0,1,0,1,alto
6,75000.0,780,0.8474358974358974,3,5,1,0,0,2,1,1,1,1,0,0,1,baixo
5,10000.0,29,0.9655172413793104,1,1,1,0,0,1,1,0,0,0,0,0,0,medio_baixo
10,75000.0,242,0.8553719008264463,1,3,1,0,0,0,0,1,1,0,0,0,1,gratuito
2,10000.0,0,0.0,2,4,1,0,0,0,1,1,0,0,0,0,1,baixo
3,10000.0,9,0.8888888888888888,1,1,1,1,1,0,0,0,1,0,0,0,0,gratuito
7,350000.0,1754,0.7822120866590649,13,4,1,1,1,0,1,1,0,1,0,1,0,medio_alto
3,10000.0,1,0.0,1,2,1,0,0,0,1,1,0,0,0,0,0,alto
3,75000.0,15,1.0,1,3,1,0,0,0,1,0,1,0,1,0,0,baixo
1,10000.0,3,1.0,1,2,1,0,0,0,1,1,0,0,0,0,0,medio_baixo
2,0.0,0,0.0,103,3,1,0,0,0,1,0,0,1,0,0,0,gratuito
1,10000.0,3,1.0,1,6,1,0,0,0,1,1,1,1,0,1,1,baixo
4,10000.0,20,0.75,2,9,1,0,0,0,1,1,1,1,0,1,1,baixo
1,10000.0,0,0.0,9,3,1,0,0,0,1,1,1,0,0,0,0,medio_baixo
12,10000.0,66,0.5909090909090909,8,2,1,0,0,0,0,0,1,1,0,0,0,medio_alto
8,10000.0,80,0.75,5,3,1,0,0,0,0,0,0,0,1,1,1,alto
8,10000.0,7,0.7142857142857143,1,2,1,0,1,0,1,0,0,1,0,0,0,gratuito
7,75000.0,83,0.3614457831325301,18,2,1,0,0,24,0,0,0,0,0,0,1,gratuito
7,10000.0,10,1.0,3,2,1,0,0,0,1,1,0,0,0,0,0,alto
4,10000.0,7,0.8571428571428571,2,4,1,0,0,0,1,1,0,1,0,1,0,medio_alto
8,10000.0,88,0.7954545454545454,12,2,1,0,0,1,1,1,0,0,0,0,0,medio_alto
6,10000.0,6,0.8333333333333334,1,4,1,0,0,0,1,1,0,0,1,0,0,alto
1,0.0,0,0.0,0,0,1,0,0,0,0,0,0,0,0,0,0,gratuito
6,10000.0,9,0.6666666666666666,1,3,1,0,0,0,1,0,1,0,0,0,0,baixo
6,10000.0,1,1.0,1,1,1,0,0,0,1,0,0,0,0,0,0,baixo
1,0.0,0,0.0,1,5,1,0,0,0,1,0,0,0,1,1,1,gratuito
9,35000.0,21,0.38095238095238093,1,3,1,0,0,0,1,1,0,1,0,0,0,medio_baixo
4,0.0,0,0.0,0,0,1,0,0,0,0,0,0,0,0,0,0,gratuito
1,10000.0,0,0.0,9,4,1,0,0,0,1,1,1,0,0,0,0,medio_alto
3,10000.0,5,0.8,1,5,1,0,0,0,1,1,0,0,0,0,1,alto
5,10000.0,38,0.7894736842105263,1,3,1,0,0,0,1,1,1,0,0,0,0,medio_baixo
9,10000.0,20,0.5,2,5,1,0,0,0,1,0,1,0,1,0,1,alto
4,10000.0,1,0.0,1,2,1,0,0,0,1,1,0,0,0,0,0,medio_alto
4,10000.0,24,0.5,2,2,1,0,0,0,1,0,0,0,0,0,1,medio_alto
3,10000.0,13,0.6923076923076923,13,1,1,0,0,0,1,0,0,0,0,0,0,medio_alto
7,10000.0,8,1.0,2,2,1,0,0,0,1,0,0,1,0,0,0,medio_baixo
1,10000.0,8,1.0,12,2,1,0,0,0,0,1,1,0,0,0,0,medio_alto
1,0.0,0,0.0,1,3,1,0,0,1,1,1,0,0,0,0,0,gratuito
6,10000.0,111,0.8648648648648649,1,1,1,0,0,0,0,0,0,1,0,0,0,gratuito
1,10000.0,0,0.0,4,2,1,0,0,0,0,0,1,1,0,0,0,alto
2,10000.0,1,1.0,19,3,1,0,0,0,1,0,0,1,0,0,1,medio_alto
16,35000.0,410,0.6341463414634146,5,2,1,0,0,0,0,1,1,0,0,0,0,gratuito
2,10000.0,3,1.0,1,1,1,0,0,0,0,0,0,0,0,1,0,medio_alto
7,10000.0,12,0.8333333333333334,2,3,1,1,1,0,1,0,1,1,0,0,0,baixo
6,10000.0,1,1.0,1,2,1,0,0,0,1,1,0,0,0,0,0,alto
3,3500000.0,97801,0.9665034099855829,13,4,1,1,1,2,1,1,0,1,1,0,0,medio_baixo
4,10000.0,9,1.0,1,3,1,0,0,0,1,1,0,1,0,0,0,medio_baixo
5,1500000.0,33067,0.9684882208848701,12,2,1,1,0,0,1,1,0,0,0,0,0,medio_alto
2,0.0,0,0.0,2,5,1,1,1,1,1,1,1,1,0,0,0,gratuito
11,750000.0,6746,0.5431366735843463,13,2,1,0,0,0,0,0,0,0,1,1,0,alto
7,10000.0,63,0.873015873015873,1,3,1,0,0,0,1,1,0,0,0,1,0,gratuito
2,150000.0,1372,0.9314868804664723,9,5,1,0,0,1,1,0,0,1,1,0,1,alto
8,10000.0,26,0.15384615384615385,1,3,1,0,0,0,1,0,0,1,0,0,1,baixo
1,10000.0,0,0.0,1,3,1,1,1,0,0,0,1,1,0,0,1,medio_alto
4,10000.0,0,0.0,1,3,1,0,0,0,1,0,1,0,0,0,0,gratuito
4,10000.0,8,1.0,1,1,1,0,0,0,0,1,0,0,0,0,0,gratuito
3,0.0,0,0.0,0,0,1,0,0,0,0,0,0,0,0,0,0,gratuito
7,10000.0,7,1.0,1,2,1,0,0,0,1,0,0,1,0,0,0,baixo
2,0.0,0,0.0,0,0,1,0,0,0,0,0,0,0,0,0,0,gratuito
6,10000.0,21,0.9523809523809523,6,2,1,1,1,0,1,0,1,0,0,0,0,medio_alto
12,350000.0,2430,0.7452674897119341,1,2,1,1,1,1,1,0,0,0,1,0,0,baixo
7,10000.0,9,0.3333333333333333,13,3,1,0,0,1,1,1,1,0,0,0,0,baixo
2,0.0,0,0.0,1,4,1,0,0,0,1,0,1,1,0,0,0,gratuito
1,10000.0,2,1.0,1,2,1,0,0,0,1,0,0,0,0,1,0,medio_alto
2,10000.0,12,0.5833333333333334,2,3,1,0,0,0,1,1,1,0,0,0,0,baixo
3,75000.0,416,0.7043269230769231,7,3,1,1,0,0,1,0,1,1,0,0,0,medio_baixo
4,0.0,0,0.0,0,0,1,0,0,0,0,0,0,0,0,0,0,gratuito
8,350000.0,5991,0.9696210983141379,103,2,1,0,0,0,1,0,0,1,0,0,0,baixo
1,0.0,0,0.0,1,2,1,0,0,0,0,0,0,0,0,0,1,gratuito
1,10000.0,0,0.0,2,4,1,0,0,0,1,1,1,1,0,0,0,medio_alto
1,10000.0,0,0.0,12,1,1,0,1,1,0,0,0,0,0,1,0,medio_alto
1,10000.0,1,1.0,1,5,1,0,0,0,1,0,1,1,0,0,1,medio_baixo
2,10000.0,0,0.0,4,5,1,0,0,0,1,1,0,1,1,1,0,gratuito
4,10000.0,5,1.0,2,4,1,0,0,0,1,0,1,1,0,0,0,medio_baixo
10,10000.0,24,0.5416666666666666,1,1,1,0,0,0,0,0,0,0,1,0,0,medio_baixo
11,10000.0,77,0.6363636363636364,6,3,1,1,1,0,1,1,1,0,0,0,0,alto
6,10000.0,0,0.0,29,4,1,0,0,0,1,0,0,1,1,0,1,baixo
1,10000.0,0,0.0,10,4,1,1,0,0,1,1,1,0,1,0,0,alto
2,10000.0,27,0.9259259259259259,2,2,1,0,0,0,0,0,0,0,0,1,1,alto
9,35000.0,139,0.8489208633093526,5,3,0,1,1,0,0,1,0,0,0,1,1,baixo
2,10000.0,0,0.0,2,3,1,0,0,0,1,0,1,1,0,0,0,alto
7,10000.0,10,0.8,1,2,1,0,0,0,1,1,0,0,0,0,0,alto
3,10000.0,0,0.0,1,5,1,0,0,1,0,1,0,1,1,1,0,gratuito
3,10000.0,0,0.0,1,3,1,1,1,0,1,0,0,1,0,0,0,gratuito
7,75000.0,1071,0.8431372549019608,1,3,1,0,0,0,1,1,0,1,0,0,0,medio_baixo
4,75000.0,73,0.6575342465753424,7,4,1,0,0,0,0,0,0,0,1,1,0,gratuito
3,35000.0,17,0.8823529411764706,2,3,1,0,0,0,1,1,0,0,0,0,0,alto
3,10000.0,0,0.0,2,1,1,0,0,0,0,0,0,0,0,0,1,alto
1,0.0,0,0.0,1,5,1,0,0,0,1,1,1,1,0,0,0,gratuito
8,10000.0,7,0.0,1,3,1,0,0,2,1,0,1,0,0,1,0,medio_baixo
1,0.0,0,0.0,0,0,1,0,0,0,0,0,0,0,0,0,0,gratuito
1,0.0,0,0.0,1,3,1,0,0,0,1,1,0,0,0,0,0,gratuito
3,0.0,0,0.0,0,0,1,0,0,0,0,0,0,0,0,0,0,gratuito
4,10000.0,12,0.6666666666666666,1,1,1,0,0,0,0,0,0,0,0,0,0,baixo
6,10000.0,22,0.9090909090909091,1,4,1,0,0,0,1,1,0,0,0,0,1,baixo
3,0.0,0,0.0,0,0,1,0,0,0,0,0,0,0,0,0,0,gratuito
8,10000.0,25,0.68,1,3,1,0,0,0,0,1,1,0,0,1,0,alto
3,10000.0,0,0.0,1,1,1,0,0,0,0,0,0,0,0,0,1,alto
8,10000.0,21,0.23809523809523808,2,4,1,0,0,0,1,1,1,1,0,0,0,baixo
6,10000.0,6,0.6666666666666666,1,5,1,0,0,0,1,1,1,1,0,0,1,baixo
5,10000.0,138,1.0,1,2,1,0,0,0,0,1,0,0,0,0,0,medio_alto
5,75000.0,1,1.0,2,3,1,0,0,0,1,0,1,0,1,0,0,alto
5,75000.0,314,0.6401273885350318,3,3,1,0,0,2,1,0,0,1,0,0,0,gratuito
9,10000.0,0,0.0,1,6,1,1,1,0,1,1,0,0,0,0,0,medio_alto
3,10000.0,0,0.0,16,1,1,0,0,0,0,0,1,0,0,0,0,gratuito
1,10000.0,25,0.72,10,1,1,1,0,0,0,0,0,0,0,1,0,alto
3,35000.0,4,1.0,3,4,1,0,0,0,1,0,1,1,0,1,0,medio_alto
12,350000.0,2949,0.8406239403187521,12,1,1,0,0,0,0,0,0,0,1,0,0,alto
2,10000.0,29,0.9655172413793104,3,4,1,0,0,1,1,0,1,1,1,0,0,alto
6,10000.0,21,0.9523809523809523,6,3,1,0,0,0,1,1,1,0,0,0,0,medio_baixo
3,35000.0,14,0.7142857142857143,5,2,1,0,0,0,1,0,1,0,0,0,0,baixo
8,10000.0,82,0.6097560975609756,3,2,1,1,1,0,0,0,0,1,0,0,0,medio_alto
4,35000.0,550,0.7836363636363637,3,1,1,0,0,0,0,0,1,0,0,0,0,medio_alto
3,10000.0,3,0.3333333333333333,4,1,1,0,0,0,0,0,0,1,0,0,0,alto
1,10000.0,0,0.0,3,4,1,0,0,0,1,1,1,0,0,0,0,medio_baixo
1,0.0,0,0.0,0,0,1,0,0,0,0,0,0,0,0,0,0,gratuito
6,10000.0,27,0.14814814814814814,1,2,1,0,0,0,1,0,0,1,0,0,0,alto
4,10000.0,27,0.8888888888888888,1,4,1,0,0,0,1,1,0,0,0,0,1,alto
1,0.0,0,0.0,2,2,1,0,0,1,1,0,0,1,0,0,0,alto
1,10000.0,0,0.0,12,5,1,0,0,3,1,1,1,0,1,0,0,alto
3,10000.0,2,0.5,1,4,1,0,0,0,1,1,1,0,1,0,0,alto
1,10000.0,0,0.0,9,4,1,0,0,0,1,0,1,0,1,1,0,alto
1,10000.0,1,0.0,2,2,1,0,0,0,1,0,0,1,0,0,0,baixo
5,35000.0,32,0.9375,1,2,1,1,0,0,1,0,0,1,0,0,0,medio_baixo
5,10000.0,19,0.5789473684210527,103,3,1,0,0,0,1,0,0,1,0,0,1,baixo
4,10000.0,6,0.5,2,5,1,0,0,0,1,1,0,0,1,1,0,medio_alto
4,10000.0,0,0.0,2,1,1,1,1,0,1,0,0,0,0,0,0,medio_baixo
2,10000.0,16,1.0,1,6,1,0,0,0,1,1,1,0,1,0,0,gratuito
13,3500000.0,109816,0.9663254899103956,2,3,1,1,1,4,1,0,1,0,0,0,1,medio_baixo
2,10000.0,0,0.0,2,4,1,1,0,0,1,0,1,1,1,0,0,baixo
1,10000.0,0,0.0,11,5,1,0,0,0,1,1,1,1,1,0,0,alto
8,10000.0,6,0.3333333333333333,2,5,1,0,0,0,1,0,1,1,0,1,1,medio_baixo
7,10000.0,28,0.6428571428571429,1,4,1,0,1,1,1,1,1,0,1,0,0,medio_baixo
1,10000.0,1,0.0,1,3,1,0,0,2,0,0,0,1,0,1,1,medio_alto
3,10000.0,10,0.5,1,5,1,0,0,0,1,1,1,0,1,1,0,gratuito
3,10000.0,2,1.0,1,4,1,0,0,0,1,1,1,1,0,0,0,baixo
10,10000.0,12,0.9166666666666666,4,2,1,0,0,0,1,0,1,0,0,0,0,medio_baixo
2,0.0,0,0.0,11,3,1,0,0,0,1,0,1,1,0,0,0,gratuito
7,10000.0,14,0.7142857142857143,1,3,1,1,1,7,1,1,0,1,0,0,0,gratuito
2,10000.0,0,0.0,2,3,1,0,0,0,1,0,0,1,0,0,0,gratuito
6,75000.0,363,0.8319559228650137,3,2,1,0,0,1,1,0,0,0,1,0,0,medio_alto
7,10000.0,8,0.75,1,3,1,0,0,1,1,0,1,0,0,0,1,baixo
8,10000.0,8,0.125,2,5,1,0,0,0,0,1,0,1,0,1,1,gratuito
5,0.0,0,0.0,1,4,1,0,0,0,1,0,1,0,1,0,0,gratuito
2,10000.0,79,0.8354430379746836,6,1,1,1,0,0,0,0,0,0,0,1,0,medio_baixo
7,10000.0,2,0.5,2,1,1,0,0,0,1,0,0,0,0,0,0,baixo
1,10000.0,0,0.0,12,1,1,0,0,0,0,0,0,0,0,1,0,alto
2,0.0,0,0.0,0,0,1,0,0,0,0,0,0,0,0,0,0,gratuito
1,0.0,0,0.0,0,0,1,0,0,0,0,0,0,0,0,0,0,gratuito
2,0.0,0,0.0,103,2,1,0,1,0,0,0,0,1,0,0,0,gratuito
5,75000.0,984,0.6534552845528455,1,3,1,0,0,0,1,1,0,0,0,0,0,alto
1,10000.0,0,0.0,1,4,1,0,0,0,0,1,0,1,0,0,0,medio_alto
5,35000.0,57,0.631578947368421,1,2,1,0,0,1,0,0,0,1,1,0,0,medio_baixo
5,10000.0,0,0.0,1,4,1,0,0,0,1,0,0,0,1,0,1,medio_baixo
6,10000.0,121,1.0,4,1,1,0,0,0,0,1,0,0,0,0,0,medio_alto
4,10000.0,0,0.0,2,3,1,0,0,0,1,0,0,1,0,0,1,medio_baixo
6,10000.0,4,0.75,8,6,1,1,0,0,1,1,0,1,1,1,1,baixo
11,10000.0,190,0.9526315789473684,5,3,1,0,0,0,0,1,1,1,0,0,0,baixo
4,10000.0,5,0.6,1,3,1,0,0,0,1,0,1,1,0,0,0,medio_baixo
10,150000.0,1289,0.9294026377036463,1,2,1,1,0,1,1,0,0,1,0,0,0,medio_baixo
8,10000.0,6,0.5,1,4,1,0,0,0,1,0,0,1,0,1,1,medio_baixo
11,10000.0,61,0.6557377049180327,1,3,1,0,0,0,1,0,0,1,0,0,0,gratuito
3,10000.0,1,1.0,2,2,1,0,0,0,1,1,0,0,0,0,0,baixo
2,10000.0,8,1.0,1,2,1,1,1,0,1,0,0,0,0,0,0,medio_alto
1,10000.0,276,0.75,12,3,1,0,0,0,1,0,0,1,0,0,1,alto
1,10000.0,0,0.0,1,3,1,0,0,0,1,1,0,0,0,0,0,medio_alto
2,10000.0,0,0.0,2,3,1,1,1,0,1,0,0,1,0,0,0,alto
3,10000.0,22,0.9090909090909091,5,1,1,0,0,0,0,1,0,0,0,0,0,medio_alto
2,10000.0,19,0.7368421052631579,1,4,1,0,0,0,0,1,1,0,0,0,1,alto
2,10000.0,42,0.9761904761904762,2,4,1,0,0,0,0,0,1,1,1,0,0,medio_baixo
1,10000.0,5,0.2,1,5,1,0,0,0,1,1,0,1,0,1,1,medio_baixo
8,3500000.0,33421,0.7779839023368541,5,2,1,1,1,6,0,0,1,0,1,0,0,medio_baixo
5,0.0,0,0.0,1,4,1,0,0,0,1,0,0,1,1,0,0,gratuito
6,10000.0,16,0.8125,12,1,1,1,0,0,1,0,0,0,0,0,0,medio_baixo
4,35000.0,7,1.0,1,2,1,1,1,0,1,0,1,0,0,0,0,medio_alto
3,10000.0,0,0.0,1,2,1,0,0,0,0,0,0,0,0,0,1,medio_alto
1,10000.0,6,1.0,8,2,1,1,0,0,1,0,0,1,0,0,0,alto
2,10000.0,0,0.0,1,8,1,1,0,0,1,1,1,1,1,1,1,alto
8,350000.0,4840,0.8923553719008265,1,4,1,1,1,1,1,1,1,0,1,0,0,alto
5,75000.0,25,0.92,8,3,1,0,0,0,1,1,1,0,0,0,0,medio_alto
7,150000.0,138,0.7028985507246377,1,5,1,0,0,0,1,0,0,1,0,0,1,baixo
3,10000.0,6,0.8333333333333334,1,3,1,0,0,0,1,0,1,0,0,0,1,medio_baixo
1,10000.0,0,0.0,1,1,1,0,0,0,1,0,0,0,0,0,0,alto
10,150000.0,963,0.838006230529595,1,3,1,0,0,0,1,1,0,1,0,0,0,baixo
1,10000.0,497,0.9738430583501007,1,2,1,0,0,1,1,0,1,0,0,0,0,medio_baixo
9,75000.0,9499,0.8634593115064744,12,5,1,1,1,1,1,1,0,0,0,1,1,medio_alto
4,10000.0,143,0.8811188811188811,11,2,1,0,0,0,0,1,1,0,0,0,0,alto
5,10000.0,0,0.0,30,2,1,0,0,2,1,0,0,1,0,0,0,baixo
2,0.0,0,0.0,2,5,1,1,0,0,0,0,0,0,1,1,1,gratuito
7,10000.0,21,1.0,10,3,1,1,1,1,1,1,0,1,0,0,0,baixo
1,0.0,0,0.0,0,0,1,0,0,0,0,0,0,0,0,0,0,gratuito
11,10000.0,46,0.1956521739130435,11,3,1,1,1,0,1,1,0,1,0,0,0,medio_baixo
2,10000.0,5,1.0,1,1,1,0,0,0,0,0,0,1,0,0,0,baixo
5,350000.0,1020,0.9264705882352942,1,3,1,0,0,0,1,0,0,0,1,1,0,alto
2,10000.0,34,0.9117647058823529,10,2,1,0,0,0,1,1,0,0,0,0,0,baixo
9,10000.0,5,0.6,1,3,1,0,0,0,1,0,1,0,0,0,1,medio_alto
8,10000.0,204,0.8186274509803921,9,5,1,1,1,0,1,1,1,1,0,0,1,medio_alto
5,10000.0,0,0.0,1,4,1,0,0,0,1,1,1,1,0,0,0,baixo
5,0.0,0,0.0,0,0,1,0,0,0,0,0,0,0,0,0,0,gratuito
1,10000.0,0,0.0,11,2,1,0,0,0,1,0,0,1,0,0,0,baixo
8,10000.0,29,0.896551724137931,1,2,1,0,0,0,1,0,0,1,0,0,0,alto
11,75000.0,297,0.6801346801346801,1,3,1,0,0,1,1,0,1,1,0,0,0,medio_alto
9,35000.0,1365,0.6212454212454213,3,3,1,0,0,0,1,0,1,1,0,0,0,baixo
3,10000.0,0,0.0,1,3,1,1,0,1,1,1,0,1,0,0,0,baixo
7,35000.0,50,0.78,103,3,1,0,0,0,1,0,0,1,0,0,1,baixo
1,0.0,0,0.0,103,3,1,0,0,2,1,0,0,1,0,0,0,baixo
6,10000.0,80,0.775,1,3,1,0,0,1,1,1,1,0,0,0,0,medio_alto
5,10000.0,6,0.8333333333333334,11,2,1,0,0,0,1,0,0,0,0,0,1,medio_baixo
7,10000.0,23,0.7391304347826086,1,1,1,0,0,0,0,1,0,0,0,0,0,medio_alto
3,0.0,0,0.0,0,0,1,0,0,0,0,0,0,0,0,0,0,gratuito
5,35000.0,12,0.8333333333333334,1,3,1,0,0,0,1,0,1,1,0,0,0,baixo
4,10000.0,1,1.0,1,5,1,0,0,0,1,1,1,1,0,0,1,baixo
5,35000.0,6,0.8333333333333334,2,4,1,0,0,0,1,0,1,0,1,1,0,medio_alto
6,0.0,0,0.0,0,0,1,0,0,0,0,0,0,0,0,0,0,gratuito
11,150000.0,80,0.6375,2,3,1,0,0,1,0,0,0,0,0,0,0,medio_baixo
1,10000.0,0,0.0,1,2,1,1,1,0,0,1,0,0,0,0,1,alto
1,10000.0,0,0.0,13,2,1,0,0,0,0,1,1,0,0,0,0,alto
10,10000.0,21,0.5714285714285714,3,4,1,0,1,0,1,1,0,0,0,1,0,alto
2,35000.0,734,0.8787465940054496,10,5,1,0,0,0,1,0,1,1,1,0,1,medio_alto
6,10000.0,46,0.9782608695652174,1,2,1,1,1,2,1,0,0,0,1,0,0,alto
3,150000.0,2069,0.6176897051715805,11,4,1,0,0,1,1,1,1,0,1,0,0,medio_alto
2,75000.0,1269,0.8542159180457053,14,6,1,0,0,1,1,0,1,1,1,1,1,medio_baixo
1,10000.0,0,0.0,1,2,1,0,0,0,1,0,1,0,0,0,0,alto
5,35000.0,177,0.6440677966101694,3,2,1,0,0,0,1,0,0,0,1,0,0,alto
2,10000.0,52,0.8076923076923077,5,1,1,0,0,1,0,0,0,0,0,1,0,alto
4,350000.0,7262,0.9546956761222803,2,2,1,0,0,1,1,0,1,0,0,0,0,medio_alto
1,10000.0,9,0.6666666666666666,1,4,1,0,0,0,1,1,1,0,1,0,0,medio_baixo
3,10000.0,3,0.6666666666666666,1,2,1,0,0,0,0,1,0,0,0,0,0,baixo
7,10000.0,1,0.0,2,4,1,0,0,0,1,1,0,1,0,0,0,baixo
1,10000.0,0,0.0,1,2,1,0,0,0,0,1,0,0,0,0,0,alto
10,10000.0,11,0.8181818181818182,1,1,1,1,0,0,1,0,0,0,0,0,0,medio_alto
4,10000.0,7,1.0,1,1,1,0,0,0,0,1,0,0,0,0,0,medio_baixo
1,10000.0,3,0.3333333333333333,14,3,1,0,0,0,1,1,0,0,0,0,0,medio_baixo
10,750000.0,4985,0.8415245737211635,8,3,1,1,0,0,1,0,1,0,0,0,0,gratuito
1,10000.0,0,0.0,1,2,1,0,0,0,0,1,0,1,0,0,0,alto
4,10000.0,5,1.0,1,2,1,0,0,0,0,0,1,1,0,0,0,medio_alto
1,0.0,0,0.0,0,0,1,0,0,0,0,0,0,0,0,0,0,gratuito
1,0.0,0,0.0,3,2,1,1,1,0,1,0,0,0,0,0,0,alto
7,35000.0,71,0.5070422535211268,1,3,1,0,0,0,0,0,0,0,0,0,1,gratuito
1,10000.0,0,0.0,1,1,1,0,0,0,0,1,0,0,0,0,0,medio_baixo
10,150000.0,195,0.3384615384615385,1,2,1,0,0,0,0,1,1,0,0,0,0,baixo
5,0.0,0,0.0,1,2,1,0,0,0,0,0,0,0,0,0,1,gratuito
9,35000.0,190,0.6,9,2,1,1,1,0,0,0,1,1,0,0,0,medio_baixo
6,10000.0,0,0.0,1,1,1,0,0,0,0,0,0,1,0,0,0,medio_baixo
6,10000.0,4,1.0,14,5,1,0,0,0,1,1,0,1,0,0,0,medio_alto
3,10000.0,15,0.7333333333333333,2,3,1,0,0,0,1,0,0,0,0,1,1,baixo
17,150000.0,833,0.7827130852340937,2,3,1,0,0,0,1,1,0,0,1,0,0,medio_baixo
1,0.0,0,0.0,14,4,1,0,0,0,1,1,1,0,0,0,1,medio_alto
4,10000.0,1,0.0,1,3,1,0,0,0,0,1,0,0,0,1,0,alto
1,10000.0,2,1.0,1,2,1,0,1,0,1,0,0,1,0,0,0,baixo
1,0.0,0,0.0,0,0,1,0,0,0,0,0,0,0,0,0,0,gratuito
13,750000.0,17143,0.9356005366621944,5,2,1,0,0,1,0,0,0,0,0,0,0,alto
8,10000.0,2,1.0,1,4,1,1,1,0,1,1,0,1,0,1,0,baixo
2,10000.0,11,0.5454545454545454,1,3,1,0,0,0,1,1,1,0,0,0,0,medio_baixo
4,0.0,0,0.0,0,0,1,0,0,0,0,0,0,0,0,0,0,gratuito
7,10000.0,29,0.6896551724137931,7,3,1,0,0,0,1,1,1,0,0,0,0,medio_baixo
12,10000.0,22,0.6363636363636364,15,2,1,1,1,0,1,0,0,0,0,1,0,medio_alto
1,0.0,0,0.0,1,3,1,0,0,0,1,0,1,0,0,0,0,gratuito
3,10000.0,0,0.0,1,2,1,1,1,0,1,0,0,1,0,0,0,medio_alto
4,10000.0,0,0.0,1,4,1,0,0,0,1,0,1,1,0,0,1,baixo
6,35000.0,31,0.8064516129032258,2,4,1,0,0,0,1,1,1,1,0,0,0,medio_baixo
13,35000.0,231,0.7012987012987013,1,1,1,0,0,0,0,1,0,0,0,0,0,medio_baixo
7,10000.0,8,1.0,1,4,1,0,0,0,1,1,0,1,0,0,0,medio_alto
8,10000.0,38,0.9473684210526315,1,4,1,0,0,0,1,1,0,1,0,0,0,gratuito
3,10000.0,0,0.0,1,3,1,1,1,0,1,0,1,1,0,0,0,alto
2,10000.0,56,0.8035714285714286,1,4,1,0,0,0,1,0,1,1,1,0,0,medio_alto
8,10000.0,18,0.6666666666666666,1,2,1,1,1,0,1,0,0,1,0,0,0,baixo
10,10000.0,25,0.12,1,3,1,0,0,0,1,1,1,0,0,0,0,gratuito
3,10000.0,3,0.6666666666666666,1,4,1,0,0,0,1,0,1,1,0,0,1,baixo
1,10000.0,5,1.0,1,4,1,0,0,0,1,0,1,0,1,1,0,alto
3,10000.0,65,0.8615384615384616,13,2,1,0,0,0,0,0,1,0,0,0,1,medio_alto
4,0.0,0,0.0,0,0,1,0,0,0,0,0,0,0,0,0,0,gratuito
8,10000.0,4,0.75,1,4,1,0,0,0,1,1,1,0,0,0,1,medio_baixo
1,10000.0,0,0.0,1,1,1,0,0,0,0,0,0,1,0,0,0,baixo
3,10000.0,25,0.64,2,5,1,0,0,0,1,0,1,0,1,0,0,gratuito
4,10000.0,10,0.4,1,3,1,0,0,1,1,1,0,1,0,0,0,medio_baixo
3,10000.0,0,0.0,28,2,1,0,0,0,0,1,0,0,1,0,0,baixo
10,10000.0,42,0.5476190476190477,1,5,1,1,0,0,1,1,0,1,0,0,0,medio_alto
3,10000.0,157,0.6942675159235668,2,5,1,0,0,0,1,1,0,1,1,0,1,alto
2,0.0,0,0.0,1,6,1,0,0,0,1,1,1,1,1,0,0,gratuito
1,10000.0,0,0.0,9,4,1,1,0,0,0,1,1,0,1,1,0,alto
1,0.0,0,0.0,2,2,1,0,0,8,0,1,0,0,0,0,0,gratuito
11,150000.0,1085,0.7953917050691244,10,4,1,1,1,0,1,1,0,1,0,1,0,medio_alto
2,0.0,0,0.0,0,0,1,0,0,0,0,0,0,0,0,0,0,gratuito
6,10000.0,14,0.8571428571428571,1,3,1,0,0,1,1,0,1,0,0,1,0,medio_baixo
8,10000.0,37,0.8918918918918919,1,1,1,0,0,0,1,0,0,0,0,0,0,baixo
8,10000.0,17,0.47058823529411764,1,4,1,0,0,0,1,1,0,1,0,1,0,baixo
8,10000.0,20,0.85,1,1,1,0,0,0,0,0,0,0,1,0,0,medio_baixo
1,10000.0,216,0.5370370370370371,10,6,1,0,0,0,1,0,1,1,1,1,1,medio_baixo
1,0.0,0,0.0,0,0,1,0,0,0,0,0,0,0,0,0,0,gratuito
4,35000.0,8,1.0,9,1,1,1,0,0,0,1,0,0,0,0,0,alto
8,10000.0,2,1.0,8,3,1,1,0,0,1,0,0,1,0,0,0,medio_baixo
7,10000.0,0,0.0,1,7,1,0,0,0,1,1,0,1,0,1,0,alto
5,0.0,0,0.0,1,1,1,0,0,0,0,0,1,0,0,0,0,gratuito
6,75000.0,5,0.8,2,4,1,0,0,1,1,0,1,1,1,0,0,medio_alto
1,10000.0,6,1.0,7,2,1,0,0,0,1,0,1,0,0,0,0,medio_alto
3,10000.0,26,0.9230769230769231,6,3,1,1,0,0,1,1,0,0,0,0,1,baixo
1,0.0,0,0.0,0,0,1,0,0,0,0,0,0,0,0,0,0,gratuito
2,10000.0,19,0.8421052631578947,1,2,1,1,1,1,1,0,1,0,0,0,0,alto
1,10000.0,4,0.75,12,3,1,0,0,0,0,1,1,0,0,1,0,baixo
8,10000.0,19,0.8947368421052632,1,2,1,0,0,0,0,1,1,0,0,0,0,medio_alto
2,35000.0,135,0.9185185185185185,4,2,1,0,0,1,1,0,1,0,0,0,0,gratuito
2,0.0,0,0.0,5,5,1,0,0,0,1,1,1,1,0,0,0,gratuito
2,10000.0,6,0.8333333333333334,2,3,1,0,0,0,1,1,0,1,0,0,0,alto
4,10000.0,0,0.0,8,3,1,1,0,1,1,0,0,0,1,1,0,alto
3,0.0,0,0.0,2,1,1,0,0,0,0,1,0,0,0,0,0,gratuito
3,10000.0,6,1.0,14,3,1,0,0,0,0,0,0,1,0,1,1,medio_baixo
2,0.0,0,0.0,11,2,1,0,0,0,0,0,0,1,0,0,0,gratuito
4,10000.0,19,1.0,6,3,1,0,0,1,1,0,0,1,0,1,0,baixo
7,10000.0,1,0.0,5,1,1,0,0,0,0,0,0,1,0,0,0,medio_baixo
5,10000.0,3,0.6666666666666666,2,3,1,0,0,0,1,1,0,0,0,1,0,alto
7,10000.0,0,0.0,6,5,1,0,0,0,1,1,1,0,0,1,0,baixo
7,10000.0,17,0.5882352941176471,1,1,1,0,1,0,0,0,0,0,0,0,1,alto
8,10000.0,128,0.75,2,6,1,0,0,1,1,0,0,1,1,0,1,gratuito
1,0.0,0,0.0,9,4,1,0,0,0,1,1,1,1,0,0,0,baixo
2,350000.0,35,1.0,9,1,1,0,0,0,0,0,1,0,0,0,0,alto
7,10000.0,5,0.4,1,6,1,0,1,0,1,1,1,1,0,1,1,alto
2,10000.0,9,1.0,1,2,1,0,0,0,1,1,0,0,0,0,0,medio_baixo
8,150000.0,823,0.8080194410692588,1,4,1,1,1,9,1,0,1,0,1,1,0,medio_baixo
7,10000.0,1,1.0,1,6,1,0,0,0,1,0,1,0,1,1,1,alto
1,10000.0,0,0.0,7,2,1,0,0,0,0,0,1,0,0,1,0,medio_alto
4,10000.0,0,0.0,1,2,1,0,0,0,1,1,0,0,0,0,0,medio_baixo
1,10000.0,9,0.3333333333333333,1,2,1,0,0,0,0,0,1,0,1,0,0,alto
10,75000.0,224,0.7991071428571429,1,3,1,0,0,1,1,0,0,0,0,1,1,alto
4,10000.0,5,0.8,2,6,1,1,0,0,1,1,1,0,1,1,1,medio_baixo
9,350000.0,914,0.5525164113785558,1,5,1,1,0,0,1,1,1,0,0,0,1,gratuito
3,35000.0,548,0.7791970802919708,7,4,1,0,0,2,1,0,1,1,1,0,0,medio_alto
2,10000.0,11,1.0,0,2,1,0,0,0,0,0,1,0,0,1,0,alto
3,10000.0,2,1.0,1,4,1,0,0,0,1,1,0,1,0,0,0,medio_alto
10,10000.0,1,0.0,1,2,1,0,0,0,0,1,0,0,0,0,0,medio_alto
9,10000.0,4,0.75,1,3,1,1,0,0,1,0,1,1,0,0,0,gratuito
1,10000.0,0,0.0,1,3,1,0,0,0,1,0,1,1,0,0,0,medio_alto
3,10000.0,2,0.5,1,1,1,0,0,0,0,1,0,0,0,0,0,medio_alto
5,10000.0,9,0.6666666666666666,3,3,1,0,0,0,1,1,1,0,0,0,0,medio_alto
1,10000.0,0,0.0,1,2,1,0,0,0,1,0,0,1,0,0,0,medio_baixo
2,0.0,0,0.0,4,5,1,0,1,0,0,0,1,1,0,1,1,gratuito
4,10000.0,5,1.0,2,2,1,0,0,0,1,0,0,1,0,0,0,medio_baixo
4,10000.0,6,0.3333333333333333,2,6,1,0,0,0,1,0,1,1,1,1,0,baixo
3,10000.0,4,1.0,2,3,1,1,1,0,1,0,0,1,0,0,0,medio_alto
1,0.0,0,0.0,1,3,1,0,0,0,1,0,0,1,0,0,0,gratuito
3,10000.0,31,0.9354838709677419,10,2,1,0,0,1,1,1,0,0,0,0,0,alto
3,10000.0,3,1.0,3,3,1,0,1,0,1,1,0,1,0,0,0,medio_alto
1,0.0,0,0.0,1,4,1,0,0,0,1,1,1,0,0,1,0,medio_baixo
3,10000.0,0,0.0,1,3,1,0,0,0,1,1,1,0,0,0,0,gratuito
6,10000.0,9,0.6666666666666666,9,2,1,1,1,0,1,1,0,0,0,0,0,medio_baixo
1,10000.0,0,0.0,1,1,1,0,0,0,1,0,0,0,0,0,0,medio_alto
5,0.0,0,0.0,0,0,1,0,0,0,0,0,0,0,0,0,0,gratuito
1,10000.0,25,1.0,15,2,1,0,0,0,1,0,1,0,0,0,0,baixo
2,0.0,0,0.0,0,0,1,0,0,0,0,0,0,0,0,0,0,gratuito
1,10000.0,0,0.0,8,4,1,1,1,0,1,0,0,1,0,1,1,alto
2,0.0,0,0.0,1,4,1,0,0,0,1,0,1,1,0,0,0,gratuito
2,10000.0,2,0.0,26,2,1,0,0,0,1,0,0,1,0,0,0,medio_alto
2,0.0,0,0.0,0,0,1,0,0,0,0,0,0,0,0,0,0,gratuito
6,10000.0,0,0.0,1,1,1,1,1,0,0,0,0,0,1,0,0,alto
3,35000.0,1005,0.8626865671641791,5,5,1,0,0,0,1,0,0,0,0,0,1,alto
4,10000.0,26,0.6153846153846154,1,4,1,0,0,0,1,0,1,1,0,0,1,baixo
9,10000.0,12,0.75,1,3,1,0,0,0,0,0,0,0,0,0,0,gratuito
4,10000.0,1,1.0,2,2,1,0,0,0,0,0,0,1,0,1,0,alto
2,10000.0,439,0.8656036446469249,8,6,1,1,0,0,1,0,0,1,0,1,1,alto
1,10000.0,0,0.0,2,4,1,0,0,0,1,1,1,1,0,0,0,baixo
5,10000.0,258,0.9108527131782945,2,1,1,0,0,0,0,1,0,0,0,0,0,alto
2,35000.0,442,0.9434389140271493,6,2,1,0,0,1,0,0,0,0,0,0,0,alto
3,10000.0,0,0.0,1,5,1,0,0,0,1,1,1,1,0,0,1,baixo
1,0.0,0,0.0,0,0,1,0,0,0,0,0,0,0,0,0,0,gratuito
1,0.0,0,0.0,1,3,1,0,0,0,0,0,1,0,1,0,0,gratuito
3,0.0,0,0.0,102,9,1,1,1,0,1,1,1,1,1,1,1,alto
2,75000.0,2807,0.9878874242964019,10,3,1,1,0,0,1,0,1,1,0,0,0,alto
3,10000.0,6,0.8333333333333334,1,4,1,1,0,0,1,1,0,1,0,1,0,medio_alto
3,0.0,0,0.0,1,3,1,0,0,0,1,1,1,0,0,0,0,gratuito
3,35000.0,16,0.6875,4,2,1,0,0,1,0,0,1,1,0,0,0,alto
2,150000.0,1433,0.6734124214933705,1,3,1,0,0,0,0,1,1,0,1,0,0,alto
4,0.0,0,0.0,0,0,1,0,0,0,0,0,0,0,0,0,0,gratuito
3,10000.0,1,1.0,1,2,1,0,0,0,0,0,1,0,1,0,0,medio_baixo
5,10000.0,17,0.5882352941176471,1,3,1,0,0,0,1,1,0,0,0,0,0,medio_baixo
9,10000.0,8,0.625,2,2,1,0,0,0,0,1,0,0,0,0,0,medio_baixo
4,0.0,0,0.0,5,3,1,1,0,0,0,0,0,1,1,1,0,gratuito
2,10000.0,0,0.0,6,3,1,0,0,0,1,1,0,1,0,0,0,medio_baixo
8,10000.0,32,0.40625,1,3,1,0,0,0,0,1,0,0,0,1,1,baixo
1,10000.0,4,0.5,3,2,1,0,0,0,0,0,0,1,0,1,0,alto
2,10000.0,0,0.0,1,2,1,0,0,0,0,1,1,0,0,0,0,medio_baixo
7,35000.0,317,0.9337539432176656,15,5,1,0,1,2,1,1,0,1,1,0,1,baixo
3,10000.0,56,0.9821428571428571,1,5,1,0,0,1,1,1,1,1,1,0,0,baixo
1,0.0,0,0.0,2,3,1,0,0,0,1,0,0,1,0,0,1,medio_baixo
5,10000.0,2,0.5,2,4,1,0,0,0,1,0,1,0,0,0,1,alto
4,10000.0,11,0.8181818181818182,1,2,1,0,0,0,1,0,0,1,0,0,0,medio_alto
5,10000.0,20,0.6,1,5,1,0,0,0,1,0,1,1,0,0,1,baixo
2,0.0,0,0.0,0,0,1,0,0,0,0,0,0,0,0,0,0,gratuito
1,10000.0,0,0.0,6,4,1,0,0,2,1,0,1,1,1,0,0,alto
3,10000.0,0,0.0,29,2,1,0,0,0,1,0,0,1,0,0,0,baixo
1,10000.0,0,0.0,2,2,1,0,0,0,0,0,1,0,1,0,0,alto
4,10000.0,113,0.9026548672566371,1,4,1,1,0,0,0,1,0,1,0,1,0,medio_alto
1,35000.0,426,0.9342723004694836,21,8,1,0,0,0,1,1,1,1,1,0,1,alto
7,750000.0,6913,0.8745841168812383,2,3,1,0,0,0,1,1,0,0,0,0,0,gratuito
1,0.0,0,0.0,0,0,1,0,0,0,0,0,0,0,0,0,0,gratuito
1,0.0,0,0.0,0,0,1,0,0,0,0,0,0,0,0,0,0,gratuito
4,10000.0,4,0.5,4,1,1,0,0,0,0,0,0,1,0,0,0,medio_alto
3,0.0,0,0.0,1,4,1,0,0,0,0,1,0,1,0,1,0,gratuito
3,10000.0,2,1.0,1,2,1,0,0,0,0,0,0,1,0,0,1,baixo
2,0.0,0,0.0,1,5,1,0,0,0,0,1,0,0,1,1,0,gratuito
2,10000.0,157,0.9936305732484076,3,2,1,0,0,0,1,1,0,0,0,0,0,baixo
1,10000.0,0,0.0,1,1,1,0,1,0,0,0,1,0,0,0,0,medio_alto
8,10000.0,4,0.75,1,3,1,0,0,0,1,0,0,0,0,1,0,medio_baixo
3,150000.0,1323,0.7482993197278912,6,5,1,1,0,4,0,1,1,1,1,1,0,alto
6,75000.0,1047,0.7220630372492837,7,4,1,1,0,5,1,0,1,0,1,1,0,medio_alto
5,35000.0,226,0.6769911504424779,8,5,1,0,0,3,1,1,0,0,1,1,1,medio_alto
1,10000.0,13,1.0,3,5,1,0,0,0,1,1,1,1,1,0,0,medio_baixo
4,0.0,0,0.0,0,0,1,0,0,0,0,0,0,0,0,0,0,gratuito
2,0.0,0,0.0,10,4,1,0,0,0,0,0,1,0,1,0,0,gratuito
8,10000.0,0,0.0,1,3,1,0,0,0,1,1,0,1,0,0,0,alto
9,10000.0,39,0.41025641025641024,12,2,1,0,0,2,0,1,0,0,0,0,0,alto
1,10000.0,0,0.0,9,3,1,1,0,0,1,0,1,1,0,0,0,medio_alto
2,10000.0,1,1.0,1,3,1,0,0,0,0,0,1,1,0,0,0,alto
7,10000.0,617,0.8654781199351702,3,1,1,0,0,0,0,0,1,0,0,0,0,alto
16,35000.0,170,0.7823529411764706,3,3,1,1,0,0,1,0,1,1,0,0,0,medio_alto
1,0.0,0,0.0,1,3,1,0,0,0,1,0,0,0,1,0,0,gratuito
8,10000.0,33,0.6666666666666666,1,4,1,0,0,0,1,0,1,1,0,0,0,gratuito
1,10000.0,0,0.0,1,3,1,0,0,0,1,1,0,1,0,0,0,baixo
2,10000.0,0,0.0,31,2,1,0,0,0,1,0,0,1,0,0,0,baixo
1,0.0,0,0.0,1,4,1,0,1,0,1,0,0,0,0,1,1,gratuito
5,10000.0,0,0.0,6,2,1,0,1,0,1,0,0,0,1,0,0,medio_alto
4,10000.0,258,0.8372093023255814,15,3,1,1,1,1,1,0,1,1,0,0,0,medio_baixo
1,10000.0,0,0.0,9,2,1,0,0,1,1,0,1,0,0,0,0,medio_baixo
3,10000.0,22,1.0,1,5,1,1,0,0,1,1,1,1,0,0,1,medio_alto
1,0.0,0,0.0,1,2,1,0,0,0,1,0,0,1,0,0,0,alto
10,10000.0,1,0.0,1,3,1,0,0,0,1,0,0,1,0,1,0,baixo
5,10000.0,59,0.9661016949152542,1,3,1,1,1,0,1,1,1,0,0,0,0,gratuito
9,10000.0,5,0.2,1,2,1,0,0,0,1,0,0,1,0,0,0,medio_baixo
9,10000.0,14,0.6428571428571429,1,1,1,1,1,0,0,1,0,0,0,0,0,medio_baixo
3,10000.0,124,0.9758064516129032,1,2,1,0,0,0,1,0,1,0,0,0,0,baixo
9,350000.0,4415,0.5956964892412231,8,2,1,1,1,1,0,1,0,0,1,0,0,medio_alto
1,0.0,0,0.0,1,3,1,0,0,0,1,0,0,1,0,1,0,medio_baixo
2,10000.0,31,0.967741935483871,1,2,1,1,1,0,1,0,0,0,0,0,1,gratuito
2,0.0,0,0.0,1,4,1,0,0,0,1,0,0,1,0,0,1,gratuito
1,0.0,0,0.0,12,4,1,1,1,0,1,0,0,1,0,1,0,medio_alto
2,10000.0,0,0.0,1,1,1,0,0,0,0,0,0,0,0,0,1,alto
6,10000.0,53,0.9245283018867925,1,2,1,0,0,0,1,0,0,0,0,0,0,gratuito
4,35000.0,457,0.9299781181619255,8,2,1,0,0,0,0,0,0,0,0,0,1,alto
7,10000.0,391,0.7365728900255755,1,7,1,0,0,1,0,1,1,1,0,0,1,gratuito
1,10000.0,12,0.9166666666666666,2,6,1,0,0,0,0,1,1,1,0,1,1,baixo
8,10000.0,6,0.8333333333333334,1,3,1,0,0,0,1,0,0,0,0,0,1,medio_alto
6,35000.0,152,0.6513157894736842,10,4,1,0,0,0,1,1,1,0,1,0,0,medio_alto
1,10000.0,0,0.0,10,1,1,0,0,0,0,1,0,0,0,0,0,alto
9,10000.0,11,0.2727272727272727,1,1,1,0,0,0,0,0,0,0,0,0,0,alto
1,10000.0,1,1.0,1,5,1,0,0,0,1,0,1,1,0,0,1,baixo
9,35000.0,912,0.9210526315789473,2,2,1,0,0,0,0,1,0,0,1,0,0,alto
11,10000.0,11,0.5454545454545454,1,3,1,0,0,0,1,0,1,0,1,0,0,medio_alto
10,10000.0,48,0.75,2,2,1,0,0,0,1,0,0,0,0,0,1,medio_alto
2,10000.0,0,0.0,1,1,1,0,0,0,0,0,0,1,0,0,0,alto
1,0.0,0,0.0,1,1,1,0,0,0,0,0,0,1,0,0,0,medio_baixo
1,10000.0,0,0.0,6,5,1,0,0,0,1,1,1,0,1,1,0,medio_alto
5,0.0,0,0.0,1,5,1,0,0,0,1,1,1,1,0,0,0,gratuito
9,350000.0,837,0.6451612903225806,14,2,1,0,0,0,1,0,1,0,0,0,0,baixo
4,10000.0,19,0.47368421052631576,1,5,1,0,0,0,1,0,1,1,1,0,0,gratuito
8,150000.0,428,0.883177570093458,1,3,1,1,0,0,1,0,1,1,0,0,0,medio_baixo
7,10000.0,0,0.0,1,3,1,0,0,0,1,0,1,0,0,0,1,baixo
1,10000.0,4,1.0,1,4,1,0,0,0,1,1,1,1,0,0,0,baixo
3,0.0,0,0.0,0,0,1,0,0,0,0,0,0,0,0,0,0,gratuito
6,10000.0,1,0.0,1,6,1,0,0,0,1,0,0,1,1,1,1,alto
2,0.0,0,0.0,0,0,1,0,0,0,0,0,0,0,0,0,0,gratuito
5,10000.0,0,0.0,15,1,1,0,0,0,0,0,0,1,0,0,0,baixo
7,10000.0,11,0.5454545454545454,2,2,1,0,0,0,1,0,1,0,0,0,0,medio_baixo
7,150000.0,237,0.70042194092827,2,4,1,0,0,1,1,0,1,1,0,0,0,gratuito
3,10000.0,0,0.0,2,4,1,0,0,0,1,0,1,1,1,0,0,alto
1,10000.0,3,0.3333333333333333,2,3,1,0,0,0,1,1,0,0,0,0,0,alto
5,10000.0,20,0.4,1,1,1,0,0,0,0,0,0,1,0,0,0,medio_alto
8,10000.0,112,0.6517857142857143,2,1,1,1,1,2,1,0,0,0,0,0,0,baixo
1,10000.0,0,0.0,1,1,1,0,0,0,0,1,0,0,0,0,0,baixo
9,10000.0,4,0.5,1,1,1,0,0,0,1,0,0,0,0,0,0,baixo
4,10000.0,0,0.0,1,3,1,0,1,0,1,0,0,1,0,0,1,medio_baixo
8,10000.0,1,1.0,16,3,1,0,0,0,1,0,0,1,0,1,0,medio_baixo
1,10000.0,0,0.0,13,3,1,0,0,0,1,0,1,1,0,0,0,baixo
1,10000.0,0,0.0,1,2,1,1,1,0,1,0,0,1,0,0,0,medio_alto
3,10000.0,5,0.8,1,3,1,0,0,0,1,0,0,1,0,1,0,medio_baixo
7,10000.0,10,0.9,1,3,1,0,0,0,0,0,0,1,0,0,1,baixo
1,0.0,0,0.0,0,0,1,0,0,0,0,0,0,0,0,0,0,gratuito
11,350000.0,2222,0.7083708370837084,1,2,1,0,0,0,0,1,0,0,0,1,0,medio_baixo
4,10000.0,5,0.8,1,4,1,0,0,0,1,1,1,1,0,0,0,gratuito
10,150000.0,690,0.6768115942028986,7,4,1,1,1,0,1,0,1,1,0,0,0,gratuito
1,0.0,0,0.0,0,0,1,0,0,0,0,0,0,0,0,0,0,gratuito
1,0.0,0,0.0,1,2,1,0,0,0,0,0,0,0,0,0,0,gratuito
4,10000.0,175,0.8,7,3,1,0,0,1,1,0,1,0,1,0,0,medio_baixo
3,10000.0,0,0.0,1,2,1,0,1,0,0,1,1,0,0,0,0,medio_baixo
3,10000.0,11,0.8181818181818182,2,2,1,0,0,0,1,1,0,0,0,0,0,alto
8,10000.0,24,0.875,1,3,1,1,1,1,1,0,1,0,1,0,0,medio_alto
9,10000.0,5,0.2,1,4,1,1,0,0,1,1,1,1,0,0,0,alto
5,10000.0,1,0.0,1,4,1,0,0,0,1,1,1,1,0,0,0,alto
1,0.0,0,0.0,0,0,1,0,0,0,0,0,0,0,0,0,0,gratuito
4,35000.0,13,0.7692307692307693,1,2,1,0,0,0,0,1,0,0,1,0,0,medio_baixo
2,0.0,0,0.0,0,0,1,0,0,0,0,0,0,0,0,0,0,gratuito
3,0.0,0,0.0,2,4,1,0,0,0,1,0,0,1,0,0,1,gratuito
2,10000.0,1,0.0,10,1,1,0,0,0,0,0,1,0,0,0,0,baixo
5,10000.0,7,0.42857142857142855,1,1,1,0,0,0,0,0,1,0,0,0,0,medio_alto
11,10000.0,6,0.6666666666666666,5,3,1,0,1,0,1,0,0,1,0,0,0,medio_alto
9,10000.0,204,0.8382352941176471,1,4,1,1,1,0,1,0,0,1,0,0,1,gratuito
5,10000.0,0,0.0,1,2,1,0,0,0,1,0,0,1,0,0,0,baixo
1,10000.0,0,0.0,9,3,1,0,0,3,1,1,0,0,1,0,0,alto
4,10000.0,14,0.5,2,3,1,0,0,0,1,0,1,1,0,0,0,medio_baixo
1,0.0,0,0.0,0,0,1,0,0,0,0,0,0,0,0,0,0,gratuito
3,10000.0,9,1.0,1,3,1,1,0,0,1,0,1,1,0,0,0,medio_alto
9,10000.0,106,0.9716981132075472,1,3,1,0,0,0,1,1,1,0,0,0,0,gratuito
11,75000.0,524,0.6259541984732825,2,3,1,1,1,1,1,1,0,0,0,1,0,alto
2,10000.0,12,0.16666666666666666,1,4,1,1,0,0,1,1,0,1,0,0,0,baixo
8,10000.0,221,0.8959276018099548,3,3,1,0,1,0,1,0,1,1,0,0,0,medio_alto
2,10000.0,4,1.0,2,1,1,0,0,0,0,0,0,0,0,0,1,baixo
9,35000.0,96,0.59375,1,3,1,1,0,0,1,1,1,0,0,0,0,baixo
1,75000.0,4,0.25,1,5,1,0,0,0,1,0,1,0,1,1,1,baixo
2,10000.0,43,0.813953488372093,2,3,1,0,0,0,1,0,0,0,1,1,0,alto
1,0.0,0,0.0,0,0,1,0,0,0,0,0,0,0,0,0,0,gratuito
9,35000.0,6,0.5,1,4,1,0,0,0,1,1,1,1,0,0,0,medio_baixo
1,10000.0,86,0.9418604651162791,3,3,1,0,0,0,1,0,1,0,1,0,0,alto
2,10000.0,0,0.0,1,3,1,0,0,0,1,1,1,0,0,0,0,alto
9,10000.0,10,0.6,1,2,1,0,0,0,0,0,1,0,1,0,0,medio_baixo
3,10000.0,35,0.8,1,3,1,0,0,8,1,1,1,0,0,0,0,medio_baixo
7,10000.0,3,1.0,1,3,1,0,0,0,1,1,0,1,0,0,0,baixo
3,10000.0,2,0.5,2,2,1,0,0,0,1,1,0,0,0,0,0,medio_baixo
3,35000.0,4,1.0,18,3,1,0,0,0,1,1,0,1,0,0,0,baixo
5,10000.0,4,0.75,1,1,1,1,0,0,1,0,0,0,0,0,0,medio_baixo
1,10000.0,1,1.0,1,5,1,0,0,0,1,1,1,1,0,0,0,alto
4,10000.0,0,0.0,1,1,1,0,0,0,0,0,1,0,0,0,0,baixo
5,10000.0,12,0.8333333333333334,1,2,1,0,0,0,1,1,0,0,0,0,0,gratuito
3,0.0,0,0.0,1,2,1,0,0,0,0,0,1,0,1,0,0,gratuito
9,0.0,0,0.0,1,4,1,0,0,0,1,0,0,1,0,1,1,baixo
1,10000.0,1,1.0,3,3,1,0,0,0,0,0,0,1,0,1,1,medio_baixo
7,10000.0,7,0.5714285714285714,1,3,1,0,0,0,1,0,0,1,0,0,1,alto
1,10000.0,5,1.0,2,1,1,1,1,0,0,0,0,0,0,0,1,medio_alto
5,10000.0,3,0.6666666666666666,1,2,1,0,0,0,0,0,0,0,0,0,0,medio_alto
7,10000.0,3,1.0,1,3,1,0,0,0,1,0,1,0,1,0,0,medio_alto
1,10000.0,0,0.0,7,3,1,0,0,0,0,1,1,0,1,0,0,alto
1,10000.0,0,0.0,2,5,1,0,0,0,1,1,1,1,1,0,0,baixo
3,10000.0,1,1.0,1,3,1,0,0,0,1,1,1,0,0,0,0,medio_baixo
9,10000.0,10,0.8,2,4,1,0,0,0,1,1,0,1,0,0,0,gratuito
3,10000.0,24,0.9166666666666666,2,4,1,1,0,0,1,1,1,0,0,0,1,baixo
7,10000.0,8,0.375,1,2,1,0,0,0,0,1,1,0,0,0,0,medio_baixo
5,10000.0,0,0.0,1,2,1,0,0,1,1,0,0,1,0,0,0,baixo
2,10000.0,0,0.0,1,2,1,1,1,0,0,0,1,0,1,0,0,alto
7,10000.0,9,0.6666666666666666,1,2,1,0,0,0,1,0,0,0,1,0,0,medio_alto
8,10000.0,1,1.0,1,3,1,0,0,0,1,0,1,1,0,0,0,baixo
2,10000.0,0,0.0,1,3,1,0,0,0,0,1,0,0,0,1,0,alto
8,10000.0,87,0.7816091954022989,1,1,1,0,0,0,0,0,0,0,1,0,0,baixo
3,10000.0,3,0.6666666666666666,3,5,1,0,0,0,1,1,1,1,1,0,0,baixo
20,750000.0,6895,0.9461928934010152,2,1,1,0,0,0,0,1,0,0,0,0,0,alto
4,10000.0,13,0.6923076923076923,1,4,1,0,0,0,1,0,0,1,1,1,0,medio_alto
3,10000.0,2,1.0,5,2,1,0,0,0,1,0,0,1,0,0,0,alto
1,10000.0,0,0.0,3,4,1,0,0,0,1,0,1,1,0,0,0,baixo
3,0.0,0,0.0,0,0,1,0,0,0,0,0,0,0,0,0,0,gratuito
3,10000.0,10,0.2,12,4,1,0,0,0,1,1,0,1,0,0,1,baixo
9,10000.0,13,0.5384615384615384,1,4,1,0,0,0,0,1,1,0,1,0,1,baixo
11,10000.0,0,0.0,1,1,1,0,0,0,0,0,0,0,0,0,0,gratuito
7,10000.0,16,0.625,2,2,1,0,0,0,0,0,0,0,0,0,0,gratuito
7,10000.0,1,1.0,12,2,1,0,0,0,1,0,0,1,0,0,0,baixo
3,0.0,0,0.0,0,0,1,0,0,0,0,0,0,0,0,0,0,gratuito
3,10000.0,1,1.0,1,1,1,0,0,0,0,0,0,0,0,0,1,baixo
5,10000.0,0,0.0,1,1,1,0,0,0,1,0,0,0,0,0,0,medio_baixo
2,0.0,0,0.0,0,0,1,0,0,0,0,0,0,0,0,0,0,gratuito
3,10000.0,18,0.6666666666666666,1,3,1,0,0,0,1,1,0,1,0,0,0,baixo
8,10000.0,2,1.0,1,2,1,0,0,0,1,0,0,1,0,0,0,medio_baixo
14,3500000.0,106657,0.9713286516590566,7,2,1,1,1,1,1,1,0,0,0,0,0,medio_baixo
9,10000.0,12,0.3333333333333333,1,4,1,0,0,0,1,1,0,1,0,0,1,baixo
2,0.0,0,0.0,103,1,1,0,0,0,0,0,0,1,0,0,0,baixo
1,0.0,0,0.0,1,4,1,0,0,0,1,1,1,0,0,0,0,gratuito
1,0.0,0,0.0,1,5,1,0,0,0,1,1,1,0,0,1,1,medio_baixo
1,10000.0,0,0.0,9,2,1,0,0,0,1,0,0,1,0,0,0,medio_alto
15,10000.0,57,0.5964912280701754,1,1,1,0,0,0,0,0,0,1,0,0,0,medio_baixo
5,10000.0,0,0.0,1,3,1,0,0,0,1,0,1,1,0,0,0,baixo
4,75000.0,45,1.0,1,2,1,0,0,0,1,0,0,0,0,0,1,medio_baixo
1,10000.0,0,0.0,1,2,1,1,1,0,0,0,0,1,0,0,1,medio_alto
4,10000.0,2,1.0,1,3,1,0,0,0,1,0,1,1,0,0,0,baixo
5,0.0,0,0.0,1,6,1,0,0,0,1,1,0,1,0,0,0,gratuito
10,10000.0,21,0.5238095238095238,1,2,1,1,1,0,1,0,0,0,1,0,0,medio_baixo
6,10000.0,0,0.0,1,3,1,1,1,1,1,0,1,1,0,0,0,medio_baixo
4,10000.0,153,0.9411764705882353,1,4,1,0,0,0,1,0,1,0,1,1,0,medio_alto
2,0.0,0,0.0,1,3,1,0,0,1,0,1,0,0,0,0,0,gratuito
1,10000.0,0,0.0,12,3,1,0,0,0,0,1,1,1,0,0,0,alto
3,10000.0,0,0.0,1,2,1,0,1,0,0,0,1,1,0,0,0,gratuito
4,0.0,0,0.0,1,4,1,0,0,0,1,1,1,0,0,0,0,gratuito
8,1500000.0,30298,0.6171364446498119,13,2,1,0,0,15,0,1,1,0,0,0,0,gratuito
2,0.0,0,0.0,0,0,1,0,0,0,0,0,0,0,0,0,0,gratuito
4,10000.0,25,0.48,1,5,1,0,0,0,1,1,1,1,0,0,1,baixo
12,150000.0,900,0.6444444444444445,6,2,1,0,0,0,0,1,1,0,0,0,0,alto
6,10000.0,29,0.5172413793103449,3,5,1,0,0,0,1,1,1,1,0,0,0,gratuito
5,10000.0,0,0.0,2,3,1,0,0,0,1,0,1,0,0,1,0,alto
5,10000.0,44,0.9318181818181818,2,2,1,1,1,0,1,0,0,1,0,0,0,medio_alto
8,350000.0,2095,0.762291169451074,7,1,1,0,0,4,0,1,0,0,0,0,0,alto
3,10000.0,18,0.7222222222222222,26,5,1,0,0,0,1,1,0,0,0,0,1,baixo
8,10000.0,34,0.7647058823529411,1,3,1,0,0,0,1,0,0,1,0,0,1,gratuito
5,10000.0,27,0.7037037037037037,1,2,1,0,0,0,1,0,0,1,0,0,0,medio_alto
7,10000.0,18,0.8888888888888888,1,4,1,0,0,0,1,1,1,0,1,0,0,medio_alto
5,0.0,0,0.0,1,0,1,0,0,0,0,0,0,0,0,0,0,gratuito
2,10000.0,24,0.7916666666666666,1,4,1,0,0,0,1,1,1,0,1,0,0,alto
8,10000.0,17,0.5294117647058824,1,4,1,0,0,0,1,1,1,1,0,0,0,baixo
1,10000.0,66,1.0,3,3,1,1,1,0,1,0,0,0,1,0,0,alto
4,0.0,0,0.0,2,3,1,0,0,1,1,0,1,0,0,0,0,gratuito
1,0.0,0,0.0,27,2,1,1,1,0,1,0,0,0,0,0,1,baixo
5,10000.0,0,0.0,1,4,1,0,0,0,1,1,1,0,0,0,0,medio_alto
1,350000.0,3593,0.905649874756471,16,2,1,0,0,0,0,0,0,0,0,1,1,alto
4,10000.0,345,0.9130434782608695,10,2,1,0,0,4,0,0,0,1,0,0,1,alto
4,10000.0,7,1.0,1,3,1,1,0,0,1,0,1,1,0,0,0,baixo
1,10000.0,0,0.0,1,1,1,0,0,0,0,0,0,1,0,0,0,medio_baixo
8,10000.0,108,0.6296296296296297,7,5,1,1,1,1,1,0,0,1,1,1,1,baixo
5,10000.0,11,0.6363636363636364,1,6,1,0,0,0,1,1,1,0,0,1,0,medio_alto
1,0.0,0,0.0,0,0,1,0,0,0,0,0,0,0,0,0,0,gratuito
1,10000.0,0,0.0,2,5,1,1,1,0,1,1,1,1,1,0,0,baixo
4,35000.0,18,1.0,1,2,1,0,0,0,1,0,0,0,0,1,0,medio_alto
2,10000.0,0,0.0,10,2,1,0,0,0,1,0,0,1,0,0,0,medio_baixo
2,10000.0,10,1.0,1,4,1,0,0,0,1,1,0,1,0,0,0,alto
1,0.0,0,0.0,103,2,1,0,0,0,0,1,0,1,0,0,0,medio_baixo
3,10000.0,14,0.7142857142857143,1,2,1,0,0,0,0,0,1,1,0,0,0,baixo
3,10000.0,6,0.3333333333333333,1,1,1,0,0,0,0,1,0,0,0,0,0,medio_alto
7,1500000.0,16455,0.5953205712549378,1,2,1,0,0,0,0,1,0,0,0,0,0,gratuito
1,10000.0,84,0.9285714285714286,5,2,1,0,1,0,0,0,0,0,0,1,1,alto
1,0.0,0,0.0,1,3,1,0,0,0,1,1,0,1,0,0,0,baixo
2,10000.0,0,0.0,1,3,1,1,1,0,1,0,1,1,0,0,0,medio_baixo
4,0.0,0,0.0,0,0,1,0,0,0,0,0,0,0,0,0,0,gratuito
9,75000.0,53,0.5471698113207547,1,6,1,0,0,0,1,0,1,1,1,1,1,baixo
3,0.0,0,0.0,0,0,1,0,0,0,0,0,0,0,0,0,0,gratuito
4,0.0,0,0.0,1,6,1,0,0,0,0,0,1,1,0,0,1,gratuito
2,10000.0,1,1.0,1,3,1,1,1,0,1,1,0,1,0,0,0,medio_baixo
4,10000.0,26,0.5384615384615384,5,3,1,0,0,0,1,0,0,1,0,0,1,medio_baixo
3,10000.0,0,0.0,1,2,1,0,0,0,0,1,1,0,0,0,0,medio_alto
3,10000.0,132,0.8939393939393939,1,4,1,1,0,0,1,0,0,1,0,0,1,alto
5,10000.0,10,0.9,2,3,1,0,0,0,1,1,1,0,0,0,0,medio_baixo
3,1500000.0,445,0.8629213483146068,11,2,1,1,0,1,1,1,0,0,0,0,0,medio_alto
3,10000.0,0,0.0,2,1,1,0,0,0,0,0,0,1,0,0,0,medio_alto
4,10000.0,12,0.9166666666666666,103,1,1,0,0,0,0,0,0,0,0,0,0,medio_alto
5,0.0,0,0.0,1,3,1,0,0,1,1,0,1,0,0,0,0,gratuito
2,10000.0,0,0.0,1,4,1,0,0,0,1,0,1,0,1,0,0,gratuito
1,0.0,0,0.0,0,0,1,0,0,0,0,0,0,0,0,0,0,gratuito
1,10000.0,6,0.6666666666666666,1,3,1,0,0,0,0,0,0,0,0,0,1,alto
5,350000.0,5803,0.9483026021023608,1,2,1,0,0,1,1,1,0,0,0,0,0,medio_alto
3,10000.0,28,1.0,1,3,1,1,0,0,1,1,0,1,0,0,0,medio_alto
2,0.0,0,0.0,103,2,1,0,0,0,0,0,0,1,0,1,0,baixo
1,10000.0,8,1.0,2,2,1,0,0,0,0,0,1,0,0,0,0,medio_baixo
3,10000.0,0,0.0,1,4,1,1,1,0,1,0,1,1,1,0,0,alto
1,10000.0,0,0.0,1,4,1,1,0,0,1,0,0,1,0,0,1,alto
1,10000.0,20,0.6,1,1,1,0,0,0,0,1,0,0,0,0,0,alto
5,10000.0,11,0.6363636363636364,1,6,1,0,0,0,1,1,1,1,0,0,0,gratuito
7,35000.0,3,0.6666666666666666,1,2,1,0,0,0,1,0,0,1,0,0,0,baixo
3,10000.0,12,1.0,8,2,1,0,0,0,1,0,0,1,0,0,0,medio_alto
4,10000.0,204,0.9803921568627451,7,3,1,0,0,0,1,1,0,1,0,0,0,medio_baixo
2,10000.0,0,0.0,1,5,1,0,0,2,0,1,1,1,1,1,0,alto
6,10000.0,24,0.625,21,5,1,0,0,0,1,1,0,1,0,0,1,medio_baixo
7,10000.0,108,0.9444444444444444,4,3,1,1,0,0,1,0,1,1,0,0,0,medio_alto
1,10000.0,0,0.0,6,1,1,1,1,0,0,0,0,1,0,0,0,alto
2,10000.0,7,0.8571428571428571,1,2,1,0,0,0,0,0,0,0,1,0,0,gratuito
8,750000.0,5356,0.9411874533233756,16,3,1,1,1,0,1,0,0,0,0,1,0,gratuito
8,35000.0,263,0.752851711026616,1,1,1,0,0,0,0,0,0,0,0,0,0,alto
1,0.0,0,0.0,103,2,1,0,0,1,1,0,0,1,0,0,0,medio_baixo
12,75000.0,566,0.8127208480565371,1,2,1,1,1,1,1,1,0,0,0,0,0,medio_alto
2,10000.0,0,0.0,1,2,1,0,0,0,1,1,0,0,0,0,0,baixo
5,35000.0,56,0.9464285714285714,3,6,1,1,1,1,1,1,1,0,1,1,1,medio_baixo
5,10000.0,0,0.0,1,4,1,0,0,0,0,1,1,0,1,0,0,gratuito
1,0.0,0,0.0,1,3,1,0,0,0,1,0,1,1,0,0,0,gratuito
1,10000.0,19,0.9473684210526315,10,3,1,0,0,0,0,0,0,1,0,0,1,alto
8,10000.0,44,0.5909090909090909,1,2,1,0,0,1,1,0,0,0,0,0,1,baixo
9,75000.0,927,0.9741100323624595,15,2,1,1,0,0,1,0,0,1,0,0,0,medio_baixo
1,10000.0,2,0.0,1,2,1,0,0,0,0,0,1,1,0,0,0,medio_alto
1,0.0,0,0.0,5,1,1,0,0,0,0,0,0,0,0,0,0,alto
1,0.0,0,0.0,1,3,1,0,0,0,1,0,0,0,0,1,0,gratuito
1,0.0,0,0.0,1,3,1,0,0,0,1,1,1,0,0,0,0,medio_alto
1,0.0,0,0.0,1,4,1,1,0,0,1,1,1,0,0,0,0,gratuito
8,10000.0,3,1.0,1,2,1,0,0,0,1,1,0,0,0,0,0,alto
4,10000.0,4,0.5,1,2,1,0,0,0,1,0,1,0,0,0,0,alto
11,10000.0,27,0.48148148148148145,1,3,1,1,0,0,1,1,0,1,0,0,0,medio_alto
2,75000.0,2,1.0,1,3,1,0,0,0,0,1,0,0,0,1,0,medio_baixo
1,0.0,0,0.0,0,0,1,0,0,0,0,0,0,0,0,0,0,gratuito
2,0.0,0,0.0,1,3,1,0,0,0,0,1,0,1,0,0,0,gratuito
1,10000.0,0,0.0,8,2,1,0,0,0,0,1,1,0,0,0,0,medio_alto
6,10000.0,0,0.0,1,2,1,0,0,0,1,0,0,1,0,0,0,medio_alto
7,10000.0,0,0.0,2,3,1,1,0,0,1,0,0,0,1,0,1,alto
1,10000.0,3,1.0,6,5,1,0,0,0,1,0,1,0,1,1,0,medio_alto
3,10000.0,0,0.0,1,4,1,1,0,0,1,0,1,0,1,0,0,gratuito
4,10000.0,0,0.0,13,1,1,0,0,0,0,0,0,1,0,0,0,medio_baixo
10,10000.0,2,1.0,1,3,1,0,0,0,1,0,0,1,0,1,0,baixo
4,10000.0,1,1.0,1,5,1,0,0,0,1,1,1,0,1,1,0,medio_baixo
4,10000.0,6,0.8333333333333334,1,3,1,0,0,0,1,0,0,1,0,0,0,medio_baixo
1,0.0,0,0.0,4,2,1,0,0,0,0,0,0,0,0,0,1,gratuito
2,0.0,0,0.0,1,4,1,0,0,0,1,0,0,1,0,0,1,gratuito
3,10000.0,5,1.0,8,1,1,0,0,0,0,0,0,1,0,0,0,medio_alto
11,10000.0,26,0.8076923076923077,5,2,1,0,0,0,1,1,0,0,0,0,0,alto
4,0.0,0,0.0,0,0,1,0,0,0,0,0,0,0,0,0,0,gratuito
4,10000.0,3,0.6666666666666666,1,4,1,0,0,0,1,1,1,1,0,0,0,medio_alto
4,35000.0,6,0.8333333333333334,1,3,1,1,0,0,1,0,1,1,0,0,0,medio_alto
5,10000.0,1,1.0,1,1,1,1,1,0,0,0,0,1,0,0,0,medio_baixo
4,35000.0,145,0.6413793103448275,2,10,1,0,1,0,1,1,1,1,1,1,1,medio_alto
8,10000.0,13,0.6923076923076923,1,4,1,1,0,0,1,1,1,0,1,0,0,medio_alto
4,0.0,0,0.0,10,4,1,0,0,0,1,1,1,1,0,0,0,gratuito
11,10000.0,12,0.9166666666666666,1,2,1,1,0,1,1,0,0,1,0,0,0,medio_baixo
2,10000.0,0,0.0,1,7,1,0,0,0,1,1,1,1,0,1,1,medio_baixo
4,10000.0,7,0.42857142857142855,1,3,1,0,0,0,1,1,0,1,0,0,0,medio_alto
1,0.0,0,0.0,2,4,1,0,0,0,1,1,1,0,1,0,0,baixo
3,10000.0,13,0.9230769230769231,10,3,1,1,1,0,1,1,1,0,0,0,0,alto
7,10000.0,107,0.7570093457943925,8,2,1,0,0,0,1,0,0,1,0,0,0,medio_alto
10,150000.0,835,0.7592814371257485,7,3,1,1,0,0,1,1,1,0,0,0,0,baixo
10,75000.0,3288,0.6438564476885644,13,3,1,1,0,1,1,0,1,1,0,0,0,medio_baixo
9,35000.0,204,0.6029411764705882,8,3,1,0,0,0,1,1,0,0,1,0,0,medio_baixo
2,10000.0,15,1.0,1,2,1,0,0,1,1,0,0,1,0,0,0,medio_alto
4,10000.0,0,0.0,1,4,1,1,1,0,1,1,1,0,1,0,0,medio_baixo
9,10000.0,5,1.0,1,2,1,0,0,0,0,0,1,1,0,0,0,medio_alto
3,10000.0,2,0.5,1,3,1,0,0,0,1,0,0,1,0,1,0,medio_baixo
1,0.0,0,0.0,1,3,1,0,0,0,0,0,0,0,0,1,1,gratuito
4,35000.0,1,0.0,1,1,1,1,0,0,0,1,0,0,0,0,0,alto
2,0.0,0,0.0,1,4,1,0,0,0,1,0,1,1,0,0,0,gratuito
7,10000.0,0,0.0,1,3,1,1,1,0,1,0,1,1,0,0,0,baixo
11,10000.0,44,0.8409090909090909,8,3,1,1,1,0,1,1,0,1,0,0,0,baixo
3,10000.0,1,1.0,1,1,1,0,0,0,1,0,0,0,0,0,0,medio_alto
1,10000.0,0,0.0,14,2,1,0,0,0,0,1,1,0,0,0,0,medio_alto
10,1500000.0,8552,0.8612020579981291,1,3,1,0,0,1,1,1,0,1,0,0,0,baixo
7,10000.0,16,0.5,1,1,1,0,0,0,0,0,0,0,0,0,0,gratuito
6,10000.0,87,0.6896551724137931,1,4,1,1,1,0,1,0,0,1,0,1,1,medio_alto
6,1500000.0,67677,0.5592150952317626,11,4,1,0,0,2,1,1,1,0,1,0,0,medio_baixo
3,350000.0,12,1.0,2,3,1,0,0,0,1,0,1,0,1,0,0,baixo
3,10000.0,14,1.0,1,3,1,0,0,0,1,1,0,0,1,0,0,alto
2,10000.0,0,0.0,103,4,1,0,0,0,1,0,1,1,0,0,1,alto
8,10000.0,7,0.7142857142857143,1,5,1,0,0,0,0,1,1,0,1,1,0,baixo
6,10000.0,4,1.0,1,2,1,0,0,0,1,0,1,0,0,0,0,alto
3,10000.0,0,0.0,2,2,1,0,0,0,0,1,1,0,0,0,0,medio_baixo
3,0.0,0,0.0,0,0,1,0,0,0,0,0,0,0,0,0,0,gratuito
6,10000.0,0,0.0,1,1,1,0,0,0,0,0,0,1,0,0,0,baixo
6,10000.0,25,1.0,4,2,1,1,0,1,1,0,0,1,0,0,0,alto
1,10000.0,0,0.0,1,4,1,0,0,0,1,0,1,1,0,1,0,alto
4,10000.0,2,1.0,1,3,1,0,0,0,1,0,0,1,1,0,0,medio_baixo
3,10000.0,40,0.85,1,3,1,0,0,0,1,1,1,0,0,0,0,medio_baixo
2,350000.0,10785,0.9650440426518313,13,4,1,0,0,1,1,0,1,1,0,0,1,alto
8,10000.0,15,0.6,1,7,1,0,0,0,1,1,0,0,0,0,1,medio_alto
9,10000.0,13,0.23076923076923078,8,2,1,0,0,0,1,1,0,0,0,0,0,baixo
11,150000.0,274,0.5145985401459854,1,2,1,0,0,0,1,1,0,0,0,0,0,baixo
11,35000.0,205,0.8536585365853658,1,2,1,1,1,0,1,0,0,1,0,0,0,medio_alto
7,10000.0,16,0.375,1,6,1,0,0,0,1,0,1,0,1,1,1,alto
2,10000.0,0,0.0,4,4,1,0,0,0,1,1,1,1,0,0,0,baixo
2,10000.0,70,0.8857142857142857,1,4,1,1,0,1,1,0,0,1,0,0,0,gratuito
1,10000.0,0,0.0,27,2,1,1,1,0,1,0,0,0,0,0,1,baixo
5,10000.0,53,0.9245283018867925,4,2,1,1,0,2,1,0,1,0,0,0,0,alto
1,0.0,0,0.0,1,2,1,0,0,0,1,0,0,1,0,0,0,medio_baixo
1,0.0,0,0.0,2,1,1,0,0,0,0,0,0,1,0,0,0,medio_baixo
1,10000.0,0,0.0,1,2,1,0,0,0,0,1,1,0,0,0,0,baixo
3,35000.0,58,0.8275862068965517,8,4,1,0,0,1,1,1,1,1,0,0,0,medio_alto
7,35000.0,74,0.6891891891891891,1,3,1,0,0,0,1,1,0,0,0,0,0,gratuito
6,10000.0,77,0.8701298701298701,3,3,1,0,0,0,1,0,1,1,0,0,0,medio_alto
2,10000.0,143,0.8671328671328671,4,3,1,0,0,1,1,0,1,0,1,0,0,medio_alto
1,0.0,0,0.0,2,2,1,0,0,0,1,0,1,0,0,0,0,medio_baixo
10,10000.0,21,0.8571428571428571,2,3,1,0,0,0,1,1,1,0,0,0,0,medio_alto
9,350000.0,2407,0.7245533859576236,6,2,1,1,1,1,1,1,0,0,0,0,0,medio_alto
2,10000.0,7,0.42857142857142855,2,5,1,0,0,0,1,0,1,1,1,1,0,medio_baixo
1,350000.0,6918,0.8087597571552472,12,4,1,0,0,4,1,1,1,0,0,0,1,alto
3,0.0,0,0.0,0,0,1,0,0,0,0,0,0,0,0,0,0,gratuito
2,10000.0,16,0.375,1,3,1,0,0,0,0,1,0,0,1,0,0,gratuito
1,0.0,0,0.0,1,2,1,1,0,0,1,0,1,0,0,0,0,medio_baixo
4,10000.0,17,0.7647058823529411,2,2,1,0,0,0,1,0,0,1,0,0,0,medio_baixo
2,0.0,0,0.0,103,1,1,0,0,0,0,1,0,0,0,0,0,medio_baixo
2,0.0,0,0.0,1,3,1,0,0,1,1,0,1,1,0,0,0,gratuito
4,10000.0,12,0.5833333333333334,1,4,1,0,0,0,1,0,1,1,0,0,1,medio_alto
7,10000.0,31,0.8709677419354839,1,1,1,0,0,0,0,0,1,0,0,0,0,medio_alto
5,10000.0,12,0.75,1,3,1,0,0,0,1,0,0,1,0,0,0,medio_alto
7,35000.0,12,0.8333333333333334,1,2,1,0,0,0,1,0,0,1,0,0,0,baixo
7,10000.0,11,0.2727272727272727,1,3,1,0,0,0,1,0,1,1,0,0,0,baixo
9,35000.0,173,0.6763005780346821,1,3,1,0,0,0,1,1,0,0,0,0,0,alto
7,10000.0,14,0.8571428571428571,1,4,1,1,1,0,1,0,0,1,0,1,0,gratuito
7,75000.0,391,0.690537084398977,6,1,1,0,0,1,0,1,0,0,0,0,0,alto
10,350000.0,1630,0.7533742331288343,1,4,1,0,0,4,0,1,0,1,0,0,0,gratuito
5,10000.0,52,0.75,2,6,1,0,0,0,1,0,1,1,1,1,0,medio_alto
9,7500000.0,86919,0.7411037862837815,11,5,1,0,0,3,0,1,1,0,1,1,0,baixo
10,150000.0,205,0.6439024390243903,2,2,1,1,1,0,1,1,0,0,0,0,0,baixo
10,10000.0,5,0.8,1,3,1,1,0,0,1,0,0,1,0,1,0,medio_alto
2,10000.0,9,0.6666666666666666,2,2,1,0,0,0,1,1,0,0,0,0,0,medio_alto
6,75000.0,599,0.9315525876460768,2,6,1,0,0,0,1,1,0,1,0,0,1,gratuito
9,10000.0,70,0.8285714285714286,1,3,1,0,0,0,1,0,0,1,0,0,1,baixo
3,0.0,0,0.0,0,0,1,0,0,0,0,0,0,0,0,0,0,gratuito
4,10000.0,0,0.0,103,4,1,0,0,0,1,0,1,1,0,0,1,baixo
10,350000.0,4413,0.9449354180829368,1,2,1,1,0,0,1,1,0,0,0,0,0,medio_alto
1,0.0,0,0.0,0,0,1,0,0,0,0,0,0,0,0,0,0,gratuito
5,10000.0,18,0.8888888888888888,1,3,1,0,0,0,1,1,0,0,0,0,0,medio_baixo
4,35000.0,439,0.9840546697038725,1,2,1,1,0,1,1,0,0,1,0,0,0,baixo
2,10000.0,0,0.0,1,4,1,0,0,0,1,0,1,1,0,0,0,gratuito
1,0.0,0,0.0,0,0,1,0,0,0,0,0,0,0,0,0,0,gratuito
5,10000.0,22,0.8181818181818182,1,4,1,0,0,0,1,1,1,0,0,1,0,gratuito
4,10000.0,10,0.6,1,1,1,0,0,0,0,0,1,0,0,0,0,alto
8,75000.0,125,0.584,2,4,1,0,0,0,0,0,1,1,0,1,0,gratuito
2,0.0,0,0.0,103,4,1,0,0,0,1,0,0,1,0,1,1,baixo
3,10000.0,0,0.0,1,4,1,0,0,0,1,0,1,0,1,0,0,medio_alto
7,10000.0,15,0.9333333333333333,1,2,1,0,0,0,1,1,0,0,0,0,0,baixo
8,35000.0,49,0.9387755102040817,1,3,1,1,0,0,1,1,1,0,0,0,0,medio_baixo
1,0.0,0,0.0,0,0,1,0,0,0,0,0,0,0,0,0,0,gratuito
7,10000.0,19,0.8947368421052632,1,2,1,0,0,0,1,0,0,1,0,0,0,gratuito
5,10000.0,6,1.0,1,2,1,0,0,0,1,0,0,1,0,0,0,baixo
9,10000.0,37,0.7297297297297297,2,4,1,0,0,0,1,0,1,1,1,0,0,baixo
9,75000.0,52,0.7307692307692307,1,5,1,0,0,1,1,1,1,1,1,0,0,gratuito
5,10000.0,12,1.0,1,3,1,1,1,3,0,0,0,0,0,0,0,alto
1,10000.0,0,0.0,12,3,1,1,1,0,1,0,0,1,0,1,0,baixo
1,0.0,0,0.0,1,7,1,0,0,0,1,1,0,0,0,0,0,gratuito
2,35000.0,50,0.82,7,2,1,0,0,0,1,0,0,0,0,0,1,alto
17,10000.0,0,0.0,1,1,1,0,0,0,0,0,0,1,0,0,0,alto
2,0.0,0,0.0,102,2,1,0,0,0,1,0,0,1,0,0,0,baixo
3,10000.0,12,1.0,1,2,1,0,0,0,1,0,0,1,0,0,0,baixo
8,10000.0,18,0.6111111111111112,1,2,1,0,0,1,1,0,0,0,0,0,1,baixo
1,10000.0,0,0.0,3,2,1,0,0,0,1,0,0,1,0,0,0,alto
1,10000.0,0,0.0,12,4,1,1,1,0,1,0,0,1,0,1,1,medio_baixo
4,0.0,0,0.0,1,3,1,0,0,2,1,1,0,0,0,0,0,gratuito
11,35000.0,53,0.5849056603773585,1,2,1,0,0,0,1,1,0,0,0,0,0,baixo
4,10000.0,0,0.0,2,2,1,0,0,0,1,0,1,0,0,0,0,baixo
2,10000.0,0,0.0,5,3,1,0,0,0,1,0,0,1,0,1,0,alto
10,10000.0,45,0.8,1,4,1,1,1,0,1,1,0,1,0,0,0,medio_baixo
5,0.0,0,0.0,4,4,1,1,1,0,1,0,1,0,1,0,0,gratuito
4,0.0,0,0.0,0,0,1,0,0,0,0,0,0,0,0,0,0,gratuito
2,0.0,0,0.0,103,1,1,0,0,0,0,0,0,1,0,0,0,baixo
2,10000.0,12,0.75,2,3,1,0,0,0,1,0,0,1,0,0,0,alto
1,10000.0,10,0.7,1,5,1,0,0,0,1,1,1,1,0,1,0,medio_alto
5,75000.0,5,0.6,1,3,1,0,0,0,1,0,0,1,1,0,0,baixo
4,35000.0,7,1.0,1,1,1,0,0,0,0,0,1,0,0,0,0,medio_baixo
8,10000.0,51,0.803921568627451,12,2,1,0,0,0,1,0,0,1,0,0,0,medio_baixo
3,10000.0,4,1.0,1,2,1,0,0,0,1,1,0,0,0,0,0,medio_baixo
4,10000.0,15,0.8,3,4,1,0,0,1,0,1,1,1,0,1,0,baixo
3,10000.0,0,0.0,3,1,1,0,0,1,0,0,0,0,1,0,0,medio_alto
1,0.0,0,0.0,1,3,1,0,0,0,1,0,1,1,0,0,0,medio_alto
5,35000.0,88,0.6363636363636364,8,3,1,0,0,1,1,1,0,1,0,0,0,medio_baixo
3,10000.0,227,0.5110132158590308,1,2,1,0,0,2,0,0,0,0,1,1,0,alto
8,10000.0,4,0.5,1,2,1,1,0,0,1,1,0,0,0,0,0,medio_alto
4,10000.0,138,0.9057971014492754,6,6,1,0,0,0,1,0,0,1,0,1,1,medio_alto
6,10000.0,0,0.0,1,1,1,1,0,0,0,0,0,0,0,0,0,medio_baixo
2,0.0,0,0.0,1,3,1,0,0,0,1,0,0,1,0,0,0,gratuito
3,10000.0,226,0.7920353982300885,3,3,1,0,0,0,1,0,1,0,1,0,0,alto
3,10000.0,19,0.9473684210526315,2,5,1,0,0,0,1,0,0,0,1,1,1,alto
2,10000.0,112,0.8660714285714286,1,1,1,0,0,0,0,0,0,0,0,0,1,medio_baixo
2,10000.0,0,0.0,1,1,1,0,0,0,0,0,0,1,0,0,0,baixo
5,10000.0,0,0.0,1,3,1,0,0,0,1,0,1,1,0,0,0,baixo
11,150000.0,115,0.782608695652174,1,3,1,0,0,0,1,0,0,1,1,0,0,baixo
9,10000.0,8,0.875,1,3,1,0,0,0,1,1,0,1,0,0,0,alto
4,10000.0,1,0.0,1,3,1,0,0,0,1,0,1,1,0,0,0,baixo
7,10000.0,0,0.0,2,2,1,0,0,0,0,0,0,0,0,0,0,baixo
2,0.0,0,0.0,0,0,1,0,0,0,0,0,0,0,0,0,0,gratuito
4,0.0,0,0.0,1,2,1,0,0,0,0,1,1,0,0,0,0,gratuito
2,10000.0,1,1.0,1,3,1,0,0,0,1,0,0,1,0,0,1,medio_alto
2,0.0,0,0.0,2,3,1,0,0,0,1,0,1,0,1,0,0,gratuito
7,10000.0,205,0.551219512195122,3,3,1,0,0,0,1,0,0,0,0,1,1,alto
2,10000.0,3,0.3333333333333333,11,5,1,0,1,0,1,1,1,1,1,0,0,medio_baixo
17,35000.0,44,0.8409090909090909,1,1,1,0,0,0,0,0,0,1,0,0,0,baixo
8,10000.0,141,0.8368794326241135,2,2,1,0,0,1,1,0,0,1,0,0,0,baixo
7,10000.0,11,0.9090909090909091,1,2,1,0,0,0,1,0,1,0,0,0,0,medio_baixo
12,1500000.0,10155,0.9393402264894141,12,3,1,1,1,1,1,1,1,0,0,0,0,medio_alto
11,350000.0,2484,0.8981481481481481,9,4,1,1,0,0,1,1,1,1,0,0,0,alto
2,35000.0,3,0.6666666666666666,2,3,1,0,0,0,0,1,1,0,0,0,0,baixo
2,75000.0,360,0.7083333333333334,18,3,1,1,0,3,1,0,0,0,1,1,0,medio_alto
2,10000.0,1,1.0,1,2,1,0,0,0,1,0,0,1,0,0,0,baixo
3,10000.0,24,0.7916666666666666,2,4,1,0,0,0,1,1,1,0,1,0,0,alto
7,10000.0,15,0.8666666666666667,1,2,1,0,0,0,0,0,0,1,0,0,1,gratuito
1,0.0,0,0.0,7,3,1,0,0,1,1,1,1,0,0,0,0,medio_baixo
8,10000.0,15,0.4666666666666667,3,1,1,0,0,0,0,0,0,0,0,1,0,medio_alto
2,35000.0,4,0.75,1,4,1,0,0,0,1,1,1,0,1,0,0,medio_alto
1,0.0,0,0.0,1,3,1,0,0,0,1,1,0,0,0,0,0,medio_baixo
2,10000.0,10,1.0,2,4,1,0,0,0,1,1,1,0,0,0,0,medio_alto
2,10000.0,2,1.0,1,2,1,0,0,0,1,1,0,0,0,0,0,medio_baixo
4,10000.0,104,0.9134615384615384,1,5,1,1,0,1,1,0,1,1,1,1,0,alto
2,10000.0,17,0.9411764705882353,8,2,1,0,0,0,0,0,0,1,0,0,1,baixo
2,10000.0,1,1.0,1,1,1,1,1,0,0,0,0,0,0,1,0,medio_alto
3,0.0,0,0.0,0,0,1,0,0,0,0,0,0,0,0,0,0,gratuito
1,10000.0,0,0.0,2,3,1,0,0,0,1,0,0,1,0,0,1,baixo
11,1500000.0,22779,0.7939330084727161,9,2,1,0,0,0,0,0,0,0,1,1,0,medio_alto
3,10000.0,313,0.8722044728434505,8,2,1,1,1,0,1,0,1,0,0,0,0,medio_baixo
5,35000.0,6,1.0,1,2,1,0,0,0,1,0,1,0,0,0,0,medio_alto
2,10000.0,5,0.6,1,2,1,0,0,0,1,0,1,0,0,0,0,medio_baixo
10,10000.0,52,0.6538461538461539,1,5,1,0,0,0,1,1,1,1,0,0,1,alto
6,75000.0,18,0.7222222222222222,3,2,1,0,0,0,0,0,0,0,0,0,1,baixo
2,0.0,0,0.0,0,0,1,0,0,0,0,0,0,0,0,0,0,gratuito
2,10000.0,3,1.0,1,3,1,0,0,0,0,0,1,0,1,0,1,alto
1,0.0,0,0.0,1,2,1,0,0,0,1,0,0,0,0,0,0,gratuito
2,10000.0,0,0.0,31,2,1,0,0,0,1,0,0,1,0,0,0,baixo
7,75000.0,241,0.8630705394190872,1,2,1,0,0,0,0,0,0,0,0,0,1,gratuito
7,10000.0,4,0.25,1,2,1,0,0,0,1,0,0,1,0,0,0,baixo
6,10000.0,4,1.0,1,3,1,0,1,0,1,0,0,1,0,1,0,medio_alto
6,10000.0,10,0.8,1,4,1,1,1,1,1,0,1,1,1,0,0,medio_baixo
1,10000.0,6,0.6666666666666666,1,3,1,0,0,0,1,1,1,0,0,0,0,medio_baixo
2,0.0,0,0.0,0,0,1,0,0,0,0,0,0,0,0,0,0,gratuito
1,0.0,0,0.0,8,2,1,1,1,0,1,0,0,1,0,0,0,medio_alto
1,10000.0,1,1.0,1,1,1,0,0,0,1,0,0,0,0,0,0,medio_baixo
10,35000.0,274,0.7518248175182481,1,2,1,1,1,0,1,0,0,1,0,0,0,medio_baixo
7,10000.0,10,0.9,1,1,1,1,1,0,0,0,0,1,0,0,0,medio_baixo
5,10000.0,2,0.0,1,2,1,0,0,0,0,0,0,0,0,0,1,alto
3,10000.0,13,1.0,1,3,1,0,0,0,0,1,1,0,1,0,0,medio_alto
9,10000.0,98,0.9387755102040817,4,3,1,1,1,0,1,1,0,1,0,0,0,medio_alto
1,10000.0,1,1.0,3,2,1,0,0,0,1,0,0,1,0,0,0,baixo
1,10000.0,0,0.0,10,2,1,0,0,0,1,1,0,0,0,0,0,alto
9,10000.0,6,0.0,1,5,1,1,1,0,0,1,1,0,0,0,1,medio_alto
1,10000.0,0,0.0,1,3,1,0,0,0,1,0,1,0,1,0,0,baixo
2,1500000.0,39,0.6666666666666666,1,2,1,0,0,0,0,1,0,0,0,0,0,baixo
3,35000.0,803,0.9838107098381071,2,1,1,0,0,0,0,0,0,0,1,0,0,alto
2,0.0,0,0.0,103,9,1,1,1,0,1,1,1,1,1,1,1,alto
6,75000.0,701,0.927246790299572,3,2,1,0,0,0,1,0,0,0,1,0,0,alto
4,10000.0,65,0.9076923076923077,3,4,1,0,0,0,1,1,1,0,1,0,0,medio_alto
2,10000.0,6,0.8333333333333334,2,2,1,0,0,0,0,1,0,1,0,0,0,alto
2,10000.0,108,0.8981481481481481,1,2,1,0,0,0,1,0,1,0,0,0,0,medio_alto
7,10000.0,8,0.125,1,2,1,0,0,0,1,1,0,0,0,0,0,baixo
5,10000.0,7,0.2857142857142857,2,2,1,0,0,0,1,0,0,0,0,1,0,medio_baixo
9,35000.0,1238,0.9474959612277868,3,3,1,0,0,2,1,0,1,0,1,0,0,baixo
8,10000.0,15,0.3333333333333333,1,3,1,0,0,0,1,1,0,0,0,0,1,baixo
2,10000.0,1,1.0,1,2,1,0,0,0,1,0,0,1,0,0,0,baixo
1,10000.0,1,0.0,1,1,1,0,0,0,1,0,0,0,0,0,0,alto
2,10000.0,14,0.8571428571428571,8,3,1,0,0,0,1,1,1,0,0,0,0,alto
11,35000.0,367,0.8092643051771117,1,3,1,0,0,0,1,1,1,0,0,0,0,baixo
4,10000.0,140,0.8214285714285714,4,2,1,0,0,0,1,0,1,0,0,0,0,alto
1,0.0,0,0.0,1,3,1,0,0,0,1,1,0,0,0,0,0,gratuito
1,0.0,0,0.0,103,2,1,0,0,0,1,0,0,1,0,0,0,baixo
4,10000.0,0,0.0,6,2,1,0,0,0,1,1,0,0,0,0,0,baixo
5,10000.0,202,0.8861386138613861,4,2,1,0,0,0,1,0,1,0,0,0,0,medio_alto
3,35000.0,38,0.6578947368421053,8,2,1,0,0,0,0,1,1,0,0,0,0,alto
5,10000.0,0,0.0,1,2,1,0,0,0,1,0,0,1,0,0,0,baixo
2,0.0,0,0.0,0,0,1,0,0,0,0,0,0,0,0,0,0,gratuito
2,0.0,0,0.0,0,0,1,0,0,0,0,0,0,0,0,0,0,gratuito
2,0.0,0,0.0,0,0,1,0,0,0,0,0,0,0,0,0,0,gratuito
5,10000.0,12,0.4166666666666667,1,4,1,0,0,0,1,0,1,0,0,1,1,baixo
15,350000.0,465,0.4860215053763441,6,1,1,0,0,0,0,1,0,0,0,0,0,baixo
8,10000.0,15,0.4666666666666667,1,3,1,0,0,0,0,0,1,0,0,1,1,medio_baixo
11,35000.0,40,0.45,1,1,1,1,1,0,0,0,1,0,0,0,0,medio_baixo
3,10000.0,27,0.8518518518518519,1,1,1,0,0,0,0,0,0,0,1,0,0,medio_alto
8,350000.0,4587,0.89513843470678,10,1,1,0,0,2,0,1,0,0,0,0,0,medio_alto
3,10000.0,0,0.0,4,2,1,0,0,0,0,1,0,0,0,0,1,alto
6,35000.0,68,0.7794117647058824,1,3,1,0,0,0,1,0,0,1,0,0,0,gratuito
1,10000.0,0,0.0,2,2,1,0,0,0,0,0,0,0,0,0,1,alto
4,35000.0,909,0.8525852585258525,17,4,1,0,0,1,1,1,0,1,0,0,1,medio_baixo
10,35000.0,124,0.75,1,3,1,0,0,0,1,1,0,0,0,0,0,medio_baixo
12,35000.0,262,0.7519083969465649,1,3,1,1,1,0,1,1,1,0,0,0,0,baixo
2,0.0,0,0.0,0,0,1,0,0,0,0,0,0,0,0,0,0,gratuito
2,10000.0,13,0.9230769230769231,2,5,1,0,0,0,1,0,1,1,1,1,0,medio_alto
10,150000.0,139,0.8489208633093526,1,2,1,1,1,1,1,0,1,0,0,0,0,medio_baixo
1,35000.0,150,0.58,12,2,1,0,0,2,0,0,0,0,0,1,1,alto
6,10000.0,20,0.9,1,4,1,0,0,0,1,0,1,0,1,0,0,gratuito
4,10000.0,3,0.6666666666666666,1,2,1,0,0,1,1,0,0,1,0,0,0,medio_alto
5,10000.0,3,0.0,1,2,1,0,0,0,1,1,0,0,0,0,0,medio_baixo
3,10000.0,0,0.0,6,2,1,0,0,1,0,1,0,0,1,0,0,medio_alto
1,0.0,0,0.0,7,1,1,0,0,0,0,0,1,0,0,0,0,medio_alto
10,10000.0,280,0.85,2,3,1,0,0,14,0,0,0,0,0,0,0,alto
3,10000.0,6,1.0,1,2,1,0,0,0,0,1,0,0,0,0,1,medio_baixo
2,10000.0,1,0.0,1,4,1,0,0,0,1,1,1,0,0,0,0,medio_baixo
3,35000.0,4,0.5,1,5,1,0,0,0,1,1,0,1,1,0,0,medio_alto
5,10000.0,33,0.6363636363636364,2,3,1,0,0,0,1,0,1,0,1,0,0,medio_baixo
1,10000.0,0,0.0,1,3,1,1,0,0,1,1,0,0,0,0,0,medio_baixo
1,0.0,0,0.0,5,1,1,0,0,0,1,0,0,0,0,0,0,medio_alto
14,75000.0,632,0.8212025316455697,5,1,1,0,0,0,0,0,0,0,0,0,0,baixo
17,150000.0,527,0.6698292220113852,1,1,1,0,0,0,0,1,0,0,0,0,0,gratuito
6,35000.0,2651,0.8777819690682761,10,4,1,1,1,1,1,1,1,0,1,0,0,medio_baixo
3,75000.0,572,0.9370629370629371,13,1,1,0,0,0,0,0,0,0,0,1,0,medio_baixo
3,35000.0,547,0.7641681901279708,14,3,1,0,1,0,1,0,1,0,1,0,0,medio_alto
3,0.0,0,0.0,3,4,1,0,0,0,1,0,0,1,0,0,0,gratuito
1,0.0,0,0.0,0,0,1,0,0,0,0,0,0,0,0,0,0,gratuito
1,0.0,0,0.0,0,0,1,0,0,0,0,0,0,0,0,0,0,gratuito
2,35000.0,4,0.75,1,5,1,0,0,0,1,0,0,1,0,1,1,medio_alto
6,10000.0,6,1.0,2,2,1,0,0,0,0,1,0,1,0,0,0,medio_baixo
6,10000.0,4,0.5,1,4,1,0,0,1,1,0,1,1,1,0,0,baixo
2,0.0,0,0.0,2,2,1,0,0,0,0,0,1,0,0,0,1,gratuito
3,10000.0,11,0.8181818181818182,8,2,1,0,0,0,1,0,0,0,0,0,0,medio_baixo
8,10000.0,85,0.7411764705882353,4,2,1,0,0,0,0,0,0,1,0,0,1,medio_alto
9,10000.0,68,0.27941176470588236,2,4,1,0,0,0,1,1,0,0,0,0,0,baixo
2,35000.0,14,0.8571428571428571,4,3,1,0,1,0,1,0,0,1,0,1,0,medio_baixo
6,10000.0,25,0.72,1,1,1,0,0,0,0,0,0,0,0,0,1,alto
4,10000.0,41,0.7317073170731707,3,6,1,0,0,1,1,1,1,1,1,1,0,baixo
3,0.0,0,0.0,1,2,1,1,1,0,1,0,0,0,0,0,0,gratuito
8,10000.0,9,1.0,2,7,1,0,0,0,1,1,1,0,1,0,1,medio_alto
2,10000.0,0,0.0,12,4,1,0,0,0,1,1,1,1,0,0,0,alto
5,0.0,0,0.0,1,2,1,0,0,0,1,0,1,0,0,0,0,gratuito
5,10000.0,3,1.0,1,2,1,0,0,1,1,1,0,0,0,0,0,baixo
5,35000.0,6,1.0,3,1,1,0,0,0,0,0,0,1,0,0,0,medio_baixo
6,10000.0,0,0.0,2,3,1,0,1,0,1,0,1,1,0,0,0,baixo
10,75000.0,43,0.5116279069767442,1,4,1,0,0,0,1,1,0,0,0,0,0,gratuito
12,35000.0,186,0.2903225806451613,1,4,1,0,0,0,1,0,1,0,0,0,1,gratuito
1,10000.0,10,0.9,12,6,1,1,1,0,1,1,1,1,0,1,0,baixo
7,35000.0,366,0.7076502732240437,8,3,1,1,1,2,1,0,0,0,1,1,0,medio_baixo
9,75000.0,181,0.7348066298342542,103,1,1,0,0,0,0,0,0,1,0,0,0,baixo
12,3500000.0,18174,0.9717728623308023,1,4,1,1,0,0,1,1,1,0,0,0,0,gratuito
12,10000.0,87,0.4367816091954023,1,4,1,1,1,0,1,0,0,1,1,0,1,medio_alto
4,10000.0,10,0.6,1,2,1,0,0,0,1,0,1,0,0,0,0,medio_alto
9,10000.0,794,0.9760705289672544,2,1,1,1,1,0,0,0,1,0,0,0,0,medio_alto
3,10000.0,0,0.0,4,3,1,1,1,1,1,0,1,1,0,0,0,medio_baixo
12,35000.0,107,0.7850467289719626,1,1,1,0,0,0,0,0,1,0,0,0,0,baixo
5,10000.0,9,0.7777777777777778,1,3,1,0,0,0,1,0,0,1,0,0,1,medio_baixo
2,0.0,0,0.0,0,0,1,0,0,0,0,0,0,0,0,0,0,gratuito
5,10000.0,18,0.7222222222222222,2,3,1,0,0,0,1,1,0,0,0,0,0,baixo
2,10000.0,3,1.0,1,2,1,0,0,0,1,1,0,0,0,0,0,medio_baixo
7,10000.0,14,0.7857142857142857,1,2,1,0,0,0,1,1,0,0,0,0,0,medio_alto
3,0.0,0,0.0,2,1,1,0,0,0,1,0,0,0,0,0,0,gratuito
10,10000.0,4,1.0,1,2,1,0,0,0,0,0,1,1,0,0,0,medio_alto
6,10000.0,21,0.5714285714285714,1,4,1,0,0,0,1,1,1,1,0,0,0,medio_baixo
1,0.0,0,0.0,1,3,1,0,0,0,1,0,1,0,0,0,0,gratuito
2,0.0,0,0.0,0,0,1,0,0,0,0,0,0,0,0,0,0,gratuito
2,150000.0,2,0.5,12,5,1,0,0,0,1,1,0,1,1,1,0,medio_alto
3,0.0,0,0.0,0,0,1,0,0,0,0,0,0,0,0,0,0,gratuito
1,0.0,0,0.0,1,5,1,0,0,0,0,0,0,1,1,1,0,gratuito
1,35000.0,178,0.8314606741573034,1,3,1,0,0,0,1,1,1,0,0,0,0,medio_alto
4,10000.0,39,0.717948717948718,2,3,1,0,0,2,1,1,0,1,0,0,0,medio_baixo
3,10000.0,0,0.0,1,2,1,0,0,0,1,1,0,0,0,0,0,gratuito
4,10000.0,0,0.0,1,1,1,1,0,0,1,0,0,0,0,0,0,medio_alto
8,10000.0,17,0.8235294117647058,1,3,1,0,0,0,1,1,0,1,0,0,0,baixo
8,10000.0,5,1.0,1,3,1,1,1,0,1,0,1,0,1,0,0,medio_baixo
9,35000.0,182,0.7857142857142857,1,2,1,0,1,8,1,1,0,0,0,0,0,gratuito
9,10000.0,31,1.0,1,3,1,1,1,0,1,1,0,0,0,1,0,medio_baixo
9,35000.0,262,0.6068702290076335,8,2,1,1,1,0,1,0,0,0,0,1,0,medio_alto
3,10000.0,0,0.0,12,3,1,0,0,4,1,0,0,1,0,0,0,gratuito
6,10000.0,37,0.7837837837837838,2,1,1,0,0,2,1,0,0,0,0,0,0,alto
1,10000.0,0,0.0,3,3,1,1,0,0,1,1,1,0,0,0,0,medio_baixo
11,350000.0,1308,0.5519877675840978,12,3,1,1,1,3,1,0,0,0,0,1,1,baixo
8,10000.0,30,0.6,103,2,1,0,0,0,0,0,1,0,1,0,0,baixo
5,10000.0,0,0.0,1,2,1,0,0,0,1,0,0,1,0,0,0,baixo
4,0.0,0,0.0,1,3,1,0,0,2,1,0,0,1,0,0,0,gratuito
1,0.0,0,0.0,0,0,1,0,0,0,0,0,0,0,0,0,0,gratuito
4,75000.0,286,0.9125874125874126,6,4,1,0,0,0,1,1,0,0,0,1,1,baixo
2,10000.0,22,0.5909090909090909,5,5,1,0,0,0,0,1,1,0,0,0,1,alto
6,75000.0,148,0.7905405405405406,1,5,1,0,1,0,1,0,1,0,1,0,0,gratuito
2,10000.0,29,0.9310344827586207,1,3,1,0,0,0,0,0,0,0,0,1,1,alto
5,10000.0,189,0.7354497354497355,6,2,1,0,0,1,1,0,1,0,0,0,0,baixo
9,150000.0,1590,0.9037735849056604,2,4,1,1,1,1,1,0,0,0,0,0,1,alto
8,10000.0,9,0.6666666666666666,1,5,1,0,0,0,1,1,1,1,0,1,0,gratuito
6,350000.0,1212,0.7755775577557755,1,3,1,0,0,0,0,0,0,1,0,0,1,gratuito
1,0.0,0,0.0,2,6,1,0,0,0,1,1,1,1,1,0,0,gratuito
5,10000.0,8,0.75,4,1,1,0,0,0,0,0,0,1,0,0,0,alto
1,0.0,0,0.0,3,3,1,0,0,1,1,1,1,0,0,0,0,medio_alto
3,10000.0,0,0.0,1,3,1,0,0,0,1,1,0,1,0,0,0,baixo
2,10000.0,22,0.7727272727272727,10,4,1,0,0,0,1,0,0,1,0,1,0,alto
4,75000.0,7,0.8571428571428571,1,3,1,0,0,0,1,0,1,0,1,0,0,gratuito
7,35000.0,3,1.0,1,4,1,0,0,0,1,0,0,1,0,1,1,medio_baixo
6,10000.0,38,0.8947368421052632,1,4,1,0,0,0,1,0,1,1,0,0,0,gratuito
5,10000.0,0,0.0,1,3,1,0,0,2,0,1,1,0,1,0,0,medio_alto
1,10000.0,0,0.0,1,2,1,0,0,0,1,0,0,1,0,0,0,medio_baixo
3,10000.0,3,0.6666666666666666,2,1,1,0,0,0,0,1,0,0,0,0,0,medio_baixo
10,10000.0,14,0.6428571428571429,1,2,1,0,0,0,1,0,0,1,0,0,0,gratuito
2,10000.0,439,0.683371298405467,29,4,1,0,0,0,1,0,1,1,0,0,1,medio_alto
1,0.0,0,0.0,1,2,1,0,0,0,1,1,0,0,0,0,0,medio_baixo
6,1500000.0,91793,0.8681054110879914,14,2,1,0,0,1,0,1,1,0,0,0,0,medio_alto
2,0.0,0,0.0,1,3,1,0,0,1,1,1,0,0,0,1,0,gratuito
4,10000.0,4,0.75,3,3,1,0,0,0,1,0,0,0,1,1,0,alto
5,35000.0,456,0.9035087719298246,1,3,1,0,1,0,1,1,0,0,0,0,0,alto
9,10000.0,41,0.8536585365853658,1,2,1,1,1,1,1,0,0,1,0,0,0,gratuito
6,10000.0,7,0.8571428571428571,1,1,1,0,0,1,0,0,0,0,0,0,0,alto
5,10000.0,13,1.0,2,3,1,0,0,0,1,0,1,1,0,0,0,medio_baixo
3,10000.0,14,0.7142857142857143,2,4,1,0,0,1,1,1,0,1,0,1,0,medio_alto
2,10000.0,0,0.0,1,1,1,0,0,0,1,0,0,0,0,0,0,medio_alto
6,150000.0,1,1.0,1,2,1,0,0,0,1,0,1,0,0,0,0,medio_baixo
4,3500000.0,109462,0.9560669456066946,9,4,1,0,0,5,1,1,0,0,0,1,1,alto
2,350000.0,6713,0.8821689259645464,12,2,1,0,0,2,0,1,1,0,0,0,0,alto
6,10000.0,1465,0.7651877133105802,12,5,1,0,0,0,1,1,1,0,0,0,1,alto
7,10000.0,12,0.3333333333333333,1,3,1,0,0,0,1,0,0,0,0,1,1,medio_alto
6,10000.0,58,0.5,2,2,1,0,0,0,0,0,0,1,0,0,0,alto
8,10000.0,25,0.76,6,4,1,0,0,0,1,1,1,1,0,0,0,alto
2,10000.0,14,0.9285714285714286,1,3,1,0,0,0,1,0,1,1,0,0,0,medio_alto
2,10000.0,12,0.75,1,5,1,1,1,0,1,1,1,0,1,0,0,medio_alto
2,10000.0,0,0.0,1,1,1,0,0,9,1,0,0,0,0,0,0,baixo
1,0.0,0,0.0,3,3,1,1,1,0,1,0,0,1,0,1,0,medio_baixo
1,0.0,0,0.0,3,5,1,0,0,0,1,1,1,1,0,0,0,gratuito
3,10000.0,0,0.0,1,4,1,0,0,0,1,1,1,1,0,0,0,medio_baixo
7,10000.0,47,0.9787234042553191,2,4,1,1,0,1,1,1,1,1,0,0,0,alto
3,10000.0,20,0.35,1,6,1,0,0,0,0,1,1,0,1,1,1,medio_alto
5,150000.0,1054,0.8406072106261859,1,7,1,1,0,0,1,1,1,1,0,0,0,gratuito
6,10000.0,210,0.9666666666666667,11,2,1,0,0,1,1,1,0,0,0,0,0,medio_alto
4,10000.0,135,0.9259259259259259,7,4,1,0,0,0,1,1,1,0,0,0,1,medio_alto
2,10000.0,0,0.0,8,4,1,0,0,0,1,0,1,1,0,0,1,baixo
7,35000.0,206,0.8203883495145631,1,6,1,0,0,0,1,0,1,1,1,0,1,gratuito
12,150000.0,553,0.6962025316455697,21,2,1,0,0,0,1,0,0,0,0,0,1,baixo
2,10000.0,77,0.6493506493506493,3,2,1,0,0,0,0,0,1,0,1,0,0,alto
2,10000.0,15,0.9333333333333333,1,4,1,0,0,0,1,1,1,0,0,1,0,baixo
1,10000.0,0,0.0,12,2,1,0,0,1,1,0,0,1,0,0,0,baixo
9,10000.0,102,0.803921568627451,1,2,1,0,0,0,1,1,0,0,0,0,0,baixo
3,10000.0,43,0.6976744186046512,7,2,1,1,0,0,0,0,0,0,0,1,1,medio_alto
8,10000.0,1,0.0,1,6,1,0,0,0,1,0,0,1,1,0,1,baixo
9,35000.0,25,0.8,27,4,1,0,0,0,1,1,1,1,0,0,0,gratuito
7,10000.0,422,0.9265402843601895,4,1,1,0,0,1,0,0,0,0,0,1,0,alto
8,10000.0,11,0.9090909090909091,3,2,1,0,0,0,1,0,0,0,0,0,1,alto
3,10000.0,20,0.5,11,4,1,0,0,0,1,1,0,1,0,0,0,medio_baixo
11,35000.0,29,0.7586206896551724,12,3,1,1,1,0,1,0,0,1,0,1,0,medio_baixo
1,10000.0,7,0.5714285714285714,1,3,1,0,0,0,1,0,1,0,0,0,1,baixo
2,10000.0,0,0.0,1,4,1,0,0,0,0,1,1,0,0,1,0,gratuito
1,10000.0,3,1.0,1,2,1,0,0,0,1,0,1,0,0,0,0,medio_alto
4,35000.0,773,0.7503234152652005,13,2,1,0,0,0,0,1,1,0,0,0,0,alto
2,10000.0,8,0.875,1,4,1,0,0,0,1,0,0,0,0,1,1,medio_alto
7,10000.0,3,0.0,1,5,1,0,0,0,1,1,1,1,0,0,0,alto
1,10000.0,45,0.9111111111111111,1,2,1,0,0,0,1,1,0,0,0,0,0,medio_alto
9,10000.0,49,0.5102040816326531,1,3,1,1,1,2,1,1,1,0,0,0,0,gratuito
1,0.0,0,0.0,1,5,1,0,0,0,1,0,1,0,1,0,1,gratuito
7,350000.0,2578,0.899922420480993,2,3,1,0,0,1,0,1,1,0,1,0,0,medio_alto
5,0.0,0,0.0,6,3,1,1,0,0,0,0,1,0,1,0,0,gratuito
7,10000.0,161,0.8322981366459627,2,1,1,1,1,0,0,0,0,0,0,0,1,medio_baixo
1,0.0,0,0.0,0,0,1,0,0,0,0,0,0,0,0,0,0,gratuito
1,10000.0,28,0.9642857142857143,10,2,1,0,0,0,0,0,0,0,0,1,0,medio_alto
1,0.0,0,0.0,0,0,1,0,0,0,0,0,0,0,0,0,0,gratuito
3,10000.0,7,0.7142857142857143,1,8,1,0,0,0,1,1,1,1,0,1,1,baixo
7,35000.0,34,0.7352941176470589,1,2,1,0,0,0,0,0,1,1,0,0,0,medio_alto
4,10000.0,0,0.0,9,6,1,0,0,0,1,1,1,0,0,0,0,alto
3,150000.0,2,1.0,21,3,1,0,0,0,1,1,0,1,0,0,0,alto
2,10000.0,2,1.0,1,3,1,0,0,0,1,1,1,0,0,0,0,medio_alto
7,10000.0,166,0.8012048192771084,9,2,1,1,1,0,0,0,1,1,0,0,0,medio_alto
9,35000.0,42,0.5238095238095238,1,3,1,0,0,0,1,1,0,0,1,0,0,baixo
5,10000.0,0,0.0,1,2,1,0,0,0,1,0,0,1,0,0,0,medio_baixo
7,35000.0,185,0.7189189189189189,8,4,1,1,1,0,1,0,1,1,0,0,1,medio_baixo
9,35000.0,59,0.8305084745762712,10,3,1,1,0,0,1,0,1,1,0,0,0,baixo
9,10000.0,36,0.8888888888888888,6,2,1,0,0,0,1,0,0,1,0,0,0,alto
1,10000.0,0,0.0,1,2,1,1,1,0,0,1,1,0,0,0,0,medio_alto
1,0.0,0,0.0,1,6,1,0,0,0,1,0,0,1,1,1,1,gratuito
4,10000.0,9,1.0,1,1,1,0,0,1,1,0,0,0,0,0,0,medio_baixo
7,35000.0,6,0.5,1,3,1,0,0,100,1,1,0,1,0,0,0,gratuito
3,10000.0,82,0.9634146341463414,8,3,1,0,0,4,1,0,0,1,0,0,0,alto
6,10000.0,44,0.8636363636363636,1,2,1,0,0,0,0,1,0,0,0,1,0,medio_alto
5,10000.0,19,0.8947368421052632,2,2,1,0,0,0,1,0,0,0,0,1,0,medio_alto
4,10000.0,6,1.0,3,4,1,0,0,0,1,0,1,1,1,0,0,medio_baixo
6,35000.0,1,1.0,1,3,1,0,0,0,1,0,1,0,0,0,0,baixo
8,10000.0,25,0.36,20,8,1,1,1,0,1,1,1,1,1,1,1,alto
1,0.0,0,0.0,7,2,1,0,0,0,0,0,0,0,0,0,1,gratuito
9,10000.0,645,0.9054263565891473,6,3,1,1,0,1,1,1,1,0,0,0,0,baixo
12,150000.0,1551,0.973565441650548,9,2,1,1,1,0,0,0,1,1,0,0,0,medio_alto
5,35000.0,42,0.9761904761904762,2,3,1,0,0,0,1,1,1,0,0,0,0,baixo
3,10000.0,0,0.0,1,2,1,0,0,0,1,0,1,0,0,0,0,medio_alto
7,10000.0,66,0.7121212121212122,8,5,1,0,0,0,1,1,1,0,1,0,0,baixo
5,10000.0,0,0.0,1,2,1,0,0,0,1,0,1,0,0,0,0,baixo
2,150000.0,2528,0.8734177215189873,1,5,1,0,0,0,1,0,1,0,1,1,1,alto
5,10000.0,22,0.9090909090909091,2,2,1,0,0,0,1,0,0,1,0,0,0,medio_alto
5,10000.0,1,0.0,1,3,1,0,0,0,0,1,0,1,0,0,0,medio_alto
9,35000.0,177,0.9152542372881356,1,3,1,0,1,0,1,1,0,0,0,0,0,gratuito
5,75000.0,10,0.5,2,8,1,0,0,19,1,1,0,1,1,1,1,gratuito
3,10000.0,11,0.6363636363636364,8,4,1,0,0,0,1,1,1,0,1,0,0,medio_alto
1,10000.0,0,0.0,10,2,1,0,0,0,1,0,0,0,1,0,0,baixo
6,75000.0,480,0.8625,7,2,1,1,1,1,0,0,0,0,0,1,1,alto
11,10000.0,60,0.8166666666666667,2,2,1,1,1,0,1,1,0,0,0,0,0,alto
2,10000.0,0,0.0,1,2,1,1,1,0,1,0,0,1,0,0,0,baixo
1,0.0,0,0.0,1,1,0,1,0,0,0,0,0,0,0,0,0,medio_alto
5,0.0,0,0.0,0,0,1,0,0,0,0,0,0,0,0,0,0,gratuito
1,10000.0,0,0.0,1,2,1,0,0,0,0,1,0,0,0,0,0,gratuito
1,10000.0,3,1.0,1,1,1,0,0,0,1,0,0,0,0,0,0,medio_baixo
3,350000.0,9372,0.7478659837814767,1,2,1,0,0,18,0,1,0,0,0,0,0,alto
3,35000.0,4,1.0,3,1,1,0,0,0,0,0,0,0,0,0,1,baixo
6,10000.0,39,0.41025641025641024,1,3,1,1,1,0,1,1,1,0,0,0,0,baixo
4,10000.0,157,0.7898089171974523,8,2,1,0,0,0,1,1,0,0,0,0,0,baixo
1,10000.0,0,0.0,5,3,1,0,0,0,1,0,1,1,0,0,0,medio_alto
4,1500000.0,10241,0.7445561956840152,12,3,1,0,0,1,0,1,1,0,1,0,0,alto
2,10000.0,4,1.0,1,3,1,0,0,0,1,0,0,1,0,0,1,alto
1,10000.0,0,0.0,9,2,1,0,0,0,1,0,0,1,0,0,0,medio_alto
10,10000.0,74,0.7567567567567568,1,1,1,1,1,0,0,0,1,0,0,0,0,medio_baixo
1,0.0,0,0.0,11,2,1,0,0,0,0,1,1,0,0,0,0,alto
4,0.0,0,0.0,1,4,1,0,0,0,1,1,0,1,0,0,0,gratuito
9,10000.0,213,0.7793427230046949,2,3,1,0,0,0,1,1,0,0,0,0,1,baixo
1,0.0,0,0.0,0,0,1,0,0,0,0,0,0,0,0,0,0,gratuito
1,0.0,0,0.0,0,0,1,0,0,0,0,0,0,0,0,0,0,gratuito
1,10000.0,0,0.0,27,2,1,1,1,0,1,0,0,0,0,0,1,baixo
9,10000.0,15,0.2,2,2,1,0,0,0,0,0,0,0,0,1,1,alto
8,10000.0,2,1.0,1,4,1,0,0,0,1,1,1,0,1,0,0,baixo
1,0.0,0,0.0,0,0,1,0,0,0,0,0,0,0,0,0,0,gratuito
9,10000.0,22,0.8636363636363636,6,2,1,1,0,0,1,1,0,0,0,0,0,medio_baixo
4,10000.0,15,0.8,1,1,1,0,0,0,0,0,0,1,0,0,0,medio_alto
8,75000.0,232,0.36637931034482757,7,4,1,1,0,0,1,1,1,1,0,0,0,baixo
11,10000.0,88,0.8636363636363636,1,5,1,1,0,0,1,0,1,1,0,1,1,alto
14,150000.0,804,0.7114427860696517,1,2,1,0,0,0,0,1,0,0,0,0,0,baixo
1,10000.0,0,0.0,9,3,1,0,0,0,1,0,0,1,0,0,1,medio_baixo
3,0.0,0,0.0,0,0,1,0,0,0,0,0,0,0,0,0,0,gratuito
3,10000.0,25,0.92,1,3,1,0,0,0,1,1,1,0,0,0,0,medio_alto
3,0.0,0,0.0,13,3,1,0,0,56,0,0,0,1,0,0,1,gratuito
1,0.0,0,0.0,12,2,1,0,1,1,1,0,1,0,0,0,0,alto
2,10000.0,4,0.75,3,4,1,1,1,0,1,0,0,0,1,1,0,medio_alto
3,75000.0,5,0.8,1,2,1,0,0,0,0,1,1,0,0,0,0,medio_baixo
3,10000.0,0,0.0,5,1,1,0,0,0,0,0,0,1,0,0,0,medio_baixo
2,10000.0,0,0.0,1,2,1,0,0,0,0,1,1,0,0,0,0,alto
6,150000.0,502,0.9422310756972112,1,1,1,0,0,1,0,0,0,0,0,0,0,gratuito
11,75000.0,154,0.4935064935064935,1,5,1,0,0,1,1,1,0,1,0,0,0,gratuito
7,10000.0,392,0.8316326530612245,1,4,1,0,0,0,1,1,1,0,0,0,1,baixo
3,10000.0,4,0.5,1,2,1,1,1,0,0,0,1,1,0,0,0,medio_alto
5,10000.0,13,0.9230769230769231,4,4,1,0,0,0,1,0,1,0,1,0,0,alto
11,150000.0,120,0.5333333333333333,1,1,1,0,0,0,1,0,0,0,0,0,0,baixo
8,10000.0,53,0.7924528301886793,2,3,1,0,0,0,1,0,0,1,0,0,0,medio_baixo
5,10000.0,0,0.0,1,3,1,0,0,1,0,0,1,1,1,0,0,baixo
11,75000.0,847,0.6422668240850059,7,2,1,1,1,1,1,0,0,0,0,1,0,medio_baixo
7,10000.0,8,1.0,1,2,1,0,0,0,0,0,1,1,0,0,0,medio_alto
9,10000.0,2,1.0,1,2,1,0,0,0,0,0,1,1,0,0,0,medio_alto
3,0.0,0,0.0,0,0,1,0,0,0,0,0,0,0,0,0,0,gratuito
5,0.0,0,0.0,1,5,1,1,0,0,1,0,0,1,1,0,1,gratuito
2,10000.0,78,0.9871794871794872,1,3,1,0,0,0,1,1,1,0,0,0,0,medio_alto
2,10000.0,0,0.0,5,2,1,0,0,0,1,0,0,0,0,0,1,baixo
2,10000.0,0,0.0,1,7,1,0,0,0,1,1,1,0,1,1,1,medio_alto
5,10000.0,57,0.9824561403508771,5,2,1,0,0,2,1,0,1,0,0,0,0,alto
4,10000.0,3,1.0,1,2,1,0,0,0,0,1,0,0,0,0,0,medio_alto
1,10000.0,0,0.0,1,3,1,0,0,0,1,0,1,0,0,0,1,medio_baixo
1,10000.0,0,0.0,8,4,1,0,0,0,1,1,1,1,0,0,0,medio_alto
5,35000.0,2,1.0,1,4,1,0,0,0,1,1,1,0,0,0,0,medio_baixo
4,10000.0,11,0.9090909090909091,103,6,1,1,1,0,1,1,1,1,0,0,1,alto
5,10000.0,122,0.7704918032786885,1,3,1,0,0,0,1,1,0,1,0,0,0,medio_alto
2,10000.0,8,1.0,3,1,1,0,1,0,0,0,1,0,0,0,0,medio_alto
6,75000.0,38,0.8157894736842105,8,3,1,0,0,0,1,1,0,0,0,0,0,gratuito
1,10000.0,0,0.0,1,2,1,0,0,0,0,0,1,0,0,0,0,baixo
1,0.0,0,0.0,1,3,1,0,0,0,0,0,0,0,0,0,1,gratuito
1,10000.0,0,0.0,8,3,1,0,1,2,1,0,1,0,0,0,1,medio_baixo
2,0.0,0,0.0,0,0,1,0,0,0,0,0,0,0,0,0,0,gratuito
4,10000.0,33,0.6666666666666666,2,2,1,0,0,0,1,0,0,0,0,1,0,medio_alto
10,35000.0,102,0.35294117647058826,1,4,1,0,0,0,1,0,0,1,0,1,0,gratuito
4,10000.0,0,0.0,1,2,1,0,0,0,1,0,0,0,0,0,1,baixo
3,10000.0,0,0.0,29,2,1,0,0,0,1,0,0,1,0,0,0,baixo
1,10000.0,0,0.0,1,3,1,0,0,0,1,0,0,1,0,0,1,medio_baixo
6,10000.0,30,0.8333333333333334,6,4,1,0,0,0,1,1,1,1,0,0,0,medio_baixo
3,10000.0,0,0.0,1,3,1,0,1,0,1,0,1,0,0,0,0,gratuito
3,10000.0,5,0.8,1,2,1,0,0,0,1,1,0,0,0,0,0,gratuito
1,0.0,0,0.0,0,0,1,0,0,0,0,0,0,0,0,0,0,gratuito
1,10000.0,0,0.0,11,2,1,0,0,0,1,0,1,0,0,0,0,medio_alto
2,10000.0,42,0.8095238095238095,1,3,1,0,0,1,1,0,0,1,0,0,1,medio_baixo
2,75000.0,7,0.8571428571428571,1,2,1,0,0,0,0,1,1,0,0,0,0,baixo
9,10000.0,28,0.42857142857142855,1,4,1,1,0,0,0,1,1,1,1,0,0,gratuito
18,10000.0,13,0.8461538461538461,2,2,1,0,0,0,1,0,0,1,0,0,0,medio_baixo
3,10000.0,0,0.0,1,3,1,0,0,0,1,1,1,0,0,0,0,alto
6,10000.0,0,0.0,6,3,1,1,1,0,1,0,1,1,0,0,0,medio_baixo
6,10000.0,14,0.8571428571428571,1,3,1,0,0,0,1,1,1,0,0,0,0,medio_baixo
3,10000.0,0,0.0,3,4,1,0,0,0,1,0,0,1,1,0,1,medio_baixo
1,10000.0,0,0.0,1,2,1,1,1,0,1,0,0,1,0,0,0,medio_alto
4,350000.0,2444,0.9263502454991817,1,1,1,1,1,2,0,0,1,0,0,0,0,medio_alto
6,10000.0,46,0.43478260869565216,12,4,1,0,0,1,1,1,1,1,0,0,0,medio_baixo
3,0.0,0,0.0,1,5,1,0,0,0,1,1,0,1,0,1,1,gratuito
1,10000.0,0,0.0,27,2,1,1,1,0,1,0,0,0,0,0,1,baixo
7,35000.0,64,0.78125,2,3,1,1,1,0,1,0,1,0,1,0,0,baixo
1,35000.0,3,1.0,4,3,1,0,0,0,1,0,0,0,1,0,1,medio_baixo
1,0.0,0,0.0,0,0,1,0,0,0,0,0,0,0,0,0,0,gratuito
1,10000.0,0,0.0,18,3,1,0,0,0,0,0,0,1,0,0,1,alto
1,10000.0,22,0.8636363636363636,7,2,1,0,0,1,1,0,0,1,0,0,0,medio_baixo
2,0.0,0,0.0,0,0,1,0,0,0,0,0,0,0,0,0,0,gratuito
4,10000.0,6,0.6666666666666666,0,2,1,1,0,0,1,0,0,1,0,0,0,alto
7,10000.0,1,0.0,1,0,1,0,0,0,0,0,0,0,0,0,0,medio_alto
1,0.0,0,0.0,1,2,1,1,0,0,1,0,0,1,0,0,0,baixo
1,0.0,0,0.0,0,0,1,0,0,0,0,0,0,0,0,0,0,gratuito
3,0.0,0,0.0,1,1,1,0,0,0,0,1,0,0,0,0,0,gratuito
2,10000.0,9,1.0,3,4,1,0,0,0,1,0,0,1,0,1,1,medio_baixo
3,10000.0,0,0.0,4,3,1,1,0,0,1,0,0,1,1,0,0,medio_baixo
6,35000.0,293,0.9829351535836177,1,1,1,0,1,0,0,1,0,0,0,0,0,baixo
2,10000.0,1,1.0,1,2,1,0,0,1,0,1,0,0,0,0,1,alto
1,0.0,0,0.0,10,4,1,1,0,2,1,1,0,0,0,0,0,gratuito
6,10000.0,32,0.75,1,5,1,0,0,0,1,1,0,1,1,0,1,medio_alto
3,0.0,0,0.0,0,0,1,0,0,0,0,0,0,0,0,0,0,gratuito
10,75000.0,530,0.41132075471698115,7,5,1,0,0,0,1,1,1,0,0,1,1,medio_baixo
1,0.0,0,0.0,1,2,1,0,0,1,0,0,1,0,0,0,1,alto
2,10000.0,1,1.0,1,5,1,0,0,0,1,1,1,1,0,0,0,medio_alto
1,0.0,0,0.0,1,5,1,0,0,0,0,0,0,0,0,0,0,gratuito
9,10000.0,4,0.25,1,5,1,0,0,0,1,0,0,1,0,0,1,baixo
5,0.0,0,0.0,1,4,1,0,0,0,1,1,0,1,0,0,0,gratuito
4,10000.0,163,0.7668711656441718,6,2,1,1,0,0,0,0,0,0,0,1,1,medio_alto
9,1500000.0,9112,0.8619402985074627,1,3,1,1,0,0,0,1,0,0,1,0,0,gratuito
5,10000.0,4,0.75,12,3,1,1,0,0,1,1,0,1,0,0,0,alto
5,10000.0,15,0.4666666666666667,1,1,1,0,0,0,0,0,0,0,0,0,0,medio_alto
1,75000.0,476,0.7983193277310925,13,4,1,0,0,3,1,1,1,1,0,0,0,alto
2,10000.0,2,1.0,1,1,1,1,0,0,1,0,0,0,0,0,0,medio_baixo
3,0.0,0,0.0,103,3,1,0,0,0,1,0,0,1,0,0,1,gratuito
1,0.0,0,0.0,0,0,1,0,0,0,0,0,0,0,0,0,0,gratuito
5,10000.0,3,0.3333333333333333,2,2,1,0,0,0,0,1,0,0,0,0,0,medio_alto
12,35000.0,751,0.929427430093209,3,1,1,1,0,9,0,0,0,0,0,0,1,alto
1,10000.0,0,0.0,1,3,1,0,0,0,1,1,1,0,0,0,0,baixo
2,10000.0,1,1.0,12,3,1,0,0,0,1,1,0,1,0,0,0,medio_baixo
5,0.0,0,0.0,0,0,1,0,0,0,0,0,0,0,0,0,0,gratuito
2,10000.0,5,1.0,1,2,1,0,1,0,1,0,0,1,0,0,0,medio_baixo
12,35000.0,75,0.6933333333333334,1,3,1,1,1,1,1,1,0,0,0,1,0,medio_alto
7,10000.0,10,0.9,1,2,1,0,0,0,0,0,1,1,0,0,0,medio_alto
1,0.0,0,0.0,1,1,1,0,0,0,0,0,0,1,0,0,0,baixo
1,10000.0,3,0.6666666666666666,1,5,1,0,0,0,1,1,1,0,1,0,0,medio_alto
3,0.0,0,0.0,3,4,1,0,0,0,1,0,1,1,0,0,0,gratuito
8,35000.0,195,0.8153846153846154,1,2,1,0,0,0,1,0,0,1,0,0,0,baixo
6,10000.0,97,0.7010309278350515,6,2,1,0,0,0,0,0,0,0,0,1,0,gratuito
3,35000.0,1,1.0,1,2,1,0,0,0,0,1,0,1,0,0,0,baixo
2,10000.0,4,1.0,7,5,1,0,0,0,1,0,1,1,1,0,1,baixo
3,35000.0,1,0.0,1,2,1,0,0,0,0,1,1,0,0,0,0,medio_baixo
6,75000.0,1333,0.9512378094523631,6,1,1,0,0,1,1,0,0,0,0,0,0,medio_baixo
2,10000.0,0,0.0,1,3,1,0,0,0,0,1,1,0,0,0,0,alto
4,10000.0,10,1.0,1,2,1,0,0,0,1,1,0,0,0,0,0,baixo
3,10000.0,11,1.0,1,3,1,0,0,0,1,0,0,0,1,1,0,baixo
6,10000.0,6,0.6666666666666666,2,2,1,0,0,1,1,1,0,0,0,0,0,medio_alto
1,0.0,0,0.0,1,3,1,0,0,0,1,0,1,0,1,0,0,baixo
1,10000.0,0,0.0,1,5,1,0,0,0,0,1,1,1,1,1,0,medio_alto
4,10000.0,46,0.8913043478260869,11,3,1,0,0,0,1,1,1,0,0,0,0,medio_baixo
8,10000.0,15,0.6666666666666666,1,6,1,0,0,0,1,1,0,0,0,0,1,baixo
2,0.0,0,0.0,0,0,1,0,0,0,0,0,0,0,0,0,0,gratuito
5,10000.0,31,0.4838709677419355,9,4,1,0,0,0,1,0,0,1,0,1,1,medio_baixo
6,10000.0,27,0.3333333333333333,3,5,1,1,0,0,1,1,1,0,0,1,1,medio_baixo
8,10000.0,12,0.5,1,5,1,0,0,0,1,0,1,1,0,1,1,baixo
4,0.0,0,0.0,2,2,1,0,0,1,1,0,1,0,0,0,0,gratuito
2,35000.0,13,0.9230769230769231,7,2,1,0,0,0,1,0,1,0,0,0,0,medio_alto
1,0.0,0,0.0,2,4,1,0,0,0,1,0,0,1,0,1,0,gratuito
1,10000.0,0,0.0,8,4,1,1,0,0,1,0,0,1,1,0,1,baixo
20,75000.0,457,0.87527352297593,1,1,1,0,0,0,0,0,0,0,0,1,0,medio_baixo
4,35000.0,398,0.8090452261306532,8,3,1,1,0,0,0,0,1,1,0,1,0,medio_baixo
1,0.0,0,0.0,4,3,1,0,0,0,1,0,0,1,1,0,0,medio_alto
6,350000.0,2620,0.8221374045801527,4,3,1,0,0,1,1,0,0,1,0,0,1,medio_baixo
1,35000.0,48,0.9583333333333334,4,3,1,0,0,0,1,0,1,1,0,0,0,medio_alto
5,150000.0,526,0.9144486692015209,1,2,1,0,0,0,1,1,0,0,0,0,0,alto
1,10000.0,0,0.0,6,4,1,0,0,0,1,1,0,0,1,1,0,alto
2,75000.0,1259,0.8721207307386815,8,2,1,0,1,5,0,0,0,0,1,1,0,alto
6,10000.0,6,1.0,4,2,1,0,0,0,1,0,0,1,0,0,0,baixo
1,0.0,0,0.0,1,2,1,0,0,0,1,0,0,1,0,0,0,medio_baixo
9,10000.0,29,0.7241379310344828,5,2,1,0,0,0,1,0,1,0,0,0,0,alto
2,10000.0,16,0.875,10,2,1,0,0,0,1,0,0,1,0,0,0,baixo
22,7500000.0,26558,0.9138865878454703,8,1,1,1,1,0,0,1,0,0,0,0,0,medio_baixo
2,10000.0,0,0.0,9,3,1,0,0,0,1,0,0,1,0,1,0,baixo
6,10000.0,51,0.5294117647058824,15,1,1,0,0,1,0,0,0,1,0,0,0,medio_baixo
3,10000.0,6,1.0,1,2,1,0,0,0,1,1,0,0,0,0,0,baixo
3,10000.0,34,0.6470588235294118,3,4,1,0,0,0,1,1,1,1,0,0,0,baixo
1,10000.0,10,1.0,4,4,1,0,0,0,1,0,1,0,0,0,1,medio_baixo
2,10000.0,4,1.0,1,2,1,0,0,0,1,0,0,1,0,0,0,baixo
1,0.0,0,0.0,0,0,1,0,0,0,0,0,0,0,0,0,0,gratuito
2,350000.0,3298,0.5115221346270467,11,1,1,0,0,9,0,0,0,0,0,0,0,alto
1,10000.0,0,0.0,1,4,1,0,0,0,1,0,0,1,0,1,0,alto
5,35000.0,393,0.7531806615776081,11,3,1,0,0,0,1,0,0,0,0,1,1,alto
5,10000.0,3,1.0,11,3,1,0,0,0,1,1,0,1,0,0,0,baixo
11,10000.0,51,0.9215686274509803,1,1,1,1,1,1,1,0,0,0,0,0,0,medio_baixo
3,10000.0,3,0.6666666666666666,1,3,1,0,0,0,1,1,1,0,0,0,0,baixo
1,10000.0,5,1.0,1,3,1,0,0,0,1,0,0,1,0,1,0,medio_baixo
2,75000.0,1252,0.8730031948881789,14,3,1,0,0,0,1,1,0,0,1,0,0,alto
8,10000.0,48,0.8958333333333334,1,1,1,1,1,3,0,0,0,0,0,0,1,alto
6,75000.0,82,0.5853658536585366,1,4,1,0,0,0,1,0,1,0,0,1,0,gratuito
7,35000.0,153,0.9150326797385621,1,2,1,1,0,0,0,0,0,1,0,1,0,baixo
3,10000.0,1,0.0,1,5,1,0,0,0,0,1,1,0,0,1,1,medio_baixo
1,0.0,0,0.0,1,3,1,0,0,0,1,1,1,0,0,0,0,baixo
4,10000.0,4,0.25,2,5,1,0,0,0,1,1,1,0,1,0,0,alto
1,0.0,0,0.0,12,1,1,0,0,0,0,1,0,0,0,0,0,alto
5,10000.0,4,1.0,103,5,1,0,0,0,1,0,1,1,0,1,1,baixo
8,10000.0,0,0.0,1,1,1,0,0,0,1,0,0,0,0,0,0,medio_alto
1,0.0,0,0.0,0,0,1,0,0,0,0,0,0,0,0,0,0,gratuito
10,10000.0,27,0.48148148148148145,2,1,1,0,0,0,0,0,0,0,0,0,1,baixo
4,0.0,0,0.0,1,4,1,1,1,0,1,0,1,1,1,0,0,gratuito
5,10000.0,103,0.6504854368932039,1,2,1,0,0,0,1,0,0,1,0,0,0,medio_alto
1,0.0,0,0.0,0,0,1,0,0,0,0,0,0,0,0,0,0,gratuito
3,10000.0,74,0.8513513513513513,2,4,1,1,1,1,1,0,1,1,0,0,1,medio_baixo
1,0.0,0,0.0,27,2,1,1,1,0,1,0,0,0,0,0,1,baixo
4,10000.0,2,0.5,1,3,1,0,0,0,1,0,0,1,0,1,0,medio_alto
3,0.0,0,0.0,0,0,1,0,0,0,0,0,0,0,0,0,0,gratuito
2,10000.0,19,0.6842105263157895,1,5,1,0,0,0,1,0,1,1,1,1,0,medio_alto
5,10000.0,0,0.0,2,2,1,0,0,0,1,1,0,0,0,0,0,alto
8,10000.0,2,0.5,1,2,1,0,0,0,0,0,0,1,0,0,1,medio_baixo
7,10000.0,1,1.0,1,3,1,0,0,0,1,1,0,1,0,0,0,medio_baixo
3,0.0,0,0.0,0,0,1,0,0,0,0,0,0,0,0,0,0,gratuito
6,35000.0,75,0.9466666666666667,1,2,1,0,0,0,0,0,1,1,0,0,0,medio_baixo
4,35000.0,165,0.8484848484848485,1,3,1,0,0,0,0,0,1,0,1,1,0,medio_alto
8,150000.0,2307,0.8920676202860858,11,3,1,0,0,0,1,0,0,0,0,1,1,medio_baixo
2,10000.0,11,1.0,1,2,1,0,1,0,0,1,1,0,0,0,0,medio_alto
8,10000.0,7,0.42857142857142855,1,1,1,0,0,0,1,0,0,0,0,0,0,medio_alto
1,10000.0,0,0.0,1,1,1,0,0,0,0,1,0,0,0,0,0,medio_alto
10,35000.0,270,0.7777777777777778,6,1,1,1,1,0,0,0,1,0,0,0,0,baixo
7,10000.0,177,0.7627118644067796,3,1,1,0,0,0,1,0,0,0,0,0,0,medio_alto
7,10000.0,41,0.926829268292683,3,2,1,0,0,0,1,0,0,1,0,0,0,medio_baixo
8,10000.0,3,1.0,1,3,1,0,0,0,1,1,1,0,0,0,0,baixo
3,150000.0,1456,0.8880494505494505,1,3,1,0,0,0,1,0,0,1,0,1,0,medio_baixo
1,150000.0,2923,0.8826548067054396,12,3,1,0,0,3,1,0,0,1,0,0,1,alto
11,350000.0,3075,0.8783739837398374,1,2,1,1,1,1,1,0,0,0,0,0,1,baixo
3,10000.0,102,0.45098039215686275,9,4,1,0,0,0,1,1,1,0,1,0,0,alto
1,10000.0,3,0.6666666666666666,1,4,1,0,0,0,1,0,1,1,0,1,0,medio_baixo
4,75000.0,77,0.6883116883116883,1,4,1,0,0,0,1,0,0,1,0,1,0,gratuito
7,10000.0,18,0.8333333333333334,4,5,1,1,1,1,1,1,1,1,1,0,0,medio_baixo
4,0.0,0,0.0,0,0,1,0,0,0,0,0,0,0,0,0,0,gratuito
1,0.0,0,0.0,1,5,1,0,0,0,1,1,1,1,0,0,0,gratuito
11,10000.0,6,0.5,1,2,1,0,0,0,0,1,0,1,0,0,0,medio_baixo
1,10000.0,0,0.0,1,1,1,1,1,1,0,0,0,0,1,0,0,alto
14,75000.0,99,0.8787878787878788,1,3,1,0,0,0,1,0,0,0,1,1,0,medio_baixo
1,0.0,0,0.0,103,9,1,1,1,0,1,1,1,1,1,1,1,alto
5,0.0,0,0.0,1,2,1,1,1,0,1,0,0,0,0,0,0,gratuito
4,10000.0,74,0.5405405405405406,8,2,1,0,0,0,0,1,1,0,0,0,0,medio_baixo
7,10000.0,505,0.9544554455445544,2,3,1,0,0,1,0,0,1,1,0,0,1,medio_alto
1,10000.0,15,1.0,2,3,1,0,0,1,1,1,0,0,0,1,0,alto
6,10000.0,19,0.631578947368421,1,2,1,1,0,3,1,0,0,1,0,0,0,medio_baixo
2,10000.0,63,0.5873015873015873,1,3,1,0,0,0,0,0,0,0,0,1,1,gratuito
9,10000.0,5,0.8,1,5,1,0,1,0,1,1,1,0,0,1,0,alto
3,10000.0,17,0.8235294117647058,3,3,1,0,0,0,1,0,0,1,0,1,0,medio_baixo
3,10000.0,3,1.0,1,4,1,0,0,0,1,0,0,1,0,0,1,medio_alto
8,10000.0,0,0.0,1,3,1,0,0,0,1,1,0,1,0,0,0,medio_alto
2,0.0,0,0.0,1,3,1,0,0,0,1,0,0,1,0,0,0,gratuito
6,10000.0,3,1.0,1,1,1,1,0,0,1,0,0,0,0,0,0,medio_alto
2,10000.0,20,0.7,1,4,1,0,0,0,1,1,1,1,0,0,0,medio_baixo
4,0.0,0,0.0,0,0,1,0,0,0,0,0,0,0,0,0,0,gratuito
8,1500000.0,1187,0.8171861836562764,1,5,1,1,0,1,1,0,0,0,0,1,1,gratuito
6,35000.0,1,1.0,1,2,1,0,1,0,1,0,0,1,0,0,0,alto
2,35000.0,68,0.8235294117647058,2,3,1,0,0,0,1,0,1,0,0,0,1,baixo
1,0.0,0,0.0,2,4,1,0,0,0,1,1,1,0,0,0,0,gratuito
2,10000.0,2,1.0,1,3,1,0,0,0,1,1,1,0,0,0,0,medio_baixo
7,10000.0,5,1.0,1,2,1,0,0,0,1,1,0,0,0,0,0,medio_alto
3,10000.0,1,0.0,16,3,1,0,0,0,0,0,1,1,0,0,1,alto
1,10000.0,0,0.0,1,3,1,0,0,0,0,0,1,0,0,1,1,medio_alto
6,10000.0,12,0.8333333333333334,1,3,1,0,0,0,1,0,0,0,0,1,1,gratuito
4,10000.0,7,0.7142857142857143,3,2,1,1,0,0,0,0,1,1,0,0,0,medio_alto
1,0.0,0,0.0,15,4,1,0,0,0,1,0,0,1,0,0,1,medio_alto
4,10000.0,33,0.6363636363636364,2,3,1,0,0,0,1,0,0,1,0,0,1,alto
8,10000.0,1,1.0,2,2,1,0,0,0,1,1,0,0,0,0,0,baixo
4,35000.0,22,1.0,1,4,1,1,1,0,1,0,0,1,0,0,0,baixo
8,10000.0,2,0.5,1,4,1,0,0,0,1,1,0,0,1,0,0,baixo
7,10000.0,8,0.75,1,1,1,1,0,0,0,1,0,0,0,0,0,baixo
9,75000.0,401,0.9526184538653366,103,2,1,0,0,0,1,0,0,1,0,0,0,baixo
3,0.0,0,0.0,0,0,1,0,0,0,0,0,0,0,0,0,0,gratuito
1,10000.0,0,0.0,1,3,1,0,0,0,1,0,0,1,0,0,0,medio_alto
8,10000.0,40,0.475,2,3,1,1,0,0,1,0,0,1,0,0,1,medio_baixo
2,10000.0,8,1.0,2,1,1,0,0,0,0,0,0,1,0,0,0,medio_baixo
2,0.0,0,0.0,1,7,1,0,0,0,1,1,1,1,0,1,0,gratuito
2,0.0,0,0.0,2,3,1,0,0,0,1,0,0,1,0,0,0,gratuito
1,10000.0,0,0.0,12,3,1,0,0,0,1,0,1,1,0,0,0,medio_alto
6,10000.0,41,0.6585365853658537,29,2,1,0,0,0,1,0,1,0,0,0,0,baixo
1,0.0,0,0.0,0,0,1,0,0,0,0,0,0,0,0,0,0,gratuito
10,10000.0,36,0.8888888888888888,1,1,1,0,0,0,0,0,0,0,0,1,0,gratuito
1,0.0,0,0.0,8,2,1,0,0,0,1,0,0,1,0,0,0,medio_alto
2,10000.0,100,0.71,16,3,1,0,0,0,1,0,0,1,0,0,1,alto
2,10000.0,62,0.9193548387096774,3,2,1,0,0,0,1,0,0,0,1,0,0,alto
9,10000.0,104,0.41346153846153844,4,6,1,1,0,1,1,0,1,1,0,0,1,medio_baixo
1,0.0,0,0.0,0,0,1,0,0,0,0,0,0,0,0,0,0,gratuito
3,10000.0,9,1.0,29,3,1,0,0,0,1,0,0,0,0,1,1,medio_baixo
2,7500000.0,145091,0.9475639426291086,12,3,1,0,0,0,1,1,1,0,0,0,0,medio_alto
1,10000.0,0,0.0,1,2,1,0,0,0,1,0,0,1,0,0,0,alto
1,10000.0,0,0.0,4,2,1,0,0,0,0,0,0,1,0,0,1,medio_baixo
1,10000.0,4,1.0,28,1,1,0,0,0,1,0,0,0,0,0,0,medio_alto
6,10000.0,16,0.375,1,1,1,1,0,0,1,0,0,0,0,0,0,baixo
9,10000.0,10,0.7,1,3,1,0,0,0,1,0,1,1,0,0,0,medio_alto
4,10000.0,0,0.0,5,1,1,1,1,0,0,0,0,1,0,0,0,medio_alto
7,10000.0,83,0.9397590361445783,1,1,1,0,0,1,0,0,0,0,0,0,0,gratuito
2,10000.0,44,1.0,1,3,1,0,0,1,1,0,0,1,0,0,1,baixo
9,10000.0,1,1.0,3,2,1,0,0,0,1,0,0,1,0,0,0,medio_alto
1,10000.0,7,0.14285714285714285,1,5,1,0,0,0,1,1,1,0,1,0,0,alto
5,10000.0,19,0.9473684210526315,1,4,1,0,0,0,1,1,1,1,0,0,0,medio_baixo
2,150000.0,4,0.5,1,2,1,0,0,0,1,0,1,0,0,0,0,medio_baixo
9,75000.0,378,0.5105820105820106,1,4,1,1,1,0,1,0,0,1,0,1,1,alto
7,10000.0,13,0.8461538461538461,1,2,1,1,0,0,1,0,0,1,0,0,0,medio_baixo
6,10000.0,84,0.6071428571428571,1,4,1,0,0,0,1,1,1,0,0,0,0,gratuito
8,10000.0,11,0.9090909090909091,1,2,1,1,0,0,1,0,0,0,0,1,0,medio_alto
8,10000.0,2,0.5,1,3,1,0,0,0,1,0,1,0,1,0,0,medio_baixo
10,10000.0,30,0.5666666666666667,1,2,1,0,0,0,1,0,0,1,0,0,0,alto
2,10000.0,6,0.8333333333333334,1,3,1,0,0,0,1,1,0,0,0,0,0,medio_alto
4,150000.0,3,0.3333333333333333,2,2,1,0,0,0,1,0,0,1,0,0,0,medio_alto
3,10000.0,2,0.5,1,3,1,0,0,0,0,1,1,0,0,0,1,baixo
3,10000.0,37,0.7027027027027027,5,3,1,0,0,0,1,0,0,1,0,1,0,alto
5,10000.0,244,0.8319672131147541,2,4,1,0,0,0,1,1,1,1,0,0,0,medio_baixo
5,10000.0,2,0.5,1,3,1,1,0,0,1,0,0,0,1,0,0,medio_alto
2,35000.0,1168,0.9957191780821918,3,5,1,1,0,1,1,0,1,0,1,0,0,alto
6,10000.0,1,1.0,1,2,1,0,0,0,1,0,1,0,0,0,0,medio_alto
1,0.0,0,0.0,2,4,1,0,0,1,1,0,0,1,1,1,0,medio_baixo
8,10000.0,15,0.4666666666666667,1,1,1,0,0,0,0,0,0,0,0,0,1,gratuito
11,35000.0,272,0.9301470588235294,1,2,1,1,1,1,1,1,0,0,0,0,0,medio_baixo
1,10000.0,0,0.0,27,2,1,1,1,0,1,0,0,0,0,0,1,baixo
1,10000.0,1,1.0,4,2,1,0,0,0,0,0,0,0,0,0,1,alto
10,35000.0,261,0.7969348659003831,3,2,1,0,1,0,1,1,0,0,0,0,0,gratuito
11,10000.0,64,0.890625,6,2,1,1,1,0,1,1,0,0,0,0,0,baixo
3,10000.0,73,0.9315068493150684,3,2,1,0,0,0,1,1,0,0,0,0,0,medio_alto
1,10000.0,0,0.0,1,1,1,0,0,0,1,0,0,0,0,0,0,medio_baixo
6,35000.0,321,0.9034267912772586,3,3,1,0,0,1,1,0,1,0,1,0,0,medio_alto
9,10000.0,15,0.7333333333333333,1,2,1,0,0,0,0,0,0,0,0,0,0,alto
3,10000.0,7,1.0,3,4,1,0,0,0,1,0,1,1,0,1,0,medio_baixo
3,0.0,0,0.0,0,0,1,0,0,0,0,0,0,0,0,0,0,gratuito
1,10000.0,0,0.0,30,4,1,0,0,0,1,1,0,0,0,1,1,medio_baixo
3,10000.0,9,1.0,1,3,1,1,0,0,1,1,0,1,0,0,0,medio_alto
1,10000.0,1,0.0,1,1,1,0,0,0,0,0,0,0,0,1,0,medio_alto
6,10000.0,17,0.8235294117647058,1,4,1,0,0,0,1,1,1,0,0,0,0,gratuito
9,35000.0,356,0.8679775280898876,5,2,1,0,0,0,1,0,0,0,0,0,1,medio_alto
4,10000.0,0,0.0,16,4,1,1,1,11,1,0,1,1,0,0,1,medio_baixo
2,10000.0,0,0.0,5,5,1,0,0,0,0,1,0,1,1,0,1,medio_baixo
6,10000.0,28,0.8214285714285714,1,1,1,1,0,1,0,0,1,0,0,0,0,alto
4,0.0,0,0.0,0,0,1,0,0,0,0,0,0,0,0,0,0,gratuito
2,10000.0,12,0.8333333333333334,2,1,1,0,0,0,0,1,0,0,0,0,0,medio_alto
2,0.0,0,0.0,103,2,1,0,0,1,0,0,0,1,0,0,0,gratuito
5,75000.0,1222,0.8829787234042553,11,2,1,1,0,0,1,1,0,0,0,0,0,medio_alto
1,0.0,0,0.0,1,4,1,0,0,0,1,1,1,1,0,0,0,medio_baixo
3,10000.0,0,0.0,1,3,1,0,0,1,0,0,1,1,0,0,1,medio_baixo
2,10000.0,0,0.0,1,3,1,1,1,0,1,0,1,1,0,0,0,baixo
2,10000.0,3,0.6666666666666666,1,3,1,1,1,0,1,1,0,1,0,0,0,medio_baixo
8,10000.0,6,0.16666666666666666,1,5,1,0,0,0,1,1,1,1,0,0,0,medio_alto
3,35000.0,39,0.6923076923076923,6,5,1,0,0,0,1,1,1,0,0,1,1,medio_alto
2,35000.0,12,0.4166666666666667,10,1,1,0,0,0,1,0,0,0,0,0,0,baixo
3,10000.0,238,0.907563025210084,9,3,1,1,1,1,1,1,1,0,0,0,0,medio_alto
7,10000.0,0,0.0,1,7,1,0,0,0,1,1,1,1,0,1,1,medio_baixo
2,10000.0,59,0.8135593220338984,5,5,1,0,1,0,1,1,0,1,1,0,0,medio_alto
3,10000.0,21,0.23809523809523808,1,7,1,0,0,0,1,1,1,1,1,1,1,alto
2,10000.0,2,0.5,4,2,1,0,0,0,1,1,0,0,0,0,0,medio_baixo
6,10000.0,10,0.7,1,4,1,0,0,0,1,1,1,1,0,0,0,baixo
1,0.0,0,0.0,1,5,1,0,0,0,1,0,0,1,0,0,1,gratuito
1,10000.0,0,0.0,17,3,1,0,0,6,0,1,1,0,1,0,0,alto
10,10000.0,5,0.0,1,3,1,0,0,0,1,0,0,0,0,1,1,alto
2,0.0,0,0.0,1,3,1,0,0,1,0,0,0,0,1,0,0,gratuito
5,35000.0,14,0.7857142857142857,103,6,1,1,1,0,1,1,1,1,1,0,1,alto
1,0.0,0,0.0,1,3,1,0,0,0,1,0,0,1,0,0,0,gratuito
9,10000.0,25,0.72,1,4,1,0,0,0,1,1,0,1,0,0,0,baixo
6,10000.0,6,0.5,1,4,1,0,0,0,0,0,1,1,0,0,1,alto
8,10000.0,1,0.0,1,3,1,0,0,0,1,0,0,1,0,0,1,medio_alto
8,10000.0,50,0.72,1,2,1,0,0,0,1,0,0,0,1,0,0,gratuito
2,10000.0,2,1.0,19,3,1,1,0,0,0,1,0,0,0,0,1,medio_baixo
1,0.0,0,0.0,1,4,1,1,0,0,1,1,1,0,1,0,0,medio_alto
2,10000.0,62,0.9193548387096774,1,4,1,0,0,0,1,0,0,1,1,0,1,medio_alto
10,10000.0,68,0.6323529411764706,11,3,1,1,1,1,1,1,1,0,0,0,0,medio_baixo
2,10000.0,5,1.0,1,3,1,0,0,0,1,0,1,1,0,0,0,medio_alto
4,10000.0,5,0.8,1,3,1,0,0,1,1,0,0,1,0,0,0,medio_alto
1,10000.0,0,0.0,2,3,1,0,0,0,0,0,1,0,1,0,1,medio_baixo
8,10000.0,26,0.7307692307692307,2,2,1,0,0,0,0,0,0,0,0,0,1,medio_alto
3,10000.0,3,0.6666666666666666,2,2,1,0,0,0,0,1,0,0,0,1,0,medio_alto
2,10000.0,13,0.8461538461538461,7,2,1,0,0,0,0,0,0,0,0,1,1,medio_baixo
5,10000.0,72,0.9166666666666666,1,4,1,0,0,1,1,1,1,1,0,0,0,baixo
2,10000.0,0,0.0,1,4,1,0,0,0,1,0,1,1,0,1,0,medio_baixo
1,0.0,0,0.0,1,7,1,0,0,0,1,1,0,1,1,0,0,gratuito
4,0.0,0,0.0,0,0,1,0,0,0,0,0,0,0,0,0,0,gratuito
2,10000.0,1,1.0,1,1,1,0,0,0,1,0,0,0,0,0,0,medio_alto
3,10000.0,2,1.0,2,2,1,0,0,0,0,0,1,0,0,0,1,baixo
10,10000.0,97,0.5567010309278351,1,3,1,0,0,1,1,0,1,0,1,0,0,baixo
1,10000.0,0,0.0,14,4,1,0,0,0,0,1,1,1,0,1,0,medio_alto
3,10000.0,35,0.6285714285714286,6,4,1,0,0,1,1,1,1,0,1,0,0,alto
6,10000.0,27,0.9259259259259259,1,2,1,0,0,0,1,0,0,1,0,0,0,alto
7,10000.0,114,0.7631578947368421,2,4,1,0,0,0,1,0,0,1,1,0,1,medio_baixo
1,0.0,0,0.0,1,3,1,0,0,0,1,0,1,1,0,0,0,medio_baixo
1,0.0,0,0.0,1,2,1,1,0,0,0,0,0,0,0,0,1,gratuito
5,10000.0,383,0.9895561357702349,1,3,1,0,0,1,1,0,0,1,0,0,1,alto
4,10000.0,13,0.9230769230769231,1,3,1,0,0,0,1,0,0,1,0,0,0,baixo
3,10000.0,63,0.873015873015873,6,3,1,0,0,2,1,1,1,0,0,0,0,alto
1,0.0,0,0.0,0,0,1,0,0,0,0,0,0,0,0,0,0,gratuito
2,0.0,0,0.0,0,0,1,0,0,0,0,0,0,0,0,0,0,gratuito
10,10000.0,123,0.7804878048780488,1,3,1,0,0,0,1,0,0,1,0,0,0,alto
4,10000.0,0,0.0,1,4,1,0,0,0,1,0,1,1,0,1,0,baixo
10,10000.0,27,0.14814814814814814,1,3,1,0,0,0,1,0,1,0,0,0,0,medio_alto
3,10000.0,80,0.825,14,2,1,0,0,0,0,1,1,0,0,0,0,alto
7,35000.0,68,0.8676470588235294,13,2,1,0,0,0,0,0,1,1,0,0,0,alto
8,35000.0,75,0.68,1,3,1,1,0,0,1,1,0,0,1,0,0,medio_baixo
2,0.0,0,0.0,39,2,1,0,0,0,0,0,0,0,0,0,0,gratuito
2,10000.0,28,0.9285714285714286,1,2,1,0,0,0,1,1,0,0,0,0,0,medio_baixo
4,75000.0,1738,0.9090909090909091,12,3,1,0,0,0,1,1,0,0,0,0,0,medio_alto
3,10000.0,20,0.5,1,1,1,0,0,0,0,0,0,0,0,0,0,medio_alto
3,35000.0,12,1.0,1,3,1,0,0,0,1,0,0,1,0,0,1,medio_baixo
1,10000.0,3,1.0,1,3,1,0,0,0,1,0,1,0,1,0,0,alto
5,10000.0,0,0.0,1,3,1,1,1,1,1,0,1,1,0,0,0,medio_baixo
3,10000.0,3,0.3333333333333333,6,3,1,0,0,0,1,1,1,0,0,0,0,medio_alto
1,0.0,0,0.0,1,1,1,0,0,0,0,0,0,0,0,0,0,gratuito
3,0.0,0,0.0,0,0,1,0,0,0,0,0,0,0,0,0,0,gratuito
1,0.0,0,0.0,0,0,1,0,0,0,0,0,0,0,0,0,0,gratuito
2,10000.0,6,0.16666666666666666,1,3,1,0,0,0,1,1,0,1,0,0,0,baixo
4,0.0,0,0.0,0,0,1,0,0,0,0,0,0,0,0,0,0,gratuito
3,10000.0,0,0.0,1,1,1,0,0,0,0,0,1,0,0,0,0,alto
2,10000.0,24,0.875,3,1,1,0,0,0,0,0,0,0,0,1,0,baixo
1,10000.0,0,0.0,3,2,1,0,0,0,1,0,0,0,1,0,0,medio_alto
7,10000.0,3,1.0,2,3,1,0,0,0,1,1,1,0,0,0,0,medio_baixo
12,35000.0,389,0.35475578406169667,2,2,1,0,0,0,0,1,0,0,0,0,0,alto
1,0.0,0,0.0,1,6,1,0,0,0,0,1,1,0,1,1,0,gratuito
6,10000.0,13,0.6923076923076923,1,5,1,0,0,0,1,1,1,1,1,0,0,medio_alto
4,10000.0,4,1.0,1,2,1,0,0,0,1,1,0,0,0,0,0,baixo
1,10000.0,13,0.7692307692307693,1,5,1,0,0,0,1,0,0,1,1,1,0,alto
12,35000.0,87,0.5747126436781609,3,2,1,1,1,0,0,0,1,0,0,0,1,baixo
7,10000.0,0,0.0,1,3,1,0,0,0,1,1,0,0,0,0,0,medio_alto
6,350000.0,5444,0.8203526818515797,5,4,1,0,0,0,1,1,1,0,0,0,0,gratuito
2,35000.0,113,0.6283185840707964,9,5,1,0,1,0,1,1,1,0,1,0,0,alto
2,10000.0,50,0.98,1,2,1,0,0,0,1,1,0,0,0,0,0,baixo
8,10000.0,86,0.9651162790697675,3,1,1,1,1,2,1,0,0,0,0,0,0,medio_alto
8,10000.0,6,0.5,1,3,1,1,0,0,1,0,1,0,0,0,0,alto
3,0.0,0,0.0,0,0,1,0,0,0,0,0,0,0,0,0,0,gratuito
1,0.0,0,0.0,0,0,1,0,0,0,0,0,0,0,0,0,0,gratuito
1,10000.0,0,0.0,12,5,1,0,0,0,1,1,1,1,0,1,0,medio_alto
1,0.0,0,0.0,0,0,1,0,0,0,0,0,0,0,0,0,0,gratuito
7,10000.0,28,0.9285714285714286,1,3,1,0,0,0,1,0,1,1,0,0,0,gratuito
1,0.0,0,0.0,1,2,1,0,0,0,0,0,0,1,0,0,0,medio_baixo
7,75000.0,677,0.6115214180206795,8,4,1,0,0,0,0,0,0,0,0,0,0,medio_baixo
9,10000.0,27,0.3333333333333333,1,5,1,0,0,0,1,0,1,0,0,0,0,baixo
6,3500000.0,210551,0.8315704983590674,9,4,1,0,0,21,1,1,0,0,0,1,0,alto
3,0.0,0,0.0,15,2,1,0,0,0,0,1,1,0,0,0,0,gratuito
6,35000.0,194,0.8402061855670103,1,2,1,0,0,1,1,1,0,0,0,0,0,medio_alto
2,0.0,0,0.0,1,4,1,0,0,0,1,1,1,0,0,0,0,gratuito
8,10000.0,29,0.5862068965517241,1,4,1,0,0,0,1,0,0,1,0,0,1,gratuito
7,10000.0,55,0.8363636363636363,1,6,1,0,0,0,1,1,1,1,1,0,1,baixo
3,10000.0,1,1.0,1,3,1,0,0,0,0,1,1,1,0,0,0,baixo
6,10000.0,128,0.9453125,6,3,1,0,0,8,1,1,0,0,0,0,0,gratuito
1,10000.0,0,0.0,2,2,1,0,0,2,0,1,0,0,1,0,0,alto
1,10000.0,0,0.0,8,2,1,0,0,1,0,0,0,0,1,0,1,medio_alto
10,10000.0,286,0.7657342657342657,5,2,1,0,0,0,0,0,0,0,0,0,1,gratuito
3,10000.0,0,0.0,1,1,1,0,0,2,0,0,0,1,0,0,0,baixo
1,35000.0,7,0.7142857142857143,1,4,1,0,0,0,1,1,1,0,0,1,0,medio_baixo
5,75000.0,628,0.6990445859872612,3,3,1,0,0,1,0,1,1,0,0,0,0,gratuito
1,0.0,0,0.0,0,0,1,0,0,0,0,0,0,0,0,0,0,gratuito
3,10000.0,15,0.6666666666666666,6,1,1,0,0,0,0,1,0,0,0,0,0,medio_alto
11,35000.0,109,0.6605504587155964,2,3,1,1,0,0,1,0,0,1,0,1,0,baixo
9,35000.0,2,1.0,1,2,1,0,0,0,0,0,0,1,0,1,0,baixo
9,10000.0,9,0.5555555555555556,1,2,1,1,0,0,1,0,0,1,0,0,0,medio_alto
2,75000.0,1,1.0,1,2,1,1,1,0,1,1,0,0,0,0,0,baixo
2,10000.0,10,0.8,7,4,1,0,0,0,1,1,1,1,0,0,0,medio_alto
5,10000.0,15,0.8,1,5,1,0,0,0,1,1,1,0,1,0,0,alto
11,35000.0,49,0.8979591836734694,1,3,1,1,1,0,1,0,0,1,0,1,0,medio_baixo
1,10000.0,0,0.0,9,2,1,1,1,0,1,0,0,1,0,0,0,baixo
5,10000.0,7,0.42857142857142855,0,1,1,0,0,0,1,0,0,0,0,0,0,alto
10,10000.0,76,0.6578947368421053,1,3,1,0,0,0,1,0,0,1,0,0,1,medio_alto
3,10000.0,0,0.0,12,3,1,0,0,0,1,0,0,1,0,1,0,medio_baixo
2,0.0,0,0.0,0,0,1,0,0,0,0,0,0,0,0,0,0,gratuito
9,10000.0,290,0.8241379310344827,3,4,1,0,0,0,1,0,0,1,0,0,1,alto
5,10000.0,11,0.6363636363636364,1,2,1,0,0,0,0,0,1,1,0,0,0,medio_alto
7,10000.0,64,0.90625,2,3,1,0,0,0,1,0,0,0,0,1,0,alto
5,35000.0,35,0.4857142857142857,103,3,1,0,0,0,1,0,0,1,0,0,1,medio_alto
5,0.0,0,0.0,0,0,1,0,0,0,0,0,0,0,0,0,0,gratuito
4,0.0,0,0.0,1,1,1,0,0,0,1,0,0,0,0,0,0,gratuito
8,35000.0,90,0.8444444444444444,26,3,1,1,0,0,1,1,0,1,0,0,0,gratuito
1,10000.0,0,0.0,1,1,1,0,0,1,0,0,0,0,1,0,0,medio_alto
11,35000.0,134,0.6940298507462687,7,3,1,1,1,0,1,1,1,0,0,0,0,alto
8,35000.0,18,0.4444444444444444,1,4,1,0,0,0,1,1,1,1,0,0,0,medio_baixo
4,0.0,0,0.0,0,0,1,0,0,0,0,0,0,0,0,0,0,gratuito
8,10000.0,13,0.07692307692307693,1,6,1,0,0,0,1,0,1,1,1,0,1,medio_alto
4,150000.0,3351,0.7472396299612056,11,4,1,0,0,7,0,1,0,0,0,0,1,alto
2,0.0,0,0.0,0,0,1,0,0,0,0,0,0,0,0,0,0,gratuito
1,10000.0,0,0.0,10,2,1,0,0,0,1,0,0,1,0,0,0,baixo
4,150000.0,52,0.8269230769230769,7,3,1,0,0,1,1,1,1,0,0,0,0,alto
9,10000.0,39,0.6666666666666666,1,1,1,0,0,0,0,0,0,0,0,0,0,alto
8,10000.0,15,0.7333333333333333,5,2,1,0,0,0,1,1,0,0,0,0,0,medio_baixo
3,10000.0,402,0.8706467661691543,5,3,1,0,0,0,1,1,1,0,0,0,0,medio_alto
1,10000.0,1,0.0,1,2,1,0,0,0,1,0,0,0,1,0,0,baixo
1,0.0,0,0.0,0,0,1,0,0,0,0,0,0,0,0,0,0,gratuito
1,0.0,0,0.0,10,3,1,0,1,0,1,0,0,1,0,0,0,gratuito
4,35000.0,1,1.0,1,2,1,0,0,0,1,0,1,0,0,0,0,medio_alto
8,10000.0,16,0.625,1,4,1,0,0,0,1,0,0,0,0,0,1,medio_alto
5,75000.0,508,0.6791338582677166,1,3,1,0,0,0,1,0,0,1,0,0,0,gratuito
9,10000.0,19,0.42105263157894735,2,4,1,1,0,0,1,1,0,1,0,0,1,medio_alto
4,0.0,0,0.0,0,0,1,0,0,0,0,0,0,0,0,0,0,gratuito
8,10000.0,15,0.8666666666666667,1,2,1,0,0,0,0,0,1,1,0,0,0,baixo
7,10000.0,14,1.0,7,2,1,0,0,0,1,0,0,1,0,0,0,medio_baixo
9,35000.0,80,0.725,1,4,1,0,0,0,1,1,1,0,0,1,0,baixo
4,10000.0,4,1.0,1,2,1,0,0,0,1,1,0,0,0,0,0,baixo
8,10000.0,31,0.9354838709677419,1,1,1,0,0,0,0,1,0,0,0,0,0,gratuito
3,10000.0,1,1.0,1,2,1,0,0,0,1,0,0,0,0,0,1,medio_alto
7,10000.0,27,1.0,1,3,1,0,0,0,1,1,1,0,0,0,0,medio_baixo
7,10000.0,50,0.84,4,4,1,0,0,0,1,1,1,0,1,0,0,medio_baixo
9,10000.0,8,0.875,2,3,1,0,0,0,1,1,0,1,0,0,0,baixo
1,0.0,0,0.0,2,2,1,0,0,0,1,0,1,0,0,0,0,medio_alto
4,10000.0,0,0.0,1,6,1,0,0,0,1,1,1,1,0,1,0,gratuito
3,10000.0,0,0.0,1,2,1,0,0,0,1,0,1,0,0,0,0,medio_alto
6,35000.0,278,0.935251798561151,1,3,1,0,0,0,1,1,0,0,0,0,0,gratuito
10,10000.0,37,0.5945945945945946,1,2,1,0,0,2,0,0,0,0,0,1,1,medio_alto
4,35000.0,1104,0.7273550724637681,9,3,1,0,0,2,1,1,0,0,1,0,0,alto
7,10000.0,82,0.7317073170731707,1,5,1,0,0,1,1,1,0,1,1,0,1,baixo
4,10000.0,1,1.0,1,1,1,0,0,0,1,0,0,0,0,0,0,medio_baixo
4,0.0,0,0.0,4,3,1,0,0,1,1,0,0,1,0,0,0,gratuito
3,0.0,0,0.0,1,3,1,0,0,0,0,0,0,0,0,1,0,gratuito
3,0.0,0,0.0,3,0,1,0,0,0,0,0,0,0,0,0,0,gratuito
10,35000.0,231,0.935064935064935,2,2,1,1,1,1,1,0,0,1,0,0,0,medio_alto
2,0.0,0,0.0,1,2,1,0,0,0,0,0,0,1,0,1,0,gratuito
12,10000.0,16,0.3125,1,1,1,0,0,1,1,0,0,0,0,0,0,alto
5,10000.0,266,0.9060150375939849,1,3,1,0,1,0,1,1,0,0,1,0,0,alto
4,0.0,0,0.0,1,3,1,1,0,0,1,0,1,1,0,0,0,gratuito
5,10000.0,0,0.0,1,1,1,0,0,0,0,0,1,0,0,0,0,baixo
12,150000.0,792,0.8522727272727273,1,3,1,1,0,0,1,1,1,0,0,0,0,baixo
1,10000.0,0,0.0,8,3,1,0,0,0,1,0,1,0,0,1,0,medio_alto
9,35000.0,4,1.0,2,1,1,0,0,0,0,0,0,0,0,1,0,medio_alto
1,10000.0,0,0.0,2,3,1,0,1,2,1,0,1,1,0,0,0,medio_alto
5,750000.0,17432,0.887792565396971,14,4,1,0,0,1,1,1,1,0,1,0,0,medio_alto
4,10000.0,25,0.96,2,2,1,0,0,0,1,0,0,1,0,0,0,alto
9,10000.0,73,0.7808219178082192,1,2,1,1,0,1,1,0,0,0,1,0,0,medio_baixo
8,10000.0,60,0.8333333333333334,1,3,1,0,0,1,1,1,1,0,0,0,0,baixo
2,10000.0,19,0.7368421052631579,5,6,1,0,0,0,1,1,1,1,1,0,1,baixo
2,0.0,0,0.0,0,0,1,0,0,0,0,0,0,0,0,0,0,gratuito
3,75000.0,3,1.0,2,2,1,0,0,0,1,0,1,0,0,0,0,medio_baixo
1,0.0,0,0.0,0,0,1,0,0,0,0,0,0,0,0,0,0,gratuito
10,10000.0,9,0.5555555555555556,1,3,1,0,1,0,1,1,0,1,0,0,0,alto
4,10000.0,25,0.84,1,5,1,0,1,0,1,0,1,1,0,0,0,alto
1,0.0,0,0.0,1,2,1,0,0,0,0,0,1,0,1,0,0,medio_alto
4,0.0,0,0.0,1,6,1,0,0,0,0,0,1,1,1,1,0,gratuito
6,10000.0,25,0.88,9,2,1,0,0,0,1,0,0,0,0,1,0,medio_alto
12,750000.0,8831,0.8838183671158419,7,2,1,0,0,1,1,0,1,0,0,0,0,medio_alto
1,0.0,0,0.0,1,3,1,0,0,0,1,1,1,0,0,0,0,alto
3,10000.0,8,0.75,1,5,1,0,0,0,1,1,1,1,0,0,0,gratuito
7,10000.0,155,0.8387096774193549,1,1,1,0,0,0,0,1,0,0,0,0,0,medio_baixo
4,10000.0,4,1.0,1,2,1,0,0,0,1,1,0,0,0,0,0,medio_baixo
5,10000.0,61,0.4098360655737705,10,4,1,0,0,0,1,0,0,0,0,1,1,alto
4,10000.0,3,1.0,1,1,1,0,0,0,0,1,0,0,0,0,0,medio_baixo
3,10000.0,7,1.0,1,5,1,0,0,0,1,1,0,1,0,0,0,gratuito
9,10000.0,105,0.6857142857142857,1,3,1,1,1,0,1,1,1,0,0,0,0,alto
1,10000.0,0,0.0,1,3,1,0,0,0,0,0,0,1,0,1,1,medio_baixo
5,10000.0,8,0.75,1,3,1,0,0,0,1,1,1,0,0,0,0,gratuito
4,0.0,0,0.0,0,0,1,0,0,0,0,0,0,0,0,0,0,gratuito
8,10000.0,14,0.7142857142857143,1,3,1,1,1,0,1,0,1,1,0,0,0,medio_baixo
2,0.0,0,0.0,1,3,1,0,0,0,0,1,1,0,0,0,0,gratuito
1,0.0,0,0.0,0,0,1,0,0,0,0,0,0,0,0,0,0,gratuito
3,10000.0,0,0.0,1,3,1,0,0,0,1,1,1,0,0,0,0,medio_alto
10,350000.0,2279,0.7218078104431769,29,6,1,1,1,2,1,1,1,0,1,1,0,gratuito
6,35000.0,6,0.8333333333333334,2,2,1,0,0,0,1,1,0,0,0,0,0,baixo
5,75000.0,478,0.9581589958158996,5,3,1,0,0,0,1,0,0,0,0,1,1,alto
2,0.0,0,0.0,0,0,1,0,0,0,0,0,0,0,0,0,0,gratuito
5,0.0,0,0.0,3,3,1,0,0,0,0,0,0,1,0,0,1,gratuito
9,35000.0,294,0.5612244897959183,1,3,1,1,0,0,1,0,0,1,0,0,1,medio_baixo
6,10000.0,0,0.0,2,4,1,0,0,0,1,1,0,1,0,0,0,baixo
4,0.0,0,0.0,1,3,1,0,0,1,1,0,1,0,0,0,0,gratuito
4,0.0,0,0.0,1,3,1,0,0,0,1,0,0,1,0,0,0,gratuito
1,10000.0,11,1.0,1,1,1,0,1,0,0,0,0,1,0,0,0,medio_baixo
1,0.0,0,0.0,1,1,1,0,0,0,0,0,0,1,0,0,0,baixo
1,0.0,0,0.0,0,0,1,0,0,0,0,0,0,0,0,0,0,gratuito
2,10000.0,4,1.0,1,3,1,0,0,0,1,1,0,0,0,0,0,alto
2,10000.0,0,0.0,3,1,1,0,0,0,0,0,0,1,0,0,0,medio_alto
1,0.0,0,0.0,2,5,1,0,0,0,1,1,1,0,1,0,0,alto
2,10000.0,0,0.0,1,3,1,0,0,1,1,0,0,1,0,0,0,gratuito
9,350000.0,5977,0.9329094863643969,1,5,1,1,1,0,1,0,1,1,1,0,1,medio_alto
2,10000.0,0,0.0,1,3,1,0,0,0,1,1,0,0,0,0,0,alto
1,10000.0,75,0.9733333333333334,6,1,1,1,0,0,0,0,1,0,0,0,0,alto
5,75000.0,13,1.0,8,4,1,0,0,5,1,1,0,1,0,1,0,medio_alto
7,10000.0,11,1.0,1,4,1,0,0,0,1,0,1,1,0,0,0,gratuito
1,0.0,0,0.0,1,2,1,0,0,0,1,0,1,0,0,0,0,medio_baixo
3,10000.0,4,0.75,4,1,1,0,0,0,0,0,0,1,0,0,0,baixo
6,10000.0,1,1.0,1,3,1,0,0,0,0,1,0,1,0,0,0,medio_baixo
8,10000.0,40,0.8,1,2,1,0,0,0,1,0,1,0,0,0,0,medio_baixo
2,10000.0,11,0.7272727272727273,3,2,1,0,0,0,1,0,0,0,0,0,1,medio_alto
10,10000.0,20,0.8,1,2,1,0,0,0,0,1,0,0,0,0,0,gratuito
9,10000.0,70,0.8571428571428571,1,3,1,0,0,3,0,0,0,0,0,0,0,gratuito
3,10000.0,7,1.0,1,3,1,0,0,0,1,0,0,0,1,0,1,medio_baixo
2,0.0,0,0.0,0,0,1,0,0,0,0,0,0,0,0,0,0,gratuito
5,0.0,0,0.0,1,5,1,0,0,1,1,1,0,1,1,0,0,gratuito
2,10000.0,164,0.8841463414634146,1,6,1,1,0,0,1,0,1,1,0,0,1,alto
7,10000.0,37,0.918918918918919,1,2,1,1,0,0,1,0,0,0,0,1,0,alto
1,0.0,0,0.0,0,0,1,0,0,0,0,0,0,0,0,0,0,gratuito
7,10000.0,70,0.8142857142857143,1,3,1,1,1,0,1,0,1,0,1,0,0,medio_alto
1,0.0,0,0.0,1,3,1,0,0,0,1,0,1,0,0,0,1,medio_baixo
1,0.0,0,0.0,1,2,1,0,0,0,1,0,0,1,0,0,0,medio_alto
3,0.0,0,0.0,2,4,1,0,0,0,1,0,0,1,0,1,0,gratuito
6,10000.0,35,0.9428571428571428,1,2,1,0,0,0,1,1,0,0,0,0,0,alto
1,0.0,0,0.0,1,1,1,0,0,0,0,1,0,0,0,0,0,medio_alto
1,10000.0,7,0.8571428571428571,1,3,1,0,0,0,0,1,1,0,0,1,0,medio_alto
9,10000.0,18,1.0,4,4,1,0,0,0,1,1,0,1,0,0,0,medio_alto
7,10000.0,65,0.8,1,3,1,1,1,0,1,0,1,0,1,0,0,medio_alto
6,10000.0,7,0.8571428571428571,1,2,1,0,0,0,1,0,1,0,0,0,0,medio_alto
3,10000.0,16,0.75,3,5,1,0,0,0,1,0,0,1,1,1,1,medio_alto
2,0.0,0,0.0,15,3,1,0,0,0,0,0,0,0,1,1,0,gratuito
1,10000.0,1,1.0,1,2,1,0,0,0,1,0,1,0,0,0,0,medio_alto
4,10000.0,267,0.8389513108614233,4,3,1,0,0,1,1,1,1,0,0,0,0,medio_baixo
9,35000.0,21,0.8095238095238095,4,2,1,1,0,0,1,0,1,0,0,0,0,medio_alto
1,10000.0,0,0.0,1,2,1,0,0,0,0,0,1,0,1,0,0,medio_alto
2,0.0,0,0.0,1,2,1,0,1,0,0,0,0,0,0,1,0,gratuito
7,10000.0,11,0.9090909090909091,1,3,1,1,1,0,1,0,1,0,1,0,0,medio_alto
4,10000.0,11,0.9090909090909091,2,2,1,0,0,0,1,0,0,0,1,0,0,medio_baixo
8,10000.0,3,1.0,1,3,1,0,0,0,0,1,0,0,0,0,0,alto
1,0.0,0,0.0,0,0,1,0,0,0,0,0,0,0,0,0,0,gratuito
2,10000.0,22,0.4090909090909091,2,5,1,0,0,0,0,1,1,0,1,1,0,medio_alto
2,10000.0,16,0.9375,1,1,1,0,0,0,0,0,1,0,0,0,0,medio_alto
3,10000.0,9,0.3333333333333333,2,3,1,0,0,0,1,0,0,1,0,1,0,medio_baixo
7,10000.0,182,0.7692307692307693,2,3,1,0,0,0,1,0,1,0,0,0,1,alto
5,75000.0,610,0.8885245901639345,1,4,1,0,0,0,1,0,0,1,0,0,1,medio_baixo
7,35000.0,20,0.8,1,4,1,0,0,0,1,1,1,1,0,0,0,baixo
2,10000.0,82,0.8658536585365854,1,4,1,0,0,0,1,0,0,0,0,1,1,alto
9,35000.0,84,0.5952380952380952,1,5,1,0,0,0,1,1,1,1,0,1,0,medio_alto
2,10000.0,0,0.0,1,1,1,0,0,0,0,0,0,0,1,0,0,alto
4,10000.0,4,0.0,1,2,1,0,0,0,1,0,0,1,0,0,0,medio_baixo
1,10000.0,0,0.0,31,4,1,0,0,0,1,1,0,1,0,1,0,medio_baixo
1,0.0,0,0.0,19,8,1,0,0,0,1,1,1,1,1,0,0,baixo
2,10000.0,6,0.5,1,3,1,0,0,0,0,0,0,0,0,1,1,medio_baixo
3,0.0,0,0.0,0,0,1,0,0,0,0,0,0,0,0,0,0,gratuito
2,0.0,0,0.0,0,0,1,0,0,0,0,0,0,0,0,0,0,gratuito
7,75000.0,19,0.6842105263157895,1,4,1,0,0,0,1,1,0,0,1,0,0,gratuito
14,10000.0,11,0.7272727272727273,7,2,1,0,0,0,0,1,1,0,0,0,0,gratuito
2,75000.0,1417,0.8666196189131969,16,5,1,0,0,0,1,0,1,0,0,1,1,alto
1,0.0,0,0.0,1,3,1,0,0,0,1,0,1,0,0,0,0,gratuito
5,10000.0,11,0.9090909090909091,1,2,1,0,1,0,1,0,0,0,0,0,1,medio_alto
1,10000.0,0,0.0,1,4,1,0,0,0,1,0,1,1,0,1,0,baixo
3,10000.0,62,0.6451612903225806,8,4,1,0,0,0,1,1,1,1,0,0,0,medio_baixo
2,10000.0,3,1.0,1,1,1,0,0,0,1,0,0,0,0,0,0,medio_baixo
2,10000.0,24,0.6666666666666666,3,3,1,1,0,0,1,0,0,0,1,1,0,alto
19,1500000.0,2291,0.577040593627237,1,1,1,0,0,0,0,1,0,0,0,0,0,medio_baixo
1,10000.0,1,1.0,2,1,1,0,0,0,0,0,0,1,0,0,0,baixo
1,10000.0,0,0.0,1,2,1,0,0,0,0,0,0,1,0,0,0,medio_alto
4,10000.0,5,0.2,1,3,1,0,1,0,1,1,1,0,0,0,0,baixo
2,35000.0,2,0.0,1,2,1,0,0,1,0,0,0,0,0,1,1,medio_alto
9,10000.0,12,0.3333333333333333,1,3,1,0,0,0,1,1,0,0,0,0,1,baixo
3,75000.0,696,0.8548850574712644,11,2,1,1,0,0,0,0,0,0,0,1,0,medio_alto
12,35000.0,103,0.6699029126213593,1,1,1,0,0,0,1,0,0,0,0,0,0,medio_baixo
1,10000.0,6,1.0,6,3,1,0,0,0,1,0,1,0,1,0,0,medio_alto
4,10000.0,107,0.7570093457943925,2,4,1,0,0,1,1,0,0,1,0,0,0,gratuito
8,10000.0,3,1.0,1,3,1,1,0,0,1,0,0,1,0,1,0,medio_alto
13,350000.0,1256,0.8431528662420382,6,2,1,0,0,0,1,1,0,0,0,0,0,baixo
2,10000.0,10,0.5,30,4,1,0,0,1,1,1,1,0,1,0,0,baixo
1,0.0,0,0.0,0,0,1,0,0,0,0,0,0,0,0,0,0,gratuito
1,10000.0,0,0.0,7,4,1,0,0,0,0,0,1,1,0,1,1,alto
5,10000.0,10,1.0,10,4,1,0,0,0,1,1,1,1,0,0,0,medio_baixo
20,75000.0,103,0.5242718446601942,3,2,1,0,0,0,1,0,0,1,0,0,0,medio_baixo
19,3500000.0,14034,0.9414992161892547,1,1,1,0,0,0,0,1,0,0,0,0,0,baixo
5,10000.0,0,0.0,1,2,1,0,1,0,1,0,0,1,0,0,0,medio_baixo
5,350000.0,9,0.7777777777777778,1,3,1,1,1,0,1,0,0,0,1,1,0,baixo
4,35000.0,5,0.8,5,2,1,0,0,0,1,0,0,1,0,0,0,medio_baixo
10,10000.0,29,0.4827586206896552,1,4,1,0,0,0,1,1,0,1,0,0,0,gratuito
5,10000.0,150,0.7933333333333333,1,4,1,1,1,0,1,0,1,1,0,0,0,gratuito
3,0.0,0,0.0,1,6,1,0,1,1,1,1,0,1,1,1,0,gratuito
1,0.0,0,0.0,1,3,1,0,0,0,1,0,0,1,0,0,0,alto
10,10000.0,241,0.7261410788381742,6,3,1,0,0,1,1,1,0,0,0,0,0,baixo
1,10000.0,20,0.85,5,4,1,1,0,0,1,0,0,0,0,1,1,alto
8,10000.0,18,0.6666666666666666,1,5,1,0,0,0,1,1,0,1,0,1,1,baixo
1,10000.0,2,0.5,6,3,1,0,0,0,0,1,0,0,1,0,0,medio_baixo
3,150000.0,1330,0.674436090225564,10,2,1,0,0,2,0,1,0,1,0,0,0,alto
2,35000.0,2,1.0,1,3,1,0,0,0,0,1,1,0,1,0,0,baixo
8,10000.0,79,0.7721518987341772,1,2,1,0,0,0,1,1,0,0,0,0,0,alto
1,10000.0,0,0.0,15,1,1,0,0,0,0,0,0,0,0,0,0,alto
3,35000.0,343,0.8367346938775511,5,4,1,1,0,3,1,0,1,0,1,1,0,alto
6,10000.0,10,0.8,2,2,1,0,0,0,1,0,0,0,0,0,0,gratuito
2,10000.0,0,0.0,2,3,1,0,0,0,1,0,1,0,1,0,0,medio_alto
9,10000.0,7,0.8571428571428571,12,3,1,0,0,0,1,0,0,1,0,1,0,alto
3,0.0,0,0.0,0,0,1,0,0,0,0,0,0,0,0,0,0,gratuito
3,75000.0,16,1.0,8,4,1,0,0,0,1,0,1,1,0,0,0,medio_baixo
3,10000.0,0,0.0,1,2,1,0,0,0,0,0,0,0,1,0,1,baixo
8,750000.0,2551,0.6123088984711877,14,1,1,0,0,0,0,0,0,0,0,0,0,gratuito
6,10000.0,247,0.8299595141700404,1,2,1,0,0,1,1,1,0,0,0,0,0,alto
3,10000.0,72,0.625,4,3,1,0,0,0,1,0,1,0,0,0,0,alto
3,10000.0,67,0.9104477611940298,7,2,1,0,0,0,0,1,1,0,0,0,0,alto
5,0.0,0,0.0,1,5,1,0,0,0,1,1,0,1,0,1,0,gratuito
1,10000.0,0,0.0,1,2,1,0,0,0,1,1,0,0,0,0,0,medio_alto
5,10000.0,1,1.0,1,1,1,0,0,0,0,0,0,1,0,0,0,alto
1,0.0,0,0.0,0,0,1,0,0,0,0,0,0,0,0,0,0,gratuito
10,10000.0,22,0.8636363636363636,1,3,1,1,1,0,1,1,0,0,0,1,0,gratuito
5,10000.0,2,0.5,1,3,1,0,0,0,1,0,0,1,0,1,0,baixo
1,10000.0,0,0.0,1,3,1,0,0,0,1,0,1,1,0,0,0,baixo
1,0.0,0,0.0,10,3,1,0,1,0,1,0,0,0,0,1,0,gratuito
2,0.0,0,0.0,0,0,1,0,0,0,0,0,0,0,0,0,0,gratuito
5,0.0,0,0.0,0,0,1,0,0,0,0,0,0,0,0,0,0,gratuito
2,150000.0,5,1.0,1,5,1,0,0,0,1,1,1,0,1,0,0,alto
1,10000.0,1,0.0,1,1,1,1,1,0,0,1,0,0,0,0,0,medio_alto
4,10000.0,0,0.0,1,2,1,0,0,0,0,1,0,0,0,0,0,alto
1,10000.0,0,0.0,1,3,1,0,0,0,1,0,0,1,0,1,0,medio_baixo
7,10000.0,7,0.5714285714285714,1,4,1,0,1,0,1,1,1,1,0,0,0,baixo
12,350000.0,3345,0.7997010463378177,4,2,1,0,0,0,1,1,0,0,0,0,0,medio_baixo
8,1500000.0,20216,0.9460823110407598,17,4,1,1,1,1,1,0,0,0,1,1,1,medio_alto
6,10000.0,9,0.7777777777777778,1,3,1,0,0,0,1,1,0,1,0,0,0,baixo
6,10000.0,142,0.8169014084507042,3,1,1,0,0,0,0,0,0,0,0,1,0,alto
8,10000.0,138,0.8405797101449275,27,3,1,0,1,0,1,1,0,1,0,0,0,baixo
1,10000.0,0,0.0,1,3,1,0,0,0,1,0,0,1,0,0,1,baixo
1,10000.0,51,0.9803921568627451,1,2,1,0,0,0,1,1,0,0,0,0,0,medio_alto
1,10000.0,11,1.0,12,1,1,0,0,0,1,0,0,0,0,0,0,medio_alto
1,0.0,0,0.0,0,0,1,0,0,0,0,0,0,0,0,0,0,gratuito
1,10000.0,87,0.8160919540229885,1,3,1,0,1,0,1,0,0,1,0,0,1,alto
8,10000.0,14,0.21428571428571427,1,3,1,0,0,0,1,0,0,0,0,0,1,baixo
3,10000.0,5,0.4,4,2,1,0,0,1,0,0,1,1,0,0,0,alto
7,10000.0,12,0.8333333333333334,1,2,1,0,0,0,1,0,0,0,0,0,0,gratuito
3,10000.0,0,0.0,2,1,1,0,0,0,0,0,0,0,0,0,0,medio_alto
2,10000.0,3,0.6666666666666666,7,4,1,0,0,0,1,1,0,1,0,1,0,medio_alto
2,10000.0,3,1.0,1,3,1,1,1,0,1,0,0,1,0,0,0,gratuito
2,0.0,0,0.0,1,5,1,0,0,2,1,0,1,1,0,0,0,gratuito
5,10000.0,18,0.9444444444444444,6,4,1,0,0,0,1,1,1,1,0,0,0,baixo
10,350000.0,2141,0.39701074264362446,1,1,1,0,0,0,0,1,0,0,0,0,0,baixo
3,0.0,0,0.0,103,2,1,0,0,0,1,0,0,1,0,0,0,baixo
10,35000.0,96,0.9166666666666666,1,1,1,0,0,0,0,0,0,0,0,1,0,alto
5,10000.0,0,0.0,11,2,1,0,0,0,1,0,0,1,0,0,0,baixo
1,0.0,0,0.0,103,2,1,0,0,0,1,0,0,1,0,0,0,baixo
1,0.0,0,0.0,34,2,1,0,0,0,0,0,0,0,0,0,0,gratuito
4,10000.0,25,0.76,6,3,1,0,0,0,0,1,1,0,0,0,0,alto
6,35000.0,31,0.5483870967741935,1,1,1,0,0,0,1,0,0,0,0,0,0,gratuito
5,35000.0,10,0.6,0,1,1,1,0,0,1,0,0,0,0,0,0,alto
8,10000.0,32,0.34375,27,3,1,0,0,0,0,0,0,0,0,0,0,medio_alto
2,10000.0,19,1.0,1,4,1,0,0,0,1,1,1,1,0,0,0,medio_alto
3,10000.0,70,0.8857142857142857,1,2,1,0,0,0,1,0,1,0,0,0,0,medio_baixo
4,350000.0,3386,0.9790313053750739,8,3,1,0,0,2,1,1,1,0,0,0,0,medio_alto
9,75000.0,970,0.44742268041237115,6,5,1,0,0,0,1,1,0,0,1,0,0,alto
2,10000.0,3,1.0,1,2,1,0,1,0,1,0,0,1,0,0,0,baixo
4,10000.0,11,0.45454545454545453,1,2,1,0,0,0,1,0,1,0,0,0,0,baixo
12,35000.0,223,0.6681614349775785,1,3,1,1,0,0,1,1,0,1,0,0,0,baixo
2,10000.0,0,0.0,1,7,1,1,0,0,0,0,1,1,1,1,1,medio_alto
5,0.0,0,0.0,0,0,1,0,0,0,0,0,0,0,0,0,0,gratuito
2,10000.0,0,0.0,5,3,1,0,0,0,1,0,0,0,1,0,1,medio_alto
8,35000.0,92,0.8260869565217391,1,3,1,0,0,0,0,1,0,0,0,0,1,medio_alto
9,10000.0,713,0.97054698457223,5,3,1,0,0,4,1,0,1,1,0,0,0,alto
11,75000.0,651,0.8064516129032258,1,3,1,0,0,0,1,1,0,0,0,1,0,medio_baixo
2,10000.0,2,1.0,8,1,1,0,0,0,0,1,0,0,0,0,0,medio_baixo
2,10000.0,337,0.8397626112759644,8,4,1,0,0,1,1,0,0,1,0,1,1,alto
8,10000.0,8,0.625,27,2,1,0,0,0,1,0,0,1,0,0,0,medio_baixo
5,10000.0,0,0.0,2,2,1,0,1,0,1,1,0,0,0,0,0,medio_baixo
10,150000.0,1366,0.7430453879941434,10,4,1,0,0,4,1,0,0,0,0,1,0,gratuito
5,10000.0,15,0.8,1,6,1,1,1,0,1,1,1,1,1,0,0,medio_baixo
5,10000.0,38,0.6052631578947368,1,5,1,0,0,0,1,1,1,0,1,0,0,gratuito
1,10000.0,0,0.0,7,2,1,0,0,0,0,1,1,0,0,0,0,medio_baixo
2,10000.0,0,0.0,1,4,1,0,0,0,1,1,0,1,0,0,0,gratuito
9,7500000.0,124252,0.9237356340340598,13,2,1,1,1,22,0,1,0,0,0,1,0,alto
6,10000.0,0,0.0,2,3,1,0,0,0,1,0,0,1,0,0,1,medio_baixo
3,10000.0,46,0.9565217391304348,3,2,1,0,0,0,1,0,0,0,0,1,0,medio_baixo
4,10000.0,1,1.0,2,2,1,0,0,0,0,0,1,0,1,0,0,baixo
4,10000.0,4,0.75,2,3,1,0,0,0,1,0,0,1,0,0,0,baixo
12,10000.0,164,0.5304878048780488,2,3,1,1,0,0,1,0,0,1,0,0,1,baixo
2,10000.0,1,1.0,1,2,1,0,0,0,1,1,0,0,0,0,0,baixo
7,10000.0,4,1.0,1,4,1,0,0,0,1,1,0,1,0,0,0,medio_baixo
3,75000.0,20,0.45,3,4,1,0,0,0,1,1,1,0,1,0,0,gratuito
1,0.0,0,0.0,2,3,1,0,0,0,0,0,0,1,0,1,1,alto
3,10000.0,19,0.21052631578947367,1,2,1,0,0,0,1,1,0,0,0,0,0,medio_baixo
8,10000.0,7,0.5714285714285714,1,1,1,0,0,0,1,0,0,0,0,0,0,baixo
4,10000.0,11,0.7272727272727273,1,3,1,0,0,0,1,1,1,0,0,0,0,medio_baixo
5,10000.0,76,0.9342105263157895,3,3,1,0,0,1,1,0,1,1,0,0,0,medio_baixo
5,150000.0,48,0.9166666666666666,1,4,1,0,0,0,1,1,1,0,0,0,0,gratuito
3,0.0,0,0.0,1,3,1,0,0,0,1,0,1,0,0,0,0,gratuito
5,35000.0,27,0.7407407407407407,1,4,1,1,1,0,1,0,1,1,1,0,0,medio_alto
1,35000.0,266,0.924812030075188,5,3,1,0,0,0,1,0,1,0,1,0,0,medio_baixo
3,10000.0,9,0.8888888888888888,2,3,1,0,0,0,1,0,0,1,0,1,0,medio_baixo
1,10000.0,8,0.875,1,1,1,0,0,0,1,0,0,0,0,0,0,medio_baixo
9,35000.0,73,0.9178082191780822,1,3,1,1,1,0,1,0,0,0,1,0,0,gratuito
6,75000.0,1,0.0,1,2,1,0,0,0,0,0,0,1,0,1,0,baixo
7,10000.0,2,1.0,1,2,1,0,0,0,1,0,0,1,0,0,0,baixo
7,10000.0,0,0.0,1,3,1,0,0,0,0,0,0,1,1,0,1,medio_alto
5,75000.0,785,0.7031847133757961,16,1,1,0,0,0,1,0,0,0,0,0,0,medio_baixo
4,35000.0,1259,0.82922954725973,1,2,1,1,1,1,1,0,1,0,0,0,0,alto
5,10000.0,2,0.5,1,2,1,0,0,0,0,1,0,0,1,0,0,baixo
11,35000.0,156,0.75,6,3,1,0,0,0,0,0,0,1,0,0,0,alto
3,0.0,0,0.0,0,0,1,0,0,0,0,0,0,0,0,0,0,gratuito
6,10000.0,3,1.0,1,4,1,1,1,0,1,1,1,1,0,0,0,medio_alto
1,0.0,0,0.0,0,0,1,0,0,0,0,0,0,0,0,0,0,gratuito
8,10000.0,15,0.7333333333333333,1,3,1,0,0,0,1,1,0,1,0,0,0,medio_alto
1,0.0,0,0.0,30,4,1,1,0,0,0,1,1,1,0,0,1,medio_baixo
4,10000.0,10,0.9,8,2,1,1,0,0,0,0,0,0,0,1,1,alto
1,0.0,0,0.0,1,4,1,0,0,0,1,0,0,0,0,1,1,medio_alto
9,10000.0,24,0.4583333333333333,1,3,1,1,1,0,1,0,0,1,0,1,0,baixo
1,10000.0,19,1.0,2,2,1,0,0,0,1,0,1,0,0,0,0,alto
5,10000.0,26,0.6153846153846154,1,3,1,0,0,0,0,1,0,1,0,0,1,baixo
5,1500000.0,64859,0.8646448449713995,12,3,1,0,0,1,1,1,1,0,0,0,0,alto
3,35000.0,2,1.0,2,4,1,0,0,0,1,0,0,1,0,1,1,alto
4,10000.0,79,0.7848101265822784,3,2,1,0,0,0,0,0,0,0,1,1,0,alto
9,10000.0,8,0.625,1,4,1,0,0,0,1,1,0,1,0,0,0,gratuito
5,10000.0,1,1.0,2,3,1,0,0,0,1,0,1,1,0,0,0,baixo
1,10000.0,244,0.8278688524590164,2,5,1,0,0,0,1,1,1,0,1,0,0,baixo
2,10000.0,16,1.0,2,1,1,0,0,0,1,0,0,0,0,0,0,medio_alto
5,10000.0,21,0.5714285714285714,1,5,1,0,0,0,1,1,1,1,1,0,0,alto
1,0.0,0,0.0,2,4,1,0,0,0,1,1,1,1,0,0,0,medio_alto
7,10000.0,0,0.0,1,3,1,0,0,0,1,0,0,1,0,0,1,medio_baixo
1,10000.0,0,0.0,1,1,1,0,0,0,0,0,0,1,0,0,0,medio_alto
1,0.0,0,0.0,0,0,1,0,0,0,0,0,0,0,0,0,0,gratuito
2,150000.0,1600,0.898125,15,3,1,1,0,1,0,0,1,1,0,0,1,medio_baixo
4,35000.0,489,0.8997955010224948,3,2,1,0,0,1,1,1,0,0,0,0,0,alto
5,1500000.0,14083,0.8568486828090606,19,4,1,0,0,3,1,1,1,0,0,1,0,alto
2,10000.0,5,0.8,1,4,1,0,0,0,1,0,0,1,0,1,0,medio_alto
1,0.0,0,0.0,0,0,1,0,0,0,0,0,0,0,0,0,0,gratuito
3,10000.0,1,0.0,13,4,1,0,0,0,1,1,1,1,0,0,0,medio_baixo
12,35000.0,165,0.6181818181818182,1,3,1,1,1,0,1,1,0,1,0,0,0,gratuito
2,10000.0,22,0.7727272727272727,8,3,1,0,0,0,1,1,1,0,0,0,0,alto
9,75000.0,27,0.7037037037037037,2,3,1,1,1,0,1,0,1,0,0,1,0,medio_baixo
1,10000.0,0,0.0,2,5,1,0,0,0,1,0,1,1,0,0,1,baixo
5,10000.0,5,1.0,1,4,1,0,0,0,1,0,0,0,1,1,1,gratuito
8,75000.0,347,0.5850144092219021,7,6,1,0,0,0,1,1,1,0,1,1,1,medio_alto
1,10000.0,0,0.0,1,2,1,0,1,0,1,0,1,0,0,0,0,medio_alto
6,35000.0,43,0.7674418604651163,1,1,1,0,0,0,0,1,0,0,0,0,0,alto
6,10000.0,214,0.6355140186915887,10,4,1,0,0,1,1,1,1,0,1,0,0,medio_alto
7,10000.0,5,0.6,1,4,1,0,0,0,0,0,1,1,0,0,1,medio_alto
5,10000.0,57,0.6842105263157895,16,1,1,0,0,0,0,0,0,0,0,0,0,medio_baixo
2,10000.0,3,1.0,1,3,1,0,0,0,1,0,0,0,0,0,1,medio_baixo
5,10000.0,6,0.8333333333333334,1,2,1,0,0,0,1,0,0,1,0,0,0,medio_baixo
1,0.0,0,0.0,1,3,1,0,0,0,1,0,1,0,0,0,0,gratuito
8,10000.0,1,0.0,1,2,1,0,0,0,0,0,0,0,1,0,0,alto
3,10000.0,170,0.8705882352941177,4,4,1,0,0,0,1,1,1,1,0,0,0,alto
6,35000.0,185,0.9837837837837838,1,4,1,0,0,0,1,0,1,1,0,0,0,gratuito
9,10000.0,16,0.625,1,3,1,0,0,1,1,1,0,1,0,0,0,baixo
5,10000.0,3,1.0,1,3,1,0,0,1,1,1,0,1,0,0,0,alto
4,75000.0,24,0.875,2,3,1,0,0,0,1,1,0,0,0,0,0,medio_baixo
2,0.0,0,0.0,0,0,1,0,0,0,0,0,0,0,0,0,0,gratuito
17,10000.0,82,0.7560975609756098,1,1,1,0,0,0,0,0,0,0,0,0,1,medio_baixo
5,35000.0,5,1.0,1,4,1,1,1,0,1,0,1,0,1,1,0,alto
6,35000.0,210,0.7476190476190476,2,2,1,0,0,0,1,1,0,0,0,0,0,gratuito
2,0.0,0,0.0,0,0,1,0,0,0,0,0,0,0,0,0,0,gratuito
5,10000.0,0,0.0,2,7,1,0,0,0,1,0,1,1,1,1,1,alto
2,10000.0,0,0.0,1,3,1,0,0,0,1,0,0,1,0,0,1,medio_alto
1,10000.0,0,0.0,9,1,1,0,0,1,0,0,0,1,0,0,0,medio_alto
3,0.0,0,0.0,2,3,1,0,0,0,0,0,0,0,0,1,0,gratuito
4,10000.0,2,1.0,1,2,1,0,0,0,0,0,1,1,0,0,0,medio_baixo
1,10000.0,0,0.0,9,3,1,0,0,0,1,1,1,0,0,0,0,medio_baixo
4,10000.0,0,0.0,1,2,1,0,0,0,0,0,0,0,1,1,0,medio_baixo
8,10000.0,2,1.0,1,5,1,0,0,0,1,1,1,1,1,0,0,medio_alto
1,0.0,0,0.0,1,6,1,0,0,0,1,0,1,0,1,0,0,gratuito
2,10000.0,4,1.0,1,1,1,0,0,0,0,0,0,0,0,0,0,gratuito
2,0.0,0,0.0,0,0,1,0,0,0,0,0,0,0,0,0,0,gratuito
4,0.0,0,0.0,1,2,1,0,0,0,0,0,0,1,0,0,0,gratuito
8,10000.0,53,0.18867924528301888,27,5,1,1,0,2,1,1,1,1,1,0,0,medio_baixo
11,150000.0,755,0.8291390728476821,1,1,1,0,0,0,0,0,0,0,0,0,0,alto
3,10000.0,0,0.0,2,1,1,0,0,1,0,0,0,1,0,0,0,alto
1,0.0,0,0.0,1,5,1,0,0,0,0,0,1,1,0,1,1,gratuito
1,10000.0,0,0.0,4,4,1,0,0,0,1,0,1,1,0,1,0,baixo
3,10000.0,2,0.5,1,1,1,0,0,0,0,0,0,1,0,0,0,medio_alto
1,75000.0,510,0.9470588235294117,11,2,1,0,0,0,1,1,0,0,0,0,0,alto
4,10000.0,15,0.9333333333333333,2,2,1,0,0,0,0,0,0,1,0,1,0,baixo
9,10000.0,149,0.6711409395973155,6,2,1,0,0,1,1,1,0,0,0,0,0,baixo
8,10000.0,22,0.8636363636363636,1,2,1,0,0,0,1,0,1,0,0,0,0,medio_baixo
1,10000.0,0,0.0,6,3,1,0,0,0,1,0,1,0,0,0,1,alto
1,0.0,0,0.0,8,3,1,0,0,0,1,1,0,0,0,0,0,alto
4,10000.0,13,0.7692307692307693,2,3,1,0,0,0,1,0,0,1,0,0,1,baixo
5,10000.0,0,0.0,1,2,1,0,0,0,1,0,0,1,0,0,0,baixo
2,10000.0,5,1.0,1,1,1,1,1,0,1,0,0,0,0,0,0,medio_alto
4,0.0,0,0.0,1,2,1,0,0,1,1,0,0,0,0,0,0,gratuito
10,10000.0,17,0.8823529411764706,1,2,1,0,0,0,1,1,0,0,0,0,0,baixo
4,0.0,0,0.0,0,0,1,0,0,0,0,0,0,0,0,0,0,gratuito
1,0.0,0,0.0,0,0,1,0,0,0,0,0,0,0,0,0,0,gratuito
7,75000.0,408,0.803921568627451,3,2,1,0,0,0,1,0,0,0,1,0,0,medio_alto
4,10000.0,0,0.0,3,2,1,0,0,0,1,0,0,1,0,0,0,baixo
2,10000.0,41,1.0,1,2,1,0,0,0,1,0,0,1,0,0,0,medio_baixo
2,0.0,0,0.0,0,0,1,0,0,0,0,0,0,0,0,0,0,gratuito
2,10000.0,1,1.0,2,5,1,0,0,0,1,1,0,1,0,0,0,medio_alto
8,10000.0,12,0.6666666666666666,1,3,1,0,0,0,1,0,0,1,0,0,1,medio_baixo
16,10000.0,8,0.625,1,1,1,1,0,0,0,0,0,1,0,0,0,medio_alto
1,0.0,0,0.0,0,0,1,0,0,0,0,0,0,0,0,0,0,gratuito
5,10000.0,6,1.0,1,3,1,0,0,2,1,0,1,0,1,0,0,medio_alto
3,10000.0,14,0.9285714285714286,8,3,1,0,0,0,1,1,1,0,0,0,0,medio_alto
1,10000.0,0,0.0,2,1,1,0,0,0,0,1,0,0,0,0,0,alto
11,10000.0,25,0.68,1,4,1,0,0,0,1,1,1,0,0,0,1,baixo
4,10000.0,2,1.0,1,2,1,0,0,0,1,0,0,1,0,0,0,medio_baixo
1,75000.0,7,1.0,1,2,1,0,0,0,0,1,1,0,0,0,0,baixo
2,10000.0,3,1.0,1,2,1,0,0,0,0,0,1,1,0,0,0,alto
10,35000.0,734,0.9427792915531336,1,4,1,0,1,0,1,0,0,1,0,1,1,baixo
3,10000.0,0,0.0,103,2,1,0,0,0,1,0,0,1,0,0,0,medio_baixo
1,10000.0,5,1.0,1,2,1,1,1,0,1,0,0,1,0,0,0,medio_alto
4,10000.0,26,0.6153846153846154,14,4,1,0,0,0,1,1,1,0,0,1,0,medio_alto
4,35000.0,581,0.8485370051635112,4,4,1,1,0,0,1,0,0,1,0,1,1,medio_alto
2,10000.0,9,0.4444444444444444,17,3,1,0,0,8,1,0,0,1,0,0,1,medio_baixo
3,10000.0,1,0.0,1,2,1,0,0,0,0,0,1,1,0,0,0,medio_alto
1,10000.0,0,0.0,1,3,1,0,0,0,1,0,1,1,0,0,0,medio_alto
7,1500000.0,21921,0.9781031887231422,18,1,1,1,1,1,1,0,0,0,0,0,0,alto
1,10000.0,0,0.0,2,2,1,0,0,0,1,0,0,1,0,0,0,alto
9,10000.0,7,0.7142857142857143,2,3,1,0,0,0,0,1,1,0,0,0,1,medio_alto
6,10000.0,19,0.8421052631578947,2,2,1,0,0,0,1,0,0,1,0,0,0,medio_baixo
7,10000.0,6,0.5,1,4,1,0,0,0,1,1,1,0,0,0,0,alto
7,35000.0,149,0.7114093959731543,2,3,1,0,0,0,1,0,1,0,1,0,0,medio_alto
5,150000.0,13,0.6923076923076923,27,1,1,0,1,1,0,1,0,0,0,0,0,baixo
9,35000.0,217,0.5023041474654378,1,2,1,1,1,0,1,1,0,0,0,0,0,baixo
5,0.0,0,0.0,0,0,1,0,0,0,0,0,0,0,0,0,0,gratuito
6,35000.0,2,1.0,1,3,1,0,0,0,1,1,0,1,0,0,0,medio_baixo
2,10000.0,3,1.0,1,3,1,0,0,0,1,0,0,1,0,0,1,baixo
5,10000.0,0,0.0,4,3,1,0,0,0,1,1,0,1,0,0,0,medio_baixo
7,35000.0,94,0.2978723404255319,1,4,1,0,0,0,1,1,1,0,1,0,0,alto
1,10000.0,2,0.5,8,2,1,0,0,0,1,1,0,0,0,0,0,alto
5,10000.0,2,1.0,2,2,1,0,0,0,1,0,0,1,0,0,0,medio_alto
6,10000.0,4,0.25,1,8,1,0,0,0,1,1,1,1,1,1,1,medio_alto
7,10000.0,220,0.7454545454545455,1,3,1,0,0,0,1,1,0,0,1,0,0,medio_baixo
1,10000.0,1,0.0,1,3,1,0,0,0,0,0,1,1,0,0,1,medio_alto
1,0.0,0,0.0,4,4,1,0,0,0,1,0,0,1,0,0,1,medio_baixo
7,75000.0,1045,0.9062200956937799,28,4,1,0,0,1,0,0,1,1,1,1,0,baixo
4,10000.0,168,0.75,2,1,1,0,0,0,0,0,1,0,0,0,0,medio_alto
7,10000.0,36,0.6666666666666666,1,2,1,0,0,0,1,1,0,0,0,0,0,medio_baixo
1,0.0,0,0.0,2,2,1,0,0,0,0,0,0,1,0,0,1,baixo
1,10000.0,0,0.0,8,3,1,0,0,0,1,0,1,1,0,0,0,medio_baixo
1,10000.0,0,0.0,6,1,1,0,0,0,0,0,1,0,0,0,0,medio_baixo
1,10000.0,1,1.0,5,3,1,0,1,0,1,0,0,1,0,0,1,medio_alto
18,350000.0,1576,0.9460659898477157,5,1,1,0,0,0,0,0,1,0,0,0,0,baixo
5,10000.0,3,1.0,1,2,1,0,0,0,1,0,0,0,0,0,1,baixo
6,150000.0,8199,0.9676789852421027,1,1,1,1,1,0,1,0,0,0,0,0,0,medio_alto
10,10000.0,537,0.7355679702048417,9,3,1,1,1,0,1,1,0,0,0,0,0,medio_baixo
1,0.0,0,0.0,1,2,1,0,1,0,0,0,0,0,0,0,0,gratuito
12,10000.0,231,0.70995670995671,1,3,1,1,1,2,1,0,1,0,0,0,1,medio_alto
9,35000.0,801,0.6404494382022472,1,5,1,0,0,0,1,0,1,0,1,1,0,alto
1,0.0,0,0.0,0,0,1,0,0,0,0,0,0,0,0,0,0,gratuito
6,35000.0,10,0.2,1,2,1,0,0,0,1,1,0,0,0,0,0,baixo
9,10000.0,4,0.25,9,2,1,1,1,0,0,0,0,0,0,0,0,alto
1,10000.0,0,0.0,1,1,1,0,0,0,1,0,0,0,0,0,0,baixo
1,0.0,0,0.0,1,3,1,0,0,0,1,0,0,1,0,0,0,baixo
4,10000.0,2,1.0,4,1,1,0,0,0,0,0,0,1,0,0,0,alto
3,0.0,0,0.0,0,0,1,0,0,0,0,0,0,0,0,0,0,gratuito
2,0.0,0,0.0,0,0,1,0,0,0,0,0,0,0,0,0,0,gratuito
3,0.0,0,0.0,1,3,1,0,0,0,1,0,0,0,0,0,1,gratuito
2,10000.0,0,0.0,1,1,1,0,0,0,0,0,0,1,0,0,0,baixo
1,10000.0,0,0.0,11,7,1,0,0,1,1,1,1,1,1,0,0,medio_alto
2,10000.0,9,1.0,6,1,1,1,0,0,1,0,0,0,0,0,0,alto
4,0.0,0,0.0,0,0,1,0,0,0,0,0,0,0,0,0,0,gratuito
10,10000.0,33,0.3333333333333333,4,3,1,0,0,0,1,0,0,0,0,0,1,baixo
1,0.0,0,0.0,5,2,1,0,0,0,1,1,0,0,0,0,0,medio_alto
4,35000.0,1265,0.6869565217391305,13,3,1,0,0,0,1,0,0,1,0,0,1,alto
6,10000.0,3,0.3333333333333333,1,3,1,1,0,0,1,0,0,1,0,0,0,alto
2,10000.0,0,0.0,1,3,1,0,0,0,0,1,0,0,0,0,0,gratuito
9,75000.0,1141,0.7414548641542507,7,1,1,0,0,0,0,0,0,0,1,0,0,medio_alto
1,10000.0,3,1.0,2,4,1,0,0,0,1,1,1,0,0,0,0,baixo
4,150000.0,1594,0.8983688833124216,17,4,1,0,0,0,1,0,0,0,0,1,1,gratuito
9,750000.0,196,0.5714285714285714,3,5,1,0,0,0,1,1,0,1,0,1,1,baixo
1,0.0,0,0.0,0,0,1,0,0,0,0,0,0,0,0,0,0,gratuito
1,10000.0,0,0.0,1,3,1,0,1,0,1,1,0,0,0,0,1,medio_baixo
8,10000.0,81,0.9259259259259259,8,3,1,1,0,1,1,1,1,0,0,0,0,medio_alto
4,10000.0,6,0.8333333333333334,1,6,1,0,0,0,1,1,1,1,0,0,0,gratuito
4,0.0,0,0.0,0,0,1,0,0,0,0,0,0,0,0,0,0,gratuito
9,10000.0,1,1.0,1,5,1,0,0,0,1,0,1,0,1,0,0,medio_baixo
8,10000.0,18,1.0,1,2,1,1,0,0,1,1,0,0,0,0,0,alto
2,0.0,0,0.0,30,9,1,0,0,3,1,1,1,1,1,1,1,gratuito
2,10000.0,41,0.7804878048780488,12,4,1,0,1,0,1,1,1,1,0,0,0,medio_baixo
12,75000.0,134,0.4552238805970149,1,3,1,0,0,1,1,1,0,1,0,0,0,medio_alto
15,350000.0,1297,0.7517347725520431,5,2,1,0,0,0,0,1,1,0,0,0,0,baixo
2,10000.0,2,0.5,1,2,1,1,1,0,1,0,0,0,1,0,0,medio_alto
3,10000.0,143,0.8951048951048951,2,3,1,0,0,0,1,1,1,0,0,0,0,baixo
2,10000.0,0,0.0,1,4,1,0,0,0,1,1,1,1,0,0,0,baixo
10,350000.0,7894,0.8759817582974411,1,1,1,0,0,1,0,0,1,0,0,0,0,alto
3,35000.0,20,0.85,10,5,1,0,1,0,1,1,1,0,1,0,0,medio_alto
1,0.0,0,0.0,0,0,1,0,0,0,0,0,0,0,0,0,0,gratuito
1,0.0,0,0.0,0,0,1,0,0,0,0,0,0,0,0,0,0,gratuito
1,10000.0,0,0.0,1,2,1,0,0,0,1,1,0,0,0,0,0,medio_alto
3,35000.0,6,0.5,1,3,1,0,0,0,1,1,0,1,0,0,0,medio_baixo
1,0.0,0,0.0,1,2,1,0,0,0,1,0,1,0,0,0,0,medio_baixo
1,0.0,0,0.0,0,0,1,0,0,0,0,0,0,0,0,0,0,gratuito
5,350000.0,7601,0.9044862518089725,7,3,1,0,1,1,1,1,0,0,1,0,0,medio_alto
2,0.0,0,0.0,0,0,1,0,0,0,0,0,0,0,0,0,0,gratuito
3,10000.0,1,1.0,2,2,1,0,0,0,0,0,0,0,0,0,0,alto
1,0.0,0,0.0,7,4,1,0,0,0,0,1,0,0,1,0,0,gratuito
8,10000.0,66,0.5151515151515151,7,3,1,0,0,0,0,0,0,1,0,1,1,medio_alto
4,10000.0,18,0.7777777777777778,1,3,1,0,0,0,1,0,1,1,0,0,0,medio_alto
6,35000.0,9,0.4444444444444444,1,3,1,0,0,0,1,0,1,0,1,0,0,baixo
4,10000.0,4,0.75,1,4,1,0,0,0,1,1,1,1,0,0,0,medio_alto
3,10000.0,9,1.0,2,4,1,0,0,0,1,0,1,0,1,1,0,alto
8,10000.0,52,0.5769230769230769,6,3,1,0,0,0,1,0,0,1,0,0,1,baixo
3,10000.0,32,1.0,6,2,1,0,0,1,1,1,0,0,0,0,0,medio_baixo
1,0.0,0,0.0,0,0,1,0,0,0,0,0,0,0,0,0,0,gratuito
4,35000.0,142,0.9366197183098591,3,2,1,1,1,1,1,0,0,1,0,0,0,baixo
2,10000.0,7,1.0,27,3,1,0,0,0,1,0,0,1,0,0,1,medio_baixo
5,10000.0,21,0.8571428571428571,1,3,1,1,1,0,1,0,0,1,0,1,0,medio_baixo
1,0.0,0,0.0,1,4,1,0,0,0,1,1,1,0,0,0,1,medio_alto
3,10000.0,0,0.0,2,3,1,0,0,0,1,1,0,1,0,0,0,baixo
9,750000.0,6882,0.9152862539959314,6,1,1,0,0,0,0,1,0,0,0,0,0,alto
1,35000.0,8,0.875,4,2,1,0,1,1,1,1,0,0,0,0,0,medio_alto
9,10000.0,90,0.5111111111111111,2,0,1,0,0,0,0,0,0,0,0,0,0,gratuito
4,35000.0,23,0.8260869565217391,1,3,1,0,0,0,1,0,0,0,0,1,1,baixo
5,0.0,0,0.0,0,0,1,0,0,0,0,0,0,0,0,0,0,gratuito
11,350000.0,3822,0.8623757195185766,9,3,1,0,0,4,1,0,0,0,1,1,0,medio_alto
4,35000.0,64,0.9375,1,3,1,0,0,0,1,1,1,0,0,0,0,baixo
1,10000.0,0,0.0,2,2,1,0,0,1,0,1,1,0,0,0,0,alto
2,10000.0,1,1.0,1,2,1,0,0,0,1,0,0,1,0,0,0,medio_baixo
2,10000.0,28,0.9642857142857143,9,1,1,0,0,0,0,0,0,1,0,0,0,baixo
11,75000.0,1464,0.9672131147540983,2,1,1,1,1,0,0,0,1,0,0,0,0,medio_alto
1,10000.0,0,0.0,4,2,1,0,0,0,0,0,0,1,1,0,0,medio_alto
10,10000.0,14,1.0,1,4,1,0,0,0,1,0,0,1,1,0,1,alto
1,10000.0,18,1.0,6,2,1,0,0,0,1,0,0,1,0,0,0,baixo
1,0.0,0,0.0,0,0,1,0,0,0,0,0,0,0,0,0,0,gratuito
18,35000.0,203,0.9359605911330049,1,2,1,0,0,0,0,0,0,1,0,0,1,alto
5,10000.0,1,0.0,1,3,1,0,0,0,0,1,1,0,0,0,0,alto
10,10000.0,51,0.7843137254901961,1,2,1,0,0,0,0,1,0,0,0,0,0,alto
2,10000.0,2,1.0,1,1,1,0,0,0,0,0,0,1,0,0,0,medio_alto
1,10000.0,3,0.6666666666666666,1,2,1,0,0,0,1,0,0,1,0,0,0,medio_baixo
1,10000.0,5,0.8,12,3,1,0,0,0,1,1,1,0,0,0,0,baixo
1,350000.0,5331,0.891389983117614,4,2,1,0,0,2,0,0,1,0,0,0,1,alto
1,0.0,0,0.0,1,1,1,0,0,0,0,0,0,0,0,0,0,medio_baixo
3,10000.0,5,0.8,1,2,1,0,0,0,0,1,1,0,0,0,0,medio_alto
1,10000.0,2,1.0,1,2,1,0,0,0,0,0,0,1,0,0,0,medio_alto
8,35000.0,60,0.8,1,5,1,1,0,0,1,1,1,0,1,0,0,gratuito
2,35000.0,246,0.991869918699187,1,1,1,0,0,0,0,0,0,1,0,0,0,medio_baixo
8,10000.0,4,0.75,1,2,1,0,0,0,0,0,1,1,0,0,0,medio_alto
9,10000.0,188,0.75,18,2,1,1,0,1,0,1,0,0,0,0,0,medio_alto
4,10000.0,141,0.41843971631205673,1,5,1,1,1,0,1,1,1,1,1,0,0,alto
3,10000.0,60,0.85,10,2,1,0,0,1,0,1,1,0,0,0,0,alto
2,0.0,0,0.0,0,0,1,0,0,0,0,0,0,0,0,0,0,gratuito
5,35000.0,34,0.9117647058823529,1,3,1,0,0,0,1,1,1,0,0,0,0,medio_baixo
2,0.0,0,0.0,0,0,1,0,0,0,0,0,0,0,0,0,0,gratuito
1,0.0,0,0.0,1,5,1,0,0,0,1,1,1,1,1,0,0,medio_alto
8,10000.0,2,1.0,2,6,1,0,0,0,1,0,1,1,1,1,0,alto
9,10000.0,13,0.46153846153846156,2,2,1,0,0,0,1,0,0,1,0,0,0,baixo
11,350000.0,2390,0.697489539748954,9,2,1,1,1,1,1,1,0,0,0,0,0,medio_baixo
1,10000.0,0,0.0,1,2,1,0,0,0,1,0,1,0,0,0,0,alto
3,0.0,0,0.0,0,0,1,0,0,0,0,0,0,0,0,0,0,gratuito
7,35000.0,240,0.8083333333333333,8,2,1,1,1,0,1,1,0,0,0,0,0,medio_baixo
1,10000.0,0,0.0,10,3,1,1,1,0,1,0,0,0,0,1,0,alto
2,10000.0,26,0.9615384615384616,10,2,1,0,0,0,0,1,1,0,0,0,0,medio_baixo
1,10000.0,0,0.0,1,8,1,0,0,0,1,1,1,1,1,0,1,alto
9,10000.0,112,0.6875,3,3,1,0,0,0,0,1,0,1,0,0,1,medio_alto
5,10000.0,11,1.0,1,2,1,0,0,0,1,1,0,0,0,0,0,baixo
5,35000.0,49,0.8979591836734694,1,3,1,1,1,0,1,1,0,1,0,0,0,medio_baixo
5,75000.0,175,0.88,1,4,1,0,0,0,0,0,1,1,0,0,1,gratuito
1,10000.0,0,0.0,10,2,1,0,0,0,1,0,0,1,0,0,0,baixo
4,0.0,0,0.0,2,3,1,1,1,0,1,0,1,0,1,0,0,gratuito
2,10000.0,73,0.8082191780821918,3,2,1,0,0,0,1,0,0,0,0,0,1,alto
7,10000.0,483,0.782608695652174,2,1,1,0,0,0,0,0,0,0,1,0,0,alto
1,10000.0,0,0.0,1,2,1,0,0,0,0,0,0,0,0,1,1,medio_alto
2,35000.0,4,0.5,2,2,1,0,0,0,1,1,0,0,0,0,0,medio_alto
8,10000.0,27,0.5925925925925926,4,2,1,0,0,0,0,1,1,0,0,0,0,medio_alto
1,0.0,0,0.0,2,2,1,0,0,0,1,0,0,0,1,0,0,alto
4,75000.0,2071,0.9584741670690488,6,3,1,0,0,5,1,1,0,0,1,0,0,alto
5,10000.0,51,0.9215686274509803,1,3,1,0,0,0,1,1,0,0,1,0,0,medio_baixo
9,10000.0,8,0.75,7,4,1,0,0,0,1,0,0,1,0,1,1,baixo
3,10000.0,9,0.7777777777777778,1,2,1,0,0,0,1,0,0,1,0,0,0,baixo
2,10000.0,4,1.0,2,3,1,0,0,0,1,1,0,0,0,0,1,medio_baixo
3,10000.0,35,0.7142857142857143,7,2,1,0,0,0,0,1,0,0,0,1,0,medio_alto
1,0.0,0,0.0,0,0,1,0,0,0,0,0,0,0,0,0,0,gratuito
3,0.0,0,0.0,0,0,1,0,0,0,0,0,0,0,0,0,0,gratuito
3,35000.0,3,0.3333333333333333,1,4,1,0,0,1,0,1,1,0,1,1,0,baixo
2,10000.0,5,0.8,1,4,1,0,0,0,1,1,1,0,0,0,0,gratuito
2,10000.0,4,0.75,1,5,1,0,0,0,1,1,0,1,0,0,0,gratuito
4,10000.0,14,0.8571428571428571,1,3,1,0,0,0,0,1,0,0,0,1,1,medio_alto
5,10000.0,31,0.7419354838709677,1,4,1,0,1,0,1,0,0,1,0,1,1,medio_baixo
7,75000.0,111,0.7387387387387387,2,4,1,0,0,0,1,1,1,0,0,0,0,gratuito
9,10000.0,10,0.4,2,2,1,0,0,0,0,1,0,0,0,0,0,medio_alto
9,75000.0,320,0.9,9,4,1,1,0,0,1,1,1,0,0,0,0,baixo
10,75000.0,64,0.484375,1,1,1,0,0,0,0,0,0,0,0,1,0,alto
4,75000.0,77,0.7532467532467533,6,3,1,1,1,0,1,0,1,1,0,0,0,medio_baixo
2,10000.0,11,0.6363636363636364,1,3,1,0,0,0,1,0,1,0,0,0,1,baixo
5,35000.0,5,1.0,1,2,1,0,1,0,1,0,0,0,0,1,0,baixo
5,0.0,0,0.0,0,0,1,0,0,0,0,0,0,0,0,0,0,gratuito
3,35000.0,3,1.0,1,3,1,0,0,0,1,0,1,1,0,0,0,medio_baixo
4,10000.0,14,0.9285714285714286,2,2,1,0,1,0,0,0,0,1,0,0,1,alto
6,10000.0,29,0.9310344827586207,1,2,1,0,0,0,1,0,1,0,0,0,0,medio_alto
1,0.0,0,0.0,1,3,1,0,0,0,1,1,1,0,0,0,0,medio_baixo
2,0.0,0,0.0,0,0,1,0,0,0,0,0,0,0,0,0,0,gratuito
1,10000.0,0,0.0,10,3,1,0,0,0,1,0,1,0,1,0,0,medio_alto
1,0.0,0,0.0,0,0,1,0,0,0,0,0,0,0,0,0,0,gratuito
3,10000.0,5,0.6,8,3,1,0,0,0,1,0,1,1,0,0,0,alto
2,10000.0,14,1.0,1,3,1,1,1,0,0,1,0,1,0,0,0,medio_baixo
7,10000.0,3,1.0,1,1,1,0,0,0,0,0,1,0,0,0,0,medio_baixo
1,10000.0,0,0.0,1,4,1,1,1,0,1,0,1,1,0,0,1,baixo
2,10000.0,10,1.0,2,2,1,0,0,0,1,0,1,0,0,0,0,medio_alto
3,150000.0,1,1.0,1,2,1,0,1,0,0,0,1,0,1,0,0,medio_alto
4,10000.0,19,1.0,1,4,1,0,0,0,1,0,0,1,0,0,0,medio_alto
6,0.0,0,0.0,0,0,1,0,0,0,0,0,0,0,0,0,0,gratuito
2,75000.0,534,0.7883895131086143,9,3,1,0,0,0,1,0,0,0,1,1,0,medio_alto
1,10000.0,0,0.0,2,2,1,0,0,1,1,0,1,0,0,0,0,alto
1,10000.0,0,0.0,13,3,1,0,0,0,1,0,0,1,0,0,1,medio_alto
6,10000.0,66,0.9545454545454546,1,6,1,0,0,0,1,1,1,1,0,0,1,baixo
2,10000.0,0,0.0,10,2,1,0,0,0,1,0,0,1,0,0,0,medio_baixo
2,0.0,0,0.0,0,0,1,0,0,0,0,0,0,0,0,0,0,gratuito
3,10000.0,93,0.8709677419354839,4,3,1,0,0,0,1,0,0,1,0,1,0,medio_alto
3,10000.0,1,0.0,8,3,1,0,0,0,0,0,1,0,0,0,1,alto
1,0.0,0,0.0,1,4,1,1,1,0,0,0,0,1,1,0,1,gratuito
1,10000.0,0,0.0,1,2,1,0,0,0,0,0,1,0,0,0,1,baixo
1,10000.0,0,0.0,11,3,1,1,0,0,1,0,0,1,0,1,0,alto
5,10000.0,35,0.7142857142857143,1,4,1,0,0,1,1,0,0,1,0,1,1,alto
1,0.0,0,0.0,0,0,1,0,0,0,0,0,0,0,0,0,0,gratuito
1,0.0,0,0.0,2,3,1,0,0,0,1,0,0,1,0,0,0,medio_alto
11,75000.0,301,0.7906976744186046,3,3,1,0,1,1,1,1,1,0,0,0,0,medio_baixo
1,10000.0,0,0.0,4,5,1,0,0,0,1,0,1,1,1,1,0,alto
2,0.0,0,0.0,1,3,1,0,0,0,0,0,0,0,1,1,0,gratuito
2,10000.0,43,0.7441860465116279,2,7,1,0,0,1,1,0,1,1,1,0,0,gratuito
10,150000.0,229,0.8427947598253275,2,3,1,0,0,1,1,0,0,1,0,1,0,baixo
10,10000.0,25,0.76,2,4,1,0,0,1,1,1,1,1,0,0,0,medio_alto
6,10000.0,58,0.9137931034482759,1,2,1,1,0,0,1,0,0,0,0,1,0,baixo
7,10000.0,29,0.7586206896551724,1,5,1,0,0,0,1,0,1,1,1,1,0,medio_alto
5,10000.0,2,1.0,6,4,1,1,0,1,0,1,1,0,1,0,0,alto
3,10000.0,22,0.5,1,3,1,0,0,0,1,1,1,0,0,0,0,baixo
2,10000.0,0,0.0,1,1,1,0,0,0,0,1,0,0,0,0,0,baixo
8,10000.0,21,0.6190476190476191,1,3,1,0,0,0,0,0,0,1,0,0,1,gratuito
7,10000.0,18,0.5,1,3,1,0,0,0,1,1,1,0,0,0,0,baixo
3,10000.0,0,0.0,1,3,1,0,0,0,1,1,0,1,0,0,0,medio_alto
1,35000.0,255,0.796078431372549,14,3,1,1,0,3,0,1,0,1,0,1,0,alto
1,0.0,0,0.0,1,1,1,0,0,0,0,0,1,0,0,0,0,medio_baixo
1,10000.0,0,0.0,4,4,1,0,0,0,1,0,0,1,0,1,1,medio_alto
3,10000.0,0,0.0,1,2,1,0,0,0,1,1,0,0,0,0,0,baixo
1,10000.0,0,0.0,13,4,1,0,0,0,1,1,1,0,0,0,0,medio_alto
5,75000.0,467,0.7623126338329764,3,3,1,0,0,0,0,1,1,0,1,0,0,alto
3,35000.0,284,0.897887323943662,1,3,1,0,0,0,1,0,0,1,0,1,0,medio_baixo
4,35000.0,350,0.9742857142857143,4,2,1,0,0,0,0,0,1,1,0,0,0,alto
2,10000.0,4,1.0,1,1,1,0,0,0,0,1,0,0,0,0,0,medio_baixo
1,0.0,0,0.0,0,0,1,0,0,0,0,0,0,0,0,0,0,gratuito
2,0.0,0,0.0,14,5,1,0,1,0,1,1,0,1,1,0,0,gratuito
4,10000.0,1,1.0,1,5,1,0,0,0,0,1,1,1,0,1,0,medio_baixo
1,10000.0,30,1.0,18,4,1,0,0,0,1,0,1,1,0,0,0,medio_baixo
1,0.0,0,0.0,1,3,1,0,0,0,1,0,1,0,0,0,0,gratuito
1,0.0,0,0.0,2,5,1,0,0,0,1,0,1,1,1,0,0,gratuito
3,10000.0,78,0.7307692307692307,5,5,1,0,0,0,1,0,1,0,1,1,1,alto
1,10000.0,15,1.0,1,3,1,1,1,0,0,1,0,1,0,1,0,medio_alto
3,10000.0,7,1.0,1,4,1,0,0,0,0,1,1,1,0,0,0,baixo
1,10000.0,0,0.0,1,1,1,0,0,0,1,0,0,0,0,0,0,alto
1,10000.0,0,0.0,3,3,1,0,0,0,1,1,0,0,0,0,1,medio_baixo
9,10000.0,47,0.7446808510638298,2,2,1,1,0,0,1,0,1,0,0,0,0,baixo
1,0.0,0,0.0,1,3,1,0,0,0,0,1,1,0,0,0,0,gratuito
4,10000.0,0,0.0,13,2,1,0,0,0,1,0,0,1,0,0,0,baixo
7,10000.0,69,0.5362318840579711,1,5,1,0,0,0,1,0,0,1,0,0,1,baixo
5,10000.0,10,0.9,2,3,1,0,0,0,1,1,0,0,0,0,0,medio_baixo
1,0.0,0,0.0,1,3,1,0,0,0,0,1,1,0,0,0,0,medio_alto
9,10000.0,4,1.0,1,4,1,0,1,0,1,0,0,1,0,0,1,medio_alto
9,35000.0,223,0.8923766816143498,4,3,1,1,0,0,1,0,0,1,0,1,0,medio_baixo
2,0.0,0,0.0,1,3,1,0,0,0,1,0,0,1,0,0,0,gratuito
1,0.0,0,0.0,20,2,1,0,0,0,1,0,1,0,0,0,0,medio_baixo
4,10000.0,13,0.6923076923076923,3,4,1,0,0,0,1,1,1,0,0,1,0,alto
2,10000.0,4,1.0,1,4,1,0,0,0,1,1,0,1,0,0,0,gratuito
7,350000.0,7652,0.8804234187140617,1,3,1,1,1,1,1,0,0,0,0,1,1,alto
5,10000.0,6,0.6666666666666666,8,3,1,0,0,0,1,0,1,1,0,0,0,baixo
1,0.0,0,0.0,1,1,1,1,0,0,0,1,0,0,0,0,0,medio_alto
1,0.0,0,0.0,1,1,1,0,0,0,0,1,0,0,0,0,0,medio_alto
19,1500000.0,11206,0.9489559164733179,5,1,1,0,0,0,0,0,0,0,0,1,0,alto
5,10000.0,4,0.25,1,3,1,0,0,1,1,1,1,0,0,0,0,alto
3,10000.0,4,1.0,1,2,1,0,0,0,1,0,0,0,0,1,0,medio_alto
3,10000.0,202,0.9851485148514851,1,1,1,0,0,0,0,0,0,1,0,0,0,baixo
10,150000.0,570,0.8824561403508772,6,1,1,0,0,0,0,1,0,0,0,0,0,medio_baixo
2,10000.0,17,0.8235294117647058,6,3,1,0,0,0,1,0,0,1,0,0,1,medio_baixo
7,10000.0,7,0.7142857142857143,1,4,1,0,0,0,1,1,1,0,0,0,1,medio_alto
6,10000.0,37,0.9459459459459459,1,2,1,1,1,1,1,0,0,1,0,0,0,medio_baixo
9,10000.0,4,0.5,1,3,1,1,1,0,1,0,1,0,1,0,0,medio_baixo
6,75000.0,46,0.8478260869565217,2,3,1,0,0,0,1,0,1,0,0,0,0,gratuito
7,35000.0,17,0.7647058823529411,1,3,1,0,0,0,1,0,1,1,0,0,0,medio_baixo
3,75000.0,536,0.8078358208955224,3,4,1,0,0,2,1,1,1,1,0,0,0,baixo
1,0.0,0,0.0,1,2,1,0,0,0,0,0,1,0,0,0,0,gratuito
2,75000.0,356,0.37359550561797755,1,3,1,0,0,0,0,0,0,1,1,0,1,alto
5,10000.0,15,0.2,15,2,1,0,0,0,0,1,0,1,0,0,0,baixo
2,10000.0,6,0.8333333333333334,1,5,1,0,0,0,1,1,0,1,0,1,0,gratuito
2,10000.0,22,0.9545454545454546,1,1,1,0,0,0,0,1,0,0,0,0,0,medio_baixo
9,10000.0,23,0.6521739130434783,1,3,1,0,0,0,0,0,0,0,0,0,0,alto
11,75000.0,372,0.8064516129032258,1,3,1,0,0,0,1,0,0,0,0,1,1,medio_alto
9,10000.0,9,0.4444444444444444,2,5,1,0,0,0,1,1,0,1,1,0,1,alto
11,10000.0,64,0.734375,2,3,1,1,0,0,0,0,1,1,0,0,0,gratuito
5,0.0,0,0.0,0,0,1,0,0,0,0,0,0,0,0,0,0,gratuito
9,350000.0,3099,0.8780251694094869,1,3,1,1,0,0,1,1,0,0,0,0,0,gratuito
1,10000.0,9,0.5555555555555556,8,4,1,0,0,0,1,1,1,0,1,0,0,alto
7,10000.0,18,0.8333333333333334,1,3,1,0,0,0,0,1,0,1,0,0,1,baixo
1,0.0,0,0.0,2,2,1,0,0,0,1,1,0,0,0,0,0,medio_alto
2,35000.0,539,0.9016697588126159,11,3,1,1,1,0,0,1,0,0,0,1,0,alto
4,10000.0,6,1.0,1,2,1,0,0,0,0,0,0,0,0,0,1,alto
5,35000.0,1,1.0,1,3,1,0,0,0,1,1,0,1,0,0,0,medio_baixo
3,10000.0,0,0.0,1,4,1,0,0,0,1,0,1,0,0,0,0,medio_baixo
2,10000.0,7,0.42857142857142855,1,4,1,0,0,0,1,1,1,1,0,0,0,baixo
5,0.0,0,0.0,1,3,1,0,0,0,0,0,1,0,0,0,1,gratuito
1,0.0,0,0.0,0,0,1,0,0,0,0,0,0,0,0,0,0,gratuito
3,10000.0,13,0.8461538461538461,2,3,1,0,0,0,1,0,1,1,0,0,0,baixo
2,0.0,0,0.0,0,0,1,0,0,0,0,0,0,0,0,0,0,gratuito
1,10000.0,0,0.0,4,3,1,0,0,0,1,0,0,1,0,0,1,baixo
5,10000.0,4,1.0,103,3,1,0,0,0,1,1,0,0,0,0,1,baixo
3,350000.0,2592,0.8128858024691358,3,4,1,0,0,1,0,1,0,0,1,0,0,gratuito
1,10000.0,0,0.0,2,4,1,0,0,0,1,1,0,0,0,0,1,medio_baixo
2,35000.0,6,0.3333333333333333,12,6,1,0,0,0,1,1,1,1,0,0,1,alto
3,10000.0,97,0.9278350515463918,7,4,1,0,0,0,1,1,1,1,0,0,0,medio_alto
3,10000.0,5,0.8,1,3,1,0,0,0,1,1,1,0,0,0,0,medio_alto
5,0.0,0,0.0,1,4,1,0,0,0,0,1,0,1,0,1,0,gratuito
5,10000.0,0,0.0,1,3,1,0,0,0,1,0,0,1,0,0,1,baixo
1,10000.0,0,0.0,9,3,1,0,0,0,1,0,0,1,0,0,1,medio_baixo
8,10000.0,17,0.7058823529411765,23,4,1,0,0,0,1,0,0,1,0,1,0,baixo
1,10000.0,0,0.0,1,1,1,0,0,0,0,0,0,0,0,0,1,medio_baixo
4,10000.0,124,0.7419354838709677,8,1,1,0,0,27,0,0,0,1,0,0,0,medio_baixo
3,10000.0,0,0.0,1,4,1,0,0,0,1,1,1,0,0,0,0,gratuito
1,10000.0,3,0.3333333333333333,6,3,1,0,0,0,1,1,1,0,0,0,0,alto
10,35000.0,997,0.41223671013039115,3,7,1,0,0,0,1,1,1,1,1,1,1,baixo
6,10000.0,84,0.4880952380952381,1,2,1,1,0,0,0,0,0,0,0,1,1,alto
3,0.0,0,0.0,0,0,1,0,0,0,0,0,0,0,0,0,0,gratuito
3,0.0,0,0.0,1,6,1,0,0,0,1,1,1,1,1,0,0,gratuito
4,10000.0,29,0.8620689655172413,1,6,1,0,0,0,1,0,1,1,1,1,1,medio_baixo
2,10000.0,4,0.75,10,1,1,0,0,0,0,0,0,1,0,0,0,baixo
1,0.0,0,0.0,1,2,1,0,0,0,0,0,0,0,0,1,0,gratuito
6,10000.0,55,0.9454545454545454,1,5,1,0,0,0,1,0,0,1,1,0,1,alto
3,10000.0,2,0.0,1,2,1,0,0,0,0,0,1,1,0,0,0,alto
2,0.0,0,0.0,1,2,1,0,0,0,0,0,0,0,1,0,0,gratuito
3,10000.0,25,0.68,1,2,1,1,0,1,1,1,0,0,0,0,0,medio_alto
1,0.0,0,0.0,1,3,1,1,1,0,1,0,1,0,1,0,0,alto
5,10000.0,10,0.9,103,3,1,0,0,0,1,0,1,1,0,0,0,baixo
5,0.0,0,0.0,18,3,1,1,1,0,1,0,0,1,0,0,0,gratuito
7,10000.0,2,0.5,5,2,1,1,0,0,0,0,0,1,0,0,1,baixo
3,10000.0,382,0.9136125654450262,15,2,1,0,0,8,0,0,0,0,0,1,1,medio_alto
4,1500000.0,21986,0.7246884380969708,12,3,1,0,0,6,0,1,1,0,1,0,0,alto
9,35000.0,7,0.5714285714285714,1,1,1,0,0,0,0,0,0,0,0,1,0,alto
6,10000.0,0,0.0,2,4,1,0,0,0,1,0,0,1,0,1,1,medio_baixo
1,10000.0,10,0.9,1,2,1,0,0,0,1,1,0,0,0,0,0,baixo
2,0.0,0,0.0,7,3,1,0,0,1,1,0,1,0,0,0,0,gratuito
1,10000.0,41,0.8780487804878049,1,1,1,1,0,1,1,0,0,0,0,0,0,medio_alto
11,75000.0,67,0.7014925373134329,1,4,1,0,0,1,1,0,1,1,1,0,0,baixo
4,10000.0,18,0.8333333333333334,2,2,1,0,0,0,1,0,0,1,0,0,0,medio_baixo
8,10000.0,12,0.4166666666666667,1,3,1,0,0,0,1,1,0,1,0,0,0,alto
4,10000.0,3,0.6666666666666666,2,3,1,0,0,0,1,0,0,1,0,0,0,baixo
9,10000.0,8,1.0,1,5,1,0,0,0,0,1,1,0,1,0,0,medio_alto
1,0.0,0,0.0,1,3,1,1,0,0,1,0,1,1,0,0,0,medio_alto
5,10000.0,21,0.6666666666666666,1,4,1,0,0,0,1,0,1,1,0,0,1,baixo
10,1500000.0,37237,0.9605231355909445,13,2,1,1,1,2,1,0,0,0,0,1,0,medio_alto
7,10000.0,11,0.7272727272727273,1,4,1,1,1,0,1,0,1,1,1,0,0,medio_alto
1,75000.0,2,0.0,1,4,1,0,0,0,0,1,0,0,0,1,1,baixo
7,10000.0,18,0.3333333333333333,4,1,1,1,0,0,0,0,0,1,0,0,0,baixo
17,750000.0,2311,0.926006057983557,5,1,1,0,0,0,0,0,0,0,0,1,0,medio_alto
2,75000.0,3143,0.958956411072224,3,1,1,0,0,0,0,0,1,0,0,0,0,alto
6,10000.0,0,0.0,1,1,1,0,0,0,1,0,0,0,0,0,0,medio_baixo
9,35000.0,435,0.7839080459770115,11,1,1,0,0,0,0,1,0,0,0,0,0,medio_alto
3,10000.0,3,1.0,2,4,1,0,0,0,1,1,1,0,1,0,0,baixo
4,0.0,0,0.0,2,4,1,0,0,0,1,0,1,0,1,0,0,gratuito
4,0.0,0,0.0,7,3,1,0,0,1,0,0,0,0,0,1,0,gratuito
12,350000.0,1070,0.6570093457943925,1,2,1,0,0,0,1,0,0,1,0,0,0,baixo
5,10000.0,9,0.8888888888888888,12,4,1,0,0,0,1,1,0,1,0,1,0,medio_baixo
7,350000.0,4934,0.9181191730847182,5,3,1,0,0,1,1,1,1,0,0,0,0,alto
1,0.0,0,0.0,12,4,1,1,0,1,1,0,1,1,0,0,0,gratuito
1,10000.0,0,0.0,2,2,1,0,0,0,1,0,1,0,0,0,0,baixo
11,10000.0,33,0.8787878787878788,1,3,1,0,1,0,1,1,0,1,0,0,0,gratuito
1,10000.0,13,0.9230769230769231,3,3,1,0,0,0,1,0,0,1,0,0,1,alto
1,10000.0,0,0.0,1,4,1,0,0,0,1,0,0,1,1,0,1,alto
11,75000.0,133,0.6691729323308271,5,1,1,0,0,0,0,0,0,1,0,0,0,medio_alto
4,0.0,0,0.0,103,5,1,0,0,0,1,0,1,1,0,1,1,medio_baixo
9,10000.0,12,0.8333333333333334,1,3,1,0,0,0,1,1,1,0,0,0,0,medio_alto
13,0.0,0,0.0,6,1,1,1,1,0,0,0,0,0,0,1,0,medio_baixo
4,35000.0,1063,0.7873941674506115,1,2,1,0,0,0,1,0,0,0,0,0,1,alto
3,10000.0,9,1.0,5,5,1,0,0,0,0,1,1,1,0,0,1,baixo
8,10000.0,60,0.8333333333333334,26,3,1,0,0,0,1,0,0,1,0,1,0,baixo
1,10000.0,0,0.0,1,1,1,0,0,0,0,0,0,1,0,0,0,baixo
12,10000.0,115,0.591304347826087,6,3,1,1,0,0,0,0,1,1,0,0,0,medio_alto
4,0.0,0,0.0,2,3,1,0,0,2,1,1,1,0,0,0,0,gratuito
11,150000.0,2551,0.8459427675421404,1,2,1,1,0,0,1,0,0,0,0,0,0,gratuito
8,10000.0,125,0.744,1,3,1,0,0,0,1,1,1,0,0,0,0,baixo
1,10000.0,2,1.0,1,3,1,0,0,0,1,0,0,1,0,0,1,medio_baixo
7,150000.0,462,0.9458874458874459,1,3,1,1,1,0,1,0,0,0,0,1,0,medio_alto
8,10000.0,64,0.6875,1,3,1,1,1,1,1,0,0,1,0,0,1,medio_alto
2,0.0,0,0.0,0,0,1,0,0,0,0,0,0,0,0,0,0,gratuito
8,35000.0,373,0.774798927613941,9,3,1,0,0,1,0,1,1,1,0,0,0,baixo
2,10000.0,83,0.8674698795180723,3,2,1,0,0,0,1,0,0,0,0,0,1,medio_baixo
5,0.0,0,0.0,1,3,1,0,0,0,1,1,1,0,0,0,0,medio_alto
4,10000.0,10,0.9,1,3,1,0,0,1,1,0,1,0,1,0,0,baixo
11,10000.0,150,0.5933333333333334,1,5,1,1,0,0,1,0,1,1,1,0,1,medio_alto
3,10000.0,5,1.0,1,1,1,0,0,1,0,1,0,0,0,0,0,medio_baixo
8,35000.0,452,0.9845132743362832,1,4,1,1,0,0,1,0,1,0,1,0,1,medio_baixo
4,10000.0,5,0.8,14,2,1,0,0,0,1,0,0,1,0,0,0,baixo
14,1500000.0,11755,0.9390046788600596,7,3,1,0,0,0,0,0,1,1,0,1,0,medio_baixo
10,35000.0,233,0.6223175965665236,5,1,1,0,0,0,0,1,0,0,0,0,0,baixo
1,0.0,0,0.0,103,3,1,0,0,1,1,0,0,1,0,0,0,gratuito
5,10000.0,40,0.85,2,3,1,0,0,0,1,0,1,1,0,0,0,baixo
4,35000.0,156,0.7115384615384616,8,4,1,0,0,0,1,0,1,1,0,0,1,medio_alto
4,10000.0,21,0.3333333333333333,6,3,1,0,0,0,1,0,1,0,0,0,1,baixo
2,10000.0,13,0.6153846153846154,4,5,1,0,0,0,1,0,0,1,0,1,1,alto
6,10000.0,199,0.8693467336683417,1,1,1,0,0,1,1,0,0,0,0,0,0,baixo
1,0.0,0,0.0,1,3,1,1,0,0,1,1,1,0,0,0,0,alto
9,10000.0,7,1.0,1,3,1,0,0,0,1,1,0,1,0,0,0,baixo
2,0.0,0,0.0,103,1,1,0,0,0,0,1,0,0,0,0,0,baixo
5,10000.0,23,0.8260869565217391,29,3,1,0,0,0,1,1,1,0,0,0,0,baixo
6,35000.0,20,1.0,3,1,1,0,0,0,1,0,0,0,0,0,0,medio_alto
1,0.0,0,0.0,0,0,1,0,0,0,0,0,0,0,0,0,0,gratuito
2,350000.0,13066,0.6679932649624981,7,2,1,0,0,1,0,1,0,0,0,1,0,alto
1,10000.0,0,0.0,2,2,1,0,0,0,0,1,0,0,0,0,0,alto
1,0.0,0,0.0,1,5,1,0,0,0,1,0,1,1,0,0,1,gratuito
11,10000.0,47,0.6170212765957447,1,1,1,0,0,0,0,1,0,0,0,0,0,medio_baixo
12,10000.0,120,0.675,1,3,1,1,1,1,0,0,1,1,0,0,1,medio_alto
3,10000.0,67,0.9253731343283582,2,2,1,0,0,0,1,0,1,0,0,0,0,alto
2,10000.0,5,1.0,4,3,1,0,0,0,0,0,1,0,1,0,1,alto
6,10000.0,11,0.36363636363636365,1,4,1,0,0,0,1,0,0,0,0,1,0,alto
7,10000.0,121,0.6942148760330579,2,4,1,0,0,0,1,0,1,0,0,1,0,alto
4,10000.0,152,0.47368421052631576,6,1,1,0,0,1,0,0,1,0,0,0,0,medio_alto
5,10000.0,0,0.0,2,2,1,0,1,0,1,0,0,1,0,0,0,medio_alto
8,10000.0,29,0.6896551724137931,2,5,1,0,0,0,1,1,1,0,0,1,1,medio_alto
3,0.0,0,0.0,103,9,1,1,1,0,1,1,1,1,1,1,1,alto
6,75000.0,159,0.8301886792452831,2,3,1,0,0,0,1,1,1,0,0,0,0,gratuito
4,10000.0,10,0.8,1,2,1,0,1,0,1,1,0,0,0,0,0,medio_alto
1,35000.0,10,0.7,1,4,1,0,1,0,1,1,0,0,0,0,1,alto
6,75000.0,673,0.4398216939078752,9,3,1,0,0,2,1,0,0,0,1,1,0,baixo
3,10000.0,0,0.0,1,2,1,0,0,0,0,0,1,1,0,0,0,alto
8,10000.0,9,0.4444444444444444,2,2,1,0,0,0,0,1,0,0,0,0,0,alto
5,35000.0,7,0.42857142857142855,1,3,1,0,0,0,1,1,0,0,0,0,1,medio_alto
1,0.0,0,0.0,103,2,1,0,0,0,1,1,0,0,0,0,0,medio_baixo
3,10000.0,0,0.0,1,7,1,0,0,0,1,1,1,1,1,0,1,medio_alto
10,750000.0,7166,0.7595590287468602,8,3,1,1,0,0,1,1,1,0,0,0,0,baixo
3,10000.0,3,0.3333333333333333,1,7,1,0,0,0,1,1,1,1,1,1,1,baixo
5,10000.0,0,0.0,1,2,1,0,0,1,1,0,0,1,0,0,0,baixo
8,10000.0,47,0.23404255319148937,1,2,1,0,0,0,1,1,0,0,0,0,0,baixo
3,35000.0,0,0.0,2,4,1,1,0,0,1,0,1,1,1,0,0,medio_baixo
2,10000.0,2,1.0,1,5,1,0,0,0,1,1,1,0,0,1,0,alto
1,10000.0,31,1.0,8,3,1,0,1,1,1,1,0,1,0,0,0,medio_alto
6,10000.0,3,0.3333333333333333,1,2,1,0,0,0,0,0,0,0,0,0,1,medio_alto
5,0.0,0,0.0,1,3,1,0,0,0,1,1,0,1,0,0,0,gratuito
1,0.0,0,0.0,0,0,1,0,0,0,0,0,0,0,0,0,0,gratuito
5,35000.0,30,0.7333333333333333,1,3,1,0,0,0,1,1,1,0,0,0,0,medio_baixo
1,10000.0,0,0.0,1,4,1,0,0,0,1,0,0,1,0,1,1,medio_alto
4,10000.0,0,0.0,1,3,1,0,0,0,0,0,1,1,0,0,1,alto
2,0.0,0,0.0,0,0,1,0,0,0,0,0,0,0,0,0,0,gratuito
1,10000.0,0,0.0,9,2,1,1,1,0,1,0,0,1,0,0,0,baixo
4,10000.0,4,0.75,1,3,1,0,0,0,0,1,0,0,0,1,0,medio_alto
2,0.0,0,0.0,0,0,1,0,0,0,0,0,0,0,0,0,0,gratuito
3,10000.0,7,0.8571428571428571,2,2,1,0,0,0,0,0,1,1,0,0,0,baixo
6,10000.0,98,0.6938775510204082,1,4,1,1,1,2,1,0,1,1,1,0,0,medio_alto
6,10000.0,15,0.06666666666666667,5,4,1,0,0,0,1,1,1,0,0,0,1,baixo
1,10000.0,0,0.0,2,2,1,0,0,0,0,0,0,1,0,1,0,baixo
1,10000.0,0,0.0,13,1,1,1,1,0,1,0,0,0,0,0,0,medio_baixo
1,10000.0,0,0.0,12,2,1,0,0,0,1,0,0,0,0,0,1,alto
2,0.0,0,0.0,1,2,1,0,0,0,0,0,0,1,0,0,0,gratuito
2,10000.0,1,0.0,1,2,1,0,0,0,0,1,0,0,0,0,1,alto
2,10000.0,8,0.75,1,2,1,1,0,0,0,0,0,1,0,0,0,gratuito
5,10000.0,0,0.0,3,2,1,0,0,0,1,0,0,0,0,0,1,alto
6,75000.0,12,0.8333333333333334,2,2,1,0,0,0,1,0,1,0,0,0,0,gratuito
1,10000.0,0,0.0,1,4,1,1,0,0,1,0,1,1,0,1,0,medio_baixo
1,10000.0,9,0.4444444444444444,13,1,1,0,0,0,1,0,0,0,0,0,0,baixo
10,10000.0,22,0.5454545454545454,1,1,1,0,0,1,0,1,0,0,0,0,0,medio_alto
2,0.0,0,0.0,0,0,1,0,0,0,0,0,0,0,0,0,0,gratuito
1,0.0,0,0.0,10,1,1,0,0,0,0,1,0,0,0,0,0,alto
3,10000.0,0,0.0,1,1,1,0,0,0,0,0,1,0,0,0,0,medio_alto
7,10000.0,6,0.6666666666666666,1,6,1,0,0,0,1,1,1,1,1,0,1,medio_alto
6,10000.0,104,0.7980769230769231,4,4,1,0,0,1,1,1,0,1,1,0,0,medio_alto
5,10000.0,2,0.5,1,2,1,0,0,0,1,0,0,1,0,0,0,baixo
6,10000.0,54,0.9444444444444444,12,2,1,0,0,0,1,0,1,0,0,0,0,baixo
2,10000.0,2,1.0,1,3,1,0,1,0,1,1,1,0,0,0,0,medio_baixo
8,35000.0,20,0.6,3,4,1,0,0,0,1,1,0,0,0,1,0,medio_alto
4,10000.0,19,0.42105263157894735,2,5,1,0,0,0,1,1,1,1,0,0,1,baixo
1,10000.0,0,0.0,1,3,1,0,0,0,1,0,0,1,0,0,1,baixo
5,0.0,0,0.0,0,0,1,0,0,0,0,0,0,0,0,0,0,gratuito
4,0.0,0,0.0,0,0,1,0,0,0,0,0,0,0,0,0,0,gratuito
2,10000.0,53,0.9622641509433962,1,2,1,0,0,0,1,1,0,0,0,0,0,baixo
4,0.0,0,0.0,1,4,1,0,0,0,1,1,0,1,0,0,0,gratuito
3,10000.0,2,1.0,10,2,1,1,1,0,1,0,0,0,0,1,0,medio_alto
2,10000.0,0,0.0,1,3,1,1,1,0,1,0,1,1,0,0,0,baixo
8,75000.0,1577,0.7742549143944197,12,2,1,1,0,0,1,0,1,0,0,0,0,medio_baixo
4,35000.0,485,0.8020618556701031,1,4,1,0,0,0,1,1,0,1,0,0,1,baixo
10,10000.0,19,1.0,1,2,1,0,0,0,0,0,1,1,0,0,0,medio_alto
8,10000.0,78,0.8717948717948718,2,3,1,0,0,0,1,0,1,1,0,0,0,baixo
5,750000.0,3533,0.9315029719784885,2,4,1,1,1,0,1,1,0,0,1,0,0,alto
8,10000.0,23,0.4782608695652174,1,2,1,0,0,0,1,1,0,0,0,0,0,baixo
3,10000.0,81,0.9135802469135802,2,2,1,0,0,0,0,1,0,1,0,0,0,baixo
6,150000.0,1507,0.7591240875912408,4,1,1,1,1,2,1,0,0,0,0,0,0,medio_baixo
4,10000.0,22,0.6818181818181818,3,2,1,0,0,0,1,1,0,0,0,0,0,medio_baixo
1,10000.0,133,0.8796992481203008,9,5,1,0,0,0,1,1,0,1,1,1,0,medio_baixo
12,10000.0,88,0.3977272727272727,2,2,1,1,1,0,1,1,0,0,0,0,0,baixo
2,0.0,0,0.0,0,0,1,0,0,0,0,0,0,0,0,0,0,gratuito
8,10000.0,1,0.0,1,4,1,0,0,0,1,1,1,0,0,0,0,medio_alto
2,10000.0,97,0.8969072164948454,3,3,1,0,0,1,1,1,0,0,0,1,0,medio_baixo
3,0.0,0,0.0,1,5,1,1,0,1,1,0,1,1,0,0,0,gratuito
8,35000.0,19,0.7368421052631579,1,3,1,0,0,0,1,0,1,0,1,0,0,gratuito
10,75000.0,567,0.7566137566137566,2,3,1,0,0,1,1,1,0,0,1,0,0,medio_baixo
2,10000.0,13,0.8461538461538461,1,3,1,0,0,0,1,1,1,0,0,0,0,medio_baixo
2,10000.0,6,0.5,5,4,1,0,0,0,1,1,1,0,1,0,0,medio_baixo
1,0.0,0,0.0,2,4,1,0,0,0,1,0,1,1,1,0,0,gratuito
1,10000.0,0,0.0,1,2,1,1,0,0,0,0,1,1,0,0,0,baixo
1,10000.0,0,0.0,1,3,1,0,0,0,1,0,1,1,0,0,0,medio_alto
6,10000.0,7,1.0,1,2,1,1,0,0,1,1,0,0,0,0,0,baixo
8,10000.0,6,0.6666666666666666,1,3,1,0,0,0,1,1,1,0,0,0,0,medio_baixo
1,0.0,0,0.0,1,3,1,0,0,0,0,0,0,0,0,0,0,gratuito
1,0.0,0,0.0,0,0,1,0,0,0,0,0,0,0,0,0,0,gratuito
4,10000.0,10,0.9,103,2,1,0,0,0,1,0,1,0,0,0,0,baixo
2,10000.0,20,0.95,2,4,1,0,0,0,1,1,0,1,1,0,0,baixo
3,35000.0,67,0.47761194029850745,1,3,1,0,0,0,1,1,1,0,0,0,0,medio_alto
2,10000.0,32,0.6875,2,4,1,1,1,0,1,0,0,1,0,0,1,medio_alto
1,750000.0,19012,0.758626130864717,26,2,1,0,0,0,0,1,1,0,0,0,0,alto
3,10000.0,226,0.672566371681416,1,4,1,0,0,0,1,1,0,1,0,1,0,medio_baixo
1,10000.0,0,0.0,4,4,1,0,0,0,1,1,1,0,1,0,0,medio_alto
2,0.0,0,0.0,0,0,1,0,0,0,0,0,0,0,0,0,0,gratuito
3,10000.0,1,0.0,1,1,1,0,0,0,1,0,0,0,0,0,0,alto
9,35000.0,819,0.9316239316239316,1,3,1,0,0,14,1,1,0,0,0,0,0,alto
9,10000.0,19,0.7894736842105263,1,3,1,0,0,0,1,1,0,0,0,0,0,gratuito
5,10000.0,18,1.0,1,3,1,1,0,0,1,1,0,1,0,0,0,medio_alto
2,10000.0,7,0.8571428571428571,3,2,1,0,0,0,1,0,1,0,0,0,0,baixo
5,10000.0,1,1.0,3,2,1,0,1,0,0,0,0,1,0,1,0,medio_baixo
14,350000.0,794,0.5062972292191436,7,2,1,0,0,0,0,1,0,0,1,0,0,baixo
4,10000.0,7,0.7142857142857143,1,1,1,1,0,0,1,0,0,0,0,0,0,medio_baixo
3,10000.0,0,0.0,1,5,1,0,0,0,1,1,0,1,0,0,0,medio_alto
1,10000.0,12,0.8333333333333334,13,4,1,1,1,0,1,1,0,0,0,1,1,medio_alto
9,150000.0,1397,0.9241231209735147,1,4,1,0,0,0,1,1,0,1,0,0,0,baixo
1,0.0,0,0.0,0,0,1,0,0,0,0,0,0,0,0,0,0,gratuito
7,35000.0,732,0.9221311475409836,4,3,1,0,0,1,0,0,1,1,0,0,1,medio_baixo
1,10000.0,112,0.9642857142857143,4,3,1,0,0,0,1,1,0,1,0,0,0,alto
10,35000.0,16,0.5,1,4,1,1,0,0,1,1,1,1,0,0,0,medio_baixo
6,10000.0,0,0.0,1,2,1,0,0,0,1,0,1,0,0,0,0,baixo
2,10000.0,3,1.0,1,2,1,0,0,0,1,1,0,0,0,0,0,medio_alto
11,35000.0,57,0.6842105263157895,1,5,1,0,0,0,1,1,1,1,1,0,0,baixo
9,10000.0,1,1.0,1,1,1,0,0,0,1,0,0,0,0,0,0,baixo
11,10000.0,137,0.31386861313868614,1,2,1,1,1,0,1,0,0,0,0,1,0,alto
1,10000.0,0,0.0,2,3,1,1,1,0,1,0,0,0,1,1,0,medio_alto
5,0.0,0,0.0,1,4,1,1,1,0,0,0,0,0,0,1,0,gratuito
1,10000.0,0,0.0,11,3,1,0,0,4,1,1,0,1,0,0,0,baixo
5,10000.0,109,0.6788990825688074,14,6,1,0,1,0,1,0,1,1,1,1,1,medio_baixo
5,10000.0,184,0.42391304347826086,7,5,1,0,0,0,1,0,1,1,1,1,0,medio_baixo
4,10000.0,6,0.8333333333333334,4,4,1,0,0,1,1,0,0,0,0,1,1,alto
3,0.0,0,0.0,0,0,1,0,0,0,0,0,0,0,0,0,0,gratuito
8,75000.0,1344,0.890625,4,3,1,0,0,0,1,1,1,0,0,0,0,medio_alto
9,10000.0,5,0.8,1,3,1,0,0,0,1,1,0,1,0,0,0,alto
2,10000.0,1,1.0,1,1,1,0,0,0,0,0,0,0,0,1,0,medio_baixo
7,35000.0,51,0.803921568627451,1,3,1,0,0,0,1,0,0,0,0,1,0,gratuito
2,10000.0,4,0.5,7,4,1,0,0,0,1,1,1,1,0,0,0,medio_alto
4,10000.0,25,0.84,1,2,1,0,0,0,0,0,0,0,0,0,1,alto
10,750000.0,2008,0.7101593625498008,7,4,1,0,0,1,1,1,0,0,0,0,0,gratuito
4,0.0,0,0.0,0,0,1,0,0,0,0,0,0,0,0,0,0,gratuito
6,10000.0,37,0.6486486486486487,1,5,1,0,0,0,1,1,0,0,0,0,1,alto
8,35000.0,15,0.7333333333333333,1,1,1,1,0,0,0,0,0,0,0,1,0,alto
6,10000.0,2,1.0,1,5,1,0,0,0,1,1,1,1,0,0,1,medio_baixo
1,10000.0,0,0.0,22,3,1,0,0,1,1,0,0,1,0,0,1,medio_alto
9,10000.0,93,0.8924731182795699,9,3,1,0,0,0,1,1,1,0,0,0,0,medio_baixo
5,0.0,0,0.0,0,0,1,0,0,0,0,0,0,0,0,0,0,gratuito
1,10000.0,0,0.0,1,4,1,1,1,0,1,0,0,1,0,1,0,medio_baixo
1,10000.0,0,0.0,1,1,1,0,0,0,0,0,0,0,0,0,0,medio_baixo
2,10000.0,3,1.0,1,2,1,0,0,0,1,0,0,0,0,1,0,alto
8,10000.0,10,0.6,1,2,1,0,0,0,0,0,1,1,0,0,0,medio_alto
8,10000.0,155,0.8,1,3,1,0,0,0,1,0,0,1,0,1,0,medio_alto
1,0.0,0,0.0,0,0,1,0,0,0,0,0,0,0,0,0,0,gratuito
9,35000.0,170,0.6411764705882353,1,2,1,1,1,0,0,0,0,0,0,0,1,medio_alto
1,10000.0,6,1.0,2,2,1,0,1,2,1,0,0,1,0,0,0,medio_alto
11,150000.0,560,0.7232142857142857,1,2,1,0,0,0,0,1,0,1,0,0,0,baixo
5,10000.0,1,1.0,1,3,1,0,0,0,0,1,1,0,1,0,0,medio_baixo
10,75000.0,344,0.6947674418604651,1,2,1,0,0,0,0,0,0,0,0,0,0,alto
8,10000.0,8,0.625,2,1,1,1,1,0,1,0,0,0,0,0,0,medio_alto
7,10000.0,0,0.0,1,3,1,0,0,0,0,1,0,0,1,0,1,medio_alto
3,10000.0,48,0.8958333333333334,2,3,1,0,0,0,1,0,1,0,0,0,1,baixo
2,10000.0,109,0.8440366972477065,1,2,1,0,0,0,0,0,1,0,0,0,0,baixo
7,10000.0,18,0.6111111111111112,1,1,1,0,0,0,0,0,0,0,0,0,1,medio_baixo
2,0.0,0,0.0,1,3,1,0,0,7,1,0,0,1,0,0,0,gratuito
2,10000.0,5,1.0,1,1,1,0,0,0,1,0,0,0,0,0,0,medio_baixo
4,10000.0,280,0.7428571428571429,1,7,1,0,0,0,1,1,0,1,0,0,1,alto
4,150000.0,244,0.8073770491803278,1,3,1,0,1,2,1,1,0,0,0,0,0,gratuito
1,35000.0,9,1.0,2,1,1,0,0,0,1,0,0,0,0,0,0,medio_baixo
1,10000.0,0,0.0,3,3,1,0,0,0,1,0,0,1,0,0,1,medio_alto
3,10000.0,0,0.0,26,2,1,0,0,0,1,1,0,0,0,0,0,baixo
5,150000.0,6,0.16666666666666666,1,1,1,0,0,0,1,0,0,0,0,0,0,baixo
5,35000.0,400,0.9325,16,3,1,0,0,1,1,0,1,1,0,0,0,medio_alto
1,10000.0,8,0.125,13,3,1,0,0,0,1,0,0,0,0,0,1,medio_baixo
11,10000.0,23,0.43478260869565216,1,1,1,0,0,7,0,0,0,0,0,0,1,alto
4,10000.0,1,0.0,3,2,1,0,0,0,0,0,0,1,0,1,0,medio_alto
2,10000.0,0,0.0,4,3,1,0,0,0,1,0,0,1,0,1,0,medio_baixo
10,35000.0,427,0.9156908665105387,5,2,1,1,0,0,1,0,0,0,1,0,0,medio_baixo
5,35000.0,1,1.0,1,1,1,0,0,0,0,1,0,0,0,0,0,medio_baixo
10,10000.0,28,0.6428571428571429,1,2,1,0,0,0,1,0,0,0,0,1,0,medio_alto
1,0.0,0,0.0,13,2,1,0,0,0,0,0,1,1,0,0,0,medio_baixo
2,0.0,0,0.0,0,0,1,0,0,0,0,0,0,0,0,0,0,gratuito
2,0.0,0,0.0,103,3,1,0,0,0,1,1,0,0,0,0,0,medio_alto
1,0.0,0,0.0,5,4,1,0,0,10,0,0,0,0,0,0,0,gratuito
7,10000.0,35,0.2857142857142857,1,3,1,0,0,0,1,0,1,1,0,0,0,baixo
3,10000.0,0,0.0,1,6,1,0,0,1,1,1,0,0,0,0,1,baixo
9,10000.0,185,0.8594594594594595,1,2,1,1,0,1,1,0,0,1,0,0,0,medio_alto
2,10000.0,77,0.922077922077922,1,5,1,0,0,0,1,0,0,1,0,0,1,alto
5,10000.0,6,0.3333333333333333,1,2,1,0,0,2,1,0,0,1,0,0,0,baixo
1,0.0,0,0.0,1,2,1,0,0,1,1,1,0,0,0,0,0,alto
7,10000.0,0,0.0,1,2,1,0,0,0,1,0,0,1,0,0,0,baixo
2,10000.0,191,0.8115183246073299,7,3,1,1,0,0,0,0,1,0,0,0,0,gratuito
1,10000.0,0,0.0,1,4,1,0,0,0,1,1,1,1,0,0,0,medio_baixo
2,0.0,0,0.0,0,0,1,0,0,0,0,0,0,0,0,0,0,gratuito
1,10000.0,3,0.0,1,2,1,0,0,0,1,0,0,0,0,0,1,medio_alto
1,0.0,0,0.0,6,3,1,0,0,0,1,0,1,1,0,0,0,baixo
3,10000.0,24,0.9166666666666666,2,1,1,0,0,0,1,0,0,0,0,0,0,baixo
1,0.0,0,0.0,0,0,1,0,0,0,0,0,0,0,0,0,0,gratuito
5,10000.0,557,0.9030520646319569,1,1,1,0,0,0,1,0,0,0,0,0,0,baixo
5,75000.0,432,0.9097222222222222,1,3,1,0,0,0,1,0,1,1,0,0,0,baixo
1,0.0,0,0.0,7,4,1,0,1,0,1,1,1,0,1,0,0,alto
2,0.0,0,0.0,0,0,1,0,0,0,0,0,0,0,0,0,0,gratuito
4,10000.0,52,0.6153846153846154,13,2,1,1,0,0,0,0,0,1,0,0,1,medio_baixo
5,10000.0,9,0.8888888888888888,1,3,1,0,0,0,1,1,1,0,0,0,0,medio_alto
3,10000.0,0,0.0,1,3,1,0,0,0,1,1,0,1,0,0,0,baixo
2,10000.0,6,1.0,2,3,1,0,0,0,1,0,0,1,0,0,0,gratuito
9,150000.0,101,0.5148514851485149,1,3,1,0,0,0,1,0,0,1,0,0,0,baixo
2,0.0,0,0.0,1,2,1,0,0,0,0,1,0,0,0,0,0,gratuito
1,0.0,0,0.0,0,0,1,0,0,0,0,0,0,0,0,0,0,gratuito
1,0.0,0,0.0,1,3,1,1,0,0,1,0,0,1,0,1,0,alto
4,10000.0,4,1.0,1,4,1,0,0,0,1,1,1,1,0,0,0,baixo
1,10000.0,0,0.0,1,2,1,0,0,0,1,1,0,0,0,0,0,medio_alto
5,10000.0,56,0.9464285714285714,29,4,1,0,0,0,1,1,1,0,0,0,0,gratuito
1,0.0,0,0.0,5,5,1,0,0,0,1,0,0,1,0,1,1,gratuito
3,10000.0,1,1.0,1,3,1,0,0,0,0,0,0,0,0,0,1,medio_alto
3,10000.0,0,0.0,1,3,1,0,0,1,1,0,1,1,0,0,0,alto
2,10000.0,5,1.0,4,3,1,0,0,0,1,1,1,0,0,0,0,medio_baixo
1,10000.0,0,0.0,1,5,1,0,1,0,1,0,1,1,1,0,0,medio_alto
3,10000.0,90,0.9222222222222223,10,4,1,1,0,2,1,1,1,0,1,0,0,medio_alto
2,10000.0,0,0.0,1,2,1,0,0,0,1,0,0,1,0,0,0,medio_alto
3,150000.0,690,0.8695652173913043,68,4,1,0,0,0,1,0,0,1,0,1,1,baixo
13,350000.0,5253,0.9246145059965734,7,2,1,1,0,7,0,0,0,1,0,0,1,alto
3,35000.0,7,1.0,1,4,1,0,0,0,1,1,0,1,0,0,0,gratuito
2,10000.0,54,0.9629629629629629,7,2,1,0,0,1,1,0,1,0,0,0,0,alto
2,10000.0,41,0.6341463414634146,4,5,1,0,0,0,1,0,1,0,1,1,1,alto
1,10000.0,0,0.0,11,2,1,0,0,0,0,0,0,1,0,0,0,medio_baixo
1,10000.0,0,0.0,1,2,1,0,0,1,0,1,1,0,0,0,0,alto
9,35000.0,31,0.4838709677419355,1,1,1,0,0,0,0,0,0,0,0,1,0,alto
9,150000.0,900,0.6433333333333333,5,5,1,0,0,1,1,1,0,1,0,1,1,medio_baixo
1,10000.0,0,0.0,1,6,1,0,0,0,1,1,1,1,1,0,0,alto
7,10000.0,12,0.8333333333333334,1,1,1,0,0,0,0,0,0,0,0,0,0,gratuito
1,10000.0,21,0.5714285714285714,9,1,1,0,0,0,0,1,0,0,0,0,0,alto
1,10000.0,35,0.9714285714285714,4,1,1,0,0,0,0,0,0,1,0,0,0,medio_alto
8,10000.0,8,0.875,1,4,1,0,0,1,1,0,1,1,0,1,0,gratuito
2,10000.0,42,0.9047619047619048,2,2,1,0,0,1,1,1,0,0,0,0,0,alto
5,150000.0,865,0.945664739884393,1,4,1,0,0,0,1,1,0,1,0,0,0,gratuito
9,10000.0,105,0.5428571428571428,1,5,1,0,0,0,1,1,0,1,0,1,1,baixo
4,0.0,0,0.0,0,0,1,0,0,0,0,0,0,0,0,0,0,gratuito
2,10000.0,10,1.0,2,5,1,0,0,0,1,1,1,1,0,1,0,medio_baixo
9,10000.0,10,0.9,10,1,1,0,0,0,0,0,0,0,0,0,0,gratuito
3,10000.0,0,0.0,15,1,1,0,0,0,0,1,0,0,0,0,0,alto
10,35000.0,228,0.8859649122807017,1,1,1,1,0,0,1,0,0,0,0,0,0,medio_alto
1,0.0,0,0.0,1,3,1,0,0,0,0,1,1,0,0,0,0,gratuito
14,1500000.0,12668,0.896431954531102,1,2,1,0,0,2,1,1,0,0,0,0,0,medio_baixo
1,10000.0,0,0.0,1,2,1,0,0,3,1,1,0,0,0,0,0,alto
7,10000.0,29,0.4827586206896552,2,2,1,0,0,0,1,0,1,0,0,0,0,medio_baixo
1,150000.0,2,1.0,1,1,1,0,0,0,0,0,0,0,1,0,0,medio_alto
3,75000.0,388,0.9201030927835051,16,2,1,1,0,0,1,1,0,0,0,0,0,medio_baixo
12,10000.0,16,0.625,2,2,1,0,0,0,1,0,0,0,0,0,1,alto
1,0.0,0,0.0,6,3,1,0,0,1,1,1,1,0,0,0,0,baixo
3,10000.0,2,0.5,2,3,1,0,0,0,1,0,1,0,0,0,1,medio_baixo
1,10000.0,0,0.0,1,1,1,1,0,0,0,0,0,1,0,0,0,medio_alto
8,10000.0,19,0.8947368421052632,1,3,1,1,0,0,0,0,0,0,0,0,0,alto
5,10000.0,90,0.9333333333333333,1,2,1,0,1,0,1,0,0,1,0,0,0,baixo
1,10000.0,0,0.0,1,4,1,0,0,0,1,0,1,1,0,1,0,baixo
6,10000.0,5,1.0,2,3,1,0,0,1,1,1,1,0,0,0,0,medio_alto
7,10000.0,15,0.7333333333333333,1,4,1,1,0,1,1,1,1,0,1,0,0,gratuito
1,0.0,0,0.0,15,4,1,0,0,0,1,0,1,1,1,0,0,medio_baixo
11,150000.0,1266,0.9265402843601895,2,4,1,0,0,2,1,0,1,1,0,0,0,gratuito
6,10000.0,187,0.5882352941176471,5,3,1,0,0,0,1,0,1,1,0,0,0,medio_baixo
3,0.0,0,0.0,1,3,1,0,0,0,1,0,1,0,0,0,0,gratuito
2,35000.0,1,1.0,1,3,1,0,0,0,1,0,1,0,1,0,0,alto
2,10000.0,4,1.0,1,3,1,0,0,0,1,1,0,0,0,0,0,baixo
1,10000.0,0,0.0,3,3,1,1,0,0,1,0,1,0,0,0,1,medio_baixo
2,10000.0,81,0.5802469135802469,11,4,1,0,0,0,1,1,1,0,0,0,1,medio_baixo
1,10000.0,0,0.0,2,5,1,0,0,0,1,1,1,1,0,0,0,medio_baixo
5,10000.0,7,0.7142857142857143,1,4,1,0,0,0,1,1,1,0,1,0,0,medio_baixo
16,10000.0,25,0.24,1,1,1,0,0,0,0,0,0,0,1,0,0,medio_baixo
2,10000.0,2,1.0,1,3,1,0,0,0,1,1,0,0,0,0,0,baixo
2,10000.0,0,0.0,1,6,1,0,0,0,1,1,1,1,0,0,1,baixo
4,10000.0,2,1.0,2,5,1,0,0,0,1,1,1,1,1,0,0,baixo
12,150000.0,769,0.4668400520156047,4,3,1,1,1,0,1,0,0,0,1,1,0,medio_alto
11,75000.0,114,0.7368421052631579,5,3,1,0,0,0,0,1,0,1,0,0,1,baixo
3,10000.0,0,0.0,4,5,1,0,0,0,0,0,0,1,1,1,0,gratuito
1,10000.0,0,0.0,1,3,1,0,0,0,1,0,0,1,0,0,0,medio_baixo
7,10000.0,6,0.6666666666666666,1,1,1,0,0,0,0,0,0,0,1,0,0,baixo
7,35000.0,45,0.8666666666666667,1,2,1,1,0,0,1,0,0,1,0,0,0,baixo
8,35000.0,1,1.0,1,3,1,0,0,0,1,0,0,1,0,1,0,medio_baixo
5,0.0,0,0.0,103,2,1,0,0,0,1,0,0,0,0,0,1,gratuito
7,10000.0,77,0.42857142857142855,1,4,1,0,0,0,1,1,1,0,0,0,1,baixo
1,10000.0,0,0.0,3,3,1,0,0,0,0,0,0,0,0,0,0,gratuito
7,10000.0,8,1.0,4,3,1,0,1,1,1,1,0,1,0,0,0,medio_alto
3,0.0,0,0.0,1,3,1,0,0,1,0,1,0,0,0,0,0,gratuito
5,0.0,0,0.0,0,0,1,0,0,0,0,0,0,0,0,0,0,gratuito
2,10000.0,0,0.0,1,4,1,0,0,0,1,0,1,1,0,1,0,medio_baixo
2,10000.0,4,0.25,1,4,1,0,0,0,1,0,0,1,0,1,1,baixo
9,35000.0,468,0.9444444444444444,11,3,1,1,1,0,1,1,1,0,0,0,0,alto
1,0.0,0,0.0,1,2,1,0,0,0,1,1,0,0,0,0,0,baixo
2,35000.0,1160,0.9767241379310345,1,3,1,0,0,1,1,0,1,1,0,0,0,medio_baixo
4,35000.0,139,0.697841726618705,1,6,1,0,0,0,1,1,1,0,0,0,1,alto
7,10000.0,19,0.8421052631578947,3,4,1,0,0,1,1,0,1,1,0,1,0,medio_baixo
3,10000.0,0,0.0,1,4,1,1,1,0,1,0,0,1,0,0,1,alto
1,0.0,0,0.0,1,2,1,0,0,0,1,0,0,0,0,0,1,medio_alto
10,10000.0,9,1.0,1,3,1,0,0,0,1,1,0,0,0,0,0,medio_alto
13,1500000.0,17916,0.7553583389149364,10,1,1,0,0,3,0,1,0,0,0,0,0,baixo
3,10000.0,0,0.0,1,2,1,0,0,0,1,0,0,1,0,0,0,gratuito
2,10000.0,21,0.0,1,4,1,0,0,0,1,0,0,1,0,0,1,medio_alto
5,10000.0,3,1.0,1,3,1,0,0,0,1,1,1,0,0,0,0,medio_alto
1,10000.0,0,0.0,1,2,1,0,0,0,0,0,0,1,0,0,1,alto
1,0.0,0,0.0,2,1,1,0,0,0,0,0,0,0,0,0,0,gratuito
1,0.0,0,0.0,2,3,1,1,1,0,1,1,1,0,0,0,0,alto
14,35000.0,304,0.8552631578947368,1,2,1,0,0,0,0,0,0,1,0,1,0,medio_baixo
6,10000.0,1,1.0,1,5,1,0,0,0,1,1,1,1,1,0,0,medio_alto
5,35000.0,34,0.6764705882352942,5,1,1,0,0,0,1,0,0,0,0,0,0,medio_alto
10,75000.0,710,0.7605633802816901,1,4,1,0,0,0,1,0,0,1,0,1,1,gratuito
6,10000.0,5,1.0,2,2,1,0,0,0,1,0,0,1,0,0,0,medio_alto
3,10000.0,78,0.9871794871794872,1,1,1,1,0,0,0,1,0,0,0,0,0,medio_alto
2,10000.0,5,0.8,1,2,1,0,0,0,1,0,0,0,0,1,0,alto
6,10000.0,17,0.8823529411764706,1,3,1,0,0,0,1,1,0,1,0,0,0,baixo
1,10000.0,1,1.0,1,4,1,0,1,0,0,1,1,1,0,1,0,medio_alto
5,10000.0,21,0.6666666666666666,1,4,1,0,0,0,1,1,1,0,0,0,1,baixo
1,0.0,0,0.0,0,0,1,0,0,0,0,0,0,0,0,0,0,gratuito
8,10000.0,39,0.8717948717948718,2,2,1,1,1,1,1,1,0,0,0,0,0,baixo
2,10000.0,66,0.7878787878787878,20,2,1,0,0,0,1,1,0,0,0,0,0,medio_baixo
10,10000.0,210,0.861904761904762,1,3,1,1,1,7,1,0,1,0,1,0,0,medio_alto
7,10000.0,103,0.7669902912621359,8,2,1,0,0,0,1,1,0,0,0,0,0,alto
9,10000.0,46,0.6521739130434783,1,1,1,0,0,0,1,0,0,0,0,0,0,alto
7,10000.0,76,0.7763157894736842,4,6,1,0,0,0,1,0,1,1,0,0,1,baixo
10,10000.0,9,0.3333333333333333,1,2,1,0,0,0,1,0,0,0,1,0,0,baixo
18,1500000.0,6155,0.9436230706742486,16,1,1,1,1,1,1,0,0,0,0,0,0,medio_alto
1,0.0,0,0.0,1,4,1,0,1,1,1,0,0,1,0,0,1,alto
11,10000.0,62,0.6290322580645161,10,4,1,0,1,0,1,0,1,1,1,0,0,medio_alto
5,10000.0,7,0.7142857142857143,1,1,1,1,0,0,1,0,0,0,0,0,0,gratuito
4,10000.0,1,1.0,2,3,1,0,0,0,1,0,0,1,0,1,0,medio_alto
9,35000.0,751,0.9547270306258322,8,2,1,1,1,0,1,0,0,1,0,0,0,medio_baixo
2,10000.0,119,0.865546218487395,10,3,1,0,0,0,1,1,1,0,0,0,0,medio_baixo
1,0.0,0,0.0,2,6,1,0,0,0,1,1,1,0,1,1,0,baixo
5,0.0,0,0.0,1,4,1,0,0,0,1,1,1,0,0,0,0,gratuito
2,10000.0,27,0.8148148148148148,5,3,1,0,0,0,1,1,0,0,0,0,0,baixo
1,10000.0,0,0.0,1,2,1,0,0,0,0,1,0,0,0,0,0,alto
4,150000.0,52,0.5961538461538461,5,2,1,0,0,0,0,1,0,0,0,0,0,gratuito
6,75000.0,36,0.7777777777777778,1,3,1,0,0,0,1,1,0,0,0,0,0,gratuito
5,0.0,0,0.0,1,2,0,1,0,0,0,0,0,0,0,1,0,gratuito
8,10000.0,17,0.5882352941176471,2,3,1,0,0,0,1,0,1,0,0,0,1,medio_baixo
7,10000.0,1,1.0,2,4,1,1,1,0,1,1,1,1,0,0,0,alto
2,350000.0,7439,0.7678451404758704,11,2,1,0,0,1,1,1,0,0,0,0,0,medio_alto
2,0.0,0,0.0,3,2,1,0,0,0,0,0,0,0,0,1,0,gratuito
3,75000.0,10,0.9,1,4,1,0,0,0,1,1,1,1,0,0,0,medio_alto
2,10000.0,3,1.0,1,1,1,1,1,0,0,0,0,0,1,0,0,medio_alto
1,10000.0,0,0.0,1,1,1,0,0,0,0,0,0,1,0,0,0,alto
7,10000.0,7,0.8571428571428571,1,2,1,0,0,0,0,0,1,0,1,0,0,medio_baixo
6,35000.0,326,0.9202453987730062,4,3,1,0,0,3,1,1,1,0,0,0,0,medio_alto
6,10000.0,19,0.42105263157894735,1,3,1,1,1,0,1,1,0,0,0,0,0,medio_baixo
7,150000.0,795,0.7786163522012579,5,6,1,1,0,0,1,1,1,1,1,0,0,medio_baixo
6,10000.0,2,1.0,2,4,1,0,0,0,1,1,1,0,0,1,0,alto
7,35000.0,89,0.9101123595505618,1,3,1,0,0,0,1,0,1,0,1,0,0,medio_alto
7,10000.0,2,0.5,2,3,1,0,0,0,1,0,0,1,0,0,1,medio_alto
2,0.0,0,0.0,103,2,1,0,0,0,1,0,0,1,0,0,0,baixo
3,35000.0,2,0.5,1,2,1,0,0,0,1,0,0,0,1,0,0,medio_alto
4,10000.0,222,0.7432432432432432,4,1,1,0,0,0,0,0,0,1,0,0,0,alto
3,10000.0,0,0.0,1,4,1,0,0,0,1,1,1,0,0,0,0,alto
5,10000.0,5,0.6,1,3,1,0,0,0,1,0,1,0,0,1,0,medio_baixo
3,0.0,0,0.0,0,0,1,0,0,0,0,0,0,0,0,0,0,gratuito
2,10000.0,16,1.0,1,5,1,1,0,0,1,1,0,1,0,0,0,medio_alto
5,0.0,0,0.0,1,3,1,0,0,0,1,1,1,0,0,0,0,gratuito
5,0.0,0,0.0,0,0,1,0,0,0,0,0,0,0,0,0,0,gratuito
8,10000.0,32,0.9375,4,3,1,0,0,0,1,1,1,0,0,0,0,alto
1,10000.0,5,0.2,1,1,1,1,1,0,0,0,0,0,1,0,0,medio_alto
5,350000.0,6733,0.9300460418832616,11,2,1,0,0,1,1,1,0,0,0,0,0,alto
11,35000.0,368,0.8396739130434783,10,2,1,1,0,0,1,1,0,0,0,0,0,medio_alto
1,10000.0,17,0.7058823529411765,1,3,1,0,0,0,0,0,1,1,0,0,0,baixo
2,0.0,0,0.0,1,5,1,0,0,0,1,1,1,0,1,0,0,gratuito
12,10000.0,143,0.8041958041958042,9,1,1,0,0,0,0,0,1,0,0,0,0,alto
4,10000.0,4,0.75,7,3,1,0,0,0,1,1,1,0,0,0,0,alto
3,10000.0,1,1.0,1,2,1,0,0,0,1,0,0,1,0,0,0,medio_alto
14,150000.0,1749,0.6689536878216124,1,2,1,1,0,0,1,0,1,0,0,0,0,baixo
1,0.0,0,0.0,11,3,1,0,0,0,1,1,1,0,0,0,0,alto
7,10000.0,0,0.0,1,1,1,0,0,0,0,1,0,0,0,0,0,medio_alto
11,150000.0,779,0.8125802310654685,2,2,1,1,0,0,1,0,0,1,0,0,0,baixo
11,350000.0,935,0.7411764705882353,1,5,1,1,0,0,1,1,0,1,1,0,0,gratuito
1,10000.0,0,0.0,1,4,1,0,0,0,1,0,0,0,0,1,0,gratuito
2,10000.0,6,1.0,1,2,1,1,0,0,1,0,1,0,0,0,0,medio_alto
11,35000.0,101,0.5742574257425742,1,3,1,0,0,0,1,1,0,0,0,0,1,alto
2,10000.0,0,0.0,1,2,1,0,0,0,0,0,0,0,1,1,0,medio_alto
2,35000.0,2,1.0,1,4,1,0,0,0,1,0,1,0,1,0,0,alto
6,35000.0,1,1.0,1,1,1,0,1,0,0,0,0,0,0,1,0,medio_baixo
5,1500000.0,43042,0.9408020073416663,14,1,1,0,0,1,0,0,1,0,0,0,0,alto
4,10000.0,0,0.0,1,2,1,0,0,0,0,0,0,1,0,0,1,alto
2,0.0,0,0.0,0,0,1,0,0,0,0,0,0,0,0,0,0,gratuito
5,0.0,0,0.0,0,0,1,0,0,0,0,0,0,0,0,0,0,gratuito
5,10000.0,12,1.0,4,1,1,0,0,0,0,0,0,1,0,0,0,baixo
1,10000.0,19,1.0,1,7,1,0,0,0,1,1,0,1,0,1,0,baixo
1,10000.0,0,0.0,1,3,1,1,1,1,1,0,1,1,0,0,0,medio_alto
5,35000.0,17,0.8823529411764706,1,2,1,1,0,0,0,0,1,0,1,0,0,medio_baixo
4,10000.0,26,0.6923076923076923,8,4,1,0,0,0,1,0,0,1,0,1,1,medio_alto
6,10000.0,99,0.8787878787878788,3,4,1,1,0,0,1,0,0,1,0,0,1,gratuito
1,10000.0,0,0.0,1,2,1,0,0,0,0,0,0,0,1,1,0,medio_alto
5,75000.0,611,0.9639934533551555,1,3,1,1,1,1,1,0,1,1,0,0,0,alto
3,10000.0,5,0.8,1,2,1,0,0,0,1,1,0,0,0,0,0,baixo
3,10000.0,0,0.0,1,1,1,0,0,0,0,0,0,1,0,0,0,medio_alto
1,10000.0,0,0.0,2,2,1,0,0,0,0,0,0,1,0,1,0,medio_alto
5,10000.0,85,0.7764705882352941,11,1,1,1,1,0,0,1,0,0,0,0,0,medio_baixo
1,10000.0,0,0.0,1,2,1,0,0,0,1,0,0,0,0,1,0,medio_alto
1,10000.0,169,0.757396449704142,14,3,1,1,1,0,1,0,0,0,0,1,0,gratuito
2,10000.0,0,0.0,7,2,1,0,0,2,0,0,0,1,0,1,0,alto
9,350000.0,59,0.4745762711864407,1,2,1,0,0,0,1,0,0,0,0,0,0,baixo
9,10000.0,4,0.25,1,4,1,1,0,0,1,0,1,1,1,0,0,gratuito
3,10000.0,103,0.5825242718446602,9,3,1,0,0,0,0,0,0,0,1,1,1,medio_alto
2,10000.0,2,1.0,1,5,1,1,0,0,1,1,1,0,0,0,1,baixo
7,10000.0,4,1.0,1,3,1,0,0,0,1,0,1,1,0,0,0,medio_baixo
2,10000.0,0,0.0,1,3,1,0,0,0,1,0,0,1,0,0,0,medio_baixo
1,10000.0,169,0.7514792899408284,6,4,1,1,0,0,0,0,0,0,0,1,1,alto
3,10000.0,31,0.8064516129032258,1,3,1,0,0,0,1,0,1,1,0,0,0,alto
10,10000.0,37,0.9459459459459459,1,1,1,1,1,0,0,0,0,1,0,0,0,medio_alto
1,0.0,0,0.0,1,4,1,0,0,0,1,0,0,1,0,0,1,medio_baixo
4,10000.0,253,0.9011857707509882,1,1,1,0,0,0,1,0,0,0,0,0,0,medio_alto
2,10000.0,4,0.75,2,4,1,0,0,0,0,0,1,1,1,1,0,medio_baixo
1,0.0,0,0.0,0,0,1,0,0,0,0,0,0,0,0,0,0,gratuito
5,10000.0,31,0.9032258064516129,8,3,1,0,0,0,1,0,0,1,0,0,1,medio_baixo
2,10000.0,2,0.5,1,3,1,0,0,0,0,0,1,0,0,1,0,alto
3,0.0,0,0.0,0,0,1,0,0,0,0,0,0,0,0,0,0,gratuito
4,10000.0,23,0.8260869565217391,1,3,1,0,0,0,1,0,0,1,0,0,1,medio_alto
4,0.0,0,0.0,0,0,1,0,0,0,0,0,0,0,0,0,0,gratuito
7,35000.0,37,0.8108108108108109,2,3,1,0,0,0,1,1,1,0,0,0,0,medio_baixo
1,0.0,0,0.0,0,0,1,0,0,0,0,0,0,0,0,0,0,gratuito
7,10000.0,181,0.13812154696132597,1,6,1,0,0,0,1,0,1,0,1,0,1,alto
8,10000.0,44,0.9772727272727273,6,1,1,0,0,0,0,0,1,0,0,0,0,medio_alto
2,35000.0,2,1.0,1,2,1,0,0,0,1,0,1,0,0,0,0,medio_alto
1,0.0,0,0.0,2,2,1,0,0,0,0,0,0,1,0,0,0,medio_alto
3,10000.0,0,0.0,1,4,1,0,0,0,1,1,0,0,0,0,1,alto
2,10000.0,17,0.8823529411764706,6,3,1,0,0,0,1,1,0,0,0,1,0,medio_alto
4,10000.0,19,0.7894736842105263,1,3,1,0,0,0,1,0,1,1,0,0,0,gratuito
5,10000.0,1,1.0,1,3,1,0,0,0,1,0,1,0,1,0,0,medio_alto
2,10000.0,121,0.7768595041322314,8,3,1,0,0,0,1,0,0,0,1,1,0,medio_alto
6,10000.0,7,0.8571428571428571,3,5,1,0,0,0,1,1,1,1,0,0,0,alto
1,10000.0,1,1.0,1,2,1,0,0,0,1,0,0,0,0,1,0,medio_alto
2,10000.0,8,0.875,1,4,1,0,0,0,1,1,0,1,0,0,1,medio_baixo
4,10000.0,0,0.0,2,2,1,0,0,0,1,0,0,1,0,0,0,medio_alto
7,10000.0,15,0.8666666666666667,1,2,1,0,0,0,1,0,0,1,0,0,0,baixo
2,10000.0,37,0.972972972972973,13,3,1,0,0,0,1,0,1,1,0,0,0,medio_baixo
15,75000.0,173,0.8092485549132948,1,3,1,0,0,0,1,1,0,1,0,0,0,baixo
15,10000.0,2,1.0,1,1,1,1,0,0,0,0,0,1,0,0,0,gratuito
10,10000.0,112,0.7946428571428571,1,3,1,1,1,0,1,1,0,0,1,0,0,medio_baixo
11,350000.0,1690,0.7538461538461538,7,4,1,1,1,1,1,0,1,0,1,1,0,medio_baixo
9,10000.0,2,1.0,1,3,1,0,0,0,1,0,1,0,1,0,0,baixo
1,10000.0,2,0.5,1,1,1,0,0,0,0,1,0,0,0,0,0,alto
1,0.0,0,0.0,30,3,1,0,0,1,1,0,0,0,0,0,0,gratuito
5,0.0,0,0.0,1,4,1,0,0,1,1,1,1,0,0,0,0,gratuito
10,75000.0,57,0.43859649122807015,1,2,1,0,0,0,1,1,0,0,0,0,0,baixo
7,10000.0,1,1.0,1,4,1,0,0,0,1,0,1,1,1,0,0,alto
1,10000.0,0,0.0,1,2,1,0,0,0,0,0,1,0,0,0,0,medio_alto
7,10000.0,27,0.5555555555555556,1,8,1,0,0,0,0,0,0,0,0,0,0,alto
5,10000.0,14,0.6428571428571429,1,3,1,0,0,0,1,0,0,1,0,0,0,gratuito
7,10000.0,9,0.8888888888888888,1,1,1,0,0,0,0,0,0,1,0,0,0,gratuito
5,10000.0,12,1.0,1,2,1,0,0,0,1,1,0,0,0,0,0,medio_alto
2,0.0,0,0.0,0,0,1,0,0,0,0,0,0,0,0,0,0,gratuito
3,35000.0,202,0.5594059405940595,2,2,1,0,0,0,0,0,0,0,1,1,0,medio_alto
4,10000.0,5,0.8,1,3,1,0,0,0,1,0,0,0,1,1,0,baixo
8,10000.0,18,0.6666666666666666,1,3,1,0,0,0,1,0,0,1,0,0,0,baixo
3,10000.0,37,0.918918918918919,4,1,1,1,1,0,0,0,0,1,0,0,0,alto
5,0.0,0,0.0,1,4,1,0,0,0,1,0,0,1,0,1,0,gratuito
2,10000.0,123,0.6178861788617886,17,7,1,0,0,2,1,1,1,1,1,1,1,alto
7,10000.0,12,0.8333333333333334,1,3,1,0,0,0,0,0,0,1,0,1,1,medio_alto
3,10000.0,1,0.0,1,1,1,0,0,0,0,0,0,1,0,0,0,alto
6,10000.0,6,0.3333333333333333,1,3,1,0,0,0,0,0,0,1,0,1,1,baixo
7,10000.0,11,1.0,1,2,1,0,0,0,1,0,0,0,0,0,1,baixo
10,10000.0,48,0.1875,1,3,1,0,0,0,1,0,0,1,0,0,1,medio_baixo
5,0.0,0,0.0,1,3,1,0,0,0,1,1,1,0,0,0,0,gratuito
1,10000.0,0,0.0,9,1,1,0,0,0,0,0,1,0,0,0,0,alto
10,75000.0,211,0.8672985781990521,2,5,1,0,0,0,1,0,0,0,1,1,1,gratuito
8,10000.0,10,0.7,1,3,1,0,0,0,1,0,0,0,0,1,1,gratuito
7,10000.0,17,0.7647058823529411,1,3,1,1,1,1,1,0,0,0,1,1,0,medio_baixo
9,10000.0,18,1.0,1,3,1,0,0,0,1,1,0,1,0,0,0,baixo
4,10000.0,0,0.0,1,2,1,1,1,0,1,0,0,0,0,0,0,baixo
9,10000.0,95,0.37894736842105264,1,2,1,0,0,0,1,1,0,0,0,0,0,baixo
4,0.0,0,0.0,1,4,1,0,0,0,1,1,0,1,0,0,0,gratuito
3,10000.0,0,0.0,1,3,1,0,0,0,0,1,0,0,0,0,0,gratuito
3,0.0,0,0.0,30,2,1,0,0,0,0,0,0,0,0,0,0,gratuito
1,10000.0,0,0.0,1,2,1,0,1,0,1,0,0,0,0,0,1,alto
1,10000.0,11,0.5454545454545454,2,2,1,0,0,0,1,0,1,0,0,0,0,alto
2,10000.0,67,0.7313432835820896,4,2,1,0,0,0,0,0,0,0,0,1,1,medio_alto
2,10000.0,0,0.0,1,2,1,0,0,0,0,0,1,0,0,0,0,baixo
9,10000.0,60,0.6166666666666667,2,3,1,0,0,0,1,1,0,0,0,1,0,baixo
4,10000.0,56,0.9107142857142857,4,3,1,0,0,0,1,0,0,1,0,0,1,baixo
6,35000.0,9,0.7777777777777778,1,1,1,0,0,0,0,0,0,0,0,0,0,gratuito
3,35000000.0,321395,0.9022106753372019,14,3,1,0,0,1,0,1,1,0,1,0,0,medio_alto
10,10000.0,24,0.9166666666666666,1,2,1,0,0,0,0,1,0,1,0,0,0,medio_alto
2,0.0,0,0.0,1,4,1,0,0,0,1,1,0,1,0,0,0,gratuito
4,10000.0,21,0.5714285714285714,1,4,1,0,0,0,1,0,0,1,0,0,1,alto
2,10000.0,30,0.7,1,3,1,0,0,0,1,0,0,1,0,0,0,baixo
9,75000.0,186,0.8548387096774194,1,1,1,0,0,0,0,1,0,0,0,0,0,alto
6,10000.0,15,0.9333333333333333,1,3,1,1,1,1,1,1,1,0,0,0,0,gratuito
2,10000.0,67,0.7014925373134329,10,2,1,0,0,1,1,0,0,0,0,1,0,medio_baixo
4,0.0,0,0.0,0,0,1,0,0,0,0,0,0,0,0,0,0,gratuito
7,10000.0,0,0.0,1,4,1,0,1,0,1,1,0,1,1,0,0,medio_alto
2,0.0,0,0.0,0,0,1,0,0,0,0,0,0,0,0,0,0,gratuito
7,10000.0,3,0.6666666666666666,1,3,1,0,0,1,1,0,0,1,0,1,0,medio_baixo
3,0.0,0,0.0,2,4,1,1,0,10,1,0,0,1,0,0,1,gratuito
3,10000.0,14,0.7857142857142857,2,4,1,0,0,0,1,1,1,1,0,0,0,medio_baixo
4,10000.0,0,0.0,1,3,1,0,1,0,0,1,1,0,1,0,0,medio_alto
5,0.0,0,0.0,1,2,1,0,0,0,0,0,0,0,1,0,0,gratuito
1,0.0,0,0.0,103,2,1,0,0,0,1,0,0,1,0,0,0,medio_alto
1,35000.0,68,0.9411764705882353,2,2,1,0,0,0,0,0,0,0,1,1,0,alto
6,750000.0,13,0.6923076923076923,2,5,1,1,0,0,0,1,0,0,0,0,1,alto
8,10000.0,3,0.3333333333333333,1,3,1,1,0,0,1,0,1,0,0,0,1,medio_alto
3,1500000.0,42133,0.6638264543232146,12,3,1,0,0,2,0,1,1,0,1,0,0,alto
7,75000.0,114,0.6842105263157895,1,4,1,0,0,0,1,0,0,1,0,0,1,gratuito
1,0.0,0,0.0,1,2,1,0,0,0,0,0,0,1,0,0,0,medio_baixo
10,10000.0,37,0.8108108108108109,6,2,1,1,1,0,1,1,0,0,0,0,0,medio_alto
7,10000.0,4,0.5,1,6,1,0,0,0,1,1,0,0,1,1,0,alto
11,350000.0,1472,0.6474184782608695,5,7,1,0,0,0,0,1,1,1,1,0,0,gratuito
5,150000.0,8,0.875,3,3,1,0,0,0,1,0,1,0,1,0,0,alto
3,10000.0,13,1.0,1,4,1,0,0,0,1,0,1,1,0,0,1,medio_alto
2,10000.0,0,0.0,1,1,1,0,0,0,0,0,0,0,1,0,0,medio_baixo
2,10000.0,65,0.9076923076923077,2,1,1,0,0,0,0,0,1,0,0,0,0,medio_alto
3,10000.0,4,0.75,1,3,1,0,0,0,1,1,1,0,0,0,0,baixo
1,10000.0,0,0.0,1,3,1,0,0,0,1,1,1,0,0,0,0,alto
12,10000.0,27,0.5925925925925926,1,2,1,1,0,0,0,0,0,0,0,0,0,baixo
10,10000.0,45,0.6222222222222222,1,2,1,0,0,1,0,0,0,0,0,0,0,medio_alto
12,75000.0,267,0.8052434456928839,1,1,1,0,0,0,0,0,1,0,0,0,0,baixo
8,10000.0,22,0.9545454545454546,2,3,1,1,0,0,1,1,0,1,0,0,0,medio_alto
6,10000.0,19,0.8421052631578947,7,3,1,1,1,0,1,0,1,1,0,0,0,medio_baixo
6,10000.0,50,0.96,1,2,1,0,0,0,1,0,0,0,1,0,0,medio_alto
5,10000.0,4,0.5,2,2,1,0,0,0,0,0,0,1,0,1,0,alto
2,10000.0,0,0.0,1,1,1,0,0,0,0,1,0,0,0,0,0,medio_alto
3,10000.0,177,0.6779661016949152,5,2,1,1,0,1,1,0,1,0,0,0,0,alto
11,35000.0,88,0.45454545454545453,1,2,1,1,1,0,0,0,0,1,0,1,0,baixo
9,75000.0,184,0.6739130434782609,3,3,1,0,0,0,1,1,0,1,0,0,0,baixo
7,10000.0,36,0.8333333333333334,3,3,1,0,0,2,1,1,1,0,0,0,0,baixo
6,10000.0,6,1.0,2,2,1,0,0,0,0,0,1,0,1,0,0,baixo
4,10000.0,4,0.5,103,3,1,0,0,0,1,0,0,1,0,0,1,baixo
5,750000.0,8804,0.8852794184461609,13,1,1,0,0,0,0,0,1,0,0,0,0,alto
2,10000.0,0,0.0,1,4,1,0,0,0,1,0,0,1,0,1,1,baixo
9,10000.0,33,0.5757575757575758,1,6,1,0,0,0,1,1,1,1,1,0,0,gratuito
8,10000.0,1,1.0,2,5,1,1,0,0,1,1,0,0,0,0,1,alto
6,10000.0,75,0.92,1,2,1,0,0,0,0,0,1,1,0,0,0,medio_alto
2,10000.0,3,1.0,2,4,1,0,0,0,0,0,1,1,0,1,0,alto
10,10000.0,13,0.6923076923076923,2,3,1,0,0,0,1,0,0,1,0,0,1,medio_baixo
3,10000.0,26,0.9615384615384616,1,3,1,0,0,0,1,1,1,0,0,0,0,medio_baixo
7,35000.0,792,0.9015151515151515,3,1,1,0,0,1,0,0,0,0,1,0,0,alto
2,10000.0,10,1.0,1,2,1,0,0,0,1,1,0,0,0,0,0,baixo
3,10000.0,0,0.0,1,3,1,0,0,0,1,0,1,0,0,0,0,gratuito
8,10000.0,20,0.4,1,3,1,0,0,0,1,0,1,0,0,0,0,gratuito
10,350000.0,264,0.6515151515151515,1,1,1,0,0,0,1,0,0,0,0,0,0,baixo
1,10000.0,0,0.0,1,3,1,0,0,0,1,0,0,0,0,0,1,alto
4,10000.0,0,0.0,29,3,1,0,1,0,1,1,0,1,0,0,0,medio_baixo
2,150000.0,4567,0.7492883731114517,5,2,1,0,0,4,0,1,0,0,0,0,1,alto
8,35000.0,95,0.6421052631578947,1,5,1,1,1,0,1,1,1,1,0,0,0,gratuito
1,0.0,0,0.0,0,0,1,0,0,0,0,0,0,0,0,0,0,gratuito
1,0.0,0,0.0,1,2,1,0,0,0,0,0,0,1,0,0,1,medio_alto
10,75000.0,177,0.615819209039548,1,3,1,0,0,0,1,0,0,1,0,1,0,baixo
11,10000.0,158,0.740506329113924,1,3,1,0,0,0,0,0,1,0,0,1,1,medio_alto
2,0.0,0,0.0,103,2,1,0,0,0,1,0,0,1,0,0,0,baixo
2,10000.0,6,1.0,1,3,1,1,0,0,1,0,0,1,0,1,0,baixo
4,10000.0,19,0.6842105263157895,4,3,1,0,0,0,1,0,1,1,0,0,0,baixo
12,150000.0,3876,0.8565531475748194,10,3,1,1,1,0,1,1,0,0,1,0,0,medio_baixo
4,35000.0,72,0.625,1,4,1,0,0,0,1,1,1,0,0,0,0,alto
9,35000.0,87,0.8505747126436781,1,1,1,1,1,0,0,0,1,0,0,0,0,alto
3,10000.0,0,0.0,1,4,1,0,0,0,0,1,1,1,0,0,1,medio_alto
4,10000.0,1,0.0,1,3,1,0,0,0,0,0,0,1,1,1,0,medio_baixo
6,10000.0,9,0.4444444444444444,1,1,1,0,0,0,0,0,0,0,0,0,0,gratuito
2,10000.0,5,1.0,1,2,1,0,0,0,0,1,0,0,0,0,0,medio_baixo
5,10000.0,0,0.0,2,3,1,0,0,0,1,0,0,1,0,0,0,medio_baixo
3,10000.0,4,1.0,1,1,1,0,0,0,1,0,0,0,0,0,0,medio_alto
18,10000.0,26,0.46153846153846156,5,0,1,0,0,0,0,0,0,0,0,0,0,medio_baixo
4,35000.0,19,0.9473684210526315,1,2,1,0,0,0,0,0,1,0,1,0,0,medio_baixo
4,0.0,0,0.0,0,0,1,0,0,0,0,0,0,0,0,0,0,gratuito
4,0.0,0,0.0,0,0,1,0,0,0,0,0,0,0,0,0,0,gratuito
4,10000.0,1,1.0,1,3,1,0,0,0,1,1,1,0,0,0,0,baixo
2,10000.0,4,1.0,1,3,1,0,0,0,1,1,0,1,0,0,0,medio_alto
5,0.0,0,0.0,1,2,1,0,0,0,1,0,0,0,0,0,0,gratuito
6,10000.0,67,0.7910447761194029,3,4,1,0,0,0,0,0,1,1,1,1,0,medio_baixo
3,10000.0,24,0.6666666666666666,1,2,1,0,0,0,1,0,0,0,0,0,1,baixo
7,35000.0,178,0.9662921348314607,1,2,1,1,1,0,1,0,0,1,0,0,0,gratuito
15,750000.0,1273,0.7596229379418696,1,3,1,0,0,0,0,1,0,0,0,1,1,medio_baixo
6,10000.0,14,0.5714285714285714,2,2,1,0,0,0,0,0,0,1,0,0,1,baixo
8,35000.0,21,0.9047619047619048,5,2,1,0,0,0,1,1,0,0,0,0,0,medio_baixo
4,0.0,0,0.0,2,6,1,0,0,0,1,1,1,1,0,1,1,baixo
1,10000.0,4,0.75,2,4,1,0,0,0,1,1,1,0,1,0,0,medio_baixo
2,35000.0,64,0.859375,2,2,1,0,0,0,1,0,1,0,0,0,0,baixo
6,10000.0,82,0.9024390243902439,1,3,1,1,0,0,1,0,0,1,0,1,0,medio_baixo
4,35000.0,1742,0.6687715269804823,10,7,1,0,0,1,1,1,1,1,1,1,1,medio_baixo
2,10000.0,3,0.6666666666666666,3,3,1,0,0,0,1,0,0,1,0,1,0,baixo
6,10000.0,5,0.4,1,2,1,0,0,0,1,0,0,0,0,1,0,medio_baixo
9,10000.0,9,0.6666666666666666,8,3,1,0,1,0,1,0,0,1,0,1,0,medio_alto
2,10000.0,0,0.0,1,2,1,0,0,0,0,0,0,1,0,1,0,medio_baixo
7,10000.0,0,0.0,2,2,1,0,0,0,1,0,0,1,0,0,0,baixo
1,10000.0,0,0.0,2,3,1,0,0,0,1,1,1,0,0,0,0,alto
5,10000.0,13,0.9230769230769231,11,3,1,0,0,0,1,0,1,1,0,0,0,medio_alto
1,0.0,0,0.0,0,0,1,0,0,0,0,0,0,0,0,0,0,gratuito
1,0.0,0,0.0,0,0,1,0,0,0,0,0,0,0,0,0,0,gratuito
9,10000.0,151,0.9006622516556292,1,2,1,1,1,0,1,0,1,0,0,0,0,alto
3,75000.0,552,0.9438405797101449,3,3,1,0,1,1,1,0,1,0,1,0,0,medio_alto
5,10000.0,0,0.0,1,2,1,0,0,0,1,0,0,0,0,0,1,medio_alto
1,10000.0,0,0.0,3,1,1,0,0,0,0,0,1,0,0,0,0,medio_baixo
9,75000.0,260,0.5576923076923077,2,2,1,0,0,0,1,0,0,0,0,1,0,baixo
2,10000.0,0,0.0,1,3,1,1,1,0,1,0,1,1,0,0,0,baixo
4,10000.0,9,0.8888888888888888,1,2,1,0,0,0,1,1,0,0,0,0,0,alto
1,35000.0,3,1.0,1,5,1,0,0,0,0,1,1,1,1,0,0,alto
3,0.0,0,0.0,0,0,1,0,0,0,0,0,0,0,0,0,0,gratuito
2,0.0,0,0.0,1,5,1,0,0,20,1,0,0,1,0,1,1,gratuito
4,35000.0,159,0.8553459119496856,3,3,1,0,0,0,0,0,1,1,1,0,0,alto
1,0.0,0,0.0,1,3,1,0,0,0,1,0,0,1,0,1,0,medio_baixo
1,0.0,0,0.0,0,0,1,0,0,0,0,0,0,0,0,0,0,gratuito
2,0.0,0,0.0,1,3,1,0,0,0,1,0,1,1,0,0,0,gratuito
5,35000.0,3,0.6666666666666666,1,3,1,0,0,0,1,0,0,1,0,1,0,medio_alto
4,0.0,0,0.0,0,0,1,0,0,0,0,0,0,0,0,0,0,gratuito
8,10000.0,8,0.375,10,5,1,0,0,0,1,1,0,1,0,0,1,medio_alto
5,0.0,0,0.0,1,3,1,0,0,0,1,0,0,1,0,0,0,gratuito
3,10000.0,8,0.875,1,5,1,0,0,0,1,1,1,0,1,0,0,gratuito
4,10000.0,0,0.0,1,1,1,0,1,0,0,0,0,1,0,0,0,medio_baixo
5,10000.0,53,0.7924528301886793,1,3,1,0,0,0,1,0,1,1,0,0,0,baixo
1,10000.0,0,0.0,1,2,1,0,0,0,1,0,0,1,0,0,0,medio_alto
3,0.0,0,0.0,0,0,1,0,0,0,0,0,0,0,0,0,0,gratuito
5,35000.0,150,0.43333333333333335,7,4,1,0,0,0,1,0,0,0,1,1,0,medio_alto
3,10000.0,115,0.8956521739130435,5,4,1,0,0,0,1,1,0,1,0,1,0,medio_baixo
2,0.0,0,0.0,1,3,1,0,0,0,1,0,0,1,0,0,0,gratuito
2,10000.0,1,1.0,1,3,1,0,0,0,1,0,1,1,0,0,0,medio_alto
20,75000.0,1320,0.8704545454545455,1,1,1,0,0,0,0,0,0,0,0,1,0,baixo
5,10000.0,0,0.0,1,2,1,0,0,0,0,1,0,0,0,1,0,medio_alto
2,10000.0,0,0.0,30,4,1,0,0,0,1,0,1,1,0,0,1,medio_baixo
6,10000.0,34,0.35294117647058826,3,4,1,0,0,0,1,1,1,0,1,0,0,baixo
1,10000.0,1,1.0,5,3,1,0,0,0,0,0,1,1,0,0,1,baixo
1,0.0,0,0.0,0,0,1,0,0,0,0,0,0,0,0,0,0,gratuito
1,10000.0,7,1.0,1,2,1,0,0,1,1,1,0,0,0,0,0,medio_alto
2,10000.0,142,0.6056338028169014,31,1,1,0,0,1,0,0,0,0,0,0,0,alto
10,35000.0,165,0.8242424242424242,1,5,1,0,0,1,1,1,1,1,1,0,0,baixo
1,10000.0,0,0.0,1,6,1,0,0,0,1,0,1,1,1,1,1,medio_alto
6,35000.0,134,0.835820895522388,1,6,1,0,0,3,1,0,1,1,0,1,1,gratuito
2,10000.0,3,0.3333333333333333,6,1,1,0,0,0,1,0,0,0,0,0,0,medio_alto
4,10000.0,400,0.75,12,7,1,0,0,0,1,1,1,1,1,1,0,alto
6,10000.0,95,0.8736842105263158,5,1,1,0,0,0,0,0,1,0,0,0,0,alto
1,0.0,0,0.0,2,1,1,0,0,0,0,1,0,0,0,0,0,medio_alto
6,10000.0,15,0.4,1,6,1,0,0,0,1,1,1,0,0,1,1,gratuito
10,35000.0,259,0.5405405405405406,5,1,1,1,0,0,0,0,0,0,0,1,0,medio_alto
2,0.0,0,0.0,0,0,1,0,0,0,0,0,0,0,0,0,0,gratuito
8,35000.0,84,0.4642857142857143,1,2,1,0,0,0,0,1,0,0,0,0,0,gratuito
5,35000.0,29,0.5517241379310345,29,4,1,0,0,0,1,1,1,0,1,0,0,baixo
17,10000.0,98,0.8877551020408163,1,1,1,0,0,0,0,0,0,0,0,0,1,medio_baixo
1,0.0,0,0.0,0,0,1,0,0,0,0,0,0,0,0,0,0,gratuito
1,10000.0,0,0.0,1,2,1,0,0,0,1,0,1,0,0,0,0,baixo
4,10000.0,15,1.0,1,1,1,0,0,0,0,0,0,1,0,0,0,medio_baixo
3,10000.0,0,0.0,1,1,1,0,0,0,0,0,0,1,0,0,0,alto
1,0.0,0,0.0,1,3,1,0,0,0,0,1,1,0,0,0,0,alto
6,10000.0,0,0.0,1,2,1,0,0,2,1,0,0,1,0,0,0,baixo
1,10000.0,0,0.0,10,2,1,1,0,0,1,0,0,1,0,0,0,medio_alto
4,10000.0,12,1.0,1,2,1,0,0,0,1,0,0,0,0,0,0,alto
2,10000.0,14,0.9285714285714286,1,4,1,0,0,0,1,1,1,0,1,0,0,medio_alto
10,35000.0,98,0.6122448979591837,6,3,1,1,1,1,1,1,0,0,0,0,0,baixo
6,10000.0,0,0.0,11,4,1,0,0,0,1,1,1,0,0,0,1,baixo
3,10000.0,2,1.0,1,1,1,0,0,0,0,0,0,1,0,0,0,medio_baixo
8,10000.0,27,0.4074074074074074,1,2,1,0,0,0,1,0,0,0,0,1,0,baixo
4,10000.0,1,1.0,1,3,1,0,0,0,1,1,1,0,0,0,0,baixo
3,10000.0,20,0.8,1,5,1,0,0,0,1,1,0,1,1,0,0,medio_alto
1,0.0,0,0.0,0,0,1,0,0,0,0,0,0,0,0,0,0,gratuito
1,10000.0,81,0.8148148148148148,6,2,1,0,0,0,1,0,0,0,0,0,1,medio_baixo
3,75000.0,4,1.0,1,1,1,0,0,0,0,0,0,0,1,0,0,baixo
6,10000.0,100,0.68,1,3,1,0,0,0,0,0,0,0,0,1,1,alto
8,10000.0,23,0.8695652173913043,1,1,1,0,0,1,1,0,0,0,0,0,0,gratuito
8,10000.0,9,0.5555555555555556,1,4,1,0,0,0,1,1,0,0,1,0,0,medio_alto
7,35000.0,47,0.3617021276595745,2,1,1,0,0,0,0,0,1,0,0,0,0,medio_alto
5,0.0,0,0.0,0,0,1,0,0,0,0,0,0,0,0,0,0,gratuito
4,10000.0,0,0.0,1,3,1,0,0,0,1,1,0,1,0,0,0,medio_baixo
3,10000.0,6,0.8333333333333334,2,2,1,0,0,0,0,0,0,1,0,1,0,baixo
10,35000.0,138,0.6231884057971014,2,3,1,0,0,0,1,1,1,0,0,0,0,medio_alto
3,10000.0,5,0.8,1,5,1,1,0,0,1,0,0,1,1,0,1,gratuito
8,10000.0,0,0.0,1,4,1,0,0,0,0,1,1,1,0,0,0,medio_alto
3,10000.0,0,0.0,1,3,1,0,0,0,1,0,0,0,0,0,1,medio_baixo
6,10000.0,22,0.5909090909090909,2,3,1,0,0,0,0,0,0,0,0,1,1,alto
2,10000.0,4,1.0,1,2,1,0,0,0,1,1,0,0,0,0,0,medio_alto
4,10000.0,0,0.0,15,4,1,0,0,0,1,1,0,1,0,0,1,medio_baixo
1,0.0,0,0.0,1,5,1,1,0,0,1,1,1,0,1,0,0,medio_alto
5,10000.0,1,1.0,1,5,1,0,0,0,1,1,1,1,0,0,1,baixo
1,0.0,0,0.0,8,1,1,0,0,0,0,0,0,1,0,0,0,alto
2,10000.0,29,0.9310344827586207,1,1,1,0,0,1,0,0,0,1,0,0,0,baixo
8,10000.0,16,0.9375,5,4,1,1,1,0,1,1,1,1,0,0,0,medio_baixo
5,10000.0,98,0.7857142857142857,1,2,1,0,0,0,0,0,0,1,0,0,0,gratuito
1,35000.0,44,0.9545454545454546,1,6,1,0,0,0,1,1,1,1,0,0,0,medio_alto
5,35000.0,211,0.6635071090047393,2,1,1,0,0,0,1,0,0,0,0,0,0,medio_baixo
4,0.0,0,0.0,1,4,1,0,0,0,1,1,1,0,0,0,0,gratuito
1,10000.0,0,0.0,2,2,1,0,0,0,1,0,0,0,0,1,0,alto
2,0.0,0,0.0,0,0,1,0,0,0,0,0,0,0,0,0,0,gratuito
3,35000.0,1474,0.9436906377204884,1,3,1,1,1,4,1,0,0,0,0,1,1,alto
6,35000.0,11,1.0,1,2,1,0,0,0,1,1,0,0,0,0,0,medio_alto
4,0.0,0,0.0,0,0,1,0,0,0,0,0,0,0,0,0,0,gratuito
1,10000.0,0,0.0,2,2,1,0,0,0,1,0,0,1,0,0,0,baixo
9,10000.0,13,0.6923076923076923,1,4,1,0,0,0,1,1,1,0,1,0,0,alto
2,0.0,0,0.0,0,0,1,0,0,0,0,0,0,0,0,0,0,gratuito
1,10000.0,0,0.0,1,5,1,0,0,0,1,1,1,0,1,0,0,alto
10,350000.0,1599,0.8567854909318324,7,3,1,1,1,0,1,0,0,0,0,0,1,medio_alto
1,0.0,0,0.0,12,5,1,0,0,0,1,1,1,1,0,0,0,medio_alto
1,10000.0,0,0.0,12,2,1,0,0,0,1,0,0,0,0,0,1,medio_alto
22,3500000.0,16056,0.6893373193821625,11,1,1,1,1,0,0,1,0,0,0,0,0,medio_baixo
3,10000.0,1,0.0,16,3,1,0,0,0,1,0,0,1,0,1,0,medio_baixo
1,0.0,0,0.0,1,3,1,0,0,0,1,1,0,0,0,0,0,gratuito
8,35000.0,247,0.7206477732793523,1,2,1,0,0,1,1,0,1,0,0,0,0,medio_baixo
3,10000.0,66,0.8787878787878788,1,1,1,0,0,2,0,0,0,0,0,0,0,alto
4,10000.0,9,0.5555555555555556,1,5,1,0,0,0,1,1,0,1,1,0,0,gratuito
3,10000.0,9,0.7777777777777778,2,3,1,0,0,0,1,0,1,0,0,0,1,baixo
1,0.0,0,0.0,3,2,1,0,0,0,0,0,1,1,0,0,0,alto
7,10000.0,9,0.8888888888888888,1,1,1,0,0,0,1,0,0,0,0,0,0,gratuito
6,35000.0,12,0.9166666666666666,1,3,1,0,0,0,1,1,0,0,0,0,0,alto
1,10000.0,0,0.0,1,1,1,0,0,0,0,0,0,1,0,0,0,alto
10,35000.0,226,0.8539823008849557,2,3,1,1,1,0,1,0,1,1,0,0,0,alto
5,0.0,0,0.0,1,6,1,0,0,0,0,1,1,1,0,0,1,gratuito
1,0.0,0,0.0,1,3,1,0,0,0,1,0,1,0,1,0,0,alto
7,10000.0,32,0.90625,1,4,1,0,0,0,1,1,0,1,0,0,0,gratuito
7,10000.0,33,0.7878787878787878,1,3,1,0,0,0,1,0,1,0,0,0,0,gratuito
5,0.0,0,0.0,6,7,1,0,0,0,1,0,1,1,1,0,1,gratuito
2,0.0,0,0.0,1,2,1,0,0,0,0,1,0,0,0,0,0,gratuito
1,10000.0,40,0.8,1,4,1,0,0,0,1,1,1,1,0,0,0,alto
2,10000.0,20,0.85,3,1,1,0,0,0,0,0,1,0,0,0,0,baixo
10,350000.0,743,0.7994616419919246,2,5,1,0,0,1,1,1,0,1,0,1,0,gratuito
2,10000.0,44,1.0,1,2,1,0,0,0,1,1,0,0,0,0,0,medio_alto
2,10000.0,171,0.935672514619883,5,3,1,0,0,0,1,1,0,0,0,1,0,medio_alto
7,35000.0,55,0.9090909090909091,1,2,1,0,0,1,0,0,0,1,0,1,0,alto
1,10000.0,195,0.8461538461538461,11,2,1,1,0,0,0,1,0,0,0,1,0,alto
8,10000.0,39,0.717948717948718,1,3,1,0,0,0,1,0,0,0,0,1,1,gratuito
6,10000.0,1,1.0,1,3,1,1,0,0,1,1,0,1,0,0,0,medio_alto
5,10000.0,0,0.0,1,4,1,1,1,0,0,1,1,0,1,0,0,medio_alto
3,10000.0,59,0.9152542372881356,13,2,1,0,0,1,1,0,0,0,0,0,1,baixo
6,10000.0,6,1.0,1,2,1,0,0,0,1,1,0,0,0,0,0,alto
8,10000.0,168,0.9047619047619048,2,3,1,0,0,0,1,0,1,0,1,0,0,alto
5,10000.0,1,1.0,1,6,1,0,0,0,1,1,1,1,0,1,0,medio_baixo
2,0.0,0,0.0,12,3,1,0,0,0,1,1,0,0,0,0,0,gratuito
9,350000.0,1682,0.643281807372176,16,4,1,0,0,0,0,0,0,0,1,1,0,gratuito
3,35000.0,9,0.5555555555555556,4,2,1,0,0,1,0,0,1,1,0,0,0,alto
7,10000.0,9,0.8888888888888888,1,1,1,0,0,0,1,0,0,0,0,0,0,medio_alto
1,0.0,0,0.0,10,5,1,0,0,0,1,0,0,1,0,1,1,gratuito
7,75000.0,16,0.625,1,4,1,0,0,0,1,0,1,1,1,0,0,baixo
2,10000.0,51,0.7843137254901961,1,1,1,0,0,0,1,0,0,0,0,0,0,gratuito
1,10000.0,29,0.896551724137931,7,4,1,0,0,0,0,1,1,0,1,0,0,medio_alto
4,35000.0,23,0.8695652173913043,1,3,1,0,1,0,1,0,0,0,1,1,0,alto
4,10000.0,33,0.6666666666666666,1,3,1,0,0,0,1,0,1,0,0,0,1,baixo
2,150000.0,466,0.8648068669527897,8,3,1,0,0,2,0,1,1,0,1,0,0,alto
22,15000000.0,14977,0.8975095145890365,8,1,1,1,1,0,0,1,0,0,0,0,0,medio_baixo
7,10000.0,1,0.0,1,3,1,0,0,0,0,1,0,0,1,0,0,alto
4,10000.0,1,1.0,1,2,1,1,0,0,1,1,0,0,0,0,0,medio_alto
8,10000.0,98,0.5714285714285714,1,3,1,0,0,0,1,0,0,1,0,0,0,gratuito
9,35000.0,156,0.8269230769230769,1,2,1,0,0,0,1,0,0,1,0,0,0,medio_alto
2,10000.0,3,0.3333333333333333,2,4,1,0,0,0,1,1,0,1,0,0,1,medio_baixo
1,10000.0,0,0.0,1,3,1,0,0,0,1,1,0,0,0,0,0,medio_baixo
7,10000.0,2,0.0,1,4,1,0,0,0,1,1,1,1,0,0,0,alto
4,10000.0,147,0.8299319727891157,10,4,1,0,0,0,0,1,1,1,0,0,1,alto
3,10000.0,118,0.864406779661017,12,4,1,0,0,1,1,1,1,0,1,0,0,alto
8,10000.0,16,0.25,4,5,1,0,0,0,1,0,1,1,1,1,0,medio_baixo
1,0.0,0,0.0,0,0,1,0,0,0,0,0,0,0,0,0,0,gratuito
1,10000.0,0,0.0,1,2,1,0,0,0,1,1,0,0,0,0,0,medio_baixo
2,0.0,0,0.0,0,0,1,0,0,0,0,0,0,0,0,0,0,gratuito
1,10000.0,0,0.0,6,2,1,0,0,0,1,0,0,1,0,0,0,medio_baixo
3,10000.0,18,0.8888888888888888,11,5,1,0,0,0,1,1,1,1,0,0,1,medio_baixo
2,10000.0,0,0.0,5,3,1,0,0,0,0,1,1,0,1,0,0,medio_alto
2,10000.0,6,1.0,3,2,1,1,0,0,1,0,0,1,0,0,0,medio_alto
2,10000.0,652,0.9647239263803681,4,2,1,0,0,0,0,0,1,1,0,0,0,alto
2,35000.0,6,1.0,1,2,1,0,0,0,1,0,0,1,0,0,0,medio_baixo
8,75000.0,386,0.6347150259067358,1,5,1,1,0,0,1,1,1,0,1,1,0,baixo
2,10000.0,2,1.0,5,4,1,0,1,1,1,1,0,1,0,0,1,medio_baixo
6,10000.0,5,0.8,1,2,1,0,0,0,0,1,0,0,0,0,0,gratuito
1,0.0,0,0.0,2,5,1,0,0,0,1,1,1,1,0,0,1,medio_alto
5,350000.0,2308,0.8054592720970537,15,2,1,0,0,3,1,1,0,0,0,0,0,medio_baixo
9,10000.0,22,0.4090909090909091,3,1,1,1,0,0,0,0,0,1,0,0,0,alto
2,10000.0,42,1.0,7,1,1,0,0,0,0,0,1,0,0,0,0,medio_alto
9,10000.0,0,0.0,1,1,1,0,0,0,0,0,0,0,0,0,0,alto
5,10000.0,198,0.7929292929292929,27,2,1,0,0,58,1,0,0,0,0,0,1,gratuito
1,10000.0,0,0.0,1,3,1,0,0,0,0,1,0,1,0,0,0,gratuito
1,0.0,0,0.0,1,4,1,0,0,0,1,0,0,1,0,1,0,medio_alto
7,10000.0,15,1.0,1,2,1,0,0,1,1,0,1,0,0,0,0,medio_baixo
1,10000.0,70,0.7857142857142857,12,4,1,1,1,1,1,0,1,1,0,0,1,alto
8,10000.0,1,0.0,1,2,1,0,0,0,1,0,0,1,0,0,0,medio_baixo
6,10000.0,0,0.0,1,2,1,0,0,2,1,0,0,1,0,0,0,baixo
2,10000.0,38,1.0,2,1,1,0,0,0,1,0,0,0,0,0,0,medio_baixo
9,10000.0,25,0.68,1,4,1,1,1,0,1,0,1,0,0,1,1,medio_alto
10,10000.0,17,0.7058823529411765,1,1,1,0,0,0,1,0,0,0,0,0,0,medio_alto
3,10000.0,50,0.82,3,6,1,0,0,0,1,0,0,0,0,0,0,medio_baixo
2,10000.0,46,1.0,1,3,1,0,0,0,1,1,0,1,0,0,0,medio_baixo
5,10000.0,1,1.0,2,1,1,0,0,0,0,0,0,0,0,0,0,medio_baixo
1,10000.0,1,0.0,0,4,1,0,0,0,1,0,0,0,1,0,1,baixo
2,0.0,0,0.0,1,4,1,0,0,0,1,0,0,1,0,1,0,gratuito
11,3500000.0,22088,0.9065103223469757,10,3,1,1,1,0,1,0,0,0,0,1,1,gratuito
2,10000.0,0,0.0,1,4,1,0,0,0,1,1,1,0,0,0,0,alto
12,150000.0,617,0.8978930307941653,1,2,1,1,1,0,0,1,0,0,1,0,0,medio_baixo
12,75000.0,1436,0.8433147632311978,1,1,1,1,1,0,1,0,0,0,0,0,0,medio_baixo
5,10000.0,12,0.4166666666666667,2,2,1,0,0,0,1,0,0,0,1,0,0,medio_alto
4,35000.0,17,0.47058823529411764,1,3,1,0,0,0,1,1,0,1,0,0,0,baixo
4,10000.0,7,0.5714285714285714,10,4,1,0,0,0,0,1,1,0,0,0,1,alto
2,350000.0,18,0.5555555555555556,5,2,1,0,0,0,1,1,0,0,0,0,0,alto
4,10000.0,15,0.5333333333333333,1,1,1,0,0,0,0,0,0,0,0,1,0,medio_alto
2,35000.0,6,1.0,5,4,1,0,1,0,1,1,0,0,0,1,0,alto
7,35000.0,110,0.4909090909090909,4,3,1,0,0,1,1,0,0,0,0,1,1,alto
7,10000.0,23,0.5217391304347826,1,4,1,0,0,0,0,1,1,0,0,0,0,gratuito
2,10000.0,1,0.0,1,2,1,0,0,0,0,0,1,0,1,0,0,alto
1,10000.0,142,0.8169014084507042,1,1,1,0,0,1,1,0,0,0,0,0,0,medio_baixo
1,0.0,0,0.0,0,0,1,0,0,0,0,0,0,0,0,0,0,gratuito
4,10000.0,2,0.5,2,3,1,0,0,0,1,0,0,1,0,0,0,baixo
5,10000.0,58,0.6379310344827587,2,3,1,0,0,0,1,1,1,0,0,0,0,baixo
7,10000.0,109,0.9541284403669725,4,5,1,0,0,1,1,0,1,1,1,1,0,alto
9,10000.0,26,0.6923076923076923,1,4,1,0,0,0,1,1,0,1,0,0,0,baixo
1,10000.0,0,0.0,1,5,1,0,1,0,1,1,1,0,1,0,0,alto
4,10000.0,0,0.0,1,1,1,0,0,0,0,1,0,0,0,0,0,baixo
2,10000.0,30,1.0,8,6,1,0,0,0,1,1,1,1,0,1,0,baixo
9,75000.0,151,0.9006622516556292,1,1,1,1,0,1,0,0,1,0,0,0,0,alto
4,10000.0,2,0.5,0,1,1,0,0,0,0,1,0,0,0,0,0,baixo
1,0.0,0,0.0,103,5,1,0,0,0,1,1,0,1,1,0,1,baixo
5,10000.0,10,0.7,1,1,1,0,0,0,0,0,0,0,0,0,1,baixo
8,10000.0,254,0.9566929133858267,5,3,1,0,0,1,1,0,1,0,1,0,0,medio_baixo
1,10000.0,0,0.0,2,1,1,0,0,0,1,0,0,0,0,0,0,alto
1,10000.0,0,0.0,1,2,1,0,0,0,1,0,0,0,0,0,0,alto
10,35000.0,73,0.4931506849315068,1,2,1,0,0,0,1,1,0,0,0,0,0,medio_alto
1,10000.0,0,0.0,24,1,1,0,0,0,0,0,0,0,0,0,0,medio_baixo
2,10000.0,0,0.0,25,2,1,0,0,0,1,0,0,1,0,0,0,baixo
10,35000.0,158,0.7025316455696202,1,1,1,0,1,0,1,0,0,0,0,0,0,baixo
5,0.0,0,0.0,3,2,1,0,0,0,0,1,0,0,0,0,0,gratuito
10,10000.0,14,0.6428571428571429,1,3,1,0,0,0,1,1,1,0,0,0,0,medio_baixo
4,10000.0,40,0.775,2,4,1,0,0,0,1,0,1,1,0,0,1,alto
1,0.0,0,0.0,9,5,1,0,0,0,0,1,0,0,1,0,0,gratuito
1,10000.0,0,0.0,2,3,1,0,0,0,1,1,1,0,0,0,0,medio_alto
2,10000.0,14,0.6428571428571429,4,2,1,0,0,0,1,0,0,0,0,0,0,gratuito
2,0.0,0,0.0,1,3,1,0,0,0,0,0,0,1,0,1,1,gratuito
8,10000.0,52,0.75,6,3,1,0,0,1,1,0,0,0,0,1,1,alto
9,10000.0,61,0.5901639344262295,2,3,1,0,0,0,1,0,0,1,0,1,0,gratuito
1,10000.0,0,0.0,5,3,1,0,1,1,1,1,0,0,0,0,0,alto
13,150000.0,417,0.60431654676259,6,4,1,1,1,1,1,1,0,1,0,0,0,baixo
10,150000.0,307,0.8175895765472313,4,2,1,0,0,0,1,0,0,1,0,0,0,medio_baixo
8,10000.0,7,0.5714285714285714,1,4,1,0,1,0,1,1,1,1,0,0,0,baixo
1,0.0,0,0.0,7,3,1,0,0,0,0,0,0,0,1,0,0,gratuito
1,10000.0,0,0.0,1,3,1,0,0,0,0,0,1,1,1,0,0,medio_alto
11,10000.0,37,0.8648648648648649,1,5,1,1,1,0,1,1,0,1,1,0,0,alto
6,10000.0,6,0.8333333333333334,1,2,1,0,0,0,0,0,1,1,0,0,0,medio_alto
2,10000.0,17,0.9411764705882353,1,2,1,0,0,1,1,1,0,0,0,0,0,medio_alto
3,10000.0,3,0.3333333333333333,1,1,1,0,0,0,0,0,0,0,1,0,0,medio_alto
4,10000.0,11,0.9090909090909091,1,2,1,0,0,0,0,1,1,0,0,0,0,alto
6,35000.0,1,1.0,1,1,1,0,1,0,0,0,0,0,0,1,0,medio_baixo
2,10000.0,0,0.0,1,3,1,0,0,0,1,1,0,0,0,0,0,alto
12,75000.0,508,0.9311023622047244,1,2,1,0,0,0,1,1,0,0,0,0,0,medio_alto
10,150000.0,149,0.5570469798657718,3,3,1,0,0,0,0,0,1,1,0,0,0,gratuito
3,0.0,0,0.0,8,5,1,0,0,0,1,1,0,0,0,1,0,gratuito
3,10000.0,0,0.0,5,3,1,1,1,0,1,0,0,1,0,0,1,medio_baixo
3,75000.0,1202,0.9018302828618968,2,6,1,0,0,1,1,0,1,1,1,1,1,alto
7,10000.0,1,1.0,1,2,1,0,0,0,0,0,0,1,0,1,0,alto
2,10000.0,151,0.9139072847682119,3,2,1,0,0,0,1,0,0,0,1,0,0,alto
12,10000.0,249,0.8875502008032129,1,1,1,0,0,1,0,0,0,0,0,1,0,alto
2,0.0,0,0.0,0,0,1,0,0,0,0,0,0,0,0,0,0,gratuito
1,10000.0,0,0.0,1,1,1,0,0,0,0,0,0,0,1,0,0,baixo
3,10000.0,1,0.0,2,3,1,0,0,0,1,1,0,1,0,0,0,baixo
2,10000.0,0,0.0,1,3,1,0,0,0,1,0,1,1,0,0,0,baixo
6,10000.0,3,1.0,1,4,1,0,0,0,1,1,1,1,0,0,0,medio_baixo
9,10000.0,18,0.4444444444444444,1,3,1,0,0,0,0,0,1,1,0,1,0,alto
4,10000.0,0,0.0,1,5,1,0,0,0,1,1,1,0,0,0,1,medio_baixo
6,75000.0,559,0.778175313059034,5,3,1,0,0,1,1,0,0,1,0,0,1,medio_baixo
2,10000.0,5,0.8,3,2,1,1,0,0,1,0,1,0,0,0,0,medio_baixo
8,10000.0,1,0.0,1,3,1,0,0,0,1,0,1,1,0,0,0,gratuito
2,35000.0,171,0.9122807017543859,1,5,1,0,1,16,1,0,0,1,0,0,1,alto
2,10000.0,0,0.0,2,3,1,0,0,0,0,0,0,1,0,1,0,medio_baixo
9,35000.0,953,0.9590766002098636,1,4,1,0,0,0,1,0,1,1,0,0,1,medio_baixo
10,10000.0,31,0.8064516129032258,8,4,1,0,0,0,1,1,0,0,0,0,1,alto
2,10000.0,0,0.0,12,3,1,0,0,0,1,0,0,0,0,1,0,gratuito
2,10000.0,7,0.14285714285714285,2,4,1,1,0,0,1,0,0,0,1,1,1,medio_baixo
1,0.0,0,0.0,4,3,1,0,0,0,1,0,0,0,1,1,0,medio_alto
2,10000.0,171,0.9064327485380117,5,1,1,0,0,0,1,0,0,0,0,0,0,medio_alto
7,10000.0,47,0.44680851063829785,1,3,1,0,0,0,1,0,0,0,1,1,0,baixo
2,0.0,0,0.0,0,0,1,0,0,0,0,0,0,0,0,0,0,gratuito
3,0.0,0,0.0,1,3,1,0,0,0,0,0,1,0,1,0,0,gratuito
1,0.0,0,0.0,103,5,1,0,0,0,1,0,0,1,1,0,1,baixo
3,10000.0,15,0.9333333333333333,1,1,1,0,0,0,1,0,0,0,0,0,0,baixo
2,10000.0,7,1.0,1,3,1,0,0,0,1,0,1,1,0,0,0,baixo
7,10000.0,16,0.9375,1,2,1,1,1,0,1,0,0,0,1,0,0,alto
3,10000.0,6,0.6666666666666666,1,4,1,0,0,0,1,1,1,0,1,0,0,medio_alto
7,1500000.0,10763,0.9445321936263124,4,1,1,0,0,20,0,1,0,0,0,0,0,alto
5,10000.0,138,0.5289855072463768,1,6,1,0,0,0,1,1,1,1,1,0,1,baixo
2,10000.0,29,1.0,1,2,1,0,0,0,0,0,1,0,0,0,0,alto
3,10000.0,42,0.7857142857142857,3,3,1,0,0,0,1,1,0,0,0,0,0,medio_baixo
10,10000.0,105,0.7904761904761904,1,4,1,0,0,0,0,0,0,0,0,1,1,alto
1,10000.0,58,0.8275862068965517,6,2,1,0,0,0,0,1,1,0,0,0,0,alto
4,10000.0,30,0.9666666666666667,1,1,1,0,0,0,0,0,1,0,0,0,0,alto
1,0.0,0,0.0,1,2,1,0,0,0,1,0,0,1,0,0,0,medio_baixo
10,35000.0,145,0.2482758620689655,1,7,1,1,1,0,1,1,1,1,1,1,1,medio_alto
1,10000.0,2,1.0,1,2,1,0,0,0,1,1,0,0,0,0,0,medio_alto
8,35000.0,119,0.9327731092436975,2,3,1,0,0,1,1,0,1,0,0,0,0,gratuito
8,10000.0,28,0.8214285714285714,2,2,1,0,0,1,1,0,0,1,0,0,0,baixo
4,0.0,0,0.0,1,2,1,0,0,0,1,1,0,0,0,0,0,gratuito
2,0.0,0,0.0,0,0,1,0,0,0,0,0,0,0,0,0,0,gratuito
3,0.0,0,0.0,1,1,1,0,0,0,0,0,1,0,0,0,0,gratuito
1,10000.0,18,0.8888888888888888,1,1,1,1,1,0,0,0,0,0,0,1,0,medio_alto
10,75000.0,300,0.5233333333333333,7,2,1,1,0,3,1,1,0,0,0,0,0,baixo
1,10000.0,113,0.9380530973451328,12,3,1,0,0,0,0,1,0,0,1,0,0,alto
1,10000.0,70,0.7714285714285715,1,6,1,0,0,0,1,0,0,1,1,1,1,medio_alto
6,10000.0,14,1.0,1,3,1,0,0,0,1,1,0,0,1,0,0,baixo
1,10000.0,0,0.0,11,1,1,0,0,0,0,0,0,1,0,0,0,baixo
2,0.0,0,0.0,0,0,1,0,0,0,0,0,0,0,0,0,0,gratuito
7,10000.0,35,0.5714285714285714,6,2,1,0,0,0,1,0,1,0,0,0,0,alto
4,10000.0,24,0.7083333333333334,1,2,1,0,1,0,1,0,0,1,0,0,0,baixo
1,10000.0,3,0.3333333333333333,2,3,1,1,1,0,1,0,0,0,1,0,0,medio_baixo
1,10000.0,1,1.0,4,3,1,0,0,0,1,1,1,0,0,0,0,medio_baixo
2,10000.0,45,0.6444444444444445,1,3,1,0,0,0,1,0,0,0,1,0,1,medio_baixo
4,10000.0,40,0.9,2,1,1,0,1,0,0,0,0,0,0,0,1,medio_baixo
5,10000.0,1,1.0,103,5,1,0,0,0,1,0,1,1,0,1,1,baixo
1,0.0,0,0.0,0,0,1,0,0,0,0,0,0,0,0,0,0,gratuito
1,10000.0,0,0.0,1,1,1,0,0,0,0,1,0,0,0,0,0,alto
10,10000.0,33,0.30303030303030304,1,4,1,0,0,0,1,0,0,0,0,0,0,medio_alto
2,7500000.0,74796,0.4980613936574148,21,2,1,0,0,1,0,0,0,0,0,0,1,alto
9,35000.0,73,0.7397260273972602,1,1,1,0,0,0,0,0,0,0,1,0,0,alto
1,0.0,0,0.0,12,5,1,0,0,5,1,0,0,1,0,0,1,gratuito
2,10000.0,4,0.0,1,4,1,0,0,16,1,1,0,0,1,0,0,alto
7,10000.0,11,0.7272727272727273,1,3,1,0,0,9,1,1,0,1,0,0,0,medio_alto
2,0.0,0,0.0,0,0,1,0,0,0,0,0,0,0,0,0,0,gratuito
5,750000.0,6331,0.8936976780919286,4,2,1,0,0,0,0,1,1,0,0,0,0,alto
3,0.0,0,0.0,0,0,1,0,0,0,0,0,0,0,0,0,0,gratuito
11,75000.0,273,0.6336996336996337,1,2,1,1,1,0,1,0,1,0,0,0,0,medio_alto
6,350000.0,1065,0.6732394366197183,1,3,1,1,0,0,1,0,1,0,0,0,0,gratuito
7,10000.0,0,0.0,1,1,1,0,0,0,0,0,0,0,0,0,0,alto
1,0.0,0,0.0,1,4,1,0,0,0,1,1,1,0,1,0,0,alto
1,0.0,0,0.0,43,4,1,0,0,0,1,1,1,0,0,0,1,alto
1,10000.0,3,1.0,1,4,1,0,0,0,1,1,1,0,1,0,0,medio_baixo
2,10000.0,1,0.0,5,3,1,0,0,0,1,1,1,0,0,0,0,baixo
11,35000.0,595,0.7563025210084033,1,2,1,0,1,0,1,0,0,1,0,0,0,medio_baixo
6,10000.0,8,0.625,2,5,1,0,0,0,1,1,1,1,1,0,0,gratuito
8,10000.0,174,0.896551724137931,9,3,1,0,0,0,1,1,0,1,0,0,0,baixo
2,10000.0,8,0.625,1,5,1,0,0,0,1,1,1,1,0,0,0,alto
8,10000.0,57,0.8771929824561403,9,3,1,0,0,0,1,0,0,1,0,1,0,gratuito
14,750000.0,2403,0.8064918851435705,1,3,1,0,0,4,0,0,0,0,1,0,0,gratuito
10,10000.0,48,0.9166666666666666,1,1,1,0,0,2,0,1,0,0,0,0,0,baixo
2,10000.0,39,0.9487179487179487,6,3,1,0,0,2,1,0,0,1,0,1,0,alto
5,10000.0,5,0.4,1,3,1,0,0,0,1,0,1,1,0,0,0,medio_baixo
13,750000.0,6577,0.8880948760833207,21,2,1,0,0,0,0,0,0,0,0,0,0,medio_alto
3,35000.0,8,0.25,1,3,1,0,0,0,1,0,1,1,0,0,0,medio_baixo
7,10000.0,5,0.2,3,2,1,0,0,3,1,0,0,0,1,0,0,baixo
1,10000.0,13,0.9230769230769231,8,2,1,0,0,0,1,1,0,0,0,0,0,medio_alto
5,75000.0,8,1.0,2,4,1,0,1,0,1,1,1,0,1,0,0,medio_alto
10,750000.0,10524,0.9251235271759787,5,2,1,1,1,1,1,0,1,0,0,0,0,medio_baixo
3,0.0,0,0.0,1,3,1,0,0,0,1,1,0,0,0,0,0,gratuito
1,10000.0,1,0.0,14,4,1,0,0,0,1,1,0,0,0,0,1,medio_alto
1,0.0,0,0.0,1,3,1,0,0,0,1,0,0,1,0,0,1,baixo
1,10000.0,22,0.9090909090909091,1,3,1,0,0,0,1,0,0,1,0,0,1,medio_baixo
6,10000.0,7,1.0,1,4,1,0,0,1,1,1,1,0,1,0,0,alto
9,10000.0,9,0.8888888888888888,1,3,1,0,0,0,1,0,0,1,0,1,0,alto
6,150000.0,3949,0.928083059002279,2,2,1,1,0,1,1,0,0,1,0,0,0,medio_alto
1,0.0,0,0.0,0,0,1,0,0,0,0,0,0,0,0,0,0,gratuito
1,10000.0,1,1.0,4,5,1,0,1,0,1,1,1,0,1,0,0,alto
8,10000.0,51,0.8627450980392157,1,4,1,0,0,0,1,1,1,0,1,0,0,gratuito
5,10000.0,0,0.0,1,2,1,0,0,0,0,0,1,1,0,0,0,medio_baixo
19,150000.0,340,0.6,1,2,1,0,0,0,1,0,0,1,0,0,0,medio_alto
2,10000.0,9,0.8888888888888888,3,4,1,0,0,0,1,1,1,0,1,0,0,medio_alto
8,10000.0,18,0.7777777777777778,1,2,1,0,0,1,1,1,0,0,0,0,0,baixo
7,10000.0,107,0.7663551401869159,12,2,1,0,0,1,1,1,0,0,0,0,0,medio_baixo
1,10000.0,8,0.75,10,1,1,0,0,7,0,1,0,0,0,0,0,alto
1,10000.0,0,0.0,30,2,1,0,0,0,1,0,0,1,0,0,0,baixo
7,350000.0,1207,0.8218724109362054,8,1,1,0,0,0,0,0,1,0,0,0,0,alto
5,10000.0,1,1.0,1,4,1,0,0,0,0,1,0,0,0,0,1,alto
4,0.0,0,0.0,0,0,1,0,0,0,0,0,0,0,0,0,0,gratuito
7,10000.0,54,0.42592592592592593,2,1,1,0,0,0,0,0,0,1,0,0,0,medio_baixo
5,350000.0,2,0.5,1,5,1,0,0,1,1,1,1,0,1,1,0,alto
8,10000.0,21,0.6190476190476191,2,4,1,0,0,0,1,1,0,1,0,0,1,baixo
4,10000.0,9,1.0,1,3,1,1,0,0,1,1,0,0,0,1,0,medio_baixo
2,10000.0,22,0.9545454545454546,2,2,1,0,0,0,1,0,0,0,0,1,0,medio_alto
2,10000.0,0,0.0,1,2,1,0,0,0,1,0,0,1,0,0,0,medio_baixo
8,10000.0,22,0.8181818181818182,1,3,1,1,0,0,1,1,1,0,0,0,0,alto
1,10000.0,4,1.0,14,3,1,1,0,0,1,0,0,1,0,1,0,medio_baixo
1,0.0,0,0.0,0,0,1,0,0,0,0,0,0,0,0,0,0,gratuito
6,10000.0,10,1.0,1,2,1,0,0,0,1,0,1,0,0,0,0,gratuito
6,10000.0,0,0.0,1,2,1,0,0,0,1,0,0,1,0,0,0,medio_baixo
8,75000.0,83,0.43373493975903615,1,3,1,0,0,0,1,0,0,1,0,0,0,gratuito
4,10000.0,23,0.7391304347826086,1,3,1,0,0,0,1,0,0,1,0,0,0,baixo
7,35000.0,289,0.5570934256055363,7,4,1,0,0,0,1,1,0,0,1,1,0,baixo
3,10000.0,4,1.0,1,2,1,0,0,0,0,0,0,0,0,1,1,medio_alto
3,0.0,0,0.0,103,4,1,0,0,0,1,0,0,1,1,0,1,baixo
1,10000.0,20,0.95,11,4,1,0,0,0,1,1,1,0,0,0,1,baixo
5,10000.0,83,0.9156626506024096,5,2,1,0,0,0,1,0,0,1,0,0,0,baixo
4,10000.0,215,0.5720930232558139,10,3,1,0,0,0,1,1,1,0,0,0,0,medio_baixo
3,0.0,0,0.0,2,4,1,0,0,0,0,1,1,0,1,0,0,gratuito
6,35000.0,26,0.7692307692307693,3,2,1,0,0,0,1,1,0,0,0,0,0,alto
3,35000.0,12,0.3333333333333333,2,1,1,0,0,0,0,0,0,0,0,1,0,medio_baixo
9,75000.0,101,0.5445544554455446,2,1,1,0,1,0,1,0,0,0,0,0,0,medio_alto
1,0.0,0,0.0,1,3,1,1,1,1,1,0,0,1,0,0,0,gratuito
10,35000.0,19,0.47368421052631576,8,3,1,0,0,0,0,0,0,1,0,1,1,baixo
10,10000.0,36,0.7777777777777778,1,2,1,1,1,0,1,0,0,0,1,0,0,medio_alto
9,10000.0,17,0.7058823529411765,1,3,1,0,0,0,1,1,0,1,0,0,0,baixo
2,0.0,0,0.0,0,0,1,0,0,0,0,0,0,0,0,0,0,gratuito
1,0.0,0,0.0,0,0,1,0,0,0,0,0,0,0,0,0,0,gratuito
4,0.0,0,0.0,9,2,1,0,0,0,0,0,0,0,0,0,0,gratuito
7,35000.0,328,0.7621951219512195,1,3,1,0,0,0,1,0,1,0,0,1,0,alto
11,1500000.0,14556,0.8331272327562517,1,3,1,0,0,21,1,0,0,1,0,0,0,gratuito
6,10000.0,25,0.72,1,3,1,0,0,0,1,0,0,1,0,0,1,medio_alto
2,10000.0,52,0.9807692307692307,2,3,1,1,1,1,1,0,1,0,0,0,0,medio_alto
6,10000.0,24,0.8333333333333334,1,3,1,0,0,0,1,1,1,0,0,0,0,medio_baixo
4,10000.0,0,0.0,1,2,1,0,0,2,1,0,0,1,0,0,0,baixo
4,35000.0,21,0.5238095238095238,1,3,1,0,0,0,1,1,1,0,0,0,0,baixo
6,10000.0,48,0.8541666666666666,3,3,1,1,0,0,1,1,0,0,1,0,0,medio_baixo
4,35000.0,0,0.0,8,2,1,0,1,0,0,0,0,0,0,1,1,medio_alto
2,0.0,0,0.0,0,0,1,0,0,0,0,0,0,0,0,0,0,gratuito
1,0.0,0,0.0,103,2,1,0,0,0,0,0,0,1,0,0,1,baixo
3,10000.0,66,0.8484848484848485,1,4,1,0,0,0,0,1,0,1,0,0,1,alto
3,10000.0,13,1.0,2,3,1,1,0,0,1,0,0,1,0,0,1,alto
1,150000.0,13,1.0,1,2,1,0,0,0,1,0,0,1,0,0,0,medio_baixo
1,10000.0,10,1.0,19,3,1,0,0,0,1,0,0,1,0,0,0,baixo
10,10000.0,4,1.0,1,2,1,0,0,0,0,0,0,0,0,0,0,medio_alto
6,10000.0,9,0.4444444444444444,2,3,1,0,0,0,1,0,0,1,0,0,1,baixo
5,10000.0,16,0.75,1,2,1,0,0,1,1,0,0,1,0,0,0,baixo
1,10000.0,66,0.9242424242424242,4,3,1,1,1,2,1,0,1,1,0,0,0,baixo
1,10000.0,0,0.0,4,3,1,0,0,0,0,0,1,0,0,1,1,medio_alto
10,10000.0,14,0.5714285714285714,1,4,1,0,0,0,1,1,1,0,1,0,0,alto
4,0.0,0,0.0,1,3,1,0,0,0,0,1,0,0,0,0,0,alto
6,0.0,0,0.0,2,2,1,1,0,0,1,1,0,0,0,0,0,medio_alto
2,0.0,0,0.0,0,0,1,0,0,0,0,0,0,0,0,0,0,gratuito
5,0.0,0,0.0,0,0,1,0,0,0,0,0,0,0,0,0,0,gratuito
6,0.0,0,0.0,2,4,1,0,0,0,0,1,1,0,0,0,1,medio_baixo
1,0.0,0,0.0,1,2,1,1,0,0,0,0,1,1,0,0,0,medio_alto
1,0.0,0,0.0,0,0,1,0,0,0,0,0,0,0,0,0,0,gratuito
6,350000.0,6796,0.9820482636845203,20,0,1,1,0,0,0,0,0,0,0,0,0,medio_baixo
9,10000.0,8,1.0,1,2,1,0,0,0,0,0,1,1,0,0,0,medio_alto
4,75000.0,14,0.8571428571428571,3,2,1,0,0,1,1,0,1,0,0,0,0,medio_alto
5,10000.0,87,0.8275862068965517,1,3,1,0,0,0,0,1,0,0,0,0,0,gratuito
9,750000.0,5217,0.9110599961663791,14,2,1,0,0,0,1,0,1,0,0,0,0,alto
6,10000.0,29,0.8275862068965517,6,2,1,0,0,0,1,1,0,0,0,0,0,medio_alto
2,0.0,0,0.0,1,7,1,0,0,0,0,1,1,0,1,1,0,gratuito
4,10000.0,1,0.0,1,2,1,0,0,0,0,0,0,0,0,1,1,alto
5,0.0,0,0.0,0,0,1,0,0,0,0,0,0,0,0,0,0,gratuito
9,10000.0,59,0.9152542372881356,1,2,1,1,1,0,1,1,0,0,0,0,0,medio_baixo
1,0.0,0,0.0,3,4,1,0,0,0,1,1,1,0,0,0,0,gratuito
1,10000.0,0,0.0,12,3,1,1,1,0,1,0,0,1,0,1,0,baixo
2,10000.0,1,1.0,2,3,1,0,0,0,0,0,1,0,1,0,0,medio_baixo
5,10000.0,35,0.8571428571428571,2,2,1,0,0,0,1,0,0,0,1,0,0,alto
7,10000.0,35,0.5428571428571428,1,4,1,0,0,0,1,0,0,0,0,1,1,medio_alto
10,3500000.0,10886,0.5035825831343009,2,5,1,0,0,0,0,1,1,0,1,0,0,gratuito
9,35000.0,276,0.6884057971014492,2,4,1,0,0,0,0,0,0,0,0,0,0,alto
2,10000.0,351,0.905982905982906,1,3,1,1,0,0,0,1,1,0,0,0,0,alto
4,10000.0,10,0.7,1,5,1,0,0,0,0,0,0,0,0,0,0,medio_alto
4,10000.0,83,0.7108433734939759,3,2,1,0,0,0,1,0,0,0,1,0,0,medio_alto
2,10000.0,8,0.75,1,2,1,0,0,0,0,1,0,0,0,0,0,medio_baixo
2,10000.0,0,0.0,1,1,1,0,0,0,0,0,0,1,0,0,0,medio_baixo
1,0.0,0,0.0,0,0,1,0,0,0,0,0,0,0,0,0,0,gratuito
1,10000.0,1,1.0,2,3,1,0,0,0,1,0,1,1,0,0,0,baixo
9,10000.0,36,0.6666666666666666,1,3,1,0,0,0,0,0,0,1,0,0,1,gratuito
4,35000.0,4,1.0,1,1,1,0,0,0,0,0,0,0,1,0,0,baixo
1,10000.0,10,1.0,1,1,1,0,0,0,0,1,0,0,0,0,0,medio_baixo
6,10000.0,0,0.0,3,2,1,0,0,2,1,0,0,1,0,0,0,baixo
12,10000.0,27,0.7777777777777778,1,2,1,0,0,0,0,0,0,0,0,0,0,alto
1,10000.0,0,0.0,11,3,1,0,0,1,1,0,1,0,0,0,1,medio_baixo
10,350000.0,12103,0.9511691316202594,8,2,1,0,0,0,1,0,0,1,0,0,0,baixo
2,0.0,0,0.0,1,4,1,0,0,0,1,1,1,0,0,0,0,gratuito
2,10000.0,35,0.9142857142857143,2,1,1,0,0,0,1,0,0,0,0,0,0,medio_baixo
4,35000.0,231,0.5064935064935064,8,3,1,0,0,1,1,0,0,0,0,1,1,medio_baixo
6,10000.0,12,0.16666666666666666,1,5,1,0,0,0,1,1,1,0,1,1,0,baixo
10,35000.0,93,0.7956989247311828,2,1,1,0,0,0,0,0,0,0,0,1,0,medio_alto
7,750000.0,11609,0.7590662417090188,13,1,1,0,0,0,0,0,1,0,0,0,0,alto
1,10000.0,3,1.0,7,2,1,0,0,0,1,0,0,0,1,0,0,medio_baixo
1,10000.0,10,0.7,6,8,1,0,0,0,1,1,1,1,1,1,1,alto
3,150000.0,2899,0.5336322869955157,10,3,1,0,0,0,1,1,1,0,0,0,0,medio_alto
4,10000.0,13,0.7692307692307693,11,3,1,0,0,0,1,1,0,1,0,0,0,medio_alto
2,0.0,0,0.0,0,0,1,0,0,0,0,0,0,0,0,0,0,gratuito
7,10000.0,5,0.6,2,4,1,1,0,0,1,0,0,1,0,1,1,alto
12,10000.0,132,0.696969696969697,4,2,1,0,0,0,1,0,1,0,0,0,0,medio_alto
5,10000.0,28,0.8928571428571429,2,2,1,0,0,0,1,0,0,0,0,0,1,alto
2,10000.0,7,0.8571428571428571,2,1,1,0,0,1,0,0,0,0,0,0,0,baixo
1,0.0,0,0.0,13,4,1,0,0,0,1,0,0,1,0,0,1,gratuito
3,0.0,0,0.0,103,9,1,1,1,0,1,1,1,1,1,1,1,alto
1,10000.0,0,0.0,13,3,1,0,0,0,1,1,0,1,0,0,0,baixo
8,10000.0,119,0.9327731092436975,1,3,1,1,1,0,1,0,0,1,0,0,1,medio_baixo
2,10000.0,1,1.0,12,3,1,0,0,0,1,0,0,1,0,1,0,baixo
1,10000.0,103,0.9805825242718447,4,3,1,1,1,0,1,0,1,1,0,0,0,baixo
7,35000.0,142,0.7183098591549296,2,4,1,0,0,1,1,0,1,0,1,1,0,alto
4,10000.0,1,1.0,1,2,1,0,0,0,1,0,0,0,0,1,0,baixo
2,10000.0,0,0.0,2,5,1,0,0,0,1,1,1,1,0,0,1,gratuito
6,10000.0,2,0.5,1,3,1,0,0,0,1,1,0,0,0,0,1,baixo
1,10000.0,0,0.0,1,4,1,0,0,0,1,0,1,1,0,0,0,baixo
4,10000.0,1,1.0,2,5,1,0,0,0,1,1,0,1,1,1,0,baixo
1,10000.0,0,0.0,1,4,1,0,0,0,1,0,0,1,0,1,0,medio_baixo
4,10000.0,42,0.7857142857142857,1,3,1,0,0,0,1,1,0,0,1,0,0,medio_alto
5,10000.0,4,0.5,1,3,1,1,0,0,1,1,1,0,0,0,0,alto
9,10000.0,14,0.6428571428571429,1,2,1,0,0,0,1,0,1,0,0,0,0,medio_alto
9,10000.0,3,0.3333333333333333,1,1,1,0,0,0,0,1,0,0,0,0,0,baixo
2,10000.0,1,1.0,1,3,1,0,0,0,1,0,0,1,0,1,0,baixo
2,10000.0,0,0.0,12,4,1,0,0,0,1,0,0,1,1,0,1,baixo
4,10000.0,1,1.0,1,2,1,0,0,0,1,1,0,0,0,0,0,medio_alto
3,10000.0,0,0.0,2,1,1,0,0,0,0,1,0,0,0,0,0,alto
3,0.0,0,0.0,0,0,1,0,0,0,0,0,0,0,0,0,0,gratuito
2,10000.0,9,0.8888888888888888,1,4,1,0,0,0,1,1,1,0,0,1,0,medio_baixo
1,10000.0,0,0.0,1,4,1,0,0,0,1,1,1,0,0,0,0,gratuito
5,75000.0,780,0.9641025641025641,2,3,1,0,0,0,1,1,0,0,0,0,1,gratuito
6,10000.0,0,0.0,10,5,1,0,0,3,1,0,0,1,0,1,1,medio_baixo
4,10000.0,6,1.0,1,3,1,0,0,0,0,0,1,0,0,0,1,alto
1,10000.0,0,0.0,1,4,1,0,0,0,1,0,1,1,0,0,1,alto
2,0.0,0,0.0,0,0,1,0,0,0,0,0,0,0,0,0,0,gratuito
1,10000.0,0,0.0,1,6,1,0,0,0,1,1,1,1,1,0,0,medio_baixo
10,10000.0,9,0.1111111111111111,1,2,1,0,0,0,1,1,0,0,0,0,0,baixo
9,10000.0,0,0.0,1,6,1,0,0,0,1,1,1,1,1,0,0,alto
4,150000.0,1689,0.9626998223801065,7,3,1,0,0,1,1,1,1,0,0,0,0,medio_baixo
6,10000.0,3,1.0,1,4,1,1,0,0,1,0,1,1,1,0,0,alto
4,10000.0,6,0.3333333333333333,1,3,1,0,0,0,0,1,0,0,0,0,1,baixo
4,10000.0,12,0.8333333333333334,6,5,1,0,1,0,1,1,0,1,0,0,0,medio_alto
10,10000.0,1,1.0,9,3,1,0,0,0,0,0,0,0,0,0,0,gratuito
3,10000.0,42,0.9285714285714286,1,2,1,0,0,0,1,0,0,1,0,0,0,baixo
4,0.0,0,0.0,1,1,1,0,0,0,1,0,0,0,0,0,0,gratuito
6,10000.0,5,1.0,11,4,1,1,1,0,1,0,1,1,0,0,0,gratuito
3,10000.0,0,0.0,1,2,1,1,0,0,1,0,1,0,0,0,0,medio_baixo
2,10000.0,3,0.6666666666666666,103,3,1,0,0,0,1,0,0,0,0,0,1,baixo
2,10000.0,0,0.0,1,4,1,1,1,1,1,0,0,1,0,0,1,baixo
6,10000.0,16,0.6875,2,2,1,0,0,0,1,1,0,0,0,0,0,gratuito
7,10000.0,3,1.0,1,5,1,0,0,0,1,0,1,0,1,1,1,alto
9,10000.0,13,0.6923076923076923,1,7,1,0,0,0,1,1,1,0,1,1,0,baixo
4,10000.0,30,0.7666666666666667,1,1,1,0,0,0,0,0,0,0,1,0,0,gratuito
9,75000.0,459,0.6601307189542484,3,5,1,0,0,1,1,0,1,1,1,1,0,baixo
5,10000.0,5,0.8,1,2,1,1,0,0,1,0,0,0,1,0,0,alto
2,10000.0,4,0.5,1,2,1,0,0,0,0,0,0,0,0,0,1,alto
7,10000.0,1,1.0,1,4,1,0,0,0,1,0,0,1,0,1,1,medio_baixo
1,0.0,0,0.0,0,0,1,0,0,0,0,0,0,0,0,0,0,gratuito
9,10000.0,248,0.8830645161290323,1,2,1,1,1,3,1,0,0,0,0,0,0,alto
3,0.0,0,0.0,1,4,1,0,0,0,0,0,1,0,1,0,0,gratuito
2,10000.0,187,0.786096256684492,13,4,1,0,0,0,1,0,0,1,0,1,1,medio_alto
8,10000.0,100,1.0,1,1,1,0,0,0,0,0,1,0,0,0,0,medio_alto
5,35000.0,47,0.5319148936170213,8,4,1,0,0,1,1,1,1,0,1,0,0,medio_alto
2,10000.0,118,0.8305084745762712,5,2,1,0,0,0,0,0,0,0,1,0,1,alto
1,0.0,0,0.0,1,4,1,1,0,0,0,0,0,1,0,1,1,gratuito
2,10000.0,11,0.09090909090909091,1,2,1,0,0,0,1,0,1,0,0,0,0,baixo
5,10000.0,3,0.6666666666666666,1,2,1,0,0,0,1,1,0,0,0,0,0,alto
1,0.0,0,0.0,0,0,1,0,0,0,0,0,0,0,0,0,0,gratuito
1,0.0,0,0.0,1,2,1,0,0,0,0,0,0,1,0,1,0,medio_alto
1,10000.0,0,0.0,1,5,1,0,0,0,1,0,1,1,0,1,1,medio_alto
1,0.0,0,0.0,103,5,1,0,0,0,1,1,0,1,0,0,1,medio_baixo
8,10000.0,75,0.7066666666666667,3,4,1,0,0,0,1,0,0,1,1,1,0,medio_alto
1,0.0,0,0.0,12,3,1,0,0,0,1,0,0,0,0,0,1,gratuito
3,10000.0,285,0.9403508771929825,6,2,1,0,0,0,1,0,1,0,0,0,0,medio_alto
11,35000.0,69,0.7681159420289855,1,2,1,0,0,1,1,1,0,0,0,0,0,baixo
1,10000.0,47,0.8723404255319149,14,2,1,0,0,14,0,1,0,0,0,1,0,alto
1,0.0,0,0.0,1,4,1,1,1,0,1,1,0,0,0,0,1,gratuito
8,10000.0,50,0.54,1,2,1,0,0,0,1,1,0,0,0,0,0,medio_alto
2,10000.0,0,0.0,4,2,1,0,0,0,1,0,0,1,0,0,0,medio_baixo
5,10000.0,22,0.8181818181818182,1,3,1,0,0,0,1,1,1,0,0,0,0,gratuito
7,150000.0,293,0.590443686006826,1,3,1,1,1,0,1,0,0,1,0,1,0,baixo
5,75000.0,2,1.0,1,1,1,0,0,0,1,0,0,0,0,0,0,baixo
2,10000.0,17,0.9411764705882353,1,6,1,1,1,0,1,0,0,1,0,1,1,gratuito
2,10000.0,1,1.0,7,2,1,0,0,0,0,1,1,0,0,0,0,medio_baixo
2,10000.0,0,0.0,2,1,1,0,0,0,0,0,0,1,0,0,0,baixo
8,10000.0,21,0.7142857142857143,4,4,1,1,0,1,1,0,1,1,0,0,0,alto
3,10000.0,6,0.16666666666666666,1,3,1,0,0,0,1,1,0,1,0,0,0,baixo
12,150000.0,238,0.3487394957983193,7,2,1,0,0,0,0,0,0,0,0,1,1,medio_baixo
3,10000.0,0,0.0,2,2,1,0,1,0,0,0,1,1,0,0,0,medio_alto
7,10000.0,113,0.8230088495575221,1,4,1,0,0,0,1,0,0,1,1,0,1,medio_baixo
4,10000.0,18,0.8333333333333334,2,4,1,0,0,0,1,1,0,0,0,0,1,medio_baixo
1,10000.0,0,0.0,1,1,1,0,0,0,0,1,0,0,0,0,0,alto
7,10000.0,30,0.6333333333333333,1,3,1,0,0,0,1,1,0,0,0,0,0,alto
5,10000.0,0,0.0,29,2,1,0,0,0,1,0,0,1,0,0,0,medio_baixo
4,35000.0,485,0.7876288659793814,11,4,1,0,0,0,1,0,0,1,0,1,1,medio_alto
1,0.0,0,0.0,7,1,1,1,0,0,0,0,0,1,0,0,0,alto
1,10000.0,6,1.0,1,3,1,0,0,0,1,1,0,0,0,1,0,medio_baixo
5,75000.0,29,0.6551724137931034,1,2,1,0,0,0,1,0,1,0,0,0,0,medio_baixo
1,10000.0,0,0.0,9,1,1,0,0,1,0,0,0,0,0,1,0,medio_alto
3,10000.0,104,0.8942307692307693,12,5,1,0,0,0,1,1,1,1,0,0,1,medio_alto
1,10000.0,0,0.0,6,2,1,0,0,0,1,0,1,0,0,0,0,medio_baixo
4,0.0,0,0.0,0,0,1,0,0,0,0,0,0,0,0,0,0,gratuito
5,350000.0,2054,0.9162609542356378,7,4,1,0,0,0,1,0,1,1,1,0,0,medio_alto
8,10000.0,7,0.7142857142857143,1,7,1,0,0,0,1,1,1,1,0,0,1,medio_alto
11,35000.0,206,0.7135922330097088,2,2,1,0,0,0,1,0,0,0,0,0,1,baixo
7,10000.0,24,0.6666666666666666,2,4,1,0,0,0,1,1,0,1,0,1,0,medio_alto
9,10000.0,27,0.7407407407407407,7,2,1,1,1,0,1,1,0,0,0,0,0,gratuito
10,10000.0,32,0.75,9,3,1,0,0,0,0,0,0,1,0,1,1,baixo
7,10000.0,144,0.7013888888888888,1,5,1,1,1,1,1,1,1,1,0,0,1,baixo
2,10000.0,6,0.5,1,2,1,0,0,0,0,0,0,0,1,0,0,medio_alto
4,75000.0,91,0.6593406593406593,1,5,1,0,0,0,1,0,1,0,1,1,1,medio_alto
5,10000.0,2,1.0,1,3,1,0,0,0,1,1,1,0,0,0,0,alto
1,0.0,0,0.0,0,0,1,0,0,0,0,0,0,0,0,0,0,gratuito
9,10000.0,37,0.8648648648648649,1,2,1,0,1,1,1,0,1,0,0,0,0,medio_alto
1,10000.0,27,0.9629629629629629,3,1,1,0,0,0,1,0,0,0,0,0,0,medio_baixo
6,10000.0,0,0.0,1,1,1,0,0,1,0,0,1,0,0,0,0,alto
1,0.0,0,0.0,0,0,1,0,0,0,0,0,0,0,0,0,0,gratuito
1,10000.0,0,0.0,3,6,1,0,0,0,1,1,1,0,1,0,1,alto
5,150000.0,822,0.7055961070559611,12,3,1,1,0,0,1,1,1,0,0,0,0,medio_baixo
1,0.0,0,0.0,1,4,1,0,0,0,1,0,0,0,0,1,1,gratuito
9,10000.0,1,1.0,1,4,1,0,0,0,1,1,0,1,0,0,0,alto
6,10000.0,17,1.0,1,3,1,0,0,1,0,1,1,1,0,0,0,baixo
6,10000.0,1,0.0,1,2,1,0,0,0,1,1,0,0,0,0,0,baixo
1,10000.0,0,0.0,11,5,1,0,0,0,0,1,1,0,0,1,1,alto
4,0.0,0,0.0,2,3,1,0,0,3,1,0,0,1,0,0,0,gratuito
4,75000.0,170,0.7352941176470589,1,5,1,0,0,0,1,1,1,0,0,0,0,gratuito
3,10000.0,0,0.0,6,3,1,0,0,0,1,0,0,1,0,1,0,medio_baixo
1,10000.0,0,0.0,2,2,1,1,0,0,0,0,0,0,0,1,1,alto
9,10000.0,28,0.7142857142857143,3,2,1,1,1,0,1,1,0,0,0,0,0,baixo
4,10000.0,2,1.0,1,2,1,1,1,0,0,1,0,1,0,0,0,medio_baixo
8,10000.0,15,0.4,2,3,1,0,0,0,1,1,0,0,0,0,0,medio_baixo
2,10000.0,80,0.7,7,2,1,1,1,1,0,0,0,0,1,1,0,medio_baixo
1,10000.0,0,0.0,1,3,1,0,0,0,0,0,1,0,1,0,0,medio_baixo
8,35000.0,293,0.9419795221843004,15,2,1,0,0,0,1,0,0,1,0,0,0,baixo
5,10000.0,0,0.0,3,1,1,0,0,0,0,0,0,0,1,0,0,medio_alto
2,10000.0,55,0.9818181818181818,4,3,1,0,0,0,1,0,0,1,0,0,1,medio_alto
3,10000.0,48,0.7708333333333334,3,2,1,0,0,0,0,0,1,0,1,0,0,medio_alto
2,0.0,0,0.0,1,4,1,0,0,0,1,0,1,1,0,0,0,gratuito
1,10000.0,1,1.0,1,1,1,1,0,0,0,0,0,1,0,0,0,baixo
2,0.0,0,0.0,0,0,1,0,0,0,0,0,0,0,0,0,0,gratuito
5,0.0,0,0.0,1,4,1,1,1,1,1,1,1,0,0,0,0,gratuito
1,10000.0,0,0.0,1,2,1,0,0,0,1,0,0,0,0,0,1,alto
4,10000.0,0,0.0,1,3,1,0,0,1,0,1,1,0,0,0,1,medio_alto
2,0.0,0,0.0,6,3,1,0,0,0,0,0,1,1,0,0,0,gratuito
11,10000.0,489,0.8118609406952966,1,3,1,0,0,1,1,0,0,1,0,0,1,baixo
10,10000.0,1,1.0,1,1,1,0,0,0,0,0,1,0,0,0,0,alto
8,10000.0,49,0.42857142857142855,3,4,1,1,1,0,1,1,1,0,1,0,0,medio_baixo
4,0.0,0,0.0,2,4,1,0,1,0,1,0,0,1,0,0,1,gratuito
2,0.0,0,0.0,1,7,1,1,0,0,1,1,1,0,0,0,0,gratuito
6,10000.0,17,0.7647058823529411,1,1,1,0,1,0,0,1,0,0,0,0,0,gratuito
9,10000.0,26,0.8846153846153846,1,3,1,1,1,0,1,0,1,0,1,0,0,medio_alto
2,10000.0,4,0.75,3,2,1,0,0,0,1,0,1,0,0,0,0,baixo
1,10000.0,0,0.0,1,4,1,0,0,0,1,1,1,1,0,0,0,alto
1,10000.0,0,0.0,1,2,1,0,0,0,1,0,0,0,0,0,1,medio_alto
1,0.0,0,0.0,1,4,1,0,0,0,0,0,1,0,1,0,1,gratuito
2,0.0,0,0.0,12,2,1,0,0,0,0,0,0,0,0,0,1,gratuito
9,10000.0,69,0.8405797101449275,5,3,1,0,0,0,1,1,1,0,0,0,0,medio_baixo
9,10000.0,32,0.84375,1,2,1,1,1,0,0,0,0,1,0,0,1,medio_alto
6,10000.0,1,1.0,1,2,1,0,0,0,0,0,0,1,0,0,0,alto
2,0.0,0,0.0,0,0,1,0,0,0,0,0,0,0,0,0,0,gratuito
2,35000.0,12,0.3333333333333333,2,3,1,0,0,0,1,0,1,1,0,0,0,alto
7,10000.0,0,0.0,1,5,1,1,1,0,1,1,1,0,1,0,0,medio_alto
5,0.0,0,0.0,1,5,1,0,0,0,1,1,1,0,0,0,1,gratuito
2,0.0,0,0.0,0,0,1,0,0,0,0,0,0,0,0,0,0,gratuito
9,75000.0,1739,0.7561817136285222,9,2,1,0,0,1,1,1,0,0,0,0,0,medio_alto
3,10000.0,1,0.0,2,4,1,0,0,3,0,0,1,0,1,1,1,alto
9,35000.0,134,0.7313432835820896,5,3,1,1,0,0,0,0,0,0,0,1,0,gratuito
5,35000.0,291,0.9553264604810997,9,3,1,0,0,0,1,0,1,1,0,0,0,medio_baixo
4,35000.0,20,0.9,1,2,1,0,0,0,0,0,1,0,1,0,0,alto
4,0.0,0,0.0,0,0,1,0,0,0,0,0,0,0,0,0,0,gratuito
7,35000.0,112,0.7589285714285714,1,3,1,0,0,0,1,0,0,0,0,1,1,baixo
2,75000.0,4,0.75,1,3,1,0,0,0,1,0,0,0,0,1,1,baixo
4,75000.0,1,1.0,20,7,1,0,0,0,1,1,1,1,1,1,0,alto
3,10000.0,63,0.6666666666666666,1,3,1,0,0,0,1,0,1,1,0,0,0,medio_baixo
6,10000.0,6,0.6666666666666666,1,3,1,0,0,0,1,0,1,0,0,0,1,gratuito
6,10000.0,16,0.75,1,2,1,0,0,0,0,0,0,1,0,0,0,gratuito
2,0.0,0,0.0,0,0,1,0,0,0,0,0,0,0,0,0,0,gratuito
1,10000.0,276,0.782608695652174,13,3,1,0,0,2,0,0,0,0,0,1,1,alto
5,10000.0,7,1.0,5,4,1,1,1,0,1,0,1,1,0,1,0,medio_baixo
6,35000.0,945,0.870899470899471,9,3,1,0,0,0,0,0,0,0,0,1,1,alto
3,10000.0,1,1.0,3,4,1,0,0,0,1,1,1,1,0,0,0,medio_baixo
4,10000.0,20,0.8,1,4,1,0,0,0,1,1,0,1,0,1,0,medio_alto
12,150000.0,311,0.6913183279742765,4,1,1,0,0,0,0,1,0,0,0,0,0,baixo
8,10000.0,7,0.5714285714285714,1,4,1,0,0,0,0,1,0,1,0,0,1,medio_baixo
6,35000.0,46,0.782608695652174,1,3,1,0,0,0,1,1,0,0,0,0,0,gratuito
5,10000.0,78,0.7051282051282052,1,1,1,0,0,0,0,0,0,0,0,0,0,gratuito
1,0.0,0,0.0,1,6,1,0,0,0,1,1,1,1,0,0,0,gratuito
9,10000.0,7,0.42857142857142855,1,3,1,1,1,0,1,0,1,0,1,0,0,medio_baixo
10,10000.0,10,0.5,1,4,1,0,0,0,0,1,0,0,0,0,1,medio_alto
1,10000.0,0,0.0,5,5,1,0,0,0,1,0,0,1,1,0,1,medio_alto
4,10000.0,10,0.6,2,3,1,0,0,0,1,1,0,0,1,0,0,alto
1,10000.0,0,0.0,1,1,1,0,0,0,1,0,0,0,0,0,0,baixo
2,0.0,0,0.0,5,2,1,0,0,0,0,0,1,0,0,0,1,gratuito
2,10000.0,1,1.0,3,1,1,1,0,0,0,0,0,1,0,0,0,baixo
2,0.0,0,0.0,0,0,1,0,0,0,0,0,0,0,0,0,0,gratuito
11,35000.0,56,0.39285714285714285,6,2,1,1,0,0,0,0,0,1,0,1,0,gratuito
10,350000.0,1473,0.6272912423625254,1,4,1,0,0,1,1,1,1,1,0,0,0,baixo
6,35000.0,124,0.9112903225806451,1,5,1,1,0,1,1,1,1,1,1,0,0,baixo
3,150000.0,1985,0.9113350125944585,11,3,1,1,0,0,1,0,1,1,0,0,0,medio_baixo
1,10000.0,1,1.0,1,1,1,0,1,0,0,0,0,0,0,1,0,alto
2,10000.0,16,0.8125,11,3,1,1,0,0,1,1,0,0,1,0,0,baixo
2,10000.0,4,1.0,1,3,1,0,0,0,0,1,1,0,0,0,1,medio_alto
10,10000.0,52,0.7115384615384616,1,4,1,1,1,0,1,0,0,1,0,1,1,medio_alto
3,35000.0,9,0.7777777777777778,1,2,1,0,0,1,1,1,0,0,0,0,0,gratuito
5,10000.0,0,0.0,2,1,1,0,0,0,0,0,0,1,0,0,0,medio_alto
11,10000.0,13,0.7692307692307693,1,4,1,0,0,0,1,1,1,0,1,0,0,medio_alto
8,10000.0,1,1.0,1,3,1,0,0,0,1,1,0,1,0,0,0,baixo
3,10000.0,29,0.8620689655172413,1,3,1,0,1,0,1,0,1,0,1,0,0,medio_baixo
8,10000.0,65,0.7692307692307693,2,5,1,0,0,1,1,1,1,1,1,0,0,alto
4,35000.0,179,0.8324022346368715,6,4,1,0,0,0,1,0,0,1,0,1,1,medio_alto
3,0.0,0,0.0,0,0,1,0,0,0,0,0,0,0,0,0,0,gratuito
5,10000.0,1,0.0,1,1,1,0,0,0,1,0,0,0,0,0,0,medio_alto
3,10000.0,129,0.9922480620155039,14,1,1,0,0,0,0,1,0,0,0,0,0,alto
8,10000.0,3,0.3333333333333333,1,3,1,0,0,0,1,0,0,1,0,1,0,alto
7,10000.0,45,0.6,2,1,1,0,0,0,0,0,0,0,0,0,0,medio_baixo
1,10000.0,0,0.0,3,4,1,0,0,0,1,0,1,1,1,0,0,medio_baixo
2,10000.0,17,1.0,4,2,1,0,0,0,1,0,0,0,0,1,0,medio_alto
1,10000.0,0,0.0,1,2,1,0,0,0,0,0,0,1,0,0,0,baixo
6,10000.0,39,1.0,3,4,1,1,1,1,1,1,1,0,0,0,0,alto
2,0.0,0,0.0,0,0,1,0,0,0,0,0,0,0,0,0,0,gratuito
5,10000.0,6,0.6666666666666666,4,4,1,0,0,0,1,0,1,1,0,1,0,baixo
7,10000.0,5,1.0,1,3,1,1,0,0,1,1,0,1,0,0,0,baixo
1,0.0,0,0.0,12,3,1,0,0,0,1,1,1,0,0,0,0,medio_alto
3,0.0,0,0.0,0,0,1,0,0,0,0,0,0,0,0,0,0,gratuito
7,10000.0,0,0.0,1,3,1,0,0,0,0,1,1,0,0,0,0,alto
1,0.0,0,0.0,1,3,1,0,0,0,1,0,0,0,1,0,0,gratuito
8,10000.0,50,0.6,3,3,1,1,0,0,1,1,0,0,1,0,0,alto
1,10000.0,0,0.0,2,3,1,0,0,0,1,0,1,0,0,1,0,medio_baixo
6,35000.0,25,0.76,1,3,1,0,1,1,1,0,0,0,0,1,0,gratuito
4,10000.0,0,0.0,10,4,1,1,0,0,1,0,1,1,1,0,0,baixo
1,10000.0,43,0.7674418604651163,8,2,1,0,0,0,1,0,0,0,0,0,1,medio_baixo
17,35000.0,67,0.2537313432835821,2,3,1,0,0,0,1,1,0,0,0,1,0,medio_baixo
3,10000.0,44,0.9772727272727273,1,2,1,1,0,1,1,1,0,0,0,0,0,medio_baixo
3,350000.0,11897,0.954610405984702,12,2,1,0,0,3,0,1,1,0,0,0,0,alto
1,0.0,0,0.0,2,5,1,0,1,0,1,1,0,0,1,1,0,gratuito
2,10000.0,56,0.8214285714285714,1,2,1,0,0,1,1,1,0,0,0,0,0,baixo
2,10000.0,0,0.0,1,3,1,0,0,1,1,1,0,0,0,0,0,gratuito
4,10000.0,3,0.3333333333333333,5,4,1,1,1,0,1,1,1,1,0,0,0,baixo
2,75000.0,1544,0.9792746113989638,3,2,1,0,1,0,0,0,0,0,1,0,1,medio_baixo
1,10000.0,25,0.84,1,2,1,0,0,0,1,1,0,0,0,0,0,alto
5,350000.0,1472,0.9252717391304348,1,4,1,0,0,0,1,1,1,0,1,0,0,baixo
4,10000.0,0,0.0,1,3,1,0,0,0,1,0,1,1,0,0,0,baixo
2,10000.0,29,0.9310344827586207,5,2,1,0,0,0,0,0,0,0,0,0,0,medio_baixo
2,10000.0,0,0.0,2,3,1,0,0,0,1,1,0,1,0,0,0,gratuito
1,10000.0,0,0.0,5,2,1,0,0,0,0,1,0,1,0,0,0,alto
8,10000.0,72,0.8333333333333334,4,2,1,0,0,0,0,0,0,1,0,0,0,alto
6,10000.0,0,0.0,2,2,1,0,0,0,1,0,0,1,0,0,0,baixo
5,10000.0,48,0.8958333333333334,1,3,1,1,1,0,0,1,0,0,0,0,1,medio_alto
4,10000.0,1,1.0,1,2,1,1,0,0,1,1,0,0,0,0,0,baixo
3,0.0,0,0.0,1,5,1,1,0,0,1,0,1,1,0,1,1,gratuito
4,10000.0,27,0.7407407407407407,1,3,1,0,0,0,0,0,0,0,0,0,0,gratuito
2,10000.0,57,0.8070175438596491,1,4,1,0,0,1,1,1,0,1,0,0,0,gratuito
2,35000.0,7,1.0,1,4,1,0,0,0,1,1,1,0,0,0,0,medio_alto
5,0.0,0,0.0,0,0,1,0,0,0,0,0,0,0,0,0,0,gratuito
6,10000.0,124,0.6048387096774194,1,2,1,0,0,0,0,1,0,0,0,0,0,alto
8,10000.0,12,0.8333333333333334,1,3,1,0,0,0,1,1,1,0,0,0,0,medio_baixo
10,10000.0,14,0.6428571428571429,1,2,1,0,0,0,0,1,0,0,0,0,1,medio_baixo
2,10000.0,0,0.0,1,3,1,0,0,0,0,0,1,1,1,0,0,alto
1,10000.0,2,1.0,1,3,1,0,0,0,1,1,1,0,0,0,0,medio_alto
6,10000.0,2,1.0,2,1,1,0,0,0,0,0,0,0,0,0,1,medio_baixo
1,0.0,0,0.0,1,4,1,0,0,0,1,1,0,1,0,0,0,gratuito
7,35000.0,329,0.9331306990881459,1,3,1,0,0,5,1,0,0,1,0,0,0,gratuito
6,10000.0,32,0.71875,4,3,1,1,0,0,1,0,0,1,0,1,0,medio_alto
3,0.0,0,0.0,0,0,1,0,0,0,0,0,0,0,0,0,0,gratuito
5,10000.0,0,0.0,1,3,1,0,0,0,1,1,1,0,0,0,0,gratuito
5,0.0,0,0.0,0,0,1,0,0,0,0,0,0,0,0,0,0,gratuito
7,10000.0,43,0.5116279069767442,2,4,1,0,0,0,1,1,1,0,0,0,1,alto
1,10000.0,2,1.0,2,2,1,0,1,0,0,1,0,0,1,0,0,medio_baixo
2,10000.0,23,0.5217391304347826,9,4,1,0,0,0,1,1,1,1,0,0,0,medio_baixo
1,0.0,0,0.0,2,3,1,0,0,0,0,0,0,0,0,0,1,medio_baixo
6,10000.0,17,0.9411764705882353,5,1,1,0,0,0,0,0,0,1,0,0,0,baixo
2,10000.0,1,0.0,2,2,1,0,0,0,1,0,0,1,0,0,0,medio_baixo
3,10000.0,0,0.0,1,6,1,0,0,1,0,0,1,1,1,1,0,gratuito
4,10000.0,6,1.0,1,3,1,0,0,0,1,1,0,1,0,0,0,medio_baixo
1,0.0,0,0.0,0,0,1,0,0,0,0,0,0,0,0,0,0,gratuito
10,10000.0,6,0.3333333333333333,1,3,1,0,0,0,1,1,0,0,1,0,0,medio_alto
10,75000.0,130,0.8,2,2,1,1,1,0,1,1,0,0,0,0,0,medio_baixo
2,10000.0,6,1.0,3,2,1,1,1,0,1,0,0,0,1,0,0,medio_baixo
7,10000.0,22,0.9545454545454546,29,2,1,1,1,1,1,0,0,1,0,0,0,medio_baixo
2,0.0,0,0.0,0,0,1,0,0,0,0,0,0,0,0,0,0,gratuito
3,10000.0,0,0.0,1,2,1,0,0,0,1,0,0,0,0,1,0,gratuito
1,10000.0,5,0.8,1,4,1,1,0,0,0,0,1,1,1,0,0,medio_baixo
2,10000.0,8,1.0,3,2,1,0,0,0,0,0,0,1,0,1,0,medio_alto
4,10000.0,57,0.6842105263157895,18,3,1,1,0,0,1,0,1,1,0,0,0,alto
2,10000.0,49,0.9387755102040817,2,2,1,0,0,0,1,0,0,1,0,0,0,medio_baixo
2,10000.0,6,0.6666666666666666,2,3,1,0,0,0,1,0,0,1,0,1,0,baixo
1,10000.0,0,0.0,1,4,1,0,0,0,1,1,0,0,0,1,0,medio_alto
12,3500000.0,101740,0.9286809514448594,12,3,1,1,1,8,1,0,1,0,0,0,1,medio_baixo
7,10000.0,18,0.9444444444444444,1,3,1,1,1,3,1,1,0,0,0,0,0,gratuito
5,10000.0,0,0.0,1,2,1,0,0,0,0,1,1,0,0,0,0,medio_baixo
1,10000.0,7,1.0,1,1,1,0,0,0,0,0,0,0,0,0,1,medio_baixo
1,10000.0,16,0.8125,27,3,1,0,0,0,0,0,0,1,0,0,0,medio_baixo
2,10000.0,18,0.8888888888888888,27,4,1,0,0,0,0,1,0,0,1,1,1,medio_baixo
7,10000.0,131,0.6641221374045801,5,1,1,0,0,0,0,1,0,0,0,0,0,alto
2,10000.0,0,0.0,1,3,1,0,0,0,1,1,0,1,0,0,0,medio_baixo
7,10000.0,24,0.4583333333333333,1,4,1,0,0,0,1,1,0,1,0,0,0,alto
4,10000.0,46,0.8913043478260869,1,3,1,1,1,0,1,0,1,0,1,0,0,medio_baixo
11,35000.0,31,0.7741935483870968,1,3,1,0,1,0,1,1,1,0,0,0,0,medio_alto
3,10000.0,388,0.7628865979381443,13,3,1,0,0,1,0,1,1,0,1,0,0,alto
4,0.0,0,0.0,0,0,1,0,0,0,0,0,0,0,0,0,0,gratuito
2,10000.0,5,1.0,1,2,1,0,0,0,1,1,0,0,0,0,0,medio_baixo
7,10000.0,7,0.7142857142857143,1,3,1,0,0,0,1,0,0,1,0,1,0,baixo
5,10000.0,1,1.0,1,2,1,0,0,0,1,1,0,0,0,0,0,baixo
9,10000.0,30,0.8666666666666667,1,2,1,0,0,0,1,1,0,0,0,0,0,gratuito
2,750000.0,12671,0.813116565385526,6,4,1,0,0,20,1,1,0,0,0,1,1,alto
1,10000.0,48,0.75,6,3,1,1,1,0,1,0,1,1,0,0,0,baixo
2,10000.0,12,0.8333333333333334,2,4,1,0,0,0,1,1,1,1,0,0,0,medio_alto
9,10000.0,115,0.8869565217391304,7,5,1,0,0,0,1,0,1,0,0,0,1,alto
1,0.0,0,0.0,14,4,1,0,0,0,1,1,1,0,0,0,0,gratuito
1,0.0,0,0.0,1,4,1,0,0,0,1,0,1,1,0,0,0,gratuito
5,10000.0,19,0.3157894736842105,29,9,1,1,1,0,1,1,1,1,1,1,1,alto
2,35000.0,281,0.5765124555160143,1,3,1,0,0,0,1,1,1,0,0,0,0,medio_baixo
8,350000.0,2190,0.9095890410958904,17,2,1,1,0,1,1,0,0,0,0,1,0,alto
3,10000.0,0,0.0,1,3,1,1,1,9,1,0,1,1,0,0,0,alto
8,150000.0,5,0.8,5,6,1,0,1,1,1,0,0,1,0,1,1,medio_alto
3,35000.0,2,1.0,2,2,1,0,0,0,1,0,0,0,1,0,0,alto
8,10000.0,59,0.23728813559322035,1,4,1,0,0,0,1,0,0,1,0,0,1,baixo
4,35000.0,11,0.9090909090909091,1,1,1,1,0,0,0,0,0,0,0,0,1,medio_alto
6,10000.0,0,0.0,1,1,1,0,0,0,0,0,0,0,0,1,0,alto
2,10000.0,4,0.5,3,2,1,1,0,0,0,0,1,1,0,0,0,medio_alto
2,0.0,0,0.0,103,6,1,0,0,0,1,1,1,1,0,0,1,gratuito
2,0.0,0,0.0,103,1,1,0,0,0,0,0,0,1,0,0,0,baixo
8,10000.0,7,0.2857142857142857,2,3,1,0,0,1,1,0,0,1,0,1,0,baixo
1,10000.0,0,0.0,2,4,1,0,0,0,1,1,1,0,1,0,0,alto
2,1500000.0,33575,0.8363067758749069,26,1,1,1,0,10,0,0,0,0,0,0,1,alto
2,10000.0,2,0.5,1,2,1,0,0,0,1,0,0,0,1,0,0,medio_alto
2,0.0,0,0.0,1,3,1,0,0,0,1,0,1,0,0,0,0,gratuito
1,10000.0,0,0.0,6,10,1,0,0,0,1,1,1,1,0,1,1,alto
4,10000.0,17,0.8235294117647058,1,5,1,1,1,1,1,1,1,1,0,0,1,medio_baixo
1,0.0,0,0.0,1,3,1,0,0,0,1,0,1,0,0,0,0,gratuito
8,75000.0,876,0.9452054794520548,2,2,1,0,0,2,1,0,0,1,0,0,0,gratuito
1,10000.0,0,0.0,1,4,1,0,0,0,1,1,0,0,0,1,1,alto
6,10000.0,507,0.46548323471400394,1,6,1,0,0,0,1,0,0,1,1,1,1,alto
9,10000.0,43,0.4186046511627907,1,2,1,0,0,0,1,0,0,1,0,0,0,medio_baixo
10,10000.0,73,0.6301369863013698,1,3,1,0,0,0,1,0,1,0,0,0,1,baixo
3,10000.0,2,1.0,1,2,1,0,0,0,1,1,0,0,0,0,0,baixo
4,75000.0,647,0.9211746522411128,10,3,1,0,0,4,1,0,1,1,0,0,0,medio_baixo
6,75000.0,10,0.7,2,4,1,0,0,0,1,0,1,0,1,1,0,baixo
6,10000.0,22,0.5909090909090909,14,3,1,0,0,0,1,0,1,1,0,0,0,baixo
2,10000.0,88,0.9318181818181818,1,4,1,0,0,0,1,0,0,1,1,1,0,medio_alto
1,0.0,0,0.0,1,2,1,0,0,0,1,0,0,0,1,0,0,alto
8,350000.0,1665,0.6426426426426426,13,8,1,1,0,0,1,1,1,1,1,1,1,gratuito
9,10000.0,7,0.7142857142857143,3,3,1,1,0,0,1,1,1,0,0,0,0,alto
4,10000.0,0,0.0,2,2,1,0,0,0,0,1,0,0,0,0,0,medio_baixo
7,10000.0,77,0.6623376623376623,4,1,1,0,0,0,0,1,0,0,0,0,0,medio_baixo
1,0.0,0,0.0,0,0,1,0,0,0,0,0,0,0,0,0,0,gratuito
3,10000.0,85,0.9647058823529412,2,4,1,0,0,0,1,1,0,1,0,0,0,alto
7,10000.0,12,0.75,1,7,1,0,0,0,1,1,1,1,0,1,1,gratuito
6,10000.0,335,0.8417910447761194,4,2,1,0,0,0,1,0,1,0,0,0,0,medio_alto
5,10000.0,0,0.0,1,5,1,0,0,0,1,1,1,1,0,0,1,gratuito
10,150000.0,478,0.8682008368200836,1,1,1,0,0,0,0,0,1,0,0,0,0,medio_alto
1,0.0,0,0.0,0,0,1,0,0,0,0,0,0,0,0,0,0,gratuito
1,0.0,0,0.0,1,2,1,1,0,0,0,1,0,0,0,0,0,gratuito
5,10000.0,68,0.8970588235294118,1,1,1,0,0,0,0,0,0,0,0,0,1,medio_alto
7,10000.0,3,0.3333333333333333,1,2,1,0,0,3,1,0,0,1,0,0,0,baixo
2,10000.0,0,0.0,1,2,1,0,0,0,0,1,0,0,0,0,0,medio_alto
2,10000.0,2,1.0,1,3,1,0,0,0,1,1,0,0,0,0,1,medio_baixo
10,10000.0,44,0.8636363636363636,1,2,1,1,0,1,1,1,0,0,0,0,0,baixo
10,10000.0,153,0.6601307189542484,7,4,1,0,0,0,0,0,0,1,1,1,1,medio_alto
4,10000.0,15,0.9333333333333333,9,5,1,1,1,6,1,0,0,1,0,0,1,medio_baixo
4,10000.0,17,0.7058823529411765,8,2,1,0,0,0,1,0,1,0,0,0,0,baixo
3,10000.0,10,1.0,1,3,1,1,1,0,1,1,1,0,0,0,0,baixo
4,10000.0,17,0.8823529411764706,2,1,1,0,0,0,1,0,0,0,0,0,0,baixo
10,10000.0,55,0.7454545454545455,1,1,1,0,0,0,0,0,0,1,0,0,0,medio_baixo
10,10000.0,48,0.6458333333333334,1,3,1,0,0,0,1,1,1,0,0,0,0,baixo
5,10000.0,8,0.5,1,2,1,0,0,0,0,0,0,0,1,0,0,alto
9,10000.0,30,0.7666666666666667,1,3,1,0,1,0,1,0,0,1,0,1,0,medio_baixo
4,10000.0,9,1.0,1,3,1,0,0,0,1,1,1,0,0,0,0,baixo
2,10000.0,19,0.9473684210526315,1,4,1,0,0,1,1,1,0,0,0,1,0,gratuito
7,3500000.0,106281,0.8810135395790405,12,1,1,0,0,27,0,1,0,0,0,0,0,medio_alto
11,10000.0,14450,0.6163321799307958,8,1,1,0,0,782,0,0,0,0,0,0,1,alto
4,10000.0,1,1.0,1,1,1,0,0,0,0,1,0,0,0,0,0,medio_alto
11,10000.0,59,0.7288135593220338,10,2,1,0,0,0,1,0,0,1,0,0,0,medio_alto
1,75000.0,13,0.9230769230769231,7,2,1,0,0,0,1,1,0,0,0,0,0,medio_alto
1,0.0,0,0.0,1,2,1,0,0,0,1,0,0,0,0,0,0,medio_alto
6,10000.0,26,0.6538461538461539,5,5,1,0,0,0,1,1,1,1,0,0,0,gratuito
1,35000.0,831,0.7184115523465704,9,3,1,0,0,0,0,0,0,1,1,0,1,alto
3,75000.0,833,0.8619447779111644,10,2,1,0,0,2,0,1,1,0,0,0,0,medio_alto
13,10000.0,88,0.875,1,3,1,0,0,0,1,0,0,1,0,1,0,baixo
3,10000.0,12,0.8333333333333334,5,1,1,0,0,1,0,0,0,0,0,1,0,medio_alto
12,10000.0,53,0.660377358490566,7,2,1,0,0,0,0,0,0,1,0,0,1,medio_baixo
1,10000.0,0,0.0,14,5,1,0,0,0,1,0,0,1,0,1,1,medio_baixo
2,10000.0,208,0.9855769230769231,1,1,1,0,0,1,0,0,1,0,0,0,0,medio_alto
11,35000.0,971,0.8856848609680742,3,3,1,0,0,1,1,1,0,1,0,0,0,alto
11,10000.0,80,0.5125,1,3,1,1,1,0,1,0,1,0,0,0,0,alto
4,75000.0,2281,0.8601490574309514,35,3,1,1,1,0,1,0,0,0,0,1,1,alto
7,10000.0,26,0.8076923076923077,1,3,1,0,0,2,0,0,0,0,0,0,0,gratuito
1,10000.0,0,0.0,1,2,1,0,0,0,1,0,0,1,0,0,0,medio_alto
8,10000.0,13,0.9230769230769231,1,3,1,1,1,0,1,1,0,1,0,0,0,alto
1,10000.0,0,0.0,7,2,1,0,0,0,1,0,1,0,0,0,0,baixo
3,10000.0,0,0.0,1,1,1,0,0,0,1,0,0,0,0,0,0,medio_baixo
2,10000.0,203,0.9802955665024631,1,1,1,0,0,0,0,0,0,1,0,0,0,alto
13,750000.0,438,0.6301369863013698,5,2,1,0,0,0,0,0,0,1,0,1,0,baixo
2,0.0,0,0.0,1,3,1,0,0,0,1,0,1,1,0,0,0,gratuito
8,10000.0,67,0.6865671641791045,11,5,1,0,0,0,1,1,0,1,0,1,0,gratuito
2,35000.0,577,0.9393414211438474,3,2,1,1,0,1,1,0,0,0,0,1,0,alto
8,150000.0,961,0.8553590010405827,2,4,1,0,0,0,1,0,1,0,1,0,0,gratuito
3,10000.0,44,0.3409090909090909,1,2,1,0,0,0,0,0,0,0,0,0,1,medio_alto
2,0.0,0,0.0,1,4,1,0,0,0,1,0,1,1,0,0,0,gratuito
6,35000.0,389,0.8920308483290489,5,5,1,0,0,2,1,0,1,1,1,0,0,gratuito
1,10000.0,0,0.0,15,1,1,0,0,0,0,1,0,0,0,0,0,medio_alto
3,350000.0,3622,0.97736057426836,1,3,1,0,0,1,1,1,1,0,0,0,0,gratuito
1,10000.0,1,1.0,1,1,1,0,0,0,0,0,0,1,0,0,0,medio_baixo
1,10000.0,2,0.0,2,4,1,0,0,0,1,1,0,1,1,0,0,medio_baixo
1,0.0,0,0.0,0,0,1,0,0,0,0,0,0,0,0,0,0,gratuito
1,10000.0,19,0.7368421052631579,2,2,1,0,0,0,0,1,0,1,0,0,0,alto
2,10000.0,248,0.8225806451612904,1,2,1,0,0,0,1,0,0,0,0,0,1,alto
2,10000.0,5,0.8,2,4,1,0,0,0,1,1,1,1,0,0,0,medio_baixo
5,10000.0,0,0.0,3,1,1,1,1,0,0,0,0,1,0,0,0,alto
10,35000.0,146,0.8013698630136986,1,2,1,1,1,0,1,0,0,0,0,1,0,medio_alto
4,0.0,0,0.0,1,1,1,1,0,1,0,0,0,1,0,0,0,gratuito
2,10000.0,1,0.0,4,1,1,0,0,0,0,1,0,0,0,0,0,alto
5,10000.0,129,0.7209302325581395,4,2,1,0,0,2,1,0,1,0,0,0,0,medio_baixo
8,10000.0,5,0.8,1,3,1,1,0,0,1,0,1,0,1,0,0,baixo
6,10000.0,21,0.9047619047619048,11,1,1,0,0,0,0,0,0,1,0,0,0,baixo
1,10000.0,0,0.0,3,5,1,0,0,0,1,0,1,0,1,0,1,alto
4,10000.0,18,0.8888888888888888,9,3,1,0,0,1,1,1,0,1,0,0,0,alto
16,150000.0,126,0.7619047619047619,2,2,1,0,0,0,0,0,0,0,0,1,1,baixo
2,35000.0,52,1.0,1,3,1,0,0,1,1,0,1,0,1,0,0,medio_alto
8,35000.0,266,0.8947368421052632,5,2,1,0,0,0,1,0,1,0,0,0,0,baixo
2,10000.0,186,0.7849462365591398,6,3,1,0,0,0,1,0,0,0,0,1,1,medio_alto
4,10000.0,49,0.6938775510204082,1,5,1,0,0,0,1,1,1,0,0,0,0,gratuito
3,10000.0,147,0.673469387755102,2,1,1,0,0,0,1,0,0,0,0,0,0,medio_baixo
1,0.0,0,0.0,0,0,1,0,0,0,0,0,0,0,0,0,0,gratuito
6,10000.0,5,0.4,15,3,1,1,0,0,1,1,0,1,0,0,0,baixo
5,10000.0,41,0.975609756097561,4,4,1,0,0,0,1,0,1,1,1,0,0,medio_alto
1,0.0,0,0.0,0,0,1,0,0,0,0,0,0,0,0,0,0,gratuito
2,10000.0,8,0.625,1,1,1,0,0,0,1,0,0,0,0,0,0,baixo
2,0.0,0,0.0,1,3,1,0,0,0,0,0,0,0,0,0,0,gratuito
10,10000.0,42,0.8095238095238095,1,2,1,1,1,0,1,1,0,0,0,0,0,medio_alto
1,35000.0,1,1.0,1,3,1,0,0,0,1,1,0,0,0,0,0,baixo
3,350000.0,9939,0.8640708320756615,11,2,1,0,0,2,1,1,0,0,0,0,0,alto
6,10000.0,0,0.0,1,4,1,0,0,0,1,1,1,1,0,0,0,alto
15,150000.0,1101,0.8755676657584015,1,1,1,0,0,4,0,1,0,0,0,0,0,alto
1,0.0,0,0.0,0,0,1,0,0,0,0,0,0,0,0,0,0,gratuito
2,0.0,0,0.0,0,0,1,0,0,0,0,0,0,0,0,0,0,gratuito
2,35000.0,5,1.0,2,3,1,0,0,0,1,0,1,1,0,0,0,baixo
5,10000.0,14,0.5714285714285714,1,2,1,0,0,0,1,0,0,1,0,0,0,baixo
6,10000.0,10,0.8,1,4,1,0,0,0,1,0,1,0,1,0,0,gratuito
1,0.0,0,0.0,6,4,1,0,0,0,1,1,0,1,1,0,0,medio_baixo
8,10000.0,29,0.7586206896551724,1,2,1,0,0,0,1,0,0,1,0,0,0,baixo
7,10000.0,2,0.5,1,4,1,0,0,0,1,1,0,1,0,0,0,medio_baixo
7,35000.0,6,1.0,1,2,1,1,1,0,1,0,0,0,0,0,0,medio_baixo
2,0.0,0,0.0,0,0,1,0,0,0,0,0,0,0,0,0,0,gratuito
5,0.0,0,0.0,0,0,1,0,0,0,0,0,0,0,0,0,0,gratuito
13,75000.0,108,0.6759259259259259,2,2,1,0,0,0,1,0,0,0,0,1,0,medio_baixo
6,10000.0,692,0.9494219653179191,7,2,1,1,1,1,0,1,1,0,0,0,0,medio_alto
4,10000.0,7,0.8571428571428571,1,3,1,0,0,0,1,1,0,1,0,0,0,medio_alto
1,0.0,0,0.0,0,0,1,0,0,0,0,0,0,0,0,0,0,gratuito
2,75000.0,2560,0.749609375,11,2,1,0,0,0,0,1,1,0,0,0,0,alto
1,10000.0,0,0.0,2,3,1,0,0,0,1,1,0,1,0,0,0,medio_baixo
3,0.0,0,0.0,1,4,1,0,0,0,0,0,1,1,0,0,1,gratuito
3,10000.0,10,1.0,1,3,1,0,0,0,1,0,1,0,1,0,0,baixo
2,10000.0,93,0.8709677419354839,1,3,1,1,1,1,1,0,0,0,1,1,0,medio_alto
7,10000.0,14,0.5714285714285714,5,5,1,0,0,0,1,1,0,1,0,0,1,alto
3,10000.0,14,0.8571428571428571,1,5,1,0,0,0,1,1,1,1,0,0,1,baixo
3,150000.0,1290,0.8875968992248062,19,1,1,0,0,0,0,0,0,0,0,0,1,gratuito
7,10000.0,3,0.6666666666666666,1,5,1,0,0,0,1,1,1,1,0,0,0,medio_baixo
6,10000.0,4,0.5,1,4,1,1,1,0,1,0,1,1,1,0,0,medio_baixo
3,10000.0,0,0.0,1,5,1,0,0,6,1,0,0,1,1,0,1,gratuito
3,10000.0,3,0.0,1,4,1,0,0,0,1,1,1,0,0,0,0,medio_baixo
2,10000.0,5,0.8,8,1,1,1,1,0,0,1,0,0,0,0,0,baixo
6,10000.0,4,1.0,1,2,1,0,0,0,0,0,0,0,0,0,0,baixo
1,0.0,0,0.0,6,1,1,0,0,0,0,0,0,1,0,0,0,medio_alto
5,10000.0,2,1.0,1,4,1,0,0,0,1,1,1,0,0,1,0,baixo
3,10000.0,4,0.75,1,7,1,0,0,0,1,1,1,1,1,0,1,alto
7,10000.0,1,1.0,2,2,1,0,0,0,1,0,0,1,0,0,0,baixo
7,10000.0,4,0.75,1,2,1,0,0,0,0,1,0,1,0,0,0,medio_alto
3,0.0,0,0.0,0,0,1,0,0,0,0,0,0,0,0,0,0,gratuito
2,10000.0,15,0.8,1,2,1,0,0,0,1,0,1,0,0,0,0,medio_baixo
4,10000.0,5,0.6,1,3,1,0,0,0,1,1,1,0,0,0,0,alto
3,10000.0,13,0.7692307692307693,1,2,1,0,0,0,0,0,1,0,0,0,1,gratuito
6,0.0,0,0.0,0,0,1,0,0,0,0,0,0,0,0,0,0,gratuito
2,10000.0,451,0.9733924611973392,1,3,1,0,0,0,1,1,1,0,0,0,0,alto
4,10000.0,0,0.0,103,4,1,0,0,0,1,0,1,1,0,0,1,baixo
1,10000.0,58,0.7413793103448276,7,1,1,0,0,1,0,1,0,0,0,0,0,alto
3,35000.0,444,0.9031531531531531,4,3,1,0,0,0,1,0,0,1,0,0,1,medio_baixo
1,10000.0,0,0.0,1,4,1,0,0,0,1,0,0,1,0,1,1,medio_baixo
4,350000.0,2617,0.9281620175773787,7,2,1,1,0,2,1,0,1,0,0,0,0,medio_alto
2,0.0,0,0.0,103,2,1,0,0,0,1,0,0,1,0,0,0,baixo
1,0.0,0,0.0,1,2,1,0,0,0,0,1,1,0,0,0,0,alto
11,35000.0,52,0.6346153846153846,5,3,1,0,0,0,1,1,0,1,0,0,0,baixo
1,10000.0,0,0.0,1,2,1,0,0,0,1,0,0,0,0,0,1,medio_alto
2,10000.0,439,0.856492027334852,1,3,1,0,0,0,1,0,1,1,0,0,0,medio_alto
5,10000.0,0,0.0,1,1,1,0,0,0,1,0,0,0,0,0,0,baixo
6,10000.0,25,0.68,2,4,1,0,0,0,1,1,0,0,1,1,0,medio_baixo
5,10000.0,41,0.6829268292682927,1,3,1,0,0,0,0,1,1,0,1,0,0,medio_alto
2,0.0,0,0.0,17,5,1,0,0,0,1,1,0,0,1,0,0,gratuito
5,10000.0,63,0.9682539682539683,1,1,1,1,1,0,0,0,0,0,0,0,1,baixo
12,35000.0,187,0.732620320855615,6,4,1,0,0,0,1,1,1,0,1,0,0,medio_alto
1,0.0,0,0.0,0,0,1,0,0,0,0,0,0,0,0,0,0,gratuito
10,35000.0,821,0.928136419001218,5,2,1,0,0,1,0,0,1,0,0,0,1,alto
5,10000.0,0,0.0,1,2,1,0,0,0,1,0,1,0,0,0,0,baixo
2,0.0,0,0.0,1,4,1,0,0,0,0,1,1,0,1,0,0,gratuito
3,10000.0,0,0.0,5,5,1,1,1,4,1,1,1,0,1,0,1,medio_alto
1,10000.0,0,0.0,1,2,1,0,0,0,0,0,1,0,0,0,0,alto
2,10000.0,6,0.5,6,2,1,0,0,0,1,1,0,0,0,0,0,medio_alto
1,10000.0,0,0.0,1,3,1,0,1,0,1,0,0,1,0,0,1,alto
1,10000.0,2,1.0,1,2,1,0,0,0,1,0,0,1,0,0,0,baixo
7,10000.0,7,0.2857142857142857,1,2,1,0,0,0,0,1,0,0,0,0,1,medio_baixo
9,10000.0,24,0.25,1,5,1,0,0,0,1,1,1,1,0,1,0,baixo
5,10000.0,1,0.0,1,3,1,0,0,0,1,0,1,1,0,0,0,medio_alto
6,75000.0,822,0.8807785888077859,6,2,1,0,0,0,0,0,0,0,1,1,0,alto
2,10000.0,2,0.5,1,1,1,0,0,0,0,0,0,1,0,0,0,baixo
3,10000.0,0,0.0,4,2,1,0,0,0,0,1,1,0,0,0,0,alto
5,10000.0,4,0.75,1,2,1,1,0,0,0,0,0,1,0,0,0,alto
8,10000.0,13,0.9230769230769231,1,3,1,0,0,0,1,1,0,1,0,0,0,medio_baixo
3,75000.0,1320,0.9757575757575757,1,2,1,1,0,1,1,0,0,1,0,0,0,alto
3,0.0,0,0.0,0,0,1,0,0,0,0,0,0,0,0,0,0,gratuito
2,10000.0,34,0.8823529411764706,8,2,1,0,0,0,1,0,0,0,0,1,0,alto
1,0.0,0,0.0,0,0,1,0,0,0,0,0,0,0,0,0,0,gratuito
9,10000.0,2,1.0,1,4,1,1,0,0,1,0,1,0,1,1,0,baixo
1,0.0,0,0.0,1,2,1,0,0,0,1,0,1,0,0,0,0,alto
3,10000.0,62,0.9193548387096774,1,2,1,0,0,0,0,0,0,1,0,0,0,alto
1,0.0,0,0.0,2,5,1,0,0,0,1,1,0,1,1,1,0,medio_alto
3,10000.0,1,0.0,16,3,1,0,0,0,0,0,1,1,0,0,1,alto
7,10000.0,44,0.9772727272727273,2,2,1,1,1,1,1,0,0,1,0,0,0,medio_baixo
10,75000.0,758,0.8482849604221636,1,3,1,0,0,0,1,1,0,1,0,0,0,baixo
5,350000.0,6,0.8333333333333334,1,2,1,1,0,0,0,0,0,0,1,0,1,medio_baixo
9,10000.0,30,0.8333333333333334,1,2,1,0,0,0,0,0,0,0,0,1,1,medio_alto
1,0.0,0,0.0,2,3,1,0,0,0,0,1,0,0,0,0,0,gratuito
5,10000.0,5,0.6,1,1,1,0,0,0,0,0,0,0,0,1,0,alto
1,0.0,0,0.0,0,0,1,0,0,0,0,0,0,0,0,0,0,gratuito
3,10000.0,12,0.3333333333333333,2,7,1,0,0,0,1,1,1,0,1,0,1,medio_baixo
8,10000.0,0,0.0,13,3,1,0,0,0,1,1,1,0,0,0,0,medio_baixo
5,10000.0,2,0.0,1,2,1,0,0,0,1,0,0,1,0,0,0,medio_baixo
2,0.0,0,0.0,2,2,1,0,0,0,0,0,1,0,0,0,0,gratuito
1,0.0,0,0.0,2,2,1,0,0,0,1,0,1,0,0,0,0,baixo
3,0.0,0,0.0,2,5,1,0,0,0,1,1,1,1,0,0,0,gratuito
2,10000.0,15,0.8666666666666667,2,7,1,0,0,0,1,0,1,0,1,1,1,medio_baixo
5,35000.0,92,0.9782608695652174,2,4,1,0,0,0,1,1,1,0,1,0,0,medio_baixo
1,10000.0,67,0.9104477611940298,10,2,1,0,0,0,1,1,0,0,0,0,0,medio_baixo
1,0.0,0,0.0,1,3,1,0,0,0,1,0,1,1,0,0,0,medio_baixo
7,350000.0,1637,0.7990226023213195,2,3,1,0,0,0,1,0,0,0,0,1,0,gratuito
2,10000.0,3,0.6666666666666666,9,4,1,0,0,0,1,1,0,1,1,0,0,medio_baixo
7,10000.0,0,0.0,1,4,1,0,0,0,1,0,1,1,0,0,1,alto
2,10000.0,0,0.0,2,3,1,0,0,0,0,0,1,1,0,0,1,medio_alto
2,0.0,0,0.0,0,0,1,0,0,0,0,0,0,0,0,0,0,gratuito
1,10000.0,1,1.0,7,2,1,0,0,0,0,1,1,0,0,0,0,alto
1,35000.0,712,0.5491573033707865,4,5,1,0,0,0,0,0,0,1,1,1,0,gratuito
2,0.0,0,0.0,0,0,1,0,0,0,0,0,0,0,0,0,0,gratuito
1,10000.0,9,1.0,1,4,1,0,0,0,0,1,1,0,1,0,0,medio_alto
1,10000.0,0,0.0,1,1,1,0,0,0,0,0,0,1,0,0,0,baixo
10,10000.0,93,0.6774193548387096,1,2,1,0,0,3,0,0,0,0,0,0,0,alto
11,150000.0,1659,0.7872212176009644,1,2,1,1,1,0,1,1,0,0,0,0,0,gratuito
3,75000.0,1977,0.8730399595346484,26,3,1,1,1,0,1,0,0,1,0,0,1,baixo
9,10000.0,22,0.8636363636363636,1,2,1,0,0,0,1,0,0,0,0,0,1,gratuito
2,10000.0,81,0.7901234567901234,7,3,1,0,1,0,1,0,0,1,0,1,0,medio_baixo
2,75000.0,1287,0.6231546231546231,12,4,1,0,0,86,1,1,0,0,1,0,0,gratuito
7,35000.0,55,0.8181818181818182,1,5,1,1,0,1,1,0,0,1,1,0,1,gratuito
6,350000.0,4805,0.9152965660770032,11,2,1,1,0,1,1,0,0,0,0,1,0,medio_alto
7,10000.0,9,0.5555555555555556,1,2,1,0,0,0,1,0,1,0,0,0,0,baixo
2,10000.0,0,0.0,2,3,1,0,0,1,1,0,0,1,0,0,1,medio_alto
10,10000.0,13,0.38461538461538464,1,5,1,0,0,0,1,1,1,1,0,0,1,medio_alto
5,0.0,0,0.0,0,0,1,0,0,0,0,0,0,0,0,0,0,gratuito
1,0.0,0,0.0,0,0,1,0,0,0,0,0,0,0,0,0,0,gratuito
1,0.0,0,0.0,0,0,1,0,0,0,0,0,0,0,0,0,0,gratuito
5,0.0,0,0.0,1,4,1,0,0,0,0,1,1,1,0,0,0,gratuito
1,0.0,0,0.0,0,0,1,0,0,0,0,0,0,0,0,0,0,gratuito
1,10000.0,0,0.0,1,1,1,0,0,0,0,0,0,1,0,0,0,medio_baixo
3,0.0,0,0.0,1,1,1,0,0,0,0,0,0,0,0,0,0,gratuito
2,10000.0,19,0.631578947368421,2,1,1,0,0,0,0,1,0,0,0,0,0,baixo
5,75000.0,766,0.9490861618798956,5,2,1,0,0,1,1,0,1,0,0,0,0,alto
2,0.0,0,0.0,0,0,1,0,0,0,0,0,0,0,0,0,0,gratuito
3,10000.0,2,0.5,1,5,1,0,0,0,1,0,1,1,1,1,0,medio_baixo
3,10000.0,100,0.77,4,1,1,0,0,0,0,0,0,0,1,0,0,medio_alto
10,35000.0,206,0.7281553398058253,5,3,1,0,0,0,0,1,1,1,0,0,0,medio_alto
3,0.0,0,0.0,1,2,1,0,0,0,0,1,0,0,0,0,0,gratuito
2,10000.0,3,0.6666666666666666,1,1,1,0,0,0,0,0,0,0,0,0,1,baixo
7,10000.0,0,0.0,1,4,1,1,0,0,1,0,0,1,0,1,0,medio_alto
3,10000.0,0,0.0,1,3,1,1,1,0,1,0,1,1,0,0,0,baixo
4,10000.0,1,1.0,1,5,1,0,0,0,1,0,1,1,0,1,1,medio_alto
4,35000.0,160,0.475,2,5,1,0,0,0,0,1,1,1,1,1,0,medio_baixo
8,10000.0,83,0.6506024096385542,1,2,1,0,0,0,1,0,0,1,0,0,0,baixo
7,35000.0,150,0.9,29,2,1,0,0,1,1,0,0,1,0,0,0,baixo
4,10000.0,3,1.0,1,1,1,0,0,0,0,0,1,0,0,0,0,medio_baixo
8,10000.0,51,0.9607843137254902,1,5,1,0,0,0,1,1,1,0,1,1,0,medio_baixo
1,0.0,0,0.0,1,2,1,1,0,0,0,0,1,1,0,0,0,alto
17,350000.0,5072,0.9420347003154574,15,2,1,0,0,0,0,1,0,0,0,1,0,gratuito
3,35000.0,997,0.8976930792377131,15,2,1,0,0,3,0,1,1,0,0,0,0,alto
8,75000.0,1355,0.9247232472324723,1,4,1,1,1,0,1,0,1,0,1,0,1,medio_baixo
1,10000.0,8,1.0,1,2,1,0,0,1,1,0,0,1,0,0,0,medio_alto
9,10000.0,169,0.8520710059171598,1,1,1,0,0,1,0,0,0,0,0,0,1,alto
11,75000.0,501,0.6227544910179641,7,2,1,1,1,0,1,0,0,1,0,0,0,baixo
5,10000.0,305,0.6163934426229508,14,2,1,0,0,1,1,0,1,0,0,0,0,medio_baixo
11,35000.0,171,0.8538011695906432,1,3,1,0,0,0,1,1,0,1,0,0,0,gratuito
3,10000.0,0,0.0,1,1,1,0,0,0,0,0,0,1,0,0,0,baixo
8,10000.0,106,0.9339622641509434,1,1,1,1,0,0,1,0,0,0,0,0,0,gratuito
4,0.0,0,0.0,0,0,1,0,0,0,0,0,0,0,0,0,0,gratuito
4,150000.0,10,0.3,3,2,1,0,0,0,1,0,0,0,0,1,0,medio_baixo
3,10000.0,7,0.5714285714285714,5,1,1,0,0,0,0,0,0,0,0,0,0,medio_alto
2,0.0,0,0.0,103,3,1,0,0,0,0,0,0,1,0,0,1,gratuito
2,10000.0,0,0.0,1,3,1,0,0,0,1,0,1,0,1,0,0,medio_alto
4,75000.0,1078,0.7050092764378478,7,3,1,0,0,3,1,0,0,0,1,1,0,alto
4,10000.0,5,1.0,11,2,1,0,0,0,1,1,0,0,0,0,0,medio_baixo
10,10000.0,56,0.625,2,2,1,1,1,0,1,1,0,0,0,0,0,gratuito
1,0.0,0,0.0,2,4,1,1,0,0,1,0,0,1,0,0,1,gratuito
11,10000.0,122,0.7786885245901639,1,2,1,0,0,0,0,0,0,0,0,0,1,alto
6,10000.0,302,0.8774834437086093,1,3,1,1,1,1,1,0,0,0,0,1,0,gratuito
5,35000.0,117,0.9487179487179487,2,4,1,0,1,1,1,1,0,1,0,0,0,alto
3,10000.0,353,0.7563739376770539,8,3,1,0,0,0,1,1,0,0,0,0,0,medio_alto
1,0.0,0,0.0,1,3,1,0,0,0,1,1,0,0,0,0,0,medio_baixo
4,10000.0,14,0.7142857142857143,1,4,1,0,0,0,1,0,0,1,0,1,1,medio_baixo
8,75000.0,281,0.7153024911032029,1,4,1,1,1,3,1,0,0,0,0,1,0,gratuito
4,150000.0,2245,0.489086859688196,3,3,1,0,0,0,0,0,0,1,1,0,1,medio_alto
2,10000.0,0,0.0,1,4,1,0,0,0,1,0,0,1,1,0,0,gratuito
2,10000.0,1,1.0,1,3,1,1,1,0,1,0,0,1,0,1,0,medio_baixo
2,10000.0,4,1.0,1,1,1,0,0,0,0,0,0,1,0,0,0,baixo
7,75000.0,502,0.8366533864541833,2,2,1,0,0,0,1,0,0,0,1,0,0,medio_alto
1,10000.0,0,0.0,1,3,1,1,1,0,1,0,0,1,1,0,0,alto
3,10000.0,1,1.0,1,3,1,0,1,0,1,1,0,1,0,0,0,baixo
8,10000.0,24,0.7083333333333334,1,5,1,0,0,0,1,0,1,1,0,0,1,gratuito
5,10000.0,4,0.5,1,2,1,0,0,0,1,1,0,0,0,0,0,medio_baixo
7,10000.0,20,0.6,1,3,1,1,1,0,0,0,0,0,1,0,1,medio_baixo
4,10000.0,11,1.0,26,3,1,1,0,0,0,0,1,1,0,0,1,medio_alto
5,350000.0,4032,0.9285714285714286,7,4,1,1,0,1,1,0,1,1,1,0,0,medio_alto
3,75000.0,87,0.5632183908045977,3,3,1,0,0,0,1,0,0,1,1,0,0,medio_alto
2,0.0,0,0.0,1,4,1,0,1,0,1,0,1,1,0,0,0,gratuito
6,1500000.0,15360,0.6997395833333333,12,1,1,0,0,2,0,1,0,0,0,0,0,alto
9,10000.0,0,0.0,2,1,1,0,0,0,0,0,0,0,0,0,0,medio_baixo
4,10000.0,266,0.9135338345864662,3,6,1,1,0,1,1,1,1,0,1,0,1,medio_alto
9,10000.0,208,0.8509615384615384,2,2,1,1,1,0,0,0,0,0,0,0,0,gratuito
5,10000.0,56,0.9285714285714286,1,2,1,0,0,0,1,1,0,0,0,0,0,baixo
6,10000.0,23,0.8260869565217391,1,4,1,0,0,1,0,1,1,1,0,0,0,medio_baixo
2,0.0,0,0.0,0,0,1,0,0,0,0,0,0,0,0,0,0,gratuito
2,35000.0,86,0.8255813953488372,1,3,1,0,0,0,1,1,1,0,0,0,0,baixo
3,10000.0,27,0.8888888888888888,29,3,1,0,0,0,1,0,0,0,0,1,1,baixo
6,350000.0,56,0.9285714285714286,1,2,1,0,0,0,0,0,0,1,0,1,0,medio_alto
3,10000.0,2,1.0,1,2,1,0,0,0,1,0,0,0,0,0,0,medio_alto
1,10000.0,0,0.0,12,1,1,0,0,0,0,0,0,1,0,0,0,baixo
12,75000.0,120,0.9,1,2,1,0,0,0,0,0,0,1,0,1,0,medio_baixo
3,10000.0,200,0.96,2,3,1,1,1,0,1,0,1,1,0,0,0,medio_baixo
10,10000.0,229,0.8820960698689956,1,3,1,1,1,0,1,1,0,0,0,0,0,gratuito
9,10000.0,9,0.2222222222222222,1,2,1,0,0,0,1,0,0,1,0,0,0,medio_baixo
2,35000.0,923,0.905742145178765,6,5,1,1,1,0,1,1,1,0,0,0,1,alto
3,10000.0,8,0.875,1,1,1,0,0,0,0,0,0,1,0,0,0,medio_baixo
10,35000.0,146,0.6917808219178082,3,2,1,1,0,0,1,1,0,0,0,0,0,baixo
4,10000.0,7,0.5714285714285714,1,5,1,0,0,0,1,0,1,1,0,0,1,medio_baixo
11,10000.0,41,0.6829268292682927,1,3,1,0,0,1,1,1,0,0,1,0,0,baixo
6,10000.0,92,0.8695652173913043,1,3,1,0,0,0,1,0,1,1,0,0,0,baixo
2,0.0,0,0.0,5,3,1,0,0,0,0,0,0,0,1,1,0,gratuito
6,10000.0,13,0.6153846153846154,7,3,1,1,0,0,1,0,0,0,1,0,1,baixo
2,10000.0,0,0.0,5,1,1,0,0,0,0,0,0,0,0,0,0,medio_alto
6,10000.0,85,0.7647058823529411,17,3,1,1,0,0,0,0,1,1,0,1,0,alto
5,0.0,0,0.0,1,4,1,0,0,0,1,0,1,1,0,0,0,gratuito
6,10000.0,68,0.5294117647058824,5,3,1,0,0,1,1,1,1,0,0,0,0,medio_baixo
12,150000.0,1553,0.17385705086928527,1,3,1,1,1,0,1,1,0,0,0,0,1,alto
16,350000.0,578,0.745674740484429,6,1,1,0,0,0,0,1,0,0,0,0,0,baixo
1,10000.0,8,0.625,1,2,1,0,0,0,0,0,1,0,0,0,0,medio_baixo
5,75000.0,840,0.9511904761904761,2,2,1,0,0,1,1,0,0,1,0,0,0,baixo
4,10000.0,28,0.6785714285714286,1,3,1,0,0,0,1,1,1,0,0,0,0,baixo
7,10000.0,0,0.0,2,1,1,0,0,0,0,1,0,0,0,0,0,medio_alto
1,10000.0,3,0.6666666666666666,1,4,1,0,0,0,0,0,0,1,1,1,1,baixo
9,35000.0,11,0.36363636363636365,1,1,1,0,0,0,0,0,0,0,0,1,0,alto
1,0.0,0,0.0,0,0,1,0,0,0,0,0,0,0,0,0,0,gratuito
4,10000.0,3,0.3333333333333333,1,2,1,0,0,0,0,0,0,0,0,1,1,gratuito
5,0.0,0,0.0,2,3,1,0,0,0,1,1,0,0,0,1,0,baixo
8,10000.0,70,0.5428571428571428,1,1,1,0,0,0,1,0,0,0,0,0,0,medio_alto
6,750000.0,23009,0.8570559346342735,2,0,1,0,0,2,0,0,0,0,0,0,0,alto
6,35000.0,5,0.4,1,3,1,0,0,0,1,1,0,0,0,1,0,medio_baixo
11,1500000.0,12323,0.8204982552949769,7,3,1,0,0,2,0,1,0,0,1,0,1,medio_alto
3,10000.0,66,0.6666666666666666,2,4,1,0,0,0,0,0,1,0,1,1,1,alto
1,10000.0,0,0.0,4,1,1,0,0,0,0,0,0,0,1,0,0,alto
1,10000.0,3,1.0,10,4,1,0,0,0,1,0,0,0,1,1,1,medio_baixo
4,10000.0,2,0.0,1,6,1,1,0,0,1,1,1,0,1,1,1,alto
3,10000.0,16,1.0,9,4,1,0,1,0,1,1,0,1,0,0,1,baixo
7,10000.0,74,0.6351351351351351,6,5,1,0,0,0,1,1,1,1,0,0,1,medio_alto
7,10000.0,0,0.0,1,4,1,0,0,0,1,1,1,1,0,0,0,baixo
3,10000.0,18,0.9444444444444444,3,4,1,0,0,0,1,1,1,0,0,0,0,medio_alto
2,10000.0,38,0.9736842105263158,1,4,1,0,0,0,1,0,1,1,0,1,0,medio_alto
4,10000.0,7,0.5714285714285714,1,3,1,0,0,0,0,0,1,1,0,0,1,medio_alto
9,10000.0,23,0.43478260869565216,1,6,1,0,0,0,0,1,1,0,1,1,0,alto
1,10000.0,8,0.875,2,2,1,0,0,0,1,0,0,1,0,0,0,medio_alto
9,35000.0,47,0.9787234042553191,1,2,1,0,0,0,0,0,1,1,0,0,0,medio_alto
1,0.0,0,0.0,0,0,1,0,0,0,0,0,0,0,0,0,0,gratuito
5,35000.0,82,0.6951219512195121,1,3,1,0,0,0,1,1,0,0,0,0,0,gratuito
4,10000.0,2,0.0,11,1,1,0,0,0,0,0,0,1,0,0,0,baixo
9,10000.0,41,0.1951219512195122,1,4,1,0,0,0,1,0,0,0,0,1,1,medio_baixo
2,0.0,0,0.0,103,3,1,0,0,0,0,0,0,1,0,0,1,gratuito
2,10000.0,16,1.0,3,4,1,0,0,0,1,1,1,1,0,0,0,alto
2,35000.0,4,1.0,6,2,1,0,0,0,1,0,0,0,0,0,1,alto
11,10000.0,23,0.6521739130434783,1,2,1,1,1,0,1,1,0,0,0,0,0,alto
1,0.0,0,0.0,0,0,1,0,0,0,0,0,0,0,0,0,0,gratuito
2,0.0,0,0.0,1,2,1,0,0,0,0,0,0,1,0,0,0,gratuito
9,150000.0,537,0.8081936685288641,6,2,1,1,0,1,1,0,1,0,0,0,0,baixo
1,10000.0,200,0.765,10,3,1,0,0,0,0,0,0,0,0,1,1,medio_alto
1,0.0,0,0.0,13,3,1,0,0,0,1,1,0,1,0,0,0,medio_baixo
1,10000.0,0,0.0,4,2,1,0,1,0,1,0,0,1,0,0,0,alto
3,0.0,0,0.0,0,0,1,0,0,0,0,0,0,0,0,0,0,gratuito
8,10000.0,8,0.875,1,1,1,0,1,1,1,0,0,0,0,0,0,gratuito
2,10000.0,0,0.0,1,3,1,0,1,0,0,1,0,0,0,0,0,gratuito
3,75000.0,2,1.0,1,3,1,0,0,0,1,1,0,0,1,0,0,baixo
2,10000.0,0,0.0,2,2,1,0,0,0,0,0,0,0,0,0,1,gratuito
6,10000.0,127,0.6299212598425197,1,3,1,0,0,0,1,1,1,0,0,0,0,medio_baixo
1,10000.0,0,0.0,1,3,1,0,0,0,1,0,0,1,1,0,0,medio_baixo
1,0.0,0,0.0,0,0,1,0,0,0,0,0,0,0,0,0,0,gratuito
4,10000.0,103,0.9611650485436893,11,2,1,0,0,0,1,0,0,1,0,0,0,baixo
8,150000.0,31,0.6774193548387096,1,2,1,0,0,1,1,1,0,0,0,0,0,baixo
1,10000.0,0,0.0,5,1,1,0,0,0,0,0,0,1,0,0,0,alto
2,0.0,0,0.0,1,3,1,0,0,1,1,0,0,1,0,0,0,gratuito
4,10000.0,58,0.6896551724137931,1,3,1,0,0,0,0,0,1,0,1,1,0,medio_alto
2,10000.0,20,0.95,10,3,1,0,0,0,1,1,1,0,0,0,0,alto
4,10000.0,53,0.9056603773584906,29,2,1,0,0,0,1,0,0,1,0,0,0,baixo
2,35000.0,26,0.9230769230769231,1,3,1,1,1,1,1,0,0,0,1,1,0,alto
1,0.0,0,0.0,1,3,1,0,0,0,1,0,1,0,0,0,0,gratuito
9,10000.0,14,0.42857142857142855,1,1,1,0,0,0,0,0,1,0,0,0,0,baixo
7,35000.0,149,0.3825503355704698,3,4,1,0,0,0,1,0,0,0,0,1,1,medio_alto
1,0.0,0,0.0,2,3,1,0,0,0,1,1,1,0,0,0,0,medio_alto
5,10000.0,71,0.9859154929577465,10,4,1,0,0,4,1,1,1,1,0,0,0,baixo
2,0.0,0,0.0,0,0,1,0,0,0,0,0,0,0,0,0,0,gratuito
5,10000.0,0,0.0,26,1,1,0,0,0,0,0,0,0,0,0,1,medio_alto
9,350000.0,1822,0.8243688254665203,1,4,1,1,1,1,1,1,1,0,0,1,0,medio_alto
2,0.0,0,0.0,1,4,1,0,0,0,1,1,1,0,0,0,0,gratuito
3,350000.0,1887,0.730259671436142,12,2,1,0,0,12,0,0,0,0,0,1,1,alto
1,75000.0,815,0.811042944785276,13,4,1,0,0,0,1,1,0,1,0,1,0,medio_alto
2,10000.0,7,1.0,7,3,1,0,0,0,0,1,0,1,0,1,0,baixo
7,10000.0,32,0.375,1,3,1,0,0,0,1,1,0,0,0,0,0,alto
3,0.0,0,0.0,1,1,1,0,0,0,0,1,0,0,0,0,0,gratuito
6,10000.0,7,0.5714285714285714,1,3,1,0,0,0,1,1,0,0,0,0,0,medio_alto
2,10000.0,152,0.9078947368421053,1,2,1,0,0,0,1,0,0,0,1,0,0,alto
3,10000.0,1,1.0,1,7,1,0,0,0,1,1,1,1,1,1,1,medio_baixo
3,10000.0,33,0.7878787878787878,1,4,1,0,0,0,1,1,0,0,0,1,0,medio_alto
4,10000.0,4,1.0,1,2,1,0,0,0,1,0,0,1,0,0,0,medio_baixo
4,10000.0,9,0.5555555555555556,1,3,1,0,0,0,1,1,0,1,0,0,0,medio_baixo
12,150000.0,2,0.5,1,1,1,0,0,0,0,0,0,0,0,0,0,alto
6,10000.0,4,1.0,1,2,1,0,0,0,1,0,0,0,0,1,0,baixo
10,10000.0,31,0.7741935483870968,1,2,1,0,0,0,1,0,0,0,0,0,0,medio_baixo
6,150000.0,604,0.859271523178808,1,6,1,0,0,3,0,0,0,0,0,0,0,gratuito
9,10000.0,5,0.4,11,4,1,1,1,0,1,1,1,1,0,0,0,alto
1,0.0,0,0.0,0,0,1,0,0,0,0,0,0,0,0,0,0,gratuito
1,0.0,0,0.0,0,0,1,0,0,0,0,0,0,0,0,0,0,gratuito
3,150000.0,1825,0.7731506849315068,9,6,1,0,0,2,1,1,1,1,1,0,1,alto
7,35000.0,62,0.532258064516129,29,3,1,0,0,0,1,1,0,1,0,0,0,baixo
4,10000.0,3,1.0,1,2,1,0,0,0,1,1,0,0,0,0,0,medio_alto
6,10000.0,40,0.65,1,2,1,0,0,0,0,1,0,0,0,1,0,gratuito
4,0.0,0,0.0,0,0,1,0,0,0,0,0,0,0,0,0,0,gratuito
7,35000.0,93,0.7311827956989247,4,4,1,0,0,0,1,1,1,0,0,0,1,alto
1,10000.0,0,0.0,2,1,1,0,0,0,0,0,0,1,0,0,0,medio_baixo
3,10000.0,58,0.896551724137931,31,4,1,0,0,0,0,1,0,1,0,1,1,baixo
2,10000.0,350,0.9028571428571428,1,3,1,0,0,1,0,0,1,1,1,0,0,medio_alto
6,10000.0,22,0.9090909090909091,4,3,1,1,0,1,1,0,1,1,0,0,0,medio_baixo
10,10000.0,29,0.8275862068965517,5,3,1,1,1,2,1,1,0,0,1,0,0,medio_alto
1,10000.0,2,1.0,2,4,1,0,0,0,1,0,1,1,0,1,0,medio_alto
1,10000.0,0,0.0,3,3,1,0,0,0,1,1,0,0,0,0,0,alto
3,75000.0,729,0.6282578875171467,1,5,1,0,0,1,1,0,1,0,1,1,1,medio_baixo
4,10000.0,59,0.8135593220338984,1,4,1,0,0,0,1,1,1,0,0,0,0,alto
1,0.0,0,0.0,1,3,1,0,0,0,0,0,0,0,0,1,0,gratuito
1,0.0,0,0.0,13,3,1,1,0,0,1,0,0,1,0,1,0,baixo
2,10000.0,1,1.0,2,2,1,0,0,0,1,0,0,0,0,0,0,alto
2,10000.0,0,0.0,1,5,1,0,0,0,1,0,1,1,0,1,0,medio_alto
3,0.0,0,0.0,0,0,1,0,0,0,0,0,0,0,0,0,0,gratuito
1,10000.0,0,0.0,1,2,1,0,0,0,1,0,0,1,0,0,0,medio_baixo
2,10000.0,9,0.7777777777777778,1,4,1,0,0,0,0,0,1,0,1,0,0,medio_alto
8,35000.0,110,0.8636363636363636,1,3,1,0,0,0,1,0,1,0,0,0,0,gratuito
3,10000.0,14,0.7857142857142857,1,3,1,0,0,0,1,0,1,1,0,0,0,gratuito
4,10000.0,3,0.6666666666666666,5,3,1,0,0,0,0,0,0,1,0,1,1,alto
10,10000.0,15,0.8666666666666667,1,4,1,1,1,0,1,0,1,1,1,0,0,alto
1,10000.0,89,0.9550561797752809,9,5,1,0,0,0,1,0,1,1,0,0,1,medio_baixo
2,10000.0,0,0.0,1,4,1,0,0,0,1,0,0,1,0,0,1,medio_baixo
2,10000.0,39,0.717948717948718,1,2,1,0,0,0,1,0,1,0,0,0,0,medio_baixo
2,10000.0,53,0.9433962264150944,2,3,1,1,1,3,1,0,0,0,0,1,1,medio_alto
9,10000.0,16,0.5,1,2,1,0,0,0,1,0,1,0,0,0,0,medio_alto
1,75000.0,7,1.0,14,3,1,0,0,0,1,1,1,0,0,0,0,baixo
12,10000.0,93,0.2903225806451613,1,3,1,0,0,0,1,1,0,0,0,0,0,alto
1,0.0,0,0.0,103,3,1,0,0,0,0,0,0,1,0,0,0,gratuito
1,10000.0,0,0.0,2,3,1,0,0,0,1,0,1,1,0,0,0,medio_baixo
9,3500000.0,77003,0.8243704790722439,5,1,1,1,1,0,0,1,0,0,0,0,0,medio_baixo
5,10000.0,30,0.8666666666666667,2,6,1,0,0,0,1,0,1,1,1,1,0,alto
1,10000.0,2,0.5,1,5,1,0,0,0,1,0,0,1,1,1,1,alto
8,75000.0,234,0.6282051282051282,1,3,1,0,0,0,1,0,0,1,0,0,0,gratuito
7,10000.0,41,0.5853658536585366,1,3,1,0,0,0,0,0,0,0,0,1,1,alto
1,0.0,0,0.0,0,0,1,0,0,0,0,0,0,0,0,0,0,gratuito
1,10000.0,69,0.5942028985507246,5,4,1,0,0,0,1,1,1,1,0,0,0,medio_baixo
14,150000.0,822,0.6982968369829684,10,3,1,0,0,0,1,0,0,0,0,0,1,alto
6,10000.0,0,0.0,14,4,1,1,0,2,1,0,1,1,1,0,0,medio_baixo
10,10000.0,11,0.7272727272727273,1,3,1,0,0,0,0,1,1,0,0,0,1,medio_alto
2,10000.0,17,0.8823529411764706,20,5,1,0,0,0,1,1,0,1,0,0,1,medio_baixo
11,10000.0,3,1.0,1,3,1,1,0,0,1,1,1,0,0,0,0,alto
9,10000.0,11,0.9090909090909091,1,2,1,0,0,1,1,1,0,0,0,0,0,medio_baixo
8,10000.0,23,0.6956521739130435,1,1,1,0,0,0,0,1,0,0,0,0,0,baixo
8,10000.0,1,0.0,2,3,1,0,0,0,1,1,1,0,0,0,0,baixo
1,0.0,0,0.0,2,3,1,0,0,1,1,0,1,0,0,0,0,gratuito
2,350000.0,2211,0.9199457259158752,1,3,1,0,0,2,1,0,0,1,0,0,1,alto
9,10000.0,34,0.9117647058823529,21,3,1,1,1,2,1,1,1,0,0,0,0,medio_baixo
2,10000.0,209,0.583732057416268,9,1,1,0,0,1,0,0,0,0,0,0,0,alto
7,35000.0,271,0.8118081180811808,2,2,1,0,0,0,1,0,0,0,1,0,0,alto
12,150000.0,476,0.6974789915966386,1,2,1,0,0,0,0,0,0,0,0,1,1,alto
12,3500000.0,25558,0.5858830894436184,2,3,1,0,0,0,0,1,0,0,0,0,0,gratuito
17,10000.0,27,0.9629629629629629,1,2,1,1,0,0,0,0,1,0,1,0,0,gratuito
7,35000.0,5,0.8,1,3,1,0,0,0,1,1,1,0,0,0,0,baixo
3,10000.0,0,0.0,1,3,1,0,0,0,1,1,0,0,0,0,0,medio_alto
2,10000.0,1,0.0,1,1,1,0,0,0,0,1,0,0,0,0,0,baixo
1,10000.0,0,0.0,14,1,1,0,0,0,1,0,0,0,0,0,0,medio_baixo
11,75000.0,146,0.589041095890411,1,2,1,0,0,0,0,0,1,1,0,0,0,baixo
2,0.0,0,0.0,1,3,1,0,0,0,1,0,0,1,0,0,0,gratuito
5,10000.0,3,1.0,2,2,1,0,0,0,1,0,0,0,1,0,0,alto
17,750000.0,7230,0.890594744121715,14,2,1,0,0,0,0,1,0,0,0,0,1,medio_alto
2,0.0,0,0.0,0,0,1,0,0,0,0,0,0,0,0,0,0,gratuito
9,0.0,0,0.0,7,3,1,0,0,2,1,0,0,0,0,1,1,medio_baixo
3,10000.0,0,0.0,1,3,1,0,0,0,1,0,1,1,0,0,0,medio_alto
7,35000.0,150,0.7933333333333333,28,5,1,1,1,0,1,1,0,1,0,0,0,baixo
6,10000.0,13,0.6923076923076923,1,3,1,0,0,0,1,1,0,0,0,0,0,alto
3,0.0,0,0.0,15,1,1,1,1,14,0,0,0,1,0,0,0,gratuito
5,10000.0,1,1.0,1,3,1,0,0,0,1,0,0,1,0,0,0,alto
6,10000.0,0,0.0,1,3,1,0,0,0,1,0,0,1,0,1,0,baixo
2,10000.0,2,1.0,6,1,1,0,0,0,0,0,0,1,0,0,0,medio_baixo
4,10000.0,3,0.6666666666666666,1,4,1,0,0,0,1,1,0,1,0,0,0,gratuito
5,10000.0,6,0.6666666666666666,2,4,1,0,0,0,1,1,1,1,0,0,0,baixo
4,10000.0,10,0.9,2,1,1,0,0,0,0,0,1,0,0,0,0,alto
11,75000.0,1059,0.9291784702549575,1,2,1,0,0,1,0,0,1,1,0,0,0,alto
2,10000.0,0,0.0,1,3,1,0,0,0,1,1,0,0,0,0,0,gratuito
3,0.0,0,0.0,0,0,1,0,0,0,0,0,0,0,0,0,0,gratuito
7,10000.0,4,0.5,1,5,1,0,0,0,1,1,1,1,1,0,0,gratuito
10,35000.0,154,0.7402597402597403,8,3,1,1,1,0,1,0,0,1,0,0,1,baixo
1,0.0,0,0.0,0,0,1,0,0,0,0,0,0,0,0,0,0,gratuito
3,10000.0,10,0.8,1,2,1,0,0,0,1,1,0,0,0,0,0,medio_baixo
3,10000.0,7,0.2857142857142857,4,6,1,0,0,1,1,0,1,1,1,1,1,medio_alto
2,10000.0,11,1.0,2,2,1,0,0,0,1,0,0,1,0,0,0,medio_baixo
2,10000.0,1,0.0,1,1,1,0,0,0,1,0,0,0,0,0,0,alto
2,10000.0,10,0.7,1,6,1,0,0,0,1,1,1,1,1,0,1,baixo
8,10000.0,36,0.5833333333333334,1,1,1,0,0,0,0,1,0,0,0,0,0,baixo
10,10000.0,21,0.6190476190476191,1,2,1,0,0,0,1,1,0,0,0,0,0,medio_baixo
1,0.0,0,0.0,11,6,1,1,0,0,1,1,1,1,1,0,0,gratuito
5,0.0,0,0.0,9,3,1,0,0,0,1,0,0,1,0,1,0,gratuito
1,0.0,0,0.0,0,0,1,0,0,0,0,0,0,0,0,0,0,gratuito
8,10000.0,15,0.4666666666666667,1,1,1,0,0,0,0,0,0,1,0,0,0,baixo
10,10000.0,62,0.2903225806451613,10,5,1,1,1,0,1,1,0,1,0,0,1,medio_baixo
9,75000.0,1877,0.9163558870538092,2,2,1,1,1,0,1,0,0,1,0,0,0,alto
1,10000.0,1,1.0,1,1,1,0,0,0,0,0,0,1,0,0,0,baixo
6,10000.0,11,0.36363636363636365,1,3,1,0,0,0,0,1,0,1,0,0,0,alto
1,10000.0,0,0.0,4,3,1,0,1,0,1,0,0,1,0,0,0,gratuito
2,10000.0,3,1.0,4,3,1,0,0,0,1,1,0,1,0,0,0,alto
3,350000.0,6293,0.9300810424280948,9,3,1,0,0,3,1,0,0,1,0,0,1,alto
7,10000.0,6,1.0,1,1,1,0,0,0,0,0,0,0,1,0,0,medio_alto
1,0.0,0,0.0,8,1,1,0,0,0,0,0,0,1,0,0,0,alto
1,35000.0,2,1.0,3,2,1,1,1,0,1,0,1,0,0,0,0,medio_alto
1,10000.0,2,1.0,4,2,1,0,0,1,0,0,1,1,0,0,0,medio_baixo
1,10000.0,0,0.0,4,3,1,0,0,0,1,0,0,1,1,0,0,alto
3,0.0,0,0.0,0,0,1,0,0,0,0,0,0,0,0,0,0,gratuito
2,0.0,0,0.0,0,0,1,0,0,0,0,0,0,0,0,0,0,gratuito
2,10000.0,24,0.7083333333333334,7,5,1,0,0,0,1,1,1,0,0,0,1,alto
2,10000.0,0,0.0,3,1,1,1,1,0,0,0,1,0,0,0,0,medio_alto
4,10000.0,3,0.6666666666666666,1,2,1,0,0,0,1,0,0,1,0,0,0,baixo
4,10000.0,40,1.0,29,2,1,0,0,1,1,0,0,1,0,0,0,baixo
13,75000.0,308,0.5876623376623377,4,2,1,0,0,0,1,1,0,0,0,0,0,medio_baixo
12,35000.0,202,0.4306930693069307,1,4,1,0,0,0,1,0,0,0,1,1,0,medio_alto
2,750000.0,323,0.9071207430340558,6,2,1,0,0,1,1,0,1,0,0,0,0,medio_alto
9,35000.0,261,0.735632183908046,1,3,1,0,0,0,1,1,0,0,0,1,0,medio_baixo
4,10000.0,1,1.0,1,1,1,0,0,0,0,0,0,0,0,1,0,medio_alto
2,150000.0,1899,0.9131121642969984,4,4,1,0,0,0,1,1,1,0,1,0,0,alto
5,10000.0,4,0.75,2,6,1,0,0,0,1,1,1,0,1,0,1,medio_baixo
4,0.0,0,0.0,1,3,1,0,1,0,1,0,1,0,0,0,0,gratuito
8,10000.0,2,1.0,2,6,1,0,0,0,1,1,1,1,0,1,1,medio_alto
5,10000.0,12,0.5833333333333334,2,2,1,0,0,0,1,1,0,0,0,0,0,medio_baixo
3,10000.0,2,1.0,1,2,1,0,0,0,1,0,0,0,0,1,0,baixo
1,10000.0,44,0.7045454545454546,2,1,1,1,0,0,0,0,0,0,1,0,0,medio_alto
3,10000.0,35,0.9714285714285714,1,2,1,1,1,1,1,0,1,0,0,0,0,alto
1,10000.0,24,0.9583333333333334,12,3,1,0,0,0,0,0,1,0,0,1,1,medio_baixo
10,150000.0,131,0.8396946564885496,5,3,1,0,0,0,1,1,1,0,0,0,0,baixo
2,0.0,0,0.0,1,3,1,0,0,0,1,0,0,0,0,0,1,gratuito
3,10000.0,5,1.0,1,4,1,0,0,0,1,1,1,0,0,0,0,medio_alto
3,10000.0,18,0.6666666666666666,2,5,1,0,0,0,1,1,1,1,0,0,1,baixo
3,750000.0,15027,0.9707859186797099,1,3,1,0,0,1,1,1,1,0,0,0,0,medio_alto
2,0.0,0,0.0,0,0,1,0,0,0,0,0,0,0,0,0,0,gratuito
2,0.0,0,0.0,1,2,1,0,0,1,0,0,0,1,0,0,0,gratuito
1,10000.0,0,0.0,13,2,1,0,0,0,1,0,0,1,0,0,0,medio_baixo
1,0.0,0,0.0,1,2,1,0,0,0,1,0,0,0,0,0,1,medio_alto
4,10000.0,1,0.0,1,6,1,0,0,0,1,1,1,1,0,1,1,alto
8,10000.0,44,0.9318181818181818,1,4,1,0,1,0,1,1,0,0,0,1,0,medio_alto
1,10000.0,61,0.9508196721311475,6,1,1,0,0,0,0,1,0,0,0,0,0,alto
6,10000.0,5,0.6,1,1,1,0,0,0,1,0,0,0,0,0,0,medio_baixo
4,10000.0,11,0.7272727272727273,4,3,1,0,0,0,1,0,1,1,0,0,0,baixo
1,10000.0,0,0.0,1,2,1,0,0,0,1,0,0,0,0,1,0,medio_alto
5,1500000.0,45166,0.9075853518133109,18,5,1,0,0,7,1,1,1,0,1,0,1,alto
2,10000.0,9,1.0,4,2,1,0,0,0,1,1,0,0,0,0,0,alto
9,150000.0,1046,0.6873804971319312,8,3,1,0,0,1,1,1,1,0,0,0,0,gratuito
7,10000.0,0,0.0,1,1,1,0,0,0,0,0,0,1,0,0,0,medio_baixo
4,10000.0,35,0.9714285714285714,103,1,1,0,0,1,0,0,0,1,0,0,0,baixo
10,10000.0,276,0.6521739130434783,27,3,1,1,1,0,1,0,0,1,0,0,0,baixo
2,10000.0,0,0.0,1,2,1,0,0,0,0,1,0,1,0,0,0,alto
1,0.0,0,0.0,20,3,1,0,0,0,1,0,0,0,0,0,0,medio_baixo
9,10000.0,13,0.6923076923076923,1,3,1,0,0,0,1,1,0,0,0,0,1,baixo
5,10000.0,13,0.7692307692307693,1,4,1,0,0,0,1,1,1,0,0,0,0,gratuito
1,0.0,0,0.0,1,3,1,0,0,3,1,1,0,1,0,0,0,baixo
2,10000.0,8,1.0,2,2,1,1,0,0,1,0,0,1,0,0,0,baixo
4,10000.0,288,0.8854166666666666,1,6,1,0,0,1,1,1,1,0,1,0,1,medio_alto
2,10000.0,13,1.0,1,4,1,0,0,1,1,1,1,0,0,0,0,medio_alto
5,10000.0,6,0.8333333333333334,1,2,1,1,1,0,0,1,0,1,0,0,0,alto
2,10000.0,6,1.0,1,3,1,0,0,0,1,0,0,1,0,0,0,medio_baixo
6,10000.0,0,0.0,1,2,1,0,0,0,1,0,1,0,0,0,0,alto
2,10000.0,11,1.0,20,3,1,0,1,1,1,0,0,1,0,1,0,baixo
7,10000.0,18,0.6666666666666666,1,5,1,0,0,0,1,0,0,1,0,1,1,baixo
1,0.0,0,0.0,3,2,1,0,0,0,0,0,0,1,0,0,0,gratuito
4,10000.0,10,0.9,2,4,1,0,0,0,1,0,1,1,0,1,0,baixo
6,75000.0,4355,0.9458094144661309,11,3,1,0,0,0,0,0,1,1,0,1,0,medio_alto
5,10000.0,163,0.9263803680981595,8,6,1,0,0,0,1,1,1,1,0,0,1,medio_alto
1,10000.0,22,0.8181818181818182,6,5,1,0,0,3,1,0,1,1,0,1,1,baixo
2,35000.0,452,0.5951327433628318,1,6,1,0,0,0,1,1,0,0,1,0,1,alto
6,10000.0,8,0.875,1,1,1,0,0,0,0,0,0,1,0,0,0,medio_baixo
2,10000.0,78,0.9102564102564102,29,2,1,0,0,0,1,0,0,0,0,0,1,medio_alto
1,10000.0,0,0.0,2,4,1,0,0,4,0,0,1,0,1,1,1,alto
9,10000.0,10,1.0,2,2,1,0,0,0,1,0,0,0,0,0,1,medio_alto
2,10000.0,18,0.9444444444444444,2,3,1,0,0,0,1,1,1,0,0,0,0,medio_alto
1,10000.0,338,0.7958579881656804,10,3,1,0,0,0,0,1,1,1,0,0,0,baixo
4,0.0,0,0.0,0,0,1,0,0,0,0,0,0,0,0,0,0,gratuito
1,10000.0,25,0.92,10,2,1,0,0,1,0,0,0,0,0,0,0,medio_baixo
2,10000.0,1,1.0,1,3,1,1,1,0,1,0,0,1,0,0,1,medio_alto
6,10000.0,4,0.0,1,4,1,0,0,0,1,1,1,1,0,0,0,baixo
1,350000.0,5986,0.9116271299699298,14,2,1,1,1,3,0,0,0,0,0,1,1,alto
1,10000.0,4,1.0,1,3,1,0,0,0,1,1,1,0,0,0,0,medio_alto
2,10000.0,0,0.0,1,3,1,1,1,1,1,0,0,0,0,0,1,alto
4,10000.0,971,0.937178166838311,11,1,1,0,0,1,0,0,1,0,0,0,0,alto
7,10000.0,1,1.0,1,4,1,0,0,0,1,1,1,0,0,0,0,alto
3,0.0,0,0.0,4,4,1,1,1,2,1,0,0,1,0,0,0,gratuito
9,10000.0,39,0.8461538461538461,1,3,1,0,0,0,1,1,1,0,0,0,0,gratuito
4,10000.0,22,0.7272727272727273,1,3,1,0,0,0,1,0,0,0,0,0,0,baixo
5,10000.0,26,0.6153846153846154,1,3,1,0,0,0,1,1,1,0,0,0,0,medio_alto
1,10000.0,0,0.0,4,5,1,0,0,0,1,1,1,0,1,1,0,baixo
10,35000.0,208,0.8413461538461539,1,3,1,0,0,0,0,1,1,0,0,1,0,medio_baixo
7,10000.0,4,0.25,1,2,1,0,0,0,1,0,1,0,0,0,0,medio_alto
3,10000.0,2,1.0,2,1,1,0,0,0,1,0,0,0,0,0,0,alto
2,10000.0,16,0.875,2,2,1,0,0,0,1,0,0,1,0,0,0,baixo
4,10000.0,13,0.8461538461538461,2,3,1,0,0,0,1,0,1,1,0,0,0,baixo
1,0.0,0,0.0,2,5,1,0,0,0,0,0,1,1,1,1,0,gratuito
5,10000.0,11,0.9090909090909091,1,3,1,0,0,0,0,0,0,1,1,0,1,alto
8,350000.0,3743,0.9631311781993054,103,2,1,0,0,0,1,0,0,1,0,0,0,baixo
2,0.0,0,0.0,0,0,1,0,0,0,0,0,0,0,0,0,0,gratuito
10,10000.0,55,0.8,4,2,1,0,0,2,1,0,0,1,0,0,0,medio_baixo
10,10000.0,29,0.4482758620689655,1,2,1,0,0,0,0,0,0,0,0,1,1,alto
3,10000.0,0,0.0,7,2,1,1,1,0,0,0,1,1,0,0,0,medio_baixo
3,10000.0,29,0.2413793103448276,26,2,1,0,0,0,1,1,0,0,0,0,0,baixo
1,10000.0,0,0.0,2,4,1,0,0,0,1,1,0,1,1,0,0,medio_alto
2,10000.0,1,1.0,1,4,1,0,0,0,0,1,1,1,1,0,0,baixo
6,10000.0,0,0.0,8,5,1,0,0,0,1,0,1,1,1,0,1,baixo
1,10000.0,0,0.0,9,4,1,0,0,0,1,1,0,1,0,0,1,medio_alto
1,10000.0,90,0.8777777777777778,1,5,1,1,0,0,1,1,1,0,1,1,0,alto
11,75000.0,124,0.5645161290322581,12,4,1,1,0,0,1,0,0,0,0,0,1,gratuito
9,75000.0,471,0.881104033970276,1,1,1,0,0,0,0,1,0,0,0,0,0,medio_baixo
1,10000.0,2,0.5,1,3,1,1,0,0,1,0,0,1,0,0,0,alto
1,0.0,0,0.0,2,2,1,0,0,0,0,0,1,0,0,0,0,gratuito
4,0.0,0,0.0,1,3,1,0,0,0,1,0,0,1,0,0,0,gratuito
2,35000.0,405,0.7382716049382716,10,2,1,0,0,1,0,0,0,0,0,1,1,alto
1,10000.0,0,0.0,1,1,1,0,0,0,0,0,0,0,1,0,0,medio_baixo
6,35000.0,394,0.4949238578680203,1,5,1,0,0,0,1,1,1,0,1,0,0,alto
3,350000.0,7411,0.8795034408311969,17,1,1,1,0,1,0,0,1,0,0,0,0,alto
6,10000.0,0,0.0,1,2,1,1,1,1,0,0,0,1,0,0,1,medio_baixo
1,10000.0,0,0.0,16,4,1,1,0,0,1,0,1,1,1,0,0,alto
1,10000.0,3,1.0,1,4,1,0,0,0,1,0,0,0,0,1,1,medio_baixo
4,10000.0,6,1.0,2,3,1,0,0,0,1,0,0,1,0,1,0,medio_baixo
4,35000.0,7,0.8571428571428571,1,4,1,0,0,0,1,1,0,1,1,0,0,medio_alto
4,10000.0,14,0.9285714285714286,1,2,1,0,0,0,1,1,0,0,0,0,0,medio_baixo
7,10000.0,15,0.4,2,1,1,0,0,0,0,0,1,0,0,0,0,medio_baixo
6,10000.0,4,1.0,1,5,1,0,0,0,1,0,0,1,0,1,1,medio_alto
11,150000.0,1251,0.8808952837729817,1,2,1,1,0,0,1,0,1,0,0,0,0,gratuito
1,0.0,0,0.0,1,4,1,0,0,0,1,1,1,1,0,0,0,alto
2,10000.0,10,0.7,23,1,1,0,0,0,0,0,0,0,0,1,0,medio_alto
2,0.0,0,0.0,103,2,1,0,0,0,0,0,0,1,0,0,0,medio_alto
5,35000.0,55,0.6727272727272727,1,3,1,0,0,0,0,1,0,0,1,0,0,gratuito
3,0.0,0,0.0,16,3,1,0,1,1,1,0,0,1,0,0,0,gratuito
6,10000.0,16,0.5,1,2,1,0,1,0,1,0,0,0,0,0,1,alto
6,35000.0,1,0.0,1,3,1,0,0,0,0,1,1,0,1,0,0,medio_alto
8,150000.0,518,0.8667953667953668,1,4,1,0,0,0,1,1,1,0,0,0,0,gratuito
3,10000.0,47,0.9787234042553191,1,1,1,1,1,1,0,0,0,0,0,0,0,alto
3,10000.0,2,1.0,1,3,1,0,0,0,1,0,0,1,0,1,0,alto
3,0.0,0,0.0,30,3,1,0,0,0,0,0,1,1,0,0,1,medio_baixo
4,35000.0,766,0.7349869451697127,9,1,1,1,0,316,0,0,0,0,0,0,1,alto
1,0.0,0,0.0,1,2,1,1,0,0,1,0,0,1,0,0,0,medio_baixo
2,10000.0,1,1.0,1,2,1,1,0,0,1,0,1,0,0,0,0,alto
1,0.0,0,0.0,0,0,1,0,0,0,0,0,0,0,0,0,0,gratuito
6,10000.0,8,1.0,2,2,1,1,0,0,1,1,0,0,0,0,0,medio_baixo
1,10000.0,0,0.0,6,2,1,0,0,0,0,0,0,1,0,1,0,medio_alto
6,10000.0,975,0.9384615384615385,11,3,1,1,1,1,1,1,1,0,0,0,0,medio_baixo
9,35000.0,200,0.635,10,2,1,0,0,0,1,1,0,0,0,0,0,medio_alto
1,10000.0,0,0.0,1,3,1,0,0,0,1,0,0,1,0,0,1,medio_alto
4,10000.0,8,1.0,1,1,1,0,0,0,1,0,0,0,0,0,0,medio_alto
2,10000.0,45,0.9333333333333333,3,4,1,0,0,0,1,0,1,0,0,1,1,medio_alto
4,10000.0,5,1.0,7,3,1,1,1,0,1,0,1,1,0,0,0,medio_alto
2,75000.0,3,1.0,1,3,1,0,0,0,1,1,0,1,0,0,0,medio_alto
2,10000.0,0,0.0,1,1,1,0,0,0,0,0,0,1,0,0,0,gratuito
3,10000.0,0,0.0,29,2,1,0,0,0,1,0,0,1,0,0,0,baixo
8,10000.0,281,0.5480427046263345,13,4,1,1,0,0,1,0,1,0,0,1,1,baixo
6,3500000.0,169199,0.9577302466326633,24,2,1,0,0,0,0,1,1,0,0,0,0,medio_alto
1,10000.0,0,0.0,1,2,1,0,0,0,1,1,0,0,0,0,0,medio_baixo
1,10000.0,0,0.0,2,5,1,1,1,0,1,0,0,1,1,0,1,alto
2,0.0,0,0.0,2,2,1,0,0,4,0,0,0,0,1,0,0,gratuito
9,10000.0,5,1.0,1,2,1,1,0,0,1,1,0,0,0,0,0,medio_alto
4,10000.0,0,0.0,1,2,1,0,0,0,0,0,0,1,0,0,1,alto
2,0.0,0,0.0,1,2,1,0,0,0,0,0,0,1,0,0,0,gratuito
3,10000.0,0,0.0,10,3,1,0,0,0,1,0,1,0,0,0,0,gratuito
2,0.0,0,0.0,0,0,1,0,0,0,0,0,0,0,0,0,0,gratuito
5,10000.0,0,0.0,7,2,1,0,1,0,1,0,0,1,0,0,0,baixo
14,350000.0,3162,0.8883617963314357,4,2,1,1,1,2,1,0,1,0,0,0,0,medio_baixo
7,350000.0,1891,0.7583289264939186,12,2,1,0,0,0,1,1,0,0,0,0,0,medio_baixo
6,10000.0,4,0.5,1,2,1,0,0,0,1,0,0,1,0,0,0,gratuito
2,10000.0,0,0.0,1,1,1,0,0,0,0,0,0,0,0,1,0,medio_baixo
5,10000.0,85,0.8235294117647058,2,1,1,0,1,0,0,0,0,0,0,0,1,medio_baixo
7,35000.0,343,0.892128279883382,5,1,1,0,0,0,0,0,1,0,0,0,0,alto
4,10000.0,20,0.55,1,3,1,0,0,0,1,0,0,0,1,0,1,baixo
5,10000.0,6,1.0,1,1,1,0,0,0,0,1,0,0,0,0,0,medio_baixo
10,10000.0,35,0.7714285714285715,6,3,1,1,0,0,1,0,0,1,0,1,0,medio_alto
1,10000.0,5,0.0,1,2,1,0,0,0,0,1,1,0,0,0,0,medio_baixo
6,35000.0,124,0.9354838709677419,2,1,1,0,0,0,1,0,0,0,0,0,0,medio_baixo
6,10000.0,6,0.3333333333333333,1,3,1,0,0,0,1,1,0,0,0,0,0,baixo
1,10000.0,66,0.803030303030303,3,3,1,0,0,0,1,0,1,0,1,0,0,alto
1,0.0,0,0.0,1,4,1,0,0,0,1,0,1,1,1,0,0,medio_alto
2,10000.0,3,1.0,1,4,1,0,0,0,1,1,1,0,0,0,1,alto
1,10000.0,8,1.0,12,4,1,0,0,0,1,1,1,1,0,0,0,alto
3,0.0,0,0.0,1,2,1,0,0,0,0,1,1,0,0,0,0,gratuito
3,10000.0,0,0.0,1,5,1,0,0,0,0,0,0,1,1,1,0,gratuito
5,10000.0,5,0.6,4,1,1,0,0,0,0,0,0,1,0,0,0,alto
1,10000.0,0,0.0,11,4,1,0,0,0,1,1,0,1,0,0,0,baixo
1,0.0,0,0.0,1,3,1,0,0,0,0,0,1,0,0,0,0,gratuito
3,350000.0,4616,0.791161178509532,4,4,1,0,0,2,0,0,1,0,1,1,1,alto
8,10000.0,5,0.6,1,4,1,0,0,0,1,1,1,1,0,0,0,baixo
10,35000.0,45,0.5777777777777777,1,3,1,1,1,0,1,1,0,1,0,0,0,medio_baixo
1,10000.0,0,0.0,1,1,1,0,0,0,0,0,0,0,0,1,0,alto
6,10000.0,111,0.9459459459459459,2,2,1,0,0,0,1,0,0,1,0,0,0,baixo
4,35000.0,35,0.9714285714285714,2,4,1,1,0,0,1,1,1,0,0,1,0,medio_alto
1,0.0,0,0.0,0,0,1,0,0,0,0,0,0,0,0,0,0,gratuito
1,10000.0,0,0.0,1,5,1,0,0,0,1,1,1,1,1,0,0,medio_alto
8,10000.0,4,0.75,1,5,1,0,0,0,1,1,0,1,0,0,0,baixo
3,0.0,0,0.0,1,4,1,0,0,0,1,1,0,1,0,0,0,gratuito
6,10000.0,3,0.6666666666666666,1,3,1,0,0,0,1,0,1,1,0,0,0,baixo
5,75000.0,1,1.0,1,1,1,0,0,0,0,0,0,0,1,0,0,alto
13,75000.0,339,0.6489675516224189,1,0,1,0,0,0,0,0,0,0,0,0,0,baixo
2,35000.0,20,0.75,1,5,1,0,0,0,1,1,1,0,1,1,0,alto
10,1500000.0,4347,0.8276972624798712,2,1,1,0,0,0,0,0,1,0,0,0,0,medio_alto
3,10000.0,2,1.0,1,3,1,0,0,0,1,1,0,1,0,0,0,baixo
5,35000.0,4,1.0,1,3,1,0,0,0,1,1,0,1,0,0,0,medio_alto
2,10000.0,5,0.6,1,1,1,1,0,0,0,0,1,0,0,0,0,alto
20,75000.0,218,0.9724770642201835,1,1,1,0,0,0,0,0,0,1,0,0,0,baixo
2,10000.0,6,1.0,1,3,1,0,0,0,1,1,0,1,0,0,0,medio_alto
1,35000.0,227,0.933920704845815,1,5,1,0,0,0,1,0,1,1,1,0,0,gratuito
4,10000.0,17,0.9411764705882353,3,2,1,1,0,0,1,0,0,1,0,0,0,alto
1,0.0,0,0.0,1,2,1,0,0,0,0,0,1,0,0,0,0,gratuito
3,10000.0,0,0.0,1,3,1,0,0,0,1,0,0,1,0,0,1,alto
9,10000.0,3,0.0,1,3,1,1,0,1,1,0,1,0,1,0,0,medio_baixo
2,10000.0,3,0.3333333333333333,12,3,1,1,0,0,1,1,1,0,0,0,0,alto
11,10000.0,12,0.75,2,2,1,0,1,0,1,0,1,0,0,0,0,medio_alto
2,10000.0,65,0.8769230769230769,8,3,1,1,1,0,1,1,1,0,0,0,0,alto
1,10000.0,0,0.0,1,1,1,0,0,0,0,1,0,0,0,0,0,medio_baixo
3,0.0,0,0.0,0,0,1,0,0,0,0,0,0,0,0,0,0,gratuito
2,0.0,0,0.0,0,0,1,0,0,0,0,0,0,0,0,0,0,gratuito
1,10000.0,0,0.0,4,3,1,0,0,0,0,0,1,0,0,1,1,alto
1,10000.0,0,0.0,3,3,1,0,0,0,0,0,0,1,1,0,1,alto
4,10000.0,1,0.0,1,4,1,0,0,0,1,0,1,1,0,1,0,baixo
1,10000.0,2,1.0,1,3,1,0,0,0,1,1,0,0,0,0,0,medio_alto
3,10000.0,97,0.6804123711340206,9,3,1,0,0,0,0,0,0,0,0,1,1,medio_alto
1,10000.0,12,0.6666666666666666,2,1,1,0,0,2,0,1,0,0,0,0,0,alto
6,10000.0,16,0.75,1,4,1,0,0,0,1,0,1,1,0,0,1,baixo
9,10000.0,26,0.8076923076923077,1,2,1,1,0,0,1,1,0,0,0,0,0,medio_alto
2,10000.0,33,0.8484848484848485,12,2,1,0,0,0,0,0,0,1,0,0,1,medio_alto
1,0.0,0,0.0,5,4,1,0,0,0,1,1,0,0,0,1,0,alto
5,35000.0,52,0.7115384615384616,1,4,1,0,0,0,1,0,1,0,1,1,0,medio_baixo
2,10000.0,4,0.0,2,2,1,1,0,0,1,0,0,0,0,1,0,medio_alto
2,0.0,0,0.0,0,0,1,0,0,0,0,0,0,0,0,0,0,gratuito
9,10000.0,56,0.5892857142857143,1,7,1,0,0,0,1,1,1,1,0,0,0,gratuito
6,10000.0,2,1.0,1,1,1,0,0,0,0,0,1,0,0,0,0,medio_alto
1,10000.0,2,1.0,8,2,1,0,0,0,0,1,1,0,0,0,0,medio_alto
3,10000.0,14,1.0,2,5,1,0,0,1,1,1,1,0,1,0,1,baixo
9,35000.0,128,0.65625,2,3,1,1,0,0,1,0,0,1,0,0,1,baixo
2,0.0,0,0.0,1,4,1,1,1,0,1,1,0,1,0,0,0,gratuito
3,10000.0,3,1.0,1,3,1,1,0,0,1,0,1,0,0,1,0,baixo
4,35000.0,33,1.0,1,2,1,0,0,2,0,0,1,0,1,0,0,baixo
3,10000.0,0,0.0,1,2,1,0,0,0,0,0,0,1,0,0,1,alto
3,10000.0,50,0.96,16,2,1,0,0,0,1,0,0,0,0,0,1,baixo
2,10000.0,0,0.0,1,2,1,0,0,0,0,1,0,0,0,0,0,gratuito
6,75000.0,11,0.7272727272727273,1,3,1,0,1,0,1,0,1,1,0,0,0,baixo
8,75000.0,10,0.1,1,3,1,1,1,0,1,0,1,0,1,0,0,medio_alto
3,10000.0,0,0.0,1,2,1,0,0,0,0,0,0,1,1,0,0,medio_baixo
1,0.0,0,0.0,0,0,1,0,0,0,0,0,0,0,0,0,0,gratuito
3,0.0,0,0.0,0,0,1,0,0,0,0,0,0,0,0,0,0,gratuito
5,10000.0,37,0.9459459459459459,2,5,1,0,0,0,1,0,1,1,1,0,1,baixo
9,10000.0,34,0.8823529411764706,4,2,1,1,1,1,1,1,0,0,0,0,0,baixo
1,0.0,0,0.0,0,0,1,0,0,0,0,0,0,0,0,0,0,gratuito
5,10000.0,34,0.6764705882352942,11,2,1,0,0,0,1,1,0,0,0,0,0,medio_alto
2,10000.0,0,0.0,1,2,1,0,0,0,0,1,0,1,0,0,0,baixo
8,350000.0,221,0.6787330316742082,1,2,1,0,0,0,1,0,0,1,0,0,0,baixo
1,35000.0,5,0.8,1,5,1,0,0,0,1,1,1,0,1,0,0,baixo
2,10000.0,0,0.0,1,3,1,0,0,0,1,0,1,0,1,0,0,medio_alto
7,10000.0,14,0.8571428571428571,1,3,1,0,0,0,1,0,0,1,0,0,0,gratuito
10,10000.0,50,0.6,1,2,1,0,0,0,1,1,0,0,0,0,0,baixo
2,0.0,0,0.0,8,5,1,0,0,0,0,1,1,0,1,0,0,gratuito
10,10000.0,52,0.3269230769230769,1,4,1,0,0,0,1,0,0,1,0,1,1,medio_baixo
5,10000.0,15,0.9333333333333333,1,4,1,0,0,0,1,0,0,1,0,1,0,alto
6,10000.0,0,0.0,1,1,1,0,0,0,0,0,1,0,0,0,0,medio_alto
4,0.0,0,0.0,0,0,1,0,0,0,0,0,0,0,0,0,0,gratuito
1,10000.0,1,0.0,1,3,1,1,1,0,1,0,0,0,0,1,1,baixo
5,0.0,0,0.0,0,0,1,0,0,0,0,0,0,0,0,0,0,gratuito
2,10000.0,31,1.0,9,3,1,0,0,0,1,1,0,0,1,0,0,medio_baixo
5,10000.0,2,1.0,1,3,1,0,0,0,1,0,1,1,0,0,0,medio_alto
2,10000.0,5,0.6,1,4,1,0,0,0,1,0,0,0,0,0,0,baixo
1,0.0,0,0.0,9,2,1,0,0,0,1,0,0,0,0,1,0,medio_baixo
8,10000.0,51,0.5098039215686274,1,4,1,0,0,0,1,0,1,0,0,0,0,baixo
9,10000.0,12,0.4166666666666667,2,4,1,0,0,0,0,1,1,0,0,0,0,alto
2,10000.0,41,0.9024390243902439,3,1,1,0,0,0,0,0,1,0,0,0,0,alto
5,10000.0,7,1.0,1,2,1,0,0,0,1,0,0,1,0,0,0,medio_baixo
5,10000.0,1,1.0,1,3,1,0,0,0,0,1,0,1,0,1,0,baixo
2,10000.0,0,0.0,3,3,1,0,0,0,1,0,0,1,0,0,1,alto
5,10000.0,1,1.0,1,2,1,0,0,0,1,1,0,0,0,0,0,medio_alto
2,10000.0,32,0.78125,3,4,1,0,0,0,1,1,1,0,1,0,0,medio_alto
8,10000.0,49,0.16326530612244897,1,3,1,0,0,0,1,0,1,1,0,0,0,medio_baixo
1,10000.0,0,0.0,10,1,1,0,0,0,0,0,1,0,0,0,0,alto
9,10000.0,8,0.875,1,2,1,0,0,0,0,1,1,0,0,0,0,alto
3,10000.0,0,0.0,1,1,1,0,0,0,0,0,0,1,0,0,0,baixo
11,10000.0,64,0.5,1,5,1,0,0,0,0,1,1,0,0,1,1,alto
5,10000.0,17,0.5294117647058824,1,1,1,0,0,0,0,0,0,1,0,0,0,medio_alto
10,10000.0,31,0.6774193548387096,1,1,1,0,0,0,1,0,0,0,0,0,0,gratuito
2,10000.0,0,0.0,4,2,1,0,0,0,1,1,0,0,0,0,0,alto
6,35000.0,7,0.5714285714285714,1,2,1,0,0,0,1,0,0,1,0,0,0,gratuito
4,10000.0,38,0.631578947368421,4,1,1,0,0,0,0,0,0,0,0,0,0,alto
1,0.0,0,0.0,0,0,1,0,0,0,0,0,0,0,0,0,0,gratuito
5,10000.0,108,0.7314814814814815,11,3,1,0,0,1,1,0,1,1,0,0,0,medio_baixo
6,10000.0,0,0.0,2,3,1,1,0,0,1,1,0,1,0,0,0,medio_alto
1,10000.0,0,0.0,1,2,1,0,0,0,1,0,0,1,0,0,0,baixo
5,75000.0,1539,0.6790123456790124,14,4,1,0,0,2,1,0,0,1,0,0,1,medio_baixo
1,350000.0,2,0.5,4,1,1,0,0,0,1,0,0,0,0,0,0,medio_baixo
10,750000.0,3708,0.7076591154261057,13,1,1,1,0,3,0,0,0,0,0,0,1,medio_baixo
9,10000.0,30,0.7,1,2,1,0,0,0,1,1,0,0,0,0,0,medio_alto
9,10000.0,7,0.7142857142857143,1,2,1,0,0,0,1,0,1,0,0,0,0,medio_alto
1,0.0,0,0.0,0,0,1,0,0,0,0,0,0,0,0,0,0,gratuito
3,10000.0,55,0.9818181818181818,8,3,1,0,1,0,1,0,0,1,0,1,0,medio_baixo
8,150000.0,1819,0.9587685541506322,1,2,1,0,0,1,1,1,0,0,0,0,0,alto
10,35000.0,122,0.3770491803278688,2,5,1,0,0,0,1,1,1,0,0,0,1,baixo
4,75000.0,4,0.5,1,5,1,0,0,0,1,0,0,1,0,1,0,gratuito
5,0.0,0,0.0,3,3,1,0,0,0,1,1,0,0,0,0,0,gratuito
1,0.0,0,0.0,2,5,1,0,0,0,1,0,0,1,1,0,0,gratuito
8,10000.0,0,0.0,1,2,1,0,0,1,1,0,0,0,0,0,0,gratuito
4,10000.0,13,1.0,4,3,1,0,0,0,1,0,0,0,1,1,0,baixo
8,350000.0,696,0.9281609195402298,1,5,1,0,0,5,1,1,1,0,0,1,0,gratuito
7,10000.0,39,0.9743589743589743,1,3,1,0,0,0,1,1,1,0,0,0,0,baixo
6,10000.0,97,0.8865979381443299,29,3,1,0,0,0,1,0,0,1,0,1,0,baixo
7,350000.0,3373,0.8247850578120368,9,3,1,0,0,2,1,0,0,0,0,1,1,alto
2,10000.0,71,0.49295774647887325,7,4,1,0,0,0,0,1,1,0,0,1,1,alto
4,10000.0,17,0.8823529411764706,2,2,1,0,0,0,1,0,1,0,0,0,0,baixo
6,10000.0,226,0.7964601769911505,2,3,1,0,0,0,1,0,0,0,0,0,1,baixo
4,10000.0,6,1.0,1,5,1,0,0,0,1,1,1,0,1,0,0,alto
1,150000.0,658,0.8693009118541033,12,2,1,1,0,2,1,1,0,0,0,0,0,alto
5,10000.0,41,0.926829268292683,29,3,1,0,0,1,1,0,1,1,0,0,0,baixo
3,10000.0,0,0.0,1,2,1,1,0,0,1,1,0,0,0,0,0,alto
4,10000.0,32,0.5625,103,6,1,1,1,0,1,1,1,1,0,1,1,alto
1,10000.0,0,0.0,1,3,1,1,1,0,0,0,1,1,0,0,1,medio_alto
11,750000.0,10511,0.9252211968414042,1,4,1,1,1,3,1,1,1,0,1,0,0,alto
1,10000.0,0,0.0,17,4,1,1,0,0,1,0,0,1,0,1,1,medio_alto
1,10000.0,0,0.0,1,4,1,0,0,0,1,1,1,0,0,0,0,alto
1,0.0,0,0.0,0,0,1,0,0,0,0,0,0,0,0,0,0,gratuito
7,35000.0,16,0.5,1,3,1,1,0,0,0,0,1,1,0,1,0,alto
2,10000.0,43,0.9534883720930233,20,2,1,0,0,0,0,0,0,0,0,0,0,medio_alto
3,10000.0,11,0.6363636363636364,1,3,1,0,1,0,1,0,1,1,0,0,0,medio_baixo
2,10000.0,71,0.9859154929577465,11,1,1,0,0,0,1,0,0,0,0,0,0,medio_baixo
14,150000.0,547,0.8957952468007313,1,2,1,1,1,1,1,0,1,0,0,0,0,medio_alto
8,35000.0,2,1.0,1,1,1,0,0,0,0,0,0,1,0,0,0,baixo
5,10000.0,4,0.75,1,5,1,0,0,0,1,1,1,1,1,0,0,baixo
2,10000.0,1,1.0,1,2,1,0,0,0,1,1,0,0,0,0,0,baixo
3,150000.0,26,0.8076923076923077,2,5,1,1,1,0,1,0,1,0,1,1,0,medio_alto
7,10000.0,6,0.0,1,3,1,0,0,0,1,1,1,0,0,0,0,baixo
1,10000.0,130,0.8,6,3,1,0,0,0,0,1,0,0,0,1,1,alto
9,10000.0,8,0.625,1,2,1,0,0,0,0,0,1,1,0,0,0,medio_alto
6,10000.0,12,0.9166666666666666,2,3,1,0,0,0,1,0,0,1,0,1,0,medio_baixo
5,10000.0,14,0.7857142857142857,1,4,1,0,0,0,1,0,1,1,0,0,1,baixo
4,10000.0,80,0.9375,15,2,1,0,0,0,1,0,0,1,0,0,0,baixo
3,10000.0,2,1.0,1,6,1,1,1,0,1,1,1,1,0,1,0,baixo
2,0.0,0,0.0,0,0,1,0,0,0,0,0,0,0,0,0,0,gratuito
1,0.0,0,0.0,1,2,1,0,0,0,1,0,0,1,0,0,0,baixo
3,0.0,0,0.0,2,5,1,0,0,0,1,0,1,1,1,0,0,gratuito
4,10000.0,4,1.0,1,3,1,0,0,0,1,0,1,1,0,0,0,baixo
1,10000.0,0,0.0,7,3,1,0,0,0,1,0,0,1,0,0,1,medio_baixo
2,10000.0,20,0.95,2,1,1,0,0,0,0,0,1,0,0,0,0,medio_baixo
1,10000.0,0,0.0,1,3,1,0,0,0,0,0,0,1,0,1,1,alto
6,10000.0,16,1.0,2,2,1,0,0,1,1,1,0,0,0,0,0,medio_alto
8,10000.0,5,0.2,1,5,1,0,0,0,1,1,0,1,0,1,0,alto
3,35000.0,9,0.8888888888888888,1,6,1,0,0,0,1,0,1,1,0,1,1,baixo
1,0.0,0,0.0,103,2,1,0,0,0,1,0,0,1,0,0,0,medio_baixo
1,10000.0,3,1.0,1,4,1,0,0,0,0,0,0,1,1,0,0,alto
1,10000.0,28,0.8214285714285714,1,2,1,0,0,1,1,0,0,0,1,0,0,alto
5,75000.0,1,1.0,1,1,1,0,0,0,1,0,0,0,0,0,0,baixo
1,0.0,0,0.0,1,1,1,0,0,0,0,0,0,0,1,0,0,alto
1,10000.0,0,0.0,4,3,1,0,0,0,1,0,1,1,0,0,0,medio_baixo
2,10000.0,55,0.9272727272727272,5,3,1,0,0,2,1,1,1,0,0,0,0,medio_baixo
12,75000.0,399,0.7669172932330827,1,2,1,1,0,0,1,0,0,0,0,1,0,medio_alto
3,10000.0,1,0.0,1,3,1,0,0,0,1,0,0,0,1,0,0,alto
8,10000.0,5,0.0,1,5,1,0,0,0,1,1,1,0,1,0,0,alto
8,3500000.0,95144,0.9416883881274699,22,2,1,1,0,10,1,0,0,0,0,0,1,medio_baixo
6,35000.0,119,0.5882352941176471,11,3,1,0,0,1,1,1,1,0,0,0,0,alto
4,10000.0,8,0.875,1,3,1,0,0,0,0,0,0,0,0,0,0,alto
7,750000.0,2713,0.8341319572429046,1,3,1,0,0,0,1,1,1,0,0,0,0,gratuito
3,10000.0,7,1.0,1,1,1,0,0,0,0,0,0,1,0,0,0,medio_baixo
2,10000.0,0,0.0,3,1,1,0,0,0,0,0,0,0,0,0,1,alto
10,75000.0,92,0.4782608695652174,25,5,1,0,0,0,0,0,0,1,0,1,0,gratuito
3,10000.0,0,0.0,5,3,1,0,0,0,1,1,0,1,0,0,0,medio_alto
5,10000.0,20,0.5,2,3,1,0,0,0,1,0,0,1,0,0,0,medio_alto
1,0.0,0,0.0,0,0,1,0,0,0,0,0,0,0,0,0,0,gratuito
8,10000.0,2,1.0,2,6,1,0,0,0,1,1,1,1,0,0,1,medio_baixo
1,10000.0,0,0.0,1,1,1,1,1,0,1,0,0,0,0,0,0,alto
2,10000.0,41,0.8780487804878049,23,4,1,0,0,0,1,1,1,1,0,0,0,medio_alto
1,0.0,0,0.0,8,4,1,0,0,1,1,1,0,1,0,0,0,gratuito
2,0.0,0,0.0,1,6,1,1,0,0,1,1,1,1,0,1,0,gratuito
1,10000.0,0,0.0,1,1,1,0,0,0,0,0,0,1,0,0,0,medio_alto
3,10000.0,2,0.5,1,4,1,0,0,0,1,1,0,1,0,0,0,medio_baixo
5,10000.0,45,0.6666666666666666,3,3,1,0,0,0,1,1,1,0,0,0,0,alto
1,10000.0,0,0.0,11,6,1,0,0,1,1,1,1,1,1,0,1,alto
8,10000.0,0,0.0,1,1,1,0,0,0,1,0,0,0,0,0,0,medio_baixo
8,10000.0,3,0.3333333333333333,1,2,1,1,1,0,0,0,0,0,0,0,1,alto
1,0.0,0,0.0,0,0,1,0,0,0,0,0,0,0,0,0,0,gratuito
8,10000.0,94,0.30851063829787234,2,3,1,0,0,1,1,0,0,1,0,0,1,baixo
4,350000.0,3025,0.9335537190082644,8,1,1,0,0,0,0,1,0,0,0,0,0,medio_alto
7,10000.0,190,0.9052631578947369,3,2,1,0,0,0,1,0,0,0,1,0,0,alto
5,10000.0,2,0.0,1,2,1,0,0,0,0,0,0,1,0,1,0,alto
1,10000.0,104,0.9134615384615384,1,1,1,0,0,0,0,0,0,1,0,0,0,medio_baixo
6,10000.0,9,0.7777777777777778,1,2,1,1,1,0,1,0,1,0,0,0,0,baixo
13,350000.0,3221,0.8255200248370071,7,2,1,1,1,1,1,0,0,0,1,0,0,medio_baixo
5,75000.0,303,0.5544554455445545,7,1,1,0,0,3,0,0,0,0,1,0,0,medio_baixo
2,0.0,0,0.0,3,5,1,0,0,5,0,0,0,1,0,0,1,gratuito
9,10000.0,9,0.6666666666666666,1,2,1,1,1,0,0,0,1,0,0,1,0,medio_alto
1,0.0,0,0.0,1,6,1,1,1,0,1,1,1,0,0,0,1,alto
4,10000.0,14,0.7142857142857143,1,2,1,0,0,0,0,0,0,0,0,1,0,gratuito
3,10000.0,1,0.0,2,5,1,0,0,0,1,1,1,1,0,0,0,medio_alto
1,10000.0,0,0.0,2,1,1,0,0,0,0,0,0,1,0,0,0,alto
7,10000.0,1,1.0,1,1,1,0,0,0,0,0,0,0,0,0,0,alto
7,10000.0,32,0.90625,1,1,1,1,0,1,1,0,0,0,0,0,0,gratuito
5,150000.0,2,0.0,1,4,1,0,0,0,0,1,0,1,1,0,0,medio_baixo
12,75000.0,378,0.91005291005291,2,2,1,0,0,0,1,1,0,0,0,0,0,medio_baixo
3,0.0,0,0.0,0,0,1,0,0,0,0,0,0,0,0,0,0,gratuito
2,10000.0,0,0.0,1,4,1,1,1,0,1,0,1,1,0,0,1,medio_alto
2,10000.0,8,0.875,30,1,1,0,0,0,0,0,0,1,0,0,0,baixo
8,350000.0,3350,0.9405970149253732,1,3,1,1,1,5,1,1,0,0,0,0,0,alto
1,10000.0,0,0.0,1,1,1,0,0,3,0,0,1,0,0,0,0,medio_baixo
5,0.0,0,0.0,0,0,1,0,0,0,0,0,0,0,0,0,0,gratuito
1,10000.0,0,0.0,4,1,1,1,0,1,0,0,1,0,0,0,0,alto
1,0.0,0,0.0,3,3,1,0,0,0,1,1,0,0,1,0,0,medio_alto
2,10000.0,8,0.875,6,4,1,0,0,0,1,1,0,1,0,0,0,alto
5,10000.0,17,0.29411764705882354,29,3,1,1,1,0,1,1,0,1,0,0,0,alto
2,10000.0,63,0.9523809523809523,1,5,1,1,1,0,1,1,1,0,1,1,0,medio_baixo
6,10000.0,4,0.5,1,4,1,0,0,0,1,0,1,0,1,1,0,baixo
9,10000.0,12,0.5,1,1,1,0,0,0,1,0,0,0,0,0,0,baixo
8,10000.0,22,0.5454545454545454,1,4,1,0,0,0,0,1,1,0,0,1,1,baixo
3,10000.0,39,0.8974358974358975,1,3,1,0,0,0,1,1,1,0,0,0,0,baixo
5,10000.0,19,0.8421052631578947,3,4,1,0,0,0,1,1,0,1,0,1,0,medio_alto
6,150000.0,774,0.7816537467700259,1,4,1,1,1,3,1,0,0,1,1,0,0,gratuito
11,35000.0,124,0.8145161290322581,7,2,1,0,0,1,1,0,1,0,0,0,0,baixo
1,0.0,0,0.0,0,0,1,0,0,0,0,0,0,0,0,0,0,gratuito
5,0.0,0,0.0,1,1,1,0,0,0,0,0,0,0,0,0,0,gratuito
2,10000.0,21,1.0,7,4,1,0,0,0,1,1,1,0,1,0,0,medio_alto
1,10000.0,0,0.0,1,4,1,0,0,2,1,0,1,0,1,1,0,gratuito
8,10000.0,90,0.8333333333333334,2,2,1,0,0,0,1,0,0,1,0,0,0,baixo
1,10000.0,4,1.0,1,3,1,1,0,1,1,0,1,1,0,0,0,medio_alto
3,35000.0,76,0.6578947368421053,6,2,1,0,0,0,0,1,1,0,0,0,0,baixo
9,10000.0,5,0.8,1,3,1,0,0,0,1,1,0,1,0,0,0,gratuito
1,0.0,0,0.0,1,2,1,0,0,0,1,1,0,0,0,0,0,alto
4,10000.0,23,0.8695652173913043,1,3,1,0,1,0,1,0,0,1,0,0,1,medio_alto
2,35000.0,504,0.873015873015873,1,3,1,1,1,0,1,1,1,0,0,0,0,alto
4,10000.0,85,0.9411764705882353,1,4,1,0,0,0,0,0,0,1,0,0,1,medio_baixo
8,10000.0,3,1.0,1,2,1,0,0,0,1,0,0,1,0,0,0,baixo
8,10000.0,0,0.0,1,4,1,0,0,0,1,1,1,1,0,0,0,alto
3,0.0,0,0.0,0,0,1,0,0,0,0,0,0,0,0,0,0,gratuito
2,0.0,0,0.0,1,4,1,0,0,0,1,0,0,1,0,0,0,gratuito
10,10000.0,47,0.9148936170212766,5,1,1,1,1,1,1,0,0,0,0,0,0,medio_alto
1,10000.0,0,0.0,1,1,1,0,0,0,0,0,0,0,0,1,0,medio_alto
1,0.0,0,0.0,103,3,1,0,0,0,1,0,1,1,0,0,0,alto
2,10000.0,1,1.0,1,1,1,0,0,0,0,0,0,1,0,0,0,baixo
4,10000.0,0,0.0,1,1,1,0,0,0,0,0,0,1,0,0,0,baixo
6,10000.0,0,0.0,1,3,1,0,0,0,1,0,1,1,0,0,0,alto
7,35000.0,619,0.9822294022617124,1,2,1,0,0,0,1,0,1,0,0,0,0,baixo
2,35000.0,913,0.7535596933187295,12,5,1,0,0,1,0,1,1,0,1,0,1,alto
2,10000.0,12,0.4166666666666667,1,3,1,0,0,0,0,0,1,1,1,0,0,baixo
2,35000.0,13,1.0,2,3,1,0,0,0,1,1,0,1,0,0,0,medio_baixo
1,10000.0,0,0.0,1,2,1,0,0,0,0,0,1,1,0,0,0,alto
1,10000.0,0,0.0,5,3,1,0,0,2,1,0,0,1,0,0,1,alto
1,0.0,0,0.0,12,4,1,0,0,5,1,0,0,1,0,0,1,gratuito
4,10000.0,7,0.8571428571428571,1,2,1,0,1,0,1,0,1,0,0,0,0,medio_baixo
2,10000.0,0,0.0,1,4,1,0,0,0,1,1,0,1,0,0,0,gratuito
4,10000.0,18,0.6111111111111112,3,7,1,0,1,0,1,0,1,1,0,0,1,medio_baixo
3,10000.0,0,0.0,1,3,1,0,0,0,1,1,0,0,0,1,0,alto
5,10000.0,15,0.8666666666666667,1,2,1,0,0,0,1,0,0,1,0,0,0,medio_baixo
9,10000.0,6,0.6666666666666666,1,3,1,1,1,0,1,1,0,1,0,0,0,medio_alto
6,10000.0,11,1.0,1,2,1,0,0,0,1,1,0,0,0,0,0,medio_alto
3,10000.0,0,0.0,7,2,1,0,1,0,1,0,0,0,0,0,0,medio_alto
8,35000.0,297,0.7003367003367004,8,3,1,0,0,1,1,1,0,0,0,1,0,medio_baixo
3,10000.0,0,0.0,1,3,1,1,1,0,1,0,0,0,1,0,1,medio_alto
1,10000.0,0,0.0,9,4,1,1,0,0,1,0,0,1,0,0,0,gratuito
12,0.0,0,0.0,0,0,1,0,0,0,0,0,0,0,0,0,0,gratuito
4,0.0,0,0.0,1,2,1,0,0,1,0,1,1,0,0,0,0,gratuito
9,150000.0,549,0.7377049180327869,2,4,1,1,1,0,1,1,1,1,0,0,0,baixo
2,10000.0,14,0.8571428571428571,1,3,1,0,0,0,1,0,1,1,0,0,0,medio_baixo
3,0.0,0,0.0,0,0,1,0,0,0,0,0,0,0,0,0,0,gratuito
8,10000.0,8,0.625,2,2,1,0,0,1,1,1,0,0,0,0,0,medio_alto
5,75000.0,7,0.8571428571428571,1,3,1,0,0,0,1,1,1,0,0,0,0,gratuito
1,10000.0,2,0.5,1,1,1,0,0,0,0,1,0,0,0,0,0,baixo
5,10000.0,11,1.0,3,3,1,1,0,0,1,0,1,1,0,0,0,medio_baixo
1,10000.0,0,0.0,1,4,1,0,0,0,1,0,1,1,0,0,0,medio_alto
3,75000.0,501,0.9161676646706587,15,4,1,1,1,0,1,1,0,1,0,1,0,medio_alto
2,10000.0,3,1.0,2,3,1,0,0,0,0,1,1,0,1,0,0,medio_baixo
3,150000.0,634,0.7728706624605678,5,3,1,0,0,3,1,0,1,0,0,1,0,alto
2,35000.0,36,0.8055555555555556,2,6,1,1,1,0,1,0,1,1,1,0,1,gratuito
7,10000.0,1,0.0,2,2,1,0,0,0,1,0,0,0,0,0,0,medio_alto
2,10000.0,2,1.0,1,4,1,1,0,0,1,1,0,1,0,1,0,medio_alto
4,10000.0,0,0.0,1,2,1,0,0,2,1,0,0,1,0,0,0,baixo
3,10000.0,17,0.9411764705882353,2,4,1,0,0,0,1,1,0,1,0,0,1,medio_alto
1,0.0,0,0.0,1,5,1,0,0,0,0,0,1,1,1,0,1,gratuito
1,0.0,0,0.0,12,2,1,0,0,0,0,1,1,0,0,0,0,medio_baixo
7,10000.0,0,0.0,1,2,1,0,0,0,0,1,0,0,0,0,0,alto
1,10000.0,0,0.0,1,3,1,0,0,0,1,1,1,0,0,0,0,alto
3,10000.0,12,0.5833333333333334,26,5,1,0,0,0,1,1,0,0,1,0,1,baixo
3,0.0,0,0.0,0,0,1,0,0,0,0,0,0,0,0,0,0,gratuito
6,10000.0,3,1.0,1,1,1,0,0,0,0,0,0,0,1,0,0,medio_baixo
8,10000.0,74,0.8108108108108109,1,4,1,0,1,0,1,1,0,1,0,0,0,gratuito
6,10000.0,259,0.9305019305019305,1,3,1,0,1,0,1,1,0,1,0,0,0,baixo
1,10000.0,0,0.0,4,4,1,0,0,0,1,0,0,1,1,0,1,medio_baixo
4,10000.0,0,0.0,2,4,1,1,1,0,1,0,1,1,0,0,1,medio_alto
2,10000.0,4,0.5,2,3,1,0,0,0,1,0,1,0,1,0,0,baixo
4,10000.0,31,0.6451612903225806,1,3,1,0,0,0,1,1,0,0,0,0,0,gratuito
8,10000.0,62,0.9032258064516129,1,4,1,1,1,0,1,1,0,0,0,0,0,alto
1,10000.0,0,0.0,4,2,1,0,0,0,1,0,0,1,0,0,0,medio_baixo
8,10000.0,49,0.8367346938775511,1,1,1,0,0,0,0,1,0,0,0,0,0,alto
7,35000.0,152,0.8421052631578947,2,2,1,0,0,0,1,0,1,0,0,0,0,medio_baixo
1,0.0,0,0.0,0,0,1,0,0,0,0,0,0,0,0,0,0,gratuito
3,35000.0,1,0.0,2,1,1,0,0,0,0,0,1,0,0,0,0,baixo
1,0.0,0,0.0,0,0,1,0,0,0,0,0,0,0,0,0,0,gratuito
1,0.0,0,0.0,0,0,1,0,0,0,0,0,0,0,0,0,0,gratuito
1,10000.0,0,0.0,3,3,1,0,0,0,1,0,1,1,0,0,0,baixo
1,10000.0,0,0.0,4,2,1,0,0,0,0,0,0,1,1,0,0,medio_baixo
6,10000.0,0,0.0,103,2,1,0,0,1,1,0,0,1,0,0,0,baixo
1,0.0,0,0.0,6,3,1,0,0,0,1,0,0,1,0,0,1,baixo
8,10000.0,2,1.0,1,4,1,0,0,0,1,1,0,1,0,0,0,medio_alto
9,10000.0,2,0.5,2,3,1,0,0,0,0,1,1,1,0,0,0,medio_alto
1,0.0,0,0.0,1,3,1,1,1,0,1,1,0,0,0,0,0,gratuito
2,10000.0,0,0.0,21,2,1,0,0,1,0,0,0,0,0,0,1,alto
5,10000.0,13,0.9230769230769231,1,2,1,0,0,0,1,1,0,0,0,0,0,gratuito
8,10000.0,3,0.6666666666666666,2,4,1,0,0,0,1,0,1,0,0,1,1,baixo
5,0.0,0,0.0,0,0,1,0,0,0,0,0,0,0,0,0,0,gratuito
2,10000.0,1,1.0,2,3,1,0,0,0,1,0,1,0,1,0,0,medio_baixo
4,10000.0,1,0.0,1,2,1,0,0,0,1,0,0,1,0,0,0,baixo
3,10000.0,23,0.782608695652174,9,3,1,0,0,0,1,1,0,0,0,0,0,medio_alto
4,75000.0,235,0.6085106382978723,1,2,1,0,0,0,0,1,1,0,0,0,0,alto
2,0.0,0,0.0,1,5,1,0,0,0,1,1,1,1,0,0,0,gratuito
1,10000.0,3,1.0,30,2,1,0,0,0,1,0,0,1,0,0,0,baixo
7,10000.0,13,0.6923076923076923,1,2,1,0,0,0,1,0,0,0,0,0,1,gratuito
4,75000.0,128,0.6875,9,2,1,0,0,2,0,1,0,0,0,1,0,alto
1,0.0,0,0.0,1,2,1,0,0,0,1,0,0,0,0,0,0,gratuito
4,10000.0,6,1.0,1,3,1,0,0,0,1,1,0,1,0,0,0,baixo
9,75000.0,28,0.8571428571428571,2,3,1,0,0,1,0,1,0,0,1,0,0,medio_alto
1,0.0,0,0.0,7,4,1,0,0,0,1,1,0,0,0,0,0,gratuito
1,35000.0,301,0.7973421926910299,6,3,1,0,0,0,1,0,0,0,0,1,1,alto
4,0.0,0,0.0,0,0,1,0,0,0,0,0,0,0,0,0,0,gratuito
4,10000.0,5,0.8,1,3,1,0,0,0,1,0,1,1,0,0,0,medio_alto
9,10000.0,52,0.7692307692307693,11,2,1,0,0,0,1,0,0,1,0,0,0,medio_alto
9,10000.0,71,0.704225352112676,1,2,1,0,0,0,1,0,0,1,0,0,0,medio_alto
12,35000.0,139,0.5971223021582733,1,3,1,1,1,0,1,0,1,1,0,0,0,medio_alto
1,0.0,0,0.0,0,0,1,0,0,0,0,0,0,0,0,0,0,gratuito
10,35000.0,172,0.8546511627906976,1,2,1,0,0,0,1,1,0,0,0,0,0,medio_baixo
1,0.0,0,0.0,1,5,1,0,0,0,1,1,1,1,0,0,0,gratuito
5,10000.0,6,1.0,2,2,1,0,0,0,0,0,0,0,0,0,0,alto
6,10000.0,2,0.5,1,3,1,0,0,0,1,0,0,1,0,0,1,medio_baixo
4,10000.0,0,0.0,1,2,1,0,1,0,1,0,0,1,0,0,0,medio_alto
10,35000.0,106,0.4811320754716981,2,3,1,1,0,1,1,1,1,0,0,0,0,medio_baixo
4,0.0,0,0.0,0,0,1,0,0,0,0,0,0,0,0,0,0,gratuito
2,10000.0,5,1.0,2,2,1,0,0,0,1,1,0,0,0,0,0,medio_baixo
1,10000.0,0,0.0,4,3,1,0,0,0,1,0,1,1,0,0,0,baixo
6,75000.0,304,0.8651315789473685,6,5,1,0,0,0,1,1,1,0,1,0,0,gratuito
1,0.0,0,0.0,0,0,1,0,0,0,0,0,0,0,0,0,0,gratuito
8,150000.0,595,0.7714285714285715,8,4,1,1,0,0,1,0,0,1,0,1,1,alto
8,10000.0,48,0.7291666666666666,1,4,1,0,0,0,0,0,1,1,1,1,0,baixo
1,10000.0,1,1.0,1,4,1,0,0,0,1,1,1,0,1,0,0,baixo
2,10000.0,33,0.8787878787878788,2,2,1,1,0,0,0,0,0,1,0,0,1,medio_baixo
1,0.0,0,0.0,6,4,1,0,0,0,0,1,1,0,1,0,0,gratuito
2,350000.0,2607,0.8530878404296126,11,3,1,1,0,1,1,1,0,1,0,0,0,medio_baixo
8,10000.0,1,1.0,2,3,1,0,0,0,1,0,0,0,0,0,1,alto
1,10000.0,94,0.7659574468085106,2,4,1,0,0,0,1,1,0,1,0,0,1,medio_alto
3,10000.0,4,1.0,3,7,1,0,0,0,1,1,1,1,1,1,1,medio_alto
11,10000.0,38,0.39473684210526316,1,3,1,0,0,0,1,1,0,1,0,0,0,medio_alto
4,0.0,0,0.0,1,3,1,0,0,0,1,1,1,0,0,0,0,gratuito
2,10000.0,158,0.8670886075949367,19,3,1,0,0,0,1,0,0,1,0,0,1,medio_alto
4,0.0,0,0.0,2,2,1,0,1,0,0,0,0,0,0,0,1,gratuito
3,10000.0,7,1.0,2,3,1,0,1,1,1,1,1,0,0,0,0,baixo
7,10000.0,35,0.5714285714285714,2,2,1,1,0,0,1,0,1,0,0,0,0,baixo
7,10000.0,39,0.8974358974358975,1,2,1,0,0,1,1,1,0,0,0,0,0,medio_baixo
5,10000.0,1,0.0,1,3,1,0,0,0,0,1,1,1,0,0,0,baixo
12,75000.0,180,0.6611111111111111,1,3,1,1,1,0,1,0,1,0,1,0,0,baixo
2,10000.0,0,0.0,4,2,1,0,0,0,0,0,0,1,1,0,0,medio_alto
1,10000.0,40,0.925,1,2,1,0,0,0,1,1,0,0,0,0,0,medio_alto
5,350000.0,2048,0.80078125,3,2,1,1,1,1,0,0,0,0,1,0,0,gratuito
8,10000.0,0,0.0,1,3,1,0,0,0,1,0,0,1,0,1,0,baixo
7,150000.0,4950,0.9541414141414142,29,5,1,0,0,1,0,0,1,1,1,1,1,baixo
1,0.0,0,0.0,1,3,1,0,0,0,1,1,0,0,0,0,0,gratuito
8,10000.0,19,1.0,11,3,1,0,0,1,1,0,1,1,0,0,0,alto
3,10000.0,2,1.0,1,2,1,0,0,0,1,0,0,1,0,0,0,baixo
5,10000.0,1,1.0,1,2,1,0,0,0,1,1,0,0,0,0,0,alto
9,10000.0,67,0.6865671641791045,1,3,1,0,0,0,0,1,1,0,0,0,1,alto
10,150000.0,38,0.7894736842105263,1,1,1,0,0,0,0,0,0,0,0,0,1,medio_alto
7,10000.0,0,0.0,1,3,1,0,0,0,1,0,1,0,0,0,0,gratuito
4,10000.0,11,1.0,1,3,1,0,0,0,1,1,0,1,0,0,0,medio_alto
1,150000.0,537,0.4227188081936685,12,6,1,0,0,0,1,1,1,1,1,1,0,medio_alto
2,10000.0,1,0.0,1,3,1,0,0,0,0,0,1,1,1,0,0,medio_alto
7,10000.0,23,0.5217391304347826,1,2,1,0,0,0,1,1,0,0,0,0,0,gratuito
3,0.0,0,0.0,0,0,1,0,0,0,0,0,0,0,0,0,0,gratuito
1,0.0,0,0.0,3,2,1,0,0,0,0,0,0,0,1,0,0,gratuito
5,10000.0,22,0.8181818181818182,1,3,1,0,0,0,1,0,0,1,0,0,1,medio_alto
12,1500000.0,19074,0.7662262766068995,11,1,1,0,0,0,0,1,0,0,0,0,0,medio_alto
6,35000.0,33,0.3939393939393939,2,2,1,0,0,0,1,1,0,0,0,0,0,baixo
7,10000.0,11,0.2727272727272727,2,1,1,0,0,0,0,0,1,0,0,0,0,baixo
2,10000.0,102,0.9901960784313726,0,2,1,0,0,0,1,0,0,0,0,0,0,gratuito
8,10000.0,23,0.5652173913043478,1,1,1,0,0,0,1,0,0,0,0,0,0,baixo
2,10000.0,6,1.0,2,1,1,0,0,0,1,0,0,0,0,0,0,medio_alto
2,10000.0,1,1.0,5,3,1,0,0,0,1,1,1,0,0,0,0,medio_alto
8,10000.0,26,0.46153846153846156,4,4,1,1,0,0,1,1,1,0,1,0,0,baixo
8,10000.0,61,0.5081967213114754,1,5,1,0,0,0,1,0,1,0,0,0,1,gratuito
1,0.0,0,0.0,1,2,1,0,0,0,0,1,0,0,0,0,0,gratuito
7,10000.0,14,0.7857142857142857,1,2,1,0,0,0,1,1,0,0,0,0,0,alto
3,0.0,0,0.0,2,1,1,0,0,0,0,1,0,0,0,0,0,gratuito
5,10000.0,33,0.8787878787878788,1,5,1,1,0,0,1,0,0,1,1,1,1,alto
6,10000.0,129,0.3875968992248062,13,3,1,0,0,0,1,1,1,0,0,0,0,medio_alto
1,0.0,0,0.0,15,1,1,0,0,0,0,0,1,0,0,0,0,gratuito
4,10000.0,22,0.7272727272727273,8,5,1,0,0,0,1,1,0,1,0,0,1,alto
4,0.0,0,0.0,1,4,1,0,0,0,1,0,0,1,0,0,1,baixo
2,10000.0,32,0.9375,1,2,1,1,0,0,1,0,0,0,0,1,0,alto
2,10000.0,0,0.0,1,2,1,1,0,0,0,0,1,0,0,0,1,medio_baixo
6,10000.0,23,0.30434782608695654,1,7,1,0,0,0,1,1,1,1,0,0,1,medio_alto
3,10000.0,8,1.0,1,3,1,0,0,0,1,0,0,1,0,1,0,baixo
4,10000.0,0,0.0,9,3,1,0,0,1,1,0,0,1,0,0,1,alto
6,10000.0,1,0.0,1,4,1,0,0,0,1,1,0,1,1,0,0,medio_baixo
4,10000.0,1,1.0,1,3,1,0,0,0,1,0,0,1,1,0,0,baixo
2,10000.0,6,1.0,1,2,1,0,0,0,0,0,0,0,0,1,0,gratuito
6,10000.0,37,0.972972972972973,2,2,1,0,1,2,0,1,1,0,0,0,0,alto
1,10000.0,2,1.0,1,3,1,0,1,0,1,1,0,1,0,0,0,baixo
1,10000.0,0,0.0,1,2,1,0,0,0,1,0,0,1,0,0,0,baixo
6,10000.0,27,0.6666666666666666,6,2,1,0,0,0,1,0,0,0,0,1,0,alto
1,350000.0,7423,0.7952310386636131,7,3,1,0,0,8,0,0,0,0,0,0,1,alto
12,350000.0,1571,0.5047740292807129,7,4,1,0,0,0,1,1,1,1,0,0,0,medio_alto
9,35000.0,257,0.6459143968871596,1,4,1,0,0,1,1,1,1,0,0,0,0,gratuito
1,10000.0,0,0.0,1,3,1,0,0,0,0,1,0,1,0,0,0,gratuito
3,10000.0,0,0.0,1,4,1,0,0,0,1,0,0,1,0,1,0,gratuito
7,10000.0,1,1.0,1,3,1,0,0,0,1,1,0,1,0,0,0,alto
1,10000.0,20,1.0,7,3,1,1,0,0,1,1,0,1,0,0,0,baixo
8,75000.0,539,0.9146567717996289,1,4,1,0,0,0,1,1,1,0,0,0,1,alto
7,75000.0,566,0.784452296819788,3,3,1,0,0,13,0,1,1,0,1,0,0,alto
5,0.0,0,0.0,1,4,1,0,0,0,1,1,0,1,0,0,0,gratuito
8,10000.0,5,0.8,1,3,1,0,0,0,1,0,1,0,1,0,0,medio_baixo
7,10000.0,14,0.7142857142857143,1,2,1,0,0,0,1,0,0,0,1,0,0,medio_baixo
1,10000.0,0,0.0,1,3,1,0,0,0,1,0,1,1,0,0,0,alto
7,10000.0,25,0.76,6,4,1,0,0,0,1,1,1,1,0,0,0,baixo
5,10000.0,1,1.0,1,1,1,0,0,0,0,0,0,1,0,0,0,medio_baixo
10,10000.0,3,0.0,1,3,1,0,0,0,1,0,0,1,0,0,0,baixo
10,150000.0,1040,0.9201923076923076,18,2,1,1,0,0,0,0,1,1,0,0,0,medio_baixo
9,10000.0,41,0.36585365853658536,1,3,1,0,0,0,1,0,1,1,0,0,0,baixo
7,10000.0,4,0.5,2,1,1,0,0,0,1,0,0,0,0,0,0,baixo
4,10000.0,2,1.0,1,3,1,0,0,0,1,1,0,1,0,0,0,baixo
6,10000.0,215,0.7813953488372093,10,0,1,0,0,1,0,0,0,0,0,0,0,baixo
6,10000.0,9,0.6666666666666666,5,4,1,0,0,0,1,1,0,0,0,0,0,medio_baixo
10,150000.0,1823,0.5523861766319254,7,2,1,0,0,0,1,0,1,0,0,0,0,medio_alto
8,150000.0,47,0.9148936170212766,1,3,1,0,0,0,0,1,1,0,0,1,0,medio_alto
10,35000.0,24,0.5833333333333334,5,1,1,1,0,0,0,0,0,1,0,0,0,baixo
6,10000.0,28,0.17857142857142858,1,4,1,0,0,0,1,1,1,0,0,0,0,alto
2,75000.0,1014,0.76232741617357,16,4,1,0,0,0,0,0,0,0,1,1,1,alto
9,35000.0,159,0.6477987421383647,6,3,1,0,1,0,1,0,1,1,0,0,0,baixo
5,10000.0,13,0.8461538461538461,1,5,1,0,0,0,0,0,0,1,0,0,1,alto
9,10000.0,1,1.0,1,3,1,1,1,0,1,0,1,0,1,0,0,medio_baixo
1,10000.0,0,0.0,31,2,1,0,0,0,1,0,0,1,0,0,0,baixo
5,10000.0,1,0.0,1,3,1,0,0,0,1,0,1,0,0,0,1,alto
9,10000.0,39,0.7692307692307693,5,2,1,0,0,0,1,0,0,0,0,0,0,alto
4,35000.0,1,1.0,1,3,1,0,1,0,0,1,1,0,0,0,0,alto
11,350000.0,1144,0.5148601398601399,1,3,1,0,0,0,1,0,1,0,1,0,0,baixo
4,10000.0,0,0.0,1,3,1,0,0,0,1,0,0,1,0,0,1,baixo
3,0.0,0,0.0,3,4,1,0,0,1,1,0,1,1,0,0,0,gratuito
5,75000.0,297,0.622895622895623,3,4,1,0,0,0,1,1,0,0,0,0,0,gratuito
2,150000.0,2413,0.9291338582677166,11,3,1,1,0,2,1,0,1,1,0,0,0,alto
5,350000.0,6129,0.8095937347038669,9,3,1,0,0,0,1,1,1,0,0,0,0,alto
6,10000.0,0,0.0,1,1,1,0,1,5,1,0,0,0,0,0,0,alto
9,10000.0,10,0.7,1,2,1,0,0,0,0,0,0,1,0,1,0,baixo
3,35000.0,107,0.9065420560747663,7,2,1,0,1,0,1,1,0,0,0,0,0,medio_baixo
8,150000.0,307,0.8436482084690554,1,4,1,1,0,1,1,0,1,0,1,1,0,medio_alto
10,35000.0,79,0.6962025316455697,1,3,1,1,1,0,1,0,1,1,0,0,0,alto
1,0.0,0,0.0,1,2,1,0,0,0,1,0,1,0,0,0,0,medio_baixo
3,10000.0,18,0.8333333333333334,1,3,1,0,0,0,1,0,0,0,0,0,0,gratuito
1,0.0,0,0.0,4,2,1,0,0,1,1,1,0,0,0,0,0,alto
6,10000.0,1,0.0,1,1,1,1,0,0,0,1,0,0,0,0,0,baixo
2,10000.0,1,1.0,1,4,1,0,0,0,1,1,1,1,0,0,0,medio_baixo
2,10000.0,1,1.0,2,7,1,0,0,0,1,1,1,1,1,1,1,alto
7,350000.0,4012,0.5496011964107677,7,5,1,0,0,0,0,0,1,1,1,1,1,medio_alto
2,10000.0,3,1.0,6,3,1,0,0,2,1,0,1,1,0,0,0,medio_baixo
20,35000.0,338,0.8964497041420119,1,2,1,0,0,0,1,0,0,1,0,0,0,gratuito
2,10000.0,21,1.0,2,4,1,0,0,2,1,1,1,0,0,0,0,gratuito
1,0.0,0,0.0,0,0,1,0,0,0,0,0,0,0,0,0,0,gratuito
9,10000.0,4,0.5,10,1,1,0,0,0,0,0,0,0,0,0,0,gratuito
4,10000.0,24,0.7083333333333334,1,7,1,0,0,0,1,1,1,1,1,1,0,alto
3,35000.0,34,0.8235294117647058,7,2,1,0,0,1,1,0,1,0,0,0,0,medio_alto
2,10000.0,0,0.0,25,2,1,0,0,0,1,0,0,0,0,0,1,alto
8,10000.0,37,0.7297297297297297,12,3,1,0,0,0,1,1,0,1,0,0,0,alto
6,10000.0,154,0.6623376623376623,12,5,1,0,0,0,1,1,1,0,0,0,1,baixo
10,75000.0,218,0.8853211009174312,1,2,1,1,0,2,1,0,0,1,0,0,0,medio_baixo
1,0.0,0,0.0,1,3,1,0,0,0,1,1,0,0,0,1,0,baixo
11,10000.0,98,0.5408163265306123,2,3,1,0,0,1,0,0,0,0,0,1,1,alto
16,1500000.0,10059,0.7576299830997117,8,1,1,0,0,0,0,1,0,0,0,0,0,medio_alto
4,10000.0,25,0.8,5,1,1,0,0,0,0,1,0,0,0,0,0,baixo
7,75000.0,789,0.7997465145754119,9,3,1,1,1,0,1,0,1,1,0,0,0,baixo
17,35000.0,187,0.8235294117647058,1,1,1,0,0,0,0,0,1,0,0,0,0,medio_alto
4,10000.0,2,1.0,8,1,1,1,0,1,0,0,0,1,0,0,0,medio_baixo
9,35000.0,17,1.0,1,4,1,1,0,0,1,1,1,1,0,0,0,medio_alto
10,10000.0,102,0.7941176470588235,1,3,1,0,0,0,1,1,0,0,0,0,0,gratuito
8,10000.0,53,0.6415094339622641,1,4,1,0,0,0,1,1,0,1,0,0,1,baixo
6,10000.0,16,0.8125,2,4,1,0,0,0,1,1,1,0,1,0,0,baixo
1,10000.0,71,0.49295774647887325,23,4,1,0,0,0,1,1,1,0,1,0,0,medio_baixo
2,10000.0,0,0.0,1,2,1,1,1,0,1,0,0,1,0,0,0,baixo
1,150000.0,831,0.9711191335740073,1,4,1,0,0,0,1,0,1,0,0,1,1,alto
3,10000.0,31,0.9032258064516129,3,2,1,1,1,0,1,0,0,0,0,0,0,medio_baixo
1,10000.0,0,0.0,4,3,1,0,0,0,0,0,0,1,1,0,1,alto
1,10000.0,0,0.0,1,2,1,0,0,0,1,0,0,1,0,0,0,baixo
1,10000.0,0,0.0,2,1,1,0,0,0,0,0,0,1,0,0,0,baixo
3,10000.0,1,1.0,2,2,1,0,1,0,0,0,1,1,0,0,0,baixo
10,10000.0,19,0.631578947368421,1,2,1,0,0,1,1,1,0,0,0,0,0,alto
11,10000.0,48,0.25,2,3,1,0,0,0,0,0,0,0,0,1,1,alto
3,0.0,0,0.0,7,3,1,1,0,0,1,0,0,1,0,1,0,gratuito
4,150000.0,14,0.6428571428571429,2,4,1,0,0,1,1,0,0,1,1,1,0,baixo
1,35000.0,104,0.8461538461538461,11,4,1,0,0,1,1,1,1,0,0,1,0,alto
6,350000.0,1120,0.9348214285714286,1,6,1,0,0,2,1,0,1,1,1,0,1,alto
3,10000.0,41,0.926829268292683,5,4,1,0,0,0,1,1,0,1,0,0,0,gratuito
9,150000.0,294,0.7653061224489796,11,3,1,1,1,1,1,0,0,0,0,1,0,gratuito
3,10000.0,9,0.7777777777777778,8,4,1,1,1,0,1,1,1,0,0,0,0,baixo
2,10000.0,6,1.0,1,4,1,0,0,0,1,1,1,1,0,0,0,baixo
6,10000.0,15,0.7333333333333333,1,4,1,0,0,0,1,1,1,1,0,0,0,baixo
6,10000.0,11,1.0,29,2,1,0,0,0,1,0,0,1,0,0,0,baixo
3,10000.0,2,0.5,11,3,1,1,1,0,1,0,0,1,0,1,0,medio_alto
8,10000.0,81,0.7901234567901234,1,3,1,1,1,1,1,1,0,1,0,0,0,baixo
1,0.0,0,0.0,0,0,1,0,0,0,0,0,0,0,0,0,0,gratuito
3,35000.0,755,0.7655629139072848,7,2,1,0,0,2,0,0,0,0,1,1,0,medio_alto
10,750000.0,6148,0.9643786597267404,9,3,1,1,1,1,1,1,0,1,0,0,0,baixo
6,10000.0,59,0.5932203389830508,9,4,1,1,1,0,1,1,0,0,0,0,0,gratuito
2,35000.0,3,1.0,2,1,1,0,0,0,0,1,0,0,0,0,0,medio_baixo
4,10000.0,23,0.5217391304347826,17,4,1,1,0,0,1,1,1,0,0,0,0,medio_baixo
3,0.0,0,0.0,2,2,1,0,0,0,0,1,0,0,1,0,0,gratuito
1,10000.0,0,0.0,1,2,1,0,0,0,1,0,0,1,0,0,0,baixo
6,10000.0,6,1.0,9,3,1,0,0,0,1,1,0,1,0,0,0,alto
2,10000.0,2,1.0,2,5,1,0,0,0,1,1,1,0,1,1,0,medio_baixo
6,10000.0,25,0.72,1,4,1,0,0,0,0,1,0,1,0,0,0,medio_alto
4,0.0,0,0.0,1,2,1,0,0,0,1,0,0,1,0,0,0,baixo
7,10000.0,11,0.6363636363636364,1,4,1,0,0,0,1,0,0,0,0,0,0,medio_baixo
2,10000.0,192,0.8854166666666666,2,2,1,0,0,0,1,0,0,1,0,0,0,medio_baixo
2,10000.0,14,1.0,1,3,1,0,0,0,0,1,1,1,0,0,0,alto
9,35000.0,563,0.827708703374778,1,3,1,1,0,1,1,1,1,0,0,0,0,baixo
4,0.0,0,0.0,1,3,1,0,0,1,1,0,0,1,0,0,0,gratuito
6,35000.0,1,1.0,4,2,1,0,0,0,1,0,1,0,0,0,0,alto
10,350000.0,549,0.8743169398907104,1,2,1,0,0,0,1,0,1,0,0,0,0,baixo
9,10000.0,28,0.32142857142857145,1,3,1,1,1,0,0,0,0,1,1,0,1,medio_baixo
11,10000.0,20,0.75,1,4,1,0,0,1,1,1,0,0,0,1,0,alto
10,35000.0,78,0.8205128205128205,1,2,1,0,0,0,1,0,0,1,0,0,0,gratuito
2,10000.0,2,0.5,1,4,1,0,0,0,1,1,1,1,0,0,0,medio_alto
5,750000.0,25542,0.882233184558766,9,3,1,0,0,9,0,1,1,0,1,0,0,alto
8,10000.0,4,1.0,1,2,1,0,0,0,1,0,0,1,0,0,0,alto
13,350000.0,1356,0.5331858407079646,4,2,1,0,0,1,0,1,0,0,1,0,0,medio_baixo
2,10000.0,8,0.625,1,1,1,0,0,0,0,1,0,0,0,0,0,medio_alto
5,10000.0,0,0.0,1,5,1,0,0,0,1,1,1,1,0,0,0,baixo
2,10000.0,16,1.0,9,2,1,0,0,0,0,1,0,1,0,0,0,baixo
1,10000.0,1,1.0,2,1,1,1,1,0,0,0,1,0,0,0,0,medio_alto
10,10000.0,65,0.6615384615384615,1,4,1,0,0,0,1,1,1,0,0,0,0,baixo
5,10000.0,2,0.0,1,3,1,0,0,0,1,0,1,0,0,0,0,medio_alto
1,10000.0,0,0.0,12,3,1,0,0,0,1,0,1,1,0,0,0,medio_alto
6,75000.0,741,0.7989203778677463,3,2,1,0,0,1,1,0,0,1,0,0,0,baixo
1,10000.0,0,0.0,30,3,1,0,0,2,1,0,1,0,0,0,1,medio_baixo
4,10000.0,215,0.9441860465116279,9,2,1,1,0,0,1,0,0,1,0,0,0,baixo
1,0.0,0,0.0,30,4,1,0,0,0,1,0,0,1,0,0,1,gratuito
9,35000.0,220,0.5363636363636364,2,5,1,0,0,1,1,0,1,1,0,0,0,gratuito
2,350000.0,6200,0.7417741935483871,13,3,1,0,0,3,0,0,1,0,1,0,1,alto
2,75000.0,212,0.8584905660377359,9,4,1,0,0,2,0,0,1,0,1,1,1,alto
5,10000.0,25,0.8,1,2,1,0,0,0,1,0,0,1,0,0,0,baixo
10,35000.0,189,0.8783068783068783,1,2,1,0,0,0,0,0,1,1,0,0,0,gratuito
1,10000.0,6,1.0,2,5,1,0,0,0,1,1,1,1,0,1,0,baixo
2,10000.0,2,1.0,1,1,1,0,0,0,0,0,0,1,0,0,0,medio_alto
2,10000.0,3,1.0,3,3,1,1,1,0,0,0,1,1,0,1,0,baixo
4,10000.0,29,0.5517241379310345,1,6,1,0,0,0,1,1,1,1,0,0,1,baixo
4,10000.0,4,0.5,2,4,1,0,0,0,0,0,0,1,0,0,0,alto
5,0.0,0,0.0,1,4,1,0,0,0,1,1,0,0,0,0,1,gratuito
1,10000.0,0,0.0,6,5,1,0,0,0,1,0,0,1,1,1,1,medio_alto
11,150000.0,390,0.5128205128205128,1,4,1,1,1,0,1,1,1,1,0,0,0,medio_baixo
4,10000.0,19,0.6842105263157895,29,5,1,0,0,0,1,1,1,1,0,1,0,alto
3,10000.0,4,1.0,1,2,1,1,0,0,1,0,0,1,0,0,0,medio_alto
1,10000.0,10,1.0,1,3,1,0,1,0,0,1,1,0,1,0,0,alto
2,10000.0,83,0.9759036144578314,11,3,1,0,0,2,1,0,1,1,0,0,0,alto
1,10000.0,0,0.0,30,2,1,0,0,0,1,0,0,1,0,0,0,baixo
1,10000.0,3,1.0,7,2,1,0,0,0,1,0,0,0,0,0,0,medio_alto
2,10000.0,0,0.0,1,3,1,0,0,0,1,0,1,1,0,0,0,baixo
4,10000.0,42,1.0,103,2,1,1,1,1,1,0,0,1,0,0,0,baixo
10,75000.0,98,0.47959183673469385,1,3,1,0,0,0,0,0,0,0,0,1,0,gratuito
3,10000.0,9,1.0,1,3,1,0,0,0,1,0,1,0,1,0,0,baixo
5,150000.0,2325,0.8851612903225806,10,2,1,1,0,0,1,0,0,1,0,0,0,baixo
7,10000.0,207,0.9371980676328503,1,4,1,0,0,1,1,1,0,1,0,0,0,gratuito
1,0.0,0,0.0,2,2,1,0,1,0,1,1,0,0,0,0,0,medio_alto
3,10000.0,12,0.25,10,2,1,0,0,0,0,1,1,0,0,0,0,alto
6,1500000.0,10837,0.9236873673525884,13,2,1,0,0,1,0,1,1,0,0,0,0,alto
4,10000.0,26,0.8076923076923077,8,4,1,0,0,0,0,1,1,0,1,0,0,alto
5,750000.0,7405,0.7284267386900742,14,2,1,0,0,1,1,0,1,0,0,0,0,alto
2,0.0,0,0.0,1,3,1,0,0,0,1,0,0,1,0,0,0,gratuito
4,10000.0,38,0.6578947368421053,1,2,1,0,0,0,1,0,1,0,0,0,0,medio_baixo
7,10000.0,40,0.875,29,3,1,0,0,0,1,0,0,1,0,1,0,baixo
2,0.0,0,0.0,0,0,1,0,0,0,0,0,0,0,0,0,0,gratuito
5,750000.0,21418,0.9179195069567654,11,3,1,0,0,3,1,1,1,0,0,0,0,medio_alto
9,3500000.0,1741,0.7329121194715681,103,4,1,0,0,0,1,1,1,1,0,0,0,baixo
9,35000.0,662,0.9516616314199395,3,3,1,1,1,1,1,0,1,1,0,0,0,medio_alto
1,10000.0,0,0.0,1,3,1,1,1,0,1,1,0,0,0,0,0,medio_alto
8,10000.0,25,0.88,2,3,1,0,0,0,1,1,0,0,0,0,1,gratuito
4,10000.0,23,0.9565217391304348,1,2,1,0,0,0,1,1,0,0,0,0,0,alto
3,10000.0,4,1.0,1,1,1,1,0,0,0,0,0,1,0,0,0,medio_alto
9,10000.0,9,0.8888888888888888,1,2,1,0,0,0,0,0,0,0,0,0,0,alto
7,35000.0,1606,0.9414694894146949,3,1,1,0,0,1,0,0,0,1,0,0,0,medio_baixo
2,10000.0,137,0.9197080291970803,1,2,1,0,0,0,1,1,0,0,0,0,0,baixo
9,3500000.0,73472,0.9011868466898955,20,3,1,0,0,1,1,1,1,0,0,0,0,alto
7,150000.0,604,0.7831125827814569,3,5,1,0,0,0,1,1,0,0,1,0,0,gratuito
12,35000.0,249,0.9357429718875502,1,2,1,1,1,0,0,0,1,1,0,0,0,medio_alto
2,10000.0,9,1.0,3,3,1,0,0,0,0,1,0,1,0,0,0,medio_baixo
6,10000.0,2,1.0,1,5,1,0,0,0,1,1,1,0,0,1,1,alto
10,75000.0,281,0.7864768683274022,12,3,1,0,0,0,1,0,1,1,0,0,0,medio_baixo
1,0.0,0,0.0,0,0,1,0,0,0,0,0,0,0,0,0,0,gratuito
3,1500000.0,23048,0.9079746615758417,17,3,1,1,0,1,0,0,0,0,0,1,1,gratuito
3,75000.0,26,0.6538461538461539,1,4,1,0,0,0,0,1,0,0,0,0,1,baixo
9,10000.0,22,0.8181818181818182,2,2,1,0,0,0,1,0,0,1,0,0,0,baixo
8,10000.0,6,0.0,1,5,1,0,0,0,1,0,1,1,0,0,1,medio_alto
6,10000.0,6,0.6666666666666666,1,5,1,0,0,0,1,1,0,1,0,1,0,medio_alto
1,0.0,0,0.0,0,0,1,0,0,0,0,0,0,0,0,0,0,gratuito
2,10000.0,11,1.0,20,3,1,0,0,0,0,1,1,1,0,0,0,medio_alto
2,75000.0,1,0.0,1,6,1,0,0,0,1,1,0,1,1,0,0,baixo
7,350000.0,2220,0.5630630630630631,5,5,1,0,0,2,1,0,1,0,1,1,1,medio_baixo
2,750000.0,19845,0.9756613756613757,15,3,1,0,1,1,1,0,0,1,0,0,1,alto
1,10000.0,0,0.0,3,2,1,0,0,0,0,0,1,0,1,0,0,alto
8,10000.0,16,0.625,1,2,1,0,0,1,0,0,0,0,0,0,0,gratuito
7,10000.0,3,1.0,1,4,1,0,0,0,1,0,1,0,1,0,1,medio_alto
4,0.0,0,0.0,0,0,1,0,0,0,0,0,0,0,0,0,0,gratuito
1,10000.0,39,0.9743589743589743,1,1,1,0,0,0,0,0,0,0,1,0,0,alto
2,10000.0,43,0.7441860465116279,1,1,1,0,0,0,0,0,0,0,1,0,0,medio_alto
2,10000.0,30,1.0,9,4,1,0,0,0,1,0,0,1,0,1,1,medio_baixo
9,350000.0,8394,0.9186323564450798,10,5,1,1,1,0,1,1,1,0,0,1,0,alto
3,10000.0,2,0.5,1,1,1,0,0,0,0,0,0,0,0,0,1,medio_baixo
8,35000.0,143,0.7202797202797203,1,1,1,0,0,0,0,0,0,0,0,1,0,alto
5,10000.0,3,1.0,1,4,1,0,0,0,1,1,1,1,0,0,0,medio_alto
5,35000.0,495,0.6525252525252525,12,3,1,0,0,1,0,1,1,0,1,0,0,medio_alto
1,10000.0,13,0.9230769230769231,11,3,1,0,0,0,1,1,1,0,0,0,0,medio_alto
8,10000.0,133,0.7969924812030075,1,3,1,0,0,0,1,0,1,0,1,0,0,baixo
6,10000.0,45,0.8,1,1,1,0,0,0,0,0,0,0,0,1,0,alto
12,750000.0,7685,0.8990240728692258,1,3,1,1,0,0,1,1,0,0,0,0,0,medio_baixo
1,10000.0,0,0.0,2,3,1,0,0,0,1,0,0,0,1,1,0,baixo
5,10000.0,19,1.0,1,2,1,1,0,0,1,1,0,0,0,0,0,baixo
2,75000.0,1169,0.9443969204448246,15,2,1,0,0,1,0,1,1,0,0,0,0,alto
4,0.0,0,0.0,1,3,1,0,0,0,1,1,0,0,0,0,0,gratuito
2,35000.0,807,0.9021065675340768,3,4,1,1,0,2,1,0,1,1,0,0,0,gratuito
1,10000.0,0,0.0,1,1,1,0,0,0,0,1,0,0,0,0,0,baixo
2,10000.0,0,0.0,1,4,1,0,0,0,1,1,1,1,0,0,0,medio_alto
4,10000.0,4,0.5,1,5,1,0,0,0,1,1,1,0,1,0,0,alto
1,0.0,0,0.0,0,0,1,0,0,0,0,0,0,0,0,0,0,gratuito
1,10000.0,0,0.0,1,3,1,1,0,0,1,0,0,1,0,0,1,medio_baixo
8,10000.0,6,1.0,1,4,1,0,0,0,1,1,0,1,0,0,1,baixo
8,10000.0,23,0.5652173913043478,6,4,1,0,1,1,1,1,0,1,0,1,0,baixo
7,10000.0,6,0.3333333333333333,2,3,1,0,0,0,1,0,1,1,0,0,0,medio_baixo
2,10000.0,2,0.5,1,4,1,0,0,0,1,0,0,0,1,1,0,alto
2,10000.0,47,0.6595744680851063,8,3,1,0,1,0,1,1,1,0,0,0,0,alto
11,10000.0,32,0.875,8,2,1,1,1,1,1,1,0,0,0,0,0,alto
8,10000.0,13,1.0,1,3,1,0,0,0,1,1,0,1,0,0,0,baixo
1,10000.0,0,0.0,1,3,1,0,0,0,1,0,1,0,1,0,0,alto
4,10000.0,33,0.9696969696969697,1,3,1,1,0,0,1,0,0,0,1,0,1,alto
1,10000.0,0,0.0,4,4,1,0,0,0,1,0,1,1,0,1,0,alto
9,10000.0,10,1.0,1,2,1,0,0,0,1,0,0,1,0,0,0,medio_baixo
5,10000.0,44,0.6136363636363636,3,4,1,0,0,0,0,1,1,0,0,1,1,alto
5,10000.0,11,0.45454545454545453,103,3,1,0,1,0,1,0,0,1,0,1,0,medio_baixo
1,10000.0,0,0.0,1,3,1,0,0,0,1,1,0,1,0,0,0,medio_baixo
17,35000.0,98,0.6938775510204082,1,2,1,0,0,0,1,0,0,1,0,0,0,medio_alto
3,150000.0,4017,0.8202638785163057,13,3,1,0,0,0,1,1,1,0,0,0,0,alto
2,10000.0,0,0.0,1,3,1,1,1,0,1,0,0,1,0,1,0,medio_alto
4,0.0,0,0.0,0,0,1,0,0,0,0,0,0,0,0,0,0,gratuito
10,35000.0,121,0.7107438016528925,2,5,1,0,0,0,1,0,0,1,0,1,1,alto
4,10000.0,19,1.0,1,2,1,0,0,0,1,0,0,1,0,0,0,baixo
1,10000.0,3,1.0,1,2,1,0,0,0,1,0,0,1,0,0,0,medio_baixo
1,10000.0,0,0.0,16,2,1,1,1,0,1,1,0,0,0,0,0,medio_baixo
3,0.0,0,0.0,0,0,1,0,0,0,0,0,0,0,0,0,0,gratuito
5,10000.0,1,0.0,1,2,1,0,0,0,0,1,1,0,0,0,0,alto
6,10000.0,0,0.0,1,3,1,0,0,0,1,0,1,0,1,0,0,medio_baixo
9,150000.0,40,0.6,1,4,1,0,0,0,1,1,1,0,0,1,0,medio_baixo
8,75000.0,676,0.7973372781065089,1,3,1,0,0,2,1,1,0,0,0,0,1,medio_baixo
5,10000.0,10,0.9,2,3,1,1,0,0,1,0,1,0,1,0,0,medio_alto
5,0.0,0,0.0,0,0,1,0,0,0,0,0,0,0,0,0,0,gratuito
6,10000.0,4,1.0,2,4,1,1,1,0,1,1,0,1,1,0,0,baixo
6,10000.0,45,0.6,6,1,1,1,0,0,0,0,0,0,0,0,1,baixo
3,10000.0,34,1.0,11,3,1,0,0,1,1,1,0,1,0,0,0,medio_alto
9,10000.0,25,0.92,6,4,1,0,0,0,0,0,1,1,0,1,1,medio_baixo
3,10000.0,23,0.30434782608695654,5,2,1,0,0,0,1,0,0,0,0,0,1,baixo
4,10000.0,0,0.0,1,2,1,0,0,0,1,0,0,1,0,0,0,medio_alto
4,10000.0,1,1.0,1,2,1,0,0,0,1,1,0,0,0,0,0,baixo
2,10000.0,5,0.8,2,1,1,0,0,0,1,0,0,0,0,0,0,medio_alto
1,10000.0,1,0.0,2,1,1,0,0,0,0,1,0,0,0,0,0,medio_baixo
2,10000.0,1,1.0,1,1,1,0,0,0,1,0,0,0,0,0,0,alto
9,35000.0,535,0.8728971962616823,13,3,1,0,0,0,0,0,0,0,0,0,1,alto
12,75000.0,162,0.5740740740740741,2,5,1,0,0,0,1,0,1,1,1,1,0,baixo
2,10000.0,11,0.7272727272727273,1,3,1,0,0,0,1,0,0,1,0,0,1,medio_alto
5,0.0,0,0.0,0,0,1,0,0,0,0,0,0,0,0,0,0,gratuito
8,10000.0,215,0.7674418604651163,4,2,1,0,0,0,1,0,1,0,0,0,0,alto
8,75000.0,47,0.574468085106383,6,5,1,0,0,0,1,1,1,1,1,0,0,medio_baixo
11,10000.0,1,0.0,1,1,1,0,0,0,0,0,0,0,0,0,0,alto
9,75000.0,1415,0.8,2,1,1,0,0,8,0,1,0,0,0,0,0,alto
2,10000.0,15,0.9333333333333333,9,2,1,0,0,0,1,0,0,1,0,0,0,medio_baixo
3,10000.0,4,0.0,8,4,1,0,0,0,1,0,1,1,0,0,1,medio_baixo
9,150000.0,324,0.43209876543209874,1,4,1,0,0,0,1,1,0,1,0,0,1,baixo
2,10000.0,34,0.9705882352941176,6,2,1,1,0,0,1,0,1,0,0,0,0,medio_alto
8,10000.0,1,1.0,1,3,1,0,0,0,1,1,0,1,0,0,0,alto
5,10000.0,234,0.6495726495726496,10,3,1,0,0,0,1,1,1,0,0,0,0,medio_alto
7,10000.0,4,0.5,1,2,1,0,0,0,1,0,0,0,0,0,1,medio_alto
4,350000.0,4641,0.5559146735617324,11,1,1,0,0,1,0,0,1,0,0,0,0,alto
5,35000.0,97,0.9690721649484536,4,1,1,1,0,1,1,0,0,0,0,0,0,baixo
3,150000.0,1551,0.90715667311412,2,2,1,0,0,0,0,0,1,1,0,0,0,alto
2,10000.0,46,0.9782608695652174,26,2,1,0,1,0,1,1,0,0,0,0,0,medio_alto
8,10000.0,3,0.6666666666666666,1,3,1,0,0,0,1,1,1,0,0,0,0,medio_alto
4,10000.0,9,0.6666666666666666,3,3,1,0,0,0,1,0,0,1,0,1,0,medio_baixo
1,10000.0,3,0.6666666666666666,1,4,1,0,0,0,1,1,0,0,1,1,0,medio_baixo
3,0.0,0,0.0,20,2,1,0,0,0,0,0,0,1,0,0,0,gratuito
6,10000.0,3,0.6666666666666666,1,2,1,0,0,0,1,0,0,1,0,0,0,medio_baixo
10,350000.0,550,0.8345454545454546,1,1,1,0,0,0,0,0,0,0,0,0,1,gratuito
6,10000.0,1,1.0,1,2,1,0,0,0,1,0,0,0,0,0,1,alto
4,35000.0,283,0.8621908127208481,3,3,1,0,0,0,1,0,1,0,1,0,0,alto
9,35000.0,91,0.945054945054945,1,2,1,1,1,0,1,1,0,0,0,0,0,baixo
8,10000.0,221,0.9638009049773756,1,4,1,1,0,0,1,0,1,1,0,0,0,gratuito
4,10000.0,32,0.96875,1,3,1,1,0,0,1,0,0,1,0,1,0,baixo
6,35000.0,216,0.8101851851851852,1,1,1,0,0,0,0,0,0,0,0,1,0,medio_baixo
1,10000.0,0,0.0,2,3,1,0,0,0,1,1,1,0,0,0,0,medio_baixo
2,0.0,0,0.0,0,0,1,0,0,0,0,0,0,0,0,0,0,gratuito
1,10000.0,0,0.0,22,6,1,0,0,0,1,0,1,1,1,0,1,alto
7,10000.0,2,0.5,2,1,1,0,0,0,1,0,0,0,0,0,0,medio_alto
2,0.0,0,0.0,103,1,1,0,0,0,0,1,0,0,0,0,0,medio_baixo
1,10000.0,8,0.875,4,4,1,0,1,0,1,0,0,1,0,1,1,medio_alto
3,10000.0,98,0.7857142857142857,7,3,1,0,0,0,0,0,0,1,0,1,1,alto
4,10000.0,3,1.0,1,3,1,0,0,0,1,1,0,1,0,0,0,medio_alto
6,35000.0,382,0.819371727748691,2,4,1,0,0,0,1,1,1,0,0,0,1,medio_alto
11,10000.0,14,0.42857142857142855,1,2,1,0,1,0,1,1,0,0,0,0,0,medio_alto
2,10000.0,34,0.8823529411764706,1,3,1,0,0,0,1,1,1,0,0,0,0,alto
5,10000.0,3,1.0,2,2,1,0,0,0,1,1,0,0,0,0,0,baixo
1,75000.0,1483,0.9534726904922455,10,2,1,0,0,0,1,1,0,0,0,0,0,alto
1,10000.0,1,1.0,1,3,1,0,0,0,1,0,0,1,0,0,1,alto
2,0.0,0,0.0,0,0,1,0,0,0,0,0,0,0,0,0,0,gratuito
1,10000.0,0,0.0,1,1,1,1,0,0,1,0,0,0,0,0,0,medio_baixo
7,10000.0,3,0.6666666666666666,1,3,1,0,0,0,1,1,0,1,0,0,0,medio_baixo
1,0.0,0,0.0,1,3,1,0,0,0,1,0,1,0,0,0,1,alto
3,0.0,0,0.0,0,0,1,0,0,0,0,0,0,0,0,0,0,gratuito
2,10000.0,115,0.991304347826087,30,3,1,1,0,0,1,0,0,1,0,1,0,baixo
1,0.0,0,0.0,1,5,1,0,0,0,1,1,1,1,0,0,0,medio_baixo
1,10000.0,0,0.0,12,3,1,1,0,0,1,0,0,1,0,0,1,medio_alto
5,10000.0,4,0.25,2,2,1,0,0,0,1,0,0,1,0,0,0,medio_alto
5,35000.0,8,0.625,1,6,1,0,0,0,1,1,0,1,0,0,0,gratuito
8,10000.0,108,0.5370370370370371,1,4,1,0,0,0,1,1,0,1,0,0,1,baixo
3,10000.0,52,0.9807692307692307,3,1,1,1,1,0,1,0,0,0,0,0,0,medio_baixo
2,10000.0,12,0.75,11,2,1,0,0,0,0,0,0,1,0,0,0,medio_baixo
4,10000.0,53,0.8490566037735849,1,3,1,0,0,0,1,0,1,1,0,0,0,baixo
1,10000.0,0,0.0,8,4,1,0,0,0,1,0,0,1,0,0,1,alto
1,0.0,0,0.0,1,5,1,1,1,0,1,1,0,0,1,0,1,alto
2,10000.0,0,0.0,16,4,1,0,1,1,1,0,0,0,0,1,1,gratuito
1,10000.0,0,0.0,5,3,1,0,0,0,0,0,0,1,1,0,1,alto
4,10000.0,14,0.7142857142857143,1,4,1,0,0,0,1,1,1,1,0,0,0,medio_alto
2,0.0,0,0.0,0,0,1,0,0,0,0,0,0,0,0,0,0,gratuito
2,10000.0,0,0.0,1,4,1,0,0,0,1,0,0,1,0,0,0,gratuito
4,10000.0,227,0.960352422907489,11,3,1,0,0,0,1,1,1,0,0,0,0,medio_alto
1,10000.0,0,0.0,1,1,1,0,0,1,0,0,0,0,0,1,0,medio_alto
2,0.0,0,0.0,2,3,1,0,0,0,0,0,0,1,0,1,0,gratuito
2,35000.0,4,1.0,1,1,1,0,0,0,0,0,0,0,1,0,0,medio_baixo
6,10000.0,5,0.4,1,2,1,0,0,0,0,1,1,0,0,0,0,medio_baixo
10,1500000.0,25527,0.8200728640263251,8,1,1,0,1,0,0,1,0,0,0,0,0,medio_baixo
4,10000.0,5,0.8,1,5,1,0,0,0,1,1,0,1,0,0,0,medio_alto
3,75000.0,15,0.7333333333333333,5,3,1,0,0,0,1,0,1,0,0,1,0,medio_baixo
6,35000.0,242,0.7272727272727273,1,2,1,1,0,0,1,0,0,1,0,0,0,baixo
4,10000.0,13,0.9230769230769231,1,2,1,0,0,0,1,0,0,0,1,0,0,baixo
3,0.0,0,0.0,0,0,1,0,0,0,0,0,0,0,0,0,0,gratuito
4,0.0,0,0.0,3,3,1,1,1,0,1,1,1,0,0,0,0,gratuito
8,10000.0,6,0.5,1,5,1,0,0,0,1,0,1,1,0,0,1,medio_baixo
2,10000.0,151,0.8344370860927153,10,3,1,0,0,0,1,1,1,0,0,0,0,medio_baixo
8,10000.0,1,1.0,1,2,1,0,0,0,1,0,0,1,0,0,0,baixo
10,75000.0,78,0.9358974358974359,1,3,1,0,0,0,1,0,0,0,0,1,1,medio_alto
1,10000.0,0,0.0,1,2,1,0,0,1,0,0,0,1,1,0,0,baixo
1,0.0,0,0.0,2,2,1,0,0,0,1,0,0,0,0,0,1,medio_baixo
5,0.0,0,0.0,1,2,1,0,0,1,1,0,0,1,0,0,0,gratuito
1,0.0,0,0.0,0,0,1,0,0,0,0,0,0,0,0,0,0,gratuito
5,10000.0,0,0.0,1,2,1,0,0,0,1,0,0,1,0,0,0,baixo
1,0.0,0,0.0,2,3,1,0,0,0,0,0,1,0,0,0,1,alto
1,0.0,0,0.0,1,3,1,1,1,0,1,0,1,1,0,0,0,alto
7,10000.0,79,0.9113924050632911,29,2,1,0,0,1,1,0,0,1,0,0,0,baixo
3,10000.0,1,0.0,1,2,1,0,0,0,1,1,0,0,0,0,0,baixo
3,10000.0,28,0.7857142857142857,1,1,1,0,0,0,0,0,0,1,0,0,0,baixo
4,10000.0,10,1.0,1,1,1,0,0,1,0,0,0,1,0,0,0,baixo
6,10000.0,5,1.0,1,3,1,0,0,0,1,1,1,0,0,0,0,medio_baixo
2,10000.0,0,0.0,2,4,1,0,0,0,1,1,0,0,1,0,0,gratuito
11,10000.0,81,0.7654320987654321,5,4,1,1,1,1,1,1,1,0,1,0,0,alto
2,10000.0,21,0.7619047619047619,2,2,1,0,0,0,1,0,0,0,0,0,1,medio_baixo
3,35000.0,115,0.9304347826086956,12,3,1,0,0,0,1,0,1,1,0,0,0,baixo
1,0.0,0,0.0,4,2,1,0,0,0,0,0,1,1,0,0,0,alto
6,10000.0,4,0.75,3,1,1,0,0,0,0,0,0,0,0,0,0,medio_baixo
8,10000.0,3,1.0,1,2,1,0,0,0,1,1,0,0,0,0,0,baixo
5,10000.0,17,0.8823529411764706,1,2,1,0,0,0,1,0,0,1,0,0,0,alto
4,0.0,0,0.0,1,2,1,1,1,0,0,1,0,0,0,1,0,gratuito
1,0.0,0,0.0,0,0,1,0,0,0,0,0,0,0,0,0,0,gratuito
8,35000.0,85,0.788235294117647,1,6,1,1,1,0,1,0,1,0,1,0,0,gratuito
3,150000.0,9,0.4444444444444444,18,8,1,0,0,0,1,1,0,1,1,1,1,alto
8,10000.0,18,0.7777777777777778,1,5,1,0,0,0,1,0,0,1,0,0,1,gratuito
10,750000.0,367,0.5858310626702997,1,3,1,0,0,0,1,0,1,0,1,0,0,baixo
1,0.0,0,0.0,6,2,1,0,0,0,1,0,0,0,0,0,1,medio_alto
1,75000.0,84,0.8333333333333334,9,6,1,0,0,2,1,1,1,0,1,0,1,medio_baixo
7,75000.0,584,0.851027397260274,8,2,1,0,0,33,1,1,0,0,0,0,0,alto
6,10000.0,235,0.7021276595744681,2,3,1,0,0,0,1,1,1,0,0,0,0,baixo
1,0.0,0,0.0,1,3,1,0,0,0,1,0,0,1,0,1,0,baixo
3,10000.0,60,0.85,1,3,1,0,0,0,1,0,1,0,0,0,1,medio_baixo
1,0.0,0,0.0,13,3,1,0,0,4,1,0,0,0,0,0,1,gratuito
1,0.0,0,0.0,15,4,1,0,0,0,0,0,0,1,0,1,1,gratuito
1,10000.0,0,0.0,1,3,1,0,0,0,1,1,0,0,0,0,1,alto
1,75000.0,36,0.3611111111111111,1,3,1,0,0,0,1,0,1,1,0,0,0,medio_alto
4,10000.0,38,0.7894736842105263,3,2,1,0,0,0,1,1,0,0,0,0,0,medio_alto
2,0.0,0,0.0,2,3,1,0,0,1,1,0,1,0,0,0,0,gratuito
3,75000.0,263,0.7604562737642585,1,3,1,0,0,0,0,0,0,0,1,1,1,medio_alto
4,35000.0,1085,0.7511520737327189,11,2,1,0,0,0,0,1,1,0,0,0,0,baixo
2,10000.0,131,0.9847328244274809,1,1,1,0,0,0,0,1,0,0,0,0,0,medio_alto
1,10000.0,1,1.0,1,2,1,0,0,0,1,0,0,1,0,0,0,medio_alto
1,10000.0,14,1.0,1,2,1,1,1,1,1,0,0,1,0,0,0,medio_alto
6,10000.0,3,0.6666666666666666,2,3,1,0,0,0,1,1,0,1,0,0,0,medio_baixo
8,10000.0,4,0.75,1,3,1,0,0,0,1,0,1,0,1,0,0,baixo
4,10000.0,27,0.6296296296296297,1,2,1,0,1,0,1,1,0,0,0,0,0,medio_alto
8,10000.0,1,1.0,1,5,1,0,0,0,1,0,1,1,0,1,0,medio_alto
7,10000.0,0,0.0,1,6,1,0,0,0,1,0,1,1,1,1,1,medio_baixo
5,75000.0,553,0.7432188065099458,2,5,1,0,0,0,1,0,1,1,1,0,1,alto
6,10000.0,6,1.0,3,3,1,0,1,0,1,1,0,1,0,0,0,baixo
2,10000.0,0,0.0,1,3,1,0,0,0,1,0,0,0,0,0,1,gratuito
1,10000.0,0,0.0,4,2,1,1,0,0,0,0,0,1,0,1,0,alto
2,10000.0,47,0.8085106382978723,11,2,1,0,0,0,0,0,1,1,0,0,0,baixo
3,10000.0,0,0.0,103,6,1,0,0,0,1,1,1,1,1,0,1,baixo
3,10000.0,0,0.0,1,2,1,0,0,2,1,0,0,1,0,0,0,baixo
6,35000.0,1246,0.8868378812199037,8,3,1,1,1,1,1,0,0,0,1,1,0,medio_baixo
4,0.0,0,0.0,1,1,1,0,0,0,0,0,0,0,0,1,0,gratuito
9,10000.0,11,1.0,1,2,1,0,0,0,0,0,1,1,0,0,0,medio_alto
7,350000.0,1677,0.7471675611210495,4,6,1,1,0,1,1,0,1,1,1,1,1,medio_alto
6,10000.0,66,0.8181818181818182,1,3,1,0,0,0,1,1,1,0,0,0,0,medio_baixo
1,10000.0,3,0.3333333333333333,1,3,1,0,0,0,0,0,1,1,0,0,1,medio_baixo
3,0.0,0,0.0,0,0,1,0,0,0,0,0,0,0,0,0,0,gratuito
3,10000.0,2,1.0,3,3,1,0,0,0,0,0,0,0,0,0,1,medio_alto
2,0.0,0,0.0,0,0,1,0,0,0,0,0,0,0,0,0,0,gratuito
4,10000.0,23,0.21739130434782608,10,3,1,0,0,0,1,0,0,1,0,1,0,medio_baixo
8,10000.0,2,1.0,2,1,1,1,1,0,1,0,0,0,0,0,0,medio_alto
5,10000.0,137,0.8394160583941606,3,3,1,0,0,0,1,1,1,0,0,0,0,medio_baixo
4,10000.0,12,0.3333333333333333,1,4,1,0,0,0,1,0,1,1,1,0,0,baixo
2,35000.0,92,0.8695652173913043,12,2,1,0,0,0,1,1,0,0,0,0,0,alto
2,10000.0,0,0.0,13,6,1,0,0,0,1,1,1,0,1,0,1,alto
11,10000.0,75,0.92,2,2,1,0,1,0,1,1,0,0,0,0,0,medio_baixo
4,10000.0,0,0.0,1,2,1,1,0,0,1,0,0,0,0,0,1,alto
7,35000.0,2,1.0,1,1,1,0,0,0,0,0,0,0,0,1,0,medio_alto
2,10000.0,69,0.6376811594202898,1,7,1,0,0,0,1,1,1,0,1,1,0,alto
3,0.0,0,0.0,1,5,1,0,0,0,1,1,1,1,0,0,0,gratuito
2,0.0,0,0.0,0,0,1,0,0,0,0,0,0,0,0,0,0,gratuito
4,10000.0,10,0.8,2,1,1,0,0,0,1,0,0,0,0,0,0,gratuito
8,150000.0,844,0.7962085308056872,1,5,1,1,1,2,1,0,1,0,1,1,1,medio_alto
4,10000.0,10,0.6,103,3,1,0,0,0,1,1,1,0,0,0,0,baixo
1,0.0,0,0.0,0,0,1,0,0,0,0,0,0,0,0,0,0,gratuito
1,10000.0,4,0.5,1,5,1,0,0,0,1,0,1,0,1,1,0,alto
17,75000.0,223,0.8475336322869955,1,1,1,0,0,0,0,0,0,0,0,1,0,medio_alto
8,10000.0,18,0.6666666666666666,3,5,1,0,0,0,1,1,1,0,1,1,0,medio_baixo
7,10000.0,31,0.967741935483871,1,3,1,0,0,0,1,1,0,1,0,0,0,alto
1,0.0,0,0.0,0,0,1,0,0,0,0,0,0,0,0,0,0,gratuito
16,350000.0,2955,0.6649746192893401,9,2,1,0,0,0,0,1,1,0,0,0,0,gratuito
3,0.0,0,0.0,0,0,1,0,0,0,0,0,0,0,0,0,0,gratuito
2,0.0,0,0.0,1,2,1,0,0,0,0,1,0,0,0,0,0,gratuito
2,10000.0,4,0.75,1,5,1,0,0,0,1,1,0,1,0,1,0,medio_alto
6,75000.0,1104,0.9211956521739131,16,4,1,1,1,0,1,0,1,1,1,0,0,baixo
1,0.0,0,0.0,14,2,1,0,0,0,0,1,0,0,0,0,0,medio_alto
2,10000.0,0,0.0,5,5,1,0,1,0,0,0,0,1,1,0,1,gratuito
9,10000.0,22,0.9090909090909091,3,1,1,1,1,1,0,0,0,0,0,0,0,alto
5,10000.0,85,0.9294117647058824,1,2,1,0,1,0,0,1,1,0,0,0,0,medio_baixo
9,350000.0,966,0.546583850931677,8,5,1,0,0,0,1,0,0,1,0,1,1,gratuito
1,10000.0,0,0.0,9,3,1,0,0,0,1,0,0,1,0,1,0,medio_baixo
9,350000.0,1013,0.5074037512339585,7,1,1,0,0,0,0,1,0,0,0,0,0,medio_baixo
3,10000.0,4,1.0,1,2,1,0,0,1,1,0,0,0,0,1,0,medio_baixo
4,10000.0,118,0.8813559322033898,6,3,1,0,0,0,1,1,1,0,0,0,0,baixo
5,10000.0,7,0.5714285714285714,4,1,1,0,0,0,0,0,0,1,0,0,0,alto
1,0.0,0,0.0,1,6,1,0,0,0,1,1,0,1,0,1,0,gratuito
1,10000.0,10,1.0,2,3,1,1,0,0,1,0,0,0,0,0,1,medio_alto
3,0.0,0,0.0,0,0,1,0,0,0,0,0,0,0,0,0,0,gratuito
3,0.0,0,0.0,0,0,1,0,0,0,0,0,0,0,0,0,0,gratuito
7,150000.0,1192,0.5209731543624161,3,4,1,0,0,0,0,0,0,0,1,1,0,gratuito
2,10000.0,6,0.8333333333333334,10,3,1,1,1,0,1,0,0,1,0,1,0,medio_baixo
8,10000.0,12,0.5,2,3,1,0,0,0,1,1,0,0,0,0,1,baixo
2,10000.0,46,0.9565217391304348,1,2,1,0,0,0,1,1,0,0,0,0,0,medio_alto
6,10000.0,63,0.9206349206349206,1,4,1,1,1,0,1,1,1,1,0,0,0,gratuito
1,0.0,0,0.0,1,3,1,0,0,0,0,1,0,0,1,0,0,gratuito
1,10000.0,4834,0.6706661150186182,5,3,1,0,0,0,0,1,0,0,1,0,0,gratuito
2,10000.0,7,0.8571428571428571,2,5,1,1,0,0,1,1,1,0,1,1,0,medio_alto
4,10000.0,0,0.0,2,3,1,0,0,0,1,0,0,1,0,0,1,alto
1,75000.0,40,0.9,11,3,1,0,0,0,0,0,0,1,0,0,0,medio_baixo
4,35000.0,195,0.38974358974358975,1,1,1,0,0,5,0,0,0,0,0,0,0,alto
11,10000.0,23,0.13043478260869565,5,2,1,0,0,0,0,0,0,0,0,1,1,baixo
2,0.0,0,0.0,0,0,1,0,0,0,0,0,0,0,0,0,0,gratuito
2,0.0,0,0.0,1,3,1,0,0,0,1,0,0,1,0,0,0,gratuito
8,10000.0,8,0.875,4,3,1,0,0,0,0,0,0,0,0,0,0,gratuito
8,10000.0,6,0.5,1,4,1,0,0,0,1,1,1,1,0,0,0,medio_baixo
6,10000.0,1,0.0,1,3,1,1,1,0,1,0,1,0,1,0,0,medio_alto
1,10000.0,139,0.9280575539568345,6,3,1,1,0,1,1,0,1,0,1,0,0,alto
4,10000.0,27,0.8888888888888888,1,2,1,0,0,0,1,0,0,0,0,0,0,gratuito
4,1500000.0,37132,0.8408650220833782,1,4,1,0,0,0,0,1,0,1,0,1,0,gratuito
10,35000.0,424,0.9009433962264151,2,2,1,0,0,0,1,0,0,1,0,0,0,baixo
9,75000.0,781,0.7477592829705506,1,2,1,0,0,0,0,1,1,0,0,0,0,medio_baixo
1,10000.0,0,0.0,27,2,1,1,1,0,1,0,0,0,0,0,1,baixo
1,10000.0,0,0.0,4,4,1,0,0,0,1,0,1,1,0,1,0,baixo
12,150000.0,587,0.889267461669506,7,3,1,0,0,0,0,1,1,0,1,0,0,medio_baixo
13,3500000.0,11786,0.7022738842694722,8,1,1,1,0,3,0,1,0,0,0,0,0,medio_alto
12,35000.0,353,0.8470254957507082,10,4,1,0,0,0,1,1,0,1,0,1,0,baixo
7,10000.0,6,0.5,1,1,1,0,0,0,0,0,1,0,0,0,0,baixo
8,10000.0,8,0.875,1,2,1,0,0,0,0,1,0,0,0,0,0,medio_alto
4,10000.0,39,1.0,1,2,1,1,1,1,1,0,1,0,0,0,0,medio_alto
11,75000.0,412,0.5048543689320388,1,2,1,1,1,0,1,0,1,0,0,0,0,baixo
5,10000.0,3,1.0,1,2,1,0,1,0,1,0,0,1,0,0,0,baixo
3,10000.0,0,0.0,1,3,1,0,0,0,1,0,1,1,0,0,0,medio_alto
5,35000.0,40,0.6,1,5,1,0,0,0,1,1,1,0,1,0,0,gratuito
3,10000.0,11,0.7272727272727273,8,1,1,0,0,0,1,0,0,0,0,0,0,medio_baixo
4,35000.0,5,1.0,1,1,1,0,0,0,0,0,0,0,0,0,1,baixo
8,10000.0,51,0.5098039215686274,1,3,1,0,0,1,1,0,0,1,0,0,1,medio_baixo
1,10000.0,0,0.0,2,3,1,0,0,0,1,0,0,1,0,0,1,medio_baixo
4,10000.0,3,1.0,3,2,1,0,0,0,1,0,0,1,0,0,0,medio_baixo
5,10000.0,26,0.8846153846153846,5,1,1,0,0,0,0,0,1,0,0,0,0,medio_alto
4,10000.0,1,1.0,1,5,1,0,0,0,1,1,1,1,0,0,0,medio_baixo
6,10000.0,157,0.8152866242038217,5,2,1,0,0,1,1,0,1,0,0,0,0,medio_alto
4,10000.0,20,0.4,22,4,1,1,0,0,0,0,0,0,0,0,1,alto
4,35000.0,391,0.6086956521739131,1,5,1,0,0,0,1,0,0,0,1,1,1,medio_alto
2,10000.0,3,1.0,1,4,1,0,0,0,1,0,1,1,0,0,0,medio_alto
5,10000.0,5,0.8,1,3,1,0,0,0,0,0,1,0,1,0,0,gratuito
4,35000.0,1,1.0,1,3,1,1,0,0,1,1,0,1,0,0,0,medio_alto
5,0.0,0,0.0,1,3,1,0,0,0,1,0,0,1,0,0,0,gratuito
11,35000.0,6,0.6666666666666666,1,3,1,0,0,0,1,1,0,0,0,0,0,medio_baixo
11,10000.0,37,0.7027027027027027,1,2,1,1,1,0,1,0,0,1,0,0,0,medio_baixo
5,0.0,0,0.0,0,0,1,0,0,0,0,0,0,0,0,0,0,gratuito
12,150000.0,1088,0.8079044117647058,1,1,1,0,0,0,0,1,0,0,0,0,0,baixo
1,10000.0,0,0.0,1,2,1,0,0,0,1,0,0,1,0,0,0,medio_alto
1,10000.0,0,0.0,2,4,1,0,0,0,1,1,1,0,1,0,0,alto
6,350000.0,46,0.1956521739130435,1,3,1,0,0,6,0,1,0,0,0,0,1,gratuito
11,10000.0,27,0.9259259259259259,1,4,1,0,1,1,1,1,0,0,0,1,0,alto
6,10000.0,127,0.8740157480314961,1,2,1,1,0,0,1,0,0,0,0,0,0,gratuito
3,0.0,0,0.0,90,7,1,1,1,1,1,1,1,1,0,0,1,baixo
5,35000.0,56,0.9107142857142857,1,3,1,0,0,0,1,0,0,1,0,1,0,medio_alto
8,10000.0,17,0.7058823529411765,3,2,1,0,0,0,1,1,0,0,0,0,0,baixo
2,10000.0,0,0.0,1,2,1,0,0,0,1,0,0,0,0,1,0,medio_baixo
11,75000.0,83,0.4457831325301205,4,2,1,0,0,0,1,0,0,0,0,1,0,medio_baixo
3,75000.0,706,0.8116147308781869,21,3,1,0,0,0,0,0,1,1,0,0,1,medio_alto
8,10000.0,0,0.0,2,5,1,0,0,0,0,1,0,1,1,0,0,medio_alto
1,10000.0,0,0.0,3,5,1,1,0,0,1,0,1,1,1,1,0,medio_alto
4,10000.0,73,0.8356164383561644,1,2,1,0,0,1,1,0,0,0,0,0,1,medio_baixo
2,10000.0,5,0.4,1,3,1,0,0,0,1,0,1,1,0,0,0,baixo
1,10000.0,0,0.0,27,2,1,1,1,0,1,0,0,0,0,0,1,baixo
6,10000.0,4,0.75,1,3,1,0,0,0,1,0,1,1,0,0,0,medio_baixo
1,10000.0,0,0.0,12,3,1,1,1,0,1,0,0,1,0,1,0,baixo
2,0.0,0,0.0,1,3,1,0,0,0,1,0,1,0,0,0,0,gratuito
2,10000.0,12,1.0,1,4,1,0,0,0,1,0,1,1,0,0,1,medio_alto
2,10000.0,0,0.0,2,3,1,0,0,0,1,0,0,1,0,0,1,medio_baixo
2,0.0,0,0.0,8,6,1,0,0,0,0,1,1,1,1,0,0,gratuito
3,150000.0,22,0.7727272727272727,9,4,1,0,0,0,1,1,0,1,0,0,0,medio_baixo
2,10000.0,8,0.25,1,4,1,0,0,0,1,0,0,0,0,0,1,baixo
7,3500000.0,57318,0.8431382811682194,11,2,1,0,0,4,0,1,0,0,1,0,0,alto
7,10000.0,12,0.5,1,2,1,0,0,0,1,1,0,0,0,0,0,gratuito
3,10000.0,26,0.9615384615384616,9,2,1,0,0,0,0,0,1,1,0,0,0,medio_alto
1,0.0,0,0.0,0,0,1,0,0,0,0,0,0,0,0,0,0,gratuito
11,150000.0,653,0.8606431852986217,9,2,1,1,1,0,0,0,1,1,0,0,0,medio_baixo
1,10000.0,0,0.0,3,3,1,0,0,0,1,1,0,0,1,0,0,medio_alto
3,10000.0,17,0.5882352941176471,1,6,1,0,0,0,0,1,1,1,1,0,1,gratuito
10,10000.0,2,1.0,1,1,1,0,0,0,0,0,0,0,1,0,0,baixo
5,10000.0,44,0.6590909090909091,1,1,1,0,0,0,0,0,1,0,0,0,0,baixo
4,10000.0,7,0.8571428571428571,2,1,1,0,0,0,0,0,1,0,0,0,0,alto
7,10000.0,140,0.8642857142857143,1,3,1,1,0,0,1,1,0,1,0,0,0,medio_baixo
1,10000.0,0,0.0,1,1,1,0,1,0,0,1,0,0,0,0,0,medio_baixo
7,10000.0,3,0.3333333333333333,1,2,1,0,0,0,0,0,0,0,0,1,0,alto
2,10000.0,1,0.0,1,1,1,0,0,0,1,0,0,0,0,0,0,alto
1,0.0,0,0.0,0,0,1,0,0,0,0,0,0,0,0,0,0,gratuito
6,10000.0,49,0.8979591836734694,1,2,1,0,0,0,0,0,0,1,0,1,0,alto
2,10000.0,2,1.0,1,3,1,0,0,0,1,0,1,1,0,0,0,medio_baixo
6,75000.0,953,0.5991605456453305,11,1,1,0,0,1,0,1,0,0,0,0,0,medio_baixo
3,10000.0,5,0.2,1,4,1,0,0,0,1,1,0,1,0,0,1,baixo
4,0.0,0,0.0,0,0,1,0,0,0,0,0,0,0,0,0,0,gratuito
7,350000.0,3410,0.9483870967741935,1,3,1,0,0,0,1,1,0,0,0,0,0,gratuito
1,0.0,0,0.0,4,2,1,0,0,0,0,0,1,0,1,0,0,alto
7,10000.0,22,0.7272727272727273,3,2,1,0,0,0,0,0,0,0,0,1,1,medio_baixo
5,0.0,0,0.0,1,2,1,0,0,0,0,0,0,0,1,0,0,gratuito
3,75000.0,2,1.0,2,4,1,0,0,0,1,1,1,0,1,0,0,baixo
9,35000.0,349,0.9169054441260746,4,1,1,0,0,1,0,1,0,0,0,0,0,alto
2,10000.0,0,0.0,1,1,1,0,0,0,0,1,0,0,0,0,0,medio_baixo
8,35000.0,427,0.7189695550351288,2,4,1,0,0,0,1,0,1,0,1,1,0,medio_baixo
9,10000.0,4,1.0,1,3,1,0,0,0,1,1,0,1,0,0,0,medio_baixo
4,10000.0,35,0.9714285714285714,7,3,1,0,0,1,1,1,0,1,0,0,0,alto
1,10000.0,1,1.0,1,1,1,0,0,0,0,0,1,0,0,0,0,medio_baixo
1,10000.0,268,0.8432835820895522,16,3,1,0,0,1,0,1,1,0,0,0,1,alto
10,10000.0,7,0.7142857142857143,1,2,1,0,0,1,1,1,0,0,0,0,0,alto
9,10000.0,43,0.4186046511627907,7,9,1,1,0,0,1,1,1,1,1,0,1,medio_baixo
8,1500000.0,23847,0.7946911561202668,14,3,1,0,1,15,0,1,0,0,0,1,1,medio_alto
1,10000.0,72,0.9722222222222222,1,2,1,0,0,0,1,0,1,0,0,0,0,medio_baixo
6,10000.0,43,0.8604651162790697,1,1,1,0,0,0,0,0,1,0,0,0,0,medio_alto
2,0.0,0,0.0,1,5,1,0,0,0,0,1,1,0,1,0,0,gratuito
1,0.0,0,0.0,1,3,1,0,0,0,1,0,0,1,0,1,0,medio_alto
1,10000.0,255,0.8431372549019608,2,5,1,0,0,0,0,0,1,1,1,1,1,alto
1,0.0,0,0.0,1,3,1,0,0,0,0,1,1,0,0,0,0,gratuito
3,0.0,0,0.0,0,0,1,0,0,0,0,0,0,0,0,0,0,gratuito
1,0.0,0,0.0,1,3,1,0,0,0,0,0,0,0,0,1,0,gratuito
3,10000.0,1,1.0,1,1,1,0,0,0,0,0,0,0,0,1,0,alto
2,10000.0,0,0.0,1,4,1,0,0,0,1,1,0,1,0,0,1,medio_alto
2,0.0,0,0.0,0,0,1,0,0,0,0,0,0,0,0,0,0,gratuito
2,0.0,0,0.0,2,4,1,1,1,0,0,0,1,0,1,1,0,gratuito
1,10000.0,0,0.0,1,3,1,0,0,0,1,1,0,0,0,0,0,alto
6,0.0,0,0.0,0,0,1,0,0,0,0,0,0,0,0,0,0,gratuito
6,10000.0,24,0.6666666666666666,1,5,1,0,0,0,1,1,1,0,1,0,0,alto
3,10000.0,65,0.7846153846153846,5,4,1,0,0,0,1,1,0,0,0,0,1,alto
4,10000.0,26,0.5,2,4,1,0,0,0,1,1,1,0,1,0,0,medio_baixo
1,0.0,0,0.0,0,0,1,0,0,0,0,0,0,0,0,0,0,gratuito
3,10000.0,0,0.0,30,3,1,0,0,0,0,1,1,1,0,0,0,medio_baixo
11,350000.0,3047,0.6209386281588448,9,2,1,0,0,0,0,1,0,0,1,0,0,alto
5,10000.0,221,0.9004524886877828,13,4,1,0,0,0,1,1,1,1,0,0,0,medio_baixo
6,10000.0,4,0.75,1,2,1,0,0,0,0,0,0,0,0,1,0,alto
4,10000.0,1,0.0,43,1,1,0,0,0,0,0,0,0,0,0,0,medio_alto
13,3500000.0,125678,0.9645283979694139,9,3,1,1,1,1,1,1,1,0,0,0,0,medio_alto
8,10000.0,24,0.9583333333333334,28,3,1,1,1,0,1,1,0,1,0,0,0,baixo
6,10000.0,171,0.6783625730994152,1,1,1,0,0,0,0,0,1,0,0,0,0,alto
2,0.0,0,0.0,103,1,1,0,0,1,0,0,0,1,0,0,0,baixo
7,10000.0,5,0.4,1,1,1,0,0,0,0,1,0,0,0,0,0,medio_alto
6,10000.0,6,0.6666666666666666,1,2,1,1,0,0,0,1,1,0,0,0,0,medio_baixo
2,10000.0,1,1.0,1,2,1,0,0,0,1,1,0,0,0,0,0,medio_baixo
2,10000.0,0,0.0,47,1,1,0,0,1,1,0,0,0,0,0,0,alto
3,10000.0,18,1.0,12,2,1,0,0,0,1,0,0,1,0,0,0,baixo
1,0.0,0,0.0,1,3,1,0,0,0,1,0,0,1,0,1,0,baixo
8,10000.0,12,0.8333333333333334,2,5,1,0,0,0,1,1,1,1,0,0,0,alto
2,10000.0,11,1.0,1,2,1,0,0,0,1,0,1,0,0,0,0,medio_baixo
5,10000.0,17,0.9411764705882353,1,4,1,1,0,0,1,1,1,1,0,0,0,medio_alto
8,150000.0,80,0.6375,2,2,1,0,0,2,1,1,0,0,0,0,0,baixo
4,10000.0,77,1.0,1,3,1,1,0,0,1,0,1,0,0,0,1,medio_alto
1,150000.0,3974,0.8286361348766985,5,4,1,1,1,0,1,0,0,1,1,0,1,medio_alto
6,350000.0,1734,0.9457900807381776,16,3,1,0,0,1,1,1,0,0,0,0,0,gratuito
7,10000.0,12,1.0,1,3,1,0,0,0,1,1,0,1,0,0,0,medio_alto
3,10000.0,102,0.9117647058823529,2,1,1,0,0,0,0,1,0,0,0,0,0,baixo
6,10000.0,0,0.0,1,1,1,0,0,0,0,0,0,0,0,0,1,medio_baixo
10,35000.0,166,0.6987951807228916,6,3,1,1,0,0,1,0,0,1,0,1,0,baixo
1,10000.0,0,0.0,4,4,1,0,0,0,1,1,0,1,0,0,0,medio_alto
5,35000.0,198,0.8838383838383839,1,2,1,1,0,1,1,0,0,1,0,0,0,medio_alto
4,10000.0,53,0.7358490566037735,1,2,1,0,0,0,1,0,1,0,0,0,0,baixo
3,0.0,0,0.0,7,6,1,0,0,0,1,0,0,1,1,1,1,gratuito
1,10000.0,1,1.0,2,3,1,0,0,0,1,0,1,0,1,0,0,medio_alto
5,10000.0,17,0.5294117647058824,3,1,1,0,0,1,0,0,0,0,1,0,0,medio_alto
8,10000.0,10,0.3,1,4,1,0,0,0,1,1,0,1,0,1,0,medio_baixo
2,0.0,0,0.0,3,5,1,0,0,0,1,1,1,0,1,0,0,gratuito
1,10000.0,1,1.0,1,2,1,0,0,0,1,0,0,1,0,0,0,medio_baixo
5,10000.0,120,0.7,4,1,1,0,0,1,0,0,0,0,1,0,0,medio_baixo
3,0.0,0,0.0,0,0,1,0,0,0,0,0,0,0,0,0,0,gratuito
5,10000.0,208,0.9038461538461539,10,2,1,1,0,0,0,0,0,0,0,0,1,alto
1,0.0,0,0.0,1,1,1,0,0,0,0,0,1,0,0,0,0,alto
5,10000.0,3,1.0,1,4,1,0,0,0,1,0,0,0,1,1,0,alto
6,35000.0,2,1.0,1,3,1,0,0,0,1,0,1,1,0,0,0,medio_baixo
1,10000.0,0,0.0,1,1,1,0,0,0,0,0,0,1,0,0,0,medio_alto
2,75000.0,163,1.0,1,3,1,0,0,0,1,0,1,0,1,0,0,alto
6,10000.0,8,0.875,1,4,1,0,0,1,1,0,0,1,0,0,1,medio_baixo
2,10000.0,15,1.0,6,5,1,0,0,0,1,1,0,1,0,0,1,alto
1,10000.0,0,0.0,1,1,1,1,1,0,1,0,0,0,0,0,0,baixo
3,0.0,0,0.0,1,1,1,0,0,0,1,0,0,0,0,0,0,gratuito
5,0.0,0,0.0,1,5,1,1,1,1,1,1,1,1,0,0,0,gratuito
3,0.0,0,0.0,1,4,1,0,0,0,0,1,1,0,1,0,0,gratuito
1,0.0,0,0.0,13,3,1,1,0,0,1,0,1,1,0,0,0,medio_alto
6,350000.0,3237,0.9116465863453815,8,6,1,1,0,0,1,1,1,1,1,0,1,medio_alto
5,10000.0,9,0.8888888888888888,1,2,1,0,0,0,0,0,0,1,0,0,0,alto
2,10000.0,32,0.75,3,1,1,0,0,1,0,1,0,0,0,0,0,alto
4,35000.0,236,0.8686440677966102,1,3,1,0,0,2,1,0,1,0,1,0,0,medio_baixo
6,75000.0,17,0.4117647058823529,1,3,1,0,0,0,1,0,1,0,0,1,0,gratuito
10,10000.0,16,0.875,1,2,1,0,0,0,1,0,0,1,0,0,0,baixo
4,0.0,0,0.0,0,0,1,0,0,0,0,0,0,0,0,0,0,gratuito
9,10000.0,91,0.27472527472527475,8,3,1,0,0,0,1,1,1,0,0,0,0,medio_baixo
6,10000.0,46,0.6086956521739131,5,4,1,0,0,1,1,1,1,0,0,0,1,alto
8,150000.0,593,0.9510961214165261,1,3,1,1,0,0,1,0,0,1,0,0,0,gratuito
3,0.0,0,0.0,0,0,1,0,0,0,0,0,0,0,0,0,0,gratuito
5,10000.0,20,0.95,2,3,1,0,0,0,0,1,0,0,0,0,1,baixo
4,10000.0,110,0.4636363636363636,1,3,1,0,0,0,0,0,0,0,0,1,1,medio_alto
1,0.0,0,0.0,1,5,1,0,0,0,1,0,1,0,1,0,0,gratuito
5,10000.0,20,0.8,29,4,1,0,0,0,1,1,1,1,0,0,0,baixo
1,10000.0,0,0.0,2,4,1,0,0,0,1,1,1,1,0,0,0,medio_alto
2,0.0,0,0.0,0,0,1,0,0,0,0,0,0,0,0,0,0,gratuito
11,350000.0,8542,0.8913603371575743,12,3,1,1,1,1,1,0,0,1,0,0,0,gratuito
9,35000.0,61,0.45901639344262296,2,1,1,1,1,4,1,0,0,0,0,0,0,baixo
4,10000.0,1,1.0,1,2,1,0,0,0,0,0,0,0,0,0,1,medio_alto
1,0.0,0,0.0,2,7,1,0,0,0,0,1,1,0,1,0,1,gratuito
7,35000.0,25,0.68,1,3,1,0,0,1,0,1,0,0,1,0,0,gratuito
5,10000.0,5,0.6,5,1,1,0,0,0,0,0,0,0,0,1,0,medio_alto
8,10000.0,53,0.16981132075471697,1,5,1,0,0,0,1,0,0,0,1,1,1,alto
1,0.0,0,0.0,0,0,1,0,0,0,0,0,0,0,0,0,0,gratuito
7,150000.0,8,0.875,11,3,1,0,0,0,1,1,0,1,0,0,0,baixo
5,10000.0,13,1.0,2,3,1,0,0,0,0,1,1,1,0,0,0,baixo
6,10000.0,3,0.3333333333333333,1,5,1,0,0,0,1,1,1,1,0,0,0,baixo
3,10000.0,0,0.0,1,1,1,0,0,0,0,0,1,0,0,0,0,gratuito
8,10000.0,159,0.9245283018867925,1,2,1,1,1,0,1,0,0,0,0,1,0,alto
9,150000.0,1646,0.9222357229647631,1,3,1,0,0,0,0,0,1,0,1,0,1,medio_alto
1,0.0,0,0.0,103,1,1,0,0,0,0,0,0,1,0,0,0,baixo
7,10000.0,10,0.7,1,4,1,0,0,0,1,0,0,1,1,1,0,medio_alto
11,35000.0,144,0.7986111111111112,1,2,1,1,1,0,1,1,0,0,0,0,0,medio_baixo
6,10000.0,4,1.0,1,2,1,0,0,0,0,0,1,0,0,0,0,alto
10,10000.0,9,0.4444444444444444,1,3,1,1,1,1,1,1,0,0,0,1,0,baixo
4,0.0,0,0.0,0,0,1,0,0,0,0,0,0,0,0,0,0,gratuito
9,35000.0,951,0.8601472134595163,2,1,1,1,0,0,1,0,0,0,0,0,0,baixo
11,10000.0,46,0.32608695652173914,1,5,1,0,1,0,1,1,1,0,1,0,0,alto
1,0.0,0,0.0,1,3,1,0,0,1,0,1,0,1,0,0,0,gratuito
2,10000.0,0,0.0,8,3,1,1,1,0,1,0,1,0,0,0,0,alto
4,0.0,0,0.0,1,6,1,0,0,0,1,1,1,1,0,0,0,gratuito
5,10000.0,20,0.55,1,3,1,1,0,0,1,0,0,1,0,0,1,baixo
5,10000.0,1,0.0,1,1,1,0,0,0,0,0,0,1,0,0,0,baixo
8,3500000.0,64695,0.8631888090269727,11,4,1,1,1,12,1,0,1,0,0,1,1,alto
4,10000.0,8,0.875,1,4,1,0,1,0,1,1,0,1,0,0,0,medio_baixo
2,10000.0,274,0.7773722627737226,11,4,1,0,0,0,1,1,0,0,0,0,1,medio_alto
11,10000.0,76,0.6973684210526315,4,4,1,1,0,0,1,0,1,1,0,0,1,medio_baixo
5,10000.0,0,0.0,5,1,1,1,1,0,0,0,0,1,0,0,0,alto
3,10000.0,50,1.0,2,6,1,0,0,6,1,0,0,1,1,1,1,medio_alto
3,10000.0,0,0.0,1,3,1,0,0,0,1,1,1,0,0,0,0,medio_alto
3,10000.0,10,1.0,2,1,1,0,0,0,0,0,1,0,0,0,0,alto
1,0.0,0,0.0,1,1,1,0,0,0,0,0,0,1,0,0,0,baixo
7,10000.0,1,1.0,1,3,1,0,0,0,1,1,0,0,0,0,0,medio_alto
10,10000.0,2,1.0,1,2,1,0,0,0,0,1,0,1,0,0,0,baixo
6,75000.0,1126,0.8658969804618117,2,2,1,1,0,0,1,0,0,1,0,0,0,baixo
2,0.0,0,0.0,1,2,1,0,0,0,0,0,1,0,0,0,0,gratuito
11,10000.0,5,0.6,1,1,1,0,0,0,0,0,0,0,0,0,0,medio_alto
8,10000.0,0,0.0,1,3,1,0,0,1,1,0,1,1,0,0,0,medio_baixo
10,10000.0,41,0.8292682926829268,1,1,1,0,0,0,1,0,0,0,0,0,0,gratuito
4,10000.0,0,0.0,4,2,1,0,0,0,0,0,1,0,0,0,1,alto
2,10000.0,3,0.6666666666666666,2,1,1,0,0,0,0,0,1,0,0,0,0,alto
4,35000.0,1,1.0,2,2,1,1,0,0,1,1,0,0,0,0,0,medio_alto
5,0.0,0,0.0,4,4,1,0,0,1,1,0,0,0,0,1,0,gratuito
2,10000.0,1,1.0,7,3,1,0,1,0,1,0,0,1,0,0,0,alto
2,10000.0,110,0.8,12,3,1,0,0,0,0,1,0,1,0,0,1,medio_alto
8,10000.0,23,0.5652173913043478,1,3,1,0,0,0,1,1,0,0,1,0,0,baixo
1,10000.0,9,0.2222222222222222,1,3,1,0,0,0,1,0,1,0,1,0,0,medio_alto
2,10000.0,17,1.0,1,3,1,0,0,0,1,1,0,0,1,0,0,medio_baixo
3,10000.0,9,0.8888888888888888,1,4,1,0,0,0,1,0,0,1,0,1,1,gratuito
1,0.0,0,0.0,1,2,1,0,0,0,1,0,0,1,0,0,0,baixo
2,0.0,0,0.0,3,4,1,0,1,0,1,0,0,1,0,1,0,gratuito
3,10000.0,0,0.0,5,7,1,0,0,0,1,1,1,1,1,1,1,alto
3,10000.0,25,0.96,1,1,1,0,0,0,1,0,0,0,0,0,0,medio_baixo
1,0.0,0,0.0,1,5,1,0,0,0,1,1,0,0,1,0,0,gratuito
3,3500000.0,75334,0.9384076247112857,13,4,1,1,1,3,1,1,0,0,0,1,1,alto
1,0.0,0,0.0,1,3,1,1,0,1,1,1,0,0,0,0,0,gratuito
1,10000.0,1,0.0,1,3,1,0,0,0,1,0,0,0,0,1,0,medio_baixo
8,10000.0,1,1.0,1,1,1,1,0,0,0,0,0,1,0,0,0,medio_alto
5,10000.0,0,0.0,1,1,1,1,1,0,0,0,1,0,0,0,0,medio_alto
8,10000.0,4,0.25,1,1,1,0,0,0,0,0,0,0,0,0,1,medio_alto
4,10000.0,325,0.9907692307692307,1,1,1,1,1,2,0,0,0,1,0,0,0,alto
3,10000.0,3,1.0,2,2,1,0,0,0,0,1,1,0,0,0,0,medio_alto
5,10000.0,65,0.5846153846153846,1,3,1,0,0,0,0,0,0,1,0,0,0,gratuito
4,0.0,0,0.0,1,1,1,0,0,0,0,0,0,0,0,1,0,gratuito
5,10000.0,6,0.6666666666666666,8,2,1,0,0,0,1,0,0,1,0,0,0,medio_baixo
2,10000.0,9,0.7777777777777778,9,1,1,0,0,0,1,0,0,0,0,0,0,medio_alto
1,35000.0,39,0.8974358974358975,1,3,1,0,0,0,1,0,0,0,0,1,1,medio_alto
8,35000.0,33,0.9393939393939394,4,2,1,0,1,0,1,1,0,0,0,0,0,medio_alto
1,0.0,0,0.0,2,3,1,0,0,0,1,0,0,1,0,0,0,gratuito
11,35000.0,20,0.4,1,2,1,1,0,0,1,0,0,0,0,1,0,medio_alto
2,10000.0,58,0.9827586206896551,8,2,1,1,0,0,1,0,0,1,0,0,0,baixo
2,10000.0,1,0.0,1,3,1,0,0,0,0,0,0,0,0,0,1,medio_alto
3,10000.0,13,0.8461538461538461,1,1,1,0,0,0,1,0,0,0,0,0,0,alto
4,0.0,0,0.0,3,3,1,1,0,0,1,0,0,1,0,0,1,gratuito
1,10000.0,278,0.8992805755395683,2,5,1,1,0,0,1,0,0,1,1,1,1,medio_baixo
10,75000.0,1432,0.5691340782122905,6,3,1,0,0,0,0,1,0,0,1,1,0,gratuito
6,10000.0,55,0.7818181818181819,1,3,1,1,0,1,1,0,1,0,1,0,0,medio_baixo
11,35000.0,219,0.5159817351598174,5,2,1,0,0,0,0,0,0,1,0,0,1,baixo
3,10000.0,4,0.25,11,2,1,0,0,0,1,0,1,0,0,0,0,medio_baixo
2,10000.0,0,0.0,10,2,1,0,1,0,1,0,0,1,0,0,0,baixo
1,10000.0,0,0.0,1,3,1,0,1,0,1,1,1,0,0,0,0,alto
3,0.0,0,0.0,0,0,1,0,0,0,0,0,0,0,0,0,0,gratuito
8,10000.0,21,0.8571428571428571,2,1,1,0,0,0,1,0,0,0,0,0,0,baixo
7,10000.0,4,0.75,1,2,1,0,0,0,1,0,0,0,1,0,0,baixo
2,10000.0,4,0.75,1,2,1,0,0,0,0,1,1,0,0,0,0,baixo
10,10000.0,16,0.5,1,2,1,0,1,1,1,0,0,1,0,0,0,baixo
5,10000.0,3,0.6666666666666666,1,3,1,0,0,0,1,0,0,1,0,0,1,alto
5,10000.0,1,1.0,1,3,1,0,0,0,0,1,1,1,0,0,0,medio_alto
4,10000.0,0,0.0,2,2,1,0,0,0,0,1,1,0,0,0,0,alto
4,0.0,0,0.0,0,0,1,0,0,0,0,0,0,0,0,0,0,gratuito
5,10000.0,0,0.0,1,2,1,0,0,0,1,0,0,0,0,1,0,medio_baixo
1,35000.0,138,0.8768115942028986,15,3,1,0,0,0,1,1,0,1,0,0,0,medio_baixo
8,350000.0,4140,0.8091787439613527,6,1,1,0,0,28,0,1,0,0,0,0,0,alto
9,10000.0,6,0.6666666666666666,6,2,1,0,0,0,1,0,1,0,0,0,0,medio_alto
2,10000.0,5,0.0,1,3,1,0,0,0,1,1,1,0,0,0,0,medio_baixo
3,35000.0,2,0.0,1,4,1,0,0,0,1,0,1,1,0,1,0,medio_baixo
2,10000.0,3,1.0,1,2,1,0,0,0,0,1,1,0,0,0,0,medio_alto
8,10000.0,57,0.7894736842105263,8,3,1,1,1,0,1,0,0,1,0,1,0,baixo
2,10000.0,113,0.8584070796460177,1,4,1,1,1,1,1,1,1,1,0,0,0,alto
8,10000.0,0,0.0,2,2,1,0,0,0,1,1,0,0,0,0,0,alto
6,10000.0,9,1.0,4,3,1,1,0,0,1,0,0,1,0,1,0,medio_baixo
5,150000.0,2763,0.8932319942091929,15,3,1,1,0,1,0,1,1,1,0,0,0,alto
1,10000.0,0,0.0,8,5,1,0,0,0,1,1,0,1,0,1,0,medio_baixo
5,75000.0,13,0.6923076923076923,1,5,1,0,0,0,1,0,1,1,1,1,0,medio_baixo
2,350000.0,4519,0.8900199159105997,16,3,1,0,0,0,1,1,1,0,0,0,0,medio_alto
1,0.0,0,0.0,1,2,1,0,0,0,1,0,0,1,0,0,0,medio_alto
1,0.0,0,0.0,4,3,1,0,0,0,1,0,0,1,1,0,0,alto
12,10000.0,153,0.8758169934640523,1,2,1,1,1,0,1,0,0,0,1,0,0,medio_alto
1,0.0,0,0.0,0,0,1,0,0,0,0,0,0,0,0,0,0,gratuito
8,750000.0,8567,0.9007820707365473,6,1,1,1,1,12,0,0,0,0,1,0,0,medio_alto
1,10000.0,0,0.0,2,3,1,0,0,0,1,1,0,0,1,0,0,medio_alto
4,10000.0,85,0.7647058823529411,1,2,1,0,0,0,1,0,0,0,0,0,0,medio_alto
3,0.0,0,0.0,0,0,1,0,0,0,0,0,0,0,0,0,0,gratuito
9,10000.0,24,0.4166666666666667,1,3,1,0,0,0,1,1,1,0,0,0,0,baixo
7,10000.0,808,0.7561881188118812,3,1,1,0,0,0,0,0,1,0,0,0,0,alto
3,10000.0,29,0.7931034482758621,8,3,1,0,0,0,1,1,1,0,0,0,0,baixo
9,10000.0,77,0.8571428571428571,2,1,1,1,1,0,1,0,0,0,0,0,0,medio_baixo
8,10000.0,53,0.7924528301886793,1,4,1,0,0,1,1,1,0,0,1,1,0,medio_baixo
3,10000.0,3,0.6666666666666666,2,3,1,0,0,0,1,1,0,1,0,0,0,baixo
5,10000.0,35,0.7428571428571429,1,3,1,0,0,0,1,1,0,0,1,0,0,alto
1,0.0,0,0.0,1,5,1,0,0,0,1,1,1,0,0,1,0,gratuito
1,10000.0,0,0.0,7,2,1,1,1,0,1,0,0,1,0,0,0,baixo
3,0.0,0,0.0,1,1,1,0,0,0,0,0,1,0,0,0,0,gratuito
6,35000.0,49,0.6530612244897959,1,2,1,0,0,0,1,1,0,0,0,0,0,baixo
8,10000.0,211,0.7014218009478673,7,3,1,0,0,0,0,0,1,1,0,0,0,gratuito
1,10000.0,0,0.0,15,1,1,0,1,1,0,1,0,0,0,0,0,alto
2,10000.0,18,0.5,1,1,1,0,0,0,0,1,0,0,0,0,0,baixo
4,10000.0,2,1.0,1,3,1,0,0,0,1,0,1,1,0,0,0,medio_alto
2,10000.0,44,0.4772727272727273,2,3,1,0,0,0,1,0,0,1,0,0,1,medio_baixo
7,10000.0,70,0.8571428571428571,4,4,1,0,0,0,1,0,1,1,1,0,0,medio_alto
2,350000.0,6908,0.9530978575564563,5,4,1,1,1,0,1,1,1,0,1,0,0,alto
2,0.0,0,0.0,1,5,1,0,0,0,0,0,1,1,1,1,0,gratuito
3,10000.0,2,1.0,1,4,1,0,1,0,1,0,1,1,0,0,0,medio_alto
4,10000.0,23,0.9130434782608695,103,1,1,0,0,0,1,0,0,0,0,0,0,baixo
2,10000.0,10,0.9,1,2,1,0,0,0,1,1,0,0,0,0,0,alto
8,35000.0,261,0.789272030651341,1,2,1,0,0,0,0,0,1,0,0,0,1,alto
1,10000.0,8,1.0,1,5,1,0,0,0,1,1,1,1,0,0,0,medio_alto
4,0.0,0,0.0,3,2,1,0,0,0,0,0,1,1,0,0,0,gratuito
17,10000.0,22,0.6363636363636364,1,1,1,0,0,0,0,0,0,0,0,0,1,medio_baixo
2,10000.0,0,0.0,1,1,1,0,0,0,0,0,0,1,0,0,0,medio_baixo
2,0.0,0,0.0,3,4,1,0,0,0,1,1,1,0,0,0,0,gratuito
7,10000.0,52,0.34615384615384615,1,5,1,0,0,0,1,1,1,1,0,0,1,baixo
1,0.0,0,0.0,1,4,1,1,0,0,1,1,1,0,0,0,0,gratuito
6,10000.0,34,0.7352941176470589,1,2,1,0,0,0,1,0,1,0,0,0,0,gratuito
10,10000.0,73,0.3972602739726027,1,2,1,1,0,0,0,0,0,0,0,0,1,gratuito
1,0.0,0,0.0,1,4,1,1,1,0,1,0,1,1,1,0,0,medio_alto
6,10000.0,263,0.8973384030418251,2,1,1,0,0,1,0,0,1,0,0,0,0,medio_alto
10,10000.0,68,0.5441176470588235,2,4,1,1,1,1,1,1,1,0,0,0,0,medio_baixo
6,10000.0,6,0.8333333333333334,1,3,1,1,0,1,1,1,1,0,0,0,0,medio_alto
2,0.0,0,0.0,0,0,1,0,0,0,0,0,0,0,0,0,0,gratuito
8,10000.0,10,0.6,1,1,1,0,0,0,1,0,0,0,0,0,0,gratuito
9,150000.0,886,0.8476297968397292,5,3,1,1,1,1,1,0,0,0,0,1,1,medio_alto
4,150000.0,2570,0.6700389105058365,12,5,1,0,0,0,1,0,1,1,1,0,1,medio_alto
2,0.0,0,0.0,103,9,1,1,1,0,1,1,1,1,1,1,1,alto
9,10000.0,2,0.5,1,1,1,0,0,0,0,0,1,0,0,0,0,alto
2,10000.0,143,0.9230769230769231,1,1,1,0,0,0,1,0,0,0,0,0,0,baixo
2,10000.0,0,0.0,4,4,1,0,0,0,1,1,1,0,1,0,0,alto
8,10000.0,15,0.5333333333333333,16,2,1,0,0,0,1,0,0,1,0,0,0,baixo
2,10000.0,2,1.0,1,2,1,1,1,1,1,0,0,1,0,0,0,medio_baixo
5,10000.0,2,0.0,1,2,1,0,0,0,0,0,0,0,0,1,1,baixo
3,35000.0,114,0.7456140350877193,8,3,1,0,1,0,1,1,0,0,0,0,0,medio_alto
6,35000.0,134,0.8059701492537313,11,2,1,0,0,10,1,0,0,0,1,0,0,medio_alto
19,350000.0,630,0.9507936507936507,1,1,1,1,1,0,0,0,0,0,0,1,0,medio_alto
5,35000.0,10,1.0,1,3,1,0,0,0,1,1,0,1,0,0,0,medio_baixo
12,750000.0,11785,0.9162494696648281,7,4,1,1,0,0,1,0,1,0,1,1,0,gratuito
7,10000.0,2,0.5,2,2,1,0,0,0,0,0,1,1,0,0,0,baixo
7,35000.0,380,0.49736842105263157,12,1,1,0,0,0,0,1,0,0,0,0,0,medio_alto
2,10000.0,0,0.0,1,3,1,1,1,0,1,0,1,1,0,0,0,baixo
1,0.0,0,0.0,2,3,1,0,0,0,1,1,0,0,0,0,0,gratuito
8,35000.0,263,0.6844106463878327,3,3,1,0,0,0,1,0,1,0,1,0,0,medio_baixo
4,35000.0,158,0.8924050632911392,5,3,1,0,0,0,1,0,1,1,0,0,0,medio_baixo
7,10000.0,105,0.7619047619047619,15,1,1,1,0,1,1,0,0,0,0,0,0,baixo
3,10000.0,66,0.9545454545454546,2,2,1,0,0,0,1,0,1,0,0,0,0,baixo
4,10000.0,41,0.3902439024390244,2,4,1,0,0,0,1,1,1,1,0,0,0,medio_alto
1,0.0,0,0.0,1,2,1,0,0,0,1,0,1,0,0,0,0,alto
2,10000.0,0,0.0,1,3,1,0,0,0,1,0,1,0,1,0,0,medio_alto
4,10000.0,1,0.0,1,6,1,0,0,0,1,1,1,1,1,0,0,alto
4,10000.0,8,0.875,1,1,1,1,0,0,0,0,0,0,0,0,0,medio_baixo
5,0.0,0,0.0,0,0,1,0,0,0,0,0,0,0,0,0,0,gratuito
1,10000.0,0,0.0,2,1,1,0,0,0,0,0,1,0,0,0,0,alto
7,10000.0,14,0.5,1,3,1,0,0,0,1,1,1,0,0,0,0,medio_alto
12,350000.0,939,0.8221512247071352,10,3,1,1,1,0,1,0,1,1,0,0,0,baixo
3,0.0,0,0.0,0,0,1,0,0,0,0,0,0,0,0,0,0,gratuito
7,10000.0,9,0.5555555555555556,1,5,1,0,0,0,1,1,0,1,0,0,1,medio_alto
5,0.0,0,0.0,1,5,1,0,0,0,1,0,0,1,0,0,1,gratuito
8,10000.0,26,0.5,4,1,1,0,0,0,0,0,0,0,0,0,0,gratuito
4,0.0,0,0.0,1,6,1,1,0,0,0,1,1,1,0,1,0,gratuito
5,0.0,0,0.0,1,2,1,0,0,0,0,0,0,1,0,0,1,gratuito
5,35000.0,11,1.0,2,3,1,0,0,0,1,1,0,0,0,0,0,alto
3,10000.0,0,0.0,1,3,1,1,1,0,1,0,1,1,0,0,0,medio_baixo
1,0.0,0,0.0,1,3,1,0,0,0,1,1,0,1,0,0,0,medio_baixo
6,35000.0,86,0.6046511627906976,1,4,1,1,1,0,1,0,0,0,0,1,0,gratuito
1,0.0,0,0.0,1,5,1,0,0,0,1,0,1,1,0,0,1,medio_baixo
6,10000.0,32,0.9375,1,3,1,0,0,0,1,0,1,1,0,0,0,alto
2,750000.0,22018,0.9795167590153511,16,2,1,0,0,1,0,1,0,0,0,0,1,alto
7,350000.0,1210,0.25867768595041324,8,3,1,0,0,0,0,1,0,0,0,1,1,medio_baixo
2,10000.0,2,0.5,1,2,1,0,0,0,1,0,0,0,0,1,0,baixo
8,35000.0,244,0.9139344262295082,1,1,1,0,0,0,1,0,0,0,0,0,0,baixo
1,10000.0,0,0.0,1,1,1,0,0,0,0,0,0,0,0,1,0,medio_alto
2,0.0,0,0.0,2,4,1,0,0,0,1,0,1,0,0,0,1,gratuito
10,350000.0,2911,0.9069048436963243,20,3,1,1,1,0,1,1,0,0,0,0,1,medio_baixo
1,10000.0,0,0.0,3,1,1,0,0,0,0,0,1,0,0,0,0,baixo
9,10000.0,2,0.5,1,2,1,0,0,0,1,0,0,0,1,0,0,medio_baixo
4,10000.0,6,0.5,4,1,1,0,0,0,0,0,0,1,0,0,0,medio_alto
11,10000.0,65,0.7846153846153846,4,4,1,0,0,2,1,0,0,0,0,0,1,alto
8,10000.0,1088,0.9246323529411765,5,3,1,0,0,0,1,0,1,1,0,0,0,baixo
3,0.0,0,0.0,1,1,1,0,0,0,0,1,0,0,0,0,0,gratuito
2,10000.0,0,0.0,7,2,1,1,0,2,1,1,0,0,0,0,0,medio_alto
3,10000.0,142,0.7183098591549296,1,2,1,1,1,1,0,1,0,1,0,0,0,medio_alto
1,10000.0,0,0.0,12,3,1,0,1,0,1,1,1,0,0,0,0,alto
7,10000.0,16,1.0,1,2,1,0,1,1,1,1,0,0,0,0,0,medio_baixo
2,0.0,0,0.0,1,3,1,0,0,0,1,1,0,0,0,0,0,gratuito
2,10000.0,2,1.0,9,4,1,0,0,0,1,1,1,0,0,0,0,alto
3,0.0,0,0.0,0,0,1,0,0,0,0,0,0,0,0,0,0,gratuito
3,10000.0,0,0.0,1,3,1,0,0,0,0,1,1,1,0,0,0,alto
4,35000.0,13,0.9230769230769231,1,2,1,0,0,0,1,1,0,0,0,0,0,baixo
2,0.0,0,0.0,1,2,1,0,0,0,0,0,0,1,0,1,0,gratuito
10,10000.0,90,0.4888888888888889,1,1,1,0,0,0,0,0,0,0,0,0,0,gratuito
5,10000.0,187,0.9518716577540107,1,3,1,1,0,0,0,0,1,1,1,0,0,medio_alto
7,10000.0,10,0.7,1,2,1,0,0,0,1,1,0,0,0,0,0,gratuito
1,10000.0,2,1.0,1,3,1,0,0,0,1,0,1,0,0,0,0,medio_alto
4,10000.0,6,1.0,2,2,1,0,0,0,0,0,1,0,1,0,0,medio_alto
2,10000.0,23,0.9130434782608695,4,4,1,0,0,0,1,0,0,1,1,1,0,medio_baixo
2,0.0,0,0.0,1,3,1,0,0,0,0,0,0,1,1,0,0,gratuito
3,10000.0,12,0.5,1,4,1,0,0,0,1,0,1,0,1,0,0,alto
3,10000.0,34,0.8235294117647058,12,2,1,1,0,0,0,0,0,0,0,1,1,medio_alto
8,10000.0,104,0.7788461538461539,1,1,1,0,0,0,0,0,0,0,0,0,1,gratuito
1,10000.0,0,0.0,4,3,1,0,0,0,0,1,1,0,1,0,0,medio_alto
1,10000.0,0,0.0,1,3,1,0,0,0,1,1,1,0,0,0,0,medio_alto
3,0.0,0,0.0,1,2,1,0,0,4,1,0,1,0,0,0,0,gratuito
10,350000.0,2868,0.6209902370990237,2,4,1,1,1,1,1,0,1,0,1,0,1,baixo
2,10000.0,218,0.9220183486238532,9,3,1,0,0,0,1,0,1,1,0,0,0,baixo
9,10000.0,13,0.6153846153846154,5,3,1,1,0,1,1,1,0,0,0,1,0,medio_baixo
2,0.0,0,0.0,103,4,1,0,0,0,1,0,1,1,0,0,0,alto
7,10000.0,122,0.8442622950819673,3,2,1,0,0,1,1,1,0,0,0,0,0,alto
9,35000.0,48,0.7291666666666666,1,2,1,0,0,0,0,1,0,0,0,0,0,gratuito
3,10000.0,106,0.4528301886792453,1,3,1,0,0,0,1,0,0,0,1,0,1,medio_alto
7,350000.0,1685,0.8593471810089021,12,4,1,1,1,0,1,1,0,1,0,1,0,baixo
4,10000.0,1,1.0,1,2,1,0,0,0,0,0,1,0,0,0,1,alto
2,10000.0,0,0.0,1,2,1,0,0,0,1,0,0,1,0,0,0,baixo
2,150000.0,2603,0.7694967345370726,12,3,1,0,0,1,0,0,0,0,0,1,1,alto
9,35000.0,55,0.6181818181818182,2,3,1,0,0,1,1,1,1,0,0,0,0,baixo
5,10000.0,95,0.4105263157894737,1,6,1,0,0,0,1,1,1,1,1,0,1,baixo
4,10000.0,490,0.9020408163265307,19,4,1,1,0,1,1,1,1,1,0,0,0,medio_alto
1,10000.0,0,0.0,6,2,1,0,0,0,1,0,0,1,0,0,0,baixo
4,0.0,0,0.0,0,0,1,0,0,0,0,0,0,0,0,0,0,gratuito
12,75000.0,418,0.7272727272727273,1,2,1,0,0,0,1,0,1,0,0,0,0,medio_baixo
3,10000.0,2,0.0,2,4,1,0,0,0,1,1,0,1,0,0,0,medio_alto
5,75000.0,19,1.0,1,2,1,1,0,0,1,0,0,0,1,0,0,medio_alto
8,35000.0,2,1.0,1,3,1,0,0,0,1,1,0,1,0,0,0,baixo
2,0.0,0,0.0,0,0,1,0,0,0,0,0,0,0,0,0,0,gratuito
9,750000.0,11020,0.7865698729582578,12,2,1,1,1,2,1,1,0,0,0,0,0,baixo
8,10000.0,2,0.0,1,4,1,0,0,0,1,1,1,0,1,0,0,baixo
13,10000.0,159,0.8050314465408805,5,3,1,0,1,0,0,1,1,1,0,0,0,medio_alto
3,10000.0,3,0.6666666666666666,1,4,1,0,0,0,1,1,1,0,0,0,0,gratuito
1,10000.0,0,0.0,3,3,1,0,0,0,1,0,1,0,0,1,0,alto
3,10000.0,0,0.0,1,3,1,0,0,0,1,0,0,1,0,1,0,medio_baixo
6,75000.0,568,0.772887323943662,2,3,1,0,0,0,1,1,1,0,0,0,0,medio_alto
5,10000.0,19,0.6842105263157895,10,5,1,0,0,1,1,1,1,1,0,0,0,alto
2,10000.0,4,1.0,1,2,1,0,0,0,0,1,0,1,0,0,0,alto
4,10000.0,0,0.0,2,3,1,0,0,0,1,0,1,0,1,0,0,alto
7,150000.0,185,0.8702702702702703,5,1,1,0,0,0,0,0,1,0,0,0,0,alto
8,10000.0,18,0.1111111111111111,1,4,1,0,0,0,1,1,0,1,0,0,1,baixo
11,350000.0,2847,0.9164032314717246,1,4,1,1,1,4,1,0,1,0,1,1,0,alto
2,10000.0,148,0.8986486486486487,2,1,1,0,0,1,0,1,0,0,0,0,0,baixo
8,10000.0,5,0.6,1,3,1,0,0,0,1,1,0,1,0,0,0,alto
11,10000.0,116,0.9568965517241379,1,2,1,1,0,0,1,0,0,1,0,0,0,medio_alto
1,10000.0,3,0.6666666666666666,2,6,1,0,0,0,1,0,1,1,0,1,1,baixo
9,150000.0,522,0.5363984674329502,1,7,1,0,0,0,1,1,1,1,0,1,1,baixo
10,10000.0,63,0.8888888888888888,1,3,1,0,0,2,0,0,0,0,0,0,0,alto
7,10000.0,47,0.5319148936170213,1,5,1,0,0,0,1,1,0,0,0,1,1,baixo
13,35000.0,243,0.7613168724279835,1,3,1,1,0,1,1,1,0,0,0,1,0,medio_alto
1,0.0,0,0.0,1,3,1,1,1,0,1,0,0,0,0,1,1,medio_alto
6,35000.0,4,1.0,1,2,1,0,0,0,1,1,0,0,0,0,0,medio_alto
1,10000.0,0,0.0,11,1,1,1,1,0,0,1,0,0,0,0,0,medio_alto
8,10000.0,3,0.0,1,4,1,0,0,0,1,1,0,0,0,0,1,alto
1,0.0,0,0.0,103,1,1,0,0,0,0,0,0,1,0,0,0,baixo
9,10000.0,99,0.8888888888888888,2,3,1,0,0,0,0,0,1,1,0,0,0,baixo
8,150000.0,4,0.25,1,3,1,0,0,0,1,1,0,1,0,0,0,medio_alto
8,35000.0,24,0.7916666666666666,1,4,1,0,0,0,1,0,0,1,0,0,1,medio_baixo
14,750000.0,3460,0.9528901734104046,11,3,1,1,1,0,1,0,0,0,1,1,0,alto
9,10000.0,24,0.6666666666666666,1,3,1,0,1,13,1,0,1,0,1,0,0,medio_alto
1,0.0,0,0.0,0,0,1,0,0,0,0,0,0,0,0,0,0,gratuito
4,10000.0,23,0.7391304347826086,1,4,1,0,0,0,1,1,1,0,0,0,1,baixo
7,10000.0,32,0.8125,1,2,1,0,0,0,1,0,0,1,0,0,0,baixo
5,35000.0,67,0.43283582089552236,1,5,1,0,0,0,0,1,1,0,1,0,0,gratuito
5,10000.0,15,0.5333333333333333,3,3,1,0,0,0,1,0,0,0,0,1,1,medio_alto
4,0.0,0,0.0,10,4,1,0,0,0,1,0,0,0,0,1,1,gratuito
1,0.0,0,0.0,0,0,1,0,0,0,0,0,0,0,0,0,0,gratuito
10,35000.0,96,0.8125,3,4,1,0,0,0,1,1,1,0,1,0,0,baixo
1,10000.0,25,1.0,1,2,1,0,0,0,1,0,0,0,0,0,1,alto
7,10000.0,3,1.0,1,1,1,0,0,0,0,0,0,0,1,0,0,medio_alto
1,10000.0,1,1.0,1,2,1,0,0,0,1,1,0,0,0,0,0,baixo
2,35000.0,23,0.782608695652174,6,1,1,0,0,0,0,1,0,0,0,0,0,gratuito
7,10000.0,652,0.9279141104294478,1,4,1,0,0,1,1,0,1,1,1,0,0,medio_baixo
4,10000.0,0,0.0,1,2,1,0,0,0,0,0,0,1,0,0,1,medio_alto
9,10000.0,1,1.0,1,4,1,1,0,0,1,1,1,1,0,0,0,medio_baixo
3,0.0,0,0.0,0,0,1,0,0,0,0,0,0,0,0,0,0,gratuito
3,350000.0,4794,0.900709219858156,6,3,1,0,0,3,1,1,0,0,1,0,0,alto
7,10000.0,24,0.5833333333333334,1,3,1,0,0,0,1,1,1,0,0,0,0,gratuito
3,10000.0,4,0.75,2,6,1,0,0,0,1,1,1,1,0,0,1,medio_alto
8,10000.0,13,0.15384615384615385,2,5,1,0,0,0,1,0,1,1,0,1,1,medio_baixo
3,0.0,0,0.0,0,0,1,0,0,0,0,0,0,0,0,0,0,gratuito
1,0.0,0,0.0,1,3,1,1,1,0,1,0,0,1,0,0,0,gratuito
4,35000.0,65,0.5538461538461539,1,3,1,0,0,0,1,0,1,0,1,0,0,alto
8,10000.0,6,0.6666666666666666,1,5,1,0,0,0,1,1,1,0,1,0,0,medio_alto
2,0.0,0,0.0,2,2,1,0,0,0,1,1,0,0,0,0,0,gratuito
4,0.0,0,0.0,3,4,1,0,0,0,1,0,1,0,0,0,1,gratuito
3,10000.0,4,0.5,5,2,1,0,0,0,0,1,1,0,0,0,0,medio_alto
3,10000.0,2,1.0,1,1,1,0,0,0,0,0,0,1,0,0,0,medio_baixo
1,10000.0,1,0.0,1,3,1,0,0,0,1,1,1,0,0,0,0,baixo
2,10000.0,248,0.8629032258064516,1,5,1,0,0,1,1,1,0,0,0,0,1,alto
1,0.0,0,0.0,0,0,1,0,0,0,0,0,0,0,0,0,0,gratuito
3,10000.0,4,0.5,1,1,1,0,0,0,0,0,0,1,0,0,0,medio_baixo
4,10000.0,179,0.9497206703910615,3,1,1,0,1,0,0,0,1,0,0,0,0,medio_baixo
4,35000.0,25,0.96,1,1,1,0,0,0,1,0,0,0,0,0,0,alto
11,10000.0,7,0.2857142857142857,2,4,1,0,0,0,1,1,1,0,1,0,0,medio_alto
3,10000.0,0,0.0,3,1,1,0,0,1,0,0,1,0,0,0,0,alto
6,10000.0,65,0.9384615384615385,12,2,1,1,1,0,1,0,0,1,0,0,0,gratuito
7,10000.0,2,0.5,1,5,1,0,0,0,1,1,1,1,0,1,0,baixo
5,350000.0,3167,0.9516892958635933,1,5,1,0,0,0,1,0,0,1,0,0,1,alto
1,0.0,0,0.0,5,1,1,0,0,0,0,0,0,0,0,0,1,alto
1,10000.0,1,0.0,3,3,1,0,0,0,1,0,0,1,0,1,0,baixo
4,10000.0,11,1.0,1,3,1,0,0,0,1,1,1,0,0,0,0,medio_alto
1,0.0,0,0.0,0,0,1,0,0,0,0,0,0,0,0,0,0,gratuito
2,10000.0,76,0.9210526315789473,1,3,1,0,0,0,1,0,1,0,0,0,1,medio_baixo
5,10000.0,46,0.9130434782608695,29,2,1,0,0,0,1,0,0,1,0,0,0,baixo
8,10000.0,18,0.6666666666666666,1,3,1,0,0,0,1,0,0,1,0,1,0,baixo
1,10000.0,0,0.0,1,4,1,1,1,0,1,0,1,1,0,0,1,medio_baixo
2,10000.0,23,1.0,3,4,1,0,0,0,1,1,1,0,0,0,0,medio_alto
3,10000.0,0,0.0,1,1,1,1,1,0,1,0,0,0,0,0,0,medio_alto
8,35000.0,28,0.7142857142857143,5,2,1,0,0,0,0,0,1,1,0,0,0,baixo
4,0.0,0,0.0,9,4,1,1,1,0,1,0,0,0,0,1,1,gratuito
3,10000.0,64,0.703125,8,4,1,0,0,0,1,0,1,0,1,1,0,alto
1,10000.0,0,0.0,1,4,1,0,0,0,0,0,0,1,1,1,0,gratuito
4,75000.0,15,1.0,1,5,1,0,0,0,1,0,1,1,1,0,1,medio_baixo
3,10000.0,0,0.0,5,1,1,1,1,0,0,0,0,1,0,0,0,alto
1,0.0,0,0.0,1,5,1,0,0,0,1,0,1,1,0,0,1,gratuito
2,10000.0,19,0.8947368421052632,1,2,1,0,0,0,1,0,1,0,0,0,0,baixo
5,10000.0,5,0.0,1,1,1,0,0,0,0,1,0,0,0,0,0,baixo
6,75000.0,159,0.7610062893081762,1,5,1,1,1,0,0,0,0,1,0,1,0,gratuito
6,10000.0,0,0.0,1,5,1,0,0,0,1,1,1,0,1,0,0,alto
2,10000.0,1,0.0,1,3,1,0,0,0,1,1,1,0,0,0,0,baixo
10,10000.0,19,0.9473684210526315,13,3,1,0,0,0,1,0,0,1,0,1,0,medio_alto
2,10000.0,1,1.0,1,4,1,0,0,0,1,1,1,0,1,0,0,medio_alto
2,10000.0,26,0.5384615384615384,20,4,1,0,0,1,1,0,1,1,1,0,0,medio_baixo
2,10000.0,12,0.75,3,3,1,0,0,1,0,1,1,0,0,0,1,alto
1,0.0,0,0.0,0,0,1,0,0,0,0,0,0,0,0,0,0,gratuito
4,75000.0,124,0.6693548387096774,5,2,1,0,0,0,0,1,1,0,0,0,0,medio_baixo
5,10000.0,32,0.5,14,2,1,0,0,0,0,1,1,0,0,0,0,medio_alto
10,10000.0,5,1.0,1,1,1,1,1,1,1,0,0,0,0,0,0,medio_alto
2,10000.0,4,0.75,1,3,1,0,0,0,0,0,0,1,0,0,0,gratuito
1,35000.0,686,0.5728862973760933,10,6,1,0,0,1,0,1,1,0,1,0,1,gratuito
7,10000.0,19,0.7368421052631579,1,3,1,0,0,0,1,0,1,1,0,0,0,baixo
4,10000.0,0,0.0,2,1,1,0,0,0,0,0,0,0,0,0,1,alto
1,10000.0,0,0.0,1,2,1,0,0,0,1,0,0,0,0,0,1,medio_alto
5,0.0,0,0.0,0,0,1,0,0,0,0,0,0,0,0,0,0,gratuito
3,0.0,0,0.0,15,1,1,0,0,0,0,0,0,0,0,0,0,gratuito
1,10000.0,0,0.0,11,3,1,1,0,0,1,1,1,0,0,0,0,alto
5,10000.0,0,0.0,1,2,1,0,0,0,1,1,0,0,0,0,0,baixo
7,10000.0,2,1.0,1,1,1,0,0,0,1,0,0,0,0,0,0,baixo
6,35000.0,246,0.7276422764227642,2,3,1,0,0,0,1,1,1,0,0,0,0,baixo
11,10000.0,25,0.4,1,2,1,0,0,0,1,0,0,1,0,0,0,baixo
12,350000.0,2969,0.6783428763893566,9,7,1,1,1,0,1,1,1,0,1,1,1,medio_alto
3,10000.0,6,1.0,1,2,1,0,0,0,1,0,0,0,0,1,0,medio_alto
3,10000.0,19,0.9473684210526315,1,3,1,0,0,0,1,0,0,1,0,0,0,alto
1,10000.0,0,0.0,2,4,1,0,0,0,1,1,1,0,0,0,0,alto
2,10000.0,49,0.8571428571428571,1,4,1,0,0,0,1,1,0,1,0,0,0,medio_baixo
7,10000.0,47,0.8297872340425532,8,2,1,1,0,2,0,1,0,1,0,0,0,medio_alto
8,10000.0,25,0.36,2,3,1,0,0,0,1,0,0,1,1,0,0,baixo
3,10000.0,6,0.6666666666666666,1,3,1,0,0,0,1,1,0,1,0,0,0,medio_alto
5,10000.0,15,0.8,1,1,1,0,0,0,0,0,0,1,0,0,0,medio_alto
9,10000.0,33,0.8787878787878788,1,6,1,0,0,0,0,1,1,1,0,0,1,alto
5,10000.0,26,0.8846153846153846,10,2,1,0,0,0,1,1,0,0,0,0,0,medio_baixo
8,10000.0,28,0.9642857142857143,1,2,1,0,0,0,1,1,0,0,0,0,0,medio_baixo
11,0.0,0,0.0,1,4,1,0,0,0,1,1,1,0,1,0,0,baixo
2,10000.0,3,1.0,2,3,1,0,0,0,1,0,0,1,0,0,0,medio_alto
10,10000.0,170,0.8705882352941177,1,1,1,0,0,0,0,0,0,0,0,0,1,medio_alto
2,0.0,0,0.0,1,5,1,1,0,1,0,0,0,0,0,1,1,gratuito
2,10000.0,32,0.78125,1,1,1,0,0,0,0,0,0,0,0,0,0,medio_baixo
11,75000.0,247,0.9068825910931174,2,1,1,0,0,0,1,0,0,0,0,0,0,gratuito
5,150000.0,865,0.7028901734104046,6,0,1,0,0,1,0,0,0,0,0,0,0,medio_baixo
1,10000.0,0,0.0,1,1,1,0,0,0,0,0,0,0,0,0,1,medio_alto
1,10000.0,0,0.0,1,4,1,0,0,0,1,0,0,0,1,1,1,alto
4,10000.0,4,0.5,2,7,1,0,0,0,1,1,1,1,0,0,1,medio_baixo
6,10000.0,22,0.8181818181818182,103,3,1,0,0,0,0,0,1,1,0,0,0,baixo
6,35000.0,2,1.0,1,1,1,0,0,0,1,0,0,0,0,0,0,baixo
11,10000.0,19,0.3157894736842105,1,4,1,0,0,0,1,0,0,1,0,1,1,alto
5,10000.0,31,0.967741935483871,1,3,1,0,0,0,1,0,0,1,0,1,0,baixo
1,0.0,0,0.0,1,3,1,0,0,0,0,1,0,0,0,0,1,medio_baixo
3,35000.0,1,1.0,3,1,1,0,0,0,0,0,0,0,0,0,1,baixo
2,10000.0,16,0.75,1,3,1,0,0,0,1,1,1,0,0,0,0,medio_alto
11,75000.0,1272,0.5062893081761006,1,1,1,1,0,1,1,0,0,0,0,0,0,alto
11,35000.0,163,0.8282208588957055,1,3,1,0,0,0,1,1,0,1,0,0,0,baixo
4,0.0,0,0.0,1,3,1,1,0,0,1,0,1,0,1,0,0,gratuito
5,10000.0,28,0.8571428571428571,2,1,1,1,1,0,1,0,0,0,0,0,0,medio_baixo
7,10000.0,1,1.0,1,3,1,0,0,0,0,1,0,0,1,1,0,alto
5,10000.0,4,0.75,2,2,1,0,0,0,1,0,0,1,0,0,0,alto
3,0.0,0,0.0,103,5,1,1,1,0,1,0,1,1,1,0,1,medio_alto
1,35000.0,596,0.8439597315436241,14,1,1,0,0,4,0,1,0,0,0,0,0,alto
1,10000.0,0,0.0,30,6,1,0,0,2,1,0,1,1,1,0,1,baixo
2,10000.0,0,0.0,2,2,1,0,0,0,0,0,0,1,0,0,1,medio_baixo
2,10000.0,0,0.0,8,1,1,0,0,0,0,0,0,0,0,0,1,alto
5,10000.0,4,1.0,1,3,1,0,0,0,1,1,0,1,0,0,0,medio_alto
1,10000.0,20,0.0,10,3,1,0,0,0,0,1,0,0,0,1,1,alto
2,0.0,0,0.0,103,2,1,0,0,0,1,0,0,1,0,0,0,baixo
8,10000.0,0,0.0,1,3,1,0,0,0,1,0,0,1,0,0,1,medio_baixo
2,10000.0,178,0.7134831460674157,2,5,1,0,0,0,1,0,1,1,1,1,0,baixo
2,10000.0,188,0.9148936170212766,10,2,1,0,0,0,0,0,0,1,0,0,1,medio_alto
11,35000.0,222,0.9234234234234234,27,2,1,0,0,1,1,0,1,0,0,0,0,medio_baixo
15,75000.0,184,0.7336956521739131,5,2,1,0,0,2,1,1,0,0,0,0,0,alto
1,0.0,0,0.0,0,0,1,0,0,0,0,0,0,0,0,0,0,gratuito
5,10000.0,8,0.625,1,5,1,0,0,0,0,1,1,1,1,1,0,medio_baixo
5,35000.0,5,0.8,1,4,1,0,0,0,1,1,0,1,0,0,0,baixo
4,75000.0,1764,0.9348072562358276,3,2,1,0,0,1,0,0,1,0,0,0,1,alto
2,10000.0,0,0.0,1,1,1,0,0,0,0,0,0,0,0,0,0,baixo
2,10000.0,4,0.5,1,2,1,0,0,0,0,0,0,0,1,1,0,alto
7,10000.0,53,0.8867924528301887,1,3,1,0,0,0,1,1,0,1,0,0,0,gratuito
2,10000.0,2,1.0,3,3,1,0,0,0,1,0,0,0,0,1,0,medio_alto
7,35000.0,891,0.9528619528619529,5,2,1,1,1,3,1,0,0,1,0,0,0,medio_alto
11,150000.0,379,0.5567282321899736,11,2,1,1,1,0,0,0,1,1,0,0,0,baixo
8,10000.0,9,0.3333333333333333,1,3,1,0,0,1,1,1,0,1,0,0,0,baixo
4,10000.0,20,0.45,1,3,1,0,0,0,0,1,0,0,0,1,0,medio_alto
9,10000.0,41,0.5121951219512195,1,6,1,1,1,0,1,1,0,1,0,1,1,medio_alto
6,35000.0,68,0.8529411764705882,1,1,1,0,0,0,0,1,0,0,0,0,0,baixo
6,10000.0,6,0.16666666666666666,1,4,1,1,0,0,1,0,1,1,0,0,1,alto
7,10000.0,96,0.6145833333333334,12,4,1,0,0,3,1,0,0,1,0,0,1,alto
1,10000.0,37,0.7297297297297297,12,4,1,0,0,0,1,1,1,0,0,0,1,medio_alto
3,10000.0,330,0.8515151515151516,13,4,1,1,1,1,1,1,0,0,0,1,1,alto
4,10000.0,1,1.0,1,3,1,0,0,0,1,1,1,0,0,0,0,medio_baixo
2,350000.0,2490,0.8843373493975903,12,1,1,0,0,2,0,0,0,0,0,0,0,alto
11,150000.0,676,0.8431952662721893,1,3,1,1,1,1,1,1,1,0,0,0,0,alto
3,0.0,0,0.0,103,3,1,0,0,0,1,0,0,1,0,1,0,alto
2,10000.0,17,0.5882352941176471,1,2,1,0,0,0,1,1,0,0,0,0,0,medio_baixo
6,150000.0,669,0.8490284005979073,1,4,1,1,1,0,1,1,0,0,0,0,0,gratuito
3,10000.0,0,0.0,5,1,1,1,1,0,0,0,0,1,0,0,0,alto
2,0.0,0,0.0,0,0,1,0,0,0,0,0,0,0,0,0,0,gratuito
10,10000.0,25,0.88,1,3,1,0,0,0,1,0,1,0,1,0,0,medio_alto
4,75000.0,7,0.5714285714285714,1,3,1,0,0,0,1,0,0,0,1,0,0,alto
1,0.0,0,0.0,2,3,1,0,0,0,1,0,1,0,0,0,1,baixo
3,10000.0,0,0.0,9,5,1,0,0,0,1,1,0,1,1,0,0,alto
2,10000.0,18,1.0,1,4,1,1,0,0,1,0,0,1,1,0,1,medio_baixo
1,10000.0,45,0.5555555555555556,14,4,1,0,0,0,1,0,0,1,0,0,1,medio_alto
4,10000.0,6,0.8333333333333334,1,2,1,0,0,0,1,0,0,0,0,1,0,alto
5,0.0,0,0.0,1,5,1,0,0,0,1,1,1,0,1,0,0,gratuito
1,10000.0,0,0.0,5,2,1,0,0,0,1,1,0,0,0,0,0,medio_alto
9,35000.0,5,0.6,1,4,1,0,0,0,1,0,0,1,0,0,1,medio_alto
1,10000.0,0,0.0,3,3,1,0,0,0,1,0,1,0,0,0,1,medio_alto
2,10000.0,2,0.5,11,5,1,0,0,0,1,1,1,1,0,1,0,baixo
3,10000.0,1,0.0,1,3,1,0,0,0,0,0,0,1,0,1,1,medio_baixo
6,10000.0,82,0.6829268292682927,1,4,1,1,0,0,1,0,1,1,0,0,0,gratuito
1,0.0,0,0.0,0,0,1,0,0,0,0,0,0,0,0,0,0,gratuito
2,10000.0,81,0.8395061728395061,9,4,1,0,0,0,1,0,1,1,0,1,0,baixo
6,35000.0,611,0.8870703764320785,6,4,1,0,0,1,1,0,1,0,1,1,0,medio_baixo
6,75000.0,75,0.76,1,4,1,0,0,0,0,1,0,1,0,0,0,gratuito
7,10000.0,12,0.9166666666666666,2,2,1,0,0,0,1,1,0,0,0,0,0,baixo
1,0.0,0,0.0,1,2,1,0,0,0,0,0,1,0,0,0,0,gratuito
1,0.0,0,0.0,103,2,1,0,0,2,1,0,0,1,0,0,0,baixo
7,10000.0,6,0.5,1,3,1,0,0,100,1,1,0,1,0,0,0,gratuito
9,10000.0,33,0.9090909090909091,27,2,1,1,0,0,1,0,0,0,0,1,0,baixo
5,10000.0,9,0.3333333333333333,1,4,1,0,0,0,0,0,0,1,0,0,0,alto
2,10000.0,0,0.0,3,4,1,0,0,0,1,1,1,1,0,0,0,medio_alto
5,10000.0,20,0.8,6,3,1,0,0,0,1,0,1,1,0,0,0,alto
11,350000.0,655,0.5267175572519084,2,4,1,0,0,3,1,1,0,0,0,0,0,baixo
17,0.0,0,0.0,1,2,1,0,0,0,0,0,0,1,0,0,1,alto
4,10000.0,0,0.0,1,2,1,0,0,0,1,0,0,0,1,0,0,alto
8,10000.0,43,0.7674418604651163,1,1,1,0,0,0,1,0,0,0,0,0,0,alto
4,10000.0,12,0.9166666666666666,1,3,1,1,1,0,1,0,0,0,0,0,0,gratuito
4,10000.0,8,0.875,2,4,1,0,0,0,1,0,0,0,0,1,1,alto
2,75000.0,10,1.0,1,2,1,0,0,0,0,0,0,1,0,1,0,baixo
6,35000.0,38,0.9473684210526315,1,3,1,1,1,1,1,0,1,1,0,0,0,alto
1,10000.0,0,0.0,1,4,1,0,0,0,1,1,0,0,1,0,0,medio_baixo
1,0.0,0,0.0,3,4,1,1,0,0,1,0,1,1,0,0,0,gratuito
17,350000.0,1219,0.8310090237899918,2,3,1,0,0,0,1,1,0,0,1,0,0,baixo
4,75000.0,48,0.7291666666666666,1,3,1,0,0,0,0,0,0,1,0,1,1,medio_baixo
11,10000.0,42,0.7857142857142857,1,2,1,0,0,0,0,1,0,0,0,0,0,medio_alto
7,10000.0,168,0.875,2,3,1,0,0,0,1,1,0,1,0,0,0,baixo
3,0.0,0,0.0,0,0,1,0,0,0,0,0,0,0,0,0,0,gratuito
8,10000.0,3,0.6666666666666666,1,2,1,0,0,0,1,1,0,0,0,0,0,baixo
1,0.0,0,0.0,1,2,1,0,0,0,0,0,0,0,1,0,0,gratuito
7,35000.0,43,0.6511627906976745,1,2,1,0,0,0,1,0,0,1,0,0,0,baixo
1,10000.0,170,0.9235294117647059,6,3,1,1,1,0,1,0,0,1,0,0,1,medio_baixo
16,150000.0,363,0.8181818181818182,1,2,1,0,0,0,0,0,0,0,1,1,0,medio_baixo
3,10000.0,1,1.0,1,1,1,0,0,0,0,0,1,0,0,0,0,alto
1,150000.0,1094,0.8665447897623401,9,2,1,0,0,3,0,0,0,0,0,1,1,alto
7,10000.0,8,0.625,1,3,1,0,0,0,1,1,1,0,0,0,0,alto
9,10000.0,28,0.6785714285714286,1,2,1,0,0,0,1,0,0,0,1,0,0,gratuito
3,0.0,0,0.0,1,2,1,0,0,1,1,0,0,0,1,0,0,gratuito
1,10000.0,0,0.0,1,5,1,0,1,0,1,1,1,0,1,0,0,alto
7,10000.0,2,1.0,1,3,1,0,0,0,1,1,0,0,0,0,0,gratuito
5,35000.0,4,0.75,1,3,1,0,0,0,1,0,1,1,0,0,0,baixo
1,10000.0,0,0.0,1,2,1,1,1,1,1,0,0,0,1,0,0,alto
3,0.0,0,0.0,0,0,1,0,0,0,0,0,0,0,0,0,0,gratuito
2,10000.0,5,1.0,2,4,1,0,0,0,1,1,1,1,0,0,0,baixo
12,35000.0,100,0.65,1,4,1,1,1,0,1,0,0,0,0,1,1,gratuito
8,10000.0,13,0.7692307692307693,1,1,1,0,0,0,0,0,0,1,0,0,0,baixo
7,10000.0,34,0.9117647058823529,1,2,1,0,0,1,1,0,1,0,0,0,0,medio_baixo
7,10000.0,13,0.8461538461538461,1,2,1,1,0,0,0,1,0,1,0,0,0,gratuito
10,35000.0,629,0.890302066772655,5,2,1,0,0,0,1,0,0,1,0,0,0,baixo
2,10000.0,1,1.0,1,2,1,1,0,0,0,1,0,1,0,0,0,medio_baixo
5,10000.0,0,0.0,1,3,1,0,0,0,1,0,1,1,0,0,0,medio_baixo
4,10000.0,3,1.0,1,2,1,0,0,0,1,0,1,0,0,0,0,medio_baixo
2,10000.0,2,1.0,2,3,1,0,0,0,1,1,0,0,0,0,0,alto
7,10000.0,58,0.9482758620689655,1,2,1,0,0,0,1,0,1,0,0,0,0,baixo
4,10000.0,4,1.0,1,3,1,0,0,0,1,0,1,1,0,0,0,medio_alto
2,10000.0,6,0.8333333333333334,1,1,1,0,0,3,0,0,0,0,0,0,0,gratuito
4,10000.0,65,0.9846153846153847,12,4,1,0,0,1,1,1,0,0,1,0,0,medio_baixo
3,10000.0,1,1.0,1,3,1,1,0,0,1,0,0,1,0,0,1,medio_alto
3,10000.0,0,0.0,27,3,1,0,0,0,1,0,1,1,0,0,0,medio_baixo
1,10000.0,0,0.0,1,1,1,0,0,0,0,0,0,0,0,1,0,baixo
1,10000.0,79,0.9620253164556962,1,1,1,1,0,9,0,0,0,0,0,1,0,medio_alto
10,10000.0,160,0.825,1,4,1,0,0,0,1,1,1,0,1,0,0,medio_baixo
7,10000.0,19,0.9473684210526315,1,2,1,0,0,0,0,1,0,1,0,0,0,gratuito
3,10000.0,0,0.0,5,2,1,0,0,0,0,0,0,0,1,1,0,alto
4,10000.0,0,0.0,1,1,1,0,1,0,0,0,0,0,0,0,1,gratuito
5,10000.0,9,0.6666666666666666,0,2,1,0,0,0,1,0,0,1,0,0,0,alto
7,10000.0,334,0.9610778443113772,1,3,1,1,1,1,1,0,1,0,0,0,1,medio_alto
1,10000.0,4,1.0,1,5,1,1,1,0,1,1,0,1,0,1,0,medio_alto
1,10000.0,0,0.0,1,4,1,0,0,0,1,0,1,1,0,1,0,medio_alto
6,10000.0,111,0.7477477477477478,7,6,1,0,0,0,1,0,1,1,1,1,1,medio_alto
3,10000.0,25,0.88,2,2,1,0,0,0,1,0,1,0,0,0,0,medio_baixo
2,0.0,0,0.0,0,0,1,0,0,0,0,0,0,0,0,0,0,gratuito
5,10000.0,30,1.0,1,5,1,0,0,1,1,1,1,1,0,0,0,baixo
6,150000.0,91,0.4945054945054945,6,2,1,0,0,0,0,0,0,0,1,1,0,medio_alto
12,150000.0,1105,0.8823529411764706,2,3,1,0,0,0,0,1,0,0,0,1,1,baixo
1,10000.0,0,0.0,1,2,1,1,0,0,1,1,0,0,0,0,0,medio_alto
3,75000.0,987,0.8470111448834853,14,2,1,1,0,0,0,0,0,0,0,1,1,alto
4,10000.0,3,0.6666666666666666,4,1,1,0,0,0,0,0,0,1,0,0,0,baixo
8,10000.0,21,0.47619047619047616,1,10,1,0,0,0,1,1,1,1,1,1,1,medio_baixo
2,10000.0,0,0.0,1,1,1,0,0,0,0,0,1,0,0,0,0,medio_alto
3,10000.0,13,0.8461538461538461,1,3,1,0,0,0,1,1,1,0,0,0,0,alto
1,10000.0,0,0.0,1,3,1,0,0,0,1,0,1,0,1,0,0,alto
6,10000.0,7,0.8571428571428571,1,3,1,0,0,0,1,1,0,0,0,0,0,alto
2,150000.0,2685,0.9716945996275606,4,3,1,0,0,0,1,0,0,0,0,1,0,alto
2,10000.0,3,0.3333333333333333,1,3,1,0,0,0,1,1,1,0,0,0,0,baixo
5,10000.0,170,0.9764705882352941,4,2,1,1,1,0,1,0,1,0,0,0,0,alto
3,10000.0,212,0.7169811320754716,1,6,1,0,0,0,1,1,1,1,1,0,1,baixo
2,10000.0,9,0.5555555555555556,2,2,1,0,0,0,1,0,1,0,0,0,0,medio_baixo
2,10000.0,8,1.0,1,1,1,0,0,0,0,0,0,0,0,0,0,medio_alto
6,10000.0,3,1.0,1,3,1,0,0,0,1,0,1,1,0,0,0,medio_alto
5,10000.0,6,1.0,1,2,1,0,0,0,0,0,0,1,0,0,0,gratuito
12,750000.0,3887,0.7766915358888603,1,2,1,0,1,0,1,1,0,0,0,0,0,alto
2,10000.0,2,1.0,1,2,1,0,0,0,0,0,0,0,0,1,0,alto
2,10000.0,0,0.0,1,1,1,0,0,0,0,0,1,0,0,0,0,baixo
2,10000.0,16,0.8125,2,2,1,0,0,0,1,0,0,0,0,0,1,baixo
2,0.0,0,0.0,103,3,1,0,0,0,1,0,0,1,0,0,0,gratuito
3,10000.0,0,0.0,4,3,1,0,0,0,1,0,1,0,1,0,0,medio_baixo
2,10000.0,11,0.8181818181818182,9,6,1,0,0,0,1,0,1,1,1,0,0,medio_alto
2,0.0,0,0.0,0,0,1,0,0,0,0,0,0,0,0,0,0,gratuito
9,75000.0,257,0.2723735408560311,2,4,1,0,0,2,0,1,0,0,0,0,0,gratuito
9,10000.0,2,0.5,12,2,1,1,1,0,1,0,0,1,0,0,0,alto
1,10000.0,0,0.0,2,6,1,1,0,1,1,1,1,1,1,1,0,baixo
2,350000.0,4,0.75,5,3,1,0,0,0,1,0,1,0,0,0,1,baixo
2,10000.0,2,0.5,3,4,1,0,0,0,1,1,1,1,0,0,0,medio_baixo
3,350000.0,8404,0.776534983341266,11,3,1,0,0,2,1,1,1,0,0,0,0,medio_alto
1,10000.0,0,0.0,3,3,1,0,0,0,1,0,0,1,0,1,0,baixo
1,10000.0,0,0.0,1,4,1,0,0,0,1,1,1,0,1,0,0,alto
1,0.0,0,0.0,0,0,1,0,0,0,0,0,0,0,0,0,0,gratuito
11,35000.0,46,0.4782608695652174,1,1,1,0,0,0,0,1,0,0,0,0,0,gratuito
5,0.0,0,0.0,1,3,1,0,0,0,1,0,0,1,0,0,1,baixo
2,0.0,0,0.0,0,0,1,0,0,0,0,0,0,0,0,0,0,gratuito
3,10000.0,8,0.875,1,1,1,1,0,0,0,0,1,0,0,0,0,medio_baixo
1,10000.0,23,0.6956521739130435,1,4,1,0,0,0,1,0,1,1,1,0,0,medio_baixo
8,10000.0,89,0.8314606741573034,1,4,1,1,1,0,1,1,1,0,0,1,0,medio_baixo
2,10000.0,148,0.8378378378378378,6,0,1,0,0,1,0,0,0,0,0,0,0,medio_baixo
1,10000.0,0,0.0,27,2,1,1,1,0,1,0,0,0,0,0,1,baixo
4,10000.0,5,1.0,1,7,1,0,0,0,1,1,1,1,1,0,1,alto
6,10000.0,32,0.625,8,2,1,0,0,0,0,0,0,0,0,0,0,medio_alto
4,10000.0,103,0.8932038834951457,1,4,1,1,1,0,1,0,1,1,1,0,0,medio_baixo
5,75000.0,25,0.96,1,2,1,0,0,0,0,0,1,0,1,0,0,medio_alto
6,35000.0,28,0.8928571428571429,1,4,1,0,0,0,1,0,1,0,1,0,0,gratuito
1,0.0,0,0.0,0,0,1,0,0,0,0,0,0,0,0,0,0,gratuito
3,10000.0,12,1.0,1,2,1,0,0,0,1,0,0,0,0,0,0,alto
6,10000.0,276,0.9963768115942029,2,2,1,1,1,1,1,0,1,0,0,0,0,alto
9,10000.0,9,0.2222222222222222,2,10,1,0,0,0,1,1,1,0,1,1,1,medio_alto
2,35000.0,1912,0.9884937238493724,7,2,1,0,0,1,1,1,0,0,0,0,0,medio_baixo
1,0.0,0,0.0,0,0,1,0,0,0,0,0,0,0,0,0,0,gratuito
5,35000.0,21,1.0,1,3,1,0,0,0,0,1,1,0,1,0,0,medio_baixo
4,10000.0,19,0.8421052631578947,103,1,1,0,0,0,1,0,0,0,0,0,0,baixo
7,10000.0,1,1.0,1,3,1,0,0,0,1,1,0,1,0,0,0,medio_baixo
2,0.0,0,0.0,103,2,1,0,0,0,1,0,0,1,0,0,0,baixo
2,10000.0,0,0.0,1,1,1,0,0,0,0,0,1,0,0,0,0,baixo
1,0.0,0,0.0,0,0,1,0,0,0,0,0,0,0,0,0,0,gratuito
5,350000.0,6316,0.8252058264724509,13,2,1,1,0,3,0,0,0,0,0,1,1,medio_alto
6,10000.0,0,0.0,29,2,1,0,0,1,1,0,0,1,0,0,0,baixo
9,10000.0,3,0.3333333333333333,2,4,1,0,0,0,1,1,1,1,0,0,0,baixo
1,10000.0,13,1.0,3,3,1,0,0,0,1,1,0,0,1,0,0,medio_baixo
4,35000.0,1,1.0,1,3,1,0,0,0,1,0,1,0,1,0,0,medio_alto
2,10000.0,13,1.0,2,3,1,1,0,0,1,0,1,1,0,0,0,medio_baixo
2,10000.0,57,0.9122807017543859,7,4,1,0,0,0,1,1,1,0,0,1,0,medio_baixo
8,150000.0,8023,0.9289542565125265,11,4,1,0,0,0,1,1,0,0,1,1,0,alto
2,10000.0,4,1.0,1,3,1,0,0,0,0,1,0,0,0,0,1,gratuito
7,10000.0,4,1.0,1,3,1,0,0,0,1,1,0,1,0,0,0,medio_baixo
2,10000.0,628,0.8487261146496815,4,2,1,0,0,2,0,0,1,0,0,0,0,alto
2,10000.0,18,1.0,2,3,1,1,1,0,1,0,1,0,1,0,0,medio_alto
5,10000.0,11,0.8181818181818182,1,2,1,0,0,1,0,0,0,0,1,1,0,medio_alto
9,10000.0,28,0.7857142857142857,1,4,1,0,0,0,1,1,0,0,1,0,0,medio_baixo
7,10000.0,4,1.0,1,3,1,0,0,0,1,0,1,1,0,0,0,medio_baixo
1,0.0,0,0.0,1,3,1,0,1,0,0,1,0,0,0,0,1,medio_alto
9,75000.0,1164,0.9192439862542955,8,3,1,0,0,1,1,1,0,1,0,0,0,alto
9,350000.0,321,0.6573208722741433,1,2,1,0,0,0,1,0,0,1,0,0,0,baixo
2,10000.0,0,0.0,10,3,1,0,0,1,1,0,0,1,0,0,0,gratuito
3,0.0,0,0.0,14,3,1,0,0,0,1,0,0,0,0,0,1,gratuito
2,10000.0,3,0.6666666666666666,1,2,1,0,0,0,1,0,0,0,0,0,1,medio_baixo
6,10000.0,51,0.7254901960784313,1,3,1,1,0,0,1,1,1,0,0,0,0,medio_baixo
11,150000.0,506,0.6897233201581028,7,2,1,1,0,0,0,0,0,0,0,0,0,gratuito
1,10000.0,0,0.0,1,2,1,0,0,0,0,0,0,1,0,0,1,medio_baixo
5,0.0,0,0.0,0,0,1,0,0,0,0,0,0,0,0,0,0,gratuito
4,10000.0,57,0.8070175438596491,1,2,1,0,0,1,1,1,0,0,0,0,0,medio_alto
6,10000.0,2,0.5,7,3,1,0,1,0,1,1,1,0,0,0,0,medio_baixo
2,0.0,0,0.0,0,0,1,0,0,0,0,0,0,0,0,0,0,gratuito
10,150000.0,386,0.6502590673575129,1,3,1,1,0,0,1,1,0,1,0,0,0,baixo
3,35000.0,8,0.75,12,2,1,1,1,0,1,0,1,0,0,0,0,medio_alto
11,10000.0,18,0.3333333333333333,1,3,1,0,0,0,1,0,1,1,0,0,0,baixo
8,10000.0,1,1.0,1,3,1,0,0,0,0,1,0,1,0,0,0,medio_baixo
7,10000.0,3,1.0,2,3,1,0,1,0,1,1,1,0,0,0,0,medio_alto
1,10000.0,26,0.8076923076923077,2,2,1,0,0,0,1,0,0,0,0,1,0,alto
1,10000.0,0,0.0,7,2,1,1,1,0,0,0,1,1,0,0,0,medio_baixo
5,0.0,0,0.0,1,2,1,0,0,2,0,0,0,0,0,1,0,gratuito
4,10000.0,18,0.7777777777777778,2,5,1,0,0,0,1,0,1,1,1,0,1,alto
3,0.0,0,0.0,3,4,1,1,0,0,1,0,1,0,1,0,1,gratuito
5,10000.0,6,1.0,1,4,1,0,0,0,1,1,1,0,1,0,0,medio_baixo
3,0.0,0,0.0,1,2,1,0,0,0,1,0,1,0,0,0,0,gratuito
1,10000.0,0,0.0,1,4,1,0,0,0,1,1,1,1,0,0,0,alto
11,35000.0,41,0.7317073170731707,1,2,1,0,0,0,1,1,0,0,0,0,0,medio_alto
2,10000.0,217,0.880184331797235,2,3,1,0,0,0,1,0,0,1,0,0,1,baixo
1,0.0,0,0.0,1,2,1,0,0,0,1,0,0,0,0,0,0,gratuito
9,10000.0,197,0.6243654822335025,3,3,1,0,0,3,1,1,0,1,0,0,0,medio_alto
9,35000.0,279,0.8351254480286738,6,3,1,1,0,0,1,1,0,0,0,1,0,medio_baixo
1,10000.0,0,0.0,5,2,1,0,0,2,0,1,0,1,0,0,0,alto
10,0.0,0,0.0,1,3,1,0,0,0,1,1,1,0,0,0,0,gratuito
1,0.0,0,0.0,1,5,1,1,1,7,1,1,1,1,1,0,0,alto
5,10000.0,77,0.6883116883116883,10,2,1,0,0,2,1,0,0,1,0,0,0,medio_alto
1,10000.0,0,0.0,7,1,1,1,1,0,0,1,0,0,0,0,0,medio_alto
9,350000.0,17966,0.975787598797729,17,3,1,1,0,1,1,0,1,1,0,0,0,medio_alto
7,10000.0,0,0.0,1,1,1,0,0,0,0,0,0,0,0,0,0,alto
2,10000.0,21,0.6190476190476191,2,6,1,0,0,0,0,1,1,1,0,1,1,baixo
3,75000.0,906,0.8984547461368654,9,2,1,0,0,1,0,0,1,0,1,0,0,alto
1,0.0,0,0.0,3,4,1,1,0,1,1,0,1,0,0,1,1,medio_alto
3,10000.0,2,0.5,3,3,1,0,0,0,0,0,0,1,0,0,1,medio_baixo
6,10000.0,79,0.8860759493670886,1,4,1,0,0,0,1,1,1,1,0,0,0,baixo
2,10000.0,18,0.5555555555555556,5,4,1,0,0,0,1,1,1,1,0,0,0,alto
1,10000.0,0,0.0,4,2,1,0,0,0,1,0,1,0,0,0,0,medio_alto
6,10000.0,35,0.9428571428571428,6,3,1,0,0,0,0,0,1,0,0,1,1,medio_baixo
2,0.0,0,0.0,0,0,1,0,0,0,0,0,0,0,0,0,0,gratuito
1,0.0,0,0.0,3,7,1,0,0,0,1,1,0,1,1,0,0,gratuito
3,10000.0,0,0.0,8,2,1,1,1,0,1,0,0,1,0,0,0,baixo
4,35000.0,35,0.8857142857142857,1,2,1,0,0,0,1,0,1,0,0,0,0,medio_alto
1,0.0,0,0.0,0,0,1,0,0,0,0,0,0,0,0,0,0,gratuito
9,35000.0,137,0.5255474452554745,1,5,1,0,0,0,1,1,0,1,0,1,1,baixo
4,0.0,0,0.0,0,0,1,0,0,0,0,0,0,0,0,0,0,gratuito
3,10000.0,0,0.0,1,5,1,0,0,0,1,0,1,1,1,1,0,alto
5,10000.0,40,0.9,2,5,1,0,0,0,1,1,1,0,0,1,1,medio_baixo
9,350000.0,178,0.5561797752808989,1,1,1,0,0,0,0,0,0,0,1,0,0,baixo
5,10000.0,12,0.6666666666666666,2,2,1,0,0,0,1,0,0,0,0,0,0,alto
1,10000.0,12,1.0,1,6,1,0,0,0,1,1,1,1,1,0,1,baixo
6,10000.0,2,0.5,2,1,1,0,0,0,0,0,0,0,0,1,0,medio_alto
6,10000.0,17,0.5294117647058824,1,4,1,0,0,0,1,0,0,0,0,1,1,gratuito
7,10000.0,12,0.75,1,2,1,0,0,0,1,0,1,0,0,0,0,medio_alto
3,10000.0,0,0.0,2,3,1,0,0,0,1,1,0,1,0,0,0,medio_alto
2,10000.0,10,0.7,12,4,1,0,0,0,1,0,0,1,0,1,1,medio_baixo
5,0.0,0,0.0,11,1,1,0,0,12,0,1,0,0,0,0,0,gratuito
4,10000.0,2,1.0,1,4,1,0,0,0,1,1,0,1,0,1,0,medio_baixo
1,10000.0,0,0.0,11,4,1,1,1,0,1,0,0,0,0,0,1,medio_alto
8,10000.0,15,0.8,1,1,1,1,1,0,1,0,0,0,0,0,0,alto
15,750000.0,2599,0.8280107733743748,1,2,1,1,1,2,1,0,0,0,0,1,0,alto
6,10000.0,9,0.4444444444444444,1,3,1,1,1,0,1,0,1,1,0,0,0,baixo
1,10000.0,0,0.0,9,4,1,1,1,0,1,1,1,1,0,0,0,medio_baixo
2,10000.0,17,0.35294117647058826,1,3,1,0,0,0,1,0,0,1,0,0,0,gratuito
2,10000.0,6,1.0,9,3,1,0,1,0,1,1,0,1,0,0,0,alto
3,10000.0,0,0.0,1,1,1,0,0,0,0,1,0,0,0,0,0,gratuito
4,35000.0,167,0.6407185628742516,2,4,1,0,0,0,1,1,1,0,0,0,1,medio_baixo
5,35000.0,3,0.6666666666666666,3,3,1,0,0,0,1,0,0,0,1,1,0,medio_alto
2,150000.0,51,0.6862745098039216,4,2,1,0,0,0,1,0,1,0,0,0,0,medio_baixo
3,10000.0,7,1.0,1,4,1,0,0,0,1,1,1,0,0,0,0,gratuito
4,35000.0,189,0.9735449735449735,3,2,1,0,0,0,0,0,1,0,1,0,0,alto
8,10000.0,103,0.941747572815534,8,3,1,0,0,0,0,0,0,1,0,1,1,medio_baixo
3,10000.0,79,0.7974683544303798,3,3,1,0,0,1,1,0,1,0,0,0,0,gratuito
11,10000.0,17,0.47058823529411764,1,4,1,0,0,0,1,0,1,1,0,0,1,alto
1,10000.0,0,0.0,1,2,1,1,1,1,1,0,0,0,1,0,0,alto
1,10000.0,0,0.0,1,1,1,1,0,0,0,0,0,0,0,1,0,medio_alto
6,10000.0,35,0.9142857142857143,1,2,1,1,1,2,1,0,1,0,0,0,0,alto
1,0.0,0,0.0,0,0,1,0,0,0,0,0,0,0,0,0,0,gratuito
1,10000.0,0,0.0,2,2,1,0,0,0,1,0,0,1,0,0,0,medio_alto
11,35000.0,67,0.5223880597014925,3,3,1,0,0,0,1,1,0,1,0,0,0,medio_baixo
5,10000.0,8,0.375,1,2,1,0,0,0,1,0,0,0,0,0,1,medio_alto
1,10000.0,10,0.6,8,3,1,0,0,1,1,0,1,0,0,0,1,medio_baixo
4,10000.0,5,1.0,1,3,1,0,0,0,1,0,1,1,0,0,0,medio_baixo
13,75000.0,760,0.5342105263157895,1,4,1,1,0,0,1,0,0,1,0,1,1,alto
1,0.0,0,0.0,0,0,1,0,0,0,0,0,0,0,0,0,0,gratuito
5,10000.0,0,0.0,6,3,1,0,0,0,1,0,0,1,0,0,0,medio_baixo
1,10000.0,0,0.0,1,4,1,0,0,0,1,0,1,1,0,0,1,alto
11,35000.0,157,0.7261146496815286,1,3,1,1,1,0,1,0,1,0,1,0,0,medio_baixo
8,10000.0,114,0.8859649122807017,1,3,1,0,0,0,1,0,0,0,0,0,0,medio_alto
2,75000.0,16,0.4375,1,6,1,0,0,0,0,1,1,1,1,0,0,gratuito
2,10000.0,487,0.9568788501026694,3,3,1,0,0,1,1,0,1,1,0,0,0,alto
6,150000.0,29,0.5517241379310345,1,3,1,0,0,0,1,1,0,1,0,0,0,baixo
10,75000.0,185,0.7513513513513513,2,3,1,1,1,0,0,0,0,1,0,1,0,gratuito
6,10000.0,52,0.7692307692307693,29,3,1,0,0,0,0,1,1,1,0,0,0,baixo
5,35000.0,2,1.0,2,3,1,1,1,0,1,1,0,1,0,0,0,medio_alto
2,0.0,0,0.0,0,0,1,0,0,0,0,0,0,0,0,0,0,gratuito
6,10000.0,21,0.6666666666666666,2,2,1,0,0,0,0,0,1,1,0,0,0,medio_alto
3,35000.0,22,0.8181818181818182,5,1,1,0,0,1,0,1,0,0,0,0,0,alto
6,10000.0,4,0.5,2,3,1,0,0,0,0,0,1,0,1,0,0,alto
1,0.0,0,0.0,0,0,1,0,0,0,0,0,0,0,0,0,0,gratuito
1,10000.0,0,0.0,1,6,1,0,0,0,1,1,1,1,1,0,1,baixo
3,35000.0,49,0.8775510204081632,1,1,1,1,1,0,0,1,0,0,0,0,0,medio_alto
2,0.0,0,0.0,0,0,1,0,0,0,0,0,0,0,0,0,0,gratuito
6,10000.0,0,0.0,1,2,1,0,0,0,1,0,0,0,0,0,1,alto
6,75000.0,9,0.6666666666666666,1,2,1,1,0,0,1,0,0,1,0,0,0,gratuito
5,0.0,0,0.0,0,0,1,0,0,0,0,0,0,0,0,0,0,gratuito
5,10000.0,150,0.7866666666666666,29,3,1,0,0,0,1,1,0,1,0,0,0,baixo
2,10000.0,14,0.9285714285714286,8,2,1,0,0,0,1,0,1,0,0,0,0,alto
1,10000.0,0,0.0,30,3,1,0,0,0,1,0,0,1,0,1,0,baixo
2,10000.0,5,0.8,1,1,1,0,0,0,1,0,0,0,0,0,0,medio_baixo
10,10000.0,7,0.42857142857142855,1,3,1,0,0,1,1,0,1,0,0,1,0,alto
10,10000.0,18,0.8888888888888888,1,2,1,0,0,0,1,0,0,0,0,0,0,alto
7,10000.0,28,0.7857142857142857,8,3,1,1,0,0,1,0,1,1,0,0,0,medio_alto
1,10000.0,0,0.0,6,2,1,1,1,0,1,0,0,0,0,0,1,medio_alto
1,10000.0,446,0.8609865470852018,11,3,1,0,0,0,1,0,0,0,0,1,1,alto
1,10000.0,32,0.78125,12,5,1,1,0,0,1,1,0,1,0,1,0,medio_alto
10,350000.0,1204,0.6519933554817275,1,4,1,1,1,0,0,0,0,1,1,1,0,gratuito
9,35000.0,187,0.39037433155080214,1,5,1,0,0,0,0,1,1,0,1,0,0,gratuito
1,10000.0,4,1.0,2,1,1,0,0,0,0,0,0,1,0,0,0,baixo
9,10000.0,12,0.9166666666666666,1,2,1,0,1,1,1,1,0,0,0,0,0,alto
4,10000.0,8,0.875,2,3,1,1,1,0,1,1,0,0,0,0,0,medio_alto
12,35000.0,67,0.746268656716418,1,2,1,1,0,0,1,1,0,0,0,0,0,medio_alto
2,10000.0,2,0.5,1,4,1,0,0,0,1,0,1,1,1,0,0,medio_baixo
11,10000.0,5,0.6,1,2,1,0,0,0,1,0,0,0,0,1,0,baixo
2,10000.0,0,0.0,1,2,1,1,0,0,1,0,0,0,0,0,1,medio_alto
3,10000.0,1,1.0,5,4,1,0,0,0,1,1,0,1,0,0,0,medio_baixo
4,10000.0,21,0.5714285714285714,2,3,1,0,0,0,1,0,0,1,0,1,0,medio_baixo
2,150000.0,2294,0.9354838709677419,10,1,1,0,0,2,0,0,1,0,0,0,0,alto
10,350000.0,4158,0.7561327561327561,15,6,1,0,0,1,1,1,1,0,1,1,1,baixo
8,10000.0,131,0.816793893129771,1,2,1,0,0,0,0,0,0,0,0,1,1,alto
10,10000.0,12,0.9166666666666666,1,3,1,0,0,1,1,1,0,1,0,0,0,baixo
4,0.0,0,0.0,1,4,1,0,0,1,1,0,0,1,0,0,1,gratuito
2,10000.0,0,0.0,5,1,1,1,1,0,0,0,0,1,0,0,0,alto
6,10000.0,0,0.0,4,4,1,1,1,0,1,1,1,1,0,0,0,medio_baixo
10,10000.0,25,0.8,1,2,1,0,0,0,1,1,0,0,0,0,0,medio_baixo
5,10000.0,5,1.0,1,2,1,1,0,0,1,0,1,0,0,0,0,medio_alto
2,0.0,0,0.0,1,5,1,0,0,0,0,1,0,1,1,0,1,gratuito
5,10000.0,0,0.0,1,2,1,0,0,0,0,1,0,0,0,0,0,medio_alto
1,0.0,0,0.0,0,0,1,0,0,0,0,0,0,0,0,0,0,gratuito
8,10000.0,1,1.0,2,2,1,0,0,0,1,0,0,1,0,0,0,baixo
1,10000.0,20,1.0,10,3,1,1,0,0,1,0,0,1,0,0,0,baixo
1,10000.0,0,0.0,11,4,1,0,0,2,1,1,0,1,0,0,0,baixo
2,35000.0,19,0.9473684210526315,1,1,1,0,0,0,0,1,0,0,0,0,0,medio_baixo
2,10000.0,1,1.0,1,4,1,0,0,0,1,0,1,1,0,0,1,medio_baixo
2,0.0,0,0.0,1,4,1,0,0,0,0,1,1,1,0,0,0,gratuito
2,10000.0,12,0.8333333333333334,1,2,1,0,0,0,0,0,0,0,0,0,0,gratuito
6,10000.0,8,0.75,1,1,1,0,0,0,0,0,0,0,0,0,0,gratuito
6,10000.0,8,0.75,1,1,1,1,1,0,1,0,0,0,0,0,0,alto
5,10000.0,0,0.0,7,3,1,0,0,3,0,0,0,0,1,1,1,alto
2,150000.0,17,0.7058823529411765,2,6,1,0,0,0,1,0,1,1,1,1,1,baixo
2,10000.0,16,1.0,4,2,1,0,1,0,1,0,1,0,0,0,0,medio_alto
5,10000.0,5,0.8,27,3,1,0,0,0,1,1,1,0,0,0,0,baixo
8,10000.0,0,0.0,1,2,1,0,0,1,1,1,0,0,0,0,0,alto
3,10000.0,0,0.0,3,2,1,1,1,1,0,0,1,0,1,0,0,gratuito
7,10000.0,65,0.8615384615384616,1,2,1,0,0,0,1,0,0,1,0,0,0,medio_baixo
3,0.0,0,0.0,92,6,1,1,1,1,1,1,0,1,0,0,1,baixo
1,35000.0,6,0.8333333333333334,10,4,1,0,0,0,1,1,1,0,1,0,0,medio_alto
4,10000.0,8,1.0,1,3,1,0,0,0,1,0,0,1,0,1,0,baixo
1,10000.0,0,0.0,1,3,1,1,1,0,1,0,1,0,1,0,0,medio_alto
2,10000.0,47,0.8936170212765957,5,3,1,0,0,0,1,0,0,1,0,0,1,alto
8,10000.0,14,0.7857142857142857,1,3,1,1,1,0,1,0,1,0,1,0,0,medio_alto
1,10000.0,1,1.0,1,1,1,0,0,0,0,0,0,1,0,0,0,baixo
9,10000.0,20,0.45,1,1,1,0,0,0,0,1,0,0,0,0,0,gratuito
3,10000.0,7,0.8571428571428571,1,4,1,0,0,0,0,0,1,1,1,0,1,medio_baixo
4,3500000.0,28579,0.9494383988243116,1,3,1,0,1,2,1,0,0,0,0,1,1,alto
10,35000.0,92,0.75,6,5,1,1,1,0,1,1,1,0,1,1,0,medio_baixo
9,10000.0,33,0.6363636363636364,7,2,1,0,0,0,1,1,0,0,0,0,0,baixo
1,0.0,0,0.0,0,0,1,0,0,0,0,0,0,0,0,0,0,gratuito
3,10000.0,0,0.0,1,4,1,0,0,0,1,0,1,1,0,1,0,medio_baixo
12,10000.0,135,0.8666666666666667,1,4,1,1,0,1,1,1,1,1,0,0,0,medio_baixo
1,10000.0,11,1.0,1,2,1,0,0,0,0,0,0,1,0,1,0,baixo
10,10000.0,340,0.49411764705882355,2,7,1,0,0,0,1,1,1,0,1,1,1,alto
6,10000.0,34,0.47058823529411764,1,4,1,0,0,0,1,1,1,0,0,0,0,gratuito
6,10000.0,0,0.0,1,2,1,0,0,1,0,0,0,1,1,0,0,medio_baixo
9,10000.0,33,0.6363636363636364,1,4,1,0,0,0,1,1,0,0,0,0,1,gratuito
6,10000.0,1,1.0,1,2,1,0,0,0,0,1,0,0,0,0,0,medio_baixo
11,10000.0,74,0.7432432432432432,9,3,1,1,0,0,1,0,0,1,0,1,0,medio_alto
3,10000.0,4,1.0,1,5,1,0,0,0,1,1,0,1,0,0,0,medio_alto
3,75000.0,332,0.8493975903614458,9,7,1,0,0,0,1,1,1,0,1,0,1,alto
4,10000.0,35,0.9428571428571428,2,2,1,0,0,0,1,1,0,0,0,0,0,baixo
8,10000.0,11,0.6363636363636364,2,4,1,0,0,1,1,0,0,1,1,1,0,alto
3,10000.0,0,0.0,5,2,1,0,0,0,1,1,0,0,0,0,0,medio_alto
6,35000.0,19,0.8421052631578947,1,3,1,0,0,0,0,1,1,0,0,0,0,gratuito
1,10000.0,25,1.0,2,3,1,0,0,1,0,0,0,1,0,1,1,medio_alto
11,35000.0,203,0.7881773399014779,2,3,1,0,0,0,1,1,0,0,0,0,1,baixo
7,10000.0,5,0.6,1,3,1,1,0,0,1,1,1,0,0,0,0,alto
2,10000.0,3,1.0,18,4,1,0,0,0,1,1,1,0,0,1,0,alto
6,35000.0,1,1.0,1,2,1,0,0,0,1,0,0,1,0,0,0,medio_baixo
1,0.0,0,0.0,1,3,1,0,1,0,1,0,0,1,0,0,1,medio_baixo
2,0.0,0,0.0,1,6,1,1,1,0,1,1,0,1,1,0,0,gratuito
5,10000.0,0,0.0,15,3,1,0,0,0,0,0,1,1,0,0,1,baixo
1,10000.0,182,0.9560439560439561,26,6,1,0,0,0,1,1,1,1,0,1,0,alto
10,10000.0,8,0.375,1,2,1,0,0,0,0,0,0,1,0,0,1,baixo
6,10000.0,1,1.0,1,3,1,0,0,0,1,0,0,1,0,1,0,baixo
1,75000.0,61,0.8852459016393442,3,5,1,1,1,0,1,0,1,0,1,1,0,alto
3,10000.0,0,0.0,1,1,1,0,0,0,1,0,0,0,0,0,0,medio_baixo
8,10000.0,4,0.5,1,4,1,1,1,0,1,1,0,1,0,0,0,baixo
2,10000.0,5,0.0,5,2,1,0,0,0,0,0,0,1,0,0,1,medio_baixo
8,10000.0,41,0.6829268292682927,1,5,1,0,0,0,1,1,0,1,0,0,0,gratuito
4,10000.0,9,1.0,7,2,1,0,0,0,1,0,1,0,0,0,0,baixo
1,10000.0,91,0.945054945054945,14,3,1,0,0,0,1,0,1,0,1,0,0,medio_baixo
3,10000.0,4,0.5,1,3,1,0,0,0,1,0,0,1,0,0,1,gratuito
6,350000.0,2019,0.7909856364536899,1,4,1,0,0,0,0,1,0,0,0,0,0,gratuito
1,10000.0,0,0.0,10,3,1,1,0,0,1,0,1,1,0,0,0,medio_alto
9,10000.0,28,0.9285714285714286,1,2,1,0,0,0,1,0,0,1,0,0,0,medio_alto
3,10000.0,0,0.0,1,3,1,0,0,1,0,1,0,1,0,0,0,gratuito
2,10000.0,0,0.0,2,3,1,0,0,0,1,1,0,1,0,0,0,baixo
1,10000.0,1,1.0,11,4,1,0,1,0,1,0,1,0,0,1,1,alto
3,10000.0,5,0.6,1,1,1,0,0,0,0,1,0,0,0,0,0,medio_alto
15,35000.0,110,0.8363636363636363,1,1,1,0,0,0,0,0,0,0,0,1,0,alto
4,0.0,0,0.0,2,3,1,0,0,1,1,0,1,1,0,0,0,baixo
9,75000.0,675,0.7229629629629629,16,3,1,0,0,0,1,1,1,0,0,0,0,medio_alto
1,10000.0,0,0.0,1,3,1,0,0,0,1,0,1,1,0,0,0,medio_alto
1,0.0,0,0.0,0,0,1,0,0,0,0,0,0,0,0,0,0,gratuito
3,0.0,0,0.0,0,0,1,0,0,0,0,0,0,0,0,0,0,gratuito
6,10000.0,0,0.0,1,3,1,0,0,0,0,1,1,0,0,0,1,alto
3,0.0,0,0.0,9,3,1,0,0,0,1,0,0,1,0,0,0,gratuito
2,10000.0,5,1.0,2,2,1,0,0,0,0,0,1,0,0,1,0,medio_baixo
3,10000.0,8,1.0,2,4,1,0,1,0,1,0,0,1,0,0,0,medio_alto
1,10000.0,27,0.7407407407407407,1,2,1,0,0,0,1,0,1,0,0,0,0,medio_baixo
5,35000.0,15,0.5333333333333333,1,2,1,0,1,0,1,0,0,0,0,1,0,medio_alto
9,10000.0,17,0.8235294117647058,2,3,1,1,0,0,1,0,1,1,0,0,0,baixo
1,10000.0,0,0.0,1,5,1,0,1,0,1,0,0,1,1,1,1,baixo
8,35000.0,1052,0.6416349809885932,10,1,1,0,0,1,0,0,0,0,0,1,0,medio_baixo
1,10000.0,0,0.0,7,3,1,0,0,0,0,1,1,0,1,0,0,medio_baixo
2,10000.0,106,0.9905660377358491,1,3,1,0,0,1,1,1,1,0,0,0,0,medio_alto
8,10000.0,28,0.25,1,3,1,0,0,0,1,0,1,0,0,1,0,baixo
3,10000.0,0,0.0,1,4,1,0,0,0,1,1,1,1,0,0,0,medio_alto
15,350000.0,1007,0.8857994041708044,1,3,1,1,1,0,1,0,0,1,0,1,0,baixo
3,10000.0,0,0.0,3,2,1,0,0,0,1,0,1,0,0,0,0,medio_baixo
10,10000.0,15,0.9333333333333333,2,3,1,0,0,0,0,1,0,1,1,0,0,medio_alto
3,10000.0,2,1.0,1,1,1,0,0,0,1,0,0,0,0,0,0,baixo
1,10000.0,0,0.0,1,2,1,1,1,0,0,0,1,0,0,0,0,gratuito
9,10000.0,14,0.6428571428571429,1,2,1,1,1,0,0,0,1,0,0,1,0,medio_alto
4,10000.0,1,0.0,1,3,1,0,0,0,1,1,1,0,0,0,0,medio_alto
4,35000.0,267,0.4756554307116105,9,3,1,0,0,2,1,1,0,0,1,0,0,baixo
6,350000.0,1543,0.933246921581335,16,3,1,0,0,0,1,0,0,0,0,1,1,gratuito
5,10000.0,0,0.0,5,3,1,0,0,1,0,1,1,0,1,0,0,alto
1,0.0,0,0.0,1,3,1,0,0,0,1,1,1,0,0,0,0,baixo
8,10000.0,52,0.7884615384615384,1,3,1,0,0,0,0,0,0,0,0,0,1,gratuito
1,0.0,0,0.0,12,4,1,0,0,0,1,1,0,1,0,1,0,baixo
5,35000.0,24,0.875,2,1,1,0,0,0,0,0,1,0,0,0,0,gratuito
5,0.0,0,0.0,3,3,1,0,0,2,0,0,0,0,0,0,0,gratuito
9,10000.0,12,0.5,1,4,1,0,0,0,1,0,0,0,0,1,1,baixo
10,10000.0,456,0.8114035087719298,2,1,1,1,0,0,0,0,0,1,0,0,0,baixo
6,10000.0,2,1.0,2,3,1,0,0,0,1,0,0,1,0,1,0,medio_alto
6,10000.0,3,1.0,1,3,1,0,0,0,1,1,0,1,0,0,0,medio_baixo
13,750000.0,2581,0.5633475397132894,2,2,1,0,0,10,0,0,0,0,0,0,1,gratuito
9,10000.0,36,0.5277777777777778,1,4,1,1,0,0,1,1,1,1,0,0,0,baixo
3,10000.0,27,1.0,1,2,1,0,0,0,0,0,0,0,0,0,1,medio_alto
4,10000.0,0,0.0,1,4,1,1,1,0,1,0,1,1,0,0,1,medio_baixo
10,35000.0,584,0.9315068493150684,1,2,1,1,1,0,1,1,0,0,0,0,0,baixo
1,10000.0,5,0.6,1,5,1,0,0,0,1,1,0,1,0,0,0,gratuito
8,10000.0,53,0.22641509433962265,1,1,1,0,0,0,1,0,0,0,0,0,0,baixo
1,10000.0,0,0.0,24,1,1,0,0,0,1,0,0,0,0,0,0,medio_alto
8,75000.0,723,0.7593360995850622,7,3,1,0,0,0,0,0,0,0,0,0,1,medio_baixo
1,0.0,0,0.0,1,4,1,0,0,0,1,0,0,1,1,0,0,gratuito
5,10000.0,1,1.0,2,1,1,0,0,0,0,1,0,0,0,0,0,baixo
4,10000.0,45,0.9777777777777777,1,6,1,0,0,0,1,1,1,1,1,0,1,alto
2,0.0,0,0.0,0,0,1,0,0,0,0,0,0,0,0,0,0,gratuito
8,10000.0,82,0.7804878048780488,2,3,1,1,0,0,1,0,0,1,1,0,0,medio_baixo
4,75000.0,238,0.7689075630252101,11,3,1,0,0,0,1,1,1,0,0,0,0,baixo
2,10000.0,4,0.5,7,3,1,0,0,0,1,0,0,1,0,0,0,alto
2,10000.0,2,1.0,1,2,1,0,0,0,0,1,1,0,0,0,0,medio_baixo
3,10000.0,35,0.8285714285714286,30,4,1,0,0,0,1,0,0,1,0,1,1,alto
1,10000.0,0,0.0,1,2,1,0,0,0,1,1,0,0,0,0,0,baixo
5,10000.0,788,0.9644670050761421,11,3,1,0,1,1,1,1,1,0,0,0,0,medio_baixo
1,10000.0,0,0.0,1,2,1,1,0,0,1,0,0,0,0,1,0,medio_baixo
4,10000.0,31,0.7741935483870968,11,3,1,0,0,0,1,0,0,1,0,0,1,medio_baixo
5,10000.0,0,0.0,3,3,1,0,0,2,0,0,1,1,1,0,0,medio_alto
4,0.0,0,0.0,0,0,1,0,0,0,0,0,0,0,0,0,0,gratuito
10,10000.0,54,0.8703703703703703,1,2,1,1,1,0,1,1,0,0,0,0,0,medio_baixo
7,10000.0,28,0.8928571428571429,1,3,1,0,0,0,1,0,0,1,0,1,0,baixo
2,10000.0,5,0.8,4,2,1,0,0,0,1,0,0,1,0,0,0,medio_baixo
3,10000.0,0,0.0,1,3,1,0,0,0,1,1,0,1,0,0,0,medio_alto
5,10000.0,1,1.0,1,3,1,0,0,0,1,0,0,0,0,1,1,baixo
3,0.0,0,0.0,0,0,1,0,0,0,0,0,0,0,0,0,0,gratuito
1,0.0,0,0.0,5,3,1,0,0,0,1,0,0,1,0,0,0,medio_alto
6,10000.0,5,0.8,2,3,1,0,0,1,1,1,0,0,0,0,0,gratuito
5,10000.0,31,0.6129032258064516,1,4,1,0,0,0,1,0,1,1,0,0,1,baixo
9,10000.0,14,0.5714285714285714,1,6,1,0,0,0,1,1,1,0,0,0,0,alto
6,10000.0,50,0.84,1,2,1,1,1,1,0,1,0,0,0,0,1,medio_baixo
6,10000.0,38,0.631578947368421,1,1,1,0,0,0,0,0,0,1,0,0,0,baixo
11,10000.0,235,0.5829787234042553,1,4,1,1,0,1,1,1,0,1,0,0,0,baixo
1,10000.0,0,0.0,7,5,1,0,0,0,1,0,1,0,0,1,1,alto
2,10000.0,0,0.0,4,1,1,0,0,0,0,0,1,0,0,0,0,medio_baixo
6,35000.0,7,0.7142857142857143,1,2,1,0,0,0,1,1,0,0,0,0,0,baixo
5,0.0,0,0.0,0,0,1,0,0,0,0,0,0,0,0,0,0,gratuito
1,0.0,0,0.0,15,2,1,1,1,0,1,0,0,1,0,0,0,medio_baixo
1,0.0,0,0.0,12,4,1,0,0,0,0,0,0,1,0,1,0,gratuito
3,0.0,0,0.0,103,3,1,0,0,0,1,1,0,1,0,0,0,baixo
2,10000.0,3,0.6666666666666666,5,1,1,0,0,0,0,1,0,0,0,0,0,baixo
8,35000.0,2,0.5,1,5,1,0,0,0,1,1,1,1,1,0,0,baixo
1,0.0,0,0.0,1,3,1,0,0,1,0,1,0,0,0,1,0,baixo
4,10000.0,1,1.0,1,4,1,0,0,0,1,1,0,1,0,0,1,baixo
6,35000.0,877,0.8152793614595211,6,3,1,0,0,0,0,0,0,0,0,0,1,medio_baixo
8,10000.0,29,0.5862068965517241,1,3,1,0,0,0,1,0,1,0,1,0,0,baixo
1,10000.0,0,0.0,1,2,1,0,0,0,1,0,0,1,0,0,0,medio_baixo
6,10000.0,123,0.7235772357723578,8,2,1,0,0,0,0,1,1,0,0,0,0,gratuito
7,10000.0,1,1.0,1,2,1,0,0,0,1,0,0,0,0,1,0,medio_baixo
1,0.0,0,0.0,1,3,1,0,1,0,0,0,1,1,0,0,0,gratuito
3,0.0,0,0.0,103,3,1,0,0,0,1,0,1,0,0,1,0,gratuito
1,0.0,0,0.0,0,0,1,0,0,0,0,0,0,0,0,0,0,gratuito
1,0.0,0,0.0,1,3,1,0,0,0,1,0,1,1,0,0,0,medio_baixo
11,10000.0,123,0.7723577235772358,1,3,1,0,0,1,1,0,1,0,1,0,0,medio_baixo
1,10000.0,2,1.0,4,3,1,1,0,0,1,0,0,1,0,1,0,medio_alto
6,150000.0,1975,0.7554430379746836,2,6,1,0,0,1,1,1,1,1,1,1,0,baixo
2,10000.0,47,0.8936170212765957,3,4,1,1,0,0,1,0,1,0,0,0,0,gratuito
10,10000.0,9,0.2222222222222222,1,6,1,0,0,0,1,1,0,1,0,0,1,alto
10,35000.0,48,0.625,1,2,1,0,0,0,0,0,1,1,0,0,0,baixo
2,0.0,0,0.0,0,0,1,0,0,0,0,0,0,0,0,0,0,gratuito
1,0.0,0,0.0,0,0,1,0,0,0,0,0,0,0,0,0,0,gratuito
8,10000.0,10,0.7,1,2,1,0,0,1,1,0,0,1,0,0,0,baixo
1,10000.0,0,0.0,9,3,1,0,0,0,1,0,0,1,0,0,1,alto
3,10000.0,0,0.0,2,4,1,0,0,0,1,1,1,1,0,0,0,baixo
3,10000.0,293,0.8293515358361775,10,5,1,0,0,0,1,1,1,0,1,0,1,medio_alto
4,10000.0,19,0.7894736842105263,1,6,1,0,0,0,1,0,1,0,1,1,1,gratuito
1,0.0,0,0.0,2,5,1,0,0,0,1,0,1,1,1,0,0,gratuito
1,0.0,0,0.0,0,0,1,0,0,0,0,0,0,0,0,0,0,gratuito
7,10000.0,25,0.68,3,2,1,0,0,0,1,0,0,1,0,0,0,medio_baixo
6,10000.0,11,0.7272727272727273,1,4,1,1,1,0,1,0,1,1,1,0,0,medio_alto
9,350000.0,3116,0.8234916559691913,1,6,1,0,0,1,1,1,1,1,0,1,1,baixo
3,10000.0,6,1.0,2,2,1,0,0,0,1,0,0,1,0,0,0,baixo
7,10000.0,78,0.9358974358974359,2,3,1,0,0,0,1,1,1,0,0,0,0,baixo
8,10000.0,37,0.16216216216216217,5,3,1,0,0,0,1,1,1,0,0,0,0,baixo
3,0.0,0,0.0,1,1,1,0,0,0,0,1,0,0,0,0,0,gratuito
5,10000.0,147,0.8299319727891157,1,5,1,0,0,0,1,0,1,1,0,0,1,medio_baixo
2,0.0,0,0.0,0,0,1,0,0,0,0,0,0,0,0,0,0,gratuito
3,10000.0,7,0.7142857142857143,1,4,1,0,0,0,1,0,1,1,0,0,1,medio_alto
10,10000.0,317,0.9305993690851735,1,2,1,1,1,0,1,0,0,0,0,0,1,medio_alto
3,10000.0,122,0.5983606557377049,2,1,1,0,0,1,0,0,0,0,1,0,0,medio_alto
3,10000.0,0,0.0,1,3,1,1,1,0,1,0,0,1,0,0,1,baixo
2,10000.0,0,0.0,1,4,1,0,0,0,1,0,1,0,0,1,0,alto
2,10000.0,0,0.0,38,2,1,0,0,0,1,0,0,1,0,0,0,baixo
2,10000.0,185,0.918918918918919,1,1,1,0,0,1,0,0,0,0,1,0,0,alto
4,35000.0,54,0.5370370370370371,18,4,1,0,0,0,1,1,1,0,0,0,0,medio_baixo
1,350000.0,6242,0.656360140980455,5,2,1,0,0,0,0,0,0,0,1,0,0,alto
13,35000000.0,757086,0.639912770808072,18,4,1,1,1,40,0,1,0,0,0,0,1,gratuito
2,10000.0,0,0.0,2,3,1,0,0,0,0,0,0,1,0,0,1,gratuito
3,10000.0,44,0.9318181818181818,6,2,1,0,0,1,1,0,1,0,0,0,0,medio_alto
3,35000.0,21,0.9047619047619048,7,3,1,0,0,0,1,1,0,1,0,0,0,baixo
1,10000.0,0,0.0,2,4,1,0,0,0,1,0,1,0,0,0,1,medio_baixo
3,150000.0,4217,0.690538297367797,13,1,1,0,0,58,0,1,0,0,0,0,0,alto
3,0.0,0,0.0,0,0,1,0,0,0,0,0,0,0,0,0,0,gratuito
3,35000.0,5,0.6,30,2,1,0,0,1,1,1,0,0,0,0,0,medio_alto
7,10000.0,2,1.0,1,4,1,0,0,0,1,0,0,1,0,0,1,medio_baixo
8,10000.0,16,0.9375,2,3,1,0,0,1,1,0,0,1,0,1,0,medio_alto
5,10000.0,26,0.5769230769230769,11,2,1,0,0,0,1,1,0,0,0,0,0,alto
5,35000.0,77,0.7922077922077922,5,3,1,0,0,0,1,1,1,0,0,0,0,gratuito
7,10000.0,6,0.8333333333333334,1,5,1,0,0,0,1,1,1,1,0,0,0,alto
1,10000.0,22,0.9545454545454546,4,3,1,1,1,0,1,0,1,1,0,0,0,medio_baixo
1,10000.0,0,0.0,1,2,1,0,0,0,1,0,0,0,0,0,1,medio_alto
1,0.0,0,0.0,43,4,1,0,0,1,1,1,1,0,0,0,1,alto
2,10000.0,40,0.9,2,2,1,0,0,0,1,0,1,0,0,0,0,alto
7,35000.0,23,0.5217391304347826,1,6,1,0,0,0,1,1,1,1,0,0,0,baixo
1,10000.0,0,0.0,2,4,1,0,0,1,1,0,1,1,0,0,1,alto
6,10000.0,6,0.8333333333333334,1,2,1,0,0,0,1,1,0,0,0,0,0,baixo
6,10000.0,6,0.6666666666666666,2,3,1,0,0,0,1,1,0,1,0,0,0,alto
2,0.0,0,0.0,1,2,1,1,0,0,1,0,0,0,0,1,0,gratuito
10,75000.0,412,0.9344660194174758,1,2,1,0,0,1,0,0,0,0,0,0,1,gratuito
2,10000.0,0,0.0,9,1,1,0,0,0,1,0,0,0,0,0,0,medio_alto
1,0.0,0,0.0,2,1,1,0,0,0,0,0,0,1,0,0,0,alto
4,10000.0,18,0.6666666666666666,1,3,1,0,0,0,1,1,0,1,0,0,0,baixo
9,10000.0,39,0.6923076923076923,1,2,1,0,0,0,0,0,0,0,0,0,1,gratuito
6,10000.0,0,0.0,1,5,1,0,0,6,0,0,1,1,1,1,1,baixo
4,10000.0,30,0.9666666666666667,1,2,1,0,1,0,1,1,0,0,0,0,0,medio_baixo
1,0.0,0,0.0,30,3,1,0,0,0,1,0,0,1,0,0,0,baixo
1,10000.0,0,0.0,1,3,1,0,0,0,0,1,0,1,0,1,0,medio_alto
3,0.0,0,0.0,1,2,1,1,1,0,1,0,1,0,0,0,0,gratuito
4,10000.0,28,0.6785714285714286,1,3,1,0,0,0,1,1,0,0,0,0,0,alto
11,10000.0,2,1.0,1,2,1,0,0,0,1,1,0,0,0,0,0,medio_alto
8,35000.0,4,0.5,1,2,1,0,0,0,0,0,0,1,0,0,1,medio_baixo
1,10000.0,0,0.0,8,4,1,0,0,0,1,1,1,0,0,0,0,alto
1,0.0,0,0.0,6,4,1,0,0,0,0,0,0,1,0,1,1,alto
3,10000.0,2,0.5,2,3,1,0,0,0,0,0,1,1,0,1,0,medio_alto
3,10000.0,5,0.8,1,5,1,0,0,0,1,0,1,1,1,0,1,alto
4,10000.0,4,0.5,1,2,1,0,0,0,0,1,1,0,0,0,0,medio_alto
3,75000.0,278,0.7302158273381295,11,4,1,0,0,4,1,1,1,0,1,0,0,medio_alto
10,35000.0,75,0.9333333333333333,2,3,1,0,0,0,1,1,0,1,0,0,0,baixo
10,150000.0,601,0.8352745424292846,5,3,1,0,1,2,1,0,0,1,0,0,1,medio_alto
2,10000.0,1,1.0,5,3,1,0,0,0,1,1,0,1,0,0,0,alto
4,350000.0,2161,0.8690421101341971,8,3,1,1,0,1,1,0,1,0,0,0,1,medio_alto
3,10000.0,72,0.9027777777777778,8,1,1,0,0,1,0,0,1,0,0,0,0,alto
9,10000.0,76,0.8157894736842105,1,3,1,0,0,0,1,1,1,0,0,0,0,baixo
10,10000.0,6,0.3333333333333333,1,3,1,0,0,0,1,1,0,1,0,0,0,baixo
5,35000.0,2,1.0,1,4,1,0,0,0,1,0,1,1,0,1,0,baixo
5,10000.0,39,0.5384615384615384,2,3,1,0,0,0,0,0,0,1,1,0,1,medio_alto
1,0.0,0,0.0,1,3,1,0,0,0,0,0,0,1,0,1,0,gratuito
3,10000.0,4,1.0,2,4,1,1,0,0,1,1,1,0,0,1,0,medio_baixo
9,10000.0,31,0.5161290322580645,1,3,1,1,1,1,1,0,1,0,1,0,0,medio_alto
4,10000.0,19,0.7368421052631579,1,8,1,0,0,0,1,1,1,1,0,1,1,baixo
2,10000.0,0,0.0,2,2,1,1,0,0,1,0,0,1,0,0,0,medio_baixo
1,10000.0,0,0.0,1,3,1,0,0,0,1,1,1,0,0,0,0,medio_alto
1,10000.0,5,1.0,4,2,1,0,0,0,0,0,0,0,0,1,1,medio_baixo
2,0.0,0,0.0,1,3,1,0,0,0,1,0,0,1,0,0,0,gratuito
5,0.0,0,0.0,0,0,1,0,0,0,0,0,0,0,0,0,0,gratuito
10,35000.0,100,0.8,9,1,1,0,0,0,0,0,0,0,0,0,0,gratuito
1,0.0,0,0.0,27,2,1,1,1,0,1,0,0,0,0,0,1,baixo
2,10000.0,6,1.0,5,1,1,0,0,0,0,0,0,1,0,0,0,medio_baixo
4,10000.0,55,0.4727272727272727,10,5,1,1,0,0,1,0,1,1,1,1,0,medio_baixo
6,10000.0,8,0.875,3,1,1,0,0,0,0,0,0,1,0,0,0,medio_alto
8,10000.0,17,0.7647058823529411,1,4,1,0,0,1,1,1,0,1,0,0,1,baixo
10,35000.0,189,0.7777777777777778,4,4,1,1,0,0,1,0,0,1,0,0,0,medio_baixo
3,10000.0,1,1.0,1,4,1,0,0,0,1,0,1,0,1,0,1,alto
4,10000.0,160,0.88125,1,3,1,0,0,0,1,0,0,0,0,0,1,alto
1,10000.0,0,0.0,2,3,1,0,0,0,1,1,1,0,0,0,0,medio_baixo
2,35000.0,590,0.7932203389830509,6,5,1,0,0,1,1,1,1,0,1,0,0,alto
4,10000.0,33,0.8484848484848485,2,3,1,0,0,0,1,0,1,0,0,0,1,alto
5,10000.0,0,0.0,5,4,1,0,0,0,1,0,1,1,1,0,0,medio_baixo
1,10000.0,0,0.0,1,1,1,0,0,0,0,1,0,0,0,0,0,baixo
3,0.0,0,0.0,0,0,1,0,0,0,0,0,0,0,0,0,0,gratuito
2,0.0,0,0.0,0,0,1,0,0,0,0,0,0,0,0,0,0,gratuito
12,150000.0,916,0.7205240174672489,2,2,1,0,0,0,0,1,1,0,0,0,0,medio_alto
9,10000.0,52,0.28846153846153844,2,2,1,0,0,0,1,0,1,0,0,0,0,baixo
1,35000.0,101,0.8910891089108911,8,2,1,1,0,0,1,0,0,0,0,1,0,medio_alto
13,35000.0,52,0.40384615384615385,1,1,1,1,1,0,0,0,0,0,0,0,0,gratuito
6,75000.0,242,0.8305785123966942,29,3,1,0,0,1,1,1,1,0,0,0,0,medio_alto
18,10000.0,48,0.2916666666666667,1,1,1,0,0,0,0,0,0,0,0,0,0,medio_baixo
1,10000.0,0,0.0,1,2,1,0,0,0,1,0,0,0,0,1,0,baixo
8,10000.0,33,0.24242424242424243,3,4,1,0,0,0,1,0,0,0,0,1,1,baixo
8,10000.0,25,0.84,5,2,1,1,0,1,1,0,1,0,0,0,0,medio_alto
9,10000.0,15,0.9333333333333333,1,2,1,0,0,0,1,0,1,0,0,0,0,medio_baixo
9,10000.0,3,0.6666666666666666,1,4,1,0,0,0,0,1,0,1,0,0,0,alto
2,75000.0,46,0.6739130434782609,2,2,1,0,0,0,0,0,1,0,1,0,0,alto
8,10000.0,15,0.4666666666666667,1,6,1,0,0,0,1,1,1,0,1,0,0,gratuito
12,75000.0,122,0.7213114754098361,2,1,1,0,0,0,0,0,0,0,1,0,0,baixo
9,10000.0,25,0.92,1,2,1,1,1,0,1,0,1,0,0,0,0,medio_baixo
8,10000.0,25,0.36,1,6,1,0,0,1,1,1,1,0,1,0,0,medio_baixo
1,10000.0,0,0.0,1,2,1,0,0,0,1,0,0,0,0,0,0,medio_alto
17,35000.0,221,0.9321266968325792,1,1,1,0,0,0,0,0,1,0,0,0,0,medio_alto
2,10000.0,5,0.8,4,2,1,0,0,0,1,1,0,0,0,0,0,medio_baixo
5,10000.0,47,0.8297872340425532,103,3,1,0,0,1,1,1,0,1,0,0,0,baixo
5,10000.0,1,1.0,5,5,1,0,0,0,1,1,1,0,1,0,0,alto
1,0.0,0,0.0,2,3,1,0,0,0,1,1,0,0,0,0,0,gratuito
6,10000.0,17,0.9411764705882353,2,3,1,1,0,1,1,1,0,1,0,0,0,alto
9,35000.0,530,0.9150943396226415,1,4,1,0,0,2,1,0,1,0,1,1,0,baixo
2,35000.0,3,1.0,2,2,1,0,0,0,1,1,0,0,0,0,0,baixo
8,35000.0,97,0.7835051546391752,5,4,1,1,0,0,1,0,1,1,0,1,0,baixo
1,0.0,0,0.0,0,0,1,0,0,0,0,0,0,0,0,0,0,gratuito
8,35000.0,17,0.7058823529411765,6,2,1,0,0,0,1,0,0,1,0,0,0,baixo
1,0.0,0,0.0,1,3,1,0,0,1,1,1,0,0,1,0,0,gratuito
1,10000.0,0,0.0,11,1,1,0,0,0,0,0,0,1,0,0,0,medio_baixo
14,150000.0,499,0.7314629258517034,5,3,1,1,1,1,1,1,0,0,0,0,1,alto
1,0.0,0,0.0,1,3,1,0,0,0,1,1,0,0,0,0,0,baixo
8,10000.0,104,0.9615384615384616,2,3,1,1,1,0,1,0,0,1,0,0,1,medio_baixo
2,0.0,0,0.0,1,2,1,1,1,2,1,0,0,0,0,0,0,gratuito
2,10000.0,12,0.6666666666666666,7,2,1,0,0,0,1,1,0,0,0,0,0,medio_baixo
7,10000.0,0,0.0,1,1,1,0,0,0,0,0,0,0,0,0,1,medio_baixo
4,10000.0,10,0.9,1,5,1,0,0,0,1,1,1,1,1,0,0,medio_alto
2,10000.0,2,1.0,2,4,1,0,0,0,1,1,1,0,1,0,0,baixo
7,35000.0,54,0.9629629629629629,13,2,1,1,0,0,0,0,1,1,0,0,0,alto
4,35000.0,1091,0.768102658111824,11,2,1,0,0,0,1,1,0,0,0,0,0,alto
3,10000.0,7,1.0,2,4,1,1,0,0,1,0,1,1,0,0,0,alto
1,0.0,0,0.0,0,0,1,0,0,0,0,0,0,0,0,0,0,gratuito
2,10000.0,7,1.0,2,5,1,1,0,0,1,0,1,1,1,0,0,medio_alto
5,10000.0,12,0.9166666666666666,3,2,1,1,0,0,0,0,0,1,0,1,0,baixo
7,35000.0,1,1.0,1,5,1,0,0,0,1,1,1,1,1,0,0,alto
8,75000.0,863,0.7821552723059096,1,4,1,0,0,1,1,0,0,1,0,1,1,baixo
1,10000.0,0,0.0,1,3,1,1,1,0,1,1,1,0,0,0,0,medio_alto
7,10000.0,23,0.8695652173913043,9,2,1,0,0,0,1,1,0,0,0,0,0,baixo
7,10000.0,19,0.6842105263157895,1,2,1,0,0,0,0,0,0,1,0,0,1,gratuito
4,10000.0,45,1.0,1,3,1,0,0,0,0,0,0,1,0,0,1,medio_alto
5,75000.0,3,0.3333333333333333,2,3,1,0,0,0,1,0,1,0,1,0,0,medio_baixo
6,10000.0,44,0.5681818181818182,2,1,1,0,0,0,0,0,1,0,0,0,0,medio_baixo
1,10000.0,0,0.0,1,3,1,0,0,0,1,1,0,0,0,0,0,alto
5,10000.0,0,0.0,1,2,1,0,0,0,0,0,1,0,0,1,0,medio_alto
9,1500000.0,26131,0.9375837128315028,9,3,1,0,0,1,0,1,1,1,0,0,0,medio_alto
2,10000.0,3,1.0,6,3,1,0,0,0,1,1,0,0,1,0,0,medio_baixo
1,10000.0,9,1.0,1,3,1,0,0,0,0,0,1,1,0,0,1,medio_baixo
4,10000.0,14,0.6428571428571429,1,3,1,0,0,0,1,0,0,0,0,1,1,baixo
1,10000.0,239,0.7949790794979079,1,3,1,0,0,1,1,0,1,0,0,0,1,alto
2,0.0,0,0.0,0,0,1,0,0,0,0,0,0,0,0,0,0,gratuito
1,0.0,0,0.0,1,5,1,0,0,0,1,1,1,1,0,0,0,gratuito
1,0.0,0,0.0,1,2,1,0,0,0,0,1,0,0,0,0,0,gratuito
1,10000.0,7,0.5714285714285714,11,4,1,0,0,0,1,0,1,0,0,0,1,alto
7,10000.0,14,0.35714285714285715,1,4,1,0,0,0,1,0,0,1,0,0,1,baixo
4,10000.0,14,0.5714285714285714,1,1,1,1,1,0,1,0,0,0,0,0,0,gratuito
1,10000.0,0,0.0,14,5,1,0,0,0,1,1,1,0,1,0,0,alto
2,10000.0,17,0.8235294117647058,1,6,1,0,0,0,0,1,1,1,0,1,1,baixo
6,10000.0,3,0.6666666666666666,1,5,1,0,0,0,1,1,1,0,0,1,0,medio_alto
7,10000.0,28,0.8571428571428571,2,7,1,0,0,0,1,1,1,0,0,1,1,alto
1,0.0,0,0.0,1,4,1,0,0,0,1,1,1,0,1,0,0,medio_alto
10,35000.0,255,0.796078431372549,3,2,1,0,0,0,1,0,0,1,0,0,0,baixo
8,35000.0,12,0.4166666666666667,1,3,1,0,0,0,1,1,0,1,0,0,0,baixo
2,10000.0,26,0.6923076923076923,2,5,1,0,0,0,1,1,1,0,0,1,1,medio_baixo
3,10000.0,128,0.8359375,6,3,1,0,0,1,1,1,1,0,0,0,0,alto
2,10000.0,17,1.0,2,2,1,0,0,0,1,1,0,0,0,0,0,medio_baixo
2,10000.0,0,0.0,1,2,1,1,0,1,1,0,0,1,0,0,0,baixo
1,75000.0,497,0.9979879275653923,11,4,1,1,1,1,1,0,1,0,0,0,1,medio_alto
5,75000.0,724,0.919889502762431,1,3,1,0,0,0,0,0,0,0,0,1,0,gratuito
7,150000.0,2492,0.9285714285714286,1,5,1,0,0,2,1,0,1,0,1,0,1,gratuito
11,150000.0,1718,0.919674039580908,4,1,1,0,0,0,0,1,0,0,0,0,0,medio_baixo
2,10000.0,18,0.8888888888888888,2,4,1,0,0,0,1,0,1,0,0,1,1,medio_alto
5,10000.0,38,0.5,1,2,1,0,0,0,0,0,0,0,1,0,0,alto
1,0.0,0,0.0,1,1,1,0,0,1,0,1,0,0,0,0,0,medio_baixo
1,10000.0,0,0.0,7,3,1,0,0,0,1,1,0,1,0,0,0,medio_alto
15,75000.0,2106,0.9852801519468186,8,2,1,0,0,5,0,1,1,0,0,0,0,gratuito
1,10000.0,41,0.8536585365853658,5,4,1,0,0,0,1,0,0,1,0,0,1,alto
2,10000.0,0,0.0,29,2,1,0,0,0,1,0,0,1,0,0,0,medio_alto
4,0.0,0,0.0,1,3,1,0,0,0,1,1,1,0,0,0,0,gratuito
4,0.0,0,0.0,1,3,1,0,0,0,0,0,0,1,0,0,0,gratuito
1,10000.0,1,1.0,3,3,1,0,0,0,1,0,0,0,0,1,1,medio_alto
2,10000.0,0,0.0,1,3,1,0,0,0,1,0,0,1,0,1,0,gratuito
6,10000.0,136,0.9485294117647058,1,3,1,0,0,2,1,1,0,0,0,1,0,medio_baixo
5,10000.0,77,0.9090909090909091,10,1,1,0,0,2,1,0,0,0,0,0,0,medio_alto
9,10000.0,3,0.6666666666666666,1,2,1,0,0,0,1,0,0,0,0,0,1,alto
8,10000.0,1,0.0,1,2,1,0,0,0,1,0,0,0,1,0,0,alto
8,10000.0,37,0.8918918918918919,1,1,1,1,0,0,0,1,0,0,0,0,0,medio_baixo
3,150000.0,2204,0.6129764065335753,5,1,1,0,0,0,0,1,0,0,0,0,0,alto
2,10000.0,16,1.0,2,2,1,0,0,0,1,0,0,1,0,0,0,medio_baixo
13,350000.0,2801,0.9214566226347733,6,2,1,1,1,6,1,1,0,0,0,0,0,baixo
1,0.0,0,0.0,2,5,1,0,0,0,1,1,1,1,0,0,0,medio_baixo
1,10000.0,0,0.0,38,2,1,0,0,0,1,0,0,1,0,0,0,baixo
8,10000.0,0,0.0,1,0,1,0,0,0,0,0,0,0,0,0,0,medio_baixo
3,0.0,0,0.0,25,5,1,0,0,0,0,1,0,1,0,1,0,gratuito
7,10000.0,22,0.9545454545454546,1,4,1,1,0,0,1,0,0,0,0,1,1,medio_alto
12,750000.0,3745,0.6218958611481976,13,5,1,0,0,2,1,1,1,0,1,1,0,baixo
4,0.0,0,0.0,0,0,1,0,0,0,0,0,0,0,0,0,0,gratuito
7,10000.0,9,0.8888888888888888,1,3,1,0,0,0,1,1,0,0,1,0,0,medio_alto
4,750000.0,29689,0.9006702819225976,22,1,1,0,0,0,0,0,1,0,0,0,0,alto
6,10000.0,19,0.8947368421052632,1,4,1,1,0,0,1,1,0,0,1,0,0,medio_baixo
6,10000.0,208,0.4855769230769231,7,4,1,1,0,1,1,1,0,0,1,1,0,medio_baixo
2,0.0,0,0.0,0,0,1,0,0,0,0,0,0,0,0,0,0,gratuito
4,10000.0,8,0.875,2,2,1,0,0,0,0,1,0,0,0,0,0,medio_alto
1,0.0,0,0.0,2,3,1,0,0,0,0,1,0,0,0,0,0,gratuito
3,10000.0,10,0.7,5,5,1,0,0,0,0,1,1,1,1,0,1,medio_alto
3,10000.0,1,0.0,1,1,1,0,0,0,0,0,0,1,0,0,0,alto
2,10000.0,0,0.0,1,2,1,0,0,0,0,1,0,0,1,0,0,medio_baixo
3,0.0,0,0.0,1,3,1,0,0,0,1,0,1,0,0,0,0,gratuito
9,150000.0,2002,0.5474525474525475,1,1,1,0,0,0,0,0,0,0,0,0,1,medio_baixo
1,10000.0,14,0.8571428571428571,1,6,1,0,0,0,1,1,1,0,1,0,1,medio_baixo
5,35000.0,15,1.0,1,2,1,0,0,0,0,0,0,1,0,1,0,baixo
1,0.0,0,0.0,1,2,1,1,1,0,1,0,0,0,0,0,0,gratuito
9,10000.0,22,0.5909090909090909,1,5,1,0,0,0,1,1,1,0,0,0,1,medio_alto
6,10000.0,22,0.5,1,4,1,0,0,0,1,1,1,1,0,0,0,baixo
2,350000.0,4067,0.8345217605114335,7,2,1,0,0,1,0,0,1,0,1,0,0,alto
1,10000.0,0,0.0,3,3,1,1,1,0,1,1,0,1,0,0,0,baixo
1,10000.0,0,0.0,25,2,1,1,0,0,0,0,1,1,0,0,0,medio_alto
4,10000.0,5,0.8,21,5,1,0,0,0,1,1,0,0,0,1,0,alto
2,10000.0,1,1.0,1,3,1,0,0,0,1,0,1,1,0,0,0,alto
6,35000.0,27,0.7037037037037037,1,3,1,0,0,0,1,1,1,0,0,0,0,gratuito
6,10000.0,2,1.0,3,3,1,0,0,0,1,0,0,1,1,0,0,baixo
11,350000.0,3347,0.8497161637287123,3,4,1,0,0,7,0,1,1,1,1,0,0,alto
3,10000.0,304,0.7171052631578947,6,4,1,1,0,2,0,1,1,0,1,0,0,gratuito
10,750000.0,2061,0.6918971373119844,4,1,1,0,0,0,0,0,0,0,0,0,0,alto
7,35000.0,134,0.7835820895522388,1,5,1,0,0,0,1,1,1,1,0,0,0,medio_baixo
2,0.0,0,0.0,1,3,1,0,0,0,0,0,1,0,0,1,0,gratuito
1,0.0,0,0.0,1,5,1,0,0,0,1,1,0,0,0,1,0,gratuito
7,10000.0,7,0.8571428571428571,5,1,1,0,0,0,0,0,0,1,0,0,0,alto
8,75000.0,895,0.9564245810055866,4,1,1,1,0,0,0,0,1,0,0,0,0,medio_baixo
1,0.0,0,0.0,4,5,1,0,0,0,1,0,1,1,1,0,0,gratuito
7,10000.0,87,0.5517241379310345,1,5,1,0,0,0,1,1,1,0,1,0,0,alto
2,10000.0,3,1.0,5,3,1,0,0,0,1,1,0,1,0,0,0,medio_baixo
10,10000.0,24,0.5833333333333334,1,3,1,0,0,0,0,1,1,0,0,0,0,alto
2,0.0,0,0.0,0,0,1,0,0,0,0,0,0,0,0,0,0,gratuito
4,0.0,0,0.0,1,6,1,0,0,0,1,0,1,1,0,1,1,gratuito
13,750000.0,1113,0.8975741239892183,1,3,1,1,1,0,1,1,1,0,0,0,0,alto
5,0.0,0,0.0,3,3,1,0,0,0,1,1,0,0,0,0,0,gratuito
10,10000.0,8,0.75,1,2,1,1,0,0,1,0,0,1,0,0,0,medio_alto
9,10000.0,140,0.7642857142857142,1,2,1,1,1,1,1,1,0,0,0,0,0,medio_baixo
6,350000.0,3078,0.9610136452241715,4,3,1,0,0,5,1,0,1,1,0,0,0,alto
7,10000.0,62,0.5,7,1,1,0,0,0,0,0,0,0,0,0,0,medio_baixo
1,0.0,0,0.0,1,1,1,0,0,0,0,0,0,0,0,1,0,medio_baixo
1,0.0,0,0.0,14,3,1,0,0,1,1,0,0,1,0,0,0,gratuito
5,350000.0,8773,0.964322352672974,4,2,1,1,0,7,1,0,1,0,0,0,0,alto
7,10000.0,10,0.9,5,1,1,0,0,0,0,0,1,0,0,0,0,baixo
3,0.0,0,0.0,0,0,1,0,0,0,0,0,0,0,0,0,0,gratuito
2,10000.0,0,0.0,1,2,1,0,0,0,1,0,0,0,0,0,0,baixo
5,10000.0,4,0.5,1,1,1,0,0,0,1,0,0,0,0,0,0,medio_baixo
8,10000.0,23,0.9130434782608695,1,3,1,1,0,0,1,1,0,1,0,0,0,gratuito
1,10000.0,0,0.0,1,4,1,0,0,0,1,1,0,1,0,1,0,medio_baixo
10,35000.0,7,0.5714285714285714,1,4,1,1,0,2,0,0,0,1,1,1,0,medio_alto
1,10000.0,21,0.9523809523809523,1,4,1,0,0,0,1,1,1,0,1,0,0,baixo
1,10000.0,8,1.0,1,5,1,0,0,0,1,1,0,1,0,0,1,medio_alto
4,0.0,0,0.0,1,1,1,0,0,0,0,1,0,0,0,0,0,gratuito
9,35000.0,142,0.3028169014084507,1,1,1,0,0,0,1,0,0,0,0,0,0,baixo
8,10000.0,7,1.0,1,4,1,0,0,0,1,1,0,0,0,0,1,alto
3,10000.0,12,1.0,2,5,1,0,0,1,1,1,1,1,0,0,0,medio_alto
4,10000.0,0,0.0,1,1,1,0,0,0,1,0,0,0,0,0,0,alto
1,10000.0,1,0.0,4,2,1,0,0,0,1,0,1,0,0,0,0,baixo
4,35000.0,35,0.8571428571428571,1,3,1,0,0,0,1,1,0,0,0,0,0,medio_alto
1,10000.0,66,0.8484848484848485,2,3,1,0,0,0,0,0,0,0,0,0,0,alto
6,10000.0,6,1.0,1,1,1,0,0,0,0,0,0,1,0,0,0,baixo
7,10000.0,25,0.52,1,5,1,0,0,1,1,0,1,1,1,1,0,baixo
1,0.0,0,0.0,6,2,1,0,0,2,0,0,1,0,1,0,0,alto
2,0.0,0,0.0,1,4,1,0,0,0,1,1,1,0,0,0,0,gratuito
8,10000.0,14,0.7142857142857143,1,2,1,1,1,0,1,0,0,1,0,0,0,medio_alto
2,10000.0,1,1.0,1,3,1,0,0,0,1,0,0,1,0,1,0,medio_alto
3,10000.0,5,0.8,1,2,1,0,0,0,1,0,0,0,0,1,0,baixo
2,10000.0,0,0.0,4,3,1,0,0,0,0,0,0,1,1,0,1,medio_alto
8,350000.0,1209,0.7841191066997518,9,2,1,0,0,8,1,1,0,0,0,0,0,medio_alto
1,10000.0,0,0.0,1,2,1,1,1,0,1,0,0,1,0,0,0,alto
9,10000.0,18,0.4444444444444444,3,1,1,0,0,0,0,0,1,0,0,0,0,alto
2,10000.0,0,0.0,1,3,1,0,0,0,0,0,0,1,0,1,0,gratuito
2,10000.0,283,0.5265017667844523,4,5,1,0,0,0,1,1,0,1,1,0,1,medio_alto
1,0.0,0,0.0,0,0,1,0,0,0,0,0,0,0,0,0,0,gratuito
1,0.0,0,0.0,1,2,1,1,0,0,1,0,1,0,0,0,0,alto
2,35000.0,129,0.8449612403100775,12,3,1,1,1,0,1,0,0,0,0,1,1,medio_alto
9,10000.0,2,0.0,1,1,1,0,0,0,0,0,0,0,0,0,0,alto
3,0.0,0,0.0,30,4,1,0,0,0,1,0,1,1,0,0,1,medio_alto
1,10000.0,0,0.0,4,2,1,0,0,0,0,1,0,1,0,0,0,medio_alto
1,10000.0,0,0.0,1,7,1,0,0,0,1,1,1,1,1,0,1,baixo
10,35000.0,63,0.9682539682539683,6,1,1,0,0,0,1,0,0,0,0,0,0,baixo
3,10000.0,0,0.0,2,4,1,0,0,0,1,1,1,0,1,0,0,medio_alto
11,35000.0,443,0.8465011286681715,2,3,1,1,1,0,1,1,0,0,0,0,0,baixo
3,10000.0,427,0.9250585480093677,1,2,1,0,0,1,1,1,0,0,0,0,0,alto
1,10000.0,0,0.0,7,5,1,0,0,2,0,0,0,1,0,1,1,alto
10,35000.0,34,0.8823529411764706,2,2,1,0,1,0,1,1,0,0,0,0,0,medio_alto
2,10000.0,45,0.7555555555555555,16,2,1,1,0,0,0,0,0,1,0,1,0,medio_alto
3,10000.0,570,0.9298245614035088,2,1,1,0,1,1,0,0,1,0,0,0,0,medio_alto
1,10000.0,0,0.0,27,2,1,1,1,0,1,0,0,0,0,0,1,baixo
2,10000.0,5,1.0,1,3,1,0,1,0,1,0,0,1,0,1,0,medio_baixo
1,0.0,0,0.0,0,0,1,0,0,0,0,0,0,0,0,0,0,gratuito
7,35000.0,241,0.8713692946058091,5,1,1,1,0,0,1,0,0,0,0,0,0,baixo
2,10000.0,5,1.0,1,4,1,1,1,0,1,0,0,1,0,0,1,gratuito
1,10000.0,7,0.7142857142857143,2,2,1,0,0,0,0,0,1,0,0,0,1,baixo
8,35000.0,167,0.8383233532934131,5,3,1,0,0,1,1,0,0,1,0,0,1,alto
2,0.0,0,0.0,2,3,1,0,0,0,1,1,0,0,0,0,0,gratuito
3,10000.0,22,0.8181818181818182,18,4,1,1,1,0,0,1,1,1,0,0,0,alto
1,0.0,0,0.0,2,2,1,0,0,0,1,0,0,1,0,0,0,alto
10,10000.0,12,0.6666666666666666,1,2,1,0,0,0,1,0,0,1,0,0,0,medio_baixo
11,35000.0,171,0.7251461988304093,2,4,1,1,1,0,1,1,0,1,0,1,0,medio_alto
1,0.0,0,0.0,0,0,1,0,0,0,0,0,0,0,0,0,0,gratuito
2,10000.0,2,0.5,1,1,1,0,0,1,0,0,0,0,0,1,0,baixo
1,0.0,0,0.0,0,0,1,0,0,0,0,0,0,0,0,0,0,gratuito
3,10000.0,7,0.7142857142857143,9,3,1,0,0,0,1,0,0,1,0,0,1,medio_baixo
2,10000.0,5,0.6,1,4,1,0,0,0,1,1,1,0,0,0,0,alto
2,150000.0,703,0.9644381223328592,5,3,1,1,0,0,1,0,1,0,0,0,1,medio_baixo
7,10000.0,1,0.0,1,4,1,0,0,0,1,1,1,0,0,0,1,alto
6,10000.0,176,0.9545454545454546,8,3,1,0,0,3,1,1,1,0,0,0,0,alto
6,75000.0,188,0.9042553191489362,1,4,1,0,0,0,1,1,0,1,0,0,0,gratuito
1,0.0,0,0.0,1,5,1,0,0,0,1,1,1,0,1,0,0,gratuito
6,10000.0,21,0.9523809523809523,7,3,1,0,0,0,1,1,0,1,0,0,0,medio_baixo
5,35000.0,2,1.0,7,2,1,0,0,0,1,0,0,1,0,0,0,medio_baixo
8,10000.0,26,0.7692307692307693,1,2,1,0,0,0,0,0,1,1,0,0,0,medio_alto
5,10000.0,49,0.9387755102040817,1,1,1,0,0,0,0,1,0,0,0,0,0,medio_alto
2,35000.0,213,0.7183098591549296,7,5,1,1,0,0,1,0,0,1,0,1,1,alto
2,0.0,0,0.0,0,0,1,0,0,0,0,0,0,0,0,0,0,gratuito
3,350000.0,11697,0.523211079764042,1,5,1,0,0,1,1,1,1,1,0,0,0,gratuito
1,10000.0,0,0.0,15,3,1,1,1,0,1,0,1,1,0,0,0,medio_baixo
4,35000.0,47,0.7659574468085106,1,2,1,1,0,0,1,0,0,0,0,1,0,medio_baixo
9,10000.0,8,0.625,4,1,1,0,0,0,0,1,0,0,0,0,0,medio_baixo
2,0.0,0,0.0,30,4,1,1,1,0,1,0,1,1,0,0,1,medio_alto
4,10000.0,0,0.0,1,1,1,0,0,0,1,0,0,0,0,0,0,medio_baixo
2,10000.0,22,0.9090909090909091,2,6,1,0,0,0,1,0,1,1,1,1,0,gratuito
1,10000.0,0,0.0,4,3,1,0,1,0,1,1,1,0,0,0,0,medio_baixo
5,10000.0,18,1.0,1,5,1,0,1,0,1,1,1,1,1,0,0,baixo
1,10000.0,34,0.8823529411764706,30,4,1,0,0,0,1,1,0,1,0,0,1,medio_baixo
1,10000.0,0,0.0,1,3,1,0,0,0,1,0,1,0,0,0,1,medio_alto
2,10000.0,33,0.9090909090909091,8,4,1,0,0,0,1,1,1,0,0,0,1,medio_alto
5,10000.0,25,0.88,1,1,1,1,1,1,0,0,0,0,0,0,1,alto
1,0.0,0,0.0,1,4,1,0,0,0,1,0,0,0,1,1,0,gratuito
6,10000.0,5,0.6,2,3,1,0,0,0,1,0,0,0,0,1,1,medio_alto
2,10000.0,42,0.5714285714285714,1,6,1,0,0,0,0,1,1,1,1,0,0,alto
3,10000.0,28,0.8928571428571429,1,1,1,0,0,0,0,0,1,0,0,0,0,medio_baixo
9,10000.0,18,0.6666666666666666,1,3,1,0,0,0,0,1,0,1,0,0,1,baixo
10,10000.0,7,0.7142857142857143,1,2,1,0,0,0,1,0,0,1,0,0,0,medio_baixo
1,0.0,0,0.0,1,4,1,0,0,0,1,1,0,1,0,0,0,gratuito
2,10000.0,152,0.8947368421052632,2,4,1,0,0,0,1,0,1,0,1,1,0,alto
3,10000.0,62,0.6935483870967742,3,4,1,0,0,0,1,1,1,0,0,0,0,medio_alto
3,0.0,0,0.0,2,3,1,0,0,0,1,1,0,0,0,0,0,gratuito
5,0.0,0,0.0,0,0,1,0,0,0,0,0,0,0,0,0,0,gratuito
7,10000.0,5,0.0,1,2,1,0,0,0,0,0,1,0,1,0,0,medio_baixo
2,0.0,0,0.0,1,4,1,0,1,0,0,0,0,1,0,1,0,gratuito
1,10000.0,0,0.0,27,1,1,0,0,0,0,0,0,1,0,0,0,baixo
3,10000.0,1,1.0,1,2,1,0,0,0,0,0,1,0,1,0,0,alto
2,10000.0,19,0.8947368421052632,1,2,1,0,0,0,1,0,1,0,0,0,0,medio_alto
2,10000.0,0,0.0,1,1,1,0,0,0,0,0,0,1,0,0,0,medio_alto
8,10000.0,30,0.43333333333333335,2,4,1,0,0,0,1,1,1,0,1,0,0,baixo
3,10000.0,0,0.0,11,2,1,1,1,0,1,0,0,0,0,0,0,alto
9,10000.0,16,0.6875,1,4,1,0,0,0,1,1,1,0,0,0,0,alto
6,10000.0,17,0.7647058823529411,2,6,1,0,0,0,1,1,0,1,0,1,1,baixo
2,10000.0,9,0.7777777777777778,1,2,1,0,0,0,0,1,1,0,0,0,0,baixo
8,35000.0,284,0.7464788732394366,5,3,1,1,0,0,1,1,0,1,0,0,0,baixo
7,10000.0,0,0.0,1,3,1,1,0,0,1,0,1,0,1,0,0,baixo
9,10000.0,22,0.9090909090909091,1,2,1,1,1,0,1,1,0,0,0,0,0,alto
9,150000.0,915,0.8316939890710382,9,2,1,0,0,5,1,1,0,0,0,0,0,medio_baixo
2,0.0,0,0.0,1,1,1,0,0,0,0,1,0,0,0,0,0,gratuito
8,35000.0,143,0.9020979020979021,1,4,1,0,0,0,1,0,1,1,0,0,0,gratuito
3,10000.0,256,0.89453125,1,2,1,0,0,0,1,0,0,0,1,0,0,medio_baixo
17,75000.0,289,0.8477508650519031,8,3,1,1,0,7,1,1,0,1,0,0,0,medio_alto
11,35000.0,138,0.8260869565217391,1,2,1,0,0,0,1,1,0,0,0,0,0,gratuito
3,10000.0,44,0.8181818181818182,3,3,1,0,0,0,1,0,0,0,1,1,0,baixo
6,10000.0,32,0.75,5,2,1,0,0,0,0,1,0,0,0,0,0,gratuito
4,35000.0,278,0.9064748201438849,4,3,1,0,0,0,1,0,0,1,1,0,0,baixo
2,0.0,0,0.0,0,0,1,0,0,0,0,0,0,0,0,0,0,gratuito
1,10000.0,11,0.6363636363636364,2,5,1,1,0,0,1,0,1,1,0,1,0,medio_alto
2,10000.0,119,0.6638655462184874,2,3,1,0,0,0,1,0,0,1,0,0,1,baixo
4,10000.0,0,0.0,1,2,1,1,1,0,0,0,0,0,1,0,0,alto
3,10000.0,25,0.8,3,2,1,0,0,0,0,1,1,0,0,0,0,medio_baixo
1,0.0,0,0.0,1,3,1,0,0,0,1,0,0,1,0,0,0,gratuito
1,0.0,0,0.0,1,3,1,0,0,0,0,0,0,0,1,1,0,gratuito
1,0.0,0,0.0,3,2,1,0,0,0,0,0,0,1,1,0,0,alto
9,10000.0,31,0.5806451612903226,3,2,1,1,0,0,1,0,1,0,0,0,0,medio_alto
6,150000.0,2857,0.9467973398669933,1,2,1,0,0,1,1,1,0,0,0,0,0,alto
3,75000.0,4,1.0,1,3,1,0,1,0,1,1,0,0,0,0,0,alto
2,0.0,0,0.0,16,3,1,1,1,0,1,0,0,1,0,0,0,gratuito
7,10000.0,14,0.8571428571428571,2,2,1,0,0,0,1,0,1,0,0,0,0,medio_baixo
6,10000.0,0,0.0,1,2,1,0,0,0,1,0,1,0,0,0,0,medio_alto
4,0.0,0,0.0,0,0,1,0,0,0,0,0,0,0,0,0,0,gratuito
6,10000.0,8,0.875,1,3,1,0,0,0,1,0,0,0,0,0,1,medio_baixo
8,10000.0,53,0.9056603773584906,1,2,1,0,0,0,1,0,0,1,0,0,0,gratuito
5,35000.0,11,0.6363636363636364,1,2,1,0,0,0,1,1,0,0,0,0,0,gratuito
1,10000.0,118,0.6864406779661016,4,5,1,0,0,0,1,0,0,1,1,0,1,medio_baixo
6,10000.0,0,0.0,1,3,1,1,1,7,1,0,1,0,0,0,1,gratuito
3,10000.0,13,0.9230769230769231,3,3,1,0,0,0,1,1,1,0,0,0,0,alto
3,0.0,0,0.0,0,0,1,0,0,0,0,0,0,0,0,0,0,gratuito
4,35000.0,32,0.71875,1,5,1,0,1,0,1,1,1,0,0,0,1,alto
2,35000.0,147,0.8707482993197279,11,4,1,1,0,0,1,0,1,1,0,1,0,medio_baixo
4,10000.0,7,0.8571428571428571,1,3,1,0,0,0,1,0,0,0,0,1,1,medio_baixo
5,10000.0,17,0.23529411764705882,9,2,1,0,0,0,1,0,0,0,0,0,0,medio_alto
7,10000.0,0,0.0,1,1,1,1,0,0,1,0,0,0,0,0,0,medio_alto
4,10000.0,33,0.3333333333333333,2,2,1,0,0,0,1,0,0,1,0,0,0,baixo
2,10000.0,18,0.7777777777777778,1,2,1,0,0,0,1,0,1,0,0,0,0,medio_baixo
13,75000.0,661,0.2254160363086233,11,2,1,0,0,0,0,0,0,1,0,0,1,baixo
2,0.0,0,0.0,0,0,1,0,0,0,0,0,0,0,0,0,0,gratuito
9,10000.0,0,0.0,1,2,1,0,0,0,0,0,1,1,0,0,0,gratuito
1,35000.0,13,0.9230769230769231,22,4,1,0,0,0,1,1,1,1,0,0,0,baixo
1,0.0,0,0.0,1,3,1,0,0,0,0,1,1,0,0,0,0,gratuito
1,10000.0,0,0.0,2,3,1,0,0,0,1,1,1,0,0,0,0,alto
1,0.0,0,0.0,0,0,1,0,0,0,0,0,0,0,0,0,0,gratuito
5,0.0,0,0.0,0,0,1,0,0,0,0,0,0,0,0,0,0,gratuito
4,10000.0,0,0.0,7,2,1,0,1,0,1,0,0,1,0,0,0,baixo
1,0.0,0,0.0,1,1,1,0,0,0,1,0,0,0,0,0,0,medio_alto
2,35000.0,8,1.0,1,2,1,0,0,0,0,0,0,0,0,1,0,gratuito
9,35000.0,116,0.6810344827586207,1,4,1,0,0,0,1,1,0,1,0,0,0,gratuito
16,35000.0,42,0.40476190476190477,1,1,1,0,0,0,0,0,0,0,0,1,0,medio_baixo
2,10000.0,4,0.5,2,4,1,0,0,0,1,1,0,0,1,1,0,baixo
5,10000.0,1632,0.7800245098039216,10,2,1,1,0,1,1,0,1,0,0,0,0,medio_baixo
5,10000.0,0,0.0,3,1,1,0,0,0,0,1,0,0,0,0,0,alto
8,10000.0,23,0.8260869565217391,1,1,1,0,0,0,0,0,1,0,0,0,0,gratuito
12,35000.0,229,0.8253275109170306,1,2,1,0,0,0,1,1,0,0,0,0,0,medio_baixo
6,35000.0,54,0.5555555555555556,1,3,1,0,0,0,1,1,0,0,1,0,0,baixo
6,10000.0,4,1.0,1,4,1,0,0,0,1,0,0,1,0,1,0,medio_alto
2,10000.0,2,1.0,2,3,1,0,0,0,1,0,1,1,0,0,0,medio_alto
5,150000.0,342,0.9444444444444444,2,5,1,0,0,0,1,1,1,0,1,0,0,gratuito
1,10000.0,0,0.0,11,7,1,0,0,0,1,1,0,1,0,0,1,gratuito
1,10000.0,0,0.0,10,3,1,0,0,0,0,1,0,0,0,0,0,gratuito
2,10000.0,3,1.0,1,2,1,0,0,0,0,0,1,0,0,1,0,alto
1,10000.0,22,0.3181818181818182,1,6,1,0,0,1,1,1,1,1,0,0,0,medio_baixo
2,10000.0,407,0.9434889434889435,11,5,1,0,1,0,1,0,0,0,1,1,1,alto
2,35000.0,31,0.9354838709677419,2,4,1,0,0,0,1,0,1,1,1,0,0,alto
2,0.0,0,0.0,4,5,1,0,0,0,1,0,1,1,0,0,1,gratuito
9,75000.0,820,0.7621951219512195,10,2,1,0,0,0,0,1,1,0,0,0,0,medio_alto
4,10000.0,11,0.8181818181818182,1,2,1,0,0,0,1,0,0,1,0,0,0,medio_baixo
5,10000.0,53,0.9056603773584906,2,2,1,1,1,0,1,0,0,0,0,1,0,medio_baixo
2,10000.0,2,0.5,15,4,1,0,0,0,1,0,0,1,1,0,1,medio_alto
5,10000.0,55,0.9636363636363636,2,2,1,0,0,0,1,0,0,1,0,0,0,medio_alto
6,35000.0,22,0.9090909090909091,1,1,1,0,0,0,0,0,0,0,0,0,1,baixo
1,10000.0,0,0.0,3,2,1,1,0,0,1,0,0,0,0,0,1,medio_baixo
8,10000.0,1,1.0,12,3,1,0,0,0,1,0,0,1,0,0,1,medio_baixo
5,0.0,0,0.0,0,0,1,0,0,0,0,0,0,0,0,0,0,gratuito
2,0.0,0,0.0,0,0,1,0,0,0,0,0,0,0,0,0,0,gratuito
2,0.0,0,0.0,103,4,1,0,0,1,1,1,1,0,1,0,0,baixo
8,10000.0,6,0.6666666666666666,1,1,1,0,0,0,0,0,0,1,0,0,0,gratuito
9,10000.0,0,0.0,1,1,0,1,0,0,0,0,0,0,0,0,0,alto
3,0.0,0,0.0,103,3,1,0,0,0,1,1,0,1,0,0,0,baixo
1,10000.0,0,0.0,2,2,1,0,0,0,0,1,1,0,0,0,0,medio_alto
7,10000.0,3,1.0,1,3,1,0,0,0,1,0,0,1,0,0,0,medio_alto
3,0.0,0,0.0,103,5,1,0,0,0,1,0,1,1,0,1,1,baixo
6,10000.0,0,0.0,1,5,1,1,1,0,1,1,1,1,0,1,0,baixo
10,3500000.0,113283,0.9225744374707591,11,5,1,0,0,0,1,1,1,0,0,0,1,alto
4,35000.0,6,0.5,3,4,1,1,1,3,1,0,1,1,0,0,1,baixo
4,10000.0,49,0.8367346938775511,1,4,1,0,0,0,1,1,0,1,1,0,0,medio_baixo
1,10000.0,0,0.0,4,4,1,0,0,0,1,0,1,0,0,1,1,medio_alto
5,10000.0,95,0.8315789473684211,2,6,1,0,0,2,1,1,0,1,0,0,0,gratuito
3,10000.0,13,0.8461538461538461,1,3,1,0,0,2,1,0,1,1,0,0,0,medio_alto
7,10000.0,164,0.6829268292682927,5,5,1,0,0,0,1,0,0,1,0,0,1,gratuito
8,75000.0,31,0.8387096774193549,2,5,1,0,0,0,1,1,1,1,1,0,0,medio_baixo
3,0.0,0,0.0,3,2,1,0,0,0,1,0,0,0,1,0,0,gratuito
9,10000.0,57,0.7192982456140351,1,3,1,1,1,0,1,0,1,1,0,0,0,medio_baixo
2,0.0,0,0.0,0,0,1,0,0,0,0,0,0,0,0,0,0,gratuito
5,10000.0,1,1.0,2,2,1,0,0,0,1,0,1,0,0,0,0,baixo
2,10000.0,13,0.9230769230769231,1,3,1,1,1,1,1,0,1,0,1,0,0,medio_alto
1,10000.0,0,0.0,25,1,1,0,0,0,0,0,1,0,0,0,0,alto
3,0.0,0,0.0,0,0,1,0,0,0,0,0,0,0,0,0,0,gratuito
5,10000.0,12,0.3333333333333333,4,2,1,1,0,0,1,0,1,0,0,0,0,medio_baixo
9,35000.0,217,0.7373271889400922,2,3,1,1,1,2,1,0,1,1,0,0,0,medio_alto
6,10000.0,5,1.0,1,2,1,1,1,0,1,0,1,0,0,0,0,baixo
2,0.0,0,0.0,3,3,1,0,0,0,0,1,0,0,1,1,0,gratuito
4,10000.0,1,1.0,1,3,1,0,0,0,1,1,1,0,0,0,0,medio_alto
6,10000.0,505,0.8712871287128713,1,4,1,0,0,1,1,1,1,0,1,0,0,alto
3,0.0,0,0.0,4,2,1,0,0,0,0,1,0,0,0,0,0,gratuito
5,35000.0,3,0.6666666666666666,1,4,1,0,0,0,1,1,0,0,0,0,1,alto
3,10000.0,8,0.75,1,1,1,1,0,0,0,0,0,0,0,0,0,gratuito
8,150000.0,580,0.8293103448275863,2,4,1,0,0,0,1,1,1,1,0,0,0,baixo
7,10000.0,0,0.0,29,3,1,1,0,0,1,0,0,1,0,1,0,baixo
10,1500000.0,8125,0.6721230769230769,3,6,1,0,0,0,0,1,1,1,1,0,0,gratuito
2,10000.0,6,0.3333333333333333,1,1,1,0,0,0,0,1,0,0,0,0,0,baixo
7,10000.0,13,0.7692307692307693,1,3,1,1,1,1,1,0,0,1,0,0,1,medio_alto
7,10000.0,28,0.8928571428571429,4,2,1,0,0,0,1,0,1,0,0,0,0,medio_baixo
1,10000.0,5,0.8,1,4,1,0,0,0,1,0,0,1,0,1,1,medio_baixo
6,35000.0,3,1.0,3,3,1,0,0,0,1,1,1,0,0,0,0,medio_baixo
1,10000.0,0,0.0,1,4,1,1,0,0,1,0,0,1,1,0,0,medio_alto
3,0.0,0,0.0,0,0,1,0,0,0,0,0,0,0,0,0,0,gratuito
5,10000.0,15,0.8666666666666667,3,6,1,0,0,0,1,0,1,1,1,1,1,medio_alto
4,75000.0,354,0.8305084745762712,5,2,1,1,0,1,1,1,0,0,0,0,0,alto
4,10000.0,19,0.631578947368421,1,1,1,0,0,0,0,0,1,0,0,0,0,baixo
1,10000.0,0,0.0,1,3,1,1,1,0,1,0,0,1,1,0,0,medio_alto
2,75000.0,10,0.7,1,4,1,0,0,0,1,0,0,1,0,1,1,baixo
4,0.0,0,0.0,0,0,1,0,0,0,0,0,0,0,0,0,0,gratuito
1,10000.0,0,0.0,2,5,1,0,0,0,1,1,1,1,0,0,0,baixo
5,10000.0,33,0.9696969696969697,1,3,1,1,0,0,1,1,1,0,0,0,0,medio_baixo
6,10000.0,107,0.6448598130841121,2,4,1,0,0,0,1,0,1,0,1,0,0,alto
1,10000.0,0,0.0,12,2,1,0,0,1,0,0,0,0,0,1,1,alto
5,35000.0,68,0.9558823529411765,20,2,1,0,1,0,0,0,0,1,0,1,0,medio_alto
5,10000.0,0,0.0,2,3,1,0,0,0,1,1,0,1,0,0,0,baixo
5,0.0,0,0.0,8,3,1,0,0,0,1,1,1,0,0,0,0,gratuito
1,0.0,0,0.0,30,4,1,0,0,0,0,1,1,1,0,0,1,alto
11,35000.0,41,0.36585365853658536,1,2,1,0,0,0,1,0,1,0,0,0,0,baixo
5,10000.0,18,0.9444444444444444,1,2,1,0,0,0,1,0,0,1,0,0,0,medio_alto
4,10000.0,0,0.0,2,3,1,0,0,0,1,0,0,1,0,0,1,medio_baixo
8,75000.0,1212,0.7912541254125413,9,3,1,0,1,1,1,0,1,0,0,0,1,medio_alto
1,0.0,0,0.0,0,0,1,0,0,0,0,0,0,0,0,0,0,gratuito
1,150000.0,1897,0.9109119662625198,11,4,1,1,0,2,1,0,0,0,1,1,0,alto
1,35000.0,409,0.9119804400977995,1,5,1,0,0,1,1,0,1,0,1,1,1,alto
10,350000.0,2243,0.6241640659830584,1,2,1,1,1,1,1,0,1,0,0,0,0,baixo
10,10000.0,9,0.6666666666666666,1,2,1,1,0,0,0,0,0,0,0,0,0,alto
1,0.0,0,0.0,10,3,1,0,0,0,1,1,0,1,0,0,0,baixo
1,10000.0,0,0.0,11,3,1,0,0,0,1,0,0,0,0,1,1,medio_baixo
6,10000.0,2,1.0,1,2,1,0,0,0,1,1,0,0,0,0,0,baixo
5,10000.0,2,1.0,1,3,1,0,0,0,1,1,1,0,0,0,0,medio_baixo
6,35000.0,131,0.6335877862595419,11,5,1,0,0,0,1,1,1,1,0,0,0,gratuito
2,10000.0,11,1.0,1,1,1,0,0,0,0,0,1,0,0,0,0,baixo
3,0.0,0,0.0,103,9,1,0,0,8,1,1,1,1,1,1,1,gratuito
3,10000.0,18,0.9444444444444444,1,1,1,0,0,0,0,0,1,0,0,0,0,medio_baixo
6,150000.0,1886,0.792152704135737,1,4,1,0,0,1,1,0,0,0,1,0,1,alto
8,10000.0,1,0.0,5,3,1,1,1,0,1,1,1,0,0,0,0,medio_baixo
6,10000.0,29,0.6551724137931034,1,5,1,0,0,0,1,0,1,1,0,0,1,alto
1,10000.0,0,0.0,1,4,1,0,0,0,1,0,0,1,1,1,0,baixo
9,35000.0,42,0.6190476190476191,5,3,1,1,1,0,1,1,0,1,0,0,0,baixo
2,10000.0,4,1.0,2,5,1,0,0,0,1,1,0,0,0,1,1,medio_alto
3,10000.0,0,0.0,11,4,1,0,0,0,1,1,1,1,0,0,0,baixo
1,10000.0,9,0.8888888888888888,1,4,1,0,0,0,1,0,0,1,1,1,0,medio_alto
9,10000.0,5,1.0,1,2,1,0,0,0,0,0,1,1,0,0,0,medio_alto
2,10000.0,2,0.0,1,4,1,0,0,0,1,1,0,0,0,1,1,medio_alto
5,35000.0,440,0.8318181818181818,1,3,1,0,0,0,1,1,0,0,0,0,1,medio_baixo
1,10000.0,0,0.0,5,5,1,0,0,0,1,1,1,1,0,0,1,baixo
1,10000.0,3,0.0,31,4,1,1,1,0,1,1,1,1,0,0,0,alto
6,10000.0,42,0.6666666666666666,5,1,1,1,0,5,0,0,0,1,0,0,0,baixo
3,10000.0,106,0.8584905660377359,5,3,1,0,0,0,0,0,0,1,0,1,1,medio_baixo
1,10000.0,1,1.0,1,3,1,0,0,0,1,1,1,0,0,0,0,baixo
4,35000.0,1330,0.681203007518797,11,3,1,0,0,0,1,0,0,1,0,0,1,baixo
1,0.0,0,0.0,0,0,1,0,0,0,0,0,0,0,0,0,0,gratuito
7,10000.0,19,0.5789473684210527,1,2,1,0,0,0,0,0,0,1,0,0,0,gratuito
4,10000.0,43,0.7441860465116279,3,2,1,0,0,0,1,0,1,0,0,0,0,medio_baixo
3,10000.0,4,1.0,1,4,1,0,0,0,1,1,1,1,0,0,0,alto
3,10000.0,51,0.9411764705882353,1,3,1,0,0,0,0,1,0,0,0,1,0,alto
8,10000.0,46,0.782608695652174,2,3,1,0,0,1,1,0,1,0,0,0,0,gratuito
4,10000.0,2,0.0,4,1,1,0,0,0,0,0,0,1,0,0,0,medio_alto
4,0.0,0,0.0,1,2,1,1,1,0,0,0,0,0,0,1,1,gratuito
4,10000.0,34,0.6764705882352942,1,2,1,0,0,0,1,0,0,1,0,0,0,baixo
1,10000.0,0,0.0,14,4,1,0,0,0,1,1,0,1,0,0,0,medio_baixo
1,0.0,0,0.0,0,0,1,0,0,0,0,0,0,0,0,0,0,gratuito
5,10000.0,5,0.8,1,3,1,1,0,0,1,1,1,0,0,0,0,medio_alto
18,350000.0,1491,0.8799463447350772,1,1,1,0,1,0,1,0,0,0,0,0,0,alto
5,0.0,0,0.0,1,1,1,0,0,0,0,0,0,0,0,0,1,gratuito
1,10000.0,12,0.9166666666666666,1,1,1,0,0,0,0,0,0,0,1,0,0,alto
7,150000.0,4122,0.9434740417273169,2,3,1,0,0,1,1,0,1,1,0,0,0,medio_baixo
5,75000.0,2089,0.9578745811393011,2,2,1,1,1,4,1,0,0,1,0,0,0,baixo
9,10000.0,9,0.5555555555555556,1,4,1,0,0,0,1,0,1,1,0,1,0,baixo
1,0.0,0,0.0,0,0,1,0,0,0,0,0,0,0,0,0,0,gratuito
4,0.0,0,0.0,1,1,1,0,0,0,0,0,0,0,0,0,0,gratuito
12,10000.0,61,0.819672131147541,3,3,1,1,1,0,1,0,0,0,1,1,0,alto
2,10000.0,26,0.8076923076923077,1,3,1,0,0,0,1,0,1,0,0,0,0,alto
7,10000.0,0,0.0,1,2,1,1,1,1,1,0,1,0,0,0,0,alto
4,10000.0,12,0.5833333333333334,3,6,1,0,0,0,1,0,1,1,0,0,1,baixo
14,350000.0,1176,0.8860544217687075,1,2,1,1,1,2,1,1,0,0,0,0,0,baixo
7,10000.0,8,0.5,1,6,1,0,0,0,1,1,0,0,0,0,1,alto
3,10000.0,0,0.0,1,2,1,0,0,0,1,0,0,1,0,0,0,baixo
3,10000.0,42,0.8095238095238095,12,2,1,0,0,0,1,0,1,0,0,0,0,medio_baixo
2,0.0,0,0.0,1,4,1,0,0,0,1,1,1,1,0,0,0,gratuito
4,10000.0,68,0.6323529411764706,19,5,1,1,0,1,1,1,1,1,1,0,0,medio_alto
5,0.0,0,0.0,0,0,1,0,0,0,0,0,0,0,0,0,0,gratuito
9,10000.0,27,0.6296296296296297,1,2,1,0,0,0,1,1,0,0,0,0,0,gratuito
11,10000.0,23,0.6521739130434783,1,2,1,1,0,0,1,1,0,0,0,0,0,medio_baixo
3,350000.0,8827,0.9105018692647558,11,2,1,0,0,1,1,0,0,0,1,0,0,alto
1,10000.0,17,1.0,2,3,1,1,1,0,1,0,1,0,1,0,0,medio_baixo
6,10000.0,1,0.0,1,5,1,0,0,0,1,1,0,1,0,1,0,medio_alto
1,10000.0,0,0.0,1,3,1,0,0,0,1,0,1,1,0,0,0,medio_alto
4,0.0,0,0.0,0,0,1,0,0,0,0,0,0,0,0,0,0,gratuito
6,10000.0,25,0.76,7,5,1,0,0,0,1,1,0,1,0,1,1,medio_alto
4,10000.0,63,0.8412698412698413,1,1,1,0,0,0,1,0,0,0,0,0,0,medio_baixo
4,10000.0,62,0.9516129032258065,10,3,1,1,0,1,1,1,1,0,0,0,0,medio_baixo
5,10000.0,2,0.5,1,3,1,0,0,0,1,0,1,0,0,1,0,medio_alto
9,75000.0,36,0.3888888888888889,7,1,1,0,0,0,0,0,0,0,0,0,1,medio_baixo
7,75000.0,1625,0.8904615384615384,8,3,1,0,0,1,0,0,0,0,0,0,1,medio_baixo
1,0.0,0,0.0,0,0,1,0,0,0,0,0,0,0,0,0,0,gratuito
1,0.0,0,0.0,2,3,1,0,0,0,0,0,0,0,0,0,1,medio_alto
3,0.0,0,0.0,1,2,1,0,0,0,1,0,0,0,1,0,0,gratuito
5,1500000.0,23690,0.8984381595609962,17,3,1,1,0,0,0,0,0,1,0,0,1,gratuito
11,350000.0,1891,0.3225806451612903,1,2,1,0,0,0,0,1,0,0,0,0,0,gratuito
3,10000.0,2,1.0,1,2,1,0,0,0,1,1,0,0,0,0,0,medio_alto
7,10000.0,2,1.0,1,2,1,0,0,0,1,0,0,1,0,0,0,baixo
1,10000.0,0,0.0,1,2,1,0,0,0,1,0,0,1,0,0,0,baixo
1,10000.0,0,0.0,1,3,1,0,0,0,1,1,0,1,0,0,0,baixo
6,350000.0,843,0.8540925266903915,1,3,1,0,0,0,1,0,1,0,0,1,0,gratuito
3,0.0,0,0.0,0,0,1,0,0,0,0,0,0,0,0,0,0,gratuito
2,0.0,0,0.0,1,2,1,0,0,0,1,0,1,0,0,0,0,gratuito
10,10000.0,14,0.21428571428571427,1,4,1,0,0,0,1,1,0,1,0,0,1,baixo
8,35000.0,337,0.7537091988130564,2,5,1,0,0,0,0,0,0,1,1,1,1,gratuito
1,10000.0,0,0.0,3,5,1,0,0,0,1,1,0,1,0,0,1,baixo
9,10000.0,73,0.863013698630137,1,4,1,1,0,1,1,1,1,0,0,0,0,medio_alto
1,10000.0,41,1.0,2,5,1,0,0,0,1,0,1,1,1,1,0,medio_alto
1,10000.0,0,0.0,10,3,1,0,0,0,1,0,0,1,0,0,1,alto
5,10000.0,37,0.5945945945945946,2,5,1,0,0,0,1,1,1,1,1,0,0,baixo
6,350000.0,935,0.8652406417112299,11,4,1,1,0,0,1,0,1,1,0,0,0,gratuito
1,0.0,0,0.0,1,3,1,1,1,0,1,0,0,1,0,0,0,gratuito
3,350000.0,1158,0.7124352331606217,2,3,1,0,0,1,1,0,0,0,0,1,0,gratuito
8,10000.0,60,0.7,4,1,1,0,0,0,1,0,0,0,0,0,0,medio_baixo
3,10000.0,353,0.9121813031161473,8,2,1,0,0,2,0,1,1,0,0,0,0,medio_baixo
6,350000.0,5822,0.9615252490553075,2,5,1,1,1,0,1,0,0,1,0,1,1,alto
2,10000.0,5,0.2,1,2,1,0,0,0,0,1,1,0,0,0,0,medio_alto
4,10000.0,666,0.9384384384384384,20,3,1,0,0,0,1,0,0,1,0,0,1,medio_alto
3,10000.0,61,0.7868852459016393,3,2,1,0,0,0,1,0,0,0,0,0,0,medio_baixo
6,75000.0,365,0.4328767123287671,3,6,1,0,0,0,1,1,1,0,1,1,0,alto
1,35000.0,503,0.7713717693836978,11,4,1,0,0,0,1,0,0,1,0,1,1,alto
4,0.0,0,0.0,1,3,1,0,0,0,1,0,1,0,0,0,0,gratuito
3,10000.0,342,0.9707602339181286,1,3,1,0,0,0,1,0,0,1,0,0,0,gratuito
2,10000.0,11,0.9090909090909091,6,3,1,0,0,0,1,0,1,0,0,0,1,medio_alto
7,10000.0,2,1.0,1,2,1,0,0,0,0,0,1,0,1,0,0,baixo
3,10000.0,5,0.6,4,3,1,0,1,0,1,0,0,1,0,1,0,medio_alto
3,10000.0,5,0.4,4,2,1,0,0,1,0,0,1,1,0,0,0,alto
5,10000.0,11,0.9090909090909091,5,3,1,0,0,0,1,0,0,1,0,1,0,baixo
1,10000.0,0,0.0,8,2,1,1,0,0,1,0,0,1,0,0,0,alto
2,35000.0,12,0.8333333333333334,9,3,1,0,0,0,1,0,1,0,0,1,0,alto
3,10000.0,7,1.0,1,3,1,0,0,0,1,1,0,0,1,0,0,alto
13,35000.0,239,0.7280334728033473,1,3,1,1,1,0,1,1,0,0,1,0,0,gratuito
2,0.0,0,0.0,0,0,1,0,0,0,0,0,0,0,0,0,0,gratuito
2,0.0,0,0.0,0,0,1,0,0,0,0,0,0,0,0,0,0,gratuito
1,10000.0,4,1.0,2,5,1,0,0,0,1,1,1,0,1,0,0,medio_baixo
4,10000.0,0,0.0,4,2,1,0,0,0,1,0,1,0,0,0,0,alto
1,10000.0,0,0.0,1,4,1,1,0,0,0,0,0,1,1,1,1,alto
6,35000.0,217,0.7373271889400922,1,3,1,1,1,0,1,0,1,0,0,0,0,gratuito
2,10000.0,0,0.0,2,4,1,0,0,7,0,0,1,0,1,1,1,alto
8,10000.0,35,0.4857142857142857,1,4,1,0,0,0,1,0,0,1,0,0,0,gratuito
5,10000.0,12,0.5833333333333334,1,1,1,0,0,0,0,0,0,1,0,0,0,medio_alto
1,35000.0,13,0.8461538461538461,10,3,1,0,0,0,0,1,0,0,1,0,0,medio_baixo
6,10000.0,10,0.5,1,1,1,0,0,0,0,0,0,0,0,1,0,alto
5,10000.0,35,0.9428571428571428,1,3,1,0,0,0,1,0,0,0,1,0,0,baixo
2,0.0,0,0.0,0,0,1,0,0,0,0,0,0,0,0,0,0,gratuito
1,10000.0,0,0.0,1,1,1,0,0,0,1,0,0,0,0,0,0,medio_alto
3,10000.0,2,0.0,2,2,1,0,0,0,0,1,0,1,0,0,0,medio_baixo
3,0.0,0,0.0,2,2,1,0,0,0,1,0,1,0,0,0,0,gratuito
6,10000.0,31,0.7096774193548387,1,2,1,0,0,0,1,1,0,0,0,0,0,medio_alto
12,3500000.0,42379,0.7923027914769107,8,2,1,1,1,2,0,1,0,0,1,0,0,medio_alto
2,10000.0,17,0.8823529411764706,1,2,1,0,0,0,1,0,0,0,0,0,1,medio_baixo
5,10000.0,29,0.7931034482758621,1,3,1,0,0,0,1,0,0,0,1,0,1,alto
1,10000.0,0,0.0,2,2,1,0,0,0,0,0,0,1,0,0,1,medio_baixo
1,0.0,0,0.0,1,2,1,0,0,0,0,0,0,1,0,0,0,gratuito
3,10000.0,16,0.5625,1,3,1,0,0,0,1,0,0,0,1,0,1,baixo
3,10000.0,40,0.625,4,4,1,0,0,0,1,0,0,0,1,1,1,alto
1,10000.0,0,0.0,1,1,1,0,0,0,1,0,0,0,0,0,0,medio_alto
2,10000.0,72,0.9583333333333334,1,3,1,1,1,0,1,1,1,0,0,0,0,medio_alto
6,10000.0,6,0.5,29,2,1,0,0,1,1,0,0,1,0,0,0,baixo
7,35000.0,6,0.5,1,5,1,0,0,0,1,0,0,1,1,1,1,baixo
10,350000.0,780,0.8205128205128205,1,4,1,1,0,2,1,1,1,0,1,0,0,gratuito
8,10000.0,27,0.9259259259259259,1,3,1,1,1,0,1,0,1,0,1,0,0,medio_alto
6,10000.0,16,0.25,1,2,1,0,0,0,0,0,1,1,0,0,0,medio_alto
1,10000.0,0,0.0,2,3,1,0,0,0,1,0,0,1,0,1,0,medio_alto
3,7500000.0,236196,0.8918609967992684,12,3,1,0,0,3,1,1,1,0,0,0,0,alto
8,35000.0,818,0.7787286063569682,14,2,1,0,0,1,1,1,0,0,0,0,0,alto
9,10000.0,96,0.71875,6,2,1,1,0,1,1,0,1,0,0,0,0,medio_alto
1,0.0,0,0.0,1,3,1,0,0,0,0,1,0,0,0,0,0,gratuito
1,0.0,0,0.0,2,2,1,0,0,1,1,0,0,0,0,0,0,gratuito
1,10000.0,0,0.0,2,2,1,0,0,0,1,0,0,1,0,0,0,medio_baixo
2,10000.0,24,0.875,1,2,1,0,0,0,0,1,1,0,0,0,0,medio_alto
2,10000.0,2,0.5,15,4,1,0,0,0,1,0,0,1,0,0,1,baixo
3,75000.0,5,0.8,2,5,1,0,0,0,1,1,1,1,0,0,1,baixo
1,10000.0,0,0.0,1,2,1,0,0,0,0,0,1,0,0,0,0,alto
4,0.0,0,0.0,1,2,1,0,0,0,1,1,0,0,0,0,0,gratuito
2,10000.0,0,0.0,7,2,1,1,0,0,1,0,0,1,0,0,0,medio_baixo
5,10000.0,0,0.0,1,5,1,0,0,0,0,1,1,1,1,0,1,baixo
9,10000.0,129,0.6511627906976745,5,4,1,1,1,0,1,1,1,0,1,0,0,medio_baixo
7,10000.0,18,0.2222222222222222,2,3,1,0,0,0,1,1,1,0,0,0,0,medio_baixo
5,10000.0,9,1.0,1,1,1,0,0,0,0,1,0,0,0,0,0,medio_baixo
9,10000.0,17,0.47058823529411764,1,4,1,0,0,0,1,0,1,0,0,0,0,baixo
1,10000.0,0,0.0,1,2,1,0,1,0,1,1,0,0,0,0,0,alto
3,10000.0,26,0.8461538461538461,1,6,1,0,0,0,0,0,0,0,0,0,0,medio_alto
5,10000.0,26,0.9615384615384616,1,2,1,1,0,0,1,0,0,1,0,0,0,baixo
1,0.0,0,0.0,1,2,1,0,0,0,0,0,0,0,0,1,1,medio_alto
8,350000.0,2495,0.7282565130260521,7,4,1,1,1,0,1,1,1,0,1,0,0,medio_alto
8,10000.0,19,0.7368421052631579,1,3,1,0,0,0,1,1,0,1,0,0,0,baixo
1,0.0,0,0.0,1,1,1,0,0,0,0,0,0,1,0,0,0,medio_baixo
4,10000.0,27,0.5185185185185185,22,1,1,1,0,0,0,0,0,1,0,0,0,medio_alto
6,10000.0,60,0.6666666666666666,2,5,1,0,0,0,1,1,1,1,1,0,0,medio_alto
2,0.0,0,0.0,103,6,1,0,0,0,1,0,1,1,1,1,1,medio_baixo
7,10000.0,3,1.0,1,3,1,0,0,0,1,1,0,1,0,0,0,medio_alto
1,0.0,0,0.0,2,4,1,0,0,0,1,1,0,1,0,0,0,alto
5,10000.0,3,0.6666666666666666,1,1,1,0,0,0,0,1,0,0,0,0,0,medio_baixo
4,35000.0,253,0.9565217391304348,10,4,1,0,0,0,1,0,0,1,0,1,1,medio_baixo
2,10000.0,19,0.8947368421052632,1,3,1,0,0,1,1,0,1,0,1,0,0,medio_baixo
5,10000.0,233,0.944206008583691,5,3,1,0,0,1,1,0,0,1,0,0,0,gratuito
3,10000.0,2,1.0,1,3,1,0,0,0,1,1,1,0,0,0,0,medio_alto
6,10000.0,0,0.0,1,1,1,0,0,1,0,0,0,1,0,0,0,baixo
7,10000.0,137,0.43795620437956206,10,1,1,0,0,0,0,1,0,0,0,0,0,alto
6,10000.0,0,0.0,2,2,1,0,0,0,1,0,0,1,0,0,0,medio_alto
3,0.0,0,0.0,0,0,1,0,0,0,0,0,0,0,0,0,0,gratuito
1,10000.0,0,0.0,1,4,1,1,1,0,1,0,0,0,1,1,0,medio_baixo
10,10000.0,5,0.2,11,3,1,1,0,0,1,0,1,1,0,0,0,medio_alto
2,10000.0,2,1.0,7,4,1,0,0,0,1,0,0,1,0,0,0,medio_alto
10,150000.0,1770,0.8615819209039548,2,1,1,1,0,0,0,0,0,1,0,0,0,baixo
1,10000.0,1,1.0,4,4,1,0,0,0,1,0,0,1,1,1,0,baixo
2,10000.0,2,1.0,1,4,1,0,0,0,1,1,0,0,0,1,0,baixo
3,35000.0,17,0.7058823529411765,15,5,1,0,0,0,1,1,1,1,0,0,0,medio_baixo
2,35000.0,1245,0.8289156626506025,9,3,1,0,0,1,1,1,1,0,0,0,0,alto
1,0.0,0,0.0,5,3,1,1,1,0,0,1,1,0,1,0,0,alto
1,0.0,0,0.0,0,0,1,0,0,0,0,0,0,0,0,0,0,gratuito
4,10000.0,72,1.0,1,2,1,1,1,1,1,0,1,0,0,0,0,medio_baixo
6,10000.0,20,0.9,7,2,1,0,1,0,1,0,0,1,0,0,0,medio_baixo
7,10000.0,0,0.0,1,2,1,0,0,0,1,0,0,0,1,0,0,medio_baixo
3,0.0,0,0.0,0,0,1,0,0,0,0,0,0,0,0,0,0,gratuito
3,10000.0,8,1.0,1,6,1,0,0,0,1,1,1,1,0,1,1,baixo
4,75000.0,5,1.0,29,6,1,0,0,0,1,1,1,1,0,1,1,baixo
3,10000.0,0,0.0,1,3,1,0,0,0,1,0,1,0,0,0,0,gratuito
2,150000.0,519,0.9017341040462428,3,3,1,0,0,1,1,0,0,1,0,0,0,gratuito
2,10000.0,10,1.0,1,3,1,1,0,0,1,1,0,0,0,0,0,medio_alto
9,35000.0,272,0.9264705882352942,9,2,1,1,1,0,0,0,1,1,0,0,0,medio_alto
9,75000.0,688,0.8386627906976745,1,3,1,0,0,0,1,1,0,1,0,0,0,baixo
2,10000.0,17,0.7058823529411765,1,4,1,0,0,0,1,1,1,0,0,0,0,medio_alto
1,0.0,0,0.0,1,4,1,1,0,0,1,1,0,1,0,0,0,gratuito
6,10000.0,4,1.0,1,4,1,0,0,0,1,0,1,1,0,0,0,alto
3,10000.0,0,0.0,12,5,1,0,0,0,1,0,0,1,1,0,1,medio_alto
2,10000.0,9,1.0,1,4,1,1,1,1,1,0,1,1,0,0,1,alto
3,10000.0,2,0.5,1,2,1,0,0,0,1,0,0,1,0,0,0,baixo
7,10000.0,5,0.8,2,4,1,0,0,0,1,0,0,1,0,0,1,medio_baixo
4,35000.0,91,0.7912087912087912,6,2,1,0,0,0,1,0,1,0,0,0,0,medio_baixo
1,10000.0,265,0.9773584905660377,9,3,1,0,0,0,1,0,0,1,0,0,1,alto
1,75000.0,647,0.8299845440494591,15,4,1,1,1,0,1,1,1,0,0,0,1,medio_baixo
1,10000.0,0,0.0,5,3,1,1,1,0,1,0,0,1,0,1,0,medio_alto
3,10000.0,0,0.0,2,1,1,0,1,0,0,0,0,0,0,0,1,medio_baixo
1,0.0,0,0.0,30,6,1,0,0,3,1,0,1,1,1,1,1,medio_alto
1,0.0,0,0.0,0,0,1,0,0,0,0,0,0,0,0,0,0,gratuito
6,75000.0,72,0.8611111111111112,1,1,1,0,0,0,0,1,0,0,0,0,0,gratuito
1,10000.0,0,0.0,2,3,1,0,0,0,1,0,0,0,0,1,1,medio_baixo
8,10000.0,97,0.5773195876288659,2,3,1,0,0,0,0,1,0,1,0,0,0,gratuito
3,10000.0,7,1.0,1,3,1,0,0,0,0,1,1,0,1,0,0,medio_alto
8,35000.0,69,0.36231884057971014,1,8,1,0,0,0,0,1,1,1,1,1,1,baixo
9,10000.0,109,0.8532110091743119,1,2,1,0,0,0,0,0,1,0,0,0,0,gratuito
2,10000.0,21,0.9047619047619048,1,2,1,0,0,0,0,0,1,1,0,0,0,baixo
2,35000.0,13,0.9230769230769231,2,3,1,0,0,0,1,1,0,1,0,0,0,medio_baixo
6,35000.0,179,0.7318435754189944,8,3,1,1,1,0,1,0,0,0,0,1,1,baixo
3,10000.0,1,0.0,1,3,1,0,0,0,1,1,0,1,0,0,0,medio_baixo
4,10000.0,6,0.3333333333333333,2,1,1,0,0,0,0,0,0,1,0,0,0,alto
4,10000.0,1,1.0,2,2,1,0,0,0,1,1,0,0,0,0,0,baixo
7,10000.0,10,0.6,2,2,1,0,0,0,1,1,0,0,0,0,0,gratuito
1,0.0,0,0.0,0,0,1,0,0,0,0,0,0,0,0,0,0,gratuito
9,10000.0,22,0.7727272727272727,1,2,1,0,0,0,1,1,0,0,0,0,0,baixo
2,10000.0,0,0.0,1,4,1,0,0,0,1,1,1,0,1,0,0,alto
6,10000.0,276,0.8043478260869565,8,4,1,0,0,1,1,1,1,0,1,0,0,medio_alto
4,10000.0,24,0.7916666666666666,1,1,1,0,0,0,1,0,0,0,0,0,0,baixo
7,10000.0,11,0.7272727272727273,1,2,1,1,0,0,1,0,0,1,0,0,0,medio_alto
6,35000.0,38,0.2894736842105263,1,1,1,0,0,1,0,0,1,0,0,0,0,medio_baixo
10,10000.0,49,0.6938775510204082,7,2,1,1,1,0,1,1,0,0,0,0,0,baixo
5,10000.0,180,0.7166666666666667,15,4,1,0,0,0,1,0,1,1,0,0,1,baixo
1,10000.0,11,0.9090909090909091,1,3,1,1,0,0,1,1,1,0,0,0,0,medio_baixo
3,10000.0,10,1.0,14,3,1,1,0,0,1,1,1,0,0,0,0,medio_alto
1,10000.0,0,0.0,1,5,1,0,0,0,1,1,1,0,1,0,1,medio_alto
9,10000.0,64,0.828125,8,3,1,0,0,1,1,1,0,0,0,0,0,baixo
3,10000.0,10,0.9,1,3,1,0,0,0,1,0,1,1,0,0,0,medio_baixo
2,10000.0,0,0.0,2,2,1,0,0,0,1,0,0,1,0,0,0,baixo
2,0.0,0,0.0,103,2,1,0,0,0,1,0,0,1,0,0,0,medio_alto
9,150000.0,99,0.6565656565656566,1,3,1,1,1,0,1,1,0,1,0,0,0,baixo
1,10000.0,96,0.9375,7,3,1,0,0,0,1,1,0,0,0,0,0,alto
1,10000.0,17,0.9411764705882353,2,2,1,0,0,0,1,0,1,0,0,0,0,medio_alto
2,10000.0,0,0.0,1,1,1,0,1,0,0,0,0,1,0,0,0,medio_alto
3,150000.0,8890,0.8894263217097863,3,4,1,0,0,0,0,1,0,0,0,0,1,medio_baixo
1,0.0,0,0.0,1,3,1,0,0,2,0,1,0,1,0,0,0,gratuito
1,0.0,0,0.0,6,2,1,1,1,0,1,0,0,1,0,0,0,medio_baixo
4,10000.0,0,0.0,9,4,1,1,1,0,1,0,1,1,0,0,1,alto
1,10000.0,0,0.0,13,4,1,0,0,0,1,1,0,1,1,0,0,medio_alto
1,10000.0,2,1.0,1,4,1,0,0,0,1,1,1,0,0,1,0,medio_alto
2,10000.0,22,0.9090909090909091,1,4,1,0,0,0,1,0,1,1,0,0,0,medio_alto
10,150000.0,707,0.8910891089108911,1,3,1,1,0,0,1,0,1,0,1,0,0,medio_alto
11,750000.0,11948,0.9757281553398058,3,4,1,0,0,0,1,1,0,0,1,0,0,gratuito
3,10000.0,85,0.9647058823529412,1,3,1,0,0,0,1,1,1,0,0,0,0,medio_baixo
11,35000.0,175,0.8057142857142857,1,5,1,0,0,2,1,0,1,1,1,1,0,baixo
2,10000.0,3,0.3333333333333333,1,3,1,0,1,0,0,0,0,1,0,1,1,baixo
7,10000.0,5,0.6,1,3,1,0,0,0,1,0,1,0,1,0,0,medio_alto
3,10000.0,4,1.0,1,2,1,0,0,0,1,0,0,0,1,0,0,medio_alto
4,35000.0,11,1.0,5,2,1,1,1,0,1,0,0,1,0,0,0,alto
2,35000.0,10,0.9,6,2,1,0,0,0,1,1,0,0,0,0,0,medio_alto
10,10000.0,68,0.8676470588235294,1,2,1,0,0,0,0,0,1,0,1,0,0,alto
1,10000.0,84,0.9761904761904762,1,1,1,1,0,1,1,0,0,0,0,0,0,medio_alto
8,75000.0,1566,0.9425287356321839,29,4,1,1,0,0,1,0,0,1,1,0,1,baixo
2,0.0,0,0.0,1,3,1,1,1,0,1,0,0,1,0,0,0,gratuito
5,150000.0,1371,0.9204959883296864,2,3,1,0,0,1,1,1,1,0,0,0,0,alto
3,10000.0,18,0.9444444444444444,2,3,1,0,0,0,1,1,0,0,0,0,1,medio_baixo
2,350000.0,20790,0.9598845598845599,11,3,1,0,0,0,1,1,1,0,0,0,0,alto
4,10000.0,2,1.0,1,2,1,0,0,0,0,0,1,0,1,0,0,baixo
3,10000.0,9,0.8888888888888888,3,5,1,0,0,0,1,1,0,1,1,0,1,baixo
4,350000.0,1964,0.6985743380855397,9,4,1,0,0,2,1,0,0,1,1,1,0,alto
1,0.0,0,0.0,1,2,1,0,1,0,1,0,0,1,0,0,0,medio_baixo
12,10000.0,1178,0.8616298811544991,1,1,1,0,0,17,0,0,0,0,0,1,0,alto
1,10000.0,1,1.0,2,2,1,1,1,0,1,0,1,0,0,0,0,medio_baixo
7,10000.0,74,0.6351351351351351,8,5,1,1,1,0,1,0,0,1,0,1,1,medio_alto
8,10000.0,5,0.2,1,1,1,0,0,0,0,0,0,0,0,1,0,alto
1,10000.0,17,0.8823529411764706,1,3,1,0,0,0,1,0,0,1,0,0,1,medio_baixo
9,10000.0,130,0.6538461538461539,1,1,1,0,0,2,0,0,0,0,0,1,0,medio_alto
6,10000.0,0,0.0,1,2,1,0,0,0,1,0,1,0,0,0,0,medio_baixo
11,350000.0,6696,0.9828255675029869,1,2,1,0,0,0,1,0,0,0,1,0,0,baixo
2,10000.0,4,0.5,1,3,1,0,0,0,0,1,0,1,0,0,0,alto
2,10000.0,0,0.0,8,4,1,1,1,0,1,0,1,1,1,0,0,medio_alto
1,10000.0,0,0.0,1,3,1,0,0,0,1,1,1,0,0,0,0,alto
2,10000.0,1,1.0,1,2,1,0,0,0,1,0,1,0,0,0,0,medio_baixo
8,35000.0,5,1.0,1,3,1,0,0,0,1,0,0,1,0,1,0,medio_baixo
2,10000.0,0,0.0,1,2,1,0,0,0,0,0,0,0,0,0,1,baixo
1,10000.0,0,0.0,1,1,1,0,0,0,0,0,0,1,0,0,0,baixo
5,10000.0,1,1.0,1,2,1,0,0,0,1,0,0,1,0,0,0,baixo
8,10000.0,43,0.9069767441860465,1,2,1,1,0,0,1,1,0,0,0,0,0,baixo
10,10000.0,56,0.6071428571428571,1,1,1,0,0,0,0,0,0,0,0,1,0,medio_alto
3,10000.0,0,0.0,30,4,1,0,0,0,1,1,1,0,0,0,1,medio_alto
2,10000.0,118,0.8050847457627118,20,4,1,1,0,0,1,1,1,0,0,0,1,medio_baixo
8,10000.0,1,1.0,1,3,1,0,0,0,1,1,0,1,0,0,0,gratuito
5,0.0,0,0.0,1,3,1,0,0,1,0,0,1,0,1,0,0,gratuito
5,0.0,0,0.0,5,2,1,0,0,1,0,0,0,1,0,0,0,gratuito
6,150000.0,2139,0.9579242636746143,1,2,1,0,0,1,1,0,1,0,0,0,0,alto
1,10000.0,0,0.0,28,5,1,0,0,0,1,1,0,1,1,1,0,medio_alto
10,35000.0,47,0.6382978723404256,1,4,1,0,0,0,1,0,1,0,1,0,0,gratuito
13,35000.0,288,0.9305555555555556,1,1,1,1,0,1,0,0,1,0,0,0,0,alto
9,3500000.0,74448,0.884469696969697,6,3,1,0,0,0,0,0,0,0,1,0,1,gratuito
3,0.0,0,0.0,103,2,1,1,1,0,1,0,0,1,0,0,0,baixo
4,10000.0,9,0.8888888888888888,1,5,1,0,0,0,1,1,0,1,0,0,1,alto
8,150000.0,1703,0.8485026423957722,5,4,1,0,0,1,1,1,0,0,1,1,0,alto
5,0.0,0,0.0,0,0,1,0,0,0,0,0,0,0,0,0,0,gratuito
6,750000.0,4284,0.90406162464986,12,5,1,0,1,3,1,1,1,1,0,1,0,alto
6,350000.0,434,0.663594470046083,2,6,1,0,0,0,1,1,1,0,1,0,0,gratuito
2,10000.0,5,0.8,14,3,1,0,0,0,0,0,0,1,0,1,0,gratuito
4,10000.0,5,0.8,1,1,1,1,1,0,0,0,0,1,0,0,0,medio_alto
3,10000.0,0,0.0,4,1,1,0,0,0,0,0,0,1,0,0,0,medio_alto
2,10000.0,20,0.8,1,2,1,1,0,0,1,0,0,0,0,0,0,gratuito
3,10000.0,28,0.6785714285714286,1,3,1,0,0,0,1,1,1,0,0,0,0,baixo
1,10000.0,0,0.0,1,2,1,0,0,0,1,0,0,0,0,1,0,baixo
7,10000.0,8,0.375,1,1,1,0,1,0,0,0,0,0,0,1,0,medio_baixo
5,150000.0,13,0.5384615384615384,1,6,1,0,0,0,1,0,1,1,1,1,1,medio_baixo
2,10000.0,231,0.974025974025974,3,1,1,0,0,0,0,0,1,0,0,0,0,alto
2,75000.0,595,0.8504201680672269,3,5,1,0,0,1,1,0,1,1,1,0,1,alto
3,10000.0,9,0.8888888888888888,1,3,1,0,0,0,0,1,0,1,0,1,0,medio_baixo
2,10000.0,9,1.0,1,3,1,0,0,1,1,1,0,1,0,0,0,baixo
1,10000.0,4,1.0,1,1,1,0,0,0,1,0,0,0,0,0,0,baixo
9,10000.0,39,0.9743589743589743,25,1,1,1,1,0,0,0,0,1,0,0,0,medio_alto
5,10000.0,42,0.7857142857142857,1,1,1,0,0,0,1,0,0,0,0,0,0,baixo
6,10000.0,6,0.3333333333333333,1,4,1,0,1,0,1,0,0,0,0,1,1,medio_alto
5,10000.0,7,1.0,1,3,1,1,0,0,1,0,0,1,0,0,1,medio_baixo
4,10000.0,0,0.0,2,1,1,0,0,0,0,0,0,1,0,0,0,medio_baixo
5,10000.0,97,0.9587628865979382,1,2,1,0,0,0,1,1,0,0,0,0,0,baixo
2,10000.0,8,0.875,1,3,1,0,0,0,0,0,1,0,1,0,1,alto
5,0.0,0,0.0,0,0,1,0,0,0,0,0,0,0,0,0,0,gratuito
1,10000.0,0,0.0,1,4,1,1,0,0,0,0,1,1,1,0,0,gratuito
6,150000.0,1942,0.9634397528321318,2,3,1,0,0,0,1,1,1,0,0,0,0,medio_alto
1,0.0,0,0.0,2,4,1,1,0,0,1,1,1,0,0,0,0,gratuito
10,10000.0,149,0.7583892617449665,1,4,1,1,1,0,1,1,1,1,0,0,0,baixo
1,0.0,0,0.0,1,2,1,1,1,1,0,0,1,0,1,0,0,alto
2,10000.0,2,1.0,1,2,1,0,0,0,1,1,0,0,0,0,0,medio_baixo
4,10000.0,1,1.0,1,4,1,0,0,0,1,0,1,0,1,0,0,alto
3,350000.0,4771,0.9639488576818277,11,4,1,0,0,2,1,1,1,1,0,0,0,alto
6,10000.0,91,0.8681318681318682,1,4,1,0,0,1,1,0,0,1,0,1,1,medio_baixo
9,10000.0,19,0.7368421052631579,1,2,1,1,1,1,1,0,1,0,0,0,0,medio_alto
6,10000.0,17,0.9411764705882353,3,5,1,0,0,0,1,1,1,1,1,0,0,medio_baixo
6,10000.0,3,1.0,1,3,1,0,1,0,1,0,0,1,0,1,0,medio_alto
8,10000.0,12,0.4166666666666667,1,2,1,0,0,0,0,1,0,0,0,0,1,medio_baixo
1,0.0,0,0.0,0,0,1,0,0,0,0,0,0,0,0,0,0,gratuito
1,10000.0,0,0.0,12,3,1,0,0,2,1,0,0,1,0,0,1,medio_alto
4,10000.0,10,1.0,1,2,1,0,0,0,1,0,0,0,0,0,1,baixo
5,10000.0,5,0.8,2,2,1,0,0,0,0,0,0,1,0,1,0,baixo
5,0.0,0,0.0,0,0,1,0,0,0,0,0,0,0,0,0,0,gratuito
1,10000.0,0,0.0,2,4,1,0,0,0,0,1,1,1,0,0,0,baixo
6,75000.0,1,1.0,2,2,1,0,0,0,1,0,0,1,0,0,0,baixo
3,10000.0,0,0.0,1,2,1,1,1,0,0,0,1,0,1,0,0,medio_baixo
7,150000.0,1851,0.9535386277687736,2,5,1,0,0,0,1,0,1,1,1,0,0,gratuito
1,0.0,0,0.0,0,0,1,0,0,0,0,0,0,0,0,0,0,gratuito
9,10000.0,35,0.9142857142857143,1,2,1,1,0,0,1,1,0,0,0,0,0,medio_baixo
8,10000.0,2,0.5,1,2,1,0,0,0,1,1,0,0,0,0,0,baixo
4,150000.0,1,1.0,1,3,1,0,0,0,1,0,1,1,0,0,0,baixo
4,10000.0,24,0.5833333333333334,1,3,1,0,0,0,1,1,1,0,0,0,0,gratuito
1,75000.0,559,0.6744186046511628,8,4,1,0,0,0,1,0,0,1,0,1,1,medio_alto
4,10000.0,0,0.0,1,2,1,0,0,0,1,0,0,0,0,0,0,gratuito
4,10000.0,3,0.0,1,2,1,0,0,1,0,1,1,0,0,0,0,medio_baixo
4,35000.0,7,0.5714285714285714,1,5,1,0,0,0,1,1,1,0,1,0,0,alto
11,10000.0,16,0.1875,1,2,1,1,0,1,1,1,0,0,0,0,0,baixo
5,10000.0,44,0.9318181818181818,1,3,1,0,0,0,0,1,0,1,0,0,1,gratuito
2,10000.0,73,0.9726027397260274,7,3,1,0,0,0,1,0,0,0,0,1,0,alto
7,75000.0,847,0.8689492325855962,10,4,1,1,0,1,1,0,0,1,0,0,1,baixo
10,35000.0,32,0.75,1,2,1,0,0,0,0,0,0,0,0,0,1,alto
6,10000.0,28,0.9642857142857143,1,3,1,1,0,0,1,1,1,0,0,0,0,alto
8,35000.0,2,0.5,1,3,1,0,0,0,1,0,1,0,1,0,0,baixo
10,75000.0,45,0.8222222222222222,1,3,1,0,0,0,1,1,0,1,0,0,0,baixo
1,0.0,0,0.0,0,0,1,0,0,0,0,0,0,0,0,0,0,gratuito
3,10000.0,11,0.5454545454545454,1,2,1,0,0,0,1,0,1,0,0,0,0,medio_alto
3,10000.0,5,1.0,1,4,1,0,0,0,1,1,0,0,0,1,1,medio_baixo
3,10000.0,8,0.75,1,1,1,0,0,0,0,1,0,0,0,0,0,baixo
2,10000.0,2,0.5,1,4,1,0,0,0,1,1,1,1,0,0,0,medio_alto
2,10000.0,9,0.8888888888888888,2,2,1,0,0,0,1,0,0,1,0,0,0,medio_alto
6,35000.0,26,0.6923076923076923,1,3,1,0,1,0,1,1,1,0,0,0,0,alto
2,10000.0,16,1.0,6,3,1,0,0,0,1,0,0,1,0,1,0,medio_alto
1,750000.0,2396,0.8401502504173622,12,5,1,0,0,1,1,0,1,1,0,0,1,alto
1,0.0,0,0.0,0,0,1,0,0,0,0,0,0,0,0,0,0,gratuito
2,10000.0,0,0.0,3,3,1,0,0,0,0,0,0,1,1,0,1,medio_alto
2,10000.0,81,0.9876543209876543,12,5,1,0,0,0,1,1,0,1,0,0,1,alto
7,10000.0,9,0.8888888888888888,1,2,1,1,1,0,1,1,0,0,0,0,0,gratuito
2,10000.0,2,1.0,2,3,1,0,0,0,1,0,0,1,0,0,1,baixo
2,10000.0,15,0.8,1,3,1,0,0,0,1,1,0,0,0,0,0,alto
1,10000.0,0,0.0,2,1,1,0,0,0,0,0,0,0,1,0,0,medio_alto
2,10000.0,1,0.0,5,4,1,0,0,0,0,1,0,1,1,0,1,baixo
1,10000.0,0,0.0,5,1,1,1,1,0,0,0,0,1,0,0,0,alto
1,10000.0,0,0.0,1,1,1,0,0,0,1,0,0,0,0,0,0,alto
10,150000.0,128,0.6875,2,5,1,1,1,0,1,1,1,0,1,1,0,baixo
1,10000.0,0,0.0,1,1,1,1,1,2,0,0,0,1,0,0,0,alto
6,10000.0,44,0.9545454545454546,2,2,1,0,0,1,1,1,0,0,0,0,0,alto
13,75000.0,693,0.7518037518037518,2,3,1,1,0,1,1,1,1,0,0,0,0,medio_baixo
3,10000.0,35,0.8857142857142857,1,4,1,0,0,0,1,0,1,1,0,0,1,baixo
4,0.0,0,0.0,0,0,1,0,0,0,0,0,0,0,0,0,0,gratuito
1,10000.0,0,0.0,3,2,1,0,0,0,0,1,1,0,0,0,0,medio_alto
8,10000.0,0,0.0,1,3,1,1,1,0,1,0,0,1,0,0,1,baixo
2,0.0,0,0.0,0,0,1,0,0,0,0,0,0,0,0,0,0,gratuito
10,10000.0,15,0.7333333333333333,2,3,1,1,1,0,1,0,0,1,0,0,1,medio_alto
2,10000.0,1,1.0,1,1,1,0,0,0,0,1,0,0,0,0,0,medio_baixo
3,0.0,0,0.0,1,2,1,0,0,0,1,0,0,0,0,0,1,gratuito
8,10000.0,78,0.5641025641025641,1,5,1,0,0,0,1,1,1,1,0,0,0,gratuito
14,350000.0,978,0.8548057259713702,1,1,1,1,1,0,1,0,0,0,0,0,0,medio_baixo
6,10000.0,249,0.8755020080321285,1,3,1,0,0,2,0,0,0,0,0,0,1,medio_alto
1,0.0,0,0.0,13,2,1,0,0,0,0,1,1,0,0,0,0,medio_baixo
5,10000.0,4,0.75,1,4,1,0,0,0,1,1,0,1,0,0,0,alto
2,10000.0,0,0.0,1,1,1,0,0,0,1,0,0,0,0,0,0,medio_alto
3,10000.0,17,0.8823529411764706,1,3,1,0,0,0,1,1,1,0,0,0,0,medio_baixo
4,10000.0,13,0.6153846153846154,3,2,1,0,0,0,0,0,0,0,0,0,1,medio_alto
1,0.0,0,0.0,12,6,1,0,0,1,1,1,1,0,0,1,1,medio_baixo
5,10000.0,7,0.5714285714285714,1,3,1,0,0,1,1,1,0,1,0,0,0,medio_baixo
2,35000.0,112,0.9017857142857143,1,4,1,1,0,1,1,1,1,0,0,0,0,medio_alto
4,10000.0,0,0.0,16,1,1,0,0,0,0,0,0,0,0,0,1,gratuito
2,0.0,0,0.0,0,0,1,0,0,0,0,0,0,0,0,0,0,gratuito
2,10000.0,13,0.6153846153846154,7,3,1,0,0,0,1,1,0,1,0,0,0,medio_baixo
10,75000.0,200,0.745,5,4,1,0,0,0,1,0,1,1,1,0,0,medio_baixo
4,10000.0,0,0.0,1,2,1,0,0,0,0,0,0,0,0,1,1,medio_baixo
4,10000.0,61,0.8360655737704918,1,3,1,1,1,0,1,0,1,0,1,0,0,medio_alto
1,0.0,0,0.0,1,4,1,0,0,0,1,0,1,1,0,0,0,gratuito
6,10000.0,12,0.5833333333333334,1,3,1,1,0,0,1,0,0,0,0,1,1,baixo
1,10000.0,14,0.9285714285714286,2,1,1,0,0,0,0,1,0,0,0,0,0,alto
3,10000.0,604,0.9784768211920529,1,3,1,0,0,0,1,0,0,1,0,1,0,baixo
7,10000.0,52,0.9615384615384616,1,1,1,1,0,0,1,0,0,0,0,0,0,medio_alto
8,35000.0,31,0.9354838709677419,1,2,1,0,0,0,1,0,0,0,0,0,0,gratuito
2,10000.0,0,0.0,1,1,1,0,0,0,0,1,0,0,0,0,0,baixo
2,10000.0,168,0.6785714285714286,5,5,1,0,0,5,1,1,0,1,0,1,1,medio_alto
4,10000.0,12,0.6666666666666666,4,2,1,0,0,0,0,0,1,1,0,0,0,medio_alto
5,10000.0,2,1.0,1,4,1,0,0,0,1,1,1,0,1,0,0,alto
8,10000.0,214,0.9158878504672897,29,2,1,0,0,0,1,0,0,1,0,0,0,baixo
3,10000.0,0,0.0,3,2,1,0,0,0,0,0,0,0,0,0,1,gratuito
6,10000.0,24,0.75,1,4,1,1,1,0,1,0,1,1,1,0,0,medio_baixo
5,10000.0,8,0.75,1,1,1,0,0,0,0,1,0,0,0,0,0,baixo
2,10000.0,0,0.0,4,1,1,0,0,2,0,0,1,0,0,0,0,alto
8,10000.0,21,0.7619047619047619,1,4,1,0,0,0,1,1,1,0,0,0,0,alto
1,10000.0,0,0.0,1,2,1,1,0,0,1,0,0,1,0,0,0,medio_baixo
4,35000.0,4,0.5,1,4,1,0,0,0,1,1,1,0,0,1,0,baixo
3,0.0,0,0.0,1,3,1,0,0,3,0,1,0,1,0,0,0,gratuito
3,10000.0,17,0.6470588235294118,1,7,1,0,0,0,1,1,1,0,1,0,1,alto
14,350000.0,2353,0.8678283042923927,7,2,1,1,1,1,1,0,1,0,0,0,0,medio_baixo
2,10000.0,24,0.7083333333333334,4,2,1,0,0,0,0,1,1,0,0,0,0,baixo
4,0.0,0,0.0,0,0,1,0,0,0,0,0,0,0,0,0,0,gratuito
12,35000.0,351,0.7521367521367521,1,2,1,1,1,2,1,0,0,0,0,1,0,baixo
5,0.0,0,0.0,1,4,1,0,0,0,1,0,0,1,0,0,0,gratuito
5,10000.0,0,0.0,1,2,1,0,0,0,0,0,1,0,0,0,1,alto
8,10000.0,28,0.9285714285714286,1,4,1,0,0,0,1,1,0,1,0,0,0,medio_alto
3,10000.0,6,0.6666666666666666,1,4,1,1,1,0,0,0,0,0,0,0,0,alto
5,10000.0,14,0.7142857142857143,1,3,1,0,0,0,1,0,1,0,0,1,0,medio_baixo
5,10000.0,9,0.8888888888888888,18,3,1,0,0,0,0,1,1,1,0,0,0,baixo
5,35000.0,22,0.9545454545454546,2,2,1,0,0,0,1,1,0,0,0,0,0,medio_alto
14,750000.0,1119,0.7220732797140303,8,2,1,1,0,2,1,0,0,0,0,1,0,medio_baixo
3,10000.0,0,0.0,1,1,1,0,0,0,0,0,0,0,1,0,0,medio_alto
8,10000.0,28,0.6071428571428571,1,4,1,0,0,0,1,0,1,1,0,0,1,alto
6,10000.0,2,1.0,2,2,1,0,0,0,1,0,0,1,0,0,0,baixo
6,10000.0,38,0.7105263157894737,2,3,1,0,0,0,1,1,1,0,0,0,0,medio_baixo
12,75000.0,171,0.6666666666666666,6,3,1,0,0,0,1,1,1,0,0,0,0,baixo
1,75000.0,73,0.5753424657534246,29,2,1,0,0,0,0,1,1,0,0,0,0,medio_alto
7,35000.0,221,0.6877828054298643,4,6,1,0,0,0,1,1,1,1,1,1,0,medio_alto
5,10000.0,12,0.8333333333333334,8,4,1,0,0,0,1,1,1,1,0,0,0,medio_baixo
3,10000.0,0,0.0,3,3,1,0,0,0,0,0,0,1,0,0,0,gratuito
2,0.0,0,0.0,0,0,1,0,0,0,0,0,0,0,0,0,0,gratuito
2,10000.0,1,1.0,1,4,1,0,0,0,1,0,1,1,1,0,0,medio_baixo
1,150000.0,3579,0.871193070690137,15,6,1,0,0,0,1,1,1,0,1,1,1,alto
1,10000.0,0,0.0,11,2,1,0,0,0,0,0,0,0,0,1,1,medio_baixo
11,150000.0,110,0.5272727272727272,6,2,1,0,0,0,1,0,0,1,0,0,0,medio_alto
2,10000.0,4,0.5,2,1,1,0,0,0,1,0,0,0,0,0,0,alto
3,10000.0,0,0.0,1,2,1,0,0,0,1,1,0,0,0,0,0,medio_baixo
7,10000.0,0,0.0,1,4,1,0,0,0,1,1,1,1,0,0,0,medio_alto
4,10000.0,0,0.0,1,4,1,0,0,0,1,1,0,1,0,1,0,alto
2,10000.0,15,0.9333333333333333,2,2,1,0,0,0,0,1,0,0,0,0,0,alto
4,35000.0,18,0.8333333333333334,103,1,1,0,0,0,0,0,0,0,1,0,0,baixo
2,0.0,0,0.0,0,0,1,0,0,0,0,0,0,0,0,0,0,gratuito
2,0.0,0,0.0,1,3,1,1,1,0,1,1,1,0,0,0,0,baixo
4,0.0,0,0.0,0,0,1,0,0,0,0,0,0,0,0,0,0,gratuito
2,10000.0,2,1.0,3,4,1,0,0,0,1,0,1,1,0,1,0,medio_baixo
1,0.0,0,0.0,1,4,1,0,0,0,1,1,1,0,0,0,0,gratuito
8,10000.0,5,0.4,1,2,1,0,0,0,1,0,0,0,0,0,0,baixo
3,10000.0,4,1.0,9,2,1,0,0,0,1,1,0,0,0,0,0,medio_alto
11,35000.0,149,0.6912751677852349,1,3,1,1,0,0,1,1,0,0,0,0,0,medio_baixo
1,0.0,0,0.0,1,2,1,0,0,0,0,0,1,0,0,0,0,gratuito
1,10000.0,1,0.0,1,2,1,0,0,0,1,0,1,0,0,0,0,baixo
6,10000.0,9,0.1111111111111111,1,8,1,1,1,0,1,1,1,1,1,1,1,alto
2,10000.0,6,0.3333333333333333,1,3,1,1,1,0,1,0,1,0,1,0,0,medio_alto
17,75000.0,172,0.6802325581395349,1,2,1,0,0,0,0,0,1,1,0,0,0,medio_baixo
3,10000.0,0,0.0,2,3,1,0,0,0,1,1,1,0,0,0,0,gratuito
4,10000.0,0,0.0,1,4,1,0,0,0,1,1,0,1,0,0,0,gratuito
7,10000.0,58,0.7241379310344828,1,5,1,0,0,0,1,0,0,1,0,1,1,gratuito
3,10000.0,15,0.7333333333333333,103,3,1,0,0,0,1,0,0,0,0,0,1,medio_alto
12,75000.0,639,0.8873239436619719,3,2,1,1,1,0,1,1,0,0,0,0,0,medio_alto
5,10000.0,28,0.6428571428571429,1,4,1,0,0,0,1,0,0,1,0,1,1,medio_alto
2,10000.0,27,0.9259259259259259,13,6,1,1,0,0,1,1,0,0,1,1,0,alto
2,10000.0,4,1.0,1,2,1,0,0,2,1,0,1,0,0,0,0,medio_baixo
1,10000.0,0,0.0,1,3,1,0,0,0,1,1,1,0,0,0,0,medio_alto
5,10000.0,11,0.8181818181818182,1,3,1,0,0,0,1,1,1,0,0,0,0,medio_baixo
6,10000.0,53,0.4716981132075472,1,3,1,0,0,0,1,0,0,0,0,1,0,gratuito
1,0.0,0,0.0,0,0,1,0,0,0,0,0,0,0,0,0,0,gratuito
1,0.0,0,0.0,0,0,1,0,0,0,0,0,0,0,0,0,0,gratuito
6,10000.0,0,0.0,29,5,1,0,0,1,1,0,1,1,1,1,0,baixo
2,10000.0,11,0.2727272727272727,2,1,1,0,0,0,0,0,1,0,0,0,0,alto
6,35000.0,123,0.8048780487804879,3,3,1,0,0,0,1,0,1,0,1,0,0,baixo
9,10000.0,61,0.9180327868852459,1,2,1,0,0,0,1,0,1,0,0,0,0,medio_alto
3,10000.0,0,0.0,3,2,1,0,0,0,1,0,0,1,0,0,0,alto
9,10000.0,14,0.9285714285714286,6,3,1,0,0,0,1,0,0,1,0,1,0,medio_alto
1,0.0,0,0.0,0,0,1,0,0,0,0,0,0,0,0,0,0,gratuito
1,0.0,0,0.0,1,2,1,0,0,0,1,0,0,1,0,0,0,alto
6,10000.0,18,1.0,11,3,1,0,0,0,1,1,0,1,0,0,0,baixo
5,10000.0,129,0.7131782945736435,12,5,1,0,0,0,1,1,1,0,1,0,0,baixo
4,10000.0,121,0.628099173553719,4,2,1,1,0,1,0,0,0,0,1,0,1,alto
3,10000.0,231,0.8225108225108225,1,7,1,0,0,0,1,1,1,0,1,1,1,medio_alto
11,75000.0,602,0.8438538205980066,6,3,1,1,1,1,1,1,0,0,0,0,0,medio_baixo
10,75000.0,186,0.8494623655913979,1,3,1,0,0,0,0,0,0,1,1,0,0,gratuito
9,10000.0,123,0.7479674796747967,2,6,1,0,0,0,1,0,1,0,0,1,1,medio_alto
3,10000.0,4,0.5,1,6,1,0,0,0,1,1,0,1,0,1,0,gratuito
2,10000.0,1,0.0,1,3,1,0,0,0,0,1,0,1,0,1,0,baixo
14,35000.0,105,0.5238095238095238,1,3,1,0,0,1,1,0,0,0,0,1,1,medio_baixo
8,10000.0,61,0.9672131147540983,1,2,1,1,0,0,1,0,0,0,0,0,0,medio_baixo
1,10000.0,0,0.0,4,1,1,0,0,0,0,0,1,0,0,0,0,alto
5,10000.0,4,0.75,1,1,1,1,1,0,0,0,0,0,0,0,0,medio_alto
2,10000.0,11,0.9090909090909091,1,3,1,0,0,0,1,0,0,1,0,0,1,baixo
1,10000.0,0,0.0,15,4,1,1,0,0,1,0,1,1,0,1,0,medio_alto
8,10000.0,26,0.7692307692307693,2,5,1,0,0,0,1,1,1,0,1,0,0,alto
15,150000.0,743,0.5625841184387618,6,1,1,0,0,1,0,0,0,0,0,0,1,medio_alto
9,75000.0,575,0.8069565217391305,4,4,1,0,0,1,1,0,0,0,1,1,1,alto
3,10000.0,15,1.0,1,6,1,0,0,0,1,1,1,1,0,0,1,medio_baixo
2,10000.0,45,0.9777777777777777,2,2,1,0,0,0,1,1,0,0,0,0,0,medio_alto
2,10000.0,7,1.0,2,3,1,0,0,0,1,1,0,1,0,0,0,alto
3,0.0,0,0.0,0,0,1,0,0,0,0,0,0,0,0,0,0,gratuito
3,0.0,0,0.0,1,1,1,0,0,0,0,0,0,1,0,0,0,gratuito
1,10000.0,1,1.0,1,2,1,0,0,1,1,1,0,0,0,0,0,alto
1,0.0,0,0.0,1,2,1,0,0,0,1,0,0,0,0,1,0,baixo
11,10000.0,91,0.7692307692307693,1,1,1,0,0,0,0,0,1,0,0,0,0,baixo
4,10000.0,6,0.6666666666666666,1,3,1,0,0,0,1,0,1,0,1,0,0,medio_baixo
8,10000.0,18,0.5555555555555556,1,3,1,1,0,1,0,0,1,1,0,0,1,medio_baixo
4,10000.0,22,0.7727272727272727,1,2,1,0,0,0,1,0,1,0,0,0,0,baixo
1,0.0,0,0.0,16,3,1,0,0,0,1,1,0,0,0,0,0,alto
1,10000.0,90,0.7666666666666667,1,1,1,0,0,0,0,0,0,0,1,0,0,medio_alto
6,10000.0,1,0.0,1,3,1,0,0,0,0,0,0,1,0,0,0,alto
6,10000.0,2,0.5,1,5,1,0,0,0,1,1,1,0,0,1,1,medio_alto
7,10000.0,5,0.6,6,3,1,0,1,0,1,1,0,1,0,0,0,medio_baixo
1,10000.0,9,1.0,2,3,1,0,0,0,1,1,1,0,0,0,0,baixo
6,10000.0,5,0.6,1,4,1,0,0,0,1,0,0,0,0,1,1,alto
2,10000.0,3,0.6666666666666666,8,3,1,1,1,0,1,0,1,1,0,0,0,baixo
1,35000.0,2,1.0,5,4,1,0,0,0,0,1,1,1,1,0,0,medio_baixo
3,10000.0,0,0.0,1,3,1,0,0,0,1,0,1,0,1,0,0,medio_baixo
1,10000.0,0,0.0,1,4,1,0,0,0,1,1,1,1,0,0,0,alto
4,10000.0,42,0.8809523809523809,1,3,1,0,0,0,0,1,0,1,0,0,0,alto
1,0.0,0,0.0,1,4,1,0,0,0,0,1,0,1,0,0,0,gratuito
2,0.0,0,0.0,103,6,1,0,0,1,1,1,1,1,0,0,1,gratuito
1,0.0,0,0.0,1,3,1,1,0,0,1,0,1,1,0,0,0,medio_baixo
2,75000.0,161,0.7763975155279503,10,4,1,0,0,0,1,1,1,1,0,0,0,medio_alto
5,10000.0,0,0.0,1,2,1,0,0,0,0,0,0,1,0,0,1,medio_alto
3,10000.0,13,1.0,1,2,1,1,1,0,1,0,0,1,0,0,0,baixo
1,0.0,0,0.0,2,6,1,0,0,0,1,1,1,0,1,0,1,gratuito
1,10000.0,0,0.0,3,3,1,0,0,0,1,0,0,1,0,0,1,baixo
9,75000.0,221,0.746606334841629,4,4,1,0,0,0,1,0,0,0,0,1,1,alto
1,0.0,0,0.0,1,4,1,0,0,0,0,1,1,1,0,0,0,gratuito
4,35000.0,4,0.75,4,3,1,0,1,0,0,0,1,1,0,0,0,alto
1,35000.0,741,0.9109311740890689,8,4,1,0,0,1,1,0,0,1,1,0,1,medio_alto
1,10000.0,0,0.0,6,3,1,0,0,0,1,1,1,0,0,0,0,alto
2,10000.0,69,0.7681159420289855,3,2,1,0,0,0,0,0,0,0,1,0,0,alto
3,10000.0,4,0.75,2,1,1,0,0,0,0,1,0,0,0,0,0,medio_alto
1,10000.0,0,0.0,1,4,1,0,0,0,1,0,0,1,0,0,0,baixo
2,350000.0,1643,0.7121119902617163,15,5,1,1,0,0,1,1,0,1,1,0,0,gratuito
4,10000.0,9,0.8888888888888888,1,5,1,0,0,0,0,1,0,1,0,0,0,baixo
4,10000.0,24,0.041666666666666664,4,2,1,0,0,0,0,0,1,1,0,0,0,medio_baixo
5,10000.0,3,0.3333333333333333,1,1,1,0,0,0,0,0,0,1,0,0,0,baixo
10,150000.0,335,0.7761194029850746,2,2,1,0,0,0,1,0,0,0,0,1,0,baixo
6,10000.0,49,0.673469387755102,1,5,1,1,1,0,0,1,1,0,1,1,0,baixo
10,10000.0,59,0.2033898305084746,5,1,1,0,0,0,0,0,0,0,0,0,1,baixo
5,0.0,0,0.0,3,3,1,0,0,0,0,1,1,0,0,0,0,gratuito
3,10000.0,9,0.7777777777777778,1,3,1,0,0,0,1,1,1,0,0,0,0,medio_alto
1,10000.0,0,0.0,1,4,1,0,0,0,1,1,1,0,0,0,0,medio_alto
11,75000.0,116,0.6810344827586207,1,1,1,0,0,0,0,0,0,0,1,0,0,medio_alto
2,10000.0,33,0.8787878787878788,9,1,1,0,0,0,0,0,0,0,0,1,0,medio_alto
5,10000.0,11,0.9090909090909091,16,3,1,0,0,0,1,0,0,1,0,1,0,baixo
2,10000.0,0,0.0,1,5,1,1,1,0,1,1,1,1,1,0,0,alto
6,10000.0,21,0.5714285714285714,1,4,1,0,0,19,0,0,0,1,0,0,1,gratuito
4,10000.0,50,0.6,2,5,1,0,0,0,1,1,1,1,1,0,0,baixo
3,0.0,0,0.0,3,5,1,0,0,0,0,0,0,0,0,0,0,gratuito
1,0.0,0,0.0,0,0,1,0,0,0,0,0,0,0,0,0,0,gratuito
4,10000.0,275,0.8581818181818182,2,2,1,0,0,0,0,0,1,1,0,0,0,alto
1,10000.0,0,0.0,6,2,1,0,0,0,0,1,0,1,0,0,0,medio_alto
10,10000.0,5,1.0,1,3,1,0,0,0,0,1,0,1,0,0,0,medio_alto
1,35000.0,177,0.7740112994350282,5,2,1,1,1,0,1,0,0,0,0,0,0,medio_baixo
1,0.0,0,0.0,1,1,1,0,0,0,0,1,0,0,0,0,0,medio_baixo
2,10000.0,222,0.7747747747747747,1,3,1,0,0,0,0,1,1,0,1,0,0,medio_alto
3,10000.0,77,0.987012987012987,1,1,1,0,0,0,1,0,0,0,0,0,0,alto
9,10000.0,21,0.9047619047619048,1,5,1,0,0,0,1,0,1,1,1,1,0,baixo
8,10000.0,57,0.7368421052631579,1,6,1,0,0,0,1,1,1,1,0,0,1,medio_baixo
3,10000.0,23,0.7391304347826086,1,2,1,0,0,0,1,1,0,0,0,0,0,medio_baixo
1,0.0,0,0.0,1,3,1,0,0,1,1,1,0,0,0,0,0,gratuito
3,10000.0,21,1.0,1,3,1,0,0,1,1,0,1,0,1,0,0,medio_alto
1,0.0,0,0.0,20,3,1,0,0,0,0,0,0,1,0,0,1,gratuito
5,10000.0,26,0.8846153846153846,1,3,1,0,0,0,1,0,1,1,0,0,0,baixo
9,10000.0,22,0.6818181818181818,1,2,1,1,0,0,1,0,1,0,0,0,0,medio_alto
1,10000.0,31,1.0,8,4,1,0,0,0,1,1,1,1,0,0,0,medio_alto
2,10000.0,0,0.0,8,3,1,0,0,0,0,0,1,1,0,1,0,medio_baixo
3,35000.0,174,0.6724137931034483,3,1,1,0,0,0,1,0,0,0,0,0,0,alto
8,10000.0,8,0.75,1,2,1,0,0,0,1,0,1,0,0,0,0,baixo
8,10000.0,2,0.5,1,5,1,1,0,0,1,0,1,0,1,1,1,medio_alto
1,10000.0,0,0.0,1,5,1,0,0,0,1,1,0,0,0,1,1,alto
11,3500000.0,12220,0.8011456628477905,1,5,1,0,0,50,0,1,0,0,0,1,1,gratuito
2,10000.0,20,1.0,7,3,1,0,0,0,0,0,0,1,0,1,0,medio_baixo
5,10000.0,0,0.0,1,1,1,0,0,0,0,0,1,0,0,0,0,baixo
7,10000.0,43,0.813953488372093,2,2,1,0,0,0,1,1,0,0,0,0,0,baixo
6,10000.0,20,0.75,4,3,1,0,0,0,1,0,1,1,0,0,0,gratuito
4,10000.0,11,1.0,1,1,1,0,0,0,0,0,0,0,0,0,0,medio_baixo
1,0.0,0,0.0,1,3,1,0,0,0,0,0,1,1,0,0,0,gratuito
3,10000.0,0,0.0,1,3,1,0,0,0,0,1,1,0,1,0,0,medio_alto
6,75000.0,9,1.0,1,1,1,0,0,0,0,0,0,1,0,0,0,baixo
6,35000.0,96,0.78125,1,4,1,0,0,0,1,0,0,1,0,0,0,gratuito
1,0.0,0,0.0,1,4,1,0,0,0,1,0,1,1,0,0,0,gratuito
9,10000.0,50,0.6,0,4,1,0,0,0,0,1,1,0,0,0,0,medio_baixo
2,10000.0,0,0.0,31,3,1,0,0,0,1,0,0,0,0,1,1,medio_alto
10,10000.0,9,0.6666666666666666,1,2,1,0,0,0,1,0,0,0,0,0,0,medio_alto
6,10000.0,21,0.14285714285714285,1,3,1,1,0,0,1,0,0,0,1,0,0,baixo
1,0.0,0,0.0,1,3,1,0,0,0,0,0,1,0,0,0,1,alto
8,10000.0,9,0.7777777777777778,1,5,1,0,1,0,1,1,0,0,1,0,1,alto
6,10000.0,20,0.9,29,5,1,0,0,0,1,1,1,1,0,1,0,baixo
5,0.0,0,0.0,0,0,1,0,0,0,0,0,0,0,0,0,0,gratuito
4,10000.0,4,0.5,1,4,1,0,0,0,1,1,1,1,0,0,0,medio_alto
1,0.0,0,0.0,0,0,1,0,0,0,0,0,0,0,0,0,0,gratuito
1,10000.0,0,0.0,1,1,1,0,0,0,0,1,0,0,0,0,0,medio_baixo
7,10000.0,11,0.9090909090909091,1,2,1,0,1,0,1,0,0,1,0,0,0,medio_baixo
1,10000.0,0,0.0,1,3,1,0,0,0,1,1,1,0,0,0,0,alto
6,10000.0,231,0.5238095238095238,1,5,1,0,0,0,1,1,0,0,1,0,1,gratuito
2,10000.0,10,0.9,2,3,1,0,0,0,1,0,0,1,0,0,1,medio_baixo
2,0.0,0,0.0,0,0,1,0,0,0,0,0,0,0,0,0,0,gratuito
4,0.0,0,0.0,0,0,1,0,0,0,0,0,0,0,0,0,0,gratuito
5,0.0,0,0.0,0,0,1,0,0,0,0,0,0,0,0,0,0,gratuito
1,10000.0,47,0.8723404255319149,8,2,1,0,0,1,0,1,0,0,0,0,0,alto
4,10000.0,8,0.875,1,3,1,0,0,1,1,1,0,0,1,0,0,medio_baixo
6,750000.0,34512,0.9431212331942512,18,2,1,0,0,0,1,0,1,0,0,0,0,medio_alto
6,10000.0,67,0.8059701492537313,10,2,1,0,0,0,1,0,0,0,0,0,1,alto
3,750000.0,37125,0.6970774410774411,13,1,1,0,0,28,0,1,0,0,0,0,0,alto
1,10000.0,0,0.0,1,3,1,0,0,0,1,1,0,1,0,0,0,medio_baixo
11,75000.0,295,0.6779661016949152,2,1,1,0,0,0,0,0,1,0,0,0,0,baixo
6,10000.0,10,0.7,8,3,1,1,0,0,1,1,0,1,0,0,0,alto
9,10000.0,9,0.8888888888888888,1,2,1,0,0,0,0,0,1,1,0,0,0,medio_alto
3,10000.0,6,0.5,4,3,1,0,0,0,0,0,1,1,0,0,1,alto
1,10000.0,0,0.0,1,2,1,0,0,0,1,1,0,0,0,0,0,medio_alto
1,0.0,0,0.0,0,0,1,0,0,0,0,0,0,0,0,0,0,gratuito
4,10000.0,21,0.5714285714285714,0,1,1,1,0,0,1,0,0,0,0,0,0,alto
4,0.0,0,0.0,3,3,1,0,0,0,1,1,0,0,0,0,0,gratuito
2,10000.0,18,0.8333333333333334,2,2,1,0,0,1,1,0,1,0,0,0,0,baixo
12,150000.0,2240,0.6526785714285714,1,4,1,1,0,1,0,0,0,0,0,0,0,gratuito
9,10000.0,50,0.56,1,4,1,0,0,1,0,0,0,0,0,0,0,gratuito
4,10000.0,63,0.8253968253968254,1,3,1,0,0,0,1,1,1,0,0,0,0,medio_alto
4,10000.0,14,0.8571428571428571,1,4,1,1,0,0,1,1,1,0,1,0,0,alto
5,10000.0,50,0.96,8,2,1,0,0,0,1,0,0,1,0,0,0,baixo
1,10000.0,125,0.872,4,3,1,0,1,0,1,0,0,1,1,0,0,alto
1,10000.0,0,0.0,3,2,1,0,0,0,0,0,1,0,1,0,0,alto
5,10000.0,17,0.8235294117647058,3,3,1,0,0,0,1,1,1,0,0,0,0,medio_baixo
3,10000.0,3,0.3333333333333333,1,2,1,0,0,0,0,0,0,0,1,0,1,medio_baixo
3,10000.0,6,1.0,1,4,1,0,0,0,1,0,1,1,0,0,0,gratuito
1,0.0,0,0.0,0,0,1,0,0,0,0,0,0,0,0,0,0,gratuito
1,10000.0,2,1.0,30,5,1,0,0,0,1,0,1,1,0,0,1,medio_baixo
10,10000.0,56,0.48214285714285715,1,3,1,0,0,0,1,0,0,1,0,1,0,medio_alto
5,10000.0,0,0.0,29,1,1,0,0,0,0,0,0,1,0,0,0,baixo
1,0.0,0,0.0,0,0,1,0,0,0,0,0,0,0,0,0,0,gratuito
7,10000.0,0,0.0,1,2,1,0,0,0,1,0,0,0,1,0,0,alto
5,75000.0,7,0.7142857142857143,1,4,1,0,0,0,1,0,1,1,0,0,1,medio_baixo
6,35000.0,42,0.5238095238095238,1,3,1,0,0,0,1,0,1,1,0,0,0,medio_alto
2,0.0,0,0.0,0,0,1,0,0,0,0,0,0,0,0,0,0,gratuito
6,10000.0,1,1.0,1,3,1,1,1,0,1,1,0,0,0,0,0,alto
6,75000.0,252,0.8531746031746031,3,3,1,1,0,1,1,0,1,0,0,0,1,medio_alto
2,10000.0,0,0.0,2,4,1,0,0,0,1,1,0,1,0,1,0,medio_baixo
5,10000.0,0,0.0,1,4,1,0,0,0,1,1,0,1,0,0,0,medio_baixo
10,150000.0,228,0.75,1,3,1,0,0,1,1,1,0,1,0,0,0,baixo
2,10000.0,0,0.0,1,3,1,1,1,2,1,0,0,1,0,0,1,medio_alto
6,10000.0,7,0.5714285714285714,3,4,1,0,0,0,0,0,0,0,1,1,1,medio_alto
1,350000.0,2746,0.7698470502549163,12,3,1,0,0,0,1,0,0,0,0,1,1,alto
4,10000.0,202,0.9851485148514851,2,5,1,0,0,0,0,1,1,0,1,1,0,alto
1,10000.0,0,0.0,1,1,1,0,0,0,1,0,0,0,0,0,0,baixo
3,75000.0,352,0.9488636363636364,3,4,1,0,0,1,1,0,1,1,1,0,0,baixo
7,10000.0,16,0.75,1,2,1,0,0,0,1,0,0,0,0,0,0,baixo
6,75000.0,30,0.9,4,2,1,0,0,0,1,0,1,0,0,0,0,baixo
3,10000.0,3,0.3333333333333333,16,3,1,0,0,0,0,0,1,1,0,0,1,alto
1,0.0,0,0.0,6,2,1,1,1,27,0,0,0,1,0,0,0,gratuito
1,0.0,0,0.0,1,4,1,0,0,0,0,1,1,0,1,0,0,gratuito
2,0.0,0,0.0,1,1,1,0,0,0,0,0,0,0,0,0,0,gratuito
6,10000.0,24,0.75,3,1,1,0,0,0,1,0,0,0,0,0,0,baixo
6,10000.0,33,0.7878787878787878,1,2,1,0,1,1,0,0,1,1,0,0,0,medio_alto
1,10000.0,0,0.0,6,1,1,1,1,0,0,0,0,1,0,0,0,alto
1,0.0,0,0.0,0,0,1,0,0,0,0,0,0,0,0,0,0,gratuito
5,0.0,0,0.0,0,0,1,0,0,0,0,0,0,0,0,0,0,gratuito
3,35000.0,4,0.75,1,4,1,0,0,0,1,0,1,0,1,1,0,medio_alto
1,10000.0,0,0.0,1,2,1,0,0,0,1,0,0,1,0,0,0,medio_baixo
14,3500000.0,20995,0.8144320076208621,3,5,1,0,0,0,0,1,1,0,1,0,0,gratuito
4,10000.0,10,0.3,1,3,1,1,1,0,1,0,1,0,1,0,0,medio_alto
1,10000.0,18,1.0,1,3,1,0,0,0,1,0,1,0,1,0,0,medio_alto
1,0.0,0,0.0,103,5,1,0,0,0,1,1,1,1,0,0,0,gratuito
2,10000.0,0,0.0,1,2,1,0,0,0,0,0,0,0,1,0,1,medio_alto
1,10000.0,0,0.0,1,3,1,0,0,0,1,0,0,0,0,0,1,medio_baixo
9,10000.0,31,0.5483870967741935,1,3,1,0,0,0,1,0,0,0,0,1,0,gratuito
18,35000.0,114,0.5964912280701754,1,1,1,0,0,0,0,0,1,0,0,0,0,gratuito
1,0.0,0,0.0,2,1,1,0,0,0,1,0,0,0,0,0,0,gratuito
4,10000.0,5,0.4,1,4,1,0,0,0,1,0,0,1,0,1,1,medio_baixo
7,75000.0,1125,0.8142222222222222,7,3,1,0,0,0,1,0,1,1,0,0,0,medio_alto
1,10000.0,0,0.0,1,2,1,0,0,0,0,0,0,0,0,1,0,gratuito
2,10000.0,0,0.0,3,2,1,0,0,0,0,0,0,1,0,0,0,baixo
18,150000.0,231,0.5887445887445888,3,1,1,0,0,0,0,1,0,0,0,0,0,baixo
1,10000.0,0,0.0,2,6,1,1,0,0,1,0,0,1,1,1,1,gratuito
3,10000.0,83,0.6385542168674698,1,1,1,0,0,0,0,0,0,0,0,0,0,alto
7,35000.0,506,0.8675889328063241,6,2,1,0,0,21,0,0,1,0,0,0,1,medio_baixo
6,10000.0,1,1.0,1,3,1,0,0,0,0,0,0,0,0,1,1,medio_alto
6,10000.0,38,0.8157894736842105,103,2,1,0,0,0,1,0,0,0,0,0,1,medio_baixo
2,10000.0,0,0.0,1,2,1,0,0,0,0,0,0,1,1,0,0,alto
7,10000.0,10,0.4,1,3,1,0,0,0,0,1,0,0,1,1,0,gratuito
6,350000.0,2718,0.8572479764532744,9,1,1,1,0,0,0,0,1,0,0,0,0,medio_alto
1,0.0,0,0.0,1,3,1,0,0,0,1,1,0,0,0,0,0,gratuito
5,10000.0,11,0.6363636363636364,1,3,1,0,0,0,1,0,1,0,0,0,1,baixo
2,350000.0,2,1.0,20,1,1,0,0,0,0,1,0,0,0,0,0,medio_baixo
4,10000.0,3,0.6666666666666666,1,2,1,0,0,0,1,0,1,0,0,0,0,baixo
2,10000.0,155,0.8451612903225807,4,4,1,0,0,1,1,1,1,1,0,0,0,medio_alto
4,10000.0,35,0.6857142857142857,1,8,1,0,0,0,0,1,1,1,1,1,1,gratuito
5,10000.0,14,0.9285714285714286,1,4,1,0,0,1,1,1,1,0,1,0,0,medio_baixo
10,10000.0,167,0.8383233532934131,1,3,1,1,1,0,1,0,1,1,0,0,0,baixo
3,0.0,0,0.0,7,2,1,0,0,0,1,0,0,0,0,0,0,gratuito
5,35000.0,2,1.0,1,4,1,0,1,0,1,1,1,1,0,0,0,baixo
2,10000.0,9,0.7777777777777778,11,4,1,0,0,0,1,0,0,1,0,1,1,medio_baixo
1,0.0,0,0.0,1,3,1,0,0,0,0,1,0,1,0,0,0,gratuito
1,10000.0,0,0.0,1,5,1,0,0,0,1,0,1,1,0,0,1,medio_baixo
1,10000.0,4,0.75,1,3,1,0,1,0,1,1,0,1,0,0,0,medio_alto
6,10000.0,222,0.9414414414414415,5,5,1,0,0,0,1,1,1,1,0,0,1,baixo
2,10000.0,7,1.0,1,1,1,0,0,0,0,1,0,0,0,0,0,baixo
2,10000.0,11,1.0,1,3,1,0,0,0,1,1,0,1,0,0,0,medio_baixo
6,35000.0,5,0.8,1,4,1,0,0,0,1,0,0,1,1,0,1,baixo
4,10000.0,0,0.0,1,1,1,0,0,0,0,0,1,0,0,0,0,baixo
1,0.0,0,0.0,1,2,1,0,0,0,0,1,0,0,0,1,0,medio_alto
7,10000.0,23,0.9565217391304348,2,4,1,0,0,0,1,1,0,0,0,0,0,gratuito
7,10000.0,6,1.0,2,4,1,0,0,0,0,0,1,0,1,1,1,alto
1,0.0,0,0.0,1,2,1,1,0,0,0,0,0,1,0,1,0,medio_alto
2,10000.0,1,0.0,1,3,1,0,1,0,1,0,0,0,0,1,1,alto
9,35000.0,53,0.4716981132075472,2,4,1,0,0,0,0,0,0,1,0,0,0,gratuito
1,0.0,0,0.0,1,4,1,0,0,0,1,1,1,1,0,0,0,medio_baixo
7,10000.0,7,0.5714285714285714,1,1,1,0,0,0,0,0,0,0,0,1,0,alto
10,35000.0,175,0.8457142857142858,2,1,1,0,0,1,0,0,1,0,0,0,0,medio_baixo
9,10000.0,10,0.5,6,3,1,1,0,0,0,1,0,1,1,0,0,medio_alto
5,10000.0,0,0.0,1,2,1,0,1,0,0,0,1,0,0,0,0,alto
2,0.0,0,0.0,0,0,1,0,0,0,0,0,0,0,0,0,0,gratuito
4,10000.0,8,0.875,14,2,1,0,0,0,1,0,0,1,0,0,0,baixo
4,75000.0,1,1.0,2,2,1,0,0,0,0,1,1,0,0,0,0,medio_baixo
7,10000.0,30,0.7666666666666667,1,3,1,0,0,0,1,0,0,0,0,1,0,gratuito
6,10000.0,12,0.8333333333333334,2,6,1,0,0,0,1,1,1,0,1,1,0,medio_baixo
2,10000.0,47,0.7872340425531915,1,4,1,0,0,0,1,1,0,0,0,0,1,alto
5,0.0,0,0.0,0,0,1,0,0,0,0,0,0,0,0,0,0,gratuito
2,0.0,0,0.0,0,0,1,0,0,0,0,0,0,0,0,0,0,gratuito
6,10000.0,3,1.0,9,3,1,0,0,0,1,1,0,1,0,0,0,alto
3,10000.0,0,0.0,5,5,1,0,0,0,0,1,1,1,1,0,1,baixo
2,10000.0,0,0.0,1,2,1,0,0,0,1,0,0,1,0,0,0,baixo
4,35000.0,138,0.8478260869565217,2,3,1,0,0,0,1,1,1,0,0,0,0,baixo
1,0.0,0,0.0,2,2,1,0,0,0,1,1,0,0,0,0,0,medio_baixo
6,10000.0,32,0.59375,1,2,1,0,0,0,1,0,0,0,0,0,1,alto
7,10000.0,0,0.0,1,2,1,0,0,0,0,1,0,0,0,0,1,alto
9,10000.0,11,0.8181818181818182,1,6,1,1,0,0,1,1,1,0,1,0,0,medio_baixo
9,10000.0,1,1.0,2,1,1,0,0,0,0,0,0,1,0,0,0,alto
15,10000.0,32,0.71875,1,3,1,1,0,0,1,1,0,0,0,1,0,medio_alto
1,10000.0,0,0.0,16,5,1,0,0,0,1,1,0,1,0,1,1,medio_baixo
7,1500000.0,51484,0.9011149094864424,10,3,1,1,1,4,1,1,1,0,0,0,0,medio_baixo
3,10000.0,2,0.0,1,3,1,0,0,0,1,1,0,0,0,0,0,medio_baixo
4,35000.0,9,0.6666666666666666,1,4,1,1,1,0,1,1,1,1,0,0,0,baixo
2,10000.0,1,1.0,1,1,1,0,0,0,1,0,0,0,0,0,0,medio_alto
1,10000.0,0,0.0,1,2,1,0,0,0,0,1,0,1,0,0,0,medio_alto
5,10000.0,0,0.0,1,4,1,0,0,6,1,1,1,0,0,0,1,alto
4,10000.0,14,0.21428571428571427,1,6,1,0,0,3,1,0,1,1,1,1,1,baixo
3,10000.0,0,0.0,3,2,1,0,0,1,1,0,0,0,1,0,0,medio_alto
7,10000.0,0,0.0,1,5,1,0,0,0,1,0,0,1,1,1,1,baixo
9,10000.0,56,0.6607142857142857,5,2,1,1,0,0,1,0,0,0,0,0,1,medio_alto
2,10000.0,5,0.2,24,3,1,0,0,0,0,0,0,0,0,0,0,alto
1,10000.0,0,0.0,30,2,1,0,0,0,1,0,0,1,0,0,0,baixo
3,10000.0,40,0.55,3,4,1,0,0,0,1,1,1,0,0,0,1,medio_alto
2,10000.0,148,0.9459459459459459,0,2,1,0,0,0,1,0,0,0,0,0,0,gratuito
4,0.0,0,0.0,2,4,1,0,0,0,0,1,1,0,0,0,0,gratuito
2,150000.0,2443,0.9398280802292264,3,4,1,0,0,0,1,0,0,1,0,0,1,alto
3,10000.0,1,1.0,1,3,1,0,1,1,1,0,1,0,1,0,0,medio_alto
4,10000.0,6,1.0,1,1,1,1,0,0,0,0,0,1,0,0,0,medio_alto
2,0.0,0,0.0,1,3,1,0,0,0,0,1,0,0,0,0,0,gratuito
3,0.0,0,0.0,1,1,1,1,0,1,0,0,0,0,1,0,0,gratuito
3,10000.0,18,0.8888888888888888,1,3,1,0,0,0,1,0,0,0,0,0,0,gratuito
7,10000.0,3,1.0,1,3,1,0,0,0,1,1,0,1,0,0,0,baixo
9,10000.0,13,0.8461538461538461,2,2,1,0,0,1,1,1,0,0,0,0,0,medio_baixo
6,10000.0,3,0.0,1,3,1,0,0,0,1,0,0,1,0,1,0,alto
1,0.0,0,0.0,1,6,1,0,0,0,1,0,1,1,1,0,1,gratuito
1,10000.0,0,0.0,1,2,1,0,0,0,0,1,0,1,0,0,0,baixo
3,10000.0,0,0.0,1,4,1,0,0,0,1,0,0,1,1,0,1,medio_alto
9,35000.0,8,0.5,3,4,1,1,1,0,1,0,0,1,1,1,0,medio_alto
4,10000.0,3,0.6666666666666666,4,1,1,0,0,0,0,0,0,1,0,0,0,medio_alto
2,10000.0,4,1.0,8,1,1,0,0,0,1,0,0,0,0,0,0,baixo
3,10000.0,173,0.7861271676300579,17,3,1,1,1,0,1,1,1,0,0,0,0,baixo
4,0.0,0,0.0,0,0,1,0,0,0,0,0,0,0,0,0,0,gratuito
1,10000.0,3,1.0,1,3,1,0,0,0,1,0,1,0,1,0,0,medio_alto
10,10000.0,90,0.9888888888888889,6,2,1,1,1,0,1,0,0,1,0,0,0,baixo
3,0.0,0,0.0,1,2,1,0,0,0,0,0,0,0,1,0,0,gratuito
5,0.0,0,0.0,0,0,1,0,0,0,0,0,0,0,0,0,0,gratuito
2,10000.0,12,0.5,1,1,1,0,0,0,1,0,0,0,0,0,0,medio_baixo
1,10000.0,0,0.0,2,7,1,0,0,0,1,1,1,1,1,1,0,medio_baixo
4,0.0,0,0.0,1,4,1,1,0,1,1,0,1,1,0,0,1,gratuito
16,35000.0,116,0.45689655172413796,5,1,1,0,0,0,0,0,0,0,0,1,0,baixo
1,0.0,0,0.0,2,1,1,0,0,0,0,0,0,0,0,1,0,medio_alto
6,10000.0,1,0.0,4,1,1,0,0,0,0,0,0,1,0,0,0,medio_baixo
2,0.0,0,0.0,0,0,1,0,0,0,0,0,0,0,0,0,0,gratuito
1,0.0,0,0.0,0,0,1,0,0,0,0,0,0,0,0,0,0,gratuito
2,0.0,0,0.0,0,0,1,0,0,0,0,0,0,0,0,0,0,gratuito
1,10000.0,7,0.5714285714285714,1,3,1,0,0,0,1,1,0,0,0,0,0,alto
11,10000.0,49,0.6122448979591837,1,3,1,0,0,0,1,0,0,0,0,1,1,alto
4,10000.0,2,1.0,1,2,1,0,0,0,1,0,1,0,0,0,0,baixo
7,10000.0,9,0.8888888888888888,1,3,1,0,0,0,1,1,0,1,0,0,0,baixo
5,10000.0,38,0.7105263157894737,1,3,1,0,1,0,1,0,0,1,0,1,0,baixo
2,10000.0,328,0.7225609756097561,7,3,1,0,0,0,1,1,0,0,0,0,1,alto
2,10000.0,0,0.0,1,3,1,0,0,0,1,1,0,1,0,0,0,baixo
5,10000.0,0,0.0,1,4,1,0,0,0,1,0,1,1,0,0,1,medio_baixo
1,10000.0,6,0.8333333333333334,6,5,1,0,0,0,1,1,1,0,0,1,1,baixo
3,10000.0,0,0.0,1,1,1,0,0,1,0,0,0,0,0,0,1,gratuito
4,0.0,0,0.0,1,2,1,0,0,0,1,1,0,0,0,0,0,gratuito
8,10000.0,19,0.8947368421052632,1,4,1,0,0,0,0,1,0,1,0,0,1,medio_baixo
2,0.0,0,0.0,10,4,1,0,0,0,1,0,1,0,1,1,0,gratuito
4,0.0,0,0.0,0,0,1,0,0,0,0,0,0,0,0,0,0,gratuito
6,10000.0,2,1.0,1,1,1,0,0,0,1,0,0,0,0,0,0,alto
2,10000.0,2,1.0,1,3,1,0,0,0,0,1,0,1,0,0,0,medio_alto
9,35000.0,135,0.6518518518518519,1,4,1,0,0,2,0,0,0,1,0,1,0,gratuito
7,35000.0,31,0.6774193548387096,2,1,1,0,0,0,0,0,1,0,0,0,0,medio_baixo
1,0.0,0,0.0,0,0,1,0,0,0,0,0,0,0,0,0,0,gratuito
2,10000.0,4,0.75,12,3,1,0,0,0,1,0,0,1,0,0,1,medio_baixo
4,10000.0,1,1.0,1,3,1,0,0,0,1,1,0,1,0,0,0,medio_baixo
4,10000.0,0,0.0,1,1,1,0,0,1,0,0,1,0,0,0,0,alto
10,35000000.0,886195,0.9844153939031477,12,3,1,1,1,1,1,0,0,0,1,0,1,alto
1,0.0,0,0.0,2,5,1,1,0,0,1,0,0,1,0,1,1,gratuito
8,10000.0,6,0.5,2,3,1,0,0,0,1,0,1,0,0,0,0,medio_baixo
1,10000.0,0,0.0,4,2,1,0,0,0,1,0,0,1,0,0,0,medio_baixo
7,10000.0,32,0.78125,1,3,1,0,0,0,0,0,1,0,1,0,0,gratuito
1,10000.0,0,0.0,2,3,1,0,0,0,1,1,0,1,0,0,0,medio_alto
7,10000.0,15,0.13333333333333333,1,2,1,0,0,0,1,0,1,0,0,0,0,baixo
1,0.0,0,0.0,0,0,1,0,0,0,0,0,0,0,0,0,0,gratuito
6,10000.0,43,0.6046511627906976,1,3,1,0,0,0,1,0,0,0,0,0,0,medio_baixo
1,10000.0,0,0.0,2,1,1,0,0,0,0,0,0,0,0,0,0,medio_alto
1,0.0,0,0.0,0,0,1,0,0,0,0,0,0,0,0,0,0,gratuito
1,10000.0,8,0.875,13,6,1,0,0,1,1,1,1,1,0,0,0,medio_alto
2,10000.0,217,0.8571428571428571,8,2,1,0,0,0,1,0,0,0,0,0,1,alto
5,10000.0,0,0.0,1,2,1,0,0,0,1,0,0,1,0,0,0,baixo
2,10000.0,4,1.0,2,3,1,0,0,0,1,1,0,1,0,0,0,medio_baixo
1,10000.0,0,0.0,5,1,1,0,0,0,0,0,0,0,1,0,0,medio_alto
10,750000.0,30176,0.82283934252386,17,3,1,0,0,1,1,0,0,0,0,0,1,medio_baixo
2,10000.0,0,0.0,1,1,1,0,0,0,0,0,0,1,0,0,0,medio_alto
8,10000.0,28,0.5714285714285714,1,5,1,0,0,0,1,0,0,0,0,1,0,gratuito
10,10000.0,15,0.4666666666666667,1,3,1,0,0,0,1,0,0,1,0,1,0,medio_baixo
1,10000.0,0,0.0,5,6,1,0,0,0,1,0,1,1,1,1,1,alto
6,10000.0,6,0.8333333333333334,2,2,1,0,0,0,1,0,0,0,0,0,0,baixo
9,10000.0,34,0.47058823529411764,1,8,1,1,0,0,1,1,0,0,1,0,1,alto
3,75000.0,1144,0.7106643356643356,4,3,1,0,0,1,0,0,0,0,1,1,1,alto
3,10000.0,6,0.8333333333333334,1,1,1,0,0,0,0,0,0,1,0,0,0,baixo
1,10000.0,81,1.0,1,5,1,0,0,0,1,1,0,1,0,0,0,alto
1,10000.0,4,0.75,1,2,1,0,0,0,1,1,0,0,0,0,0,baixo
5,10000.0,76,0.8421052631578947,1,3,1,0,0,0,1,1,0,0,0,0,0,alto
7,10000.0,52,0.4423076923076923,1,6,1,0,0,0,1,0,0,1,0,0,1,alto
2,10000.0,23,0.9565217391304348,14,3,1,1,0,0,1,1,1,0,0,0,0,medio_alto
9,10000.0,31,0.6451612903225806,1,3,1,0,0,0,1,1,1,0,0,0,0,baixo
8,150000.0,31,0.967741935483871,10,4,1,0,0,0,1,1,1,1,0,0,0,medio_baixo
7,10000.0,10,0.9,2,4,1,0,0,0,1,0,0,1,0,1,1,medio_baixo
1,0.0,0,0.0,2,5,1,0,0,0,0,1,0,0,1,0,1,gratuito
1,10000.0,7,0.5714285714285714,1,3,1,1,0,0,1,0,1,0,0,0,1,baixo
5,10000.0,0,0.0,1,3,1,0,0,0,1,0,1,0,1,0,0,medio_alto
2,35000.0,396,0.98989898989899,1,2,1,0,1,0,1,0,1,0,0,0,0,medio_alto
6,10000.0,41,0.6341463414634146,9,5,1,0,0,0,1,1,1,1,0,0,1,baixo
1,0.0,0,0.0,1,3,1,1,1,1,1,0,0,1,1,0,0,medio_baixo
4,10000.0,12,1.0,1,4,1,0,0,0,1,1,0,1,0,0,0,medio_alto
4,35000.0,3,1.0,1,3,1,1,1,0,1,0,0,1,0,1,0,medio_baixo
3,10000.0,178,0.7134831460674157,8,1,1,0,0,6,0,0,0,0,1,0,0,medio_alto
1,10000.0,0,0.0,1,2,1,0,1,0,1,0,0,0,0,0,0,baixo
10,35000.0,280,0.7392857142857143,7,3,1,0,0,0,0,0,0,0,0,0,1,baixo
3,10000.0,30,0.8666666666666667,1,2,1,0,0,1,0,0,0,0,0,0,1,alto
8,10000.0,149,0.7248322147651006,4,2,1,0,0,1,1,1,0,0,0,0,0,medio_alto
3,10000.0,0,0.0,1,3,1,0,0,0,1,1,0,0,0,0,0,gratuito
2,10000.0,42,0.9523809523809523,5,4,1,0,0,0,1,1,1,1,0,0,0,medio_alto
2,0.0,0,0.0,2,4,1,0,0,2,1,0,1,0,1,0,0,gratuito
8,10000.0,14,0.2857142857142857,1,1,1,0,0,0,0,1,0,0,0,0,0,medio_alto
2,0.0,0,0.0,1,2,1,0,0,0,0,0,0,0,0,1,0,gratuito
2,10000.0,113,0.8761061946902655,1,3,1,0,0,0,0,0,1,1,0,0,0,baixo
3,10000.0,5,0.6,1,3,1,0,0,0,1,0,1,0,1,0,0,gratuito
2,10000.0,13805,0.4623687069902209,14,1,1,0,0,0,0,1,0,0,0,0,0,alto
10,35000.0,44,0.6363636363636364,1,3,1,0,1,0,1,0,1,1,0,0,0,medio_baixo
1,10000.0,1,1.0,2,2,1,1,1,0,0,0,1,0,0,0,0,medio_alto
15,150000.0,770,0.7766233766233767,2,4,1,0,1,0,1,0,1,1,0,1,0,medio_baixo
10,1500000.0,11892,0.9486209216279852,5,1,1,0,0,2,0,0,0,0,1,0,0,alto
3,150000.0,1060,0.8264150943396227,8,3,1,0,0,0,1,1,1,0,0,0,0,baixo
3,10000.0,6,0.8333333333333334,1,3,1,0,0,0,1,0,0,1,0,1,0,baixo
6,750000.0,14511,0.8793329198539039,13,3,1,0,0,3,1,0,1,0,1,0,0,medio_alto
2,750000.0,43049,0.9530534971776348,14,2,1,0,0,0,0,1,1,0,0,0,0,alto
5,0.0,0,0.0,1,2,1,0,0,0,0,0,1,0,0,0,0,gratuito
1,10000.0,0,0.0,4,2,1,0,0,1,0,0,0,1,0,0,1,alto
5,150000.0,2160,0.6851851851851852,1,3,1,0,0,0,1,0,1,0,0,0,1,alto
4,10000.0,32,0.625,1,4,1,0,0,0,1,1,0,0,0,1,0,gratuito
3,10000.0,3,1.0,1,2,1,0,0,0,0,1,0,0,0,0,0,medio_baixo
2,10000.0,100,0.91,0,1,1,0,0,0,1,0,0,0,0,0,0,alto
5,10000.0,60,0.7833333333333333,3,2,1,1,1,0,1,0,1,0,0,0,0,alto
2,0.0,0,0.0,1,4,1,0,0,0,1,1,0,1,0,0,0,gratuito
8,10000.0,40,0.375,6,4,1,1,0,2,1,1,0,1,0,1,0,medio_baixo
2,10000.0,3,1.0,9,2,1,0,0,0,1,0,0,0,0,0,1,baixo
3,10000.0,0,0.0,1,1,1,0,0,0,1,0,0,0,0,0,0,baixo
3,10000.0,2,0.5,1,3,1,0,0,0,1,1,1,0,0,0,0,medio_baixo
3,10000.0,35,0.4857142857142857,1,4,1,0,0,0,1,0,1,0,1,0,1,alto
4,0.0,0,0.0,1,3,1,1,0,0,1,0,1,1,0,0,0,gratuito
6,10000.0,0,0.0,1,2,1,0,0,0,0,1,0,0,0,0,0,alto
7,10000.0,15,0.3333333333333333,1,2,1,0,0,4,1,0,0,1,0,0,0,baixo
5,10000.0,13,1.0,2,2,1,0,0,0,1,0,1,0,0,0,0,gratuito
6,10000.0,0,0.0,1,3,1,0,1,0,1,0,1,1,0,0,0,medio_alto
1,0.0,0,0.0,1,6,1,0,0,0,1,1,1,1,1,1,0,medio_alto
3,10000.0,0,0.0,1,4,1,0,0,0,0,0,1,0,0,1,1,alto
5,10000.0,5,0.8,21,1,1,1,0,0,0,0,0,1,0,0,0,baixo
3,0.0,0,0.0,0,0,1,0,0,0,0,0,0,0,0,0,0,gratuito
3,10000.0,22,0.9545454545454546,1,3,1,0,0,0,1,1,0,0,1,0,0,medio_baixo
2,10000.0,0,0.0,30,3,1,0,0,0,1,1,0,0,1,0,0,alto
3,0.0,0,0.0,0,0,1,0,0,0,0,0,0,0,0,0,0,gratuito
3,10000.0,0,0.0,1,1,1,0,0,0,0,0,0,0,0,1,0,medio_baixo
8,10000.0,37,0.5945945945945946,9,6,1,0,0,0,1,1,1,0,0,0,1,medio_alto
3,10000.0,29,1.0,4,4,1,0,0,0,1,1,1,1,0,0,0,baixo
4,0.0,0,0.0,0,0,1,0,0,0,0,0,0,0,0,0,0,gratuito
3,35000.0,2,1.0,1,4,1,1,0,0,1,1,0,1,1,0,0,alto
5,35000.0,3,1.0,1,3,1,0,0,0,1,0,0,1,0,1,0,medio_baixo
5,10000.0,16,0.8125,3,1,1,0,0,0,1,0,0,0,0,0,0,baixo
2,10000.0,0,0.0,1,4,1,0,1,2,1,0,1,1,0,0,1,alto
1,10000.0,1,0.0,1,3,1,0,0,0,0,1,1,0,0,0,0,baixo
3,10000.0,144,0.9305555555555556,7,5,1,0,0,1,1,0,1,1,0,1,1,medio_baixo
6,10000.0,49,0.673469387755102,11,3,1,0,0,1,1,0,1,1,0,0,0,medio_baixo
2,10000.0,17,1.0,13,2,1,1,0,0,1,1,0,0,0,0,0,medio_baixo
1,10000.0,3,1.0,1,1,1,0,0,0,0,0,0,0,0,1,0,medio_alto
3,10000.0,14,0.9285714285714286,1,2,1,0,0,0,0,0,0,1,0,0,0,medio_alto
4,0.0,0,0.0,11,4,1,0,0,0,1,0,1,1,0,0,0,gratuito
7,10000.0,2,0.0,4,3,1,0,0,0,0,1,1,1,0,0,0,medio_alto
1,0.0,0,0.0,0,0,1,0,0,0,0,0,0,0,0,0,0,gratuito
8,750000.0,13327,0.7672394387333984,9,3,1,0,0,4,1,1,1,0,0,0,0,alto
2,10000.0,195,0.8,1,2,1,1,0,0,0,0,0,0,0,0,1,gratuito
11,3500000.0,57412,0.9431826099073365,9,1,1,0,0,0,0,1,0,0,0,0,0,gratuito
9,10000.0,4,0.25,1,3,1,0,0,0,1,1,0,0,0,0,0,alto
3,35000.0,1,1.0,1,1,1,0,0,0,0,1,0,0,0,0,0,medio_alto
3,10000.0,27,0.8888888888888888,5,2,1,0,0,0,1,1,0,0,0,0,0,medio_alto
3,10000.0,2,1.0,8,3,1,0,0,0,1,1,0,1,0,0,0,medio_alto
6,10000.0,8,0.75,1,2,1,0,0,0,1,1,0,0,0,0,0,medio_alto
7,10000.0,4,0.25,1,2,1,0,0,0,0,0,1,0,0,0,0,alto
6,10000.0,21,0.9047619047619048,1,1,1,0,0,0,0,1,0,0,0,0,0,medio_alto
4,10000.0,129,0.8372093023255814,1,3,1,0,0,0,1,0,0,0,0,1,1,medio_baixo
9,10000.0,30,0.5,4,4,1,0,0,0,1,0,0,0,0,0,1,medio_alto
1,10000.0,66,0.7424242424242424,3,2,1,0,0,0,1,0,0,0,1,0,0,alto
2,10000.0,0,0.0,1,3,1,0,0,0,0,1,0,1,0,1,0,alto
8,10000.0,488,0.8770491803278688,8,3,1,1,0,0,1,0,0,0,0,0,1,medio_alto
1,0.0,0,0.0,0,0,1,0,0,0,0,0,0,0,0,0,0,gratuito
4,75000.0,1402,0.8209700427960057,3,3,1,0,0,1,1,0,0,1,0,1,0,alto
4,10000.0,0,0.0,2,3,1,1,1,0,1,1,0,1,0,0,0,medio_baixo
8,10000.0,20,1.0,1,3,1,1,0,0,1,1,0,0,0,0,0,alto
4,10000.0,231,0.8874458874458875,9,3,1,0,0,2,1,1,0,1,0,0,0,medio_alto
3,0.0,0,0.0,0,0,1,0,0,0,0,0,0,0,0,0,0,gratuito
5,10000.0,5,1.0,1,4,1,0,0,0,1,1,1,0,1,0,0,medio_alto
2,10000.0,1,1.0,6,2,1,0,0,0,1,1,0,0,0,0,0,baixo
6,750000.0,5039,0.8106767215717404,14,2,1,0,0,0,0,1,0,0,0,0,1,alto
3,10000.0,2,0.5,1,1,1,0,0,0,0,0,0,1,0,0,0,baixo
3,0.0,0,0.0,0,0,1,0,0,0,0,0,0,0,0,0,0,gratuito
3,10000.0,0,0.0,1,1,1,1,0,0,0,0,0,1,0,0,0,medio_baixo
1,0.0,0,0.0,28,2,1,0,0,0,1,0,0,1,0,0,0,baixo
7,10000.0,51,0.8627450980392157,1,4,1,1,0,0,1,0,1,1,0,0,1,gratuito
10,10000.0,29,0.5862068965517241,1,3,1,0,0,0,0,0,0,1,0,0,0,medio_alto
2,10000.0,9,1.0,1,2,1,0,0,0,1,1,0,0,0,0,0,medio_alto
5,10000.0,40,0.575,1,2,1,0,0,0,1,0,0,0,0,0,1,gratuito
3,10000.0,8,0.625,1,4,1,0,0,0,1,1,1,0,0,0,0,medio_alto
12,35000.0,120,0.85,1,1,1,0,0,0,0,0,1,0,0,0,0,baixo
2,10000.0,0,0.0,1,4,1,0,0,0,1,1,0,1,0,0,0,gratuito
4,10000.0,7,0.7142857142857143,1,2,1,0,0,0,0,1,1,0,0,0,0,medio_alto
7,750000.0,9315,0.748792270531401,10,1,1,0,0,461,0,1,0,0,0,0,0,alto
8,10000.0,16,0.75,1,1,1,0,0,0,0,0,1,0,0,0,0,baixo
7,10000.0,0,0.0,1,1,1,0,0,0,0,0,1,0,0,0,0,alto
11,10000.0,14,0.7857142857142857,1,2,1,0,0,0,0,0,0,0,1,0,0,alto
2,10000.0,22,0.7727272727272727,1,1,1,0,0,0,0,0,1,0,0,0,0,alto
1,0.0,0,0.0,2,3,1,0,0,0,1,0,1,0,0,0,0,gratuito
5,0.0,0,0.0,1,4,1,1,1,6,1,0,0,1,0,0,1,gratuito
6,10000.0,66,0.7575757575757576,1,4,1,0,0,1,1,1,1,0,1,0,0,baixo
1,10000.0,0,0.0,1,2,1,0,0,0,1,0,0,1,0,0,0,baixo
2,0.0,0,0.0,1,3,1,0,0,0,1,1,0,0,0,0,0,gratuito
1,0.0,0,0.0,0,0,1,0,0,0,0,0,0,0,0,0,0,gratuito
6,10000.0,18,0.5,1,3,1,0,0,0,1,1,1,0,0,0,0,baixo
3,10000.0,3,0.6666666666666666,1,1,1,0,0,0,0,0,0,0,0,1,0,baixo
9,350000.0,2910,0.9206185567010309,6,1,1,1,1,0,0,0,1,0,0,0,0,medio_baixo
3,75000.0,1250,0.6128,14,3,1,0,0,8,0,0,0,1,0,1,1,alto
2,10000.0,2,0.5,1,2,1,0,0,0,0,0,1,0,0,1,0,alto
2,10000.0,35,0.37142857142857144,6,3,1,0,0,0,0,0,0,1,0,1,1,alto
2,75000.0,3,1.0,1,2,1,0,1,0,1,0,0,1,0,0,0,medio_baixo
5,35000.0,843,0.8078291814946619,8,2,1,0,0,1,0,1,1,0,0,0,0,medio_baixo
5,10000.0,10,1.0,5,2,1,0,0,0,1,0,0,1,0,0,0,medio_alto
1,0.0,0,0.0,1,2,1,0,0,0,0,0,0,1,0,1,0,baixo
7,10000.0,10,0.8,1,2,1,1,1,0,1,0,0,0,0,1,0,medio_baixo
4,10000.0,35,0.9428571428571428,5,4,1,1,1,1,1,1,0,0,1,1,0,medio_baixo
6,10000.0,16,0.6875,1,3,1,1,0,0,1,0,1,1,0,0,0,medio_alto
2,10000.0,0,0.0,3,5,1,0,0,0,0,1,1,0,1,1,1,medio_alto
1,0.0,0,0.0,3,2,1,1,0,0,0,0,0,0,0,0,0,gratuito
2,10000.0,17,0.8823529411764706,1,4,1,0,0,0,1,1,1,1,0,0,0,medio_alto
1,0.0,0,0.0,1,5,1,0,0,0,1,1,1,0,1,0,0,gratuito
6,10000.0,13,0.8461538461538461,1,3,1,0,0,0,1,1,0,1,0,0,0,baixo
2,10000.0,106,0.9811320754716981,1,1,1,0,0,0,0,0,0,1,0,0,0,medio_baixo
2,10000.0,7,0.7142857142857143,1,5,1,0,0,0,0,1,0,0,1,0,1,gratuito
5,150000.0,2986,0.7283991962491627,11,2,1,0,0,1,0,0,1,0,0,0,1,medio_alto
10,35000.0,175,0.7085714285714285,1,3,1,0,0,1,1,1,1,0,0,0,0,baixo
2,10000.0,41,0.9024390243902439,7,3,1,0,0,0,1,1,1,0,0,0,0,medio_alto
3,10000.0,8,0.875,1,3,1,0,0,0,1,1,0,0,0,0,0,medio_alto
2,10000.0,0,0.0,5,1,1,0,0,0,0,0,0,1,0,0,0,medio_baixo
10,35000.0,108,0.4351851851851852,1,1,1,0,0,0,0,0,0,1,0,0,0,medio_baixo
8,35000.0,236,0.9067796610169492,9,1,1,0,0,0,0,1,0,0,0,0,0,alto
1,10000.0,1,1.0,1,3,1,0,0,0,1,1,0,1,0,0,0,medio_baixo
17,75000.0,208,0.7980769230769231,2,3,1,0,0,0,0,1,1,0,0,1,0,baixo
6,10000.0,8,0.75,1,2,1,0,0,0,1,0,0,1,0,0,0,medio_alto
4,35000.0,6,0.6666666666666666,1,1,1,0,0,0,0,0,0,1,0,0,0,medio_alto
8,10000.0,160,0.8125,1,3,1,0,0,0,1,0,1,0,1,0,0,medio_baixo
1,10000.0,0,0.0,2,1,1,1,0,0,0,0,0,0,1,0,0,medio_alto
8,35000.0,42,0.8095238095238095,1,2,1,0,0,0,1,1,0,0,0,0,0,baixo
4,10000.0,52,0.4423076923076923,10,1,1,0,0,3,0,1,0,0,0,0,0,alto
3,10000.0,6,0.8333333333333334,13,3,1,0,0,0,1,0,0,1,0,1,0,alto
2,0.0,0,0.0,4,2,1,0,0,0,1,0,0,0,0,1,0,gratuito
1,10000.0,0,0.0,4,4,1,0,0,0,1,1,0,1,0,1,0,medio_baixo
15,750000.0,2704,0.7951183431952663,1,3,1,0,0,3,0,0,0,0,1,0,0,gratuito
1,0.0,0,0.0,1,3,1,0,0,0,1,1,0,1,0,0,0,baixo
2,10000.0,179,0.9329608938547486,8,1,1,1,0,0,0,0,0,1,0,0,0,medio_baixo
5,10000.0,14,0.8571428571428571,8,2,1,0,0,0,1,0,0,1,0,0,0,baixo
4,35000.0,2,1.0,1,2,1,0,0,1,0,0,1,1,0,0,0,medio_baixo
1,10000.0,58,1.0,1,2,1,1,1,1,1,0,1,0,0,0,0,medio_alto
2,0.0,0,0.0,103,5,1,0,0,3,1,1,0,1,0,0,1,gratuito
2,0.0,0,0.0,17,6,1,0,0,0,1,1,1,1,0,0,1,gratuito
1,10000.0,0,0.0,10,7,1,0,0,0,1,1,0,1,0,1,1,alto
13,350000.0,1302,0.6835637480798771,5,2,1,1,1,0,0,0,0,0,1,1,0,medio_baixo
1,10000.0,0,0.0,1,3,1,0,0,0,1,1,0,1,0,0,0,alto
5,10000.0,76,0.75,9,4,1,1,1,3,0,1,1,1,0,0,0,gratuito
7,10000.0,26,0.6923076923076923,1,5,1,0,0,0,1,1,1,0,1,0,0,medio_baixo
8,150000.0,1874,0.8847385272145144,1,2,1,1,0,0,1,0,0,0,0,0,1,medio_alto
3,750000.0,57,0.9649122807017544,11,3,1,0,0,0,1,0,1,0,0,1,0,medio_baixo
8,10000.0,16,0.875,1,5,1,0,0,0,1,1,1,1,0,0,0,gratuito
5,10000.0,1,1.0,1,1,1,1,0,0,0,0,0,1,0,0,0,medio_baixo
2,10000.0,46,0.3695652173913043,103,5,1,0,0,0,0,1,1,0,1,1,1,medio_baixo
10,35000.0,207,0.642512077294686,1,4,1,1,0,1,1,1,1,0,1,0,0,baixo
6,750000.0,2336,0.9242294520547946,2,5,1,0,0,0,0,0,0,0,0,0,0,medio_alto
1,0.0,0,0.0,0,0,1,0,0,0,0,0,0,0,0,0,0,gratuito
1,10000.0,0,0.0,1,3,1,1,0,0,0,1,0,0,0,0,1,gratuito
5,10000.0,35,0.2571428571428571,9,4,1,0,0,0,1,0,1,1,0,0,1,baixo
4,75000.0,102,0.6078431372549019,1,2,1,0,0,0,0,1,1,0,0,0,0,gratuito
2,10000.0,511,0.9569471624266145,7,3,1,0,0,1,0,0,1,1,0,0,1,alto
7,10000.0,0,0.0,1,4,1,1,0,0,1,1,1,0,1,0,0,alto
1,10000.0,0,0.0,1,3,1,0,0,0,1,1,1,0,0,0,0,medio_alto
1,10000.0,62,0.9032258064516129,3,2,1,0,0,0,1,1,0,0,0,0,0,alto
2,10000.0,1,1.0,2,3,1,0,0,0,1,0,0,0,0,1,0,medio_alto
8,10000.0,383,0.9138381201044387,9,4,1,0,0,1,1,1,1,0,1,0,0,baixo
3,0.0,0,0.0,103,3,1,0,0,0,1,1,0,1,0,0,0,baixo
1,0.0,0,0.0,12,3,1,0,0,0,1,0,0,1,0,1,0,medio_baixo
6,35000.0,24,0.8333333333333334,1,2,1,0,0,0,0,0,0,0,0,0,0,gratuito
2,10000.0,0,0.0,2,1,1,0,0,0,0,1,0,0,0,0,0,medio_alto
6,10000.0,167,0.49101796407185627,1,8,1,0,0,0,1,1,1,1,1,0,1,alto
5,10000.0,14,0.35714285714285715,1,8,1,0,0,0,1,1,1,1,1,0,1,medio_baixo
1,0.0,0,0.0,0,0,1,0,0,0,0,0,0,0,0,0,0,gratuito
4,10000.0,0,0.0,1,2,1,1,1,0,0,1,0,0,0,0,0,gratuito
4,0.0,0,0.0,0,0,1,0,0,0,0,0,0,0,0,0,0,gratuito
6,10000.0,10,0.7,2,4,1,1,0,0,1,1,1,1,0,0,0,baixo
5,35000.0,1,1.0,2,3,1,1,1,0,1,1,1,0,0,0,0,medio_baixo
14,3500000.0,68636,0.9608223089923655,7,2,1,0,0,0,0,1,1,0,0,0,0,medio_alto
11,10000.0,325,0.9476923076923077,1,4,1,1,0,1,1,0,1,0,1,1,0,baixo
7,10000.0,0,0.0,29,3,1,0,0,0,1,0,0,1,0,1,0,baixo
6,10000.0,7,0.8571428571428571,1,2,1,0,0,0,0,0,1,1,0,0,0,medio_alto
7,10000.0,2,1.0,1,4,1,0,0,0,1,1,1,1,0,0,0,baixo
3,0.0,0,0.0,29,4,1,0,0,0,1,1,1,0,1,0,0,gratuito
10,35000.0,95,0.49473684210526314,1,3,1,0,0,0,1,1,0,1,0,0,0,baixo
5,10000.0,0,0.0,6,1,1,1,1,0,0,0,0,1,0,0,0,medio_alto
3,10000.0,2,0.0,1,1,1,0,1,0,0,1,0,0,0,0,0,medio_alto
6,35000.0,8,0.375,1,4,1,0,0,0,1,0,1,0,1,1,0,alto
7,10000.0,3,0.6666666666666666,1,3,1,1,0,0,0,1,1,0,1,0,0,alto
1,0.0,0,0.0,0,0,1,0,0,0,0,0,0,0,0,0,0,gratuito
2,10000.0,16,0.8125,2,2,1,0,0,0,1,0,0,0,1,0,0,baixo
2,0.0,0,0.0,0,0,1,0,0,0,0,0,0,0,0,0,0,gratuito
10,10000.0,5,0.6,1,2,1,0,0,0,0,0,0,0,0,0,1,gratuito
1,0.0,0,0.0,0,0,1,0,0,0,0,0,0,0,0,0,0,gratuito
8,75000.0,77,0.7142857142857143,1,4,1,0,0,0,1,1,1,0,1,0,0,medio_baixo
5,10000.0,103,0.8252427184466019,5,2,1,0,0,0,1,0,1,0,0,0,0,medio_alto
7,10000.0,18,0.6666666666666666,1,1,1,0,0,0,0,0,0,0,0,1,0,alto
1,10000.0,18,0.6666666666666666,1,1,1,0,0,0,0,1,0,0,0,0,0,medio_baixo
5,150000.0,1679,0.798094103633115,18,4,1,1,1,0,1,0,0,0,0,1,1,alto
4,0.0,0,0.0,1,7,1,0,1,0,0,0,0,0,0,0,0,gratuito
6,10000.0,27,0.9629629629629629,1,3,1,1,0,0,1,1,0,1,0,0,0,baixo
8,10000.0,26,0.7307692307692307,1,1,1,0,0,0,1,0,0,0,0,0,0,baixo
2,10000.0,15,1.0,2,3,1,0,0,0,1,0,0,1,0,1,0,baixo
11,35000.0,180,0.8888888888888888,1,2,1,0,0,2,1,1,0,0,0,0,0,baixo
5,10000.0,22,0.9545454545454546,1,4,1,0,0,0,1,0,1,0,0,0,1,medio_baixo
5,10000.0,52,0.9807692307692307,1,3,1,0,0,0,1,0,0,0,0,0,1,medio_alto
3,0.0,0,0.0,0,0,1,0,0,0,0,0,0,0,0,0,0,gratuito
1,10000.0,398,0.8819095477386935,9,4,1,0,0,0,1,1,1,1,0,0,0,medio_alto
4,10000.0,9,1.0,2,1,1,0,0,0,1,0,0,0,0,0,0,medio_baixo
7,10000.0,14,0.7857142857142857,13,3,1,0,0,0,1,0,1,1,0,0,0,medio_baixo
6,10000.0,3,0.6666666666666666,2,7,1,0,0,0,1,1,1,1,1,1,0,baixo
9,1500000.0,26,0.9230769230769231,2,3,1,0,0,0,0,0,1,0,0,0,1,gratuito
3,10000.0,6,0.3333333333333333,1,1,1,1,0,0,0,0,1,0,0,0,0,alto
1,0.0,0,0.0,1,4,1,0,0,0,1,1,1,0,0,0,0,medio_alto
11,150000.0,466,0.9055793991416309,1,3,1,1,0,0,1,0,1,1,0,0,0,medio_alto
3,35000.0,169,0.9349112426035503,2,5,1,0,0,0,1,0,1,1,1,1,0,medio_alto
1,0.0,0,0.0,1,2,1,0,0,0,1,1,0,0,0,0,0,medio_baixo
1,10000.0,0,0.0,13,2,1,0,0,0,0,1,1,0,0,0,0,medio_alto
1,0.0,0,0.0,3,6,1,0,0,1,0,1,0,0,0,1,0,gratuito
7,35000.0,2,0.5,1,4,1,0,0,0,1,0,1,1,1,0,0,medio_alto
3,10000.0,1,0.0,1,2,1,0,0,0,1,0,1,0,0,0,0,alto
5,10000.0,0,0.0,3,1,1,1,1,0,0,0,0,1,0,0,0,medio_alto
3,10000.0,26,1.0,1,1,1,0,0,0,0,1,0,0,0,0,0,baixo
1,0.0,0,0.0,5,2,1,0,0,0,0,0,0,1,1,0,0,medio_baixo
11,750000.0,3043,0.9020703253368386,4,2,1,0,0,0,0,0,1,0,1,0,0,baixo
8,10000.0,11,0.9090909090909091,1,3,1,0,0,0,1,1,0,0,0,0,1,medio_alto
1,10000.0,38,0.7894736842105263,12,3,1,0,0,0,1,0,0,1,0,0,1,medio_alto
7,10000.0,4,0.75,1,3,1,0,0,0,1,1,1,0,0,0,0,alto
6,10000.0,4,1.0,1,4,1,0,0,0,1,0,0,1,0,0,1,baixo
1,10000.0,0,0.0,1,4,1,0,0,0,1,0,0,0,1,1,0,medio_baixo
1,10000.0,0,0.0,1,7,1,0,0,0,1,1,1,1,1,0,1,medio_baixo
9,35000.0,79,0.8354430379746836,2,3,1,0,0,0,1,0,1,0,0,0,0,gratuito
3,10000.0,3,1.0,1,2,1,0,0,0,1,0,0,0,0,1,0,baixo
9,10000.0,56,1.0,1,2,1,1,1,0,1,0,1,0,0,0,0,medio_alto
1,75000.0,1605,0.8560747663551402,9,4,1,0,0,2,1,1,1,0,1,0,0,alto
6,75000.0,557,0.7612208258527827,2,2,1,0,0,0,1,0,0,0,1,0,0,alto
1,0.0,0,0.0,0,0,1,0,0,0,0,0,0,0,0,0,0,gratuito
8,10000.0,178,0.8876404494382022,11,4,1,1,0,1,1,1,0,1,0,0,0,alto
20,7500000.0,4899,0.7464788732394366,1,1,1,0,1,0,0,1,0,0,0,0,0,medio_baixo
2,0.0,0,0.0,0,0,1,0,0,0,0,0,0,0,0,0,0,gratuito
3,0.0,0,0.0,0,0,1,0,0,0,0,0,0,0,0,0,0,gratuito
5,10000.0,2,0.0,1,4,1,1,1,0,1,1,1,0,1,0,0,medio_alto
3,10000.0,240,0.9291666666666667,9,2,1,1,1,0,1,1,0,0,0,0,0,alto
10,75000.0,232,0.4698275862068966,1,5,1,0,0,0,1,0,0,1,0,1,0,gratuito
1,0.0,0,0.0,0,0,1,0,0,0,0,0,0,0,0,0,0,gratuito
9,35000.0,212,0.1650943396226415,1,3,1,0,0,0,0,1,1,0,1,0,0,baixo
4,0.0,0,0.0,1,5,1,0,0,0,1,1,1,1,0,0,0,gratuito
8,10000.0,124,0.6935483870967742,8,4,1,0,1,0,1,0,1,1,1,0,0,gratuito
2,10000.0,2,0.5,1,3,1,1,0,0,1,1,0,1,0,0,0,medio_baixo
2,10000.0,0,0.0,1,3,1,0,0,0,0,1,1,0,1,0,0,gratuito
4,350000.0,6,0.8333333333333334,1,1,1,1,0,2,0,0,1,0,0,0,0,medio_alto
2,10000.0,0,0.0,2,3,1,0,0,0,1,0,0,1,0,0,0,baixo
2,10000.0,1,1.0,1,3,1,0,0,0,0,0,1,1,1,0,0,alto
5,10000.0,0,0.0,1,1,1,0,1,0,1,0,0,0,0,0,0,alto
2,10000.0,5,1.0,1,4,1,0,0,0,1,0,0,1,0,0,1,baixo
4,35000.0,983,0.8789420142421159,1,1,1,0,0,1,1,0,0,0,0,0,0,baixo
4,10000.0,19,1.0,2,4,1,0,0,0,1,1,1,0,1,0,0,medio_baixo
2,0.0,0,0.0,0,0,1,0,0,0,0,0,0,0,0,0,0,gratuito
2,0.0,0,0.0,0,0,1,0,0,0,0,0,0,0,0,0,0,gratuito
1,10000.0,97,0.9690721649484536,1,4,1,0,0,0,1,1,1,0,1,0,0,alto
9,35000.0,194,0.8350515463917526,1,3,1,1,1,1,1,0,1,0,0,1,0,medio_alto
4,35000.0,236,0.6822033898305084,19,2,1,0,0,0,1,1,0,0,0,0,0,medio_alto
1,10000.0,0,0.0,7,3,1,0,0,0,1,1,0,0,1,0,0,alto
2,10000.0,0,0.0,5,4,1,0,1,0,1,0,1,1,0,1,0,medio_baixo
1,10000.0,0,0.0,9,3,1,0,0,0,1,1,0,0,0,0,0,medio_alto
2,10000.0,194,0.6443298969072165,2,6,1,0,0,0,1,1,1,1,1,0,1,baixo
1,35000.0,434,0.9147465437788018,7,3,1,1,1,0,0,1,0,0,0,1,1,alto
7,10000.0,37,0.918918918918919,1,3,1,0,0,0,0,0,0,0,0,0,1,gratuito
8,35000.0,142,0.6901408450704225,6,2,1,0,0,1,1,1,0,0,0,0,0,medio_baixo
5,35000.0,15,0.4666666666666667,2,4,1,0,0,0,1,1,1,1,0,0,0,alto
6,35000.0,66,0.8484848484848485,2,3,1,0,0,0,1,0,1,1,0,0,0,gratuito
5,75000.0,645,0.7798449612403101,3,4,1,0,0,1,1,0,0,1,0,1,1,medio_baixo
1,10000.0,0,0.0,16,3,1,0,0,0,1,1,0,0,1,0,0,alto
4,10000.0,11,1.0,8,5,1,0,0,0,1,1,1,1,0,1,0,medio_baixo
1,150000.0,2047,0.8529555446995604,12,4,1,0,1,0,1,0,1,1,0,0,1,medio_baixo
2,35000.0,6,0.8333333333333334,3,2,1,1,1,0,1,0,1,0,0,0,0,medio_alto
1,10000.0,2,0.5,1,1,1,0,0,0,0,0,0,1,0,0,0,alto
3,10000.0,39,0.9487179487179487,4,1,1,0,0,0,0,0,1,0,0,0,0,medio_alto
1,0.0,0,0.0,1,2,1,0,1,0,0,0,0,0,0,0,0,gratuito
2,10000.0,6,0.6666666666666666,2,2,1,0,0,0,0,0,0,1,0,1,0,medio_alto
9,7500000.0,186835,0.9628495731527819,12,2,1,1,0,3,1,1,0,0,0,0,0,alto
2,10000.0,6,1.0,2,3,1,1,0,0,1,0,1,1,0,0,0,alto
2,10000.0,0,0.0,15,3,1,0,0,1,1,0,0,1,0,0,0,medio_baixo
2,10000.0,34,1.0,2,3,1,0,0,0,1,0,0,0,0,1,1,alto
5,10000.0,65,0.8769230769230769,9,3,1,1,0,0,1,1,1,0,0,0,0,baixo
12,7500000.0,429921,0.9327899776935763,1,2,1,1,0,0,1,1,0,0,0,0,0,medio_baixo
4,10000.0,84,0.7738095238095238,1,2,1,1,0,0,1,1,0,0,0,0,0,gratuito
21,750000.0,2678,0.7595220313666916,6,1,1,0,0,0,0,0,0,0,1,0,0,baixo
4,10000.0,1,1.0,2,2,1,0,0,0,1,0,0,0,1,0,0,alto
8,35000.0,255,0.8470588235294118,1,3,1,0,0,1,1,0,0,0,1,0,0,gratuito
4,10000.0,5,0.4,1,4,1,0,0,0,1,1,1,1,0,0,0,medio_baixo
8,7500000.0,168464,0.9708246272200589,15,3,1,1,1,8,1,1,1,0,0,0,0,alto
4,10000.0,7,0.42857142857142855,103,5,1,0,0,0,1,0,1,1,0,1,1,baixo
6,10000.0,0,0.0,1,2,1,0,0,0,1,0,0,1,0,0,0,medio_alto
6,10000.0,37,0.7567567567567568,3,2,1,0,0,0,1,0,1,0,0,0,0,medio_alto
1,10000.0,0,0.0,1,5,1,0,0,0,1,1,0,1,0,0,1,medio_baixo
1,0.0,0,0.0,103,3,1,0,0,0,1,0,1,1,0,0,0,baixo
4,0.0,0,0.0,0,0,1,0,0,0,0,0,0,0,0,0,0,gratuito
10,350000.0,3621,0.5338304335818834,1,3,1,0,0,1,1,1,0,0,1,0,0,baixo
4,10000.0,1,1.0,2,2,1,0,0,0,1,0,0,1,0,0,0,medio_alto
1,10000.0,0,0.0,11,1,1,1,0,0,1,0,0,0,0,0,0,alto
1,0.0,0,0.0,0,0,1,0,0,0,0,0,0,0,0,0,0,gratuito
4,10000.0,1,1.0,2,5,1,0,0,0,1,1,1,1,1,0,0,medio_baixo
10,750000.0,2797,0.646406864497676,6,2,1,0,0,0,0,0,0,0,0,0,1,gratuito
7,10000.0,23,0.6521739130434783,1,4,1,0,0,0,1,0,1,1,0,0,0,medio_alto
2,0.0,0,0.0,1,4,1,0,0,0,1,0,1,1,0,0,0,gratuito
9,10000.0,7,0.8571428571428571,1,2,1,0,0,0,1,0,0,0,0,0,1,medio_alto
1,0.0,0,0.0,0,0,1,0,0,0,0,0,0,0,0,0,0,gratuito
1,0.0,0,0.0,0,0,1,0,0,0,0,0,0,0,0,0,0,gratuito
1,0.0,0,0.0,1,3,1,0,0,0,1,0,0,1,0,0,0,medio_baixo
6,0.0,0,0.0,0,0,1,0,0,0,0,0,0,0,0,0,0,gratuito
1,0.0,0,0.0,1,4,1,0,0,0,0,0,0,0,1,1,0,gratuito
1,0.0,0,0.0,0,0,1,0,0,0,0,0,0,0,0,0,0,gratuito
5,10000.0,0,0.0,2,1,1,0,0,0,1,0,0,0,0,0,0,medio_baixo
1,10000.0,407,0.6142506142506142,11,4,1,0,0,0,1,1,1,0,1,0,0,alto
2,10000.0,6,1.0,13,2,1,0,0,0,1,1,0,0,0,0,0,medio_baixo
1,10000.0,9,1.0,2,1,1,0,0,0,0,0,1,0,0,0,0,medio_baixo
3,10000.0,0,0.0,2,3,1,0,0,0,1,0,0,1,0,1,0,medio_alto
4,10000.0,2,0.5,2,3,1,0,0,0,1,0,1,1,0,0,0,medio_alto
9,35000.0,33,0.8181818181818182,4,2,1,0,0,0,0,0,1,1,0,0,0,medio_alto
2,10000.0,0,0.0,1,3,1,0,1,0,1,0,0,1,0,0,0,gratuito
3,10000.0,28,0.39285714285714285,1,4,1,0,0,0,1,0,0,0,1,1,1,baixo
1,0.0,0,0.0,1,3,1,1,1,0,0,0,0,1,0,1,0,gratuito
1,10000.0,0,0.0,12,1,1,0,0,0,0,1,0,0,0,0,0,alto
6,10000.0,14,0.35714285714285715,1,3,1,0,0,0,1,1,1,0,0,0,0,gratuito
4,150000.0,1477,0.7000677048070413,22,1,1,0,0,0,0,0,1,0,0,0,0,alto
1,10000.0,0,0.0,5,3,1,1,1,1,1,0,1,0,0,1,0,alto
2,10000.0,5,0.8,4,3,1,1,1,0,0,0,0,1,0,1,1,medio_alto
5,10000.0,23,0.5652173913043478,1,5,1,0,0,0,1,1,1,1,0,0,1,baixo
3,10000.0,1,0.0,2,4,1,0,0,0,1,1,0,1,0,0,1,medio_alto
8,10000.0,39,0.5641025641025641,9,5,1,1,0,0,1,1,0,1,1,0,0,baixo
1,0.0,0,0.0,0,0,1,0,0,0,0,0,0,0,0,0,0,gratuito
8,10000.0,28,0.6428571428571429,1,4,1,0,0,0,1,1,1,0,0,0,1,medio_alto
11,10000.0,358,0.33519553072625696,1,3,1,1,1,0,1,0,0,0,1,0,1,alto
9,10000.0,26,0.7692307692307693,2,3,1,0,0,0,1,0,1,1,0,0,0,medio_alto
1,10000.0,0,0.0,17,3,1,0,0,0,1,1,0,1,0,0,0,baixo
2,0.0,0,0.0,11,5,1,0,0,0,1,1,0,1,1,0,0,gratuito
3,10000.0,8,1.0,4,3,1,0,0,0,1,1,1,0,0,0,0,alto
8,350000.0,4024,0.8812127236580517,14,3,1,0,0,2,0,0,0,0,0,1,1,medio_alto
10,10000.0,35,0.4,1,4,1,0,0,0,1,1,0,0,0,0,0,gratuito
3,0.0,0,0.0,0,0,1,0,0,0,0,0,0,0,0,0,0,gratuito
1,0.0,0,0.0,1,1,1,0,0,0,0,0,1,0,0,0,0,baixo
6,35000.0,15,0.8666666666666667,1,5,1,0,0,0,1,0,1,1,1,0,0,gratuito
7,10000.0,45,0.4444444444444444,5,2,1,1,0,0,0,0,1,1,0,0,0,medio_baixo
4,10000.0,0,0.0,3,2,1,0,0,0,0,0,1,0,0,1,0,medio_alto
3,0.0,0,0.0,0,0,1,0,0,0,0,0,0,0,0,0,0,gratuito
6,10000.0,3,0.3333333333333333,1,4,1,0,0,0,1,1,1,0,0,1,0,medio_baixo
7,750000.0,70,0.5142857142857142,1,3,1,0,0,0,1,0,0,1,0,0,1,baixo
7,10000.0,17,0.7647058823529411,1,2,1,0,0,0,0,0,0,1,0,0,1,gratuito
4,0.0,0,0.0,103,3,1,1,1,0,1,0,0,1,0,1,0,baixo
1,0.0,0,0.0,13,4,1,0,0,0,1,0,0,1,1,1,0,baixo
5,10000.0,22,0.9090909090909091,1,1,1,0,0,0,0,0,0,1,0,0,0,gratuito
3,10000.0,1,1.0,1,2,1,0,0,0,0,1,0,0,0,0,0,alto
3,10000.0,0,0.0,1,4,1,1,1,2,1,0,1,1,1,0,0,alto
8,350000.0,5273,0.8152854162715721,12,4,1,0,0,2,1,1,1,0,1,0,0,alto
9,10000.0,48,0.2916666666666667,1,2,1,0,0,0,1,0,1,0,0,0,0,baixo
6,35000.0,120,0.8083333333333333,9,2,1,1,1,0,0,0,1,1,0,0,0,medio_alto
3,10000.0,7,0.5714285714285714,1,2,1,0,0,0,0,0,1,1,0,0,0,medio_baixo
5,75000.0,488,0.8217213114754098,12,4,1,0,0,1,1,0,0,1,0,1,1,medio_alto
1,750000.0,18400,0.8385869565217391,7,4,1,0,0,1,0,1,1,0,1,0,0,alto
2,10000.0,4,1.0,3,3,1,0,0,0,1,0,0,0,0,1,0,medio_alto
7,10000.0,21,0.7142857142857143,1,3,1,0,0,0,1,0,0,1,0,0,1,baixo
3,10000.0,0,0.0,103,6,1,0,0,0,1,1,1,1,1,0,1,baixo
1,35000.0,1,1.0,1,3,1,0,0,0,1,1,0,1,0,0,0,medio_baixo
1,10000.0,0,0.0,19,3,1,1,0,60,0,0,0,1,0,0,0,baixo
5,0.0,0,0.0,1,3,1,0,0,1,1,0,0,1,0,0,0,gratuito
1,10000.0,0,0.0,12,1,1,0,0,2,0,1,0,0,0,0,0,alto
11,35000.0,228,0.6885964912280702,1,2,1,0,0,0,1,0,1,0,0,0,0,medio_baixo
6,35000.0,160,0.925,1,2,1,0,0,0,1,0,1,0,0,0,0,medio_baixo
1,10000.0,2,1.0,7,3,1,0,0,0,1,0,0,1,0,0,1,medio_baixo
4,0.0,0,0.0,0,0,1,0,0,0,0,0,0,0,0,0,0,gratuito
6,10000.0,41,0.7073170731707317,6,3,1,0,0,0,1,0,0,1,0,0,1,alto
3,35000.0,15,0.4,4,2,1,0,0,1,0,0,1,1,0,0,0,medio_alto
2,10000.0,0,0.0,1,2,1,1,1,1,0,0,1,0,1,0,0,medio_alto
9,10000.0,153,0.9281045751633987,1,3,1,0,0,0,1,1,1,0,0,0,0,baixo
3,10000.0,0,0.0,1,2,1,0,0,0,0,0,1,0,1,0,0,alto
1,0.0,0,0.0,1,2,1,0,0,0,0,0,0,0,1,0,0,alto
2,75000.0,75,0.8533333333333334,30,2,1,1,1,1,1,0,0,0,0,1,0,medio_baixo
6,10000.0,7,1.0,1,3,1,0,0,0,1,0,0,1,0,1,0,medio_baixo
6,10000.0,4,1.0,2,2,1,0,0,0,0,1,0,1,0,0,0,medio_baixo
2,10000.0,13,0.6923076923076923,1,1,1,0,0,0,0,0,0,0,1,0,0,baixo
3,0.0,0,0.0,0,0,1,0,0,0,0,0,0,0,0,0,0,gratuito
5,35000.0,2,1.0,2,1,1,0,0,0,0,1,0,0,0,0,0,medio_alto
2,0.0,0,0.0,0,0,1,0,0,0,0,0,0,0,0,0,0,gratuito
1,10000.0,0,0.0,10,4,1,0,1,0,1,0,0,1,0,1,1,medio_alto
5,35000.0,5,1.0,1,3,1,0,0,0,0,0,0,1,0,1,1,baixo
1,10000.0,0,0.0,3,2,1,1,0,0,0,0,1,1,0,0,0,medio_alto
4,10000.0,7,1.0,1,3,1,0,0,0,0,1,1,0,1,0,0,alto
5,10000.0,24,0.8333333333333334,1,1,1,0,0,2,0,0,1,0,0,0,0,gratuito
9,10000.0,38,0.6052631578947368,2,3,1,0,0,0,1,0,1,1,0,0,0,medio_alto
3,0.0,0,0.0,0,0,1,0,0,0,0,0,0,0,0,0,0,gratuito
2,0.0,0,0.0,0,0,1,0,0,0,0,0,0,0,0,0,0,gratuito
2,10000.0,0,0.0,1,2,1,0,0,0,1,0,1,0,0,0,0,alto
1,0.0,0,0.0,103,2,1,0,0,0,1,0,0,1,0,0,0,baixo
2,10000.0,2,1.0,18,5,1,0,0,0,1,1,1,1,1,0,0,baixo
2,10000.0,3,0.6666666666666666,1,3,1,0,0,0,1,0,0,1,0,1,0,alto
10,10000.0,64,0.90625,1,3,1,1,1,1,1,0,1,1,0,0,0,medio_alto
9,10000.0,9,1.0,1,2,1,0,0,0,0,0,1,1,0,0,0,baixo
1,10000.0,0,0.0,6,5,1,0,0,0,1,1,0,0,1,0,0,alto
5,0.0,0,0.0,0,0,1,0,0,0,0,0,0,0,0,0,0,gratuito
3,10000.0,1,1.0,5,2,1,0,0,1,1,0,0,1,0,0,0,medio_baixo
1,0.0,0,0.0,7,3,1,0,0,0,1,0,1,1,0,0,0,baixo
9,10000.0,30,0.8666666666666667,2,1,1,0,0,0,0,0,0,0,0,1,0,medio_alto
7,35000.0,45,0.6888888888888889,2,5,1,0,0,0,1,1,1,1,0,0,0,medio_baixo
9,35000.0,35,0.8,9,2,1,1,0,0,0,0,0,1,0,1,0,gratuito
4,0.0,0,0.0,1,3,1,0,0,0,1,0,0,1,0,1,0,gratuito
11,10000.0,21,0.42857142857142855,1,1,1,1,1,0,0,1,0,0,0,0,0,medio_baixo
2,35000.0,26,1.0,11,2,1,0,0,1,1,1,0,0,0,0,0,medio_baixo
11,150000.0,1377,0.7509077705156136,13,3,1,1,1,1,1,0,0,1,0,0,1,baixo
5,10000.0,14,0.5714285714285714,1,3,1,1,0,0,1,0,0,0,0,1,1,baixo
2,10000.0,34,0.5882352941176471,1,3,1,0,0,0,1,0,0,1,0,1,0,alto
4,10000.0,13,1.0,1,8,1,0,0,0,1,1,0,1,0,1,1,gratuito
2,10000.0,60,0.8666666666666667,1,3,1,0,0,0,1,0,1,1,0,0,0,alto
3,10000.0,0,0.0,1,5,1,0,0,0,0,1,1,1,0,0,1,baixo
2,35000.0,874,0.9794050343249427,12,3,1,1,0,0,1,0,1,0,0,0,1,alto
9,10000.0,21,0.7619047619047619,1,2,1,0,0,0,1,1,0,0,0,0,0,medio_alto
4,10000.0,0,0.0,1,3,1,0,0,0,0,1,1,0,0,1,0,alto
9,10000.0,511,0.786692759295499,1,5,1,0,0,0,1,1,0,1,0,1,1,medio_baixo
8,10000.0,111,0.34234234234234234,7,4,1,0,0,0,1,1,1,0,0,0,1,baixo
11,10000.0,254,0.8543307086614174,1,2,1,1,1,0,1,0,0,0,1,0,0,medio_baixo
3,75000.0,150,0.8,1,3,1,0,0,0,1,0,1,0,1,0,0,medio_alto
2,10000.0,16,0.9375,1,4,1,0,0,0,0,0,1,1,0,1,1,baixo
3,0.0,0,0.0,0,0,1,0,0,0,0,0,0,0,0,0,0,gratuito
5,35000.0,329,0.6808510638297872,2,3,1,0,0,0,1,0,1,0,0,0,1,medio_baixo
1,10000.0,2,0.0,1,1,1,1,0,0,0,1,0,0,0,0,0,medio_baixo
7,10000.0,9,0.3333333333333333,1,3,1,0,0,0,1,1,1,0,0,0,0,baixo
2,10000.0,6,0.16666666666666666,1,2,1,0,0,0,1,0,0,0,0,0,1,baixo
25,1500000.0,18794,0.9249760561881452,3,1,1,1,1,0,0,1,0,0,0,0,0,baixo
3,35000.0,181,0.7790055248618785,3,2,1,0,0,0,1,0,0,0,1,0,0,alto
1,10000.0,3,1.0,1,2,1,0,0,0,0,1,1,0,0,0,0,alto
8,10000.0,16,0.6875,1,2,1,0,1,0,1,0,0,1,0,0,0,gratuito
6,10000.0,1,1.0,1,3,1,0,1,0,1,0,0,1,0,1,0,medio_alto
11,150000.0,1476,0.924119241192412,6,5,1,1,1,1,1,1,1,0,0,1,1,alto
4,75000.0,2431,0.7260386672151378,13,6,1,0,0,3,1,1,0,0,1,1,1,baixo
11,75000.0,528,0.9128787878787878,1,2,1,1,1,0,1,0,0,1,0,0,0,medio_baixo
1,0.0,0,0.0,1,3,1,0,0,0,1,1,0,1,0,0,0,medio_alto
4,10000.0,33,0.9090909090909091,3,2,1,0,0,0,1,0,1,0,0,0,0,medio_alto
1,10000.0,4,1.0,1,3,1,0,0,0,1,1,0,1,0,0,0,medio_baixo
8,10000.0,49,0.4489795918367347,1,2,1,0,0,1,1,0,0,1,0,0,0,baixo
6,10000.0,15,0.6,1,2,1,0,0,0,1,1,0,0,0,0,0,medio_alto
2,10000.0,2,0.5,9,3,1,0,0,0,1,1,0,1,0,0,0,baixo
2,10000.0,1,0.0,1,1,1,0,0,0,0,1,0,0,0,0,0,medio_baixo
1,0.0,0,0.0,32,7,1,0,0,0,1,1,1,1,1,0,1,alto
2,0.0,0,0.0,0,0,1,0,0,0,0,0,0,0,0,0,0,gratuito
4,10000.0,0,0.0,1,2,1,0,0,0,1,0,1,0,0,0,0,medio_baixo
4,10000.0,81,0.7283950617283951,1,1,1,1,0,0,1,0,0,0,0,0,0,medio_baixo
1,10000.0,3,1.0,1,3,1,1,1,0,1,0,1,0,1,0,0,medio_baixo
5,10000.0,468,0.7735042735042735,2,2,1,0,0,0,1,0,0,0,0,0,1,baixo
1,0.0,0,0.0,5,2,1,0,0,0,0,1,1,0,0,0,0,alto
3,35000.0,161,0.7701863354037267,5,5,1,0,0,0,1,0,0,1,0,1,1,medio_alto
2,10000.0,0,0.0,24,1,1,0,0,0,0,0,0,0,0,0,1,medio_baixo
4,75000.0,22,0.9090909090909091,1,1,1,0,0,0,0,0,1,0,0,0,0,gratuito
2,35000.0,230,0.9260869565217391,1,2,1,0,0,0,1,0,0,1,0,0,0,medio_baixo
2,0.0,0,0.0,103,5,1,0,0,0,1,1,0,0,0,0,1,medio_alto
2,10000.0,0,0.0,3,2,1,0,1,0,0,0,1,0,0,0,1,medio_baixo
1,0.0,0,0.0,103,2,1,0,0,0,1,0,0,1,0,0,0,baixo
1,10000.0,0,0.0,1,2,1,0,0,0,0,1,0,0,0,0,0,alto
1,10000.0,0,0.0,1,4,1,0,0,0,1,0,1,1,0,0,1,medio_alto
11,10000.0,177,0.5084745762711864,1,5,1,1,1,0,1,0,0,0,1,1,1,medio_alto
8,10000.0,336,0.8363095238095238,5,3,1,0,0,0,1,1,0,1,0,0,0,medio_baixo
1,10000.0,0,0.0,1,3,1,0,1,0,1,0,0,1,0,0,0,alto
11,350000.0,17980,0.4867074527252503,2,2,1,0,0,0,0,1,1,0,0,0,0,medio_alto
3,10000.0,25,0.84,103,9,1,0,0,0,1,1,1,1,1,1,1,alto
11,150000.0,562,0.6352313167259787,1,5,1,0,0,0,1,1,1,0,0,1,1,baixo
10,10000.0,9,0.7777777777777778,1,1,1,1,0,0,0,0,0,0,0,0,0,alto
1,35000.0,40,0.9,1,3,1,0,1,1,1,0,0,1,0,1,0,baixo
9,75000.0,696,0.8706896551724138,1,2,1,0,1,0,1,1,0,0,0,0,0,medio_baixo
1,10000.0,0,0.0,3,3,1,0,0,0,1,0,0,0,1,1,0,alto
5,10000.0,62,1.0,2,3,1,0,0,0,1,1,1,0,0,0,0,alto
5,35000.0,320,0.5375,2,2,1,0,0,0,0,0,1,1,0,0,0,medio_alto
1,10000.0,0,0.0,4,2,1,0,0,0,0,0,1,0,1,0,0,medio_alto
5,10000.0,101,0.9504950495049505,1,2,1,0,0,0,0,0,0,0,1,0,0,gratuito
7,10000.0,117,0.9658119658119658,1,2,1,0,0,0,1,1,0,0,0,0,0,alto
2,350000.0,6,0.3333333333333333,1,1,1,0,0,0,0,0,0,0,1,0,0,baixo
4,350000.0,13536,0.9205821513002365,11,2,1,1,0,2,1,0,0,1,0,0,0,medio_alto
2,10000.0,6,1.0,1,3,1,0,0,0,0,1,1,1,0,0,0,baixo
4,75000.0,69,0.8405797101449275,2,3,1,0,0,0,1,0,1,1,0,0,0,baixo
4,10000.0,33,0.48484848484848486,2,4,1,0,0,0,1,1,1,0,0,1,0,medio_baixo
2,10000.0,10,0.5,7,2,1,0,0,0,1,0,0,1,0,0,0,baixo
6,35000.0,80,0.725,1,2,1,0,0,0,1,0,0,1,0,0,0,baixo
5,10000.0,4,0.5,1,2,1,1,1,0,1,0,0,1,0,0,0,medio_baixo
3,75000.0,5,0.6,1,1,1,0,1,0,0,0,1,0,0,0,0,medio_alto
1,10000.0,0,0.0,4,2,1,0,0,0,0,1,0,0,0,0,0,baixo
2,10000.0,21,0.8095238095238095,3,6,1,0,0,0,1,0,0,1,1,1,1,medio_alto
9,10000.0,15,0.8666666666666667,1,3,1,0,0,0,0,0,0,1,1,1,0,medio_baixo
3,10000.0,1,1.0,11,7,1,0,0,0,1,1,1,0,1,1,1,medio_baixo
10,10000.0,50,0.44,15,4,1,1,1,0,1,0,0,0,0,1,1,alto
4,10000.0,537,0.8975791433891993,7,1,1,0,0,1,0,1,0,0,0,0,0,medio_baixo
8,10000.0,9,0.8888888888888888,1,4,1,0,0,0,1,1,0,1,0,1,0,baixo
1,0.0,0,0.0,0,0,1,0,0,0,0,0,0,0,0,0,0,gratuito
7,10000.0,23,0.4782608695652174,11,3,1,1,0,0,1,1,1,0,0,0,0,alto
8,10000.0,9,0.7777777777777778,2,4,1,0,0,0,1,0,0,1,0,0,1,medio_baixo
1,10000.0,0,0.0,8,5,1,0,0,0,1,1,1,1,0,1,0,medio_baixo
3,10000.0,1,1.0,1,1,1,0,0,0,0,0,0,1,0,0,0,alto
2,10000.0,10,0.9,1,4,1,0,0,0,1,1,1,1,0,0,0,baixo
2,10000.0,158,0.6772151898734177,26,5,1,0,0,0,1,1,1,1,0,0,0,medio_baixo
5,10000.0,3,0.0,2,5,1,0,0,0,1,0,1,1,0,0,1,medio_alto
7,10000.0,78,0.8974358974358975,2,3,1,0,0,0,1,1,0,1,0,0,0,baixo
1,10000.0,0,0.0,6,2,1,0,0,1,1,0,0,1,0,0,0,medio_alto
15,750000.0,6305,0.8827914353687549,8,2,1,0,0,0,0,0,1,1,0,0,0,medio_baixo
3,150000.0,1475,0.727457627118644,12,2,1,1,1,1,1,1,0,0,0,0,0,medio_baixo
8,10000.0,1,1.0,2,2,1,0,0,1,1,1,0,0,0,0,0,medio_alto
3,10000.0,4,1.0,1,3,1,1,0,0,1,0,0,1,0,0,1,medio_alto
2,75000.0,1045,0.7741626794258373,28,4,1,0,0,0,1,0,0,0,0,1,1,alto
2,10000.0,0,0.0,1,2,1,1,1,0,1,0,0,1,0,0,0,baixo
1,10000.0,0,0.0,1,2,1,0,0,0,1,0,1,0,0,0,0,alto
10,35000.0,49,0.9387755102040817,1,2,1,0,0,0,0,0,1,1,0,0,0,medio_alto
6,10000.0,36,0.8888888888888888,2,2,1,0,0,0,1,0,1,0,0,0,0,medio_alto
1,0.0,0,0.0,0,0,1,0,0,0,0,0,0,0,0,0,0,gratuito
7,10000.0,166,0.8132530120481928,2,3,1,1,0,0,1,0,0,1,0,0,1,baixo
4,10000.0,19,0.9473684210526315,7,4,1,0,0,1,1,1,1,1,0,0,0,medio_baixo
3,0.0,0,0.0,2,2,1,0,0,0,1,0,0,1,0,0,0,gratuito
3,10000.0,3,1.0,2,2,1,0,0,0,1,1,0,0,0,0,0,medio_baixo
3,10000.0,27,1.0,1,2,1,1,1,0,1,0,1,0,0,0,0,baixo
12,35000.0,28,0.7857142857142857,5,1,1,1,1,0,0,0,0,1,0,0,0,baixo
2,10000.0,55,0.9090909090909091,3,1,1,0,0,0,0,0,1,0,0,0,0,alto
2,0.0,0,0.0,103,5,1,0,0,0,0,1,0,1,0,1,1,gratuito
2,10000.0,0,0.0,12,4,1,0,1,1,1,1,0,1,0,1,0,medio_alto
10,10000.0,101,0.8613861386138614,1,6,1,0,0,0,1,1,0,1,0,1,0,alto
1,10000.0,1,1.0,2,4,1,0,0,0,1,1,0,1,0,0,1,medio_alto
1,10000.0,0,0.0,1,4,1,0,0,4,1,0,1,1,0,1,0,baixo
7,10000.0,4,0.75,2,4,1,0,0,0,1,1,0,1,0,1,0,medio_baixo
6,10000.0,179,0.9385474860335196,9,3,1,1,1,1,1,1,1,0,0,0,0,baixo
6,35000.0,2,1.0,1,3,1,0,0,0,1,0,1,0,0,1,0,baixo
1,0.0,0,0.0,1,5,1,0,1,0,1,0,1,1,0,0,1,medio_alto
2,10000.0,2,1.0,1,5,1,0,0,0,1,1,0,1,1,0,1,alto
6,10000.0,40,0.95,1,4,1,0,0,0,0,0,1,0,1,1,1,medio_baixo
2,35000.0,4,0.75,1,4,1,0,1,0,1,1,0,1,0,1,0,medio_baixo
10,35000.0,42,0.6428571428571429,1,2,1,0,0,0,1,1,0,0,0,0,0,baixo
3,0.0,0,0.0,0,0,1,0,0,0,0,0,0,0,0,0,0,gratuito
10,10000.0,4,0.5,2,2,1,0,1,0,1,0,1,0,0,0,0,medio_alto
4,10000.0,1,1.0,1,1,1,0,0,0,1,0,0,0,0,0,0,medio_baixo
1,10000.0,7,0.5714285714285714,1,4,1,0,0,0,1,0,0,1,0,0,1,medio_baixo
6,10000.0,84,0.9523809523809523,1,4,1,1,0,0,1,1,1,0,0,0,1,baixo
4,10000.0,13,0.46153846153846156,1,2,1,0,0,0,0,0,0,0,0,0,1,alto
2,35000.0,19,0.8947368421052632,13,3,1,0,0,0,1,1,1,0,0,0,0,medio_alto
7,10000.0,15,0.26666666666666666,1,2,1,0,0,0,1,1,0,0,0,0,0,baixo
4,0.0,0,0.0,1,7,1,1,1,0,1,1,1,0,1,0,0,gratuito
3,0.0,0,0.0,1,2,1,0,0,0,1,1,0,0,0,0,0,gratuito
6,10000.0,78,0.8205128205128205,4,4,1,1,0,1,1,1,0,1,1,0,0,medio_alto
1,0.0,0,0.0,3,2,1,1,0,0,1,0,1,0,0,0,0,medio_baixo
2,10000.0,0,0.0,1,4,1,0,0,0,1,1,1,1,0,0,0,baixo
11,150000.0,748,0.7125668449197861,1,5,1,1,1,2,1,1,0,0,1,1,1,alto
5,10000.0,1,1.0,1,2,1,0,0,0,1,0,0,1,0,0,0,baixo
7,10000.0,1,1.0,1,1,1,0,0,0,1,0,0,0,0,0,0,baixo
2,0.0,0,0.0,12,3,1,0,0,11,0,0,0,1,0,0,1,gratuito
1,0.0,0,0.0,103,3,1,0,0,0,1,0,1,1,0,0,0,baixo
5,10000.0,0,0.0,1,2,1,0,0,1,0,1,1,0,0,0,0,medio_alto
16,10000.0,19,0.5789473684210527,4,3,1,0,0,0,1,1,1,0,0,0,0,medio_alto
1,10000.0,0,0.0,3,5,1,0,0,0,1,0,1,1,1,0,1,medio_alto
2,10000.0,0,0.0,3,1,1,0,0,3,0,0,1,0,0,0,0,baixo
7,10000.0,24,0.625,3,4,1,1,1,1,1,0,0,0,1,0,1,gratuito
11,350000.0,1069,0.823199251637044,1,3,1,0,0,0,1,1,0,0,0,0,0,gratuito
3,10000.0,3,1.0,1,5,1,0,0,0,1,1,1,1,1,0,0,baixo
6,10000.0,42,0.7619047619047619,9,4,1,0,0,0,1,1,0,1,0,1,0,medio_alto
4,10000.0,5,0.6,1,3,1,1,0,0,0,1,0,0,0,0,0,medio_baixo
1,0.0,0,0.0,4,4,1,1,1,0,1,0,1,1,0,0,0,alto
8,10000.0,0,0.0,1,5,1,0,0,0,1,1,0,1,0,1,1,medio_alto
14,75000.0,106,0.839622641509434,1,2,1,0,0,0,1,0,0,0,1,0,0,medio_baixo
7,10000.0,223,0.905829596412556,1,4,1,0,0,0,1,1,0,0,0,0,1,alto
2,10000.0,1,1.0,1,2,1,0,1,0,0,0,0,1,0,1,0,medio_alto
10,10000.0,82,0.34146341463414637,1,5,1,0,0,0,1,0,0,1,0,0,1,medio_alto
5,0.0,0,0.0,0,0,1,0,0,0,0,0,0,0,0,0,0,gratuito
3,75000.0,196,0.8877551020408163,6,3,1,0,0,0,1,0,0,1,0,0,0,medio_baixo
1,0.0,0,0.0,5,4,1,0,0,0,1,1,1,0,0,0,0,medio_baixo
5,10000.0,51,0.6274509803921569,29,5,1,1,1,0,1,1,1,1,0,0,1,alto
10,35000.0,354,0.8220338983050848,1,2,1,1,0,0,1,0,0,1,0,0,0,medio_baixo
1,10000.0,2,1.0,1,3,1,0,0,0,1,0,1,1,0,0,0,medio_baixo
2,0.0,0,0.0,14,3,1,0,0,0,1,0,1,1,0,0,0,gratuito
6,10000.0,0,0.0,1,2,1,0,0,2,1,0,0,1,0,0,0,baixo
5,10000.0,18,0.8888888888888888,1,2,1,0,0,0,0,0,1,1,0,0,0,medio_alto
1,10000.0,0,0.0,8,3,1,0,0,0,1,1,0,0,1,0,0,medio_alto
4,10000.0,21,0.8571428571428571,2,4,1,0,0,0,1,1,1,1,0,0,0,baixo
4,0.0,0,0.0,0,0,1,0,0,0,0,0,0,0,0,0,0,gratuito
6,35000.0,241,0.9087136929460581,3,4,1,0,0,0,1,0,1,1,0,0,1,medio_alto
4,10000.0,77,0.935064935064935,5,2,1,1,0,0,1,0,1,0,0,0,0,medio_alto
1,0.0,0,0.0,0,0,1,0,0,0,0,0,0,0,0,0,0,gratuito
6,10000.0,3,1.0,1,3,1,0,0,0,1,0,1,0,1,0,0,medio_alto
2,10000.0,22,0.9090909090909091,10,3,1,1,0,0,1,0,0,1,0,1,0,medio_baixo
6,35000.0,19,0.8421052631578947,3,4,1,0,0,0,1,0,0,1,0,1,0,gratuito
2,0.0,0,0.0,1,4,1,0,0,1,1,0,1,1,0,0,0,gratuito
3,0.0,0,0.0,1,4,1,1,0,0,1,0,0,1,1,1,0,gratuito
1,10000.0,0,0.0,1,5,1,0,0,0,1,1,1,0,1,0,0,gratuito
5,10000.0,8,0.875,2,4,1,0,0,0,1,1,1,0,1,0,0,medio_alto
1,10000.0,0,0.0,30,2,1,0,0,0,1,0,0,0,0,0,0,baixo
3,0.0,0,0.0,1,4,1,1,0,0,1,0,0,1,1,0,0,gratuito
9,10000.0,4,0.5,1,3,1,0,0,0,1,1,0,0,1,0,0,medio_alto
4,0.0,0,0.0,0,0,1,0,0,0,0,0,0,0,0,0,0,gratuito
9,10000.0,3,0.3333333333333333,1,4,1,0,0,0,1,1,1,0,0,0,0,medio_baixo
7,150000.0,1577,0.9213696892834495,7,3,1,0,0,101,1,1,0,1,0,0,0,alto
4,10000.0,12,0.6666666666666666,1,2,1,0,0,0,1,0,0,1,0,0,0,baixo
10,10000.0,13,0.7692307692307693,2,3,1,0,0,0,1,1,0,1,0,0,0,baixo
1,10000.0,16,0.75,12,3,1,0,0,0,1,0,0,1,0,0,1,medio_alto
8,10000.0,37,0.7297297297297297,1,2,1,0,0,0,1,0,1,0,0,0,0,baixo
8,10000.0,25,0.76,1,3,1,1,1,0,1,0,1,1,0,0,0,medio_alto
1,0.0,0,0.0,1,5,1,0,0,0,1,1,0,1,0,0,0,gratuito
8,10000.0,11,0.45454545454545453,1,2,1,0,0,0,0,0,1,1,0,0,0,medio_baixo
2,75000.0,12,0.9166666666666666,5,3,1,1,0,1,1,0,1,0,1,0,0,medio_alto
2,75000.0,1028,0.8171206225680934,11,2,1,0,0,0,1,0,1,0,0,0,0,alto
7,35000.0,93,0.8817204301075269,2,3,1,0,0,0,0,0,1,0,0,0,1,gratuito
8,10000.0,8,0.375,1,4,1,0,0,0,1,1,0,1,0,1,0,baixo
1,10000.0,0,0.0,1,6,1,1,1,0,1,1,1,1,1,1,0,medio_baixo
6,10000.0,4,0.5,1,5,1,0,0,0,0,0,1,1,0,1,1,baixo
6,10000.0,56,0.7678571428571429,1,5,1,0,0,0,1,1,1,1,0,0,0,baixo
5,0.0,0,0.0,1,3,1,0,0,0,1,1,1,0,0,0,0,gratuito
1,10000.0,18,0.7222222222222222,12,4,1,0,0,5,1,0,1,1,0,0,1,alto
6,10000.0,0,0.0,1,6,1,0,0,0,1,1,1,1,0,1,0,medio_baixo
1,0.0,0,0.0,12,3,1,0,0,0,1,1,0,0,0,0,0,alto
7,10000.0,42,0.7619047619047619,1,5,1,0,1,0,1,0,1,1,1,1,0,medio_alto
3,0.0,0,0.0,1,7,1,0,0,0,1,1,1,1,1,1,0,gratuito
3,0.0,0,0.0,2,4,1,0,0,0,1,0,1,0,0,0,1,gratuito
3,75000.0,1,0.0,1,4,1,0,0,0,0,1,1,0,0,1,0,alto
2,35000.0,20,0.95,5,2,1,0,0,0,1,0,0,0,0,0,1,medio_alto
11,10000.0,19,0.9473684210526315,6,2,1,0,0,0,1,0,1,0,0,0,0,alto
10,10000.0,51,0.803921568627451,1,3,1,1,1,0,1,1,0,0,1,0,0,medio_baixo
1,10000.0,0,0.0,14,3,1,0,0,0,1,0,0,1,0,1,0,medio_alto
5,10000.0,0,0.0,19,4,1,0,0,0,0,1,1,1,1,0,0,medio_alto
3,0.0,0,0.0,0,0,1,0,0,0,0,0,0,0,0,0,0,gratuito
8,10000.0,46,0.6956521739130435,27,8,1,0,0,0,1,1,1,1,0,1,1,medio_baixo
5,10000.0,3,1.0,29,2,1,0,0,0,1,0,0,1,0,0,0,baixo
8,10000.0,107,0.5981308411214953,1,4,1,0,0,0,1,1,0,1,0,0,1,alto
3,0.0,0,0.0,0,0,1,0,0,0,0,0,0,0,0,0,0,gratuito
6,10000.0,1,1.0,1,3,1,0,0,0,1,1,0,1,0,0,0,baixo
3,10000.0,13,1.0,2,5,1,0,0,0,1,1,1,1,0,1,0,alto
3,0.0,0,0.0,0,0,1,0,0,0,0,0,0,0,0,0,0,gratuito
9,10000.0,101,0.8217821782178217,7,2,1,0,0,1,1,1,0,0,0,0,0,gratuito
2,0.0,0,0.0,0,0,1,0,0,0,0,0,0,0,0,0,0,gratuito
6,0.0,0,0.0,0,0,1,0,0,0,0,0,0,0,0,0,0,gratuito
4,10000.0,12,0.8333333333333334,7,1,1,1,1,0,0,1,0,0,0,0,0,alto
6,10000.0,253,0.6205533596837944,3,3,1,0,0,0,0,1,0,0,1,1,0,alto
6,10000.0,21,0.3333333333333333,2,7,1,0,0,0,1,0,0,1,0,1,1,gratuito
5,10000.0,0,0.0,1,4,1,0,1,0,1,1,1,0,0,0,0,gratuito
4,10000.0,16,1.0,1,3,1,1,1,1,1,0,1,1,0,0,0,alto
1,0.0,0,0.0,5,4,1,0,0,0,1,0,1,0,1,1,0,baixo
3,0.0,0,0.0,0,0,1,0,0,0,0,0,0,0,0,0,0,gratuito
1,10000.0,23,0.9130434782608695,1,3,1,0,0,0,1,0,0,0,1,1,0,alto
5,10000.0,80,0.8,2,3,1,0,0,1,1,0,1,0,1,0,0,baixo
4,10000.0,9,0.8888888888888888,1,3,1,0,0,0,1,1,0,1,0,0,0,baixo
8,35000.0,93,0.7634408602150538,1,1,1,0,0,0,0,1,0,0,0,0,0,medio_baixo
4,10000.0,0,0.0,1,2,1,0,0,0,1,0,0,1,0,0,0,baixo
2,0.0,0,0.0,0,0,1,0,0,0,0,0,0,0,0,0,0,gratuito
3,10000.0,1,1.0,1,3,1,0,0,0,1,0,1,1,0,0,0,alto
6,10000.0,6,0.6666666666666666,1,5,1,0,0,0,1,0,1,1,0,0,1,baixo
7,15000000.0,733542,0.9224652439805764,13,2,1,0,0,0,0,1,1,0,0,0,0,alto
4,10000.0,27,0.6296296296296297,29,4,1,0,0,0,1,0,1,1,0,0,1,medio_baixo
2,0.0,0,0.0,1,3,1,0,0,1,1,0,0,1,0,0,0,gratuito
2,0.0,0,0.0,0,0,1,0,0,0,0,0,0,0,0,0,0,gratuito
5,0.0,0,0.0,1,3,1,1,1,0,0,0,0,1,0,0,1,gratuito
2,10000.0,2,0.5,1,4,1,0,0,0,0,1,0,1,0,0,1,alto
7,10000.0,2,1.0,1,3,1,1,1,0,1,1,0,1,0,0,0,medio_baixo
1,0.0,0,0.0,0,0,1,0,0,0,0,0,0,0,0,0,0,gratuito
6,10000.0,35,0.6571428571428571,1,4,1,1,1,0,1,0,0,0,0,1,1,medio_alto
11,10000.0,75,0.6533333333333333,1,4,1,1,1,0,1,1,1,0,1,0,0,baixo
1,0.0,0,0.0,0,0,1,0,0,0,0,0,0,0,0,0,0,gratuito
1,10000.0,0,0.0,6,4,1,0,0,0,1,1,0,1,0,0,1,baixo
7,35000.0,566,0.9469964664310954,1,3,1,0,0,0,1,0,0,1,0,0,0,gratuito
8,10000.0,16,0.375,2,3,1,0,0,2,1,1,0,0,0,0,0,baixo
5,10000.0,26,0.9230769230769231,2,1,1,0,0,0,1,0,0,0,0,0,0,baixo
4,0.0,0,0.0,1,3,1,0,0,0,1,0,0,0,0,0,0,gratuito
2,10000.0,4,0.0,6,4,1,0,0,0,1,1,1,0,0,1,0,alto
1,10000.0,0,0.0,5,3,1,1,0,0,1,0,0,0,0,1,1,medio_baixo
1,0.0,0,0.0,0,0,1,0,0,0,0,0,0,0,0,0,0,gratuito
5,35000.0,110,0.8363636363636363,1,3,1,0,0,0,1,0,1,1,0,0,0,alto
5,10000.0,62,0.6451612903225806,2,2,1,0,0,0,1,0,1,0,0,0,0,medio_baixo
2,0.0,0,0.0,103,3,1,0,0,0,1,0,0,1,0,1,0,baixo
1,0.0,0,0.0,0,0,1,0,0,0,0,0,0,0,0,0,0,gratuito
9,10000.0,36,0.9166666666666666,2,2,1,0,0,0,1,0,0,1,0,0,0,gratuito
3,0.0,0,0.0,1,1,1,0,0,0,0,1,0,0,0,0,0,gratuito
1,10000.0,66,0.8181818181818182,4,4,1,0,0,0,1,0,1,1,1,0,0,alto
2,10000.0,1,1.0,1,4,1,1,0,0,1,1,0,1,0,0,0,baixo
2,10000.0,4,1.0,1,2,1,0,0,0,1,0,0,0,0,0,0,medio_alto
4,10000.0,0,0.0,3,1,1,0,0,0,0,0,0,0,1,0,0,medio_baixo
2,10000.0,1,1.0,1,2,1,0,0,1,0,0,0,0,1,0,1,medio_baixo
6,10000.0,245,0.9224489795918367,10,2,1,0,0,0,0,0,0,0,0,1,1,alto
1,0.0,0,0.0,1,4,1,0,0,0,1,1,0,1,1,0,0,medio_alto
4,35000.0,13,0.9230769230769231,3,3,1,0,0,0,0,1,0,1,0,0,0,medio_baixo
1,10000.0,0,0.0,1,5,1,0,0,0,1,0,1,1,0,1,1,baixo
9,35000.0,113,0.46017699115044247,1,7,1,1,1,1,1,1,1,1,1,1,1,medio_baixo
1,10000.0,0,0.0,1,4,1,0,0,0,1,1,0,1,0,0,0,medio_baixo
1,10000.0,10,0.8,2,4,1,1,0,0,1,0,1,0,1,1,0,alto
3,10000.0,1,0.0,1,5,1,0,0,0,1,1,0,0,0,1,0,gratuito
4,10000.0,21,0.9047619047619048,2,1,1,1,0,0,0,0,0,0,0,1,0,medio_alto
3,10000.0,42,0.6666666666666666,9,4,1,0,0,0,1,1,1,1,0,0,0,medio_alto
6,150000.0,707,0.8981612446958982,17,2,1,1,0,17,0,0,0,0,0,0,1,gratuito
3,10000.0,0,0.0,1,1,1,0,0,0,0,0,0,1,0,0,0,medio_baixo
7,35000.0,11,0.9090909090909091,1,1,1,0,0,0,0,0,1,0,0,0,0,gratuito
6,7500000.0,215209,0.9700802475732893,30,4,1,1,1,3,1,0,0,1,0,1,1,alto
2,10000.0,0,0.0,1,2,1,0,0,0,1,1,0,0,0,0,0,baixo
7,10000.0,13,0.3076923076923077,1,3,1,0,0,0,1,1,1,0,0,0,0,baixo
10,10000.0,43,0.5348837209302325,1,3,1,0,0,0,1,1,0,0,0,1,0,baixo
2,10000.0,20,1.0,4,1,1,1,1,0,0,0,1,0,0,0,0,medio_alto
2,0.0,0,0.0,0,0,1,0,0,0,0,0,0,0,0,0,0,gratuito
8,10000.0,195,0.7384615384615385,2,5,1,0,0,0,1,1,0,0,0,0,1,alto
1,10000.0,0,0.0,11,4,1,0,0,0,1,1,1,1,0,0,0,medio_baixo
1,0.0,0,0.0,103,2,1,0,0,0,1,0,0,1,0,0,0,medio_baixo
3,0.0,0,0.0,0,0,1,0,0,0,0,0,0,0,0,0,0,gratuito
1,10000.0,0,0.0,9,2,1,1,1,0,1,0,0,1,0,0,0,medio_baixo
4,10000.0,0,0.0,1,6,1,0,0,0,1,1,1,1,0,1,1,medio_alto
3,10000.0,0,0.0,4,1,1,0,0,0,0,0,0,1,0,0,0,baixo
2,10000.0,401,0.8678304239401496,2,1,1,0,0,0,0,1,0,0,0,0,0,alto
1,10000.0,0,0.0,9,1,1,0,0,4,0,0,0,0,0,0,0,alto
1,10000.0,10,0.7,5,2,1,0,0,0,1,1,0,0,0,0,0,medio_alto
10,10000.0,86,0.5465116279069767,3,4,1,0,0,0,1,0,0,1,1,0,0,medio_alto
3,10000.0,0,0.0,103,2,1,0,0,0,1,0,0,1,0,0,0,baixo
1,0.0,0,0.0,4,3,1,0,0,0,1,1,0,0,0,1,0,alto
2,10000.0,4,1.0,1,4,1,0,0,0,0,1,1,0,0,1,0,baixo
2,0.0,0,0.0,1,4,1,0,0,0,0,0,0,1,1,1,0,gratuito
8,10000.0,37,0.9459459459459459,7,4,1,0,1,0,1,0,0,1,0,1,1,baixo
1,0.0,0,0.0,1,3,1,1,0,0,1,0,1,0,1,0,0,alto
4,0.0,0,0.0,0,0,1,0,0,0,0,0,0,0,0,0,0,gratuito
1,0.0,0,0.0,0,0,1,0,0,0,0,0,0,0,0,0,0,gratuito
1,0.0,0,0.0,1,4,1,0,0,0,0,1,0,1,0,0,0,gratuito
3,150000.0,2431,0.737145207733443,14,5,1,0,0,1,1,1,1,0,0,0,1,alto
2,10000.0,4,1.0,1,3,1,0,0,0,1,1,1,0,0,0,0,medio_alto
3,35000.0,67,0.9104477611940298,13,3,1,0,0,0,1,1,1,0,0,0,0,medio_alto
1,10000.0,3,1.0,1,1,1,0,0,0,0,0,0,1,0,0,0,medio_alto
4,10000.0,8,1.0,1,2,1,0,0,0,1,1,0,0,0,0,0,baixo
1,10000.0,0,0.0,14,2,1,0,0,0,1,0,0,1,0,0,0,medio_alto
3,10000.0,2,1.0,1,2,1,0,0,0,1,1,0,0,0,0,0,medio_alto
1,35000.0,929,0.9537136706135629,15,3,1,0,0,1,1,1,0,0,0,0,1,alto
8,10000.0,14,0.9285714285714286,1,3,1,1,1,0,1,0,0,0,1,1,0,medio_baixo
1,0.0,0,0.0,0,0,1,0,0,0,0,0,0,0,0,0,0,gratuito
3,0.0,0,0.0,11,3,1,0,0,0,1,1,1,0,0,0,0,gratuito
2,10000.0,0,0.0,1,3,1,1,1,0,1,0,1,1,0,0,0,baixo
6,10000.0,2,1.0,1,3,1,0,0,0,1,0,0,1,0,1,0,medio_alto
9,350000.0,3227,0.6643941741555625,15,1,1,0,0,41,0,1,0,0,0,0,0,alto
6,10000.0,2,1.0,1,3,1,0,0,0,1,0,1,0,1,0,0,medio_alto
3,10000.0,32,0.40625,1,1,1,0,0,0,0,0,0,1,0,0,0,baixo
3,150000.0,262,0.5534351145038168,6,3,1,0,0,0,1,1,1,0,0,0,0,medio_alto
5,10000.0,5,1.0,2,2,1,0,0,0,1,1,0,0,0,0,0,medio_alto
2,350000.0,3057,0.9594373568858358,28,2,1,0,1,1,1,1,0,0,0,0,0,medio_baixo
2,150000.0,7,0.7142857142857143,1,6,1,0,0,1,1,1,1,0,1,1,1,alto
7,10000.0,75,0.7466666666666667,1,2,1,0,0,3,1,0,0,1,0,0,0,baixo
5,350000.0,5788,0.8527988942639945,11,3,1,1,0,2,1,1,0,0,1,0,0,alto
5,10000.0,4,0.5,1,2,1,0,0,0,1,0,0,1,0,0,0,medio_alto
3,10000.0,134,0.582089552238806,1,4,1,1,0,0,1,1,0,0,0,0,0,gratuito
2,10000.0,6,0.8333333333333334,1,3,1,0,0,0,1,1,0,1,0,0,0,gratuito
6,10000.0,7,0.8571428571428571,2,3,1,0,0,0,1,1,1,0,0,0,0,medio_baixo
3,10000.0,4,1.0,1,2,1,0,0,0,1,0,1,0,0,0,0,medio_baixo
2,10000.0,61,0.9016393442622951,12,3,1,0,0,0,1,0,0,1,0,0,1,medio_alto
1,10000.0,4,0.25,8,4,1,0,0,1,1,0,0,1,0,1,1,baixo
4,35000.0,1,1.0,1,4,1,1,1,0,1,1,0,0,0,0,1,medio_baixo
2,0.0,0,0.0,7,3,1,0,0,50,1,0,0,1,0,1,0,gratuito
3,35000.0,899,0.9955506117908788,2,1,1,1,1,0,0,0,0,1,0,0,0,medio_alto
3,10000.0,26,0.5,7,3,1,0,0,0,1,1,1,0,0,0,0,baixo
2,10000.0,206,0.9368932038834952,4,2,1,0,0,1,0,0,1,1,0,0,0,alto
2,75000.0,841,0.9322235434007135,2,4,1,0,0,0,1,1,1,0,0,0,1,gratuito
3,0.0,0,0.0,1,1,1,1,0,0,0,0,0,0,0,0,1,gratuito
8,10000.0,0,0.0,103,1,1,0,0,1,0,0,0,1,0,0,0,baixo
9,10000.0,68,0.5588235294117647,1,4,1,1,1,0,1,0,1,1,0,0,0,baixo
1,10000.0,0,0.0,12,4,1,0,0,0,1,1,0,0,1,1,0,medio_alto
1,10000.0,0,0.0,1,1,1,0,0,0,1,0,0,0,0,0,0,medio_alto
3,10000.0,0,0.0,29,4,1,0,0,0,1,0,1,1,0,0,1,medio_baixo
1,10000.0,0,0.0,10,1,1,0,0,0,0,0,1,0,0,0,0,medio_baixo
6,10000.0,29,0.6551724137931034,1,6,1,0,0,0,1,1,1,1,0,0,1,medio_baixo
9,10000.0,6,0.6666666666666666,1,2,1,0,0,0,1,0,0,0,0,0,0,baixo
5,10000.0,0,0.0,2,3,1,0,0,0,0,0,0,1,0,1,1,medio_alto
1,0.0,0,0.0,2,4,1,0,0,0,1,1,1,0,0,0,0,gratuito
3,10000.0,83,0.7469879518072289,3,2,1,0,0,0,0,1,1,0,0,0,0,alto
3,10000.0,0,0.0,2,2,1,0,0,0,0,0,0,1,0,1,0,alto
3,0.0,0,0.0,1,4,1,0,0,0,1,1,0,1,0,0,0,gratuito
4,10000.0,5,0.2,9,4,1,0,0,1,1,0,1,0,0,1,0,alto
2,10000.0,1,1.0,1,4,1,0,0,1,0,0,0,1,0,0,1,medio_baixo
1,10000.0,0,0.0,4,2,1,1,1,0,0,0,0,1,0,0,1,baixo
1,10000.0,0,0.0,8,3,1,0,0,0,1,1,1,0,0,0,0,alto
4,10000.0,0,0.0,2,5,1,0,0,0,1,1,1,1,1,0,0,gratuito
1,10000.0,34,0.8823529411764706,2,3,1,0,0,0,1,1,1,0,0,0,0,baixo
2,10000.0,20,0.95,6,4,1,0,0,0,1,1,1,1,0,0,0,alto
3,10000.0,0,0.0,1,4,1,0,0,0,1,1,0,0,1,0,0,alto
9,350000.0,6206,0.9342571704801804,2,1,1,0,0,0,0,0,1,0,0,0,0,medio_alto
12,35000.0,143,0.8601398601398601,1,2,1,1,1,0,1,0,0,0,0,0,1,baixo
4,10000.0,46,0.8260869565217391,1,2,1,0,0,0,0,0,0,0,0,1,0,alto
6,10000.0,49,0.4897959183673469,1,7,1,0,0,0,1,1,1,1,0,1,1,gratuito
4,10000.0,0,0.0,2,5,1,0,0,0,1,1,1,1,0,0,0,medio_baixo
2,10000.0,0,0.0,1,2,1,1,1,0,1,0,1,0,0,0,0,medio_alto
6,10000.0,0,0.0,1,1,1,0,0,0,0,0,0,0,1,0,0,medio_alto
7,10000.0,5,0.6,1,4,1,0,0,0,1,1,1,0,1,0,0,alto
9,35000.0,417,0.5827338129496403,12,2,1,0,0,0,1,0,1,0,0,0,0,gratuito
2,0.0,0,0.0,0,0,1,0,0,0,0,0,0,0,0,0,0,gratuito
5,350000.0,1107,0.7588075880758808,11,2,1,0,0,0,1,0,0,0,0,0,1,alto
1,10000.0,0,0.0,1,4,1,0,0,0,1,1,0,1,0,1,0,baixo
1,10000.0,0,0.0,1,4,1,1,0,0,1,0,0,1,0,0,0,medio_baixo
1,0.0,0,0.0,2,4,1,0,0,0,1,1,0,1,1,0,0,medio_baixo
2,10000.0,11,1.0,1,2,1,0,0,0,0,1,0,0,0,0,0,medio_baixo
7,10000.0,3,1.0,1,4,1,0,0,0,1,1,0,1,0,0,0,medio_alto
5,75000.0,53,0.7547169811320755,15,3,1,0,0,0,0,1,1,0,1,0,0,medio_baixo
3,35000.0,3,1.0,1,4,1,0,0,0,1,0,0,1,0,1,0,medio_alto
2,10000.0,9,0.8888888888888888,1,1,1,0,0,0,0,0,0,0,0,1,0,alto
6,75000.0,16,0.625,5,2,1,0,0,0,1,1,0,0,0,0,0,baixo
4,10000.0,0,0.0,1,1,1,0,0,0,1,0,0,0,0,0,0,medio_alto
1,0.0,0,0.0,2,4,1,1,0,0,1,0,0,0,0,1,1,gratuito
5,0.0,0,0.0,1,5,1,0,0,0,1,1,0,1,0,0,0,gratuito
8,10000.0,41,0.6829268292682927,1,6,1,1,1,0,1,1,1,1,0,0,0,baixo
8,35000.0,97,0.6701030927835051,6,2,1,0,0,0,1,1,0,0,0,0,0,alto
4,10000.0,25,0.76,2,2,1,0,0,0,1,0,0,1,0,0,0,medio_baixo
7,35000.0,1167,0.7223650385604113,1,4,1,0,0,0,1,0,1,0,1,1,0,medio_alto
3,750000.0,35954,0.9737720420537354,11,3,1,0,0,2,1,1,1,0,0,0,0,alto
1,10000.0,0,0.0,8,2,1,1,1,0,1,0,0,1,0,0,0,baixo
1,0.0,0,0.0,0,0,1,0,0,0,0,0,0,0,0,0,0,gratuito
3,10000.0,30,0.8666666666666667,3,3,1,0,0,0,1,0,0,0,0,1,1,medio_baixo
5,750000.0,8564,0.8415460065390005,11,2,1,0,0,1,0,1,1,0,0,0,0,medio_alto
2,10000.0,2,1.0,1,3,1,0,0,0,1,1,1,0,0,0,0,baixo
10,35000.0,28,0.35714285714285715,1,4,1,0,0,0,1,0,1,1,0,0,0,baixo
5,150000.0,449,0.9020044543429844,2,3,1,0,0,0,1,0,0,1,0,1,0,medio_baixo
2,10000.0,232,0.8793103448275862,7,2,1,0,0,1,1,0,1,0,0,0,0,alto
2,10000.0,3,0.0,2,2,1,0,0,0,1,0,0,0,0,1,0,alto
4,10000.0,0,0.0,1,2,1,0,0,0,1,0,0,1,0,0,0,baixo
1,0.0,0,0.0,1,3,1,0,0,0,1,0,0,0,0,0,0,gratuito
1,0.0,0,0.0,1,4,1,0,0,0,1,0,0,1,0,0,1,gratuito
4,10000.0,1,1.0,1,1,1,0,0,0,0,0,0,0,1,0,0,alto
9,10000.0,14,0.5714285714285714,1,3,1,0,0,1,1,1,0,0,1,0,0,alto
10,35000.0,175,0.9485714285714286,1,2,1,0,0,0,1,0,0,1,0,0,0,medio_baixo
2,0.0,0,0.0,1,2,1,1,1,1,1,0,0,0,0,0,0,gratuito
5,10000.0,12,0.6666666666666666,27,3,1,0,0,0,1,0,0,1,0,0,0,baixo
4,10000.0,0,0.0,1,4,1,0,1,0,1,0,1,1,0,0,1,medio_baixo
10,75000.0,470,0.7553191489361702,1,3,1,1,1,1,1,1,1,0,0,0,0,medio_baixo
6,10000.0,3,0.6666666666666666,2,3,1,0,0,0,0,1,1,0,0,0,1,baixo
6,10000.0,0,0.0,7,3,1,0,0,0,1,0,0,0,1,0,1,medio_baixo
6,10000.0,0,0.0,2,4,1,0,0,0,1,0,1,0,1,1,0,alto
8,10000.0,27,0.8888888888888888,1,4,1,0,1,0,1,0,1,1,0,1,0,medio_baixo
3,10000.0,3,1.0,1,3,1,0,0,0,1,0,1,1,0,0,0,baixo
10,35000.0,193,0.30569948186528495,4,4,1,0,0,0,1,1,1,0,1,0,0,alto
1,0.0,0,0.0,1,3,1,1,0,0,1,0,0,0,0,1,0,gratuito
4,75000.0,16,0.9375,1,3,1,0,0,0,1,0,0,1,0,1,0,medio_baixo
3,10000.0,93,0.9247311827956989,10,5,1,1,1,1,1,1,0,1,0,0,1,medio_alto
18,75000.0,285,0.5017543859649123,1,1,1,0,0,0,0,1,0,0,0,0,0,medio_baixo
4,0.0,0,0.0,1,2,1,1,1,0,0,0,0,0,0,0,0,gratuito
2,0.0,0,0.0,1,6,1,1,0,0,1,1,1,0,0,0,0,gratuito
3,10000.0,12,1.0,1,4,1,0,0,0,1,1,1,1,0,0,0,baixo
5,0.0,0,0.0,1,2,1,0,0,0,1,1,0,0,0,0,0,gratuito
5,35000.0,3,1.0,1,2,1,0,0,0,0,0,0,0,0,1,0,baixo
2,10000.0,4,1.0,1,1,1,0,0,0,1,0,0,0,0,0,0,alto
1,0.0,0,0.0,103,1,1,0,0,0,0,0,0,1,0,0,0,baixo
2,10000.0,5,0.8,1,2,1,0,0,0,0,0,0,0,0,1,1,baixo
2,0.0,0,0.0,0,0,1,0,0,0,0,0,0,0,0,0,0,gratuito
2,0.0,0,0.0,2,5,1,1,0,0,0,1,1,0,0,1,1,gratuito
10,75000.0,581,0.7624784853700516,1,4,1,1,1,1,1,0,1,0,1,0,1,gratuito
3,10000.0,118,0.847457627118644,2,4,1,0,0,0,1,0,0,0,1,1,0,alto
6,10000.0,1,1.0,1,4,1,0,0,0,1,0,1,1,0,0,0,baixo
5,75000.0,3393,0.7005599764220454,11,2,1,0,0,0,0,1,1,0,0,0,0,medio_alto
5,10000.0,76,0.9342105263157895,1,1,1,0,1,0,0,0,1,0,0,0,0,gratuito
7,350000.0,2209,0.8551380715255772,1,2,1,0,0,1,1,0,1,0,0,0,0,alto
4,10000.0,14,1.0,1,2,1,0,0,0,1,0,0,1,0,0,0,baixo
2,0.0,0,0.0,1,2,1,0,0,0,1,0,0,0,0,0,0,gratuito
1,0.0,0,0.0,1,2,1,0,0,0,1,0,0,0,0,0,0,gratuito
5,0.0,0,0.0,1,4,1,0,0,0,0,0,0,0,1,1,0,gratuito
1,10000.0,0,0.0,1,1,1,1,1,0,0,0,1,0,0,0,0,medio_baixo
3,10000.0,0,0.0,1,2,1,0,0,0,0,0,1,1,0,0,0,alto
2,0.0,0,0.0,0,0,1,0,0,0,0,0,0,0,0,0,0,gratuito
3,0.0,0,0.0,5,4,1,0,0,1,0,0,1,1,1,0,0,gratuito
2,0.0,0,0.0,0,0,1,0,0,0,0,0,0,0,0,0,0,gratuito
2,10000.0,8,0.75,11,2,1,0,0,0,1,0,0,1,0,0,0,medio_alto
3,0.0,0,0.0,0,0,1,0,0,0,0,0,0,0,0,0,0,gratuito
9,75000.0,824,0.6395631067961165,1,2,1,1,0,7,0,0,0,0,1,1,0,medio_baixo
3,10000.0,11,0.8181818181818182,1,3,1,0,0,0,0,1,1,0,0,0,0,medio_alto
2,10000.0,0,0.0,1,1,1,0,0,0,0,0,0,0,0,0,1,baixo
7,350000.0,4785,0.8950888192267502,11,3,1,0,0,0,1,0,0,1,0,0,1,medio_alto
3,10000.0,4,1.0,2,2,1,0,0,0,1,0,1,0,0,0,0,alto
9,350000.0,2640,0.9454545454545454,9,1,1,0,0,0,0,0,1,0,0,0,0,alto
1,10000.0,0,0.0,3,2,1,0,0,0,0,0,1,0,1,0,0,alto
8,10000.0,20,0.7,1,3,1,0,0,0,1,1,0,0,0,0,0,alto
2,150000.0,12,0.16666666666666666,9,7,1,0,0,0,1,1,1,0,0,1,1,gratuito
7,10000.0,2,0.0,2,2,1,0,0,0,1,0,0,0,0,1,0,alto
1,0.0,0,0.0,0,0,1,0,0,0,0,0,0,0,0,0,0,gratuito
12,10000.0,65,0.1076923076923077,2,2,1,0,0,0,0,0,0,0,0,1,0,alto
1,0.0,0,0.0,2,4,1,0,0,1,1,0,1,0,1,1,0,alto
1,0.0,0,0.0,0,0,1,0,0,0,0,0,0,0,0,0,0,gratuito
3,10000.0,169,0.8579881656804734,1,2,1,0,0,1,1,0,1,0,0,0,0,medio_alto
1,10000.0,0,0.0,1,1,1,0,0,0,0,1,0,0,0,0,0,alto
6,10000.0,3,0.3333333333333333,1,3,1,0,0,0,1,1,1,0,0,0,0,alto
4,35000.0,8,0.75,1,1,1,0,0,1,0,0,0,0,0,1,0,gratuito
8,35000.0,60,0.9166666666666666,13,2,1,1,0,0,0,0,1,1,0,0,0,alto
9,350000.0,1005,0.8218905472636816,4,4,1,0,0,0,1,0,0,0,0,0,0,gratuito
6,35000.0,423,0.8770685579196218,1,1,1,0,0,0,1,0,0,0,0,0,0,medio_baixo
10,75000.0,821,0.7685749086479903,5,3,1,0,0,0,1,0,0,1,0,0,1,baixo
6,350000.0,1500,0.9033333333333333,1,2,1,0,0,0,0,0,0,0,0,1,0,gratuito
1,10000.0,165,0.8606060606060606,7,4,1,0,0,0,0,0,1,1,1,1,0,alto
3,350000.0,7169,0.6297949504812387,10,4,1,0,0,1,1,0,0,0,1,1,1,alto
4,35000.0,27,0.25925925925925924,13,4,1,0,0,0,1,1,1,1,0,0,0,baixo
4,10000.0,21,0.9523809523809523,13,1,1,0,0,0,0,0,0,0,0,0,0,alto
1,10000.0,0,0.0,7,1,1,0,1,0,1,0,0,0,0,0,0,alto
5,10000.0,3,1.0,103,2,1,0,0,0,1,0,0,0,0,0,1,baixo
4,10000.0,8,0.75,3,3,1,0,0,0,1,1,1,0,0,0,0,medio_baixo
5,35000.0,581,0.9397590361445783,8,5,1,0,0,1,1,1,1,0,1,0,0,alto
4,10000.0,95,0.8631578947368421,5,3,1,0,0,0,1,0,0,1,0,0,0,alto
1,0.0,0,0.0,0,0,1,0,0,0,0,0,0,0,0,0,0,gratuito
5,35000.0,249,0.6666666666666666,6,2,1,0,0,0,1,1,0,0,0,0,0,medio_alto
1,10000.0,0,0.0,12,3,1,0,0,0,1,1,0,0,1,0,0,medio_baixo
6,10000.0,26,0.7692307692307693,1,1,1,0,0,0,1,0,0,0,0,0,0,medio_alto
6,10000.0,22,0.6818181818181818,1,3,1,1,1,0,1,1,0,1,0,0,0,medio_alto
5,10000.0,20,0.9,2,2,1,1,1,1,1,0,1,0,0,0,0,medio_baixo
4,10000.0,44,0.9090909090909091,1,1,1,0,0,0,0,0,0,1,0,0,0,medio_alto
2,10000.0,0,0.0,3,2,1,0,0,1,0,0,0,1,0,0,1,alto
9,10000.0,8,0.625,2,2,1,0,0,0,1,1,0,0,0,0,0,medio_alto
10,75000.0,147,0.4489795918367347,1,5,1,0,0,0,1,0,0,1,0,1,1,baixo
5,10000.0,151,0.9205298013245033,1,2,1,0,0,0,1,0,0,1,0,0,0,baixo
1,10000.0,1,1.0,1,4,1,0,0,0,1,1,0,1,1,0,0,medio_alto
2,0.0,0,0.0,1,5,1,0,0,0,1,1,1,0,1,0,0,gratuito
2,0.0,0,0.0,2,4,1,0,0,0,1,1,0,1,0,0,0,gratuito
1,0.0,0,0.0,0,0,1,0,0,0,0,0,0,0,0,0,0,gratuito
2,0.0,0,0.0,9,3,1,0,0,0,1,0,1,1,0,0,0,baixo
1,10000.0,0,0.0,4,3,1,0,0,0,1,0,1,0,1,0,0,alto
2,35000.0,496,0.8245967741935484,8,6,1,1,1,0,1,1,1,1,1,1,0,medio_alto
1,10000.0,0,0.0,1,4,1,0,0,0,1,1,0,1,0,1,0,baixo
2,10000.0,2,1.0,1,1,1,0,0,0,0,0,0,1,0,0,0,medio_alto
8,10000.0,2,0.5,1,3,1,0,0,0,0,0,1,1,1,0,0,medio_baixo
5,0.0,0,0.0,0,0,1,0,0,0,0,0,0,0,0,0,0,gratuito
5,0.0,0,0.0,9,5,1,0,0,0,1,0,1,1,0,1,0,gratuito
4,10000.0,1,1.0,1,3,1,0,0,1,1,1,1,0,0,0,0,alto
4,10000.0,0,0.0,2,4,1,0,0,0,1,0,0,1,1,0,1,medio_alto
1,10000.0,90,0.9555555555555556,2,2,1,1,1,0,0,0,1,1,0,0,0,alto
1,0.0,0,0.0,0,0,1,0,0,0,0,0,0,0,0,0,0,gratuito
1,0.0,0,0.0,0,0,1,0,0,0,0,0,0,0,0,0,0,gratuito
5,35000.0,38,0.9210526315789473,1,1,1,0,0,0,0,0,0,1,0,0,0,baixo
7,10000.0,6,0.6666666666666666,1,3,1,0,0,0,1,0,1,1,0,0,0,gratuito
4,10000.0,16,0.625,1,4,1,0,0,0,1,0,0,0,0,1,1,medio_alto
4,10000.0,9,1.0,1,6,1,0,0,0,1,1,1,0,1,0,0,medio_baixo
3,10000.0,0,0.0,1,2,1,0,0,0,0,1,1,0,0,0,0,gratuito
6,10000.0,8,0.75,103,5,1,0,0,0,1,0,1,1,0,1,1,baixo
4,10000.0,1,1.0,27,3,1,0,0,0,0,1,0,0,1,0,0,medio_alto
7,10000.0,0,0.0,1,3,1,0,0,0,1,0,0,0,0,0,0,alto
9,10000.0,9,0.5555555555555556,1,6,1,0,0,0,1,1,0,0,0,0,0,medio_baixo
3,0.0,0,0.0,3,3,1,0,0,0,0,1,1,0,0,0,0,gratuito
6,10000.0,8,0.875,4,2,1,0,0,0,0,0,0,1,0,1,0,alto
8,10000.0,204,0.8921568627450981,1,2,1,1,1,1,1,0,0,0,0,0,1,alto
3,10000.0,35,0.8,1,4,1,1,1,0,1,0,1,0,1,1,0,alto
2,0.0,0,0.0,103,2,1,0,0,2,1,0,0,1,0,0,0,baixo
5,10000.0,6,0.8333333333333334,1,2,1,0,0,0,1,0,1,0,0,0,0,medio_alto
1,0.0,0,0.0,1,4,1,0,0,0,1,1,1,1,0,0,0,medio_alto
2,10000.0,83,1.0,2,1,1,0,0,0,0,0,0,1,0,0,0,medio_baixo
5,10000.0,4,1.0,8,3,1,0,0,0,1,0,0,1,0,0,0,baixo
5,10000.0,0,0.0,1,6,1,0,0,0,1,1,1,1,1,0,1,baixo
2,35000.0,4,1.0,1,3,1,0,0,0,1,1,0,1,0,0,0,alto
1,0.0,0,0.0,1,4,1,0,0,0,0,1,0,0,1,0,0,gratuito
8,10000.0,14,0.9285714285714286,1,2,1,0,0,0,1,0,1,0,0,0,0,gratuito
5,10000.0,5,0.8,1,3,1,0,0,0,1,0,0,1,0,0,1,medio_baixo
4,10000.0,23,0.9565217391304348,2,3,1,1,0,0,1,0,0,1,0,1,0,medio_baixo
4,10000.0,62,0.9838709677419355,1,2,1,1,1,0,1,0,1,0,0,0,0,medio_alto
2,0.0,0,0.0,1,3,1,0,0,0,1,1,0,0,0,0,1,medio_baixo
11,10000.0,45,0.7555555555555555,1,2,1,0,0,0,0,0,0,0,0,1,1,gratuito
2,10000.0,0,0.0,1,1,1,0,0,0,0,0,0,1,0,0,0,alto
1,0.0,0,0.0,13,5,1,0,0,0,0,0,0,1,1,1,0,gratuito
3,0.0,0,0.0,2,0,1,0,0,0,0,0,0,0,0,0,0,gratuito
1,0.0,0,0.0,103,4,1,0,0,1,1,0,0,1,0,0,1,gratuito
2,10000.0,49,0.9387755102040817,2,3,1,0,0,1,1,1,1,0,0,0,0,medio_baixo
3,10000.0,2,1.0,1,3,1,0,0,0,1,1,0,1,0,0,0,medio_alto
6,10000.0,1,1.0,9,3,1,0,0,0,1,1,1,0,0,0,0,medio_alto
3,35000.0,10,1.0,1,2,1,0,0,0,1,0,1,0,0,0,0,baixo
2,10000.0,19,1.0,1,1,1,1,1,1,0,0,0,1,0,0,0,medio_alto
1,10000.0,0,0.0,21,5,1,0,0,0,1,1,1,0,0,0,1,medio_alto
9,10000.0,34,0.7941176470588235,1,4,1,1,1,0,1,0,1,0,1,0,0,gratuito
2,10000.0,44,0.9090909090909091,1,2,1,0,0,0,1,0,1,0,0,0,0,medio_baixo
11,10000.0,34,0.7058823529411765,1,2,1,0,0,1,1,0,0,0,1,0,0,medio_baixo
9,10000.0,15,0.2,1,4,1,0,0,0,0,1,0,1,0,0,1,baixo
3,75000.0,149,0.9395973154362416,1,3,1,1,0,0,1,0,0,0,1,0,0,gratuito
4,10000.0,0,0.0,1,6,1,1,1,0,1,1,1,1,1,0,0,gratuito
6,10000.0,0,0.0,1,2,1,0,0,3,0,0,0,1,0,0,0,gratuito
9,10000.0,3,1.0,1,2,1,0,0,0,0,0,1,1,0,0,0,medio_alto
6,10000.0,2,0.5,2,1,1,0,0,0,1,0,0,0,0,0,0,baixo
8,10000.0,359,0.9080779944289693,29,4,1,1,1,1,1,0,0,1,1,0,1,baixo
8,10000.0,121,0.8842975206611571,1,3,1,0,0,0,1,0,1,1,0,0,0,medio_baixo
3,35000.0,140,0.95,1,3,1,0,0,0,1,1,1,0,0,0,0,medio_baixo
4,10000.0,30,0.8,4,5,1,0,0,1,1,1,1,0,1,1,0,alto
2,10000.0,2,0.5,1,1,1,0,0,0,0,0,0,0,0,0,0,baixo
2,10000.0,8,0.75,1,4,1,0,0,0,1,0,1,1,0,0,1,alto
5,10000.0,42,0.8809523809523809,11,3,1,0,0,1,1,1,1,0,0,0,0,medio_baixo
1,10000.0,0,0.0,4,2,1,0,1,0,1,0,0,0,1,0,0,medio_alto
8,150000.0,2506,0.8663208300079809,5,3,1,1,1,0,1,0,1,1,0,0,0,medio_alto
1,10000.0,0,0.0,2,4,1,0,0,0,1,0,1,0,1,1,0,medio_alto
7,10000.0,41,0.926829268292683,1,3,1,0,0,0,1,1,0,1,0,0,0,baixo
5,35000.0,18,0.7222222222222222,1,7,1,0,0,0,1,0,1,1,1,1,1,baixo
1,10000.0,2,1.0,1,1,1,0,0,0,0,0,0,0,1,0,0,medio_baixo
4,10000.0,9,1.0,3,3,1,0,0,0,0,0,0,0,0,0,1,medio_baixo
6,10000.0,6,1.0,1,2,1,0,0,0,0,0,1,1,0,0,0,medio_alto
5,150000.0,29,0.896551724137931,1,4,1,1,0,0,1,0,1,0,1,1,0,medio_alto
6,35000.0,8,0.75,1,4,1,0,0,0,1,1,1,0,1,0,0,baixo
6,10000.0,756,0.791005291005291,6,3,1,0,0,0,0,1,0,1,0,0,0,medio_baixo
10,10000.0,31,0.7741935483870968,8,3,1,0,0,0,1,1,1,0,0,0,0,medio_alto
4,10000.0,19,0.47368421052631576,3,6,1,0,0,0,1,0,1,1,0,1,1,baixo
9,10000.0,18,0.3888888888888889,1,1,1,0,0,0,1,0,0,0,0,0,0,baixo
2,10000.0,6,1.0,2,2,1,0,0,0,1,0,0,1,0,0,0,medio_alto
5,10000.0,17,0.8823529411764706,1,3,1,0,0,0,0,1,0,1,0,1,0,medio_alto
1,0.0,0,0.0,1,5,1,0,0,0,1,0,0,1,1,1,1,medio_baixo
8,75000.0,125,0.432,1,1,1,0,0,0,0,1,0,0,0,0,0,alto
1,10000.0,0,0.0,1,1,1,0,0,0,0,0,1,0,0,0,0,medio_baixo
2,0.0,0,0.0,1,4,1,0,0,0,0,0,0,1,0,0,1,gratuito
14,75000.0,109,0.5137614678899083,1,3,1,0,0,0,1,1,0,0,0,0,1,alto
2,10000.0,2,0.5,12,4,1,0,0,0,1,0,1,1,0,0,1,medio_alto
1,10000.0,0,0.0,2,2,1,0,0,0,1,0,1,0,0,0,0,baixo
9,10000.0,13,0.3076923076923077,6,3,1,0,0,0,1,1,0,1,0,0,0,medio_baixo
1,10000.0,0,0.0,2,4,1,0,0,0,1,1,1,0,0,0,0,alto
5,10000.0,0,0.0,1,1,1,0,0,0,0,0,0,0,0,0,0,alto
5,10000.0,0,0.0,1,3,1,0,0,0,1,0,0,1,0,0,1,medio_baixo
4,10000.0,0,0.0,1,1,1,0,0,0,0,0,0,0,0,0,1,alto
1,0.0,0,0.0,1,4,1,0,0,0,0,0,0,0,1,1,0,gratuito
9,35000.0,285,0.712280701754386,1,5,1,0,0,0,1,0,1,0,1,1,1,alto
6,10000.0,1,0.0,1,5,1,0,0,0,1,0,1,1,1,1,0,alto
8,10000.0,31,0.6774193548387096,1,2,1,1,1,0,1,1,0,0,0,0,0,alto
2,10000.0,17,1.0,1,4,1,0,0,0,1,0,1,0,0,1,1,alto
7,10000.0,15,0.8,1,2,1,0,0,0,0,0,0,1,0,0,0,gratuito
10,35000.0,229,0.8034934497816594,4,3,1,0,0,0,1,0,0,0,1,1,0,medio_baixo
12,75000.0,570,0.6017543859649123,1,3,1,1,0,2,1,0,0,1,1,0,0,medio_alto
10,10000.0,1,1.0,1,2,1,0,0,0,1,1,0,0,0,0,0,medio_alto
6,10000.0,10,0.7,1,2,1,1,0,0,0,0,0,1,0,0,1,gratuito
2,10000.0,0,0.0,1,2,1,0,1,0,1,0,0,0,0,0,0,medio_alto
3,10000.0,303,0.6237623762376238,5,3,1,1,0,0,0,0,0,0,0,0,1,gratuito
1,0.0,0,0.0,1,1,1,0,0,0,0,0,0,0,0,1,0,alto
16,75000.0,387,0.7984496124031008,4,3,1,1,1,0,1,0,0,0,0,1,1,medio_alto
3,0.0,0,0.0,1,3,1,0,0,0,1,1,0,1,0,0,0,gratuito
7,10000.0,115,0.5304347826086957,1,5,1,0,0,0,1,1,1,0,0,1,1,baixo
5,0.0,0,0.0,2,3,1,0,0,0,1,0,0,1,0,0,0,medio_baixo
11,35000.0,53,0.8490566037735849,1,2,1,0,0,0,0,0,1,1,0,0,0,medio_baixo
1,10000.0,0,0.0,1,4,1,0,1,0,1,0,1,1,0,0,0,gratuito
5,75000.0,507,0.883629191321499,1,3,1,0,0,0,1,0,0,0,0,0,1,baixo
1,0.0,0,0.0,0,0,1,0,0,0,0,0,0,0,0,0,0,gratuito
11,10000.0,6,0.5,1,3,1,0,0,0,0,0,0,0,0,0,0,alto
3,10000.0,0,0.0,1,1,1,0,0,0,0,0,0,0,1,0,0,medio_alto
1,10000.0,0,0.0,4,2,1,1,1,0,0,0,0,1,0,0,1,medio_alto
15,150000.0,1786,0.6136618141097424,1,2,1,0,0,0,1,0,0,0,0,1,0,medio_baixo
7,10000.0,45,0.2,5,2,1,0,0,0,1,0,1,0,0,0,0,baixo
15,150000.0,1068,0.9363295880149812,3,2,1,1,0,0,1,0,0,0,0,0,0,gratuito
2,0.0,0,0.0,1,5,1,0,0,0,1,1,0,1,0,1,0,gratuito
2,10000.0,2,0.5,26,5,1,0,0,0,1,1,1,0,0,0,1,baixo
4,10000.0,9,0.2222222222222222,1,2,1,0,0,0,1,1,0,0,0,0,0,baixo
1,0.0,0,0.0,2,1,1,0,0,0,0,0,0,0,1,0,0,alto
4,10000.0,3,0.0,1,6,1,0,1,0,1,1,1,0,1,0,1,medio_alto
8,35000.0,220,0.8590909090909091,1,2,1,0,0,0,1,0,0,0,0,0,0,gratuito
3,10000.0,10,1.0,1,1,1,0,0,0,0,1,0,0,0,0,0,medio_alto
14,350000.0,1711,0.7253068381063705,8,3,1,1,1,6,0,0,0,0,1,1,1,medio_alto
3,10000.0,1,1.0,1,4,1,0,0,0,1,1,1,0,0,0,0,medio_alto
3,10000.0,0,0.0,7,3,1,1,0,0,1,0,1,0,0,1,0,medio_baixo
3,10000.0,0,0.0,2,3,1,0,0,0,1,0,1,0,0,0,1,medio_baixo
1,10000.0,0,0.0,8,3,1,0,0,0,1,0,0,1,0,0,1,medio_alto
3,0.0,0,0.0,1,4,1,0,0,0,1,0,0,0,0,1,1,gratuito
6,10000.0,24,0.625,1,1,1,0,0,0,1,0,0,0,0,0,0,medio_alto
4,0.0,0,0.0,0,0,1,0,0,0,0,0,0,0,0,0,0,gratuito
1,0.0,0,0.0,8,2,1,0,0,0,1,0,1,0,0,0,0,medio_alto
1,10000.0,1,1.0,1,1,1,0,0,3,0,0,0,0,0,0,1,medio_alto
7,10000.0,13,1.0,1,1,1,0,0,0,1,0,0,0,0,0,0,gratuito
17,350000.0,910,0.878021978021978,1,2,1,0,0,0,0,0,0,0,0,1,1,medio_baixo
1,0.0,0,0.0,1,4,1,0,0,0,1,1,1,0,1,0,0,medio_alto
5,10000.0,7,1.0,1,4,1,0,0,0,1,1,0,1,1,0,0,medio_alto
6,10000.0,6,0.6666666666666666,1,5,1,0,0,0,1,1,1,0,0,1,1,baixo
2,10000.0,18,0.9444444444444444,2,3,1,0,0,0,1,0,0,1,0,0,1,medio_alto
4,10000.0,0,0.0,8,2,1,0,0,0,1,1,0,0,0,0,0,medio_baixo
11,35000.0,197,0.3350253807106599,1,5,1,0,0,0,1,0,0,0,1,1,1,alto
4,0.0,0,0.0,0,0,1,0,0,0,0,0,0,0,0,0,0,gratuito
1,10000.0,0,0.0,4,2,1,0,0,0,0,1,0,1,0,0,0,medio_alto
3,10000.0,3,0.6666666666666666,1,2,1,0,0,0,1,1,0,0,0,0,0,baixo
6,10000.0,25,0.56,1,4,1,1,0,0,1,0,0,1,0,1,0,baixo
8,10000.0,6,0.6666666666666666,1,4,1,0,0,0,1,1,1,0,0,0,1,medio_alto
4,10000.0,33,0.9393939393939394,1,1,1,0,0,0,0,1,0,0,0,0,0,medio_alto
2,0.0,0,0.0,1,2,1,0,0,0,0,0,1,0,0,0,0,gratuito
10,150000.0,1130,0.7743362831858407,8,5,1,0,0,1,1,1,1,0,0,0,1,medio_baixo
6,10000.0,1,0.0,1,3,1,0,0,0,1,0,0,0,0,1,0,medio_baixo
3,35000.0,170,0.9235294117647059,1,4,1,0,0,1,1,0,1,1,1,0,0,medio_alto
8,10000.0,47,0.46808510638297873,2,10,1,0,0,0,1,1,1,1,1,1,1,medio_alto
15,75000.0,317,0.8422712933753943,2,2,1,0,1,0,1,1,0,0,0,0,0,medio_baixo
3,10000.0,0,0.0,3,4,1,0,0,0,0,0,0,0,0,0,0,gratuito
3,10000.0,16,0.875,10,6,1,0,0,0,1,1,1,0,1,1,0,medio_alto
1,0.0,0,0.0,2,2,1,0,0,1,1,0,1,0,0,0,0,medio_baixo
2,10000.0,25,1.0,2,2,1,0,0,1,1,0,1,0,0,0,0,medio_baixo
3,10000.0,5,1.0,3,4,1,0,0,0,1,1,1,1,0,0,0,medio_alto
6,10000.0,4,1.0,1,2,1,1,1,0,1,1,0,0,0,0,0,baixo
4,10000.0,124,0.9435483870967742,1,1,1,0,0,0,0,0,0,0,0,0,1,medio_baixo
4,10000.0,29,0.7586206896551724,1,6,1,1,1,0,1,1,1,0,0,1,0,baixo
2,0.0,0,0.0,0,0,1,0,0,0,0,0,0,0,0,0,0,gratuito
6,10000.0,26,0.6153846153846154,2,4,1,0,0,0,1,0,1,0,1,1,0,medio_alto
4,10000.0,29,0.7241379310344828,1,2,1,0,0,1,1,0,1,0,0,0,0,alto
2,10000.0,0,0.0,1,3,1,0,0,0,1,0,0,1,0,0,1,medio_alto
5,0.0,0,0.0,2,4,1,0,0,0,1,1,0,1,0,0,0,gratuito
12,150000.0,1192,0.7718120805369127,14,2,1,0,0,0,0,1,1,0,0,0,0,alto
4,10000.0,39,0.6153846153846154,1,2,1,0,0,0,1,1,0,0,0,0,0,baixo
6,10000.0,158,0.7151898734177216,2,1,1,0,0,0,0,0,1,0,0,0,0,alto
8,150000.0,116,0.7327586206896551,4,3,1,0,0,0,1,0,0,1,0,0,1,medio_alto
1,10000.0,0,0.0,27,2,1,1,1,0,1,0,0,0,0,0,1,baixo
1,0.0,0,0.0,0,0,1,0,0,0,0,0,0,0,0,0,0,gratuito
7,10000.0,5,0.0,1,3,1,0,0,0,1,0,1,0,1,0,0,baixo
6,10000.0,0,0.0,1,2,1,0,0,0,1,0,0,0,0,0,0,medio_alto
5,10000.0,20,0.95,10,3,1,0,1,0,1,1,1,0,0,0,0,baixo
6,10000.0,12,1.0,1,1,1,0,0,0,0,1,0,0,0,0,0,medio_baixo
5,10000.0,2,1.0,1,3,1,0,0,0,1,1,1,0,0,0,0,medio_alto
3,10000.0,302,0.8509933774834437,4,4,1,0,0,1,1,1,1,0,0,0,1,alto
3,10000.0,4,0.5,2,2,1,0,0,0,1,0,1,0,0,0,0,baixo
7,350000.0,3526,0.948667044809983,9,2,1,1,0,0,1,1,0,0,0,0,0,medio_baixo
16,75000.0,167,0.39520958083832336,1,1,1,0,0,3,0,0,0,0,0,1,0,medio_baixo
10,35000.0,139,0.8776978417266187,1,2,1,0,0,0,1,1,0,0,0,0,0,medio_baixo
2,0.0,0,0.0,1,3,1,0,0,1,0,0,0,0,0,1,0,gratuito
3,10000.0,3,0.3333333333333333,10,3,1,0,0,0,1,1,0,0,0,0,0,alto
4,0.0,0,0.0,2,4,1,0,0,0,1,1,0,1,0,0,0,gratuito
5,10000.0,0,0.0,1,1,1,0,0,0,0,0,0,0,1,0,0,medio_baixo
1,0.0,0,0.0,1,3,1,0,1,0,1,0,0,1,0,0,0,gratuito
1,10000.0,0,0.0,13,3,1,0,0,0,1,1,0,0,0,0,0,alto
1,10000.0,0,0.0,12,1,1,1,0,0,0,0,0,1,0,0,0,medio_alto
2,10000.0,154,0.9155844155844156,12,4,1,0,0,0,1,0,0,1,0,0,1,alto
3,0.0,0,0.0,0,0,1,0,0,0,0,0,0,0,0,0,0,gratuito
6,10000.0,23,0.7391304347826086,2,3,1,0,1,0,1,0,1,1,0,0,0,baixo
6,75000.0,2940,0.9146258503401361,3,1,1,0,0,79,0,0,0,0,1,0,0,alto
1,10000.0,0,0.0,27,2,1,1,1,0,1,0,0,0,0,0,1,medio_alto
9,10000.0,9,0.7777777777777778,1,8,1,0,0,0,1,1,1,1,0,0,1,alto
4,10000.0,1,1.0,3,1,1,1,1,0,0,0,0,1,0,0,0,medio_alto
1,75000.0,4,0.5,19,5,1,0,0,0,1,0,0,0,0,0,1,medio_alto
10,10000.0,135,0.8962962962962963,1,2,1,0,0,0,1,1,0,0,0,0,0,gratuito
2,10000.0,24,0.875,10,2,1,0,1,0,1,0,0,1,0,0,0,baixo
11,10000.0,77,0.948051948051948,6,4,1,0,0,0,0,0,1,1,0,1,1,medio_baixo
1,0.0,0,0.0,1,2,1,0,0,0,0,1,0,0,1,0,0,baixo
3,10000.0,19,0.9473684210526315,3,3,1,0,0,1,1,1,0,1,0,0,0,baixo
7,10000.0,0,0.0,1,2,1,1,1,0,1,0,0,1,0,0,0,medio_baixo
1,0.0,0,0.0,9,3,1,1,1,1,0,0,0,0,1,1,0,gratuito
9,10000.0,50,0.88,6,3,1,1,0,2,1,0,1,1,0,0,0,medio_alto
8,10000.0,23,1.0,6,3,1,0,1,0,1,1,0,1,0,0,0,medio_alto
2,10000.0,0,0.0,1,2,1,1,1,0,0,0,1,1,0,0,0,medio_baixo
4,0.0,0,0.0,1,4,1,0,0,0,1,0,1,0,1,0,0,gratuito
1,10000.0,152,0.8157894736842105,11,2,1,0,0,0,1,0,1,0,0,0,0,medio_baixo
7,35000.0,656,0.7652439024390244,1,7,1,0,0,1,1,1,1,0,1,0,1,alto
7,150000.0,633,0.8357030015797788,11,3,1,1,1,0,1,1,0,0,0,0,0,gratuito
9,35000.0,4,1.0,1,2,1,1,0,0,0,0,0,1,0,1,0,medio_baixo
2,10000.0,55,0.8727272727272727,2,2,1,0,0,0,0,0,1,0,0,1,0,medio_baixo
10,75000.0,1099,0.9044585987261147,2,2,1,0,0,0,1,0,0,1,0,0,0,medio_baixo
2,10000.0,18,0.7222222222222222,2,5,1,0,0,0,1,1,0,1,0,0,1,medio_alto
3,35000.0,1,1.0,1,1,1,0,0,0,0,0,0,1,0,0,0,baixo
4,10000.0,12,0.9166666666666666,1,3,1,0,0,0,1,0,1,1,0,0,0,medio_baixo
5,10000.0,0,0.0,1,3,1,0,0,0,1,1,0,1,0,0,0,baixo
3,10000.0,1,1.0,1,3,1,1,0,0,1,0,1,1,0,0,0,baixo
2,0.0,0,0.0,0,0,1,0,0,0,0,0,0,0,0,0,0,gratuito
3,10000.0,52,0.8269230769230769,1,4,1,0,0,0,1,0,0,1,0,1,1,medio_alto
3,10000.0,0,0.0,1,2,1,0,0,0,0,1,0,1,0,0,0,medio_baixo
3,10000.0,6,0.8333333333333334,1,4,1,0,0,0,1,0,1,1,0,0,1,medio_baixo
6,10000.0,1054,0.6888045540796964,4,4,1,0,0,0,1,1,1,0,1,0,0,medio_baixo
1,10000.0,0,0.0,2,3,1,0,0,0,1,0,0,0,0,0,1,gratuito
9,10000.0,7,0.5714285714285714,1,4,1,1,0,0,1,0,0,1,0,1,0,medio_alto
1,0.0,0,0.0,1,1,1,0,0,0,0,0,0,1,0,0,0,medio_baixo
3,10000.0,0,0.0,1,6,1,0,0,0,1,1,1,1,0,1,0,medio_alto
2,10000.0,2,0.0,1,5,1,1,0,0,1,1,1,0,1,1,0,medio_baixo
7,35000.0,17,0.5882352941176471,1,5,1,0,0,1,1,0,1,1,1,1,0,baixo
5,10000.0,0,0.0,1,1,1,0,0,0,0,0,0,0,1,0,0,alto
2,10000.0,5,1.0,1,5,1,0,1,0,1,1,0,1,0,1,0,medio_baixo
7,10000.0,131,0.7633587786259542,1,2,1,0,0,0,1,0,0,0,0,0,1,gratuito
9,10000.0,18,0.7777777777777778,4,3,1,1,1,0,1,1,1,0,0,0,0,medio_alto
2,10000.0,0,0.0,2,2,1,0,0,0,1,0,1,0,0,0,0,gratuito
5,10000.0,122,0.8852459016393442,11,1,1,0,0,0,0,0,0,1,0,0,0,medio_alto
2,10000.0,8,0.625,1,4,1,0,0,0,1,1,0,1,1,0,0,baixo
4,10000.0,0,0.0,1,4,1,0,0,0,1,1,1,0,0,0,1,baixo
10,10000.0,23,0.9130434782608695,6,2,1,1,1,0,1,0,0,1,0,0,0,medio_baixo
2,0.0,0,0.0,0,0,1,0,0,0,0,0,0,0,0,0,0,gratuito
10,35000.0,119,0.7983193277310925,1,3,1,1,1,0,1,1,1,0,0,0,0,baixo
7,10000.0,8,0.5,2,3,1,0,0,1,1,1,1,0,0,0,0,gratuito
4,10000.0,8,1.0,1,3,1,1,1,0,1,0,1,0,0,0,0,gratuito
3,10000.0,270,0.9259259259259259,13,4,1,0,0,0,1,0,0,1,0,1,1,medio_baixo
3,10000.0,2,0.0,26,4,1,0,0,0,1,1,0,0,0,0,1,baixo
1,10000.0,0,0.0,1,5,1,0,0,0,1,1,1,1,0,0,0,medio_baixo
8,10000.0,103,0.4854368932038835,1,3,1,0,0,0,1,1,1,0,0,0,0,medio_baixo
2,10000.0,2,0.5,2,2,1,0,0,0,1,1,0,0,0,0,0,medio_alto
8,10000.0,13,0.9230769230769231,1,3,1,0,0,0,1,0,0,1,0,0,0,baixo
3,10000.0,54,0.5925925925925926,1,2,1,0,0,0,1,0,0,1,0,0,0,medio_alto
3,10000.0,4,1.0,1,2,1,0,0,0,1,1,0,0,0,0,0,medio_alto
1,0.0,0,0.0,2,3,1,1,0,0,1,0,0,1,0,0,1,medio_baixo
9,10000.0,36,0.19444444444444445,1,2,1,0,0,0,1,1,0,0,0,0,0,baixo
4,10000.0,0,0.0,1,2,1,0,0,0,1,0,1,0,0,0,0,alto
1,0.0,0,0.0,1,3,1,0,0,0,1,0,0,0,0,0,1,gratuito
5,10000.0,1,0.0,1,3,1,0,0,0,1,0,0,1,0,1,0,medio_alto
3,35000.0,5,0.6,1,2,1,0,0,0,1,0,1,0,0,0,0,medio_alto
4,10000.0,7,0.7142857142857143,1,3,1,0,1,0,1,1,1,0,0,0,0,medio_baixo
2,10000.0,1,1.0,1,2,1,0,0,0,0,0,0,1,0,0,0,medio_alto
10,10000.0,9,0.6666666666666666,2,2,1,0,0,0,0,1,0,1,0,0,0,medio_baixo
1,10000.0,0,0.0,26,4,1,0,0,1,1,0,0,1,0,1,1,alto
1,10000.0,0,0.0,13,3,1,0,0,2,0,1,0,1,0,0,1,alto
8,10000.0,8,0.625,1,2,1,1,0,0,1,0,1,0,0,0,0,baixo
1,10000.0,0,0.0,1,3,1,0,0,0,0,0,0,1,0,0,1,medio_baixo
1,10000.0,0,0.0,2,2,1,0,0,0,1,0,0,0,0,0,0,medio_alto
1,10000.0,55,0.6909090909090909,1,2,1,0,0,0,1,1,0,0,0,0,0,medio_alto
3,10000.0,49,0.7959183673469388,3,3,1,0,0,0,1,0,1,1,0,0,0,medio_baixo
1,10000.0,0,0.0,1,4,1,1,0,0,1,0,1,0,1,1,0,alto
5,10000.0,15,0.6,103,4,1,0,0,0,1,0,1,0,0,0,1,baixo
2,10000.0,10,1.0,1,1,1,0,0,0,1,0,0,0,0,0,0,alto
1,0.0,0,0.0,0,0,1,0,0,0,0,0,0,0,0,0,0,gratuito
2,10000.0,0,0.0,1,1,1,0,0,0,1,0,0,0,0,0,0,medio_alto
5,10000.0,13,0.38461538461538464,1,2,1,0,0,0,1,0,0,1,0,0,0,baixo
1,10000.0,0,0.0,8,2,1,0,0,0,1,1,0,0,0,0,0,alto
8,10000.0,1,0.0,1,2,1,0,0,0,1,0,0,1,0,0,0,baixo
5,10000.0,4,0.5,1,1,1,0,0,0,0,0,0,1,0,0,0,baixo
3,10000.0,22,0.7272727272727273,1,4,1,0,0,0,1,0,1,1,0,0,1,gratuito
2,0.0,0,0.0,2,3,1,0,0,0,1,0,0,1,0,0,0,gratuito
9,35000.0,103,0.8446601941747572,1,4,1,0,1,1,1,0,0,1,0,0,1,gratuito
2,10000.0,14,0.9285714285714286,2,3,1,0,0,0,1,1,0,1,0,0,0,baixo
5,0.0,0,0.0,1,1,1,0,0,0,0,0,1,0,0,0,0,gratuito
12,75000.0,383,0.856396866840731,1,1,1,0,0,1,0,0,0,0,0,1,0,baixo
1,10000.0,8,1.0,2,3,1,0,1,0,0,1,1,0,0,0,1,medio_alto
8,75000.0,165,0.4727272727272727,5,2,1,0,0,0,1,0,0,0,0,0,1,medio_baixo
9,10000.0,3,0.6666666666666666,1,1,1,0,0,0,0,0,0,0,0,0,0,alto
1,10000.0,0,0.0,1,3,1,1,1,0,1,0,0,1,1,0,0,medio_alto
4,10000.0,8,0.625,8,2,1,0,0,0,1,0,0,1,0,0,0,baixo
10,10000.0,18,0.8333333333333334,1,3,1,0,0,0,1,1,0,1,0,0,0,baixo
4,10000.0,4,0.75,7,4,1,0,0,0,1,1,1,0,1,0,0,medio_baixo
1,10000.0,0,0.0,31,2,1,0,0,0,1,0,0,1,0,0,0,baixo
5,75000.0,280,0.8214285714285714,13,2,1,0,0,1,1,0,0,1,0,0,0,baixo
6,10000.0,0,0.0,2,1,1,0,0,0,0,0,0,0,0,0,1,medio_baixo
5,0.0,0,0.0,0,0,1,0,0,0,0,0,0,0,0,0,0,gratuito
4,35000.0,1824,0.987390350877193,7,3,1,1,0,1,1,0,1,1,0,0,0,medio_baixo
4,10000.0,7,0.42857142857142855,1,5,1,0,0,0,1,0,1,0,1,0,0,alto
7,10000.0,81,0.654320987654321,8,4,1,1,0,1,1,0,1,0,0,1,0,medio_baixo
5,75000.0,1419,0.8816067653276956,9,4,1,0,0,5,1,1,1,0,1,0,0,alto
10,35000.0,74,0.8243243243243243,1,5,1,0,0,0,1,1,1,0,1,1,0,medio_baixo
5,10000.0,0,0.0,4,3,1,0,0,0,1,0,1,1,0,0,0,baixo
6,10000.0,61,1.0,1,3,1,0,0,0,1,1,1,0,0,0,0,medio_alto
1,10000.0,0,0.0,2,2,1,0,0,0,1,1,0,0,0,0,0,alto
2,0.0,0,0.0,0,0,1,0,0,0,0,0,0,0,0,0,0,gratuito
8,10000.0,8,0.5,1,2,1,0,0,0,0,1,0,0,0,1,0,alto
5,10000.0,93,0.7311827956989247,3,4,1,0,0,0,1,1,1,1,0,0,0,medio_alto
2,10000.0,0,0.0,3,3,1,0,0,0,1,0,0,0,1,0,1,medio_alto
1,10000.0,6,0.8333333333333334,16,2,1,1,0,0,0,0,0,1,0,1,0,medio_baixo
11,75000.0,176,0.8636363636363636,2,2,1,0,0,0,0,0,0,0,0,1,1,baixo
2,10000.0,1,1.0,1,4,1,0,0,0,1,1,1,0,1,0,0,medio_alto
9,10000.0,191,0.93717277486911,1,3,1,0,0,8,1,1,0,0,0,0,0,alto
2,10000.0,65,0.7384615384615385,1,3,1,1,0,8,1,0,0,1,0,1,0,gratuito
6,10000.0,2,0.5,7,6,1,0,0,1,1,1,1,1,1,0,1,medio_baixo
11,150000.0,708,0.7937853107344632,5,4,1,0,0,0,1,1,1,0,1,0,0,baixo
2,350000.0,86,0.5348837209302325,6,1,1,0,0,0,0,1,0,0,0,0,0,gratuito
1,10000.0,1,0.0,2,1,1,0,0,0,0,0,0,1,0,0,0,medio_alto
2,10000.0,0,0.0,1,1,1,0,0,0,0,0,0,0,1,0,0,medio_baixo
1,10000.0,17,0.6470588235294118,9,3,1,0,0,0,0,1,1,0,0,0,1,medio_alto
1,0.0,0,0.0,6,4,1,0,0,0,1,0,1,0,1,0,0,gratuito
2,0.0,0,0.0,0,0,1,0,0,0,0,0,0,0,0,0,0,gratuito
1,0.0,0,0.0,0,0,1,0,0,0,0,0,0,0,0,0,0,gratuito
2,10000.0,128,0.8046875,10,4,1,0,0,1,1,1,0,1,0,0,0,medio_alto
2,0.0,0,0.0,1,2,1,0,0,0,0,0,0,1,0,0,0,gratuito
1,10000.0,1,1.0,3,5,1,0,0,0,1,0,1,1,0,1,1,alto
4,10000.0,8,0.625,2,3,1,0,0,0,1,0,0,0,1,0,0,medio_baixo
2,10000.0,5,1.0,2,3,1,0,0,0,1,0,1,0,0,0,1,baixo
8,150000.0,2493,0.8347372643401524,6,3,1,0,0,2,0,0,1,0,1,0,1,medio_baixo
11,75000.0,172,0.6802325581395349,1,2,1,1,1,0,1,1,0,0,0,0,0,medio_alto
5,10000.0,5,1.0,1,2,1,0,0,0,1,0,0,1,0,0,0,medio_alto
2,10000.0,0,0.0,1,2,1,0,0,0,1,1,0,0,0,0,0,medio_alto
7,350000.0,79,0.8734177215189873,1,2,1,0,0,2,1,0,0,0,0,1,0,gratuito
7,10000.0,1,1.0,1,3,1,0,0,2,1,1,0,1,0,0,0,medio_baixo
1,0.0,0,0.0,1,3,1,0,0,0,1,0,1,0,0,0,0,gratuito
3,0.0,0,0.0,4,4,1,0,0,0,1,1,0,1,0,0,0,gratuito
5,35000.0,7,0.8571428571428571,1,2,1,0,0,0,1,0,1,0,0,0,0,baixo
7,10000.0,0,0.0,17,3,1,0,0,0,1,1,1,0,0,0,0,baixo
2,10000.0,11,0.9090909090909091,10,4,1,0,0,0,1,1,1,0,0,0,0,alto
2,10000.0,0,0.0,1,3,1,0,0,0,0,1,0,1,0,0,0,medio_baixo
9,150000.0,4747,0.9349062565831051,7,4,1,0,0,0,1,0,1,0,1,0,0,gratuito
7,750000.0,13940,0.8393113342898135,13,1,1,0,0,1,0,0,0,0,0,1,0,medio_alto
1,10000.0,0,0.0,2,4,1,1,1,0,1,1,1,0,0,0,0,gratuito
9,150000.0,2299,0.9565028273162245,4,3,1,0,0,0,1,0,1,1,0,0,0,alto
5,10000.0,15,0.8,2,2,1,0,0,0,1,0,0,0,0,1,0,alto
1,10000.0,0,0.0,1,5,1,0,0,0,1,1,1,1,0,1,0,baixo
3,10000.0,22,0.9545454545454546,1,4,1,0,0,0,1,1,0,0,1,0,0,baixo
3,10000.0,1,1.0,5,4,1,0,1,0,1,0,0,0,0,0,1,baixo
1,10000.0,0,0.0,11,4,1,0,0,1,1,0,1,1,0,1,0,medio_alto
8,10000.0,3,0.3333333333333333,1,8,1,0,0,0,1,1,1,1,1,1,1,medio_alto
10,10000.0,21,0.9047619047619048,1,2,1,0,0,0,0,0,1,1,0,0,0,medio_alto
3,0.0,0,0.0,1,2,1,1,0,0,1,1,0,0,0,0,0,gratuito
9,10000.0,9,1.0,1,4,1,0,0,1,1,1,1,1,0,0,0,alto
8,10000.0,43,0.7906976744186046,1,4,1,1,1,3,1,0,1,1,0,0,0,gratuito
2,10000.0,124,0.782258064516129,12,2,1,0,0,0,1,1,0,0,0,0,0,medio_alto
3,0.0,0,0.0,0,0,1,0,0,0,0,0,0,0,0,0,0,gratuito
7,35000.0,210,0.44761904761904764,2,5,1,0,0,0,1,1,1,0,1,0,0,alto
2,10000.0,0,0.0,1,4,1,0,0,0,1,1,0,0,0,1,1,medio_baixo
1,0.0,0,0.0,0,0,1,0,0,0,0,0,0,0,0,0,0,gratuito
1,0.0,0,0.0,0,0,1,0,0,0,0,0,0,0,0,0,0,gratuito
2,10000.0,7,0.7142857142857143,1,3,1,0,0,0,0,0,1,1,0,0,1,baixo
1,10000.0,3,1.0,4,3,1,0,0,0,1,0,0,1,1,0,0,medio_baixo
2,75000.0,447,0.8635346756152126,3,3,1,1,0,1,1,0,0,1,0,1,0,medio_baixo
7,35000.0,2,1.0,1,2,1,0,0,0,1,0,0,1,0,0,0,medio_alto
1,10000.0,16,0.875,10,3,1,0,0,0,1,0,0,1,0,1,0,medio_alto
1,10000.0,0,0.0,8,1,1,0,0,0,0,0,0,0,0,1,0,baixo
6,10000.0,3,1.0,1,2,1,0,0,0,1,1,0,0,0,0,0,medio_alto
4,10000.0,1,0.0,7,4,1,0,1,0,1,1,1,0,0,0,0,medio_baixo
7,10000.0,33,0.9393939393939394,2,1,1,0,0,0,0,0,0,0,0,0,0,medio_alto
1,10000.0,0,0.0,1,3,1,1,0,0,1,0,0,1,0,0,1,medio_baixo
2,10000.0,4,1.0,1,3,1,0,0,0,1,1,1,0,0,0,0,medio_baixo
6,10000.0,1,1.0,2,3,1,1,0,0,1,0,1,1,0,0,0,baixo
3,0.0,0,0.0,0,0,1,0,0,0,0,0,0,0,0,0,0,gratuito
7,10000.0,5,0.4,2,2,1,0,0,0,1,1,0,0,0,0,0,baixo
2,350000.0,7,1.0,1,3,1,0,0,0,1,1,1,0,0,0,0,medio_baixo
2,10000.0,1,1.0,2,1,1,0,0,0,0,1,0,0,0,0,0,medio_alto
4,35000.0,10,0.6,1,2,1,0,0,0,1,0,0,0,0,0,0,alto
6,350000.0,2030,0.6541871921182266,1,2,1,0,0,2,1,1,0,0,0,0,0,baixo
2,10000.0,542,0.7675276752767528,6,3,1,0,0,1,1,1,0,0,0,1,0,medio_alto
4,10000.0,27,0.5185185185185185,1,2,1,0,0,0,1,1,0,0,0,0,0,medio_baixo
1,10000.0,0,0.0,1,3,1,0,0,0,0,0,1,1,0,0,1,alto
4,10000.0,0,0.0,1,3,1,1,0,0,1,1,0,0,0,0,0,alto
7,35000.0,68,0.7941176470588235,2,4,1,0,0,1,1,0,0,1,0,1,0,gratuito
3,150000.0,3219,0.987573780677229,1,1,1,0,0,1,0,1,0,0,0,0,0,medio_baixo
8,10000.0,88,0.5113636363636364,4,3,1,0,0,1,1,0,0,1,0,1,0,alto
11,35000.0,126,0.8650793650793651,2,2,1,1,1,0,1,0,1,0,0,0,0,alto
8,10000.0,20,0.6,1,3,1,0,0,0,0,0,0,0,0,0,1,gratuito
1,0.0,0,0.0,0,0,1,0,0,0,0,0,0,0,0,0,0,gratuito
1,10000.0,3,1.0,3,3,1,1,0,1,1,0,1,1,0,0,0,alto
5,10000.0,47,0.8297872340425532,3,4,1,0,0,0,1,0,0,1,0,1,1,baixo
3,10000.0,6,1.0,1,2,1,0,0,0,0,1,0,0,0,0,1,baixo
2,10000.0,6,0.6666666666666666,14,4,1,0,0,0,1,1,1,0,0,0,0,medio_baixo
9,1500000.0,18408,0.91454802259887,8,2,1,0,0,14,0,1,0,0,1,0,0,alto
15,35000.0,306,0.5686274509803921,7,1,1,0,0,0,0,0,0,0,0,0,0,alto
2,10000.0,0,0.0,12,3,1,1,1,0,1,0,0,1,0,1,0,baixo
2,0.0,0,0.0,1,4,1,0,0,0,1,1,0,1,0,0,0,gratuito
1,10000.0,0,0.0,30,3,1,0,0,0,1,0,0,1,0,1,0,medio_alto
11,10000.0,117,0.7606837606837606,1,3,1,1,1,0,1,0,1,0,0,0,1,alto
7,150000.0,2399,0.9149645685702376,11,2,1,1,0,1,1,0,1,0,0,0,0,medio_baixo
8,35000.0,137,0.8686131386861314,1,1,1,0,0,0,1,0,0,0,0,0,0,gratuito
22,15000000.0,182234,0.9626414390289408,12,1,1,0,1,0,0,1,0,0,0,0,0,medio_baixo
2,10000.0,68,0.9852941176470589,2,1,1,1,1,0,0,0,1,0,0,0,0,medio_baixo
4,10000.0,10,0.3,1,4,1,0,0,0,1,1,1,1,0,0,0,baixo
3,10000.0,0,0.0,17,2,1,0,0,6,0,0,1,0,1,0,0,alto
4,10000.0,3,1.0,1,4,1,1,1,0,1,1,0,1,0,1,0,baixo
2,10000.0,5,1.0,2,3,1,0,0,1,1,1,1,0,0,0,0,baixo
6,150000.0,804,0.900497512437811,1,4,1,1,0,0,1,0,0,1,1,0,1,alto
6,10000.0,10,0.6,2,4,1,0,0,0,1,0,1,1,1,0,0,medio_baixo
4,10000.0,0,0.0,1,4,1,0,0,0,1,1,1,1,0,0,0,baixo
1,10000.0,73,0.9863013698630136,9,2,1,0,0,0,1,0,1,0,0,0,0,medio_baixo
1,10000.0,2,1.0,1,4,1,0,0,0,1,1,1,1,0,0,0,medio_alto
3,10000.0,0,0.0,1,1,1,1,1,0,0,0,1,0,0,0,0,medio_baixo
9,10000.0,174,0.896551724137931,14,1,1,1,1,1,1,0,0,0,0,0,0,medio_baixo
1,10000.0,0,0.0,1,2,1,1,0,0,1,0,0,0,0,0,0,medio_alto
1,0.0,0,0.0,1,1,1,0,0,0,0,0,0,0,0,0,0,gratuito
3,0.0,0,0.0,1,2,1,0,0,0,0,0,0,0,1,1,0,gratuito
2,10000.0,3,0.6666666666666666,1,2,1,0,0,2,1,0,0,0,0,1,0,alto
3,10000.0,67,0.9552238805970149,1,2,1,0,0,0,1,0,0,1,0,0,0,medio_baixo
1,0.0,0,0.0,14,3,1,0,0,0,0,0,0,1,0,0,1,gratuito
10,75000.0,704,0.8963068181818182,1,4,1,0,0,0,1,1,0,0,0,0,1,alto
2,10000.0,48,0.5625,1,3,1,0,0,0,1,0,0,0,0,1,0,gratuito
2,10000.0,7,1.0,1,2,1,0,0,0,1,0,0,1,0,0,0,baixo
2,35000.0,317,0.9022082018927445,3,1,1,0,0,0,0,0,0,0,1,0,0,alto
5,150000.0,1098,0.6757741347905283,3,1,1,0,0,0,0,0,0,0,0,1,0,alto
3,35000.0,1,1.0,1,2,1,0,0,0,0,0,1,0,1,0,0,medio_baixo
2,10000.0,2,1.0,1,2,1,0,0,1,1,1,0,0,0,0,0,baixo
8,75000.0,6,0.3333333333333333,3,3,1,1,0,0,1,0,0,1,0,1,0,baixo
8,10000.0,22,0.6363636363636364,1,3,1,0,0,0,1,1,0,1,0,0,0,baixo
9,10000.0,40,0.625,1,6,1,1,0,0,1,1,0,1,0,0,0,gratuito
2,10000.0,58,0.6551724137931034,28,4,1,1,1,4,1,0,1,1,1,0,0,baixo
6,10000.0,8,1.0,2,5,1,0,0,0,0,0,1,1,0,0,1,medio_baixo
3,10000.0,3,1.0,1,2,1,0,1,0,1,1,0,0,0,0,0,medio_baixo
11,35000.0,89,0.8764044943820225,1,3,1,1,1,0,1,0,0,1,0,1,0,medio_baixo
1,10000.0,0,0.0,2,2,1,0,0,0,1,0,1,0,0,0,0,alto
8,75000.0,2605,0.981957773512476,7,2,1,0,0,1,1,0,0,0,1,0,0,medio_baixo
1,10000.0,0,0.0,4,4,1,0,0,0,1,0,1,1,0,1,0,alto
2,10000.0,30,0.9666666666666667,11,2,1,1,1,0,0,1,0,0,0,0,0,gratuito
7,35000.0,721,0.9056865464632455,1,3,1,0,0,0,1,1,1,0,0,0,0,baixo
6,10000.0,14,0.6428571428571429,1,5,1,0,0,0,1,1,0,1,0,1,1,alto
6,75000.0,11,0.8181818181818182,2,1,1,0,0,0,0,0,0,1,0,0,0,gratuito
10,10000.0,127,0.7165354330708661,9,5,1,0,0,0,1,1,0,0,0,0,1,medio_baixo
8,10000.0,5,1.0,1,3,1,0,0,0,1,0,1,0,1,0,0,gratuito
1,10000.0,0,0.0,11,1,1,0,0,0,0,0,0,1,0,0,0,baixo
5,0.0,0,0.0,1,3,1,1,1,0,1,0,0,1,0,0,0,gratuito
9,35000.0,134,0.4552238805970149,27,5,1,0,0,1,1,1,1,0,1,1,0,medio_alto
3,10000.0,0,0.0,4,2,1,0,0,0,0,0,1,0,0,0,1,alto
7,10000.0,9,0.6666666666666666,1,2,1,0,0,0,0,0,1,1,0,0,0,medio_alto
9,10000.0,3,1.0,7,1,1,0,0,0,1,0,0,0,0,0,0,baixo
2,10000.0,5,1.0,1,2,1,0,0,0,1,0,0,1,0,0,0,baixo
4,10000.0,13,0.6923076923076923,1,3,1,0,0,0,1,1,1,0,0,0,0,medio_baixo
1,0.0,0,0.0,0,0,1,0,0,0,0,0,0,0,0,0,0,gratuito
8,35000.0,1217,0.9909613804437141,2,1,1,0,0,0,0,0,0,1,0,0,0,alto
1,10000.0,0,0.0,5,3,1,0,0,0,1,1,0,1,0,0,0,medio_alto
4,10000.0,0,0.0,1,4,1,0,0,2,0,1,1,0,1,0,0,gratuito
3,10000.0,2,1.0,1,2,1,0,0,0,0,1,0,0,0,0,0,alto
1,0.0,0,0.0,1,2,1,0,0,0,1,0,0,1,0,0,0,medio_baixo
4,10000.0,1,1.0,2,5,1,0,0,0,1,1,0,1,1,0,0,medio_baixo
1,10000.0,0,0.0,7,4,1,1,1,0,1,1,1,1,0,0,0,alto
7,150000.0,404,0.7846534653465347,1,4,1,0,0,0,1,1,1,0,0,0,0,gratuito
7,10000.0,26,0.9230769230769231,4,3,1,0,0,0,1,0,1,1,0,0,0,medio_baixo
3,10000.0,4,1.0,1,6,1,1,1,0,1,1,1,1,1,0,1,medio_alto
1,10000.0,17,0.8235294117647058,7,3,1,0,0,0,1,0,0,0,0,1,1,alto
1,0.0,0,0.0,0,0,1,0,0,0,0,0,0,0,0,0,0,gratuito
1,0.0,0,0.0,5,3,1,1,1,0,1,0,0,1,0,0,1,alto
4,350000.0,8394,0.9055277579223254,15,4,1,1,1,4,1,1,0,0,0,1,1,alto
4,150000.0,2747,0.7772115034583181,15,2,1,0,0,3,0,1,1,0,0,0,0,alto
1,10000.0,0,0.0,1,1,1,0,0,0,1,0,0,0,0,0,0,medio_baixo
4,0.0,0,0.0,0,0,1,0,0,0,0,0,0,0,0,0,0,gratuito
2,10000.0,17,0.8235294117647058,8,1,1,0,0,0,1,0,0,0,0,0,0,baixo
6,10000.0,2,1.0,1,3,1,0,0,0,1,1,0,1,0,0,0,medio_baixo
1,10000.0,2,1.0,1,2,1,1,1,0,1,1,0,0,0,0,0,medio_alto
7,10000.0,43,0.8604651162790697,1,3,1,1,1,0,1,0,1,0,1,0,0,medio_alto
2,10000.0,43,0.8837209302325582,3,3,1,0,0,0,1,0,1,0,1,0,0,alto
6,10000.0,1,1.0,29,2,1,0,0,0,1,0,0,1,0,0,0,medio_baixo
5,10000.0,7,0.8571428571428571,5,4,1,0,0,0,1,0,0,1,0,1,1,medio_alto
2,10000.0,1,1.0,1,3,1,0,0,0,1,1,1,0,0,0,0,medio_alto
3,75000.0,216,0.8240740740740741,4,0,1,0,0,1,0,0,0,0,0,0,0,medio_baixo
1,0.0,0,0.0,0,0,1,0,0,0,0,0,0,0,0,0,0,gratuito
10,10000.0,21,0.7142857142857143,1,2,1,0,0,0,1,1,0,0,0,0,0,medio_baixo
3,10000.0,1,1.0,1,1,1,1,1,0,0,0,0,1,0,0,0,baixo
10,35000.0,55,0.9090909090909091,1,3,1,0,0,0,1,0,0,1,0,0,0,gratuito
8,35000.0,134,0.7164179104477612,3,2,1,0,0,0,0,0,0,1,0,0,0,gratuito
1,0.0,0,0.0,103,1,1,0,0,0,0,0,0,1,0,0,0,medio_alto
3,10000.0,21,0.9047619047619048,1,2,1,0,1,2,1,0,0,0,1,0,0,alto
4,10000.0,28,0.39285714285714285,1,3,1,0,0,0,1,1,1,0,0,0,0,medio_baixo
3,10000.0,257,0.9260700389105059,1,2,1,0,0,1,1,0,1,0,0,0,0,medio_alto
7,10000.0,4,0.75,2,1,1,0,0,0,1,0,0,0,0,0,0,medio_alto
3,10000.0,0,0.0,5,1,1,1,1,0,0,0,0,1,0,0,0,alto
5,0.0,0,0.0,0,0,1,0,0,0,0,0,0,0,0,0,0,gratuito
8,350000.0,1426,0.9172510518934082,13,3,1,1,1,5,1,1,0,0,0,0,0,gratuito
5,10000.0,106,0.7075471698113207,1,1,1,0,0,0,0,0,0,1,0,0,0,medio_alto
1,0.0,0,0.0,0,0,1,0,0,0,0,0,0,0,0,0,0,gratuito
1,0.0,0,0.0,4,2,1,0,0,0,1,0,0,1,0,0,0,medio_baixo
7,10000.0,25,0.92,12,3,1,0,1,1,1,1,0,0,0,0,0,medio_alto
1,10000.0,23,1.0,2,2,1,0,0,0,1,0,0,0,1,0,0,medio_baixo
1,10000.0,7,0.8571428571428571,30,1,1,0,0,0,0,0,0,1,0,0,0,baixo
4,10000.0,11,1.0,2,3,1,0,0,0,1,1,0,1,0,0,0,baixo
7,350000.0,3076,0.7776332899869961,19,2,1,1,0,0,1,0,1,0,0,0,0,medio_baixo
6,10000.0,1,0.0,1,4,1,1,0,0,0,1,0,1,0,0,0,medio_alto
2,10000.0,0,0.0,1,3,1,1,1,0,1,0,0,1,0,0,0,medio_alto
4,0.0,0,0.0,1,4,1,1,0,0,1,1,0,1,0,0,0,gratuito
5,10000.0,2,0.5,1,4,1,0,0,0,1,1,0,1,0,0,1,baixo
8,35000.0,100,0.36,1,3,1,0,0,0,1,1,1,0,0,0,0,baixo
5,350000.0,5329,0.6233814974666917,12,3,1,0,0,3,0,0,1,0,1,1,0,medio_alto
7,10000.0,25,0.96,1,2,1,0,0,1,1,1,0,0,0,0,0,medio_baixo
3,10000.0,11,0.8181818181818182,1,5,1,0,0,0,1,0,0,1,0,1,1,alto
3,10000.0,0,0.0,2,2,1,0,1,0,0,0,1,1,0,0,0,medio_baixo
5,35000.0,758,0.9432717678100264,11,3,1,0,0,1,1,1,1,0,0,0,0,alto
4,10000.0,174,0.896551724137931,11,4,1,0,0,2,1,1,1,1,0,0,0,medio_alto
2,10000.0,6,0.8333333333333334,1,3,1,0,0,0,1,1,1,0,0,0,0,medio_alto
6,10000.0,4,1.0,2,3,1,0,0,0,1,1,0,0,0,0,0,alto
13,1500000.0,11343,0.6952305386582033,10,3,1,1,1,0,1,1,1,0,0,0,0,medio_baixo
1,35000.0,50,1.0,7,1,1,0,0,0,0,0,1,0,0,0,0,medio_alto
9,10000.0,51,0.6274509803921569,1,3,1,0,0,0,0,1,1,0,0,0,1,medio_alto
5,10000.0,8,0.625,1,4,1,0,0,0,1,0,1,1,0,0,0,gratuito
12,150000.0,495,0.8383838383838383,1,2,1,0,0,0,1,1,0,0,0,0,0,baixo
2,0.0,0,0.0,1,4,1,1,1,0,1,1,0,0,0,0,0,gratuito
4,0.0,0,0.0,1,2,1,0,0,0,1,1,0,0,0,0,0,gratuito
1,0.0,0,0.0,1,3,1,0,0,0,1,0,0,1,0,0,0,gratuito
10,75000.0,369,0.8157181571815718,1,2,1,1,1,1,1,1,0,0,0,0,0,baixo
8,10000.0,7,0.8571428571428571,1,3,1,0,0,0,1,0,0,1,0,0,1,medio_baixo
2,10000.0,21,0.8095238095238095,1,2,1,0,0,0,0,1,0,0,0,0,0,baixo
1,10000.0,3,0.6666666666666666,1,2,1,0,0,0,1,0,1,0,0,0,0,baixo
7,10000.0,22,0.8636363636363636,1,2,1,0,0,0,1,1,0,0,0,0,0,medio_alto
1,0.0,0,0.0,3,5,1,0,0,0,1,0,0,1,0,1,1,gratuito
2,0.0,0,0.0,1,2,1,1,0,0,0,1,0,0,0,0,0,gratuito
3,10000.0,96,0.9166666666666666,1,4,1,0,1,0,1,0,0,1,1,1,0,medio_baixo
9,10000.0,15,0.6,1,3,1,0,0,0,1,0,0,1,0,0,1,baixo
4,10000.0,12,0.75,1,3,1,1,0,0,1,1,0,0,0,1,0,baixo
2,0.0,0,0.0,103,2,1,1,0,0,1,0,0,1,0,0,0,medio_baixo
9,10000.0,17,0.7647058823529411,1,2,1,0,0,0,0,0,1,1,0,0,0,medio_alto
1,10000.0,1,1.0,1,4,1,0,0,0,1,1,0,1,0,1,0,medio_alto
1,10000.0,16,1.0,15,2,1,0,0,0,1,0,0,1,0,0,0,medio_alto
5,10000.0,15,0.8666666666666667,3,3,1,0,0,0,1,0,0,1,0,1,0,medio_baixo
5,10000.0,1,1.0,1,4,1,0,0,0,0,1,1,1,1,0,0,alto
5,10000.0,13,0.3076923076923077,1,4,1,0,0,0,1,1,0,0,0,1,1,medio_baixo
4,35000.0,66,0.8787878787878788,1,4,1,0,0,0,1,0,0,1,1,1,0,baixo
2,10000.0,394,0.6218274111675127,12,5,1,0,1,0,1,0,1,1,1,0,1,alto
1,350000.0,11018,0.6999455436558359,2,4,1,0,0,0,0,0,0,0,0,0,1,alto
1,0.0,0,0.0,1,5,1,1,1,0,1,1,0,1,0,0,0,gratuito
1,10000.0,0,0.0,4,3,1,0,0,2,1,1,0,0,0,1,0,alto
11,10000.0,52,0.7115384615384616,1,3,1,1,0,0,1,1,0,1,0,0,0,gratuito
6,10000.0,18,0.6666666666666666,1,2,1,1,0,3,1,0,0,1,0,0,0,medio_baixo
3,0.0,0,0.0,103,4,1,1,1,1,1,0,1,1,1,0,0,baixo
3,10000.0,0,0.0,1,2,1,0,0,0,0,0,0,1,0,0,1,alto
3,10000.0,76,0.8552631578947368,2,1,1,1,1,0,0,0,0,0,0,1,0,medio_alto
4,35000.0,155,0.6709677419354839,12,4,1,1,0,0,1,0,1,1,0,0,1,alto
4,10000.0,0,0.0,1,4,1,0,0,0,1,1,1,0,0,1,0,medio_alto
11,75000.0,542,0.9797047970479705,1,1,1,1,1,0,0,0,0,1,0,0,0,medio_alto
3,35000.0,585,0.9264957264957265,10,3,1,0,0,0,1,0,1,1,0,0,0,medio_alto
5,10000.0,4,1.0,1,3,1,0,0,0,0,0,1,0,0,0,0,gratuito
1,10000.0,0,0.0,2,1,1,0,0,0,1,0,0,0,0,0,0,medio_alto
2,0.0,0,0.0,0,0,1,0,0,0,0,0,0,0,0,0,0,gratuito
3,35000.0,1,0.0,1,4,1,0,0,0,0,1,1,0,1,0,0,medio_alto
1,35000.0,286,0.8496503496503497,4,2,1,0,0,1,1,0,0,0,0,1,0,alto
6,10000.0,6,0.8333333333333334,1,2,1,0,0,0,1,1,0,0,0,0,0,medio_baixo
8,10000.0,11,0.6363636363636364,1,3,1,0,0,0,1,0,0,1,0,0,1,medio_alto
9,10000.0,1,1.0,1,1,1,0,0,0,0,0,0,0,0,0,0,alto
1,10000.0,22,1.0,6,4,1,0,0,0,1,1,1,0,0,1,0,medio_alto
8,35000.0,17,0.11764705882352941,1,3,1,0,0,0,1,1,0,1,0,0,0,baixo
1,10000.0,20,1.0,1,2,1,0,1,1,1,1,0,0,0,0,0,medio_alto
1,10000.0,0,0.0,1,2,1,0,0,1,1,0,1,0,0,0,0,baixo
14,150000.0,369,0.6070460704607046,5,2,1,0,0,4,0,0,0,0,1,1,0,medio_alto
10,35000.0,351,0.8945868945868946,1,1,1,0,0,0,0,0,0,0,0,0,0,gratuito
2,10000.0,12,0.9166666666666666,4,2,1,0,0,0,1,1,0,0,0,0,0,medio_alto
3,10000.0,0,0.0,1,5,1,0,0,0,1,1,0,1,0,1,0,baixo
2,10000.0,80,0.7875,1,3,1,0,0,0,1,1,0,0,0,0,1,medio_alto
7,10000.0,10,0.4,103,2,1,0,1,0,1,0,0,1,0,0,0,baixo
4,0.0,0,0.0,0,0,1,0,0,0,0,0,0,0,0,0,0,gratuito
1,10000.0,0,0.0,28,2,1,1,1,0,1,0,0,0,0,0,1,baixo
4,10000.0,3,1.0,1,4,1,0,0,0,1,0,1,1,1,0,0,alto
1,0.0,0,0.0,1,3,1,0,0,0,1,0,0,1,0,0,1,medio_alto
5,10000.0,16,0.6875,1,4,1,0,1,0,1,0,1,1,0,1,0,medio_alto
3,35000.0,78,0.8589743589743589,1,5,1,1,0,0,1,0,1,1,1,0,1,alto
4,10000.0,189,0.8412698412698413,1,2,1,0,0,1,0,0,0,1,0,0,1,medio_alto
9,10000.0,72,0.7916666666666666,1,2,1,0,0,0,1,0,0,1,0,0,0,gratuito
18,350000.0,494,0.7672064777327935,1,2,1,1,1,0,1,0,0,1,0,0,0,baixo
1,10000.0,0,0.0,7,2,1,0,0,0,1,0,0,0,1,0,0,medio_baixo
1,10000.0,0,0.0,1,2,1,0,0,0,1,1,0,0,0,0,0,alto
3,10000.0,0,0.0,1,2,1,0,0,0,0,0,1,0,1,0,0,medio_baixo
3,10000.0,16,0.875,2,2,1,0,0,0,0,1,1,0,0,0,0,baixo
8,35000.0,58,0.3103448275862069,12,2,1,0,0,1,1,1,0,0,0,0,0,alto
3,35000.0,221,0.8552036199095022,1,2,1,0,0,0,0,0,1,0,0,0,0,medio_alto
3,10000.0,90,0.43333333333333335,14,2,1,0,0,1,0,1,0,1,0,0,0,alto
10,10000.0,44,0.9772727272727273,5,2,1,1,1,1,1,1,0,0,0,0,0,alto
8,10000.0,37,0.2972972972972973,1,4,1,0,0,0,1,1,1,1,0,0,0,baixo
5,10000.0,3,1.0,12,2,1,0,0,0,1,1,0,0,0,0,0,medio_alto
2,10000.0,18,1.0,1,4,1,0,0,0,1,1,1,1,0,0,0,medio_baixo
8,10000.0,337,0.9080118694362018,5,3,1,1,0,1,1,0,0,0,0,0,0,medio_alto
2,10000.0,2,1.0,1,3,1,0,0,0,1,1,0,0,1,0,0,medio_alto
2,10000.0,88,0.8181818181818182,21,3,1,0,0,0,1,0,0,0,0,0,1,medio_alto
3,0.0,0,0.0,1,4,1,0,0,0,1,0,1,1,0,0,0,gratuito
1,0.0,0,0.0,7,3,1,0,0,0,1,0,1,1,0,0,0,medio_baixo
2,10000.0,3,1.0,1,2,1,1,1,0,1,1,0,0,0,0,0,medio_alto
2,10000.0,0,0.0,3,4,1,0,0,0,1,0,0,1,1,0,1,alto
3,0.0,0,0.0,2,2,1,0,0,0,1,0,0,1,0,0,0,gratuito
8,10000.0,9,0.5555555555555556,1,3,1,0,0,0,1,1,1,0,0,0,0,medio_baixo
4,10000.0,5,0.6,1,2,1,0,0,0,0,1,1,0,0,0,0,medio_baixo
15,1500000.0,2939,0.8897584212317114,8,1,1,0,0,0,0,0,0,0,0,1,0,medio_baixo
5,10000.0,134,0.835820895522388,8,3,1,0,0,0,0,0,1,1,0,1,0,medio_alto
4,0.0,0,0.0,0,0,1,0,0,0,0,0,0,0,0,0,0,gratuito
12,35000.0,83,0.6867469879518072,1,1,1,0,0,0,0,0,1,0,0,0,0,baixo
16,75000.0,560,0.5839285714285715,3,1,1,0,0,0,0,0,0,0,0,0,1,baixo
2,10000.0,39,0.7435897435897436,9,2,1,0,1,1,0,1,1,0,0,0,0,alto
3,10000.0,58,0.6724137931034483,1,3,1,0,0,0,1,0,1,1,0,0,0,baixo
3,10000.0,61,0.819672131147541,6,2,1,0,0,0,1,0,0,1,0,0,0,baixo
2,0.0,0,0.0,0,0,1,0,0,0,0,0,0,0,0,0,0,gratuito
4,35000.0,1033,0.8731848983543078,1,3,1,0,0,69,1,0,0,0,0,0,1,alto
2,10000.0,0,0.0,1,3,1,0,0,0,1,0,0,1,0,0,1,medio_baixo
7,10000.0,47,1.0,1,2,1,0,0,0,1,0,0,0,0,0,0,medio_alto
1,0.0,0,0.0,2,3,1,0,0,0,0,0,1,0,0,0,1,gratuito
2,10000.0,3,0.3333333333333333,6,1,1,0,0,0,0,0,1,0,0,0,0,alto
9,75000.0,984,0.850609756097561,10,4,1,1,1,0,1,1,1,0,1,0,0,medio_baixo
6,10000.0,9,0.5555555555555556,1,4,1,0,0,0,1,0,1,1,0,0,1,gratuito
1,0.0,0,0.0,1,4,1,0,0,0,1,0,0,1,0,0,1,gratuito
7,10000.0,88,0.4090909090909091,2,2,1,0,0,0,0,0,1,0,0,0,0,gratuito
4,10000.0,6,0.6666666666666666,1,3,1,0,0,0,1,1,0,0,0,0,0,medio_alto
10,10000.0,79,0.7848101265822784,11,2,1,1,1,1,1,1,0,0,0,0,0,alto
6,35000.0,167,0.6347305389221557,12,3,1,0,0,1,1,1,1,0,0,0,0,alto
3,35000.0,636,0.6116352201257862,26,5,1,0,0,0,1,1,0,0,0,0,1,baixo
10,10000.0,23,0.5652173913043478,1,2,1,0,0,0,0,0,0,0,0,0,0,gratuito
2,10000.0,6,0.16666666666666666,3,2,1,0,0,0,0,1,1,0,0,0,0,baixo
5,10000.0,61,0.39344262295081966,9,1,1,0,0,0,0,1,0,0,0,0,0,alto
7,35000.0,41,0.6829268292682927,1,3,1,0,0,0,1,0,0,0,1,1,0,alto
1,10000.0,104,0.9230769230769231,9,2,1,0,0,0,1,0,1,0,0,0,0,alto
8,10000.0,3,0.0,1,1,1,0,0,0,1,0,0,0,0,0,0,medio_baixo
8,10000.0,16,0.75,1,3,1,1,1,0,1,1,0,0,0,0,0,gratuito
3,10000.0,7,0.8571428571428571,1,2,1,0,0,0,1,1,0,0,0,0,0,medio_baixo
6,10000.0,0,0.0,1,2,1,0,0,0,1,0,0,1,0,0,0,baixo
1,10000.0,0,0.0,12,5,1,0,0,0,1,0,0,1,1,1,1,alto
3,0.0,0,0.0,29,4,1,0,0,0,1,0,0,1,0,0,1,gratuito
14,350000.0,1152,0.8524305555555556,6,2,1,0,0,0,0,1,0,0,0,1,0,medio_baixo
1,10000.0,16,0.6875,1,3,1,0,0,0,0,1,1,0,0,0,1,baixo
1,10000.0,0,0.0,13,9,1,0,0,0,1,1,1,1,1,1,1,alto
1,10000.0,0,0.0,15,3,1,0,0,0,0,0,1,1,0,0,0,alto
2,0.0,0,0.0,103,2,1,0,0,0,1,0,0,1,0,0,0,baixo
5,150000.0,857,0.9358226371061844,3,2,1,0,0,0,0,0,1,1,0,0,0,alto
8,10000.0,27,0.8888888888888888,12,4,1,0,0,0,1,0,0,1,0,1,1,baixo
5,0.0,0,0.0,0,0,1,0,0,0,0,0,0,0,0,0,0,gratuito
1,10000.0,0,0.0,1,4,1,0,0,0,1,1,0,1,0,1,0,baixo
2,10000.0,14,0.7857142857142857,1,3,1,0,0,0,1,1,0,0,0,0,1,medio_alto
3,10000.0,0,0.0,6,3,1,0,0,0,1,0,1,0,0,0,1,medio_alto
9,10000.0,87,0.9195402298850575,1,5,1,0,0,0,1,1,1,0,1,1,0,baixo
8,10000.0,2,0.5,1,2,1,0,0,0,1,1,0,0,0,0,0,baixo
3,10000.0,12,0.5,2,6,1,0,0,0,1,1,1,1,0,0,0,baixo
1,10000.0,0,0.0,1,4,1,0,0,0,1,0,0,1,0,1,1,medio_baixo
1,0.0,0,0.0,2,2,1,0,0,0,1,0,0,1,0,0,0,medio_baixo
15,35000.0,30,0.9666666666666667,5,1,1,1,1,0,0,0,0,0,0,1,0,gratuito
1,0.0,0,0.0,4,3,1,0,0,0,1,0,0,1,0,1,0,baixo
3,10000.0,36,0.5833333333333334,1,2,1,0,0,0,1,1,0,0,0,0,0,medio_alto
3,10000.0,1,1.0,1,2,1,0,0,0,1,0,1,0,0,0,0,medio_alto
2,35000.0,6,1.0,1,3,1,0,0,2,1,1,1,0,0,0,0,baixo
8,10000.0,17,0.5294117647058824,1,4,1,0,0,0,1,1,0,0,0,1,0,gratuito
3,0.0,0,0.0,0,0,1,0,0,0,0,0,0,0,0,0,0,gratuito
2,10000.0,8,1.0,1,3,1,0,0,0,1,1,0,0,0,0,0,gratuito
12,10000.0,70,0.11428571428571428,2,1,1,1,0,0,0,0,0,0,0,0,1,medio_baixo
5,3500000.0,15987,0.8247951460561707,14,2,1,0,0,22,0,0,1,0,1,0,0,alto
1,10000.0,0,0.0,1,3,1,0,0,0,1,0,0,0,1,1,0,medio_baixo
8,35000.0,442,0.7352941176470589,1,3,1,1,1,0,1,1,1,0,0,0,0,baixo
14,350000.0,9341,0.6396531420618777,13,3,1,0,0,1,0,0,0,0,0,1,0,gratuito
10,10000.0,23,0.8695652173913043,6,3,1,1,1,0,1,1,1,0,0,0,0,alto
9,10000.0,1,1.0,1,3,1,0,0,0,1,1,1,0,0,0,0,medio_alto
3,10000.0,2,1.0,7,2,1,0,0,0,1,0,0,1,0,0,0,medio_baixo
6,10000.0,5,0.2,1,4,1,0,0,0,1,0,1,0,0,1,0,gratuito
2,0.0,0,0.0,0,0,1,0,0,0,0,0,0,0,0,0,0,gratuito
2,0.0,0,0.0,103,1,1,0,0,2,0,0,0,1,0,0,0,baixo
4,10000.0,115,0.9130434782608695,13,3,1,0,0,1,1,1,0,1,0,0,0,baixo
1,10000.0,0,0.0,7,1,1,1,0,0,0,0,0,1,0,0,0,medio_alto
7,10000.0,1,1.0,1,3,1,0,0,0,1,0,0,1,0,0,0,baixo
2,35000.0,25,0.44,1,3,1,0,0,0,1,1,1,0,0,0,0,medio_baixo
7,350000.0,7136,0.9090526905829597,2,2,1,0,0,0,0,0,1,0,0,0,1,alto
4,150000.0,3872,0.9597107438016529,15,3,1,0,0,0,1,1,1,0,0,0,0,medio_baixo
1,10000.0,0,0.0,1,2,1,0,0,0,1,0,0,0,0,0,0,gratuito
5,10000.0,4,0.75,1,2,1,0,0,0,0,1,1,0,0,0,0,medio_alto
4,10000.0,15,0.9333333333333333,2,3,1,0,0,2,1,0,0,1,1,0,0,medio_baixo
8,10000.0,1,0.0,1,3,1,0,0,0,1,0,0,0,1,0,0,alto
1,0.0,0,0.0,0,0,1,0,0,0,0,0,0,0,0,0,0,gratuito
6,10000.0,0,0.0,1,3,1,0,0,0,1,0,0,0,1,1,0,baixo
1,10000.0,8,1.0,2,4,1,0,0,0,1,1,0,0,0,0,0,medio_baixo
2,10000.0,5,1.0,2,2,1,0,0,0,1,0,1,0,0,0,0,medio_baixo
1,10000.0,12,0.9166666666666666,1,3,1,0,1,0,1,1,0,1,0,0,0,medio_baixo
2,10000.0,14,0.8571428571428571,1,4,1,0,0,0,1,1,1,0,0,0,0,gratuito
3,0.0,0,0.0,1,1,1,0,0,0,0,1,0,0,0,0,0,gratuito
7,75000.0,2488,0.9706591639871383,4,1,1,0,0,1,1,0,0,0,0,0,0,medio_baixo
1,10000.0,25,0.8,13,2,1,0,0,0,0,0,0,0,0,1,1,medio_baixo
5,10000.0,37,0.32432432432432434,6,1,1,0,0,0,0,0,0,0,0,0,0,baixo
2,10000.0,5,0.8,2,3,1,0,0,0,1,0,1,0,0,0,1,medio_baixo
6,35000.0,127,0.7165354330708661,2,3,1,0,0,0,1,1,1,0,0,0,0,medio_baixo
5,35000.0,2,0.0,3,4,1,0,1,1,1,1,0,1,0,1,0,medio_baixo
8,10000.0,8,0.625,2,4,1,0,0,0,1,0,1,0,0,0,1,alto
3,10000.0,49,0.3877551020408163,2,4,1,0,0,0,1,1,1,0,1,0,0,medio_baixo
5,350000.0,6957,0.9633462699439413,4,3,1,1,0,2,1,0,1,1,0,0,0,medio_alto
6,10000.0,4,0.75,9,4,1,0,0,0,1,1,0,1,0,0,1,medio_baixo
1,0.0,0,0.0,8,2,1,1,0,0,0,1,0,0,0,0,0,medio_baixo
8,350000.0,3393,0.8800471559092249,5,2,1,0,0,1,0,0,0,0,1,1,0,alto
1,10000.0,10,0.9,1,3,1,0,0,0,1,0,0,1,0,0,1,baixo
14,350000.0,863,0.727694090382387,1,2,1,0,0,0,0,1,1,0,0,0,0,medio_baixo
8,35000.0,51,0.47058823529411764,1,1,1,0,0,0,0,0,0,0,0,0,0,gratuito
9,35000.0,93,0.6559139784946236,3,4,1,0,0,1,1,1,0,1,0,1,0,baixo
4,350000.0,3536,0.7632918552036199,9,4,1,0,0,7,1,1,0,0,0,1,1,alto
2,10000.0,0,0.0,1,1,1,0,0,0,0,1,0,0,0,0,0,medio_alto
4,35000.0,55,0.9818181818181818,2,2,1,1,0,0,1,0,0,1,0,0,0,medio_alto
6,150000.0,249,0.7228915662650602,13,4,1,0,0,0,1,1,1,0,0,0,0,baixo
2,10000.0,0,0.0,17,1,1,0,0,0,0,0,0,0,0,1,0,medio_baixo
1,0.0,0,0.0,2,1,1,0,0,0,0,0,0,0,1,0,0,alto
2,0.0,0,0.0,0,0,1,0,0,0,0,0,0,0,0,0,0,gratuito
1,35000.0,283,0.8091872791519434,14,4,1,1,1,0,1,0,0,0,1,1,1,medio_alto
2,10000.0,27,0.8148148148148148,5,1,1,0,0,0,0,1,0,0,0,0,0,alto
4,35000.0,15,0.7333333333333333,1,1,1,0,0,0,0,0,0,0,0,0,0,gratuito
5,10000.0,3,1.0,1,4,1,0,0,0,1,0,0,1,1,0,1,alto
4,10000.0,24,0.875,1,4,1,0,0,0,1,1,1,0,0,0,0,medio_alto
7,10000.0,1,1.0,1,1,1,1,1,0,0,0,0,1,0,0,0,medio_baixo
1,0.0,0,0.0,0,0,1,0,0,0,0,0,0,0,0,0,0,gratuito
2,10000.0,0,0.0,1,1,1,0,0,0,0,0,0,1,0,0,0,medio_baixo
10,10000.0,121,0.5702479338842975,1,1,1,0,0,1,0,0,0,0,0,1,0,alto
11,10000.0,44,0.38636363636363635,2,3,1,1,1,1,1,1,0,1,0,0,0,gratuito
2,10000.0,13,0.7692307692307693,1,3,1,0,0,0,0,1,1,0,0,0,1,medio_baixo
2,10000.0,2,1.0,1,1,1,0,0,0,1,0,0,0,0,0,0,medio_baixo
2,350000.0,7,0.8571428571428571,1,2,1,1,1,0,0,1,1,0,0,0,0,baixo
1,10000.0,0,0.0,1,3,1,0,1,0,1,1,0,0,1,0,0,baixo
12,1500000.0,6544,0.8577322738386308,6,1,1,1,1,0,0,0,1,0,0,0,0,medio_baixo
1,10000.0,3,0.6666666666666666,1,4,1,0,0,0,1,0,1,1,0,0,0,baixo
2,10000.0,3,1.0,4,4,1,0,0,0,1,0,1,0,1,1,0,alto
5,10000.0,5,0.2,6,2,1,0,0,0,1,1,0,0,0,0,0,medio_baixo
1,0.0,0,0.0,0,0,1,0,0,0,0,0,0,0,0,0,0,gratuito
5,10000.0,569,0.8242530755711776,1,3,1,0,0,0,0,1,1,1,0,0,0,medio_baixo
6,10000.0,2,1.0,2,2,1,0,0,0,1,1,0,0,0,0,0,medio_alto
4,10000.0,412,0.9199029126213593,1,5,1,1,1,0,1,0,0,0,1,1,1,medio_alto
2,10000.0,2,1.0,1,3,1,0,0,0,0,1,0,0,0,0,1,alto
3,10000.0,5,0.8,28,3,1,0,0,0,1,1,0,1,0,0,0,baixo
4,10000.0,5,1.0,1,3,1,0,0,0,1,1,0,0,0,0,0,alto
6,10000.0,10,0.6,4,1,1,0,0,0,0,0,0,1,0,0,0,medio_baixo
2,0.0,0,0.0,11,5,1,0,0,0,1,1,1,1,0,0,0,gratuito
3,10000.0,0,0.0,1,3,1,0,0,0,0,1,1,0,0,1,0,medio_baixo
2,10000.0,60,0.8833333333333333,1,3,1,0,0,0,1,1,1,0,0,0,0,baixo
8,10000.0,21,0.5714285714285714,3,4,1,0,0,1,0,1,1,0,0,0,1,alto
1,0.0,0,0.0,0,0,1,0,0,0,0,0,0,0,0,0,0,gratuito
2,10000.0,0,0.0,1,2,1,0,0,0,1,0,0,1,0,0,0,baixo
2,10000.0,33,0.30303030303030304,2,5,1,0,0,0,1,0,0,1,1,1,0,alto
2,10000.0,6,1.0,1,3,1,0,0,0,1,1,0,0,1,0,0,medio_baixo
1,0.0,0,0.0,0,0,1,0,0,0,0,0,0,0,0,0,0,gratuito
2,10000.0,3,1.0,2,3,1,0,0,0,1,1,0,1,0,0,0,medio_baixo
1,10000.0,0,0.0,1,2,1,0,0,0,1,0,0,0,1,0,0,alto
8,35000.0,3,0.3333333333333333,1,3,1,1,1,0,1,1,0,1,0,0,0,baixo
6,10000.0,13,0.6923076923076923,3,3,1,0,0,1,1,1,0,1,0,0,0,medio_alto
7,10000.0,10,0.5,1,3,1,0,0,100,1,1,0,1,0,0,0,gratuito
2,10000.0,1,1.0,5,2,1,1,1,0,1,0,0,0,0,0,0,medio_alto
7,75000.0,417,0.34532374100719426,1,3,1,0,0,0,1,1,0,1,0,0,0,medio_baixo
4,10000.0,98,0.7653061224489796,1,3,1,0,0,0,1,0,0,0,0,1,0,medio_alto
4,0.0,0,0.0,1,1,1,1,0,1,0,0,0,0,0,0,1,gratuito
2,0.0,0,0.0,1,3,1,0,0,0,0,0,1,1,0,0,0,gratuito
1,0.0,0,0.0,0,0,1,0,0,0,0,0,0,0,0,0,0,gratuito
13,350000.0,2336,0.6652397260273972,8,2,1,0,0,5,0,0,0,0,0,1,1,medio_baixo
4,0.0,0,0.0,1,3,1,0,0,0,1,1,0,0,0,0,0,gratuito
7,10000.0,15,0.9333333333333333,1,3,1,0,0,0,1,0,0,1,0,1,0,medio_alto
10,10000.0,33,0.8787878787878788,1,3,1,1,1,1,1,0,1,0,1,0,0,medio_baixo
9,350000.0,3244,0.9001233045622689,13,4,1,0,0,0,1,0,1,1,0,1,0,medio_alto
3,10000.0,7,0.7142857142857143,2,4,1,0,0,5,0,0,1,0,1,1,1,alto
10,35000.0,407,0.85995085995086,1,2,1,0,0,0,1,1,0,0,0,0,0,medio_alto
2,10000.0,19,0.3684210526315789,1,3,1,0,0,0,1,0,1,1,0,0,0,baixo
4,10000.0,64,0.75,1,1,1,0,0,1,0,0,1,0,0,0,0,medio_baixo
5,10000.0,30,0.8666666666666667,1,2,1,0,0,0,1,0,0,1,0,0,0,baixo
1,10000.0,7,0.7142857142857143,4,2,1,1,1,0,1,1,0,0,0,0,0,medio_baixo
4,10000.0,1,1.0,2,2,1,1,0,0,1,0,0,1,0,0,0,medio_baixo
10,35000.0,146,0.952054794520548,3,1,1,0,0,2,0,0,0,1,0,0,0,baixo
7,35000.0,64,0.515625,11,3,1,0,0,0,1,1,0,0,0,0,0,medio_alto
3,10000.0,0,0.0,1,1,1,0,0,0,0,0,0,0,0,0,1,gratuito
10,10000.0,95,0.24210526315789474,1,4,1,0,1,0,1,1,1,1,0,0,0,medio_alto
6,150000.0,64,0.75,6,2,1,1,1,0,1,1,0,0,0,0,0,medio_baixo
12,10000.0,38,0.6052631578947368,1,2,1,0,0,0,1,0,0,0,0,1,0,medio_alto
2,35000.0,15,1.0,1,2,1,0,0,0,0,0,1,0,1,0,0,medio_alto
15,750000.0,6700,0.6304477611940299,8,1,1,1,0,14,0,0,0,0,1,0,0,medio_alto
2,10000.0,2,1.0,3,3,1,1,0,0,1,0,1,1,0,0,0,medio_baixo
7,10000.0,5,0.6,4,4,1,0,0,0,1,0,1,1,0,0,1,alto
13,350000.0,1591,0.7573852922690132,1,3,1,1,1,0,1,0,1,1,0,0,0,baixo
7,10000.0,55,0.8909090909090909,29,2,1,0,0,0,1,0,0,1,0,0,0,baixo
3,10000.0,135,0.7333333333333333,1,4,1,0,0,0,1,1,1,0,0,0,1,alto
1,350000.0,2140,0.8990654205607477,12,2,1,1,1,1,1,0,0,0,0,1,0,alto
7,10000.0,89,0.8651685393258427,1,2,1,0,0,1,1,0,0,0,0,0,1,alto
1,0.0,0,0.0,0,0,1,0,0,0,0,0,0,0,0,0,0,gratuito
5,10000.0,5,0.6,1,2,1,1,0,0,1,1,0,0,0,0,0,baixo
3,10000.0,1,0.0,1,2,1,0,0,0,1,0,0,0,0,1,0,medio_baixo
4,10000.0,9,1.0,6,3,1,0,0,0,1,1,0,0,1,0,0,baixo
8,10000.0,10,0.9,1,1,1,0,0,0,0,0,0,0,0,1,0,medio_alto
2,10000.0,0,0.0,1,5,1,0,0,0,1,1,0,1,0,0,1,baixo
1,75000.0,90,0.9333333333333333,5,2,1,0,0,1,1,0,0,0,0,1,0,alto
6,10000.0,0,0.0,1,3,1,0,0,0,0,1,1,1,0,0,0,medio_baixo
5,0.0,0,0.0,1,6,1,0,0,0,1,1,0,1,1,0,0,gratuito
5,10000.0,0,0.0,1,3,1,0,0,0,1,1,0,1,0,0,0,baixo
1,10000.0,0,0.0,3,3,1,0,0,0,1,1,1,0,0,0,0,medio_alto
3,10000.0,1,0.0,1,3,1,0,0,0,1,0,1,0,0,0,1,medio_alto
3,75000.0,216,0.6388888888888888,12,2,1,0,0,1,1,1,0,0,0,0,0,alto
2,10000.0,6,1.0,3,4,1,0,0,0,1,1,1,0,1,0,0,medio_baixo
4,10000.0,9,1.0,2,3,1,0,0,0,1,0,0,1,0,0,1,medio_baixo
1,0.0,0,0.0,1,4,1,0,0,0,1,1,1,0,0,0,0,gratuito
4,35000.0,1,0.0,1,2,1,0,0,0,0,0,0,1,0,1,0,baixo
8,10000.0,26,0.8076923076923077,5,3,1,1,0,0,1,0,0,1,0,0,1,gratuito
2,10000.0,3,0.3333333333333333,1,3,1,0,0,6,1,0,0,1,0,0,1,baixo
6,10000.0,61,0.6065573770491803,1,4,1,0,0,1,1,1,1,0,0,1,0,alto
1,10000.0,0,0.0,1,3,1,0,0,0,1,1,0,0,0,0,1,medio_alto
11,10000.0,173,0.8497109826589595,9,2,1,1,1,1,1,0,1,0,0,0,0,medio_baixo
5,350000.0,3343,0.7020640143583607,1,4,1,0,1,0,1,1,0,0,0,0,0,alto
4,10000.0,0,0.0,2,2,1,0,1,0,1,0,0,1,0,0,0,baixo
1,10000.0,0,0.0,27,2,1,1,1,0,1,0,0,0,0,0,1,baixo
9,10000.0,1,0.0,1,4,1,0,0,0,1,0,0,0,0,0,1,alto
3,10000.0,3,1.0,1,1,1,0,0,0,1,0,0,0,0,0,0,medio_baixo
4,10000.0,0,0.0,1,1,1,1,0,0,0,0,0,0,0,0,1,alto
4,0.0,0,0.0,3,3,1,0,0,0,0,0,0,0,0,0,0,gratuito
2,10000.0,28,1.0,11,1,1,0,0,1,1,0,0,0,0,0,0,baixo
3,10000.0,10,0.7,2,1,1,0,0,0,0,0,0,0,0,1,0,baixo
8,10000.0,3,0.6666666666666666,1,3,1,1,1,0,1,1,0,1,0,0,0,baixo
1,10000.0,0,0.0,1,2,1,0,0,0,1,0,0,1,0,0,0,medio_baixo
1,0.0,0,0.0,1,4,1,0,0,0,1,0,0,1,0,1,0,gratuito
1,0.0,0,0.0,1,2,1,0,0,0,1,0,0,1,0,0,0,alto
6,35000.0,2,1.0,1,2,1,0,0,0,1,1,0,0,0,0,0,baixo
2,10000.0,1,1.0,1,2,1,0,0,0,1,0,0,1,0,0,0,baixo
2,0.0,0,0.0,3,3,1,1,1,0,1,0,1,0,0,0,0,gratuito
6,10000.0,21,0.8095238095238095,1,2,1,0,0,0,1,1,0,0,0,0,0,gratuito
1,0.0,0,0.0,0,0,1,0,0,0,0,0,0,0,0,0,0,gratuito
3,10000.0,19,0.631578947368421,1,4,1,0,0,0,1,1,1,0,0,0,0,alto
6,35000.0,455,0.9824175824175824,1,3,1,0,0,0,1,0,1,0,0,0,0,gratuito
4,10000.0,19,0.7894736842105263,103,1,1,0,0,0,0,0,1,0,0,0,0,baixo
2,10000.0,6,0.6666666666666666,1,4,1,0,1,0,1,1,1,0,0,0,0,gratuito
4,35000.0,6,0.6666666666666666,1,3,1,1,0,0,1,0,1,1,0,0,0,medio_alto
6,10000.0,73,0.6164383561643836,1,3,1,0,0,0,1,0,0,1,1,0,0,baixo
3,10000.0,2,0.5,1,3,1,0,0,0,0,0,0,1,0,0,1,alto
2,10000.0,46,0.782608695652174,5,3,1,0,0,0,0,1,0,0,0,1,1,medio_alto
1,10000.0,0,0.0,1,2,1,0,0,0,0,0,1,1,0,0,0,medio_alto
3,10000.0,50,0.66,2,3,1,0,0,0,1,0,0,1,0,0,1,baixo
3,10000.0,0,0.0,17,4,1,0,0,8,1,0,1,1,1,0,0,medio_alto
6,150000.0,5,0.8,1,3,1,0,0,1,1,0,1,1,0,0,0,alto
5,10000.0,8,0.5,1,5,1,0,0,0,1,0,1,1,1,1,0,alto
2,10000.0,58,0.7413793103448276,4,3,1,0,1,2,1,1,0,0,0,0,0,gratuito
10,10000.0,26,0.8076923076923077,1,3,1,1,1,0,1,1,0,1,0,0,0,gratuito
2,0.0,0,0.0,0,0,1,0,0,0,0,0,0,0,0,0,0,gratuito
11,350000.0,560,0.675,12,1,1,1,1,0,1,0,0,0,0,0,0,baixo
1,10000.0,0,0.0,2,2,1,0,0,0,1,0,0,1,0,0,0,baixo
8,10000.0,37,0.8648648648648649,13,3,1,0,0,0,1,1,0,1,0,0,0,baixo
7,75000.0,141,0.6737588652482269,2,3,1,1,1,0,1,0,1,0,0,0,0,gratuito
5,10000.0,2,1.0,1,1,1,0,0,0,0,1,0,0,0,0,0,medio_baixo
7,750000.0,14322,0.5202485686356654,3,2,1,1,0,0,0,0,0,1,0,1,0,alto
3,0.0,0,0.0,0,0,1,0,0,0,0,0,0,0,0,0,0,gratuito
2,10000.0,262,0.9580152671755725,1,1,1,0,0,1,0,0,1,0,0,0,0,alto
4,75000.0,2,1.0,1,1,1,1,1,0,0,0,1,0,0,0,0,medio_baixo
1,0.0,0,0.0,0,0,1,0,0,0,0,0,0,0,0,0,0,gratuito
4,10000.0,36,0.7222222222222222,13,1,1,0,0,0,0,0,0,0,0,0,1,medio_alto
8,10000.0,23,0.6086956521739131,1,2,1,0,0,0,1,0,0,1,0,0,0,medio_baixo
1,10000.0,32,0.90625,1,2,1,1,1,0,1,0,0,1,0,0,0,medio_alto
1,10000.0,5,1.0,3,2,1,0,0,0,1,0,0,0,0,1,0,alto
8,35000.0,228,0.38596491228070173,7,4,1,0,0,0,1,1,1,0,0,0,1,baixo
7,10000.0,38,0.8157894736842105,1,1,1,0,0,0,1,0,0,0,0,0,0,medio_baixo
9,75000.0,117,0.48717948717948717,3,1,1,0,0,0,0,0,0,0,1,0,0,baixo
6,35000.0,253,0.41106719367588934,11,1,1,0,0,1,0,0,1,0,0,0,0,medio_baixo
3,10000.0,2,0.5,1,3,1,0,0,0,1,1,1,0,0,0,0,baixo
1,10000.0,10,0.8,27,8,1,0,0,0,0,0,1,0,0,0,1,alto
4,35000.0,344,0.9273255813953488,8,4,1,0,0,0,1,0,0,1,0,1,1,medio_alto
7,150000.0,498,0.7008032128514057,2,4,1,0,0,0,1,0,0,0,0,0,1,baixo
10,10000.0,66,0.25757575757575757,6,1,1,0,0,0,0,0,0,0,0,0,1,baixo
7,10000.0,9,0.7777777777777778,3,3,1,1,0,0,1,0,1,1,0,0,0,medio_baixo
8,10000.0,5,0.2,1,2,1,0,0,0,0,0,0,1,0,0,1,medio_baixo
5,10000.0,108,0.9629629629629629,1,3,1,0,0,0,1,1,1,0,0,0,0,medio_alto
1,10000.0,0,0.0,10,2,1,0,0,0,1,1,0,0,0,0,0,medio_baixo
8,10000.0,26,0.7692307692307693,1,4,1,0,0,0,1,1,1,0,0,1,0,alto
1,0.0,0,0.0,0,0,1,0,0,0,0,0,0,0,0,0,0,gratuito
2,0.0,0,0.0,103,3,1,0,0,0,1,0,0,1,0,0,0,gratuito
2,10000.0,0,0.0,1,4,1,1,1,0,1,0,0,1,0,0,1,alto
6,10000.0,9,0.8888888888888888,1,4,1,0,0,0,1,1,0,1,0,1,0,gratuito
2,35000.0,1,0.0,1,4,1,0,0,0,1,0,0,0,1,1,1,alto
2,35000.0,137,0.8394160583941606,18,4,1,0,1,1,1,0,0,0,0,1,1,alto
2,0.0,0,0.0,0,0,1,0,0,0,0,0,0,0,0,0,0,gratuito
1,10000.0,0,0.0,1,2,1,0,1,0,1,0,0,1,0,0,0,medio_baixo
2,0.0,0,0.0,0,0,1,0,0,0,0,0,0,0,0,0,0,gratuito
8,75000.0,773,0.8163001293661061,4,3,1,1,0,0,1,0,1,1,0,0,0,baixo
5,10000.0,61,0.7868852459016393,7,3,1,0,0,1,1,1,0,0,0,1,0,baixo
4,35000.0,187,0.6737967914438503,1,1,1,0,0,0,0,0,0,0,0,0,0,medio_baixo
1,10000.0,0,0.0,1,2,1,0,0,0,1,0,0,0,1,0,0,alto
5,10000.0,12,0.5,1,4,1,0,0,0,1,1,1,1,0,0,0,medio_baixo
1,10000.0,0,0.0,11,5,1,0,1,0,1,1,0,1,0,0,1,alto
6,1500000.0,56283,0.7623261020201482,20,2,1,0,0,0,0,0,0,0,0,0,1,gratuito
1,10000.0,0,0.0,2,2,1,0,0,0,1,1,0,0,0,0,0,alto
1,10000.0,2,1.0,1,1,1,0,0,0,0,0,0,1,0,0,0,medio_baixo
2,10000.0,21,0.8571428571428571,3,3,1,0,1,1,0,1,1,0,1,0,0,medio_baixo
11,350000.0,2174,0.9038638454461821,14,4,1,1,1,0,1,0,1,1,0,1,0,baixo
2,10000.0,93,0.7849462365591398,12,4,1,0,0,0,1,1,1,0,0,0,1,baixo
3,10000.0,0,0.0,3,1,1,0,0,1,0,0,0,0,1,0,0,medio_alto
6,35000.0,24,0.875,1,1,1,0,0,0,0,0,1,0,0,0,0,alto
3,10000.0,97,0.865979381443299,1,1,1,0,0,0,1,0,0,0,0,0,0,medio_baixo
2,10000.0,7,0.7142857142857143,4,1,1,0,0,0,1,0,0,0,0,0,0,baixo
5,10000.0,2,1.0,1,5,1,0,0,0,1,1,1,1,0,0,1,medio_alto
1,0.0,0,0.0,0,0,1,0,0,0,0,0,0,0,0,0,0,gratuito
3,0.0,0,0.0,3,5,1,0,0,0,1,0,0,1,1,1,1,gratuito
10,10000.0,7,0.0,2,2,1,0,0,0,0,1,0,0,0,0,1,medio_alto
1,10000.0,0,0.0,8,4,1,0,0,0,1,1,0,1,0,0,0,medio_alto
1,10000.0,0,0.0,1,3,1,0,0,0,1,1,1,0,0,0,0,medio_baixo
1,10000.0,0,0.0,1,4,1,1,0,0,1,1,1,0,1,0,0,medio_baixo
1,35000.0,4,0.5,1,1,1,0,0,0,1,0,0,0,0,0,0,medio_baixo
2,10000.0,166,0.7349397590361446,3,2,1,0,0,0,0,0,0,0,0,1,1,medio_alto
10,1500000.0,32892,0.8593883011066521,17,2,1,0,0,1,0,1,1,0,0,0,0,medio_alto
2,10000.0,7,1.0,1,3,1,1,1,0,1,0,1,1,0,0,0,medio_baixo
8,350000.0,4730,0.866384778012685,8,3,1,1,1,1,1,1,1,0,0,0,0,medio_alto
5,10000.0,5,0.2,6,3,1,0,0,0,0,0,0,1,1,0,1,alto
7,10000.0,81,0.9382716049382716,29,2,1,0,0,0,1,0,0,1,0,0,0,baixo
8,10000.0,3,1.0,1,3,1,0,0,0,1,1,0,0,0,1,0,medio_alto
2,10000.0,4,1.0,19,3,1,0,0,0,1,0,1,1,0,0,0,medio_alto
3,0.0,0,0.0,1,3,1,0,0,0,1,0,0,1,0,0,0,gratuito
7,350000.0,4093,0.8436354752015637,3,1,1,0,0,3,0,0,0,0,0,0,1,alto
9,10000.0,3,0.3333333333333333,1,2,1,0,0,0,0,0,1,1,0,0,0,medio_alto
1,0.0,0,0.0,1,1,1,0,1,0,0,1,0,0,0,0,0,medio_alto
2,10000.0,9,1.0,4,3,1,0,0,0,1,1,0,0,1,0,0,medio_alto
3,0.0,0,0.0,0,0,1,0,0,0,0,0,0,0,0,0,0,gratuito
7,350000.0,2534,0.8259668508287292,15,2,1,0,0,2,1,1,0,0,0,0,0,medio_alto
9,10000.0,91,0.7362637362637363,3,3,1,0,0,0,1,0,0,0,0,1,1,medio_alto
8,10000.0,10,0.5,2,3,1,0,0,0,1,0,0,1,0,0,0,alto
2,10000.0,136,0.8235294117647058,10,2,1,0,0,1,0,1,1,0,0,0,0,medio_alto
8,35000.0,148,0.6554054054054054,3,4,1,1,0,0,1,0,0,1,0,1,1,medio_baixo
2,350000.0,7297,0.7505824311360834,14,2,1,0,0,11,0,1,1,0,0,0,0,alto
2,35000.0,4,0.75,1,1,1,1,0,0,0,0,0,0,0,1,0,medio_baixo
9,10000.0,49,0.7551020408163265,1,2,1,1,0,1,0,0,0,0,0,0,1,alto
8,10000.0,29,0.9310344827586207,1,2,1,0,0,0,1,1,0,0,0,0,0,medio_alto
3,10000.0,5,0.6,10,6,1,0,0,0,1,1,0,1,0,0,1,alto
12,35000.0,288,0.4583333333333333,5,4,1,0,0,0,1,1,0,0,0,0,0,alto
4,0.0,0,0.0,21,3,1,0,0,0,1,0,1,1,0,0,0,gratuito
2,10000.0,10,1.0,1,3,1,0,0,0,1,0,1,1,0,0,0,medio_baixo
11,35000.0,144,0.6527777777777778,1,3,1,1,1,0,1,0,1,1,0,0,0,baixo
10,10000.0,12,0.3333333333333333,1,3,1,1,0,0,0,1,0,0,0,0,1,alto
4,10000.0,15,0.6,5,5,1,0,0,0,0,0,0,1,0,1,1,baixo
7,10000.0,379,0.39841688654353563,1,2,1,0,0,0,1,0,1,0,0,0,0,baixo
6,75000.0,33,0.7575757575757576,103,2,1,0,0,0,1,0,0,1,0,0,0,baixo
5,10000.0,23,0.9565217391304348,8,3,1,0,0,0,1,0,0,1,0,1,0,alto
1,10000.0,0,0.0,1,1,1,0,0,0,0,0,0,1,0,0,0,alto
3,10000.0,10,1.0,1,3,1,0,0,0,1,1,0,1,0,0,0,baixo
9,10000.0,14,0.7857142857142857,1,3,1,0,0,0,0,0,1,1,0,0,0,gratuito
8,10000.0,73,0.821917808219178,1,3,1,0,0,1,1,1,0,1,0,0,0,alto
6,10000.0,4,1.0,1,1,1,0,0,0,1,0,0,0,0,0,0,baixo
2,10000.0,8,0.75,1,2,1,0,0,0,1,1,0,0,0,0,0,medio_baixo
2,10000.0,3,0.6666666666666666,12,2,1,0,0,0,1,1,0,0,0,0,0,medio_baixo
2,10000.0,3,1.0,1,3,1,1,1,0,1,1,0,1,0,0,0,medio_alto
1,0.0,0,0.0,15,3,1,0,0,0,1,1,1,0,0,0,0,gratuito
8,10000.0,24,1.0,1,2,1,0,0,0,1,0,0,1,0,0,0,baixo
3,0.0,0,0.0,0,0,1,0,0,0,0,0,0,0,0,0,0,gratuito
1,10000.0,0,0.0,4,1,1,0,0,0,0,0,0,1,0,0,0,baixo
1,10000.0,0,0.0,2,3,1,0,0,0,1,0,0,1,0,0,1,medio_baixo
6,35000.0,22,0.7272727272727273,103,2,1,0,0,0,0,0,1,1,0,0,0,baixo
2,10000.0,9,0.6666666666666666,1,4,1,0,0,0,0,1,1,0,0,1,0,alto
7,10000.0,15,0.8,1,1,1,0,0,0,0,0,0,1,0,0,0,gratuito
3,10000.0,41,0.6829268292682927,4,2,1,0,0,0,1,0,1,0,0,0,0,baixo
5,0.0,0,0.0,0,0,1,0,0,0,0,0,0,0,0,0,0,gratuito
2,0.0,0,0.0,0,0,1,0,0,0,0,0,0,0,0,0,0,gratuito
1,10000.0,0,0.0,3,3,1,1,1,0,1,1,1,0,0,0,0,alto
2,10000.0,214,0.9299065420560748,1,2,1,1,0,0,0,0,0,1,0,1,0,alto
8,10000.0,3,1.0,1,4,1,0,0,0,1,1,0,1,0,1,0,medio_alto
9,35000.0,117,0.811965811965812,1,4,1,0,0,0,1,1,0,0,1,1,0,medio_alto
2,75000.0,746,0.9316353887399463,16,4,1,1,1,1,1,1,0,1,0,0,0,gratuito
10,350000.0,5966,0.8462956754944686,7,6,1,1,1,1,1,0,1,1,1,1,1,baixo
3,10000.0,0,0.0,3,3,1,0,1,0,0,0,1,1,1,0,0,medio_alto
8,10000.0,3,0.6666666666666666,2,3,1,0,0,0,1,1,0,0,0,0,0,medio_alto
8,10000.0,25,0.64,1,4,1,0,0,0,1,0,0,0,0,0,1,baixo
8,10000.0,37,0.4594594594594595,13,5,1,1,0,0,1,0,1,1,0,1,1,baixo
2,0.0,0,0.0,1,2,1,0,0,0,1,0,0,0,0,0,0,gratuito
3,10000.0,0,0.0,1,1,1,0,0,0,0,1,0,0,0,0,0,medio_alto
2,0.0,0,0.0,0,0,1,0,0,0,0,0,0,0,0,0,0,gratuito
2,10000.0,4,1.0,1,1,1,0,0,0,0,0,0,0,0,1,0,baixo
3,10000.0,16,0.8125,3,3,1,0,0,0,1,1,1,0,0,0,0,medio_baixo
1,0.0,0,0.0,4,5,1,0,0,0,1,1,1,0,1,1,0,medio_alto
4,10000.0,24,1.0,6,3,1,0,0,0,1,0,1,0,0,0,0,baixo
3,75000.0,844,0.5734597156398105,1,2,1,0,0,1,1,0,0,0,1,0,0,medio_alto
1,0.0,0,0.0,1,1,1,0,0,0,0,1,0,0,0,0,0,medio_alto
5,0.0,0,0.0,1,5,1,0,0,1,1,0,0,0,1,1,1,gratuito
10,10000.0,10,0.6,8,3,1,0,0,0,1,0,1,1,0,0,0,alto
6,10000.0,1,1.0,6,3,1,0,0,0,1,1,0,0,0,1,0,alto
3,0.0,0,0.0,1,5,1,0,0,0,1,1,0,1,1,0,0,gratuito
12,75000.0,96,0.5104166666666666,1,3,1,0,0,1,1,0,1,0,1,0,0,medio_baixo
4,0.0,0,0.0,1,3,1,0,0,0,0,0,0,0,1,0,0,gratuito
3,10000.0,42,1.0,2,1,1,0,0,0,1,0,0,0,0,0,0,medio_baixo
8,10000.0,13,0.8461538461538461,1,2,1,0,0,1,1,1,0,0,0,0,0,medio_alto
11,75000.0,255,0.6823529411764706,1,2,1,0,0,0,1,0,1,0,0,0,0,alto
1,0.0,0,0.0,0,0,1,0,0,0,0,0,0,0,0,0,0,gratuito
1,10000.0,3,0.3333333333333333,1,3,1,0,0,0,1,1,1,0,0,0,0,baixo
10,75000.0,1274,0.8649921507064364,6,3,1,1,1,2,1,1,1,0,0,0,0,medio_baixo
3,35000.0,16,0.8125,1,3,1,0,0,0,1,1,0,0,0,1,0,alto
1,10000.0,0,0.0,15,1,1,0,0,1,0,0,0,1,0,0,0,medio_baixo
3,0.0,0,0.0,1,5,1,0,0,0,1,0,1,1,0,1,0,gratuito
5,10000.0,3,1.0,2,1,1,0,0,0,0,0,0,0,0,0,1,medio_alto
6,10000.0,10,0.7,2,1,1,0,0,0,0,0,1,0,0,0,0,medio_baixo
2,0.0,0,0.0,1,4,1,0,0,0,0,1,0,0,1,1,0,gratuito
2,10000.0,1,1.0,1,4,1,0,0,0,1,1,0,1,1,0,0,medio_baixo
3,10000.0,3,0.6666666666666666,7,3,1,0,0,0,1,0,1,1,0,0,0,baixo
1,0.0,0,0.0,1,2,1,0,0,0,0,1,0,0,0,0,0,baixo
1,10000.0,0,0.0,1,4,1,1,1,0,1,0,0,1,1,0,1,medio_baixo
2,0.0,0,0.0,0,0,1,0,0,0,0,0,0,0,0,0,0,gratuito
1,0.0,0,0.0,5,2,1,0,0,0,1,0,0,1,0,0,0,medio_alto
1,0.0,0,0.0,0,0,1,0,0,0,0,0,0,0,0,0,0,gratuito
6,10000.0,8,1.0,1,3,1,0,0,0,1,0,0,1,0,0,1,medio_baixo
1,0.0,0,0.0,1,2,1,0,0,0,1,0,1,0,0,0,0,medio_alto
2,10000.0,0,0.0,29,2,1,0,0,0,1,0,0,1,0,0,0,baixo
1,10000.0,0,0.0,2,1,1,0,0,0,0,0,1,0,0,0,0,medio_alto
5,10000.0,68,0.9852941176470589,1,3,1,1,0,0,1,0,0,1,0,1,0,medio_alto
3,10000.0,0,0.0,13,1,1,0,0,0,0,0,0,1,0,0,0,medio_alto
9,10000.0,33,0.7575757575757576,6,3,1,1,0,0,1,0,1,1,0,0,0,alto
1,10000.0,0,0.0,8,4,1,0,0,1,1,1,1,0,0,1,0,medio_alto
9,750000.0,5832,0.7146776406035665,14,4,1,1,0,10,0,0,0,0,0,1,1,gratuito
8,10000.0,4,0.25,9,5,1,0,0,0,1,1,0,1,0,0,1,medio_alto
2,10000.0,5,0.8,9,4,1,0,0,0,1,1,1,0,0,0,0,baixo
5,10000.0,5,0.4,4,1,1,0,0,0,0,0,0,1,0,0,0,medio_alto
2,10000.0,1,0.0,1,2,1,0,0,0,1,0,1,0,0,0,0,alto
1,0.0,0,0.0,0,0,1,0,0,0,0,0,0,0,0,0,0,gratuito
4,0.0,0,0.0,0,0,1,0,0,0,0,0,0,0,0,0,0,gratuito
7,35000.0,47,0.6382978723404256,1,4,1,0,0,0,1,1,0,1,0,0,0,gratuito
5,10000.0,2,0.5,1,2,1,0,0,0,1,1,0,0,0,0,0,medio_baixo
10,75000.0,153,0.6535947712418301,2,3,1,0,0,0,1,1,0,0,0,0,1,baixo
1,75000.0,55,0.8727272727272727,4,3,1,0,0,0,1,0,1,1,0,0,0,baixo
8,10000.0,3,0.6666666666666666,1,5,1,0,0,0,1,1,0,1,0,0,0,medio_alto
5,75000.0,966,0.8695652173913043,24,2,1,0,0,0,1,0,1,0,0,0,0,medio_baixo
10,35000.0,174,0.39655172413793105,1,7,1,0,0,0,1,1,1,0,1,0,1,gratuito
8,750000.0,7143,0.875402491950161,8,4,1,1,1,0,1,0,1,0,0,1,1,medio_alto
5,35000.0,38,0.9210526315789473,1,1,1,0,0,0,0,0,0,1,0,0,0,baixo
13,150000.0,1595,0.6112852664576802,8,2,1,0,1,0,1,0,1,0,0,0,0,medio_baixo
4,10000.0,3,0.6666666666666666,1,2,1,1,1,0,1,1,0,0,0,0,0,baixo
3,35000.0,513,0.8927875243664717,10,4,1,1,0,0,0,0,1,1,0,0,1,alto
6,35000.0,165,0.9090909090909091,12,2,1,0,0,1,1,1,0,0,0,0,0,medio_baixo
3,10000.0,5,0.8,2,5,1,0,0,0,1,1,0,1,1,0,0,gratuito
3,10000.0,0,0.0,1,3,1,1,0,0,1,0,0,1,0,1,0,medio_baixo
9,10000.0,6,1.0,1,2,1,0,0,0,1,1,0,0,0,0,0,medio_baixo
2,10000.0,79,0.8354430379746836,8,4,1,1,0,0,1,0,0,1,0,1,1,medio_alto
4,10000.0,0,0.0,3,1,1,0,0,0,0,0,0,0,0,1,0,gratuito
7,10000.0,51,0.7843137254901961,1,3,1,0,0,0,1,0,1,0,0,1,0,baixo
3,10000.0,3,0.6666666666666666,2,1,1,0,0,0,0,0,0,0,0,0,1,medio_alto
9,35000.0,170,0.6823529411764706,2,1,1,0,0,0,0,0,0,0,0,1,0,alto
4,10000.0,5,1.0,1,3,1,0,0,0,1,1,0,0,0,0,0,medio_alto
8,10000.0,57,0.8771929824561403,1,4,1,0,0,0,1,0,1,1,0,0,0,gratuito
1,10000.0,0,0.0,1,4,1,1,0,0,1,1,1,0,1,0,0,alto
9,10000.0,16,0.4375,1,1,1,0,0,0,0,0,1,0,0,0,0,medio_baixo
3,0.0,0,0.0,1,5,1,1,1,1,1,1,1,1,0,0,0,gratuito
2,0.0,0,0.0,1,4,1,0,0,0,0,0,1,0,1,0,0,gratuito
5,10000.0,58,0.8620689655172413,2,2,1,0,0,0,0,0,1,0,0,0,0,alto
3,10000.0,60,0.8333333333333334,2,2,1,0,0,0,0,0,1,0,1,0,0,alto
3,10000.0,43,0.9767441860465116,2,1,1,0,0,0,0,1,0,0,0,0,0,medio_baixo
3,0.0,0,0.0,0,0,1,0,0,0,0,0,0,0,0,0,0,gratuito
1,10000.0,0,0.0,14,4,1,0,0,0,1,1,1,0,0,0,0,medio_alto
2,10000.0,10,0.7,1,3,1,0,0,0,1,0,1,0,0,0,1,medio_alto
3,10000.0,10,0.9,1,2,1,0,0,0,1,0,0,1,0,0,0,baixo
2,0.0,0,0.0,103,3,1,0,0,0,1,0,0,1,0,0,0,gratuito
1,0.0,0,0.0,1,2,1,0,0,0,0,1,0,0,0,0,0,gratuito
4,0.0,0,0.0,1,1,1,0,0,1,0,0,0,1,0,0,0,baixo
1,10000.0,0,0.0,10,2,1,0,0,0,0,1,1,0,0,0,0,alto
2,10000.0,30,0.9,10,1,1,0,0,0,0,0,0,1,0,0,0,baixo
2,10000.0,7,0.8571428571428571,1,2,1,0,0,0,0,0,1,0,0,1,0,medio_baixo
1,0.0,0,0.0,16,3,1,0,0,0,1,0,0,1,0,0,1,baixo
5,10000.0,84,0.8809523809523809,1,1,1,0,0,0,0,1,0,0,0,0,0,alto
1,10000.0,0,0.0,2,3,1,1,1,2,1,0,1,1,0,0,0,alto
1,0.0,0,0.0,2,3,1,0,0,0,0,0,0,1,0,1,0,medio_alto
11,350000.0,8290,0.9097708082026538,12,5,1,1,1,1066,0,0,0,0,1,0,0,alto
8,10000.0,48,0.7291666666666666,1,3,1,0,0,0,1,0,0,1,0,0,0,gratuito
5,10000.0,0,0.0,1,3,1,0,0,0,1,0,1,1,0,0,0,baixo
2,10000.0,1,1.0,1,1,1,0,0,0,0,1,0,0,0,0,0,medio_alto
12,3500000.0,68305,0.9755654783690798,8,3,1,0,0,2,0,1,1,0,1,0,0,medio_alto
12,1500000.0,13497,0.8403348892346447,6,1,1,0,0,21,0,1,0,0,0,0,0,alto
5,35000.0,7,0.7142857142857143,1,1,1,0,0,0,0,1,0,0,0,0,0,gratuito
2,10000.0,9,0.4444444444444444,1,3,1,0,0,0,1,0,0,1,1,0,0,medio_baixo
9,10000.0,17,0.8235294117647058,1,3,1,0,0,0,0,1,1,1,0,0,0,medio_alto
4,0.0,0,0.0,1,3,1,0,0,13,0,0,0,1,1,0,0,gratuito
6,35000.0,17,0.8823529411764706,2,3,1,0,0,0,1,1,1,0,0,0,0,baixo
4,10000.0,55,0.6545454545454545,1,2,1,0,0,0,1,0,1,0,0,0,0,alto
1,10000.0,0,0.0,1,2,1,0,0,0,1,0,0,0,0,0,1,baixo
2,10000.0,42,0.9523809523809523,2,3,1,0,0,0,0,1,0,1,1,0,0,medio_alto
1,0.0,0,0.0,1,5,1,0,0,0,1,1,0,0,0,1,1,medio_alto
4,0.0,0,0.0,0,0,1,0,0,0,0,0,0,0,0,0,0,gratuito
7,10000.0,9,0.5555555555555556,1,3,1,0,0,0,1,1,1,0,0,0,0,medio_alto
1,0.0,0,0.0,9,2,1,0,0,0,1,0,1,0,0,0,0,alto
10,10000.0,113,0.5929203539823009,9,2,1,0,0,2,1,0,1,0,0,0,0,alto
1,10000.0,0,0.0,1,1,1,0,0,0,0,0,0,0,1,0,0,alto
9,35000.0,298,0.738255033557047,4,3,1,1,0,1,1,0,1,0,1,0,0,alto
4,10000.0,10,0.7,1,2,1,1,0,0,1,0,0,1,0,0,0,gratuito
1,10000.0,5,1.0,1,3,1,0,0,0,1,0,0,1,0,1,0,medio_alto
5,10000.0,2,1.0,1,2,1,0,1,0,1,1,0,0,0,0,0,medio_alto
2,75000.0,257,0.5719844357976653,1,2,1,1,0,0,0,0,1,1,0,0,0,alto
10,75000.0,264,0.7424242424242424,1,3,1,0,0,6,0,0,1,0,0,0,1,gratuito
4,10000.0,27,1.0,9,1,1,0,0,0,0,1,0,0,0,0,0,medio_baixo
4,75000.0,669,0.9476831091180867,2,1,1,0,0,0,0,1,0,0,0,0,0,medio_baixo
4,0.0,0,0.0,8,5,1,0,0,0,0,0,0,1,0,1,1,gratuito
2,150000.0,1757,0.8685258964143426,2,2,1,0,0,0,1,0,1,0,0,0,0,medio_alto
4,75000.0,761,0.988173455978975,1,2,1,1,1,0,1,0,0,1,0,0,0,medio_alto
11,350000.0,366,0.7814207650273224,1,3,1,1,0,0,1,0,1,0,1,0,0,baixo
2,10000.0,1,1.0,1,3,1,1,0,0,1,1,0,1,0,0,0,medio_alto
7,10000.0,0,0.0,2,3,1,0,0,0,1,1,0,1,0,0,0,medio_baixo
3,10000.0,3,1.0,3,2,1,0,0,0,1,0,0,1,0,0,0,medio_alto
3,0.0,0,0.0,0,0,1,0,0,0,0,0,0,0,0,0,0,gratuito
3,10000.0,7,0.5714285714285714,0,1,1,0,0,0,1,0,0,0,0,0,0,baixo
9,10000.0,916,0.8624454148471615,1,4,1,1,0,0,1,0,0,1,0,1,1,medio_alto
2,0.0,0,0.0,0,0,1,0,0,0,0,0,0,0,0,0,0,gratuito
2,35000.0,349,0.7650429799426934,1,7,1,0,0,4,1,1,1,1,1,1,0,gratuito
2,10000.0,1,1.0,2,2,1,0,0,0,1,1,0,0,0,0,0,baixo
6,10000.0,4,0.75,1,2,1,0,0,0,1,1,0,0,0,0,0,baixo
8,10000.0,21,0.47619047619047616,6,3,1,0,0,1,1,1,1,0,0,0,0,baixo
9,10000.0,8,0.75,1,4,1,0,0,0,1,0,1,1,0,0,0,medio_baixo
2,150000.0,1250,0.7824,2,2,1,0,0,0,1,0,0,1,0,0,0,medio_baixo
4,10000.0,17,0.7647058823529411,6,5,1,0,0,0,1,0,0,1,0,0,1,medio_alto
2,10000.0,8,0.75,26,3,1,0,0,0,1,1,1,0,0,0,0,medio_baixo
4,10000.0,205,0.7609756097560976,10,2,1,1,1,3,1,0,1,0,0,0,0,alto
2,10000.0,11,0.9090909090909091,7,2,1,0,0,5,1,0,0,1,0,0,0,medio_alto
4,10000.0,2,1.0,2,2,1,0,0,0,1,1,0,0,0,0,0,medio_alto
8,10000.0,68,0.9558823529411765,1,1,1,1,0,0,1,0,0,0,0,0,0,medio_baixo
3,150000.0,2647,0.9365319229316207,11,3,1,0,0,1,1,1,1,0,0,0,0,medio_alto
9,35000.0,1,1.0,1,3,1,0,0,0,0,0,1,1,0,1,0,baixo
4,10000.0,0,0.0,15,1,1,0,0,0,0,0,0,1,0,0,0,baixo
4,75000.0,433,0.8314087759815243,1,2,1,1,0,0,1,1,0,0,0,0,0,baixo
3,10000.0,11,1.0,2,3,1,0,0,0,1,0,0,1,0,1,0,medio_baixo
6,10000.0,72,0.7638888888888888,2,4,1,0,0,0,1,1,0,1,0,0,0,gratuito
16,3500000.0,50739,0.9066201541220757,7,2,1,0,0,8,0,1,1,0,0,0,0,baixo
4,10000.0,152,0.8223684210526315,3,3,1,1,1,0,1,0,0,1,0,1,0,baixo
5,10000.0,120,0.7333333333333333,2,2,1,0,1,0,1,0,0,1,0,0,0,baixo
9,350000.0,668,0.6601796407185628,1,5,1,1,1,2,1,0,1,0,1,0,0,gratuito
5,10000.0,0,0.0,1,2,1,0,0,0,1,0,0,0,1,0,0,gratuito
6,10000.0,0,0.0,1,5,1,0,0,0,1,1,1,1,1,0,0,alto
4,0.0,0,0.0,0,0,1,0,0,0,0,0,0,0,0,0,0,gratuito
3,10000.0,0,0.0,30,2,1,0,0,0,1,0,0,1,0,0,0,baixo
2,75000.0,4,1.0,1,3,1,0,0,0,1,1,0,0,0,0,0,medio_alto
2,10000.0,0,0.0,2,3,1,0,0,0,1,0,0,1,0,1,0,baixo
4,10000.0,2,0.5,11,3,1,0,0,0,0,1,1,1,0,0,0,medio_alto
4,0.0,0,0.0,1,3,1,0,0,0,1,1,0,0,0,0,0,gratuito
7,10000.0,41,0.3170731707317073,1,3,1,0,0,0,1,1,1,0,0,0,0,gratuito
6,10000.0,28,0.7857142857142857,5,2,1,1,0,1,0,1,0,0,0,0,0,medio_baixo
6,10000.0,0,0.0,1,1,1,0,0,0,0,0,1,0,0,0,0,medio_alto
4,0.0,0,0.0,0,0,1,0,0,0,0,0,0,0,0,0,0,gratuito
2,10000.0,29,0.9310344827586207,1,3,1,0,0,0,1,0,0,0,1,1,0,medio_alto
6,10000.0,37,0.6756756756756757,1,6,1,0,0,0,1,1,1,1,1,1,0,baixo
11,10000.0,60,0.95,1,1,1,1,1,0,0,0,0,1,0,0,0,medio_baixo
2,10000.0,2,0.5,1,3,1,0,0,0,1,0,0,0,0,0,1,alto
3,10000.0,22,0.2727272727272727,1,2,1,0,0,0,0,0,1,0,0,0,1,baixo
3,10000.0,15,0.7333333333333333,10,3,1,0,0,0,0,0,0,1,0,1,1,medio_baixo
5,0.0,0,0.0,1,5,1,0,0,0,1,0,0,1,1,0,0,gratuito
7,10000.0,1,1.0,1,4,1,0,0,0,1,0,1,0,1,1,0,medio_baixo
1,75000.0,361,0.7008310249307479,13,6,1,0,0,0,1,1,0,1,0,0,1,alto
10,10000.0,8,0.625,1,2,1,0,0,0,0,0,1,1,0,0,0,medio_alto
6,10000.0,2,0.5,1,3,1,0,0,0,1,1,1,0,0,0,0,medio_alto
1,10000.0,0,0.0,1,2,1,0,0,0,1,0,1,0,0,0,0,alto
4,35000.0,268,0.7947761194029851,9,4,1,1,1,0,1,1,0,0,0,1,1,medio_baixo
10,10000.0,639,0.9233176838810642,1,4,1,0,0,3,1,1,0,1,0,0,0,gratuito
3,10000.0,2,0.5,3,2,1,1,0,0,0,0,1,1,0,0,0,medio_alto
4,0.0,0,0.0,0,0,1,0,0,0,0,0,0,0,0,0,0,gratuito
8,10000.0,17,0.7058823529411765,1,2,1,0,0,0,0,0,1,1,0,0,0,medio_alto
3,150000.0,2132,0.726078799249531,13,2,1,0,0,11,0,0,0,0,0,1,1,alto
1,10000.0,0,0.0,1,1,1,0,0,0,0,0,1,0,0,0,0,baixo
3,10000.0,33,0.7575757575757576,8,3,1,0,0,0,1,0,1,0,0,0,0,medio_baixo
2,75000.0,954,0.8574423480083857,1,3,1,1,1,1,1,0,0,0,0,1,1,alto
3,10000.0,5,0.8,3,2,1,1,0,0,0,0,1,1,0,0,0,medio_alto
5,10000.0,13,0.6153846153846154,6,1,1,0,0,0,0,0,0,1,0,0,0,medio_alto
8,10000.0,20,0.25,1,2,1,0,0,0,1,1,0,0,0,0,0,medio_alto
5,10000.0,5,1.0,2,2,1,0,0,0,1,0,1,0,0,0,0,medio_alto
11,10000.0,59,0.576271186440678,2,3,1,0,0,0,0,1,0,1,0,0,1,medio_alto
1,0.0,0,0.0,103,7,1,0,0,0,1,1,1,0,0,1,1,medio_alto
2,0.0,0,0.0,1,4,1,0,0,0,1,0,0,1,0,1,0,gratuito
4,0.0,0,0.0,1,3,1,1,1,0,1,0,0,1,0,0,0,gratuito
9,10000.0,4,1.0,1,2,1,0,0,0,0,0,1,1,0,0,0,medio_alto
2,10000.0,26,0.7692307692307693,1,1,1,1,0,0,0,0,0,0,0,1,0,medio_alto
2,10000.0,146,0.958904109589041,11,1,1,0,0,0,0,0,1,0,0,0,0,baixo
3,35000.0,136,0.7794117647058824,13,6,1,0,0,4,1,0,1,1,1,1,1,alto
4,75000.0,64,0.859375,8,4,1,0,0,1,1,1,1,0,0,1,0,alto
3,10000.0,13,1.0,1,4,1,0,0,0,1,1,1,1,0,0,0,gratuito
4,10000.0,27,0.7777777777777778,5,2,1,0,0,0,1,0,1,0,0,0,0,baixo
8,10000.0,11,0.5454545454545454,7,4,1,0,0,0,1,1,1,0,0,0,1,baixo
2,10000.0,34,0.9411764705882353,3,2,1,0,0,0,0,1,0,0,0,0,0,medio_alto
4,10000.0,3,0.6666666666666666,4,1,1,0,0,0,0,0,0,1,0,0,0,alto
4,10000.0,4,1.0,1,2,1,1,0,1,1,1,0,0,0,0,0,medio_alto
1,0.0,0,0.0,1,3,1,0,0,0,1,0,0,0,0,1,0,gratuito
4,10000.0,8,0.875,1,3,1,0,0,0,1,1,0,0,1,0,0,alto
1,0.0,0,0.0,0,0,1,0,0,0,0,0,0,0,0,0,0,gratuito
3,35000.0,333,0.7417417417417418,2,3,1,0,0,1,1,1,1,0,0,0,0,medio_baixo
10,10000.0,14,0.5,1,3,1,0,0,0,1,0,0,0,1,1,0,gratuito
11,75000.0,325,0.7907692307692308,2,2,1,0,0,1,1,1,0,0,0,0,0,medio_baixo
5,10000.0,64,0.453125,3,4,1,0,1,0,1,1,0,0,1,1,0,baixo
1,0.0,0,0.0,75,2,1,0,0,1,1,0,0,1,0,0,0,medio_alto
18,150000.0,434,0.511520737327189,4,1,1,0,0,0,0,1,0,0,0,0,0,baixo
5,10000.0,52,0.5961538461538461,12,1,1,0,0,1,0,1,0,0,0,0,0,medio_alto
1,10000.0,0,0.0,1,5,1,0,0,0,1,1,1,0,1,1,0,medio_baixo
9,350000.0,8613,0.8681063508649716,1,4,1,0,0,0,1,0,0,1,0,0,1,gratuito
8,750000.0,3013,0.8211085297046133,1,3,1,0,0,0,0,0,1,0,1,1,0,gratuito
2,10000.0,2,1.0,4,2,1,0,0,1,0,0,1,1,0,0,0,medio_baixo
12,35000.0,231,0.8441558441558441,6,3,1,0,0,0,1,1,1,0,0,0,0,medio_baixo
5,10000.0,0,0.0,1,3,1,1,1,2,1,0,0,1,0,0,1,alto
1,0.0,0,0.0,2,2,1,0,0,0,1,0,0,0,0,0,0,gratuito
13,3500000.0,13382,0.884247496637274,6,4,1,1,1,0,1,0,1,0,1,1,0,medio_alto
7,10000.0,25,0.8,3,4,1,0,0,0,1,0,1,0,1,1,0,baixo
6,10000.0,82,0.8902439024390244,13,3,1,0,0,0,1,1,0,0,0,0,0,baixo
6,10000.0,1,0.0,7,1,1,0,0,0,0,0,0,1,0,0,0,medio_baixo
6,10000.0,2,0.5,1,1,1,1,0,0,0,0,0,0,0,1,0,baixo
4,0.0,0,0.0,1,3,1,0,0,0,1,0,1,0,0,0,0,gratuito
10,10000.0,16,0.8125,1,4,1,0,0,0,1,0,1,1,0,0,0,medio_alto
1,0.0,0,0.0,0,0,1,0,0,0,0,0,0,0,0,0,0,gratuito
1,10000.0,0,0.0,5,2,1,0,0,0,1,0,0,1,0,0,0,medio_baixo
4,35000.0,343,0.9329446064139941,1,4,1,0,0,0,1,0,0,0,1,1,0,medio_alto
6,10000.0,14,0.7142857142857143,1,2,1,0,0,0,1,0,1,0,0,0,0,baixo
6,10000.0,51,0.9411764705882353,1,4,1,0,0,0,1,1,1,1,0,0,0,medio_alto
1,10000.0,0,0.0,2,3,1,0,0,0,1,0,0,1,0,1,0,medio_alto
6,10000.0,27,0.8888888888888888,1,2,1,1,0,0,1,0,1,0,0,0,0,baixo
6,10000.0,31,0.8387096774193549,1,3,1,0,0,4,1,0,0,1,0,0,0,gratuito
2,10000.0,4,1.0,1,4,1,1,0,0,1,1,1,1,0,0,0,baixo
2,10000.0,49,0.8367346938775511,4,4,1,0,0,0,1,1,1,1,0,0,0,baixo
3,350000.0,3127,0.8976654940837864,8,3,1,0,0,1,0,0,1,0,1,1,0,medio_baixo
1,0.0,0,0.0,1,4,1,0,0,0,1,0,0,1,0,1,0,gratuito
3,10000.0,0,0.0,1,3,1,0,0,0,1,0,0,1,1,0,0,medio_alto
3,35000.0,127,0.952755905511811,1,4,1,1,1,0,1,0,0,1,0,0,1,gratuito
1,0.0,0,0.0,1,1,1,0,0,0,1,0,0,0,0,0,0,baixo
1,0.0,0,0.0,3,3,1,1,0,1,1,0,1,0,0,0,0,gratuito
3,10000.0,42,0.9761904761904762,4,3,1,0,0,0,1,1,0,1,0,0,0,medio_alto
3,10000.0,96,0.5208333333333334,3,4,1,0,0,0,1,1,1,0,1,0,0,medio_alto
5,10000.0,5,0.8,2,4,1,0,0,0,1,1,1,1,0,0,0,baixo
9,750000.0,7603,0.7677232671313955,8,2,1,0,0,2,0,0,0,0,1,1,0,alto
4,10000.0,87,0.9425287356321839,1,6,1,0,0,0,1,1,1,0,1,0,1,alto
1,0.0,0,0.0,1,4,1,0,0,0,1,1,0,1,0,0,1,medio_alto
3,10000.0,236,0.7033898305084746,13,4,1,0,1,0,1,1,0,1,1,0,0,medio_baixo
2,0.0,0,0.0,103,6,1,1,1,1,1,1,1,1,0,0,1,baixo
2,10000.0,2,1.0,1,3,1,0,0,0,1,0,1,0,1,0,0,medio_baixo
4,75000.0,370,0.8648648648648649,102,3,1,0,0,2,1,0,0,1,0,0,0,baixo
4,10000.0,10,0.7,4,3,1,0,0,1,0,0,0,1,0,1,1,alto
7,10000.0,128,0.6640625,3,3,1,0,0,0,1,0,1,0,0,0,0,medio_baixo
4,10000.0,3,1.0,7,3,1,0,1,0,1,0,0,1,0,0,0,medio_baixo
1,10000.0,0,0.0,1,2,1,0,0,0,0,1,0,1,0,0,0,medio_baixo
1,10000.0,0,0.0,1,4,1,0,0,0,1,0,0,1,1,1,0,baixo
3,0.0,0,0.0,1,3,1,0,0,0,0,0,1,0,1,0,0,gratuito
2,10000.0,11,0.8181818181818182,1,2,1,0,0,0,1,0,1,0,0,0,0,alto
1,10000.0,0,0.0,1,1,1,0,0,0,0,0,0,0,1,0,0,medio_baixo
4,10000.0,3,1.0,1,1,1,0,0,0,0,0,0,0,0,1,0,alto
2,10000.0,0,0.0,2,1,1,0,0,0,0,0,0,0,0,0,1,baixo
3,10000.0,22,0.7727272727272727,1,3,1,1,0,0,1,0,1,1,0,0,0,baixo
6,10000.0,43,0.5348837209302325,3,4,1,0,0,0,1,1,1,0,0,1,0,alto
4,35000.0,2,0.5,1,3,1,0,0,1,1,1,1,0,0,0,0,baixo
1,0.0,0,0.0,1,4,1,0,0,0,1,1,0,1,0,0,0,gratuito
4,10000.0,3,1.0,6,1,1,0,0,0,0,0,0,0,0,0,0,medio_alto
4,10000.0,0,0.0,2,2,1,0,1,0,1,0,0,1,0,0,0,baixo
1,0.0,0,0.0,16,1,1,0,0,0,0,0,0,1,0,0,0,baixo
8,10000.0,36,0.8333333333333334,1,3,1,1,1,3,1,0,1,0,1,0,0,medio_alto
7,10000.0,47,0.851063829787234,1,2,1,0,0,0,1,0,0,0,0,0,0,gratuito
3,35000.0,459,0.7124183006535948,7,3,1,0,0,0,1,0,0,1,0,0,1,alto
2,10000.0,7,0.8571428571428571,1,4,1,0,0,0,1,0,0,0,0,1,1,gratuito
15,75000.0,1247,0.7522052927024859,1,4,1,0,0,0,1,1,0,0,1,1,0,medio_alto
7,10000.0,3,1.0,1,4,1,0,0,0,1,1,0,0,0,0,1,alto
1,10000.0,2,0.5,1,1,1,0,0,0,0,0,0,0,1,0,0,alto
6,75000.0,516,0.8275193798449613,6,3,1,0,1,2,1,0,0,0,0,1,1,medio_alto
5,0.0,0,0.0,3,4,1,0,0,0,1,0,0,1,0,1,0,gratuito
4,0.0,0,0.0,0,0,1,0,0,0,0,0,0,0,0,0,0,gratuito
3,10000.0,158,0.7025316455696202,9,5,1,0,0,0,1,0,1,1,1,0,0,alto
5,10000.0,8,0.5,2,3,1,0,0,0,1,1,1,0,0,0,0,gratuito
7,10000.0,19,0.631578947368421,1,3,1,1,0,0,0,1,0,1,0,0,0,gratuito
9,35000.0,90,0.4111111111111111,6,1,1,0,0,2,0,0,0,0,0,0,0,alto
1,10000.0,42,0.7142857142857143,14,5,1,0,0,2,1,1,1,0,1,0,0,alto
3,10000.0,0,0.0,1,1,1,0,0,0,0,0,0,1,0,0,0,baixo
4,10000.0,5,0.2,1,4,1,0,0,0,0,1,0,1,0,1,1,medio_alto
5,35000.0,61,0.7540983606557377,1,3,1,0,0,0,1,0,0,0,0,0,0,gratuito
7,10000.0,48,0.9791666666666666,1,3,1,0,0,0,1,0,1,0,1,0,0,baixo
12,35000.0,277,0.7148014440433214,12,2,1,1,0,0,1,0,0,0,0,1,0,baixo
2,10000.0,80,0.6875,4,3,1,0,0,0,1,0,1,0,1,0,0,medio_alto
5,0.0,0,0.0,1,4,1,0,0,0,0,0,0,1,0,0,1,gratuito
8,75000.0,160,0.35625,1,2,1,0,0,0,0,0,0,0,0,0,1,alto
11,350000.0,6909,0.8035895209147489,4,2,1,1,1,0,0,0,1,0,1,0,0,baixo
3,10000.0,10,0.9,1,3,1,0,0,0,0,1,1,0,0,0,1,medio_alto
10,75000.0,181,0.5248618784530387,1,6,1,0,0,0,0,1,1,0,1,1,0,gratuito
8,10000.0,5,0.2,1,3,1,1,1,0,1,0,0,1,1,0,0,medio_alto
6,10000.0,95,0.7894736842105263,6,2,1,0,0,0,0,1,0,0,0,0,0,medio_baixo
4,10000.0,19,1.0,1,2,1,0,0,0,1,1,0,0,0,0,0,baixo
9,10000.0,1,0.0,1,2,1,0,0,0,1,1,0,0,0,0,0,medio_alto
9,10000.0,7,0.7142857142857143,1,3,1,0,0,0,0,0,0,0,0,0,1,medio_alto
1,0.0,0,0.0,0,0,1,0,0,0,0,0,0,0,0,0,0,gratuito
1,10000.0,57,0.9824561403508771,2,2,1,0,0,0,1,0,1,0,0,0,0,alto
3,750000.0,8176,0.8239970645792564,5,2,1,0,0,1,1,0,0,0,0,1,0,alto
3,35000.0,3,0.6666666666666666,6,2,1,0,0,0,1,0,0,1,0,0,0,medio_baixo
1,0.0,0,0.0,0,0,1,0,0,0,0,0,0,0,0,0,0,gratuito
1,0.0,0,0.0,0,0,1,0,0,0,0,0,0,0,0,0,0,gratuito
3,10000.0,5,1.0,16,7,1,0,0,0,1,1,1,0,1,1,1,medio_baixo
3,10000.0,51,0.9411764705882353,1,3,1,0,1,0,1,0,1,0,1,0,0,medio_baixo
7,10000.0,25,0.68,2,2,1,0,0,0,0,0,0,0,0,0,0,gratuito
2,10000.0,5,0.6,1,1,1,0,0,0,0,0,1,0,0,0,0,alto
3,0.0,0,0.0,1,3,1,0,0,0,1,0,0,1,0,0,0,gratuito
1,0.0,0,0.0,1,3,1,0,0,1,1,0,1,0,0,0,0,gratuito
3,10000.0,8,0.75,1,3,1,0,0,0,1,1,1,0,0,0,0,alto
1,0.0,0,0.0,15,6,1,0,0,0,1,0,0,1,1,1,1,gratuito
6,350000.0,979,0.7895812053115424,10,2,1,1,1,0,1,0,0,0,0,1,0,medio_alto
8,10000.0,19,0.8421052631578947,1,2,1,0,0,0,1,0,0,1,0,0,0,baixo
10,10000.0,48,0.7708333333333334,2,4,1,0,0,1,1,1,1,0,0,0,0,medio_baixo
2,10000.0,217,0.7695852534562212,10,3,1,0,0,0,1,0,0,1,0,0,1,medio_alto
1,0.0,0,0.0,1,2,1,0,0,0,1,0,0,0,1,0,0,medio_baixo
6,10000.0,1,0.0,5,2,1,0,0,0,1,0,0,1,0,0,0,medio_alto
3,10000.0,7,1.0,3,2,1,0,0,0,1,0,1,0,0,0,0,medio_baixo
3,10000.0,0,0.0,2,2,1,0,0,0,1,1,0,0,0,0,0,baixo
2,35000.0,50,0.72,1,4,1,0,0,0,1,1,0,1,0,0,0,gratuito
2,0.0,0,0.0,11,4,1,0,0,0,0,1,0,0,0,1,0,gratuito
6,75000.0,24,0.9166666666666666,1,4,1,0,0,0,1,1,1,0,0,0,0,medio_alto
6,10000.0,21,0.8095238095238095,1,4,1,0,0,0,1,0,1,1,0,0,0,gratuito
3,10000.0,93,0.9032258064516129,3,2,1,0,0,0,0,0,1,0,1,0,0,medio_baixo
7,150000.0,395,0.34430379746835443,1,4,1,0,0,0,1,1,0,0,0,0,0,gratuito
1,75000.0,452,0.7831858407079646,15,5,1,1,1,0,1,1,0,0,0,0,1,alto
3,35000.0,9,0.6666666666666666,7,4,1,0,0,0,1,0,0,1,0,0,1,baixo
2,0.0,0,0.0,0,0,1,0,0,0,0,0,0,0,0,0,0,gratuito
10,10000.0,44,0.38636363636363635,2,4,1,0,0,0,1,0,0,1,1,0,1,baixo
3,10000.0,70,0.9428571428571428,3,2,1,0,0,0,1,0,0,0,1,0,0,medio_alto
3,10000.0,4,0.75,1,1,1,0,0,0,0,1,0,0,0,0,0,medio_alto
3,10000.0,0,0.0,1,3,1,0,0,0,1,1,0,0,0,0,0,gratuito
6,10000.0,57,0.7543859649122807,1,6,1,0,1,1,1,1,1,1,1,0,1,baixo
1,0.0,0,0.0,1,1,1,1,0,0,0,1,0,0,0,0,0,medio_alto
4,0.0,0,0.0,1,2,1,0,0,0,0,0,0,0,0,1,0,gratuito
4,10000.0,0,0.0,29,3,1,1,1,0,1,0,0,1,0,1,0,baixo
1,0.0,0,0.0,0,0,1,0,0,0,0,0,0,0,0,0,0,gratuito
5,10000.0,7,1.0,1,2,1,0,0,0,1,0,0,1,0,0,0,medio_alto
3,10000.0,138,0.572463768115942,9,4,1,0,0,0,0,1,1,0,1,0,1,medio_alto
2,10000.0,19,0.8421052631578947,7,3,1,0,1,0,1,1,1,0,0,0,0,medio_baixo
1,10000.0,0,0.0,6,5,1,0,0,0,1,1,1,0,1,0,1,medio_alto
2,10000.0,0,0.0,2,1,1,1,0,0,0,1,0,0,0,0,0,medio_alto
7,10000.0,49,0.8571428571428571,1,3,1,0,0,0,1,0,1,0,1,0,0,baixo
4,0.0,0,0.0,1,3,1,0,0,0,0,1,0,1,0,0,0,gratuito
5,10000.0,6,0.8333333333333334,1,2,1,1,1,2,1,0,0,0,1,0,0,baixo
14,350000.0,1187,0.8879528222409435,1,3,1,1,1,1,1,1,1,0,0,0,0,medio_baixo
6,350000.0,5410,0.92181146025878,6,2,1,0,0,2,1,1,0,0,0,0,0,alto
7,10000.0,107,0.7383177570093458,1,4,1,1,0,0,1,0,0,0,0,1,1,alto
3,150000.0,3015,0.854726368159204,15,3,1,1,0,1,1,0,0,0,0,1,1,alto
9,350000.0,4181,0.9129394881607271,1,3,1,0,0,0,1,0,0,1,0,0,0,gratuito
11,350000.0,541,0.7301293900184843,9,2,1,1,1,0,1,1,0,0,0,0,0,medio_baixo
4,10000.0,1,0.0,24,1,1,1,0,0,0,0,0,1,0,0,0,baixo
4,10000.0,72,0.9305555555555556,8,1,1,0,0,1,0,1,0,0,0,0,0,medio_alto
3,35000.0,1,0.0,6,4,1,1,1,0,1,0,0,1,1,0,0,medio_baixo
7,350000.0,2481,0.9024586860137042,6,3,1,0,0,0,1,1,0,0,0,0,0,gratuito
2,35000.0,200,0.895,1,4,1,0,0,0,1,1,1,0,0,0,0,medio_alto
5,10000.0,120,0.9416666666666667,3,2,1,0,0,0,1,0,1,0,0,0,0,medio_baixo
4,35000.0,29,0.5862068965517241,1,4,1,0,0,0,1,1,1,0,0,0,1,baixo
8,10000.0,88,0.8295454545454546,1,4,1,1,0,0,1,1,0,1,0,0,0,gratuito
1,10000.0,0,0.0,2,2,1,0,0,0,1,0,1,0,0,0,0,medio_baixo
4,10000.0,2,0.0,1,2,1,0,0,0,0,0,0,1,0,0,1,medio_baixo
4,10000.0,6,1.0,1,2,1,0,0,0,0,1,0,1,0,0,0,alto
4,35000.0,18,0.5,2,4,1,0,0,0,1,1,1,0,0,0,1,baixo
9,35000.0,49,0.12244897959183673,1,3,1,0,0,0,0,1,1,0,0,0,0,alto
3,0.0,0,0.0,0,0,1,0,0,0,0,0,0,0,0,0,0,gratuito
12,35000.0,87,0.5747126436781609,1,1,1,0,0,0,0,0,1,0,0,0,0,baixo
2,10000.0,40,0.85,4,3,1,0,0,2,1,1,1,0,0,0,0,alto
2,0.0,0,0.0,1,7,1,0,0,0,1,1,1,1,1,0,1,gratuito
2,10000.0,3,0.6666666666666666,11,4,1,1,0,0,0,1,1,1,0,0,0,gratuito
1,10000.0,0,0.0,9,6,1,0,0,0,1,1,1,1,1,1,0,medio_alto
1,0.0,0,0.0,1,1,1,0,0,0,0,0,0,1,0,0,0,alto
8,10000.0,116,0.646551724137931,1,3,1,0,0,0,0,0,1,0,1,0,0,gratuito
4,10000.0,11,0.9090909090909091,1,1,1,0,0,0,0,0,0,1,0,0,0,medio_alto
6,10000.0,121,0.9669421487603306,10,2,1,0,0,0,1,0,0,0,0,0,1,alto
2,10000.0,1,1.0,1,2,1,0,0,0,0,0,0,1,0,0,0,gratuito
4,10000.0,60,0.7166666666666667,1,3,1,0,0,0,0,0,1,1,1,0,0,baixo
10,10000.0,15,0.13333333333333333,1,2,1,0,0,0,1,1,0,0,0,0,0,baixo
4,10000.0,1,1.0,1,3,1,0,0,0,1,0,1,1,0,0,0,baixo
3,35000.0,5,1.0,1,6,1,0,0,2,1,0,1,1,1,0,1,alto
3,0.0,0,0.0,2,3,1,0,0,2,1,1,0,0,0,0,0,gratuito
8,10000.0,35,0.05714285714285714,3,1,1,0,0,0,1,0,0,0,0,0,0,alto
9,35000.0,604,0.7980132450331126,7,4,1,0,0,3,1,1,0,1,0,0,1,medio_alto
5,10000.0,7,1.0,1,1,1,0,0,1,0,0,0,1,0,0,0,medio_baixo
3,10000.0,6,0.8333333333333334,1,2,1,0,0,0,0,1,0,0,1,0,0,alto
5,10000.0,0,0.0,1,1,1,0,0,0,1,0,0,0,0,0,0,alto
1,0.0,0,0.0,8,5,1,0,0,0,1,0,0,1,0,0,1,gratuito
4,10000.0,0,0.0,1,2,1,0,0,0,1,0,0,1,0,0,0,baixo
2,10000.0,13,0.7692307692307693,1,1,1,0,0,0,1,0,0,0,0,0,0,gratuito
2,10000.0,0,0.0,1,6,1,0,0,0,0,0,1,1,0,1,1,gratuito
1,10000.0,2,0.0,1,3,1,0,0,0,0,1,1,0,1,0,0,medio_alto
4,10000.0,40,0.975,1,2,1,0,0,0,1,1,0,0,0,0,0,baixo
8,10000.0,22,0.36363636363636365,2,3,1,0,0,0,1,1,0,1,0,0,0,gratuito
2,10000.0,17,0.8235294117647058,1,2,1,0,0,0,1,0,0,1,0,0,0,baixo
10,75000.0,224,0.5892857142857143,1,4,1,0,0,0,0,1,0,0,0,0,0,gratuito
1,10000.0,0,0.0,6,4,1,0,0,0,1,0,0,0,1,1,1,alto
7,10000.0,283,0.9363957597173145,6,3,1,1,0,1,1,0,1,1,0,0,0,medio_baixo
2,0.0,0,0.0,1,4,1,0,0,0,1,1,1,1,0,0,0,gratuito
1,10000.0,0,0.0,1,3,1,1,1,1,1,1,1,0,0,0,0,alto
4,10000.0,92,0.75,5,3,1,1,1,0,1,0,0,1,0,0,1,medio_baixo
1,10000.0,2,0.5,2,1,1,0,0,0,0,0,0,1,0,0,0,alto
8,35000.0,12,0.25,1,4,1,0,1,0,1,1,1,1,0,0,0,baixo
1,10000.0,0,0.0,1,1,1,1,1,0,0,0,0,1,0,0,0,medio_baixo
3,150000.0,1076,0.5613382899628253,11,3,1,0,0,2,1,1,1,0,0,0,0,gratuito
8,10000.0,1,1.0,2,2,1,0,0,0,1,0,0,1,0,0,0,medio_baixo
12,1500000.0,3824,0.41971757322175735,6,2,1,0,0,0,0,1,0,0,0,0,0,gratuito
5,10000.0,16,1.0,1,3,1,0,0,0,1,0,1,1,0,0,0,medio_alto
8,10000.0,11,1.0,1,2,1,1,0,0,1,0,0,1,0,0,0,baixo
7,35000.0,251,0.9083665338645418,1,2,1,1,1,1,1,0,1,0,0,0,0,alto
1,0.0,0,0.0,1,4,1,0,0,0,1,0,1,1,0,0,0,gratuito
4,0.0,0,0.0,1,4,1,0,0,0,1,1,1,0,0,0,0,gratuito
7,10000.0,25,0.88,1,3,1,0,0,0,1,0,0,0,1,1,0,medio_alto
9,35000.0,166,0.6325301204819277,2,1,1,0,0,0,0,0,1,0,0,0,0,baixo
2,10000.0,1,0.0,1,2,1,0,0,0,0,0,0,1,0,1,0,alto
2,10000.0,1,1.0,2,3,1,0,0,0,1,0,1,0,1,0,0,medio_alto
3,10000.0,69,0.6376811594202898,2,2,1,0,0,0,0,0,0,1,0,0,1,alto
2,10000.0,119,0.6974789915966386,2,4,1,0,0,0,1,1,1,0,0,0,0,medio_alto
1,0.0,0,0.0,1,5,1,1,0,0,0,1,0,1,1,1,0,gratuito
13,350000.0,258,0.43410852713178294,2,2,1,1,1,0,1,1,0,0,0,0,0,baixo
7,10000.0,67,0.7313432835820896,2,2,1,1,0,8,0,0,0,1,0,0,0,gratuito
1,10000.0,0,0.0,1,3,1,0,0,0,1,0,0,1,1,0,0,medio_baixo
3,0.0,0,0.0,2,2,1,0,0,0,0,0,0,1,0,1,0,gratuito
3,10000.0,0,0.0,1,3,1,1,1,0,1,0,1,1,0,0,0,baixo
1,10000.0,0,0.0,30,3,1,0,0,0,0,1,1,0,0,0,1,alto
11,150000.0,1248,0.5697115384615384,7,3,1,0,0,0,0,1,1,0,1,0,0,medio_baixo
3,10000.0,6,0.5,1,3,1,0,0,0,1,0,1,0,0,0,1,baixo
2,10000.0,45,0.8666666666666667,9,2,1,0,0,2,1,0,0,1,0,0,0,medio_alto
8,10000.0,27,0.8518518518518519,1,2,1,0,0,1,1,1,0,0,0,0,0,medio_baixo
5,10000.0,4,1.0,1,5,1,0,0,0,1,1,1,1,0,0,0,medio_alto
3,10000.0,24,0.7916666666666666,3,3,1,0,1,0,1,1,1,0,0,0,0,medio_baixo
11,350000.0,2187,0.3004115226337449,4,3,1,0,0,0,0,1,0,1,0,0,1,medio_baixo
1,0.0,0,0.0,30,3,1,1,1,0,0,1,1,1,0,0,0,medio_alto
9,35000.0,30,0.6666666666666666,1,2,1,0,0,0,1,1,0,0,0,0,0,medio_alto
1,35000.0,926,0.9524838012958964,7,2,1,0,0,1,1,0,1,0,0,0,0,alto
3,75000.0,67,0.9104477611940298,2,1,1,0,0,0,0,0,0,0,0,0,1,medio_baixo
5,10000.0,17,0.8823529411764706,103,3,1,0,0,0,1,0,1,0,0,0,0,baixo
4,10000.0,1,0.0,1,5,1,0,0,0,1,1,1,0,0,0,1,medio_alto
11,35000.0,345,0.8,1,3,1,0,0,0,1,1,0,0,1,0,0,medio_alto
10,35000.0,54,0.7222222222222222,7,1,1,1,1,0,0,0,0,1,0,0,0,medio_alto
2,0.0,0,0.0,16,5,1,0,0,0,1,0,0,1,0,1,1,gratuito
2,10000.0,2,1.0,4,2,1,0,0,0,1,0,0,1,0,0,0,medio_alto
3,35000.0,147,0.6394557823129252,1,5,1,0,0,0,1,1,0,1,0,0,0,gratuito
2,10000.0,20,0.5,5,5,1,0,0,1,1,1,1,0,1,0,0,gratuito
7,10000.0,13,0.6153846153846154,3,2,1,0,0,0,1,0,1,0,0,0,0,alto
2,10000.0,122,0.9344262295081968,1,3,1,1,0,0,0,0,0,0,0,0,0,medio_baixo
4,10000.0,6,0.5,8,2,1,0,0,0,1,0,0,0,0,1,0,medio_baixo
1,0.0,0,0.0,4,5,1,0,0,0,1,1,1,1,0,0,1,baixo
9,10000.0,7,0.8571428571428571,1,4,1,0,0,0,0,1,0,1,0,0,0,gratuito
4,10000.0,6,0.8333333333333334,2,1,1,1,0,0,0,0,0,1,0,0,0,medio_alto
8,10000.0,11,0.7272727272727273,1,1,1,0,0,0,0,1,0,0,0,0,0,medio_alto
9,10000.0,7,0.8571428571428571,1,3,1,0,0,0,1,1,1,0,0,0,0,baixo
8,10000.0,26,0.9615384615384616,4,3,1,0,0,0,1,0,0,1,0,0,1,medio_alto
8,10000.0,13,0.23076923076923078,1,6,1,0,0,0,1,1,1,0,0,1,1,medio_baixo
10,150000.0,385,0.8207792207792208,1,4,1,0,0,0,1,1,1,1,0,0,0,baixo
3,0.0,0,0.0,1,2,1,0,0,0,1,0,0,1,0,0,0,gratuito
1,0.0,0,0.0,1,3,1,0,0,0,1,1,0,1,0,0,0,medio_alto
3,10000.0,10,0.6,1,3,1,0,0,0,1,1,1,0,0,0,0,medio_baixo
2,10000.0,10,0.8,2,2,1,0,0,0,1,1,0,0,0,0,0,medio_alto
7,10000.0,37,0.972972972972973,4,3,1,0,0,0,1,0,0,1,0,0,0,gratuito
4,75000.0,21,0.9523809523809523,10,1,1,0,0,0,0,1,0,0,0,0,0,medio_alto
4,10000.0,290,0.9862068965517241,2,1,1,0,0,1,0,0,1,0,0,0,0,alto
11,35000.0,206,0.7524271844660194,1,3,1,1,0,1,1,0,0,0,0,1,1,medio_alto
2,0.0,0,0.0,1,4,1,0,0,0,1,1,0,0,1,0,0,gratuito
8,10000.0,4,0.25,1,10,1,0,0,0,1,1,1,1,1,1,1,medio_baixo
1,10000.0,0,0.0,1,2,1,0,0,0,1,0,0,0,0,0,0,medio_alto
3,150000.0,364,0.5851648351648352,10,3,1,0,0,0,1,1,0,1,0,0,0,medio_alto
10,10000.0,98,0.7448979591836735,1,3,1,1,1,0,1,1,0,0,0,0,0,alto
8,10000.0,23,0.6086956521739131,1,1,1,0,0,0,0,0,0,0,0,0,1,alto
1,10000.0,1,1.0,3,1,1,0,1,0,0,1,0,0,0,0,0,medio_alto
6,0.0,0,0.0,0,0,1,0,0,0,0,0,0,0,0,0,0,gratuito
6,10000.0,12,1.0,5,4,1,0,0,0,1,1,1,1,0,0,0,medio_baixo
6,10000.0,18,0.7777777777777778,8,2,1,0,0,0,1,0,0,1,0,0,0,baixo
10,35000.0,208,0.5048076923076923,1,3,1,0,0,1,1,0,0,0,0,1,1,baixo
8,35000.0,29,0.6206896551724138,1,1,1,0,0,0,0,0,0,0,0,0,0,gratuito
1,10000.0,25,0.72,7,1,1,0,0,0,1,0,0,0,0,0,0,baixo
2,10000.0,3,1.0,9,5,1,0,0,0,1,1,1,0,1,1,0,alto
3,10000.0,8,0.125,1,3,1,0,0,0,1,0,0,1,0,1,0,medio_alto
3,10000.0,1,0.0,1,1,1,0,0,0,0,0,1,0,0,0,0,baixo
9,10000.0,16,0.6875,1,2,1,0,0,0,0,0,0,0,0,0,0,alto
2,10000.0,13,0.8461538461538461,2,1,1,0,1,0,0,0,0,0,1,0,0,alto
11,35000.0,518,0.803088803088803,1,3,1,1,0,1,0,0,1,0,1,1,0,medio_baixo
5,10000.0,4,1.0,1,2,1,0,0,0,1,0,0,1,0,0,0,medio_baixo
4,0.0,0,0.0,1,4,1,1,0,0,1,0,1,1,0,0,0,gratuito
6,350000.0,7435,0.933422999327505,13,4,1,1,1,1,1,1,1,0,0,1,0,alto
6,10000.0,52,0.7115384615384616,1,3,1,1,1,0,1,0,1,0,0,0,0,gratuito
3,10000.0,96,0.8958333333333334,2,4,1,1,0,0,1,0,1,1,0,0,1,medio_baixo
5,35000.0,3,0.6666666666666666,1,3,1,0,0,0,0,0,0,0,0,1,1,baixo
1,10000.0,70,0.7,10,2,1,0,0,0,0,0,0,1,0,0,1,alto
4,3500000.0,84517,0.8930984299016765,16,2,1,0,0,1,0,1,1,0,0,0,0,alto
4,0.0,0,0.0,0,0,1,0,0,0,0,0,0,0,0,0,0,gratuito
1,10000.0,0,0.0,13,3,1,1,1,0,1,0,0,1,0,1,0,baixo
3,10000.0,1,1.0,1,3,1,0,0,0,0,1,0,0,0,1,0,medio_baixo
4,35000.0,217,0.9354838709677419,11,4,1,0,0,0,1,1,1,0,0,0,0,medio_alto
7,10000.0,9,1.0,2,2,1,0,0,0,1,0,1,0,0,0,0,medio_baixo
9,10000.0,78,0.7435897435897436,1,2,1,1,1,0,1,0,0,0,1,0,0,medio_baixo
6,3500000.0,149065,0.8402240633280783,11,2,1,0,0,2,0,1,0,0,1,0,0,medio_alto
9,150000.0,5843,0.8504193051514632,4,1,1,0,0,0,0,1,0,0,0,0,0,medio_alto
4,10000.0,115,0.808695652173913,10,4,1,0,0,0,1,0,0,1,0,1,1,medio_alto
3,10000.0,8,0.75,18,4,1,0,0,0,1,1,0,1,0,0,1,baixo
12,150000.0,1229,0.790886899918633,11,3,1,0,1,0,1,0,1,1,0,0,0,baixo
3,10000.0,4,0.75,2,3,1,0,0,0,1,1,1,0,0,0,0,alto
1,0.0,0,0.0,1,1,1,0,0,0,0,0,1,0,0,0,0,baixo
5,10000.0,0,0.0,4,4,1,0,0,0,1,0,0,1,0,0,1,alto
2,10000.0,2,1.0,1,1,1,0,0,0,1,0,0,0,0,0,0,baixo
9,10000.0,17,0.6470588235294118,1,3,1,0,0,0,1,1,0,0,0,0,0,medio_baixo
10,10000.0,63,0.7142857142857143,8,4,1,1,1,0,1,1,1,1,0,0,0,medio_alto
5,35000.0,6,0.8333333333333334,1,4,1,0,0,0,1,1,1,1,0,0,0,baixo
2,10000.0,12,0.6666666666666666,1,5,1,0,0,0,1,1,1,0,1,0,0,alto
2,10000.0,39,0.5897435897435898,10,2,1,0,0,0,0,1,1,0,0,0,0,alto
5,35000.0,5,1.0,1,3,1,0,0,1,0,0,1,1,1,0,0,medio_alto
1,10000.0,0,0.0,2,4,1,0,0,0,1,1,0,0,0,0,1,alto
8,150000.0,3580,0.9664804469273743,3,1,1,0,0,2,0,0,1,0,0,0,0,alto
2,10000.0,0,0.0,7,2,1,0,0,0,0,0,0,1,1,0,0,medio_alto
6,10000.0,180,0.8611111111111112,8,2,1,1,0,0,1,1,0,0,0,0,0,medio_baixo
7,1500000.0,17097,0.8682809849681231,4,3,1,1,0,0,1,0,0,0,0,1,1,alto
5,10000.0,3,0.6666666666666666,1,2,1,0,0,0,0,0,0,0,0,1,0,medio_baixo
6,10000.0,16,0.375,4,2,1,0,0,0,1,1,0,0,0,0,0,alto
1,10000.0,0,0.0,1,2,1,0,0,2,0,0,0,1,0,1,0,medio_alto
1,0.0,0,0.0,1,3,1,0,0,0,1,0,0,1,0,0,0,gratuito
8,35000.0,50,0.7,1,2,1,0,0,1,1,1,0,0,0,0,0,gratuito
4,35000.0,13,0.9230769230769231,2,4,1,0,0,0,0,1,1,1,0,1,0,baixo
2,75000.0,1164,0.7242268041237113,13,3,1,0,0,0,1,1,1,0,0,0,0,medio_alto
5,10000.0,26,0.7307692307692307,14,3,1,0,0,0,1,1,0,1,0,0,0,baixo
3,10000.0,12,1.0,3,3,1,0,0,0,1,0,1,1,0,0,0,baixo
7,10000.0,14,0.35714285714285715,4,4,1,0,0,0,1,0,1,1,1,0,0,alto
3,0.0,0,0.0,0,0,1,0,0,0,0,0,0,0,0,0,0,gratuito
1,10000.0,0,0.0,1,3,1,0,0,0,1,0,1,1,0,0,0,medio_baixo
4,10000.0,0,0.0,1,1,1,0,0,0,0,0,0,0,1,0,0,baixo
4,35000.0,107,0.9719626168224299,1,4,1,0,0,0,1,1,1,0,1,0,0,medio_alto
6,10000.0,21,0.7142857142857143,1,3,1,0,0,0,1,1,0,0,0,0,1,alto
11,150000.0,3747,0.9196690685882039,1,1,1,0,0,0,0,0,1,0,0,0,0,medio_alto
2,10000.0,1,0.0,4,4,1,0,0,0,1,0,0,1,1,0,1,medio_alto
8,10000.0,10,0.9,8,1,1,0,0,0,0,0,0,1,0,0,0,medio_baixo
6,350000.0,1939,0.4883960804538422,10,4,1,0,0,1,1,1,1,0,0,0,0,alto
1,10000.0,0,0.0,1,2,1,0,0,0,1,0,0,1,0,0,0,alto
3,0.0,0,0.0,0,0,1,0,0,0,0,0,0,0,0,0,0,gratuito
1,0.0,0,0.0,103,2,1,0,0,0,1,0,0,1,0,0,0,baixo
1,0.0,0,0.0,0,0,1,0,0,0,0,0,0,0,0,0,0,gratuito
9,10000.0,27,0.6296296296296297,2,3,1,0,0,1,1,0,1,0,1,0,0,baixo
10,350000.0,322,0.6335403726708074,1,2,1,1,1,0,1,0,0,1,0,0,0,baixo
12,150000.0,283,0.6501766784452296,2,3,1,1,1,0,1,1,1,0,0,0,0,baixo
3,10000.0,5,1.0,8,3,1,0,1,0,1,1,0,1,0,0,0,baixo
8,750000.0,13145,0.8839102320273868,1,6,1,0,0,0,1,1,0,0,0,1,1,alto
2,35000.0,39,0.717948717948718,1,2,1,0,0,0,0,1,0,0,0,0,0,alto
3,35000.0,3,1.0,1,4,1,0,0,0,1,1,1,0,1,0,0,medio_alto
9,10000.0,12,0.3333333333333333,1,4,1,0,0,2,1,0,0,1,0,0,0,baixo
5,10000.0,6,0.6666666666666666,1,3,1,0,0,0,1,1,1,0,0,0,0,baixo
3,10000.0,38,0.7105263157894737,2,2,1,0,0,0,0,0,1,0,1,0,0,medio_baixo
1,10000.0,47,0.9787234042553191,7,4,1,1,1,0,1,1,0,1,0,1,0,medio_alto
6,10000.0,26,0.5769230769230769,2,4,1,0,0,0,1,0,1,1,0,0,0,gratuito
4,75000.0,15,0.8,103,1,1,0,0,0,1,0,0,0,0,0,0,baixo
4,35000.0,7,0.8571428571428571,4,3,1,0,0,0,1,1,1,0,0,0,0,baixo
1,10000.0,15,0.8666666666666667,1,3,1,0,0,0,1,0,1,0,0,0,1,baixo
4,10000.0,3,0.6666666666666666,1,3,1,0,0,0,1,1,1,0,0,0,0,medio_alto
4,10000.0,4,0.75,4,1,1,0,0,0,0,0,0,1,0,0,0,alto
7,10000.0,3,1.0,1,2,1,0,0,0,1,0,1,0,0,0,0,medio_baixo
5,10000.0,18,0.9444444444444444,3,2,1,0,0,1,1,1,0,0,0,0,0,medio_alto
1,10000.0,0,0.0,11,2,1,0,0,5,0,1,0,0,1,0,0,alto
1,10000.0,0,0.0,8,3,1,0,0,1,0,1,1,0,0,1,0,alto
5,35000.0,12,0.9166666666666666,1,2,1,0,0,0,0,0,1,1,0,0,0,medio_alto
1,10000.0,0,0.0,1,3,1,1,0,0,1,0,0,1,0,0,1,alto
2,10000.0,31,0.8064516129032258,1,3,1,0,0,0,1,0,0,1,1,0,0,medio_alto
3,0.0,0,0.0,0,0,1,0,0,0,0,0,0,0,0,0,0,gratuito
1,10000.0,0,0.0,16,6,1,0,0,0,1,0,1,1,0,1,1,alto
4,35000.0,24,0.9583333333333334,6,2,1,0,0,0,1,0,0,1,0,0,0,baixo
1,150000.0,458,0.8668122270742358,5,0,1,1,0,0,0,0,0,0,0,0,0,alto
4,10000.0,34,0.8235294117647058,2,4,1,0,0,0,1,0,1,1,0,0,1,medio_alto
2,10000.0,6,0.8333333333333334,2,2,1,0,0,0,0,0,0,1,0,0,1,baixo
1,10000.0,0,0.0,3,3,1,0,1,0,0,1,1,0,0,0,1,medio_baixo
2,10000.0,10,0.9,2,2,1,0,0,0,1,0,0,1,0,0,0,medio_baixo
5,10000.0,0,0.0,1,2,1,0,0,0,0,1,0,0,0,1,0,medio_baixo
8,10000.0,29,0.6896551724137931,10,4,1,0,0,0,0,0,0,0,0,0,0,alto
2,0.0,0,0.0,0,0,1,0,0,0,0,0,0,0,0,0,0,gratuito
12,75000.0,1167,0.9057412167952014,9,2,1,0,1,2,1,1,0,0,0,0,0,baixo
1,10000.0,0,0.0,1,4,1,0,0,0,1,1,1,1,0,0,0,medio_alto
5,10000.0,8,0.25,5,2,1,0,0,0,0,0,0,1,0,0,1,medio_baixo
2,10000.0,9,0.3333333333333333,1,4,1,0,0,0,1,0,1,0,0,1,0,medio_baixo
1,10000.0,1,1.0,1,4,1,0,0,0,1,1,1,1,0,0,0,medio_alto
3,10000.0,0,0.0,2,2,1,0,0,0,1,0,1,0,0,0,0,medio_alto
1,10000.0,1,1.0,1,3,1,1,0,0,1,0,0,0,0,1,1,medio_baixo
6,10000.0,0,0.0,29,4,1,0,0,0,1,0,0,1,1,0,1,baixo
1,10000.0,0,0.0,6,2,1,0,0,0,1,1,0,0,0,0,0,alto
2,0.0,0,0.0,0,0,1,0,0,0,0,0,0,0,0,0,0,gratuito
2,35000.0,3,0.6666666666666666,27,2,1,0,0,0,1,0,1,0,0,0,0,medio_baixo
6,10000.0,12,0.8333333333333334,8,2,1,0,0,1,1,0,1,0,0,0,0,medio_baixo
2,0.0,0,0.0,1,5,1,0,0,0,1,0,1,1,0,0,1,gratuito
2,10000.0,0,0.0,1,3,1,1,1,0,1,0,1,1,0,0,0,baixo
2,10000.0,1,1.0,2,1,1,0,0,0,0,0,0,0,0,1,0,baixo
6,10000.0,0,0.0,4,4,1,0,1,2,1,0,0,1,0,0,1,gratuito
4,10000.0,2,0.0,13,4,1,0,0,0,0,1,0,1,1,0,1,baixo
5,10000.0,20,0.5,8,2,1,1,0,0,0,0,0,0,0,1,1,medio_alto
9,10000.0,5,1.0,1,2,1,0,0,0,0,0,1,1,0,0,0,medio_alto
3,10000.0,36,0.8333333333333334,1,5,1,0,0,0,1,1,0,1,0,0,1,medio_alto
12,150000.0,542,0.8653136531365314,1,3,1,0,0,2,1,0,1,0,0,1,0,medio_alto
1,10000.0,0,0.0,1,4,1,0,0,0,1,0,0,1,1,0,1,medio_baixo
8,10000.0,16,0.5,1,1,1,0,0,0,0,0,0,1,0,0,0,baixo
9,10000.0,31,0.5806451612903226,1,4,1,1,1,0,1,0,1,1,1,0,0,medio_alto
5,150000.0,581,0.7607573149741824,6,5,1,0,0,4,0,0,0,0,0,0,0,medio_baixo
4,10000.0,42,0.6904761904761905,1,4,1,0,0,0,1,1,1,0,0,1,0,medio_baixo
6,35000.0,1121,0.9152542372881356,3,3,1,0,0,0,1,1,1,0,0,0,0,medio_baixo
9,10000.0,17,0.6470588235294118,1,3,1,0,0,0,1,0,1,0,1,0,0,gratuito
5,10000.0,88,0.8977272727272727,6,2,1,0,0,0,1,0,1,0,0,0,0,alto
1,0.0,0,0.0,0,0,1,0,0,0,0,0,0,0,0,0,0,gratuito
1,0.0,0,0.0,1,3,1,0,0,0,1,0,0,0,0,0,1,gratuito
7,35000.0,224,0.6696428571428571,2,4,1,0,0,0,1,0,1,1,0,0,1,medio_baixo
1,10000.0,15,0.9333333333333333,1,3,1,0,0,0,1,0,1,0,1,0,0,medio_alto
8,75000.0,184,0.5869565217391305,2,2,1,0,0,0,1,0,1,0,0,0,0,baixo
4,10000.0,65,0.9076923076923077,2,3,1,0,0,0,1,0,0,1,0,1,0,medio_baixo
2,0.0,0,0.0,0,0,1,0,0,0,0,0,0,0,0,0,0,gratuito
11,35000.0,30,0.5666666666666667,1,2,1,0,0,1,1,1,0,0,0,0,0,medio_alto
1,350000.0,4935,0.9278622087132725,5,5,1,0,0,3,1,0,1,0,1,1,1,alto
9,10000.0,9,0.4444444444444444,6,3,1,0,0,0,0,0,0,0,0,0,0,gratuito
5,10000.0,15,0.6666666666666666,1,6,1,0,0,0,1,1,0,1,0,0,1,baixo
3,10000.0,7,0.2857142857142857,1,1,1,0,0,2,0,0,1,0,0,0,0,medio_alto
8,75000.0,512,0.6328125,19,6,1,1,1,1,1,1,1,1,0,0,1,baixo
3,150000.0,72,0.9722222222222222,1,3,1,0,0,0,1,0,1,0,0,0,0,gratuito
9,10000.0,37,0.40540540540540543,5,2,1,0,0,0,0,0,0,0,0,0,0,alto
3,0.0,0,0.0,4,5,1,0,0,0,0,1,1,0,1,0,0,gratuito
4,0.0,0,0.0,0,0,1,0,0,0,0,0,0,0,0,0,0,gratuito
3,10000.0,0,0.0,2,3,1,0,1,0,1,0,0,1,0,0,1,medio_baixo
5,10000.0,35,0.8857142857142857,2,3,1,0,0,2,1,1,1,0,0,0,0,gratuito
4,10000.0,35,0.9714285714285714,1,3,1,1,0,0,1,1,1,0,0,0,0,medio_alto
1,10000.0,0,0.0,1,3,1,1,1,0,0,0,1,1,0,0,1,medio_alto
1,0.0,0,0.0,0,0,1,0,0,0,0,0,0,0,0,0,0,gratuito
3,10000.0,2,0.5,3,5,1,1,0,0,1,1,1,1,1,0,0,baixo
2,10000.0,91,0.9230769230769231,2,3,1,0,0,0,1,1,1,0,0,0,0,baixo
3,10000.0,9,0.7777777777777778,2,4,1,1,0,0,1,1,1,1,0,0,0,medio_alto
6,10000.0,1,1.0,1,3,1,0,0,0,1,0,1,0,1,0,0,baixo
8,10000.0,8,0.875,1,5,1,0,0,0,1,1,1,0,0,0,1,alto
3,10000.0,0,0.0,1,5,1,0,0,0,0,1,1,1,0,0,1,baixo
3,10000.0,0,0.0,1,3,1,0,0,0,1,0,0,1,0,0,1,medio_baixo
2,10000.0,4,1.0,1,5,1,0,1,1,0,1,1,0,0,1,1,medio_baixo
4,35000.0,10,0.7,11,2,1,0,0,0,1,1,0,0,0,0,0,medio_alto
3,0.0,0,0.0,1,2,1,0,0,0,0,0,0,0,0,0,1,gratuito
11,10000.0,11,0.8181818181818182,1,1,1,0,0,0,0,0,1,0,0,0,0,medio_baixo
1,0.0,0,0.0,0,0,1,0,0,0,0,0,0,0,0,0,0,gratuito
3,0.0,0,0.0,0,0,1,0,0,0,0,0,0,0,0,0,0,gratuito
3,10000.0,34,0.7352941176470589,12,5,1,1,0,0,1,1,0,1,0,1,0,medio_alto
6,35000.0,367,0.9128065395095368,5,3,1,1,0,1,1,0,1,0,0,0,1,medio_alto
5,10000.0,0,0.0,9,3,1,1,1,2,1,0,1,1,0,0,0,medio_alto
8,10000.0,48,0.7916666666666666,13,2,1,0,0,0,1,1,0,0,0,0,0,medio_baixo
3,75000.0,269,0.8438661710037175,12,2,1,0,0,0,0,1,1,0,0,0,0,medio_alto
6,35000.0,27,0.9259259259259259,3,2,1,0,0,0,1,0,0,1,0,0,0,baixo
2,0.0,0,0.0,1,3,1,0,0,0,1,0,0,0,0,0,1,gratuito
4,150000.0,2962,0.8082376772451046,9,3,1,0,0,0,0,0,0,0,1,1,1,alto
8,350000.0,1585,0.8151419558359622,12,3,1,1,1,0,1,0,0,1,0,0,0,gratuito
1,0.0,0,0.0,9,5,1,0,0,3,1,0,1,1,1,0,1,medio_alto
9,75000.0,831,0.8628158844765343,1,2,1,1,1,0,0,0,0,0,0,0,1,gratuito
5,10000.0,2053,0.971748660496834,8,3,1,0,0,0,0,0,1,1,0,0,1,alto
18,10000.0,75,0.92,1,2,1,0,0,0,0,0,0,1,0,0,1,alto
1,0.0,0,0.0,0,0,1,0,0,0,0,0,0,0,0,0,0,gratuito
8,35000.0,269,0.6617100371747212,13,4,1,0,0,1,1,1,0,0,0,0,0,medio_baixo
7,75000.0,1231,0.5987002437043054,9,2,1,1,0,4,0,0,0,0,0,1,1,alto
6,10000.0,1,1.0,1,3,1,0,0,0,1,1,0,1,0,0,0,baixo
6,10000.0,9,0.8888888888888888,1,1,1,0,0,0,1,0,0,0,0,0,0,medio_alto
4,10000.0,65,0.7384615384615385,5,4,1,0,0,0,1,1,1,0,0,0,0,alto
4,10000.0,7,0.8571428571428571,1,2,1,0,0,0,1,0,0,1,0,0,0,medio_alto
1,10000.0,0,0.0,2,3,1,0,0,0,1,1,1,0,0,0,0,medio_alto
7,10000.0,34,0.8529411764705882,1,3,1,0,0,0,1,0,0,1,0,0,1,medio_baixo
1,0.0,0,0.0,1,3,1,1,0,0,1,1,0,1,0,0,0,medio_alto
2,10000.0,0,0.0,0,1,1,0,0,0,0,0,0,1,0,0,0,baixo
5,10000.0,186,0.7473118279569892,6,1,1,0,0,0,0,0,0,0,0,0,1,alto
2,10000.0,2,1.0,1,2,1,0,0,0,1,1,0,0,0,0,0,alto
5,10000.0,10,0.8,1,3,1,0,0,0,0,0,0,1,0,0,1,medio_baixo
2,75000.0,1311,0.9557589626239512,3,3,1,0,0,2,1,0,0,1,0,1,0,medio_alto
3,10000.0,13,0.9230769230769231,9,3,1,0,0,1,1,1,0,0,0,0,0,medio_alto
1,0.0,0,0.0,103,2,1,0,0,0,0,0,1,0,0,0,1,medio_baixo
1,0.0,0,0.0,4,3,1,1,1,1,1,0,1,1,0,0,0,baixo
17,75000.0,870,0.9298850574712644,5,5,1,0,0,0,0,1,1,0,0,1,1,medio_alto
6,350000.0,4365,0.9518900343642611,1,5,1,0,0,1,1,1,0,1,0,1,1,alto
10,10000.0,279,0.6523297491039427,5,4,1,0,0,0,0,0,0,1,0,1,1,medio_alto
1,10000.0,0,0.0,4,1,1,0,0,0,0,0,0,1,0,0,0,medio_alto
11,35000.0,164,0.9085365853658537,1,3,1,0,0,0,1,1,1,0,0,0,0,medio_alto
7,10000.0,4,1.0,1,4,1,0,0,0,1,1,1,0,0,0,0,alto
4,10000.0,0,0.0,1,2,1,0,0,0,0,0,1,1,0,0,0,baixo
3,10000.0,1,1.0,1,3,1,1,1,0,1,0,0,1,0,1,0,alto
2,10000.0,183,0.8360655737704918,12,3,1,0,1,0,1,0,0,1,0,1,0,medio_baixo
5,75000.0,556,0.7086330935251799,29,4,1,0,0,3,1,0,1,1,1,0,0,baixo
9,35000.0,57,0.8771929824561403,2,3,1,0,0,0,1,0,0,1,0,1,0,baixo
1,10000.0,0,0.0,1,8,1,0,0,0,1,1,1,1,1,1,1,medio_baixo
1,10000.0,0,0.0,1,4,1,0,0,0,1,1,1,0,1,0,0,baixo
1,0.0,0,0.0,1,4,1,0,0,0,1,1,1,0,0,0,1,baixo
2,0.0,0,0.0,0,0,1,0,0,0,0,0,0,0,0,0,0,gratuito
1,10000.0,238,0.9789915966386554,7,2,1,1,0,1,0,0,1,0,0,0,0,alto
4,0.0,0,0.0,1,4,1,0,0,1,1,1,0,1,0,0,0,gratuito
1,0.0,0,0.0,1,3,1,0,0,0,1,0,1,0,1,0,0,medio_alto
1,0.0,0,0.0,0,0,1,0,0,0,0,0,0,0,0,0,0,gratuito
2,10000.0,2,1.0,1,3,1,0,0,0,0,1,0,1,0,0,0,medio_baixo
1,0.0,0,0.0,2,3,1,0,0,0,1,0,0,1,0,0,0,gratuito
1,0.0,0,0.0,1,3,1,0,0,1,0,0,0,1,0,1,0,gratuito
1,10000.0,0,0.0,9,4,1,0,1,0,1,1,1,0,0,0,0,alto
4,10000.0,26,1.0,1,2,1,0,0,0,1,0,0,1,0,0,0,baixo
5,10000.0,40,0.925,2,2,1,0,0,1,1,0,0,0,1,0,0,baixo
4,35000.0,22,0.8181818181818182,1,3,1,0,0,0,0,1,0,0,1,0,1,alto
8,10000.0,6,1.0,1,3,1,0,0,0,1,0,0,1,0,0,1,baixo
3,10000.0,11,0.9090909090909091,2,3,1,0,0,0,0,0,1,1,0,1,0,medio_baixo
1,10000.0,0,0.0,5,1,1,0,0,0,0,0,0,0,0,0,1,alto
1,10000.0,0,0.0,1,2,1,0,0,0,0,1,0,0,0,0,1,medio_baixo
1,10000.0,5,0.8,1,4,1,0,0,0,1,0,0,1,0,1,1,baixo
2,10000.0,0,0.0,15,3,1,0,0,0,0,0,1,1,0,0,1,alto
1,10000.0,0,0.0,1,1,1,0,0,0,0,0,0,0,1,0,0,medio_baixo
1,0.0,0,0.0,3,1,1,0,0,0,1,0,0,0,0,0,0,medio_baixo
5,35000.0,15,0.9333333333333333,2,2,1,0,0,0,0,0,0,1,0,0,0,baixo
8,150000.0,496,0.8729838709677419,1,4,1,1,1,0,1,1,1,0,1,0,0,alto
3,0.0,0,0.0,1,2,1,0,0,0,1,1,0,0,0,0,0,gratuito
4,0.0,0,0.0,0,0,1,0,0,0,0,0,0,0,0,0,0,gratuito
5,10000.0,11,0.09090909090909091,1,2,1,0,0,0,1,0,0,1,0,0,0,alto
2,0.0,0,0.0,12,2,1,1,0,0,0,1,0,0,0,1,0,gratuito
1,0.0,0,0.0,0,0,1,0,0,0,0,0,0,0,0,0,0,gratuito
2,0.0,0,0.0,6,4,1,0,0,0,1,1,1,0,0,0,0,gratuito
5,750000.0,1865,0.6916890080428955,4,2,1,0,0,0,0,0,0,0,1,0,0,gratuito
5,10000.0,139,0.8201438848920863,8,3,1,0,0,1,1,1,1,0,0,0,0,baixo
8,10000.0,82,0.926829268292683,2,2,1,0,0,0,1,1,0,0,0,0,0,medio_baixo
4,10000.0,4,1.0,5,5,1,0,0,0,0,1,1,1,0,0,1,medio_alto
1,10000.0,0,0.0,1,3,1,0,0,0,0,0,1,0,1,0,0,alto
6,10000.0,60,0.75,5,3,1,0,0,0,1,0,1,0,0,0,1,medio_baixo
9,150000.0,855,0.87953216374269,6,2,1,0,1,1,1,0,0,1,0,0,0,baixo
1,10000.0,25,0.64,9,4,1,0,0,0,1,1,0,1,0,1,0,alto
8,10000.0,6,0.3333333333333333,1,4,1,0,1,0,1,0,0,1,0,1,0,alto
11,75000.0,177,0.5084745762711864,1,3,1,1,0,0,1,0,0,1,0,1,0,alto
1,10000.0,56,0.75,9,3,1,1,1,1,0,0,0,0,0,0,0,alto
4,10000.0,0,0.0,1,1,1,0,0,0,0,0,0,1,0,0,0,baixo
10,10000.0,49,0.7142857142857143,1,4,1,0,0,0,1,0,0,1,0,0,1,gratuito
1,0.0,0,0.0,0,0,1,0,0,0,0,0,0,0,0,0,0,gratuito
2,0.0,0,0.0,1,1,1,0,0,0,0,0,0,0,0,0,0,gratuito
6,10000.0,6,1.0,1,7,1,0,0,0,1,1,0,1,1,1,1,medio_alto
11,10000.0,159,0.8616352201257862,1,3,1,1,1,0,1,0,0,0,1,1,0,alto
3,10000.0,47,0.8936170212765957,1,5,1,0,0,0,1,1,1,1,0,0,0,gratuito
6,10000.0,3,0.0,1,2,1,0,0,0,1,0,0,1,0,0,0,baixo
2,0.0,0,0.0,1,1,1,0,0,0,1,0,0,0,0,0,0,gratuito
7,1500000.0,18499,0.8644251040596789,17,3,1,0,0,0,1,1,1,0,0,0,0,medio_alto
6,10000.0,34,0.9705882352941176,1,2,1,1,0,0,1,0,0,1,0,0,0,baixo
5,0.0,0,0.0,0,0,1,0,0,0,0,0,0,0,0,0,0,gratuito
5,10000.0,22,0.7272727272727273,1,4,1,0,0,0,1,1,1,1,0,0,0,alto
2,10000.0,5,0.8,4,3,1,0,0,0,1,1,1,0,0,0,0,alto
4,10000.0,38,0.8421052631578947,1,2,1,0,0,0,0,0,1,0,1,0,0,alto
3,10000.0,10,0.7,6,3,1,0,0,0,1,1,0,1,0,0,0,medio_baixo
5,35000.0,49,0.8979591836734694,4,2,1,0,0,0,0,0,0,1,1,0,0,medio_baixo
4,10000.0,6,0.0,1,2,1,0,1,0,1,0,0,0,0,0,0,medio_baixo
1,10000.0,93,0.8817204301075269,13,5,1,1,1,0,1,1,1,0,1,0,0,alto
1,0.0,0,0.0,0,0,1,0,0,0,0,0,0,0,0,0,0,gratuito
2,10000.0,0,0.0,1,3,1,0,0,0,1,1,1,0,0,0,0,baixo
3,75000.0,2439,0.8626486264862648,6,1,1,0,0,0,0,1,0,0,0,0,0,alto
6,10000.0,4,0.5,2,4,1,0,0,0,1,0,1,0,1,1,0,alto
1,0.0,0,0.0,0,0,1,0,0,0,0,0,0,0,0,0,0,gratuito
2,10000.0,8,1.0,1,1,1,0,0,0,0,1,0,0,0,0,0,medio_alto
6,10000.0,18,0.4444444444444444,1,5,1,0,0,0,1,1,1,0,0,1,0,gratuito
3,10000.0,0,0.0,1,2,1,1,1,2,1,0,1,0,0,0,0,gratuito
2,10000.0,4,0.25,11,3,1,0,1,0,0,1,1,0,1,0,0,medio_baixo
2,10000.0,0,0.0,5,2,1,0,0,0,1,0,0,1,0,0,0,medio_alto
1,10000.0,0,0.0,3,2,1,1,0,0,0,0,1,0,1,0,0,medio_alto
6,150000.0,7,0.7142857142857143,1,4,1,0,0,9,1,1,0,1,0,0,0,gratuito
5,10000.0,2,0.0,1,3,1,0,0,0,0,1,0,1,0,0,1,baixo
12,10000.0,29,0.8275862068965517,1,1,1,0,0,0,0,1,0,0,0,0,0,medio_baixo
3,75000.0,1,1.0,1,3,1,0,0,0,1,0,1,0,1,0,0,medio_alto
9,10000.0,5,1.0,2,1,1,0,0,0,0,0,0,0,0,1,0,alto
2,10000.0,0,0.0,2,3,1,0,0,0,1,0,0,0,0,0,1,baixo
1,0.0,0,0.0,0,0,1,0,0,0,0,0,0,0,0,0,0,gratuito
1,10000.0,0,0.0,4,2,1,0,0,1,0,0,0,0,1,1,0,alto
1,10000.0,108,0.9166666666666666,5,2,1,0,0,1,1,1,0,0,0,0,0,alto
3,10000.0,0,0.0,2,3,1,0,0,0,0,0,0,0,0,1,1,gratuito
8,10000.0,179,0.9553072625698324,2,2,1,1,1,2,1,0,1,0,0,0,0,medio_baixo
3,0.0,0,0.0,1,2,1,0,0,0,1,0,0,1,0,0,0,gratuito
2,10000.0,0,0.0,1,1,1,0,0,1,1,0,0,0,0,0,0,medio_baixo
7,10000.0,5,0.6,3,1,1,0,0,0,0,0,0,0,0,0,1,medio_baixo
3,150000.0,1846,0.8017334777898159,14,5,1,0,0,3,1,1,1,1,1,0,0,alto
12,350000.0,3523,0.7661084303150724,6,3,1,0,1,0,1,1,1,0,0,0,0,medio_baixo
2,10000.0,14,0.9285714285714286,1,4,1,0,0,0,0,0,0,1,0,1,1,baixo
9,10000.0,8,0.875,3,2,1,0,0,0,1,0,1,0,0,0,0,baixo
9,10000.0,2,1.0,1,1,1,0,0,0,1,0,0,0,0,0,0,baixo
1,10000.0,7,1.0,12,4,1,0,0,0,1,1,1,1,0,0,0,medio_baixo
2,10000.0,6,0.8333333333333334,1,2,1,0,0,0,0,0,0,1,0,0,1,medio_alto
5,10000.0,1,1.0,2,4,1,0,0,0,1,0,1,0,1,0,0,medio_alto
2,10000.0,0,0.0,1,3,1,0,0,0,1,1,0,1,0,0,0,alto
1,0.0,0,0.0,0,0,1,0,0,0,0,0,0,0,0,0,0,gratuito
11,350000.0,4211,0.8501543576347661,9,3,1,1,1,3,1,0,1,1,0,0,0,medio_alto
2,75000.0,95,0.7263157894736842,2,3,1,0,0,0,1,1,1,0,0,0,0,baixo
6,10000.0,151,0.7615894039735099,1,1,1,0,0,0,1,0,0,0,0,0,0,gratuito
4,0.0,0,0.0,0,0,1,0,0,0,0,0,0,0,0,0,0,gratuito
11,35000.0,111,0.8828828828828829,7,3,1,1,1,0,1,1,0,1,0,0,0,medio_baixo
9,10000.0,152,0.9013157894736842,2,3,1,0,0,0,1,0,1,0,1,0,0,baixo
10,35000.0,92,0.358695652173913,1,2,1,0,0,0,1,1,0,0,0,0,0,baixo
5,10000.0,2,1.0,3,3,1,0,0,0,0,1,1,0,1,0,0,medio_baixo
7,10000.0,18,0.6666666666666666,2,4,1,0,0,0,1,0,0,1,1,0,1,baixo
6,10000.0,1,1.0,1,3,1,0,0,0,1,0,0,0,0,1,1,medio_alto
3,0.0,0,0.0,0,0,1,0,0,0,0,0,0,0,0,0,0,gratuito
15,35000.0,96,0.6770833333333334,1,3,1,1,0,0,1,1,0,0,0,1,0,medio_baixo
15,10000.0,33,0.5151515151515151,1,1,1,1,0,0,0,0,0,1,0,0,0,medio_alto
3,75000.0,20,0.85,2,5,1,0,0,0,1,0,1,0,1,1,0,gratuito
5,10000.0,60,0.7833333333333333,29,2,1,0,0,0,0,1,1,0,0,0,0,baixo
6,10000.0,27,0.5925925925925926,1,5,1,0,0,0,1,1,0,1,0,0,0,gratuito
1,0.0,0,0.0,0,0,1,0,0,0,0,0,0,0,0,0,0,gratuito
16,350000.0,1290,0.9372093023255814,5,2,1,1,1,1,1,1,0,0,0,0,0,baixo
2,0.0,0,0.0,0,0,1,0,0,0,0,0,0,0,0,0,0,gratuito
5,10000.0,86,0.813953488372093,1,3,1,0,0,0,1,0,0,1,0,0,1,gratuito
1,10000.0,35,1.0,1,3,1,0,0,0,1,0,1,1,0,0,0,medio_baixo
2,0.0,0,0.0,1,3,1,0,0,0,1,0,1,0,0,0,0,gratuito
4,7500000.0,112672,0.8215350752627094,14,1,1,0,0,252,0,1,0,0,0,0,0,alto
3,10000.0,104,0.8365384615384616,2,1,1,0,0,3,1,0,0,0,0,0,0,baixo
3,10000.0,2,1.0,1,2,1,0,0,0,1,0,0,1,0,0,0,baixo
4,0.0,0,0.0,0,0,1,0,0,0,0,0,0,0,0,0,0,gratuito
6,35000.0,114,0.8333333333333334,2,4,1,0,0,0,1,1,1,0,0,0,0,gratuito
7,10000.0,28,1.0,1,3,1,1,1,0,1,1,0,1,0,0,0,medio_baixo
2,0.0,0,0.0,0,0,1,0,0,0,0,0,0,0,0,0,0,gratuito
3,0.0,0,0.0,0,0,1,0,0,0,0,0,0,0,0,0,0,gratuito
1,10000.0,0,0.0,1,1,1,0,0,0,0,0,0,1,0,0,0,alto
2,0.0,0,0.0,4,3,1,0,0,0,1,0,0,0,0,0,1,gratuito
2,10000.0,1,1.0,2,3,1,0,0,0,1,1,1,0,0,0,0,medio_baixo
8,10000.0,33,0.42424242424242425,1,3,1,0,0,0,1,1,0,1,0,0,0,medio_baixo
4,10000.0,2,0.5,103,4,1,0,0,0,1,1,1,0,1,0,0,baixo
11,75000.0,53,0.4528301886792453,1,4,1,0,0,0,1,0,1,1,1,0,0,baixo
2,10000.0,1,0.0,2,2,1,0,0,0,1,0,1,0,0,0,0,medio_baixo
5,10000.0,5,0.4,1,8,1,0,0,0,1,1,1,1,0,0,0,medio_alto
2,10000.0,0,0.0,7,4,1,0,0,0,1,1,1,0,0,0,0,gratuito
11,350000.0,483,0.40993788819875776,6,6,1,0,0,0,1,1,0,1,1,1,0,gratuito
1,10000.0,0,0.0,1,4,1,0,0,0,1,1,0,0,0,1,0,medio_alto
9,10000.0,13,0.15384615384615385,10,1,1,0,0,0,0,0,0,0,0,0,0,alto
1,0.0,0,0.0,7,2,1,1,1,0,1,0,1,0,0,0,0,medio_baixo
3,10000.0,1,1.0,2,3,1,0,0,0,1,0,1,1,0,0,0,medio_baixo
3,10000.0,0,0.0,1,2,1,0,0,0,1,1,0,0,0,0,0,baixo
12,10000.0,151,0.9072847682119205,1,2,1,1,1,0,0,0,1,0,0,0,1,medio_alto
1,10000.0,0,0.0,16,4,1,1,1,0,0,0,1,1,1,0,1,medio_alto
3,10000.0,2,0.5,1,3,1,0,0,0,1,0,0,1,0,1,0,medio_baixo
1,0.0,0,0.0,0,0,1,0,0,0,0,0,0,0,0,0,0,gratuito
1,10000.0,0,0.0,1,1,1,1,1,1,1,0,0,0,0,0,0,alto
9,10000.0,16,1.0,1,3,1,1,0,0,1,0,0,0,0,1,0,alto
4,0.0,0,0.0,0,0,1,0,0,0,0,0,0,0,0,0,0,gratuito
6,10000.0,3,0.3333333333333333,2,1,1,0,0,0,1,0,0,0,0,0,0,medio_baixo
2,10000.0,62,0.8225806451612904,7,5,1,0,0,0,1,0,1,1,0,1,1,alto
1,0.0,0,0.0,0,0,1,0,0,0,0,0,0,0,0,0,0,gratuito
3,0.0,0,0.0,2,3,1,0,1,0,1,0,0,1,0,0,0,gratuito
8,10000.0,29,0.9310344827586207,7,3,1,1,1,5,1,1,1,0,0,0,0,alto
5,10000.0,68,0.9558823529411765,1,3,1,0,1,0,0,0,0,1,1,0,0,gratuito
6,10000.0,52,0.8461538461538461,3,5,1,0,0,2,1,0,1,1,0,1,1,medio_baixo
2,10000.0,9,1.0,2,4,1,1,0,0,1,0,1,1,0,0,1,medio_alto
5,0.0,0,0.0,1,2,1,0,0,0,1,0,0,0,0,0,0,gratuito
1,10000.0,0,0.0,1,3,1,0,0,0,1,1,0,0,0,0,0,medio_alto
3,10000.0,5,0.6,1,1,1,0,0,0,0,0,0,1,0,0,0,alto
6,10000.0,42,0.5238095238095238,1,1,1,0,0,0,1,0,0,0,0,0,0,medio_baixo
5,10000.0,56,0.9642857142857143,6,2,1,0,0,2,1,1,0,0,0,0,0,alto
1,0.0,0,0.0,0,0,1,0,0,0,0,0,0,0,0,0,0,gratuito
4,35000.0,4,1.0,1,2,1,1,1,0,1,1,0,0,0,0,0,baixo
3,10000.0,1,1.0,1,4,1,0,0,5,1,0,1,1,0,1,0,baixo
2,10000.0,2,1.0,1,3,1,0,0,0,1,0,0,1,0,1,0,medio_alto
6,10000.0,43,0.813953488372093,29,3,1,0,0,0,1,1,0,1,0,0,0,gratuito
2,10000.0,236,0.711864406779661,13,3,1,0,0,0,1,1,1,0,0,0,0,alto
2,10000.0,4,1.0,5,3,1,0,0,0,1,1,0,0,0,0,0,medio_baixo
4,10000.0,40,0.85,4,4,1,0,0,0,1,0,0,1,0,0,0,medio_baixo
5,10000.0,23,0.8695652173913043,1,1,1,0,0,1,0,0,0,1,0,0,0,baixo
2,10000.0,73,0.958904109589041,1,3,1,0,0,0,1,0,0,1,0,0,1,baixo
1,0.0,0,0.0,0,0,1,0,0,0,0,0,0,0,0,0,0,gratuito
3,10000.0,26,1.0,1,2,1,0,0,0,1,1,0,0,0,0,0,baixo
12,350000.0,827,0.5380894800483675,18,2,1,1,0,0,0,1,1,0,0,0,0,medio_alto
2,0.0,0,0.0,30,4,1,0,0,0,0,0,1,0,1,0,1,gratuito
2,10000.0,4,1.0,1,3,1,0,0,0,1,1,0,0,0,0,0,alto
2,10000.0,24,0.875,6,1,1,0,0,0,0,0,1,0,0,0,0,medio_baixo
6,10000.0,51,0.7647058823529411,1,1,1,0,0,0,1,0,0,0,0,0,0,medio_alto
10,75000.0,243,0.345679012345679,1,2,1,0,1,0,1,1,0,0,0,0,0,medio_baixo
8,10000.0,29,0.9310344827586207,1,2,1,0,0,0,1,0,0,1,0,0,0,baixo
3,150000.0,7,0.5714285714285714,11,4,1,0,0,0,0,1,1,1,0,1,0,medio_baixo
2,10000.0,7,1.0,1,3,1,0,0,0,0,0,0,1,0,0,1,medio_baixo
4,35000.0,37,0.5405405405405406,1,2,1,0,0,0,0,1,0,0,0,0,0,baixo
1,0.0,0,0.0,1,4,1,0,0,0,0,0,0,0,0,0,1,gratuito
1,0.0,0,0.0,0,0,1,0,0,0,0,0,0,0,0,0,0,gratuito
3,150000.0,839,0.7508939213349225,10,4,1,0,0,0,1,1,0,1,0,0,0,alto
5,10000.0,7,1.0,2,1,1,0,0,0,1,0,0,0,0,0,0,medio_baixo
10,35000.0,287,0.6794425087108014,5,5,1,0,0,0,1,1,0,1,0,0,0,baixo
2,10000.0,49,1.0,2,3,1,0,0,0,1,1,0,1,0,0,0,alto
3,35000.0,42,0.9047619047619048,1,3,1,0,0,0,1,0,1,0,0,0,1,medio_alto
6,10000.0,0,0.0,29,1,1,0,0,3,0,0,0,0,0,0,1,medio_alto
3,10000.0,5,1.0,9,3,1,0,0,0,1,1,1,0,0,0,0,gratuito
1,10000.0,0,0.0,1,3,1,0,0,0,1,0,1,1,0,0,0,medio_alto
9,35000.0,178,0.6573033707865169,1,3,1,0,0,0,1,1,0,1,0,0,0,baixo
10,75000.0,100,0.78,7,3,1,0,0,0,1,1,0,1,0,0,0,baixo
1,10000.0,0,0.0,1,7,1,0,0,0,1,1,1,1,1,0,1,baixo
3,10000.0,17,0.4117647058823529,26,5,1,0,0,0,1,1,0,0,1,0,1,baixo
1,10000.0,18,0.9444444444444444,2,3,1,0,0,0,1,0,1,0,0,0,1,medio_baixo
5,10000.0,6,1.0,1,4,1,0,0,0,0,1,0,1,0,0,1,medio_alto
1,0.0,0,0.0,0,0,1,0,0,0,0,0,0,0,0,0,0,gratuito
3,10000.0,12,0.5,2,3,1,0,0,0,1,0,0,1,0,1,0,baixo
5,0.0,0,0.0,0,0,1,0,0,0,0,0,0,0,0,0,0,gratuito
9,10000.0,9,1.0,1,2,1,0,0,0,1,0,1,0,0,0,0,baixo
1,0.0,0,0.0,2,2,1,0,0,0,0,0,0,0,0,0,0,gratuito
5,10000.0,106,0.9622641509433962,1,3,1,0,0,0,1,1,1,0,0,0,0,alto
17,75000.0,372,0.8655913978494624,1,2,1,1,1,0,1,0,0,0,1,0,0,gratuito
4,10000.0,2,1.0,1,1,1,1,0,0,0,0,0,1,0,0,0,alto
3,10000.0,3,0.6666666666666666,2,3,1,1,0,0,1,0,0,0,0,1,0,alto
1,10000.0,3,1.0,1,2,1,0,0,0,1,0,0,1,0,0,0,medio_baixo
11,10000.0,35,0.5142857142857142,1,2,1,1,1,0,1,0,0,0,0,0,1,alto
7,10000.0,64,0.734375,1,4,1,0,0,0,1,1,1,0,0,0,1,baixo
4,10000.0,15,1.0,1,3,1,1,0,1,0,0,0,1,0,1,0,gratuito
3,35000.0,72,0.8888888888888888,2,3,1,1,1,1,1,0,1,1,0,0,0,medio_baixo
4,35000.0,0,0.0,3,2,1,0,0,0,1,0,0,0,1,0,0,alto
2,0.0,0,0.0,1,4,1,0,0,0,1,0,0,1,0,0,1,gratuito
3,10000.0,3,1.0,2,3,1,0,0,0,1,0,1,0,1,0,0,baixo
1,0.0,0,0.0,0,0,1,0,0,0,0,0,0,0,0,0,0,gratuito
4,10000.0,26,0.46153846153846156,1,2,1,1,1,0,1,0,0,1,0,0,0,medio_alto
1,10000.0,0,0.0,1,3,1,0,0,0,1,0,1,0,0,0,0,gratuito
6,10000.0,156,0.9551282051282052,5,2,1,1,0,0,1,0,0,0,0,1,0,medio_baixo
2,10000.0,1,0.0,2,2,1,0,0,0,0,0,0,0,1,1,0,alto
1,10000.0,0,0.0,1,2,1,0,0,0,1,1,0,0,0,0,0,alto
6,10000.0,66,0.6666666666666666,8,3,1,0,0,1,1,1,1,0,0,0,0,medio_alto
9,10000.0,14,0.7857142857142857,5,3,1,0,0,1,1,0,0,1,0,1,0,baixo
1,10000.0,0,0.0,1,2,1,1,1,0,1,0,0,1,0,0,0,baixo
1,35000.0,37,0.9459459459459459,1,2,1,0,0,0,0,0,0,0,0,0,1,alto
2,10000.0,15,1.0,3,4,1,0,0,0,1,1,0,1,0,0,0,alto
4,35000.0,1,0.0,1,3,1,0,0,0,1,0,1,1,0,0,0,baixo
1,10000.0,0,0.0,6,2,1,0,0,0,0,0,0,1,0,0,1,medio_alto
6,10000.0,90,1.0,1,3,1,0,0,0,1,0,1,0,1,0,0,baixo
3,0.0,0,0.0,0,0,1,0,0,0,0,0,0,0,0,0,0,gratuito
3,35000.0,453,0.6269315673289183,2,2,1,0,0,0,1,1,0,0,0,0,0,medio_alto
1,0.0,0,0.0,1,2,1,0,0,0,1,1,0,0,0,0,0,medio_baixo
4,10000.0,1,1.0,1,3,1,0,0,0,1,1,0,0,0,0,0,baixo
2,10000.0,0,0.0,5,1,1,1,1,0,0,0,0,1,0,0,0,alto
1,0.0,0,0.0,1,2,1,0,0,0,1,0,0,1,0,0,0,medio_alto
3,10000.0,1,1.0,2,3,1,0,0,0,1,0,1,0,0,1,0,medio_baixo
4,0.0,0,0.0,4,6,1,1,0,10,1,0,0,0,0,0,0,gratuito
8,10000.0,50,0.7,1,3,1,0,1,0,1,0,0,0,0,1,0,gratuito
1,0.0,0,0.0,6,3,1,0,1,0,1,0,0,0,0,0,0,medio_baixo
1,10000.0,0,0.0,9,7,1,0,0,0,1,1,1,0,1,1,1,alto
2,10000.0,24,1.0,6,3,1,0,0,1,1,1,1,0,0,0,0,medio_alto
4,10000.0,13,1.0,1,3,1,0,0,0,1,0,0,0,0,1,0,alto
5,10000.0,0,0.0,12,3,1,0,0,0,1,1,1,0,0,0,0,gratuito
3,10000.0,1,0.0,1,3,1,0,1,0,1,1,1,0,0,0,0,baixo
1,0.0,0,0.0,13,4,1,1,0,1,1,0,0,1,1,0,1,baixo
2,10000.0,7,1.0,2,1,1,0,0,0,0,1,0,0,0,0,0,baixo
7,10000.0,3,1.0,9,2,1,1,1,0,1,1,0,0,0,0,0,medio_baixo
15,350000.0,809,0.7564894932014833,1,0,1,1,0,0,0,0,0,0,0,0,0,baixo
2,10000.0,0,0.0,3,4,1,0,0,0,1,1,1,1,0,0,0,baixo
11,150000.0,3120,0.9378205128205128,14,2,1,1,1,0,0,0,0,1,0,1,0,baixo
1,10000.0,0,0.0,1,1,1,0,0,0,0,0,0,1,0,0,0,alto
1,10000.0,0,0.0,1,5,1,0,0,0,1,1,1,1,0,0,0,medio_alto
6,75000.0,7,0.42857142857142855,1,4,1,1,1,0,1,0,0,0,0,1,1,alto
3,10000.0,0,0.0,1,3,1,0,0,0,0,0,1,1,1,0,0,medio_baixo
1,10000.0,1,0.0,1,2,1,0,0,0,0,0,0,0,0,0,1,alto
12,35000.0,91,0.25274725274725274,1,3,1,1,1,0,1,1,1,0,0,0,0,medio_alto
1,0.0,0,0.0,2,3,1,0,0,0,1,0,1,0,0,0,0,gratuito
8,10000.0,7,0.7142857142857143,1,1,1,0,0,0,1,0,0,0,0,0,0,baixo
2,35000.0,81,0.9012345679012346,2,2,1,0,0,3,1,0,1,0,0,0,0,medio_baixo
16,10000.0,16,0.8125,1,1,1,0,0,0,0,0,0,1,0,0,0,gratuito
2,10000.0,0,0.0,1,2,1,0,0,0,1,0,0,0,0,1,0,medio_alto
10,10000.0,28,0.6785714285714286,1,4,1,0,0,0,1,1,0,1,0,0,0,medio_alto
3,10000.0,1,1.0,2,4,1,0,0,0,1,0,0,1,0,0,1,baixo
1,350000.0,4033,0.6568311430696752,6,3,1,0,0,0,0,1,0,0,1,0,0,alto
6,10000.0,138,0.9492753623188406,2,3,1,0,0,0,1,1,0,1,0,0,0,baixo
2,10000.0,1,1.0,8,4,1,0,0,0,1,1,0,1,0,0,0,medio_alto
5,10000.0,24,0.9583333333333334,6,2,1,1,0,0,0,0,0,0,0,1,1,alto
4,10000.0,0,0.0,1,4,1,0,0,0,1,1,0,0,0,0,0,gratuito
1,35000.0,1894,0.9482576557550159,3,2,1,0,0,0,0,0,1,1,0,0,0,alto
11,10000.0,44,0.29545454545454547,1,4,1,0,0,0,1,1,1,0,1,0,0,alto
20,150000.0,374,0.7834224598930482,1,1,1,0,0,0,0,0,0,0,0,1,0,medio_baixo
1,0.0,0,0.0,0,0,1,0,0,0,0,0,0,0,0,0,0,gratuito
9,10000.0,7,0.7142857142857143,1,0,1,0,0,0,0,0,0,0,0,0,0,medio_alto
5,35000.0,55,0.6727272727272727,2,4,1,1,0,0,1,0,0,0,0,1,0,gratuito
3,35000.0,5,0.8,1,4,1,0,0,0,1,0,0,1,1,1,0,medio_baixo
8,75000.0,254,0.9330708661417323,1,2,1,0,0,2,1,0,0,0,0,0,1,gratuito
7,10000.0,4,0.25,1,5,1,0,0,0,1,1,0,1,0,1,1,baixo
3,0.0,0,0.0,103,2,1,0,0,0,1,0,0,1,0,0,0,baixo
5,10000.0,30,0.9333333333333333,3,2,1,1,1,1,1,0,0,0,0,1,0,medio_alto
3,10000.0,0,0.0,1,1,1,0,0,0,0,0,1,0,0,0,0,alto
8,10000.0,6,0.6666666666666666,1,2,1,0,0,0,0,0,1,1,0,0,0,medio_alto
8,10000.0,73,0.6164383561643836,9,2,1,0,0,0,1,1,0,0,0,0,0,medio_baixo
2,10000.0,10,1.0,8,5,1,1,1,0,0,0,0,1,1,1,1,medio_alto
9,10000.0,1,0.0,1,5,1,1,1,0,1,1,0,0,1,1,0,medio_baixo
8,10000.0,24,0.7916666666666666,1,6,1,1,0,0,1,0,1,0,0,0,1,baixo
4,10000.0,118,0.7966101694915254,1,4,1,1,0,1,0,0,1,1,1,0,1,medio_alto
6,10000.0,3,0.3333333333333333,5,3,1,0,0,0,1,0,1,1,0,0,0,medio_baixo
2,0.0,0,0.0,1,5,1,0,0,0,1,1,1,0,0,0,0,gratuito
1,10000.0,3,0.6666666666666666,1,3,1,0,0,0,1,1,1,0,0,0,0,medio_baixo
11,10000.0,44,0.3409090909090909,4,10,1,1,0,0,1,1,1,1,1,1,1,medio_baixo
6,35000.0,74,0.7297297297297297,1,3,1,0,0,0,1,1,0,0,0,0,0,gratuito
9,75000.0,564,0.7960992907801419,3,4,1,1,1,2,1,0,0,0,1,1,1,medio_baixo
6,10000.0,13,0.38461538461538464,8,2,1,0,0,0,1,1,0,0,0,0,0,baixo
8,10000.0,10,0.6,1,5,1,0,0,0,1,0,0,1,0,0,1,alto
1,10000.0,0,0.0,3,4,1,0,0,0,1,0,1,1,0,0,1,medio_baixo
8,10000.0,12,0.75,1,4,1,0,0,0,1,1,1,0,1,0,0,medio_baixo
3,35000.0,1620,0.5679012345679012,7,2,1,0,0,19,0,1,0,0,0,0,0,alto
3,10000.0,70,0.9714285714285714,2,1,1,0,0,0,0,0,0,1,0,0,0,gratuito
2,10000.0,3,1.0,1,4,1,0,0,0,1,1,0,1,0,0,0,medio_alto
4,0.0,0,0.0,95,5,1,0,0,1,1,1,1,1,0,0,1,medio_baixo
11,35000.0,668,0.5179640718562875,1,5,1,1,1,1,1,1,1,1,0,0,1,baixo
3,10000.0,1,0.0,5,3,1,0,0,0,1,1,0,0,0,0,0,alto
3,10000.0,12,0.9166666666666666,1,4,1,0,0,0,1,1,1,1,0,0,0,medio_alto
1,10000.0,4,1.0,2,2,1,0,0,0,0,0,0,1,0,1,0,medio_alto
7,10000.0,44,0.4318181818181818,1,4,1,0,0,0,0,1,1,0,0,0,1,alto
9,10000.0,25,0.52,1,2,1,0,0,0,1,0,0,1,0,0,0,gratuito
6,35000.0,55,0.9454545454545454,1,4,1,1,0,1,1,0,1,1,0,0,1,medio_alto
9,10000.0,49,0.6938775510204082,1,4,1,0,0,0,1,1,1,0,0,0,0,baixo
1,0.0,0,0.0,0,0,1,0,0,0,0,0,0,0,0,0,0,gratuito
5,10000.0,0,0.0,2,1,1,0,0,0,0,0,0,1,0,0,0,medio_alto
6,10000.0,1,1.0,1,4,1,0,0,0,1,1,1,1,0,0,0,medio_alto
6,150000.0,1681,0.8887566924449732,1,5,1,1,0,0,1,0,1,1,1,0,1,medio_alto
1,0.0,0,0.0,1,3,1,0,0,0,1,0,0,1,0,1,0,baixo
3,0.0,0,0.0,1,2,1,0,0,0,1,0,0,0,0,0,0,gratuito
8,10000.0,21,0.9523809523809523,5,3,1,1,1,0,1,0,0,0,0,1,1,alto
5,0.0,0,0.0,1,5,1,1,0,2,1,0,0,1,0,1,1,gratuito
4,10000.0,5,0.8,4,1,1,0,0,0,0,0,0,1,0,0,0,medio_alto
3,10000.0,18,0.6111111111111112,6,2,1,0,0,0,0,0,0,0,0,0,0,medio_baixo
3,0.0,0,0.0,0,0,1,0,0,0,0,0,0,0,0,0,0,gratuito
1,10000.0,15,0.9333333333333333,1,2,1,0,0,0,1,0,1,0,0,0,0,medio_alto
10,10000.0,99,0.47474747474747475,1,2,1,1,1,0,1,0,0,0,0,0,1,gratuito
4,10000.0,4,0.5,1,1,1,0,0,0,1,0,0,0,0,0,0,baixo
6,10000.0,9,1.0,1,3,1,0,0,0,1,1,0,1,0,0,0,medio_alto
4,75000.0,7,0.8571428571428571,2,4,1,0,0,0,1,1,1,0,1,0,0,medio_alto
5,1500000.0,17491,0.9483162769424275,7,3,1,1,1,3,1,0,0,0,1,1,0,alto
8,10000.0,41,0.8780487804878049,2,1,1,0,0,0,1,0,0,0,0,0,0,alto
4,10000.0,5,0.8,2,2,1,0,0,0,1,1,0,0,0,0,0,medio_baixo
15,1500000.0,25946,0.9402605411238727,7,2,1,0,0,0,0,1,1,0,0,0,0,medio_alto
2,10000.0,78,0.9871794871794872,2,2,1,1,1,0,1,0,0,1,0,0,0,baixo
1,0.0,0,0.0,8,4,1,0,0,0,1,1,1,1,0,0,0,medio_alto
3,10000.0,0,0.0,1,3,1,0,1,0,1,0,0,0,0,0,0,medio_alto
7,10000.0,2,1.0,1,2,1,1,0,0,1,0,0,1,0,0,0,baixo
1,0.0,0,0.0,0,0,1,0,0,0,0,0,0,0,0,0,0,gratuito
1,10000.0,0,0.0,1,3,1,0,0,1,0,1,0,0,0,0,1,alto
1,10000.0,0,0.0,1,3,1,0,0,0,0,0,1,1,1,0,0,alto
6,35000.0,30,0.6333333333333333,1,3,1,0,0,0,1,1,0,0,0,0,0,gratuito
8,10000.0,29,0.7586206896551724,1,1,1,0,0,0,0,0,0,0,1,0,0,medio_alto
5,10000.0,24,0.625,2,5,1,0,0,0,1,1,1,1,1,0,0,medio_baixo
8,10000.0,9,0.6666666666666666,1,3,1,0,1,0,1,1,0,1,0,0,0,baixo
6,10000.0,1,1.0,1,2,1,0,0,0,1,1,0,0,0,0,0,baixo
17,75000.0,201,0.5970149253731343,1,3,1,1,0,0,1,0,0,1,1,0,0,alto
1,0.0,0,0.0,3,2,1,0,0,0,0,0,0,1,0,0,1,medio_alto
5,10000.0,0,0.0,1,5,1,0,0,0,1,1,1,1,0,0,0,medio_alto
1,10000.0,0,0.0,1,3,1,0,0,0,1,0,1,0,1,0,0,alto
9,10000.0,29,0.7931034482758621,1,1,1,0,0,0,0,1,0,0,0,0,0,baixo
2,75000.0,1,0.0,1,1,1,0,0,0,0,0,1,0,0,0,0,medio_baixo
1,10000.0,61,0.5901639344262295,1,1,1,0,0,0,0,0,1,0,0,0,0,baixo
1,10000.0,0,0.0,1,2,1,0,0,0,0,0,0,0,0,1,0,gratuito
2,75000.0,12,0.6666666666666666,17,2,1,0,0,0,1,0,1,0,0,0,0,baixo
5,35000.0,1,1.0,1,3,1,0,0,0,1,0,1,1,0,0,0,medio_alto
2,10000.0,15,0.8,9,3,1,0,0,0,1,1,0,1,0,0,0,medio_alto
1,0.0,0,0.0,0,0,1,0,0,0,0,0,0,0,0,0,0,gratuito
4,10000.0,773,0.9586028460543338,1,5,1,0,0,0,1,1,1,1,0,0,1,baixo
7,35000.0,92,0.6739130434782609,6,4,1,0,0,0,1,0,0,1,0,0,0,gratuito
7,10000.0,2,0.5,1,2,1,0,0,0,1,1,0,0,0,0,0,medio_alto
8,10000.0,22,0.4090909090909091,4,4,1,0,0,0,1,1,1,0,0,1,0,baixo
5,750000.0,9131,0.8064834081699704,4,2,1,0,0,0,0,1,1,0,0,0,0,alto
2,35000.0,1,1.0,1,5,1,0,0,0,1,1,1,1,1,0,0,alto
1,10000.0,0,0.0,4,3,1,0,0,0,1,1,1,0,0,0,0,medio_alto
2,10000.0,221,0.7692307692307693,11,2,1,0,0,0,1,0,0,0,0,0,1,medio_baixo
13,150000.0,461,0.8481561822125814,1,2,1,1,1,0,1,0,1,0,0,0,0,medio_baixo
1,0.0,0,0.0,6,4,1,0,0,0,1,0,0,1,0,0,1,gratuito
5,10000.0,0,0.0,1,2,1,0,0,0,1,0,0,1,0,0,0,medio_baixo
4,0.0,0,0.0,9,3,1,0,0,0,0,1,0,0,0,0,0,gratuito
7,10000.0,3,1.0,1,3,1,0,0,0,1,1,1,0,0,0,0,medio_baixo
10,75000.0,63,0.6031746031746031,1,4,1,0,0,0,1,0,1,1,1,0,0,baixo
1,10000.0,0,0.0,4,4,1,0,0,0,1,0,1,0,1,1,0,medio_baixo
2,0.0,0,0.0,1,1,1,0,0,0,0,0,0,0,1,0,0,gratuito
5,10000.0,4,0.5,2,4,1,0,0,0,0,1,1,0,1,0,0,medio_baixo
1,10000.0,0,0.0,12,3,1,0,0,0,1,0,0,1,0,1,0,baixo
2,10000.0,0,0.0,1,3,1,0,0,0,0,1,1,1,0,0,0,baixo
1,0.0,0,0.0,1,2,1,0,0,0,1,0,0,1,0,0,0,baixo
2,10000.0,0,0.0,2,2,1,0,0,0,1,0,0,1,0,0,0,medio_baixo
5,10000.0,38,0.7631578947368421,8,5,1,0,0,0,1,1,1,1,0,0,1,medio_baixo
4,10000.0,1,1.0,1,4,1,0,0,0,1,0,0,1,0,0,1,medio_alto
7,35000.0,101,0.8514851485148515,4,4,1,1,0,1,0,1,0,1,0,0,0,gratuito
2,10000.0,26,0.8076923076923077,14,4,1,0,1,0,1,1,0,1,0,0,0,medio_baixo
1,10000.0,1,1.0,2,2,1,0,0,0,1,0,0,0,0,1,0,alto
6,10000.0,4,1.0,11,3,1,1,1,0,1,0,1,1,0,0,0,medio_alto
2,10000.0,4,0.5,1,2,1,0,0,0,0,1,1,0,0,0,0,medio_alto
1,0.0,0,0.0,1,2,1,0,0,0,1,0,1,0,0,0,0,medio_alto
1,0.0,0,0.0,1,3,1,0,0,0,1,0,0,0,0,0,1,gratuito
6,75000.0,243,0.9588477366255144,2,3,1,1,1,0,1,0,1,1,0,0,0,medio_alto
18,10000.0,153,0.9084967320261438,1,1,1,0,0,0,0,1,0,0,0,0,0,baixo
3,10000.0,3,0.6666666666666666,1,3,1,0,0,0,1,0,0,0,0,1,0,medio_alto
8,35000.0,153,0.7189542483660131,1,2,1,1,0,0,1,0,1,0,0,0,0,baixo
1,0.0,0,0.0,1,4,1,1,0,0,0,0,0,1,1,0,0,gratuito
1,10000.0,4,1.0,10,3,1,0,0,0,1,1,0,1,0,0,0,medio_baixo
4,0.0,0,0.0,0,0,1,0,0,0,0,0,0,0,0,0,0,gratuito
13,75000.0,259,0.7297297297297297,5,2,1,0,0,1,1,1,0,0,0,0,0,baixo
3,10000.0,3,1.0,1,3,1,0,0,0,1,1,0,1,0,0,0,baixo
3,35000.0,53,0.9245283018867925,1,3,1,0,0,0,1,0,0,1,0,0,1,gratuito
1,10000.0,0,0.0,1,1,1,0,0,0,0,0,0,1,0,0,0,medio_baixo
12,35000.0,114,0.7456140350877193,8,2,1,0,0,0,1,1,0,0,0,0,0,medio_baixo
3,10000.0,0,0.0,13,2,1,0,0,6,0,1,0,0,0,0,0,gratuito
2,35000.0,172,0.7965116279069767,10,2,1,0,0,0,1,0,0,0,0,0,1,medio_baixo
1,0.0,0,0.0,0,0,1,0,0,0,0,0,0,0,0,0,0,gratuito
8,10000.0,185,0.9081081081081082,1,4,1,0,0,0,1,0,0,1,0,0,0,medio_baixo
2,10000.0,8,0.875,1,5,1,1,1,1,1,1,1,1,1,0,0,medio_baixo
4,35000.0,49,0.9387755102040817,5,4,1,0,0,0,1,1,1,0,0,1,0,alto
1,10000.0,0,0.0,1,1,1,0,0,0,0,0,0,1,0,0,0,baixo
2,10000.0,27,0.9259259259259259,9,3,1,1,1,0,1,0,1,1,0,0,0,medio_alto
2,10000.0,1,1.0,1,4,1,0,0,0,1,0,1,1,0,1,0,baixo
2,10000.0,19,0.7894736842105263,8,2,1,0,0,0,1,0,1,0,0,0,0,medio_baixo
8,35000.0,439,0.7539863325740319,1,3,1,0,0,0,1,1,1,0,0,0,0,alto
6,10000.0,5,0.8,4,2,1,0,0,0,1,0,0,0,0,0,0,medio_alto
6,75000.0,1,0.0,1,4,1,0,0,0,1,1,1,0,1,0,0,alto
7,10000.0,52,0.9230769230769231,3,5,1,0,0,0,1,0,1,1,1,1,0,medio_alto
8,10000.0,8,0.25,1,2,1,0,0,0,1,0,0,1,0,0,0,baixo
1,10000.0,0,0.0,11,3,1,0,0,0,1,0,1,1,0,0,0,medio_baixo
5,10000.0,12,0.6666666666666666,1,2,1,0,0,0,1,0,0,1,0,0,0,baixo
5,0.0,0,0.0,0,0,1,0,0,0,0,0,0,0,0,0,0,gratuito
5,10000.0,69,0.6666666666666666,2,7,1,0,0,0,1,1,1,1,1,0,1,baixo
10,35000.0,146,0.5547945205479452,1,3,1,0,0,0,1,0,0,0,1,0,0,gratuito
2,10000.0,0,0.0,1,3,1,0,0,0,1,0,0,1,0,0,1,baixo
10,10000.0,9,0.6666666666666666,2,0,1,0,0,0,0,0,0,0,0,0,0,alto
3,75000.0,163,0.7423312883435583,1,2,1,0,0,0,1,0,0,1,0,0,0,medio_baixo
2,10000.0,0,0.0,2,4,1,0,0,0,1,0,1,1,0,0,0,baixo
4,0.0,0,0.0,0,0,1,0,0,0,0,0,0,0,0,0,0,gratuito
1,10000.0,0,0.0,1,3,1,0,0,0,1,0,0,0,1,0,1,medio_alto
2,10000.0,0,0.0,2,4,1,0,1,0,1,0,0,1,1,0,1,alto
2,0.0,0,0.0,0,0,1,0,0,0,0,0,0,0,0,0,0,gratuito
8,10000.0,4,0.5,1,4,1,0,0,0,1,1,1,1,0,0,0,baixo
6,10000.0,1,1.0,2,4,1,0,0,0,1,1,0,1,0,0,0,baixo
5,10000.0,0,0.0,1,4,1,0,0,0,1,1,1,1,0,0,0,baixo
2,10000.0,53,0.9245283018867925,1,2,1,0,0,1,0,0,1,0,1,0,0,medio_baixo
8,10000.0,1,1.0,1,3,1,0,0,1,1,1,0,1,0,0,0,medio_alto
6,10000.0,69,0.9710144927536232,9,5,1,1,1,0,1,1,1,1,1,0,0,baixo
8,10000.0,12,1.0,1,4,1,0,0,0,1,1,1,0,0,0,0,alto
4,10000.0,138,0.9347826086956522,2,4,1,0,0,0,1,0,1,1,1,0,0,baixo
8,10000.0,50,0.86,1,1,1,1,1,0,1,0,0,0,0,0,0,medio_alto
3,10000.0,2,1.0,2,2,1,0,0,0,1,0,0,0,0,1,0,baixo
4,10000.0,18,0.8333333333333334,2,4,1,0,0,0,1,0,1,1,0,0,0,alto
1,10000.0,5,1.0,21,5,1,0,0,0,1,1,1,0,1,1,0,medio_alto
3,0.0,0,0.0,1,3,1,0,0,0,1,0,0,0,0,1,0,gratuito
4,10000.0,0,0.0,11,2,1,0,0,0,0,0,0,0,1,0,0,gratuito
9,35000.0,521,0.708253358925144,11,2,1,0,0,0,0,0,0,0,0,0,0,medio_alto
7,10000.0,5,0.2,1,4,1,1,0,0,1,0,0,0,1,0,1,medio_alto
9,350000.0,3281,0.8835720816824139,1,4,1,0,0,0,1,1,1,0,0,0,0,alto
2,75000.0,1149,0.8468233246301131,12,4,1,0,0,7,1,0,0,1,0,1,1,alto
2,10000.0,5,1.0,1,1,1,0,0,0,1,0,0,0,0,0,0,baixo
6,10000.0,242,0.9256198347107438,3,5,1,0,0,0,1,1,1,1,0,0,0,medio_alto
1,10000.0,0,0.0,1,3,1,0,0,0,1,0,0,0,0,1,1,medio_baixo
7,35000.0,8,1.0,2,2,1,1,1,0,1,0,0,1,0,0,0,medio_alto
2,10000.0,3,1.0,1,1,1,0,0,0,1,0,0,0,0,0,0,baixo
1,10000.0,0,0.0,4,3,1,0,0,0,1,0,1,1,0,0,0,alto
5,10000.0,3,0.3333333333333333,1,2,1,0,0,0,0,1,0,1,0,0,0,baixo
1,10000.0,0,0.0,1,4,1,0,0,0,1,1,1,1,0,0,0,medio_baixo
2,10000.0,99,0.7676767676767676,25,3,1,1,1,0,1,1,0,0,0,1,0,alto
2,10000.0,3,1.0,1,3,1,0,0,0,1,1,0,1,0,0,0,baixo
1,10000.0,0,0.0,1,5,1,0,0,0,1,1,0,1,0,1,1,medio_alto
3,10000.0,200,0.945,8,4,1,0,0,0,1,0,0,1,0,1,1,medio_alto
2,10000.0,0,0.0,1,2,1,0,0,0,0,0,1,1,0,0,0,medio_alto
7,10000.0,2,1.0,2,3,1,1,0,0,0,0,0,0,0,0,0,alto
10,35000.0,372,0.521505376344086,1,1,1,0,0,0,1,0,0,0,0,0,0,baixo
2,10000.0,1,0.0,1,2,1,0,0,0,0,0,0,1,1,0,0,alto
8,10000.0,17,0.35294117647058826,1,4,1,0,0,0,1,1,1,1,0,0,0,baixo
2,10000.0,92,0.9891304347826086,2,3,1,0,0,0,1,0,0,1,0,1,0,medio_alto
1,10000.0,0,0.0,31,2,1,0,0,0,1,0,0,1,0,0,0,baixo
2,10000.0,8,1.0,5,3,1,0,0,0,1,0,0,0,0,1,0,medio_alto
3,10000.0,13,0.38461538461538464,1,3,1,0,0,0,1,0,1,1,0,0,0,alto
4,10000.0,14,0.8571428571428571,1,3,1,0,0,0,1,0,1,1,0,0,0,medio_alto
2,10000.0,660,0.9803030303030303,14,2,1,0,1,1,1,0,0,1,0,0,0,medio_baixo
4,10000.0,0,0.0,4,3,1,0,0,0,1,1,1,0,0,0,0,medio_baixo
4,0.0,0,0.0,0,0,1,0,0,0,0,0,0,0,0,0,0,gratuito
1,0.0,0,0.0,1,4,1,0,0,0,1,1,1,1,0,0,0,gratuito
4,10000.0,0,0.0,1,2,1,0,0,1,1,1,0,0,0,0,0,medio_baixo
2,0.0,0,0.0,2,4,1,0,0,0,0,0,0,1,0,1,0,gratuito
5,10000.0,0,0.0,1,1,1,1,0,0,1,0,0,0,0,0,0,medio_alto
3,0.0,0,0.0,0,0,1,0,0,0,0,0,0,0,0,0,0,gratuito
3,10000.0,0,0.0,3,3,1,0,0,0,0,0,0,1,0,1,0,medio_alto
8,10000.0,17,0.23529411764705882,1,2,1,0,0,0,1,1,0,0,0,0,0,baixo
4,10000.0,14,0.9285714285714286,1,3,1,0,0,0,1,0,0,0,0,1,0,gratuito
1,0.0,0,0.0,0,0,1,0,0,0,0,0,0,0,0,0,0,gratuito
4,350000.0,24,0.7916666666666666,1,6,1,0,0,0,1,1,1,1,0,0,1,baixo
6,10000.0,1,0.0,1,1,1,0,0,0,1,0,0,0,0,0,0,baixo
2,10000.0,39,0.5641025641025641,2,4,1,0,0,0,1,1,1,0,0,0,1,baixo
3,10000.0,10,0.4,1,2,1,1,1,0,1,0,0,0,1,0,0,medio_alto
2,10000.0,5,1.0,1,2,1,0,0,0,1,0,0,1,0,0,0,baixo
9,10000.0,24,0.5416666666666666,3,2,1,0,0,0,0,0,0,0,0,0,0,medio_baixo
5,10000.0,55,0.9272727272727272,1,1,1,1,1,1,0,1,0,0,0,0,0,medio_alto
11,150000.0,1957,0.805314256515074,7,3,1,0,0,15,1,0,1,1,0,0,0,alto
2,10000.0,15,1.0,1,2,1,0,0,0,0,0,0,1,0,0,0,medio_alto
10,10000.0,65,0.6307692307692307,1,2,1,0,0,0,0,0,0,0,0,0,0,alto
1,0.0,0,0.0,1,3,1,1,0,0,1,0,1,1,0,0,0,alto
4,10000.0,3,0.3333333333333333,8,1,1,1,0,0,0,0,0,1,0,0,0,medio_baixo
6,10000.0,11,0.8181818181818182,1,2,1,0,0,0,1,1,0,0,0,0,0,alto
2,10000.0,0,0.0,1,2,1,0,0,0,1,0,0,0,0,0,1,alto
1,0.0,0,0.0,6,1,1,0,0,0,0,0,0,1,0,0,0,medio_baixo
2,0.0,0,0.0,0,0,1,0,0,0,0,0,0,0,0,0,0,gratuito
8,10000.0,479,0.6075156576200418,1,6,1,0,0,0,1,0,0,1,1,1,1,alto
9,10000.0,25,0.64,1,3,1,0,0,0,1,0,1,1,0,0,0,medio_baixo
1,10000.0,0,0.0,9,2,1,0,1,1,1,1,0,0,0,0,0,alto
9,10000.0,21,1.0,2,0,1,1,0,0,0,0,0,0,0,0,0,medio_baixo
3,10000.0,8,0.75,1,6,1,0,0,0,1,0,1,1,1,1,1,medio_alto
10,150000.0,688,0.8270348837209303,8,1,1,1,0,0,0,0,1,0,0,0,0,medio_baixo
4,75000.0,12,0.4166666666666667,3,2,1,0,0,0,0,0,0,0,0,1,1,medio_alto
1,0.0,0,0.0,1,3,1,0,0,1,1,0,0,0,0,0,0,gratuito
5,10000.0,154,0.935064935064935,2,2,1,0,0,0,0,1,0,0,1,0,0,alto
8,35000.0,51,1.0,1,2,1,0,1,0,1,0,0,0,1,0,0,medio_alto
8,10000.0,20,0.95,1,4,1,1,0,0,1,1,1,1,0,0,0,medio_baixo
4,10000.0,50,0.94,1,2,1,0,0,0,1,1,0,0,0,0,0,medio_alto
7,75000.0,1283,0.6250974279033515,9,1,1,0,0,0,0,0,0,0,1,0,0,alto
6,10000.0,0,0.0,1,1,1,1,0,0,0,1,0,0,0,0,0,medio_baixo
9,10000.0,29,0.5862068965517241,1,2,1,0,0,0,1,0,0,0,0,0,1,medio_alto
3,0.0,0,0.0,0,0,1,0,0,0,0,0,0,0,0,0,0,gratuito
2,0.0,0,0.0,0,0,1,0,0,0,0,0,0,0,0,0,0,gratuito
2,10000.0,1,0.0,17,4,1,0,0,0,1,1,1,0,1,0,0,medio_baixo
5,10000.0,26,0.6538461538461539,2,2,1,0,0,0,0,0,0,0,0,1,1,medio_alto
1,0.0,0,0.0,1,5,1,0,0,0,1,0,1,1,1,0,1,medio_baixo
2,10000.0,190,0.9631578947368421,11,5,1,0,0,0,1,1,1,0,0,0,1,medio_alto
11,10000.0,30,0.5333333333333333,1,3,1,0,0,0,1,1,0,0,0,1,0,alto
6,10000.0,14,0.7142857142857143,1,6,1,1,1,0,1,1,1,0,1,1,1,baixo
6,10000.0,0,0.0,2,2,1,1,0,0,1,0,0,1,0,0,0,medio_alto
6,10000.0,11,0.0,1,4,1,0,0,0,1,1,1,0,1,0,0,baixo
6,35000.0,60,0.6,7,4,1,0,0,0,1,0,0,1,0,0,0,gratuito
3,10000.0,0,0.0,2,4,1,1,1,0,1,0,1,0,1,0,0,gratuito
4,350000.0,3211,0.8676424789785113,11,1,1,0,0,0,0,1,0,0,0,0,0,alto
4,10000.0,15,0.7333333333333333,1,4,1,1,0,0,1,0,1,1,0,1,0,gratuito
9,10000.0,25,0.76,2,6,1,0,0,0,1,0,1,1,1,1,1,medio_baixo
4,0.0,0,0.0,0,0,1,0,0,0,0,0,0,0,0,0,0,gratuito
3,10000.0,0,0.0,8,3,1,0,0,0,1,1,0,0,0,0,0,gratuito
6,10000.0,14,0.42857142857142855,1,2,1,0,0,0,0,1,1,0,0,0,0,baixo
2,0.0,0,0.0,0,0,1,0,0,0,0,0,0,0,0,0,0,gratuito
1,10000.0,0,0.0,2,2,1,0,0,0,1,0,0,0,0,1,0,medio_baixo
6,10000.0,12,0.3333333333333333,8,3,1,0,1,0,1,0,0,0,0,1,1,baixo
10,10000.0,224,0.9419642857142857,1,3,1,0,0,0,1,0,1,0,1,0,0,medio_baixo
14,350000.0,287,0.4808362369337979,1,2,1,0,0,0,1,0,0,0,0,1,0,medio_baixo
1,0.0,0,0.0,1,3,1,0,0,0,1,1,0,0,0,0,0,gratuito
3,0.0,0,0.0,102,8,1,1,1,0,1,1,1,1,1,1,0,alto
3,750000.0,32563,0.7313822436507693,16,2,1,0,0,1,0,1,1,0,0,0,0,medio_alto
7,150000.0,1307,0.9372609028309105,1,2,1,1,1,0,0,1,0,0,0,1,0,medio_alto
2,10000.0,4,0.5,1,2,1,1,1,0,1,0,0,0,0,0,1,medio_alto
2,0.0,0,0.0,0,0,1,0,0,0,0,0,0,0,0,0,0,gratuito
4,10000.0,33,0.8787878787878788,12,4,1,0,0,0,1,0,1,0,1,1,0,medio_baixo
1,10000.0,48,0.9166666666666666,2,1,1,0,0,0,0,1,0,0,0,0,0,alto
4,10000.0,5,1.0,8,3,1,1,1,0,1,0,0,1,0,0,0,gratuito
2,10000.0,1,1.0,1,3,1,0,0,0,1,0,0,1,0,0,1,medio_alto
4,10000.0,25,0.6,103,4,1,0,0,0,1,0,1,0,1,0,1,baixo
5,10000.0,5,1.0,2,2,1,0,1,0,1,0,1,0,0,0,0,baixo
4,10000.0,72,0.7361111111111112,8,4,1,0,0,21,0,0,1,0,1,1,1,alto
1,10000.0,26,0.9230769230769231,1,2,1,0,0,0,1,0,0,0,0,0,1,medio_baixo
1,10000.0,0,0.0,1,1,1,0,0,0,1,0,0,0,0,0,0,medio_alto
7,10000.0,26,0.9230769230769231,1,3,1,0,0,0,1,1,1,0,0,0,0,medio_alto
2,10000.0,16,1.0,1,3,1,0,0,0,1,0,1,0,1,0,0,medio_baixo
1,10000.0,0,0.0,2,2,1,0,0,0,1,0,1,0,0,0,0,medio_baixo
9,35000.0,38,0.8421052631578947,103,3,1,1,1,0,1,0,0,1,0,1,0,baixo
7,10000.0,0,0.0,1,2,1,0,0,0,1,0,0,1,0,0,0,medio_alto
1,0.0,0,0.0,1,4,1,0,0,0,1,1,1,1,0,0,0,medio_baixo
1,10000.0,17,1.0,2,1,1,0,0,0,0,0,0,0,0,1,0,medio_alto
12,150000.0,512,0.841796875,2,2,1,0,0,0,0,1,0,0,1,0,0,baixo
3,10000.0,0,0.0,1,5,1,0,0,0,1,1,1,0,1,0,0,gratuito
3,10000.0,26,0.9615384615384616,1,4,1,0,0,0,1,0,0,1,1,0,1,medio_baixo
11,75000.0,86,0.5,1,6,1,0,0,2,1,1,1,1,1,0,1,medio_alto
3,10000.0,26,1.0,1,3,1,1,0,0,1,1,1,0,0,0,0,baixo
1,10000.0,0,0.0,16,3,1,0,0,0,1,1,1,0,0,0,0,medio_alto
3,10000.0,6,1.0,6,4,1,1,0,0,1,0,1,1,0,0,0,medio_baixo
9,10000.0,22,0.7727272727272727,2,1,1,0,0,0,0,0,0,0,0,0,0,gratuito
10,75000.0,1274,0.5675039246467818,9,2,1,1,0,4,0,0,0,0,0,1,1,alto
2,10000.0,16,1.0,8,2,1,1,1,0,1,0,0,1,0,0,0,baixo
1,0.0,0,0.0,0,0,1,0,0,0,0,0,0,0,0,0,0,gratuito
3,10000.0,2,1.0,1,5,1,0,1,0,1,1,0,1,0,0,0,medio_alto
7,10000.0,49,0.8367346938775511,4,6,1,1,0,0,1,1,1,1,0,0,1,alto
2,0.0,0,0.0,0,0,1,0,0,0,0,0,0,0,0,0,0,gratuito
12,35000.0,127,0.5669291338582677,5,1,1,0,0,0,0,0,1,0,0,0,0,baixo
2,10000.0,28,0.9642857142857143,3,5,1,0,0,0,1,1,0,1,0,1,1,medio_alto
5,10000.0,28,0.9642857142857143,5,3,1,0,0,1,1,1,1,0,0,0,0,medio_alto
2,0.0,0,0.0,1,2,1,0,0,0,0,0,1,0,0,0,0,gratuito
5,10000.0,0,0.0,1,3,1,0,0,0,1,0,1,1,0,0,0,medio_alto
1,10000.0,4,0.5,1,5,1,0,0,0,1,1,1,1,1,0,0,baixo
17,75000.0,215,0.7953488372093023,5,1,1,0,0,0,0,1,0,0,0,0,0,alto
2,10000.0,12,1.0,1,4,1,0,0,0,1,0,1,1,0,0,1,medio_baixo
17,10000.0,318,0.36163522012578614,1,1,1,1,0,0,0,0,0,0,0,0,1,alto
10,35000.0,70,0.8428571428571429,1,2,1,0,0,1,1,1,0,0,0,0,0,alto
7,10000.0,24,0.8333333333333334,6,3,1,0,0,1,1,1,1,0,0,0,0,alto
1,10000.0,294,0.9387755102040817,1,3,1,0,0,0,1,0,0,1,0,1,0,medio_baixo
5,35000.0,14,0.7142857142857143,1,5,1,0,0,0,1,1,1,1,0,0,0,medio_alto
3,10000.0,1,1.0,1,1,1,0,0,0,0,0,0,0,0,0,0,alto
6,75000.0,119,0.9159663865546218,5,1,1,0,0,0,0,1,0,0,0,0,0,medio_alto
1,10000.0,0,0.0,2,2,1,0,0,0,0,0,0,1,0,1,0,medio_alto
1,10000.0,0,0.0,3,3,1,1,0,0,1,0,1,1,0,0,0,medio_alto
7,10000.0,13,0.8461538461538461,1,3,1,0,0,0,0,0,0,1,0,0,1,gratuito
4,10000.0,0,0.0,1,2,1,0,0,0,1,0,0,1,0,0,0,baixo
7,10000.0,12,0.5,2,3,1,0,0,0,0,0,0,0,0,1,1,medio_alto
6,10000.0,2,0.5,1,2,1,1,0,0,1,0,1,0,0,0,0,medio_alto
10,10000.0,6,0.8333333333333334,1,3,1,1,1,0,1,1,1,0,0,0,0,medio_alto
6,35000.0,47,0.9574468085106383,4,5,1,0,0,0,1,0,0,1,0,1,1,alto
14,150000.0,1210,0.7727272727272727,1,3,1,0,0,0,1,1,1,0,0,0,0,medio_alto
7,10000.0,2,1.0,1,3,1,0,0,0,1,0,0,0,0,1,0,alto
6,10000.0,17,0.8823529411764706,1,3,1,0,1,1,1,1,0,1,0,0,0,baixo
5,0.0,0,0.0,0,0,1,0,0,0,0,0,0,0,0,0,0,gratuito
6,10000.0,16,0.625,2,1,1,0,0,0,1,0,0,0,0,0,0,medio_alto
2,10000.0,4,0.5,1,2,1,0,0,0,1,1,0,0,0,0,0,medio_baixo
2,10000.0,0,0.0,5,3,1,1,0,0,1,0,1,1,0,0,0,baixo
4,10000.0,51,0.9803921568627451,1,3,1,0,0,1,1,1,0,0,0,0,0,alto
3,10000.0,27,0.6296296296296297,10,5,1,0,0,0,1,0,0,1,0,1,1,medio_alto
5,10000.0,31,0.9032258064516129,1,5,1,0,0,0,1,0,1,1,0,1,1,baixo
1,10000.0,0,0.0,5,1,1,0,0,0,1,0,0,0,0,0,0,medio_baixo
7,10000.0,4,0.75,1,2,1,0,1,3,1,0,1,0,0,0,0,medio_alto
5,10000.0,34,0.5882352941176471,2,2,1,0,0,0,0,0,0,0,0,1,1,gratuito
6,35000.0,8,0.75,1,3,1,0,0,0,1,0,0,1,0,0,0,alto
2,10000.0,0,0.0,10,2,1,0,0,0,0,0,0,0,1,0,1,baixo
1,10000.0,6,1.0,4,3,1,0,0,0,1,1,0,0,0,1,0,baixo
4,10000.0,2,1.0,1,3,1,0,0,0,1,0,0,1,0,0,0,baixo
2,10000.0,1,1.0,1,4,1,0,0,0,1,1,1,1,0,0,0,baixo
1,10000.0,0,0.0,2,2,1,0,0,0,1,0,1,0,0,0,0,baixo
2,0.0,0,0.0,0,0,1,0,0,0,0,0,0,0,0,0,0,gratuito
1,10000.0,11,1.0,6,7,1,0,0,0,1,1,0,1,0,0,1,medio_alto
4,10000.0,177,0.9265536723163842,7,3,1,0,0,0,1,0,1,1,0,0,0,baixo
2,10000.0,24,0.8333333333333334,5,2,1,0,0,0,0,0,0,1,0,0,1,medio_alto
2,10000.0,0,0.0,1,3,1,0,0,0,1,1,0,0,0,1,0,gratuito
6,10000.0,614,0.9674267100977199,4,1,1,0,0,0,0,0,0,1,0,0,0,medio_alto
2,10000.0,35,0.6857142857142857,1,3,1,0,0,0,0,1,0,0,0,0,1,alto
3,10000.0,1,0.0,1,2,1,0,0,0,1,0,0,1,0,0,0,alto
8,10000.0,47,0.723404255319149,7,2,1,1,1,0,0,1,0,0,0,0,0,medio_baixo
6,350000.0,17,0.5294117647058824,1,2,1,1,1,0,1,0,1,0,0,0,0,alto
1,0.0,0,0.0,0,0,1,0,0,0,0,0,0,0,0,0,0,gratuito
11,10000.0,74,0.7972972972972973,2,4,1,1,0,0,0,0,1,1,0,1,1,medio_baixo
4,10000.0,52,0.8269230769230769,1,3,1,0,0,2,1,0,0,1,0,0,1,alto
7,10000.0,4,0.75,1,3,1,0,0,0,1,1,0,0,0,0,0,medio_baixo
1,0.0,0,0.0,0,0,1,0,0,0,0,0,0,0,0,0,0,gratuito
1,0.0,0,0.0,1,2,1,0,0,0,0,0,0,0,0,0,0,gratuito
7,10000.0,22,0.045454545454545456,26,9,1,1,1,0,1,1,1,1,1,1,1,alto
1,0.0,0,0.0,1,5,1,0,0,0,1,0,0,1,0,1,0,gratuito
12,35000.0,46,0.2826086956521739,7,1,1,0,0,0,0,0,0,0,0,0,1,medio_baixo
2,10000.0,0,0.0,1,3,1,0,1,0,1,1,0,0,1,0,0,medio_baixo
7,10000.0,81,0.9506172839506173,1,4,1,1,0,1,1,0,1,0,1,1,0,medio_alto
3,10000.0,12,0.9166666666666666,2,1,1,0,0,0,0,1,0,0,0,0,0,medio_baixo
9,10000.0,15,0.8666666666666667,1,2,1,0,0,1,1,1,0,0,0,0,0,medio_alto
5,10000.0,5,1.0,1,2,1,0,0,1,1,0,0,1,0,0,0,baixo
2,0.0,0,0.0,0,0,1,0,0,0,0,0,0,0,0,0,0,gratuito
4,10000.0,0,0.0,1,1,1,0,0,0,0,0,0,0,0,1,0,gratuito
2,10000.0,0,0.0,1,5,1,0,0,0,1,0,0,1,0,0,0,gratuito
3,0.0,0,0.0,0,0,1,0,0,0,0,0,0,0,0,0,0,gratuito
5,35000.0,86,0.7325581395348837,1,4,1,0,0,0,0,0,0,0,1,1,0,gratuito
2,10000.0,72,0.8472222222222222,1,3,1,0,0,0,1,0,0,0,0,0,1,alto
5,0.0,0,0.0,0,0,1,0,0,0,0,0,0,0,0,0,0,gratuito
6,1500000.0,29054,0.8559234528808426,11,5,1,0,0,4,0,1,1,0,0,1,0,medio_alto
1,0.0,0,0.0,0,0,1,0,0,0,0,0,0,0,0,0,0,gratuito
6,10000.0,25,0.92,2,2,1,0,0,0,1,0,0,0,0,0,0,gratuito
3,10000.0,68,0.7794117647058824,14,1,1,0,0,1,1,0,0,0,0,0,0,baixo
1,0.0,0,0.0,1,4,1,0,0,0,1,0,0,1,0,1,0,gratuito
8,10000.0,2,1.0,1,5,1,0,0,0,1,1,1,1,0,1,0,medio_baixo
1,10000.0,0,0.0,9,3,1,0,0,0,1,0,0,1,0,0,1,medio_baixo
3,1500000.0,67054,0.6879679064634474,12,2,1,0,0,1,0,1,1,0,0,0,0,alto
1,10000.0,0,0.0,1,3,1,0,0,0,1,1,0,0,0,0,0,medio_baixo
1,350000.0,10,1.0,1,2,1,0,0,0,0,1,0,0,0,0,0,alto
1,10000.0,89,0.9325842696629213,13,4,1,1,1,0,1,0,0,1,0,1,1,medio_baixo
2,10000.0,19,0.6842105263157895,12,4,1,1,1,0,1,0,0,1,0,1,1,medio_alto
3,10000.0,5,1.0,2,4,1,0,0,0,1,1,1,0,0,0,0,medio_baixo
1,0.0,0,0.0,103,2,1,0,0,1,1,0,0,1,0,0,0,medio_baixo
9,10000.0,4,1.0,1,2,1,0,0,0,1,0,0,0,0,1,0,medio_alto
5,10000.0,7,1.0,1,5,1,0,0,0,1,1,1,1,0,0,0,medio_baixo
9,1500000.0,12747,0.8225464815250647,9,5,1,1,1,5,1,1,1,0,0,0,1,medio_baixo
3,10000.0,120,0.975,1,2,1,0,0,0,1,0,0,1,0,0,0,baixo
7,35000.0,423,0.75177304964539,5,1,1,0,1,0,0,0,0,0,0,1,0,baixo
2,10000.0,13,0.6153846153846154,22,7,1,0,0,0,1,1,1,1,1,1,0,baixo
1,10000.0,0,0.0,1,2,1,0,1,0,1,0,0,1,0,0,0,alto
7,10000.0,302,0.9370860927152318,8,2,1,0,0,0,0,0,0,1,0,1,0,baixo
2,0.0,0,0.0,0,0,1,0,0,0,0,0,0,0,0,0,0,gratuito
3,0.0,0,0.0,0,0,1,0,0,0,0,0,0,0,0,0,0,gratuito
8,35000.0,36,0.6666666666666666,1,1,1,0,0,0,0,0,0,0,0,0,0,gratuito
2,10000.0,13,0.9230769230769231,7,3,1,1,0,0,1,0,1,1,0,0,0,medio_alto
8,10000.0,28,0.7142857142857143,1,3,1,1,0,0,1,0,0,1,0,0,1,medio_alto
3,10000.0,8,0.625,2,6,1,0,0,0,1,1,1,0,1,1,0,alto
2,10000.0,19,1.0,4,3,1,0,0,0,1,1,0,1,0,0,0,medio_baixo
6,10000.0,12,1.0,1,2,1,0,0,0,1,0,0,1,0,0,0,medio_baixo
2,0.0,0,0.0,103,2,1,0,0,0,1,0,0,1,0,0,0,baixo
4,10000.0,0,0.0,1,3,1,0,0,0,1,0,1,1,0,0,0,baixo
1,0.0,0,0.0,0,0,1,0,0,0,0,0,0,0,0,0,0,gratuito
1,350000.0,2355,0.8942675159235669,1,3,1,0,0,0,1,1,0,0,0,0,1,alto
1,10000.0,20,1.0,3,2,1,0,0,0,1,0,1,0,0,0,0,medio_alto
2,10000.0,1,0.0,1,2,1,0,0,0,1,0,0,0,1,0,0,alto
6,10000.0,10,0.2,1,3,1,0,0,0,1,0,1,1,0,0,0,medio_alto
2,10000.0,4,1.0,1,1,1,1,0,0,0,0,0,0,0,1,0,alto
2,10000.0,11,0.9090909090909091,103,9,1,1,1,0,1,1,1,1,1,1,1,alto
10,0.0,0,0.0,1,4,1,0,0,0,1,0,0,1,0,1,1,baixo
8,750000.0,7824,0.8944274028629857,3,6,1,0,0,0,1,0,1,1,1,1,1,medio_baixo
9,10000.0,38,0.8421052631578947,1,6,1,0,0,0,1,1,1,1,0,0,1,medio_alto
1,10000.0,0,0.0,27,2,1,1,1,0,1,0,0,0,0,0,1,baixo
2,10000.0,173,0.9075144508670521,14,5,1,0,0,1,1,1,1,0,0,0,0,alto
2,10000.0,3,0.6666666666666666,1,1,1,0,0,0,0,0,0,0,0,1,0,alto
2,10000.0,22,1.0,3,5,1,0,0,0,1,0,0,1,0,1,1,medio_baixo
1,0.0,0,0.0,1,3,1,0,1,1,1,0,1,0,0,0,0,gratuito
4,0.0,0,0.0,1,4,1,0,0,0,1,0,0,1,0,1,1,gratuito
1,10000.0,0,0.0,1,2,1,0,0,0,1,0,0,0,1,0,0,alto
3,10000.0,91,0.978021978021978,1,3,1,1,0,0,1,1,0,0,0,0,1,medio_alto
1,10000.0,1,1.0,2,3,1,0,0,0,1,0,1,1,0,0,0,alto
1,10000.0,0,0.0,2,6,1,0,0,0,0,1,1,1,0,1,1,baixo
4,10000.0,2,1.0,1,3,1,1,1,0,1,0,0,1,0,1,0,medio_baixo
1,10000.0,0,0.0,1,1,1,0,0,0,0,1,0,0,0,0,0,medio_alto
1,0.0,0,0.0,8,3,1,1,1,0,1,0,1,0,0,0,1,medio_baixo
1,10000.0,0,0.0,17,3,1,0,0,1,1,0,0,1,0,0,1,medio_baixo
1,0.0,0,0.0,1,4,1,0,0,0,1,1,1,0,0,0,0,gratuito
2,10000.0,25,0.88,5,5,1,0,0,0,1,1,0,1,0,1,1,medio_alto
4,10000.0,6,0.8333333333333334,1,3,1,0,0,0,1,0,0,1,0,0,0,gratuito
4,150000.0,314,0.7993630573248408,5,4,1,0,0,2,1,1,0,0,0,0,0,gratuito
4,10000.0,9,0.4444444444444444,5,2,1,0,0,0,1,1,0,0,0,0,0,alto
2,0.0,0,0.0,1,2,1,0,0,0,1,0,0,1,0,0,0,gratuito
3,10000.0,52,0.7884615384615384,12,3,1,0,0,0,1,0,0,0,0,0,1,medio_baixo
5,10000.0,18,0.9444444444444444,2,2,1,0,0,0,1,0,1,0,0,0,0,medio_baixo
6,10000.0,5,1.0,7,2,1,0,0,0,1,0,0,1,0,0,0,medio_alto
8,35000.0,479,0.5156576200417536,1,2,1,0,0,0,0,0,0,0,1,1,0,medio_alto
1,0.0,0,0.0,0,0,1,0,0,0,0,0,0,0,0,0,0,gratuito
12,35000.0,295,0.8067796610169492,3,3,1,1,1,0,1,0,1,0,1,0,0,baixo
1,35000.0,572,0.6381118881118881,1,3,1,0,0,1,1,0,0,0,1,0,1,medio_alto
9,10000.0,7,0.42857142857142855,1,1,1,0,0,0,0,0,0,0,0,0,0,medio_baixo
19,1500000.0,24984,0.9648174831892411,12,1,1,0,0,0,0,1,0,0,0,0,0,medio_alto
6,150000.0,1050,0.7380952380952381,19,3,1,1,0,0,0,0,1,1,0,0,0,gratuito
6,10000.0,37,0.40540540540540543,1,4,1,0,0,0,1,0,0,1,0,1,1,medio_alto
1,10000.0,13,1.0,2,2,1,0,0,0,0,0,0,1,0,0,0,medio_alto
7,10000.0,8,0.5,1,3,1,0,0,0,1,1,1,0,0,0,0,baixo
2,10000.0,0,0.0,1,2,1,0,0,0,1,0,0,1,0,0,0,medio_baixo
9,150000.0,591,0.871404399323181,6,1,1,1,1,0,0,0,0,0,0,1,0,medio_baixo
2,10000.0,12,0.5833333333333334,9,1,1,0,0,0,0,0,0,0,0,1,0,gratuito
6,10000.0,11,0.7272727272727273,2,1,1,0,0,0,1,0,0,0,0,0,0,alto
12,35000.0,235,0.7787234042553192,1,1,1,0,0,0,0,1,0,0,0,0,0,alto
18,10000.0,31,0.8387096774193549,1,2,1,0,0,0,1,0,0,1,0,0,0,medio_alto
4,10000.0,1,1.0,1,1,1,0,0,0,0,0,0,1,0,0,0,medio_baixo
2,10000.0,3,0.6666666666666666,1,2,1,1,1,0,0,1,0,1,0,0,0,baixo
2,35000.0,45,0.6,11,6,1,0,0,0,1,1,1,0,1,1,0,medio_alto
5,0.0,0,0.0,1,3,1,0,0,0,1,1,0,1,0,0,0,gratuito
7,10000.0,29,0.6896551724137931,1,4,1,0,0,0,1,0,0,1,0,0,1,gratuito
11,10000.0,14,0.42857142857142855,9,3,1,0,0,0,1,1,0,0,0,0,1,medio_alto
8,10000.0,15,0.8,1,3,1,0,0,0,1,0,1,1,0,0,0,medio_baixo
1,0.0,0,0.0,0,0,1,0,0,0,0,0,0,0,0,0,0,gratuito
5,10000.0,7,0.8571428571428571,1,3,1,0,0,0,1,0,0,1,0,1,0,medio_alto
5,10000.0,6,0.3333333333333333,1,3,1,0,0,0,1,1,1,0,0,0,0,baixo
11,10000.0,31,0.8064516129032258,1,2,1,0,0,1,1,1,0,0,0,0,0,medio_baixo
2,35000.0,6,0.3333333333333333,7,4,1,0,0,0,1,0,1,1,1,0,0,medio_baixo
1,0.0,0,0.0,2,1,1,0,0,0,0,0,0,0,0,1,0,alto
2,10000.0,0,0.0,2,2,1,1,1,0,1,0,0,1,0,0,0,medio_baixo
5,10000.0,8,0.75,1,4,1,0,0,0,1,0,0,1,0,0,1,medio_alto
9,10000.0,8,0.5,1,1,1,0,0,0,0,0,1,0,0,0,0,medio_baixo
5,10000.0,25,0.6,4,2,1,0,0,0,1,1,0,0,0,0,0,medio_baixo
1,0.0,0,0.0,1,7,1,0,0,0,1,1,1,0,1,0,1,gratuito
1,0.0,0,0.0,0,0,1,0,0,0,0,0,0,0,0,0,0,gratuito
8,10000.0,107,0.7757009345794392,3,3,1,0,0,0,1,1,0,0,0,0,1,baixo
2,10000.0,15,0.7333333333333333,2,3,1,0,0,0,0,1,1,1,0,0,0,alto
2,10000.0,13,0.9230769230769231,1,3,1,0,0,0,1,0,0,1,0,1,0,baixo
7,10000.0,151,0.5298013245033113,4,2,1,0,0,0,1,1,0,0,0,0,0,medio_baixo
8,35000.0,682,0.841642228739003,22,2,1,0,0,0,0,1,1,0,0,0,0,medio_baixo
1,0.0,0,0.0,0,0,1,0,0,0,0,0,0,0,0,0,0,gratuito
1,0.0,0,0.0,3,3,1,0,0,0,0,0,0,0,0,0,1,medio_alto
9,10000.0,7,0.5714285714285714,1,5,1,0,0,0,1,1,1,0,0,0,0,medio_baixo
4,10000.0,0,0.0,1,4,1,0,0,0,0,1,1,1,0,1,0,medio_baixo
1,10000.0,18,0.7222222222222222,3,5,1,0,0,0,1,1,0,1,1,0,0,medio_alto
4,350000.0,7049,0.9822669882252801,30,2,1,1,0,1,1,0,1,0,0,0,0,medio_alto
1,10000.0,0,0.0,2,1,1,0,0,1,0,0,1,0,0,0,0,alto
5,10000.0,96,0.8229166666666666,1,4,1,1,1,0,0,0,0,0,0,0,0,alto
2,10000.0,14,0.2857142857142857,3,2,1,0,0,0,1,0,1,0,0,0,0,medio_alto
7,10000.0,372,0.8333333333333334,9,4,1,0,0,0,1,0,1,1,0,0,1,medio_baixo
1,10000.0,0,0.0,4,2,1,0,0,0,0,1,1,0,0,0,0,medio_alto
5,10000.0,20,0.7,8,3,1,0,0,0,0,0,1,1,0,1,0,alto
5,35000.0,40,0.475,18,3,1,0,0,0,1,0,1,1,0,0,0,baixo
4,10000.0,13,0.46153846153846156,1,2,1,0,0,0,0,0,0,1,0,0,1,baixo
2,0.0,0,0.0,1,5,1,0,0,0,0,1,1,1,0,1,0,gratuito
4,10000.0,17,0.8823529411764706,14,2,1,0,0,0,1,1,0,0,0,0,0,baixo
1,0.0,0,0.0,0,0,1,0,0,0,0,0,0,0,0,0,0,gratuito
3,10000.0,0,0.0,1,4,1,0,0,1,1,0,1,1,0,0,0,gratuito
12,75000.0,1400,0.9392857142857143,1,2,1,0,0,0,1,1,0,0,0,0,0,medio_baixo
1,0.0,0,0.0,0,0,1,0,0,0,0,0,0,0,0,0,0,gratuito
2,10000.0,19,0.7894736842105263,2,2,1,0,0,0,1,0,0,1,0,0,0,gratuito
17,35000.0,161,0.8074534161490683,1,2,1,0,0,0,0,0,1,0,1,0,0,medio_alto
1,0.0,0,0.0,2,4,1,0,0,26,1,0,0,0,1,1,0,gratuito
3,10000.0,10,1.0,5,2,1,1,0,0,1,0,0,0,0,1,0,medio_alto
2,10000.0,0,0.0,1,3,1,0,0,0,1,0,0,1,0,1,0,medio_baixo
7,10000.0,8,0.75,1,4,1,0,0,0,1,0,1,1,0,0,1,baixo
1,10000.0,0,0.0,3,3,1,0,0,0,1,0,1,0,1,0,0,alto
3,0.0,0,0.0,8,3,1,0,0,0,1,1,0,0,0,0,0,gratuito
5,3500000.0,103143,0.9278089642535121,22,2,1,0,0,1,0,1,1,0,0,0,0,alto
3,10000.0,0,0.0,103,2,1,0,0,0,1,0,1,0,0,0,0,medio_baixo
3,150000.0,4,0.75,2,3,1,0,0,0,1,1,0,0,0,0,0,alto
4,10000.0,19,0.7894736842105263,103,2,1,0,0,0,0,0,0,1,0,0,1,baixo
1,10000.0,0,0.0,9,3,1,0,0,0,1,0,0,0,1,0,1,medio_alto
6,10000.0,3,0.3333333333333333,2,3,1,0,0,0,1,1,0,0,0,0,1,medio_alto
1,10000.0,33,0.9696969696969697,4,1,1,0,0,0,0,0,1,0,0,0,0,medio_baixo
5,75000.0,3,0.3333333333333333,1,3,1,0,0,0,1,1,0,1,0,0,0,medio_baixo
6,10000.0,21,0.9523809523809523,1,2,1,1,1,0,0,0,0,0,0,0,1,alto
5,10000.0,5,1.0,2,2,1,0,0,0,1,0,0,1,0,0,0,medio_baixo
9,35000.0,755,0.895364238410596,2,3,1,0,0,0,0,0,0,1,0,1,1,alto
2,10000.0,7,0.2857142857142857,1,2,1,0,0,0,1,1,0,0,0,0,0,medio_alto
14,350000.0,2150,0.7613953488372093,11,4,1,0,0,0,1,1,0,0,0,1,1,medio_baixo
8,35000.0,195,0.9282051282051282,2,1,1,1,1,0,1,0,0,0,0,0,0,medio_baixo
2,10000.0,2,1.0,7,4,1,0,0,0,1,1,0,1,0,1,0,medio_baixo
3,0.0,0,0.0,0,0,1,0,0,0,0,0,0,0,0,0,0,gratuito
4,10000.0,0,0.0,1,2,1,0,0,0,0,0,0,1,1,0,0,medio_alto
12,75000.0,217,0.8571428571428571,13,2,1,0,0,0,1,1,0,0,0,0,0,baixo
5,10000.0,0,0.0,1,4,1,0,0,0,1,1,1,0,0,0,0,gratuito
3,10000.0,123,0.34959349593495936,8,4,1,0,0,0,1,1,0,0,0,1,1,baixo
1,10000.0,0,0.0,1,1,1,0,0,0,1,0,0,0,0,0,0,medio_baixo
11,10000.0,32,0.6875,1,3,1,0,0,0,1,0,0,0,0,1,1,alto
1,10000.0,2,0.5,2,4,1,0,0,0,1,1,1,1,0,0,0,baixo
6,10000.0,75,0.9333333333333333,1,5,1,0,0,0,1,1,0,1,0,1,0,alto
4,10000.0,2,0.5,1,1,1,0,0,0,0,1,0,0,0,0,0,medio_baixo
1,10000.0,210,0.7714285714285715,12,2,1,0,0,4,1,0,0,0,0,1,0,alto
8,35000.0,8,0.875,1,4,1,0,0,0,1,0,1,0,1,1,0,alto
12,350000.0,904,0.5641592920353983,1,1,1,1,0,0,0,0,0,0,1,0,0,medio_baixo
1,35000.0,418,0.631578947368421,1,4,1,1,0,1,1,0,0,1,0,1,1,medio_alto
9,10000.0,52,0.8653846153846154,1,3,1,0,0,0,1,1,1,0,0,0,0,alto
2,10000.0,15,0.8,3,2,1,1,1,0,0,1,1,0,0,0,0,medio_alto
6,10000.0,32,0.5625,2,4,1,0,0,0,0,0,0,1,0,1,0,gratuito
8,35000.0,20,0.65,1,2,1,0,0,0,1,0,0,0,0,1,0,baixo
2,10000.0,50,0.7,6,2,1,1,0,0,1,1,0,0,0,0,0,medio_alto
4,10000.0,2,0.5,1,5,1,0,0,0,1,0,1,1,1,1,0,baixo
1,0.0,0,0.0,0,0,1,0,0,0,0,0,0,0,0,0,0,gratuito
3,350000.0,1013,0.8144126357354393,24,4,1,0,0,0,1,0,0,1,0,1,0,gratuito
2,35000.0,39,0.9743589743589743,1,1,1,1,0,0,1,0,0,0,0,0,0,alto
6,35000.0,247,0.9271255060728745,1,3,1,0,0,0,1,1,0,0,0,0,0,gratuito
1,10000.0,0,0.0,1,1,1,0,0,0,0,0,0,1,0,0,0,medio_alto
4,10000.0,28,0.35714285714285715,1,6,1,0,0,0,1,1,1,0,1,0,1,alto
4,10000.0,39,0.8974358974358975,1,2,1,0,0,13,1,0,0,0,1,0,0,alto
8,10000.0,7,0.0,1,5,1,0,0,0,1,1,1,1,0,0,1,gratuito
18,350000.0,462,0.7748917748917749,5,1,1,1,0,0,0,0,0,0,0,1,0,medio_alto
9,10000.0,81,0.5308641975308642,1,2,1,0,0,0,0,0,0,1,0,1,0,baixo
6,75000.0,271,0.7453874538745388,10,4,1,1,0,0,0,1,0,0,0,0,1,gratuito
1,10000.0,46,0.7608695652173914,3,2,1,0,0,0,0,0,1,1,0,0,0,alto
7,35000.0,395,0.7974683544303798,4,2,1,0,0,0,0,1,1,0,0,0,0,medio_baixo
4,10000.0,292,0.8801369863013698,5,2,1,0,0,2,0,0,1,0,0,1,0,alto
2,0.0,0,0.0,0,0,1,0,0,0,0,0,0,0,0,0,0,gratuito
3,10000.0,0,0.0,5,3,1,0,0,0,1,1,1,0,0,0,0,medio_baixo
3,10000.0,171,0.7192982456140351,2,1,1,0,0,3,0,0,0,0,1,0,0,medio_alto
1,0.0,0,0.0,9,4,1,0,0,0,1,0,0,0,0,1,1,alto
1,10000.0,0,0.0,30,2,1,0,0,1,0,0,0,0,0,0,1,gratuito
8,10000.0,33,0.42424242424242425,1,4,1,0,0,0,1,1,1,1,0,0,0,baixo
1,10000.0,0,0.0,1,3,1,0,0,0,1,1,1,0,0,0,0,alto
12,35000.0,377,0.623342175066313,2,2,1,0,0,0,1,1,0,0,0,0,0,medio_baixo
9,10000.0,66,0.5303030303030303,1,1,1,0,0,0,1,0,0,0,0,0,0,baixo
6,10000.0,2,1.0,1,3,1,0,1,0,1,1,0,1,0,0,0,medio_baixo
7,10000.0,285,0.543859649122807,6,3,1,0,0,0,0,1,1,0,0,0,0,alto
1,0.0,0,0.0,1,2,1,0,0,1,1,1,0,0,0,0,0,medio_alto
1,0.0,0,0.0,2,1,1,0,0,0,0,1,0,0,0,0,0,baixo
6,10000.0,29,0.5517241379310345,1,4,1,1,0,0,1,0,0,1,0,0,1,baixo
9,10000.0,1,0.0,1,6,1,0,0,0,1,1,0,1,1,1,0,medio_alto
7,35000.0,1235,0.7724696356275303,6,1,1,1,1,0,0,0,0,0,1,0,0,alto
3,10000.0,0,0.0,1,4,1,0,0,0,1,1,1,1,0,0,0,medio_baixo
7,10000.0,25,0.84,9,3,1,0,1,0,1,0,0,1,0,1,0,baixo
1,10000.0,0,0.0,1,2,1,0,0,0,1,1,0,0,0,0,0,baixo
2,10000.0,18,0.7777777777777778,7,2,1,0,0,1,0,0,1,0,1,0,0,alto
2,10000.0,0,0.0,1,2,1,0,0,0,1,0,0,1,0,0,0,medio_baixo
7,10000.0,2,0.0,1,3,1,0,0,0,1,1,0,0,0,1,0,medio_baixo
1,0.0,0,0.0,0,0,1,0,0,0,0,0,0,0,0,0,0,gratuito
5,10000.0,2,0.5,2,1,1,0,0,0,0,0,0,0,0,0,1,medio_baixo
1,0.0,0,0.0,0,0,1,0,0,0,0,0,0,0,0,0,0,gratuito
1,0.0,0,0.0,4,1,1,0,0,1,0,0,0,1,0,0,0,medio_alto
2,10000.0,1,1.0,3,2,1,0,0,0,1,0,1,0,0,0,0,baixo
1,10000.0,0,0.0,2,3,1,0,0,0,1,0,0,0,0,1,1,alto
7,10000.0,32,0.71875,1,4,1,0,0,0,1,0,1,1,1,0,0,alto
3,0.0,0,0.0,0,0,1,0,0,0,0,0,0,0,0,0,0,gratuito
1,0.0,0,0.0,103,2,1,0,0,0,1,0,0,0,0,0,1,medio_alto
1,0.0,0,0.0,0,0,1,0,0,0,0,0,0,0,0,0,0,gratuito
2,75000.0,575,0.6034782608695652,14,4,1,0,0,0,1,1,0,1,1,0,0,medio_baixo
6,10000.0,5,0.6,1,6,1,0,0,12,1,0,1,1,1,1,1,baixo
4,10000.0,0,0.0,29,2,1,0,0,1,1,0,0,1,0,0,0,baixo
1,10000.0,0,0.0,1,5,1,0,0,0,1,0,1,1,1,0,0,medio_baixo
1,0.0,0,0.0,1,3,1,0,0,3,1,1,0,0,0,0,0,gratuito
4,35000.0,5,1.0,1,2,1,0,0,0,0,1,1,0,0,0,0,medio_baixo
2,0.0,0,0.0,0,0,1,0,0,0,0,0,0,0,0,0,0,gratuito
4,10000.0,133,0.7368421052631579,2,3,1,1,0,0,0,1,1,0,1,0,0,alto
5,10000.0,4,0.0,1,3,1,0,0,0,1,1,0,1,0,0,0,baixo
1,10000.0,0,0.0,8,2,1,0,0,0,1,0,0,0,0,0,1,medio_alto
1,10000.0,0,0.0,27,2,1,1,1,0,1,0,0,0,0,0,1,baixo
9,10000.0,4,1.0,1,2,1,0,0,0,1,1,0,0,0,0,0,baixo
6,10000.0,203,0.916256157635468,1,3,1,0,0,0,1,0,0,0,0,1,1,medio_baixo
1,10000.0,0,0.0,4,1,1,0,0,1,0,0,1,0,0,0,0,medio_alto
2,10000.0,2,1.0,3,2,1,0,0,0,1,0,0,1,0,0,0,baixo
5,35000.0,2,1.0,3,4,1,0,0,1,1,1,1,0,1,0,0,alto
4,10000.0,1,1.0,1,3,1,0,0,0,1,0,1,1,0,0,0,medio_alto
5,150000.0,112,0.6964285714285714,3,3,1,0,0,0,0,1,1,0,1,0,0,alto
6,150000.0,1011,0.7764589515331355,4,2,1,0,0,1,0,1,0,0,1,0,0,alto
6,10000.0,13,0.6923076923076923,1,4,1,0,0,0,1,0,0,0,1,0,1,alto
5,10000.0,4,0.75,1,1,1,0,0,0,0,1,0,0,0,0,0,baixo
3,10000.0,0,0.0,2,4,1,0,0,0,1,0,1,1,1,0,0,baixo
2,150000.0,1839,0.9510603588907015,2,3,1,0,0,2,1,0,1,0,1,0,0,alto
9,10000.0,0,0.0,2,1,1,0,0,0,0,0,0,1,0,0,0,medio_alto
1,10000.0,0,0.0,2,2,1,1,0,1,1,0,0,0,0,1,0,medio_alto
2,10000.0,39,0.717948717948718,1,2,1,0,0,0,0,0,0,0,0,1,1,alto
9,35000.0,132,0.7575757575757576,2,2,1,1,1,0,1,0,0,0,0,1,0,medio_alto
4,150000.0,310,0.9451612903225807,2,2,1,0,0,0,0,0,1,0,1,0,0,alto
2,10000.0,0,0.0,3,4,1,1,0,0,1,0,0,1,0,0,1,gratuito
3,0.0,0,0.0,0,0,1,0,0,0,0,0,0,0,0,0,0,gratuito
11,10000.0,21,0.6666666666666666,1,2,1,1,1,0,1,1,0,0,0,0,0,medio_alto
1,10000.0,23,0.9565217391304348,6,4,1,0,0,0,1,0,1,1,0,0,1,medio_baixo
6,10000.0,57,0.7543859649122807,1,4,1,0,0,0,1,0,1,1,0,0,1,medio_alto
8,10000.0,8,0.875,1,2,1,0,0,0,1,0,0,0,0,1,0,baixo
2,35000.0,145,0.9379310344827586,6,5,1,0,0,1,1,1,0,1,0,0,0,gratuito
2,350000.0,2783,0.7894358605821057,9,4,1,0,0,1,1,0,0,0,0,1,1,alto
9,35000.0,66,0.5606060606060606,1,3,1,0,0,0,1,0,1,0,0,0,0,gratuito
12,35000.0,85,0.7647058823529411,1,2,1,0,0,0,1,0,0,1,0,0,0,medio_baixo
2,75000.0,902,0.958980044345898,1,3,1,0,0,0,0,0,0,0,0,1,1,alto
2,10000.0,14,1.0,4,3,1,0,0,0,1,1,0,1,0,0,0,medio_baixo
2,35000.0,4,1.0,2,3,1,1,0,0,1,0,1,1,0,0,0,medio_alto
4,0.0,0,0.0,1,2,1,0,0,0,0,0,0,0,0,0,0,gratuito
1,0.0,0,0.0,1,2,1,0,0,0,1,0,0,1,0,0,0,medio_baixo
1,10000.0,0,0.0,1,3,1,0,0,0,1,0,1,1,0,0,0,alto
3,10000.0,22,1.0,1,2,1,0,0,0,1,1,0,0,0,0,0,medio_baixo
3,0.0,0,0.0,0,0,1,0,0,0,0,0,0,0,0,0,0,gratuito
6,10000.0,13,0.3076923076923077,11,3,1,1,1,1,1,0,0,1,0,0,1,medio_baixo
2,10000.0,0,0.0,13,4,1,0,0,0,1,0,1,1,0,1,0,medio_alto
10,75000.0,92,0.782608695652174,2,4,1,1,1,0,1,1,1,0,0,0,0,medio_baixo
5,10000.0,83,0.9397590361445783,2,2,1,0,0,0,1,1,0,0,0,0,0,medio_alto
8,10000.0,3,1.0,1,5,1,0,0,0,1,0,1,1,0,1,1,medio_alto
3,10000.0,1,0.0,1,3,1,0,1,0,1,0,1,0,0,0,1,medio_baixo
3,10000.0,0,0.0,1,1,1,0,0,0,0,1,0,0,0,0,0,alto
6,10000.0,12,1.0,1,2,1,0,1,1,0,0,1,0,1,0,0,alto
1,10000.0,31,0.9032258064516129,2,4,1,0,0,0,1,1,1,0,1,0,0,alto
5,35000.0,444,0.9684684684684685,1,2,1,0,1,0,1,1,0,0,0,0,0,medio_alto
1,10000.0,0,0.0,2,2,1,0,1,0,1,0,0,1,0,0,0,medio_alto
1,10000.0,0,0.0,1,3,1,0,0,0,1,0,0,1,1,0,0,alto
1,0.0,0,0.0,0,0,1,0,0,0,0,0,0,0,0,0,0,gratuito
2,10000.0,2,1.0,1,2,1,0,0,0,1,1,0,0,0,0,0,medio_alto
10,35000.0,192,0.8333333333333334,2,2,1,0,0,1,1,0,1,0,0,0,0,baixo
1,10000.0,3,1.0,1,4,1,0,0,0,1,0,0,1,0,1,1,medio_baixo
6,75000.0,11,0.8181818181818182,1,1,1,0,0,0,0,0,0,0,0,0,0,gratuito
2,10000.0,20,1.0,1,5,1,0,0,0,1,1,1,0,1,0,0,medio_alto
5,10000.0,139,0.9856115107913669,1,3,1,0,0,0,1,0,1,0,0,0,1,medio_baixo
3,10000.0,5,0.4,3,1,1,0,0,0,0,0,0,0,1,0,0,medio_alto
2,10000.0,0,0.0,1,3,1,1,1,0,1,0,1,1,0,0,0,baixo
6,10000.0,64,0.625,1,4,1,0,0,0,1,1,1,0,0,0,0,medio_alto
4,0.0,0,0.0,0,0,1,0,0,0,0,0,0,0,0,0,0,gratuito
9,10000.0,11,0.7272727272727273,1,3,1,1,0,0,1,1,0,1,0,0,0,baixo
6,10000.0,38,0.7894736842105263,4,2,1,0,0,0,1,0,0,1,0,0,0,medio_baixo
1,10000.0,4,1.0,1,2,1,0,0,0,1,1,0,0,0,0,0,medio_alto
1,10000.0,0,0.0,2,1,1,0,1,0,1,0,0,0,0,0,0,baixo
6,10000.0,6,0.6666666666666666,4,1,1,0,0,0,0,0,0,1,0,0,0,alto
1,10000.0,4,1.0,3,4,1,0,0,0,1,1,0,1,0,0,0,alto
4,10000.0,0,0.0,1,2,1,1,1,1,1,0,0,0,1,0,0,alto
5,10000.0,23,1.0,1,1,1,0,0,0,0,0,0,1,0,0,0,baixo
4,0.0,0,0.0,2,3,1,0,0,0,1,0,1,0,0,0,1,gratuito
4,10000.0,0,0.0,1,1,1,0,0,0,0,1,0,0,0,0,0,medio_alto
11,150000.0,188,0.7074468085106383,1,5,1,0,0,0,1,1,0,0,1,1,0,gratuito
4,10000.0,0,0.0,1,3,1,0,0,0,1,0,0,1,0,0,1,baixo
2,10000.0,3,0.6666666666666666,1,4,1,0,0,0,1,0,1,1,0,0,1,baixo
5,10000.0,2,1.0,1,2,1,0,0,0,1,0,0,1,0,0,0,baixo
1,10000.0,45,0.8666666666666667,3,4,1,0,0,0,0,0,1,0,1,1,1,medio_alto
6,10000.0,129,0.7829457364341085,1,2,1,0,0,0,1,0,1,0,0,0,0,gratuito
5,350000.0,2821,0.8496986884083658,6,3,1,1,0,2,1,1,1,0,0,0,0,alto
1,0.0,0,0.0,1,2,1,0,0,0,0,0,0,0,0,0,1,gratuito
1,10000.0,3,1.0,2,2,1,0,0,0,1,0,0,0,1,0,0,baixo
7,750000.0,16316,0.9459426329982838,12,3,1,1,0,0,1,0,0,1,0,1,0,baixo
1,10000.0,0,0.0,14,3,1,0,0,0,1,0,0,1,0,0,1,medio_alto
2,10000.0,0,0.0,1,4,1,0,0,0,0,1,0,1,0,1,1,medio_alto
6,10000.0,64,0.875,1,4,1,0,0,0,1,1,0,1,0,1,0,gratuito
9,10000.0,94,0.9574468085106383,1,1,1,0,0,0,0,0,1,0,0,0,0,medio_alto
5,10000.0,3,0.6666666666666666,2,3,1,1,0,0,1,1,0,0,0,0,0,alto
2,10000.0,13,1.0,1,3,1,0,0,0,1,0,0,1,0,1,0,medio_baixo
5,10000.0,111,0.954954954954955,1,1,1,1,0,1,1,0,0,0,0,0,0,medio_baixo
2,10000.0,70,0.5857142857142857,4,4,1,0,0,0,1,0,1,0,1,1,0,medio_alto
5,10000.0,1,1.0,2,1,1,1,0,0,0,0,0,1,0,0,0,medio_alto
10,150000.0,147,0.6666666666666666,3,3,1,1,1,0,1,1,1,0,0,0,0,baixo
4,10000.0,6,0.6666666666666666,1,2,1,1,0,0,0,0,1,1,0,0,0,baixo
2,0.0,0,0.0,1,2,1,0,0,0,0,0,0,0,0,0,0,gratuito
1,10000.0,1,1.0,1,2,1,0,0,0,1,0,1,0,0,0,0,medio_alto
5,0.0,0,0.0,6,3,1,0,0,0,1,0,0,0,0,0,0,gratuito
3,10000.0,6,1.0,1,3,1,1,1,0,1,0,1,0,0,1,0,baixo
2,35000.0,5,1.0,1,1,1,0,0,0,0,0,0,0,1,0,0,alto
2,10000.0,6,1.0,2,3,1,0,0,0,1,0,0,0,1,1,0,medio_baixo
3,35000.0,26,0.5769230769230769,1,3,1,0,0,0,1,0,0,0,0,0,1,baixo
9,10000.0,1,1.0,2,3,1,0,0,0,1,0,1,1,0,0,0,medio_baixo
8,10000.0,1118,0.8756708407871199,1,3,1,1,1,1,1,0,1,0,1,0,0,medio_alto
6,10000.0,2,1.0,1,3,1,0,0,0,1,1,1,0,0,0,0,medio_alto
1,75000.0,99,0.8585858585858586,1,3,1,1,1,0,1,0,0,0,0,1,1,alto
4,10000.0,0,0.0,3,2,1,0,0,0,0,1,0,1,0,0,0,baixo
4,0.0,0,0.0,1,2,1,0,0,0,0,0,0,1,0,1,0,gratuito
5,150000.0,1819,0.8218801539307312,10,6,1,1,0,5,1,1,1,1,0,0,1,medio_baixo
3,10000.0,50,0.94,1,1,1,0,0,1,0,0,0,0,0,0,1,alto
3,10000.0,1,1.0,1,1,1,0,0,0,0,0,0,1,0,0,0,medio_alto
12,10000.0,42,0.30952380952380953,1,1,1,0,0,0,1,0,0,0,0,0,0,medio_baixo
3,10000.0,2,1.0,8,2,1,0,0,0,0,0,0,1,0,0,1,medio_baixo
4,10000.0,4,1.0,1,2,1,0,0,0,0,0,1,1,0,0,0,medio_alto
9,10000.0,38,0.8947368421052632,1,3,1,1,1,0,1,0,1,0,1,0,0,medio_baixo
1,35000.0,399,0.5714285714285714,5,3,1,0,0,1,1,0,1,0,1,0,0,alto
6,10000.0,4,0.0,1,2,1,1,0,0,0,0,0,0,0,0,0,medio_alto
4,10000.0,5,0.0,1,2,1,0,0,0,1,0,1,0,0,0,0,medio_baixo
4,10000.0,11,0.9090909090909091,5,2,1,0,0,0,1,0,0,1,0,0,0,medio_alto
11,75000.0,958,0.9144050104384134,11,2,1,1,1,0,0,0,1,1,0,0,0,medio_alto
1,15000000.0,204041,0.9841306404105057,1,5,1,0,0,0,1,1,0,0,0,1,1,alto
3,0.0,0,0.0,0,0,1,0,0,0,0,0,0,0,0,0,0,gratuito
1,0.0,0,0.0,1,3,1,0,0,0,1,0,0,1,0,0,0,gratuito
3,10000.0,5,0.6,1,3,1,0,1,0,1,0,1,1,0,0,0,baixo
1,10000.0,8,1.0,10,4,1,1,0,0,1,1,1,1,0,0,0,baixo
1,0.0,0,0.0,1,4,1,0,0,0,1,0,1,1,1,0,0,alto
4,10000.0,0,0.0,1,3,1,0,0,0,1,0,1,1,0,0,0,medio_alto
6,10000.0,147,0.782312925170068,1,3,1,0,0,1,0,1,0,1,0,0,1,baixo
6,150000.0,1555,0.7209003215434083,1,5,1,0,0,1,1,1,0,1,0,0,0,gratuito
4,0.0,0,0.0,0,0,1,0,0,0,0,0,0,0,0,0,0,gratuito
1,10000.0,0,0.0,5,2,1,0,0,0,1,0,0,1,0,0,0,alto
8,10000.0,35,0.7428571428571429,1,2,1,0,1,0,0,0,0,0,0,0,0,alto
9,10000.0,1,1.0,7,3,1,0,0,0,1,1,0,1,0,0,0,baixo
3,10000.0,14,0.42857142857142855,30,5,1,0,0,0,1,1,1,1,0,0,0,medio_alto
1,10000.0,0,0.0,22,5,1,0,0,3,1,1,1,1,0,1,0,medio_alto
7,10000.0,58,0.5,3,2,1,0,0,0,1,1,0,0,0,0,0,alto
1,10000.0,0,0.0,4,3,1,0,0,0,1,0,1,0,0,0,1,alto
1,0.0,0,0.0,1,3,1,0,0,0,1,0,0,1,0,0,0,medio_alto
7,35000.0,147,0.8027210884353742,1,2,1,0,0,0,1,0,1,0,0,0,0,medio_baixo
3,0.0,0,0.0,2,4,1,0,0,0,1,0,1,0,0,1,0,gratuito
6,10000.0,37,0.4594594594594595,2,7,1,1,0,1,1,1,1,1,1,1,0,gratuito
1,0.0,0,0.0,1,1,1,1,0,0,0,0,0,0,1,0,0,baixo
1,0.0,0,0.0,103,1,1,0,0,0,0,0,1,0,0,0,0,medio_alto
6,10000.0,12,0.4166666666666667,1,3,1,0,0,0,1,1,0,1,0,0,0,medio_alto
12,75000.0,355,0.8704225352112676,8,3,1,1,1,0,1,0,0,1,0,1,0,alto
1,10000.0,0,0.0,103,1,1,1,1,0,1,0,0,0,0,0,0,medio_baixo
3,10000.0,2,1.0,2,3,1,0,0,0,1,0,0,1,0,1,0,medio_alto
1,10000.0,0,0.0,1,4,1,0,0,0,1,0,0,0,1,1,1,medio_baixo
1,10000.0,0,0.0,7,5,1,0,0,0,1,1,1,0,1,0,0,alto
12,150000.0,1283,0.8409976617303195,1,3,1,1,0,1,1,1,1,0,0,0,0,baixo
5,10000.0,118,0.864406779661017,2,2,1,0,0,0,1,1,0,0,0,0,0,alto
2,10000.0,0,0.0,9,2,1,0,0,0,1,0,0,1,0,0,0,baixo
2,10000.0,23,0.782608695652174,2,3,1,0,0,0,1,0,1,0,0,0,0,medio_alto
2,0.0,0,0.0,0,0,1,0,0,0,0,0,0,0,0,0,0,gratuito
1,0.0,0,0.0,1,2,1,0,1,0,0,1,0,1,0,0,0,medio_alto
11,35000.0,52,0.21153846153846154,4,3,1,0,0,0,0,0,0,1,0,1,1,baixo
4,0.0,0,0.0,0,0,1,0,0,0,0,0,0,0,0,0,0,gratuito
6,10000.0,6,0.6666666666666666,1,3,1,0,0,0,1,0,1,1,0,0,0,medio_alto
1,10000.0,5,0.8,1,4,1,0,0,0,1,1,0,1,0,0,1,medio_baixo
10,350000.0,8219,0.9435454434846088,103,2,1,0,0,1,1,0,0,1,0,0,0,baixo
4,10000.0,1,1.0,2,4,1,0,0,0,1,0,1,1,1,0,0,medio_baixo
3,10000.0,2,1.0,1,1,1,0,0,0,0,1,0,0,0,0,0,medio_alto
5,10000.0,59,0.8983050847457628,1,2,1,1,0,0,1,0,0,1,0,0,0,gratuito
1,10000.0,30,1.0,6,3,1,0,0,0,1,0,1,1,0,0,0,baixo
2,10000.0,11,0.0,16,3,1,0,0,0,1,0,0,1,0,0,1,alto
1,0.0,0,0.0,1,1,1,0,0,0,0,1,0,0,0,0,0,alto
5,10000.0,0,0.0,1,2,1,0,0,0,1,0,0,1,0,0,0,medio_alto
6,10000.0,8,0.375,2,2,1,0,0,0,1,0,1,0,0,0,0,medio_alto
1,10000.0,0,0.0,1,5,1,0,0,0,1,1,1,1,1,0,0,medio_baixo
2,10000.0,11,0.7272727272727273,2,2,1,0,0,0,1,1,0,0,0,0,0,alto
2,10000.0,8,1.0,1,3,1,0,0,0,1,1,0,0,1,0,0,medio_baixo
9,10000.0,1,1.0,1,2,1,0,0,0,0,0,1,1,0,0,0,medio_alto
12,10000.0,47,0.425531914893617,1,2,1,0,0,0,1,0,0,1,0,0,0,baixo
7,35000.0,151,0.7019867549668874,1,6,1,0,0,0,1,1,1,1,0,0,1,baixo
5,35000.0,4,1.0,2,3,1,0,0,0,0,1,1,0,0,0,1,medio_baixo
3,0.0,0,0.0,1,4,1,0,0,0,1,1,0,1,0,0,0,gratuito
11,35000.0,171,0.7602339181286549,1,1,1,1,0,0,0,0,1,0,0,0,0,medio_alto
1,10000.0,17,0.9411764705882353,3,5,1,0,0,0,1,1,1,0,1,0,0,alto
3,10000.0,73,0.6164383561643836,12,3,1,1,0,0,1,0,0,1,0,0,1,medio_alto
2,0.0,0,0.0,103,1,1,0,0,0,0,0,0,1,0,0,0,medio_baixo
3,35000.0,5,0.8,1,2,1,0,0,0,1,1,0,0,0,0,0,baixo
11,10000.0,79,0.8860759493670886,1,3,1,0,0,2,1,0,1,0,1,0,0,medio_baixo
7,10000.0,326,0.901840490797546,2,7,1,0,0,0,1,0,1,1,1,1,1,medio_baixo
8,10000.0,119,0.680672268907563,2,1,1,0,0,0,1,0,0,0,0,0,0,baixo
4,10000.0,46,0.45652173913043476,10,3,1,0,0,0,0,1,0,1,0,1,0,baixo
1,0.0,0,0.0,0,0,1,0,0,0,0,0,0,0,0,0,0,gratuito
4,10000.0,86,0.7558139534883721,3,3,1,0,0,11,1,0,0,0,0,0,0,alto
5,35000.0,68,0.7205882352941176,1,2,1,0,0,0,1,0,1,0,0,0,0,baixo
3,10000.0,12,0.6666666666666666,1,1,1,0,0,0,1,0,0,0,0,0,0,baixo
2,0.0,0,0.0,2,2,1,0,0,0,1,0,0,1,0,0,0,gratuito
3,0.0,0,0.0,0,0,1,0,0,0,0,0,0,0,0,0,0,gratuito
1,10000.0,0,0.0,5,2,1,0,0,0,1,0,1,0,0,0,0,medio_alto
6,1500000.0,16928,0.7826677693761814,13,5,1,0,0,0,0,0,1,1,1,0,1,gratuito
6,10000.0,2,1.0,1,2,1,1,0,0,1,0,1,0,0,0,0,medio_baixo
6,10000.0,15,0.4,2,4,1,0,0,0,1,1,1,1,0,0,0,alto
1,0.0,0,0.0,0,0,1,0,0,0,0,0,0,0,0,0,0,gratuito
2,35000.0,12,0.9166666666666666,1,1,1,0,0,0,1,0,0,0,0,0,0,medio_baixo
1,10000.0,6,0.6666666666666666,1,1,1,0,0,0,0,0,0,0,0,0,1,medio_baixo
1,10000.0,6,0.5,4,4,1,0,0,0,1,1,1,1,0,0,0,medio_alto
2,0.0,0,0.0,4,5,1,0,0,0,1,0,1,0,1,1,0,gratuito
2,10000.0,1,1.0,2,2,1,0,0,0,1,0,0,1,0,0,0,baixo
1,0.0,0,0.0,5,1,1,0,0,0,1,0,0,0,0,0,0,baixo
3,10000.0,106,0.8773584905660378,3,5,1,0,0,0,1,0,1,0,1,1,0,alto
3,0.0,0,0.0,0,0,1,0,0,0,0,0,0,0,0,0,0,gratuito
5,10000.0,27,0.9259259259259259,7,2,1,0,1,0,1,0,0,1,0,0,0,medio_baixo
9,10000.0,348,0.8247126436781609,1,1,1,0,0,1,0,0,1,0,0,0,0,alto
3,10000.0,1,0.0,3,3,1,0,0,0,0,0,0,0,0,0,1,medio_alto
2,0.0,0,0.0,1,3,1,0,0,0,1,0,0,1,0,0,0,gratuito
3,0.0,0,0.0,103,2,1,0,0,0,1,0,0,1,0,0,0,medio_baixo
10,35000.0,72,0.5972222222222222,1,1,1,0,0,0,0,0,0,0,0,0,0,gratuito
9,10000.0,1,0.0,1,3,1,0,0,0,0,1,0,0,0,1,1,medio_alto
2,10000.0,149,0.9865771812080537,10,2,1,0,0,1,1,0,1,0,0,0,0,alto
5,0.0,0,0.0,0,0,1,0,0,0,0,0,0,0,0,0,0,gratuito
9,10000.0,14,0.6428571428571429,1,5,1,0,0,0,1,1,1,0,1,0,1,baixo
7,10000.0,1,1.0,1,3,1,0,0,0,1,1,0,1,0,0,0,baixo
4,35000.0,6,0.8333333333333334,1,4,1,0,0,0,1,1,0,0,0,1,0,medio_alto
2,150000.0,63,0.7619047619047619,1,3,1,0,0,0,1,0,1,0,1,0,0,alto
7,10000.0,61,0.9508196721311475,5,2,1,0,0,0,1,1,0,0,0,0,0,gratuito
1,10000.0,0,0.0,1,3,1,0,0,0,1,0,0,0,1,0,1,baixo
8,10000.0,6,1.0,5,2,1,1,1,0,1,0,0,1,0,0,0,medio_alto
2,10000.0,4,0.0,1,1,1,0,0,0,0,0,0,0,0,0,0,alto
5,10000.0,546,0.8571428571428571,1,6,1,0,0,0,1,1,1,1,1,0,1,baixo
1,0.0,0,0.0,0,0,1,0,0,0,0,0,0,0,0,0,0,gratuito
8,150000.0,901,0.6293007769145395,5,4,1,1,0,3,1,1,1,0,1,0,0,alto
9,10000.0,7,0.2857142857142857,1,6,1,0,0,0,1,1,1,0,0,0,0,medio_baixo
1,10000.0,0,0.0,5,3,1,0,0,0,1,0,1,1,0,0,0,medio_alto
7,75000.0,348,0.9252873563218391,8,2,1,1,0,0,1,0,0,0,0,0,1,medio_baixo
2,10000.0,161,0.9503105590062112,2,3,1,0,0,0,1,1,1,0,0,0,0,alto
5,0.0,0,0.0,1,6,1,0,0,0,1,1,1,1,0,0,0,gratuito
3,75000.0,1408,0.7144886363636364,7,4,1,0,0,1,1,0,0,1,0,1,1,alto
5,10000.0,29,0.8275862068965517,4,5,1,0,0,0,1,1,1,1,0,0,1,alto
2,10000.0,4,0.5,1,4,1,1,1,0,1,1,1,1,0,0,0,baixo
2,10000.0,2,0.5,1,2,1,0,0,0,1,0,0,0,1,0,0,medio_baixo
1,10000.0,79,0.7215189873417721,1,1,1,0,0,0,1,0,0,0,0,0,0,medio_baixo
5,10000.0,45,0.5777777777777777,1,2,1,1,1,3,1,0,0,1,0,0,0,medio_baixo
2,10000.0,19,0.9473684210526315,1,3,1,0,0,0,1,0,1,1,0,0,0,baixo
7,10000.0,11,0.2727272727272727,1,5,1,0,0,0,1,0,1,0,1,1,0,medio_alto
8,35000.0,227,0.9030837004405287,7,2,1,0,0,0,0,1,0,0,0,0,1,medio_alto
8,750000.0,7817,0.8972751695023666,12,3,1,0,0,12,0,0,0,1,0,0,1,medio_baixo
4,10000.0,59,0.6779661016949152,1,3,1,0,0,0,1,0,0,0,0,1,0,alto
10,750000.0,13636,0.9169844529187445,10,4,1,1,1,5,0,0,0,0,0,1,1,medio_alto
9,35000.0,415,0.8144578313253013,1,4,1,0,0,0,1,1,1,0,0,0,1,medio_alto
14,750000.0,1694,0.8536009445100354,1,4,1,1,0,5,1,0,0,1,0,1,0,gratuito
1,0.0,0,0.0,1,1,1,0,0,0,0,0,1,0,0,0,0,medio_baixo
12,350000.0,1574,0.8919949174078781,1,2,1,1,0,3,0,0,0,1,0,1,0,medio_alto
3,10000.0,0,0.0,1,4,1,0,0,0,1,0,0,1,1,0,1,medio_alto
1,10000.0,12,0.9166666666666666,9,3,1,0,0,0,1,0,0,1,0,0,0,medio_baixo
8,10000.0,5,0.2,1,3,1,0,0,0,1,1,1,0,0,0,0,alto
6,10000.0,7,0.8571428571428571,1,3,1,0,0,0,1,0,1,0,1,0,0,baixo
4,10000.0,0,0.0,1,1,1,0,0,1,0,0,1,0,0,0,0,alto
1,10000.0,12,1.0,1,4,1,0,0,0,1,1,1,0,1,0,0,medio_alto
5,35000.0,7,0.14285714285714285,2,3,1,0,0,0,1,0,1,0,1,0,0,medio_baixo
6,10000.0,68,0.6029411764705882,1,3,1,1,0,0,1,1,0,1,0,0,0,baixo
4,10000.0,18,0.6111111111111112,1,4,1,0,0,0,1,1,0,0,0,0,0,gratuito
1,10000.0,0,0.0,14,1,1,0,0,0,0,1,0,0,0,0,0,medio_alto
2,10000.0,5,0.8,11,6,1,0,1,0,1,1,1,1,1,0,1,medio_baixo
8,350000.0,3008,0.7872340425531915,10,5,1,1,0,3,1,1,1,0,0,1,1,medio_alto
2,10000.0,3,0.0,1,2,1,0,0,0,0,0,0,1,1,0,0,alto
1,10000.0,0,0.0,1,5,1,0,0,0,0,0,1,1,0,1,0,alto
8,75000.0,632,0.6645569620253164,3,2,1,0,0,0,0,1,0,0,0,0,0,baixo
5,10000.0,6,0.6666666666666666,2,2,1,0,0,0,1,1,0,0,0,0,0,alto
10,10000.0,14,0.7857142857142857,1,2,1,1,1,1,1,0,1,0,0,0,0,medio_alto
4,10000.0,2,1.0,1,4,1,0,0,0,1,1,0,1,0,0,1,medio_baixo
1,10000.0,0,0.0,1,5,1,0,0,0,1,1,1,0,1,0,0,medio_alto
2,0.0,0,0.0,0,0,1,0,0,0,0,0,0,0,0,0,0,gratuito
3,10000.0,91,0.7362637362637363,6,2,1,0,0,0,0,1,1,0,0,0,0,alto
2,10000.0,6,0.3333333333333333,1,1,1,0,0,0,0,1,0,0,0,0,0,alto
2,10000.0,10,1.0,1,5,1,1,0,1,1,1,1,1,0,0,0,medio_alto
3,0.0,0,0.0,1,2,1,0,0,0,0,0,0,1,0,0,0,gratuito
9,10000.0,22,0.6363636363636364,3,5,1,0,0,0,1,1,1,0,1,0,0,alto
2,10000.0,3,1.0,4,2,1,1,0,0,1,0,0,1,0,0,0,baixo
5,10000.0,9,0.3333333333333333,1,4,1,0,0,0,1,0,1,1,0,1,0,baixo
6,35000.0,533,0.924953095684803,1,5,1,0,0,0,1,1,1,0,0,0,0,medio_alto
1,10000.0,0,0.0,31,2,1,0,0,0,1,0,0,1,0,0,0,baixo
2,150000.0,1,0.0,1,3,1,0,0,0,1,0,1,1,0,0,0,baixo
2,10000.0,6,0.6666666666666666,2,1,1,0,0,0,0,0,0,0,0,1,0,baixo
7,10000.0,167,0.9341317365269461,1,3,1,0,0,0,1,0,0,1,0,0,0,gratuito
1,0.0,0,0.0,1,3,1,1,0,0,1,0,1,1,0,0,0,medio_baixo
1,10000.0,0,0.0,10,2,1,0,1,0,1,1,0,0,0,0,0,medio_baixo
3,10000.0,0,0.0,1,3,1,0,0,0,1,1,1,0,0,0,0,medio_baixo
3,75000.0,56,0.9285714285714286,4,4,1,0,0,0,1,0,1,0,1,0,1,medio_alto
2,1500000.0,31974,0.5869456433352098,9,2,1,0,0,4,0,0,0,0,0,0,1,alto
10,10000.0,6,0.8333333333333334,1,1,1,0,0,0,1,0,0,0,0,0,0,medio_alto
5,10000.0,31,0.7419354838709677,1,6,1,0,0,0,1,1,1,1,0,0,1,baixo
6,35000.0,27,0.8888888888888888,1,4,1,0,0,0,1,0,0,1,0,1,0,gratuito
5,10000.0,18,0.5555555555555556,1,2,1,1,1,1,1,0,0,1,0,0,0,baixo
5,10000.0,1,0.0,1,1,1,0,0,0,0,1,0,0,0,0,0,baixo
1,0.0,0,0.0,1,3,1,0,0,0,1,1,0,0,0,0,0,gratuito
5,150000.0,326,0.8619631901840491,5,1,1,0,0,1,0,0,1,0,0,0,0,alto
1,0.0,0,0.0,9,1,1,0,0,0,0,0,0,0,0,1,0,alto
1,10000.0,18,0.8888888888888888,12,2,1,0,0,0,1,0,0,0,0,1,0,medio_baixo
4,10000.0,9,0.7777777777777778,1,2,1,0,0,0,1,0,0,1,0,0,0,alto
4,10000.0,1,1.0,1,1,1,0,0,0,0,1,0,0,0,0,0,medio_alto
1,10000.0,1,1.0,1,2,1,0,0,0,0,1,0,0,0,0,0,gratuito
5,10000.0,40,0.65,1,4,1,0,0,0,1,1,0,1,0,0,0,medio_baixo
5,10000.0,91,0.7582417582417582,1,2,1,0,0,0,1,0,1,0,0,0,0,gratuito
1,10000.0,0,0.0,31,2,1,0,0,0,1,0,0,1,0,0,0,baixo
4,35000.0,4,1.0,1,2,1,0,0,0,1,1,0,0,0,0,0,medio_baixo
4,0.0,0,0.0,0,0,1,0,0,0,0,0,0,0,0,0,0,gratuito
1,10000.0,0,0.0,2,2,1,0,0,0,1,0,0,1,0,0,0,alto
4,10000.0,9,0.8888888888888888,1,3,1,0,0,0,1,0,1,1,0,0,0,baixo
8,10000.0,2,1.0,1,2,1,1,0,0,1,1,0,0,0,0,0,medio_alto
2,10000.0,14,1.0,8,3,1,0,0,0,1,1,0,1,0,0,0,medio_alto
1,10000.0,96,0.9166666666666666,1,1,1,0,0,0,0,1,0,0,0,0,0,medio_alto
2,0.0,0,0.0,3,6,1,0,0,0,0,1,0,1,1,0,1,gratuito
6,10000.0,40,0.675,1,3,1,0,0,0,1,0,1,1,0,0,0,alto
4,35000.0,562,0.9217081850533808,1,2,1,0,0,1,1,0,1,0,0,0,0,medio_baixo
3,10000.0,15,0.8666666666666667,10,2,1,0,0,0,1,0,0,0,0,1,0,medio_alto
3,0.0,0,0.0,0,0,1,0,0,0,0,0,0,0,0,0,0,gratuito
1,10000.0,0,0.0,1,3,1,0,0,0,1,1,1,0,0,0,0,alto
5,10000.0,22,0.6818181818181818,1,4,1,0,0,0,1,0,0,1,0,0,1,gratuito
8,10000.0,2,0.5,1,5,1,0,0,0,1,1,1,0,1,0,0,medio_alto
1,10000.0,0,0.0,2,4,1,0,0,0,1,0,0,0,1,1,1,alto
3,10000.0,1,1.0,1,3,1,0,0,0,1,0,0,0,0,0,1,alto
9,10000.0,30,0.6666666666666666,11,3,1,1,1,0,1,0,0,1,0,0,1,alto
1,0.0,0,0.0,103,1,1,0,0,0,0,0,0,0,1,0,0,medio_alto
6,10000.0,10,0.7,4,1,1,0,0,0,0,0,0,1,0,0,0,alto
6,10000.0,2,1.0,1,7,1,0,0,0,1,0,0,1,1,1,1,medio_baixo
6,10000.0,17,0.7058823529411765,6,3,1,0,0,0,1,1,1,0,0,0,0,medio_baixo
5,10000.0,3,1.0,1,5,1,0,0,0,1,0,1,1,0,0,1,medio_alto
3,35000.0,5,0.6,1,1,1,0,0,0,1,0,0,0,0,0,0,baixo
9,10000.0,11,0.9090909090909091,1,3,1,0,0,0,1,0,0,0,0,0,1,alto
6,35000.0,3,0.0,1,2,1,1,1,0,1,0,0,1,0,0,0,medio_baixo
7,10000.0,49,0.9795918367346939,1,2,1,0,0,0,0,0,0,0,1,0,0,gratuito
7,750000.0,2883,0.6368366285119667,12,1,1,0,0,4,0,0,0,0,0,0,0,medio_alto
7,10000.0,22,0.6363636363636364,29,3,1,0,0,1,1,0,1,1,0,0,0,baixo
1,0.0,0,0.0,1,3,1,0,0,0,0,0,1,1,0,0,0,gratuito
1,0.0,0,0.0,1,3,1,1,1,0,0,1,0,0,0,0,0,alto
9,10000.0,10,0.4,1,2,1,0,0,0,0,1,0,0,0,0,0,alto
2,10000.0,4,0.75,1,3,1,0,0,0,1,1,1,0,0,0,0,medio_baixo
2,10000.0,31,0.8387096774193549,1,4,1,0,0,0,1,0,1,1,0,0,1,baixo
1,10000.0,0,0.0,20,4,1,0,0,0,1,0,0,1,0,0,1,gratuito
3,10000.0,1,1.0,1,2,1,0,0,0,0,0,0,1,1,0,0,medio_alto
2,0.0,0,0.0,0,0,1,0,0,0,0,0,0,0,0,0,0,gratuito
5,10000.0,39,0.9487179487179487,1,2,1,1,1,0,1,0,0,1,0,0,0,alto
8,10000.0,0,0.0,2,2,1,0,0,0,1,0,0,1,0,0,0,baixo
2,10000.0,299,0.9130434782608695,2,2,1,0,0,0,0,0,1,1,0,0,0,alto
5,10000.0,107,0.7570093457943925,7,1,1,0,0,0,1,0,0,0,0,0,0,baixo
1,0.0,0,0.0,2,7,1,0,0,0,1,1,0,1,1,1,1,baixo
1,0.0,0,0.0,0,0,1,0,0,0,0,0,0,0,0,0,0,gratuito
10,35000.0,22,0.8181818181818182,1,2,1,1,1,0,1,1,0,0,0,0,0,medio_baixo
5,35000.0,45,0.7555555555555555,30,5,1,1,1,1,1,1,1,1,0,1,0,baixo
3,10000.0,40,0.95,11,3,1,0,0,0,0,0,1,0,1,1,0,baixo
2,75000.0,1045,0.8258373205741627,10,3,1,0,0,1,1,1,0,0,1,0,0,medio_alto
5,10000.0,68,0.9264705882352942,1,2,1,0,0,0,1,1,0,0,0,0,0,alto
8,75000.0,149,0.7248322147651006,7,1,1,0,0,0,0,0,1,0,0,0,0,baixo
8,10000.0,127,0.8661417322834646,1,3,1,1,1,0,1,1,0,0,0,1,0,gratuito
1,10000.0,17,0.8823529411764706,2,3,1,0,0,0,1,0,1,0,0,1,0,medio_alto
3,10000.0,104,0.7307692307692307,1,4,1,0,0,0,1,1,1,1,0,0,0,baixo
5,0.0,0,0.0,1,2,1,0,0,0,0,0,0,0,0,0,1,gratuito
2,10000.0,9,1.0,2,2,1,0,0,0,0,0,0,1,0,0,0,gratuito
10,35000.0,64,0.8125,1,2,1,1,1,0,1,1,0,0,0,0,0,baixo
12,350000.0,1531,0.8896146309601568,1,2,1,1,0,0,1,0,1,0,0,0,0,alto
8,10000.0,28,0.5,1,3,1,0,0,1,1,1,0,1,0,0,0,gratuito
10,10000.0,30,0.3333333333333333,1,1,1,1,0,0,0,0,0,0,0,1,0,medio_alto
2,10000.0,1,0.0,1,3,1,0,0,0,0,1,1,0,1,0,0,baixo
3,10000.0,135,0.9333333333333333,1,2,1,1,1,0,1,0,0,1,0,0,0,medio_alto
1,10000.0,0,0.0,13,7,1,0,0,0,1,1,1,0,1,1,1,alto
3,10000.0,27,0.5185185185185185,103,7,1,0,0,0,0,1,1,1,1,1,1,baixo
9,10000.0,52,0.8846153846153846,1,3,1,1,0,0,1,0,1,1,0,0,0,medio_baixo
1,10000.0,0,0.0,1,3,1,0,0,0,1,1,1,0,0,0,0,alto
2,10000.0,25,0.68,1,5,1,0,0,0,1,1,0,0,0,0,1,baixo
2,10000.0,147,0.8571428571428571,11,2,1,0,0,0,1,0,1,0,0,0,0,baixo
8,35000.0,806,0.6836228287841191,7,2,1,0,0,0,1,0,1,0,0,0,0,alto
4,0.0,0,0.0,1,3,1,0,0,0,1,0,1,0,0,0,0,gratuito
1,0.0,0,0.0,1,3,1,0,0,0,1,0,0,1,0,0,0,gratuito
9,35000.0,116,0.7327586206896551,6,1,1,0,0,0,0,0,0,1,0,0,0,baixo
5,10000.0,24,0.7083333333333334,3,3,1,0,0,0,1,1,1,0,0,0,0,baixo
1,0.0,0,0.0,0,0,1,0,0,0,0,0,0,0,0,0,0,gratuito
6,10000.0,0,0.0,1,2,1,0,0,0,1,0,0,0,0,1,0,medio_alto
6,10000.0,1,0.0,1,2,1,0,1,1,1,1,0,0,0,0,0,medio_alto
6,10000.0,46,0.717391304347826,3,1,1,0,0,1,1,0,0,0,0,0,0,medio_baixo
1,10000.0,188,0.44680851063829785,3,2,1,0,0,0,0,1,1,0,0,0,0,medio_alto
1,10000.0,0,0.0,7,3,1,0,0,0,0,0,1,1,0,0,0,medio_baixo
5,10000.0,5,0.8,1,2,1,0,0,0,0,1,0,0,0,0,0,medio_alto
2,10000.0,0,0.0,1,3,1,1,0,0,1,0,0,1,0,1,0,medio_baixo
3,10000.0,6,0.8333333333333334,1,2,1,0,0,0,0,1,0,0,0,0,0,medio_alto
10,10000.0,26,0.6538461538461539,1,2,1,0,0,0,1,0,0,1,0,0,0,medio_baixo
1,10000.0,0,0.0,1,3,1,0,0,0,1,0,0,1,0,0,1,medio_baixo
7,10000.0,10,0.8,1,3,1,0,0,0,1,0,0,1,0,1,0,baixo
1,0.0,0,0.0,0,0,1,0,0,0,0,0,0,0,0,0,0,gratuito
1,10000.0,3,1.0,11,9,1,0,0,0,1,0,0,0,0,0,0,medio_alto
3,10000.0,2,1.0,1,1,1,0,0,0,0,0,0,1,0,0,0,baixo
1,10000.0,0,0.0,1,2,1,0,0,0,0,0,1,1,0,0,0,alto
5,10000.0,919,0.8226332970620239,8,4,1,0,0,1,1,0,1,1,0,0,1,baixo
4,35000.0,193,0.6839378238341969,3,3,1,0,0,0,0,1,1,0,1,0,0,alto
8,10000.0,8,0.5,1,1,1,0,0,0,1,0,0,0,0,0,0,alto
7,10000.0,2,1.0,8,5,1,0,0,0,1,1,0,1,0,0,1,medio_baixo
2,10000.0,4,0.75,6,3,1,0,0,0,1,0,0,1,1,0,0,medio_baixo
3,10000.0,7,0.7142857142857143,3,3,1,0,0,0,1,1,1,0,0,0,0,alto
3,10000.0,30,0.8666666666666667,1,4,1,1,0,0,1,0,0,1,0,1,0,gratuito
2,10000.0,15,0.9333333333333333,10,5,1,0,0,0,1,0,1,1,1,1,0,medio_alto
9,75000.0,1205,0.8780082987551867,1,3,1,1,0,1,1,0,1,1,0,0,0,medio_alto
2,0.0,0,0.0,103,8,1,1,1,0,1,1,1,1,1,1,1,alto
5,150000.0,280,0.9285714285714286,3,4,1,1,1,0,1,0,0,0,0,1,1,gratuito
2,10000.0,18,0.9444444444444444,1,1,1,1,1,0,0,0,0,1,0,0,0,medio_baixo
1,10000.0,1,1.0,1,5,1,0,0,0,1,0,1,0,1,1,0,medio_alto
1,10000.0,0,0.0,1,2,1,0,0,0,1,0,0,1,0,0,0,medio_baixo
5,10000.0,0,0.0,1,2,1,0,0,0,1,0,0,1,0,0,0,baixo
2,150000.0,3272,0.9046454767726161,7,1,1,0,0,0,0,0,1,0,0,0,0,alto
3,10000.0,0,0.0,12,2,1,0,0,0,1,0,0,1,0,0,0,medio_baixo
7,10000.0,12,0.6666666666666666,1,2,1,0,0,0,1,0,1,0,0,0,0,baixo
2,10000.0,9,1.0,1,2,1,0,0,0,1,0,0,1,0,0,0,baixo
3,10000.0,25,0.92,1,3,1,1,0,1,1,1,0,1,0,0,0,medio_alto
12,75000.0,332,0.5,1,3,1,1,1,0,1,0,0,0,1,1,0,alto
11,10000.0,27,0.2222222222222222,1,3,1,0,0,0,1,1,0,1,0,0,0,medio_alto
2,0.0,0,0.0,1,3,1,0,0,0,1,0,0,1,0,0,0,gratuito
10,10000.0,14,0.6428571428571429,1,1,1,0,0,0,1,0,0,0,0,0,0,medio_baixo
2,10000.0,4,1.0,2,1,1,0,0,0,0,0,1,0,0,0,0,baixo
4,10000.0,38,0.868421052631579,14,3,1,0,0,1,1,1,1,0,0,0,0,medio_baixo
1,0.0,0,0.0,1,4,1,0,0,0,1,0,0,0,0,1,1,gratuito
5,35000.0,220,0.8727272727272727,5,5,1,0,0,0,1,1,0,1,0,0,0,gratuito
7,35000.0,10,0.7,1,3,1,0,0,0,0,1,1,1,0,0,0,baixo
3,150000.0,214,0.9112149532710281,11,2,1,0,0,0,1,0,1,0,0,0,0,medio_baixo
3,0.0,0,0.0,0,0,1,0,0,0,0,0,0,0,0,0,0,gratuito
4,350000.0,6383,0.7357042143192856,9,3,1,0,0,1,0,1,1,0,1,0,0,alto
2,0.0,0,0.0,0,0,1,0,0,0,0,0,0,0,0,0,0,gratuito
3,10000.0,3,1.0,1,1,1,1,0,0,0,0,0,1,0,0,0,medio_alto
3,75000.0,30,0.7666666666666667,7,4,1,0,0,0,1,1,0,1,0,0,1,gratuito
8,10000.0,5,0.8,1,1,1,0,1,0,1,0,0,0,0,0,0,baixo
7,10000.0,3,1.0,1,7,1,0,0,0,1,1,1,1,0,0,1,baixo
8,10000.0,37,0.918918918918919,1,2,1,1,1,0,1,0,0,1,0,0,0,baixo
4,10000.0,1,1.0,1,3,1,0,0,0,1,1,0,1,0,0,0,baixo
10,10000.0,25,0.68,1,2,1,0,0,0,1,1,0,0,0,0,0,baixo
4,150000.0,11,0.9090909090909091,1,3,1,0,1,0,0,0,0,0,0,1,1,gratuito
2,10000.0,92,0.9565217391304348,4,4,1,0,0,0,1,0,1,0,1,0,1,medio_alto
1,10000.0,0,0.0,14,4,1,0,0,0,1,1,1,0,0,1,0,alto
2,10000.0,35,0.7714285714285715,1,4,1,0,0,0,1,1,1,1,0,0,0,baixo
5,0.0,0,0.0,0,0,1,0,0,0,0,0,0,0,0,0,0,gratuito
7,10000.0,7,0.5714285714285714,1,4,1,0,0,0,1,1,1,0,0,0,0,gratuito
3,150000.0,80,0.9,6,1,1,1,0,1,0,0,1,0,0,0,0,medio_alto
5,10000.0,2,0.0,1,2,1,0,0,0,1,1,0,0,0,0,0,medio_baixo
2,350000.0,7663,0.953021010048284,5,5,1,0,0,0,1,0,1,0,1,1,1,medio_alto
10,10000.0,104,0.9134615384615384,5,4,1,0,0,0,1,1,1,1,0,0,0,medio_baixo
2,35000.0,12,0.6666666666666666,1,3,1,0,0,0,1,0,1,1,0,0,0,medio_alto
6,75000.0,2146,0.8345759552656105,1,3,1,0,0,0,1,1,0,0,1,0,0,medio_alto
3,0.0,0,0.0,1,2,1,0,0,0,0,0,0,1,0,0,0,gratuito
5,75000.0,544,0.6599264705882353,9,2,1,0,0,1,0,0,0,0,1,1,0,baixo
3,0.0,0,0.0,103,2,1,1,1,0,1,0,0,1,0,0,0,medio_alto
5,10000.0,219,0.7808219178082192,2,2,1,0,0,0,1,1,0,0,0,0,0,baixo
5,10000.0,0,0.0,4,3,1,1,1,1,1,1,0,0,1,0,0,medio_baixo
2,10000.0,18,0.9444444444444444,1,5,1,0,0,0,1,0,1,0,1,1,0,alto
3,10000.0,2,0.0,1,3,1,0,0,0,1,1,0,0,0,1,0,baixo
1,0.0,0,0.0,0,0,1,0,0,0,0,0,0,0,0,0,0,gratuito
3,10000.0,7,0.2857142857142857,24,3,1,0,0,1,1,0,0,1,0,0,1,medio_alto
2,10000.0,22,0.9090909090909091,3,5,1,0,0,0,1,1,0,1,1,0,0,gratuito
2,75000.0,406,0.8817733990147784,3,3,1,0,0,0,1,0,1,0,1,0,0,alto
10,10000.0,17,0.4117647058823529,1,2,1,0,0,0,1,0,1,0,0,0,0,baixo
1,0.0,0,0.0,1,7,1,1,0,0,1,1,1,1,1,0,1,alto
12,75000.0,700,0.8885714285714286,5,4,1,1,1,1,1,1,0,1,0,0,0,alto
1,10000.0,0,0.0,7,5,1,1,1,0,1,1,1,1,0,1,0,medio_baixo
6,350000.0,3656,0.9729212253829321,103,2,1,0,0,0,1,0,0,1,0,0,0,baixo
6,10000.0,36,1.0,1,3,1,0,0,0,1,0,0,1,0,1,0,gratuito
8,35000.0,345,0.8405797101449275,1,2,1,0,0,9,1,1,0,0,0,0,0,alto
4,0.0,0,0.0,0,0,1,0,0,0,0,0,0,0,0,0,0,gratuito
6,10000.0,12,0.4166666666666667,2,3,1,0,0,0,1,1,0,0,1,0,0,alto
11,10000.0,6,0.8333333333333334,1,3,1,0,0,1,1,1,0,1,0,0,0,alto
9,10000.0,112,0.9285714285714286,2,2,1,1,1,2,1,0,1,0,0,0,0,medio_alto
3,10000.0,64,0.921875,5,3,1,0,0,0,1,1,0,1,0,0,0,alto
5,0.0,0,0.0,0,0,1,0,0,0,0,0,0,0,0,0,0,gratuito
1,0.0,0,0.0,4,3,1,0,0,0,1,0,1,0,0,1,0,baixo
1,10000.0,0,0.0,4,2,1,0,0,0,1,0,0,1,0,0,0,medio_baixo
1,0.0,0,0.0,7,2,1,0,0,0,0,1,0,0,0,0,0,alto
9,75000.0,133,0.9022556390977443,1,6,1,0,0,0,1,1,1,1,0,0,0,gratuito
1,0.0,0,0.0,1,3,1,0,0,0,1,0,0,0,0,1,0,gratuito
7,75000.0,29,0.5862068965517241,4,5,1,0,0,0,0,1,1,1,1,1,0,medio_alto
9,10000.0,4,0.5,1,2,1,0,0,0,0,0,1,1,0,0,0,medio_alto
1,10000.0,3,0.6666666666666666,1,2,1,0,0,0,1,1,0,0,0,0,0,baixo
2,10000.0,168,0.9404761904761905,1,3,1,0,0,0,0,1,0,0,0,0,0,medio_alto
9,10000.0,12,0.6666666666666666,1,2,1,0,0,0,1,1,0,0,0,0,0,medio_alto
3,10000.0,104,0.875,3,2,1,0,0,0,1,0,0,0,1,0,0,alto
3,10000.0,3,0.3333333333333333,1,4,1,0,0,0,1,1,1,0,1,0,0,medio_alto
6,350000.0,715,0.8615384615384616,2,4,1,0,0,0,0,1,0,0,1,1,1,baixo
3,10000.0,7,0.8571428571428571,1,5,1,0,0,0,1,1,0,1,0,0,1,baixo
1,10000.0,0,0.0,1,2,1,0,0,0,1,0,0,1,0,0,0,medio_baixo
2,10000.0,1,1.0,1,2,1,0,0,0,1,1,0,0,0,0,0,baixo
2,10000.0,15,0.8,7,4,1,1,0,0,1,0,1,0,0,0,1,alto
8,10000.0,186,0.6451612903225806,1,2,1,0,0,1,1,0,1,0,0,0,0,medio_alto
3,10000.0,82,1.0,1,1,1,0,0,0,0,0,0,1,0,0,0,gratuito
4,10000.0,3,0.6666666666666666,1,3,1,1,0,0,1,0,0,1,0,1,0,medio_baixo
4,10000.0,2,0.5,1,1,1,0,1,0,0,0,0,0,0,0,0,baixo
10,75000.0,92,0.8152173913043478,1,2,1,1,1,0,0,1,0,1,0,0,0,baixo
2,10000.0,6,1.0,1,1,1,0,0,0,0,1,0,0,0,0,0,baixo
5,10000.0,19,0.631578947368421,1,4,1,0,0,0,1,1,1,0,1,0,0,medio_alto
1,0.0,0,0.0,103,3,1,0,0,0,1,1,0,1,0,0,0,baixo
11,350000.0,1535,0.8325732899022801,1,2,1,0,0,0,0,0,0,1,0,0,0,gratuito
1,10000.0,0,0.0,9,5,1,0,0,0,1,1,0,0,0,1,1,medio_alto
7,10000.0,9,0.1111111111111111,1,4,1,0,0,0,0,1,1,0,0,0,0,alto
1,10000.0,0,0.0,3,6,1,0,0,0,1,1,1,0,0,1,1,alto
3,10000.0,0,0.0,1,2,1,1,0,0,1,0,0,0,0,1,0,medio_baixo
2,350000.0,9673,0.8494779282539027,12,3,1,0,0,2,1,0,0,0,0,1,1,alto
2,10000.0,9,0.6666666666666666,1,3,1,0,0,0,1,0,1,1,0,0,0,baixo
2,10000.0,5,0.8,2,2,1,0,0,1,0,1,0,1,0,0,0,medio_baixo
4,150000.0,1976,0.6720647773279352,6,2,1,0,0,2,0,1,0,0,1,0,0,alto
8,10000.0,13,0.8461538461538461,1,1,1,0,0,0,1,0,0,0,0,0,0,baixo
4,35000.0,4,0.5,1,1,1,0,0,0,0,0,0,0,1,0,0,alto
1,0.0,0,0.0,15,6,1,0,0,0,1,1,0,1,1,1,1,medio_baixo
9,10000.0,25,1.0,1,3,1,0,1,0,0,1,0,0,1,0,1,baixo
3,10000.0,3,0.3333333333333333,1,4,1,0,0,0,1,0,1,1,0,1,0,medio_baixo
2,10000.0,4,0.75,1,2,1,0,0,0,0,0,0,0,0,1,1,alto
8,10000.0,116,0.853448275862069,3,1,1,1,0,0,0,0,0,1,0,0,0,baixo
3,1500000.0,16258,0.851396235699348,16,3,1,0,0,1,1,1,1,0,0,0,0,medio_alto
2,750000.0,6575,0.9373384030418251,3,5,1,0,0,0,1,0,0,0,1,1,1,alto
16,350000.0,511,0.5185909980430529,3,2,1,0,0,0,0,0,0,0,1,1,0,medio_alto
3,10000.0,4,1.0,8,3,1,0,0,0,1,0,1,1,0,0,0,alto
3,10000.0,12,0.8333333333333334,1,3,1,0,0,0,1,1,1,0,0,0,0,medio_baixo
7,10000.0,14,1.0,1,4,1,0,0,8,1,1,0,1,0,0,0,alto
4,10000.0,102,0.6764705882352942,6,0,1,0,0,1,0,0,0,0,0,0,0,baixo
4,10000.0,1,1.0,1,4,1,0,0,0,1,1,1,1,0,0,0,medio_baixo
5,10000.0,93,0.8709677419354839,6,3,1,0,0,0,1,1,1,0,0,0,0,baixo
4,10000.0,0,0.0,5,2,1,0,0,1,1,0,1,0,0,0,0,medio_alto
2,10000.0,2,0.5,1,1,1,0,0,0,0,0,0,0,1,0,0,alto
2,10000.0,1,1.0,2,2,1,0,0,0,0,0,0,1,0,0,1,baixo
1,0.0,0,0.0,0,0,1,0,0,0,0,0,0,0,0,0,0,gratuito
12,35000.0,128,0.6328125,6,4,1,1,1,0,1,1,1,1,0,0,0,baixo
2,0.0,0,0.0,1,3,1,0,0,0,0,1,1,0,0,0,0,gratuito
4,1500000.0,5167,0.7325333849429069,19,4,1,1,1,0,1,1,1,0,0,0,0,gratuito
2,0.0,0,0.0,0,0,1,0,0,0,0,0,0,0,0,0,0,gratuito
4,10000.0,24,0.5416666666666666,1,3,1,0,0,0,1,0,1,1,0,0,0,baixo
7,10000.0,9,0.5555555555555556,1,3,1,0,0,0,1,1,1,0,0,0,0,baixo
2,0.0,0,0.0,1,3,1,0,0,0,1,0,0,0,0,0,1,gratuito
9,10000.0,45,0.9333333333333333,1,2,1,1,1,0,1,0,0,1,0,0,0,alto
8,35000.0,266,0.8533834586466166,9,2,1,1,1,0,0,0,1,1,0,0,0,medio_alto
2,0.0,0,0.0,1,3,1,0,0,0,1,0,0,1,0,0,0,gratuito
5,10000.0,5,0.8,2,1,1,0,0,0,0,0,0,1,0,0,0,medio_baixo
11,10000.0,45,0.7111111111111111,1,3,1,1,1,1,1,1,0,1,0,0,0,medio_alto
3,350000.0,8394,0.9347152728139148,10,3,1,0,0,0,1,0,1,0,0,0,1,medio_baixo
3,10000.0,97,0.865979381443299,10,2,1,1,0,0,1,0,0,1,0,0,0,baixo
7,35000.0,182,0.8956043956043956,1,3,1,0,0,0,1,0,1,0,0,0,0,gratuito
3,10000.0,101,0.9801980198019802,1,3,1,0,0,0,1,0,0,1,0,0,1,medio_alto
8,10000.0,22,0.7272727272727273,1,1,1,0,0,0,0,0,0,0,0,0,0,medio_alto
7,10000.0,6,1.0,4,3,1,0,0,0,1,1,0,1,0,0,0,alto
7,10000.0,0,0.0,29,1,1,0,0,0,0,0,0,1,0,0,0,baixo
14,1500000.0,24676,0.9687550656508348,1,2,1,1,1,0,1,1,0,0,0,0,0,baixo
1,10000.0,1,1.0,1,2,1,0,0,0,1,0,1,0,0,0,0,baixo
2,10000.0,0,0.0,1,2,1,0,0,0,0,1,1,0,0,0,0,baixo
3,35000.0,332,0.6897590361445783,7,4,1,0,0,0,1,1,1,0,1,0,0,alto
4,75000.0,3,1.0,1,2,1,0,0,0,1,1,0,0,0,0,0,baixo
3,10000.0,4,1.0,3,3,1,0,0,0,1,1,0,0,0,0,0,medio_alto
2,10000.0,31,0.5483870967741935,12,4,1,1,0,1,1,0,1,1,1,0,0,alto
1,10000.0,0,0.0,1,2,1,0,0,0,0,1,0,0,0,0,1,baixo
2,10000.0,1,1.0,2,1,1,0,0,1,0,0,0,1,0,0,0,medio_baixo
4,10000.0,0,0.0,4,3,1,0,0,0,1,1,1,0,0,0,0,medio_alto
1,0.0,0,0.0,1,5,1,0,0,0,1,1,0,1,1,0,0,gratuito
7,10000.0,28,0.8214285714285714,1,3,1,0,0,0,1,0,0,1,0,0,0,gratuito
5,10000.0,5,1.0,1,7,1,0,0,0,1,0,0,0,0,0,0,alto
4,10000.0,10,0.8,7,1,1,0,0,0,0,0,0,1,0,0,0,medio_alto
10,750000.0,8389,0.8421742758374061,13,2,1,1,1,8,1,0,0,0,0,1,0,medio_alto
4,10000.0,12,0.8333333333333334,1,2,1,0,0,0,1,1,0,0,0,0,0,baixo
3,35000.0,5,0.8,1,2,1,0,0,0,0,0,1,1,0,0,0,medio_alto
2,10000.0,268,0.8992537313432836,1,3,1,0,0,2,1,1,1,0,0,0,0,medio_alto
2,10000.0,14,0.7142857142857143,2,3,1,0,0,0,1,0,0,1,0,0,0,alto
2,10000.0,51,1.0,1,4,1,0,0,0,1,1,1,0,0,0,1,medio_alto
3,10000.0,25,1.0,2,3,1,0,0,0,1,1,0,1,0,0,0,baixo
6,350000.0,5037,0.9045066507841969,6,2,1,0,0,0,0,1,1,0,0,0,0,medio_baixo
2,10000.0,9,0.5555555555555556,3,3,1,0,0,0,1,0,0,1,0,0,1,baixo
1,0.0,0,0.0,0,0,1,0,0,0,0,0,0,0,0,0,0,gratuito
3,0.0,0,0.0,1,4,1,0,0,1,1,0,0,1,0,0,1,gratuito
3,10000.0,5,0.6,1,4,1,0,0,0,1,1,0,0,0,1,1,medio_baixo
9,10000.0,10,0.6,3,1,1,0,0,0,0,0,0,1,0,0,0,medio_baixo
5,10000.0,12,0.3333333333333333,2,1,1,0,0,0,1,0,0,0,0,0,0,medio_alto
2,10000.0,1,0.0,13,5,1,0,0,0,1,1,1,1,1,0,0,medio_baixo
3,0.0,0,0.0,1,4,1,0,0,0,1,1,0,0,1,0,0,gratuito
1,10000.0,2,0.0,1,4,1,0,0,0,1,0,0,0,0,1,1,alto
3,35000.0,1,0.0,3,5,1,0,0,0,1,0,1,1,0,1,0,baixo
1,10000.0,0,0.0,1,2,1,0,0,0,0,0,0,0,1,0,0,gratuito
1,0.0,0,0.0,1,2,1,0,0,0,0,1,0,0,0,0,0,gratuito
3,10000.0,6,0.3333333333333333,2,3,1,0,0,0,1,0,0,1,0,0,1,alto
2,10000.0,0,0.0,1,3,1,0,0,0,1,1,0,1,0,0,0,medio_alto
7,10000.0,2,0.0,1,2,1,0,0,0,1,0,1,0,0,0,0,baixo
7,10000.0,0,0.0,1,2,1,0,0,0,0,0,1,0,0,0,1,medio_baixo
5,350000.0,80,0.775,3,3,1,0,1,0,1,0,0,0,1,1,0,medio_alto
1,10000.0,38,0.8157894736842105,14,3,1,0,0,0,1,1,0,1,0,0,0,alto
15,75000.0,256,0.515625,2,4,1,0,0,0,1,0,1,0,1,1,0,baixo
5,10000.0,2,1.0,1,1,1,0,0,0,0,1,0,0,0,0,0,medio_baixo
7,10000.0,0,0.0,3,3,0,0,1,0,1,1,0,1,0,0,0,gratuito
2,10000.0,22,0.9545454545454546,4,4,1,0,0,2,1,0,0,1,0,1,1,medio_alto
14,350000.0,1826,0.6308871851040526,1,3,1,1,1,0,1,0,1,1,0,0,0,medio_baixo
6,10000.0,54,0.5740740740740741,17,5,1,1,0,0,1,0,1,1,0,1,1,alto
6,150000.0,3778,0.8446267866596082,8,1,1,0,0,17,0,0,0,0,0,1,0,alto
6,10000.0,11,0.5454545454545454,2,5,1,0,0,0,1,0,1,1,0,1,1,medio_baixo
1,10000.0,16,1.0,2,3,1,0,0,0,1,0,0,0,0,1,0,alto
4,10000.0,29,0.8620689655172413,1,3,1,0,0,0,1,1,0,1,0,0,0,baixo
8,10000.0,74,0.7837837837837838,1,4,1,0,0,0,1,1,0,1,0,0,1,baixo
4,75000.0,1455,0.9457044673539519,10,4,1,0,0,1,1,1,1,0,1,0,0,gratuito
5,35000.0,0,0.0,1,2,1,1,0,0,1,0,0,0,0,0,1,medio_baixo
4,10000.0,100,0.81,1,1,1,0,0,0,0,1,0,0,0,0,0,medio_alto
3,10000.0,27,0.9259259259259259,1,4,1,0,0,1,1,0,1,0,1,0,0,gratuito
8,10000.0,24,0.8333333333333334,1,4,1,1,1,0,1,1,0,1,0,0,0,medio_alto
2,350000.0,3663,0.7362817362817363,11,4,1,0,0,1,1,0,0,1,1,1,0,medio_alto
1,10000.0,0,0.0,1,2,1,1,1,3,0,0,0,1,0,0,0,gratuito
6,10000.0,56,0.875,4,3,1,0,0,0,1,0,0,1,0,0,1,medio_baixo
4,350000.0,1908,0.7678197064989518,1,5,1,0,0,0,1,1,1,1,0,0,0,gratuito
1,10000.0,0,0.0,3,2,1,1,1,0,1,0,0,1,0,0,0,medio_baixo
1,10000.0,7,0.8571428571428571,1,2,1,0,0,0,0,1,1,0,0,0,0,medio_alto
5,10000.0,12,0.9166666666666666,1,5,1,0,0,0,1,1,0,1,0,1,1,gratuito
2,10000.0,0,0.0,1,2,1,0,0,0,0,0,0,1,0,1,0,baixo
1,0.0,0,0.0,0,0,1,0,0,0,0,0,0,0,0,0,0,gratuito
8,350000.0,1198,0.6227045075125208,2,4,1,0,0,0,1,0,0,1,0,1,1,medio_baixo
2,0.0,0,0.0,103,4,1,0,0,0,1,0,0,1,0,0,1,gratuito
1,10000.0,0,0.0,4,4,1,0,0,1,1,0,0,0,1,0,0,gratuito
9,35000.0,3,1.0,1,2,1,1,0,0,1,0,0,1,0,0,0,medio_baixo
10,10000.0,208,0.9759615384615384,1,2,1,1,1,0,1,0,0,1,0,0,0,baixo
2,35000.0,297,0.8956228956228957,15,1,1,0,0,0,0,0,0,0,0,1,0,medio_baixo
12,75000.0,77,0.4025974025974026,12,2,1,1,1,0,1,0,1,0,0,0,0,medio_alto
11,350000.0,1883,0.7742963356346256,6,3,1,1,1,1,1,0,0,0,0,1,1,alto
3,10000.0,6,1.0,1,6,1,0,0,0,1,1,1,1,1,0,0,baixo
6,7500000.0,343000,0.9725568513119534,17,1,1,0,0,13,0,1,0,0,0,0,0,alto
10,10000.0,15,0.9333333333333333,1,2,1,0,0,0,0,0,1,1,0,0,0,medio_alto
3,10000.0,7,1.0,2,2,1,0,0,0,1,0,1,0,0,0,0,alto
5,10000.0,1,0.0,1,3,1,0,0,0,1,1,1,0,0,0,0,medio_baixo
3,35000.0,9,0.8888888888888888,1,1,1,0,0,0,0,1,0,0,0,0,0,baixo
2,10000.0,0,0.0,1,1,1,0,0,0,1,0,0,0,0,0,0,alto
1,10000.0,0,0.0,1,3,1,0,0,3,0,0,1,1,1,0,0,medio_alto
9,75000.0,796,0.7914572864321608,29,1,1,1,0,0,0,0,0,0,0,0,0,baixo
3,10000.0,44,0.9545454545454546,4,1,1,0,0,0,0,0,0,0,0,0,1,baixo
5,75000.0,1329,0.8645598194130926,2,4,1,0,0,2,0,0,0,1,1,1,1,medio_baixo
2,10000.0,7,0.42857142857142855,10,3,1,0,0,0,1,0,0,1,0,1,0,medio_baixo
2,75000.0,6,1.0,1,3,1,0,0,0,1,1,1,0,0,0,0,medio_baixo
4,0.0,0,0.0,1,3,1,0,0,0,1,1,0,0,0,0,0,gratuito
5,10000.0,238,0.7142857142857143,7,3,1,0,0,1,1,0,0,0,1,1,0,medio_baixo
4,0.0,0,0.0,1,5,1,0,0,0,0,1,0,0,1,1,0,gratuito
10,350000.0,691,0.6816208393632417,1,5,1,1,0,4,1,0,0,1,0,1,1,gratuito
2,10000.0,0,0.0,1,3,1,0,1,1,0,1,1,0,0,0,0,gratuito
2,35000.0,461,0.7071583514099783,8,3,1,0,0,1,1,1,1,0,0,0,0,medio_alto
7,150000.0,77,0.8051948051948052,5,4,1,0,0,0,1,1,1,0,1,0,0,medio_baixo
6,10000.0,42,0.8809523809523809,8,2,1,1,1,0,1,0,0,1,0,0,0,medio_baixo
6,75000.0,40,0.65,5,2,1,0,0,0,1,0,1,0,0,0,0,baixo
5,10000.0,10,0.8,1,2,1,0,0,0,1,0,1,0,0,0,0,medio_baixo
2,10000.0,7,1.0,1,3,1,0,0,0,1,1,1,0,0,0,0,alto
6,10000.0,14,0.7857142857142857,1,5,1,0,0,0,1,1,1,1,0,1,0,alto
6,10000.0,28,0.8571428571428571,6,4,1,0,0,0,1,1,1,0,0,0,0,medio_baixo
3,10000.0,5,1.0,1,1,1,0,0,0,0,0,0,0,0,0,1,alto
5,0.0,0,0.0,14,2,1,0,0,0,1,0,1,0,0,0,0,gratuito
3,10000.0,12,0.9166666666666666,3,2,1,0,0,0,1,0,0,0,0,1,0,medio_baixo
1,10000.0,0,0.0,1,2,1,0,0,0,1,1,0,0,0,0,0,baixo
6,10000.0,25,0.72,1,3,1,0,0,0,1,1,0,0,0,0,0,medio_baixo
12,3500000.0,15377,0.865123236001821,1,1,1,0,0,0,0,1,0,0,0,0,0,medio_baixo
1,10000.0,0,0.0,1,2,1,0,0,2,1,1,0,0,0,0,0,alto
1,10000.0,0,0.0,13,3,1,1,1,0,1,0,0,1,0,1,0,baixo
1,10000.0,9,1.0,29,4,1,0,1,0,1,0,1,1,0,0,1,baixo
2,35000.0,11,1.0,9,4,1,0,0,1,1,1,1,0,1,0,0,alto
2,10000.0,53,0.9056603773584906,9,2,1,0,0,0,1,0,0,0,0,1,0,alto
5,0.0,0,0.0,0,0,1,0,0,0,0,0,0,0,0,0,0,gratuito
1,0.0,0,0.0,0,0,1,0,0,0,0,0,0,0,0,0,0,gratuito
3,10000.0,3,0.6666666666666666,1,1,1,0,0,0,1,0,0,0,0,0,0,medio_baixo
4,0.0,0,0.0,0,0,1,0,0,0,0,0,0,0,0,0,0,gratuito
1,0.0,0,0.0,0,0,1,0,0,0,0,0,0,0,0,0,0,gratuito
7,10000.0,32,1.0,1,3,1,1,1,0,1,1,0,1,0,0,0,baixo
5,0.0,0,0.0,2,7,1,0,0,0,1,0,1,1,1,1,1,gratuito
7,10000.0,357,0.8375350140056023,9,4,1,1,0,0,1,0,1,0,0,0,1,alto
5,10000.0,4,0.25,1,3,1,0,0,0,1,0,1,1,0,0,0,baixo
3,10000.0,119,0.48739495798319327,1,2,1,0,0,1,0,0,0,0,1,0,1,medio_alto
6,75000.0,16,0.8125,11,2,1,1,0,1,1,0,1,0,0,0,0,medio_baixo
3,0.0,0,0.0,1,2,1,0,0,0,0,0,0,0,0,1,1,gratuito
1,0.0,0,0.0,3,2,1,1,1,0,1,0,0,1,0,0,0,medio_alto
2,0.0,0,0.0,17,3,1,1,1,1,1,0,1,1,0,0,0,baixo
1,10000.0,0,0.0,1,5,1,0,0,0,1,1,0,1,0,1,0,medio_alto
4,10000.0,47,0.6595744680851063,2,3,1,0,0,0,0,1,1,0,0,0,0,gratuito
8,10000.0,12,0.8333333333333334,1,4,1,0,0,0,1,1,1,0,0,0,0,gratuito
3,10000.0,1,1.0,1,3,1,0,0,0,1,0,0,1,0,1,0,medio_baixo
1,10000.0,0,0.0,1,3,1,0,0,0,1,0,0,1,0,0,0,medio_baixo
6,35000.0,33,0.8181818181818182,1,1,1,0,0,0,0,0,0,0,0,0,0,gratuito
2,10000.0,4,1.0,1,4,1,0,0,0,1,1,0,1,1,0,0,medio_baixo
4,10000.0,0,0.0,103,5,1,0,0,0,1,0,1,1,0,1,1,baixo
1,10000.0,0,0.0,1,1,1,0,0,0,1,0,0,0,0,0,0,medio_baixo
9,750000.0,1517,0.5056031641397495,16,1,1,0,0,0,0,0,0,0,0,0,0,gratuito
3,0.0,0,0.0,1,1,1,0,0,0,0,0,0,0,0,0,0,gratuito
7,10000.0,19,0.7894736842105263,1,3,1,0,0,0,1,0,1,1,0,0,0,baixo
10,10000.0,47,0.425531914893617,1,3,1,1,1,0,1,0,0,1,0,1,0,medio_baixo
7,10000.0,12,0.5833333333333334,1,3,1,1,1,0,1,0,1,0,1,0,0,medio_alto
1,0.0,0,0.0,2,5,1,0,0,0,0,1,0,0,1,0,1,gratuito
1,10000.0,0,0.0,2,1,1,0,0,0,1,0,0,0,0,0,0,medio_baixo
12,35000.0,758,0.9498680738786279,12,2,1,0,0,0,0,1,1,0,0,0,0,medio_alto
2,10000.0,3,1.0,1,5,1,0,0,0,1,1,0,1,1,0,0,medio_alto
11,75000.0,292,0.6335616438356164,7,2,1,0,1,0,0,0,0,0,0,1,0,gratuito
2,10000.0,0,0.0,1,2,1,0,0,1,0,0,0,1,0,0,0,gratuito
1,0.0,0,0.0,2,2,1,1,1,0,1,0,0,0,0,0,0,gratuito
10,350000.0,1982,0.872351160443996,1,4,1,1,1,0,1,0,0,0,0,1,1,medio_alto
6,150000.0,1106,0.9755877034358047,5,2,1,1,1,0,1,0,1,0,0,0,0,medio_alto
4,10000.0,0,0.0,1,3,1,0,0,4,1,0,0,1,0,0,1,medio_baixo
4,10000.0,36,0.8055555555555556,7,2,1,0,0,1,1,0,0,1,0,0,0,baixo
3,75000.0,77,0.6363636363636364,1,5,1,1,0,0,1,0,1,1,0,0,1,gratuito
2,10000.0,11,0.9090909090909091,1,5,1,1,1,0,1,1,1,1,1,0,0,alto
6,35000.0,8,0.0,2,2,1,0,0,0,1,0,1,0,0,0,0,medio_baixo
8,750000.0,4663,0.8721852884409179,3,1,1,0,0,9,0,0,0,0,1,0,0,alto
4,0.0,0,0.0,0,0,1,0,0,0,0,0,0,0,0,0,0,gratuito
1,10000.0,0,0.0,16,1,1,1,0,0,1,0,0,0,0,0,0,alto
3,10000.0,32,0.78125,1,3,1,1,0,0,1,0,0,0,0,0,1,alto
2,10000.0,2,1.0,1,3,1,1,1,0,1,0,1,1,0,0,0,baixo
6,10000.0,0,0.0,1,5,1,0,0,0,1,1,1,1,1,0,0,alto
1,0.0,0,0.0,0,0,1,0,0,0,0,0,0,0,0,0,0,gratuito
2,10000.0,0,0.0,1,3,1,0,0,0,1,1,0,1,0,0,0,medio_baixo
3,10000.0,55,0.9818181818181818,3,1,1,0,0,0,0,0,1,0,0,0,0,alto
2,10000.0,0,0.0,1,3,1,0,0,0,1,0,1,1,0,0,0,medio_baixo
4,10000.0,37,0.8918918918918919,5,4,1,1,0,0,1,0,0,1,0,1,1,baixo
1,10000.0,0,0.0,7,8,1,0,0,0,1,1,1,1,1,0,1,alto
2,10000.0,3,0.3333333333333333,1,4,1,0,0,0,1,0,0,0,0,1,1,alto
1,10000.0,3,1.0,1,2,1,0,0,0,1,0,0,1,0,0,0,medio_alto
2,0.0,0,0.0,0,0,1,0,0,0,0,0,0,0,0,0,0,gratuito
5,10000.0,2,1.0,1,2,1,1,1,0,0,0,0,1,0,0,1,medio_alto
8,10000.0,27,0.4444444444444444,2,4,1,0,0,0,1,1,1,0,1,0,0,medio_baixo
8,10000.0,23,0.30434782608695654,1,2,1,0,0,0,1,1,0,0,0,0,0,baixo
2,150000.0,2301,0.5658409387222947,1,5,1,0,0,0,1,1,1,0,0,0,0,gratuito
1,0.0,0,0.0,0,0,1,0,0,0,0,0,0,0,0,0,0,gratuito
1,10000.0,0,0.0,1,1,1,0,0,0,1,0,0,0,0,0,0,medio_alto
3,3500000.0,56666,0.851515900187061,14,2,1,0,0,9,0,1,1,0,0,0,0,alto
1,10000.0,0,0.0,1,3,1,0,0,0,1,0,0,1,0,0,1,medio_baixo
3,10000.0,0,0.0,1,2,1,1,1,0,1,0,0,1,0,0,0,gratuito
8,10000.0,4,0.75,1,3,1,0,0,0,1,0,1,1,0,0,0,alto
8,10000.0,1,1.0,1,3,1,0,0,0,0,1,0,0,0,0,1,alto
7,10000.0,5,1.0,1,4,1,0,0,0,1,0,0,1,0,1,0,medio_alto
3,10000.0,1,1.0,8,2,1,1,1,0,0,1,0,1,0,0,0,medio_alto
10,75000.0,396,0.45202020202020204,1,7,1,0,0,0,1,1,1,1,0,1,1,gratuito
9,35000.0,194,0.7061855670103093,17,2,1,1,1,0,0,0,0,0,0,0,1,gratuito
2,10000.0,2,0.5,2,4,1,0,0,0,1,1,1,0,1,0,0,medio_baixo
8,35000.0,246,0.8252032520325203,8,4,1,0,0,1,1,1,0,1,0,0,1,medio_alto
1,10000.0,0,0.0,11,2,1,0,0,0,1,0,0,1,0,0,0,medio_alto
9,10000.0,27,0.7037037037037037,1,2,1,0,0,0,1,1,0,0,0,0,0,medio_alto
3,75000.0,628,0.9156050955414012,3,3,1,0,0,1,0,1,0,0,0,0,1,alto
2,0.0,0,0.0,0,0,1,0,0,0,0,0,0,0,0,0,0,gratuito
4,10000.0,5,0.8,3,5,1,0,0,1,1,1,1,0,1,0,0,medio_alto
4,10000.0,0,0.0,8,2,1,0,0,0,1,0,1,0,0,0,0,baixo
8,10000.0,87,0.6206896551724138,2,5,1,0,1,0,1,0,0,1,1,1,1,baixo
1,10000.0,0,0.0,13,3,1,0,0,0,1,1,1,0,0,0,0,medio_alto
5,35000.0,8,0.625,1,2,1,0,0,1,1,0,0,0,1,0,0,baixo
1,10000.0,0,0.0,1,3,1,1,0,0,1,0,1,1,0,0,0,medio_alto
2,10000.0,154,0.7792207792207793,6,3,1,0,0,0,1,0,0,1,0,1,0,medio_alto
4,0.0,0,0.0,0,0,1,0,0,0,0,0,0,0,0,0,0,gratuito
10,750000.0,6741,0.8814715917519655,7,2,1,0,0,0,0,1,1,0,0,0,0,alto
1,10000.0,0,0.0,1,3,1,1,0,0,1,0,0,1,0,1,0,alto
1,10000.0,12,1.0,8,4,1,0,1,0,1,1,1,0,0,1,0,baixo
7,10000.0,30,0.9,2,3,1,1,0,0,1,1,1,0,0,0,0,gratuito
3,0.0,0,0.0,0,0,1,0,0,0,0,0,0,0,0,0,0,gratuito
1,0.0,0,0.0,0,0,1,0,0,0,0,0,0,0,0,0,0,gratuito
4,10000.0,29,0.9310344827586207,19,2,1,1,0,0,1,0,0,1,0,0,0,baixo
9,10000.0,9,1.0,1,3,1,1,0,0,0,1,0,0,0,0,1,medio_alto
2,10000.0,8,0.875,3,2,1,0,0,0,1,0,0,1,0,0,0,baixo
9,1500000.0,20866,0.8207131218249785,14,4,1,0,0,8,1,1,1,0,0,0,0,alto
5,150000.0,1117,0.6678603401969562,15,3,1,1,0,1,1,0,0,0,0,1,1,baixo
1,10000.0,0,0.0,8,2,1,0,0,0,1,0,0,1,0,0,0,medio_baixo
6,10000.0,16,0.9375,1,5,1,1,1,0,1,1,1,1,1,0,0,alto
17,10000.0,5,0.6,1,2,1,0,0,0,0,0,0,1,0,0,1,medio_baixo
1,0.0,0,0.0,1,2,1,0,1,0,1,1,0,0,0,0,0,medio_baixo
8,10000.0,114,0.9298245614035088,3,2,1,0,0,1,0,0,1,1,0,0,0,alto
1,10000.0,0,0.0,1,4,1,0,0,0,1,0,1,1,1,0,0,baixo
4,0.0,0,0.0,0,0,1,0,0,0,0,0,0,0,0,0,0,gratuito
2,10000.0,7,0.7142857142857143,1,5,1,0,0,0,1,1,1,0,1,1,0,alto
5,35000.0,98,0.8061224489795918,11,3,1,0,0,1,1,0,1,1,0,0,0,baixo
6,350000.0,4820,0.9087136929460581,10,4,1,0,0,0,1,0,0,1,1,0,1,baixo
1,10000.0,0,0.0,4,2,1,0,0,0,1,1,0,0,0,0,0,medio_alto
3,0.0,0,0.0,1,4,1,0,0,0,1,1,1,0,0,0,0,gratuito
2,10000.0,36,0.9166666666666666,7,3,1,1,1,1,1,1,0,0,0,0,1,baixo
4,0.0,0,0.0,1,3,1,0,0,0,0,0,1,0,1,0,0,gratuito
1,0.0,0,0.0,0,0,1,0,0,0,0,0,0,0,0,0,0,gratuito
9,10000.0,43,0.4883720930232558,1,3,1,0,0,0,1,1,0,1,0,0,0,baixo
1,75000.0,1366,0.8967789165446559,12,3,1,0,0,3,1,0,1,0,0,1,0,alto
1,10000.0,0,0.0,13,1,1,0,0,0,0,0,0,1,0,0,0,medio_baixo
3,35000.0,2,0.5,1,3,1,0,0,0,1,1,1,0,0,0,0,baixo
4,35000.0,351,0.717948717948718,1,3,1,1,1,1,1,0,0,0,1,1,0,alto
13,75000.0,224,0.6919642857142857,1,3,1,0,0,1,1,0,1,1,0,0,0,alto
7,10000.0,2,1.0,7,3,1,0,0,0,1,1,0,1,0,0,0,alto
1,0.0,0,0.0,103,4,1,0,0,0,1,0,0,1,0,0,1,baixo
5,10000.0,29,0.9655172413793104,29,1,1,0,0,0,0,0,0,1,0,0,0,baixo
4,10000.0,0,0.0,5,3,1,0,0,1,1,0,1,0,0,0,0,alto
3,10000.0,11,0.7272727272727273,1,1,1,1,1,0,0,0,0,1,0,0,0,medio_alto
8,35000.0,164,0.3902439024390244,1,4,1,0,0,0,1,1,1,0,0,0,1,alto
4,10000.0,1,1.0,1,2,1,0,0,0,1,0,0,1,0,0,0,medio_baixo
4,35000.0,20,1.0,3,2,1,0,0,1,1,0,1,0,0,0,0,baixo
2,10000.0,15,1.0,5,3,1,0,0,5,0,1,0,1,0,1,0,medio_alto
1,10000.0,52,0.7307692307692307,13,4,1,0,0,0,1,0,0,1,1,0,1,medio_alto
1,10000.0,0,0.0,31,2,1,0,0,0,1,0,0,1,0,0,0,baixo
2,0.0,0,0.0,103,5,1,1,1,1,1,1,0,1,0,0,1,gratuito
1,0.0,0,0.0,1,4,1,0,0,0,1,1,0,1,0,0,0,gratuito
5,10000.0,5,0.8,1,3,1,0,0,0,1,1,1,0,0,0,0,alto
1,10000.0,4,0.75,5,2,1,0,0,0,1,0,0,0,0,0,0,medio_baixo
4,350000.0,110,0.990909090909091,1,5,1,0,0,0,1,0,1,1,1,0,1,medio_baixo
7,10000.0,220,0.8954545454545455,7,2,1,1,0,0,1,0,0,0,0,1,0,medio_baixo
3,10000.0,20,0.85,12,2,1,0,0,0,0,1,1,0,0,0,0,alto
1,75000.0,2858,0.7508747375787264,1,2,1,0,0,0,0,0,0,0,0,0,0,alto
8,10000.0,6,1.0,1,2,1,0,0,0,1,0,0,1,0,0,0,medio_baixo
1,0.0,0,0.0,0,0,1,0,0,0,0,0,0,0,0,0,0,gratuito
9,10000.0,10,0.9,1,1,1,0,0,0,0,1,0,0,0,0,0,baixo
2,0.0,0,0.0,0,0,1,0,0,0,0,0,0,0,0,0,0,gratuito
7,10000.0,95,0.9473684210526315,9,3,1,1,0,0,1,0,1,1,0,0,0,alto
18,75000.0,306,0.8071895424836601,1,1,1,0,0,0,0,0,0,0,0,0,1,medio_baixo
9,10000.0,22,0.7272727272727273,1,1,1,0,0,0,1,0,0,0,0,0,0,baixo
3,10000.0,31,0.8387096774193549,12,2,1,0,0,0,0,0,1,0,0,0,1,medio_alto
5,35000.0,26,0.7692307692307693,1,3,1,1,0,0,1,1,0,1,0,0,0,gratuito
4,10000.0,0,0.0,1,1,1,0,0,0,0,0,0,0,0,0,1,gratuito
1,0.0,0,0.0,103,1,1,0,0,0,0,0,0,0,1,0,0,medio_baixo
1,10000.0,0,0.0,14,2,1,1,0,0,1,0,0,0,0,1,0,alto
2,35000.0,3,1.0,1,3,1,0,0,0,1,0,1,0,1,0,0,medio_alto
1,10000.0,0,0.0,3,3,1,0,0,0,1,0,0,1,1,0,0,medio_baixo
12,350000.0,1976,0.7560728744939271,6,2,1,1,1,0,1,0,1,0,0,0,0,medio_baixo
6,35000.0,1,0.0,1,3,1,1,1,0,1,0,1,0,1,0,0,medio_baixo
2,10000.0,32,1.0,5,2,1,0,1,0,1,1,0,0,0,0,0,baixo
1,10000.0,0,0.0,2,1,1,0,0,0,0,0,0,1,0,0,0,medio_baixo
2,0.0,0,0.0,0,0,1,0,0,0,0,0,0,0,0,0,0,gratuito
8,10000.0,2,1.0,1,1,1,0,0,0,0,0,0,0,0,0,0,alto
5,10000.0,1,0.0,1,4,1,0,0,0,1,1,1,1,0,0,0,baixo
6,10000.0,14,0.7142857142857143,14,5,1,0,0,0,1,1,1,0,1,0,0,baixo
10,350000.0,685,0.7693430656934307,13,3,1,0,0,0,1,1,0,0,0,0,0,gratuito
2,35000.0,6,0.8333333333333334,2,4,1,0,0,0,1,0,1,1,0,1,0,medio_alto
1,10000.0,0,0.0,12,3,1,0,0,0,1,0,0,0,0,1,1,medio_baixo
1,0.0,0,0.0,1,5,1,0,0,0,1,1,1,0,1,0,0,gratuito
12,750000.0,2426,0.7036273701566365,3,4,1,1,1,0,1,1,1,0,1,0,0,alto
2,10000.0,11,0.9090909090909091,1,3,1,1,1,2,1,0,0,0,1,1,0,alto
9,35000.0,24,0.3333333333333333,2,2,1,0,0,0,1,0,0,0,0,1,0,medio_alto
2,0.0,0,0.0,0,0,1,0,0,0,0,0,0,0,0,0,0,gratuito
4,10000.0,4,0.75,12,3,1,0,1,0,1,0,0,1,0,1,0,medio_baixo
1,0.0,0,0.0,1,5,1,0,0,0,1,1,0,1,0,0,0,gratuito
3,10000.0,1,0.0,1,4,1,0,0,0,1,0,0,1,0,0,1,alto
11,350000.0,354,0.5819209039548022,1,2,1,1,1,0,1,1,0,0,0,0,0,baixo
3,10000.0,31,0.9354838709677419,1,2,1,0,1,0,1,1,0,0,0,0,0,medio_alto
3,10000.0,10,1.0,1,4,1,0,0,10,1,0,1,1,0,1,0,baixo
13,10000.0,64,0.65625,1,3,1,1,0,2,1,0,0,1,0,1,0,medio_baixo
7,10000.0,770,0.8142857142857143,12,4,1,1,0,0,1,0,1,1,0,0,1,medio_baixo
5,75000.0,432,0.8842592592592593,9,3,1,0,0,0,1,1,1,0,0,0,0,alto
7,10000.0,33,0.9696969696969697,1,3,1,0,0,0,1,0,0,1,1,0,0,baixo
1,0.0,0,0.0,0,0,1,0,0,0,0,0,0,0,0,0,0,gratuito
2,10000.0,47,0.9574468085106383,1,3,1,0,1,0,1,0,0,1,0,0,1,baixo
10,10000.0,39,0.4358974358974359,1,4,1,0,1,0,1,1,1,1,0,0,0,medio_alto
1,10000.0,0,0.0,10,2,1,1,1,0,1,1,0,0,0,0,0,medio_alto
15,750000.0,3941,0.8162902816544024,6,1,1,0,0,0,0,0,0,0,1,0,0,baixo
9,10000.0,64,0.921875,7,2,1,1,0,0,1,1,0,0,0,0,0,medio_baixo
3,10000.0,10,1.0,2,3,1,0,0,0,1,0,1,0,1,0,0,baixo
3,35000.0,38,0.8157894736842105,2,5,1,0,0,0,1,1,0,1,1,0,1,medio_baixo
3,150000.0,9,0.8888888888888888,1,3,1,0,0,0,0,1,1,0,0,0,1,baixo
3,10000.0,103,0.8349514563106796,15,4,1,0,0,2,0,1,0,1,0,1,0,medio_baixo
2,10000.0,3,0.3333333333333333,1,4,1,0,0,0,1,1,0,1,0,1,0,baixo
11,75000.0,711,0.6526019690576652,1,2,1,1,1,1,1,1,0,0,0,0,0,baixo
1,10000.0,4,0.5,1,3,1,0,0,0,0,0,1,0,1,1,0,baixo
9,10000.0,25,0.56,1,4,1,0,0,0,1,1,0,1,0,0,0,baixo
10,350000.0,1077,0.8495821727019499,1,4,1,1,0,0,1,1,0,1,0,0,1,baixo
4,10000.0,17,0.8823529411764706,8,2,1,0,0,0,1,0,0,0,0,0,0,alto
1,0.0,0,0.0,1,3,1,0,0,0,1,0,0,1,0,0,0,gratuito
1,0.0,0,0.0,7,4,1,0,0,0,0,1,0,0,0,1,0,gratuito
1,10000.0,24,0.9583333333333334,1,4,1,0,0,0,0,1,1,0,0,1,1,medio_baixo
1,0.0,0,0.0,12,2,1,0,0,0,0,1,0,0,0,0,0,gratuito
1,0.0,0,0.0,1,3,1,1,1,0,1,1,0,0,1,0,0,alto
4,0.0,0,0.0,1,3,1,1,1,0,0,0,1,1,0,0,0,gratuito
5,10000.0,11,0.2727272727272727,1,2,1,0,0,0,0,0,1,1,0,0,0,baixo
11,75000.0,265,0.8641509433962264,1,4,1,1,1,3,1,1,1,1,0,0,0,medio_baixo
2,1500000.0,42567,0.9439706815138488,13,3,1,0,0,8,0,0,1,0,1,1,0,alto
8,75000.0,979,0.8375893769152196,1,2,1,0,0,0,1,1,0,0,0,0,0,alto
6,150000.0,10,1.0,11,3,1,0,0,0,1,1,0,1,0,0,0,baixo
1,10000.0,0,0.0,17,2,1,0,0,0,0,0,0,0,0,0,1,alto
1,10000.0,0,0.0,2,2,1,0,0,0,0,0,0,0,0,1,1,baixo
4,10000.0,105,0.6571428571428571,1,4,1,0,0,0,1,1,1,0,0,0,0,medio_alto
1,10000.0,0,0.0,8,5,1,0,0,0,1,0,1,1,0,0,1,alto
5,10000.0,2,1.0,1,1,1,0,0,0,0,0,0,0,1,0,0,medio_baixo
5,10000.0,5,1.0,1,1,1,0,0,0,0,0,0,1,0,0,0,baixo
1,0.0,0,0.0,0,0,1,0,0,0,0,0,0,0,0,0,0,gratuito
1,0.0,0,0.0,0,0,1,0,0,0,0,0,0,0,0,0,0,gratuito
2,10000.0,6,1.0,2,1,1,0,0,0,0,0,1,0,0,0,0,medio_alto
8,10000.0,36,0.5833333333333334,2,3,1,0,0,0,1,1,0,0,1,0,0,alto
1,10000.0,0,0.0,1,1,1,0,0,0,1,0,0,0,0,0,0,medio_alto
4,10000.0,3,1.0,1,1,1,1,0,0,0,0,0,1,0,0,0,medio_alto
5,10000.0,4,1.0,1,5,1,0,0,0,1,1,1,0,1,1,0,medio_baixo
1,10000.0,23,0.391304347826087,1,2,1,0,0,0,0,1,1,0,0,0,0,alto
8,10000.0,1,1.0,1,3,1,1,0,0,1,1,0,1,0,0,0,medio_baixo
4,10000.0,0,0.0,1,3,1,0,0,0,1,0,1,0,0,0,0,gratuito
3,10000.0,10,0.3,12,2,1,0,0,0,0,0,0,0,1,1,0,medio_baixo
7,10000.0,0,0.0,1,4,1,0,0,0,1,1,1,0,1,0,0,alto
7,75000.0,599,0.9265442404006677,1,1,1,1,1,2,1,0,0,0,0,0,0,medio_alto
4,0.0,0,0.0,1,2,1,0,0,0,0,0,0,0,0,0,1,gratuito
1,10000.0,0,0.0,4,5,1,0,0,0,1,1,1,0,0,1,0,gratuito
13,350000.0,1183,0.7540152155536771,9,4,1,1,1,1,1,1,1,1,0,0,0,medio_baixo
1,10000.0,0,0.0,9,1,1,1,1,0,0,0,1,0,0,0,0,alto
16,35000.0,97,0.8556701030927835,9,3,1,0,0,0,1,1,0,0,0,0,0,medio_alto
7,10000.0,13,0.9230769230769231,1,3,1,0,0,0,1,1,1,0,0,0,0,medio_alto
1,0.0,0,0.0,1,2,1,0,1,0,1,1,0,0,0,0,0,medio_baixo
4,10000.0,2,0.0,1,4,1,0,0,0,1,1,0,0,0,0,1,alto
5,0.0,0,0.0,0,0,1,0,0,0,0,0,0,0,0,0,0,gratuito
1,10000.0,0,0.0,1,1,1,0,0,0,0,0,0,1,0,0,0,baixo
10,350000.0,1691,0.9432288586635127,1,4,1,1,1,5,1,0,0,1,0,1,0,gratuito
8,10000.0,4,0.5,1,2,1,0,0,0,1,0,0,0,0,0,0,baixo
1,10000.0,0,0.0,1,3,1,0,0,0,1,1,1,0,0,0,0,medio_alto
2,10000.0,0,0.0,1,3,1,0,0,0,1,0,0,1,0,0,0,medio_baixo
2,10000.0,58,0.9827586206896551,1,2,1,0,0,0,0,0,0,0,0,0,1,alto
6,10000.0,13,0.8461538461538461,1,4,1,0,0,0,1,1,1,0,1,0,0,gratuito
6,10000.0,3,1.0,1,3,1,0,0,0,1,1,0,1,0,0,0,medio_alto
2,0.0,0,0.0,0,0,1,0,0,0,0,0,0,0,0,0,0,gratuito
5,10000.0,7,0.5714285714285714,0,1,1,0,0,0,1,0,0,0,0,0,0,alto
6,10000.0,130,0.7307692307692307,1,5,1,0,0,0,1,1,1,1,0,0,1,medio_baixo
10,10000.0,46,0.9347826086956522,1,2,1,1,1,1,1,0,1,0,0,0,0,alto
10,75000.0,2,0.5,1,1,1,0,0,0,0,0,0,1,0,0,0,baixo
7,350000.0,3254,0.8896742470805162,6,3,1,1,0,0,1,1,1,0,0,0,0,alto
5,10000.0,8,0.5,1,3,1,0,0,0,1,1,1,0,0,0,0,alto
4,0.0,0,0.0,2,3,1,0,0,0,1,0,1,0,0,0,0,gratuito
3,150000.0,609,0.7602627257799671,4,3,1,0,0,2,1,0,1,0,1,0,0,alto
1,0.0,0,0.0,0,0,1,0,0,0,0,0,0,0,0,0,0,gratuito
16,1500000.0,4785,0.7067920585161964,8,1,1,0,0,0,0,1,0,0,0,0,0,medio_alto
5,0.0,0,0.0,1,5,1,0,0,0,1,1,1,1,0,0,0,gratuito
3,10000.0,1,0.0,1,3,1,0,0,0,1,0,0,1,0,1,0,baixo
11,10000.0,28,0.5714285714285714,2,3,1,0,0,0,1,1,0,0,0,0,1,baixo
8,35000.0,58,0.8793103448275862,18,2,1,1,0,0,0,0,0,0,0,0,1,gratuito
1,10000.0,0,0.0,1,2,1,0,1,0,1,0,0,1,0,0,0,alto
2,0.0,0,0.0,2,3,1,0,0,0,1,0,0,1,0,0,0,gratuito
5,35000.0,163,0.852760736196319,29,3,1,0,0,0,1,0,1,1,0,0,0,medio_baixo
1,0.0,0,0.0,0,0,1,0,0,0,0,0,0,0,0,0,0,gratuito
3,10000.0,14,0.9285714285714286,1,6,1,0,0,0,1,1,1,1,0,0,0,gratuito
2,350000.0,8718,0.5841936223904566,2,3,1,0,0,1,0,0,1,0,1,1,0,alto
7,10000.0,27,0.7407407407407407,2,5,1,0,0,0,1,0,1,1,0,1,1,medio_alto
8,10000.0,0,0.0,1,1,1,0,0,0,0,0,0,0,1,0,0,medio_alto
7,10000.0,18,0.8888888888888888,5,3,1,0,0,0,1,1,0,1,0,0,0,medio_baixo
1,10000.0,0,0.0,5,1,1,1,1,0,0,0,0,1,0,0,0,alto
9,10000.0,47,0.8085106382978723,2,2,1,0,0,0,0,1,1,0,0,0,0,alto
5,10000.0,11,0.5454545454545454,2,3,1,1,1,0,1,0,0,1,0,0,1,alto
3,0.0,0,0.0,0,0,1,0,0,0,0,0,0,0,0,0,0,gratuito
2,0.0,0,0.0,0,0,1,0,0,0,0,0,0,0,0,0,0,gratuito
3,10000.0,93,0.967741935483871,1,2,1,0,0,0,0,1,1,0,0,0,0,medio_baixo
2,35000.0,20,0.7,10,3,1,0,0,0,1,0,0,1,0,1,0,medio_baixo
2,0.0,0,0.0,1,4,1,0,0,0,0,0,0,1,0,1,0,gratuito
10,75000.0,168,0.5952380952380952,10,2,1,1,1,0,1,0,0,1,0,0,0,medio_alto
9,10000.0,1,1.0,7,3,1,0,0,0,1,0,0,1,0,0,1,medio_alto
1,0.0,0,0.0,0,0,1,0,0,0,0,0,0,0,0,0,0,gratuito
1,0.0,0,0.0,2,4,1,0,0,0,1,1,1,0,0,0,0,gratuito
8,10000.0,18,0.5555555555555556,9,6,1,0,0,0,1,0,0,1,0,1,1,gratuito
4,0.0,0,0.0,1,1,1,0,0,0,0,0,0,0,0,0,1,gratuito
1,10000.0,0,0.0,18,5,1,0,0,0,1,1,1,0,1,0,0,alto
11,10000.0,240,0.7875,1,2,1,1,1,0,1,0,0,0,0,0,1,alto
4,0.0,0,0.0,1,4,1,0,0,0,1,1,0,1,0,0,0,gratuito
2,0.0,0,0.0,2,3,1,0,0,0,1,0,0,0,0,1,0,gratuito
2,350000.0,6346,0.6716041601008509,5,1,1,0,0,14,0,1,0,0,0,0,0,alto
11,150000.0,398,0.4648241206030151,1,2,1,0,0,0,1,0,1,0,0,0,0,baixo
4,150000.0,4514,0.7815684536996013,8,1,1,0,0,79,0,0,0,0,0,0,1,alto
1,10000.0,0,0.0,2,4,1,0,0,0,1,1,1,0,0,0,1,baixo
1,0.0,0,0.0,3,3,1,0,1,0,0,0,1,1,0,0,1,medio_baixo
1,35000.0,866,0.75635103926097,11,4,1,0,0,1,1,0,1,0,1,1,0,alto
2,10000.0,0,0.0,16,3,1,0,0,0,1,1,1,0,0,0,0,medio_alto
9,10000.0,78,0.6923076923076923,2,2,1,0,1,1,0,1,0,0,1,0,0,alto
5,10000.0,36,0.7777777777777778,1,6,1,1,0,1,1,0,1,1,1,1,1,alto
3,35000.0,491,0.8329938900203666,13,1,1,0,0,0,1,0,0,0,0,0,0,alto
2,0.0,0,0.0,0,0,1,0,0,0,0,0,0,0,0,0,0,gratuito
1,10000.0,0,0.0,6,1,1,0,0,0,0,0,0,0,0,0,1,medio_alto
12,75000.0,537,0.9534450651769087,2,2,1,1,1,0,1,0,1,0,0,0,0,alto
1,10000.0,0,0.0,2,2,1,0,0,0,1,0,0,0,0,1,0,baixo
1,150000.0,2253,0.7944962272525522,2,5,1,0,0,2,1,0,0,1,1,1,1,medio_alto
1,0.0,0,0.0,2,3,1,0,0,0,0,0,0,0,1,0,1,gratuito
13,350000.0,562,0.6281138790035588,3,1,1,1,0,1,0,0,0,0,0,1,0,medio_baixo
6,35000.0,260,0.7653846153846153,1,5,1,0,0,0,1,1,1,0,1,1,0,medio_alto
8,10000.0,15,0.3333333333333333,1,2,1,1,1,0,1,1,0,0,0,0,0,medio_baixo
7,75000.0,1114,0.7639138240574507,12,5,1,0,0,4,1,1,1,1,0,0,1,medio_alto
3,10000.0,1,1.0,1,3,1,0,0,0,1,0,1,1,0,0,0,alto
5,35000.0,382,0.8926701570680629,2,3,1,0,0,0,1,0,0,1,0,0,1,medio_baixo
6,350000.0,858,0.8624708624708625,10,4,1,0,0,0,1,0,0,1,0,1,1,gratuito
2,10000.0,2,1.0,1,4,1,0,1,0,1,1,1,0,1,0,0,alto
16,1500000.0,14419,0.8921561828143422,5,1,1,0,0,1,0,1,0,0,0,0,0,medio_baixo
4,10000.0,2,1.0,3,2,1,1,1,0,1,0,0,1,0,0,0,medio_baixo
2,35000.0,249,0.46184738955823296,2,4,1,0,0,0,0,0,0,0,1,0,0,gratuito
1,0.0,0,0.0,1,3,1,0,0,0,1,1,1,0,0,0,0,medio_alto
3,0.0,0,0.0,1,3,1,0,1,0,0,0,0,0,1,1,0,gratuito
2,0.0,0,0.0,1,5,1,0,0,0,1,0,0,1,0,1,1,gratuito
1,10000.0,2,1.0,1,2,1,0,0,0,1,0,0,0,0,1,0,medio_alto
10,3500000.0,35521,0.9091804847836491,12,2,1,0,0,3,0,1,0,0,1,0,0,medio_alto
3,10000.0,7,1.0,1,3,1,0,0,0,1,0,0,1,0,0,0,gratuito
6,10000.0,11,0.8181818181818182,2,4,1,0,0,0,1,0,0,0,1,1,0,alto
5,150000.0,4483,0.8753067142538479,8,1,1,0,0,5,0,0,0,0,1,0,0,alto
10,10000.0,7,0.5714285714285714,1,3,1,0,0,0,1,0,0,1,0,0,1,alto
10,10000.0,8,1.0,1,3,1,0,0,0,1,1,0,0,0,0,0,medio_alto
7,10000.0,0,0.0,1,1,1,0,0,0,1,0,0,0,0,0,0,medio_baixo
7,35000.0,37,0.7837837837837838,1,3,1,0,0,1,1,1,0,0,0,0,0,gratuito
6,10000.0,218,0.8440366972477065,13,2,1,1,0,0,1,0,0,0,0,1,0,baixo
1,10000.0,4,0.5,6,2,1,0,0,0,1,1,0,0,0,0,0,medio_baixo
1,10000.0,0,0.0,15,3,1,0,0,0,1,1,0,0,0,0,0,medio_alto
7,35000.0,185,0.9459459459459459,4,2,1,0,0,1,0,0,1,1,0,0,0,medio_alto
7,10000.0,2,0.0,5,4,1,0,0,0,1,1,0,0,0,0,1,alto
3,0.0,0,0.0,0,0,1,0,0,0,0,0,0,0,0,0,0,gratuito
8,10000.0,5,0.6,2,1,1,0,0,0,0,0,0,0,0,0,0,gratuito
7,10000.0,13,0.6923076923076923,1,5,1,0,0,0,1,1,1,1,0,0,0,alto
3,10000.0,210,0.5761904761904761,1,6,1,0,0,0,0,1,1,0,1,0,0,gratuito
6,10000.0,6,0.8333333333333334,2,1,1,0,0,0,0,0,0,0,0,0,0,gratuito
1,10000.0,0,0.0,1,4,1,0,0,0,1,0,0,0,1,1,0,alto
4,10000.0,250,0.652,1,4,1,0,0,0,1,1,0,0,0,1,0,baixo
6,75000.0,338,0.6035502958579881,10,2,1,0,0,0,1,0,1,0,0,0,0,alto
3,10000.0,53,0.5471698113207547,1,3,1,0,0,1,1,1,1,0,0,0,0,medio_alto
3,10000.0,32,0.84375,1,1,1,0,0,0,0,1,0,0,0,0,0,medio_baixo
7,10000.0,8,1.0,10,4,1,1,1,0,1,1,1,1,0,0,0,alto
1,0.0,0,0.0,103,2,1,0,0,0,1,0,0,1,0,0,0,baixo
1,0.0,0,0.0,0,0,1,0,0,0,0,0,0,0,0,0,0,gratuito
2,10000.0,153,0.7320261437908496,9,3,1,0,0,0,1,1,1,0,0,0,0,alto
3,10000.0,0,0.0,4,3,1,0,0,0,1,0,1,1,0,0,0,baixo
3,150000.0,2604,0.9132104454685099,4,2,1,0,0,1,0,0,1,1,0,0,0,alto
3,10000.0,4,1.0,1,1,1,0,0,0,0,0,1,0,0,0,0,medio_baixo
2,10000.0,8,0.625,2,4,1,0,0,0,1,1,1,0,1,0,0,medio_alto
6,150000.0,2068,0.902321083172147,14,2,1,1,0,1,1,0,0,1,0,0,0,medio_alto
2,35000.0,183,0.912568306010929,1,2,1,0,0,0,0,1,1,0,0,0,0,alto
1,10000.0,0,0.0,9,3,1,0,0,0,1,1,1,0,0,0,0,alto
1,10000.0,4,1.0,13,4,1,0,0,0,1,1,1,0,1,0,0,alto
7,0.0,0,0.0,0,0,1,0,0,0,0,0,0,0,0,0,0,gratuito
6,35000.0,26,0.6153846153846154,1,6,1,0,0,1,1,1,0,1,1,0,0,gratuito
9,10000.0,18,0.7777777777777778,1,4,1,0,0,0,0,0,0,0,0,0,0,gratuito
5,0.0,0,0.0,1,1,1,0,0,0,0,0,0,0,0,1,0,gratuito
10,35000.0,239,0.7907949790794979,4,1,1,0,0,6,0,0,0,0,0,1,0,medio_baixo
6,10000.0,72,0.8055555555555556,2,3,1,0,0,0,1,0,1,1,0,0,0,medio_alto
5,10000.0,1,0.0,1,3,1,0,0,0,1,1,1,0,0,0,0,medio_alto
3,0.0,0,0.0,1,3,1,0,0,0,1,1,0,0,0,0,0,gratuito
7,35000.0,1474,0.9138398914518318,4,1,1,0,0,0,0,0,1,0,0,0,0,gratuito
2,10000.0,0,0.0,1,2,1,0,0,0,1,0,0,1,0,0,0,baixo
10,150000.0,742,0.4393530997304582,8,1,1,1,0,0,0,0,0,0,0,0,1,medio_alto
3,0.0,0,0.0,2,3,1,0,1,0,1,0,1,1,0,0,0,gratuito
13,7500000.0,109825,0.7895561119963579,8,1,1,1,1,5,0,0,0,0,0,1,0,medio_alto
5,10000.0,8,0.75,1,1,1,0,0,0,0,1,0,0,0,0,0,medio_baixo
8,10000.0,23,0.6956521739130435,1,2,1,0,0,0,1,1,0,0,0,0,0,baixo
1,0.0,0,0.0,1,3,1,0,0,0,1,1,1,0,0,0,0,baixo
8,10000.0,10,0.4,1,2,1,0,0,0,1,0,0,0,0,0,0,alto
2,10000.0,1,1.0,1,4,1,0,0,0,1,0,1,1,1,0,0,medio_alto
2,10000.0,5,1.0,1,3,1,1,0,0,1,0,1,1,0,0,0,baixo
1,10000.0,0,0.0,8,1,1,0,0,0,0,1,0,0,0,0,0,alto
4,0.0,0,0.0,1,3,1,0,0,1,1,1,0,0,0,0,0,gratuito
1,0.0,0,0.0,0,0,1,0,0,0,0,0,0,0,0,0,0,gratuito
12,150000.0,618,0.901294498381877,3,2,1,0,0,0,0,0,0,0,1,1,0,baixo
2,0.0,0,0.0,0,0,1,0,0,0,0,0,0,0,0,0,0,gratuito
3,10000.0,0,0.0,1,1,1,0,0,0,0,0,0,1,0,0,0,medio_alto
5,10000.0,29,0.9310344827586207,1,3,1,0,0,0,1,1,0,1,0,0,0,alto
12,75000.0,554,0.7057761732851986,1,3,1,1,1,0,1,1,0,0,1,0,0,medio_baixo
7,35000.0,73,0.7397260273972602,1,5,1,0,0,3,1,0,1,1,1,0,0,gratuito
2,10000.0,7,1.0,5,2,1,0,0,1,1,1,0,0,0,0,0,baixo
9,10000.0,106,0.5754716981132075,1,5,1,0,0,0,1,1,0,1,0,1,1,baixo
2,0.0,0,0.0,103,9,1,1,1,0,1,1,1,1,1,1,1,alto
6,10000.0,22,0.8636363636363636,1,1,1,0,0,1,0,0,0,0,1,0,0,gratuito
1,0.0,0,0.0,1,4,1,1,0,0,1,0,0,1,0,0,1,gratuito
2,10000.0,0,0.0,1,3,1,0,0,0,0,1,1,0,0,0,0,gratuito
5,10000.0,8,0.875,2,4,1,0,0,4,0,0,1,0,1,1,1,alto
1,0.0,0,0.0,1,1,1,0,0,0,0,0,1,0,0,0,0,medio_alto
2,10000.0,225,0.9911111111111112,5,2,1,0,0,0,1,0,0,1,0,0,0,alto
1,10000.0,0,0.0,1,4,1,0,0,0,1,1,1,0,0,0,1,medio_baixo
1,0.0,0,0.0,0,0,1,0,0,0,0,0,0,0,0,0,0,gratuito
3,10000.0,3,0.0,1,4,1,0,0,0,1,0,0,1,0,1,1,medio_baixo
1,10000.0,0,0.0,9,3,1,0,0,1,1,0,0,1,0,0,1,medio_alto
3,10000.0,2,1.0,1,2,1,0,0,0,1,0,1,0,0,0,0,medio_baixo
1,10000.0,39,0.7692307692307693,1,2,1,0,0,0,0,1,1,0,0,0,0,medio_alto
5,10000.0,0,0.0,4,4,1,0,0,2,1,1,1,1,0,0,0,baixo
3,75000.0,1710,0.8625730994152047,9,4,1,0,0,3,1,0,1,0,0,1,1,alto
1,10000.0,0,0.0,1,2,1,0,0,0,1,0,0,1,0,0,0,baixo
3,10000.0,1,0.0,1,1,1,0,0,0,0,1,0,0,0,0,0,medio_baixo
7,35000.0,65,0.8461538461538461,1,5,1,0,0,0,1,1,0,0,0,0,1,gratuito
6,10000.0,5,0.2,1,7,1,0,0,0,1,1,1,0,1,0,1,alto
7,10000.0,18,0.2777777777777778,3,3,1,0,0,0,0,0,1,1,0,0,1,baixo
1,10000.0,1,1.0,1,2,1,0,0,0,1,0,0,1,0,0,0,alto
5,10000.0,258,0.8682170542635659,1,1,1,1,1,0,0,0,1,0,0,0,0,alto
4,0.0,0,0.0,0,0,1,0,0,0,0,0,0,0,0,0,0,gratuito
3,10000.0,2,0.5,1,3,1,0,0,0,1,0,1,1,0,0,0,medio_baixo
1,10000.0,52,0.8461538461538461,9,4,1,0,0,0,1,0,1,0,0,0,1,baixo
4,750000.0,19033,0.940734513739295,9,1,1,0,0,2,0,1,0,0,0,0,0,alto
10,10000.0,131,0.6641221374045801,2,2,1,1,1,4,0,0,0,0,0,0,0,medio_alto
7,10000.0,14,0.8571428571428571,1,3,1,1,0,0,1,0,0,1,0,1,0,baixo
7,35000.0,16,0.25,5,2,1,0,0,0,1,1,0,0,0,0,0,baixo
3,10000.0,4,1.0,2,2,1,0,0,0,1,0,0,1,0,0,0,medio_baixo
2,0.0,0,0.0,1,4,1,0,0,0,1,0,1,0,0,1,0,gratuito
1,10000.0,0,0.0,2,1,1,0,0,0,0,0,0,0,0,1,0,medio_alto
4,35000.0,65,0.9076923076923077,2,1,1,1,1,0,1,0,0,0,0,0,0,baixo
11,10000.0,47,0.6170212765957447,6,2,1,0,0,0,1,1,0,0,0,0,0,baixo
2,10000.0,21,0.9523809523809523,1,3,1,0,0,0,1,1,0,1,0,0,0,medio_baixo
1,10000.0,0,0.0,2,4,1,0,0,0,1,0,1,1,0,0,1,medio_alto
4,10000.0,4,0.75,1,2,1,0,0,0,1,1,0,0,0,0,0,baixo
7,10000.0,215,0.4372093023255814,3,4,1,1,0,0,0,0,0,1,0,1,1,alto
3,0.0,0,0.0,5,2,1,0,0,4,0,1,0,0,0,0,0,gratuito
4,10000.0,26,1.0,8,3,1,1,1,0,1,1,0,1,0,0,0,medio_baixo
4,75000.0,767,0.5397653194263363,1,2,1,0,0,0,1,0,1,0,0,0,0,medio_alto
9,10000.0,155,0.7677419354838709,1,2,1,0,0,0,1,0,0,0,0,0,1,baixo
2,10000.0,36,0.8055555555555556,4,3,1,1,0,0,0,0,0,0,0,0,1,medio_baixo
5,0.0,0,0.0,3,2,1,0,0,1,1,0,0,0,0,0,0,gratuito
4,10000.0,30,0.5666666666666667,26,1,1,0,0,0,0,0,0,1,0,0,0,baixo
6,7500000.0,169751,0.9771194278678771,1,3,1,0,0,0,1,1,0,0,0,0,0,alto
2,10000.0,6,1.0,2,4,1,0,0,0,1,0,0,0,1,1,0,medio_alto
1,35000.0,663,0.49321266968325794,2,5,1,0,0,0,1,1,1,0,0,0,0,medio_alto
7,75000.0,443,0.6952595936794582,3,5,1,0,0,0,1,1,0,1,0,1,1,medio_alto
1,10000.0,0,0.0,13,4,1,0,0,0,1,0,0,0,1,1,0,alto
4,10000.0,161,0.9254658385093167,8,3,1,1,1,0,1,0,1,1,0,0,0,medio_alto
9,10000.0,22,0.2727272727272727,2,4,1,1,0,0,0,1,0,1,0,0,0,baixo
7,10000.0,14,0.8571428571428571,1,2,1,1,1,1,1,0,0,1,0,0,0,alto
5,10000.0,31,0.6129032258064516,6,2,1,0,0,0,1,0,1,0,0,0,0,alto
6,10000.0,12,0.6666666666666666,1,3,1,0,0,0,1,1,0,0,1,0,0,medio_alto
7,10000.0,17,0.9411764705882353,1,2,1,0,0,0,1,0,0,1,0,0,0,alto
3,10000.0,4,0.75,2,2,1,0,0,0,1,0,0,1,0,0,0,medio_baixo
1,10000.0,88,0.9090909090909091,3,2,1,0,0,1,1,1,0,0,0,0,0,medio_alto
11,35000.0,88,0.6022727272727273,8,4,1,0,0,0,1,0,1,1,1,0,0,baixo
3,10000.0,17,0.7647058823529411,1,4,1,0,0,0,1,1,0,1,0,0,0,alto
10,35000.0,316,0.7626582278481012,1,2,1,0,1,0,1,0,0,1,0,0,0,medio_baixo
1,10000.0,0,0.0,2,4,1,0,0,1,1,1,1,0,0,0,0,medio_alto
3,10000.0,0,0.0,1,3,1,0,0,0,0,0,1,1,0,1,0,medio_alto
8,10000.0,22,0.7272727272727273,1,3,1,0,0,0,1,1,0,0,0,0,0,medio_alto
3,10000.0,4,0.5,1,5,1,0,0,1,1,1,1,1,0,0,1,medio_baixo
1,10000.0,0,0.0,1,4,1,0,0,0,1,1,1,1,0,0,0,medio_baixo
9,35000.0,1236,0.7540453074433657,3,3,1,0,0,0,1,0,0,0,1,1,0,medio_alto
17,750000.0,3618,0.9013266998341625,6,1,1,0,0,0,0,0,0,0,0,1,0,baixo
4,10000.0,2,0.5,2,2,1,1,1,0,1,0,0,1,0,0,0,medio_alto
2,10000.0,0,0.0,1,2,1,1,0,0,1,0,0,1,0,0,0,baixo
1,0.0,0,0.0,1,3,1,1,1,0,1,1,0,0,0,1,0,medio_alto
2,0.0,0,0.0,0,0,1,0,0,0,0,0,0,0,0,0,0,gratuito
2,10000.0,1,0.0,2,2,1,0,0,0,0,1,1,0,0,0,0,baixo
3,10000.0,19,0.8947368421052632,6,2,1,1,1,0,1,0,1,0,0,0,0,medio_baixo
1,10000.0,0,0.0,11,3,1,0,0,0,1,0,0,0,0,0,1,medio_alto
3,10000.0,0,0.0,1,2,1,1,0,0,1,0,1,0,0,0,0,alto
2,10000.0,83,0.9156626506024096,10,2,1,0,0,0,0,1,0,1,0,0,0,medio_baixo
12,350000.0,686,0.6049562682215743,2,1,1,0,0,0,0,1,0,0,0,0,0,baixo
1,0.0,0,0.0,1,4,1,1,0,0,0,0,1,0,1,0,0,gratuito
1,0.0,0,0.0,1,1,1,0,0,0,0,0,0,0,1,0,0,alto
2,10000.0,0,0.0,26,1,1,1,1,0,0,0,0,0,0,1,0,medio_alto
2,10000.0,3,1.0,3,2,1,1,1,0,1,0,0,1,0,0,0,baixo
2,0.0,0,0.0,1,4,1,0,0,0,0,1,0,0,0,1,0,gratuito
3,0.0,0,0.0,0,0,1,0,0,0,0,0,0,0,0,0,0,gratuito
8,10000.0,0,0.0,1,2,1,0,0,0,1,1,0,0,0,0,0,gratuito
4,0.0,0,0.0,1,2,1,1,0,0,0,1,0,0,0,0,0,gratuito
1,0.0,0,0.0,0,0,1,0,0,0,0,0,0,0,0,0,0,gratuito
4,10000.0,3,0.6666666666666666,1,2,1,0,0,0,1,0,0,1,0,0,0,medio_alto
1,0.0,0,0.0,1,3,1,0,0,0,0,0,0,1,0,1,0,gratuito
4,10000.0,27,0.7777777777777778,2,2,1,0,0,0,1,0,0,0,0,0,1,medio_baixo
1,0.0,0,0.0,3,4,1,0,0,0,1,0,1,1,0,0,0,gratuito
5,0.0,0,0.0,3,2,1,0,0,2,0,0,1,1,0,0,0,baixo
2,0.0,0,0.0,0,0,1,0,0,0,0,0,0,0,0,0,0,gratuito
1,10000.0,0,0.0,1,2,1,1,1,0,1,0,0,1,0,0,0,medio_alto
4,10000.0,43,0.8837209302325582,3,4,1,0,0,0,1,1,1,0,1,0,0,medio_baixo
3,35000.0,225,0.8444444444444444,3,3,1,0,0,2,0,0,1,0,1,1,0,alto
5,10000.0,1,1.0,1,2,1,0,0,0,1,0,0,1,0,0,0,medio_baixo
1,0.0,0,0.0,2,3,1,0,0,0,1,0,0,1,0,0,0,gratuito
3,10000.0,19,0.8421052631578947,28,3,1,0,0,0,1,1,0,1,0,0,0,medio_baixo
1,10000.0,13,1.0,1,3,1,0,0,0,1,0,0,1,0,0,0,alto
1,0.0,0,0.0,0,0,1,0,0,0,0,0,0,0,0,0,0,gratuito
4,10000.0,16,1.0,7,1,1,0,0,0,0,0,0,1,0,0,0,baixo
3,10000.0,0,0.0,2,3,1,0,0,0,1,0,0,1,0,0,0,gratuito
4,0.0,0,0.0,0,0,1,0,0,0,0,0,0,0,0,0,0,gratuito
4,150000.0,478,0.8347280334728033,102,3,1,0,0,2,1,0,0,1,0,0,0,baixo
9,10000.0,6,0.6666666666666666,7,1,1,0,0,0,0,0,0,1,0,0,0,medio_baixo
2,0.0,0,0.0,1,5,1,0,0,0,0,1,1,1,1,0,0,gratuito
1,10000.0,19,1.0,1,2,1,0,0,1,0,0,1,1,0,0,0,medio_alto
2,10000.0,17,0.9411764705882353,13,2,1,0,0,0,0,0,1,1,0,0,0,medio_alto
2,75000.0,2501,0.764094362255098,1,4,1,0,0,0,1,0,0,1,0,0,1,alto
7,10000.0,5,1.0,1,2,1,0,0,0,0,0,1,0,1,0,0,gratuito
5,10000.0,10,0.2,2,6,1,0,0,0,1,1,1,1,1,0,0,baixo
8,10000.0,18,0.6666666666666666,1,3,1,1,1,0,1,1,0,1,0,0,0,alto
4,10000.0,5,0.8,5,2,1,0,0,1,1,1,0,0,0,0,0,medio_baixo
8,10000.0,2,1.0,1,3,1,0,0,0,0,0,1,1,0,0,1,medio_alto
7,10000.0,18,0.8888888888888888,11,3,1,0,0,0,0,0,0,1,0,1,1,medio_alto
7,10000.0,0,0.0,1,2,1,0,0,0,1,0,0,1,0,0,0,medio_baixo
1,0.0,0,0.0,103,1,1,0,0,0,0,0,0,1,0,0,0,baixo
8,10000.0,23,0.5217391304347826,1,4,1,1,0,0,1,0,0,1,0,0,1,gratuito
10,10000.0,24,0.5416666666666666,1,5,1,0,0,0,1,1,1,0,0,1,1,alto
3,10000.0,8,0.5,10,7,1,0,0,0,1,1,1,1,0,0,1,baixo
8,35000.0,286,0.6643356643356644,1,3,1,1,1,1,1,0,1,0,0,0,1,alto
1,10000.0,0,0.0,11,6,1,0,1,1,1,1,1,1,1,0,0,medio_alto
9,10000.0,18,0.6111111111111112,1,2,1,1,0,0,1,0,0,1,0,0,0,gratuito
3,10000.0,12,0.3333333333333333,4,4,1,0,0,0,1,1,0,1,0,0,0,medio_alto
1,10000.0,0,0.0,2,3,1,0,0,0,1,0,0,1,0,0,1,medio_baixo
4,75000.0,612,0.9575163398692811,1,3,1,0,0,0,1,0,1,0,1,0,0,medio_alto
2,75000.0,1079,0.607970342910102,24,3,1,0,0,0,1,1,1,0,0,0,0,baixo
7,10000.0,12,0.75,1,2,1,0,0,0,1,1,0,0,0,0,0,medio_alto
1,10000.0,0,0.0,17,3,1,0,0,0,0,0,0,0,1,1,0,alto
7,10000.0,10,1.0,1,2,1,0,0,0,0,0,1,1,0,0,0,medio_alto
3,10000.0,11,0.8181818181818182,1,2,1,0,0,0,0,0,1,1,0,0,0,medio_alto
2,0.0,0,0.0,2,3,1,0,0,0,1,0,0,1,0,0,0,gratuito
2,35000.0,3,1.0,2,3,1,0,0,0,1,1,1,0,0,0,0,medio_baixo
7,10000.0,22,0.8636363636363636,1,5,1,0,0,0,1,1,0,1,0,0,0,gratuito
5,10000.0,24,0.25,1,1,1,0,0,0,0,0,0,1,0,0,0,baixo
1,10000.0,0,0.0,3,4,1,0,0,0,1,1,1,0,1,0,0,medio_baixo
4,10000.0,17,1.0,1,2,1,0,0,0,1,1,0,0,0,0,0,baixo
4,0.0,0,0.0,0,0,1,0,0,0,0,0,0,0,0,0,0,gratuito
7,10000.0,20,0.75,1,2,1,0,0,0,1,1,0,0,0,0,0,medio_baixo
2,0.0,0,0.0,103,2,1,0,0,0,1,0,0,1,0,0,0,baixo
6,10000.0,158,0.7531645569620253,4,4,1,0,1,0,1,0,1,1,0,0,1,medio_alto
9,10000.0,4,0.75,1,3,1,1,0,0,1,0,0,0,0,1,0,baixo
9,35000.0,180,0.7944444444444444,1,4,1,0,0,0,0,1,0,0,0,1,1,gratuito
2,10000.0,4,1.0,1,2,1,0,0,0,1,1,0,0,0,0,0,baixo
1,10000.0,3,0.6666666666666666,1,3,1,0,0,0,1,0,1,1,0,0,0,medio_baixo
3,150000.0,2575,0.7394174757281553,1,4,1,0,0,0,1,1,1,0,1,0,0,alto
3,10000.0,33,0.8484848484848485,1,3,1,0,0,0,1,0,0,1,1,0,0,medio_baixo
2,10000.0,3,0.3333333333333333,2,2,1,1,1,0,0,0,0,1,0,0,1,alto
2,10000.0,7,0.2857142857142857,1,1,1,0,0,0,0,1,0,0,0,0,0,alto
4,10000.0,15,1.0,9,3,1,0,0,0,1,0,0,1,0,0,0,medio_baixo
15,75000.0,340,0.7058823529411765,6,3,1,0,0,1,1,0,1,1,0,0,0,baixo
1,750000.0,20634,0.8975477367451778,1,6,1,0,0,3,1,1,1,1,0,0,0,alto
3,35000.0,185,0.6486486486486487,10,2,1,0,0,1,1,1,0,0,0,0,0,medio_alto
5,10000.0,17,0.7647058823529411,22,1,1,0,0,0,1,0,0,0,0,0,0,baixo
1,10000.0,6,0.5,1,5,1,0,0,1,1,1,1,1,0,0,1,medio_baixo
4,0.0,0,0.0,0,0,1,0,0,0,0,0,0,0,0,0,0,gratuito
3,10000.0,5,1.0,1,2,1,1,0,0,1,1,0,0,0,0,0,medio_baixo
2,10000.0,5,0.8,12,4,1,1,0,0,1,1,0,1,0,1,0,baixo
2,10000.0,30,0.9666666666666667,7,4,1,0,1,0,1,0,1,1,0,0,0,baixo
4,150000.0,5385,0.981058495821727,4,2,1,0,0,0,0,0,1,1,0,0,0,alto
4,0.0,0,0.0,0,0,1,0,0,0,0,0,0,0,0,0,0,gratuito
8,10000.0,18,0.8333333333333334,2,1,1,0,0,0,0,0,0,0,1,0,0,baixo
3,10000.0,22,0.9090909090909091,1,2,1,1,0,0,1,1,0,0,0,0,0,medio_baixo
2,35000.0,419,0.918854415274463,3,2,1,0,0,2,1,0,0,0,1,0,0,alto
4,0.0,0,0.0,1,3,1,1,0,0,0,1,0,0,0,1,1,gratuito
9,35000.0,392,0.6887755102040817,7,2,1,1,1,0,1,0,0,0,0,1,0,alto
3,10000.0,19,0.8421052631578947,1,2,1,0,0,0,0,0,0,1,0,1,0,baixo
5,35000.0,4,1.0,2,3,1,0,0,0,1,0,0,1,0,0,1,medio_baixo
15,150000.0,2555,0.675146771037182,7,1,1,0,0,0,0,0,0,0,0,0,0,gratuito
1,10000.0,0,0.0,1,3,1,0,0,0,1,1,1,0,0,0,0,medio_baixo
1,10000.0,0,0.0,1,4,1,0,0,0,1,0,1,0,0,1,0,gratuito
9,10000.0,14,0.8571428571428571,1,2,1,0,0,0,0,0,0,0,0,0,0,gratuito
2,10000.0,8,1.0,9,2,1,0,0,0,1,0,0,1,0,0,0,baixo
9,35000.0,371,0.477088948787062,2,4,1,0,0,1,1,0,0,0,0,1,1,baixo
9,10000.0,153,0.49673202614379086,1,6,1,0,0,0,1,1,0,0,1,1,1,medio_baixo
1,10000.0,0,0.0,2,3,1,0,0,0,1,1,1,0,0,0,0,baixo
5,10000.0,6,0.16666666666666666,28,2,1,0,0,0,1,0,0,1,0,0,0,baixo
1,10000.0,0,0.0,1,2,1,0,1,0,1,1,0,0,0,0,0,medio_alto
1,10000.0,0,0.0,1,2,1,0,0,0,1,0,0,1,0,0,0,baixo
3,0.0,0,0.0,1,2,1,0,0,2,0,1,0,0,0,0,0,gratuito
5,10000.0,3,1.0,1,2,1,0,0,0,0,1,0,1,0,0,0,medio_alto
5,10000.0,2,0.5,1,3,1,0,0,0,1,1,0,1,0,0,0,baixo
2,10000.0,0,0.0,5,5,1,1,1,0,1,0,1,1,1,0,1,medio_alto
5,35000.0,1,1.0,1,2,1,0,0,0,0,0,1,0,1,0,0,baixo
5,10000.0,25,0.96,1,3,1,0,0,0,1,0,0,1,0,0,1,medio_alto
1,0.0,0,0.0,1,4,1,0,0,0,1,0,1,1,1,0,0,medio_baixo
7,10000.0,64,0.9375,2,3,1,1,1,0,0,0,0,0,1,1,1,alto
2,0.0,0,0.0,1,2,1,0,0,0,0,0,0,1,0,0,0,gratuito
4,10000.0,0,0.0,6,3,1,0,0,0,0,0,1,1,0,0,1,medio_baixo
4,10000.0,6,0.8333333333333334,1,2,1,0,0,0,1,0,0,1,0,0,0,medio_baixo
4,0.0,0,0.0,1,4,1,1,0,0,1,0,0,1,0,0,1,gratuito
4,10000.0,5,1.0,1,4,1,0,0,0,1,0,1,1,0,0,1,medio_baixo
11,10000.0,62292,0.6248153856032878,11,2,1,1,0,10,0,1,1,0,0,0,0,alto
5,35000.0,19,1.0,1,1,1,0,0,0,1,0,0,0,0,0,0,medio_baixo
9,10000.0,13,0.07692307692307693,1,3,1,0,0,0,1,0,1,1,0,0,0,baixo
3,35000.0,488,0.8114754098360656,3,3,1,0,1,0,1,0,0,0,1,1,0,medio_alto
2,35000.0,4,0.5,2,2,1,0,0,0,1,0,0,0,0,0,0,gratuito
2,0.0,0,0.0,0,0,1,0,0,0,0,0,0,0,0,0,0,gratuito
14,35000.0,129,0.8294573643410853,1,3,1,1,1,0,1,0,1,1,0,0,0,medio_baixo
7,10000.0,17,0.8823529411764706,1,3,1,0,0,0,1,1,0,1,0,0,0,medio_baixo
10,35000.0,386,0.9352331606217616,1,5,1,1,1,0,1,0,1,1,1,0,1,medio_alto
2,0.0,0,0.0,1,5,1,0,0,0,1,1,1,1,0,0,0,gratuito
2,10000.0,12,0.6666666666666666,1,5,1,0,0,0,1,0,0,1,1,1,1,medio_baixo
4,10000.0,28,0.5714285714285714,3,5,1,0,0,0,1,0,0,1,1,1,1,medio_alto
8,75000.0,10,0.5,12,1,1,0,0,0,0,1,0,0,0,0,0,baixo
3,10000.0,10,0.6,2,1,1,1,0,0,0,0,0,0,0,1,0,alto
3,35000.0,332,0.3704819277108434,8,6,1,0,0,0,1,1,1,0,0,0,1,gratuito
6,10000.0,94,0.5957446808510638,5,1,1,1,1,1,1,0,0,0,0,0,0,medio_baixo
7,10000.0,10,0.9,1,3,1,1,1,0,1,0,1,0,1,0,0,medio_alto
9,10000.0,6,0.8333333333333334,1,2,1,0,0,0,0,0,1,1,0,0,0,medio_alto
6,35000.0,202,0.7425742574257426,2,3,1,0,1,1,1,0,0,1,0,0,0,gratuito
3,10000.0,8,0.5,1,6,1,0,0,0,1,1,1,1,1,0,1,baixo
1,10000.0,0,0.0,1,4,1,0,0,0,1,0,1,0,1,1,0,baixo
2,150000.0,4056,0.6942800788954635,13,2,1,0,0,6,0,1,1,0,0,0,0,alto
4,10000.0,4,1.0,1,2,1,0,0,0,1,0,0,0,0,1,0,medio_baixo
2,0.0,0,0.0,0,0,1,0,0,0,0,0,0,0,0,0,0,gratuito
3,0.0,0,0.0,0,0,1,0,0,0,0,0,0,0,0,0,0,gratuito
2,10000.0,0,0.0,1,2,1,0,0,0,0,0,0,0,0,1,0,gratuito
3,10000.0,1,0.0,3,3,1,0,1,0,1,1,0,0,0,0,0,baixo
3,10000.0,0,0.0,1,3,1,0,0,0,0,1,1,1,0,0,0,baixo
6,35000.0,61,0.8360655737704918,1,2,1,0,1,1,1,1,0,0,0,0,0,medio_alto
5,10000.0,1,0.0,1,1,1,0,0,0,0,1,0,0,0,0,0,alto
1,10000.0,20,1.0,1,3,1,0,0,0,1,0,1,1,0,0,0,alto
1,10000.0,0,0.0,8,4,1,0,1,0,1,1,1,1,0,0,0,baixo
1,0.0,0,0.0,1,7,1,0,0,0,0,1,1,1,1,1,0,gratuito
8,75000.0,863,0.6674391657010429,8,3,1,0,0,4,0,1,1,0,1,0,0,alto
3,0.0,0,0.0,0,0,1,0,0,0,0,0,0,0,0,0,0,gratuito
3,0.0,0,0.0,1,4,1,0,1,0,1,1,0,1,0,0,0,gratuito
1,0.0,0,0.0,0,0,1,0,0,0,0,0,0,0,0,0,0,gratuito
10,75000.0,126,0.6825396825396826,11,1,1,0,0,0,0,0,0,1,0,0,0,medio_alto
2,10000.0,70,0.8142857142857143,10,3,1,1,0,0,1,0,1,1,0,0,0,baixo
3,0.0,0,0.0,0,0,1,0,0,0,0,0,0,0,0,0,0,gratuito
17,35000.0,107,0.8317757009345794,1,0,1,0,0,0,0,0,0,0,0,0,0,alto
3,0.0,0,0.0,1,4,1,0,0,0,1,1,1,0,0,0,0,gratuito
9,10000.0,6,0.8333333333333334,2,4,1,0,0,0,1,1,1,0,1,0,0,alto
3,150000.0,15,0.8666666666666667,1,7,1,1,0,0,1,1,1,0,1,1,1,medio_alto
9,75000.0,624,0.9342948717948718,3,2,1,0,0,1,1,0,0,1,0,0,0,medio_baixo
5,10000.0,38,0.39473684210526316,1,2,1,0,0,0,0,1,0,0,0,0,0,gratuito
3,10000.0,9,0.7777777777777778,1,5,1,0,0,0,1,0,0,1,0,1,1,medio_alto
1,0.0,0,0.0,0,0,1,0,0,0,0,0,0,0,0,0,0,gratuito
2,10000.0,3,1.0,2,4,1,0,0,0,1,1,1,1,0,0,0,baixo
8,10000.0,39,0.9230769230769231,1,1,1,0,0,0,0,0,1,0,0,0,0,gratuito
1,10000.0,0,0.0,11,1,1,0,0,0,0,0,0,0,0,0,1,alto
3,0.0,0,0.0,0,0,1,0,0,0,0,0,0,0,0,0,0,gratuito
4,10000.0,11,0.2727272727272727,8,5,1,0,0,0,1,0,1,1,0,1,1,medio_alto
2,10000.0,3,0.6666666666666666,6,3,1,0,0,0,1,1,0,0,0,1,0,medio_baixo
4,10000.0,5,0.8,1,2,1,0,0,0,1,0,0,0,0,1,0,medio_alto
1,10000.0,0,0.0,1,5,1,0,0,0,1,0,0,0,1,1,0,gratuito
8,10000.0,9,1.0,1,2,1,0,0,0,0,0,0,0,1,1,0,medio_alto
6,10000.0,4,0.75,1,4,1,1,0,0,1,0,0,1,0,1,1,alto
3,10000.0,12,0.8333333333333334,2,4,1,0,0,0,0,1,1,1,1,0,0,medio_alto
8,35000.0,569,0.9367311072056239,2,2,1,1,1,0,1,0,0,1,0,0,0,gratuito
7,10000.0,8,0.875,1,2,1,0,0,0,1,1,0,0,0,0,0,medio_baixo
6,10000.0,44,0.9090909090909091,4,2,1,0,0,0,1,1,0,0,0,0,0,medio_baixo
1,10000.0,6,1.0,2,2,1,0,1,0,1,0,0,1,0,0,0,medio_alto
5,10000.0,0,0.0,1,4,1,1,1,2,1,0,1,1,0,0,1,medio_baixo
1,0.0,0,0.0,1,5,1,1,0,0,1,0,0,1,0,0,1,gratuito
7,10000.0,1,1.0,1,3,1,0,0,0,1,0,0,0,0,1,0,medio_baixo
5,10000.0,0,0.0,4,2,1,0,0,0,0,0,0,0,0,1,1,alto
7,3500000.0,128956,0.9213762833834797,13,2,1,0,0,9,1,0,1,0,0,0,0,alto
4,0.0,0,0.0,1,3,1,0,0,0,1,1,0,0,0,1,0,gratuito
2,10000.0,13,1.0,1,3,1,0,0,0,1,1,0,1,0,0,0,baixo
5,10000.0,19,0.6842105263157895,1,1,1,0,0,0,0,0,0,0,0,0,0,gratuito
5,10000.0,106,0.8490566037735849,2,2,1,0,0,0,1,0,1,0,0,0,0,gratuito
5,10000.0,39,1.0,1,1,1,0,0,0,0,0,0,1,0,0,0,baixo
4,0.0,0,0.0,1,2,1,1,1,0,1,0,1,0,0,0,0,gratuito
1,10000.0,25,0.92,2,4,1,0,0,0,1,0,1,1,0,0,1,medio_alto
10,10000.0,9,0.1111111111111111,1,4,1,1,1,1,1,1,1,1,0,0,0,medio_alto
5,10000.0,17,0.6470588235294118,1,6,1,1,1,0,1,1,1,1,1,0,0,baixo
3,10000.0,5,0.8,2,3,1,0,0,0,0,0,0,0,1,1,0,gratuito
1,10000.0,41,0.7073170731707317,24,1,1,0,0,0,0,1,0,0,0,0,0,medio_baixo
1,0.0,0,0.0,10,2,1,0,0,0,0,1,1,0,0,0,0,baixo
2,0.0,0,0.0,0,0,1,0,0,0,0,0,0,0,0,0,0,gratuito
1,0.0,0,0.0,1,3,1,0,0,0,1,0,0,0,0,0,1,gratuito
2,10000.0,3,1.0,20,2,1,1,1,0,1,1,0,0,0,0,0,medio_alto
1,0.0,0,0.0,0,0,1,0,0,0,0,0,0,0,0,0,0,gratuito
3,0.0,0,0.0,1,1,1,0,0,0,1,0,0,0,0,0,0,gratuito
1,0.0,0,0.0,1,3,1,0,0,0,1,0,0,0,0,0,0,gratuito
3,10000.0,13,0.6153846153846154,3,5,1,0,0,0,1,0,1,1,0,0,1,baixo
5,350000.0,1010,0.6861386138613862,14,3,1,0,0,0,1,0,1,0,0,0,0,gratuito
13,150000.0,2949,0.884028484231943,11,3,1,1,1,0,1,0,1,1,0,0,0,medio_baixo
12,75000.0,229,0.7336244541484717,6,2,1,0,0,0,0,0,0,0,0,1,1,medio_baixo
1,0.0,0,0.0,8,3,1,1,0,0,0,0,0,1,0,1,0,gratuito
2,10000.0,4,0.75,2,3,1,0,0,0,1,1,1,0,0,0,0,baixo
1,10000.0,0,0.0,1,4,1,0,0,0,1,0,1,0,1,0,0,alto
7,10000.0,21,0.6190476190476191,2,1,1,0,0,0,0,0,0,0,0,0,0,baixo
7,10000.0,2,0.5,1,2,1,0,0,0,1,0,0,1,0,0,0,baixo
1,0.0,0,0.0,0,0,1,0,0,0,0,0,0,0,0,0,0,gratuito
7,10000.0,13,0.46153846153846156,1,3,1,0,0,0,1,0,0,1,0,0,0,medio_alto
2,0.0,0,0.0,0,0,1,0,0,0,0,0,0,0,0,0,0,gratuito
1,10000.0,0,0.0,2,2,1,1,0,0,0,0,0,0,0,0,0,medio_alto
1,10000.0,3,1.0,2,2,1,0,0,0,0,1,0,0,1,0,0,medio_baixo
10,35000.0,171,0.8070175438596491,7,3,1,0,0,0,1,0,0,1,0,1,0,alto
2,10000.0,7,0.7142857142857143,2,3,1,0,0,0,1,0,1,0,0,1,0,medio_alto
4,0.0,0,0.0,0,0,1,0,0,0,0,0,0,0,0,0,0,gratuito
7,10000.0,16,0.4375,1,6,1,0,0,0,1,0,1,1,1,1,0,alto
3,10000.0,5,0.8,1,2,1,1,0,0,0,0,1,1,0,0,0,medio_alto
5,10000.0,11,0.9090909090909091,2,2,1,0,0,0,1,0,1,0,0,0,0,medio_baixo
8,10000.0,27,0.8148148148148148,1,3,1,1,1,0,1,1,1,0,0,0,0,medio_baixo
1,0.0,0,0.0,1,4,1,0,0,0,1,1,1,0,0,0,0,gratuito
2,0.0,0,0.0,1,2,1,0,0,0,1,0,0,0,0,0,0,gratuito
4,10000.0,6,0.5,1,1,1,0,0,0,0,1,0,0,0,0,0,baixo
6,10000.0,0,0.0,1,3,1,0,1,0,1,0,1,1,0,0,0,medio_alto
7,35000.0,5,0.4,1,3,1,0,0,0,1,0,1,0,1,0,0,alto
3,10000.0,15,0.9333333333333333,2,3,1,1,0,0,1,0,0,1,0,1,0,medio_baixo
19,750000.0,3251,0.7077822208551215,5,1,1,1,0,0,0,0,0,0,0,1,0,medio_baixo
7,10000.0,118,0.4152542372881356,2,3,1,0,0,0,0,0,1,1,0,0,0,gratuito
3,0.0,0,0.0,103,9,1,1,1,0,1,1,1,1,1,1,1,alto
12,75000.0,902,0.7372505543237251,1,2,1,1,1,0,0,0,0,0,1,1,0,gratuito
2,10000.0,35,0.7428571428571429,10,5,1,0,0,0,1,1,1,0,0,1,1,baixo
5,10000.0,23,0.9130434782608695,1,1,1,0,0,0,0,0,0,1,0,0,0,baixo
4,10000.0,4,0.5,1,1,1,0,0,0,0,0,0,0,0,0,0,baixo
7,10000.0,22,0.7727272727272727,1,2,1,0,0,0,0,1,1,0,0,0,0,baixo
3,10000.0,247,0.6720647773279352,1,1,1,0,0,0,0,0,0,0,0,0,1,alto
2,0.0,0,0.0,1,3,1,0,0,0,0,0,1,0,1,0,0,gratuito
3,10000.0,14,0.7857142857142857,13,3,1,1,0,0,0,1,0,0,0,0,1,medio_baixo
2,0.0,0,0.0,1,4,1,0,0,0,1,1,0,0,0,0,0,gratuito
4,10000.0,8,0.875,1,5,1,0,0,0,1,0,1,0,1,1,0,gratuito
2,10000.0,11,1.0,1,3,1,0,0,0,1,0,0,1,0,0,1,medio_alto
5,10000.0,1,1.0,1,2,1,0,0,0,0,0,1,1,0,0,0,medio_alto
4,10000.0,2,1.0,7,4,1,0,0,0,1,1,1,0,0,0,0,medio_alto
1,10000.0,0,0.0,1,2,1,0,0,0,0,0,0,1,0,0,0,alto
5,10000.0,2,1.0,2,3,1,0,0,0,1,0,0,0,0,1,1,medio_baixo
4,10000.0,15,0.4666666666666667,2,3,1,0,0,0,0,0,0,0,0,1,1,medio_alto
3,10000.0,21,0.47619047619047616,1,6,1,0,0,0,0,1,1,0,1,0,1,medio_alto
4,35000.0,4,1.0,1,3,1,0,0,1,1,1,1,0,0,0,0,medio_alto
1,0.0,0,0.0,23,3,1,0,0,0,1,0,1,1,0,0,0,medio_baixo
11,35000.0,137,0.7737226277372263,2,2,1,0,0,0,1,0,1,0,0,0,0,baixo
2,10000.0,3,0.6666666666666666,1,3,1,0,0,0,1,0,0,0,0,1,1,alto
5,10000.0,8,0.875,1,2,1,0,0,1,1,0,0,1,0,0,0,baixo
4,0.0,0,0.0,1,3,1,0,0,0,1,1,0,0,0,0,0,gratuito
11,350000.0,4951,0.624924257725712,6,1,1,0,0,0,0,0,1,0,0,0,0,alto
1,0.0,0,0.0,0,0,1,0,0,0,0,0,0,0,0,0,0,gratuito
5,10000.0,0,0.0,1,2,1,0,0,0,0,0,0,0,1,1,0,alto
1,10000.0,0,0.0,2,2,1,0,0,0,0,0,0,0,1,0,0,alto
2,10000.0,0,0.0,1,3,1,0,0,0,1,1,1,0,0,0,0,medio_baixo
10,35000.0,51,0.7843137254901961,1,2,1,0,0,0,1,1,0,0,0,0,0,baixo
1,0.0,0,0.0,2,4,1,0,0,0,0,1,1,1,1,0,0,medio_baixo
1,10000.0,0,0.0,1,3,1,0,0,0,1,0,1,0,0,0,1,medio_baixo
1,0.0,0,0.0,0,0,1,0,0,0,0,0,0,0,0,0,0,gratuito
3,10000.0,6,1.0,1,2,1,0,0,0,1,0,0,1,0,0,0,alto
5,10000.0,25,0.52,29,4,1,0,0,0,1,0,1,1,0,0,1,medio_baixo
1,10000.0,0,0.0,10,1,1,0,0,0,0,0,0,1,0,0,0,medio_baixo
1,10000.0,7,0.7142857142857143,7,6,1,0,0,0,1,1,1,0,0,1,1,medio_baixo
7,10000.0,90,0.8222222222222222,2,5,1,0,0,0,1,0,1,1,0,1,1,baixo
2,10000.0,3,0.3333333333333333,2,2,1,0,0,0,1,0,0,1,0,0,0,alto
1,0.0,0,0.0,1,3,1,0,0,0,1,0,0,1,0,0,0,gratuito
1,10000.0,1,1.0,1,4,1,0,0,0,1,1,0,0,0,0,1,medio_alto
6,10000.0,2,0.5,2,5,1,1,1,4,0,1,1,0,1,0,1,medio_baixo
8,10000.0,46,0.13043478260869565,1,5,1,0,0,1,1,1,1,0,1,1,0,medio_baixo
9,10000.0,31,0.8387096774193549,1,2,1,1,1,0,0,0,0,0,1,1,0,medio_alto
4,10000.0,1,1.0,3,2,1,0,0,0,1,0,0,1,0,0,0,baixo
1,0.0,0,0.0,10,4,1,0,0,0,1,1,1,1,0,0,0,alto
9,10000.0,46,0.6521739130434783,8,5,1,0,0,0,1,1,0,0,0,0,1,alto
5,10000.0,9,1.0,1,1,1,0,0,0,1,0,0,0,0,0,0,medio_baixo
5,35000.0,347,0.8847262247838616,14,1,1,0,0,7,0,1,0,0,0,0,0,gratuito
5,10000.0,1,1.0,1,3,1,0,0,0,1,1,0,1,0,0,0,medio_baixo
8,10000.0,125,0.744,6,4,1,1,0,1,1,0,1,0,0,1,1,alto
4,75000.0,431,0.8979118329466357,1,3,1,0,0,0,1,1,0,0,1,0,0,medio_baixo
2,10000.0,2,0.0,1,2,1,0,0,0,0,0,0,0,0,1,1,medio_baixo
3,10000.0,5,1.0,1,3,1,1,0,0,1,0,1,0,1,0,0,medio_baixo
4,0.0,0,0.0,5,5,1,1,0,0,1,0,0,1,0,0,0,gratuito
8,10000.0,2,1.0,1,2,1,0,0,0,1,0,1,0,0,0,0,medio_alto
1,10000.0,0,0.0,1,1,1,0,0,0,0,0,0,0,1,0,0,alto
9,10000.0,115,0.3826086956521739,2,5,1,0,0,0,1,1,1,1,0,0,0,baixo
13,150000.0,870,0.6022988505747127,12,3,1,1,0,0,1,1,0,0,0,0,0,baixo
1,75000.0,1051,0.9733587059942912,1,3,1,0,0,0,1,0,0,1,0,0,1,medio_baixo
1,150000.0,4112,0.9705739299610895,1,2,1,0,0,0,0,0,0,0,0,0,1,alto
5,10000.0,156,0.8910256410256411,1,2,1,0,0,0,1,0,1,0,0,0,0,medio_baixo
3,0.0,0,0.0,1,3,1,0,0,0,1,1,1,0,0,0,0,gratuito
7,10000.0,16,0.375,7,5,1,1,0,0,1,0,0,1,0,0,1,medio_alto
1,10000.0,3,0.6666666666666666,5,1,1,0,0,0,1,0,0,0,0,0,0,baixo
6,10000.0,24,0.75,1,1,1,0,0,0,1,0,0,0,0,0,0,gratuito
1,0.0,0,0.0,0,0,1,0,0,0,0,0,0,0,0,0,0,gratuito
6,75000.0,673,0.7622585438335809,12,3,1,0,0,1,1,1,0,0,0,0,1,baixo
12,75000.0,418,0.7918660287081339,1,3,1,1,0,1,1,1,1,0,0,0,0,medio_baixo
7,10000.0,3,1.0,1,3,1,0,1,0,1,1,0,1,0,0,0,baixo
3,35000.0,74,0.9324324324324325,1,2,1,0,0,0,1,1,0,0,0,0,0,medio_baixo
3,10000.0,6,0.8333333333333334,1,5,1,0,1,0,1,0,0,1,0,1,1,medio_baixo
8,10000.0,29,0.41379310344827586,1,3,1,0,0,0,1,0,0,1,0,0,0,baixo
1,10000.0,0,0.0,1,1,1,0,0,0,1,0,0,0,0,0,0,alto
2,10000.0,0,0.0,9,4,1,0,0,0,1,1,1,1,0,0,0,medio_baixo
5,75000.0,219,0.7351598173515982,1,2,1,0,0,0,0,0,0,1,0,0,1,medio_alto
10,10000.0,4,0.75,1,4,1,0,0,0,1,1,1,0,0,0,0,baixo
5,0.0,0,0.0,0,0,1,0,0,0,0,0,0,0,0,0,0,gratuito
11,35000.0,159,0.6792452830188679,1,3,1,0,0,0,1,1,0,0,1,0,0,alto
6,10000.0,64,0.890625,3,4,1,1,1,1,1,0,1,1,0,0,0,gratuito
4,35000.0,25,0.72,1,2,1,0,0,0,1,0,1,0,0,0,0,medio_baixo
2,10000.0,18,0.7222222222222222,3,5,1,0,0,0,1,0,1,1,1,1,0,baixo
3,10000.0,181,0.7458563535911602,1,5,1,0,0,0,1,1,0,1,1,0,0,medio_alto
2,10000.0,5,1.0,1,2,1,0,0,0,1,1,0,0,0,0,0,medio_baixo
1,75000.0,1026,0.9385964912280702,11,4,1,0,0,0,1,1,1,0,1,0,0,alto
1,0.0,0,0.0,0,0,1,0,0,0,0,0,0,0,0,0,0,gratuito
2,10000.0,0,0.0,8,1,1,1,1,0,1,0,0,0,0,0,0,alto
4,10000.0,26,0.7307692307692307,1,2,1,0,0,0,1,0,0,1,0,0,0,medio_baixo
6,10000.0,51,0.8235294117647058,6,3,1,0,0,0,1,0,0,0,0,0,1,alto
4,35000.0,57,0.9122807017543859,2,4,1,0,0,0,1,0,0,1,1,1,0,medio_baixo
2,10000.0,1,1.0,4,3,1,0,0,0,1,0,0,1,0,1,0,medio_baixo
1,10000.0,15,1.0,2,2,1,0,0,0,1,0,0,1,0,0,0,baixo
20,7500000.0,10474,0.9360320794347909,5,1,1,1,0,0,0,1,0,0,0,0,0,alto
6,10000.0,15,1.0,1,3,1,0,0,1,1,0,0,0,1,1,0,alto
4,10000.0,13,0.9230769230769231,1,3,1,0,0,0,1,1,0,0,0,0,0,alto
1,10000.0,0,0.0,2,1,1,0,0,0,0,1,0,0,0,0,0,alto
4,10000.0,0,0.0,103,6,1,1,1,0,1,1,1,1,1,1,0,baixo
1,10000.0,129,0.7906976744186046,3,1,1,0,0,0,0,0,1,0,0,0,0,alto
17,150000.0,178,0.5674157303370787,4,1,1,0,0,0,0,0,0,0,0,1,0,baixo
1,0.0,0,0.0,1,4,1,1,0,0,1,1,0,1,0,0,0,gratuito
1,10000.0,5,0.8,5,3,1,1,1,1,1,0,1,1,0,0,0,alto
2,0.0,0,0.0,2,4,1,0,0,0,1,0,0,1,0,0,1,gratuito
5,10000.0,5,1.0,4,3,1,1,0,0,1,1,0,1,0,0,0,medio_alto
2,0.0,0,0.0,103,9,1,1,1,0,1,1,1,1,1,1,1,alto
1,10000.0,0,0.0,9,2,1,0,0,0,1,0,0,1,0,0,0,medio_alto
2,10000.0,0,0.0,1,3,1,0,0,3,1,0,0,1,0,1,0,baixo
2,10000.0,40,0.65,1,4,1,0,0,0,1,1,0,1,0,1,0,baixo
1,35000.0,1375,0.752,14,1,1,0,0,4,0,0,0,0,0,1,0,alto
1,10000.0,0,0.0,23,2,1,0,0,0,1,0,0,1,0,0,0,medio_alto
1,0.0,0,0.0,1,8,1,0,0,0,1,0,0,0,0,0,1,gratuito
6,10000.0,12,0.8333333333333334,5,5,1,0,0,0,1,1,1,1,0,0,0,gratuito
5,10000.0,24,0.9583333333333334,3,3,1,0,1,0,1,0,0,1,0,1,0,baixo
4,0.0,0,0.0,1,2,1,0,0,0,1,0,0,0,0,1,0,gratuito
1,0.0,0,0.0,0,0,1,0,0,0,0,0,0,0,0,0,0,gratuito
1,75000.0,970,0.9443298969072165,1,4,1,0,0,0,0,1,1,0,1,0,0,alto
2,10000.0,5,1.0,8,3,1,0,0,0,1,1,1,0,0,0,0,medio_alto
5,10000.0,17,1.0,1,3,1,0,0,0,1,1,1,0,0,0,0,baixo
2,10000.0,19,0.9473684210526315,3,1,1,0,0,0,0,0,0,1,0,0,0,baixo
4,350000.0,14990,0.8256170780520347,12,5,1,1,1,15,1,1,0,0,0,1,1,medio_alto
7,10000.0,32,0.71875,1,4,1,0,0,0,1,0,1,0,0,0,1,baixo
5,35000.0,55,0.4727272727272727,7,2,1,0,0,0,1,0,0,0,0,0,1,baixo
4,35000.0,28,0.7857142857142857,1,3,1,0,0,4,1,0,0,1,0,0,0,gratuito
3,10000.0,5,1.0,28,2,1,0,0,0,1,0,0,1,0,0,0,baixo
5,10000.0,24,0.3333333333333333,2,1,1,0,0,0,1,0,0,0,0,0,0,baixo
2,10000.0,1,1.0,8,1,1,0,0,0,0,0,0,1,0,0,0,baixo
1,0.0,0,0.0,14,4,1,0,1,0,1,0,0,1,0,1,1,medio_baixo
12,75000.0,565,0.815929203539823,13,3,1,1,1,0,1,0,0,1,0,0,1,baixo
6,10000.0,24,1.0,4,5,1,0,0,1,1,1,0,1,0,1,1,baixo
2,10000.0,10,0.9,7,5,1,0,0,0,1,1,0,1,0,1,1,baixo
5,10000.0,0,0.0,14,1,1,0,0,0,0,0,0,1,0,0,0,medio_baixo
1,0.0,0,0.0,0,0,1,0,0,0,0,0,0,0,0,0,0,gratuito
4,10000.0,0,0.0,1,4,1,1,0,0,0,0,1,0,1,0,0,gratuito
1,0.0,0,0.0,0,0,1,0,0,0,0,0,0,0,0,0,0,gratuito
7,35000.0,463,0.6501079913606912,23,4,1,1,1,0,1,1,0,1,0,1,0,baixo
4,10000.0,0,0.0,2,3,1,0,0,0,0,1,1,1,0,0,0,medio_baixo
18,350000.0,2318,0.8006902502157032,5,2,1,0,0,0,0,1,1,0,0,0,0,medio_baixo
8,10000.0,509,0.6974459724950884,9,5,1,0,0,0,0,0,0,0,0,0,0,alto
8,10000.0,141,0.5460992907801419,1,3,1,0,0,0,0,0,0,0,0,1,0,gratuito
1,35000.0,310,0.8387096774193549,4,4,1,0,0,1,0,0,1,0,1,0,1,alto
6,10000.0,13,0.6153846153846154,1,2,1,0,0,0,1,0,0,1,0,0,0,medio_alto
8,10000.0,3,1.0,1,2,1,0,0,0,0,1,0,0,1,0,0,medio_alto
1,0.0,0,0.0,0,0,1,0,0,0,0,0,0,0,0,0,0,gratuito
4,10000.0,0,0.0,1,1,1,0,0,0,0,1,0,0,0,0,0,baixo
2,0.0,0,0.0,77,2,1,0,0,0,1,0,0,1,0,0,0,medio_alto
3,350000.0,12190,0.4683347005742412,12,2,1,0,0,1,0,1,1,0,0,0,0,medio_alto
6,35000.0,21,0.9047619047619048,1,3,1,1,0,0,1,0,0,1,0,0,0,gratuito
4,35000.0,14,0.9285714285714286,1,4,1,0,0,1,1,0,1,1,1,0,0,alto
10,10000.0,12,1.0,1,2,1,1,1,0,1,0,0,0,0,1,0,medio_alto
4,0.0,0,0.0,1,3,1,0,0,0,0,1,0,1,0,0,0,gratuito
4,10000.0,16,0.6875,15,3,1,0,0,0,1,1,1,0,0,0,0,baixo
3,10000.0,9,0.7777777777777778,6,1,1,0,0,0,0,0,1,0,0,0,0,medio_alto
2,10000.0,37,0.972972972972973,2,4,1,0,0,0,1,0,1,0,1,1,0,medio_baixo
1,0.0,0,0.0,0,0,1,0,0,0,0,0,0,0,0,0,0,gratuito
6,10000.0,52,0.7692307692307693,2,3,1,1,0,1,1,0,1,1,0,0,0,medio_baixo
12,35000.0,99,0.35353535353535354,4,1,1,0,0,0,0,0,0,0,0,1,0,baixo
4,0.0,0,0.0,0,0,1,0,0,0,0,0,0,0,0,0,0,gratuito
1,10000.0,0,0.0,13,4,1,0,0,0,1,1,1,0,1,0,0,alto
5,35000.0,93,0.5053763440860215,1,3,1,1,1,0,1,0,0,1,0,0,1,alto
9,35000.0,82,0.6341463414634146,1,2,1,1,1,0,1,1,0,0,0,0,0,medio_baixo
7,10000.0,0,0.0,1,3,1,0,0,6,1,0,1,1,0,0,0,alto
2,10000.0,0,0.0,1,3,1,0,0,0,1,1,0,1,0,0,0,medio_baixo
4,10000.0,10,1.0,1,2,1,0,0,0,0,0,1,1,0,0,0,baixo
1,0.0,0,0.0,1,4,1,0,0,0,1,0,1,0,0,0,1,gratuito
5,0.0,0,0.0,0,0,1,0,0,0,0,0,0,0,0,0,0,gratuito
10,35000.0,68,0.7794117647058824,14,6,1,0,0,1,1,1,0,1,0,0,0,gratuito
5,10000.0,1,0.0,1,2,1,0,0,0,1,0,1,0,0,0,0,medio_baixo
13,75000.0,226,0.6637168141592921,6,4,1,0,1,0,1,1,0,0,1,0,1,alto
3,10000.0,0,0.0,25,1,1,0,1,0,0,0,0,1,0,0,0,medio_baixo
2,10000.0,0,0.0,3,4,1,0,0,0,1,0,1,1,0,0,1,medio_alto
1,10000.0,35,0.9428571428571428,11,2,1,1,0,1,1,0,0,0,0,1,0,alto
10,10000.0,66,0.6666666666666666,2,3,1,0,0,0,1,1,0,0,0,0,1,alto
4,10000.0,6,0.6666666666666666,1,2,1,0,0,0,0,0,0,0,0,0,1,alto
1,0.0,0,0.0,1,6,1,0,0,0,1,1,1,0,1,1,0,alto
1,10000.0,0,0.0,1,3,1,0,0,0,1,0,0,0,0,0,1,gratuito
10,35000.0,25,0.72,1,1,1,0,0,0,0,0,0,1,0,0,0,medio_alto
3,10000.0,3,1.0,1,3,1,1,0,0,1,1,1,0,0,0,0,medio_baixo
10,350000.0,2358,0.963952502120441,4,4,1,0,0,1,1,0,1,1,0,0,0,gratuito
1,10000.0,1,1.0,1,3,1,0,0,0,1,1,0,1,0,0,0,medio_alto
6,10000.0,2,1.0,2,5,1,0,0,0,1,0,0,1,1,1,1,medio_alto
9,10000.0,395,0.9493670886075949,1,4,1,1,1,1,1,1,0,1,0,0,0,medio_baixo
1,10000.0,0,0.0,1,4,1,0,0,0,1,0,1,1,0,1,0,medio_baixo
2,0.0,0,0.0,2,3,1,0,0,0,1,0,0,1,0,0,0,gratuito
4,75000.0,5,0.6,1,6,1,0,0,0,1,1,1,1,1,1,0,alto
3,150000.0,3152,0.7979060913705583,15,4,1,0,0,5,0,1,1,1,1,0,0,alto
3,10000.0,0,0.0,103,2,1,0,0,9,1,0,0,1,0,0,0,baixo
2,10000.0,0,0.0,5,2,1,0,0,0,1,0,0,0,1,0,0,medio_alto
10,10000.0,16,0.8125,1,5,1,1,1,0,1,1,0,1,0,0,0,medio_alto
7,10000.0,0,0.0,1,4,1,0,0,0,1,1,1,0,1,0,0,medio_alto
5,10000.0,5,0.6,4,1,1,0,0,0,0,0,0,1,0,0,0,alto
3,0.0,0,0.0,1,4,1,0,0,0,1,1,1,0,0,0,0,gratuito
3,10000.0,22,0.7727272727272727,7,2,1,0,0,0,0,0,0,1,0,1,0,baixo
7,10000.0,7,0.42857142857142855,3,4,1,0,0,0,1,1,1,0,1,0,0,medio_alto
4,0.0,0,0.0,1,5,1,1,0,0,1,0,0,1,1,0,0,gratuito
3,10000.0,2,1.0,1,3,1,0,0,0,1,1,0,1,0,0,0,baixo
1,10000.0,0,0.0,3,2,1,1,0,0,1,0,1,0,0,0,0,medio_alto
2,10000.0,17,1.0,1,2,1,0,0,0,1,0,0,0,0,0,1,baixo
4,10000.0,137,0.9635036496350365,2,3,1,0,0,0,1,1,0,1,0,0,0,baixo
3,0.0,0,0.0,2,4,1,0,0,0,1,0,0,1,0,1,0,gratuito
4,10000.0,0,0.0,2,1,1,0,0,1,0,0,0,0,0,1,0,gratuito
7,10000.0,0,0.0,1,5,1,0,0,14,1,0,0,1,0,0,1,gratuito
1,0.0,0,0.0,1,5,1,0,0,0,1,1,0,1,0,0,0,gratuito
1,10000.0,0,0.0,7,2,1,1,1,0,1,0,0,1,0,0,0,baixo
10,35000.0,202,0.6485148514851485,8,2,1,0,0,0,1,0,1,0,0,0,0,alto
1,0.0,0,0.0,10,2,1,0,0,0,0,1,0,0,0,0,0,gratuito
5,10000.0,5,1.0,1,1,1,0,0,0,0,0,0,1,0,0,0,medio_baixo
1,0.0,0,0.0,1,4,1,0,0,0,1,1,0,0,0,0,1,gratuito
9,10000.0,4,1.0,2,2,1,0,0,0,1,0,1,0,0,0,0,medio_baixo
1,10000.0,0,0.0,5,1,1,0,1,0,0,0,0,0,0,1,0,medio_alto
10,150000.0,1459,0.9513365318711446,1,6,1,1,1,0,1,1,1,0,1,0,1,medio_alto
4,0.0,0,0.0,0,0,1,0,0,0,0,0,0,0,0,0,0,gratuito
1,0.0,0,0.0,18,4,1,0,0,0,1,0,0,0,0,1,1,gratuito
1,10000.0,0,0.0,1,2,1,0,0,0,1,0,0,1,0,0,0,baixo
1,35000.0,3,0.3333333333333333,1,6,1,0,0,0,1,1,1,1,1,0,0,medio_baixo
6,10000.0,10,0.8,5,4,1,0,0,0,1,0,1,0,1,1,0,alto
5,75000.0,20,0.95,1,3,1,0,0,0,1,1,0,1,0,0,0,medio_baixo
8,35000.0,113,0.40707964601769914,2,3,1,0,0,0,1,0,0,1,0,1,0,baixo
2,0.0,0,0.0,1,5,1,0,0,0,1,1,1,1,0,0,0,gratuito
7,10000.0,26,1.0,9,3,1,1,0,0,1,0,1,1,0,0,0,medio_baixo
3,0.0,0,0.0,103,2,1,1,1,1,1,0,0,1,0,0,0,baixo
1,0.0,0,0.0,0,0,1,0,0,0,0,0,0,0,0,0,0,gratuito
10,35000.0,197,0.41624365482233505,8,2,1,1,0,0,1,0,0,0,1,0,0,gratuito
4,0.0,0,0.0,1,4,1,1,0,0,1,1,1,0,0,0,0,gratuito
3,10000.0,3,0.3333333333333333,1,2,1,0,0,0,0,0,1,1,0,0,0,medio_alto
2,10000.0,0,0.0,1,2,1,0,0,0,0,0,0,1,1,0,0,medio_alto
7,35000.0,72,0.5694444444444444,2,2,1,0,0,0,1,0,1,0,0,0,0,baixo
11,10000.0,71,0.7887323943661971,8,4,1,1,0,0,1,1,1,1,0,0,0,baixo
1,0.0,0,0.0,8,4,1,0,0,0,1,0,1,1,0,0,0,gratuito
2,10000.0,0,0.0,7,2,1,0,0,0,1,0,0,1,0,0,0,baixo
13,350000.0,5492,0.9075018208302986,6,2,1,0,0,1,1,0,1,0,0,0,0,medio_baixo
3,10000.0,9,0.8888888888888888,2,6,1,0,0,0,1,1,0,1,0,1,0,alto
2,10000.0,5,0.0,6,3,1,0,0,0,0,0,0,1,0,1,1,medio_baixo
3,750000.0,264,0.7272727272727273,11,4,1,0,0,0,1,1,1,0,1,0,0,alto
8,10000.0,99,0.5959595959595959,1,4,1,0,0,0,0,1,0,1,0,1,1,baixo
9,350000.0,5680,0.8441901408450704,11,3,1,1,1,4,1,1,0,0,1,0,0,alto
8,10000.0,4,1.0,1,4,1,0,0,0,1,1,1,1,0,0,0,medio_alto
2,10000.0,50,0.74,9,3,1,0,0,0,1,0,1,0,0,0,1,medio_baixo
6,15000000.0,250288,0.7085917023588826,14,1,1,0,0,2,0,1,0,0,0,0,0,alto
1,10000.0,63,0.9047619047619048,3,2,1,0,0,0,0,0,1,0,1,0,0,alto
3,750000.0,7041,0.9383610282630308,20,4,1,1,0,0,1,0,0,1,0,1,1,alto
1,10000.0,8,1.0,5,3,1,0,0,0,1,0,1,0,1,0,0,medio_alto
1,10000.0,1,1.0,1,1,1,0,0,0,0,0,0,1,0,0,0,alto
2,10000.0,9,1.0,2,3,1,1,0,0,1,1,1,0,0,0,0,medio_baixo
5,10000.0,5,0.2,2,2,1,0,0,0,0,1,0,1,0,0,0,medio_alto
1,0.0,0,0.0,1,3,1,0,0,0,1,1,1,0,0,0,0,alto
1,10000.0,0,0.0,1,3,1,0,0,0,1,0,0,0,0,0,1,medio_alto
9,150000.0,188,0.8936170212765957,5,2,1,1,0,0,0,0,0,1,0,0,1,baixo
2,10000.0,9,0.8888888888888888,1,5,1,0,0,0,1,0,1,1,1,1,0,medio_baixo
5,10000.0,27,0.9259259259259259,1,3,1,1,1,0,1,0,0,1,0,1,0,medio_alto
1,10000.0,0,0.0,1,1,1,1,1,0,0,1,0,0,0,0,0,medio_alto
1,0.0,0,0.0,0,0,1,0,0,0,0,0,0,0,0,0,0,gratuito
1,10000.0,1,1.0,2,3,1,0,1,1,1,1,0,0,0,1,0,medio_baixo
1,10000.0,0,0.0,7,6,1,0,0,0,1,1,0,1,1,1,1,medio_alto
1,0.0,0,0.0,0,0,1,0,0,0,0,0,0,0,0,0,0,gratuito
1,0.0,0,0.0,1,3,1,0,0,0,0,1,1,0,0,0,0,gratuito
10,10000.0,80,0.775,1,2,1,0,0,0,1,0,1,0,0,0,0,gratuito
1,10000.0,0,0.0,1,1,1,0,0,0,0,0,0,1,0,0,0,medio_alto
1,10000.0,0,0.0,2,3,1,1,0,0,1,0,1,0,0,0,0,medio_alto
7,10000.0,27,0.8518518518518519,103,5,1,0,0,0,1,0,1,1,0,1,1,baixo
7,10000.0,47,0.9787234042553191,2,1,1,1,0,0,0,0,1,0,0,0,0,medio_alto
2,10000.0,16,0.9375,1,1,1,0,0,0,0,1,0,0,0,0,0,alto
5,10000.0,0,0.0,1,1,1,0,0,0,0,0,1,0,0,0,0,medio_alto
6,10000.0,4,1.0,1,1,1,0,0,0,1,0,0,0,0,0,0,medio_alto
5,0.0,0,0.0,0,0,1,0,0,0,0,0,0,0,0,0,0,gratuito
4,35000.0,22,0.9545454545454546,1,3,1,1,1,0,1,0,1,0,1,0,0,alto
2,10000.0,4,0.5,1,2,1,0,0,0,0,0,1,1,0,0,0,baixo
7,10000.0,29,0.7586206896551724,5,4,1,0,1,0,1,1,1,1,0,0,0,baixo
17,350000.0,848,0.7193396226415094,1,3,1,1,1,6,1,0,0,0,0,1,1,medio_alto
1,10000.0,0,0.0,4,3,1,0,0,0,1,1,1,0,0,0,0,medio_baixo
1,10000.0,0,0.0,14,4,1,0,0,0,1,0,0,1,0,1,1,medio_alto
9,10000.0,9,0.3333333333333333,1,2,1,0,0,0,1,0,0,1,0,0,0,medio_baixo
9,150000.0,687,0.6739446870451238,1,5,1,0,0,1,1,0,0,1,0,1,1,gratuito
5,10000.0,13,0.8461538461538461,1,4,1,0,0,0,1,1,0,1,0,0,1,gratuito
1,0.0,0,0.0,2,2,1,0,0,0,1,0,0,0,0,0,0,gratuito
10,10000.0,29,0.9310344827586207,2,3,1,0,0,0,1,1,0,1,0,0,0,medio_baixo
1,10000.0,0,0.0,6,5,1,0,0,0,1,0,0,0,1,1,1,alto
2,10000.0,3,0.6666666666666666,1,3,1,0,0,0,0,1,1,1,0,0,0,baixo
6,10000.0,86,0.27906976744186046,1,3,1,0,0,0,1,0,1,0,0,0,1,alto
6,10000.0,52,0.7692307692307693,1,3,1,0,0,0,1,1,1,0,0,0,0,baixo
4,10000.0,0,0.0,8,4,1,0,0,0,1,0,1,1,1,0,0,baixo
3,0.0,0,0.0,11,2,1,0,0,0,1,1,0,0,0,0,0,gratuito
1,10000.0,0,0.0,4,3,1,0,0,0,0,0,1,1,1,0,0,alto
4,10000.0,39,1.0,2,2,1,1,1,1,1,0,0,1,0,0,0,medio_alto
3,0.0,0,0.0,0,0,1,0,0,0,0,0,0,0,0,0,0,gratuito
2,10000.0,159,0.8301886792452831,9,1,1,0,0,0,0,1,0,0,0,0,0,baixo
8,10000.0,8,1.0,1,1,1,0,0,0,0,0,1,0,0,0,0,alto
6,10000.0,9,0.7777777777777778,1,1,1,0,0,0,0,0,0,1,0,0,0,medio_alto
2,10000.0,54,0.9259259259259259,2,4,1,1,0,0,1,0,0,1,1,0,1,alto
4,10000.0,51,0.9607843137254902,4,3,1,1,0,2,1,0,1,1,0,0,0,alto
5,350000.0,2890,0.9394463667820069,4,2,1,0,0,1,1,1,0,0,0,0,0,medio_alto
6,10000.0,133,0.8796992481203008,2,2,1,0,0,1,1,0,1,0,0,0,0,baixo
2,0.0,0,0.0,103,2,1,0,0,0,0,0,0,1,0,0,0,gratuito
2,10000.0,9,0.7777777777777778,1,3,1,0,0,0,1,0,0,1,0,0,1,medio_baixo
1,0.0,0,0.0,7,5,1,1,0,0,1,0,0,1,0,1,0,gratuito
4,10000.0,25,0.6,103,1,1,0,0,0,1,0,0,0,0,0,0,baixo
1,10000.0,0,0.0,1,3,1,0,0,0,1,0,0,1,0,0,0,medio_baixo
11,75000.0,225,0.37777777777777777,7,3,1,1,1,1,1,0,0,0,1,1,0,alto
1,10000.0,0,0.0,1,3,1,0,0,0,1,1,1,0,0,0,0,alto
9,10000.0,52,0.8269230769230769,13,3,1,1,0,0,1,1,1,0,0,0,0,baixo
1,10000.0,0,0.0,14,3,1,0,0,5,0,1,1,0,1,0,0,alto
1,0.0,0,0.0,11,4,1,0,0,0,1,0,0,1,0,0,1,medio_alto
9,10000.0,37,0.8108108108108109,1,3,1,1,1,3,1,0,0,1,0,1,0,medio_alto
1,10000.0,0,0.0,1,3,1,1,1,0,0,0,1,1,0,0,1,medio_alto
1,0.0,0,0.0,1,1,1,0,0,0,0,0,0,1,0,0,0,medio_baixo
9,10000.0,30,0.8666666666666667,2,2,1,0,0,1,0,0,0,0,0,0,0,gratuito
2,750000.0,14588,0.7903756512201809,13,5,1,0,0,1,1,1,0,0,0,1,1,alto
7,10000.0,17,0.5882352941176471,1,1,1,0,0,0,0,0,0,1,0,0,0,gratuito
8,10000.0,81,0.8271604938271605,5,3,1,0,0,0,1,0,0,0,0,0,1,gratuito
2,10000.0,4,1.0,1,3,1,0,0,0,1,0,1,1,0,0,0,medio_alto
4,10000.0,6,0.5,1,1,1,0,0,0,0,0,0,1,0,0,0,gratuito
3,0.0,0,0.0,2,5,1,0,0,0,0,1,0,1,1,1,0,gratuito
2,10000.0,0,0.0,1,2,1,1,0,0,0,0,0,1,0,1,0,medio_baixo
1,0.0,0,0.0,1,3,1,0,0,0,0,1,0,1,0,1,0,baixo
3,10000.0,0,0.0,1,2,1,0,0,2,1,0,0,1,0,0,0,baixo
6,10000.0,21,0.7142857142857143,1,3,1,0,0,0,1,0,1,1,0,0,0,baixo
11,150000.0,504,0.45436507936507936,2,6,1,1,1,0,0,1,0,0,1,1,0,gratuito
4,10000.0,13,1.0,1,2,1,0,0,0,1,1,0,0,0,0,0,medio_alto
3,0.0,0,0.0,2,4,1,0,0,0,1,1,1,0,1,0,0,baixo
3,10000.0,5,1.0,7,4,1,0,0,0,1,1,1,0,0,0,1,alto
7,35000.0,34,1.0,1,3,1,0,0,0,1,1,0,1,0,0,0,baixo
5,10000.0,26,0.5384615384615384,19,2,1,0,0,0,1,0,0,0,0,1,0,baixo
11,10000.0,12,0.8333333333333334,2,3,1,0,0,0,1,0,1,1,0,0,0,alto
3,3500000.0,77042,0.9141117831831987,13,1,1,0,0,0,0,1,0,0,0,0,0,alto
1,10000.0,4,1.0,1,2,1,0,0,0,1,1,0,0,0,0,0,medio_alto
8,10000.0,982,0.9470468431771895,1,1,1,1,1,1,0,0,0,0,1,0,0,alto
6,10000.0,2,1.0,7,3,1,0,0,0,1,1,0,1,0,0,0,medio_alto
6,10000.0,6,0.8333333333333334,1,2,1,0,0,0,1,0,1,0,0,0,0,baixo
5,10000.0,32,0.375,2,4,1,0,0,1,1,1,1,1,0,0,0,baixo
3,10000.0,1,1.0,1,4,1,0,0,0,1,1,1,0,1,0,0,medio_baixo
6,35000.0,6,1.0,1,2,1,1,0,0,1,0,0,1,0,0,0,medio_baixo
4,0.0,0,0.0,0,0,1,0,0,0,0,0,0,0,0,0,0,gratuito
4,0.0,0,0.0,1,2,1,0,0,0,0,1,0,0,0,0,0,gratuito
3,10000.0,0,0.0,10,4,1,0,0,0,1,0,0,1,0,1,1,baixo
1,0.0,0,0.0,0,0,1,0,0,0,0,0,0,0,0,0,0,gratuito
5,0.0,0,0.0,0,0,1,0,0,0,0,0,0,0,0,0,0,gratuito
9,75000.0,184,0.5489130434782609,1,2,1,0,0,0,1,0,0,1,0,0,0,medio_alto
1,0.0,0,0.0,1,3,1,0,0,1,1,0,0,1,0,0,0,gratuito
2,35000.0,8,0.75,6,1,1,0,0,0,1,0,0,0,0,0,0,baixo
3,10000.0,6,0.16666666666666666,6,3,1,0,0,0,1,0,1,0,0,1,0,medio_alto
4,10000.0,0,0.0,1,4,1,1,1,0,0,0,0,1,1,1,1,alto
5,10000.0,109,0.7614678899082569,1,5,1,0,0,0,1,0,1,1,0,0,0,gratuito
4,10000.0,15,0.26666666666666666,15,5,1,0,0,0,1,1,1,0,0,0,1,alto
5,10000.0,0,0.0,9,2,1,0,1,0,1,0,0,1,0,0,0,baixo
11,150000.0,2171,0.8337171810225702,2,2,1,1,1,0,1,0,0,1,0,0,0,medio_baixo
1,35000.0,28,0.8928571428571429,2,2,1,0,0,0,1,0,0,1,0,0,0,medio_baixo
1,0.0,0,0.0,1,2,1,0,0,0,0,0,0,0,0,0,0,gratuito
4,0.0,0,0.0,1,5,1,0,0,0,1,0,1,1,1,0,0,gratuito
4,10000.0,18,0.6666666666666666,15,3,1,0,0,0,1,0,1,1,0,0,0,baixo
2,10000.0,13,0.9230769230769231,26,3,1,0,0,0,1,0,1,0,0,0,1,baixo
1,10000.0,0,0.0,1,2,1,0,0,0,0,1,0,0,0,1,0,baixo
4,10000.0,2,1.0,2,3,1,0,0,0,1,1,0,1,0,0,0,medio_baixo
1,10000.0,1,1.0,3,3,1,0,0,0,1,1,0,0,1,0,0,medio_baixo
8,10000.0,111,0.5765765765765766,1,4,1,0,0,0,0,1,0,1,0,1,1,baixo
4,10000.0,0,0.0,1,1,1,0,0,0,0,0,0,0,0,0,0,baixo
1,10000.0,2,1.0,1,2,1,0,0,0,1,0,1,0,0,0,0,medio_baixo
1,0.0,0,0.0,1,6,1,0,0,17,1,1,1,1,0,0,0,gratuito
1,10000.0,0,0.0,5,1,1,0,0,1,0,0,0,1,0,0,0,medio_baixo
1,10000.0,0,0.0,1,4,1,0,0,0,1,1,0,1,0,1,0,baixo
2,10000.0,17,0.4117647058823529,1,2,1,0,0,0,0,0,0,1,0,0,0,gratuito
3,0.0,0,0.0,2,6,1,0,0,0,1,0,0,1,0,1,0,gratuito
7,10000.0,31,0.5483870967741935,13,7,1,1,1,0,1,1,0,1,1,1,1,alto
2,10000.0,16,0.625,103,6,1,0,0,0,0,1,1,1,0,1,1,medio_baixo
4,0.0,0,0.0,1,1,1,0,0,0,0,0,0,1,0,0,0,gratuito
4,10000.0,0,0.0,1,1,1,0,0,0,0,0,0,0,1,0,0,baixo
6,0.0,0,0.0,0,0,1,0,0,0,0,0,0,0,0,0,0,gratuito
1,10000.0,0,0.0,2,2,1,0,0,0,0,0,1,0,1,0,0,alto
8,10000.0,17,0.6470588235294118,2,2,1,0,1,0,1,0,1,0,0,0,0,baixo
5,10000.0,63,0.8412698412698413,1,3,1,0,1,0,1,1,0,0,0,0,0,alto
1,0.0,0,0.0,2,3,1,0,0,0,1,1,0,0,0,0,0,medio_alto
9,10000.0,6,1.0,1,2,1,0,0,0,0,0,1,1,0,0,0,medio_alto
2,10000.0,2,1.0,2,1,1,0,0,0,0,0,0,1,0,0,0,baixo
6,10000.0,0,0.0,1,2,1,0,0,0,1,0,0,1,0,0,0,medio_alto
4,10000.0,116,0.896551724137931,1,2,1,0,0,0,1,0,0,1,0,0,0,alto
9,10000.0,5,0.6,1,3,1,0,0,0,1,0,1,1,0,0,0,gratuito
4,35000.0,67,0.9850746268656716,2,3,1,0,0,0,1,0,1,1,0,0,0,gratuito
5,0.0,0,0.0,0,0,1,0,0,0,0,0,0,0,0,0,0,gratuito
2,10000.0,0,0.0,1,1,1,0,0,0,0,0,0,0,0,0,1,alto
4,10000.0,6,0.6666666666666666,2,2,1,0,0,0,1,1,0,0,0,0,0,baixo
3,10000.0,17,0.8823529411764706,1,3,1,0,0,0,1,0,1,1,0,0,0,baixo
10,75000.0,224,0.39732142857142855,1,3,1,0,0,0,1,1,1,0,0,0,0,baixo
2,35000.0,23,0.6521739130434783,1,2,1,0,0,0,0,1,1,0,0,0,0,medio_baixo
2,0.0,0,0.0,0,0,1,0,0,0,0,0,0,0,0,0,0,gratuito
2,10000.0,35,0.2857142857142857,1,1,1,0,0,0,0,1,0,0,0,0,0,baixo
1,10000.0,6,0.8333333333333334,1,4,1,0,0,0,1,1,1,0,0,1,0,medio_alto
3,75000.0,186,0.5967741935483871,2,5,1,0,0,0,1,1,1,0,0,1,0,gratuito
8,350000.0,1753,0.7581289218482601,1,3,1,1,1,1,1,0,1,0,0,0,1,medio_baixo
1,0.0,0,0.0,0,0,1,0,0,0,0,0,0,0,0,0,0,gratuito
7,35000.0,125,0.768,1,6,1,0,0,3,1,1,1,1,1,1,0,medio_baixo
9,10000.0,28,0.4642857142857143,1,1,1,0,0,0,0,1,0,0,0,0,0,alto
2,0.0,0,0.0,0,0,1,0,0,0,0,0,0,0,0,0,0,gratuito
7,10000.0,144,0.9583333333333334,1,4,1,0,0,4,1,1,1,1,0,0,0,baixo
3,10000.0,23,0.9130434782608695,2,1,1,0,0,0,0,0,0,0,0,1,0,medio_baixo
3,10000.0,22,0.9545454545454546,3,3,1,0,0,0,1,0,1,0,1,0,0,baixo
8,35000.0,70,0.7,1,2,1,0,0,1,0,0,0,1,0,0,1,gratuito
1,0.0,0,0.0,4,3,1,0,0,0,1,0,0,1,0,1,0,medio_baixo
3,150000.0,1,1.0,1,1,1,1,1,0,0,0,1,0,0,0,0,alto
1,35000.0,807,0.9281288723667905,9,4,1,1,0,0,0,0,0,0,1,1,1,alto
9,75000.0,51,0.6862745098039216,10,3,1,0,0,0,0,1,1,1,0,0,0,gratuito
1,0.0,0,0.0,0,0,1,0,0,0,0,0,0,0,0,0,0,gratuito
8,10000.0,22,0.5,2,2,1,0,0,0,1,0,0,1,0,0,0,baixo
2,10000.0,1,0.0,2,2,1,0,0,0,0,1,0,1,0,0,0,baixo
12,10000.0,121,0.4297520661157025,7,1,1,0,0,0,0,0,0,0,0,0,1,medio_baixo
1,10000.0,3,0.6666666666666666,2,1,1,1,0,0,0,0,1,0,0,0,0,medio_baixo
4,0.0,0,0.0,12,4,1,1,0,0,1,0,1,1,0,0,0,gratuito
9,35000.0,138,0.7753623188405797,4,3,1,1,1,0,1,0,1,1,0,0,0,medio_baixo
1,0.0,0,0.0,13,1,1,0,0,0,1,0,0,0,0,0,0,medio_alto
6,1500000.0,24085,0.6208013286277766,11,6,1,0,0,1,1,1,1,0,1,0,0,medio_alto
5,10000.0,13,0.9230769230769231,1,2,1,0,0,0,0,1,0,0,0,0,0,gratuito
6,10000.0,12,0.8333333333333334,1,2,1,0,0,0,0,0,1,1,0,0,0,medio_alto
8,10000.0,15,0.9333333333333333,6,2,1,1,0,0,1,1,0,0,0,0,0,medio_alto
1,10000.0,2,1.0,3,3,1,0,0,0,1,1,0,0,0,1,0,medio_baixo
2,150000.0,678,0.7979351032448377,14,4,1,0,0,2,1,1,1,0,0,1,0,medio_alto
2,0.0,0,0.0,1,3,1,0,1,5,1,0,0,1,0,0,0,gratuito
2,10000.0,6,1.0,5,4,1,0,0,0,0,1,1,1,0,0,1,medio_alto
3,10000.0,1,0.0,23,4,1,0,0,0,1,0,0,0,0,1,1,alto
7,35000.0,591,0.8578680203045685,2,5,1,0,0,0,1,1,1,1,1,0,0,baixo
8,10000.0,37,0.6216216216216216,1,3,1,0,1,0,1,1,0,0,0,0,0,medio_alto
1,0.0,0,0.0,2,2,1,0,0,0,0,0,0,0,0,1,0,gratuito
1,10000.0,0,0.0,18,4,1,0,0,0,0,0,0,0,1,1,1,alto
5,10000.0,11,0.9090909090909091,2,4,1,1,1,0,1,0,0,1,0,0,0,alto
4,10000.0,10,0.7,1,2,1,0,0,0,1,1,0,0,0,0,0,medio_alto
9,35000.0,68,0.6176470588235294,5,3,1,0,0,0,1,0,0,1,1,0,0,medio_baixo
9,10000.0,53,0.9622641509433962,5,1,1,1,0,0,1,0,0,0,0,0,0,medio_alto
3,0.0,0,0.0,0,0,1,0,0,0,0,0,0,0,0,0,0,gratuito
1,10000.0,20,0.75,8,1,1,0,0,0,0,0,0,0,0,0,1,gratuito
4,10000.0,18,0.7777777777777778,3,3,1,0,0,0,1,1,0,0,0,0,0,medio_alto
10,10000.0,20,0.45,1,4,1,1,0,0,1,1,0,1,0,1,0,medio_alto
6,150000.0,41,0.926829268292683,1,1,1,0,1,0,0,1,0,0,0,0,0,gratuito
6,10000.0,12,0.4166666666666667,3,2,1,1,1,0,1,0,0,1,0,0,0,medio_baixo
6,35000.0,263,0.7490494296577946,1,6,1,0,0,0,1,1,1,0,1,1,1,alto
1,10000.0,0,0.0,10,3,1,0,0,0,1,1,1,0,0,0,0,alto
1,0.0,0,0.0,0,0,1,0,0,0,0,0,0,0,0,0,0,gratuito
2,350000.0,3976,0.8050804828973843,4,5,1,0,0,0,0,1,1,1,1,0,1,medio_alto
1,10000.0,0,0.0,1,1,1,0,0,0,0,0,1,0,0,0,0,medio_alto
4,0.0,0,0.0,1,2,1,0,0,0,0,1,0,0,1,0,0,gratuito
1,10000.0,1,0.0,2,2,1,1,0,0,1,0,0,1,0,0,0,baixo
6,10000.0,25,0.88,1,4,1,0,0,0,1,1,1,1,0,0,0,baixo
4,10000.0,14,0.9285714285714286,6,3,1,1,0,5,1,0,1,1,0,0,0,alto
3,10000.0,0,0.0,1,5,1,0,0,0,1,1,0,1,0,1,0,alto
3,75000.0,17,0.7647058823529411,2,2,1,0,0,0,1,0,0,0,1,0,0,baixo
1,10000.0,11,1.0,1,1,1,0,0,0,0,1,0,0,0,0,0,medio_baixo
1,10000.0,0,0.0,3,1,1,0,0,0,0,1,0,0,0,0,0,alto
2,10000.0,50,1.0,1,2,1,1,1,0,1,0,1,0,0,0,0,baixo
1,0.0,0,0.0,1,2,1,0,0,0,0,0,0,1,0,0,0,gratuito
6,10000.0,6,1.0,1,2,1,0,0,0,1,1,0,0,0,0,0,baixo
7,10000.0,4,1.0,1,1,1,0,0,0,1,0,0,0,0,0,0,alto
2,10000.0,3,0.6666666666666666,2,4,1,0,0,0,0,1,1,0,0,0,1,medio_alto
2,10000.0,3,0.6666666666666666,1,2,1,0,0,0,0,1,1,0,0,0,0,medio_alto
3,10000.0,0,0.0,1,1,1,0,0,0,0,0,0,1,0,0,0,alto
2,10000.0,3,0.6666666666666666,1,2,1,0,0,0,1,0,0,1,0,0,0,baixo
10,10000.0,168,0.9345238095238095,1,3,1,1,1,0,1,0,1,0,1,0,0,medio_alto
8,10000.0,3,0.6666666666666666,1,4,1,0,0,0,1,1,0,1,0,0,0,baixo
11,10000.0,4,0.25,1,4,1,0,0,0,1,1,0,0,0,0,1,gratuito
1,10000.0,0,0.0,14,2,1,0,0,1,0,0,0,0,0,0,0,alto
5,35000.0,8,0.25,2,4,1,0,0,0,0,0,0,0,0,1,1,baixo
6,10000.0,16,0.6875,1,2,1,1,0,0,1,0,0,1,0,0,0,alto
11,10000.0,39,0.6410256410256411,1,4,1,1,1,0,1,1,1,1,0,0,0,medio_baixo
5,10000.0,1,0.0,1,2,1,1,0,0,0,0,1,0,0,1,0,baixo
4,10000.0,7,1.0,1,2,1,0,0,1,1,0,1,0,0,0,0,medio_baixo
1,10000.0,0,0.0,3,4,1,0,0,0,0,0,1,0,1,1,1,medio_alto
5,35000.0,7,0.5714285714285714,1,2,1,0,0,0,0,0,0,1,0,0,0,gratuito
4,0.0,0,0.0,2,2,1,0,0,0,0,0,1,0,0,0,0,gratuito
2,10000.0,0,0.0,1,1,1,0,0,0,0,0,0,1,0,0,0,medio_baixo
5,10000.0,11,1.0,1,6,1,0,0,0,1,1,1,1,1,1,0,baixo
6,10000.0,1,1.0,1,2,1,0,0,0,0,0,0,0,0,0,1,medio_baixo
4,10000.0,35,0.6285714285714286,4,5,1,0,0,0,1,0,1,1,0,1,1,baixo
4,0.0,0,0.0,0,0,1,0,0,0,0,0,0,0,0,0,0,gratuito
6,10000.0,66,0.9848484848484849,1,1,1,0,0,0,1,0,0,0,0,0,0,alto
2,10000.0,0,0.0,30,4,1,0,0,0,0,1,1,1,0,0,1,medio_alto
2,10000.0,0,0.0,2,2,1,0,0,0,0,1,0,0,0,0,0,gratuito
2,350000.0,303,0.33993399339933994,13,5,1,0,0,4,0,1,1,0,1,0,0,gratuito
11,10000.0,92,0.5108695652173914,1,3,1,1,1,0,1,0,1,0,1,0,0,medio_alto
4,10000.0,115,0.991304347826087,1,2,1,0,0,0,1,0,0,1,0,0,0,baixo
2,0.0,0,0.0,0,0,1,0,0,0,0,0,0,0,0,0,0,gratuito
4,10000.0,7,0.5714285714285714,2,2,1,0,0,0,1,1,0,0,0,0,0,medio_alto
3,10000.0,1,1.0,9,1,1,0,0,0,0,1,0,0,0,0,0,medio_baixo
1,0.0,0,0.0,2,4,1,0,0,0,1,1,0,1,0,0,0,medio_baixo
16,35000.0,220,0.6909090909090909,3,2,1,0,0,1,0,0,0,0,0,1,1,baixo
7,10000.0,7,0.8571428571428571,1,3,1,0,0,0,1,1,1,0,0,0,0,baixo
1,10000.0,44,0.6590909090909091,2,2,1,0,0,0,0,0,0,0,0,0,1,medio_baixo
5,75000.0,619,0.630048465266559,1,4,1,0,0,0,1,0,0,1,0,0,1,baixo
7,10000.0,1,0.0,5,2,1,0,1,0,1,0,0,0,0,0,0,baixo
3,10000.0,0,0.0,103,6,1,0,0,0,1,1,1,1,1,0,1,baixo
3,10000.0,3,1.0,4,3,1,1,1,2,1,0,1,1,0,0,0,alto
2,750000.0,19919,0.9163612631156183,11,3,1,0,0,19,0,1,1,0,1,0,0,alto
7,10000.0,137,0.9124087591240876,2,1,1,0,1,0,1,0,0,0,0,0,0,medio_baixo
7,10000.0,1,1.0,1,4,1,0,0,0,1,1,1,0,1,0,0,medio_baixo
5,10000.0,2,1.0,1,4,1,0,0,0,1,1,0,1,0,0,0,alto
5,0.0,0,0.0,0,0,1,0,0,0,0,0,0,0,0,0,0,gratuito
12,35000.0,145,0.6137931034482759,4,2,1,0,0,0,0,1,0,0,0,1,0,alto
3,10000.0,22,0.5909090909090909,2,2,1,0,0,2,0,1,1,0,0,0,0,alto
13,350000.0,1237,0.7873888439773646,12,3,1,0,0,1,1,0,1,1,0,0,0,baixo
3,10000.0,23,0.9130434782608695,1,3,1,1,0,1,1,0,1,0,0,0,0,gratuito
5,10000.0,12,0.5,2,3,1,0,0,8,1,0,1,0,1,0,0,baixo
3,150000.0,2536,0.9097003154574133,11,2,1,0,0,2,1,1,0,0,0,0,0,alto
3,10000.0,1,0.0,1,3,1,0,0,0,0,1,0,0,0,0,0,medio_baixo
1,10000.0,0,0.0,1,2,1,0,0,0,0,0,0,1,0,0,0,alto
1,10000.0,0,0.0,1,5,1,0,0,0,1,0,1,1,0,0,1,alto
11,10000.0,49,0.7346938775510204,1,2,1,1,1,0,1,0,0,1,0,0,0,medio_baixo
3,0.0,0,0.0,0,0,1,0,0,0,0,0,0,0,0,0,0,gratuito
7,3500000.0,48765,0.8511842509996924,12,1,1,0,0,1,0,0,0,0,0,1,0,alto
10,35000.0,310,0.7096774193548387,13,3,1,1,0,0,1,1,0,0,0,0,0,baixo
1,10000.0,0,0.0,1,1,1,0,0,0,1,0,0,0,0,0,0,medio_baixo
5,10000.0,13,0.9230769230769231,2,5,1,0,0,0,1,1,1,0,0,1,0,alto
2,10000.0,2,1.0,1,2,1,0,0,0,1,1,0,0,0,0,0,medio_alto
5,10000.0,1,0.0,6,4,1,0,0,0,0,1,0,1,0,1,0,alto
20,75000.0,158,0.9367088607594937,1,1,1,0,0,0,0,0,0,1,0,0,0,baixo
4,10000.0,81,0.9259259259259259,2,3,1,0,0,0,1,1,1,0,0,0,0,alto
2,10000.0,5,1.0,1,5,1,0,0,0,1,1,1,1,0,0,0,baixo
4,10000.0,19,0.6842105263157895,26,6,1,0,0,0,1,1,0,0,0,0,1,baixo
8,75000.0,62,0.6290322580645161,1,5,1,0,0,0,1,1,0,1,0,0,0,gratuito
3,75000.0,10,0.7,6,3,1,0,0,0,1,1,1,0,0,0,0,medio_baixo
4,10000.0,11,0.9090909090909091,1,3,1,0,0,0,1,1,0,1,0,0,0,baixo
2,10000.0,6,1.0,1,4,1,0,0,0,1,1,1,1,0,0,0,medio_baixo
8,10000.0,79,0.8734177215189873,13,3,1,1,0,0,1,0,1,1,0,0,0,alto
1,10000.0,0,0.0,4,5,1,0,0,2,1,0,1,1,1,0,1,alto
11,10000.0,48,0.5208333333333334,1,4,1,0,0,0,0,1,0,0,0,1,0,alto
2,10000.0,1,0.0,2,4,1,0,0,0,1,1,1,1,0,0,0,alto
9,10000.0,90,0.9,5,2,1,0,0,0,0,1,1,0,0,0,0,alto
1,0.0,0,0.0,1,4,1,0,0,1,1,1,0,0,1,0,1,alto
5,150000.0,1350,0.8162962962962963,12,3,1,0,0,1,1,1,1,0,0,0,0,alto
4,0.0,0,0.0,1,3,1,1,1,0,1,1,0,0,0,0,0,gratuito
2,10000.0,0,0.0,4,5,1,0,0,0,1,0,1,1,1,0,1,alto
8,10000.0,14,0.9285714285714286,1,1,1,1,1,0,0,0,0,0,0,0,1,gratuito
3,150000.0,608,0.506578947368421,1,3,1,0,0,0,0,0,0,1,0,1,0,gratuito
1,10000.0,0,0.0,30,3,1,0,0,3,1,0,1,0,1,0,0,medio_baixo
10,35000.0,620,0.6806451612903226,4,4,1,1,1,1,1,0,1,0,1,0,0,gratuito
2,0.0,0,0.0,0,0,1,0,0,0,0,0,0,0,0,0,0,gratuito
7,10000.0,6,0.5,1,4,1,1,0,0,1,1,1,0,0,1,0,baixo
2,10000.0,2,1.0,3,2,1,0,0,0,0,1,1,0,0,0,0,baixo
10,10000.0,11,0.45454545454545453,1,2,1,0,0,0,1,1,0,0,0,0,0,medio_baixo
4,10000.0,0,0.0,1,1,1,0,0,0,0,0,1,0,0,0,0,baixo
1,0.0,0,0.0,1,1,1,0,0,0,0,0,0,0,0,0,0,alto
2,10000.0,0,0.0,10,3,1,0,0,0,1,0,0,1,0,1,0,baixo
12,750000.0,5091,0.8302887448438421,10,1,1,1,0,0,0,0,0,0,0,0,1,baixo
5,10000.0,6,1.0,1,3,1,0,0,0,0,0,1,1,0,0,0,baixo
12,150000.0,578,0.314878892733564,1,1,1,0,0,0,0,1,0,0,0,0,0,baixo
1,10000.0,38,0.9210526315789473,3,3,1,0,1,1,1,1,1,0,0,0,0,alto
1,10000.0,28,0.9285714285714286,6,3,1,0,0,0,1,0,0,0,0,1,0,medio_alto
2,10000.0,1,1.0,1,3,1,0,0,0,1,0,0,1,0,0,1,medio_baixo
7,10000.0,0,0.0,1,2,1,0,0,0,1,1,0,0,0,0,0,alto
4,10000.0,38,1.0,6,2,1,1,0,0,1,0,0,1,0,0,0,medio_baixo
1,0.0,0,0.0,3,4,1,0,0,0,1,1,1,0,0,0,0,medio_alto
2,0.0,0,0.0,0,0,1,0,0,0,0,0,0,0,0,0,0,gratuito
2,10000.0,1,1.0,4,4,1,0,0,0,1,1,0,1,0,1,0,medio_baixo
3,10000.0,201,0.42786069651741293,1,5,1,0,0,0,1,0,0,1,1,1,1,medio_baixo
3,10000.0,31,0.967741935483871,8,2,1,0,1,0,0,0,0,0,0,1,1,baixo
7,10000.0,32,0.625,1,1,1,0,0,0,0,1,0,0,0,0,0,gratuito
3,10000.0,3,0.0,1,4,1,0,0,0,1,0,1,0,0,0,0,baixo
3,150000.0,1218,0.7339901477832512,10,1,1,0,0,0,0,0,0,1,0,0,0,medio_alto
2,0.0,0,0.0,13,3,1,0,0,0,0,0,0,1,0,0,1,gratuito
2,10000.0,0,0.0,1,2,1,0,0,0,0,0,0,0,0,0,0,gratuito
8,10000.0,5,1.0,1,3,1,0,0,0,1,1,0,1,0,0,0,medio_alto
4,10000.0,21,0.23809523809523808,1,5,1,0,0,0,0,1,0,0,1,0,1,alto
5,0.0,0,0.0,2,3,1,0,0,0,1,1,1,0,0,0,0,gratuito
11,10000.0,5,0.4,1,2,1,0,0,0,0,1,0,1,0,0,0,medio_baixo
4,0.0,0,0.0,1,3,1,1,0,0,1,0,0,0,0,0,1,gratuito
1,0.0,0,0.0,1,3,1,0,0,0,0,0,1,1,0,0,0,gratuito
1,10000.0,0,0.0,1,4,1,0,1,0,1,1,1,0,1,0,0,medio_alto
3,10000.0,3,0.6666666666666666,1,5,1,0,0,0,0,1,0,1,0,0,1,baixo
8,35000.0,103,0.5339805825242718,1,3,1,0,0,0,1,0,1,0,0,0,1,baixo
1,10000.0,3,1.0,1,3,1,0,0,0,1,1,1,0,0,0,0,medio_alto
7,35000.0,135,0.8518518518518519,1,6,1,0,0,1,1,1,0,1,0,1,0,gratuito
1,10000.0,0,0.0,1,2,1,0,0,0,0,1,1,0,0,0,0,medio_alto
5,35000.0,323,0.6563467492260062,2,2,1,0,0,0,1,1,0,0,0,0,0,baixo
5,35000.0,901,0.40843507214206437,4,3,1,0,0,0,1,0,1,1,0,0,0,medio_alto
8,10000.0,7,1.0,2,5,1,0,0,0,1,1,1,0,0,0,1,alto
9,10000.0,75,0.9333333333333333,1,5,1,0,0,0,1,1,1,0,1,1,0,medio_alto
6,10000.0,3,1.0,1,4,1,1,0,0,1,1,1,0,1,0,0,medio_alto
12,10000.0,22,0.6363636363636364,1,1,1,1,1,0,0,0,1,0,0,0,0,baixo
3,75000.0,13,0.38461538461538464,1,4,1,0,0,0,1,1,1,0,0,0,0,baixo
2,10000.0,0,0.0,1,1,1,0,0,0,0,0,1,0,0,0,0,medio_baixo
5,0.0,0,0.0,0,0,1,0,0,0,0,0,0,0,0,0,0,gratuito
1,0.0,0,0.0,0,0,1,0,0,0,0,0,0,0,0,0,0,gratuito
1,10000.0,0,0.0,5,3,1,0,0,0,1,0,0,1,0,1,0,medio_alto
6,10000.0,4,1.0,1,3,1,0,0,0,1,1,0,1,0,0,0,medio_alto
2,10000.0,2,1.0,9,3,1,1,0,0,1,0,1,1,0,0,0,alto
2,10000.0,78,0.7051282051282052,10,4,1,0,0,0,1,1,1,0,0,0,0,alto
8,10000.0,8,0.5,4,2,1,0,0,0,0,0,0,0,0,0,0,medio_alto
1,10000.0,0,0.0,1,4,1,0,0,0,1,0,1,1,0,0,0,baixo
10,10000.0,62,0.6612903225806451,1,1,1,0,0,0,1,0,0,0,0,0,0,medio_baixo
13,350000.0,627,0.6188197767145136,2,3,1,1,1,0,1,1,1,0,0,0,0,medio_baixo
8,10000.0,4,0.5,1,4,1,0,0,0,0,1,1,1,0,0,1,medio_baixo
3,0.0,0,0.0,103,2,1,0,0,0,1,0,1,0,0,0,0,baixo
6,10000.0,27,0.48148148148148145,1,4,1,0,0,0,1,1,0,1,0,0,0,gratuito
4,75000.0,1105,0.7809954751131222,2,1,1,0,0,43,0,0,0,0,0,1,0,alto
7,10000.0,0,0.0,1,6,1,0,0,3,1,0,1,1,1,1,1,medio_baixo
9,10000.0,15,0.26666666666666666,1,4,1,0,0,0,0,1,1,0,0,0,0,alto
3,10000.0,1,0.0,8,3,1,0,0,0,1,1,0,0,0,0,0,alto
3,35000.0,437,0.8810068649885584,4,5,1,0,0,2,1,1,1,0,1,1,0,medio_alto
9,75000.0,412,0.7742718446601942,3,2,1,0,1,1,0,0,0,0,0,0,1,gratuito
2,10000.0,7,0.5714285714285714,1,2,1,0,0,0,1,0,1,0,0,0,0,medio_baixo
1,10000.0,0,0.0,1,6,1,0,1,0,1,1,0,1,1,1,0,medio_baixo
1,10000.0,1,1.0,1,1,1,0,0,0,0,0,0,1,0,0,0,baixo
1,0.0,0,0.0,103,4,1,0,0,0,0,0,0,0,0,0,0,baixo
4,150000.0,696,0.6580459770114943,3,3,1,0,0,0,0,1,1,0,1,0,0,medio_baixo
2,350000.0,6946,0.8564641520299453,12,2,1,0,0,5,0,0,0,0,0,1,1,alto
5,10000.0,12,0.5,1,2,1,0,0,0,0,0,0,0,0,1,1,alto
9,10000.0,24,0.8333333333333334,1,2,1,0,0,0,1,0,0,1,0,0,0,medio_baixo
2,10000.0,0,0.0,1,2,1,0,0,0,1,1,0,0,0,0,0,medio_alto
1,10000.0,0,0.0,1,3,1,0,1,1,1,0,0,1,0,0,1,alto
7,10000.0,1,1.0,2,2,1,0,0,0,1,0,0,1,0,0,0,baixo
10,75000.0,396,0.8207070707070707,1,4,1,1,1,11,1,0,1,1,0,0,1,gratuito
1,10000.0,19,0.6842105263157895,1,3,1,0,0,0,1,0,1,1,0,0,0,medio_alto
6,10000.0,2,1.0,2,2,1,0,0,0,0,0,0,1,0,0,1,alto
9,10000.0,5,1.0,2,3,1,0,0,0,1,0,0,1,0,0,1,medio_alto
8,350000.0,4690,0.9643923240938166,9,5,1,1,0,0,1,1,0,1,0,0,1,gratuito
2,10000.0,0,0.0,12,3,1,0,0,0,1,0,0,1,0,0,1,baixo
6,10000.0,0,0.0,1,1,1,0,0,0,1,0,0,0,0,0,0,medio_baixo
10,7500000.0,3778,0.9205929062996294,6,2,1,1,0,0,1,0,1,0,0,0,0,baixo
6,10000.0,33,0.8181818181818182,1,3,1,1,0,0,1,0,0,1,0,1,0,baixo
1,0.0,0,0.0,20,5,1,0,0,0,1,1,0,1,0,0,1,medio_alto
2,10000.0,98,0.8979591836734694,8,4,1,0,1,2,1,1,0,1,1,0,0,medio_baixo
1,10000.0,0,0.0,1,3,1,0,1,0,1,1,0,0,0,0,0,medio_alto
1,10000.0,0,0.0,1,1,1,0,0,0,0,1,0,0,0,0,0,alto
1,0.0,0,0.0,0,0,1,0,0,0,0,0,0,0,0,0,0,gratuito
3,10000.0,1,0.0,1,2,1,0,0,0,1,0,0,0,0,0,1,medio_alto
3,10000.0,0,0.0,1,2,1,0,1,0,0,0,0,1,0,0,1,medio_alto
5,10000.0,48,0.8333333333333334,2,6,1,0,0,2,1,0,1,1,1,1,1,gratuito
6,10000.0,32,0.90625,1,2,1,1,0,0,1,0,1,0,0,0,0,gratuito
10,10000.0,3,0.3333333333333333,1,1,1,0,0,0,1,0,0,0,0,0,0,alto
2,10000.0,96,0.8229166666666666,27,6,1,0,0,0,1,1,1,1,0,0,1,medio_alto
4,10000.0,12,0.9166666666666666,1,1,1,0,0,1,0,0,0,1,0,0,0,baixo
1,10000.0,0,0.0,8,1,1,0,0,0,0,0,0,1,0,0,0,medio_baixo
1,10000.0,0,0.0,1,3,1,0,0,0,1,1,0,1,0,0,0,medio_alto
4,0.0,0,0.0,3,6,1,0,0,16,1,0,1,1,1,1,0,gratuito
1,35000.0,123,0.7479674796747967,34,4,1,1,0,0,1,0,0,1,0,1,1,medio_alto
1,0.0,0,0.0,0,0,1,0,0,0,0,0,0,0,0,0,0,gratuito
1,10000.0,28,0.9285714285714286,6,3,1,0,0,0,1,1,1,0,0,0,0,alto
2,10000.0,195,0.6256410256410256,7,2,1,0,0,0,0,0,0,0,1,1,0,medio_alto
1,0.0,0,0.0,1,3,1,0,0,0,1,1,0,1,0,0,0,baixo
5,10000.0,23,0.8260869565217391,6,2,1,0,0,0,1,1,0,0,0,0,0,baixo
2,10000.0,31,0.8709677419354839,3,3,1,0,1,1,1,1,0,0,1,0,0,medio_baixo
8,35000.0,238,0.9243697478991597,1,3,1,1,1,0,1,0,0,0,0,1,1,medio_alto
3,350000.0,15,0.4666666666666667,2,4,1,0,0,1,1,1,1,0,0,1,0,medio_alto
6,10000.0,22,0.13636363636363635,28,8,1,1,1,0,1,1,1,1,1,1,1,alto
3,10000.0,100,0.79,10,3,1,1,0,0,1,0,0,1,0,1,0,medio_alto
1,0.0,0,0.0,1,2,1,0,0,0,1,0,0,1,0,0,0,medio_baixo
1,0.0,0,0.0,3,2,1,0,0,0,0,0,0,0,0,1,1,medio_alto
2,10000.0,0,0.0,1,3,1,0,0,0,0,0,0,0,0,1,1,gratuito
5,10000.0,0,0.0,1,2,1,0,0,2,1,0,0,1,0,0,0,baixo
1,0.0,0,0.0,5,4,1,0,1,0,1,0,0,1,0,0,1,gratuito
10,35000.0,42,1.0,1,2,1,0,0,0,0,0,1,1,0,0,0,medio_alto
6,10000.0,12,0.5,10,3,1,0,0,0,1,1,0,0,1,0,0,baixo
1,10000.0,2,1.0,8,2,1,0,0,0,1,0,0,0,0,1,0,medio_baixo
7,10000.0,36,0.6944444444444444,2,2,1,1,1,0,1,0,0,1,0,0,0,baixo
1,0.0,0,0.0,5,2,1,0,0,0,0,1,0,1,0,0,0,medio_baixo
1,10000.0,0,0.0,12,4,1,0,0,1,1,1,1,1,0,0,0,medio_alto
9,75000.0,265,0.6641509433962264,2,2,1,0,0,0,1,0,0,0,0,0,0,medio_alto
3,10000.0,1,0.0,1,3,1,0,0,0,1,1,0,1,0,0,0,baixo
4,35000.0,165,0.7454545454545455,13,2,1,0,0,1,1,0,0,1,0,0,0,baixo
2,10000.0,0,0.0,10,2,1,0,0,0,1,0,0,1,0,0,0,medio_baixo
1,0.0,0,0.0,103,2,1,0,0,0,1,0,0,1,0,0,0,medio_baixo
3,0.0,0,0.0,1,6,1,0,0,0,1,1,1,1,0,0,0,gratuito
3,10000.0,0,0.0,2,1,1,0,0,0,0,0,0,0,1,0,0,medio_baixo
9,10000.0,507,0.9546351084812623,4,6,1,0,0,4,1,1,1,0,1,1,1,medio_alto
4,0.0,0,0.0,0,0,1,0,0,0,0,0,0,0,0,0,0,gratuito
10,150000.0,466,0.34334763948497854,1,3,1,0,0,2,1,1,0,1,0,0,0,baixo
2,10000.0,107,0.5887850467289719,8,3,1,0,0,2,1,1,1,0,0,0,0,alto
11,150000.0,755,0.7377483443708609,1,2,1,0,0,0,1,0,0,0,0,0,0,alto
4,0.0,0,0.0,1,5,1,1,0,0,1,1,0,1,0,0,1,gratuito
1,10000.0,6,1.0,1,2,1,0,0,0,0,0,0,0,0,0,1,medio_alto
1,10000.0,2,1.0,1,2,1,0,0,0,1,1,0,0,0,0,0,medio_baixo
5,35000.0,24,0.4583333333333333,1,3,1,0,0,0,0,1,1,0,0,0,0,medio_baixo
3,10000.0,0,0.0,1,2,1,0,0,0,0,0,1,0,1,0,0,medio_alto
1,0.0,0,0.0,1,3,1,0,0,0,1,1,0,0,1,0,0,medio_alto
2,35000.0,911,0.47091108671789245,13,1,1,0,0,2,0,0,0,0,0,1,0,alto
9,10000.0,104,0.625,1,5,1,0,0,0,1,1,1,1,0,0,1,alto
16,35000.0,64,0.90625,1,1,1,0,0,0,0,0,0,1,0,0,0,alto
2,10000.0,15,0.8,1,3,1,0,0,0,1,1,0,0,0,0,0,alto
1,0.0,0,0.0,0,0,1,0,0,0,0,0,0,0,0,0,0,gratuito
1,0.0,0,0.0,0,0,1,0,0,0,0,0,0,0,0,0,0,gratuito
6,10000.0,1,0.0,1,1,1,0,0,0,0,0,0,0,0,0,1,alto
3,10000.0,68,0.7794117647058824,2,3,1,0,0,0,0,0,1,1,1,0,0,medio_alto
1,10000.0,0,0.0,1,3,1,0,0,0,1,0,0,1,0,0,1,baixo
4,75000.0,17,0.8235294117647058,2,4,1,0,0,0,1,1,1,1,0,0,0,gratuito
8,10000.0,6,0.3333333333333333,1,3,1,0,0,0,1,1,0,0,1,0,0,medio_baixo
1,0.0,0,0.0,1,3,1,0,0,0,1,1,0,0,0,0,0,medio_alto
1,0.0,0,0.0,1,2,1,0,0,0,1,0,0,1,0,0,0,baixo
3,10000.0,62,0.5645161290322581,1,4,1,1,1,1,1,1,0,0,0,0,0,alto
4,10000.0,37,0.43243243243243246,5,3,1,0,0,0,1,1,1,0,0,0,0,medio_baixo
4,35000.0,744,0.5040322580645161,6,2,1,0,0,2,0,0,0,0,1,1,0,alto
2,10000.0,0,0.0,12,3,1,1,1,0,1,0,0,1,0,1,0,baixo
7,10000.0,73,0.7945205479452054,2,3,1,1,0,0,1,0,0,1,1,0,0,medio_baixo
3,0.0,0,0.0,0,0,1,0,0,0,0,0,0,0,0,0,0,gratuito
9,10000.0,0,0.0,1,3,1,1,1,0,1,1,0,1,0,0,0,medio_baixo
8,10000.0,17273,0.7301568922595959,12,2,1,1,1,0,0,1,1,0,0,0,0,medio_alto
2,10000.0,34,0.9705882352941176,1,3,1,0,1,0,1,1,1,0,0,0,0,medio_alto
8,10000.0,41,0.5365853658536586,2,3,1,0,0,0,1,1,0,1,0,0,0,baixo
3,35000.0,420,0.9642857142857143,9,3,1,1,1,2,1,0,1,1,0,0,0,medio_baixo
1,10000.0,0,0.0,1,5,1,1,1,0,1,1,1,1,0,0,1,baixo
6,1500000.0,27310,0.945221530574881,11,3,1,1,1,2,1,1,1,0,0,0,0,medio_alto
8,10000.0,21,0.7619047619047619,10,2,1,1,0,0,1,0,0,1,0,0,0,medio_baixo
8,10000.0,261,0.6704980842911877,1,4,1,0,0,0,1,0,0,0,1,1,0,medio_alto
1,10000.0,18,1.0,7,2,1,1,1,0,1,1,0,0,0,0,0,medio_alto
2,10000.0,2,1.0,1,1,1,0,0,0,1,0,0,0,0,0,0,baixo
2,10000.0,1,1.0,10,1,1,0,0,0,0,0,0,1,0,0,0,medio_baixo
3,75000.0,231,0.8138528138528138,4,4,1,1,0,2,1,0,1,0,1,1,0,medio_alto
1,10000.0,0,0.0,14,3,1,0,0,0,1,0,0,1,0,0,1,alto
8,10000.0,2,0.5,1,2,1,0,0,0,0,0,0,0,0,0,0,alto
1,10000.0,0,0.0,6,2,1,0,0,0,0,1,0,0,1,0,0,alto
3,10000.0,22,0.7727272727272727,8,3,1,1,0,0,0,0,1,1,0,1,0,alto
2,0.0,0,0.0,2,3,1,0,0,0,1,0,1,0,0,0,0,gratuito
2,10000.0,0,0.0,30,3,1,0,0,0,1,0,0,1,0,1,0,baixo
3,75000.0,14,0.8571428571428571,12,4,1,0,0,0,0,1,1,1,0,1,0,baixo
12,35000.0,49,0.2857142857142857,27,6,1,1,0,0,1,1,1,0,1,1,1,alto
8,10000.0,24,0.7083333333333334,1,6,1,0,0,0,1,1,0,1,0,0,0,medio_baixo
5,10000.0,12,0.9166666666666666,1,4,1,1,0,0,1,1,1,0,0,1,0,gratuito
2,0.0,0,0.0,0,0,1,0,0,0,0,0,0,0,0,0,0,gratuito
2,10000.0,45,0.9333333333333333,1,3,1,0,0,0,1,1,0,1,0,0,0,medio_baixo
3,10000.0,22,0.8181818181818182,2,4,1,0,0,0,1,1,0,1,0,0,1,medio_baixo
7,10000.0,65,0.6923076923076923,1,5,1,0,0,0,1,1,0,1,0,0,0,baixo
5,10000.0,22,0.9545454545454546,1,1,1,0,0,0,0,0,0,1,0,0,0,baixo
6,10000.0,1,1.0,1,4,1,0,0,0,1,1,1,0,0,1,0,medio_alto
6,10000.0,6,0.8333333333333334,1,3,1,1,1,0,1,1,0,1,0,0,0,baixo
2,10000.0,9,0.8888888888888888,1,3,1,1,0,0,1,1,0,0,0,0,0,medio_alto
4,75000.0,7,1.0,1,1,1,0,0,1,0,0,0,0,0,0,0,alto
8,75000.0,1383,0.9631236442516269,5,4,1,0,0,1,1,1,1,1,0,0,0,medio_baixo
14,750000.0,3862,0.9236147074054893,1,2,1,0,0,0,0,1,0,0,0,0,1,medio_baixo
10,10000.0,5,0.8,1,2,1,0,0,0,1,1,0,0,0,0,0,medio_baixo
1,10000.0,0,0.0,1,2,1,0,0,0,1,0,0,1,0,0,0,medio_alto
15,350000.0,1829,0.8840896664844177,2,2,1,1,1,1,1,0,1,0,0,0,0,medio_baixo
2,0.0,0,0.0,0,0,1,0,0,0,0,0,0,0,0,0,0,gratuito
8,10000.0,47,0.6808510638297872,1,1,1,1,0,0,0,0,1,0,0,0,0,gratuito
3,10000.0,1,0.0,13,1,1,0,0,0,0,0,0,1,0,0,0,baixo
1,0.0,0,0.0,1,2,1,0,1,0,1,0,1,0,0,0,0,medio_alto
1,35000.0,432,0.8148148148148148,7,6,1,1,0,0,1,0,1,1,1,0,1,alto
5,10000.0,6,0.6666666666666666,1,2,1,0,1,0,1,1,0,0,0,0,0,medio_baixo
2,10000.0,5,0.6,1,2,1,1,1,0,0,0,0,0,0,1,0,alto
2,0.0,0,0.0,0,0,1,0,0,0,0,0,0,0,0,0,0,gratuito
1,10000.0,0,0.0,12,3,1,0,0,0,1,1,0,1,0,0,0,alto
4,0.0,0,0.0,3,6,1,0,0,0,1,1,1,1,0,0,1,baixo
1,0.0,0,0.0,0,0,1,0,0,0,0,0,0,0,0,0,0,gratuito
2,10000.0,4,1.0,1,3,1,0,0,0,1,0,1,1,0,0,0,alto
9,10000.0,1,0.0,1,2,1,0,1,0,1,1,0,0,0,0,0,medio_alto
2,0.0,0,0.0,1,3,1,0,0,0,0,0,0,1,0,0,0,gratuito
7,10000.0,0,0.0,1,4,1,0,0,0,1,1,1,0,0,0,0,alto
4,10000.0,5,0.8,1,1,1,0,0,0,0,0,0,0,1,0,0,alto
1,0.0,0,0.0,2,2,1,0,0,0,0,0,0,0,0,0,1,gratuito
9,10000.0,3,1.0,1,3,1,0,0,0,1,1,0,0,0,0,0,medio_baixo
4,0.0,0,0.0,0,0,1,0,0,0,0,0,0,0,0,0,0,gratuito
1,10000.0,0,0.0,11,1,1,0,0,0,1,0,0,0,0,0,0,alto
2,10000.0,14,0.7142857142857143,2,5,1,0,0,0,1,0,1,1,0,1,1,medio_alto
2,10000.0,33,0.7575757575757576,4,2,1,0,0,0,0,1,1,0,0,0,0,medio_baixo
4,10000.0,16,1.0,1,1,1,0,0,0,0,1,0,0,0,0,0,medio_alto
1,10000.0,0,0.0,8,2,1,1,0,0,1,1,0,0,0,0,0,medio_baixo
5,35000.0,62,0.3548387096774194,2,4,1,0,0,0,1,1,1,0,1,0,0,baixo
1,10000.0,20,0.75,29,3,1,1,1,2,0,0,0,1,1,1,0,alto
1,0.0,0,0.0,1,3,1,0,0,1,1,0,0,1,0,0,0,gratuito
8,10000.0,7,1.0,1,2,1,0,0,0,1,0,0,1,0,0,0,medio_baixo
4,10000.0,28,0.75,1,3,1,1,1,0,0,1,1,0,1,0,0,medio_baixo
1,10000.0,16,1.0,1,2,1,1,0,0,0,1,0,1,0,0,0,medio_baixo
9,10000.0,32,0.84375,1,3,1,0,0,0,0,0,1,0,0,1,0,gratuito
5,10000.0,4,1.0,2,2,1,0,0,0,0,1,0,0,0,1,0,medio_alto
2,10000.0,9,0.6666666666666666,3,3,1,0,0,0,0,0,1,1,0,1,0,medio_baixo
11,75000.0,761,0.7161629434954008,1,2,1,0,0,0,1,0,1,0,0,0,0,baixo
6,10000.0,129,0.6434108527131783,1,4,1,1,0,1,1,0,1,0,1,1,0,alto
1,10000.0,9,0.5555555555555556,4,4,1,0,0,0,1,0,1,1,1,0,0,alto
13,350000.0,5206,0.5795236265847099,8,2,1,0,0,0,0,1,0,0,0,0,1,gratuito
2,10000.0,25,0.64,30,7,1,0,0,0,0,1,1,1,1,1,1,baixo
8,10000.0,30,0.9,3,6,1,0,0,0,1,0,1,1,1,1,1,medio_baixo
3,75000.0,40,0.9,1,3,1,1,1,0,1,0,1,0,0,0,1,gratuito
1,10000.0,0,0.0,1,2,1,0,0,0,1,1,0,0,0,0,0,alto
12,150000.0,715,0.7454545454545455,23,3,1,1,1,1,1,1,1,0,0,0,0,alto
3,0.0,0,0.0,0,0,1,0,0,0,0,0,0,0,0,0,0,gratuito
7,10000.0,0,0.0,1,1,1,0,0,0,1,0,0,0,0,0,0,gratuito
1,10000.0,4,1.0,1,2,1,0,0,0,0,0,0,0,1,0,0,medio_baixo
1,10000.0,2,1.0,1,4,1,0,0,0,1,1,0,1,0,0,1,baixo
2,10000.0,0,0.0,1,1,1,0,0,0,1,0,0,0,0,0,0,alto
6,10000.0,168,0.9761904761904762,2,3,1,0,0,1,1,1,0,1,0,0,0,medio_baixo
2,0.0,0,0.0,1,5,1,1,0,0,1,1,1,1,0,0,0,gratuito
1,10000.0,0,0.0,1,3,1,0,0,0,0,1,1,0,1,0,0,medio_baixo
5,0.0,0,0.0,0,0,1,0,0,0,0,0,0,0,0,0,0,gratuito
3,10000.0,6,0.16666666666666666,1,5,1,0,0,0,1,1,1,0,1,0,1,baixo
5,35000.0,8,0.875,1,2,1,0,0,0,0,0,1,0,1,0,0,baixo
5,10000.0,38,0.7368421052631579,103,1,1,0,0,0,0,0,0,1,0,0,0,baixo
6,10000.0,13,0.7692307692307693,1,3,1,1,0,0,1,1,1,0,0,0,0,baixo
12,10000.0,16,0.25,2,2,1,0,0,0,0,0,0,1,0,0,1,medio_baixo
8,10000.0,20,0.55,3,6,1,0,0,0,1,0,1,1,1,0,1,medio_baixo
1,0.0,0,0.0,0,0,1,0,0,0,0,0,0,0,0,0,0,gratuito
2,10000.0,11,0.7272727272727273,1,1,1,0,0,0,0,0,0,0,0,0,1,medio_alto
7,10000.0,1096,0.9151459854014599,1,2,1,0,0,1,1,1,0,0,0,0,0,alto
2,10000.0,0,0.0,1,3,1,1,1,0,1,0,1,1,0,0,0,baixo
1,0.0,0,0.0,0,0,1,0,0,0,0,0,0,0,0,0,0,gratuito
1,10000.0,0,0.0,13,4,1,0,0,0,1,0,0,0,1,0,1,gratuito
2,10000.0,9,1.0,3,2,1,0,0,0,1,0,0,1,0,0,0,medio_baixo
4,10000.0,14,0.2857142857142857,1,3,1,1,1,0,1,0,0,0,0,1,1,baixo
2,10000.0,20,0.95,2,3,1,0,0,0,1,1,0,0,1,0,0,medio_baixo
1,10000.0,0,0.0,1,3,1,0,1,0,1,1,0,0,0,1,0,medio_baixo
6,10000.0,13,0.3076923076923077,1,4,1,0,0,0,1,0,1,0,1,0,1,medio_baixo
3,10000.0,6,1.0,7,3,1,0,0,0,1,1,1,0,0,0,0,medio_alto
1,10000.0,1,1.0,31,4,1,1,1,0,1,1,1,1,0,0,0,baixo
3,10000.0,19,0.8947368421052632,10,1,1,1,0,0,0,0,0,0,0,1,0,alto
5,10000.0,10,0.7,1,2,1,0,1,0,1,1,0,0,0,0,0,medio_alto
4,10000.0,0,0.0,1,2,1,1,1,0,0,0,0,0,1,1,0,alto
1,10000.0,0,0.0,2,4,1,0,0,0,1,1,1,1,0,0,0,alto
3,10000.0,1,1.0,2,5,1,1,0,0,1,1,0,1,1,0,0,baixo
5,10000.0,5,0.8,1,2,1,0,0,0,1,0,0,0,0,1,0,medio_alto
2,10000.0,31,0.3870967741935484,1,4,1,0,0,0,1,1,1,0,0,0,1,baixo
9,10000.0,4,0.0,1,7,1,0,0,0,1,1,1,0,1,1,1,medio_baixo
4,10000.0,16,1.0,5,3,1,0,0,0,1,1,1,0,0,0,0,medio_baixo
1,35000.0,323,0.7306501547987616,13,3,1,0,0,0,1,1,0,0,0,0,1,alto
5,3500000.0,96660,0.9063418166770122,19,2,1,1,0,1,1,0,1,0,0,0,0,alto
1,0.0,0,0.0,1,4,1,0,1,0,1,1,1,0,0,0,0,medio_alto
2,10000.0,2,1.0,2,2,1,0,0,0,0,1,0,0,0,1,0,medio_alto
1,10000.0,0,0.0,1,3,1,0,0,0,1,0,1,1,0,0,0,medio_baixo
6,350000.0,7350,0.690204081632653,4,3,1,0,0,8,0,1,1,0,1,0,0,alto
8,10000.0,31,0.5483870967741935,10,4,1,0,0,0,1,1,1,0,1,0,0,alto
3,0.0,0,0.0,1,1,1,0,0,0,0,0,0,0,0,1,0,gratuito
8,10000.0,4,0.0,1,4,1,0,0,0,0,1,1,1,0,0,1,medio_baixo
1,0.0,0,0.0,2,3,1,1,0,0,1,0,0,1,0,0,0,gratuito
8,150000.0,675,0.8844444444444445,1,4,1,0,0,0,1,0,0,1,0,0,1,gratuito
8,10000.0,18,0.7777777777777778,6,4,1,0,0,0,1,1,1,0,0,0,1,baixo
8,35000.0,484,0.9462809917355371,3,3,1,1,1,0,1,1,0,0,1,0,0,medio_baixo
1,10000.0,0,0.0,1,2,1,0,0,0,1,1,0,0,0,0,0,alto
9,10000.0,62,0.7903225806451613,2,4,1,0,0,0,1,0,1,0,1,0,0,gratuito
1,0.0,0,0.0,1,6,1,0,0,0,1,1,1,1,0,1,0,gratuito
2,10000.0,10,1.0,1,2,1,0,0,0,1,0,0,1,0,0,0,medio_baixo
1,10000.0,1,1.0,1,2,1,0,0,0,1,1,0,0,0,0,0,medio_baixo
3,0.0,0,0.0,0,0,1,0,0,0,0,0,0,0,0,0,0,gratuito
4,10000.0,95,0.9052631578947369,2,1,1,1,1,0,0,0,0,0,0,0,1,medio_baixo
7,10000.0,0,0.0,2,4,1,0,0,0,1,1,1,1,0,0,0,baixo
2,10000.0,0,0.0,1,4,1,0,0,0,1,1,0,1,0,0,0,gratuito
1,10000.0,0,0.0,3,4,1,0,0,0,1,0,1,1,1,0,0,alto
7,10000.0,28,0.42857142857142855,1,5,1,0,0,0,1,1,0,1,0,0,1,baixo
8,10000.0,34,0.4411764705882353,3,2,1,0,0,0,1,0,0,0,0,1,0,gratuito
4,10000.0,8,1.0,1,1,1,0,0,0,0,0,0,0,0,1,0,gratuito
7,150000.0,3511,0.949587012247223,3,1,1,0,0,1,0,0,0,0,0,0,1,alto
6,10000.0,74,0.6621621621621622,1,5,1,0,0,0,1,0,0,1,0,1,1,alto
4,35000.0,2,1.0,1,1,1,1,1,0,0,0,0,0,1,0,0,alto
1,0.0,0,0.0,1,2,1,0,1,0,1,0,1,0,0,0,0,medio_baixo
2,0.0,0,0.0,9,5,1,0,0,0,0,1,1,0,1,1,0,gratuito
6,10000.0,9,0.7777777777777778,1,2,1,0,0,0,1,0,0,0,0,1,0,medio_alto
3,10000.0,11,0.9090909090909091,1,3,1,0,0,0,1,1,0,1,0,0,0,baixo
2,10000.0,6,1.0,1,2,1,0,0,0,0,1,1,0,0,0,0,baixo
2,10000.0,106,0.7830188679245284,4,2,1,0,0,0,0,1,1,0,0,0,0,alto
1,10000.0,0,0.0,1,7,1,0,0,0,1,1,0,1,1,1,1,alto
3,10000.0,1,1.0,1,1,1,0,1,0,0,1,0,0,0,0,0,baixo
1,10000.0,0,0.0,6,3,1,0,0,0,1,1,0,1,0,0,0,medio_baixo
1,10000.0,0,0.0,1,4,1,0,0,0,1,1,1,0,1,0,0,alto
13,350000.0,678,0.6902654867256637,5,2,1,0,0,2,1,0,0,0,1,0,0,medio_baixo
7,35000.0,100,0.55,1,6,1,0,0,0,0,1,1,0,1,1,0,gratuito
1,10000.0,0,0.0,1,3,1,1,1,0,1,0,0,1,0,1,0,medio_baixo
1,0.0,0,0.0,2,6,1,0,0,0,1,1,1,1,0,0,0,gratuito
4,10000.0,16,0.75,1,2,1,0,0,0,0,0,0,1,0,0,0,gratuito
4,35000.0,221,0.8914027149321267,1,1,1,0,0,8,0,0,0,0,1,0,0,medio_alto
1,0.0,0,0.0,17,7,1,0,0,3,1,1,1,1,1,1,1,baixo
5,0.0,0,0.0,0,0,1,0,0,0,0,0,0,0,0,0,0,gratuito
4,10000.0,0,0.0,2,4,1,0,0,0,1,0,1,0,1,0,1,medio_alto
7,75000.0,1925,0.8966233766233767,1,2,1,0,0,0,0,0,0,0,0,0,1,alto
1,0.0,0,0.0,0,0,1,0,0,0,0,0,0,0,0,0,0,gratuito
7,10000.0,34,0.8235294117647058,2,1,1,0,0,0,0,0,0,0,1,0,0,medio_alto
8,10000.0,21,0.7619047619047619,3,2,1,1,1,1,1,1,0,0,0,0,0,gratuito
1,10000.0,0,0.0,1,1,1,1,1,0,0,1,0,0,0,0,0,medio_alto
1,10000.0,0,0.0,11,2,1,1,0,0,0,1,0,0,0,0,0,alto
9,35000.0,37,0.7837837837837838,2,2,1,0,1,0,1,1,0,0,0,0,0,gratuito
9,350000.0,2015,0.7652605459057072,10,4,1,0,0,2,1,1,1,0,1,0,0,medio_baixo
8,35000.0,436,0.9128440366972477,1,3,1,0,0,0,1,1,1,0,0,0,0,baixo
8,10000.0,26,0.11538461538461539,1,2,1,0,0,0,0,1,1,0,0,0,0,baixo
6,10000.0,1,1.0,1,4,1,0,0,0,1,0,0,1,1,0,1,medio_baixo
12,150000.0,328,0.7347560975609756,4,3,1,0,0,0,1,1,1,0,0,0,0,medio_alto
4,10000.0,168,0.9047619047619048,10,3,1,0,0,0,1,0,0,0,0,0,1,alto
3,10000.0,3,0.6666666666666666,1,2,1,0,0,1,0,0,0,0,0,1,1,baixo
1,35000.0,1055,0.9848341232227488,10,2,1,1,1,1,1,1,0,0,0,0,0,medio_alto
3,0.0,0,0.0,1,4,1,0,0,10,1,0,0,1,0,0,1,gratuito
8,35000.0,1,1.0,1,1,1,0,0,0,0,1,0,0,0,0,0,baixo
1,10000.0,0,0.0,1,3,1,0,0,0,1,1,0,1,0,0,0,baixo
11,35000.0,371,0.7520215633423181,4,1,1,0,0,0,0,0,0,0,0,1,0,alto
1,10000.0,0,0.0,1,3,1,0,0,0,1,1,0,0,0,1,0,alto
2,150000.0,861,0.7967479674796748,7,4,1,0,0,0,0,0,0,1,0,1,1,alto
1,10000.0,0,0.0,27,2,1,1,1,0,1,0,0,0,0,0,1,baixo
4,10000.0,7,0.8571428571428571,1,6,1,0,0,0,1,1,1,1,0,1,0,medio_baixo
1,10000.0,0,0.0,1,1,1,0,0,0,0,0,0,0,0,1,0,medio_alto
3,35000.0,523,0.7495219885277247,13,3,1,1,0,1,1,0,1,1,0,0,0,medio_baixo
1,10000.0,190,0.7578947368421053,5,1,1,0,0,0,1,0,0,0,0,0,0,medio_alto
2,75000.0,609,0.8456486042692939,5,2,1,0,0,0,1,0,0,0,0,1,0,alto
1,10000.0,0,0.0,1,2,1,0,0,0,1,1,0,0,0,0,0,alto
7,10000.0,99,0.7070707070707071,2,4,1,0,0,0,1,0,1,1,0,1,0,medio_alto
2,10000.0,12,0.5833333333333334,8,3,1,0,0,0,1,1,1,0,0,0,0,medio_alto
2,10000.0,12,0.9166666666666666,1,3,1,0,0,0,1,1,1,0,0,0,0,medio_baixo
3,10000.0,2,1.0,1,3,1,1,1,0,1,0,0,1,0,0,0,medio_baixo
5,10000.0,15,0.5333333333333333,6,3,1,0,0,0,1,1,1,0,0,0,0,baixo
8,10000.0,9,0.8888888888888888,2,2,1,0,0,0,0,0,0,1,0,1,0,medio_baixo
15,350000.0,729,0.803840877914952,5,2,1,1,0,0,0,0,0,0,0,1,0,baixo
6,10000.0,29,0.3793103448275862,2,3,1,0,0,0,1,1,1,0,0,0,0,medio_baixo
5,10000.0,12,1.0,2,2,1,0,0,0,1,0,0,1,0,0,0,medio_alto
3,10000.0,0,0.0,2,1,1,0,0,0,0,0,0,0,0,0,1,medio_baixo
5,10000.0,23,0.5652173913043478,6,3,1,0,0,0,1,0,1,1,0,0,0,medio_baixo
9,10000.0,8,0.625,1,3,1,0,0,0,1,1,0,1,0,0,0,baixo
1,10000.0,0,0.0,21,2,1,0,0,1,0,0,0,0,0,0,1,alto
2,10000.0,25,0.92,18,2,1,0,0,0,1,0,1,0,0,0,0,medio_alto
2,10000.0,14,0.9285714285714286,1,2,1,0,0,0,1,1,0,0,0,0,0,medio_alto
3,35000.0,7,1.0,1,2,1,0,0,0,1,1,0,0,0,0,0,baixo
1,10000.0,7,1.0,1,3,1,0,0,0,1,0,1,1,0,0,0,alto
3,35000.0,123,0.7642276422764228,1,5,1,0,0,0,1,1,0,0,0,0,0,gratuito
4,10000.0,166,0.5542168674698795,29,6,1,0,0,0,1,1,1,1,0,0,1,baixo
2,10000.0,1,1.0,1,2,1,0,0,0,1,0,0,1,0,0,0,alto
2,0.0,0,0.0,103,9,1,1,1,0,1,1,1,1,1,1,1,alto
3,10000.0,12,0.9166666666666666,1,4,1,0,0,0,1,0,1,0,1,1,0,medio_alto
4,35000.0,19,0.3684210526315789,1,2,1,0,0,0,1,1,0,0,0,0,0,baixo
1,10000.0,0,0.0,2,3,1,0,0,0,1,1,1,0,0,0,0,medio_alto
1,10000.0,0,0.0,1,2,1,0,0,0,1,0,1,0,0,0,0,alto
5,10000.0,1,1.0,1,3,1,0,0,0,1,0,0,1,0,1,0,medio_alto
3,10000.0,3,1.0,1,3,1,0,0,0,1,0,0,1,0,0,1,baixo
1,10000.0,1,1.0,11,2,1,1,1,0,1,0,0,1,0,0,0,medio_baixo
2,10000.0,17,0.7058823529411765,1,5,1,1,1,0,1,1,1,1,0,1,0,baixo
2,10000.0,21,1.0,2,3,1,0,0,0,1,0,1,1,0,0,0,baixo
4,10000.0,20,0.6,1,2,1,1,1,0,1,0,0,0,1,0,0,medio_alto
7,350000.0,1269,0.8211189913317573,7,2,1,0,0,3,1,0,1,0,0,0,0,medio_alto
7,10000.0,2,0.0,1,2,1,0,0,0,1,1,0,0,0,0,0,baixo
3,10000.0,1,1.0,1,2,1,0,0,0,1,0,0,1,0,0,0,medio_baixo
8,35000.0,34,0.5882352941176471,1,2,1,0,0,0,1,0,0,1,0,0,0,baixo
8,10000.0,23,0.8695652173913043,1,3,1,0,0,0,1,1,0,0,0,0,1,medio_baixo
6,75000.0,533,0.8273921200750469,9,2,1,0,0,0,1,0,0,1,0,0,0,baixo
8,10000.0,1,1.0,1,1,1,0,0,0,1,0,0,0,0,0,0,medio_baixo
2,0.0,0,0.0,103,6,1,0,0,0,1,1,1,1,0,0,1,gratuito
5,10000.0,71,0.4647887323943662,1,2,1,0,0,3,1,1,0,0,0,0,0,alto
3,10000.0,19,0.7894736842105263,2,2,1,0,0,0,0,1,0,0,0,0,0,medio_alto
8,10000.0,20,0.5,2,4,1,0,0,1,1,0,1,1,0,0,1,baixo
8,150000.0,579,0.8186528497409327,1,2,1,1,0,0,1,0,1,0,0,0,0,alto
2,10000.0,9,0.4444444444444444,1,3,1,0,0,0,1,1,1,0,0,0,0,baixo
1,10000.0,3,1.0,2,2,1,0,0,0,1,1,0,0,0,0,0,medio_alto
2,0.0,0,0.0,103,2,1,0,0,0,1,0,1,0,0,0,0,medio_baixo
1,10000.0,16,1.0,1,2,1,0,0,1,0,1,1,0,0,0,0,alto
5,0.0,0,0.0,0,0,1,0,0,0,0,0,0,0,0,0,0,gratuito
2,10000.0,3,0.6666666666666666,1,2,1,1,0,0,1,0,0,1,0,0,0,medio_baixo
12,35000.0,479,0.7703549060542797,5,2,1,0,0,0,0,0,0,0,0,1,1,medio_alto
2,0.0,0,0.0,0,0,1,0,0,0,0,0,0,0,0,0,0,gratuito
7,0.0,0,0.0,6,3,1,1,0,1,0,0,1,0,1,1,0,medio_alto
1,75000.0,10,0.9,1,2,1,0,0,0,1,0,0,0,1,0,0,medio_alto
7,10000.0,4,1.0,2,4,1,0,0,0,1,0,0,1,0,0,0,medio_alto
5,35000.0,159,0.5471698113207547,14,3,1,0,0,0,1,0,1,0,0,1,0,medio_baixo
2,10000.0,1,0.0,15,1,1,1,1,0,0,1,0,0,0,0,0,medio_alto
5,10000.0,0,0.0,1,2,1,0,0,0,0,1,1,0,0,0,0,medio_alto
3,10000.0,16,0.9375,1,3,1,0,0,1,1,1,1,0,0,0,0,baixo
2,10000.0,111,0.963963963963964,1,3,1,0,0,0,1,0,0,1,0,0,0,gratuito
2,35000.0,425,0.7270588235294118,11,3,1,0,0,1,1,1,0,0,1,0,0,alto
2,10000.0,2,1.0,2,1,1,0,1,0,0,1,0,0,0,0,0,medio_alto
1,0.0,0,0.0,0,0,1,0,0,0,0,0,0,0,0,0,0,gratuito
7,10000.0,0,0.0,1,2,1,0,0,0,0,1,0,0,0,0,0,medio_baixo
5,35000.0,29,0.9655172413793104,6,2,1,0,1,1,1,1,0,0,0,0,0,medio_baixo
9,75000.0,42,0.7380952380952381,103,4,1,0,0,0,0,0,0,0,0,0,1,gratuito
3,10000.0,7,1.0,2,4,1,1,0,0,1,0,0,1,1,0,1,baixo
3,10000.0,23,0.6086956521739131,4,3,1,1,1,0,1,1,1,0,0,0,0,baixo
6,10000.0,1,0.0,1,4,1,0,0,0,1,0,0,1,0,1,1,alto
3,35000.0,8,1.0,4,5,1,0,0,0,1,1,1,0,1,0,0,alto
2,10000.0,190,0.7842105263157895,12,2,1,0,0,2,1,1,0,0,0,0,0,medio_alto
4,10000.0,24,0.6666666666666666,1,3,1,0,0,0,1,1,1,0,0,0,0,medio_baixo
6,10000.0,55,0.9272727272727272,9,2,1,0,0,0,1,0,1,0,0,0,0,medio_baixo
1,10000.0,0,0.0,1,2,1,1,0,0,1,1,0,0,0,0,0,medio_alto
1,0.0,0,0.0,1,1,1,0,0,0,0,0,1,0,0,0,0,medio_baixo
4,10000.0,396,0.5808080808080808,13,4,1,0,0,0,1,1,1,0,1,0,0,medio_baixo
10,150000.0,519,0.7572254335260116,1,3,1,1,1,0,1,1,0,1,0,0,0,baixo
5,10000.0,23,0.7391304347826086,1,2,1,1,0,0,1,0,1,0,0,0,0,medio_alto
12,350000.0,2032,0.6195866141732284,9,5,1,0,0,0,1,0,1,1,1,0,1,medio_alto
1,10000.0,1,1.0,1,2,1,0,0,0,1,0,0,0,0,0,0,baixo
1,0.0,0,0.0,1,3,1,0,0,0,0,1,1,0,0,0,0,gratuito
4,75000.0,265,0.6075471698113207,1,3,1,0,0,0,1,1,1,0,0,0,0,alto
2,0.0,0,0.0,1,2,1,0,0,0,1,0,0,0,1,0,0,gratuito
1,0.0,0,0.0,0,0,1,0,0,0,0,0,0,0,0,0,0,gratuito
1,10000.0,0,0.0,19,3,1,0,0,0,1,0,1,1,0,0,0,medio_baixo
5,10000.0,8,0.75,1,2,1,0,0,0,1,0,0,1,0,0,0,baixo
1,75000.0,1295,0.8239382239382239,2,4,1,0,0,0,1,1,1,0,1,0,0,medio_alto
2,10000.0,3,0.3333333333333333,28,5,1,0,0,0,1,1,1,1,1,0,0,medio_baixo
8,10000.0,3,1.0,1,5,1,0,0,0,1,1,0,1,0,1,1,baixo
10,10000.0,248,0.8629032258064516,11,3,1,1,1,0,1,0,0,1,0,1,0,baixo
5,150000.0,969,0.848297213622291,2,2,1,0,1,0,1,0,0,0,1,0,0,medio_alto
5,10000.0,0,0.0,5,1,1,1,1,0,0,0,0,1,0,0,0,medio_alto
1,0.0,0,0.0,1,4,1,0,0,0,1,0,0,1,0,0,1,gratuito
8,10000.0,11,0.5454545454545454,1,3,1,1,0,0,1,0,1,0,0,0,1,baixo
5,0.0,0,0.0,0,0,1,0,0,0,0,0,0,0,0,0,0,gratuito
3,0.0,0,0.0,0,0,1,0,0,0,0,0,0,0,0,0,0,gratuito
1,0.0,0,0.0,1,2,1,0,0,0,1,1,0,0,0,0,0,medio_alto
11,35000.0,451,0.8403547671840355,1,3,1,0,0,0,1,0,1,0,0,0,1,alto
2,35000.0,333,0.7837837837837838,4,4,1,0,0,1,1,1,1,0,1,0,0,alto
4,0.0,0,0.0,1,4,1,0,0,10,0,0,0,1,0,0,1,gratuito
3,10000.0,45,0.7777777777777778,8,3,1,0,0,2,1,1,1,0,0,0,0,medio_alto
6,10000.0,22,0.7272727272727273,29,4,1,0,0,0,1,1,1,1,0,0,0,baixo
7,10000.0,0,0.0,1,2,1,0,0,0,1,0,0,1,0,0,0,medio_alto
2,10000.0,2,0.5,1,1,1,0,0,0,1,0,0,0,0,0,0,medio_baixo
1,0.0,0,0.0,0,0,1,0,0,0,0,0,0,0,0,0,0,gratuito
4,35000.0,81,0.8271604938271605,5,3,1,1,1,0,1,1,0,0,0,0,0,medio_baixo
6,10000.0,11,0.2727272727272727,1,3,1,0,0,0,1,1,1,0,0,0,0,baixo
2,10000.0,18,0.7222222222222222,2,5,1,0,0,0,1,1,0,1,1,0,0,medio_alto
9,10000.0,57,0.9122807017543859,1,2,1,0,0,0,1,1,0,0,0,0,0,alto
7,10000.0,4,0.75,1,2,1,0,0,0,1,0,0,0,1,0,0,baixo
10,35000.0,135,0.7037037037037037,1,3,1,0,0,1,1,1,0,0,0,0,0,baixo
9,10000.0,27,0.8148148148148148,1,2,1,0,0,0,1,1,0,0,0,0,0,gratuito
5,10000.0,16,0.3125,1,5,1,0,0,0,1,1,0,1,0,1,1,baixo
8,35000.0,409,0.8484107579462102,9,2,1,1,1,1,1,0,0,0,0,1,0,medio_baixo
11,150000.0,889,0.8953880764904387,2,4,1,0,0,0,0,1,1,0,0,1,0,gratuito
7,75000.0,637,0.8006279434850864,1,1,1,0,0,0,1,0,0,0,0,0,0,gratuito
2,10000.0,49,0.5102040816326531,3,5,1,0,0,0,1,1,1,1,0,0,1,baixo
8,10000.0,11,0.8181818181818182,2,3,1,0,0,0,1,1,1,0,0,0,0,gratuito
2,35000.0,583,0.8353344768439108,10,3,1,1,0,1,1,0,0,1,0,0,1,medio_baixo
2,10000.0,7,0.7142857142857143,12,2,1,0,0,0,1,0,1,0,0,0,0,alto
7,10000.0,61,0.5245901639344263,1,2,1,0,0,0,0,0,0,0,1,0,0,gratuito
1,10000.0,0,0.0,1,2,1,0,0,0,1,0,0,0,1,0,0,baixo
6,10000.0,10,0.9,1,4,1,0,0,0,1,0,1,0,1,0,1,medio_baixo
5,10000.0,9,1.0,2,3,1,0,0,0,1,1,1,0,0,0,0,medio_baixo
2,0.0,0,0.0,1,1,1,0,0,0,0,0,0,0,0,0,1,gratuito
4,10000.0,2,0.0,1,3,1,0,0,0,0,1,1,0,1,0,0,medio_baixo
2,0.0,0,0.0,1,8,1,0,0,0,0,1,1,1,1,1,1,gratuito
1,10000.0,0,0.0,1,2,1,0,0,0,1,0,1,0,0,0,0,medio_baixo
4,10000.0,3,0.6666666666666666,1,5,1,0,0,0,0,0,0,0,0,0,0,alto
4,10000.0,0,0.0,1,4,1,0,0,0,1,1,1,0,0,0,0,alto
2,10000.0,37,0.8648648648648649,1,3,1,0,0,0,0,0,0,1,0,1,1,medio_alto
4,0.0,0,0.0,1,3,1,0,0,0,1,0,0,0,1,0,0,gratuito
5,10000.0,2,0.5,1,2,1,0,0,0,1,1,0,0,0,0,0,baixo
5,10000.0,3,0.3333333333333333,1,2,1,0,0,0,1,0,0,1,0,0,0,medio_alto
2,10000.0,61,0.7540983606557377,26,6,1,0,0,0,0,1,1,1,1,1,1,medio_alto
8,10000.0,31,0.7419354838709677,1,2,1,0,0,0,1,0,0,0,0,1,0,medio_alto
1,0.0,0,0.0,12,3,1,0,0,0,1,0,0,1,0,0,0,gratuito
5,35000.0,375,0.7733333333333333,30,5,1,1,1,1,1,1,0,1,0,1,1,baixo
8,3500000.0,162206,0.841189598411896,14,3,1,0,0,13,0,1,1,0,1,0,0,medio_alto
1,10000.0,221,0.7692307692307693,10,3,1,0,0,1,0,1,1,0,1,0,0,alto
5,10000.0,9,1.0,1,4,1,0,0,0,1,1,0,1,0,1,0,baixo
2,10000.0,14,0.9285714285714286,1,1,1,0,0,1,0,0,0,0,1,0,0,medio_alto
4,35000.0,2,0.0,1,2,1,0,0,0,1,0,0,0,0,0,0,baixo
2,0.0,0,0.0,0,0,1,0,0,0,0,0,0,0,0,0,0,gratuito
3,10000.0,16,0.9375,1,3,1,0,0,0,0,1,1,0,0,0,0,baixo
1,0.0,0,0.0,3,5,1,0,1,0,1,0,0,1,1,1,0,gratuito
3,10000.0,13,0.7692307692307693,1,3,1,0,0,0,1,0,1,0,0,0,1,baixo
4,0.0,0,0.0,1,2,1,1,0,1,0,0,0,0,0,0,0,gratuito
6,10000.0,3,0.6666666666666666,1,1,1,0,0,0,0,0,0,1,0,0,0,baixo
4,10000.0,2,1.0,1,3,1,0,0,0,1,0,1,1,0,0,0,medio_baixo
5,35000.0,9,0.4444444444444444,2,3,1,0,0,0,1,1,1,0,0,0,0,baixo
1,10000.0,4,1.0,5,2,1,0,0,0,1,0,1,0,0,0,0,medio_baixo
3,10000.0,0,0.0,2,2,1,0,0,0,1,0,0,1,0,0,0,medio_baixo
9,10000.0,9,0.5555555555555556,1,3,1,1,0,0,1,0,0,1,0,1,0,baixo
1,10000.0,0,0.0,2,3,1,0,0,0,0,0,0,1,1,0,1,medio_alto
4,10000.0,36,0.6944444444444444,9,4,1,0,0,0,1,1,0,0,1,1,0,gratuito
7,10000.0,6,0.3333333333333333,1,5,1,0,0,0,1,1,0,1,0,1,0,baixo
2,10000.0,6,0.6666666666666666,2,3,1,0,0,0,1,0,0,1,0,0,0,gratuito
3,10000.0,1,1.0,1,2,1,0,0,0,0,0,1,0,1,0,0,baixo
4,10000.0,0,0.0,1,2,1,0,0,0,1,0,0,1,0,0,0,baixo
1,10000.0,0,0.0,1,2,1,1,1,0,1,0,1,0,0,0,0,medio_baixo
1,0.0,0,0.0,1,4,1,0,0,0,1,0,1,1,0,0,0,gratuito
12,75000.0,319,0.8746081504702194,3,2,1,0,0,0,1,0,1,0,0,0,0,medio_alto
10,10000.0,12,0.75,1,1,1,0,0,0,0,0,0,1,0,0,0,baixo
1,10000.0,0,0.0,1,4,1,0,0,0,1,0,1,1,1,0,0,medio_alto
2,35000.0,300,0.77,8,5,1,0,0,1,1,1,1,0,0,1,1,alto
1,10000.0,0,0.0,4,3,1,0,0,0,1,0,1,0,1,0,0,alto
7,10000.0,1,0.0,1,4,1,0,0,0,1,1,1,1,0,0,0,medio_alto
2,10000.0,15,1.0,4,3,1,0,0,0,1,1,0,0,1,0,0,medio_alto
12,35000.0,111,0.5765765765765766,1,2,1,1,0,0,1,1,0,0,0,0,0,medio_alto
1,0.0,0,0.0,0,0,1,0,0,0,0,0,0,0,0,0,0,gratuito
1,10000.0,0,0.0,1,3,1,0,0,1,1,0,0,1,0,0,1,medio_baixo
11,1500000.0,22121,0.832331268929976,9,2,1,0,1,2,1,1,0,0,0,0,0,medio_baixo
4,10000.0,8,1.0,2,5,1,0,0,0,1,1,1,1,0,0,1,baixo
2,10000.0,0,0.0,3,2,1,0,0,0,0,0,0,1,0,0,1,medio_baixo
10,10000.0,4,0.5,1,5,1,0,0,0,1,0,1,1,0,1,0,alto
3,10000.0,86,0.872093023255814,20,3,1,0,0,0,1,0,1,1,0,0,0,alto
1,10000.0,0,0.0,1,2,1,0,0,0,1,1,0,0,0,0,0,alto
5,0.0,0,0.0,2,5,1,0,0,0,1,1,0,1,0,1,0,gratuito
5,10000.0,18,0.7222222222222222,7,5,1,0,0,0,1,1,1,0,1,0,0,alto
1,10000.0,2,1.0,1,4,1,1,0,0,0,1,0,1,1,1,0,alto
3,10000.0,18,0.8888888888888888,1,2,1,0,0,0,1,0,0,1,0,0,0,medio_alto
1,10000.0,0,0.0,1,3,1,0,0,0,1,0,1,1,0,0,0,medio_baixo
7,10000.0,193,0.9378238341968912,1,2,1,1,1,1,1,0,1,0,0,0,0,alto
2,0.0,0,0.0,1,1,1,0,0,0,0,0,0,0,0,0,0,gratuito
6,35000.0,1387,0.9653929343907715,3,4,1,0,0,0,0,0,1,0,1,1,1,alto
2,10000.0,2,0.5,1,3,1,0,0,0,1,1,0,1,0,0,0,baixo
1,75000.0,601,0.7221297836938436,7,2,1,0,0,2,0,1,0,0,0,1,0,alto
8,10000.0,1,1.0,5,3,1,0,0,0,0,1,0,1,0,0,1,medio_baixo
4,0.0,0,0.0,0,0,1,0,0,0,0,0,0,0,0,0,0,gratuito
5,10000.0,22,0.7272727272727273,1,4,1,0,0,1,1,0,1,1,0,1,0,medio_baixo
6,10000.0,0,0.0,2,2,1,0,0,0,1,0,0,0,1,0,0,alto
12,35000.0,50,0.6,1,2,1,0,0,0,1,0,1,0,0,0,0,baixo
1,10000.0,14,1.0,2,2,1,0,0,0,1,1,0,0,0,0,0,medio_alto
5,10000.0,1,1.0,1,1,1,0,0,0,0,0,1,0,0,0,0,medio_baixo
6,10000.0,5,0.8,1,2,1,0,0,0,1,0,0,1,0,0,0,baixo
6,10000.0,1,1.0,2,5,1,1,0,0,1,0,0,1,1,1,0,medio_alto
1,0.0,0,0.0,1,6,1,0,0,0,1,1,1,1,1,0,1,alto
3,150000.0,7,0.14285714285714285,15,3,1,0,0,7,1,1,0,1,0,0,0,medio_baixo
1,0.0,0,0.0,103,2,1,0,0,0,1,0,0,1,0,0,0,medio_alto
2,10000.0,8,0.75,3,3,1,0,0,0,1,1,1,0,0,0,0,baixo
3,0.0,0,0.0,1,1,1,0,0,0,0,0,0,0,0,0,1,gratuito
10,35000.0,472,0.934322033898305,12,1,1,0,0,0,1,0,0,0,0,0,0,medio_baixo
6,10000.0,37,0.7567567567567568,1,2,1,0,0,0,1,1,0,0,0,0,0,gratuito
2,0.0,0,0.0,0,0,1,0,0,0,0,0,0,0,0,0,0,gratuito
1,10000.0,97,0.9484536082474226,6,2,1,0,0,2,1,1,0,0,0,0,0,alto
3,0.0,0,0.0,1,2,1,0,0,0,1,0,0,1,0,0,0,gratuito
3,10000.0,41,0.8048780487804879,1,3,1,0,0,0,0,1,1,0,0,0,0,gratuito
1,0.0,0,0.0,2,4,1,0,0,0,1,1,0,0,1,0,0,alto
1,0.0,0,0.0,16,5,1,0,0,0,1,0,1,0,0,1,1,medio_alto
9,10000.0,14,0.5,1,2,1,0,0,0,1,0,1,0,0,0,0,gratuito
2,0.0,0,0.0,103,2,1,0,0,0,1,0,0,1,0,0,0,baixo
1,10000.0,0,0.0,26,4,1,0,0,0,1,0,0,1,0,0,1,baixo
6,10000.0,99,0.7878787878787878,2,1,1,1,1,0,0,0,0,0,0,0,1,medio_baixo
7,10000.0,15,0.26666666666666666,1,2,1,0,0,0,1,0,1,0,0,0,0,baixo
11,350000.0,1829,0.5330781848004374,2,3,1,0,0,0,1,1,1,0,0,0,0,baixo
4,10000.0,3,0.6666666666666666,1,3,1,0,0,0,1,1,0,1,0,0,0,baixo
3,10000.0,9,1.0,1,3,1,1,1,0,1,0,1,0,1,0,0,baixo
7,75000.0,1772,0.8329571106094809,8,1,1,0,0,0,0,0,0,0,0,1,0,medio_alto
2,0.0,0,0.0,103,2,1,0,0,0,1,0,0,1,0,0,0,baixo
3,10000.0,10,1.0,1,1,1,0,1,0,0,0,0,0,0,0,1,medio_alto
5,10000.0,80,0.5125,1,3,1,0,0,0,1,1,0,0,0,0,0,gratuito
2,350000.0,8,0.75,1,2,1,0,0,0,0,1,0,0,0,0,0,medio_alto
2,35000.0,16,0.9375,8,4,1,0,0,0,1,1,1,1,0,0,0,medio_baixo
1,10000.0,6,0.8333333333333334,12,4,1,0,0,0,1,1,1,1,0,0,0,medio_alto
11,35000.0,1709,0.9631363370392042,5,3,1,1,0,1,1,0,0,1,0,0,1,medio_baixo
1,0.0,0,0.0,1,8,1,0,0,0,1,1,1,1,1,0,0,gratuito
2,10000.0,0,0.0,21,4,1,0,0,0,1,0,0,1,0,0,1,gratuito
1,0.0,0,0.0,0,0,1,0,0,0,0,0,0,0,0,0,0,gratuito
1,0.0,0,0.0,1,2,1,0,0,0,0,0,0,1,0,0,0,gratuito
1,10000.0,2,1.0,10,3,1,0,0,0,1,1,0,0,0,1,0,medio_baixo
6,75000.0,122,0.7786885245901639,2,3,1,0,0,0,0,1,1,0,0,0,0,gratuito
8,10000.0,17,0.7058823529411765,6,1,1,0,0,0,0,0,1,0,0,0,0,alto
1,10000.0,1,1.0,1,6,1,0,0,0,1,1,1,0,1,1,0,gratuito
4,10000.0,22,0.36363636363636365,2,2,1,0,0,0,0,1,0,0,0,0,0,gratuito
1,0.0,0,0.0,0,0,1,0,0,0,0,0,0,0,0,0,0,gratuito
4,10000.0,0,0.0,1,5,1,0,0,0,0,0,0,1,0,1,1,gratuito
2,35000.0,11,0.5454545454545454,2,5,1,0,0,0,1,1,1,0,1,0,1,baixo
2,10000.0,10,0.6,4,3,1,0,0,4,1,0,0,1,0,0,1,alto
1,10000.0,0,0.0,6,3,1,0,0,0,1,1,1,0,0,0,0,medio_alto
8,3500000.0,74620,0.9440900562851783,18,1,1,1,0,10,0,0,0,0,0,0,1,alto
5,10000.0,46,0.6739130434782609,1,3,1,1,0,0,1,0,1,1,0,0,0,medio_baixo
4,10000.0,0,0.0,1,5,1,1,0,0,1,1,0,1,1,0,0,medio_alto
1,0.0,0,0.0,6,4,1,0,0,0,1,0,0,1,1,0,1,medio_alto
3,10000.0,78,0.9358974358974359,4,3,1,0,1,0,0,0,1,0,1,1,0,baixo
6,35000.0,141,0.8936170212765957,1,3,1,1,0,0,1,1,0,0,0,0,0,gratuito
1,10000.0,0,0.0,1,4,1,0,0,0,1,1,0,1,0,0,0,gratuito
1,10000.0,0,0.0,4,4,1,0,0,0,1,1,0,1,0,1,0,medio_baixo
6,10000.0,4,1.0,103,4,1,0,0,0,1,1,1,1,0,0,0,baixo
1,0.0,0,0.0,2,1,1,0,0,0,0,1,0,0,0,0,0,baixo
7,10000.0,42,0.8571428571428571,1,3,1,0,0,0,1,0,0,1,0,1,0,medio_alto
1,10000.0,156,0.7243589743589743,1,4,1,0,0,0,1,0,1,0,0,0,1,alto
7,35000.0,16,0.625,1,3,1,1,0,0,1,0,1,0,1,0,0,medio_baixo
4,10000.0,0,0.0,2,1,1,0,0,0,0,0,0,0,0,0,0,alto
8,10000.0,0,0.0,1,1,1,0,0,0,0,0,0,0,0,0,1,alto
3,750000.0,23963,0.9708717606309728,13,4,1,1,1,2,1,0,1,0,1,0,1,alto
4,10000.0,9,1.0,1,2,1,1,1,0,0,1,0,0,0,0,0,medio_alto
2,10000.0,2,1.0,1,6,1,0,0,0,1,1,1,1,0,1,0,alto
2,10000.0,53,0.9811320754716981,1,3,1,1,1,1,1,0,0,1,1,0,0,medio_baixo
3,35000.0,3,0.6666666666666666,9,4,1,0,0,0,1,0,1,0,1,1,0,medio_alto
7,10000.0,14,0.6428571428571429,1,4,1,0,1,0,1,0,1,1,0,0,0,gratuito
7,10000.0,0,0.0,1,3,1,0,0,0,1,1,0,1,0,0,0,medio_baixo
1,0.0,0,0.0,2,1,1,0,0,0,0,0,1,0,0,0,0,medio_alto
2,0.0,0,0.0,1,5,1,0,0,0,1,0,1,1,1,0,0,gratuito
6,10000.0,0,0.0,1,6,1,0,0,0,1,1,1,1,1,1,0,alto
3,10000.0,0,0.0,1,3,1,0,0,0,0,1,1,0,0,0,0,gratuito
11,350000.0,3705,0.7659919028340081,9,4,1,0,0,1,1,1,1,0,1,0,0,medio_alto
1,0.0,0,0.0,0,0,1,0,0,0,0,0,0,0,0,0,0,gratuito
1,10000.0,0,0.0,1,2,1,0,0,0,1,0,1,0,0,0,0,medio_alto
19,75000.0,148,0.581081081081081,5,1,1,0,0,0,0,0,0,0,1,0,0,baixo
8,10000.0,7,0.7142857142857143,1,3,1,0,0,0,1,1,0,0,0,0,1,medio_baixo
3,0.0,0,0.0,0,0,1,0,0,0,0,0,0,0,0,0,0,gratuito
3,10000.0,0,0.0,1,1,1,0,0,1,0,0,0,1,0,0,0,medio_baixo
6,10000.0,6,0.6666666666666666,1,2,1,0,0,0,1,0,0,1,0,0,0,baixo
1,10000.0,0,0.0,1,1,1,0,0,0,0,0,1,0,0,0,0,medio_alto
2,10000.0,19,0.7894736842105263,2,3,1,0,0,0,1,1,1,0,0,0,0,medio_baixo
4,0.0,0,0.0,1,4,1,0,0,0,1,1,0,1,0,0,0,gratuito
9,35000.0,58,0.896551724137931,1,2,1,0,0,0,1,0,0,0,1,0,0,gratuito
4,10000.0,4,1.0,1,1,1,0,0,0,0,0,0,1,0,0,0,medio_alto
8,10000.0,18,0.2777777777777778,13,4,1,1,1,0,1,0,1,1,0,0,1,baixo
8,0.0,0,0.0,2,2,1,0,1,0,1,1,0,0,0,0,0,baixo
9,10000.0,9,0.5555555555555556,1,4,1,0,0,0,1,1,1,0,0,0,0,medio_alto
2,10000.0,17,0.8823529411764706,2,1,1,0,0,0,0,0,1,0,0,0,0,baixo
9,350000.0,2103,0.6029481692819781,2,2,1,0,0,1,1,0,0,0,0,0,1,baixo
5,10000.0,44,0.8409090909090909,3,3,1,1,1,0,1,1,0,0,1,0,0,medio_alto
3,10000.0,80,0.675,6,3,1,0,0,0,1,1,0,1,0,0,0,baixo
6,35000.0,61,0.8524590163934426,1,4,1,0,0,2,1,1,0,1,0,0,0,gratuito
2,10000.0,16,0.9375,2,2,1,0,0,0,0,1,1,0,0,0,0,baixo
1,0.0,0,0.0,4,4,1,0,0,0,1,0,1,1,0,1,0,alto
7,10000.0,13,0.6923076923076923,4,5,1,0,0,0,0,0,0,0,0,0,0,gratuito
9,10000.0,104,0.6538461538461539,1,3,1,1,0,0,1,0,0,0,0,0,1,alto
10,1500000.0,31316,0.9361348831268361,1,4,1,0,1,0,1,1,0,1,0,0,0,gratuito
1,0.0,0,0.0,0,0,1,0,0,0,0,0,0,0,0,0,0,gratuito
1,0.0,0,0.0,2,5,1,0,0,0,0,1,0,0,1,0,1,gratuito
1,10000.0,0,0.0,7,3,1,0,0,0,1,0,0,1,0,0,1,medio_baixo
2,10000.0,10,1.0,1,1,1,1,1,0,0,1,0,0,0,0,0,medio_baixo
5,0.0,0,0.0,1,4,1,0,0,0,1,1,0,0,1,0,0,gratuito
1,10000.0,0,0.0,1,2,1,0,1,0,0,1,0,0,1,0,0,alto
2,10000.0,423,0.6052009456264775,25,2,1,0,0,1,0,1,1,0,0,0,0,alto
2,10000.0,498,0.9698795180722891,1,2,1,0,0,0,1,1,0,0,0,0,0,medio_alto
6,10000.0,1,1.0,1,3,1,0,0,0,1,1,0,0,0,0,1,baixo
6,35000.0,37,0.7297297297297297,1,4,1,0,0,0,1,0,1,1,0,0,0,gratuito
3,10000.0,22,1.0,1,3,1,0,1,1,1,1,1,0,0,0,0,medio_baixo
11,10000.0,176,0.9545454545454546,1,2,1,1,1,0,1,0,0,0,1,0,0,medio_alto
3,10000.0,10,0.4,14,3,1,0,0,0,1,1,0,1,0,0,0,medio_baixo
2,0.0,0,0.0,103,9,1,1,1,0,1,1,1,1,1,1,1,alto
3,10000.0,3,1.0,1,2,1,1,1,0,1,0,0,0,1,0,0,baixo
4,35000.0,17,0.8823529411764706,2,3,1,0,0,0,1,0,1,0,0,1,0,baixo
2,0.0,0,0.0,0,0,1,0,0,0,0,0,0,0,0,0,0,gratuito
3,10000.0,5,1.0,1,2,1,1,1,1,1,0,0,1,0,0,0,baixo
1,10000.0,4,1.0,2,2,1,0,0,0,1,1,0,0,0,0,0,baixo
9,350000.0,2974,0.9119031607262945,3,2,1,0,0,1,1,1,0,0,0,0,0,medio_alto
9,10000.0,53,0.7924528301886793,1,1,1,0,0,1,0,1,0,0,0,0,0,medio_alto
8,75000.0,248,0.39919354838709675,1,3,1,0,0,1,0,1,0,0,0,0,0,gratuito
1,0.0,0,0.0,0,0,1,0,0,0,0,0,0,0,0,0,0,gratuito
2,10000.0,8,1.0,1,4,1,0,0,0,1,0,1,1,0,0,1,medio_baixo
5,35000.0,83,0.7590361445783133,1,2,1,0,0,0,1,0,1,0,0,0,0,medio_baixo
1,0.0,0,0.0,1,3,1,0,0,1,1,0,1,1,0,0,0,medio_baixo
5,10000.0,0,0.0,3,5,1,0,0,2,1,0,1,1,1,0,1,baixo
4,0.0,0,0.0,0,0,1,0,0,0,0,0,0,0,0,0,0,gratuito
1,10000.0,0,0.0,1,4,1,1,1,0,1,0,1,1,1,0,0,alto
9,150000.0,350,0.7771428571428571,1,3,1,0,0,1,1,0,1,0,0,0,1,alto
1,0.0,0,0.0,1,4,1,0,0,0,1,1,0,1,0,0,0,gratuito
1,0.0,0,0.0,3,2,1,1,0,0,0,0,1,1,0,0,0,medio_alto
3,10000.0,6,1.0,4,3,1,0,0,0,1,0,1,1,0,0,0,baixo
2,10000.0,37,0.8918918918918919,20,5,1,0,0,0,1,0,1,1,0,0,1,gratuito
3,10000.0,0,0.0,2,2,1,0,0,0,0,0,0,0,0,0,0,gratuito
1,0.0,0,0.0,2,3,1,0,0,1,1,1,1,0,0,0,0,medio_alto
2,10000.0,2,0.5,1,2,1,0,0,0,1,0,1,0,0,0,0,medio_alto
2,10000.0,0,0.0,2,1,1,0,0,0,1,0,0,0,0,0,0,medio_baixo
12,10000.0,192,0.6770833333333334,1,3,1,0,0,2,1,0,1,0,1,0,0,alto
1,0.0,0,0.0,103,2,1,0,0,0,1,0,0,1,0,0,0,baixo
5,350000.0,15,0.6666666666666666,1,1,1,1,0,1,0,1,0,0,0,0,0,medio_alto
4,10000.0,7,0.8571428571428571,1,1,1,0,0,0,0,0,1,0,0,0,0,medio_alto
6,10000.0,11,0.8181818181818182,1,3,1,0,0,0,1,1,0,0,0,0,0,gratuito
4,10000.0,6,1.0,1,1,1,0,0,0,0,0,0,0,1,0,0,medio_baixo
3,10000.0,0,0.0,2,1,1,0,0,0,0,0,0,1,0,0,0,medio_alto
5,75000.0,17,0.7058823529411765,1,2,1,0,0,0,1,1,0,0,0,0,0,baixo
1,0.0,0,0.0,1,4,1,0,0,0,1,0,1,0,0,0,1,gratuito
3,10000.0,4,0.75,5,2,1,0,0,0,1,1,0,0,0,0,0,medio_alto
2,35000.0,1,1.0,1,2,1,0,1,0,1,1,0,0,0,0,0,medio_alto
7,10000.0,11,0.7272727272727273,1,3,1,0,0,0,1,0,1,0,0,0,1,baixo
8,10000.0,26,0.34615384615384615,1,5,1,0,0,0,1,1,1,0,0,0,0,baixo
3,35000.0,17,1.0,1,3,1,0,0,1,1,0,1,0,1,0,0,alto
8,10000.0,19,0.631578947368421,1,1,1,0,0,0,0,0,0,0,0,0,1,alto
3,10000.0,0,0.0,1,1,1,0,0,0,0,1,0,0,0,0,0,baixo
10,35000.0,317,0.861198738170347,13,2,1,1,0,1,1,1,0,0,0,0,0,baixo
1,10000.0,0,0.0,1,1,1,0,0,1,1,0,0,0,0,0,0,alto
2,10000.0,221,0.9411764705882353,7,5,1,0,0,1,1,1,1,1,1,0,0,alto
8,10000.0,12,0.75,1,4,1,1,0,0,1,0,0,0,0,1,1,gratuito
8,10000.0,1,0.0,1,3,1,0,0,0,1,1,1,0,0,0,0,alto
3,10000.0,0,0.0,4,1,1,0,0,0,0,0,1,0,0,0,0,alto
2,0.0,0,0.0,103,2,1,1,0,0,1,0,1,0,0,0,0,medio_alto
5,150000.0,9,0.8888888888888888,1,2,1,0,0,0,1,1,0,0,0,0,0,alto
1,0.0,0,0.0,3,2,1,1,0,0,0,0,1,1,0,0,0,medio_alto
2,10000.0,192,0.8020833333333334,1,2,1,0,1,0,1,0,0,0,0,0,1,medio_alto
10,10000.0,29,0.7241379310344828,1,3,1,0,0,0,1,1,0,0,0,0,0,gratuito
1,0.0,0,0.0,0,0,1,0,0,0,0,0,0,0,0,0,0,gratuito
1,0.0,0,0.0,4,3,1,0,0,0,1,0,1,1,0,0,0,alto
7,10000.0,4,1.0,1,6,1,0,0,0,1,1,1,1,0,0,1,medio_alto
4,10000.0,0,0.0,5,4,1,0,0,0,1,0,1,1,1,0,0,alto
6,10000.0,0,0.0,1,1,1,0,0,0,0,1,0,0,0,0,0,medio_baixo
1,0.0,0,0.0,0,0,1,0,0,0,0,0,0,0,0,0,0,gratuito
2,10000.0,9,0.3333333333333333,13,4,1,0,0,0,1,1,1,0,1,0,0,medio_alto
4,10000.0,21,0.8095238095238095,5,2,1,0,0,0,1,0,1,0,0,0,0,medio_baixo
1,10000.0,368,0.967391304347826,1,4,1,0,0,1,1,0,0,1,1,0,1,alto
8,10000.0,11,0.09090909090909091,1,3,1,1,1,1,1,1,0,1,0,0,0,medio_baixo
3,0.0,0,0.0,1,2,1,0,0,1,0,0,0,1,0,0,1,gratuito
3,35000.0,241,0.7966804979253111,1,4,1,0,0,5,1,0,0,1,1,0,1,medio_alto
4,10000.0,51,0.6862745098039216,27,1,1,1,0,0,0,0,0,1,0,0,0,gratuito
3,10000.0,0,0.0,18,3,1,0,0,0,1,1,1,0,0,0,0,baixo
1,150000.0,2,0.5,3,3,1,0,0,0,1,1,1,0,0,0,0,medio_baixo
15,7500000.0,317279,0.9484239423346644,9,1,1,0,0,1,0,0,0,0,1,0,0,alto
2,35000.0,187,0.9090909090909091,2,2,1,0,0,0,1,0,0,1,0,0,0,medio_baixo
10,10000.0,26,0.38461538461538464,1,2,1,0,0,0,1,1,0,0,0,0,0,baixo
10,10000.0,32,0.71875,1,2,1,0,0,0,1,0,0,1,0,0,0,medio_baixo
5,10000.0,325,0.96,7,2,1,1,0,1,1,1,0,0,0,0,0,medio_alto
3,75000.0,982,0.7576374745417516,2,2,1,0,0,3,0,0,0,0,0,0,1,medio_alto
9,10000.0,7,0.8571428571428571,1,1,1,1,1,0,0,1,0,0,0,0,0,medio_alto
2,0.0,0,0.0,1,3,1,0,0,0,1,1,0,0,0,0,0,gratuito
3,10000.0,36,0.9444444444444444,2,4,1,0,0,1,1,0,1,0,0,1,0,alto
2,10000.0,1,1.0,3,3,1,0,1,0,1,0,0,1,0,1,0,medio_baixo
1,0.0,0,0.0,13,4,1,0,0,0,1,1,0,1,0,0,0,gratuito
2,10000.0,0,0.0,1,2,1,0,0,0,0,1,0,1,0,0,0,baixo
2,10000.0,5,1.0,1,2,1,0,0,0,0,0,0,1,0,0,1,baixo
4,0.0,0,0.0,2,1,1,0,0,12,0,0,1,0,0,0,0,gratuito
7,150000.0,1413,0.5909412597310687,8,1,1,0,0,35,0,1,0,0,0,0,0,alto
5,10000.0,6,0.5,1,3,1,0,1,0,1,0,1,0,0,0,1,medio_baixo
2,10000.0,143,0.8531468531468531,5,5,1,0,0,0,1,0,1,1,1,1,0,alto
3,35000.0,6,0.8333333333333334,2,2,1,0,0,0,0,1,1,0,0,0,0,medio_baixo
2,350000.0,9173,0.9750354300664995,3,4,1,0,0,0,0,0,1,1,1,0,1,alto
1,10000.0,0,0.0,1,3,1,0,0,0,0,0,1,1,0,0,1,alto
5,75000.0,6,0.8333333333333334,1,2,1,0,0,0,1,0,0,0,0,0,0,medio_baixo
14,75000.0,734,0.9400544959128065,1,2,1,1,1,1,1,0,1,0,0,0,0,baixo
8,10000.0,16,0.875,1,2,1,0,0,0,0,0,0,0,0,0,1,gratuito
7,10000.0,46,0.6086956521739131,29,6,1,1,0,1,1,0,0,1,1,1,1,baixo
1,10000.0,0,0.0,1,5,1,0,0,0,1,0,0,1,0,1,1,alto
5,10000.0,53,0.7924528301886793,3,4,1,0,0,0,1,1,1,0,1,0,0,medio_alto
3,10000.0,44,0.8181818181818182,11,1,1,1,1,0,0,1,0,0,0,0,0,medio_baixo
8,10000.0,7,0.8571428571428571,1,2,1,0,1,0,1,0,0,1,0,0,0,medio_baixo
1,35000.0,69,0.8985507246376812,1,3,1,0,0,0,1,0,0,0,0,0,1,medio_baixo
2,0.0,0,0.0,1,3,1,0,0,1,1,0,1,0,0,0,0,gratuito
2,10000.0,10,0.9,6,5,1,0,0,0,1,1,1,1,1,0,0,medio_baixo
3,10000.0,0,0.0,1,1,1,0,1,0,0,0,0,1,0,0,0,baixo
2,10000.0,1,0.0,2,3,1,0,1,0,1,0,1,0,1,0,0,medio_baixo
3,10000.0,51,0.9607843137254902,1,3,1,0,0,0,1,1,0,1,0,0,0,medio_alto
1,0.0,0,0.0,4,4,1,1,0,0,1,0,1,1,0,0,0,gratuito
4,0.0,0,0.0,11,3,1,0,0,0,1,1,0,0,0,0,1,gratuito
4,10000.0,2,1.0,1,1,1,0,0,0,1,0,0,0,0,0,0,medio_alto
12,350000.0,1355,0.7571955719557195,5,2,1,0,0,0,0,1,0,0,0,1,0,baixo
8,10000.0,15540,0.7116473616473616,12,2,1,1,1,0,0,1,1,0,0,0,0,medio_alto
17,7500000.0,58118,0.9316390791149042,5,1,1,1,0,2,0,1,0,0,0,0,0,alto
1,10000.0,0,0.0,29,2,1,0,0,0,0,0,1,0,0,0,1,alto
10,35000.0,41,0.9512195121951219,1,3,1,1,1,2,1,0,1,0,0,1,0,alto
9,10000.0,34,0.7352941176470589,1,2,1,0,0,0,1,0,0,0,0,1,0,alto
6,10000.0,4,1.0,1,2,1,0,1,0,1,0,0,0,0,1,0,alto
4,10000.0,9,0.6666666666666666,4,1,1,0,0,0,0,0,0,1,0,0,0,medio_alto
7,10000.0,53,0.37735849056603776,1,4,1,0,0,1,1,1,1,1,0,0,0,baixo
1,10000.0,0,0.0,1,4,1,0,0,0,1,1,1,0,0,0,0,baixo
6,10000.0,136,0.8308823529411765,1,3,1,0,1,0,1,1,0,0,0,0,0,gratuito
2,10000.0,20,0.9,4,2,1,0,0,1,1,1,0,0,0,0,0,medio_baixo
1,10000.0,0,0.0,1,4,1,0,0,0,1,0,0,1,1,1,0,baixo
1,0.0,0,0.0,0,0,1,0,0,0,0,0,0,0,0,0,0,gratuito
11,10000.0,23,0.9130434782608695,1,2,1,0,0,0,1,1,0,0,0,0,0,medio_baixo
2,10000.0,5,1.0,2,3,1,0,0,0,1,0,0,0,0,1,0,alto
6,10000.0,25,0.92,8,5,1,0,0,0,1,1,1,0,1,0,0,alto
5,350000.0,1641,0.7891529555149299,13,5,1,0,0,1,1,0,1,0,1,1,1,medio_baixo
9,35000.0,102,0.6372549019607843,14,4,1,0,0,0,1,1,0,1,0,1,0,baixo
7,10000.0,1,0.0,1,6,1,0,0,0,1,1,1,0,1,0,1,alto
1,0.0,0,0.0,1,1,1,0,0,0,1,0,0,0,0,0,0,medio_baixo
2,10000.0,0,0.0,1,3,1,0,0,0,0,1,1,0,0,0,0,medio_baixo
2,10000.0,5,1.0,1,4,1,0,0,0,1,1,1,0,0,0,0,baixo
1,0.0,0,0.0,1,5,1,1,0,0,1,0,0,0,0,1,1,alto
1,0.0,0,0.0,2,6,1,0,0,2,1,1,1,1,1,0,0,gratuito
1,10000.0,0,0.0,1,3,1,0,0,0,0,0,0,1,1,1,0,baixo
1,0.0,0,0.0,0,0,1,0,0,0,0,0,0,0,0,0,0,gratuito
6,35000.0,3,1.0,1,3,1,0,0,0,1,1,0,1,0,0,0,medio_baixo
1,0.0,0,0.0,1,1,1,0,0,0,0,1,0,0,0,0,0,alto
5,150000.0,854,0.9028103044496487,1,5,1,0,0,0,1,1,1,1,0,0,0,gratuito
1,0.0,0,0.0,0,0,1,0,0,0,0,0,0,0,0,0,0,gratuito
13,1500000.0,10025,0.8285286783042394,10,4,1,0,0,4,1,1,1,0,1,0,0,baixo
3,10000.0,13,0.7692307692307693,2,4,1,0,0,0,1,1,1,0,1,0,0,medio_baixo
3,10000.0,1,1.0,1,2,1,0,0,0,0,0,0,0,1,1,0,alto
19,10000.0,57774,0.980025617059577,27,1,1,0,1,2,0,1,0,0,0,0,0,medio_baixo
5,35000.0,350,0.7885714285714286,11,2,1,0,0,2,0,0,0,0,0,0,0,alto
2,0.0,0,0.0,0,0,1,0,0,0,0,0,0,0,0,0,0,gratuito
2,10000.0,68,0.9411764705882353,10,3,1,1,1,0,1,0,1,1,0,0,0,medio_alto
5,150000.0,988,0.6568825910931174,1,4,1,1,1,1,1,0,0,0,0,1,1,medio_alto
8,750000.0,9990,0.724024024024024,7,2,1,0,0,4,0,1,1,0,0,0,0,medio_alto
6,10000.0,1,0.0,1,1,1,0,1,0,1,0,0,0,0,0,0,baixo
1,10000.0,2,1.0,1,2,1,0,1,0,1,0,1,0,0,0,0,medio_baixo
8,10000.0,249,0.8433734939759037,1,2,1,1,1,0,0,0,0,0,0,0,0,gratuito
9,10000.0,5,0.4,1,3,1,1,1,0,1,0,1,0,1,0,0,medio_baixo
2,10000.0,23,0.8695652173913043,1,2,1,1,0,0,1,0,0,1,0,0,0,medio_alto
6,10000.0,5,0.8,13,1,1,0,0,0,1,0,0,0,0,0,0,baixo
1,0.0,0,0.0,0,0,1,0,0,0,0,0,0,0,0,0,0,gratuito
4,10000.0,294,0.9149659863945578,1,4,1,0,0,1,1,1,0,0,0,0,1,alto
7,10000.0,1,0.0,2,1,1,0,0,0,0,0,0,0,0,0,0,medio_alto
1,10000.0,0,0.0,1,2,1,0,0,0,1,0,0,1,0,0,0,baixo
3,10000.0,0,0.0,1,3,1,0,1,0,1,1,0,0,1,0,0,baixo
6,350000.0,3743,0.8429067592839968,13,6,1,1,0,4,1,1,1,1,1,1,0,medio_alto
4,10000.0,4,1.0,1,1,1,1,0,0,0,1,0,0,0,0,0,medio_alto
8,10000.0,0,0.0,1,2,1,0,0,0,1,0,0,1,0,0,0,baixo
4,35000.0,83,0.8674698795180723,1,3,1,0,0,1,1,1,0,1,0,0,0,medio_alto
6,35000.0,160,0.7875,1,5,1,1,0,0,1,0,1,1,0,0,1,gratuito
10,10000.0,188,0.7553191489361702,1,2,1,1,0,1,1,0,1,0,0,0,0,medio_alto
3,10000.0,17,1.0,2,2,1,0,0,0,1,0,0,1,0,0,0,baixo
1,10000.0,0,0.0,12,4,1,0,0,0,1,1,1,0,1,0,0,medio_alto
3,0.0,0,0.0,1,3,1,0,0,0,1,1,1,0,0,0,0,gratuito
4,0.0,0,0.0,1,4,1,0,1,0,1,0,0,1,0,0,1,gratuito
2,10000.0,0,0.0,1,3,1,0,0,0,1,0,1,1,0,0,0,medio_baixo
9,10000.0,108,0.8055555555555556,1,3,1,0,0,0,1,0,1,1,0,0,0,baixo
8,10000.0,1,0.0,1,4,1,0,0,0,1,0,1,1,1,0,0,baixo
2,10000.0,55,0.8909090909090909,2,2,1,0,0,1,0,0,1,1,0,0,0,alto
4,10000.0,25,0.6,1,2,1,0,0,0,0,1,1,0,0,0,0,gratuito
1,0.0,0,0.0,0,0,1,0,0,0,0,0,0,0,0,0,0,gratuito
1,10000.0,17,1.0,2,5,1,0,0,0,1,1,1,1,0,0,0,baixo
1,0.0,0,0.0,0,0,1,0,0,0,0,0,0,0,0,0,0,gratuito
11,75000.0,206,0.6067961165048543,1,2,1,0,0,0,1,1,0,0,0,0,0,medio_baixo
3,10000.0,0,0.0,1,1,1,0,0,0,0,0,0,0,0,0,1,alto
2,75000.0,620,0.7774193548387097,1,3,1,0,0,0,1,1,1,0,0,0,0,medio_alto
3,10000.0,19,0.5263157894736842,1,3,1,0,0,0,1,0,0,1,0,0,0,baixo
7,10000.0,88,0.7840909090909091,1,1,1,1,1,0,0,0,0,0,1,0,0,medio_baixo
3,10000.0,40,0.725,27,3,1,0,0,0,1,0,0,1,0,0,1,baixo
8,10000.0,18,0.8888888888888888,4,3,1,1,0,0,1,0,0,0,1,1,0,medio_alto
1,0.0,0,0.0,103,1,1,0,0,0,0,0,0,0,0,0,1,medio_alto
5,10000.0,21,0.6666666666666666,1,5,1,0,0,0,1,1,1,0,0,0,1,medio_alto
5,75000.0,7,0.8571428571428571,6,3,1,1,1,0,1,0,1,1,0,0,0,medio_baixo
2,10000.0,0,0.0,1,3,1,0,1,0,1,1,0,0,0,0,0,gratuito
1,0.0,0,0.0,5,3,1,0,0,0,1,1,1,0,0,0,0,medio_baixo
4,10000.0,1,1.0,1,3,1,0,0,0,1,0,0,1,0,1,0,medio_baixo
3,10000.0,4,0.75,1,5,1,0,0,1,1,1,1,0,1,0,0,alto
1,10000.0,0,0.0,1,3,1,0,0,0,0,0,1,0,1,0,1,alto
5,35000.0,47,0.7021276595744681,1,3,1,0,0,2,1,0,1,0,1,0,0,baixo
4,0.0,0,0.0,0,0,1,0,0,0,0,0,0,0,0,0,0,gratuito
2,10000.0,0,0.0,4,2,1,0,0,0,0,0,1,0,0,0,1,medio_alto
8,75000.0,452,0.6991150442477876,3,4,1,0,0,1,1,1,1,0,1,0,0,medio_baixo
1,0.0,0,0.0,1,1,1,0,0,0,0,1,0,0,0,0,0,medio_alto
8,10000.0,25,0.84,10,4,1,0,0,0,1,1,1,1,0,0,0,alto
7,10000.0,49,0.5102040816326531,29,3,1,0,0,0,1,0,0,1,0,0,1,baixo
6,10000.0,68,0.8823529411764706,10,2,1,0,0,0,1,0,0,0,0,0,1,baixo
2,0.0,0,0.0,0,0,1,0,0,0,0,0,0,0,0,0,0,gratuito
8,35000.0,130,0.7384615384615385,1,2,1,0,0,0,1,0,0,0,0,0,0,gratuito
5,10000.0,6,0.6666666666666666,1,2,1,0,0,0,1,1,0,0,0,0,0,baixo
1,0.0,0,0.0,1,3,1,0,0,0,1,0,0,0,0,1,0,alto
1,0.0,0,0.0,1,2,1,0,1,0,0,0,0,0,0,0,0,gratuito
5,0.0,0,0.0,2,5,1,0,0,0,0,0,0,0,0,0,0,gratuito
1,10000.0,0,0.0,11,2,1,0,0,0,0,0,1,1,0,0,0,alto
5,10000.0,20,0.9,6,2,1,0,0,1,1,1,0,0,0,0,0,alto
9,10000.0,98,0.7448979591836735,2,3,1,0,0,0,1,0,1,1,0,0,0,baixo
6,10000.0,8,1.0,1,4,1,0,0,0,1,1,1,0,1,0,0,medio_alto
4,10000.0,4,0.5,1,1,1,1,0,0,0,0,0,1,0,0,0,baixo
1,10000.0,7,0.5714285714285714,103,2,1,0,0,0,0,0,0,1,0,1,0,baixo
1,0.0,0,0.0,0,0,1,0,0,0,0,0,0,0,0,0,0,gratuito
2,10000.0,0,0.0,1,2,1,0,0,0,0,1,0,0,1,0,0,baixo
2,10000.0,122,0.5737704918032787,11,5,1,0,0,0,1,1,1,1,0,0,1,alto
3,10000.0,13,1.0,1,2,1,0,0,0,1,0,0,1,0,0,0,baixo
4,10000.0,13,0.7692307692307693,1,3,1,0,0,0,0,1,1,0,0,0,1,baixo
7,10000.0,28,0.7857142857142857,1,4,1,0,0,0,1,1,0,0,0,0,1,medio_baixo
6,10000.0,40,0.6,1,1,1,1,1,0,0,0,0,0,0,0,0,baixo
4,75000.0,9,0.6666666666666666,27,1,1,0,1,0,0,0,0,1,0,0,0,baixo
6,10000.0,0,0.0,2,3,1,0,0,0,1,0,0,0,1,0,1,baixo
2,0.0,0,0.0,0,0,1,0,0,0,0,0,0,0,0,0,0,gratuito
1,0.0,0,0.0,1,1,1,0,0,0,1,0,0,0,0,0,0,baixo
7,10000.0,5,0.2,2,3,1,0,0,0,1,0,0,1,0,1,0,baixo
3,0.0,0,0.0,0,0,1,0,0,0,0,0,0,0,0,0,0,gratuito
3,10000.0,4,1.0,3,4,1,0,0,0,1,1,1,0,0,0,0,baixo
1,10000.0,143,0.9440559440559441,3,6,1,0,0,0,1,0,1,1,1,1,1,medio_alto
3,150000.0,2059,0.8771248178727538,11,2,1,0,0,1,1,1,0,0,0,0,0,alto
7,35000.0,71,0.6619718309859155,2,1,1,0,0,0,0,0,0,0,0,0,0,gratuito
12,35000.0,474,0.5084388185654009,7,1,1,0,0,0,0,0,0,0,0,1,0,baixo
2,10000.0,0,0.0,2,1,1,0,0,0,0,1,0,0,0,0,0,medio_baixo
2,10000.0,1,1.0,1,3,1,0,0,0,1,0,0,1,0,1,0,medio_baixo
4,10000.0,6,0.8333333333333334,1,3,1,0,0,0,1,1,0,0,0,0,0,gratuito
9,10000.0,5,0.6,1,5,1,0,0,0,1,1,0,0,0,0,0,medio_alto
7,10000.0,301,0.7475083056478405,2,4,1,0,0,0,1,0,0,0,1,1,1,alto
1,0.0,0,0.0,7,3,1,0,0,0,1,0,1,1,0,0,0,medio_baixo
4,10000.0,142,0.6971830985915493,8,4,1,1,0,0,1,0,1,1,0,0,1,alto
4,0.0,0,0.0,4,6,1,0,0,0,0,1,0,1,1,0,0,gratuito
2,0.0,0,0.0,0,0,1,0,0,0,0,0,0,0,0,0,0,gratuito
5,10000.0,8,0.5,1,3,1,0,0,0,0,0,0,0,0,1,1,medio_alto
6,10000.0,7,0.14285714285714285,1,4,1,0,0,0,1,1,1,0,1,0,0,baixo
6,10000.0,28,0.8928571428571429,29,3,1,1,0,0,1,1,0,1,0,0,0,baixo
6,750000.0,7387,0.6216325978069581,7,3,1,0,0,0,0,1,1,0,0,0,0,medio_alto
2,10000.0,2,0.5,1,4,1,1,0,0,0,1,1,0,1,1,0,medio_alto
11,10000.0,7,0.7142857142857143,1,3,1,0,1,0,1,1,0,0,1,0,0,medio_baixo
12,35000.0,140,0.22142857142857142,6,2,1,0,0,0,1,1,0,0,0,0,0,medio_alto
5,750000.0,12641,0.6884740131318725,9,2,1,0,0,10,0,0,0,0,0,1,1,medio_alto
3,10000.0,34,0.8529411764705882,1,3,1,0,0,0,1,0,0,0,1,1,0,medio_baixo
1,10000.0,0,0.0,2,4,1,0,0,0,1,0,1,0,0,1,1,medio_baixo
6,10000.0,0,0.0,2,3,1,0,0,0,1,1,1,0,0,0,0,alto
8,35000.0,34,0.5,1,5,1,0,0,0,1,0,0,1,0,0,0,gratuito
15,75000.0,380,0.8131578947368421,1,1,1,1,0,0,0,0,1,0,0,0,0,alto
5,10000.0,3,1.0,2,2,1,0,0,0,1,0,0,1,0,0,0,alto
2,10000.0,0,0.0,12,3,1,1,1,0,0,0,0,1,0,1,1,baixo
2,0.0,0,0.0,2,5,1,0,0,1,1,0,1,1,0,0,0,gratuito
6,35000.0,74,0.8108108108108109,16,3,1,1,0,0,1,0,1,1,0,0,0,alto
2,10000.0,3,1.0,8,2,1,0,0,0,1,0,0,1,0,0,0,medio_alto
5,0.0,0,0.0,1,1,1,0,0,0,0,0,1,0,0,0,0,gratuito
5,0.0,0,0.0,0,0,1,0,0,0,0,0,0,0,0,0,0,gratuito
3,75000.0,24,0.875,1,2,1,0,0,0,1,0,1,0,0,0,0,baixo
9,35000.0,326,0.9662576687116564,1,3,1,0,0,0,1,0,0,1,0,0,1,medio_alto
3,10000.0,0,0.0,9,2,1,0,0,0,1,1,0,0,0,0,0,alto
1,10000.0,5,1.0,1,2,1,0,0,0,0,0,1,0,0,0,0,medio_baixo
1,0.0,0,0.0,1,11,1,0,0,0,1,1,1,1,1,1,1,gratuito
1,10000.0,0,0.0,2,3,1,0,0,0,1,1,1,0,0,0,0,medio_alto
3,0.0,0,0.0,0,0,1,0,0,0,0,0,0,0,0,0,0,gratuito
1,10000.0,2,1.0,2,4,1,1,0,0,1,0,0,1,1,1,0,baixo
4,10000.0,296,0.7601351351351351,14,7,1,1,0,13,0,0,0,0,0,0,0,alto
1,10000.0,3,1.0,1,3,1,1,1,1,1,1,0,0,0,0,0,medio_baixo
1,10000.0,0,0.0,1,2,1,0,0,0,1,0,0,1,0,0,0,alto
5,10000.0,0,0.0,1,2,1,0,0,0,1,0,0,1,0,0,0,baixo
8,10000.0,1,1.0,1,4,1,0,0,0,1,1,1,0,0,1,0,medio_baixo
3,10000.0,0,0.0,1,3,1,0,0,0,1,1,0,0,0,0,0,medio_baixo
4,10000.0,6,0.6666666666666666,1,1,1,0,0,0,0,0,1,0,0,0,0,gratuito
2,10000.0,8,0.875,2,4,1,0,0,0,1,1,1,0,0,0,1,medio_baixo
9,750000.0,76,0.5394736842105263,1,3,1,0,0,0,1,0,0,1,0,0,1,baixo
5,10000.0,32,0.53125,2,4,1,0,0,1,1,0,1,1,1,0,0,medio_baixo
5,75000.0,194,0.9329896907216495,3,1,1,0,0,0,0,1,0,0,0,0,0,gratuito
10,35000.0,676,0.9275147928994083,1,2,1,1,1,1,1,0,1,0,0,0,0,baixo
1,0.0,0,0.0,0,0,1,0,0,0,0,0,0,0,0,0,0,gratuito
4,10000.0,21,0.6666666666666666,2,4,1,1,1,0,1,1,0,1,0,0,0,alto
2,35000.0,105,0.9333333333333333,5,4,1,0,0,0,1,1,1,0,1,0,0,alto
1,10000.0,4,1.0,1,1,1,0,0,0,0,1,0,0,0,0,0,medio_baixo
2,10000.0,1,1.0,1,4,1,0,0,0,0,1,1,0,0,1,1,medio_alto
1,10000.0,244,0.7336065573770492,23,1,1,0,0,0,0,1,0,0,0,0,0,medio_baixo
2,0.0,0,0.0,0,0,1,0,0,0,0,0,0,0,0,0,0,gratuito
1,0.0,0,0.0,0,0,1,0,0,0,0,0,0,0,0,0,0,gratuito
11,10000.0,32,0.71875,3,4,1,1,0,0,1,0,1,1,0,0,1,medio_baixo
17,150000.0,1359,0.8984547461368654,5,1,1,0,0,0,0,0,0,0,0,0,0,medio_baixo
2,0.0,0,0.0,1,2,1,0,0,0,0,0,0,1,0,0,0,gratuito
1,0.0,0,0.0,2,6,1,0,0,0,0,1,1,0,1,1,1,baixo
5,75000.0,52,0.9807692307692307,1,3,1,1,0,0,1,0,1,0,1,0,0,medio_alto
5,10000.0,12,0.9166666666666666,3,2,1,0,0,0,1,1,0,0,0,0,0,alto
10,10000.0,11,0.45454545454545453,1,3,1,0,0,0,1,0,0,0,0,1,1,alto
2,0.0,0,0.0,1,3,1,0,0,0,1,1,0,0,0,0,0,gratuito
1,0.0,0,0.0,0,0,1,0,0,0,0,0,0,0,0,0,0,gratuito
2,75000.0,4,1.0,1,1,1,0,0,0,0,0,1,0,0,0,0,medio_baixo
2,10000.0,82,0.8048780487804879,2,2,1,0,1,0,1,0,0,1,0,0,0,baixo
9,35000.0,1236,0.8438511326860841,2,1,1,0,0,1,0,1,0,0,0,0,0,alto
5,10000.0,0,0.0,103,2,1,0,0,15,1,0,0,1,0,0,0,baixo
1,0.0,0,0.0,4,7,1,0,0,0,1,1,1,1,1,1,0,baixo
3,10000.0,12,1.0,1,3,1,0,0,1,1,0,1,1,0,0,0,medio_baixo
11,10000.0,29,1.0,1,4,1,0,0,1,1,0,1,1,0,0,1,alto
2,10000.0,8,1.0,1,2,1,0,0,0,1,0,0,1,0,0,0,baixo
2,35000.0,10,0.9,3,3,1,0,0,0,1,0,1,1,0,0,0,medio_alto
2,10000.0,0,0.0,2,2,1,0,0,0,1,0,0,1,0,0,0,baixo
5,10000.0,19,0.7368421052631579,2,4,1,0,0,0,1,1,0,1,0,0,0,gratuito
7,10000.0,16,0.625,2,4,1,0,0,0,1,1,0,1,0,0,0,gratuito
5,35000.0,591,0.5076142131979695,1,4,1,0,0,0,1,1,0,0,0,0,0,alto
1,0.0,0,0.0,1,4,1,0,0,0,0,0,1,1,0,1,0,gratuito
3,10000.0,6,0.8333333333333334,13,5,1,0,0,0,1,1,1,1,0,0,1,baixo
2,10000.0,2,1.0,1,2,1,0,0,0,1,0,0,1,0,0,0,medio_baixo
5,10000.0,4,0.75,1,1,1,0,0,0,0,0,0,1,0,0,0,medio_alto
13,350000.0,1219,0.8031173092698933,6,1,1,1,1,0,0,0,0,0,0,1,0,alto
5,10000.0,7,1.0,8,2,1,0,0,0,1,0,0,1,0,0,0,medio_baixo
6,10000.0,188,0.9840425531914894,2,4,1,0,0,2,1,0,1,1,1,0,0,medio_alto
2,10000.0,3,1.0,1,5,1,0,0,0,1,1,1,0,1,0,0,gratuito
3,10000.0,9,0.8888888888888888,5,4,1,0,0,0,1,1,1,1,0,0,0,medio_alto
5,10000.0,4,0.75,2,3,1,0,0,0,1,1,1,0,0,0,0,baixo
8,10000.0,4,1.0,1,2,1,0,0,0,0,0,1,1,0,0,0,medio_alto
1,0.0,0,0.0,1,2,1,0,0,0,0,0,0,0,0,1,0,gratuito
5,35000.0,83,0.9397590361445783,1,4,1,1,1,0,0,0,1,1,1,0,1,medio_baixo
9,10000.0,138,0.8985507246376812,1,3,1,1,1,0,1,0,1,0,1,0,0,medio_alto
2,10000.0,0,0.0,1,3,1,0,0,0,1,0,0,1,0,0,1,baixo
6,150000.0,1367,0.8076079005120702,12,2,1,0,0,0,1,0,0,0,0,0,1,medio_baixo
2,15000000.0,253546,0.8775330709220418,16,4,1,0,0,0,1,1,1,0,0,0,1,alto
6,35000.0,385,0.922077922077922,1,1,1,0,0,1,0,1,0,0,0,0,0,medio_baixo
6,35000.0,488,0.8442622950819673,10,2,1,0,0,0,0,0,0,0,0,1,1,alto
1,0.0,0,0.0,0,0,1,0,0,0,0,0,0,0,0,0,0,gratuito
1,0.0,0,0.0,103,1,1,0,0,0,0,0,0,1,0,0,0,baixo
1,10000.0,0,0.0,1,2,1,1,0,1,0,0,0,0,0,0,1,alto
5,10000.0,9,1.0,1,4,1,0,0,0,1,1,0,1,0,0,0,medio_baixo
5,150000.0,3418,0.5991808074897601,1,2,1,0,0,0,0,1,0,0,0,0,0,alto
2,10000.0,0,0.0,1,7,1,1,1,3,1,0,1,1,1,1,1,alto
1,10000.0,4,0.75,1,2,1,0,0,0,1,0,0,1,0,0,0,baixo
1,0.0,0,0.0,1,2,1,0,0,0,1,1,0,0,0,0,0,medio_baixo
5,10000.0,2,1.0,1,4,1,0,1,0,1,1,1,1,0,0,0,medio_baixo
9,35000.0,41,0.8780487804878049,1,1,1,1,1,0,0,0,0,0,0,1,0,medio_alto
5,10000.0,2,0.5,1,4,1,0,1,0,0,0,0,0,0,0,0,alto
9,10000.0,24,0.25,1,1,1,1,1,0,0,0,0,0,0,1,0,alto
2,35000.0,9,0.6666666666666666,1,4,1,0,0,0,1,1,0,0,0,1,0,medio_alto
3,10000.0,0,0.0,2,3,1,0,0,0,0,0,0,1,0,1,0,medio_baixo
10,75000.0,911,0.27991218441273324,13,3,1,1,0,0,1,1,1,0,0,0,0,baixo
3,10000.0,24,0.8333333333333334,1,3,1,1,0,0,1,0,0,1,1,0,0,baixo
1,10000.0,0,0.0,13,3,1,0,0,1,1,0,0,1,0,0,1,alto
3,10000.0,20,0.9,1,2,1,0,0,0,1,0,0,1,0,0,0,baixo
5,10000.0,8,0.75,103,3,1,0,0,0,1,1,1,0,0,0,0,baixo
6,10000.0,13,0.6153846153846154,1,3,1,0,0,0,1,0,0,0,0,0,1,baixo
3,10000.0,0,0.0,1,1,1,1,0,0,0,0,1,0,0,0,0,medio_alto
12,35000.0,104,0.8365384615384616,13,2,1,0,0,0,0,1,1,0,0,0,0,medio_alto
1,0.0,0,0.0,27,2,1,1,1,0,1,0,0,0,0,0,1,baixo
3,10000.0,10,0.9,1,4,1,0,0,0,0,1,1,1,0,1,0,medio_baixo
2,150000.0,938,0.8400852878464818,2,3,1,0,0,2,0,1,1,0,0,0,0,alto
3,10000.0,10,0.9,2,1,1,0,0,0,0,0,1,0,0,0,0,alto
5,10000.0,5,0.8,2,3,1,0,0,1,1,0,0,1,0,0,0,baixo
7,10000.0,6,0.6666666666666666,1,4,1,0,0,0,1,1,0,0,0,0,1,gratuito
9,1500000.0,36526,0.8392104254503642,1,1,1,0,0,0,0,0,0,0,0,0,1,baixo
2,10000.0,3,0.0,1,4,1,0,0,0,1,1,1,0,1,0,0,baixo
7,10000.0,12,0.5833333333333334,1,1,1,0,0,0,0,0,0,1,0,0,0,medio_baixo
2,0.0,0,0.0,3,5,1,0,0,0,1,0,0,1,1,0,1,gratuito
12,35000.0,114,0.5087719298245614,2,2,1,0,0,0,1,1,0,0,0,0,0,baixo
7,10000.0,14,0.5714285714285714,4,1,1,1,0,0,0,0,0,1,0,0,0,alto
4,10000.0,9,0.6666666666666666,1,2,1,0,0,0,0,0,0,0,0,0,0,alto
2,0.0,0,0.0,0,0,1,0,0,0,0,0,0,0,0,0,0,gratuito
2,10000.0,17,0.7058823529411765,1,2,1,0,0,0,1,0,0,0,0,0,1,alto
6,35000.0,129,0.6201550387596899,11,3,1,0,0,0,0,1,0,1,0,0,0,alto
5,10000.0,3,0.3333333333333333,1,2,1,0,0,0,1,0,0,0,0,1,0,medio_baixo
6,10000.0,2,1.0,12,1,1,0,0,0,0,1,0,0,0,0,0,baixo
3,10000.0,22,1.0,1,5,1,1,0,0,1,1,1,0,1,0,0,alto
2,35000.0,6,1.0,1,5,1,0,0,0,1,1,1,1,0,0,0,medio_alto
1,10000.0,0,0.0,30,3,1,0,0,0,1,0,0,1,0,1,0,alto
2,10000.0,5,0.6,1,4,1,0,0,0,1,1,1,1,0,0,0,baixo
4,10000.0,0,0.0,1,1,1,0,0,0,0,0,1,0,0,0,0,baixo
4,10000.0,0,0.0,3,4,1,0,0,0,1,0,0,1,1,0,1,medio_alto
8,10000.0,251,0.9282868525896414,1,4,1,1,0,0,0,0,0,0,0,0,0,alto
9,150000.0,220,0.6681818181818182,1,5,1,0,0,0,1,1,0,1,0,1,1,baixo
2,10000.0,1,0.0,13,5,1,0,0,0,0,0,0,0,0,0,0,medio_alto
2,0.0,0,0.0,1,2,1,1,0,0,0,1,0,0,0,0,0,gratuito
2,150000.0,2026,0.9012833168805529,6,1,1,0,0,0,0,0,1,0,0,0,0,medio_alto
1,10000.0,0,0.0,1,3,1,0,0,1,1,0,1,1,0,0,0,medio_baixo
2,10000.0,2,1.0,8,2,1,1,0,0,1,1,0,0,0,0,0,medio_alto
7,10000.0,97,0.6597938144329897,3,1,1,0,0,0,1,0,0,0,0,0,0,baixo
1,0.0,0,0.0,2,6,1,0,0,0,1,1,1,1,0,0,1,medio_baixo
3,35000.0,20,0.95,1,1,1,0,0,0,1,0,0,0,0,0,0,baixo
2,10000.0,50,0.94,11,3,1,0,0,0,1,0,1,1,0,0,0,baixo
1,0.0,0,0.0,1,2,1,1,1,0,1,0,1,0,0,0,0,alto
3,10000.0,0,0.0,1,2,1,0,0,2,0,0,0,0,0,0,1,gratuito
1,10000.0,0,0.0,2,6,1,0,0,0,1,1,0,1,0,0,0,gratuito
6,10000.0,258,0.9922480620155039,1,2,1,0,0,1,1,0,0,0,1,0,0,alto
8,10000.0,1,0.0,1,3,1,0,0,0,1,1,0,0,0,1,0,baixo
1,10000.0,0,0.0,1,2,1,0,0,0,0,0,0,0,0,0,0,gratuito
3,10000.0,9,0.3333333333333333,1,3,1,0,0,0,0,0,1,1,0,1,0,medio_baixo
1,10000.0,14,0.9285714285714286,3,3,1,0,0,0,1,0,0,1,0,0,1,medio_baixo
5,10000.0,10,0.9,17,2,1,0,0,0,1,0,0,0,0,0,1,baixo
8,35000.0,77,0.7142857142857143,2,2,1,0,1,2,1,0,1,0,0,0,0,baixo
8,10000.0,7,0.5714285714285714,1,1,1,0,0,0,1,0,0,0,0,0,0,medio_baixo
3,150000.0,470,0.6191489361702127,2,3,1,0,0,2,0,0,0,0,1,1,1,alto
7,10000.0,3,0.3333333333333333,1,2,1,0,0,0,1,0,0,0,0,1,0,medio_alto
9,10000.0,10,1.0,1,2,1,1,0,0,1,1,0,0,0,0,0,medio_baixo
13,350000.0,1042,0.755278310940499,4,4,1,1,0,0,1,0,0,1,1,1,0,alto
1,0.0,0,0.0,8,4,1,1,0,2,1,0,0,0,1,1,0,alto
1,10000.0,0,0.0,1,4,1,0,0,0,1,0,0,0,1,1,0,alto
4,10000.0,0,0.0,2,5,1,0,0,0,1,1,0,1,0,0,1,medio_alto
6,35000.0,547,0.9597806215722121,5,2,1,0,0,0,1,0,0,1,0,0,0,medio_alto
3,35000.0,2,0.0,1,4,1,0,0,0,1,1,0,0,1,1,0,medio_alto
1,10000.0,33,0.8787878787878788,25,3,1,0,0,0,1,0,0,0,0,1,1,alto
2,10000.0,0,0.0,1,5,1,0,0,0,1,1,1,1,1,0,0,medio_alto
2,0.0,0,0.0,103,1,1,0,0,0,0,0,0,1,0,0,0,medio_baixo
9,35000.0,132,0.9166666666666666,27,3,1,1,1,0,1,0,0,1,0,0,1,baixo
1,0.0,0,0.0,12,6,1,0,0,0,1,0,1,1,1,1,0,medio_baixo
7,10000.0,1,1.0,1,1,1,0,0,0,0,0,1,0,0,0,0,medio_alto
9,10000.0,28,0.7142857142857143,4,2,1,1,1,0,0,1,0,0,0,0,0,medio_alto
2,0.0,0,0.0,1,4,1,0,0,0,0,1,1,0,0,0,0,gratuito
8,10000.0,134,0.7388059701492538,1,2,1,0,0,0,1,0,1,0,0,0,0,baixo
12,75000.0,191,0.32460732984293195,2,5,1,1,1,0,1,1,1,1,1,0,0,baixo
3,0.0,0,0.0,7,3,1,1,1,0,0,1,1,1,0,0,0,gratuito
11,75000.0,104,0.6346153846153846,1,5,1,1,1,0,1,1,1,0,1,1,0,medio_alto
1,10000.0,0,0.0,1,2,1,0,0,0,1,1,0,0,0,0,0,baixo
1,10000.0,0,0.0,1,3,1,0,0,3,0,0,1,0,1,0,1,alto
4,10000.0,11,0.8181818181818182,1,2,1,0,0,0,0,0,0,0,0,1,0,gratuito
3,10000.0,126,0.9682539682539683,6,1,1,0,0,1,0,0,0,0,1,0,0,alto
2,0.0,0,0.0,103,9,1,1,1,0,1,1,1,1,1,1,1,alto
2,35000.0,27,0.3333333333333333,1,5,1,0,0,0,0,0,1,1,0,1,1,gratuito
1,10000.0,1,1.0,3,5,1,0,1,0,1,1,1,0,1,0,0,medio_alto
8,10000.0,31,0.6129032258064516,2,3,1,0,0,0,1,1,0,1,0,0,0,medio_alto
12,350000.0,709,0.9040902679830748,5,1,1,0,0,0,0,1,0,0,0,0,0,medio_baixo
2,10000.0,18,0.8888888888888888,2,3,1,0,0,0,1,1,1,0,0,0,0,medio_alto
2,10000.0,1,1.0,19,3,1,0,0,1,1,1,0,0,1,0,0,alto
2,10000.0,0,0.0,1,2,1,0,0,0,1,0,0,1,0,0,0,medio_alto
1,0.0,0,0.0,2,3,1,0,0,0,1,0,1,0,0,0,1,medio_alto
12,10000.0,19,0.47368421052631576,1,4,1,0,0,0,1,0,0,0,0,0,0,medio_baixo
8,10000.0,32,0.8125,1,3,1,0,0,0,1,0,0,1,0,0,1,medio_alto
7,10000.0,2,0.0,3,4,1,0,0,0,1,0,1,1,0,0,0,alto
8,10000.0,183,0.7759562841530054,9,4,1,1,0,1,1,1,1,1,0,0,0,medio_alto
3,10000.0,33,0.8484848484848485,20,3,1,0,0,0,1,1,1,0,0,0,0,medio_baixo
7,10000.0,1,0.0,1,1,1,0,0,0,1,0,0,0,0,0,0,alto
1,0.0,0,0.0,2,3,1,1,1,1,1,0,0,1,0,0,0,gratuito
1,0.0,0,0.0,1,4,1,0,0,0,1,1,0,0,1,0,0,gratuito
9,10000.0,52,0.9423076923076923,1,3,1,1,1,1,1,0,1,0,1,0,0,medio_alto
6,10000.0,101,0.7623762376237624,3,3,1,0,0,0,1,0,1,1,0,0,0,baixo
8,10000.0,20,0.65,7,3,1,1,1,0,1,1,1,0,0,0,0,alto
5,0.0,0,0.0,1,2,1,1,0,0,1,0,0,0,0,0,0,gratuito
6,10000.0,1,0.0,1,3,1,0,0,0,1,0,1,0,0,1,0,alto
8,10000.0,19,0.47368421052631576,4,5,1,0,0,1,1,1,1,1,0,1,0,medio_alto
2,10000.0,5,1.0,1,2,1,1,1,1,1,1,0,0,0,0,0,medio_alto
5,10000.0,26,1.0,1,1,1,0,0,0,0,0,0,1,0,0,0,baixo
7,35000.0,72,0.4027777777777778,1,2,1,0,1,0,0,0,0,0,0,0,1,baixo
10,10000.0,28,0.7857142857142857,1,1,1,0,0,0,1,0,0,0,0,0,0,medio_alto
4,10000.0,10,0.9,1,2,1,0,0,0,0,1,0,1,0,0,0,gratuito
8,10000.0,8,0.75,1,4,1,1,0,0,1,0,0,0,1,1,0,gratuito
2,10000.0,6,0.3333333333333333,1,2,1,0,0,0,0,0,1,0,1,0,0,alto
1,10000.0,0,0.0,9,3,1,1,1,0,1,0,0,1,0,1,0,medio_alto
3,0.0,0,0.0,1,2,1,1,1,1,0,0,0,1,0,0,0,gratuito
4,0.0,0,0.0,1,3,1,0,0,0,0,1,0,1,0,0,0,gratuito
2,10000.0,0,0.0,1,3,1,0,0,0,0,0,0,1,0,1,0,gratuito
5,35000.0,895,0.9396648044692737,6,2,1,0,0,1,1,0,1,0,0,0,0,baixo
5,10000.0,13,0.7692307692307693,103,4,1,0,0,0,1,0,1,1,0,1,0,baixo
5,10000.0,15,0.8,1,2,1,0,0,0,1,0,1,0,0,0,0,gratuito
6,35000.0,6,0.0,1,1,1,0,0,0,0,0,0,1,0,0,0,baixo
2,10000.0,0,0.0,13,5,1,1,1,0,1,0,1,1,1,0,0,gratuito
1,0.0,0,0.0,2,2,1,0,0,0,1,1,0,0,0,0,0,medio_alto
2,10000.0,1,1.0,2,1,1,0,0,0,1,0,0,0,0,0,0,medio_baixo
6,10000.0,136,0.9558823529411765,3,2,1,0,0,0,1,0,0,1,0,0,0,alto
8,10000.0,30,0.5666666666666667,4,3,1,0,0,1,1,0,1,1,0,0,0,medio_baixo
1,0.0,0,0.0,2,3,1,0,0,0,1,1,1,0,0,0,0,alto
12,35000.0,286,0.3706293706293706,6,1,1,0,0,1,0,0,0,0,0,0,1,baixo
2,10000.0,0,0.0,1,4,1,0,0,0,1,1,1,1,0,0,0,medio_alto
2,10000.0,0,0.0,1,1,1,0,0,0,0,0,0,1,0,0,0,alto
1,10000.0,0,0.0,11,1,1,0,0,2,0,0,0,0,0,1,0,alto
4,0.0,0,0.0,1,3,1,1,0,0,1,0,1,0,0,0,1,gratuito
1,0.0,0,0.0,1,5,1,0,0,0,0,0,1,1,0,1,1,gratuito
4,0.0,0,0.0,9,4,1,0,0,0,0,1,0,0,0,1,0,gratuito
7,10000.0,124,0.9354838709677419,29,4,1,0,0,2,1,0,0,1,0,1,0,gratuito
8,35000.0,77,0.42857142857142855,1,2,1,0,0,0,0,0,0,0,0,0,0,gratuito
4,35000.0,225,0.7244444444444444,14,4,1,0,0,0,1,0,0,1,0,1,1,baixo
9,10000.0,104,0.9134615384615384,1,3,1,0,0,1,1,1,1,0,0,0,0,medio_baixo
4,10000.0,100,0.48,11,3,1,0,0,0,1,1,1,0,0,0,0,alto
2,10000.0,6,0.8333333333333334,26,6,1,0,0,0,1,1,0,1,0,1,0,medio_alto
3,10000.0,2,0.5,1,5,1,1,1,0,1,1,0,1,0,0,0,alto
7,10000.0,25,0.52,1,4,1,0,0,1,1,1,1,0,0,0,1,baixo
8,10000.0,28,0.8928571428571429,1,2,1,1,0,0,1,0,0,1,0,0,0,medio_alto
5,10000.0,0,0.0,13,1,1,0,0,0,0,0,0,1,0,0,0,baixo
1,0.0,0,0.0,5,2,1,0,0,0,0,0,0,1,1,0,0,medio_alto
5,10000.0,1,1.0,1,3,1,0,0,0,1,1,1,0,0,0,0,baixo
1,10000.0,1,0.0,2,2,1,0,0,0,0,1,1,0,0,0,0,medio_alto
14,75000.0,423,0.8581560283687943,1,3,1,1,1,0,1,1,1,0,0,0,0,alto
7,35000.0,7,0.8571428571428571,2,4,1,0,0,0,1,0,1,1,1,0,0,medio_baixo
7,10000.0,14,0.8571428571428571,1,3,1,0,0,0,1,1,0,1,0,0,0,alto
6,10000.0,13,0.8461538461538461,1,2,1,0,0,0,1,0,1,0,0,0,0,medio_baixo
12,350000.0,879,0.32081911262798635,27,4,1,1,1,0,1,1,1,1,0,0,0,baixo
9,75000.0,829,0.8347406513872135,13,3,1,0,1,0,1,1,1,0,0,0,0,medio_alto
2,10000.0,3,1.0,1,3,1,0,0,1,1,0,0,1,0,0,1,alto
8,10000.0,3,1.0,1,2,1,0,0,0,1,0,0,1,0,0,0,baixo
5,10000.0,0,0.0,1,1,1,0,0,0,0,0,0,1,0,0,0,medio_alto
1,0.0,0,0.0,1,3,1,0,0,0,1,0,0,1,0,1,0,baixo
5,10000.0,21,0.7619047619047619,7,1,1,0,0,0,1,0,0,0,0,0,0,medio_alto
1,0.0,0,0.0,1,4,1,1,1,0,1,0,0,1,0,0,0,gratuito
1,0.0,0,0.0,1,5,1,1,1,0,1,1,1,1,0,0,0,gratuito
3,10000.0,6,0.5,1,3,1,0,0,0,1,1,1,0,0,0,0,alto
12,10000.0,63,0.6190476190476191,1,2,1,0,0,0,1,1,0,0,0,0,0,medio_alto
7,10000.0,4,1.0,2,4,1,0,0,0,1,1,0,1,0,0,0,medio_alto
9,10000.0,16,0.9375,1,4,1,0,0,2,1,0,1,1,0,0,1,alto
6,10000.0,42,0.7619047619047619,1,3,1,0,0,0,1,1,0,0,0,0,1,baixo
3,10000.0,121,0.6859504132231405,1,6,1,0,0,0,1,0,1,1,1,1,0,gratuito
3,10000.0,96,0.9270833333333334,5,4,1,0,0,1,1,1,1,0,0,1,0,alto
2,10000.0,0,0.0,1,5,1,0,0,0,1,1,1,1,0,0,0,medio_baixo
1,10000.0,0,0.0,2,2,1,0,0,0,1,0,0,1,0,0,0,medio_baixo
4,10000.0,2,0.5,2,3,1,0,0,0,1,1,1,0,0,0,0,baixo
5,0.0,0,0.0,0,0,1,0,0,0,0,0,0,0,0,0,0,gratuito
1,10000.0,1,1.0,1,3,1,0,0,0,1,1,0,0,0,1,0,medio_baixo
1,10000.0,0,0.0,2,4,1,0,0,0,1,0,1,0,1,0,1,medio_alto
1,0.0,0,0.0,1,3,1,0,0,0,1,0,0,1,0,0,1,medio_alto
10,35000.0,556,0.5989208633093526,1,2,1,0,0,1,0,0,0,1,0,0,0,medio_baixo
5,10000.0,0,0.0,1,2,1,0,0,2,1,0,0,1,0,0,0,baixo
1,0.0,0,0.0,2,4,1,0,0,0,1,1,1,0,0,0,0,gratuito
2,10000.0,71,0.9154929577464789,10,3,1,1,0,0,1,1,1,0,0,0,0,medio_baixo
5,10000.0,6,0.16666666666666666,1,3,1,0,0,0,1,1,0,1,0,0,0,baixo
6,10000.0,2,0.0,11,1,1,0,0,0,0,0,0,1,0,0,0,medio_baixo
8,10000.0,108,0.6666666666666666,7,3,1,1,0,2,1,0,1,1,0,0,0,medio_alto
3,10000.0,1,1.0,1,2,1,0,0,0,1,1,0,0,0,0,0,medio_baixo
8,10000.0,3,1.0,1,4,1,0,0,0,1,1,0,1,0,0,1,baixo
1,10000.0,0,0.0,11,2,1,1,0,0,1,0,0,1,0,0,0,medio_alto
9,10000.0,59,0.711864406779661,2,3,1,0,0,0,1,0,1,1,0,0,0,baixo
8,35000.0,1,0.0,1,2,1,0,0,0,1,0,0,1,0,0,0,medio_baixo
10,350000.0,11248,0.9340327169274538,11,3,1,1,1,1,1,1,1,0,0,0,0,medio_alto
3,10000.0,0,0.0,7,2,1,0,0,0,1,1,0,0,0,0,0,medio_alto
8,10000.0,44,0.36363636363636365,1,3,1,0,0,0,1,1,1,0,0,0,0,gratuito
3,10000.0,93,0.8924731182795699,1,1,1,0,0,0,0,0,0,1,0,0,0,medio_alto
6,10000.0,6,1.0,1,2,1,0,0,0,0,1,0,0,0,0,0,alto
8,150000.0,2942,0.950713800135962,1,1,1,0,0,0,0,0,1,0,0,0,0,alto
6,10000.0,12,0.8333333333333334,1,2,1,0,0,0,0,1,0,1,0,0,0,gratuito
9,75000.0,37,0.8108108108108109,1,1,1,0,0,0,0,0,0,0,0,1,0,alto
6,10000.0,12,0.9166666666666666,1,2,1,0,0,0,1,1,0,0,0,0,0,alto
1,10000.0,0,0.0,19,2,1,0,0,0,1,0,0,0,0,0,1,medio_baixo
5,10000.0,0,0.0,1,1,1,0,0,0,1,0,0,0,0,0,0,baixo
2,10000.0,18,0.8888888888888888,1,2,1,0,0,0,0,1,0,0,0,1,0,medio_alto
11,75000.0,94,0.5638297872340425,1,2,1,0,0,0,0,1,0,0,0,1,0,medio_baixo
6,10000.0,1,1.0,1,3,1,0,1,0,1,1,1,0,0,0,0,medio_baixo
9,10000.0,44,0.8181818181818182,2,2,1,0,1,0,1,1,0,0,0,0,0,medio_baixo
2,10000.0,3,0.6666666666666666,0,2,1,0,0,0,1,0,1,0,0,0,0,alto
4,10000.0,3,1.0,1,2,1,0,0,0,1,0,1,0,0,0,0,medio_baixo
2,10000.0,1,0.0,1,2,1,0,0,0,0,0,0,1,1,0,0,medio_baixo
1,10000.0,4,0.75,9,8,1,1,1,0,1,1,1,1,0,1,0,gratuito
1,0.0,0,0.0,2,7,1,0,0,0,0,1,1,0,1,0,1,gratuito
11,10000.0,66,0.45454545454545453,2,3,1,0,0,0,1,0,1,1,0,0,0,medio_alto
4,10000.0,0,0.0,1,2,1,0,0,0,1,0,0,1,0,0,0,baixo
5,35000.0,4,0.5,10,2,1,1,1,0,0,1,1,0,0,0,0,alto
4,10000.0,7,1.0,1,4,1,0,0,0,1,0,0,1,0,0,1,baixo
1,0.0,0,0.0,15,4,1,0,0,0,1,0,0,1,0,0,1,gratuito
5,10000.0,83,0.891566265060241,29,2,1,0,0,0,1,0,0,1,0,0,0,baixo
5,0.0,0,0.0,4,3,1,0,0,0,1,0,0,0,0,0,0,gratuito
7,10000.0,23,0.391304347826087,2,3,1,0,0,0,0,0,1,0,0,0,1,gratuito
3,10000.0,0,0.0,1,3,1,1,0,0,1,0,1,1,0,0,0,alto
1,10000.0,29,0.896551724137931,1,4,1,0,0,0,1,1,1,0,1,0,0,alto
4,10000.0,8,0.375,7,2,1,0,1,0,1,0,1,0,0,0,0,medio_baixo
3,10000.0,3,0.6666666666666666,1,3,1,0,0,0,1,1,1,0,0,0,0,medio_alto
1,10000.0,0,0.0,1,2,1,1,0,1,1,1,0,0,0,0,0,alto
5,10000.0,1,0.0,1,4,1,0,0,0,0,0,0,0,0,0,0,alto
6,10000.0,9,0.8888888888888888,2,6,1,0,0,5,1,0,1,1,1,1,1,alto
4,10000.0,21,1.0,1,5,1,0,0,0,0,1,1,1,0,0,0,medio_alto
8,350000.0,4194,0.9055793991416309,13,4,1,0,0,0,1,1,0,0,1,1,0,medio_alto
2,0.0,0,0.0,0,0,1,0,0,0,0,0,0,0,0,0,0,gratuito
5,10000.0,2,1.0,1,4,1,0,0,0,0,0,0,0,0,0,0,medio_baixo
4,10000.0,33,0.5757575757575758,11,4,1,0,0,0,1,1,1,0,0,0,1,baixo
9,150000.0,390,0.7025641025641025,2,3,1,0,0,0,1,0,1,0,1,0,0,baixo
3,10000.0,37,1.0,1,3,1,1,0,0,0,0,0,0,0,1,1,alto
4,10000.0,21,0.5238095238095238,2,1,1,0,0,0,1,0,0,0,0,0,0,medio_baixo
5,35000.0,19,0.7894736842105263,1,4,1,0,0,0,1,1,1,0,1,0,0,baixo
2,10000.0,59,0.9491525423728814,2,3,1,0,1,0,1,0,1,1,0,0,0,alto
8,350000.0,4396,0.8842129208371247,2,4,1,1,1,1,1,0,1,1,0,0,0,gratuito
9,10000.0,12,0.4166666666666667,5,2,1,0,0,0,1,1,0,0,0,0,0,medio_alto
5,10000.0,44,0.6590909090909091,1,5,1,0,0,0,1,1,0,0,0,0,0,alto
5,75000.0,30,0.7333333333333333,1,4,1,0,0,0,1,0,0,1,0,1,0,baixo
4,35000.0,167,0.32335329341317365,1,5,1,0,0,0,1,0,1,1,1,1,0,baixo
1,10000.0,0,0.0,1,2,1,0,0,0,1,0,0,1,0,0,0,baixo
3,0.0,0,0.0,0,0,1,0,0,0,0,0,0,0,0,0,0,gratuito
10,75000.0,856,0.9030373831775701,2,3,1,1,1,0,1,0,1,1,0,0,0,gratuito
1,10000.0,0,0.0,31,2,1,0,0,0,1,0,0,1,0,0,0,baixo
4,10000.0,19,0.8947368421052632,2,1,1,0,0,0,0,0,0,0,0,0,1,medio_baixo
9,10000.0,8,0.625,2,5,1,0,0,0,1,1,1,0,0,0,1,medio_alto
1,0.0,0,0.0,103,2,1,0,0,0,0,1,1,0,0,0,0,medio_alto
7,350000.0,2767,0.9107336465486086,12,5,1,1,0,6,1,1,0,0,0,0,1,medio_alto
8,10000.0,20,0.55,3,2,1,0,0,0,0,0,1,1,0,0,0,gratuito
3,10000.0,22,0.9090909090909091,3,4,1,1,0,1,1,1,0,1,1,0,0,alto
7,10000.0,23,0.5652173913043478,1,6,1,0,0,0,1,1,1,1,0,0,0,gratuito
1,10000.0,0,0.0,2,6,1,0,0,0,1,1,1,1,0,1,0,baixo
1,10000.0,2,1.0,4,3,1,0,0,3,1,0,0,0,0,1,1,medio_alto
1,0.0,0,0.0,1,6,1,0,0,0,1,0,1,1,0,1,0,gratuito
8,10000.0,34,0.7352941176470589,7,4,1,0,0,0,1,1,1,1,0,0,0,baixo
1,10000.0,195,0.5076923076923077,6,2,1,0,0,10,0,0,0,0,0,0,0,alto
8,35000.0,91,0.5824175824175825,3,2,1,0,0,2,0,1,1,0,0,0,0,gratuito
4,0.0,0,0.0,0,0,1,0,0,0,0,0,0,0,0,0,0,gratuito
1,0.0,0,0.0,1,1,1,0,0,0,0,0,0,1,0,0,0,baixo
1,0.0,0,0.0,1,3,1,1,1,0,1,1,0,0,0,0,0,medio_baixo
2,10000.0,11,0.9090909090909091,9,3,1,0,0,0,1,1,1,0,0,0,0,baixo
2,35000.0,6,1.0,3,1,1,0,1,0,0,0,0,1,0,0,0,baixo
1,10000.0,0,0.0,6,1,1,0,0,0,0,1,0,0,0,0,0,medio_baixo
5,150000.0,556,0.6312949640287769,2,4,1,1,1,1,1,0,1,0,0,1,1,alto
7,10000.0,4,0.5,2,4,1,0,0,0,1,0,0,0,0,1,1,alto
9,10000.0,83,0.6385542168674698,1,2,1,1,1,0,0,1,1,0,0,0,0,gratuito
1,10000.0,6,1.0,2,2,1,1,0,0,0,1,0,0,0,1,0,medio_baixo
1,0.0,0,0.0,0,0,1,0,0,0,0,0,0,0,0,0,0,gratuito
1,10000.0,49,1.0,12,2,1,0,0,0,1,1,0,0,0,0,0,alto
4,35000.0,87,0.896551724137931,1,7,1,0,0,0,0,1,1,1,1,1,1,alto
6,10000.0,26,0.7692307692307693,1,4,1,1,0,0,1,0,1,0,1,1,0,medio_alto
3,0.0,0,0.0,0,0,1,0,0,0,0,0,0,0,0,0,0,gratuito
8,10000.0,66,0.7575757575757576,1,1,1,0,0,0,1,0,0,0,0,0,0,medio_baixo
1,10000.0,6,0.5,1,5,1,0,0,0,1,1,1,0,0,1,0,alto
3,10000.0,12,0.75,9,3,1,0,0,3,1,1,0,0,0,1,0,medio_alto
1,0.0,0,0.0,2,3,1,0,1,0,1,0,0,1,0,0,0,gratuito
5,0.0,0,0.0,1,4,1,0,0,0,1,1,0,0,0,1,0,gratuito
2,10000.0,38,0.5789473684210527,6,4,1,0,0,0,1,0,1,1,0,0,1,medio_alto
2,0.0,0,0.0,0,0,1,0,0,0,0,0,0,0,0,0,0,gratuito
2,10000.0,0,0.0,1,2,1,1,0,0,0,0,1,0,1,0,0,alto
1,0.0,0,0.0,0,0,1,0,0,0,0,0,0,0,0,0,0,gratuito
2,10000.0,115,0.8956521739130435,1,6,1,0,0,0,1,0,1,1,1,1,1,medio_alto
3,10000.0,2,1.0,1,3,1,0,0,0,1,0,0,1,0,1,0,alto
7,10000.0,11,0.6363636363636364,2,1,1,1,0,0,0,0,0,1,0,0,0,medio_alto
4,10000.0,298,0.6409395973154363,6,2,1,0,0,0,0,0,0,0,1,1,0,alto
3,10000.0,15,0.8666666666666667,4,2,1,0,0,0,1,1,0,0,0,0,0,medio_baixo
6,10000.0,12,0.8333333333333334,1,3,1,0,0,1,0,0,0,0,0,0,0,gratuito
3,10000.0,21,0.8095238095238095,1,3,1,0,0,0,1,0,0,1,0,1,0,medio_baixo
5,10000.0,14,0.8571428571428571,1,4,1,0,0,0,1,1,0,1,0,0,0,gratuito
4,75000.0,397,0.7355163727959698,2,5,1,0,0,0,0,1,1,1,1,1,0,baixo
5,10000.0,12,0.3333333333333333,1,2,1,0,0,0,1,0,0,1,0,0,0,baixo
1,0.0,0,0.0,10,3,1,1,1,0,1,0,0,0,0,0,0,medio_alto
1,0.0,0,0.0,1,1,1,1,1,0,0,0,0,0,0,0,0,alto
8,10000.0,13,1.0,1,2,1,0,0,0,1,1,0,0,0,0,0,baixo
1,10000.0,0,0.0,1,3,1,0,0,0,1,0,0,1,0,0,0,medio_alto
6,10000.0,6,0.6666666666666666,1,2,1,0,0,0,0,0,0,1,0,0,1,medio_baixo
2,10000.0,0,0.0,4,3,1,0,0,0,1,0,1,0,0,0,1,alto
1,0.0,0,0.0,1,6,1,0,0,0,0,0,1,1,1,1,1,gratuito
1,10000.0,0,0.0,1,2,1,1,0,0,1,0,0,1,0,0,0,medio_alto
9,10000.0,1,0.0,1,4,1,0,0,0,1,0,0,1,0,0,1,baixo
8,150000.0,2206,0.570716228467815,1,2,1,0,0,0,0,1,0,0,1,0,0,alto
8,10000.0,66,0.5909090909090909,1,3,1,0,0,0,1,1,0,0,0,0,0,baixo
1,10000.0,14,0.7857142857142857,3,3,1,0,0,0,1,0,0,1,0,1,0,medio_alto
4,10000.0,5,1.0,10,2,1,0,0,0,1,0,0,1,0,0,0,baixo
11,35000.0,66,0.6212121212121212,1,2,1,0,0,0,0,0,1,1,0,0,0,baixo
8,10000.0,6,1.0,1,3,1,0,0,0,1,1,0,1,0,0,0,medio_baixo
7,10000.0,143,0.5664335664335665,1,4,1,0,0,0,1,0,0,0,1,1,0,gratuito
1,0.0,0,0.0,1,3,1,0,0,0,1,1,0,0,0,0,0,medio_baixo
2,10000.0,37,0.918918918918919,2,2,1,0,0,1,1,0,1,0,0,0,0,baixo
10,10000.0,26,1.0,1,1,1,0,0,0,0,1,0,0,0,0,0,medio_baixo
1,10000.0,0,0.0,10,2,1,0,0,1,1,0,1,0,0,0,0,alto
1,0.0,0,0.0,0,0,1,0,0,0,0,0,0,0,0,0,0,gratuito
7,10000.0,15,0.8666666666666667,1,2,1,1,1,0,1,1,0,0,0,0,0,alto
2,10000.0,0,0.0,1,3,1,1,1,0,1,0,1,1,0,0,0,alto
5,10000.0,1,1.0,1,7,1,0,0,0,1,1,1,1,0,0,1,baixo
2,0.0,0,0.0,0,0,1,0,0,0,0,0,0,0,0,0,0,gratuito
1,10000.0,0,0.0,7,2,1,0,0,0,0,0,1,0,1,0,0,alto
8,10000.0,27,0.8148148148148148,3,4,1,0,0,0,1,1,1,0,0,0,0,alto
7,10000.0,81,0.9876543209876543,1,2,1,0,0,0,1,0,0,1,0,0,0,baixo
2,10000.0,25,0.68,1,2,1,0,0,0,1,0,1,0,0,0,0,medio_baixo
3,10000.0,0,0.0,1,1,1,0,0,0,1,0,0,0,0,0,0,medio_alto
4,10000.0,30,0.9666666666666667,3,3,1,0,0,0,1,1,1,0,0,0,0,baixo
9,10000.0,97,0.7835051546391752,1,3,1,1,1,1,1,1,1,0,0,0,0,medio_alto
5,10000.0,33,0.8787878787878788,1,2,1,0,0,1,1,1,0,0,0,0,0,baixo
2,10000.0,3,1.0,1,4,1,0,0,0,0,1,1,1,1,0,0,baixo
11,10000.0,8,0.5,1,1,1,0,0,0,0,1,0,0,0,0,0,medio_alto
8,10000.0,15,0.26666666666666666,1,3,1,0,0,0,1,1,0,1,0,0,0,medio_baixo
7,10000.0,131,0.732824427480916,1,2,1,1,1,0,1,0,0,0,0,0,0,gratuito
6,75000.0,2293,0.9755778456170955,8,1,1,0,0,1,0,0,0,1,0,0,0,baixo
3,10000.0,0,0.0,2,3,1,0,0,0,1,0,0,1,1,0,0,medio_alto
4,10000.0,18,0.6666666666666666,1,2,1,0,1,0,0,0,1,0,0,0,0,gratuito
1,10000.0,0,0.0,8,3,1,0,0,0,0,0,0,1,0,1,0,baixo
1,10000.0,240,0.9916666666666667,3,1,1,1,1,2,1,0,0,0,0,0,0,medio_baixo
1,0.0,0,0.0,1,2,1,1,1,3,1,0,1,0,0,0,0,alto
4,35000.0,11,0.9090909090909091,5,2,1,0,0,0,1,0,0,1,0,0,0,medio_alto
7,10000.0,35,0.8285714285714286,1,5,1,0,0,0,1,0,1,1,1,0,1,medio_baixo
5,0.0,0,0.0,7,4,1,0,0,0,1,0,0,0,1,1,0,gratuito
7,10000.0,15,0.4666666666666667,1,2,1,0,0,0,1,0,0,1,0,0,0,baixo
9,10000.0,121,0.628099173553719,1,3,1,0,0,0,0,0,1,0,0,1,1,medio_alto
6,10000.0,4,0.75,2,4,1,0,0,0,1,1,0,1,0,0,0,medio_alto
5,10000.0,51,0.9215686274509803,1,3,1,0,0,0,1,0,0,1,0,1,0,medio_alto
9,10000.0,151,0.7947019867549668,5,2,1,0,0,0,0,0,0,0,0,1,1,alto
3,10000.0,33,1.0,5,2,1,0,0,0,0,0,1,0,0,0,1,alto
1,10000.0,26,1.0,2,3,1,0,0,0,1,1,0,1,0,0,0,alto
2,10000.0,10,0.8,6,2,1,0,0,0,1,0,1,0,0,0,0,medio_alto
4,35000.0,13,0.8461538461538461,1,1,1,0,0,0,0,1,0,0,0,0,0,gratuito
3,10000.0,16,0.875,21,3,1,0,0,0,0,0,0,1,0,1,0,alto
11,75000.0,206,0.8203883495145631,1,2,1,1,1,0,1,0,0,1,0,0,0,baixo
4,0.0,0,0.0,0,0,1,0,0,0,0,0,0,0,0,0,0,gratuito
2,35000.0,11,0.45454545454545453,12,2,1,0,0,0,1,1,0,0,0,0,0,medio_baixo
3,10000.0,6,1.0,2,3,1,0,1,0,1,1,1,0,0,0,0,medio_alto
12,750000.0,4803,0.6637518217780554,20,2,1,1,1,1,1,1,0,0,0,0,0,gratuito
1,0.0,0,0.0,1,3,1,0,0,0,0,1,1,0,0,0,0,gratuito
2,10000.0,33,0.5757575757575758,3,5,1,0,0,0,1,0,1,1,1,0,0,gratuito
1,10000.0,0,0.0,4,2,1,0,1,0,1,0,1,0,0,0,0,medio_alto
5,35000.0,7,0.2857142857142857,3,1,1,0,0,0,0,0,1,0,0,0,0,medio_baixo
10,10000.0,5,0.0,2,3,1,0,0,0,0,0,0,0,0,0,1,medio_alto
5,10000.0,2,1.0,1,2,1,0,0,0,1,0,0,0,0,1,0,medio_baixo
11,10000.0,71,0.4647887323943662,1,1,1,0,1,0,0,1,0,0,0,0,0,baixo
9,35000.0,77,0.6623376623376623,2,3,1,1,1,0,1,0,0,0,1,1,0,gratuito
1,0.0,0,0.0,1,1,1,0,0,0,0,0,0,1,0,0,0,medio_alto
3,10000.0,0,0.0,1,1,1,0,1,0,0,0,0,1,0,0,0,medio_alto
8,75000.0,173,0.37572254335260113,1,3,1,0,0,0,1,0,1,0,0,0,1,gratuito
11,35000.0,411,0.8661800486618005,15,2,1,0,0,0,0,0,1,1,0,0,0,baixo
2,10000.0,1,1.0,1,2,1,0,0,0,1,0,0,0,0,0,0,medio_alto
1,10000.0,347,0.9135446685878963,4,2,1,0,0,0,0,0,1,1,0,0,0,alto
5,0.0,0,0.0,0,0,1,0,0,0,0,0,0,0,0,0,0,gratuito
1,0.0,0,0.0,0,0,1,0,0,0,0,0,0,0,0,0,0,gratuito
10,35000.0,97,0.7319587628865979,1,3,1,0,0,0,1,1,0,0,0,0,0,gratuito
3,0.0,0,0.0,0,0,1,0,0,0,0,0,0,0,0,0,0,gratuito
3,10000.0,17,0.8235294117647058,1,1,1,1,1,0,0,1,0,0,0,0,0,medio_alto
4,0.0,0,0.0,8,4,1,1,1,0,1,0,0,0,0,1,1,gratuito
16,10000.0,52,0.4807692307692308,5,2,1,0,0,0,0,0,0,1,1,0,0,medio_baixo
5,75000.0,918,0.9139433551198257,1,3,1,0,1,0,1,1,1,0,0,0,0,alto
3,10000.0,46,0.6956521739130435,11,4,1,0,0,2,1,1,1,0,0,0,0,medio_alto
8,10000.0,1,1.0,1,4,1,1,1,0,1,1,0,1,0,1,0,medio_alto
2,10000.0,0,0.0,1,1,1,0,0,0,0,0,0,1,0,0,0,medio_alto
1,0.0,0,0.0,1,2,1,0,0,1,1,0,0,0,0,0,1,medio_alto
7,10000.0,68,0.5735294117647058,1,3,1,1,0,0,1,0,0,0,0,1,1,medio_baixo
1,10000.0,23,1.0,1,2,1,0,0,0,1,0,0,0,0,1,0,baixo
5,75000.0,299,0.7692307692307693,2,5,1,0,0,1,1,0,1,1,1,0,1,baixo
8,10000.0,30,0.5666666666666667,1,3,1,0,0,0,1,1,1,0,0,0,0,baixo
7,10000.0,39,0.4358974358974359,1,3,1,0,0,0,1,0,1,1,0,0,0,gratuito
8,10000.0,3,0.6666666666666666,1,4,1,0,0,0,1,1,1,1,0,0,0,medio_baixo
1,0.0,0,0.0,0,0,1,0,0,0,0,0,0,0,0,0,0,gratuito
3,10000.0,3,1.0,3,2,1,1,0,0,0,0,1,1,0,0,0,medio_alto
3,0.0,0,0.0,1,8,1,0,0,0,1,0,1,1,1,0,1,gratuito
3,10000.0,0,0.0,1,4,1,0,0,2,1,0,1,0,0,0,1,gratuito
3,10000.0,0,0.0,1,6,1,0,0,0,1,1,1,1,0,1,0,gratuito
11,350000.0,3864,0.9244306418219461,1,3,1,1,1,1,1,1,0,0,0,0,0,medio_baixo
1,0.0,0,0.0,1,4,1,0,0,1,1,1,1,0,0,0,0,gratuito
7,35000.0,766,0.6945169712793734,5,6,1,0,0,0,1,1,0,0,1,0,1,medio_baixo
5,10000.0,9,1.0,1,4,1,1,0,0,1,1,1,0,0,0,0,medio_alto
2,10000.0,1,0.0,2,4,1,0,0,1,0,1,1,1,1,0,0,medio_alto
5,350000.0,35,0.7142857142857143,1,3,1,0,0,0,0,0,0,1,0,1,1,baixo
5,10000.0,1,0.0,1,2,1,0,0,0,1,0,0,0,0,0,0,alto
5,10000.0,56,0.5714285714285714,1,4,1,0,0,0,1,0,1,1,0,0,1,baixo
1,10000.0,31,1.0,1,3,1,1,0,0,1,1,1,0,0,0,0,medio_alto
12,350000.0,561,0.696969696969697,1,2,1,0,0,0,1,1,0,0,0,0,0,baixo
7,10000.0,6,0.8333333333333334,1,3,1,0,0,0,1,1,0,1,0,0,0,baixo
11,10000.0,39,0.8717948717948718,1,3,1,1,1,0,1,0,0,1,0,0,1,medio_alto
3,10000.0,1,1.0,1,2,1,0,0,0,1,0,0,0,0,0,1,medio_baixo
5,10000.0,46,0.9130434782608695,1,2,1,0,0,0,1,0,0,1,0,0,0,baixo
1,0.0,0,0.0,4,4,1,0,0,0,1,0,1,1,0,1,0,alto
1,0.0,0,0.0,0,0,1,0,0,0,0,0,0,0,0,0,0,gratuito
3,0.0,0,0.0,0,0,1,0,0,0,0,0,0,0,0,0,0,gratuito
13,150000.0,868,0.4827188940092166,1,3,1,0,0,0,1,1,1,0,0,0,0,alto
4,35000.0,7,0.7142857142857143,1,2,1,0,0,0,1,1,0,0,0,0,0,alto
2,10000.0,9,1.0,1,1,1,0,0,0,0,1,0,0,0,0,0,medio_alto
3,10000.0,158,0.6772151898734177,1,2,1,1,1,0,1,0,1,0,0,0,0,alto
6,10000.0,13,0.8461538461538461,6,4,1,0,0,1,1,1,1,1,0,0,0,medio_baixo
1,10000.0,0,0.0,2,3,1,0,0,0,1,1,0,0,0,1,0,medio_alto
5,150000.0,17,0.8235294117647058,30,3,1,1,1,0,1,1,0,0,0,0,0,medio_alto
2,10000.0,0,0.0,1,2,1,0,1,0,1,0,0,1,0,0,0,medio_baixo
9,35000.0,142,0.7323943661971831,1,2,1,0,0,0,1,1,0,0,0,0,0,gratuito
12,150000.0,1996,0.905811623246493,1,2,1,1,0,0,1,0,1,0,0,0,0,medio_alto
2,10000.0,0,0.0,1,3,1,1,1,0,1,0,0,1,1,0,0,medio_alto
5,10000.0,0,0.0,1,4,1,0,0,0,1,0,0,0,0,0,0,alto
1,10000.0,0,0.0,1,1,1,0,0,0,0,1,0,0,0,0,0,alto
1,10000.0,1,1.0,3,4,1,0,0,0,1,1,0,1,0,0,0,medio_alto
11,35000.0,529,0.7485822306238186,10,2,1,1,1,1,1,1,0,0,0,0,0,medio_baixo
2,10000.0,57,0.8596491228070176,1,2,1,0,0,0,1,0,0,1,0,0,0,medio_alto
1,0.0,0,0.0,0,0,1,0,0,0,0,0,0,0,0,0,0,gratuito
16,1500000.0,9446,0.8974168960406521,1,2,1,1,0,0,0,0,0,1,0,0,0,gratuito
1,0.0,0,0.0,1,2,1,0,0,0,0,1,0,0,0,0,0,gratuito
3,0.0,0,0.0,0,0,1,0,0,0,0,0,0,0,0,0,0,gratuito
2,10000.0,10,0.9,1,4,1,0,0,0,1,0,0,1,0,1,0,gratuito
2,10000.0,0,0.0,1,4,1,0,0,0,1,1,1,0,0,0,0,medio_alto
3,0.0,0,0.0,0,0,1,0,0,0,0,0,0,0,0,0,0,gratuito
4,0.0,0,0.0,1,3,1,0,0,0,1,1,0,0,0,1,0,gratuito
2,10000.0,0,0.0,1,3,1,0,0,0,0,0,1,0,0,0,1,gratuito
1,0.0,0,0.0,12,3,1,0,0,0,0,0,1,1,0,0,0,gratuito
1,0.0,0,0.0,13,2,1,0,1,0,1,0,0,1,0,0,0,medio_baixo
4,35000.0,2,1.0,2,2,1,0,0,0,0,1,0,1,0,0,0,baixo
2,0.0,0,0.0,1,2,1,0,0,0,0,1,1,0,0,0,0,gratuito
1,10000.0,0,0.0,2,4,1,0,0,0,1,1,1,0,1,0,0,medio_baixo
8,10000.0,21,0.47619047619047616,1,1,1,0,0,0,0,1,0,0,0,0,0,gratuito
1,10000.0,0,0.0,1,3,1,0,0,0,1,0,0,1,0,0,1,baixo
9,75000.0,89,0.9101123595505618,1,5,1,0,0,0,1,1,1,1,0,0,0,gratuito
3,0.0,0,0.0,0,0,1,0,0,0,0,0,0,0,0,0,0,gratuito
4,350000.0,4168,0.6300383877159309,7,2,1,0,0,6,0,1,0,1,0,0,0,alto
7,10000.0,269,0.8698884758364313,1,3,1,0,0,1,1,0,1,1,0,0,0,medio_baixo
3,0.0,0,0.0,9,4,1,0,0,0,1,0,0,0,0,1,0,gratuito
5,10000.0,14,0.8571428571428571,1,1,1,1,0,0,0,0,1,0,0,0,0,alto
7,10000.0,110,0.8363636363636363,1,2,1,1,0,1,1,0,1,0,0,0,0,medio_alto
3,10000.0,24,0.6666666666666666,22,2,1,0,0,0,0,0,1,1,0,0,0,baixo
1,10000.0,0,0.0,1,3,1,0,0,0,0,1,1,0,1,0,0,alto
6,10000.0,4,1.0,1,3,1,0,0,0,1,1,0,0,0,0,1,medio_alto
1,0.0,0,0.0,0,0,1,0,0,0,0,0,0,0,0,0,0,gratuito
2,10000.0,2,1.0,1,4,1,0,0,0,1,1,0,1,0,0,0,gratuito
4,0.0,0,0.0,1,8,1,0,0,0,1,1,1,1,1,1,0,gratuito
7,10000.0,0,0.0,1,1,1,0,0,0,0,1,0,0,0,0,0,medio_alto
3,10000.0,64,0.9375,1,4,1,0,0,0,1,1,0,1,0,1,0,medio_baixo
1,0.0,0,0.0,1,5,1,0,0,0,1,0,1,0,1,0,0,gratuito
1,0.0,0,0.0,2,3,1,0,0,0,1,0,1,0,1,0,0,alto
5,35000.0,832,0.9651442307692307,1,4,1,0,0,3,1,1,1,1,0,0,0,medio_alto
7,10000.0,4,1.0,1,3,1,0,1,0,1,1,0,1,0,0,0,medio_baixo
3,0.0,0,0.0,18,3,1,1,0,0,0,0,0,1,0,1,0,gratuito
9,10000.0,99,0.8787878787878788,1,7,1,0,0,2,1,1,1,1,0,1,1,baixo
4,10000.0,10,0.8,1,2,1,0,0,0,1,0,0,0,0,0,1,medio_alto
3,10000.0,0,0.0,1,2,1,0,0,0,0,1,1,0,0,0,0,medio_baixo
1,0.0,0,0.0,8,3,1,0,0,0,0,0,0,1,0,0,1,medio_baixo
5,10000.0,27,0.6296296296296297,1,3,1,0,0,0,1,0,0,0,0,0,0,baixo
12,150000.0,723,0.7344398340248963,2,2,1,0,0,0,0,0,0,0,1,1,0,medio_baixo
5,10000.0,0,0.0,1,2,1,1,0,0,0,1,0,1,0,0,0,baixo
3,0.0,0,0.0,0,0,1,0,0,0,0,0,0,0,0,0,0,gratuito
1,75000.0,33,0.8181818181818182,7,4,1,0,0,0,1,1,0,1,1,0,0,medio_alto
1,10000.0,100,0.82,7,3,1,0,1,0,1,0,1,0,1,0,0,alto
3,10000.0,6,1.0,1,4,1,0,0,0,1,1,0,1,0,0,0,medio_baixo
2,10000.0,156,0.8205128205128205,6,2,1,0,0,0,1,1,0,0,0,0,0,medio_alto
1,10000.0,0,0.0,1,2,1,0,0,0,1,1,0,0,0,0,0,alto
3,10000.0,86,0.7790697674418605,10,2,1,0,0,2,1,0,0,0,0,0,1,medio_baixo
12,75000.0,386,0.917098445595855,1,3,1,0,0,0,1,1,1,0,0,0,0,medio_baixo
1,10000.0,12,0.75,9,2,1,0,0,0,1,0,1,0,0,0,0,alto
2,0.0,0,0.0,1,7,1,0,0,0,0,1,1,1,0,1,1,gratuito
2,10000.0,73,0.8493150684931506,1,3,1,0,0,0,1,0,0,0,0,1,1,medio_baixo
4,10000.0,19,0.8947368421052632,4,3,1,0,0,0,1,0,0,0,0,0,1,medio_baixo
7,10000.0,6,0.8333333333333334,1,2,1,0,0,0,1,0,0,1,0,0,0,baixo
1,10000.0,0,0.0,1,4,1,0,0,0,1,0,1,0,0,1,1,alto
3,10000.0,34,0.7647058823529411,4,3,1,0,0,0,1,0,1,1,0,0,0,alto
1,10000.0,135,0.725925925925926,3,2,1,1,0,0,0,0,1,1,0,0,0,alto
7,10000.0,1,0.0,29,3,1,0,0,0,1,1,0,0,0,0,0,baixo
5,10000.0,4,1.0,1,4,1,0,0,0,1,0,1,0,0,1,1,baixo
2,10000.0,6,1.0,1,5,1,0,0,0,1,0,1,1,0,0,1,baixo
6,10000.0,15,0.6666666666666666,1,5,1,0,0,0,1,0,0,1,1,1,0,gratuito
2,10000.0,15,1.0,9,3,1,1,1,0,1,1,0,1,0,0,0,medio_alto
1,0.0,0,0.0,12,3,1,0,0,0,1,0,0,1,0,0,1,medio_alto
9,75000.0,331,0.7643504531722054,27,2,1,0,0,0,1,1,0,0,0,0,0,medio_alto
1,10000.0,0,0.0,3,3,1,0,1,0,1,0,0,1,0,0,1,medio_alto
4,150000.0,6,0.16666666666666666,1,5,1,0,0,0,1,1,1,1,0,1,0,baixo
10,10000.0,65,0.38461538461538464,2,5,1,1,0,0,1,0,0,0,0,0,1,medio_alto
2,75000.0,1346,0.8803863298662704,5,2,1,0,0,1,1,0,1,0,0,0,0,alto
1,10000.0,0,0.0,4,4,1,0,0,0,1,0,0,1,0,0,1,medio_alto
2,10000.0,9,0.1111111111111111,0,3,1,0,0,0,1,1,0,1,0,0,0,alto
3,10000.0,1,0.0,1,2,1,0,1,0,0,1,1,0,0,0,0,alto
6,10000.0,17,0.8823529411764706,1,2,1,1,1,1,1,1,0,0,0,0,0,medio_alto
1,10000.0,0,0.0,15,4,1,0,0,0,1,1,1,0,1,0,0,medio_alto
3,10000.0,22,0.9545454545454546,1,2,1,0,1,0,1,0,0,0,0,1,0,alto
1,0.0,0,0.0,0,0,1,0,0,0,0,0,0,0,0,0,0,gratuito
5,35000.0,1,1.0,1,2,1,1,0,0,0,1,0,1,0,0,0,medio_alto
2,10000.0,1,1.0,1,2,1,0,0,0,0,0,0,0,0,1,1,medio_baixo
10,1500000.0,14853,0.9301824547229516,14,3,1,1,1,3,1,0,0,0,0,1,1,medio_baixo
11,75000.0,152,0.9144736842105263,1,1,1,0,0,0,1,0,0,0,0,0,0,medio_baixo
2,10000.0,14,1.0,7,4,1,0,0,0,0,1,0,1,0,0,0,medio_alto
5,350000.0,3393,0.8240495137046862,10,3,1,0,0,0,1,0,1,0,0,0,1,medio_baixo
9,10000.0,65,0.5384615384615384,1,5,1,0,0,7,1,1,0,1,0,0,0,gratuito
12,150000.0,531,0.559322033898305,1,1,1,0,0,0,0,1,0,0,0,0,0,medio_baixo
1,10000.0,0,0.0,4,2,1,0,0,0,0,0,1,1,0,0,0,medio_alto
6,10000.0,15,1.0,1,4,1,0,0,0,1,1,0,1,0,0,0,medio_baixo
5,10000.0,66,0.5303030303030303,1,4,1,0,0,0,1,1,0,0,1,0,0,medio_alto
8,10000.0,37,0.32432432432432434,1,3,1,0,0,0,1,1,0,0,0,0,1,baixo
3,10000.0,9,0.8888888888888888,9,3,1,1,1,0,1,0,1,1,0,0,0,baixo
1,10000.0,2,0.5,3,1,1,1,0,0,0,0,0,0,0,0,1,baixo
1,10000.0,5,0.8,1,2,1,0,0,0,0,1,0,0,0,0,0,medio_alto
2,0.0,0,0.0,1,2,1,0,0,1,0,1,1,0,0,0,0,gratuito
3,10000.0,23,1.0,1,4,1,1,1,0,1,1,1,1,0,0,0,alto
11,150000.0,1297,0.9591364687740941,11,2,1,1,1,0,0,0,1,1,0,0,0,medio_alto
3,10000.0,7,0.42857142857142855,2,3,1,0,0,0,1,0,0,0,1,1,0,alto
1,10000.0,0,0.0,1,1,1,0,0,0,0,0,0,1,0,0,0,alto
5,10000.0,26,0.9230769230769231,1,1,1,0,0,0,1,0,0,0,0,0,0,gratuito
5,10000.0,203,0.7142857142857143,2,4,1,1,1,0,1,1,0,1,0,0,0,medio_baixo
6,10000.0,0,0.0,9,3,1,0,0,1,1,1,1,0,0,0,0,medio_baixo
1,0.0,0,0.0,33,5,1,0,0,0,1,1,1,1,1,0,0,medio_baixo
5,750000.0,3995,0.9276595744680851,10,4,1,0,1,1,1,1,0,1,0,1,0,medio_alto
11,10000.0,5,0.6,1,5,1,1,1,0,1,1,1,1,0,0,0,alto
2,1500000.0,11676,0.8602261048304214,14,3,1,1,0,6,0,0,1,0,1,1,0,alto
4,75000.0,8,0.5,1,4,1,0,0,0,1,0,1,1,0,0,1,medio_baixo
1,0.0,0,0.0,1,3,1,0,0,0,1,0,1,0,0,0,0,gratuito
2,75000.0,5,0.8,1,2,1,0,0,0,1,0,1,0,0,0,0,medio_alto
9,10000.0,3,1.0,1,3,1,1,1,1,1,1,0,1,0,0,0,alto
6,10000.0,46,0.7608695652173914,1,2,1,1,1,1,1,0,1,0,0,0,0,medio_baixo
4,10000.0,8,0.125,9,2,1,0,1,0,1,0,0,1,0,0,0,medio_alto
1,10000.0,0,0.0,1,3,1,0,0,0,1,1,1,0,0,0,0,medio_alto
1,0.0,0,0.0,103,1,1,1,1,1,0,0,0,1,0,0,0,baixo
1,10000.0,0,0.0,1,3,1,1,0,0,0,0,1,0,1,1,0,alto
1,35000.0,206,0.7572815533980582,5,2,1,0,0,0,1,0,0,0,0,1,0,alto
5,150000.0,749,0.6328437917222964,3,3,1,0,0,4,1,0,0,1,0,0,0,gratuito
7,10000.0,21,0.19047619047619047,29,4,1,0,1,0,1,1,0,0,0,0,1,medio_alto
8,35000.0,386,0.7823834196891192,6,3,1,0,0,0,0,1,1,0,0,0,0,medio_baixo
3,350000.0,2149,0.5267566309911587,1,2,1,0,0,1,0,0,0,0,1,0,0,medio_alto
1,10000.0,0,0.0,1,4,1,0,0,0,1,1,1,0,1,0,0,baixo
2,10000.0,2,1.0,8,2,1,1,1,0,0,0,0,1,0,0,0,baixo
5,10000.0,133,0.8947368421052632,1,3,1,0,0,2,1,1,0,0,0,1,0,baixo
12,10000.0,28,0.14285714285714285,1,3,1,1,0,0,1,0,1,1,0,0,0,medio_baixo
1,10000.0,0,0.0,2,1,1,0,0,0,0,0,1,0,0,0,0,medio_alto
1,0.0,0,0.0,2,3,1,0,0,0,1,1,0,0,0,0,0,gratuito
1,10000.0,28,0.8214285714285714,11,1,1,0,0,0,0,0,1,0,0,0,0,medio_alto
1,0.0,0,0.0,1,1,1,1,1,0,0,0,0,1,0,0,0,medio_alto
1,0.0,0,0.0,0,0,1,0,0,0,0,0,0,0,0,0,0,gratuito
3,10000.0,0,0.0,1,4,1,1,0,0,1,0,0,1,1,0,0,gratuito
9,10000.0,16,0.9375,1,2,1,0,0,0,1,0,1,0,0,0,0,baixo
7,10000.0,11,0.36363636363636365,9,3,1,0,0,0,1,1,1,0,0,0,0,alto
7,10000.0,4,0.25,2,1,1,0,0,0,0,0,0,0,1,0,0,medio_baixo
8,10000.0,24,0.8333333333333334,27,2,1,0,0,0,1,0,0,1,0,0,0,baixo
1,0.0,0,0.0,1,2,1,0,0,0,0,1,0,1,0,0,0,medio_alto
10,10000.0,43,0.5348837209302325,1,3,1,1,1,1,1,0,0,0,0,1,1,medio_alto
3,10000.0,3,0.3333333333333333,3,4,1,0,0,0,1,0,1,0,1,0,1,medio_baixo
8,10000.0,2,1.0,1,5,1,0,0,0,1,1,1,0,1,0,0,medio_baixo
3,0.0,0,0.0,0,0,1,0,0,0,0,0,0,0,0,0,0,gratuito
4,10000.0,203,0.9408866995073891,1,5,1,0,1,0,1,1,0,0,0,1,1,medio_baixo
3,10000.0,11,0.8181818181818182,3,2,1,1,0,0,0,0,1,1,0,0,0,medio_alto
11,150000.0,108,0.75,1,4,1,0,0,0,1,0,1,1,1,0,0,baixo
2,10000.0,3,1.0,1,5,1,0,0,0,1,1,1,0,1,1,0,medio_alto
1,10000.0,7,0.7142857142857143,3,1,1,0,0,0,0,0,1,0,0,0,0,alto
8,75000.0,1489,0.8784419073203492,13,3,1,1,0,3,1,1,1,0,0,0,0,medio_alto
1,10000.0,1,1.0,10,3,1,0,0,0,1,1,0,0,0,0,0,gratuito
3,0.0,0,0.0,1,4,1,0,0,0,1,1,0,1,0,0,0,gratuito
1,0.0,0,0.0,24,3,1,0,0,2,1,1,1,0,0,0,0,alto
1,10000.0,0,0.0,1,2,1,0,0,0,1,0,1,0,0,0,0,alto
8,150000.0,1927,0.9122989102231448,1,2,1,0,0,0,1,1,0,0,0,0,0,alto
10,10000.0,365,0.947945205479452,1,3,1,0,0,0,1,1,0,1,0,0,0,medio_baixo
1,10000.0,0,0.0,3,3,1,0,1,0,1,0,1,0,0,1,0,baixo
1,0.0,0,0.0,0,0,1,0,0,0,0,0,0,0,0,0,0,gratuito
5,10000.0,1,1.0,1,4,1,1,1,0,1,1,1,1,0,0,0,baixo
3,0.0,0,0.0,0,0,1,0,0,0,0,0,0,0,0,0,0,gratuito
3,10000.0,3,0.6666666666666666,1,4,1,0,0,0,1,0,1,1,1,0,0,medio_baixo
2,0.0,0,0.0,0,0,1,0,0,0,0,0,0,0,0,0,0,gratuito
11,350000.0,5291,0.8852768852768853,12,2,1,1,1,1,1,0,0,1,0,0,0,medio_baixo
1,10000.0,0,0.0,13,3,1,0,0,0,0,0,0,1,0,0,1,alto
3,10000.0,7,0.7142857142857143,1,4,1,0,0,0,1,0,0,1,0,0,1,alto
5,0.0,0,0.0,0,0,1,0,0,0,0,0,0,0,0,0,0,gratuito
1,10000.0,0,0.0,1,1,1,0,0,0,1,0,0,0,0,0,0,alto
4,10000.0,143,0.6993006993006993,14,5,1,0,0,0,1,1,1,0,1,0,0,baixo
4,0.0,0,0.0,1,3,1,0,0,0,1,0,1,0,1,0,0,gratuito
6,10000.0,9,0.7777777777777778,1,3,1,0,0,0,1,0,0,1,0,0,0,alto
2,10000.0,68,0.8088235294117647,1,1,1,0,0,0,0,0,0,0,0,1,0,alto
9,350000.0,4958,0.9473578055667607,6,2,1,1,1,1,0,0,1,0,1,0,0,medio_alto
1,0.0,0,0.0,1,3,1,0,0,0,1,1,0,1,0,0,0,alto
1,10000.0,0,0.0,15,6,1,1,1,0,1,1,1,1,1,0,1,medio_baixo
2,0.0,0,0.0,0,0,1,0,0,0,0,0,0,0,0,0,0,gratuito
6,10000.0,176,0.9090909090909091,1,4,1,0,0,1,1,1,0,1,0,0,0,gratuito
1,0.0,0,0.0,0,0,1,0,0,0,0,0,0,0,0,0,0,gratuito
12,35000.0,49,0.8163265306122449,1,2,1,0,0,0,0,0,1,1,0,0,0,medio_alto
2,10000.0,0,0.0,1,4,1,0,0,0,1,1,0,0,1,1,0,medio_alto
4,10000.0,4,1.0,1,2,1,1,0,0,1,0,0,0,0,1,0,alto
8,10000.0,66,0.3939393939393939,6,3,1,0,0,0,0,1,1,0,1,0,0,medio_baixo
3,10000.0,0,0.0,1,3,1,1,1,0,1,0,0,1,0,0,1,baixo
1,10000.0,4,1.0,7,2,1,0,0,0,1,0,0,1,0,0,0,medio_baixo
1,0.0,0,0.0,0,0,1,0,0,0,0,0,0,0,0,0,0,gratuito
4,10000.0,256,0.9296875,1,2,1,1,0,2,1,0,1,0,0,0,0,alto
2,10000.0,4,1.0,2,2,1,0,0,0,1,1,0,0,0,0,0,baixo
7,350000.0,1419,0.9492600422832981,1,4,1,1,1,0,1,1,1,0,0,0,0,gratuito
2,10000.0,10,1.0,1,3,1,0,0,0,1,1,1,0,0,0,0,alto
9,35000.0,182,0.6373626373626373,4,3,1,1,0,0,1,0,1,0,1,0,0,medio_baixo
2,10000.0,2,1.0,1,3,1,0,0,0,1,0,1,1,0,0,0,baixo
2,0.0,0,0.0,0,0,1,0,0,0,0,0,0,0,0,0,0,gratuito
5,10000.0,9,0.7777777777777778,2,3,1,0,0,0,1,0,0,0,0,1,0,alto
1,10000.0,12,1.0,9,2,1,0,0,0,1,0,0,1,0,0,0,baixo
7,10000.0,34,0.5882352941176471,1,3,1,1,0,0,1,0,1,1,0,0,0,medio_baixo
2,10000.0,2,1.0,12,1,1,0,0,0,1,0,0,0,0,0,0,baixo
5,10000.0,9,1.0,1,2,1,0,0,0,1,0,0,1,0,0,0,baixo
2,10000.0,6,0.3333333333333333,1,2,1,0,0,0,1,0,1,0,0,0,0,medio_baixo
4,35000.0,86,0.813953488372093,1,2,1,1,0,0,1,0,0,0,0,1,0,medio_alto
4,35000.0,1205,0.8348547717842324,9,2,1,0,0,0,1,1,0,0,0,0,0,alto
6,35000.0,135,0.5407407407407407,10,2,1,0,0,0,1,1,0,0,0,0,0,medio_alto
2,10000.0,0,0.0,2,1,1,0,0,0,1,0,0,0,0,0,0,baixo
12,10000.0,73,0.7123287671232876,1,3,1,1,0,0,1,1,0,0,1,0,0,medio_alto
1,10000.0,0,0.0,1,3,1,0,0,0,1,1,0,1,0,0,0,alto
1,0.0,0,0.0,1,4,1,0,1,0,1,0,0,1,0,1,0,gratuito
9,350000.0,608,0.5049342105263158,1,2,1,1,1,0,1,1,0,0,0,0,0,baixo
4,0.0,0,0.0,1,4,1,0,0,2,1,0,1,1,0,0,0,gratuito
2,10000.0,7,0.5714285714285714,2,3,1,1,1,0,1,0,0,1,0,1,0,medio_alto
2,10000.0,2,1.0,1,2,1,0,0,0,1,0,0,1,0,0,0,baixo
3,0.0,0,0.0,0,0,1,0,0,0,0,0,0,0,0,0,0,gratuito
2,10000.0,38,0.8947368421052632,3,2,1,0,0,0,1,0,1,0,0,0,0,medio_alto
1,10000.0,3,0.6666666666666666,1,5,1,0,0,0,1,1,1,1,0,0,0,medio_alto
8,10000.0,107,0.6728971962616822,5,1,1,1,1,1,1,0,0,0,0,0,0,alto
5,35000.0,241,0.8423236514522822,10,0,1,0,0,0,0,0,0,0,0,0,0,medio_alto
11,35000.0,34,0.6764705882352942,1,2,1,1,1,0,1,0,1,0,0,0,0,medio_alto
2,10000.0,4,1.0,1,3,1,0,0,0,1,1,0,1,0,0,0,medio_baixo
1,10000.0,0,0.0,1,1,1,0,0,0,0,0,0,1,0,0,0,medio_alto
6,75000.0,1,1.0,1,2,1,0,1,1,1,0,1,0,0,0,0,medio_alto
9,750000.0,15071,0.7214517948377679,13,2,1,0,0,5,1,0,0,0,0,0,1,medio_baixo
7,10000.0,77,0.8831168831168831,1,2,1,0,0,0,1,1,0,0,0,0,0,gratuito
11,35000.0,97,0.7525773195876289,1,2,1,0,0,0,1,1,0,0,0,0,0,medio_baixo
8,10000.0,24,0.4166666666666667,2,3,1,0,0,1,1,0,0,1,0,0,1,baixo
8,10000.0,21,0.6190476190476191,1,2,1,0,0,0,1,1,0,0,0,0,0,gratuito
9,10000.0,26,0.9615384615384616,1,3,1,0,0,0,1,0,1,1,0,0,0,medio_baixo
3,75000.0,190,1.0,1,4,1,0,0,2,1,0,1,1,1,0,0,medio_baixo
9,35000.0,3,1.0,1,3,1,1,0,0,0,0,0,0,0,1,0,medio_alto
1,0.0,0,0.0,1,2,1,0,0,0,1,0,0,0,0,0,1,medio_baixo
11,75000.0,557,0.933572710951526,1,2,1,1,0,0,1,0,1,0,0,0,0,medio_baixo
2,10000.0,24,0.625,2,2,1,0,0,0,0,1,1,0,0,0,0,baixo
1,10000.0,0,0.0,7,2,1,0,0,0,1,0,1,0,0,0,0,alto
3,35000.0,8,1.0,1,1,1,0,0,0,0,0,1,0,0,0,0,baixo
4,0.0,0,0.0,1,2,1,1,0,0,1,0,0,1,0,0,0,gratuito
1,0.0,0,0.0,1,4,1,0,0,0,1,1,0,0,0,0,1,gratuito
3,10000.0,12,0.9166666666666666,1,2,1,0,0,0,1,0,0,1,0,0,0,baixo
1,0.0,0,0.0,0,0,1,0,0,0,0,0,0,0,0,0,0,gratuito
4,0.0,0,0.0,2,2,1,0,0,0,1,0,0,1,0,0,0,gratuito
3,1500000.0,3293,0.8824779836015791,9,1,1,1,1,3,0,0,0,0,0,1,0,alto
4,10000.0,35,0.45714285714285713,1,4,1,0,0,0,1,1,0,0,0,1,1,medio_baixo
2,0.0,0,0.0,2,2,1,0,0,0,1,1,0,0,0,0,0,gratuito
1,0.0,0,0.0,3,2,1,1,0,0,0,0,1,1,0,0,0,medio_alto
1,0.0,0,0.0,1,2,1,0,0,0,1,1,0,0,0,0,0,medio_alto
2,10000.0,0,0.0,4,4,1,0,0,0,1,0,1,1,0,0,1,medio_alto
2,10000.0,5,0.8,2,2,1,0,0,0,0,1,0,0,0,0,0,gratuito
1,10000.0,0,0.0,7,4,1,1,1,0,1,0,0,0,1,1,0,alto
4,10000.0,0,0.0,103,5,1,0,0,0,1,0,1,1,1,0,1,baixo
3,10000.0,11,1.0,1,2,1,0,0,0,1,0,0,1,0,0,0,baixo
2,10000.0,18,0.8333333333333334,11,1,1,0,0,0,0,0,1,0,0,0,0,medio_alto
4,10000.0,13,1.0,1,4,1,1,0,0,1,1,0,1,0,1,0,baixo
2,10000.0,61,1.0,3,7,1,1,1,0,1,1,1,1,0,1,1,baixo
5,350000.0,3658,0.7854018589393111,16,2,1,0,0,11,0,1,1,0,0,0,0,medio_alto
7,10000.0,5,0.8,1,3,1,0,0,0,1,1,1,0,0,0,0,medio_baixo
4,10000.0,1,1.0,3,2,1,0,0,0,1,0,1,0,0,0,0,medio_baixo
4,10000.0,6,0.3333333333333333,4,2,1,0,0,0,0,0,1,1,0,0,0,medio_baixo
2,75000.0,133,0.39849624060150374,5,3,1,0,0,0,1,0,1,0,1,0,0,alto
12,35000.0,42,0.6904761904761905,1,3,1,1,0,0,1,1,0,0,0,0,0,medio_alto
5,10000.0,9,1.0,1,3,1,0,0,0,1,0,0,0,0,1,1,baixo
8,35000.0,34,0.38235294117647056,1,4,1,0,0,0,1,0,1,1,0,0,1,baixo
6,35000.0,863,0.9629200463499421,2,3,1,0,0,0,1,0,1,1,0,0,0,medio_baixo
4,10000.0,5,0.8,1,6,1,0,0,0,1,1,1,1,1,0,0,medio_baixo
4,35000.0,24,0.6666666666666666,3,2,1,0,0,0,1,0,1,0,0,0,0,gratuito
7,75000.0,404,0.8465346534653465,1,6,1,0,0,0,1,0,1,1,1,1,0,gratuito
1,10000.0,87,0.8735632183908046,1,5,1,0,0,1,1,1,1,1,0,0,1,medio_baixo
3,10000.0,0,0.0,1,2,1,0,0,0,0,0,0,0,0,0,1,alto
1,10000.0,0,0.0,1,3,1,0,0,0,1,1,0,0,1,0,0,medio_baixo
4,10000.0,0,0.0,1,2,1,1,0,0,1,0,1,0,0,0,0,alto
4,0.0,0,0.0,1,4,1,0,0,0,1,0,1,1,0,0,0,gratuito
1,0.0,0,0.0,1,4,1,0,0,0,1,1,0,1,0,0,0,medio_alto
3,10000.0,3,0.6666666666666666,10,3,1,0,0,0,1,0,0,1,0,0,0,baixo
8,35000.0,1,0.0,2,5,1,0,0,0,1,1,1,0,1,1,0,gratuito
5,0.0,0,0.0,1,3,1,1,0,0,1,1,1,0,0,0,0,gratuito
1,10000.0,0,0.0,1,5,1,0,0,0,1,1,1,1,0,1,0,medio_baixo
1,10000.0,0,0.0,1,2,1,0,0,0,1,0,1,0,0,0,0,baixo
9,10000.0,234,0.6923076923076923,1,4,1,0,0,0,1,1,1,0,0,0,0,alto
5,35000.0,337,0.7270029673590505,4,3,1,0,0,7,1,0,0,0,0,1,0,gratuito
5,10000.0,4,0.25,1,5,1,0,0,0,0,1,0,1,0,0,1,medio_baixo
8,35000.0,339,0.7669616519174042,5,5,1,1,0,0,1,0,1,1,1,0,0,medio_alto
5,0.0,0,0.0,0,0,1,0,0,0,0,0,0,0,0,0,0,gratuito
3,75000.0,1070,0.8514018691588785,1,2,1,0,0,0,0,1,0,0,0,0,0,gratuito
1,10000.0,7,0.8571428571428571,1,4,1,0,0,0,1,1,1,0,1,0,0,alto
5,10000.0,17,0.7647058823529411,1,4,1,0,0,0,1,0,0,1,0,1,1,baixo
3,10000.0,124,0.8387096774193549,3,3,1,0,0,1,1,0,0,1,0,0,1,medio_baixo
4,150000.0,895,0.9508379888268157,6,3,1,1,1,2,1,1,0,0,0,0,0,medio_alto
9,75000.0,158,0.6962025316455697,5,1,1,1,0,0,0,0,0,0,0,1,0,baixo
1,0.0,0,0.0,13,1,1,0,0,0,1,0,0,0,0,0,0,medio_baixo
2,10000.0,1,1.0,3,1,1,1,1,0,0,0,0,1,0,0,0,medio_alto
2,35000.0,38,0.868421052631579,4,2,1,0,0,0,0,0,1,0,1,0,0,medio_alto
2,0.0,0,0.0,0,0,1,0,0,0,0,0,0,0,0,0,0,gratuito
4,10000.0,2,1.0,1,4,1,0,0,0,1,0,0,1,0,1,1,baixo
8,35000.0,63,0.6825396825396826,1,5,1,1,0,0,1,1,0,1,0,0,0,gratuito
6,10000.0,8,1.0,1,1,1,1,1,0,0,0,0,1,0,0,0,baixo
3,10000.0,66,0.8939393939393939,1,2,1,0,0,0,1,0,0,0,0,1,0,medio_alto
6,35000.0,2,1.0,8,5,1,0,0,0,1,1,1,0,0,1,1,baixo
7,10000.0,12,0.9166666666666666,1,2,1,0,0,0,0,0,0,1,0,0,0,gratuito
5,10000.0,2,0.5,1,1,1,0,0,0,0,0,0,0,1,0,0,medio_baixo
3,0.0,0,0.0,1,3,1,0,0,0,1,0,0,0,1,0,0,gratuito
1,0.0,0,0.0,1,4,1,0,0,0,1,1,1,0,0,0,0,gratuito
2,0.0,0,0.0,0,0,1,0,0,0,0,0,0,0,0,0,0,gratuito
6,10000.0,15,0.4666666666666667,8,3,1,0,0,0,1,0,1,1,0,0,0,medio_baixo
6,35000.0,545,0.7761467889908257,3,6,1,0,0,1,1,0,1,1,1,1,1,baixo
15,35000.0,229,0.7729257641921398,1,3,1,0,0,0,1,0,0,1,0,1,0,baixo
3,10000.0,0,0.0,1,1,1,0,0,0,0,1,0,0,0,0,0,medio_alto
1,0.0,0,0.0,0,0,1,0,0,0,0,0,0,0,0,0,0,gratuito
11,10000.0,21,0.8095238095238095,4,2,1,1,1,0,1,0,0,1,0,0,0,alto
4,75000.0,238,0.8529411764705882,7,4,1,1,1,1,1,0,1,0,0,0,1,gratuito
6,10000.0,4,1.0,1,3,1,0,1,0,1,1,0,1,0,0,0,medio_alto
2,10000.0,57,0.8070175438596491,16,3,1,0,0,0,1,0,1,0,1,0,0,alto
5,35000.0,238,0.8865546218487395,1,2,1,1,0,1,1,1,0,0,0,0,0,medio_alto
3,10000.0,8,0.75,1,2,1,0,0,0,1,1,0,0,0,0,0,medio_alto
4,10000.0,9,0.8888888888888888,1,1,1,0,0,0,0,0,0,1,0,0,0,gratuito
5,75000.0,9,0.8888888888888888,1,5,1,0,0,0,1,0,0,1,1,0,1,baixo
5,10000.0,20,1.0,2,2,1,0,0,1,1,0,0,1,0,0,0,baixo
6,10000.0,8,0.75,1,2,1,0,0,0,1,0,0,1,0,0,0,medio_baixo
3,10000.0,15,0.7333333333333333,1,4,1,0,0,0,1,1,0,1,0,0,1,medio_alto
4,10000.0,139,0.8489208633093526,2,1,1,0,0,0,1,0,0,0,0,0,0,medio_alto
4,10000.0,350,0.94,5,2,1,1,0,1,1,0,1,0,0,0,0,medio_alto
8,10000.0,2,1.0,2,2,1,0,0,0,1,1,0,0,0,0,0,medio_alto
2,10000.0,18,0.5,18,3,1,0,0,0,0,1,1,0,0,0,0,alto
2,10000.0,5,1.0,1,2,1,1,1,0,0,0,0,1,0,0,0,medio_baixo
8,350000.0,884,0.6097285067873304,1,2,1,0,0,0,0,0,0,0,0,0,0,gratuito
5,10000.0,16,0.6875,4,4,1,0,0,0,1,1,1,1,0,0,0,medio_baixo
5,10000.0,222,0.8063063063063063,5,4,1,0,0,0,1,1,1,0,1,0,0,medio_baixo
1,0.0,0,0.0,1,6,1,0,0,0,1,1,1,1,0,1,0,gratuito
1,0.0,0,0.0,1,4,1,0,0,0,1,1,0,0,0,1,0,alto
14,3500000.0,57076,0.8658630597799425,10,1,1,0,0,0,0,1,0,0,0,0,0,medio_alto
2,10000.0,4,0.25,1,3,1,0,1,0,1,1,1,0,0,0,0,baixo
6,10000.0,27,0.8518518518518519,6,2,1,0,0,1,1,0,1,0,0,0,0,alto
2,10000.0,8,0.75,1,3,1,0,0,0,1,0,0,1,0,0,1,medio_alto
2,0.0,0,0.0,1,3,1,0,0,0,1,0,1,0,0,0,0,gratuito
1,10000.0,0,0.0,1,1,1,0,0,0,0,0,0,1,0,0,0,medio_baixo
4,10000.0,29,0.9655172413793104,1,3,1,1,0,0,1,1,0,0,0,0,0,alto
2,0.0,0,0.0,0,0,1,0,0,0,0,0,0,0,0,0,0,gratuito
3,10000.0,36,0.8611111111111112,2,2,1,0,0,0,0,1,0,1,0,0,0,gratuito
1,10000.0,106,0.9905660377358491,3,3,1,0,0,0,1,0,0,0,0,0,1,alto
9,35000.0,61,0.9016393442622951,27,2,1,0,0,0,1,0,0,1,0,0,0,medio_alto
8,10000.0,123,0.959349593495935,3,4,1,0,0,0,1,1,1,1,0,0,0,medio_alto
4,10000.0,6,0.8333333333333334,2,3,1,0,0,0,1,0,0,1,0,0,0,alto
7,10000.0,9,0.8888888888888888,1,5,1,0,0,0,1,0,1,0,0,1,1,medio_alto
5,35000.0,56,0.6785714285714286,1,3,1,0,0,0,1,0,1,0,1,0,0,medio_alto
2,10000.0,0,0.0,2,1,1,0,0,6,0,0,0,0,0,0,1,alto
4,10000.0,0,0.0,1,3,1,0,0,0,1,0,1,1,0,0,0,baixo
1,10000.0,1,1.0,1,3,1,0,1,0,1,0,1,1,0,0,0,baixo
1,10000.0,0,0.0,1,2,1,0,0,0,1,0,0,1,0,0,0,baixo
3,10000.0,2,0.5,1,3,1,0,0,0,1,1,0,0,1,0,0,baixo
8,10000.0,58,0.5689655172413793,3,3,1,0,0,1,1,0,0,1,0,0,1,baixo
7,75000.0,1507,0.5321831453218314,6,2,1,0,0,1,0,1,0,0,1,0,0,alto
9,10000.0,8,0.75,1,3,1,1,1,0,1,0,1,0,1,0,0,medio_alto
5,0.0,0,0.0,0,0,1,0,0,0,0,0,0,0,0,0,0,gratuito
3,0.0,0,0.0,1,3,1,0,0,1,1,0,1,1,0,0,0,gratuito
10,75000.0,215,0.8,8,3,1,0,1,0,1,0,1,1,0,0,0,baixo
9,10000.0,95,0.3894736842105263,1,4,1,0,0,0,1,1,1,0,0,0,1,baixo
7,75000.0,238,0.8697478991596639,1,5,1,0,0,0,1,1,1,1,0,0,0,gratuito
5,10000.0,3,0.3333333333333333,1,4,1,0,0,0,1,0,1,1,0,0,1,alto
1,0.0,0,0.0,2,5,1,0,0,0,1,0,1,1,0,1,1,medio_alto
2,0.0,0,0.0,1,2,1,1,0,0,1,0,0,0,1,0,0,gratuito
9,10000.0,99,0.8383838383838383,6,2,1,0,0,1,1,0,1,0,0,0,0,alto
2,10000.0,2,0.5,19,1,1,0,0,0,1,0,0,0,0,0,0,medio_baixo
1,0.0,0,0.0,0,0,1,0,0,0,0,0,0,0,0,0,0,gratuito
2,0.0,0,0.0,0,0,1,0,0,0,0,0,0,0,0,0,0,gratuito
7,10000.0,10,0.7,1,5,1,0,0,0,1,1,1,1,0,0,1,baixo
1,0.0,0,0.0,1,3,1,0,0,1,0,0,1,0,1,0,0,gratuito
3,0.0,0,0.0,5,4,1,0,0,2,1,0,0,1,1,0,0,gratuito
4,10000.0,17,0.8235294117647058,1,4,1,1,0,0,1,1,1,0,1,0,0,baixo
9,10000.0,3,0.0,1,4,1,0,0,0,1,1,1,1,0,0,0,baixo
3,10000.0,0,0.0,1,4,1,0,0,2,0,0,0,1,1,0,1,alto
7,10000.0,14,0.9285714285714286,4,3,1,1,0,0,1,0,1,1,0,0,0,medio_baixo
5,10000.0,0,0.0,30,2,1,0,0,0,0,1,1,0,0,0,0,medio_alto
2,10000.0,1,1.0,1,2,1,1,1,1,1,0,1,0,0,0,0,medio_baixo
2,10000.0,5,1.0,1,1,1,0,0,0,0,1,0,0,0,0,0,medio_baixo
2,35000.0,0,0.0,1,8,1,0,0,1,1,1,1,0,1,1,1,alto
1,10000.0,2,1.0,1,2,1,0,0,0,0,1,0,1,0,0,0,medio_alto
4,350000.0,6065,0.9576257213520197,10,3,1,0,0,0,0,1,0,0,0,1,1,alto
1,75000.0,1785,0.9546218487394958,8,1,1,0,0,0,0,0,0,0,1,0,0,alto
1,0.0,0,0.0,1,3,1,0,0,0,1,0,0,1,0,0,0,gratuito
6,35000.0,620,0.7580645161290323,7,1,1,0,1,3,0,1,0,0,0,0,0,alto
1,10000.0,17,1.0,2,4,1,0,0,0,1,0,1,1,0,0,1,alto
1,10000.0,8,1.0,1,4,1,0,0,0,1,0,0,1,0,1,1,medio_baixo
5,10000.0,5,0.8,1,3,1,0,0,0,1,1,1,0,0,0,0,medio_baixo
2,10000.0,20,0.95,1,1,1,0,0,0,0,0,1,0,0,0,0,baixo
2,10000.0,80,0.925,4,2,1,0,0,0,1,0,1,0,0,0,0,medio_baixo
1,10000.0,0,0.0,1,3,1,0,0,0,1,1,0,0,0,1,0,medio_alto
4,10000.0,26,0.7307692307692307,12,3,1,0,0,0,1,1,1,0,0,0,0,baixo
2,10000.0,2,1.0,1,4,1,0,0,0,0,0,1,1,0,0,1,alto
5,10000.0,34,0.7647058823529411,2,4,1,1,0,2,1,1,1,0,1,0,0,medio_baixo
1,10000.0,0,0.0,1,2,1,0,0,0,0,0,1,0,1,0,0,medio_alto
1,0.0,0,0.0,103,4,1,0,0,0,0,0,0,0,0,0,0,baixo
7,35000.0,13,0.6923076923076923,1,8,1,0,0,2,1,1,1,1,1,1,1,baixo
1,35000.0,2,1.0,1,2,1,0,1,0,1,0,0,1,0,0,0,medio_baixo
10,150000.0,1430,0.8090909090909091,5,5,1,0,0,1,1,0,1,0,1,1,0,alto
8,10000.0,0,0.0,1,3,1,1,0,0,1,0,0,0,0,1,0,medio_alto
9,10000.0,19,0.42105263157894735,1,3,1,1,1,1,1,1,0,1,0,0,0,baixo
1,0.0,0,0.0,103,6,1,0,0,0,1,0,1,1,1,1,1,baixo
3,10000.0,16,0.875,1,3,1,1,0,0,1,0,1,0,0,1,0,alto
2,0.0,0,0.0,0,0,1,0,0,0,0,0,0,0,0,0,0,gratuito
2,35000.0,64,0.625,8,1,1,0,0,0,0,0,0,0,0,0,1,alto
3,75000.0,1643,0.8892270237370663,7,2,1,0,0,1,1,0,1,0,0,0,0,alto
3,0.0,0,0.0,0,0,1,0,0,0,0,0,0,0,0,0,0,gratuito
6,10000.0,15,0.8,1,1,1,0,0,0,0,1,0,0,0,0,0,medio_alto
4,75000.0,15,0.7333333333333333,1,6,1,0,0,0,1,1,1,1,1,1,0,gratuito
8,10000.0,1,1.0,1,4,1,0,0,0,0,0,0,0,0,0,0,alto
1,10000.0,0,0.0,20,4,1,0,0,0,1,1,0,0,0,0,0,medio_alto
9,35000.0,228,0.7763157894736842,1,2,1,0,0,14,0,0,0,0,1,1,0,medio_alto
1,0.0,0,0.0,1,5,1,0,0,0,1,0,1,0,1,0,1,gratuito
5,0.0,0,0.0,1,4,1,0,0,0,1,1,0,0,0,0,0,gratuito
2,10000.0,7,1.0,1,1,1,0,0,0,0,0,1,0,0,0,0,medio_alto
6,35000.0,11,0.7272727272727273,1,1,1,0,0,0,0,0,0,1,0,0,0,medio_baixo
2,10000.0,19,0.6842105263157895,4,2,1,0,0,2,0,0,1,0,1,0,0,alto
1,10000.0,0,0.0,15,3,1,0,0,0,1,1,0,0,0,0,0,medio_baixo
2,10000.0,0,0.0,1,2,1,0,0,0,1,0,1,0,0,0,0,medio_baixo
8,75000.0,833,0.9351740696278511,6,5,1,0,0,0,1,1,1,1,1,0,0,baixo
6,350000.0,6876,0.8984874927283304,6,4,1,0,0,2,1,1,0,1,1,0,0,baixo
1,0.0,0,0.0,0,0,1,0,0,0,0,0,0,0,0,0,0,gratuito
9,75000.0,410,0.9317073170731708,1,3,1,0,0,0,1,0,0,1,0,0,0,gratuito
5,10000.0,0,0.0,27,2,1,0,0,0,1,1,0,0,0,0,0,alto
2,10000.0,3,1.0,1,4,1,0,0,0,1,0,1,0,0,1,0,baixo
7,10000.0,26,0.9615384615384616,1,2,1,0,0,0,1,0,1,0,0,0,0,baixo
1,0.0,0,0.0,103,5,1,0,0,0,1,1,1,1,1,0,0,medio_baixo
3,10000.0,4,0.75,1,1,1,0,0,0,0,0,0,0,0,0,0,gratuito
7,10000.0,1,1.0,1,1,1,0,0,0,0,0,0,0,0,0,0,alto
2,75000.0,55,0.6363636363636364,1,4,1,0,0,0,0,0,1,0,1,1,0,alto
11,75000.0,197,0.6954314720812182,5,3,1,1,0,3,0,1,1,0,1,0,0,alto
4,10000.0,0,0.0,1,4,1,0,0,0,1,0,1,1,1,0,0,medio_baixo
12,1500000.0,14595,0.8569373072970196,10,1,1,0,0,3,0,0,0,0,1,0,0,alto
10,10000.0,45,0.4,1,6,1,1,0,0,1,1,0,0,0,0,1,baixo
1,10000.0,0,0.0,1,4,1,0,0,0,1,0,1,1,0,0,0,baixo
6,10000.0,117,0.9316239316239316,12,4,1,0,0,1,1,1,1,1,0,0,0,medio_baixo
1,0.0,0,0.0,0,0,1,0,0,0,0,0,0,0,0,0,0,gratuito
1,0.0,0,0.0,0,0,1,0,0,0,0,0,0,0,0,0,0,gratuito
2,0.0,0,0.0,0,0,1,0,0,0,0,0,0,0,0,0,0,gratuito
5,10000.0,68,0.9411764705882353,3,4,1,0,0,0,1,1,1,0,1,0,0,baixo
1,10000.0,0,0.0,1,1,1,0,0,0,0,0,0,1,0,0,0,alto
4,10000.0,8,0.625,1,3,1,0,0,0,1,0,0,1,0,1,0,medio_baixo
1,10000.0,0,0.0,2,3,1,0,0,0,1,0,1,1,0,0,0,baixo
1,10000.0,7,0.7142857142857143,13,4,1,0,0,0,1,1,1,0,0,0,0,medio_alto
4,0.0,0,0.0,1,5,1,1,0,0,1,0,1,1,1,0,0,gratuito
2,10000.0,0,0.0,2,7,1,0,0,0,1,1,1,1,1,0,0,medio_alto
3,10000.0,19,0.3684210526315789,1,5,1,0,0,0,1,1,1,0,0,0,1,medio_baixo
8,10000.0,15,0.3333333333333333,9,3,1,0,0,0,1,1,0,0,1,0,0,baixo
4,10000.0,92,0.8152173913043478,2,1,1,0,0,0,0,0,1,0,0,0,0,baixo
2,10000.0,35,0.4857142857142857,15,2,1,0,0,0,1,0,0,0,0,0,1,medio_alto
1,0.0,0,0.0,1,3,1,0,0,0,1,0,1,0,0,0,0,gratuito
2,10000.0,89,0.8089887640449438,1,4,1,0,1,1,1,0,0,1,0,0,1,alto
4,0.0,0,0.0,1,4,1,0,0,3,1,1,0,1,0,0,0,gratuito
3,0.0,0,0.0,1,4,1,0,0,0,0,0,1,1,0,0,0,gratuito
14,350000.0,3136,0.8928571428571429,5,1,1,0,0,0,0,0,1,0,0,0,0,medio_alto
8,10000.0,5,0.4,1,2,1,0,0,0,1,1,0,0,0,0,0,baixo
2,0.0,0,0.0,19,8,1,0,0,0,1,1,0,1,0,0,1,gratuito
1,10000.0,4,1.0,8,1,1,0,0,0,1,0,0,0,0,0,0,baixo
3,35000.0,221,0.9502262443438914,2,1,1,1,1,2,1,0,0,0,0,0,0,medio_baixo
1,0.0,0,0.0,0,0,1,0,0,0,0,0,0,0,0,0,0,gratuito
2,10000.0,3,0.3333333333333333,1,2,1,0,0,0,0,0,0,1,1,0,0,alto
2,10000.0,2,1.0,3,3,1,0,0,0,0,0,0,0,0,0,0,medio_alto
8,10000.0,63,0.2698412698412698,1,4,1,0,0,0,1,0,0,0,0,0,1,medio_baixo
1,10000.0,0,0.0,1,3,1,0,0,0,1,0,0,1,0,0,1,medio_baixo
10,35000.0,213,0.755868544600939,6,3,1,0,0,1,1,1,1,0,0,0,0,baixo
5,10000.0,78,0.6538461538461539,30,2,1,1,1,0,0,0,0,0,0,1,0,alto
2,10000.0,17,0.8823529411764706,1,4,1,0,0,0,1,0,0,1,0,1,1,baixo
3,10000.0,664,0.7454819277108434,13,5,1,0,0,25,0,1,1,0,0,0,1,alto
5,10000.0,0,0.0,1,3,1,0,0,3,1,0,0,1,0,0,1,medio_baixo
4,10000.0,19,0.8421052631578947,103,1,1,0,0,0,0,0,0,1,0,0,0,medio_alto
5,10000.0,96,0.7291666666666666,1,6,1,1,1,1,1,0,1,0,1,1,1,gratuito
5,10000.0,11,0.7272727272727273,1,4,1,0,0,0,1,1,1,0,0,0,0,medio_alto
7,35000.0,10,1.0,1,6,1,1,0,0,1,1,1,0,1,1,1,medio_alto
2,10000.0,1,0.0,1,2,1,0,0,0,0,1,0,0,0,0,0,alto
1,0.0,0,0.0,1,3,1,0,0,0,1,1,0,1,0,0,0,medio_alto
2,10000.0,26,0.9230769230769231,1,5,1,0,0,0,1,0,0,1,1,1,1,medio_baixo
3,10000.0,16,0.875,8,4,1,0,0,0,1,1,0,1,0,0,0,medio_baixo
1,0.0,0,0.0,1,5,1,1,1,0,0,0,1,0,1,1,0,gratuito
5,75000.0,983,0.6327568667344863,9,5,1,0,0,1,1,1,1,0,0,0,1,alto
6,10000.0,4,1.0,1,3,1,1,1,0,0,0,0,1,0,0,1,medio_baixo
4,0.0,0,0.0,1,6,1,0,0,0,1,1,1,1,0,1,0,gratuito
4,10000.0,12,1.0,1,4,1,0,1,1,1,0,0,0,1,1,1,alto
1,10000.0,173,0.838150289017341,5,2,1,0,0,1,0,0,0,0,0,1,1,alto
1,10000.0,0,0.0,10,2,1,0,0,0,1,1,0,0,0,0,0,medio_baixo
1,0.0,0,0.0,1,2,1,0,0,0,0,1,1,0,0,0,0,medio_alto
1,10000.0,0,0.0,1,2,1,0,0,0,0,0,0,0,0,1,1,medio_alto
2,0.0,0,0.0,30,3,1,0,0,0,0,1,1,1,0,0,0,medio_alto
3,10000.0,1,0.0,3,5,1,0,0,0,1,0,1,1,1,0,1,alto
2,10000.0,1,1.0,1,3,1,0,0,0,1,1,0,1,0,0,0,medio_baixo
8,1500000.0,12480,0.8675480769230769,18,2,1,1,0,0,0,0,0,0,0,0,1,gratuito
1,0.0,0,0.0,1,2,1,0,0,0,0,0,0,1,0,1,0,baixo
6,10000.0,5,1.0,1,3,1,0,0,0,1,1,1,0,0,0,0,baixo
1,0.0,0,0.0,0,0,1,0,0,0,0,0,0,0,0,0,0,gratuito
16,10000.0,32,0.46875,3,1,1,0,0,0,0,0,1,0,0,0,0,baixo
5,0.0,0,0.0,1,6,1,1,0,0,1,1,1,0,1,1,0,gratuito
4,350000.0,6420,0.9163551401869159,17,3,1,1,1,1,1,1,0,0,0,1,0,medio_alto
1,10000.0,13,0.9230769230769231,4,3,1,0,0,0,1,0,0,1,0,1,0,medio_baixo
2,10000.0,0,0.0,1,1,1,0,0,0,0,0,0,1,0,0,0,baixo
2,10000.0,1,1.0,1,3,1,0,0,0,1,0,1,1,0,0,0,medio_alto
2,75000.0,1259,0.8395552025416998,6,4,1,0,0,1,0,1,1,1,1,0,0,medio_baixo
3,0.0,0,0.0,0,0,1,0,0,0,0,0,0,0,0,0,0,gratuito
2,10000.0,6,0.16666666666666666,1,1,1,0,0,0,1,0,0,0,0,0,0,medio_baixo
1,10000.0,15,0.8666666666666667,1,3,1,0,0,0,1,1,1,0,0,0,0,baixo
1,350000.0,3801,0.8750328860826099,7,2,1,0,0,0,0,1,0,0,0,1,0,alto
2,10000.0,0,0.0,2,3,1,0,0,0,1,0,1,1,0,0,0,medio_baixo
2,0.0,0,0.0,0,0,1,0,0,0,0,0,0,0,0,0,0,gratuito
3,10000.0,102,0.8823529411764706,9,6,1,1,0,0,1,1,1,1,0,0,1,alto
3,10000.0,22,0.8181818181818182,8,3,1,1,0,0,0,0,1,1,0,1,0,alto
1,10000.0,46,0.8913043478260869,1,3,1,0,0,0,1,0,0,0,0,1,0,gratuito
8,10000.0,11,0.7272727272727273,1,2,1,0,0,0,1,0,0,1,0,0,0,medio_baixo
4,10000.0,8,0.75,9,3,1,0,0,0,1,0,0,1,1,0,0,medio_alto
7,10000.0,11,1.0,2,2,1,0,1,0,1,1,0,0,0,0,0,medio_alto
1,0.0,0,0.0,1,3,1,0,0,0,0,0,1,1,0,0,0,gratuito
10,10000.0,5,0.8,1,2,1,1,0,0,1,1,0,0,0,0,0,medio_alto
9,35000.0,101,0.7722772277227723,2,3,1,0,0,0,1,1,0,0,0,1,0,medio_alto
4,10000.0,2,0.5,1,1,1,0,0,0,0,1,0,0,0,0,0,medio_alto
3,10000.0,10,0.3,15,4,1,0,0,0,1,1,1,0,1,0,0,medio_baixo
1,0.0,0,0.0,0,0,1,0,0,0,0,0,0,0,0,0,0,gratuito
4,10000.0,21,0.7142857142857143,1,5,1,0,0,0,1,1,1,1,0,1,0,medio_baixo
8,10000.0,47,0.5531914893617021,1,2,1,0,0,0,1,0,0,1,0,0,0,medio_alto
1,0.0,0,0.0,103,3,1,0,0,1,1,0,0,1,0,0,0,gratuito
2,0.0,0,0.0,1,3,1,0,0,0,0,0,0,1,0,1,0,gratuito
7,10000.0,21,0.7619047619047619,2,4,1,0,0,0,1,1,0,0,0,0,1,medio_alto
2,10000.0,30,0.43333333333333335,2,1,1,0,0,0,0,0,0,1,0,0,0,medio_baixo
4,10000.0,16,1.0,1,1,1,1,0,0,0,0,0,1,0,0,0,medio_baixo
8,10000.0,16,0.6875,1,2,1,0,0,0,1,0,0,1,0,0,0,gratuito
7,10000.0,23,0.9565217391304348,2,2,1,0,0,0,1,0,1,0,0,0,0,alto
2,0.0,0,0.0,0,0,1,0,0,0,0,0,0,0,0,0,0,gratuito
4,10000.0,2,0.5,1,2,1,0,0,0,1,0,0,1,0,0,0,alto
2,10000.0,42,0.9523809523809523,6,1,1,0,1,0,0,1,0,0,0,0,0,medio_alto
2,35000.0,213,0.7746478873239436,11,1,1,0,0,0,0,1,0,0,0,0,0,alto
1,0.0,0,0.0,1,2,1,0,0,0,1,0,0,0,0,0,0,alto
11,35000.0,327,0.5779816513761468,1,2,1,0,0,0,1,0,0,0,1,0,0,gratuito
9,10000.0,9,0.8888888888888888,1,2,1,0,0,0,0,0,1,0,1,0,0,medio_baixo
2,75000.0,2692,0.9877414561664191,1,5,1,0,0,0,1,1,0,1,0,1,1,medio_alto
3,0.0,0,0.0,0,0,1,0,0,0,0,0,0,0,0,0,0,gratuito
7,10000.0,126,0.9523809523809523,17,3,1,1,0,0,0,0,1,1,0,1,0,alto
2,10000.0,0,0.0,4,2,1,0,0,0,1,0,0,1,0,0,0,baixo
9,10000.0,51,0.6078431372549019,1,3,1,0,0,0,1,0,0,1,0,0,0,gratuito
5,10000.0,13,0.9230769230769231,1,2,1,1,0,0,1,0,0,1,0,0,0,medio_baixo
2,10000.0,0,0.0,1,2,1,0,0,0,0,1,0,0,1,0,0,medio_alto
2,10000.0,0,0.0,1,5,1,0,0,0,1,0,0,0,1,1,1,medio_alto
4,35000.0,250,0.824,13,2,1,0,0,2,1,0,0,1,0,0,0,baixo
9,10000.0,46,0.8260869565217391,1,3,1,0,0,0,1,0,1,1,0,0,0,medio_baixo
7,35000.0,406,0.8768472906403941,3,2,1,1,1,2,1,0,1,0,0,0,0,medio_alto
1,10000.0,0,0.0,1,3,1,0,0,0,1,0,0,1,0,0,1,medio_baixo
9,10000.0,2,1.0,6,4,1,0,0,0,1,0,0,1,0,1,0,baixo
8,10000.0,13,0.6923076923076923,2,3,1,0,0,0,1,0,0,1,0,0,0,baixo
4,10000.0,16,0.6875,2,4,1,0,0,0,1,0,0,1,0,1,1,medio_baixo
4,35000.0,4,0.75,1,2,1,0,0,0,1,0,1,0,0,0,0,baixo
7,10000.0,80,0.7125,1,5,1,1,0,1,1,1,1,0,1,1,0,baixo
8,75000.0,1613,0.7606943583384997,5,3,1,1,1,1,1,0,1,0,1,0,0,medio_baixo
1,0.0,0,0.0,0,0,1,0,0,0,0,0,0,0,0,0,0,gratuito
11,75000.0,328,0.6463414634146342,11,2,1,1,1,0,0,0,1,1,0,0,0,baixo
5,10000.0,4,0.5,1,2,1,0,0,0,1,1,0,0,0,0,0,medio_alto
1,10000.0,0,0.0,1,3,1,0,0,0,1,0,0,1,0,1,0,alto
12,150000.0,2223,0.9464687359424202,2,2,1,0,0,0,1,1,0,0,0,0,0,medio_alto
6,10000.0,33,0.2727272727272727,28,4,1,1,1,0,1,1,1,0,0,0,1,alto
1,0.0,0,0.0,1,2,1,0,0,0,0,0,0,1,0,0,0,gratuito
13,150000.0,9032,0.8819751992914083,10,3,1,1,0,1,1,1,1,0,0,0,0,medio_alto
6,75000.0,1,1.0,2,4,1,0,0,0,1,0,1,0,1,1,0,medio_baixo
2,10000.0,11,0.7272727272727273,1,6,1,0,0,0,1,0,1,1,1,1,1,medio_alto
3,75000.0,1694,0.6446280991735537,13,5,1,0,0,14,1,1,1,0,1,0,0,gratuito
6,10000.0,0,0.0,1,4,1,0,0,0,1,1,1,1,0,0,0,baixo
1,0.0,0,0.0,0,0,1,0,0,0,0,0,0,0,0,0,0,gratuito
8,35000.0,1004,0.8934262948207171,1,6,1,1,0,0,1,0,1,1,1,1,1,medio_alto
1,10000.0,2,1.0,2,1,1,0,0,0,0,1,0,0,0,0,0,medio_alto
2,10000.0,6,1.0,3,3,1,0,0,0,1,0,1,1,0,0,0,medio_baixo
10,750000.0,7561,0.7985716175109112,7,1,1,1,0,0,0,0,1,0,0,0,0,baixo
7,10000.0,40,0.725,1,3,1,0,0,0,1,0,1,0,0,0,1,baixo
4,10000.0,4,0.25,2,2,1,0,0,0,1,0,0,1,0,0,0,baixo
8,10000.0,3,0.3333333333333333,2,6,1,0,0,0,1,1,1,1,1,1,0,medio_alto
5,0.0,0,0.0,0,0,1,0,0,0,0,0,0,0,0,0,0,gratuito
9,10000.0,16,0.75,1,3,1,0,1,0,1,1,1,0,0,0,0,baixo
9,10000.0,13,1.0,1,4,1,1,0,0,1,1,0,1,0,0,0,medio_alto
4,10000.0,0,0.0,3,4,1,0,0,0,1,0,0,1,0,1,1,medio_baixo
6,35000.0,6,1.0,1,3,1,1,0,0,0,1,0,0,0,0,1,medio_alto
8,10000.0,34,0.6470588235294118,1,5,1,0,0,0,1,0,1,1,1,0,1,medio_baixo
9,75000.0,976,0.9569672131147541,2,4,1,0,0,1,1,1,0,1,0,0,1,medio_alto
5,10000.0,0,0.0,1,3,1,0,1,1,1,0,0,1,0,1,0,alto
6,35000.0,29,0.896551724137931,1,3,1,0,0,0,1,1,0,1,0,0,0,baixo
3,10000.0,0,0.0,1,2,1,0,0,0,1,0,1,0,0,0,0,alto
7,35000.0,15,0.6666666666666666,1,2,1,1,0,0,0,0,0,0,1,1,0,alto
2,10000.0,26,1.0,1,2,1,1,1,0,1,0,1,0,0,0,0,alto
3,10000.0,52,0.9423076923076923,5,2,1,1,1,0,1,1,0,0,0,0,0,alto
4,10000.0,0,0.0,2,1,1,0,0,0,0,0,0,1,0,0,0,medio_alto
3,150000.0,1813,0.9575289575289575,1,2,1,0,0,2,0,0,1,0,1,0,0,alto
4,35000.0,1176,0.6122448979591837,8,3,1,0,0,1,1,0,0,0,0,1,1,medio_alto
7,10000.0,1,1.0,1,3,1,1,0,0,1,1,1,0,0,0,0,medio_baixo
9,10000.0,13,0.6153846153846154,1,4,1,0,0,0,1,0,1,0,1,1,0,baixo
3,0.0,0,0.0,0,0,1,0,0,0,0,0,0,0,0,0,0,gratuito
1,10000.0,126,0.8571428571428571,30,4,1,0,0,0,1,0,1,1,0,0,1,medio_alto
2,10000.0,27,0.9259259259259259,1,3,1,1,0,0,0,0,0,0,0,1,1,alto
1,10000.0,0,0.0,1,2,1,0,0,0,1,0,0,0,0,1,0,baixo
1,0.0,0,0.0,0,0,1,0,0,0,0,0,0,0,0,0,0,gratuito
4,0.0,0,0.0,2,3,1,0,0,0,1,0,0,1,0,0,1,medio_baixo
9,10000.0,13,0.6923076923076923,1,1,1,0,0,0,0,0,0,0,0,0,0,gratuito
6,10000.0,23,0.4782608695652174,1,5,1,0,0,0,1,1,1,1,0,1,0,baixo
7,10000.0,18,1.0,4,3,1,0,0,0,1,0,1,0,0,1,0,medio_baixo
10,10000.0,5,1.0,1,2,1,0,0,0,1,1,0,0,0,0,0,alto
1,0.0,0,0.0,4,4,1,0,0,0,1,0,1,1,0,1,0,alto
7,35000.0,119,0.6218487394957983,2,5,1,0,0,3,0,0,0,0,0,0,0,medio_baixo
4,35000.0,108,0.9259259259259259,1,2,1,0,0,0,1,0,1,0,0,0,0,baixo
5,10000.0,7,0.5714285714285714,103,1,1,0,0,0,1,0,0,0,0,0,0,baixo
5,0.0,0,0.0,0,0,1,0,0,0,0,0,0,0,0,0,0,gratuito
3,10000.0,0,0.0,2,6,1,0,0,0,1,1,1,1,1,0,0,medio_alto
2,0.0,0,0.0,1,7,1,1,0,1,1,1,0,1,0,1,1,gratuito
1,0.0,0,0.0,1,2,1,0,0,0,0,0,0,0,1,1,0,alto
6,10000.0,6,1.0,5,4,1,0,0,0,1,1,0,1,0,0,0,alto
9,10000.0,14,1.0,1,1,1,0,0,0,1,0,0,0,0,0,0,medio_baixo
5,10000.0,24,0.9166666666666666,1,3,1,0,0,0,0,0,1,0,1,0,1,medio_baixo
6,350000.0,1123,0.649154051647373,9,4,1,0,0,0,1,1,1,0,0,0,1,baixo
1,10000.0,0,0.0,14,6,1,0,0,1,1,1,1,0,1,0,1,alto
5,10000.0,21,0.7619047619047619,14,3,1,0,0,0,1,0,0,1,0,1,0,medio_alto
1,10000.0,1,1.0,2,6,1,0,0,0,1,0,1,0,1,1,1,alto
1,10000.0,8,0.625,9,1,1,0,0,1,0,0,0,0,0,0,1,alto
3,10000.0,2,1.0,1,3,1,0,0,0,1,1,0,0,0,0,0,baixo
2,10000.0,11,1.0,4,5,1,0,0,0,1,1,1,0,1,0,0,alto
6,10000.0,18,0.7777777777777778,1,5,1,0,1,0,1,1,1,0,1,1,0,gratuito
1,10000.0,0,0.0,1,1,1,0,0,0,0,0,0,0,0,0,1,alto
7,10000.0,11,0.2727272727272727,1,1,1,0,0,0,0,0,0,0,0,0,1,alto
1,10000.0,0,0.0,7,3,1,0,0,0,1,0,1,1,0,0,0,medio_alto
6,35000.0,15,0.4,1,4,1,0,0,0,0,0,0,1,1,0,0,gratuito
10,35000.0,132,0.6590909090909091,7,3,1,1,1,0,1,0,0,1,0,0,1,baixo
3,10000.0,6,0.8333333333333334,1,4,1,0,0,0,1,1,0,0,0,1,0,gratuito
2,10000.0,0,0.0,2,1,1,0,0,0,1,0,0,0,0,0,0,medio_baixo
7,10000.0,4,0.75,2,2,1,0,0,0,0,0,0,0,0,0,1,medio_alto
3,10000.0,0,0.0,1,2,1,0,0,0,0,0,1,1,0,0,0,medio_alto
2,10000.0,10,1.0,1,1,1,1,0,0,0,0,0,0,0,0,1,alto
4,10000.0,0,0.0,26,3,1,0,0,0,1,1,0,1,0,0,0,medio_baixo
2,10000.0,7,0.7142857142857143,1,5,1,0,0,0,1,1,1,1,0,0,1,baixo
3,10000.0,54,0.7407407407407407,19,2,1,0,0,0,0,0,1,1,0,0,0,alto
3,10000.0,4,1.0,1,1,1,0,0,0,0,1,0,0,0,0,0,medio_alto
3,350000.0,7628,0.8175144205558469,10,3,1,0,0,3,1,1,0,0,0,1,0,medio_baixo
1,10000.0,504,0.9623015873015873,1,3,1,0,0,0,1,0,0,0,1,0,1,medio_alto
1,0.0,0,0.0,0,0,1,0,0,0,0,0,0,0,0,0,0,gratuito
2,10000.0,164,0.6890243902439024,7,6,1,0,0,0,1,1,1,0,1,0,0,baixo
2,10000.0,0,0.0,1,3,1,1,0,0,0,0,1,1,0,0,0,gratuito
1,10000.0,105,0.9619047619047619,2,2,1,0,0,0,1,0,0,0,1,0,0,medio_alto
6,10000.0,5,1.0,1,3,1,0,0,0,1,0,0,0,0,0,1,medio_alto
5,10000.0,3,0.3333333333333333,1,4,1,0,0,0,1,1,0,1,0,0,0,baixo
4,35000.0,1382,0.8798842257597684,6,3,1,0,0,1,1,1,1,0,0,0,0,medio_alto
3,10000.0,1,0.0,1,2,1,0,0,0,0,0,0,1,0,0,1,alto
8,10000.0,36,0.8333333333333334,1,4,1,0,0,0,1,0,0,1,0,1,1,baixo
10,75000.0,67,0.6865671641791045,1,4,1,0,0,0,1,1,1,1,0,0,0,gratuito
1,10000.0,0,0.0,19,2,1,0,0,0,1,0,0,1,0,0,0,baixo
3,10000.0,3,0.3333333333333333,1,3,1,0,1,0,1,1,0,1,0,0,0,baixo
2,10000.0,0,0.0,2,2,1,0,0,0,0,0,0,0,0,0,1,medio_baixo
5,350000.0,66,0.9242424242424242,7,3,1,1,1,1,1,0,0,0,1,1,0,gratuito
5,10000.0,4,1.0,2,3,1,0,0,0,1,0,1,0,0,1,0,medio_baixo
2,0.0,0,0.0,103,9,1,0,0,3,1,1,1,1,1,1,1,gratuito
2,0.0,0,0.0,1,5,1,0,0,0,1,0,0,1,0,0,1,gratuito
5,0.0,0,0.0,0,0,1,0,0,0,0,0,0,0,0,0,0,gratuito
1,0.0,0,0.0,10,1,1,0,0,0,0,1,0,0,0,0,0,medio_baixo
10,10000.0,3,0.6666666666666666,3,2,1,0,0,0,0,0,0,0,0,0,0,alto
1,10000.0,2,0.0,4,6,1,0,0,0,1,1,1,1,1,1,0,medio_alto
8,10000.0,37,0.5945945945945946,1,4,1,0,0,0,1,0,1,1,1,0,0,medio_baixo
1,0.0,0,0.0,3,2,1,1,0,0,1,0,0,0,0,0,1,medio_baixo
8,75000.0,354,0.6497175141242938,1,3,1,0,0,0,1,1,0,0,0,0,0,gratuito
2,10000.0,32,0.875,11,2,1,0,0,1,0,1,1,0,0,0,0,baixo
16,750000.0,7238,0.9606244819010776,2,2,1,0,0,0,1,0,0,0,1,0,0,medio_alto
11,10000.0,49,0.24489795918367346,8,2,1,1,0,0,1,1,0,0,0,0,0,baixo
8,10000.0,27,0.8148148148148148,9,2,1,0,0,0,0,0,1,1,0,0,0,medio_baixo
4,10000.0,12,0.9166666666666666,2,3,1,0,0,0,1,1,1,0,0,0,0,medio_baixo
2,35000.0,485,0.9298969072164949,1,3,1,0,0,0,1,0,0,0,1,0,1,medio_alto
1,10000.0,0,0.0,1,2,1,0,0,0,1,0,1,0,0,0,0,alto
3,10000.0,78,0.8333333333333334,2,3,1,0,0,0,0,1,1,0,0,0,0,medio_alto
7,10000.0,7,0.7142857142857143,1,3,1,0,0,0,1,1,0,0,0,1,0,alto
5,10000.0,4,0.25,1,4,1,0,0,0,1,0,1,1,1,0,0,medio_alto
2,75000.0,3482,0.602814474439977,11,1,1,0,0,5,0,1,0,0,0,0,0,alto
5,35000.0,10,0.2,1,2,1,1,1,0,1,1,0,0,0,0,0,alto
4,10000.0,2,1.0,1,3,1,0,0,0,1,0,1,1,0,0,0,medio_alto
3,10000.0,3,1.0,2,4,1,0,0,0,0,1,1,1,1,0,0,baixo
3,10000.0,10,0.6,1,3,1,0,0,0,1,0,1,0,1,0,0,medio_baixo
1,0.0,0,0.0,0,0,1,0,0,0,0,0,0,0,0,0,0,gratuito
8,10000.0,103,0.8446601941747572,1,5,1,1,1,0,1,1,1,0,0,1,1,medio_alto
2,10000.0,0,0.0,30,9,1,0,0,3,1,1,1,1,1,1,1,gratuito
1,10000.0,0,0.0,1,2,1,0,0,0,1,0,0,1,0,0,0,medio_alto
8,10000.0,3,0.3333333333333333,1,4,1,0,0,0,1,0,0,1,0,0,0,alto
3,35000.0,29,0.9310344827586207,1,3,1,0,0,1,1,0,1,0,0,0,1,medio_baixo
3,0.0,0,0.0,1,2,1,0,0,0,0,0,1,0,0,1,0,gratuito
6,10000.0,82,0.9512195121951219,1,4,1,0,0,0,1,0,1,1,0,0,1,baixo
18,75000.0,264,0.8522727272727273,10,3,1,0,0,0,1,0,0,0,0,0,0,alto
9,10000.0,22,0.7272727272727273,1,2,1,0,0,0,1,1,0,0,0,0,0,baixo
2,10000.0,1,0.0,1,1,1,0,0,0,1,0,0,0,0,0,0,alto
3,0.0,0,0.0,1,2,1,0,0,0,1,0,0,0,0,0,0,gratuito
6,10000.0,0,0.0,29,6,1,1,1,0,1,1,1,1,1,0,1,baixo
6,75000.0,131,0.5343511450381679,1,3,1,0,0,0,1,1,0,0,0,0,0,gratuito
1,0.0,0,0.0,1,3,1,0,0,0,1,0,0,1,0,0,0,gratuito
1,35000.0,594,0.9191919191919192,8,6,1,1,0,1,1,0,1,1,1,0,1,alto
4,10000.0,5,1.0,1,3,1,0,0,1,1,1,1,0,0,0,0,medio_alto
3,0.0,0,0.0,12,4,1,1,0,0,1,0,1,1,1,0,0,gratuito
10,35000.0,133,0.7293233082706767,8,2,1,0,0,1,1,1,0,0,0,0,0,medio_baixo
5,35000.0,90,0.9222222222222223,2,3,1,0,0,0,1,0,1,0,1,0,0,medio_alto
7,10000.0,7,0.5714285714285714,1,3,1,0,0,100,1,1,0,1,0,0,0,gratuito
7,10000.0,59,0.8135593220338984,1,2,1,0,0,0,0,1,0,0,0,0,0,gratuito
3,35000.0,10,0.9,1,1,1,0,0,0,0,0,0,0,1,0,0,medio_baixo
1,35000.0,3,1.0,1,3,1,0,0,0,1,1,1,0,0,0,0,baixo
3,0.0,0,0.0,0,0,1,0,0,0,0,0,0,0,0,0,0,gratuito
4,10000.0,0,0.0,1,5,1,1,0,1,1,0,0,0,0,1,1,gratuito
1,0.0,0,0.0,1,3,1,0,0,0,0,1,1,0,0,0,0,gratuito
2,10000.0,1,1.0,1,3,1,0,0,0,1,1,0,1,0,0,0,baixo
2,10000.0,4,0.75,1,2,1,0,0,0,0,0,0,0,0,0,0,alto
1,10000.0,0,0.0,2,4,1,0,0,0,1,1,0,1,0,0,0,medio_baixo
5,10000.0,396,0.9242424242424242,1,2,1,0,0,0,1,1,0,0,0,0,0,baixo
1,0.0,0,0.0,1,4,1,0,1,0,1,0,0,1,0,1,1,medio_alto
3,10000.0,7,0.8571428571428571,1,3,1,0,0,0,0,1,0,0,0,0,0,baixo
3,10000.0,4,0.75,1,5,1,0,0,0,1,1,1,0,1,1,0,baixo
1,0.0,0,0.0,3,3,1,1,0,0,1,0,0,1,0,1,0,baixo
3,10000.0,39,0.8205128205128205,1,1,1,0,0,0,0,0,1,0,0,0,0,baixo
6,35000.0,18,0.7222222222222222,2,3,1,0,0,0,1,1,0,0,0,0,0,gratuito
3,0.0,0,0.0,0,0,1,0,0,0,0,0,0,0,0,0,0,gratuito
6,10000.0,7,1.0,10,3,1,0,0,2,1,1,1,0,0,0,0,medio_alto
6,10000.0,0,0.0,1,3,1,1,0,0,1,0,0,1,0,1,0,baixo
2,0.0,0,0.0,0,0,1,0,0,0,0,0,0,0,0,0,0,gratuito
11,75000.0,107,0.7850467289719626,2,3,1,0,0,0,1,0,1,0,1,0,0,alto
17,35000.0,203,0.6157635467980296,1,1,1,0,0,0,0,0,0,0,0,1,0,baixo
4,75000.0,1572,0.962468193384224,1,3,1,0,0,0,1,1,1,0,0,0,0,alto
6,75000.0,90,0.7111111111111111,1,4,1,0,0,0,1,0,0,1,0,0,0,gratuito
2,10000.0,4,1.0,1,4,1,0,0,0,1,0,1,1,0,0,0,medio_alto
1,10000.0,5,1.0,1,1,1,0,1,1,0,0,0,1,0,0,0,medio_baixo
2,10000.0,8,0.75,1,1,1,0,0,0,0,0,0,1,0,0,0,baixo
3,35000.0,44,0.5681818181818182,5,2,1,0,0,0,0,1,0,0,0,1,0,baixo
1,0.0,0,0.0,0,0,1,0,0,0,0,0,0,0,0,0,0,gratuito
5,10000.0,12,0.8333333333333334,2,2,1,1,0,0,0,0,0,0,0,1,1,medio_baixo
5,0.0,0,0.0,0,0,1,0,0,0,0,0,0,0,0,0,0,gratuito
5,10000.0,62,0.9516129032258065,1,3,1,0,0,0,1,0,0,1,0,0,0,alto
1,10000.0,0,0.0,1,1,1,0,0,0,0,0,0,0,0,0,1,medio_alto
11,10000.0,195,0.4307692307692308,1,2,1,0,0,0,0,0,0,0,0,1,1,gratuito
1,10000.0,0,0.0,29,3,1,0,0,0,1,0,0,0,0,0,1,alto
9,35000.0,86,0.5813953488372093,1,2,1,0,0,0,1,0,0,1,0,0,0,gratuito
1,0.0,0,0.0,1,2,1,0,0,0,1,0,0,1,0,0,0,medio_baixo
1,10000.0,0,0.0,4,3,1,0,0,0,1,0,0,1,0,0,1,alto
7,10000.0,124,0.8951612903225806,1,3,1,0,0,0,0,0,1,0,1,0,0,gratuito
1,10000.0,0,0.0,26,1,1,0,0,0,1,0,0,0,0,0,0,medio_alto
6,10000.0,16,0.9375,1,5,1,0,0,0,1,1,1,1,0,0,0,medio_alto
1,35000.0,39,0.9743589743589743,1,2,1,0,0,0,0,1,1,0,0,0,0,medio_baixo
2,10000.0,17,0.35294117647058826,8,2,1,0,0,0,1,1,0,0,0,0,0,alto
7,10000.0,13,0.6923076923076923,2,6,1,0,0,0,1,1,1,1,1,0,1,medio_baixo
1,0.0,0,0.0,1,2,1,0,0,0,0,1,1,0,0,0,0,alto
2,35000.0,13,0.9230769230769231,1,2,1,0,0,0,1,1,0,0,0,0,0,medio_baixo
2,10000.0,1,1.0,1,3,1,0,0,0,1,1,0,0,0,1,0,baixo
9,35000.0,514,0.6750972762645915,1,3,1,0,0,0,1,0,0,0,0,0,1,alto
3,0.0,0,0.0,0,0,1,0,0,0,0,0,0,0,0,0,0,gratuito
4,0.0,0,0.0,1,5,1,0,0,0,1,1,0,1,0,0,0,gratuito
6,10000.0,3,0.6666666666666666,1,1,1,0,0,0,0,0,1,0,0,0,0,medio_alto
2,0.0,0,0.0,1,4,1,0,0,0,1,1,1,0,0,0,0,gratuito
7,10000.0,9,1.0,1,4,1,0,0,4,1,1,0,0,1,0,0,gratuito
3,10000.0,25,0.8,10,3,1,0,1,0,1,0,0,0,0,1,1,alto
8,10000.0,58,0.5344827586206896,1,1,1,1,1,1,1,0,0,0,0,0,0,medio_baixo
2,10000.0,3,0.0,2,2,1,0,0,0,1,0,0,0,0,0,1,medio_alto
6,10000.0,3,0.6666666666666666,1,2,1,0,0,0,0,1,0,1,0,0,0,baixo
9,10000.0,185,0.7027027027027027,8,2,1,1,0,1,1,0,0,0,1,0,0,medio_baixo
5,10000.0,67,0.9402985074626866,1,3,1,1,0,0,0,1,0,1,0,0,0,medio_baixo
3,10000.0,14,0.7142857142857143,1,1,1,0,0,0,0,0,0,0,0,0,0,alto
8,35000.0,77,0.6623376623376623,2,2,1,0,0,0,1,1,0,0,0,0,0,medio_alto
4,0.0,0,0.0,1,4,1,0,0,0,1,1,0,1,0,0,0,gratuito
8,350000.0,1460,0.9636986301369863,2,2,1,0,0,0,1,0,0,1,0,0,0,baixo
1,0.0,0,0.0,103,3,1,0,1,0,1,1,0,1,0,0,0,medio_baixo
9,10000.0,8,1.0,3,1,1,0,0,0,0,0,0,0,1,0,0,medio_alto
5,10000.0,7,1.0,1,2,1,0,0,0,1,1,0,0,0,0,0,medio_baixo
12,35000.0,208,0.8413461538461539,1,3,1,1,1,3,0,1,1,0,0,1,0,medio_baixo
8,10000.0,7,1.0,1,1,1,0,0,0,1,0,0,0,0,0,0,medio_baixo
1,0.0,0,0.0,0,0,1,0,0,0,0,0,0,0,0,0,0,gratuito
1,0.0,0,0.0,6,2,1,0,0,0,0,0,0,0,1,0,0,gratuito
2,0.0,0,0.0,4,3,1,0,0,0,0,0,0,0,0,0,0,gratuito
9,10000.0,32,0.78125,1,1,1,1,1,0,0,0,0,0,0,0,0,medio_alto
10,35000.0,203,0.8029556650246306,1,2,1,1,1,0,1,1,0,0,0,0,0,alto
5,75000.0,27,0.7037037037037037,1,1,1,0,0,0,1,0,0,0,0,0,0,baixo
1,0.0,0,0.0,0,0,1,0,0,0,0,0,0,0,0,0,0,gratuito
6,10000.0,17,0.7058823529411765,4,5,1,0,0,0,1,1,0,1,1,0,1,medio_baixo
2,10000.0,1,0.0,0,1,1,0,0,0,1,0,0,0,0,0,0,alto
7,10000.0,32,0.71875,1,3,1,0,0,0,1,0,0,1,0,0,0,baixo
6,10000.0,10,0.9,1,1,1,0,0,0,0,0,1,0,0,0,0,medio_alto
7,35000.0,8,0.5,26,1,1,1,1,0,0,0,0,1,0,0,0,medio_alto
12,10000.0,42,0.30952380952380953,1,4,1,0,0,0,1,1,1,0,1,0,0,alto
8,10000.0,0,0.0,1,2,1,0,0,1,1,0,0,0,0,0,0,baixo
15,150000.0,181,0.5027624309392266,1,5,1,0,0,0,0,1,1,1,0,1,1,baixo
8,10000.0,103,0.5922330097087378,1,2,1,0,0,0,0,1,0,1,0,0,0,baixo
9,10000.0,64,0.71875,1,3,1,0,0,0,0,1,1,1,0,0,0,alto
7,10000.0,2,1.0,1,2,1,0,0,0,1,0,0,1,0,0,0,medio_baixo
10,10000.0,92,0.7717391304347826,10,2,1,1,0,0,0,0,1,1,0,0,0,baixo
6,0.0,0,0.0,0,0,1,0,0,0,0,0,0,0,0,0,0,gratuito
2,10000.0,2,0.0,1,1,1,0,0,0,1,0,0,0,0,0,0,medio_baixo
2,0.0,0,0.0,1,3,1,0,0,0,0,1,0,1,0,0,0,gratuito
4,35000.0,399,0.631578947368421,1,4,1,0,0,0,1,0,0,0,0,1,1,alto
4,75000.0,389,0.8688946015424165,1,3,1,0,0,0,1,1,0,1,0,0,0,baixo
7,75000.0,221,0.27149321266968324,1,3,1,1,0,0,1,1,0,1,0,0,0,medio_alto
6,10000.0,288,0.9201388888888888,3,1,1,0,0,0,0,0,1,0,0,0,0,alto
2,0.0,0,0.0,0,0,1,0,0,0,0,0,0,0,0,0,0,gratuito
2,10000.0,0,0.0,1,3,1,0,0,0,1,1,0,1,0,0,0,medio_baixo
9,10000.0,16,0.75,1,1,1,0,0,0,0,0,0,0,0,0,1,gratuito
5,10000.0,411,0.9075425790754258,3,2,1,0,0,0,0,0,1,0,1,0,0,alto
8,10000.0,9,0.7777777777777778,1,4,1,0,0,0,1,1,0,1,0,0,0,gratuito
8,10000.0,12,0.4166666666666667,1,5,1,0,0,0,1,1,1,1,0,0,1,gratuito
1,0.0,0,0.0,0,0,1,0,0,0,0,0,0,0,0,0,0,gratuito
13,1500000.0,2743,0.6820998906306963,7,3,1,0,0,1,1,0,0,0,1,1,0,medio_alto
3,35000.0,243,0.9876543209876543,5,1,1,0,0,1,0,0,0,0,0,0,0,baixo
3,0.0,0,0.0,1,2,1,0,0,0,1,0,1,0,0,0,0,gratuito
7,35000.0,262,0.7251908396946565,4,4,1,1,1,0,1,0,0,0,1,1,1,baixo
1,0.0,0,0.0,1,3,1,0,1,0,0,0,1,1,0,0,0,gratuito
5,10000.0,10,0.9,1,1,1,0,1,0,0,0,0,1,0,0,0,baixo
9,10000.0,11,0.6363636363636364,3,1,1,0,0,0,0,0,0,1,0,0,0,medio_baixo
2,10000.0,10,1.0,2,4,1,0,0,0,1,1,1,1,0,0,0,medio_alto
4,35000.0,115,0.9478260869565217,1,2,1,0,0,0,1,1,0,0,0,0,0,medio_alto
3,1500000.0,9985,0.4756134201301953,21,1,1,0,0,37,0,0,0,0,0,0,0,alto
3,10000.0,0,0.0,5,3,1,1,0,2,1,0,1,1,0,0,0,medio_baixo
1,10000.0,0,0.0,6,3,1,0,0,0,1,1,1,0,0,0,0,medio_baixo
6,35000.0,46,0.6956521739130435,10,3,1,0,0,0,0,1,0,0,0,1,0,gratuito
17,35000.0,608,0.6069078947368421,1,2,1,1,1,0,1,0,0,0,0,0,1,medio_alto
2,35000.0,361,0.9030470914127424,4,3,1,0,0,0,1,0,0,1,1,0,0,medio_baixo
5,10000.0,1,1.0,1,4,1,0,0,1,1,0,0,1,0,1,0,medio_alto
4,10000.0,5,0.6,1,3,1,0,0,0,1,1,0,1,0,0,0,medio_alto
2,0.0,0,0.0,0,0,1,0,0,0,0,0,0,0,0,0,0,gratuito
8,10000.0,9,0.2222222222222222,1,3,1,0,0,0,0,1,0,0,0,0,0,medio_alto
1,0.0,0,0.0,1,3,1,1,1,1,0,0,0,0,0,0,0,gratuito
1,10000.0,0,0.0,1,1,1,0,0,0,1,0,0,0,0,0,0,baixo
10,75000.0,100,0.89,1,2,1,0,0,0,0,0,0,1,0,0,0,gratuito
8,10000.0,12,0.5833333333333334,1,3,1,1,0,0,1,1,0,1,0,0,0,medio_baixo
10,10000.0,269,0.862453531598513,5,4,1,1,0,1,1,1,1,0,1,0,0,medio_alto
1,0.0,0,0.0,2,4,1,0,0,0,1,1,0,1,1,0,0,medio_baixo
1,0.0,0,0.0,1,2,1,0,0,0,1,0,0,0,0,0,0,gratuito
11,75000.0,1658,0.9318455971049457,4,1,1,1,1,0,0,0,1,0,0,0,0,medio_alto
3,10000.0,0,0.0,1,1,1,0,0,0,0,0,1,0,0,0,0,medio_alto
1,0.0,0,0.0,2,4,1,0,0,0,1,0,1,0,1,1,0,medio_alto
8,10000.0,7,0.5714285714285714,1,4,1,0,0,0,1,1,0,1,0,0,1,medio_baixo
7,35000.0,19,0.7368421052631579,1,8,1,0,0,13,1,1,1,1,1,1,1,baixo
3,150000.0,990,0.8868686868686869,5,4,1,1,0,1,1,0,0,1,1,1,0,medio_alto
6,750000.0,7160,0.9727653631284916,16,4,1,0,0,2,1,1,1,0,0,0,0,gratuito
2,10000.0,0,0.0,2,4,1,0,0,0,1,1,1,0,1,0,0,medio_baixo
7,10000.0,1,0.0,1,2,1,0,0,0,1,1,0,0,0,0,0,medio_baixo
2,10000.0,1,1.0,5,3,1,0,0,0,0,1,1,0,0,0,0,gratuito
9,10000.0,18,1.0,1,2,1,0,0,0,1,0,1,0,0,0,0,baixo
1,10000.0,0,0.0,13,2,1,0,0,1,0,1,1,0,0,0,0,alto
8,10000.0,43,0.4883720930232558,1,2,1,0,0,0,1,1,0,0,0,0,0,baixo
1,0.0,0,0.0,0,0,1,0,0,0,0,0,0,0,0,0,0,gratuito
5,0.0,0,0.0,1,2,1,0,0,0,1,0,0,1,0,0,0,gratuito
9,10000.0,5,0.2,1,3,1,0,0,0,1,1,0,1,0,0,0,baixo
6,10000.0,6,0.3333333333333333,1,5,1,0,0,0,1,1,0,1,0,0,1,alto
8,10000.0,7,0.7142857142857143,1,2,1,0,0,0,1,0,0,1,0,0,0,alto
3,35000.0,23,0.9130434782608695,1,7,1,0,0,0,1,1,1,1,0,1,1,medio_baixo
6,35000.0,28,0.8214285714285714,1,4,1,0,0,1,1,1,1,0,0,0,0,gratuito
11,35000.0,164,0.9451219512195121,8,2,1,0,0,0,1,1,0,0,0,0,0,medio_alto
2,0.0,0,0.0,1,5,1,0,0,0,1,1,1,0,0,0,1,gratuito
6,0.0,0,0.0,0,0,1,0,0,0,0,0,0,0,0,0,0,gratuito
2,35000.0,46,0.2826086956521739,11,3,1,0,0,0,1,0,0,1,0,0,0,gratuito
11,35000.0,72,0.4861111111111111,8,3,1,1,1,0,1,1,0,0,0,0,0,medio_alto
1,10000.0,0,0.0,1,3,1,0,0,1,1,0,0,0,0,1,1,alto
1,10000.0,0,0.0,12,2,1,0,0,0,0,1,1,0,0,0,0,alto
10,150000.0,401,0.6259351620947631,1,4,1,0,0,0,1,0,1,0,1,1,0,medio_alto
9,10000.0,262,0.9083969465648855,9,2,1,1,1,0,0,0,1,1,0,0,0,medio_alto
2,10000.0,7,0.8571428571428571,1,4,1,0,1,0,1,0,1,1,0,0,1,medio_alto
1,10000.0,0,0.0,1,1,1,0,0,0,0,0,1,0,0,0,0,medio_baixo
4,75000.0,20,0.9,2,4,1,0,0,0,1,0,1,0,1,0,0,alto
7,10000.0,12,0.9166666666666666,1,1,1,0,0,0,1,0,0,0,0,0,0,medio_baixo
1,0.0,0,0.0,1,3,1,0,0,0,0,1,0,0,0,0,1,baixo
4,0.0,0,0.0,0,0,1,0,0,0,0,0,0,0,0,0,0,gratuito
2,10000.0,1,0.0,3,2,1,0,0,0,0,0,0,0,1,1,0,medio_alto
2,10000.0,38,1.0,1,3,1,0,1,1,1,1,1,0,0,0,0,medio_alto
2,10000.0,25,0.96,1,6,1,0,0,0,1,1,1,1,1,0,0,alto
4,10000.0,0,0.0,7,2,1,0,1,0,1,0,0,1,0,0,0,baixo
1,0.0,0,0.0,1,2,1,0,0,0,1,0,0,0,0,0,0,baixo
1,10000.0,1,1.0,2,4,1,0,0,0,1,0,0,1,0,1,0,gratuito
4,10000.0,18,0.7222222222222222,1,1,1,0,0,0,0,0,0,0,0,0,0,medio_baixo
4,10000.0,0,0.0,1,1,1,0,0,0,0,1,0,0,0,0,0,medio_baixo
10,75000.0,207,0.42995169082125606,5,3,1,0,0,0,1,1,1,0,0,0,0,baixo
5,35000.0,372,0.793010752688172,6,2,1,0,0,0,0,0,1,1,0,0,0,alto
8,10000.0,59,0.6779661016949152,1,4,1,0,0,0,0,1,1,0,0,0,0,medio_baixo
7,10000.0,68,0.9411764705882353,1,4,1,1,1,1,1,1,1,0,1,0,0,alto
5,10000.0,26,0.4230769230769231,1,7,1,0,0,0,1,1,1,1,1,0,1,baixo
1,10000.0,0,0.0,1,1,1,0,0,0,0,0,0,1,0,0,0,baixo
1,10000.0,0,0.0,8,1,1,0,0,0,0,0,0,0,1,0,0,alto
2,10000.0,0,0.0,1,3,1,0,0,0,1,1,0,1,0,0,0,medio_baixo
1,10000.0,0,0.0,4,2,1,1,1,0,1,0,1,0,0,0,0,medio_baixo
1,10000.0,0,0.0,16,3,1,0,0,4,0,0,0,1,1,0,0,medio_alto
2,10000.0,0,0.0,1,4,1,1,1,0,0,0,1,1,1,0,0,alto
3,10000.0,140,0.7142857142857143,6,1,1,0,0,2,0,1,0,0,0,0,0,medio_baixo
1,10000.0,28,0.9642857142857143,6,1,1,0,0,0,1,0,0,0,0,0,0,baixo
4,10000.0,209,0.6602870813397129,1,3,1,0,0,0,1,0,1,0,0,0,1,baixo
3,10000.0,2,1.0,1,3,1,0,0,0,1,0,0,1,0,1,0,alto
2,10000.0,1,1.0,1,2,1,0,0,0,0,1,1,0,0,0,0,medio_baixo
3,35000.0,6,0.16666666666666666,11,1,1,0,0,0,0,0,0,0,0,1,0,medio_baixo
5,75000.0,5,0.6,1,2,1,0,0,0,1,0,0,1,0,0,0,medio_alto
5,10000.0,18,1.0,1,1,1,0,0,0,0,0,0,1,0,0,0,baixo
1,0.0,0,0.0,27,2,1,1,1,0,1,0,0,0,0,0,1,baixo
1,35000.0,6,0.8333333333333334,2,3,1,0,0,0,1,0,1,1,0,0,0,medio_alto
4,0.0,0,0.0,103,2,1,0,0,0,1,0,0,1,0,0,0,baixo
7,35000.0,96,0.5729166666666666,3,3,1,0,0,0,1,1,0,1,0,0,0,medio_baixo
8,10000.0,6,0.6666666666666666,1,2,1,0,0,0,0,0,1,1,0,0,0,medio_alto
2,10000.0,173,0.7803468208092486,1,3,1,0,0,0,1,1,1,0,0,0,0,alto
7,350000.0,3266,0.8361910593998775,11,2,1,1,0,1,0,0,0,0,0,1,1,medio_alto
5,10000.0,9,0.5555555555555556,1,3,1,0,0,0,1,1,1,0,0,0,0,baixo
1,0.0,0,0.0,1,1,1,0,0,0,1,0,0,0,0,0,0,alto
8,10000.0,6,0.5,2,5,1,0,0,0,1,1,1,1,1,0,0,medio_baixo
1,10000.0,2,1.0,22,4,1,0,0,0,1,0,1,1,0,0,1,baixo
1,0.0,0,0.0,2,3,1,0,0,0,0,0,1,0,0,0,1,gratuito
3,10000.0,0,0.0,4,4,1,0,0,0,1,0,0,1,0,0,1,baixo
7,10000.0,13,0.8461538461538461,1,2,1,0,0,0,0,0,1,1,0,0,0,medio_alto
3,10000.0,0,0.0,5,3,1,0,0,0,0,0,0,1,1,0,1,medio_alto
4,10000.0,3,1.0,1,1,1,0,0,0,0,0,0,1,0,0,0,baixo
2,0.0,0,0.0,1,2,1,0,0,0,0,1,0,0,0,0,0,gratuito
5,35000.0,2,0.5,1,3,1,0,1,1,1,1,0,0,0,0,0,medio_alto
6,10000.0,233,0.7339055793991416,2,6,1,0,0,0,1,1,1,1,0,1,1,medio_alto
1,10000.0,0,0.0,2,4,1,0,0,0,1,0,0,0,1,1,1,medio_alto
4,0.0,0,0.0,0,0,1,0,0,0,0,0,0,0,0,0,0,gratuito
7,10000.0,32,0.75,103,5,1,0,0,0,1,0,1,1,0,1,1,baixo
5,10000.0,0,0.0,1,2,1,0,0,0,1,0,0,1,0,0,0,baixo
2,10000.0,10,1.0,2,3,1,0,0,0,1,1,1,0,0,0,0,medio_baixo
4,10000.0,5,1.0,5,5,1,0,0,0,0,1,1,1,1,0,1,medio_baixo
9,10000.0,10,0.5,1,2,1,0,0,1,1,0,0,0,0,1,0,alto
7,10000.0,8,0.875,1,2,1,0,0,0,0,1,0,0,1,0,0,gratuito
10,35000.0,103,0.46601941747572817,1,3,1,1,1,0,1,0,0,0,0,0,1,gratuito
13,75000.0,110,0.7,1,1,1,0,0,0,0,0,1,0,0,0,0,baixo
13,35000.0,334,0.6976047904191617,1,4,1,0,0,0,1,0,0,1,0,1,1,medio_alto
2,150000.0,3692,0.8605092091007583,10,4,1,0,0,3,1,1,1,0,0,0,1,alto
9,10000.0,5,0.6,1,2,1,0,0,0,0,0,0,0,0,0,0,alto
3,10000.0,10,0.7,1,2,1,0,0,0,0,1,0,0,1,0,0,alto
7,10000.0,8,0.75,2,4,1,0,0,0,1,0,0,1,0,0,0,baixo
1,10000.0,4,1.0,2,4,1,0,0,0,1,0,1,1,1,0,0,baixo
8,10000.0,25,0.8,2,6,1,0,0,2,1,1,1,1,1,0,1,gratuito
2,10000.0,90,0.8444444444444444,7,2,1,0,0,1,0,1,0,0,0,1,0,medio_alto
10,10000.0,26,0.8076923076923077,1,5,1,0,0,0,1,1,1,1,0,0,0,gratuito
3,35000.0,515,0.9883495145631068,1,2,1,1,1,1,1,0,1,0,0,0,0,medio_alto
2,10000.0,9,0.8888888888888888,1,5,1,0,0,0,1,0,1,0,1,1,1,alto
1,0.0,0,0.0,1,4,1,0,0,0,0,1,0,1,0,1,0,gratuito
4,10000.0,668,0.9640718562874252,6,3,1,0,0,1,1,0,1,0,0,0,1,alto
4,35000.0,227,0.6828193832599119,3,2,1,0,0,0,0,0,0,1,0,1,0,medio_baixo
1,0.0,0,0.0,9,3,1,1,0,0,1,0,0,0,1,1,0,alto
4,0.0,0,0.0,0,0,1,0,0,0,0,0,0,0,0,0,0,gratuito
1,10000.0,0,0.0,1,4,1,0,0,0,1,1,1,1,0,0,0,baixo
8,10000.0,23,0.9130434782608695,1,5,1,0,0,0,1,1,1,0,0,1,0,gratuito
17,35000.0,337,0.7002967359050445,5,1,1,0,0,0,0,1,0,0,0,0,0,baixo
11,150000.0,544,0.7444852941176471,1,5,1,1,1,1,1,1,0,1,0,1,0,medio_alto
4,10000.0,160,0.775,5,5,1,0,0,1,1,1,0,1,0,1,0,gratuito
1,10000.0,0,0.0,1,3,1,0,0,0,1,0,1,0,1,0,0,baixo
8,10000.0,26,0.8846153846153846,2,2,1,0,0,0,1,1,0,0,0,0,0,gratuito
9,75000.0,568,0.8802816901408451,1,4,1,0,1,0,1,1,0,0,0,1,1,alto
2,0.0,0,0.0,0,0,1,0,0,0,0,0,0,0,0,0,0,gratuito
2,10000.0,7,1.0,1,5,1,0,0,0,1,1,1,1,0,1,0,baixo
1,35000.0,77,0.9090909090909091,1,4,1,0,0,0,1,0,0,0,0,1,0,gratuito
6,35000.0,98,0.8571428571428571,2,4,1,0,0,0,1,1,1,0,0,0,0,gratuito
1,10000.0,0,0.0,4,3,1,0,0,0,1,1,1,0,0,0,0,medio_baixo
11,10000.0,98,0.8775510204081632,1,3,1,0,0,0,1,1,0,0,0,0,0,medio_alto
1,0.0,0,0.0,1,1,1,0,0,0,1,0,0,0,0,0,0,alto
8,10000.0,11,0.18181818181818182,1,2,1,0,0,0,1,0,1,0,0,0,0,medio_alto
2,10000.0,0,0.0,30,5,1,0,0,3,1,0,1,1,0,0,1,gratuito
5,75000.0,4,1.0,29,2,1,1,1,0,1,0,0,1,0,0,0,medio_alto
4,35000.0,327,0.709480122324159,8,3,1,1,1,1,1,0,0,0,1,1,0,medio_alto
9,10000.0,37,0.7567567567567568,6,3,1,0,0,0,1,0,0,0,1,1,0,medio_baixo
1,10000.0,7,1.0,1,1,1,0,0,0,0,1,0,0,0,0,0,alto
6,35000.0,162,0.7098765432098766,2,2,1,0,0,0,1,0,0,1,0,0,0,baixo
11,150000.0,724,0.8011049723756906,6,1,1,1,1,1,1,0,0,0,0,0,0,medio_alto
3,10000.0,1,0.0,2,2,1,0,0,0,1,0,1,0,0,0,0,medio_alto
7,10000.0,28,0.75,1,2,1,0,0,0,1,0,1,0,0,0,0,gratuito
5,35000.0,122,0.8442622950819673,8,4,1,0,0,0,1,1,0,1,0,1,0,medio_alto
6,10000.0,5,0.2,1,3,1,0,0,0,1,0,1,1,0,0,0,baixo
2,0.0,0,0.0,2,5,1,0,0,0,0,1,1,0,1,0,0,gratuito
2,10000.0,0,0.0,6,3,1,0,1,0,1,0,0,1,0,0,0,gratuito
9,150000.0,1884,0.5907643312101911,8,4,1,1,0,1,1,0,0,0,1,1,1,baixo
4,0.0,0,0.0,1,4,1,0,0,0,1,0,1,0,1,0,0,gratuito
1,10000.0,93,0.8602150537634409,2,6,1,0,0,0,1,0,1,1,1,1,1,alto
2,0.0,0,0.0,0,0,1,0,0,0,0,0,0,0,0,0,0,gratuito
9,150000.0,3384,0.8294917257683215,6,2,1,1,1,2,1,0,1,0,0,0,0,medio_baixo
5,10000.0,5,0.2,1,2,1,0,0,0,0,1,1,0,0,0,0,alto
11,350000.0,804,0.7425373134328358,2,4,1,1,1,0,1,0,0,1,0,1,0,gratuito
12,35000.0,216,0.9305555555555556,9,2,1,0,0,0,0,1,1,0,0,0,0,medio_alto
2,0.0,0,0.0,0,0,1,0,0,0,0,0,0,0,0,0,0,gratuito
2,10000.0,1,1.0,1,2,1,0,0,0,1,0,0,1,0,0,0,baixo
4,0.0,0,0.0,1,1,1,0,0,0,0,1,0,0,0,0,0,gratuito
6,150000.0,3,0.6666666666666666,2,2,1,0,0,0,0,0,0,1,1,0,0,baixo
2,0.0,0,0.0,0,0,1,0,0,0,0,0,0,0,0,0,0,gratuito
1,10000.0,5,0.4,8,2,1,0,0,0,0,0,0,1,0,0,1,medio_baixo
8,10000.0,90,0.9111111111111111,10,3,1,1,0,0,1,0,1,1,0,0,0,medio_baixo
2,10000.0,0,0.0,1,3,1,0,0,0,0,1,1,1,0,0,0,medio_alto
8,10000.0,23,0.6521739130434783,2,1,1,0,0,0,0,0,0,0,0,0,0,baixo
14,750000.0,911,0.40065861690450055,8,2,1,1,1,2,0,0,0,1,0,0,1,medio_baixo
2,10000.0,7,0.5714285714285714,8,2,1,0,0,0,1,0,0,1,0,0,0,baixo
1,10000.0,0,0.0,7,3,1,0,0,0,1,1,1,0,0,0,0,medio_alto
1,0.0,0,0.0,1,2,1,0,0,0,0,0,0,0,0,1,1,medio_baixo
6,10000.0,4,1.0,1,1,1,0,1,0,0,0,0,0,0,1,0,medio_baixo
6,10000.0,14,0.9285714285714286,1,1,1,0,0,0,0,0,1,0,0,0,0,medio_alto
1,10000.0,0,0.0,10,2,1,0,0,0,1,0,0,0,0,0,1,medio_baixo
3,10000.0,35,0.9142857142857143,2,2,1,1,1,0,1,1,0,0,0,0,0,medio_baixo
2,0.0,0,0.0,0,0,1,0,0,0,0,0,0,0,0,0,0,gratuito
5,150000.0,614,0.8485342019543974,103,4,1,1,1,4,1,0,0,1,0,0,1,baixo
3,10000.0,445,0.950561797752809,23,3,1,0,0,0,1,0,0,0,0,1,1,medio_alto
1,10000.0,0,0.0,1,1,1,0,0,0,0,1,0,0,0,0,0,alto
10,10000.0,5,0.4,1,2,1,0,0,0,0,1,0,0,0,0,0,medio_alto
3,10000.0,24,0.9583333333333334,1,3,1,0,0,0,1,0,0,0,1,1,0,medio_baixo
1,0.0,0,0.0,4,1,1,0,0,0,1,0,0,0,0,0,0,medio_alto
6,10000.0,14,0.9285714285714286,1,2,1,0,0,0,0,0,0,1,0,0,1,baixo
3,10000.0,49,0.7755102040816326,1,3,1,0,0,0,1,1,0,0,1,0,0,baixo
1,10000.0,5,0.8,5,5,1,0,0,0,1,1,1,1,1,0,0,medio_alto
5,10000.0,24,0.7083333333333334,1,3,1,0,0,0,1,1,1,0,0,0,0,gratuito
8,10000.0,2,0.5,1,1,1,0,0,0,1,0,0,0,0,0,0,medio_baixo
2,150000.0,3567,0.7908606672273619,16,2,1,0,0,5,0,1,1,0,0,0,0,alto
1,10000.0,0,0.0,6,3,1,0,0,1,1,1,1,0,0,0,0,alto
7,10000.0,36,0.5555555555555556,1,2,1,0,0,0,1,0,0,0,0,0,0,gratuito
8,75000.0,120,0.575,1,3,1,0,0,0,1,1,0,1,0,0,0,baixo
9,10000.0,3,1.0,1,2,1,0,0,0,1,0,0,1,0,0,0,medio_baixo
2,0.0,0,0.0,10,5,1,0,0,0,1,1,1,1,0,0,0,gratuito
5,10000.0,542,0.551660516605166,23,1,1,0,0,1,0,1,0,0,0,0,0,medio_alto
1,10000.0,0,0.0,8,2,1,0,0,0,0,1,1,0,0,0,0,alto
2,75000.0,306,0.7320261437908496,1,3,1,0,0,0,1,0,1,0,0,0,1,medio_alto
1,0.0,0,0.0,0,0,1,0,0,0,0,0,0,0,0,0,0,gratuito
2,10000.0,1,1.0,1,2,1,0,0,0,0,1,1,0,0,0,0,medio_baixo
3,0.0,0,0.0,1,5,1,0,0,0,1,1,1,0,1,0,0,gratuito
11,10000.0,16,0.8125,1,2,1,1,1,1,1,1,0,0,0,0,0,alto
6,10000.0,3,1.0,7,1,1,0,1,0,0,1,0,0,0,0,0,alto
1,0.0,0,0.0,0,0,1,0,0,0,0,0,0,0,0,0,0,gratuito
5,10000.0,0,0.0,1,3,1,0,0,0,1,0,1,1,0,0,0,medio_baixo
2,10000.0,203,0.9556650246305419,12,2,1,1,1,0,1,0,0,1,0,0,0,medio_baixo
2,10000.0,5,0.4,2,2,1,1,0,0,1,0,0,1,0,0,0,alto
18,1500000.0,3799,0.9481442484864439,1,1,1,0,0,0,0,0,0,0,0,1,0,baixo
10,150000.0,591,0.727580372250423,1,4,1,0,0,0,1,1,1,0,1,0,0,baixo
9,35000.0,312,0.7564102564102564,9,3,1,1,0,0,1,0,1,0,0,0,1,alto
11,10000.0,1,1.0,1,1,1,0,0,0,0,0,0,0,0,0,0,alto
2,10000.0,5,1.0,1,3,1,1,1,0,1,0,0,1,0,1,0,medio_alto
2,10000.0,54,0.6851851851851852,6,1,1,0,0,1,0,0,0,0,0,0,0,alto
10,75000.0,523,0.8183556405353728,2,2,1,1,0,0,1,0,1,0,0,0,0,baixo
1,10000.0,0,0.0,10,3,1,0,0,1,1,1,0,0,0,0,0,alto
2,10000.0,0,0.0,28,3,1,0,0,0,1,0,0,1,0,0,1,medio_alto
17,150000.0,969,0.782249742002064,9,2,1,1,0,0,1,0,1,0,0,0,0,alto
2,10000.0,131,0.6335877862595419,5,1,1,0,0,0,0,0,0,0,0,0,1,alto
1,10000.0,0,0.0,1,4,1,0,0,0,1,1,0,1,0,0,1,medio_alto
7,10000.0,59,0.7457627118644068,6,4,1,0,0,2,1,1,1,0,1,0,0,baixo
7,35000.0,229,0.8602620087336245,1,5,1,0,0,1,1,1,0,0,0,0,1,gratuito
5,75000.0,664,0.625,5,2,1,0,0,0,0,0,1,0,1,0,0,medio_alto
1,10000.0,1,1.0,1,4,1,0,0,1,1,0,1,1,0,0,1,baixo
1,0.0,0,0.0,1,1,1,0,0,0,0,0,0,0,0,0,0,medio_baixo
1,0.0,0,0.0,103,3,1,1,0,0,1,0,1,1,0,0,0,medio_baixo
12,35000.0,91,0.5384615384615384,1,1,1,0,0,0,0,0,1,0,0,0,0,baixo
2,35000000.0,110623,0.7957386800213337,10,4,1,0,0,8,1,1,1,0,1,0,0,alto
11,350000.0,725,0.8289655172413793,4,3,1,1,0,0,1,0,0,0,0,1,1,baixo
13,350000.0,1171,0.6883005977796754,9,1,1,0,0,1,0,1,0,0,0,0,0,medio_baixo
2,10000.0,6,0.5,12,2,1,0,0,0,1,0,1,0,0,0,0,medio_alto
9,35000.0,18,0.6111111111111112,1,3,1,0,0,0,1,1,1,0,0,0,0,baixo
2,0.0,0,0.0,0,0,1,0,0,0,0,0,0,0,0,0,0,gratuito
6,10000.0,15,0.6,10,2,1,0,0,0,0,1,0,0,0,0,0,medio_alto
2,10000.0,16,0.75,1,1,1,0,1,0,0,1,0,0,0,0,0,medio_baixo
10,10000.0,134,0.6417910447761194,6,2,1,1,0,4,0,0,0,0,0,0,0,alto
9,10000.0,256,0.8125,10,3,1,0,0,0,1,0,0,1,0,0,1,medio_baixo
6,10000.0,9,0.5555555555555556,4,1,1,0,0,0,0,0,0,1,0,0,0,baixo
9,10000.0,46,0.6521739130434783,1,5,1,1,1,0,1,0,1,1,1,0,1,alto
12,750000.0,16291,0.9793751150942238,1,3,1,0,0,0,1,1,0,1,0,0,0,baixo
6,10000.0,107,0.8598130841121495,1,3,1,0,0,0,0,1,1,0,1,0,0,gratuito
2,10000.0,475,0.8610526315789474,2,3,1,0,0,0,1,0,0,1,1,0,0,medio_alto
5,10000.0,1,0.0,1,4,1,0,0,0,1,1,1,1,0,0,0,medio_alto
7,1500000.0,12584,0.6121265098537826,13,2,1,0,0,0,0,1,1,0,0,0,0,alto
4,0.0,0,0.0,1,1,1,0,0,0,0,0,0,0,0,1,0,medio_alto
1,0.0,0,0.0,1,6,1,0,0,1,1,1,1,1,1,0,0,gratuito
1,0.0,0,0.0,1,3,1,0,0,0,1,1,0,0,0,0,0,gratuito
6,0.0,0,0.0,4,2,1,0,0,0,0,1,0,0,0,0,0,alto
3,10000.0,82,0.8048780487804879,1,5,1,0,0,0,1,1,1,1,0,0,1,baixo
5,10000.0,32,0.90625,1,3,1,1,0,0,1,0,0,1,0,1,0,medio_baixo
10,0.0,0,0.0,1,1,1,1,0,1,0,0,0,0,0,1,0,gratuito
1,10000.0,0,0.0,27,2,1,1,1,0,1,0,0,0,0,0,1,baixo
3,10000.0,38,0.9210526315789473,3,2,1,0,0,1,1,0,0,0,1,0,0,medio_baixo
1,10000.0,9,1.0,2,4,1,0,0,0,0,0,0,0,0,0,1,medio_alto
1,10000.0,0,0.0,1,2,1,0,0,0,1,0,0,0,0,1,0,medio_baixo
2,10000.0,0,0.0,1,6,1,0,0,2,1,0,1,1,1,1,1,medio_alto
6,10000.0,5,0.6,1,2,1,0,0,0,1,0,0,1,0,0,0,medio_baixo
1,10000.0,150,0.9866666666666667,1,2,1,0,0,1,1,1,0,0,0,0,0,medio_alto
7,10000.0,1,0.0,1,7,1,0,0,0,1,1,0,1,1,0,1,alto
1,10000.0,0,0.0,2,2,1,0,0,1,1,0,0,0,1,0,0,alto
4,0.0,0,0.0,1,4,0,0,1,0,1,0,0,0,1,1,0,gratuito
4,10000.0,13,0.6153846153846154,1,3,1,0,0,0,1,0,0,0,0,0,1,baixo
8,10000.0,32,0.71875,2,1,1,1,1,0,0,0,0,1,0,0,0,baixo
2,10000.0,72,0.9722222222222222,1,1,1,1,0,0,0,0,0,0,0,1,0,alto
4,10000.0,0,0.0,16,1,1,0,0,0,0,0,1,0,0,0,0,alto
11,35000.0,105,0.6761904761904762,14,1,1,0,0,0,0,0,0,1,0,0,0,baixo
1,0.0,0,0.0,0,0,1,0,0,0,0,0,0,0,0,0,0,gratuito
6,10000.0,34,0.6764705882352942,3,6,1,0,0,0,1,0,1,0,1,1,1,alto
4,3500000.0,119858,0.7270353251347428,13,2,1,1,1,32,0,1,0,0,0,1,0,alto
7,10000.0,9,0.5555555555555556,1,2,1,0,0,0,0,1,1,0,0,0,0,baixo
1,0.0,0,0.0,0,0,1,0,0,0,0,0,0,0,0,0,0,gratuito
6,10000.0,2,1.0,1,6,1,0,0,0,1,1,1,1,1,1,0,baixo
6,35000.0,384,0.7578125,1,7,1,0,0,0,1,1,0,1,1,1,1,alto
2,35000.0,57,0.49122807017543857,1,5,1,0,0,2,1,1,1,1,0,0,0,baixo
5,10000.0,21,0.47619047619047616,1,8,1,0,0,0,1,1,1,1,0,1,1,baixo
3,10000.0,1,0.0,2,2,1,0,0,0,1,1,0,0,0,0,0,baixo
8,10000.0,48,0.7083333333333334,1,2,1,0,0,0,0,1,1,0,0,0,0,gratuito
1,0.0,0,0.0,0,0,1,0,0,0,0,0,0,0,0,0,0,gratuito
8,35000.0,9,0.1111111111111111,1,3,1,0,0,0,1,0,0,1,0,1,0,baixo
5,10000.0,19,0.8421052631578947,1,2,1,0,0,0,1,0,0,1,0,0,0,medio_baixo
5,35000.0,56,0.8214285714285714,1,4,1,0,0,0,1,1,1,1,0,0,0,baixo
4,0.0,0,0.0,1,1,1,0,0,0,0,0,0,0,0,0,0,gratuito
1,10000.0,9,0.8888888888888888,2,3,1,0,0,0,1,0,1,0,1,0,0,baixo
4,10000.0,19,1.0,1,2,1,0,0,0,0,1,1,0,0,0,0,medio_baixo
9,75000.0,528,0.8674242424242424,7,4,1,1,1,1,1,1,0,1,0,1,0,medio_alto
1,10000.0,0,0.0,5,4,1,0,0,0,1,0,1,1,0,1,0,medio_alto
1,0.0,0,0.0,1,1,1,0,0,0,1,0,0,0,0,0,0,medio_baixo
1,10000.0,0,0.0,1,3,1,0,0,0,1,1,0,0,1,0,0,alto
9,10000.0,36,0.5277777777777778,10,3,1,1,0,0,0,0,0,0,0,1,1,medio_baixo
1,10000.0,0,0.0,3,3,1,0,1,1,1,1,1,0,0,0,0,medio_alto
2,10000.0,6,0.6666666666666666,1,6,1,0,0,0,1,1,1,1,1,0,1,baixo
2,0.0,0,0.0,1,4,1,0,0,0,0,0,0,1,0,0,0,gratuito
7,10000.0,19,0.8947368421052632,1,2,1,0,1,1,1,0,0,1,0,0,0,baixo
6,35000.0,27,0.6296296296296297,1,3,1,0,0,1,1,0,1,0,1,0,0,baixo
2,10000.0,28,1.0,1,2,1,0,0,0,1,0,0,0,0,0,1,alto
8,10000.0,35,0.5714285714285714,1,4,1,0,0,0,1,1,0,1,0,1,0,baixo
4,10000.0,19,1.0,1,3,1,1,1,0,1,1,1,0,0,0,0,baixo
6,10000.0,90,0.7777777777777778,9,4,1,1,0,1,1,1,1,1,0,0,0,baixo
7,10000.0,26,0.9230769230769231,1,1,1,0,0,0,0,1,0,0,0,0,0,gratuito
2,10000.0,7,1.0,1,4,1,0,0,0,1,0,0,1,0,1,0,medio_alto
5,10000.0,4,1.0,12,2,1,0,0,0,0,0,0,1,0,0,0,alto
4,10000.0,0,0.0,1,2,1,0,0,0,1,0,0,1,0,0,0,baixo
11,10000.0,79,0.7848101265822784,1,1,1,0,0,0,1,0,0,0,0,0,0,medio_baixo
2,10000.0,0,0.0,1,3,1,0,0,0,1,1,0,1,0,0,0,medio_alto
6,35000.0,123,0.8699186991869918,11,4,1,0,0,0,1,0,1,1,0,0,0,gratuito
2,10000.0,0,0.0,1,3,1,0,1,0,1,1,0,1,0,0,0,medio_baixo
1,0.0,0,0.0,25,4,1,0,0,0,1,1,0,1,0,0,0,gratuito
5,10000.0,1,0.0,1,3,1,0,0,0,1,1,1,0,0,0,0,medio_baixo
9,10000.0,87,0.9080459770114943,1,4,1,1,1,0,1,1,0,1,0,1,0,gratuito
1,10000.0,0,0.0,3,2,1,0,0,0,1,0,0,0,1,0,0,baixo
1,10000.0,0,0.0,1,3,1,0,0,1,1,0,1,1,0,0,0,alto
9,10000.0,155,0.6967741935483871,4,4,1,1,1,0,1,1,0,1,0,0,1,baixo
10,10000.0,43,0.7906976744186046,1,4,1,0,0,1,1,1,0,1,0,0,1,medio_alto
4,10000.0,0,0.0,1,3,1,1,0,0,1,1,0,1,0,0,0,medio_baixo
3,10000.0,441,0.7392290249433107,11,1,1,0,0,0,0,0,0,0,0,0,1,alto
6,1500000.0,17255,0.7105766444508838,14,3,1,0,0,1,0,1,0,1,0,1,0,medio_baixo
4,10000.0,160,0.89375,6,4,1,0,0,0,1,0,0,1,0,1,1,medio_alto
1,0.0,0,0.0,1,4,1,0,0,0,1,1,1,0,0,0,0,gratuito
3,75000.0,379,0.8548812664907651,8,5,1,0,0,3,1,0,0,1,0,1,1,gratuito
1,0.0,0,0.0,16,3,1,0,0,0,1,1,0,1,0,0,0,baixo
3,10000.0,1,1.0,1,2,1,0,0,0,0,0,0,1,0,0,1,medio_baixo
6,10000.0,48,0.6666666666666666,1,6,1,0,0,0,0,0,0,0,0,0,0,baixo
4,10000.0,1,0.0,1,2,1,0,0,0,0,0,0,1,0,1,0,alto
12,75000.0,770,0.861038961038961,3,1,1,1,0,1,0,0,0,0,0,0,1,alto
4,0.0,0,0.0,0,0,1,0,0,0,0,0,0,0,0,0,0,gratuito
6,10000.0,7,1.0,1,1,1,1,0,0,1,0,0,0,0,0,0,medio_alto
16,10000.0,603,0.9419568822553898,1,3,1,1,0,0,1,1,0,0,1,0,0,medio_baixo
5,10000.0,26,1.0,1,1,1,0,0,1,0,0,0,1,0,0,0,baixo
1,10000.0,0,0.0,5,1,1,0,0,0,0,0,0,0,0,0,1,medio_baixo
1,0.0,0,0.0,1,4,1,0,0,0,1,0,0,1,0,0,1,gratuito
3,10000.0,6,1.0,1,3,1,0,0,0,0,1,1,0,1,0,0,baixo
1,10000.0,143,0.6993006993006993,1,3,1,0,0,1,1,0,0,0,1,0,0,medio_alto
3,10000.0,3,0.6666666666666666,2,4,1,0,0,0,1,0,1,1,1,0,0,medio_alto
4,10000.0,21,1.0,3,2,1,0,0,1,1,0,0,1,0,0,0,medio_alto
1,10000.0,8,1.0,12,5,1,0,0,0,1,0,1,1,1,1,0,medio_alto
2,0.0,0,0.0,0,0,1,0,0,0,0,0,0,0,0,0,0,gratuito
5,0.0,0,0.0,0,0,1,0,0,0,0,0,0,0,0,0,0,gratuito
2,0.0,0,0.0,1,5,1,0,0,0,1,1,1,0,0,0,1,gratuito
4,10000.0,8,0.625,2,4,1,0,0,0,1,1,1,0,1,0,0,baixo
1,10000.0,13,0.38461538461538464,2,3,1,0,0,1,0,0,0,1,1,0,1,medio_alto
4,10000.0,0,0.0,1,3,1,0,0,0,0,0,0,1,1,0,1,medio_baixo
2,10000.0,7,0.5714285714285714,1,3,1,0,0,0,1,0,1,0,1,0,0,medio_alto
6,10000.0,0,0.0,1,3,1,1,1,0,1,0,1,0,0,0,0,gratuito
3,10000.0,1,0.0,1,4,1,0,0,0,0,0,0,0,0,0,0,alto
1,35000.0,2,0.5,1,3,1,1,0,0,1,0,1,0,0,1,0,medio_baixo
3,10000.0,40,0.825,2,2,1,0,0,0,0,1,0,0,1,0,0,alto
1,10000.0,0,0.0,3,2,1,0,0,0,0,0,1,1,0,0,0,medio_baixo
3,10000.0,0,0.0,1,3,1,0,0,0,1,0,0,1,0,1,0,baixo
1,10000.0,129,0.813953488372093,1,5,1,0,0,0,1,0,1,1,0,0,1,medio_baixo
8,10000.0,0,0.0,1,3,1,1,1,0,1,0,0,0,0,1,1,baixo
8,10000.0,15,0.3333333333333333,1,4,1,1,0,0,1,1,1,0,0,0,0,alto
2,35000.0,164,0.9817073170731707,1,3,1,1,1,0,1,0,1,1,0,0,0,alto
10,10000.0,14,0.5,8,4,1,0,0,0,1,1,0,1,0,1,0,baixo
1,10000.0,0,0.0,2,3,1,1,1,0,1,1,1,0,0,0,0,alto
5,75000.0,3,0.6666666666666666,2,3,1,1,0,0,1,1,0,1,0,0,0,medio_baixo
29,150000.0,943,0.887592788971368,1,3,1,0,0,0,1,1,0,0,0,0,0,medio_baixo
1,10000.0,0,0.0,10,3,1,0,0,1,1,0,1,0,0,0,1,medio_baixo
1,0.0,0,0.0,1,3,1,0,0,0,1,0,0,1,0,0,0,medio_baixo
7,10000.0,0,0.0,29,3,1,0,0,1,1,0,0,1,0,0,0,gratuito
8,10000.0,29,1.0,2,2,1,0,0,1,1,1,0,0,0,0,0,medio_baixo
1,0.0,0,0.0,1,5,1,0,0,0,1,0,1,1,0,0,1,gratuito
1,0.0,0,0.0,0,0,1,0,0,0,0,0,0,0,0,0,0,gratuito
6,10000.0,6,1.0,1,3,1,0,0,0,1,1,1,0,0,0,0,medio_baixo
6,10000.0,22,0.8636363636363636,10,3,1,0,0,0,0,0,1,1,0,1,0,medio_baixo
8,35000.0,213,0.8591549295774648,5,4,1,1,0,0,1,1,0,0,0,0,0,medio_alto
7,10000.0,0,0.0,1,2,1,0,0,6,1,0,0,1,0,0,0,alto
4,10000.0,23,0.9565217391304348,2,3,1,0,0,0,1,1,0,0,1,0,0,baixo
2,0.0,0,0.0,0,0,1,0,0,0,0,0,0,0,0,0,0,gratuito
5,10000.0,74,0.8243243243243243,12,5,1,1,1,1,1,1,1,1,0,1,0,alto
1,10000.0,0,0.0,2,2,1,1,0,0,1,0,1,0,0,0,0,alto
1,75000.0,1501,0.8334443704197202,14,1,1,0,0,0,0,1,0,0,0,0,0,alto
9,10000.0,37,1.0,1,2,1,0,0,0,0,1,1,0,0,0,0,medio_baixo
5,10000.0,16,1.0,1,3,1,0,0,0,1,0,1,1,0,0,0,baixo
10,10000.0,7,0.5714285714285714,1,3,1,0,0,0,1,0,0,1,0,0,0,baixo
3,10000.0,25,0.32,29,6,1,1,1,0,1,1,1,1,0,1,1,alto
3,10000.0,0,0.0,1,2,1,0,0,0,0,0,0,1,0,0,1,alto
10,35000.0,183,0.7103825136612022,8,3,1,1,1,0,1,0,0,0,0,1,1,medio_alto
2,10000.0,1,1.0,2,3,1,0,0,0,1,0,1,1,0,0,0,baixo
6,10000.0,22,0.7272727272727273,1,5,1,0,0,0,1,1,1,0,0,0,1,alto
4,35000.0,2,1.0,1,2,1,0,0,1,1,1,0,0,0,0,0,baixo
1,10000.0,60,1.0,1,2,1,0,1,0,1,1,0,0,0,0,0,baixo
5,35000.0,1,1.0,2,4,1,0,0,0,1,1,1,0,0,1,0,baixo
3,10000.0,100,0.8,3,2,1,0,0,0,1,0,0,0,1,0,0,alto
5,10000.0,38,0.8157894736842105,2,1,1,0,0,0,0,0,1,0,0,0,0,baixo
1,35000.0,415,0.6939759036144578,4,2,1,0,0,35,0,0,0,0,1,1,0,alto
6,10000.0,215,0.8883720930232558,4,1,1,0,0,1,0,1,0,0,0,0,0,alto
17,10000.0,40,0.925,9,2,1,0,0,0,0,0,0,0,1,0,0,gratuito
1,10000.0,0,0.0,1,3,1,0,0,1,1,0,1,0,0,0,1,alto
2,10000.0,36,0.9444444444444444,1,5,1,0,1,0,1,0,1,1,1,0,1,medio_alto
4,0.0,0,0.0,12,1,1,0,0,0,0,0,0,0,0,0,0,gratuito
8,35000.0,152,0.8157894736842105,1,2,1,0,0,0,0,0,1,1,0,0,0,medio_baixo
11,750000.0,2172,0.8959484346224678,3,3,1,0,0,1,0,1,1,0,1,0,0,medio_baixo
5,10000.0,16,0.75,1,1,1,0,0,0,0,0,0,1,0,0,0,medio_alto
4,10000.0,359,0.9415041782729805,2,1,1,0,0,0,0,0,0,0,1,0,0,alto
10,10000.0,40,0.6,1,3,1,1,1,0,1,0,0,1,0,1,0,baixo
6,10000.0,9,0.5555555555555556,7,3,1,0,0,0,1,1,1,0,0,0,0,baixo
3,10000.0,146,0.6643835616438356,1,5,1,0,0,0,1,1,0,1,0,1,1,gratuito
2,0.0,0,0.0,1,3,1,0,0,0,1,0,0,0,0,0,0,gratuito
17,3500000.0,31738,0.9114626000378095,5,2,1,1,0,0,0,0,1,0,1,0,0,medio_alto
9,10000.0,1,1.0,1,2,1,0,0,0,1,0,0,0,0,0,1,medio_alto
18,35000.0,124,0.6612903225806451,1,1,1,0,0,0,0,0,0,1,0,0,0,medio_baixo
1,10000.0,0,0.0,1,2,1,0,0,0,1,1,0,0,0,0,0,medio_alto
2,10000.0,1,1.0,1,2,1,0,0,1,0,1,0,1,0,0,0,medio_alto
1,10000.0,1,0.0,9,2,1,0,0,0,1,0,0,1,0,0,0,baixo
2,10000.0,1,1.0,1,1,1,0,0,0,0,0,0,1,0,0,0,medio_alto
3,10000.0,53,0.5849056603773585,1,2,1,0,0,0,0,0,0,0,0,0,1,alto
3,10000.0,2,1.0,1,1,1,0,0,0,0,0,0,0,1,0,0,baixo
2,0.0,0,0.0,5,5,1,0,0,0,1,1,1,0,0,0,1,gratuito
3,10000.0,21,0.5714285714285714,1,3,1,0,0,0,1,0,1,1,0,0,0,baixo
6,10000.0,0,0.0,10,3,1,1,1,0,1,0,1,1,0,0,0,alto
11,350000.0,2877,0.9002433090024331,3,1,1,0,0,4,0,0,1,0,0,0,0,gratuito
2,0.0,0,0.0,0,0,1,0,0,0,0,0,0,0,0,0,0,gratuito
3,10000.0,37,0.6486486486486487,1,5,1,0,0,0,1,1,1,1,0,0,1,baixo
2,10000.0,52,0.9423076923076923,7,4,1,0,0,0,1,1,1,0,1,0,0,medio_alto
5,10000.0,14,1.0,1,3,1,0,0,0,1,1,0,1,0,0,0,baixo
9,10000.0,6,0.5,4,2,1,1,0,0,0,0,1,1,0,0,0,baixo
3,10000.0,0,0.0,2,4,1,0,0,0,1,0,1,1,0,1,0,medio_baixo
1,350000.0,11230,0.9506678539626002,4,2,1,0,0,2,0,0,0,0,1,0,0,alto
2,0.0,0,0.0,0,0,1,0,0,0,0,0,0,0,0,0,0,gratuito
4,10000.0,0,0.0,1,1,1,0,0,0,1,0,0,0,0,0,0,medio_baixo
2,10000.0,1,1.0,1,5,1,0,0,0,1,0,1,1,1,1,0,medio_baixo
4,10000.0,25,1.0,7,3,1,0,0,1,1,1,0,1,0,0,0,alto
2,35000.0,26,0.9615384615384616,1,5,1,0,0,0,1,0,1,1,1,0,0,medio_alto
9,10000.0,4,0.75,1,2,1,0,0,0,0,0,1,1,0,0,0,medio_alto
2,35000.0,5,1.0,1,2,1,0,0,0,0,1,0,0,1,0,0,baixo
8,10000.0,7,0.7142857142857143,1,2,1,0,0,0,1,0,1,0,0,0,0,medio_baixo
3,10000.0,25,0.8,6,4,1,0,0,0,0,1,1,1,0,0,1,baixo
5,150000.0,32,0.84375,1,2,1,0,0,0,0,1,0,0,0,1,0,gratuito
6,10000.0,14,0.7857142857142857,2,3,1,0,0,0,1,0,0,1,0,0,1,baixo
5,10000.0,118,0.5,1,2,1,0,0,0,1,1,0,0,0,0,0,baixo
2,10000.0,0,0.0,1,4,1,0,0,0,1,0,1,1,0,0,0,gratuito
2,0.0,0,0.0,0,0,1,0,0,0,0,0,0,0,0,0,0,gratuito
6,10000.0,1,1.0,1,3,1,0,0,0,1,1,0,1,0,0,0,baixo
6,10000.0,67,0.9552238805970149,8,2,1,1,1,1,1,0,0,1,0,0,0,medio_baixo
10,75000.0,440,0.75,10,5,1,1,0,0,1,1,0,1,0,1,1,baixo
2,10000.0,0,0.0,2,2,1,0,0,0,0,1,0,1,0,0,0,medio_alto
5,0.0,0,0.0,12,2,1,0,0,0,0,1,0,0,0,0,0,gratuito
1,10000.0,6,0.5,7,4,1,0,0,0,1,0,1,0,1,0,1,medio_alto
6,10000.0,3,1.0,1,1,1,0,0,0,0,0,0,0,0,1,0,medio_baixo
3,10000.0,16,1.0,1,2,1,0,0,0,1,0,1,0,0,0,0,medio_alto
1,0.0,0,0.0,4,3,1,0,0,0,1,0,1,0,0,0,0,medio_alto
9,10000.0,36,0.8333333333333334,3,5,1,0,0,0,1,1,1,1,1,0,0,medio_baixo
1,10000.0,0,0.0,21,3,1,0,0,0,1,0,0,1,1,0,0,baixo
3,10000.0,21,0.9523809523809523,27,7,1,0,0,0,0,0,1,0,0,0,1,alto
3,75000.0,386,0.8082901554404145,24,3,1,0,0,1,1,1,1,0,0,0,0,alto
3,0.0,0,0.0,0,0,1,0,0,0,0,0,0,0,0,0,0,gratuito
9,35000.0,31,0.8709677419354839,10,2,1,0,0,0,1,1,0,0,0,0,0,baixo
3,10000.0,75,0.96,5,3,1,1,0,0,1,0,1,0,0,0,1,medio_alto
17,3500000.0,15345,0.9577060931899641,5,3,1,1,1,1,1,1,1,0,0,0,0,medio_baixo
2,10000.0,97,0.9896907216494846,14,6,1,0,0,0,1,1,1,0,1,1,0,gratuito
2,10000.0,0,0.0,1,2,1,1,1,0,0,1,1,0,0,0,0,medio_alto
1,10000.0,0,0.0,1,4,1,0,0,0,1,1,1,0,0,0,1,alto
8,75000.0,42,0.5476190476190477,1,4,1,0,0,0,1,0,1,1,0,1,0,alto
3,150000.0,1699,0.7633902295467923,12,3,1,0,0,1,0,0,1,0,1,0,1,medio_alto
6,35000.0,7,0.7142857142857143,2,5,1,0,0,3,0,0,1,1,1,1,1,alto
5,0.0,0,0.0,2,5,1,0,0,0,1,1,1,1,0,0,0,gratuito
7,350000.0,7897,0.6846903887552235,11,5,1,0,0,2,1,1,1,0,1,0,1,medio_alto
4,10000.0,21,0.6190476190476191,5,4,1,0,0,0,1,1,1,0,1,0,0,medio_baixo
6,10000.0,271,0.9630996309963099,7,2,1,1,1,1,1,0,1,0,0,0,0,medio_alto
1,0.0,0,0.0,3,4,1,0,0,0,1,0,1,1,0,0,1,medio_baixo
2,0.0,0,0.0,103,2,1,0,0,0,1,0,0,1,0,0,0,baixo
2,10000.0,117,0.905982905982906,9,1,1,0,0,1,0,0,0,0,0,1,0,medio_alto
1,10000.0,0,0.0,1,3,1,0,0,0,1,0,0,1,0,1,0,medio_baixo
6,10000.0,129,0.7209302325581395,1,7,1,0,0,0,1,1,1,1,1,1,0,gratuito
6,10000.0,10,0.8,1,4,1,0,0,1,1,0,0,0,1,1,1,gratuito
10,35000.0,308,0.6331168831168831,1,3,1,1,0,0,1,0,1,0,0,1,0,medio_alto
2,75000.0,383,0.6344647519582245,2,5,1,0,0,0,1,1,0,0,1,0,1,alto
6,10000.0,49,0.7755102040816326,1,4,1,0,0,0,1,1,0,1,0,0,0,gratuito
3,10000.0,356,0.7724719101123596,1,1,1,0,0,0,1,0,0,0,0,0,0,baixo
3,75000.0,4,1.0,2,1,1,0,0,1,0,0,0,1,0,0,0,medio_alto
9,10000.0,6,0.6666666666666666,1,3,1,0,0,0,1,1,1,0,0,0,0,medio_baixo
1,0.0,0,0.0,1,2,1,1,0,0,0,0,0,0,0,1,0,gratuito
1,0.0,0,0.0,19,2,1,1,1,0,1,0,1,0,0,0,0,medio_alto
1,0.0,0,0.0,2,7,1,0,0,0,0,1,1,0,1,1,0,gratuito
1,0.0,0,0.0,0,0,1,0,0,0,0,0,0,0,0,0,0,gratuito
5,10000.0,13,0.6153846153846154,1,2,1,0,0,0,1,1,0,0,0,0,0,medio_baixo
4,10000.0,95,0.968421052631579,10,1,1,0,1,1,0,0,0,1,0,0,0,baixo
8,10000.0,15,0.8,4,4,1,0,0,0,1,1,1,1,0,0,0,medio_baixo
1,10000.0,0,0.0,27,2,1,1,1,0,1,0,0,0,0,0,1,baixo
5,10000.0,11,0.2727272727272727,1,2,1,1,0,3,1,0,0,1,0,0,0,medio_baixo
2,10000.0,5,0.4,1,1,1,0,0,0,0,0,0,0,1,0,0,baixo
4,10000.0,59,0.9830508474576272,10,2,1,0,0,0,1,0,0,1,0,0,0,baixo
7,75000.0,520,0.7769230769230769,13,4,1,0,0,1,1,0,1,0,1,0,0,gratuito
1,0.0,0,0.0,3,3,1,0,0,1,1,0,0,1,0,0,1,medio_baixo
3,10000.0,0,0.0,17,2,1,0,0,0,1,0,0,1,0,0,0,medio_alto
9,10000.0,8,0.5,1,2,1,0,0,0,1,0,1,0,0,0,0,medio_alto
1,0.0,0,0.0,1,2,1,0,0,0,0,0,0,0,0,1,0,alto
1,10000.0,0,0.0,2,2,1,0,0,1,0,0,1,0,0,0,1,medio_alto
1,0.0,0,0.0,1,3,1,0,0,0,1,0,1,0,0,0,0,gratuito
1,10000.0,0,0.0,1,2,1,0,0,0,0,1,0,0,0,1,0,medio_baixo
3,10000.0,19,0.7368421052631579,1,3,1,1,0,0,0,0,1,0,1,0,0,medio_baixo
3,10000.0,8,0.625,1,3,1,0,0,0,0,1,1,0,1,0,0,alto
9,10000.0,4,1.0,1,3,1,0,0,0,1,0,1,0,0,0,1,medio_baixo
1,10000.0,2,0.5,4,2,1,0,0,0,1,0,0,0,1,0,0,medio_baixo
2,10000.0,4,1.0,1,3,1,0,0,0,1,0,1,1,0,0,0,medio_alto
3,10000.0,1,0.0,4,2,1,0,0,0,0,0,0,1,0,1,0,alto
4,10000.0,76,0.6052631578947368,2,6,1,0,0,0,1,1,0,1,0,1,1,alto
1,10000.0,0,0.0,1,2,1,0,0,0,1,0,1,0,0,0,0,baixo
4,10000.0,2,0.5,1,1,1,0,0,0,0,0,0,0,0,0,1,medio_alto
6,75000.0,18,0.4444444444444444,1,6,1,1,1,0,1,1,0,1,0,0,1,medio_alto
3,75000.0,1494,0.8346720214190094,6,4,1,0,0,1,1,0,1,0,1,0,1,medio_baixo
2,0.0,0,0.0,3,5,1,0,0,1,1,0,0,1,1,0,1,gratuito
7,10000.0,18,0.6666666666666666,1,3,1,0,0,0,1,1,1,0,0,0,0,alto
1,0.0,0,0.0,1,5,1,1,0,0,1,1,0,1,0,0,0,gratuito
1,0.0,0,0.0,0,0,1,0,0,0,0,0,0,0,0,0,0,gratuito
2,10000.0,6,0.3333333333333333,1,2,1,0,0,0,1,0,0,1,0,0,0,medio_baixo
3,10000.0,18,0.9444444444444444,1,2,1,0,0,0,1,0,0,1,0,0,0,baixo
6,10000.0,0,0.0,1,3,1,0,0,0,0,0,0,1,1,1,0,baixo
5,10000.0,9,1.0,3,1,1,1,0,0,1,0,0,0,0,0,0,medio_alto
1,10000.0,0,0.0,1,2,1,0,0,0,1,1,0,0,0,0,0,medio_baixo
5,10000.0,2,0.5,1,4,1,0,0,1,1,1,1,1,0,0,0,baixo
6,10000.0,0,0.0,2,1,1,0,0,0,1,0,0,0,0,0,0,alto
5,10000.0,38,0.9210526315789473,22,3,1,1,1,0,1,0,0,1,0,1,0,medio_baixo
6,10000.0,0,0.0,103,1,1,0,0,0,0,1,0,0,0,0,0,baixo
9,10000.0,1,1.0,1,1,1,0,0,0,0,1,0,0,0,0,0,medio_alto
1,10000.0,0,0.0,9,6,1,1,1,0,1,0,1,1,1,0,1,medio_baixo
2,35000.0,11,1.0,1,4,1,1,1,0,1,0,1,1,1,0,0,medio_baixo
1,0.0,0,0.0,7,2,1,0,0,0,1,1,0,0,0,0,0,alto
4,0.0,0,0.0,0,0,1,0,0,0,0,0,0,0,0,0,0,gratuito
1,0.0,0,0.0,1,3,1,0,0,0,1,0,0,1,0,1,0,medio_alto
10,10000.0,6,0.5,1,3,1,0,0,0,1,1,0,1,0,0,0,medio_baixo
2,10000.0,42,0.42857142857142855,2,5,1,0,0,0,1,0,1,0,1,0,0,gratuito
9,75000.0,523,0.7093690248565966,5,3,1,1,0,0,1,0,0,0,1,1,0,medio_alto
2,35000.0,3,1.0,8,3,1,1,0,0,1,0,1,0,0,1,0,medio_baixo
16,150000.0,1047,0.6781279847182426,1,1,1,1,1,2,0,0,0,0,0,0,1,baixo
1,10000.0,0,0.0,2,3,1,1,1,0,1,1,0,0,1,0,0,medio_baixo
1,0.0,0,0.0,1,3,1,0,0,0,1,1,0,0,0,1,0,medio_alto
1,0.0,0,0.0,1,3,1,0,0,0,1,1,1,0,0,0,0,alto
4,10000.0,221,0.8416289592760181,1,3,1,0,0,0,1,0,1,0,1,0,0,medio_baixo
2,0.0,0,0.0,103,3,1,0,0,0,1,1,0,1,0,0,0,baixo
6,10000.0,19,1.0,1,2,1,0,0,0,1,0,1,0,0,0,0,medio_alto
5,10000.0,7,0.8571428571428571,3,3,1,1,0,0,1,0,1,1,0,0,0,medio_baixo
4,35000.0,33,0.696969696969697,1,1,1,1,1,0,1,0,0,0,0,0,0,medio_baixo
3,10000.0,1,0.0,2,5,1,0,0,0,1,1,1,0,0,0,1,medio_alto
1,10000.0,0,0.0,1,1,1,0,0,0,0,0,0,0,0,0,1,baixo
2,10000.0,5,1.0,2,4,1,0,0,0,1,1,0,0,0,1,0,gratuito
3,10000.0,54,0.3888888888888889,7,2,1,0,0,0,0,0,1,0,0,0,0,alto
2,10000.0,14,0.9285714285714286,7,2,1,0,0,1,1,0,0,1,0,0,0,medio_alto
9,10000.0,20,0.5,1,5,1,0,0,0,0,0,0,0,0,0,0,alto
10,10000.0,15,0.8,1,5,1,0,0,0,1,1,1,1,0,1,0,medio_baixo
8,10000.0,23,0.6956521739130435,1,4,1,0,0,0,1,1,1,1,0,0,0,medio_alto
1,10000.0,0,0.0,3,3,1,0,0,0,1,1,1,0,0,0,0,medio_baixo
5,10000.0,7,0.8571428571428571,1,3,1,1,1,0,1,1,0,1,0,0,0,medio_alto
2,10000.0,0,0.0,0,2,1,0,0,0,1,0,0,1,0,0,0,medio_baixo
10,10000.0,20,0.85,2,4,1,0,0,0,1,1,0,1,0,0,1,baixo
1,10000.0,47,0.9148936170212766,1,3,1,0,0,0,0,0,0,0,0,0,0,gratuito
4,35000.0,700,0.7085714285714285,12,5,1,0,0,0,1,1,1,1,1,0,0,baixo
8,10000.0,18,0.2222222222222222,1,2,1,0,0,1,1,0,1,0,0,0,0,baixo
5,10000.0,47,0.9148936170212766,5,3,1,0,0,0,1,1,1,0,0,0,0,medio_alto
2,10000.0,50,0.94,27,4,1,0,0,0,1,0,0,0,0,1,1,medio_alto
3,150000.0,5,0.6,1,2,1,0,0,0,0,1,0,0,0,0,1,baixo
1,35000.0,123,0.8455284552845529,1,3,1,0,0,0,1,1,1,0,0,0,0,medio_alto
1,0.0,0,0.0,103,2,1,0,0,0,0,0,0,0,1,0,0,gratuito
1,0.0,0,0.0,1,4,1,0,0,0,1,0,1,1,0,0,0,gratuito
8,75000.0,97,0.845360824742268,4,5,1,1,0,0,0,1,1,1,0,0,1,medio_alto
2,10000.0,0,0.0,3,6,1,0,0,0,1,0,1,1,1,0,0,gratuito
3,10000.0,85,0.8588235294117647,5,4,1,0,0,0,1,0,0,1,0,1,1,medio_alto
5,10000.0,4,1.0,1,2,1,0,0,0,1,1,0,0,0,0,0,baixo
10,35000.0,86,0.7790697674418605,1,5,1,0,0,0,1,1,0,1,0,0,0,gratuito
5,10000.0,106,0.7641509433962265,11,2,1,0,0,0,0,1,0,0,0,0,0,medio_baixo
3,750000.0,10729,0.9122937832043992,13,2,1,0,0,1,0,1,1,0,0,0,0,alto
12,150000.0,236,0.6652542372881356,2,2,1,0,0,0,1,1,0,0,0,0,0,baixo
1,10000.0,0,0.0,8,3,1,0,0,0,1,1,1,0,0,0,0,medio_alto
2,0.0,0,0.0,0,0,1,0,0,0,0,0,0,0,0,0,0,gratuito
1,0.0,0,0.0,8,2,1,0,0,0,0,1,0,0,0,0,1,medio_baixo
1,0.0,0,0.0,2,4,1,0,0,0,1,1,0,1,0,0,0,gratuito
12,350000.0,3925,0.8476433121019108,1,2,1,0,0,0,1,0,1,0,0,0,0,gratuito
9,10000.0,1,1.0,2,3,1,0,0,0,1,1,1,0,0,0,0,medio_baixo
4,10000.0,5,1.0,2,3,1,0,0,0,1,0,1,1,0,0,0,baixo
1,10000.0,0,0.0,1,4,1,0,0,0,1,0,0,1,0,1,1,medio_alto
1,10000.0,3,1.0,1,3,1,0,0,0,1,1,0,1,0,0,0,medio_alto
2,10000.0,0,0.0,1,4,1,0,0,0,1,1,1,1,0,0,0,alto
2,10000.0,10,0.1,2,6,1,0,0,0,1,1,1,1,1,0,1,baixo
9,10000.0,2,1.0,1,3,1,0,0,0,1,1,0,1,0,0,0,alto
3,10000.0,3,1.0,4,3,1,1,1,0,1,0,1,1,0,0,0,medio_alto
9,35000.0,192,0.8125,1,1,1,0,0,0,1,0,0,0,0,0,0,baixo
5,10000.0,3,0.6666666666666666,1,1,1,0,0,0,0,0,0,0,0,1,0,alto
8,10000.0,25,0.76,1,4,1,0,0,0,1,0,1,0,0,1,1,baixo
10,10000.0,49,0.8163265306122449,1,1,1,0,0,0,0,0,1,0,0,0,0,medio_alto
9,35000.0,19,0.42105263157894735,1,3,1,0,0,0,0,0,0,1,0,0,1,gratuito
5,10000.0,11,1.0,1,2,1,0,0,0,1,0,1,0,0,0,0,baixo
2,10000.0,0,0.0,1,2,1,1,1,0,0,1,0,1,0,0,0,medio_alto
2,10000.0,6,0.8333333333333334,2,5,1,0,0,0,1,1,0,1,1,0,0,medio_alto
6,10000.0,0,0.0,1,3,1,0,0,0,1,0,0,0,1,1,0,medio_alto
1,10000.0,6,1.0,1,2,1,1,1,0,0,0,0,0,1,1,0,alto
5,10000.0,8,0.5,1,1,1,0,0,0,0,0,1,0,0,0,0,baixo
3,10000.0,1,1.0,1,3,1,0,0,0,0,0,0,1,0,0,1,alto
1,0.0,0,0.0,11,3,1,0,0,0,1,0,1,1,0,0,0,baixo
3,0.0,0,0.0,0,0,1,0,0,0,0,0,0,0,0,0,0,gratuito
11,10000.0,34,0.9117647058823529,1,4,1,0,0,1,1,0,0,1,0,1,0,gratuito
1,0.0,0,0.0,0,0,1,0,0,0,0,0,0,0,0,0,0,gratuito
5,0.0,0,0.0,1,4,1,0,0,0,1,1,1,0,0,0,0,gratuito
6,35000.0,552,0.8188405797101449,13,2,1,0,0,0,1,0,0,0,0,1,0,medio_alto
9,150000.0,1045,0.7464114832535885,22,4,1,0,0,0,0,1,1,1,0,0,1,baixo
4,10000.0,0,0.0,1,3,1,0,0,1,1,0,0,0,1,0,0,gratuito
2,0.0,0,0.0,0,0,1,0,0,0,0,0,0,0,0,0,0,gratuito
9,10000.0,17,0.5882352941176471,1,3,1,0,0,0,1,0,0,0,0,1,1,baixo
3,10000.0,13,1.0,1,2,1,1,1,0,1,0,0,1,0,0,0,baixo
8,35000.0,20,0.55,103,2,1,0,0,0,1,0,1,0,0,0,0,baixo
4,35000.0,1,0.0,2,5,1,0,0,0,1,0,1,1,1,0,1,medio_baixo
5,35000.0,630,0.8126984126984127,17,3,1,0,0,2,1,1,0,0,1,0,0,medio_alto
1,10000.0,11,1.0,11,2,1,1,0,0,1,0,0,1,0,0,0,medio_baixo
3,10000.0,3,0.6666666666666666,1,3,1,0,0,0,1,1,1,0,0,0,0,baixo
1,0.0,0,0.0,0,0,1,0,0,0,0,0,0,0,0,0,0,gratuito
1,0.0,0,0.0,1,4,1,0,0,0,1,1,1,0,0,0,0,gratuito
5,35000.0,9,0.7777777777777778,1,1,1,0,0,0,0,0,0,0,1,0,0,gratuito
11,75000.0,347,0.8501440922190202,1,2,1,0,0,0,0,0,0,0,0,1,1,baixo
5,10000.0,0,0.0,4,2,1,0,0,0,1,0,0,0,0,0,0,alto
4,10000.0,229,0.8384279475982532,6,3,1,0,0,0,1,1,0,1,0,0,0,alto
2,10000.0,0,0.0,1,5,1,0,0,0,0,0,1,1,0,0,1,gratuito
4,35000.0,25,0.96,1,3,1,0,0,1,1,1,1,0,0,0,0,medio_alto
10,150000.0,140,0.85,1,3,1,1,1,0,1,1,0,1,0,0,0,baixo
1,10000.0,0,0.0,6,2,1,0,0,0,0,0,0,1,0,0,0,medio_alto
4,10000.0,10,1.0,1,2,1,0,0,0,1,0,0,0,1,0,0,baixo
5,10000.0,1,0.0,13,3,1,0,0,0,1,0,0,1,0,1,0,medio_baixo
9,750000.0,14395,0.5239319208058354,12,1,1,0,0,1,0,1,0,0,0,0,0,alto
6,10000.0,4,0.5,1,2,1,0,0,0,1,1,0,0,0,0,0,baixo
1,0.0,0,0.0,103,3,1,0,0,0,1,0,0,1,0,0,0,gratuito
5,10000.0,23,0.9130434782608695,29,3,1,0,0,0,0,1,1,1,0,0,0,baixo
3,10000.0,110,0.8727272727272727,1,3,1,0,0,5,1,1,0,1,0,0,0,baixo
5,150000.0,2987,0.9471041178439906,11,3,1,0,0,42,1,1,0,1,0,0,0,medio_alto
1,10000.0,0,0.0,2,4,1,0,0,0,1,0,0,1,0,1,1,medio_alto
10,10000.0,33,0.45454545454545453,1,3,1,0,0,0,1,1,0,0,0,0,0,alto
5,0.0,0,0.0,2,1,1,0,0,0,0,0,0,0,0,0,0,gratuito
2,10000.0,14,0.9285714285714286,1,3,1,0,0,0,1,0,1,1,0,0,0,baixo
1,0.0,0,0.0,0,0,1,0,0,0,0,0,0,0,0,0,0,gratuito
4,75000.0,6,0.8333333333333334,1,5,1,0,0,0,1,0,1,1,1,1,0,alto
5,10000.0,15,0.6666666666666666,3,1,1,0,0,1,0,0,0,0,1,0,0,medio_alto
1,75000.0,226,0.8893805309734514,8,4,1,0,0,0,1,0,0,0,1,1,0,alto
2,35000.0,472,0.923728813559322,9,3,1,1,1,0,1,0,0,0,1,1,0,medio_alto
2,750000.0,24647,0.5847364790846756,12,3,1,0,0,1,0,1,1,0,1,0,0,alto
3,10000.0,6,0.8333333333333334,2,3,1,0,0,0,1,1,0,0,0,0,1,medio_baixo
1,0.0,0,0.0,0,0,1,0,0,0,0,0,0,0,0,0,0,gratuito
6,75000.0,250,0.82,4,2,1,1,0,1,1,0,1,0,0,0,0,medio_baixo
4,10000.0,14,0.7142857142857143,2,3,1,0,0,0,1,0,1,0,1,0,0,medio_alto
17,350000.0,2010,0.7243781094527363,1,2,1,1,1,0,1,1,0,0,0,0,0,gratuito
8,10000.0,42,0.9285714285714286,2,3,1,0,0,0,1,0,0,1,0,0,1,alto
1,10000.0,31,0.9032258064516129,12,4,1,0,0,0,1,1,1,0,0,1,0,medio_alto
2,0.0,0,0.0,0,0,1,0,0,0,0,0,0,0,0,0,0,gratuito
10,750000.0,4624,0.8075259515570934,12,2,1,1,0,0,0,0,0,1,0,0,0,gratuito
1,35000.0,103,0.883495145631068,9,3,1,0,0,1,1,0,0,1,0,0,1,medio_alto
8,10000.0,83,0.8674698795180723,1,2,1,0,0,0,1,0,0,1,0,0,0,medio_baixo
1,10000.0,0,0.0,1,1,1,0,0,0,0,1,0,0,0,0,0,alto
1,10000.0,12,1.0,4,1,1,1,0,0,0,0,0,1,0,0,0,baixo
3,10000.0,20,0.7,1,3,1,0,0,0,1,0,0,1,0,1,0,medio_alto
2,10000.0,14,1.0,2,3,1,0,0,0,1,0,0,1,0,1,0,medio_baixo
7,75000.0,482,0.950207468879668,1,3,1,1,0,1,1,0,1,1,0,0,0,medio_baixo
12,35000.0,358,0.6005586592178771,1,3,1,1,0,0,1,1,1,0,0,0,0,gratuito
7,35000.0,381,0.8871391076115486,10,2,1,1,0,0,1,1,0,0,0,0,0,baixo
9,10000.0,141,0.7163120567375887,1,3,1,0,0,0,1,1,0,0,0,0,0,medio_alto
13,1500000.0,5147,0.6599961142413057,7,4,1,0,0,1,0,1,0,0,1,0,0,gratuito
5,10000.0,9,0.7777777777777778,22,1,1,1,0,0,0,0,0,1,0,0,0,medio_alto
13,350000.0,849,0.6831566548881036,3,4,1,0,0,0,0,1,0,0,1,0,0,gratuito
4,10000.0,7,1.0,1,5,1,1,0,0,1,1,0,1,0,0,0,medio_alto
4,10000.0,5,1.0,2,1,1,1,1,0,0,0,0,1,0,0,0,medio_baixo
1,10000.0,0,0.0,3,2,1,0,0,17,0,1,1,0,0,0,0,alto
7,10000.0,10,0.5,1,3,1,0,0,100,1,1,0,1,0,0,0,gratuito
3,10000.0,26,0.9230769230769231,10,2,1,0,0,0,1,0,0,0,0,0,0,medio_alto
4,750000.0,1148,0.7473867595818815,10,3,1,0,0,2,1,1,1,0,0,0,0,alto
6,10000.0,15,0.9333333333333333,1,3,1,0,0,0,1,0,0,1,0,1,0,baixo
1,0.0,0,0.0,1,3,1,0,0,0,1,0,1,0,0,0,1,medio_alto
5,10000.0,25,0.72,1,3,1,0,0,0,1,0,1,0,1,0,0,medio_baixo
4,1500000.0,37608,0.9231014677728143,14,2,1,0,0,0,1,0,0,0,0,0,1,alto
3,35000.0,148,0.972972972972973,2,1,1,0,0,0,0,0,1,0,0,0,0,medio_alto
1,0.0,0,0.0,3,1,1,0,0,0,0,0,0,0,0,0,1,alto
1,0.0,0,0.0,2,3,1,0,0,0,1,0,0,0,1,1,0,alto
3,10000.0,216,0.6851851851851852,5,2,1,1,0,0,1,0,0,0,0,1,0,alto
5,10000.0,101,0.9702970297029703,2,2,1,0,0,0,0,0,0,1,0,0,0,baixo
1,10000.0,1,0.0,1,3,1,0,0,1,1,0,0,1,0,0,1,alto
9,35000.0,12,0.4166666666666667,103,2,1,0,0,2,1,0,0,1,0,0,0,baixo
5,0.0,0,0.0,0,0,1,0,0,0,0,0,0,0,0,0,0,gratuito
1,0.0,0,0.0,0,0,1,0,0,0,0,0,0,0,0,0,0,gratuito
3,10000.0,6,0.6666666666666666,1,4,1,0,1,0,1,1,1,0,1,0,0,alto
1,10000.0,5,0.8,7,1,1,0,0,0,0,1,0,0,0,0,0,alto
5,35000.0,289,0.698961937716263,1,6,1,0,0,0,1,1,1,1,1,0,0,medio_alto
9,35000.0,309,0.7216828478964401,2,6,1,0,0,0,1,0,1,1,1,1,1,medio_alto
6,750000.0,7560,0.7928571428571428,6,2,1,0,0,0,0,1,1,0,0,0,0,medio_baixo
4,10000.0,2,0.5,1,3,1,0,0,0,1,0,1,0,1,0,0,medio_alto
3,10000.0,66,0.7424242424242424,1,6,1,0,0,0,1,1,1,1,1,0,1,baixo
5,10000.0,3,0.6666666666666666,4,1,1,0,0,0,0,0,0,1,0,0,0,medio_alto
3,10000.0,68,0.8970588235294118,1,3,1,0,0,0,1,1,0,1,0,0,0,baixo
1,0.0,0,0.0,1,2,1,0,0,0,0,0,0,0,0,0,0,gratuito
2,35000.0,278,0.9316546762589928,4,2,1,1,0,2,0,0,1,0,1,0,0,medio_alto
8,10000.0,9,0.7777777777777778,4,1,1,1,0,0,0,0,0,1,0,0,0,alto
6,35000.0,30,0.8666666666666667,10,6,1,1,1,0,1,1,1,0,0,0,1,baixo
1,0.0,0,0.0,1,3,1,0,0,0,1,0,1,0,0,0,1,medio_alto
2,10000.0,24,0.8333333333333334,12,3,1,0,0,1,1,1,1,0,0,0,0,medio_baixo
3,0.0,0,0.0,4,5,1,0,0,0,1,1,0,0,0,0,0,gratuito
2,0.0,0,0.0,0,0,1,0,0,0,0,0,0,0,0,0,0,gratuito
5,10000.0,10,0.2,2,5,1,0,0,0,1,1,1,1,1,0,0,baixo
1,0.0,0,0.0,1,3,1,0,0,0,1,0,1,0,0,0,0,gratuito
3,350000.0,3727,0.9243359270190502,16,1,1,0,0,1,0,1,0,0,0,0,0,alto
1,10000.0,0,0.0,1,2,1,0,0,2,0,0,0,1,1,0,0,baixo
7,10000.0,33,0.9393939393939394,1,3,1,1,1,0,1,1,1,0,0,0,0,medio_alto
3,35000.0,17,1.0,3,5,1,0,0,1,1,1,1,0,1,1,0,alto
4,10000.0,2,1.0,1,3,1,1,0,0,1,0,0,1,0,1,0,medio_alto
2,10000.0,8,0.875,8,4,1,0,0,0,0,1,1,0,0,0,1,medio_alto
4,0.0,0,0.0,1,4,1,0,0,0,1,0,0,1,0,0,0,gratuito
2,10000.0,9,0.7777777777777778,3,5,1,0,0,0,1,1,0,1,0,1,0,gratuito
1,10000.0,2,0.5,1,3,1,0,0,0,1,1,0,0,0,1,0,baixo
2,10000.0,3,1.0,12,1,1,0,0,0,0,1,0,0,0,0,0,baixo
5,150000.0,22,0.9090909090909091,1,2,1,0,0,0,0,0,1,0,1,0,0,baixo
1,10000.0,4,0.75,14,4,1,0,0,0,1,0,0,0,0,0,1,medio_alto
5,10000.0,10,0.2,1,3,1,0,0,0,1,0,1,0,0,0,1,medio_baixo
1,10000.0,3,0.6666666666666666,1,2,1,0,0,0,1,0,0,0,0,0,0,gratuito
7,10000.0,9,0.4444444444444444,2,1,1,0,0,0,1,0,0,0,0,0,0,baixo
4,0.0,0,0.0,1,4,1,0,1,0,1,0,0,1,0,0,1,gratuito
9,10000.0,54,0.3333333333333333,2,3,1,1,0,0,1,0,1,1,0,0,0,gratuito
1,10000.0,0,0.0,1,3,1,0,0,0,1,1,1,0,0,0,0,medio_alto
2,10000.0,3,1.0,2,1,1,1,0,0,1,0,0,0,0,0,0,medio_alto
1,0.0,0,0.0,0,0,1,0,0,0,0,0,0,0,0,0,0,gratuito
2,10000.0,2,1.0,1,1,1,0,0,0,0,1,0,0,0,0,0,medio_alto
1,0.0,0,0.0,75,2,1,0,0,1,1,0,0,1,0,0,0,medio_alto
2,10000.0,0,0.0,1,2,1,0,0,0,1,0,0,0,0,1,0,baixo
5,10000.0,6,0.3333333333333333,1,6,1,0,0,0,1,0,1,1,1,1,0,medio_alto
2,10000.0,0,0.0,1,2,1,0,0,0,1,0,0,1,0,0,0,gratuito
2,10000.0,1,1.0,3,2,1,0,0,0,0,1,1,0,0,0,0,medio_alto
10,10000.0,3,0.3333333333333333,1,2,1,0,0,0,1,1,0,0,0,0,0,medio_baixo
1,0.0,0,0.0,1,1,1,0,0,0,0,0,0,1,0,0,0,alto
1,35000.0,3,1.0,1,3,1,0,0,0,1,0,1,0,1,0,0,baixo
3,35000.0,5,0.8,1,4,1,1,1,0,1,0,1,1,1,0,0,baixo
1,0.0,0,0.0,0,0,1,0,0,0,0,0,0,0,0,0,0,gratuito
2,10000.0,59,0.4067796610169492,2,1,1,0,0,0,0,1,0,0,0,0,0,baixo
6,10000.0,7,0.8571428571428571,1,2,1,1,0,0,1,0,1,0,0,0,0,medio_alto
10,3500000.0,17346,0.9774587801222184,1,3,1,1,1,1,1,1,0,0,0,0,0,gratuito
11,35000.0,814,0.9471744471744472,12,2,1,1,1,0,1,1,0,0,0,0,0,medio_baixo
9,75000.0,634,0.6545741324921136,9,1,1,0,0,0,0,1,0,0,0,0,0,baixo
3,35000.0,644,0.8540372670807453,1,3,1,0,0,0,1,0,1,0,1,0,0,alto
8,10000.0,55,1.0,1,1,1,0,0,0,0,0,0,0,0,0,0,baixo
4,10000.0,1,1.0,2,3,1,0,1,0,1,1,1,0,0,0,0,medio_alto
6,10000.0,87,0.5517241379310345,10,3,1,1,1,1,1,1,0,0,1,0,0,medio_baixo
3,10000.0,182,0.7802197802197802,2,3,1,1,0,0,1,0,0,0,1,1,0,medio_baixo
2,0.0,0,0.0,1,4,1,1,0,0,0,0,1,0,1,0,0,gratuito
5,10000.0,55,0.6909090909090909,6,2,1,1,1,1,1,0,0,0,0,1,0,medio_alto
4,10000.0,1,0.0,1,7,1,0,0,0,1,1,1,1,0,1,1,baixo
2,10000.0,0,0.0,1,2,1,0,0,0,0,0,0,0,0,1,1,medio_baixo
4,0.0,0,0.0,0,0,1,0,0,0,0,0,0,0,0,0,0,gratuito
2,10000.0,326,0.8374233128834356,1,2,1,0,1,0,0,0,0,1,0,0,1,medio_alto
17,150000.0,289,0.8512110726643599,1,2,1,0,0,0,0,0,0,0,1,1,0,baixo
2,0.0,0,0.0,0,0,1,0,0,0,0,0,0,0,0,0,0,gratuito
1,10000.0,0,0.0,1,2,1,0,0,0,0,0,0,1,0,0,0,baixo
1,0.0,0,0.0,0,0,1,0,0,0,0,0,0,0,0,0,0,gratuito
1,10000.0,0,0.0,2,3,1,0,0,0,0,1,1,1,0,0,0,medio_alto
6,35000.0,34,0.8823529411764706,1,3,1,1,1,1,1,1,0,0,0,0,0,gratuito
9,10000.0,9,0.8888888888888888,1,2,1,0,0,0,1,1,0,0,0,0,0,baixo
4,10000.0,15,0.9333333333333333,2,4,1,1,1,0,1,0,0,1,0,1,1,medio_alto
7,10000.0,14,0.7857142857142857,1,4,1,0,0,1,1,1,0,1,0,0,0,baixo
2,10000.0,26,1.0,2,3,1,0,1,0,1,1,0,0,0,0,0,medio_baixo
10,75000.0,69,0.5652173913043478,2,2,1,0,0,0,0,0,0,1,0,0,1,baixo
7,10000.0,19,0.7368421052631579,1,3,1,0,0,0,0,1,1,1,0,0,0,alto
4,10000.0,0,0.0,1,1,1,0,0,0,0,1,0,0,0,0,0,medio_baixo
8,10000.0,8,0.75,1,6,1,0,0,1,1,1,1,1,0,1,0,baixo
1,10000.0,0,0.0,7,5,1,0,0,0,1,1,1,1,0,1,0,medio_baixo
6,10000.0,202,0.9504950495049505,3,2,1,0,1,2,1,0,1,0,0,0,0,medio_alto
3,10000.0,1,1.0,1,4,1,0,0,0,1,0,0,1,0,1,1,medio_alto
5,10000.0,5,0.6,1,5,1,0,0,0,1,1,1,0,1,0,0,alto
2,10000.0,129,0.8217054263565892,8,2,1,0,0,0,1,0,0,0,0,1,0,alto
3,10000.0,27,0.9629629629629629,2,3,1,0,0,0,1,0,1,0,0,0,1,medio_alto
2,0.0,0,0.0,103,2,1,0,0,0,1,0,0,1,0,0,0,baixo
2,10000.0,1,1.0,1,3,1,0,0,0,1,1,0,0,0,0,0,medio_alto
1,0.0,0,0.0,1,3,1,0,0,0,0,0,0,0,0,1,1,gratuito
5,10000.0,8,1.0,21,3,1,0,0,0,1,0,0,1,0,1,0,medio_baixo
1,10000.0,0,0.0,1,3,1,0,0,0,1,0,0,1,0,1,0,medio_baixo
2,10000.0,161,0.8819875776397516,14,3,1,1,0,0,1,0,1,1,0,0,0,medio_baixo
1,10000.0,9,1.0,2,4,1,0,0,0,1,1,1,0,0,0,0,medio_baixo
4,10000.0,22,0.8636363636363636,1,4,1,0,0,0,1,0,0,1,0,1,0,alto
3,0.0,0,0.0,0,0,1,0,0,0,0,0,0,0,0,0,0,gratuito
2,10000.0,771,0.8871595330739299,11,2,1,0,0,0,0,1,1,0,0,0,0,alto
1,0.0,0,0.0,103,2,1,0,0,0,1,0,0,1,0,0,0,baixo
9,10000.0,3,0.6666666666666666,1,6,1,0,0,0,1,1,1,1,0,1,0,medio_alto
6,10000.0,12,0.8333333333333334,5,2,1,1,1,1,0,1,0,0,1,0,0,medio_alto
3,10000.0,37,0.7297297297297297,3,4,1,0,0,0,1,1,0,0,1,0,0,medio_alto
10,10000.0,14,0.42857142857142855,1,4,1,0,0,0,1,0,1,1,0,0,1,medio_alto
2,0.0,0,0.0,1,5,1,0,0,0,1,1,1,1,0,0,0,gratuito
1,0.0,0,0.0,1,1,1,0,1,0,0,1,0,0,0,0,0,medio_alto
4,10000.0,0,0.0,2,3,1,0,0,0,1,0,0,1,0,0,1,alto
3,0.0,0,0.0,103,3,1,0,0,0,1,0,0,1,0,0,0,gratuito
7,150000.0,3520,0.8664772727272727,11,2,1,0,0,3,0,1,0,0,0,0,0,medio_alto
9,10000.0,37,0.7567567567567568,1,5,1,0,0,0,1,1,0,0,1,1,0,medio_alto
9,10000.0,1,0.0,1,4,1,0,0,0,1,1,0,0,0,1,0,alto
6,150000.0,413,0.7239709443099274,1,2,1,0,0,0,1,0,0,0,0,0,0,gratuito
5,10000.0,0,0.0,3,2,1,0,1,0,0,0,1,1,0,0,0,medio_baixo
4,10000.0,196,0.673469387755102,1,6,1,0,0,0,1,1,1,1,1,0,1,baixo
1,0.0,0,0.0,1,3,1,0,0,0,0,1,0,0,0,0,0,gratuito
2,10000.0,1,1.0,1,4,1,0,0,0,1,1,0,1,0,1,0,baixo
2,10000.0,22,0.8181818181818182,3,5,1,0,0,0,1,1,1,1,0,1,0,alto
4,35000.0,19,0.42105263157894735,1,5,1,0,0,0,1,1,0,1,0,1,0,alto
3,35000.0,912,0.9473684210526315,4,4,1,0,0,0,1,1,1,1,0,0,0,baixo
1,10000.0,1,1.0,1,4,1,0,0,0,1,1,1,1,0,0,0,medio_alto
5,10000.0,183,0.9562841530054644,5,1,1,1,0,0,1,0,0,0,0,0,0,medio_baixo
3,10000.0,0,0.0,1,3,1,1,0,0,1,0,0,1,0,0,1,gratuito
2,0.0,0,0.0,0,0,1,0,0,0,0,0,0,0,0,0,0,gratuito
2,10000.0,2,1.0,1,2,1,0,0,0,1,1,0,0,0,0,0,baixo
3,0.0,0,0.0,1,5,1,0,0,0,1,1,1,0,0,0,0,gratuito
1,10000.0,1,1.0,2,3,1,0,0,0,0,1,1,0,0,1,0,baixo
4,10000.0,0,0.0,1,3,1,1,0,0,1,0,1,0,0,0,0,gratuito
7,10000.0,68,0.75,2,4,1,0,0,0,0,0,1,1,1,1,0,alto
4,10000.0,2,1.0,1,2,1,1,0,0,1,1,0,0,0,0,0,medio_baixo
2,35000.0,369,0.8157181571815718,6,4,1,0,0,1,1,0,0,1,0,1,1,medio_alto
1,10000.0,0,0.0,1,3,1,0,0,0,1,0,0,1,0,0,1,medio_baixo
10,10000.0,132,0.803030303030303,2,1,1,0,0,0,0,0,0,0,0,0,1,alto
1,10000.0,0,0.0,1,5,1,0,0,0,1,1,1,0,1,0,0,medio_alto
7,10000.0,3,1.0,1,2,1,0,0,0,1,0,0,0,0,1,0,alto
1,0.0,0,0.0,0,0,1,0,0,0,0,0,0,0,0,0,0,gratuito
6,10000.0,16,0.875,5,7,1,0,0,0,1,1,1,1,1,1,0,medio_baixo
2,10000.0,7,0.7142857142857143,4,2,1,0,0,1,0,0,1,1,0,0,0,alto
2,10000.0,0,0.0,4,1,1,0,0,0,0,1,0,0,0,0,0,alto
2,10000.0,0,0.0,1,4,1,0,0,0,1,0,0,1,1,0,0,medio_alto
8,10000.0,5,0.4,1,3,1,0,0,0,0,1,0,0,0,0,1,medio_alto
2,10000.0,0,0.0,1,4,1,0,0,0,0,1,0,1,0,1,1,alto
10,350000.0,4163,0.9507566658659621,2,2,1,1,1,0,1,0,0,0,0,0,1,alto
1,0.0,0,0.0,0,0,1,0,0,0,0,0,0,0,0,0,0,gratuito
1,10000.0,0,0.0,13,4,1,1,0,1,1,0,1,1,0,0,1,alto
2,10000.0,10,0.7,1,1,1,0,0,0,1,0,0,0,0,0,0,medio_baixo
5,0.0,0,0.0,0,0,1,0,0,0,0,0,0,0,0,0,0,gratuito
4,10000.0,45,0.8,3,4,1,0,0,0,1,1,0,0,0,0,0,gratuito
6,10000.0,9,0.5555555555555556,2,2,1,0,0,0,1,0,0,0,0,0,1,medio_alto
4,10000.0,14,0.5714285714285714,1,6,1,0,0,0,1,1,1,0,1,1,1,medio_baixo
3,75000.0,3,0.6666666666666666,11,5,1,0,0,0,1,1,1,0,1,1,0,medio_alto
2,35000.0,16,0.625,2,2,1,0,0,0,1,1,0,0,0,0,0,alto
10,10000.0,16,0.6875,1,3,1,0,0,0,0,1,0,0,0,1,1,baixo
1,350000.0,2431,0.8601398601398601,12,4,1,0,0,0,1,1,1,1,0,0,0,medio_alto
1,0.0,0,0.0,1,2,1,0,0,0,0,1,0,0,0,0,1,medio_baixo
1,0.0,0,0.0,103,2,1,0,0,0,1,0,0,1,0,0,0,medio_baixo
7,35000.0,29,0.9310344827586207,29,2,1,0,0,0,1,0,0,1,0,0,0,baixo
10,10000.0,29,0.896551724137931,1,3,1,0,0,0,1,1,0,0,0,0,0,gratuito
2,10000.0,85,1.0,2,2,1,0,0,0,0,1,0,0,0,1,0,alto
8,150000.0,2833,0.937169078715143,2,1,1,0,0,13,0,0,0,0,1,0,0,alto
2,0.0,0,0.0,7,2,1,0,0,3,0,0,0,1,0,0,0,gratuito
7,10000.0,2,0.0,1,2,1,0,0,2,1,1,0,0,0,0,0,baixo
2,0.0,0,0.0,30,7,1,0,0,8,1,0,1,1,1,1,1,gratuito
3,10000.0,5,0.8,1,4,1,0,0,0,1,0,0,1,0,1,1,baixo
1,10000.0,30,0.43333333333333335,5,3,1,0,0,0,1,1,0,0,1,0,0,alto
1,10000.0,0,0.0,6,2,1,0,0,0,0,0,0,1,1,0,0,alto
2,10000.0,32,0.75,7,4,1,0,0,0,1,0,1,0,0,0,1,medio_baixo
3,10000.0,26,0.8846153846153846,1,1,1,0,0,0,0,1,0,0,0,0,0,medio_alto
4,35000.0,4,0.5,1,3,1,1,0,0,0,1,1,0,0,1,0,medio_alto
3,10000.0,53,0.6981132075471698,6,3,1,0,0,1,1,1,1,0,0,0,0,alto
2,0.0,0,0.0,0,0,1,0,0,0,0,0,0,0,0,0,0,gratuito
6,10000.0,3,0.3333333333333333,5,2,1,0,0,0,1,1,0,0,0,0,0,medio_baixo
1,10000.0,0,0.0,18,4,1,0,0,0,1,1,1,0,1,0,0,baixo
12,35000.0,50,0.56,1,3,1,1,1,0,1,0,1,1,0,0,0,medio_baixo
12,150000.0,1223,0.7710547833197057,4,3,1,1,0,2,1,0,0,0,0,1,1,medio_alto
4,10000.0,25,0.52,2,1,1,0,0,0,0,0,0,0,0,1,0,baixo
1,0.0,0,0.0,15,5,1,0,0,0,1,1,1,0,0,1,0,medio_baixo
11,35000.0,82,0.5609756097560976,1,2,1,0,0,0,1,0,0,1,0,0,0,baixo
1,0.0,0,0.0,0,0,1,0,0,0,0,0,0,0,0,0,0,gratuito
4,35000.0,35,0.9428571428571428,2,1,1,0,0,1,0,0,0,0,1,0,0,gratuito
5,10000.0,3,1.0,1,2,1,0,1,0,1,0,1,0,0,0,0,baixo
2,10000.0,10,0.9,1,3,1,0,0,1,0,0,0,1,0,0,1,baixo
3,10000.0,82,0.8902439024390244,1,4,1,0,0,1,0,1,0,1,0,0,0,gratuito
5,75000.0,1687,0.9146413752222881,14,3,1,0,0,1,1,1,1,0,0,0,0,alto
6,10000.0,8,0.625,103,5,1,0,0,0,1,0,1,1,0,1,1,baixo
4,10000.0,1,0.0,1,4,1,0,0,0,1,1,1,1,0,0,0,medio_baixo
2,0.0,0,0.0,1,6,1,0,0,0,1,0,0,1,0,1,1,gratuito
11,35000.0,175,0.7142857142857143,2,3,1,0,0,0,1,1,0,0,0,0,1,medio_baixo
1,10000.0,0,0.0,1,2,1,0,0,0,0,1,0,0,0,0,0,medio_baixo
2,0.0,0,0.0,0,0,1,0,0,0,0,0,0,0,0,0,0,gratuito
4,10000.0,5,1.0,1,2,1,0,1,0,1,0,0,0,0,1,0,medio_baixo
2,10000.0,0,0.0,1,5,1,0,0,0,1,0,0,1,0,1,1,alto
1,10000.0,0,0.0,3,4,1,0,0,0,1,0,1,1,0,0,1,medio_alto
6,35000.0,111,0.7567567567567568,1,2,1,0,0,0,0,0,0,1,0,1,0,alto
7,350000.0,13947,0.9774861977486198,4,3,1,0,0,0,1,0,1,0,1,0,0,baixo
2,10000.0,100,0.97,1,3,1,0,0,0,1,0,1,1,0,0,0,medio_baixo
2,10000.0,0,0.0,29,2,1,0,0,0,1,0,0,1,0,0,0,baixo
9,10000.0,13,1.0,1,2,1,0,0,0,1,0,0,1,0,0,0,medio_alto
1,0.0,0,0.0,2,1,1,0,0,1,0,1,0,0,0,0,0,medio_alto
2,350000.0,3022,0.9735274652547982,17,3,1,1,0,4,1,0,1,0,1,0,0,alto
10,75000.0,143,0.40559440559440557,1,2,1,0,0,0,0,1,0,1,0,0,0,baixo
4,10000.0,29,1.0,3,2,1,0,0,0,1,0,0,1,0,0,0,baixo
8,75000.0,336,0.8571428571428571,1,5,1,0,0,0,0,1,0,1,0,0,1,gratuito
4,10000.0,11,0.6363636363636364,1,6,1,0,0,0,1,1,1,1,1,0,1,baixo
1,10000.0,0,0.0,4,3,1,0,0,0,1,0,0,1,1,0,0,baixo
14,150000.0,310,0.6096774193548387,1,3,1,1,0,0,1,1,0,1,0,0,0,medio_alto
2,75000.0,2578,0.9840961986035687,1,1,1,0,0,0,0,0,0,0,1,0,0,medio_alto
10,10000.0,24,0.375,7,3,1,1,1,0,1,1,0,0,1,0,0,medio_baixo
3,10000.0,16,0.9375,1,5,1,1,1,0,1,0,0,1,0,1,0,medio_baixo
1,10000.0,0,0.0,9,1,1,0,0,0,0,0,0,1,0,0,0,medio_baixo
2,10000.0,0,0.0,4,2,1,0,0,0,0,1,0,0,0,0,0,baixo
4,10000.0,24,0.2916666666666667,29,3,1,0,0,0,1,1,0,0,0,0,0,baixo
1,0.0,0,0.0,0,0,1,0,0,0,0,0,0,0,0,0,0,gratuito
6,10000.0,12,0.9166666666666666,1,2,1,1,0,0,1,0,1,0,0,0,0,medio_baixo
2,10000.0,1,1.0,1,4,1,0,0,0,1,0,1,1,0,1,0,medio_baixo
1,0.0,0,0.0,0,0,1,0,0,0,0,0,0,0,0,0,0,gratuito
7,10000.0,25,0.64,5,4,1,0,0,1,0,1,1,1,1,0,0,alto
3,0.0,0,0.0,103,9,1,1,1,0,1,1,1,1,1,1,1,alto
1,10000.0,57,0.7894736842105263,13,3,1,0,0,0,1,0,1,0,1,0,0,alto
2,10000.0,3,0.6666666666666666,1,4,1,0,0,0,1,1,0,0,1,1,0,baixo
8,10000.0,8,0.625,1,1,1,0,0,0,0,0,0,0,0,0,0,medio_alto
1,10000.0,0,0.0,10,2,1,0,0,0,1,0,0,1,0,0,0,medio_baixo
1,10000.0,0,0.0,12,1,1,0,0,3,0,1,0,0,0,0,0,alto
1,0.0,0,0.0,0,0,1,0,0,0,0,0,0,0,0,0,0,gratuito
1,10000.0,0,0.0,16,4,1,0,0,7,0,0,1,1,1,0,1,alto
2,10000.0,58,0.8793103448275862,1,2,1,1,0,0,1,0,1,0,0,0,0,medio_baixo
1,10000.0,0,0.0,8,3,1,0,0,0,1,0,0,1,0,0,0,alto
1,10000.0,0,0.0,1,2,1,0,0,0,1,1,0,0,0,0,0,baixo
1,0.0,0,0.0,2,4,1,0,0,0,1,0,0,1,0,1,1,medio_alto
10,350000.0,2419,0.819346837536172,14,3,1,0,0,2,1,0,0,0,0,1,1,alto
2,10000.0,2,1.0,8,1,1,0,0,0,0,1,0,0,0,0,0,medio_alto
1,10000.0,29,0.896551724137931,1,2,1,0,0,0,0,1,0,0,0,0,1,alto
2,10000.0,0,0.0,1,1,1,0,0,0,0,0,1,0,0,0,0,medio_alto
1,0.0,0,0.0,1,3,1,0,0,0,0,0,0,1,0,1,0,gratuito
8,10000.0,23,0.5652173913043478,3,4,1,0,0,0,1,1,1,1,0,0,0,baixo
2,0.0,0,0.0,0,0,1,0,0,0,0,0,0,0,0,0,0,gratuito
2,10000.0,23,0.6521739130434783,1,3,1,1,0,0,0,1,0,0,0,0,0,gratuito
5,10000.0,10,0.7,1,2,1,0,0,0,1,0,0,1,0,0,0,medio_baixo
3,10000.0,0,0.0,24,3,1,1,0,8,0,0,0,1,0,0,1,gratuito
2,0.0,0,0.0,1,5,1,0,0,0,1,1,0,1,0,0,1,gratuito
3,10000.0,9,1.0,1,3,1,0,0,0,1,1,0,1,0,0,0,medio_baixo
8,10000.0,19,0.8947368421052632,5,4,1,0,0,0,1,1,1,0,0,0,0,alto
11,350000.0,669,0.6860986547085202,12,4,1,1,0,0,1,0,0,0,0,1,0,gratuito
9,10000.0,296,0.9527027027027027,1,2,1,1,1,1,1,0,0,1,0,0,0,gratuito
5,10000.0,5,1.0,1,3,1,0,0,0,1,0,1,0,0,1,0,baixo
3,10000.0,1,1.0,1,4,1,0,0,0,0,1,1,0,0,1,0,medio_baixo
6,10000.0,46,0.8478260869565217,2,4,1,0,0,0,1,0,0,1,0,0,1,baixo
3,0.0,0,0.0,1,2,1,0,1,1,0,1,0,0,0,1,0,gratuito
2,0.0,0,0.0,1,3,1,0,0,0,1,0,0,1,0,0,0,gratuito
1,10000.0,0,0.0,10,3,1,1,0,0,1,1,1,0,0,0,0,alto
5,10000.0,37,0.972972972972973,1,2,1,0,0,0,1,0,0,1,0,0,0,medio_baixo
3,10000.0,20,0.65,2,3,1,0,0,0,1,0,1,1,0,0,0,alto
1,10000.0,0,0.0,12,3,1,0,0,0,1,0,0,1,0,0,1,alto
3,0.0,0,0.0,0,0,1,0,0,0,0,0,0,0,0,0,0,gratuito
4,75000.0,473,0.6131078224101479,1,0,1,0,0,0,0,0,0,0,0,0,0,alto
1,0.0,0,0.0,1,1,1,0,0,0,1,0,0,0,0,0,0,medio_alto
6,35000.0,5,1.0,1,4,1,0,0,0,1,1,0,1,0,0,0,gratuito
1,75000.0,3,1.0,1,3,1,0,0,0,1,0,0,0,0,1,1,baixo
6,35000.0,20,0.9,1,2,1,0,0,0,0,1,0,0,0,0,0,gratuito
1,10000.0,0,0.0,1,4,1,1,0,0,1,0,0,1,1,0,1,alto
2,75000.0,2182,0.6736938588450962,24,4,1,0,0,0,1,1,0,0,0,0,0,baixo
1,0.0,0,0.0,1,3,1,0,0,0,1,0,0,1,0,0,0,gratuito
1,10000.0,0,0.0,9,2,1,0,0,0,1,0,1,0,0,0,0,alto
6,150000.0,948,0.790084388185654,16,2,1,0,0,0,1,0,0,0,1,0,0,medio_baixo
9,10000.0,29,0.7931034482758621,1,3,1,0,0,0,0,0,1,0,1,0,0,gratuito
9,10000.0,12,0.9166666666666666,6,3,1,0,0,0,1,0,0,1,0,1,0,medio_baixo
2,10000.0,46,0.8478260869565217,11,4,1,0,0,0,1,0,0,1,0,1,1,alto
3,10000.0,2,1.0,1,2,1,0,0,0,0,1,0,1,0,0,0,medio_baixo
1,10000.0,0,0.0,1,3,1,0,0,0,0,0,0,1,0,1,1,medio_baixo
10,10000.0,9,0.5555555555555556,7,2,1,0,0,0,1,0,0,0,0,1,0,medio_alto
3,10000.0,2,1.0,1,3,1,0,0,1,1,0,0,1,0,1,0,baixo
8,10000.0,15,0.9333333333333333,1,2,1,0,0,0,1,1,0,0,0,0,0,alto
5,10000.0,10,1.0,1,3,1,0,0,1,0,1,0,1,0,0,0,gratuito
9,10000.0,52,0.6923076923076923,1,6,1,0,0,0,1,1,1,0,0,1,1,gratuito
6,10000.0,8,0.25,2,4,1,0,0,0,1,0,0,1,0,0,1,baixo
8,10000.0,2,0.5,9,3,1,1,1,1,1,1,1,0,0,0,0,alto
1,10000.0,0,0.0,14,4,1,0,0,0,1,0,0,1,0,0,1,medio_alto
7,35000.0,319,0.9278996865203761,8,2,1,1,1,1,1,1,0,0,0,0,0,medio_alto
7,10000.0,81,0.9259259259259259,3,2,1,0,0,1,1,1,0,0,0,0,0,medio_alto
4,10000.0,4,1.0,3,3,1,1,0,0,1,0,1,0,0,1,0,medio_baixo
2,150000.0,4258,0.5488492249882574,1,3,1,0,0,0,0,0,0,0,0,1,1,alto
4,350000.0,486,0.7283950617283951,5,1,1,0,0,0,0,0,1,0,0,0,0,medio_baixo
2,0.0,0,0.0,1,4,1,0,0,5,1,1,0,1,0,0,0,gratuito
6,10000.0,8,0.875,1,2,1,0,1,0,1,1,0,0,0,0,0,baixo
3,10000.0,26,1.0,1,4,1,0,0,0,1,1,1,1,0,0,0,medio_alto
1,0.0,0,0.0,0,0,1,0,0,0,0,0,0,0,0,0,0,gratuito
8,10000.0,0,0.0,2,3,1,0,0,0,1,1,1,0,0,0,0,medio_alto
3,150000.0,2710,0.7298892988929889,15,4,1,0,0,0,1,1,1,1,0,0,0,medio_baixo
1,10000.0,0,0.0,1,3,1,0,0,0,0,0,1,1,0,0,1,baixo
3,0.0,0,0.0,0,0,1,0,0,0,0,0,0,0,0,0,0,gratuito
5,10000.0,238,0.5966386554621849,9,4,1,0,0,0,1,1,0,0,1,0,0,medio_alto
7,35000.0,236,0.9576271186440678,1,5,1,1,0,0,1,1,1,0,1,0,0,gratuito
8,150000.0,204,0.8088235294117647,10,3,1,0,1,0,1,1,1,0,0,0,0,medio_alto
7,10000.0,14,0.2857142857142857,103,1,1,0,0,0,1,0,0,0,0,0,0,baixo
4,10000.0,20,0.35,1,3,1,0,0,0,1,1,1,0,0,0,0,medio_baixo
3,10000.0,0,0.0,1,2,1,0,0,0,1,1,0,0,0,0,0,baixo
10,75000.0,1103,0.6727107887579329,1,6,1,1,0,1,1,1,1,0,1,1,1,baixo
2,10000.0,55,0.9272727272727272,2,3,1,0,0,0,1,1,1,0,0,0,0,medio_baixo
7,10000.0,2,1.0,2,3,1,0,0,0,1,0,0,0,0,1,1,baixo
1,10000.0,0,0.0,24,5,1,0,0,0,1,0,0,1,0,0,1,gratuito
9,10000.0,13,0.6153846153846154,1,1,1,0,0,0,0,0,0,0,0,0,1,medio_alto
2,10000.0,0,0.0,1,5,1,0,0,0,1,0,1,1,1,0,0,gratuito
4,150000.0,1469,0.820285908781484,11,4,1,0,0,2,0,1,1,1,0,1,0,medio_alto
1,0.0,0,0.0,1,6,1,0,0,0,0,1,1,0,1,1,1,gratuito
5,10000.0,2,1.0,1,3,1,0,0,0,0,0,0,0,0,0,0,alto
1,10000.0,0,0.0,5,3,1,0,0,0,1,0,0,1,0,0,1,baixo
10,10000.0,9,0.4444444444444444,1,2,1,1,1,0,1,0,0,0,0,1,0,medio_alto
8,10000.0,36,0.7222222222222222,4,2,1,0,0,0,1,1,0,0,0,0,0,medio_alto
12,150000.0,832,0.7487980769230769,1,1,1,1,0,1,1,0,0,0,0,0,0,baixo
3,10000.0,14,0.7142857142857143,2,1,1,0,0,0,0,0,0,1,0,0,0,medio_baixo
1,75000.0,2,1.0,30,5,1,0,0,0,1,0,0,1,0,1,1,medio_alto
4,10000.0,23,0.9130434782608695,1,3,1,0,0,0,0,1,0,1,0,0,0,gratuito
1,10000.0,0,0.0,1,3,1,0,0,0,1,1,0,0,0,0,0,medio_baixo
3,35000.0,172,0.7093023255813954,1,4,1,0,0,0,1,0,0,1,0,0,1,medio_baixo
2,10000.0,22,1.0,17,2,1,0,0,0,1,0,0,1,0,0,0,baixo
1,10000.0,5,0.8,4,3,1,0,0,0,1,0,1,1,0,0,0,medio_baixo
2,10000.0,66,0.803030303030303,2,6,1,0,0,0,1,1,1,1,0,1,1,medio_alto
3,10000.0,5,0.8,1,1,1,0,0,0,0,0,0,0,0,1,0,medio_alto
5,10000.0,12,0.75,1,3,1,0,0,0,1,0,1,1,0,0,0,gratuito
6,10000.0,3,0.6666666666666666,1,2,1,0,0,0,1,0,0,1,0,0,0,medio_baixo
6,10000.0,60,0.8333333333333334,1,1,1,1,0,0,1,0,0,0,0,0,0,baixo
9,10000.0,116,0.7931034482758621,12,3,1,1,1,5,1,0,0,1,0,1,0,medio_alto
8,75000.0,574,0.7299651567944251,11,4,1,1,1,4,1,0,1,0,1,1,0,alto
7,35000.0,344,0.7674418604651163,3,1,1,0,0,0,1,0,0,0,0,0,0,alto
4,10000.0,59,0.6271186440677966,1,3,1,0,0,0,1,1,0,0,0,0,0,alto
3,10000.0,0,0.0,1,2,1,0,0,0,0,0,0,1,0,0,1,medio_alto
3,10000.0,157,0.9745222929936306,3,2,1,1,1,1,1,0,1,0,0,0,0,alto
1,10000.0,14,1.0,1,4,1,0,0,0,1,1,1,0,0,0,0,alto
5,10000.0,307,0.7850162866449512,9,5,1,0,0,0,1,1,1,0,0,0,1,medio_alto
1,0.0,0,0.0,12,2,1,0,1,0,1,0,1,0,0,0,0,medio_alto
1,0.0,0,0.0,1,2,1,0,1,0,1,1,0,0,0,0,0,medio_baixo
2,35000.0,55,0.8545454545454545,2,2,1,1,0,0,1,0,1,0,0,0,0,medio_baixo
4,35000.0,3,0.6666666666666666,1,2,1,0,1,0,1,0,0,0,1,0,0,medio_alto
4,75000.0,35,0.8571428571428571,11,3,1,0,0,1,1,0,1,0,1,0,0,medio_alto
1,10000.0,0,0.0,1,4,1,1,1,0,1,0,1,0,1,1,0,medio_alto
5,10000.0,14,0.5714285714285714,4,1,1,0,0,0,0,0,0,1,0,0,0,medio_baixo
9,10000.0,17,0.7647058823529411,1,3,1,0,0,0,0,0,0,0,0,0,0,gratuito
6,10000.0,36,0.75,4,2,1,0,0,0,0,1,1,0,0,0,0,baixo
9,35000.0,59,0.6440677966101694,2,2,1,0,0,0,0,0,1,0,1,0,0,baixo
2,0.0,0,0.0,103,9,1,1,1,0,1,1,1,1,1,1,1,alto
8,10000.0,13,0.6153846153846154,1,3,1,0,0,0,1,1,1,0,0,0,0,baixo
9,10000.0,7,0.8571428571428571,1,2,1,0,0,0,0,0,1,1,0,0,0,medio_alto
3,0.0,0,0.0,103,8,1,1,1,0,1,1,1,1,1,1,1,alto
1,0.0,0,0.0,1,4,1,0,0,0,1,1,1,1,0,0,0,medio_baixo
1,750000.0,21213,0.9843492198180361,10,5,1,1,1,0,1,1,0,1,0,1,0,alto
1,0.0,0,0.0,2,3,1,0,0,0,1,1,0,1,0,0,0,medio_alto
6,10000.0,41,0.8048780487804879,2,1,1,0,0,0,0,0,1,0,0,0,0,baixo
8,10000.0,26,0.8461538461538461,1,4,1,1,0,0,0,0,1,1,0,0,0,gratuito
5,10000.0,0,0.0,1,3,1,0,0,0,1,0,1,1,0,0,0,baixo
1,10000.0,0,0.0,1,4,1,0,0,0,1,0,0,0,0,0,1,baixo
3,10000.0,4,1.0,2,3,1,0,0,0,1,0,0,1,1,0,0,alto
3,10000.0,26,0.9615384615384616,1,5,1,0,0,0,1,1,1,0,1,1,0,medio_alto
1,10000.0,0,0.0,8,1,1,0,1,0,0,0,1,0,0,0,0,alto
1,10000.0,2,0.5,25,3,1,0,0,0,1,1,1,0,0,0,0,medio_baixo
1,150000.0,3790,0.7986807387862797,13,1,1,0,0,2,0,0,0,0,0,0,0,alto
1,10000.0,0,0.0,1,4,1,0,0,0,1,1,1,0,1,0,0,medio_alto
11,10000.0,50,0.86,3,2,1,1,1,1,1,0,0,0,0,1,0,medio_alto
9,10000.0,84,0.9404761904761905,5,1,1,1,1,0,0,0,1,0,0,0,0,medio_alto
1,0.0,0,0.0,0,0,1,0,0,0,0,0,0,0,0,0,0,gratuito
2,10000.0,0,0.0,1,4,1,0,0,0,1,1,1,1,0,0,0,baixo
6,10000.0,178,0.6797752808988764,1,4,1,1,1,0,1,0,0,0,0,1,1,alto
12,150000.0,296,0.8445945945945946,3,3,1,1,1,3,1,0,0,1,0,1,0,medio_baixo
3,0.0,0,0.0,1,5,1,1,0,0,1,1,1,0,1,0,0,gratuito
1,10000.0,10,0.7,1,3,1,0,0,0,1,1,1,0,0,0,0,medio_baixo
1,10000.0,8,1.0,4,2,1,0,0,0,1,0,0,0,0,0,0,medio_alto
5,10000.0,0,0.0,1,2,1,0,0,0,1,0,0,1,0,0,0,medio_baixo
7,10000.0,8,1.0,5,2,1,0,0,0,1,0,1,0,0,0,0,medio_alto
9,10000.0,13,0.8461538461538461,2,4,1,0,0,1,1,1,1,0,1,0,0,medio_baixo
1,10000.0,0,0.0,17,2,1,0,0,0,0,0,0,1,0,0,1,alto
2,0.0,0,0.0,0,0,1,0,0,0,0,0,0,0,0,0,0,gratuito
2,10000.0,0,0.0,30,2,1,0,0,0,0,0,1,1,0,0,0,medio_baixo
6,10000.0,5,0.6,1,3,1,0,0,0,1,1,0,1,0,0,0,alto
4,0.0,0,0.0,1,3,1,0,0,0,0,1,0,1,0,0,0,gratuito
4,0.0,0,0.0,0,0,1,0,0,0,0,0,0,0,0,0,0,gratuito
1,0.0,0,0.0,103,2,1,1,1,1,1,0,0,1,0,0,0,medio_alto
3,10000.0,8,0.75,2,3,1,0,0,0,1,1,1,0,0,0,0,alto
4,10000.0,17,0.7058823529411765,1,6,1,0,0,0,1,1,1,1,0,1,1,baixo
10,10000.0,17,0.6470588235294118,1,3,1,1,1,0,1,0,1,0,1,0,0,medio_baixo
6,10000.0,0,0.0,1,4,1,0,0,0,1,1,0,1,0,0,0,baixo
4,10000.0,1,0.0,1,2,1,1,0,0,1,0,0,1,0,0,0,baixo
12,75000.0,216,0.35648148148148145,7,3,1,0,0,0,1,1,1,0,0,0,0,medio_baixo
3,10000.0,1,1.0,1,4,1,0,0,3,1,0,1,1,0,1,0,baixo
2,350000.0,9772,0.9585550552599263,13,3,1,0,0,0,1,1,1,0,0,0,0,alto
4,10000.0,18,0.7222222222222222,1,3,1,1,1,0,1,1,0,1,0,0,0,gratuito
1,10000.0,1,1.0,1,3,1,0,0,0,1,1,0,0,0,0,0,alto
2,10000.0,8,0.625,1,2,1,0,0,0,1,0,0,1,0,0,0,baixo
1,10000.0,0,0.0,1,1,1,0,0,0,0,0,0,0,1,0,0,medio_baixo
1,10000.0,0,0.0,1,3,1,0,0,0,1,1,1,0,0,0,0,baixo
6,10000.0,11,0.09090909090909091,1,2,1,0,1,0,1,1,0,0,0,0,0,medio_baixo
5,10000.0,274,0.9379562043795621,13,3,1,0,0,0,1,1,0,1,0,0,0,baixo
5,35000.0,108,0.7037037037037037,1,5,1,0,0,0,1,1,0,0,0,1,0,gratuito
3,0.0,0,0.0,1,3,1,0,0,0,1,0,0,1,1,0,0,gratuito
7,75000.0,975,0.9487179487179487,1,3,1,0,0,6,0,0,0,1,0,0,1,gratuito
11,10000.0,45,0.2222222222222222,3,1,1,1,0,0,0,0,0,0,0,0,1,medio_alto
1,10000.0,0,0.0,2,1,1,0,0,0,1,0,0,0,0,0,0,alto
7,10000.0,151,0.9470198675496688,1,2,1,0,0,0,1,0,0,0,1,0,0,baixo
2,0.0,0,0.0,0,0,1,0,0,0,0,0,0,0,0,0,0,gratuito
2,35000.0,5,1.0,103,3,1,0,0,0,1,1,0,1,0,0,0,medio_baixo
4,10000.0,0,0.0,2,2,1,0,1,0,0,0,0,1,0,0,1,medio_baixo
8,75000.0,355,0.8619718309859155,27,3,1,0,0,2,1,0,1,1,0,0,0,baixo
3,0.0,0,0.0,0,0,1,0,0,0,0,0,0,0,0,0,0,gratuito
9,10000.0,16,0.875,2,2,1,0,0,0,1,0,1,0,0,0,0,baixo
6,35000.0,141,0.6879432624113475,1,3,1,1,0,0,1,0,0,0,0,1,1,baixo
1,10000.0,0,0.0,3,4,1,0,0,0,1,1,1,0,1,0,0,medio_alto
6,10000.0,41,0.7804878048780488,2,3,1,0,0,0,1,0,1,1,0,0,0,gratuito
2,10000.0,3,0.6666666666666666,8,5,1,0,0,0,1,0,0,0,0,1,1,alto
2,0.0,0,0.0,103,1,1,0,1,1,0,1,0,0,0,0,0,baixo
1,0.0,0,0.0,1,4,1,0,0,0,0,0,1,1,0,0,1,gratuito
3,10000.0,0,0.0,1,3,1,0,0,0,1,0,0,1,0,0,0,medio_alto
7,75000.0,284,0.647887323943662,3,6,1,0,0,0,1,0,1,1,1,0,0,gratuito
8,10000.0,30,0.6333333333333333,1,2,1,1,0,0,0,0,0,0,0,1,0,gratuito
1,0.0,0,0.0,0,0,1,0,0,0,0,0,0,0,0,0,0,gratuito
4,10000.0,0,0.0,2,3,1,0,1,0,1,1,0,1,0,0,0,medio_baixo
1,0.0,0,0.0,0,0,1,0,0,0,0,0,0,0,0,0,0,gratuito
4,10000.0,0,0.0,2,3,1,1,0,0,1,0,0,1,0,0,1,baixo
4,10000.0,2,0.0,6,1,1,0,0,0,0,0,0,1,0,0,0,medio_alto
2,0.0,0,0.0,1,2,1,0,0,0,1,0,0,0,0,0,0,gratuito
3,10000.0,8,0.5,1,3,1,1,1,0,1,1,1,0,0,0,0,medio_alto
1,0.0,0,0.0,19,4,1,0,0,0,1,0,0,1,0,0,1,gratuito
2,75000.0,2,1.0,1,4,1,1,0,0,1,0,1,1,0,1,0,medio_baixo
1,0.0,0,0.0,8,2,1,1,1,0,1,0,1,0,0,0,0,medio_alto
9,10000.0,191,0.8638743455497382,4,3,1,1,1,2,1,0,0,1,0,0,1,medio_alto
7,10000.0,11,0.6363636363636364,1,3,1,0,0,100,1,1,0,1,0,0,0,gratuito
1,10000.0,0,0.0,1,3,1,0,0,0,1,0,1,0,0,0,0,medio_baixo
6,10000.0,4,1.0,2,3,1,0,0,0,1,1,0,0,0,0,0,medio_alto
7,10000.0,8,1.0,1,2,1,0,0,0,0,0,1,1,0,0,0,medio_alto
9,10000.0,44,0.8636363636363636,1,2,1,0,0,0,1,0,0,1,0,0,0,baixo
7,10000.0,35,0.37142857142857144,1,5,1,1,1,0,1,1,1,0,1,0,1,alto
10,10000.0,0,0.0,1,3,1,0,0,0,1,1,0,0,0,0,0,medio_alto
10,750000.0,1461,0.8583162217659137,2,3,1,1,0,1,1,0,0,1,0,1,0,gratuito
2,0.0,0,0.0,103,3,1,1,0,0,1,0,0,1,0,1,0,medio_baixo
6,0.0,0,0.0,0,0,1,0,0,0,0,0,0,0,0,0,0,gratuito
7,10000.0,9,0.5555555555555556,8,3,1,1,0,0,1,1,1,0,0,0,0,alto
8,10000.0,53,0.5094339622641509,1,5,1,0,0,0,1,1,1,0,1,0,0,medio_baixo
8,35000.0,96,0.7708333333333334,2,7,1,0,0,0,0,0,0,0,0,0,0,medio_baixo
9,10000.0,66,0.8181818181818182,6,3,1,1,1,0,1,1,0,1,0,0,0,baixo
12,10000.0,16,0.8125,1,1,1,0,0,0,0,0,0,0,0,0,1,baixo
3,150000.0,17,1.0,1,3,1,0,0,0,1,0,1,0,0,0,1,medio_baixo
7,10000.0,0,0.0,1,3,1,0,0,0,1,0,1,0,0,0,1,medio_alto
5,10000.0,26,0.2692307692307692,7,2,1,0,0,0,1,1,0,0,0,0,0,baixo
4,0.0,0,0.0,1,2,1,0,0,0,0,1,1,0,0,0,0,gratuito
7,35000.0,186,0.8494623655913979,1,2,1,0,0,0,1,0,0,0,0,1,0,gratuito
1,10000.0,25,1.0,1,4,1,0,0,0,1,1,1,0,1,0,0,medio_baixo
5,75000.0,147,0.7278911564625851,1,4,1,0,0,1,1,1,0,0,0,0,0,gratuito
2,10000.0,3,0.3333333333333333,8,3,1,0,0,0,1,0,0,1,0,1,0,alto
8,10000.0,13,0.6153846153846154,1,2,1,1,0,0,0,0,0,1,0,0,1,baixo
3,0.0,0,0.0,1,2,1,0,0,0,1,1,0,0,0,0,0,gratuito
1,75000.0,560,0.8392857142857143,10,3,1,1,0,1,1,0,0,0,0,1,1,alto
7,35000.0,1,1.0,2,1,1,0,0,0,0,0,0,1,0,0,0,baixo
9,150000.0,2468,0.7678282009724473,1,3,1,0,0,1,1,1,0,0,0,1,0,medio_alto
8,10000.0,133,0.7368421052631579,5,5,1,1,0,0,1,0,1,1,1,1,0,medio_baixo
2,0.0,0,0.0,0,0,1,0,0,0,0,0,0,0,0,0,0,gratuito
1,0.0,0,0.0,0,0,1,0,0,0,0,0,0,0,0,0,0,gratuito
6,10000.0,1,1.0,1,1,1,0,0,0,0,0,0,0,1,0,0,medio_baixo
8,10000.0,34,0.6176470588235294,1,3,1,1,0,0,1,0,0,1,0,0,0,gratuito
3,10000.0,13,0.6153846153846154,1,6,1,0,0,0,1,1,1,0,0,1,0,medio_alto
6,10000.0,1,1.0,1,1,1,0,0,0,1,0,0,0,0,0,0,gratuito
12,35000.0,61,0.32786885245901637,1,2,1,1,1,0,0,1,1,0,0,0,0,alto
17,350000.0,1582,0.8261694058154235,1,2,1,1,1,6,1,0,0,0,0,1,0,medio_baixo
6,10000.0,9,0.7777777777777778,1,2,1,0,0,0,1,0,0,1,0,0,0,baixo
10,10000.0,325,0.9230769230769231,1,3,1,0,0,0,1,1,0,1,0,0,0,alto
1,10000.0,1,1.0,1,2,1,0,0,0,1,1,0,0,0,0,0,baixo
1,0.0,0,0.0,0,0,1,0,0,0,0,0,0,0,0,0,0,gratuito
7,10000.0,6,0.8333333333333334,1,2,1,1,0,0,1,0,0,0,0,0,0,gratuito
15,3500000.0,24952,0.9065405578711125,8,1,1,1,1,8,0,0,0,0,0,1,0,medio_alto
8,10000.0,1,0.0,2,3,1,1,0,0,1,1,1,0,0,0,0,alto
9,10000.0,30,0.7333333333333333,1,2,1,1,0,0,1,1,0,0,0,0,0,baixo
11,35000.0,202,0.7029702970297029,1,3,1,1,1,0,1,1,1,0,0,0,0,medio_baixo
1,10000.0,0,0.0,1,4,1,1,1,0,1,0,1,1,0,0,0,alto
8,10000.0,9,0.8888888888888888,1,3,1,0,0,0,1,1,1,0,0,0,0,medio_alto
3,35000.0,722,0.9570637119113573,4,2,1,0,0,0,0,0,1,1,0,0,0,alto
2,10000.0,0,0.0,1,4,1,0,0,0,1,1,1,1,0,0,0,medio_baixo
1,0.0,0,0.0,1,3,1,0,0,0,1,1,0,0,0,0,0,medio_baixo
2,10000.0,0,0.0,1,3,1,0,0,0,1,0,0,1,0,0,1,medio_alto
3,10000.0,31,0.7419354838709677,1,3,1,0,0,0,1,0,0,0,0,0,1,baixo
5,0.0,0,0.0,1,2,1,0,0,0,1,0,1,0,0,0,0,gratuito
1,10000.0,0,0.0,29,2,1,0,1,0,1,0,0,0,0,0,1,alto
4,10000.0,35,0.8,2,3,1,0,0,0,1,0,1,1,0,0,0,baixo
7,75000.0,318,0.8270440251572327,2,7,1,0,1,0,1,1,1,1,0,1,1,medio_baixo
1,10000.0,4,1.0,1,2,1,0,0,0,1,0,1,0,0,0,0,baixo
10,10000.0,35,0.5714285714285714,1,5,1,0,0,1,1,0,1,1,1,1,0,medio_baixo
7,10000.0,54,0.8518518518518519,29,3,1,0,0,0,1,0,1,1,0,0,0,baixo
5,10000.0,10,0.6,1,2,1,0,0,0,1,0,1,0,0,0,0,medio_baixo
10,35000.0,182,0.6043956043956044,7,2,1,0,0,0,1,1,0,0,0,0,0,medio_baixo
2,0.0,0,0.0,1,4,1,0,0,1,1,0,1,1,0,0,0,gratuito
8,10000.0,11,0.9090909090909091,1,4,1,0,0,0,1,1,0,0,0,0,1,alto
11,10000.0,160,0.325,1,2,1,0,0,0,1,0,1,0,0,0,0,medio_baixo
10,10000.0,9,1.0,1,1,1,0,0,0,1,0,0,0,0,0,0,alto
1,10000.0,0,0.0,3,3,1,0,0,0,1,0,0,1,0,1,0,medio_alto
1,0.0,0,0.0,103,5,1,0,0,0,0,1,1,1,0,1,1,baixo
4,10000.0,6,1.0,1,3,1,0,0,0,1,1,1,0,0,0,0,baixo
5,10000.0,303,0.9834983498349835,1,3,1,1,0,0,1,0,0,1,0,0,1,medio_baixo
5,10000.0,0,0.0,1,2,1,0,0,2,1,0,0,1,0,0,0,baixo
9,35000.0,107,0.7289719626168224,1,2,1,0,0,0,1,0,1,0,0,0,0,baixo
6,10000.0,19,0.9473684210526315,5,1,1,0,0,0,0,0,0,0,0,1,0,alto
10,10000.0,14,0.8571428571428571,1,3,1,1,0,0,1,1,0,1,0,0,0,medio_baixo
3,0.0,0,0.0,0,0,1,0,0,0,0,0,0,0,0,0,0,gratuito
6,10000.0,46,0.43478260869565216,1,3,1,0,0,0,1,1,0,0,0,0,0,gratuito
8,10000.0,26,0.8076923076923077,1,2,1,1,1,0,1,0,0,1,0,0,0,medio_baixo
6,10000.0,167,0.9341317365269461,1,3,1,1,0,0,1,0,0,1,0,1,0,medio_alto
2,10000.0,29,0.9655172413793104,5,4,1,0,0,1,1,1,1,1,0,0,0,baixo
12,75000.0,1427,0.8255080588647512,1,2,1,0,0,0,1,0,0,0,1,0,0,medio_alto
8,35000.0,41,0.4146341463414634,1,3,1,0,0,0,1,0,0,1,0,1,0,baixo
6,10000.0,11,0.8181818181818182,1,2,1,1,0,0,0,0,0,0,0,1,1,medio_alto
6,35000.0,221,0.6470588235294118,9,5,1,0,0,0,1,1,0,1,1,0,1,baixo
7,10000.0,2,0.0,1,3,1,0,0,0,1,0,0,1,0,0,1,gratuito
10,10000.0,31,0.8709677419354839,1,2,1,1,1,0,1,0,1,0,0,0,0,alto
2,10000.0,38,0.6578947368421053,1,3,1,0,0,1,1,0,0,1,0,1,0,baixo
1,0.0,0,0.0,0,0,1,0,0,0,0,0,0,0,0,0,0,gratuito
1,0.0,0,0.0,1,3,1,0,0,0,1,1,0,0,0,0,0,gratuito
2,10000.0,0,0.0,1,3,1,1,1,0,1,0,0,1,0,0,0,medio_alto
2,10000.0,8,0.875,2,3,1,0,0,0,1,0,1,1,0,0,0,medio_alto
2,10000.0,0,0.0,1,2,1,0,0,0,0,0,0,1,1,0,0,alto
6,10000.0,2,0.0,1,5,1,0,0,0,1,0,0,0,0,0,0,medio_alto
6,35000.0,18,0.9444444444444444,2,3,1,0,0,0,1,1,0,0,1,0,0,medio_alto
8,10000.0,33,0.7575757575757576,4,5,1,0,0,0,1,1,1,1,0,0,1,baixo
3,10000.0,43,0.9767441860465116,12,3,1,0,0,0,1,1,0,0,0,0,0,baixo
2,0.0,0,0.0,4,2,1,1,1,0,0,0,0,0,1,0,0,gratuito
2,0.0,0,0.0,30,3,1,0,0,0,0,1,1,1,0,0,0,medio_alto
4,10000.0,13,0.3076923076923077,1,5,1,1,0,0,1,1,0,1,0,1,1,alto
5,0.0,0,0.0,0,0,1,0,0,0,0,0,0,0,0,0,0,gratuito
5,0.0,0,0.0,14,6,1,0,0,0,0,0,1,1,1,1,0,gratuito
1,0.0,0,0.0,103,3,1,1,0,0,1,1,0,1,0,0,0,medio_alto
5,10000.0,5,1.0,1,1,1,0,0,0,0,0,0,0,0,0,0,alto
11,10000.0,29,0.5172413793103449,1,4,1,0,0,0,1,0,1,1,1,0,0,medio_alto
3,10000.0,0,0.0,28,1,1,0,0,0,0,0,0,0,0,0,1,alto
6,10000.0,0,0.0,1,2,1,0,0,0,1,1,0,0,0,0,0,medio_alto
3,10000.0,20,0.9,3,5,1,0,0,0,1,0,1,1,0,0,1,baixo
5,10000.0,22,0.8181818181818182,1,2,1,0,0,1,1,1,0,0,0,0,0,baixo
1,0.0,0,0.0,1,3,1,0,0,0,1,1,0,0,0,0,0,alto
8,10000.0,3,0.6666666666666666,1,3,1,0,0,0,1,1,0,1,0,0,0,medio_baixo
9,150000.0,2452,0.7589722675367048,3,3,1,1,1,1,1,1,0,0,1,0,0,medio_baixo
8,10000.0,12,0.6666666666666666,27,2,1,0,0,0,1,0,0,0,0,0,0,gratuito
4,10000.0,31,0.5161290322580645,1,3,1,0,0,0,0,1,1,1,0,0,0,baixo
4,10000.0,3,0.6666666666666666,2,3,1,0,0,0,1,0,1,0,1,0,0,medio_baixo
5,10000.0,38,0.868421052631579,1,3,1,0,0,0,1,1,1,0,0,0,0,medio_baixo
6,10000.0,241,0.8547717842323651,13,1,1,0,0,0,0,1,0,0,0,0,0,alto
8,10000.0,4,1.0,1,1,1,0,0,0,0,1,0,0,0,0,0,alto
1,0.0,0,0.0,0,0,1,0,0,0,0,0,0,0,0,0,0,gratuito
9,10000.0,134,0.7164179104477612,1,3,1,0,0,0,0,1,0,0,0,0,1,baixo
1,0.0,0,0.0,0,0,1,0,0,0,0,0,0,0,0,0,0,gratuito
2,10000.0,3,0.6666666666666666,1,2,1,0,0,1,0,1,1,0,0,0,0,medio_alto
10,35000.0,45,0.3111111111111111,7,2,1,0,0,0,0,1,0,0,0,0,1,medio_baixo
5,10000.0,27,1.0,1,6,1,1,0,0,1,1,0,1,0,0,1,baixo
1,0.0,0,0.0,1,5,1,1,0,0,1,0,1,0,0,1,0,gratuito
4,35000.0,777,0.8262548262548263,1,3,1,0,0,2,1,0,1,1,0,0,0,medio_alto
3,10000.0,0,0.0,2,1,1,0,0,0,0,1,0,0,0,0,0,baixo
6,10000.0,28,0.7142857142857143,13,4,1,0,0,1,1,0,0,0,1,0,1,alto
4,10000.0,15,0.4,6,2,1,0,0,0,0,1,1,0,0,0,0,medio_baixo
5,0.0,0,0.0,1,2,1,0,0,0,1,0,0,1,0,0,0,gratuito
3,0.0,0,0.0,12,3,1,0,0,0,0,0,0,0,0,1,1,gratuito
3,0.0,0,0.0,1,4,1,0,0,0,0,1,1,0,0,0,0,gratuito
1,0.0,0,0.0,0,0,1,0,0,0,0,0,0,0,0,0,0,gratuito
5,10000.0,82,0.9390243902439024,2,1,1,0,0,0,0,0,0,1,0,0,0,baixo
1,0.0,0,0.0,0,0,1,0,0,0,0,0,0,0,0,0,0,gratuito
5,75000.0,19,0.7894736842105263,1,5,1,0,0,0,1,0,1,1,1,1,0,baixo
1,0.0,0,0.0,2,4,1,0,0,1,1,0,1,0,1,0,0,gratuito
1,35000.0,551,0.9655172413793104,1,4,1,0,0,0,1,1,1,0,0,0,0,alto
9,10000.0,51,0.5686274509803921,2,3,1,0,0,0,1,1,1,0,0,0,0,medio_baixo
2,0.0,0,0.0,103,2,1,0,0,0,1,0,0,1,0,0,0,baixo
2,10000.0,0,0.0,6,2,1,0,0,1,1,1,0,0,0,0,0,medio_alto
9,10000.0,32,0.53125,1,3,1,0,0,0,1,0,0,1,0,0,0,gratuito
2,10000.0,39,0.7948717948717948,1,4,1,1,0,0,1,1,0,1,0,0,0,medio_baixo
9,35000.0,308,0.7207792207792207,1,3,1,0,1,0,1,0,0,1,0,0,1,medio_alto
7,10000.0,5,0.8,1,3,1,0,0,0,0,1,0,1,0,0,0,medio_baixo
4,10000.0,1,1.0,2,4,1,0,0,0,1,1,1,0,0,0,0,alto
9,10000.0,31,0.8064516129032258,1,3,1,1,0,0,1,0,0,1,0,0,1,medio_alto
1,10000.0,2,0.5,1,2,1,0,0,0,0,1,1,0,0,0,0,alto
1,10000.0,0,0.0,1,5,1,0,0,0,1,0,1,1,1,0,0,gratuito
5,10000.0,8,0.75,2,1,1,0,0,0,0,1,0,0,0,0,0,alto
6,10000.0,33,0.696969696969697,1,7,1,0,0,0,1,1,1,0,1,0,0,gratuito
1,150000.0,6991,0.685023601773709,15,5,1,0,0,1,0,1,1,0,1,0,1,medio_alto
1,10000.0,0,0.0,1,5,1,0,0,0,1,0,0,1,1,1,1,alto
11,750000.0,8540,0.7922716627634661,1,3,1,0,0,0,0,0,0,0,0,0,1,medio_alto
16,10000.0,28,0.8928571428571429,1,1,1,0,0,0,0,0,0,1,0,0,0,medio_alto
1,0.0,0,0.0,6,4,1,0,0,0,0,0,0,0,0,0,0,medio_alto
1,10000.0,0,0.0,11,2,1,0,0,0,0,1,1,0,0,0,0,medio_alto
2,0.0,0,0.0,5,2,1,0,0,2,0,0,0,1,0,0,0,gratuito
2,10000.0,0,0.0,2,1,1,0,0,0,0,0,0,1,0,0,0,medio_baixo
10,10000.0,37,0.918918918918919,5,2,1,1,0,1,1,0,0,1,0,0,0,medio_baixo
7,10000.0,52,0.8076923076923077,1,3,1,1,1,1,1,0,1,0,1,0,0,medio_alto
9,10000.0,30,0.8,9,4,1,0,0,0,0,0,1,1,0,1,1,medio_baixo
5,10000.0,3,1.0,4,2,1,1,1,0,1,0,0,1,0,0,0,baixo
8,10000.0,14,0.9285714285714286,1,2,1,0,0,0,1,0,0,1,0,0,0,medio_alto
8,35000.0,18,0.8333333333333334,2,3,1,0,0,0,1,1,0,1,0,0,0,medio_alto
2,10000.0,0,0.0,1,6,1,0,0,0,1,1,1,1,0,0,1,baixo
2,10000.0,7,1.0,1,2,1,0,0,0,1,0,0,0,1,0,0,baixo
1,10000.0,0,0.0,9,3,1,0,0,0,0,1,1,0,1,0,0,alto
4,0.0,0,0.0,3,4,1,0,0,1,1,0,1,0,1,0,0,gratuito
3,10000.0,0,0.0,10,1,1,0,0,0,0,0,0,1,0,0,0,baixo
5,10000.0,0,0.0,11,3,1,0,0,0,1,1,0,0,0,0,1,baixo
1,10000.0,0,0.0,7,2,1,0,0,0,1,0,1,0,0,0,0,medio_alto
4,10000.0,0,0.0,1,1,1,0,0,0,0,1,0,0,0,0,0,medio_alto
1,10000.0,7,0.8571428571428571,5,2,1,0,0,0,1,0,0,1,0,0,0,baixo
1,10000.0,0,0.0,1,3,1,1,0,0,1,0,0,0,1,1,0,alto
5,10000.0,4,0.75,1,3,1,0,0,0,1,0,0,1,0,1,0,medio_baixo
4,10000.0,0,0.0,1,2,1,0,0,0,1,0,0,1,0,0,0,baixo
4,10000.0,11,0.9090909090909091,1,3,1,0,0,0,1,1,0,1,0,0,0,baixo
4,10000.0,1,0.0,9,3,1,0,0,0,0,0,0,0,0,0,0,alto
2,10000.0,48,1.0,1,2,1,0,0,0,1,1,0,0,0,0,0,medio_baixo
2,0.0,0,0.0,1,4,1,0,0,0,1,0,0,1,0,0,1,gratuito
5,75000.0,3,0.6666666666666666,1,3,1,0,0,0,1,1,0,1,0,0,0,baixo
3,0.0,0,0.0,0,0,1,0,0,0,0,0,0,0,0,0,0,gratuito
2,10000.0,517,0.9748549323017408,19,2,1,0,0,1,1,0,0,1,0,0,0,medio_baixo
6,35000.0,15,0.6666666666666666,1,4,1,1,1,0,1,0,1,0,1,1,0,medio_alto
3,0.0,0,0.0,1,3,1,1,0,0,1,0,0,0,0,0,1,gratuito
1,10000.0,101,0.40594059405940597,5,5,1,0,0,0,0,1,1,0,1,0,1,alto
4,10000.0,9,1.0,1,2,1,0,0,0,1,0,0,1,0,0,0,medio_baixo
8,10000.0,84,0.8690476190476191,1,3,1,0,0,0,1,1,0,0,1,0,0,medio_baixo
6,10000.0,25,0.96,1,4,1,0,0,0,1,0,0,1,0,0,1,medio_alto
6,750000.0,25115,0.8974716304997014,20,6,1,0,0,12,1,1,0,0,1,1,1,medio_alto
9,150000.0,48,0.375,1,2,1,0,1,0,1,0,0,0,0,0,0,baixo
3,10000.0,1,1.0,8,3,1,0,0,0,1,0,0,1,0,0,0,medio_baixo
1,0.0,0,0.0,0,0,1,0,0,0,0,0,0,0,0,0,0,gratuito
2,10000.0,0,0.0,6,4,1,0,0,0,1,1,1,0,0,0,0,alto
4,35000.0,386,0.8782383419689119,3,3,1,0,0,0,0,1,1,0,1,0,0,alto
13,35000.0,136,0.5367647058823529,6,2,1,1,1,1,1,1,0,0,0,0,0,alto
11,150000.0,981,0.8746177370030581,11,3,1,0,0,1,1,0,1,1,0,0,0,medio_baixo
1,0.0,0,0.0,1,3,1,0,0,0,1,0,0,1,0,0,1,medio_alto
2,0.0,0,0.0,1,6,1,0,0,0,1,0,0,1,1,0,1,gratuito
1,0.0,0,0.0,0,0,1,0,0,0,0,0,0,0,0,0,0,gratuito
7,750000.0,9963,0.8726287262872628,5,1,1,0,0,0,0,0,1,0,0,0,0,medio_alto
6,10000.0,1,1.0,1,2,1,0,0,0,1,1,0,0,0,0,0,baixo
1,0.0,0,0.0,1,3,1,0,0,0,1,1,1,0,0,0,0,medio_alto
2,10000.0,82,0.7195121951219512,1,3,1,0,0,0,1,0,0,0,1,1,0,alto
8,10000.0,0,0.0,1,2,1,0,0,0,1,0,0,1,0,0,0,medio_baixo
5,10000.0,24,0.9583333333333334,9,2,1,0,0,2,1,0,1,0,0,0,0,medio_alto
3,10000.0,0,0.0,1,4,1,0,0,0,0,1,1,1,0,0,0,gratuito
8,10000.0,67,0.7014925373134329,1,3,1,1,1,0,1,0,1,1,0,0,0,medio_baixo
3,10000.0,1,0.0,1,4,1,0,0,0,1,0,0,1,0,0,1,medio_baixo
1,0.0,0,0.0,1,3,1,0,0,0,0,0,0,0,1,0,0,gratuito
1,0.0,0,0.0,3,2,1,0,0,0,1,1,0,0,0,0,0,medio_alto
2,10000.0,1,0.0,1,2,1,0,0,0,1,0,0,1,0,0,0,alto
7,10000.0,14,0.7142857142857143,1,2,1,1,0,0,1,0,0,1,0,0,0,gratuito
3,10000.0,63,0.746031746031746,12,4,1,0,0,0,1,0,1,0,0,0,1,medio_baixo
1,0.0,0,0.0,0,0,1,0,0,0,0,0,0,0,0,0,0,gratuito
4,10000.0,46,0.5869565217391305,29,4,1,0,0,0,0,1,1,1,0,0,1,baixo
2,10000.0,11,1.0,1,3,1,0,0,1,0,0,1,1,0,0,1,baixo
5,10000.0,4,0.75,1,1,1,0,0,0,0,0,0,0,0,0,1,medio_baixo
1,35000.0,367,0.6839237057220708,14,3,1,0,0,0,1,0,1,0,0,0,1,baixo
6,10000.0,82,0.6951219512195121,1,4,1,0,0,0,1,1,0,1,0,0,1,alto
4,0.0,0,0.0,1,4,1,1,0,0,1,0,1,0,1,0,0,gratuito
1,10000.0,1,1.0,1,4,1,0,0,0,1,0,0,1,0,0,1,medio_baixo
6,150000.0,5931,0.8659585230146687,1,3,1,0,0,0,1,0,1,0,0,1,0,gratuito
7,10000.0,3,0.6666666666666666,1,2,1,0,0,0,1,1,0,0,0,0,0,baixo
3,35000.0,405,0.9037037037037037,1,3,1,0,0,0,1,1,0,1,0,0,0,medio_baixo
4,0.0,0,0.0,0,0,1,0,0,0,0,0,0,0,0,0,0,gratuito
4,10000.0,6,0.6666666666666666,1,5,1,0,0,0,1,0,0,1,0,1,1,medio_alto
1,10000.0,14,0.5714285714285714,6,3,1,0,0,0,1,0,1,1,0,0,0,medio_baixo
5,10000.0,5,1.0,1,3,1,0,0,0,0,1,1,0,0,0,0,alto
6,35000.0,9,0.8888888888888888,1,4,1,0,0,1,1,0,1,1,1,0,0,gratuito
1,0.0,0,0.0,1,3,1,1,1,0,0,0,1,1,0,0,0,gratuito
1,0.0,0,0.0,1,3,1,0,0,1,1,0,0,1,0,1,0,alto
1,0.0,0,0.0,1,2,1,0,0,0,1,0,0,0,1,0,0,medio_baixo
1,0.0,0,0.0,1,6,1,0,0,0,1,1,1,1,0,0,1,gratuito
5,0.0,0,0.0,1,3,1,1,0,0,1,0,1,0,0,0,0,gratuito
3,10000.0,0,0.0,6,2,1,0,0,0,0,0,0,0,0,0,1,alto
1,0.0,0,0.0,0,0,1,0,0,0,0,0,0,0,0,0,0,gratuito
10,10000.0,11,0.8181818181818182,1,3,1,0,0,0,1,1,0,1,0,0,0,alto
8,10000.0,11,0.36363636363636365,1,1,1,0,0,0,0,0,0,0,0,0,1,alto
3,10000.0,66,0.9090909090909091,2,1,1,0,0,0,0,0,1,0,0,0,0,medio_alto
7,10000.0,15,0.7333333333333333,1,4,1,0,0,0,1,0,1,0,1,0,0,alto
1,10000.0,3,1.0,3,4,1,0,0,0,1,1,1,1,0,0,0,baixo
3,10000.0,13,0.9230769230769231,1,3,1,0,0,0,1,0,1,0,0,0,1,alto
9,10000.0,4,1.0,1,2,1,0,0,0,0,0,1,1,0,0,0,medio_alto
6,10000.0,5,1.0,1,1,1,0,0,0,1,0,0,0,0,0,0,baixo
1,10000.0,55,0.8181818181818182,1,3,1,0,0,0,1,1,0,0,1,0,0,medio_alto
3,10000.0,24,0.2916666666666667,29,5,1,1,1,0,1,1,0,1,0,1,1,alto
10,75000.0,270,0.9111111111111111,13,2,1,1,0,0,0,0,1,1,0,0,0,alto
1,0.0,0,0.0,2,3,1,0,0,0,1,0,0,0,0,1,0,medio_alto
1,0.0,0,0.0,0,0,1,0,0,0,0,0,0,0,0,0,0,gratuito
10,35000.0,261,0.9540229885057471,1,1,1,0,0,0,0,0,0,0,0,0,0,gratuito
7,10000.0,2,1.0,1,1,1,0,0,0,0,0,0,1,0,0,0,alto
5,35000.0,324,0.7932098765432098,3,6,1,1,0,0,1,0,1,1,1,1,1,medio_baixo
5,10000.0,12,1.0,1,3,1,0,0,0,1,1,0,1,0,0,0,baixo
2,10000.0,3,0.3333333333333333,1,1,1,0,0,0,1,0,0,0,0,0,0,baixo
1,10000.0,0,0.0,1,1,1,0,0,0,0,0,0,1,0,0,0,baixo
7,10000.0,0,0.0,1,1,1,0,0,0,0,0,0,1,0,0,0,baixo
3,10000.0,20,0.45,3,6,1,0,0,0,1,0,1,1,1,0,1,medio_baixo
7,10000.0,16,1.0,1,2,1,1,1,0,1,1,0,0,0,0,0,medio_alto
10,35000.0,42,0.5,1,3,1,1,1,0,1,1,1,0,0,0,0,medio_baixo
8,750000.0,3922,0.9377868434472209,1,4,1,0,1,3,1,0,0,0,0,1,1,gratuito
3,10000.0,31,0.8387096774193549,5,4,1,0,0,0,1,0,0,1,0,1,1,medio_alto
5,350000.0,3028,0.881770145310436,8,4,1,0,0,1,1,1,1,0,1,0,0,medio_alto
1,0.0,0,0.0,1,1,1,0,0,0,0,0,0,1,0,0,0,medio_alto
11,75000.0,401,0.5935162094763092,10,2,1,0,0,0,0,0,0,0,0,0,1,medio_alto
4,10000.0,12,0.8333333333333334,103,2,1,0,0,0,1,0,0,1,0,0,0,baixo
2,10000.0,0,0.0,13,6,1,0,0,0,1,1,1,1,1,1,0,medio_alto
1,10000.0,13,1.0,1,2,1,0,0,0,1,1,0,0,0,0,0,medio_alto
2,10000.0,119,0.8235294117647058,11,2,1,0,0,0,1,0,0,0,0,0,1,baixo
2,10000.0,0,0.0,1,3,1,1,0,0,1,1,0,1,0,0,0,baixo
1,10000.0,0,0.0,5,6,1,0,0,0,1,1,1,1,0,0,1,alto
1,10000.0,432,0.8078703703703703,5,3,1,0,0,0,0,1,1,0,1,0,0,alto
7,10000.0,15,1.0,2,4,1,0,0,0,1,1,0,0,0,0,0,gratuito
1,10000.0,0,0.0,1,2,1,0,0,0,1,0,1,0,0,0,0,medio_baixo
3,10000.0,25,0.72,1,2,1,0,0,0,0,0,1,1,0,0,0,alto
2,10000.0,8,1.0,1,1,1,1,0,0,0,0,0,0,0,1,0,medio_baixo
3,10000.0,13,1.0,2,4,1,0,0,0,1,1,0,0,0,0,1,medio_alto
9,0.0,0,0.0,2,3,1,0,0,0,1,0,1,0,0,0,0,medio_alto
6,10000.0,1,1.0,2,3,1,0,0,0,1,1,0,1,0,0,0,alto
2,10000.0,0,0.0,1,4,1,0,0,0,1,0,0,1,0,0,0,medio_alto
2,10000.0,0,0.0,1,2,1,0,0,0,1,0,0,1,0,0,0,baixo
1,0.0,0,0.0,13,4,1,1,1,0,1,0,0,1,0,1,1,alto
4,10000.0,71,0.43661971830985913,2,1,1,0,0,0,1,0,0,0,0,0,0,medio_baixo
5,10000.0,0,0.0,1,3,1,0,0,0,1,0,0,1,0,1,0,medio_alto
9,10000.0,4,0.5,1,2,1,0,0,1,1,1,0,0,0,0,0,medio_alto
1,10000.0,0,0.0,2,2,1,0,0,0,0,0,0,1,0,0,0,medio_alto
5,75000.0,16,0.5,1,3,1,0,0,0,1,1,0,0,1,0,0,alto
7,10000.0,4,0.75,1,3,1,1,0,0,0,0,0,1,0,0,1,medio_baixo
2,10000.0,63,0.5714285714285714,1,3,1,0,0,0,1,1,0,0,0,0,1,medio_alto
2,10000.0,10,0.9,4,2,1,0,0,0,0,0,0,1,0,0,0,gratuito
3,10000.0,4,0.5,1,2,1,0,0,0,1,0,1,0,0,0,0,medio_alto
7,0.0,0,0.0,1,2,1,0,0,1,1,0,1,0,0,0,0,medio_baixo
7,150000.0,70,0.7714285714285715,1,4,1,1,0,0,1,0,1,0,1,1,0,baixo
1,10000.0,0,0.0,1,2,1,0,0,0,1,1,0,0,0,0,0,medio_baixo
2,10000.0,13,0.15384615384615385,5,3,1,1,1,0,0,0,0,1,0,1,1,medio_baixo
4,10000.0,14,0.8571428571428571,2,3,1,0,0,0,1,0,1,0,1,0,0,baixo
1,0.0,0,0.0,0,0,1,0,0,0,0,0,0,0,0,0,0,gratuito
6,10000.0,1,1.0,1,4,1,0,0,0,1,0,1,0,1,1,0,medio_baixo
6,10000.0,7,1.0,1,2,1,0,0,0,0,0,1,1,0,0,0,medio_alto
5,75000.0,28,0.5714285714285714,1,3,1,0,0,0,1,0,0,1,0,0,0,baixo
2,10000.0,23,0.9130434782608695,1,4,1,0,1,0,0,1,0,1,0,1,1,alto
2,0.0,0,0.0,0,0,1,0,0,0,0,0,0,0,0,0,0,gratuito
6,10000.0,0,0.0,1,2,1,0,0,0,1,0,0,1,0,0,0,alto
5,10000.0,6,0.5,1,1,1,0,0,0,1,0,0,0,0,0,0,medio_baixo
2,150000.0,2346,0.8418584825234442,12,5,1,0,0,0,1,1,1,1,1,0,0,medio_baixo
4,0.0,0,0.0,0,0,1,0,0,0,0,0,0,0,0,0,0,gratuito
3,10000.0,611,0.9869067103109657,3,2,1,0,0,1,0,0,1,1,0,0,0,alto
6,10000.0,19,0.8421052631578947,3,6,1,0,0,0,1,0,1,1,1,1,1,medio_baixo
7,10000.0,20,0.45,2,3,1,0,0,0,1,1,0,0,1,0,0,medio_baixo
1,10000.0,0,0.0,6,1,1,1,1,0,0,0,0,1,0,0,0,medio_baixo
9,10000.0,16,0.625,1,4,1,0,0,0,1,1,1,0,0,0,1,baixo
2,10000.0,63,0.7777777777777778,13,2,1,0,0,2,0,0,0,1,0,0,1,baixo
2,10000.0,0,0.0,1,3,1,0,0,0,1,0,0,1,0,1,0,medio_alto
2,10000.0,3,1.0,1,3,1,0,1,0,1,0,0,1,1,0,0,baixo
7,750000.0,3502,0.9748715019988577,1,4,1,0,0,1,1,0,1,0,1,0,0,gratuito
3,10000.0,0,0.0,10,2,1,0,0,0,1,1,0,0,0,0,0,medio_baixo
5,0.0,0,0.0,0,0,1,0,0,0,0,0,0,0,0,0,0,gratuito
1,10000.0,3,0.6666666666666666,5,3,1,0,0,0,1,0,1,1,0,0,0,medio_alto
7,10000.0,40,0.7,1,3,1,0,0,0,1,0,1,0,1,0,0,medio_baixo
3,10000.0,24,0.5833333333333334,16,6,1,0,0,0,1,0,1,1,0,1,1,baixo
5,10000.0,66,0.9242424242424242,1,2,1,0,0,0,0,0,0,1,0,0,1,baixo
2,10000.0,1,0.0,1,4,1,0,0,0,1,0,0,1,0,0,1,medio_alto
1,10000.0,0,0.0,27,2,1,1,1,0,1,0,0,0,0,0,1,medio_baixo
4,10000.0,56,0.8214285714285714,8,1,1,0,0,1,0,0,0,1,0,0,0,baixo
2,10000.0,89,0.7865168539325843,4,3,1,0,0,0,1,1,0,0,1,0,0,medio_alto
3,35000.0,19,0.8421052631578947,2,4,1,0,0,0,1,1,1,1,0,0,0,medio_baixo
2,0.0,0,0.0,10,3,1,0,0,0,0,0,0,0,0,1,1,gratuito
1,10000.0,0,0.0,8,5,1,0,0,0,1,0,0,1,0,1,1,medio_baixo
3,0.0,0,0.0,1,2,1,1,0,0,1,0,0,0,0,0,1,alto
3,10000.0,1,0.0,2,2,1,0,0,0,1,1,0,0,0,0,0,medio_baixo
2,10000.0,1,1.0,1,1,1,0,0,0,0,0,0,0,1,0,0,medio_alto
1,0.0,0,0.0,1,1,1,0,0,0,0,0,0,0,1,0,0,medio_alto
1,10000.0,0,0.0,3,4,1,0,0,0,1,0,0,1,0,0,1,alto
3,10000.0,0,0.0,1,6,1,0,0,0,1,1,0,1,0,1,0,gratuito
5,10000.0,21,0.8095238095238095,1,5,1,0,0,0,1,1,1,1,0,0,1,baixo
6,10000.0,242,1.0,1,5,1,0,0,0,1,0,0,1,1,0,1,medio_baixo
2,10000.0,2,0.0,1,3,1,0,0,0,1,0,1,1,0,0,0,medio_baixo
5,10000.0,9,0.4444444444444444,10,2,1,0,0,0,0,0,1,0,0,0,1,alto
1,10000.0,4,0.75,1,3,1,0,0,0,1,1,0,1,0,0,0,medio_baixo
10,35000.0,403,0.8387096774193549,1,1,1,0,0,0,0,0,0,1,0,0,0,baixo
11,10000.0,57,0.3684210526315789,2,3,1,0,0,0,1,1,1,0,0,0,0,medio_baixo
1,10000.0,0,0.0,9,4,1,0,0,0,1,0,0,1,1,0,1,alto
8,10000.0,2,0.0,1,3,1,0,0,0,1,1,0,0,1,0,0,medio_baixo
1,10000.0,0,0.0,7,1,1,0,0,0,0,0,1,0,0,0,0,baixo
1,10000.0,0,0.0,1,2,1,0,0,0,0,0,1,1,0,0,0,medio_alto
6,10000.0,34,0.9705882352941176,1,2,1,1,1,1,1,0,1,0,0,0,0,medio_baixo
4,10000.0,0,0.0,1,3,1,0,1,0,1,0,0,1,0,0,1,baixo
5,10000.0,1,1.0,1,2,1,0,0,0,1,0,0,1,0,0,0,alto
1,0.0,0,0.0,0,0,1,0,0,0,0,0,0,0,0,0,0,gratuito
3,10000.0,4,1.0,1,2,1,0,0,0,1,0,0,1,0,0,0,medio_alto
1,10000.0,0,0.0,16,2,1,0,0,0,1,0,0,1,0,0,0,alto
1,10000.0,0,0.0,1,1,1,0,0,0,0,0,0,1,0,0,0,alto
1,0.0,0,0.0,0,0,1,0,0,0,0,0,0,0,0,0,0,gratuito
5,10000.0,53,0.5283018867924528,2,2,1,0,0,1,1,1,0,0,0,0,0,medio_alto
1,10000.0,0,0.0,27,2,1,1,1,0,1,0,0,0,0,0,1,baixo
2,350000.0,267,0.797752808988764,17,4,1,0,0,2,1,1,0,0,1,0,1,alto
3,35000.0,28,0.9642857142857143,1,3,1,0,0,0,0,1,0,0,0,0,0,alto
1,10000.0,26,0.7307692307692307,9,3,1,0,0,0,1,1,1,0,0,0,0,alto
8,10000.0,94,0.574468085106383,1,2,1,0,0,0,1,0,0,0,0,0,0,alto
7,10000.0,28,0.7142857142857143,1,2,1,0,0,1,1,1,0,0,0,0,0,baixo
6,1500000.0,16576,0.7446911196911197,8,2,1,0,0,2,0,1,0,0,1,0,0,medio_alto
13,75000.0,227,0.7797356828193832,5,3,1,0,0,0,1,1,0,0,0,0,0,alto
6,75000.0,186,0.7311827956989247,1,6,1,0,0,0,1,1,0,0,0,1,1,gratuito
2,10000.0,209,0.9569377990430622,1,2,1,0,0,0,1,1,0,0,0,0,0,medio_baixo
9,10000.0,11,0.8181818181818182,2,1,1,0,0,0,0,1,0,0,0,0,0,medio_alto
1,0.0,0,0.0,1,1,1,0,0,0,0,0,1,0,0,0,0,medio_baixo
4,10000.0,57,0.8070175438596491,1,6,1,0,0,0,0,0,1,1,1,1,1,baixo
11,15000000.0,119796,0.7877391565661624,10,9,1,0,0,13,1,1,1,1,1,1,1,gratuito
3,0.0,0,0.0,0,0,1,0,0,0,0,0,0,0,0,0,0,gratuito
1,10000.0,6,0.6666666666666666,1,2,1,0,0,0,1,0,0,0,0,0,0,medio_baixo
9,35000.0,671,0.8181818181818182,1,3,1,1,1,0,1,0,0,1,0,0,1,baixo
5,75000.0,7,0.42857142857142855,6,6,1,0,0,0,0,1,1,1,0,1,1,medio_baixo
2,10000.0,0,0.0,1,1,1,0,0,1,0,0,0,1,0,0,0,alto
5,10000.0,45,0.8444444444444444,1,3,1,0,0,0,1,0,0,1,0,1,0,baixo
9,10000.0,18,0.8888888888888888,1,2,1,1,1,0,1,1,0,0,0,0,0,gratuito
1,10000.0,0,0.0,1,2,1,0,0,0,1,0,0,0,0,1,0,alto
1,10000.0,8,1.0,1,1,1,0,0,0,0,0,0,0,0,1,0,medio_baixo
7,10000.0,0,0.0,1,4,1,0,0,0,1,0,0,1,0,0,1,gratuito
8,10000.0,58,0.896551724137931,1,1,1,0,0,0,0,0,0,0,0,0,0,gratuito
9,10000.0,19,0.6842105263157895,1,2,1,0,0,1,0,0,0,0,1,1,0,medio_baixo
12,350000.0,987,0.7396149949341438,6,6,1,0,0,3,1,1,1,1,0,0,1,medio_baixo
3,1500000.0,50122,0.9455129484058896,14,1,1,0,1,0,0,0,0,0,0,0,1,alto
2,10000.0,0,0.0,10,3,1,0,0,0,1,0,0,1,0,1,0,medio_baixo
1,10000.0,0,0.0,3,2,1,0,0,0,0,0,0,1,0,0,1,medio_alto
1,10000.0,0,0.0,1,1,1,0,0,0,0,0,0,1,0,0,0,baixo
9,150000.0,1946,0.9558067831449126,103,2,1,0,0,1,1,0,0,1,0,0,0,baixo
3,10000.0,0,0.0,3,4,1,0,0,0,1,1,1,1,0,0,0,baixo
3,10000.0,17,0.5882352941176471,1,4,1,0,0,0,1,0,0,0,0,1,1,medio_alto
1,0.0,0,0.0,0,0,1,0,0,0,0,0,0,0,0,0,0,gratuito
1,0.0,0,0.0,2,3,1,1,1,0,1,0,1,1,0,0,0,medio_baixo
4,10000.0,198,0.9848484848484849,1,2,1,0,0,0,0,0,1,0,0,0,1,alto
11,75000.0,136,0.9044117647058824,1,3,1,0,0,0,0,1,1,0,0,0,1,alto
2,10000.0,76,0.8157894736842105,1,2,1,1,0,1,1,0,0,0,0,1,0,alto
3,0.0,0,0.0,0,0,1,0,0,0,0,0,0,0,0,0,0,gratuito
4,350000.0,7746,0.9526207074619158,11,2,1,0,0,1,0,0,1,1,0,0,0,alto
8,75000.0,66,0.7424242424242424,1,4,1,0,0,0,1,1,0,0,0,0,0,gratuito
6,10000.0,11,1.0,2,5,1,0,0,0,1,1,1,1,1,0,0,gratuito
7,10000.0,22,1.0,1,3,1,0,0,0,1,1,0,0,0,1,0,baixo
8,10000.0,66,0.7727272727272727,10,3,1,1,0,0,1,0,1,1,0,0,0,medio_alto
7,10000.0,1,1.0,1,1,1,0,0,0,0,0,0,0,0,0,0,alto
5,10000.0,1,0.0,1,2,1,0,0,0,1,0,0,1,0,0,0,baixo
2,0.0,0,0.0,30,4,1,1,0,0,0,1,1,1,0,0,1,medio_alto
6,35000.0,1449,0.7991718426501035,1,2,1,0,0,1,0,1,1,0,0,0,0,baixo
2,10000.0,6,0.6666666666666666,1,5,1,0,0,0,1,1,1,1,0,0,0,medio_baixo
5,10000.0,3,0.0,1,4,1,0,0,0,1,0,1,0,1,0,1,baixo
7,10000.0,7,0.42857142857142855,11,4,1,0,0,0,1,1,1,1,0,0,0,baixo
6,10000.0,14,0.35714285714285715,1,3,1,0,0,0,1,1,1,0,0,0,0,baixo
5,10000.0,1,0.0,1,4,1,0,0,0,1,1,1,0,1,0,0,medio_alto
8,75000.0,175,0.5657142857142857,1,4,1,0,0,1,1,1,1,0,0,0,1,baixo
1,0.0,0,0.0,1,2,1,0,0,0,0,0,0,0,0,0,1,gratuito
6,35000.0,28,0.5714285714285714,2,3,1,0,0,0,1,0,0,0,0,1,1,baixo
1,10000.0,0,0.0,2,1,1,0,0,0,0,0,0,0,0,0,1,alto
2,10000.0,3,1.0,7,4,1,0,0,0,1,0,0,1,0,1,0,gratuito
3,10000.0,22,0.5909090909090909,1,4,1,1,0,0,1,1,0,0,0,1,1,alto
4,10000.0,38,0.7894736842105263,1,6,1,0,0,0,1,1,0,1,0,0,1,medio_alto
1,0.0,0,0.0,0,0,1,0,0,0,0,0,0,0,0,0,0,gratuito
7,75000.0,643,0.5147744945567652,11,4,1,1,0,0,0,0,0,1,0,0,1,gratuito
4,10000.0,32,0.96875,1,2,1,0,0,0,1,0,0,0,0,1,0,medio_baixo
2,35000.0,245,0.5795918367346938,7,1,1,0,0,0,0,0,0,0,1,0,0,medio_baixo
3,10000.0,3,1.0,1,5,1,0,0,0,1,0,1,1,0,0,1,medio_alto
2,10000.0,224,0.8303571428571429,1,3,1,1,0,2,1,0,1,1,0,0,0,alto
2,0.0,0,0.0,103,2,1,0,0,0,1,0,0,1,0,0,0,baixo
3,10000.0,38,0.5,30,7,1,0,0,0,0,1,1,1,1,1,1,baixo
2,0.0,0,0.0,0,0,1,0,0,0,0,0,0,0,0,0,0,gratuito
4,10000.0,7,0.8571428571428571,1,2,1,1,0,1,1,0,0,0,1,0,0,medio_baixo
1,10000.0,0,0.0,3,3,1,0,0,0,1,0,1,0,1,0,0,medio_alto
2,10000.0,50,0.64,10,6,1,0,0,0,1,1,1,1,0,1,1,baixo
1,10000.0,0,0.0,11,5,1,0,0,0,1,1,1,0,0,1,0,alto
4,0.0,0,0.0,0,0,1,0,0,0,0,0,0,0,0,0,0,gratuito
1,0.0,0,0.0,1,4,1,0,0,0,1,1,0,1,0,0,0,gratuito
8,350000.0,1525,0.7862295081967213,1,5,1,0,0,0,1,1,0,0,0,1,1,alto
1,10000.0,0,0.0,10,3,1,0,0,3,0,0,0,1,0,0,1,alto
8,10000.0,25,0.8,1,3,1,1,0,0,1,0,1,0,0,0,0,gratuito
2,10000.0,0,0.0,1,3,1,1,1,0,1,0,1,1,0,0,0,baixo
6,10000.0,0,0.0,2,1,1,0,0,0,0,0,0,0,0,0,1,medio_baixo
1,10000.0,108,0.8888888888888888,1,1,1,0,0,0,0,1,0,0,0,0,0,baixo
4,10000.0,6,0.5,1,6,1,0,0,0,1,1,1,0,0,1,1,gratuito
6,10000.0,6,1.0,1,4,1,1,1,0,1,0,1,1,0,0,1,medio_baixo
6,10000.0,1,0.0,1,1,1,0,0,0,0,0,0,0,0,0,0,baixo
1,10000.0,0,0.0,7,2,1,1,0,0,1,0,0,1,0,0,0,medio_alto
6,750000.0,7828,0.9118548799182422,11,3,1,0,0,1,1,1,1,0,0,0,0,medio_baixo
1,10000.0,13,1.0,1,4,1,0,0,0,1,1,0,0,0,1,0,medio_baixo
7,75000.0,368,0.9429347826086957,1,2,1,1,0,0,0,0,0,1,0,1,0,baixo
7,10000.0,24,0.7916666666666666,1,2,1,1,0,0,1,0,1,0,0,0,0,medio_alto
3,10000.0,59,0.6271186440677966,1,2,1,0,0,0,0,0,0,1,0,0,1,alto
1,10000.0,0,0.0,5,3,1,0,0,1,1,0,1,1,0,0,0,medio_baixo
2,10000.0,5,1.0,2,4,1,0,0,0,1,0,1,1,1,0,0,baixo
2,75000.0,15,0.9333333333333333,6,3,1,0,0,0,1,1,1,0,0,0,0,medio_alto
8,10000.0,3,1.0,1,5,1,0,0,0,1,1,1,1,0,1,0,baixo
12,35000.0,63,0.6031746031746031,2,3,1,0,0,0,1,1,1,0,0,0,0,baixo
11,35000.0,41,0.6097560975609756,1,3,1,0,0,0,1,1,1,0,0,0,0,baixo
2,350000.0,8202,0.8551572787125091,17,5,1,0,0,1,1,1,0,1,0,0,0,medio_alto
6,35000.0,11,0.7272727272727273,1,2,1,0,0,0,0,0,1,0,0,0,0,gratuito
6,10000.0,11,0.5454545454545454,1,3,1,0,0,0,1,0,1,1,0,0,0,baixo
19,15000000.0,177741,0.9847137126493043,27,1,1,0,1,2,0,1,0,0,0,0,0,medio_baixo
3,35000.0,41,1.0,1,3,1,1,0,0,1,0,0,1,0,0,1,alto
3,10000.0,7,0.8571428571428571,7,2,1,0,0,0,1,1,0,0,0,0,0,baixo
4,0.0,0,0.0,0,0,1,0,0,0,0,0,0,0,0,0,0,gratuito
1,10000.0,0,0.0,1,2,1,0,0,0,1,0,0,0,1,0,0,medio_alto
3,10000.0,63,1.0,5,2,1,1,0,0,1,0,1,0,0,0,0,medio_baixo
7,10000.0,0,0.0,29,5,1,0,0,0,1,0,0,1,1,1,1,baixo
4,10000.0,6,0.8333333333333334,1,3,1,1,0,0,0,0,1,1,0,0,0,medio_baixo
8,10000.0,12,0.6666666666666666,1,5,1,0,0,0,1,1,1,1,0,0,1,medio_baixo
4,35000.0,2,1.0,1,1,1,0,0,0,0,1,0,0,0,0,0,medio_baixo
9,10000.0,11,0.6363636363636364,2,2,1,0,0,0,0,0,1,0,0,0,1,medio_baixo
2,0.0,0,0.0,0,0,1,0,0,0,0,0,0,0,0,0,0,gratuito
1,10000.0,9,0.7777777777777778,11,6,1,0,0,0,1,1,1,1,0,0,1,baixo
3,10000.0,6,0.8333333333333334,2,4,1,0,0,0,0,0,1,0,1,1,1,baixo
4,10000.0,12,0.5,4,3,1,0,0,1,0,0,0,1,0,1,1,alto
8,10000.0,42,0.7857142857142857,1,5,1,1,0,3,1,0,1,1,1,1,0,alto
1,10000.0,0,0.0,1,4,1,1,0,0,1,0,1,0,1,0,1,alto
1,10000.0,0,0.0,1,4,1,0,0,0,1,0,0,1,1,0,1,baixo
6,350000.0,4278,0.9366526414212248,17,5,1,1,1,1,1,1,1,1,0,0,1,medio_alto
3,10000.0,2,0.5,12,6,1,1,1,0,1,1,1,1,0,1,1,baixo
3,10000.0,7,1.0,1,3,1,0,0,0,1,0,0,1,0,0,1,baixo
1,10000.0,0,0.0,1,3,1,0,0,0,1,1,0,1,0,0,0,alto
9,10000.0,47,0.425531914893617,3,1,1,0,0,0,1,0,0,0,0,0,0,baixo
1,0.0,0,0.0,2,1,1,1,0,0,0,0,0,0,0,0,0,medio_alto
1,0.0,0,0.0,5,6,1,0,0,0,1,1,1,1,0,0,1,alto
3,0.0,0,0.0,13,5,1,0,0,0,0,1,1,0,1,0,0,gratuito
1,10000.0,0,0.0,1,3,1,1,1,0,1,0,1,0,1,0,0,alto
10,150000.0,294,0.7278911564625851,2,4,1,1,0,5,1,0,1,1,1,0,0,gratuito
10,35000.0,260,0.75,4,5,1,1,1,0,1,0,0,1,0,1,1,gratuito
2,10000.0,82,0.9390243902439024,30,5,1,0,0,0,1,0,0,1,1,1,1,medio_alto
3,10000.0,8,1.0,1,1,1,0,0,0,0,1,0,0,0,0,0,baixo
5,10000.0,3,1.0,1,3,1,0,0,0,0,1,0,0,0,1,1,medio_baixo
2,10000.0,23,0.6956521739130435,1,3,1,0,0,0,1,0,1,1,0,0,0,baixo
5,35000.0,29,0.6206896551724138,2,2,1,0,0,0,1,0,0,0,0,1,0,baixo
3,10000.0,2,1.0,1,2,1,0,1,0,1,1,0,0,0,0,0,medio_alto
2,0.0,0,0.0,2,4,1,0,0,0,1,0,1,1,0,0,0,gratuito
1,0.0,0,0.0,1,4,1,0,0,0,1,1,0,1,0,1,0,baixo
1,0.0,0,0.0,2,3,1,0,0,1,1,1,0,0,0,0,0,gratuito
2,10000.0,5,1.0,13,3,1,0,0,0,1,0,0,1,0,1,0,medio_baixo
5,10000.0,0,0.0,1,2,1,0,0,0,0,0,0,1,0,1,0,medio_alto
12,75000.0,259,0.7760617760617761,1,1,1,0,0,0,0,0,1,0,0,0,0,baixo
6,10000.0,0,0.0,1,2,1,0,0,0,0,1,1,0,0,0,0,alto
2,10000.0,2,1.0,1,2,1,0,1,0,1,0,0,0,0,0,1,baixo
4,10000.0,27,0.2962962962962963,1,4,1,0,0,0,0,1,1,0,1,0,0,medio_alto
2,10000.0,13,0.6923076923076923,2,1,1,0,0,0,0,0,0,1,0,0,0,medio_baixo
5,10000.0,0,0.0,1,3,1,0,0,0,1,0,1,0,1,0,0,gratuito
9,10000.0,60,0.85,1,3,1,0,0,0,1,1,0,0,0,0,0,alto
3,10000.0,6,0.16666666666666666,2,1,1,0,0,0,0,0,0,1,0,0,0,alto
2,10000.0,23,0.8260869565217391,1,3,1,0,0,0,1,0,0,1,0,0,1,medio_alto
5,75000.0,4,0.75,1,5,1,0,0,0,1,1,1,1,1,0,0,medio_alto
10,10000.0,9,0.5555555555555556,1,3,1,0,0,0,0,1,1,0,1,0,0,alto
1,0.0,0,0.0,1,1,1,0,0,0,1,0,0,0,0,0,0,medio_alto
2,0.0,0,0.0,1,4,1,0,0,1,1,1,1,0,0,0,0,gratuito
1,35000.0,2,1.0,14,4,1,0,0,0,1,1,0,1,0,0,0,baixo
3,10000.0,36,0.75,3,3,1,0,0,0,0,0,1,0,1,1,0,medio_alto
3,10000.0,2,1.0,2,2,1,0,0,0,1,1,0,0,0,0,0,medio_alto
1,10000.0,1633,0.9130434782608695,1,4,1,0,0,0,0,0,0,1,0,0,1,gratuito
4,10000.0,0,0.0,1,3,1,1,0,0,1,0,1,0,1,0,0,medio_alto
1,10000.0,0,0.0,1,3,1,0,0,0,1,0,1,0,1,0,0,medio_baixo
2,10000.0,6,1.0,1,2,1,1,0,0,0,0,1,1,0,0,0,medio_alto
7,35000.0,55,0.8181818181818182,9,2,1,0,0,0,1,0,0,1,0,0,0,alto
9,10000.0,12,0.75,7,4,1,0,0,2,1,1,1,1,0,0,0,medio_alto
1,10000.0,0,0.0,2,5,1,0,0,0,1,1,1,0,0,1,0,alto
4,35000.0,594,0.9629629629629629,2,2,1,1,1,2,1,1,0,0,0,0,0,medio_baixo
1,0.0,0,0.0,0,0,1,0,0,0,0,0,0,0,0,0,0,gratuito
1,0.0,0,0.0,1,5,1,0,0,0,1,1,1,1,1,0,0,baixo
1,10000.0,49,0.673469387755102,2,3,1,0,0,5,1,1,1,0,0,0,0,medio_alto
3,10000.0,20,1.0,1,1,1,0,0,0,0,0,0,0,0,0,0,baixo
7,10000.0,15,0.8666666666666667,1,3,1,0,0,0,1,1,0,0,0,1,0,alto
8,10000.0,26,0.9615384615384616,1,3,1,1,1,0,1,0,1,0,1,0,0,medio_alto
1,10000.0,0,0.0,1,1,1,1,1,0,0,0,0,0,0,1,0,medio_baixo
6,10000.0,394,0.8807106598984772,1,3,1,0,0,1,1,0,0,1,0,0,0,gratuito
13,3500000.0,18971,0.9307363871171789,5,3,1,1,1,1,0,1,1,0,0,1,0,medio_baixo
4,10000.0,0,0.0,1,2,1,1,0,2,1,0,1,0,0,0,0,medio_baixo
1,0.0,0,0.0,1,2,1,0,0,0,1,1,0,0,0,0,0,medio_baixo
4,0.0,0,0.0,0,0,1,0,0,0,0,0,0,0,0,0,0,gratuito
2,10000.0,12,1.0,1,2,1,0,0,1,1,1,0,0,0,0,0,medio_baixo
1,0.0,0,0.0,1,2,1,0,0,0,0,0,1,0,0,0,1,medio_baixo
3,10000.0,20,0.95,1,1,1,0,1,0,1,0,0,0,0,0,0,medio_alto
8,10000.0,98,0.9183673469387755,1,5,1,0,0,0,1,0,1,1,1,0,0,gratuito
1,10000.0,5,1.0,1,2,1,1,0,0,0,0,0,1,0,0,0,medio_baixo
2,10000.0,23,1.0,1,2,1,0,0,0,0,1,0,0,0,0,0,gratuito
1,10000.0,0,0.0,1,7,1,0,0,0,1,1,1,1,0,0,0,baixo
2,10000.0,3,0.6666666666666666,3,3,1,0,0,0,1,0,0,1,0,1,0,baixo
2,0.0,0,0.0,0,0,1,0,0,0,0,0,0,0,0,0,0,gratuito
3,10000.0,60,0.8666666666666667,2,2,1,0,0,1,0,1,1,0,0,0,0,baixo
2,150000.0,3701,0.8022156174007025,8,1,1,0,0,129,0,0,0,0,0,0,1,alto
14,10000.0,82,0.6707317073170732,1,1,1,0,0,8,0,1,0,0,0,0,0,baixo
5,35000.0,189,0.9365079365079365,1,2,1,0,0,0,0,0,0,0,0,1,1,alto
2,10000.0,0,0.0,1,3,1,0,0,0,1,0,1,0,1,0,0,medio_alto
4,10000.0,0,0.0,2,4,1,0,0,0,1,0,0,1,1,0,1,alto
9,10000.0,27,0.5185185185185185,1,2,1,0,0,0,1,1,0,0,0,0,0,baixo
1,10000.0,0,0.0,9,3,1,1,0,1,1,0,0,1,0,0,1,medio_alto
1,0.0,0,0.0,1,3,1,0,0,1,1,0,0,0,1,0,0,gratuito
11,10000.0,21,0.9047619047619048,1,2,1,0,0,0,1,0,0,1,0,0,0,medio_baixo
1,10000.0,0,0.0,9,3,1,0,0,0,1,0,1,0,0,1,0,medio_alto
7,35000.0,462,0.8614718614718615,1,3,1,0,0,0,0,1,0,1,0,0,1,medio_alto
2,10000.0,0,0.0,2,2,1,0,0,0,1,0,0,1,0,0,0,medio_baixo
8,10000.0,3,0.6666666666666666,9,4,1,0,0,0,1,1,0,1,0,0,0,medio_baixo
6,0.0,0,0.0,0,0,1,0,0,0,0,0,0,0,0,0,0,gratuito
3,10000.0,2,0.5,1,4,1,0,0,0,1,0,1,1,0,0,0,medio_alto
1,0.0,0,0.0,1,1,1,0,0,0,1,0,0,0,0,0,0,medio_alto
1,10000.0,0,0.0,10,4,1,0,0,1,1,1,1,0,1,0,0,medio_alto
1,10000.0,0,0.0,1,6,1,1,1,0,1,0,1,0,1,1,1,alto
8,10000.0,4,0.5,1,4,1,0,0,0,1,0,1,0,1,1,0,medio_baixo
6,10000.0,78,0.8076923076923077,2,6,1,0,0,0,1,1,0,1,1,0,1,baixo
4,10000.0,22,1.0,10,2,1,0,0,0,1,1,0,0,0,0,0,baixo
3,10000.0,27,0.8148148148148148,3,2,1,0,0,1,0,0,1,0,1,0,0,medio_alto
8,350000.0,10820,0.9755083179297597,103,2,1,0,0,0,1,0,0,1,0,0,0,baixo
8,75000.0,31,0.6774193548387096,4,3,1,0,0,0,1,1,0,0,0,0,0,baixo
13,75000.0,660,0.7712121212121212,5,3,1,0,1,0,0,1,1,1,0,0,0,medio_alto
5,10000.0,1,0.0,2,2,1,0,0,0,1,1,0,0,0,0,0,medio_alto
1,0.0,0,0.0,27,2,1,1,1,0,1,0,0,0,0,0,1,baixo
1,10000.0,0,0.0,3,5,1,0,0,0,1,0,0,1,1,1,1,medio_baixo
4,10000.0,39,0.7435897435897436,1,3,1,0,0,0,1,0,0,0,0,1,1,alto
5,35000.0,5,1.0,1,3,1,1,0,0,1,0,0,0,1,1,0,alto
3,35000.0,23,1.0,1,3,1,0,0,0,1,0,0,1,0,0,0,gratuito
5,35000.0,13,0.7692307692307693,2,3,1,0,0,0,1,0,1,0,0,0,1,medio_baixo
5,10000.0,2,0.5,6,3,1,1,1,0,1,1,1,0,0,0,0,baixo
7,10000.0,25,0.96,1,3,1,1,1,0,1,0,1,0,1,0,0,medio_baixo
1,10000.0,4,0.0,16,3,1,0,0,0,1,1,1,0,0,0,0,medio_alto
2,10000.0,5,0.4,2,3,1,0,0,0,0,1,1,0,1,0,0,medio_baixo
7,10000.0,11,0.9090909090909091,1,1,1,1,0,0,0,0,0,1,0,0,0,gratuito
2,10000.0,3,0.3333333333333333,103,4,1,0,0,0,1,0,1,1,0,0,1,medio_alto
7,75000.0,33,0.8484848484848485,1,3,1,0,0,0,1,0,1,1,0,0,0,alto
9,10000.0,7,0.5714285714285714,1,1,1,0,0,0,1,0,0,0,0,0,0,medio_alto
2,10000.0,29,0.9310344827586207,12,2,1,0,0,0,1,0,0,1,0,0,0,medio_baixo
5,10000.0,113,0.9292035398230089,6,3,1,0,0,0,1,0,0,1,0,0,1,medio_baixo
5,10000.0,23,0.6086956521739131,5,1,1,0,0,0,0,0,0,0,0,0,0,medio_alto
13,35000.0,241,0.7219917012448133,1,2,1,0,0,0,1,1,0,0,0,0,0,alto
12,350000.0,1453,0.9008947006194081,3,1,1,0,0,0,0,0,0,0,0,1,0,medio_alto
4,10000.0,11,0.6363636363636364,1,1,1,0,1,0,0,1,0,0,0,0,0,baixo
1,10000.0,1,1.0,1,2,1,0,0,0,1,0,0,0,0,0,1,alto
2,0.0,0,0.0,1,4,1,0,0,1,1,0,1,1,0,0,0,gratuito
1,0.0,0,0.0,1,3,1,0,0,0,1,1,0,1,0,0,0,baixo
11,75000.0,715,0.9384615384615385,9,2,1,1,0,0,0,0,0,0,0,0,1,alto
9,10000.0,6,1.0,1,4,1,0,0,0,1,1,1,0,0,0,0,alto
6,10000.0,2,1.0,1,2,1,0,0,0,1,1,0,0,0,0,0,medio_alto
1,0.0,0,0.0,2,4,1,0,0,0,1,0,1,1,0,0,0,medio_alto
3,150000.0,2340,0.9068376068376068,2,2,1,0,0,0,1,0,1,0,0,0,0,alto
1,10000.0,0,0.0,6,4,1,0,0,0,1,0,0,1,1,0,1,alto
2,10000.0,12,1.0,1,3,1,0,0,0,1,0,1,1,0,0,0,medio_alto
5,350000.0,987,0.9746707193515705,1,3,1,0,0,0,1,1,0,1,0,0,0,baixo
1,0.0,0,0.0,1,4,1,0,0,0,1,0,1,1,0,0,0,gratuito
7,10000.0,11,0.45454545454545453,1,3,1,0,0,0,1,0,1,0,0,0,1,baixo
1,0.0,0,0.0,1,3,1,0,0,0,1,1,0,1,0,0,0,baixo
7,10000.0,2,1.0,1,5,1,0,0,0,1,1,1,1,0,0,0,medio_baixo
5,10000.0,143,0.8041958041958042,9,2,1,0,0,2,0,1,0,0,0,0,0,medio_alto
4,10000.0,23,0.8695652173913043,6,3,1,0,0,0,1,0,1,1,0,0,0,medio_alto
1,0.0,0,0.0,0,0,1,0,0,0,0,0,0,0,0,0,0,gratuito
1,10000.0,12,0.9166666666666666,1,3,1,0,0,1,1,1,0,0,0,0,0,alto
5,150000.0,202,0.8663366336633663,2,3,1,0,0,0,1,0,1,1,0,0,0,medio_alto
1,10000.0,0,0.0,1,2,1,0,0,0,1,0,0,1,0,0,0,medio_alto
3,10000.0,235,0.7404255319148936,4,3,1,0,0,1,1,0,1,1,0,0,0,medio_alto
3,0.0,0,0.0,0,0,1,0,0,0,0,0,0,0,0,0,0,gratuito
4,10000.0,45,0.8444444444444444,1,3,1,0,0,0,0,1,1,0,0,1,0,medio_alto
3,0.0,0,0.0,16,3,1,0,0,0,0,0,0,0,1,1,0,gratuito
1,10000.0,0,0.0,11,5,1,0,0,0,1,1,0,1,0,0,0,medio_alto
16,750000.0,3904,0.8273565573770492,5,2,1,0,0,0,0,0,0,0,0,1,1,medio_baixo
1,10000.0,29,0.9655172413793104,10,2,1,0,0,0,1,0,0,0,0,1,0,alto
2,10000.0,16,0.75,2,4,1,0,0,0,1,0,0,1,1,0,1,medio_alto
6,35000.0,483,0.8260869565217391,5,5,1,0,0,0,1,1,1,0,0,0,1,alto
2,10000.0,34,0.6764705882352942,1,6,1,0,0,0,1,1,1,1,1,0,1,baixo
4,10000.0,19,0.8947368421052632,2,3,1,0,0,0,1,0,1,1,0,0,0,medio_baixo
3,10000.0,3,1.0,1,3,1,0,0,1,0,1,0,0,1,1,0,medio_alto
2,10000.0,0,0.0,2,5,1,0,1,0,1,1,1,1,0,0,0,medio_alto
1,10000.0,0,0.0,1,3,1,0,0,0,1,0,1,1,0,0,0,medio_alto
3,10000.0,25,0.96,1,2,1,0,0,0,1,0,0,1,0,0,0,baixo
1,10000.0,4,1.0,1,3,1,0,0,0,1,0,1,0,1,0,0,baixo
3,10000.0,16,0.75,1,3,1,0,0,0,1,0,1,1,0,0,0,baixo
6,10000.0,37,0.7027027027027027,9,4,1,0,0,0,0,0,0,0,0,0,0,medio_baixo
10,10000.0,22,0.7272727272727273,2,3,1,0,0,0,1,1,1,0,0,0,0,baixo
1,10000.0,0,0.0,1,2,1,0,0,0,1,1,0,0,0,0,0,medio_baixo
9,10000.0,45,0.9555555555555556,1,4,1,0,0,0,1,1,1,0,0,1,0,baixo
8,10000.0,9,0.8888888888888888,2,2,1,0,0,0,1,1,0,0,0,0,0,medio_alto
6,10000.0,11,0.8181818181818182,10,4,1,0,0,0,0,1,1,1,0,1,0,alto
2,0.0,0,0.0,103,3,1,1,1,0,1,0,0,1,0,0,1,baixo
4,75000.0,1907,0.6822233875196644,12,3,1,0,0,0,1,0,0,1,0,0,1,baixo
1,0.0,0,0.0,1,3,1,0,1,3,1,0,0,1,0,0,0,gratuito
1,0.0,0,0.0,1,3,1,0,0,1,0,0,0,1,0,1,0,gratuito
1,10000.0,0,0.0,11,4,1,0,0,0,0,1,0,0,1,1,0,alto
8,10000.0,0,0.0,1,2,1,0,0,0,1,1,0,0,0,0,0,medio_alto
5,0.0,0,0.0,0,0,1,0,0,0,0,0,0,0,0,0,0,gratuito
7,10000.0,10,0.6,1,2,1,0,0,0,0,1,1,0,0,0,0,baixo
3,35000.0,23,0.9130434782608695,1,3,1,0,0,0,1,1,1,0,0,0,0,baixo
9,10000.0,94,0.7127659574468085,1,3,1,0,0,0,1,1,0,0,0,1,0,baixo
3,10000.0,0,0.0,2,3,1,0,0,1,1,0,1,0,1,0,0,alto
2,0.0,0,0.0,1,3,1,0,0,1,1,0,1,1,0,0,0,medio_baixo
2,10000.0,9,0.4444444444444444,7,4,1,0,0,0,1,1,0,1,0,0,0,medio_baixo
9,10000.0,74,0.8783783783783784,1,3,1,1,0,0,1,1,0,0,0,0,0,baixo
1,10000.0,0,0.0,17,3,1,0,0,0,1,0,0,1,0,0,1,alto
4,10000.0,18,0.7777777777777778,1,3,1,0,0,0,0,1,1,1,0,0,0,medio_alto
3,150000.0,17,0.5294117647058824,26,5,1,0,0,0,1,1,1,0,1,0,1,baixo
8,10000.0,3,0.6666666666666666,1,3,1,0,0,0,1,0,0,1,0,0,0,medio_alto
5,0.0,0,0.0,1,6,1,0,0,1,1,1,1,1,1,0,0,gratuito
9,10000.0,47,0.8297872340425532,1,3,1,1,1,0,1,1,0,1,0,0,0,baixo
1,0.0,0,0.0,0,0,1,0,0,0,0,0,0,0,0,0,0,gratuito
1,10000.0,0,0.0,10,3,1,0,0,0,1,0,0,1,0,0,1,medio_baixo
5,10000.0,185,0.7135135135135136,3,3,1,0,0,0,1,0,1,0,1,0,0,baixo
1,10000.0,0,0.0,1,3,1,0,0,0,1,1,0,1,0,0,0,medio_baixo
1,10000.0,0,0.0,1,1,1,0,0,0,0,0,0,1,0,0,0,alto
4,10000.0,7,1.0,1,4,1,0,0,0,1,1,0,1,0,0,1,medio_alto
3,0.0,0,0.0,0,0,1,0,0,0,0,0,0,0,0,0,0,gratuito
2,10000.0,1,1.0,1,2,1,0,0,0,1,0,1,0,0,0,0,medio_alto
8,350000.0,5848,0.9545143638850889,14,2,1,1,0,0,1,0,1,0,0,0,0,medio_baixo
9,10000.0,6,0.6666666666666666,1,3,1,1,0,0,1,1,0,1,0,0,0,alto
9,10000.0,34,0.5294117647058824,2,3,1,0,0,0,1,0,1,1,0,0,0,baixo
2,10000.0,5,1.0,4,4,1,1,0,0,1,1,1,1,0,0,0,medio_baixo
2,10000.0,8,1.0,1,2,1,0,0,0,1,0,0,0,0,0,0,alto
9,75000.0,25,0.56,2,1,1,0,0,0,1,0,0,0,0,0,0,baixo
2,10000.0,9,0.8888888888888888,3,3,1,0,0,0,1,1,0,0,1,0,0,medio_alto
1,0.0,0,0.0,1,4,1,0,0,0,1,1,0,1,0,0,0,gratuito
6,10000.0,13,1.0,1,2,1,0,0,0,0,0,0,1,0,1,0,gratuito
3,10000.0,257,0.9883268482490273,3,2,1,0,0,0,0,0,1,1,0,0,0,alto
3,10000.0,0,0.0,4,3,1,0,0,0,1,0,1,0,1,0,0,medio_alto
3,10000.0,2,1.0,9,6,1,0,0,0,1,1,1,1,0,0,1,medio_baixo
5,10000.0,23,0.8260869565217391,2,2,1,0,0,0,1,0,1,0,0,0,0,medio_alto
3,10000.0,8,0.875,1,2,1,0,0,0,0,0,0,0,1,0,1,baixo
9,10000.0,55,0.6181818181818182,27,5,1,1,0,5,1,1,1,0,0,1,0,medio_baixo
1,10000.0,0,0.0,5,3,1,0,0,0,0,1,0,1,1,0,0,medio_alto
3,0.0,0,0.0,0,0,1,0,0,0,0,0,0,0,0,0,0,gratuito
6,10000.0,1,1.0,7,3,1,0,1,0,1,1,1,0,0,0,0,medio_baixo
3,10000.0,20,1.0,1,5,1,0,0,0,1,1,1,1,0,1,0,baixo
1,0.0,0,0.0,1,5,1,0,0,0,1,1,0,1,0,1,0,gratuito
10,350000.0,1241,0.7324738114423852,12,3,1,1,0,0,0,1,0,0,0,0,0,gratuito
5,35000.0,28,1.0,1,1,1,1,1,1,0,0,1,0,0,0,0,medio_alto
1,0.0,0,0.0,1,5,1,0,0,0,1,1,1,1,0,0,1,medio_baixo
4,0.0,0,0.0,1,2,1,0,0,0,0,0,0,1,0,0,0,gratuito
3,10000.0,2,1.0,12,1,1,1,0,0,0,0,0,1,0,0,0,medio_alto
4,35000.0,32,0.75,4,2,1,0,0,0,0,1,0,1,0,0,0,baixo
5,1500000.0,4735,0.6677930306230201,6,3,1,0,0,0,0,1,0,0,0,0,1,gratuito
2,0.0,0,0.0,0,0,1,0,0,0,0,0,0,0,0,0,0,gratuito
7,35000.0,556,0.8938848920863309,14,2,1,0,0,3,1,0,0,0,0,1,0,medio_baixo
10,150000.0,305,0.5278688524590164,2,4,1,0,0,0,0,1,0,0,0,0,0,baixo
7,10000.0,33,0.9696969696969697,1,3,1,0,0,0,1,1,0,0,0,0,0,gratuito
1,0.0,0,0.0,3,1,1,0,0,0,0,1,0,0,0,0,0,alto
4,10000.0,0,0.0,1,4,1,0,0,0,1,0,1,1,0,0,0,gratuito
1,0.0,0,0.0,0,0,1,0,0,0,0,0,0,0,0,0,0,gratuito
4,10000.0,19,0.7894736842105263,1,3,1,0,0,0,1,1,1,0,0,0,0,medio_baixo
1,0.0,0,0.0,1,4,1,0,0,0,1,1,0,1,0,0,0,gratuito
3,10000.0,30,0.6666666666666666,4,3,1,0,0,0,1,0,0,1,1,0,0,baixo
7,10000.0,3,1.0,1,4,1,1,0,0,1,1,1,1,0,0,0,medio_baixo
1,10000.0,7,1.0,1,3,1,0,0,0,1,0,0,1,0,1,0,baixo
6,10000.0,13,0.6923076923076923,3,1,1,0,0,0,0,0,1,0,0,0,0,alto
6,10000.0,5,0.8,2,3,1,0,0,0,1,1,0,1,0,0,0,baixo
3,0.0,0,0.0,0,0,1,0,0,0,0,0,0,0,0,0,0,gratuito
2,10000.0,82,0.8048780487804879,24,4,1,0,0,0,1,0,0,1,0,0,1,medio_alto
1,10000.0,0,0.0,1,4,1,0,0,0,1,1,0,1,0,1,0,medio_alto
8,10000.0,49,0.9795918367346939,1,2,1,1,1,0,1,0,1,0,0,0,0,medio_alto
1,10000.0,0,0.0,1,2,1,0,0,4,1,1,0,0,0,0,0,alto
9,10000.0,3,0.6666666666666666,1,3,1,1,0,0,0,0,1,0,0,0,1,alto
1,0.0,0,0.0,0,0,1,0,0,0,0,0,0,0,0,0,0,gratuito
5,75000.0,3,1.0,2,2,1,0,0,0,1,1,0,0,0,0,0,medio_alto
4,0.0,0,0.0,2,1,1,0,0,0,1,0,0,0,0,0,0,gratuito
2,0.0,0,0.0,4,3,1,0,0,0,1,0,0,0,0,0,1,gratuito
2,10000.0,8,0.875,1,2,1,0,0,0,0,1,1,0,0,0,0,baixo
5,150000.0,3,1.0,1,2,1,0,0,0,1,0,0,1,0,0,0,medio_baixo
13,150000.0,1882,0.926673751328374,1,2,1,1,1,0,1,1,0,0,0,0,0,medio_baixo
7,10000.0,9,0.4444444444444444,1,3,1,0,0,0,1,1,0,1,0,0,0,baixo
11,350000.0,2085,0.9553956834532374,1,3,1,1,1,1,1,0,0,1,0,1,0,alto
2,10000.0,4,0.5,1,5,1,1,1,0,1,1,1,1,1,0,0,alto
5,10000.0,5,0.8,1,2,1,0,0,0,1,0,0,1,0,0,0,medio_baixo
3,0.0,0,0.0,0,0,1,0,0,0,0,0,0,0,0,0,0,gratuito
10,10000.0,136,0.5588235294117647,5,2,1,0,0,0,0,0,0,0,0,1,0,gratuito
2,10000.0,25,1.0,1,2,1,0,0,0,1,0,1,0,0,0,0,baixo
1,0.0,0,0.0,0,0,1,0,0,0,0,0,0,0,0,0,0,gratuito
1,75000.0,2136,0.7457865168539326,15,4,1,0,0,2,0,0,0,1,0,0,1,alto
3,10000.0,1,1.0,1,1,1,0,0,0,0,0,0,1,0,0,0,medio_alto
1,0.0,0,0.0,0,0,1,0,0,0,0,0,0,0,0,0,0,gratuito
3,10000.0,2,0.5,8,3,1,1,0,0,1,0,0,0,1,1,0,medio_alto
1,0.0,0,0.0,1,2,1,0,0,0,1,0,0,1,0,0,0,medio_baixo
2,10000.0,10,0.6,2,5,1,0,0,0,1,1,1,1,0,0,0,gratuito
1,10000.0,0,0.0,1,3,1,0,0,0,1,1,0,0,0,1,0,alto
1,0.0,0,0.0,0,0,1,0,0,0,0,0,0,0,0,0,0,gratuito
4,10000.0,11,0.8181818181818182,1,4,1,1,0,0,1,0,0,1,0,1,1,medio_baixo
1,0.0,0,0.0,7,4,1,0,0,0,1,0,1,1,0,0,0,gratuito
3,0.0,0,0.0,0,0,1,0,0,0,0,0,0,0,0,0,0,gratuito
10,150000.0,3088,0.3125,12,1,1,0,0,2,0,1,0,0,0,0,0,medio_alto
2,10000.0,0,0.0,2,2,1,0,0,0,1,0,0,1,0,0,0,medio_baixo
2,75000.0,3,0.3333333333333333,1,4,1,0,0,0,1,0,0,1,1,1,0,baixo
1,10000.0,0,0.0,1,2,1,0,0,0,1,0,0,1,0,0,0,medio_baixo
5,10000.0,11,0.5454545454545454,1,1,1,0,0,1,0,0,0,0,0,0,1,baixo
1,10000.0,3,1.0,1,3,1,0,0,0,1,1,0,0,0,0,0,medio_baixo
1,10000.0,7,0.8571428571428571,9,3,1,0,1,0,0,1,0,1,1,0,0,baixo
4,10000.0,16,1.0,1,2,1,1,1,0,1,0,0,1,0,0,0,medio_alto
7,10000.0,1,1.0,2,4,1,0,0,0,1,1,0,1,0,1,0,medio_baixo
2,10000.0,1,1.0,2,3,1,0,0,0,1,1,0,1,0,0,0,medio_alto
5,10000.0,63,0.9682539682539683,2,3,1,0,0,0,1,0,1,0,0,0,0,alto
1,0.0,0,0.0,2,6,1,0,0,0,1,0,1,1,1,0,0,gratuito
1,10000.0,0,0.0,1,3,1,0,0,0,0,1,1,1,0,0,0,alto
6,10000.0,4,0.5,1,3,1,0,0,0,1,1,0,1,0,0,0,medio_baixo
4,10000.0,0,0.0,1,2,1,0,0,0,1,1,0,0,0,0,0,medio_baixo
2,0.0,0,0.0,103,2,1,0,0,0,1,0,0,1,0,0,0,baixo
1,10000.0,17,1.0,1,1,1,0,1,0,0,1,0,0,0,0,0,medio_alto
5,10000.0,13,0.5384615384615384,11,7,1,0,0,0,1,1,0,0,0,0,1,medio_baixo
4,10000.0,0,0.0,1,2,1,0,1,0,1,0,1,0,0,0,0,alto
9,35000.0,508,0.484251968503937,2,5,1,0,0,0,1,1,1,0,1,0,0,gratuito
5,35000.0,7,0.8571428571428571,1,4,1,0,0,0,1,1,1,0,1,0,0,medio_baixo
1,10000.0,0,0.0,1,3,1,0,0,1,0,1,1,1,0,0,0,alto
4,10000.0,20,0.6,3,5,1,0,0,0,1,0,1,1,0,0,1,baixo
1,0.0,0,0.0,1,4,1,0,0,0,1,0,0,1,0,1,0,medio_baixo
2,0.0,0,0.0,8,2,1,0,0,6,1,0,0,0,0,0,0,gratuito
2,0.0,0,0.0,103,5,1,0,0,0,1,1,1,1,0,1,0,medio_baixo
1,10000.0,0,0.0,11,2,1,1,0,1,0,0,0,1,0,0,1,alto
11,10000.0,57,0.7894736842105263,1,2,1,1,1,0,1,1,0,0,0,0,0,medio_alto
2,150000.0,47,0.9574468085106383,12,5,1,0,0,0,1,1,1,0,1,0,0,alto
5,10000.0,81,0.8395061728395061,8,5,1,0,0,0,1,1,1,1,0,0,1,gratuito
4,0.0,0,0.0,1,4,1,0,0,0,1,0,1,0,1,0,0,gratuito
7,3500000.0,26801,0.7031080929816051,12,5,1,0,0,0,1,1,0,0,1,0,0,gratuito
2,10000.0,30,1.0,3,3,1,0,0,0,1,1,0,1,0,0,0,medio_baixo
3,75000.0,1799,0.8237909949972206,1,3,1,0,0,0,1,0,1,0,0,0,0,gratuito
1,10000.0,0,0.0,3,2,1,0,0,0,1,0,1,0,0,0,0,alto
8,35000.0,105,0.8380952380952381,9,3,1,1,0,1,1,1,0,0,0,0,0,baixo
3,10000.0,3,0.3333333333333333,1,4,1,0,0,0,1,1,0,0,0,0,1,alto
9,10000.0,21,0.9047619047619048,1,2,1,0,0,0,1,1,0,0,0,0,0,medio_baixo
11,10000.0,9,0.6666666666666666,1,1,1,0,0,0,0,0,0,0,1,0,0,alto
12,750000.0,3314,0.8240796620398311,10,1,1,0,0,0,0,0,0,0,1,0,0,alto
1,10000.0,388,0.9381443298969072,10,4,1,0,0,0,1,1,1,0,0,0,1,medio_alto
6,10000.0,7,0.7142857142857143,1,3,1,0,0,0,1,1,0,0,1,0,0,medio_baixo
1,0.0,0,0.0,2,7,1,0,0,0,1,0,0,1,0,0,1,gratuito
9,150000.0,248,0.3548387096774194,1,3,1,0,0,0,1,1,0,0,0,0,1,baixo
6,35000.0,283,0.8480565371024735,8,3,1,0,0,1,1,0,1,1,0,0,0,baixo
1,0.0,0,0.0,3,3,1,0,0,0,1,1,0,1,0,0,0,baixo
2,10000.0,16,0.75,103,5,1,0,0,0,1,1,1,0,0,1,1,medio_baixo
1,10000.0,2,1.0,1,6,1,0,0,0,1,1,1,0,0,1,1,medio_alto
2,10000.0,17,0.7058823529411765,9,2,1,0,0,0,1,0,1,0,0,0,0,medio_baixo
6,35000.0,8,0.625,1,5,1,0,0,0,1,1,1,1,0,0,0,baixo
1,10000.0,0,0.0,1,3,1,0,0,0,1,0,0,0,1,0,0,medio_alto
2,0.0,0,0.0,0,0,1,0,0,0,0,0,0,0,0,0,0,gratuito
8,10000.0,12,0.5833333333333334,2,4,1,0,0,0,1,0,0,1,0,0,1,alto
3,10000.0,16,0.625,1,2,1,0,0,0,0,0,1,1,0,0,0,medio_baixo
2,75000.0,25,0.96,1,3,1,0,0,0,1,0,0,0,1,0,0,gratuito
1,35000.0,429,0.9090909090909091,1,9,1,1,1,0,1,1,1,1,1,1,1,alto
7,10000.0,44,0.9318181818181818,1,3,1,0,0,0,1,1,1,0,0,0,0,baixo
1,10000.0,0,0.0,1,4,1,0,0,0,1,0,1,0,1,1,0,medio_baixo
9,150000.0,439,0.6446469248291572,2,7,1,0,0,0,1,1,0,0,0,0,1,gratuito
1,0.0,0,0.0,1,3,1,0,0,0,0,0,0,0,1,1,1,medio_alto
1,10000.0,0,0.0,31,2,1,0,0,0,1,0,0,1,0,0,0,baixo
2,0.0,0,0.0,0,0,1,0,0,0,0,0,0,0,0,0,0,gratuito
9,10000.0,211,0.9383886255924171,5,2,1,0,0,0,0,1,1,0,0,0,0,alto
5,10000.0,5,0.4,1,4,1,0,0,0,1,1,1,0,0,0,1,baixo
1,10000.0,0,0.0,2,5,1,1,0,0,1,1,1,1,1,0,0,medio_baixo
1,0.0,0,0.0,1,5,1,0,0,0,1,0,0,1,0,1,1,medio_alto
1,10000.0,26,0.9615384615384616,9,5,1,0,0,0,1,1,1,1,0,0,1,alto
5,10000.0,4,0.75,1,6,1,0,0,0,1,1,1,1,0,0,1,medio_alto
1,10000.0,0,0.0,15,3,1,0,0,0,1,1,0,1,0,0,0,baixo
1,10000.0,0,0.0,1,5,1,0,0,0,1,1,0,0,0,1,0,gratuito
3,0.0,0,0.0,1,2,1,1,1,0,1,0,0,0,1,0,0,gratuito
2,10000.0,0,0.0,10,2,1,0,0,0,1,0,0,1,0,0,0,baixo
11,10000.0,11,0.36363636363636365,1,2,1,0,0,0,1,0,0,0,0,1,0,medio_baixo
1,10000.0,0,0.0,1,3,1,0,0,0,0,0,1,1,0,0,1,alto
6,35000.0,534,0.8352059925093633,11,4,1,0,0,3,1,1,0,1,0,0,0,alto
7,10000.0,39,0.8717948717948718,1,4,1,0,0,0,1,1,1,0,0,0,0,gratuito
3,0.0,0,0.0,103,2,1,0,0,0,1,0,1,0,0,0,0,baixo
1,0.0,0,0.0,11,1,1,1,0,0,0,0,0,1,0,0,0,medio_alto
1,10000.0,0,0.0,1,1,1,0,0,0,0,0,0,0,0,0,1,baixo
4,10000.0,141,0.9645390070921985,7,2,1,0,0,0,1,0,0,1,0,0,0,medio_baixo
1,10000.0,5,0.8,4,3,1,0,1,0,1,0,1,0,0,0,1,baixo
7,10000.0,50,0.72,1,1,1,0,0,0,0,1,0,0,0,0,0,alto
5,10000.0,2,1.0,2,3,1,0,0,0,1,0,0,1,0,0,1,baixo
7,10000.0,47,0.9787234042553191,1,3,1,0,1,1,1,0,1,0,0,0,0,gratuito
1,0.0,0,0.0,0,0,1,0,0,0,0,0,0,0,0,0,0,gratuito
1,10000.0,0,0.0,1,3,1,0,0,3,0,1,1,1,0,0,0,alto
1,0.0,0,0.0,16,6,1,0,0,0,1,1,1,1,1,1,0,baixo
2,10000.0,2,0.0,1,2,1,0,0,0,1,0,1,0,0,0,0,baixo
1,0.0,0,0.0,14,2,1,0,0,0,0,1,0,0,0,0,0,gratuito
2,10000.0,19,1.0,4,2,1,1,0,0,1,0,0,1,0,0,0,medio_baixo
2,0.0,0,0.0,1,4,1,0,0,0,0,0,0,1,1,1,0,gratuito
7,10000.0,27,0.8148148148148148,1,6,1,0,0,0,1,0,1,1,1,1,1,medio_baixo
1,10000.0,0,0.0,9,1,1,0,0,0,0,0,0,0,1,0,0,alto
3,10000.0,153,0.9215686274509803,12,2,1,0,1,0,1,1,0,0,0,0,0,baixo
10,10000.0,2,1.0,1,3,1,0,0,0,1,0,0,0,0,1,0,medio_alto
6,10000.0,1,1.0,4,3,1,0,0,0,1,1,0,1,0,0,0,medio_alto
1,10000.0,292,0.8321917808219178,2,2,1,0,0,0,0,0,1,1,0,0,0,alto
8,10000.0,10,0.7,1,1,1,0,0,0,1,0,0,0,0,0,0,baixo
3,0.0,0,0.0,14,1,1,1,0,0,0,1,0,0,0,0,0,gratuito
4,10000.0,0,0.0,3,3,1,0,1,0,1,1,0,0,0,0,1,medio_alto
3,35000.0,326,0.9601226993865031,14,1,1,1,1,0,0,0,0,1,0,0,0,medio_alto
1,0.0,0,0.0,0,0,1,0,0,0,0,0,0,0,0,0,0,gratuito
4,10000.0,0,0.0,1,1,1,0,0,0,0,0,1,0,0,0,0,medio_alto
1,0.0,0,0.0,10,5,1,0,0,0,1,1,0,1,0,0,1,medio_baixo
8,10000.0,8,0.625,1,2,1,1,0,0,1,0,0,1,0,0,0,baixo
5,10000.0,32,0.09375,29,3,1,1,1,0,1,1,0,1,0,0,0,alto
2,0.0,0,0.0,0,0,1,0,0,0,0,0,0,0,0,0,0,gratuito
1,10000.0,0,0.0,1,3,1,0,0,0,1,1,1,0,0,0,0,medio_baixo
1,350000.0,11480,0.8748257839721254,12,4,1,0,0,3,1,1,1,0,1,0,0,alto
8,35000.0,12,0.9166666666666666,1,3,1,0,0,0,1,1,1,0,0,0,0,gratuito
6,10000.0,18,0.8333333333333334,1,2,1,0,0,0,1,1,0,0,0,0,0,medio_alto
5,75000.0,7,0.8571428571428571,1,2,1,0,0,0,1,1,0,0,0,0,0,medio_baixo
1,0.0,0,0.0,2,6,1,0,0,0,1,1,0,1,0,1,1,alto
6,150000.0,201,0.527363184079602,1,5,1,0,0,2,1,0,0,1,0,1,1,alto
1,10000.0,0,0.0,1,3,1,1,0,0,1,0,0,1,1,0,0,medio_alto
1,10000.0,0,0.0,1,4,1,0,0,0,1,0,1,1,0,0,0,medio_baixo
1,0.0,0,0.0,0,0,1,0,0,0,0,0,0,0,0,0,0,gratuito
7,10000.0,70,0.8,1,5,1,0,0,0,1,1,1,0,1,0,0,alto
2,10000.0,139,0.920863309352518,1,2,1,0,0,0,0,1,0,0,0,0,0,alto
4,10000.0,0,0.0,2,2,1,0,1,0,1,0,0,1,0,0,0,baixo
6,10000.0,96,0.96875,1,5,1,0,0,0,0,0,0,0,0,0,0,alto
5,75000000.0,286878,0.6859989263728833,8,4,1,0,0,2,0,1,1,0,1,0,0,alto
8,10000.0,23,0.7391304347826086,2,3,1,1,1,0,1,0,1,1,0,0,0,baixo
5,75000.0,355,0.6507042253521127,1,1,1,0,0,0,0,0,0,0,0,0,0,gratuito
1,0.0,0,0.0,1,2,1,0,0,0,1,0,0,1,0,0,0,baixo
3,750000.0,4217,0.6642162674887361,13,2,1,0,0,0,0,1,1,0,0,0,0,alto
6,10000.0,6,0.5,1,3,1,0,0,0,1,0,1,1,0,0,0,medio_baixo
2,0.0,0,0.0,103,2,1,0,0,0,1,0,0,1,0,0,0,baixo
5,10000.0,1,0.0,1,2,1,0,0,1,1,0,0,0,0,0,0,medio_baixo
3,75000.0,138,0.9782608695652174,1,1,1,0,0,0,0,0,0,0,1,0,0,gratuito
3,10000.0,14,0.8571428571428571,3,3,1,1,1,1,1,0,0,1,0,0,1,medio_baixo
6,10000.0,34,0.8529411764705882,1,4,1,1,1,0,1,1,0,1,0,1,0,gratuito
5,10000.0,4,0.5,2,1,1,0,0,0,0,1,0,0,0,0,0,medio_baixo
9,10000.0,58,0.27586206896551724,2,4,1,0,0,0,0,0,0,0,0,0,0,gratuito
7,10000.0,57,0.8947368421052632,4,3,1,0,0,0,1,0,0,1,0,1,0,gratuito
7,10000.0,22,0.8636363636363636,1,1,1,0,0,0,0,0,0,0,0,0,0,gratuito
5,10000.0,12,1.0,1,4,1,0,0,0,1,1,1,1,0,0,0,baixo
10,150000.0,42,0.6428571428571429,1,3,1,1,1,0,1,0,1,0,1,0,0,baixo
2,35000.0,7,0.2857142857142857,1,2,1,0,0,0,1,0,1,0,0,0,0,medio_baixo
1,75000.0,1772,0.7076749435665914,10,2,1,0,0,0,0,1,1,0,0,0,0,alto
2,0.0,0,0.0,1,4,1,0,0,0,0,1,1,1,0,0,0,gratuito
4,10000.0,14,0.8571428571428571,1,2,1,1,1,0,0,0,0,1,0,0,0,gratuito
5,10000.0,18,0.9444444444444444,2,2,1,0,0,0,1,1,0,0,0,0,0,medio_baixo
1,10000.0,0,0.0,10,3,1,0,0,0,1,0,0,1,1,0,0,medio_alto
4,0.0,0,0.0,5,4,1,0,0,0,0,1,0,0,1,0,0,gratuito
1,10000.0,0,0.0,1,5,1,0,0,0,1,1,1,0,1,0,0,alto
1,10000.0,0,0.0,9,3,1,0,0,1,1,1,1,0,0,0,0,medio_alto
4,35000.0,8,1.0,1,2,1,0,0,0,1,1,0,0,0,0,0,baixo
1,0.0,0,0.0,0,0,1,0,0,0,0,0,0,0,0,0,0,gratuito
12,10000.0,780,0.8756410256410256,1,2,1,1,0,1,1,0,1,0,0,0,0,medio_alto
2,750000.0,7070,0.8922206506364923,21,5,1,0,0,1,1,1,1,1,0,0,1,alto
2,10000.0,1,0.0,1,2,1,0,0,0,1,0,0,0,0,1,0,baixo
1,150000.0,2,1.0,4,2,1,0,0,0,1,0,0,0,1,0,0,medio_alto
17,35000.0,616,0.8425324675324676,3,2,1,0,0,0,0,1,0,0,0,0,0,baixo
1,0.0,0,0.0,2,4,1,0,0,0,1,1,0,0,0,0,0,gratuito
2,0.0,0,0.0,103,2,1,0,0,0,1,0,0,0,0,0,0,medio_baixo
4,10000.0,0,0.0,1,2,1,0,0,0,0,1,0,0,0,0,0,medio_alto
1,0.0,0,0.0,2,2,1,0,0,0,1,1,0,0,0,0,0,medio_baixo
4,35000.0,18,0.9444444444444444,1,3,1,0,0,0,0,1,0,0,0,0,0,gratuito
7,10000.0,6,0.0,2,6,1,0,0,0,1,1,0,1,0,1,1,medio_alto
9,10000.0,18,0.8333333333333334,1,1,1,1,1,0,1,0,0,0,0,0,0,medio_alto
1,10000.0,34,0.7647058823529411,4,1,1,0,0,0,0,0,0,1,0,0,0,alto
9,10000.0,22,0.6818181818181818,1,2,1,0,0,0,0,0,1,1,0,0,0,medio_alto
2,10000.0,1,1.0,1,2,1,1,0,0,1,0,0,0,0,1,0,medio_alto
7,10000.0,133,0.8721804511278195,3,3,1,1,1,1,1,1,0,1,0,0,0,medio_baixo
1,10000.0,0,0.0,1,2,1,0,0,0,1,0,0,1,0,0,0,baixo
2,10000.0,0,0.0,2,3,1,0,0,0,1,0,0,1,0,0,1,medio_baixo
1,0.0,0,0.0,0,0,1,0,0,0,0,0,0,0,0,0,0,gratuito
1,10000.0,0,0.0,1,4,1,0,0,0,1,1,0,0,0,1,0,medio_alto
1,10000.0,0,0.0,4,3,1,0,0,0,1,0,0,1,0,0,1,alto
2,0.0,0,0.0,103,8,1,1,1,0,1,1,1,1,1,1,1,alto
6,10000.0,0,0.0,1,2,1,0,0,0,1,1,0,0,0,0,0,medio_alto
4,10000.0,0,0.0,1,2,1,0,0,0,1,1,0,0,0,0,0,alto
9,10000.0,10,0.7,1,2,1,0,0,0,0,0,1,1,0,0,0,medio_alto
2,0.0,0,0.0,3,2,1,1,1,0,1,0,0,0,0,0,0,gratuito
1,0.0,0,0.0,0,0,1,0,0,0,0,0,0,0,0,0,0,gratuito
3,10000.0,4,1.0,1,1,1,0,0,0,0,0,0,1,0,0,0,medio_alto
5,0.0,0,0.0,1,4,1,0,0,0,0,1,1,0,0,0,0,gratuito
5,10000.0,8,0.625,4,1,1,0,0,0,0,0,0,1,0,0,0,medio_alto
1,10000.0,0,0.0,15,3,1,1,0,2,0,1,0,1,0,1,0,alto
2,0.0,0,0.0,0,0,1,0,0,0,0,0,0,0,0,0,0,gratuito
2,10000.0,0,0.0,1,1,1,0,0,0,0,0,1,0,0,0,0,baixo
5,10000.0,5,1.0,1,3,1,0,0,0,1,0,0,1,0,1,0,medio_alto
2,10000.0,0,0.0,1,3,1,0,0,0,1,0,0,1,0,0,1,baixo
9,10000.0,7,0.14285714285714285,1,4,1,0,0,0,0,1,1,0,0,0,0,medio_baixo
5,0.0,0,0.0,1,3,1,1,0,0,1,1,0,0,0,0,0,gratuito
3,0.0,0,0.0,0,0,1,0,0,0,0,0,0,0,0,0,0,gratuito
6,35000.0,2,0.0,1,3,1,0,0,0,1,1,1,0,0,0,0,alto
1,10000.0,1,0.0,1,1,1,0,0,0,1,0,0,0,0,0,0,alto
4,35000.0,12,1.0,1,2,1,0,0,0,0,0,0,1,0,0,0,medio_baixo
1,10000.0,1,1.0,1,4,1,1,1,0,1,0,1,1,1,0,0,alto
7,10000.0,1,1.0,1,4,1,0,0,0,1,1,0,1,0,0,0,medio_alto
7,10000.0,0,0.0,2,3,1,0,0,0,1,1,1,0,0,0,0,medio_alto
2,0.0,0,0.0,1,4,1,0,0,0,1,0,0,0,1,0,0,gratuito
3,10000.0,4,0.75,1,1,1,0,0,0,0,0,0,1,0,0,0,baixo
6,10000.0,5,1.0,1,2,1,0,1,0,1,0,0,1,0,0,0,medio_baixo
9,10000.0,27,0.7037037037037037,1,5,1,1,1,0,1,0,0,0,0,0,1,alto
14,350000.0,2071,0.8932882665379044,2,2,1,0,1,0,1,1,0,0,0,0,0,medio_baixo
2,0.0,0,0.0,0,0,1,0,0,0,0,0,0,0,0,0,0,gratuito
1,0.0,0,0.0,1,2,1,0,0,0,0,0,1,0,0,0,0,gratuito
5,0.0,0,0.0,0,0,1,0,0,0,0,0,0,0,0,0,0,gratuito
5,75000.0,1,1.0,2,3,1,0,0,0,1,1,1,0,0,0,0,baixo
1,10000.0,2,1.0,1,3,1,0,0,0,1,0,0,1,0,0,1,baixo
3,10000.0,0,0.0,1,2,1,0,0,0,0,1,1,0,0,0,0,alto
1,10000.0,0,0.0,1,3,1,1,1,0,1,0,1,1,0,0,0,medio_baixo
4,10000.0,10,0.9,5,2,1,0,0,0,1,0,0,1,0,0,0,baixo
6,10000.0,10,1.0,1,2,1,0,0,0,1,0,0,0,0,0,0,medio_baixo
7,750000.0,2149,0.6212191717077711,14,4,1,1,0,0,1,0,0,0,1,0,0,gratuito
2,10000.0,14,0.8571428571428571,2,2,1,0,0,0,1,0,0,1,0,0,0,medio_baixo
5,10000.0,15,0.9333333333333333,1,2,1,1,1,1,1,1,0,0,0,0,0,medio_baixo
3,10000.0,3,1.0,1,1,1,0,0,0,0,0,0,1,0,0,0,medio_baixo
8,10000.0,8,0.875,1,1,1,0,0,0,0,0,0,0,1,0,0,gratuito
3,10000.0,1,0.0,1,2,1,0,0,0,1,1,0,0,0,0,0,medio_alto
4,10000.0,17,0.47058823529411764,1,7,1,0,0,0,1,1,1,1,0,0,1,baixo
8,10000.0,48,0.8541666666666666,3,3,1,0,0,0,1,1,0,1,0,0,0,baixo
2,10000.0,153,0.5098039215686274,4,2,1,0,0,2,0,0,1,0,1,0,0,alto
5,10000.0,217,0.9262672811059908,5,3,1,0,0,0,1,0,1,1,0,0,0,medio_alto
1,10000.0,46,0.6304347826086957,4,2,1,0,0,0,0,0,0,0,1,1,0,alto
2,10000.0,3,1.0,2,2,1,0,0,0,1,0,0,1,0,0,0,medio_baixo
6,10000.0,5,1.0,3,2,1,0,0,0,1,1,0,0,0,0,0,medio_baixo
2,10000.0,1,1.0,1,5,1,0,0,0,1,0,1,0,1,0,1,alto
3,10000.0,18,0.9444444444444444,3,5,1,0,0,0,1,1,1,0,1,0,0,gratuito
4,10000.0,0,0.0,1,3,1,0,0,0,1,1,0,1,0,0,0,medio_baixo
2,75000.0,1006,0.7445328031809145,10,4,1,0,0,0,1,0,1,0,0,0,1,medio_alto
10,10000.0,30,0.8333333333333334,1,3,1,1,1,0,1,0,0,1,0,0,1,baixo
5,75000.0,184,0.9565217391304348,1,3,1,0,0,1,1,0,0,1,1,0,0,medio_baixo
2,35000.0,45,0.9111111111111111,11,2,1,0,0,0,0,1,0,0,1,0,0,baixo
5,35000.0,1111,0.9792979297929792,5,3,1,1,0,2,1,0,1,1,0,0,0,medio_alto
3,10000.0,39,0.8205128205128205,9,1,1,0,0,0,0,1,0,0,0,0,0,medio_baixo
5,10000.0,10,0.7,1,3,1,0,0,1,1,1,1,0,0,0,0,medio_baixo
1,0.0,0,0.0,6,2,1,0,0,2,1,1,0,0,0,0,0,alto
1,0.0,0,0.0,0,0,1,0,0,0,0,0,0,0,0,0,0,gratuito
1,10000.0,8,0.5,1,4,1,0,0,0,1,1,1,0,0,0,1,medio_alto
4,0.0,0,0.0,0,0,1,0,0,0,0,0,0,0,0,0,0,gratuito
5,75000.0,1283,0.9056897895557288,4,3,1,1,1,1,1,1,1,0,0,0,0,alto
5,10000.0,0,0.0,1,1,1,0,0,0,0,0,0,1,0,0,0,medio_alto
2,10000.0,0,0.0,1,3,1,0,0,0,0,1,0,0,0,1,0,gratuito
2,10000.0,3,0.3333333333333333,1,3,1,0,0,0,1,1,0,0,0,1,0,medio_baixo
7,10000.0,63,0.9047619047619048,9,3,1,0,0,0,1,0,1,1,0,0,0,medio_baixo
7,10000.0,25,0.76,29,2,1,0,0,0,1,0,1,0,0,0,0,baixo
1,10000.0,29,0.8275862068965517,2,2,1,0,0,0,1,0,1,0,0,0,0,medio_baixo
1,10000.0,53,1.0,6,3,1,0,0,1,1,0,1,1,0,0,0,medio_baixo
1,0.0,0,0.0,0,0,1,0,0,0,0,0,0,0,0,0,0,gratuito
2,10000.0,15,1.0,1,4,1,0,1,0,1,0,0,1,0,1,1,alto
9,75000.0,43,0.5813953488372093,2,6,1,0,0,0,0,0,0,1,1,0,0,gratuito
6,10000.0,455,0.6989010989010989,2,3,1,1,0,2,1,0,0,0,1,1,0,medio_baixo
1,0.0,0,0.0,1,2,1,0,0,0,0,1,1,0,0,0,0,medio_alto
3,10000.0,30,0.9,1,2,1,0,0,0,0,1,0,1,0,0,0,gratuito
2,0.0,0,0.0,0,0,1,0,0,0,0,0,0,0,0,0,0,gratuito
16,10000.0,180,0.48333333333333334,6,3,1,1,0,0,1,0,1,1,0,0,0,medio_alto
2,10000.0,2,1.0,1,3,1,0,0,0,1,1,0,1,0,0,0,baixo
5,0.0,0,0.0,0,0,1,0,0,0,0,0,0,0,0,0,0,gratuito
4,35000.0,11,0.8181818181818182,4,2,1,0,0,0,1,0,0,1,0,0,0,medio_baixo
10,350000.0,836,0.6435406698564593,1,2,1,0,0,0,1,0,0,1,0,0,0,medio_alto
5,350000.0,8385,0.992128801431127,12,3,1,1,1,1,1,0,1,1,0,0,0,medio_alto
2,10000.0,1,1.0,1,5,1,0,0,0,1,1,1,0,0,1,0,alto
1,0.0,0,0.0,0,0,1,0,0,0,0,0,0,0,0,0,0,gratuito
1,0.0,0,0.0,0,0,1,0,0,0,0,0,0,0,0,0,0,gratuito
4,750000.0,5094,0.8588535531998429,10,4,1,0,0,1,1,0,1,0,0,1,1,baixo
9,10000.0,31,0.6774193548387096,9,3,1,1,0,1,1,0,0,1,0,1,0,medio_baixo
6,10000.0,21,0.7619047619047619,1,2,1,0,0,0,0,0,0,0,0,0,1,medio_baixo
1,35000.0,506,0.9367588932806324,1,2,1,1,0,0,1,1,0,0,0,0,0,alto
3,10000.0,7,0.8571428571428571,2,1,1,0,0,0,0,0,1,0,0,0,0,alto
6,10000.0,12,1.0,8,3,1,1,0,1,1,1,0,1,0,0,0,baixo
5,10000.0,23,0.8260869565217391,1,5,1,0,0,0,1,1,0,1,0,0,1,medio_alto
3,10000.0,42,0.9047619047619048,1,3,1,0,0,0,1,1,0,0,0,0,0,baixo
8,10000.0,5,1.0,1,2,1,0,0,0,0,0,1,1,0,0,0,medio_alto
4,10000.0,7,1.0,1,2,1,0,0,0,0,0,0,1,0,1,0,medio_alto
3,10000.0,0,0.0,2,3,1,0,0,0,0,0,0,0,1,1,1,medio_baixo
5,10000.0,1,0.0,1,4,1,0,0,0,1,1,1,0,0,0,0,alto
2,10000.0,3,1.0,1,4,1,1,1,0,1,1,0,1,0,0,0,medio_baixo
4,35000.0,108,0.8148148148148148,2,4,1,0,0,0,1,0,1,1,1,0,0,medio_alto
2,10000.0,17,0.5882352941176471,1,2,1,0,0,0,1,1,0,0,0,0,0,medio_alto
7,150000.0,1112,0.9721223021582733,1,3,1,0,0,1,1,0,1,0,1,0,0,medio_alto
3,10000.0,27,0.6666666666666666,3,5,1,0,0,0,1,0,0,1,0,0,1,alto
5,10000.0,0,0.0,1,1,1,0,0,0,0,0,1,0,0,0,0,medio_alto
1,35000.0,26,0.9615384615384616,1,3,1,1,1,0,1,0,1,1,0,0,0,medio_baixo
12,7500000.0,6733,0.9258874201693154,6,3,1,0,0,0,1,1,1,0,0,0,0,medio_alto
10,10000.0,53,0.9433962264150944,1,2,1,0,1,0,1,1,0,0,0,0,0,baixo
4,75000.0,627,0.7177033492822966,14,6,1,0,0,0,1,0,0,1,1,1,1,alto
11,75000.0,858,0.49417249417249415,1,3,1,0,0,0,1,0,0,0,0,1,0,medio_alto
3,10000.0,6,0.6666666666666666,1,2,1,1,0,0,0,0,1,1,0,0,0,medio_alto
1,10000.0,0,0.0,1,3,1,0,0,0,1,0,1,0,0,0,1,medio_baixo
2,75000.0,337,0.9465875370919882,1,2,1,0,0,0,1,0,1,0,0,0,0,baixo
3,750000.0,8681,0.8604999424029489,17,2,1,0,0,2,0,0,0,0,0,1,1,medio_alto
1,10000.0,15,1.0,6,4,1,1,0,0,1,0,0,1,1,0,1,medio_baixo
3,10000.0,13,1.0,3,2,1,0,0,0,1,1,0,0,0,0,0,medio_baixo
10,10000.0,4,0.5,1,2,1,0,0,0,0,1,0,1,0,0,0,baixo
8,10000.0,226,0.8849557522123894,29,3,1,0,0,5,1,0,0,1,0,0,1,baixo
6,10000.0,60,0.4,4,1,1,0,0,0,0,1,0,0,0,0,0,medio_baixo
1,0.0,0,0.0,103,6,1,0,0,0,0,1,1,1,0,1,1,baixo
7,10000.0,79,0.8607594936708861,11,3,1,1,1,1,1,0,1,1,0,0,0,medio_baixo
5,10000.0,12,0.5833333333333334,2,1,1,0,0,0,0,0,0,1,0,0,0,baixo
2,10000.0,0,0.0,1,2,1,0,0,0,0,0,0,0,1,0,0,gratuito
1,10000.0,0,0.0,1,2,1,0,0,0,1,0,0,1,0,0,0,medio_baixo
3,0.0,0,0.0,0,0,1,0,0,0,0,0,0,0,0,0,0,gratuito
5,10000.0,0,0.0,1,2,1,0,0,0,1,0,0,1,0,0,0,baixo
7,10000.0,2,0.5,1,2,1,0,0,0,1,0,0,1,0,0,0,baixo
5,0.0,0,0.0,1,4,1,0,0,0,1,0,1,0,1,0,0,gratuito
8,10000.0,31,0.6774193548387096,6,3,1,0,0,0,1,1,0,0,1,0,0,alto
9,35000.0,259,0.7876447876447876,13,4,1,1,1,2,1,1,1,0,1,0,0,alto
11,750000.0,8060,0.8522332506203474,7,5,1,1,0,0,1,1,1,0,1,0,1,medio_baixo
5,75000.0,10,0.5,16,4,1,0,0,0,1,1,1,0,1,0,0,baixo
3,35000.0,311,0.7234726688102894,9,3,1,0,1,0,0,1,1,0,1,0,0,baixo
3,10000.0,82,0.9878048780487805,23,1,1,0,0,0,1,0,0,0,0,0,0,medio_baixo
5,10000.0,5,0.4,1,4,1,0,0,0,0,0,0,0,0,0,0,alto
10,10000.0,10,0.0,1,2,1,0,0,0,0,1,1,0,0,0,0,alto
8,35000.0,348,0.6408045977011494,6,4,1,0,0,1,1,0,1,1,0,0,1,medio_baixo
1,10000.0,1,1.0,3,2,1,0,1,0,0,0,0,1,0,0,1,baixo
2,10000.0,0,0.0,1,6,1,0,0,0,0,1,1,1,0,1,1,gratuito
1,10000.0,0,0.0,1,3,1,0,0,0,0,0,1,1,1,0,0,medio_alto
2,0.0,0,0.0,1,4,1,0,0,0,1,1,0,0,0,1,0,gratuito
6,10000.0,10,0.8,1,2,1,0,0,0,1,0,0,1,0,0,0,gratuito
2,10000.0,0,0.0,1,3,1,0,1,0,1,0,1,0,0,0,1,medio_alto
4,10000.0,18,0.8333333333333334,1,2,1,0,0,0,1,0,0,1,0,0,0,baixo
1,10000.0,0,0.0,1,2,1,0,0,0,1,0,0,1,0,0,0,alto
14,75000.0,74,0.8918918918918919,1,2,1,0,0,0,1,0,0,0,1,0,0,medio_baixo
2,10000.0,0,0.0,1,4,1,0,0,0,1,1,1,1,0,0,0,medio_alto
4,75000.0,431,0.7540603248259861,7,2,1,0,0,0,0,1,0,1,0,0,0,medio_baixo
2,10000.0,0,0.0,1,2,1,0,0,0,1,1,0,0,0,0,0,medio_alto
4,10000.0,6,0.5,1,3,1,1,0,0,0,0,0,0,0,1,0,medio_alto
2,10000.0,0,0.0,1,1,1,0,0,0,1,0,0,0,0,0,0,alto
9,10000.0,8,0.625,1,3,1,1,0,0,1,0,0,0,0,1,0,alto
1,0.0,0,0.0,0,0,1,0,0,0,0,0,0,0,0,0,0,gratuito
8,10000.0,2,0.0,1,1,1,0,0,0,0,0,0,1,0,0,0,baixo
2,0.0,0,0.0,1,5,1,0,0,0,1,1,1,1,0,0,0,gratuito
1,10000.0,43,1.0,11,4,1,1,0,0,1,0,0,1,0,1,0,alto
1,10000.0,0,0.0,2,1,1,0,0,0,0,0,0,0,0,0,1,alto
2,0.0,0,0.0,0,0,1,0,0,0,0,0,0,0,0,0,0,gratuito
3,75000.0,2,0.5,1,1,1,0,0,0,0,1,0,0,0,0,0,baixo
4,350000.0,4454,0.9295015716210148,9,1,1,0,0,1,0,0,0,1,0,0,0,baixo
11,10000.0,60,0.4166666666666667,1,3,1,1,1,0,0,1,0,0,0,0,1,gratuito
3,0.0,0,0.0,0,0,1,0,0,0,0,0,0,0,0,0,0,gratuito
10,10000.0,39,0.2564102564102564,1,4,1,0,0,0,1,1,1,0,0,0,0,medio_baixo
6,10000.0,19,0.42105263157894735,1,4,1,0,0,0,1,1,0,0,0,1,0,alto
5,10000.0,4,0.75,1,2,1,0,0,0,1,0,1,0,0,0,0,medio_alto
4,10000.0,8,0.875,1,5,1,1,0,0,1,1,1,1,1,0,0,medio_baixo
3,0.0,0,0.0,0,0,1,0,0,0,0,0,0,0,0,0,0,gratuito
1,0.0,0,0.0,1,4,1,0,0,0,1,1,0,1,0,0,0,medio_alto
7,10000.0,163,0.9693251533742331,1,3,1,1,0,0,1,0,0,1,0,1,0,medio_alto
1,10000.0,8,0.5,25,2,1,0,0,0,0,0,0,0,0,0,1,medio_alto
2,10000.0,16,0.5625,2,4,1,0,0,0,1,1,1,0,0,0,1,baixo
1,0.0,0,0.0,2,5,1,0,0,0,1,0,0,1,0,0,1,baixo
2,10000.0,2,1.0,11,4,1,0,0,0,1,1,0,1,0,1,0,baixo
3,10000.0,152,0.9210526315789473,1,4,1,1,1,0,0,0,0,0,0,0,0,alto
1,10000.0,2,1.0,1,2,1,1,0,0,0,0,0,0,0,1,1,medio_alto
2,10000.0,170,0.9352941176470588,3,1,1,0,0,0,0,0,1,0,0,0,0,medio_alto
3,10000.0,10,0.8,1,2,1,0,0,0,0,0,1,1,0,0,0,medio_baixo
2,35000.0,441,0.8888888888888888,1,1,1,0,0,0,0,0,0,0,0,0,1,medio_baixo
5,10000.0,39,0.9487179487179487,2,2,1,0,0,0,1,0,1,0,0,0,0,baixo
1,0.0,0,0.0,1,5,1,0,0,0,1,1,0,0,1,0,1,gratuito
1,10000.0,0,0.0,2,5,1,0,0,0,1,0,0,1,1,1,1,medio_baixo
1,10000.0,0,0.0,4,3,1,0,0,0,1,0,1,1,0,0,0,baixo
2,0.0,0,0.0,0,0,1,0,0,0,0,0,0,0,0,0,0,gratuito
1,10000.0,0,0.0,6,3,1,1,1,2,1,0,0,1,0,0,1,alto
1,0.0,0,0.0,8,3,1,0,1,0,1,0,1,0,0,1,0,medio_alto
1,10000.0,0,0.0,3,2,1,1,0,0,1,0,0,1,0,0,0,medio_alto
1,0.0,0,0.0,2,1,1,1,1,2,0,0,1,0,0,0,0,alto
3,35000.0,2,1.0,3,3,1,0,0,0,0,0,0,0,1,1,1,alto
2,10000.0,4,0.75,1,4,1,1,0,0,1,0,1,1,0,0,0,medio_alto
1,10000.0,0,0.0,1,1,1,1,0,2,0,0,0,1,0,0,0,alto
2,10000.0,9,0.3333333333333333,8,2,1,0,0,0,1,1,0,0,0,0,0,medio_baixo
2,0.0,0,0.0,1,3,1,0,0,0,1,0,0,0,1,0,0,gratuito
9,75000.0,369,0.7886178861788617,2,2,1,0,0,0,1,1,0,0,0,0,0,baixo
9,10000.0,28,0.8928571428571429,1,4,1,1,0,0,1,1,0,1,0,0,0,gratuito
6,10000.0,107,0.9719626168224299,5,1,1,0,0,0,0,1,0,0,0,0,0,medio_alto
4,10000.0,17,0.8823529411764706,7,4,1,0,0,0,1,1,1,1,0,0,0,baixo
6,10000.0,2,0.5,1,2,1,0,0,0,0,1,0,0,1,0,0,medio_baixo
7,10000.0,5,0.8,1,2,1,1,1,0,1,1,0,0,0,0,0,medio_baixo
5,10000.0,0,0.0,1,1,1,0,0,0,0,0,0,0,0,0,1,alto
1,0.0,0,0.0,0,0,1,0,0,0,0,0,0,0,0,0,0,gratuito
1,75000.0,2,1.0,1,6,1,1,1,0,1,1,1,0,1,1,1,alto
8,10000.0,99,0.5454545454545454,1,3,1,0,0,0,0,1,0,1,0,0,1,baixo
3,10000.0,55,0.9272727272727272,2,2,1,1,1,1,1,0,1,0,0,0,0,alto
10,10000.0,18,0.5,1,7,1,0,0,0,0,1,1,1,1,1,1,medio_alto
2,10000.0,15,0.7333333333333333,2,5,1,0,0,0,1,0,0,1,1,0,1,baixo
1,0.0,0,0.0,2,3,1,0,0,0,0,0,0,0,1,1,0,gratuito
2,0.0,0,0.0,0,0,1,0,0,0,0,0,0,0,0,0,0,gratuito
3,0.0,0,0.0,1,6,1,0,0,0,0,0,0,1,1,1,0,gratuito
2,0.0,0,0.0,0,0,1,0,0,0,0,0,0,0,0,0,0,gratuito
4,10000.0,1,0.0,1,3,1,1,0,0,1,0,1,0,0,1,0,medio_baixo
3,10000.0,0,0.0,1,3,1,0,0,0,0,0,0,1,1,0,0,gratuito
6,10000.0,2,0.5,1,3,1,0,0,0,0,0,0,1,0,1,0,medio_baixo
1,0.0,0,0.0,0,0,1,0,0,0,0,0,0,0,0,0,0,gratuito
6,10000.0,54,0.6481481481481481,1,3,1,1,1,0,1,0,1,1,0,0,0,medio_baixo
1,10000.0,0,0.0,1,1,1,0,0,0,0,0,0,0,0,1,0,alto
2,0.0,0,0.0,103,3,1,1,1,3,0,0,0,1,0,0,1,gratuito
7,10000.0,21,0.5714285714285714,9,1,1,0,0,0,0,1,0,0,0,0,0,alto
8,350000.0,2819,0.9074139765874424,8,4,1,1,1,1,1,1,1,0,1,0,0,medio_baixo
2,10000.0,4,0.75,1,2,1,0,0,0,1,1,0,0,0,0,0,medio_baixo
2,10000.0,5,0.6,1,2,1,0,0,0,0,1,0,1,0,0,0,medio_baixo
6,350000.0,1994,0.8350050150451354,6,1,1,0,0,0,0,0,1,0,0,0,0,medio_alto
3,10000.0,2,0.0,1,2,1,0,0,0,0,0,1,1,0,0,0,medio_alto
3,10000.0,3,0.6666666666666666,1,3,1,0,0,3,1,0,0,1,0,0,1,medio_alto
1,0.0,0,0.0,1,1,1,0,0,0,0,0,0,1,0,0,0,alto
2,10000.0,0,0.0,1,2,1,1,0,0,1,0,0,1,0,0,0,medio_alto
5,0.0,0,0.0,0,0,1,0,0,0,0,0,0,0,0,0,0,gratuito
3,10000.0,3,0.3333333333333333,2,3,1,0,0,0,1,1,0,1,0,0,0,baixo
18,35000.0,120,0.20833333333333334,1,1,1,0,0,0,0,0,0,0,0,1,0,medio_alto
7,10000.0,2,1.0,1,2,1,1,1,0,1,0,0,1,0,0,0,medio_alto
2,10000.0,0,0.0,4,3,1,0,0,0,1,1,0,0,1,0,0,alto
10,35000.0,153,0.8888888888888888,1,2,1,0,0,1,1,1,0,0,0,0,0,baixo
2,10000.0,1,1.0,1,5,1,0,0,0,1,0,0,1,0,1,1,medio_baixo
4,10000.0,1,1.0,1,2,1,0,0,0,1,0,1,0,0,0,0,baixo
6,10000.0,4,0.25,1,4,1,0,0,0,1,1,0,1,0,0,0,baixo
5,10000.0,1,1.0,1,4,1,0,0,0,1,1,0,1,0,0,0,medio_alto
1,10000.0,0,0.0,11,2,1,0,1,1,1,1,0,0,0,0,0,alto
10,10000.0,50,0.78,1,3,1,0,0,0,1,1,1,0,0,0,0,alto
6,10000.0,25,0.64,2,2,1,0,0,0,0,1,0,1,0,0,0,baixo
8,10000.0,14,0.9285714285714286,1,2,1,1,1,0,1,0,1,0,0,0,0,alto
3,75000.0,30,0.9,1,2,1,0,0,0,1,1,0,0,0,0,0,medio_alto
13,350000.0,7243,0.7429242026784482,9,3,1,1,1,4,1,0,0,0,0,1,1,alto
2,10000.0,100,0.95,1,1,1,0,0,0,1,0,0,0,0,0,0,alto
4,150000.0,6,0.16666666666666666,12,3,1,0,0,0,0,1,1,0,1,0,0,medio_baixo
3,10000.0,67,0.3880597014925373,7,4,1,0,0,0,1,1,1,0,0,0,1,medio_baixo
1,10000.0,0,0.0,1,1,1,0,0,0,0,0,0,1,0,0,0,medio_baixo
1,10000.0,0,0.0,27,2,1,1,1,0,1,0,0,0,0,0,1,baixo
3,0.0,0,0.0,97,2,1,0,0,1,1,0,0,0,0,0,1,baixo
3,10000.0,3,0.0,1,3,1,0,1,0,1,1,1,0,0,0,0,baixo
5,150000.0,1200,0.8441666666666666,9,2,1,1,1,1,1,0,1,0,0,0,0,alto
8,1500000.0,5891,0.7475810558479036,10,2,1,0,0,77,0,1,0,0,0,0,0,gratuito
1,10000.0,0,0.0,25,2,1,0,0,0,1,0,0,1,0,0,0,medio_alto
3,0.0,0,0.0,2,5,1,0,1,0,1,1,1,1,0,0,0,gratuito
7,10000.0,17,0.8235294117647058,4,2,1,0,0,0,1,1,0,0,0,0,0,medio_alto
4,75000.0,1064,0.9050751879699248,8,5,1,0,0,2,1,1,1,1,0,1,0,medio_baixo
4,10000.0,71,0.9154929577464789,4,2,1,0,1,1,1,0,0,1,0,0,0,baixo
4,10000.0,2,0.0,1,5,1,0,0,0,1,1,1,1,0,0,0,alto
5,10000.0,3,0.6666666666666666,1,1,1,0,0,0,0,0,0,1,0,0,0,medio_alto
8,150000.0,564,0.8546099290780141,8,1,1,1,0,0,0,0,0,0,0,1,0,baixo
1,0.0,0,0.0,5,4,1,0,0,0,0,0,1,1,0,1,0,gratuito
13,0.0,0,0.0,4,3,1,0,0,0,0,1,0,0,1,1,0,gratuito
8,10000.0,26,0.6538461538461539,1,5,1,0,0,1,0,0,0,1,0,0,1,medio_baixo
2,10000.0,16,1.0,4,2,1,0,0,0,1,1,0,0,0,0,0,baixo
5,10000.0,0,0.0,1,1,1,0,0,0,0,1,0,0,0,0,0,alto
1,10000.0,0,0.0,1,4,1,0,0,0,1,0,1,1,0,0,1,medio_alto
5,10000.0,2,0.5,14,3,1,0,0,0,1,1,0,1,0,0,0,baixo
7,10000.0,37,0.5135135135135135,29,3,1,0,0,1,1,1,1,0,0,0,0,baixo
8,10000.0,3,0.6666666666666666,1,2,1,0,0,0,0,0,1,1,0,0,0,medio_alto
8,10000.0,35,0.7714285714285715,9,3,1,1,0,0,1,1,0,1,0,0,0,gratuito
3,0.0,0,0.0,1,5,1,0,0,3,0,1,0,1,0,1,0,gratuito
3,75000.0,1,1.0,1,1,1,0,0,0,0,0,0,0,1,0,0,medio_baixo
8,35000.0,45,0.7777777777777778,8,3,1,0,0,0,1,0,1,1,0,0,0,baixo
7,10000.0,165,0.8484848484848485,4,2,1,1,1,0,1,0,0,0,0,0,1,medio_alto
1,0.0,0,0.0,1,3,1,0,0,0,1,0,0,1,0,0,0,gratuito
1,10000.0,1,1.0,1,2,1,0,0,0,0,0,0,1,1,0,0,alto
2,0.0,0,0.0,0,0,1,0,0,0,0,0,0,0,0,0,0,gratuito
1,10000.0,38,0.9473684210526315,3,4,1,0,0,1,1,1,1,1,0,0,0,medio_alto
2,0.0,0,0.0,1,3,1,0,0,0,1,0,1,0,0,0,0,gratuito
3,10000.0,31,0.5483870967741935,2,3,1,0,0,0,1,1,1,0,0,0,0,medio_baixo
6,10000.0,44,0.6818181818181818,1,3,1,0,0,0,1,1,0,0,0,0,0,medio_alto
10,75000.0,266,0.8796992481203008,1,4,1,0,1,1,1,1,1,1,0,0,0,medio_baixo
4,10000.0,1,1.0,1,2,1,0,0,0,1,1,0,0,0,0,0,medio_alto
6,150000.0,9,1.0,1,2,1,0,0,0,0,1,0,0,1,0,0,medio_alto
12,75000.0,19,0.8947368421052632,3,1,1,1,1,1,0,0,0,0,0,0,0,alto
2,0.0,0,0.0,103,4,1,0,0,0,1,1,0,1,0,0,1,baixo
2,10000.0,4,1.0,1,2,1,1,1,1,1,1,0,0,0,0,0,medio_baixo
6,350000.0,2699,0.885513153019637,1,3,1,0,0,0,1,1,0,0,0,1,0,medio_baixo
2,10000.0,27,0.7777777777777778,29,2,1,1,0,0,1,1,0,0,0,0,0,alto
3,0.0,0,0.0,1,3,1,0,0,0,1,1,1,0,0,0,0,gratuito
1,0.0,0,0.0,1,4,1,0,1,0,1,0,1,0,1,0,1,alto
2,10000.0,10,1.0,2,2,1,0,0,0,1,1,0,0,0,0,0,alto
1,10000.0,0,0.0,2,3,1,0,0,0,1,0,0,1,0,1,0,medio_alto
5,10000.0,7,0.5714285714285714,4,1,1,0,0,0,0,0,0,1,0,0,0,medio_alto
1,0.0,0,0.0,2,3,1,0,0,0,1,0,0,1,0,1,0,medio_alto
2,10000.0,3,1.0,2,4,1,0,0,0,1,1,1,0,0,0,1,baixo
3,75000.0,13,1.0,1,4,1,0,0,0,1,1,1,0,0,0,0,medio_baixo
10,10000.0,11,0.7272727272727273,1,2,1,0,0,0,1,0,1,0,0,0,0,baixo
1,10000.0,0,0.0,10,2,1,0,0,0,0,1,1,0,0,0,0,alto
8,10000.0,6,0.6666666666666666,3,2,1,0,0,0,1,1,0,0,0,0,0,alto
2,10000.0,50,0.96,3,3,1,0,0,0,0,0,1,1,0,0,1,medio_alto
4,0.0,0,0.0,1,5,1,1,1,0,1,0,1,0,1,1,0,gratuito
2,10000.0,0,0.0,1,2,1,0,0,0,1,0,0,1,0,0,0,alto
12,1500000.0,14832,0.9728964401294499,10,1,1,1,1,0,0,0,0,0,0,1,0,medio_alto
1,0.0,0,0.0,0,0,1,0,0,0,0,0,0,0,0,0,0,gratuito
5,10000.0,23,0.6956521739130435,10,3,1,0,0,0,1,1,1,0,0,0,0,medio_alto
4,10000.0,4,1.0,1,3,1,0,0,0,1,1,0,0,0,0,0,medio_baixo
1,10000.0,137,0.8175182481751825,11,3,1,0,0,0,1,0,0,1,0,0,1,medio_alto
1,10000.0,3,1.0,10,4,1,0,0,0,1,0,0,1,0,1,1,alto
21,750000.0,15507,0.9363513252079706,7,2,1,0,0,0,0,1,0,0,1,0,0,medio_alto
6,75000.0,3,0.6666666666666666,1,2,1,1,1,0,1,0,0,0,0,1,0,baixo
2,10000.0,0,0.0,2,5,1,0,0,0,1,1,1,1,0,0,0,medio_alto
2,10000.0,111,0.6666666666666666,15,2,1,0,0,0,1,0,1,0,0,0,0,medio_baixo
6,10000.0,24,0.5833333333333334,23,3,1,0,0,0,1,0,1,0,0,0,0,baixo
3,10000.0,6,1.0,1,3,1,1,1,0,0,1,1,0,0,1,0,medio_alto
9,10000.0,8,0.625,1,1,1,0,0,0,0,0,0,0,1,0,0,baixo
1,0.0,0,0.0,2,2,1,0,0,0,0,1,1,0,0,0,0,medio_baixo
2,10000.0,32,1.0,8,2,1,0,0,0,0,1,1,0,0,0,0,medio_alto
10,750000.0,3371,0.8294274695935924,10,2,1,1,1,1,1,0,1,0,0,0,0,medio_baixo
9,10000.0,199,0.7236180904522613,6,3,1,1,0,0,1,0,1,1,0,0,0,medio_baixo
2,10000.0,0,0.0,1,3,1,1,1,0,1,0,0,1,0,1,0,baixo
5,35000.0,37,0.9459459459459459,1,3,1,0,1,0,1,0,1,1,0,0,0,medio_baixo
3,10000.0,0,0.0,1,1,1,1,1,0,0,0,0,1,0,0,0,alto
5,10000.0,6,0.6666666666666666,1,2,1,0,0,0,1,0,0,0,1,0,0,medio_baixo
12,150000.0,736,0.8926630434782609,11,2,1,1,1,0,0,0,1,1,0,0,0,medio_baixo
7,10000.0,2,0.5,1,3,1,0,0,0,1,1,1,0,0,0,0,medio_alto
1,10000.0,3,1.0,1,2,1,0,0,0,0,0,1,1,0,0,0,baixo
8,10000.0,20,0.9,5,1,1,1,1,0,1,0,0,0,0,0,0,gratuito
5,350000.0,12829,0.9475407280380388,9,4,1,1,1,0,1,1,1,1,0,0,0,medio_baixo
8,10000.0,72,0.5694444444444444,4,1,1,0,0,0,0,0,0,1,0,0,0,medio_alto
1,10000.0,0,0.0,1,2,1,0,0,0,1,0,0,1,0,0,0,baixo
1,10000.0,0,0.0,2,7,1,0,0,0,1,1,1,1,1,1,1,alto
2,10000.0,18,0.5555555555555556,2,3,1,0,0,0,1,0,1,1,0,0,0,alto
2,10000.0,288,0.9236111111111112,1,2,1,0,0,0,0,0,1,0,0,0,1,baixo
1,0.0,0,0.0,1,2,1,1,0,0,1,1,0,0,0,0,0,medio_alto
5,0.0,0,0.0,1,3,1,0,0,0,0,0,0,0,0,0,1,gratuito
5,10000.0,67,0.8955223880597015,5,1,1,1,0,0,0,0,0,1,0,0,0,baixo
3,10000.0,4,1.0,1,1,1,1,0,0,0,0,1,0,0,0,0,alto
1,10000.0,0,0.0,3,3,1,0,0,0,1,0,0,1,0,1,0,alto
2,10000.0,1,1.0,5,3,1,0,0,0,1,1,0,1,0,0,0,alto
1,10000.0,3,0.6666666666666666,1,4,1,0,0,0,1,0,0,1,0,0,1,gratuito
2,10000.0,12,0.25,103,5,1,0,0,0,1,1,1,1,0,0,1,baixo
3,10000.0,2,0.5,1,2,1,0,0,0,0,0,0,1,0,0,0,baixo
3,10000.0,0,0.0,1,5,1,0,0,0,1,0,1,1,1,0,0,gratuito
1,0.0,0,0.0,0,0,1,0,0,0,0,0,0,0,0,0,0,gratuito
11,350000.0,3479,0.9085944236849669,1,1,1,1,1,1,1,0,0,0,0,0,0,medio_baixo
9,10000.0,132,0.5303030303030303,103,5,1,0,0,0,1,0,1,1,0,1,1,baixo
4,35000.0,126,0.6587301587301587,1,6,1,0,0,0,1,1,0,1,0,0,0,gratuito
2,10000.0,0,0.0,1,5,1,0,0,0,1,1,1,0,1,1,0,medio_alto
9,35000.0,55,0.8909090909090909,1,2,1,0,0,0,1,0,0,1,0,0,0,medio_alto
7,10000.0,236,0.8771186440677966,5,2,1,1,0,0,1,0,0,0,0,1,0,medio_alto
6,10000.0,0,0.0,1,3,1,0,0,0,1,0,0,0,0,1,1,medio_alto
6,10000.0,44,0.8636363636363636,1,4,1,1,0,0,1,0,0,1,0,0,1,baixo
2,10000.0,15,0.8,7,1,1,0,0,0,0,0,0,0,0,1,0,medio_alto
7,750000.0,14007,0.9757978153780252,6,3,1,0,0,1,1,1,1,0,0,0,0,alto
4,10000.0,94,0.9042553191489362,1,2,1,0,0,2,0,0,0,0,0,0,1,alto
2,75000.0,826,0.9527845036319612,9,1,1,0,0,1,0,0,1,0,0,0,0,alto
6,35000.0,396,0.45707070707070707,3,3,1,0,0,0,0,1,1,0,1,0,0,alto
2,10000.0,2,1.0,1,1,1,0,0,0,0,0,0,1,0,0,0,medio_alto
2,10000.0,5,0.8,1,4,1,1,1,0,1,0,0,0,0,0,1,alto
2,0.0,0,0.0,0,0,1,0,0,0,0,0,0,0,0,0,0,gratuito
6,10000.0,1,1.0,1,4,1,0,0,0,1,1,1,0,0,0,0,medio_alto
11,35000.0,75,0.5066666666666667,1,7,1,0,0,0,1,1,1,1,1,1,1,baixo
6,10000.0,7,0.7142857142857143,2,4,1,1,1,0,1,1,1,1,0,0,0,alto
5,10000.0,3,0.6666666666666666,2,3,1,0,0,0,0,1,1,1,0,0,0,medio_baixo
10,75000.0,59,0.7796610169491526,1,2,1,0,1,0,1,0,0,1,0,0,0,medio_baixo
6,35000.0,14,0.6428571428571429,1,2,1,0,0,0,0,0,1,0,0,0,0,gratuito
1,35000.0,288,0.5520833333333334,1,3,1,0,1,0,1,0,1,0,0,0,1,alto
11,10000.0,35,0.4,1,1,1,0,0,0,1,0,0,0,0,0,0,medio_alto
6,10000.0,14,0.7142857142857143,1,5,1,0,0,0,0,0,0,0,0,0,0,gratuito
16,750000.0,8877,0.6551762982989748,5,1,1,0,0,3,0,1,0,0,0,0,0,alto
6,10000.0,9,0.3333333333333333,16,1,1,0,0,0,1,0,0,0,0,0,0,baixo
1,0.0,0,0.0,21,9,1,0,0,0,1,1,0,1,0,0,1,gratuito
3,10000.0,11,0.36363636363636365,13,3,1,0,0,0,0,0,0,1,0,1,1,gratuito
3,0.0,0,0.0,0,0,1,0,0,0,0,0,0,0,0,0,0,gratuito
1,10000.0,74,0.7837837837837838,11,3,1,0,0,1,1,1,1,0,0,0,0,alto
1,10000.0,0,0.0,10,3,1,0,0,0,1,1,1,0,0,0,0,medio_baixo
2,10000.0,13,0.9230769230769231,2,3,1,0,0,0,1,0,1,0,0,0,0,gratuito
1,0.0,0,0.0,2,6,1,0,0,0,1,0,0,1,0,1,1,gratuito
12,150000.0,2916,0.7602880658436214,16,3,1,1,1,0,1,1,1,0,0,0,0,medio_alto
2,10000.0,4,1.0,12,1,1,1,0,0,0,0,0,1,0,0,0,medio_alto
2,10000.0,11,0.9090909090909091,3,3,1,0,1,0,1,0,0,0,0,1,1,medio_baixo
10,750000.0,4016,0.6195219123505976,2,5,1,0,0,1,1,1,1,0,0,0,0,gratuito
2,0.0,0,0.0,0,0,1,0,0,0,0,0,0,0,0,0,0,gratuito
1,0.0,0,0.0,1,2,1,0,0,0,1,0,0,1,0,0,0,alto
1,10000.0,5,1.0,1,2,1,0,0,0,1,0,1,0,0,0,0,medio_baixo
6,10000.0,18,0.8333333333333334,1,4,1,0,0,0,1,1,1,0,0,0,1,medio_alto
2,0.0,0,0.0,0,0,1,0,0,0,0,0,0,0,0,0,0,gratuito
2,0.0,0,0.0,2,3,1,0,0,0,0,0,0,1,0,1,0,gratuito
1,10000.0,0,0.0,1,5,1,0,0,0,1,0,1,1,0,0,1,baixo
1,10000.0,0,0.0,6,2,1,0,0,0,0,0,0,1,0,1,0,medio_baixo
11,35000.0,239,0.8117154811715481,1,3,1,0,0,1,1,0,0,0,1,1,0,medio_alto
8,75000.0,254,0.6771653543307087,6,2,1,1,0,0,0,0,1,1,0,0,0,medio_alto
1,10000.0,0,0.0,10,4,1,0,0,0,1,1,1,0,0,0,0,alto
1,10000.0,0,0.0,1,5,1,0,0,0,1,0,1,1,0,0,0,alto
1,0.0,0,0.0,1,2,1,0,0,0,0,0,0,0,0,0,0,baixo
8,10000.0,10,0.7,1,3,1,0,0,0,1,1,0,0,0,0,0,alto
1,35000.0,879,0.9032992036405005,1,3,1,0,0,0,1,1,1,0,0,0,0,alto
2,0.0,0,0.0,0,0,1,0,0,0,0,0,0,0,0,0,0,gratuito
1,0.0,0,0.0,12,2,1,0,0,0,0,1,1,0,0,0,0,medio_baixo
3,10000.0,11,0.9090909090909091,1,3,1,0,0,0,1,1,0,1,0,0,0,alto
2,10000.0,0,0.0,2,3,1,0,0,0,1,1,0,1,0,0,0,baixo
2,0.0,0,0.0,0,0,1,0,0,0,0,0,0,0,0,0,0,gratuito
2,10000.0,0,0.0,8,3,1,0,0,0,1,0,0,1,0,0,1,alto
3,0.0,0,0.0,0,0,1,0,0,0,0,0,0,0,0,0,0,gratuito
2,35000.0,36,0.9722222222222222,1,3,1,0,0,0,1,1,0,0,0,0,0,medio_baixo
6,10000.0,20,0.75,1,3,1,0,0,0,1,0,0,1,0,0,1,alto
2,10000.0,1,1.0,1,3,1,0,0,0,1,1,0,1,0,0,0,alto
2,75000.0,121,0.9752066115702479,1,4,1,0,0,0,1,1,0,1,0,0,1,medio_baixo
8,10000.0,60,0.8,1,4,1,1,0,0,1,0,1,1,0,0,0,medio_alto
4,35000.0,4,0.75,1,5,1,0,0,0,1,0,0,1,0,0,0,baixo
1,0.0,0,0.0,0,0,1,0,0,0,0,0,0,0,0,0,0,gratuito
3,0.0,0,0.0,2,3,1,0,0,0,1,1,0,0,0,0,0,gratuito
2,10000.0,57,1.0,1,2,1,1,1,0,1,0,0,1,0,0,0,medio_baixo
1,10000.0,0,0.0,1,2,1,0,0,0,1,0,0,1,0,0,0,baixo
1,0.0,0,0.0,1,4,1,0,0,0,1,1,1,0,1,0,0,alto
2,10000.0,27,0.7777777777777778,1,5,1,0,0,0,1,1,0,0,1,0,0,gratuito
6,10000.0,2,0.5,1,4,1,0,1,0,1,1,1,0,0,0,1,baixo
8,10000.0,17,0.7058823529411765,1,2,1,0,0,0,1,1,0,0,0,0,0,baixo
1,0.0,0,0.0,0,0,1,0,0,0,0,0,0,0,0,0,0,gratuito
6,10000.0,241,0.1825726141078838,9,5,1,0,0,0,1,1,1,0,0,0,0,medio_baixo
8,35000.0,158,0.8607594936708861,1,5,1,0,0,0,1,1,1,1,0,0,0,gratuito
1,10000.0,0,0.0,1,1,1,1,1,0,1,0,0,0,0,0,0,medio_alto
8,10000.0,17,0.17647058823529413,1,2,1,0,0,0,1,0,1,0,0,0,0,baixo
7,10000.0,86,0.6395348837209303,14,3,1,0,0,0,1,0,1,1,0,0,0,alto
1,0.0,0,0.0,1,3,1,0,0,0,1,0,0,1,0,0,0,gratuito
2,10000.0,1,1.0,1,1,1,0,0,0,0,0,0,0,0,0,1,medio_baixo
5,35000.0,14,0.9285714285714286,3,5,1,0,0,0,1,0,1,1,1,1,0,medio_baixo
9,10000.0,18,0.2777777777777778,1,4,1,0,0,0,0,0,0,1,0,1,1,alto
9,75000.0,132,0.6136363636363636,2,4,1,0,0,0,1,1,1,1,0,0,0,baixo
4,10000.0,0,0.0,1,3,1,0,0,0,0,1,1,1,0,0,0,medio_alto
5,10000.0,0,0.0,9,2,1,0,1,0,1,0,0,1,0,0,0,baixo
3,10000.0,1,0.0,1,2,1,0,0,0,0,0,0,1,0,1,0,alto
2,10000.0,148,0.9864864864864865,5,5,1,0,0,1,1,1,1,0,1,1,0,medio_alto
4,10000.0,9,1.0,1,3,1,0,0,0,1,1,1,0,0,0,0,alto
1,10000.0,6,1.0,1,2,1,0,0,0,1,0,0,0,0,1,0,medio_baixo
5,75000.0,7,0.7142857142857143,1,5,1,0,0,0,1,1,1,1,1,0,0,medio_baixo
14,150000.0,507,0.5187376725838264,1,4,1,0,0,0,1,1,1,0,1,0,0,baixo
4,150000.0,106,0.6981132075471698,103,7,1,0,0,0,1,1,1,1,0,1,1,baixo
3,10000.0,5,1.0,7,4,1,0,1,0,1,1,1,1,0,0,0,baixo
9,10000.0,54,0.7777777777777778,1,2,1,1,1,0,1,0,0,1,0,0,0,medio_baixo
6,10000.0,80,0.9125,6,6,1,1,1,0,1,1,0,0,0,0,1,gratuito
1,10000.0,0,0.0,12,2,1,0,0,0,0,0,0,1,0,0,1,medio_alto
12,35000.0,435,0.6620689655172414,1,3,1,1,0,0,1,1,1,0,0,0,0,medio_alto
1,0.0,0,0.0,17,1,1,0,0,0,0,1,0,0,0,0,0,gratuito
5,10000.0,4,1.0,1,3,1,0,0,0,0,0,1,0,0,0,1,alto
6,10000.0,36,0.7222222222222222,1,2,1,0,0,0,0,0,0,1,0,0,1,medio_alto
8,10000.0,4,0.5,1,2,1,0,0,0,1,0,1,0,0,0,0,medio_baixo
1,10000.0,80,0.9875,1,4,1,1,0,0,1,0,1,0,1,0,1,alto
5,10000.0,56,0.9285714285714286,3,1,1,0,0,0,1,0,0,0,0,0,0,baixo
5,10000.0,6,0.8333333333333334,1,1,1,0,0,0,0,0,0,0,0,0,0,alto
10,10000.0,174,0.9022988505747126,1,1,1,0,0,0,1,0,0,0,0,0,0,medio_baixo
4,150000.0,1296,0.8672839506172839,2,6,1,0,0,3,1,0,1,1,1,1,1,medio_baixo
4,350000.0,3097,0.9034549564094285,9,3,1,0,0,1,0,1,1,0,1,0,0,alto
5,150000.0,2214,0.950316169828365,9,3,1,1,0,0,1,0,0,1,0,0,1,alto
3,0.0,0,0.0,16,2,1,0,0,0,1,0,0,0,1,0,0,gratuito
7,3500000.0,52842,0.8470724045267023,9,3,1,0,0,2,0,1,1,0,1,0,0,alto
2,0.0,0,0.0,1,3,1,0,0,0,1,0,0,1,0,0,0,gratuito
2,0.0,0,0.0,0,0,1,0,0,0,0,0,0,0,0,0,0,gratuito
3,10000.0,5,0.6,1,3,1,0,0,0,0,0,0,1,0,0,1,baixo
6,75000.0,575,0.5008695652173913,1,3,1,0,0,0,1,1,0,0,0,0,0,alto
9,10000.0,67,0.835820895522388,1,3,1,0,0,0,1,0,0,1,1,0,0,medio_baixo
5,10000.0,5,1.0,1,2,1,0,0,0,0,1,0,0,0,0,1,medio_alto
3,10000.0,3,0.6666666666666666,4,1,1,0,0,0,0,0,0,1,0,0,0,baixo
1,0.0,0,0.0,0,0,1,0,0,0,0,0,0,0,0,0,0,gratuito
4,10000.0,0,0.0,1,2,1,0,0,0,1,0,0,1,0,0,0,baixo
2,10000.0,3,1.0,1,2,1,0,0,0,1,1,0,0,0,0,0,medio_alto
3,10000.0,119,0.8907563025210085,7,4,1,0,0,0,1,1,1,1,0,0,0,medio_baixo
7,10000.0,10,0.3,1,6,1,1,0,0,0,0,0,0,0,0,0,medio_baixo
7,10000.0,31,0.5161290322580645,1,4,1,1,0,0,1,1,1,1,0,0,0,baixo
6,150000.0,607,0.8830313014827018,9,4,1,0,0,0,1,1,1,0,0,0,0,gratuito
2,10000.0,25,1.0,1,1,1,1,1,2,1,0,0,0,0,0,0,medio_baixo
3,10000.0,0,0.0,25,2,1,0,0,0,1,0,0,1,0,0,0,baixo
5,35000.0,41,0.8292682926829268,1,1,1,0,0,0,0,0,1,0,0,0,0,medio_baixo
5,10000.0,0,0.0,1,6,1,0,0,0,1,1,1,1,1,0,1,medio_baixo
2,0.0,0,0.0,0,0,1,0,0,0,0,0,0,0,0,0,0,gratuito
8,75000.0,88,0.6818181818181818,8,3,1,1,0,0,1,0,0,1,0,0,0,baixo
1,0.0,0,0.0,1,3,1,0,0,0,0,0,1,1,0,0,0,gratuito
3,0.0,0,0.0,1,2,1,0,0,0,0,0,0,0,0,1,0,gratuito
3,10000.0,1,1.0,1,2,1,0,0,0,1,0,0,0,0,0,0,gratuito
10,10000.0,5,0.4,1,6,1,0,0,0,1,1,1,1,0,1,0,medio_alto
3,0.0,0,0.0,0,0,1,0,0,0,0,0,0,0,0,0,0,gratuito
1,10000.0,0,0.0,1,1,1,0,0,0,1,0,0,0,0,0,0,baixo
5,10000.0,14,0.5,1,5,1,1,1,0,1,1,1,1,0,1,0,baixo
5,0.0,0,0.0,0,0,1,0,0,0,0,0,0,0,0,0,0,gratuito
1,10000.0,20,0.7,11,4,1,0,0,0,1,1,1,1,0,0,0,medio_baixo
5,0.0,0,0.0,2,4,1,0,0,0,1,0,0,0,1,1,0,gratuito
3,10000.0,13,0.6923076923076923,1,1,1,0,0,0,0,0,0,1,0,0,0,medio_baixo
4,35000.0,17,1.0,1,2,1,0,0,1,0,0,1,0,1,0,0,medio_alto
1,10000.0,3,0.6666666666666666,2,2,1,0,0,0,1,0,0,0,0,0,1,medio_baixo
3,10000.0,3,0.6666666666666666,8,2,1,0,0,0,1,0,1,0,0,0,0,baixo
5,10000.0,43,0.7674418604651163,2,1,1,0,0,0,0,0,0,0,0,1,0,medio_baixo
4,10000.0,0,0.0,1,1,1,0,0,0,1,0,0,0,0,0,0,medio_baixo
4,75000.0,277,0.9855595667870036,1,2,1,0,0,0,1,1,0,0,0,0,0,alto
3,10000.0,37,0.9459459459459459,3,3,1,0,0,0,1,1,0,1,0,0,0,gratuito
2,0.0,0,0.0,103,3,1,0,0,0,1,0,0,1,0,0,1,baixo
7,10000.0,26,0.9615384615384616,5,3,1,0,1,3,1,0,1,1,0,0,0,medio_alto
1,10000.0,0,0.0,1,1,1,0,0,0,0,1,0,0,0,0,0,medio_baixo
4,10000.0,15,0.8666666666666667,2,3,1,0,0,0,1,0,1,0,1,0,0,medio_alto
1,0.0,0,0.0,5,4,1,1,1,0,1,1,0,1,0,0,0,medio_alto
7,10000.0,4,0.75,1,3,1,0,0,0,0,0,0,0,0,0,1,medio_baixo
2,0.0,0,0.0,1,4,1,0,0,0,1,0,0,1,0,1,0,gratuito
1,0.0,0,0.0,13,4,1,0,0,0,1,0,0,1,1,0,1,baixo
4,75000.0,2,1.0,1,2,1,1,1,0,1,1,0,0,0,0,0,medio_baixo
3,350000.0,1830,0.7273224043715847,2,3,1,0,0,0,1,0,0,1,0,0,1,alto
2,0.0,0,0.0,0,0,1,0,0,0,0,0,0,0,0,0,0,gratuito
2,10000.0,3,1.0,1,3,1,0,0,0,1,1,0,1,0,0,0,baixo
6,10000.0,0,0.0,1,1,1,0,0,0,0,0,0,0,0,1,0,medio_baixo
2,10000.0,5,1.0,1,3,1,1,0,0,1,1,0,1,0,0,0,alto
6,10000.0,27,0.8148148148148148,1,3,1,0,0,0,0,1,0,0,1,0,0,alto
2,0.0,0,0.0,0,0,1,0,0,0,0,0,0,0,0,0,0,gratuito
1,10000.0,112,0.8214285714285714,1,3,1,0,0,0,1,1,1,0,0,0,0,alto
6,750000.0,5419,0.9437165528695332,9,4,1,1,0,1,1,0,0,1,1,0,0,gratuito
3,35000.0,14,1.0,1,3,1,1,0,0,1,1,0,1,0,0,0,medio_alto
2,10000.0,100,0.95,1,1,1,0,0,0,1,0,0,0,0,0,0,alto
1,10000.0,4,0.75,2,6,1,0,0,0,1,0,1,0,1,0,1,medio_alto
2,10000.0,13,1.0,3,1,1,0,1,1,0,0,0,0,0,1,0,alto
3,10000.0,146,0.8013698630136986,2,3,1,1,1,0,1,1,0,1,0,0,0,medio_baixo
12,10000.0,35,0.6857142857142857,1,1,1,0,0,0,1,0,0,0,0,0,0,baixo
9,10000.0,132,0.7575757575757576,1,2,1,0,0,0,0,1,1,0,0,0,0,baixo
6,150000.0,25,0.8,1,3,1,0,0,0,0,1,1,0,0,0,1,medio_baixo
1,10000.0,0,0.0,10,3,1,0,0,0,0,1,0,0,0,0,1,medio_alto
3,10000.0,0,0.0,6,0,1,0,0,0,0,0,0,0,0,0,0,baixo
2,10000.0,11,0.9090909090909091,7,3,1,0,0,1,1,1,1,0,0,0,0,medio_baixo
6,35000.0,179,0.9329608938547486,1,2,1,0,0,0,1,0,0,1,0,0,0,baixo
6,10000.0,2,1.0,1,4,1,0,0,0,1,0,1,1,1,0,0,medio_baixo
1,10000.0,3,0.6666666666666666,14,4,1,0,0,0,1,0,0,0,0,0,1,medio_baixo
11,35000.0,135,0.5037037037037037,1,3,1,0,0,0,1,1,1,0,0,0,0,alto
3,10000.0,1,1.0,1,2,1,0,0,0,0,1,0,0,0,0,0,baixo
8,10000.0,0,0.0,1,3,1,0,0,0,0,0,1,0,1,0,0,medio_baixo
12,150000.0,3129,0.8616171300735059,8,1,1,0,0,0,0,1,0,0,0,0,0,baixo
4,10000.0,17,0.6470588235294118,1,2,1,0,0,0,1,1,0,0,0,0,0,baixo
9,10000.0,181,0.8342541436464088,1,5,1,0,0,0,1,1,1,0,0,0,1,gratuito
7,10000.0,26,0.8846153846153846,1,2,1,0,0,0,1,0,1,0,0,0,0,medio_baixo
7,10000.0,31,1.0,1,4,1,0,0,2,1,0,0,1,0,0,0,alto
8,10000.0,2,0.0,1,3,1,0,1,0,1,1,1,0,0,0,0,medio_baixo
11,150000.0,962,0.7962577962577962,8,3,1,0,0,4,0,0,0,0,0,0,1,baixo
3,10000.0,25,0.6,2,3,1,0,0,0,1,0,0,1,0,0,1,medio_baixo
3,10000.0,2,0.0,1,1,1,0,0,0,0,0,0,0,0,0,0,medio_baixo
8,10000.0,13,0.9230769230769231,10,3,1,0,0,0,1,1,0,1,0,0,0,baixo
3,75000.0,366,0.7786885245901639,1,1,1,1,1,1,0,0,0,0,1,0,0,alto
3,0.0,0,0.0,103,4,1,0,1,0,1,1,0,1,0,0,0,medio_alto
1,10000.0,0,0.0,7,4,1,0,1,0,1,1,0,1,0,0,0,medio_alto
9,10000.0,11,0.7272727272727273,1,2,1,0,0,0,0,0,1,1,0,0,0,medio_alto
8,1500000.0,42534,0.47355057130765976,10,5,1,0,0,1,0,1,1,0,1,0,0,alto
2,10000.0,1,0.0,1,3,1,0,0,0,1,1,0,1,0,0,0,medio_baixo
4,10000.0,5,0.8,1,3,1,0,0,0,1,0,1,1,0,0,0,gratuito
4,75000.0,39,0.8461538461538461,1,2,1,0,0,0,0,0,1,0,1,0,0,medio_baixo
16,10000.0,140437,0.9592272691669574,10,1,1,1,1,15,0,0,0,0,0,1,0,alto
1,0.0,0,0.0,0,0,1,0,0,0,0,0,0,0,0,0,0,gratuito
4,10000.0,50,0.92,1,4,1,0,0,0,1,1,0,1,0,0,0,medio_alto
2,0.0,0,0.0,1,5,1,0,0,0,1,1,0,0,1,0,0,gratuito
5,10000.0,1,0.0,1,3,1,0,0,1,1,0,0,1,0,0,1,medio_alto
6,10000.0,3,0.6666666666666666,1,4,1,0,0,0,1,1,1,0,0,0,0,medio_baixo
5,150000.0,5,1.0,1,4,1,1,0,0,1,1,0,1,0,0,0,gratuito
5,0.0,0,0.0,6,4,1,0,0,0,1,0,0,1,0,0,1,gratuito
8,75000.0,454,0.8612334801762115,2,2,1,1,0,1,1,0,0,0,0,1,0,alto
2,10000.0,232,0.603448275862069,4,3,1,0,0,0,1,0,0,0,0,0,1,alto
2,350000.0,137,0.948905109489051,4,4,1,0,0,0,1,1,0,0,0,0,0,alto
1,10000.0,0,0.0,1,3,1,0,0,0,1,0,0,1,0,0,1,alto
16,10000.0,37,0.8918918918918919,1,1,1,0,0,0,0,0,0,1,0,0,0,medio_alto
4,0.0,0,0.0,0,0,1,0,0,0,0,0,0,0,0,0,0,gratuito
4,10000.0,0,0.0,1,2,1,0,0,0,1,1,0,0,0,0,0,alto
3,10000.0,8,0.875,1,3,1,0,0,0,1,1,0,1,0,0,0,medio_baixo
1,0.0,0,0.0,0,0,1,0,0,0,0,0,0,0,0,0,0,gratuito
1,10000.0,21,1.0,9,3,1,0,0,0,1,1,0,1,0,0,0,medio_baixo
11,35000.0,176,0.7784090909090909,8,4,1,1,0,1,1,1,1,0,0,1,0,medio_baixo
6,35000.0,19,0.15789473684210525,1,3,1,0,0,0,1,0,1,1,0,0,0,medio_alto
1,0.0,0,0.0,0,0,1,0,0,0,0,0,0,0,0,0,0,gratuito
1,0.0,0,0.0,1,4,1,0,0,0,1,0,1,0,1,0,0,gratuito
4,0.0,0,0.0,0,0,1,0,0,0,0,0,0,0,0,0,0,gratuito
1,10000.0,8,1.0,1,4,1,0,0,0,1,1,1,1,0,0,0,medio_alto
1,10000.0,0,0.0,2,6,1,0,0,0,0,1,1,1,0,1,1,baixo
10,10000.0,183,0.9726775956284153,3,2,1,0,1,1,1,1,0,0,0,0,0,medio_baixo
6,10000.0,8,0.625,1,1,1,0,0,0,1,0,0,0,0,0,0,medio_baixo
8,10000.0,16,0.5,1,3,1,0,0,0,1,0,0,1,0,0,1,alto
3,10000.0,45,0.8222222222222222,9,2,1,0,0,0,1,0,0,1,0,0,0,baixo
1,0.0,0,0.0,2,3,1,0,0,0,1,0,0,1,1,0,0,medio_baixo
1,10000.0,0,0.0,1,3,1,0,0,0,0,0,1,0,1,0,0,gratuito
17,150000.0,0,0.0,5,1,1,0,0,0,0,0,0,0,0,0,0,medio_alto
9,150000.0,631,0.716323296354992,27,3,1,1,1,0,1,1,0,1,0,0,0,baixo
3,10000.0,2,1.0,1,3,1,0,0,0,0,0,0,0,0,0,0,alto
1,0.0,0,0.0,2,3,1,0,0,0,1,1,0,1,0,0,0,medio_alto
2,10000.0,14,0.9285714285714286,1,4,1,0,0,0,0,0,1,1,0,1,1,baixo
1,10000.0,0,0.0,2,3,1,1,1,0,1,0,1,0,0,0,0,alto
8,10000.0,29,0.8275862068965517,1,2,1,0,0,0,1,1,0,0,0,0,0,baixo
1,10000.0,0,0.0,1,1,1,0,0,0,0,0,0,1,0,0,0,medio_alto
3,10000.0,0,0.0,1,4,1,0,1,0,1,1,1,1,0,0,0,alto
6,10000.0,100,0.58,17,3,1,0,0,2,1,1,0,0,0,1,0,medio_baixo
1,10000.0,0,0.0,1,2,1,0,0,0,1,0,1,0,0,0,0,medio_baixo
2,10000.0,16,1.0,1,1,1,0,0,0,0,0,0,1,0,0,0,baixo
2,0.0,0,0.0,0,0,1,0,0,0,0,0,0,0,0,0,0,gratuito
1,0.0,0,0.0,0,0,1,0,0,0,0,0,0,0,0,0,0,gratuito
1,10000.0,0,0.0,1,3,1,1,1,0,1,0,1,1,0,0,0,baixo
6,10000.0,52,0.5961538461538461,1,4,1,0,0,0,1,0,0,0,0,1,1,medio_baixo
4,10000.0,293,0.9283276450511946,3,2,1,0,0,0,0,0,1,1,0,0,0,alto
3,0.0,0,0.0,0,0,1,0,0,0,0,0,0,0,0,0,0,gratuito
8,35000.0,185,0.654054054054054,12,2,1,0,0,0,1,0,1,0,0,0,0,medio_alto
8,10000.0,15,0.6666666666666666,1,7,1,0,0,0,1,1,0,1,0,1,1,baixo
2,10000.0,197,0.9847715736040609,7,2,1,1,1,0,1,0,0,1,0,0,0,baixo
1,0.0,0,0.0,1,6,1,0,0,0,1,0,1,0,1,1,1,gratuito
18,350000.0,1916,0.8763048016701461,5,1,1,0,0,0,0,1,0,0,0,0,0,medio_alto
4,10000.0,5,1.0,1,2,1,0,0,0,1,0,0,1,0,0,0,alto
8,75000.0,69,0.5072463768115942,1,1,1,0,0,0,0,0,0,0,0,0,0,gratuito
1,10000.0,0,0.0,2,2,1,0,1,0,1,1,0,0,0,0,0,baixo
2,0.0,0,0.0,103,2,1,0,0,0,1,0,0,1,0,0,0,baixo
3,0.0,0,0.0,1,1,1,0,0,0,0,0,0,0,0,1,0,gratuito
4,0.0,0,0.0,1,2,1,0,0,1,0,0,0,1,0,0,1,gratuito
2,0.0,0,0.0,16,4,1,0,0,0,1,0,0,1,0,0,1,gratuito
2,10000.0,297,0.531986531986532,7,2,1,0,0,4,0,1,0,0,1,0,0,alto
2,10000.0,37,0.918918918918919,1,4,1,0,0,0,1,1,0,1,0,1,0,medio_baixo
1,0.0,0,0.0,0,0,1,0,0,0,0,0,0,0,0,0,0,gratuito
8,10000.0,41,0.6829268292682927,1,2,1,1,1,0,1,0,0,0,0,0,1,gratuito
3,0.0,0,0.0,0,0,1,0,0,0,0,0,0,0,0,0,0,gratuito
2,10000.0,5,0.6,12,6,1,0,0,0,1,1,1,0,0,1,1,alto
2,0.0,0,0.0,103,3,1,0,0,0,1,1,0,1,0,0,0,baixo
8,10000.0,2,1.0,1,2,1,0,0,0,1,0,0,1,0,0,0,medio_alto
5,10000.0,1,0.0,1,1,1,0,0,0,0,0,0,0,1,0,0,alto
5,10000.0,409,0.941320293398533,1,4,1,1,0,1,1,0,1,0,1,1,0,medio_alto
7,10000.0,1,1.0,1,3,1,0,0,0,1,0,0,1,0,1,0,medio_alto
2,0.0,0,0.0,0,0,1,0,0,0,0,0,0,0,0,0,0,gratuito
3,10000.0,1,1.0,1,3,1,0,0,0,1,0,1,1,0,0,0,medio_baixo
3,35000.0,54,0.6296296296296297,1,2,1,0,0,0,0,0,0,1,0,1,0,medio_baixo
3,0.0,0,0.0,0,0,1,0,0,0,0,0,0,0,0,0,0,gratuito
1,10000.0,0,0.0,6,3,1,0,0,0,1,0,1,1,0,0,0,alto
8,10000.0,2,1.0,1,3,1,0,0,0,1,1,0,1,0,0,0,baixo
1,10000.0,3,1.0,1,4,1,0,0,0,1,0,0,0,0,0,1,baixo
12,10000.0,100,0.42,1,2,1,0,0,0,1,1,0,0,0,0,0,baixo
1,0.0,0,0.0,9,4,1,0,0,0,0,0,1,0,0,0,1,gratuito
5,350000.0,1426,0.7748948106591865,8,3,1,0,0,1,0,0,0,0,0,1,1,medio_alto
3,10000.0,80,0.9375,2,2,1,0,0,1,0,0,1,0,0,0,0,alto
12,150000.0,858,0.8682983682983683,1,1,1,0,0,0,0,1,0,0,0,0,0,medio_baixo
2,10000.0,2,1.0,11,5,1,0,0,0,1,0,1,1,0,0,1,medio_baixo
2,10000.0,0,0.0,5,5,1,0,0,0,1,1,1,1,1,0,0,alto
10,75000.0,155,0.5419354838709678,5,1,1,0,0,0,0,0,1,0,0,0,0,baixo
1,10000.0,0,0.0,1,6,1,0,0,0,1,0,0,1,1,1,1,gratuito
2,10000.0,0,0.0,1,2,1,1,1,0,1,0,1,0,0,0,0,medio_alto
5,10000.0,31,1.0,1,3,1,0,0,0,1,0,0,1,0,1,0,baixo
3,10000.0,0,0.0,4,3,1,0,0,0,1,0,1,1,0,0,0,medio_baixo
2,10000.0,7,0.42857142857142855,1,3,1,0,0,0,0,0,0,0,1,1,0,medio_baixo
1,10000.0,0,0.0,4,3,1,0,0,0,1,0,1,1,0,0,0,medio_alto
2,10000.0,2,0.5,1,1,1,0,0,0,0,0,0,1,0,0,0,medio_baixo
2,10000.0,0,0.0,1,5,1,0,0,0,1,0,0,1,1,1,1,baixo
3,10000.0,2,1.0,1,1,1,1,1,0,0,0,0,0,1,0,0,medio_alto
3,0.0,0,0.0,0,0,1,0,0,0,0,0,0,0,0,0,0,gratuito
3,0.0,0,0.0,1,4,1,0,0,0,1,1,1,0,0,1,0,gratuito
1,10000.0,0,0.0,1,2,1,0,0,0,1,0,0,1,0,0,0,medio_baixo
1,10000.0,0,0.0,1,4,1,0,0,0,1,1,1,0,1,0,0,alto
2,10000.0,4,1.0,7,3,1,0,0,0,1,1,0,1,0,0,0,medio_alto
1,0.0,0,0.0,2,1,1,0,0,0,0,0,1,0,0,0,0,baixo
2,10000.0,1,0.0,5,5,1,0,0,0,0,1,0,1,0,0,1,medio_alto
4,10000.0,12,0.9166666666666666,1,3,1,0,0,0,1,1,1,0,0,0,0,baixo
4,0.0,0,0.0,1,2,1,0,0,0,1,1,0,0,0,0,0,gratuito
4,10000.0,0,0.0,1,1,1,0,1,0,0,0,0,0,0,0,1,alto
10,35000.0,149,0.7718120805369127,2,2,1,1,1,0,1,0,0,1,0,0,0,medio_baixo
4,10000.0,189,0.5555555555555556,6,3,1,0,0,0,1,0,0,1,0,0,1,alto
4,75000.0,2,1.0,1,6,1,0,0,0,1,1,1,1,1,1,0,baixo
3,10000.0,4,0.75,1,3,1,0,0,0,0,0,0,1,0,1,1,medio_alto
1,0.0,0,0.0,1,3,1,1,1,1,1,0,0,1,0,0,0,gratuito
5,10000.0,659,0.6509863429438544,7,3,1,0,0,8,0,0,0,0,0,0,1,medio_baixo
1,10000.0,0,0.0,16,2,1,0,0,0,0,0,0,0,0,0,0,medio_alto
7,10000.0,1,1.0,1,1,1,0,0,0,1,0,0,0,0,0,0,baixo
3,35000.0,333,0.7207207207207207,1,5,1,0,0,0,1,1,1,1,0,0,1,baixo
11,350000.0,372,0.5618279569892473,7,4,1,1,1,2,1,1,0,1,0,0,0,gratuito
1,10000.0,1,1.0,1,3,1,0,0,0,1,1,1,0,0,0,0,medio_alto
10,10000.0,19,0.3157894736842105,2,6,1,0,0,0,1,1,0,1,0,0,1,alto
1,10000.0,0,0.0,1,4,1,1,1,0,1,0,1,1,0,0,1,baixo
1,10000.0,0,0.0,2,1,1,0,0,0,0,0,1,0,0,0,0,baixo
1,10000.0,11,1.0,1,5,1,0,0,0,1,1,1,0,1,1,0,medio_alto
2,10000.0,11,1.0,2,3,1,0,0,0,1,1,1,0,0,0,0,alto
5,0.0,0,0.0,1,2,1,0,0,0,0,0,1,0,0,0,0,gratuito
1,10000.0,14,0.9285714285714286,2,3,1,0,0,0,1,0,1,0,0,0,1,baixo
10,35000.0,432,0.8171296296296297,1,3,1,0,0,1,1,1,0,0,1,0,0,medio_alto
8,75000.0,342,0.8304093567251462,8,3,1,1,0,0,1,0,1,1,0,0,0,baixo
4,0.0,0,0.0,0,0,1,0,0,0,0,0,0,0,0,0,0,gratuito
1,10000.0,1,1.0,1,1,1,0,0,0,0,0,0,1,0,0,0,medio_alto
7,10000.0,182,0.6263736263736264,4,5,1,0,0,0,1,1,1,1,1,0,0,medio_baixo
1,10000.0,0,0.0,1,4,1,0,0,0,0,0,1,1,1,0,1,alto
1,10000.0,0,0.0,13,4,1,0,0,0,1,0,1,1,0,0,1,medio_baixo
4,10000.0,117,0.8974358974358975,5,1,1,0,0,1,0,0,1,0,0,0,0,alto
5,150000.0,3132,0.9853128991060025,21,2,1,1,0,1,1,0,1,0,0,0,0,medio_baixo
2,10000.0,0,0.0,12,3,1,1,1,0,1,0,0,1,0,1,0,baixo
2,10000.0,4,1.0,1,2,1,0,1,0,1,0,0,0,0,1,0,baixo
2,10000.0,47,0.8723404255319149,4,3,1,0,0,0,1,0,1,1,0,0,0,baixo
3,10000.0,21,1.0,4,1,1,0,0,0,0,0,0,0,1,0,0,medio_baixo
6,150000.0,885,0.8033898305084746,4,4,1,0,0,0,0,0,0,0,0,0,0,gratuito
3,0.0,0,0.0,0,0,1,0,0,0,0,0,0,0,0,0,0,gratuito
8,10000.0,13,0.8461538461538461,2,2,1,1,0,0,1,0,1,0,0,0,0,medio_baixo
1,0.0,0,0.0,1,4,1,0,0,0,1,1,0,1,0,0,0,gratuito
1,10000.0,0,0.0,2,2,1,0,0,0,1,0,1,0,0,0,0,alto
4,10000.0,62,0.8225806451612904,1,2,1,0,0,1,1,0,1,0,0,0,0,medio_alto
1,10000.0,0,0.0,1,1,1,0,0,0,0,1,0,0,0,0,0,medio_baixo
10,10000.0,18,0.9444444444444444,1,3,1,1,0,0,1,1,1,0,0,0,0,alto
5,10000.0,3,1.0,1,3,1,1,0,0,1,1,0,1,0,0,0,medio_alto
9,10000.0,247,0.6356275303643725,4,2,1,0,0,0,0,0,0,0,0,0,0,gratuito
1,10000.0,0,0.0,11,2,1,0,0,0,1,0,1,0,0,0,0,alto
1,10000.0,0,0.0,2,2,1,0,0,0,1,1,0,0,0,0,0,alto
3,0.0,0,0.0,1,5,1,0,0,0,1,0,0,1,1,1,0,gratuito
2,0.0,0,0.0,30,6,1,1,1,0,1,0,0,1,0,1,1,gratuito
9,10000.0,1,0.0,1,1,1,0,0,0,1,0,0,0,0,0,0,medio_alto
2,10000.0,1,1.0,1,2,1,0,0,0,1,1,0,0,0,0,0,medio_alto
5,35000.0,608,0.944078947368421,3,2,1,1,1,2,1,0,0,1,0,0,0,baixo
7,10000.0,5,1.0,2,4,1,1,1,0,1,1,1,1,0,0,0,medio_alto
1,0.0,0,0.0,1,4,1,0,0,0,1,0,0,0,1,1,0,gratuito
1,10000.0,0,0.0,4,2,1,0,0,0,1,0,1,0,0,0,0,medio_baixo
3,75000.0,14,1.0,1,2,1,0,0,0,0,1,0,0,0,1,0,medio_baixo
12,35000.0,114,0.5877192982456141,1,3,1,1,1,1,1,0,0,0,1,1,0,medio_alto
9,35000.0,100,0.96,4,1,1,0,0,0,0,0,0,1,0,0,0,medio_baixo
1,0.0,0,0.0,2,4,1,1,0,0,1,0,0,1,0,0,0,gratuito
9,35000.0,147,0.6666666666666666,7,3,1,1,1,0,1,0,0,1,0,0,1,baixo
2,10000.0,198,0.36363636363636365,13,2,1,0,0,0,0,0,0,1,0,1,0,alto
4,0.0,0,0.0,0,0,1,0,0,0,0,0,0,0,0,0,0,gratuito
2,35000.0,4,1.0,1,3,1,0,0,0,1,0,1,0,1,0,0,medio_baixo
9,10000.0,36,0.6666666666666666,1,2,1,0,0,0,1,0,0,1,0,0,0,medio_baixo
1,10000.0,0,0.0,28,2,1,0,0,0,1,0,0,1,0,0,0,baixo
3,10000.0,25,0.56,7,2,1,1,0,1,1,0,1,0,0,0,0,medio_baixo
4,10000.0,3,0.0,18,1,1,0,0,0,0,0,1,0,0,0,0,alto
3,10000.0,6,1.0,1,3,1,0,0,0,1,1,1,0,0,0,0,medio_baixo
9,10000.0,16,1.0,2,1,1,0,0,0,0,0,0,1,0,0,0,medio_alto
3,35000.0,131,0.8396946564885496,4,3,1,0,0,0,1,0,0,0,1,1,0,medio_alto
3,350000.0,15030,0.9099135063206919,14,2,1,0,0,1,1,1,0,0,0,0,0,alto
1,10000.0,7,1.0,17,3,1,1,0,0,1,0,0,1,1,0,0,alto
2,10000.0,1,1.0,1,2,1,0,0,0,1,0,0,1,0,0,0,medio_alto
1,10000.0,0,0.0,1,1,1,0,0,0,0,0,1,0,0,0,0,medio_alto
7,35000.0,98,0.673469387755102,2,5,1,0,0,0,1,1,0,0,0,0,0,gratuito
2,10000.0,61,0.7868852459016393,2,3,1,0,0,0,1,1,1,0,0,0,0,medio_baixo
8,10000.0,6,0.0,1,3,1,0,0,0,1,1,0,0,0,1,0,medio_baixo
6,10000.0,2,1.0,2,4,1,0,0,0,1,1,1,1,0,0,0,medio_alto
1,75000.0,1316,0.9414893617021277,4,3,1,1,0,3,1,0,1,0,1,0,0,alto
2,0.0,0,0.0,1,4,1,0,0,0,1,0,0,1,0,0,1,gratuito
10,10000.0,28,0.5,4,3,1,1,0,0,1,1,1,0,0,0,0,medio_alto
3,10000.0,35,0.7142857142857143,2,3,1,0,0,0,0,0,1,1,0,0,1,medio_alto
2,10000.0,9,1.0,1,2,1,0,0,1,1,0,0,1,0,0,0,medio_baixo
7,10000.0,0,0.0,14,3,1,1,0,1,1,1,0,1,0,0,0,baixo
3,75000.0,24,0.7916666666666666,1,4,1,0,0,0,1,1,1,0,0,0,0,alto
2,10000.0,26,0.6923076923076923,3,2,1,0,0,0,1,0,1,0,0,0,0,alto
2,10000.0,50,0.9,4,3,1,0,0,0,0,1,1,0,1,0,0,medio_alto
10,75000.0,752,0.7938829787234043,1,2,1,1,1,0,1,1,0,0,0,0,0,medio_baixo
6,10000.0,11,0.7272727272727273,1,2,1,0,0,0,1,0,0,0,0,0,1,baixo
4,0.0,0,0.0,1,3,1,0,0,0,1,1,0,0,0,0,0,gratuito
9,10000.0,0,0.0,9,5,1,0,0,0,0,0,0,0,0,0,0,gratuito
2,10000.0,52,0.7884615384615384,19,3,1,0,0,1,1,1,0,1,0,0,0,alto
1,10000.0,0,0.0,1,1,1,0,0,0,0,0,1,0,0,0,0,medio_alto
6,10000.0,4,1.0,1,3,1,1,0,0,1,1,0,1,0,0,0,baixo
4,10000.0,414,0.714975845410628,6,2,1,0,0,0,0,1,1,0,0,0,0,alto
1,0.0,0,0.0,103,4,1,0,0,1,1,1,1,0,0,0,0,gratuito
7,10000.0,6,0.6666666666666666,9,3,1,0,0,0,1,1,1,0,0,0,0,alto
3,10000.0,0,0.0,5,5,1,0,0,0,0,1,1,1,1,0,1,medio_alto
2,10000.0,3,1.0,2,3,1,0,0,0,1,1,1,0,0,0,0,medio_baixo
1,10000.0,0,0.0,3,1,1,1,0,0,1,0,0,0,0,0,0,medio_alto
6,10000.0,14,0.7142857142857143,2,3,1,0,0,0,1,1,0,1,0,0,0,baixo
6,10000.0,41,0.8780487804878049,15,3,1,1,1,0,1,1,1,0,0,0,0,medio_baixo
2,0.0,0,0.0,1,2,1,0,0,0,0,0,0,1,0,0,0,gratuito
3,1500000.0,12520,0.7965654952076677,9,1,1,0,0,1,0,0,0,0,0,1,0,alto
1,0.0,0,0.0,4,3,1,0,0,0,1,0,0,1,1,0,0,alto
4,10000.0,5,0.8,2,2,1,0,0,0,1,0,0,1,0,0,0,baixo
3,0.0,0,0.0,0,0,1,0,0,0,0,0,0,0,0,0,0,gratuito
12,75000.0,186,0.6290322580645161,3,2,1,0,0,1,0,0,0,0,0,1,1,alto
1,0.0,0,0.0,0,0,1,0,0,0,0,0,0,0,0,0,0,gratuito
1,10000.0,0,0.0,1,4,1,0,0,0,1,1,1,1,0,0,0,medio_alto
5,10000.0,11,0.8181818181818182,1,3,1,0,0,0,1,0,1,1,0,0,0,medio_baixo
6,10000.0,25,0.96,6,2,1,1,0,0,1,0,0,1,0,0,0,baixo
9,35000.0,12,0.4166666666666667,1,6,1,0,0,0,1,1,1,1,1,1,0,medio_alto
6,10000.0,0,0.0,1,3,1,0,0,0,1,1,0,0,0,0,1,medio_alto
6,10000.0,97,0.8969072164948454,1,2,1,0,0,1,1,1,0,0,0,0,0,medio_alto
2,10000.0,2,1.0,2,3,1,0,0,0,1,0,0,0,0,1,1,baixo
1,10000.0,4,1.0,2,2,1,0,0,0,1,1,0,0,0,0,0,baixo
3,10000.0,1,1.0,1,1,1,0,0,0,0,1,0,0,0,0,0,medio_baixo
1,0.0,0,0.0,0,0,1,0,0,0,0,0,0,0,0,0,0,gratuito
5,10000.0,0,0.0,1,4,1,0,0,0,1,1,0,0,0,1,0,medio_alto
1,10000.0,0,0.0,1,3,1,0,0,0,1,1,0,0,1,0,0,medio_alto
10,35000.0,214,0.9018691588785047,5,2,1,1,1,1,1,0,1,0,0,0,0,baixo
4,10000.0,12,0.9166666666666666,1,3,1,0,0,0,1,1,1,0,0,0,0,medio_alto
2,0.0,0,0.0,103,2,1,0,0,0,1,0,0,1,0,0,0,baixo
8,10000.0,14,0.8571428571428571,1,4,1,0,0,0,1,0,1,0,1,1,0,gratuito
4,150000.0,2216,0.7152527075812274,6,3,1,1,0,0,1,0,1,1,0,0,0,medio_baixo
3,0.0,0,0.0,1,2,1,0,0,0,0,1,1,0,0,0,0,gratuito
9,35000.0,51,0.6078431372549019,1,3,1,0,0,0,0,1,1,0,0,1,0,alto
5,10000.0,4,0.75,1,3,1,0,0,0,1,1,0,0,0,0,0,medio_baixo
12,150000.0,1735,0.7187319884726224,2,2,1,0,0,0,0,0,0,0,1,1,0,medio_alto
4,35000.0,2,0.0,1,2,1,0,0,0,1,0,0,0,1,0,0,baixo
2,10000.0,1,0.0,1,2,1,1,0,0,0,1,0,0,1,0,0,baixo
3,10000.0,1,1.0,2,3,1,0,0,0,1,1,0,1,0,0,0,baixo
6,10000.0,0,0.0,1,3,1,0,0,0,1,0,1,0,0,1,0,medio_baixo
1,10000.0,6,1.0,1,3,1,0,0,1,1,1,0,1,0,0,0,baixo
9,10000.0,7,0.8571428571428571,1,2,1,0,0,0,0,0,1,1,0,0,0,medio_alto
7,10000.0,5,0.2,1,3,1,0,0,0,1,1,0,1,0,0,0,medio_alto
2,10000.0,27,1.0,6,2,1,0,0,0,1,1,0,0,0,0,0,medio_alto
2,35000.0,551,0.47368421052631576,12,4,1,0,0,1,1,0,1,0,1,0,1,alto
2,35000.0,666,0.8333333333333334,12,4,1,0,0,4,1,1,1,0,1,0,0,medio_alto
7,10000.0,35,0.7142857142857143,3,3,1,0,0,0,1,1,1,0,0,0,0,alto
5,10000.0,0,0.0,1,3,1,1,1,0,1,0,1,1,0,0,0,alto
8,10000.0,2,1.0,1,6,1,0,0,0,1,1,1,1,1,1,0,medio_baixo
10,10000.0,29,0.7586206896551724,1,2,1,0,0,0,1,1,0,0,0,0,0,gratuito
1,10000.0,8,0.625,11,3,1,0,0,0,1,0,0,0,0,0,1,baixo
4,10000.0,52,0.46153846153846156,2,2,1,0,0,0,0,1,0,0,1,0,0,alto
4,0.0,0,0.0,0,0,1,0,0,0,0,0,0,0,0,0,0,gratuito
1,10000.0,0,0.0,8,2,1,1,0,0,1,1,0,0,0,0,0,medio_alto
2,75000.0,366,0.7841530054644809,14,1,1,0,0,3,0,1,0,0,0,0,0,alto
11,10000.0,33,0.45454545454545453,1,4,1,1,1,0,1,1,0,0,0,0,1,medio_alto
2,10000.0,5,1.0,1,1,1,0,0,0,1,0,0,0,0,0,0,medio_baixo
1,10000.0,0,0.0,1,3,1,0,0,0,1,0,0,0,1,0,1,alto
3,35000.0,5,0.8,1,4,1,0,0,0,1,0,1,1,1,0,0,alto
5,10000.0,137,0.8613138686131386,1,2,1,0,0,0,1,1,0,0,0,0,0,alto
6,10000.0,0,0.0,1,4,1,0,1,1,1,0,1,1,0,0,1,medio_alto
1,10000.0,1,1.0,1,1,1,0,0,0,0,0,0,1,0,0,0,baixo
2,10000.0,342,0.8596491228070176,10,2,1,0,0,1,1,0,1,0,0,0,0,medio_baixo
1,0.0,0,0.0,1,1,1,0,0,0,0,0,0,0,1,0,0,medio_alto
2,0.0,0,0.0,7,3,1,1,1,0,1,0,0,0,0,0,0,gratuito
4,10000.0,1,0.0,2,2,1,0,0,0,0,0,0,1,0,0,0,baixo
4,0.0,0,0.0,1,3,1,1,0,0,0,1,1,0,1,0,0,gratuito
3,10000.0,78,0.8461538461538461,10,4,1,0,0,0,1,1,0,1,0,0,0,medio_alto
5,10000.0,26,0.7692307692307693,10,2,1,0,0,0,1,0,1,0,0,0,0,alto
6,10000.0,2,0.5,1,5,1,0,0,0,1,0,1,1,0,1,1,medio_alto
4,10000.0,7,1.0,2,3,1,0,0,0,0,1,1,1,0,0,0,medio_baixo
12,7500000.0,90715,0.9243124069889214,8,0,1,0,0,16,0,0,0,0,0,0,0,medio_alto
1,10000.0,0,0.0,1,2,1,1,0,0,0,0,0,1,0,1,0,baixo
1,10000.0,0,0.0,1,1,1,0,0,0,0,0,0,0,0,0,1,alto
6,10000.0,5,1.0,1,3,1,0,0,0,1,1,0,1,0,0,0,medio_alto
3,10000.0,6,1.0,1,3,1,1,1,0,1,1,0,1,0,0,0,baixo
10,350000.0,2332,0.7152658662092625,1,2,1,1,1,1,1,1,0,0,0,0,0,medio_baixo
1,10000.0,0,0.0,22,3,1,0,0,0,1,1,1,0,0,0,0,baixo
6,10000.0,160,0.7375,1,2,1,0,0,3,1,0,0,0,1,0,0,medio_alto
6,10000.0,490,0.8877551020408163,1,3,1,0,0,0,1,0,0,0,1,1,0,medio_alto
4,75000.0,418,0.8564593301435407,14,3,1,0,0,1,1,0,1,1,0,0,0,medio_baixo
11,35000.0,257,0.669260700389105,9,2,1,0,0,0,0,0,1,1,0,0,0,medio_baixo
4,0.0,0,0.0,0,0,1,0,0,0,0,0,0,0,0,0,0,gratuito
1,0.0,0,0.0,0,0,1,0,0,0,0,0,0,0,0,0,0,gratuito
1,10000.0,48,0.6041666666666666,12,3,1,0,0,0,0,0,0,0,1,1,1,alto
6,35000.0,15,0.6666666666666666,1,3,1,0,0,0,0,0,0,0,1,0,0,gratuito
6,10000.0,14,0.5714285714285714,1,5,1,0,0,0,1,1,1,1,0,1,0,gratuito
4,35000.0,6,0.16666666666666666,1,1,1,0,0,0,0,1,0,0,0,0,0,baixo
4,0.0,0,0.0,29,4,1,1,1,0,1,0,1,1,0,0,0,gratuito
9,10000.0,10,0.9,1,2,1,0,0,0,1,1,0,0,0,0,0,baixo
3,10000.0,0,0.0,3,4,1,0,0,0,1,1,0,1,0,0,1,baixo
9,35000.0,388,0.7371134020618557,1,2,1,0,0,1,1,0,0,0,0,1,0,medio_alto
2,10000.0,17,0.5882352941176471,2,3,1,0,0,0,0,0,0,0,0,1,1,medio_alto
6,10000.0,1,1.0,1,4,1,0,0,0,1,1,1,0,1,0,0,medio_baixo
3,75000.0,6,0.3333333333333333,1,3,1,0,0,0,1,1,0,0,0,0,0,gratuito
1,0.0,0,0.0,6,3,1,0,0,0,0,0,0,1,1,0,1,alto
2,35000.0,33,1.0,4,2,1,0,0,0,1,0,1,0,0,0,0,baixo
1,10000.0,1,1.0,1,2,1,0,0,0,0,0,1,1,0,0,0,medio_baixo
11,35000.0,132,0.5227272727272727,1,2,1,0,0,0,0,0,1,1,0,0,0,medio_baixo
9,75000.0,1107,0.8473351400180669,10,2,1,0,0,0,1,1,0,0,0,0,0,baixo
2,10000.0,93,0.8494623655913979,1,4,1,0,0,0,1,0,1,0,0,0,1,medio_alto
1,10000.0,4,0.5,6,5,1,0,0,0,1,0,0,1,1,0,1,medio_baixo
4,10000.0,0,0.0,1,4,1,0,0,0,1,1,1,1,0,0,0,alto
1,10000.0,0,0.0,1,2,1,0,0,0,0,0,0,0,0,0,1,medio_alto
3,10000.0,6,0.5,2,1,1,0,0,0,0,1,0,0,0,0,0,medio_baixo
4,10000.0,2,0.0,1,2,1,0,0,0,0,0,1,1,0,0,0,medio_baixo
5,10000.0,5,0.8,1,4,1,0,0,0,1,1,1,1,0,0,0,baixo
2,10000.0,0,0.0,1,3,1,1,1,0,1,0,0,1,0,0,1,baixo
4,35000.0,334,0.8592814371257484,6,2,1,1,1,0,1,1,0,0,0,0,0,baixo
8,35000.0,68,0.7058823529411765,2,2,1,0,0,0,1,0,0,0,0,0,0,gratuito
2,0.0,0,0.0,102,2,1,0,0,0,1,0,0,1,0,0,0,baixo
2,10000.0,6,0.6666666666666666,1,2,1,0,0,0,0,1,1,0,0,0,0,medio_baixo
2,0.0,0,0.0,0,0,1,0,0,0,0,0,0,0,0,0,0,gratuito
10,150000.0,952,0.509453781512605,1,3,1,1,1,0,1,1,1,0,0,0,0,medio_baixo
6,75000.0,261,0.9042145593869731,12,3,1,1,1,0,1,1,0,0,0,0,1,gratuito
2,10000.0,425,0.9647058823529412,9,3,1,1,0,1,1,0,1,1,0,0,0,alto
1,0.0,0,0.0,1,3,1,0,0,0,1,0,1,0,0,0,1,medio_baixo
7,10000.0,0,0.0,1,3,1,0,0,0,1,1,1,0,0,0,0,medio_alto
6,10000.0,10,0.4,1,1,1,0,0,0,1,0,0,0,0,0,0,medio_baixo
2,10000.0,0,0.0,1,3,1,1,0,0,1,0,0,1,0,0,1,baixo
2,10000.0,75,0.92,1,4,1,0,0,0,1,0,0,1,1,1,0,medio_baixo
1,0.0,0,0.0,103,2,1,0,0,0,1,0,0,1,0,0,0,baixo
1,75000.0,18,1.0,2,4,1,0,0,0,1,0,1,0,1,0,1,medio_alto
7,10000.0,6,0.8333333333333334,1,1,1,0,0,0,0,0,0,0,0,0,0,baixo
2,10000.0,95,0.8,14,3,1,0,0,1,1,0,0,1,0,0,1,medio_alto
4,0.0,0,0.0,0,0,1,0,0,0,0,0,0,0,0,0,0,gratuito
2,10000.0,0,0.0,2,5,1,0,0,0,0,1,0,0,1,1,1,baixo
3,10000.0,106,0.7169811320754716,13,2,1,0,0,0,1,1,0,0,0,0,0,medio_alto
8,10000.0,27,0.9629629629629629,1,2,1,0,0,1,0,1,0,0,0,0,0,medio_alto
6,10000.0,0,0.0,1,3,1,0,0,0,1,1,0,1,0,0,0,medio_baixo
3,0.0,0,0.0,0,0,1,0,0,0,0,0,0,0,0,0,0,gratuito
3,10000.0,21,0.9523809523809523,1,1,1,0,0,0,0,0,0,0,1,0,0,alto
4,35000.0,25,0.76,2,4,1,0,0,0,1,1,1,0,0,0,1,baixo
2,10000.0,5,1.0,10,3,1,0,0,0,1,0,0,1,0,1,0,medio_baixo
1,0.0,0,0.0,1,2,1,0,0,1,0,1,0,0,0,0,0,gratuito
5,10000.0,137,0.9416058394160584,8,2,1,0,1,1,1,0,1,0,0,0,0,medio_alto
3,0.0,0,0.0,1,5,1,0,0,0,1,0,1,0,1,1,0,gratuito
1,10000.0,2,1.0,1,4,1,0,0,0,1,0,0,0,0,1,1,alto
2,10000.0,110,0.8545454545454545,1,3,1,0,0,0,1,1,0,0,0,0,0,gratuito
2,10000.0,2,0.0,27,2,1,0,1,0,1,0,0,0,0,1,0,alto
7,10000.0,14,0.7857142857142857,1,2,1,1,1,0,1,1,0,0,0,0,0,gratuito
3,10000.0,197,0.5786802030456852,12,3,1,0,0,1,0,1,1,0,1,0,0,medio_alto
7,10000.0,1,0.0,2,3,1,0,0,0,1,1,1,0,0,0,0,alto
2,10000.0,437,0.8787185354691075,6,6,1,1,1,2,1,1,1,1,1,0,1,alto
6,10000.0,23,0.782608695652174,1,3,1,0,0,0,0,0,0,0,0,0,1,gratuito
9,35000.0,182,0.7912087912087912,5,5,1,0,0,9,1,0,0,1,0,0,1,gratuito
2,10000.0,5,0.8,12,3,1,0,0,0,0,0,0,0,1,0,1,baixo
1,10000.0,1,1.0,1,1,1,0,0,0,0,1,0,0,0,0,0,medio_baixo
1,0.0,0,0.0,2,4,1,1,1,0,0,1,1,0,1,0,0,gratuito
4,0.0,0,0.0,29,3,1,0,0,0,1,0,0,1,0,0,1,gratuito
2,10000.0,6,1.0,2,3,1,0,0,0,1,0,0,1,0,1,0,medio_baixo
9,10000.0,14,0.5714285714285714,1,3,1,1,1,0,1,0,1,0,1,0,0,medio_baixo
3,10000.0,5,0.8,2,3,1,0,0,0,1,0,0,0,0,1,1,medio_alto
1,0.0,0,0.0,1,1,1,1,0,0,1,0,0,0,0,0,0,alto
9,75000.0,670,0.6611940298507463,1,4,1,1,1,0,1,0,1,1,0,0,1,baixo
4,10000.0,77,0.6623376623376623,30,6,1,0,1,0,1,1,1,1,0,0,1,medio_alto
4,10000.0,0,0.0,12,1,1,0,0,0,0,0,0,0,0,0,0,medio_alto
2,10000.0,11,0.9090909090909091,2,3,1,0,0,0,1,0,0,1,0,0,1,baixo
25,150000.0,388,0.9252577319587629,1,3,1,0,0,0,1,0,0,0,1,1,0,alto
5,35000.0,22,0.5,2,3,1,0,0,0,1,0,0,1,0,1,0,baixo
7,10000.0,33,1.0,1,2,1,0,1,0,1,0,0,1,0,0,0,alto
4,0.0,0,0.0,3,3,1,0,0,1,0,0,1,1,0,0,0,gratuito
2,10000.0,3,1.0,1,5,1,0,0,0,1,1,1,1,1,0,0,medio_baixo
1,0.0,0,0.0,1,1,1,0,0,0,0,0,0,0,0,0,0,gratuito
5,10000.0,19,0.7894736842105263,8,4,1,0,0,0,1,1,1,1,0,0,0,medio_baixo
2,10000.0,10,1.0,1,4,1,0,0,0,1,1,1,1,0,0,0,medio_alto
2,0.0,0,0.0,0,0,1,0,0,0,0,0,0,0,0,0,0,gratuito
1,35000.0,3,1.0,1,1,1,0,0,0,0,0,0,0,0,1,0,medio_alto
2,10000.0,0,0.0,1,2,1,0,0,0,1,1,0,0,0,0,0,medio_alto
1,0.0,0,0.0,0,0,1,0,0,0,0,0,0,0,0,0,0,gratuito
11,10000.0,3,0.6666666666666666,1,2,1,0,0,0,1,1,0,0,0,0,0,medio_baixo
2,10000.0,2,1.0,2,3,1,1,1,0,1,0,1,1,0,0,0,medio_baixo
6,10000.0,8,0.75,2,2,1,1,0,0,0,1,0,0,1,0,0,medio_baixo
7,35000.0,32,0.75,2,5,1,0,0,0,1,1,0,1,0,1,0,baixo
6,10000.0,14,0.8571428571428571,2,3,1,1,1,0,1,0,0,1,0,1,0,medio_alto
4,0.0,0,0.0,0,0,1,0,0,0,0,0,0,0,0,0,0,gratuito
4,35000.0,748,0.8890374331550802,13,6,1,1,1,0,1,0,1,1,1,0,1,medio_alto
2,10000.0,40,0.975,1,4,1,0,0,0,1,0,1,1,1,0,0,medio_alto
13,750000.0,4387,0.6993389560063825,7,4,1,0,0,4,0,0,0,1,1,1,0,gratuito
8,35000.0,289,0.9515570934256056,2,2,1,0,0,1,1,0,0,1,0,0,0,medio_alto
2,10000.0,26,0.38461538461538464,1,2,1,0,0,0,1,0,1,0,0,0,0,baixo
2,10000.0,5,1.0,1,6,1,0,0,0,0,1,1,1,0,1,0,baixo
1,35000.0,67,0.8955223880597015,1,2,1,1,0,0,0,0,0,1,0,0,0,gratuito
4,35000.0,23,0.782608695652174,2,3,1,1,0,0,1,0,1,1,0,0,0,medio_baixo
3,10000.0,2,1.0,1,5,1,0,0,0,1,1,1,0,1,0,1,baixo
2,10000.0,1,1.0,2,1,1,0,0,0,0,0,0,1,0,0,0,baixo
1,0.0,0,0.0,2,4,1,0,0,0,1,0,0,1,0,1,0,gratuito
9,10000.0,129,0.9457364341085271,7,3,1,1,0,0,1,1,1,0,0,0,0,medio_baixo
3,10000.0,15,1.0,3,3,1,0,0,0,1,1,1,0,0,0,0,baixo
4,10000.0,25,1.0,1,3,1,1,0,0,1,0,1,1,0,0,0,medio_alto
3,10000.0,0,0.0,21,2,1,0,0,0,0,0,0,0,0,0,1,gratuito
3,10000.0,4,0.5,1,4,1,0,0,0,1,1,0,0,0,0,1,alto
1,10000.0,0,0.0,1,2,1,0,0,0,1,0,1,0,0,0,0,medio_baixo
2,10000.0,2,1.0,1,4,1,1,1,0,1,1,1,1,0,0,0,medio_alto
2,0.0,0,0.0,0,0,1,0,0,0,0,0,0,0,0,0,0,gratuito
6,350000.0,2065,0.9830508474576272,1,2,1,0,0,0,1,1,0,0,0,0,0,medio_baixo
4,10000.0,2,0.5,4,4,1,0,0,0,1,1,1,0,0,0,0,medio_baixo
2,10000.0,0,0.0,2,3,1,0,0,0,1,0,0,1,0,1,0,baixo
3,10000.0,2,1.0,2,3,1,1,0,0,1,0,1,1,0,0,0,baixo
1,0.0,0,0.0,0,0,1,0,0,0,0,0,0,0,0,0,0,gratuito
2,10000.0,0,0.0,1,1,1,0,0,0,0,0,0,0,0,1,0,medio_alto
1,10000.0,0,0.0,6,4,1,1,1,0,1,0,1,1,0,0,0,medio_alto
1,0.0,0,0.0,0,0,1,0,0,0,0,0,0,0,0,0,0,gratuito
2,10000.0,0,0.0,1,3,1,0,0,0,1,0,0,1,0,0,1,medio_baixo
2,10000.0,1,0.0,1,2,1,0,0,0,1,1,0,0,0,0,0,medio_baixo
6,10000.0,3,1.0,1,1,1,1,0,0,1,0,0,0,0,0,0,baixo
2,10000.0,0,0.0,15,3,1,0,0,0,0,0,1,1,0,0,1,alto
3,0.0,0,0.0,0,0,1,0,0,0,0,0,0,0,0,0,0,gratuito
9,150000.0,410,0.35365853658536583,9,2,1,0,0,0,0,1,1,0,0,0,0,baixo
8,10000.0,0,0.0,1,2,1,1,1,0,1,1,0,0,0,0,0,medio_alto
1,0.0,0,0.0,0,0,1,0,0,0,0,0,0,0,0,0,0,gratuito
7,10000.0,1,0.0,27,5,1,0,1,0,1,0,1,1,1,1,0,medio_alto
1,0.0,0,0.0,1,3,1,0,0,0,0,1,1,0,0,0,0,alto
12,10000.0,24,0.20833333333333334,1,2,1,1,1,0,1,1,0,0,0,0,0,medio_alto
4,10000.0,19,0.8947368421052632,1,3,1,0,0,0,1,1,1,0,0,0,0,baixo
5,10000.0,223,0.5515695067264574,1,5,1,0,0,0,1,1,1,1,0,1,0,baixo
2,0.0,0,0.0,0,0,1,0,0,0,0,0,0,0,0,0,0,gratuito
4,10000.0,8,0.625,1,1,1,0,0,0,0,1,0,0,0,0,0,baixo
4,10000.0,21,0.47619047619047616,1,3,1,0,0,0,1,0,1,1,0,0,0,baixo
14,1500000.0,14212,0.9021953278919224,9,2,1,0,0,0,0,1,1,0,0,0,0,medio_alto
4,35000.0,151,0.6688741721854304,7,5,1,0,0,0,1,1,1,0,1,1,0,alto
2,0.0,0,0.0,1,1,1,1,1,2,0,1,0,0,0,0,0,gratuito
2,10000.0,0,0.0,1,1,1,0,0,0,1,0,0,0,0,0,0,alto
4,0.0,0,0.0,1,4,1,0,0,0,1,0,1,1,0,1,0,gratuito
2,10000.0,6,0.8333333333333334,1,3,1,0,0,1,1,0,0,1,0,0,1,baixo
2,10000.0,0,0.0,15,3,1,0,0,0,1,0,0,1,0,0,1,baixo
6,10000.0,46,0.9347826086956522,9,3,1,0,0,1,1,0,0,0,0,1,0,alto
1,10000.0,0,0.0,13,4,1,0,0,0,1,0,0,1,0,0,1,medio_alto
1,0.0,0,0.0,29,3,1,1,0,0,1,1,0,1,0,0,0,baixo
3,10000.0,0,0.0,2,1,1,0,1,0,0,0,0,0,0,0,1,medio_baixo
2,0.0,0,0.0,4,5,1,0,1,0,1,0,0,0,0,0,1,gratuito
1,10000.0,1,1.0,1,2,1,0,0,2,0,1,0,1,0,0,0,baixo
6,10000.0,7,0.14285714285714285,11,1,1,0,0,0,0,0,0,1,0,0,0,medio_baixo
6,10000.0,3,1.0,1,4,1,1,1,0,0,1,0,1,0,0,1,alto
1,0.0,0,0.0,3,3,1,0,0,1,0,0,1,1,0,0,1,medio_baixo
3,10000.0,29,0.9310344827586207,1,4,1,0,0,0,1,1,1,0,1,0,0,medio_baixo
4,10000.0,4,0.75,37,2,1,1,0,0,0,0,0,0,0,1,1,medio_alto
13,750000.0,9072,0.8823853615520282,5,1,1,0,0,0,0,0,0,0,1,0,0,medio_alto
2,10000.0,0,0.0,1,3,1,0,0,0,1,0,1,1,0,0,0,baixo
1,10000.0,0,0.0,1,2,1,0,0,0,1,0,1,0,0,0,0,alto
11,150000.0,323,0.628482972136223,1,3,1,0,0,0,0,0,0,0,1,0,0,gratuito
6,10000.0,3,1.0,1,1,1,0,0,0,1,0,0,0,0,0,0,medio_baixo
8,10000.0,48,0.7708333333333334,6,4,1,0,0,0,0,0,1,1,0,1,1,medio_alto
4,10000.0,0,0.0,1,2,1,0,0,0,1,0,1,0,0,0,0,medio_baixo
3,10000.0,0,0.0,1,2,1,0,0,0,0,1,1,0,0,0,0,alto
11,10000.0,45,0.5555555555555556,1,3,1,0,0,0,1,1,1,0,0,0,0,baixo
6,10000.0,26,0.8461538461538461,2,4,1,0,0,0,1,1,0,1,0,0,1,medio_alto
4,0.0,0,0.0,0,0,1,0,0,0,0,0,0,0,0,0,0,gratuito
1,0.0,0,0.0,1,2,1,0,0,0,0,1,0,0,0,0,0,gratuito
7,10000.0,35,0.7428571428571429,4,2,1,1,0,0,0,0,0,1,0,1,0,alto
2,10000.0,0,0.0,1,3,1,0,0,0,1,0,1,1,0,0,0,alto
1,0.0,0,0.0,0,0,1,0,0,0,0,0,0,0,0,0,0,gratuito
4,10000.0,10,0.8,1,3,1,0,0,0,1,0,1,1,0,0,0,medio_baixo
7,10000.0,9,0.6666666666666666,1,3,1,0,0,0,1,0,0,0,1,1,0,medio_baixo
9,10000.0,65,0.5692307692307692,1,4,1,1,1,0,1,0,1,1,0,0,1,baixo
3,75000.0,756,0.8862433862433863,11,2,1,0,0,0,0,1,1,0,0,0,0,medio_alto
9,10000.0,33,0.6363636363636364,1,1,1,0,0,0,0,0,0,0,0,0,0,gratuito
7,10000.0,24,0.4583333333333333,2,4,1,0,0,0,1,1,1,1,0,0,0,baixo
5,10000.0,36,0.3888888888888889,5,3,1,0,0,1,0,0,0,1,1,0,1,medio_alto
12,10000.0,48,0.5,1,1,1,1,1,0,0,0,0,1,0,0,0,medio_baixo
4,10000.0,0,0.0,1,2,1,0,0,0,0,1,0,1,0,0,0,baixo
1,0.0,0,0.0,1,2,1,0,0,0,0,1,0,0,1,0,0,alto
1,0.0,0,0.0,0,0,1,0,0,0,0,0,0,0,0,0,0,gratuito
1,10000.0,0,0.0,1,5,1,0,0,0,1,1,1,1,0,0,0,medio_alto
4,10000.0,0,0.0,1,6,1,0,0,0,1,1,1,1,0,0,1,baixo
10,10000.0,62,0.6935483870967742,1,1,1,0,0,0,0,0,1,0,0,0,0,gratuito
1,10000.0,0,0.0,1,3,1,1,0,0,0,0,0,1,0,0,0,medio_alto
2,10000.0,0,0.0,6,2,1,1,1,0,1,0,0,1,0,0,0,medio_alto
1,10000.0,0,0.0,23,2,1,0,1,0,1,0,0,1,0,0,0,baixo
12,35000.0,16,0.5,1,1,1,0,0,0,0,0,0,0,0,1,0,baixo
5,75000.0,1258,0.9197138314785374,1,1,1,0,0,0,0,1,0,0,0,0,0,medio_alto
1,0.0,0,0.0,12,5,1,0,0,0,0,1,1,0,1,0,0,gratuito
7,10000.0,4,0.25,1,3,1,0,0,0,1,1,0,1,0,0,0,medio_baixo
4,35000.0,79,0.8607594936708861,1,5,1,0,0,1,1,0,1,1,1,0,0,gratuito
1,10000.0,0,0.0,1,3,1,1,1,0,1,0,1,1,0,0,0,alto
4,0.0,0,0.0,1,3,1,0,0,0,1,1,0,0,0,0,0,gratuito
1,10000.0,1,0.0,1,3,1,0,0,0,1,0,1,0,0,0,1,medio_baixo
9,35000.0,178,0.9044943820224719,103,2,1,0,1,0,1,1,0,0,0,0,0,baixo
1,0.0,0,0.0,0,0,1,0,0,0,0,0,0,0,0,0,0,gratuito
3,10000.0,10,0.8,3,3,1,0,0,0,1,0,1,0,1,0,0,baixo
1,0.0,0,0.0,0,0,1,0,0,0,0,0,0,0,0,0,0,gratuito
8,3500000.0,93865,0.7747722793373462,14,3,1,0,0,3,0,1,0,0,0,0,0,medio_alto
3,10000.0,3,0.6666666666666666,2,4,1,0,1,0,1,0,1,1,0,0,1,medio_baixo
11,75000.0,2084,0.5547024952015355,5,2,1,1,1,2,1,0,0,0,0,1,0,alto
2,10000.0,24,0.9166666666666666,2,2,1,0,0,0,0,0,0,0,0,1,1,baixo
5,10000.0,1,0.0,1,2,1,0,0,0,0,1,0,0,0,0,0,medio_baixo
9,10000.0,13,0.5384615384615384,5,6,1,0,0,0,1,1,1,1,1,0,1,medio_baixo
2,10000.0,0,0.0,2,3,1,0,0,0,1,0,1,1,0,0,0,medio_alto
1,0.0,0,0.0,1,2,1,0,0,0,1,0,0,1,0,0,0,baixo
1,0.0,0,0.0,1,4,1,0,0,0,1,0,1,1,0,0,1,alto
1,10000.0,0,0.0,11,3,1,0,0,0,0,0,0,0,0,0,1,alto
6,35000.0,21,0.8095238095238095,1,2,1,0,0,0,1,0,1,0,0,0,0,baixo
1,10000.0,0,0.0,5,3,1,0,0,0,1,0,0,1,0,0,1,medio_alto
2,0.0,0,0.0,0,0,1,0,0,0,0,0,0,0,0,0,0,gratuito
19,150000.0,1501,0.9340439706862091,1,1,1,0,0,0,0,1,0,0,0,0,0,medio_baixo
2,10000.0,0,0.0,7,2,1,0,0,0,0,0,0,1,1,0,0,medio_alto
3,10000.0,0,0.0,1,4,1,0,0,0,1,0,1,1,1,0,0,baixo
2,10000.0,1,1.0,2,3,1,0,0,0,1,0,0,1,0,1,0,baixo
6,10000.0,5,0.6,1,3,1,0,0,1,1,0,0,0,0,1,0,alto
1,10000.0,0,0.0,1,1,1,0,0,0,1,0,0,0,0,0,0,medio_baixo
4,35000.0,65,0.47692307692307695,2,4,1,0,0,1,1,1,1,1,0,0,0,medio_alto
10,150000.0,108,0.6759259259259259,3,2,1,1,1,0,1,0,0,1,0,0,0,baixo
2,35000.0,4,1.0,1,4,1,0,0,0,1,1,1,0,0,0,0,gratuito
1,10000.0,0,0.0,2,6,1,1,1,0,1,1,0,1,0,1,0,gratuito
2,0.0,0,0.0,0,0,1,0,0,0,0,0,0,0,0,0,0,gratuito
11,10000.0,37,0.8378378378378378,1,4,1,1,0,0,1,0,1,1,0,1,0,medio_alto
11,75000.0,40,0.575,1,4,1,0,0,0,1,0,1,1,1,0,0,baixo
2,10000.0,0,0.0,12,3,1,0,0,0,0,0,0,0,0,1,1,gratuito
3,10000.0,0,0.0,5,2,1,0,0,2,1,0,0,0,1,0,0,alto
17,75000.0,289,0.36678200692041524,5,2,1,0,0,0,0,1,1,0,0,0,0,medio_baixo
8,10000.0,27,0.8518518518518519,3,3,1,0,0,0,1,0,1,1,0,0,0,baixo
3,10000.0,0,0.0,1,2,1,0,0,0,1,0,0,0,0,1,0,alto
1,10000.0,0,0.0,11,3,1,0,0,0,1,0,0,0,0,1,1,alto
2,0.0,0,0.0,0,0,1,0,0,0,0,0,0,0,0,0,0,gratuito
3,10000.0,44,1.0,1,1,1,1,0,0,0,0,1,0,0,0,0,alto
1,10000.0,0,0.0,1,1,1,0,0,0,0,0,0,1,0,0,0,alto
8,10000.0,107,0.6261682242990654,1,4,1,0,0,0,1,0,0,1,0,1,1,baixo
1,10000.0,0,0.0,8,2,1,0,0,1,1,0,1,0,0,0,0,alto
1,10000.0,0,0.0,2,3,1,0,0,0,1,0,0,1,0,0,0,alto
5,10000.0,9,1.0,2,3,1,0,0,0,0,1,1,1,0,0,0,medio_alto
1,0.0,0,0.0,25,2,1,0,0,0,1,0,0,1,0,0,0,baixo
6,10000.0,4,1.0,1,1,1,0,1,0,0,0,0,0,0,1,0,medio_alto
6,35000.0,83,0.7951807228915663,1,6,1,0,1,0,1,1,1,1,0,0,0,gratuito
5,75000.0,13,0.9230769230769231,1,4,1,0,1,0,1,1,0,1,0,0,0,medio_baixo
4,150000.0,1205,0.9128630705394191,14,4,1,0,0,0,1,0,0,1,0,1,1,medio_baixo
2,10000.0,0,0.0,8,1,1,0,0,0,0,0,0,0,0,0,1,alto
6,10000.0,69,0.9420289855072463,4,2,1,0,0,1,1,1,0,0,0,0,0,medio_alto
3,0.0,0,0.0,2,2,1,0,0,6,0,1,0,0,0,0,0,gratuito
9,10000.0,1,0.0,1,4,1,0,0,0,1,1,1,1,0,0,0,medio_baixo
3,10000.0,0,0.0,1,4,1,0,0,0,1,1,0,0,0,0,1,medio_baixo
9,10000.0,24,0.875,6,3,1,0,0,0,1,0,0,1,0,1,0,medio_alto
5,10000.0,92,0.967391304347826,2,2,1,0,0,1,1,0,0,1,0,0,0,alto
10,10000.0,15,0.8,1,2,1,0,0,0,1,0,0,0,0,1,0,medio_baixo
6,10000.0,3,1.0,2,4,1,0,0,0,1,1,1,1,0,0,0,alto
9,10000.0,5,0.4,1,3,1,0,0,0,1,1,0,0,0,1,0,medio_baixo
1,10000.0,28,0.6428571428571429,1,2,1,0,0,0,1,1,0,0,0,0,0,baixo
5,35000.0,1,1.0,1,3,1,0,0,0,1,1,0,0,0,1,0,medio_alto
7,10000.0,17,0.9411764705882353,7,1,1,1,0,0,1,0,0,0,0,0,0,medio_baixo
7,35000.0,404,0.6757425742574258,1,4,1,0,0,0,1,0,0,1,0,0,1,baixo
7,10000.0,7,0.0,1,4,1,0,0,0,1,0,0,1,1,0,1,medio_alto
4,10000.0,0,0.0,1,2,1,0,0,5,1,0,1,0,0,0,0,medio_alto
3,0.0,0,0.0,0,0,1,0,0,0,0,0,0,0,0,0,0,gratuito
1,0.0,0,0.0,1,3,1,1,0,0,0,0,1,0,0,1,0,gratuito
1,10000.0,0,0.0,26,4,1,0,0,0,1,0,0,0,1,1,0,medio_alto
8,10000.0,6,1.0,1,2,1,1,0,0,1,0,1,0,0,0,0,gratuito
4,75000.0,1564,0.9616368286445013,5,1,1,0,0,0,0,0,0,0,0,0,1,medio_alto
1,10000.0,0,0.0,13,3,1,0,0,0,1,0,0,1,0,0,1,medio_baixo
1,0.0,0,0.0,2,1,1,0,0,0,0,0,0,1,0,0,0,alto
5,10000.0,22,0.9090909090909091,3,3,1,0,0,0,1,1,0,0,0,0,0,medio_baixo
11,350000.0,3002,0.7828114590273151,5,3,1,0,0,17,0,0,0,0,0,1,1,gratuito
3,10000.0,4,0.25,1,2,1,0,0,0,0,1,0,1,0,0,0,baixo
4,0.0,0,0.0,1,3,1,1,1,0,0,0,0,1,0,0,1,gratuito
2,10000.0,0,0.0,1,3,1,0,0,0,1,0,1,1,0,0,0,medio_alto
4,10000.0,15,0.8,10,1,1,0,0,0,0,1,0,0,0,0,0,medio_alto
8,75000.0,2238,0.7649687220732797,1,4,1,0,1,1,1,1,1,0,1,0,0,medio_alto
2,10000.0,89,0.7528089887640449,2,4,1,0,0,1,1,0,1,0,0,0,1,alto
6,350000.0,13681,0.9622834588114904,24,4,1,1,1,2,1,0,0,1,0,1,1,medio_baixo
11,10000.0,67,0.7910447761194029,4,2,1,1,1,1,1,0,1,0,0,0,0,medio_alto
3,35000.0,6,0.5,1,5,1,0,0,0,1,0,1,1,0,0,1,medio_baixo
3,10000.0,15,1.0,11,2,1,0,0,0,1,0,0,1,0,0,0,baixo
1,0.0,0,0.0,0,0,1,0,0,0,0,0,0,0,0,0,0,gratuito
9,350000.0,2718,0.7615894039735099,1,1,1,0,0,0,0,0,0,0,1,0,0,gratuito
5,35000.0,2,0.5,2,2,1,0,0,0,1,0,0,1,0,0,0,alto
1,0.0,0,0.0,1,4,1,0,0,0,1,0,0,1,0,0,1,gratuito
11,3500000.0,2501,0.7085165933626549,1,1,1,0,0,3,0,0,0,0,0,1,0,baixo
5,0.0,0,0.0,0,0,1,0,0,0,0,0,0,0,0,0,0,gratuito
3,75000.0,285,0.8350877192982457,13,6,1,0,0,6,1,1,0,0,0,1,0,gratuito
4,10000.0,26,0.5769230769230769,4,6,1,0,0,0,1,1,1,1,0,1,1,medio_alto
1,0.0,0,0.0,7,3,1,1,1,0,1,0,1,1,0,0,0,alto
4,0.0,0,0.0,0,0,1,0,0,0,0,0,0,0,0,0,0,gratuito
1,10000.0,0,0.0,1,2,1,0,0,0,1,0,0,1,0,0,0,alto
1,10000.0,1,1.0,2,5,1,0,0,0,1,1,1,1,1,0,0,medio_baixo
6,35000.0,232,0.8922413793103449,1,4,1,0,0,0,1,1,1,1,0,0,0,gratuito
7,10000.0,3,0.6666666666666666,2,2,1,1,0,0,1,0,1,0,0,0,0,baixo
1,10000.0,0,0.0,7,3,1,1,1,0,0,0,1,0,1,0,1,medio_alto
3,0.0,0,0.0,103,9,1,1,1,0,1,1,1,1,1,1,1,alto
5,10000.0,18,0.3333333333333333,0,1,1,1,0,0,1,0,0,0,0,0,0,alto
6,10000.0,39,0.9743589743589743,2,3,1,0,0,0,1,0,1,1,0,0,0,medio_alto
5,10000.0,70,0.8428571428571429,26,3,1,0,0,0,1,1,1,0,0,0,0,medio_baixo
2,10000.0,0,0.0,1,3,1,0,1,0,1,1,0,1,0,0,0,medio_alto
2,0.0,0,0.0,1,2,1,0,0,0,0,1,0,0,0,0,0,gratuito
1,10000.0,0,0.0,4,2,1,0,0,0,0,0,1,1,0,0,0,alto
1,10000.0,0,0.0,4,3,1,1,0,0,1,0,1,0,1,0,0,medio_alto
1,0.0,0,0.0,10,2,1,0,0,0,1,0,0,1,0,0,0,medio_baixo
2,10000.0,0,0.0,1,3,1,0,1,0,1,0,1,1,0,0,0,baixo
1,0.0,0,0.0,4,3,1,0,0,0,1,1,0,0,0,0,0,medio_alto
3,10000.0,1,1.0,1,3,1,0,0,0,1,1,1,0,0,0,0,baixo
5,75000.0,6,0.3333333333333333,8,4,1,0,0,0,1,1,1,1,0,0,0,medio_baixo
6,750000.0,15297,0.8063018892593319,10,2,1,0,0,0,0,1,1,0,0,0,0,medio_alto
4,10000.0,0,0.0,1,2,1,0,0,0,0,0,1,0,0,0,0,gratuito
4,10000.0,0,0.0,1,2,1,1,0,0,1,0,1,0,0,0,0,medio_baixo
1,0.0,0,0.0,0,0,1,0,0,0,0,0,0,0,0,0,0,gratuito
7,10000.0,16,0.375,2,4,1,0,0,0,1,1,1,0,0,0,1,medio_baixo
7,10000.0,9,0.6666666666666666,2,3,1,0,0,0,1,1,1,0,0,0,0,alto
2,0.0,0,0.0,0,0,1,0,0,0,0,0,0,0,0,0,0,gratuito
4,10000.0,0,0.0,29,3,1,1,1,0,1,0,0,1,0,1,0,baixo
13,350000.0,6666,0.9434443444344435,2,5,1,0,0,0,0,1,1,0,1,1,1,medio_baixo
9,10000.0,15,0.8666666666666667,1,3,1,0,0,0,1,1,1,0,0,0,0,medio_alto
6,10000.0,2,0.5,1,2,1,0,0,0,1,1,0,0,0,0,0,baixo
5,10000.0,45,0.9111111111111111,5,3,1,0,0,0,1,1,1,0,0,0,0,baixo
4,10000.0,3,1.0,11,3,1,1,1,1,1,1,1,0,0,0,0,baixo
1,0.0,0,0.0,0,0,1,0,0,0,0,0,0,0,0,0,0,gratuito
7,35000.0,26,0.7692307692307693,6,2,1,1,1,0,1,0,1,0,0,0,0,medio_baixo
6,10000.0,5,0.8,1,3,1,0,0,0,1,1,1,0,0,0,0,medio_alto
5,10000.0,0,0.0,1,1,1,0,0,0,0,1,0,0,0,0,0,medio_alto
11,35000.0,154,0.44155844155844154,8,4,1,0,0,0,1,1,0,0,0,1,1,medio_baixo
5,10000.0,90,0.8777777777777778,26,4,1,0,1,1,1,1,1,1,0,0,0,baixo
1,10000.0,5,1.0,2,3,1,0,0,0,1,0,0,1,0,0,1,alto
1,10000.0,0,0.0,11,3,1,0,0,0,1,0,0,1,0,1,0,alto
7,150000.0,1673,0.9073520621637776,10,1,1,1,1,1,1,0,0,0,0,0,0,alto
1,0.0,0,0.0,0,0,1,0,0,0,0,0,0,0,0,0,0,gratuito
4,10000.0,0,0.0,9,3,1,0,1,0,1,0,0,1,0,0,1,baixo
2,10000.0,33,0.9696969696969697,4,4,1,0,0,1,1,1,0,0,0,1,0,gratuito
10,1500000.0,1710,0.7456140350877193,1,3,1,0,0,0,1,1,0,0,0,1,0,medio_baixo
1,35000.0,79,0.759493670886076,12,3,1,0,0,0,1,1,1,0,0,0,0,medio_alto
3,10000.0,0,0.0,1,4,1,1,0,0,1,0,1,1,0,0,0,gratuito
5,10000.0,0,0.0,2,2,1,0,0,0,0,0,1,0,0,0,1,alto
2,0.0,0,0.0,1,4,1,1,1,0,1,0,0,1,0,0,1,gratuito
2,10000.0,0,0.0,11,3,1,0,0,0,1,0,0,1,0,1,0,medio_alto
4,75000.0,9,0.8888888888888888,2,1,1,0,0,3,0,0,0,1,0,0,0,gratuito
1,0.0,0,0.0,1,4,1,0,0,0,1,0,1,1,1,0,0,alto
2,0.0,0,0.0,0,0,1,0,0,0,0,0,0,0,0,0,0,gratuito
3,1500000.0,37995,0.8202921437031189,13,3,1,0,0,8,0,1,1,0,1,0,0,alto
3,10000.0,60,0.6333333333333333,14,7,1,0,0,22,0,0,0,0,0,0,0,alto
3,10000.0,52,0.6346153846153846,1,6,1,0,0,0,1,1,1,1,1,0,1,baixo
1,10000.0,0,0.0,2,3,1,0,0,0,0,0,1,1,0,0,1,medio_alto
1,0.0,0,0.0,3,5,1,0,0,0,0,0,1,1,1,1,0,gratuito
2,10000.0,71,0.9859154929577465,1,2,1,0,0,1,1,0,0,1,0,0,0,medio_alto
1,35000.0,28,0.9642857142857143,1,4,1,1,1,0,1,1,1,1,0,0,0,medio_alto
7,10000.0,12,0.8333333333333334,1,2,1,0,0,0,1,0,0,1,0,0,0,medio_alto
4,10000.0,0,0.0,1,2,1,0,0,0,1,0,0,1,0,0,0,baixo
8,10000.0,31,0.6129032258064516,1,4,1,0,0,0,1,1,1,1,0,0,0,baixo
3,10000.0,24,0.9583333333333334,9,3,1,0,0,0,1,1,0,0,0,0,1,baixo
6,35000.0,8,1.0,1,1,1,0,0,0,1,0,0,0,0,0,0,gratuito
10,350000.0,1117,0.6195165622202328,7,1,1,1,0,6,0,0,0,0,0,0,0,baixo
1,35000.0,36,0.9166666666666666,7,4,1,0,0,0,1,0,1,1,0,1,0,medio_alto
2,10000.0,0,0.0,1,4,1,0,0,0,1,1,1,0,1,0,0,medio_baixo
8,10000.0,61,0.7049180327868853,1,6,1,0,0,2,1,1,1,1,1,1,0,medio_alto
9,1500000.0,22517,0.48314606741573035,13,3,1,1,1,0,0,1,0,0,0,1,1,alto
7,10000.0,68,0.7058823529411765,27,5,1,0,0,0,1,0,1,0,1,1,1,medio_baixo
4,10000.0,2,0.0,1,2,1,0,0,0,0,0,1,0,0,0,0,medio_baixo
10,150000.0,5103,0.9476778365667254,7,1,1,0,0,3,0,0,1,0,0,0,0,alto
5,10000.0,6,0.5,3,2,1,1,0,0,1,0,0,1,0,0,0,baixo
1,0.0,0,0.0,0,0,1,0,0,0,0,0,0,0,0,0,0,gratuito
1,0.0,0,0.0,0,0,1,0,0,0,0,0,0,0,0,0,0,gratuito
6,10000.0,6,0.8333333333333334,1,1,1,0,0,0,0,0,0,1,0,0,0,medio_alto
7,10000.0,65,0.7846153846153846,5,5,1,0,0,1,1,1,1,1,1,0,0,baixo
5,35000.0,30,0.8,12,4,1,0,0,0,1,1,0,0,0,1,1,medio_baixo
7,10000.0,0,0.0,1,2,1,1,1,0,1,1,0,0,0,0,0,medio_baixo
2,0.0,0,0.0,2,2,1,0,0,1,1,0,0,0,0,0,0,gratuito
5,10000.0,0,0.0,3,1,1,0,0,3,0,0,0,1,0,0,0,medio_alto
3,10000.0,0,0.0,1,2,1,0,0,0,1,0,0,1,0,0,0,alto
2,10000.0,13,1.0,11,5,1,0,0,0,1,1,0,1,0,0,0,medio_baixo
6,10000.0,0,0.0,1,1,1,0,0,0,0,0,0,0,1,0,0,medio_alto
7,10000.0,27,0.7777777777777778,1,2,1,0,1,0,1,1,0,0,0,0,0,medio_baixo
1,10000.0,3,1.0,1,3,1,0,0,0,1,0,0,1,0,1,0,medio_baixo
2,0.0,0,0.0,1,3,1,1,0,0,1,0,0,0,1,0,0,gratuito
4,150000.0,1935,0.9271317829457364,8,3,1,0,0,2,0,1,0,1,1,0,0,medio_baixo
1,0.0,0,0.0,1,6,1,0,0,0,1,1,1,1,0,1,0,medio_alto
1,10000.0,0,0.0,2,2,1,0,0,0,0,1,0,1,0,0,0,baixo
1,0.0,0,0.0,1,4,1,0,0,0,1,1,0,0,0,0,0,gratuito
9,10000.0,201,0.7960199004975125,27,5,1,0,0,7,1,0,0,1,1,0,0,medio_baixo
2,0.0,0,0.0,1,3,1,0,0,0,0,0,1,0,0,1,0,gratuito
7,10000.0,148,0.668918918918919,6,3,1,0,0,0,1,1,1,0,0,0,0,medio_alto
9,10000.0,132,0.8560606060606061,1,2,1,1,0,0,1,0,1,0,0,0,0,medio_baixo
1,10000.0,0,0.0,18,4,1,0,0,0,1,0,0,1,1,0,1,baixo
1,35000.0,6,1.0,12,7,1,0,0,0,1,1,1,1,1,1,0,medio_baixo
7,10000.0,14,1.0,7,3,1,0,0,0,1,1,0,0,0,0,0,alto
2,10000.0,0,0.0,1,5,1,0,0,0,1,1,1,0,0,0,0,gratuito
1,35000.0,27,0.6666666666666666,1,2,1,0,0,0,1,0,1,0,0,0,0,baixo
7,10000.0,1,1.0,1,5,1,0,0,0,1,1,0,1,0,1,0,medio_baixo
1,10000.0,0,0.0,1,2,1,0,0,0,0,0,0,0,0,0,1,alto
15,150000.0,606,0.5792079207920792,4,1,1,0,0,0,0,0,0,0,0,1,0,baixo
5,10000.0,5,0.8,1,1,1,0,1,0,0,0,0,0,0,1,0,medio_alto
14,75000.0,432,0.7708333333333334,1,3,1,0,0,0,1,1,0,0,0,0,1,alto
2,0.0,0,0.0,0,0,1,0,0,0,0,0,0,0,0,0,0,gratuito
9,10000.0,12,0.6666666666666666,2,2,1,1,0,0,1,0,0,0,0,0,0,gratuito
2,150000.0,14,1.0,13,3,1,0,0,0,1,1,0,0,0,0,0,alto
4,0.0,0,0.0,0,0,1,0,0,0,0,0,0,0,0,0,0,gratuito
7,10000.0,9,0.7777777777777778,2,5,1,1,0,0,1,1,1,1,0,0,1,alto
5,10000.0,24,0.4166666666666667,29,5,1,1,1,0,1,1,1,0,0,1,1,alto
6,10000.0,0,0.0,2,1,1,1,0,0,1,0,0,0,0,0,0,baixo
2,10000.0,2,0.5,3,1,1,0,0,0,0,0,0,0,0,1,0,medio_alto
6,10000.0,10,0.4,6,2,1,0,0,0,1,0,1,0,0,0,0,alto
3,10000.0,0,0.0,21,2,1,0,0,0,0,0,0,0,0,0,1,gratuito
8,10000.0,18,0.7777777777777778,2,2,1,0,0,0,1,0,0,1,0,0,0,medio_baixo
5,10000.0,42,0.9285714285714286,1,1,1,0,0,0,0,0,0,1,0,0,0,baixo
5,0.0,0,0.0,0,0,1,0,0,0,0,0,0,0,0,0,0,gratuito
2,10000.0,118,0.711864406779661,1,3,1,0,0,0,1,0,0,1,0,0,1,medio_alto
2,10000.0,3,1.0,2,1,1,0,0,0,0,0,0,1,0,0,0,baixo
3,75000.0,1,0.0,1,3,1,0,1,0,0,1,0,1,1,0,0,medio_alto
3,10000.0,4,1.0,1,3,1,0,0,0,1,0,0,1,0,1,0,medio_baixo
12,350000.0,6952,0.7836593785960875,1,1,1,1,1,0,1,0,0,0,0,0,0,medio_baixo
7,35000.0,216,0.6527777777777778,2,2,1,0,0,0,1,0,0,0,0,0,1,medio_alto
2,35000.0,92,0.9456521739130435,2,3,1,1,0,0,1,0,1,1,0,0,0,medio_baixo
11,35000.0,380,0.7394736842105263,5,1,1,1,1,0,0,0,1,0,0,0,0,baixo
2,0.0,0,0.0,2,2,1,1,0,0,1,0,0,1,0,0,0,gratuito
4,10000.0,217,0.9354838709677419,1,2,1,1,0,0,1,0,0,1,0,0,0,medio_baixo
1,0.0,0,0.0,0,0,1,0,0,0,0,0,0,0,0,0,0,gratuito
7,10000.0,0,0.0,1,2,1,0,0,0,1,0,0,0,0,0,0,alto
1,10000.0,1,1.0,1,3,1,0,0,0,1,0,1,0,0,0,1,medio_baixo
5,10000.0,8,0.875,1,2,1,0,0,1,1,0,0,0,1,0,0,baixo
1,0.0,0,0.0,1,2,1,0,1,0,1,0,0,0,0,0,1,alto
2,35000.0,25,0.2,20,2,1,0,1,0,1,0,1,0,0,0,0,medio_baixo
11,10000.0,68,0.5882352941176471,1,2,1,0,0,0,1,0,1,0,0,0,0,baixo
1,0.0,0,0.0,0,0,1,0,0,0,0,0,0,0,0,0,0,gratuito
2,10000.0,165,0.9575757575757575,3,3,1,1,1,0,1,1,1,0,0,0,0,medio_alto
1,35000.0,108,0.7962962962962963,12,4,1,0,0,0,1,1,1,1,0,0,0,baixo
2,35000.0,205,0.9707317073170731,13,4,1,0,0,0,1,1,1,0,1,0,0,medio_alto
8,10000.0,28,0.6428571428571429,1,4,1,0,0,0,1,0,0,1,0,1,1,baixo
7,10000.0,102,0.9313725490196079,1,1,1,0,0,0,0,0,0,1,0,0,0,alto
3,150000.0,4678,0.9307396323215049,1,3,1,0,0,0,1,0,1,1,0,0,0,alto
2,10000.0,82,0.7560975609756098,1,3,1,0,0,0,1,0,0,0,1,1,0,medio_alto
7,10000.0,0,0.0,1,1,1,0,0,0,0,0,0,0,0,0,0,alto
6,10000.0,10,0.9,1,3,1,1,0,0,1,1,1,0,0,0,0,medio_alto
1,10000.0,0,0.0,5,2,1,0,1,0,0,0,0,1,0,1,0,alto
5,350000.0,6686,0.5460664074184864,1,5,1,0,0,0,1,1,1,0,1,0,1,medio_baixo
18,35000.0,272,0.4117647058823529,1,1,1,0,0,0,0,0,0,0,0,0,1,medio_baixo
4,10000.0,4,0.0,2,1,1,0,0,0,0,0,0,1,0,0,0,baixo
12,10000.0,100,0.51,4,3,1,0,0,0,1,1,1,0,0,0,0,baixo
2,10000.0,20,1.0,1,4,1,1,1,0,1,1,1,1,0,0,0,baixo
2,10000.0,16,0.6875,2,4,1,0,0,0,1,1,1,1,0,0,0,medio_alto
4,10000.0,5,0.4,1,4,1,0,0,0,1,0,0,0,0,1,1,medio_alto
4,0.0,0,0.0,0,0,1,0,0,0,0,0,0,0,0,0,0,gratuito
1,10000.0,0,0.0,2,3,1,0,0,0,1,0,1,0,1,0,0,medio_baixo
6,10000.0,1,1.0,2,2,1,0,0,0,1,0,1,0,0,0,0,medio_alto
3,10000.0,30,0.8333333333333334,3,2,1,0,0,0,1,1,0,0,0,0,0,alto
3,10000.0,0,0.0,1,2,1,1,1,0,1,0,0,1,0,0,0,baixo
6,350000.0,5,1.0,1,2,1,0,0,0,1,1,0,0,0,0,0,gratuito
1,10000.0,0,0.0,3,1,1,0,0,0,0,1,0,0,0,0,0,medio_alto
1,0.0,0,0.0,1,5,1,0,0,0,1,1,1,1,0,0,0,gratuito
1,0.0,0,0.0,14,5,1,0,0,0,1,0,1,0,0,0,1,gratuito
8,10000.0,19,0.5263157894736842,1,2,1,0,0,0,1,1,0,0,0,0,0,baixo
2,10000.0,0,0.0,3,3,1,0,0,0,1,0,0,0,1,0,1,medio_alto
6,10000.0,10,0.8,4,3,1,0,0,0,1,0,0,1,0,0,1,gratuito
2,10000.0,0,0.0,1,2,1,0,0,0,1,0,0,0,0,0,0,alto
9,35000.0,25,0.4,7,3,1,0,0,0,1,0,0,1,0,1,0,medio_baixo
1,0.0,0,0.0,7,3,1,0,0,0,1,0,0,0,0,1,0,gratuito
2,10000.0,4,0.0,2,2,1,0,0,0,1,0,0,0,0,0,0,medio_alto
11,75000.0,290,0.7275862068965517,5,2,1,0,0,0,1,1,0,0,0,0,0,medio_alto
3,10000.0,0,0.0,1,1,1,0,0,0,0,1,0,0,0,0,0,gratuito
5,10000.0,29,0.9310344827586207,29,2,1,0,0,0,1,0,0,1,0,0,0,baixo
7,10000.0,38,0.5526315789473685,1,4,1,1,1,2,0,1,0,0,0,1,1,medio_baixo
3,10000.0,13,0.5384615384615384,2,2,1,0,0,0,1,0,0,0,0,1,0,alto
5,35000.0,11,0.45454545454545453,1,3,1,0,0,7,1,0,0,0,0,0,1,gratuito
4,0.0,0,0.0,1,3,1,0,0,0,1,0,1,0,1,0,0,gratuito
2,10000.0,10,1.0,2,1,1,0,1,0,0,1,0,0,0,0,0,baixo
4,35000.0,12,0.5833333333333334,1,2,1,0,0,0,1,1,0,0,0,0,0,gratuito
3,75000.0,203,0.6108374384236454,5,3,1,0,0,0,1,0,0,0,0,1,1,baixo
4,10000.0,0,0.0,103,5,1,0,0,0,1,0,1,1,0,1,1,baixo
1,10000.0,15,0.8,3,2,1,0,0,0,1,0,1,0,0,0,0,baixo
4,10000.0,0,0.0,1,4,1,0,0,0,1,1,1,1,0,0,0,medio_baixo
7,10000.0,8,1.0,4,5,1,0,1,0,1,1,0,1,0,1,1,medio_alto
5,35000.0,293,0.6279863481228669,10,1,1,0,0,0,0,1,0,0,0,0,0,medio_alto
4,10000.0,2,1.0,1,1,1,0,0,0,0,0,0,0,0,1,0,medio_baixo
7,10000.0,152,0.9144736842105263,2,3,1,0,0,2,1,0,1,1,0,0,0,alto
1,10000.0,0,0.0,1,6,1,0,0,0,1,1,0,1,1,1,1,baixo
2,10000.0,6,1.0,2,1,1,0,0,1,0,0,0,0,1,0,0,medio_alto
3,10000.0,7,0.7142857142857143,1,1,1,1,0,0,0,0,0,1,0,0,0,alto
2,0.0,0,0.0,103,5,1,0,0,0,1,1,0,1,0,0,1,gratuito
4,10000.0,97,0.845360824742268,1,3,1,0,0,4,1,0,0,1,1,0,0,medio_alto
8,35000.0,350,0.8514285714285714,2,4,1,1,0,0,0,0,0,1,1,1,1,baixo
4,0.0,0,0.0,0,0,1,0,0,0,0,0,0,0,0,0,0,gratuito
2,10000.0,117,0.5042735042735043,9,5,1,0,0,0,1,1,1,1,0,0,1,medio_alto
5,10000.0,8,0.5,2,2,1,0,0,0,0,1,1,0,0,0,0,baixo
1,0.0,0,0.0,0,0,1,0,0,0,0,0,0,0,0,0,0,gratuito
9,150000.0,989,0.7977755308392316,8,4,1,1,1,0,1,1,0,0,0,1,1,medio_baixo
1,10000.0,44,0.7272727272727273,9,2,1,0,0,0,0,1,0,0,0,0,1,medio_alto
1,0.0,0,0.0,0,0,1,0,0,0,0,0,0,0,0,0,0,gratuito
1,10000.0,8,0.5,1,4,1,0,0,0,1,0,1,1,0,0,0,medio_alto
3,75000.0,5,0.4,1,2,1,0,1,0,0,1,1,0,0,0,0,medio_alto
3,10000.0,0,0.0,1,3,1,0,0,0,1,1,0,1,0,0,0,medio_alto
3,0.0,0,0.0,1,3,1,1,0,1,0,0,1,1,0,0,0,gratuito
9,10000.0,4,0.5,2,6,1,0,0,0,1,1,1,1,0,1,0,medio_alto
4,10000.0,48,0.8958333333333334,1,4,1,0,0,0,1,0,1,1,1,0,0,baixo
1,0.0,0,0.0,1,2,1,0,0,0,0,0,0,0,1,0,0,gratuito
9,10000.0,14,0.7857142857142857,6,3,1,1,1,0,1,0,0,1,0,0,1,alto
3,35000.0,3,1.0,2,1,1,0,0,0,1,0,0,0,0,0,0,baixo
8,10000.0,9,0.7777777777777778,10,3,1,0,0,0,0,1,0,1,0,0,1,alto
2,10000.0,3,0.3333333333333333,1,2,1,0,0,0,0,0,0,1,0,0,0,alto
9,10000.0,31,0.7419354838709677,1,4,1,1,0,1,1,0,1,1,0,0,0,medio_alto
4,10000.0,68,0.7941176470588235,14,1,1,0,0,0,0,0,0,0,0,0,1,medio_baixo
1,10000.0,0,0.0,27,2,1,0,0,0,1,0,0,0,0,1,0,alto
3,10000.0,20,0.8,5,3,1,0,0,0,1,1,1,0,0,0,0,medio_alto
6,10000.0,50,0.82,1,3,1,1,0,0,1,0,1,0,1,0,0,baixo
4,35000.0,60,0.9333333333333333,13,3,1,0,0,0,1,1,0,1,0,0,0,baixo
2,10000.0,25,0.84,1,6,1,1,0,0,1,1,1,1,0,1,1,medio_baixo
2,10000.0,0,0.0,1,5,1,0,0,0,1,1,0,1,1,0,0,gratuito
11,750000.0,4408,0.9385208711433757,19,3,1,1,1,1,1,0,0,1,0,0,1,medio_alto
13,75000.0,146,0.6917808219178082,2,1,1,0,0,0,0,0,0,0,0,0,1,medio_alto
5,0.0,0,0.0,0,0,1,0,0,0,0,0,0,0,0,0,0,gratuito
1,0.0,0,0.0,15,4,1,0,0,0,1,0,0,1,0,0,1,alto
10,35000.0,96,0.8333333333333334,1,1,1,1,1,0,0,0,0,0,0,0,0,baixo
1,10000.0,0,0.0,1,3,1,0,0,0,1,1,0,1,0,0,0,medio_alto
2,10000.0,30,0.6666666666666666,6,1,1,0,0,2,0,0,0,0,0,0,0,alto
6,10000.0,1,1.0,1,2,1,0,0,0,1,1,0,0,0,0,0,baixo
2,10000.0,150,0.9533333333333334,1,3,1,0,1,0,1,0,1,1,0,0,0,baixo
1,10000.0,20,1.0,1,2,1,1,0,0,1,0,0,0,0,0,1,medio_alto
10,150000.0,743,0.7833109017496636,1,6,1,0,0,0,1,0,0,1,1,1,1,medio_baixo
4,0.0,0,0.0,0,0,1,0,0,0,0,0,0,0,0,0,0,gratuito
5,10000.0,33,0.6363636363636364,1,4,1,0,0,0,1,1,0,1,0,0,0,gratuito
1,10000.0,6,1.0,7,3,1,0,1,0,1,0,0,0,0,1,0,baixo
10,10000.0,63,0.7936507936507936,2,3,1,0,0,2,1,0,0,1,0,0,1,medio_baixo
6,10000.0,223,0.9103139013452914,2,4,1,0,0,0,1,1,1,1,0,0,0,medio_alto
7,10000.0,7,0.8571428571428571,2,4,1,1,0,0,1,0,0,0,1,1,0,alto
8,10000.0,27,0.9629629629629629,1,3,1,1,1,0,1,0,0,1,0,0,1,alto
1,10000.0,0,0.0,1,3,1,1,1,0,0,0,1,1,0,0,1,baixo
1,10000.0,0,0.0,3,3,1,0,0,0,1,0,0,1,1,0,0,baixo
9,10000.0,22,0.7727272727272727,1,1,1,0,0,0,0,0,0,0,0,0,0,gratuito
2,10000.0,213,0.6807511737089202,2,3,1,0,0,0,0,0,0,1,1,0,1,medio_baixo
8,10000.0,1,1.0,1,4,1,0,0,0,1,0,0,0,1,0,1,medio_baixo
1,0.0,0,0.0,2,4,1,0,0,0,1,0,0,1,0,0,1,medio_baixo
9,35000.0,6,0.5,1,8,1,0,0,6,1,1,1,1,0,1,1,baixo
2,10000.0,0,0.0,9,2,1,0,0,0,0,0,1,1,0,0,0,medio_baixo
5,10000.0,19,0.5263157894736842,1,3,1,0,0,0,1,0,1,0,0,0,1,medio_baixo
5,10000.0,16,0.75,6,2,1,0,0,0,1,0,1,0,0,0,0,baixo
2,35000.0,1,1.0,1,4,1,0,0,0,1,1,1,1,0,0,0,baixo
3,10000.0,0,0.0,1,3,1,0,0,0,0,0,1,1,1,0,0,alto
3,0.0,0,0.0,2,1,1,0,0,0,0,0,0,0,0,1,0,gratuito
2,10000.0,87,0.9080459770114943,7,4,1,0,0,1,1,0,1,1,0,0,1,alto
2,0.0,0,0.0,1,4,1,1,0,1,0,1,1,0,1,0,0,gratuito
3,350000.0,3591,0.8576998050682261,9,2,1,0,0,4,0,1,0,0,0,1,0,medio_alto
5,10000.0,10,0.5,2,4,1,0,1,0,1,0,0,0,0,1,1,medio_alto
8,10000.0,106,0.6037735849056604,1,5,1,0,0,0,1,1,0,1,0,1,1,baixo
7,350000.0,8915,0.8305103757711721,15,5,1,0,1,0,1,1,1,0,0,0,1,alto
9,10000.0,1,0.0,1,4,1,0,0,0,1,0,0,1,0,0,1,baixo
5,10000.0,29,0.6551724137931034,20,2,1,0,0,0,1,0,0,1,0,0,0,baixo
6,10000.0,11,0.8181818181818182,1,2,1,0,0,0,0,0,1,1,0,0,0,medio_alto
1,10000.0,192,0.8541666666666666,5,4,1,0,0,0,1,1,1,0,1,0,0,alto
5,10000.0,21,0.47619047619047616,1,4,1,0,0,0,1,0,1,1,0,0,1,baixo
8,10000.0,8,0.625,4,1,1,0,0,0,0,0,0,0,0,0,0,baixo
14,750000.0,7701,0.8562524347487339,5,1,1,0,0,2,0,1,0,0,0,0,0,medio_baixo
1,10000.0,0,0.0,13,3,1,0,0,0,1,0,1,1,0,0,0,medio_alto
1,0.0,0,0.0,1,2,1,0,0,0,1,0,1,0,0,0,0,medio_baixo
2,10000.0,18,0.9444444444444444,4,3,1,0,0,1,1,0,1,0,0,0,1,medio_alto
2,10000.0,11,1.0,1,2,1,0,0,0,0,0,0,0,1,0,0,gratuito
1,10000.0,141,0.9078014184397163,4,3,1,0,0,0,1,0,0,1,0,0,1,medio_alto
1,0.0,0,0.0,0,0,1,0,0,0,0,0,0,0,0,0,0,gratuito
5,0.0,0,0.0,1,2,1,0,0,0,1,1,0,0,0,0,0,gratuito
7,10000.0,38,0.6842105263157895,1,5,1,0,0,0,1,1,1,0,0,0,0,gratuito
1,10000.0,0,0.0,8,2,1,0,0,0,1,0,1,0,0,0,0,medio_baixo
3,10000.0,1,0.0,1,1,1,0,0,0,0,0,0,1,0,0,0,medio_baixo
2,75000.0,116,0.9568965517241379,1,3,1,0,0,0,0,1,0,1,0,0,1,medio_baixo
2,0.0,0,0.0,0,0,1,0,0,0,0,0,0,0,0,0,0,gratuito
4,35000.0,6,0.8333333333333334,1,2,1,0,0,0,0,0,0,0,1,1,0,medio_alto
9,0.0,0,0.0,1,3,1,1,0,0,1,1,0,1,0,0,0,baixo
9,35000000.0,386456,0.8146050261866811,13,3,1,1,0,5,1,1,0,0,0,0,0,gratuito
5,750000.0,7932,0.9490670700958144,10,2,1,0,0,2,1,0,0,1,0,0,0,alto
4,10000.0,12,0.75,1,1,1,0,0,0,0,0,0,1,0,0,0,medio_baixo
2,10000.0,0,0.0,1,3,1,1,0,0,0,0,1,1,1,0,0,alto
1,10000.0,300,0.8233333333333334,1,4,1,0,0,0,1,1,1,0,1,0,0,medio_alto
3,10000.0,0,0.0,1,5,1,0,1,0,1,1,1,1,0,0,0,medio_alto
2,10000.0,0,0.0,1,4,1,0,0,0,1,0,1,1,0,0,0,gratuito
9,35000.0,23,0.6956521739130435,5,4,1,1,1,0,1,1,1,0,1,0,0,medio_baixo
1,10000.0,0,0.0,11,5,1,0,0,0,1,0,0,1,1,1,1,medio_baixo
7,10000.0,8,0.875,4,4,1,0,0,0,1,1,1,0,1,0,0,medio_alto
2,0.0,0,0.0,0,0,1,0,0,0,0,0,0,0,0,0,0,gratuito
2,10000.0,11,1.0,1,2,1,0,0,0,0,0,0,1,0,1,0,alto
6,35000.0,321,0.822429906542056,13,1,1,0,0,0,0,0,0,1,0,0,0,medio_alto
4,10000.0,11,0.36363636363636365,1,3,1,0,0,0,1,1,1,0,0,0,0,alto
2,35000.0,59,0.7457627118644068,15,3,1,0,0,0,1,0,0,1,0,0,1,alto
3,10000.0,5,1.0,29,3,1,1,1,0,1,1,0,1,0,0,0,baixo
11,10000.0,97,0.9278350515463918,1,3,1,0,0,0,1,1,0,1,0,0,0,medio_alto
4,10000.0,0,0.0,1,3,1,0,0,0,1,0,1,0,1,0,0,alto
1,10000.0,2,1.0,1,2,1,0,0,0,0,0,1,0,1,0,0,medio_baixo
7,10000.0,101,0.7920792079207921,4,4,1,1,1,4,1,1,1,0,0,0,1,medio_alto
5,75000.0,2,0.5,1,1,1,0,0,0,0,1,0,0,0,0,0,baixo
3,10000.0,22,0.5454545454545454,2,3,1,0,0,0,1,0,1,1,0,0,0,alto
1,10000.0,0,0.0,1,5,1,0,0,0,1,1,1,1,1,0,0,medio_baixo
1,0.0,0,0.0,1,2,1,0,0,0,0,0,0,0,0,0,0,gratuito
1,0.0,0,0.0,1,2,1,1,1,0,1,0,1,0,0,0,0,medio_baixo
9,10000.0,6,0.8333333333333334,1,1,1,0,0,0,0,0,0,1,0,0,0,medio_alto
1,0.0,0,0.0,0,0,1,0,0,0,0,0,0,0,0,0,0,gratuito
11,350000.0,191,0.743455497382199,15,1,1,1,0,0,0,0,0,1,0,0,0,baixo
3,10000.0,15,1.0,2,5,1,0,0,0,1,1,0,1,0,0,0,alto
2,10000.0,116,0.6293103448275862,5,3,1,0,0,0,1,1,1,0,0,0,0,baixo
8,10000.0,23,0.7391304347826086,5,2,1,0,0,0,1,0,0,0,0,1,0,gratuito
5,10000.0,10,0.9,1,6,1,1,0,0,1,0,1,1,1,1,0,gratuito
2,10000.0,112,0.9464285714285714,10,3,1,0,0,1,1,1,1,0,0,0,0,alto
10,150000.0,1879,0.7982969664715274,8,4,1,0,0,0,0,0,0,1,0,1,0,gratuito
3,35000.0,365,0.8301369863013699,9,5,1,0,0,0,1,0,0,1,1,1,1,medio_baixo
4,10000.0,41,0.8048780487804879,1,3,1,0,0,0,1,0,1,1,0,0,0,baixo
9,10000.0,37,0.6216216216216216,1,1,1,0,0,0,0,1,0,0,0,0,0,baixo
2,10000.0,2,1.0,3,2,1,1,0,0,0,0,1,1,0,0,0,medio_alto
2,10000.0,167,0.9640718562874252,2,3,1,0,0,0,0,1,0,1,0,0,1,baixo
2,10000.0,64,0.765625,3,4,1,0,0,0,1,1,0,0,0,0,1,medio_baixo
5,10000.0,13,1.0,5,2,1,0,0,0,1,0,0,1,0,0,0,medio_baixo
2,10000.0,1,1.0,1,3,1,0,0,0,1,1,0,1,0,0,0,alto
8,10000.0,5,0.8,1,2,1,0,0,0,1,1,0,0,0,0,0,alto
10,750000.0,26113,0.9287711101750086,8,4,1,0,0,0,1,0,1,1,0,0,1,medio_alto
3,10000.0,23,0.34782608695652173,2,3,1,0,0,0,0,0,1,0,1,0,0,gratuito
3,10000.0,10,0.4,1,5,1,0,0,0,1,1,1,1,0,1,0,medio_alto
1,10000.0,0,0.0,1,4,1,0,0,0,1,1,1,0,0,1,0,baixo
5,10000.0,2,1.0,1,5,1,1,0,1,1,0,0,1,1,1,0,alto
1,10000.0,0,0.0,1,3,1,0,0,0,1,0,0,1,0,0,0,gratuito
2,0.0,0,0.0,0,0,1,0,0,0,0,0,0,0,0,0,0,gratuito
1,10000.0,17,0.6470588235294118,1,4,1,0,0,0,1,0,1,1,0,0,1,medio_baixo
1,10000.0,0,0.0,4,3,1,0,0,1,1,0,1,1,0,0,0,alto
8,3500000.0,83448,0.9635221934617966,10,2,1,1,0,1,1,0,1,0,0,0,0,medio_baixo
10,10000.0,15,0.8666666666666667,10,2,1,1,0,0,1,0,0,1,0,0,0,medio_alto
1,10000.0,0,0.0,4,4,1,0,0,0,1,0,0,1,1,1,0,medio_alto
11,10000.0,43,0.3953488372093023,6,2,1,0,1,0,1,0,0,0,1,0,0,medio_alto
5,1500000.0,12581,0.8430172482314602,12,1,1,0,0,23,0,1,0,0,0,0,0,medio_alto
7,35000.0,43,0.7209302325581395,5,8,1,0,0,0,1,1,1,1,1,0,1,alto
1,35000.0,319,0.6018808777429467,11,3,1,0,0,0,1,1,0,0,0,0,0,medio_baixo
9,750000.0,3936,0.9331808943089431,6,2,1,1,1,2,1,0,1,0,0,0,0,medio_alto
1,10000.0,5,1.0,1,3,1,0,0,0,1,0,0,1,1,0,0,medio_baixo
4,75000.0,798,0.9711779448621554,1,3,1,0,0,0,1,1,0,1,0,0,0,medio_alto
10,35000.0,94,0.44680851063829785,1,3,1,0,0,0,1,0,0,0,0,0,1,gratuito
6,10000.0,0,0.0,3,5,1,0,0,0,1,1,1,1,1,0,0,baixo
1,10000.0,0,0.0,5,3,1,1,1,0,0,0,0,0,1,1,1,alto
7,10000.0,12,0.9166666666666666,1,1,1,0,0,2,0,0,0,0,0,0,0,gratuito
11,10000.0,107,0.9439252336448598,1,2,1,1,1,0,1,0,0,0,1,0,0,medio_alto
8,350000.0,4903,0.9173975117275137,7,4,1,0,0,0,1,1,1,0,1,0,0,alto
5,10000.0,7,0.7142857142857143,1,2,1,0,0,0,1,0,1,0,0,0,0,baixo
1,0.0,0,0.0,0,0,1,0,0,0,0,0,0,0,0,0,0,gratuito
2,35000.0,17,0.9411764705882353,1,3,1,0,0,0,0,0,0,1,0,1,1,baixo
6,35000.0,448,0.875,6,4,1,0,0,1,1,0,1,1,1,0,0,medio_baixo
10,10000.0,190,0.631578947368421,1,5,1,0,0,0,1,1,0,0,0,0,1,gratuito
5,10000.0,0,0.0,1,4,1,1,0,2,1,0,0,0,1,1,1,alto
1,0.0,0,0.0,2,3,1,0,0,0,1,1,0,0,0,0,0,gratuito
7,10000.0,34,0.9117647058823529,1,2,1,1,0,0,1,0,1,0,0,0,0,gratuito
1,0.0,0,0.0,1,9,1,0,0,0,1,1,1,1,1,1,1,medio_alto
11,75000.0,84,0.6309523809523809,1,2,1,1,0,0,0,0,1,1,0,0,0,medio_alto
5,35000.0,3,0.3333333333333333,3,4,1,0,0,0,1,1,0,1,0,0,0,baixo
1,10000.0,1,0.0,1,1,1,0,0,0,0,0,1,0,0,0,0,medio_baixo
7,75000.0,725,0.886896551724138,2,1,1,0,0,0,0,1,0,0,0,0,0,medio_baixo
1,0.0,0,0.0,1,7,1,0,0,0,0,0,1,1,1,1,0,gratuito
6,75000.0,71,0.8873239436619719,1,4,1,1,1,1,1,1,0,1,0,0,0,gratuito
1,0.0,0,0.0,0,0,1,0,0,0,0,0,0,0,0,0,0,gratuito
7,10000.0,12,0.8333333333333334,1,2,1,0,1,0,1,0,0,0,0,1,0,alto
7,10000.0,5,0.8,1,2,1,0,0,0,1,0,0,1,0,0,0,medio_alto
3,150000.0,964,0.7977178423236515,3,3,1,0,0,6,1,1,1,0,0,0,0,medio_alto
9,35000.0,14,0.6428571428571429,1,2,1,0,0,0,1,0,0,1,0,0,0,baixo
10,10000.0,72,0.9027777777777778,1,3,1,0,0,1,1,1,0,1,0,0,0,baixo
3,10000.0,0,0.0,1,2,1,0,0,0,0,1,0,1,0,0,0,baixo
9,10000.0,11,0.8181818181818182,1,3,1,1,1,0,1,0,1,0,0,0,1,alto
1,0.0,0,0.0,1,3,1,0,0,0,0,0,0,1,0,0,1,medio_alto
1,10000.0,0,0.0,1,2,1,0,0,0,1,1,0,0,0,0,0,medio_baixo
9,10000.0,5,0.4,2,3,1,0,0,0,1,1,0,0,0,0,1,medio_baixo
1,0.0,0,0.0,1,2,1,0,0,0,0,0,0,1,0,1,0,medio_baixo
2,10000.0,0,0.0,12,4,1,0,0,0,1,1,0,1,1,0,0,medio_alto
2,75000.0,24,0.9583333333333334,2,3,1,0,1,0,1,1,1,0,0,0,0,medio_alto
1,10000.0,0,0.0,3,2,1,0,0,0,1,0,1,0,0,0,0,medio_alto
8,10000.0,13,0.5384615384615384,3,2,1,0,0,0,0,1,0,0,0,0,1,gratuito
2,1500000.0,61068,0.5407087181502588,15,1,1,0,0,21,0,1,0,0,0,0,0,alto
9,35000.0,26,0.8076923076923077,2,3,1,0,0,0,1,0,1,1,0,0,0,medio_baixo
3,10000.0,0,0.0,29,3,1,0,0,0,1,1,0,1,0,0,0,baixo
5,10000.0,0,0.0,12,1,1,0,0,0,0,0,1,0,0,0,0,medio_baixo
3,0.0,0,0.0,0,0,1,0,0,0,0,0,0,0,0,0,0,gratuito
2,10000.0,2,1.0,1,2,1,0,0,0,0,0,1,1,0,0,0,baixo
5,10000.0,20,1.0,15,3,1,0,0,0,1,1,1,0,0,0,0,baixo
1,10000.0,0,0.0,1,1,1,0,0,0,0,0,1,0,0,0,0,baixo
9,10000.0,5,0.6,1,5,1,0,0,0,1,1,1,0,1,0,0,medio_baixo
3,35000.0,12,0.9166666666666666,1,2,1,0,0,0,0,0,0,0,1,0,0,alto
3,10000.0,18,0.8888888888888888,1,5,1,0,1,0,1,1,0,1,1,0,0,medio_alto
1,0.0,0,0.0,5,4,1,0,0,0,1,0,1,1,0,0,0,gratuito
7,35000.0,13,0.6923076923076923,2,3,1,0,0,0,1,1,0,1,0,0,0,baixo
1,0.0,0,0.0,1,3,1,0,0,0,1,0,0,1,0,0,1,baixo
1,350000.0,3338,0.7153984421809467,15,3,1,0,0,2,1,1,0,0,0,1,0,alto
2,10000.0,58,0.8275862068965517,4,5,1,0,0,0,1,1,1,1,1,0,0,medio_baixo
2,10000.0,22,0.5909090909090909,1,3,1,0,0,0,1,0,1,1,0,0,0,baixo
8,35000.0,104,0.7692307692307693,2,2,1,1,1,0,1,0,0,1,0,0,0,medio_baixo
4,35000.0,12,0.9166666666666666,1,2,1,1,1,1,1,1,0,0,0,0,0,baixo
3,10000.0,16,1.0,1,3,1,0,0,0,1,1,0,1,0,0,0,baixo
8,10000.0,4,0.75,2,4,1,0,0,0,1,1,1,1,0,0,0,medio_baixo
4,0.0,0,0.0,0,0,1,0,0,0,0,0,0,0,0,0,0,gratuito
3,10000.0,48,0.9583333333333334,1,1,1,0,0,0,0,1,0,0,0,0,0,baixo
6,10000.0,4,0.0,1,4,1,0,0,0,1,0,1,1,0,0,0,baixo
5,10000.0,31,0.4838709677419355,2,6,1,0,0,0,1,1,1,1,0,0,1,baixo
4,10000.0,11,1.0,1,3,1,0,0,0,1,1,0,1,0,0,0,baixo
1,0.0,0,0.0,1,3,1,0,0,0,0,0,0,0,0,1,1,baixo
5,10000.0,6,0.16666666666666666,2,3,1,0,0,0,1,0,0,1,0,1,0,baixo
4,0.0,0,0.0,8,3,1,0,0,0,1,0,1,0,0,0,0,gratuito
6,10000.0,2,1.0,11,2,1,0,0,0,1,0,0,0,0,0,1,gratuito
5,10000.0,19,0.3684210526315789,2,3,1,0,0,0,1,0,1,1,0,0,0,baixo
1,10000.0,0,0.0,10,4,1,0,0,0,1,0,0,0,1,1,1,alto
2,10000.0,0,0.0,2,4,1,0,0,0,1,0,0,1,1,1,0,medio_baixo
5,10000.0,0,0.0,1,2,1,1,0,0,0,0,0,1,0,0,1,alto
6,10000.0,4,0.75,1,6,1,1,1,0,1,1,1,1,1,1,0,baixo
6,10000.0,0,0.0,3,1,1,1,1,1,0,0,0,1,0,0,0,medio_baixo
2,10000.0,2,1.0,1,3,1,0,0,0,0,0,0,1,0,1,0,baixo
3,0.0,0,0.0,0,0,1,0,0,0,0,0,0,0,0,0,0,gratuito
5,10000.0,69,0.9565217391304348,1,7,1,0,0,0,1,1,1,1,0,0,0,alto
1,10000.0,30,0.9666666666666667,2,3,1,0,0,0,1,0,0,1,0,1,0,medio_alto
1,0.0,0,0.0,1,3,1,0,0,0,1,0,1,1,0,0,0,alto
1,0.0,0,0.0,9,3,1,0,0,0,1,1,0,0,0,0,0,alto
6,10000.0,18,0.8888888888888888,1,3,1,0,0,0,1,1,1,0,0,0,0,gratuito
5,10000.0,0,0.0,1,2,1,0,0,2,1,0,0,1,0,0,0,baixo
3,0.0,0,0.0,0,0,1,0,0,0,0,0,0,0,0,0,0,gratuito
5,0.0,0,0.0,1,1,1,0,0,0,0,0,0,0,0,0,0,gratuito
7,75000.0,312,0.6923076923076923,1,2,1,0,0,0,1,0,0,0,0,0,0,gratuito
6,10000.0,2,1.0,1,1,1,0,1,0,0,1,0,0,0,0,0,medio_baixo
7,35000.0,129,0.8372093023255814,2,2,1,0,0,1,0,0,1,1,0,0,0,gratuito
1,0.0,0,0.0,1,3,1,0,0,0,0,1,1,0,0,0,0,alto
4,10000.0,61,0.6065573770491803,1,4,1,0,0,0,1,1,1,0,0,0,0,gratuito
1,10000.0,0,0.0,12,3,1,0,0,0,1,1,0,1,0,0,0,medio_baixo
1,10000.0,0,0.0,1,1,1,0,0,0,0,0,0,0,0,0,1,medio_alto
1,0.0,0,0.0,1,3,1,0,0,0,1,0,1,1,0,0,0,medio_alto
5,35000.0,46,0.9782608695652174,1,3,1,0,0,1,0,0,1,0,1,0,0,gratuito
2,10000.0,1,1.0,1,4,1,0,0,0,1,1,1,1,0,0,0,medio_baixo
7,10000.0,9,0.5555555555555556,1,1,1,1,0,2,0,0,0,0,1,0,0,baixo
4,10000.0,4,1.0,1,2,1,0,1,0,1,0,1,0,0,0,0,medio_baixo
6,10000.0,3,0.6666666666666666,2,3,1,0,0,0,1,1,1,0,0,0,0,medio_alto
7,75000.0,415,0.7783132530120482,1,3,1,0,0,0,1,1,1,0,0,0,0,gratuito
6,150000.0,1271,0.7395751376868608,14,3,1,0,0,1,0,0,1,1,0,0,1,medio_alto
2,10000.0,19,0.9473684210526315,1,3,1,1,0,0,1,0,1,1,0,0,0,medio_alto
8,10000.0,40,0.6,1,4,1,1,1,0,1,0,0,0,0,1,1,gratuito
6,10000.0,38,0.5789473684210527,2,2,1,0,0,0,1,0,1,0,0,0,0,medio_alto
6,10000.0,7,0.7142857142857143,8,3,1,0,0,0,1,1,0,0,0,1,0,alto
5,10000.0,143,0.7832167832167832,1,1,1,0,0,0,0,0,0,1,0,0,0,gratuito
2,10000.0,3,1.0,3,2,1,1,0,0,0,0,1,1,0,0,0,medio_alto
2,10000.0,0,0.0,31,2,1,0,0,0,1,0,0,1,0,0,0,baixo
9,35000.0,186,0.8010752688172043,5,1,1,1,1,1,0,0,0,1,0,0,0,medio_alto
3,0.0,0,0.0,1,3,1,0,0,0,1,0,1,0,0,0,0,gratuito
3,10000.0,55,0.9272727272727272,3,2,1,0,0,0,1,1,0,0,0,0,0,medio_baixo
12,350000.0,7251,0.8575368914632464,18,6,1,0,0,0,0,0,0,0,0,0,0,alto
1,10000.0,0,0.0,26,2,1,1,1,0,1,0,0,0,0,0,1,baixo
4,10000.0,447,0.9105145413870246,8,3,1,0,0,1,1,0,1,1,0,0,0,medio_alto
5,75000.0,1211,0.9050371593724195,10,2,1,1,1,4,0,1,1,0,0,0,0,alto
11,75000.0,77,0.7532467532467533,20,1,1,0,0,0,0,0,0,0,0,0,0,alto
8,10000.0,4,1.0,2,3,1,0,0,0,0,1,1,0,0,0,0,gratuito
2,0.0,0,0.0,2,7,1,0,0,0,1,0,1,1,1,1,0,gratuito
1,0.0,0,0.0,0,0,1,0,0,0,0,0,0,0,0,0,0,gratuito
9,35000.0,167,0.7065868263473054,2,3,1,0,0,0,1,0,0,1,0,1,0,baixo
4,10000.0,193,0.9326424870466321,1,4,1,0,0,3,1,0,1,1,0,0,1,medio_baixo
5,10000.0,27,0.7407407407407407,2,2,1,0,0,0,0,1,1,0,0,0,0,medio_baixo
6,350000.0,2558,0.7681782642689601,18,1,1,0,0,2,0,0,0,0,0,0,1,medio_alto
9,35000.0,6,0.6666666666666666,1,2,1,1,1,0,1,0,0,1,0,0,0,medio_alto
1,0.0,0,0.0,2,2,1,0,0,0,1,0,1,0,0,0,0,alto
8,35000.0,421,0.9619952494061758,1,1,1,0,0,0,1,0,0,0,0,0,0,gratuito
1,10000.0,0,0.0,11,4,1,1,0,0,1,0,0,1,0,1,1,medio_alto
3,0.0,0,0.0,1,6,1,0,0,0,1,1,0,0,0,1,0,gratuito
7,10000.0,4,0.75,6,5,1,0,0,0,1,1,1,1,0,0,1,medio_baixo
11,10000.0,66,0.3333333333333333,1,2,1,0,0,0,1,0,0,0,0,1,0,baixo
2,75000.0,807,0.6815365551425031,17,4,1,0,0,0,0,1,0,0,1,1,1,medio_alto
3,10000.0,0,0.0,1,2,1,0,0,0,1,0,0,1,0,0,0,alto
4,10000.0,121,0.859504132231405,4,5,1,1,0,0,1,0,0,1,1,0,1,medio_baixo
2,0.0,0,0.0,1,1,1,0,0,3,0,0,0,0,0,0,0,gratuito
5,10000.0,7,1.0,1,2,1,0,0,0,1,0,1,0,0,0,0,baixo
4,0.0,0,0.0,0,0,1,0,0,0,0,0,0,0,0,0,0,gratuito
1,10000.0,3,0.3333333333333333,3,4,1,0,0,0,1,0,0,1,0,1,0,alto
3,10000.0,2,1.0,1,3,1,0,0,0,1,0,0,1,0,0,0,alto
1,35000.0,214,0.7336448598130841,1,4,1,0,0,0,1,1,1,0,0,0,0,alto
2,10000.0,28,1.0,13,6,1,0,0,0,1,0,1,1,1,0,0,alto
7,35000.0,51,0.5882352941176471,1,5,1,0,0,0,1,1,1,1,0,0,1,baixo
7,10000.0,0,0.0,1,3,1,0,0,0,0,1,1,0,1,0,0,alto
4,35000.0,95,0.8631578947368421,1,4,1,0,0,0,1,1,0,0,0,1,0,alto
1,150000.0,491,0.8737270875763747,4,5,1,0,0,10,1,1,1,0,1,0,0,medio_alto
2,10000.0,6,0.8333333333333334,4,2,1,1,1,0,0,0,0,0,0,1,1,medio_alto
1,10000.0,16,0.9375,3,3,1,0,0,0,1,1,0,0,0,0,0,alto
2,10000.0,0,0.0,1,1,1,0,0,0,0,0,1,0,0,0,0,baixo
3,0.0,0,0.0,0,0,1,0,0,0,0,0,0,0,0,0,0,gratuito
4,10000.0,58,0.9310344827586207,5,3,1,0,0,0,1,0,1,1,0,0,0,alto
6,10000.0,7,0.5714285714285714,1,4,1,0,0,0,1,1,0,1,0,0,0,gratuito
6,10000.0,0,0.0,1,1,1,0,0,6,0,0,1,0,0,0,0,gratuito
1,10000.0,0,0.0,4,6,1,1,0,1,1,0,1,1,1,1,1,alto
2,10000.0,1,0.0,2,3,1,0,0,0,1,1,0,0,0,0,1,baixo
7,10000.0,1,1.0,1,3,1,0,0,0,1,1,0,0,0,0,0,medio_baixo
1,10000.0,101,0.8910891089108911,1,1,1,0,0,0,0,1,0,0,0,0,0,baixo
6,10000.0,0,0.0,3,1,1,0,0,0,0,1,0,0,0,0,0,alto
2,10000.0,20,1.0,1,2,1,0,0,0,0,1,0,0,0,0,0,alto
1,10000.0,39,0.9743589743589743,5,2,1,1,1,0,0,1,1,0,0,0,0,medio_baixo
10,10000.0,4,0.5,1,2,1,0,0,0,0,0,0,0,0,0,0,medio_alto
5,10000.0,0,0.0,1,4,1,1,1,0,1,0,1,1,0,0,1,medio_baixo
7,75000.0,454,0.751101321585903,10,4,1,0,0,1,1,0,1,1,1,0,0,baixo
8,35000.0,139,0.8920863309352518,9,2,1,0,0,0,1,0,0,1,0,0,0,baixo
4,10000.0,2,1.0,1,3,1,0,0,0,1,1,1,0,0,0,0,medio_alto
10,350000.0,3703,0.8042128004320821,1,4,1,1,1,0,1,1,1,0,1,0,0,medio_alto
2,35000.0,717,0.8800557880055788,2,3,1,0,0,0,1,0,0,0,1,0,1,medio_baixo
4,0.0,0,0.0,0,0,1,0,0,0,0,0,0,0,0,0,0,gratuito
2,10000.0,0,0.0,1,2,1,0,0,0,1,0,1,0,0,0,0,medio_baixo
2,10000.0,15,0.8,3,2,1,0,0,0,0,1,1,0,0,0,0,baixo
1,0.0,0,0.0,0,0,1,0,0,0,0,0,0,0,0,0,0,gratuito
1,10000.0,0,0.0,27,2,1,1,1,0,1,0,0,0,0,0,1,baixo
1,10000.0,0,0.0,16,3,1,0,0,0,1,0,1,1,0,0,0,medio_alto
9,35000.0,39,0.7435897435897436,1,1,1,0,0,0,0,0,0,0,0,1,0,alto
4,10000.0,0,0.0,2,1,1,0,0,0,0,1,0,0,0,0,0,baixo
7,10000.0,5,0.8,2,3,1,1,1,0,1,0,1,0,1,0,0,medio_baixo
1,0.0,0,0.0,1,2,1,1,0,0,0,1,0,0,0,0,0,gratuito
4,150000.0,10,0.8,3,3,1,0,0,0,1,1,1,0,0,0,0,medio_alto
6,10000.0,7,0.0,1,2,1,0,0,0,1,0,0,1,0,0,0,medio_alto
4,35000.0,11,1.0,1,2,1,0,0,0,1,0,0,0,0,1,0,alto
9,75000.0,1085,0.49585253456221196,8,2,1,0,0,0,0,1,1,0,0,0,0,alto
7,10000.0,17,0.7647058823529411,103,5,1,0,0,0,1,0,1,1,0,1,1,medio_baixo
7,10000.0,44,0.8636363636363636,1,3,1,0,0,0,1,0,1,1,0,0,0,gratuito
1,10000.0,0,0.0,28,3,1,0,0,0,1,0,0,1,0,1,0,baixo
3,0.0,0,0.0,1,4,1,0,0,0,1,1,0,1,0,0,0,gratuito
1,0.0,0,0.0,0,0,1,0,0,0,0,0,0,0,0,0,0,gratuito
2,0.0,0,0.0,4,2,1,0,1,0,1,0,0,0,0,0,0,gratuito
1,10000.0,0,0.0,1,2,1,0,0,1,1,1,0,0,0,0,0,medio_alto
4,10000.0,0,0.0,1,2,1,0,0,0,0,1,0,0,0,0,1,medio_alto
8,10000.0,108,0.7222222222222222,103,5,1,0,0,0,1,0,1,1,0,1,1,medio_baixo
2,35000.0,65,0.6,12,3,1,0,0,0,1,1,0,0,0,0,1,gratuito
1,0.0,0,0.0,0,0,1,0,0,0,0,0,0,0,0,0,0,gratuito
5,10000.0,38,0.8421052631578947,1,4,1,0,0,0,0,0,0,0,0,0,0,alto
10,10000.0,16,0.5625,27,2,1,0,0,0,1,0,1,0,0,0,0,alto
3,1500000.0,60363,0.8324470288090386,10,3,1,0,0,3,0,1,1,0,1,0,0,alto
8,10000.0,25,0.28,1,3,1,0,0,0,1,0,0,0,1,1,0,medio_alto
6,10000.0,24,0.625,1,1,1,0,0,0,0,0,1,0,0,0,0,alto
2,10000.0,200,0.95,1,2,1,0,0,0,1,0,1,0,0,0,0,medio_alto
8,10000.0,0,0.0,1,3,1,0,0,0,1,0,0,1,0,0,1,medio_alto
5,10000.0,22,0.9545454545454546,1,2,1,0,0,0,1,0,1,0,0,0,0,gratuito
4,10000.0,17,0.7058823529411765,1,3,1,0,0,0,0,0,0,1,0,1,0,baixo
10,10000.0,81,0.6790123456790124,1,4,1,1,0,1,1,1,1,1,0,0,0,medio_baixo
8,10000.0,6,0.8333333333333334,1,3,1,1,1,0,1,1,1,0,0,0,0,medio_alto
1,0.0,0,0.0,1,3,1,1,0,0,0,0,0,1,0,1,0,gratuito
2,10000.0,3,1.0,2,4,1,0,0,0,1,1,1,0,0,0,0,gratuito
1,10000.0,0,0.0,2,1,1,0,0,0,0,0,0,0,0,0,1,alto
6,10000.0,33,0.6363636363636364,14,1,1,0,0,0,0,0,0,0,0,0,0,medio_baixo
8,10000.0,24,0.9166666666666666,1,1,1,1,1,0,1,0,0,0,0,0,0,gratuito
2,10000.0,0,0.0,1,2,1,0,0,0,1,0,1,0,0,0,0,medio_baixo
1,10000.0,0,0.0,9,3,1,0,1,0,1,1,0,1,0,0,0,medio_alto
3,350000.0,4099,0.5586728470358624,4,5,1,0,0,0,1,1,1,0,1,0,0,alto
1,0.0,0,0.0,1,1,1,0,0,0,1,0,0,0,0,0,0,medio_alto
2,10000.0,1,0.0,1,3,1,0,0,0,1,0,0,0,1,0,1,medio_baixo
6,75000.0,1,1.0,1,1,1,0,0,0,0,1,0,0,0,0,0,baixo
1,10000.0,1,1.0,1,2,1,0,0,0,1,1,0,0,0,0,0,medio_baixo
9,10000.0,16,0.75,9,5,1,0,0,0,1,1,1,0,1,0,0,alto
4,10000.0,126,0.9682539682539683,1,1,1,0,0,0,0,0,1,0,0,0,0,alto
5,10000.0,18,1.0,1,4,1,1,1,0,1,1,1,1,0,0,0,medio_alto
4,35000.0,8,0.5,1,4,1,0,0,0,1,0,1,1,1,0,0,baixo
3,75000.0,5,0.6,1,2,1,0,0,0,1,1,0,0,0,0,0,medio_alto
1,0.0,0,0.0,0,0,1,0,0,0,0,0,0,0,0,0,0,gratuito
2,0.0,0,0.0,0,0,1,0,0,0,0,0,0,0,0,0,0,gratuito
3,10000.0,0,0.0,21,2,1,0,0,0,0,0,0,0,0,0,1,gratuito
9,150000.0,786,0.6424936386768448,10,2,1,1,0,0,1,1,0,0,0,0,0,baixo
2,10000.0,1,0.0,1,2,1,0,0,0,0,0,0,0,1,0,1,medio_baixo
8,35000.0,125,0.856,1,2,1,0,0,0,1,0,0,1,0,0,0,baixo
4,10000.0,6,0.8333333333333334,1,2,1,0,0,0,1,0,0,1,0,0,0,medio_baixo
6,10000.0,27,0.9259259259259259,1,3,1,0,0,0,0,1,0,1,0,0,0,gratuito
9,10000.0,4,0.75,1,2,1,0,1,0,1,1,0,0,0,0,0,alto
1,10000.0,2,1.0,1,4,1,1,0,0,1,0,0,1,0,0,1,medio_alto
6,75000.0,362,0.8756906077348067,2,3,1,0,0,0,1,0,1,0,0,0,0,gratuito
8,10000.0,44,0.7272727272727273,1,3,1,0,0,0,1,1,0,0,1,0,0,medio_alto
6,10000.0,105,0.8952380952380953,1,5,1,0,0,16,1,1,1,0,1,1,0,medio_alto
5,10000.0,3,1.0,1,3,1,0,0,0,1,1,1,0,0,0,0,alto
7,10000.0,5,0.8,1,2,1,0,0,0,0,1,0,0,0,0,0,gratuito
7,10000.0,12,0.6666666666666666,2,5,1,0,0,0,1,1,1,1,1,0,0,medio_alto
9,10000.0,39,0.7692307692307693,1,2,1,0,0,0,0,0,1,1,0,0,0,medio_alto
1,10000.0,0,0.0,5,2,1,1,0,0,1,0,0,1,0,0,0,medio_baixo
9,10000.0,5,0.4,1,4,1,0,0,0,1,0,1,1,0,1,0,baixo
1,10000.0,14,0.8571428571428571,4,2,1,0,0,0,0,1,0,0,1,0,0,baixo
3,10000.0,46,0.9782608695652174,2,3,1,0,1,1,1,1,1,0,0,0,0,medio_baixo
1,0.0,0,0.0,1,3,1,0,0,0,1,0,0,1,0,0,0,gratuito
4,10000.0,17,0.6470588235294118,9,2,1,0,1,0,0,1,0,1,0,0,0,baixo
2,10000.0,0,0.0,3,2,1,1,1,0,1,0,0,1,0,0,0,baixo
6,10000.0,7,0.5714285714285714,1,3,1,0,0,0,0,0,0,1,0,1,0,baixo
5,10000.0,3,0.6666666666666666,2,3,1,0,0,0,1,0,1,0,1,0,0,medio_baixo
10,10000.0,61,0.8524590163934426,11,3,1,0,0,0,1,1,0,1,0,0,0,medio_baixo
2,10000.0,1,1.0,7,5,1,1,1,0,1,1,1,1,1,0,0,medio_baixo
9,10000.0,133,0.8045112781954887,1,2,1,0,0,0,1,1,0,0,0,0,0,alto
2,10000.0,0,0.0,1,4,1,0,0,1,0,0,1,1,1,0,0,alto
2,10000.0,37,0.7837837837837838,1,4,1,0,0,0,1,0,0,1,0,1,1,medio_baixo
7,10000.0,50,0.92,2,5,1,1,0,0,1,0,0,1,1,1,0,alto
8,10000.0,13,0.5384615384615384,2,2,1,0,0,0,1,0,0,0,0,1,0,baixo
13,3500000.0,21679,0.9540107938558051,15,3,1,1,1,1,1,1,1,0,0,0,0,medio_alto
7,10000.0,7,0.8571428571428571,1,3,1,1,1,0,1,1,1,0,0,0,0,baixo
4,10000.0,22,0.6363636363636364,103,6,1,1,1,0,1,1,1,1,0,1,1,alto
12,350000.0,3410,0.9489736070381232,1,2,1,1,1,1,1,1,0,0,0,0,0,medio_baixo
5,75000.0,412,0.8956310679611651,4,5,1,1,0,0,1,1,1,1,1,0,0,baixo
1,0.0,0,0.0,13,0,1,0,0,0,0,0,0,0,0,0,0,alto
1,0.0,0,0.0,103,3,1,0,0,0,0,0,0,1,0,1,1,baixo
2,35000.0,12,0.8333333333333334,3,5,1,0,0,0,1,0,1,1,1,0,1,medio_alto
4,10000.0,129,0.6511627906976745,7,3,1,0,0,0,1,0,0,0,0,1,1,alto
10,10000.0,0,0.0,9,3,1,0,0,0,0,0,0,0,0,0,0,gratuito
11,150000.0,396,0.7196969696969697,1,5,1,0,0,1,1,0,1,1,1,1,0,baixo
2,10000.0,2,0.0,1,1,1,0,0,0,0,0,0,0,0,0,1,baixo
2,10000.0,4,1.0,1,2,1,1,0,0,1,1,0,0,0,0,0,medio_baixo
4,10000.0,48,0.9375,1,3,1,0,0,1,1,0,0,1,0,0,1,gratuito
5,10000.0,12,0.75,2,1,1,0,0,0,0,0,0,0,0,1,0,medio_alto
20,350000.0,1876,0.8981876332622601,5,1,1,0,0,0,0,0,0,0,0,1,0,baixo
4,10000.0,13,1.0,1,2,1,0,0,0,0,1,0,1,0,0,0,medio_baixo
1,0.0,0,0.0,1,4,1,0,0,0,1,1,0,1,0,0,0,gratuito
2,10000.0,262,0.9618320610687023,2,3,1,1,1,0,1,0,1,1,0,0,0,baixo
3,10000.0,226,0.9424778761061947,1,3,1,0,0,0,1,1,0,0,1,0,0,baixo
12,350000.0,2099,0.7770366841353026,1,4,1,0,0,0,1,0,0,1,0,1,1,gratuito
7,10000.0,32,0.71875,1,2,1,0,0,0,1,1,0,0,0,0,0,baixo
3,10000.0,3,1.0,1,2,1,0,0,0,1,0,1,0,0,0,0,alto
4,10000.0,0,0.0,1,3,1,0,0,0,1,0,1,1,0,0,0,medio_baixo
1,350000.0,2529,0.8568604191379993,10,4,1,0,0,0,1,0,1,0,1,1,0,alto
7,10000.0,6,0.3333333333333333,1,5,1,0,0,0,1,1,0,1,0,0,0,baixo
8,10000.0,44,0.7045454545454546,2,2,1,0,0,0,1,0,1,0,0,0,0,baixo
2,10000.0,2,0.5,2,4,1,0,0,1,1,1,1,1,0,0,0,baixo
2,10000.0,1,1.0,2,2,1,0,0,0,1,1,0,0,0,0,0,medio_baixo
7,10000.0,516,0.8158914728682171,1,4,1,0,0,0,1,1,1,0,0,0,1,baixo
3,10000.0,0,0.0,1,3,1,0,0,0,1,0,0,0,1,1,0,gratuito
2,10000.0,2,1.0,1,3,1,0,0,0,1,0,0,1,0,0,1,medio_baixo
3,0.0,0,0.0,0,0,1,0,0,0,0,0,0,0,0,0,0,gratuito
1,0.0,0,0.0,14,5,1,0,0,0,1,1,1,1,1,0,0,medio_baixo
1,10000.0,0,0.0,2,5,1,0,0,0,1,0,1,0,1,1,0,medio_alto
11,35000.0,481,0.7422037422037422,3,1,1,0,0,0,0,0,1,0,0,0,0,alto
11,10000.0,110,0.8090909090909091,2,4,1,1,1,0,1,1,1,0,1,0,0,medio_alto
1,0.0,0,0.0,1,3,1,0,0,0,1,0,1,0,0,0,0,alto
2,10000.0,3,1.0,1,4,1,0,0,0,1,1,0,1,0,0,1,baixo
3,10000.0,2,1.0,2,3,1,0,0,0,1,0,0,1,0,0,1,baixo
9,10000.0,26,0.38461538461538464,1,3,1,0,0,0,1,1,1,0,0,0,0,medio_alto
5,75000.0,1243,0.9372485921158488,3,4,1,0,0,16,0,0,1,0,1,1,1,alto
6,35000.0,208,0.6153846153846154,5,2,1,1,0,0,0,1,0,0,0,1,0,medio_baixo
1,10000.0,3,0.0,6,1,1,0,0,0,0,0,0,1,0,0,0,medio_baixo
6,10000.0,7,0.8571428571428571,1,2,1,0,0,0,1,0,0,0,0,1,0,medio_baixo
11,10000.0,89,0.7865168539325843,10,2,1,0,0,0,1,0,1,0,0,0,0,baixo
4,10000.0,49,0.9795918367346939,10,3,1,0,0,1,1,1,0,1,0,0,0,alto
11,150000.0,691,0.34876989869753977,6,3,1,0,0,0,1,0,1,1,0,0,0,baixo
1,10000.0,0,0.0,4,1,1,0,1,0,1,0,0,0,0,0,0,medio_baixo
7,10000.0,44,0.7045454545454546,1,2,1,0,0,1,1,1,0,0,0,0,0,baixo
5,10000.0,0,0.0,1,2,1,0,0,2,0,0,1,0,1,0,0,medio_baixo
6,10000.0,17,0.6470588235294118,1,3,1,0,0,0,0,0,0,0,1,0,1,medio_baixo
8,10000.0,9,0.4444444444444444,1,1,1,0,0,0,0,0,0,1,0,0,0,medio_alto
2,10000.0,7,1.0,1,2,1,0,0,0,1,0,0,1,0,0,0,alto
4,10000.0,1,1.0,1,4,1,0,0,0,1,1,0,0,0,0,1,alto
2,0.0,0,0.0,0,0,1,0,0,0,0,0,0,0,0,0,0,gratuito
4,350000.0,3563,0.6937973617737861,14,2,1,0,0,5,0,0,0,0,0,0,1,medio_alto
14,35000.0,40,0.775,5,2,1,0,0,2,0,0,0,1,0,1,0,medio_baixo
5,75000.0,42,0.8809523809523809,7,5,1,1,0,1,1,0,1,0,1,1,0,gratuito
9,150000.0,499,0.6593186372745491,1,4,1,0,0,0,0,0,0,0,0,0,1,gratuito
2,10000.0,0,0.0,9,2,1,0,0,0,1,0,0,1,0,0,0,baixo
3,35000.0,21,0.6190476190476191,4,2,1,0,0,0,1,0,1,0,0,0,0,baixo
1,10000.0,0,0.0,4,1,1,0,0,0,0,0,0,1,0,0,0,baixo
1,10000.0,0,0.0,1,3,1,0,0,0,1,0,1,0,1,0,0,alto
2,10000.0,0,0.0,10,5,1,0,0,0,1,0,1,1,1,0,0,alto
7,35000.0,136,0.8088235294117647,12,2,1,1,0,0,1,1,0,0,0,0,0,baixo
4,0.0,0,0.0,0,0,1,0,0,0,0,0,0,0,0,0,0,gratuito
1,10000.0,0,0.0,13,3,1,1,1,0,1,0,0,1,0,1,0,baixo
9,10000.0,39,0.4358974358974359,6,1,1,0,0,0,0,1,0,0,0,0,0,alto
1,35000.0,649,0.7026194144838213,13,2,1,0,0,3,0,0,0,0,0,1,1,alto
1,10000.0,0,0.0,10,4,1,0,0,0,1,1,1,1,0,0,0,medio_baixo
4,10000.0,10,0.4,1,2,1,0,0,0,1,0,0,0,0,0,1,alto
7,10000.0,16,0.8125,1,4,1,0,0,0,0,0,0,0,0,0,0,alto
3,10000.0,24,0.6666666666666666,1,3,1,0,0,0,1,1,1,0,0,0,0,medio_alto
1,10000.0,0,0.0,1,2,1,0,0,0,1,0,0,1,0,0,0,medio_baixo
6,10000.0,0,0.0,1,1,1,0,0,0,0,0,0,0,0,1,0,medio_alto
4,0.0,0,0.0,0,0,1,0,0,0,0,0,0,0,0,0,0,gratuito
1,0.0,0,0.0,18,2,1,0,0,0,1,0,0,0,0,0,1,alto
1,0.0,0,0.0,1,2,1,0,0,0,0,1,1,0,0,0,0,medio_baixo
1,10000.0,4,1.0,1,5,1,0,0,0,1,1,0,1,1,0,1,baixo
8,10000.0,83,0.43373493975903615,1,2,1,0,0,0,0,0,0,0,0,0,1,alto
8,10000.0,0,0.0,1,1,1,0,0,0,1,0,0,0,0,0,0,medio_alto
4,10000.0,2,0.5,1,4,1,0,0,0,1,1,0,1,0,0,0,medio_baixo
1,10000.0,0,0.0,1,4,1,0,0,0,1,0,0,1,0,1,1,medio_baixo
4,10000.0,44,0.7727272727272727,9,3,1,1,1,0,1,0,0,0,0,1,1,baixo
5,10000.0,30,0.6333333333333333,2,5,1,0,0,0,1,1,0,0,1,1,1,baixo
12,35000.0,182,0.7142857142857143,10,3,1,1,1,0,1,0,0,1,0,0,0,medio_alto
5,10000.0,3,1.0,1,3,1,1,0,0,1,1,1,0,0,0,0,medio_baixo
2,0.0,0,0.0,1,5,1,0,0,0,1,0,1,0,0,0,1,gratuito
3,10000.0,30,0.9333333333333333,1,2,1,0,0,0,1,0,0,0,0,0,1,baixo
3,0.0,0,0.0,1,3,1,0,0,0,1,1,1,0,0,0,0,baixo
2,10000.0,12,0.9166666666666666,1,3,1,0,0,0,1,0,0,1,0,1,0,baixo
2,0.0,0,0.0,0,0,1,0,0,0,0,0,0,0,0,0,0,gratuito
3,10000.0,0,0.0,1,2,1,1,1,1,1,0,0,1,0,0,0,medio_alto
1,10000.0,0,0.0,8,3,1,0,0,0,1,1,1,0,0,0,0,alto
8,10000.0,2,1.0,1,3,1,0,0,1,1,1,0,0,0,0,0,medio_alto
2,0.0,0,0.0,5,2,1,0,0,0,0,1,0,0,0,0,0,gratuito
1,10000.0,0,0.0,1,3,1,0,0,0,1,1,0,0,0,0,0,gratuito
4,35000.0,1099,0.9899909008189263,7,1,1,0,1,1,0,0,0,1,0,0,0,baixo
13,35000.0,692,0.9595375722543352,5,2,1,1,1,0,1,1,0,0,0,0,0,baixo
4,10000.0,124,0.5967741935483871,8,5,1,0,0,0,0,1,1,0,1,0,1,medio_baixo
3,10000.0,27,0.7037037037037037,1,1,1,0,0,0,0,1,0,0,0,0,0,medio_baixo
5,10000.0,183,0.8852459016393442,4,5,1,1,1,0,1,1,1,1,0,0,0,gratuito
1,10000.0,13,0.9230769230769231,1,4,1,1,1,1,1,0,1,0,1,1,0,alto
6,350000.0,6626,0.5356172653184424,9,5,1,0,0,8,0,1,1,1,0,0,0,alto
6,10000.0,47,0.723404255319149,6,5,1,0,0,0,1,1,1,1,0,0,1,medio_baixo
1,0.0,0,0.0,0,0,1,0,0,0,0,0,0,0,0,0,0,gratuito
1,0.0,0,0.0,1,2,1,0,0,0,1,0,0,0,0,0,1,alto
2,10000.0,61,0.7213114754098361,1,3,1,0,0,0,1,0,0,1,0,0,1,medio_alto
1,0.0,0,0.0,0,0,1,0,0,0,0,0,0,0,0,0,0,gratuito
9,350000.0,797,0.7741530740276035,8,2,1,0,0,1,1,0,1,0,0,0,0,medio_baixo
4,10000.0,8,0.875,3,3,1,0,0,0,1,0,0,0,0,1,0,medio_alto
8,10000.0,4,0.5,1,2,1,0,0,0,1,0,0,0,0,1,0,baixo
11,75000.0,322,0.9161490683229814,13,2,1,1,0,0,0,0,1,1,0,0,0,alto
3,10000.0,3,1.0,2,2,1,0,0,0,1,1,0,0,0,0,0,alto
2,10000.0,12,0.8333333333333334,9,8,1,0,0,0,1,0,0,1,0,0,0,medio_baixo
11,750000.0,11336,0.9326040931545518,1,3,1,1,1,0,1,1,0,1,0,0,0,baixo
1,0.0,0,0.0,2,3,1,0,0,0,1,0,0,1,0,0,0,gratuito
8,10000.0,24,0.9166666666666666,1,2,1,0,0,0,1,0,0,1,0,0,0,baixo
5,10000.0,8,0.875,1,4,1,0,0,0,1,0,0,1,0,1,0,alto
9,10000.0,105,0.5428571428571428,1,1,1,1,0,0,0,0,0,1,0,0,0,gratuito
1,0.0,0,0.0,0,0,1,0,0,0,0,0,0,0,0,0,0,gratuito
6,750000.0,29935,0.9666610990479372,11,2,1,1,1,1,1,0,1,0,0,0,0,baixo
4,10000.0,10,0.6,1,2,1,0,0,0,1,0,0,0,0,0,1,baixo
7,10000.0,2,0.5,1,2,1,0,0,0,1,0,0,1,0,0,0,baixo
8,35000.0,98,0.7755102040816326,1,3,1,0,0,0,1,1,0,0,0,1,0,baixo
2,35000.0,4,0.75,8,9,1,0,0,0,1,1,1,1,1,1,0,medio_alto
4,10000.0,49,0.9183673469387755,29,2,1,0,0,0,1,0,0,1,0,0,0,baixo
3,10000.0,3,0.6666666666666666,1,9,1,0,0,0,1,1,1,1,1,1,1,baixo
2,10000.0,0,0.0,3,3,1,0,0,0,1,0,0,1,0,0,1,medio_baixo
5,10000.0,59,0.3898305084745763,8,4,1,0,0,1,1,0,0,1,0,0,1,baixo
3,0.0,0,0.0,0,0,1,0,0,0,0,0,0,0,0,0,0,gratuito
11,10000.0,10,0.7,1,4,1,0,0,0,1,0,0,0,0,0,1,medio_baixo
8,150000.0,3594,0.9237618252643295,2,1,1,0,0,0,0,0,0,0,0,1,0,alto
2,10000.0,19,1.0,1,1,1,1,1,0,1,0,0,0,0,0,0,baixo
2,10000.0,4,0.5,7,1,1,0,0,0,0,0,0,1,0,0,0,baixo
1,0.0,0,0.0,9,1,1,0,0,0,1,0,0,0,0,0,0,medio_baixo
2,10000.0,6,0.6666666666666666,1,1,1,0,0,0,0,0,0,0,0,0,1,alto
7,10000.0,36,0.9722222222222222,9,2,1,1,0,0,0,0,1,0,0,1,0,alto
5,10000.0,19,0.631578947368421,1,3,1,0,0,0,1,1,1,0,0,0,0,baixo
2,10000.0,3,1.0,1,2,1,0,0,1,1,1,0,0,0,0,0,baixo
7,10000.0,13,0.9230769230769231,1,3,1,1,1,0,1,1,1,0,0,0,0,baixo
1,0.0,0,0.0,0,0,1,0,0,0,0,0,0,0,0,0,0,gratuito
1,10000.0,0,0.0,1,3,1,0,0,0,1,0,0,1,0,0,0,gratuito
6,10000.0,87,0.8390804597701149,6,4,1,0,0,0,1,1,1,0,1,0,0,medio_alto
10,10000.0,19,0.7894736842105263,1,2,1,0,0,0,0,0,0,1,0,0,0,baixo
6,10000.0,97,0.8350515463917526,1,3,1,1,0,0,1,1,0,0,0,1,0,baixo
8,10000.0,33,0.6666666666666666,3,5,1,0,0,0,1,0,1,1,1,1,0,baixo
3,10000.0,1,1.0,2,2,1,1,0,0,1,0,1,0,0,0,0,medio_baixo
1,10000.0,249,0.7991967871485943,9,3,1,0,0,0,1,1,1,0,0,0,0,alto
8,10000.0,63,0.30158730158730157,5,2,1,0,0,0,1,0,1,0,0,0,0,baixo
7,10000.0,140,0.9428571428571428,2,5,1,0,0,0,1,1,0,1,1,0,0,baixo
2,10000.0,12,0.6666666666666666,2,1,1,0,0,0,0,1,0,0,0,0,0,alto
10,750000.0,520,0.39615384615384613,3,3,1,0,0,0,1,1,0,0,0,1,0,baixo
7,10000.0,33,1.0,5,2,1,1,1,0,1,1,0,0,0,0,0,alto
1,10000.0,11,1.0,2,3,1,0,0,0,1,0,0,0,0,1,1,medio_baixo
7,10000.0,1,1.0,3,3,1,0,0,0,1,1,0,1,0,0,0,medio_baixo
7,10000.0,1,0.0,1,2,1,0,0,0,1,0,0,0,0,1,0,baixo
2,10000.0,113,0.9557522123893806,3,1,1,0,0,0,0,0,1,0,0,0,0,alto
2,35000.0,917,0.7011995637949836,6,4,1,0,0,1,1,1,1,0,0,0,0,medio_alto
11,10000.0,96,0.21875,6,4,1,0,0,0,1,0,0,0,0,0,1,alto
6,10000.0,174,0.6264367816091954,1,4,1,0,0,0,1,1,0,1,0,0,0,medio_baixo
2,10000.0,1,1.0,1,4,1,0,0,0,1,1,1,0,0,0,0,medio_alto
1,0.0,0,0.0,1,3,1,0,0,0,0,1,1,0,0,0,0,gratuito
2,0.0,0,0.0,8,5,1,0,1,0,1,0,0,1,0,1,1,gratuito
1,10000.0,9,1.0,2,3,1,0,0,0,1,0,1,1,0,0,0,medio_alto
3,10000.0,5,0.4,1,7,1,0,0,0,1,1,1,1,0,1,1,medio_alto
6,10000.0,0,0.0,2,3,1,0,0,2,0,1,1,0,1,0,0,alto
1,10000.0,0,0.0,1,3,1,0,0,1,0,1,0,1,0,0,0,alto
9,10000.0,118,0.3305084745762712,1,4,1,0,0,0,1,0,1,1,0,0,1,baixo
1,0.0,0,0.0,1,4,1,0,0,0,0,1,1,1,0,0,0,gratuito
7,10000.0,1,0.0,23,4,1,0,0,0,1,1,1,1,0,0,0,alto
3,10000.0,8,0.75,1,2,1,0,0,0,1,0,0,1,0,0,0,medio_alto
2,0.0,0,0.0,1,4,1,0,0,0,1,1,1,0,0,0,0,gratuito
6,10000.0,70,0.8714285714285714,1,5,1,0,0,0,1,1,0,1,0,0,1,alto
5,35000.0,61,0.5409836065573771,11,4,1,0,0,0,1,1,1,1,0,0,0,baixo
3,10000.0,20,0.9,1,5,1,0,0,0,1,0,0,1,0,1,1,medio_alto
10,10000.0,57,0.42105263157894735,1,3,1,0,0,0,1,1,0,0,0,0,0,baixo
1,10000.0,0,0.0,1,2,1,1,1,0,0,0,1,1,0,0,0,alto
1,0.0,0,0.0,0,0,1,0,0,0,0,0,0,0,0,0,0,gratuito
5,10000.0,0,0.0,1,2,1,0,0,1,1,0,0,1,0,0,0,baixo
6,10000.0,7,0.8571428571428571,13,2,1,0,0,0,1,0,0,1,0,0,0,baixo
2,35000.0,737,0.8792401628222524,22,4,1,0,0,3,1,1,0,0,0,1,1,alto
4,10000.0,4,1.0,2,3,1,0,0,0,1,1,1,0,0,0,0,alto
5,10000.0,157,0.9044585987261147,5,3,1,0,0,1,1,0,0,1,0,1,0,medio_alto
1,10000.0,2,1.0,1,2,1,0,0,0,0,1,0,0,0,0,0,baixo
1,0.0,0,0.0,0,0,1,0,0,0,0,0,0,0,0,0,0,gratuito
6,75000.0,1079,0.8517145505097312,9,5,1,0,0,0,1,1,1,0,0,0,1,alto
4,10000.0,3,0.6666666666666666,1,2,1,0,0,0,0,0,0,0,0,1,1,baixo
1,0.0,0,0.0,6,2,1,0,0,0,0,0,0,1,0,0,1,medio_alto
5,0.0,0,0.0,0,0,1,0,0,0,0,0,0,0,0,0,0,gratuito
5,0.0,0,0.0,1,2,1,0,0,0,1,0,0,0,0,0,0,gratuito
8,3500000.0,72976,0.9041054593290945,13,1,1,0,0,29,0,1,0,0,0,0,0,alto
3,10000.0,5,0.4,1,1,1,0,0,0,0,0,0,1,0,0,0,baixo
8,10000.0,27,0.48148148148148145,5,3,1,0,0,0,0,0,0,1,0,0,1,medio_alto
2,10000.0,34,0.6176470588235294,1,3,1,0,0,0,1,0,1,0,0,0,1,baixo
4,10000.0,65,0.6923076923076923,14,2,1,0,0,1,1,0,0,1,0,0,0,baixo
6,10000.0,148,0.7364864864864865,14,1,1,0,0,7,0,0,0,0,0,1,0,medio_baixo
1,0.0,0,0.0,0,0,1,0,0,0,0,0,0,0,0,0,0,gratuito
4,10000.0,0,0.0,1,3,1,0,0,0,1,0,0,1,0,1,0,medio_baixo
1,10000.0,0,0.0,6,4,1,0,0,0,1,0,0,0,0,1,1,alto
4,150000.0,4,0.75,2,1,1,0,0,0,0,1,0,0,0,0,0,medio_alto
4,10000.0,12,0.9166666666666666,1,2,1,1,0,0,0,1,1,0,0,0,0,gratuito
4,750000.0,4886,0.7292263610315186,12,3,1,0,0,1,0,1,1,1,0,0,0,alto
1,10000.0,0,0.0,1,1,1,0,0,0,0,0,0,1,0,0,0,baixo
1,10000.0,0,0.0,1,2,1,0,0,0,1,0,0,0,0,0,0,medio_alto
2,10000.0,64,0.9375,1,7,1,0,0,0,0,0,1,1,1,1,1,gratuito
7,35000.0,46,0.782608695652174,1,4,1,0,0,6,1,1,0,1,0,0,0,gratuito
5,10000.0,26,0.8076923076923077,8,3,1,1,0,0,1,1,1,0,0,0,0,baixo
2,35000.0,2,1.0,12,1,1,0,0,0,0,1,0,0,0,0,0,medio_alto
2,10000.0,0,0.0,1,3,1,0,0,0,1,0,0,1,1,0,0,medio_alto
11,75000.0,303,0.8481848184818482,1,4,1,0,0,0,1,0,1,1,0,0,0,gratuito
1,10000.0,0,0.0,8,4,1,0,0,0,0,1,0,0,0,0,1,medio_baixo
1,0.0,0,0.0,0,0,1,0,0,0,0,0,0,0,0,0,0,gratuito
4,0.0,0,0.0,0,0,1,0,0,0,0,0,0,0,0,0,0,gratuito
3,10000.0,0,0.0,103,2,1,0,0,9,1,0,0,1,0,0,0,baixo
6,10000.0,29,0.20689655172413793,1,1,1,0,0,0,0,1,0,0,0,0,0,baixo
1,10000.0,0,0.0,1,1,1,0,0,0,0,0,0,0,1,0,0,medio_alto
4,10000.0,61,0.8524590163934426,2,3,1,0,0,0,1,1,1,0,0,0,0,baixo
7,150000.0,1539,0.6640675763482781,5,4,1,1,0,5,1,1,1,0,1,0,0,medio_baixo
7,10000.0,13,0.9230769230769231,1,1,1,1,0,1,1,0,0,0,0,0,0,baixo
5,10000.0,25,0.84,1,5,1,0,0,0,1,1,0,1,0,1,1,medio_alto
6,10000.0,30,0.7,2,4,1,0,0,1,0,0,0,1,0,1,1,medio_alto
3,10000.0,84,0.9166666666666666,6,2,1,0,0,0,0,1,1,0,0,0,0,baixo
4,10000.0,45,0.6,6,3,1,0,0,0,1,0,0,0,0,0,0,medio_alto
2,150000.0,3921,0.7697016067329763,11,5,1,0,0,8,1,1,1,0,1,1,0,alto
4,75000.0,340,0.85,5,3,1,0,0,0,1,0,1,1,0,0,0,medio_baixo
4,35000.0,3,1.0,1,2,1,0,0,0,1,1,0,0,0,0,0,medio_baixo
3,35000.0,5,0.4,1,3,1,0,0,0,1,0,0,0,1,1,0,medio_baixo
11,10000.0,114,0.4298245614035088,1,2,1,1,1,1,1,0,1,0,0,0,0,baixo
1,0.0,0,0.0,0,0,1,0,0,0,0,0,0,0,0,0,0,gratuito
7,35000.0,492,0.9390243902439024,8,2,1,0,0,0,1,1,0,0,0,0,0,medio_baixo
3,0.0,0,0.0,0,0,1,0,0,0,0,0,0,0,0,0,0,gratuito
5,10000.0,1,1.0,1,2,1,0,0,0,1,1,0,0,0,0,0,medio_alto
9,10000.0,16,1.0,1,2,1,1,0,0,1,0,0,1,0,0,0,medio_alto
2,10000.0,0,0.0,4,4,1,0,0,0,1,0,1,1,1,0,0,alto
8,10000.0,19,0.7894736842105263,1,5,1,0,0,0,1,1,0,1,0,0,1,gratuito
9,10000.0,3,0.6666666666666666,1,3,1,1,0,0,1,1,0,1,0,0,0,baixo
1,0.0,0,0.0,0,0,1,0,0,0,0,0,0,0,0,0,0,gratuito
5,10000.0,5,0.6,1,7,1,0,0,0,1,1,1,1,0,1,0,medio_baixo
1,10000.0,4,1.0,3,3,1,0,0,0,1,0,0,0,0,1,1,medio_baixo
8,35000.0,2,1.0,1,3,1,0,0,0,1,0,0,0,1,1,0,medio_alto
10,10000.0,146,0.6643835616438356,4,1,1,0,0,0,0,0,0,0,0,0,0,medio_alto
10,35000.0,85,0.9294117647058824,1,2,1,0,0,0,1,1,0,0,0,0,0,baixo
2,10000.0,4,0.75,2,5,1,0,0,0,1,0,0,1,0,1,1,alto
1,10000.0,0,0.0,1,2,1,0,1,0,1,1,0,0,0,0,0,medio_alto
4,0.0,0,0.0,1,1,1,0,0,0,0,0,0,0,0,0,0,gratuito
9,10000.0,14,0.9285714285714286,1,2,1,1,0,0,1,0,0,1,0,0,0,medio_baixo
5,10000.0,7,1.0,1,1,1,1,1,0,1,0,0,0,0,0,0,medio_alto
6,10000.0,0,0.0,6,3,1,0,0,1,1,0,0,1,0,0,1,medio_alto
1,10000.0,0,0.0,3,5,1,0,0,0,1,1,1,1,0,0,0,baixo
4,35000.0,17,0.8235294117647058,1,7,1,0,0,0,1,1,0,1,1,1,1,medio_baixo
1,10000.0,5,0.8,5,2,1,0,0,0,1,0,0,1,0,0,0,baixo
6,10000.0,7,0.5714285714285714,1,4,1,0,0,0,1,0,1,1,1,0,0,baixo
7,10000.0,0,0.0,1,2,1,0,0,0,1,1,0,0,0,0,0,alto
2,10000.0,18,0.6666666666666666,2,4,1,0,0,0,1,1,1,0,0,0,1,medio_baixo
2,10000.0,1,1.0,1,4,1,0,1,0,1,1,1,1,0,0,0,baixo
10,10000.0,26,0.9230769230769231,1,3,1,0,0,0,1,0,0,1,0,1,0,medio_baixo
12,35000.0,119,0.773109243697479,1,2,1,1,1,0,1,1,0,0,0,0,0,baixo
8,10000.0,10,0.6,1,3,1,0,0,0,1,1,0,0,0,1,0,baixo
1,0.0,0,0.0,1,5,1,0,0,0,1,1,0,0,1,1,0,alto
7,10000.0,12,0.8333333333333334,1,3,1,0,0,0,1,1,1,0,0,0,0,baixo
2,10000.0,0,0.0,103,4,1,0,0,0,1,1,1,1,0,0,0,baixo
5,35000.0,60,0.7333333333333333,2,5,1,1,0,0,1,0,1,0,1,1,0,alto
11,150000.0,696,0.7787356321839081,3,1,1,0,0,0,0,0,0,0,1,0,0,medio_alto
2,10000.0,0,0.0,3,2,1,0,0,53,0,0,0,1,0,0,0,gratuito
3,10000.0,8,0.75,1,2,1,0,0,0,0,1,1,0,0,0,0,alto
1,0.0,0,0.0,0,0,1,0,0,0,0,0,0,0,0,0,0,gratuito
1,0.0,0,0.0,0,0,1,0,0,0,0,0,0,0,0,0,0,gratuito
1,0.0,0,0.0,1,3,1,0,0,0,0,0,0,0,0,0,1,alto
10,10000.0,1103,0.9383499546690843,13,2,1,1,1,4,1,0,1,0,0,0,0,gratuito
1,10000.0,2,1.0,1,3,1,0,0,0,1,0,0,1,0,0,1,medio_alto
1,0.0,0,0.0,1,4,1,0,0,0,1,1,1,0,0,0,0,gratuito
4,10000.0,0,0.0,1,1,1,0,0,0,0,0,0,1,0,0,0,medio_baixo
11,350000.0,552,0.4855072463768116,6,2,1,1,1,2,0,0,0,0,1,1,0,baixo
5,10000.0,1,1.0,1,8,1,1,1,0,1,1,1,1,1,1,1,alto
8,10000.0,63,0.9365079365079365,2,3,1,0,0,2,1,0,1,1,0,0,0,alto
2,10000.0,6,0.3333333333333333,1,7,1,0,0,0,1,1,1,0,1,1,1,medio_alto
1,10000.0,5,0.6,13,3,1,0,0,0,1,0,0,1,0,0,1,baixo
6,75000.0,3,1.0,1,2,1,0,0,0,0,1,0,0,0,0,1,baixo
3,10000.0,5,0.8,1,2,1,0,0,0,0,0,0,1,0,1,0,alto
1,0.0,0,0.0,30,3,1,1,1,0,0,0,1,1,0,0,1,alto
5,10000.0,16,0.3125,27,2,1,0,0,0,1,1,0,0,0,0,0,medio_alto
1,10000.0,0,0.0,4,3,1,0,0,2,0,0,0,0,1,0,1,alto
10,10000.0,55,0.8909090909090909,2,5,1,0,0,0,1,1,0,1,0,1,1,medio_alto
6,10000.0,0,0.0,1,2,1,0,0,0,0,0,0,0,1,0,0,alto
8,35000.0,103,0.6019417475728155,2,4,1,0,0,0,1,1,0,0,0,0,0,gratuito
10,10000.0,23,0.5652173913043478,6,2,1,1,1,0,1,0,1,0,0,0,0,medio_baixo
3,10000.0,21,0.5714285714285714,2,3,1,0,0,0,1,0,0,1,0,0,0,medio_alto
8,35000.0,66,0.7121212121212122,1,2,1,0,0,0,1,0,0,1,0,0,0,medio_baixo
5,10000.0,2,1.0,1,2,1,0,0,0,1,0,0,0,0,0,0,medio_alto
4,10000.0,4,1.0,1,2,1,0,0,0,1,0,0,0,0,0,1,medio_alto
13,0.0,0,0.0,9,4,1,0,0,3,0,0,0,0,0,0,0,alto
1,0.0,0,0.0,103,2,1,0,0,0,1,0,0,1,0,0,0,medio_alto
5,10000.0,6,0.6666666666666666,9,3,1,0,0,0,1,0,1,0,0,0,1,alto
1,10000.0,65,0.8615384615384616,11,2,1,0,0,0,1,1,0,0,0,0,0,medio_baixo
2,10000.0,182,0.46153846153846156,8,2,1,0,0,0,1,0,0,0,0,0,1,medio_baixo
4,10000.0,216,0.7824074074074074,12,2,1,0,0,1,1,0,0,0,0,1,0,medio_baixo
4,10000.0,75,0.9333333333333333,1,3,1,0,0,0,1,0,0,1,0,0,1,baixo
4,10000.0,24,0.4583333333333333,2,6,1,0,0,1,1,1,1,0,1,1,1,alto
5,10000.0,263,0.7718631178707225,1,6,1,1,0,0,1,1,1,1,1,0,0,gratuito
5,35000.0,16,1.0,1,3,1,1,1,0,1,0,0,1,0,0,1,medio_baixo
5,10000.0,140,0.9,6,1,1,0,0,0,0,0,0,1,0,0,0,baixo
6,10000.0,0,0.0,1,4,1,0,0,1,1,0,1,1,0,0,1,baixo
4,10000.0,1,0.0,1,3,1,0,0,0,1,0,1,0,1,0,0,alto
4,10000.0,1,0.0,1,3,1,0,0,0,1,1,0,1,0,0,0,medio_baixo
6,10000.0,1,0.0,1,4,1,0,0,0,1,1,0,1,0,0,0,alto
6,75000.0,363,0.9641873278236914,1,3,1,0,0,0,1,1,1,0,0,0,0,medio_baixo
1,10000.0,3,0.6666666666666666,1,6,1,0,0,0,1,0,1,1,0,1,1,baixo
3,10000.0,42,0.6428571428571429,2,3,1,0,0,0,1,0,1,0,1,0,0,medio_baixo
5,10000.0,27,0.5925925925925926,2,3,1,0,0,0,1,0,0,0,0,1,1,alto
1,35000.0,1,0.0,1,3,1,0,0,0,1,0,0,1,0,1,0,medio_baixo
12,350000.0,5694,0.4135932560590095,5,3,1,0,0,0,0,1,0,0,0,1,1,baixo
5,10000.0,1,1.0,2,2,1,0,0,0,1,0,0,1,0,0,0,medio_baixo
2,10000.0,27,0.2962962962962963,2,2,1,0,0,0,0,0,1,0,0,0,1,medio_baixo
2,0.0,0,0.0,0,0,1,0,0,0,0,0,0,0,0,0,0,gratuito
1,0.0,0,0.0,0,0,1,0,0,0,0,0,0,0,0,0,0,gratuito
3,150000.0,1335,0.7797752808988764,1,4,1,1,1,2,1,1,1,0,0,0,0,alto
1,10000.0,2,0.5,1,2,1,0,0,0,1,1,0,0,0,0,0,baixo
1,0.0,0,0.0,1,3,1,0,0,0,0,0,0,0,0,0,0,gratuito
1,10000.0,2,0.0,14,5,1,0,0,0,1,1,1,0,0,0,1,alto
2,10000.0,3,1.0,1,1,1,0,0,0,0,1,0,0,0,0,0,medio_alto
2,10000.0,19,0.7368421052631579,1,2,1,0,0,0,1,0,1,0,0,0,0,baixo
1,35000.0,379,0.8100263852242744,11,4,1,0,0,1,1,1,0,1,0,1,0,medio_baixo
7,10000.0,322,0.8726708074534162,1,3,1,0,0,0,1,1,0,0,0,0,1,medio_alto
5,0.0,0,0.0,2,4,1,0,0,0,0,0,0,1,1,1,0,gratuito
9,10000.0,32,0.53125,1,5,1,1,1,0,1,1,1,0,0,0,0,baixo
3,10000.0,0,0.0,8,1,1,1,0,0,0,0,0,1,0,0,0,baixo
1,0.0,0,0.0,0,0,1,0,0,0,0,0,0,0,0,0,0,gratuito
3,10000.0,0,0.0,1,4,1,0,0,0,1,1,0,1,0,0,1,medio_baixo
4,10000.0,35,0.7142857142857143,3,4,1,0,0,0,1,0,0,1,0,0,1,baixo
3,350000.0,2411,0.8884280381584405,14,3,1,1,0,1,1,1,0,1,0,0,0,medio_alto
5,10000.0,18,0.7777777777777778,2,3,1,0,0,0,1,0,0,1,0,1,0,baixo
1,10000.0,1,1.0,8,3,1,0,0,0,1,0,1,1,0,0,0,medio_alto
3,10000.0,1,0.0,1,2,1,0,0,0,0,1,0,0,0,0,0,medio_baixo
8,10000.0,15,0.4,6,2,1,1,1,0,1,0,1,0,0,0,0,medio_alto
2,0.0,0,0.0,1,4,1,0,0,0,1,1,1,0,0,0,0,gratuito
3,0.0,0,0.0,103,3,1,0,0,0,1,0,1,1,0,0,0,baixo
9,150000.0,43,0.9069767441860465,3,3,1,1,1,0,0,1,1,0,0,0,1,medio_alto
1,10000.0,0,0.0,1,3,1,1,1,0,1,0,0,1,0,0,1,alto
2,10000.0,5,0.8,1,3,1,0,0,0,1,1,0,0,0,1,0,baixo
8,10000.0,15,0.26666666666666666,1,0,1,0,0,0,0,0,0,0,0,0,0,gratuito
1,0.0,0,0.0,1,1,1,0,0,0,0,0,0,0,0,0,0,alto
11,10000.0,50,0.6,1,2,1,0,0,0,1,1,0,0,0,0,0,gratuito
2,10000.0,26,0.7692307692307693,12,4,1,0,0,0,1,1,0,1,0,0,0,medio_baixo
2,10000.0,1,1.0,1,3,1,0,0,0,1,1,0,1,0,0,0,medio_alto
7,10000.0,8,0.75,1,3,1,0,0,0,1,0,1,0,1,0,0,baixo
5,0.0,0,0.0,0,0,1,0,0,0,0,0,0,0,0,0,0,gratuito
9,10000.0,55,0.4909090909090909,2,1,1,0,0,2,0,0,0,0,0,1,0,medio_baixo
10,35000.0,206,0.6844660194174758,2,2,1,0,0,0,1,1,0,0,0,0,0,baixo
9,10000.0,11,0.8181818181818182,1,3,1,1,1,0,1,0,1,0,1,0,0,medio_alto
12,35000.0,314,0.8980891719745223,1,3,1,1,1,1,1,1,0,0,1,0,0,medio_alto
8,10000.0,79,0.6582278481012658,1,2,1,1,1,0,1,1,0,0,0,0,0,baixo
12,150000.0,3221,0.9254889785780813,10,1,1,1,1,1,0,0,1,0,0,0,0,medio_alto
12,10000.0,8,0.25,1,2,1,0,0,0,0,1,0,0,0,1,0,medio_baixo
4,10000.0,107,0.9532710280373832,2,3,1,0,0,1,1,1,1,0,0,0,0,alto
5,10000.0,7,0.8571428571428571,1,3,1,0,0,0,0,0,0,0,0,0,0,gratuito
3,75000.0,677,0.8921713441654358,1,3,1,0,0,1,0,1,1,0,1,0,0,alto
8,10000.0,27,0.8518518518518519,1,2,1,0,0,0,0,0,1,1,0,0,0,medio_baixo
2,10000.0,7,1.0,7,3,1,1,1,0,1,1,1,0,0,0,0,alto
1,10000.0,0,0.0,1,3,1,0,0,0,1,0,1,1,0,0,0,medio_baixo
8,10000.0,31,0.7419354838709677,6,4,1,1,0,0,1,0,0,1,1,1,0,medio_baixo
7,10000.0,13,0.7692307692307693,1,2,1,1,1,0,1,1,0,0,0,0,0,baixo
7,10000.0,33,0.6363636363636364,6,3,1,0,0,0,1,1,0,0,0,0,0,baixo
1,10000.0,0,0.0,2,1,1,0,0,0,1,0,0,0,0,0,0,medio_alto
5,0.0,0,0.0,0,0,1,0,0,0,0,0,0,0,0,0,0,gratuito
1,0.0,0,0.0,0,0,1,0,0,0,0,0,0,0,0,0,0,gratuito
7,10000.0,13,0.5384615384615384,1,2,1,0,0,5,0,0,0,0,0,0,0,alto
2,0.0,0,0.0,1,2,1,1,0,0,0,0,0,0,0,0,0,gratuito
8,10000.0,14,0.14285714285714285,1,2,1,0,0,0,1,1,0,0,0,0,0,medio_baixo
7,10000.0,133,0.9849624060150376,10,2,1,0,0,0,1,0,0,1,0,0,0,medio_baixo
1,10000.0,0,0.0,3,1,1,0,0,0,0,0,0,1,0,0,0,medio_baixo
5,10000.0,2,1.0,2,5,1,0,0,0,1,1,1,1,0,0,0,medio_alto
5,35000.0,3,1.0,1,3,1,0,0,0,1,1,1,0,0,0,0,medio_alto
4,0.0,0,0.0,1,5,1,0,0,0,1,1,1,0,1,0,0,gratuito
8,10000.0,31,0.7419354838709677,9,2,1,1,1,0,1,0,0,1,0,0,0,baixo
5,10000.0,22,0.9090909090909091,2,2,1,0,0,0,0,0,0,1,0,1,0,medio_baixo
3,35000.0,584,0.928082191780822,15,4,1,1,1,2,1,0,1,0,1,1,0,alto
1,0.0,0,0.0,1,2,1,0,0,0,1,0,0,1,0,0,0,medio_baixo
2,0.0,0,0.0,2,6,1,0,0,0,1,1,1,0,0,1,1,gratuito
3,0.0,0,0.0,1,3,1,0,0,0,0,1,0,1,0,0,0,gratuito
2,750000.0,15993,0.8359282185956356,13,4,1,1,0,1,1,0,0,1,1,1,0,alto
4,750000.0,9755,0.9682214249103024,1,5,1,0,0,0,1,1,1,0,1,0,0,alto
6,150000.0,1169,0.8699743370402053,1,1,1,0,0,1,1,0,0,0,0,0,0,gratuito
1,0.0,0,0.0,0,0,1,0,0,0,0,0,0,0,0,0,0,gratuito
2,10000.0,0,0.0,1,4,1,0,0,0,1,0,1,1,0,0,1,medio_baixo
1,0.0,0,0.0,0,0,1,0,0,0,0,0,0,0,0,0,0,gratuito
11,10000.0,49,0.5510204081632653,1,2,1,1,1,0,0,0,0,0,0,1,1,medio_baixo
3,35000.0,4,1.0,4,1,1,0,0,0,0,1,0,0,0,0,0,medio_alto
6,75000.0,378,0.716931216931217,2,3,1,1,1,0,1,0,1,0,0,0,1,alto
2,10000.0,0,0.0,1,6,1,0,0,0,1,1,1,0,0,0,1,gratuito
2,10000.0,2,1.0,1,3,1,1,1,0,1,0,0,1,0,0,0,gratuito
10,150000.0,318,0.8270440251572327,1,4,1,0,0,0,1,0,0,1,0,1,1,baixo
1,0.0,0,0.0,0,0,1,0,0,0,0,0,0,0,0,0,0,gratuito
7,10000.0,0,0.0,29,3,1,0,0,0,1,0,0,1,0,1,0,baixo
4,35000.0,73,1.0,1,4,1,0,0,0,1,0,1,1,1,0,0,baixo
1,10000.0,0,0.0,1,4,1,0,0,0,1,1,1,1,0,0,0,medio_alto
4,0.0,0,0.0,2,4,1,1,0,0,1,0,1,1,0,0,0,gratuito
1,10000.0,0,0.0,1,4,1,0,0,0,1,0,0,1,1,0,1,medio_alto
2,10000.0,2,0.0,1,2,1,0,0,0,1,0,0,1,0,0,0,medio_baixo
11,1500000.0,15759,0.8192778729614824,13,4,1,1,1,6,1,0,1,0,1,1,0,medio_alto
2,10000.0,86,0.7325581395348837,2,4,1,0,0,0,1,0,1,1,0,0,1,baixo
7,10000.0,0,0.0,2,5,1,0,0,0,1,0,1,1,1,0,1,alto
1,10000.0,2,1.0,1,3,1,0,1,0,1,0,1,1,0,0,0,medio_alto
3,10000.0,6,0.6666666666666666,1,1,1,0,0,0,0,1,0,0,0,0,0,baixo
7,10000.0,6,0.5,1,4,1,0,0,0,1,1,0,1,0,0,0,medio_baixo
1,0.0,0,0.0,1,3,1,0,0,0,1,0,0,1,0,0,0,gratuito
2,350000.0,1928,0.8625518672199171,4,1,1,0,0,26,0,0,0,0,0,1,0,gratuito
5,10000.0,4,0.75,7,2,1,0,0,0,0,0,1,1,0,0,0,alto
10,35000.0,583,0.8147512864493996,1,2,1,1,0,0,1,0,1,0,0,0,0,medio_alto
1,0.0,0,0.0,1,1,1,0,0,0,0,0,1,0,0,0,0,medio_alto
8,10000.0,15,0.6,1,2,1,0,0,0,0,0,0,0,0,0,1,gratuito
1,10000.0,10,0.7,2,2,1,0,0,0,1,0,1,0,0,0,0,medio_alto
4,10000.0,0,0.0,1,4,1,0,0,1,1,1,1,0,1,0,0,medio_baixo
6,10000.0,38,0.9473684210526315,6,3,1,1,1,0,1,1,0,1,0,0,0,medio_baixo
1,10000.0,0,0.0,2,1,1,0,0,0,1,0,0,0,0,0,0,baixo
1,75000.0,1773,0.847151720248167,2,6,1,0,0,3,1,0,1,1,1,1,1,alto
7,10000.0,0,0.0,1,2,1,0,0,0,0,1,0,0,1,0,0,medio_alto
5,10000.0,4,0.75,1,4,1,0,0,0,1,0,0,1,0,0,1,alto
4,10000.0,2,1.0,2,2,1,0,0,0,0,1,0,0,0,1,0,medio_alto
5,0.0,0,0.0,1,3,1,0,0,0,0,0,1,0,0,0,1,gratuito
4,10000.0,44,0.9090909090909091,1,2,1,0,0,0,1,1,0,0,0,0,0,alto
7,750000.0,15196,0.961042379573572,1,4,1,1,1,1,1,0,0,1,0,0,1,gratuito
1,10000.0,6,0.6666666666666666,1,5,1,0,0,0,1,0,0,1,0,1,1,medio_baixo
6,10000.0,101,0.6732673267326733,13,3,1,0,0,0,0,0,0,0,0,0,0,medio_alto
6,35000.0,12,0.75,1,3,1,1,1,0,1,0,1,1,0,0,0,gratuito
10,35000.0,136,0.875,1,2,1,0,1,0,1,0,1,0,0,0,0,medio_baixo
3,0.0,0,0.0,0,0,1,0,0,0,0,0,0,0,0,0,0,gratuito
2,10000.0,0,0.0,1,3,1,0,0,0,0,1,1,0,0,1,0,medio_baixo
3,10000.0,24,0.9583333333333334,1,1,1,0,0,0,0,0,0,0,1,0,0,alto
6,75000.0,1284,0.927570093457944,3,4,1,0,0,4,0,0,1,0,1,1,1,alto
1,0.0,0,0.0,1,3,1,1,0,0,0,1,0,1,0,0,0,gratuito
5,10000.0,30,1.0,7,2,1,1,1,2,1,0,0,1,0,0,0,baixo
2,10000.0,3,0.6666666666666666,1,3,1,0,0,0,1,1,1,0,0,0,0,medio_baixo
1,0.0,0,0.0,0,0,1,0,0,0,0,0,0,0,0,0,0,gratuito
3,0.0,0,0.0,0,0,1,0,0,0,0,0,0,0,0,0,0,gratuito
1,0.0,0,0.0,0,0,1,0,0,0,0,0,0,0,0,0,0,gratuito
6,10000.0,0,0.0,1,1,1,0,0,0,1,0,0,0,0,0,0,baixo
6,10000.0,32,0.78125,4,1,1,0,0,0,0,0,0,1,0,0,0,medio_baixo
2,150000.0,0,0.0,2,3,1,0,0,0,1,1,1,0,0,0,0,medio_alto
1,0.0,0,0.0,1,2,1,0,0,0,1,1,0,0,0,0,0,medio_alto
1,1500000.0,21716,0.7971081230429177,6,6,1,0,0,0,1,0,0,1,1,0,1,gratuito
2,10000.0,3,0.3333333333333333,7,3,1,0,0,0,1,1,1,0,0,0,0,alto
9,10000.0,47,0.6170212765957447,2,2,1,0,0,0,1,0,1,0,0,0,0,medio_baixo
3,0.0,0,0.0,103,5,1,0,0,0,1,1,1,1,0,0,0,baixo
1,0.0,0,0.0,1,5,1,0,0,0,1,0,0,1,1,1,1,medio_alto
6,10000.0,12,0.75,1,3,1,1,0,0,1,1,0,1,0,0,0,gratuito
9,10000.0,123,0.4878048780487805,1,2,1,1,1,0,0,0,0,1,0,0,0,medio_baixo
4,75000.0,2298,0.7780678851174935,8,3,1,0,0,0,0,1,0,0,1,0,1,alto
6,35000.0,3,0.6666666666666666,1,5,1,0,0,0,1,0,0,0,1,1,1,alto
4,10000.0,118,0.8559322033898306,1,2,1,0,0,0,1,0,1,0,0,0,0,baixo
8,75000.0,392,0.5102040816326531,10,1,1,0,0,0,0,1,0,0,0,0,0,medio_alto
7,10000.0,39,0.8717948717948718,1,2,1,0,0,0,1,1,0,0,0,0,0,gratuito
1,10000.0,0,0.0,2,5,1,0,0,0,1,1,0,1,0,1,0,medio_alto
11,35000.0,164,0.6280487804878049,2,5,1,0,0,0,1,1,0,1,1,0,1,baixo
5,150000.0,176,0.9261363636363636,7,2,1,0,0,0,1,0,1,0,0,0,0,medio_baixo
1,0.0,0,0.0,1,6,1,0,0,0,1,1,1,1,1,0,1,alto
5,10000.0,1391,0.7347232207045291,11,3,1,1,0,0,1,0,0,0,0,1,1,gratuito
8,10000.0,62,0.8064516129032258,1,2,1,0,0,0,1,0,0,1,0,0,0,baixo
1,10000.0,13,1.0,1,3,1,1,1,0,1,0,1,1,0,0,0,medio_baixo
9,10000.0,9,0.5555555555555556,1,3,1,0,0,0,1,0,0,0,0,0,1,medio_baixo
3,35000.0,10,0.6,1,1,1,0,0,2,0,0,0,0,1,0,0,medio_alto
5,10000.0,412,0.9150485436893204,14,4,1,1,1,0,1,1,0,1,0,0,0,medio_alto
4,10000.0,12,0.16666666666666666,2,3,1,0,0,0,1,1,0,0,0,0,1,medio_baixo
3,10000.0,77,0.8961038961038961,10,3,1,0,0,4,0,1,0,0,0,0,1,medio_baixo
5,35000.0,335,0.6537313432835821,3,1,1,0,0,0,1,0,0,0,0,0,0,medio_baixo
1,0.0,0,0.0,3,4,1,0,0,0,0,1,0,0,0,1,0,gratuito
8,10000.0,91,0.6263736263736264,1,4,1,0,0,0,0,1,0,1,0,1,1,baixo
3,35000.0,63,0.746031746031746,1,2,1,0,0,0,0,0,0,0,0,1,1,gratuito
4,10000.0,41,0.975609756097561,11,2,1,0,0,0,1,0,0,1,0,0,0,baixo
2,10000.0,9,0.6666666666666666,9,2,1,0,0,0,1,0,0,0,0,0,0,medio_baixo
3,10000.0,14,0.6428571428571429,2,1,1,0,0,0,0,0,0,0,0,1,0,baixo
2,10000.0,0,0.0,2,4,1,0,0,0,1,0,1,0,1,1,0,medio_alto
1,0.0,0,0.0,1,2,1,0,0,0,0,0,0,0,0,0,1,gratuito
6,10000.0,2,1.0,1,4,1,0,0,0,1,0,0,1,0,1,1,medio_baixo
5,35000.0,26,0.3076923076923077,1,4,1,0,0,8,0,0,1,0,1,0,1,gratuito
2,10000.0,5,0.4,1,4,1,0,0,0,1,1,1,0,1,0,0,medio_alto
1,10000.0,32,0.65625,9,4,1,0,0,0,1,1,1,0,1,0,0,alto
1,10000.0,0,0.0,1,6,1,0,0,0,0,1,0,1,1,1,1,baixo
11,10000.0,82,0.8536585365853658,1,3,1,1,1,0,1,0,0,1,0,0,1,baixo
8,350000.0,3402,0.9138741916519695,7,3,1,1,0,0,1,1,0,1,0,0,0,baixo
5,10000.0,53,0.8490566037735849,1,3,1,1,0,0,1,0,1,0,1,0,0,medio_alto
13,10000.0,36,0.75,5,1,1,0,0,0,0,1,0,0,0,0,0,alto
1,0.0,0,0.0,3,2,1,1,0,0,0,0,1,1,0,0,0,medio_alto
9,10000.0,15,0.8666666666666667,1,4,1,0,0,0,1,1,0,1,0,0,0,medio_alto
7,10000.0,3,0.6666666666666666,5,2,1,0,0,0,1,0,0,1,0,0,0,medio_alto
1,0.0,0,0.0,1,3,1,1,1,0,1,0,0,1,0,0,0,gratuito
7,10000.0,21,0.9523809523809523,1,3,1,0,0,2,1,0,0,1,0,0,1,alto
4,10000.0,23,0.9565217391304348,1,2,1,0,0,0,0,1,0,0,0,0,0,gratuito
1,10000.0,0,0.0,3,3,1,0,0,0,1,0,0,0,0,0,1,alto
9,10000.0,15,0.6,1,3,1,0,0,0,1,0,0,0,0,0,0,medio_baixo
8,10000.0,2,0.0,1,7,1,0,0,0,1,0,1,1,1,1,1,baixo
2,10000.0,3,1.0,2,2,1,0,0,0,0,0,0,1,0,1,0,baixo
4,75000.0,614,0.9527687296416938,1,3,1,0,0,0,1,1,0,0,0,0,0,baixo
3,10000.0,1,1.0,1,1,1,0,0,0,0,0,0,1,0,0,0,medio_alto
3,10000.0,0,0.0,10,2,1,0,0,0,1,0,0,1,0,0,0,medio_baixo
3,0.0,0,0.0,1,6,1,0,0,0,1,0,0,1,0,0,1,gratuito
6,10000.0,0,0.0,2,2,1,1,1,0,0,0,1,1,0,0,0,baixo
1,10000.0,0,0.0,16,3,1,0,0,1,1,1,1,0,0,0,0,alto
2,10000.0,6,1.0,7,5,1,0,0,0,1,1,1,1,0,0,1,baixo
9,35000.0,42,0.42857142857142855,1,5,1,1,0,0,1,1,1,1,0,1,0,baixo
18,350000.0,456,0.8486842105263158,3,2,1,0,0,0,0,0,0,0,0,1,1,medio_alto
5,35000.0,141,0.9645390070921985,1,5,1,0,0,0,1,1,1,0,1,0,0,alto
1,0.0,0,0.0,3,3,1,0,0,0,1,0,1,1,0,0,0,alto
1,10000.0,0,0.0,1,2,1,0,0,0,1,0,1,0,0,0,0,medio_alto
6,35000.0,8,0.125,1,3,1,0,1,0,1,0,1,0,0,0,1,alto
1,10000.0,37,0.9459459459459459,9,2,1,0,0,0,0,0,0,1,0,0,1,medio_alto
10,35000.0,41,0.8048780487804879,1,2,1,1,1,0,1,0,0,0,0,0,0,gratuito
2,0.0,0,0.0,0,0,1,0,0,0,0,0,0,0,0,0,0,gratuito
1,10000.0,0,0.0,3,4,1,0,0,0,1,0,0,1,0,1,0,medio_alto
11,150000.0,946,0.8625792811839323,6,2,1,0,0,0,0,0,0,0,0,1,1,baixo
9,10000.0,23,0.7391304347826086,4,1,1,0,0,0,0,0,0,0,0,0,0,gratuito
1,0.0,0,0.0,0,0,1,0,0,0,0,0,0,0,0,0,0,gratuito
11,35000.0,98,0.8367346938775511,3,3,1,0,0,0,1,1,0,1,0,0,0,medio_baixo
8,10000.0,0,0.0,1,2,1,1,1,0,1,0,0,1,0,0,0,medio_alto
5,10000.0,4,0.5,1,2,1,0,0,0,0,1,0,0,1,0,0,baixo
9,10000.0,2,1.0,1,2,1,0,0,0,0,0,1,1,0,0,0,medio_alto
1,0.0,0,0.0,2,4,1,0,0,0,0,1,0,1,0,0,0,gratuito
1,10000.0,5,1.0,10,4,1,0,1,0,1,1,1,0,1,0,0,medio_baixo
5,0.0,0,0.0,1,1,1,0,0,0,0,1,0,0,0,0,0,gratuito
3,0.0,0,0.0,103,2,1,0,0,0,1,1,0,0,0,0,0,alto
2,75000.0,1704,0.8485915492957746,13,4,1,0,0,3,1,0,1,0,0,1,1,alto
5,150000.0,500,0.96,1,4,1,0,0,0,1,0,1,0,1,0,0,gratuito
8,10000.0,43,0.7674418604651163,1,1,1,0,0,0,0,0,0,0,0,1,0,medio_baixo
1,0.0,0,0.0,1,2,1,0,0,0,0,0,0,1,1,0,0,baixo
13,35000.0,159,0.8050314465408805,1,1,1,0,0,0,0,0,0,1,0,0,0,medio_baixo
2,10000.0,1,1.0,12,3,1,0,0,1,1,1,0,0,1,0,0,medio_baixo
2,0.0,0,0.0,0,0,1,0,0,0,0,0,0,0,0,0,0,gratuito
3,0.0,0,0.0,1,4,1,1,0,0,1,0,0,1,0,0,1,gratuito
2,10000.0,123,0.9186991869918699,7,2,1,0,0,1,1,1,0,0,0,0,0,medio_baixo
6,10000.0,24,0.75,1,1,1,0,0,0,1,0,0,0,0,0,0,medio_alto
8,10000.0,10,0.6,1,3,1,0,0,0,1,1,0,1,0,0,0,baixo
1,0.0,0,0.0,2,3,1,0,0,0,1,1,0,1,0,0,0,medio_alto
5,10000.0,2,0.0,1,4,1,0,1,0,1,1,1,1,0,0,0,baixo
1,10000.0,1,0.0,1,2,1,0,0,0,0,1,0,0,0,0,0,alto
1,0.0,0,0.0,1,4,1,1,1,0,1,1,1,1,0,0,0,medio_alto
1,0.0,0,0.0,12,6,1,0,0,0,1,1,0,1,0,1,0,gratuito
2,10000.0,17,0.9411764705882353,1,1,1,0,0,0,0,0,0,1,0,0,0,medio_baixo
2,0.0,0,0.0,1,3,1,1,1,0,1,1,0,0,0,0,0,gratuito
1,10000.0,0,0.0,1,4,1,0,0,0,1,1,0,1,0,1,0,medio_alto
7,10000.0,24,0.875,1,1,1,1,1,0,1,0,0,0,0,0,0,medio_baixo
1,0.0,0,0.0,13,3,1,0,0,0,0,0,0,0,0,1,1,gratuito
5,10000.0,3,0.3333333333333333,1,5,1,0,0,0,1,1,1,0,1,1,0,medio_baixo
4,0.0,0,0.0,1,3,1,0,0,0,0,1,1,0,0,0,0,gratuito
3,10000.0,0,0.0,2,3,1,0,0,0,1,0,0,1,0,0,1,medio_alto
2,10000.0,88,0.875,5,1,1,0,0,1,0,0,0,0,0,1,0,alto
6,10000.0,13,0.8461538461538461,2,4,1,0,1,0,1,0,0,1,0,1,1,medio_alto
8,10000.0,36,0.9722222222222222,1,4,1,0,0,0,1,0,1,1,1,0,0,baixo
1,0.0,0,0.0,1,2,1,0,0,0,1,1,0,0,0,0,0,medio_alto
1,10000.0,0,0.0,8,3,1,0,0,0,1,1,0,0,0,1,0,medio_alto
2,10000.0,92,0.13043478260869565,11,2,1,0,0,5,0,0,0,0,0,0,0,alto
1,0.0,0,0.0,5,2,1,0,0,1,1,1,0,0,0,0,0,alto
3,10000.0,0,0.0,1,5,1,1,0,0,1,1,1,1,0,0,0,gratuito
3,10000.0,0,0.0,34,2,1,1,0,0,1,1,0,0,0,0,0,medio_baixo
10,10000.0,220,0.6545454545454545,6,5,1,1,1,0,1,1,1,0,1,0,1,medio_baixo
2,35000.0,331,0.8277945619335347,25,5,1,1,0,1,1,1,1,0,1,0,1,medio_baixo
2,10000.0,1,0.0,2,4,1,0,0,5,0,0,1,0,1,1,1,alto
6,35000.0,282,0.8475177304964538,8,4,1,1,1,0,1,1,1,0,1,0,0,medio_alto
1,10000.0,0,0.0,11,4,1,0,0,0,1,0,0,1,0,0,0,medio_alto
8,10000.0,10,0.7,1,3,1,0,0,0,1,1,0,1,0,0,0,baixo
8,10000.0,44,0.45454545454545453,1,1,1,0,0,0,1,0,0,0,0,0,0,alto
4,10000.0,1,1.0,1,2,1,0,0,0,0,1,0,0,0,0,0,alto
7,10000.0,19,0.631578947368421,1,3,1,0,0,0,1,0,0,0,0,0,1,baixo
2,10000.0,0,0.0,1,1,1,0,0,0,0,0,0,1,0,0,0,baixo
7,10000.0,7,0.7142857142857143,1,1,1,0,0,0,0,0,0,0,0,1,0,alto
7,10000.0,8,0.625,2,4,1,0,0,0,0,0,1,1,1,1,0,medio_alto
5,10000.0,8,0.5,1,1,1,0,0,0,1,0,0,0,0,0,0,baixo
5,0.0,0,0.0,0,0,1,0,0,0,0,0,0,0,0,0,0,gratuito
4,150000.0,7,0.14285714285714285,1,4,1,0,0,0,1,1,1,1,0,0,0,baixo
1,0.0,0,0.0,0,0,1,0,0,0,0,0,0,0,0,0,0,gratuito
1,0.0,0,0.0,1,2,1,0,1,0,1,0,0,0,0,0,0,gratuito
8,10000.0,5,0.8,1,3,1,1,0,0,1,1,0,1,0,0,0,baixo
4,10000.0,3,1.0,8,2,1,0,0,6,0,0,0,0,0,0,1,medio_alto
7,10000.0,7,1.0,1,2,1,0,0,0,1,1,0,0,0,0,0,medio_baixo
1,10000.0,2,1.0,2,2,1,0,0,0,0,1,0,0,0,0,0,gratuito
3,10000.0,5,1.0,26,5,1,0,0,0,1,1,0,0,0,0,1,baixo
10,10000.0,20,0.35,1,1,1,0,0,0,0,1,0,0,0,0,0,medio_alto
1,10000.0,0,0.0,8,2,1,1,0,1,0,0,1,1,0,0,0,alto
7,10000.0,21,0.5714285714285714,9,5,1,0,0,0,1,1,1,1,0,0,0,medio_baixo
3,10000.0,98,0.5612244897959183,4,3,1,0,0,0,1,0,0,1,0,0,1,medio_baixo
8,10000.0,14,1.0,1,4,1,0,0,0,1,0,1,1,1,0,0,baixo
3,10000.0,3,0.6666666666666666,1,2,1,1,1,0,1,0,0,1,0,0,0,medio_baixo
8,10000.0,171,0.8245614035087719,6,3,1,1,1,1,1,1,1,0,0,0,0,baixo
2,10000.0,12,1.0,9,4,1,0,0,2,1,1,1,1,0,0,0,medio_alto
2,10000.0,3,1.0,1,2,1,0,0,0,1,1,0,0,0,0,0,medio_baixo
1,10000.0,0,0.0,12,4,1,0,0,0,1,1,1,0,1,0,0,medio_baixo
1,10000.0,0,0.0,1,3,1,0,0,0,1,0,0,1,1,0,0,medio_baixo
8,10000.0,18,0.7222222222222222,2,3,1,0,0,0,0,0,0,1,0,0,1,gratuito
7,10000.0,12,0.3333333333333333,3,3,1,0,0,0,0,1,1,0,0,1,0,medio_alto
2,10000.0,1,1.0,15,2,1,0,0,0,0,0,0,1,0,0,1,baixo
1,0.0,0,0.0,0,0,1,0,0,0,0,0,0,0,0,0,0,gratuito
6,10000.0,40,0.875,1,4,1,0,0,0,0,1,0,1,0,0,1,baixo
8,10000.0,46,0.5652173913043478,1,1,1,1,1,0,1,0,0,0,0,0,0,gratuito
1,10000.0,0,0.0,3,2,1,0,0,0,1,1,0,0,0,0,0,alto
1,10000.0,0,0.0,1,2,1,0,1,0,1,1,0,0,0,0,0,alto
6,10000.0,64,0.875,1,4,1,1,1,0,1,0,0,1,1,0,1,medio_alto
1,10000.0,0,0.0,1,3,1,0,0,0,1,1,1,0,0,0,0,baixo
5,750000.0,12943,0.9605964614077107,9,2,1,1,1,4,0,1,1,0,0,0,0,alto
1,10000.0,0,0.0,2,6,1,1,0,0,1,1,1,1,0,0,0,alto
10,350000.0,185,0.5027027027027027,1,2,1,0,0,0,1,1,0,0,0,0,0,baixo
3,0.0,0,0.0,1,7,1,0,0,0,0,1,1,1,1,1,0,gratuito
6,10000.0,0,0.0,1,2,1,0,0,2,1,0,0,1,0,0,0,baixo
2,0.0,0,0.0,0,0,1,0,0,0,0,0,0,0,0,0,0,gratuito
3,10000.0,0,0.0,103,4,1,0,0,0,1,0,1,1,0,0,1,baixo
4,10000.0,0,0.0,1,2,1,1,1,0,1,0,0,1,0,0,0,medio_alto
4,0.0,0,0.0,2,2,1,0,0,0,0,0,0,0,1,0,0,gratuito
8,10000.0,22,0.5,1,3,1,0,0,0,1,0,1,0,1,0,0,baixo
3,10000.0,5,1.0,2,2,1,0,0,0,1,0,1,0,0,0,0,medio_alto
4,35000.0,582,0.6718213058419243,5,3,1,1,0,0,1,0,1,0,0,0,1,alto
3,0.0,0,0.0,1,3,1,0,0,0,0,1,1,0,0,0,0,gratuito
9,10000.0,3,0.3333333333333333,4,1,1,0,0,0,0,0,0,1,0,0,0,medio_alto
4,0.0,0,0.0,0,0,1,0,0,0,0,0,0,0,0,0,0,gratuito
3,10000.0,3,0.6666666666666666,3,2,1,0,0,0,1,0,0,1,0,0,0,medio_baixo
8,10000.0,4,0.25,1,4,1,0,0,0,1,1,1,0,0,0,0,medio_alto
1,0.0,0,0.0,10,3,1,0,0,0,1,1,0,0,0,0,0,gratuito
4,35000.0,35,1.0,4,3,1,0,0,0,1,0,0,1,0,1,0,medio_baixo
5,10000.0,16,0.75,1,2,1,0,0,0,1,0,0,0,0,0,0,gratuito
10,10000.0,55,0.6545454545454545,1,3,1,1,1,0,1,0,1,0,0,0,1,alto
1,0.0,0,0.0,10,2,1,1,0,0,0,1,0,0,0,0,0,gratuito
2,10000.0,15,1.0,1,4,1,0,0,0,1,0,1,0,1,0,0,baixo
8,35000.0,289,0.9100346020761245,2,1,1,1,1,0,0,0,0,0,0,0,1,medio_baixo
4,10000.0,46,0.8478260869565217,4,3,1,0,0,0,1,0,0,1,0,0,1,baixo
1,10000.0,0,0.0,9,3,1,0,0,1,0,1,0,1,0,0,0,alto
3,0.0,0,0.0,0,0,1,0,0,0,0,0,0,0,0,0,0,gratuito
8,10000.0,12,0.5833333333333334,6,4,1,1,1,0,1,0,0,1,0,0,0,medio_alto
4,0.0,0,0.0,1,3,1,0,0,0,1,1,0,1,0,0,0,gratuito
8,10000.0,1,1.0,1,1,1,0,0,0,1,0,0,0,0,0,0,baixo
5,10000.0,17,0.47058823529411764,1,4,1,0,0,1,0,1,0,1,1,0,0,gratuito
5,10000.0,0,0.0,1,2,1,0,0,1,1,0,0,1,0,0,0,baixo
2,0.0,0,0.0,103,3,1,0,0,0,1,0,1,1,0,0,0,baixo
4,10000.0,15,0.5333333333333333,1,5,1,0,0,3,0,0,0,0,0,0,0,gratuito
4,10000.0,8,0.5,4,1,1,0,0,0,0,0,0,1,0,0,0,alto
8,10000.0,166,0.7951807228915663,2,3,1,0,0,1,1,0,1,1,0,0,0,baixo
4,10000.0,1,1.0,1,3,1,1,0,0,1,1,0,1,0,0,0,medio_alto
9,10000.0,4,1.0,1,1,1,0,0,0,0,1,0,0,0,0,0,medio_alto
17,750000.0,2091,0.8010521281683405,4,1,1,0,0,0,0,1,0,0,0,0,0,medio_baixo
1,10000.0,0,0.0,1,3,1,0,0,0,1,1,1,0,0,0,0,medio_baixo
4,10000.0,2,1.0,1,3,1,0,0,0,1,1,1,0,0,0,0,medio_baixo
8,10000.0,129,0.9069767441860465,1,2,1,0,0,0,1,0,0,1,0,0,0,medio_baixo
1,10000.0,1,1.0,1,3,1,0,1,0,1,1,1,0,0,0,0,baixo
11,350000.0,2521,0.7338357794525981,9,3,1,1,0,0,0,0,1,1,0,0,1,baixo
4,10000.0,7,0.7142857142857143,1,3,1,0,0,0,1,0,0,0,0,1,1,medio_alto
10,350000.0,937,0.5827107790821772,1,4,1,1,0,1,1,1,0,1,0,1,0,baixo
9,10000.0,265,0.8641509433962264,1,2,1,1,0,0,1,0,1,0,0,0,0,medio_alto
5,35000.0,15,1.0,4,3,1,0,0,0,1,0,0,1,0,1,0,medio_baixo
4,10000.0,78,0.9487179487179487,3,1,1,1,0,1,0,0,0,0,1,0,0,medio_alto
2,10000.0,3,0.6666666666666666,1,3,1,0,0,0,1,0,0,0,0,1,1,medio_baixo
3,0.0,0,0.0,0,0,1,0,0,0,0,0,0,0,0,0,0,gratuito
4,35000.0,153,0.41830065359477125,17,1,1,0,0,0,0,1,0,0,0,0,0,medio_alto
2,10000.0,6,0.5,1,5,1,0,0,0,1,1,1,0,1,0,0,gratuito
3,10000.0,204,0.7401960784313726,4,3,1,0,0,1,0,1,1,1,0,0,0,medio_alto
1,0.0,0,0.0,1,3,1,0,0,0,1,1,0,1,0,0,0,medio_alto
5,10000.0,69,0.8260869565217391,9,3,1,0,0,1,1,0,1,1,0,0,0,alto
2,10000.0,0,0.0,1,5,1,0,0,0,1,0,1,1,1,1,0,baixo
4,150000.0,44,0.6363636363636364,1,4,1,0,0,0,1,1,0,1,0,0,0,gratuito
4,10000.0,1,1.0,1,3,1,0,0,0,0,1,0,1,0,0,0,alto
5,10000.0,65,0.5846153846153846,2,3,1,0,0,0,1,1,1,0,0,0,0,baixo
3,0.0,0,0.0,0,0,1,0,0,0,0,0,0,0,0,0,0,gratuito
6,10000.0,34,0.8823529411764706,29,4,1,0,0,0,1,1,1,1,0,0,0,baixo
11,35000.0,87,0.4367816091954023,1,1,1,1,1,0,1,0,0,0,0,0,0,medio_alto
1,10000.0,0,0.0,1,2,1,0,0,0,0,0,0,0,0,1,1,baixo
4,10000.0,34,0.9705882352941176,1,5,1,0,1,2,1,1,1,0,1,0,0,gratuito
1,0.0,0,0.0,1,5,1,0,0,0,1,0,0,1,0,1,1,gratuito
1,10000.0,0,0.0,2,1,1,0,0,0,1,0,0,0,0,0,0,medio_alto
8,35000.0,184,0.9402173913043478,1,2,1,1,1,0,1,0,0,1,0,0,0,alto
3,35000.0,127,0.7007874015748031,9,2,1,0,0,0,1,0,1,0,0,0,0,medio_baixo
1,0.0,0,0.0,1,1,1,0,0,0,0,1,0,0,0,0,0,medio_baixo
10,75000.0,159,0.48427672955974843,27,3,1,1,1,1,1,0,1,1,0,0,0,baixo
10,350000.0,7258,0.7635712317442822,3,5,1,0,0,0,0,0,1,1,1,1,1,alto
7,10000.0,256,0.91796875,2,1,1,0,0,0,0,0,1,0,0,0,0,alto
5,10000.0,14,1.0,3,3,1,0,0,0,1,1,1,0,0,0,0,alto
7,10000.0,15,0.6,1,4,1,0,0,0,1,1,0,1,0,0,0,gratuito
4,10000.0,21,0.8571428571428571,1,2,1,0,0,0,0,0,1,1,0,0,0,medio_alto
1,0.0,0,0.0,2,2,1,0,0,0,1,0,0,1,0,0,0,medio_baixo
1,750000.0,14229,0.8951437205706655,11,2,1,0,0,1,1,0,1,0,0,0,0,medio_alto
1,10000.0,0,0.0,29,2,1,0,0,0,1,0,0,1,0,0,0,baixo
1,0.0,0,0.0,0,0,1,0,0,0,0,0,0,0,0,0,0,gratuito
6,75000.0,270,0.725925925925926,5,1,1,0,0,0,1,0,0,0,0,0,0,baixo
6,10000.0,3,1.0,1,2,1,0,0,0,1,1,0,0,0,0,0,medio_baixo
10,35000.0,27,0.8518518518518519,1,1,1,1,0,0,0,1,0,0,0,0,0,baixo
4,75000.0,86,0.872093023255814,7,3,1,0,0,0,1,0,1,1,0,0,0,baixo
10,10000.0,74,0.3108108108108108,1,1,1,0,0,1,0,0,1,0,0,0,0,alto
1,10000.0,0,0.0,14,4,1,1,1,0,1,0,0,1,0,1,1,medio_alto
9,35000.0,25,0.56,1,3,1,0,0,0,1,0,1,0,1,0,0,baixo
6,10000.0,0,0.0,29,1,1,0,0,1,0,0,0,0,0,0,1,medio_alto
1,10000.0,0,0.0,1,4,1,0,0,0,1,1,0,1,0,1,0,baixo
4,35000.0,693,0.847041847041847,9,4,1,0,0,0,0,0,0,1,0,1,0,alto
3,10000.0,2,0.5,1,2,1,1,0,0,0,0,1,1,0,0,0,medio_alto
4,10000.0,1,0.0,1,2,1,0,0,0,1,1,0,0,0,0,0,baixo
10,35000.0,124,0.8629032258064516,3,1,1,0,0,1,1,0,0,0,0,0,0,alto
5,75000.0,32,0.75,2,2,1,0,0,0,1,0,1,0,0,0,0,alto
9,10000.0,2,0.5,2,5,1,0,0,0,1,1,1,0,1,0,0,medio_baixo
8,35000.0,125,0.744,9,1,1,0,0,8,0,0,1,0,0,0,0,medio_alto
8,10000.0,50,0.76,27,3,1,0,0,0,1,0,0,1,0,1,0,baixo
3,1500000.0,24483,0.8275946575174611,6,2,1,0,0,0,0,1,0,0,1,0,0,alto
1,10000.0,2,1.0,30,6,1,0,0,0,1,0,1,1,0,0,1,baixo
2,0.0,0,0.0,0,0,1,0,0,0,0,0,0,0,0,0,0,gratuito
9,10000.0,96,0.5729166666666666,2,2,1,1,0,0,1,0,1,0,0,0,0,medio_alto
1,10000.0,0,0.0,1,3,1,0,0,0,1,1,0,1,0,0,0,baixo
3,10000.0,1,0.0,1,2,1,0,0,0,0,1,0,0,0,0,0,alto
2,0.0,0,0.0,0,0,1,0,0,0,0,0,0,0,0,0,0,gratuito
6,10000.0,16,1.0,4,3,1,0,1,0,1,0,0,1,0,1,0,baixo
6,10000.0,4,0.5,1,2,1,0,0,0,0,1,0,0,0,0,0,medio_alto
6,75000.0,321,0.8411214953271028,1,2,1,0,0,0,1,0,0,0,0,0,1,alto
4,350000.0,30,1.0,1,2,1,1,1,0,1,0,1,0,0,0,0,alto
5,10000.0,0,0.0,1,3,1,0,0,0,1,0,0,1,0,1,0,baixo
4,10000.0,0,0.0,3,6,1,0,0,0,1,1,1,1,1,0,0,medio_alto
11,150000.0,217,0.631336405529954,1,4,1,1,1,1,1,1,1,0,1,0,0,medio_alto
4,10000.0,2,0.5,1,6,1,0,0,0,1,0,1,1,1,1,1,medio_baixo
6,10000.0,11,0.8181818181818182,3,3,1,1,1,0,1,0,0,1,0,1,0,baixo
7,10000.0,0,0.0,1,1,1,0,0,0,0,0,0,0,1,0,0,medio_baixo
3,10000.0,18,0.6111111111111112,1,7,1,0,0,0,0,1,1,1,1,1,1,baixo
1,10000.0,0,0.0,15,2,1,0,0,0,1,1,0,0,0,0,0,medio_baixo
4,10000.0,144,0.7152777777777778,6,1,1,1,0,0,0,0,1,0,0,0,0,alto
6,750000.0,23430,0.9776781903542467,10,3,1,1,0,1,1,0,1,1,0,0,0,alto
3,10000.0,28,0.9285714285714286,1,2,1,0,0,0,1,0,1,0,0,0,0,medio_baixo
2,0.0,0,0.0,103,4,1,0,0,0,1,0,0,1,0,1,1,baixo
1,10000.0,0,0.0,2,3,1,0,0,0,1,0,1,1,0,0,0,baixo
8,10000.0,14,0.9285714285714286,1,2,1,0,0,0,1,0,1,0,0,0,0,medio_baixo
1,10000.0,8,1.0,1,3,1,0,0,0,1,1,0,1,0,0,0,baixo
1,0.0,0,0.0,1,4,1,0,0,10,1,1,1,0,0,0,0,gratuito
7,75000.0,120,0.5166666666666667,16,2,1,1,0,0,0,0,0,0,0,0,1,gratuito
8,10000.0,5,0.8,1,4,1,0,0,0,1,0,1,0,1,1,0,baixo
6,35000.0,63,0.7301587301587301,1,4,1,0,0,0,1,0,0,1,0,1,0,gratuito
17,150000.0,503,0.8508946322067594,1,2,1,0,0,0,1,1,0,0,0,0,0,gratuito
1,10000.0,0,0.0,1,2,1,0,0,0,1,0,0,1,0,0,0,alto
11,35000.0,55,0.7636363636363637,1,1,1,1,1,0,1,0,0,0,0,0,0,medio_alto
4,10000.0,15,0.8,1,3,1,0,0,0,0,1,1,0,1,0,0,medio_alto
10,35000.0,50,0.58,1,2,1,0,0,0,1,1,0,0,0,0,0,baixo
11,35000.0,375,0.9386666666666666,6,3,1,1,0,2,1,1,0,1,0,0,0,medio_baixo
9,10000.0,33,0.8787878787878788,1,2,1,0,0,1,0,0,0,0,1,1,0,alto
7,10000.0,287,0.8501742160278746,1,3,1,0,0,0,1,1,1,0,0,0,0,medio_baixo
9,350000.0,9726,0.9484885872917952,10,5,1,1,0,0,1,1,1,1,1,0,0,medio_baixo
4,0.0,0,0.0,1,3,1,0,0,0,0,1,1,0,0,0,0,gratuito
3,10000.0,0,0.0,8,2,1,0,1,1,0,0,0,1,1,0,0,medio_baixo
2,0.0,0,0.0,11,3,1,0,0,7,0,0,0,0,0,0,0,gratuito
2,10000.0,4,1.0,1,1,1,0,0,0,0,0,0,0,0,0,0,baixo
7,10000.0,17,0.8823529411764706,2,3,1,0,0,0,1,0,1,0,0,0,0,gratuito
3,0.0,0,0.0,103,4,1,0,0,0,1,0,0,1,0,0,1,baixo
4,10000.0,19,0.8421052631578947,1,3,1,1,0,0,1,0,0,0,0,1,1,alto
1,10000.0,0,0.0,1,4,1,0,0,0,1,0,0,1,1,0,1,alto
2,150000.0,7,0.5714285714285714,1,1,1,0,0,0,1,0,0,0,0,0,0,baixo
2,35000.0,778,0.9215938303341902,2,1,1,0,0,0,1,0,0,0,0,0,0,alto
1,0.0,0,0.0,1,2,1,1,1,1,1,0,0,0,0,0,0,gratuito
6,35000.0,30,0.6,1,4,1,0,0,0,1,0,1,0,1,1,0,alto
4,35000.0,32,0.4375,7,3,1,0,0,0,1,0,1,1,0,0,0,baixo
8,10000.0,6,0.8333333333333334,1,2,1,0,1,0,1,0,0,0,0,1,0,medio_baixo
3,10000.0,8,1.0,1,1,1,0,0,0,1,0,0,0,0,0,0,medio_baixo
11,35000.0,35,0.6,1,2,1,1,1,0,1,0,0,0,1,0,0,gratuito
1,0.0,0,0.0,0,0,1,0,0,0,0,0,0,0,0,0,0,gratuito
4,350000.0,6903,0.9721860060843112,9,4,1,1,0,4,1,1,1,0,1,0,0,alto
5,35000.0,17,0.8823529411764706,1,2,1,0,0,2,1,0,0,1,0,0,0,baixo
4,0.0,0,0.0,1,5,1,0,0,0,1,1,1,1,0,0,0,gratuito
4,10000.0,7,0.0,1,2,1,0,0,0,1,0,1,0,0,0,0,medio_baixo
8,10000.0,31,0.8709677419354839,1,1,1,1,0,1,0,0,1,0,0,0,0,baixo
1,10000.0,69,0.8695652173913043,10,4,1,0,0,0,1,1,0,1,1,0,0,medio_baixo
5,10000.0,2,1.0,2,2,1,0,0,0,1,0,0,0,0,0,1,baixo
9,10000.0,53,0.8490566037735849,1,3,1,0,0,0,1,0,0,1,0,0,0,gratuito
4,10000.0,5,0.6,1,2,1,0,0,0,1,1,0,0,0,0,0,medio_alto
2,10000.0,9,1.0,1,2,1,0,0,0,1,1,0,0,0,0,0,medio_baixo
5,10000.0,39,0.9743589743589743,1,1,1,1,1,0,0,0,0,1,0,0,0,medio_baixo
9,10000.0,2,0.5,2,4,1,1,0,0,1,1,0,0,0,0,0,gratuito
1,10000.0,0,0.0,4,4,1,1,0,0,1,1,0,1,1,0,0,medio_alto
5,10000.0,0,0.0,2,1,1,0,0,0,0,1,0,0,0,0,0,alto
3,10000.0,0,0.0,1,2,1,0,0,0,1,1,0,0,0,0,0,gratuito
8,75000.0,134,0.5746268656716418,5,3,1,1,0,0,1,0,0,0,0,1,0,gratuito
1,10000.0,0,0.0,2,1,1,0,0,0,1,0,0,0,0,0,0,alto
5,10000.0,2,0.5,2,3,1,0,0,0,1,0,1,1,0,0,0,baixo
1,10000.0,0,0.0,1,2,1,0,0,0,0,1,1,0,0,0,0,medio_baixo
2,350000.0,1191,0.7825356842989085,11,4,1,1,0,1,1,0,1,0,0,1,1,medio_baixo
4,0.0,0,0.0,1,3,1,0,0,0,0,0,1,1,0,0,0,gratuito
1,0.0,0,0.0,1,5,1,0,0,0,1,1,1,0,1,0,0,alto
2,10000.0,3,1.0,2,2,1,0,0,0,1,0,0,1,0,0,0,baixo
3,10000.0,30,0.7,2,1,1,0,0,0,0,0,1,0,0,0,0,medio_baixo
3,10000.0,0,0.0,1,3,1,1,1,0,1,0,0,1,1,0,0,medio_baixo
1,0.0,0,0.0,2,4,1,0,0,0,1,0,1,1,1,0,0,medio_alto
1,0.0,0,0.0,11,1,1,0,0,0,0,0,0,0,0,0,0,gratuito
9,35000.0,61,0.819672131147541,3,3,1,0,0,0,1,0,0,1,0,0,0,gratuito
7,150000.0,1438,0.8998609179415855,1,3,1,1,1,1,1,0,1,0,1,0,0,medio_baixo
10,35000.0,150,0.7333333333333333,2,3,1,0,0,0,1,1,0,0,1,0,0,baixo
2,10000.0,222,0.9279279279279279,1,3,1,0,0,1,1,1,1,0,0,0,0,alto
6,10000.0,578,0.9896193771626297,12,3,1,1,1,0,1,0,1,0,0,0,1,medio_baixo
3,10000.0,4,1.0,2,5,1,0,0,0,1,1,1,1,0,0,0,medio_baixo
1,10000.0,0,0.0,1,2,1,0,0,0,1,0,0,0,0,1,0,medio_alto
10,10000.0,9,0.5555555555555556,2,3,1,1,0,0,1,1,0,1,0,0,0,alto
4,10000.0,0,0.0,1,1,1,0,0,0,0,0,0,0,1,0,0,medio_alto
1,0.0,0,0.0,27,5,1,0,0,0,1,1,0,0,1,1,0,medio_baixo
1,0.0,0,0.0,1,1,1,0,0,0,0,0,1,0,0,0,0,medio_baixo
2,10000.0,0,0.0,1,1,1,0,0,0,0,0,0,1,0,0,0,medio_baixo
8,10000.0,23,0.21739130434782608,2,1,1,1,1,3,1,0,0,0,0,0,0,baixo
1,0.0,0,0.0,1,3,1,0,0,0,0,1,1,0,0,0,0,gratuito
10,10000.0,39,0.7435897435897436,2,1,1,0,0,0,0,0,0,1,0,0,0,gratuito
4,0.0,0,0.0,0,0,1,0,0,0,0,0,0,0,0,0,0,gratuito
3,10000.0,18,0.9444444444444444,2,3,1,0,0,0,1,0,1,0,0,0,0,medio_baixo
5,0.0,0,0.0,1,3,1,0,0,0,0,1,0,0,0,0,0,gratuito
9,1500000.0,696,0.9109195402298851,1,2,1,0,0,0,0,0,0,0,0,0,0,gratuito
8,10000.0,7,0.8571428571428571,2,1,1,1,0,1,0,0,0,0,1,0,0,alto
2,0.0,0,0.0,1,4,1,0,0,0,1,0,1,1,0,0,0,gratuito
10,750000.0,10652,0.8280135185880586,8,3,1,1,1,0,1,0,1,0,0,1,0,medio_alto
1,10000.0,0,0.0,1,3,1,0,0,0,1,1,1,0,0,0,0,baixo
3,10000.0,3,0.3333333333333333,2,5,1,0,0,0,1,1,1,0,1,1,0,baixo
1,0.0,0,0.0,0,0,1,0,0,0,0,0,0,0,0,0,0,gratuito
1,0.0,0,0.0,3,2,1,0,0,0,0,0,0,0,1,0,1,alto
2,10000.0,19,0.15789473684210525,1,3,1,0,0,0,1,0,0,0,0,1,1,alto
3,10000.0,94,0.8191489361702128,4,2,1,0,0,0,0,0,0,0,1,1,0,alto
1,10000.0,0,0.0,1,2,1,0,0,0,0,0,1,0,1,0,0,alto
1,0.0,0,0.0,76,2,1,0,0,0,1,0,0,1,0,0,0,medio_baixo
3,10000.0,0,0.0,1,2,1,0,0,0,1,0,0,1,0,0,0,medio_alto
3,10000.0,8,1.0,2,3,1,0,0,0,1,1,1,0,0,0,0,baixo
2,10000.0,88,0.75,3,1,1,0,0,0,0,0,0,0,1,0,0,alto
6,10000.0,59,0.423728813559322,2,1,1,0,0,1,1,0,0,0,0,0,0,baixo
4,10000.0,3,1.0,1,3,1,0,0,0,1,1,1,0,0,0,0,medio_alto
1,10000.0,0,0.0,1,1,1,0,0,0,0,0,0,1,0,0,0,medio_baixo
8,10000.0,211,0.8957345971563981,11,3,1,1,1,0,1,0,0,1,0,1,0,medio_baixo
8,35000.0,75,0.6266666666666667,2,2,1,0,0,1,1,0,0,1,0,0,0,baixo
2,10000.0,0,0.0,12,3,1,1,1,0,1,0,0,1,0,1,0,baixo
6,10000.0,3,1.0,1,3,1,0,0,0,1,1,0,1,0,0,0,baixo
1,10000.0,0,0.0,3,3,1,0,0,0,1,0,0,0,1,1,0,medio_alto
8,35000.0,70,0.6857142857142857,1,3,1,0,0,0,1,1,1,0,0,0,0,baixo
3,10000.0,0,0.0,1,2,1,0,0,0,0,0,0,1,0,1,0,gratuito
1,10000.0,0,0.0,4,2,1,0,0,0,0,0,1,1,0,0,0,alto
10,35000.0,826,0.7832929782082324,1,4,1,1,1,1,1,0,0,0,1,0,1,alto
1,0.0,0,0.0,1,5,1,0,0,0,1,1,1,1,0,0,0,gratuito
1,10000.0,0,0.0,5,2,1,0,0,0,1,0,0,0,0,0,1,alto
2,10000.0,5,0.8,6,1,1,0,0,0,1,0,0,0,0,0,0,medio_baixo
4,10000.0,0,0.0,1,2,1,0,0,0,1,1,0,0,0,0,0,gratuito
3,10000.0,40,0.875,1,3,1,0,0,0,1,0,0,1,1,0,0,baixo
8,10000.0,64,0.875,2,1,1,0,0,0,0,1,0,0,0,0,0,medio_alto
1,10000.0,0,0.0,1,8,1,0,0,0,1,1,1,1,1,1,1,medio_alto
4,10000.0,2,0.5,8,3,1,0,0,0,1,0,0,1,0,1,0,medio_baixo
9,750000.0,9151,0.7454922959239427,14,4,1,1,0,0,1,0,0,1,1,0,1,medio_baixo
2,0.0,0,0.0,1,2,1,0,0,0,0,1,0,0,0,0,0,gratuito
7,10000.0,179,0.9050279329608939,1,4,1,0,0,1,1,1,1,0,1,0,0,baixo
3,0.0,0,0.0,1,2,1,0,0,0,0,0,0,1,0,0,1,gratuito
3,10000.0,0,0.0,2,4,1,0,0,3,1,1,1,0,1,0,0,alto
1,10000.0,2,0.5,2,3,1,0,0,0,1,1,1,0,0,0,0,medio_alto
13,75000.0,494,0.6740890688259109,1,1,1,1,1,0,0,0,1,0,0,0,0,gratuito
5,75000.0,4543,0.7886858903808056,15,3,1,1,1,4,1,0,0,0,1,1,0,medio_alto
1,10000.0,82,0.47560975609756095,3,3,1,0,0,10,0,0,1,0,1,1,0,alto
1,10000.0,0,0.0,27,2,1,0,0,0,1,0,0,1,0,0,0,medio_alto
2,150000.0,4696,0.9725298126064736,7,3,1,0,0,0,1,0,0,1,0,1,0,alto
6,10000.0,95,0.8526315789473684,9,1,1,1,0,1,0,0,0,0,0,0,0,medio_baixo
2,10000.0,31,0.9032258064516129,1,3,1,0,0,0,1,1,0,0,0,0,1,medio_baixo
2,10000.0,5,0.8,1,2,1,0,0,0,0,0,0,0,0,0,1,alto
5,0.0,0,0.0,0,0,1,0,0,0,0,0,0,0,0,0,0,gratuito
2,10000.0,2,1.0,1,3,1,0,0,0,1,0,1,0,1,0,0,alto
5,10000.0,130,0.9230769230769231,11,5,1,1,1,1,1,1,1,0,1,1,0,alto
3,10000.0,20,0.95,9,3,1,0,0,0,1,1,0,1,0,0,0,baixo
10,10000.0,5,0.4,1,1,1,0,0,0,0,0,0,0,0,0,0,alto
1,0.0,0,0.0,0,0,1,0,0,0,0,0,0,0,0,0,0,gratuito
5,10000.0,7,1.0,1,5,1,1,1,0,1,1,1,1,1,0,0,medio_alto
10,10000.0,20,0.85,1,4,1,0,0,0,1,1,0,0,0,0,0,alto
2,10000.0,2,1.0,1,2,1,0,0,0,0,1,0,0,0,0,0,alto
2,10000.0,22,0.45454545454545453,7,2,1,0,0,0,1,0,0,1,0,0,0,baixo
7,10000.0,3,0.0,1,3,1,0,0,0,1,1,0,0,0,0,1,medio_alto
4,10000.0,9,0.7777777777777778,1,1,1,0,0,0,0,0,0,0,0,0,1,gratuito
7,10000.0,6,0.3333333333333333,2,4,1,0,0,0,1,1,1,0,1,0,0,alto
2,0.0,0,0.0,0,0,1,0,0,0,0,0,0,0,0,0,0,gratuito
1,0.0,0,0.0,12,3,1,0,0,0,0,0,0,0,1,1,0,gratuito
1,10000.0,3,1.0,1,4,1,0,0,0,1,1,1,1,0,0,0,baixo
1,0.0,0,0.0,0,0,1,0,0,0,0,0,0,0,0,0,0,gratuito
7,35000.0,6,0.5,1,2,1,0,0,0,1,0,0,1,0,0,0,baixo
10,750000.0,13113,0.7230229543201403,26,2,1,0,0,0,0,1,0,0,0,0,0,alto
5,10000.0,14,0.9285714285714286,1,1,1,1,1,0,0,0,0,0,0,1,0,alto
3,0.0,0,0.0,0,0,1,0,0,0,0,0,0,0,0,0,0,gratuito
9,10000.0,58,0.9482758620689655,1,2,1,0,0,0,1,0,0,0,1,0,0,gratuito
5,0.0,0,0.0,0,0,1,0,0,0,0,0,0,0,0,0,0,gratuito
7,0.0,0,0.0,9,1,1,0,0,0,1,0,0,0,0,0,0,medio_alto
7,10000.0,6,0.6666666666666666,2,2,1,0,0,0,0,1,0,0,1,0,0,medio_baixo
3,10000.0,4,1.0,1,1,1,0,0,0,0,0,1,0,0,0,0,baixo
7,10000.0,3,1.0,1,3,1,0,0,0,1,1,0,1,0,0,0,baixo
6,10000.0,44,0.7045454545454546,3,2,1,0,0,0,1,1,0,0,0,0,0,medio_alto
17,10000.0,11,0.9090909090909091,1,2,1,0,0,0,0,0,0,1,0,0,1,medio_baixo
5,10000.0,0,0.0,9,2,1,0,1,0,1,0,0,1,0,0,0,baixo
7,750000.0,4602,0.7307692307692307,6,2,1,0,0,1,0,0,1,0,1,0,0,alto
2,0.0,0,0.0,0,0,1,0,0,0,0,0,0,0,0,0,0,gratuito
1,0.0,0,0.0,1,4,1,0,0,0,0,1,1,0,1,0,0,medio_alto
12,150000.0,888,0.8592342342342343,6,1,1,0,0,0,0,0,0,0,0,1,0,baixo
1,10000.0,0,0.0,4,2,1,0,0,0,1,0,0,0,0,0,0,baixo
3,10000.0,138,0.8840579710144928,1,7,1,0,0,0,1,1,1,1,1,1,1,baixo
1,10000.0,0,0.0,2,3,1,0,0,0,1,0,1,1,0,0,0,baixo
8,10000.0,29,0.8275862068965517,1,2,1,0,0,0,0,1,1,0,0,0,0,medio_alto
3,0.0,0,0.0,1,2,1,0,0,0,0,1,0,0,0,0,0,gratuito
9,10000.0,7,0.42857142857142855,1,4,1,0,0,0,0,1,0,1,0,0,1,alto
1,0.0,0,0.0,1,2,1,0,0,0,0,0,0,1,0,0,0,gratuito
12,10000.0,649,0.938366718027735,11,1,1,1,0,0,1,0,0,0,0,0,0,medio_alto
4,10000.0,14,0.5714285714285714,1,5,1,0,0,0,1,0,1,1,0,0,1,baixo
1,10000.0,0,0.0,1,4,1,0,0,0,1,0,1,1,0,0,0,medio_baixo
2,10000.0,8,0.875,2,2,1,0,0,0,0,0,0,1,0,0,1,alto
8,75000.0,186,0.7096774193548387,1,2,1,0,0,0,1,0,0,1,0,0,0,baixo
5,750000.0,6427,0.8486074373735802,15,3,1,0,0,4,1,1,0,1,0,0,0,medio_baixo
6,10000.0,569,0.804920913884007,1,3,1,0,0,0,1,1,1,0,0,0,0,medio_baixo
1,10000.0,0,0.0,6,3,1,0,0,1,1,0,0,1,0,0,1,alto
3,10000.0,4,0.75,12,4,1,0,0,0,1,0,1,1,0,0,1,medio_alto
5,0.0,0,0.0,1,4,1,0,0,0,1,0,1,1,0,0,0,gratuito
2,0.0,0,0.0,0,0,1,0,0,0,0,0,0,0,0,0,0,gratuito
7,35000.0,29,0.6206896551724138,2,3,1,0,0,0,1,0,1,0,0,0,1,baixo
1,10000.0,462,0.8376623376623377,16,3,1,0,0,0,1,0,0,0,1,0,1,alto
5,10000.0,44,0.6136363636363636,9,3,1,0,0,0,1,1,1,0,0,0,0,alto
1,0.0,0,0.0,0,0,1,0,0,0,0,0,0,0,0,0,0,gratuito
3,10000.0,4,1.0,1,5,1,0,0,0,1,1,1,1,1,0,0,baixo
3,10000.0,2,0.0,2,3,1,0,0,0,0,0,0,1,1,0,1,medio_baixo
3,10000.0,86,0.9651162790697675,8,2,1,0,0,1,1,0,1,0,0,0,0,medio_baixo
2,10000.0,149,0.8456375838926175,16,4,1,0,0,0,1,1,1,0,1,0,0,medio_alto
8,10000.0,2,1.0,1,4,1,0,0,0,1,1,0,0,0,1,0,alto
10,10000.0,23,0.8695652173913043,6,1,1,1,0,3,1,0,0,0,0,0,0,alto
6,35000.0,57,0.7368421052631579,2,3,1,0,0,0,1,0,1,1,0,0,0,medio_alto
3,75000.0,1760,0.9630681818181818,1,1,1,0,0,0,0,1,0,0,0,0,0,medio_alto
3,10000.0,18,0.7222222222222222,2,4,1,0,0,0,1,1,1,1,0,0,0,medio_baixo
2,10000.0,8,0.875,8,4,1,1,0,0,1,1,0,1,0,0,0,medio_baixo
7,10000.0,111,0.9369369369369369,1,3,1,0,0,0,1,1,0,1,0,0,0,medio_baixo
9,35000.0,36,0.9166666666666666,1,1,1,1,1,0,0,1,0,0,0,0,0,medio_baixo
1,10000.0,0,0.0,2,4,1,0,0,0,1,1,1,0,1,0,0,alto
8,10000.0,12,0.5,1,1,1,0,0,0,0,1,0,0,0,0,0,baixo
9,10000.0,3,1.0,1,3,1,0,0,0,1,1,0,0,0,0,0,alto
4,10000.0,0,0.0,1,4,1,0,0,0,0,0,0,1,0,1,1,gratuito
5,10000.0,16,0.875,1,2,1,0,0,0,0,0,0,0,0,0,1,gratuito
8,10000.0,2,1.0,1,1,1,0,0,0,0,0,0,0,1,0,0,medio_baixo
8,10000.0,8,1.0,3,3,1,0,0,0,1,1,0,1,0,0,0,medio_baixo
4,10000.0,1,1.0,1,2,1,0,0,0,1,0,0,1,0,0,0,medio_baixo
5,10000.0,7,0.8571428571428571,1,3,1,0,0,0,1,0,1,0,0,0,1,medio_baixo
1,10000.0,486,0.9506172839506173,1,5,1,0,0,3,1,0,1,0,1,1,1,alto
8,10000.0,4,0.25,1,2,1,1,1,0,1,1,0,0,0,0,0,baixo
6,10000.0,0,0.0,1,5,1,0,0,0,1,0,1,0,1,1,1,medio_baixo
9,10000.0,60,0.5333333333333333,3,3,1,0,0,0,0,1,1,0,1,0,0,alto
4,10000.0,64,0.6875,8,3,1,0,0,1,1,0,0,1,0,0,1,alto
10,10000.0,8,0.5,1,3,1,0,0,0,1,0,0,0,0,0,1,medio_alto
3,10000.0,119,0.8907563025210085,4,4,1,0,0,0,1,0,1,1,0,0,1,alto
1,10000.0,15,1.0,6,1,1,1,1,0,0,0,0,1,0,0,0,medio_baixo
13,75000.0,613,0.8058727569331158,21,2,1,0,0,0,0,0,0,0,0,0,0,alto
6,10000.0,43,0.7674418604651163,2,2,1,0,0,0,1,0,0,1,0,0,0,medio_baixo
2,10000.0,0,0.0,5,3,1,0,0,0,1,0,0,1,0,0,1,medio_baixo
7,75000.0,117,0.6324786324786325,1,2,1,0,0,0,0,1,0,0,0,0,0,gratuito
3,10000.0,0,0.0,10,1,1,1,1,0,0,0,0,1,0,0,0,medio_baixo
7,75000.0,393,0.8396946564885496,7,2,1,0,0,0,1,0,0,1,0,0,0,medio_baixo
10,3500000.0,85562,0.9545008298076249,11,3,1,0,1,0,1,1,1,0,0,0,0,medio_alto
2,35000.0,435,0.7816091954022989,11,7,1,0,0,1,1,1,1,1,0,0,1,alto
2,10000.0,2,1.0,1,4,1,0,0,0,1,1,0,0,1,0,0,baixo
1,10000.0,0,0.0,7,3,1,0,0,0,1,0,0,1,0,0,0,alto
1,10000.0,0,0.0,1,2,1,0,0,0,1,0,0,1,0,0,0,medio_baixo
5,10000.0,40,0.6,2,4,1,0,0,2,1,0,1,1,1,0,0,medio_baixo
4,35000.0,4,1.0,1,3,1,1,1,0,1,0,0,1,0,1,0,medio_baixo
6,10000.0,29,0.8275862068965517,2,2,1,0,0,0,1,0,1,0,0,0,0,baixo
7,35000.0,219,0.776255707762557,9,2,1,0,0,0,1,0,1,0,0,0,0,medio_alto
9,10000.0,39,0.6923076923076923,2,3,1,0,0,0,1,0,0,0,1,0,1,baixo
6,10000.0,12,0.9166666666666666,1,1,1,0,0,0,1,0,0,0,0,0,0,baixo
12,150000.0,878,0.8599088838268792,2,2,1,1,1,1,1,0,1,0,0,0,0,medio_alto
9,10000.0,97,0.9278350515463918,1,2,1,0,0,2,0,0,1,0,1,0,0,medio_baixo
11,10000.0,224,0.7857142857142857,1,2,1,0,0,0,1,1,0,0,0,0,0,medio_baixo
4,0.0,0,0.0,1,3,1,0,0,0,1,1,0,0,0,0,1,gratuito
2,10000.0,97,0.8969072164948454,9,2,1,0,0,0,0,0,0,0,0,0,1,medio_alto
1,10000.0,0,0.0,17,6,1,0,0,0,0,1,1,1,1,0,1,alto
1,10000.0,0,0.0,1,5,1,0,0,0,1,1,1,0,1,0,0,alto
7,350000.0,7695,0.8093567251461988,4,6,1,0,0,1,1,1,1,1,1,1,0,baixo
2,10000.0,1,1.0,1,1,1,0,0,0,0,1,0,0,0,0,0,medio_alto
2,10000.0,0,0.0,2,2,1,0,0,0,1,0,0,1,0,0,0,alto
19,150000.0,382,0.6047120418848168,1,2,1,0,0,0,1,0,0,1,0,0,0,medio_alto
2,0.0,0,0.0,1,3,1,1,0,0,1,0,0,1,0,0,0,gratuito
5,10000.0,14,1.0,1,3,1,0,0,0,1,1,0,1,0,0,0,baixo
1,10000.0,0,0.0,2,2,1,0,0,0,0,0,0,0,0,1,0,alto
2,0.0,0,0.0,4,2,1,0,0,0,0,0,1,0,0,0,0,gratuito
4,10000.0,2,1.0,1,3,1,0,0,0,1,0,1,1,0,0,0,medio_baixo
1,10000.0,0,0.0,11,4,1,1,1,0,1,0,0,1,0,1,1,medio_alto
6,3500000.0,67080,0.8811121049493142,10,3,1,1,1,18,1,0,0,1,0,0,0,baixo
1,10000.0,0,0.0,2,2,1,0,0,1,0,0,1,0,1,0,0,alto
1,10000.0,0,0.0,21,3,1,0,0,0,0,0,1,1,1,0,0,baixo
1,0.0,0,0.0,103,2,1,0,1,0,1,0,0,1,0,0,0,baixo
1,10000.0,0,0.0,3,5,1,0,0,0,1,1,1,0,0,1,1,alto
1,10000.0,17,0.8235294117647058,1,4,1,0,0,0,1,1,1,0,0,0,1,baixo
7,10000.0,127,0.8503937007874016,103,3,1,0,0,0,1,1,0,0,0,1,0,baixo
4,10000.0,94,1.0,2,2,1,0,1,2,1,0,0,1,0,0,0,alto
6,10000.0,54,0.8518518518518519,3,3,1,0,0,0,1,0,0,1,0,1,0,medio_alto
1,10000.0,0,0.0,1,5,1,0,0,0,1,1,1,0,1,0,0,alto
1,10000.0,132,0.9696969696969697,1,3,1,1,0,0,1,0,1,0,1,0,0,alto
3,10000.0,60,0.7166666666666667,6,5,1,0,0,0,1,0,0,1,0,1,1,medio_alto
9,10000.0,25,0.88,1,3,1,0,0,0,1,0,1,0,1,0,0,baixo
1,10000.0,2,0.5,5,2,1,0,0,0,1,0,0,1,0,0,0,medio_baixo
1,10000.0,43,0.9767441860465116,2,1,1,0,0,1,0,0,1,0,0,0,0,alto
4,10000.0,39,0.8974358974358975,8,3,1,0,0,0,1,1,1,0,0,0,0,medio_baixo
3,10000.0,2,1.0,2,1,1,0,0,0,0,1,0,0,0,0,0,baixo
1,0.0,0,0.0,10,3,1,0,0,0,1,0,0,1,0,0,0,gratuito
8,10000.0,21,0.8095238095238095,1,3,1,1,1,0,1,0,1,0,1,0,0,medio_alto
1,0.0,0,0.0,2,2,1,0,0,0,0,0,1,1,0,0,0,medio_alto
4,0.0,0,0.0,1,2,1,0,0,0,1,0,1,0,0,0,0,gratuito
8,10000.0,6,0.5,1,2,1,0,0,0,0,1,0,0,0,0,0,gratuito
4,10000.0,2,0.0,1,5,1,0,0,0,1,1,1,0,1,0,0,alto
2,0.0,0,0.0,0,0,1,0,0,0,0,0,0,0,0,0,0,gratuito
1,0.0,0,0.0,3,3,1,0,0,0,1,0,0,1,0,0,1,baixo
7,10000.0,2,0.0,1,4,1,0,0,0,1,0,0,1,0,0,1,alto
5,10000.0,29,0.9310344827586207,4,1,1,1,0,1,1,0,0,0,0,0,0,medio_alto
4,75000.0,19,0.8421052631578947,1,1,1,0,0,0,0,1,0,0,0,0,0,alto
2,10000.0,18,0.8333333333333334,1,4,1,0,0,0,1,0,0,1,0,1,0,gratuito
11,10000.0,91,0.8461538461538461,9,2,1,0,0,0,0,0,1,1,0,0,0,baixo
1,10000.0,5,1.0,3,2,1,0,0,0,0,0,0,0,0,1,1,baixo
1,10000.0,0,0.0,3,1,1,0,0,0,1,0,0,0,0,0,0,medio_alto
5,10000.0,371,0.6469002695417789,1,6,1,0,0,0,1,1,1,1,1,0,1,baixo
1,0.0,0,0.0,0,0,1,0,0,0,0,0,0,0,0,0,0,gratuito
3,0.0,0,0.0,103,1,1,0,0,0,0,0,0,0,0,0,1,alto
2,10000.0,1,1.0,1,2,1,0,0,0,1,0,1,0,0,0,0,medio_baixo
8,75000.0,19,0.8947368421052632,1,4,1,0,0,1,1,0,1,0,1,0,0,gratuito
2,10000.0,15,0.8,10,3,1,0,0,0,1,0,1,1,0,0,0,medio_baixo
3,75000.0,627,0.7129186602870813,6,4,1,0,0,0,1,1,0,1,0,1,0,medio_alto
5,150000.0,299,0.8862876254180602,8,1,1,0,0,0,1,0,0,0,0,0,0,medio_baixo
1,0.0,0,0.0,1,2,1,1,1,0,0,1,0,0,0,0,0,medio_baixo
1,0.0,0,0.0,0,0,1,0,0,0,0,0,0,0,0,0,0,gratuito
3,0.0,0,0.0,2,4,1,0,0,0,1,1,1,0,0,0,0,gratuito
1,10000.0,11,1.0,1,1,1,0,0,0,1,0,0,0,0,0,0,medio_alto
1,0.0,0,0.0,1,1,1,1,1,0,0,0,0,1,0,0,0,baixo
4,10000.0,112,0.9107142857142857,3,1,1,0,0,0,0,0,0,0,0,0,1,alto
3,10000.0,51,0.9019607843137255,1,4,1,1,0,0,1,0,1,1,0,0,0,gratuito
15,750000.0,5838,0.8854059609455293,5,1,1,0,0,3,0,0,0,0,0,1,0,medio_baixo
11,35000.0,233,0.776824034334764,1,2,1,1,1,1,1,1,0,0,0,0,0,medio_alto
6,150000.0,5018,0.9453965723395775,11,4,1,0,0,0,1,1,0,1,0,0,1,medio_baixo
2,10000.0,681,0.7635829662261381,4,2,1,0,0,0,0,0,1,1,0,0,0,alto
1,0.0,0,0.0,0,0,1,0,0,0,0,0,0,0,0,0,0,gratuito
2,10000.0,11,1.0,1,3,1,0,0,0,0,1,0,1,0,0,0,medio_alto
1,0.0,0,0.0,3,3,1,0,1,0,1,1,0,0,0,0,1,medio_baixo
1,0.0,0,0.0,1,3,1,0,0,0,1,0,0,0,0,0,0,gratuito
8,10000.0,29,0.8620689655172413,3,3,1,0,0,0,1,0,0,1,0,0,0,gratuito
8,10000.0,18,0.7777777777777778,7,2,1,1,1,0,1,1,0,0,0,0,0,alto
1,0.0,0,0.0,3,4,1,0,1,0,1,1,1,0,0,0,0,medio_alto
7,10000.0,9,0.6666666666666666,1,2,1,0,0,0,1,1,0,0,0,0,0,baixo
9,350000.0,6241,0.966992469155584,1,2,1,1,1,0,1,0,0,0,0,1,0,medio_baixo
4,0.0,0,0.0,0,0,1,0,0,0,0,0,0,0,0,0,0,gratuito
4,10000.0,6,0.6666666666666666,4,1,1,0,0,0,0,0,0,1,0,0,0,alto
1,10000.0,0,0.0,1,4,1,0,1,0,0,1,0,1,0,0,1,alto
6,10000.0,7,1.0,1,3,1,0,0,0,1,0,0,1,0,0,1,medio_baixo
3,0.0,0,0.0,103,7,1,0,0,0,1,1,1,1,0,0,1,medio_baixo
5,10000.0,20,0.65,0,2,1,0,0,0,1,0,0,1,0,0,0,alto
2,10000.0,18,1.0,1,2,1,0,1,0,1,0,1,0,0,0,0,medio_alto
9,10000.0,23,0.5652173913043478,1,1,1,0,0,0,0,0,0,0,0,0,0,gratuito
2,10000.0,2,0.5,5,6,1,0,0,0,1,1,0,1,1,1,1,medio_alto
9,35000.0,173,0.5086705202312138,2,4,1,1,1,0,1,0,0,1,0,1,1,baixo
2,0.0,0,0.0,1,6,1,1,0,0,1,0,1,1,1,0,1,gratuito
1,0.0,0,0.0,1,3,1,0,0,0,1,1,0,0,0,0,0,gratuito
8,10000.0,0,0.0,1,3,1,0,0,0,1,1,0,0,0,0,0,baixo
5,35000.0,37,0.7567567567567568,1,3,1,1,1,0,1,0,0,1,0,0,1,medio_baixo
4,10000.0,2,1.0,2,2,1,0,0,0,1,1,0,0,0,0,0,medio_alto
8,10000.0,15,0.8,1,1,1,0,0,0,0,0,1,0,0,0,0,alto
7,750000.0,13154,0.9522578683290254,16,4,1,0,0,1,1,1,1,0,1,0,0,medio_alto
9,10000.0,21,0.6190476190476191,1,3,1,0,0,0,1,0,1,1,0,0,0,medio_alto
1,10000.0,2,0.5,2,1,1,0,0,0,0,1,0,0,0,0,0,medio_baixo
5,10000.0,0,0.0,1,2,1,0,0,2,1,0,0,1,0,0,0,baixo
11,35000.0,258,0.39147286821705424,1,5,1,1,0,0,1,1,1,0,0,0,1,medio_alto
2,0.0,0,0.0,0,0,1,0,0,0,0,0,0,0,0,0,0,gratuito
1,35000.0,53,0.9245283018867925,1,3,1,0,0,0,1,1,0,1,0,0,0,medio_baixo
1,10000.0,0,0.0,1,2,1,0,0,0,1,0,0,0,0,0,0,medio_alto
3,10000.0,20,0.9,1,1,1,1,0,0,0,0,0,1,0,0,0,medio_alto
9,10000.0,25,0.52,1,3,1,0,0,0,0,1,0,0,1,0,0,gratuito
8,1500000.0,15197,0.7650194117259985,14,3,1,0,0,3,0,1,1,0,1,0,0,medio_alto
1,0.0,0,0.0,3,5,1,1,0,0,1,0,0,1,0,1,0,gratuito
9,35000.0,32,0.8125,2,2,1,0,1,0,0,0,0,0,1,1,0,alto
2,10000.0,6,1.0,1,3,1,1,0,1,1,1,1,0,0,0,0,medio_alto
2,35000.0,23,0.8695652173913043,1,5,1,1,0,0,1,1,1,0,0,0,0,gratuito
7,35000.0,29,0.7586206896551724,2,7,1,0,0,0,1,1,1,1,0,0,0,gratuito
3,10000.0,0,0.0,1,6,1,0,0,0,1,1,0,1,1,1,1,baixo
4,10000.0,16,0.9375,1,1,1,0,0,0,1,0,0,0,0,0,0,gratuito
2,10000.0,7,1.0,8,3,1,0,0,0,1,1,1,0,0,0,0,medio_alto
10,35000.0,207,0.7584541062801933,1,2,1,0,0,0,1,0,0,1,0,0,0,gratuito
6,10000.0,0,0.0,1,3,1,0,0,0,1,0,0,0,1,0,1,alto
3,35000.0,102,0.9705882352941176,1,2,1,1,1,0,1,0,0,1,0,0,0,medio_alto
2,10000.0,6,0.6666666666666666,2,6,1,0,0,0,1,1,0,1,0,1,1,alto
3,35000.0,48,0.5208333333333334,2,1,1,0,0,0,0,0,0,0,0,0,1,medio_baixo
9,150000.0,311,0.8231511254019293,8,4,1,0,0,0,1,1,1,0,0,0,0,gratuito
8,10000.0,3,0.6666666666666666,1,4,1,0,0,0,1,0,1,0,0,0,0,alto
5,10000.0,9,0.3333333333333333,1,1,1,1,1,1,0,0,0,1,0,0,0,baixo
3,35000.0,6,0.8333333333333334,1,2,1,0,0,2,1,0,1,0,0,0,0,baixo
2,10000.0,494,0.3805668016194332,6,2,1,0,0,2,0,0,0,0,0,1,1,alto
7,75000.0,430,0.727906976744186,9,2,1,0,0,2,1,0,1,0,0,0,0,medio_alto
3,10000.0,6,0.3333333333333333,26,2,1,0,0,0,1,0,0,0,0,1,0,baixo
4,10000.0,85,0.9176470588235294,2,3,1,0,0,1,1,1,1,0,0,0,0,medio_alto
3,10000.0,1,1.0,1,4,1,0,0,0,0,1,1,0,1,1,0,alto
7,10000.0,2,0.5,2,4,1,0,0,0,1,1,0,0,1,1,0,medio_alto
7,10000.0,103,0.3300970873786408,1,5,1,0,0,0,1,1,1,1,0,1,0,baixo
4,75000.0,74,0.9324324324324325,1,3,1,0,0,1,1,0,1,0,1,0,0,medio_baixo
4,10000.0,7,1.0,1,2,1,0,0,0,0,1,0,1,0,0,0,medio_baixo
5,75000.0,2,0.5,1,1,1,0,0,0,0,0,0,0,0,0,0,baixo
4,75000.0,202,0.8465346534653465,2,3,1,0,0,0,1,0,1,0,1,0,0,baixo
5,10000.0,3,1.0,2,2,1,0,0,0,0,1,0,0,0,1,0,alto
3,10000.0,35,0.8285714285714286,1,5,1,0,0,0,1,1,0,1,1,0,1,baixo
3,10000.0,7,1.0,1,2,1,0,0,0,1,0,0,0,0,1,0,medio_baixo
1,0.0,0,0.0,0,0,1,0,0,0,0,0,0,0,0,0,0,gratuito
3,10000.0,6,0.5,2,5,1,0,0,0,1,0,1,1,1,1,0,medio_alto
2,10000.0,15,0.6,6,2,1,0,0,0,0,1,0,1,0,0,0,alto
6,10000.0,2,0.5,7,1,1,0,0,0,0,0,0,1,0,0,0,medio_baixo
3,10000.0,14,0.7142857142857143,1,3,1,0,0,0,1,1,1,0,0,0,0,medio_baixo
3,10000.0,25,0.84,1,2,1,0,0,0,0,1,0,0,0,0,0,alto
5,10000.0,40,0.775,2,2,1,0,0,0,1,0,0,1,0,0,0,baixo
1,0.0,0,0.0,0,0,1,0,0,0,0,0,0,0,0,0,0,gratuito
12,10000.0,89,0.48314606741573035,1,2,1,0,0,0,0,1,0,0,0,0,1,medio_alto
5,10000.0,0,0.0,1,2,1,0,0,0,1,1,0,0,0,0,0,baixo
3,0.0,0,0.0,0,0,1,0,0,0,0,0,0,0,0,0,0,gratuito
3,10000.0,161,0.7142857142857143,12,4,1,1,0,0,1,0,0,0,0,1,1,alto
1,10000.0,5,1.0,4,3,1,1,1,0,1,1,1,0,0,0,0,baixo
1,10000.0,2,0.5,35,4,1,0,0,0,1,1,1,1,0,0,0,medio_baixo
1,10000.0,5,0.8,1,3,1,0,0,0,1,1,1,0,0,0,0,medio_baixo
7,10000.0,16,0.625,1,2,1,0,0,0,1,1,0,0,0,0,0,baixo
3,0.0,0,0.0,17,2,1,0,0,0,1,0,1,0,0,0,0,gratuito
8,10000.0,32,0.5,3,3,1,0,0,0,1,0,1,0,0,0,0,gratuito
1,10000.0,0,0.0,2,2,1,0,0,0,1,0,1,0,0,0,0,medio_alto
1,10000.0,0,0.0,1,2,1,0,0,0,0,0,0,0,0,0,1,alto
5,35000.0,6,0.5,2,2,1,0,0,0,1,1,0,0,0,0,0,medio_baixo
4,10000.0,16,0.875,4,2,1,0,0,0,1,1,0,0,0,0,0,medio_alto
3,0.0,0,0.0,1,3,1,0,0,0,0,1,0,1,0,0,0,gratuito
3,10000.0,2,1.0,1,1,1,1,0,0,0,0,1,0,0,0,0,medio_baixo
13,1500000.0,28485,0.7533087589959628,1,4,1,0,0,1,1,1,1,0,1,0,0,baixo
3,35000.0,19,0.5789473684210527,2,6,1,0,0,0,1,1,1,0,1,1,1,baixo
1,10000.0,0,0.0,1,5,1,0,1,0,1,0,1,1,1,1,0,medio_alto
1,10000.0,0,0.0,1,2,1,0,0,0,1,0,0,1,0,0,0,medio_baixo
9,35000.0,22,0.5454545454545454,1,4,1,1,1,0,1,1,0,1,0,0,0,baixo
6,35000.0,22,0.8181818181818182,1,1,1,1,0,0,0,0,0,1,0,0,0,gratuito
3,10000.0,2,0.5,1,4,1,0,0,0,1,1,1,1,0,0,0,medio_alto
3,10000.0,2,0.5,1,1,1,0,0,0,0,0,0,0,0,1,0,baixo
1,10000.0,0,0.0,27,2,1,1,1,0,1,0,0,0,0,0,1,baixo
7,10000.0,3,1.0,2,3,1,0,0,0,1,1,0,0,0,0,0,medio_baixo
2,35000.0,2,0.5,1,4,1,0,0,0,1,1,1,0,0,0,0,gratuito
6,10000.0,41,0.8780487804878049,1,3,1,1,1,1,1,0,0,1,0,0,1,medio_baixo
3,10000.0,1,1.0,1,2,1,1,0,0,0,0,1,1,0,0,0,medio_alto
3,0.0,0,0.0,6,2,1,0,0,0,0,0,0,1,0,0,1,gratuito
3,10000.0,15,0.5333333333333333,2,3,1,0,0,0,0,1,1,1,0,0,0,baixo
1,0.0,0,0.0,1,3,1,0,0,0,0,0,1,1,1,0,0,medio_baixo
3,10000.0,0,0.0,1,2,1,0,0,0,0,1,0,0,0,1,0,medio_baixo
5,0.0,0,0.0,0,0,1,0,0,0,0,0,0,0,0,0,0,gratuito
4,0.0,0,0.0,1,1,1,0,0,0,1,0,0,0,0,0,0,gratuito
3,10000.0,1,0.0,1,4,1,0,0,0,1,0,0,1,0,1,1,medio_alto
1,0.0,0,0.0,0,0,1,0,0,0,0,0,0,0,0,0,0,gratuito
8,10000.0,19,0.7368421052631579,11,2,1,0,0,0,1,0,0,0,0,1,0,gratuito
9,10000.0,3,0.0,1,4,1,0,0,0,0,0,0,1,0,1,1,alto
1,0.0,0,0.0,1,2,1,0,1,0,0,1,0,0,0,0,0,alto
5,0.0,0,0.0,2,2,1,0,0,0,0,0,0,0,0,0,1,gratuito
4,10000.0,0,0.0,13,3,1,0,1,1,1,1,0,1,0,0,0,medio_baixo
1,0.0,0,0.0,26,1,1,0,0,0,1,0,0,0,0,0,0,medio_alto
4,10000.0,7,0.5714285714285714,2,2,1,0,0,0,1,0,1,0,0,0,0,medio_alto
4,0.0,0,0.0,1,3,1,1,1,0,0,1,1,0,0,0,0,gratuito
1,10000.0,134,0.7910447761194029,14,4,1,1,1,0,1,0,0,1,1,1,0,medio_alto
8,10000.0,0,0.0,2,6,1,0,0,0,1,1,0,0,0,0,1,alto
2,10000.0,0,0.0,1,3,1,1,1,0,1,0,0,0,1,0,1,medio_alto
7,10000.0,1,0.0,1,2,1,0,0,0,1,0,0,1,0,0,0,baixo
2,10000.0,6,0.8333333333333334,1,3,1,0,0,1,1,1,0,1,0,0,0,medio_baixo
2,10000.0,2,1.0,1,4,1,0,0,0,1,1,1,1,0,0,0,baixo
1,0.0,0,0.0,103,1,1,1,1,1,0,0,0,1,0,0,0,baixo
1,10000.0,0,0.0,2,3,1,1,0,0,1,0,1,0,0,0,1,alto
5,10000.0,17,0.29411764705882354,1,4,1,0,0,0,1,0,1,1,0,0,1,baixo
1,10000.0,0,0.0,14,3,1,0,0,0,1,0,1,0,1,0,0,medio_alto
9,10000.0,15,0.26666666666666666,1,3,1,0,0,0,0,1,1,0,1,0,0,medio_alto
4,0.0,0,0.0,0,0,1,0,0,0,0,0,0,0,0,0,0,gratuito
8,10000.0,19,0.8421052631578947,1,2,1,0,0,0,1,1,0,0,0,0,0,medio_baixo
1,10000.0,0,0.0,6,2,1,0,0,0,0,1,1,0,0,0,0,medio_baixo
1,0.0,0,0.0,103,2,1,0,0,0,1,0,0,1,0,0,0,baixo
1,0.0,0,0.0,1,2,1,0,0,0,0,1,1,0,0,0,0,baixo
7,1500000.0,37254,0.9762710044558973,9,1,1,0,0,4,0,0,1,0,0,0,0,alto
1,10000.0,0,0.0,1,4,1,1,0,0,1,1,1,0,0,1,0,medio_baixo
2,10000.0,19,0.9473684210526315,2,3,1,0,0,0,1,0,0,1,0,1,0,medio_alto
2,10000.0,0,0.0,10,5,1,0,1,0,0,0,1,1,0,1,1,gratuito
6,10000.0,42,0.9285714285714286,1,1,1,1,0,2,0,0,0,1,0,0,0,baixo
8,10000.0,88,0.9090909090909091,4,3,1,0,0,1,1,1,0,1,0,0,0,medio_baixo
2,10000.0,5,0.6,1,2,1,0,0,0,1,0,0,0,0,1,0,baixo
2,10000.0,35,0.8285714285714286,1,2,1,0,0,0,1,0,0,1,0,0,0,medio_baixo
11,10000.0,10,0.1,1,4,1,0,0,0,1,1,1,1,0,0,0,medio_baixo
1,10000.0,0,0.0,9,1,1,0,0,0,0,0,0,1,0,0,0,medio_baixo
2,10000.0,145,0.7241379310344828,11,5,1,0,0,0,1,0,0,1,1,1,1,medio_alto
1,10000.0,0,0.0,2,4,1,0,0,0,1,1,0,0,0,0,0,gratuito
6,35000.0,37,0.3783783783783784,9,5,1,0,0,0,1,1,1,1,0,0,1,baixo
2,10000.0,0,0.0,1,1,1,0,0,0,0,0,0,0,1,0,0,medio_baixo
2,10000.0,0,0.0,1,3,1,0,0,0,1,0,0,0,1,0,1,medio_baixo
13,350000.0,18477,0.9267738269199546,8,4,1,1,1,0,1,1,1,0,1,0,0,baixo
2,10000.0,22,0.5909090909090909,1,2,1,0,0,1,0,0,0,1,0,1,0,medio_alto
8,10000.0,38,0.868421052631579,10,0,1,0,0,0,0,0,0,0,0,0,0,alto
4,0.0,0,0.0,14,2,1,0,0,0,0,1,0,0,0,0,0,gratuito
1,10000.0,0,0.0,13,3,1,0,0,0,1,1,1,0,0,0,0,medio_alto
5,10000.0,26,0.6923076923076923,1,3,1,0,0,0,1,1,1,0,0,0,0,baixo
10,10000.0,5,1.0,1,2,1,0,0,0,1,0,0,1,0,0,0,medio_alto
10,35000.0,639,0.8701095461658842,1,4,1,1,1,0,1,1,1,0,0,0,1,alto
3,10000.0,358,0.9245810055865922,13,2,1,0,0,1,1,1,0,0,0,0,0,medio_alto
2,0.0,0,0.0,0,0,1,0,0,0,0,0,0,0,0,0,0,gratuito
3,150000.0,5,0.8,2,4,1,1,0,0,0,1,1,0,1,1,0,medio_baixo
1,10000.0,0,0.0,17,5,1,0,1,1,1,0,0,1,0,1,1,alto
5,10000.0,27,0.8518518518518519,1,5,1,0,0,0,1,1,0,1,1,0,0,baixo
9,10000.0,33,0.5454545454545454,1,7,1,0,0,1,1,1,1,1,1,1,0,gratuito
9,150000.0,1297,0.8496530454895914,11,2,1,1,0,0,1,1,0,0,0,0,0,medio_baixo
1,10000.0,0,0.0,12,3,1,0,0,0,0,0,0,0,1,1,1,medio_alto
2,10000.0,425,0.9882352941176471,9,2,1,0,0,0,1,1,0,0,0,0,0,baixo
3,0.0,0,0.0,1,2,1,0,0,0,0,0,0,1,0,0,1,gratuito
3,10000.0,19,0.5789473684210527,9,1,1,0,0,0,0,1,0,0,0,0,0,medio_baixo
8,35000.0,14,0.35714285714285715,2,3,1,0,0,0,1,0,0,0,0,1,1,baixo
1,10000.0,0,0.0,18,4,1,0,0,0,1,1,0,1,0,0,1,medio_alto
8,10000.0,9,1.0,1,3,1,1,1,0,1,0,0,1,0,1,0,alto
4,10000.0,0,0.0,3,2,1,0,0,1,1,0,1,0,0,0,0,medio_alto
7,35000.0,20,0.75,1,5,1,0,0,0,1,1,1,1,1,0,0,baixo
1,10000.0,23,0.782608695652174,19,2,1,0,0,0,1,0,1,0,0,0,0,baixo
10,35000.0,150,0.96,9,3,1,1,1,0,1,1,0,1,0,0,0,baixo
8,35000000.0,700785,0.9185142376049715,14,1,1,0,0,0,0,0,0,1,0,0,0,medio_baixo
7,10000.0,21,0.47619047619047616,1,3,1,0,0,0,1,1,0,0,0,1,0,baixo
21,350000.0,6894,0.9457499274731651,1,1,1,0,0,0,0,0,0,0,1,0,0,medio_baixo
10,10000.0,40,0.875,3,2,1,1,0,0,1,1,0,0,0,0,0,alto
5,10000.0,4,0.75,1,1,1,1,1,0,0,0,0,0,0,1,0,medio_alto
2,10000.0,56,0.9464285714285714,11,3,1,1,0,0,1,0,1,0,1,0,0,medio_baixo
1,0.0,0,0.0,0,0,1,0,0,0,0,0,0,0,0,0,0,gratuito
1,10000.0,0,0.0,27,2,1,1,1,0,1,0,0,0,0,0,1,baixo
5,10000.0,0,0.0,1,2,1,1,1,0,1,0,1,0,0,0,0,medio_baixo
5,750000.0,7113,0.9557148882328131,16,2,1,0,0,2,1,1,0,0,0,0,0,medio_baixo
3,10000.0,11,0.8181818181818182,3,4,1,0,0,0,1,0,0,1,0,1,1,medio_alto
7,10000.0,16,1.0,2,4,1,0,0,2,1,0,1,1,1,0,0,medio_alto
6,10000.0,13,1.0,1,3,1,1,0,1,1,0,1,0,1,0,0,baixo
1,10000.0,0,0.0,10,1,1,0,0,1,0,0,0,0,0,1,0,alto
3,10000.0,1,1.0,1,2,1,0,0,0,0,1,1,0,0,0,0,alto
2,10000.0,110,0.9363636363636364,6,3,1,1,0,2,1,1,1,0,0,0,0,baixo
9,10000.0,10,0.8,1,1,1,0,0,0,0,0,0,1,0,0,0,baixo
2,10000.0,15,1.0,2,3,1,0,0,0,1,1,0,0,0,0,0,medio_baixo
2,10000.0,1,1.0,2,3,1,0,0,0,1,1,0,1,0,0,0,medio_baixo
14,350000.0,974,0.8326488706365504,4,1,1,0,0,0,0,0,1,0,0,0,0,baixo
1,10000.0,0,0.0,1,5,1,0,0,0,1,1,0,1,0,1,1,baixo
1,0.0,0,0.0,1,2,1,0,0,0,0,1,0,0,0,0,0,baixo
2,0.0,0,0.0,1,4,1,0,0,2,1,0,1,1,0,0,0,gratuito
5,35000.0,2517,0.8307508939213349,9,4,1,1,0,1,1,1,1,0,1,0,0,medio_alto
2,35000.0,2,0.5,4,4,1,0,0,0,1,0,0,0,1,1,1,alto
9,10000.0,14,1.0,1,1,1,0,0,0,0,0,1,0,0,0,0,medio_baixo
1,10000.0,0,0.0,12,2,1,1,1,1,0,0,0,0,1,1,0,medio_baixo
5,10000.0,0,0.0,6,2,1,0,0,0,1,0,1,0,0,0,0,baixo
9,75000.0,191,0.5863874345549738,2,3,1,0,0,0,0,0,0,0,1,1,1,medio_baixo
17,1500000.0,4070,0.8127764127764128,6,1,1,0,0,0,0,0,0,0,1,0,0,gratuito
9,150000.0,125,0.504,1,0,1,1,1,0,0,0,0,0,0,0,0,baixo
1,0.0,0,0.0,3,2,1,0,0,0,0,0,0,1,0,0,0,gratuito
2,10000.0,0,0.0,4,1,1,0,0,1,0,0,1,0,0,0,0,alto
1,10000.0,0,0.0,2,1,1,0,0,0,0,0,0,0,0,0,0,alto
2,10000.0,1,0.0,1,4,1,0,0,0,1,0,0,1,0,1,1,medio_baixo
1,0.0,0,0.0,1,3,1,0,0,0,1,0,0,1,0,1,0,baixo
3,10000.0,5,0.4,1,4,1,0,0,0,1,1,1,0,1,0,0,medio_alto
2,0.0,0,0.0,13,2,1,1,0,0,0,0,0,1,0,0,1,gratuito
5,10000.0,0,0.0,1,5,1,0,0,0,0,1,1,0,1,0,1,medio_alto
5,75000.0,817,0.7821297429620563,10,2,1,0,0,0,1,1,0,0,0,0,0,alto
6,10000.0,4,0.75,1,4,1,0,1,0,1,1,1,1,0,0,0,medio_baixo
6,10000.0,0,0.0,1,5,1,0,0,0,1,0,1,1,1,1,0,medio_baixo
1,10000.0,0,0.0,1,3,1,0,0,0,1,0,0,1,0,0,1,medio_alto
1,10000.0,0,0.0,1,2,1,0,0,0,1,0,1,0,0,0,0,baixo
4,10000.0,9,0.4444444444444444,1,3,1,0,0,0,1,1,0,0,0,0,0,medio_alto
2,10000.0,4,0.25,16,4,1,0,0,0,1,0,1,0,1,0,1,medio_alto
7,10000.0,43,0.9069767441860465,3,1,1,0,0,0,0,0,0,0,0,1,0,medio_baixo
3,10000.0,0,0.0,1,3,1,0,0,0,1,1,1,0,0,0,0,medio_baixo
6,10000.0,69,0.8405797101449275,1,3,1,1,0,0,1,1,0,1,0,0,0,medio_alto
4,10000.0,6,0.6666666666666666,1,3,1,0,0,0,1,0,1,1,0,0,0,baixo
2,10000.0,46,0.8913043478260869,1,1,1,0,0,0,0,1,0,0,0,0,0,baixo
1,10000.0,0,0.0,1,3,1,0,0,0,1,0,1,1,0,0,0,medio_baixo
9,10000.0,108,0.8240740740740741,1,2,1,1,0,0,1,0,0,1,0,0,0,alto
10,35000.0,116,0.7155172413793104,8,2,1,1,1,0,1,0,1,0,0,0,0,medio_alto
1,10000.0,3,1.0,1,3,1,0,0,0,1,0,1,1,0,0,0,alto
2,10000.0,32,0.625,2,3,1,0,0,0,1,0,0,0,0,0,1,medio_baixo
3,10000.0,31,0.4838709677419355,2,1,1,0,0,0,0,0,0,1,0,0,0,medio_baixo
2,10000.0,5,1.0,2,2,1,0,0,0,1,0,0,0,0,0,1,medio_alto
2,0.0,0,0.0,0,0,1,0,0,0,0,0,0,0,0,0,0,gratuito
10,10000.0,40,0.7,1,1,1,0,1,1,0,0,1,0,0,0,0,gratuito
5,10000.0,18,0.8333333333333334,5,2,1,0,0,0,1,0,1,0,0,0,0,baixo
4,10000.0,23,0.6086956521739131,2,4,1,0,0,0,1,0,1,0,0,0,1,alto
4,10000.0,9,0.5555555555555556,2,4,1,0,0,0,1,1,1,0,0,0,0,medio_alto
2,10000.0,4,1.0,1,4,1,0,0,0,1,0,1,1,1,0,0,medio_baixo
7,35000.0,1325,0.6520754716981132,5,3,1,0,0,0,1,0,0,0,1,0,0,gratuito
6,35000.0,120,0.6583333333333333,6,2,1,0,0,0,0,0,0,0,0,1,1,alto
6,10000.0,0,0.0,1,3,1,0,0,0,0,1,1,0,0,0,1,medio_baixo
6,10000.0,73,0.684931506849315,4,3,1,0,0,0,1,1,0,0,0,0,0,alto
1,0.0,0,0.0,0,0,1,0,0,0,0,0,0,0,0,0,0,gratuito
3,10000.0,0,0.0,1,4,1,1,0,0,1,0,0,1,0,1,0,baixo
6,10000.0,6,0.8333333333333334,1,5,1,0,0,0,1,0,0,1,0,0,1,gratuito
3,10000.0,4,0.75,11,1,1,0,0,0,0,0,0,0,1,0,0,medio_baixo
1,10000.0,0,0.0,11,3,1,0,0,0,1,1,1,0,0,0,0,alto
2,10000.0,0,0.0,1,3,1,1,1,0,1,0,1,1,0,0,0,baixo
1,10000.0,0,0.0,4,4,1,0,0,0,0,0,1,1,0,1,1,alto
10,750000.0,4019,0.7422244339387908,5,3,1,1,1,0,1,0,0,1,0,1,0,medio_alto
5,10000.0,22,0.7727272727272727,1,1,1,0,0,0,0,1,0,0,0,0,0,baixo
3,0.0,0,0.0,0,0,1,0,0,0,0,0,0,0,0,0,0,gratuito
7,750000.0,7838,0.8744577698392447,3,3,1,0,0,2,1,0,0,0,1,1,0,medio_baixo
3,10000.0,108,0.42592592592592593,9,4,1,0,0,0,0,0,1,1,0,0,1,gratuito
8,10000.0,19,0.8421052631578947,1,1,1,0,0,0,0,0,0,0,1,0,0,baixo
2,10000.0,0,0.0,1,3,1,1,1,0,0,1,0,1,0,0,0,alto
2,10000.0,0,0.0,2,2,1,0,0,1,0,1,1,0,0,0,0,alto
7,10000.0,181,0.8121546961325967,1,3,1,0,0,0,1,0,1,0,0,0,0,gratuito
4,10000.0,11,1.0,3,3,1,0,0,0,1,1,0,0,0,0,0,baixo
3,10000.0,0,0.0,2,1,1,0,0,0,0,0,0,0,0,0,1,alto
6,10000.0,101,0.9207920792079208,1,4,1,1,1,0,1,1,0,1,0,0,0,gratuito
2,10000.0,0,0.0,9,5,1,1,0,0,1,1,1,0,1,0,0,gratuito
11,10000.0,12,0.5,1,2,1,0,0,0,1,0,0,1,0,0,0,baixo
5,10000.0,30,0.9,13,5,1,0,0,0,1,1,0,1,0,1,0,gratuito
2,35000.0,852,0.9131455399061033,14,1,1,0,0,0,0,0,0,0,1,0,0,alto
1,10000.0,0,0.0,5,4,1,1,0,0,1,0,0,1,0,1,1,medio_alto
9,75000.0,530,0.8339622641509434,10,4,1,1,0,1,1,1,1,1,0,0,0,alto
2,0.0,0,0.0,0,0,1,0,0,0,0,0,0,0,0,0,0,gratuito
1,0.0,0,0.0,1,2,1,0,0,0,1,0,0,1,0,0,0,baixo
4,150000.0,3175,0.8056692913385827,11,4,1,0,0,7,1,1,0,1,0,0,0,alto
3,10000.0,3,1.0,1,4,1,0,0,1,1,0,1,0,0,1,1,medio_alto
6,35000.0,147,0.5510204081632653,1,5,1,0,0,5,1,0,0,1,1,1,0,gratuito
10,10000.0,110,0.5909090909090909,1,4,1,0,0,0,1,0,0,0,0,1,1,alto
1,10000.0,10,1.0,1,2,1,0,0,0,1,0,0,0,1,0,0,alto
10,10000.0,7,0.42857142857142855,1,3,1,0,0,0,1,1,0,1,0,0,0,baixo
10,35000.0,104,0.6442307692307693,1,6,1,0,0,0,1,1,1,1,0,0,0,alto
3,10000.0,0,0.0,1,4,1,0,0,0,1,1,1,0,0,0,0,gratuito
8,10000.0,44,0.3409090909090909,1,3,1,0,0,0,1,1,0,1,0,0,0,baixo
1,0.0,0,0.0,1,3,1,0,0,0,1,0,1,0,0,0,0,gratuito
1,10000.0,0,0.0,2,2,1,0,0,0,0,0,0,1,0,1,0,medio_baixo
3,0.0,0,0.0,0,0,1,0,0,0,0,0,0,0,0,0,0,gratuito
4,0.0,0,0.0,103,4,1,0,0,0,1,0,1,1,0,1,0,baixo
2,0.0,0,0.0,0,0,1,0,0,0,0,0,0,0,0,0,0,gratuito
1,0.0,0,0.0,2,3,1,0,0,0,1,0,0,1,0,1,0,medio_alto
2,10000.0,0,0.0,1,1,1,0,0,0,0,0,0,0,0,1,0,medio_alto
2,0.0,0,0.0,0,0,1,0,0,0,0,0,0,0,0,0,0,gratuito
6,10000.0,100,0.89,10,2,1,0,0,0,1,0,0,1,0,0,0,medio_baixo
1,0.0,0,0.0,2,2,1,0,0,1,1,0,0,1,0,0,0,medio_baixo
1,0.0,0,0.0,2,2,1,1,1,1,1,0,1,0,0,0,0,alto
3,10000.0,35,0.8,1,4,1,0,0,0,1,1,0,1,0,0,0,gratuito
5,10000.0,1,1.0,2,2,1,0,0,0,1,0,0,1,0,0,0,alto
6,10000.0,2,1.0,3,2,1,0,0,0,1,0,0,1,0,0,0,medio_baixo
4,10000.0,153,0.8431372549019608,7,3,1,0,0,0,1,1,0,0,0,0,1,gratuito
2,10000.0,6,0.6666666666666666,12,3,1,0,0,1,1,1,1,0,0,0,0,medio_alto
2,10000.0,4,1.0,103,3,1,0,0,0,1,1,0,1,0,0,0,baixo
2,10000.0,22,0.7727272727272727,1,3,1,0,0,0,0,0,1,1,0,0,0,baixo
3,0.0,0,0.0,0,0,1,0,0,0,0,0,0,0,0,0,0,gratuito
8,10000.0,134,0.753731343283582,3,3,1,1,0,1,1,1,1,0,0,0,0,medio_baixo
2,10000.0,4,1.0,10,2,1,0,0,0,1,0,0,0,0,1,0,medio_alto
1,10000.0,0,0.0,7,3,1,0,0,0,0,1,1,1,0,0,0,alto
2,10000.0,9,0.4444444444444444,1,2,1,1,1,0,0,0,1,0,1,0,0,alto
1,10000.0,10,0.8,2,4,1,0,0,0,1,1,1,0,1,0,0,medio_baixo
2,10000.0,0,0.0,3,4,1,1,0,0,1,0,0,0,1,1,0,gratuito
3,10000.0,3,1.0,1,1,1,1,0,0,0,0,0,1,0,0,0,medio_alto
1,0.0,0,0.0,0,0,1,0,0,0,0,0,0,0,0,0,0,gratuito
1,0.0,0,0.0,0,0,1,0,0,0,0,0,0,0,0,0,0,gratuito
1,0.0,0,0.0,9,2,1,0,0,1,0,0,1,1,0,0,0,alto
1,0.0,0,0.0,10,3,1,0,0,0,1,1,1,0,0,0,0,baixo
6,10000.0,1,1.0,1,4,1,0,0,0,1,1,1,0,0,1,0,gratuito
2,10000.0,36,0.6111111111111112,1,3,1,0,0,0,0,1,1,0,0,0,1,baixo
1,35000.0,619,0.9353796445880452,8,2,1,0,0,0,0,0,0,0,1,1,0,alto
3,75000.0,95,0.9052631578947369,2,3,1,1,0,0,1,0,1,0,1,0,0,gratuito
3,10000.0,186,0.8548387096774194,13,4,1,0,1,2,1,0,1,1,0,0,1,medio_alto
7,10000.0,0,0.0,1,7,1,0,0,0,1,1,1,1,1,0,1,medio_baixo
7,10000.0,3,1.0,1,3,1,0,0,0,1,1,0,1,0,0,0,medio_alto
11,150000.0,201,0.8507462686567164,1,2,1,1,1,0,1,0,0,1,0,0,0,medio_baixo
4,10000.0,106,0.9056603773584906,3,1,1,0,0,0,0,1,0,0,0,0,0,alto
1,10000.0,54,0.9629629629629629,8,3,1,0,0,1,1,0,1,0,0,1,0,alto
3,10000.0,7,0.2857142857142857,1,3,1,0,0,0,1,0,0,0,0,1,1,baixo
4,10000.0,20,0.8,1,1,1,0,0,0,1,0,0,0,0,0,0,baixo
1,0.0,0,0.0,1,4,1,0,1,0,0,0,0,1,0,1,1,gratuito
1,10000.0,0,0.0,2,4,1,0,0,0,1,0,0,1,0,1,1,medio_baixo
2,350000.0,4839,0.9853275470138458,8,2,1,1,1,3,1,0,0,1,0,0,0,alto
15,350000.0,2468,0.7848460291734197,6,2,1,1,1,0,0,1,0,0,0,1,0,baixo
10,75000.0,569,0.6467486818980668,2,3,1,0,0,0,0,1,1,0,1,0,0,gratuito
5,10000.0,18,1.0,2,4,1,0,0,1,1,1,1,0,0,0,0,alto
4,35000.0,2,0.5,4,2,1,0,1,0,1,1,0,0,0,0,0,medio_baixo
7,750000.0,3188,0.5420326223337516,9,5,1,0,0,0,1,0,1,0,1,1,1,medio_baixo
3,10000.0,3,0.6666666666666666,1,4,1,0,0,0,1,1,1,0,0,0,0,medio_baixo
4,10000.0,8,0.75,2,3,1,1,0,0,1,0,0,1,0,1,0,baixo
4,10000.0,2,1.0,1,2,1,0,0,0,1,1,0,0,0,0,0,medio_baixo
5,35000.0,188,0.7553191489361702,8,2,1,1,1,0,1,0,0,0,0,0,1,medio_baixo
4,10000.0,3,1.0,1,2,1,0,0,0,1,0,0,1,0,0,0,medio_alto
7,10000.0,5,0.8,1,3,1,1,1,0,1,1,0,1,0,0,0,medio_alto
12,75000.0,444,0.5923423423423423,6,2,1,0,0,1,1,0,0,0,1,0,0,alto
5,35000.0,719,0.7385257301808067,6,2,1,0,0,5,0,1,0,0,0,1,0,alto
2,0.0,0,0.0,2,5,1,0,0,0,0,0,1,1,0,1,1,gratuito
2,10000.0,3,0.6666666666666666,2,3,1,1,1,0,1,0,0,1,1,0,0,baixo
1,10000.0,3,1.0,1,3,1,0,0,0,1,0,0,1,0,1,0,medio_alto
8,10000.0,38,0.5526315789473685,1,4,1,0,0,0,1,1,1,1,0,0,0,baixo
4,10000.0,0,0.0,1,2,1,0,0,0,0,0,0,0,0,1,0,medio_alto
8,35000.0,1093,0.7968892955169259,9,3,1,0,0,17,0,0,0,1,0,0,1,medio_alto
3,10000.0,333,0.972972972972973,1,2,1,1,1,1,1,1,0,0,0,0,0,alto
6,10000.0,3,0.6666666666666666,1,2,1,0,0,0,1,0,1,0,0,0,0,medio_baixo
8,150000.0,1198,0.8989983305509182,9,3,1,1,1,2,1,1,0,0,1,0,0,medio_alto
1,10000.0,0,0.0,1,3,1,1,0,0,1,0,1,0,0,0,1,medio_alto
5,10000.0,36,0.6111111111111112,2,3,1,0,0,0,1,0,0,0,1,0,1,medio_baixo
3,10000.0,18,0.9444444444444444,8,5,1,0,0,0,1,1,0,1,1,1,0,medio_alto
2,10000.0,6,1.0,3,5,1,0,0,0,1,1,1,1,0,0,0,medio_alto
3,10000.0,16,0.75,1,2,1,0,0,0,0,0,0,1,0,0,1,gratuito
4,10000.0,125,0.784,1,2,1,0,0,0,1,0,0,1,0,0,0,medio_baixo
10,150000.0,1374,0.9570596797671034,1,4,1,0,0,1,1,1,1,0,0,0,0,gratuito
7,10000.0,40,0.75,11,3,1,1,0,0,1,1,1,0,0,0,0,baixo
9,75000.0,797,0.5445420326223338,1,1,1,0,0,0,0,0,0,0,1,0,0,gratuito
7,10000.0,23,0.6086956521739131,1,3,1,0,1,0,1,1,0,0,0,0,0,alto
1,10000.0,0,0.0,14,4,1,0,0,1,1,1,1,0,0,0,1,alto
4,10000.0,4,0.25,4,2,1,0,0,0,0,0,1,1,0,0,0,alto
8,10000.0,31,0.7096774193548387,1,3,1,0,0,0,1,0,1,0,0,1,0,medio_alto
2,0.0,0,0.0,0,0,1,0,0,0,0,0,0,0,0,0,0,gratuito
2,10000.0,2,0.5,7,3,1,0,0,0,0,1,1,0,0,0,0,medio_baixo
1,10000.0,0,0.0,11,5,1,0,0,0,1,0,1,1,0,0,1,alto
5,35000.0,2,0.0,1,4,1,0,0,0,1,1,1,0,0,1,0,alto
1,10000.0,21,0.7619047619047619,2,1,1,0,0,0,0,1,0,0,0,0,0,medio_alto
2,10000.0,0,0.0,1,4,1,0,0,0,1,1,0,0,0,0,1,medio_baixo
5,10000.0,3,0.6666666666666666,1,3,1,0,0,0,1,1,0,0,0,0,0,medio_alto
2,0.0,0,0.0,1,5,1,0,0,0,1,0,1,1,1,0,0,gratuito
1,10000.0,3,1.0,1,2,1,0,0,0,1,0,0,1,0,0,0,baixo
5,35000.0,29,0.896551724137931,1,3,1,0,0,0,1,0,0,1,0,1,0,baixo
5,10000.0,34,0.8235294117647058,5,4,1,0,0,0,1,1,1,1,0,0,0,medio_baixo
1,0.0,0,0.0,0,0,1,0,0,0,0,0,0,0,0,0,0,gratuito
1,0.0,0,0.0,1,2,1,0,0,0,1,0,0,0,0,0,0,gratuito
3,10000.0,1,0.0,1,1,1,1,1,0,1,0,0,0,0,0,0,medio_alto
2,0.0,0,0.0,103,2,1,0,0,0,0,0,1,1,0,0,0,medio_baixo
1,10000.0,59,0.8305084745762712,29,5,1,1,1,0,1,1,0,1,0,0,1,medio_alto
1,10000.0,36,0.9166666666666666,10,2,1,0,0,0,1,0,0,1,0,0,0,medio_alto
11,350000.0,1139,0.3713784021071115,9,3,1,0,0,0,1,1,1,0,0,0,0,baixo
1,10000.0,0,0.0,1,2,1,1,0,0,1,0,0,1,0,0,0,medio_alto
2,10000.0,0,0.0,1,2,1,0,0,0,1,0,1,0,0,0,0,medio_baixo
3,0.0,0,0.0,4,1,1,0,0,0,1,0,0,0,0,0,0,gratuito
9,10000.0,19,0.5263157894736842,6,3,1,0,0,0,0,1,1,0,0,0,1,alto
4,10000.0,21,0.6666666666666666,10,2,1,0,0,0,1,0,0,1,0,0,0,baixo
1,0.0,0,0.0,17,2,1,1,0,0,0,0,0,1,0,1,0,medio_alto
2,10000.0,4,1.0,1,2,1,0,0,0,0,0,0,0,0,1,1,alto
7,10000.0,119,0.6722689075630253,1,1,1,1,1,0,1,0,0,0,0,0,0,alto
7,10000.0,6,0.3333333333333333,1,5,1,0,0,0,1,1,0,0,0,1,1,baixo
3,10000.0,0,0.0,1,2,1,0,1,0,0,1,0,1,0,0,0,medio_baixo
3,10000.0,32,0.53125,12,4,1,0,0,0,1,0,0,1,0,1,1,medio_alto
3,10000.0,21,1.0,4,3,1,0,1,1,1,0,1,1,0,0,0,medio_alto
2,10000.0,3,0.3333333333333333,1,1,1,0,0,0,0,0,0,0,1,0,0,alto
3,10000.0,0,0.0,14,2,1,0,0,1,1,0,0,1,0,0,0,baixo
1,0.0,0,0.0,103,2,1,0,0,0,1,0,0,1,0,0,0,baixo
1,0.0,0,0.0,9,4,1,0,0,0,1,0,1,1,0,0,1,medio_baixo
1,10000.0,0,0.0,1,3,1,0,0,0,1,1,0,1,0,0,0,medio_baixo
2,10000.0,0,0.0,9,2,1,1,1,0,1,0,0,1,0,0,0,baixo
1,10000.0,0,0.0,8,2,1,1,0,1,1,0,1,0,0,0,0,alto
4,10000.0,41,0.975609756097561,9,3,1,0,0,0,1,1,1,0,0,0,0,medio_baixo
1,10000.0,0,0.0,1,2,1,0,0,0,1,0,0,1,0,0,0,medio_baixo
8,35000.0,179,0.8268156424581006,1,6,1,0,0,0,1,1,1,0,0,0,0,gratuito
1,10000.0,2,0.5,1,3,1,0,0,0,1,1,0,1,0,0,0,baixo
6,10000.0,12,0.9166666666666666,2,2,1,0,0,0,1,0,0,0,0,1,0,baixo
4,10000.0,2,1.0,3,3,1,0,0,0,1,0,0,0,0,0,1,medio_alto
3,75000.0,1155,0.8155844155844156,11,3,1,1,0,0,1,0,0,0,0,1,1,medio_baixo
4,10000.0,41,0.5853658536585366,1,4,1,0,0,0,1,1,0,1,0,0,0,medio_baixo
2,10000.0,0,0.0,1,2,1,1,0,0,1,1,0,0,0,0,0,medio_baixo
3,10000.0,40,0.8,1,3,1,0,0,0,1,0,0,0,0,0,0,baixo
1,10000.0,0,0.0,1,3,1,0,0,0,1,0,1,1,0,0,0,alto
1,0.0,0,0.0,5,3,1,0,0,0,0,1,0,1,0,0,0,gratuito
4,10000.0,16,0.625,7,6,1,0,0,0,1,0,1,1,0,0,1,baixo
8,10000.0,8,0.25,2,3,1,1,1,0,0,1,1,0,0,0,0,alto
2,0.0,0,0.0,0,0,1,0,0,0,0,0,0,0,0,0,0,gratuito
1,10000.0,0,0.0,1,2,1,0,0,0,1,1,0,0,0,0,0,medio_alto
9,10000.0,15,0.4666666666666667,2,4,1,0,0,0,1,1,0,1,0,1,0,medio_baixo
6,10000.0,0,0.0,1,4,1,1,1,0,1,1,1,0,0,0,0,alto
9,10000.0,39,0.9230769230769231,1,3,1,0,0,0,1,0,0,1,0,0,1,gratuito
3,10000.0,6,0.6666666666666666,1,3,1,0,1,0,1,0,1,0,0,0,0,gratuito
4,75000.0,2,1.0,1,3,1,0,0,0,1,0,1,0,0,1,0,medio_baixo
2,10000.0,1,1.0,1,6,1,0,0,0,1,1,1,1,0,0,1,medio_baixo
1,10000.0,0,0.0,1,3,1,0,1,0,1,0,0,1,0,0,1,baixo
5,10000.0,22,0.8181818181818182,2,1,1,0,0,0,1,0,0,0,0,0,0,medio_baixo
2,0.0,0,0.0,1,5,1,0,0,0,1,1,0,0,0,0,0,gratuito
8,10000.0,25,0.48,1,2,1,0,0,0,1,1,0,0,0,0,0,baixo
1,350000.0,4059,0.8450357230845036,18,2,1,0,0,2,0,0,0,0,0,1,1,alto
2,10000.0,23,0.9565217391304348,11,2,1,0,0,0,1,0,0,1,0,0,0,medio_baixo
13,10000.0,161,0.8819875776397516,1,3,1,0,0,0,1,0,0,1,0,1,0,baixo
2,0.0,0,0.0,0,0,1,0,0,0,0,0,0,0,0,0,0,gratuito
4,10000.0,0,0.0,2,2,1,0,0,0,0,0,1,1,0,0,0,baixo
1,10000.0,0,0.0,5,3,1,0,1,0,1,0,0,1,0,0,0,medio_baixo
2,10000.0,0,0.0,2,1,1,0,0,0,0,0,0,0,0,0,1,baixo
5,10000.0,59,0.9491525423728814,1,1,1,1,0,0,0,0,0,1,0,0,0,baixo
10,350000.0,1675,0.8226865671641791,1,3,1,0,0,2,1,1,0,0,0,1,0,medio_baixo
1,0.0,0,0.0,1,1,1,1,0,0,0,0,0,0,0,0,0,gratuito
2,10000.0,2,0.5,1,3,1,0,1,0,1,0,1,1,0,0,0,baixo
8,10000.0,49,0.8163265306122449,1,2,1,0,0,0,1,0,0,1,0,0,0,baixo
4,10000.0,2,0.5,1,3,1,0,0,0,0,0,0,1,1,1,0,alto
1,0.0,0,0.0,0,0,1,0,0,0,0,0,0,0,0,0,0,gratuito
1,10000.0,0,0.0,1,2,1,1,1,0,1,0,0,1,0,0,0,alto
4,0.0,0,0.0,2,1,1,0,0,0,1,0,0,0,0,0,0,gratuito
5,35000.0,4,0.5,6,3,1,1,1,0,1,1,0,0,0,1,0,medio_baixo
5,10000.0,8,0.5,1,6,1,0,0,0,1,0,1,1,1,0,1,baixo
8,10000.0,7,0.14285714285714285,1,4,1,0,0,0,1,0,0,1,0,1,1,baixo
9,10000.0,29,0.3793103448275862,3,2,1,0,0,0,0,1,0,1,0,0,0,baixo
8,10000.0,1,0.0,1,5,1,0,0,0,1,0,1,1,0,0,1,medio_alto
5,35000.0,10,1.0,2,3,1,1,0,0,1,0,0,0,0,1,0,alto
8,10000.0,49,0.3877551020408163,1,5,1,1,1,0,1,0,0,1,0,0,1,baixo
5,35000.0,5,0.2,1,4,1,0,0,0,1,1,1,0,0,1,0,baixo
1,0.0,0,0.0,1,2,1,0,0,0,0,1,0,0,0,0,0,gratuito
2,10000.0,1,0.0,1,2,1,0,0,0,0,1,1,0,0,0,0,alto
5,10000.0,0,0.0,1,7,1,0,0,0,1,0,1,1,1,1,1,gratuito
3,10000.0,13,0.5384615384615384,2,4,1,0,0,0,1,0,0,1,0,1,0,medio_alto
2,10000.0,2,1.0,1,1,1,0,0,0,0,0,0,0,0,1,0,baixo
8,10000.0,31,0.6774193548387096,8,3,1,0,0,0,0,0,0,1,0,0,1,medio_baixo
1,0.0,0,0.0,0,0,1,0,0,0,0,0,0,0,0,0,0,gratuito
3,10000.0,1,1.0,4,2,1,0,0,0,1,0,0,1,0,0,0,medio_baixo
5,35000.0,359,0.7799442896935933,1,3,1,0,0,0,1,0,0,1,1,0,0,medio_baixo
7,10000.0,323,0.7027863777089783,2,4,1,0,0,0,1,0,1,0,0,1,0,medio_baixo
3,10000.0,138,0.8985507246376812,8,5,1,1,1,0,1,1,0,1,1,1,0,medio_baixo
2,0.0,0,0.0,0,0,1,0,0,0,0,0,0,0,0,0,0,gratuito
10,35000.0,1155,0.9134199134199135,6,4,1,1,1,2,1,1,1,0,1,0,0,medio_alto
5,10000.0,147,0.891156462585034,9,2,1,0,0,0,0,0,1,0,0,0,1,alto
6,35000.0,3244,0.8711467324290999,10,2,1,0,0,7,0,1,1,0,0,0,0,alto
1,10000.0,0,0.0,2,3,1,0,0,0,1,0,0,1,0,0,1,baixo
8,10000.0,0,0.0,2,3,1,0,0,0,1,0,0,1,0,0,0,gratuito
2,10000.0,0,0.0,3,2,1,0,1,0,1,0,0,1,0,0,0,medio_baixo
3,35000.0,902,0.9246119733924612,3,3,1,0,1,0,0,1,0,0,0,1,1,alto
5,10000.0,228,0.9517543859649122,1,2,1,0,0,0,0,0,1,0,0,0,1,medio_baixo
3,75000.0,5,0.8,11,2,1,1,1,0,1,1,0,0,0,0,0,medio_alto
4,0.0,0,0.0,0,0,1,0,0,0,0,0,0,0,0,0,0,gratuito
13,3500000.0,44982,0.9244142101284959,12,2,1,1,1,0,1,0,1,0,0,0,0,alto
1,10000.0,0,0.0,6,5,1,0,0,0,1,1,1,1,0,0,0,medio_baixo
3,0.0,0,0.0,1,3,1,0,0,4,1,1,0,0,0,0,0,gratuito
4,10000.0,37,0.7837837837837838,1,3,1,0,0,0,1,0,0,0,0,1,1,medio_baixo
4,75000.0,91,0.7362637362637363,8,2,1,0,0,0,1,0,0,0,0,0,0,gratuito
10,75000.0,113,0.8584070796460177,1,4,1,0,0,1,1,0,1,0,1,1,0,gratuito
8,35000.0,89,0.8651685393258427,1,4,1,0,0,1,1,1,1,1,0,0,0,alto
1,10000.0,0,0.0,11,3,1,0,0,1,1,0,0,1,0,0,0,gratuito
5,10000.0,3,0.6666666666666666,2,3,1,0,0,0,1,1,0,0,1,0,0,medio_baixo
7,10000.0,4,0.5,26,5,1,0,0,0,1,1,1,0,1,1,0,baixo
4,10000.0,47,0.9148936170212766,2,1,1,0,0,0,0,1,0,0,0,0,0,alto
5,0.0,0,0.0,0,0,1,0,0,0,0,0,0,0,0,0,0,gratuito
2,10000.0,0,0.0,2,3,1,0,0,0,1,0,1,0,1,0,0,alto
5,10000.0,29,0.896551724137931,2,2,1,0,0,1,1,0,1,0,0,0,0,baixo
5,10000.0,0,0.0,29,4,1,0,0,7,0,1,0,0,0,1,1,gratuito
6,10000.0,16,0.6875,2,5,1,0,0,0,0,1,1,1,1,0,0,gratuito
5,35000.0,134,0.8731343283582089,1,4,1,1,0,0,1,0,1,0,0,1,1,medio_baixo
4,0.0,0,0.0,0,0,1,0,0,0,0,0,0,0,0,0,0,gratuito
4,0.0,0,0.0,0,0,1,0,0,0,0,0,0,0,0,0,0,gratuito
2,10000.0,50,0.94,1,3,1,0,0,0,1,1,1,0,0,0,0,medio_alto
18,3500000.0,50549,0.9231636629804744,5,1,1,0,0,0,0,1,0,0,0,0,0,alto
10,75000.0,393,0.6717557251908397,1,2,1,0,0,0,1,0,0,0,0,0,1,medio_alto
3,10000.0,13,0.7692307692307693,103,5,1,0,0,0,1,0,0,1,0,0,1,medio_alto
9,10000.0,26,0.7307692307692307,2,3,1,0,0,0,1,1,0,0,1,0,0,medio_alto
5,10000.0,27,0.9629629629629629,1,1,1,0,0,0,0,0,0,0,0,0,1,baixo
8,10000.0,5,0.4,1,2,1,1,1,0,1,0,0,1,0,0,0,baixo
7,10000.0,10,0.0,4,2,1,0,0,0,1,0,0,0,0,0,1,baixo
2,10000.0,38,0.5526315789473685,20,2,1,0,1,0,1,1,0,0,0,0,0,medio_alto
7,35000.0,710,0.8760563380281691,2,2,1,1,1,4,1,0,1,0,0,0,0,medio_alto
5,10000.0,10,0.8,5,5,1,1,0,0,1,1,0,0,0,0,1,alto
2,10000.0,0,0.0,1,3,1,1,1,0,1,0,1,1,0,0,0,medio_baixo
10,10000.0,159,0.48427672955974843,8,2,1,0,0,0,0,0,0,0,1,1,0,medio_alto
9,10000.0,28,0.8214285714285714,1,3,1,0,0,1,1,0,0,1,0,0,0,gratuito
1,10000.0,25,0.72,10,6,1,1,0,0,1,1,1,1,1,1,0,medio_alto
9,35000.0,125,0.6,1,5,1,0,0,0,1,1,0,1,0,1,1,baixo
8,10000.0,46,0.8043478260869565,1,2,1,0,0,1,1,0,0,1,0,0,0,gratuito
1,0.0,0,0.0,0,0,1,0,0,0,0,0,0,0,0,0,0,gratuito
6,10000.0,24,0.5833333333333334,2,6,1,0,0,0,1,1,0,1,0,0,1,gratuito
1,10000.0,0,0.0,10,3,1,0,0,0,1,1,0,1,0,0,0,medio_baixo
2,10000.0,391,0.9820971867007673,1,1,1,0,0,0,1,0,0,0,0,0,0,baixo
4,10000.0,307,0.9087947882736156,1,5,1,0,0,0,1,1,1,1,0,0,1,baixo
1,10000.0,54,0.7777777777777778,14,3,1,0,0,0,1,1,1,0,0,0,0,medio_alto
10,10000.0,50,0.84,4,2,1,1,1,0,1,0,0,1,0,0,0,medio_baixo
3,10000.0,0,0.0,28,3,1,1,0,0,1,0,1,1,0,0,0,baixo
1,10000.0,0,0.0,2,2,1,0,0,1,1,1,0,0,0,0,0,medio_alto
3,10000.0,11,0.9090909090909091,1,3,1,0,0,0,1,0,0,1,0,0,0,gratuito
1,10000.0,0,0.0,1,3,1,0,0,0,1,1,0,0,0,0,0,gratuito
6,35000.0,160,0.68125,18,3,1,0,0,1,1,1,1,0,0,0,0,alto
5,35000.0,5,0.8,1,3,1,0,0,0,1,1,1,0,0,0,0,baixo
7,10000.0,11,1.0,1,3,1,0,0,0,1,0,0,1,0,0,1,medio_alto
3,0.0,0,0.0,0,0,1,0,0,0,0,0,0,0,0,0,0,gratuito
3,10000.0,8,0.75,1,2,1,0,0,0,0,0,0,1,0,1,0,medio_alto
2,10000.0,1,0.0,1,3,1,0,0,0,1,1,1,0,0,0,0,baixo
5,10000.0,22,0.9090909090909091,6,3,1,0,1,0,0,1,0,1,0,1,0,baixo
8,10000.0,12,0.4166666666666667,1,4,1,0,0,0,1,1,0,0,1,0,0,alto
1,0.0,0,0.0,0,0,1,0,0,0,0,0,0,0,0,0,0,gratuito
5,35000.0,762,0.7913385826771654,1,4,1,0,0,0,1,1,1,0,1,0,0,medio_baixo
7,10000.0,16,0.75,2,4,1,0,0,0,1,0,1,1,1,0,0,baixo
2,0.0,0,0.0,1,2,1,0,0,1,1,0,1,0,0,0,0,gratuito
1,0.0,0,0.0,2,2,1,1,0,0,0,1,0,0,0,0,0,gratuito
7,10000.0,313,0.8178913738019169,2,1,1,0,0,0,0,1,0,0,0,0,0,alto
9,35000.0,169,0.4970414201183432,1,1,1,0,0,0,1,0,0,0,0,0,0,baixo
3,0.0,0,0.0,0,0,1,0,0,0,0,0,0,0,0,0,0,gratuito
5,10000.0,8,0.375,2,2,1,0,0,0,1,1,0,0,0,0,0,baixo
2,0.0,0,0.0,1,1,1,0,0,0,0,0,0,0,0,0,0,gratuito
1,10000.0,0,0.0,1,3,1,0,0,0,1,0,0,1,1,0,0,baixo
2,10000.0,0,0.0,2,5,1,0,0,0,0,1,1,0,0,0,0,gratuito
2,10000.0,3,1.0,2,3,1,0,0,0,1,0,1,0,1,0,0,baixo
6,10000.0,15,0.8666666666666667,1,3,1,0,0,0,0,0,0,1,0,0,0,gratuito
14,150000.0,590,0.8254237288135593,1,3,1,1,1,0,1,0,0,1,0,1,0,medio_alto
1,10000.0,0,0.0,1,1,1,0,0,1,0,0,1,0,0,0,0,alto
2,10000.0,50,0.86,6,1,1,0,0,0,0,0,0,0,0,0,1,baixo
2,10000.0,8,0.875,9,4,1,0,0,0,0,1,1,1,0,0,1,medio_baixo
8,35000.0,21,0.8571428571428571,1,3,1,1,0,1,1,0,1,0,1,0,0,medio_alto
1,0.0,0,0.0,0,0,1,0,0,0,0,0,0,0,0,0,0,gratuito
6,10000.0,387,0.8992248062015504,1,5,1,1,0,0,0,0,1,1,1,0,0,medio_alto
5,10000.0,22,0.7727272727272727,1,4,1,1,1,0,0,0,0,0,1,0,0,alto
7,35000.0,6,0.16666666666666666,1,2,1,0,0,0,0,0,0,1,0,0,1,baixo
1,0.0,0,0.0,2,3,1,0,0,0,0,0,0,1,0,1,0,gratuito
3,10000.0,1,1.0,1,2,1,0,0,0,0,1,1,0,0,0,0,baixo
1,10000.0,2,1.0,1,3,1,0,0,2,1,1,0,0,0,0,0,baixo
9,75000.0,52,0.6730769230769231,1,2,1,0,0,0,1,0,1,0,0,0,0,baixo
5,35000.0,605,0.9388429752066115,1,2,1,0,0,0,1,0,1,0,0,0,0,medio_alto
5,35000.0,52,0.6346153846153846,1,2,1,1,0,0,1,0,0,1,0,0,0,gratuito
1,35000.0,116,0.9655172413793104,1,3,1,1,1,0,1,0,0,0,0,0,1,alto
1,10000.0,4,1.0,1,1,1,0,0,0,0,0,1,0,0,0,0,medio_alto
4,10000.0,8,0.75,4,3,1,0,0,0,0,0,0,1,0,1,1,alto
4,150000.0,1198,0.8472454090150251,10,3,1,0,0,1,1,0,0,0,0,1,1,alto
4,10000.0,12,1.0,1,2,1,0,0,0,1,1,0,0,0,0,0,medio_baixo
2,10000.0,0,0.0,1,5,1,0,0,0,1,1,0,1,0,0,0,gratuito
2,10000.0,33,0.8181818181818182,30,2,1,0,1,0,1,0,0,1,0,0,0,baixo
1,10000.0,6,1.0,1,3,1,0,0,0,1,1,0,0,1,0,0,medio_alto
1,0.0,0,0.0,0,0,1,0,0,0,0,0,0,0,0,0,0,gratuito
4,10000.0,190,0.9473684210526315,2,2,1,0,0,0,1,0,0,1,0,0,0,baixo
1,10000.0,0,0.0,1,4,1,1,1,0,1,0,1,1,1,0,0,medio_alto
3,10000.0,2,1.0,1,1,1,1,0,0,1,0,0,0,0,0,0,medio_baixo
2,35000.0,15,0.7333333333333333,1,2,1,0,0,1,0,0,0,1,0,0,1,gratuito
2,75000.0,720,0.8208333333333333,13,3,1,0,0,5,1,0,0,0,0,1,1,alto
7,150000.0,148,0.5472972972972973,2,6,1,0,0,0,0,1,0,1,0,1,0,gratuito
8,35000.0,137,0.7007299270072993,11,3,1,1,0,0,1,1,1,0,0,0,0,alto
4,75000.0,1501,0.9360426382411725,2,2,1,0,0,1,0,0,0,1,0,0,1,alto
8,10000.0,34,0.6764705882352942,2,8,1,1,0,0,1,1,1,1,0,1,1,baixo
10,35000.0,458,0.8908296943231441,6,3,1,1,0,1,1,1,0,0,0,0,0,medio_baixo
9,10000.0,69,0.36231884057971014,6,3,1,0,0,0,0,1,0,0,0,0,0,baixo
1,0.0,0,0.0,0,0,1,0,0,0,0,0,0,0,0,0,0,gratuito
2,10000.0,8,0.875,3,2,1,0,1,0,1,0,0,1,0,0,0,medio_baixo
5,10000.0,0,0.0,1,4,1,0,0,0,1,1,1,0,0,1,0,alto
9,35000.0,597,0.8341708542713567,1,3,1,1,1,1,1,1,1,0,0,0,0,baixo
7,10000.0,4,1.0,1,2,1,0,0,0,1,1,0,0,0,0,0,medio_baixo
9,10000.0,41,0.7804878048780488,1,1,1,0,0,0,0,0,0,0,0,1,0,alto
3,10000.0,2,0.0,1,2,1,0,0,0,1,1,0,0,0,0,0,baixo
1,0.0,0,0.0,3,5,1,0,0,0,1,0,0,0,1,1,0,gratuito
9,10000.0,90,0.7111111111111111,1,3,1,0,0,0,1,0,0,1,0,0,1,alto
6,1500000.0,28027,0.8832554322617476,23,2,1,0,0,0,0,1,1,0,0,0,0,medio_baixo
7,35000.0,129,0.7906976744186046,1,2,1,0,0,0,1,0,0,1,0,0,0,baixo
2,10000.0,0,0.0,12,5,1,0,0,0,1,0,1,1,0,1,1,gratuito
1,10000.0,0,0.0,1,1,1,1,0,0,0,0,0,0,0,1,0,medio_alto
5,10000.0,44,0.6363636363636364,1,2,1,0,0,0,0,0,0,1,1,0,0,medio_baixo
1,10000.0,0,0.0,8,3,1,1,1,10,1,0,0,1,0,0,1,baixo
13,350000.0,987,0.7527862208713273,1,3,1,1,1,0,1,0,0,0,1,1,0,medio_baixo
4,10000.0,3,1.0,1,4,1,1,1,0,1,1,0,0,0,0,1,alto
4,10000.0,42,0.7142857142857143,10,5,1,0,0,0,1,1,0,1,0,1,1,baixo
1,10000.0,1,1.0,1,2,1,0,0,0,1,0,1,0,0,0,0,medio_alto
5,10000.0,19,0.7894736842105263,1,1,1,0,0,0,1,0,0,0,0,0,0,baixo
16,150000.0,494,0.7246963562753036,1,3,1,1,1,0,1,1,0,1,0,0,0,baixo
7,75000.0,2488,0.8127009646302251,12,4,1,0,0,1,1,1,1,0,1,0,0,medio_alto
7,75000.0,16,0.6875,103,2,1,0,0,0,0,0,1,0,1,0,0,baixo
6,10000.0,3,0.0,1,3,1,0,0,0,1,0,0,1,0,0,0,medio_baixo
3,10000.0,0,0.0,3,4,1,0,1,0,1,0,1,0,1,1,0,medio_baixo
3,10000.0,36,0.8611111111111112,11,2,1,0,0,0,0,0,1,1,0,0,0,medio_alto
1,10000.0,88,0.9431818181818182,1,2,1,0,0,0,1,0,0,1,0,0,0,baixo
1,0.0,0,0.0,1,3,1,0,0,0,1,0,0,1,0,0,0,gratuito
1,0.0,0,0.0,0,0,1,0,0,0,0,0,0,0,0,0,0,gratuito
7,10000.0,29,0.896551724137931,7,2,1,0,0,0,1,1,0,0,0,0,0,baixo
1,10000.0,0,0.0,20,4,1,0,0,0,1,1,1,1,0,0,0,medio_baixo
1,0.0,0,0.0,1,2,1,0,0,0,1,0,0,1,0,0,0,medio_baixo
10,10000.0,16,0.5625,2,4,1,0,0,0,1,1,0,1,0,0,0,alto
4,10000.0,19,0.8421052631578947,1,3,1,0,0,0,1,0,0,0,0,1,1,baixo
2,150000.0,4436,0.9190712353471596,1,4,1,0,1,1,1,1,1,0,0,0,0,alto
2,10000.0,7,0.5714285714285714,4,3,1,0,0,0,1,0,1,1,0,0,0,baixo
5,10000.0,13,0.6153846153846154,2,3,1,0,0,0,1,1,1,0,0,0,0,alto
4,10000.0,100,0.84,8,3,1,0,0,1,1,1,1,0,0,0,0,medio_alto
4,0.0,0,0.0,0,0,1,0,0,0,0,0,0,0,0,0,0,gratuito
8,10000.0,44,0.75,1,4,1,0,0,0,1,1,1,0,0,0,0,gratuito
1,10000.0,4,1.0,1,2,1,0,0,0,0,1,0,0,0,0,0,baixo
2,1500000.0,31388,0.8642474831145661,22,3,1,0,0,3,0,1,1,0,1,0,0,alto
10,10000.0,27,0.4074074074074074,1,2,1,1,0,0,1,0,1,0,0,0,0,baixo
1,10000.0,214,0.9018691588785047,4,5,1,1,0,0,1,0,1,1,1,0,1,alto
4,10000.0,3,0.0,1,5,1,0,0,0,1,0,1,1,1,0,0,alto
11,10000.0,23,0.9565217391304348,5,3,1,0,0,0,1,1,1,0,0,0,0,alto
12,35000.0,106,0.22641509433962265,1,2,1,0,0,0,1,1,0,0,0,0,0,medio_baixo
6,10000.0,1,1.0,1,1,1,0,0,0,1,0,0,0,0,0,0,medio_baixo
4,0.0,0,0.0,0,0,1,0,0,0,0,0,0,0,0,0,0,gratuito
5,75000.0,1706,0.9454865181711606,3,2,1,0,0,4,0,1,0,0,1,0,0,alto
2,10000.0,15,0.4,29,1,1,0,0,0,0,0,0,0,0,0,1,alto
4,0.0,0,0.0,1,4,1,0,0,0,1,0,1,0,0,0,0,gratuito
1,10000.0,0,0.0,1,4,1,0,0,0,1,1,1,0,0,0,0,alto
4,10000.0,0,0.0,1,4,1,0,0,0,0,0,0,1,1,0,0,gratuito
5,10000.0,21,0.9523809523809523,7,3,1,0,0,0,1,1,1,0,0,0,0,medio_baixo
1,0.0,0,0.0,0,0,1,0,0,0,0,0,0,0,0,0,0,gratuito
2,10000.0,111,0.9459459459459459,3,1,1,0,0,0,0,0,1,0,0,0,0,baixo
7,10000.0,3,1.0,1,5,1,1,0,0,1,0,0,0,1,1,1,alto
6,10000.0,62,0.7741935483870968,7,2,1,0,0,0,0,0,1,1,0,0,0,baixo
2,10000.0,8,0.875,9,2,1,0,0,0,1,0,1,0,0,0,0,medio_baixo
1,0.0,0,0.0,26,4,1,0,0,0,1,0,0,1,0,1,1,baixo
5,10000.0,10,0.2,13,6,1,0,0,0,1,1,1,0,1,1,0,alto
2,35000.0,934,0.7366167023554604,5,2,1,0,0,0,0,0,1,0,1,0,0,alto
4,0.0,0,0.0,0,0,1,0,0,0,0,0,0,0,0,0,0,gratuito
1,10000.0,0,0.0,3,1,1,0,0,0,1,0,0,0,0,0,0,alto
3,35000.0,2,0.0,1,2,1,0,0,0,0,1,0,0,0,0,0,medio_baixo
3,10000.0,0,0.0,1,2,1,0,0,0,1,0,1,0,0,0,0,alto
2,0.0,0,0.0,3,4,1,1,1,0,1,1,0,1,0,0,0,gratuito
4,10000.0,5,0.4,10,3,1,0,0,0,1,1,0,0,1,0,0,medio_alto
4,10000.0,6,0.8333333333333334,22,3,1,0,0,0,1,0,0,1,0,1,0,baixo
3,0.0,0,0.0,0,0,1,0,0,0,0,0,0,0,0,0,0,gratuito
1,10000.0,0,0.0,1,3,1,0,0,0,1,1,1,0,0,0,0,medio_alto
5,10000.0,49,0.6122448979591837,1,5,1,0,0,0,1,1,1,0,1,0,0,gratuito
2,10000.0,18,1.0,8,2,1,0,0,0,1,0,1,0,0,0,0,medio_alto
6,35000.0,5,1.0,1,1,1,0,0,0,1,0,0,0,0,0,0,medio_baixo
11,150000.0,1953,0.47721454173067074,10,2,1,1,1,0,0,0,0,0,0,1,1,medio_alto
6,10000.0,11,1.0,1,3,1,0,0,0,1,1,0,0,0,0,0,medio_baixo
7,10000.0,15,0.8666666666666667,1,2,1,0,0,0,1,1,0,0,0,0,0,alto
7,35000.0,2,1.0,1,2,1,0,0,0,1,0,1,0,0,0,0,alto
14,75000.0,288,0.7847222222222222,1,2,1,1,1,0,1,0,0,1,0,0,0,medio_alto
1,10000.0,7,1.0,1,4,1,0,0,0,1,0,0,0,0,1,1,medio_alto
8,10000.0,6,0.5,1,1,1,0,0,0,1,0,0,0,0,0,0,baixo
1,0.0,0,0.0,1,4,1,1,0,0,0,1,0,1,0,1,0,medio_alto
5,35000.0,20,0.8,2,3,1,0,0,0,1,1,1,0,0,0,0,baixo
5,35000.0,2,1.0,1,6,1,0,0,0,1,1,1,1,1,1,0,alto
1,10000.0,0,0.0,6,2,1,0,0,0,0,1,0,1,0,0,0,medio_baixo
2,0.0,0,0.0,0,0,1,0,0,0,0,0,0,0,0,0,0,gratuito
6,750000.0,5726,0.8924205378973105,1,4,1,0,0,0,1,1,1,0,0,0,0,gratuito
8,10000.0,13,0.38461538461538464,1,4,1,0,1,0,1,1,1,1,0,0,0,baixo
2,0.0,0,0.0,1,6,1,0,0,0,1,1,1,1,1,0,0,gratuito
1,0.0,0,0.0,1,4,1,0,0,0,1,0,1,1,1,0,0,medio_baixo
10,35000.0,53,0.6981132075471698,1,2,1,0,0,0,1,0,0,1,0,0,0,alto
9,10000.0,152,0.5723684210526315,103,5,1,0,0,0,1,1,1,1,0,1,0,baixo
1,10000.0,0,0.0,1,5,1,0,0,0,1,1,1,1,0,0,0,baixo
10,10000.0,60,0.55,8,3,1,0,0,0,1,1,1,0,0,0,0,baixo
2,10000.0,3,0.6666666666666666,1,1,1,0,0,3,0,0,0,0,0,0,1,medio_alto
7,10000.0,4,0.5,1,1,1,0,0,0,0,0,0,0,0,0,0,medio_alto
3,10000.0,9,0.8888888888888888,2,1,1,0,0,0,0,0,0,0,0,1,0,medio_baixo
6,75000.0,5,0.4,4,2,1,0,0,0,0,0,0,0,0,0,1,baixo
5,10000.0,1,0.0,1,1,1,0,0,0,0,0,0,0,1,0,0,baixo
3,75000.0,52,0.5769230769230769,1,5,1,1,0,0,0,1,0,1,0,1,1,gratuito
2,10000.0,11,1.0,10,5,1,0,0,0,1,1,1,1,1,0,0,medio_alto
5,10000.0,0,0.0,1,6,1,0,0,0,1,1,1,1,0,1,0,gratuito
2,10000.0,83,0.891566265060241,5,1,1,0,0,0,0,0,0,0,1,0,0,alto
4,10000.0,0,0.0,1,2,1,0,0,0,0,1,1,0,0,0,0,baixo
4,10000.0,159,0.7484276729559748,5,2,1,0,0,1,1,0,1,0,0,0,0,medio_baixo
4,35000.0,9,1.0,7,3,1,1,1,1,1,0,1,1,0,0,0,alto
3,10000.0,0,0.0,1,1,1,0,0,0,1,0,0,0,0,0,0,medio_alto
1,10000.0,14,0.9285714285714286,11,6,1,0,0,0,1,1,1,1,0,1,1,baixo
4,0.0,0,0.0,1,2,1,0,0,0,1,1,0,0,0,0,0,gratuito
8,10000.0,22,0.36363636363636365,1,4,1,0,1,0,1,0,0,1,0,1,1,medio_baixo
7,10000.0,34,0.6176470588235294,103,5,1,0,0,0,1,0,1,1,0,1,1,medio_baixo
1,10000.0,0,0.0,3,1,1,0,0,0,0,0,0,0,1,0,0,alto
5,10000.0,194,0.9536082474226805,1,3,1,1,0,2,1,0,1,1,0,0,0,medio_baixo
12,10000.0,47,0.2765957446808511,2,3,1,0,0,0,1,1,0,0,0,1,0,alto
3,10000.0,2,1.0,1,2,1,0,0,0,0,1,0,1,0,0,0,medio_alto
5,10000.0,10,0.3,1,1,1,0,0,0,0,0,0,1,0,0,0,alto
1,0.0,0,0.0,0,0,1,0,0,0,0,0,0,0,0,0,0,gratuito
8,35000.0,22,0.45454545454545453,1,4,1,0,1,0,1,1,1,1,0,0,0,baixo
2,10000.0,0,0.0,1,4,1,0,0,0,1,0,0,1,0,0,1,gratuito
9,35000.0,90,0.5444444444444444,2,2,1,0,0,0,1,0,0,1,0,0,0,medio_alto
5,10000.0,22,1.0,1,3,1,0,0,0,1,0,0,1,0,0,1,gratuito
2,75000.0,207,0.9082125603864735,6,3,1,0,0,1,1,0,1,0,1,0,0,alto
5,10000.0,22,0.6363636363636364,1,11,1,0,0,0,1,1,1,1,1,1,1,gratuito
1,0.0,0,0.0,1,2,1,0,0,0,1,1,0,0,0,0,0,alto
1,0.0,0,0.0,5,6,1,0,0,0,1,1,1,1,0,0,1,baixo
4,10000.0,5,0.8,29,2,1,0,0,0,1,0,0,1,0,0,0,baixo
1,10000.0,0,0.0,17,3,1,0,0,0,1,1,0,0,0,1,0,alto
6,10000.0,44,0.8181818181818182,1,2,1,0,1,1,1,0,1,0,0,0,0,medio_baixo
3,10000.0,5,0.8,1,3,1,0,0,0,1,1,0,1,0,0,0,medio_baixo
9,10000.0,6,1.0,1,2,1,0,0,0,0,0,1,1,0,0,0,medio_alto
4,10000.0,2,0.5,2,2,1,0,0,0,1,0,0,0,0,0,0,medio_baixo
4,10000.0,0,0.0,1,3,1,0,0,0,1,0,1,0,0,0,1,medio_baixo
10,10000.0,8,0.625,1,0,1,0,0,0,0,0,0,0,0,0,0,gratuito
12,75000.0,231,0.43722943722943725,1,3,1,0,0,0,1,1,1,0,0,0,0,medio_alto
5,1500000.0,10640,0.7097744360902256,3,4,1,0,0,0,0,1,0,0,1,0,0,gratuito
2,10000.0,0,0.0,1,2,1,0,0,0,1,0,0,0,0,0,0,gratuito
4,10000.0,8,1.0,1,2,1,0,0,0,0,1,0,0,0,0,0,alto
1,10000.0,275,0.9418181818181818,13,2,1,0,0,0,0,0,0,1,1,0,0,alto
6,10000.0,5,1.0,1,2,1,0,0,0,1,1,0,0,0,0,0,gratuito
1,10000.0,0,0.0,1,2,1,0,0,0,1,0,0,1,0,0,0,medio_baixo
8,35000.0,115,0.6956521739130435,9,6,1,1,1,0,1,1,0,1,0,1,0,gratuito
1,10000.0,2,1.0,1,2,1,0,0,0,0,0,0,1,0,0,1,baixo
2,10000.0,19,0.5263157894736842,103,6,1,0,0,0,0,1,1,1,0,1,1,baixo
1,0.0,0,0.0,1,3,1,0,0,0,0,0,0,0,1,0,0,gratuito
7,10000.0,12,0.8333333333333334,1,4,1,0,0,0,1,0,1,0,1,1,0,alto
8,10000.0,112,0.5982142857142857,1,3,1,0,0,0,0,1,0,1,0,1,0,baixo
1,0.0,0,0.0,1,2,1,1,0,0,0,0,0,0,0,0,0,gratuito
1,0.0,0,0.0,0,0,1,0,0,0,0,0,0,0,0,0,0,gratuito
4,10000.0,0,0.0,1,1,1,0,0,0,0,0,0,1,0,0,0,alto
2,10000.0,6,0.5,3,3,1,0,0,0,1,0,0,1,0,0,1,baixo
1,10000.0,0,0.0,1,4,1,0,0,0,1,1,1,0,0,1,0,medio_alto
4,10000.0,5,0.4,3,4,1,0,0,0,1,0,0,1,0,0,1,medio_alto
3,10000.0,194,0.979381443298969,1,2,1,1,0,1,1,0,0,1,0,0,0,medio_baixo
2,10000.0,0,0.0,1,3,1,0,0,0,1,0,0,1,0,1,0,baixo
7,10000.0,0,0.0,4,2,1,0,0,0,1,0,1,0,0,0,0,alto
1,0.0,0,0.0,0,0,1,0,0,0,0,0,0,0,0,0,0,gratuito
8,10000.0,22,0.3181818181818182,4,2,1,0,0,0,0,0,0,1,0,0,0,alto
6,10000.0,8,0.5,2,6,1,0,0,0,1,1,1,0,1,0,1,alto
2,10000.0,21,0.7142857142857143,2,3,1,1,1,0,1,0,1,1,0,0,0,baixo
1,10000.0,419,0.8973747016706444,14,3,1,1,1,1,1,0,1,1,0,0,0,alto
9,10000.0,6,0.3333333333333333,1,1,1,0,0,0,0,0,0,0,0,0,0,alto
6,35000.0,106,0.7641509433962265,1,2,1,0,0,0,1,0,0,0,0,0,1,gratuito
3,10000.0,15,1.0,1,2,1,1,0,0,0,0,1,1,0,0,0,medio_alto
1,10000.0,0,0.0,1,4,1,0,0,0,1,1,0,1,0,0,1,medio_alto
11,350000.0,927,0.8802588996763754,10,2,1,1,1,0,1,1,0,0,0,0,0,medio_alto
6,10000.0,8,0.5,2,2,1,0,0,0,1,0,1,0,0,0,0,medio_alto
5,10000.0,9,0.8888888888888888,2,3,1,0,0,0,1,0,1,1,0,0,0,medio_alto
1,10000.0,4,0.5,1,5,1,0,0,0,1,0,1,1,1,0,1,baixo
14,1500000.0,13139,0.8529568460309004,10,3,1,0,0,10,1,1,0,0,0,1,0,baixo
9,35000.0,4,1.0,1,1,1,0,0,0,0,1,0,0,0,0,0,baixo
1,10000.0,0,0.0,14,4,1,0,0,0,1,0,0,1,0,0,1,medio_baixo
4,10000.0,0,0.0,1,1,1,0,0,0,0,0,0,0,0,0,1,gratuito
1,0.0,0,0.0,1,4,1,0,0,0,0,1,0,1,0,1,0,gratuito
4,10000.0,1,0.0,3,3,1,0,0,0,1,0,0,0,1,0,0,medio_alto
7,10000.0,56,0.6785714285714286,2,3,1,1,0,0,1,0,0,0,0,1,1,medio_baixo
8,10000.0,123,0.9512195121951219,3,2,1,1,0,7,1,1,0,0,0,0,0,alto
3,0.0,0,0.0,1,4,1,0,0,0,1,1,0,1,0,0,0,gratuito
1,10000.0,0,0.0,1,3,1,0,0,0,0,0,0,1,1,0,1,alto
9,350000.0,1432,0.6131284916201117,1,5,1,0,0,0,1,1,0,1,0,1,0,gratuito
9,10000.0,105,0.9619047619047619,1,3,1,1,1,0,1,0,1,0,1,0,0,medio_alto
2,10000.0,22,0.8181818181818182,9,2,1,0,0,0,1,1,0,0,0,0,0,medio_alto
4,0.0,0,0.0,0,0,1,0,0,0,0,0,0,0,0,0,0,gratuito
9,350000.0,5,1.0,1,3,1,1,0,0,1,1,0,1,0,0,0,alto
7,10000.0,44,0.5454545454545454,1,3,1,1,0,0,1,1,1,0,0,0,0,alto
5,35000.0,103,0.9029126213592233,8,3,1,0,0,2,1,1,1,0,0,0,0,medio_alto
1,10000.0,0,0.0,1,1,1,0,0,0,0,0,1,0,0,0,0,medio_alto
4,0.0,0,0.0,0,0,1,0,0,0,0,0,0,0,0,0,0,gratuito
1,10000.0,3,1.0,1,2,1,0,0,0,1,0,0,1,0,0,0,medio_alto
1,0.0,0,0.0,2,3,1,0,0,0,1,1,0,1,0,0,0,medio_baixo
4,10000.0,47,0.9148936170212766,2,2,1,0,0,0,1,0,1,0,0,0,0,medio_baixo
7,10000.0,0,0.0,1,3,1,1,1,0,1,0,0,1,0,0,1,medio_baixo
3,10000.0,4,0.75,2,4,1,1,0,0,1,1,1,0,1,0,0,medio_alto
6,35000.0,25,0.88,2,3,1,0,0,0,1,0,1,1,0,0,0,gratuito
6,10000.0,5,0.8,1,3,1,0,0,0,1,0,0,1,0,0,0,baixo
8,35000.0,52,0.6538461538461539,3,3,1,0,0,0,1,1,1,0,0,0,0,baixo
2,10000.0,1,0.0,2,2,1,0,0,0,1,0,0,1,0,0,0,medio_baixo
1,10000.0,0,0.0,1,3,1,0,0,0,1,1,0,1,0,0,0,medio_alto
2,10000.0,11,0.9090909090909091,2,4,1,0,0,0,1,1,1,0,0,0,0,medio_alto
2,10000.0,285,0.9508771929824561,4,2,1,0,0,1,0,1,1,0,0,0,0,alto
10,35000.0,384,0.8177083333333334,2,2,1,0,0,0,1,0,0,1,0,0,0,baixo
1,0.0,0,0.0,3,2,1,0,0,0,1,0,0,1,0,0,0,alto
2,10000.0,4,1.0,1,3,1,0,0,0,1,1,0,1,0,0,0,medio_alto
1,10000.0,0,0.0,1,3,1,1,1,0,1,0,1,1,0,0,0,alto
1,0.0,0,0.0,0,0,1,0,0,0,0,0,0,0,0,0,0,gratuito
1,0.0,0,0.0,0,0,1,0,0,0,0,0,0,0,0,0,0,gratuito
1,0.0,0,0.0,0,0,1,0,0,0,0,0,0,0,0,0,0,gratuito
1,10000.0,0,0.0,1,3,1,0,0,0,0,1,0,0,1,0,1,alto
7,10000.0,337,0.5548961424332344,2,5,1,0,0,0,1,1,1,0,1,0,0,baixo
1,10000.0,0,0.0,11,2,1,0,0,0,1,0,1,0,0,0,0,alto
4,10000.0,7,1.0,1,3,1,0,0,0,1,1,1,0,0,0,0,medio_alto
11,750000.0,8859,0.6318997629529293,13,3,1,1,1,1,1,1,1,0,0,0,0,medio_alto
2,0.0,0,0.0,1,5,1,0,1,0,1,0,1,1,0,0,1,gratuito
9,10000.0,17,0.5294117647058824,1,3,1,0,0,1,1,1,1,0,0,0,0,gratuito
4,10000.0,6,0.6666666666666666,1,2,1,0,0,0,0,1,0,1,0,0,0,alto
2,10000.0,0,0.0,1,1,1,0,0,0,0,0,0,0,0,0,1,alto
4,35000.0,404,0.6311881188118812,6,2,1,0,0,2,0,0,0,0,1,1,0,alto
5,10000.0,1,1.0,2,4,1,0,0,0,1,1,1,0,1,0,0,medio_alto
2,10000.0,133,0.7894736842105263,2,4,1,0,0,0,1,1,1,0,1,0,0,medio_baixo
1,10000.0,0,0.0,3,4,1,0,0,0,1,0,1,0,1,1,0,medio_baixo
1,0.0,0,0.0,9,3,1,0,1,0,1,0,0,0,0,0,0,medio_alto
3,10000.0,3,0.6666666666666666,9,5,1,0,0,0,1,0,0,1,0,0,1,alto
2,10000.0,2,0.5,1,1,1,0,0,0,1,0,0,0,0,0,0,alto
2,10000.0,84,0.6904761904761905,3,1,1,0,0,0,0,0,0,0,1,0,0,alto
9,10000.0,5,0.0,1,3,1,0,0,0,1,0,0,1,0,0,0,baixo
7,35000.0,14,0.8571428571428571,2,3,1,0,0,0,1,0,0,0,0,1,0,gratuito
2,10000.0,27,0.7777777777777778,15,5,1,0,0,0,1,0,0,1,0,0,1,baixo
10,10000.0,41,0.926829268292683,1,1,1,0,0,1,0,0,0,1,0,0,0,alto
1,0.0,0,0.0,1,3,1,0,0,0,1,1,0,0,0,0,0,gratuito
2,10000.0,34,0.8529411764705882,5,4,1,0,0,0,1,0,0,1,0,0,1,alto
15,35000.0,173,0.884393063583815,1,3,1,1,0,0,1,0,1,1,0,0,0,medio_baixo
1,0.0,0,0.0,1,3,1,0,0,0,0,1,1,0,1,0,0,baixo
9,10000.0,6,0.6666666666666666,1,3,1,0,0,0,1,1,1,0,0,0,0,medio_alto
2,10000.0,0,0.0,1,4,1,0,0,0,1,1,1,0,0,0,1,baixo
4,10000.0,0,0.0,1,1,1,0,0,0,0,0,0,0,0,0,1,alto
2,10000.0,6,0.5,2,1,1,0,0,0,0,0,0,0,0,1,0,medio_baixo
5,10000.0,0,0.0,7,3,1,0,0,0,1,0,1,1,0,0,0,baixo
6,10000.0,9,1.0,1,3,1,0,0,0,1,0,1,1,0,0,0,baixo
5,10000.0,13,0.9230769230769231,1,2,1,0,0,0,1,0,0,0,0,1,0,baixo
2,10000.0,20,0.8,1,5,1,0,0,0,1,0,1,1,1,0,1,medio_baixo
3,0.0,0,0.0,2,1,1,0,0,0,0,1,0,0,0,0,0,gratuito
9,10000.0,29,0.9655172413793104,1,2,1,0,0,0,1,1,0,0,0,0,0,alto
2,10000.0,3,1.0,3,6,1,0,0,0,1,1,1,0,1,1,1,medio_alto
3,10000.0,0,0.0,4,4,1,0,0,0,1,1,1,0,0,0,0,gratuito
4,10000.0,23,0.6521739130434783,1,3,1,0,0,0,1,1,1,0,0,0,0,medio_baixo
2,10000.0,1,1.0,1,2,1,0,0,0,1,0,0,1,0,0,0,medio_baixo
9,10000.0,20,0.65,1,3,1,0,0,0,1,1,0,0,0,0,0,medio_baixo
1,10000.0,0,0.0,15,5,1,0,0,0,1,0,0,1,1,1,1,medio_baixo
4,0.0,0,0.0,1,4,1,0,0,0,0,1,0,1,0,1,0,gratuito
3,10000.0,25,0.64,1,4,1,0,0,0,1,0,1,1,1,0,0,medio_baixo
1,0.0,0,0.0,1,6,1,0,0,0,1,1,0,1,0,1,0,gratuito
3,10000.0,2,0.5,1,5,1,0,0,0,1,0,1,0,1,1,1,medio_baixo
2,10000.0,0,0.0,6,2,1,0,0,0,0,0,0,1,1,0,0,alto
2,35000.0,5,1.0,1,4,1,0,0,0,1,1,1,1,0,0,0,medio_baixo
4,10000.0,6,0.8333333333333334,2,5,1,0,0,0,1,0,1,0,1,1,0,medio_alto
5,0.0,0,0.0,2,1,1,0,0,0,0,0,1,0,0,0,0,gratuito
1,0.0,0,0.0,1,2,1,0,0,0,1,0,1,0,0,0,0,medio_baixo
7,10000.0,5,0.6,1,2,1,0,0,0,1,0,0,1,0,0,0,medio_baixo
3,10000.0,3,0.3333333333333333,2,1,1,0,0,0,0,1,0,0,0,0,0,alto
2,0.0,0,0.0,1,4,1,0,0,0,0,0,0,1,0,1,1,gratuito
8,10000.0,47,0.425531914893617,1,2,1,0,0,0,1,1,0,0,0,0,0,baixo
2,150000.0,4190,0.9107398568019093,15,3,1,1,1,0,0,0,1,0,1,0,1,alto
2,0.0,0,0.0,103,5,1,0,0,0,1,1,1,1,0,0,0,medio_baixo
2,10000.0,0,0.0,9,3,1,1,0,2,1,1,1,0,0,0,0,alto
12,35000.0,164,0.6280487804878049,1,2,1,0,0,0,1,0,0,0,0,1,0,baixo
3,10000.0,0,0.0,1,1,1,0,0,0,0,0,0,1,0,0,0,baixo
8,35000.0,10,0.9,1,2,1,0,0,1,1,0,0,1,0,0,0,baixo
5,10000.0,10,0.7,1,2,1,0,0,0,0,0,0,1,0,1,0,medio_alto
2,10000.0,0,0.0,1,2,1,0,0,0,0,1,1,0,0,0,0,medio_alto
4,10000.0,4,0.5,2,3,1,0,0,0,1,0,0,0,0,0,1,medio_alto
9,35000.0,36,0.6111111111111112,1,6,1,0,0,0,1,0,1,1,0,1,1,baixo
1,0.0,0,0.0,1,4,1,0,0,0,0,0,1,0,1,0,1,medio_alto
7,10000.0,7,0.8571428571428571,1,2,1,0,0,0,0,0,1,0,1,0,0,gratuito
11,75000.0,112,0.5446428571428571,1,3,1,1,1,1,1,1,0,0,1,0,0,baixo
9,10000.0,16,0.875,1,2,1,0,0,0,1,0,0,0,1,0,0,medio_baixo
6,10000.0,5,0.4,1,4,1,0,0,0,1,1,1,0,1,0,0,alto
5,10000.0,2,0.5,1,1,1,1,1,0,0,0,0,1,0,0,0,baixo
2,10000.0,15,0.8666666666666667,1,5,1,0,0,0,1,1,0,1,0,0,0,medio_alto
3,10000.0,5,1.0,1,2,1,0,0,0,0,0,1,1,0,0,0,medio_alto
11,10000.0,53,0.7358490566037735,7,3,1,0,0,0,1,1,0,0,0,0,0,alto
1,10000.0,0,0.0,6,4,1,0,0,1,1,1,1,1,0,0,0,medio_alto
12,75000.0,585,0.6957264957264957,1,2,1,0,0,1,1,1,0,0,0,0,0,alto
5,75000.0,62,0.6612903225806451,5,1,1,0,0,0,0,0,1,0,0,0,0,baixo
7,10000.0,33,0.7878787878787878,3,4,1,0,0,0,0,0,1,1,1,1,0,alto
1,10000.0,0,0.0,2,4,1,0,0,0,1,0,1,1,0,0,0,gratuito
6,10000.0,0,0.0,1,4,1,0,0,0,1,1,0,1,0,0,0,baixo
1,0.0,0,0.0,2,4,1,0,0,0,1,1,0,0,0,1,0,baixo
9,75000.0,11,0.7272727272727273,1,2,1,1,1,0,0,1,0,0,0,0,1,medio_alto
8,75000.0,395,0.9544303797468354,1,6,1,0,0,0,1,0,1,1,1,0,1,gratuito
7,35000.0,478,0.5627615062761506,7,3,1,1,1,0,1,0,0,0,1,1,0,medio_alto
2,0.0,0,0.0,0,0,1,0,0,0,0,0,0,0,0,0,0,gratuito
3,10000.0,2,0.5,4,2,1,0,0,0,0,0,0,1,0,1,0,alto
2,10000.0,12,0.75,1,3,1,0,0,0,1,1,1,0,0,0,0,medio_baixo
4,0.0,0,0.0,0,0,1,0,0,0,0,0,0,0,0,0,0,gratuito
3,0.0,0,0.0,5,4,1,0,0,0,1,1,0,1,0,0,0,gratuito
6,10000.0,37,0.6216216216216216,1,2,1,0,0,0,1,0,0,1,0,0,0,alto
11,10000.0,160,0.78125,1,1,1,0,0,0,0,0,0,0,0,0,1,medio_alto
3,35000.0,113,0.8849557522123894,11,4,1,0,0,0,1,1,1,0,1,0,0,alto
2,10000.0,15,0.2,1,3,1,0,0,0,1,0,0,1,0,0,0,gratuito
9,35000.0,23,0.6521739130434783,1,1,1,0,0,0,0,0,0,0,0,1,0,alto
10,35000.0,26,0.8461538461538461,1,3,1,0,0,0,1,1,0,1,0,0,0,medio_alto
3,10000.0,15,0.8666666666666667,1,5,1,0,1,0,1,0,1,1,0,1,0,medio_baixo
4,10000.0,35,0.45714285714285713,1,2,1,0,0,0,1,1,0,0,0,0,0,alto
2,10000.0,1,0.0,1,1,1,0,0,0,0,0,0,0,0,0,1,medio_alto
4,0.0,0,0.0,2,4,1,0,0,0,1,0,0,1,0,0,1,gratuito
4,0.0,0,0.0,0,0,1,0,0,0,0,0,0,0,0,0,0,gratuito
11,3500000.0,8441,0.7743158393555266,13,3,1,1,1,1,1,1,1,0,0,0,0,medio_baixo
5,0.0,0,0.0,1,4,1,1,0,0,1,0,1,1,0,0,0,gratuito
3,10000.0,350,0.76,6,3,1,0,0,5,0,0,1,0,1,0,1,alto
10,10000.0,82,0.7560975609756098,2,3,1,1,0,0,1,1,0,0,0,0,1,medio_alto
1,10000.0,0,0.0,6,4,1,0,0,0,1,0,1,1,0,0,1,medio_alto
3,10000.0,3,0.6666666666666666,29,5,1,0,0,0,1,1,1,1,0,1,0,baixo
3,1500000.0,50302,0.6554212556160789,14,2,1,0,0,4,0,1,0,0,1,0,0,alto
2,10000.0,16,1.0,4,3,1,0,0,0,1,0,1,0,1,0,0,alto
2,35000.0,35,0.7714285714285715,4,4,1,0,0,0,1,0,0,1,1,1,0,medio_baixo
1,0.0,0,0.0,103,2,1,0,0,0,1,0,0,1,0,0,0,baixo
9,35000.0,141,0.574468085106383,8,3,1,1,1,0,1,1,1,0,0,0,0,gratuito
10,10000.0,138,0.644927536231884,3,2,1,0,0,0,0,0,0,1,1,0,0,alto
7,10000.0,7,0.8571428571428571,1,2,1,0,0,0,1,1,0,0,0,0,0,alto
3,10000.0,2,1.0,1,3,1,0,0,0,1,1,0,1,0,0,0,medio_baixo
5,10000.0,10,0.9,9,3,1,1,0,0,1,0,0,1,0,1,0,alto
11,150000.0,216,0.7453703703703703,1,2,1,0,0,0,1,0,1,0,0,0,0,medio_baixo
1,0.0,0,0.0,1,1,1,0,0,0,0,0,1,0,0,0,0,medio_alto
1,10000.0,0,0.0,1,2,1,0,1,0,1,0,0,0,1,0,0,medio_alto
5,0.0,0,0.0,1,6,1,0,1,0,1,1,0,1,0,0,0,gratuito
3,0.0,0,0.0,1,5,1,0,0,0,1,1,1,0,1,1,0,gratuito
4,10000.0,18,0.7222222222222222,2,4,1,0,0,0,1,0,1,1,0,0,1,baixo
4,10000.0,1,1.0,4,2,1,0,0,0,0,0,1,0,1,0,0,baixo
5,35000.0,394,0.916243654822335,5,2,1,0,0,2,1,1,0,0,0,0,0,baixo
2,0.0,0,0.0,2,4,1,0,0,0,1,0,0,0,1,1,0,gratuito
4,10000.0,13,0.9230769230769231,1,1,1,0,0,0,0,0,0,0,0,0,1,medio_alto
8,10000.0,13,0.8461538461538461,1,2,1,1,0,0,1,0,0,0,0,1,0,gratuito
8,10000.0,52,0.5576923076923077,15,1,1,1,1,3,1,0,0,0,0,0,0,alto
3,75000.0,41,0.6829268292682927,1,3,1,0,0,1,1,0,1,0,1,0,0,medio_baixo
10,10000.0,16,0.5625,1,3,1,0,0,0,1,0,1,1,0,0,0,baixo
1,0.0,0,0.0,1,3,1,0,1,0,1,1,0,0,0,0,0,gratuito
1,0.0,0,0.0,1,3,1,0,0,0,1,1,0,0,0,0,0,gratuito
3,10000.0,0,0.0,1,4,1,0,1,0,1,0,1,1,0,0,1,medio_baixo
7,10000.0,233,0.7124463519313304,19,4,1,0,0,0,0,0,0,0,0,0,0,gratuito
16,10000.0,4045,0.8019777503090235,8,2,1,0,0,0,0,1,0,0,1,0,0,alto
7,10000.0,29,0.7241379310344828,6,4,1,0,0,0,1,1,0,1,0,1,0,medio_alto
3,75000.0,15,1.0,1,2,1,0,0,0,1,1,0,0,0,0,0,medio_baixo
2,10000.0,46,0.6956521739130435,2,4,1,0,0,0,1,0,0,1,0,0,1,gratuito
6,10000.0,540,0.8796296296296297,2,1,1,0,0,0,1,0,0,0,0,0,0,baixo
3,10000.0,23,0.9130434782608695,7,2,1,0,0,0,1,1,0,0,0,0,0,alto
8,10000.0,15,0.4666666666666667,7,4,1,0,0,0,1,1,1,1,0,0,0,medio_baixo
1,10000.0,0,0.0,5,2,1,1,0,0,0,1,0,0,0,0,0,alto
3,10000.0,6,1.0,1,3,1,0,0,0,1,0,0,1,0,1,0,medio_alto
3,10000.0,2,0.5,1,3,1,0,0,0,1,1,0,1,0,0,0,alto
7,10000.0,10,1.0,1,1,1,0,0,1,1,0,0,0,0,0,0,baixo
9,10000.0,3,0.3333333333333333,1,6,1,0,0,0,1,1,1,0,0,0,0,gratuito
2,10000.0,9,0.8888888888888888,1,5,1,0,0,0,1,0,0,1,0,1,1,medio_alto
8,75000.0,48,0.4791666666666667,103,1,1,0,0,1,0,0,0,0,0,0,1,baixo
5,350000.0,2313,0.9809770860354518,11,2,1,1,0,0,1,0,0,1,0,0,0,baixo
7,10000.0,426,0.8474178403755869,13,4,1,1,0,6,1,0,0,1,0,1,1,alto
4,35000.0,9,0.6666666666666666,1,3,1,0,0,0,1,1,1,0,0,0,0,baixo
6,35000.0,2,1.0,1,3,1,0,0,0,1,1,0,0,0,0,1,medio_alto
5,10000.0,19,0.7894736842105263,1,1,1,0,0,0,0,0,0,1,0,0,0,baixo
2,10000.0,287569,0.7956942507711193,16,2,1,0,0,0,0,1,0,0,0,0,0,gratuito
7,10000.0,32,0.4375,1,5,1,0,0,0,1,0,0,1,0,1,1,gratuito
2,10000.0,8,0.75,1,2,1,0,0,0,1,1,0,0,0,0,0,medio_baixo
12,35000.0,102,0.8137254901960784,2,3,1,0,0,0,1,1,1,0,0,0,0,alto
2,35000.0,230,0.8652173913043478,14,2,1,0,0,0,1,0,1,0,0,0,0,medio_baixo
6,350000.0,8690,0.9079401611047181,14,2,1,0,0,1,1,0,0,1,0,0,0,medio_baixo
2,10000.0,0,0.0,1,1,1,0,0,0,0,0,0,0,0,0,0,baixo
2,10000.0,1,1.0,1,2,1,0,0,0,1,0,1,0,0,0,0,alto
2,150000.0,2620,0.9515267175572519,1,4,1,0,1,0,1,1,0,0,0,1,1,alto
4,10000.0,29,0.8620689655172413,5,2,1,0,1,0,0,0,0,0,1,1,0,medio_alto
1,10000.0,2,1.0,1,1,1,0,1,0,0,0,0,0,0,1,0,medio_baixo
1,10000.0,0,0.0,1,1,1,0,0,0,0,0,1,0,0,0,0,medio_baixo
8,10000.0,2,1.0,1,3,1,0,0,0,1,0,1,1,0,0,0,alto
6,10000.0,57,0.6140350877192983,3,2,1,0,0,0,1,0,1,0,0,0,0,baixo
2,0.0,0,0.0,0,0,1,0,0,0,0,0,0,0,0,0,0,gratuito
9,10000.0,25,0.88,1,3,1,1,1,0,1,0,1,0,1,0,0,medio_alto
8,75000.0,761,0.8002628120893561,103,4,1,0,0,2,1,0,0,1,1,0,0,gratuito
8,10000.0,2,1.0,1,3,1,0,0,0,1,0,0,1,0,1,0,baixo
4,0.0,0,0.0,0,0,1,0,0,0,0,0,0,0,0,0,0,gratuito
1,0.0,0,0.0,1,2,1,1,1,0,0,0,0,0,0,0,1,gratuito
2,10000.0,1,1.0,1,2,1,0,0,0,1,0,1,0,0,0,0,medio_alto
1,10000.0,14,0.9285714285714286,1,3,1,0,0,0,1,0,0,1,1,0,0,baixo
2,75000.0,46,0.7391304347826086,1,2,1,0,0,0,1,0,0,0,1,0,0,gratuito
6,35000.0,4,0.75,1,5,1,0,0,0,1,0,1,1,1,1,0,medio_baixo
1,10000.0,2,1.0,4,1,1,0,0,0,0,0,1,0,0,0,0,medio_alto
8,35000.0,39,0.8717948717948718,1,2,1,1,1,0,1,0,1,0,0,0,0,medio_alto
10,10000.0,15,0.9333333333333333,1,4,1,1,1,0,1,1,1,0,0,0,0,medio_baixo
9,10000.0,39,0.6153846153846154,6,1,1,0,0,0,0,0,0,0,0,0,0,gratuito
9,10000.0,59,0.6779661016949152,5,2,1,0,0,0,0,1,1,0,0,0,0,medio_alto
2,10000.0,50,0.76,6,3,1,1,1,0,1,0,1,1,0,0,0,baixo
2,10000.0,1,1.0,1,4,1,1,0,0,1,1,1,0,1,0,0,medio_baixo
6,10000.0,135,0.7925925925925926,9,3,1,1,0,0,1,0,0,1,0,0,1,medio_baixo
4,75000.0,479,0.5448851774530271,9,3,1,0,0,3,0,1,0,1,0,0,1,alto
2,10000.0,6,0.8333333333333334,1,1,1,0,0,0,1,0,0,0,0,0,0,baixo
3,0.0,0,0.0,103,9,1,1,1,0,1,1,1,1,1,1,1,alto
2,10000.0,5,1.0,8,3,1,0,0,0,1,1,0,0,0,0,0,baixo
8,10000.0,48,0.9583333333333334,2,2,1,1,1,0,1,0,0,0,0,0,1,medio_baixo
12,150000.0,344,0.5348837209302325,5,4,1,1,1,0,1,0,1,1,1,0,0,medio_alto
6,10000.0,0,0.0,1,3,1,0,1,0,0,0,0,1,0,1,1,medio_baixo
2,0.0,0,0.0,103,4,1,0,0,0,1,0,0,1,0,0,1,medio_baixo
2,10000.0,6,1.0,1,3,1,0,1,0,0,1,1,0,0,0,0,gratuito
18,10000.0,158,0.8481012658227848,5,2,1,0,0,0,0,0,0,0,0,1,1,baixo
3,10000.0,2,0.0,1,1,1,0,0,0,0,1,0,0,0,0,0,medio_alto
2,10000.0,31,0.8387096774193549,13,3,1,1,0,0,1,0,0,1,0,0,1,medio_baixo
2,10000.0,93,0.8924731182795699,5,6,1,0,0,0,1,1,1,0,1,0,0,alto
6,10000.0,4,0.75,1,3,1,0,0,0,1,1,0,0,0,0,0,alto
1,0.0,0,0.0,10,3,1,0,0,0,0,1,1,1,0,0,0,alto
3,10000.0,1,1.0,5,3,1,0,1,1,0,1,0,0,0,0,0,medio_baixo
1,10000.0,0,0.0,1,1,1,0,0,0,0,1,0,0,0,0,0,alto
7,10000.0,153,0.6078431372549019,1,5,1,0,0,0,1,1,1,0,0,0,1,alto
1,0.0,0,0.0,1,3,1,0,0,0,0,0,0,0,1,0,0,gratuito
4,10000.0,2,1.0,1,3,1,0,0,0,1,0,0,1,0,1,0,medio_baixo
1,0.0,0,0.0,0,0,1,0,0,0,0,0,0,0,0,0,0,gratuito
1,10000.0,5,0.0,12,4,1,0,0,0,1,1,1,0,0,0,0,alto
2,0.0,0,0.0,103,3,1,0,0,0,0,0,0,1,0,0,1,baixo
1,10000.0,6,1.0,1,4,1,0,0,0,1,0,0,1,0,0,0,baixo
6,10000.0,39,0.8205128205128205,3,3,1,1,1,0,1,0,0,1,0,0,1,medio_alto
4,10000.0,0,0.0,1,3,1,0,0,0,1,0,0,1,0,0,1,baixo
2,10000.0,33,0.9393939393939394,1,3,1,0,0,0,1,1,0,0,0,1,0,medio_alto
3,150000.0,306,0.7810457516339869,5,4,1,0,0,1,1,1,1,0,0,0,0,alto
3,10000.0,4,1.0,4,1,1,0,0,0,0,0,0,0,1,0,0,medio_baixo
1,0.0,0,0.0,30,1,1,0,0,0,0,0,0,0,0,0,0,medio_baixo
8,10000.0,3,0.6666666666666666,1,1,1,0,0,0,0,0,0,0,0,0,0,alto
5,10000.0,43,0.9302325581395349,1,1,1,0,0,0,0,0,0,1,0,0,0,baixo
7,75000.0,155,0.8064516129032258,1,1,1,0,0,0,0,0,1,0,0,0,0,alto
10,10000.0,27,0.8888888888888888,1,2,1,0,0,0,0,0,1,1,0,0,0,medio_alto
6,35000.0,23,0.8260869565217391,1,3,1,0,0,0,1,0,1,0,1,0,0,medio_alto
1,0.0,0,0.0,0,0,1,0,0,0,0,0,0,0,0,0,0,gratuito
3,0.0,0,0.0,1,2,1,0,0,0,0,1,0,0,0,0,0,gratuito
10,350000.0,2177,0.8984841525034452,1,2,1,0,0,0,1,0,0,1,0,0,0,baixo
6,10000.0,1,1.0,1,2,1,1,0,0,1,0,0,1,0,0,0,alto
6,75000.0,7068,0.9750990379173741,4,3,1,0,0,0,0,0,1,1,0,0,1,medio_alto
12,35000.0,124,0.3951612903225806,1,3,1,1,1,0,1,1,1,0,0,0,0,medio_baixo
4,10000.0,15,0.8666666666666667,1,3,1,0,0,0,1,0,1,1,0,0,0,medio_baixo
8,10000.0,7,1.0,1,2,1,0,1,0,1,1,0,0,0,0,0,medio_baixo
3,10000.0,5,0.8,11,1,1,1,0,0,0,0,0,1,0,0,0,medio_alto
2,10000.0,0,0.0,10,2,1,0,0,0,1,0,0,1,0,0,0,medio_baixo
3,10000.0,16,0.8125,3,4,1,1,1,0,1,1,1,1,0,0,0,baixo
2,0.0,0,0.0,0,0,1,0,0,0,0,0,0,0,0,0,0,gratuito
10,150000.0,169,0.8106508875739645,1,2,1,1,1,0,1,0,0,1,0,0,0,medio_baixo
2,10000.0,3,1.0,1,1,1,0,0,0,0,0,0,0,1,0,0,medio_alto
4,35000.0,16,1.0,1,5,1,0,0,0,1,0,0,1,0,0,0,medio_baixo
2,10000.0,163,0.9202453987730062,4,2,1,1,0,1,1,0,0,0,1,0,0,alto
2,0.0,0,0.0,1,2,1,0,0,0,0,0,1,0,0,0,0,gratuito
1,10000.0,0,0.0,1,3,1,0,0,0,1,0,0,1,0,0,1,medio_alto
5,10000.0,2,1.0,3,3,1,0,0,0,1,1,0,1,0,0,0,medio_baixo
5,10000.0,178,0.9887640449438202,1,2,1,1,1,0,1,0,0,1,0,0,0,medio_alto
9,10000.0,48,0.6666666666666666,1,1,1,0,0,0,0,0,0,0,0,1,0,alto
8,10000.0,39,0.717948717948718,1,4,1,1,0,0,1,1,0,0,0,0,1,alto
2,10000.0,2,1.0,1,4,1,0,0,0,1,0,1,1,0,0,0,medio_baixo
6,350000.0,4073,0.9027743677878713,1,2,1,0,0,0,1,1,0,0,0,0,0,baixo
4,10000.0,0,0.0,29,3,1,0,0,0,1,1,0,1,0,0,0,medio_baixo
5,10000.0,93,0.8602150537634409,3,3,1,1,1,0,1,1,1,0,0,0,0,alto
5,10000.0,2,1.0,1,2,1,0,0,0,1,1,0,0,0,0,0,medio_alto
4,10000.0,0,0.0,1,2,1,0,0,0,0,1,0,1,0,0,0,alto
5,10000.0,15,0.3333333333333333,103,3,1,0,0,0,0,1,0,1,0,1,0,baixo
4,10000.0,3,1.0,1,5,1,0,0,0,1,0,1,1,0,0,1,alto
6,10000.0,0,0.0,1,1,1,0,0,0,1,0,0,0,0,0,0,baixo
6,10000.0,21,0.7619047619047619,3,3,1,1,0,0,1,0,0,1,0,0,1,baixo
9,75000.0,131,0.35877862595419846,1,4,1,0,1,0,1,1,0,1,0,0,0,baixo
7,75000.0,58,0.7758620689655172,1,5,1,0,0,0,1,0,1,1,0,1,0,gratuito
8,10000.0,172,0.8604651162790697,1,3,1,0,0,2,0,0,0,1,0,0,1,medio_alto
2,10000.0,16,0.875,1,1,1,1,0,0,0,0,0,0,0,0,1,medio_alto
12,35000.0,49,0.5306122448979592,1,1,1,1,1,0,0,0,1,0,0,0,0,medio_baixo
1,35000.0,6,1.0,4,3,1,0,0,0,1,1,1,0,0,0,0,medio_alto
1,0.0,0,0.0,1,5,1,0,0,0,0,1,1,0,0,0,0,gratuito
7,75000.0,991,0.9697275479313825,2,1,1,0,0,0,0,0,1,0,0,0,0,gratuito
10,350000.0,3596,0.8976640711902113,7,4,1,1,1,0,1,0,0,1,0,0,1,gratuito
3,35000.0,154,0.8896103896103896,6,2,1,0,0,0,1,0,1,0,0,0,0,medio_alto
2,10000.0,7,0.8571428571428571,2,5,1,0,0,0,1,1,0,1,0,0,1,medio_baixo
1,10000.0,89,0.8876404494382022,1,1,1,0,0,0,0,0,1,0,0,0,0,alto
5,0.0,0,0.0,0,0,1,0,0,0,0,0,0,0,0,0,0,gratuito
3,35000.0,473,0.7885835095137421,11,2,1,0,0,1,0,0,0,1,1,0,0,baixo
1,10000.0,0,0.0,4,3,1,0,0,0,0,1,0,0,0,1,1,baixo
3,10000.0,28,0.4642857142857143,1,4,1,0,0,0,1,1,1,0,1,0,0,alto
2,150000.0,4,1.0,1,2,1,0,0,0,1,1,0,0,0,0,0,medio_alto
9,10000.0,39,0.9743589743589743,1,3,1,0,0,0,1,1,0,0,0,1,0,baixo
3,10000.0,5,0.8,2,4,1,0,0,0,1,0,0,1,0,1,1,baixo
5,10000.0,8,0.875,5,6,1,0,0,0,1,1,0,0,0,1,1,medio_alto
2,0.0,0,0.0,0,0,1,0,0,0,0,0,0,0,0,0,0,gratuito
3,10000.0,19,0.47368421052631576,2,5,1,0,0,0,1,1,0,1,0,1,1,medio_baixo
1,0.0,0,0.0,9,1,1,0,0,0,0,1,0,0,0,0,0,alto
3,10000.0,0,0.0,1,2,1,0,0,1,0,0,0,1,0,0,1,alto
10,10000.0,85,0.611764705882353,3,1,1,0,0,0,0,1,0,0,0,0,0,medio_alto
9,10000.0,3,0.3333333333333333,2,2,1,0,0,0,0,0,0,1,0,1,0,medio_alto
6,10000.0,0,0.0,7,3,1,0,0,0,1,1,0,0,0,0,0,alto
1,0.0,0,0.0,26,4,1,1,0,1,1,0,1,1,0,0,1,baixo
5,10000.0,23,0.6086956521739131,1,3,1,0,0,0,0,0,1,1,0,0,1,medio_alto
9,350000.0,1358,0.7658321060382917,13,2,1,1,0,0,1,0,1,0,0,0,0,medio_alto
16,35000.0,148,0.35135135135135137,1,2,1,0,0,0,1,0,0,1,0,0,0,medio_alto
3,10000.0,32,1.0,1,3,1,0,0,0,0,0,1,0,1,1,0,alto
2,10000.0,12,0.8333333333333334,1,3,1,0,0,0,1,0,1,1,0,0,0,baixo
5,10000.0,3,1.0,1,3,1,1,0,0,1,1,0,1,0,0,0,medio_alto
1,10000.0,20,0.9,3,4,1,0,0,0,1,1,1,0,0,0,1,medio_alto
7,75000.0,1252,0.8146964856230032,29,6,1,0,0,0,1,1,1,1,0,1,1,medio_baixo
1,10000.0,0,0.0,1,1,1,0,0,0,1,0,0,0,0,0,0,medio_baixo
5,10000.0,52,0.6538461538461539,2,3,1,0,0,0,1,1,1,0,0,0,0,medio_alto
3,10000.0,2,1.0,1,2,1,0,0,0,0,1,1,0,0,0,0,baixo
1,0.0,0,0.0,1,2,1,1,1,0,1,1,0,0,0,0,0,medio_alto
3,10000.0,44,0.5,1,1,1,0,0,0,1,0,0,0,0,0,0,medio_baixo
1,10000.0,0,0.0,28,2,1,1,1,0,1,0,0,0,0,0,1,baixo
2,10000.0,1,0.0,1,3,1,0,1,0,0,1,0,0,1,0,0,medio_alto
2,0.0,0,0.0,0,0,1,0,0,0,0,0,0,0,0,0,0,gratuito
2,0.0,0,0.0,1,3,1,0,0,0,0,1,1,0,0,0,0,gratuito
5,35000.0,164,0.7804878048780488,1,1,1,0,0,0,1,0,0,0,0,0,0,gratuito
3,10000.0,17,1.0,1,1,1,1,1,0,1,0,0,0,0,0,0,medio_baixo
2,10000.0,24,0.875,1,2,1,1,1,0,0,0,0,1,0,0,1,medio_baixo
2,10000.0,3,0.0,1,2,1,0,0,0,0,1,1,0,0,0,0,alto
4,35000.0,150,0.98,1,5,1,0,0,2,1,0,0,1,1,1,0,medio_alto
5,10000.0,16,0.6875,1,3,1,1,1,1,1,0,0,1,0,0,0,gratuito
2,10000.0,0,0.0,1,2,1,0,0,0,0,0,0,0,1,0,1,baixo
3,35000.0,453,0.7461368653421634,8,5,1,0,0,0,1,1,1,0,0,0,1,alto
1,10000.0,0,0.0,6,3,1,1,1,0,1,1,0,0,0,0,0,alto
8,10000.0,13,0.6923076923076923,1,3,1,0,0,0,1,1,1,0,0,0,0,gratuito
2,10000.0,40,0.95,2,3,1,0,0,1,1,0,1,0,1,0,0,medio_baixo
5,10000.0,0,0.0,1,2,1,0,0,0,1,0,1,0,0,0,0,medio_alto
1,0.0,0,0.0,3,2,1,1,0,0,0,0,1,1,0,0,0,medio_alto
3,0.0,0,0.0,13,6,1,0,0,2,1,1,1,1,1,0,0,gratuito
6,0.0,0,0.0,0,0,1,0,0,0,0,0,0,0,0,0,0,gratuito
1,0.0,0,0.0,2,2,1,0,0,0,1,0,0,0,0,0,0,medio_baixo
3,0.0,0,0.0,0,0,1,0,0,0,0,0,0,0,0,0,0,gratuito
3,10000.0,3,0.6666666666666666,1,2,1,0,0,0,0,1,0,0,0,0,0,medio_alto
8,10000.0,12,0.75,1,2,1,0,0,0,1,0,0,1,0,0,0,baixo
3,10000.0,25,0.84,7,2,1,0,0,0,1,0,0,0,0,0,1,baixo
5,10000.0,2,0.5,1,2,1,0,0,0,1,0,0,1,0,0,0,baixo
5,10000.0,0,0.0,2,1,1,0,0,0,0,0,0,1,0,0,0,medio_alto
1,10000.0,0,0.0,6,5,1,0,0,0,1,1,1,0,0,0,0,alto
3,10000.0,70,0.9571428571428572,1,4,1,0,0,0,1,1,0,1,0,0,0,medio_baixo
4,35000.0,2,0.5,2,3,1,0,0,0,1,0,0,1,0,1,0,baixo
8,10000.0,9,0.8888888888888888,1,2,1,0,0,0,0,0,0,0,0,0,0,baixo
3,10000.0,0,0.0,1,2,1,0,0,2,1,0,0,1,0,0,0,baixo
3,10000.0,15,0.9333333333333333,1,4,1,0,0,1,1,0,1,1,0,0,1,medio_alto
2,10000.0,268,0.8992537313432836,2,2,1,1,0,1,1,0,0,0,1,0,0,medio_alto
10,35000.0,271,0.9520295202952029,1,2,1,0,0,0,1,0,0,1,0,0,0,gratuito
2,10000.0,224,0.6428571428571429,3,3,1,0,0,1,1,1,1,0,0,0,0,alto
2,10000.0,143,0.8741258741258742,5,4,1,0,0,1,1,1,1,1,0,0,0,medio_baixo
3,10000.0,203,0.8177339901477833,4,4,1,0,0,0,1,0,1,0,1,0,1,alto
8,10000.0,0,0.0,1,1,1,0,0,0,0,1,0,0,0,0,0,alto
6,10000.0,67,0.8955223880597015,1,3,1,1,1,0,0,1,1,0,0,0,0,gratuito
3,10000.0,1,0.0,1,2,1,0,0,0,0,0,0,0,0,0,0,baixo
4,10000.0,262,0.9389312977099237,1,3,1,0,0,0,1,0,0,0,0,1,1,medio_baixo
2,0.0,0,0.0,0,0,1,0,0,0,0,0,0,0,0,0,0,gratuito
2,10000.0,12,0.25,1,4,1,0,0,0,1,0,1,1,1,0,0,alto
6,10000.0,0,0.0,1,6,1,0,0,0,1,0,1,1,1,1,1,medio_baixo
4,0.0,0,0.0,2,2,1,0,0,0,1,0,0,1,0,0,0,baixo
1,10000.0,5,1.0,1,3,1,0,0,0,1,1,0,0,1,0,0,medio_alto
2,0.0,0,0.0,0,0,1,0,0,0,0,0,0,0,0,0,0,gratuito
1,0.0,0,0.0,30,3,1,0,0,3,1,0,0,1,0,0,1,medio_alto
5,75000.0,46,0.6739130434782609,10,4,1,0,0,0,1,1,1,0,1,0,0,gratuito
12,10000.0,36,1.0,1,1,1,0,0,0,0,0,1,0,0,0,0,medio_alto
2,0.0,0,0.0,0,0,1,0,0,0,0,0,0,0,0,0,0,gratuito
1,10000.0,0,0.0,1,2,1,0,0,0,0,0,1,0,1,0,0,medio_alto
5,10000.0,53,0.6226415094339622,2,2,1,0,0,0,0,0,1,0,1,0,0,medio_alto
1,0.0,0,0.0,1,2,1,0,0,0,0,1,0,0,0,0,0,gratuito
9,75000.0,63,0.47619047619047616,1,3,1,0,0,0,1,1,0,0,0,0,1,gratuito
6,10000.0,36,0.6944444444444444,1,2,1,0,0,0,1,0,1,0,0,0,0,baixo
5,0.0,0,0.0,1,6,1,0,0,0,1,0,1,1,0,0,1,gratuito
1,10000.0,0,0.0,1,1,1,0,0,0,0,0,0,0,0,1,0,alto
2,0.0,0,0.0,1,3,1,0,0,0,0,0,0,0,0,1,1,gratuito
3,10000.0,4,0.5,1,3,1,0,0,0,1,0,0,1,0,0,1,baixo
3,0.0,0,0.0,0,0,1,0,0,0,0,0,0,0,0,0,0,gratuito
1,10000.0,0,0.0,1,2,1,0,0,0,1,0,0,1,0,0,0,medio_baixo
13,0.0,0,0.0,7,2,1,0,0,0,0,1,1,0,0,0,0,medio_baixo
1,0.0,0,0.0,2,4,1,0,0,0,1,1,1,0,1,0,0,medio_alto
6,150000.0,1600,0.9075,29,3,1,1,1,2,1,0,1,1,0,0,0,alto
4,10000.0,37,0.918918918918919,2,2,1,0,0,0,1,0,1,0,0,0,0,baixo
7,35000.0,408,0.6813725490196079,11,3,1,0,0,3,0,0,0,1,0,0,0,medio_alto
2,10000.0,17,0.7647058823529411,1,3,1,0,0,0,0,1,0,1,0,1,0,baixo
5,0.0,0,0.0,0,0,1,0,0,0,0,0,0,0,0,0,0,gratuito
2,35000.0,1096,0.9114963503649635,6,3,1,0,0,2,0,0,0,1,1,0,1,medio_alto
1,10000.0,51,0.9607843137254902,4,1,1,0,0,0,0,0,1,0,0,0,0,baixo
8,150000.0,1537,0.6258945998698764,11,2,1,0,0,0,0,1,1,0,0,0,0,medio_alto
4,0.0,0,0.0,1,5,1,0,0,0,0,1,0,1,0,1,1,gratuito
1,0.0,0,0.0,0,0,1,0,0,0,0,0,0,0,0,0,0,gratuito
2,10000.0,2,1.0,1,1,1,0,0,0,0,0,0,0,0,0,1,medio_alto
3,0.0,0,0.0,103,5,1,0,0,1,1,0,1,1,0,1,1,baixo
4,10000.0,2,1.0,2,3,1,1,1,0,1,0,0,1,0,1,0,baixo
7,10000.0,42,0.7857142857142857,1,3,1,0,0,0,1,0,1,0,1,0,0,gratuito
7,10000.0,22,0.9545454545454546,1,1,1,0,0,0,0,0,0,1,0,0,0,medio_baixo
12,35000.0,202,0.8811881188118812,13,3,1,1,0,0,0,0,1,1,0,1,0,medio_baixo
3,0.0,0,0.0,0,0,1,0,0,0,0,0,0,0,0,0,0,gratuito
2,10000.0,4,1.0,1,4,1,0,0,0,1,1,1,0,1,0,0,medio_alto
5,10000.0,8,1.0,1,1,1,0,0,0,0,0,0,0,0,0,0,gratuito
1,0.0,0,0.0,7,1,1,0,0,0,0,0,0,0,0,1,0,medio_alto
1,10000.0,0,0.0,14,2,1,0,0,0,1,0,0,1,0,0,0,baixo
9,10000.0,13,0.5384615384615384,1,2,1,0,0,0,1,1,0,0,0,0,0,medio_baixo
1,10000.0,0,0.0,5,2,1,0,0,0,0,0,0,1,1,0,0,medio_baixo
8,10000.0,175,0.9485714285714286,1,3,1,0,0,8,1,1,0,0,0,0,0,gratuito
1,10000.0,0,0.0,7,3,1,0,0,3,1,0,0,1,0,0,1,medio_baixo
9,10000.0,158,0.9493670886075949,1,2,1,0,0,0,0,1,0,0,0,1,0,gratuito
7,10000.0,3,1.0,1,3,1,0,0,0,0,0,0,1,0,1,0,medio_alto
11,10000.0,105,0.4095238095238095,1,3,1,0,0,0,1,1,1,0,0,0,0,medio_baixo
4,35000.0,5,0.8,1,5,1,0,0,0,1,1,1,0,0,1,1,medio_alto
2,75000.0,98,1.0,4,1,1,0,0,0,0,0,0,0,0,1,0,medio_alto
3,0.0,0,0.0,0,0,1,0,0,0,0,0,0,0,0,0,0,gratuito
8,350000.0,6409,0.9687938836011858,10,3,1,1,1,13,1,1,0,0,0,0,0,alto
2,0.0,0,0.0,1,1,1,0,0,0,0,0,0,0,0,1,0,gratuito
11,10000.0,9,0.7777777777777778,1,4,1,0,0,0,1,1,0,0,1,1,0,medio_baixo
3,10000.0,7,0.8571428571428571,1,4,1,0,0,0,1,1,1,1,0,0,0,baixo
6,10000.0,7,0.14285714285714285,1,1,1,1,0,0,0,0,1,0,0,0,0,baixo
1,10000.0,0,0.0,1,2,1,0,0,1,1,1,0,0,0,0,0,medio_baixo
4,0.0,0,0.0,0,0,1,0,0,0,0,0,0,0,0,0,0,gratuito
1,10000.0,77,0.8181818181818182,7,4,1,0,0,0,1,0,0,1,1,1,0,alto
2,0.0,0,0.0,1,6,1,0,0,0,1,1,1,1,0,0,0,gratuito
6,10000.0,15,0.8666666666666667,1,4,1,0,0,0,1,1,1,1,0,0,0,baixo
5,10000.0,0,0.0,2,4,1,0,0,0,1,1,1,1,0,0,0,medio_baixo
10,150000.0,778,0.9280205655526992,11,2,1,1,1,1,0,0,1,1,0,0,0,medio_alto
1,10000.0,0,0.0,1,1,1,1,0,1,0,0,0,0,1,0,0,alto
12,150000.0,468,0.5128205128205128,1,7,1,1,0,0,1,1,0,0,1,1,0,gratuito
5,10000.0,6,0.8333333333333334,5,3,1,0,1,2,1,0,1,1,0,0,0,baixo
2,0.0,0,0.0,1,3,1,0,0,0,1,1,0,0,0,0,0,gratuito
5,0.0,0,0.0,0,0,1,0,0,0,0,0,0,0,0,0,0,gratuito
8,150000.0,318,0.8018867924528302,1,3,1,1,0,20,1,0,0,0,1,0,0,gratuito
4,0.0,0,0.0,2,5,1,1,0,0,0,0,1,1,1,0,0,gratuito
4,10000.0,26,0.4230769230769231,1,5,1,0,0,0,1,0,0,1,0,0,1,baixo
8,10000.0,32,0.8125,4,4,1,0,0,0,1,1,0,1,0,0,0,alto
3,75000.0,166,0.9819277108433735,1,1,1,1,1,0,1,0,0,0,0,0,0,gratuito
9,350000.0,3129,0.8951741770533717,2,2,1,0,0,12,0,0,0,0,0,0,1,medio_alto
2,10000.0,7,0.7142857142857143,2,3,1,0,0,0,1,1,1,0,0,0,0,medio_baixo
3,10000.0,15,1.0,11,2,1,0,0,1,0,1,1,0,0,0,0,alto
9,10000.0,15,0.8,1,2,1,0,0,0,1,1,0,0,0,0,0,alto
8,10000.0,3,1.0,1,3,1,1,1,0,1,0,0,0,0,0,0,alto
9,10000.0,2,0.5,1,6,1,0,0,0,0,1,1,1,0,0,1,medio_alto
5,10000.0,30,0.7,1,3,1,0,0,0,1,0,1,0,0,0,1,medio_baixo
12,35000.0,126,0.753968253968254,1,4,1,0,0,0,0,1,0,0,0,1,1,gratuito
8,35000.0,752,0.8617021276595744,11,4,1,1,1,0,1,0,1,1,0,1,0,medio_baixo
2,10000.0,0,0.0,1,2,1,1,0,0,0,0,0,1,0,0,0,gratuito
2,0.0,0,0.0,1,4,1,0,0,0,1,1,0,1,0,0,0,gratuito
3,75000.0,3,1.0,1,3,1,0,0,0,1,1,1,0,0,0,0,medio_alto
8,10000.0,30,0.4666666666666667,1,2,1,0,0,0,0,0,0,0,0,0,1,gratuito
7,10000.0,0,0.0,1,4,1,0,0,0,1,1,0,1,0,1,0,medio_baixo
8,35000.0,142,0.6126760563380281,2,2,1,1,1,0,1,0,0,0,0,0,1,baixo
5,10000.0,0,0.0,1,3,1,0,0,0,1,0,0,1,0,0,0,alto
3,10000.0,0,0.0,1,5,1,0,0,0,0,1,1,0,1,1,1,alto
10,75000.0,308,0.6168831168831169,1,1,1,0,0,0,0,0,1,0,0,0,0,gratuito
1,10000.0,93,0.9139784946236559,5,4,1,0,0,0,1,0,0,1,0,1,1,alto
7,10000.0,8,0.25,2,4,1,0,0,0,1,0,0,0,0,1,1,alto
17,10000.0,0,0.0,5,1,1,0,0,0,0,0,0,0,0,0,0,medio_alto
3,10000.0,7,1.0,30,3,1,1,1,0,1,1,0,1,0,0,0,baixo
7,150000.0,688,0.8502906976744186,11,2,1,1,0,0,0,1,0,0,0,0,0,gratuito
6,10000.0,0,0.0,6,4,1,1,0,0,1,1,0,1,1,0,0,baixo
6,10000.0,45,0.7111111111111111,1,3,1,0,0,0,1,0,1,1,0,0,0,medio_alto
2,10000.0,12,0.9166666666666666,12,2,1,0,0,0,1,0,0,0,0,1,0,medio_baixo
7,10000.0,49,0.9183673469387755,1,3,1,0,0,0,1,0,1,0,0,0,1,alto
2,10000.0,9,0.6666666666666666,2,3,1,0,0,0,0,1,1,0,0,0,1,medio_baixo
7,10000.0,13,1.0,11,1,1,1,1,0,0,0,0,1,0,0,0,alto
8,10000.0,26,1.0,1,2,1,1,0,1,1,0,1,0,0,0,0,medio_alto
2,10000.0,0,0.0,4,2,1,0,0,0,0,1,0,0,1,0,0,medio_alto
10,75000.0,344,0.4418604651162791,1,4,1,1,0,15,1,1,1,0,1,0,0,alto
11,35000.0,152,0.7236842105263158,1,3,1,0,0,0,0,0,0,1,0,1,1,medio_baixo
2,35000.0,175,0.88,1,2,1,0,0,0,0,0,0,1,0,0,0,gratuito
1,10000.0,1,1.0,1,4,1,0,0,0,1,1,1,1,0,0,0,alto
5,10000.0,0,0.0,3,1,1,0,0,5,0,0,0,1,0,0,0,baixo
2,10000.0,0,0.0,1,7,1,1,0,2,1,1,1,1,1,1,1,alto
1,10000.0,2,0.5,2,1,1,0,0,0,0,1,0,0,0,0,0,medio_alto
9,10000.0,8,0.875,1,2,1,0,0,0,0,0,1,1,0,0,0,baixo
9,10000.0,45,0.6222222222222222,1,3,1,0,0,0,1,0,0,1,0,0,0,baixo
7,10000.0,7,0.7142857142857143,9,3,1,0,0,0,1,0,1,1,0,0,0,medio_baixo
2,10000.0,4,0.75,6,2,1,0,0,0,0,0,0,0,0,1,1,medio_baixo
8,10000.0,9,0.8888888888888888,1,4,1,0,0,0,1,0,1,0,0,1,0,gratuito
5,10000.0,7,0.8571428571428571,9,4,1,0,0,0,1,0,1,1,0,0,1,alto
5,150000.0,378,0.6984126984126984,103,5,1,0,0,1,1,1,1,1,0,1,0,baixo
9,10000.0,9,0.8888888888888888,1,3,1,1,1,0,1,0,0,1,0,1,0,baixo
1,10000.0,33,0.5757575757575758,17,3,1,0,0,0,0,1,1,0,1,0,0,medio_alto
4,10000.0,11,0.9090909090909091,5,2,1,1,1,0,1,0,0,0,0,1,0,medio_baixo
12,35000.0,42,0.7142857142857143,7,1,1,0,0,0,0,0,0,0,0,0,1,alto
1,10000.0,0,0.0,2,3,1,1,1,0,1,0,1,1,0,0,0,alto
3,10000.0,0,0.0,9,3,1,0,0,0,0,1,1,0,0,0,1,medio_alto
3,10000.0,7,0.7142857142857143,1,1,1,0,0,0,0,0,1,0,0,0,0,alto
8,10000.0,4,0.0,1,5,1,0,0,0,1,1,1,1,1,0,0,medio_baixo
8,150000.0,1238,0.8497576736672051,6,3,1,0,0,0,0,0,0,0,0,0,1,medio_baixo
2,10000.0,89,0.449438202247191,12,5,1,0,0,0,1,0,1,1,0,1,1,medio_alto
5,10000.0,0,0.0,2,2,1,1,1,0,1,0,0,1,0,0,0,baixo
9,10000.0,1,0.0,1,1,1,0,0,0,0,0,0,0,0,0,0,medio_alto
6,10000.0,16,0.875,1,3,1,0,0,0,1,0,0,1,0,1,0,medio_alto
6,3500000.0,62716,0.8291504560239811,8,3,1,0,0,1,0,1,0,0,1,0,1,medio_alto
3,10000.0,0,0.0,1,1,1,0,0,0,0,0,1,0,0,0,0,medio_alto
6,10000.0,12,0.6666666666666666,2,3,1,0,1,0,1,0,1,1,0,0,0,baixo
5,35000.0,11,0.6363636363636364,1,5,1,0,0,0,1,0,1,1,1,1,0,medio_alto
2,10000.0,3,1.0,4,4,1,0,0,0,1,0,0,1,0,1,1,alto
1,0.0,0,0.0,2,2,1,0,0,0,1,0,0,1,0,0,0,baixo
1,10000.0,0,0.0,1,3,1,1,1,0,0,0,1,0,1,0,1,medio_alto
6,10000.0,31,0.5806451612903226,2,4,1,0,0,1,1,1,0,1,0,0,1,medio_baixo
3,0.0,0,0.0,0,0,1,0,0,0,0,0,0,0,0,0,0,gratuito
1,35000.0,416,0.9471153846153846,5,2,1,1,0,0,1,1,0,0,0,0,0,medio_alto
4,0.0,0,0.0,1,2,1,0,0,0,1,1,0,0,0,0,0,gratuito
1,0.0,0,0.0,13,4,1,0,0,0,1,1,1,0,0,0,0,alto
8,150000.0,2195,0.7412300683371298,15,3,1,0,0,3,1,1,1,0,0,0,0,medio_baixo
5,75000.0,8,1.0,1,2,1,0,0,0,1,1,0,0,0,0,0,medio_baixo
1,10000.0,0,0.0,11,5,1,0,0,0,1,0,0,0,1,1,1,alto
9,10000.0,61,0.9344262295081968,1,3,1,0,0,0,1,0,0,1,0,0,1,medio_alto
1,10000.0,3,1.0,10,4,1,0,1,0,1,0,1,1,0,0,0,medio_baixo
7,10000.0,0,0.0,1,5,1,0,0,0,1,1,0,1,0,0,0,baixo
5,10000.0,0,0.0,2,3,1,0,0,0,0,0,1,1,0,0,1,medio_baixo
2,10000.0,6,1.0,1,5,1,0,0,0,1,1,0,0,1,1,1,medio_alto
6,10000.0,0,0.0,1,1,1,1,1,0,1,0,0,0,0,0,0,medio_alto
8,10000.0,12,0.75,1,2,1,0,0,0,1,1,0,0,0,0,0,medio_baixo
5,10000.0,1,1.0,2,3,1,0,0,0,1,1,1,0,0,0,0,medio_alto
5,10000.0,284,0.4823943661971831,5,5,1,0,0,0,1,1,0,0,1,1,0,alto
3,10000.0,10,1.0,7,4,1,0,1,0,1,1,1,1,0,0,0,baixo
1,0.0,0,0.0,3,3,1,0,0,0,1,0,1,0,0,0,0,gratuito
2,10000.0,0,0.0,3,2,1,0,0,0,0,0,0,0,0,1,1,medio_alto
2,0.0,0,0.0,0,0,1,0,0,0,0,0,0,0,0,0,0,gratuito
1,10000.0,5,1.0,1,3,1,0,0,0,1,1,1,0,0,0,0,medio_alto
9,10000.0,64,0.671875,1,1,1,0,0,0,0,0,0,0,0,1,0,medio_alto
3,10000.0,3,0.6666666666666666,4,1,1,0,0,0,0,0,0,1,0,0,0,medio_alto
2,10000.0,37,0.7027027027027027,2,2,1,0,0,0,0,0,0,1,1,0,0,medio_alto
5,10000.0,93,0.7419354838709677,3,2,1,0,0,0,1,0,0,0,0,0,1,alto
4,10000.0,10,0.8,1,5,1,0,0,0,1,1,1,1,0,0,1,medio_baixo
1,0.0,0,0.0,1,2,1,0,0,0,1,0,0,0,1,0,0,medio_alto
6,10000.0,2,1.0,1,3,1,0,0,0,1,0,1,1,0,0,0,medio_alto
1,10000.0,0,0.0,1,3,1,0,0,0,0,1,1,1,0,0,0,baixo
8,75000.0,1057,0.9290444654683065,12,3,1,0,0,0,1,0,0,0,0,0,1,medio_alto
2,10000.0,9,1.0,1,5,1,0,0,0,0,0,1,1,0,0,1,baixo
6,10000.0,21,1.0,7,2,1,0,0,0,1,0,0,1,0,0,0,medio_alto
1,10000.0,0,0.0,1,2,1,0,0,0,0,1,0,0,0,0,0,gratuito
1,10000.0,2,1.0,3,5,1,0,0,0,1,0,1,1,1,1,0,medio_alto
19,350000.0,1169,0.7698887938408896,5,1,1,0,0,0,0,0,0,0,0,1,0,medio_baixo
12,75000.0,201,0.6616915422885572,7,2,1,0,0,0,0,0,1,1,0,0,0,medio_baixo
10,10000.0,10,0.7,1,3,1,1,0,0,1,0,0,1,0,0,1,medio_alto
4,10000.0,51,0.9019607843137255,2,2,1,0,0,0,1,0,1,0,0,0,0,alto
4,35000.0,6,0.6666666666666666,1,2,1,0,0,0,1,1,0,0,0,0,0,baixo
2,10000.0,44,0.9772727272727273,1,3,1,0,0,0,1,1,0,1,0,0,0,medio_baixo
2,10000.0,1,1.0,2,3,1,0,0,0,1,0,0,1,0,1,0,baixo
7,10000.0,12,0.9166666666666666,1,2,1,1,1,0,1,0,0,0,0,1,0,gratuito
6,10000.0,9,0.2222222222222222,1,4,1,0,0,0,1,0,0,1,0,1,1,medio_alto
6,10000.0,24,0.8333333333333334,1,7,1,1,1,0,1,1,1,1,0,0,1,baixo
3,10000.0,29,1.0,9,1,1,0,0,0,0,0,0,1,0,0,0,medio_baixo
3,0.0,0,0.0,5,4,1,0,1,0,1,0,0,0,0,0,0,gratuito
11,10000.0,57,0.8070175438596491,1,3,1,0,0,0,1,0,0,0,1,1,0,alto
2,10000.0,8,0.875,1,3,1,0,0,0,1,1,1,0,0,0,0,baixo
4,75000.0,612,0.9934640522875817,13,4,1,0,0,1,1,1,1,1,0,0,0,alto
2,10000.0,1,1.0,1,1,1,0,0,0,0,0,0,1,0,0,0,baixo
4,10000.0,47,0.723404255319149,14,4,1,0,0,0,1,1,0,1,1,0,0,medio_alto
2,10000.0,1,1.0,2,1,1,0,0,0,0,0,1,0,0,0,0,medio_baixo
15,35000.0,168,0.6904761904761905,1,3,1,0,0,0,1,1,0,1,0,0,0,baixo
16,10000.0,107,0.8317757009345794,1,1,1,1,0,0,0,0,0,1,0,0,0,medio_alto
3,75000.0,284,0.6619718309859155,2,3,1,0,0,0,1,0,0,1,0,1,0,medio_alto
8,35000.0,43,0.4186046511627907,1,3,1,0,0,0,1,0,0,1,0,1,0,baixo
10,35000.0,191,0.49214659685863876,6,2,1,1,1,1,1,0,1,0,0,0,0,medio_baixo
6,10000.0,7,0.2857142857142857,1,1,1,0,1,0,0,0,0,0,0,1,0,medio_baixo
4,10000.0,6,1.0,1,3,1,0,0,0,0,0,1,1,0,0,0,medio_baixo
4,0.0,0,0.0,1,4,1,0,0,0,1,1,1,1,0,0,0,gratuito
4,10000.0,10,0.5,2,3,1,0,0,0,0,0,0,1,1,0,1,baixo
4,35000.0,7,0.5714285714285714,1,3,1,0,0,0,1,0,1,1,0,0,0,baixo
5,10000.0,78,0.8717948717948718,4,4,1,0,0,1,1,0,0,0,0,1,1,alto
5,0.0,0,0.0,0,0,1,0,0,0,0,0,0,0,0,0,0,gratuito
1,10000.0,0,0.0,1,2,1,0,0,1,1,0,0,1,0,0,0,medio_alto
5,10000.0,210,0.9142857142857143,4,3,1,0,0,0,1,0,1,1,0,0,0,medio_alto
7,35000.0,1,0.0,2,4,1,0,0,0,1,0,0,1,0,1,0,medio_baixo
5,10000.0,15,0.8,1,4,1,0,0,0,1,0,1,1,0,0,0,gratuito
3,35000.0,2,0.5,1,4,1,0,0,0,1,0,1,1,0,1,0,baixo
5,10000.0,12,0.75,1,2,1,0,0,0,0,1,1,0,0,0,0,alto
12,35000.0,121,0.4297520661157025,1,4,1,1,0,0,1,1,1,1,0,0,0,medio_baixo
4,10000.0,6,0.8333333333333334,13,3,1,0,0,0,1,0,1,1,0,0,0,baixo
2,10000.0,17,0.9411764705882353,1,2,1,0,0,0,0,0,1,0,1,0,0,medio_baixo
3,0.0,0,0.0,0,0,1,0,0,0,0,0,0,0,0,0,0,gratuito
1,10000.0,0,0.0,1,3,1,0,0,0,1,0,0,0,1,0,0,gratuito
1,0.0,0,0.0,0,0,1,0,0,0,0,0,0,0,0,0,0,gratuito
1,0.0,0,0.0,1,2,1,0,0,0,1,0,0,0,0,1,0,medio_alto
2,35000.0,268,0.9029850746268657,3,1,1,0,0,2,0,0,0,0,1,0,0,alto
1,0.0,0,0.0,14,4,1,0,0,0,1,0,0,1,0,0,1,gratuito
10,75000.0,2,1.0,1,2,1,0,0,0,1,0,0,1,0,0,0,medio_baixo
2,35000.0,3,1.0,5,2,1,0,0,0,0,1,1,0,0,0,0,medio_baixo
4,10000.0,2,0.5,1,4,1,0,0,0,1,0,0,1,0,1,0,medio_baixo
2,10000.0,0,0.0,2,1,1,0,0,0,0,1,0,0,0,0,0,medio_baixo
2,0.0,0,0.0,103,2,1,0,1,0,1,0,0,1,0,0,0,baixo
3,10000.0,137,0.7518248175182481,1,5,1,1,1,0,1,1,1,1,1,0,0,baixo
1,0.0,0,0.0,0,0,1,0,0,0,0,0,0,0,0,0,0,gratuito
1,10000.0,0,0.0,14,2,1,0,0,0,0,1,1,0,0,0,0,alto
3,10000.0,10,1.0,1,3,1,0,0,1,1,0,0,1,0,1,0,alto
7,10000.0,5,1.0,1,3,1,0,0,0,1,1,1,0,0,0,0,medio_alto
14,35000.0,121,0.6611570247933884,3,3,1,1,1,3,0,1,0,1,0,1,0,alto
2,10000.0,7,0.8571428571428571,1,3,1,0,0,0,1,1,0,1,0,0,0,medio_baixo
1,0.0,0,0.0,0,0,1,0,0,0,0,0,0,0,0,0,0,gratuito
6,10000.0,4,0.5,1,1,1,1,1,1,0,0,0,0,0,0,1,alto
3,0.0,0,0.0,1,2,1,0,1,0,1,0,0,1,0,0,0,gratuito
5,10000.0,8,0.625,1,2,1,0,0,0,0,1,0,1,0,0,0,medio_baixo
1,10000.0,0,0.0,4,2,1,0,0,0,0,0,1,1,0,0,0,medio_baixo
2,10000.0,29,0.9310344827586207,1,2,1,0,0,0,0,0,0,1,0,0,1,medio_baixo
5,10000.0,15,0.7333333333333333,1,3,1,0,0,0,1,0,0,1,0,0,1,baixo
1,10000.0,0,0.0,10,3,1,0,0,1,1,0,0,1,0,0,1,medio_alto
10,10000.0,383,0.26109660574412535,1,3,1,0,0,0,1,0,1,0,0,0,0,medio_alto
8,10000.0,91,0.5274725274725275,2,4,1,0,0,0,1,1,0,0,1,0,0,medio_baixo
3,10000.0,3,0.3333333333333333,4,1,1,0,0,1,0,0,0,0,1,0,0,alto
2,0.0,0,0.0,1,2,1,0,0,0,1,0,0,0,0,0,0,gratuito
7,75000.0,1439,0.9520500347463516,1,2,1,0,0,0,1,0,1,0,0,0,0,medio_alto
1,10000.0,0,0.0,1,4,1,0,1,0,1,1,1,1,0,0,0,medio_baixo
8,10000.0,450,0.7555555555555555,2,3,1,0,0,3,1,0,1,0,1,0,0,medio_alto
7,350000.0,3320,0.8451807228915663,1,3,1,1,1,1,1,0,1,0,1,0,0,alto
3,10000.0,0,0.0,1,1,1,0,0,0,0,1,0,0,0,0,0,alto
3,35000.0,13,0.9230769230769231,1,4,1,1,1,0,1,1,0,1,0,0,0,gratuito
2,35000.0,443,0.9367945823927766,13,5,1,0,0,0,1,1,1,0,1,0,0,alto
1,10000.0,0,0.0,9,3,1,0,0,1,1,1,0,0,0,0,0,alto
4,35000.0,12,0.8333333333333334,103,1,1,0,0,0,1,0,0,0,0,0,0,baixo
3,10000.0,11,1.0,1,2,1,0,0,0,1,1,0,0,0,0,0,baixo
6,10000.0,32,0.875,4,3,1,0,0,0,1,1,0,0,0,1,0,baixo
5,35000.0,21,0.6190476190476191,1,4,1,0,0,0,0,1,1,0,1,0,1,alto
1,0.0,0,0.0,1,3,1,0,0,0,0,0,0,0,1,0,0,gratuito
4,10000.0,0,0.0,29,2,1,0,0,0,1,0,0,1,0,0,0,baixo
5,0.0,0,0.0,0,0,1,0,0,0,0,0,0,0,0,0,0,gratuito
10,75000.0,2026,0.9383020730503455,3,3,1,1,1,0,1,0,1,1,0,0,0,baixo
6,0.0,0,0.0,0,0,1,0,0,0,0,0,0,0,0,0,0,gratuito
2,0.0,0,0.0,0,0,1,0,0,0,0,0,0,0,0,0,0,gratuito
2,0.0,0,0.0,0,0,1,0,0,0,0,0,0,0,0,0,0,gratuito
2,10000.0,552,0.8333333333333334,8,4,1,0,0,0,1,0,1,1,0,0,1,alto
2,150000.0,5090,0.9567779960707269,4,3,1,1,1,1,1,0,1,1,0,0,0,medio_alto
1,10000.0,0,0.0,39,6,1,1,0,0,1,1,0,1,0,1,1,medio_alto
2,10000.0,5,1.0,1,4,1,1,1,0,0,1,0,1,0,1,0,alto
5,10000.0,2,0.5,4,1,1,0,0,0,1,0,0,0,0,0,0,baixo
17,10000.0,38,0.7105263157894737,1,1,1,0,0,0,0,0,1,0,0,0,0,medio_baixo
5,75000.0,276,0.7355072463768116,2,4,1,0,0,1,1,1,1,0,1,0,0,gratuito
2,10000.0,4,0.0,13,5,1,0,0,0,1,1,0,1,0,1,0,baixo
9,10000.0,10,1.0,2,4,1,0,0,0,1,1,1,1,0,0,0,medio_alto
6,10000.0,12,0.75,1,4,1,0,0,0,1,1,0,1,0,0,1,medio_baixo
5,10000.0,14,0.9285714285714286,2,2,1,0,0,0,1,1,0,0,0,0,0,alto
9,75000.0,546,0.7857142857142857,1,1,1,0,0,0,0,0,0,0,1,0,0,medio_alto
2,10000.0,1,0.0,1,3,1,0,0,0,1,1,1,0,0,0,0,medio_baixo
1,35000.0,433,0.9076212471131639,4,3,1,0,0,0,1,0,1,0,1,0,0,alto
8,10000.0,54,0.9814814814814815,1,1,1,0,0,0,0,1,0,0,0,0,0,medio_alto
7,10000.0,13,0.5384615384615384,1,2,1,0,0,0,0,0,0,1,0,0,1,medio_baixo
7,10000.0,8,0.375,1,1,1,0,0,0,0,0,0,1,0,0,0,baixo
1,10000.0,0,0.0,15,3,1,0,0,3,1,0,0,1,0,0,1,medio_alto
2,10000.0,3,0.3333333333333333,3,2,1,0,0,0,0,0,1,1,0,0,0,medio_alto
1,10000.0,0,0.0,1,2,1,0,0,0,1,0,0,0,1,0,0,medio_alto
1,10000.0,1,1.0,1,2,1,0,0,0,1,1,0,0,0,0,0,alto
7,10000.0,5,1.0,1,2,1,0,0,0,1,0,0,1,0,0,0,medio_baixo
3,10000.0,16,0.3125,1,2,1,0,0,0,1,0,0,0,0,0,1,baixo
1,0.0,0,0.0,2,4,1,0,0,0,1,1,1,0,1,0,0,alto
3,10000.0,16,1.0,1,1,1,0,0,0,0,0,0,1,0,0,0,baixo
11,10000.0,85,0.9882352941176471,1,3,1,0,0,0,1,0,1,1,0,0,0,medio_alto
2,10000.0,2,1.0,1,3,1,1,0,0,1,0,1,0,1,0,0,medio_baixo
1,10000.0,0,0.0,12,3,1,0,0,0,1,1,1,0,0,0,0,medio_alto
3,10000.0,68,0.6176470588235294,8,2,1,0,0,0,1,1,0,0,0,0,0,medio_alto
3,10000.0,14,0.8571428571428571,2,2,1,1,0,1,1,0,1,0,0,0,0,medio_alto
8,10000.0,43,0.813953488372093,1,2,1,1,0,0,1,1,0,0,0,0,0,gratuito
2,10000.0,32,0.96875,1,3,1,0,0,0,1,1,1,0,0,0,0,baixo
10,35000.0,321,0.8317757009345794,1,3,1,1,1,0,1,1,0,0,1,0,0,medio_alto
5,10000.0,10,0.5,11,2,1,0,0,0,1,1,0,0,0,0,0,alto
2,10000.0,1,1.0,13,3,1,0,0,0,1,1,1,0,0,0,0,baixo
11,75000.0,307,0.7133550488599348,8,2,1,1,0,1,1,0,0,0,0,0,1,alto
5,10000.0,1,0.0,10,3,1,0,0,0,1,1,0,0,0,0,0,alto
3,0.0,0,0.0,1,3,1,0,0,1,1,0,1,1,0,0,0,medio_baixo
5,350000.0,9,0.7777777777777778,1,2,1,0,0,0,1,0,1,0,0,0,0,baixo
4,0.0,0,0.0,1,3,1,0,1,1,0,0,1,1,0,0,0,gratuito
9,10000.0,53,0.8679245283018868,10,3,1,1,0,0,1,0,1,1,0,0,0,medio_alto
2,10000.0,10,0.6,1,2,1,0,0,0,0,0,0,0,0,0,0,medio_alto
1,10000.0,1,1.0,1,4,1,0,0,0,1,1,1,1,0,0,0,medio_alto
8,10000.0,7,0.42857142857142855,1,3,1,0,0,0,1,0,0,1,0,0,0,gratuito
1,10000.0,0,0.0,2,2,1,0,0,0,1,0,1,0,0,0,0,medio_alto
2,0.0,0,0.0,0,0,1,0,0,0,0,0,0,0,0,0,0,gratuito
1,0.0,0,0.0,0,0,1,0,0,0,0,0,0,0,0,0,0,gratuito
8,10000.0,65,0.7230769230769231,3,1,1,0,0,0,0,0,0,0,0,0,0,medio_alto
4,10000.0,78,0.9871794871794872,1,2,1,0,1,0,1,1,0,0,0,0,0,medio_alto
3,10000.0,32,0.375,9,2,1,0,0,0,0,1,0,0,0,0,1,alto
2,10000.0,5,1.0,1,4,1,0,0,0,1,1,1,1,0,0,0,medio_alto
4,10000.0,2,1.0,1,1,1,0,0,0,0,0,0,0,0,1,0,medio_alto
5,150000.0,1547,0.7737556561085973,8,2,1,0,0,0,1,0,0,0,0,0,1,medio_alto
1,0.0,0,0.0,0,0,1,0,0,0,0,0,0,0,0,0,0,gratuito
1,10000.0,0,0.0,2,5,1,0,0,0,1,0,1,1,1,0,1,baixo
2,35000.0,13,0.8461538461538461,1,3,1,1,1,0,1,0,0,1,0,0,1,medio_alto
3,10000.0,2,1.0,12,1,1,0,0,0,0,0,0,0,0,0,0,medio_alto
4,0.0,0,0.0,0,0,1,0,0,0,0,0,0,0,0,0,0,gratuito
5,10000.0,66,0.9393939393939394,1,2,1,0,0,1,1,0,0,1,0,0,0,gratuito
2,10000.0,3,0.0,2,3,1,0,0,0,0,1,0,1,0,1,0,baixo
3,0.0,0,0.0,29,3,1,0,0,0,0,0,1,1,0,0,1,medio_baixo
3,75000.0,4,1.0,1,2,1,0,0,0,1,1,0,0,0,0,0,medio_baixo
11,10000.0,25,0.8,3,3,1,0,0,0,1,0,0,1,0,0,0,medio_alto
1,10000.0,0,0.0,1,1,1,0,0,0,1,0,0,0,0,0,0,alto
5,10000.0,30,1.0,2,3,1,0,0,0,1,0,0,1,0,1,0,baixo
1,0.0,0,0.0,4,3,1,0,0,0,1,1,1,0,0,0,0,medio_baixo
6,10000.0,37,0.8648648648648649,1,2,1,1,0,0,1,0,0,1,0,0,0,baixo
4,7500000.0,158017,0.9600612592316017,18,3,1,0,0,0,0,1,1,0,1,0,0,alto
3,10000.0,18,0.8333333333333334,2,4,1,0,0,0,1,0,1,1,1,0,0,baixo
5,10000.0,48,0.8958333333333334,1,2,1,0,0,1,1,1,0,0,0,0,0,medio_baixo
1,10000.0,20,0.9,2,2,1,0,0,0,0,0,1,0,0,0,1,medio_baixo
8,10000.0,118,0.7033898305084746,1,3,1,1,0,1,1,0,0,1,0,1,0,alto
1,10000.0,2,1.0,2,1,1,0,0,0,0,0,0,0,0,1,0,medio_baixo
1,0.0,0,0.0,1,3,1,0,1,0,0,0,1,1,0,0,0,gratuito
10,10000.0,10,0.8,4,3,1,0,0,0,0,1,0,1,0,0,0,baixo
2,10000.0,14,0.7857142857142857,1,9,1,0,0,0,1,1,1,1,1,1,1,alto
4,10000.0,0,0.0,1,1,1,0,0,0,0,0,0,0,0,0,1,baixo
2,10000.0,9,1.0,1,3,1,0,0,0,1,1,0,1,0,0,0,medio_baixo
2,10000.0,3,0.6666666666666666,1,4,1,0,0,0,1,1,1,0,0,0,0,alto
2,10000.0,0,0.0,1,4,1,0,0,0,1,1,1,0,0,0,0,gratuito
4,10000.0,61,0.7377049180327869,8,4,1,0,0,0,1,0,0,1,0,0,1,baixo
3,10000.0,5,1.0,13,4,1,0,0,0,1,1,1,1,0,0,0,medio_alto
1,10000.0,0,0.0,6,4,1,0,0,0,1,0,0,1,0,1,1,alto
2,10000.0,0,0.0,1,3,1,0,0,0,1,0,1,0,1,0,0,alto
2,75000.0,376,0.901595744680851,1,2,1,1,0,2,1,1,0,0,0,0,0,alto
2,10000.0,5,0.8,1,2,1,0,0,0,1,0,1,0,0,0,0,medio_alto
3,10000.0,1,0.0,1,4,1,0,0,0,1,0,1,1,0,1,0,medio_alto
2,10000.0,7,1.0,1,4,1,0,0,0,1,0,0,0,1,1,0,alto
7,10000.0,6,0.16666666666666666,1,2,1,0,0,0,1,0,1,0,0,0,0,baixo
2,10000.0,6,0.6666666666666666,3,2,1,0,0,0,1,0,0,1,0,0,0,baixo
2,10000.0,2,0.0,1,3,1,0,0,0,1,1,1,0,0,0,0,baixo
3,10000.0,12,1.0,1,3,1,0,1,0,1,0,1,1,0,0,0,medio_baixo
1,10000.0,0,0.0,2,2,1,0,0,0,1,0,1,0,0,0,0,alto
2,10000.0,7,0.8571428571428571,1,1,1,0,0,0,1,0,0,0,0,0,0,baixo
4,0.0,0,0.0,0,0,1,0,0,0,0,0,0,0,0,0,0,gratuito
3,10000.0,4,1.0,1,2,1,0,0,0,1,0,0,1,0,0,0,baixo
6,350000.0,4293,0.7307244351269508,10,4,1,1,1,3,1,1,1,0,1,0,0,medio_alto
8,10000.0,17,0.9411764705882353,1,1,1,1,0,0,1,0,0,0,0,0,0,alto
6,75000.0,2,1.0,1,1,1,0,1,0,0,1,0,0,0,0,0,medio_baixo
5,10000.0,89,0.6179775280898876,1,3,1,0,0,0,1,0,1,1,0,0,0,baixo
8,10000.0,9,0.3333333333333333,1,3,1,0,0,0,1,0,0,1,0,0,1,medio_alto
5,10000.0,142,0.8873239436619719,8,6,1,0,0,0,1,1,1,1,0,1,0,alto
10,150000.0,823,0.7144592952612394,1,2,1,0,0,0,1,0,0,0,0,0,1,baixo
2,10000.0,35,1.0,7,4,1,0,0,0,1,1,0,1,0,0,0,alto
6,10000.0,0,0.0,1,4,1,0,0,0,0,0,1,1,0,0,1,baixo
1,10000.0,0,0.0,11,7,1,0,0,0,1,1,1,1,1,0,1,baixo
9,10000.0,0,0.0,1,6,1,0,0,0,1,1,1,0,1,0,1,medio_baixo
7,35000.0,37,0.8918918918918919,4,2,1,0,1,0,1,0,1,0,0,0,0,medio_baixo
1,0.0,0,0.0,1,2,1,0,0,0,1,0,0,0,0,0,0,gratuito
1,10000.0,0,0.0,1,1,1,1,0,0,0,1,0,0,0,0,0,medio_alto
4,75000.0,161,0.8571428571428571,4,4,1,0,0,0,1,0,1,1,1,0,0,medio_baixo
8,10000.0,15,0.8666666666666667,2,4,1,0,0,0,1,0,1,1,0,0,0,medio_alto
7,10000.0,0,0.0,1,2,1,0,0,1,1,0,0,1,0,0,0,medio_alto
6,10000.0,19,0.6842105263157895,1,3,1,1,0,0,1,0,0,1,0,0,0,baixo
13,35000.0,1136,0.835387323943662,2,1,1,0,0,0,1,0,0,0,0,0,0,gratuito
4,1500000.0,14239,0.597584100007023,2,3,1,1,0,0,0,0,0,0,0,1,1,gratuito
21,75000.0,54,0.8518518518518519,1,3,1,0,0,0,1,0,0,0,1,1,0,alto
4,10000.0,6,0.6666666666666666,1,3,1,0,0,0,1,0,1,1,0,0,0,medio_alto
7,35000.0,1184,0.7964527027027027,4,2,1,0,0,23,0,1,0,0,1,0,0,alto
5,0.0,0,0.0,0,0,1,0,0,0,0,0,0,0,0,0,0,gratuito
7,10000.0,14,0.9285714285714286,6,2,1,1,1,0,1,0,1,0,0,0,0,medio_baixo
6,10000.0,0,0.0,1,1,1,0,0,0,0,0,0,1,0,0,0,medio_baixo
4,35000.0,240,0.8875,8,3,1,0,0,0,1,1,1,0,0,0,0,medio_baixo
19,1500000.0,8976,0.964572192513369,5,1,1,0,0,0,0,0,0,0,0,1,0,gratuito
5,0.0,0,0.0,0,0,1,0,0,0,0,0,0,0,0,0,0,gratuito
3,10000.0,1,0.0,1,3,1,1,1,0,0,1,1,0,1,0,0,medio_alto
4,10000.0,12,0.9166666666666666,1,3,1,0,0,0,1,0,0,1,0,0,1,baixo
2,75000.0,1587,0.8935097668557026,1,2,1,0,0,1,1,1,0,0,0,0,0,medio_alto
2,10000.0,0,0.0,1,2,1,0,1,0,1,0,0,1,0,0,0,medio_alto
5,0.0,0,0.0,0,0,1,0,0,0,0,0,0,0,0,0,0,gratuito
2,0.0,0,0.0,0,0,1,0,0,0,0,0,0,0,0,0,0,gratuito
11,150000.0,772,0.8251295336787565,8,1,1,0,0,16,0,1,0,0,0,0,0,alto
18,75000.0,174,0.5862068965517241,1,1,1,0,0,0,0,1,0,0,0,0,0,medio_alto
6,150000.0,405,0.8592592592592593,1,4,1,0,0,0,1,0,1,1,0,0,0,gratuito
2,10000.0,11,0.7272727272727273,1,3,1,0,0,0,0,0,0,0,0,0,0,gratuito
5,10000.0,2,1.0,29,3,1,0,0,0,1,0,0,1,0,1,0,medio_baixo
10,75000.0,237,0.8860759493670886,2,4,1,1,1,0,1,0,0,1,1,0,1,medio_baixo
4,10000.0,0,0.0,1,4,1,0,0,0,1,0,0,1,0,0,1,medio_alto
3,10000.0,0,0.0,1,3,1,0,0,0,1,1,0,1,0,0,0,gratuito
1,0.0,0,0.0,103,3,1,0,0,0,0,0,0,1,0,0,1,alto
10,350000.0,1251,0.6522781774580336,7,3,1,1,1,2,1,1,1,0,0,0,0,baixo
3,10000.0,0,0.0,1,3,1,0,0,0,1,1,1,0,0,0,0,alto
8,10000.0,63,0.9047619047619048,11,3,1,1,1,0,1,1,0,1,0,0,0,medio_alto
1,0.0,0,0.0,1,1,1,0,0,0,0,0,0,1,0,0,0,baixo
8,10000.0,9,1.0,1,4,1,0,0,0,1,1,1,1,0,0,0,gratuito
4,0.0,0,0.0,0,0,1,0,0,0,0,0,0,0,0,0,0,gratuito
7,10000.0,0,0.0,1,4,1,1,1,3,1,0,1,1,1,0,0,medio_alto
2,10000.0,2,1.0,9,3,1,1,1,0,0,0,0,1,0,1,1,medio_baixo
4,35000.0,19,0.7368421052631579,5,3,1,0,0,0,1,1,0,1,0,0,0,baixo
2,0.0,0,0.0,0,0,1,0,0,0,0,0,0,0,0,0,0,gratuito
10,35000.0,15,0.8,10,2,1,1,1,1,1,0,1,0,0,0,0,medio_baixo
1,0.0,0,0.0,103,7,1,0,0,0,0,0,0,0,0,0,0,baixo
4,0.0,0,0.0,1,6,1,0,0,0,1,0,1,1,0,0,1,gratuito
9,10000.0,157,0.9490445859872612,1,9,1,1,1,0,1,1,1,1,0,1,1,gratuito
3,10000.0,7,1.0,1,3,1,0,0,0,1,0,0,1,0,0,1,baixo
8,10000.0,75,0.4533333333333333,1,1,1,0,0,0,1,0,0,0,0,0,0,medio_alto
4,10000.0,10,0.7,5,1,1,0,0,0,1,0,0,0,0,0,0,baixo
1,10000.0,0,0.0,1,2,1,0,1,0,0,0,0,0,0,1,1,baixo
1,0.0,0,0.0,0,0,1,0,0,0,0,0,0,0,0,0,0,gratuito
9,10000.0,7,0.8571428571428571,1,3,1,0,0,0,1,1,0,0,0,0,0,alto
3,10000.0,414,0.8236714975845411,4,1,1,0,0,2,0,0,1,0,0,0,0,alto
5,10000.0,1,0.0,1,4,1,0,0,0,1,0,1,1,0,1,0,baixo
1,10000.0,0,0.0,1,5,1,0,0,0,1,0,1,1,0,0,1,medio_baixo
2,10000.0,9,0.6666666666666666,6,5,1,0,0,0,1,0,0,1,0,1,1,medio_alto
4,35000.0,27,0.37037037037037035,4,2,1,1,0,0,0,0,0,0,0,1,1,baixo
1,10000.0,3,1.0,2,2,1,0,0,0,1,0,1,0,0,0,0,medio_baixo
2,10000.0,0,0.0,1,2,1,0,0,0,1,0,0,0,1,0,0,alto
2,0.0,0,0.0,0,0,1,0,0,0,0,0,0,0,0,0,0,gratuito
1,10000.0,0,0.0,1,2,1,0,0,0,1,0,0,1,0,0,0,medio_alto
1,10000.0,0,0.0,1,3,1,0,1,0,0,0,1,1,0,0,0,gratuito
9,10000.0,10,0.4,1,4,1,0,0,0,1,0,0,1,0,1,1,baixo
2,10000.0,15,1.0,4,2,1,0,0,0,1,0,0,1,0,0,0,baixo
1,10000.0,3,1.0,2,3,1,0,0,0,1,0,0,1,0,0,0,medio_alto
3,0.0,0,0.0,8,2,1,1,1,1,1,0,1,0,0,0,0,gratuito
10,35000.0,98,0.7448979591836735,7,2,1,1,0,0,0,0,1,1,0,0,0,alto
2,10000.0,5,1.0,1,3,1,0,0,0,1,1,1,0,0,0,0,alto
5,10000.0,9,0.5555555555555556,1,2,1,0,0,0,0,0,1,1,0,0,0,medio_alto
1,0.0,0,0.0,1,5,1,0,0,0,1,1,0,0,0,1,0,gratuito
5,10000.0,7,0.5714285714285714,17,3,1,0,0,0,1,1,0,1,0,0,0,medio_alto
5,10000.0,11,0.8181818181818182,1,3,1,0,0,0,1,1,0,0,0,0,0,gratuito
1,0.0,0,0.0,0,0,1,0,0,0,0,0,0,0,0,0,0,gratuito
9,10000.0,33,0.9090909090909091,1,4,1,0,0,1,1,1,1,1,0,0,0,medio_baixo
6,10000.0,7,0.42857142857142855,1,2,1,0,0,0,0,1,1,0,0,0,0,medio_alto
5,10000.0,59,0.7288135593220338,6,1,1,0,0,0,0,1,0,0,0,0,0,alto
4,10000.0,23,0.6956521739130435,25,3,1,0,0,0,0,0,1,1,0,0,1,baixo
3,10000.0,20,1.0,1,3,1,0,0,0,1,1,1,0,0,0,0,medio_alto
8,10000.0,4,0.0,1,2,1,0,0,4,1,0,0,1,0,0,0,medio_baixo
2,10000.0,0,0.0,1,5,1,0,0,0,0,1,1,1,1,1,0,medio_baixo
5,75000.0,1763,0.9115144639818491,1,5,1,0,0,0,1,0,1,1,0,0,1,alto
2,0.0,0,0.0,0,0,1,0,0,0,0,0,0,0,0,0,0,gratuito
3,10000.0,1,1.0,1,3,1,0,0,0,1,0,1,1,0,0,0,baixo
8,10000.0,120,0.75,103,5,1,0,0,0,1,0,1,1,0,1,1,baixo
10,150000.0,380,0.5710526315789474,1,2,1,1,1,0,1,0,0,0,0,0,1,medio_baixo
1,0.0,0,0.0,14,5,1,0,0,0,1,0,0,1,0,1,0,gratuito
5,0.0,0,0.0,1,1,1,0,0,0,0,0,0,0,0,0,0,gratuito
1,0.0,0,0.0,0,0,1,0,0,0,0,0,0,0,0,0,0,gratuito
1,0.0,0,0.0,21,2,1,0,0,1,0,0,0,0,0,0,1,alto
1,0.0,0,0.0,1,1,1,0,0,0,0,0,0,0,0,0,0,gratuito
4,10000.0,0,0.0,1,2,1,0,0,0,1,0,0,1,0,0,0,baixo
5,3500000.0,26682,0.8224645828648527,28,6,1,0,0,0,0,1,1,0,1,1,0,gratuito
1,10000.0,0,0.0,7,2,1,1,0,0,1,0,1,0,0,0,0,medio_baixo
5,10000.0,1,1.0,1,2,1,0,0,0,1,0,0,1,0,0,0,baixo
1,10000.0,0,0.0,6,3,1,0,0,0,0,0,0,1,1,0,1,alto
5,10000.0,49,0.46938775510204084,4,4,1,0,0,0,1,0,0,0,1,1,1,alto
1,0.0,0,0.0,1,5,1,0,0,0,1,1,0,1,0,0,0,gratuito
2,10000.0,1,1.0,1,2,1,0,0,0,1,0,0,1,0,0,0,medio_baixo
2,0.0,0,0.0,0,0,1,0,0,0,0,0,0,0,0,0,0,gratuito
3,10000.0,7,0.8571428571428571,2,1,1,0,0,0,0,0,0,1,0,0,0,baixo
3,10000.0,65,0.7384615384615385,8,2,1,0,0,0,0,1,1,0,0,0,0,medio_alto
1,10000.0,0,0.0,1,3,1,0,0,0,0,1,0,1,0,1,0,medio_baixo
2,10000.0,13,0.6923076923076923,11,7,1,0,0,0,1,1,1,1,0,0,1,medio_baixo
3,10000.0,5,0.6,1,1,1,0,0,0,0,0,0,1,0,0,0,medio_baixo
1,0.0,0,0.0,1,4,1,0,0,0,1,0,1,1,0,1,0,baixo
11,350000.0,4881,0.9577955337021102,2,1,1,1,1,1,1,0,0,0,0,0,0,gratuito
8,10000.0,18,0.8888888888888888,2,3,1,1,1,1,1,1,1,0,0,0,0,baixo
4,10000.0,18,0.9444444444444444,1,3,1,0,0,0,1,1,0,0,0,0,0,medio_alto
1,10000.0,2,0.5,1,2,1,0,0,0,0,0,0,0,0,0,1,alto
5,35000.0,20,0.85,1,4,1,0,0,0,1,1,1,0,0,0,0,medio_baixo
2,75000.0,71,0.9436619718309859,53,4,1,0,1,0,1,0,0,1,0,1,1,medio_baixo
6,10000.0,11,0.7272727272727273,1,3,1,0,0,0,1,0,0,0,0,0,1,medio_alto
8,150000.0,1212,0.8688118811881188,1,7,1,0,0,0,1,1,0,0,0,1,1,medio_alto
1,0.0,0,0.0,1,3,1,0,0,0,0,1,0,0,1,0,0,gratuito
1,0.0,0,0.0,0,0,1,0,0,0,0,0,0,0,0,0,0,gratuito
3,0.0,0,0.0,10,4,1,1,0,1,1,0,0,1,0,1,0,gratuito
4,10000.0,3,1.0,1,6,1,0,0,0,1,1,1,1,1,1,0,alto
1,10000.0,2,1.0,1,2,1,0,0,0,0,0,0,0,1,1,0,medio_alto
1,10000.0,15,0.5333333333333333,1,2,1,1,0,0,0,0,0,0,0,0,1,alto
4,10000.0,0,0.0,1,3,1,0,0,0,1,0,1,0,1,0,0,medio_baixo
3,10000.0,171,0.8070175438596491,2,3,1,1,1,0,1,1,1,0,0,0,0,baixo
2,0.0,0,0.0,0,0,1,0,0,0,0,0,0,0,0,0,0,gratuito
5,150000.0,2637,0.9525976488433826,1,5,1,0,0,0,1,1,0,0,1,0,1,alto
2,35000.0,2,1.0,1,1,1,0,0,0,0,0,0,0,1,0,0,baixo
6,350000.0,2915,0.7519725557461406,10,5,1,1,1,1,1,1,1,0,0,1,1,medio_baixo
4,35000.0,7,0.2857142857142857,1,3,1,0,0,0,1,0,1,1,0,0,0,baixo
11,75000.0,1398,0.7410586552217453,1,1,1,0,0,11,0,1,0,0,0,0,0,alto
5,10000.0,8,0.375,2,2,1,0,0,0,1,0,1,0,0,0,0,medio_alto
5,10000.0,9,0.5555555555555556,12,5,1,0,0,0,0,0,0,1,0,1,1,alto
9,10000.0,17,0.9411764705882353,1,2,1,0,0,1,1,1,0,0,0,0,0,medio_alto
2,10000.0,0,0.0,12,2,1,0,0,0,1,1,0,0,0,0,0,alto
12,1500000.0,7647,0.7315287040669544,1,3,1,0,0,0,1,1,0,0,0,0,0,gratuito
2,10000.0,1,0.0,1,2,1,0,0,0,1,0,0,0,0,0,1,medio_alto
3,35000.0,4,1.0,11,2,1,0,0,0,1,1,0,0,0,0,0,medio_baixo
5,10000.0,24,0.08333333333333333,29,3,1,1,1,0,1,1,0,1,0,0,0,alto
5,10000.0,209,0.9282296650717703,10,1,1,0,0,0,0,1,0,0,0,0,0,medio_alto
5,10000.0,13,0.46153846153846156,1,2,1,0,0,0,0,1,0,0,0,0,0,alto
2,10000.0,122,0.9508196721311475,11,2,1,0,0,1,1,1,0,0,0,0,0,alto
1,10000.0,0,0.0,1,3,1,0,0,0,1,0,0,0,1,0,0,alto
7,35000.0,195,0.5128205128205128,8,2,1,0,0,0,1,0,1,0,0,0,0,medio_baixo
5,35000.0,51,0.8627450980392157,29,3,1,0,0,1,0,1,1,1,0,0,0,baixo
9,35000.0,79,0.7468354430379747,1,2,1,0,0,0,0,0,0,0,0,0,1,gratuito
1,10000.0,0,0.0,1,5,1,0,0,0,1,1,1,1,0,0,0,alto
1,0.0,0,0.0,0,0,1,0,0,0,0,0,0,0,0,0,0,gratuito
3,150000.0,75,0.7866666666666666,11,2,1,1,1,0,1,1,0,0,0,0,0,alto
3,0.0,0,0.0,1,3,1,0,0,0,1,0,1,1,0,0,0,gratuito
4,10000.0,3,1.0,1,4,1,1,0,0,1,1,0,1,0,0,1,medio_baixo
8,10000.0,9,0.2222222222222222,1,3,1,1,1,0,1,0,0,1,0,1,0,gratuito
3,0.0,0,0.0,103,2,1,0,0,1,1,0,0,1,0,0,0,baixo
1,10000.0,0,0.0,1,3,1,0,0,0,1,0,0,0,0,0,1,alto
3,10000.0,149,0.7986577181208053,1,3,1,0,0,0,1,0,0,0,0,0,1,alto
2,10000.0,3,0.0,12,3,1,1,0,0,1,0,0,1,0,1,0,baixo
1,0.0,0,0.0,2,3,1,0,0,0,1,1,0,1,0,0,0,medio_alto
1,10000.0,0,0.0,3,2,1,1,0,0,0,0,1,1,0,0,0,medio_alto
8,10000.0,72,0.8055555555555556,1,1,1,0,0,0,1,0,0,0,0,0,0,baixo
1,10000.0,0,0.0,5,4,1,0,0,0,1,0,1,1,0,0,1,medio_alto
4,35000.0,27,0.8888888888888888,9,3,1,0,0,0,1,1,1,0,0,0,0,medio_alto
2,0.0,0,0.0,0,0,1,0,0,0,0,0,0,0,0,0,0,gratuito
1,10000.0,0,0.0,1,3,1,0,0,0,0,1,0,0,0,1,1,medio_alto
10,35000.0,1323,0.6749811035525322,10,6,1,1,1,0,1,1,1,0,1,1,0,baixo
7,10000.0,11,0.7272727272727273,1,2,1,0,0,0,0,0,1,1,0,0,0,medio_alto
4,0.0,0,0.0,2,2,1,0,0,0,0,1,0,0,0,0,0,gratuito
4,35000.0,28,0.8928571428571429,2,2,1,0,0,0,1,0,1,0,0,0,0,baixo
4,35000.0,3,0.6666666666666666,3,4,1,0,0,0,1,1,0,0,1,0,1,alto
6,75000.0,471,0.8556263269639066,1,3,1,0,0,1,1,0,1,0,0,0,0,gratuito
4,10000.0,0,0.0,1,1,1,0,0,0,0,0,1,0,0,0,0,baixo
1,0.0,0,0.0,0,0,1,0,0,0,0,0,0,0,0,0,0,gratuito
8,10000.0,25,0.2,2,4,1,0,0,1,1,0,1,1,0,1,0,baixo
4,10000.0,290,0.9655172413793104,2,4,1,0,0,1,0,0,1,0,1,1,1,alto
5,10000.0,26,0.6923076923076923,3,4,1,0,0,0,1,1,1,0,1,0,0,medio_alto
1,0.0,0,0.0,0,0,1,0,0,0,0,0,0,0,0,0,0,gratuito
5,10000.0,19,0.3157894736842105,11,3,1,0,0,0,1,1,0,0,1,0,0,baixo
3,10000.0,2,1.0,1,4,1,1,1,1,1,1,1,1,0,0,0,medio_baixo
1,0.0,0,0.0,1,1,1,0,0,0,0,0,0,1,0,0,0,medio_alto
8,10000.0,4,1.0,5,1,1,1,0,0,0,0,0,1,0,0,0,medio_baixo
1,10000.0,2,0.5,1,3,1,0,0,0,1,1,1,0,0,0,0,medio_baixo
8,10000.0,63,0.6031746031746031,5,3,1,0,0,0,1,0,0,0,0,1,1,alto
2,0.0,0,0.0,0,0,1,0,0,0,0,0,0,0,0,0,0,gratuito
8,10000.0,38,0.9473684210526315,16,3,1,1,0,0,0,0,1,1,0,0,1,alto
7,750000.0,7859,0.9345972770072528,6,4,1,0,0,0,0,1,1,1,0,0,0,baixo
4,10000.0,1,0.0,2,3,1,0,0,0,1,1,0,0,1,0,0,medio_baixo
5,10000.0,4,0.5,1,1,1,0,0,0,0,0,0,0,0,0,1,alto
12,75000.0,315,0.746031746031746,1,3,1,1,1,0,1,0,1,1,0,0,0,medio_baixo
2,35000.0,663,0.9170437405731523,1,1,1,0,0,0,0,1,0,0,0,0,0,medio_baixo
5,10000.0,9,0.7777777777777778,2,4,1,0,0,0,0,0,0,1,0,0,0,alto
9,10000.0,123,0.8373983739837398,1,3,1,0,0,0,1,0,1,0,1,0,0,alto
4,10000.0,0,0.0,1,4,1,0,0,0,0,1,0,1,0,0,0,medio_alto
2,10000.0,23,0.9130434782608695,1,2,1,0,0,3,0,0,0,1,0,0,0,baixo
2,0.0,0,0.0,5,5,1,0,0,0,1,1,0,0,1,1,0,gratuito
2,35000.0,10,1.0,33,2,1,1,1,0,1,0,0,1,0,0,0,medio_baixo
2,10000.0,0,0.0,1,1,1,0,0,0,0,0,0,1,0,0,0,baixo
4,10000.0,11,0.9090909090909091,1,1,1,0,0,0,1,0,0,0,0,0,0,baixo
1,0.0,0,0.0,12,3,1,0,0,0,1,0,1,1,0,0,0,medio_baixo
6,10000.0,432,0.8310185185185185,13,2,1,1,0,1,1,0,1,0,0,0,0,medio_baixo
2,10000.0,0,0.0,1,2,1,0,0,0,0,0,1,1,0,0,0,alto
1,10000.0,0,0.0,7,3,1,0,1,0,1,0,0,0,0,1,0,alto
1,10000.0,0,0.0,4,3,1,0,0,0,1,0,0,1,0,0,1,alto
2,10000.0,0,0.0,6,2,1,0,0,0,0,0,0,1,1,0,0,alto
9,10000.0,7,0.2857142857142857,2,2,1,0,0,0,1,0,1,0,0,0,0,baixo
10,75000.0,1099,0.8207461328480437,2,1,1,1,0,0,0,0,0,0,0,0,0,gratuito
9,35000.0,17,0.4117647058823529,2,3,1,1,0,0,0,1,1,0,1,0,0,medio_alto
7,750000.0,9224,0.9488291413703382,14,2,1,0,0,1,1,0,1,0,0,0,0,baixo
9,35000.0,358,0.5391061452513967,7,3,1,0,0,0,1,0,0,0,0,1,1,alto
5,350000.0,1935,0.8852713178294573,12,1,1,0,0,1,0,0,0,0,1,0,0,alto
6,10000.0,5,0.8,1,2,1,0,0,0,1,0,0,1,0,0,0,baixo
3,10000.0,49,1.0,6,3,1,0,0,1,1,0,0,1,0,0,1,medio_alto
1,10000.0,0,0.0,13,5,1,0,0,0,0,1,1,0,1,0,1,medio_baixo
2,10000.0,0,0.0,1,1,1,0,0,0,0,1,0,0,0,0,0,baixo
1,0.0,0,0.0,1,2,1,0,0,0,0,0,1,0,0,0,0,gratuito
1,10000.0,1,1.0,8,5,1,0,0,0,1,0,1,1,1,1,0,alto
9,10000.0,9,0.7777777777777778,1,2,1,1,1,0,1,0,0,1,0,0,0,baixo
5,0.0,0,0.0,1,4,1,0,0,0,1,1,0,1,0,0,0,gratuito
2,10000.0,9,0.8888888888888888,1,3,1,0,0,0,1,1,1,0,0,0,0,medio_alto
6,10000.0,3,0.6666666666666666,1,1,1,0,0,1,0,0,0,0,0,0,0,baixo
9,10000.0,2,0.5,1,4,1,0,0,0,1,1,0,1,0,0,0,medio_alto
5,10000.0,76,0.881578947368421,2,2,1,0,0,0,0,0,1,1,0,0,0,alto
3,0.0,0,0.0,3,2,1,0,0,0,0,0,0,1,0,0,1,gratuito
6,10000.0,13,0.7692307692307693,1,3,1,0,0,0,1,0,1,0,0,1,0,gratuito
8,350000.0,12839,0.9390918295817431,9,2,1,1,1,0,1,0,1,0,0,0,0,medio_baixo
5,10000.0,0,0.0,1,1,1,0,0,0,1,0,0,0,0,0,0,alto
2,10000.0,1,1.0,1,1,1,0,0,0,1,0,0,0,0,0,0,medio_alto
3,10000.0,1,0.0,1,1,1,1,0,0,0,0,1,0,0,0,0,medio_alto
2,10000.0,0,0.0,17,6,1,0,0,1,1,0,1,1,1,1,1,baixo
1,10000.0,2,0.5,1,5,1,0,0,1,1,0,1,1,0,0,1,medio_alto
5,0.0,0,0.0,0,0,1,0,0,0,0,0,0,0,0,0,0,gratuito
6,10000.0,194,0.9175257731958762,1,4,1,0,0,0,1,1,1,0,0,0,1,alto
8,35000.0,80,0.5875,2,3,1,0,0,1,1,0,1,1,0,0,0,baixo
2,10000.0,0,0.0,2,2,1,0,0,0,0,0,0,0,0,0,0,gratuito
2,10000.0,1,1.0,3,2,1,0,0,0,0,0,0,1,0,0,1,baixo
2,10000.0,7,0.5714285714285714,3,3,1,1,0,0,1,0,0,1,0,1,0,medio_baixo
1,10000.0,0,0.0,10,3,1,0,0,2,1,1,1,0,0,0,0,alto
2,10000.0,22,0.7272727272727273,1,3,1,0,0,0,1,1,1,0,0,0,0,medio_baixo
4,10000.0,35,0.8285714285714286,1,5,1,0,0,0,1,1,0,1,0,0,0,baixo
15,3500000.0,57284,0.9259653655470986,14,3,1,1,0,0,1,1,1,0,0,0,0,baixo
4,10000.0,29,0.7586206896551724,3,5,1,0,0,0,1,0,1,1,0,0,1,baixo
8,10000.0,28,0.4642857142857143,1,2,1,0,0,0,1,0,0,1,0,0,0,baixo
9,75000.0,55,0.4909090909090909,1,2,1,1,1,0,1,0,0,1,0,0,0,medio_baixo
9,10000.0,28,0.6071428571428571,2,2,1,0,1,2,1,0,1,0,0,0,0,medio_alto
5,10000.0,6,0.6666666666666666,1,2,1,0,0,0,1,0,1,0,0,0,0,medio_baixo
2,0.0,0,0.0,0,0,1,0,0,0,0,0,0,0,0,0,0,gratuito
7,10000.0,1,0.0,15,3,1,0,0,0,0,1,0,1,0,0,0,medio_baixo
5,10000.0,33,0.7272727272727273,29,2,1,0,0,0,0,1,1,0,0,0,0,baixo
8,10000.0,5,0.8,1,4,1,1,1,0,1,1,1,0,0,0,0,gratuito
2,10000.0,94,0.5,1,1,1,0,0,0,0,0,1,0,0,0,0,alto
6,10000.0,25,0.8,1,3,1,0,0,1,1,1,0,0,0,1,0,medio_baixo
6,10000.0,6,0.8333333333333334,1,1,1,0,0,0,0,1,0,0,0,0,0,medio_alto
2,0.0,0,0.0,3,4,1,0,0,0,0,1,0,1,0,1,0,gratuito
3,10000.0,0,0.0,1,3,1,1,1,0,1,0,0,1,0,0,1,alto
2,0.0,0,0.0,0,0,1,0,0,0,0,0,0,0,0,0,0,gratuito
4,0.0,0,0.0,0,0,1,0,0,0,0,0,0,0,0,0,0,gratuito
3,0.0,0,0.0,103,3,1,0,0,0,1,1,0,0,0,0,0,gratuito
12,10000.0,39,0.3076923076923077,1,3,1,0,0,0,0,0,0,0,0,0,0,medio_baixo
3,0.0,0,0.0,0,0,1,0,0,0,0,0,0,0,0,0,0,gratuito
4,10000.0,41,0.9024390243902439,29,2,1,0,0,0,1,0,0,1,0,0,0,baixo
3,10000.0,0,0.0,9,1,1,0,0,0,0,0,0,1,0,0,0,baixo
4,35000.0,2,0.5,2,1,1,0,0,0,1,0,0,0,0,0,0,medio_baixo
1,0.0,0,0.0,1,3,1,0,0,0,1,1,0,0,0,0,0,gratuito
2,10000.0,9,1.0,2,4,1,0,0,0,1,1,1,1,0,0,0,medio_baixo
4,0.0,0,0.0,0,0,1,0,0,0,0,0,0,0,0,0,0,gratuito
8,10000.0,5,1.0,1,2,1,0,0,0,1,0,0,1,0,0,0,baixo
1,10000.0,1,1.0,1,3,1,0,1,0,0,1,1,0,0,0,1,medio_baixo
1,0.0,0,0.0,1,4,1,0,0,0,1,0,1,1,0,0,0,gratuito
2,10000.0,67,0.7761194029850746,12,4,1,0,0,0,1,1,1,0,0,0,1,medio_alto
2,10000.0,12,0.8333333333333334,1,3,1,0,0,0,1,1,1,0,0,0,0,medio_alto
2,10000.0,1,0.0,1,3,1,0,0,4,1,0,0,1,0,1,0,baixo
11,35000.0,79,0.8354430379746836,1,1,1,1,1,0,0,0,0,1,0,0,0,medio_baixo
5,0.0,0,0.0,0,0,1,0,0,0,0,0,0,0,0,0,0,gratuito
4,10000.0,1,0.0,1,2,1,0,1,0,0,0,0,1,0,1,0,alto
1,10000.0,0,0.0,1,7,1,0,0,0,1,1,1,1,1,1,1,baixo
1,0.0,0,0.0,0,0,1,0,0,0,0,0,0,0,0,0,0,gratuito
3,0.0,0,0.0,1,2,1,0,0,0,1,0,1,0,0,0,0,gratuito
1,10000.0,0,0.0,2,3,1,1,1,0,1,0,0,1,0,0,1,medio_baixo
10,10000.0,17,0.7647058823529411,1,3,1,1,0,0,1,1,1,0,0,0,0,alto
6,10000.0,39,0.7948717948717948,1,2,1,0,0,0,0,0,0,1,0,0,0,medio_baixo
1,10000.0,97,0.7216494845360825,9,2,1,0,0,0,1,0,1,0,0,0,0,medio_alto
8,10000.0,1,0.0,2,3,1,0,0,0,1,1,0,0,0,0,0,medio_baixo
6,150000.0,601,0.8901830282861897,4,2,1,0,0,0,0,0,1,0,0,1,0,medio_alto
8,10000.0,13,0.9230769230769231,1,2,1,0,0,0,0,0,1,1,0,0,0,medio_baixo
2,0.0,0,0.0,0,0,1,0,0,0,0,0,0,0,0,0,0,gratuito
10,150000.0,149,0.4697986577181208,16,2,1,0,0,0,0,0,0,1,0,1,0,medio_baixo
2,10000.0,7,1.0,8,4,1,0,0,0,1,1,0,0,1,1,0,medio_alto
2,10000.0,35,0.8,3,1,1,0,0,0,0,0,1,0,0,0,0,medio_baixo
3,0.0,0,0.0,103,5,1,0,0,1,0,1,1,1,0,1,1,baixo
5,0.0,0,0.0,0,0,1,0,0,0,0,0,0,0,0,0,0,gratuito
5,75000.0,426,0.9553990610328639,1,3,1,0,0,1,1,1,0,1,0,0,0,gratuito
7,10000.0,0,0.0,29,4,1,0,0,1,1,0,0,1,1,0,1,baixo
7,10000.0,14,0.5,1,2,1,1,1,8,1,0,1,0,0,0,0,medio_alto
6,10000.0,0,0.0,1,4,1,0,0,0,1,1,1,1,0,0,0,medio_baixo
1,10000.0,0,0.0,15,3,1,0,0,3,0,0,0,1,1,1,0,medio_alto
3,35000.0,438,0.9771689497716894,1,1,1,0,0,0,0,1,0,0,0,0,0,medio_baixo
2,10000.0,10,0.8,4,3,1,0,0,0,1,0,0,1,0,0,0,medio_alto
5,10000.0,1,1.0,1,4,1,0,0,0,0,1,0,1,0,1,0,medio_alto
2,10000.0,0,0.0,2,4,1,0,0,0,1,0,1,1,0,0,1,medio_baixo
10,350000.0,6812,0.6203758073987081,2,5,1,1,1,1,1,1,1,0,1,0,1,gratuito
2,10000.0,386,0.8290155440414507,4,2,1,0,0,0,0,1,1,0,0,0,0,medio_alto
2,10000.0,1,1.0,1,3,1,0,0,0,1,1,1,0,0,0,0,baixo
2,10000.0,1,1.0,5,1,1,0,0,0,0,0,0,1,0,0,0,medio_baixo
2,10000.0,9,1.0,1,3,1,0,1,0,1,0,0,1,0,1,0,medio_baixo
2,75000.0,302,0.9536423841059603,1,2,1,0,0,1,1,0,1,0,0,0,0,medio_baixo
5,0.0,0,0.0,1,3,1,0,0,0,1,0,0,0,1,0,0,gratuito
9,10000.0,8,0.5,2,3,1,0,0,0,0,1,1,1,0,0,0,medio_alto
9,10000.0,1,1.0,1,2,1,0,0,0,1,0,0,0,0,0,0,gratuito
1,10000.0,0,0.0,2,4,1,0,0,0,0,1,1,0,1,1,0,medio_alto
2,10000.0,6,1.0,9,3,1,1,1,0,1,1,0,1,0,0,0,medio_baixo
2,10000.0,14,1.0,1,3,1,0,0,5,1,0,0,0,1,0,0,medio_alto
1,0.0,0,0.0,2,5,1,0,0,0,1,1,1,1,0,0,0,gratuito
8,10000.0,5,0.4,1,3,1,0,0,0,1,1,0,1,0,0,0,baixo
9,35000.0,413,0.7990314769975787,2,2,1,0,0,0,1,1,0,0,0,0,0,medio_baixo
1,0.0,0,0.0,0,0,1,0,0,0,0,0,0,0,0,0,0,gratuito
7,35000.0,421,0.9667458432304038,2,3,1,0,0,0,1,1,0,1,0,0,0,medio_baixo
2,10000.0,0,0.0,1,2,1,0,0,0,0,1,0,1,0,0,0,medio_alto
4,0.0,0,0.0,1,2,1,0,0,0,0,0,0,0,0,1,0,gratuito
6,10000.0,21,0.9523809523809523,103,5,1,0,0,0,1,0,1,1,0,1,1,baixo
10,10000.0,19,0.9473684210526315,1,2,1,0,0,0,0,0,0,1,0,0,1,medio_baixo
3,10000.0,2,1.0,1,3,1,1,1,0,0,1,1,1,0,0,0,baixo
5,0.0,0,0.0,0,0,1,0,0,0,0,0,0,0,0,0,0,gratuito
1,0.0,0,0.0,1,1,1,0,0,0,0,0,0,0,1,0,0,medio_baixo
2,35000.0,1483,0.9028995279838166,8,3,1,0,0,0,1,1,1,0,0,0,0,alto
9,10000.0,10,0.6,1,3,1,0,0,0,1,1,0,1,0,0,0,medio_baixo
1,10000.0,25,1.0,1,2,1,0,0,1,1,0,0,1,0,0,0,medio_alto
11,10000.0,271,0.5350553505535055,1,5,1,0,0,0,1,1,1,1,0,0,1,baixo
6,35000.0,7,1.0,1,2,1,0,0,0,1,1,0,0,0,0,0,baixo
2,10000.0,31,0.4838709677419355,24,6,1,0,0,0,1,1,1,1,0,0,1,gratuito
5,10000.0,248,0.6895161290322581,14,6,1,1,0,13,0,0,0,0,0,0,0,alto
2,75000.0,503,0.8210735586481114,5,2,1,0,0,0,0,0,0,0,1,0,0,alto
1,10000.0,0,0.0,12,5,1,0,0,0,1,1,1,1,1,0,0,medio_baixo
3,1500000.0,3399,0.8973227419829362,11,2,1,0,0,1,1,1,0,0,0,0,0,alto
2,10000.0,51,0.7058823529411765,29,5,1,0,0,0,1,1,0,0,0,1,0,gratuito
6,10000.0,0,0.0,1,1,1,0,0,1,0,0,0,0,1,0,0,medio_baixo
1,10000.0,0,0.0,8,3,1,0,0,0,1,1,0,0,0,1,0,medio_alto
1,10000.0,0,0.0,1,2,1,0,0,0,0,1,0,0,0,1,0,medio_baixo
1,0.0,0,0.0,18,4,1,0,0,0,1,0,0,1,0,0,1,gratuito
3,10000.0,174,0.8160919540229885,11,3,1,0,0,0,1,0,1,1,0,0,0,baixo
6,10000.0,0,0.0,15,1,1,1,1,3,0,1,0,0,0,0,0,medio_alto
1,10000.0,8,0.75,1,3,1,0,0,0,1,1,0,1,0,0,0,alto
10,10000.0,17,1.0,1,1,1,0,0,0,0,1,0,0,0,0,0,medio_alto
7,10000.0,7,1.0,2,2,1,0,0,0,1,0,1,0,0,0,0,medio_alto
2,150000.0,4409,0.6799727829439782,9,1,1,0,0,0,0,1,0,0,0,0,0,medio_alto
1,0.0,0,0.0,0,0,1,0,0,0,0,0,0,0,0,0,0,gratuito
2,0.0,0,0.0,0,0,1,0,0,0,0,0,0,0,0,0,0,gratuito
1,10000.0,13,1.0,1,2,1,0,0,0,0,1,0,1,0,0,0,medio_alto
1,0.0,0,0.0,1,3,1,0,0,0,1,0,0,1,0,0,1,medio_baixo
1,750000.0,9215,0.6868149755832881,1,4,1,0,0,0,1,1,0,0,0,1,1,alto
1,10000.0,0,0.0,1,5,1,0,0,0,1,1,1,1,0,1,0,medio_alto
5,10000.0,0,0.0,1,3,1,0,0,0,1,1,0,1,0,0,0,medio_baixo
4,10000.0,163,0.9263803680981595,1,1,1,0,0,0,0,0,0,0,0,1,0,medio_baixo
5,10000.0,16,0.8125,3,1,1,0,0,0,0,0,0,1,0,0,0,medio_alto
3,35000.0,385,0.8,13,4,1,0,0,3,1,1,0,1,0,0,1,alto
4,10000.0,0,0.0,3,2,1,0,1,0,1,0,0,1,0,0,0,baixo
1,10000.0,23,0.782608695652174,2,2,1,0,0,0,0,0,0,1,0,0,1,alto
3,35000.0,22,1.0,1,3,1,0,0,0,1,0,1,0,1,0,0,medio_baixo
7,35000.0,1,0.0,1,1,1,1,1,0,0,0,0,1,0,0,0,medio_baixo
12,750000.0,7984,0.9139529058116233,16,3,1,1,1,1,1,1,0,0,1,0,0,alto
11,350000.0,1068,0.7200374531835206,2,3,1,0,0,0,0,1,1,0,1,0,0,baixo
12,35000.0,938,0.9339019189765458,2,3,1,0,0,0,1,1,1,0,0,0,0,baixo
1,0.0,0,0.0,1,4,1,0,0,0,1,0,1,0,1,0,0,gratuito
2,0.0,0,0.0,0,0,1,0,0,0,0,0,0,0,0,0,0,gratuito
2,10000.0,162,0.6666666666666666,1,2,1,0,0,0,0,1,1,0,0,0,0,alto
3,0.0,0,0.0,0,0,1,0,0,0,0,0,0,0,0,0,0,gratuito
3,10000.0,4,0.5,26,4,1,0,0,0,1,0,0,0,0,0,1,baixo
6,35000.0,15,0.6666666666666666,6,2,1,0,0,0,0,1,1,0,0,0,0,alto
2,10000.0,1,1.0,10,1,1,0,0,0,0,0,0,0,0,1,0,medio_baixo
8,10000.0,50,0.46,5,2,1,0,0,0,1,0,0,0,0,0,1,medio_alto
1,10000.0,0,0.0,1,1,1,0,0,0,0,0,0,1,0,0,0,medio_alto
7,350000.0,1231,0.6385052802599512,12,3,1,1,0,1,1,0,1,0,0,0,1,medio_alto
1,10000.0,0,0.0,9,2,1,0,0,4,0,1,0,1,0,0,0,alto
6,10000.0,5,0.8,2,2,1,0,0,0,1,0,1,0,0,0,0,alto
7,10000.0,9,0.8888888888888888,2,3,1,0,0,0,1,0,1,1,0,0,0,baixo
4,350000.0,1587,0.8802772526780088,1,3,1,0,0,0,1,1,0,0,0,0,0,medio_alto
3,10000.0,4,1.0,1,1,1,0,0,0,0,1,0,0,0,0,0,medio_alto
6,75000.0,270,0.837037037037037,1,6,1,0,0,0,1,1,1,1,0,0,0,gratuito
2,10000.0,7,0.8571428571428571,8,3,1,0,0,0,1,1,1,0,0,0,0,medio_alto
2,10000.0,25,0.84,12,2,1,0,0,1,1,0,1,0,0,0,0,baixo
9,10000.0,7,0.5714285714285714,1,3,1,1,1,0,1,0,1,0,1,0,0,medio_alto
3,10000.0,6,0.6666666666666666,7,5,1,0,0,0,1,1,0,0,0,1,1,alto
5,10000.0,45,0.6,2,4,1,0,0,0,1,0,1,1,0,0,1,baixo
1,10000.0,0,0.0,2,2,1,0,0,0,1,0,1,0,0,0,0,medio_baixo
5,10000.0,0,0.0,2,3,1,0,0,0,1,0,1,1,0,0,0,medio_baixo
1,0.0,0,0.0,1,2,1,0,0,0,1,0,0,1,0,0,0,medio_baixo
6,10000.0,35,0.6,1,3,1,0,0,0,1,0,0,1,0,0,1,medio_baixo
5,0.0,0,0.0,1,4,1,0,0,0,1,0,1,0,1,0,0,gratuito
6,10000.0,466,0.9678111587982833,5,1,1,0,0,1,1,0,0,0,0,0,0,medio_alto
2,10000.0,0,0.0,1,6,1,0,0,0,1,1,1,1,0,0,0,medio_alto
1,0.0,0,0.0,1,2,1,0,0,0,1,0,0,0,0,1,0,alto
2,10000.0,20,1.0,2,3,1,1,0,0,1,0,0,1,1,0,0,medio_baixo
2,10000.0,20,0.75,23,2,1,0,0,0,1,1,0,0,0,0,0,medio_alto
2,10000.0,22,0.9545454545454546,7,6,1,0,0,0,1,1,0,1,0,0,1,medio_alto
9,10000.0,84,0.6428571428571429,2,2,1,0,0,2,1,1,0,0,0,0,0,medio_alto
2,10000.0,0,0.0,1,2,1,0,0,0,0,0,0,0,0,0,0,medio_alto
3,10000.0,83,0.43373493975903615,9,3,1,0,0,2,0,0,1,1,1,0,0,baixo
4,10000.0,249,0.7389558232931727,8,1,1,0,0,3,0,1,0,0,0,0,0,medio_baixo
3,10000.0,0,0.0,1,2,1,0,0,0,1,0,0,1,0,0,0,baixo
7,10000.0,40,0.625,1,2,1,0,0,0,1,0,0,0,0,0,1,medio_baixo
7,10000.0,0,0.0,1,1,1,1,1,0,0,0,0,1,0,0,0,medio_alto
5,3500000.0,85088,0.9765771906731854,2,4,1,0,0,2,1,0,0,0,0,1,1,alto
1,10000.0,9,1.0,30,3,1,0,0,0,1,1,1,0,0,0,0,medio_baixo
3,10000.0,5,0.6,4,2,1,0,0,0,0,0,0,0,0,1,1,medio_alto
1,10000.0,82,0.6463414634146342,5,6,1,0,0,0,1,0,1,1,1,1,1,alto
4,0.0,0,0.0,0,0,1,0,0,0,0,0,0,0,0,0,0,gratuito
5,0.0,0,0.0,2,3,1,0,0,1,0,0,1,0,1,0,0,gratuito
3,10000.0,0,0.0,1,3,1,0,0,0,1,1,0,1,0,0,0,medio_baixo
8,35000.0,4,0.25,1,3,1,0,0,0,1,0,1,1,0,0,0,baixo
1,0.0,0,0.0,1,3,1,0,0,0,0,1,1,1,0,0,0,alto
1,10000.0,0,0.0,2,3,1,0,0,0,0,1,1,1,0,0,0,medio_baixo
8,10000.0,17,0.7058823529411765,1,2,1,1,0,0,1,1,0,0,0,0,0,baixo
8,10000.0,0,0.0,1,3,1,0,0,0,1,0,1,1,0,0,0,baixo
5,10000.0,4,1.0,1,3,1,1,0,0,1,1,0,1,0,0,0,medio_baixo
3,0.0,0,0.0,1,1,1,0,1,1,1,0,0,0,0,0,0,gratuito
3,10000.0,11,0.8181818181818182,1,2,1,0,0,0,1,0,0,0,0,1,0,medio_alto
1,10000.0,0,0.0,1,2,1,1,1,0,1,0,0,1,0,0,0,alto
4,10000.0,26,0.8846153846153846,1,2,1,1,1,1,0,0,0,1,0,0,0,gratuito
3,0.0,0,0.0,0,0,1,0,0,0,0,0,0,0,0,0,0,gratuito
2,0.0,0,0.0,103,2,1,0,0,0,1,0,0,1,0,0,0,baixo
1,10000.0,0,0.0,1,3,1,0,0,0,1,0,1,1,0,0,0,alto
6,10000.0,2,0.5,2,3,1,1,0,0,1,0,0,1,0,0,1,medio_alto
2,10000.0,104,0.9230769230769231,1,3,1,0,0,0,0,0,0,1,0,1,0,alto
2,10000.0,3,1.0,1,2,1,0,0,0,1,0,0,1,0,0,0,baixo
7,10000.0,1,1.0,1,2,1,0,0,0,1,1,0,0,0,0,0,baixo
9,10000.0,8,0.5,8,1,1,0,0,0,0,0,0,0,0,0,1,medio_baixo
9,10000.0,5,0.6,1,4,1,0,0,0,1,1,0,0,0,0,0,medio_alto
3,10000.0,1,0.0,3,4,1,0,0,0,1,0,1,1,0,1,0,medio_baixo
2,10000.0,67,0.9402985074626866,7,1,1,0,0,0,0,0,0,0,0,1,0,medio_baixo
1,10000.0,0,0.0,1,4,1,0,0,0,1,0,1,1,1,0,0,medio_baixo
6,10000.0,22,0.8636363636363636,1,1,1,1,1,0,0,0,0,0,0,1,0,alto
7,10000.0,11,0.8181818181818182,29,6,1,1,0,0,1,0,1,1,1,1,1,baixo
9,10000.0,9,0.7777777777777778,1,3,1,0,0,0,1,1,1,0,0,0,0,gratuito
3,35000.0,2,0.5,1,5,1,0,0,0,1,1,1,1,0,0,1,baixo
3,10000.0,22,0.6818181818181818,1,2,1,0,0,0,0,0,0,1,1,0,0,baixo
1,0.0,0,0.0,0,0,1,0,0,0,0,0,0,0,0,0,0,gratuito
3,0.0,0,0.0,2,3,1,0,0,3,0,0,0,0,1,1,0,gratuito
10,35000.0,98,0.7551020408163265,1,3,1,0,0,12,0,0,1,0,1,1,0,medio_alto
2,10000.0,0,0.0,1,6,1,0,0,0,1,1,1,1,0,0,1,alto
3,10000.0,8,0.125,30,4,1,0,0,0,1,0,0,0,0,1,0,medio_baixo
8,10000.0,154,0.37662337662337664,3,5,1,0,0,0,1,1,1,0,1,0,0,gratuito
2,10000.0,23,0.9565217391304348,1,4,1,1,0,0,1,1,0,1,0,0,0,gratuito
4,350000.0,4883,0.9023141511365964,7,4,1,0,0,0,0,0,1,1,1,0,1,alto
2,10000.0,1,0.0,1,1,1,0,0,0,1,0,0,0,0,0,0,alto
1,10000.0,1,1.0,1,2,1,0,0,0,1,1,0,0,0,0,0,medio_alto
2,10000.0,0,0.0,1,1,1,0,0,0,0,0,0,1,0,0,0,baixo
7,35000.0,206,0.9757281553398058,1,3,1,0,0,0,1,0,1,1,0,0,0,gratuito
2,35000.0,4,1.0,2,1,1,0,1,0,0,0,1,0,0,0,0,baixo
5,10000.0,8,0.75,1,4,1,0,0,0,1,0,0,1,0,1,0,baixo
1,10000.0,0,0.0,5,4,1,0,0,0,1,0,0,1,0,1,0,medio_alto
1,0.0,0,0.0,1,6,1,0,0,0,1,1,1,0,1,1,0,gratuito
1,0.0,0,0.0,0,0,1,0,0,0,0,0,0,0,0,0,0,gratuito
2,10000.0,2,1.0,1,3,1,0,1,0,1,1,1,0,0,0,0,medio_baixo
1,0.0,0,0.0,1,2,1,0,0,0,1,0,0,1,0,0,0,medio_baixo
7,10000.0,16,0.6875,1,3,1,0,0,0,1,1,0,0,0,0,0,alto
1,10000.0,0,0.0,15,2,1,1,1,1,1,0,1,0,0,0,0,alto
4,35000.0,8,0.75,9,2,1,0,0,0,1,0,1,0,0,0,0,medio_baixo
8,10000.0,34,0.9411764705882353,1,3,1,0,0,0,1,1,0,0,0,0,0,gratuito
1,10000.0,1,1.0,5,3,1,0,0,1,1,1,1,0,0,0,0,alto
7,10000.0,16,0.9375,1,2,1,1,1,0,1,0,0,1,0,0,0,baixo
4,10000.0,3,0.3333333333333333,2,2,1,0,0,0,1,1,0,0,0,0,0,medio_alto
2,10000.0,141,0.9432624113475178,2,3,1,0,0,1,1,0,0,1,0,0,1,medio_alto
8,10000.0,3,0.6666666666666666,1,2,1,0,0,0,1,1,0,0,0,0,0,baixo
3,10000.0,2,1.0,2,2,1,0,0,0,1,1,0,0,0,0,0,medio_baixo
2,10000.0,36,0.9722222222222222,2,3,1,1,1,2,1,0,0,1,0,1,0,medio_baixo
1,10000.0,30,0.5333333333333333,1,2,1,0,0,2,0,1,1,0,0,0,0,baixo
1,0.0,0,0.0,1,2,1,0,0,0,1,1,0,0,0,0,0,alto
11,350000.0,557,0.7809694793536804,2,2,1,0,0,0,1,1,0,0,0,0,0,medio_alto
6,75000.0,146,0.821917808219178,12,3,1,0,0,1,1,1,1,0,0,0,0,medio_alto
5,10000.0,6,0.0,1,1,1,0,0,0,0,0,0,0,0,1,0,medio_alto
4,0.0,0,0.0,0,0,1,0,0,0,0,0,0,0,0,0,0,gratuito
1,10000.0,0,0.0,31,2,1,0,0,0,1,0,0,1,0,0,0,baixo
3,0.0,0,0.0,13,1,1,0,0,0,0,0,0,0,1,0,0,gratuito
1,0.0,0,0.0,1,3,1,1,0,0,0,0,0,1,0,1,1,baixo
3,10000.0,3,1.0,1,3,1,0,0,0,1,1,1,0,0,0,0,baixo
2,0.0,0,0.0,1,3,1,0,0,0,1,0,0,0,1,0,0,gratuito
11,10000.0,118,0.8813559322033898,1,4,1,0,0,0,1,1,0,1,0,0,0,medio_baixo
3,0.0,0,0.0,1,6,1,0,0,0,1,1,1,1,1,1,0,gratuito
3,0.0,0,0.0,0,0,1,0,0,0,0,0,0,0,0,0,0,gratuito
10,10000.0,94,0.776595744680851,1,5,1,1,0,0,1,0,0,0,1,1,1,alto
13,750000.0,29626,0.9332343212043476,1,3,1,1,1,1,1,1,0,0,1,0,0,medio_baixo
9,10000.0,9,1.0,2,3,1,0,0,0,1,1,1,0,0,0,0,medio_baixo
4,0.0,0,0.0,4,4,1,0,0,0,0,0,1,1,1,0,0,gratuito
6,10000.0,39,0.8461538461538461,1,5,1,0,0,0,1,1,1,0,1,0,0,gratuito
4,0.0,0,0.0,0,0,1,0,0,0,0,0,0,0,0,0,0,gratuito
4,10000.0,1,1.0,103,2,1,0,0,0,0,0,0,0,0,0,0,gratuito
3,35000.0,455,0.9428571428571428,3,3,1,0,0,1,1,0,0,1,0,0,1,medio_alto
2,10000.0,19,0.8947368421052632,1,4,1,0,0,0,1,0,0,1,1,0,1,medio_baixo
18,10000.0,3,0.6666666666666666,1,2,1,0,0,0,0,0,0,1,0,1,0,alto
4,10000.0,5,0.6,1,4,1,1,1,0,1,0,0,1,1,1,0,baixo
1,10000.0,2,1.0,1,3,1,0,1,0,0,0,0,1,1,1,0,medio_baixo
7,10000.0,11,0.6363636363636364,1,2,1,0,0,0,1,0,0,0,0,0,1,medio_alto
2,0.0,0,0.0,0,0,1,0,0,0,0,0,0,0,0,0,0,gratuito
7,150000.0,115,0.40869565217391307,5,2,1,0,0,0,1,0,1,0,0,0,0,baixo
11,1500000.0,17663,0.8647455132197248,11,1,1,0,0,0,0,1,0,0,0,0,0,medio_alto
2,0.0,0,0.0,0,0,1,0,0,0,0,0,0,0,0,0,0,gratuito
10,75000.0,141,0.7375886524822695,1,3,1,0,0,0,0,0,1,1,0,0,0,gratuito
5,10000.0,12,0.25,1,2,1,0,0,0,0,0,0,1,0,0,0,alto
1,10000.0,0,0.0,3,1,1,0,0,0,0,0,1,0,0,0,0,medio_baixo
3,10000.0,1,1.0,2,3,1,0,0,0,1,1,0,1,0,0,0,medio_alto
6,10000.0,2,1.0,1,2,1,0,0,0,1,1,0,0,0,0,0,medio_alto
4,0.0,0,0.0,0,0,1,0,0,0,0,0,0,0,0,0,0,gratuito
4,10000.0,9,0.3333333333333333,1,6,1,0,0,0,1,0,1,1,1,1,1,medio_alto
3,10000.0,20,1.0,2,3,1,1,0,0,1,1,0,1,0,0,0,medio_alto
4,0.0,0,0.0,0,0,1,0,0,0,0,0,0,0,0,0,0,gratuito
3,10000.0,0,0.0,3,1,1,0,0,1,0,0,0,0,1,0,0,medio_baixo
1,10000.0,0,0.0,3,3,1,0,0,1,1,1,1,0,0,0,0,alto
3,0.0,0,0.0,1,3,1,1,0,0,0,1,0,1,0,1,0,gratuito
5,10000.0,6,0.5,1,1,1,0,0,0,0,0,0,1,0,0,0,baixo
4,35000.0,468,0.8675213675213675,1,3,1,0,0,0,1,0,1,1,0,0,0,medio_alto
9,10000.0,9,0.8888888888888888,2,2,1,0,0,0,1,0,0,0,0,1,0,medio_alto
9,10000.0,3,0.3333333333333333,2,4,1,1,1,0,1,0,1,0,0,0,0,medio_baixo
3,35000.0,1187,0.9561920808761584,14,4,1,0,0,1,0,1,1,0,1,1,0,alto
9,10000.0,4,0.0,1,5,1,0,0,0,1,1,1,1,1,0,0,baixo
2,10000.0,1,1.0,1,2,1,1,1,0,1,0,0,1,0,0,0,medio_baixo
1,0.0,0,0.0,5,5,1,0,0,1,1,1,1,0,0,1,1,alto
8,35000.0,228,0.9298245614035088,3,2,1,1,0,1,1,0,1,0,0,0,0,baixo
2,0.0,0,0.0,0,0,1,0,0,0,0,0,0,0,0,0,0,gratuito
2,10000.0,11,0.36363636363636365,14,2,1,0,0,1,1,0,0,0,0,0,1,baixo
1,10000.0,7,0.8571428571428571,2,2,1,0,0,0,1,1,0,0,0,0,0,medio_baixo
2,10000.0,3,1.0,2,3,1,0,0,0,1,0,0,1,0,1,0,medio_alto
9,10000.0,1,1.0,1,4,1,0,0,0,1,1,0,0,0,0,1,medio_alto
2,10000.0,1,1.0,2,3,1,0,0,0,0,0,0,0,0,0,1,alto
9,10000.0,14,0.7142857142857143,1,3,1,0,0,0,0,1,0,1,0,1,0,gratuito
1,0.0,0,0.0,10,3,1,0,0,0,1,1,1,0,0,0,0,medio_baixo
7,10000.0,21,0.7619047619047619,2,3,1,1,1,1,1,0,1,1,0,0,0,medio_alto
5,0.0,0,0.0,0,0,1,0,0,0,0,0,0,0,0,0,0,gratuito
5,3500000.0,131890,0.9689286526650998,12,3,1,1,1,1,1,0,1,0,0,1,0,alto
6,10000.0,0,0.0,29,7,1,0,0,2,1,1,1,1,1,1,1,medio_baixo
8,750000.0,10057,0.3543800338072984,10,1,1,0,0,159,0,1,0,0,0,0,0,alto
1,10000.0,0,0.0,3,3,1,1,1,0,0,0,1,1,0,0,0,alto
2,10000.0,2,0.5,1,2,1,0,0,0,1,0,0,0,0,0,1,alto
2,10000.0,81,0.8641975308641975,2,1,1,0,0,0,0,0,1,0,0,0,0,alto
2,10000.0,5,0.6,2,2,1,0,0,0,1,0,0,0,1,0,0,medio_baixo
3,0.0,0,0.0,0,0,1,0,0,0,0,0,0,0,0,0,0,gratuito
5,35000.0,32,0.75,4,5,1,0,0,0,1,0,0,1,0,1,1,medio_baixo
5,10000.0,34,0.6470588235294118,7,2,1,0,0,0,1,0,0,0,0,0,1,medio_alto
10,35000.0,102,0.7352941176470589,1,3,1,0,0,0,1,1,1,0,0,0,0,baixo
1,0.0,0,0.0,1,3,1,0,0,0,1,0,1,0,0,0,0,gratuito
5,10000.0,0,0.0,13,7,1,1,1,0,1,1,1,1,1,0,1,gratuito
2,10000.0,8,1.0,1,1,1,1,1,0,0,1,0,0,0,0,0,medio_alto
3,75000.0,1911,0.956567242281528,1,3,1,0,0,2,1,0,1,0,1,0,0,alto
6,350000.0,2181,0.7615772581384685,10,3,1,0,0,1,1,1,0,0,0,0,0,medio_alto
5,75000.0,777,0.9755469755469756,1,1,1,1,1,0,1,0,0,0,0,0,0,medio_alto
4,35000.0,98,0.9489795918367347,2,4,1,1,1,2,1,0,1,1,0,0,0,gratuito
1,0.0,0,0.0,1,4,1,0,0,0,1,0,0,1,0,1,0,gratuito
5,35000.0,12,0.4166666666666667,1,3,1,0,0,0,1,1,0,1,0,0,0,baixo
6,10000.0,22,0.5,10,2,1,0,0,0,1,0,1,0,0,0,0,alto
3,10000.0,2,1.0,1,1,1,0,0,0,0,0,0,1,0,0,0,baixo
7,10000.0,1,0.0,1,1,1,1,0,0,1,0,0,0,0,0,0,baixo
7,10000.0,0,0.0,1,5,1,0,0,0,0,1,1,1,1,1,0,baixo
1,10000.0,0,0.0,4,3,1,0,0,0,1,0,1,1,0,0,0,baixo
10,75000.0,502,0.8346613545816733,27,2,1,1,0,1,1,1,0,0,0,0,0,baixo
9,10000.0,28,0.8571428571428571,27,4,1,0,0,0,1,0,0,1,0,1,1,medio_alto
4,10000.0,0,0.0,1,2,1,0,0,0,0,1,0,0,0,0,0,alto
4,0.0,0,0.0,1,3,1,0,0,1,0,1,0,1,0,0,0,gratuito
3,10000.0,10,0.5,2,2,1,0,0,0,1,0,1,0,0,0,0,baixo
1,150000.0,5691,0.9416622737655947,14,6,1,0,0,1,1,1,1,1,1,0,1,alto
3,10000.0,26,1.0,9,2,1,0,0,1,1,1,0,0,0,0,0,medio_alto
9,35000.0,525,0.9504761904761905,3,3,1,1,1,1,1,0,1,1,0,0,0,baixo
1,10000.0,0,0.0,1,2,1,0,0,0,1,0,0,0,0,0,1,alto
2,0.0,0,0.0,0,0,1,0,0,0,0,0,0,0,0,0,0,gratuito
1,0.0,0,0.0,1,4,1,0,0,0,1,1,1,0,0,0,0,gratuito
9,35000.0,59,0.9152542372881356,9,2,1,0,0,1,1,0,1,0,0,0,0,baixo
9,10000.0,39,0.8205128205128205,1,1,1,0,0,0,0,0,0,0,0,0,1,baixo
10,350000.0,222,0.8603603603603603,1,6,1,0,0,0,1,1,1,1,0,0,1,alto
9,10000.0,8,0.75,1,2,1,0,0,0,1,0,0,1,0,0,0,baixo
6,10000.0,3,1.0,6,3,1,0,0,0,1,0,0,1,0,1,0,medio_baixo
1,10000.0,55,0.9818181818181818,4,1,1,1,0,0,1,0,0,0,0,0,0,medio_alto
4,10000.0,16,0.375,1,1,1,0,0,1,0,1,0,0,0,0,0,gratuito
6,10000.0,9,0.3333333333333333,1,3,1,0,0,1,1,1,1,0,0,0,0,gratuito
9,150000.0,850,0.9141176470588235,5,3,1,0,0,0,0,0,1,1,0,0,0,gratuito
3,0.0,0,0.0,1,5,1,0,0,0,1,1,1,0,1,0,0,gratuito
11,10000.0,68,0.7647058823529411,19,3,1,0,0,0,0,0,0,1,0,1,1,baixo
8,10000.0,10,1.0,2,4,1,0,0,0,0,1,1,1,0,0,0,alto
1,10000.0,0,0.0,10,2,1,0,0,0,1,0,0,1,0,0,0,medio_baixo
11,10000.0,3,1.0,7,3,1,0,0,0,1,0,1,1,0,0,0,medio_alto
5,10000.0,1,1.0,1,1,1,0,0,0,0,0,0,1,0,0,0,medio_alto
3,10000.0,0,0.0,10,2,1,1,1,1,0,1,1,0,0,0,0,alto
2,35000.0,5,0.8,1,2,1,0,0,0,1,0,0,1,0,0,0,medio_baixo
1,10000.0,0,0.0,1,2,1,0,0,0,0,1,1,0,0,0,0,medio_baixo
2,0.0,0,0.0,7,3,1,0,0,0,1,0,0,0,0,1,0,gratuito
8,10000.0,403,0.9156327543424317,14,4,1,0,0,1,1,1,1,1,0,0,0,medio_baixo
5,10000.0,0,0.0,1,3,1,0,0,0,1,1,1,0,0,0,0,medio_baixo
2,10000.0,2,1.0,1,4,1,0,0,0,1,1,0,1,0,0,1,medio_baixo
2,10000.0,488,0.8401639344262295,5,3,1,0,0,0,1,0,0,1,0,0,1,medio_alto
7,75000.0,741,0.8677462887989204,1,3,1,1,1,0,1,1,1,0,0,0,0,alto
5,75000.0,603,0.8524046434494196,1,4,1,0,0,0,1,0,0,1,0,0,1,baixo
4,10000.0,5,0.8,1,2,1,0,0,0,1,0,0,0,1,0,0,baixo
1,10000.0,9,1.0,7,3,1,1,1,0,1,0,1,1,0,0,0,baixo
2,10000.0,17,0.9411764705882353,1,3,1,0,0,0,1,1,1,0,0,0,0,alto
1,10000.0,13,0.46153846153846156,5,3,1,0,0,0,1,1,0,0,0,0,0,alto
3,10000.0,49,0.8163265306122449,2,2,1,1,1,0,1,0,0,0,0,0,1,baixo
10,35000.0,67,0.5074626865671642,2,4,1,0,0,0,1,0,0,1,1,1,0,baixo
1,10000.0,1,1.0,1,4,1,0,0,0,1,1,0,1,0,1,0,medio_baixo
9,10000.0,8,0.875,1,2,1,0,0,0,0,0,1,0,0,0,0,medio_alto
1,0.0,0,0.0,2,4,1,0,0,0,1,1,0,0,0,0,0,gratuito
2,10000.0,19,1.0,1,3,1,0,0,1,1,1,1,0,0,0,0,alto
4,0.0,0,0.0,1,3,1,0,0,4,0,0,0,0,1,0,0,gratuito
1,10000.0,0,0.0,9,4,1,0,0,0,1,0,1,0,1,1,0,medio_alto
1,0.0,0,0.0,0,0,1,0,0,0,0,0,0,0,0,0,0,gratuito
3,10000.0,33,0.9393939393939394,1,1,1,0,1,0,0,0,1,0,0,0,0,medio_alto
2,0.0,0,0.0,2,5,1,0,0,0,1,0,1,0,1,1,0,gratuito
1,35000.0,3,1.0,5,3,1,0,0,0,1,1,1,0,0,0,0,alto
4,0.0,0,0.0,0,0,1,0,0,0,0,0,0,0,0,0,0,gratuito
5,10000.0,14,0.9285714285714286,1,1,1,0,0,0,1,0,0,0,0,0,0,medio_alto
3,10000.0,2,1.0,1,2,1,0,0,0,0,0,1,0,1,0,0,alto
7,10000.0,0,0.0,2,3,1,0,0,0,1,0,1,1,0,0,0,alto
1,0.0,0,0.0,0,0,1,0,0,0,0,0,0,0,0,0,0,gratuito
1,10000.0,3,1.0,9,4,1,0,0,0,1,1,0,1,0,0,1,medio_alto
1,35000.0,351,0.9772079772079773,1,1,1,1,1,1,0,0,0,0,0,0,1,alto
2,10000.0,0,0.0,1,2,1,0,0,0,1,0,1,0,0,0,0,baixo
1,10000.0,528,0.9829545454545454,7,3,1,0,0,0,1,1,1,0,0,0,0,medio_alto
6,10000.0,84,0.7619047619047619,2,1,1,0,0,0,0,0,1,0,0,0,0,baixo
1,10000.0,0,0.0,13,1,1,0,0,2,0,0,0,0,0,1,0,alto
2,10000.0,67,0.9552238805970149,14,3,1,0,0,0,1,0,0,1,0,1,0,medio_alto
1,10000.0,0,0.0,10,6,1,0,0,0,1,1,1,1,1,1,0,medio_baixo
5,10000.0,4,0.75,6,4,1,0,0,0,1,1,1,1,0,0,0,baixo
3,10000.0,4,0.75,1,2,1,1,0,0,0,0,1,1,0,0,0,medio_alto
1,10000.0,0,0.0,4,3,1,0,0,0,1,0,0,1,1,0,0,alto
10,10000.0,41,0.4146341463414634,2,3,1,0,0,0,1,0,1,1,0,0,0,medio_alto
5,75000.0,4,1.0,1,5,1,0,0,0,1,1,1,0,1,1,0,medio_alto
4,10000.0,44,0.8636363636363636,3,3,1,0,0,0,1,0,0,1,0,1,0,gratuito
5,350000.0,4470,0.6868008948545862,14,4,1,0,0,2,1,1,0,0,1,0,1,alto
4,10000.0,0,0.0,4,4,1,0,0,0,1,0,0,1,1,0,0,alto
1,10000.0,0,0.0,10,2,1,0,0,1,1,1,0,0,0,0,0,medio_alto
6,0.0,0,0.0,0,0,1,0,0,0,0,0,0,0,0,0,0,gratuito
2,10000.0,8,0.875,2,2,1,0,0,0,0,0,0,0,0,1,0,alto
1,10000.0,0,0.0,1,4,1,0,0,0,1,0,1,0,1,0,0,medio_alto
2,10000.0,0,0.0,1,3,1,0,0,0,1,0,0,0,0,0,0,gratuito
3,10000.0,0,0.0,1,3,1,0,0,0,1,0,1,0,0,0,0,gratuito
1,10000.0,0,0.0,1,4,1,0,0,0,1,0,0,1,0,1,1,baixo
3,10000.0,74,0.7027027027027027,5,2,1,1,1,0,1,0,1,0,0,0,0,medio_alto
3,350000.0,2717,0.8917924181082075,15,2,1,0,0,6,0,0,0,0,0,1,1,alto
8,10000.0,1,1.0,1,3,1,1,1,0,1,1,0,1,0,0,0,baixo
6,10000.0,16,0.75,1,3,1,1,0,0,1,1,1,0,0,0,0,medio_alto
2,10000.0,8,0.625,7,2,1,0,0,0,1,0,0,1,0,0,0,baixo
1,0.0,0,0.0,1,6,1,0,0,0,1,1,1,1,1,0,0,medio_baixo
2,0.0,0,0.0,1,2,1,0,0,0,0,0,0,1,0,1,0,gratuito
8,10000.0,0,0.0,1,2,1,0,0,0,1,0,0,1,0,0,0,baixo
3,0.0,0,0.0,103,3,1,1,1,0,1,0,0,1,0,1,0,baixo
12,10000.0,62,0.20967741935483872,6,3,1,0,0,0,1,1,0,0,0,0,1,alto
8,10000.0,107,0.5981308411214953,103,5,1,0,0,0,1,0,1,1,0,1,1,baixo
4,35000.0,147,0.8231292517006803,29,2,1,0,0,0,1,0,0,1,0,0,0,baixo
2,10000.0,0,0.0,4,2,1,0,0,0,1,0,0,1,0,0,0,medio_alto
2,10000.0,4,0.75,1,5,1,1,0,0,1,0,1,1,0,1,1,medio_baixo
2,10000.0,7,0.2857142857142857,2,1,1,0,0,0,0,0,1,0,0,0,0,baixo
5,10000.0,23,0.8260869565217391,5,4,1,0,0,0,1,0,1,1,0,1,0,medio_alto
7,10000.0,5,0.8,1,2,1,0,0,0,0,0,1,0,1,0,0,alto
5,10000.0,550,0.7836363636363637,29,3,1,0,0,2,1,0,1,1,0,0,0,medio_baixo
1,10000.0,0,0.0,5,1,1,0,0,0,0,0,0,0,0,1,0,medio_baixo
3,750000.0,10001,0.9126087391260874,11,4,1,0,0,2,1,1,1,0,0,1,0,medio_baixo
10,10000.0,122,0.8852459016393442,4,2,1,1,1,0,1,0,1,0,0,0,0,alto
1,10000.0,0,0.0,6,2,1,0,0,0,1,0,0,1,0,0,0,baixo
8,10000.0,45,0.8888888888888888,1,3,1,0,0,0,1,1,1,0,0,0,0,medio_alto
1,0.0,0,0.0,1,5,1,1,0,0,1,1,0,1,0,1,0,gratuito
6,35000.0,13,0.6923076923076923,1,4,1,0,0,0,0,1,0,0,0,1,0,gratuito
1,0.0,0,0.0,1,3,1,0,0,0,0,0,1,1,0,0,0,gratuito
5,10000.0,6,0.8333333333333334,27,4,1,0,0,0,1,1,0,1,0,1,0,alto
4,10000.0,0,0.0,1,1,1,0,0,0,1,0,0,0,0,0,0,baixo
6,350000.0,788,0.7360406091370558,4,7,1,0,0,0,1,0,0,1,0,0,1,medio_baixo
6,10000.0,0,0.0,1,4,1,0,0,0,0,0,0,1,1,1,0,gratuito
3,35000.0,6,0.8333333333333334,1,4,1,0,0,0,1,1,0,0,0,1,1,medio_alto
2,10000.0,18,0.6111111111111112,5,4,1,0,0,0,1,0,0,0,0,1,1,medio_alto
6,150000.0,4620,0.982034632034632,3,2,1,0,0,2,0,0,1,1,0,0,0,alto
6,10000.0,397,0.8211586901763224,29,5,1,0,0,1,0,0,1,1,1,1,1,baixo
9,10000.0,13,0.46153846153846156,1,2,1,1,0,0,1,1,0,0,0,0,0,medio_baixo
2,0.0,0,0.0,2,4,1,1,1,0,1,0,0,1,0,1,0,gratuito
4,10000.0,0,0.0,5,6,1,1,0,0,1,0,1,1,1,1,1,baixo
1,0.0,0,0.0,1,4,1,0,0,0,1,0,1,1,1,0,0,baixo
8,10000.0,5,0.8,1,0,1,0,0,0,0,0,0,0,0,0,0,gratuito
2,10000.0,60,0.85,4,1,1,0,0,0,0,0,1,0,0,0,0,alto
2,10000.0,4,0.0,1,2,1,0,0,0,1,0,0,0,0,1,0,alto
5,10000.0,887,0.943630214205186,1,2,1,0,0,0,1,0,0,0,0,0,0,gratuito
3,75000.0,1572,0.7232824427480916,14,4,1,0,0,0,1,0,1,0,0,0,1,medio_alto
2,10000.0,377,0.9230769230769231,10,4,1,0,0,1,0,1,0,0,0,1,1,alto
5,10000.0,7,1.0,1,2,1,1,1,0,1,0,0,0,0,0,1,medio_alto
4,10000.0,0,0.0,1,2,1,1,1,0,0,0,0,1,0,0,1,medio_alto
2,10000.0,1,1.0,1,1,1,0,1,0,0,1,0,0,0,0,0,medio_alto
4,10000.0,8,1.0,2,3,1,1,0,0,1,0,1,1,0,0,0,medio_baixo
3,10000.0,77,0.8051948051948052,1,1,1,0,0,0,0,0,0,1,0,0,0,medio_alto
1,10000.0,0,0.0,12,3,1,0,0,0,0,1,0,1,1,0,0,baixo
7,10000.0,67,0.8805970149253731,29,2,1,0,0,0,1,0,0,1,0,0,0,baixo
2,10000.0,4,1.0,3,2,1,0,1,0,1,1,0,0,0,0,0,medio_baixo
1,10000.0,30,0.9333333333333333,1,3,1,0,0,0,0,1,0,0,0,0,1,gratuito
3,10000.0,1,1.0,1,4,1,0,0,0,0,1,1,1,1,0,0,baixo
1,0.0,0,0.0,0,0,1,0,0,0,0,0,0,0,0,0,0,gratuito
1,10000.0,0,0.0,1,3,1,0,0,0,1,0,0,1,0,0,1,baixo
18,75000.0,203,0.7980295566502463,1,1,1,0,0,0,0,0,0,1,0,0,0,medio_baixo
1,10000.0,0,0.0,8,2,1,0,0,0,1,1,0,0,0,0,0,baixo
3,0.0,0,0.0,1,3,1,0,0,0,1,1,0,0,0,1,0,gratuito
4,0.0,0,0.0,6,3,1,0,0,0,1,0,1,0,0,0,0,gratuito
10,150000.0,766,0.762402088772846,8,3,1,1,1,1,1,1,0,0,1,0,0,baixo
5,10000.0,12,0.6666666666666666,2,2,1,0,0,0,1,0,1,0,0,0,0,medio_baixo
9,10000.0,11,0.7272727272727273,6,4,1,1,0,0,1,0,1,1,0,1,0,medio_alto
2,35000.0,134,0.9402985074626866,3,2,1,0,0,0,1,0,0,0,0,1,0,alto
2,10000.0,10,1.0,3,3,1,0,0,0,1,0,1,0,0,0,1,baixo
2,0.0,0,0.0,6,4,1,0,0,0,1,0,0,1,1,0,0,gratuito
3,0.0,0,0.0,1,3,1,0,0,3,1,0,0,1,0,0,0,gratuito
9,10000.0,62,0.6935483870967742,1,1,1,1,1,0,0,1,0,0,0,0,0,medio_baixo
2,35000.0,1,1.0,1,3,1,0,0,0,1,1,0,1,0,0,0,medio_baixo
1,10000.0,5,0.4,103,2,1,0,0,0,0,0,0,1,0,1,0,baixo
4,0.0,0,0.0,1,3,1,0,0,3,1,1,0,0,0,0,0,gratuito
3,0.0,0,0.0,2,4,1,0,0,0,1,1,0,1,0,0,0,gratuito
3,10000.0,84,0.8690476190476191,29,3,1,0,0,0,0,0,0,0,0,0,0,alto
6,10000.0,8,1.0,1,5,1,0,0,0,1,0,1,1,1,1,0,baixo
1,10000.0,5,1.0,2,6,1,0,0,0,1,1,1,1,1,1,0,baixo
2,10000.0,1,0.0,1,2,1,0,0,0,1,1,0,0,0,0,0,medio_alto
7,10000.0,92,0.8260869565217391,1,5,1,0,0,0,1,1,1,0,1,0,0,alto
4,0.0,0,0.0,0,0,1,0,0,0,0,0,0,0,0,0,0,gratuito
7,10000.0,5,0.6,2,1,1,0,0,0,0,0,0,0,1,0,0,gratuito
3,0.0,0,0.0,1,4,1,0,0,0,0,0,0,1,1,1,0,gratuito
6,10000.0,57,0.9824561403508771,1,3,1,1,1,2,1,0,0,1,0,0,1,medio_alto
2,10000.0,0,0.0,1,1,1,0,0,0,0,0,1,0,0,0,0,baixo
3,10000.0,10,0.7,1,2,1,0,0,0,1,0,0,1,0,0,0,baixo
2,35000.0,344,0.9186046511627907,9,3,1,0,0,2,1,1,1,0,0,0,0,alto
1,0.0,0,0.0,11,4,1,0,0,0,1,1,0,1,0,0,0,gratuito
2,10000.0,43,0.8837209302325582,2,2,1,1,0,0,1,0,0,1,0,0,0,alto
2,35000.0,468,0.7713675213675214,5,2,1,0,0,1,0,0,0,0,1,1,0,alto
3,0.0,0,0.0,1,4,1,0,0,0,1,1,0,1,0,0,0,gratuito
5,10000.0,0,0.0,1,2,1,0,0,0,1,0,0,1,0,0,0,baixo
2,10000.0,10,0.9,1,2,1,0,0,0,1,1,0,0,0,0,0,medio_baixo
11,150000.0,572,0.8374125874125874,10,3,1,1,0,0,1,1,1,0,0,0,0,medio_baixo
4,0.0,0,0.0,0,0,1,0,0,0,0,0,0,0,0,0,0,gratuito
1,35000.0,10,1.0,1,4,1,0,0,0,1,1,1,0,0,1,0,medio_baixo
7,10000.0,21,0.2857142857142857,1,2,1,1,1,0,1,0,1,0,0,0,0,medio_baixo
5,10000.0,206,0.7184466019417476,7,1,1,0,0,0,0,1,0,0,0,0,0,alto
7,10000.0,12,0.6666666666666666,1,3,1,0,0,0,0,0,0,1,0,0,1,gratuito
6,10000.0,1,1.0,2,1,1,0,0,0,1,0,0,0,0,0,0,baixo
6,10000.0,37,0.8918918918918919,6,6,1,0,0,0,1,1,1,1,1,0,1,medio_baixo
9,150000.0,670,0.8611940298507462,1,5,1,0,0,0,1,1,0,1,0,1,0,gratuito
4,10000.0,3,0.0,1,3,1,0,0,0,1,1,1,0,0,0,0,alto
9,35000.0,175,0.88,2,2,1,0,0,1,1,0,0,1,0,0,0,baixo
1,0.0,0,0.0,0,0,1,0,0,0,0,0,0,0,0,0,0,gratuito
1,10000.0,0,0.0,7,2,1,0,0,1,1,1,0,0,0,0,0,baixo
2,0.0,0,0.0,0,0,1,0,0,0,0,0,0,0,0,0,0,gratuito
3,10000.0,5,1.0,10,2,1,0,0,0,1,0,0,1,0,0,0,medio_alto
7,10000.0,9,0.3333333333333333,1,3,1,0,0,0,1,1,1,0,0,0,0,medio_baixo
1,0.0,0,0.0,0,0,1,0,0,0,0,0,0,0,0,0,0,gratuito
2,0.0,0,0.0,0,0,1,0,0,0,0,0,0,0,0,0,0,gratuito
2,0.0,0,0.0,0,0,1,0,0,0,0,0,0,0,0,0,0,gratuito
5,10000.0,3,1.0,2,2,1,0,0,0,0,1,0,0,0,1,0,baixo
5,10000.0,0,0.0,1,1,1,0,0,0,0,1,0,0,0,0,0,medio_alto
2,10000.0,0,0.0,1,3,1,0,1,1,1,1,1,0,0,0,0,gratuito
9,7500000.0,65699,0.867653997777744,13,4,1,1,1,66,0,0,0,0,0,0,1,gratuito
2,10000.0,209,0.8133971291866029,4,5,1,0,0,1,1,1,1,1,1,0,0,alto
3,0.0,0,0.0,1,4,1,0,0,0,1,0,1,1,0,0,0,gratuito
1,10000.0,0,0.0,1,2,1,0,0,1,1,0,0,0,1,0,0,medio_alto
4,10000.0,0,0.0,2,4,1,1,1,0,1,0,0,1,1,0,1,alto
2,0.0,0,0.0,0,0,1,0,0,0,0,0,0,0,0,0,0,gratuito
2,0.0,0,0.0,2,3,1,0,0,0,1,1,1,0,0,0,0,gratuito
1,0.0,0,0.0,1,2,1,0,0,0,1,0,0,0,1,0,0,alto
2,0.0,0,0.0,0,0,1,0,0,0,0,0,0,0,0,0,0,gratuito
8,10000.0,8,0.75,1,3,1,1,1,0,1,0,0,0,0,0,0,medio_baixo
9,10000.0,3,1.0,1,2,1,0,0,0,0,0,1,1,0,0,0,medio_alto
1,10000.0,0,0.0,1,4,1,0,0,0,1,0,0,1,1,1,0,medio_alto
7,10000.0,145,0.5862068965517241,1,3,1,0,0,0,1,0,0,1,0,0,1,baixo
5,0.0,0,0.0,0,0,1,0,0,0,0,0,0,0,0,0,0,gratuito
5,10000.0,44,0.7727272727272727,1,5,1,0,0,0,1,0,1,1,1,0,0,alto
3,350000.0,9381,0.9154674341754611,7,2,1,1,0,1,1,0,0,0,1,0,0,alto
2,10000.0,11,0.9090909090909091,18,4,1,1,0,0,1,0,0,1,0,1,0,medio_alto
1,10000.0,0,0.0,9,4,1,1,1,0,1,1,1,0,1,0,0,medio_alto
4,10000.0,9,0.8888888888888888,5,4,1,0,0,0,0,1,1,0,1,0,1,baixo
5,35000.0,15,1.0,1,1,1,0,0,0,0,0,0,1,0,0,0,baixo
4,35000.0,22,0.9090909090909091,2,3,1,0,0,0,1,1,0,0,0,1,0,medio_alto
1,0.0,0,0.0,0,0,1,0,0,0,0,0,0,0,0,0,0,gratuito
4,35000.0,137,0.8029197080291971,1,3,1,0,0,1,1,0,0,0,1,1,0,medio_alto
7,350000.0,4453,0.8005838760386257,9,1,1,0,0,13,0,1,0,0,0,0,0,medio_alto
6,10000.0,3,0.6666666666666666,1,3,1,0,0,0,1,1,0,1,0,0,0,baixo
1,0.0,0,0.0,1,3,1,0,0,0,1,0,0,1,0,1,0,medio_baixo
2,10000.0,26,0.9615384615384616,2,2,1,0,0,0,1,0,1,0,0,0,0,medio_alto
10,35000.0,56,0.9107142857142857,2,1,1,0,0,0,0,0,0,1,0,0,0,medio_baixo
7,10000.0,1,1.0,1,1,1,1,0,0,1,0,0,0,0,0,0,alto
3,10000.0,44,0.9318181818181818,1,6,1,1,1,0,1,0,1,1,1,1,1,alto
10,10000.0,41,0.8536585365853658,5,3,1,1,0,0,0,0,0,1,0,1,1,medio_baixo
5,10000.0,5,1.0,1,3,1,0,0,0,1,1,1,0,0,0,0,medio_baixo
2,10000.0,13,0.38461538461538464,9,3,1,0,0,0,1,1,1,0,0,0,0,medio_baixo
10,35000.0,957,0.9049111807732497,5,2,1,1,1,1,1,0,1,0,0,0,0,medio_baixo
4,10000.0,0,0.0,2,4,1,0,0,0,1,1,0,1,0,0,0,medio_alto
3,0.0,0,0.0,1,1,1,0,0,0,0,0,0,0,0,1,0,gratuito
6,10000.0,17,0.8235294117647058,1,4,1,0,0,0,1,1,0,1,0,0,0,gratuito
4,10000.0,3,1.0,1,1,1,0,1,0,0,1,0,0,0,0,0,medio_baixo
2,10000.0,23,0.9565217391304348,10,1,1,0,1,1,0,0,0,0,0,0,1,medio_baixo
1,0.0,0,0.0,1,2,1,0,0,0,0,0,1,0,0,0,0,medio_alto
8,75000.0,429,0.6573426573426573,11,3,1,0,0,0,1,0,1,1,0,0,0,medio_baixo
1,0.0,0,0.0,6,3,1,0,0,0,1,0,1,0,0,0,1,medio_alto
1,10000.0,0,0.0,1,3,1,1,1,0,0,0,1,1,0,0,1,medio_alto
6,35000.0,10,0.8,1,4,1,0,0,0,1,0,1,1,1,0,0,gratuito
10,35000.0,50,0.72,1,3,1,1,1,0,1,1,0,1,0,0,0,baixo
4,10000.0,0,0.0,2,1,1,0,1,0,0,0,0,1,0,0,0,baixo
2,10000.0,1,1.0,2,1,1,0,0,0,0,0,0,1,0,0,0,medio_baixo
2,10000.0,0,0.0,1,2,1,0,0,0,0,1,1,0,0,0,0,alto
6,10000.0,0,0.0,6,4,1,1,0,5,1,1,1,1,0,0,0,medio_baixo
5,10000.0,6,0.6666666666666666,1,4,1,0,0,0,1,0,1,1,0,1,0,medio_alto
3,35000.0,10,0.9,13,2,1,0,0,0,1,0,0,1,0,0,0,baixo
4,1500000.0,35117,0.8916194435743372,3,4,1,0,0,20,1,1,1,0,1,0,0,alto
1,10000.0,10,0.9,1,3,1,0,0,0,1,1,1,0,0,0,0,alto
1,0.0,0,0.0,1,2,1,0,0,0,1,0,0,1,0,0,0,medio_baixo
8,150000.0,1220,0.9286885245901639,4,2,1,0,0,0,0,1,0,0,1,0,0,medio_alto
2,0.0,0,0.0,0,0,1,0,0,0,0,0,0,0,0,0,0,gratuito
3,10000.0,7,0.7142857142857143,26,6,1,0,0,0,1,1,1,1,1,1,0,medio_alto
7,10000.0,10,0.2,1,3,1,0,1,0,1,1,0,1,0,0,0,baixo
2,0.0,0,0.0,9,4,1,1,0,0,1,0,1,1,0,0,0,gratuito
6,10000.0,54,0.7962962962962963,2,2,1,0,0,0,1,0,0,1,0,0,0,baixo
1,0.0,0,0.0,0,0,1,0,0,0,0,0,0,0,0,0,0,gratuito
1,0.0,0,0.0,1,2,1,0,0,0,0,1,1,0,0,0,0,medio_baixo
9,10000.0,10,0.9,1,3,1,1,0,0,1,1,0,0,0,0,0,medio_alto
1,10000.0,0,0.0,1,2,1,0,0,0,0,0,0,0,0,1,1,alto
10,75000.0,294,0.7789115646258503,8,3,1,1,1,0,1,1,0,1,0,0,0,alto
5,75000.0,1,0.0,1,3,1,0,1,0,1,0,0,0,0,1,1,alto
1,10000.0,0,0.0,1,3,1,0,0,0,1,1,1,0,0,0,0,alto
1,0.0,0,0.0,0,0,1,0,0,0,0,0,0,0,0,0,0,gratuito
3,0.0,0,0.0,1,2,1,0,0,0,0,1,0,0,0,0,0,gratuito
8,10000.0,61,0.8688524590163934,6,4,1,0,0,0,1,1,1,1,0,0,0,baixo
3,350000.0,6204,0.9829142488716957,20,2,1,1,0,1,1,0,1,0,0,0,0,medio_baixo
2,0.0,0,0.0,0,0,1,0,0,0,0,0,0,0,0,0,0,gratuito
1,10000.0,0,0.0,17,5,1,0,0,0,1,1,1,1,0,0,1,medio_alto
5,10000.0,49,0.8979591836734694,1,5,1,0,0,0,1,1,1,1,0,0,0,gratuito
1,10000.0,0,0.0,8,2,1,0,0,1,0,1,1,0,0,0,0,alto
7,10000.0,23,0.9130434782608695,1,4,1,0,0,0,1,1,1,1,0,0,0,alto
3,35000.0,20,1.0,2,3,1,0,0,0,1,1,0,0,0,0,0,alto
7,10000.0,0,0.0,29,3,1,0,0,0,1,0,0,1,0,1,0,baixo
3,0.0,0,0.0,0,0,1,0,0,0,0,0,0,0,0,0,0,gratuito
3,0.0,0,0.0,0,0,1,0,0,0,0,0,0,0,0,0,0,gratuito
4,350000.0,2476,0.4761712439418417,4,2,1,1,0,0,0,0,0,1,0,1,0,alto
4,10000.0,22,1.0,1,2,1,0,0,0,1,0,0,1,0,0,0,medio_baixo
3,75000.0,1149,0.8738033072236727,5,6,1,0,0,0,1,1,1,1,1,1,0,medio_baixo
5,10000.0,11,0.5454545454545454,9,4,1,0,0,0,1,1,1,0,0,0,1,baixo
5,10000.0,18,0.7222222222222222,2,5,1,0,0,0,1,1,1,0,1,1,0,baixo
1,10000.0,0,0.0,3,2,1,1,0,0,0,0,1,1,0,0,0,medio_alto
1,150000.0,6253,0.5902766671997441,21,3,1,0,0,0,0,1,1,0,1,0,0,alto
5,150000.0,2748,0.6390101892285298,2,7,1,0,0,5,1,1,1,0,0,1,1,alto
2,10000.0,0,0.0,2,5,1,1,1,0,0,1,1,0,0,0,1,alto
1,0.0,0,0.0,3,2,1,0,0,0,0,0,1,0,0,0,0,medio_alto
3,10000.0,301,0.8704318936877077,14,1,1,1,0,0,0,0,0,1,0,0,0,medio_alto
1,10000.0,3,1.0,30,3,1,0,0,0,1,0,0,1,0,0,1,baixo
1,10000.0,582,0.6666666666666666,2,2,1,0,0,0,0,1,1,0,0,0,0,alto
1,10000.0,0,0.0,1,2,1,0,0,0,1,0,0,1,0,0,0,baixo
2,10000.0,4,0.75,1,3,1,1,1,0,1,0,0,1,0,1,0,medio_alto
3,10000.0,20,1.0,3,2,1,0,0,0,1,0,0,1,0,0,0,medio_baixo
6,10000.0,93,0.8602150537634409,1,1,1,1,0,1,0,0,0,1,0,0,0,medio_baixo
1,0.0,0,0.0,2,4,1,0,0,0,1,0,0,0,1,1,1,medio_alto
3,0.0,0,0.0,0,0,1,0,0,0,0,0,0,0,0,0,0,gratuito
1,0.0,0,0.0,0,0,1,0,0,0,0,0,0,0,0,0,0,gratuito
3,75000.0,36,0.7777777777777778,8,2,1,1,1,0,1,1,0,0,0,0,0,medio_baixo
19,10000.0,13,0.46153846153846156,1,1,1,0,0,0,0,0,0,0,0,0,0,medio_baixo
10,75000.0,319,0.6927899686520376,1,3,1,1,1,0,1,0,1,0,0,1,0,baixo
3,10000.0,0,0.0,1,2,1,0,0,0,1,0,0,1,0,0,0,medio_alto
5,0.0,0,0.0,0,0,1,0,0,0,0,0,0,0,0,0,0,gratuito
10,150000.0,692,0.8034682080924855,4,2,1,0,0,3,0,1,1,0,0,0,0,medio_alto
2,10000.0,45,0.8888888888888888,1,2,1,0,0,0,1,1,0,0,0,0,0,medio_baixo
9,10000.0,6,0.3333333333333333,1,2,1,1,0,0,1,1,0,0,0,0,0,baixo
1,0.0,0,0.0,1,4,1,0,0,0,1,1,1,0,0,0,0,gratuito
3,10000.0,0,0.0,2,1,1,0,0,0,0,1,0,0,0,0,0,medio_alto
5,35000.0,12,0.08333333333333333,2,1,1,0,0,0,0,0,0,1,0,0,0,baixo
10,75000.0,312,0.7532051282051282,1,2,1,1,1,0,1,0,0,0,0,0,1,gratuito
11,35000.0,26,0.23076923076923078,1,6,1,1,0,0,1,1,1,1,1,1,0,alto
2,35000.0,14,0.7857142857142857,2,2,1,0,0,0,1,0,1,0,0,0,0,alto
6,75000.0,3,1.0,1,1,1,0,0,0,0,0,0,0,1,0,0,baixo
4,10000.0,0,0.0,1,4,1,0,0,0,1,1,1,0,0,0,0,medio_alto
1,10000.0,0,0.0,9,3,1,0,0,1,1,0,1,0,0,0,1,medio_alto
8,10000.0,27,0.9259259259259259,3,2,1,1,0,1,1,0,1,0,0,0,0,medio_baixo
11,35000.0,284,0.7429577464788732,1,3,1,0,0,1,1,1,1,0,0,0,0,baixo
4,0.0,0,0.0,1,4,1,1,0,0,1,0,0,1,0,1,1,gratuito
1,10000.0,1,1.0,1,7,1,0,0,0,1,1,1,1,1,0,1,medio_alto
3,10000.0,0,0.0,1,4,1,1,1,0,1,0,1,1,0,0,0,alto
4,10000.0,5,0.8,1,2,1,0,0,0,0,0,1,1,0,0,0,medio_baixo
11,3500000.0,100024,0.7736943133647924,6,6,1,0,0,2,0,1,1,0,1,1,1,medio_alto
7,10000.0,1,1.0,1,3,1,0,0,0,0,1,0,1,0,0,1,medio_baixo
8,75000.0,402,0.6940298507462687,2,4,1,0,0,0,1,1,0,0,1,1,0,medio_alto
1,10000.0,0,0.0,9,2,1,0,0,0,0,0,1,1,0,0,0,medio_alto
5,10000.0,9,0.4444444444444444,2,5,1,0,0,0,0,0,0,1,0,0,0,alto
3,10000.0,21,0.9047619047619048,5,2,1,1,1,0,1,0,1,0,0,0,0,baixo
6,10000.0,0,0.0,1,6,1,0,0,0,1,0,1,1,1,1,0,alto
2,10000.0,2,0.0,1,3,1,0,0,0,1,1,0,1,0,0,0,alto
3,150000.0,72,0.9305555555555556,1,1,1,0,0,1,0,0,0,0,1,0,0,medio_alto
1,0.0,0,0.0,1,4,1,0,0,0,0,0,1,0,1,0,0,gratuito
3,10000.0,7,0.2857142857142857,1,1,1,0,0,0,0,0,0,0,0,0,0,medio_alto
4,0.0,0,0.0,0,0,1,0,0,0,0,0,0,0,0,0,0,gratuito
2,10000.0,20,0.95,1,1,1,0,0,0,0,0,0,0,0,0,1,medio_baixo
9,75000.0,217,0.8110599078341014,1,5,1,0,0,0,1,1,1,0,1,0,0,gratuito
1,0.0,0,0.0,12,2,1,0,0,0,0,0,0,1,0,0,1,medio_alto
9,10000.0,26,0.6923076923076923,2,2,1,0,0,0,0,1,0,1,0,0,0,medio_alto
10,10000.0,10,0.8,1,2,1,0,0,0,1,1,0,0,0,0,0,medio_alto
3,10000.0,137,0.948905109489051,1,3,1,0,0,0,1,0,0,0,0,1,1,medio_alto
3,10000.0,17,1.0,1,2,1,0,0,0,1,1,0,0,0,0,0,baixo
3,35000.0,49,0.6530612244897959,12,2,1,0,0,0,1,1,0,0,0,0,0,medio_baixo
12,150000.0,915,0.5989071038251366,5,1,1,0,0,0,0,1,0,0,0,0,0,gratuito
9,35000.0,203,0.6108374384236454,1,2,1,0,0,0,1,0,0,1,0,0,0,baixo
5,10000.0,1,1.0,3,2,1,0,0,0,1,0,1,0,0,0,0,baixo
9,10000.0,17,0.8235294117647058,10,4,1,1,1,0,1,1,1,0,0,1,0,baixo
2,10000.0,2,0.5,1,3,1,0,0,0,1,1,0,1,0,0,0,medio_alto
6,10000.0,0,0.0,1,1,1,0,0,0,0,1,0,0,0,0,0,medio_baixo
1,0.0,0,0.0,3,4,1,0,0,0,1,0,1,1,1,0,0,medio_baixo
8,10000.0,3,1.0,29,3,1,0,0,0,1,1,0,1,0,0,0,medio_baixo
1,10000.0,4,1.0,2,3,1,0,0,0,1,0,0,1,0,0,1,baixo
6,75000.0,1931,0.7954427757638529,3,3,1,0,0,1,1,0,0,1,1,0,0,medio_baixo
5,10000.0,14,0.9285714285714286,1,2,1,0,0,1,1,0,0,1,0,0,0,baixo
9,35000.0,75,0.7466666666666667,1,4,1,1,1,1,1,1,1,0,0,0,0,gratuito
6,10000.0,0,0.0,1,5,1,0,0,0,1,0,1,1,1,0,1,baixo
8,10000.0,3,1.0,1,2,1,0,0,0,1,1,0,0,0,0,0,baixo
2,10000.0,0,0.0,2,5,1,0,0,0,1,1,0,1,0,0,0,medio_alto
2,10000.0,4,1.0,1,3,1,0,0,0,1,0,0,1,0,0,1,medio_baixo
6,10000.0,6,0.3333333333333333,1,2,1,1,1,0,0,0,0,1,0,1,0,medio_baixo
5,350000.0,4,0.5,1,2,1,0,0,0,1,0,0,1,0,0,0,baixo
10,10000.0,52,0.7692307692307693,1,4,1,0,0,0,1,1,1,0,1,0,0,baixo
1,0.0,0,0.0,0,0,1,0,0,0,0,0,0,0,0,0,0,gratuito
6,10000.0,4,0.75,1,4,1,1,1,1,1,1,1,0,1,0,0,medio_alto
3,0.0,0,0.0,103,3,1,1,1,0,1,0,0,1,0,1,0,baixo
2,35000.0,33,0.8484848484848485,1,3,1,0,1,0,1,0,0,0,1,0,1,baixo
9,75000.0,12,0.5833333333333334,1,1,1,0,0,0,0,0,0,0,0,0,0,gratuito
1,0.0,0,0.0,1,3,1,1,0,0,1,0,0,0,0,1,0,medio_alto
3,10000.0,10,0.5,3,3,1,0,0,0,1,1,1,0,0,0,0,alto
4,10000.0,28,0.8214285714285714,2,1,1,0,0,0,0,0,0,0,0,0,1,medio_alto
1,0.0,0,0.0,0,0,1,0,0,0,0,0,0,0,0,0,0,gratuito
6,10000.0,0,0.0,1,5,1,0,0,0,1,0,1,1,1,1,0,medio_baixo
5,0.0,0,0.0,0,0,1,0,0,0,0,0,0,0,0,0,0,gratuito
2,10000.0,87,0.7126436781609196,4,2,1,0,0,0,1,0,0,0,0,0,1,alto
5,10000.0,17,0.8823529411764706,2,3,1,0,1,0,1,0,0,1,0,0,1,baixo
10,10000.0,13,0.5384615384615384,1,7,1,0,0,0,1,1,1,0,1,0,0,alto
16,150000.0,329,0.4376899696048632,2,2,1,0,0,0,0,1,0,0,1,0,0,baixo
5,10000.0,0,0.0,2,2,1,0,0,0,1,0,1,0,0,0,0,medio_baixo
2,10000.0,79,1.0,1,1,1,0,0,0,1,0,0,0,0,0,0,alto
12,10000.0,698,0.660458452722063,2,3,1,1,1,0,1,0,1,1,0,0,0,baixo
6,10000.0,12,0.25,28,6,1,1,1,0,1,1,1,0,1,1,1,alto
7,35000.0,2,1.0,1,4,1,0,0,0,1,0,1,1,1,0,0,baixo
1,10000.0,0,0.0,28,4,1,0,0,0,1,0,0,1,1,1,0,baixo
1,0.0,0,0.0,0,0,1,0,0,0,0,0,0,0,0,0,0,gratuito
4,10000.0,2,0.5,2,3,1,0,0,0,1,1,1,0,0,0,0,baixo
7,10000.0,0,0.0,6,2,1,0,0,1,1,0,0,1,0,0,0,baixo
1,10000.0,0,0.0,8,4,1,1,0,0,1,0,0,1,0,1,1,medio_alto
8,35000.0,158,0.620253164556962,1,3,1,0,0,1,1,1,1,0,0,0,0,baixo
2,10000.0,20,0.95,4,3,1,1,0,0,1,1,0,1,0,0,0,medio_alto
2,0.0,0,0.0,2,4,1,0,0,0,1,1,1,0,0,0,0,gratuito
2,0.0,0,0.0,2,2,1,1,0,0,0,1,0,0,0,0,0,gratuito
4,10000.0,214,0.7289719626168224,5,1,1,0,0,5,0,0,0,0,1,0,0,alto
2,10000.0,0,0.0,4,2,1,1,1,0,1,0,0,1,0,0,0,medio_alto
3,10000.0,4,1.0,2,4,1,1,1,0,1,1,0,1,0,1,0,medio_baixo
2,10000.0,2,0.5,16,4,1,0,0,0,1,0,0,1,0,1,1,baixo
3,10000.0,15,1.0,1,3,1,0,0,0,1,1,0,0,0,0,0,gratuito
4,10000.0,0,0.0,1,2,1,0,0,0,1,0,0,1,0,0,0,baixo
3,10000.0,1,1.0,1,3,1,0,0,0,0,1,1,0,1,0,0,alto
4,0.0,0,0.0,0,0,1,0,0,0,0,0,0,0,0,0,0,gratuito
1,10000.0,0,0.0,12,2,1,0,0,0,0,1,1,0,0,0,0,medio_alto
5,10000.0,3,1.0,4,1,1,0,0,0,1,0,0,0,0,0,0,medio_baixo
1,0.0,0,0.0,6,4,1,0,0,0,1,0,0,1,0,0,0,gratuito
9,10000.0,1,1.0,1,2,1,0,0,0,0,1,0,1,0,0,0,medio_baixo
7,10000.0,1,1.0,1,3,1,0,0,0,1,0,0,0,1,1,0,baixo
2,10000.0,1,0.0,2,3,1,0,0,0,0,0,1,0,0,1,0,baixo
4,0.0,0,0.0,0,0,1,0,0,0,0,0,0,0,0,0,0,gratuito
10,10000.0,23,0.9565217391304348,8,4,1,0,0,0,1,1,0,1,0,0,1,alto
8,10000.0,1,0.0,1,2,1,0,0,0,0,0,0,0,1,0,0,medio_baixo
3,10000.0,64,0.65625,1,5,1,0,0,0,1,0,1,0,1,1,0,alto
1,10000.0,0,0.0,12,2,1,0,0,1,0,1,1,0,0,0,0,medio_baixo
1,0.0,0,0.0,1,3,1,0,0,0,0,1,1,0,0,1,0,alto
9,10000.0,6,1.0,1,3,1,0,0,0,1,0,0,1,0,0,1,gratuito
1,0.0,0,0.0,1,2,1,0,0,0,0,1,0,0,0,0,0,alto
2,10000.0,0,0.0,1,1,1,0,0,0,0,0,1,0,0,0,0,medio_baixo
5,10000.0,8,0.875,1,1,1,0,0,0,0,0,1,0,0,0,0,gratuito
1,0.0,0,0.0,2,4,1,1,0,0,0,0,0,0,1,1,1,gratuito
4,10000.0,43,0.7441860465116279,1,4,1,0,0,0,1,1,0,0,0,0,1,alto
4,10000.0,3,0.3333333333333333,7,3,1,0,1,0,1,1,1,0,0,0,0,medio_baixo
4,10000.0,2,1.0,1,3,1,1,1,0,1,0,0,1,0,0,1,medio_baixo
6,10000.0,1,1.0,1,3,1,0,0,0,1,0,0,1,0,0,1,medio_baixo
1,10000.0,4,0.75,3,1,1,0,0,0,1,0,0,0,0,0,0,medio_baixo
4,0.0,0,0.0,1,4,1,0,0,0,0,1,0,0,0,1,0,gratuito
1,10000.0,0,0.0,2,1,1,0,0,0,0,1,0,0,0,0,0,medio_baixo
6,35000.0,2,1.0,1,2,1,0,0,0,0,1,0,0,0,0,1,medio_baixo
7,10000.0,9,0.5555555555555556,1,3,1,0,0,0,1,0,0,1,0,0,1,baixo
2,10000.0,2,1.0,2,2,1,0,0,0,1,1,0,0,0,0,0,medio_alto
9,10000.0,16,0.875,2,1,1,0,0,0,0,0,0,0,0,0,0,gratuito
1,10000.0,0,0.0,3,4,1,1,0,0,1,0,0,1,0,0,1,baixo
9,1500000.0,3770,0.8604774535809019,8,2,1,1,1,2,1,1,0,0,0,0,0,medio_alto
9,10000.0,4,0.25,1,3,1,1,1,0,1,0,0,0,0,0,1,medio_alto
19,350000.0,1465,0.5522184300341297,1,1,1,0,0,0,0,1,0,0,0,0,0,baixo
7,10000.0,66,0.803030303030303,1,5,1,0,0,0,1,1,1,1,0,0,1,baixo
10,35000.0,220,0.8181818181818182,5,1,1,0,0,0,0,1,0,0,0,0,0,alto
6,10000.0,31,0.6451612903225806,3,3,1,1,1,0,1,1,1,0,0,0,0,baixo
13,350000.0,2481,0.6606207174526401,1,1,1,0,0,1,0,1,0,0,0,0,0,baixo
4,10000.0,9,1.0,1,3,1,0,0,0,1,1,0,0,0,1,0,medio_baixo
2,10000.0,40,0.95,1,3,1,0,0,0,0,0,0,1,0,1,1,medio_baixo
10,10000.0,392,0.5867346938775511,13,2,1,0,0,0,0,1,0,0,0,0,1,medio_alto
8,10000.0,0,0.0,1,2,1,0,0,0,1,1,0,0,0,0,0,alto
2,10000.0,13,0.6923076923076923,2,2,1,0,0,0,1,0,0,0,0,0,0,medio_baixo
1,0.0,0,0.0,103,2,1,0,0,0,1,0,0,1,0,0,0,medio_baixo
4,35000.0,12,0.9166666666666666,1,3,1,1,1,0,1,0,1,0,1,0,0,medio_baixo
4,10000.0,4,0.5,1,2,1,0,0,0,0,1,0,1,0,0,0,medio_baixo
1,10000.0,0,0.0,5,2,1,0,0,0,1,0,1,0,0,0,0,alto
3,10000.0,22,0.9090909090909091,11,3,1,0,0,0,1,1,1,0,0,0,0,alto
8,75000.0,1098,0.5801457194899818,7,3,1,0,0,0,1,0,0,0,0,1,1,medio_alto
3,10000.0,0,0.0,1,3,1,0,0,0,1,1,0,1,0,0,0,medio_alto
7,10000.0,174,0.9597701149425287,1,3,1,0,0,0,1,0,0,0,0,0,1,gratuito
1,0.0,0,0.0,2,2,1,0,0,0,1,0,0,1,0,0,0,alto
11,10000.0,72,0.7638888888888888,1,2,1,1,1,0,1,1,0,0,0,0,0,medio_alto
1,10000.0,0,0.0,4,4,1,0,0,0,0,0,1,1,0,1,1,alto
2,10000.0,1,1.0,1,3,1,1,1,0,0,1,0,0,1,0,0,medio_alto
7,10000.0,4,1.0,1,4,1,0,0,0,1,0,1,0,0,1,0,medio_baixo
4,10000.0,17,0.7647058823529411,1,6,1,0,0,0,1,0,1,1,0,1,1,alto
7,10000.0,1,0.0,1,2,1,0,0,0,1,0,0,0,0,0,0,medio_alto
1,0.0,0,0.0,2,2,1,0,0,0,0,0,0,0,0,0,0,medio_alto
8,75000.0,16,0.8125,2,4,1,0,0,0,1,0,1,1,0,1,0,medio_baixo
8,10000.0,86,0.9883720930232558,2,5,1,1,0,0,1,0,1,1,1,0,1,baixo
1,10000.0,0,0.0,8,1,1,0,0,0,1,0,0,0,0,0,0,medio_alto
10,10000.0,5,0.6,1,2,1,0,0,0,1,1,0,0,0,0,0,medio_baixo
3,10000.0,7,0.7142857142857143,1,2,1,0,0,0,0,0,0,1,0,1,0,medio_alto
4,0.0,0,0.0,0,0,1,0,0,0,0,0,0,0,0,0,0,gratuito
2,10000.0,0,0.0,1,2,1,0,0,0,1,0,0,1,0,0,0,baixo
8,35000.0,217,0.8387096774193549,9,2,1,1,1,0,0,0,1,1,0,0,0,baixo
3,10000.0,0,0.0,1,2,1,0,0,16,0,0,1,1,0,0,0,gratuito
3,10000.0,1,1.0,103,6,1,0,0,10,1,1,0,1,0,1,0,alto
6,10000.0,13,1.0,1,3,1,0,1,0,1,0,0,1,0,1,0,alto
2,35000.0,3,1.0,1,2,1,1,0,0,1,0,1,0,0,0,0,baixo
2,10000.0,22,0.8181818181818182,14,6,1,0,0,0,1,1,1,1,0,1,0,medio_baixo
7,10000.0,29,0.9310344827586207,1,1,1,1,0,0,0,0,0,0,1,0,0,medio_alto
9,35000.0,10,0.9,1,2,1,0,0,0,1,0,0,1,0,0,0,baixo
4,0.0,0,0.0,2,5,1,0,0,1,1,1,0,1,0,0,0,gratuito
1,10000.0,0,0.0,5,3,1,0,0,0,1,1,1,0,0,0,0,alto
2,10000.0,0,0.0,31,2,1,0,0,0,1,0,0,1,0,0,0,baixo
5,10000.0,42,0.7619047619047619,29,4,1,0,0,0,1,1,1,1,0,0,0,medio_baixo
1,0.0,0,0.0,0,0,1,0,0,0,0,0,0,0,0,0,0,gratuito
3,0.0,0,0.0,2,4,1,0,0,0,0,1,1,0,1,0,0,gratuito
1,10000.0,0,0.0,1,4,1,0,0,0,1,1,1,0,0,1,0,baixo
9,35000.0,838,0.9379474940334129,1,4,1,0,0,0,1,0,1,1,0,0,1,baixo
2,10000.0,3,0.6666666666666666,2,3,1,1,0,0,1,1,1,0,0,0,0,medio_alto
1,0.0,0,0.0,1,1,1,0,0,0,0,0,0,0,1,0,0,alto
3,10000.0,30,0.6333333333333333,1,1,1,0,0,0,0,1,0,0,0,0,0,gratuito
8,35000.0,87,0.7011494252873564,1,2,1,1,0,0,1,0,0,1,0,0,0,baixo
3,0.0,0,0.0,103,3,1,0,0,0,1,0,0,1,0,1,0,baixo
1,0.0,0,0.0,1,3,1,0,0,0,0,0,0,0,0,0,1,gratuito
2,10000.0,17,1.0,5,3,1,0,0,0,1,0,1,1,0,0,0,baixo
5,350000.0,5,0.4,1,5,1,0,0,0,1,1,1,1,0,1,0,baixo
3,35000.0,219,0.9452054794520548,4,3,1,0,0,0,1,0,0,0,1,0,1,alto
2,35000.0,9,1.0,1,2,1,0,0,0,1,0,0,1,0,0,0,baixo
8,10000.0,20,0.8,6,10,1,0,0,0,1,1,1,1,1,1,1,baixo
5,10000.0,1,1.0,1,4,1,0,0,0,1,1,1,1,0,0,0,medio_alto
5,35000.0,582,0.9845360824742269,1,2,1,0,0,0,1,1,0,0,0,0,0,medio_baixo
9,10000.0,28,0.9285714285714286,8,4,1,0,0,0,0,0,1,1,0,1,1,medio_baixo
2,10000.0,11,1.0,2,4,1,0,0,0,1,1,0,1,1,0,0,baixo
3,10000.0,158,0.9620253164556962,1,3,1,0,0,0,1,0,1,1,0,0,0,medio_alto
4,150000.0,203,0.8226600985221675,4,1,1,1,1,1,0,0,0,0,0,0,1,alto
1,0.0,0,0.0,1,3,1,0,0,0,1,0,1,1,0,0,0,medio_baixo
8,10000.0,52,0.9423076923076923,15,4,1,1,1,0,1,0,0,1,0,1,1,alto
2,0.0,0,0.0,0,0,1,0,0,0,0,0,0,0,0,0,0,gratuito
5,10000.0,34,0.9411764705882353,1,1,1,0,0,0,0,0,0,0,1,0,0,baixo
1,10000.0,0,0.0,2,3,1,0,0,0,1,0,1,1,0,0,0,baixo
1,0.0,0,0.0,0,0,1,0,0,0,0,0,0,0,0,0,0,gratuito
5,10000.0,6,0.6666666666666666,1,4,1,0,0,0,1,0,1,1,0,1,0,alto
11,35000.0,78,0.6153846153846154,1,3,1,0,0,0,1,1,0,1,0,0,0,gratuito
4,0.0,0,0.0,0,0,1,0,0,0,0,0,0,0,0,0,0,gratuito
4,10000.0,172,0.6337209302325582,9,5,1,0,1,0,1,1,0,1,1,0,0,medio_baixo
1,10000.0,1,1.0,1,3,1,0,1,0,1,1,0,0,0,0,0,medio_alto
2,10000.0,0,0.0,1,4,1,0,0,0,1,1,0,1,0,0,0,gratuito
6,150000.0,59,0.7457627118644068,4,2,1,0,0,0,1,0,1,0,0,0,0,medio_baixo
2,10000.0,17,0.8235294117647058,1,5,1,0,0,0,1,1,1,0,1,0,1,alto
1,0.0,0,0.0,0,0,1,0,0,0,0,0,0,0,0,0,0,gratuito
3,0.0,0,0.0,1,7,1,0,0,0,1,0,1,0,1,1,1,gratuito
9,750000.0,2713,0.8813122005160339,16,1,1,1,1,1,0,1,0,0,0,0,0,baixo
1,0.0,0,0.0,0,0,1,0,0,0,0,0,0,0,0,0,0,gratuito
5,10000.0,16,0.8125,4,2,1,0,0,0,0,0,0,0,0,1,1,medio_alto
8,7500000.0,313707,0.9704883856592298,27,2,1,1,0,1,1,0,1,0,0,0,0,alto
4,10000.0,15,0.8666666666666667,1,3,1,0,0,0,1,0,0,1,0,0,0,gratuito
3,10000.0,4,0.5,1,2,1,0,0,0,0,1,0,0,0,0,0,gratuito
2,10000.0,1,1.0,2,3,1,0,0,0,0,0,1,1,0,0,1,medio_alto
2,10000.0,0,0.0,1,1,1,0,0,0,0,1,0,0,0,0,0,medio_baixo
4,10000.0,169,0.7988165680473372,1,3,1,1,1,1,1,0,0,0,1,1,0,medio_alto
4,10000.0,2,1.0,1,1,1,0,0,0,1,0,0,0,0,0,0,medio_alto
2,10000.0,45,0.9555555555555556,2,3,1,0,0,0,0,0,1,0,1,1,0,medio_alto
8,10000.0,58,0.4482758620689655,2,1,1,0,0,3,0,0,0,0,0,0,0,baixo
6,150000.0,1209,0.7832919768403639,2,3,1,0,0,1,1,0,0,1,0,1,0,baixo
3,0.0,0,0.0,1,2,1,0,0,3,0,0,1,0,1,0,0,gratuito
14,150000.0,336,0.7886904761904762,1,2,1,1,0,0,1,0,1,0,0,0,0,medio_alto
1,10000.0,4,0.5,1,3,1,0,0,0,1,1,0,0,1,0,0,baixo
5,35000.0,1,1.0,1,3,1,0,0,0,1,0,1,1,0,0,0,baixo
3,10000.0,20,0.9,1,2,1,0,0,1,1,0,0,0,1,0,0,alto
1,0.0,0,0.0,0,0,1,0,0,0,0,0,0,0,0,0,0,gratuito
6,10000.0,7,0.8571428571428571,10,1,1,0,0,0,0,0,0,1,0,0,0,medio_alto
10,35000.0,132,0.7727272727272727,1,2,1,1,1,2,1,0,1,0,0,0,0,medio_baixo
2,10000.0,302,0.7748344370860927,2,6,1,0,0,0,1,1,1,1,1,0,1,baixo
8,10000.0,25,0.24,1,5,1,0,0,0,1,1,1,1,0,0,1,baixo
1,10000.0,0,0.0,1,4,1,0,0,0,1,0,1,1,0,0,0,gratuito
2,0.0,0,0.0,9,2,1,0,0,0,0,0,0,0,0,0,1,gratuito
3,10000.0,3,1.0,1,4,1,0,0,0,1,1,1,0,0,0,0,alto
6,10000.0,48,0.9583333333333334,1,2,1,0,0,0,1,0,0,0,0,0,0,gratuito
2,10000.0,0,0.0,2,3,1,0,0,0,1,1,0,1,0,0,0,medio_baixo
2,10000.0,3,0.6666666666666666,3,2,1,0,0,0,0,1,1,0,0,0,0,baixo
5,10000.0,0,0.0,1,1,1,0,0,0,0,0,0,1,0,0,0,medio_baixo
7,10000.0,745,0.8778523489932886,6,1,1,0,0,10,0,0,0,1,0,0,0,alto
1,10000.0,0,0.0,5,3,1,0,0,0,1,1,0,1,0,0,0,medio_baixo
6,10000.0,8,0.5,1,1,1,0,0,0,0,0,0,0,0,1,0,medio_baixo
1,0.0,0,0.0,0,0,1,0,0,0,0,0,0,0,0,0,0,gratuito
1,10000.0,12,0.75,3,3,1,0,0,1,1,0,0,0,0,0,1,alto
1,10000.0,0,0.0,1,4,1,0,0,0,1,0,1,1,1,0,0,medio_alto
1,0.0,0,0.0,3,1,1,0,0,0,0,0,0,0,1,0,0,alto
8,10000.0,21,0.7142857142857143,10,1,1,0,0,0,0,1,0,0,0,0,0,medio_alto
7,10000.0,358,0.723463687150838,1,3,1,0,0,0,0,1,1,0,0,0,1,baixo
2,10000.0,15,0.6,1,5,1,0,0,0,1,1,1,0,0,0,1,medio_alto
7,10000.0,64,0.90625,3,3,1,1,1,1,1,0,1,1,0,0,0,baixo
6,150000.0,2257,0.8635356668143553,16,4,1,1,1,0,1,1,1,1,0,0,0,medio_baixo
3,0.0,0,0.0,103,1,1,0,0,0,0,0,0,1,0,0,0,medio_alto
7,10000.0,15,1.0,2,3,1,0,0,0,1,0,0,0,1,1,0,medio_baixo
2,10000.0,21,0.9523809523809523,6,3,1,0,0,0,1,1,1,0,0,0,0,medio_baixo
1,0.0,0,0.0,1,4,1,0,0,0,1,0,0,0,0,1,1,gratuito
1,10000.0,0,0.0,10,3,1,0,0,0,1,1,0,0,0,0,0,medio_alto
1,0.0,0,0.0,0,0,1,0,0,0,0,0,0,0,0,0,0,gratuito
8,35000.0,38,0.9473684210526315,3,3,1,1,1,0,1,0,1,1,0,0,0,medio_alto
11,10000.0,424,0.8584905660377359,13,5,1,1,1,0,1,0,1,1,1,1,0,baixo
2,0.0,0,0.0,1,4,1,0,0,0,0,0,0,1,1,0,1,gratuito
2,0.0,0,0.0,0,0,1,0,0,0,0,0,0,0,0,0,0,gratuito
12,150000.0,1341,0.9149888143176734,1,2,1,0,0,0,0,1,1,0,0,0,0,gratuito
3,10000.0,1,1.0,2,1,1,0,0,0,0,1,0,0,0,0,0,medio_baixo
2,75000.0,628,0.8359872611464968,11,3,1,1,0,1,1,0,1,0,0,1,0,medio_baixo
3,0.0,0,0.0,1,3,1,0,0,0,0,1,1,0,0,0,0,gratuito
2,10000.0,1,0.0,1,2,1,0,0,0,1,1,0,0,0,0,0,medio_baixo
1,10000.0,0,0.0,3,3,1,0,0,0,1,1,0,1,0,0,0,medio_alto
9,75000.0,524,0.9484732824427481,8,1,1,1,0,0,1,0,0,0,0,0,0,medio_baixo
3,150000.0,424,0.8113207547169812,6,4,1,0,0,2,1,0,1,1,1,0,0,medio_alto
5,0.0,0,0.0,4,4,1,0,0,0,0,1,1,0,1,0,0,gratuito
1,0.0,0,0.0,30,2,1,0,0,0,1,1,0,0,0,0,0,baixo
14,750000.0,1727,0.779965257672264,5,2,1,1,1,0,0,0,0,0,1,1,0,medio_baixo
2,0.0,0,0.0,0,0,1,0,0,0,0,0,0,0,0,0,0,gratuito
9,350000.0,433,0.6882217090069284,8,1,1,1,0,0,0,0,0,0,0,0,0,gratuito
5,10000.0,90,0.9,6,3,1,1,0,6,1,0,0,1,0,1,0,alto
2,10000.0,63,0.6349206349206349,14,3,1,0,0,0,1,1,0,0,0,1,0,baixo
1,0.0,0,0.0,7,6,1,0,0,0,1,0,1,1,0,1,0,gratuito
3,75000.0,971,0.7239958805355304,6,3,1,1,0,2,1,0,0,0,0,1,1,medio_alto
6,35000.0,5,1.0,1,2,1,0,0,0,1,1,0,0,0,0,0,medio_baixo
5,10000.0,50,0.94,2,1,1,0,0,0,0,0,0,1,0,0,0,baixo
4,150000.0,17,0.5294117647058824,1,7,1,0,0,0,1,1,1,0,1,1,1,medio_alto
5,10000.0,21,0.7619047619047619,6,3,1,0,0,0,1,1,1,0,0,0,0,baixo
3,10000.0,18,0.5555555555555556,1,4,1,1,1,0,1,0,0,1,0,1,1,alto
1,35000.0,1,1.0,1,4,1,0,0,0,1,1,1,1,0,0,0,baixo
8,10000.0,18,0.5,5,3,1,0,0,0,1,0,0,0,0,1,1,medio_baixo
3,0.0,0,0.0,2,4,1,0,0,0,1,0,1,1,0,0,0,gratuito
2,75000.0,228,0.8640350877192983,7,5,1,0,0,1,1,1,1,0,1,0,0,alto
6,10000.0,18,0.5555555555555556,1,3,1,0,0,0,1,1,0,0,0,0,0,gratuito
1,10000.0,0,0.0,6,1,1,0,0,0,0,0,0,1,0,0,0,medio_alto
5,10000.0,259,0.752895752895753,5,3,1,0,0,0,1,1,0,0,0,0,1,baixo
4,10000.0,14,0.7857142857142857,103,1,1,0,0,0,1,0,0,0,0,0,0,baixo
4,35000.0,156,0.8012820512820513,7,1,1,0,0,1,1,0,0,0,0,0,0,medio_alto
1,750000.0,21671,0.8717179640994878,15,1,1,0,0,1,0,1,0,0,0,0,0,alto
1,0.0,0,0.0,1,4,1,0,0,1,0,0,1,1,1,0,0,gratuito
2,10000.0,1,1.0,2,1,1,0,0,0,0,0,1,0,0,0,0,medio_baixo
7,10000.0,96,0.8333333333333334,1,4,1,0,0,0,1,0,1,1,0,0,1,medio_baixo
11,35000.0,355,0.6704225352112676,1,3,1,0,0,1,1,0,1,1,0,0,0,medio_alto
1,0.0,0,0.0,1,3,1,0,0,0,0,0,0,1,0,0,1,medio_alto
2,10000.0,1,1.0,1,3,1,0,0,0,1,0,0,1,0,1,0,medio_baixo
1,0.0,0,0.0,0,0,1,0,0,0,0,0,0,0,0,0,0,gratuito
7,10000.0,1,1.0,1,3,1,0,0,0,1,1,0,0,0,0,0,alto
5,75000.0,638,0.8855799373040752,1,6,1,0,0,0,1,0,1,1,0,1,1,gratuito
4,0.0,0,0.0,0,0,1,0,0,0,0,0,0,0,0,0,0,gratuito
1,0.0,0,0.0,0,0,1,0,0,0,0,0,0,0,0,0,0,gratuito
1,35000.0,838,0.8675417661097852,31,3,1,0,0,0,0,0,0,0,1,0,1,medio_baixo
9,3500000.0,339,0.6696165191740413,1,2,1,1,1,0,0,1,1,0,0,0,0,baixo
10,35000.0,80,0.6375,1,3,1,0,0,0,1,0,0,1,0,0,1,alto
4,35000.0,22,0.6818181818181818,1,3,1,0,0,0,1,0,1,0,0,0,0,gratuito
8,10000.0,0,0.0,1,1,1,0,0,0,0,0,0,0,0,0,0,gratuito
11,350000.0,3131,0.9530501437240498,1,4,1,1,0,0,1,0,1,0,1,1,0,alto
11,150000.0,804,0.5559701492537313,1,4,1,0,0,0,1,1,1,0,1,0,0,baixo
8,10000.0,70,0.7,1,2,1,1,0,0,1,0,1,0,0,0,0,medio_alto
3,10000.0,4,0.5,1,3,1,0,0,0,1,1,0,1,0,0,0,baixo
1,10000.0,0,0.0,4,4,1,0,0,0,1,0,1,1,0,1,0,alto
3,10000.0,0,0.0,1,1,1,0,0,0,0,1,0,0,0,0,0,baixo
6,10000.0,1,0.0,1,5,1,0,0,0,1,1,1,0,1,1,0,medio_baixo
1,0.0,0,0.0,0,0,1,0,0,0,0,0,0,0,0,0,0,gratuito
5,10000.0,0,0.0,1,1,1,0,0,0,0,0,1,0,0,0,0,baixo
5,75000.0,1,1.0,2,1,1,0,0,0,0,0,1,0,0,0,0,alto
2,10000.0,18,0.9444444444444444,11,2,1,0,0,0,1,1,0,0,0,0,0,medio_baixo
1,0.0,0,0.0,1,1,1,0,0,0,0,0,1,0,0,0,0,alto
4,10000.0,30,0.9333333333333333,2,5,1,0,0,1,1,1,0,1,0,1,0,medio_alto
2,10000.0,29,0.8275862068965517,11,2,1,0,0,0,1,0,0,1,0,0,0,baixo
6,10000.0,2,1.0,1,5,1,0,0,0,1,1,1,1,0,0,0,medio_alto
2,10000.0,1,1.0,1,3,1,0,0,0,1,0,0,1,0,1,0,medio_baixo
9,10000.0,13,0.7692307692307693,1,2,1,0,0,0,0,0,0,1,0,1,0,medio_baixo
6,10000.0,43,0.813953488372093,2,3,1,0,0,0,1,0,1,1,0,0,0,baixo
5,10000.0,14,0.9285714285714286,2,1,1,0,0,0,0,0,0,1,0,0,0,medio_baixo
3,10000.0,0,0.0,1,3,1,0,0,0,1,0,0,1,0,0,0,medio_alto
9,35000.0,180,0.9,1,1,1,0,0,0,0,0,1,0,0,0,0,medio_alto
9,10000.0,33,0.9090909090909091,27,4,1,0,0,1,1,1,1,1,0,0,0,alto
1,35000.0,24,0.625,10,5,1,0,0,0,1,1,1,1,1,0,0,alto
3,0.0,0,0.0,0,0,1,0,0,0,0,0,0,0,0,0,0,gratuito
1,0.0,0,0.0,27,2,1,1,1,0,1,0,0,0,0,0,1,baixo
2,0.0,0,0.0,0,0,1,0,0,0,0,0,0,0,0,0,0,gratuito
8,10000.0,1,0.0,2,4,1,0,0,0,0,1,0,1,1,0,0,alto
4,10000.0,22,0.6818181818181818,3,4,1,1,1,0,1,0,0,1,0,1,1,baixo
2,0.0,0,0.0,0,0,1,0,0,0,0,0,0,0,0,0,0,gratuito
11,750000.0,1838,0.750816104461371,1,3,1,0,0,0,1,0,1,0,1,0,0,baixo
4,10000.0,1,0.0,1,1,1,0,0,0,0,0,0,0,0,1,0,medio_baixo
2,0.0,0,0.0,30,3,1,0,0,0,0,0,1,1,0,0,1,medio_alto
3,10000.0,1,0.0,1,2,1,0,0,0,1,0,0,1,0,0,0,medio_baixo
1,10000.0,0,0.0,2,3,1,0,0,0,1,1,0,1,0,0,0,medio_baixo
2,10000.0,9,0.6666666666666666,1,5,1,0,0,1,1,1,1,0,1,0,0,alto
8,10000.0,27,0.6296296296296297,1,2,1,1,1,0,1,1,0,0,0,0,0,baixo
2,0.0,0,0.0,1,7,1,0,0,0,1,1,0,1,0,0,1,gratuito
1,10000.0,0,0.0,2,4,1,0,0,1,1,1,0,1,0,0,0,medio_alto
12,75000.0,470,0.2297872340425532,1,4,1,0,0,0,1,1,0,1,0,0,0,medio_alto
6,10000.0,1,1.0,1,3,1,0,0,0,1,0,0,1,0,0,1,medio_alto
4,10000.0,13,0.9230769230769231,2,3,1,0,0,0,1,1,1,0,0,0,0,medio_baixo
3,75000.0,11,1.0,1,2,1,0,0,0,1,0,0,0,0,0,0,medio_alto
1,10000.0,0,0.0,8,2,1,0,0,0,1,0,0,1,0,0,0,baixo
8,10000.0,3,0.6666666666666666,1,5,1,0,0,0,1,1,1,0,1,0,0,medio_alto
3,10000.0,5,1.0,2,3,1,0,0,0,1,1,1,0,0,0,0,baixo
3,10000.0,6,0.16666666666666666,4,1,1,0,0,0,0,0,0,1,0,0,0,baixo
2,150000.0,2910,0.9463917525773196,9,4,1,1,0,0,1,0,0,1,0,1,1,medio_baixo
2,10000.0,0,0.0,1,2,1,0,0,0,1,0,0,1,0,0,0,alto
1,10000.0,0,0.0,1,3,1,0,0,0,1,0,1,1,0,0,0,medio_baixo
2,10000.0,18,1.0,1,1,1,1,1,0,1,0,0,0,0,0,0,alto
5,10000.0,5,0.8,1,3,1,0,0,0,1,0,1,1,0,0,0,medio_baixo
4,10000.0,8,0.875,2,3,1,0,0,0,1,1,1,0,0,0,0,medio_alto
3,10000.0,3,1.0,27,3,1,0,1,0,1,1,1,0,0,0,0,medio_baixo
6,10000.0,31,0.2903225806451613,1,2,1,1,0,0,1,0,1,0,0,0,0,baixo
2,10000.0,3,1.0,30,3,1,0,0,0,1,0,1,1,0,0,0,baixo
1,10000.0,0,0.0,1,4,1,0,0,0,1,1,1,1,0,0,0,medio_baixo
5,10000.0,307,0.4527687296416938,4,6,1,0,0,0,1,1,0,1,1,1,1,medio_baixo
6,10000.0,128,0.34375,3,10,1,0,0,0,1,1,1,1,1,1,1,alto
9,10000.0,20,0.55,1,3,1,0,0,0,1,1,1,0,0,0,0,medio_alto
5,10000.0,187,0.8021390374331551,2,5,1,0,0,1,1,1,1,1,0,1,0,baixo
4,10000.0,3,1.0,1,5,1,0,0,0,1,1,1,1,0,1,0,medio_alto
5,0.0,0,0.0,0,0,1,0,0,0,0,0,0,0,0,0,0,gratuito
7,10000.0,23,0.9565217391304348,1,6,1,0,0,0,1,0,0,1,1,1,1,baixo
5,35000.0,5,0.2,1,3,1,0,0,0,1,1,1,0,0,0,0,medio_alto
8,10000.0,31,0.7741935483870968,1,2,1,1,0,1,1,0,1,0,0,0,0,medio_alto
10,350000.0,4193,0.7133317433818268,2,1,1,0,0,1,1,0,0,0,0,0,0,medio_baixo
2,10000.0,1,1.0,1,3,1,0,0,0,1,1,1,0,0,0,0,baixo
14,350000.0,1295,0.8501930501930502,1,5,1,1,0,1,1,1,1,0,1,0,1,medio_alto
1,10000.0,0,0.0,2,1,1,1,1,0,0,0,0,1,0,0,0,medio_alto
1,0.0,0,0.0,1,3,1,0,0,0,1,1,1,0,0,0,0,baixo
1,0.0,0,0.0,3,4,1,0,0,0,1,1,1,0,0,0,0,baixo
1,10000.0,20,0.95,1,3,1,0,0,1,1,1,0,0,0,0,0,medio_alto
2,0.0,0,0.0,2,5,1,0,0,0,1,0,0,0,1,1,0,gratuito
2,10000.0,0,0.0,1,4,1,1,0,0,1,0,1,0,1,0,0,gratuito
5,10000.0,68,0.8088235294117647,1,1,1,0,0,0,0,0,0,0,1,0,0,medio_alto
5,10000.0,15,0.8,2,6,1,1,0,0,1,1,1,1,1,1,0,medio_baixo
4,10000.0,0,0.0,1,2,1,0,0,0,0,0,1,1,0,0,0,baixo
2,10000.0,5,0.8,1,3,1,0,0,0,1,1,0,1,0,0,0,medio_baixo
12,35000.0,32,0.25,5,1,1,1,0,0,0,0,1,0,0,0,0,alto
3,75000.0,7,0.8571428571428571,1,3,1,0,0,0,0,1,0,1,0,0,0,baixo
4,0.0,0,0.0,12,2,1,0,0,2,0,0,0,0,0,0,0,gratuito
1,10000.0,14,0.9285714285714286,1,3,1,1,0,0,0,0,0,0,0,1,1,alto
6,35000.0,289,0.8304498269896193,3,2,1,0,0,0,1,0,0,0,0,1,0,medio_alto
8,10000.0,16,0.9375,9,2,1,1,1,0,1,0,0,1,0,0,0,baixo
9,3500000.0,112575,0.9046946480124362,19,4,1,1,1,4,1,0,1,0,0,1,1,alto
5,10000.0,1,0.0,1,3,1,0,1,0,0,0,0,0,0,0,0,alto
6,10000.0,98,0.5714285714285714,2,2,1,0,0,0,0,0,1,1,0,0,0,baixo
16,75000.0,137,0.8394160583941606,1,2,1,1,1,0,1,0,0,0,1,0,0,medio_alto
1,10000.0,0,0.0,1,3,1,0,0,0,0,1,1,1,0,0,0,baixo
6,10000.0,7,0.14285714285714285,1,5,1,0,0,0,1,1,1,0,0,0,0,medio_baixo
4,10000.0,42,0.8809523809523809,2,2,1,0,1,2,1,0,1,0,0,0,0,medio_baixo
2,35000.0,920,0.9065217391304348,11,4,1,1,0,1,1,0,1,0,1,0,1,medio_alto
2,10000.0,251,0.9243027888446215,12,3,1,1,1,3,1,0,0,1,0,0,1,alto
1,10000.0,27,1.0,1,2,1,1,1,0,1,0,0,1,0,0,0,medio_baixo
1,10000.0,0,0.0,1,3,1,0,0,0,0,1,0,0,0,1,0,gratuito
3,0.0,0,0.0,1,3,1,0,0,0,0,1,0,0,0,0,0,gratuito
3,10000.0,47,0.5319148936170213,30,7,1,0,0,0,0,1,1,1,1,1,1,baixo
8,10000.0,2,0.5,1,2,1,0,1,2,1,0,1,0,0,0,0,medio_baixo
1,35000.0,327,0.8807339449541285,6,4,1,0,0,0,0,0,0,0,1,1,1,medio_alto
2,10000.0,35,0.7142857142857143,1,2,1,0,0,0,0,0,0,0,0,1,0,alto
4,10000.0,0,0.0,1,4,1,0,0,0,1,0,0,1,0,0,1,baixo
6,35000.0,36,0.8888888888888888,2,3,1,0,0,0,0,0,1,0,1,1,0,medio_alto
2,0.0,0,0.0,1,4,1,1,0,0,1,1,0,1,0,0,0,gratuito
4,10000.0,6,1.0,1,4,1,0,0,0,1,1,1,0,0,1,0,alto
2,0.0,0,0.0,1,2,1,0,0,0,0,1,0,0,0,0,0,gratuito
5,10000.0,20,0.95,11,3,1,0,0,0,1,0,1,1,0,0,0,alto
2,10000.0,0,0.0,3,2,1,0,0,0,0,0,0,0,1,0,1,alto
1,0.0,0,0.0,14,3,1,0,0,0,0,1,1,0,0,0,0,gratuito
1,10000.0,2,1.0,1,4,1,0,0,0,0,1,1,1,0,0,0,gratuito
4,10000.0,62,0.6774193548387096,1,4,1,0,0,0,1,1,1,1,0,0,0,medio_alto
7,35000.0,42,0.6666666666666666,1,4,1,0,0,0,0,1,0,1,0,1,0,gratuito
2,10000.0,24,1.0,1,3,1,0,0,0,1,1,0,1,0,0,0,baixo
2,0.0,0,0.0,0,0,1,0,0,0,0,0,0,0,0,0,0,gratuito
3,10000.0,71,0.9436619718309859,16,3,1,0,0,0,1,1,1,0,0,0,0,medio_baixo
3,35000.0,15,0.9333333333333333,1,2,1,0,0,0,1,1,0,0,0,0,0,medio_baixo
2,75000.0,3,1.0,1,3,1,0,0,0,1,1,0,0,0,0,0,medio_alto
2,0.0,0,0.0,0,0,1,0,0,0,0,0,0,0,0,0,0,gratuito
2,10000.0,1,1.0,3,3,1,0,0,0,1,1,0,1,0,0,0,medio_alto
5,10000.0,0,0.0,1,3,1,0,0,0,1,0,0,1,0,0,1,medio_alto
2,10000.0,0,0.0,3,4,1,1,1,1,1,0,1,1,0,0,0,alto
10,3500000.0,70278,0.9125330828993427,9,5,1,1,0,11,0,1,1,1,0,1,1,alto
2,10000.0,0,0.0,1,2,1,0,0,0,1,0,0,1,0,0,0,baixo
4,10000.0,0,0.0,1,1,1,0,0,0,0,0,1,0,0,0,0,medio_alto
2,0.0,0,0.0,1,2,1,0,0,0,1,0,0,0,0,0,0,gratuito
4,10000.0,208,0.8413461538461539,12,5,1,0,0,0,1,0,1,1,1,0,1,alto
1,10000.0,0,0.0,2,3,1,0,0,0,1,1,1,0,0,0,0,baixo
6,10000.0,4,0.75,1,4,1,0,0,0,1,1,0,1,0,0,0,alto
12,35000.0,51,0.9215686274509803,1,2,1,1,1,1,1,0,1,0,0,0,0,medio_alto
6,10000.0,0,0.0,1,5,1,0,0,0,1,0,1,1,0,0,1,gratuito
4,10000.0,0,0.0,1,3,1,0,0,0,0,0,1,0,1,1,0,medio_baixo
1,10000.0,0,0.0,1,3,1,0,0,0,1,1,1,0,0,0,0,medio_baixo
8,10000.0,9,0.5555555555555556,1,3,1,1,0,0,1,0,1,0,1,0,0,medio_baixo
7,10000.0,18,0.8333333333333334,4,3,1,1,0,0,1,1,1,0,0,0,0,medio_baixo
4,10000.0,26,0.38461538461538464,6,4,1,0,0,0,1,1,1,0,0,1,0,medio_alto
2,10000.0,16,1.0,11,1,1,0,0,0,1,0,0,0,0,0,0,medio_alto
4,10000.0,39,0.6153846153846154,12,6,1,0,0,0,1,1,1,1,1,0,1,baixo
2,10000.0,0,0.0,1,3,1,0,0,0,1,1,0,0,0,0,0,gratuito
1,0.0,0,0.0,4,1,1,0,0,0,0,0,0,1,0,0,0,medio_baixo
3,10000.0,2,0.5,5,4,1,0,0,0,1,1,0,1,0,0,0,medio_alto
6,10000.0,0,0.0,3,5,1,0,1,0,1,1,0,1,1,0,0,medio_alto
9,75000.0,166,0.6325301204819277,1,4,1,0,0,0,1,0,0,1,0,1,1,baixo
4,35000.0,15,0.8,1,3,1,0,0,0,1,0,1,0,1,0,0,medio_baixo
2,10000.0,238,0.9327731092436975,5,3,1,0,1,0,1,0,0,1,0,1,0,medio_baixo
3,0.0,0,0.0,0,0,1,0,0,0,0,0,0,0,0,0,0,gratuito
2,10000.0,13,0.6153846153846154,1,3,1,0,0,0,1,0,0,0,1,1,0,medio_baixo
12,35000.0,169,0.5502958579881657,5,6,1,0,0,2,1,1,0,1,0,0,1,medio_baixo
2,10000.0,42,0.9047619047619048,1,3,1,1,0,1,1,0,1,1,0,0,0,medio_baixo
7,10000.0,3,1.0,1,2,1,0,0,0,0,0,0,1,0,0,1,medio_baixo
9,10000.0,20,0.45,3,3,1,0,0,0,1,0,0,0,0,1,1,alto
5,150000.0,55,0.6909090909090909,1,5,1,0,0,0,1,1,0,1,0,0,0,gratuito
9,10000.0,4,0.25,27,4,1,0,0,0,1,0,1,1,0,0,1,medio_baixo
1,0.0,0,0.0,1,1,1,0,0,0,0,1,0,0,0,0,0,medio_alto
1,10000.0,0,0.0,1,2,1,0,0,1,0,0,0,0,1,1,0,alto
10,10000.0,5,0.4,1,1,1,0,0,0,1,0,0,0,0,0,0,baixo
10,10000.0,26,0.7692307692307693,1,1,1,1,1,0,0,0,0,0,0,1,0,medio_alto
11,10000.0,10,0.6,1,3,1,1,1,0,1,0,0,1,0,1,0,medio_alto
1,0.0,0,0.0,2,1,1,0,0,0,1,0,0,0,0,0,0,medio_alto
2,10000.0,0,0.0,2,2,1,0,0,0,0,0,1,1,0,0,0,medio_baixo
2,0.0,0,0.0,1,4,1,0,0,0,1,1,0,1,0,0,0,gratuito
8,10000.0,28,0.7142857142857143,1,1,1,0,1,0,0,1,0,0,0,0,0,baixo
6,10000.0,30,0.6666666666666666,29,4,1,0,0,0,1,1,1,1,0,0,0,baixo
2,35000.0,2,1.0,1,3,1,0,0,0,1,0,1,1,0,0,0,medio_alto
2,10000.0,2,1.0,1,7,1,0,0,0,1,1,1,1,0,0,1,baixo
1,0.0,0,0.0,2,3,1,0,0,0,1,0,0,0,0,0,1,gratuito
5,0.0,0,0.0,0,0,1,0,0,0,0,0,0,0,0,0,0,gratuito
4,10000.0,73,0.4931506849315068,4,1,1,0,0,1,0,0,0,0,0,0,1,alto
5,10000.0,68,0.7352941176470589,1,1,1,0,0,0,0,0,0,1,0,0,0,baixo
3,0.0,0,0.0,6,1,1,0,1,0,0,0,0,0,0,1,0,gratuito
1,0.0,0,0.0,0,0,1,0,0,0,0,0,0,0,0,0,0,gratuito
5,10000.0,1,1.0,2,3,1,0,0,0,1,1,1,0,0,0,0,medio_alto
1,10000.0,0,0.0,3,2,1,0,0,0,1,0,0,1,0,0,0,alto
9,10000.0,15,0.26666666666666666,1,4,1,0,0,0,1,1,1,1,0,0,0,baixo
3,10000.0,44,1.0,1,3,1,1,1,0,1,1,1,0,0,0,0,alto
9,10000.0,29,0.8620689655172413,1,2,1,0,0,0,1,0,0,1,0,0,0,medio_alto
5,10000.0,1,0.0,3,3,1,0,0,0,1,0,0,1,0,0,1,medio_baixo
6,10000.0,0,0.0,1,6,1,0,0,0,1,1,0,1,0,0,1,alto
1,0.0,0,0.0,0,0,1,0,0,0,0,0,0,0,0,0,0,gratuito
2,10000.0,2,0.5,1,1,1,0,0,0,1,0,0,0,0,0,0,alto
8,10000.0,23,0.782608695652174,1,5,1,0,0,0,1,1,0,1,0,1,0,medio_baixo
5,10000.0,6,0.8333333333333334,1,3,1,0,0,0,1,0,0,0,1,0,1,alto
3,10000.0,31,0.967741935483871,1,2,1,1,1,1,1,0,0,1,0,0,0,medio_alto
4,10000.0,14,0.8571428571428571,2,2,1,0,0,0,1,0,0,1,0,0,0,medio_alto
1,10000.0,0,0.0,2,2,1,1,0,0,1,0,1,0,0,0,0,medio_alto
1,0.0,0,0.0,2,2,1,0,0,1,0,0,0,1,0,0,0,gratuito
7,10000.0,12,0.5833333333333334,4,1,1,1,0,0,0,0,0,1,0,0,0,medio_alto
2,35000.0,17,0.9411764705882353,1,3,1,0,0,0,1,1,0,1,0,0,0,baixo
4,10000.0,11,0.7272727272727273,4,2,1,0,0,0,0,0,0,1,0,0,1,medio_alto
4,0.0,0,0.0,9,3,1,0,0,0,1,0,0,0,1,1,0,gratuito
1,10000.0,0,0.0,1,2,1,0,0,0,1,0,1,0,0,0,0,medio_alto
3,10000.0,0,0.0,22,2,1,0,0,0,0,0,0,1,0,0,1,medio_baixo
3,0.0,0,0.0,2,5,1,0,0,0,1,1,0,0,1,1,0,gratuito
1,10000.0,1,1.0,1,3,1,0,0,0,1,0,1,0,0,1,0,alto
7,75000.0,217,0.35023041474654376,6,4,1,0,0,2,1,1,1,0,1,0,0,medio_baixo
6,10000.0,13,1.0,1,6,1,0,0,0,1,1,0,1,0,1,0,gratuito
17,75000000.0,963983,0.9753501877107791,28,1,1,0,1,0,0,1,0,0,0,0,0,medio_baixo
1,10000.0,0,0.0,1,1,1,0,0,0,0,1,0,0,0,0,0,baixo
4,0.0,0,0.0,0,0,1,0,0,0,0,0,0,0,0,0,0,gratuito
8,750000.0,12899,0.9022404837584309,10,2,1,0,0,0,0,1,1,0,0,0,0,medio_alto
1,10000.0,0,0.0,2,3,1,0,0,0,1,0,0,0,1,1,0,baixo
5,35000.0,165,0.9636363636363636,3,3,1,0,0,4,0,0,0,1,0,0,1,gratuito
9,35000.0,21,0.5238095238095238,1,1,1,0,0,0,0,0,0,1,0,0,0,gratuito
4,10000.0,9,1.0,4,3,1,0,0,0,1,1,1,0,0,0,0,baixo
4,10000.0,0,0.0,1,1,1,0,0,0,0,0,1,0,0,0,0,alto
5,0.0,0,0.0,1,1,1,0,0,2,0,0,0,0,0,0,0,gratuito
1,0.0,0,0.0,1,5,1,0,0,0,1,1,1,1,0,0,0,gratuito
1,10000.0,2,1.0,1,3,1,0,0,0,1,1,1,0,0,0,0,alto
1,0.0,0,0.0,0,0,1,0,0,0,0,0,0,0,0,0,0,gratuito
4,75000.0,1058,0.7977315689981096,6,1,1,0,0,0,0,0,0,0,0,1,0,alto
3,10000.0,7,0.7142857142857143,1,1,1,0,0,0,0,0,0,1,0,0,0,medio_alto
1,0.0,0,0.0,0,0,1,0,0,0,0,0,0,0,0,0,0,gratuito
2,10000.0,8,1.0,1,4,1,0,0,0,1,1,0,1,0,0,0,alto
2,10000.0,0,0.0,1,2,1,0,0,0,0,0,0,1,0,0,0,gratuito
1,10000.0,9,1.0,1,2,1,0,0,0,1,0,0,0,0,0,0,alto
1,10000.0,0,0.0,4,2,1,0,0,0,1,1,0,0,0,0,0,medio_alto
5,75000.0,9,0.8888888888888888,2,4,1,0,0,0,1,1,1,0,1,0,0,medio_baixo
1,10000.0,13,1.0,2,4,1,0,0,0,1,1,1,1,0,0,0,baixo
2,10000.0,10,0.9,1,4,1,0,0,0,1,1,0,1,0,0,0,baixo
3,10000.0,0,0.0,1,2,1,0,0,2,1,0,0,1,0,0,0,baixo
19,35000.0,65,0.8307692307692308,1,1,1,0,0,0,0,0,0,1,0,0,0,baixo
5,35000.0,367,0.6975476839237057,1,3,1,0,0,0,0,0,0,1,0,1,0,medio_baixo
3,10000.0,5,0.6,1,2,1,0,0,0,1,0,0,1,0,0,0,medio_baixo
2,10000.0,0,0.0,3,1,1,0,0,0,0,0,1,0,0,0,0,baixo
2,0.0,0,0.0,1,5,1,0,0,0,1,1,0,1,1,0,0,gratuito
3,10000.0,4,1.0,1,4,1,0,0,0,1,0,0,1,1,0,1,baixo
1,10000.0,0,0.0,1,2,1,0,0,0,0,0,0,1,0,0,1,medio_alto
1,10000.0,17,0.8235294117647058,2,5,1,0,0,0,1,0,0,1,1,0,1,medio_baixo
2,35000.0,8,0.625,9,1,1,0,0,0,0,0,1,0,0,0,0,alto
4,10000.0,0,0.0,1,5,1,0,0,0,1,0,1,0,0,0,1,gratuito
2,10000.0,16,0.5,28,4,1,0,0,0,1,0,1,0,1,0,1,alto
7,10000.0,0,0.0,1,3,1,0,0,0,1,0,0,1,0,1,0,medio_baixo
9,10000.0,6,0.3333333333333333,1,1,1,0,0,0,1,0,0,0,0,0,0,medio_alto
1,10000.0,0,0.0,2,2,1,0,0,0,1,0,1,0,0,0,0,medio_alto
10,10000.0,17,0.6470588235294118,17,1,1,1,1,0,1,0,0,0,0,0,0,medio_alto
4,75000.0,1670,0.9005988023952096,14,2,1,0,1,0,0,1,0,0,0,0,0,alto
1,10000.0,0,0.0,2,1,1,0,0,0,0,0,0,1,0,0,0,baixo
1,0.0,0,0.0,9,2,1,0,1,5,0,0,0,0,0,0,1,gratuito
8,10000.0,12,1.0,6,3,1,0,0,0,1,0,0,1,0,1,0,medio_alto
3,0.0,0,0.0,0,0,1,0,0,0,0,0,0,0,0,0,0,gratuito
2,10000.0,1,1.0,1,3,1,0,0,0,1,0,1,1,0,0,0,alto
8,150000.0,112,0.6160714285714286,1,3,1,0,0,0,0,0,0,0,1,0,0,gratuito
7,350000.0,2522,0.8049167327517843,1,4,1,1,0,0,1,0,0,0,0,0,0,gratuito
5,10000.0,53,0.8490566037735849,1,4,1,0,0,0,1,0,0,1,1,0,1,baixo
4,10000.0,15,0.6666666666666666,7,2,1,0,0,0,1,1,0,0,0,0,0,medio_baixo
8,10000.0,11,0.36363636363636365,1,6,1,0,0,0,1,1,1,0,0,1,1,baixo
2,0.0,0,0.0,103,1,1,0,0,0,0,0,0,1,0,0,0,baixo
3,10000.0,7,0.8571428571428571,1,4,1,0,0,0,1,0,1,1,0,1,0,medio_baixo
7,10000.0,1,1.0,1,3,1,0,0,0,1,0,1,1,0,0,0,medio_alto
5,10000.0,10,0.2,1,3,1,0,0,0,1,0,0,1,0,0,0,medio_alto
5,35000.0,26,0.8076923076923077,1,2,1,0,0,0,0,1,0,0,1,0,0,medio_baixo
1,0.0,0,0.0,0,0,1,0,0,0,0,0,0,0,0,0,0,gratuito
3,10000.0,1,1.0,1,1,1,0,0,0,0,1,0,0,0,0,0,medio_alto
5,10000.0,3,0.3333333333333333,1,3,1,0,0,0,1,1,1,0,0,0,0,alto
3,10000.0,13,1.0,1,2,1,0,0,0,1,1,0,0,0,0,0,medio_baixo
11,750000.0,1439,0.5837387074357192,4,4,1,1,1,1,1,0,0,0,0,1,0,gratuito
4,10000.0,54,0.9814814814814815,2,4,1,0,0,0,1,0,1,0,1,0,1,baixo
1,10000.0,21,0.7619047619047619,1,3,1,0,0,0,1,0,0,0,0,1,1,alto
1,0.0,0,0.0,103,2,1,0,0,0,1,0,0,1,0,0,0,baixo
3,10000.0,0,0.0,1,2,1,0,0,0,1,0,1,0,0,0,0,medio_alto
10,10000.0,24,0.75,1,3,1,1,1,0,1,1,1,0,0,0,0,medio_alto
5,10000.0,58,0.896551724137931,1,3,1,0,0,1,1,1,1,0,0,0,0,baixo
6,10000.0,38,0.9473684210526315,8,5,1,0,0,0,1,0,1,1,0,1,1,medio_baixo
4,10000.0,7,1.0,1,2,1,0,0,0,1,0,0,0,1,0,0,medio_alto
7,10000.0,2,1.0,2,2,1,0,0,0,1,0,1,0,0,0,0,baixo
4,0.0,0,0.0,0,0,1,0,0,0,0,0,0,0,0,0,0,gratuito
3,10000.0,107,0.9158878504672897,14,5,1,1,1,0,1,1,0,1,0,0,1,medio_alto
1,10000.0,1,1.0,1,3,1,0,0,0,1,0,0,1,0,1,0,baixo
1,0.0,0,0.0,1,2,1,0,0,0,1,0,0,0,0,0,0,gratuito
3,75000.0,64,0.8125,1,3,1,1,1,0,1,0,0,0,0,1,1,medio_alto
6,75000.0,19,1.0,1,2,1,1,1,1,1,0,0,1,0,0,0,medio_baixo
4,10000.0,1,1.0,2,1,1,0,0,0,0,0,0,1,0,0,0,alto
1,10000.0,0,0.0,5,3,1,0,0,0,1,1,0,0,1,0,0,alto
3,35000.0,233,0.8025751072961373,7,4,1,0,0,0,1,1,1,0,1,0,0,medio_alto
1,10000.0,20,1.0,1,4,1,0,0,0,0,1,0,1,0,1,0,alto
1,10000.0,0,0.0,2,1,1,0,0,0,1,0,0,0,0,0,0,baixo
3,10000.0,0,0.0,2,1,1,0,0,0,0,0,0,0,1,0,0,medio_baixo
4,35000.0,9,0.7777777777777778,1,2,1,0,0,0,1,0,0,0,1,0,0,baixo
1,10000.0,4,0.75,5,3,1,0,0,0,1,0,0,0,0,0,1,baixo
2,0.0,0,0.0,1,3,1,0,0,0,0,0,0,1,0,1,0,gratuito
6,150000.0,569,0.8664323374340949,12,4,1,0,0,1,1,0,0,0,1,1,1,medio_baixo
1,0.0,0,0.0,0,0,1,0,0,0,0,0,0,0,0,0,0,gratuito
4,350000.0,19,0.5263157894736842,1,4,1,0,0,0,1,0,1,0,1,0,1,baixo
3,10000.0,30,0.6333333333333333,2,4,1,0,0,0,1,1,1,0,1,0,0,medio_baixo
1,10000.0,181,0.850828729281768,10,2,1,0,1,0,1,1,0,0,0,0,0,medio_alto
8,10000.0,62,0.3870967741935484,1,3,1,0,0,0,1,0,1,1,0,0,0,baixo
2,10000.0,1,0.0,1,1,1,0,0,0,1,0,0,0,0,0,0,alto
3,0.0,0,0.0,0,0,1,0,0,0,0,0,0,0,0,0,0,gratuito
1,0.0,0,0.0,1,3,1,0,0,0,1,1,1,0,0,0,0,medio_alto
2,10000.0,0,0.0,1,3,1,0,0,0,1,1,0,1,0,0,0,medio_alto
4,10000.0,4,1.0,1,3,1,0,0,0,1,1,0,1,0,0,0,baixo
5,350000.0,2077,0.4612421762156957,8,4,1,0,0,0,1,0,0,0,1,1,1,medio_alto
10,7500000.0,413775,0.9433291039816325,12,1,1,0,0,3,0,1,0,0,0,0,0,alto
8,10000.0,39,0.9230769230769231,4,3,1,1,1,0,1,0,1,0,0,0,1,medio_alto
10,10000.0,60,0.65,5,2,1,1,1,0,1,0,0,0,0,0,0,gratuito
3,10000.0,0,0.0,4,3,1,0,0,1,1,0,0,1,0,0,1,alto
2,10000.0,0,0.0,3,4,1,0,0,0,1,0,1,1,0,0,0,medio_baixo
5,0.0,0,0.0,0,0,1,0,0,0,0,0,0,0,0,0,0,gratuito
1,0.0,0,0.0,1,4,1,0,0,0,1,1,1,0,0,0,0,alto
3,10000.0,31,0.8709677419354839,1,2,1,0,1,0,1,0,0,1,0,0,0,gratuito
5,10000.0,11,1.0,4,2,1,1,0,0,0,0,1,1,0,0,0,medio_alto
1,10000.0,3,1.0,11,3,1,0,0,0,1,1,0,1,0,0,0,medio_alto
4,0.0,0,0.0,1,3,1,0,0,0,0,1,0,1,0,0,0,gratuito
3,10000.0,36,0.6666666666666666,29,5,1,1,1,1,1,1,0,1,1,1,0,medio_baixo
1,10000.0,34,0.9705882352941176,12,5,1,0,0,0,1,1,1,1,0,0,0,baixo
7,10000.0,0,0.0,1,2,1,0,0,0,1,0,0,1,0,0,0,alto
5,10000.0,3,1.0,1,2,1,0,0,0,1,0,0,1,0,0,0,baixo
6,75000.0,956,0.9016736401673641,8,3,1,1,0,0,1,0,1,1,0,0,0,medio_baixo
1,10000.0,3,1.0,1,3,1,0,0,0,1,0,0,1,0,0,0,baixo
3,10000.0,0,0.0,4,2,1,1,1,0,1,0,0,1,0,0,0,medio_alto
3,10000.0,346,0.9219653179190751,5,2,1,1,0,0,1,0,0,0,0,1,0,alto
3,10000.0,77,0.5974025974025974,1,4,1,0,0,0,1,0,1,0,1,0,1,medio_alto
3,10000.0,40,0.45,9,4,1,0,0,0,0,1,1,0,1,0,1,medio_alto
2,10000.0,41,0.975609756097561,4,2,1,0,0,0,1,0,0,1,0,0,0,medio_baixo
4,35000.0,4,1.0,1,3,1,0,0,0,1,0,1,0,1,0,0,medio_baixo
5,10000.0,0,0.0,1,6,1,0,0,0,1,1,1,1,1,0,1,baixo
9,10000.0,207,0.821256038647343,10,2,1,1,0,1,1,0,1,0,0,0,0,medio_baixo
2,350000.0,18452,0.8008887925428138,22,2,1,0,0,4,1,0,0,0,0,0,1,alto
1,10000.0,0,0.0,1,3,1,0,0,0,1,1,0,0,0,1,0,medio_baixo
6,10000.0,8,1.0,1,2,1,1,1,0,1,0,1,0,0,0,0,alto
16,75000.0,61,0.7049180327868853,1,3,1,0,0,0,1,1,0,1,0,0,0,baixo
1,10000.0,197,0.949238578680203,13,3,1,0,0,0,1,0,0,1,0,0,1,alto
2,35000.0,22,0.8181818181818182,5,2,1,0,0,0,1,0,1,0,0,0,0,baixo
5,10000.0,151,0.6821192052980133,6,4,1,0,0,0,1,0,1,1,0,0,0,baixo
8,10000.0,24,0.9166666666666666,1,1,1,0,0,0,1,0,0,0,0,0,0,medio_baixo
5,10000.0,31,0.8387096774193549,2,5,1,0,0,0,1,1,1,0,0,1,1,gratuito
1,0.0,0,0.0,2,5,1,0,0,0,0,1,0,0,1,1,0,gratuito
11,1500000.0,3605,0.6460471567267684,1,6,1,0,0,0,1,1,0,0,0,0,1,baixo
4,10000.0,94,0.8297872340425532,5,2,1,1,0,0,1,0,0,0,0,1,0,alto
6,10000.0,12,0.5833333333333334,1,2,1,1,0,0,1,0,0,1,0,0,0,gratuito
2,10000.0,6,1.0,6,4,1,0,0,0,1,1,0,0,1,0,0,gratuito
4,10000.0,28,0.6785714285714286,1,1,1,0,0,0,0,0,0,0,0,1,0,medio_baixo
8,10000.0,2,0.5,2,1,1,0,0,0,1,0,0,0,0,0,0,medio_alto
6,150000.0,92,0.8369565217391305,1,2,1,0,0,8,0,1,0,0,0,0,0,gratuito
4,0.0,0,0.0,29,2,1,0,0,0,1,1,0,0,0,0,0,gratuito
1,10000.0,0,0.0,1,3,1,0,0,0,0,0,1,1,0,0,1,medio_baixo
3,35000.0,927,0.749730312837109,2,1,1,0,0,1,0,0,0,0,1,0,0,alto
3,10000.0,41,0.926829268292683,4,4,1,0,0,0,1,0,1,1,0,0,1,alto
2,10000.0,2,0.0,7,4,1,0,0,1,0,0,0,1,0,1,1,medio_baixo
2,0.0,0,0.0,0,0,1,0,0,0,0,0,0,0,0,0,0,gratuito
5,10000.0,11,0.8181818181818182,1,2,1,0,0,0,0,0,1,0,0,0,0,gratuito
6,10000.0,2,1.0,3,3,1,0,0,0,1,1,1,0,0,0,0,alto
2,10000.0,28,0.6071428571428571,1,2,1,0,0,0,1,0,0,1,0,0,0,baixo
4,10000.0,27,0.9629629629629629,1,2,1,0,0,0,1,0,0,1,0,0,0,medio_alto
2,0.0,0,0.0,0,0,1,0,0,0,0,0,0,0,0,0,0,gratuito
2,10000.0,4,1.0,1,2,1,0,0,0,1,1,0,0,0,0,0,medio_baixo
9,10000.0,3,0.0,1,3,1,0,0,0,1,1,1,0,0,0,0,medio_baixo
9,150000.0,207,0.4782608695652174,1,4,1,0,0,0,1,1,0,0,0,1,0,baixo
8,10000.0,14,0.7857142857142857,1,5,1,1,0,0,1,1,0,1,0,0,0,gratuito
5,10000.0,0,0.0,4,2,1,0,0,1,1,0,1,0,0,0,0,alto
6,350000.0,7229,0.9546271960160465,14,2,1,0,0,1,1,0,1,0,0,0,0,medio_alto
4,35000.0,2,1.0,1,3,1,0,0,0,1,1,1,0,0,0,0,medio_baixo
10,10000.0,3,1.0,2,4,1,0,0,0,0,1,1,1,0,0,1,alto
3,10000.0,5,0.8,1,3,1,0,0,0,1,1,0,1,0,0,0,baixo
1,0.0,0,0.0,31,5,1,0,0,0,1,1,0,0,1,0,1,gratuito
1,10000.0,0,0.0,1,3,1,1,1,0,0,0,0,0,0,1,1,medio_baixo
1,10000.0,0,0.0,1,4,1,0,0,0,1,0,1,0,1,0,0,alto
1,0.0,0,0.0,2,6,1,0,0,0,1,1,1,1,1,0,1,baixo
4,10000.0,6,0.8333333333333334,2,4,1,0,0,0,1,1,1,1,0,0,0,medio_alto
7,10000.0,0,0.0,2,2,1,0,0,4,1,0,0,1,0,0,0,medio_baixo
1,0.0,0,0.0,0,0,1,0,0,0,0,0,0,0,0,0,0,gratuito
2,10000.0,0,0.0,2,1,1,0,0,0,0,0,1,0,0,0,0,medio_alto
5,10000.0,14,0.5,4,1,1,0,0,0,0,0,0,1,0,0,0,medio_baixo
3,10000.0,448,0.44642857142857145,2,4,1,0,0,1,1,0,1,0,0,0,1,alto
6,35000.0,384,0.7708333333333334,4,2,1,0,0,1,1,0,0,1,0,0,0,baixo
6,10000.0,10,1.0,1,2,1,0,0,0,0,0,1,1,0,0,0,medio_alto
5,10000.0,27,0.7777777777777778,3,1,1,0,0,1,0,0,0,0,1,0,0,alto
2,10000.0,2,1.0,1,3,1,0,0,0,1,0,0,0,1,0,1,alto
1,0.0,0,0.0,2,5,1,0,0,0,0,1,0,0,1,0,1,gratuito
1,10000.0,0,0.0,17,1,1,0,0,0,0,0,1,0,0,0,0,medio_alto
3,10000.0,2,1.0,1,6,1,0,0,0,1,0,0,1,1,1,1,medio_alto
1,10000.0,0,0.0,4,4,1,0,1,0,1,1,1,1,0,0,0,medio_baixo
1,0.0,0,0.0,1,4,1,0,0,0,1,0,0,1,0,0,1,medio_alto
2,35000.0,43,0.9069767441860465,1,3,1,0,0,0,1,1,1,0,0,0,0,baixo
3,10000.0,3,0.0,1,2,1,0,0,0,0,0,1,0,1,0,0,baixo
2,10000.0,0,0.0,2,1,1,0,0,0,0,0,0,1,0,0,0,alto
5,350000.0,54,0.8703703703703703,1,1,1,0,0,1,0,0,0,0,1,0,0,alto
1,0.0,0,0.0,1,2,1,0,0,0,0,0,1,1,0,0,0,medio_alto
9,10000.0,4,0.5,2,1,1,0,0,0,0,0,0,0,0,0,0,medio_alto
2,10000.0,4,0.75,2,2,1,0,0,0,1,0,0,1,0,0,0,alto
1,10000.0,37,0.8918918918918919,9,2,1,0,0,1,1,1,0,0,0,0,0,baixo
8,10000.0,1,1.0,1,4,1,0,0,0,1,1,0,1,0,0,0,medio_baixo
6,10000.0,59,0.9152542372881356,3,2,1,0,0,3,1,0,0,1,0,0,0,baixo
3,10000.0,0,0.0,1,1,1,0,0,0,0,0,0,1,0,0,0,medio_baixo
1,0.0,0,0.0,2,3,1,0,0,0,1,0,0,0,0,0,1,gratuito
3,35000.0,11,0.9090909090909091,4,3,1,0,0,0,1,0,1,0,0,0,0,medio_baixo
5,10000.0,1,0.0,2,3,1,0,0,0,0,0,0,1,0,1,0,alto
5,10000.0,0,0.0,2,5,1,0,0,0,1,0,0,1,1,0,1,baixo
6,150000.0,2505,0.6263473053892216,6,1,1,0,0,0,0,1,0,0,0,0,0,alto
4,10000.0,13,0.23076923076923078,1,4,1,0,0,0,1,0,0,1,0,1,0,baixo
5,10000.0,21,0.8571428571428571,1,2,1,1,1,0,0,0,0,0,0,0,0,alto
3,10000.0,6,0.16666666666666666,1,2,1,0,0,0,0,0,0,1,0,0,0,alto
10,10000.0,18,1.0,1,2,1,1,1,0,0,0,1,1,0,0,0,alto
8,75000.0,77,0.7402597402597403,1,5,1,1,0,0,1,1,0,1,0,0,0,gratuito
4,10000.0,47,0.723404255319149,2,5,1,0,0,0,1,1,0,1,1,0,0,alto
3,10000.0,3,1.0,1,3,1,0,0,0,1,1,0,1,0,0,0,medio_baixo
1,0.0,0,0.0,1,2,1,0,0,0,1,1,0,0,0,0,0,medio_alto
1,10000.0,6,0.5,4,3,1,0,0,0,1,0,0,1,0,0,1,baixo
6,10000.0,103,0.9223300970873787,1,5,1,0,1,0,1,1,1,1,0,0,1,medio_baixo
1,10000.0,0,0.0,1,3,1,0,0,0,1,1,0,1,0,0,0,baixo
1,10000.0,0,0.0,7,2,1,0,0,3,0,0,0,1,0,0,1,alto
5,10000.0,28,0.8214285714285714,29,3,1,0,0,1,1,0,0,1,0,0,1,baixo
3,35000.0,196,0.8010204081632653,4,3,1,0,0,1,1,1,0,1,0,0,0,medio_baixo
3,350000.0,2276,0.8400702987697716,2,5,1,1,1,2,1,0,1,1,1,1,0,alto
9,10000.0,43,0.23255813953488372,5,3,1,0,0,0,1,1,1,0,0,0,0,baixo
2,10000.0,0,0.0,4,3,1,0,0,0,1,1,1,0,0,0,0,baixo
2,0.0,0,0.0,1,2,1,0,0,0,0,0,0,0,0,1,0,gratuito
3,35000.0,2,0.0,1,1,1,0,0,0,0,0,0,0,0,1,0,medio_baixo
11,35000.0,695,0.9280575539568345,1,3,1,0,0,1,0,0,1,1,0,0,1,medio_alto
2,0.0,0,0.0,3,2,1,0,0,0,0,1,0,0,0,0,0,gratuito
9,10000.0,142,0.4507042253521127,1,3,1,1,1,0,1,0,0,0,0,1,1,baixo
5,10000.0,18,0.7777777777777778,8,2,1,0,1,0,1,0,0,1,0,0,0,medio_baixo
1,10000.0,2,1.0,1,3,1,0,0,1,1,1,0,0,0,0,1,alto
2,10000.0,27,0.5555555555555556,5,1,1,0,0,0,1,0,0,0,0,0,0,baixo
4,10000.0,15,1.0,2,5,1,0,0,0,1,0,1,1,0,1,1,baixo
1,10000.0,0,0.0,6,3,1,0,0,0,1,0,0,1,0,0,1,alto
10,150000.0,680,0.6882352941176471,6,1,1,0,0,0,0,1,0,0,0,0,0,medio_baixo
3,10000.0,33,0.9393939393939394,1,4,1,0,0,0,1,1,1,1,0,0,0,medio_alto
4,10000.0,37,0.8108108108108109,5,3,1,0,0,1,0,1,0,0,0,1,0,gratuito
4,0.0,0,0.0,8,3,1,0,0,0,0,0,0,0,0,1,1,gratuito
12,35000.0,18,0.2777777777777778,1,1,1,0,0,0,0,0,0,1,0,0,0,baixo
10,75000.0,234,0.5512820512820513,1,1,1,0,0,0,0,0,0,0,1,0,0,baixo
1,0.0,0,0.0,1,5,1,1,1,0,1,1,1,1,0,0,0,gratuito
2,10000.0,1,1.0,1,2,1,0,0,0,1,0,0,1,0,0,0,medio_baixo
8,35000.0,102,0.8235294117647058,2,4,1,0,0,0,1,1,1,0,0,0,0,gratuito
7,10000.0,9,1.0,1,4,1,0,0,0,1,1,0,1,0,0,0,baixo
10,35000.0,291,0.9484536082474226,5,2,1,1,1,2,1,0,1,0,0,0,0,alto
1,10000.0,0,0.0,7,5,1,0,0,0,1,1,1,0,0,0,1,alto
6,10000.0,225,0.8666666666666667,1,4,1,1,0,1,1,0,1,1,1,0,0,medio_baixo
2,10000.0,0,0.0,1,3,1,0,0,0,1,0,0,1,0,0,0,baixo
8,10000.0,17,0.5882352941176471,3,5,1,0,0,0,1,1,1,1,0,1,0,medio_alto
11,150000.0,95,0.6526315789473685,1,4,1,0,0,0,1,0,1,1,1,0,0,baixo
6,35000.0,56,0.5714285714285714,2,6,1,1,0,0,1,0,0,1,1,1,1,gratuito
4,0.0,0,0.0,1,4,1,1,0,0,1,0,0,1,0,0,1,gratuito
2,0.0,0,0.0,0,0,1,0,0,0,0,0,0,0,0,0,0,gratuito
4,10000.0,18,0.9444444444444444,3,3,1,0,0,0,0,0,1,0,1,1,0,medio_alto
5,75000.0,284,0.9577464788732394,11,1,1,1,1,2,1,0,0,0,0,0,0,medio_alto
11,35000.0,68,0.5,4,3,1,0,0,0,1,1,1,0,0,0,0,baixo
3,0.0,0,0.0,0,0,1,0,0,0,0,0,0,0,0,0,0,gratuito
3,0.0,0,0.0,0,0,1,0,0,0,0,0,0,0,0,0,0,gratuito
1,0.0,0,0.0,0,0,1,0,0,0,0,0,0,0,0,0,0,gratuito
4,10000.0,11,1.0,3,5,1,0,0,0,1,0,1,1,1,1,0,medio_baixo
7,10000.0,1,1.0,1,5,1,0,0,0,1,1,1,1,1,0,0,baixo
2,10000.0,5,0.0,1,4,1,0,0,0,1,1,0,1,0,0,0,alto
2,10000.0,0,0.0,2,1,1,0,0,0,1,0,0,0,0,0,0,medio_baixo
6,35000.0,339,0.8938053097345132,1,2,1,0,0,1,1,0,0,1,0,0,0,medio_baixo
9,10000.0,43,0.27906976744186046,1,3,1,0,0,0,1,0,0,0,0,0,0,baixo
9,35000.0,31,0.5806451612903226,2,3,1,0,0,0,1,0,1,1,0,0,0,medio_baixo
4,10000.0,10,0.9,2,3,1,0,0,0,1,0,0,0,0,0,1,alto
9,150000.0,384,0.5104166666666666,12,5,1,0,0,0,0,0,0,1,0,1,0,gratuito
5,10000.0,2,1.0,2,3,1,0,0,0,1,0,1,1,0,0,0,medio_alto
2,10000.0,8,0.5,11,2,1,0,0,0,0,0,1,1,0,0,0,baixo
1,10000.0,11,1.0,1,4,1,0,0,0,1,1,1,0,0,0,1,medio_alto
5,10000.0,5,0.4,1,1,1,0,0,0,1,0,0,0,0,0,0,baixo
2,10000.0,0,0.0,1,1,1,0,0,0,0,0,0,0,0,0,0,medio_alto
7,10000.0,25,0.76,1,2,1,0,0,0,0,0,1,1,0,0,0,medio_alto
3,10000.0,8,0.875,2,3,1,1,1,0,1,0,0,1,0,1,0,medio_baixo
3,10000.0,4,1.0,1,2,1,0,1,0,1,0,0,1,0,0,0,baixo
1,0.0,0,0.0,8,1,1,0,0,0,0,0,0,1,0,0,0,medio_alto
9,10000.0,50,0.38,1,2,1,0,0,0,1,0,1,0,0,0,0,gratuito
2,10000.0,0,0.0,1,3,1,0,0,0,1,0,0,1,0,0,1,baixo
8,10000.0,99,0.8686868686868687,2,3,1,1,1,0,1,0,0,0,1,1,0,medio_alto
9,35000.0,71,0.36619718309859156,1,5,1,0,0,0,1,1,1,1,0,1,0,baixo
6,10000.0,8,0.375,2,3,1,0,0,0,1,1,1,0,0,0,0,baixo
5,35000.0,31,0.9032258064516129,1,1,1,1,1,1,0,0,0,0,1,0,0,medio_baixo
1,10000.0,0,0.0,12,2,1,0,0,4,0,1,0,0,1,0,0,alto
8,10000.0,7,0.5714285714285714,2,2,1,0,0,0,0,1,0,1,0,0,0,alto
3,10000.0,1,1.0,1,1,1,0,0,0,0,0,0,0,0,1,0,medio_alto
2,10000.0,0,0.0,3,3,1,0,0,0,1,0,0,1,0,0,1,medio_baixo
5,35000.0,10,0.8,1,2,1,0,1,1,0,1,1,0,0,0,0,baixo
2,0.0,0,0.0,0,0,1,0,0,0,0,0,0,0,0,0,0,gratuito
6,150000.0,13,0.6153846153846154,2,2,1,0,0,0,0,0,0,0,0,1,0,gratuito
1,0.0,0,0.0,2,3,1,0,0,0,1,0,0,1,0,1,0,alto
7,10000.0,8,0.625,1,5,1,0,0,1,1,1,1,1,0,0,0,baixo
2,150000.0,1768,0.7929864253393665,5,3,1,0,0,0,0,0,1,0,1,1,0,medio_baixo
2,0.0,0,0.0,1,3,1,0,0,0,1,0,1,1,0,0,0,gratuito
1,10000.0,19,1.0,1,4,1,0,0,0,1,1,1,1,0,0,0,medio_alto
8,10000.0,45,0.8,3,2,1,1,0,0,0,0,1,0,0,1,0,baixo
10,750000.0,172,0.3081395348837209,1,4,1,0,0,0,0,1,0,1,0,1,0,baixo
2,10000.0,14,1.0,3,3,1,0,0,0,1,1,0,1,0,0,0,alto
3,150000.0,941,0.9309245483528161,1,3,1,0,0,0,1,0,0,1,0,0,1,medio_alto
6,10000.0,103,0.8155339805825242,5,2,1,0,0,0,0,0,0,0,0,0,1,alto
7,1500000.0,31309,0.9621833977450573,4,3,1,1,0,3,1,0,0,0,1,0,1,medio_baixo
7,10000.0,85,0.6823529411764706,10,4,1,0,0,0,0,0,1,1,0,0,1,alto
5,75000.0,6,0.6666666666666666,1,1,1,0,0,0,1,0,0,0,0,0,0,baixo
3,350000.0,6486,0.9498920752389762,7,2,1,0,0,3,1,1,0,0,0,0,0,alto
3,10000.0,181,0.9060773480662984,1,4,1,0,0,1,1,0,1,1,1,0,0,medio_alto
3,10000.0,45,0.7777777777777778,4,1,1,0,0,0,1,0,0,0,0,0,0,medio_baixo
2,0.0,0,0.0,2,0,1,0,0,0,0,0,0,0,0,0,0,gratuito
10,10000.0,55,0.6727272727272727,1,3,1,0,0,0,1,0,0,1,0,1,0,gratuito
3,75000.0,825,0.6387878787878788,10,4,1,0,0,2,1,1,1,0,1,0,0,medio_baixo
9,10000.0,9,1.0,1,2,1,0,0,0,0,0,0,0,0,0,0,alto
8,10000.0,27,0.8148148148148148,1,4,1,0,0,0,1,1,0,0,0,1,0,baixo
7,10000.0,90,0.6222222222222222,14,2,1,0,0,0,0,0,1,0,0,0,0,medio_alto
1,10000.0,28,0.8928571428571429,4,1,1,0,0,0,0,0,1,0,0,0,0,medio_alto
11,10000.0,153,0.5032679738562091,1,5,1,0,0,0,1,1,1,0,1,0,0,alto
5,75000.0,671,0.7391952309985097,4,5,1,1,0,0,1,0,1,1,1,1,0,medio_baixo
7,10000.0,9,0.7777777777777778,1,4,1,0,0,1,1,1,1,0,1,0,0,medio_baixo
1,0.0,0,0.0,1,2,1,0,0,0,0,1,0,0,0,0,0,gratuito
5,1500000.0,54901,0.9329156117374912,11,2,1,1,1,2,1,1,0,0,0,0,0,alto
8,10000.0,4,1.0,1,1,1,0,0,0,0,0,0,0,0,0,1,alto
1,0.0,0,0.0,0,0,1,0,0,0,0,0,0,0,0,0,0,gratuito
6,10000.0,10,0.9,1,3,1,0,0,0,1,0,0,0,0,0,1,gratuito
1,10000.0,0,0.0,1,4,1,0,0,0,1,0,0,1,0,1,1,medio_alto
4,0.0,0,0.0,1,1,1,0,0,0,1,0,0,0,0,0,0,gratuito
7,10000.0,5,0.2,4,2,1,0,0,0,1,0,1,0,0,0,0,baixo
8,35000.0,97,0.6494845360824743,1,3,1,1,1,1,1,0,0,1,0,0,0,gratuito
2,0.0,0,0.0,1,3,1,0,0,0,1,0,0,1,0,0,0,gratuito
1,0.0,0,0.0,0,0,1,0,0,0,0,0,0,0,0,0,0,gratuito
9,35000.0,115,0.1826086956521739,1,3,1,1,1,0,1,0,0,1,0,1,0,baixo
9,10000.0,3,0.3333333333333333,1,1,1,1,1,0,0,1,0,0,0,0,0,medio_alto
7,350000.0,1670,0.862874251497006,11,3,1,1,1,0,1,1,0,0,0,0,0,gratuito
4,10000.0,13,0.5384615384615384,1,2,1,1,0,0,1,0,0,1,0,0,0,medio_alto
10,35000.0,67,0.4626865671641791,5,1,1,0,0,0,0,0,0,1,0,0,0,medio_baixo
1,10000.0,0,0.0,1,6,1,0,0,0,1,1,1,1,1,0,1,baixo
2,75000.0,46,0.9565217391304348,5,5,1,0,0,2,1,1,1,0,1,0,0,medio_baixo
2,10000.0,14,1.0,7,2,1,0,0,0,1,1,0,0,0,0,0,medio_alto
3,10000.0,344,0.875,13,4,1,1,1,1,1,0,0,1,0,0,1,alto
2,10000.0,19,1.0,2,3,1,0,0,0,1,1,1,0,0,0,0,medio_alto
5,0.0,0,0.0,1,2,1,0,0,0,1,0,1,0,0,0,0,gratuito
8,10000.0,73,0.6438356164383562,103,5,1,0,0,0,1,0,1,1,0,1,1,baixo
2,0.0,0,0.0,0,0,1,0,0,0,0,0,0,0,0,0,0,gratuito
9,10000.0,23,0.6086956521739131,1,1,1,0,0,0,1,0,0,0,0,0,0,medio_alto
1,10000.0,48,0.9166666666666666,12,2,1,1,1,0,0,0,0,0,0,1,0,medio_baixo
5,10000.0,26,0.8461538461538461,1,1,1,0,0,0,0,1,0,0,0,0,0,medio_alto
10,3500000.0,46686,0.884847705950392,7,3,1,0,0,1,0,1,1,0,1,0,0,medio_alto
7,10000.0,49,0.6122448979591837,1,2,1,0,0,1,0,0,1,1,0,0,0,gratuito
2,150000.0,1,1.0,1,1,1,0,0,0,0,0,1,0,0,0,0,baixo
6,10000.0,107,0.8785046728971962,103,2,1,0,0,5,1,0,0,1,0,0,0,alto
7,10000.0,160,0.59375,7,3,1,0,0,0,1,1,0,0,1,0,0,alto
1,10000.0,68,0.6617647058823529,1,4,1,0,0,0,1,1,1,0,0,0,1,alto
5,35000.0,44,0.38636363636363635,7,2,1,1,0,0,0,0,1,0,0,0,0,medio_baixo
6,10000.0,289,0.671280276816609,1,4,1,0,0,0,1,1,0,0,0,0,1,medio_alto
2,0.0,0,0.0,0,0,1,0,0,0,0,0,0,0,0,0,0,gratuito
9,750000.0,9829,0.9211516939668328,4,1,1,0,0,5,0,0,1,0,0,0,0,alto
6,35000.0,4,0.5,1,2,1,0,0,0,0,0,0,0,0,0,0,medio_baixo
5,10000.0,300,0.9566666666666667,1,5,1,1,0,0,1,0,0,1,0,1,1,alto
2,35000.0,77,0.7402597402597403,9,3,1,0,0,0,1,0,0,1,0,0,1,alto
7,10000.0,6,0.16666666666666666,3,1,1,0,0,0,0,0,0,0,0,0,1,medio_baixo
4,0.0,0,0.0,0,0,1,0,0,0,0,0,0,0,0,0,0,gratuito
3,35000.0,150,0.92,3,1,1,0,0,0,0,0,1,0,0,0,0,alto
6,10000.0,149,0.3691275167785235,1,3,1,0,0,1,1,1,1,0,0,0,0,medio_baixo
1,0.0,0,0.0,2,1,1,0,0,0,0,0,0,1,0,0,0,alto
10,75000.0,56,0.6607142857142857,1,4,1,0,0,0,1,1,0,1,0,1,0,medio_baixo
3,10000.0,28,0.2857142857142857,9,4,1,0,0,0,0,1,1,0,1,0,1,medio_alto
8,10000.0,0,0.0,1,4,1,0,0,0,1,1,0,1,0,0,0,medio_alto
3,10000.0,2,0.5,1,2,1,0,0,0,0,0,0,1,0,1,0,medio_alto
2,0.0,0,0.0,0,0,1,0,0,0,0,0,0,0,0,0,0,gratuito
3,10000.0,5,1.0,1,2,1,0,0,0,1,0,0,0,1,0,0,medio_alto
2,10000.0,96,0.875,7,3,1,0,0,0,0,0,1,1,0,1,0,baixo
1,35000.0,16,0.625,6,4,1,0,0,0,1,0,1,0,1,0,1,baixo
5,10000.0,25,0.52,6,7,1,0,0,2,1,1,1,1,1,0,1,medio_alto
10,1500000.0,168,0.5952380952380952,1,2,1,1,0,0,1,0,0,1,0,0,0,baixo
7,10000.0,37,0.4594594594594595,6,1,1,0,0,0,0,0,0,0,0,0,0,alto
7,35000.0,46,0.9130434782608695,1,2,1,0,0,0,0,0,1,1,0,0,0,medio_baixo
3,10000.0,173,0.8901734104046243,7,3,1,0,0,2,1,0,1,0,1,0,0,medio_alto
2,0.0,0,0.0,1,4,1,0,0,0,0,1,1,0,1,0,0,gratuito
2,0.0,0,0.0,0,0,1,0,0,0,0,0,0,0,0,0,0,gratuito
4,750000.0,12952,0.9460315009264978,9,4,1,0,0,3,1,0,1,0,1,1,0,medio_alto
2,10000.0,11,1.0,1,1,1,1,1,1,0,0,0,1,0,0,0,medio_alto
8,10000.0,18,0.6111111111111112,1,3,1,0,0,0,0,0,0,1,0,0,0,gratuito
10,10000.0,16,0.75,1,4,1,0,0,0,1,1,1,0,1,0,0,baixo
7,10000.0,3,0.3333333333333333,1,2,1,0,0,0,1,1,0,0,0,0,0,baixo
2,10000.0,27,0.8148148148148148,2,5,1,0,0,0,1,1,1,0,1,0,1,baixo
5,10000.0,0,0.0,3,5,1,0,0,2,0,1,0,1,1,0,1,baixo
9,10000.0,34,0.9705882352941176,1,2,1,0,0,0,1,0,0,1,0,0,0,medio_baixo
2,10000.0,34,1.0,1,3,1,0,0,0,1,0,1,0,0,0,0,medio_baixo
3,10000.0,1,1.0,1,2,1,0,0,0,1,0,0,0,0,0,1,baixo
8,10000.0,0,0.0,7,1,1,0,0,0,1,0,0,0,0,0,0,gratuito
4,10000.0,6,0.5,4,1,1,0,0,0,0,0,0,1,0,0,0,medio_alto
2,35000.0,71,0.7746478873239436,1,3,1,0,0,0,1,1,0,0,0,0,1,gratuito
5,10000.0,2,0.0,1,3,1,0,0,0,1,0,0,1,0,1,0,baixo
1,0.0,0,0.0,0,0,1,0,0,0,0,0,0,0,0,0,0,gratuito
1,0.0,0,0.0,0,0,1,0,0,0,0,0,0,0,0,0,0,gratuito
1,10000.0,13,0.9230769230769231,2,3,1,1,0,0,1,0,1,1,0,0,0,medio_baixo
2,0.0,0,0.0,0,0,1,0,0,0,0,0,0,0,0,0,0,gratuito
1,10000.0,75,0.9733333333333334,1,4,1,0,0,0,1,0,0,0,0,0,1,medio_alto
4,75000.0,229,0.7292576419213974,7,4,1,0,0,1,1,1,1,1,0,0,0,medio_baixo
1,10000.0,0,0.0,2,4,1,0,0,0,1,0,1,0,0,0,1,medio_alto
5,35000.0,136,0.5441176470588235,8,2,1,0,0,0,0,0,1,0,0,0,1,baixo
7,10000.0,32,0.6875,2,3,1,0,0,0,1,1,1,0,0,0,0,gratuito
8,10000.0,1,0.0,1,2,1,0,0,0,1,0,0,1,0,0,0,baixo
5,35000.0,9,0.7777777777777778,1,5,1,1,1,0,1,1,1,0,1,1,0,gratuito
5,10000.0,110,0.6818181818181818,3,3,1,0,0,0,0,1,1,1,0,0,0,gratuito
6,10000.0,16,0.3125,1,2,1,1,0,0,1,0,0,0,0,1,0,baixo
5,35000.0,104,0.9711538461538461,1,5,1,0,0,0,1,1,1,1,0,0,0,gratuito
2,10000.0,4,1.0,1,2,1,0,0,0,1,0,0,1,0,0,0,baixo
7,750000.0,12617,0.9591820559562495,18,4,1,0,0,12,1,0,0,1,0,0,1,alto
5,10000.0,17,1.0,1,2,1,0,0,0,1,1,0,0,0,0,0,baixo
2,0.0,0,0.0,0,0,1,0,0,0,0,0,0,0,0,0,0,gratuito
6,10000.0,6,0.3333333333333333,5,5,1,0,0,0,1,1,1,0,1,0,1,alto
6,750000.0,3922,0.901580826109128,3,3,1,0,0,0,1,0,0,1,0,1,0,baixo
3,10000.0,5,0.8,1,4,1,0,0,0,1,1,0,1,0,0,0,medio_baixo
7,10000.0,14,0.5714285714285714,2,2,1,0,0,0,1,0,0,0,0,1,0,baixo
8,10000.0,9,0.8888888888888888,1,2,1,0,0,0,0,0,1,1,0,0,0,medio_alto
6,35000.0,1373,0.942461762563729,7,2,1,0,0,1,1,0,1,0,0,0,0,medio_baixo
5,10000.0,4,1.0,2,1,1,0,0,0,1,0,0,0,0,0,0,medio_baixo
2,0.0,0,0.0,1,4,1,0,0,0,1,1,1,0,0,0,0,gratuito
5,35000.0,74,0.8648648648648649,7,2,1,0,1,1,1,0,1,0,0,0,0,medio_baixo
4,10000.0,13,1.0,1,1,1,0,0,0,1,0,0,0,0,0,0,baixo
2,10000.0,4,1.0,4,2,1,0,0,0,1,1,0,0,0,0,0,medio_baixo
7,10000.0,349,0.9083094555873925,11,3,1,0,0,0,1,0,1,1,0,0,0,baixo
1,0.0,0,0.0,3,4,1,0,0,0,1,1,1,0,1,0,0,medio_alto
9,10000.0,2,0.0,1,3,1,0,0,0,1,1,1,0,0,0,0,medio_baixo
4,10000.0,28,0.8214285714285714,5,3,1,1,0,1,1,1,1,0,0,0,0,medio_alto
3,10000.0,0,0.0,1,4,1,0,1,0,1,0,1,0,1,1,0,alto
9,10000.0,32,0.53125,12,4,1,1,1,0,1,0,0,1,0,0,1,alto
2,10000.0,1,0.0,1,2,1,0,0,0,0,0,0,1,1,0,0,medio_alto
6,350000.0,1692,0.8847517730496454,10,4,1,0,0,1,1,1,0,1,1,0,0,medio_baixo
3,10000.0,11,1.0,1,3,1,1,0,0,1,0,1,1,0,0,0,baixo
1,150000.0,761,0.5913272010512484,1,2,1,0,0,0,0,0,0,1,0,0,1,alto
13,150000.0,2303,0.9014329135909683,10,4,1,1,1,0,1,1,0,1,1,0,0,medio_baixo
4,10000.0,14,1.0,1,2,1,0,0,0,0,1,0,1,0,0,0,baixo
7,150000.0,832,0.8064903846153846,4,2,1,0,0,1,1,0,1,0,0,0,0,baixo
2,10000.0,220,0.7045454545454546,6,3,1,0,0,2,1,1,1,0,0,0,0,medio_alto
1,10000.0,0,0.0,1,3,1,0,0,0,1,0,1,1,0,0,0,medio_baixo
7,10000.0,11,0.6363636363636364,1,3,1,0,0,0,1,0,1,1,0,0,0,medio_baixo
5,35000.0,891,0.8787878787878788,1,5,1,0,0,2,1,1,0,0,0,1,1,alto
1,0.0,0,0.0,0,0,1,0,0,0,0,0,0,0,0,0,0,gratuito
1,0.0,0,0.0,6,3,1,0,0,0,1,0,1,0,1,0,0,alto
6,10000.0,230,0.6826086956521739,14,4,1,0,0,2,0,1,0,0,0,0,1,medio_alto
9,10000.0,68,0.8823529411764706,1,1,1,0,0,1,1,0,0,0,0,0,0,alto
1,10000.0,0,0.0,5,5,1,0,0,0,1,0,0,1,0,1,0,gratuito
1,0.0,0,0.0,2,3,1,0,0,0,1,0,1,0,0,0,0,gratuito
4,0.0,0,0.0,1,1,1,0,0,0,0,0,0,0,0,0,0,gratuito
3,0.0,0,0.0,0,0,1,0,0,0,0,0,0,0,0,0,0,gratuito
1,0.0,0,0.0,1,4,1,1,0,0,1,1,0,0,1,0,0,gratuito
1,0.0,0,0.0,1,1,1,0,0,0,0,0,0,1,0,0,0,baixo
6,10000.0,28,1.0,1,2,1,0,0,0,1,0,0,1,0,0,0,baixo
2,0.0,0,0.0,0,0,1,0,0,0,0,0,0,0,0,0,0,gratuito
7,10000.0,1,1.0,2,3,1,0,0,0,1,0,1,0,1,0,0,baixo
2,0.0,0,0.0,0,0,1,0,0,0,0,0,0,0,0,0,0,gratuito
1,10000.0,1,1.0,2,2,1,0,0,0,0,0,0,1,0,1,0,medio_baixo
2,10000.0,5,0.2,3,1,1,0,0,0,0,0,0,1,0,0,0,baixo
17,35000.0,225,0.9022222222222223,1,1,1,0,0,0,0,0,1,0,0,0,0,medio_alto
3,10000.0,30,0.8666666666666667,6,3,1,0,0,0,1,0,0,1,0,0,1,medio_alto
1,10000.0,0,0.0,1,2,1,1,0,0,1,1,0,0,0,0,0,medio_baixo
9,10000.0,26,0.9230769230769231,1,3,1,1,1,0,1,0,1,0,1,0,0,medio_alto
3,0.0,0,0.0,0,0,1,0,0,0,0,0,0,0,0,0,0,gratuito
7,10000.0,20,0.35,1,2,1,0,0,0,0,1,0,0,0,0,1,medio_baixo
1,10000.0,0,0.0,1,3,1,0,0,0,0,1,1,0,1,0,0,medio_baixo
5,10000.0,1,0.0,1,4,1,1,0,0,1,0,1,1,0,0,0,medio_baixo
8,10000.0,1,1.0,1,2,1,0,0,0,1,0,0,1,0,0,0,medio_baixo
3,10000.0,2,0.5,1,3,1,0,0,0,0,1,0,1,0,0,0,baixo
3,10000.0,0,0.0,1,3,1,1,1,0,1,0,0,1,0,0,1,baixo
2,10000.0,39,1.0,2,1,1,0,0,0,0,0,1,0,0,0,0,medio_alto
11,10000.0,25,0.48,5,2,1,1,1,0,1,1,0,0,0,0,0,alto
1,0.0,0,0.0,3,3,1,0,0,0,1,1,0,0,0,0,0,medio_baixo
2,0.0,0,0.0,0,0,1,0,0,0,0,0,0,0,0,0,0,gratuito
5,35000.0,14,0.9285714285714286,2,3,1,0,0,0,1,1,0,0,0,1,0,medio_baixo
5,10000.0,21,0.7142857142857143,1,3,1,0,0,0,1,0,0,1,0,0,0,baixo
6,10000.0,21,0.6190476190476191,1,2,1,0,0,1,0,0,0,0,0,0,0,gratuito
3,10000.0,0,0.0,1,4,1,0,0,0,1,0,0,0,0,1,1,alto
4,10000.0,35,0.8857142857142857,2,3,1,0,0,0,1,0,0,1,0,0,1,baixo
4,75000.0,705,0.9333333333333333,9,3,1,0,0,1,1,1,0,0,1,0,0,alto
5,10000.0,0,0.0,2,3,1,0,0,0,1,0,0,1,0,0,1,medio_baixo
1,0.0,0,0.0,1,2,1,0,0,0,1,0,1,0,0,0,0,medio_baixo
9,10000.0,11,0.9090909090909091,11,2,1,1,0,1,1,1,0,0,0,0,0,medio_baixo
1,0.0,0,0.0,1,1,1,0,0,0,0,0,0,0,0,0,0,gratuito
9,10000.0,16,0.875,6,3,1,0,0,0,1,0,0,1,0,1,0,baixo
1,10000.0,1,1.0,1,1,1,0,0,0,0,0,0,1,0,0,0,medio_baixo
3,0.0,0,0.0,0,0,1,0,0,0,0,0,0,0,0,0,0,gratuito
5,35000.0,44,0.7954545454545454,1,4,1,0,1,1,1,1,1,0,0,0,0,gratuito
1,0.0,0,0.0,12,6,1,0,0,1,1,1,1,1,0,0,1,gratuito
2,10000.0,3,0.6666666666666666,1,1,1,0,0,0,0,0,0,0,0,1,0,medio_baixo
6,35000.0,545,0.8880733944954129,1,3,1,0,0,0,1,1,1,0,0,0,0,medio_baixo
2,10000.0,4,0.5,2,4,1,0,0,0,1,1,1,0,0,1,0,alto
5,350000.0,4891,0.8082191780821918,14,6,1,1,0,3,1,1,1,1,1,0,1,medio_alto
7,350000.0,4519,0.8588183226377517,7,3,1,0,0,0,1,1,1,0,0,0,0,medio_alto
8,10000.0,11,0.6363636363636364,4,2,1,0,0,0,1,1,0,0,0,0,0,baixo
1,10000.0,0,0.0,28,2,1,1,1,0,1,0,0,0,0,0,1,baixo
7,10000.0,37,0.4864864864864865,1,3,1,0,0,0,1,1,1,0,0,0,0,baixo
3,10000.0,20,0.95,1,2,1,1,1,1,1,0,1,0,0,0,0,medio_alto
2,10000.0,2,0.5,8,4,1,0,0,0,1,0,1,1,1,0,0,medio_baixo
5,10000.0,3,0.3333333333333333,2,2,1,0,0,0,1,0,0,1,0,0,0,medio_baixo
2,10000.0,94,0.6595744680851063,15,2,1,0,0,1,1,0,0,1,0,0,0,baixo
6,150000.0,132,0.9696969696969697,8,2,1,1,0,0,1,0,1,0,0,0,0,medio_baixo
10,7500000.0,342150,0.8919129036972089,10,2,1,1,1,26,0,0,0,0,0,1,1,alto
7,10000.0,6,0.8333333333333334,1,2,1,0,0,0,1,0,0,0,1,0,0,gratuito
4,10000.0,3,0.6666666666666666,4,3,1,0,0,0,1,1,0,1,0,0,0,medio_alto
2,10000.0,2,1.0,1,4,1,0,0,0,1,1,1,0,1,0,0,alto
3,10000.0,41,0.8292682926829268,1,1,1,0,0,0,0,0,0,0,0,0,1,alto
6,10000.0,30,0.8666666666666667,1,3,1,0,0,0,1,0,1,0,0,1,0,baixo
2,10000.0,8,0.75,6,2,1,0,1,0,1,1,0,0,0,0,0,baixo
4,0.0,0,0.0,0,0,1,0,0,0,0,0,0,0,0,0,0,gratuito
3,75000.0,20,0.55,3,2,1,0,0,0,1,0,1,0,0,0,0,gratuito
5,10000.0,3,1.0,2,3,1,1,1,0,0,1,1,0,0,1,0,medio_baixo
10,75000.0,164,0.6585365853658537,1,5,1,0,0,0,1,1,1,1,1,0,0,baixo
2,10000.0,36,0.7777777777777778,11,2,1,0,0,0,1,0,1,0,0,0,0,baixo
10,35000.0,70,0.8428571428571429,1,2,1,1,1,1,1,0,1,0,0,0,0,medio_alto
4,10000.0,39,0.5897435897435898,103,6,1,1,1,0,1,1,1,1,0,1,1,alto
2,0.0,0,0.0,0,0,1,0,0,0,0,0,0,0,0,0,0,gratuito
1,10000.0,10,1.0,2,2,1,0,0,0,1,0,0,0,0,1,0,medio_baixo
5,35000.0,484,0.871900826446281,4,2,1,0,0,5,0,0,0,0,0,1,1,alto
8,10000.0,29,0.7586206896551724,1,5,1,0,0,0,1,1,1,1,0,0,0,gratuito
3,35000.0,32,0.875,3,5,1,0,0,0,1,1,1,1,0,0,1,baixo
3,35000.0,2,0.5,1,2,1,0,0,0,1,0,0,0,1,0,0,medio_baixo
2,10000.0,0,0.0,9,3,1,0,0,6,0,0,1,1,1,0,0,alto
5,0.0,0,0.0,1,3,1,1,1,1,1,0,0,0,1,0,0,gratuito
5,0.0,0,0.0,1,5,1,1,0,0,1,0,1,1,0,0,0,gratuito
1,10000.0,8,1.0,12,2,1,0,0,0,1,1,0,0,0,0,0,medio_baixo
7,10000.0,125,0.728,1,6,1,0,0,1,1,1,1,1,0,1,1,medio_alto
3,10000.0,10,0.8,103,4,1,0,0,0,1,1,1,0,1,0,0,medio_baixo
5,35000.0,160,0.975,2,2,1,0,1,0,0,0,1,1,0,0,0,baixo
2,10000.0,4,1.0,1,3,1,0,0,0,1,1,0,0,0,0,0,baixo
2,10000.0,8,1.0,8,2,1,0,0,0,0,0,0,1,0,0,0,gratuito
9,10000.0,297,0.7508417508417509,3,4,1,0,0,0,0,0,1,0,0,0,1,alto
1,10000.0,0,0.0,1,2,1,0,0,0,1,1,0,0,0,0,0,medio_baixo
13,0.0,0,0.0,23,2,1,0,0,0,1,1,0,0,0,0,0,medio_alto
2,10000.0,120,0.85,8,3,1,1,1,2,1,1,1,0,0,0,0,alto
1,10000.0,0,0.0,1,4,1,1,1,0,1,0,0,1,1,0,0,alto
6,10000.0,41,0.6829268292682927,1,2,1,0,0,0,1,1,0,0,0,0,0,alto
1,10000.0,0,0.0,1,3,1,0,0,0,1,1,1,0,0,0,0,baixo
3,10000.0,0,0.0,1,1,1,0,0,0,0,0,0,1,0,0,0,alto
1,0.0,0,0.0,11,3,1,0,0,0,1,0,0,1,0,0,1,medio_alto
1,0.0,0,0.0,1,2,1,0,0,0,1,0,0,0,0,0,1,alto
8,10000.0,25,0.4,1,3,1,0,0,0,1,0,0,0,0,0,1,medio_alto
1,0.0,0,0.0,0,0,1,0,0,0,0,0,0,0,0,0,0,gratuito
3,10000.0,4,1.0,1,1,1,1,0,0,0,0,0,1,0,0,0,medio_alto
3,10000.0,6,0.8333333333333334,2,4,1,0,0,0,1,1,1,0,0,0,1,alto
6,10000.0,33,0.9393939393939394,11,1,1,1,1,0,1,0,0,0,0,0,0,gratuito
1,0.0,0,0.0,4,2,1,0,0,0,0,0,1,1,0,0,0,alto
4,10000.0,10,0.8,1,3,1,0,0,0,0,1,0,0,0,0,1,alto
2,10000.0,5,1.0,1,2,1,0,0,0,0,1,0,0,0,1,0,medio_baixo
4,10000.0,0,0.0,1,3,1,0,0,0,1,0,0,1,0,0,1,medio_baixo
6,35000.0,106,0.8584905660377359,1,2,1,0,0,1,0,0,1,0,0,0,0,gratuito
1,10000.0,2,1.0,13,3,1,0,0,0,1,0,1,1,0,0,0,medio_baixo
7,10000.0,158,0.5126582278481012,1,2,1,1,1,0,1,1,0,0,0,0,0,baixo
3,10000.0,11,1.0,1,2,1,1,1,0,1,0,1,0,0,0,0,alto
2,10000.0,270,0.9259259259259259,7,3,1,0,0,1,1,1,1,0,0,0,0,alto
4,10000.0,3,1.0,1,2,1,0,0,0,0,0,0,1,1,0,0,baixo
2,7500000.0,162585,0.8287295876003321,17,3,1,0,0,19,0,1,1,0,1,0,0,alto
5,10000.0,0,0.0,29,3,1,0,0,0,1,0,1,1,0,0,0,baixo
5,35000.0,100,0.9,1,3,1,1,0,0,1,0,0,1,0,0,1,medio_baixo
1,10000.0,0,0.0,1,1,1,0,0,0,0,0,0,1,0,0,0,medio_alto
1,0.0,0,0.0,1,2,1,0,0,0,1,1,0,0,0,0,0,alto
2,10000.0,269,0.9776951672862454,2,2,1,0,0,0,0,0,1,1,0,0,0,alto
2,0.0,0,0.0,1,5,1,0,0,0,1,1,1,1,0,0,0,gratuito
3,10000.0,15,1.0,1,3,1,1,0,1,1,1,1,0,0,0,0,medio_alto
2,0.0,0,0.0,0,0,1,0,0,0,0,0,0,0,0,0,0,gratuito
4,10000.0,8,1.0,1,2,1,0,0,0,1,1,0,0,0,0,0,baixo
2,10000.0,0,0.0,2,3,1,0,0,0,0,1,0,1,0,1,0,alto
10,35000.0,10,0.9,1,1,1,0,0,0,0,0,0,0,0,1,0,alto
13,150000.0,1191,0.7825356842989085,1,5,1,1,1,0,1,0,1,1,1,0,1,medio_alto
1,10000.0,1,1.0,1,2,1,0,0,0,1,0,0,1,0,0,0,baixo
1,10000.0,4,0.25,2,2,1,0,0,0,0,1,1,0,0,0,0,medio_baixo
1,10000.0,12,1.0,10,3,1,0,0,0,1,0,0,0,1,1,0,medio_alto
1,10000.0,0,0.0,10,3,1,0,0,0,1,0,0,0,0,1,0,alto
4,10000.0,22,0.5909090909090909,1,3,1,0,0,0,1,0,1,1,0,0,0,medio_alto
6,10000.0,0,0.0,3,3,1,0,0,0,1,0,0,1,0,1,0,medio_baixo
4,10000.0,21,1.0,12,4,1,1,0,0,1,1,1,0,1,0,0,baixo
6,10000.0,15,0.4,1,3,1,1,0,0,1,1,0,0,0,1,0,baixo
1,0.0,0,0.0,1,4,1,0,1,0,1,0,0,1,1,1,0,baixo
5,10000.0,1,1.0,29,4,1,0,0,0,1,1,0,0,1,1,0,medio_alto
2,10000.0,19,0.21052631578947367,1,3,1,0,0,0,1,0,0,1,0,0,0,gratuito
1,10000.0,117,0.9914529914529915,6,1,1,1,0,0,0,0,0,0,0,1,0,alto
1,10000.0,2,1.0,1,5,1,0,0,0,1,1,0,1,1,1,0,medio_baixo
3,10000.0,1,1.0,7,1,1,1,0,0,0,0,0,1,0,0,0,medio_baixo
9,10000.0,3,0.3333333333333333,1,2,1,0,0,0,1,1,0,0,0,0,0,baixo
3,0.0,0,0.0,0,0,1,0,0,0,0,0,0,0,0,0,0,gratuito
1,0.0,0,0.0,0,0,1,0,0,0,0,0,0,0,0,0,0,gratuito
1,10000.0,0,0.0,12,4,1,0,0,0,0,1,1,1,0,0,1,baixo
4,35000.0,157,0.7770700636942676,3,4,1,0,0,0,1,1,1,0,1,0,0,alto
1,0.0,0,0.0,0,0,1,0,0,0,0,0,0,0,0,0,0,gratuito
2,0.0,0,0.0,10,5,1,0,0,0,0,0,0,0,0,1,1,gratuito
2,10000.0,167,0.7305389221556886,1,1,1,0,0,0,0,0,0,0,1,0,0,medio_alto
4,10000.0,8,0.5,3,2,1,0,0,0,0,1,0,0,1,0,0,alto
9,10000.0,36,0.8888888888888888,1,2,1,1,1,1,1,0,1,0,0,0,0,baixo
3,0.0,0,0.0,1,2,1,0,0,0,0,0,0,0,1,0,0,gratuito
1,0.0,0,0.0,1,3,1,0,0,0,1,1,0,0,0,0,0,gratuito
6,10000.0,52,0.8846153846153846,1,2,1,0,0,0,1,1,0,0,0,0,0,medio_baixo
8,150000.0,170,0.6705882352941176,1,3,1,0,0,0,1,0,0,1,0,0,0,gratuito
2,10000.0,0,0.0,9,3,1,0,0,0,1,0,0,0,0,1,0,gratuito
5,35000.0,6,0.8333333333333334,1,2,1,0,0,0,0,0,1,0,1,0,0,baixo
4,10000.0,1,0.0,1,1,1,0,0,0,1,0,0,0,0,0,0,alto
2,0.0,0,0.0,1,4,1,0,0,0,1,1,0,1,0,0,0,gratuito
2,0.0,0,0.0,2,5,1,0,0,0,1,1,1,1,0,0,0,gratuito
9,75000.0,449,0.8730512249443207,2,1,1,0,0,0,0,1,0,0,0,0,0,alto
8,10000.0,4,0.0,1,8,1,1,0,0,1,1,1,0,1,1,1,medio_baixo
1,10000.0,19,0.5789473684210527,4,6,1,0,0,0,1,1,1,0,1,0,1,medio_baixo
3,10000.0,6,0.8333333333333334,1,1,1,0,0,0,0,1,0,0,0,0,0,baixo
6,10000.0,4,0.75,1,2,1,0,0,0,1,0,0,0,1,0,0,medio_baixo
8,10000.0,18,0.8333333333333334,1,2,1,1,0,0,1,1,0,0,0,0,0,medio_baixo
7,350000.0,2247,0.8491321762349799,8,2,1,0,0,2,0,0,0,0,1,1,0,medio_alto
12,75000.0,301,0.5083056478405316,7,2,1,0,0,0,0,0,0,0,0,1,1,medio_baixo
10,10000.0,96,0.9479166666666666,1,2,1,1,0,1,1,1,0,0,0,0,0,baixo
9,150000.0,149,0.6845637583892618,3,4,1,0,0,0,1,1,1,1,0,0,0,medio_baixo
5,10000.0,4,1.0,1,2,1,0,0,0,1,1,0,0,0,0,0,medio_alto
1,0.0,0,0.0,0,0,1,0,0,0,0,0,0,0,0,0,0,gratuito
2,10000.0,17,1.0,2,4,1,0,0,0,1,1,0,1,0,0,1,medio_alto
1,0.0,0,0.0,1,1,1,0,0,0,1,0,0,0,0,0,0,baixo
1,150000.0,2703,0.8742138364779874,6,3,1,1,0,0,0,1,0,0,1,0,1,alto
1,10000.0,10,0.7,1,4,1,0,0,0,1,0,1,1,0,0,1,medio_baixo
5,10000.0,39,0.5897435897435898,1,4,1,0,0,0,1,0,0,1,1,0,1,baixo
16,150000.0,4440,0.7182432432432433,5,1,1,0,0,0,0,1,0,0,0,0,0,medio_baixo
8,10000.0,15,1.0,1,4,1,1,1,0,1,1,0,1,0,0,0,medio_baixo
1,10000.0,0,0.0,1,1,1,0,0,0,1,0,0,0,0,0,0,baixo
8,10000.0,0,0.0,1,1,1,0,0,0,1,0,0,0,0,0,0,medio_baixo
9,10000.0,137,0.9343065693430657,1,4,1,0,0,1,0,0,0,0,0,0,0,alto
1,10000.0,0,0.0,9,3,1,0,0,0,0,0,1,1,0,0,0,baixo
2,0.0,0,0.0,0,0,1,0,0,0,0,0,0,0,0,0,0,gratuito
8,10000.0,141,0.723404255319149,5,1,1,0,0,1,0,1,0,0,0,0,0,medio_alto
7,75000.0,347,0.7752161383285303,9,4,1,1,0,2,1,0,1,0,1,1,0,medio_alto
10,75000.0,123,0.7479674796747967,2,3,1,1,1,1,1,1,1,0,0,0,0,medio_baixo
9,350000.0,5592,0.8263590844062947,12,3,1,1,1,0,1,0,1,0,0,0,1,baixo
5,10000.0,30,0.9666666666666667,1,2,1,0,0,0,1,0,0,0,0,0,0,gratuito
3,0.0,0,0.0,1,4,1,0,0,0,1,1,0,1,0,0,0,gratuito
5,75000.0,10,0.8,1,4,1,0,0,0,1,1,0,1,0,0,1,baixo
8,10000.0,1,1.0,2,1,1,0,0,0,1,0,0,0,0,0,0,medio_baixo
3,10000.0,19,1.0,1,2,1,0,0,0,1,0,0,0,0,0,0,baixo
3,10000.0,0,0.0,5,6,1,0,0,0,0,1,1,1,1,0,0,gratuito
1,0.0,0,0.0,0,0,1,0,0,0,0,0,0,0,0,0,0,gratuito
4,0.0,0,0.0,1,5,1,1,1,0,0,1,0,1,0,0,0,gratuito
1,10000.0,0,0.0,1,2,1,1,1,1,1,0,0,0,0,0,1,medio_alto
2,10000.0,0,0.0,5,3,1,0,0,1,1,0,1,1,0,0,0,alto
10,75000.0,747,0.6305220883534136,7,4,1,0,0,0,1,1,0,0,1,1,0,medio_baixo
3,0.0,0,0.0,0,0,1,0,0,0,0,0,0,0,0,0,0,gratuito
3,10000.0,216,0.8888888888888888,1,2,1,0,0,0,1,1,0,0,0,0,0,alto
3,10000.0,43,0.9767441860465116,1,2,1,0,0,5,1,0,1,0,0,0,0,alto
7,150000.0,397,0.6750629722921915,13,1,1,1,1,0,0,0,0,0,0,0,1,medio_alto
1,10000.0,325,0.8369230769230769,9,3,1,0,0,3,1,0,1,1,0,0,0,alto
3,0.0,0,0.0,1,3,1,0,1,0,1,0,0,0,0,1,0,gratuito
5,10000.0,108,0.8518518518518519,6,2,1,0,1,0,1,0,1,0,0,0,0,medio_baixo
2,10000.0,0,0.0,1,3,1,0,0,0,1,0,1,0,0,0,0,medio_baixo
1,10000.0,0,0.0,1,2,1,0,0,0,0,0,0,1,0,0,0,medio_baixo
4,35000.0,248,0.7943548387096774,8,2,1,0,0,0,1,0,1,0,0,0,0,alto
4,10000.0,0,0.0,1,2,1,0,0,0,1,1,0,0,0,0,0,baixo
1,10000.0,51,0.6862745098039216,2,5,1,0,0,0,1,1,1,0,1,0,0,medio_baixo
3,10000.0,44,1.0,1,4,1,0,0,0,1,1,1,1,0,0,0,baixo
4,10000.0,17,0.8235294117647058,3,5,1,0,0,0,1,0,1,0,1,1,1,medio_alto
3,10000.0,5,0.4,8,5,1,0,0,0,1,1,1,1,1,0,0,alto
1,10000.0,51,0.8627450980392157,14,2,1,0,0,1,1,0,1,0,0,0,0,medio_alto
2,10000.0,220,0.9363636363636364,5,2,1,0,0,3,1,0,1,0,0,0,0,alto
9,10000.0,10,0.7,1,4,1,0,0,0,1,1,1,1,0,0,0,medio_baixo
3,10000.0,99,0.5151515151515151,1,1,1,0,0,1,0,0,0,1,0,0,0,medio_baixo
1,0.0,0,0.0,0,0,1,0,0,0,0,0,0,0,0,0,0,gratuito
1,0.0,0,0.0,1,6,1,0,0,0,0,1,0,1,1,1,1,alto
1,10000.0,4,1.0,1,2,1,0,0,0,1,0,0,1,0,0,0,baixo
2,10000.0,79,0.9493670886075949,13,1,1,0,0,0,0,0,1,0,0,0,0,alto
12,150000.0,517,0.8297872340425532,1,2,1,1,1,2,1,0,0,0,1,0,0,medio_baixo
1,35000.0,11,0.7272727272727273,11,4,1,0,0,0,1,1,1,0,1,0,0,medio_baixo
1,10000.0,0,0.0,1,4,1,0,0,0,1,1,1,0,0,0,0,medio_alto
2,0.0,0,0.0,0,0,1,0,0,0,0,0,0,0,0,0,0,gratuito
3,10000.0,47,0.9787234042553191,11,1,1,1,0,0,0,0,0,1,0,0,0,baixo
1,0.0,0,0.0,1,2,1,0,0,0,0,0,1,0,0,0,0,gratuito
10,10000.0,62,0.6935483870967742,5,3,1,1,0,0,1,1,0,0,0,0,0,medio_baixo
5,75000.0,9,0.5555555555555556,9,5,1,0,0,0,1,1,1,0,1,0,1,medio_baixo
5,10000.0,3,0.6666666666666666,1,3,1,0,0,0,1,1,1,0,0,0,0,medio_alto
2,10000.0,3,0.6666666666666666,5,4,1,0,0,0,1,1,1,0,0,1,0,baixo
2,10000.0,5,1.0,1,2,1,0,0,0,1,0,1,0,0,0,0,baixo
1,10000.0,0,0.0,6,3,1,0,0,1,1,0,0,0,1,1,0,alto
8,10000.0,25,0.76,1,2,1,0,0,0,1,0,0,1,0,0,0,gratuito
3,0.0,0,0.0,1,4,1,0,0,0,0,1,1,0,1,0,0,gratuito
3,0.0,0,0.0,0,0,1,0,0,0,0,0,0,0,0,0,0,gratuito
1,0.0,0,0.0,0,0,1,0,0,0,0,0,0,0,0,0,0,gratuito
4,10000.0,21,0.42857142857142855,1,1,1,0,0,0,0,0,0,0,0,0,1,baixo
1,0.0,0,0.0,0,0,1,0,0,0,0,0,0,0,0,0,0,gratuito
10,35000.0,200,0.72,2,4,1,1,1,0,1,1,0,0,0,1,1,baixo
8,10000.0,42,0.6428571428571429,4,3,1,1,0,0,1,0,0,0,0,1,1,medio_alto
10,150000.0,604,0.5894039735099338,1,4,1,0,0,0,0,1,0,1,1,0,0,gratuito
2,10000.0,7,1.0,1,2,1,1,1,0,1,0,0,1,0,0,0,medio_alto
1,0.0,0,0.0,0,0,1,0,0,0,0,0,0,0,0,0,0,gratuito
2,10000.0,1,0.0,14,3,1,0,0,0,0,0,0,1,0,1,0,medio_baixo
6,3500000.0,78477,0.9526230615339526,11,5,1,0,0,1,1,1,1,0,1,0,1,alto
1,10000.0,0,0.0,1,1,1,0,0,0,0,0,1,0,0,0,0,medio_alto
7,10000.0,3,0.6666666666666666,1,3,1,0,0,0,1,0,0,1,0,0,0,medio_alto
3,10000.0,0,0.0,1,3,1,0,0,0,1,1,1,0,0,0,0,medio_baixo
6,10000.0,4,0.25,1,2,1,0,0,0,1,1,0,0,0,0,0,baixo
1,10000.0,0,0.0,1,7,1,0,0,0,1,1,1,1,1,0,1,baixo
5,10000.0,3,0.3333333333333333,1,3,1,0,0,0,1,0,1,0,1,0,0,baixo
11,7500000.0,122161,0.8393186041371633,10,2,1,0,0,12,0,1,1,0,0,0,0,medio_baixo
4,350000.0,1606,0.952054794520548,19,3,1,1,1,1,1,0,1,0,1,0,0,medio_alto
2,0.0,0,0.0,1,4,1,0,0,0,1,0,1,1,0,0,0,gratuito
1,0.0,0,0.0,9,4,1,0,0,0,1,0,0,0,1,1,1,medio_alto
9,10000.0,223,0.8565022421524664,2,5,1,0,0,0,1,0,0,1,1,0,0,medio_baixo
7,10000.0,24,0.7916666666666666,1,3,1,0,0,0,1,1,1,0,0,0,0,baixo
9,3500000.0,17587,0.6127253084664809,1,6,1,0,0,0,1,1,1,0,0,1,0,gratuito
7,10000.0,38,0.7368421052631579,1,3,1,0,0,0,1,0,1,1,0,0,0,gratuito
5,0.0,0,0.0,2,5,1,0,1,0,1,0,1,1,0,0,1,gratuito
12,750000.0,4408,0.26814882032667875,8,2,1,0,0,4,0,1,0,0,1,0,0,medio_alto
6,10000.0,0,0.0,1,4,1,0,0,0,1,0,0,0,1,1,0,alto
5,10000.0,1,1.0,1,5,1,0,0,0,1,0,1,1,0,1,1,alto
8,10000.0,34,0.6470588235294118,1,2,1,0,0,0,1,0,0,1,0,0,0,baixo
1,35000.0,10,0.9,1,3,1,0,0,0,0,1,0,1,0,1,0,baixo
9,10000.0,3,0.3333333333333333,1,3,1,0,0,0,0,1,0,1,0,0,1,medio_baixo
2,10000.0,4,1.0,4,3,1,0,0,0,1,0,1,1,0,0,0,baixo
5,10000.0,1,1.0,1,2,1,0,0,0,1,0,0,1,0,0,0,medio_baixo
2,10000.0,28,0.8571428571428571,3,3,1,1,0,1,1,1,0,0,0,0,0,gratuito
16,10000.0,51,0.21568627450980393,1,1,1,0,0,0,0,0,0,0,1,0,0,medio_baixo
2,10000.0,159,0.7861635220125787,14,4,1,0,0,0,1,1,1,0,0,0,1,alto
6,35000.0,349,0.7020057306590258,1,1,1,0,0,0,0,0,0,0,0,1,0,medio_baixo
1,10000.0,0,0.0,1,4,1,1,1,0,1,0,0,1,0,0,1,gratuito
8,10000.0,17,1.0,1,2,1,1,0,0,1,0,0,0,0,0,1,alto
9,35000.0,115,0.7913043478260869,30,2,1,1,1,1,1,0,1,0,0,0,0,baixo
5,10000.0,3,0.0,1,3,1,0,0,0,1,0,0,0,1,0,1,alto
1,10000.0,247,0.8947368421052632,2,5,1,0,0,0,1,1,0,0,0,0,1,alto
12,75000.0,524,0.6755725190839694,1,2,1,1,0,1,1,0,1,0,0,0,0,baixo
1,10000.0,0,0.0,27,2,1,1,1,0,1,0,0,0,0,0,1,baixo
15,75000.0,245,0.7387755102040816,1,2,1,1,0,0,1,0,0,0,0,1,0,medio_alto
10,150000.0,352,0.5539772727272727,3,5,1,1,0,0,1,1,0,1,0,1,0,gratuito
7,10000.0,124,0.9274193548387096,3,2,1,0,0,1,1,0,1,0,0,0,0,gratuito
1,10000.0,2,1.0,1,3,1,0,0,0,1,0,0,1,0,0,0,baixo
3,10000.0,0,0.0,12,2,1,0,0,0,0,0,1,0,0,0,1,medio_alto
1,10000.0,28,0.9642857142857143,1,4,1,0,0,0,1,1,1,0,0,1,0,medio_baixo
3,75000.0,18,0.9444444444444444,1,4,1,0,1,0,0,0,1,0,1,1,0,medio_baixo
1,0.0,0,0.0,1,6,1,0,0,0,1,1,0,1,1,1,1,medio_baixo
1,10000.0,322,0.5807453416149069,1,4,1,0,0,0,1,1,1,0,0,0,0,medio_baixo
2,10000.0,17,0.9411764705882353,2,4,1,1,0,0,1,0,1,0,0,1,0,medio_baixo
5,10000.0,56,0.9464285714285714,2,1,1,0,0,0,0,0,0,1,0,0,0,medio_baixo
12,35000.0,44,0.5909090909090909,1,1,1,1,1,0,0,0,1,0,0,0,0,medio_baixo
2,0.0,0,0.0,103,4,1,0,0,1,1,1,0,0,0,0,1,gratuito
4,35000.0,11,1.0,1,4,1,0,0,0,1,0,1,0,1,1,0,baixo
1,10000.0,185,0.9027027027027027,15,4,1,0,0,1,0,1,0,0,1,0,1,medio_alto
4,10000.0,17,0.9411764705882353,9,4,1,0,0,0,1,0,1,1,1,0,0,baixo
3,10000.0,34,0.9705882352941176,1,2,1,1,0,0,0,0,0,0,1,1,0,medio_alto
8,10000.0,4,1.0,1,2,1,0,0,0,1,1,0,0,0,0,0,medio_alto
4,10000.0,6,0.8333333333333334,3,2,1,0,0,0,1,1,0,0,0,0,0,medio_baixo
7,350000.0,1310,0.7603053435114504,2,1,1,0,0,0,0,1,0,0,0,0,0,alto
1,10000.0,0,0.0,7,3,1,0,0,0,1,1,1,0,0,0,0,medio_baixo
4,0.0,0,0.0,0,0,1,0,0,0,0,0,0,0,0,0,0,gratuito
11,10000.0,0,0.0,1,1,1,0,0,0,0,0,0,0,0,0,0,alto
4,1500000.0,52618,0.6659888251168802,11,2,1,1,1,12,0,0,0,0,0,1,1,alto
2,0.0,0,0.0,11,2,1,1,0,1,0,0,0,1,0,0,0,gratuito
1,10000.0,0,0.0,1,4,1,0,0,0,1,1,1,0,0,0,1,medio_alto
12,350000.0,1293,0.8708430007733952,5,2,1,1,0,0,1,0,1,0,0,0,0,alto
10,10000.0,42,0.7619047619047619,1,5,1,0,0,0,1,1,0,1,0,0,1,baixo
1,10000.0,0,0.0,1,2,1,0,0,0,1,0,1,0,0,0,0,baixo
2,10000.0,7,1.0,6,6,1,0,0,0,1,1,1,0,0,0,1,alto
9,10000.0,1,1.0,2,3,1,0,0,0,1,1,1,0,0,0,0,medio_alto
4,10000.0,4,0.5,7,2,1,1,0,0,0,0,1,1,0,0,0,medio_alto
4,10000.0,87,0.8390804597701149,11,2,1,0,0,0,0,1,1,0,0,0,0,medio_baixo
11,750000.0,395,0.6962025316455697,1,3,1,0,0,0,1,0,1,0,1,0,0,baixo
1,10000.0,0,0.0,30,3,1,0,0,1,1,0,1,1,0,0,0,medio_baixo
5,10000.0,120,0.8666666666666667,3,3,1,0,0,0,1,0,1,1,0,0,0,baixo
15,7500000.0,433510,0.9869091831791654,27,2,1,0,1,1,0,1,1,0,0,0,0,medio_baixo
3,0.0,0,0.0,1,3,1,0,0,0,0,1,0,1,0,0,0,gratuito
7,35000.0,492,0.9491869918699187,2,1,1,0,0,0,0,0,1,0,0,0,0,alto
4,10000.0,2,1.0,1,3,1,1,0,0,1,0,1,1,0,0,0,baixo
4,10000.0,6,0.8333333333333334,1,5,1,0,0,0,1,1,1,1,0,1,0,medio_alto
1,10000.0,0,0.0,12,2,1,0,0,1,0,1,1,0,0,0,0,alto
2,10000.0,103,0.9223300970873787,5,1,1,0,0,0,0,1,0,0,0,0,0,medio_alto
5,10000.0,0,0.0,1,4,1,0,0,0,0,1,1,1,0,0,1,medio_alto
4,10000.0,41,0.9024390243902439,9,4,1,0,0,0,1,1,1,0,0,0,0,gratuito
2,10000.0,18,1.0,6,3,1,0,0,0,1,0,0,1,0,1,0,medio_alto
2,10000.0,0,0.0,1,3,1,0,0,0,1,1,0,1,0,0,0,alto
2,10000.0,0,0.0,2,5,1,0,0,0,1,0,0,1,0,0,1,gratuito
12,10000.0,97,0.8247422680412371,3,2,1,0,0,0,0,0,1,1,0,0,0,baixo
8,150000.0,986,0.8569979716024341,3,3,1,1,0,2,1,1,1,0,0,0,0,alto
3,1500000.0,22334,0.9091967403958091,23,3,1,0,0,1,1,0,1,1,0,0,0,medio_baixo
1,10000.0,0,0.0,15,2,1,0,0,1,1,0,0,1,0,0,0,baixo
5,75000.0,2,1.0,1,2,1,0,0,0,1,0,0,1,0,0,0,baixo
2,10000.0,20,1.0,1,2,1,0,0,0,1,0,0,0,1,0,0,medio_baixo
3,10000.0,25,0.68,1,3,1,0,0,0,1,0,1,1,0,0,0,baixo
3,35000.0,3,0.6666666666666666,1,3,1,0,1,1,1,1,0,1,0,0,0,medio_baixo
1,10000.0,5,0.8,1,4,1,0,0,0,1,1,1,0,1,0,0,medio_alto
4,0.0,0,0.0,0,0,1,0,0,0,0,0,0,0,0,0,0,gratuito
2,10000.0,3,0.6666666666666666,1,2,1,0,0,0,0,0,1,1,0,0,0,medio_alto
13,75000.0,485,0.5030927835051546,1,3,1,1,1,0,1,1,0,0,1,0,0,baixo
6,10000.0,61,0.5245901639344263,29,2,1,0,0,1,1,0,0,1,0,0,0,baixo
1,0.0,0,0.0,0,0,1,0,0,0,0,0,0,0,0,0,0,gratuito
3,10000.0,1,1.0,1,4,1,0,0,0,0,0,0,1,0,1,1,alto
5,35000.0,25,0.8,1,3,1,1,1,0,1,1,0,0,0,0,0,gratuito
5,10000.0,6,1.0,1,3,1,0,0,0,1,1,0,0,0,0,1,medio_alto
1,0.0,0,0.0,1,2,1,0,0,0,0,1,0,0,0,0,0,gratuito
2,0.0,0,0.0,2,1,1,0,0,1,0,1,0,0,0,0,0,gratuito
1,0.0,0,0.0,15,3,1,0,0,5,1,0,0,1,0,0,0,gratuito
5,10000.0,0,0.0,2,2,1,0,0,0,1,0,1,0,0,0,0,medio_alto
12,35000.0,393,0.8956743002544529,1,3,1,1,1,0,1,1,0,0,0,0,0,gratuito
3,10000.0,7,0.2857142857142857,1,3,1,0,0,0,1,0,0,1,0,1,0,baixo
6,35000.0,87,0.9425287356321839,1,2,1,0,0,0,1,0,0,0,0,1,0,baixo
6,10000.0,23,0.782608695652174,1,3,1,0,0,0,0,0,0,0,0,0,1,medio_alto
7,10000.0,261,0.8390804597701149,3,3,1,0,0,0,1,1,1,0,0,0,0,medio_baixo
9,10000.0,21,0.5714285714285714,1,2,1,0,0,0,1,1,0,0,0,0,0,baixo
8,10000.0,6,0.8333333333333334,2,7,1,0,0,0,1,1,1,1,0,0,1,medio_baixo
1,10000.0,17,0.8823529411764706,6,2,1,1,0,0,1,0,1,0,0,0,0,medio_alto
16,75000.0,207,0.46859903381642515,1,1,1,0,0,0,0,0,1,0,0,0,0,medio_baixo
5,10000.0,26,0.9615384615384616,1,2,1,0,0,0,1,1,0,0,0,0,0,alto
4,10000.0,4,0.75,1,5,1,1,1,0,1,1,0,1,0,0,0,gratuito
1,10000.0,0,0.0,30,2,1,1,0,0,1,0,0,0,0,0,0,medio_alto
3,0.0,0,0.0,9,4,1,0,0,0,1,0,0,1,0,1,0,gratuito
3,35000.0,35,0.9428571428571428,4,2,1,0,0,0,1,0,1,0,0,0,0,medio_alto
4,10000.0,8,0.875,29,2,1,1,0,0,1,0,0,1,0,0,0,baixo
7,10000.0,4,1.0,1,3,1,0,1,0,1,0,0,1,0,0,1,medio_baixo
2,10000.0,1,1.0,1,3,1,0,0,0,0,0,0,1,0,1,0,medio_alto
1,10000.0,0,0.0,3,2,1,1,1,0,1,0,1,0,0,0,0,medio_alto
9,10000.0,3,0.6666666666666666,1,3,1,0,0,0,0,0,0,1,1,1,0,alto
4,10000.0,21,0.9523809523809523,3,3,1,0,0,0,0,0,1,1,0,1,0,baixo
12,35000.0,144,0.7916666666666666,1,2,1,0,0,0,1,0,0,0,0,1,0,baixo
14,350000.0,4177,0.7799856356236533,10,1,1,1,1,10,0,1,0,0,0,0,0,medio_baixo
4,350000.0,151,0.9536423841059603,3,7,1,0,0,0,1,1,1,1,0,0,1,medio_baixo
1,10000.0,0,0.0,5,2,1,1,0,0,0,1,0,1,0,0,0,medio_baixo
2,10000.0,46,0.9782608695652174,1,3,1,0,0,0,1,0,1,0,1,0,0,alto
2,10000.0,0,0.0,4,2,1,0,0,0,0,1,0,0,0,1,0,gratuito
2,75000.0,354,0.672316384180791,8,5,1,0,0,1,1,1,1,0,1,1,0,medio_baixo
2,35000.0,0,0.0,1,4,1,0,0,0,1,1,0,1,0,0,0,baixo
3,10000.0,48,0.9375,1,4,1,1,1,1,1,1,1,1,0,0,0,medio_baixo
5,10000.0,5,0.8,1,2,1,0,0,0,0,1,1,0,0,0,0,baixo
1,10000.0,0,0.0,1,1,1,0,0,0,0,0,0,1,0,0,0,medio_alto
11,150000.0,1312,0.6829268292682927,7,2,1,0,0,0,0,1,0,0,1,0,0,alto
5,10000.0,14,1.0,1,2,1,0,0,0,1,0,0,1,0,0,0,baixo
5,0.0,0,0.0,1,1,1,1,1,5,0,0,0,1,0,0,0,gratuito
10,10000.0,31,0.9354838709677419,6,1,1,0,0,0,1,0,0,0,0,0,0,baixo
6,10000.0,62,0.8387096774193549,8,2,1,0,0,0,1,0,1,0,0,0,0,alto
1,10000.0,0,0.0,3,4,1,0,0,0,1,0,0,0,1,1,0,alto
18,35000.0,202,0.5396039603960396,1,1,1,0,0,0,0,0,1,0,0,0,0,gratuito
1,10000.0,0,0.0,1,5,1,0,0,1,1,1,1,0,1,0,0,medio_alto
7,10000.0,3,1.0,1,1,1,0,0,0,1,0,0,0,0,0,0,medio_alto
6,10000.0,0,0.0,29,3,1,1,0,0,1,0,0,1,0,1,0,baixo
5,10000.0,0,0.0,1,2,1,0,0,0,0,0,0,1,1,0,0,baixo
1,0.0,0,0.0,11,3,1,0,0,0,1,1,0,0,0,0,1,alto
3,0.0,0,0.0,6,4,1,0,0,0,0,0,0,0,0,1,1,gratuito
1,0.0,0,0.0,9,3,1,0,0,0,1,0,0,1,0,1,0,medio_baixo
8,750000.0,1,0.0,1,2,1,0,0,0,1,1,0,0,0,0,0,medio_baixo
3,10000.0,11,0.9090909090909091,8,4,1,0,0,1,1,1,1,0,1,0,0,medio_alto
1,0.0,0,0.0,2,2,1,0,0,2,0,0,0,1,0,0,0,gratuito
5,10000.0,8,0.5,1,2,1,1,0,0,0,0,0,1,0,0,0,alto
2,0.0,0,0.0,1,2,1,0,0,0,0,0,0,0,1,0,0,gratuito
4,35000.0,69,0.5217391304347826,1,5,1,1,1,0,1,1,0,1,1,0,0,gratuito
2,0.0,0,0.0,6,5,1,1,1,0,1,0,0,1,1,0,1,gratuito
6,75000.0,647,0.8098918083462133,1,6,1,0,0,3,1,1,1,0,1,1,1,medio_baixo
1,0.0,0,0.0,1,2,1,0,1,0,0,0,0,1,0,1,0,baixo
1,10000.0,53,0.9245283018867925,10,2,1,0,1,0,1,0,1,0,0,0,0,alto
2,10000.0,1,0.0,1,2,1,0,0,0,1,0,0,0,0,0,1,alto
7,350000.0,3088,0.7474093264248705,10,3,1,0,0,0,1,1,1,0,0,0,0,medio_alto
3,10000.0,20,0.75,1,1,1,0,0,0,1,0,0,0,0,0,0,medio_alto
2,10000.0,0,0.0,1,3,1,0,0,0,1,0,1,0,0,0,0,gratuito
5,10000.0,25,0.88,1,3,1,0,0,0,1,1,1,0,0,0,0,baixo
2,0.0,0,0.0,0,0,1,0,0,0,0,0,0,0,0,0,0,gratuito
2,35000.0,740,0.85,1,6,1,0,0,0,1,1,1,0,0,1,1,alto
9,10000.0,240,0.8291666666666667,103,5,1,0,0,1,1,0,1,1,0,1,1,baixo
2,10000.0,5,0.8,1,4,1,0,0,0,1,1,0,1,0,1,0,medio_alto
10,150000.0,286,0.7797202797202797,8,4,1,1,1,0,1,1,1,0,1,0,0,baixo
4,10000.0,1,0.0,1,3,1,0,0,0,1,1,1,0,0,0,0,baixo
5,0.0,0,0.0,0,0,1,0,0,0,0,0,0,0,0,0,0,gratuito
6,10000.0,18,0.8333333333333334,1,2,1,0,0,0,0,1,1,0,0,0,0,alto
4,10000.0,3,0.3333333333333333,1,2,1,0,0,0,0,0,0,0,0,0,1,medio_alto
1,10000.0,0,0.0,1,4,1,0,0,0,0,1,1,0,1,1,0,medio_alto
2,0.0,0,0.0,0,0,1,0,0,0,0,0,0,0,0,0,0,gratuito
4,35000.0,23,1.0,1,3,1,0,0,1,1,1,1,0,0,0,0,medio_alto
2,0.0,0,0.0,0,0,1,0,0,0,0,0,0,0,0,0,0,gratuito
1,10000.0,81,0.9629629629629629,13,1,1,0,0,0,0,0,0,0,0,0,1,alto
8,10000.0,52,0.9615384615384616,1,3,1,0,0,0,1,0,1,1,0,0,0,alto
1,10000.0,0,0.0,1,3,1,0,0,0,1,0,0,1,0,0,1,baixo
5,0.0,0,0.0,1,1,1,0,0,0,1,0,0,0,0,0,0,gratuito
9,10000.0,80,0.575,1,6,1,0,0,0,1,1,0,0,1,0,0,alto
8,35000.0,471,0.7643312101910829,4,3,1,0,0,1,1,0,1,1,0,0,0,medio_alto
1,10000.0,0,0.0,1,2,1,1,1,0,1,0,0,1,0,0,0,medio_alto
5,10000.0,6,0.8333333333333334,1,7,1,0,0,0,1,1,1,1,0,1,1,medio_alto
2,0.0,0,0.0,1,2,1,0,0,0,0,1,0,0,0,0,0,gratuito
7,10000.0,57,0.6666666666666666,2,3,1,0,0,0,0,0,0,0,0,0,0,medio_baixo
2,10000.0,7,0.7142857142857143,1,2,1,0,0,0,0,0,1,0,0,0,0,gratuito
1,0.0,0,0.0,1,4,1,0,0,0,1,1,0,1,0,0,1,baixo
7,10000.0,5,0.0,2,2,1,0,0,0,1,1,0,0,0,0,0,medio_alto
8,35000.0,26,0.5769230769230769,1,3,1,0,0,0,1,0,1,0,0,0,1,baixo
9,35000.0,79,0.7468354430379747,2,2,1,0,0,0,1,1,0,0,0,0,0,baixo
9,10000.0,61,0.5901639344262295,1,4,1,1,0,0,1,0,1,1,0,0,0,medio_baixo
7,10000.0,379,0.841688654353562,1,4,1,0,0,4,1,0,1,0,1,1,0,medio_baixo
6,35000.0,6,0.6666666666666666,1,4,1,0,0,0,1,1,0,1,0,0,0,baixo
8,10000.0,19,0.3157894736842105,1,2,1,0,0,1,0,0,1,1,0,0,0,baixo
1,0.0,0,0.0,2,2,1,0,0,0,1,1,0,0,0,0,0,medio_baixo
1,10000.0,7,0.42857142857142855,2,4,1,0,0,10,1,0,0,1,0,1,0,gratuito
16,750000.0,4436,0.7186654643823264,5,1,1,0,0,0,0,1,0,0,0,0,0,gratuito
6,10000.0,11,0.6363636363636364,4,4,1,0,0,0,1,1,0,1,0,1,0,alto
2,10000.0,0,0.0,1,2,1,0,0,0,0,0,0,1,1,0,0,medio_alto
3,0.0,0,0.0,0,0,1,0,0,0,0,0,0,0,0,0,0,gratuito
8,10000.0,5,0.6,1,3,1,0,0,0,1,0,0,1,0,0,1,medio_baixo
2,10000.0,14,0.9285714285714286,1,6,1,0,0,0,1,1,1,1,1,0,1,medio_alto
4,0.0,0,0.0,1,2,1,0,0,0,0,1,1,0,0,0,0,gratuito
3,10000.0,17,0.8823529411764706,1,2,1,1,1,0,1,0,0,1,0,0,0,alto
1,0.0,0,0.0,1,4,1,0,1,0,1,1,1,0,0,0,1,alto
8,10000.0,9,0.7777777777777778,1,7,1,1,0,0,1,1,1,1,1,1,0,alto
3,10000.0,0,0.0,1,1,1,0,0,0,0,0,0,1,0,0,0,medio_alto
6,10000.0,11,0.45454545454545453,1,2,1,0,0,0,0,0,0,1,0,0,1,medio_baixo
10,10000.0,192,0.8020833333333334,7,3,1,1,0,0,1,0,1,1,0,0,0,medio_alto
1,0.0,0,0.0,2,3,1,0,0,0,1,0,0,1,0,0,0,gratuito
1,0.0,0,0.0,1,3,1,0,0,0,1,1,0,0,0,0,0,gratuito
7,10000.0,18,0.9444444444444444,1,1,1,1,1,0,1,0,0,0,0,0,0,medio_baixo
1,0.0,0,0.0,103,1,1,0,0,0,1,0,0,0,0,0,0,baixo
6,10000.0,9,0.8888888888888888,1,1,1,0,0,1,0,1,0,0,0,0,0,baixo
1,10000.0,7,1.0,1,3,1,0,0,0,1,1,0,1,0,0,0,baixo
1,0.0,0,0.0,1,2,1,0,0,0,0,1,0,0,0,0,0,gratuito
5,0.0,0,0.0,0,0,1,0,0,0,0,0,0,0,0,0,0,gratuito
10,10000.0,186,0.9193548387096774,1,3,1,1,1,0,1,0,0,1,0,0,1,medio_baixo
10,10000.0,29,0.9310344827586207,1,3,1,0,0,0,1,1,1,0,0,0,0,medio_alto
12,35000.0,138,0.6956521739130435,2,1,1,1,1,0,0,0,0,0,1,0,0,baixo
8,0.0,0,0.0,2,4,1,0,0,0,1,0,1,0,1,1,0,medio_baixo
5,0.0,0,0.0,1,3,1,0,0,0,1,0,0,1,0,1,0,medio_alto
4,0.0,0,0.0,1,1,1,0,0,0,0,0,1,0,0,0,0,gratuito
2,10000.0,7,0.7142857142857143,1,1,1,0,0,0,0,0,0,1,0,0,0,medio_baixo
14,7500000.0,116058,0.96860190594358,5,3,1,0,1,2,1,1,1,0,0,0,0,baixo
7,0.0,0,0.0,1,3,1,0,0,0,0,0,0,1,0,1,0,gratuito
9,10000.0,30,0.7,11,3,1,0,0,0,1,1,0,1,0,0,0,alto
2,35000.0,28,0.6785714285714286,1,2,1,0,0,0,0,0,0,0,1,1,0,medio_baixo
4,10000.0,22,0.5909090909090909,2,2,1,0,0,0,1,0,1,0,0,0,0,baixo
2,10000.0,10,0.7,1,1,1,1,1,0,0,1,0,0,0,0,0,medio_alto
6,150000.0,5168,0.8821594427244582,14,3,1,0,0,2,1,0,1,1,0,0,0,medio_alto
3,0.0,0,0.0,0,0,1,0,0,0,0,0,0,0,0,0,0,gratuito
2,35000.0,19,0.3684210526315789,1,3,1,0,0,0,1,0,1,0,0,0,1,medio_alto
10,10000.0,212,0.5943396226415094,1,1,1,0,0,0,0,0,0,0,0,0,1,alto
5,75000.0,3,0.3333333333333333,4,2,1,0,0,0,0,1,0,1,0,0,0,medio_alto
8,1500000.0,14975,0.8143572621035059,6,1,1,0,1,20,0,0,0,0,0,1,0,medio_alto
7,10000.0,0,0.0,1,1,1,0,0,0,1,0,0,0,0,0,0,baixo
7,10000.0,24,0.25,1,2,1,0,0,0,1,1,0,0,0,0,0,baixo
5,10000.0,214,0.9252336448598131,2,1,1,1,1,0,0,0,0,0,0,0,1,medio_baixo
4,35000.0,134,0.7910447761194029,6,3,1,0,0,1,0,0,0,1,0,0,0,alto
3,0.0,0,0.0,8,2,1,0,0,0,1,0,1,0,0,0,0,gratuito
1,0.0,0,0.0,1,3,1,0,0,0,1,0,1,1,0,0,0,medio_baixo
1,10000.0,0,0.0,1,3,1,1,1,0,0,0,1,1,0,0,1,medio_alto
9,10000.0,1,1.0,1,3,1,1,1,0,1,1,0,1,0,0,0,baixo
6,10000.0,25,0.72,2,4,1,0,1,0,1,0,0,1,0,1,1,medio_alto
9,75000.0,877,0.9532497149372862,5,2,1,0,0,0,0,1,0,0,0,1,0,medio_baixo
2,0.0,0,0.0,0,0,1,0,0,0,0,0,0,0,0,0,0,gratuito
10,10000.0,2,0.5,2,3,1,0,0,0,1,0,0,0,0,0,1,medio_alto
2,0.0,0,0.0,75,1,1,0,0,0,0,0,1,0,0,0,0,medio_baixo
7,150000.0,2765,0.9634719710669077,1,1,1,1,1,0,1,0,0,0,0,0,0,medio_baixo
9,150000.0,915,0.848087431693989,1,5,1,1,1,0,1,0,0,0,1,1,1,alto
11,75000.0,115,0.5391304347826087,1,2,1,1,1,1,1,0,0,1,0,0,0,medio_baixo
9,350000.0,1204,0.617109634551495,7,1,1,1,1,1,0,0,0,0,0,1,0,medio_baixo
1,0.0,0,0.0,0,0,1,0,0,0,0,0,0,0,0,0,0,gratuito
7,10000.0,10,0.9,2,3,1,0,0,0,1,0,0,0,1,0,0,alto
7,10000.0,19,0.42105263157894735,1,4,1,0,0,0,1,1,1,0,0,1,0,medio_baixo
1,10000.0,7,0.5714285714285714,1,1,1,0,0,0,0,0,0,0,1,0,0,medio_alto
5,35000.0,107,0.9252336448598131,29,2,1,0,0,0,1,0,0,1,0,0,0,baixo
17,75000.0,250,0.78,4,1,1,0,0,0,0,0,0,0,0,1,0,medio_alto
4,10000.0,0,0.0,1,4,1,1,0,0,0,1,1,1,0,0,0,gratuito
3,10000.0,1,1.0,2,3,1,0,0,0,1,1,0,1,0,0,0,medio_baixo
2,10000.0,35,0.6285714285714286,1,8,1,0,0,0,1,0,1,1,1,0,1,gratuito
3,10000.0,33,0.6666666666666666,2,2,1,0,0,0,1,0,0,0,0,1,0,alto
4,10000.0,0,0.0,1,1,1,1,1,0,0,0,0,0,0,0,1,medio_alto
1,10000.0,0,0.0,6,2,1,0,0,0,0,0,0,1,0,1,0,baixo
11,35000.0,389,0.7352185089974294,2,2,1,0,0,0,1,1,0,0,0,0,0,medio_baixo
14,10000.0,84,0.9166666666666666,1,1,1,1,0,1,0,0,1,0,0,0,0,alto
6,35000.0,582,0.7164948453608248,3,2,1,0,0,1,1,0,0,0,1,0,0,alto
4,10000.0,0,0.0,6,3,1,1,0,0,1,1,1,0,0,0,0,medio_baixo
13,350000.0,1625,0.8590769230769231,6,2,1,0,0,1,1,0,1,0,0,0,0,alto
2,0.0,0,0.0,1,4,1,0,0,0,1,0,1,0,0,1,0,gratuito
1,10000.0,0,0.0,17,3,1,1,1,0,1,1,0,1,0,0,0,alto
1,10000.0,0,0.0,14,1,1,0,0,0,0,0,1,0,0,0,0,alto
4,0.0,0,0.0,0,0,1,0,0,0,0,0,0,0,0,0,0,gratuito
11,10000.0,44,0.5,2,1,1,0,0,1,0,0,0,0,0,1,0,medio_alto
4,10000.0,1,1.0,1,4,1,0,0,0,1,1,0,1,0,1,0,alto
3,10000.0,13,1.0,4,3,1,0,0,0,1,1,0,1,0,0,0,alto
5,10000.0,1,1.0,1,3,1,0,0,0,1,0,0,1,0,1,0,medio_baixo
3,0.0,0,0.0,2,4,1,0,0,0,0,0,0,1,0,0,0,gratuito
2,0.0,0,0.0,4,3,1,0,0,0,0,0,0,1,0,0,1,gratuito
6,10000.0,13,0.7692307692307693,1,2,1,0,0,0,1,0,0,1,0,0,0,gratuito
2,10000.0,0,0.0,1,5,1,0,0,0,1,1,1,1,0,0,0,medio_alto
4,10000.0,4,0.75,1,2,1,0,0,0,1,1,0,0,0,0,0,medio_baixo
1,10000.0,7,0.7142857142857143,3,3,1,0,0,0,1,0,0,1,0,1,0,baixo
2,10000.0,2,1.0,1,2,1,0,0,0,1,0,0,1,0,0,0,medio_alto
2,10000.0,18,0.9444444444444444,1,3,1,0,0,0,1,0,0,1,1,0,0,alto
3,0.0,0,0.0,1,3,1,0,0,0,1,1,0,0,0,0,0,gratuito
1,10000.0,0,0.0,1,4,1,0,1,0,1,1,1,0,1,0,0,medio_baixo
4,0.0,0,0.0,0,0,1,0,0,0,0,0,0,0,0,0,0,gratuito
3,35000.0,9,0.7777777777777778,1,3,1,0,0,0,0,1,0,0,0,0,0,alto
2,0.0,0,0.0,2,1,1,1,0,0,0,0,0,0,0,0,0,gratuito
2,10000.0,0,0.0,2,2,1,1,0,0,1,0,0,1,0,0,0,medio_baixo
8,10000.0,20,0.55,1,4,1,0,0,0,0,1,1,0,0,1,1,medio_baixo
9,750000.0,1776,0.7516891891891891,7,5,1,1,1,0,1,1,0,0,0,1,0,gratuito
4,10000.0,0,0.0,3,2,1,0,0,0,1,0,0,1,0,0,0,medio_alto
6,150000.0,1301,0.8524212144504227,4,2,1,0,0,0,1,1,0,0,0,0,0,gratuito
3,10000.0,44,0.8181818181818182,2,3,1,0,0,0,1,0,1,1,0,0,0,medio_alto
2,10000.0,59,0.9491525423728814,4,3,1,1,1,0,1,0,1,1,0,0,0,medio_baixo
2,0.0,0,0.0,2,2,1,0,0,0,1,0,0,0,0,0,0,gratuito
1,0.0,0,0.0,1,3,1,1,1,0,1,0,1,1,0,0,0,baixo
1,0.0,0,0.0,0,0,1,0,0,0,0,0,0,0,0,0,0,gratuito
4,10000.0,1,1.0,1,3,1,0,0,0,1,1,0,1,0,0,0,medio_alto
2,10000.0,15,1.0,14,5,1,1,1,0,0,0,0,1,0,1,1,alto
2,10000.0,4,1.0,1,3,1,0,0,0,1,1,0,1,0,0,0,medio_baixo
7,10000.0,72,0.9444444444444444,1,4,1,0,0,0,1,1,0,0,0,0,0,medio_alto
5,10000.0,0,0.0,1,1,1,0,0,0,0,0,1,0,0,0,0,baixo
11,35000.0,379,0.7361477572559367,11,2,1,0,0,2,1,0,0,0,0,1,0,medio_baixo
1,10000.0,0,0.0,1,4,1,0,0,0,1,1,1,0,1,0,0,medio_alto
9,10000.0,6,1.0,1,2,1,1,0,0,1,1,0,0,0,0,0,baixo
7,10000.0,4,1.0,1,1,1,0,0,0,1,0,0,0,0,0,0,baixo
9,35000.0,1,0.0,1,2,1,0,0,0,0,0,0,1,0,0,1,medio_baixo
1,0.0,0,0.0,103,4,1,0,0,0,1,0,1,1,0,1,0,medio_baixo
2,10000.0,149,0.9395973154362416,2,5,1,0,0,0,1,0,0,1,1,1,1,medio_baixo
4,35000.0,348,0.8936781609195402,9,2,1,0,0,3,1,1,0,0,0,0,0,alto
3,10000.0,36,0.4722222222222222,7,3,1,0,0,0,1,0,1,0,1,0,0,medio_baixo
1,10000.0,0,0.0,6,2,1,0,0,1,1,0,0,1,0,0,0,medio_alto
2,10000.0,0,0.0,2,2,1,0,0,0,1,0,0,0,0,1,0,medio_baixo
2,150000.0,1689,0.8099467140319716,13,4,1,0,0,1,0,1,0,1,1,0,0,alto
1,0.0,0,0.0,1,6,1,0,0,0,1,1,0,1,1,1,0,alto
10,10000.0,24,0.625,6,2,1,0,0,1,1,0,0,1,0,0,0,medio_baixo
5,10000.0,197,0.7157360406091371,14,3,1,0,0,0,0,1,1,0,1,0,0,medio_alto
3,10000.0,0,0.0,1,2,1,0,0,1,1,1,0,0,0,0,0,baixo
6,10000.0,12,0.9166666666666666,1,4,1,0,0,0,0,1,1,0,1,1,0,medio_baixo
2,10000.0,44,0.9318181818181818,6,6,1,0,0,0,1,0,1,1,1,0,1,alto
5,10000.0,5,1.0,1,1,1,1,1,1,1,0,0,0,0,0,0,medio_alto
6,35000.0,11,0.6363636363636364,10,4,1,0,0,1,1,0,1,1,0,0,1,baixo
2,10000.0,27,0.9629629629629629,1,6,1,0,1,0,1,1,1,1,0,0,0,alto
6,150000.0,656,0.6737804878048781,10,4,1,1,1,0,1,1,0,0,1,0,0,gratuito
2,10000.0,15,0.2,4,4,1,1,1,0,1,1,1,1,0,0,0,baixo
1,0.0,0,0.0,5,6,1,0,0,1,1,0,0,1,1,1,1,gratuito
5,10000.0,2,0.0,1,3,1,0,0,0,1,0,1,1,0,0,0,alto
1,0.0,0,0.0,0,0,1,0,0,0,0,0,0,0,0,0,0,gratuito
4,10000.0,1,1.0,1,1,1,0,0,0,1,0,0,0,0,0,0,baixo
1,0.0,0,0.0,1,4,1,0,0,0,1,1,0,0,0,1,0,medio_alto
8,10000.0,48,0.6666666666666666,1,1,1,0,0,0,0,0,0,1,0,0,0,baixo
4,0.0,0,0.0,1,4,1,0,0,0,1,1,0,1,0,0,0,gratuito
9,35000.0,37,0.5675675675675675,1,5,1,0,0,0,1,0,1,1,1,1,0,baixo
10,10000.0,28,0.7142857142857143,1,4,1,0,0,0,1,1,1,0,0,0,0,alto
7,10000.0,16,0.8125,29,3,1,0,0,0,0,1,1,1,0,0,0,alto
6,1500000.0,15111,0.6234531136258354,5,1,1,0,0,39,0,0,0,0,0,0,1,alto
1,10000.0,34,0.9705882352941176,4,2,1,0,0,0,0,0,1,0,1,0,0,medio_alto
6,35000.0,6,1.0,2,3,1,0,0,0,1,1,1,0,0,0,0,alto
1,10000.0,2,0.5,1,4,1,1,0,0,1,0,1,0,0,1,1,alto
7,10000.0,4,0.5,1,3,1,0,0,0,1,0,0,1,0,0,0,alto
9,10000.0,22,0.7272727272727273,1,2,1,0,0,0,1,0,0,1,0,0,0,baixo
5,0.0,0,0.0,1,5,1,0,0,0,1,0,1,1,1,0,0,gratuito
8,35000.0,424,0.6698113207547169,9,3,1,1,0,1,1,1,1,0,0,0,0,medio_alto
6,10000.0,15,0.8,1,2,1,1,0,0,1,0,0,0,0,0,0,baixo
1,10000.0,40,0.625,10,3,1,0,0,0,1,1,1,0,0,0,0,alto
1,10000.0,4,1.0,9,2,1,0,0,0,0,0,0,0,0,1,1,medio_baixo
1,10000.0,23,0.9130434782608695,1,2,1,0,0,1,1,0,1,0,0,0,0,medio_baixo
2,10000.0,3,1.0,2,4,1,0,0,0,1,1,1,1,0,0,0,medio_alto
5,150000.0,1327,0.9253956292388847,1,4,1,1,1,1,1,0,0,1,0,0,1,medio_baixo
6,10000.0,12,0.8333333333333334,1,5,1,0,0,0,1,1,0,1,0,1,1,medio_alto
1,10000.0,0,0.0,10,1,1,0,0,0,0,1,0,0,0,0,0,alto
11,35000.0,461,0.9088937093275488,3,4,1,1,1,0,1,0,0,1,1,0,1,gratuito
1,0.0,0,0.0,0,0,1,0,0,0,0,0,0,0,0,0,0,gratuito
7,10000.0,20,0.45,1,3,1,0,0,0,0,0,0,0,0,0,1,alto
3,10000.0,2,0.0,10,3,1,0,0,0,1,1,0,0,1,0,0,medio_alto
12,150000.0,465,0.3913978494623656,1,1,1,0,0,0,0,1,0,0,0,0,0,medio_alto
1,10000.0,0,0.0,1,3,1,0,0,0,1,0,1,0,0,0,1,medio_baixo
3,0.0,0,0.0,0,0,1,0,0,0,0,0,0,0,0,0,0,gratuito
2,35000.0,43,0.5813953488372093,7,1,1,0,0,0,0,1,0,0,0,0,0,medio_baixo
2,10000.0,14,0.5714285714285714,3,2,1,0,0,0,1,0,1,0,0,0,0,medio_alto
1,10000.0,0,0.0,18,3,1,0,0,0,1,1,1,0,0,0,0,medio_baixo
1,10000.0,0,0.0,1,5,1,0,0,1,1,0,0,1,1,1,0,gratuito
10,35000.0,216,0.7870370370370371,1,1,1,1,1,0,1,0,0,0,0,0,0,medio_baixo
8,10000.0,126,0.8650793650793651,9,3,1,0,0,0,1,1,0,0,0,0,0,medio_alto
2,10000.0,31,0.6774193548387096,1,2,1,0,0,0,0,1,1,0,0,0,0,baixo
1,0.0,0,0.0,1,4,1,0,0,0,1,1,1,1,0,0,0,medio_baixo
2,10000.0,3,1.0,1,1,1,0,0,0,0,0,0,0,1,0,0,medio_alto
2,0.0,0,0.0,0,0,1,0,0,0,0,0,0,0,0,0,0,gratuito
1,10000.0,141,0.8156028368794326,7,3,1,0,0,1,1,0,1,0,0,0,0,medio_baixo
10,10000.0,21,0.9047619047619048,1,5,1,0,0,0,0,0,0,0,0,0,0,gratuito
2,10000.0,0,0.0,1,4,1,0,0,0,1,0,0,1,0,0,1,baixo
9,10000.0,6,1.0,1,6,1,0,0,0,1,1,1,1,0,0,1,medio_baixo
2,10000.0,117,0.905982905982906,4,3,1,0,0,0,1,1,0,1,0,0,0,medio_baixo
8,75000.0,917,0.8037077426390403,6,1,1,0,0,1,0,0,0,0,1,0,0,alto
6,10000.0,3,1.0,1,5,1,0,0,0,1,1,0,1,0,0,0,medio_alto
8,35000.0,482,0.8651452282157677,2,6,1,0,0,0,1,0,1,1,1,1,1,medio_alto
7,10000.0,2,0.5,1,3,1,0,0,0,1,1,0,0,1,0,0,baixo
1,0.0,0,0.0,10,4,1,0,0,0,0,1,0,1,1,0,0,gratuito
5,35000.0,216,0.9537037037037037,10,4,1,1,0,0,1,0,1,1,1,0,0,baixo
3,10000.0,69,0.8840579710144928,1,1,1,0,0,0,0,1,0,0,0,0,0,medio_baixo
1,0.0,0,0.0,1,3,1,0,1,0,1,0,0,1,0,0,0,medio_alto
2,10000.0,0,0.0,5,1,1,0,0,0,0,0,0,0,0,1,0,medio_alto
1,10000.0,117,0.1282051282051282,1,3,1,0,0,0,1,0,0,1,1,0,0,medio_baixo
5,10000.0,33,0.24242424242424243,1,4,1,0,0,0,1,1,0,0,0,0,0,gratuito
1,0.0,0,0.0,0,0,1,0,0,0,0,0,0,0,0,0,0,gratuito
4,10000.0,8,0.375,1,5,1,0,0,0,1,0,1,0,1,0,1,alto
4,10000.0,15,0.9333333333333333,3,1,1,0,0,0,0,0,1,0,0,0,0,alto
5,10000.0,692,0.865606936416185,2,3,1,0,0,0,1,0,1,0,1,0,0,medio_alto
15,75000.0,654,0.3425076452599388,4,2,1,0,0,0,1,1,0,0,0,0,0,medio_baixo
4,10000.0,92,0.9782608695652174,1,4,1,0,0,0,1,0,0,0,0,1,1,baixo
5,10000.0,0,0.0,1,2,1,1,1,2,0,0,0,1,0,0,1,alto
7,35000.0,59,0.711864406779661,1,2,1,0,0,0,0,0,1,0,0,1,0,baixo
2,10000.0,6,0.8333333333333334,1,4,1,0,0,0,0,1,1,0,1,0,0,gratuito
3,10000.0,5,1.0,29,2,1,0,0,0,1,0,0,1,0,0,0,alto
8,10000.0,120,0.4,1,4,1,0,0,0,1,0,0,1,0,0,1,medio_baixo
5,10000.0,40,0.6,1,3,1,0,0,0,1,1,1,0,0,0,0,medio_alto
17,35000.0,142,0.9225352112676056,1,2,1,0,0,0,0,0,1,0,1,0,0,medio_alto
1,10000.0,0,0.0,1,2,1,0,0,0,0,0,0,0,0,1,0,alto
8,350000.0,1468,0.6982288828337875,3,3,1,0,0,0,0,1,0,0,1,1,0,gratuito
6,75000.0,368,0.9021739130434783,8,3,1,0,0,0,1,1,1,0,0,0,0,medio_baixo
4,10000.0,10,0.7,3,4,1,0,0,0,1,1,1,0,1,0,0,medio_baixo
1,10000.0,0,0.0,1,1,1,0,0,0,0,0,0,1,0,0,0,baixo
5,35000.0,5,0.8,2,4,1,0,0,0,1,1,0,0,0,1,0,medio_baixo
9,35000.0,889,0.9336332958380202,2,2,1,0,0,1,0,0,1,0,0,1,0,medio_alto
7,35000.0,86,0.7674418604651163,1,4,1,0,0,1,1,0,0,0,1,1,0,gratuito
3,10000.0,6,0.6666666666666666,2,2,1,0,0,0,0,1,1,0,0,0,0,baixo
5,10000.0,19,0.7368421052631579,1,3,1,0,0,0,1,1,1,0,0,0,0,medio_baixo
2,0.0,0,0.0,0,0,1,0,0,0,0,0,0,0,0,0,0,gratuito
2,0.0,0,0.0,0,0,1,0,0,0,0,0,0,0,0,0,0,gratuito
8,10000.0,59,0.9491525423728814,1,2,1,1,1,0,1,0,1,0,0,0,0,gratuito
3,10000.0,5,0.8,1,4,1,0,0,0,1,1,1,0,1,0,0,medio_alto
2,10000.0,0,0.0,6,5,1,0,0,0,0,1,0,1,0,0,0,gratuito
1,0.0,0,0.0,5,2,1,0,0,0,1,0,0,0,0,0,0,gratuito
9,35000.0,54,0.8333333333333334,1,5,1,0,0,0,1,1,0,1,0,0,1,medio_alto
10,35000.0,15,0.4666666666666667,1,1,1,0,0,0,0,0,0,1,0,0,0,alto
2,1500000.0,28163,0.7991691226076767,9,3,1,0,1,18,0,1,0,0,0,0,0,gratuito
1,0.0,0,0.0,1,4,1,0,0,0,1,0,1,1,0,0,0,medio_alto
9,10000.0,96,0.8958333333333334,1,3,1,0,0,0,1,0,1,0,1,0,0,gratuito
5,150000.0,186,0.8709677419354839,1,2,1,1,1,0,0,0,0,0,0,0,0,gratuito
1,0.0,0,0.0,0,0,1,0,0,0,0,0,0,0,0,0,0,gratuito
7,10000.0,18,0.6666666666666666,1,3,1,0,0,0,1,1,0,0,0,0,0,baixo
5,10000.0,602,0.8588039867109635,11,3,1,0,0,1,1,1,1,0,0,0,0,medio_baixo
4,35000.0,2,1.0,5,3,1,0,1,0,1,1,0,1,0,0,0,alto
15,150000.0,2138,0.9106641721234799,1,5,1,1,1,0,1,1,1,1,0,0,1,medio_baixo
4,0.0,0,0.0,1,3,1,0,0,0,1,0,0,0,1,0,0,gratuito
1,0.0,0,0.0,1,2,1,0,0,0,0,0,1,0,0,0,1,alto
4,10000.0,6,1.0,2,1,1,0,0,1,0,0,0,1,0,0,0,medio_baixo
9,10000.0,21,0.8571428571428571,2,2,1,1,1,0,1,1,0,0,0,0,0,baixo
1,0.0,0,0.0,1,2,1,1,0,0,0,1,0,0,0,0,0,medio_alto
4,10000.0,6,0.8333333333333334,1,3,1,0,0,0,1,1,1,0,0,0,0,medio_baixo
1,10000.0,124,0.7096774193548387,29,5,1,0,0,1,1,1,1,1,0,0,1,alto
1,10000.0,4,0.75,3,1,1,0,0,0,0,0,1,0,0,0,0,baixo
3,10000.0,0,0.0,11,1,1,0,0,0,0,0,0,0,0,0,1,gratuito
5,150000.0,126,0.9206349206349206,7,3,1,1,1,0,1,0,1,0,0,0,0,gratuito
7,10000.0,10,1.0,1,3,1,0,0,0,1,1,1,0,0,0,0,baixo
3,10000.0,5,0.8,2,2,1,0,0,0,1,1,0,0,0,0,0,alto
2,10000.0,29,0.8275862068965517,1,3,1,0,0,0,0,1,0,1,0,0,0,baixo
3,750000.0,12698,0.8923452512206647,11,3,1,0,0,3,1,0,1,0,1,0,0,alto
2,0.0,0,0.0,14,4,1,1,1,0,1,0,1,1,0,0,1,baixo
1,10000.0,17,0.9411764705882353,7,3,1,0,1,0,1,1,0,1,0,0,0,baixo
3,10000.0,3,1.0,2,2,1,0,0,0,0,0,0,0,0,0,1,alto
1,0.0,0,0.0,0,0,1,0,0,0,0,0,0,0,0,0,0,gratuito
3,10000.0,58,0.8448275862068966,3,3,1,0,0,0,1,0,1,0,1,0,0,alto
5,10000.0,134,0.9328358208955224,1,3,1,1,1,1,1,0,1,1,0,0,0,alto
2,10000.0,1,1.0,1,2,1,0,0,0,0,0,1,0,1,0,0,medio_baixo
9,10000.0,7,0.5714285714285714,1,3,1,0,0,0,1,1,1,0,0,0,0,medio_alto
4,10000.0,5,1.0,1,2,1,0,0,0,0,0,0,1,0,1,0,baixo
3,10000.0,18,0.8888888888888888,17,4,1,1,0,0,1,1,1,0,0,1,0,baixo
8,10000.0,0,0.0,1,3,1,0,0,0,1,1,1,0,0,0,0,baixo
2,10000.0,12,1.0,1,2,1,0,0,0,0,1,0,0,0,0,0,medio_alto
9,350000.0,320,0.6,1,4,1,0,0,0,1,1,1,0,1,0,0,baixo
3,10000.0,0,0.0,15,2,1,0,0,0,0,0,0,0,0,0,1,medio_alto
5,1500000.0,87836,0.8261988250831094,20,4,1,0,0,20,0,1,0,0,0,0,1,gratuito
2,0.0,0,0.0,1,5,1,0,0,0,0,0,1,1,0,1,1,gratuito
1,0.0,0,0.0,6,4,1,0,0,0,1,1,0,1,1,0,0,medio_alto
2,0.0,0,0.0,1,7,1,0,0,0,1,1,1,1,0,0,0,gratuito
2,0.0,0,0.0,30,2,1,1,1,1,0,0,0,1,0,0,0,gratuito
8,35000.0,490,0.9163265306122449,1,2,1,1,0,0,1,0,0,1,0,0,0,medio_alto
2,10000.0,18,0.9444444444444444,2,4,1,0,0,12,1,0,0,1,0,1,0,medio_alto
3,10000.0,44,0.8863636363636364,1,4,1,0,0,0,1,1,1,0,0,0,1,medio_baixo
1,10000.0,0,0.0,1,3,1,0,0,0,1,1,1,0,0,0,0,medio_baixo
8,75000.0,79,0.5443037974683544,1,3,1,0,0,0,1,1,0,1,0,0,0,baixo
10,35000.0,228,0.8991228070175439,1,3,1,0,0,0,1,0,1,0,1,0,0,medio_baixo
3,10000.0,268,0.914179104477612,1,3,1,0,0,0,1,1,0,0,0,0,0,gratuito
6,10000.0,84,0.8928571428571429,2,3,1,1,1,0,1,0,1,1,0,0,0,medio_baixo
4,10000.0,0,0.0,1,2,1,0,0,0,1,0,0,1,0,0,0,baixo
1,0.0,0,0.0,0,0,1,0,0,0,0,0,0,0,0,0,0,gratuito
9,10000.0,42,0.5952380952380952,1,3,1,0,0,0,0,0,0,1,0,0,1,gratuito
5,75000.0,22,0.9545454545454546,1,2,1,0,0,0,1,0,1,0,0,0,0,medio_alto
3,10000.0,0,0.0,1,1,1,0,0,0,1,0,0,0,0,0,0,alto
7,35000.0,12,0.8333333333333334,2,4,1,0,0,0,1,0,1,0,0,1,0,medio_alto
1,10000.0,0,0.0,4,2,1,0,0,0,1,1,0,0,0,0,0,alto
5,35000.0,38,0.9736842105263158,2,1,1,0,0,0,1,0,0,0,0,0,0,medio_alto
4,0.0,0,0.0,0,0,1,0,0,0,0,0,0,0,0,0,0,gratuito
3,10000.0,19,0.6842105263157895,1,3,1,0,0,0,1,1,1,0,0,0,0,medio_alto
3,0.0,0,0.0,1,2,1,1,1,0,1,0,1,0,0,0,0,gratuito
8,750000.0,2979,0.553877139979859,11,5,1,0,0,0,0,1,0,0,0,1,1,gratuito
9,350000.0,2984,0.8414879356568364,13,2,1,0,0,0,1,1,0,0,0,0,0,baixo
2,10000.0,0,0.0,1,4,1,0,0,0,1,1,0,1,0,0,0,medio_alto
10,1500000.0,27747,0.9170000360399323,14,3,1,1,1,2,1,0,1,0,0,1,0,medio_alto
3,75000.0,80,0.4875,17,1,1,0,0,0,0,0,0,0,0,1,0,gratuito
1,0.0,0,0.0,0,0,1,0,0,0,0,0,0,0,0,0,0,gratuito
5,10000.0,0,0.0,1,1,1,0,0,0,0,0,0,1,0,0,0,alto
5,10000.0,0,0.0,29,1,1,0,0,1,0,0,0,0,0,0,1,medio_alto
1,10000.0,0,0.0,12,3,1,1,1,1,1,1,1,0,0,0,0,medio_alto
2,10000.0,2,1.0,1,1,1,0,0,0,1,0,0,0,0,0,0,baixo
13,350000.0,976,0.3206967213114754,7,2,1,1,1,0,1,0,0,0,0,1,0,medio_baixo
6,75000.0,122,0.7540983606557377,2,2,1,0,0,0,0,0,0,1,0,0,0,gratuito
9,150000.0,61,0.639344262295082,3,2,1,1,1,0,1,1,0,0,0,0,0,baixo
3,10000.0,83,0.8554216867469879,1,3,1,0,0,0,1,1,0,1,0,0,0,baixo
4,75000.0,2396,0.4561769616026711,2,1,1,0,0,1,0,1,0,0,0,0,0,alto
7,10000.0,9,0.8888888888888888,2,4,1,0,0,0,1,1,0,1,0,0,0,medio_alto
6,10000.0,27,0.7777777777777778,1,4,1,0,0,0,1,1,0,1,0,0,0,medio_baixo
2,10000.0,147,0.6802721088435374,1,1,1,0,0,0,1,0,0,0,0,0,0,alto
1,0.0,0,0.0,4,5,1,0,0,11,1,1,1,0,1,0,0,gratuito
1,10000.0,0,0.0,1,3,1,0,0,0,1,0,1,1,0,0,0,medio_alto
6,35000.0,137,0.7664233576642335,1,1,1,0,0,0,0,0,0,0,0,1,0,gratuito
1,10000.0,13,0.9230769230769231,2,4,1,0,0,0,1,0,1,0,1,1,0,baixo
11,10000.0,145,0.9379310344827586,1,2,1,1,1,1,1,0,0,0,0,1,0,medio_alto
7,10000.0,1,1.0,1,2,1,0,0,0,1,0,1,0,0,0,0,medio_baixo
2,10000.0,4,1.0,2,5,1,1,1,0,0,0,1,1,1,1,1,baixo
2,10000.0,1,1.0,1,4,1,0,0,0,1,1,0,1,0,0,0,medio_baixo
3,10000.0,1,1.0,2,2,1,0,0,0,1,1,0,0,0,0,0,medio_alto
4,10000.0,0,0.0,3,2,1,0,0,1,1,0,0,0,1,0,0,medio_baixo
4,10000.0,30,0.36666666666666664,3,2,1,0,0,0,1,1,0,0,0,0,0,baixo
1,10000.0,184,0.717391304347826,12,5,1,0,0,1,1,1,1,0,1,0,0,medio_alto
6,35000.0,65,0.676923076923077,1,4,1,0,0,0,1,1,1,0,0,0,0,gratuito
9,10000.0,11,0.2727272727272727,6,4,1,0,0,0,1,1,1,0,0,0,0,medio_alto
9,75000.0,324,0.9506172839506173,1,3,1,1,1,0,1,1,0,0,0,0,0,medio_baixo
4,0.0,0,0.0,0,0,1,0,0,0,0,0,0,0,0,0,0,gratuito
3,10000.0,2,0.5,1,2,1,0,0,0,0,0,1,1,0,0,0,alto
3,350000.0,3894,0.8310220852593734,7,4,1,0,0,1,1,1,1,0,1,0,0,medio_alto
1,10000.0,0,0.0,1,4,1,0,1,0,1,1,1,0,1,0,0,medio_alto
3,10000.0,50,0.78,11,2,1,0,0,0,0,1,1,0,0,0,0,medio_alto
1,0.0,0,0.0,0,0,1,0,0,0,0,0,0,0,0,0,0,gratuito
4,0.0,0,0.0,0,0,1,0,0,0,0,0,0,0,0,0,0,gratuito
9,10000.0,27,0.9259259259259259,1,2,1,1,0,0,1,1,0,0,0,0,0,baixo
2,10000.0,4,1.0,1,4,1,0,0,0,1,0,0,1,0,1,0,medio_alto
6,10000.0,6,0.3333333333333333,1,3,1,0,0,0,1,1,1,0,0,0,0,medio_baixo
4,10000.0,0,0.0,2,2,1,0,0,0,0,0,0,1,0,0,1,medio_baixo
3,0.0,0,0.0,1,2,1,0,0,0,0,1,0,0,0,0,0,gratuito
3,10000.0,238,0.9495798319327731,4,4,1,0,0,0,1,0,1,0,1,1,0,alto
6,10000.0,2,1.0,1,4,1,0,0,0,1,1,0,1,0,0,0,alto
2,10000.0,13,0.7692307692307693,11,3,1,0,0,0,1,1,1,0,0,0,0,medio_baixo
6,10000.0,10,0.7,1,2,1,0,0,0,1,0,0,0,0,0,0,alto
6,10000.0,0,0.0,29,4,1,0,0,1,1,0,0,1,1,0,1,baixo
1,75000.0,14,1.0,2,8,1,0,0,0,1,1,1,1,1,1,1,baixo
5,0.0,0,0.0,1,4,1,0,0,0,0,0,1,1,1,0,0,gratuito
5,35000.0,1589,0.920075519194462,11,2,1,1,0,1,1,1,0,0,0,0,0,medio_alto
12,3500000.0,2833,0.8104482880338864,10,3,1,1,1,0,1,1,0,1,0,0,0,baixo
7,10000.0,0,0.0,3,2,1,0,0,2,1,0,0,1,0,0,0,baixo
4,10000.0,6,0.5,103,5,1,0,0,0,1,0,1,1,0,1,1,baixo
1,10000.0,39,1.0,13,3,1,0,0,0,1,0,1,0,0,0,1,medio_baixo
3,10000.0,5,0.8,1,4,1,0,0,0,1,1,1,0,0,0,0,medio_baixo
5,35000.0,122,0.8934426229508197,4,2,1,0,0,0,0,1,0,0,1,0,0,alto
11,75000.0,96,0.7291666666666666,1,3,1,1,0,0,1,0,1,1,0,0,0,medio_alto
4,10000.0,16,0.875,1,3,1,0,0,0,1,0,1,1,0,0,0,medio_baixo
6,10000.0,1,1.0,1,6,1,0,0,2,1,1,1,1,1,1,0,medio_alto
3,10000.0,2,0.0,4,7,1,1,1,0,1,1,1,0,1,1,1,baixo
5,10000.0,1,0.0,2,1,1,0,0,0,0,0,0,1,0,0,0,alto
2,10000.0,0,0.0,1,3,1,0,0,0,1,0,0,1,0,0,0,gratuito
10,10000.0,8,0.625,1,5,1,0,0,0,1,1,0,0,0,0,0,medio_baixo
9,10000.0,8,0.25,1,2,1,0,0,0,1,0,0,1,0,0,0,baixo
5,35000.0,130,0.5538461538461539,12,2,1,1,1,0,0,1,1,0,0,0,0,alto
4,10000.0,0,0.0,1,3,1,0,0,0,1,0,0,1,0,0,1,medio_alto
8,10000.0,7,0.8571428571428571,4,3,1,0,0,1,1,0,1,1,0,0,0,baixo
11,10000.0,12,1.0,1,1,1,0,0,0,1,0,0,0,0,0,0,medio_alto
2,10000.0,6,0.6666666666666666,9,4,1,0,0,0,1,1,0,1,0,0,1,medio_alto
6,10000.0,3,1.0,1,2,1,0,0,0,1,1,0,0,0,0,0,medio_baixo
6,150000.0,2402,0.7552039966694422,8,2,1,0,0,7,0,1,0,0,1,0,0,alto
5,10000.0,76,0.6578947368421053,14,7,1,0,0,0,0,0,0,0,0,0,0,alto
5,75000.0,23,0.9130434782608695,103,3,1,0,0,0,1,0,1,1,0,0,0,baixo
2,0.0,0,0.0,0,0,1,0,0,0,0,0,0,0,0,0,0,gratuito
2,10000.0,0,0.0,1,1,1,1,1,0,1,0,0,0,0,0,0,medio_baixo
2,10000.0,0,0.0,2,3,1,0,0,0,1,0,1,0,0,0,1,alto
4,0.0,0,0.0,0,0,1,0,0,0,0,0,0,0,0,0,0,gratuito
2,10000.0,2,1.0,2,2,1,0,0,0,1,0,0,0,1,0,0,medio_alto
3,1500000.0,3713,0.5017506059789927,9,8,1,1,0,6,1,1,0,1,1,1,1,gratuito
1,10000.0,24,0.75,8,1,1,0,0,0,1,0,0,0,0,0,0,baixo
17,150000.0,457,0.8643326039387309,4,1,1,0,0,0,0,0,1,0,0,0,0,baixo
1,10000.0,1,1.0,7,3,1,0,0,0,1,0,0,0,1,1,0,alto
1,10000.0,0,0.0,4,2,1,0,0,0,1,0,1,0,0,0,0,alto
9,0.0,0,0.0,1,3,1,0,0,0,1,0,1,1,0,0,0,gratuito
6,10000.0,0,0.0,1,4,1,0,0,0,0,0,1,0,0,1,0,gratuito
2,0.0,0,0.0,0,0,1,0,0,0,0,0,0,0,0,0,0,gratuito
18,10000.0,19,0.3684210526315789,1,3,1,0,0,0,1,0,0,1,0,0,0,alto
1,10000.0,0,0.0,2,2,1,0,0,0,1,1,0,0,0,0,0,medio_baixo
4,0.0,0,0.0,1,2,1,0,0,0,1,0,0,1,0,0,0,gratuito
5,0.0,0,0.0,1,2,1,0,0,0,1,1,0,0,0,0,0,gratuito
2,10000.0,43,0.813953488372093,2,4,1,0,0,0,1,1,1,0,0,1,0,baixo
11,10000.0,33,0.8787878787878788,1,2,1,1,1,2,1,0,0,0,0,1,0,gratuito
4,10000.0,7,0.7142857142857143,1,3,1,0,1,0,1,1,1,0,0,0,0,baixo
1,10000.0,0,0.0,1,3,1,0,0,0,1,1,0,1,0,0,0,medio_alto
2,10000.0,4,1.0,1,2,1,0,0,0,1,0,1,0,0,0,0,medio_alto
6,10000.0,8,1.0,1,2,1,1,1,0,1,0,0,1,0,0,0,baixo
2,10000.0,0,0.0,1,3,1,0,0,0,1,1,1,0,0,0,0,medio_baixo
1,10000.0,0,0.0,31,2,1,0,0,0,1,0,0,1,0,0,0,baixo
8,10000.0,103,0.3300970873786408,1,7,1,0,0,0,1,1,0,0,1,1,0,medio_baixo
2,0.0,0,0.0,7,5,1,0,0,1,1,1,0,1,0,0,0,gratuito
3,0.0,0,0.0,1,1,1,0,0,1,0,1,0,0,0,0,0,gratuito
4,10000.0,18,1.0,1,2,1,0,0,0,1,1,0,0,0,0,0,alto
6,10000.0,37,0.5405405405405406,2,3,1,0,0,0,1,1,1,0,0,0,0,gratuito
3,10000.0,6,1.0,1,3,1,0,0,0,1,0,1,1,0,0,0,alto
4,0.0,0,0.0,1,4,1,0,0,0,1,0,1,1,1,0,0,medio_baixo
1,10000.0,0,0.0,1,2,1,1,0,0,1,0,0,1,0,0,0,medio_alto
8,35000.0,102,0.7352941176470589,1,3,1,1,1,0,1,0,0,0,0,1,0,alto
3,10000.0,7,0.8571428571428571,18,4,1,0,0,0,1,1,1,1,0,0,0,baixo
1,0.0,0,0.0,1,3,1,0,0,0,1,1,1,0,0,0,0,medio_alto
10,75000.0,144,0.5625,1,3,1,1,0,0,0,1,1,1,0,0,0,gratuito
5,0.0,0,0.0,1,2,1,1,1,0,1,0,1,0,0,0,0,gratuito
4,10000.0,2,0.5,17,1,1,0,0,0,0,0,1,0,0,0,0,alto
1,10000.0,0,0.0,2,1,1,0,0,0,0,0,0,0,1,0,0,medio_alto
1,0.0,0,0.0,2,5,1,0,0,0,0,1,0,0,1,0,1,gratuito
6,10000.0,617,0.9319286871961102,1,3,1,0,0,0,1,0,1,1,0,0,0,baixo
8,10000.0,170,0.9058823529411765,2,1,1,1,1,1,1,0,0,0,0,0,0,alto
3,10000.0,1,1.0,1,3,1,0,0,0,1,1,0,1,0,0,0,medio_baixo
4,35000.0,8,1.0,1,3,1,1,1,0,1,0,1,0,0,0,0,gratuito
5,0.0,0,0.0,2,6,1,0,0,1,1,1,1,1,1,0,0,gratuito
5,10000.0,11,0.8181818181818182,2,3,1,0,0,1,1,0,1,1,0,0,0,baixo
10,35000.0,111,0.3153153153153153,1,2,1,0,0,0,0,1,0,0,0,1,0,baixo
6,10000.0,91,0.8571428571428571,29,2,1,0,0,1,1,0,0,1,0,0,0,baixo
5,10000.0,18,0.5,2,4,1,0,0,0,1,0,0,0,1,1,1,medio_alto
7,10000.0,10,0.9,2,5,1,0,0,0,1,0,1,1,1,1,0,baixo
7,1500000.0,4297,0.8524552013032348,1,3,1,0,0,1,1,0,0,1,0,0,1,baixo
8,10000.0,19,0.9473684210526315,1,3,1,1,1,0,1,0,0,1,0,1,0,medio_baixo
4,10000.0,0,0.0,1,2,1,0,0,0,1,1,0,0,0,0,0,medio_baixo
2,10000.0,6,1.0,1,3,1,0,1,0,1,1,0,1,0,0,0,baixo
7,10000.0,2,1.0,2,2,1,0,0,0,0,1,0,0,0,0,0,medio_baixo
8,35000.0,25,0.56,2,4,1,1,0,0,1,1,1,0,0,0,1,gratuito
10,10000.0,26,0.9230769230769231,1,2,1,1,1,0,1,0,0,1,0,0,0,medio_alto
5,0.0,0,0.0,0,0,1,0,0,0,0,0,0,0,0,0,0,gratuito
6,10000.0,0,0.0,1,4,1,0,0,0,1,0,1,1,0,0,0,baixo
3,75000.0,524,0.9312977099236641,5,3,1,1,1,0,1,0,0,0,0,1,1,medio_alto
2,10000.0,100,0.95,1,1,1,0,0,0,1,0,0,0,0,0,0,alto
4,10000.0,6,0.16666666666666666,11,1,1,0,0,0,0,0,0,0,0,0,1,alto
8,35000.0,106,0.7830188679245284,4,2,1,0,0,0,1,1,0,0,0,0,0,alto
8,35000.0,557,0.933572710951526,4,2,1,0,0,0,1,0,0,0,1,0,0,baixo
2,10000.0,137,0.8467153284671532,11,3,1,0,0,0,1,1,1,0,0,0,0,alto
7,10000.0,6,0.5,1,2,1,0,0,1,1,0,0,1,0,0,0,medio_alto
5,150000.0,2014,0.897219463753724,1,2,1,0,0,0,0,0,0,0,0,0,1,alto
1,0.0,0,0.0,1,3,1,0,0,0,1,1,1,0,0,0,0,gratuito
7,10000.0,15,0.8666666666666667,24,2,1,0,0,0,1,0,0,1,0,0,0,baixo
5,10000.0,6,0.6666666666666666,9,3,1,0,0,0,1,1,0,1,0,0,0,baixo
4,10000.0,3,1.0,1,3,1,0,0,0,1,1,1,0,0,0,0,medio_alto
10,350000.0,614,0.5244299674267101,1,2,1,0,0,0,1,0,0,1,0,0,0,baixo
1,10000.0,61,0.7704918032786885,15,2,1,0,0,0,0,1,0,1,0,0,0,alto
2,10000.0,0,0.0,28,2,1,0,1,4,1,0,0,1,0,0,0,medio_baixo
1,10000.0,0,0.0,1,1,1,0,0,0,0,1,0,0,0,0,0,medio_alto
6,10000.0,13,0.6923076923076923,1,3,1,1,0,0,1,1,0,1,0,0,0,baixo
8,35000.0,113,0.49557522123893805,1,3,1,1,1,0,1,0,1,0,0,0,0,gratuito
1,10000.0,0,0.0,13,4,1,0,0,0,1,0,0,1,0,0,1,medio_alto
10,10000.0,11,0.8181818181818182,1,4,1,0,0,0,1,1,0,1,0,0,1,baixo
4,35000.0,129,0.6744186046511628,5,2,1,1,0,1,1,0,0,0,0,0,1,medio_alto
3,10000.0,5,1.0,1,1,1,0,0,0,1,0,0,0,0,0,0,medio_alto
2,10000.0,0,0.0,1,2,1,0,0,0,1,0,0,1,0,0,0,baixo
3,10000.0,2,0.5,6,3,1,0,0,0,1,0,1,1,0,0,0,baixo
7,350000.0,3309,0.9413720157147174,24,5,1,1,1,0,1,0,1,1,0,1,1,medio_alto
4,10000.0,2,1.0,1,3,1,0,0,0,0,0,1,0,0,1,1,baixo
8,10000.0,9,1.0,2,1,1,0,0,0,1,0,0,0,0,0,0,medio_baixo
7,10000.0,11,0.7272727272727273,3,4,1,0,1,0,1,1,1,1,0,0,0,medio_alto
5,0.0,0,0.0,1,4,1,1,1,0,1,0,0,1,0,0,1,gratuito
8,75000.0,1513,0.9629874421678783,2,1,1,0,0,4,0,0,1,0,0,0,0,alto
5,10000.0,2,0.5,1,1,1,1,1,0,0,0,0,0,0,1,0,baixo
5,10000.0,42,0.9285714285714286,1,2,1,0,0,1,0,0,0,1,0,0,1,alto
5,35000.0,1221,0.8411138411138411,1,6,1,0,0,0,1,0,0,0,0,0,1,alto
3,350000.0,1544,0.3704663212435233,8,4,1,0,0,0,1,0,0,1,0,0,0,gratuito
2,10000.0,0,0.0,1,1,1,0,0,0,0,0,0,1,0,0,0,alto
2,10000.0,17,0.7058823529411765,2,3,1,0,0,0,1,0,0,1,0,0,1,medio_alto
10,10000.0,19,0.5263157894736842,1,5,1,0,0,0,1,0,1,1,0,0,1,alto
8,750000.0,19928,0.9048574869530309,11,2,1,0,0,2,0,0,0,0,1,1,0,alto
1,0.0,0,0.0,11,3,1,0,0,0,0,1,0,0,0,0,0,gratuito
9,75000.0,167,0.9101796407185628,2,1,1,0,0,0,0,0,0,0,0,0,0,gratuito
1,0.0,0,0.0,0,0,1,0,0,0,0,0,0,0,0,0,0,gratuito
5,10000.0,125,0.92,1,4,1,1,1,0,1,1,1,1,0,0,0,medio_alto
9,10000.0,349,0.9828080229226361,1,3,1,1,1,1,1,0,1,0,1,0,0,medio_alto
7,35000.0,120,0.65,2,3,1,1,0,0,1,0,1,0,0,0,0,gratuito
4,75000.0,451,0.656319290465632,7,3,1,0,0,0,0,0,0,1,0,0,1,medio_alto
13,1500000.0,17115,0.95056967572305,1,2,1,1,1,0,1,0,1,0,0,0,0,medio_alto
8,10000.0,1,0.0,1,3,1,0,1,1,1,1,0,1,0,0,0,gratuito
3,0.0,0,0.0,0,0,1,0,0,0,0,0,0,0,0,0,0,gratuito
4,10000.0,0,0.0,1,3,1,0,1,0,1,0,0,1,0,0,1,baixo
4,35000.0,6,0.8333333333333334,1,2,1,0,0,0,0,1,1,0,0,0,0,baixo
5,10000.0,2,1.0,1,4,1,0,0,0,1,1,1,1,0,0,0,baixo
5,350000.0,1090,0.6302752293577981,1,3,1,0,0,5,0,1,0,0,0,0,0,gratuito
11,10000.0,115,0.3130434782608696,1,3,1,0,0,0,1,1,0,0,1,0,0,gratuito
12,75000.0,884,0.8800904977375565,1,3,1,0,0,0,1,1,0,0,0,0,0,medio_baixo
3,35000.0,359,0.9554317548746518,4,4,1,0,0,0,1,1,1,0,1,0,0,alto
1,10000.0,35,1.0,6,3,1,1,0,0,1,0,0,1,0,0,1,medio_baixo
4,10000.0,3,1.0,1,2,1,0,0,0,1,0,0,0,0,0,0,alto
1,10000.0,0,0.0,1,3,1,0,0,0,1,1,0,0,0,0,1,medio_alto
2,75000.0,21,0.9047619047619048,2,5,1,0,0,0,1,1,0,1,0,0,0,gratuito
7,10000.0,1,0.0,1,5,1,0,0,0,1,0,0,1,0,0,1,medio_baixo
3,10000.0,8,0.875,3,4,1,0,0,0,1,0,0,1,0,1,0,gratuito
11,35000.0,71,0.7464788732394366,1,1,1,0,0,0,0,1,0,0,0,0,0,baixo
6,10000.0,143,0.7482517482517482,2,0,1,0,0,0,0,0,0,0,0,0,0,alto
11,75000.0,329,0.6200607902735562,11,2,1,0,1,0,1,0,0,1,0,0,0,baixo
5,10000.0,1,1.0,2,3,1,0,0,0,1,0,0,1,0,0,1,medio_baixo
4,10000.0,0,0.0,1,2,1,0,1,0,1,0,0,1,0,0,0,baixo
8,10000.0,3,0.6666666666666666,1,2,1,0,0,0,0,0,1,0,0,0,1,medio_alto
5,10000.0,3,1.0,1,3,1,0,0,0,1,1,0,1,0,0,0,medio_alto
2,0.0,0,0.0,0,0,1,0,0,0,0,0,0,0,0,0,0,gratuito
3,10000.0,5,0.8,1,2,1,0,0,0,0,0,0,1,1,0,0,medio_baixo
2,10000.0,17,0.4117647058823529,1,1,1,0,0,0,0,0,0,0,0,1,0,medio_baixo
5,0.0,0,0.0,0,0,1,0,0,0,0,0,0,0,0,0,0,gratuito
2,0.0,0,0.0,0,0,1,0,0,0,0,0,0,0,0,0,0,gratuito
9,10000.0,15,0.13333333333333333,1,3,1,1,0,0,0,1,1,0,0,0,1,alto
9,10000.0,55,0.43636363636363634,9,3,1,0,0,0,1,0,0,1,0,0,0,medio_baixo
1,0.0,0,0.0,12,3,1,0,0,0,1,0,0,0,0,1,0,alto
12,35000.0,41,0.8048780487804879,1,1,1,0,1,0,0,0,1,0,0,0,0,medio_baixo
3,10000.0,0,0.0,1,1,1,0,0,0,0,0,0,1,0,0,0,baixo
6,10000.0,3,0.6666666666666666,1,5,1,1,1,0,1,0,1,1,1,1,0,baixo
9,75000.0,39,0.6666666666666666,2,4,1,1,0,1,0,0,0,0,0,0,0,gratuito
8,10000.0,53,0.7735849056603774,1,3,1,1,1,0,1,0,1,0,1,0,0,medio_alto
5,35000.0,2,0.5,1,5,1,0,0,0,1,1,1,0,1,1,0,baixo
9,10000.0,3,1.0,1,2,1,0,0,0,1,1,0,0,0,0,0,medio_baixo
2,0.0,0,0.0,0,0,1,0,0,0,0,0,0,0,0,0,0,gratuito
6,10000.0,35,0.6571428571428571,2,4,1,0,0,0,1,1,1,0,0,0,1,baixo
3,10000.0,186,0.946236559139785,5,2,1,0,0,0,1,1,0,0,0,0,0,medio_alto
6,35000.0,12,1.0,1,2,1,0,0,0,1,1,0,0,0,0,0,baixo
2,10000.0,15,0.13333333333333333,3,2,1,0,0,0,0,1,0,0,1,0,0,alto
3,0.0,0,0.0,103,3,1,1,1,0,1,0,0,1,0,1,0,baixo
4,10000.0,3,0.6666666666666666,1,1,1,0,0,0,0,0,0,0,0,0,1,medio_baixo
2,0.0,0,0.0,0,0,1,0,0,0,0,0,0,0,0,0,0,gratuito
1,35000.0,497,0.7766599597585513,3,3,1,0,0,0,0,1,0,1,1,0,0,alto
9,10000.0,45,0.7555555555555555,1,4,1,0,0,0,1,0,1,0,1,1,0,baixo
4,10000.0,20,0.95,11,3,1,0,0,1,1,1,0,1,0,0,0,baixo
4,10000.0,12,0.5833333333333334,1,3,1,0,0,0,0,1,0,0,0,0,0,baixo
2,10000.0,36,0.9166666666666666,1,4,1,0,1,0,1,1,0,1,0,0,0,medio_baixo
6,10000.0,23,0.9565217391304348,29,2,1,0,0,0,1,0,0,1,0,0,0,baixo
8,150000.0,2993,0.7911794186435015,2,6,1,0,0,0,1,1,1,1,1,0,0,alto
1,0.0,0,0.0,17,6,1,0,0,0,1,1,0,1,0,0,0,gratuito
10,75000.0,287,0.8536585365853658,5,2,1,1,1,1,0,0,1,0,0,0,0,gratuito
1,10000.0,0,0.0,7,2,1,0,0,4,0,1,1,0,0,0,0,alto
12,1500000.0,44401,0.9125920587374158,9,3,1,0,0,5,0,1,0,0,0,1,1,medio_alto
3,10000.0,17,0.35294117647058826,1,3,1,0,0,0,1,0,0,0,1,0,1,baixo
6,35000.0,14,0.5714285714285714,5,4,1,0,0,0,0,1,1,0,1,1,0,medio_baixo
10,75000.0,1360,0.9683823529411765,1,1,1,1,1,6,0,0,1,0,0,0,0,alto
10,10000.0,139,0.935251798561151,14,3,1,1,0,0,1,0,1,1,0,0,0,alto
11,35000.0,219,0.958904109589041,10,1,1,0,0,0,1,0,0,0,0,0,0,medio_alto
1,0.0,0,0.0,1,4,1,0,0,0,1,0,1,1,1,0,0,alto
7,10000.0,18,0.8888888888888888,1,3,1,0,0,0,1,1,0,1,0,0,0,gratuito
3,10000.0,0,0.0,2,2,1,0,0,0,1,0,1,0,0,0,0,alto
5,75000.0,1066,0.8583489681050657,6,4,1,0,0,2,1,0,0,0,1,1,1,alto
1,10000.0,0,0.0,8,4,1,0,0,0,1,0,1,1,0,0,1,alto
9,350000.0,1741,0.7788627225732337,12,3,1,0,0,0,1,1,1,0,0,0,0,medio_alto
6,10000.0,0,0.0,2,1,1,0,0,0,0,0,0,1,0,0,0,medio_baixo
4,10000.0,27,0.8148148148148148,1,3,1,0,0,0,1,0,0,1,0,0,1,baixo
2,35000.0,168,0.8333333333333334,6,3,1,0,0,0,1,0,1,0,0,0,1,baixo
4,10000.0,5,1.0,1,2,1,1,0,0,1,0,0,1,0,0,0,alto
1,10000.0,1,1.0,1,2,1,0,0,0,0,1,0,0,0,0,0,baixo
5,10000.0,3,0.6666666666666666,1,1,1,0,0,0,1,0,0,0,0,0,0,medio_baixo
2,0.0,0,0.0,1,3,1,0,0,0,1,0,0,1,0,0,0,gratuito
2,10000.0,226,0.6858407079646017,3,3,1,0,0,0,1,1,0,0,0,0,0,alto
7,10000.0,12,0.5,1,7,1,0,0,0,1,0,0,1,0,1,1,medio_alto
7,10000.0,0,0.0,1,6,1,0,0,0,1,0,1,1,1,1,1,alto
3,10000.0,0,0.0,1,2,1,0,0,0,1,0,0,0,0,0,0,medio_alto
5,0.0,0,0.0,1,1,1,0,0,0,0,0,0,0,0,0,0,gratuito
4,35000.0,623,0.7768860353130016,23,4,1,0,0,0,1,0,0,0,0,1,1,alto
11,35000.0,47,0.2978723404255319,27,4,1,1,1,0,1,0,0,1,0,1,0,gratuito
3,10000.0,3,1.0,2,5,1,0,0,0,1,0,1,1,0,1,1,medio_alto
1,0.0,0,0.0,1,3,1,0,0,0,0,0,0,1,0,0,0,gratuito
7,10000.0,7,0.2857142857142857,1,4,1,1,0,0,1,1,1,1,0,0,0,medio_baixo
4,10000.0,47,0.9148936170212766,2,2,1,1,0,1,0,1,1,0,0,0,0,medio_baixo
2,0.0,0,0.0,1,3,1,0,0,0,1,1,0,0,0,0,0,gratuito
4,10000.0,6,0.8333333333333334,12,4,1,0,0,0,1,1,1,1,0,0,0,medio_alto
10,10000.0,59,0.8135593220338984,1,2,1,0,0,0,1,0,0,0,0,0,1,alto
17,150000.0,724,0.8011049723756906,5,1,1,0,0,0,0,0,0,0,0,0,1,baixo
1,10000.0,0,0.0,1,2,1,1,0,0,1,0,1,0,0,0,0,alto
3,0.0,0,0.0,1,4,1,0,1,0,1,1,0,1,0,0,0,gratuito
5,75000.0,483,0.8633540372670807,1,4,1,0,0,0,1,0,0,1,0,0,0,gratuito
2,10000.0,2,0.5,1,3,1,0,0,0,0,0,0,0,0,1,1,medio_baixo
2,10000.0,1,1.0,1,4,1,0,0,0,1,1,0,1,0,0,0,alto
5,0.0,0,0.0,10,5,1,1,1,0,0,1,0,1,0,0,1,gratuito
3,10000.0,27,0.6296296296296297,1,4,1,0,0,0,1,0,1,1,0,1,0,baixo
7,10000.0,30,0.6666666666666666,1,1,1,0,0,0,1,0,0,0,0,0,0,baixo
2,10000.0,17,0.9411764705882353,1,5,1,1,0,0,1,0,1,1,0,1,1,medio_alto
1,10000.0,0,0.0,1,4,1,0,0,0,1,0,1,1,1,0,0,alto
5,10000.0,43,0.9302325581395349,8,2,1,1,0,0,1,1,0,0,0,0,0,medio_alto
9,75000.0,155,0.8451612903225807,6,3,1,0,0,0,0,1,1,0,1,0,0,alto
13,35000.0,3048,0.9183070866141733,1,3,1,1,1,2,1,1,0,1,0,0,0,medio_alto
5,150000.0,49,0.7142857142857143,1,4,1,0,0,0,1,1,1,1,0,0,0,medio_alto
9,10000.0,2,0.5,1,3,1,0,0,0,1,0,1,1,0,0,0,medio_alto
1,10000.0,44,1.0,1,2,1,0,1,0,1,0,1,0,0,0,0,medio_alto
2,10000.0,1,1.0,2,1,1,1,1,0,0,0,0,1,0,0,0,baixo
6,10000.0,131,0.8549618320610687,4,1,1,0,0,0,0,0,1,0,0,0,0,alto
7,35000.0,526,0.8346007604562737,8,3,1,0,0,0,1,1,1,0,0,0,0,medio_baixo
1,35000.0,247,0.680161943319838,12,4,1,0,0,0,1,1,0,0,0,0,0,baixo
6,10000.0,2,1.0,1,4,1,0,0,0,1,1,0,1,0,0,1,baixo
13,350000.0,4158,0.8047138047138047,17,2,1,1,1,0,1,0,1,0,0,0,0,alto
1,10000.0,47,0.6382978723404256,2,3,1,0,0,0,1,0,1,1,0,0,0,medio_baixo
4,10000.0,0,0.0,2,2,1,0,0,0,1,1,0,0,0,0,0,alto
3,0.0,0,0.0,1,2,1,0,0,0,0,1,0,0,0,0,0,gratuito
5,10000.0,6,0.3333333333333333,1,2,1,0,0,0,1,1,0,0,0,0,0,medio_baixo
12,35000.0,598,0.4498327759197324,7,1,1,1,0,2,0,0,0,0,0,0,1,alto
7,10000.0,2,0.5,1,4,1,0,0,0,1,0,0,1,0,1,0,medio_alto
1,35000.0,3,1.0,1,2,1,1,0,0,0,0,0,0,1,1,0,alto
2,0.0,0,0.0,0,0,1,0,0,0,0,0,0,0,0,0,0,gratuito
8,10000.0,6,1.0,1,2,1,1,0,0,1,0,0,1,0,0,0,medio_alto
3,10000.0,5,0.6,1,4,1,0,0,0,1,1,1,0,1,0,0,medio_baixo
1,10000.0,8,1.0,15,4,1,0,0,0,1,0,0,1,0,1,1,baixo
1,10000.0,0,0.0,6,1,1,0,0,0,0,0,0,1,0,0,0,medio_baixo
5,10000.0,0,0.0,13,1,1,0,0,0,0,0,0,1,0,0,0,baixo
5,10000.0,34,1.0,2,2,1,0,0,0,1,0,0,1,0,0,0,baixo
2,0.0,0,0.0,0,0,1,0,0,0,0,0,0,0,0,0,0,gratuito
1,10000.0,0,0.0,5,3,1,0,0,0,1,0,1,0,1,0,0,alto
10,10000.0,5,0.2,1,5,1,0,0,0,0,1,0,1,0,0,1,alto
4,10000.0,4,0.75,1,3,1,1,0,0,1,1,1,0,0,0,0,alto
3,10000.0,0,0.0,1,3,1,0,0,1,1,0,1,0,1,0,0,medio_alto
10,10000.0,27,0.9629629629629629,1,3,1,0,0,0,1,1,0,1,0,0,0,baixo
17,75000.0,140,0.5857142857142857,4,1,1,0,0,0,0,0,1,0,0,0,0,medio_baixo
6,35000.0,3,0.0,1,3,1,0,0,0,1,1,1,0,0,0,0,alto
1,10000.0,0,0.0,5,5,1,0,0,0,0,1,1,0,1,0,1,alto
3,10000.0,0,0.0,4,1,1,1,1,0,1,0,0,0,0,0,0,alto
11,10000.0,43,0.8372093023255814,1,6,1,0,0,0,1,1,1,1,1,1,0,medio_baixo
2,10000.0,0,0.0,2,1,1,0,0,1,0,1,0,0,0,0,0,alto
3,0.0,0,0.0,2,3,1,1,0,0,0,0,0,1,0,1,0,gratuito
6,150000.0,415,0.7903614457831325,2,1,1,0,0,0,0,1,0,0,0,0,0,baixo
3,10000.0,2,0.5,1,3,1,0,1,0,1,0,1,1,0,0,0,baixo
4,10000.0,5,0.4,1,2,1,1,0,0,0,0,1,1,0,0,0,baixo
2,10000.0,6,0.8333333333333334,2,3,1,0,0,3,1,1,0,1,0,0,0,medio_alto
6,10000.0,4,0.5,1,3,1,0,0,0,1,1,1,0,0,0,0,baixo
8,10000.0,118,0.3644067796610169,1,3,1,0,0,0,1,1,1,0,0,0,0,baixo
2,0.0,0,0.0,0,0,1,0,0,0,0,0,0,0,0,0,0,gratuito
2,10000.0,27,0.7037037037037037,1,2,1,0,0,0,1,1,0,0,0,0,0,medio_baixo
4,10000.0,16,0.9375,1,2,1,0,0,0,1,0,0,1,0,0,0,medio_baixo
2,0.0,0,0.0,3,3,1,0,0,1,1,0,0,1,0,0,0,gratuito
1,10000.0,0,0.0,2,2,1,0,0,0,0,0,0,0,0,0,1,alto
3,0.0,0,0.0,1,2,1,0,0,0,0,0,0,1,0,0,0,gratuito
1,10000.0,0,0.0,1,2,1,1,1,0,1,1,0,0,0,0,0,alto
8,10000.0,62,0.9516129032258065,1,3,1,0,0,0,1,0,0,0,1,0,0,gratuito
2,10000.0,30,0.6333333333333333,2,6,1,0,0,0,0,1,1,1,0,1,1,baixo
9,35000.0,292,0.9041095890410958,2,6,1,0,0,0,1,0,1,1,1,1,1,medio_baixo
3,0.0,0,0.0,1,5,1,0,0,0,1,0,1,1,0,0,1,gratuito
7,35000.0,73,0.7671232876712328,1,2,1,0,0,0,1,0,0,0,0,0,1,medio_alto
8,10000.0,0,0.0,1,2,1,0,0,0,1,0,0,1,0,0,0,medio_baixo
1,0.0,0,0.0,3,3,1,1,0,0,1,0,0,1,0,0,1,medio_alto
1,10000.0,198,0.8686868686868687,2,4,1,0,0,0,1,1,1,0,0,0,0,alto
8,10000.0,40,0.9,5,5,1,0,0,0,1,1,1,1,0,0,0,medio_baixo
1,10000.0,0,0.0,8,2,1,0,0,0,0,0,0,1,0,1,0,medio_alto
2,0.0,0,0.0,0,0,1,0,0,0,0,0,0,0,0,0,0,gratuito
2,10000.0,2,1.0,1,2,1,0,0,0,0,0,0,0,0,0,1,alto
7,10000.0,12,0.75,1,1,1,0,0,0,0,0,0,0,0,1,0,baixo
6,75000.0,1,1.0,1,5,1,0,0,0,1,1,1,0,1,1,0,alto
1,0.0,0,0.0,1,3,1,0,0,0,1,1,1,0,0,0,0,medio_alto
15,10000.0,37,0.16216216216216217,3,1,1,0,0,0,0,1,0,0,0,0,0,medio_baixo
1,10000.0,4,0.5,1,3,1,0,0,0,1,1,1,0,0,0,0,medio_alto
1,10000.0,0,0.0,12,2,1,0,0,0,0,1,0,0,0,1,0,alto
4,10000.0,0,0.0,1,1,1,0,0,0,0,0,0,1,0,0,0,baixo
1,10000.0,0,0.0,11,3,1,0,0,0,1,1,0,1,0,0,0,medio_alto
8,10000.0,0,0.0,1,2,1,0,0,0,0,0,0,0,0,0,1,medio_alto
9,10000.0,18,0.8888888888888888,1,3,1,1,0,0,1,1,1,0,0,0,0,medio_baixo
3,10000.0,0,0.0,13,3,1,0,0,0,1,1,1,0,0,0,0,medio_alto
4,10000.0,10,0.8,1,3,1,0,0,0,1,0,1,0,1,0,0,baixo
1,0.0,0,0.0,1,5,1,0,0,0,1,1,1,0,0,0,0,gratuito
1,10000.0,0,0.0,2,3,1,1,1,0,1,1,0,0,1,0,0,alto
4,0.0,0,0.0,2,3,1,0,0,0,1,0,1,1,0,0,0,gratuito
7,750000.0,8444,0.9491946944576031,15,2,1,1,1,0,1,0,1,0,0,0,0,medio_alto
2,10000.0,48,0.875,12,5,1,0,0,0,1,1,1,1,0,0,0,medio_alto
2,0.0,0,0.0,1,2,1,1,1,1,0,0,0,0,0,1,1,gratuito
1,0.0,0,0.0,1,2,1,0,0,0,0,1,0,0,0,0,0,gratuito
3,10000.0,21,0.7142857142857143,1,2,1,0,1,0,0,1,0,0,0,0,0,gratuito
5,10000.0,147,0.7891156462585034,1,3,1,0,0,0,1,1,0,1,0,0,0,medio_alto
3,0.0,0,0.0,1,2,1,0,0,0,0,1,0,0,0,0,0,gratuito
5,10000.0,12,1.0,5,2,1,1,0,0,0,0,1,1,0,0,0,alto
8,35000.0,187,0.9037433155080213,7,2,1,0,0,1,1,1,0,0,0,0,0,baixo
4,10000.0,9,0.5555555555555556,1,3,1,0,0,0,1,1,1,0,0,0,0,medio_alto
1,0.0,0,0.0,2,3,1,0,0,0,1,1,0,0,0,0,0,gratuito
10,10000.0,25,0.84,7,5,1,1,1,0,1,1,0,1,0,1,0,gratuito
1,10000.0,0,0.0,3,3,1,0,0,0,1,0,0,1,0,1,0,medio_baixo
6,35000.0,21,1.0,1,2,1,0,0,0,1,0,1,0,0,0,0,medio_baixo
8,75000.0,859,0.9010477299185099,8,3,1,0,0,2,1,1,0,1,0,0,0,medio_alto
7,1500000.0,44595,0.8831259109765669,8,3,1,0,0,44,0,0,0,0,0,0,1,alto
1,10000.0,82,0.9878048780487805,2,2,1,0,0,1,1,0,1,0,0,0,0,alto
4,350000.0,1520,0.8796052631578948,9,2,1,1,0,8,0,0,0,0,0,1,1,medio_alto
4,10000.0,14,1.0,1,2,1,0,0,0,1,0,1,0,0,0,0,medio_alto
3,10000.0,7,0.8571428571428571,27,1,1,0,1,0,0,0,0,0,0,0,0,baixo
7,35000.0,166,0.8373493975903614,3,1,1,0,0,0,0,0,1,0,0,0,0,medio_baixo
10,350000.0,9385,0.9282898241875333,1,3,1,1,1,0,1,1,0,0,1,0,0,medio_baixo
3,10000.0,24,0.9166666666666666,1,2,1,0,0,0,1,1,0,0,0,0,0,alto
2,10000.0,25,0.84,8,4,1,0,0,0,1,1,1,1,0,0,0,medio_alto
5,10000.0,13,0.8461538461538461,5,3,1,0,0,0,1,1,1,0,0,0,0,medio_baixo
7,75000.0,80,0.75,1,2,1,0,0,0,0,0,0,0,1,1,0,medio_alto
2,10000.0,1,1.0,1,3,1,0,0,0,0,1,0,0,0,0,0,baixo
1,75000.0,1347,0.7728285077951003,1,1,1,0,0,0,0,0,1,0,0,0,0,medio_alto
2,10000.0,0,0.0,1,3,1,1,1,6,1,0,0,1,0,0,0,gratuito
1,10000.0,1,1.0,1,2,1,0,0,0,1,0,0,1,0,0,0,alto
2,10000.0,0,0.0,15,5,1,1,1,0,1,0,1,1,1,1,0,baixo
1,10000.0,10,1.0,1,3,1,0,1,0,1,0,0,1,0,1,0,baixo
1,10000.0,0,0.0,7,3,1,0,0,1,1,1,1,0,0,0,0,medio_baixo
2,0.0,0,0.0,0,0,1,0,0,0,0,0,0,0,0,0,0,gratuito
2,10000.0,80,0.9375,2,3,1,1,1,1,1,1,1,0,0,0,0,medio_alto
9,10000.0,18,0.7222222222222222,1,3,1,0,0,0,1,0,0,0,0,0,1,gratuito
9,150000.0,5532,0.6373825018076645,1,5,1,0,0,0,1,1,1,0,0,0,0,gratuito
1,10000.0,0,0.0,1,1,1,1,1,0,0,1,0,0,0,0,0,medio_alto
3,35000.0,1,1.0,2,2,1,0,0,0,0,1,0,0,0,0,1,medio_alto
9,35000.0,128,0.5,4,2,1,0,0,0,1,0,1,0,0,0,0,alto
2,10000.0,0,0.0,2,3,1,0,0,0,1,0,1,1,0,0,0,alto
2,10000.0,0,0.0,1,2,1,0,0,0,0,0,0,1,0,0,0,baixo
5,35000.0,3,1.0,1,3,1,0,0,0,0,1,1,0,1,0,0,baixo
4,0.0,0,0.0,16,4,1,1,0,0,1,1,0,0,0,0,0,gratuito
1,10000.0,0,0.0,1,4,1,1,0,0,1,0,0,1,1,0,1,medio_alto
9,10000.0,7,0.8571428571428571,1,2,1,0,0,1,1,1,0,0,0,0,0,baixo
5,0.0,0,0.0,1,4,1,0,0,0,1,0,0,1,0,1,0,gratuito
1,10000.0,1,1.0,1,3,1,0,0,0,1,1,1,0,0,0,0,medio_baixo
2,10000.0,83,0.9397590361445783,14,3,1,0,0,3,1,0,0,0,1,1,0,medio_alto
3,35000.0,846,0.5437352245862884,12,4,1,0,0,5,1,0,1,0,0,1,1,medio_baixo
2,750000.0,14353,0.5752804291785689,11,8,1,0,0,0,0,1,1,1,1,1,0,gratuito
8,15000000.0,204013,0.5574595736546201,8,4,1,0,0,0,0,1,1,0,0,0,0,gratuito
1,0.0,0,0.0,0,0,1,0,0,0,0,0,0,0,0,0,0,gratuito
2,0.0,0,0.0,1,5,1,1,1,0,1,1,0,1,0,1,0,gratuito
11,35000.0,221,0.7963800904977375,1,3,1,0,0,0,1,1,1,0,0,0,0,medio_alto
11,75000.0,272,0.8492647058823529,1,4,1,1,1,0,1,0,1,1,1,0,0,baixo
5,10000.0,0,0.0,1,3,1,0,0,0,1,1,0,1,0,0,0,medio_baixo
3,10000.0,21,0.6666666666666666,1,4,1,0,0,1,1,1,0,1,0,0,0,baixo
1,10000.0,0,0.0,1,4,1,0,0,0,1,0,1,1,1,0,0,baixo
10,350000.0,161,0.906832298136646,1,6,1,0,0,0,1,1,1,1,0,1,0,gratuito
19,150000.0,1044,0.9061302681992337,1,1,1,0,0,0,0,0,0,1,0,0,0,medio_baixo
7,35000.0,26,0.8076923076923077,1,3,1,0,0,0,1,0,0,0,1,0,0,gratuito
7,10000.0,3,1.0,1,1,1,0,0,0,0,1,0,0,0,0,0,medio_alto
15,75000.0,375,0.47733333333333333,5,2,1,0,0,0,1,1,0,0,0,0,0,medio_alto
1,10000.0,4,1.0,1,3,1,0,0,0,1,0,0,0,0,1,1,baixo
3,10000.0,3,1.0,6,1,1,0,0,0,0,0,1,0,0,0,0,baixo
1,10000.0,0,0.0,10,4,1,0,0,2,1,1,1,0,1,0,0,alto
1,0.0,0,0.0,0,0,1,0,0,0,0,0,0,0,0,0,0,gratuito
2,10000.0,5,0.6,4,3,1,0,0,0,1,0,0,1,0,1,0,baixo
3,35000.0,31,0.8387096774193549,2,1,1,0,0,1,0,0,0,0,0,0,1,medio_baixo
6,10000.0,7,0.14285714285714285,2,4,1,0,0,0,1,0,1,0,0,1,0,alto
1,10000.0,0,0.0,7,4,1,0,0,0,1,1,1,0,0,0,0,medio_alto
1,10000.0,0,0.0,8,2,1,0,0,0,1,0,0,1,0,0,0,baixo
8,10000.0,3,0.6666666666666666,1,4,1,1,0,0,1,1,0,0,0,1,1,baixo
1,0.0,0,0.0,0,0,1,0,0,0,0,0,0,0,0,0,0,gratuito
1,10000.0,2,0.0,17,1,1,0,0,0,0,0,1,0,0,0,0,medio_alto
6,10000.0,0,0.0,1,2,1,0,0,0,1,0,0,1,0,0,0,medio_alto
9,10000.0,29,0.7241379310344828,1,1,1,0,0,0,0,0,1,0,0,0,0,medio_alto
4,0.0,0,0.0,5,7,1,0,0,1,1,1,1,1,1,0,0,gratuito
7,10000.0,10,0.8,22,5,1,0,1,0,1,1,1,1,0,1,0,alto
5,0.0,0,0.0,0,0,1,0,0,0,0,0,0,0,0,0,0,gratuito
1,10000.0,0,0.0,1,1,1,0,0,0,0,0,0,0,0,0,1,medio_baixo
4,10000.0,0,0.0,1,1,1,0,0,0,0,0,1,0,0,0,0,baixo
1,10000.0,0,0.0,13,3,1,0,0,0,1,0,0,1,0,1,0,medio_alto
4,10000.0,526,0.7642585551330798,2,3,1,0,0,0,1,1,1,0,0,0,0,alto
6,10000.0,3,0.6666666666666666,2,3,1,0,0,0,1,1,0,0,0,0,0,alto
1,10000.0,0,0.0,2,6,1,0,0,0,1,0,1,1,1,1,1,medio_baixo
3,10000.0,1,1.0,1,2,1,1,0,0,0,0,1,1,0,0,0,medio_alto
3,10000.0,12,0.75,1,2,1,0,0,0,1,1,0,0,0,0,0,baixo
8,75000.0,236,0.673728813559322,1,4,1,0,0,0,1,1,1,0,0,0,0,gratuito
5,10000.0,9,0.2222222222222222,1,2,1,0,0,0,1,0,0,1,0,0,0,baixo
5,10000.0,15,1.0,1,3,1,0,0,0,1,1,0,1,0,0,0,medio_baixo
2,10000.0,0,0.0,4,3,1,0,0,0,1,0,1,1,0,0,0,medio_baixo
2,10000.0,13,0.8461538461538461,1,5,1,1,1,0,1,1,0,1,0,0,1,alto
1,10000.0,0,0.0,1,4,1,0,0,0,1,0,1,1,0,1,0,baixo
3,10000.0,0,0.0,2,3,1,0,0,0,1,0,0,1,0,1,0,baixo
3,10000.0,7,1.0,1,2,1,0,0,0,0,1,0,0,1,0,0,medio_alto
5,75000.0,5,0.8,1,1,1,0,0,0,1,0,0,0,0,0,0,medio_alto
10,10000.0,46,0.7391304347826086,7,2,1,1,1,0,1,1,0,0,0,0,0,medio_alto
4,150000.0,119,0.6890756302521008,1,1,1,0,0,0,0,1,0,0,0,0,0,medio_baixo
1,10000.0,0,0.0,2,2,1,0,0,1,0,1,0,1,0,0,0,baixo
7,35000.0,283,0.784452296819788,6,5,1,0,0,1,1,1,0,1,0,0,1,medio_alto
6,10000.0,61,0.7704918032786885,2,3,1,0,0,0,1,0,1,1,0,0,0,medio_baixo
3,10000.0,38,0.9210526315789473,1,3,1,0,0,0,1,1,1,0,0,0,0,medio_alto
5,10000.0,50,1.0,3,1,1,0,0,0,0,0,0,1,0,0,0,alto
3,10000.0,17,0.9411764705882353,1,5,1,1,0,0,1,1,1,1,0,1,0,alto
7,35000.0,56,0.5178571428571429,2,4,1,0,0,0,1,0,0,1,0,1,0,gratuito
1,0.0,0,0.0,1,2,1,0,0,0,0,0,0,1,0,0,0,gratuito
6,35000.0,39,0.8717948717948718,1,3,1,0,0,0,0,1,1,0,0,0,0,gratuito
4,10000.0,3,0.6666666666666666,1,2,1,0,0,0,1,0,0,1,0,0,0,medio_alto
11,10000.0,7,0.8571428571428571,2,2,1,0,0,0,1,1,0,0,0,0,0,baixo
11,75000.0,226,0.6769911504424779,1,4,1,1,0,0,1,0,0,1,0,0,1,gratuito
1,10000.0,0,0.0,1,5,1,0,0,0,1,1,0,0,0,0,1,medio_baixo
2,10000.0,10,0.9,1,1,1,0,0,0,0,0,0,0,0,1,0,alto
1,0.0,0,0.0,0,0,1,0,0,0,0,0,0,0,0,0,0,gratuito
6,150000.0,790,0.6759493670886076,14,2,1,0,0,1,1,0,1,0,0,0,0,medio_baixo
1,0.0,0,0.0,1,2,1,0,0,0,1,0,0,0,0,0,0,gratuito
7,10000.0,3,0.6666666666666666,1,2,1,1,0,0,1,0,0,1,0,0,0,medio_alto
3,35000.0,446,0.6973094170403588,11,4,1,0,0,7,1,1,1,1,0,0,0,alto
2,10000.0,7,1.0,1,2,1,0,0,0,1,1,0,0,0,0,0,baixo
2,10000.0,6,1.0,5,1,1,0,0,4,0,0,1,0,0,0,0,alto
9,150000.0,1132,0.7853356890459364,1,3,1,0,0,1,1,1,0,0,1,0,0,medio_baixo
3,10000.0,265,0.8,4,3,1,0,0,0,0,1,1,0,1,0,0,medio_baixo
2,10000.0,28,0.8928571428571429,2,2,1,0,0,0,0,0,0,0,0,1,0,medio_baixo
6,10000.0,28,0.9642857142857143,1,1,1,1,0,0,0,0,0,1,0,0,0,baixo
5,10000.0,1,1.0,1,1,1,0,0,0,0,0,0,1,0,0,0,medio_alto
9,350000.0,1580,0.9436708860759494,1,2,1,1,1,1,1,0,1,0,0,0,0,medio_alto
6,10000.0,10,1.0,1,3,1,0,0,0,1,0,1,1,0,0,0,medio_baixo
8,10000.0,50,0.74,1,3,1,1,0,0,1,0,0,0,1,1,0,gratuito
2,10000.0,0,0.0,1,5,1,1,1,8,1,1,0,1,0,1,0,baixo
6,10000.0,0,0.0,1,4,1,0,0,0,1,1,0,1,0,0,1,baixo
9,10000.0,28,0.6785714285714286,1,2,1,0,0,0,1,0,0,0,0,0,0,medio_baixo
4,10000.0,5,1.0,1,3,1,0,0,0,1,0,1,1,0,0,0,medio_baixo
9,10000.0,54,0.5740740740740741,1,2,1,1,1,0,1,0,0,0,0,0,0,baixo
18,3500000.0,66120,0.9244404113732607,15,6,1,0,0,0,0,1,1,1,1,1,1,medio_alto
2,10000.0,9,0.8888888888888888,3,4,1,0,0,0,1,1,1,0,0,0,1,baixo
10,10000.0,67,0.835820895522388,1,2,1,0,1,0,1,0,0,1,0,0,0,medio_baixo
1,10000.0,0,0.0,3,2,1,0,0,0,1,0,0,0,1,0,0,medio_baixo
1,0.0,0,0.0,0,0,1,0,0,0,0,0,0,0,0,0,0,gratuito
1,350000.0,3461,0.9572377925455071,5,3,1,0,0,1,1,1,0,0,1,0,0,alto
7,10000.0,136,0.8455882352941176,1,4,1,0,0,0,1,0,1,1,0,0,0,gratuito
1,10000.0,1,0.0,7,4,1,0,0,0,1,1,1,0,0,0,0,baixo
5,10000.0,1,1.0,1,2,1,0,0,0,1,1,0,0,0,0,0,baixo
2,10000.0,5,0.8,5,6,1,0,0,0,0,1,1,1,1,0,1,medio_alto
11,10000.0,44,0.3181818181818182,2,4,1,0,0,1,1,0,0,1,0,1,1,medio_alto
6,10000.0,8,1.0,1,3,1,1,0,0,1,1,0,1,0,0,0,medio_alto
4,10000.0,0,0.0,1,4,1,1,1,0,1,0,1,0,1,0,0,alto
4,10000.0,3,1.0,1,3,1,0,0,0,1,0,1,0,1,0,0,medio_baixo
1,3500000.0,68341,0.9380020778156597,20,3,1,1,0,0,1,0,0,1,0,0,1,alto
1,10000.0,0,0.0,10,5,1,0,0,0,1,1,1,0,1,0,0,alto
7,10000.0,0,0.0,1,3,1,0,0,0,1,1,0,0,0,0,0,baixo
8,10000.0,42,0.5476190476190477,1,3,1,0,0,0,1,0,0,1,0,0,0,baixo
3,0.0,0,0.0,1,3,1,0,0,0,0,0,1,1,0,0,0,gratuito
2,10000.0,0,0.0,5,5,1,0,1,0,1,0,0,1,1,1,0,medio_alto
2,10000.0,49,1.0,1,4,1,0,0,0,1,1,0,0,1,0,0,alto
5,10000.0,63,0.9206349206349206,5,4,1,0,0,0,1,1,1,1,0,0,0,medio_baixo
5,0.0,0,0.0,1,3,1,0,0,0,1,1,0,1,0,0,0,gratuito
2,0.0,0,0.0,1,3,1,0,0,0,1,0,0,1,0,0,0,gratuito
9,10000.0,51,0.803921568627451,1,3,1,1,1,0,1,0,1,0,1,0,0,medio_baixo
5,35000.0,1,0.0,1,3,1,1,0,0,1,1,0,1,0,0,0,medio_baixo
9,75000.0,204,0.8970588235294118,1,3,1,1,1,0,1,1,0,1,0,0,0,baixo
1,10000.0,8,0.75,4,2,1,0,0,1,1,1,0,0,0,0,0,baixo
10,150000.0,500,0.464,1,2,1,0,0,0,0,1,0,1,0,0,0,baixo
1,10000.0,0,0.0,3,5,1,1,0,0,1,0,0,1,1,1,1,medio_alto
3,0.0,0,0.0,0,0,1,0,0,0,0,0,0,0,0,0,0,gratuito
1,0.0,0,0.0,2,1,1,0,0,0,0,1,0,0,0,0,0,medio_baixo
6,10000.0,0,0.0,1,2,1,0,0,0,1,1,0,0,0,0,0,medio_alto
3,10000.0,4,0.25,1,1,1,0,0,0,1,0,0,0,0,0,0,medio_alto
7,35000.0,157,0.732484076433121,9,3,1,1,0,1,1,1,1,0,0,0,0,medio_alto
8,10000.0,3,1.0,1,3,1,0,1,2,1,1,0,0,0,0,0,medio_alto
4,10000.0,2,1.0,1,5,1,1,0,0,1,1,0,1,0,0,0,medio_baixo
4,10000.0,18,0.9444444444444444,4,2,1,0,0,0,0,1,0,0,1,0,0,medio_baixo
4,35000.0,26,0.7692307692307693,2,1,1,0,0,1,1,0,0,0,0,0,0,medio_alto
2,10000.0,1,1.0,1,1,1,0,0,0,1,0,0,0,0,0,0,alto
4,10000.0,0,0.0,1,5,1,1,0,0,1,1,1,0,1,0,0,gratuito
1,10000.0,0,0.0,1,3,1,0,0,0,1,1,0,1,0,0,0,alto
4,10000.0,5,1.0,4,2,1,1,0,0,1,1,0,0,0,0,0,medio_alto
8,10000.0,5,0.8,3,3,1,0,0,0,1,0,1,0,1,0,0,baixo
9,10000.0,5,0.6,1,5,1,0,0,0,1,1,1,0,0,0,0,alto
1,0.0,0,0.0,1,1,1,0,0,0,0,0,0,1,0,0,0,medio_alto
4,10000.0,0,0.0,5,3,1,0,0,0,1,0,0,1,0,1,0,baixo
4,10000.0,0,0.0,1,1,1,0,0,0,0,0,0,1,0,0,0,baixo
4,10000.0,9,0.5555555555555556,2,1,1,0,0,0,0,0,0,1,0,0,0,baixo
3,10000.0,169,0.9467455621301775,3,1,1,0,0,1,0,0,1,0,0,0,0,alto
8,10000.0,2,0.0,2,2,1,0,0,0,1,0,1,0,0,0,0,baixo
3,10000.0,13,0.46153846153846156,1,4,1,0,0,0,1,0,1,1,1,0,0,baixo
2,10000.0,0,0.0,1,2,1,1,1,0,1,0,0,1,0,0,0,medio_alto
8,350000.0,5338,0.8372049456725366,6,2,1,0,0,4,0,0,1,0,1,0,0,gratuito
1,0.0,0,0.0,1,2,1,1,0,0,0,1,0,0,0,0,0,gratuito
2,150000.0,21,1.0,1,2,1,0,1,0,1,0,0,1,0,0,0,baixo
10,10000.0,66,0.5,2,4,1,0,0,0,1,0,1,0,0,0,1,alto
9,75000.0,544,0.9264705882352942,4,2,1,0,0,0,0,1,1,0,0,0,0,alto
2,75000.0,5,1.0,1,1,1,0,0,0,0,0,1,0,0,0,0,medio_baixo
2,150000.0,1,1.0,1,1,1,0,0,0,0,0,0,1,0,0,0,baixo
5,75000.0,478,0.7866108786610879,2,4,1,0,0,0,1,1,1,0,1,0,0,medio_alto
7,75000.0,4,1.0,1,3,1,0,0,0,1,1,1,0,0,0,0,medio_baixo
4,10000.0,16,0.8125,1,2,1,0,0,0,1,0,1,0,0,0,0,medio_alto
11,10000.0,42,0.9761904761904762,3,3,1,1,1,0,1,1,1,0,0,0,0,medio_alto
3,10000.0,192,0.7916666666666666,3,3,1,0,0,0,1,0,1,0,1,0,0,medio_alto
1,0.0,0,0.0,1,3,1,0,0,0,1,0,0,0,1,0,0,gratuito
5,35000.0,22,0.8181818181818182,1,4,1,1,1,0,1,1,0,1,1,0,0,medio_alto
9,350000.0,1664,0.7926682692307693,10,3,1,0,0,1,1,1,0,1,0,0,0,baixo
2,10000.0,4,0.75,1,4,1,0,0,0,1,1,0,1,1,0,0,baixo
5,75000.0,1,0.0,1,4,1,0,0,0,1,1,0,1,0,1,0,baixo
2,10000.0,2,1.0,1,1,1,0,0,0,1,0,0,0,0,0,0,baixo
1,10000.0,0,0.0,40,3,1,0,0,0,0,0,1,1,0,0,1,alto
3,10000.0,34,0.38235294117647056,1,3,1,0,0,0,1,1,1,0,0,0,0,alto
9,10000.0,5,0.4,1,3,1,0,0,0,1,1,1,0,0,0,0,alto
1,10000.0,2,1.0,19,1,1,0,0,0,0,0,0,1,0,0,0,baixo
2,10000.0,0,0.0,1,4,1,1,1,0,1,0,1,1,0,0,1,medio_baixo
9,10000.0,102,0.7058823529411765,2,6,1,0,0,0,1,0,1,1,1,1,1,medio_alto
10,35000.0,205,0.8341463414634146,14,2,1,1,1,0,0,0,0,1,0,0,1,baixo
3,10000.0,0,0.0,1,2,1,0,0,0,1,0,0,1,0,0,0,medio_alto
6,10000.0,1,1.0,1,4,1,0,0,0,1,1,1,1,0,0,0,medio_baixo
9,10000.0,11,1.0,1,2,1,0,0,0,0,0,1,1,0,0,0,medio_alto
6,150000.0,386,0.8730569948186528,1,2,1,0,0,0,0,1,0,0,0,0,0,gratuito
1,10000.0,0,0.0,1,3,1,1,1,0,1,0,0,1,0,0,1,medio_alto
4,35000.0,205,0.7902439024390244,2,3,1,0,0,0,1,0,0,0,0,1,1,alto
17,10000.0,0,0.0,1,2,1,0,0,0,0,0,0,0,0,1,1,medio_baixo
3,10000.0,0,0.0,2,2,1,0,0,0,0,1,0,0,0,0,0,medio_alto
3,10000.0,6,0.0,3,2,1,1,0,0,1,0,0,0,0,1,0,medio_alto
8,35000.0,738,0.943089430894309,2,2,1,0,0,0,1,0,0,0,1,0,0,baixo
8,10000.0,5,0.4,1,1,1,0,0,0,0,1,0,0,0,0,0,baixo
2,10000.0,0,0.0,4,3,1,0,0,0,1,0,1,1,0,0,0,alto
2,10000.0,85,0.8941176470588236,1,2,1,0,0,2,0,0,0,1,0,0,1,medio_alto
2,35000.0,20,1.0,11,2,1,1,0,1,0,1,0,1,0,0,0,medio_alto
8,10000.0,9,1.0,1,2,1,0,0,0,1,1,0,0,0,0,0,baixo
1,0.0,0,0.0,0,0,1,0,0,0,0,0,0,0,0,0,0,gratuito
8,10000.0,49,0.9183673469387755,2,2,1,0,0,0,1,0,0,1,0,0,0,medio_alto
2,10000.0,15,1.0,8,5,1,0,0,1,1,1,0,1,0,0,0,gratuito
1,10000.0,0,0.0,1,3,1,1,0,0,1,1,1,0,0,0,0,alto
1,10000.0,0,0.0,21,2,1,0,0,0,1,0,1,0,0,0,0,baixo
1,10000.0,0,0.0,7,3,1,0,0,0,1,0,0,1,0,0,0,gratuito
4,10000.0,0,0.0,1,1,1,0,1,0,0,0,0,0,0,0,1,medio_alto
3,10000.0,76,0.881578947368421,1,1,1,0,0,0,1,0,0,0,0,0,0,gratuito
1,10000.0,0,0.0,1,3,1,0,0,0,1,0,1,0,0,1,0,baixo
2,75000.0,782,0.7557544757033248,8,3,1,0,0,0,1,0,0,0,0,1,1,alto
1,10000.0,0,0.0,27,2,1,1,1,0,1,0,0,0,0,0,1,baixo
4,10000.0,46,0.782608695652174,7,1,1,0,0,0,0,0,0,0,0,0,1,medio_alto
6,10000.0,7,0.0,1,4,1,0,0,0,1,0,0,1,0,0,1,medio_alto
4,10000.0,2,1.0,1,2,1,1,0,0,1,0,0,0,0,0,1,medio_baixo
9,35000.0,45,0.8444444444444444,1,2,1,0,0,0,1,1,0,0,0,0,0,medio_baixo
2,10000.0,0,0.0,30,4,1,0,0,0,1,0,0,1,1,1,0,baixo
9,10000.0,54,0.7407407407407407,1,3,1,0,0,0,1,0,1,1,0,0,0,medio_alto
1,0.0,0,0.0,1,4,1,0,0,0,1,0,0,1,0,1,0,gratuito
3,10000.0,16,1.0,1,2,1,0,1,0,1,0,0,0,1,0,0,alto
2,10000.0,5,1.0,1,3,1,0,0,0,1,1,0,1,0,0,0,medio_alto
6,10000.0,8,0.875,1,1,1,0,0,0,0,0,0,0,0,0,0,gratuito
8,35000.0,7,0.2857142857142857,7,1,1,0,0,0,0,0,1,0,0,0,0,medio_baixo
1,10000.0,0,0.0,1,4,1,1,1,0,1,1,0,0,0,0,1,alto
7,35000.0,20,0.9,2,1,1,0,0,0,0,0,0,0,1,0,0,medio_baixo
3,10000.0,74,0.9594594594594594,1,1,1,0,1,0,0,0,1,0,0,0,0,medio_alto
9,10000.0,11,0.6363636363636364,2,5,1,0,0,0,1,1,0,1,0,1,0,medio_baixo
1,0.0,0,0.0,1,1,1,0,0,0,0,0,1,0,0,0,0,medio_alto
5,35000.0,88,0.8409090909090909,1,4,1,0,1,0,0,0,0,1,0,1,0,gratuito
11,75000.0,70,0.7428571428571429,1,3,1,1,1,0,1,1,0,0,0,0,0,baixo
2,10000.0,0,0.0,2,1,1,0,0,0,1,0,0,0,0,0,0,baixo
5,10000.0,0,0.0,2,1,1,0,0,0,0,0,0,1,0,0,0,medio_alto
6,10000.0,8,0.625,1,2,1,0,0,0,1,0,0,1,0,0,0,gratuito
4,10000.0,14,0.6428571428571429,4,4,1,0,0,0,1,0,0,1,0,1,1,medio_alto
6,10000.0,3,0.3333333333333333,1,1,1,0,0,0,0,0,0,0,0,1,0,medio_alto
3,10000.0,26,1.0,2,1,1,0,0,0,1,0,0,0,0,0,0,medio_alto
4,10000.0,12,0.6666666666666666,1,2,1,0,0,0,0,0,0,1,0,1,0,medio_alto
1,10000.0,0,0.0,1,3,1,0,0,0,1,0,0,1,0,0,1,medio_alto
6,10000.0,15,1.0,2,4,1,1,0,0,1,1,1,0,1,0,0,baixo
1,10000.0,0,0.0,2,4,1,0,0,0,1,0,0,1,0,1,1,medio_baixo
8,35000.0,535,0.7121495327102804,27,3,1,0,0,0,1,0,0,1,0,1,0,baixo
8,10000.0,4,1.0,1,2,1,0,0,0,1,1,0,0,0,0,0,baixo
7,10000.0,11,0.9090909090909091,2,1,1,0,0,0,0,1,0,0,0,0,0,medio_alto
5,10000.0,0,0.0,1,2,1,0,0,1,1,0,0,1,0,0,0,baixo
3,0.0,0,0.0,103,4,1,0,0,0,1,1,0,1,0,0,1,baixo
5,10000.0,4,1.0,1,1,1,0,0,0,0,0,0,0,0,0,0,medio_alto
12,10000.0,92,0.7282608695652174,1,2,1,1,0,0,0,1,1,0,0,0,0,baixo
1,0.0,0,0.0,1,3,1,1,1,0,1,0,0,1,1,0,0,alto
1,10000.0,0,0.0,1,4,1,0,0,0,1,0,1,0,1,0,0,medio_baixo
1,0.0,0,0.0,0,0,1,0,0,0,0,0,0,0,0,0,0,gratuito
2,10000.0,1,1.0,1,2,1,0,0,0,1,0,0,1,0,0,0,medio_alto
2,750000.0,20496,0.8355776736924277,14,5,1,0,0,7,1,1,1,0,0,0,1,alto
1,10000.0,0,0.0,1,2,1,0,0,0,1,1,0,0,0,0,0,medio_alto
7,10000.0,68,0.9558823529411765,2,3,1,0,0,0,1,1,0,1,0,0,0,baixo
2,10000.0,8,0.375,10,6,1,0,0,0,1,1,0,1,0,0,1,baixo
14,750000.0,3465,0.4043290043290043,6,0,1,0,0,0,0,0,0,0,0,0,0,medio_alto
5,10000.0,30,0.8,1,4,1,0,0,0,1,1,0,1,0,0,0,medio_baixo
5,10000.0,12,0.6666666666666666,1,2,1,0,0,0,1,0,0,1,0,0,0,medio_alto
5,350000.0,4653,0.7528476251880507,16,2,1,0,0,6,0,1,1,0,0,0,0,alto
2,10000.0,0,0.0,5,6,1,0,0,2,1,0,1,1,1,1,1,alto
5,10000.0,0,0.0,103,3,1,0,0,0,1,0,1,1,0,0,0,baixo
5,10000.0,9,0.8888888888888888,10,3,1,0,0,0,1,0,0,0,0,0,1,medio_alto
4,35000.0,210,0.8,7,3,1,0,0,0,1,0,0,0,0,1,1,medio_baixo
7,10000.0,0,0.0,1,4,1,0,0,0,1,0,1,1,0,1,0,medio_baixo
1,10000.0,7,0.7142857142857143,1,3,1,0,0,0,1,1,1,0,0,0,0,medio_alto
11,35000.0,89,0.8651685393258427,7,2,1,0,0,0,0,0,0,1,0,1,0,medio_alto
3,0.0,0,0.0,0,0,1,0,0,0,0,0,0,0,0,0,0,gratuito
1,10000.0,6,0.8333333333333334,3,2,1,0,0,0,1,0,1,0,0,0,0,medio_alto
1,10000.0,5,1.0,3,3,1,0,0,0,1,0,0,1,0,0,1,medio_baixo
6,10000.0,47,0.6170212765957447,1,2,1,0,0,0,1,1,0,0,0,0,0,medio_baixo
5,35000.0,232,0.646551724137931,2,2,1,0,0,0,1,0,0,0,0,0,1,baixo
6,10000.0,0,0.0,1,4,1,0,0,0,1,1,0,1,0,0,0,baixo
10,750000.0,6765,0.9188470066518847,2,2,1,0,1,1,1,1,0,0,0,0,0,baixo
7,75000.0,7,0.8571428571428571,1,5,1,1,1,0,1,1,1,1,1,0,0,alto
3,10000.0,1,0.0,1,4,1,0,0,0,1,1,1,0,1,0,0,medio_alto
5,35000.0,27,0.14814814814814814,2,3,1,0,0,0,1,0,1,0,1,0,0,baixo
5,0.0,0,0.0,0,0,1,0,0,0,0,0,0,0,0,0,0,gratuito
3,10000.0,20,0.85,1,5,1,0,0,0,1,1,1,0,1,1,0,gratuito
1,10000.0,7,1.0,2,2,1,0,0,1,1,0,0,0,0,0,1,medio_baixo
3,10000.0,0,0.0,1,3,1,0,0,0,0,1,0,1,0,0,0,alto
2,0.0,0,0.0,0,0,1,0,0,0,0,0,0,0,0,0,0,gratuito
6,350000.0,4361,0.8218298555377207,6,1,1,0,0,0,0,0,0,0,0,0,1,alto
2,10000.0,166,0.8493975903614458,4,2,1,1,1,0,1,0,1,0,0,0,0,alto
3,10000.0,0,0.0,3,1,1,1,1,0,1,0,0,0,0,0,0,medio_alto
6,75000.0,680,0.7352941176470589,15,4,1,0,0,1,1,0,0,1,0,1,1,baixo
2,10000.0,218,0.7568807339449541,5,4,1,0,0,17,1,1,1,0,1,0,0,medio_baixo
4,75000.0,996,0.7841365461847389,14,2,1,0,0,5,0,1,1,0,0,0,0,medio_baixo
1,10000.0,0,0.0,15,3,1,0,0,0,1,1,1,0,0,0,0,alto
7,10000.0,0,0.0,2,3,1,1,0,0,1,1,0,1,0,0,0,baixo
3,10000.0,21,0.7619047619047619,1,2,1,0,0,0,0,0,1,0,0,0,0,gratuito
9,10000.0,4,0.75,1,3,1,0,0,0,1,1,0,1,0,0,0,medio_baixo
5,10000.0,0,0.0,2,2,1,0,0,0,1,0,1,0,0,0,0,alto
3,75000.0,73,0.9726027397260274,5,3,1,0,0,1,1,1,0,0,0,0,0,baixo
5,0.0,0,0.0,0,0,1,0,0,0,0,0,0,0,0,0,0,gratuito
6,10000.0,13,0.3076923076923077,1,4,1,1,1,0,1,0,1,1,1,0,0,medio_baixo
7,10000.0,16,0.75,1,1,1,0,0,0,0,1,0,0,0,0,0,alto
8,10000.0,21,0.8095238095238095,1,2,1,0,0,0,0,0,1,1,0,0,0,medio_alto
5,35000.0,29,0.9310344827586207,1,1,1,0,0,0,0,1,0,0,0,0,0,medio_baixo
3,10000.0,20,0.45,1,3,1,0,0,0,1,1,1,0,0,0,0,baixo
10,75000.0,152,0.8157894736842105,1,1,1,0,0,0,0,0,0,1,0,0,0,baixo
1,0.0,0,0.0,2,3,1,0,0,0,1,0,0,1,0,0,1,medio_baixo
3,10000.0,44,1.0,13,2,1,0,0,0,1,0,0,1,0,0,0,medio_baixo
2,10000.0,1,0.0,13,3,1,0,0,0,0,1,1,1,0,0,0,medio_baixo
2,0.0,0,0.0,0,0,1,0,0,0,0,0,0,0,0,0,0,gratuito
4,0.0,0,0.0,0,0,1,0,0,0,0,0,0,0,0,0,0,gratuito
1,0.0,0,0.0,1,3,1,0,0,0,1,0,1,0,0,0,0,gratuito
1,0.0,0,0.0,1,5,1,0,0,0,1,0,0,1,1,1,1,baixo
2,10000.0,8,0.375,1,3,1,0,0,0,1,1,1,0,0,0,0,medio_alto
1,0.0,0,0.0,103,2,1,0,0,0,1,0,0,1,0,0,0,baixo
11,750000.0,602,0.7142857142857143,1,5,1,0,0,0,1,1,1,1,0,1,0,gratuito
6,35000.0,270,0.7407407407407407,11,5,1,0,0,0,1,1,0,1,0,1,1,medio_baixo
7,10000.0,9,0.8888888888888888,1,2,1,0,0,0,0,1,1,0,0,0,0,medio_baixo
4,10000.0,6,0.8333333333333334,1,2,1,0,0,0,1,0,0,0,0,0,1,medio_alto
2,10000.0,7,0.8571428571428571,2,3,1,0,0,0,0,0,0,0,1,0,1,medio_baixo
3,10000.0,85,0.9411764705882353,1,2,1,0,1,1,1,0,0,0,0,0,1,alto
1,10000.0,0,0.0,1,3,1,1,0,0,1,1,0,1,0,0,0,medio_baixo
1,10000.0,0,0.0,9,3,1,1,1,0,1,0,1,0,0,0,1,alto
1,10000.0,0,0.0,1,4,1,0,0,0,1,1,1,1,0,0,0,medio_baixo
1,0.0,0,0.0,0,0,1,0,0,0,0,0,0,0,0,0,0,gratuito
2,0.0,0,0.0,1,4,1,1,0,0,1,0,0,0,0,1,1,gratuito
1,10000.0,0,0.0,1,2,1,0,0,0,0,1,0,0,0,0,0,medio_baixo
5,10000.0,5,0.8,4,2,1,1,1,0,1,0,1,0,0,0,0,alto
7,10000.0,0,0.0,1,4,1,0,0,0,0,0,0,0,0,0,0,medio_alto
6,350000.0,3819,0.7952343545430741,6,3,1,0,0,10,0,0,0,1,0,1,1,medio_alto
8,10000.0,78,0.782051282051282,11,2,1,1,1,1,1,1,0,0,0,0,0,medio_alto
8,10000.0,49,0.40816326530612246,1,5,1,1,0,1,1,0,0,1,1,1,1,medio_alto
6,10000.0,3,0.6666666666666666,1,2,1,0,0,0,1,0,0,0,0,0,1,medio_alto
5,350000.0,2802,0.9621698786581013,1,5,1,1,1,1,1,1,1,0,1,0,1,gratuito
1,0.0,0,0.0,4,2,1,0,0,0,0,0,1,1,0,0,0,medio_baixo
9,10000.0,16,0.8125,3,4,1,0,0,0,1,1,0,1,0,0,0,gratuito
7,10000.0,45,0.5777777777777777,1,5,1,0,0,0,1,0,0,1,0,0,1,baixo
1,10000.0,0,0.0,6,3,1,0,0,0,1,1,0,1,0,0,0,medio_alto
1,0.0,0,0.0,1,5,1,0,0,0,1,1,1,1,0,0,0,gratuito
7,10000.0,1,0.0,1,2,1,0,0,0,1,1,0,0,0,0,0,baixo
1,10000.0,0,0.0,1,2,1,0,0,0,1,0,0,0,0,0,1,alto
2,10000.0,7,0.8571428571428571,1,2,1,0,0,0,1,0,0,1,0,0,0,baixo
8,10000.0,119,0.7226890756302521,1,3,1,0,0,1,0,0,1,0,1,1,0,medio_alto
7,10000.0,16,1.0,1,2,1,0,0,0,0,1,1,0,0,0,0,gratuito
6,10000.0,40,0.975,1,1,1,0,0,1,0,1,0,0,0,0,0,alto
8,35000.0,126,0.5476190476190477,2,3,1,0,0,0,1,0,1,1,0,0,0,baixo
9,35000.0,119,0.8319327731092437,3,3,1,1,1,0,1,0,1,1,0,0,0,baixo
2,10000.0,2,1.0,21,3,1,0,0,0,0,0,0,1,0,1,0,alto
1,10000.0,0,0.0,1,3,1,0,0,0,1,0,1,0,0,0,0,medio_alto
12,350000.0,2240,0.8232142857142857,6,2,1,0,0,0,1,0,0,0,0,0,1,baixo
3,10000.0,2,1.0,1,1,1,0,0,0,0,0,1,0,0,0,0,alto
4,0.0,0,0.0,103,4,1,0,0,0,1,1,1,0,1,0,0,medio_alto
8,10000.0,83,0.6506024096385542,1,5,1,0,0,0,1,0,0,1,0,0,1,baixo
1,10000.0,0,0.0,1,4,1,0,1,0,1,1,0,1,0,0,0,alto
6,10000.0,36,1.0,1,3,1,0,0,0,1,1,0,1,0,0,0,medio_alto
3,10000.0,14,0.8571428571428571,6,1,1,1,1,0,0,1,0,0,0,0,0,alto
1,10000.0,0,0.0,4,4,1,0,0,0,1,0,0,1,0,1,1,medio_baixo
4,75000.0,1,1.0,1,5,1,0,0,0,1,0,1,1,0,0,1,medio_baixo
6,10000.0,272,0.6911764705882353,2,4,1,0,0,0,1,1,1,1,0,0,0,medio_alto
6,10000.0,78,0.6923076923076923,29,2,1,0,0,0,1,0,1,0,0,0,0,gratuito
1,0.0,0,0.0,10,3,1,0,0,1,1,0,0,1,0,0,0,gratuito
1,10000.0,15,1.0,1,6,1,0,0,0,1,1,0,0,0,0,1,gratuito
8,10000.0,2,0.5,2,1,1,0,0,0,0,0,0,1,0,0,0,baixo
3,10000.0,10,0.9,1,6,1,1,0,0,1,1,1,1,0,0,1,baixo
2,10000.0,0,0.0,1,3,1,0,0,0,1,0,1,1,0,0,0,baixo
2,10000.0,0,0.0,1,1,1,0,0,0,0,0,1,0,0,0,0,alto
10,10000.0,8,0.5,1,1,1,0,0,0,1,0,0,0,0,0,0,alto
4,10000.0,5,0.6,2,5,1,0,0,0,1,0,0,1,0,1,1,alto
1,10000.0,0,0.0,2,4,1,0,0,0,1,0,1,0,1,1,0,medio_baixo
2,0.0,0,0.0,1,3,1,0,0,0,0,1,0,0,0,0,0,gratuito
1,10000.0,0,0.0,1,2,1,0,0,0,1,1,0,0,0,0,0,baixo
5,10000.0,3,1.0,1,3,1,0,0,0,1,0,0,1,0,0,1,medio_baixo
6,10000.0,9,0.8888888888888888,1,3,1,1,1,0,1,1,0,0,0,1,0,medio_alto
5,0.0,0,0.0,1,5,1,0,0,0,1,1,1,0,0,1,0,gratuito
1,10000.0,5,0.8,29,4,1,0,0,1,1,1,1,1,0,0,0,medio_alto
2,10000.0,1,1.0,1,3,1,0,0,0,1,1,0,1,0,0,0,medio_baixo
9,10000.0,3,0.0,1,2,1,0,0,0,1,0,0,1,0,0,0,baixo
4,0.0,0,0.0,0,0,1,0,0,0,0,0,0,0,0,0,0,gratuito
2,10000.0,5,0.4,2,3,1,0,0,0,1,1,0,0,1,0,0,medio_alto
2,10000.0,3,1.0,10,1,1,1,1,0,0,1,0,0,0,0,0,medio_baixo
1,10000.0,0,0.0,13,4,1,0,0,0,1,1,1,1,0,0,0,alto
7,10000.0,4,0.75,1,1,1,0,0,0,0,0,1,0,0,0,0,medio_baixo
1,0.0,0,0.0,0,0,1,0,0,0,0,0,0,0,0,0,0,gratuito
5,35000.0,40,0.9,1,3,1,0,0,0,1,0,0,1,0,0,0,gratuito
1,0.0,0,0.0,0,0,1,0,0,0,0,0,0,0,0,0,0,gratuito
4,0.0,0,0.0,0,0,1,0,0,0,0,0,0,0,0,0,0,gratuito
3,10000.0,27,0.5925925925925926,1,3,1,0,1,0,1,1,1,0,0,0,0,medio_alto
7,10000.0,63,0.9206349206349206,1,4,1,0,0,0,1,1,1,0,1,0,0,alto
8,10000.0,6,0.16666666666666666,1,4,1,0,0,0,1,1,0,1,0,0,0,medio_baixo
4,10000.0,2,0.5,4,1,1,0,0,0,0,0,0,1,0,0,0,baixo
1,10000.0,1,1.0,1,1,1,0,0,0,0,1,0,0,0,0,0,medio_alto
4,10000.0,7,1.0,1,3,1,0,0,0,1,0,1,1,0,0,0,baixo
2,10000.0,6,0.6666666666666666,1,2,1,0,0,0,0,0,1,0,1,0,0,alto
1,10000.0,11,1.0,2,4,1,1,0,0,1,0,0,1,1,1,0,medio_baixo
6,10000.0,12,0.75,1,4,1,0,0,0,1,0,0,0,1,0,1,medio_baixo
7,35000.0,83,0.6385542168674698,2,4,1,0,0,0,0,1,0,0,0,0,1,gratuito
2,10000.0,17,1.0,12,3,1,0,0,0,1,0,0,1,0,0,1,medio_baixo
2,10000.0,360,0.44166666666666665,6,4,1,1,0,0,0,1,1,0,1,0,0,gratuito
3,0.0,0,0.0,1,3,1,0,1,0,1,1,1,0,0,0,0,gratuito
1,0.0,0,0.0,2,2,1,0,0,0,0,1,1,0,0,0,0,medio_alto
1,0.0,0,0.0,11,3,1,0,0,0,1,0,1,1,0,0,0,medio_baixo
2,35000.0,639,0.676056338028169,16,3,1,0,0,31,0,1,1,1,0,0,0,medio_alto
3,350000.0,11314,0.9925755700901538,1,5,1,0,0,0,1,1,0,1,0,1,1,medio_alto
7,10000.0,2,0.0,1,3,1,1,1,0,0,1,1,0,0,1,0,medio_alto
6,10000.0,12,0.8333333333333334,1,1,1,0,0,0,0,0,0,1,0,0,0,medio_alto
2,10000.0,18,0.9444444444444444,1,3,1,1,1,0,1,0,1,0,1,0,0,medio_alto
2,10000.0,17,1.0,1,2,1,1,0,0,1,0,1,0,0,0,0,medio_baixo
8,150000.0,880,0.8988636363636363,3,2,1,0,0,0,0,1,0,0,0,1,0,medio_alto
6,35000.0,130,0.7846153846153846,1,3,1,1,1,1,1,0,1,0,0,1,0,medio_alto
5,350000.0,6606,0.5788676960339085,3,4,1,0,0,1,0,1,0,0,0,0,1,alto
4,0.0,0,0.0,0,0,1,0,0,0,0,0,0,0,0,0,0,gratuito
2,10000.0,19,0.47368421052631576,6,4,1,0,0,0,1,0,1,1,0,0,0,medio_baixo
8,10000.0,108,0.5370370370370371,1,5,1,1,1,1,1,1,1,0,0,0,1,alto
3,35000.0,51,0.9215686274509803,1,1,1,0,0,0,1,0,0,0,0,0,0,baixo
4,10000.0,24,0.2916666666666667,1,3,1,0,0,0,1,0,0,0,0,1,1,baixo
4,10000.0,12,1.0,1,2,1,0,0,0,1,1,0,0,0,0,0,medio_baixo
11,10000.0,302,0.8509933774834437,1,1,1,0,0,0,0,1,0,0,0,0,0,medio_alto
3,0.0,0,0.0,103,1,1,0,0,0,0,0,0,1,0,0,0,baixo
2,10000.0,11,0.9090909090909091,1,1,1,1,1,0,1,0,0,0,0,0,0,gratuito
4,35000.0,662,0.9697885196374623,9,3,1,0,0,0,1,1,0,0,0,1,0,medio_baixo
9,10000.0,2,0.5,1,2,1,0,0,0,1,0,0,0,1,0,0,medio_alto
6,10000.0,372,0.8467741935483871,5,1,1,0,0,10,0,0,0,0,0,0,0,alto
5,10000.0,4,1.0,1,2,1,1,0,0,1,1,0,0,0,0,0,medio_baixo
3,10000.0,5,1.0,1,1,1,0,0,0,1,0,0,0,0,0,0,medio_alto
3,10000.0,4,1.0,10,4,1,1,0,0,1,0,0,1,0,1,1,medio_baixo
2,35000.0,56,0.42857142857142855,7,2,1,0,0,0,1,1,0,0,0,0,0,medio_baixo
4,10000.0,32,0.71875,1,1,1,0,0,1,0,1,0,0,0,0,0,alto
2,10000.0,3,1.0,1,3,1,1,0,1,1,1,0,0,0,0,0,medio_alto
7,10000.0,9,0.5555555555555556,1,1,1,0,0,0,0,1,0,0,0,0,0,baixo
6,10000.0,12,0.9166666666666666,2,5,1,0,0,1,1,1,0,1,1,0,0,medio_alto
8,150000.0,288,0.6006944444444444,1,4,1,0,0,0,1,0,0,1,0,1,1,baixo
2,10000.0,131,0.8320610687022901,8,3,1,1,0,0,0,0,0,0,0,1,1,alto
3,10000.0,112,0.9732142857142857,2,2,1,0,0,1,1,1,0,0,0,0,0,medio_baixo
11,10000.0,132,0.6060606060606061,3,5,1,0,0,0,1,1,1,1,0,0,1,baixo
2,10000.0,0,0.0,1,1,1,1,1,0,1,0,0,0,0,0,0,alto
2,10000.0,1,1.0,1,1,1,0,0,0,1,0,0,0,0,0,0,alto
3,10000.0,23,0.6956521739130435,1,2,1,0,0,0,0,1,1,0,0,0,0,baixo
5,10000.0,65,0.9846153846153847,1,2,1,0,0,0,0,1,0,0,0,0,0,gratuito
6,10000.0,280,0.9785714285714285,2,3,1,0,0,1,1,0,0,1,0,1,0,medio_baixo
2,350000.0,7272,0.8355335533553355,6,3,1,0,0,0,1,0,0,0,1,1,0,alto
4,35000.0,19,0.6842105263157895,1,3,1,1,1,0,1,0,1,1,0,0,0,medio_alto
3,0.0,0,0.0,1,4,1,0,0,0,1,1,0,0,0,0,0,gratuito
1,10000.0,58,0.46551724137931033,30,4,1,0,0,0,1,1,1,1,0,0,0,medio_alto
1,10000.0,96,0.9166666666666666,5,5,1,1,0,1,1,0,0,1,0,1,0,medio_alto
2,75000.0,1,0.0,2,3,1,0,1,1,1,0,1,1,0,0,0,baixo
3,10000.0,3,0.3333333333333333,1,2,1,0,0,0,1,1,0,0,0,0,0,medio_baixo
8,10000.0,83,0.8313253012048193,14,3,1,0,0,1,1,1,0,1,0,0,0,medio_baixo
6,10000.0,10,0.8,18,4,1,1,0,0,1,1,1,1,0,0,0,alto
9,10000.0,1,1.0,2,1,1,1,1,1,1,0,0,0,0,0,0,gratuito
1,10000.0,26,0.9230769230769231,30,2,1,0,0,0,1,0,1,0,0,0,0,medio_alto
11,750000.0,10012,0.6875749101078705,8,1,1,0,0,62,0,1,0,0,0,0,0,gratuito
8,35000.0,85,0.8941176470588236,1,3,1,0,0,0,1,0,1,0,1,0,0,medio_alto
1,10000.0,29,0.9310344827586207,2,1,1,0,0,0,0,0,0,0,0,1,0,alto
3,10000.0,2,1.0,2,1,1,0,0,0,0,1,0,0,0,0,0,medio_baixo
8,10000.0,7,1.0,1,3,1,0,0,0,1,0,1,1,0,0,0,gratuito
2,10000.0,0,0.0,11,2,1,0,0,0,1,0,0,1,0,0,0,alto
1,10000.0,0,0.0,1,2,1,0,0,0,1,0,0,1,0,0,0,baixo
10,10000.0,7,0.5714285714285714,1,5,1,0,0,0,1,1,1,1,0,0,1,alto
5,10000.0,5,1.0,1,3,1,0,0,0,1,0,1,0,1,0,0,baixo
3,0.0,0,0.0,0,0,1,0,0,0,0,0,0,0,0,0,0,gratuito
1,0.0,0,0.0,0,0,1,0,0,0,0,0,0,0,0,0,0,gratuito
9,10000.0,53,0.7547169811320755,2,3,1,1,1,1,1,1,1,0,0,0,0,medio_alto
1,10000.0,4,1.0,1,4,1,0,0,0,1,0,1,1,0,0,1,baixo
2,10000.0,0,0.0,11,2,1,0,1,0,1,0,0,1,0,0,0,medio_baixo
6,350000.0,772,0.8212435233160622,1,3,1,1,0,0,0,0,1,0,0,0,1,gratuito
4,10000.0,1,0.0,1,2,1,0,0,0,0,0,0,1,0,0,0,medio_alto
11,10000.0,96,0.7916666666666666,1,2,1,1,1,0,1,0,0,0,1,0,0,medio_baixo
4,10000.0,113,0.8761061946902655,1,2,1,0,0,0,0,1,1,0,0,0,0,medio_alto
12,35000.0,65,0.5846153846153846,4,1,1,0,0,0,0,0,0,0,0,1,0,medio_baixo
6,35000.0,1011,0.8041543026706232,1,2,1,0,0,0,0,1,0,0,0,0,1,medio_alto
2,0.0,0,0.0,0,0,1,0,0,0,0,0,0,0,0,0,0,gratuito
1,10000.0,0,0.0,12,6,1,0,1,0,1,1,1,1,1,0,0,medio_alto
6,10000.0,0,0.0,1,1,1,0,0,0,0,1,0,0,0,0,0,baixo
4,10000.0,1,1.0,1,3,1,0,0,0,1,1,0,1,0,0,0,medio_alto
2,10000.0,0,0.0,2,5,1,0,0,0,1,0,1,1,1,1,0,medio_baixo
1,0.0,0,0.0,0,0,1,0,0,0,0,0,0,0,0,0,0,gratuito
8,35000.0,3,0.3333333333333333,2,2,1,0,0,0,1,0,0,0,0,1,0,gratuito
6,10000.0,3,0.3333333333333333,1,1,1,0,0,0,0,0,0,0,0,0,1,baixo
3,0.0,0,0.0,13,3,1,0,0,0,0,0,0,0,0,1,1,gratuito
9,10000.0,8,0.625,1,3,1,0,0,0,1,1,0,0,0,1,0,medio_alto
5,10000.0,4,0.75,1,3,1,0,0,0,1,1,1,0,0,0,0,medio_alto
1,0.0,0,0.0,0,0,1,0,0,0,0,0,0,0,0,0,0,gratuito
1,10000.0,0,0.0,6,3,1,0,0,0,0,1,1,0,1,0,0,alto
1,0.0,0,0.0,0,0,1,0,0,0,0,0,0,0,0,0,0,gratuito
5,10000.0,49,0.9387755102040817,2,3,1,0,0,0,1,0,0,1,0,0,0,medio_alto
11,1500000.0,5174,0.8185156551990723,10,3,1,1,1,4,0,0,0,0,1,1,1,medio_alto
7,10000.0,1,1.0,1,0,1,1,1,0,0,0,0,0,0,0,0,baixo
12,150000.0,608,0.5674342105263158,1,3,1,1,1,0,1,1,1,0,0,0,0,medio_baixo
1,10000.0,39,0.6153846153846154,1,2,1,0,0,0,1,0,1,0,0,0,0,alto
2,10000.0,15,1.0,4,4,1,0,0,0,1,0,0,1,0,0,1,medio_baixo
1,350000.0,3,1.0,5,3,1,0,0,0,1,1,0,1,0,0,0,medio_alto
8,10000.0,20,0.3,2,2,1,0,0,0,1,0,0,1,0,0,0,medio_baixo
3,10000.0,14,0.5714285714285714,14,5,1,0,0,0,1,0,1,0,1,0,0,alto
2,35000.0,4,0.75,1,5,1,0,0,0,1,1,1,0,1,0,0,medio_alto
4,10000.0,0,0.0,1,1,1,0,0,0,0,1,0,0,0,0,0,medio_alto
5,10000.0,0,0.0,6,3,1,1,0,0,1,0,1,1,0,0,0,alto
2,0.0,0,0.0,2,2,1,0,0,0,0,0,0,1,0,0,0,gratuito
1,10000.0,0,0.0,7,4,1,0,0,0,1,0,1,1,0,1,0,medio_alto
4,10000.0,10,0.9,2,3,1,0,0,0,1,1,0,0,1,0,0,medio_baixo
3,0.0,0,0.0,1,3,1,1,0,0,0,0,1,0,1,0,0,gratuito
3,35000.0,3,1.0,1,3,1,0,0,0,1,0,1,1,0,0,0,medio_baixo
1,10000.0,0,0.0,9,2,1,0,0,0,1,0,0,1,0,0,0,baixo
3,10000.0,0,0.0,2,2,1,0,0,0,1,0,0,1,0,0,0,medio_baixo
7,35000.0,1,0.0,1,3,1,0,0,0,1,0,0,1,1,0,0,baixo
1,0.0,0,0.0,1,3,1,0,0,0,0,0,1,1,0,1,0,medio_alto
6,10000.0,1,1.0,1,3,1,0,0,0,0,1,1,1,0,0,0,medio_baixo
2,10000.0,3,1.0,1,2,1,0,0,0,1,0,0,0,1,0,0,medio_baixo
11,10000.0,63,0.6507936507936508,1,2,1,0,0,0,0,0,0,0,0,0,1,alto
9,10000.0,21,0.23809523809523808,2,2,1,0,0,0,1,0,1,0,0,0,0,medio_alto
2,10000.0,27,0.37037037037037035,1,2,1,0,0,0,0,0,0,0,0,1,0,gratuito
10,10000.0,130,0.8307692307692308,1,3,1,0,0,4,1,0,1,1,0,0,0,medio_alto
1,10000.0,0,0.0,1,2,1,0,0,0,1,0,0,1,0,0,0,baixo
6,10000.0,23,0.6956521739130435,2,1,1,0,0,0,0,0,0,1,0,0,0,medio_alto
2,10000.0,4,0.5,5,4,1,1,0,0,1,1,0,1,0,1,0,baixo
7,10000.0,9,0.7777777777777778,3,2,1,0,0,0,1,1,0,0,0,0,0,medio_alto
10,35000.0,5,0.8,1,2,1,0,0,0,1,0,0,1,0,0,0,medio_baixo
15,75000.0,259,0.7683397683397684,1,2,1,0,0,0,1,0,0,1,0,0,0,medio_alto
2,10000.0,1,1.0,1,1,1,0,0,0,0,0,0,1,0,0,0,baixo
2,10000.0,4,0.75,2,3,1,0,0,0,1,0,1,0,0,0,1,medio_alto
10,1500000.0,22561,0.9724303000753513,8,2,1,1,1,1,1,0,1,0,0,0,0,medio_baixo
2,0.0,0,0.0,0,0,1,0,0,0,0,0,0,0,0,0,0,gratuito
1,10000.0,0,0.0,2,4,1,0,0,0,1,1,0,1,0,0,0,baixo
5,10000.0,176,0.9659090909090909,1,3,1,1,0,0,1,1,1,0,0,0,0,medio_alto
4,10000.0,20,0.75,14,4,1,0,0,0,1,1,1,1,0,0,0,baixo
3,10000.0,0,0.0,3,3,1,1,1,1,1,0,0,1,0,0,0,gratuito
4,0.0,0,0.0,7,1,1,0,0,0,0,0,0,0,0,1,0,gratuito
3,35000.0,228,0.9473684210526315,3,2,1,0,0,0,0,0,1,0,1,0,0,alto
4,10000.0,13,0.6923076923076923,1,3,1,0,0,0,1,0,1,1,0,0,0,baixo
11,35000.0,398,0.949748743718593,1,1,1,0,0,0,0,0,1,0,0,0,0,baixo
7,10000.0,9,0.4444444444444444,1,3,1,1,0,0,1,0,0,0,1,0,1,gratuito
8,35000.0,23,0.6521739130434783,1,4,1,0,0,6,1,0,1,1,0,1,0,baixo
8,150000.0,1259,0.7680698967434472,6,3,1,0,0,0,1,0,0,0,1,1,0,medio_baixo
2,10000.0,6,1.0,1,2,1,0,0,0,1,0,0,0,0,0,1,medio_alto
1,10000.0,4,1.0,1,3,1,0,0,0,1,1,0,1,0,0,0,baixo
7,10000.0,0,0.0,2,5,1,0,0,0,1,1,1,0,1,0,0,medio_alto
4,10000.0,12,0.9166666666666666,1,2,1,0,0,0,1,1,0,0,0,0,0,gratuito
1,10000.0,0,0.0,1,3,1,1,1,0,1,0,0,1,0,1,0,alto
3,10000.0,10,1.0,1,2,1,1,1,1,1,1,0,0,0,0,0,medio_alto
2,10000.0,85,0.3058823529411765,5,2,1,0,0,0,0,0,1,0,0,0,1,alto
9,75000.0,410,0.6365853658536585,5,1,1,0,0,0,0,0,0,0,0,0,1,medio_alto
13,0.0,0,0.0,2,1,1,1,1,0,0,0,1,0,0,0,0,alto
9,10000.0,22,0.8636363636363636,2,4,1,0,0,0,1,0,0,1,0,1,1,medio_baixo
1,0.0,0,0.0,1,5,1,0,0,0,1,0,1,1,1,0,0,gratuito
1,10000.0,5,0.6,1,2,1,0,0,1,1,0,0,0,0,1,0,medio_baixo
8,10000.0,56,0.8035714285714286,1,2,1,0,0,0,1,0,0,1,0,0,0,baixo
2,0.0,0,0.0,0,0,1,0,0,0,0,0,0,0,0,0,0,gratuito
1,10000.0,10,1.0,2,2,1,1,0,1,1,0,1,0,0,0,0,alto
3,10000.0,4,0.5,1,2,1,0,0,0,1,0,1,0,0,0,0,medio_alto
4,10000.0,2,1.0,1,2,1,0,0,0,0,1,1,0,0,0,0,baixo
6,10000.0,1,1.0,1,3,1,0,0,0,1,0,0,1,0,0,1,baixo
5,10000.0,1,1.0,1,3,1,0,0,0,1,1,0,1,0,0,0,baixo
3,10000.0,29,0.7931034482758621,1,5,1,0,0,0,1,1,1,1,0,0,1,medio_alto
8,35000000.0,627791,0.9554214698840856,16,4,1,0,0,0,1,1,1,0,0,0,1,medio_alto
20,35000.0,159,0.5220125786163522,1,1,1,0,0,0,0,0,0,0,0,1,0,baixo
2,10000.0,0,0.0,1,5,1,0,0,0,1,1,1,0,1,0,0,medio_alto
7,10000.0,71,0.5492957746478874,5,3,1,0,0,1,1,1,0,0,0,0,1,medio_alto
1,0.0,0,0.0,0,0,1,0,0,0,0,0,0,0,0,0,0,gratuito
1,0.0,0,0.0,1,1,1,0,0,0,0,0,0,0,0,1,0,baixo
8,10000.0,18,0.8888888888888888,8,3,1,1,1,0,1,1,0,1,0,0,0,medio_alto
4,10000.0,90,0.9333333333333333,3,5,1,1,1,1,1,0,0,1,1,0,1,medio_alto
3,75000.0,1,1.0,1,1,1,0,0,0,0,0,0,0,0,1,0,medio_alto
6,35000.0,137,0.708029197080292,9,3,1,0,0,0,1,0,0,1,0,0,0,medio_baixo
6,10000.0,6,0.6666666666666666,1,7,1,0,0,0,1,1,1,1,0,1,1,alto
1,0.0,0,0.0,5,3,1,0,0,0,0,1,0,0,1,0,0,gratuito
11,350000.0,677,0.6189069423929099,1,3,1,1,1,0,1,1,1,0,0,0,0,baixo
4,10000.0,5,1.0,1,1,1,0,0,0,0,0,0,0,0,0,0,alto
1,10000.0,0,0.0,1,2,1,0,0,0,1,1,0,0,0,0,0,medio_baixo
2,10000.0,59,0.8813559322033898,1,3,1,0,0,0,1,1,0,1,0,0,0,baixo
2,35000.0,188,0.6170212765957447,1,6,1,0,0,0,1,1,1,1,1,0,0,alto
21,35000.0,121,0.7520661157024794,1,1,1,0,0,0,1,0,0,0,0,0,0,baixo
1,0.0,0,0.0,1,3,1,0,0,0,0,0,0,0,0,0,1,gratuito
1,0.0,0,0.0,0,0,1,0,0,0,0,0,0,0,0,0,0,gratuito
6,10000.0,10,1.0,1,1,1,0,0,0,1,0,0,0,0,0,0,gratuito
3,10000.0,2,0.5,1,3,1,0,0,0,0,1,0,0,1,0,0,alto
2,0.0,0,0.0,0,0,1,0,0,0,0,0,0,0,0,0,0,gratuito
2,35000.0,136,0.875,10,3,1,0,0,0,1,0,1,0,1,0,0,alto
4,10000.0,10,0.8,1,3,1,0,0,0,1,1,1,0,0,0,0,medio_alto
4,0.0,0,0.0,15,1,1,0,0,0,0,0,0,0,0,1,0,gratuito
9,10000.0,26,0.6538461538461539,1,6,1,0,0,0,1,1,1,0,0,1,1,gratuito
2,10000.0,1,0.0,1,2,1,0,0,0,0,1,1,0,0,0,0,alto
8,35000.0,473,0.48414376321353064,10,4,1,1,1,4,1,1,1,0,0,0,1,alto
3,10000.0,0,0.0,1,1,1,0,0,0,0,0,0,1,0,0,0,medio_alto
2,75000.0,121,0.9752066115702479,2,4,1,1,1,0,1,1,1,0,1,0,0,medio_alto
3,10000.0,0,0.0,1,3,1,0,0,0,1,1,1,0,0,0,0,medio_alto
3,10000.0,6,0.3333333333333333,16,3,1,0,0,0,1,0,0,0,0,0,1,baixo
11,350000.0,764,0.7146596858638743,1,4,1,1,1,0,1,1,0,1,0,0,1,baixo
7,10000.0,1,0.0,1,1,1,1,1,0,0,0,0,1,0,0,0,medio_baixo
10,75000.0,27,0.7037037037037037,6,4,1,0,0,0,1,1,1,1,0,0,0,medio_alto
1,0.0,0,0.0,1,2,1,0,0,0,1,0,0,1,0,0,0,medio_alto
1,0.0,0,0.0,1,2,1,0,0,0,1,0,0,1,0,0,0,baixo
2,10000.0,6,0.6666666666666666,2,3,1,0,0,0,1,1,1,0,0,0,0,baixo
2,10000.0,168,0.8154761904761905,2,5,1,0,0,0,1,1,1,1,1,0,0,alto
6,10000.0,88,0.875,1,4,1,1,1,0,1,1,0,0,0,0,0,alto
2,10000.0,13,0.9230769230769231,2,4,1,0,0,0,1,1,0,1,0,0,1,alto
6,75000.0,281,0.7793594306049823,1,4,1,0,0,0,1,0,0,0,1,1,1,medio_alto
4,35000.0,65,0.9846153846153847,5,1,1,1,1,0,1,0,0,0,0,0,0,baixo
9,10000.0,37,0.7297297297297297,1,3,1,0,0,0,1,0,0,1,0,0,1,alto
6,10000.0,130,0.6384615384615384,1,4,1,0,0,0,1,1,0,0,0,0,0,gratuito
1,75000.0,1,0.0,1,4,1,0,0,0,1,0,1,1,0,0,0,gratuito
1,10000.0,0,0.0,5,3,1,0,0,1,1,0,0,1,0,0,1,medio_alto
7,10000.0,32,0.84375,2,2,1,0,0,0,1,0,0,1,0,0,0,medio_baixo
9,10000.0,39,0.9230769230769231,1,5,1,0,0,0,1,1,1,1,0,1,0,medio_alto
5,10000.0,213,0.6713615023474179,11,4,1,0,1,0,1,0,0,1,0,1,1,alto
1,10000.0,0,0.0,1,2,1,0,0,0,1,0,0,1,0,0,0,medio_baixo
4,0.0,0,0.0,1,3,1,0,0,0,0,0,1,1,0,0,0,gratuito
6,75000.0,121,0.9338842975206612,9,2,1,1,1,0,1,0,0,1,0,0,0,baixo
1,0.0,0,0.0,1,5,1,0,0,0,1,1,0,0,1,1,1,alto
4,10000.0,191,0.93717277486911,9,2,1,1,1,1,1,0,1,0,0,0,0,alto
2,10000.0,2,1.0,5,1,1,0,0,0,0,0,0,1,0,0,0,baixo
2,10000.0,3,0.3333333333333333,1,3,1,0,0,0,1,1,0,0,1,0,0,medio_alto
5,35000.0,38,0.868421052631579,6,6,1,0,0,0,1,1,1,1,0,0,0,baixo
4,35000.0,384,0.9583333333333334,1,2,1,0,1,1,1,0,1,0,0,0,0,medio_baixo
3,35000.0,2,1.0,1,2,1,0,0,1,1,0,0,0,0,1,0,medio_alto
1,10000.0,0,0.0,29,4,1,0,0,0,1,1,1,1,0,0,0,medio_baixo
1,10000.0,0,0.0,1,4,1,0,0,0,1,1,1,1,0,0,0,baixo
2,10000.0,0,0.0,1,1,1,0,0,0,1,0,0,0,0,0,0,medio_alto
9,35000.0,36,0.5833333333333334,1,2,1,0,0,0,0,0,1,1,0,0,0,gratuito
2,10000.0,179,0.8100558659217877,9,2,1,0,0,0,1,0,0,0,0,0,1,medio_baixo
3,150000.0,1667,0.7996400719856028,17,3,1,1,0,0,1,0,0,0,0,1,1,alto
1,10000.0,0,0.0,1,5,1,0,0,0,1,1,0,0,1,0,0,gratuito
4,10000.0,0,0.0,1,3,1,0,0,0,0,0,0,1,1,0,1,medio_baixo
11,35000.0,48,0.5416666666666666,4,1,1,1,0,0,0,0,0,1,0,0,0,medio_alto
2,10000.0,5,1.0,1,2,1,0,0,0,1,1,0,0,0,0,0,baixo
4,0.0,0,0.0,0,0,1,0,0,0,0,0,0,0,0,0,0,gratuito
3,10000.0,1,1.0,7,4,1,0,0,0,1,0,1,1,0,1,0,alto
6,75000.0,194,0.711340206185567,11,7,1,0,0,0,1,1,0,1,0,0,1,gratuito
5,10000.0,5,1.0,2,4,1,0,0,0,1,1,0,1,0,0,1,medio_baixo
6,35000.0,365,0.8931506849315068,3,2,1,0,1,0,1,0,0,0,0,0,0,medio_alto
8,10000.0,9,1.0,1,2,1,0,0,0,1,0,0,1,0,0,0,baixo
7,10000.0,4,0.5,3,4,1,0,0,0,1,1,0,1,0,0,1,baixo
9,10000.0,3,0.3333333333333333,1,1,1,0,0,0,0,1,0,0,0,0,0,medio_baixo
2,10000.0,8,1.0,1,4,1,0,0,0,1,0,0,0,1,1,1,medio_baixo
2,10000.0,94,1.0,1,3,1,0,0,0,1,0,1,1,0,0,0,baixo
1,0.0,0,0.0,8,2,1,0,0,0,0,0,0,1,0,0,0,gratuito
1,10000.0,0,0.0,1,4,1,0,0,0,1,1,0,1,0,0,1,baixo
5,10000.0,6,0.8333333333333334,1,4,1,0,0,0,1,1,1,0,1,0,0,medio_baixo
1,0.0,0,0.0,1,1,1,0,0,0,1,0,0,0,0,0,0,medio_baixo
6,10000.0,24,0.9166666666666666,29,4,1,0,0,0,1,1,1,1,0,0,0,baixo
11,10000.0,14,0.2857142857142857,1,3,1,0,0,1,1,1,0,1,0,0,0,medio_alto
5,10000.0,3,1.0,1,2,1,0,0,0,1,0,1,0,0,0,0,alto
11,10000.0,158,0.7531645569620253,1,3,1,1,1,1,1,1,0,0,0,1,0,baixo
1,0.0,0,0.0,29,4,1,0,0,0,1,1,1,1,0,0,0,medio_alto
8,10000.0,4,0.75,1,2,1,0,0,0,0,0,0,0,0,0,1,alto
4,10000.0,1,1.0,5,4,1,0,0,0,0,0,1,1,1,0,1,baixo
4,10000.0,0,0.0,7,1,1,0,0,0,0,0,0,1,0,0,0,medio_baixo
6,10000.0,10,0.2,1,1,1,0,0,0,0,1,0,0,0,0,0,medio_alto
3,10000.0,5,0.0,11,3,1,0,0,0,1,0,1,1,0,0,0,alto
8,10000.0,39,0.7435897435897436,1,4,1,0,0,0,1,1,1,0,1,0,0,medio_alto
6,10000.0,5,0.6,1,1,1,0,0,0,1,0,0,0,0,0,0,medio_alto
8,75000.0,57,0.8596491228070176,1,1,1,0,0,0,1,0,0,0,0,0,0,baixo
8,35000.0,91,0.7582417582417582,1,2,1,0,0,0,0,0,0,0,0,0,0,gratuito
2,10000.0,0,0.0,29,1,1,0,0,0,0,0,0,1,0,0,0,medio_alto
8,35000.0,32,0.6875,1,4,1,0,0,0,1,1,0,0,0,0,0,gratuito
6,10000.0,1,1.0,103,3,1,0,0,0,1,1,1,0,0,0,0,baixo
1,0.0,0,0.0,102,2,1,0,0,0,1,0,0,1,0,0,0,baixo
1,0.0,0,0.0,0,0,1,0,0,0,0,0,0,0,0,0,0,gratuito
5,0.0,0,0.0,0,0,1,0,0,0,0,0,0,0,0,0,0,gratuito
12,75000.0,106,0.6509433962264151,5,1,1,1,0,0,0,0,1,0,0,0,0,medio_baixo
5,0.0,0,0.0,0,0,1,0,0,0,0,0,0,0,0,0,0,gratuito
7,10000.0,13,1.0,2,3,1,1,0,0,1,0,0,1,0,1,0,medio_baixo
1,10000.0,1,0.0,1,2,1,0,0,0,1,0,1,0,0,0,0,alto
5,0.0,0,0.0,0,0,1,0,0,0,0,0,0,0,0,0,0,gratuito
9,10000.0,4,0.25,1,3,1,1,0,0,1,1,0,0,0,0,0,baixo
2,0.0,0,0.0,1,2,1,0,0,0,0,0,0,1,1,0,0,gratuito
1,0.0,0,0.0,1,3,1,0,0,0,0,0,1,1,0,1,0,medio_alto
2,10000.0,0,0.0,1,2,1,0,1,0,0,0,1,1,0,0,0,medio_baixo
1,10000.0,3,1.0,1,5,1,0,0,0,1,1,0,1,0,0,0,alto
2,10000.0,119,0.7899159663865546,3,2,1,0,0,0,1,0,1,0,0,0,0,alto
1,10000.0,0,0.0,2,2,1,0,0,0,1,1,0,0,0,0,0,medio_baixo
9,35000.0,193,0.7409326424870466,1,3,1,0,0,0,0,0,0,0,1,0,0,gratuito
3,10000.0,61,0.8852459016393442,27,3,1,1,1,2,1,0,0,1,0,0,1,baixo
2,10000.0,43,0.9767441860465116,10,2,1,1,0,1,1,0,1,0,0,0,0,baixo
9,10000.0,15,0.9333333333333333,1,1,1,1,0,0,0,0,0,1,0,0,0,medio_alto
2,0.0,0,0.0,0,0,1,0,0,0,0,0,0,0,0,0,0,gratuito
2,10000.0,19,0.7894736842105263,1,4,1,0,0,0,1,1,0,1,0,0,0,medio_alto
4,75000.0,57,0.8947368421052632,1,1,1,0,0,2,0,0,0,0,1,0,0,medio_alto
8,10000.0,67,0.8955223880597015,1,4,1,0,0,0,1,0,1,1,1,0,0,baixo
1,0.0,0,0.0,6,4,1,0,0,0,1,0,0,0,1,0,1,gratuito
7,10000.0,0,0.0,1,4,1,0,0,0,1,0,1,0,1,0,1,baixo
5,10000.0,2,1.0,1,1,1,0,0,0,0,1,0,0,0,0,0,medio_alto
10,10000.0,22,0.7272727272727273,2,3,1,0,0,0,0,0,0,0,1,0,0,gratuito
4,10000.0,7,1.0,1,1,1,1,1,0,0,0,0,1,0,0,0,baixo
3,10000.0,851,0.8860164512338425,8,3,1,0,0,2,1,1,1,0,0,0,0,medio_alto
1,10000.0,0,0.0,5,3,1,0,0,0,0,1,0,1,0,0,1,medio_baixo
9,75000.0,795,0.8817610062893082,1,2,1,0,0,0,0,0,0,1,0,0,0,gratuito
5,10000.0,37,0.918918918918919,20,2,1,1,0,1,1,0,0,1,0,0,0,medio_baixo
1,10000.0,0,0.0,4,2,1,0,1,0,1,0,1,0,0,0,0,medio_alto
3,10000.0,0,0.0,1,4,1,0,0,0,1,0,1,1,0,0,0,gratuito
9,10000.0,44,0.3181818181818182,1,6,1,0,0,0,1,1,1,1,0,0,0,baixo
6,10000.0,8,0.625,1,1,1,0,0,0,0,0,1,0,0,0,0,baixo
1,0.0,0,0.0,2,3,1,0,0,0,1,0,1,1,0,0,0,medio_alto
5,10000.0,9,0.5555555555555556,1,2,1,0,0,0,0,0,1,1,0,0,0,medio_alto
1,10000.0,11,1.0,1,1,1,0,0,0,0,0,0,0,1,0,0,medio_alto
2,10000.0,41,0.975609756097561,2,2,1,1,0,1,1,0,0,0,1,0,0,medio_alto
7,10000.0,2,0.0,1,2,1,0,0,0,0,0,0,0,0,0,1,medio_baixo
9,10000.0,21,1.0,1,3,1,0,0,0,1,0,0,1,0,0,0,baixo
2,10000.0,95,0.8947368421052632,3,1,1,0,0,0,0,0,1,0,0,0,0,alto
5,10000.0,6,0.5,1,3,1,0,0,0,0,0,0,0,0,0,0,gratuito
7,35000.0,694,0.8890489913544669,3,1,1,0,0,0,1,0,0,0,0,0,0,medio_alto
5,10000.0,7,0.14285714285714285,4,1,1,0,0,0,0,1,0,0,0,0,0,alto
9,35000.0,429,0.8275058275058275,5,2,1,0,0,0,1,0,1,0,0,0,0,alto
10,10000.0,28,1.0,3,2,1,0,0,1,1,1,0,0,0,0,0,medio_alto
10,10000.0,22,0.7727272727272727,2,2,1,0,0,0,0,0,1,0,0,1,0,alto
1,10000.0,0,0.0,1,2,1,0,1,0,1,1,0,0,0,0,0,medio_alto
5,35000.0,434,0.8709677419354839,31,5,1,0,0,0,0,1,0,1,0,1,1,medio_alto
6,10000.0,27,0.6666666666666666,3,2,1,0,0,0,1,1,0,0,0,0,0,medio_baixo
11,150000.0,235,0.4127659574468085,1,3,1,0,0,2,1,1,1,0,0,0,0,gratuito
1,75000.0,369,0.926829268292683,3,5,1,0,0,0,1,0,1,0,1,1,1,alto
3,10000.0,1,1.0,1,2,1,0,0,0,1,0,0,0,1,0,0,baixo
2,0.0,0,0.0,0,0,1,0,0,0,0,0,0,0,0,0,0,gratuito
5,0.0,0,0.0,8,3,1,0,0,3,1,0,1,0,0,0,0,gratuito
5,10000.0,7,0.5714285714285714,1,5,1,0,0,0,1,1,1,0,0,1,0,medio_baixo
6,10000.0,1,0.0,2,2,1,0,0,0,1,0,1,0,0,0,0,medio_baixo
8,10000.0,91,0.5604395604395604,1,4,1,0,0,0,1,1,0,0,0,0,1,alto
1,0.0,0,0.0,0,0,1,0,0,0,0,0,0,0,0,0,0,gratuito
2,350000.0,1806,0.8970099667774086,12,4,1,1,0,2,1,0,0,1,0,1,1,alto
7,10000.0,1,1.0,1,1,1,0,0,0,1,0,0,0,0,0,0,medio_alto
2,0.0,0,0.0,0,0,1,0,0,0,0,0,0,0,0,0,0,gratuito
8,10000.0,11,0.5454545454545454,1,2,1,0,0,0,1,1,0,0,0,0,0,medio_alto
6,10000.0,19,0.5263157894736842,28,5,1,1,1,0,1,1,0,1,0,1,1,alto
3,10000.0,0,0.0,5,1,1,0,0,0,0,0,0,1,0,0,0,medio_baixo
8,10000.0,17,1.0,1,3,1,0,0,0,1,1,1,0,0,0,0,baixo
10,10000.0,18,0.8333333333333334,1,2,1,0,0,0,0,0,0,0,0,0,0,baixo
3,10000.0,31,0.8064516129032258,1,2,1,1,1,0,1,0,0,0,0,0,1,gratuito
5,10000.0,0,0.0,2,2,1,0,0,0,0,1,0,0,0,0,0,gratuito
12,10000.0,81,0.8148148148148148,1,3,1,1,0,0,1,0,1,1,0,0,0,medio_alto
3,10000.0,0,0.0,17,3,1,0,1,0,0,0,0,0,0,1,1,gratuito
2,10000.0,3,1.0,1,4,1,0,0,0,1,0,1,1,0,1,0,medio_baixo
3,0.0,0,0.0,0,0,1,0,0,0,0,0,0,0,0,0,0,gratuito
12,150000.0,1569,0.9451880178457617,6,1,1,0,0,0,0,0,1,0,0,0,0,medio_baixo
12,750000.0,10837,0.9402048537418105,1,4,1,1,1,0,1,1,1,0,0,0,0,alto
6,35000.0,19,0.7894736842105263,1,3,1,0,0,0,1,1,0,0,1,0,0,baixo
3,10000.0,0,0.0,1,2,1,1,0,0,0,0,0,1,1,0,0,alto
3,35000.0,6,0.6666666666666666,1,3,1,0,0,0,1,1,0,0,0,0,1,alto
9,10000.0,15,0.6,1,4,1,0,0,0,1,1,0,0,0,0,1,medio_alto
5,10000.0,0,0.0,1,4,1,0,0,0,1,1,1,0,0,0,0,gratuito
2,10000.0,0,0.0,1,4,1,0,0,0,1,1,1,0,0,1,0,medio_alto
1,10000.0,0,0.0,103,2,1,0,0,0,1,0,0,1,0,0,0,baixo
4,35000.0,9,0.4444444444444444,1,5,1,0,0,0,1,0,1,1,1,1,0,medio_alto
1,0.0,0,0.0,2,2,1,0,0,0,1,1,0,0,0,0,0,medio_alto
1,0.0,0,0.0,1,4,1,0,0,4,0,1,1,0,0,0,1,gratuito
1,10000.0,0,0.0,5,1,1,0,0,0,0,0,0,0,0,0,1,alto
10,10000.0,95,0.29473684210526313,9,3,1,0,0,1,1,1,1,0,0,0,0,alto
1,0.0,0,0.0,1,4,1,0,0,0,1,1,0,1,0,0,1,medio_baixo
2,0.0,0,0.0,0,0,1,0,0,0,0,0,0,0,0,0,0,gratuito
1,10000.0,0,0.0,1,2,1,0,0,0,1,1,0,0,0,0,0,medio_alto
1,10000.0,0,0.0,1,3,1,1,0,0,1,0,1,1,0,0,0,alto
2,0.0,0,0.0,1,4,1,0,0,0,1,0,0,0,0,0,1,gratuito
2,10000.0,5,1.0,1,3,1,0,0,0,1,1,0,0,0,0,0,medio_baixo
4,10000.0,4,0.5,2,4,1,0,0,0,1,0,0,1,1,0,1,baixo
1,10000.0,0,0.0,8,6,1,0,0,2,1,1,1,1,0,0,0,alto
2,0.0,0,0.0,0,0,1,0,0,0,0,0,0,0,0,0,0,gratuito
1,10000.0,0,0.0,1,3,1,0,0,0,1,0,0,1,0,0,1,medio_baixo
2,350000.0,1123,0.8227960819234195,13,2,1,0,0,0,0,1,1,0,0,0,0,alto
1,0.0,0,0.0,1,1,1,1,1,0,0,0,0,1,0,0,0,medio_alto
6,10000.0,14,0.5714285714285714,1,2,1,0,0,2,1,1,0,0,0,0,0,gratuito
6,10000.0,25,0.76,1,3,1,0,0,0,1,0,0,0,0,0,0,gratuito
3,10000.0,69,0.7971014492753623,1,4,1,1,1,0,1,0,0,1,0,1,0,medio_alto
9,10000.0,39,0.48717948717948717,1,2,1,0,0,0,1,0,0,0,0,1,0,baixo
1,10000.0,0,0.0,2,3,1,1,1,1,1,0,1,0,1,0,0,alto
4,10000.0,9,1.0,1,4,1,0,0,0,1,1,1,0,1,0,0,alto
9,35000.0,78,0.7307692307692307,14,3,1,1,0,0,1,0,1,1,0,0,0,alto
6,350000.0,41,0.7560975609756098,1,2,1,0,0,0,1,1,0,0,0,0,0,baixo
10,75000.0,111,0.7297297297297297,3,4,1,1,1,0,1,0,0,1,0,1,0,gratuito
5,150000.0,8,0.625,2,3,1,1,1,1,1,0,1,0,0,0,1,medio_baixo
1,10000.0,0,0.0,3,3,1,1,0,0,1,0,0,1,1,0,0,medio_alto
1,0.0,0,0.0,1,6,1,0,0,0,1,1,1,1,0,1,1,baixo
6,10000.0,10,0.9,1,1,1,0,0,0,0,0,0,0,0,1,0,gratuito
2,10000.0,20,0.8,1,1,1,0,0,0,0,0,0,0,1,0,0,medio_alto
5,10000.0,7,1.0,1,4,1,1,1,0,0,1,0,1,1,1,0,baixo
3,0.0,0,0.0,103,3,1,0,0,0,1,0,0,1,0,0,1,baixo
3,10000.0,2,1.0,3,2,1,1,0,0,1,0,1,0,0,0,0,medio_baixo
4,35000.0,8,0.875,1,1,1,0,0,0,0,1,0,0,0,0,0,medio_alto
3,150000.0,2586,0.9860788863109049,2,3,1,0,0,0,1,0,1,0,0,0,0,alto
1,0.0,0,0.0,1,2,1,0,0,0,1,1,0,0,0,0,0,baixo
2,10000.0,7,1.0,1,3,1,0,0,0,1,1,1,0,0,0,0,baixo
6,150000.0,9,1.0,1,4,1,0,0,0,1,1,1,0,1,0,0,medio_alto
12,150000.0,373,0.514745308310992,1,1,1,0,0,0,0,0,0,1,0,0,0,medio_baixo
2,10000.0,1,1.0,2,4,1,0,0,0,1,1,0,1,0,0,1,medio_alto
2,10000.0,2,1.0,2,3,1,0,0,0,1,1,0,1,0,0,0,baixo
5,10000.0,18,1.0,1,2,1,0,0,0,1,1,0,0,0,0,0,baixo
1,10000.0,21,0.5714285714285714,4,4,1,0,0,0,1,0,0,1,0,1,1,medio_baixo
9,10000.0,152,0.75,103,5,1,0,0,0,1,0,1,1,0,1,1,baixo
4,10000.0,5,1.0,1,2,1,1,0,0,0,0,0,0,0,1,0,alto
5,10000.0,95,0.9368421052631579,1,2,1,0,0,0,0,0,0,1,0,1,0,baixo
5,0.0,0,0.0,1,3,1,0,0,1,1,0,1,1,0,0,0,gratuito
1,10000.0,0,0.0,1,4,1,0,0,0,1,0,1,1,0,0,1,medio_alto
3,10000.0,17,0.9411764705882353,2,5,1,0,0,0,1,1,1,1,0,1,0,medio_alto
4,0.0,0,0.0,1,2,1,0,0,0,1,1,0,0,0,0,0,gratuito
2,10000.0,29,1.0,1,1,1,1,1,0,0,1,0,0,0,0,0,medio_alto
6,10000.0,8,0.25,1,3,1,1,1,0,1,0,0,1,0,0,1,baixo
9,10000.0,6,0.3333333333333333,1,1,1,0,0,0,1,0,0,0,0,0,0,medio_baixo
1,0.0,0,0.0,3,3,1,0,0,0,1,0,0,1,0,1,0,baixo
7,10000.0,13,0.7692307692307693,2,3,1,0,0,0,1,1,1,0,0,0,0,medio_baixo
3,75000.0,1,0.0,1,3,1,0,0,0,1,0,1,1,0,0,0,medio_baixo
3,10000.0,0,0.0,2,1,1,0,0,0,1,0,0,0,0,0,0,baixo
6,10000.0,35,0.9714285714285714,11,4,1,1,0,0,1,1,1,1,0,0,0,medio_alto
1,35000.0,2,1.0,6,4,1,0,0,0,1,0,1,1,0,1,0,medio_baixo
9,10000.0,1,1.0,1,3,1,0,0,0,1,1,0,1,0,0,0,medio_baixo
8,10000.0,21,0.42857142857142855,2,3,1,0,0,0,1,0,1,1,0,0,0,baixo
7,10000.0,0,0.0,1,1,1,0,0,0,1,0,0,0,0,0,0,alto
4,10000.0,1,1.0,2,4,1,0,0,0,1,1,1,0,1,0,0,medio_baixo
2,0.0,0,0.0,1,4,1,0,0,0,1,0,1,1,0,0,0,gratuito
3,10000.0,3,0.6666666666666666,1,4,1,0,0,0,0,1,1,1,0,1,0,baixo
2,10000.0,0,0.0,6,0,1,0,0,0,0,0,0,0,0,0,0,medio_alto
7,10000.0,10,1.0,1,2,1,0,0,0,1,0,0,1,0,0,0,medio_baixo
4,10000.0,153,0.7843137254901961,2,2,1,0,0,0,1,0,0,1,0,0,0,baixo
2,0.0,0,0.0,0,0,1,0,0,0,0,0,0,0,0,0,0,gratuito
6,10000.0,13,0.38461538461538464,1,3,1,1,0,0,0,1,0,0,0,0,1,medio_alto
2,10000.0,2,1.0,2,2,1,0,0,0,0,0,0,1,0,0,1,medio_alto
5,35000.0,2,1.0,1,3,1,0,0,0,1,0,0,1,0,1,0,medio_alto
3,10000.0,3,0.6666666666666666,1,2,1,0,0,0,0,1,1,0,0,0,0,medio_baixo
4,10000.0,5,0.4,2,2,1,0,0,0,0,1,1,0,0,0,0,medio_alto
1,0.0,0,0.0,1,3,1,0,0,0,1,1,0,0,0,0,0,gratuito
2,10000.0,11,0.8181818181818182,11,4,1,0,0,0,1,0,1,0,1,0,0,gratuito
1,10000.0,0,0.0,11,3,1,0,0,0,1,0,0,0,0,1,1,alto
6,10000.0,30,0.9333333333333333,1,5,1,1,0,0,1,0,1,1,0,1,0,alto
2,10000.0,0,0.0,7,1,1,0,0,0,0,0,0,1,0,0,0,medio_baixo
2,10000.0,3,1.0,1,4,1,0,1,0,1,1,0,1,0,1,0,baixo
4,10000.0,16,0.625,1,2,1,0,0,0,0,0,0,0,0,0,1,gratuito
2,10000.0,7,0.42857142857142855,5,3,1,0,0,0,1,0,0,1,0,0,1,baixo
2,0.0,0,0.0,0,0,1,0,0,0,0,0,0,0,0,0,0,gratuito
2,10000.0,0,0.0,1,1,1,1,0,0,0,0,0,0,1,0,0,alto
1,0.0,0,0.0,103,3,1,0,0,0,0,0,0,1,0,0,1,medio_baixo
5,35000.0,5,1.0,1,3,1,1,0,0,1,1,0,1,0,0,0,medio_alto
3,35000.0,297,0.9259259259259259,1,2,1,0,0,0,0,1,0,0,0,0,0,gratuito
2,0.0,0,0.0,19,9,1,0,0,0,1,1,0,1,0,0,1,gratuito
1,0.0,0,0.0,1,3,1,0,0,0,0,1,1,0,0,0,0,gratuito
6,10000.0,96,0.8541666666666666,1,1,1,1,0,1,0,0,0,1,0,0,0,baixo
6,10000.0,16,0.6875,2,5,1,0,0,0,1,1,1,1,1,0,0,medio_baixo
3,10000.0,6,1.0,3,2,1,0,0,0,0,0,0,1,0,1,0,medio_baixo
1,10000.0,25,0.84,2,4,1,0,0,0,1,0,1,0,1,0,0,alto
7,10000.0,0,0.0,1,1,1,0,0,0,0,0,0,0,0,0,0,alto
8,10000.0,5,0.2,30,5,1,0,0,3,1,0,0,1,0,1,1,gratuito
2,10000.0,21,0.9523809523809523,13,2,1,0,0,0,1,0,0,1,0,0,0,medio_baixo
4,0.0,0,0.0,103,7,1,1,1,0,1,1,1,1,1,1,1,alto
5,10000.0,5,1.0,3,1,1,0,0,1,1,0,0,0,0,0,0,gratuito
1,10000.0,0,0.0,3,5,1,0,0,0,1,0,0,1,0,1,1,medio_alto
9,75000.0,67,0.7611940298507462,9,1,1,0,0,0,0,0,0,0,0,0,0,baixo
3,10000.0,0,0.0,1,1,1,0,0,0,0,0,0,1,0,0,0,medio_baixo
8,10000.0,17,0.9411764705882353,1,1,1,0,0,0,1,0,0,0,0,0,0,medio_baixo
3,10000.0,23,0.9565217391304348,18,4,1,0,0,0,1,1,0,0,0,0,1,alto
1,10000.0,0,0.0,1,3,1,1,1,0,1,0,0,1,0,0,1,alto
3,10000.0,0,0.0,1,1,1,0,0,0,0,0,0,0,0,1,0,alto
1,10000.0,0,0.0,1,4,1,1,1,0,1,0,1,1,0,0,0,alto
7,35000.0,115,0.8,1,5,1,0,0,0,1,0,1,1,1,1,0,baixo
4,10000.0,12,0.75,2,4,1,0,0,0,1,0,0,1,0,1,0,gratuito
7,75000.0,987,0.7629179331306991,10,3,1,0,0,1,1,0,0,1,1,0,0,baixo
2,0.0,0,0.0,1,2,1,0,0,0,1,0,0,0,0,0,0,gratuito
1,75000.0,4,0.75,10,2,1,0,0,0,1,1,0,0,0,0,0,medio_baixo
4,0.0,0,0.0,0,0,1,0,0,0,0,0,0,0,0,0,0,gratuito
3,10000.0,16,0.875,1,3,1,0,0,0,1,0,0,1,0,0,0,medio_baixo
2,10000.0,4,1.0,1,6,1,0,0,0,1,1,1,1,0,0,0,gratuito
6,10000.0,11,0.36363636363636365,3,3,1,0,0,2,0,1,0,0,0,1,1,medio_baixo
1,10000.0,0,0.0,5,2,1,0,1,0,1,1,0,0,0,0,0,medio_alto
3,10000.0,1,1.0,2,3,1,1,0,0,0,0,0,0,0,1,1,alto
4,10000.0,0,0.0,1,3,1,0,0,0,0,1,0,0,0,0,0,gratuito
11,75000.0,403,0.8337468982630273,2,2,1,1,0,1,1,0,1,0,0,0,0,medio_baixo
2,10000.0,25,0.88,1,1,1,0,1,0,0,0,1,0,0,0,0,medio_baixo
2,10000.0,23,1.0,2,2,1,0,0,0,1,0,0,1,0,0,0,medio_baixo
1,0.0,0,0.0,0,0,1,0,0,0,0,0,0,0,0,0,0,gratuito
10,10000.0,17,0.17647058823529413,1,3,1,0,0,0,1,0,1,1,0,0,0,medio_baixo
11,350000.0,311,0.5980707395498392,1,2,1,0,0,0,1,0,0,0,0,1,0,baixo
17,350000.0,461,0.7310195227765727,1,3,1,0,0,0,0,1,0,0,0,1,1,medio_baixo
3,10000.0,138,0.8260869565217391,2,5,1,0,0,0,1,0,0,0,1,1,1,alto
3,10000.0,217,0.6221198156682027,1,5,1,0,0,0,1,1,1,1,0,0,1,baixo
5,10000.0,14,0.7142857142857143,1,3,1,0,0,0,1,0,1,1,0,0,0,baixo
6,10000.0,0,0.0,6,3,1,0,0,0,1,0,1,1,0,0,0,medio_baixo
6,10000.0,71,0.9436619718309859,6,1,1,1,0,1,0,0,0,1,0,0,0,baixo
7,35000.0,94,0.8617021276595744,3,3,1,0,0,5,1,0,0,0,0,1,1,medio_alto
3,0.0,0,0.0,1,1,1,0,0,0,0,0,0,1,0,0,0,alto
6,10000.0,30,0.4666666666666667,1,5,1,0,0,0,0,1,1,0,1,0,0,gratuito
9,750000.0,7146,0.945424013434089,1,4,1,0,0,1,1,1,1,0,0,1,0,medio_alto
4,350000.0,6964,0.8719126938541069,6,5,1,1,1,1,1,0,1,0,1,1,1,alto
8,10000.0,2,0.0,11,3,1,1,1,0,1,0,1,1,0,0,0,alto
11,35000.0,77,0.5454545454545454,5,2,1,0,0,1,1,1,0,0,0,0,0,medio_baixo
1,10000.0,0,0.0,1,3,1,0,0,0,1,0,1,0,1,0,0,medio_alto
1,10000.0,0,0.0,4,1,1,0,0,1,1,0,0,0,0,0,0,medio_alto
3,150000.0,50,0.74,7,5,1,0,0,4,1,0,1,1,0,1,1,medio_alto
1,10000.0,0,0.0,1,4,1,0,0,0,1,0,0,1,0,1,1,alto
5,10000.0,107,0.8317757009345794,2,2,1,0,0,0,1,0,1,0,0,0,0,medio_alto
3,10000.0,0,0.0,1,3,1,0,0,0,1,1,0,0,1,0,0,medio_baixo
4,0.0,0,0.0,0,0,1,0,0,0,0,0,0,0,0,0,0,gratuito
1,0.0,0,0.0,1,2,1,0,0,0,0,0,0,1,0,0,0,gratuito
2,35000.0,7,0.42857142857142855,4,2,1,0,0,1,0,0,1,1,0,0,0,medio_baixo
2,10000.0,4,1.0,25,2,1,0,0,0,1,1,0,0,0,0,0,baixo
4,10000.0,128,0.703125,1,2,1,0,0,0,0,1,1,0,0,0,0,medio_alto
8,10000.0,41,0.6585365853658537,1,2,1,1,1,0,1,1,0,0,0,0,0,medio_baixo
3,10000.0,318,0.9465408805031447,7,2,1,1,0,0,1,0,0,0,0,0,1,medio_alto
1,0.0,0,0.0,13,4,1,1,0,1,1,0,1,0,1,0,0,gratuito
1,10000.0,257,0.9260700389105059,3,3,1,0,0,1,1,0,0,1,0,0,1,alto
10,35000.0,278,0.841726618705036,1,1,1,0,0,0,0,0,0,0,0,0,0,alto
4,10000.0,6,0.5,1,3,1,0,0,0,1,0,1,0,0,0,1,baixo
1,10000.0,0,0.0,1,1,1,0,0,0,0,0,1,0,0,0,0,gratuito
7,10000.0,5,0.4,2,5,1,0,0,0,1,0,1,1,0,1,0,medio_baixo
1,10000.0,0,0.0,1,2,1,1,1,0,1,1,0,0,0,0,0,medio_alto
1,10000.0,0,0.0,1,4,1,1,1,1,1,0,0,1,1,0,0,alto
12,150000.0,386,0.7357512953367875,1,3,1,0,0,7,0,0,1,0,1,1,0,medio_alto
6,750000.0,8162,0.8147512864493996,8,1,1,0,0,52,0,0,0,0,0,0,1,alto
7,10000.0,0,0.0,1,3,1,1,1,0,1,1,1,0,0,0,0,medio_alto
6,150000.0,10317,0.9436851798003295,13,2,1,1,0,7,1,0,0,0,0,1,0,alto
6,10000.0,16,0.875,2,3,1,0,0,0,1,1,0,1,0,0,0,baixo
1,0.0,0,0.0,0,0,1,0,0,0,0,0,0,0,0,0,0,gratuito
3,10000.0,364,0.8598901098901099,11,4,1,0,0,2,1,1,1,0,1,0,0,medio_alto
2,10000.0,2,1.0,2,2,1,0,0,0,1,1,0,0,0,0,0,baixo
3,10000.0,0,0.0,1,5,1,1,1,0,0,1,1,1,0,1,0,gratuito
4,10000.0,14,0.5714285714285714,1,6,1,0,0,0,0,0,0,1,1,1,1,gratuito
5,10000.0,1,1.0,1,4,1,0,0,0,1,0,0,1,1,1,0,baixo
9,75000.0,4496,0.9848754448398577,1,2,1,0,0,0,1,1,0,0,0,0,0,alto
1,0.0,0,0.0,0,0,1,0,0,0,0,0,0,0,0,0,0,gratuito
9,10000.0,86,0.9302325581395349,14,2,1,1,0,0,0,0,1,1,0,0,0,medio_alto
4,10000.0,63,0.8253968253968254,12,4,1,0,0,0,1,0,0,1,0,1,1,baixo
2,0.0,0,0.0,15,5,1,0,1,0,1,1,0,1,1,0,0,gratuito
5,0.0,0,0.0,2,2,1,0,0,5,0,1,1,0,0,0,0,gratuito
1,10000.0,0,0.0,5,2,1,0,0,0,1,0,0,0,0,0,1,medio_baixo
6,150000.0,168,0.27976190476190477,1,2,1,0,0,1,1,0,0,1,0,0,0,baixo
7,10000.0,11,1.0,1,1,1,0,0,0,1,0,0,0,0,0,0,medio_alto
5,10000.0,4,0.0,1,4,1,0,0,0,1,1,1,0,1,0,0,alto
14,3500000.0,49163,0.9041148831438277,11,2,1,0,0,2,0,1,1,0,0,0,0,baixo
2,10000.0,18,1.0,1,5,1,1,1,0,1,1,1,1,0,1,0,alto
1,0.0,0,0.0,2,4,1,0,0,0,1,1,0,0,0,0,0,gratuito
5,0.0,0,0.0,0,0,1,0,0,0,0,0,0,0,0,0,0,gratuito
6,35000.0,65,0.8,1,1,1,1,0,0,0,0,0,1,0,0,0,baixo
10,10000.0,21,0.9523809523809523,1,1,1,0,0,0,0,0,0,0,0,0,0,gratuito
6,350000.0,2522,0.8647898493259318,11,2,1,0,0,2,1,0,1,0,0,0,0,alto
1,10000.0,0,0.0,1,1,1,0,0,0,0,0,0,1,0,0,0,baixo
2,10000.0,13,0.9230769230769231,1,4,1,0,0,0,0,0,1,1,0,0,1,baixo
3,75000.0,15,0.8666666666666667,1,2,1,0,0,0,1,0,1,0,0,0,0,baixo
5,10000.0,95,0.6947368421052632,4,3,1,0,0,2,1,0,1,1,0,0,0,medio_baixo
1,10000.0,0,0.0,3,2,1,0,0,0,0,0,1,0,1,0,0,alto
1,10000.0,0,0.0,11,2,1,0,0,0,1,0,0,1,0,0,0,medio_alto
9,10000.0,149,0.8859060402684564,1,2,1,1,0,0,0,0,0,0,0,0,0,alto
15,1500000.0,4851,0.7291280148423006,7,1,1,0,0,2,0,1,0,0,0,0,0,medio_baixo
9,35000.0,152,0.6578947368421053,9,3,1,0,0,0,1,0,0,1,0,1,0,gratuito
4,35000.0,789,0.8948035487959443,1,1,1,0,0,0,0,1,0,0,0,0,0,alto
1,0.0,0,0.0,0,0,1,0,0,0,0,0,0,0,0,0,0,gratuito
4,0.0,0,0.0,0,0,1,0,0,0,0,0,0,0,0,0,0,gratuito
11,10000.0,19,0.5263157894736842,1,2,1,1,1,0,1,0,0,0,1,0,0,medio_baixo
8,10000.0,0,0.0,1,2,1,1,0,0,1,0,0,1,0,0,0,medio_baixo
4,150000.0,1,1.0,1,3,1,0,0,0,1,1,1,0,0,0,0,medio_baixo
9,10000.0,10,0.2,1,5,1,0,0,0,1,0,0,1,0,0,1,baixo
4,10000.0,0,0.0,16,1,1,0,0,0,0,0,1,0,0,0,0,alto
5,10000.0,38,1.0,1,2,1,0,0,0,1,1,0,0,0,0,0,medio_baixo
9,75000.0,136,0.6691176470588235,1,3,1,0,0,0,1,1,0,1,0,0,0,baixo
3,0.0,0,0.0,1,1,1,0,0,0,0,1,0,0,0,0,0,gratuito
3,10000.0,30,0.8666666666666667,4,3,1,0,0,0,1,1,1,0,0,0,0,baixo
10,10000.0,78,0.7948717948717948,1,3,1,1,0,1,1,1,0,0,1,0,0,medio_alto
5,35000.0,105,0.6190476190476191,1,5,1,0,0,0,1,1,0,0,0,1,1,medio_baixo
4,35000.0,14,0.5714285714285714,1,3,1,0,0,0,0,1,0,1,1,0,0,baixo
2,10000.0,0,0.0,2,2,1,1,1,1,1,0,1,0,0,0,0,medio_alto
9,10000.0,12,0.6666666666666666,4,3,1,0,0,0,0,0,0,1,0,0,1,alto
18,1500000.0,22254,0.8531949312483149,8,2,1,0,0,0,0,1,0,0,1,0,0,alto
9,10000.0,27,0.7777777777777778,1,2,1,0,0,0,1,1,0,0,0,0,0,medio_baixo
2,10000.0,0,0.0,1,3,1,1,1,0,1,0,1,1,0,0,0,baixo
1,10000.0,259,0.9575289575289575,7,4,1,0,0,1,1,1,1,0,0,0,1,alto
9,10000.0,53,0.4528301886792453,1,5,1,0,0,0,1,1,1,1,0,0,1,baixo
4,10000.0,29,0.6206896551724138,6,3,1,0,0,0,0,0,1,0,0,0,1,medio_baixo
1,10000.0,2,1.0,9,1,1,0,0,0,0,0,1,0,0,0,0,alto
8,350000.0,1764,0.8293650793650794,9,5,1,1,0,6,0,0,1,1,1,1,1,alto
4,75000.0,96,0.6145833333333334,4,7,1,0,0,0,1,1,1,0,1,1,0,alto
3,10000.0,7,0.7142857142857143,1,1,1,0,0,0,1,0,0,0,0,0,0,medio_baixo
6,10000.0,42,0.7380952380952381,28,2,1,0,0,1,1,0,0,1,0,0,0,baixo
4,0.0,0,0.0,2,1,1,1,1,0,0,0,0,0,0,0,1,gratuito
4,10000.0,1,1.0,1,5,1,1,0,0,0,1,0,0,1,1,1,baixo
9,150000.0,306,0.7026143790849673,1,3,1,1,0,0,1,1,0,1,0,0,0,baixo
2,10000.0,0,0.0,4,2,1,0,0,0,0,0,0,0,1,0,1,medio_baixo
4,10000.0,0,0.0,1,2,1,0,0,0,1,0,0,1,0,0,0,medio_baixo
2,0.0,0,0.0,1,2,1,0,0,0,0,0,1,0,0,0,0,gratuito
2,10000.0,1,1.0,2,2,1,0,0,0,0,1,0,0,0,0,0,medio_baixo
4,75000.0,7,1.0,18,6,1,0,1,0,1,1,1,1,0,1,1,medio_alto
2,10000.0,17,0.8823529411764706,6,5,1,1,0,0,1,1,1,1,0,1,0,alto
1,10000.0,0,0.0,2,2,1,0,0,0,1,0,0,1,0,0,0,baixo
10,10000.0,87,0.735632183908046,7,2,1,0,0,0,0,0,1,1,0,0,0,medio_alto
1,0.0,0,0.0,1,3,1,0,0,0,1,1,0,1,0,0,0,gratuito
8,35000.0,248,0.7661290322580645,27,1,1,0,0,0,0,0,0,0,0,0,0,medio_baixo
5,35000.0,74,0.6216216216216216,15,3,1,0,0,0,1,0,1,1,0,0,0,medio_alto
3,35000.0,1087,0.8951241950321988,10,3,1,0,0,0,0,1,0,0,1,1,0,alto
1,10000.0,0,0.0,1,4,1,0,0,1,1,1,1,1,0,0,0,medio_alto
1,0.0,0,0.0,1,1,1,0,0,0,0,0,0,0,1,0,0,medio_alto
11,10000.0,24,0.125,1,4,1,0,0,0,1,1,0,0,0,1,1,medio_baixo
8,10000.0,1,1.0,1,2,1,0,0,0,1,1,0,0,0,0,0,medio_baixo
5,10000.0,0,0.0,1,3,1,0,0,0,0,1,1,0,0,0,0,medio_baixo
5,10000.0,3,1.0,2,2,1,0,0,0,1,0,0,1,0,0,0,alto
1,0.0,0,0.0,1,5,1,0,0,0,1,0,1,0,1,1,0,alto
7,10000.0,2,0.5,1,2,1,0,0,0,1,0,1,0,0,0,0,medio_baixo
1,10000.0,0,0.0,13,1,1,0,0,0,0,0,0,1,0,0,0,medio_baixo
2,10000.0,121,0.38016528925619836,2,3,1,0,0,0,1,0,1,0,0,0,1,medio_baixo
3,350000.0,5259,0.803384673892375,13,2,1,0,0,0,0,1,1,0,0,0,0,alto
11,350000.0,956,0.4497907949790795,2,3,1,0,0,0,1,1,1,0,0,0,0,baixo
4,10000.0,15,0.7333333333333333,1,2,1,0,0,0,1,1,0,0,0,0,0,alto
1,10000.0,0,0.0,1,2,1,0,0,0,0,1,1,0,0,0,0,alto
5,35000.0,218,0.8669724770642202,1,4,1,0,0,0,1,1,1,0,1,0,0,medio_baixo
2,10000.0,0,0.0,1,3,1,1,1,0,1,0,1,1,0,0,0,baixo
4,0.0,0,0.0,1,1,1,0,0,0,0,1,0,0,0,0,0,gratuito
5,10000.0,34,0.9117647058823529,1,3,1,1,0,0,1,0,0,0,0,1,1,medio_baixo
9,35000.0,281,0.8434163701067615,9,2,1,1,1,0,0,0,1,1,0,0,0,medio_alto
8,10000.0,53,0.7735849056603774,10,3,1,1,1,1,1,1,0,1,0,0,0,alto
4,0.0,0,0.0,103,7,1,1,1,0,1,1,1,1,1,1,1,alto
1,10000.0,4,1.0,2,2,1,0,0,0,1,0,0,0,0,0,1,medio_baixo
6,10000.0,232,0.9008620689655172,14,2,1,1,0,0,1,0,1,0,0,0,0,medio_baixo
2,75000.0,4,1.0,1,3,1,1,0,0,1,0,0,1,0,1,0,alto
9,35000.0,249,0.8995983935742972,1,2,1,1,1,3,1,0,0,0,1,0,0,medio_alto
2,10000.0,3,0.6666666666666666,1,2,1,0,0,0,1,0,0,0,0,1,0,medio_baixo
8,150000.0,988,0.7398785425101214,9,2,1,0,0,0,1,1,0,0,0,0,0,baixo
3,10000.0,6,1.0,2,3,1,1,0,0,1,0,1,1,0,0,0,medio_baixo
7,10000.0,0,0.0,1,4,1,0,0,0,1,1,0,1,0,0,0,medio_baixo
1,10000.0,6,1.0,8,1,1,1,0,0,0,0,0,1,0,0,0,alto
5,10000.0,34,0.8235294117647058,17,4,1,0,0,0,1,1,1,0,1,0,0,medio_alto
8,10000.0,34,0.6470588235294118,2,2,1,0,0,0,1,0,0,1,0,0,0,medio_baixo
2,10000.0,107,0.616822429906542,14,3,1,0,0,4,1,0,1,0,0,0,1,baixo
8,10000.0,8,0.875,2,2,1,1,1,1,0,0,0,1,0,0,1,alto
2,10000.0,10,0.9,2,4,1,0,0,0,1,1,1,0,0,0,0,medio_alto
1,35000.0,7,0.7142857142857143,1,2,1,0,0,0,1,0,1,0,0,0,0,medio_baixo
1,0.0,0,0.0,2,2,1,0,0,0,0,0,1,1,0,0,0,medio_baixo
9,10000.0,0,0.0,1,2,1,1,0,0,1,1,0,0,0,0,0,baixo
2,10000.0,9,1.0,6,2,1,1,0,0,0,0,0,0,1,1,0,alto
5,35000.0,7,0.42857142857142855,1,2,1,0,0,0,1,1,0,0,0,0,0,medio_alto
2,0.0,0,0.0,0,0,1,0,0,0,0,0,0,0,0,0,0,gratuito
1,10000.0,7,1.0,6,2,1,0,0,0,0,1,0,0,0,1,0,alto
9,10000.0,35,0.8857142857142857,1,4,1,0,0,0,1,1,0,1,0,1,0,gratuito
7,10000.0,43,0.6046511627906976,1,2,1,0,0,0,0,0,0,0,0,0,1,alto
1,0.0,0,0.0,1,4,1,0,0,0,1,1,1,0,0,0,0,gratuito
11,10000.0,8,0.5,1,2,1,0,0,0,1,0,0,0,0,1,0,medio_alto
3,10000.0,26,0.9615384615384616,2,4,1,0,0,0,1,1,0,1,0,0,0,gratuito
7,35000.0,132,0.4318181818181818,16,8,1,0,0,0,1,1,1,1,1,1,1,gratuito
9,10000.0,43,0.4883720930232558,2,5,1,1,1,0,1,1,1,0,0,0,0,medio_alto
7,75000.0,11,0.8181818181818182,2,3,1,0,0,0,1,0,1,0,1,0,0,medio_baixo
7,10000.0,54,0.42592592592592593,1,3,1,0,0,0,0,1,0,0,0,1,1,alto
8,10000.0,2,1.0,1,3,1,1,0,0,0,0,0,0,0,0,0,baixo
1,10000.0,0,0.0,1,1,1,0,0,0,0,0,1,0,0,0,0,medio_alto
4,10000.0,3,0.6666666666666666,29,3,1,0,1,0,1,0,0,1,0,1,0,baixo
1,0.0,0,0.0,1,3,1,0,1,0,1,1,0,1,0,0,0,medio_baixo
1,10000.0,0,0.0,18,3,1,1,0,0,1,0,0,1,1,0,0,alto
2,10000.0,59,0.9661016949152542,1,2,1,0,0,1,1,0,0,0,0,1,0,medio_baixo
8,10000.0,0,0.0,1,3,1,0,0,0,1,1,0,1,0,0,0,baixo
3,35000.0,12,0.9166666666666666,10,4,1,0,0,1,0,0,1,0,1,1,1,medio_baixo
2,10000.0,2,0.5,29,1,1,0,0,0,0,1,0,0,0,0,0,baixo
1,10000.0,0,0.0,1,2,1,1,0,0,0,0,0,0,0,1,0,gratuito
1,10000.0,0,0.0,3,6,1,0,0,0,1,0,0,1,1,1,1,alto
1,10000.0,1,0.0,14,3,1,0,0,0,1,0,0,1,0,0,1,medio_baixo
6,10000.0,119,0.48739495798319327,2,1,1,0,0,0,0,1,0,0,0,0,0,baixo
6,350000.0,11009,0.9207920792079208,6,5,1,0,1,19,1,1,0,0,0,0,1,alto
3,150000.0,951,0.7455310199789695,2,4,1,0,0,1,1,0,1,0,1,0,0,medio_alto
3,0.0,0,0.0,103,4,1,0,0,0,1,0,0,1,0,1,1,baixo
1,10000.0,0,0.0,1,3,1,0,0,0,1,0,0,0,1,1,0,medio_alto
2,10000.0,3,1.0,1,2,1,0,0,0,1,0,0,1,0,0,0,baixo
1,0.0,0,0.0,1,3,1,0,0,0,1,0,0,1,0,0,0,gratuito
9,350000.0,3872,0.8672520661157025,5,1,1,0,0,0,0,0,0,0,1,0,0,alto
1,0.0,0,0.0,0,0,1,0,0,0,0,0,0,0,0,0,0,gratuito
5,10000.0,2,1.0,2,5,1,0,0,0,1,0,1,1,0,0,0,baixo
2,10000.0,473,0.8097251585623678,1,3,1,0,0,0,1,0,1,0,1,0,0,medio_baixo
4,10000.0,37,0.918918918918919,1,4,1,0,0,0,1,1,0,1,0,0,0,medio_alto
6,10000.0,6,0.0,2,6,1,0,0,0,1,0,1,1,1,1,0,medio_baixo
5,10000.0,1,1.0,103,1,1,0,0,0,0,0,0,1,0,0,0,gratuito
8,10000.0,63,0.5714285714285714,1,2,1,0,0,0,1,0,1,0,0,0,0,gratuito
4,10000.0,23,0.6956521739130435,2,3,1,0,0,1,1,0,1,1,0,0,0,medio_baixo
13,350000.0,3726,0.6261406333870102,9,1,1,0,0,8,0,1,0,0,0,0,0,medio_alto
5,10000.0,0,0.0,1,4,1,0,0,0,1,1,1,0,0,0,0,alto
2,35000.0,109,0.5412844036697247,1,5,1,0,0,0,1,0,0,1,1,1,0,medio_baixo
3,10000.0,0,0.0,1,2,1,0,1,0,1,1,0,0,0,0,0,medio_alto
11,150000.0,1455,0.8281786941580757,1,2,1,1,1,0,1,0,0,1,0,0,0,gratuito
2,10000.0,0,0.0,1,2,1,0,0,0,0,0,0,0,0,0,0,alto
4,0.0,0,0.0,0,0,1,0,0,0,0,0,0,0,0,0,0,gratuito
3,750000.0,11213,0.9068937840007134,3,5,1,0,0,0,1,1,0,1,1,0,0,alto
3,10000.0,0,0.0,30,3,1,0,0,0,0,1,1,0,0,0,1,medio_baixo
1,10000.0,0,0.0,14,2,1,1,0,0,0,0,1,1,0,0,0,alto
2,10000.0,29,0.896551724137931,1,3,1,0,0,0,1,0,1,0,0,0,1,baixo
7,10000.0,39,0.5384615384615384,2,5,1,1,1,0,1,0,0,1,0,1,1,alto
2,10000.0,5,1.0,1,3,1,0,0,0,1,1,0,0,1,0,0,medio_baixo
1,10000.0,0,0.0,1,2,1,0,0,0,1,0,0,0,0,0,1,alto
2,10000.0,1,1.0,1,4,1,0,0,0,1,1,1,1,0,0,0,baixo
1,0.0,0,0.0,1,2,1,1,1,0,0,0,0,0,1,0,0,alto
1,10000.0,0,0.0,7,2,1,0,0,0,1,1,0,0,0,0,0,medio_baixo
4,10000.0,22,0.7727272727272727,1,2,1,0,0,0,0,0,0,1,0,1,0,alto
3,10000.0,9,0.5555555555555556,4,2,1,0,0,1,0,0,1,1,0,0,0,alto
3,35000.0,6,0.6666666666666666,1,2,1,0,0,0,0,1,1,0,0,0,0,alto
2,0.0,0,0.0,0,0,1,0,0,0,0,0,0,0,0,0,0,gratuito
1,10000.0,0,0.0,1,2,1,0,0,0,1,0,0,1,0,0,0,medio_alto
1,0.0,0,0.0,1,5,1,0,0,0,1,1,1,0,1,0,0,gratuito
2,10000.0,0,0.0,1,3,1,0,0,0,1,1,1,0,0,0,0,gratuito
14,750000.0,2571,0.8619214313496694,5,1,1,0,0,0,0,0,0,0,0,1,0,medio_alto
5,150000.0,2722,0.9162380602498164,9,3,1,0,0,1,1,0,1,1,0,0,0,baixo
9,150000.0,682,0.8988269794721407,4,2,1,0,0,0,1,0,0,0,0,1,0,baixo
1,0.0,0,0.0,13,6,1,0,0,0,1,1,1,0,1,0,0,gratuito
1,10000.0,0,0.0,3,1,1,1,0,4,0,0,0,0,0,0,1,alto
2,0.0,0,0.0,1,4,1,0,0,0,1,0,0,1,0,1,0,gratuito
18,75000.0,190,0.8263157894736842,1,2,1,0,0,0,0,0,0,1,0,1,0,alto
3,150000.0,261,0.946360153256705,2,5,1,0,0,0,1,0,1,1,1,1,0,alto
2,0.0,0,0.0,1,7,1,0,0,0,0,1,1,0,1,0,1,gratuito
3,10000.0,2,0.5,1,4,1,0,0,0,1,1,1,1,0,0,0,baixo
1,0.0,0,0.0,0,0,1,0,0,0,0,0,0,0,0,0,0,gratuito
4,35000.0,11,0.18181818181818182,18,3,1,0,0,0,1,1,1,0,0,0,0,medio_alto
1,10000.0,0,0.0,4,2,1,1,1,0,1,0,1,0,0,0,0,baixo
8,350000.0,1554,0.5534105534105535,11,2,1,0,0,0,1,0,0,0,0,0,1,medio_baixo
10,10000.0,22,0.5,1,3,1,0,0,0,1,1,0,0,0,0,0,medio_baixo
6,75000.0,1831,0.9197160021845986,7,1,1,0,0,0,0,0,0,0,0,1,0,alto
4,10000.0,192,0.796875,6,0,1,0,0,1,0,0,0,0,0,0,0,baixo
11,75000.0,372,0.521505376344086,1,2,1,0,0,0,1,0,0,0,0,1,0,medio_baixo
2,10000.0,12,0.75,9,6,1,0,0,0,1,0,1,1,0,1,1,gratuito
1,0.0,0,0.0,1,1,1,0,0,0,0,0,1,0,0,0,0,alto
6,75000.0,240,0.9416666666666667,1,6,1,0,0,0,1,1,0,1,0,1,0,gratuito
4,0.0,0,0.0,2,3,1,0,0,0,1,1,1,0,0,0,0,gratuito
1,10000.0,5,0.6,1,3,1,0,0,0,1,1,1,0,0,0,0,medio_alto
2,10000.0,40,0.65,2,3,1,0,0,0,1,1,1,0,0,0,0,medio_alto
1,0.0,0,0.0,0,0,1,0,0,0,0,0,0,0,0,0,0,gratuito
1,10000.0,0,0.0,1,1,1,1,1,0,0,0,1,0,0,0,0,alto
1,10000.0,9,1.0,3,4,1,1,1,0,1,0,0,1,0,0,1,alto
2,10000.0,5,0.4,1,4,1,0,0,0,0,1,1,0,0,1,1,medio_baixo
7,75000.0,20,0.8,1,1,1,0,0,0,0,0,1,0,0,0,0,medio_alto
1,0.0,0,0.0,1,4,1,0,0,0,1,0,1,1,0,0,0,gratuito
9,10000.0,35,0.6571428571428571,2,3,1,0,0,0,1,0,1,0,0,1,0,medio_alto
3,10000.0,3,0.6666666666666666,1,1,1,0,0,0,0,1,0,0,0,0,0,alto
1,10000.0,4,0.75,6,1,1,0,0,0,0,0,0,0,0,0,0,alto
1,0.0,0,0.0,0,0,1,0,0,0,0,0,0,0,0,0,0,gratuito
9,750000.0,29290,0.8894503243427792,9,4,1,0,0,1,1,1,1,0,0,1,0,medio_baixo
8,10000.0,12,0.6666666666666666,1,3,1,0,0,1,1,1,1,0,0,0,0,medio_alto
7,75000.0,185,0.7081081081081081,11,2,1,0,0,0,0,0,0,0,0,0,0,medio_baixo
3,10000.0,0,0.0,1,3,1,0,0,0,1,0,1,1,0,0,0,alto
2,10000.0,0,0.0,1,4,1,0,0,0,1,0,0,0,0,1,0,gratuito
2,10000.0,1,1.0,1,4,1,0,0,0,1,1,0,0,0,1,0,alto
3,150000.0,1503,0.9041916167664671,6,1,1,0,0,2,0,0,1,0,0,0,0,alto
10,75000.0,89,0.8651685393258427,4,2,1,0,0,0,1,0,1,0,0,0,0,baixo
12,350000.0,638,0.7727272727272727,6,3,1,1,1,0,1,1,0,0,0,1,0,baixo
8,350000.0,6198,0.9314294933849628,1,3,1,1,0,0,1,0,0,0,0,0,1,alto
5,10000.0,4,0.75,1,1,1,0,0,0,0,1,0,0,0,0,0,medio_alto
3,10000.0,13,0.8461538461538461,2,1,1,0,0,0,0,1,0,0,0,0,0,medio_baixo
3,10000.0,5,0.6,1,3,1,0,0,0,1,1,1,0,0,0,0,medio_alto
11,10000.0,12,0.6666666666666666,1,1,1,0,0,0,0,0,0,0,0,0,0,baixo
8,10000.0,48,0.5416666666666666,1,1,1,0,0,0,0,0,0,0,0,0,0,gratuito
1,10000.0,103,0.8058252427184466,16,2,1,1,1,2,0,0,0,0,0,1,1,alto
8,10000.0,82,0.8658536585365854,3,2,1,0,0,1,1,1,0,0,0,0,0,alto
7,10000.0,25,0.84,1,3,1,0,0,0,1,0,0,1,0,0,1,gratuito
8,10000.0,10,0.4,4,2,1,0,0,0,0,1,0,0,0,0,0,baixo
4,10000.0,160,0.9,1,3,1,0,0,0,0,1,1,0,0,0,1,alto
1,10000.0,4,1.0,2,2,1,0,0,0,0,0,1,1,0,0,0,alto
1,0.0,0,0.0,1,4,1,1,0,0,1,0,1,1,0,0,0,gratuito
11,10000.0,91,0.8681318681318682,2,2,1,1,0,1,1,1,0,0,0,0,0,alto
10,35000.0,26,0.8461538461538461,1,3,1,0,0,1,1,1,0,0,1,0,0,medio_baixo
2,10000.0,0,0.0,1,3,1,1,1,0,1,0,1,1,0,0,0,medio_baixo
6,10000.0,0,0.0,4,5,1,0,0,0,1,1,1,1,1,0,0,medio_baixo
1,10000.0,8,1.0,3,4,1,0,0,0,1,1,1,1,0,0,0,baixo
2,10000.0,1,1.0,1,2,1,0,0,0,0,0,0,1,0,0,0,medio_baixo
2,10000.0,14,1.0,1,2,1,0,0,0,1,0,0,0,0,1,0,medio_baixo
4,0.0,0,0.0,1,3,1,0,0,1,0,1,0,1,0,0,0,gratuito
5,10000.0,1,1.0,1,3,1,0,0,0,1,0,0,0,1,0,0,alto
1,10000.0,0,0.0,1,2,1,1,0,0,1,0,1,0,0,0,0,alto
8,10000.0,23,0.5652173913043478,1,2,1,0,0,0,1,0,0,1,0,0,0,baixo
2,10000.0,3,1.0,1,2,1,0,0,0,1,0,1,0,0,0,0,medio_baixo
8,10000.0,3,0.6666666666666666,2,4,1,0,0,0,0,1,0,1,0,1,0,alto
3,0.0,0,0.0,0,0,1,0,0,0,0,0,0,0,0,0,0,gratuito
1,10000.0,3,1.0,1,3,1,0,0,0,1,1,0,1,0,0,0,medio_baixo
6,35000.0,38,0.9473684210526315,1,6,1,0,0,0,1,0,1,1,0,1,0,gratuito
3,10000.0,177,0.768361581920904,2,2,1,0,0,0,1,1,0,0,0,0,0,medio_alto
3,10000.0,11,0.7272727272727273,11,1,1,0,0,0,0,1,0,0,0,0,0,baixo
6,10000.0,214,0.9018691588785047,3,3,1,0,0,0,1,1,1,0,0,0,0,medio_alto
2,10000.0,0,0.0,5,3,1,0,0,1,0,0,0,1,0,0,1,gratuito
3,10000.0,378,0.9047619047619048,2,3,1,1,0,0,1,0,1,0,1,0,0,medio_alto
7,35000.0,6,0.3333333333333333,1,3,1,0,0,0,1,0,1,0,0,1,0,baixo
5,10000.0,24,0.9166666666666666,1,1,1,0,0,0,1,0,0,0,0,0,0,baixo
2,35000.0,321,0.8753894080996885,3,1,1,0,0,0,0,1,0,0,0,0,0,alto
9,10000.0,16,0.375,1,6,1,1,1,0,1,1,0,1,0,0,0,baixo
11,35000.0,359,0.713091922005571,2,2,1,0,0,0,1,0,1,0,0,0,0,baixo
5,0.0,0,0.0,0,0,1,0,0,0,0,0,0,0,0,0,0,gratuito
5,75000.0,822,0.8965936739659367,19,2,1,1,1,2,1,0,0,0,0,1,0,alto
6,10000.0,3,0.0,1,1,1,1,1,0,0,0,0,0,0,0,0,baixo
2,10000.0,28,0.9642857142857143,1,3,1,0,0,0,1,0,0,1,0,1,0,medio_alto
9,10000.0,35,0.8285714285714286,2,3,1,0,0,0,1,0,0,0,0,0,1,alto
3,10000.0,0,0.0,1,3,1,0,0,0,1,0,1,0,1,0,0,gratuito
6,350000.0,3841,0.9747461598542047,29,3,1,0,0,0,1,0,1,1,0,0,0,gratuito
2,10000.0,39,0.8974358974358975,1,3,1,0,0,0,1,0,0,1,1,0,0,medio_alto
1,0.0,0,0.0,1,2,1,0,1,0,0,0,0,0,1,1,0,medio_baixo
4,10000.0,5,0.6,7,4,1,0,0,0,1,0,1,0,0,0,1,baixo
2,10000.0,3,0.6666666666666666,2,4,1,0,0,0,1,1,1,0,0,0,1,medio_alto
3,0.0,0,0.0,1,1,1,0,1,0,0,0,1,0,0,0,0,gratuito
5,10000.0,981,0.5840978593272171,11,4,1,1,1,1,1,1,1,0,1,0,0,medio_baixo
2,10000.0,25,0.48,3,3,1,0,0,0,1,1,0,0,0,0,0,medio_alto
6,10000.0,87,0.6896551724137931,7,2,1,1,1,1,1,0,1,0,0,0,0,medio_alto
3,10000.0,4,0.0,2,3,1,0,0,0,0,1,1,0,1,0,0,medio_baixo
2,10000.0,17,0.5882352941176471,2,7,1,0,0,0,1,1,1,0,1,0,1,baixo
18,750000.0,6663,0.8971934564010206,11,1,1,0,0,0,0,0,0,0,0,0,0,medio_alto
7,75000.0,624,0.8557692307692307,1,3,1,0,0,0,1,1,0,1,0,0,0,baixo
1,10000.0,0,0.0,14,4,1,0,0,0,1,0,0,0,0,0,1,medio_baixo
1,10000.0,0,0.0,8,3,1,0,0,0,1,0,0,1,0,0,1,medio_baixo
6,10000.0,1,0.0,1,6,1,0,0,0,1,1,1,0,1,1,0,alto
5,10000.0,9,0.8888888888888888,1,4,1,0,0,0,1,0,0,0,1,1,0,alto
7,10000.0,0,0.0,1,3,1,0,0,0,1,1,0,1,0,0,0,baixo
3,10000.0,13,0.6153846153846154,9,1,1,0,0,7,0,0,1,0,0,0,0,baixo
5,10000.0,21,1.0,1,6,1,0,0,0,1,1,1,1,0,1,1,baixo
3,75000.0,238,0.9369747899159664,1,1,1,0,0,1,0,0,1,0,0,0,0,alto
2,35000.0,1,1.0,1,4,1,0,0,0,1,1,0,1,0,0,0,baixo
5,10000.0,16,0.875,29,3,1,0,0,0,0,1,1,1,0,0,0,alto
1,10000.0,0,0.0,5,1,1,1,1,0,0,0,0,1,0,0,0,medio_baixo
1,35000.0,4,0.75,2,5,1,0,0,0,0,1,1,0,1,0,0,alto
4,10000.0,51,0.8235294117647058,13,1,1,0,0,0,0,0,1,0,0,0,0,alto
8,35000.0,626,0.8498402555910544,11,2,1,0,0,0,1,0,0,1,0,0,0,medio_baixo
4,75000.0,48,0.9583333333333334,3,3,1,0,0,1,0,1,1,0,0,1,0,alto
1,10000.0,0,0.0,12,1,1,0,0,0,0,0,0,0,0,0,0,medio_baixo
5,10000.0,17,1.0,1,3,1,0,0,1,1,1,0,0,0,0,0,medio_baixo
5,0.0,0,0.0,0,0,1,0,0,0,0,0,0,0,0,0,0,gratuito
8,10000.0,38,1.0,4,2,1,1,0,0,1,1,0,0,0,0,0,medio_alto
1,10000.0,18,0.8888888888888888,2,4,1,0,0,0,1,1,1,1,0,0,0,medio_baixo
4,10000.0,0,0.0,1,4,1,0,0,0,1,1,1,1,0,0,0,alto
11,35000.0,280,0.9428571428571428,5,3,1,0,0,0,0,1,1,0,0,1,0,medio_baixo
1,10000.0,0,0.0,4,5,1,0,0,0,1,0,1,1,1,0,1,medio_alto
13,350000.0,2475,0.7963636363636364,4,3,1,1,1,1,1,1,1,0,0,0,0,medio_alto
5,0.0,0,0.0,1,3,1,0,0,0,1,0,1,0,1,0,0,gratuito
7,10000.0,135,0.8888888888888888,5,1,1,0,0,2,0,1,0,0,0,0,0,alto
1,0.0,0,0.0,0,0,1,0,0,0,0,0,0,0,0,0,0,gratuito
1,0.0,0,0.0,1,4,1,0,0,0,0,0,1,1,1,0,0,gratuito
5,10000.0,0,0.0,30,4,1,0,0,0,0,1,1,1,0,0,1,medio_alto
3,0.0,0,0.0,1,5,1,0,0,1,1,0,0,1,1,0,1,gratuito
3,10000.0,14,0.9285714285714286,1,1,1,0,0,0,0,1,0,0,0,0,0,medio_alto
2,10000.0,0,0.0,1,2,1,0,0,0,0,0,1,1,0,0,0,baixo
6,10000.0,7,0.7142857142857143,1,4,1,0,0,0,1,1,0,1,1,0,0,medio_alto
4,10000.0,24,0.6666666666666666,1,4,1,0,0,0,1,0,0,1,0,0,1,medio_alto
5,10000.0,15,0.4666666666666667,3,1,1,0,0,1,0,0,0,0,1,0,0,medio_alto
4,350000.0,11,0.8181818181818182,1,3,1,0,0,0,1,1,0,1,0,0,0,medio_baixo
4,350000.0,5,0.4,1,5,1,0,0,0,1,1,1,1,0,1,0,baixo
2,10000.0,262,0.8625954198473282,4,1,1,0,0,2,0,0,1,0,0,0,0,alto
10,10000.0,9,0.8888888888888888,1,5,1,0,0,0,1,1,0,0,0,0,0,alto
8,75000.0,222,0.7432432432432432,1,4,1,0,0,0,1,0,0,1,0,0,1,gratuito
2,10000.0,6,1.0,1,3,1,0,0,0,1,1,1,0,0,0,0,baixo
3,10000.0,1,1.0,2,1,1,0,0,0,1,0,0,0,0,0,0,medio_alto
7,10000.0,11,0.45454545454545453,1,3,1,0,0,0,1,0,1,1,0,0,0,baixo
3,10000.0,2,0.5,5,2,1,0,0,0,1,0,0,0,0,0,1,medio_alto
1,0.0,0,0.0,0,0,1,0,0,0,0,0,0,0,0,0,0,gratuito
8,10000.0,83,0.7108433734939759,1,1,1,1,0,0,0,0,1,0,0,0,0,gratuito
8,75000.0,1171,0.807002561912895,12,2,1,1,1,1,1,1,0,0,0,0,0,medio_baixo
2,10000.0,0,0.0,13,4,1,1,1,0,0,0,1,1,0,0,1,alto
9,10000.0,18,0.6666666666666666,1,3,1,0,0,0,1,0,0,1,0,0,0,medio_alto
4,10000.0,2,0.5,4,1,1,0,0,0,0,0,0,1,0,0,0,medio_alto
2,10000.0,0,0.0,2,2,1,0,0,0,1,0,0,0,0,0,1,medio_baixo
1,10000.0,1,0.0,1,4,1,0,0,0,0,0,1,0,0,0,1,alto
6,10000.0,20,0.9,1,3,1,1,0,0,1,0,0,1,0,1,0,medio_baixo
6,10000.0,11,0.8181818181818182,1,1,1,0,0,0,1,0,0,0,0,0,0,medio_baixo
6,150000.0,345,0.7130434782608696,10,3,1,0,0,0,1,1,1,0,0,0,0,alto
3,0.0,0,0.0,0,0,1,0,0,0,0,0,0,0,0,0,0,gratuito
3,10000.0,83,0.9156626506024096,5,2,1,1,1,0,1,1,0,0,0,0,0,alto
3,10000.0,19,0.9473684210526315,3,1,1,0,1,0,0,0,0,1,0,0,0,medio_baixo
1,0.0,0,0.0,3,2,1,0,0,0,0,0,1,0,0,0,0,gratuito
5,10000.0,49,0.8163265306122449,2,1,1,0,0,0,0,0,0,1,0,0,0,baixo
1,10000.0,0,0.0,1,1,1,0,0,0,1,0,0,0,0,0,0,medio_baixo
3,10000.0,0,0.0,1,4,1,0,0,6,1,1,0,0,0,0,0,gratuito
8,10000.0,157,0.5477707006369427,1,4,1,0,0,0,1,0,0,0,0,0,1,baixo
5,150000.0,511,0.8708414872798435,10,6,1,0,0,0,1,1,1,0,1,0,1,gratuito
1,10000.0,0,0.0,1,1,1,0,0,0,1,0,0,0,0,0,0,medio_alto
3,10000.0,32,0.90625,3,4,1,0,0,0,1,1,1,0,1,0,0,medio_baixo
4,35000.0,580,0.7603448275862069,25,3,1,0,0,0,0,1,1,0,0,0,0,medio_baixo
9,75000.0,139,0.7841726618705036,2,2,1,0,1,1,1,0,1,0,0,0,0,baixo
1,0.0,0,0.0,1,2,1,0,0,0,0,0,0,0,0,0,0,alto
1,0.0,0,0.0,0,0,1,0,0,0,0,0,0,0,0,0,0,gratuito
1,10000.0,0,0.0,2,2,1,0,0,0,1,0,1,0,0,0,0,medio_alto
2,350000.0,7691,0.8122480821739696,16,4,1,0,0,0,0,0,0,0,1,1,1,alto
3,10000.0,0,0.0,29,4,1,0,0,0,1,0,1,1,1,0,0,medio_baixo
6,10000.0,4,0.75,1,3,1,0,0,0,1,1,0,1,0,0,0,gratuito
6,10000.0,8,0.875,1,2,1,0,0,1,1,1,0,0,0,0,0,medio_baixo
8,10000.0,33,0.8484848484848485,1,1,1,0,0,0,0,1,0,0,0,0,0,alto
2,0.0,0,0.0,0,0,1,0,0,0,0,0,0,0,0,0,0,gratuito
7,10000.0,15,1.0,1,3,1,1,1,2,1,0,0,1,0,1,0,medio_baixo
1,10000.0,0,0.0,5,2,1,0,0,0,1,0,0,0,0,1,0,alto
6,10000.0,13,1.0,1,4,1,0,0,0,0,0,0,0,0,0,0,baixo
11,10000.0,79,0.17721518987341772,3,3,1,1,0,0,0,0,0,0,0,0,1,alto
2,10000.0,5,1.0,1,3,1,0,0,0,1,0,0,1,0,1,0,medio_baixo
6,10000.0,0,0.0,5,1,1,1,1,1,0,0,0,1,0,0,0,alto
1,350000.0,2,1.0,1,2,1,0,0,0,0,1,0,0,1,0,0,medio_alto
1,10000.0,42,0.8095238095238095,8,2,1,0,0,0,1,0,0,1,0,0,0,medio_baixo
4,10000.0,59,0.9152542372881356,1,4,1,0,1,0,1,0,1,1,0,0,0,baixo
2,10000.0,3,0.0,1,4,1,1,0,1,1,0,1,0,1,0,0,alto
8,750000.0,20520,0.9080409356725146,8,3,1,1,1,1,1,1,1,0,0,0,0,medio_alto
5,10000.0,4,0.75,1,1,1,0,0,0,0,0,0,0,0,0,0,medio_baixo
9,35000.0,51,0.5490196078431373,1,4,1,0,0,0,1,1,0,1,0,1,0,baixo
1,10000.0,19,0.9473684210526315,2,3,1,0,0,1,0,0,1,1,0,0,1,alto
1,10000.0,2,1.0,24,1,1,0,0,0,0,0,0,0,0,1,0,medio_baixo
1,10000.0,0,0.0,13,4,1,0,0,0,1,1,0,1,1,0,0,medio_baixo
2,10000.0,167,0.8263473053892215,3,2,1,0,0,1,1,0,0,0,1,0,0,alto
5,0.0,0,0.0,1,1,1,0,0,0,0,0,0,0,0,0,1,gratuito
8,35000.0,146,0.8013698630136986,3,3,1,0,0,0,1,0,1,1,0,0,0,medio_baixo
3,10000.0,99,0.7171717171717171,29,2,1,1,0,0,1,0,0,0,0,1,0,medio_baixo
4,10000.0,14,1.0,1,2,1,0,0,0,1,0,1,0,0,0,0,medio_alto
1,0.0,0,0.0,3,1,1,0,0,0,1,0,0,0,0,0,0,medio_alto
2,10000.0,24,0.8333333333333334,14,1,1,0,0,1,1,0,0,0,0,0,0,baixo
1,0.0,0,0.0,1,2,1,0,0,0,1,1,0,0,0,0,0,alto
1,10000.0,0,0.0,3,3,1,0,0,0,1,1,0,1,0,0,0,medio_baixo
3,10000.0,18,0.8333333333333334,8,2,1,0,0,0,1,1,0,0,0,0,0,baixo
1,10000.0,0,0.0,10,7,1,0,0,0,1,0,1,1,1,1,1,baixo
2,10000.0,1,1.0,1,2,1,0,0,0,1,0,0,1,0,0,0,medio_baixo
7,10000.0,8,0.5,1,2,1,0,0,1,1,1,0,0,0,0,0,medio_baixo
6,10000.0,16,0.75,3,1,1,1,1,0,0,0,0,0,0,1,0,alto
4,10000.0,39,0.7435897435897436,1,5,1,0,0,0,1,1,0,0,0,1,1,medio_alto
2,10000.0,11,0.6363636363636364,15,3,1,0,0,0,1,1,1,0,0,0,0,medio_alto
6,10000.0,1,1.0,2,3,1,0,0,0,1,0,1,1,0,0,0,baixo
4,150000.0,826,0.9128329297820823,4,1,1,0,0,0,0,0,0,1,0,0,0,medio_alto
1,10000.0,0,0.0,3,2,1,0,0,0,0,0,1,0,1,0,0,medio_alto
6,10000.0,30,0.7666666666666667,2,1,1,0,0,0,1,0,0,0,0,0,0,baixo
1,10000.0,0,0.0,5,4,1,0,0,0,1,1,1,1,0,0,0,medio_alto
5,10000.0,1,1.0,1,2,1,0,0,0,1,0,0,0,0,1,0,baixo
8,10000.0,27,0.8148148148148148,1,2,1,0,0,0,1,0,0,1,0,0,0,medio_baixo
2,10000.0,0,0.0,1,4,1,0,0,0,1,1,1,1,0,0,0,baixo
3,10000.0,0,0.0,2,3,1,1,0,0,1,1,0,0,0,0,0,gratuito
6,10000.0,41,0.5853658536585366,2,3,1,0,0,0,0,0,0,1,0,0,1,medio_baixo
12,750000.0,7709,0.9446101958749513,5,2,1,0,0,0,0,0,0,0,0,1,1,medio_alto
4,10000.0,111,0.9819819819819819,1,1,1,0,0,0,0,0,0,1,0,0,0,medio_baixo
4,10000.0,6,1.0,1,1,1,0,0,0,1,0,0,0,0,0,0,alto
6,10000.0,2,0.5,7,3,1,0,0,0,1,0,0,1,0,0,1,medio_alto
10,350000.0,5462,0.9386671548883193,12,2,1,1,1,6,1,1,0,0,0,0,0,medio_alto
1,10000.0,0,0.0,1,1,1,0,0,0,0,0,0,0,1,0,0,medio_alto
1,0.0,0,0.0,0,0,1,0,0,0,0,0,0,0,0,0,0,gratuito
1,0.0,0,0.0,0,0,1,0,0,0,0,0,0,0,0,0,0,gratuito
7,10000.0,26,0.4230769230769231,20,2,1,0,0,2,1,1,0,0,0,0,0,baixo
3,10000.0,49,0.6938775510204082,6,1,1,0,0,0,0,1,0,0,0,0,0,alto
4,10000.0,112,0.9464285714285714,2,1,1,0,0,0,0,1,0,0,0,0,0,baixo
5,0.0,0,0.0,0,0,1,0,0,0,0,0,0,0,0,0,0,gratuito
6,35000.0,471,0.8259023354564756,1,6,1,0,1,0,1,1,1,0,1,1,0,gratuito
2,10000.0,7,1.0,1,5,1,0,0,0,1,1,1,1,1,0,0,alto
11,75000.0,162,0.5925925925925926,1,6,1,0,0,0,1,0,0,1,1,1,1,gratuito
6,10000.0,2,1.0,1,4,1,0,0,0,1,1,0,1,0,0,1,alto
1,0.0,0,0.0,1,5,1,0,0,0,0,1,1,1,0,0,0,medio_alto
1,10000.0,0,0.0,1,1,1,0,0,0,0,0,1,0,0,0,0,alto
5,150000.0,1287,0.7591297591297591,3,3,1,0,0,0,1,0,1,0,1,0,0,alto
1,0.0,0,0.0,4,6,1,0,1,0,1,1,1,0,1,1,0,gratuito
5,10000.0,22,0.9545454545454546,5,5,1,1,1,0,1,1,1,1,0,0,0,alto
7,35000.0,632,0.9382911392405063,14,2,1,1,1,0,1,0,0,1,0,0,0,medio_baixo
2,10000.0,46,0.6739130434782609,5,1,1,0,0,0,0,1,0,0,0,0,0,alto
9,150000.0,1367,0.9246525237746891,1,1,1,0,0,0,0,1,0,0,0,0,0,medio_alto
8,10000.0,60,0.6833333333333333,103,2,1,1,0,0,1,1,0,0,0,0,0,baixo
3,10000.0,0,0.0,1,3,1,0,0,0,1,0,1,1,0,0,0,baixo
2,10000.0,12,0.8333333333333334,2,5,1,0,0,0,1,1,1,0,0,1,1,medio_alto
1,10000.0,0,0.0,1,2,1,0,0,0,1,0,1,0,0,0,0,medio_baixo
2,10000.0,251,0.6533864541832669,5,4,1,0,0,0,1,1,1,0,0,0,0,alto
6,10000.0,0,0.0,29,2,1,0,0,0,1,0,0,1,0,0,0,baixo
1,10000.0,14,0.7857142857142857,1,2,1,0,0,0,0,1,0,0,0,0,0,baixo
1,0.0,0,0.0,12,1,1,0,0,0,0,0,0,0,0,1,0,medio_baixo
1,0.0,0,0.0,1,3,1,0,0,0,0,0,1,1,0,0,0,gratuito
6,10000.0,0,0.0,1,2,1,0,0,0,1,0,0,1,0,0,0,medio_baixo
13,750000.0,2779,0.6732637639438647,5,6,1,0,0,2,1,0,0,0,1,1,1,gratuito
1,10000.0,0,0.0,1,3,1,0,0,0,1,0,0,0,1,1,0,medio_alto
2,10000.0,0,0.0,1,3,1,0,0,0,1,1,1,0,0,0,0,alto
4,150000.0,649,0.7411402157164869,10,4,1,0,0,0,1,1,1,0,0,0,0,baixo
5,0.0,0,0.0,1,2,1,0,0,0,1,0,0,1,0,0,0,gratuito
3,10000.0,0,0.0,1,3,1,0,0,0,1,0,0,1,0,0,0,gratuito
7,10000.0,13,0.46153846153846156,1,1,1,0,0,0,0,0,0,0,0,0,0,baixo
10,35000.0,155,0.6451612903225806,7,2,1,0,0,1,0,0,0,0,1,1,0,medio_baixo
4,10000.0,0,0.0,1,3,1,0,0,0,0,0,0,1,0,1,0,medio_baixo
12,350000.0,7988,0.8361291937906861,6,3,1,1,1,1,1,0,1,1,0,0,0,medio_baixo
1,0.0,0,0.0,0,0,1,0,0,0,0,0,0,0,0,0,0,gratuito
1,10000.0,7,1.0,1,3,1,0,1,0,1,1,0,0,1,0,0,medio_baixo
10,10000.0,55,0.7636363636363637,5,2,1,0,0,0,1,1,0,0,0,0,0,baixo
3,10000.0,5,0.8,24,4,1,0,0,0,1,1,1,0,0,0,1,medio_baixo
4,750000.0,8200,0.8959756097560976,1,5,1,0,0,0,1,1,1,0,1,0,0,medio_alto
5,10000.0,3,1.0,2,3,1,1,1,0,1,1,1,0,0,0,0,medio_baixo
9,10000.0,37,0.7027027027027027,6,2,1,1,0,0,0,1,0,0,0,0,0,baixo
11,10000.0,8,0.125,1,4,1,0,0,0,1,0,1,0,1,0,0,medio_alto
3,10000.0,42,0.7619047619047619,4,4,1,0,0,0,1,0,1,1,1,0,0,medio_alto
9,750000.0,15303,0.7838332353133373,20,1,1,0,0,4,0,0,1,0,0,0,0,medio_alto
9,10000.0,16,0.9375,1,1,1,0,0,0,1,0,0,0,0,0,0,medio_baixo
2,35000.0,36,0.9166666666666666,1,3,1,0,0,0,1,1,1,0,0,0,0,medio_alto
5,10000.0,34,0.7647058823529411,3,3,1,0,0,1,1,0,0,0,0,1,1,medio_alto
3,0.0,0,0.0,15,1,1,0,0,0,0,0,0,0,0,0,0,gratuito
13,750000.0,5839,0.7836958383284809,9,3,1,1,1,1,1,0,0,0,0,1,1,medio_alto
3,35000.0,2,1.0,1,6,1,0,0,0,1,0,1,1,1,1,1,medio_baixo
1,10000.0,9,0.6666666666666666,7,4,1,0,0,0,1,1,1,0,0,0,1,baixo
1,10000.0,15,1.0,2,2,1,0,0,0,0,0,0,1,0,0,1,medio_alto
8,35000.0,154,0.44155844155844154,1,1,1,0,0,0,1,0,0,0,0,0,0,baixo
1,10000.0,0,0.0,1,3,1,0,0,0,0,1,0,0,0,1,1,medio_baixo
2,10000.0,156,0.9294871794871795,1,4,1,0,0,0,1,1,1,0,0,0,1,alto
1,10000.0,0,0.0,6,3,1,0,0,0,1,1,1,0,0,0,0,medio_alto
11,350000.0,2723,0.3341902313624679,1,4,1,0,0,0,1,1,1,0,1,0,0,medio_baixo
8,10000.0,8,0.375,1,5,1,0,0,0,1,0,0,1,0,0,1,alto
4,10000.0,54,0.8703703703703703,5,3,1,0,0,0,1,1,1,0,0,0,0,medio_baixo
9,35000.0,19,0.6842105263157895,1,1,1,0,0,0,0,0,0,0,0,1,0,medio_alto
9,1500000.0,55500,0.9130810810810811,10,3,1,0,0,0,1,1,1,0,0,0,0,medio_alto
10,75000.0,139,0.9064748201438849,8,1,1,0,0,0,0,0,0,0,0,1,0,baixo
1,10000.0,0,0.0,14,3,1,0,0,4,0,1,1,0,0,0,0,alto
2,10000.0,19,1.0,1,5,1,0,0,0,1,1,0,1,0,0,0,alto
4,10000.0,77,0.7012987012987013,1,3,1,0,0,0,1,1,0,0,1,0,0,alto
3,10000.0,0,0.0,1,7,1,0,0,0,0,1,1,1,0,0,1,medio_baixo
3,35000.0,8,1.0,2,2,1,0,0,0,1,1,0,0,0,0,0,medio_baixo
1,10000.0,145,0.8482758620689655,14,4,1,0,0,0,1,0,0,1,0,1,1,medio_alto
2,0.0,0,0.0,0,0,1,0,0,0,0,0,0,0,0,0,0,gratuito
1,0.0,0,0.0,1,1,1,0,0,0,0,1,0,0,0,0,0,medio_baixo
5,10000.0,16,0.875,2,2,1,1,1,0,1,0,0,1,0,0,0,medio_alto
1,0.0,0,0.0,0,0,1,0,0,0,0,0,0,0,0,0,0,gratuito
7,10000.0,40,0.8,2,4,1,0,0,0,1,1,1,1,0,0,0,baixo
2,0.0,0,0.0,0,0,1,0,0,0,0,0,0,0,0,0,0,gratuito
6,150000.0,1331,0.8422238918106687,1,5,1,0,0,0,1,1,1,0,0,0,1,gratuito
7,35000.0,25,0.28,5,2,1,0,0,0,1,1,0,0,0,0,0,baixo
7,10000.0,9,0.0,9,5,1,0,0,0,1,1,1,0,1,1,0,baixo
1,0.0,0,0.0,0,0,1,0,0,0,0,0,0,0,0,0,0,gratuito
2,10000.0,0,0.0,1,3,1,1,1,0,1,0,0,1,0,0,1,medio_baixo
6,10000.0,32,0.71875,1,4,1,0,0,0,1,1,1,0,0,0,1,medio_baixo
6,150000.0,919,0.9445048966267682,4,3,1,0,0,0,1,0,1,0,1,0,0,baixo
2,10000.0,83,0.4939759036144578,7,5,1,1,1,0,1,0,1,0,1,1,1,medio_alto
3,0.0,0,0.0,0,0,1,0,0,0,0,0,0,0,0,0,0,gratuito
3,0.0,0,0.0,2,5,1,0,0,0,1,0,0,1,1,0,1,gratuito
1,0.0,0,0.0,0,0,1,0,0,0,0,0,0,0,0,0,0,gratuito
5,10000.0,2,0.0,1,2,1,0,0,1,0,0,0,1,0,0,0,alto
2,10000.0,2,0.0,3,2,1,0,0,0,1,0,1,0,0,0,0,medio_alto
1,10000.0,5,1.0,1,3,1,0,0,0,1,1,0,0,0,0,1,baixo
6,10000.0,25,0.84,7,7,1,0,0,0,1,1,1,1,1,1,0,medio_baixo
1,10000.0,0,0.0,27,2,1,1,1,0,1,0,0,0,0,0,1,baixo
3,10000.0,383,0.9373368146214099,3,2,1,0,0,2,0,0,1,1,0,0,0,alto
8,3500000.0,53956,0.8725813625917415,12,2,1,0,0,8,0,0,0,0,0,1,1,alto
12,150000.0,425,0.8329411764705882,7,2,1,0,0,0,0,0,1,1,0,0,0,medio_baixo
16,35000.0,2521,0.9091630305434352,1,3,1,1,0,0,1,0,0,1,1,0,0,baixo
8,10000.0,3,0.6666666666666666,1,4,1,0,0,0,1,1,0,1,0,0,0,medio_baixo
4,35000.0,422,0.6777251184834123,8,2,1,0,0,1,1,0,0,0,0,1,0,baixo
2,10000.0,1,1.0,4,5,1,0,1,1,1,0,1,1,1,1,0,medio_baixo
7,750000.0,12087,0.9204103582361215,7,3,1,1,1,2,1,0,1,1,0,0,0,medio_alto
10,10000.0,15,0.8666666666666667,1,4,1,0,0,0,1,1,0,1,0,1,0,medio_alto
9,10000.0,5,0.8,1,4,1,0,0,0,1,0,1,1,0,0,0,alto
8,10000.0,3,0.3333333333333333,1,5,1,0,0,0,1,0,1,1,0,0,1,gratuito
9,35000.0,124,0.8951612903225806,10,3,1,1,1,0,1,0,1,1,0,0,0,baixo
1,0.0,0,0.0,0,0,1,0,0,0,0,0,0,0,0,0,0,gratuito
1,0.0,0,0.0,1,6,1,0,0,0,1,0,0,1,1,0,0,gratuito
2,10000.0,2,0.0,1,3,1,0,0,0,1,0,0,1,0,0,1,baixo
2,10000.0,3,0.6666666666666666,4,3,1,0,0,0,1,1,1,0,0,0,0,medio_alto
13,350000.0,455,0.789010989010989,1,4,1,1,1,0,1,0,1,0,1,1,0,medio_baixo
2,75000.0,1334,0.7728635682158921,16,4,1,0,0,1,1,1,0,0,0,1,1,medio_alto
1,10000.0,51,0.9215686274509803,8,3,1,0,0,0,0,0,1,1,0,0,1,alto
5,10000.0,14,1.0,1,1,1,0,0,0,0,0,0,1,0,0,0,medio_baixo
1,0.0,0,0.0,1,4,1,0,1,0,1,0,0,1,0,1,0,gratuito
5,10000.0,244,0.7295081967213115,2,6,1,0,0,0,1,1,1,1,1,0,1,baixo
2,10000.0,19,1.0,1,2,1,0,0,0,0,1,0,0,0,0,0,gratuito
3,150000.0,2588,0.7670015455950541,8,3,1,0,0,0,1,1,1,0,0,0,0,alto
11,3500000.0,22198,0.9416163618343995,4,1,1,0,0,0,0,0,0,0,1,0,0,medio_baixo
3,0.0,0,0.0,0,0,1,0,0,0,0,0,0,0,0,0,0,gratuito
2,0.0,0,0.0,0,0,1,0,0,0,0,0,0,0,0,0,0,gratuito
3,10000.0,0,0.0,4,1,1,0,0,1,0,1,0,0,0,0,0,medio_alto
2,10000.0,0,0.0,20,2,1,0,0,0,1,0,0,1,0,0,0,baixo
1,10000.0,0,0.0,19,1,1,0,1,0,0,1,0,0,0,0,0,alto
5,10000.0,0,0.0,1,4,1,0,0,0,0,0,1,1,0,1,0,baixo
7,10000.0,5,0.2,1,1,1,0,0,0,0,1,0,0,0,0,0,alto
4,10000.0,2,0.5,2,3,1,0,0,0,1,0,1,0,1,0,0,medio_baixo
2,75000.0,1898,0.8772391991570073,9,1,1,0,0,2,0,1,0,0,0,0,0,alto
5,10000.0,18,0.8333333333333334,1,2,1,0,0,0,1,0,1,0,0,0,0,baixo
11,10000.0,25,0.44,1,5,1,0,1,0,1,1,1,1,0,0,0,medio_baixo
4,75000.0,2010,0.8422885572139304,1,4,1,1,0,1,1,0,0,0,0,1,1,alto
1,10000.0,250,0.836,12,3,1,1,0,0,1,0,1,1,0,0,0,alto
4,10000.0,4,0.25,1,5,1,0,0,0,1,0,1,0,1,0,1,alto
3,10000.0,0,0.0,29,2,1,0,0,0,0,1,1,0,0,0,0,medio_baixo
3,10000.0,3,0.6666666666666666,103,5,1,0,0,0,1,0,1,1,1,1,0,baixo
3,1500000.0,52485,0.9209488425264362,12,3,1,1,0,3,0,1,1,0,1,0,0,alto
4,35000.0,3,1.0,1,5,1,0,0,1,1,1,1,1,1,0,0,baixo
2,150000.0,6,1.0,1,2,1,0,0,0,0,1,0,0,0,0,0,medio_alto
6,10000.0,103,0.8155339805825242,1,3,1,0,0,1,1,0,0,1,0,0,0,gratuito
2,10000.0,26,0.8076923076923077,12,2,1,0,0,0,1,1,0,0,0,0,0,medio_alto
10,150000.0,25,0.32,1,3,1,0,0,0,1,1,1,0,0,0,0,medio_alto
4,10000.0,38,0.5789473684210527,1,3,1,0,0,0,1,1,1,0,0,0,0,gratuito
8,10000.0,10,0.5,1,3,1,0,0,0,1,1,1,0,0,0,0,gratuito
8,10000.0,36,0.4444444444444444,1,6,1,0,0,0,1,1,1,0,1,0,1,alto
4,0.0,0,0.0,0,0,1,0,0,0,0,0,0,0,0,0,0,gratuito
4,10000.0,8,0.875,1,2,1,0,0,0,1,0,0,1,0,0,0,medio_alto
1,75000.0,582,0.9518900343642611,1,3,1,0,0,0,1,1,0,1,0,0,0,medio_baixo
8,10000.0,36,0.6944444444444444,2,4,1,0,0,0,1,1,1,0,1,0,0,medio_baixo
2,10000.0,125,1.0,0,2,1,0,0,0,1,0,0,0,0,0,0,gratuito
8,10000.0,22,0.6363636363636364,1,4,1,0,0,0,0,1,0,0,1,0,0,medio_alto
1,10000.0,0,0.0,1,4,1,0,0,0,1,0,1,0,1,0,0,medio_alto
1,0.0,0,0.0,0,0,1,0,0,0,0,0,0,0,0,0,0,gratuito
2,0.0,0,0.0,0,0,1,0,0,0,0,0,0,0,0,0,0,gratuito
4,10000.0,21,0.8571428571428571,1,5,1,1,1,0,1,1,1,1,1,0,0,baixo
2,0.0,0,0.0,0,0,1,0,0,0,0,0,0,0,0,0,0,gratuito
8,10000.0,3,1.0,1,4,1,0,0,0,1,1,0,1,0,0,0,medio_alto
2,0.0,0,0.0,0,0,1,0,0,0,0,0,0,0,0,0,0,gratuito
5,10000.0,15,0.8666666666666667,3,1,1,0,0,0,0,0,0,1,0,0,0,medio_alto
6,10000.0,24,0.5833333333333334,1,3,1,0,0,0,1,0,0,1,0,1,0,baixo
2,10000.0,0,0.0,5,2,1,0,0,1,1,0,0,0,1,0,0,medio_alto
5,10000.0,58,0.7241379310344828,10,3,1,0,1,0,1,1,1,0,0,0,0,baixo
7,10000.0,88,0.8863636363636364,1,3,1,0,0,0,1,0,0,0,0,0,0,gratuito
1,0.0,0,0.0,1,6,1,0,0,0,1,1,0,1,1,0,0,gratuito
1,0.0,0,0.0,0,0,1,0,0,0,0,0,0,0,0,0,0,gratuito
5,10000.0,0,0.0,1,2,1,1,0,1,1,0,0,1,0,0,0,baixo
7,10000.0,107,0.5981308411214953,6,2,1,0,0,1,1,1,0,0,0,0,0,medio_baixo
8,10000.0,72,0.9305555555555556,11,1,1,0,0,0,1,0,0,0,0,0,0,medio_alto
10,10000.0,61,0.7377049180327869,8,2,1,1,1,1,1,0,1,0,0,0,0,alto
6,10000.0,130,0.4307692307692308,6,4,1,1,0,0,1,1,0,0,0,1,1,medio_baixo
1,10000.0,6,0.8333333333333334,1,1,1,0,0,0,0,0,1,0,0,0,0,medio_baixo
5,10000.0,19,0.5789473684210527,1,1,1,0,0,0,0,0,0,1,0,0,0,medio_alto
1,0.0,0,0.0,1,4,1,0,0,0,1,0,0,1,0,0,1,gratuito
2,10000.0,25,0.96,6,2,1,0,0,0,1,0,0,1,0,0,0,baixo
3,10000.0,2,0.5,4,2,1,0,0,0,0,0,0,1,0,1,0,medio_alto
2,35000.0,32,0.5625,1,4,1,0,0,1,1,1,0,1,0,0,0,gratuito
5,10000.0,23,0.6521739130434783,7,3,1,0,0,0,1,1,1,0,0,0,0,medio_baixo
13,350000.0,7381,0.876845955832543,6,3,1,0,0,0,0,1,1,1,0,0,0,medio_alto
1,10000.0,0,0.0,14,4,1,1,1,1,1,0,1,1,0,0,1,alto
19,750000.0,6364,0.9355751099937146,4,1,1,0,0,0,0,0,0,0,1,0,0,medio_baixo
7,35000.0,109,0.6880733944954128,10,3,1,1,0,0,0,1,0,0,0,1,0,gratuito
2,0.0,0,0.0,1,1,1,0,0,1,0,0,0,0,0,0,0,gratuito
9,35000.0,105,0.5619047619047619,1,2,1,0,0,0,1,0,0,0,0,0,0,baixo
5,10000.0,14,0.9285714285714286,1,4,1,0,0,0,1,1,0,0,1,0,0,alto
1,10000.0,13,0.7692307692307693,6,3,1,0,0,0,1,0,1,1,0,0,0,alto
3,0.0,0,0.0,0,0,1,0,0,0,0,0,0,0,0,0,0,gratuito
5,10000.0,16,1.0,3,1,1,0,0,0,0,0,0,1,0,0,0,baixo
9,10000.0,22,0.8636363636363636,1,4,1,0,0,0,1,1,0,1,0,0,0,baixo
3,10000.0,35,0.8857142857142857,1,2,1,0,0,0,1,0,0,1,0,0,0,baixo
5,10000.0,4,0.75,1,3,1,0,0,0,0,0,0,0,1,1,0,medio_alto
9,10000.0,1,1.0,1,3,1,1,1,1,1,1,0,0,0,0,0,alto
2,10000.0,8,1.0,2,3,1,0,0,0,1,0,0,1,0,0,0,gratuito
2,10000.0,3,1.0,1,3,1,0,0,1,1,1,1,0,0,0,0,medio_baixo
4,10000.0,7,0.42857142857142855,3,4,1,0,0,0,0,1,1,1,1,0,0,medio_baixo
5,35000.0,2,0.5,1,2,1,1,0,0,0,0,1,0,0,1,0,medio_alto
1,0.0,0,0.0,0,0,1,0,0,0,0,0,0,0,0,0,0,gratuito
1,0.0,0,0.0,1,3,1,0,0,0,1,0,0,0,1,0,0,gratuito
3,10000.0,56,0.625,4,3,1,0,0,0,1,0,1,1,0,0,0,gratuito
5,0.0,0,0.0,0,0,1,0,0,0,0,0,0,0,0,0,0,gratuito
1,0.0,0,0.0,1,4,1,0,0,0,1,1,1,0,0,0,0,medio_alto
5,0.0,0,0.0,0,0,1,0,0,0,0,0,0,0,0,0,0,gratuito
4,10000.0,0,0.0,1,1,1,1,0,0,0,0,0,1,0,0,0,alto
1,0.0,0,0.0,0,0,1,0,0,0,0,0,0,0,0,0,0,gratuito
11,150000.0,269,0.6356877323420075,1,3,1,0,1,0,1,0,0,0,0,1,0,baixo
11,350000.0,1436,0.6420612813370473,1,6,1,1,1,0,1,1,1,0,1,0,0,gratuito
4,35000.0,1389,0.9006479481641468,1,4,1,0,0,1,1,1,1,0,0,0,1,baixo
1,0.0,0,0.0,1,3,1,0,0,0,1,0,1,0,0,0,0,gratuito
2,35000.0,217,0.7741935483870968,1,6,1,1,0,6,1,0,1,0,1,1,0,gratuito
1,0.0,0,0.0,0,0,1,0,0,0,0,0,0,0,0,0,0,gratuito
2,10000.0,336,0.6279761904761905,11,4,1,0,0,0,1,1,1,0,0,0,1,baixo
2,10000.0,15,0.8666666666666667,1,4,1,0,0,0,1,0,0,1,1,1,0,medio_baixo
1,10000.0,0,0.0,40,5,1,0,0,0,1,0,1,1,0,1,1,baixo
3,10000.0,28,0.9642857142857143,2,5,1,0,0,0,1,1,1,1,0,0,0,medio_alto
8,35000.0,399,0.6942355889724311,1,3,1,1,1,0,1,1,1,0,0,0,0,medio_alto
8,10000.0,10,0.3,1,1,1,0,0,0,0,0,0,0,1,0,0,gratuito
9,10000.0,1,1.0,1,3,1,0,0,0,1,1,0,1,0,0,0,medio_baixo
5,10000.0,5,0.8,1,5,1,0,0,0,1,0,1,1,1,0,0,medio_alto
9,35000.0,112,0.5178571428571429,2,3,1,0,0,0,1,1,1,0,0,0,0,baixo
5,10000.0,18,0.8333333333333334,2,3,1,0,0,0,1,0,0,1,0,1,0,medio_alto
4,0.0,0,0.0,1,3,1,1,1,0,0,0,0,1,0,0,1,gratuito
1,10000.0,0,0.0,1,2,1,1,1,0,1,0,0,0,0,0,0,alto
4,10000.0,1,0.0,1,3,1,1,0,0,0,1,1,0,0,0,0,medio_baixo
8,10000.0,49,0.5918367346938775,1,3,1,0,0,0,1,1,0,0,0,0,0,medio_baixo
6,10000.0,26,0.9615384615384616,7,2,1,1,1,0,1,0,1,0,0,0,0,medio_baixo
5,150000.0,17,0.5882352941176471,29,5,1,0,0,1,1,1,1,1,0,1,0,baixo
5,10000.0,0,0.0,1,3,1,0,0,0,0,1,1,1,0,0,0,alto
3,0.0,0,0.0,1,3,1,1,0,0,1,0,1,1,0,0,0,gratuito
3,10000.0,0,0.0,8,4,1,1,1,0,1,0,0,1,0,1,1,baixo
4,10000.0,31,0.9354838709677419,1,2,1,0,0,0,1,0,0,0,1,0,0,medio_baixo
5,10000.0,6,0.8333333333333334,1,3,1,0,0,0,1,1,0,0,1,0,0,alto
6,10000.0,54,0.5740740740740741,1,3,1,0,0,0,0,1,1,0,1,0,0,medio_baixo
2,0.0,0,0.0,2,3,1,0,0,0,1,1,1,0,0,0,0,gratuito
6,10000.0,46,0.8043478260869565,1,2,1,0,0,0,1,0,1,0,0,0,0,medio_alto
1,0.0,0,0.0,0,0,1,0,0,0,0,0,0,0,0,0,0,gratuito
5,10000.0,0,0.0,1,3,1,0,0,0,0,1,1,0,0,1,0,alto
7,10000.0,3,0.0,11,4,1,0,0,0,1,1,1,1,0,0,0,alto
4,10000.0,2,0.5,3,3,1,0,0,0,0,1,1,0,1,0,0,medio_baixo
2,10000.0,12,0.4166666666666667,2,5,1,0,0,0,1,1,1,0,0,1,0,medio_baixo
7,10000.0,86,0.9534883720930233,1,3,1,1,0,0,1,1,1,0,0,0,0,medio_baixo
3,10000.0,5,0.4,1,4,1,0,0,0,1,1,0,0,0,1,1,baixo
11,10000.0,24,0.25,1,3,1,0,0,0,0,1,0,0,1,0,0,alto
4,10000.0,37,0.5405405405405406,2,2,1,0,0,0,1,0,1,0,0,0,0,gratuito
2,10000.0,0,0.0,2,2,1,0,0,0,1,1,0,0,0,0,0,medio_alto
7,35000.0,58,0.8448275862068966,1,7,1,0,0,0,1,1,1,1,1,1,0,gratuito
4,10000.0,124,0.6612903225806451,8,3,1,0,0,1,1,0,0,0,0,0,1,alto
5,0.0,0,0.0,1,3,1,0,0,0,0,0,0,1,0,1,0,gratuito
7,10000.0,26,0.6923076923076923,7,5,1,0,0,0,1,1,0,1,0,0,1,baixo
1,0.0,0,0.0,7,1,1,1,0,0,0,0,0,1,0,0,0,medio_alto
6,10000.0,50,0.66,1,1,1,1,1,0,0,0,0,1,0,0,0,baixo
4,10000.0,1,1.0,1,3,1,1,0,0,1,0,1,0,0,0,0,alto
6,10000.0,69,0.8115942028985508,1,3,1,0,0,0,1,1,1,0,0,0,0,medio_baixo
9,350000.0,1888,0.7648305084745762,4,4,1,1,0,1,1,1,1,0,1,0,0,alto
1,10000.0,0,0.0,1,3,1,0,0,0,1,0,0,1,0,0,1,alto
5,10000.0,68,0.4411764705882353,1,2,1,0,0,0,1,1,0,0,0,0,0,baixo
9,10000.0,7,1.0,1,5,1,0,0,0,1,1,0,0,0,0,0,medio_alto
4,10000.0,0,0.0,1,4,1,0,0,0,1,1,1,1,0,0,0,alto
3,10000.0,16,0.75,1,6,1,0,0,0,1,1,1,1,0,1,1,baixo
1,0.0,0,0.0,103,6,1,1,1,0,1,1,1,1,0,0,1,alto
2,10000.0,10,1.0,1,5,1,0,0,1,1,0,1,1,1,1,0,medio_alto
3,0.0,0,0.0,2,4,1,0,0,0,1,0,0,0,1,1,0,gratuito
3,10000.0,15,0.8666666666666667,1,4,1,1,0,0,1,1,1,1,0,0,0,gratuito
7,10000.0,0,0.0,1,3,1,0,0,0,1,1,0,0,0,0,1,medio_baixo
8,10000.0,20,0.9,1,2,1,1,0,0,1,1,0,0,0,0,0,medio_baixo
5,10000.0,0,0.0,1,5,1,0,0,0,1,0,1,0,1,1,0,alto
2,10000.0,5,1.0,3,3,1,0,1,1,1,0,0,1,0,0,0,gratuito
3,10000.0,0,0.0,3,1,1,1,1,0,0,0,0,1,0,0,0,medio_alto
3,10000.0,3,0.6666666666666666,1,3,1,0,0,0,1,0,0,1,0,0,1,medio_alto
2,10000.0,4,1.0,1,2,1,0,0,0,1,0,1,0,0,0,0,baixo
3,10000.0,1,0.0,1,3,1,0,0,0,1,0,0,0,1,1,0,medio_baixo
9,3500000.0,9055,0.5965764770844837,1,4,1,0,0,2,1,1,0,0,0,0,0,gratuito
2,10000.0,13,1.0,3,7,1,0,0,0,1,1,1,1,1,1,1,baixo
6,10000.0,32,0.46875,1,4,1,0,0,0,0,1,1,0,1,0,0,gratuito
6,10000.0,13,0.9230769230769231,1,3,1,1,0,0,1,0,0,0,1,1,0,gratuito
4,0.0,0,0.0,0,0,1,0,0,0,0,0,0,0,0,0,0,gratuito
3,10000.0,14,0.7142857142857143,1,3,1,0,0,0,1,1,0,0,0,0,0,gratuito
1,0.0,0,0.0,1,2,1,1,0,0,0,0,0,0,0,1,0,gratuito
1,10000.0,0,0.0,3,3,1,0,0,0,1,0,1,0,0,0,0,medio_baixo
2,10000.0,1,1.0,1,1,1,0,0,0,0,0,0,0,0,0,0,medio_baixo
2,10000.0,15,0.8666666666666667,3,5,1,0,0,0,1,0,1,0,1,1,1,baixo
8,150000.0,3366,0.6657754010695187,17,2,1,0,0,16,0,0,0,1,0,0,1,alto
8,10000.0,8,0.875,1,1,1,0,0,0,0,0,0,0,0,1,0,gratuito
4,10000.0,11,1.0,1,2,1,0,0,1,1,1,0,0,0,0,0,medio_baixo
3,10000.0,35,0.8,2,1,1,0,0,2,0,0,1,0,0,0,0,alto
1,10000.0,0,0.0,1,4,1,0,0,0,1,0,0,1,0,0,0,medio_alto
10,150000.0,257,0.5369649805447471,1,3,1,1,1,0,1,0,0,1,0,0,0,gratuito
3,10000.0,14,0.7857142857142857,4,2,1,0,0,0,1,0,0,1,0,0,0,gratuito
3,10000.0,104,0.9519230769230769,1,2,1,1,0,0,1,0,0,0,0,1,0,baixo
6,10000.0,2,1.0,1,3,1,0,0,0,1,1,1,0,0,0,0,medio_baixo
3,0.0,0,0.0,2,4,1,0,0,4,1,0,0,1,0,1,0,gratuito
8,75000.0,276,0.8659420289855072,2,3,1,1,0,0,1,0,0,1,0,0,0,gratuito
6,10000.0,11,0.9090909090909091,1,2,1,1,1,0,1,1,0,0,0,0,0,baixo
5,10000.0,3,0.3333333333333333,4,1,1,0,0,0,0,0,0,1,0,0,0,medio_alto
10,150000.0,73,0.4520547945205479,1,1,1,0,0,0,0,0,0,1,0,0,0,baixo
1,10000.0,0,0.0,1,6,1,0,0,0,1,0,1,1,1,1,1,medio_alto
10,750000.0,7919,0.8734688723323651,12,4,1,1,1,3,1,0,1,0,1,0,1,baixo
5,10000.0,5,1.0,1,2,1,0,0,0,1,0,0,1,0,0,0,medio_baixo
10,10000.0,45,1.0,1,3,1,1,1,0,0,0,0,1,0,1,1,medio_baixo
5,10000.0,8,0.75,1,5,1,0,0,0,1,1,1,0,0,0,0,baixo
3,35000.0,93,0.7849462365591398,1,5,1,0,0,1,1,1,1,1,0,0,1,medio_baixo
11,75000.0,339,0.5368731563421829,2,2,1,1,1,0,1,0,1,0,0,0,0,baixo
9,10000.0,79,0.8481012658227848,1,3,1,1,1,0,1,0,0,0,0,0,1,medio_baixo
6,35000.0,14,0.8571428571428571,1,5,1,0,0,0,1,1,0,1,0,0,1,medio_baixo
8,10000.0,12,0.8333333333333334,1,1,1,1,1,0,0,0,0,0,0,0,0,gratuito
2,10000.0,0,0.0,1,1,1,0,0,0,0,0,0,0,0,0,1,medio_baixo
3,0.0,0,0.0,3,3,1,1,1,0,0,1,0,0,0,0,0,gratuito
4,10000.0,12,0.9166666666666666,1,4,1,0,0,0,0,0,0,1,0,0,0,medio_alto
1,10000.0,0,0.0,3,2,1,1,0,0,0,0,1,1,0,0,0,alto
2,10000.0,81,0.8271604938271605,4,5,1,0,0,3,1,1,1,1,1,0,0,medio_alto
2,0.0,0,0.0,2,3,1,0,0,0,1,1,0,0,0,0,0,gratuito
8,350000.0,3361,0.7375781017554299,11,4,1,1,1,3,1,0,1,0,1,1,0,medio_baixo
16,350000.0,2790,0.9530465949820789,5,1,1,0,0,0,0,0,1,0,0,0,0,medio_alto
4,10000.0,14,0.8571428571428571,1,3,1,0,0,0,0,0,1,0,1,1,0,baixo
8,35000.0,63,0.8253968253968254,1,5,1,0,0,0,1,1,1,1,0,0,0,gratuito
3,10000.0,87,0.896551724137931,1,2,1,0,0,0,0,1,0,1,0,0,0,baixo
4,0.0,0,0.0,29,2,1,0,0,0,1,0,0,1,0,0,0,baixo
8,10000.0,5,1.0,1,3,1,1,1,0,1,1,0,1,0,0,0,medio_baixo
7,10000.0,1,0.0,1,3,1,0,1,0,1,1,0,0,0,1,0,alto
4,75000.0,1,1.0,1,6,1,0,0,0,1,1,1,1,1,0,1,baixo
2,10000.0,3,0.3333333333333333,1,2,1,0,0,0,0,1,1,0,0,0,0,medio_alto
7,10000.0,4,0.0,1,2,1,0,0,0,1,1,0,0,0,0,0,baixo
6,10000.0,14,0.6428571428571429,29,3,1,0,0,0,1,1,0,1,0,0,0,baixo
2,10000.0,2,1.0,1,2,1,0,0,0,1,1,0,0,0,0,0,medio_baixo
3,0.0,0,0.0,10,5,1,0,0,2,1,1,0,0,0,0,0,gratuito
11,10000.0,18,0.6666666666666666,6,4,1,0,0,0,0,0,1,1,0,1,1,baixo
2,10000.0,11,0.45454545454545453,9,3,1,0,0,0,1,0,1,0,0,0,1,medio_alto
1,10000.0,0,0.0,30,4,1,0,0,3,1,0,1,1,0,0,1,alto
2,0.0,0,0.0,3,4,1,0,0,4,1,0,0,0,0,1,0,gratuito
1,0.0,0,0.0,0,0,1,0,0,0,0,0,0,0,0,0,0,gratuito
2,10000.0,0,0.0,1,3,1,0,0,0,1,1,1,0,0,0,0,medio_alto
6,150000.0,188,0.6436170212765957,1,6,1,0,0,0,1,1,1,0,1,0,0,gratuito
9,10000.0,2,0.5,1,2,1,0,0,0,1,0,0,1,0,0,0,medio_alto
1,0.0,0,0.0,0,0,1,0,0,0,0,0,0,0,0,0,0,gratuito
11,750000.0,9773,0.9319553872915175,10,2,1,1,0,0,1,0,0,0,0,0,0,gratuito
1,75000.0,105,0.8,6,5,1,0,0,0,1,1,1,0,1,1,0,medio_alto
9,35000.0,78,0.8717948717948718,1,2,1,0,0,0,1,0,0,1,0,0,0,baixo
10,150000.0,1071,0.6722689075630253,10,7,1,0,0,0,1,0,1,1,1,1,0,gratuito
3,10000.0,26,0.8846153846153846,2,4,1,0,0,1,1,1,1,0,0,0,0,gratuito
7,350000.0,5706,0.9011566771819137,1,4,1,0,0,0,1,0,0,1,0,0,1,medio_baixo
6,10000.0,13,0.6923076923076923,3,2,1,1,0,1,1,0,0,1,0,0,0,gratuito
6,150000.0,411,0.9318734793187348,10,3,1,1,0,0,1,0,0,1,1,0,0,medio_baixo
2,10000.0,7,0.8571428571428571,2,3,1,0,0,0,1,0,0,1,1,0,0,medio_baixo
5,35000.0,4,0.75,1,4,1,0,0,0,1,1,1,1,0,0,0,medio_baixo
2,10000.0,6,0.6666666666666666,3,3,1,0,0,0,1,0,0,0,0,1,1,medio_baixo
8,10000.0,15,0.7333333333333333,1,4,1,1,0,0,1,0,0,0,1,1,0,gratuito
7,10000.0,22,0.3181818181818182,29,5,1,0,0,0,1,1,1,1,1,0,0,baixo
2,10000.0,13,0.9230769230769231,1,4,1,1,1,0,1,0,1,0,1,1,0,alto
5,10000.0,380,0.7342105263157894,3,3,1,0,0,1,1,0,1,0,0,0,1,alto
2,75000.0,268,0.8880597014925373,9,4,1,0,0,1,1,0,0,0,1,1,1,medio_alto
3,10000.0,1,1.0,1,5,1,0,0,0,1,1,0,1,0,0,0,baixo
10,150000.0,313,0.8338658146964856,1,3,1,1,1,0,1,1,0,1,0,0,0,baixo
1,0.0,0,0.0,30,3,1,1,1,0,1,0,0,1,0,0,1,alto
2,75000.0,799,0.7571964956195244,7,4,1,1,0,0,1,0,0,0,0,1,1,alto
9,10000.0,47,0.5319148936170213,1,5,1,0,0,0,1,1,0,1,0,0,1,baixo
5,10000.0,13,0.38461538461538464,5,4,1,0,0,0,0,1,1,0,1,0,1,medio_baixo
1,35000.0,536,0.7854477611940298,9,5,1,1,1,0,1,1,1,0,0,1,1,alto
1,10000.0,0,0.0,1,4,1,0,0,0,0,0,0,1,0,1,1,medio_alto
4,10000.0,0,0.0,1,2,1,0,0,0,0,1,0,0,0,0,0,gratuito
5,10000.0,15,1.0,1,2,1,0,0,0,1,1,0,0,0,0,0,medio_baixo
11,10000.0,205,0.8048780487804879,14,3,1,1,0,0,0,0,0,1,0,1,1,baixo
2,0.0,0,0.0,11,2,1,0,0,0,0,0,1,0,0,0,0,gratuito
2,10000.0,0,0.0,1,1,1,0,0,0,0,0,0,0,1,0,0,baixo
2,10000.0,115,0.6608695652173913,16,4,1,0,0,0,0,0,0,1,0,0,1,medio_alto
6,75000.0,83,0.9036144578313253,1,3,1,0,0,0,1,0,1,0,1,0,0,baixo
3,10000.0,4,1.0,1,5,1,0,0,0,1,1,1,1,0,0,0,gratuito
4,10000.0,6,0.6666666666666666,2,3,1,0,0,0,1,0,0,1,0,0,1,baixo
5,10000.0,0,0.0,5,1,1,1,1,0,0,0,0,1,0,0,0,medio_alto
9,10000.0,44,0.4090909090909091,2,4,1,0,0,0,0,0,0,1,0,1,1,gratuito
3,35000.0,33,0.9393939393939394,1,3,1,0,0,0,1,0,1,0,0,0,1,medio_baixo
2,10000.0,0,0.0,5,6,1,1,1,0,1,1,0,1,1,1,0,gratuito
1,0.0,0,0.0,0,0,1,0,0,0,0,0,0,0,0,0,0,gratuito
11,10000.0,30,0.8666666666666667,10,2,1,0,0,0,0,0,1,1,0,0,0,medio_alto
11,75000.0,394,0.8121827411167513,1,2,1,0,0,0,0,0,1,0,0,0,0,gratuito
9,35000.0,106,0.7547169811320755,2,2,1,0,0,0,1,0,0,1,0,0,0,baixo
4,10000.0,18,0.9444444444444444,1,3,1,0,0,0,1,1,0,1,0,0,0,medio_alto
6,10000.0,15,0.9333333333333333,4,3,1,0,0,0,1,0,0,1,0,1,0,medio_baixo
3,10000.0,35,1.0,2,4,1,1,0,0,1,1,0,0,0,0,1,medio_alto
7,35000.0,121,0.7024793388429752,29,3,1,0,0,0,1,1,1,0,0,0,0,baixo
11,10000.0,154,0.7792207792207793,4,2,1,1,1,1,1,0,0,0,0,1,0,medio_alto
4,0.0,0,0.0,0,0,1,0,0,0,0,0,0,0,0,0,0,gratuito
1,10000.0,2,0.5,6,5,1,0,0,0,1,1,1,1,0,1,0,baixo
1,10000.0,340,0.46176470588235297,6,5,1,0,0,0,1,1,1,0,0,0,0,gratuito
2,10000.0,20,1.0,2,2,1,0,0,0,1,0,0,0,0,1,0,alto
9,350000.0,523,0.8087954110898662,21,3,1,1,1,1,1,0,0,0,0,1,0,gratuito
6,10000.0,19,0.8947368421052632,1,4,1,0,0,0,1,0,0,1,0,0,0,gratuito
3,0.0,0,0.0,103,6,1,0,0,0,0,1,0,1,0,0,0,gratuito
7,10000.0,92,0.5978260869565217,1,1,1,0,0,0,0,1,0,0,0,0,0,medio_baixo
4,10000.0,84,0.8690476190476191,10,2,1,0,0,0,1,0,1,0,0,0,0,baixo
1,10000.0,0,0.0,1,1,1,0,0,0,0,0,0,0,1,0,0,medio_baixo
2,10000.0,248,0.875,4,2,1,1,1,0,1,0,1,0,0,0,0,medio_baixo
5,10000.0,4,0.75,1,2,1,0,0,0,0,1,0,1,0,0,0,medio_baixo
10,10000.0,9,0.3333333333333333,1,3,1,0,0,0,1,1,1,0,0,0,0,baixo
6,35000.0,161,0.9192546583850931,1,3,1,1,0,0,0,1,0,1,0,0,0,gratuito
4,0.0,0,0.0,0,0,1,0,0,0,0,0,0,0,0,0,0,gratuito
2,10000.0,25,0.68,1,1,1,0,0,0,1,0,0,0,0,0,0,medio_baixo
1,10000.0,0,0.0,8,3,1,0,0,0,1,0,1,1,0,0,0,baixo
4,35000.0,1,1.0,1,1,1,0,0,0,0,1,0,0,0,0,0,medio_baixo
3,75000.0,664,0.39156626506024095,10,4,1,0,0,0,1,1,1,0,0,0,1,medio_alto
2,0.0,0,0.0,3,4,1,1,0,0,1,0,0,1,0,0,1,gratuito
1,0.0,0,0.0,0,0,1,0,0,0,0,0,0,0,0,0,0,gratuito
3,10000.0,27,0.7407407407407407,2,3,1,0,0,9,1,1,0,1,0,0,0,medio_baixo
5,35000.0,203,0.6502463054187192,9,2,1,0,0,1,0,0,0,0,1,1,0,alto
1,10000.0,0,0.0,5,4,1,0,0,0,1,1,0,0,0,0,0,medio_alto
4,0.0,0,0.0,5,3,1,0,0,0,0,0,0,0,0,1,1,gratuito
7,10000.0,0,0.0,2,1,1,0,0,0,0,1,0,0,0,0,0,medio_baixo
3,10000.0,68,0.8970588235294118,1,2,1,0,0,0,1,1,0,0,0,0,0,alto
5,0.0,0,0.0,0,0,1,0,0,0,0,0,0,0,0,0,0,gratuito
2,35000.0,1360,0.9823529411764705,6,3,1,0,0,2,1,1,1,0,0,0,0,alto
5,10000.0,0,0.0,1,2,1,0,0,0,1,0,1,0,0,0,0,medio_baixo
2,0.0,0,0.0,1,3,1,0,0,0,0,1,1,0,0,0,0,gratuito
3,10000.0,0,0.0,1,6,1,0,0,0,1,1,1,1,1,0,1,medio_alto
9,350000.0,10063,0.6438437841597933,2,3,1,1,1,1,1,0,0,0,0,1,1,medio_baixo
1,10000.0,0,0.0,1,3,1,0,0,0,1,0,0,1,0,1,0,alto
5,75000.0,2174,0.7318307267709292,13,5,1,1,0,0,1,0,1,1,0,1,1,alto
1,10000.0,0,0.0,30,2,1,0,0,1,1,0,0,1,0,0,0,baixo
8,10000.0,98,0.5,10,3,1,0,0,0,0,1,0,1,0,0,1,medio_baixo
2,10000.0,8,0.375,1,2,1,0,0,1,0,1,0,0,0,0,0,gratuito
6,10000.0,0,0.0,1,2,1,0,0,1,1,0,0,1,0,0,0,baixo
10,10000.0,68,0.7941176470588235,2,2,1,0,0,0,1,0,1,0,0,0,0,baixo
3,10000.0,15,0.2,26,4,1,0,0,0,1,1,0,0,1,0,1,baixo
4,10000.0,0,0.0,18,3,1,0,0,0,1,0,0,1,1,0,0,medio_alto
12,35000.0,584,0.9126712328767124,4,2,1,0,0,0,1,0,1,0,0,0,0,baixo
7,10000.0,16,0.5625,1,1,1,0,0,0,0,0,0,1,0,0,0,alto
8,10000.0,0,0.0,1,2,1,0,0,0,0,0,0,0,0,0,1,medio_alto
12,10000.0,92,0.3695652173913043,1,3,1,0,0,0,1,1,1,0,0,0,0,medio_alto
6,750000.0,8208,0.8178606237816765,1,6,1,0,0,2,1,1,1,0,0,1,1,medio_alto
12,1500000.0,14744,0.9469614758545849,5,2,1,0,0,0,0,0,0,0,0,1,1,medio_alto
1,10000.0,0,0.0,7,2,1,0,0,0,0,0,0,0,0,1,1,alto
1,0.0,0,0.0,26,5,1,0,0,0,1,1,1,1,0,0,0,gratuito
10,10000.0,30,0.43333333333333335,3,2,1,1,1,1,1,1,0,0,0,0,0,medio_alto
5,10000.0,3,0.0,1,4,1,0,0,0,1,1,0,1,0,0,0,medio_alto
1,10000.0,0,0.0,5,1,1,1,1,0,0,0,0,0,0,0,1,medio_alto
3,10000.0,21,0.7142857142857143,1,4,1,0,0,0,1,1,0,1,0,0,0,gratuito
1,10000.0,0,0.0,12,3,1,0,0,1,1,1,0,0,0,0,1,medio_alto
5,10000.0,0,0.0,1,3,1,0,0,0,1,0,1,0,0,0,0,medio_baixo
1,0.0,0,0.0,0,0,1,0,0,0,0,0,0,0,0,0,0,gratuito
6,10000.0,3,0.6666666666666666,1,1,1,1,0,0,0,0,0,0,0,1,0,medio_baixo
5,10000.0,41,0.926829268292683,6,2,1,1,1,0,1,1,0,0,0,0,0,alto
6,10000.0,8,0.75,1,4,1,0,0,0,1,1,1,0,1,0,0,alto
4,10000.0,0,0.0,1,1,1,0,0,0,0,0,1,0,0,0,0,medio_baixo
9,35000.0,99,0.7474747474747475,8,2,1,1,1,1,1,1,0,0,0,0,0,baixo
9,10000.0,16,0.375,1,2,1,0,0,0,0,0,1,1,0,0,0,medio_baixo
2,10000.0,1,1.0,1,4,1,1,0,0,1,1,0,1,0,0,0,alto
10,150000.0,2245,0.8120267260579065,5,2,1,0,0,0,0,1,1,0,0,0,0,medio_baixo
4,0.0,0,0.0,1,3,1,1,0,0,1,0,0,1,0,0,0,gratuito
8,10000.0,409,0.8753056234718827,29,1,1,1,0,0,0,0,0,1,0,0,0,baixo
6,10000.0,0,0.0,1,2,1,0,0,0,1,0,1,0,0,0,0,medio_alto
5,10000.0,165,0.7515151515151515,3,4,1,0,0,1,1,1,1,1,0,0,0,baixo
1,0.0,0,0.0,11,4,1,0,0,0,0,1,0,1,0,0,0,gratuito
9,10000.0,13,0.8461538461538461,1,3,1,1,1,0,1,1,0,1,0,0,0,baixo
3,10000.0,0,0.0,1,1,1,0,0,0,0,1,0,0,0,0,0,medio_baixo
5,75000.0,42,0.4523809523809524,1,4,1,0,0,0,1,0,0,0,1,0,0,gratuito
1,0.0,0,0.0,4,2,1,0,0,0,1,0,1,0,0,0,0,medio_baixo
1,10000.0,0,0.0,1,2,1,0,0,0,0,0,0,1,0,0,0,medio_alto
4,10000.0,0,0.0,1,2,1,0,0,0,1,0,0,1,0,0,0,baixo
10,150000.0,2147,0.9417792268281323,2,5,1,1,1,0,1,1,1,1,1,0,0,medio_alto
6,35000.0,63,0.8571428571428571,1,3,1,0,0,0,0,0,0,1,0,1,0,gratuito
9,350000.0,4394,0.8561675011379153,8,3,1,0,0,2,1,1,1,0,0,0,0,baixo
6,10000.0,13,0.9230769230769231,1,5,1,1,0,0,1,1,1,0,1,0,0,gratuito
2,10000.0,1,1.0,1,1,1,0,0,0,0,0,0,1,0,0,0,medio_alto
1,10000.0,3,1.0,1,4,1,0,0,0,1,1,0,0,0,0,0,gratuito
1,10000.0,0,0.0,1,3,1,0,0,0,0,1,0,1,0,0,0,baixo
9,10000.0,31,0.8064516129032258,1,2,1,1,0,1,1,0,0,1,0,0,0,medio_baixo
2,10000.0,17,0.8823529411764706,4,2,1,0,0,0,0,1,1,0,0,0,0,medio_alto
2,0.0,0,0.0,16,4,1,0,0,0,1,0,0,1,0,0,1,gratuito
1,0.0,0,0.0,1,1,1,1,1,0,0,0,0,0,0,0,0,gratuito
4,10000.0,10,0.8,6,3,1,1,0,0,1,1,1,0,0,0,0,medio_baixo
6,10000.0,8,0.75,8,1,1,1,0,0,0,0,0,1,0,0,0,medio_baixo
3,10000.0,6,0.8333333333333334,2,3,1,0,0,0,1,1,1,0,0,0,0,alto
8,10000.0,3,1.0,4,3,1,1,0,0,1,0,1,1,0,0,0,medio_alto
4,10000.0,2,0.5,1,2,1,0,0,0,1,0,0,1,0,0,0,baixo
3,150000.0,115,0.7217391304347827,9,2,1,0,0,0,1,0,1,0,0,0,0,medio_baixo
1,10000.0,2,1.0,6,3,1,0,0,0,1,0,0,1,0,1,0,medio_baixo
8,35000.0,327,0.9480122324159022,1,3,1,0,0,0,1,0,0,0,0,0,1,alto
8,35000.0,290,0.8068965517241379,1,4,1,0,0,0,1,0,0,1,1,0,1,medio_baixo
4,10000.0,0,0.0,1,2,1,0,0,0,1,0,0,0,0,0,1,baixo
7,10000.0,17,0.6470588235294118,1,5,1,0,1,0,1,1,0,1,0,1,0,baixo
2,10000.0,12,0.75,1,5,1,0,0,0,1,1,0,1,0,0,0,medio_baixo
1,10000.0,0,0.0,4,3,1,0,0,0,1,1,0,0,0,0,1,medio_baixo
9,10000.0,29,0.5172413793103449,1,1,1,0,0,0,1,0,0,0,0,0,0,gratuito
5,10000.0,21,1.0,4,3,1,0,0,0,1,1,1,0,0,0,0,medio_baixo
4,10000.0,39,0.9487179487179487,1,4,1,0,0,0,1,1,0,0,0,1,0,gratuito
1,10000.0,0,0.0,1,3,1,0,0,0,1,0,1,0,1,0,0,alto
6,350000.0,1721,0.937245787332946,2,4,1,0,0,0,0,1,0,0,1,1,1,baixo
6,10000.0,0,0.0,2,2,1,1,1,0,0,0,0,1,0,0,1,medio_baixo
2,35000.0,1,1.0,1,2,1,1,0,0,1,0,1,0,0,0,0,medio_alto
1,0.0,0,0.0,0,0,1,0,0,0,0,0,0,0,0,0,0,gratuito
6,10000.0,25,0.72,1,5,1,0,0,0,1,1,1,0,0,1,0,gratuito
1,0.0,0,0.0,0,0,1,0,0,0,0,0,0,0,0,0,0,gratuito
4,0.0,0,0.0,1,1,1,0,0,0,0,1,0,0,0,0,0,gratuito
11,35000.0,192,0.5364583333333334,1,3,1,0,0,0,1,1,0,0,0,0,1,medio_alto
3,0.0,0,0.0,0,0,1,0,0,0,0,0,0,0,0,0,0,gratuito
1,10000.0,0,0.0,1,1,1,0,0,0,0,0,0,0,1,0,0,medio_baixo
6,1500000.0,11884,0.886317738135308,7,4,1,0,0,0,0,1,0,1,1,0,0,gratuito
2,10000.0,3,1.0,1,2,1,0,1,0,1,0,0,1,0,0,0,alto
7,10000.0,31,0.6774193548387096,1,4,1,0,0,0,1,1,1,0,0,0,0,alto
5,10000.0,16,0.875,103,2,1,0,0,0,1,0,0,1,0,0,0,baixo
3,10000.0,89,0.7640449438202247,14,4,1,0,0,0,1,0,0,1,0,1,1,baixo
2,0.0,0,0.0,0,0,1,0,0,0,0,0,0,0,0,0,0,gratuito
10,35000.0,192,0.671875,11,2,1,0,0,0,1,0,1,0,0,0,0,medio_alto
2,10000.0,4,0.5,13,6,1,0,0,0,1,0,0,1,1,1,1,medio_baixo
3,10000.0,38,0.5789473684210527,1,4,1,0,0,0,1,1,0,0,0,0,1,baixo
2,35000.0,1415,0.9166077738515901,13,3,1,0,0,0,1,0,0,0,0,0,1,alto
9,10000.0,4,1.0,1,5,1,1,1,0,1,0,1,1,1,0,0,baixo
7,10000.0,8,0.875,1,4,1,0,0,0,1,0,0,1,0,0,1,gratuito
2,10000.0,2,1.0,6,4,1,0,0,0,1,1,0,1,0,0,0,gratuito
1,0.0,0,0.0,1,3,1,0,0,0,1,0,0,1,1,0,0,alto
4,10000.0,0,0.0,1,3,1,0,0,0,1,0,1,1,0,0,0,alto
3,10000.0,0,0.0,1,1,1,1,1,0,1,0,0,0,0,0,0,alto
6,10000.0,41,0.6097560975609756,3,3,1,0,0,0,1,0,1,0,0,0,1,medio_alto
4,10000.0,0,0.0,2,2,1,0,1,0,1,0,0,1,0,0,0,baixo
9,10000.0,22,0.6818181818181818,1,3,1,1,1,0,1,0,1,0,1,0,0,medio_baixo
3,10000.0,3,0.0,1,6,1,0,0,0,1,1,1,1,1,1,0,baixo
6,10000.0,0,0.0,1,6,1,0,0,0,1,1,1,1,0,0,1,medio_alto
4,10000.0,0,0.0,1,2,1,0,0,0,1,0,0,1,0,0,0,medio_alto
2,10000.0,0,0.0,3,2,1,0,0,0,0,1,0,0,0,0,1,medio_alto
3,10000.0,44,0.4772727272727273,1,4,1,0,0,0,1,0,0,0,0,1,1,alto
2,10000.0,115,0.7391304347826086,9,2,1,0,0,0,1,0,0,0,0,1,0,alto
8,10000.0,10,0.8,1,3,1,0,0,0,1,0,0,1,0,1,0,baixo
5,0.0,0,0.0,0,0,1,0,0,0,0,0,0,0,0,0,0,gratuito
2,10000.0,89,0.6629213483146067,3,2,1,0,0,0,1,0,0,0,1,0,0,alto
6,10000.0,38,0.8421052631578947,1,4,1,0,0,0,1,1,0,1,0,0,0,gratuito
1,0.0,0,0.0,8,4,1,0,0,0,1,1,0,1,0,0,0,gratuito
6,10000.0,9,0.7777777777777778,11,5,1,0,0,0,1,1,1,0,1,0,0,alto
10,10000.0,531,0.711864406779661,1,3,1,1,0,2,1,0,1,0,0,1,0,alto
1,35000.0,956,0.9456066945606695,1,3,1,0,0,1,1,0,1,0,1,0,0,alto
9,10000.0,7,0.8571428571428571,2,2,1,1,1,0,1,0,0,0,0,1,0,medio_alto
4,10000.0,0,0.0,1,2,1,0,0,0,1,0,0,1,0,0,0,gratuito
2,10000.0,224,0.6160714285714286,20,6,1,0,0,0,1,1,1,1,1,0,1,medio_baixo
6,10000.0,6,0.8333333333333334,12,1,1,1,1,0,0,0,1,0,0,0,0,medio_baixo
4,35000.0,9,1.0,1,2,1,0,1,0,1,1,0,0,0,0,0,baixo
9,10000.0,102,0.5882352941176471,1,5,1,0,0,0,1,1,0,1,0,1,1,baixo
2,10000.0,27,1.0,1,3,1,0,0,0,1,0,1,1,0,0,0,medio_baixo
2,10000.0,0,0.0,1,2,1,0,0,0,0,0,0,0,0,1,0,gratuito
4,0.0,0,0.0,2,2,1,0,0,0,0,0,1,0,0,0,0,gratuito
6,10000.0,86,0.7558139534883721,1,3,1,0,0,0,1,0,0,0,0,1,1,medio_baixo
2,10000.0,0,0.0,1,1,1,0,0,0,0,0,0,1,0,0,0,medio_baixo
2,35000.0,1,0.0,29,1,1,0,0,0,0,0,0,1,0,0,0,baixo
9,10000.0,33,0.7272727272727273,1,2,1,0,0,0,1,1,0,0,0,0,0,medio_alto
3,75000.0,1348,0.6572700296735905,17,3,1,0,0,0,1,0,0,0,0,1,1,alto
4,750000.0,11160,0.8237455197132616,16,2,1,0,0,19,0,0,0,1,0,0,1,alto
2,0.0,0,0.0,0,0,1,0,0,0,0,0,0,0,0,0,0,gratuito
1,0.0,0,0.0,4,2,1,0,0,0,0,0,0,1,0,0,1,medio_baixo
10,10000.0,2,1.0,1,1,1,0,0,0,1,0,0,0,0,0,0,alto
5,10000.0,22,0.7272727272727273,1,3,1,0,0,0,1,0,0,1,0,1,0,baixo
1,0.0,0,0.0,1,6,1,0,0,0,1,1,0,0,1,1,1,medio_alto
5,10000.0,16,0.9375,4,3,1,0,0,0,1,0,1,1,0,0,0,medio_alto
7,10000.0,16,0.875,29,1,1,0,0,0,1,0,0,0,0,0,0,baixo
1,10000.0,5,1.0,2,3,1,0,0,0,1,0,0,1,0,0,1,medio_baixo
9,10000.0,5,0.2,1,3,1,0,0,0,1,0,0,0,1,0,0,alto
7,75000.0,13,0.5384615384615384,2,3,1,0,0,0,1,0,0,0,0,1,0,gratuito
2,10000.0,32,1.0,1,2,1,1,0,0,1,0,0,0,0,1,0,medio_alto
2,0.0,0,0.0,103,1,1,0,0,0,0,0,0,1,0,0,0,baixo
5,0.0,0,0.0,0,0,1,0,0,0,0,0,0,0,0,0,0,gratuito
5,10000.0,6,0.6666666666666666,1,2,1,0,0,0,1,0,0,1,0,0,0,baixo
4,10000.0,37,0.7297297297297297,1,1,1,1,1,0,0,1,0,0,0,0,0,medio_alto
1,10000.0,0,0.0,6,3,1,1,1,1,1,0,0,1,0,1,0,medio_alto
1,0.0,0,0.0,2,3,1,0,0,0,0,0,0,1,1,0,0,gratuito
14,350000.0,781,0.7912932138284251,10,3,1,0,0,1,1,1,0,1,0,0,0,medio_baixo
3,0.0,0,0.0,0,0,1,0,0,0,0,0,0,0,0,0,0,gratuito
1,0.0,0,0.0,1,5,1,0,0,0,1,1,1,1,0,0,0,medio_alto
1,10000.0,33,0.8787878787878788,1,6,1,1,0,0,1,0,1,1,0,1,0,gratuito
1,0.0,0,0.0,0,0,1,0,0,0,0,0,0,0,0,0,0,gratuito
1,0.0,0,0.0,12,5,1,0,0,0,1,1,1,1,0,0,1,medio_baixo
8,10000.0,27,0.48148148148148145,11,5,1,0,0,0,1,1,1,0,0,0,1,alto
2,10000.0,5,1.0,2,3,1,0,0,0,1,0,0,0,0,1,1,alto
1,35000.0,1202,0.9608985024958403,1,3,1,1,0,0,0,0,0,0,0,1,1,alto
3,35000.0,49,0.8775510204081632,103,3,1,0,0,0,0,1,1,1,0,0,0,baixo
7,10000.0,108,0.8981481481481481,8,3,1,1,0,0,1,0,1,1,0,0,0,medio_baixo
2,0.0,0,0.0,0,0,1,0,0,0,0,0,0,0,0,0,0,gratuito
1,0.0,0,0.0,1,2,1,1,0,0,0,0,0,0,0,0,0,gratuito
1,10000.0,0,0.0,1,2,1,0,0,0,0,1,0,0,0,0,0,alto
5,10000.0,3,1.0,1,3,1,0,0,0,1,0,1,0,1,0,0,baixo
4,10000.0,2,0.5,1,2,1,0,0,1,0,0,1,1,0,0,0,baixo
4,0.0,0,0.0,1,3,1,0,0,0,0,1,1,0,0,0,0,gratuito
1,0.0,0,0.0,2,2,1,0,0,0,0,0,0,1,0,1,0,gratuito
1,0.0,0,0.0,3,4,1,0,0,0,1,0,1,1,0,1,0,medio_baixo
1,0.0,0,0.0,1,2,1,0,0,0,0,0,0,0,0,0,0,gratuito
6,0.0,0,0.0,0,0,1,0,0,0,0,0,0,0,0,0,0,gratuito
3,10000.0,0,0.0,103,4,1,1,0,0,1,1,1,1,0,0,0,baixo
3,10000.0,0,0.0,1,3,1,0,0,0,1,0,1,0,0,0,1,medio_baixo
10,750000.0,5811,0.7718120805369127,1,3,1,0,0,1,1,1,0,0,0,0,0,gratuito
3,10000.0,3,0.6666666666666666,1,3,1,0,1,0,1,0,1,0,1,0,0,alto
7,10000.0,26,0.5384615384615384,1,4,1,0,0,0,1,1,0,1,0,0,0,gratuito
3,350000.0,4820,0.9518672199170124,11,2,1,0,0,0,1,0,0,0,0,0,1,alto
16,750000.0,12431,0.8828734615075216,5,1,1,0,0,1,0,0,0,0,0,1,0,medio_baixo
4,10000.0,8,0.875,1,3,1,0,0,0,1,0,0,0,1,1,0,gratuito
2,0.0,0,0.0,1,2,1,0,0,0,0,0,0,0,0,1,0,gratuito
4,10000.0,0,0.0,1,2,1,0,0,2,1,0,0,1,0,0,0,baixo
1,10000.0,0,0.0,19,2,1,0,0,1,1,0,0,1,0,0,0,medio_alto
4,10000.0,0,0.0,1,1,1,0,0,0,0,0,0,1,0,0,0,medio_alto
4,10000.0,10,1.0,1,3,1,1,1,0,0,1,1,1,0,0,0,gratuito
7,10000.0,0,0.0,1,4,1,0,0,0,1,1,0,0,0,0,1,alto
11,35000.0,282,0.975177304964539,16,6,1,1,0,0,1,1,1,1,1,0,1,medio_baixo
3,10000.0,2,1.0,2,2,1,0,0,0,1,1,0,0,0,0,0,baixo
8,150000.0,333,0.4804804804804805,11,1,1,1,0,0,0,0,0,0,0,0,1,gratuito
2,10000.0,174,0.6839080459770115,11,2,1,0,0,0,1,0,0,0,0,1,0,alto
6,10000.0,81,0.7530864197530864,1,3,1,0,0,0,1,1,1,0,0,0,0,alto
7,10000.0,18,0.2222222222222222,1,3,1,0,0,2,1,1,1,0,0,0,0,baixo
8,10000.0,10,0.4,2,4,1,0,0,0,0,0,1,0,0,1,0,gratuito
7,35000.0,269,0.758364312267658,2,2,1,0,0,0,1,0,0,0,1,0,0,medio_alto
6,10000.0,10,0.9,2,3,1,0,1,1,1,0,1,0,0,0,1,medio_alto
1,0.0,0,0.0,0,0,1,0,0,0,0,0,0,0,0,0,0,gratuito
4,10000.0,9,1.0,1,1,1,0,0,0,0,0,0,0,0,1,0,medio_alto
6,10000.0,48,0.9791666666666666,1,3,1,1,1,0,1,0,1,1,0,0,0,baixo
8,10000.0,0,0.0,2,2,1,0,0,0,0,1,0,0,0,1,0,alto
5,0.0,0,0.0,29,5,1,0,0,0,1,1,0,1,0,0,0,gratuito
3,10000.0,26,0.5384615384615384,1,2,1,0,0,2,0,1,1,0,0,0,0,alto
13,150000.0,373,0.6246648793565683,10,6,1,1,1,6,0,0,0,0,0,0,0,alto
6,10000.0,0,0.0,1,2,1,0,0,0,1,0,0,1,0,0,0,baixo
1,0.0,0,0.0,1,2,1,0,0,0,1,0,0,1,0,0,0,medio_baixo
2,10000.0,0,0.0,16,4,1,0,0,3,1,1,0,1,0,0,0,gratuito
2,0.0,0,0.0,103,2,1,0,0,0,0,0,0,0,0,0,1,gratuito
2,10000.0,0,0.0,1,5,1,0,0,0,0,1,1,0,1,1,0,gratuito
9,10000.0,5,0.4,1,3,1,0,0,0,1,1,0,0,0,1,0,medio_alto
4,10000.0,5,1.0,2,3,1,0,0,0,1,1,1,0,0,0,0,baixo
3,10000.0,14,0.9285714285714286,13,2,1,0,1,0,1,0,0,1,0,0,0,medio_alto
8,10000.0,17,0.6470588235294118,1,3,1,0,1,1,1,1,0,0,0,0,0,gratuito
16,1500000.0,0,0.0,1,1,1,0,0,0,0,1,0,0,0,0,0,medio_baixo
12,35000.0,60,0.75,2,1,1,0,0,0,0,0,0,1,0,0,0,medio_baixo
4,35000.0,485,0.3463917525773196,2,4,1,0,0,2,0,0,0,0,0,1,1,alto
2,0.0,0,0.0,30,3,1,0,0,0,0,0,0,1,1,0,1,medio_baixo
2,10000.0,63,0.8412698412698413,4,4,1,0,0,0,1,0,1,1,0,1,0,medio_baixo
16,350000.0,700,0.5528571428571428,2,1,1,0,0,1,0,0,0,0,0,1,0,medio_alto
2,0.0,0,0.0,1,3,1,0,0,0,0,0,0,1,0,0,0,gratuito
2,10000.0,5,0.4,1,2,1,0,0,0,0,0,1,0,0,1,0,alto
1,10000.0,0,0.0,7,1,1,0,1,0,0,0,0,1,0,0,0,baixo
4,0.0,0,0.0,0,0,1,0,0,0,0,0,0,0,0,0,0,gratuito
2,0.0,0,0.0,0,0,1,0,0,0,0,0,0,0,0,0,0,gratuito
2,350000.0,1119,0.7917783735478106,9,4,1,1,1,1,1,1,0,1,1,0,0,alto
5,10000.0,81,0.7160493827160493,13,4,1,0,0,0,0,1,0,0,1,1,0,gratuito
2,10000.0,50,0.9,2,4,1,0,0,0,1,1,1,0,1,0,0,medio_baixo
2,10000.0,170,0.8764705882352941,1,2,1,1,1,1,0,0,0,1,0,0,1,medio_baixo
5,10000.0,11,0.7272727272727273,4,1,1,0,0,0,0,0,0,1,0,0,0,medio_alto
10,35000.0,200,0.755,1,3,1,1,1,1,1,1,0,0,1,0,0,medio_alto
6,10000.0,103,0.8058252427184466,1,4,1,0,0,0,1,0,1,1,0,0,1,medio_alto
7,10000.0,33,0.9696969696969697,1,2,1,0,1,2,1,1,0,0,0,0,0,baixo
7,10000.0,0,0.0,1,2,1,0,0,0,1,1,0,0,0,0,0,baixo
1,35000.0,479,0.9394572025052192,10,2,1,1,0,0,1,0,0,0,0,1,0,alto
9,10000.0,6,0.6666666666666666,1,5,1,0,0,0,0,1,1,1,1,0,0,alto
3,0.0,0,0.0,0,0,1,0,0,0,0,0,0,0,0,0,0,gratuito
2,0.0,0,0.0,0,0,1,0,0,0,0,0,0,0,0,0,0,gratuito
7,10000.0,25,0.6,1,4,1,0,0,0,1,1,1,0,1,0,0,alto
1,0.0,0,0.0,1,4,1,0,0,0,1,1,0,0,0,1,0,medio_alto
5,10000.0,54,0.8333333333333334,3,4,1,0,0,2,1,0,0,0,1,1,1,alto
5,10000.0,18,1.0,1,3,1,0,0,1,1,0,1,1,0,0,0,medio_baixo
15,150000.0,335,0.8059701492537313,1,1,1,0,0,0,0,0,0,0,0,1,0,baixo
7,10000.0,26,0.8076923076923077,1,5,1,0,0,0,1,0,0,1,0,1,1,baixo
5,10000.0,12,0.8333333333333334,1,2,1,0,0,0,0,0,1,1,0,0,0,medio_alto
6,150000.0,852,0.9049295774647887,1,2,1,0,0,0,0,0,1,0,0,0,0,gratuito
2,10000.0,43,0.6511627906976745,1,4,1,0,0,0,1,0,1,1,1,0,0,medio_baixo
4,35000.0,1,1.0,2,1,1,0,0,0,0,0,0,0,0,1,0,alto
2,10000.0,0,0.0,1,5,1,0,0,0,1,1,0,1,0,1,0,medio_baixo
2,10000.0,0,0.0,1,3,1,1,1,0,1,0,1,1,0,0,0,baixo
3,10000.0,0,0.0,3,5,1,0,0,0,0,1,1,1,0,1,0,medio_alto
1,0.0,0,0.0,1,3,1,1,1,0,1,0,0,1,0,0,0,gratuito
3,75000.0,342,0.7134502923976608,2,2,1,0,0,0,0,0,0,1,0,1,0,medio_alto
1,35000.0,194,0.6649484536082474,3,3,1,0,0,0,1,1,1,0,0,0,0,baixo
1,0.0,0,0.0,1,3,1,0,0,0,1,0,0,0,1,0,0,gratuito
3,350000.0,980,0.8948979591836734,2,2,1,1,0,0,1,0,0,0,1,0,0,medio_baixo
4,0.0,0,0.0,1,2,1,0,0,0,1,0,1,0,0,0,0,gratuito
3,10000.0,13,0.8461538461538461,1,5,1,0,0,0,1,0,0,1,0,0,1,gratuito
8,10000.0,21,0.7142857142857143,1,1,1,0,0,0,0,0,0,0,0,0,1,medio_baixo
2,10000.0,56,0.9107142857142857,7,2,1,0,0,0,1,0,0,1,0,0,0,alto
3,0.0,0,0.0,1,3,1,0,0,0,1,0,1,0,0,0,0,gratuito
4,35000.0,764,0.8219895287958116,4,3,1,0,0,6,0,1,1,0,1,0,0,alto
10,10000.0,28,0.42857142857142855,1,2,1,0,0,0,1,1,0,0,0,0,0,medio_alto
1,0.0,0,0.0,0,0,1,0,0,0,0,0,0,0,0,0,0,gratuito
8,10000.0,158,0.9113924050632911,1,3,1,0,0,0,1,0,0,0,0,0,0,alto
7,10000.0,3,1.0,1,4,1,0,0,0,1,1,0,1,0,1,0,medio_baixo
2,10000.0,6,1.0,1,2,1,0,0,0,0,1,0,1,0,0,0,medio_alto
1,10000.0,7,0.5714285714285714,1,3,1,0,0,0,1,1,1,0,0,0,0,medio_baixo
3,10000.0,4,0.75,1,1,1,0,0,0,0,0,0,0,1,0,0,medio_alto
8,10000.0,1,0.0,1,2,1,0,0,0,1,0,0,0,0,1,0,baixo
1,0.0,0,0.0,0,0,1,0,0,0,0,0,0,0,0,0,0,gratuito
1,0.0,0,0.0,0,0,1,0,0,0,0,0,0,0,0,0,0,gratuito
1,0.0,0,0.0,8,3,1,1,0,0,1,0,1,0,0,0,0,gratuito
6,35000.0,547,0.5137111517367459,5,1,1,1,0,15,0,0,0,1,0,0,0,medio_alto
3,10000.0,1,0.0,1,1,1,0,0,0,0,0,1,0,0,0,0,medio_alto
4,0.0,0,0.0,1,4,1,0,0,1,1,1,0,0,0,0,0,gratuito
2,0.0,0,0.0,0,0,1,0,0,0,0,0,0,0,0,0,0,gratuito
1,0.0,0,0.0,1,3,1,0,0,0,1,0,0,1,0,0,1,medio_baixo
1,10000.0,0,0.0,31,4,1,0,0,0,1,0,0,1,0,1,1,baixo
5,10000.0,36,0.5555555555555556,4,2,1,0,0,0,0,1,0,0,1,0,0,medio_baixo
2,0.0,0,0.0,9,3,1,1,0,0,1,0,1,0,0,0,0,gratuito
1,0.0,0,0.0,0,0,1,0,0,0,0,0,0,0,0,0,0,gratuito
4,10000.0,4,1.0,1,4,1,0,0,0,1,0,1,1,0,0,1,medio_baixo
2,10000.0,0,0.0,1,6,1,0,0,0,0,1,0,1,1,1,1,baixo
5,10000.0,12,1.0,1,1,1,0,0,0,0,0,0,1,0,0,0,medio_baixo
8,10000.0,1,1.0,1,2,1,1,0,2,0,1,1,0,0,0,0,medio_baixo
7,10000.0,2,0.5,1,2,1,0,0,0,1,0,1,0,0,0,0,medio_alto
3,10000.0,7,0.5714285714285714,6,2,1,0,0,0,0,1,1,0,0,0,0,baixo
4,35000.0,17,0.8823529411764706,1,4,1,0,1,1,1,0,1,0,1,0,0,gratuito
1,10000.0,0,0.0,1,2,1,1,0,0,0,0,0,1,1,0,0,alto
6,10000.0,42,0.5952380952380952,1,7,1,0,0,0,1,1,1,0,1,0,1,alto
7,10000.0,8,1.0,1,1,1,0,0,0,0,1,0,0,0,0,0,gratuito
4,0.0,0,0.0,94,4,1,1,1,1,1,0,0,1,0,1,1,baixo
3,35000.0,269,0.8438661710037175,8,4,1,0,0,0,1,0,0,1,0,1,1,medio_alto
7,10000.0,1,1.0,1,2,1,0,0,0,1,0,0,1,0,0,0,baixo
6,10000.0,37,0.5945945945945946,1,3,1,1,1,0,0,0,0,0,0,0,0,medio_alto
11,10000.0,40,0.875,1,3,1,0,0,0,1,1,1,0,0,0,0,baixo
1,10000.0,0,0.0,24,2,1,1,1,0,1,0,0,0,0,0,1,medio_alto
8,10000.0,29,0.7931034482758621,6,3,1,0,0,1,0,1,0,0,0,1,0,medio_baixo
1,10000.0,3,0.6666666666666666,1,2,1,0,0,0,0,1,1,0,0,0,0,baixo
3,10000.0,12,1.0,3,4,1,1,0,0,1,1,1,1,0,0,0,alto
11,10000.0,21,0.38095238095238093,1,2,1,0,0,0,1,0,0,1,0,0,0,medio_baixo
3,10000.0,65,0.6615384615384615,16,2,1,1,1,0,1,1,0,0,0,0,0,medio_alto
2,10000.0,0,0.0,8,3,1,0,0,0,0,0,1,1,0,0,1,medio_baixo
2,0.0,0,0.0,1,3,1,0,0,0,0,0,0,1,0,0,1,gratuito
4,0.0,0,0.0,29,3,1,0,0,0,0,0,1,1,0,0,1,baixo
3,10000.0,12,0.8333333333333334,12,5,1,1,1,0,1,0,0,1,0,0,1,baixo
2,10000.0,7,1.0,1,3,1,0,0,0,1,1,0,0,1,0,0,medio_baixo
1,0.0,0,0.0,0,0,1,0,0,0,0,0,0,0,0,0,0,gratuito
11,150000.0,2573,0.9047804119704626,12,2,1,0,0,0,0,0,1,0,0,0,0,medio_alto
2,10000.0,143,0.7622377622377622,7,5,1,0,0,1,1,1,0,0,1,1,1,alto
1,10000.0,12,1.0,2,3,1,0,0,0,1,0,0,1,0,1,0,medio_baixo
2,10000.0,90,0.6333333333333333,18,3,1,0,0,0,0,1,1,0,1,0,0,medio_baixo
2,10000.0,2,1.0,5,4,1,0,0,0,1,1,1,0,1,0,0,medio_baixo
4,0.0,0,0.0,0,0,1,0,0,0,0,0,0,0,0,0,0,gratuito
3,10000.0,0,0.0,2,3,1,0,0,0,1,0,0,1,0,1,0,baixo
9,10000.0,47,0.6808510638297872,2,3,1,0,0,0,1,0,0,1,0,1,0,baixo
4,10000.0,9,0.7777777777777778,1,3,1,1,0,0,1,1,0,0,0,1,0,medio_baixo
3,10000.0,0,0.0,1,3,1,1,1,0,1,0,1,1,0,0,0,baixo
3,10000.0,61,0.9508196721311475,1,3,1,0,0,0,1,0,0,1,0,1,0,medio_baixo
4,10000.0,1,1.0,1,2,1,0,0,0,0,1,0,1,0,0,0,medio_alto
1,0.0,0,0.0,5,4,1,0,0,0,1,1,0,1,0,0,0,medio_baixo
3,10000.0,14,1.0,2,3,1,0,0,0,1,0,0,1,0,1,0,baixo
5,10000.0,36,0.4166666666666667,2,4,1,0,0,0,1,0,0,0,0,1,1,alto
6,10000.0,1,1.0,1,3,1,0,0,0,1,1,0,1,0,0,0,baixo
8,10000.0,24,0.7083333333333334,1,3,1,1,1,0,1,0,1,1,0,0,0,gratuito
5,35000.0,2,0.0,1,5,1,0,0,0,0,1,1,1,0,0,0,medio_alto
3,0.0,0,0.0,0,0,1,0,0,0,0,0,0,0,0,0,0,gratuito
6,10000.0,32,0.875,9,3,1,1,1,0,1,1,0,0,0,0,0,alto
6,10000.0,31,0.7741935483870968,3,5,1,0,0,0,1,1,1,1,0,0,0,alto
2,35000.0,234,0.8846153846153846,2,4,1,1,0,2,1,0,1,1,0,1,0,alto
4,10000.0,0,0.0,1,3,1,0,0,0,1,0,0,1,0,0,0,baixo
5,0.0,0,0.0,0,0,1,0,0,0,0,0,0,0,0,0,0,gratuito
2,0.0,0,0.0,2,5,1,1,0,0,1,0,1,1,0,1,0,gratuito
3,0.0,0,0.0,1,1,1,1,0,0,0,0,1,0,0,0,0,gratuito
9,10000.0,20,0.8,2,3,1,0,0,1,1,0,1,1,0,0,0,baixo
1,0.0,0,0.0,1,4,1,0,0,0,1,0,0,1,1,0,1,medio_baixo
1,0.0,0,0.0,1,2,1,0,0,0,1,0,1,0,0,0,0,medio_alto
7,10000.0,8,0.25,1,2,1,1,0,0,1,0,0,1,0,0,0,medio_alto
1,10000.0,0,0.0,1,4,1,1,0,0,0,1,0,1,0,0,0,gratuito
7,10000.0,9,0.3333333333333333,1,3,1,0,1,0,1,0,1,1,0,0,0,baixo
8,10000.0,1,1.0,1,2,1,1,1,0,1,0,0,1,0,0,0,medio_alto
6,10000.0,9,0.7777777777777778,1,5,1,0,0,0,1,1,1,0,0,0,0,baixo
1,10000.0,0,0.0,1,3,1,0,0,0,1,1,1,0,0,0,0,medio_alto
3,10000.0,27,0.7777777777777778,103,3,1,0,0,0,1,0,0,1,0,0,1,baixo
3,0.0,0,0.0,0,0,1,0,0,0,0,0,0,0,0,0,0,gratuito
10,10000.0,20,0.65,1,2,1,0,0,0,1,1,0,0,0,0,0,medio_baixo
1,0.0,0,0.0,1,1,1,0,0,0,1,0,0,0,0,0,0,medio_alto
8,10000.0,72,0.8333333333333334,3,2,1,0,0,0,1,0,1,0,0,0,0,baixo
2,10000.0,0,0.0,1,1,1,0,0,0,0,0,0,0,1,0,0,medio_baixo
2,0.0,0,0.0,0,0,1,0,0,0,0,0,0,0,0,0,0,gratuito
4,10000.0,2,1.0,1,3,1,0,0,0,1,1,1,0,0,0,0,medio_alto
1,0.0,0,0.0,3,3,1,1,1,0,1,0,1,0,0,1,0,medio_alto
11,150000.0,1344,0.6339285714285714,5,2,1,1,0,1,1,0,1,0,0,0,0,alto
9,10000.0,97,0.6804123711340206,1,2,1,0,0,0,0,0,0,1,0,0,0,gratuito
2,10000.0,82,0.9390243902439024,11,2,1,1,1,0,1,0,1,0,0,0,0,medio_alto
1,10000.0,4,1.0,1,3,1,0,0,0,0,0,0,0,0,0,0,medio_baixo
4,10000.0,10,0.6,1,3,1,0,0,0,0,0,0,0,0,0,1,alto
4,10000.0,6,0.5,2,3,1,0,0,0,1,0,0,1,0,0,1,medio_baixo
5,10000.0,15,0.8,2,4,1,0,0,0,1,0,0,1,0,0,1,medio_alto
9,35000.0,775,0.7212903225806452,4,1,1,0,0,26,0,1,0,0,0,0,0,alto
12,10000.0,57,0.49122807017543857,5,3,1,0,0,0,1,1,1,0,0,0,0,alto
4,10000.0,2,1.0,1,3,1,1,1,1,1,0,1,1,0,0,0,medio_alto
1,0.0,0,0.0,1,2,1,0,0,0,1,0,1,0,0,0,0,medio_alto
8,10000.0,262,0.9770992366412213,7,2,1,1,1,1,1,1,0,0,0,0,0,medio_alto
3,10000.0,132,0.6590909090909091,8,3,1,1,0,0,0,0,0,0,0,0,0,alto
6,0.0,0,0.0,0,0,1,0,0,0,0,0,0,0,0,0,0,gratuito
2,10000.0,3,1.0,5,3,1,0,0,0,1,1,1,0,0,0,0,medio_alto
3,10000.0,1,1.0,1,1,1,0,0,0,0,0,1,0,0,0,0,medio_alto
2,10000.0,38,1.0,1,3,1,0,0,0,1,1,1,0,0,0,0,medio_baixo
1,10000.0,0,0.0,1,2,1,0,0,0,1,0,0,1,0,0,0,medio_baixo
2,10000.0,0,0.0,1,1,1,0,0,0,0,0,0,1,0,0,0,medio_baixo
7,75000.0,175,0.7885714285714286,103,2,1,0,1,0,1,0,0,1,0,0,0,baixo
1,10000.0,0,0.0,13,4,1,0,1,0,1,1,0,1,1,0,0,medio_alto
1,0.0,0,0.0,1,6,1,0,0,0,1,1,1,0,1,1,0,gratuito
6,10000.0,8,0.75,1,5,1,0,0,0,1,0,0,1,0,1,1,gratuito
1,10000.0,0,0.0,1,3,1,0,0,0,1,0,1,0,0,0,0,gratuito
2,10000.0,0,0.0,14,5,1,0,0,0,0,0,1,1,1,1,1,gratuito
1,10000.0,0,0.0,10,2,1,0,0,0,1,0,0,0,0,0,1,medio_alto
1,35000.0,136,0.5808823529411765,2,2,1,0,0,0,0,1,0,0,0,0,0,alto
2,10000.0,0,0.0,1,2,1,0,0,0,1,1,0,0,0,0,0,alto
1,10000.0,0,0.0,7,4,1,0,0,1,1,1,1,0,0,0,1,alto
5,35000.0,405,0.9185185185185185,9,3,1,0,0,0,1,1,1,0,0,0,0,alto
2,0.0,0,0.0,0,0,1,0,0,0,0,0,0,0,0,0,0,gratuito
1,0.0,0,0.0,103,2,1,0,0,0,1,0,0,1,0,0,0,baixo
5,10000.0,18,0.8888888888888888,1,3,1,0,0,0,1,0,1,1,0,0,0,alto
6,10000.0,8,0.125,3,1,1,0,0,0,0,0,0,1,0,0,0,baixo
1,10000.0,0,0.0,7,2,1,1,1,0,1,0,0,1,0,0,0,baixo
7,10000.0,13,0.46153846153846156,10,2,1,0,0,1,1,0,1,0,0,0,0,medio_baixo
9,35000.0,50,0.68,1,2,1,0,0,1,1,0,1,0,0,0,0,baixo
8,35000.0,328,0.8323170731707317,1,5,1,0,0,0,1,1,0,0,0,0,1,alto
5,10000.0,6,0.6666666666666666,1,4,1,0,0,0,1,0,0,1,0,1,1,baixo
6,75000.0,38,0.8157894736842105,1,1,1,0,0,0,0,0,0,0,0,1,0,baixo
2,10000.0,6,1.0,1,1,1,0,0,0,1,0,0,0,0,0,0,medio_alto
1,10000.0,0,0.0,27,2,1,1,1,0,1,0,0,0,0,0,1,baixo
11,10000.0,32,0.3125,1,4,1,0,0,0,1,1,1,0,1,0,0,alto
3,10000.0,13,0.9230769230769231,2,2,1,0,0,0,0,0,0,0,0,0,0,alto
6,10000.0,4,0.5,2,2,1,0,0,0,1,0,1,0,0,0,0,medio_baixo
7,75000.0,318,0.9025157232704403,1,2,1,0,0,0,1,0,1,0,0,0,0,gratuito
1,10000.0,0,0.0,1,3,1,1,0,0,1,0,1,1,0,0,0,alto
3,10000.0,6,0.8333333333333334,1,2,1,0,0,0,1,0,1,0,0,0,0,medio_baixo
1,10000.0,0,0.0,1,4,1,0,0,0,1,1,1,0,0,0,1,medio_baixo
8,10000.0,16,0.6875,14,2,1,0,0,0,1,0,0,1,0,0,0,baixo
7,75000.0,489,0.8220858895705522,29,10,1,1,1,0,1,1,1,1,1,1,1,gratuito
1,0.0,0,0.0,0,0,1,0,0,0,0,0,0,0,0,0,0,gratuito
9,350000.0,870,0.6942528735632184,10,4,1,0,0,0,0,1,0,0,0,1,0,gratuito
2,0.0,0,0.0,1,2,1,0,0,0,0,0,1,0,0,0,0,gratuito
14,150000.0,237,0.6286919831223629,1,1,1,0,0,0,0,0,0,0,0,1,0,medio_baixo
2,10000.0,1,0.0,1,4,1,0,0,0,1,1,1,1,0,0,0,medio_baixo
4,10000.0,17,0.8235294117647058,1,1,1,0,0,0,0,1,0,0,0,0,0,alto
5,10000.0,14,0.5,10,4,1,0,0,0,1,1,0,0,0,1,0,gratuito
3,10000.0,0,0.0,1,1,1,0,0,0,0,0,0,0,0,0,1,medio_baixo
11,150000.0,776,0.44458762886597936,11,2,1,1,1,0,0,0,1,1,0,0,0,baixo
17,350000.0,899,0.8843159065628476,14,2,1,1,1,0,1,0,0,1,0,0,0,medio_alto
2,10000.0,4,1.0,1,4,1,0,0,0,1,1,0,0,1,0,0,medio_baixo
1,0.0,0,0.0,103,2,1,0,0,0,1,1,0,0,0,0,0,medio_baixo
2,10000.0,1,0.0,1,2,1,0,0,0,0,0,1,1,0,0,0,medio_baixo
1,10000.0,52,0.8461538461538461,8,2,1,0,0,0,1,0,0,1,0,0,0,medio_baixo
2,10000.0,7,0.7142857142857143,7,2,1,0,0,0,1,0,1,0,0,0,0,baixo
3,0.0,0,0.0,0,0,1,0,0,0,0,0,0,0,0,0,0,gratuito
12,750000.0,26924,0.951901649086317,3,2,1,0,0,4,1,0,0,1,0,0,0,medio_baixo
4,10000.0,13,0.7692307692307693,1,5,1,0,0,0,0,1,1,0,1,1,0,alto
12,75000.0,1275,0.9066666666666666,1,3,1,0,0,0,1,1,0,0,1,0,0,baixo
4,10000.0,74,0.5675675675675675,1,3,1,0,0,0,0,0,1,0,1,0,0,alto
2,10000.0,0,0.0,2,3,1,0,0,0,1,1,0,1,0,0,0,baixo
7,350000.0,3387,0.7756126365515206,10,1,1,0,0,0,0,1,0,0,0,0,0,medio_alto
2,10000.0,4,1.0,1,3,1,0,0,0,1,0,0,0,1,1,0,medio_alto
3,0.0,0,0.0,1,4,1,0,0,0,1,1,0,1,1,0,0,gratuito
3,35000.0,1,0.0,1,2,1,0,0,0,1,1,0,0,0,0,0,medio_alto
8,10000.0,9,1.0,1,1,1,0,0,0,1,0,0,0,0,0,0,gratuito
6,10000.0,0,0.0,3,2,1,0,0,4,1,0,1,0,0,0,0,medio_alto
3,10000.0,0,0.0,2,3,1,0,0,0,1,0,1,1,0,0,0,medio_alto
10,10000.0,81,0.8641975308641975,1,2,1,0,0,0,1,0,0,0,0,0,1,alto
2,10000.0,0,0.0,9,4,1,0,0,0,1,0,0,1,1,0,1,medio_baixo
10,10000.0,9,0.3333333333333333,1,3,1,0,0,0,1,1,0,0,0,0,0,medio_alto
2,10000.0,0,0.0,12,3,1,1,1,0,1,0,0,1,0,1,0,baixo
7,10000.0,0,0.0,1,2,1,0,0,0,1,1,0,0,0,0,0,medio_alto
4,0.0,0,0.0,1,1,1,0,0,0,0,1,0,0,0,0,0,gratuito
1,0.0,0,0.0,1,5,1,1,0,0,1,1,1,1,0,0,1,alto
3,10000.0,0,0.0,13,3,1,0,0,9,0,0,0,1,0,0,1,gratuito
1,10000.0,15,0.7333333333333333,1,4,1,0,0,0,0,0,1,1,1,0,1,medio_alto
7,10000.0,1,1.0,2,2,1,0,0,0,0,0,0,0,0,1,1,alto
1,10000.0,3,1.0,6,2,1,0,0,0,1,0,0,1,0,0,0,baixo
4,10000.0,0,0.0,1,2,1,1,1,0,1,0,0,1,0,0,0,medio_baixo
3,10000.0,6,1.0,2,1,1,0,0,0,0,0,1,0,0,0,0,alto
2,10000.0,7,0.7142857142857143,11,6,1,0,0,0,1,0,1,1,0,0,1,baixo
2,10000.0,21,1.0,6,1,1,0,0,0,1,0,0,0,0,0,0,baixo
1,10000.0,0,0.0,1,3,1,0,0,0,0,1,1,1,0,0,0,medio_baixo
5,10000.0,2,1.0,1,4,1,0,0,0,1,0,0,1,0,1,1,medio_baixo
2,10000.0,0,0.0,1,4,1,0,0,0,1,1,0,1,0,0,1,medio_alto
2,35000.0,338,0.863905325443787,4,2,1,0,0,0,1,0,1,0,0,0,0,alto
4,10000.0,0,0.0,1,1,1,0,0,0,0,0,0,0,0,0,0,baixo
5,10000.0,27,0.8888888888888888,1,2,1,0,0,0,1,0,0,1,0,0,0,medio_baixo
1,0.0,0,0.0,2,2,1,0,0,8,0,0,0,1,0,0,0,gratuito
5,10000.0,18,0.8888888888888888,3,4,1,0,0,0,1,0,0,0,1,1,0,alto
2,10000.0,16,1.0,6,2,1,1,1,0,1,0,0,1,0,0,0,medio_baixo
1,10000.0,0,0.0,15,4,1,0,0,0,1,1,1,1,0,0,0,medio_alto
1,10000.0,0,0.0,1,1,1,0,0,1,0,1,0,0,0,0,0,alto
4,10000.0,15,0.9333333333333333,1,1,1,0,0,0,0,0,1,0,0,0,0,baixo
7,10000.0,86,0.8255813953488372,1,1,1,0,0,0,0,0,0,0,0,0,0,gratuito
18,10000.0,38,0.6578947368421053,4,1,1,0,0,0,0,0,0,1,0,0,0,medio_baixo
1,10000.0,0,0.0,10,4,1,0,0,0,1,1,1,1,0,0,0,medio_alto
4,0.0,0,0.0,1,3,1,0,0,0,1,1,0,0,0,0,0,gratuito
1,10000.0,36,0.75,1,2,1,0,0,1,1,0,0,0,1,0,0,baixo
2,0.0,0,0.0,0,0,1,0,0,0,0,0,0,0,0,0,0,gratuito
2,10000.0,1,1.0,1,2,1,0,1,0,0,1,0,0,0,0,0,medio_alto
2,35000.0,36,0.8055555555555556,6,3,1,0,0,0,1,0,1,0,0,0,0,medio_alto
5,10000.0,78,0.717948717948718,1,4,1,0,0,0,1,0,0,1,0,1,1,medio_baixo
6,75000.0,2485,0.6317907444668008,4,2,1,0,0,0,1,1,0,0,0,0,0,medio_baixo
8,10000.0,7,1.0,6,3,1,0,0,0,1,0,0,1,0,1,0,medio_baixo
10,10000.0,12,0.5,1,3,1,0,0,0,1,1,0,0,0,0,0,baixo
1,0.0,0,0.0,3,1,1,0,0,0,0,0,0,1,0,0,0,medio_baixo
1,0.0,0,0.0,0,0,1,0,0,0,0,0,0,0,0,0,0,gratuito
1,0.0,0,0.0,1,3,1,1,1,0,1,0,1,0,1,0,0,alto
9,35000.0,88,0.7386363636363636,1,2,1,0,0,1,1,0,0,0,1,0,0,gratuito
3,10000.0,8,0.875,27,2,1,0,1,0,1,0,0,1,0,0,0,alto
3,10000.0,0,0.0,13,4,1,0,0,0,1,1,1,1,0,0,0,baixo
2,10000.0,124,0.9032258064516129,2,4,1,0,0,0,1,1,0,1,0,1,0,alto
2,10000.0,19,1.0,1,4,1,1,0,0,1,0,1,1,1,0,0,baixo
3,10000.0,262,0.6908396946564885,18,3,1,0,0,1,1,1,1,0,0,0,0,medio_alto
13,1500000.0,35678,0.9785862436235215,1,3,1,0,0,0,0,1,1,1,0,0,0,medio_alto
12,75000.0,415,0.9325301204819277,1,2,1,1,0,0,1,0,0,1,0,0,0,gratuito
8,10000.0,6,0.6666666666666666,1,3,1,1,1,0,1,0,1,0,1,0,0,medio_alto
1,0.0,0,0.0,1,2,1,0,1,0,1,1,0,0,0,0,0,baixo
1,10000.0,0,0.0,1,4,1,1,0,0,1,1,0,0,1,0,0,alto
4,10000.0,79,0.9873417721518988,1,4,1,1,0,1,1,1,1,0,1,0,0,medio_alto
2,10000.0,1,0.0,13,5,1,0,0,0,1,1,0,1,1,1,0,medio_baixo
2,10000.0,0,0.0,18,5,1,1,1,0,1,0,1,1,1,0,1,baixo
8,10000.0,198,0.41919191919191917,3,2,1,0,0,1,0,1,0,0,0,1,0,medio_baixo
2,10000.0,8,0.625,1,2,1,0,0,0,1,0,0,0,1,0,0,baixo
1,10000.0,0,0.0,10,2,1,0,0,0,0,1,0,0,0,0,0,alto
6,10000.0,12,0.5833333333333334,1,4,1,1,0,0,1,1,0,1,0,1,0,baixo
7,10000.0,1,1.0,2,2,1,0,0,0,1,0,1,0,0,0,0,medio_alto
2,10000.0,0,0.0,2,1,1,0,0,0,0,1,0,0,0,0,0,baixo
8,10000.0,0,0.0,1,4,1,0,0,0,1,1,0,0,0,0,0,alto
1,0.0,0,0.0,1,6,1,0,0,0,1,0,0,0,1,1,1,gratuito
4,10000.0,2,0.5,8,2,1,0,0,0,0,0,0,0,0,0,0,alto
8,10000.0,20,0.75,1,4,1,0,1,0,1,1,1,1,0,0,0,baixo
3,10000.0,6,0.5,17,1,1,0,0,0,0,0,0,1,0,0,0,medio_baixo
6,10000.0,60,0.8,29,6,1,0,0,0,1,1,1,1,0,0,1,gratuito
1,35000.0,2,0.0,7,3,1,0,0,0,1,1,1,0,0,0,0,medio_baixo
5,10000.0,477,0.8574423480083857,7,4,1,1,0,1,1,1,1,0,1,0,0,medio_baixo
1,35000.0,177,0.7853107344632768,11,2,1,0,0,0,0,0,0,1,0,1,0,medio_alto
5,75000.0,9,0.7777777777777778,1,3,1,0,1,0,0,0,0,1,0,0,0,baixo
1,0.0,0,0.0,1,3,1,0,0,0,1,0,0,1,0,0,0,gratuito
3,35000.0,11,0.8181818181818182,8,2,1,0,0,0,1,0,1,0,0,0,0,baixo
8,10000.0,40,0.75,1,2,1,0,0,0,1,0,0,0,1,0,0,gratuito
5,10000.0,4,0.5,2,2,1,0,0,0,0,0,0,1,0,1,0,baixo
2,10000.0,0,0.0,1,3,1,0,0,0,1,1,0,1,0,0,0,medio_baixo
2,0.0,0,0.0,0,0,1,0,0,0,0,0,0,0,0,0,0,gratuito
10,10000.0,5,0.6,1,2,1,0,0,0,1,0,0,0,0,0,0,alto
5,75000.0,15,0.7333333333333333,103,3,1,0,0,0,1,0,0,1,0,0,1,baixo
7,10000.0,3,0.6666666666666666,1,2,1,0,0,0,1,0,1,0,0,0,0,baixo
11,35000.0,75,0.6,1,2,1,1,0,0,1,0,1,0,0,0,0,baixo
5,75000.0,329,0.8571428571428571,6,2,1,1,0,0,1,0,0,0,0,0,1,medio_alto
8,35000.0,126,0.7063492063492064,1,6,1,0,0,0,0,1,1,0,1,1,0,medio_alto
11,10000.0,46,0.2391304347826087,2,3,1,0,1,0,1,0,0,0,0,1,1,baixo
11,75000.0,136,0.6323529411764706,1,3,1,0,0,0,1,1,0,0,0,0,0,gratuito
3,0.0,0,0.0,0,0,1,0,0,0,0,0,0,0,0,0,0,gratuito
8,10000.0,10,0.6,1,2,1,0,0,0,1,0,0,0,0,0,0,gratuito
5,10000.0,14,0.9285714285714286,10,2,1,0,0,0,1,1,0,0,0,0,0,medio_baixo
5,10000.0,81,0.9012345679012346,1,3,1,0,0,0,1,1,0,0,1,0,0,medio_alto
6,10000.0,13,0.8461538461538461,1,4,1,0,0,0,1,1,0,1,0,1,0,medio_baixo
5,10000.0,19,0.9473684210526315,1,2,1,0,0,0,1,0,0,1,0,0,0,medio_baixo
1,10000.0,0,0.0,6,4,1,0,0,0,1,0,0,1,0,1,1,alto
6,150000.0,1542,0.9377431906614786,1,3,1,1,0,2,1,0,1,0,0,0,1,alto
9,10000.0,19,0.3684210526315789,2,3,1,0,0,0,0,0,1,1,0,0,0,medio_alto
1,10000.0,0,0.0,7,1,1,1,1,0,0,0,1,0,0,0,0,medio_alto
2,10000.0,0,0.0,7,1,1,0,0,0,0,0,0,0,0,0,1,medio_alto
5,35000.0,209,0.8564593301435407,10,1,1,0,0,22,0,0,0,0,0,1,0,medio_alto
5,10000.0,40,0.625,3,2,1,0,0,0,1,1,0,0,0,0,0,gratuito
4,10000.0,0,0.0,1,4,1,0,0,0,1,0,0,1,0,0,1,baixo
6,10000.0,20,0.8,1,3,1,0,0,0,1,1,0,0,0,0,0,gratuito
2,10000.0,1,1.0,10,2,1,0,0,0,1,0,0,0,0,1,0,alto
1,10000.0,0,0.0,2,2,1,0,0,0,1,0,0,1,0,0,0,baixo
6,10000.0,29,0.8620689655172413,1,3,1,0,1,0,1,1,1,0,0,0,0,baixo
4,10000.0,15,1.0,13,4,1,1,1,0,1,0,1,1,0,1,0,medio_alto
7,10000.0,4,0.5,2,4,1,0,0,0,1,0,1,1,1,0,0,medio_alto
4,10000.0,4,0.75,1,4,1,0,0,0,1,1,1,1,0,0,0,baixo
1,0.0,0,0.0,7,5,1,0,0,0,1,1,1,0,1,1,0,baixo
1,0.0,0,0.0,0,0,1,0,0,0,0,0,0,0,0,0,0,gratuito
4,35000.0,134,0.7835820895522388,1,3,1,0,0,0,1,1,1,0,0,0,0,medio_baixo
6,10000.0,0,0.0,2,3,1,0,1,0,1,0,1,1,0,0,0,baixo
5,10000.0,8,1.0,3,3,1,0,0,0,1,1,1,0,0,0,0,medio_alto
6,10000.0,41,0.975609756097561,1,3,1,0,0,0,1,1,1,0,0,0,0,medio_alto
5,10000.0,14,1.0,2,3,1,0,0,0,1,0,0,1,0,1,0,medio_baixo
8,35000.0,158,0.6645569620253164,1,3,1,0,0,0,1,0,1,0,0,0,1,medio_baixo
4,10000.0,6,0.8333333333333334,1,5,1,0,0,0,1,1,1,1,0,0,0,baixo
1,0.0,0,0.0,1,7,1,0,0,0,1,1,0,1,1,1,1,alto
8,10000.0,39,0.1282051282051282,1,5,1,1,0,1,1,0,1,1,0,1,1,medio_baixo
4,10000.0,55,0.8727272727272727,1,1,1,0,0,0,0,0,0,0,0,0,0,gratuito
7,150000.0,79,0.6962025316455697,5,3,1,0,0,0,1,1,1,0,0,0,0,baixo
5,10000.0,0,0.0,1,2,1,0,0,2,1,0,0,1,0,0,0,baixo
4,10000.0,8,0.375,2,2,1,0,0,0,1,0,0,0,0,0,1,baixo
4,0.0,0,0.0,1,5,1,0,0,0,1,1,1,1,0,0,0,gratuito
1,0.0,0,0.0,1,3,1,0,0,0,1,0,0,0,1,0,0,gratuito
6,10000.0,7,0.8571428571428571,1,3,1,0,0,0,1,0,0,1,1,0,0,baixo
1,10000.0,0,0.0,1,6,1,0,0,0,0,0,0,1,0,0,0,gratuito
2,10000.0,8,1.0,1,2,1,0,0,0,1,1,0,0,0,0,0,medio_baixo
1,10000.0,0,0.0,30,3,1,0,0,0,1,1,0,1,0,0,0,baixo
6,35000.0,1471,0.8701563562202583,1,3,1,0,0,2,0,0,0,0,1,1,1,alto
2,10000.0,29,0.9655172413793104,2,2,1,0,0,1,1,0,0,0,0,0,1,alto
9,150000.0,260,0.5230769230769231,1,4,1,0,0,0,1,0,1,1,0,0,1,baixo
7,10000.0,1,1.0,1,2,1,0,0,0,0,1,0,1,0,0,0,medio_alto
4,35000.0,4,0.5,28,6,1,0,0,0,1,1,1,1,1,1,0,alto
9,10000.0,12,0.5833333333333334,1,2,1,1,0,0,0,1,1,0,0,0,0,medio_baixo
2,10000.0,1,1.0,1,3,1,0,0,0,0,0,0,0,0,1,1,alto
8,150000.0,335,0.7701492537313432,4,1,1,0,0,0,0,1,0,0,0,0,0,medio_alto
10,35000.0,126,0.9761904761904762,2,2,1,0,0,2,1,1,0,0,0,0,0,alto
4,10000.0,59,0.7288135593220338,2,2,1,1,1,0,1,0,0,0,0,0,1,baixo
2,0.0,0,0.0,0,0,1,0,0,0,0,0,0,0,0,0,0,gratuito
1,10000.0,3,0.6666666666666666,3,2,1,0,1,0,1,0,0,1,0,0,0,baixo
1,0.0,0,0.0,1,2,1,0,0,0,0,1,0,0,0,0,0,alto
1,10000.0,0,0.0,2,2,1,0,0,0,0,1,1,0,0,0,0,medio_alto
1,0.0,0,0.0,0,0,1,0,0,0,0,0,0,0,0,0,0,gratuito
1,10000.0,0,0.0,1,1,1,0,0,0,1,0,0,0,0,0,0,medio_baixo
2,75000.0,422,0.9004739336492891,10,3,1,0,0,3,1,1,1,0,0,0,0,alto
8,10000.0,2,0.5,1,2,1,0,0,0,1,0,0,1,0,0,0,alto
9,10000.0,33,0.3939393939393939,17,2,1,0,0,0,0,0,0,1,0,0,1,medio_baixo
3,10000.0,0,0.0,1,4,1,1,1,0,1,0,1,1,0,0,1,baixo
2,10000.0,0,0.0,30,6,1,0,0,0,1,1,1,1,1,1,0,alto
1,10000.0,0,0.0,1,2,1,0,0,0,1,1,0,0,0,0,0,medio_baixo
1,10000.0,0,0.0,1,4,1,0,0,0,1,1,0,1,0,0,0,medio_baixo
9,10000.0,18,0.5,1,2,1,0,0,0,1,0,0,0,0,0,1,medio_baixo
11,150000.0,246,0.6300813008130082,1,3,1,0,0,0,1,0,1,0,1,0,0,alto
1,0.0,0,0.0,9,2,1,1,1,0,1,0,0,1,0,0,0,baixo
4,350000.0,996,0.7931726907630522,6,2,1,1,0,0,1,0,0,0,0,1,0,alto
5,10000.0,15,0.6,1,2,1,0,0,0,1,0,0,1,0,0,0,medio_alto
8,10000.0,63,0.7142857142857143,2,3,1,0,0,0,1,1,1,0,0,0,0,gratuito
1,10000.0,0,0.0,2,3,1,0,0,0,1,0,1,1,0,0,0,alto
5,35000.0,4,0.5,1,1,1,0,0,0,0,0,0,1,0,0,0,baixo
9,350000.0,1363,0.7087307410124725,7,1,1,0,0,0,0,0,0,0,0,0,0,gratuito
5,10000.0,3,0.3333333333333333,1,3,1,0,0,0,0,0,0,0,0,0,0,alto
9,10000.0,50,0.82,1,3,1,0,0,0,1,1,0,1,0,0,0,medio_baixo
4,0.0,0,0.0,1,3,1,0,0,0,0,1,0,1,0,0,0,gratuito
2,0.0,0,0.0,0,0,1,0,0,0,0,0,0,0,0,0,0,gratuito
2,10000.0,4,0.5,1,5,1,0,0,0,1,1,1,0,0,0,0,alto
11,350000.0,4763,0.7526768843166072,5,4,1,1,1,3,1,0,1,0,1,1,0,medio_baixo
2,10000.0,0,0.0,1,4,1,1,0,0,1,1,0,0,0,0,1,baixo
4,350000.0,12421,0.7363336285323243,11,6,1,0,0,0,1,1,1,1,0,1,1,medio_alto
1,0.0,0,0.0,0,0,1,0,0,0,0,0,0,0,0,0,0,gratuito
1,0.0,0,0.0,0,0,1,0,0,0,0,0,0,0,0,0,0,gratuito
2,0.0,0,0.0,1,2,1,0,0,0,0,0,0,0,1,0,0,gratuito
1,0.0,0,0.0,1,2,1,0,0,0,1,1,0,0,0,0,0,medio_alto
2,10000.0,0,0.0,1,3,1,0,0,0,0,1,0,1,0,0,0,gratuito
1,10000.0,0,0.0,1,2,1,1,1,1,1,0,0,1,0,0,0,alto
2,10000.0,8,0.75,3,7,1,0,0,0,1,0,0,1,0,0,1,baixo
2,10000.0,7,0.7142857142857143,4,2,1,0,0,1,0,0,1,1,0,0,0,medio_baixo
2,35000.0,2,1.0,1,3,1,0,0,0,1,1,0,0,0,0,0,medio_baixo
9,10000.0,155,0.9548387096774194,3,2,1,0,0,1,0,0,1,1,0,0,0,medio_alto
3,10000.0,15,0.5333333333333333,2,2,1,0,0,0,1,0,0,1,0,0,0,medio_alto
7,35000.0,55,0.9090909090909091,1,4,1,0,0,0,0,0,0,1,0,0,1,gratuito
5,75000.0,113,0.8761061946902655,22,6,1,0,0,1,1,1,1,0,1,0,1,baixo
11,10000.0,37,0.4594594594594595,11,3,1,1,0,0,0,1,0,0,1,0,0,medio_alto
5,10000.0,2,1.0,1,2,1,0,0,0,1,1,0,0,0,0,0,medio_baixo
11,75000.0,324,0.8333333333333334,1,3,1,1,0,0,1,0,1,1,0,0,0,baixo
3,10000.0,1,1.0,1,2,1,0,1,0,0,0,1,1,0,0,0,alto
5,350000.0,154,0.922077922077922,103,1,1,0,0,1,0,0,0,1,0,0,0,baixo
5,35000.0,14,0.5714285714285714,1,4,1,0,0,0,1,0,1,1,0,0,0,medio_alto
5,10000.0,0,0.0,1,1,1,0,0,0,0,0,1,0,0,0,0,baixo
2,10000.0,5,0.8,2,3,1,0,0,0,1,0,1,1,0,0,0,baixo
1,35000.0,7,0.2857142857142857,9,3,1,0,0,0,1,1,0,0,1,0,0,medio_alto
3,10000.0,0,0.0,2,3,1,1,1,1,1,0,1,0,0,0,0,alto
2,0.0,0,0.0,1,4,1,0,0,0,1,1,1,0,0,0,0,gratuito
2,10000.0,230,0.6565217391304348,1,3,1,0,0,0,1,1,1,0,0,0,0,medio_alto
5,10000.0,15,0.8666666666666667,1,5,1,0,0,0,1,1,1,1,1,0,0,baixo
4,10000.0,0,0.0,3,3,1,0,0,0,1,0,1,0,1,0,0,medio_baixo
13,350000.0,1659,0.7625075346594334,13,3,1,1,1,1,1,0,0,1,0,0,1,baixo
2,10000.0,2,1.0,8,2,1,0,0,0,1,0,0,1,0,0,0,baixo
2,75000.0,2793,0.9530970282849982,10,4,1,0,0,1,1,1,1,1,0,0,0,medio_baixo
3,10000.0,7,1.0,1,2,1,0,0,7,1,0,1,0,0,0,0,baixo
6,10000.0,4,0.75,1,1,1,0,0,0,0,0,0,0,0,0,0,medio_alto
3,0.0,0,0.0,0,0,1,0,0,0,0,0,0,0,0,0,0,gratuito
9,10000.0,18,0.7222222222222222,1,3,1,1,0,0,1,1,0,1,0,0,0,medio_baixo
1,10000.0,2,1.0,1,4,1,0,0,0,1,1,0,1,0,0,0,alto
6,35000.0,141,0.22695035460992907,5,6,1,0,0,0,0,1,1,1,1,0,0,gratuito
6,10000.0,4,0.75,1,3,1,0,0,0,1,1,1,0,0,0,0,baixo
2,0.0,0,0.0,1,3,1,0,0,0,0,0,0,1,0,0,1,gratuito
2,0.0,0,0.0,1,2,1,1,0,0,0,0,1,0,0,0,0,gratuito
1,10000.0,0,0.0,1,2,1,0,0,0,1,0,0,1,0,0,0,baixo
5,10000.0,0,0.0,1,2,1,0,0,2,1,0,0,1,0,0,0,baixo
1,10000.0,10,1.0,1,3,1,1,1,1,1,1,1,0,0,0,0,alto
2,10000.0,8,0.75,2,3,1,0,0,0,1,0,0,1,0,0,0,medio_baixo
5,10000.0,3,0.0,2,2,1,0,0,0,1,0,0,1,0,0,0,baixo
4,350000.0,2734,0.9283101682516459,8,2,1,1,0,3,1,0,0,0,0,1,0,alto
2,10000.0,0,0.0,4,4,1,0,0,0,1,0,1,0,1,1,0,medio_alto
3,10000.0,5,1.0,1,4,1,0,0,0,1,1,0,0,0,1,1,medio_baixo
1,10000.0,5,1.0,8,2,1,0,0,0,1,0,0,1,0,0,0,medio_alto
10,10000.0,41,0.926829268292683,1,3,1,0,0,1,1,1,1,0,0,0,0,medio_baixo
2,10000.0,4,1.0,1,3,1,1,0,0,1,1,0,0,0,1,0,alto
1,10000.0,0,0.0,1,1,1,0,0,0,0,0,0,1,0,0,0,alto
2,10000.0,0,0.0,2,1,1,0,0,0,1,0,0,0,0,0,0,alto
7,10000.0,29,1.0,2,2,1,0,0,0,1,0,0,0,0,1,0,gratuito
11,35000.0,244,0.9467213114754098,2,2,1,1,1,0,1,0,0,1,0,0,0,medio_alto
5,10000.0,0,0.0,1,3,1,0,0,0,1,0,0,1,0,0,1,medio_baixo
8,10000.0,15,0.4666666666666667,1,4,1,0,0,0,0,0,0,0,0,0,1,medio_baixo
4,10000.0,44,0.9318181818181818,1,2,1,0,0,0,0,0,0,0,1,0,1,baixo
11,10000.0,36,0.8055555555555556,5,3,1,0,0,0,1,1,1,0,0,0,0,medio_baixo
2,0.0,0,0.0,2,3,1,0,0,0,1,0,1,0,0,0,0,gratuito
8,10000.0,24,0.9583333333333334,1,3,1,0,0,0,1,0,0,1,0,0,1,medio_alto
11,10000.0,70,0.5285714285714286,5,2,1,1,1,1,1,0,1,0,0,0,0,alto
3,10000.0,20,0.95,3,3,1,0,0,0,1,1,0,1,0,0,0,medio_alto
1,10000.0,1,1.0,1,2,1,1,1,0,0,0,1,0,1,0,0,medio_alto
10,10000.0,47,0.3617021276595745,1,1,1,1,0,0,0,0,0,0,0,1,0,alto
3,10000.0,2,1.0,1,3,1,0,0,0,0,1,0,0,0,1,0,medio_baixo
1,0.0,0,0.0,0,0,1,0,0,0,0,0,0,0,0,0,0,gratuito
2,10000.0,1,0.0,11,3,1,0,1,0,1,1,0,0,1,0,0,medio_baixo
1,10000.0,1,1.0,1,2,1,0,0,0,1,0,0,1,0,0,0,medio_alto
1,10000.0,0,0.0,6,2,1,0,0,1,0,0,0,0,0,1,1,alto
3,0.0,0,0.0,9,6,1,0,0,1,1,1,1,1,0,0,0,gratuito
1,0.0,0,0.0,0,0,1,0,0,0,0,0,0,0,0,0,0,gratuito
9,35000.0,76,0.631578947368421,3,3,1,0,0,0,1,1,1,0,0,0,0,baixo
6,10000.0,25,0.52,14,2,1,0,0,0,1,0,0,1,0,0,0,baixo
1,0.0,0,0.0,0,0,1,0,0,0,0,0,0,0,0,0,0,gratuito
12,75000.0,459,0.7363834422657952,1,3,1,0,0,0,1,1,0,0,0,0,0,medio_baixo
6,10000.0,14,0.7142857142857143,1,4,1,0,0,0,1,0,0,1,0,1,0,gratuito
1,0.0,0,0.0,0,0,1,0,0,0,0,0,0,0,0,0,0,gratuito
1,0.0,0,0.0,0,0,1,0,0,0,0,0,0,0,0,0,0,gratuito
1,0.0,0,0.0,1,2,1,0,0,0,0,0,0,0,1,0,0,gratuito
2,10000.0,24,0.9583333333333334,1,1,1,0,0,0,1,0,0,0,0,0,0,baixo
7,75000.0,335,0.8208955223880597,1,3,1,1,1,1,1,0,0,1,0,0,0,gratuito
3,10000.0,99,0.8888888888888888,2,2,1,1,1,0,0,1,1,0,0,0,0,alto
5,10000.0,27,0.9629629629629629,1,2,1,1,0,0,1,0,0,1,0,0,0,gratuito
2,10000.0,236,0.7923728813559322,1,7,1,0,0,23,1,1,1,1,0,1,0,alto
3,0.0,0,0.0,0,0,1,0,0,0,0,0,0,0,0,0,0,gratuito
2,10000.0,6,0.8333333333333334,1,2,1,0,0,0,1,1,0,0,0,0,0,baixo
2,10000.0,2,0.5,1,3,1,0,0,0,1,0,0,1,0,1,0,baixo
4,10000.0,17,0.8823529411764706,1,2,1,0,0,0,1,1,0,0,0,0,0,alto
5,10000.0,0,0.0,3,2,1,0,0,5,1,0,0,1,0,0,0,baixo
11,35000.0,569,0.9015817223198594,2,2,1,0,0,2,0,0,0,0,0,1,1,alto
6,10000.0,14,0.7142857142857143,1,3,1,1,1,1,1,0,1,1,0,0,0,baixo
8,35000.0,5,0.2,1,4,1,0,1,0,0,1,0,0,1,0,1,alto
8,10000.0,46,0.30434782608695654,1,2,1,0,0,0,1,0,0,1,0,0,0,baixo
3,10000.0,0,0.0,1,1,1,0,0,0,0,0,0,1,0,0,0,baixo
10,150000.0,4078,0.6412457086807258,1,10,1,1,0,0,1,1,1,1,1,1,1,alto
8,10000.0,21,0.38095238095238093,5,3,1,0,0,0,1,1,0,0,0,0,1,baixo
3,35000.0,253,0.8023715415019763,2,2,1,0,1,1,1,0,1,0,0,0,0,medio_alto
1,10000.0,9,1.0,1,2,1,0,0,0,0,1,0,1,0,0,0,baixo
1,10000.0,24,0.875,5,2,1,1,0,0,0,1,0,1,0,0,0,medio_alto
6,350000.0,880,0.8318181818181818,8,1,1,0,0,1,1,0,0,0,0,0,0,medio_alto
3,35000.0,124,0.9274193548387096,1,6,1,0,0,0,1,1,1,0,0,1,1,baixo
4,0.0,0,0.0,0,0,1,0,0,0,0,0,0,0,0,0,0,gratuito
2,0.0,0,0.0,103,1,1,0,0,0,0,0,0,1,0,0,0,baixo
9,35000.0,83,0.8433734939759037,1,3,1,0,0,1,1,0,1,0,0,0,0,gratuito
5,10000.0,16,0.625,1,4,1,0,0,0,1,0,1,1,1,0,0,baixo
3,10000.0,18,0.4444444444444444,9,1,1,0,0,0,0,1,0,0,0,0,0,medio_alto
2,10000.0,5,0.6,2,4,1,1,1,0,0,1,1,1,0,0,1,medio_alto
2,10000.0,0,0.0,1,6,1,1,0,0,1,1,0,1,1,1,0,gratuito
2,350000.0,9739,0.8399219632405791,2,2,1,1,1,2,1,0,0,1,0,0,0,medio_baixo
6,10000.0,46,0.6956521739130435,1,5,1,0,0,0,1,0,0,1,0,1,0,gratuito
1,10000.0,0,0.0,5,1,1,1,1,0,0,0,0,1,0,0,0,alto
5,3500000.0,71223,0.8951602712606883,1,4,1,0,0,0,0,0,1,1,0,0,0,gratuito
1,10000.0,152,0.9078947368421053,1,3,1,0,0,0,1,1,0,0,0,0,1,alto
2,35000.0,4,0.5,2,5,1,0,1,2,1,1,1,0,1,1,0,medio_alto
2,35000.0,2,0.5,6,3,1,0,0,0,0,1,1,0,1,0,0,baixo
3,10000.0,27,1.0,1,2,1,0,0,2,0,0,0,0,0,0,1,gratuito
7,150000.0,959,0.5005213764337852,1,2,1,0,0,0,0,1,0,0,0,0,0,gratuito
6,35000.0,518,0.7837837837837838,9,2,1,1,0,1,1,0,1,0,0,0,0,medio_baixo
8,10000.0,18,0.7777777777777778,1,2,1,0,0,0,1,0,0,1,0,0,0,baixo
12,10000.0,105,0.8380952380952381,1,1,1,1,0,0,0,1,0,0,0,0,0,baixo
5,35000.0,10,0.9,1,1,1,0,0,0,0,0,0,1,0,0,0,gratuito
1,10000.0,0,0.0,12,3,1,0,0,0,1,0,0,1,0,1,0,medio_alto
3,10000.0,16,0.6875,6,9,1,0,0,0,1,1,1,1,1,1,1,medio_baixo
7,75000.0,1825,0.753972602739726,5,2,1,0,0,2,0,1,0,0,0,0,1,medio_baixo
9,10000.0,9,0.6666666666666666,1,3,1,0,0,0,1,0,0,0,0,0,0,gratuito
3,0.0,0,0.0,0,0,1,0,0,0,0,0,0,0,0,0,0,gratuito
10,75000.0,128,0.3671875,5,2,1,0,0,0,0,0,0,0,0,0,0,gratuito
4,10000.0,0,0.0,5,3,1,0,0,0,1,0,0,1,0,1,0,baixo
10,10000.0,32,0.84375,2,2,1,0,0,0,1,0,0,1,0,0,0,medio_alto
3,10000.0,4,0.75,3,1,1,0,0,0,1,0,0,0,0,0,0,medio_baixo
3,10000.0,8,1.0,10,2,1,0,0,0,0,0,0,1,0,0,0,gratuito
3,0.0,0,0.0,1,3,1,1,1,1,0,0,0,0,0,0,0,gratuito
1,35000.0,13,0.46153846153846156,3,4,1,0,0,0,1,0,0,1,1,1,0,medio_alto
4,10000.0,336,0.9880952380952381,5,1,1,1,1,1,0,0,1,0,0,0,0,alto
1,10000.0,7,1.0,11,2,1,0,0,0,0,1,0,0,0,1,0,baixo
3,10000.0,14,0.6428571428571429,1,5,1,0,0,0,1,0,1,1,0,0,1,baixo
5,35000.0,12,1.0,1,2,1,0,1,0,1,0,1,0,0,0,0,alto
4,35000000.0,1056677,0.9288931243890044,15,2,1,0,0,2,0,1,0,0,1,0,0,alto
2,10000.0,16,0.875,1,2,1,0,1,0,0,1,1,0,0,0,0,medio_baixo
3,10000.0,1,0.0,1,3,1,0,0,0,0,1,1,0,1,0,0,baixo
10,10000.0,5,0.4,1,2,1,1,0,0,0,1,0,0,0,1,0,alto
1,10000.0,0,0.0,7,2,1,1,1,0,1,0,0,1,0,0,0,medio_baixo
4,10000.0,3,0.0,1,3,1,0,0,0,1,0,0,1,0,1,0,alto
2,10000.0,0,0.0,1,1,1,0,0,0,0,1,0,0,0,0,0,medio_baixo
5,10000.0,143,0.7062937062937062,1,3,1,0,0,1,1,1,1,0,0,0,0,alto
5,10000.0,54,1.0,1,2,1,0,0,0,1,1,0,0,0,0,0,alto
3,10000.0,3,0.3333333333333333,1,1,1,0,0,0,0,0,0,1,0,0,0,medio_alto
8,10000.0,3,0.6666666666666666,7,3,1,1,0,0,1,0,0,1,0,1,0,medio_baixo
4,10000.0,10,0.7,1,3,1,0,0,0,1,1,0,1,0,0,0,baixo
5,75000.0,73,0.7945205479452054,7,2,1,0,0,0,1,0,1,0,0,0,0,alto
5,10000.0,27,0.7777777777777778,1,4,1,0,0,0,0,0,0,1,0,1,1,baixo
1,10000.0,0,0.0,3,2,1,0,0,0,1,0,0,1,0,0,0,medio_baixo
5,10000.0,15,0.8666666666666667,9,2,1,0,0,0,1,0,1,0,0,0,0,alto
1,0.0,0,0.0,0,0,1,0,0,0,0,0,0,0,0,0,0,gratuito
2,10000.0,1,1.0,1,2,1,0,0,0,1,0,0,1,0,0,0,baixo
10,75000.0,757,0.8295904887714664,3,2,1,0,1,0,1,0,1,0,0,0,0,medio_baixo
1,10000.0,0,0.0,1,6,1,0,0,0,1,0,0,1,1,1,1,alto
2,75000.0,4,1.0,1,3,1,0,0,0,1,0,0,1,0,1,0,baixo
9,35000.0,72,0.2638888888888889,1,3,1,1,1,0,1,1,0,1,0,0,0,baixo
5,10000.0,13,0.6923076923076923,1,4,1,0,0,0,0,1,1,1,0,0,0,medio_alto
3,35000.0,22,0.8636363636363636,1,4,1,0,0,0,1,0,1,0,0,1,0,medio_alto
8,10000.0,61,0.8688524590163934,15,2,1,1,1,1,1,0,0,1,0,0,0,alto
1,10000.0,2,1.0,1,3,1,0,0,0,1,0,0,1,0,1,0,baixo
1,10000.0,0,0.0,4,4,1,0,0,0,1,0,1,1,0,1,0,alto
6,10000.0,69,0.8695652173913043,1,1,1,1,0,0,1,0,0,0,0,0,0,medio_baixo
6,10000.0,3,0.6666666666666666,1,3,1,1,0,0,1,1,0,0,0,1,0,baixo
12,150000.0,1267,0.7782162588792423,7,1,1,0,0,0,0,0,0,0,0,1,0,medio_baixo
1,0.0,0,0.0,12,3,1,1,1,6,1,0,0,1,0,0,0,gratuito
7,10000.0,79,0.9620253164556962,2,3,1,0,0,0,1,0,0,1,0,0,1,medio_alto
12,75000.0,303,0.8646864686468647,9,2,1,0,0,0,0,0,1,1,0,0,0,baixo
8,10000.0,2,0.0,1,3,1,0,0,0,1,1,1,0,0,0,0,gratuito
3,10000.0,51,0.9803921568627451,14,3,1,0,0,0,1,1,0,1,0,0,0,alto
6,10000.0,0,0.0,1,1,1,0,0,3,0,0,1,0,0,0,0,baixo
1,10000.0,1,1.0,1,2,1,0,0,0,0,1,0,0,0,0,1,baixo
1,0.0,0,0.0,5,3,1,1,0,0,1,0,1,0,0,1,0,alto
7,10000.0,19,1.0,1,2,1,0,0,0,1,1,0,0,0,0,0,alto
5,35000.0,17,0.7647058823529411,3,3,1,0,0,0,1,1,0,1,0,0,0,medio_alto
1,10000.0,0,0.0,1,3,1,1,1,0,1,0,0,1,0,0,1,alto
1,10000.0,13,0.8461538461538461,1,3,1,0,0,0,1,1,1,0,0,0,0,alto
6,35000.0,52,0.40384615384615385,11,3,1,0,0,0,1,0,1,1,0,0,0,medio_baixo
9,10000.0,9,0.3333333333333333,1,3,1,1,1,0,1,0,1,0,1,0,0,medio_baixo
2,0.0,0,0.0,0,0,1,0,0,0,0,0,0,0,0,0,0,gratuito
2,10000.0,6,0.8333333333333334,1,5,1,0,0,0,1,0,0,1,0,1,1,medio_alto
3,10000.0,18,0.8888888888888888,1,5,1,0,0,0,1,0,1,1,1,1,0,medio_baixo
11,10000.0,10,0.9,6,2,1,1,1,0,1,0,0,1,0,0,0,medio_alto
17,35000.0,184,0.9021739130434783,2,1,1,0,0,0,0,0,1,0,0,0,0,medio_alto
1,10000.0,0,0.0,1,1,1,1,1,0,0,0,0,0,1,0,0,medio_alto
2,10000.0,0,0.0,1,2,1,0,0,0,0,0,0,0,0,1,0,alto
1,0.0,0,0.0,1,2,1,0,0,0,0,0,0,1,0,0,0,gratuito
11,10000.0,80,0.775,1,2,1,0,0,1,1,1,0,0,0,0,0,baixo
3,10000.0,33,0.9090909090909091,1,3,1,0,0,1,1,0,1,0,0,1,0,alto
8,35000.0,35,0.6,1,2,1,0,0,1,1,0,0,1,0,0,0,baixo
5,35000.0,2,0.5,1,5,1,1,1,0,1,1,1,1,1,0,0,medio_baixo
8,10000.0,14,0.9285714285714286,4,2,1,0,0,1,0,0,1,1,0,0,0,medio_baixo
1,10000.0,0,0.0,27,2,1,1,1,0,1,0,0,0,0,0,1,medio_alto
1,10000.0,5,1.0,3,1,1,0,1,0,0,0,0,1,0,0,0,baixo
3,0.0,0,0.0,7,2,1,0,0,0,0,1,0,0,0,0,0,gratuito
6,10000.0,12,0.6666666666666666,8,3,1,0,0,0,1,1,0,0,0,0,0,baixo
10,10000.0,18,0.9444444444444444,1,6,1,0,0,0,1,1,0,0,0,1,1,alto
5,350000.0,13570,0.8947678703021371,3,1,1,0,0,1,0,0,0,0,1,0,0,alto
1,10000.0,0,0.0,1,3,1,0,0,0,0,0,0,1,0,0,1,medio_alto
1,10000.0,0,0.0,30,3,1,0,0,0,1,0,1,0,0,1,0,medio_alto
3,35000.0,879,0.8930602957906713,1,2,1,0,0,1,0,0,0,0,0,1,1,alto
7,35000.0,671,0.6616989567809239,27,4,1,0,0,0,1,1,0,0,0,0,0,medio_baixo
5,10000.0,22,0.7727272727272727,10,2,1,0,0,0,1,0,0,1,0,0,0,baixo
2,10000.0,19,0.5789473684210527,10,6,1,1,0,1,1,1,1,1,1,1,0,medio_alto
3,10000.0,90,0.8333333333333334,1,3,1,0,0,0,1,0,0,1,0,1,0,medio_alto
9,10000.0,5,0.0,1,3,1,0,0,0,1,1,0,1,0,0,0,baixo
1,0.0,0,0.0,9,2,1,1,1,0,0,0,0,0,0,1,1,alto
12,750000.0,75514,0.9480626109065868,8,4,1,1,1,0,1,0,1,1,0,0,0,gratuito
1,10000.0,0,0.0,9,3,1,0,0,0,1,0,0,0,0,1,1,alto
1,10000.0,0,0.0,1,8,1,0,0,0,1,1,1,1,0,1,1,medio_alto
1,10000.0,0,0.0,1,2,1,1,1,0,1,0,0,1,0,0,0,medio_baixo
11,1500000.0,16127,0.8802009053140696,12,2,1,1,1,5,1,1,0,0,0,0,0,medio_alto
1,0.0,0,0.0,0,0,1,0,0,0,0,0,0,0,0,0,0,gratuito
1,10000.0,0,0.0,9,1,1,0,0,0,0,0,1,0,0,0,0,medio_alto
9,350000.0,491,0.670061099796334,2,4,1,0,0,0,1,1,0,0,0,0,0,gratuito
5,10000.0,15,0.6,1,6,1,0,0,0,1,0,1,0,1,1,1,baixo
1,35000.0,382,0.9476439790575916,1,5,1,0,0,2,1,0,1,1,1,1,0,alto
6,10000.0,1,0.0,15,2,1,0,0,0,0,1,0,1,0,0,0,medio_baixo
9,10000.0,8,1.0,3,2,1,1,1,0,1,0,0,1,0,0,0,medio_alto
5,10000.0,125,0.848,5,3,1,0,0,1,1,0,0,0,1,1,0,medio_alto
1,0.0,0,0.0,103,4,1,0,1,0,1,1,1,1,0,0,0,medio_alto
6,10000.0,21,0.5714285714285714,2,3,1,0,0,0,1,0,1,1,0,0,0,medio_alto
7,10000.0,187,0.8181818181818182,7,4,1,0,0,0,1,1,0,1,0,0,0,baixo
4,10000.0,0,0.0,1,1,1,0,0,0,0,0,0,1,0,0,0,baixo
1,10000.0,0,0.0,9,1,1,0,0,2,0,0,0,0,0,1,0,alto
5,0.0,0,0.0,1,4,1,0,0,0,1,1,1,0,0,0,0,gratuito
6,10000.0,7,0.42857142857142855,1,5,1,0,0,0,1,0,1,1,0,0,1,medio_baixo
7,10000.0,6,1.0,1,4,1,0,0,0,1,0,1,1,1,0,0,baixo
3,10000.0,7,0.8571428571428571,2,3,1,0,0,0,1,1,0,1,0,0,0,baixo
6,10000.0,7,0.42857142857142855,2,5,1,0,0,0,1,1,0,0,0,0,1,baixo
7,10000.0,11,0.9090909090909091,2,3,1,0,0,0,1,0,1,0,1,0,0,alto
1,10000.0,0,0.0,11,3,1,0,0,0,1,1,0,0,0,1,0,alto
9,350000.0,6849,0.7450722733245729,5,4,1,1,0,0,1,0,1,1,0,0,0,medio_baixo
11,10000.0,5,0.8,1,1,1,0,0,0,0,0,0,0,0,0,1,alto
3,10000.0,0,0.0,1,5,1,0,0,0,1,1,0,1,0,1,0,gratuito
3,35000.0,2,1.0,1,2,1,0,0,0,0,1,1,0,0,0,0,medio_baixo
4,10000.0,4,0.75,1,1,1,0,0,0,0,0,0,0,0,1,0,alto
8,10000.0,12,0.5833333333333334,1,1,1,0,0,0,0,1,0,0,0,0,0,gratuito
11,35000.0,83,0.21686746987951808,4,2,1,0,0,0,1,1,0,0,0,0,0,medio_baixo
5,10000.0,3,0.6666666666666666,1,2,1,0,0,0,1,1,0,0,0,0,0,baixo
5,10000.0,8,1.0,1,2,1,0,0,0,1,0,0,1,0,0,0,medio_alto
4,10000.0,9,0.5555555555555556,3,3,1,0,0,0,1,0,1,1,0,0,0,baixo
3,10000.0,2,0.5,1,2,1,0,0,0,1,0,0,0,1,0,0,baixo
2,10000.0,56,0.9464285714285714,12,4,1,0,0,0,1,0,0,1,0,1,1,medio_alto
5,10000.0,125,0.608,6,3,1,0,0,4,0,0,1,0,1,0,1,alto
2,0.0,0,0.0,0,0,1,0,0,0,0,0,0,0,0,0,0,gratuito
4,10000.0,0,0.0,1,4,1,1,1,0,1,0,0,1,1,0,1,alto
3,10000.0,1043,0.975071907957814,4,3,1,1,0,2,1,0,1,1,0,0,0,alto
2,10000.0,0,0.0,1,4,1,0,0,0,0,0,1,1,0,0,0,gratuito
6,75000.0,705,0.8453900709219858,1,2,1,1,0,0,1,0,0,0,0,1,0,baixo
10,7500000.0,101701,0.8474547939548284,11,1,1,1,1,7,0,0,0,0,0,1,0,medio_alto
8,10000.0,67,0.2835820895522388,1,4,1,0,0,0,1,1,1,0,0,1,0,baixo
3,0.0,0,0.0,15,5,1,0,0,1,1,1,1,1,0,0,0,gratuito
1,10000.0,0,0.0,1,4,1,0,0,0,1,1,1,1,0,0,0,medio_baixo
4,10000.0,3,0.6666666666666666,4,1,1,0,0,0,0,0,0,1,0,0,0,medio_alto
3,10000.0,0,0.0,1,4,1,0,0,0,1,0,1,0,1,1,0,medio_baixo
11,10000.0,27,0.6666666666666666,1,6,1,0,0,0,0,0,0,0,0,0,0,medio_alto
2,10000.0,4,0.5,1,2,1,0,1,0,1,0,0,1,0,0,0,medio_baixo
6,10000.0,13,1.0,10,2,1,0,0,0,1,0,0,1,0,0,0,alto
3,10000.0,103,0.9320388349514563,1,4,1,1,0,0,1,0,0,1,1,0,1,medio_baixo
2,10000.0,0,0.0,2,2,1,0,0,0,1,1,0,0,0,0,0,medio_baixo
9,10000.0,593,0.9443507588532883,3,2,1,0,0,1,1,0,1,0,0,0,0,medio_baixo
1,10000.0,0,0.0,3,2,1,0,0,0,0,0,0,1,0,0,1,medio_alto
4,350000.0,12145,0.9818855496088925,10,3,1,1,0,1,1,0,0,1,0,0,1,medio_alto
10,35000.0,44,0.6590909090909091,1,4,1,0,0,0,1,1,1,1,0,0,0,medio_baixo
2,10000.0,4,0.5,2,1,1,0,0,0,0,0,1,0,0,0,0,medio_baixo
2,10000.0,0,0.0,1,2,1,0,0,0,1,0,0,0,0,0,1,medio_alto
1,10000.0,0,0.0,2,5,1,1,1,0,1,1,1,0,1,0,0,alto
5,10000.0,14,0.8571428571428571,1,2,1,0,0,0,1,1,0,0,0,0,0,medio_alto
3,10000.0,3,1.0,1,3,1,1,1,0,1,1,0,0,1,0,0,medio_alto
2,10000.0,31,0.8709677419354839,1,2,1,0,0,1,1,0,0,0,0,1,0,medio_alto
10,75000.0,326,0.8404907975460123,2,2,1,0,0,0,1,0,0,1,0,0,0,baixo
8,10000.0,9,0.7777777777777778,2,3,1,0,0,0,1,1,0,0,0,0,0,alto
4,10000.0,5,0.6,1,7,1,0,0,0,1,1,1,1,0,1,1,medio_alto
6,35000.0,18,0.8888888888888888,1,4,1,0,0,0,0,1,0,1,0,0,1,gratuito
11,75000.0,680,0.6897058823529412,13,2,1,0,0,0,0,1,1,0,0,0,0,medio_baixo
2,10000.0,3,0.6666666666666666,1,3,1,0,0,0,1,0,1,0,1,0,0,alto
8,350000.0,5679,0.830251804895228,9,3,1,0,0,26,0,0,0,0,0,0,1,medio_alto
9,10000.0,0,0.0,1,5,1,0,0,0,1,0,1,0,1,1,0,medio_alto
1,10000.0,145,0.8896551724137931,9,3,1,0,0,2,1,1,1,0,0,0,0,medio_alto
9,10000.0,174,0.3390804597701149,2,4,1,0,0,0,1,0,1,0,1,0,0,alto
3,10000.0,10,0.8,2,3,1,0,0,0,1,1,1,0,0,0,0,medio_baixo
5,10000.0,230,0.7695652173913043,6,4,1,1,0,0,0,0,0,0,0,1,1,alto
4,10000.0,0,0.0,2,2,1,0,1,0,0,0,0,1,0,0,1,medio_baixo
8,35000.0,58,0.7241379310344828,3,3,1,0,0,0,1,0,1,0,1,0,0,medio_baixo
1,0.0,0,0.0,1,3,1,0,0,0,0,0,1,1,0,0,0,medio_baixo
6,10000.0,1,1.0,1,2,1,0,0,0,1,1,0,0,0,0,0,medio_baixo
4,10000.0,103,0.9611650485436893,1,2,1,0,0,0,1,1,0,0,0,0,0,gratuito
8,10000.0,38,0.6052631578947368,1,4,1,0,0,0,1,0,0,1,0,1,1,baixo
1,0.0,0,0.0,1,3,1,0,0,0,1,1,0,0,0,0,0,gratuito
11,10000.0,14419,0.6167556696026076,8,1,1,0,0,782,0,0,0,0,0,0,1,alto
5,10000.0,51,0.8823529411764706,2,1,1,0,1,0,0,0,0,0,0,0,1,medio_baixo
4,35000.0,138,0.7681159420289855,3,2,1,0,0,0,0,1,1,0,0,0,0,alto
7,10000.0,17,0.35294117647058826,1,4,1,0,0,0,1,1,0,0,1,0,0,medio_alto
1,10000.0,0,0.0,1,1,1,0,0,0,0,0,1,0,0,0,0,baixo
7,10000.0,32,0.78125,1,2,1,0,0,1,0,1,0,0,1,0,0,medio_alto
2,10000.0,0,0.0,1,3,1,0,0,0,1,0,1,1,0,0,0,baixo
4,10000.0,17,0.6470588235294118,6,2,1,1,0,0,0,0,0,1,0,0,1,medio_baixo
10,75000.0,339,0.7138643067846607,2,2,1,1,1,0,1,1,0,0,0,0,0,baixo
3,10000.0,14,0.7142857142857143,2,2,1,0,0,0,1,0,0,1,0,0,0,alto
3,10000.0,2,1.0,4,2,1,0,0,0,0,0,0,0,0,1,0,alto
1,10000.0,0,0.0,1,2,1,0,0,0,1,0,1,0,0,0,0,alto
6,10000.0,24,0.7083333333333334,12,4,1,0,0,5,1,1,1,1,0,0,0,alto
8,10000.0,21,0.7142857142857143,2,3,1,0,1,1,1,0,0,0,0,0,1,alto
9,75000.0,175,0.9371428571428572,1,9,1,1,1,0,1,1,1,1,0,1,1,gratuito
6,35000.0,18,0.6666666666666666,2,3,1,0,0,0,1,0,1,1,0,0,0,alto
6,10000.0,46,0.8695652173913043,11,4,1,1,1,0,1,1,0,1,0,1,0,alto
4,0.0,0,0.0,1,2,1,0,0,0,1,1,0,0,0,0,0,gratuito
2,10000.0,6,0.5,1,4,1,0,0,0,1,1,1,0,0,0,0,baixo
1,0.0,0,0.0,0,0,1,0,0,0,0,0,0,0,0,0,0,gratuito
11,10000.0,23,0.8260869565217391,1,3,1,1,0,0,1,1,0,1,0,0,0,alto
5,10000.0,91,0.6703296703296703,1,4,1,0,0,0,1,1,0,0,0,0,1,alto
5,10000.0,0,0.0,4,3,1,0,0,0,1,0,1,1,0,0,0,baixo
8,35000.0,447,0.9373601789709173,1,2,1,0,0,0,1,0,1,0,0,0,0,gratuito
3,35000.0,101,0.900990099009901,1,3,1,1,1,0,1,0,0,1,1,0,0,medio_alto
6,10000.0,15,1.0,1,1,1,1,1,1,0,0,0,0,1,0,0,medio_alto
1,0.0,0,0.0,1,3,1,0,1,0,1,0,0,0,0,0,1,gratuito
4,10000.0,65,0.676923076923077,1,4,1,0,0,0,1,1,1,0,1,0,0,baixo
1,0.0,0,0.0,0,0,1,0,0,0,0,0,0,0,0,0,0,gratuito
4,0.0,0,0.0,2,3,1,0,0,0,1,0,0,1,0,0,0,gratuito
4,10000.0,46,0.41304347826086957,103,5,1,1,1,0,1,1,1,1,0,0,1,alto
3,0.0,0,0.0,1,2,1,1,1,0,1,0,0,1,0,0,0,gratuito
1,10000.0,54,0.9259259259259259,26,4,1,0,0,0,1,0,0,1,1,0,1,medio_alto
1,10000.0,8,1.0,8,2,1,0,0,0,0,1,0,0,1,0,0,medio_alto
6,10000.0,41,1.0,1,1,1,0,0,0,0,1,0,0,0,0,0,medio_baixo
5,10000.0,1,1.0,1,3,1,0,0,0,1,1,0,1,0,0,0,medio_alto
3,10000.0,34,0.9117647058823529,2,1,1,0,0,0,1,0,0,0,0,0,0,medio_baixo
1,0.0,0,0.0,0,0,1,0,0,0,0,0,0,0,0,0,0,gratuito
5,10000.0,0,0.0,1,4,1,0,0,0,1,0,1,1,1,0,0,alto
2,10000.0,20,1.0,1,2,1,1,1,1,1,0,0,1,0,0,0,medio_baixo
1,10000.0,3,0.3333333333333333,6,4,1,0,0,0,1,1,1,0,0,1,0,baixo
1,10000.0,0,0.0,1,3,1,0,0,0,1,1,1,0,0,0,0,medio_alto
8,10000.0,4,0.0,1,5,1,0,0,0,1,1,0,0,0,1,1,medio_alto
9,10000.0,112,0.8214285714285714,1,2,1,1,1,0,1,0,1,0,0,0,0,medio_alto
11,750000.0,2955,0.5228426395939086,1,5,1,0,0,0,1,1,0,0,1,0,0,gratuito
2,0.0,0,0.0,1,2,1,0,0,0,0,0,0,0,0,0,0,gratuito
1,10000.0,0,0.0,5,2,1,0,0,1,1,0,1,0,0,0,0,alto
1,0.0,0,0.0,17,3,1,0,0,1,1,0,0,1,1,0,0,medio_alto
1,10000.0,18,1.0,1,4,1,0,0,0,1,0,1,1,1,0,0,medio_baixo
1,0.0,0,0.0,2,2,1,0,0,0,0,1,0,0,0,0,0,gratuito
3,10000.0,13,0.8461538461538461,1,2,1,0,0,0,1,1,0,0,0,0,0,alto
6,10000.0,0,0.0,1,1,1,0,0,0,0,0,0,0,1,0,0,medio_alto
9,75000.0,172,0.7790697674418605,13,3,1,1,1,0,1,0,0,1,0,0,1,baixo
3,10000.0,23,0.6521739130434783,1,2,1,0,0,0,1,1,0,0,0,0,0,baixo
3,10000.0,10,0.7,6,3,1,0,0,0,1,0,0,1,0,0,0,medio_baixo
7,10000.0,23,0.34782608695652173,1,5,1,0,0,0,1,1,1,1,0,1,0,alto
1,0.0,0,0.0,5,3,1,0,0,0,1,0,0,1,0,1,0,alto
5,10000.0,17,1.0,8,3,1,1,1,1,1,1,1,0,0,0,0,alto
2,0.0,0,0.0,1,2,1,0,0,0,0,1,0,0,0,0,0,gratuito
6,10000.0,13,0.6923076923076923,1,1,1,1,0,0,1,0,0,0,0,0,0,baixo
3,10000.0,1,1.0,1,3,1,0,0,0,1,1,1,0,0,0,0,baixo
7,10000.0,29,0.7931034482758621,1,6,1,0,0,0,1,1,1,1,1,0,0,gratuito
6,10000.0,9,0.8888888888888888,1,2,1,0,0,0,1,1,0,0,0,0,0,medio_alto
6,10000.0,6,0.3333333333333333,1,4,1,0,0,0,1,1,1,1,0,0,0,medio_baixo
6,10000.0,8,1.0,1,3,1,0,0,0,1,1,0,1,0,0,0,medio_baixo
7,350000.0,2064,0.7693798449612403,4,1,1,1,1,0,0,0,0,0,0,1,0,medio_alto
1,10000.0,484,0.9793388429752066,1,6,1,1,0,0,1,0,1,1,1,1,1,alto
5,10000.0,20,0.9,3,1,1,0,0,0,0,1,0,0,0,0,0,medio_alto
2,0.0,0,0.0,0,0,1,0,0,0,0,0,0,0,0,0,0,gratuito
2,10000.0,0,0.0,1,2,1,0,0,0,0,0,0,1,0,1,0,medio_baixo
10,10000.0,23,0.6521739130434783,1,1,1,0,0,0,1,0,0,0,0,0,0,medio_baixo
1,35000.0,18,1.0,2,3,1,0,0,0,1,1,1,0,0,0,0,medio_baixo
1,10000.0,0,0.0,1,3,1,0,0,0,0,1,0,1,0,0,1,medio_baixo
5,10000.0,18,0.7222222222222222,1,1,1,1,1,0,0,0,0,0,1,0,0,medio_alto
6,10000.0,0,0.0,5,4,1,1,0,0,1,0,0,1,1,0,1,medio_alto
8,10000.0,8,0.875,1,1,1,0,0,0,0,0,0,0,0,0,1,gratuito
6,10000.0,58,0.8448275862068966,1,2,1,0,0,0,1,0,1,0,0,0,0,medio_baixo
2,10000.0,12,0.75,1,3,1,0,0,0,1,0,0,1,0,0,0,gratuito
4,10000.0,10,0.7,1,1,1,0,0,0,0,0,0,0,0,0,0,gratuito
5,10000.0,7,0.8571428571428571,1,3,1,1,1,0,1,0,1,1,0,0,0,medio_baixo
3,0.0,0,0.0,1,2,1,0,0,0,0,1,0,0,0,0,0,gratuito
4,10000.0,0,0.0,1,2,1,0,0,0,1,0,0,1,0,0,0,baixo
2,10000.0,29,0.9310344827586207,1,3,1,0,0,1,1,1,0,1,0,0,0,medio_baixo
6,10000.0,11,0.8181818181818182,1,3,1,1,0,0,0,0,0,1,0,0,1,gratuito
3,10000.0,7,1.0,1,3,1,0,0,0,0,0,0,1,0,0,0,baixo
10,10000.0,14,0.5714285714285714,1,3,1,1,1,0,1,0,1,0,1,0,0,medio_baixo
6,10000.0,19,1.0,1,2,1,0,0,2,1,1,0,0,0,0,0,medio_alto
4,0.0,0,0.0,12,5,1,0,0,0,0,1,1,0,1,1,0,gratuito
9,10000.0,311,0.36977491961414793,10,6,1,0,0,0,1,1,1,0,0,0,0,medio_baixo
1,10000.0,13,0.9230769230769231,1,3,1,0,0,0,1,0,1,0,0,0,0,medio_alto
3,10000.0,1,1.0,3,3,1,0,0,0,1,0,1,1,0,0,0,baixo
1,10000.0,42,0.9761904761904762,12,5,1,0,0,0,0,1,1,1,0,1,0,medio_baixo
5,0.0,0,0.0,1,1,1,0,0,0,1,0,0,0,0,0,0,gratuito
4,10000.0,184,0.9184782608695652,5,4,1,0,0,0,1,0,0,1,1,1,0,baixo
5,10000.0,1,0.0,5,3,1,0,0,0,0,0,1,1,0,0,1,alto
4,35000.0,435,0.9103448275862069,1,3,1,0,0,0,1,1,1,0,0,0,0,medio_baixo
3,10000.0,7,0.7142857142857143,2,4,1,0,0,0,1,1,0,1,0,0,0,gratuito
10,10000.0,24,0.625,1,3,1,0,0,0,1,0,1,0,1,0,0,medio_alto
8,10000.0,11,0.6363636363636364,1,2,1,0,1,0,1,1,0,0,0,0,0,baixo
5,0.0,0,0.0,0,0,1,0,0,0,0,0,0,0,0,0,0,gratuito
3,10000.0,25,1.0,12,2,1,0,0,0,1,0,0,1,0,0,0,medio_baixo
1,10000.0,0,0.0,13,3,1,1,1,0,1,0,0,1,0,1,0,baixo
1,10000.0,25,0.96,9,1,1,0,0,0,0,0,0,0,0,1,0,medio_alto
3,10000.0,11,0.7272727272727273,1,1,1,0,0,0,0,1,0,0,0,0,0,baixo
9,10000.0,2,0.5,2,1,1,0,0,0,0,0,0,0,0,1,0,alto
5,10000.0,8,0.75,1,3,1,0,0,0,1,1,0,1,0,0,0,medio_alto
4,350000.0,5416,0.7278434268833087,13,3,1,0,0,3,0,1,1,0,1,0,0,medio_alto
8,10000.0,9,0.8888888888888888,20,6,1,0,1,0,1,1,1,1,0,0,1,baixo
5,10000.0,77,0.5974025974025974,1,3,1,0,0,0,1,1,1,0,0,0,0,medio_baixo
7,35000.0,21,0.9047619047619048,11,2,1,1,1,3,1,1,0,0,0,0,0,alto
3,10000.0,0,0.0,1,3,1,0,0,0,1,1,0,0,1,0,0,gratuito
2,35000.0,16,0.625,8,1,1,0,0,0,0,1,0,0,0,0,0,medio_baixo
8,10000.0,47,0.8936170212765957,1,2,1,0,0,0,1,0,0,1,0,0,0,baixo
2,10000.0,6,0.3333333333333333,2,2,1,0,0,0,1,0,1,0,0,0,0,medio_baixo
6,350000.0,1904,0.8382352941176471,102,3,1,0,0,1,1,0,0,1,0,0,0,baixo
1,10000.0,0,0.0,19,3,1,0,0,0,1,0,0,1,0,0,0,medio_baixo
2,10000.0,11,0.7272727272727273,2,0,1,0,0,0,0,0,0,0,0,0,0,alto
2,10000.0,2,0.5,1,2,1,0,0,0,1,0,1,0,0,0,0,medio_alto
4,35000.0,5,0.8,1,4,1,0,0,0,1,0,0,1,0,0,1,medio_alto
10,750000.0,4334,0.7648823257960313,6,3,1,0,0,1,0,1,0,1,0,0,1,alto
1,10000.0,15,0.9333333333333333,9,5,1,0,0,0,0,1,1,1,0,1,1,baixo
3,10000.0,35,0.9428571428571428,1,1,1,0,0,0,0,1,0,0,0,0,0,medio_baixo
3,0.0,0,0.0,0,0,1,0,0,0,0,0,0,0,0,0,0,gratuito
1,10000.0,0,0.0,15,1,1,0,1,0,0,0,0,1,0,0,0,medio_baixo
6,75000.0,456,0.6732456140350878,4,2,1,0,0,9,0,1,1,0,0,0,0,alto
2,10000.0,4,0.75,1,2,1,0,0,0,1,0,0,1,0,0,0,medio_baixo
4,10000.0,0,0.0,29,3,1,0,0,0,1,0,1,1,0,0,0,baixo
7,10000.0,6,0.8333333333333334,2,1,1,0,0,0,0,0,0,1,0,0,0,gratuito
2,0.0,0,0.0,1,3,1,0,0,0,0,1,0,1,0,0,0,gratuito
1,0.0,0,0.0,2,5,1,0,0,0,1,1,1,1,0,0,0,gratuito
8,10000.0,19,0.5263157894736842,1,6,1,0,0,0,1,1,0,1,0,0,1,medio_baixo
3,10000.0,10,1.0,1,3,1,0,0,0,1,0,1,1,0,0,0,baixo
1,10000.0,0,0.0,12,1,1,0,0,1,0,0,1,0,0,0,0,alto
4,10000.0,0,0.0,5,4,1,1,0,1,1,1,1,0,1,0,0,medio_alto
2,10000.0,1,0.0,7,2,1,0,0,0,0,1,0,1,0,0,0,medio_baixo
2,10000.0,0,0.0,1,3,1,0,1,0,1,1,1,0,0,0,0,alto
6,10000.0,5,0.4,5,4,1,0,0,0,1,1,1,1,0,0,0,medio_alto
5,0.0,0,0.0,0,0,1,0,0,0,0,0,0,0,0,0,0,gratuito
8,10000.0,2,1.0,1,1,1,0,0,0,1,0,0,0,0,0,0,medio_baixo
4,10000.0,18,1.0,1,4,1,0,1,0,1,1,0,1,0,0,0,medio_alto
1,10000.0,0,0.0,4,2,1,0,0,0,0,0,0,1,0,0,1,medio_baixo
5,10000.0,22,0.9090909090909091,2,1,1,0,0,0,0,0,0,0,0,1,0,alto
1,10000.0,5,0.8,11,6,1,1,0,0,1,1,0,1,1,0,0,gratuito
4,10000.0,8,0.875,16,1,1,0,0,0,0,0,0,0,0,0,1,gratuito
4,10000.0,128,0.7734375,2,1,1,0,0,0,1,0,0,0,0,0,0,medio_baixo
9,10000.0,8,0.5,1,3,1,0,0,0,1,1,0,1,0,0,0,medio_baixo
5,10000.0,25,0.72,67,2,1,0,0,0,1,0,0,1,0,0,0,baixo
4,0.0,0,0.0,1,4,1,0,0,0,1,0,1,1,0,0,0,gratuito
8,10000.0,53,0.5283018867924528,1,3,1,1,1,0,1,0,0,1,0,0,0,baixo
4,10000.0,8,1.0,1,2,1,0,0,0,1,0,0,1,0,0,0,medio_baixo
1,0.0,0,0.0,1,5,1,0,0,0,1,1,0,1,1,0,0,gratuito
4,10000.0,2,0.5,1,2,1,0,0,0,0,1,0,1,0,0,0,baixo
8,35000.0,81,0.9259259259259259,6,1,1,1,0,2,1,0,0,0,0,0,0,alto
7,10000.0,5,1.0,11,3,1,0,0,0,1,1,0,1,0,0,0,baixo
8,10000.0,70,0.7857142857142857,2,3,1,1,1,0,1,0,1,1,0,0,0,medio_baixo
6,10000.0,9,1.0,1,4,1,0,0,0,1,0,0,1,0,1,1,medio_baixo
2,10000.0,0,0.0,10,3,1,0,0,0,0,0,0,1,0,0,1,gratuito
1,0.0,0,0.0,3,2,1,0,0,0,1,0,0,1,0,0,0,medio_alto
4,10000.0,16,0.875,103,1,1,0,0,0,0,1,0,0,0,0,0,baixo
7,10000.0,1,1.0,1,5,1,1,0,0,1,0,1,0,1,1,0,alto
1,10000.0,0,0.0,11,2,1,1,0,0,1,1,0,0,0,0,0,medio_baixo
7,10000.0,12,1.0,1,2,1,0,0,0,0,0,0,0,0,0,0,alto
2,75000.0,113,0.7964601769911505,5,2,1,0,0,0,1,0,0,0,0,0,1,alto
8,10000.0,86,0.6162790697674418,1,3,1,0,0,0,1,0,0,1,0,0,1,baixo
1,10000.0,5,1.0,1,1,1,0,0,0,1,0,0,0,0,0,0,medio_baixo
3,0.0,0,0.0,0,0,1,0,0,0,0,0,0,0,0,0,0,gratuito
5,10000.0,0,0.0,1,2,1,0,0,2,1,0,0,1,0,0,0,baixo
6,750000.0,7494,0.8624232719508941,1,4,1,0,0,1,1,1,0,0,0,1,0,gratuito
2,0.0,0,0.0,1,2,1,0,0,0,1,0,0,0,0,0,0,gratuito
3,10000.0,1,1.0,1,3,1,0,0,0,1,0,0,1,0,0,1,medio_alto
4,350000.0,5,0.8,3,5,1,0,1,0,1,1,1,1,0,0,1,baixo
7,10000.0,29,0.6896551724137931,1,3,1,0,0,0,1,1,1,0,0,0,0,baixo
1,0.0,0,0.0,0,0,1,0,0,0,0,0,0,0,0,0,0,gratuito
3,0.0,0,0.0,0,0,1,0,0,0,0,0,0,0,0,0,0,gratuito
6,35000.0,20,0.85,1,2,1,0,0,0,0,1,0,0,0,0,0,gratuito
6,10000.0,47,0.723404255319149,1,2,1,1,1,0,1,0,0,0,0,0,1,alto
9,75000.0,737,0.7788331071913162,10,2,1,0,0,1,1,0,1,0,0,0,0,baixo
5,10000.0,7,0.8571428571428571,1,4,1,0,0,0,1,1,1,0,1,0,0,gratuito
15,350000.0,834,0.45323741007194246,4,2,1,0,0,2,0,0,0,0,1,1,0,medio_baixo
1,10000.0,0,0.0,1,4,1,0,0,0,1,0,1,1,0,1,0,medio_alto
1,0.0,0,0.0,10,4,1,1,0,0,1,0,0,1,0,0,1,gratuito
9,10000.0,19,0.47368421052631576,2,6,1,0,0,0,1,1,0,0,0,1,1,alto
3,0.0,0,0.0,1,2,1,0,0,0,0,1,0,0,0,0,0,gratuito
5,150000.0,2540,0.8539370078740157,4,2,1,0,0,3,0,0,0,1,0,0,1,baixo
1,10000.0,0,0.0,1,2,1,0,0,0,1,0,0,0,0,0,1,alto
1,0.0,0,0.0,1,4,1,0,1,0,1,1,0,1,0,0,0,medio_alto
3,10000.0,36,0.8055555555555556,11,1,1,1,0,0,0,0,0,0,0,1,0,alto
5,10000.0,120,0.9,4,3,1,1,1,1,1,0,1,1,0,0,0,medio_baixo
6,75000.0,4827,0.9073958980733374,1,6,1,1,1,3,1,1,1,1,0,0,1,gratuito
1,10000.0,5,1.0,2,4,1,0,0,0,1,1,1,1,0,0,0,medio_baixo
6,35000.0,129,0.8682170542635659,1,4,1,0,0,1,1,0,1,1,0,0,0,gratuito
3,0.0,0,0.0,0,0,1,0,0,0,0,0,0,0,0,0,0,gratuito
7,10000.0,3,0.6666666666666666,29,7,1,1,0,1,1,0,0,1,1,1,1,baixo
12,10000.0,50,0.64,1,2,1,0,0,0,1,0,0,0,0,0,0,medio_baixo
11,10000.0,17,0.6470588235294118,1,3,1,1,0,0,1,0,1,1,0,0,0,alto
1,0.0,0,0.0,9,2,1,1,1,0,1,0,0,1,0,0,0,medio_baixo
11,35000.0,67,0.26865671641791045,1,2,1,0,0,0,0,0,1,0,0,0,0,gratuito
8,10000.0,7,0.42857142857142855,1,2,1,0,0,0,1,0,0,1,0,0,0,baixo
1,10000.0,3,1.0,2,3,1,0,1,1,1,0,0,1,0,1,0,medio_alto
4,150000.0,881,0.7695800227014756,12,3,1,0,0,1,1,1,1,0,0,0,0,medio_alto
10,350000.0,1669,0.6872378669862192,1,3,1,0,0,0,1,0,0,1,0,1,0,baixo
7,10000.0,17,0.5882352941176471,1,4,1,0,0,0,1,1,1,1,0,0,0,gratuito
9,750000.0,6164,0.9432186891628812,5,3,1,0,0,0,0,0,0,1,1,0,0,gratuito
1,10000.0,0,0.0,9,3,1,0,0,0,1,1,0,1,0,0,0,alto
4,10000.0,52,0.75,4,3,1,1,0,0,1,0,1,1,0,0,0,medio_alto
5,10000.0,42,0.8809523809523809,2,3,1,0,0,0,1,1,1,0,0,0,0,medio_baixo
4,10000.0,17,0.5882352941176471,2,4,1,0,0,0,1,0,0,0,1,0,1,alto
2,10000.0,4,1.0,1,2,1,1,1,0,0,1,0,0,0,0,0,alto
5,10000.0,4,0.25,6,3,1,0,0,0,1,1,0,1,0,0,0,medio_alto
6,150000.0,6608,0.8952784503631961,10,3,1,1,0,6,1,0,0,0,0,1,1,medio_alto
2,10000.0,5,0.8,1,2,1,0,0,0,1,0,0,1,0,0,0,medio_baixo
2,10000.0,8,0.75,1,2,1,1,0,0,0,0,1,0,0,1,0,alto
2,150000.0,12,0.5833333333333334,1,4,1,0,0,0,1,0,1,1,1,0,0,medio_alto
4,75000.0,480,0.8729166666666667,1,3,1,0,0,1,1,1,0,0,1,0,0,medio_baixo
11,350000.0,3866,0.9299017071908949,11,3,1,1,1,0,1,1,0,0,0,0,1,alto
4,0.0,0,0.0,0,0,1,0,0,0,0,0,0,0,0,0,0,gratuito
7,10000.0,2871,0.9028213166144201,14,5,1,1,1,10,1,0,1,1,0,1,1,medio_baixo
3,10000.0,8,0.875,1,2,1,1,0,0,0,0,1,1,0,0,0,medio_alto
2,10000.0,10,1.0,2,4,1,0,0,0,1,1,1,1,0,0,0,medio_alto
8,10000.0,51,0.9215686274509803,1,6,1,0,1,1,1,1,1,1,0,0,1,baixo
7,150000.0,1071,0.5135387488328664,5,1,1,0,0,0,0,1,0,0,0,0,0,alto
6,10000.0,739,0.7483085250338295,4,3,1,1,1,0,1,0,0,0,0,1,1,medio_alto
1,0.0,0,0.0,1,1,1,0,0,0,0,0,0,1,0,0,0,medio_baixo
1,0.0,0,0.0,12,2,1,0,0,0,1,0,0,1,0,0,0,medio_baixo
8,10000.0,14,0.42857142857142855,1,3,1,0,0,0,1,1,0,1,0,0,0,baixo
6,10000.0,11,0.7272727272727273,2,3,1,0,0,0,1,0,0,1,1,0,0,baixo
8,10000.0,18,0.5555555555555556,2,3,1,0,0,0,1,1,1,0,0,0,0,medio_alto
2,10000.0,7,1.0,1,4,1,1,1,0,1,1,1,0,0,1,0,alto
2,10000.0,9,0.8888888888888888,7,1,1,0,0,0,0,0,0,1,0,0,0,medio_alto
4,10000.0,33,0.7272727272727273,3,4,1,0,0,0,1,0,1,1,1,0,0,medio_alto
3,10000.0,0,0.0,1,2,1,0,0,2,1,0,0,1,0,0,0,baixo
4,35000.0,4,1.0,1,4,1,0,0,0,1,1,0,0,0,1,0,medio_alto
10,35000.0,143,0.8251748251748252,13,4,1,0,0,1,1,0,1,1,0,0,1,alto
2,75000.0,447,0.9843400447427293,3,1,1,0,0,0,1,0,0,0,0,0,0,medio_baixo
8,10000.0,17872,0.7299127126230975,12,2,1,1,1,0,0,1,1,0,0,0,0,medio_alto
11,350000.0,5686,0.8797045374604291,9,3,1,1,0,0,0,0,1,1,0,0,0,gratuito
5,0.0,0,0.0,0,0,1,0,0,0,0,0,0,0,0,0,0,gratuito
4,10000.0,7,0.8571428571428571,1,2,1,0,0,0,1,0,0,0,0,0,0,medio_baixo
4,10000.0,9,1.0,1,3,1,1,1,0,1,0,0,1,0,0,1,medio_baixo
5,10000.0,0,0.0,2,2,1,0,0,0,1,1,0,0,0,0,0,alto
2,10000.0,6,0.6666666666666666,1,1,1,0,0,0,0,0,0,0,0,1,0,medio_baixo
7,75000.0,4,0.25,3,3,1,0,0,0,1,0,0,1,0,1,0,medio_alto
11,75000.0,255,0.5450980392156862,6,2,1,1,1,0,1,0,1,0,0,0,0,medio_baixo
1,0.0,0,0.0,5,6,1,0,0,2,1,1,1,1,1,0,0,gratuito
2,0.0,0,0.0,103,1,1,0,0,0,0,0,0,1,0,0,0,baixo
2,35000.0,341,0.9472140762463344,9,5,1,1,1,1,1,0,1,1,1,0,1,medio_baixo
6,35000.0,109,0.8532110091743119,1,3,1,0,0,0,0,0,1,1,0,0,0,gratuito
1,0.0,0,0.0,0,0,1,0,0,0,0,0,0,0,0,0,0,gratuito
1,10000.0,0,0.0,3,2,1,1,1,0,1,0,0,1,0,0,0,alto
6,10000.0,7,1.0,29,2,1,0,0,0,1,1,0,0,0,0,0,baixo
1,10000.0,0,0.0,2,3,1,0,0,1,1,1,1,0,0,0,0,medio_baixo
3,10000.0,35,0.9428571428571428,2,1,1,0,0,0,0,1,0,0,0,0,0,medio_alto
1,10000.0,0,0.0,1,2,1,0,0,0,1,0,0,1,0,0,0,medio_baixo
5,10000.0,0,0.0,3,5,1,0,0,0,1,1,1,0,1,1,0,medio_baixo
2,10000.0,5,1.0,1,3,1,0,0,1,1,0,0,1,0,0,1,medio_baixo
1,0.0,0,0.0,0,0,1,0,0,0,0,0,0,0,0,0,0,gratuito
8,10000.0,44,1.0,1,2,1,1,0,0,1,0,0,0,0,1,0,medio_baixo
1,10000.0,0,0.0,1,3,1,0,1,0,1,0,0,0,1,1,0,alto
1,10000.0,0,0.0,15,4,1,0,0,0,1,0,0,1,0,1,1,medio_baixo
11,10000.0,45,0.8,1,3,1,0,0,0,1,0,0,0,0,1,1,medio_baixo
7,10000.0,13,0.5384615384615384,1,2,1,0,0,0,1,1,0,0,0,0,0,medio_baixo
2,10000.0,41,0.8292682926829268,1,1,1,0,1,1,0,0,0,0,1,0,0,alto
3,10000.0,0,0.0,2,5,1,0,0,0,1,1,1,1,1,0,0,medio_baixo
5,10000.0,16,0.9375,2,4,1,0,0,0,1,0,1,0,1,0,0,medio_alto
4,10000.0,0,0.0,1,2,1,0,0,0,1,0,0,1,0,0,0,gratuito
9,10000.0,96,0.9583333333333334,1,1,1,1,1,0,0,0,0,0,0,1,0,medio_alto
4,150000.0,1394,0.9253945480631277,1,4,1,0,0,2,1,0,1,0,0,1,1,medio_alto
2,75000.0,558,0.3888888888888889,4,4,1,0,0,0,0,1,1,0,1,0,0,gratuito
1,10000.0,0,0.0,1,1,1,0,0,0,1,0,0,0,0,0,0,medio_alto
1,0.0,0,0.0,0,0,1,0,0,0,0,0,0,0,0,0,0,gratuito
2,10000.0,1,0.0,1,1,1,0,0,0,0,1,0,0,0,0,0,medio_alto
1,10000.0,0,0.0,15,4,1,0,0,0,1,1,1,0,0,0,1,alto
10,10000.0,49,0.7755102040816326,10,4,1,1,0,1,1,1,1,1,0,0,0,baixo
1,35000.0,362,0.930939226519337,1,2,1,0,0,0,0,0,1,0,1,0,0,medio_alto
1,0.0,0,0.0,4,3,1,0,0,1,1,0,1,0,0,0,0,gratuito
4,10000.0,5,1.0,1,3,1,0,0,0,1,1,1,0,0,0,0,baixo
1,10000.0,0,0.0,9,2,1,0,0,0,0,1,0,0,0,0,1,alto
10,10000.0,32,0.59375,1,2,1,0,0,0,1,0,1,0,0,0,0,baixo
5,10000.0,44,1.0,1,2,1,0,0,0,1,0,0,1,0,0,0,baixo
7,75000.0,155,0.8580645161290322,1,2,1,0,0,0,0,0,0,1,0,0,0,gratuito
1,0.0,0,0.0,1,3,1,0,0,0,1,0,0,1,0,0,0,gratuito
15,10000.0,46,0.8260869565217391,1,2,1,0,0,0,1,0,0,1,0,0,0,alto
2,10000.0,2,1.0,1,3,1,0,0,0,1,0,0,1,0,0,1,alto
2,10000.0,1,1.0,1,2,1,0,0,0,0,0,0,1,0,0,1,medio_baixo
2,0.0,0,0.0,0,0,1,0,0,0,0,0,0,0,0,0,0,gratuito
8,10000.0,13,0.6923076923076923,1,2,1,1,1,1,1,0,1,0,0,0,0,medio_baixo
2,0.0,0,0.0,1,2,1,1,0,0,0,0,0,1,0,0,0,gratuito
1,10000.0,0,0.0,1,3,1,0,0,0,1,1,0,0,0,1,0,alto
1,10000.0,0,0.0,1,2,1,0,0,1,0,0,1,0,0,0,0,gratuito
3,10000.0,1,1.0,1,3,1,0,0,0,1,1,1,0,0,0,0,medio_alto
1,0.0,0,0.0,103,9,1,0,0,0,1,1,1,1,1,1,1,medio_baixo
12,75000.0,331,0.9607250755287009,5,2,1,1,1,0,0,0,1,1,0,0,0,medio_alto
6,10000.0,1,1.0,1,4,1,0,0,0,1,1,1,1,0,0,0,medio_alto
9,10000.0,1,0.0,1,5,1,0,0,0,1,1,1,0,1,0,0,alto
5,10000.0,3,0.6666666666666666,3,3,1,0,0,0,0,0,0,0,0,0,0,alto
3,10000.0,187,0.679144385026738,12,1,1,0,0,1,0,1,0,0,0,0,0,medio_baixo
8,35000.0,1,0.0,1,2,1,0,0,0,1,0,0,1,0,0,0,baixo
11,10000.0,65,0.8769230769230769,9,4,1,0,0,0,0,0,1,1,0,1,1,medio_baixo
4,75000.0,10,0.7,4,2,1,0,0,0,0,0,1,1,0,0,0,medio_baixo
5,0.0,0,0.0,30,3,1,0,0,1,1,1,0,0,0,0,0,gratuito
1,0.0,0,0.0,1,3,1,0,0,0,1,0,0,1,0,1,0,medio_baixo
10,75000.0,483,0.629399585921325,13,3,1,1,0,1,1,0,1,1,0,0,0,medio_baixo
1,0.0,0,0.0,1,2,1,0,0,0,0,0,0,1,1,0,0,medio_alto
4,0.0,0,0.0,0,0,1,0,0,0,0,0,0,0,0,0,0,gratuito
10,10000.0,4,0.5,1,1,1,0,0,0,0,0,0,0,1,0,0,medio_alto
1,0.0,0,0.0,0,0,1,0,0,0,0,0,0,0,0,0,0,gratuito
9,10000.0,10,0.4,1,3,1,0,0,0,1,1,1,0,0,0,0,alto
6,35000.0,9,0.8888888888888888,1,3,1,0,1,1,0,0,0,1,0,1,0,gratuito
1,10000.0,0,0.0,1,4,1,1,0,0,1,0,0,1,1,0,0,medio_baixo
1,75000.0,862,0.7470997679814385,26,5,1,0,0,0,1,0,0,0,0,0,1,alto
3,10000.0,11,0.8181818181818182,1,2,1,0,0,0,0,0,0,0,0,1,1,medio_alto
1,0.0,0,0.0,13,4,1,0,0,0,0,0,0,1,0,1,0,gratuito
3,10000.0,16,0.6875,4,4,1,0,0,0,1,0,0,0,1,1,1,medio_baixo
11,75000.0,1857,0.7253634894991923,5,2,1,1,1,1,1,0,0,0,0,1,0,medio_baixo
2,0.0,0,0.0,0,0,1,0,0,0,0,0,0,0,0,0,0,gratuito
12,75000.0,98,0.5204081632653061,1,2,1,0,0,0,1,0,0,0,0,1,0,baixo
2,0.0,0,0.0,0,0,1,0,0,0,0,0,0,0,0,0,0,gratuito
2,10000.0,127,0.9133858267716536,9,2,1,0,1,0,1,0,1,0,0,0,0,medio_alto
4,10000.0,0,0.0,1,5,1,0,0,0,1,1,1,1,0,0,0,baixo
5,10000.0,0,0.0,1,3,1,0,0,0,1,0,0,1,0,0,1,medio_baixo
2,10000.0,11,0.8181818181818182,12,3,1,0,0,0,1,0,1,1,0,0,0,baixo
4,0.0,0,0.0,1,3,1,0,0,0,0,1,0,0,0,0,0,gratuito
4,10000.0,13,1.0,1,1,1,0,0,0,1,0,0,0,0,0,0,baixo
1,0.0,0,0.0,1,2,1,0,0,2,0,0,0,1,0,0,0,gratuito
5,0.0,0,0.0,0,0,1,0,0,0,0,0,0,0,0,0,0,gratuito
5,10000.0,0,0.0,2,1,1,0,0,0,0,0,0,0,0,0,1,alto
1,0.0,0,0.0,0,0,1,0,0,0,0,0,0,0,0,0,0,gratuito
9,10000.0,0,0.0,1,5,1,0,0,0,1,0,1,1,1,0,0,gratuito
3,10000.0,10,0.9,1,4,1,0,0,0,1,0,1,1,0,0,1,baixo
8,10000.0,7,0.2857142857142857,1,1,1,0,0,0,1,0,0,0,0,0,0,baixo
4,35000.0,15,0.4666666666666667,1,2,1,0,0,0,1,1,0,0,0,0,0,baixo
8,10000.0,1,1.0,1,2,1,0,0,0,1,1,0,0,0,0,0,baixo
5,10000.0,9,0.7777777777777778,1,4,1,0,0,0,1,0,0,1,0,0,1,alto
2,35000.0,998,0.9118236472945892,13,1,1,0,0,0,1,0,0,0,0,0,0,medio_alto
1,10000.0,0,0.0,9,1,1,0,0,0,0,0,1,0,0,0,0,medio_alto
3,10000.0,17,0.4117647058823529,1,2,1,0,0,0,1,1,0,0,0,0,0,baixo
1,0.0,0,0.0,8,2,1,0,0,1,1,0,0,1,0,0,0,medio_alto
3,0.0,0,0.0,1,3,1,0,0,0,0,0,1,0,0,1,0,gratuito
8,10000.0,134,0.9104477611940298,1,2,1,0,0,0,1,0,0,1,0,0,0,medio_baixo
3,10000.0,0,0.0,1,1,1,0,0,0,0,0,0,1,0,0,0,baixo
1,10000.0,0,0.0,1,5,1,0,0,0,1,1,1,0,1,0,0,alto
2,10000.0,1,1.0,1,4,1,0,0,0,1,1,1,1,0,0,0,medio_alto
1,10000.0,0,0.0,1,5,1,0,0,0,1,0,0,1,0,0,1,gratuito
2,10000.0,424,0.9198113207547169,5,5,1,1,0,0,1,0,1,1,1,1,0,medio_alto
3,35000.0,781,0.8233034571062741,5,3,1,0,0,4,1,1,0,0,1,0,0,alto
3,35000.0,5,0.6,1,5,1,0,0,0,1,1,1,1,0,1,0,baixo
9,75000.0,51,0.6470588235294118,1,5,1,0,0,0,1,0,1,1,1,1,0,baixo
6,10000.0,1,0.0,1,2,1,0,0,0,0,1,0,0,0,1,0,baixo
1,0.0,0,0.0,2,4,1,0,0,0,1,0,0,1,0,0,1,medio_baixo
8,10000.0,12,0.3333333333333333,1,2,1,0,0,0,0,0,0,1,0,0,1,baixo
3,10000.0,1,1.0,1,2,1,1,1,0,1,1,0,0,0,0,0,baixo
5,10000.0,9,0.6666666666666666,1,4,1,0,0,0,1,0,1,1,0,0,1,baixo
3,35000.0,7,1.0,17,4,1,1,1,0,1,0,0,1,0,1,1,medio_baixo
6,10000.0,7,0.8571428571428571,1,3,1,1,0,1,1,0,1,0,1,0,0,medio_baixo
6,75000.0,145,0.6551724137931034,1,2,1,1,1,0,0,0,1,0,0,0,0,gratuito
2,10000.0,2,1.0,1,3,1,0,0,0,1,1,1,0,0,0,0,alto
4,10000.0,0,0.0,2,3,1,0,0,0,1,1,0,0,0,1,0,medio_alto
2,0.0,0,0.0,103,3,1,1,1,0,0,1,0,1,0,1,0,baixo
7,35000.0,132,0.9015151515151515,1,4,1,0,0,0,1,1,1,1,0,0,0,medio_alto
2,10000.0,0,0.0,1,4,1,0,0,0,1,0,0,1,0,0,1,gratuito
3,10000.0,1,1.0,1,2,1,0,0,0,1,0,0,1,0,0,0,medio_baixo
4,10000.0,43,0.9302325581395349,1,3,1,1,1,0,1,0,0,1,0,0,1,medio_alto
7,10000.0,1,1.0,1,4,1,0,0,0,1,0,1,0,0,1,0,medio_baixo
2,10000.0,1,1.0,1,3,1,0,0,0,1,1,1,0,0,0,0,baixo
1,10000.0,1,1.0,2,2,1,0,0,0,1,0,0,1,0,0,0,medio_alto
3,10000.0,157,0.802547770700637,7,2,1,0,0,0,0,0,0,0,0,0,1,alto
7,350000.0,1390,0.7712230215827338,1,5,1,0,1,3,1,1,1,0,0,1,1,medio_alto
3,10000.0,13,0.7692307692307693,24,3,1,1,0,0,1,0,0,0,0,1,1,medio_baixo
6,10000.0,0,0.0,1,2,1,0,0,4,1,0,0,1,0,0,0,medio_baixo
2,10000.0,19,0.631578947368421,5,2,1,0,0,0,1,0,0,0,0,0,1,baixo
2,10000.0,63,0.9047619047619048,14,1,1,0,0,1,0,0,0,1,0,0,0,medio_baixo
9,10000.0,1,1.0,1,2,1,0,0,0,1,1,0,0,0,0,0,alto
6,10000.0,3,0.3333333333333333,2,2,1,0,0,0,1,1,0,0,0,0,0,baixo
2,10000.0,0,0.0,12,3,1,1,1,0,1,0,0,1,0,1,0,baixo
7,35000.0,10,0.1,2,2,1,0,0,0,1,0,0,1,0,0,0,baixo
6,35000.0,90,0.6555555555555556,1,4,1,0,0,0,1,0,0,0,0,1,0,gratuito
10,75000.0,612,0.6928104575163399,2,2,1,0,0,2,0,0,1,0,0,1,0,medio_baixo
1,10000.0,0,0.0,10,2,1,0,0,0,1,0,0,1,0,0,0,medio_baixo
2,10000.0,26,0.8846153846153846,1,3,1,1,0,0,1,0,0,1,0,0,1,medio_baixo
3,10000.0,1,0.0,3,3,1,0,0,0,1,0,0,1,0,0,1,medio_alto
3,10000.0,37,0.9459459459459459,1,3,1,0,0,0,1,0,0,0,1,0,1,medio_baixo
1,10000.0,27,0.3333333333333333,2,3,1,0,0,0,1,0,0,0,1,0,1,medio_alto
2,10000.0,3,0.6666666666666666,1,3,1,0,0,0,1,1,1,0,0,0,0,medio_baixo
6,10000.0,17,0.9411764705882353,2,2,1,0,0,0,1,0,1,0,0,0,0,medio_baixo
2,0.0,0,0.0,1,4,1,0,0,0,1,1,1,0,0,0,0,gratuito
4,10000.0,14,0.8571428571428571,2,2,1,0,0,0,1,0,0,1,0,0,0,medio_baixo
3,150000.0,48,0.7708333333333334,1,4,1,0,0,0,1,1,0,1,1,0,0,baixo
3,10000.0,0,0.0,1,6,1,0,0,0,1,1,1,0,1,0,1,alto
2,10000.0,2,1.0,1,3,1,0,0,6,1,0,0,1,0,0,1,alto
9,10000.0,0,0.0,1,3,1,0,0,0,1,1,0,0,0,0,0,alto
4,10000.0,7,0.5714285714285714,2,4,1,0,0,0,1,0,1,1,0,0,0,alto
6,35000.0,5,0.8,1,1,1,0,0,0,1,0,0,0,0,0,0,baixo
11,7500000.0,322278,0.9739200317738101,13,3,1,0,0,0,0,0,0,0,0,0,1,alto
1,10000.0,0,0.0,1,1,1,0,0,0,0,0,0,1,0,0,0,baixo
2,0.0,0,0.0,0,0,1,0,0,0,0,0,0,0,0,0,0,gratuito
7,750000.0,10001,0.9575042495750425,11,4,1,1,1,1,1,1,1,1,0,0,0,medio_baixo
3,10000.0,0,0.0,7,3,1,0,0,0,0,1,1,0,0,0,1,medio_alto
4,10000.0,5,1.0,1,2,1,0,0,0,0,1,0,1,0,0,0,medio_baixo
2,10000.0,12,0.8333333333333334,1,2,1,0,0,0,1,1,0,0,0,0,0,baixo
3,0.0,0,0.0,103,3,1,0,0,0,1,0,0,1,0,0,0,gratuito
2,10000.0,9,1.0,1,3,1,0,0,0,1,0,1,0,0,0,0,medio_alto
2,0.0,0,0.0,0,0,1,0,0,0,0,0,0,0,0,0,0,gratuito
4,10000.0,17,0.7647058823529411,7,2,1,0,0,0,0,1,1,0,0,0,0,medio_baixo
6,150000.0,3607,0.8799556418075963,9,1,1,0,0,20,0,1,0,0,0,0,0,medio_alto
1,10000.0,0,0.0,1,5,1,0,0,0,1,1,1,1,0,0,1,alto
1,0.0,0,0.0,0,0,1,0,0,0,0,0,0,0,0,0,0,gratuito
9,10000.0,36,0.9166666666666666,3,2,1,0,0,0,1,0,0,1,0,0,0,baixo
1,10000.0,120,0.525,9,2,1,0,0,10,0,0,0,0,0,1,1,alto
2,10000.0,1,1.0,4,2,1,0,0,0,1,0,0,1,0,0,0,medio_baixo
1,0.0,0,0.0,0,0,1,0,0,0,0,0,0,0,0,0,0,gratuito
3,10000.0,0,0.0,3,2,1,0,0,0,0,0,1,0,1,0,0,medio_alto
2,10000.0,0,0.0,8,4,1,0,0,0,1,1,0,0,0,1,1,baixo
6,10000.0,7,1.0,1,5,1,0,0,0,1,1,1,0,1,0,0,baixo
1,0.0,0,0.0,1,5,1,0,0,0,1,1,1,0,0,0,0,gratuito
5,10000.0,4,0.75,1,3,1,0,1,0,1,1,1,0,0,0,0,medio_alto
8,10000.0,4,0.5,2,3,1,0,0,0,1,1,1,0,0,0,0,alto
4,10000.0,3,0.3333333333333333,1,2,1,0,0,0,1,0,0,0,0,0,1,alto
3,0.0,0,0.0,0,0,1,0,0,0,0,0,0,0,0,0,0,gratuito
3,0.0,0,0.0,0,0,1,0,0,0,0,0,0,0,0,0,0,gratuito
5,10000.0,29,0.5517241379310345,1,2,1,0,0,0,1,0,1,0,0,0,0,medio_baixo
1,10000.0,0,0.0,6,1,1,0,0,0,0,0,0,0,0,0,0,medio_baixo
8,10000.0,29,0.7931034482758621,1,3,1,0,0,1,1,0,1,1,0,0,0,baixo
3,10000.0,0,0.0,7,2,1,0,0,4,1,0,0,1,0,0,0,medio_baixo
1,10000.0,0,0.0,1,3,1,0,0,0,1,0,0,1,0,0,1,medio_baixo
11,150000.0,164,0.6951219512195121,3,2,1,0,0,0,1,1,0,0,0,0,0,baixo
4,0.0,0,0.0,1,4,1,0,0,0,1,0,1,1,0,0,0,gratuito
2,10000.0,0,0.0,2,1,1,0,0,0,1,0,0,0,0,0,0,medio_baixo
4,10000.0,0,0.0,5,2,1,0,0,0,1,0,0,1,0,0,0,medio_baixo
5,75000.0,166,0.6807228915662651,2,4,1,0,0,0,1,0,1,0,1,1,0,medio_alto
8,35000.0,78,0.5897435897435898,27,2,1,0,0,0,1,0,0,1,0,0,0,baixo
5,10000.0,33,0.6060606060606061,1,5,1,0,0,0,1,1,1,1,0,0,1,baixo
6,10000.0,1,0.0,1,2,1,0,0,0,1,0,0,0,0,0,1,baixo
3,10000.0,6,1.0,3,2,1,1,1,0,1,0,0,1,0,0,0,baixo
8,10000.0,6,0.8333333333333334,1,4,1,0,0,0,0,1,1,0,1,1,0,gratuito
10,150000.0,2867,0.6832926403906523,6,2,1,0,0,0,0,1,0,0,1,0,0,baixo
17,10000.0,9,0.8888888888888888,9,2,1,0,0,0,0,0,0,0,1,0,0,gratuito
2,10000.0,8,0.875,8,3,1,1,0,0,1,0,0,1,0,0,0,medio_alto
2,10000.0,2,1.0,4,1,1,0,0,0,0,0,0,0,1,0,0,medio_alto
2,10000.0,0,0.0,1,1,1,0,0,0,0,0,0,0,0,0,1,alto
2,10000.0,12,0.9166666666666666,1,4,1,0,0,0,1,0,0,0,1,1,0,gratuito
1,10000.0,0,0.0,1,3,1,0,1,1,0,0,1,0,1,0,0,alto
10,10000.0,49,0.7959183673469388,1,4,1,0,0,0,1,1,0,0,0,1,1,baixo
5,10000.0,11,0.7272727272727273,2,3,1,0,0,0,1,0,0,0,1,1,0,baixo
6,10000.0,25,0.52,1,1,1,0,0,0,0,1,0,0,0,0,0,alto
7,10000.0,15,0.5333333333333333,7,1,1,0,0,0,0,1,0,0,0,0,0,medio_alto
4,75000.0,2243,0.9652251448952296,1,2,1,0,0,2,0,0,1,1,0,0,0,alto
6,10000.0,0,0.0,2,3,1,0,0,0,1,1,0,1,0,0,0,baixo
4,0.0,0,0.0,2,4,1,0,0,0,1,0,0,0,1,0,0,gratuito
4,10000.0,0,0.0,1,2,1,0,0,0,1,0,0,1,0,0,0,baixo
5,35000.0,278,0.7985611510791367,13,4,1,0,0,1,1,1,1,0,0,0,1,baixo
10,75000.0,438,0.7442922374429224,6,1,1,0,0,0,0,1,0,0,0,0,0,medio_alto
7,35000.0,96,0.7708333333333334,3,4,1,0,0,0,1,1,1,1,0,0,0,baixo
1,10000.0,0,0.0,5,5,1,0,0,0,0,1,1,1,1,0,0,medio_alto
8,3500000.0,24888,0.8934024429443909,35,1,1,0,0,0,0,0,0,0,0,0,0,medio_alto
1,0.0,0,0.0,1,3,1,1,1,0,1,0,1,1,0,0,0,medio_alto
2,10000.0,10,0.9,7,4,1,0,0,0,1,1,1,0,1,0,0,alto
1,10000.0,14,0.7142857142857143,6,2,1,0,0,0,0,0,0,1,0,0,0,gratuito
10,10000.0,35,0.5428571428571428,2,1,1,0,0,0,0,0,0,0,0,0,0,gratuito
4,0.0,0,0.0,0,0,1,0,0,0,0,0,0,0,0,0,0,gratuito
1,10000.0,1,1.0,6,5,1,0,0,0,1,0,1,1,0,1,1,alto
7,10000.0,7,0.8571428571428571,1,3,1,1,0,0,1,1,0,0,0,0,0,medio_baixo
6,750000.0,25906,0.8077279394734811,1,5,1,1,0,1,1,1,0,1,0,1,0,gratuito
3,0.0,0,0.0,13,4,1,0,0,0,1,0,1,0,1,1,0,gratuito
3,10000.0,5,0.2,1,3,1,0,0,0,1,1,0,0,0,1,0,medio_alto
5,0.0,0,0.0,1,3,1,0,0,0,0,1,0,1,0,0,0,gratuito
2,10000.0,13,1.0,1,2,1,0,0,0,0,1,0,1,0,0,0,medio_baixo
2,35000.0,333,0.5165165165165165,2,4,1,0,0,0,1,1,1,0,1,0,0,medio_alto
1,0.0,0,0.0,12,3,1,0,0,0,0,0,0,0,0,1,1,gratuito
8,10000.0,32,0.8125,1,3,1,0,0,0,1,1,1,0,0,0,0,medio_baixo
6,10000.0,14,0.9285714285714286,2,3,1,0,0,0,1,1,0,1,0,0,0,baixo
3,10000.0,2,1.0,1,3,1,0,0,1,1,1,1,0,0,0,0,medio_alto
3,10000.0,7,1.0,3,5,1,0,0,0,1,1,1,0,1,0,0,medio_alto
1,10000.0,15,0.9333333333333333,11,4,1,0,0,0,0,1,1,0,0,1,0,gratuito
2,10000.0,20,0.95,3,2,1,0,1,0,1,1,0,0,0,0,0,medio_baixo
1,0.0,0,0.0,4,3,1,0,0,0,1,0,0,1,0,1,0,medio_alto
1,0.0,0,0.0,1,2,1,0,0,0,0,0,0,0,0,1,0,alto
1,0.0,0,0.0,1,3,1,1,0,0,0,0,0,1,0,1,0,gratuito
3,10000.0,1,1.0,10,6,1,0,0,0,1,1,1,1,1,0,1,medio_baixo
5,35000.0,300,0.9533333333333334,2,1,1,0,0,1,0,0,0,0,1,0,0,medio_baixo
9,10000.0,36,0.5555555555555556,1,4,1,0,0,0,1,1,1,0,0,0,1,alto
5,10000.0,7,0.7142857142857143,1,1,1,0,0,0,1,0,0,0,0,0,0,medio_alto
8,35000.0,69,0.8985507246376812,1,2,1,0,0,0,0,0,1,0,0,0,0,gratuito
3,10000.0,6,1.0,3,1,1,0,0,0,0,1,0,0,0,0,0,baixo
2,10000.0,2,1.0,1,2,1,0,0,0,1,0,0,0,0,0,1,alto
16,150000.0,432,0.6134259259259259,1,2,1,0,0,0,1,1,0,0,0,0,0,baixo
3,10000.0,3,1.0,26,5,1,0,0,0,1,1,0,0,1,0,1,baixo
10,10000.0,43,0.627906976744186,1,1,1,1,1,0,1,0,0,0,0,0,0,baixo
1,0.0,0,0.0,1,4,1,0,0,1,1,0,1,0,1,1,0,baixo
1,10000.0,0,0.0,2,4,1,0,0,0,1,0,0,1,0,1,1,medio_baixo
2,10000.0,1,1.0,6,3,1,0,0,0,1,0,1,1,0,0,0,medio_alto
7,10000.0,44,0.6818181818181818,103,5,1,0,0,0,1,0,1,1,0,1,1,baixo
2,35000.0,581,0.8588640275387264,27,3,1,0,0,5,1,0,0,1,0,0,1,alto
2,10000.0,0,0.0,3,1,1,1,1,0,0,0,0,1,0,0,0,medio_alto
5,10000.0,7,0.8571428571428571,1,2,1,0,0,0,0,1,0,0,0,1,0,medio_alto
2,10000.0,4,0.25,5,2,1,0,0,0,1,1,0,0,0,0,0,medio_baixo
4,35000.0,24,0.75,1,3,1,0,0,0,1,1,1,0,0,0,0,baixo
6,10000.0,5,0.8,1,1,1,0,0,1,0,0,0,0,1,0,0,baixo
4,35000.0,693,0.86002886002886,13,2,1,0,0,1,1,1,0,0,0,0,0,medio_baixo
1,10000.0,0,0.0,1,2,1,0,0,0,1,0,1,0,0,0,0,medio_alto
1,35000.0,2,1.0,8,4,1,0,0,0,1,0,1,1,1,0,0,medio_baixo
1,0.0,0,0.0,1,4,1,0,0,0,1,0,0,0,0,1,0,gratuito
3,0.0,0,0.0,0,0,1,0,0,0,0,0,0,0,0,0,0,gratuito
7,10000.0,13,0.5384615384615384,1,3,1,0,0,0,1,0,1,0,1,0,0,baixo
4,10000.0,6,0.3333333333333333,1,3,1,1,1,0,1,0,0,1,0,0,0,baixo
1,0.0,0,0.0,1,3,1,0,0,0,0,1,1,0,1,0,0,medio_alto
2,0.0,0,0.0,0,0,1,0,0,0,0,0,0,0,0,0,0,gratuito
4,35000.0,32,0.96875,2,4,1,1,0,0,1,0,1,1,1,0,0,medio_alto
1,0.0,0,0.0,1,3,1,1,1,1,1,0,0,1,0,0,0,gratuito
1,10000.0,0,0.0,2,3,1,1,1,0,1,0,1,0,0,0,1,alto
1,10000.0,0,0.0,4,3,1,0,0,0,1,0,1,1,0,0,0,medio_alto
2,10000.0,15,0.9333333333333333,1,4,1,0,0,0,1,0,1,0,0,0,0,gratuito
18,10000.0,56,0.7678571428571429,1,1,1,0,0,0,0,1,0,0,0,0,0,medio_baixo
9,10000.0,255,0.8235294117647058,2,4,1,1,1,5,1,1,0,0,0,0,1,alto
1,10000.0,93,0.44086021505376344,1,4,1,0,0,0,1,0,1,1,1,0,0,medio_alto
2,10000.0,5,1.0,1,1,1,0,0,0,1,0,0,0,0,0,0,medio_baixo
8,10000.0,5,0.2,1,1,1,0,0,0,1,0,0,0,0,0,0,medio_alto
8,10000.0,4,0.75,1,4,1,0,0,0,1,0,0,0,0,0,1,alto
1,10000.0,0,0.0,11,4,1,0,0,0,1,0,0,1,1,1,0,baixo
9,10000.0,22,0.7727272727272727,1,2,1,0,0,0,1,1,0,0,0,0,0,baixo
2,150000.0,45,0.6,1,2,1,1,1,0,1,0,1,0,0,0,0,baixo
2,150000.0,1121,0.8215878679750223,8,2,1,0,0,1,1,0,1,0,0,0,0,medio_alto
5,0.0,0,0.0,0,0,1,0,0,0,0,0,0,0,0,0,0,gratuito
7,10000.0,28,0.7142857142857143,7,2,1,0,0,0,0,0,0,0,0,0,0,gratuito
1,0.0,0,0.0,2,3,1,0,0,0,1,0,0,0,0,0,1,gratuito
1,0.0,0,0.0,0,0,1,0,0,0,0,0,0,0,0,0,0,gratuito
20,35000.0,79,0.9240506329113924,1,1,1,0,0,0,0,0,0,1,0,0,0,baixo
2,10000.0,0,0.0,1,3,1,0,0,0,1,1,0,0,0,0,0,gratuito
1,0.0,0,0.0,0,0,1,0,0,0,0,0,0,0,0,0,0,gratuito
1,0.0,0,0.0,1,4,1,0,1,0,1,0,0,1,1,0,1,medio_alto
8,10000.0,0,0.0,1,2,1,0,0,0,0,1,1,0,0,0,0,medio_baixo
3,0.0,0,0.0,103,9,1,1,1,0,1,1,1,1,1,1,1,alto
2,35000.0,1,1.0,2,2,1,0,0,0,1,0,0,0,1,0,0,medio_baixo
2,10000.0,2,0.0,1,1,1,0,0,0,1,0,0,0,0,0,0,alto
2,0.0,0,0.0,0,0,1,0,0,0,0,0,0,0,0,0,0,gratuito
1,10000.0,0,0.0,4,3,1,0,0,0,1,0,0,1,0,0,1,alto
8,10000.0,5,0.8,1,4,1,0,0,0,1,1,1,1,0,0,0,baixo
3,75000.0,934,0.867237687366167,1,3,1,0,0,0,1,0,1,0,1,0,0,medio_alto
6,10000.0,22,0.7272727272727273,1,3,1,0,0,0,1,0,0,0,0,0,1,alto
7,35000.0,477,0.6184486373165619,1,2,1,0,0,2,1,0,0,0,0,1,0,medio_baixo
12,150000.0,1495,0.88561872909699,5,6,1,1,0,0,1,1,1,1,1,1,0,medio_baixo
9,10000.0,559,0.7030411449016101,3,3,1,0,0,0,1,0,1,1,0,0,0,baixo
3,35000.0,106,0.9339622641509434,4,4,1,0,0,1,1,1,1,1,0,0,0,medio_baixo
1,0.0,0,0.0,0,0,1,0,0,0,0,0,0,0,0,0,0,gratuito
1,0.0,0,0.0,1,3,1,0,0,0,0,1,0,1,0,0,0,gratuito
5,10000.0,1,1.0,1,1,1,0,0,0,0,0,1,0,0,0,0,medio_baixo
1,10000.0,0,0.0,2,5,1,0,0,0,1,0,1,1,1,1,0,medio_baixo
4,35000.0,116,0.9051724137931034,103,3,1,1,1,0,1,0,0,1,0,0,1,medio_baixo
6,10000.0,11,0.9090909090909091,1,2,1,0,0,0,1,1,0,0,0,0,0,baixo
11,10000.0,31,0.6774193548387096,8,4,1,1,0,0,1,0,0,1,0,1,1,medio_baixo
9,35000.0,64,0.703125,1,1,1,0,0,0,0,0,0,1,0,0,0,gratuito
5,10000.0,62,0.9838709677419355,1,3,1,1,0,0,1,0,1,0,0,0,1,medio_baixo
7,750000.0,7247,0.7887401683455223,10,2,1,0,0,2,1,0,1,0,0,0,0,medio_alto
3,0.0,0,0.0,1,1,1,0,0,0,0,0,0,0,0,0,0,gratuito
1,10000.0,0,0.0,3,1,1,0,0,0,0,1,0,0,0,0,0,baixo
3,10000.0,20,0.9,2,3,1,0,0,0,1,0,0,1,0,0,1,gratuito
5,0.0,0,0.0,1,3,1,1,0,0,1,1,0,0,0,0,0,gratuito
2,0.0,0,0.0,16,2,1,0,0,2,1,0,0,1,0,0,0,medio_baixo
8,35000.0,223,0.9013452914798207,1,3,1,1,0,0,1,0,0,1,0,0,1,medio_alto
4,10000.0,71,0.4788732394366197,12,5,1,0,0,0,0,0,0,0,0,0,0,alto
2,0.0,0,0.0,0,0,1,0,0,0,0,0,0,0,0,0,0,gratuito
9,10000.0,41,0.926829268292683,2,4,1,0,0,0,1,1,1,0,1,0,0,alto
1,0.0,0,0.0,15,2,1,0,1,0,0,1,0,0,1,0,0,alto
2,10000.0,48,0.7291666666666666,5,3,1,0,0,0,1,0,1,0,0,0,0,gratuito
1,10000.0,0,0.0,10,2,1,0,0,0,1,0,0,1,0,0,0,medio_baixo
4,10000.0,0,0.0,1,4,1,0,0,0,1,1,1,1,0,0,0,alto
4,150000.0,2443,0.9627507163323782,5,3,1,0,0,2,1,0,0,1,0,0,1,alto
1,10000.0,42,0.7380952380952381,6,6,1,0,0,0,1,1,0,1,0,1,1,alto
1,0.0,0,0.0,0,0,1,0,0,0,0,0,0,0,0,0,0,gratuito
14,350000.0,1780,0.8915730337078651,5,2,1,1,1,0,1,0,1,0,0,0,0,baixo
5,10000.0,10,0.6,1,2,1,0,0,0,0,0,1,1,0,0,0,medio_alto
9,10000.0,7,0.5714285714285714,1,4,1,0,0,0,0,1,1,0,1,0,0,medio_alto
10,10000.0,33,0.3939393939393939,3,2,1,0,0,0,0,0,0,0,0,1,1,baixo
1,0.0,0,0.0,1,3,1,0,0,0,1,1,0,0,0,0,0,gratuito
4,350000.0,26,0.46153846153846156,1,1,1,0,0,0,1,0,0,0,0,0,0,medio_baixo
1,10000.0,0,0.0,7,3,1,0,0,0,1,0,0,1,0,0,0,gratuito
3,10000.0,1,0.0,3,2,1,0,0,0,1,1,0,0,0,0,0,baixo
1,10000.0,0,0.0,1,1,1,0,0,0,0,0,0,0,1,0,0,medio_alto
8,75000.0,57,0.8245614035087719,1,2,1,1,1,1,1,1,0,0,0,0,0,baixo
4,10000.0,1,1.0,3,2,1,0,0,0,0,0,0,0,0,1,1,alto
3,10000.0,1,0.0,1,3,1,0,0,0,1,1,1,0,0,0,0,baixo
3,10000.0,0,0.0,1,1,1,0,0,0,0,0,0,1,0,0,0,medio_alto
9,1500000.0,948,0.679324894514768,18,4,1,0,1,1,1,1,0,1,0,0,1,medio_baixo
7,10000.0,95,0.8947368421052632,8,3,1,0,0,0,1,1,0,0,0,1,0,alto
5,10000.0,16,0.875,103,3,1,0,0,0,1,1,0,0,0,0,1,baixo
2,150000.0,1099,0.7397634212920837,1,1,1,0,0,1,0,0,0,0,1,0,0,medio_alto
2,0.0,0,0.0,2,3,1,0,1,1,1,0,0,0,1,0,0,gratuito
1,10000.0,0,0.0,12,2,1,0,0,10,0,1,1,0,0,0,0,alto
9,10000.0,66,0.9242424242424242,1,2,1,0,0,0,0,0,1,1,0,0,0,alto
7,10000.0,1,0.0,1,2,1,0,0,0,1,1,0,0,0,0,0,baixo
3,10000.0,0,0.0,1,2,1,0,0,0,0,0,1,1,0,0,0,baixo
2,35000.0,416,0.8990384615384616,2,5,1,0,1,1,1,1,1,0,1,0,0,medio_alto
10,10000.0,54,0.7592592592592593,1,2,1,0,0,0,1,1,0,0,0,0,0,medio_alto
9,10000.0,1,0.0,1,2,1,0,0,0,1,0,0,0,0,0,1,medio_baixo
1,0.0,0,0.0,2,4,1,0,0,0,1,1,1,0,0,0,0,medio_alto
5,10000.0,2,0.0,1,2,1,0,0,0,1,1,0,0,0,0,0,medio_baixo
9,35000.0,293,0.7406143344709898,1,3,1,0,0,0,0,0,1,1,0,0,1,medio_baixo
11,75000.0,324,0.5493827160493827,9,1,1,0,0,0,0,1,0,0,0,0,0,medio_baixo
8,35000.0,183,0.9453551912568307,1,3,1,0,0,0,1,0,1,0,1,0,0,medio_baixo
4,10000.0,31,0.8709677419354839,2,4,1,0,0,0,1,0,1,1,0,0,0,gratuito
4,0.0,0,0.0,0,0,1,0,0,0,0,0,0,0,0,0,0,gratuito
1,10000.0,0,0.0,1,4,1,0,0,0,1,0,0,1,0,0,1,alto
4,0.0,0,0.0,1,4,1,0,0,0,1,1,1,0,0,0,0,gratuito
2,10000.0,138,0.9202898550724637,14,2,1,0,0,2,0,1,1,0,0,0,0,alto
8,75000.0,815,0.3325153374233129,11,1,1,0,0,0,0,1,0,0,0,0,0,alto
6,10000.0,82,0.4024390243902439,12,1,1,0,0,0,0,0,0,0,0,0,0,medio_baixo
7,10000.0,9,1.0,1,1,1,0,0,0,0,0,0,0,0,0,0,gratuito
1,10000.0,48,1.0,1,2,1,0,0,0,1,0,0,0,0,0,1,medio_alto
6,10000.0,284,0.9577464788732394,10,3,1,0,0,1,1,1,0,1,0,0,0,baixo
6,10000.0,10,0.3,4,3,1,0,0,0,0,0,1,1,0,0,1,medio_baixo
3,10000.0,2,1.0,1,3,1,0,0,0,0,0,0,0,0,0,0,medio_baixo
6,10000.0,1,1.0,2,3,1,0,0,0,1,1,0,1,0,0,0,medio_alto
17,0.0,0,0.0,1,1,1,0,0,0,0,0,0,1,0,0,0,alto
6,10000.0,86,0.9767441860465116,29,3,1,1,1,0,1,1,0,1,0,0,0,medio_baixo
2,10000.0,0,0.0,2,1,1,0,0,0,0,0,1,0,0,0,0,alto
4,350000.0,40,0.95,7,2,1,0,1,0,1,0,1,0,0,0,0,baixo
2,10000.0,1,1.0,26,9,1,0,0,0,1,1,1,1,0,1,1,medio_baixo
2,35000.0,4,1.0,1,2,1,0,0,0,1,0,0,1,0,0,0,baixo
8,10000.0,1,1.0,1,1,1,0,0,0,1,0,0,0,0,0,0,medio_alto
2,10000.0,0,0.0,1,1,1,0,0,0,0,0,1,0,0,0,0,alto
1,10000.0,0,0.0,1,2,1,0,0,0,0,1,0,0,0,0,1,baixo
6,1500000.0,27054,0.6563169956383529,13,2,1,0,0,0,0,1,0,0,0,0,1,medio_alto
3,10000.0,0,0.0,1,4,1,0,0,0,1,1,0,1,0,0,0,medio_baixo
2,35000.0,3,1.0,2,3,1,0,0,0,1,0,1,0,1,0,0,alto
1,10000.0,0,0.0,1,1,1,0,0,0,0,0,0,0,0,1,0,medio_baixo
5,10000.0,10,0.3,5,3,1,1,0,0,1,1,0,0,0,1,0,medio_baixo
12,7500000.0,343420,0.973050492108788,1,1,1,1,1,5,0,1,0,0,0,0,0,alto
1,0.0,0,0.0,1,1,1,0,0,1,1,0,0,0,0,0,0,alto
1,0.0,0,0.0,0,0,1,0,0,0,0,0,0,0,0,0,0,gratuito
4,10000.0,7,0.5714285714285714,2,3,1,0,0,0,1,1,0,0,1,0,0,medio_baixo
5,10000.0,30,0.7666666666666667,1,1,1,0,0,0,1,0,0,0,0,0,0,medio_alto
3,0.0,0,0.0,0,0,1,0,0,0,0,0,0,0,0,0,0,gratuito
4,10000.0,13,0.9230769230769231,1,2,1,0,0,0,0,1,1,0,0,0,0,medio_alto
9,10000.0,6,0.6666666666666666,1,2,1,0,0,0,1,0,0,0,0,0,0,medio_alto
6,35000.0,9,0.6666666666666666,1,1,1,1,0,0,0,0,0,0,1,0,0,gratuito
7,10000.0,16,0.8125,1,3,1,0,0,0,1,0,1,0,1,0,0,medio_baixo
6,35000.0,267,0.8876404494382022,1,4,1,0,1,1,1,1,1,0,1,0,0,alto
3,10000.0,66,0.7727272727272727,10,3,1,0,0,0,1,1,1,0,0,0,0,alto
3,10000.0,4,1.0,1,2,1,0,0,0,1,1,0,0,0,0,0,medio_alto
10,150000.0,219,0.6164383561643836,1,3,1,1,1,0,1,1,0,1,0,0,0,baixo
5,10000.0,18,1.0,1,3,1,0,0,0,1,0,1,0,0,0,0,gratuito
8,10000.0,0,0.0,1,2,1,1,1,3,1,0,0,0,0,0,1,medio_alto
9,35000.0,135,0.6666666666666666,1,1,1,0,0,0,0,0,0,0,0,1,0,medio_alto
2,10000.0,0,0.0,13,5,1,0,0,0,1,1,1,1,0,0,0,medio_alto
9,750000.0,519,0.7090558766859345,1,3,1,0,0,0,1,0,1,1,0,0,0,baixo
7,10000.0,4,0.5,3,1,1,0,0,0,0,0,0,1,0,0,0,alto
7,10000.0,7,1.0,1,1,1,0,0,0,1,0,0,0,0,0,0,baixo
4,10000.0,0,0.0,2,5,1,0,0,1,0,1,1,1,1,1,0,alto
4,35000.0,248,0.8467741935483871,1,3,1,1,0,0,1,0,0,0,0,1,1,medio_baixo
7,350000.0,8377,0.8858779992837531,10,3,1,0,0,1,1,1,1,0,0,0,0,medio_alto
2,0.0,0,0.0,103,3,1,0,0,0,1,0,1,1,0,0,0,medio_alto
10,10000.0,1,0.0,1,3,1,0,0,0,1,1,1,0,0,0,0,medio_baixo
1,0.0,0,0.0,0,0,1,0,0,0,0,0,0,0,0,0,0,gratuito
4,10000.0,18,0.9444444444444444,14,3,1,0,0,0,1,0,0,1,0,0,1,baixo
3,0.0,0,0.0,0,0,1,0,0,0,0,0,0,0,0,0,0,gratuito
1,0.0,0,0.0,1,2,1,0,0,0,1,1,0,0,0,0,0,medio_alto
7,10000.0,5,0.8,2,4,1,0,0,0,1,1,0,1,0,0,0,baixo
2,10000.0,8,0.875,2,2,1,0,0,0,1,1,0,0,0,0,0,medio_alto
6,35000.0,96,0.7395833333333334,5,2,1,0,0,0,0,1,1,0,0,0,0,baixo
6,10000.0,64,0.65625,1,7,1,0,0,0,1,1,0,1,0,0,1,alto
4,75000.0,783,0.909323116219668,8,4,1,0,0,3,1,1,1,0,1,0,0,alto
6,35000.0,54,0.6296296296296297,103,3,1,0,0,0,0,1,1,0,0,0,1,baixo
5,0.0,0,0.0,11,5,1,0,0,0,0,1,1,1,0,0,1,gratuito
6,75000.0,53,0.5283018867924528,1,4,1,0,0,0,1,1,1,0,1,0,0,baixo
11,150000.0,157,0.8343949044585988,5,3,1,1,1,0,1,0,0,1,0,1,0,baixo
8,10000.0,40,0.925,1,2,1,0,0,0,0,0,1,1,0,0,0,gratuito
7,10000.0,22,0.45454545454545453,1,4,1,0,0,0,1,0,0,0,0,0,1,medio_baixo
2,10000.0,81,0.9135802469135802,10,3,1,1,1,0,1,1,1,0,0,0,0,medio_baixo
5,35000.0,103,0.970873786407767,1,1,1,0,0,0,1,0,0,0,0,0,0,baixo
2,10000.0,4,1.0,1,2,1,0,0,0,1,0,0,1,0,0,0,medio_alto
2,10000.0,0,0.0,4,2,1,1,0,0,1,0,1,0,0,0,0,medio_alto
2,10000.0,6,0.8333333333333334,7,3,1,0,0,0,1,1,1,0,0,0,0,medio_baixo
2,10000.0,32,0.75,12,3,1,0,0,1,1,1,0,1,0,0,0,medio_baixo
1,10000.0,191,0.8219895287958116,10,3,1,0,0,1,1,1,1,0,0,0,0,medio_alto
1,0.0,0,0.0,2,2,1,0,0,0,1,0,0,0,0,0,1,medio_alto
8,10000.0,23,0.6521739130434783,9,2,1,0,0,0,1,1,0,0,0,0,0,baixo
2,0.0,0,0.0,1,3,1,1,1,0,1,0,0,1,0,0,0,gratuito
5,10000.0,1,0.0,1,3,1,0,0,0,1,1,0,0,0,0,0,baixo
3,0.0,0,0.0,1,4,1,0,0,0,0,1,1,1,0,0,0,gratuito
2,10000.0,14,0.8571428571428571,1,2,1,0,0,0,1,0,0,0,0,0,1,baixo
2,10000.0,21,0.47619047619047616,12,2,1,0,0,1,1,0,1,0,0,0,0,medio_baixo
4,10000.0,4,1.0,1,4,1,0,0,0,1,1,0,0,0,0,1,alto
10,10000.0,16,0.4375,2,4,1,0,0,0,1,1,1,0,1,0,0,medio_baixo
5,10000.0,62,0.46774193548387094,6,2,1,0,0,0,0,0,0,1,0,0,1,medio_baixo
1,10000.0,4,1.0,1,3,1,0,1,0,1,0,1,1,0,0,0,medio_baixo
8,10000.0,11,0.9090909090909091,1,6,1,1,1,0,1,1,1,1,1,0,0,medio_alto
2,10000.0,13,0.6923076923076923,1,4,1,0,0,3,1,1,0,0,1,0,0,alto
1,10000.0,0,0.0,1,2,1,1,0,0,1,0,1,0,0,0,0,baixo
1,10000.0,0,0.0,2,4,1,0,0,0,1,0,0,0,1,1,0,medio_alto
3,10000.0,1,0.0,4,1,1,0,0,0,0,0,0,1,0,0,0,medio_alto
6,10000.0,34,0.9411764705882353,1,3,1,0,0,0,1,1,1,0,0,0,0,baixo
2,10000.0,0,0.0,1,5,1,0,0,0,1,1,1,0,1,0,0,medio_alto
6,10000.0,5,0.6,1,1,1,0,0,0,1,0,0,0,0,0,0,medio_baixo
2,10000.0,4,1.0,1,1,1,0,0,0,0,0,0,0,0,1,0,medio_alto
7,10000.0,0,0.0,1,3,1,0,0,0,1,0,0,1,0,0,1,alto
3,10000.0,4,1.0,1,1,1,0,0,0,0,1,0,0,0,0,0,medio_baixo
3,10000.0,2,0.5,1,2,1,0,0,0,1,0,0,0,0,0,1,medio_baixo
10,10000.0,19,0.5789473684210527,2,4,1,0,0,0,1,1,1,1,0,0,0,medio_baixo
9,10000.0,9,0.6666666666666666,1,5,1,0,0,0,0,0,0,0,0,0,0,medio_alto
6,10000.0,147,0.8163265306122449,1,2,1,0,0,0,0,0,0,0,0,1,1,alto
2,10000.0,151,0.7019867549668874,18,2,1,0,0,0,1,0,0,0,0,1,0,alto
1,10000.0,0,0.0,9,3,1,0,0,0,1,0,0,1,0,0,1,medio_baixo
8,10000.0,10,0.8,1,2,1,1,1,0,1,0,0,1,0,0,0,medio_baixo
5,350000.0,3382,0.6682436428149024,8,3,1,0,0,0,0,1,1,0,1,0,0,medio_alto
1,10000.0,0,0.0,1,4,1,0,0,1,1,1,1,0,0,0,1,medio_baixo
2,10000.0,2,1.0,1,2,1,0,0,0,1,1,0,0,0,0,0,medio_alto
4,35000.0,17,1.0,1,3,1,0,0,0,1,1,0,0,0,0,1,medio_alto
16,35000.0,165,0.7636363636363637,1,2,1,0,0,0,1,0,1,0,0,0,0,medio_alto
6,10000.0,4,1.0,1,2,1,1,0,0,1,0,1,0,0,0,0,medio_alto
1,75000.0,9,1.0,1,1,1,0,0,0,0,0,1,0,0,0,0,medio_baixo
3,350000.0,1367,0.9436722750548646,8,4,1,0,0,0,1,1,1,0,0,0,0,gratuito
5,10000.0,15,0.6666666666666666,1,2,1,0,0,0,1,0,1,0,0,0,0,medio_baixo
10,10000.0,14,0.5,1,5,1,0,0,0,1,1,0,0,1,1,0,alto
4,10000.0,0,0.0,1,4,1,0,0,0,1,1,0,1,0,0,0,gratuito
2,10000.0,4,0.5,14,4,1,0,0,0,1,1,1,1,0,0,0,baixo
1,35000.0,249,0.6224899598393574,11,6,1,0,0,0,1,1,1,0,1,1,1,alto
1,10000.0,4,1.0,1,3,1,0,0,0,1,0,0,0,0,0,0,medio_alto
3,10000.0,161,0.13043478260869565,1,5,1,0,0,0,1,0,1,0,1,0,1,medio_baixo
3,10000.0,5,0.4,2,7,1,0,0,0,0,1,1,1,1,1,1,alto
4,0.0,0,0.0,1,4,1,1,1,0,1,0,1,1,0,0,0,gratuito
4,0.0,0,0.0,0,0,1,0,0,0,0,0,0,0,0,0,0,gratuito
1,10000.0,0,0.0,10,2,1,0,1,0,1,0,1,0,0,0,0,medio_alto
1,150000.0,1058,0.94234404536862,2,4,1,0,0,1,1,0,1,0,1,1,0,alto
1,0.0,0,0.0,0,0,1,0,0,0,0,0,0,0,0,0,0,gratuito
9,350000.0,382,0.47643979057591623,1,1,1,0,0,0,1,0,0,0,0,0,0,baixo
5,0.0,0,0.0,0,0,1,0,0,0,0,0,0,0,0,0,0,gratuito
5,75000.0,42,0.8333333333333334,1,2,1,0,0,1,1,0,1,0,0,0,0,medio_alto
11,75000.0,243,0.48559670781893005,6,1,1,0,0,0,0,0,0,0,0,0,1,medio_baixo
11,10000.0,107,0.7663551401869159,1,2,1,1,1,0,1,0,0,0,1,0,0,medio_alto
10,35000.0,345,0.9420289855072463,19,2,1,1,1,0,1,0,0,1,0,0,0,medio_alto
8,10000.0,91,0.7362637362637363,1,2,1,0,0,0,0,0,0,0,0,1,1,alto
5,10000.0,207,0.6811594202898551,6,4,1,0,0,0,1,0,1,1,0,0,1,medio_alto
4,75000.0,1,1.0,1,3,1,1,1,0,1,0,0,1,0,1,0,baixo
2,0.0,0,0.0,0,0,1,0,0,0,0,0,0,0,0,0,0,gratuito
2,35000.0,13,0.5384615384615384,1,2,1,0,0,0,0,1,1,0,0,0,0,medio_alto
6,35000.0,103,0.6407766990291263,4,2,1,0,0,0,1,1,0,0,0,0,0,medio_alto
1,10000.0,0,0.0,1,3,1,0,0,0,1,1,0,1,0,0,0,medio_alto
11,75000.0,93,0.6559139784946236,1,3,1,0,0,0,1,0,0,1,1,0,0,baixo
5,10000.0,14,1.0,2,2,1,0,0,0,1,0,1,0,0,0,0,alto
7,10000.0,1,0.0,1,3,1,0,0,0,1,1,0,0,0,0,0,medio_baixo
5,10000.0,5,0.2,4,2,1,0,0,0,1,0,0,1,0,0,0,medio_baixo
7,350000.0,5882,0.9620877252635158,1,2,1,1,0,0,1,0,0,1,0,0,0,gratuito
8,10000.0,10,0.6,1,2,1,0,0,0,0,1,0,0,1,0,0,medio_baixo
2,350000.0,3587,0.861165319208252,1,3,1,0,0,5,1,0,0,1,0,0,1,baixo
9,150000.0,1556,0.5276349614395887,3,5,1,0,0,1,1,0,0,0,0,1,1,alto
5,10000.0,136,0.8088235294117647,10,3,1,0,0,0,1,0,0,0,1,1,0,medio_alto
13,0.0,0,0.0,1,3,1,0,0,0,1,1,0,0,0,0,1,medio_alto
3,0.0,0,0.0,1,2,1,1,0,0,1,0,1,0,0,0,0,gratuito
10,35000.0,260,0.7576923076923077,8,3,1,1,1,0,1,0,0,1,0,1,0,baixo
1,0.0,0,0.0,0,0,1,0,0,0,0,0,0,0,0,0,0,gratuito
4,10000.0,11,1.0,1,2,1,1,1,0,1,0,1,0,0,0,0,alto
8,10000.0,22,0.6818181818181818,6,2,1,0,0,0,1,1,0,0,0,0,0,medio_baixo
3,10000.0,40,0.825,1,4,1,0,0,0,1,0,1,1,0,0,1,medio_alto
1,10000.0,30,0.8333333333333334,1,1,1,1,0,0,0,1,0,0,0,0,0,medio_alto
1,0.0,0,0.0,1,4,1,0,0,0,1,0,0,1,0,1,1,medio_baixo
5,10000.0,2,1.0,1,4,1,0,0,1,1,1,1,0,0,1,0,medio_baixo
5,10000.0,12,0.8333333333333334,3,4,1,1,0,0,1,1,1,0,1,0,0,alto
6,10000.0,7,1.0,1,2,1,0,0,0,1,0,1,0,0,0,0,alto
3,35000.0,102,0.9411764705882353,2,5,1,0,0,0,1,0,0,1,0,1,1,medio_baixo
2,10000.0,2,0.5,1,4,1,0,0,0,1,1,1,0,0,1,0,medio_alto
3,350000.0,17,0.5882352941176471,3,6,1,0,0,0,1,0,1,1,1,1,1,medio_alto
1,0.0,0,0.0,1,2,1,0,1,0,1,0,0,0,0,0,1,medio_alto
12,150000.0,1150,0.4443478260869565,1,2,1,0,0,1,1,0,0,0,0,1,0,gratuito
3,10000.0,0,0.0,13,1,1,0,0,0,0,0,0,1,0,0,0,gratuito
3,0.0,0,0.0,1,1,1,0,0,0,0,1,0,0,0,0,0,gratuito
3,750000.0,9883,0.8668420520084994,11,2,1,1,1,0,1,1,0,0,0,0,0,alto
5,10000.0,0,0.0,29,1,1,0,0,1,1,0,0,0,0,0,0,baixo
4,10000.0,14,0.9285714285714286,1,3,1,0,1,1,0,0,0,1,0,1,1,baixo
7,150000.0,2438,0.8076292042657917,3,5,1,1,1,0,1,1,1,1,1,0,0,medio_alto
1,10000.0,4,1.0,1,2,1,0,0,0,1,1,0,0,0,0,0,baixo
4,10000.0,1,0.0,1,5,1,0,0,0,1,1,1,0,1,1,0,medio_baixo
2,150000.0,3730,0.510455764075067,9,2,1,0,0,15,0,1,1,0,0,0,0,alto
5,0.0,0,0.0,1,5,1,0,0,0,1,0,0,1,0,0,1,gratuito
2,10000.0,1,1.0,1,2,1,0,0,0,1,0,0,1,0,0,0,alto
1,10000.0,0,0.0,1,5,1,0,0,0,1,1,0,0,0,0,1,alto
5,10000.0,16,0.25,8,2,1,0,0,0,1,1,0,0,0,0,0,medio_alto
4,10000.0,0,0.0,7,2,1,0,0,0,0,0,0,1,1,0,0,medio_alto
3,10000.0,10,1.0,2,3,1,0,0,0,1,0,0,0,1,1,0,medio_baixo
7,10000.0,10,0.8,1,2,1,0,0,0,0,0,0,0,0,0,0,gratuito
2,0.0,0,0.0,0,0,1,0,0,0,0,0,0,0,0,0,0,gratuito
1,0.0,0,0.0,1,4,1,0,0,0,1,1,1,0,1,0,0,alto
1,0.0,0,0.0,8,5,1,0,0,0,0,1,1,0,0,1,0,gratuito
10,150000.0,675,0.92,10,2,1,1,0,0,0,0,0,0,0,0,0,alto
5,7500000.0,73485,0.5388582703953188,15,7,1,0,0,2,0,0,1,1,1,0,1,gratuito
4,75000.0,547,0.923217550274223,21,2,1,0,0,1,1,1,0,0,0,0,0,medio_baixo
8,10000.0,51,0.5098039215686274,1,5,1,0,0,0,1,1,1,1,0,0,1,baixo
3,10000.0,1,1.0,2,2,1,0,0,0,0,1,0,0,0,0,1,medio_alto
3,10000.0,0,0.0,2,5,1,0,0,0,1,1,1,0,1,0,0,baixo
1,10000.0,0,0.0,2,2,1,0,0,0,1,1,0,0,0,0,0,medio_alto
1,10000.0,0,0.0,5,4,1,0,0,0,1,0,0,1,1,0,1,medio_alto
5,10000.0,4,0.25,2,1,1,0,0,0,1,0,0,0,0,0,0,medio_baixo
2,10000.0,4,1.0,1,2,1,0,1,0,1,0,0,1,0,0,0,baixo
2,10000.0,14,0.9285714285714286,1,3,1,0,0,0,1,0,1,0,0,0,0,gratuito
4,0.0,0,0.0,0,0,1,0,0,0,0,0,0,0,0,0,0,gratuito
9,75000.0,198,0.7171717171717171,5,4,1,1,0,0,1,1,1,0,1,0,0,baixo
1,0.0,0,0.0,4,2,1,0,1,1,1,0,0,0,0,0,0,gratuito
3,10000.0,6,1.0,1,4,1,0,0,0,1,1,0,0,1,0,0,medio_baixo
8,10000.0,5,0.2,1,6,1,0,0,0,1,0,1,1,1,1,0,medio_baixo
5,10000.0,9,1.0,5,3,1,0,0,0,1,0,0,1,0,1,0,baixo
1,0.0,0,0.0,1,4,1,1,1,0,1,1,1,0,0,0,0,gratuito
3,35000.0,362,0.8646408839779005,4,2,1,0,0,0,0,0,0,0,0,1,1,medio_alto
2,10000.0,0,0.0,1,4,1,0,0,0,1,0,0,1,0,1,0,gratuito
4,10000.0,11,1.0,12,2,1,0,0,1,0,0,0,1,0,0,1,medio_alto
1,0.0,0,0.0,1,2,1,0,0,0,1,0,0,0,0,0,1,medio_alto
1,10000.0,0,0.0,1,3,1,0,0,1,1,0,1,1,0,0,0,medio_baixo
4,0.0,0,0.0,0,0,1,0,0,0,0,0,0,0,0,0,0,gratuito
8,10000.0,9,0.8888888888888888,1,5,1,0,0,0,1,1,1,1,0,0,0,medio_alto
6,10000.0,21,0.2857142857142857,1,3,1,0,0,1,1,0,0,1,0,0,1,medio_baixo
5,10000.0,1,1.0,1,3,1,0,0,0,1,0,1,0,0,0,0,alto
2,10000.0,3,1.0,1,1,1,0,0,0,0,1,0,0,0,0,0,medio_alto
1,0.0,0,0.0,0,0,1,0,0,0,0,0,0,0,0,0,0,gratuito
3,10000.0,0,0.0,1,4,1,0,0,1,1,1,0,0,0,0,0,gratuito
5,10000.0,67,0.8507462686567164,2,5,1,1,1,0,1,0,0,1,0,1,1,medio_alto
1,10000.0,0,0.0,5,2,1,1,1,0,1,0,0,1,0,0,0,medio_baixo
3,0.0,0,0.0,0,0,1,0,0,0,0,0,0,0,0,0,0,gratuito
5,10000.0,3,0.6666666666666666,2,3,1,0,0,1,1,1,0,0,0,1,0,medio_alto
1,0.0,0,0.0,1,3,1,0,0,0,1,0,0,1,0,0,0,gratuito
2,0.0,0,0.0,1,7,1,0,0,0,1,1,0,1,0,0,1,gratuito
8,10000.0,19,0.5789473684210527,1,3,1,0,0,0,0,0,0,0,0,0,0,gratuito
8,350000.0,3694,0.8841364374661613,12,6,1,1,0,0,1,0,1,1,1,1,1,medio_alto
1,75000.0,2656,0.7929216867469879,8,2,1,0,0,0,0,1,1,0,0,0,0,alto
6,10000.0,0,0.0,1,5,1,0,0,0,0,1,1,1,1,0,1,medio_baixo
2,10000.0,6,1.0,3,1,1,0,0,0,0,0,1,0,0,0,0,alto
3,10000.0,1,1.0,2,4,1,0,0,0,1,0,0,1,0,0,1,baixo
11,35000.0,71,0.6338028169014085,1,2,1,1,0,0,1,0,1,0,0,0,0,baixo
1,10000.0,27,0.9259259259259259,6,3,1,0,0,1,1,0,1,1,0,0,0,medio_alto
7,350000.0,8163,0.9408305769937523,1,2,1,0,0,0,1,1,0,0,0,0,0,alto
9,10000.0,29,0.896551724137931,4,3,1,0,0,0,1,1,0,1,0,0,0,medio_baixo
8,35000.0,11,0.18181818181818182,2,3,1,0,0,0,0,0,0,1,1,0,1,medio_baixo
10,35000.0,33,0.48484848484848486,1,4,1,0,0,0,1,1,1,1,0,0,0,medio_alto
1,10000.0,0,0.0,10,3,1,0,0,0,1,1,0,1,0,0,0,medio_baixo
2,10000.0,1,0.0,1,2,1,0,0,0,0,1,0,0,0,0,0,alto
3,10000.0,2,0.5,1,3,1,0,0,0,1,1,0,1,0,0,0,medio_alto
2,10000.0,12,1.0,1,2,1,0,0,0,1,1,0,0,0,0,0,medio_alto
7,10000.0,5,0.4,1,6,1,0,0,0,1,0,0,1,1,1,1,medio_baixo
8,10000.0,631,0.9793977812995246,5,2,1,1,1,1,1,0,0,1,0,0,0,medio_baixo
7,10000.0,8,1.0,1,3,1,1,0,0,1,1,0,1,0,0,0,medio_alto
3,0.0,0,0.0,1,6,1,0,0,0,1,1,1,1,0,0,0,gratuito
2,0.0,0,0.0,0,0,1,0,0,0,0,0,0,0,0,0,0,gratuito
4,75000.0,8,0.625,1,4,1,0,0,0,1,1,1,0,1,0,0,baixo
3,350000.0,8,0.25,1,2,1,0,0,0,1,1,0,0,0,0,0,medio_baixo
9,35000.0,67,0.7014925373134329,3,1,1,0,0,0,0,0,0,0,0,0,0,gratuito
5,10000.0,25,0.68,29,3,1,0,0,0,1,1,1,0,0,0,0,baixo
1,0.0,0,0.0,6,1,1,0,0,1,0,0,1,0,0,0,0,alto
9,75000.0,80,0.675,2,3,1,0,0,0,1,1,0,0,0,0,0,baixo
4,10000.0,4,0.5,4,1,1,0,0,0,0,0,0,1,0,0,0,medio_alto
1,10000.0,0,0.0,3,4,1,0,0,0,1,0,0,0,0,1,1,alto
5,10000.0,5,0.6,2,6,1,0,0,0,1,1,1,1,1,0,0,medio_alto
10,35000.0,51,0.6666666666666666,1,3,1,1,1,0,1,1,1,0,0,0,0,medio_baixo
4,10000.0,2,0.5,1,3,1,0,0,0,1,1,0,1,0,0,0,medio_alto
6,75000.0,599,0.662771285475793,1,2,1,0,0,0,1,0,0,0,0,0,0,baixo
1,0.0,0,0.0,1,3,1,0,0,0,1,1,0,0,1,0,0,medio_baixo
2,10000.0,8,1.0,2,5,1,0,0,0,1,0,0,1,0,0,1,medio_alto
12,75000.0,174,0.6724137931034483,8,1,1,1,0,0,0,0,0,1,0,0,0,gratuito
5,10000.0,74,0.9459459459459459,1,2,1,1,0,2,1,0,1,0,0,0,0,medio_alto
1,0.0,0,0.0,0,0,1,0,0,0,0,0,0,0,0,0,0,gratuito
4,0.0,0,0.0,1,5,1,0,0,0,1,0,0,1,0,1,1,gratuito
3,0.0,0,0.0,1,2,1,1,1,0,1,0,0,0,0,1,0,gratuito
4,10000.0,2,1.0,1,3,1,0,0,0,1,1,0,0,0,1,0,medio_baixo
6,10000.0,13,0.7692307692307693,1,3,1,0,0,0,1,1,0,0,0,0,0,medio_baixo
5,10000.0,2,1.0,1,3,1,0,0,0,1,1,0,1,0,0,0,medio_alto
9,10000.0,21,1.0,1,3,1,0,0,0,1,1,0,0,0,0,0,medio_baixo
6,10000.0,52,0.5769230769230769,1,4,1,0,0,0,1,1,0,0,0,0,1,medio_alto
10,10000.0,94,0.5212765957446809,1,2,1,0,0,16,0,0,0,0,0,0,0,alto
1,0.0,0,0.0,0,0,1,0,0,0,0,0,0,0,0,0,0,gratuito
4,10000.0,1,1.0,2,3,1,0,0,0,1,1,0,1,0,0,0,medio_baixo
2,10000.0,7,1.0,1,3,1,0,0,1,1,0,0,1,0,1,0,medio_baixo
1,0.0,0,0.0,1,2,1,0,0,0,0,1,0,1,0,0,0,alto
15,150000.0,634,0.6813880126182965,1,1,1,0,0,0,0,0,0,0,0,1,0,baixo
4,10000.0,1,0.0,2,4,1,0,0,0,1,1,1,0,0,0,0,alto
4,35000.0,2,0.5,6,2,1,1,1,0,1,0,0,0,0,0,0,medio_baixo
11,75000.0,743,0.8896366083445492,1,3,1,1,0,5,1,0,1,0,1,0,0,alto
2,0.0,0,0.0,0,0,1,0,0,0,0,0,0,0,0,0,0,gratuito
1,10000.0,0,0.0,28,2,1,1,1,0,1,0,0,0,0,0,1,baixo
1,10000.0,0,0.0,11,8,1,0,0,1,1,1,1,1,1,0,1,medio_alto
1,10000.0,30,0.8333333333333334,9,3,1,0,0,0,1,0,0,0,0,1,0,alto
11,75000.0,363,0.5179063360881543,1,2,1,0,0,0,0,0,0,1,0,1,0,alto
1,0.0,0,0.0,1,1,1,0,1,0,0,0,1,0,0,0,0,baixo
9,10000.0,7,0.7142857142857143,1,3,1,0,0,0,1,1,0,1,0,0,0,alto
1,0.0,0,0.0,0,0,1,0,0,0,0,0,0,0,0,0,0,gratuito
2,0.0,0,0.0,103,3,1,0,0,0,1,0,1,1,0,0,0,medio_baixo
10,35000.0,132,0.6287878787878788,27,3,1,1,1,1,1,1,1,0,0,0,0,alto
4,35000.0,266,0.8984962406015038,14,2,1,0,0,1,1,0,0,1,0,0,0,baixo
3,10000.0,13,0.8461538461538461,6,3,1,0,0,0,1,1,0,1,0,0,0,medio_baixo
1,0.0,0,0.0,4,3,1,0,0,0,1,0,0,1,0,0,1,medio_baixo
1,10000.0,8,0.5,8,2,1,0,0,0,1,0,0,0,0,0,1,medio_alto
8,10000.0,34,0.6470588235294118,1,4,1,0,0,0,1,1,0,1,0,0,0,baixo
10,10000.0,98,0.9183673469387755,5,2,1,1,1,0,1,1,0,0,0,0,0,medio_baixo
4,10000.0,25,0.92,2,4,1,0,0,0,1,1,1,1,0,0,0,alto
1,0.0,0,0.0,0,0,1,0,0,0,0,0,0,0,0,0,0,gratuito
10,10000.0,37,0.7027027027027027,2,1,1,0,0,0,1,0,0,0,0,0,0,baixo
3,10000.0,1,1.0,1,3,1,0,0,0,0,1,1,0,1,0,0,alto
6,0.0,0,0.0,15,5,1,0,0,9,0,1,0,0,1,1,0,gratuito
1,10000.0,0,0.0,1,1,1,0,0,0,1,0,0,0,0,0,0,baixo
9,10000.0,35,0.6,1,3,1,1,0,0,1,1,1,0,0,0,0,medio_alto
1,10000.0,10,1.0,17,2,1,1,0,0,0,0,0,1,0,1,0,medio_alto
1,75000.0,1,1.0,2,3,1,0,0,0,0,1,1,0,1,0,0,baixo
3,10000.0,6,0.6666666666666666,1,1,1,0,0,0,0,1,0,0,0,0,0,medio_baixo
10,35000.0,73,0.9726027397260274,1,1,1,0,0,0,1,0,0,0,0,0,0,gratuito
2,0.0,0,0.0,1,5,1,0,0,0,1,0,1,0,1,0,1,gratuito
2,10000.0,31,0.9354838709677419,2,3,1,0,0,0,0,0,1,0,1,1,0,alto
7,10000.0,0,0.0,1,1,1,0,0,0,0,0,1,0,0,0,0,baixo
2,10000.0,2,1.0,1,1,1,0,0,0,0,1,0,0,0,0,0,alto
1,10000.0,0,0.0,6,4,1,0,0,0,1,1,1,0,1,0,0,alto
3,10000.0,10,0.7,1,4,1,1,0,0,1,0,1,0,1,0,1,medio_baixo
6,10000.0,2,1.0,1,2,1,0,0,0,1,1,0,0,0,0,0,baixo
8,10000.0,20,0.95,1,5,1,0,0,0,1,1,0,0,0,0,0,gratuito
5,750000.0,14340,0.8217573221757322,14,5,1,0,0,10,1,1,1,0,1,0,1,medio_alto
4,10000.0,31,0.9354838709677419,1,4,1,0,0,1,1,0,1,0,1,1,0,medio_alto
11,350000.0,225,0.6222222222222222,2,2,1,1,0,0,1,0,0,0,0,1,0,medio_baixo
8,35000.0,341,0.4838709677419355,3,1,1,0,0,1,0,0,0,1,0,0,0,baixo
6,35000.0,24,0.7083333333333334,7,2,1,0,0,0,1,0,0,1,0,0,0,medio_baixo
4,35000.0,149,0.4966442953020134,2,4,1,0,0,0,1,0,0,1,0,0,1,medio_baixo
2,35000.0,148,0.8040540540540541,14,5,1,0,0,2,1,0,1,0,1,1,1,alto
3,10000.0,41,0.8048780487804879,15,2,1,0,0,1,1,0,0,1,0,0,0,baixo
3,0.0,0,0.0,1,5,1,0,0,0,1,1,1,1,1,0,0,gratuito
3,10000.0,0,0.0,1,3,1,1,0,0,0,0,0,0,1,1,0,gratuito
3,0.0,0,0.0,1,4,1,1,0,0,1,1,0,1,0,0,0,gratuito
1,10000.0,1,1.0,1,2,1,0,0,0,0,1,0,0,0,0,1,medio_alto
2,35000.0,10,1.0,2,3,1,0,1,2,1,0,1,0,1,0,0,alto
1,0.0,0,0.0,1,2,1,1,1,1,1,0,0,0,1,0,0,alto
5,0.0,0,0.0,1,3,1,0,0,0,1,0,0,0,0,1,0,gratuito
1,10000.0,0,0.0,1,1,1,0,0,0,1,0,0,0,0,0,0,medio_baixo
1,10000.0,0,0.0,3,4,1,0,0,0,1,1,1,0,1,0,0,baixo
2,10000.0,0,0.0,1,2,1,0,0,0,1,0,1,0,0,0,0,medio_alto
2,10000.0,6,1.0,10,2,1,0,0,0,1,0,0,1,0,0,0,baixo
3,10000.0,0,0.0,1,2,1,0,0,0,1,0,0,1,0,0,0,baixo
8,10000.0,142,0.704225352112676,2,2,1,0,0,1,1,0,1,0,0,0,0,medio_baixo
3,0.0,0,0.0,1,3,1,0,0,0,1,0,0,0,0,1,0,gratuito
15,750000.0,16847,0.9149997032112542,5,0,1,0,0,0,0,0,0,0,0,0,0,medio_alto
4,35000.0,163,0.7975460122699386,4,3,1,0,0,0,1,1,1,0,0,0,0,alto
7,10000.0,1,1.0,1,2,1,0,0,0,1,1,0,0,0,0,0,baixo
2,10000.0,21,0.8095238095238095,1,5,1,0,1,0,1,0,0,1,0,1,1,medio_baixo
2,10000.0,4,1.0,1,3,1,0,0,0,1,0,0,1,0,1,0,medio_baixo
3,0.0,0,0.0,0,0,1,0,0,0,0,0,0,0,0,0,0,gratuito
1,10000.0,0,0.0,11,4,1,0,0,0,0,0,1,0,1,1,0,alto
1,150000.0,2770,0.9472924187725632,10,5,1,0,0,0,1,0,1,1,1,0,1,alto
9,10000.0,8,1.0,1,1,1,0,0,0,1,0,0,0,0,0,0,medio_baixo
2,0.0,0,0.0,0,0,1,0,0,0,0,0,0,0,0,0,0,gratuito
12,150000.0,419,0.477326968973747,1,3,1,0,0,1,1,1,0,0,0,0,0,medio_baixo
1,10000.0,0,0.0,12,1,1,0,0,0,0,1,0,0,0,0,0,baixo
2,10000.0,4,1.0,1,1,1,0,0,0,1,0,0,0,0,0,0,baixo
2,10000.0,0,0.0,12,2,1,0,0,0,0,0,0,1,1,0,0,medio_baixo
10,10000.0,32,0.625,1,2,1,0,0,0,1,1,0,0,0,0,0,baixo
4,10000.0,1,1.0,1,4,1,1,0,0,1,1,1,1,0,0,0,alto
2,10000.0,26,0.8461538461538461,2,3,1,0,0,0,1,0,1,0,1,0,0,alto
1,10000.0,0,0.0,1,3,1,0,0,0,1,0,0,1,0,0,1,baixo
1,0.0,0,0.0,0,0,1,0,0,0,0,0,0,0,0,0,0,gratuito
1,10000.0,49,0.9591836734693877,1,4,1,0,0,0,0,0,0,0,0,1,1,medio_alto
2,10000.0,25,0.36,1,2,1,1,1,0,1,0,0,1,0,0,0,medio_baixo
2,10000.0,1,0.0,1,1,1,0,0,0,1,0,0,0,0,0,0,alto
3,0.0,0,0.0,0,0,1,0,0,0,0,0,0,0,0,0,0,gratuito
2,10000.0,2,1.0,6,3,1,0,0,0,1,1,1,0,0,0,0,medio_baixo
1,35000.0,1,1.0,1,1,1,0,0,0,0,1,0,0,0,0,0,baixo
2,10000.0,4,0.75,7,2,1,1,0,0,1,0,1,0,0,0,0,medio_baixo
3,10000.0,11,0.7272727272727273,2,1,1,0,1,0,0,0,0,1,0,0,0,gratuito
1,10000.0,7,0.8571428571428571,1,5,1,0,0,0,1,1,1,0,1,0,0,alto
1,0.0,0,0.0,0,0,1,0,0,0,0,0,0,0,0,0,0,gratuito
1,0.0,0,0.0,0,0,1,0,0,0,0,0,0,0,0,0,0,gratuito
9,10000.0,9,0.5555555555555556,1,6,1,0,0,0,0,1,1,0,1,0,1,alto
4,10000.0,16,0.75,2,1,1,1,0,1,0,0,1,0,0,0,0,medio_baixo
3,10000.0,1,1.0,2,2,1,1,0,0,1,0,1,0,0,0,0,alto
1,10000.0,0,0.0,9,2,1,0,0,0,0,0,0,0,0,0,1,alto
7,35000.0,34,0.7352941176470589,1,6,1,0,0,0,1,1,1,1,0,1,0,alto
16,10000.0,13,0.6153846153846154,1,1,1,0,0,0,0,0,0,1,0,0,0,alto
2,10000.0,0,0.0,1,4,1,0,0,0,1,1,0,1,0,0,0,gratuito
11,75000.0,1011,0.5509396636993076,10,1,1,0,0,0,0,1,0,0,0,0,0,baixo
5,10000.0,2,1.0,1,4,1,0,0,0,1,0,1,1,0,0,1,medio_alto
1,0.0,0,0.0,0,0,1,0,0,0,0,0,0,0,0,0,0,gratuito
7,10000.0,9,0.4444444444444444,1,3,1,1,1,1,1,1,1,0,0,0,0,baixo
4,10000.0,109,0.8073394495412844,6,2,1,0,0,0,1,0,1,0,0,0,0,baixo
1,0.0,0,0.0,103,2,1,0,0,0,1,0,0,1,0,0,0,baixo
5,0.0,0,0.0,11,1,1,0,0,0,0,1,0,0,0,0,0,gratuito
6,10000.0,1,0.0,1,4,1,0,0,0,1,1,1,1,0,0,0,medio_baixo
4,35000.0,32,0.875,13,2,1,0,0,0,1,1,0,0,0,0,0,baixo
1,0.0,0,0.0,0,0,1,0,0,0,0,0,0,0,0,0,0,gratuito
3,10000.0,12,0.9166666666666666,1,4,1,0,0,0,1,1,0,1,0,1,0,baixo
5,1500000.0,17125,0.8109781021897811,12,3,1,0,0,7,0,1,1,0,1,0,0,alto
1,10000.0,0,0.0,1,1,1,0,0,0,0,1,0,0,0,0,0,alto
5,10000.0,0,0.0,1,2,1,0,0,0,1,0,0,1,0,0,0,baixo
10,150000.0,684,0.8508771929824561,1,4,1,0,0,0,1,1,1,0,1,0,0,baixo
1,10000.0,0,0.0,11,3,1,1,1,0,1,0,0,1,0,1,0,medio_baixo
7,10000.0,1,0.0,1,1,1,0,0,0,0,0,0,0,0,1,0,medio_alto
1,0.0,0,0.0,0,0,1,0,0,0,0,0,0,0,0,0,0,gratuito
3,10000.0,28,0.9285714285714286,1,4,1,0,0,0,1,1,1,1,0,0,0,medio_baixo
5,10000.0,12,1.0,1,1,1,0,0,0,0,0,0,0,0,1,0,baixo
1,10000.0,0,0.0,1,5,1,0,0,0,1,0,1,0,1,0,1,medio_baixo
3,10000.0,0,0.0,3,3,1,0,0,0,1,1,1,0,0,0,0,baixo
5,10000.0,8,0.625,1,4,1,0,0,0,1,0,0,1,1,0,0,alto
1,10000.0,5,0.8,2,5,1,0,1,0,1,0,0,0,1,1,1,alto
5,10000.0,2,1.0,3,3,1,0,0,3,1,0,0,1,0,0,0,baixo
5,10000.0,0,0.0,1,2,1,0,0,0,0,0,0,0,0,1,0,alto
7,10000.0,0,0.0,1,3,1,1,0,0,1,0,0,1,0,0,1,alto
1,10000.0,0,0.0,10,4,1,0,0,0,1,1,1,0,1,0,0,alto
9,10000.0,7,0.14285714285714285,1,6,1,0,0,0,1,1,1,1,1,0,0,gratuito
4,0.0,0,0.0,0,0,1,0,0,0,0,0,0,0,0,0,0,gratuito
1,10000.0,14,0.8571428571428571,10,4,1,0,0,0,1,1,1,1,0,0,0,alto
7,10000.0,4,0.25,29,4,1,0,0,0,1,1,1,1,0,0,0,baixo
5,150000.0,22,0.5909090909090909,11,1,1,0,0,1,0,0,0,0,1,0,0,baixo
1,10000.0,0,0.0,8,4,1,0,0,0,1,1,1,0,1,0,0,alto
8,75000.0,324,0.9259259259259259,1,3,1,1,0,1,1,1,0,0,0,0,0,gratuito
8,10000.0,0,0.0,1,2,1,0,0,0,1,0,0,1,0,0,0,medio_baixo
7,10000.0,332,0.8433734939759037,1,2,1,0,0,0,0,1,0,0,0,0,1,baixo
4,35000.0,9,0.6666666666666666,3,4,1,0,0,0,1,0,1,1,1,0,0,medio_alto
7,10000.0,0,0.0,29,2,1,0,0,0,1,0,0,1,0,0,0,baixo
4,10000.0,0,0.0,1,3,1,0,0,0,1,1,1,0,0,0,0,medio_baixo
11,10000.0,18,0.8333333333333334,8,2,1,1,1,0,1,1,0,0,0,0,0,medio_baixo
4,10000.0,0,0.0,3,3,1,0,0,0,1,0,1,0,1,0,0,medio_alto
5,10000.0,2,1.0,2,2,1,0,0,0,1,0,0,1,0,0,0,baixo
1,10000.0,0,0.0,1,2,1,0,0,0,1,0,0,1,0,0,0,medio_alto
3,10000.0,2,1.0,1,5,1,1,1,0,0,0,0,1,0,1,1,medio_baixo
11,75000.0,64,0.453125,3,2,1,0,0,0,1,0,0,1,0,0,0,medio_baixo
2,10000.0,16,1.0,1,2,1,0,0,0,1,0,0,0,0,0,0,gratuito
1,0.0,0,0.0,0,0,1,0,0,0,0,0,0,0,0,0,0,gratuito
2,35000.0,5,0.4,4,2,1,0,0,1,0,0,1,1,0,0,0,alto
6,35000.0,3,0.6666666666666666,1,6,1,0,0,0,1,1,1,1,1,0,1,alto
9,10000.0,39,0.7948717948717948,1,4,1,0,0,0,0,0,0,1,0,0,1,gratuito
5,35000.0,151,0.8940397350993378,6,2,1,0,0,0,0,0,1,1,0,0,0,alto
8,10000.0,188,0.9627659574468085,1,3,1,0,0,1,1,0,0,1,1,0,0,medio_baixo
7,10000.0,48,0.875,1,1,1,1,0,0,0,1,0,0,0,0,0,gratuito
5,0.0,0,0.0,0,0,1,0,0,0,0,0,0,0,0,0,0,gratuito
4,10000.0,10,0.4,2,1,1,0,0,0,0,0,0,0,1,0,0,baixo
2,10000.0,0,0.0,1,2,1,0,0,0,0,1,1,0,0,0,0,gratuito
2,10000.0,22,1.0,1,3,1,0,0,0,1,1,1,0,0,0,0,medio_baixo
17,350000.0,621,0.8051529790660226,1,2,1,0,0,0,1,0,1,0,0,0,0,baixo
1,0.0,0,0.0,0,0,1,0,0,0,0,0,0,0,0,0,0,gratuito
6,10000.0,24,0.7916666666666666,2,6,1,0,0,4,1,1,1,0,1,0,1,gratuito
3,10000.0,4,0.75,1,2,1,1,1,0,1,1,0,0,0,0,0,medio_alto
1,0.0,0,0.0,13,3,1,0,0,0,1,0,0,1,0,0,1,medio_alto
1,0.0,0,0.0,0,0,1,0,0,0,0,0,0,0,0,0,0,gratuito
2,0.0,0,0.0,2,3,1,1,0,0,1,0,0,0,1,0,0,gratuito
3,35000.0,2,0.5,1,2,1,0,0,0,1,1,0,0,0,0,0,medio_baixo
1,10000.0,0,0.0,6,2,1,0,0,0,1,1,0,0,0,0,0,alto
1,0.0,0,0.0,1,4,1,0,0,0,1,0,1,1,0,0,0,gratuito
9,10000.0,11,0.2727272727272727,1,6,1,0,0,0,1,0,1,1,0,1,1,baixo
5,35000.0,1070,0.8728971962616823,17,1,1,0,0,1,0,0,1,0,0,0,0,alto
3,35000.0,8,0.125,26,5,1,0,0,0,1,1,0,0,1,1,1,baixo
4,10000.0,0,0.0,3,2,1,0,0,0,0,1,0,1,0,0,0,baixo
9,35000.0,7,0.42857142857142855,1,3,1,0,0,0,1,1,0,1,0,0,0,baixo
3,10000.0,16,1.0,2,2,1,1,1,0,1,0,0,1,0,0,0,alto
1,0.0,0,0.0,27,2,1,0,0,0,1,0,1,0,0,0,0,medio_alto
7,10000.0,72,0.7777777777777778,23,4,1,1,1,0,1,0,1,1,0,0,0,medio_alto
3,10000.0,51,0.5686274509803921,5,3,1,0,0,0,1,0,1,0,0,0,1,alto
5,10000.0,98,0.7857142857142857,10,3,1,0,0,2,1,0,1,1,0,0,0,baixo
2,10000.0,51,1.0,1,3,1,0,0,0,1,0,1,1,0,0,0,baixo
10,35000.0,370,0.8837837837837837,1,1,1,0,0,0,0,0,0,1,0,0,0,alto
4,75000.0,4,0.75,2,2,1,0,0,0,1,0,0,0,1,0,0,medio_alto
2,10000.0,66,0.6666666666666666,1,2,1,0,0,0,0,1,1,0,0,0,0,medio_alto
4,10000.0,4,0.75,1,4,1,0,0,0,0,0,1,1,1,1,0,baixo
1,0.0,0,0.0,0,0,1,0,0,0,0,0,0,0,0,0,0,gratuito
6,10000.0,3,0.6666666666666666,2,3,1,0,0,0,1,0,1,0,0,1,0,alto
5,10000.0,0,0.0,1,2,1,0,0,0,0,0,0,1,0,1,0,alto
2,35000.0,536,0.8992537313432836,7,1,1,0,0,0,0,1,0,0,0,0,0,alto
12,35000.0,150,0.9066666666666666,1,2,1,1,1,0,0,0,1,0,0,0,1,medio_baixo
7,10000.0,11,0.5454545454545454,1,1,1,0,0,0,1,0,0,0,0,0,0,medio_alto
2,10000.0,57,0.9298245614035088,1,3,1,0,0,0,1,1,1,0,0,0,0,baixo
3,0.0,0,0.0,1,1,1,0,0,0,0,1,0,0,0,0,0,gratuito
2,35000.0,1,1.0,1,3,1,0,0,0,1,0,1,1,0,0,0,medio_alto
5,10000.0,2,0.0,1,3,1,0,0,0,1,1,0,0,0,1,0,alto
3,10000.0,2,1.0,1,5,1,0,0,0,1,1,1,1,1,0,0,medio_alto
1,10000.0,76,0.34210526315789475,4,2,1,0,0,0,1,0,0,0,1,0,0,alto
2,10000.0,0,0.0,1,3,1,0,0,0,1,0,0,0,0,0,1,gratuito
7,10000.0,0,0.0,1,2,1,0,0,0,1,0,0,1,0,0,0,baixo
4,0.0,0,0.0,2,2,1,0,0,0,0,0,0,1,0,0,0,gratuito
2,10000.0,7,1.0,2,2,1,1,1,1,1,0,0,1,0,0,0,medio_baixo
8,10000.0,32,0.8125,1,3,1,0,0,0,1,1,0,0,0,1,0,alto
2,10000.0,5,1.0,2,2,1,1,0,1,1,0,0,0,0,1,0,alto
4,10000.0,127,0.6456692913385826,1,2,1,0,0,0,0,0,0,0,0,0,1,alto
2,0.0,0,0.0,0,0,1,0,0,0,0,0,0,0,0,0,0,gratuito
4,10000.0,12,0.8333333333333334,1,1,1,0,0,0,0,0,0,0,0,0,0,gratuito
5,10000.0,13,0.23076923076923078,1,4,1,0,0,0,1,0,0,1,0,0,1,medio_baixo
5,10000.0,0,0.0,1,2,1,0,0,0,1,0,0,1,0,0,0,medio_alto
1,10000.0,0,0.0,10,3,1,0,0,0,1,0,0,1,0,0,1,medio_alto
5,10000.0,17,0.8235294117647058,5,1,1,0,1,0,1,0,0,0,0,0,0,medio_alto
3,75000.0,1744,0.7637614678899083,16,4,1,0,0,0,1,1,1,1,0,0,0,medio_alto
7,10000.0,36,0.8888888888888888,1,1,1,0,0,0,1,0,0,0,0,0,0,baixo
2,0.0,0,0.0,13,5,1,0,0,0,1,0,1,1,0,0,1,gratuito
2,35000.0,3,1.0,1,1,1,1,1,0,1,0,0,0,0,0,0,medio_alto
1,0.0,0,0.0,0,0,1,0,0,0,0,0,0,0,0,0,0,gratuito
1,0.0,0,0.0,1,3,1,0,0,0,1,0,0,1,0,0,0,gratuito
5,75000.0,13,0.46153846153846156,1,3,1,0,0,0,1,1,0,0,0,0,0,alto
7,10000.0,5,0.4,2,1,1,0,0,0,0,0,0,0,0,0,0,medio_baixo
8,10000.0,14,0.21428571428571427,5,4,1,0,0,0,1,0,0,1,0,0,1,baixo
1,10000.0,0,0.0,12,2,1,1,0,0,1,0,0,1,0,0,0,medio_baixo
1,0.0,0,0.0,1,3,1,0,0,0,1,1,0,1,0,0,0,baixo
4,10000.0,2,0.5,2,4,1,0,0,0,1,1,0,1,0,1,0,medio_alto
5,10000.0,14,1.0,2,4,1,0,0,0,1,1,1,1,0,0,0,baixo
3,0.0,0,0.0,2,3,1,0,0,0,0,0,0,0,1,0,0,gratuito
6,10000.0,41,0.9512195121951219,1,2,1,1,0,0,1,0,0,1,0,0,0,gratuito
4,10000.0,11,0.6363636363636364,1,1,1,0,0,0,0,0,0,1,0,0,0,medio_baixo
5,0.0,0,0.0,1,3,1,0,0,0,0,0,0,1,0,0,1,gratuito
1,0.0,0,0.0,1,1,1,0,0,0,0,0,0,1,0,0,0,medio_baixo
8,10000.0,24,0.75,2,5,1,0,0,0,0,1,1,0,0,0,0,gratuito
6,10000.0,0,0.0,1,3,1,0,0,0,1,0,1,1,0,0,0,medio_alto
13,350000.0,4304,0.8705855018587361,24,4,1,1,1,0,1,0,1,1,0,1,0,medio_baixo
4,35000.0,2,1.0,1,2,1,0,0,0,0,1,0,1,0,0,0,baixo
4,0.0,0,0.0,1,4,1,0,0,1,1,1,0,1,0,0,0,gratuito
8,10000.0,32,0.65625,1,2,1,0,0,0,1,1,0,0,0,0,0,gratuito
1,10000.0,0,0.0,9,3,1,0,0,0,0,0,1,0,0,0,1,alto
6,10000.0,16,0.75,1,6,1,0,0,0,1,0,1,1,0,1,1,gratuito
1,10000.0,0,0.0,5,5,1,0,0,0,1,0,1,1,0,1,1,medio_baixo
1,10000.0,2,0.0,3,4,1,0,0,0,1,1,1,0,0,1,0,baixo
1,10000.0,9,1.0,1,3,1,0,0,0,1,0,0,1,0,0,1,baixo
1,10000.0,0,0.0,2,6,1,0,0,0,1,1,1,1,1,1,0,medio_alto
1,10000.0,11,0.9090909090909091,103,6,1,0,0,0,0,1,1,1,0,1,1,baixo
6,10000.0,4,1.0,1,2,1,0,0,0,1,0,1,0,0,0,0,alto
7,35000.0,917,0.9443838604143948,10,2,1,1,0,1,1,1,0,0,0,0,0,alto
6,10000.0,27,0.8888888888888888,1,2,1,0,0,0,0,0,0,0,0,0,0,medio_alto
9,75000.0,111,0.7117117117117117,1,6,1,0,0,0,0,0,1,1,1,0,1,gratuito
1,10000.0,0,0.0,1,5,1,0,0,0,1,0,1,1,1,0,0,alto
6,10000.0,0,0.0,1,4,1,0,0,0,0,0,1,0,1,1,1,alto
3,10000.0,32,0.78125,22,4,1,1,1,0,1,1,1,0,1,0,0,medio_baixo
5,10000.0,116,0.9310344827586207,2,2,1,0,0,0,1,1,0,0,0,0,0,medio_alto
2,35000.0,15,0.8,1,1,1,0,0,0,0,0,1,0,0,0,0,baixo
2,35000.0,4,1.0,1,2,1,1,1,0,1,0,0,0,0,1,0,medio_baixo
4,10000.0,111,0.7387387387387387,9,1,1,1,0,311,0,0,0,0,0,0,1,alto
1,0.0,0,0.0,1,3,1,0,0,1,0,0,1,1,0,0,1,baixo
5,75000.0,17,0.7058823529411765,1,1,1,0,0,0,0,0,0,0,1,0,0,baixo
6,10000.0,5,1.0,1,4,1,0,1,0,1,0,1,1,0,0,1,baixo
6,10000.0,21,0.6666666666666666,3,3,1,0,0,0,1,0,1,1,0,0,0,medio_alto
1,0.0,0,0.0,1,1,1,0,0,0,1,0,0,0,0,0,0,baixo
7,10000.0,78,0.5,7,4,1,0,0,0,1,1,1,0,0,0,0,alto
4,10000.0,0,0.0,1,1,1,0,0,0,0,0,1,0,0,0,0,baixo
6,35000.0,34,0.9705882352941176,7,5,1,1,1,0,1,0,1,1,0,1,1,medio_baixo
5,0.0,0,0.0,0,0,1,0,0,0,0,0,0,0,0,0,0,gratuito
9,10000.0,44,0.7045454545454546,1,4,1,0,0,3,0,0,1,1,0,0,1,medio_baixo
5,35000.0,2,1.0,1,5,1,0,0,0,1,1,1,0,1,0,0,medio_alto
2,10000.0,28,1.0,3,3,1,0,0,0,1,1,1,0,0,0,0,medio_baixo
5,10000.0,122,0.9262295081967213,1,1,1,0,0,0,0,1,0,0,0,0,0,gratuito
8,10000.0,2,1.0,10,2,1,0,0,1,0,0,0,1,0,1,0,alto
12,750000.0,5830,0.8456260720411664,6,2,1,0,0,4,0,1,1,0,0,0,0,alto
5,10000.0,7,0.7142857142857143,1,5,1,1,1,0,0,1,1,0,0,0,1,baixo
9,10000.0,15,0.5333333333333333,1,2,1,0,0,1,1,1,0,0,0,0,0,medio_alto
2,0.0,0,0.0,6,4,1,1,1,0,0,0,0,1,1,0,1,gratuito
4,10000.0,7,1.0,1,2,1,0,0,0,1,1,0,0,0,0,0,medio_alto
6,35000.0,16,0.5,1,2,1,0,0,0,1,0,0,0,1,0,0,medio_baixo
3,0.0,0,0.0,0,0,1,0,0,0,0,0,0,0,0,0,0,gratuito
1,0.0,0,0.0,103,3,1,0,0,2,1,0,0,1,0,0,0,baixo
4,350000.0,3285,0.8681887366818873,1,3,1,0,0,0,0,1,0,0,0,0,0,alto
3,0.0,0,0.0,1,2,1,0,0,0,0,0,0,0,0,0,1,gratuito
2,10000.0,0,0.0,2,2,1,0,0,0,1,0,0,1,0,0,0,alto
3,10000.0,25,0.92,3,4,1,0,0,0,1,1,1,0,0,0,0,alto
1,10000.0,0,0.0,1,6,1,0,0,1,1,1,1,0,0,1,1,medio_alto
1,10000.0,0,0.0,7,2,1,0,0,1,0,1,0,0,0,0,0,alto
15,35000.0,112,0.375,3,1,1,0,0,0,0,0,1,0,0,0,0,medio_baixo
1,10000.0,8,0.875,2,2,1,0,0,0,1,0,1,0,0,0,0,baixo
8,10000.0,21,0.3333333333333333,1,4,1,1,0,0,0,0,0,0,0,0,0,medio_alto
1,0.0,0,0.0,2,1,1,0,0,1,0,1,0,0,0,0,0,medio_alto
1,0.0,0,0.0,0,0,1,0,0,0,0,0,0,0,0,0,0,gratuito
2,10000.0,3,1.0,1,3,1,1,1,1,0,0,0,1,0,1,1,baixo
1,10000.0,3,0.3333333333333333,1,5,1,0,0,0,1,0,1,1,0,0,1,baixo
5,10000.0,0,0.0,29,2,1,0,0,0,1,0,0,1,0,0,0,baixo
3,75000.0,78,0.9743589743589743,2,1,1,0,0,0,0,0,1,0,0,0,0,medio_alto
5,10000.0,27,0.7037037037037037,1,2,1,0,0,0,1,0,0,0,0,0,0,baixo
2,0.0,0,0.0,13,5,1,0,0,0,1,1,1,0,0,0,1,gratuito
10,150000.0,735,0.7741496598639456,10,2,1,1,0,0,1,0,1,0,0,0,0,baixo
2,0.0,0,0.0,103,2,1,0,0,0,0,0,0,1,0,1,0,baixo
9,10000.0,22,0.5454545454545454,1,3,1,0,0,0,1,1,1,0,0,0,0,alto
2,10000.0,7,1.0,2,3,1,1,1,0,1,1,0,1,0,0,0,medio_alto
6,10000.0,6,0.8333333333333334,1,2,1,0,0,0,0,0,1,1,0,0,0,medio_alto
2,10000.0,4,1.0,1,1,1,0,0,0,0,1,0,0,0,0,0,medio_baixo
2,10000.0,61,0.9016393442622951,28,2,1,0,0,0,0,0,1,0,0,0,1,alto
1,10000.0,0,0.0,10,3,1,0,0,0,1,0,0,1,0,0,1,medio_baixo
3,75000.0,1344,0.7767857142857143,21,2,1,0,0,1,1,0,1,0,0,0,0,medio_baixo
2,35000.0,108,0.7870370370370371,11,3,1,0,1,0,1,1,1,0,0,0,0,medio_alto
1,10000.0,0,0.0,10,4,1,0,0,0,1,1,1,0,0,0,0,alto
7,10000.0,13,0.5384615384615384,1,1,1,0,0,0,0,0,0,0,0,0,0,alto
1,10000.0,0,0.0,7,4,1,0,0,0,1,0,0,1,0,1,0,baixo
5,1500000.0,38711,0.9202035597117099,11,2,1,0,0,10,1,1,0,0,0,0,0,alto
4,150000.0,1673,0.9539748953974896,11,2,1,1,0,0,1,0,0,1,0,0,0,medio_alto
1,0.0,0,0.0,1,3,1,0,0,0,0,1,1,0,1,0,0,medio_baixo
1,75000.0,6,0.8333333333333334,1,2,1,0,0,0,1,1,0,0,0,0,0,baixo
3,10000.0,5,1.0,1,2,1,0,0,0,1,0,0,1,0,0,0,medio_baixo
4,10000.0,3,0.3333333333333333,1,1,1,0,0,0,0,0,0,1,0,0,0,baixo
2,10000.0,0,0.0,1,3,1,0,0,0,1,0,0,1,0,1,0,medio_baixo
5,10000.0,357,0.9299719887955182,1,3,1,0,0,0,0,0,1,1,0,0,1,medio_baixo
6,10000.0,14,1.0,1,2,1,0,0,0,1,1,0,0,0,0,0,medio_alto
7,75000.0,316,0.8955696202531646,1,3,1,1,1,0,1,0,1,0,0,0,0,gratuito
3,10000.0,0,0.0,1,6,1,0,0,0,1,1,1,0,1,0,1,alto
3,35000.0,22,0.8636363636363636,2,2,1,0,0,2,1,0,1,0,0,0,0,medio_baixo
1,10000.0,0,0.0,1,4,1,0,0,1,1,0,0,1,0,1,0,alto
7,75000.0,282,0.524822695035461,2,3,1,0,0,0,0,1,0,0,0,0,0,gratuito
4,10000.0,10,0.8,1,2,1,1,1,0,1,1,0,0,0,0,0,alto
8,35000.0,418,0.8444976076555024,3,5,1,1,1,1,1,0,1,1,0,1,0,alto
1,10000.0,0,0.0,27,1,1,0,0,0,0,1,0,0,0,0,0,medio_alto
4,10000.0,13,0.7692307692307693,1,2,1,0,0,0,1,1,0,0,0,0,0,baixo
8,10000.0,16,0.375,1,6,1,0,0,0,1,0,1,1,0,1,1,baixo
8,10000.0,4,0.75,1,2,1,1,0,1,1,1,0,0,0,0,0,medio_alto
5,75000.0,2280,0.9342105263157895,2,1,1,0,0,1,0,0,0,0,1,0,0,medio_alto
5,0.0,0,0.0,0,0,1,0,0,0,0,0,0,0,0,0,0,gratuito
1,10000.0,0,0.0,1,1,1,0,0,0,0,0,0,1,0,0,0,medio_baixo
2,10000.0,0,0.0,17,3,1,0,0,1,1,0,0,1,0,0,0,gratuito
8,35000.0,30,0.9666666666666667,11,3,1,1,0,0,1,0,0,1,0,1,0,alto
11,35000.0,252,0.6547619047619048,5,3,1,0,0,1,1,1,0,1,0,0,0,baixo
8,10000.0,20,0.5,1,3,1,0,0,0,1,1,0,1,0,0,0,gratuito
8,10000.0,19,0.47368421052631576,3,4,1,0,0,0,1,1,1,0,0,1,0,alto
11,10000.0,53,0.8679245283018868,2,2,1,0,0,0,1,0,0,0,0,0,1,alto
1,0.0,0,0.0,0,0,1,0,0,0,0,0,0,0,0,0,0,gratuito
7,10000.0,0,0.0,1,2,1,0,0,0,1,0,0,1,0,0,0,medio_baixo
2,10000.0,8,1.0,2,5,1,0,0,0,1,0,0,0,1,1,1,baixo
1,10000.0,0,0.0,1,3,1,0,0,0,1,0,1,1,0,0,0,medio_baixo
2,0.0,0,0.0,0,0,1,0,0,0,0,0,0,0,0,0,0,gratuito
9,35000.0,207,0.7922705314009661,2,1,1,0,0,0,0,0,0,1,0,0,0,baixo
4,35000.0,1,1.0,1,2,1,0,0,0,1,0,0,1,0,0,0,medio_baixo
8,10000.0,2,1.0,1,1,1,0,0,0,0,0,0,1,0,0,0,medio_baixo
1,10000.0,0,0.0,1,4,1,0,0,0,0,0,1,0,1,0,0,gratuito
6,10000.0,6,0.6666666666666666,2,1,1,1,0,0,0,0,1,0,0,0,0,medio_baixo
3,10000.0,2,0.0,0,5,1,0,0,0,1,1,1,0,1,1,0,medio_alto
4,35000.0,138,0.782608695652174,3,2,1,0,0,1,0,0,1,0,1,0,0,medio_baixo
9,350000.0,3981,0.747550866616428,7,4,1,0,0,1,0,0,1,0,1,1,0,gratuito
1,10000.0,6,1.0,1,1,1,1,1,0,0,1,0,0,0,0,0,medio_alto
3,10000.0,39,0.9743589743589743,1,4,1,0,0,1,1,1,0,1,0,0,0,medio_baixo
1,75000.0,650,0.7169230769230769,7,4,1,1,0,0,1,0,0,0,1,1,1,alto
1,10000.0,0,0.0,2,3,1,0,0,0,1,0,1,0,0,1,0,baixo
8,10000.0,93,0.12903225806451613,4,1,1,0,0,0,0,0,1,0,0,0,0,baixo
7,10000.0,22,0.6818181818181818,1,2,1,0,0,1,1,1,0,0,0,0,0,medio_alto
5,0.0,0,0.0,1,5,1,0,0,0,1,1,0,1,0,0,0,gratuito
1,10000.0,7,0.7142857142857143,3,3,1,0,0,0,1,0,0,0,1,0,1,medio_alto
10,150000.0,487,0.5790554414784395,2,2,1,0,0,0,1,0,1,0,0,0,0,baixo
9,10000.0,8,0.125,1,4,1,0,0,0,0,0,1,0,0,1,1,gratuito
1,10000.0,0,0.0,4,2,1,0,0,0,0,0,0,0,1,1,0,medio_alto
4,35000.0,2,1.0,1,1,1,0,0,0,0,0,0,0,0,0,1,medio_baixo
1,10000.0,0,0.0,1,2,1,0,0,0,1,0,1,0,0,0,0,alto
2,10000.0,52,0.8653846153846154,3,3,1,0,0,0,1,0,1,1,0,0,0,medio_alto
6,10000.0,35,0.7428571428571429,29,2,1,0,0,1,1,0,0,1,0,0,0,baixo
11,10000.0,1,1.0,1,3,1,1,1,0,1,1,0,1,0,0,0,medio_baixo
1,0.0,0,0.0,103,6,1,0,0,0,0,1,1,1,0,1,1,baixo
1,10000.0,0,0.0,1,3,1,0,0,0,1,0,0,1,0,1,0,medio_baixo
5,10000.0,2,0.5,2,5,1,0,0,0,1,0,0,1,1,1,1,alto
1,0.0,0,0.0,0,0,1,0,0,0,0,0,0,0,0,0,0,gratuito
9,35000.0,52,0.6153846153846154,1,3,1,0,0,0,1,1,0,0,0,0,0,gratuito
2,10000.0,0,0.0,1,2,1,0,0,0,0,0,0,1,0,0,0,baixo
2,10000.0,0,0.0,1,1,1,0,0,0,0,1,0,0,0,0,0,alto
2,0.0,0,0.0,1,3,1,0,0,0,1,0,1,0,0,0,0,gratuito
1,10000.0,0,0.0,1,2,1,0,1,0,0,1,0,0,0,1,0,medio_alto
10,7500000.0,2565,0.5228070175438596,1,1,1,0,0,0,0,0,0,0,0,0,0,gratuito
2,10000.0,3,1.0,1,4,1,1,1,0,1,1,1,1,0,0,0,medio_alto
10,10000.0,33,0.6060606060606061,9,1,1,0,0,0,0,0,0,0,0,0,0,gratuito
5,10000.0,0,0.0,1,2,1,0,0,2,1,0,0,1,0,0,0,baixo
5,10000.0,7,1.0,1,3,1,0,0,0,1,1,0,0,0,0,0,medio_baixo
1,0.0,0,0.0,0,0,1,0,0,0,0,0,0,0,0,0,0,gratuito
1,10000.0,0,0.0,1,2,1,0,0,0,0,1,1,0,0,0,0,baixo
8,10000.0,24,0.7916666666666666,2,2,1,0,0,0,1,0,0,1,0,0,0,medio_baixo
1,10000.0,0,0.0,9,3,1,0,0,0,1,1,1,0,0,0,0,alto
4,10000.0,30,0.36666666666666664,2,4,1,0,0,0,1,1,0,0,1,0,0,medio_baixo
2,10000.0,4,1.0,1,3,1,0,0,0,1,1,1,0,0,0,0,medio_baixo
3,10000.0,2,0.5,1,2,1,0,0,0,1,1,0,0,0,0,0,medio_alto
3,10000.0,69,0.782608695652174,1,5,1,0,0,0,1,0,1,1,1,0,1,medio_alto
3,0.0,0,0.0,0,0,1,0,0,0,0,0,0,0,0,0,0,gratuito
1,0.0,0,0.0,0,0,1,0,0,0,0,0,0,0,0,0,0,gratuito
1,10000.0,0,0.0,13,3,1,0,0,0,1,1,0,1,0,0,0,medio_baixo
4,350000.0,3987,0.8680712315023827,9,1,1,0,0,0,0,1,0,0,0,0,0,alto
3,0.0,0,0.0,1,4,1,0,0,0,1,0,1,0,0,0,1,gratuito
11,150000.0,1121,0.7546833184656556,6,3,1,1,1,0,1,0,0,0,1,1,0,medio_baixo
3,10000.0,10,0.6,1,2,1,0,0,0,1,0,0,0,1,0,0,baixo
2,0.0,0,0.0,1,3,1,0,0,0,1,0,0,1,0,1,0,gratuito
2,0.0,0,0.0,103,3,1,0,1,3,1,0,0,1,0,0,0,gratuito
6,10000.0,39,0.8205128205128205,2,2,1,0,1,0,1,0,0,1,0,0,0,medio_baixo
3,10000.0,4,1.0,1,3,1,0,0,0,1,0,0,1,1,0,0,alto
4,10000.0,7,0.5714285714285714,1,3,1,0,0,0,1,0,0,1,0,1,0,baixo
4,35000.0,15,0.7333333333333333,1,2,1,0,0,0,1,1,0,0,0,0,0,medio_alto
6,1500000.0,8686,0.7685931383836058,8,2,1,0,1,0,1,0,1,0,0,0,0,medio_baixo
8,35000.0,61,0.7377049180327869,1,2,1,0,0,0,0,0,1,1,0,0,0,baixo
3,0.0,0,0.0,1,3,1,1,0,1,1,0,1,0,0,0,0,gratuito
4,0.0,0,0.0,1,2,1,0,1,0,1,0,0,0,1,0,0,gratuito
7,10000.0,9,0.4444444444444444,1,5,1,0,0,0,0,1,1,0,0,0,1,medio_alto
2,0.0,0,0.0,1,3,1,0,0,0,0,0,1,0,1,0,0,gratuito
1,10000.0,2,1.0,1,3,1,0,0,0,1,1,0,1,0,0,0,medio_baixo
1,10000.0,5,1.0,1,6,1,0,0,0,1,1,1,1,0,0,1,alto
8,10000.0,13,0.6153846153846154,15,5,1,0,0,0,0,1,0,1,0,0,1,medio_baixo
2,10000.0,18,0.6666666666666666,6,4,1,1,0,0,0,0,1,1,0,1,1,medio_baixo
6,10000.0,0,0.0,1,1,1,0,0,0,1,0,0,0,0,0,0,medio_alto
13,1500000.0,26177,0.953470603965313,10,2,1,0,0,2,0,1,1,0,0,0,0,medio_alto
4,150000.0,983,0.8636826042726348,3,4,1,1,0,1,1,0,1,0,1,1,0,medio_alto
6,10000.0,7,0.2857142857142857,1,3,1,0,0,0,0,0,1,0,0,0,1,alto
2,10000.0,3,1.0,9,2,1,0,0,0,1,0,1,0,0,0,0,medio_baixo
4,10000.0,4,0.75,1,3,1,0,0,0,1,0,0,0,0,1,1,medio_alto
9,10000.0,54,0.8703703703703703,1,2,1,1,1,0,1,1,0,0,0,0,0,alto
3,10000.0,2,0.5,2,2,1,0,0,0,1,0,0,1,0,0,0,medio_baixo
10,350000.0,2739,0.8473895582329317,9,3,1,1,1,0,1,1,0,0,0,0,0,medio_alto
2,0.0,0,0.0,1,3,1,0,0,0,1,1,0,0,0,0,0,gratuito
4,10000.0,29,0.7241379310344828,2,3,1,0,0,1,1,0,0,1,0,0,0,medio_alto
2,350000.0,9705,0.863678516228748,1,3,1,0,0,4,1,0,0,0,1,0,1,medio_alto
4,75000.0,70,0.38571428571428573,1,3,1,0,0,0,1,1,1,0,0,0,0,medio_baixo
11,150000.0,157,0.8598726114649682,2,2,1,1,1,0,1,1,0,0,0,0,0,baixo
1,10000.0,0,0.0,1,3,1,0,0,0,1,1,0,1,0,0,0,alto
7,10000.0,28,0.42857142857142855,1,2,1,0,0,0,0,0,0,0,0,0,0,medio_alto
3,0.0,0,0.0,0,0,1,0,0,0,0,0,0,0,0,0,0,gratuito
1,10000.0,0,0.0,1,2,1,0,0,0,0,0,0,0,0,1,1,baixo
11,10000.0,39,0.48717948717948717,2,2,1,0,0,0,1,1,0,0,0,0,0,medio_baixo
1,0.0,0,0.0,0,0,1,0,0,0,0,0,0,0,0,0,0,gratuito
5,0.0,0,0.0,0,0,1,0,0,0,0,0,0,0,0,0,0,gratuito
7,10000.0,7,0.14285714285714285,3,5,1,0,0,0,1,1,1,1,1,0,0,baixo
4,0.0,0,0.0,0,0,1,0,0,0,0,0,0,0,0,0,0,gratuito
2,10000.0,4,1.0,2,3,1,0,0,0,1,1,0,0,0,1,0,medio_baixo
5,35000.0,435,0.9057471264367816,1,3,1,0,0,0,1,0,0,1,0,0,0,gratuito
1,10000.0,0,0.0,1,3,1,1,1,0,1,1,1,0,0,0,0,medio_alto
10,10000.0,32,0.96875,1,4,1,0,0,0,1,0,1,1,1,0,0,medio_baixo
4,10000.0,85,0.8588235294117647,1,3,1,0,0,0,1,0,1,1,0,0,0,baixo
1,10000.0,0,0.0,1,1,1,0,0,0,0,0,0,0,0,0,1,medio_baixo
7,10000.0,9,0.7777777777777778,1,3,1,0,0,0,1,0,0,0,0,0,1,baixo
4,10000.0,16,0.375,14,2,1,0,0,0,0,0,0,1,0,1,0,medio_baixo
2,150000.0,2595,0.8597302504816956,11,2,1,1,0,1,1,0,1,0,0,0,0,alto
2,10000.0,0,0.0,1,6,1,1,0,0,1,1,1,1,0,0,1,medio_baixo
3,10000.0,1,1.0,3,1,1,0,0,0,0,0,0,1,0,0,0,baixo
8,75000.0,276,0.5942028985507246,27,3,1,0,0,0,1,0,1,1,0,0,0,baixo
3,75000.0,202,0.8861386138613861,1,2,1,1,0,1,1,0,1,0,0,0,0,medio_baixo
3,10000.0,4,0.5,1,5,1,0,1,0,1,1,0,0,0,1,1,alto
3,10000.0,0,0.0,1,2,1,0,0,0,0,0,0,1,0,0,1,medio_alto
4,10000.0,0,0.0,1,2,1,1,0,0,1,0,0,0,0,1,0,baixo
4,10000.0,14,0.9285714285714286,1,4,1,0,0,0,1,1,1,0,0,1,0,gratuito
3,10000.0,12,0.9166666666666666,5,2,1,0,0,0,0,0,0,1,0,0,1,medio_baixo
6,10000.0,1,1.0,1,1,1,1,0,0,1,0,0,0,0,0,0,medio_alto
4,10000.0,4,0.75,1,4,1,1,0,0,1,1,0,1,0,0,1,baixo
6,10000.0,2,1.0,1,5,1,0,0,0,1,1,1,1,0,1,0,baixo
8,10000.0,15,0.8,2,3,1,0,0,0,1,1,0,1,0,0,0,medio_baixo
2,10000.0,121,0.8512396694214877,6,3,1,0,0,0,1,0,1,0,0,0,0,gratuito
1,0.0,0,0.0,0,0,1,0,0,0,0,0,0,0,0,0,0,gratuito
2,0.0,0,0.0,103,3,1,0,0,0,0,1,1,0,0,0,1,medio_baixo
8,10000.0,0,0.0,1,2,1,0,0,0,1,0,0,1,0,0,0,gratuito
7,10000.0,44,0.6590909090909091,11,3,1,1,1,1,1,1,0,1,0,0,0,medio_alto
10,10000.0,21,0.8095238095238095,1,3,1,0,0,1,1,1,1,0,0,0,0,baixo
1,10000.0,1,1.0,12,3,1,0,0,0,1,1,0,0,0,0,1,baixo
10,10000.0,126,0.7619047619047619,1,3,1,1,1,1,1,1,0,0,0,1,0,alto
8,10000.0,86,0.7790697674418605,2,6,1,1,1,0,1,1,0,1,0,0,0,baixo
4,10000.0,0,0.0,1,2,1,0,0,0,0,0,0,0,1,0,1,medio_alto
9,10000.0,9,0.5555555555555556,1,5,1,0,0,0,0,1,1,1,0,1,0,alto
1,0.0,0,0.0,1,2,1,1,0,0,1,0,0,0,0,0,1,medio_alto
4,0.0,0,0.0,0,0,1,0,0,0,0,0,0,0,0,0,0,gratuito
10,35000.0,76,0.7236842105263158,5,2,1,1,0,0,0,0,1,1,0,0,0,baixo
1,10000.0,0,0.0,1,6,1,0,0,0,1,1,1,0,0,0,1,medio_alto
1,0.0,0,0.0,1,2,1,0,0,0,1,0,0,1,0,0,0,medio_baixo
4,10000.0,0,0.0,2,2,1,0,1,0,0,0,0,1,0,0,1,baixo
1,0.0,0,0.0,0,0,1,0,0,0,0,0,0,0,0,0,0,gratuito
7,10000.0,0,0.0,1,3,1,0,0,0,1,1,0,0,0,0,1,medio_baixo
9,35000.0,19,0.7368421052631579,4,1,1,0,0,0,0,0,0,1,0,0,0,alto
1,0.0,0,0.0,0,0,1,0,0,0,0,0,0,0,0,0,0,gratuito
5,10000.0,22,0.8181818181818182,1,3,1,0,0,0,1,0,1,1,0,0,0,medio_baixo
3,35000.0,1510,0.9880794701986755,5,2,1,1,1,0,1,0,1,0,0,0,0,medio_alto
1,10000.0,47,0.9574468085106383,3,3,1,0,1,1,1,0,1,1,0,0,0,medio_alto
2,10000.0,1,1.0,2,3,1,0,0,0,1,1,1,0,0,0,0,alto
1,0.0,0,0.0,1,3,1,1,0,0,1,0,0,1,0,0,1,medio_alto
8,10000.0,49,0.9183673469387755,2,3,1,0,0,0,1,1,0,1,0,0,0,medio_alto
5,10000.0,1,0.0,1,3,1,0,0,0,1,1,0,1,0,0,0,medio_alto
9,150000.0,530,0.6641509433962264,1,1,1,0,0,0,0,0,0,0,0,0,0,medio_baixo
2,10000.0,6,1.0,1,3,1,0,0,0,1,0,0,0,0,1,1,medio_baixo
4,0.0,0,0.0,0,0,1,0,0,0,0,0,0,0,0,0,0,gratuito
3,10000.0,187,0.4117647058823529,3,4,1,0,0,0,1,0,0,1,0,0,0,gratuito
3,75000.0,1209,0.9520264681555004,16,3,1,0,0,1,1,0,0,1,0,0,1,medio_baixo
8,35000.0,669,0.8385650224215246,12,1,1,0,0,18,0,1,0,0,0,0,0,baixo
1,10000.0,1,1.0,1,3,1,0,0,0,0,1,1,0,0,0,0,alto
1,0.0,0,0.0,0,0,1,0,0,0,0,0,0,0,0,0,0,gratuito
9,10000.0,7,0.7142857142857143,1,2,1,0,0,0,0,1,1,0,0,0,0,medio_baixo
1,10000.0,92,0.9456521739130435,3,3,1,0,0,1,1,0,1,1,0,0,0,medio_baixo
2,10000.0,7,1.0,1,1,1,0,0,0,0,0,0,1,0,0,0,medio_alto
7,10000.0,13,0.7692307692307693,1,2,1,1,1,0,1,0,0,0,0,1,0,medio_alto
1,10000.0,0,0.0,1,1,1,1,1,0,0,0,0,0,0,0,1,medio_alto
9,10000.0,10,0.5,1,3,1,1,1,0,1,0,0,1,0,1,0,medio_alto
6,10000.0,2,0.0,1,1,1,1,0,0,0,0,0,0,0,0,0,medio_baixo
7,35000.0,466,0.9206008583690987,3,2,1,1,0,0,1,0,0,1,0,0,0,baixo
4,10000.0,9,0.4444444444444444,1,3,1,0,0,0,1,1,0,0,0,0,1,medio_alto
8,10000.0,10,0.9,1,2,1,0,0,0,1,0,1,0,0,0,0,alto
5,10000.0,4,0.75,7,3,1,0,1,0,1,1,1,0,0,0,0,medio_baixo
2,35000.0,9,1.0,1,3,1,1,1,0,1,0,0,0,1,0,0,medio_baixo
4,35000.0,2,0.5,3,2,1,0,1,0,0,0,0,1,0,1,0,medio_baixo
8,75000.0,730,0.8027397260273973,3,2,1,0,0,0,1,0,0,1,0,0,0,medio_alto
1,10000.0,0,0.0,1,5,1,0,0,0,1,1,0,1,0,0,1,medio_baixo
1,10000.0,1,1.0,1,3,1,0,0,0,1,0,1,0,1,0,0,baixo
7,10000.0,25,0.76,1,3,1,0,0,0,0,0,0,1,0,0,1,gratuito
2,10000.0,16,1.0,23,1,1,0,0,0,0,0,0,1,0,0,0,baixo
7,10000.0,74,0.9054054054054054,1,3,1,0,0,0,1,1,0,0,0,0,0,alto
6,10000.0,251,0.8446215139442231,1,2,1,1,1,1,1,0,0,0,0,1,0,alto
4,0.0,0,0.0,1,3,1,0,0,0,0,0,0,0,0,0,1,gratuito
2,10000.0,52,0.9615384615384616,10,3,1,0,0,7,0,0,0,1,1,0,0,medio_alto
6,10000.0,27,0.5185185185185185,1,3,1,0,0,0,0,0,0,0,0,0,1,gratuito
9,10000.0,222,0.7477477477477478,10,3,1,0,0,1,1,1,1,0,0,0,0,baixo
2,10000.0,26,0.38461538461538464,9,1,1,0,0,0,0,1,0,0,0,0,0,medio_alto
1,10000.0,3,1.0,1,3,1,0,0,0,1,1,0,0,0,1,0,baixo
11,350000.0,947,0.7465681098204857,2,3,1,0,0,1,1,1,0,0,0,0,0,baixo
2,10000.0,0,0.0,2,2,1,0,0,0,1,0,0,1,0,0,0,baixo
4,35000.0,9,0.7777777777777778,1,4,1,0,0,0,1,1,1,0,0,0,0,gratuito
3,10000.0,102,0.9215686274509803,10,2,1,0,0,0,1,0,0,1,0,0,0,baixo
2,0.0,0,0.0,1,4,1,0,0,0,1,1,1,0,0,0,0,gratuito
10,10000.0,41,0.5853658536585366,1,3,1,0,0,0,1,1,0,1,0,0,0,gratuito
4,10000.0,0,0.0,1,1,1,0,0,0,1,0,0,0,0,0,0,medio_baixo
2,0.0,0,0.0,0,0,1,0,0,0,0,0,0,0,0,0,0,gratuito
3,10000.0,22,0.5909090909090909,2,1,1,0,0,0,0,0,0,0,0,0,1,medio_alto
6,10000.0,4,0.25,1,1,1,0,0,0,1,0,0,0,0,0,0,baixo
1,10000.0,0,0.0,1,4,1,0,0,0,1,1,1,0,1,0,0,alto
1,0.0,0,0.0,8,3,1,0,0,0,1,1,1,0,0,0,0,medio_baixo
1,0.0,0,0.0,2,4,1,0,0,0,1,0,0,1,1,0,0,gratuito
9,75000.0,855,0.87953216374269,1,2,1,1,1,1,1,1,0,0,0,0,0,alto
2,10000.0,38,0.868421052631579,1,4,1,0,0,0,0,1,1,1,0,0,1,baixo
6,10000.0,29,0.8620689655172413,1,3,1,0,0,2,1,0,1,1,0,0,0,medio_baixo
10,10000.0,30,0.5666666666666667,9,1,1,0,0,0,0,0,0,0,0,0,0,gratuito
1,350000.0,5252,0.9274562071591774,30,3,1,1,0,0,0,0,0,0,1,1,0,alto
2,10000.0,2,1.0,1,3,1,0,0,0,1,0,1,0,1,0,0,alto
4,350000.0,5972,0.9392163429336906,2,4,1,1,1,2,1,0,1,0,1,1,0,alto
2,10000.0,4,0.75,2,2,1,0,0,1,1,0,1,0,0,0,0,medio_baixo
5,10000.0,52,0.7307692307692307,1,4,1,0,0,1,1,0,1,0,1,0,0,alto
4,10000.0,70,0.9,3,10,1,0,1,0,1,0,0,1,1,0,1,medio_alto
2,10000.0,0,0.0,1,3,1,0,0,0,1,1,0,1,0,0,0,medio_alto
3,10000.0,1,1.0,1,1,1,0,0,0,1,0,0,0,0,0,0,medio_alto
2,0.0,0,0.0,2,2,1,0,0,0,0,0,1,0,0,1,0,gratuito
1,0.0,0,0.0,12,4,1,0,0,0,1,0,0,1,0,0,0,gratuito
5,75000.0,1029,0.8172983479105929,10,4,1,0,0,0,1,1,1,1,0,0,0,baixo
4,0.0,0,0.0,9,3,1,0,0,0,1,1,1,0,0,0,0,gratuito
3,10000.0,0,0.0,3,4,1,0,0,0,0,0,1,0,1,1,1,alto
3,0.0,0,0.0,0,0,1,0,0,0,0,0,0,0,0,0,0,gratuito
10,750000.0,643,0.7309486780715396,1,4,1,0,0,0,1,1,1,1,0,0,0,baixo
8,150000.0,1911,0.6420722135007849,12,1,1,0,0,0,0,0,0,0,0,0,1,medio_alto
1,0.0,0,0.0,0,0,1,0,0,0,0,0,0,0,0,0,0,gratuito
1,10000.0,56,0.7857142857142857,5,1,1,0,0,0,0,0,0,0,0,1,0,alto
4,10000.0,0,0.0,1,3,1,0,0,0,1,0,0,0,1,0,1,alto
3,0.0,0,0.0,0,0,1,0,0,0,0,0,0,0,0,0,0,gratuito
1,10000.0,0,0.0,1,1,1,0,0,0,0,0,1,0,0,0,0,baixo
3,10000.0,1,1.0,1,2,1,0,0,0,1,0,0,0,0,1,0,medio_alto
3,35000.0,119,0.7815126050420168,5,4,1,0,0,1,1,1,0,0,1,0,0,alto
4,10000.0,27,0.37037037037037035,1,3,1,0,0,0,1,0,0,0,0,1,1,baixo
7,10000.0,33,0.5454545454545454,7,4,1,0,0,0,1,1,0,1,0,1,0,medio_baixo
1,0.0,0,0.0,5,1,1,1,1,0,0,0,0,1,0,0,0,baixo
6,150000.0,5,0.4,1,4,1,1,1,0,1,0,1,1,1,0,0,medio_alto
11,350000.0,365,0.36712328767123287,8,5,1,0,0,0,1,1,1,1,0,0,1,medio_baixo
9,10000.0,43,0.813953488372093,1,2,1,0,0,0,1,1,0,0,0,0,0,gratuito
6,10000.0,169,0.8047337278106509,1,4,1,1,0,0,1,1,1,0,1,0,0,baixo
9,10000.0,11,0.6363636363636364,1,3,1,1,1,0,1,0,0,0,0,1,1,medio_baixo
8,10000.0,11,0.6363636363636364,3,4,1,1,0,0,1,1,1,0,1,0,0,alto
7,10000.0,27,0.5555555555555556,1,3,1,0,0,0,1,0,0,0,0,1,0,gratuito
2,0.0,0,0.0,0,0,1,0,0,0,0,0,0,0,0,0,0,gratuito
6,10000.0,0,0.0,1,3,1,0,0,0,1,0,0,1,0,0,0,medio_alto
6,10000.0,145,0.8620689655172413,9,2,1,0,0,0,1,1,0,0,0,0,0,gratuito
6,35000.0,76,0.9605263157894737,2,2,1,0,0,1,0,0,0,0,0,0,0,gratuito
8,35000.0,455,0.6351648351648351,2,2,1,0,0,0,1,1,0,0,0,0,0,baixo
1,10000.0,0,0.0,9,3,1,0,1,0,1,0,0,1,0,0,0,medio_alto
11,10000.0,43,0.9302325581395349,1,2,1,1,1,0,1,0,0,0,1,0,0,medio_baixo
5,10000.0,142,0.6901408450704225,11,2,1,1,1,2,1,0,0,0,0,1,0,baixo
7,10000.0,17,0.8823529411764706,1,5,1,0,0,0,1,1,1,1,1,0,0,gratuito
5,10000.0,0,0.0,29,6,1,1,1,0,1,1,1,1,1,1,0,baixo
5,10000.0,7,0.8571428571428571,1,3,1,0,0,0,1,1,0,0,0,0,0,baixo
3,10000.0,0,0.0,29,1,1,0,0,1,0,0,0,0,0,0,1,alto
4,75000.0,49,0.5510204081632653,5,5,1,0,1,0,1,0,1,1,1,0,0,alto
1,150000.0,675,0.8725925925925926,8,2,1,0,0,1,0,0,0,0,0,1,1,alto
8,10000.0,94,0.8829787234042553,1,2,1,1,1,0,0,0,0,1,0,0,1,alto
6,35000.0,222,0.918918918918919,1,3,1,0,0,0,1,0,1,0,0,0,0,gratuito
6,10000.0,52,0.7692307692307693,1,7,1,0,0,0,1,1,1,0,0,0,1,gratuito
7,35000.0,75,0.6,1,7,1,1,0,2,1,1,1,1,0,0,1,gratuito
9,10000.0,24,0.6666666666666666,11,2,1,1,0,0,1,1,0,0,0,0,0,medio_alto
2,10000.0,0,0.0,1,1,1,1,0,0,0,0,0,1,0,0,0,baixo
8,10000.0,34,0.8823529411764706,2,3,1,0,0,0,1,0,1,0,1,0,0,medio_alto
2,10000.0,0,0.0,3,4,1,0,0,0,1,0,1,0,1,0,1,alto
1,10000.0,22,1.0,9,2,1,0,0,1,0,1,1,0,0,0,0,medio_alto
1,10000.0,0,0.0,2,3,1,0,0,0,1,0,1,1,0,0,0,medio_baixo
9,350000.0,811,0.7891491985203453,1,4,1,1,1,3,1,0,0,0,1,1,1,medio_baixo
6,10000.0,27,0.9259259259259259,4,4,1,0,0,0,1,1,0,1,0,1,0,gratuito
2,10000.0,0,0.0,5,1,1,1,1,0,0,0,0,1,0,0,0,alto
4,10000.0,68,0.5882352941176471,2,3,1,0,0,0,1,1,1,0,0,0,0,baixo
6,35000.0,8,0.625,1,4,1,0,0,0,1,0,0,0,0,1,1,medio_alto
7,10000.0,28,0.5714285714285714,7,3,1,1,0,0,1,1,1,0,0,0,0,medio_baixo
7,10000.0,7,1.0,1,2,1,0,0,0,0,1,0,1,0,0,0,medio_alto
3,0.0,0,0.0,1,3,1,0,0,0,0,1,1,0,0,0,0,gratuito
9,75000.0,349,0.9025787965616046,3,5,1,0,0,0,1,1,1,0,0,0,0,gratuito
4,10000.0,38,0.7894736842105263,2,2,1,0,0,1,1,0,0,1,0,0,0,medio_baixo
3,10000.0,0,0.0,1,2,1,1,1,0,1,0,0,1,0,0,0,baixo
9,10000.0,8,0.625,2,1,1,0,0,0,0,0,0,1,0,0,0,medio_baixo
4,75000.0,928,0.8879310344827587,8,2,1,0,0,1,0,1,1,0,0,0,0,alto
1,0.0,0,0.0,1,3,1,0,0,0,0,1,0,0,0,0,0,gratuito
13,35000.0,152,0.7171052631578947,1,2,1,0,0,0,0,0,1,1,0,0,0,medio_alto
11,10000.0,55,0.6181818181818182,2,3,1,1,0,0,1,0,0,1,0,0,0,medio_alto
3,10000.0,262,0.9923664122137404,3,1,1,1,0,0,0,0,0,0,1,0,0,medio_baixo
7,35000.0,890,0.9415730337078652,11,3,1,1,1,0,1,1,1,0,0,0,0,alto
2,10000.0,16,0.875,10,2,1,1,0,0,1,0,0,1,0,0,0,medio_alto
5,0.0,0,0.0,0,0,1,0,0,0,0,0,0,0,0,0,0,gratuito
9,10000.0,58,0.7931034482758621,1,4,1,0,1,1,1,0,1,1,0,0,0,gratuito
4,35000.0,293,0.6655290102389079,8,4,1,0,0,1,1,0,0,0,1,1,0,alto
4,0.0,0,0.0,1,2,1,0,0,0,1,0,0,1,0,0,0,baixo
9,35000.0,275,0.92,2,2,1,1,1,0,1,0,0,1,0,0,0,medio_alto
5,10000.0,1,1.0,1,2,1,0,0,0,0,0,0,1,0,0,1,medio_baixo
6,10000.0,29,0.9310344827586207,1,4,1,1,1,0,1,0,1,1,1,0,0,medio_alto
4,150000.0,27,0.8888888888888888,1,2,1,1,0,0,1,1,0,0,0,0,0,baixo
4,10000.0,6,1.0,1,3,1,1,1,0,1,0,0,1,0,1,0,medio_alto
2,75000.0,978,0.7750511247443763,18,4,1,0,0,2,1,1,0,1,0,0,0,alto
1,1500000.0,21870,0.9436213991769548,4,5,1,1,0,2,1,0,1,0,1,1,1,alto
1,10000.0,9,0.5555555555555556,5,4,1,0,0,0,1,1,1,1,0,0,0,medio_alto
3,0.0,0,0.0,15,2,1,0,0,0,1,0,0,0,0,0,1,gratuito
1,0.0,0,0.0,0,0,1,0,0,0,0,0,0,0,0,0,0,gratuito
3,10000.0,14,1.0,1,2,1,1,1,0,0,1,0,1,0,0,0,medio_alto
4,10000.0,205,0.7560975609756098,4,3,1,0,0,34,1,1,0,1,0,0,0,baixo
8,35000.0,239,0.6652719665271967,1,3,1,1,0,0,1,0,0,1,0,0,1,baixo
7,35000.0,12,0.5833333333333334,1,3,1,0,0,0,1,1,1,0,0,0,0,baixo
5,75000.0,19,0.5263157894736842,2,1,1,0,0,0,1,0,0,0,0,0,0,baixo
1,10000.0,0,0.0,2,2,1,0,0,0,1,1,0,0,0,0,0,medio_alto
1,0.0,0,0.0,2,6,1,0,0,0,1,1,1,0,1,0,0,gratuito
6,10000.0,41,0.8780487804878049,4,4,1,1,1,1,1,1,0,1,0,1,0,baixo
4,150000.0,1115,0.8609865470852018,4,1,1,0,0,0,0,0,0,0,0,1,0,alto
5,75000.0,927,0.866235167206041,13,2,1,1,1,0,1,1,0,0,0,0,0,medio_alto
5,10000.0,0,0.0,1,1,0,0,1,0,0,0,1,0,0,0,0,medio_alto
5,10000.0,0,0.0,10,5,1,0,0,0,1,1,0,1,1,0,1,medio_baixo
3,35000.0,1606,0.821917808219178,9,2,1,0,0,0,1,0,1,0,0,0,0,medio_baixo
8,35000.0,1,0.0,1,1,1,1,0,0,0,0,0,1,0,0,0,medio_baixo
7,750000.0,12512,0.7282608695652174,13,6,1,0,0,9,0,1,1,1,1,1,0,alto
1,10000.0,0,0.0,1,2,1,0,0,0,1,0,0,1,0,0,0,medio_alto
1,10000.0,0,0.0,13,3,1,1,1,0,1,0,0,0,0,1,1,medio_baixo
8,10000.0,93,0.6129032258064516,1,2,1,0,0,0,1,0,0,0,0,0,0,baixo
4,10000.0,0,0.0,7,2,1,0,0,0,0,0,0,1,1,0,0,gratuito
3,10000.0,0,0.0,8,3,1,1,1,0,1,0,0,1,0,0,0,gratuito
2,10000.0,0,0.0,14,2,1,0,0,1,0,0,0,1,0,0,1,alto
5,10000.0,5,0.4,2,4,1,0,0,0,1,1,0,0,1,0,0,alto
2,10000.0,5,0.4,1,2,1,0,0,0,1,0,0,1,0,0,0,medio_baixo
1,10000.0,0,0.0,6,1,1,0,0,0,0,0,0,1,0,0,0,medio_alto
2,0.0,0,0.0,2,3,1,0,0,0,0,0,0,0,0,0,0,gratuito
3,10000.0,25,0.48,1,5,1,0,0,0,1,1,1,0,0,0,1,medio_baixo
7,10000.0,0,0.0,29,4,1,0,0,1,1,0,0,1,1,0,1,baixo
1,0.0,0,0.0,0,0,1,0,0,0,0,0,0,0,0,0,0,gratuito
2,10000.0,4,0.75,1,5,1,0,0,0,0,0,0,0,0,0,1,alto
6,10000.0,2,1.0,2,1,1,0,0,0,1,0,0,0,0,0,0,medio_baixo
1,10000.0,3,1.0,2,2,1,0,0,0,1,0,0,0,0,0,0,medio_alto
16,35000.0,184,0.8097826086956522,1,2,1,0,0,0,1,0,0,0,0,1,0,alto
2,0.0,0,0.0,1,3,1,0,0,0,1,0,0,0,0,0,1,gratuito
2,35000.0,2,0.0,1,4,1,0,0,0,1,1,0,0,0,0,0,gratuito
1,0.0,0,0.0,5,3,1,0,0,0,1,0,0,1,0,0,0,medio_alto
2,10000.0,6,0.16666666666666666,1,4,1,0,0,0,0,0,1,1,0,1,1,medio_alto
2,0.0,0,0.0,0,0,1,0,0,0,0,0,0,0,0,0,0,gratuito
2,10000.0,5,1.0,1,4,1,1,0,0,1,0,0,0,0,0,1,medio_alto
2,0.0,0,0.0,1,3,1,1,0,0,1,0,1,0,0,0,0,gratuito
7,10000.0,45,0.6222222222222222,1,3,1,0,0,0,1,0,0,0,1,1,0,alto
1,0.0,0,0.0,0,0,1,0,0,0,0,0,0,0,0,0,0,gratuito
2,10000.0,191,0.8115183246073299,12,4,1,0,0,1,1,1,1,0,1,0,0,medio_alto
11,10000.0,17,0.9411764705882353,1,1,1,0,0,0,0,0,0,1,0,0,0,medio_alto
3,10000.0,101,0.8217821782178217,10,4,1,0,0,1,1,1,1,1,0,0,0,alto
8,35000.0,2,0.5,1,3,1,0,0,0,1,1,0,1,0,0,0,medio_baixo
1,10000.0,0,0.0,1,4,1,0,0,0,1,0,1,0,1,0,1,alto
2,35000.0,14,0.8571428571428571,3,4,1,0,0,0,1,1,1,1,0,0,0,baixo
1,10000.0,622,0.72508038585209,16,3,1,0,0,0,1,1,0,0,0,0,1,medio_alto
12,35000.0,95,0.6736842105263158,7,1,1,0,0,0,0,0,0,1,0,0,0,baixo
2,10000.0,2,0.5,1,1,1,0,0,0,0,1,0,0,0,0,0,baixo
7,10000.0,7,0.7142857142857143,2,6,1,0,0,0,1,1,1,0,1,1,1,alto
1,0.0,0,0.0,11,5,1,0,0,0,1,1,1,0,1,1,0,baixo
7,10000.0,0,0.0,29,3,1,0,0,2,0,0,0,1,1,0,1,baixo
6,10000.0,15,0.8666666666666667,2,4,1,0,0,0,1,0,1,1,1,0,0,baixo
1,10000.0,0,0.0,1,2,1,0,0,0,1,0,0,1,0,0,0,baixo
8,10000.0,1,0.0,1,1,1,0,0,0,0,0,1,0,0,0,0,medio_baixo
4,0.0,0,0.0,1,3,1,0,0,0,1,0,0,1,0,0,0,gratuito
2,35000.0,635,0.7669291338582677,5,2,1,0,0,1,1,0,0,0,1,0,0,alto
2,10000.0,34,0.9411764705882353,15,2,1,0,0,0,1,0,1,0,0,0,0,medio_baixo
5,10000.0,462,0.5735930735930735,3,3,1,0,0,42,0,1,1,0,1,0,0,alto
11,10000.0,125,0.856,1,2,1,0,0,0,1,1,0,0,0,0,0,medio_baixo
7,35000.0,288,0.8090277777777778,6,6,1,1,0,1,1,1,1,0,0,1,1,medio_alto
2,10000.0,2,0.5,2,2,1,0,0,0,0,1,0,1,0,0,0,medio_baixo
2,10000.0,0,0.0,1,1,1,0,0,0,0,0,0,0,1,0,0,medio_baixo
6,35000.0,13,0.0,1,2,1,0,0,0,0,0,1,1,0,0,0,baixo
8,10000.0,29,0.7586206896551724,3,4,1,0,0,0,1,1,0,1,0,1,0,medio_alto
4,10000.0,0,0.0,5,1,1,0,0,0,0,0,0,1,0,0,0,medio_baixo
7,10000.0,37,0.8108108108108109,1,1,1,0,0,0,0,1,0,0,0,0,0,baixo
9,75000.0,74,0.4189189189189189,11,3,1,0,0,0,1,1,0,1,0,0,0,baixo
1,10000.0,7,0.5714285714285714,1,4,1,0,0,0,1,1,1,1,0,0,0,baixo
1,0.0,0,0.0,0,0,1,0,0,0,0,0,0,0,0,0,0,gratuito
2,150000.0,4,1.0,1,4,1,0,0,0,1,0,1,0,1,1,0,baixo
2,10000.0,7,0.8571428571428571,1,1,1,0,0,0,0,0,1,0,0,0,0,baixo
6,10000.0,0,0.0,2,4,1,0,0,0,1,1,1,1,0,0,0,medio_baixo
3,10000.0,0,0.0,3,5,1,0,0,0,1,0,0,1,1,1,1,medio_baixo
1,0.0,0,0.0,0,0,1,0,0,0,0,0,0,0,0,0,0,gratuito
9,150000.0,37,0.8648648648648649,1,3,1,1,1,1,1,0,1,1,0,0,0,medio_baixo
1,0.0,0,0.0,1,2,1,1,1,0,0,0,0,1,0,0,1,medio_baixo
2,10000.0,0,0.0,1,1,1,1,0,0,0,0,0,1,0,0,0,medio_alto
1,10000.0,9,1.0,1,3,1,0,0,2,1,1,1,0,0,0,0,alto
1,10000.0,0,0.0,1,2,1,0,0,0,1,1,0,0,0,0,0,medio_baixo
3,10000.0,13,0.6923076923076923,9,3,1,1,0,0,1,1,0,1,0,0,0,alto
3,10000.0,8,0.875,3,2,1,1,0,0,0,0,1,1,0,0,0,medio_alto
8,10000.0,7,0.8571428571428571,1,2,1,1,0,0,1,1,0,0,0,0,0,medio_alto
2,10000.0,105,0.7333333333333333,1,3,1,0,0,0,1,0,0,0,1,1,0,medio_alto
9,10000.0,43,0.9069767441860465,1,2,1,0,0,0,0,1,0,0,0,0,0,medio_baixo
2,35000.0,396,0.7651515151515151,18,3,1,0,0,0,1,0,0,0,0,1,1,medio_alto
3,10000.0,8,1.0,2,1,1,0,0,0,0,0,0,1,0,0,0,medio_alto
3,10000.0,169,0.650887573964497,13,6,1,0,0,0,1,1,1,0,1,1,0,baixo
5,10000.0,42,0.9761904761904762,3,3,1,0,0,0,1,0,0,1,0,1,0,medio_baixo
2,10000.0,30,1.0,1,2,1,0,0,0,1,0,0,0,1,0,0,medio_baixo
1,0.0,0,0.0,30,3,1,0,0,0,1,0,0,1,0,0,1,alto
6,10000.0,5,0.4,1,3,1,0,0,0,0,0,0,0,1,0,1,alto
1,0.0,0,0.0,0,0,1,0,0,0,0,0,0,0,0,0,0,gratuito
4,35000.0,698,0.9828080229226361,4,2,1,0,0,0,0,0,1,0,0,0,1,alto
2,10000.0,31,0.967741935483871,6,3,1,0,1,0,0,1,0,0,0,0,1,baixo
4,35000.0,7,0.7142857142857143,2,2,1,0,0,1,1,0,0,0,1,0,0,medio_baixo
2,0.0,0,0.0,0,0,1,0,0,0,0,0,0,0,0,0,0,gratuito
5,0.0,0,0.0,0,0,1,0,0,0,0,0,0,0,0,0,0,gratuito
1,10000.0,0,0.0,11,5,1,0,0,0,1,1,1,0,1,0,0,alto
1,10000.0,61,0.8852459016393442,11,2,1,0,0,0,1,0,1,0,0,0,0,medio_alto
1,35000.0,1,1.0,1,1,1,0,0,0,0,0,0,0,1,0,0,baixo
4,10000.0,38,0.4473684210526316,103,7,1,1,1,0,1,1,1,1,0,1,1,alto
7,35000.0,743,0.9004037685060565,1,2,1,0,0,3,1,0,1,0,0,0,0,medio_alto
3,10000.0,0,0.0,2,3,1,0,0,0,1,1,0,0,1,0,0,medio_baixo
9,10000.0,24,0.5833333333333334,1,2,1,0,0,0,1,0,0,1,0,0,0,baixo
2,10000.0,23,0.6956521739130435,1,4,1,0,0,0,1,1,0,0,1,0,0,medio_baixo
1,10000.0,5,0.6,1,7,1,0,0,0,1,1,0,1,0,1,1,baixo
1,10000.0,0,0.0,1,3,1,1,0,0,1,0,0,1,0,1,0,alto
5,10000.0,14,0.9285714285714286,3,4,1,0,0,0,1,0,1,1,0,1,0,medio_baixo
1,10000.0,0,0.0,1,1,1,0,0,0,1,0,0,0,0,0,0,baixo
5,10000.0,35,0.7714285714285715,1,4,1,0,0,0,1,1,0,1,0,0,0,baixo
2,75000.0,22,0.5909090909090909,1,7,1,0,0,0,1,1,1,1,0,1,0,alto
2,35000.0,1,1.0,2,4,1,0,0,0,1,1,1,1,0,0,0,medio_alto
1,10000.0,8,0.375,11,1,1,0,0,0,0,0,1,0,0,0,0,alto
9,10000.0,10,1.0,1,4,1,0,0,0,1,1,1,1,0,0,0,medio_alto
8,10000.0,16,0.625,2,2,1,0,0,0,1,0,1,0,0,0,0,alto
6,10000.0,0,0.0,1,2,1,0,0,1,1,0,0,1,0,0,0,baixo
1,0.0,0,0.0,103,2,1,0,0,0,1,0,0,1,0,0,0,baixo
1,10000.0,0,0.0,3,1,1,0,0,0,0,1,0,0,0,0,0,alto
1,0.0,0,0.0,0,0,1,0,0,0,0,0,0,0,0,0,0,gratuito
1,10000.0,19,1.0,3,2,1,0,0,0,1,1,0,0,0,0,0,baixo
2,10000.0,3,1.0,1,3,1,0,0,0,1,1,0,1,0,0,0,baixo
2,35000.0,25,0.84,2,2,1,0,0,0,1,0,1,0,0,0,0,baixo
6,10000.0,0,0.0,1,2,1,0,0,0,1,1,0,0,0,0,0,medio_baixo
2,0.0,0,0.0,30,5,1,1,1,0,1,0,0,1,0,1,1,gratuito
3,75000.0,893,0.858902575587906,3,3,1,0,0,0,1,1,0,1,0,0,0,medio_baixo
6,10000.0,196,0.9591836734693877,2,4,1,0,0,1,1,1,1,0,1,0,0,baixo
4,10000.0,1,0.0,1,3,1,0,0,0,1,1,1,0,0,0,0,medio_alto
9,10000.0,13,0.9230769230769231,1,2,1,0,0,0,1,0,0,1,0,0,0,baixo
1,10000.0,0,0.0,1,2,1,0,0,0,0,0,0,1,0,0,1,medio_alto
10,10000.0,1,0.0,1,5,1,0,0,0,0,0,0,0,0,0,0,alto
3,10000.0,1,0.0,1,1,1,0,0,0,0,0,0,1,0,0,0,medio_baixo
10,10000.0,27,0.4074074074074074,1,2,1,0,0,0,1,0,1,0,0,0,0,baixo
1,0.0,0,0.0,0,0,1,0,0,0,0,0,0,0,0,0,0,gratuito
1,0.0,0,0.0,1,3,1,0,1,0,1,0,0,1,0,0,0,gratuito
3,0.0,0,0.0,6,2,1,0,0,0,1,1,0,0,0,0,0,gratuito
2,10000.0,18,0.8888888888888888,9,2,1,0,0,0,1,1,0,0,0,0,0,medio_alto
1,10000.0,0,0.0,1,1,1,0,0,0,0,0,0,0,0,1,0,medio_alto
8,10000.0,4,1.0,1,5,1,0,0,0,1,1,1,0,0,1,0,medio_alto
1,0.0,0,0.0,0,0,1,0,0,0,0,0,0,0,0,0,0,gratuito
8,10000.0,5,1.0,1,2,1,1,0,0,1,0,0,1,0,0,0,baixo
6,10000.0,1,0.0,1,2,1,0,0,0,1,0,0,0,0,0,1,alto
1,0.0,0,0.0,1,3,1,0,0,0,1,1,0,0,0,0,0,gratuito
1,10000.0,167,0.9820359281437125,4,4,1,0,0,0,1,0,1,1,1,0,0,alto
1,10000.0,0,0.0,4,6,1,0,0,1,0,1,0,1,0,0,1,gratuito
11,150000.0,2714,0.8212969786293294,1,4,1,0,0,1,1,1,0,0,0,0,1,alto
1,10000.0,313,0.7252396166134185,1,4,1,0,0,0,1,0,0,0,1,0,1,alto
4,10000.0,4,1.0,1,3,1,0,0,0,1,1,0,0,0,1,0,medio_alto
2,0.0,0,0.0,9,5,1,0,0,0,1,1,0,0,0,1,0,gratuito
8,35000.0,380,0.8578947368421053,8,4,1,1,0,0,1,1,1,1,0,0,0,baixo
3,10000.0,0,0.0,2,4,1,0,0,0,1,0,0,0,1,1,0,medio_alto
1,0.0,0,0.0,1,6,1,0,0,0,1,1,0,1,0,1,0,gratuito
8,10000.0,38,0.868421052631579,1,2,1,0,0,0,1,1,0,0,0,0,0,medio_baixo
9,10000.0,3,0.3333333333333333,1,4,1,0,0,0,1,1,1,0,0,0,1,alto
5,10000.0,7,0.5714285714285714,5,4,1,0,0,0,1,0,1,1,0,0,1,baixo
2,10000.0,26,0.9615384615384616,8,5,1,0,0,0,1,1,1,1,0,0,1,baixo
2,10000.0,0,0.0,16,1,1,1,1,0,1,0,0,0,0,0,0,alto
5,75000.0,145,0.9379310344827586,29,2,1,0,0,2,1,0,1,0,0,0,0,medio_alto
1,10000.0,17,1.0,5,5,1,0,0,0,1,1,1,1,0,1,0,medio_baixo
3,10000.0,0,0.0,2,2,1,0,0,0,1,0,0,1,0,0,0,medio_baixo
1,10000.0,0,0.0,1,2,1,0,0,2,1,0,0,0,1,0,0,medio_alto
4,0.0,0,0.0,0,0,1,0,0,0,0,0,0,0,0,0,0,gratuito
2,10000.0,23,0.9565217391304348,1,3,1,0,0,0,1,1,0,1,0,0,0,baixo
3,0.0,0,0.0,0,0,1,0,0,0,0,0,0,0,0,0,0,gratuito
6,150000.0,1905,0.8561679790026246,2,8,1,0,0,0,1,0,1,1,1,0,1,gratuito
2,10000.0,8,0.25,2,1,1,0,0,0,0,0,1,0,0,0,0,medio_baixo
1,10000.0,2,1.0,2,4,1,0,0,0,1,0,1,1,0,0,1,medio_alto
9,750000.0,11267,0.9636105440667436,1,5,1,0,0,0,1,1,0,1,0,0,0,baixo
7,10000.0,0,0.0,1,4,1,0,0,1,1,1,0,1,0,1,0,medio_baixo
7,10000.0,36,0.9722222222222222,1,5,1,1,0,0,1,1,0,1,0,0,0,gratuito
6,150000.0,24,0.875,1,2,1,0,0,0,0,0,1,0,0,0,1,gratuito
3,10000.0,1,1.0,1,3,1,0,0,0,1,0,1,0,0,0,0,alto
12,750000.0,1869,0.826645264847512,1,3,1,1,1,0,1,1,1,0,0,0,0,medio_baixo
4,10000.0,8,0.875,1,3,1,0,0,0,1,0,1,1,0,0,0,alto
2,35000.0,5,0.8,3,3,1,0,0,0,1,0,1,0,1,0,0,medio_baixo
1,10000.0,70,0.9,9,2,1,0,0,1,0,0,0,0,0,1,1,alto
8,10000.0,5,1.0,1,2,1,1,0,0,1,1,0,0,0,0,0,baixo
1,0.0,0,0.0,0,0,1,0,0,0,0,0,0,0,0,0,0,gratuito
4,10000.0,158,0.7784810126582279,8,4,1,0,0,0,1,1,1,0,1,0,0,alto
8,10000.0,8,0.5,2,4,1,0,0,0,1,1,1,1,0,0,0,medio_baixo
7,35000.0,67,0.7014925373134329,6,2,1,1,0,0,1,0,0,1,0,0,0,medio_baixo
1,0.0,0,0.0,0,0,1,0,0,0,0,0,0,0,0,0,0,gratuito
1,0.0,0,0.0,1,2,1,0,0,0,0,0,1,0,1,0,0,baixo
5,10000.0,0,0.0,1,2,1,0,0,2,1,0,0,1,0,0,0,baixo
2,10000.0,142,0.7746478873239436,2,3,1,0,0,0,1,0,1,0,0,0,1,medio_baixo
3,10000.0,76,0.4342105263157895,1,3,1,0,1,0,1,0,0,0,0,1,1,medio_baixo
1,0.0,0,0.0,12,3,1,0,0,0,0,1,0,0,1,0,0,gratuito
4,0.0,0,0.0,0,0,1,0,0,0,0,0,0,0,0,0,0,gratuito
2,75000.0,1006,0.8707753479125249,24,2,1,0,0,0,1,0,0,0,0,0,1,medio_alto
10,35000.0,347,0.484149855907781,1,6,1,0,0,0,1,1,1,0,0,1,1,alto
2,10000.0,28,0.7857142857142857,12,2,1,0,0,0,0,1,1,0,0,0,0,medio_alto
1,10000.0,0,0.0,2,5,1,0,0,1,1,0,1,1,0,1,0,gratuito
8,35000.0,51,0.5098039215686274,1,3,1,0,0,0,1,0,0,1,0,1,0,baixo
2,10000.0,7,1.0,11,6,1,0,0,0,1,1,1,1,1,0,0,baixo
2,10000.0,2,1.0,1,2,1,1,1,0,0,0,1,1,0,0,0,medio_baixo
20,750000.0,5397,0.9531221048730776,5,1,1,1,0,0,0,0,0,1,0,0,0,baixo
7,35000.0,76,0.9473684210526315,1,3,1,1,1,0,1,1,1,0,0,0,0,medio_baixo
3,0.0,0,0.0,1,3,1,0,0,0,1,1,0,1,0,0,0,gratuito
1,10000.0,0,0.0,6,3,1,0,0,0,0,0,1,1,0,0,0,alto
3,0.0,0,0.0,0,0,1,0,0,0,0,0,0,0,0,0,0,gratuito
8,75000.0,631,0.6148969889064976,6,5,1,1,1,0,1,1,1,0,0,1,1,alto
5,10000.0,3,0.6666666666666666,1,3,1,0,0,0,1,0,0,1,0,1,0,medio_baixo
8,10000.0,0,0.0,4,6,1,1,1,0,1,0,1,1,1,0,0,gratuito
2,10000.0,49,0.7551020408163265,1,2,1,0,0,0,0,0,0,0,1,1,0,medio_alto
2,10000.0,1,1.0,1,1,1,0,0,0,1,0,0,0,0,0,0,medio_baixo
8,350000.0,5603,0.9866143137604855,13,3,1,0,0,1,0,0,1,0,1,1,0,alto
2,10000.0,6,1.0,2,3,1,0,0,0,1,1,0,0,0,0,0,baixo
5,150000.0,454,0.7797356828193832,3,2,1,0,0,1,1,0,0,1,0,0,0,baixo
4,150000.0,116,0.7931034482758621,1,2,1,0,0,0,0,1,0,0,0,0,0,alto
1,0.0,0,0.0,2,1,1,0,0,0,1,0,0,0,0,0,0,medio_baixo
2,10000.0,0,0.0,1,1,1,0,0,0,0,0,1,0,0,0,0,baixo
1,10000.0,0,0.0,10,4,1,0,0,0,1,0,1,1,0,0,0,medio_alto
2,0.0,0,0.0,3,6,1,0,0,0,1,1,0,1,0,0,1,gratuito
6,10000.0,15,0.9333333333333333,6,2,1,0,1,0,1,0,0,0,0,0,1,medio_alto
1,10000.0,4,0.5,10,2,1,0,0,0,1,1,0,0,0,0,0,medio_baixo
2,0.0,0,0.0,0,0,1,0,0,0,0,0,0,0,0,0,0,gratuito
12,10000.0,22,0.13636363636363635,1,3,1,1,1,0,1,1,0,0,0,0,0,alto
8,0.0,0,0.0,0,0,1,0,0,0,0,0,0,0,0,0,0,gratuito
2,10000.0,195,0.9230769230769231,4,2,1,1,0,1,1,0,1,0,0,0,0,medio_alto
8,10000.0,8,0.875,1,2,1,0,0,0,0,0,1,1,0,0,0,medio_alto
1,10000.0,0,0.0,2,3,1,0,0,0,1,1,1,0,0,0,0,medio_alto
6,75000.0,478,0.7677824267782427,12,5,1,0,0,5,1,1,1,0,1,0,1,alto
10,10000.0,46,0.8695652173913043,1,4,1,1,1,0,1,1,1,1,0,0,0,baixo
9,10000.0,2,0.0,1,4,1,0,0,0,1,1,0,0,1,1,0,baixo
1,0.0,0,0.0,2,2,1,0,0,0,1,0,1,0,0,0,0,medio_alto
12,350000.0,3560,0.8817415730337078,7,1,1,0,0,1,0,1,0,0,0,0,0,alto
1,0.0,0,0.0,2,3,1,0,0,0,1,0,0,1,0,1,0,medio_alto
4,10000.0,95,0.9052631578947369,1,2,1,0,0,0,0,0,1,1,0,0,0,baixo
2,0.0,0,0.0,2,4,1,1,0,1,1,1,1,0,0,0,0,gratuito
2,10000.0,5,0.4,1,4,1,0,0,0,0,1,0,0,0,0,1,medio_alto
3,0.0,0,0.0,0,0,1,0,0,0,0,0,0,0,0,0,0,gratuito
6,10000.0,27,0.9259259259259259,1,4,1,1,0,0,1,1,1,0,1,0,0,medio_baixo
2,150000.0,196,0.7653061224489796,22,1,1,0,0,0,0,0,0,0,1,0,0,alto
7,10000.0,0,0.0,4,5,1,0,0,1,1,1,1,1,0,0,0,medio_baixo
5,0.0,0,0.0,1,5,1,0,0,0,1,1,0,1,0,1,0,gratuito
2,10000.0,110,0.7909090909090909,4,3,1,0,0,0,1,0,0,0,1,1,0,medio_alto
5,10000.0,4,0.5,1,3,1,0,0,0,1,0,1,1,0,0,0,baixo
10,350000.0,4825,0.8014507772020726,12,1,1,0,0,3,0,1,0,0,0,0,0,medio_alto
3,10000.0,16,0.9375,1,3,1,0,0,0,1,1,1,0,0,0,0,alto
6,10000.0,21,0.47619047619047616,1,2,1,0,0,0,1,0,1,0,0,0,0,baixo
4,35000.0,37,0.8378378378378378,8,4,1,0,0,1,1,1,1,1,0,0,0,baixo
8,10000.0,3,0.6666666666666666,2,4,1,1,0,0,1,1,0,1,0,0,0,medio_baixo
2,10000.0,3,1.0,1,2,1,0,1,0,1,1,0,0,0,0,0,medio_baixo
1,10000.0,0,0.0,2,3,1,0,0,0,1,0,1,1,0,0,0,medio_baixo
3,10000.0,28,0.6428571428571429,5,6,1,0,0,0,1,1,1,1,1,0,1,gratuito
3,10000.0,3,1.0,1,2,1,0,0,0,1,0,0,1,0,0,0,medio_baixo
2,10000.0,201,0.8706467661691543,3,1,1,1,1,1,0,0,0,0,1,0,0,alto
2,10000.0,6,1.0,1,5,1,1,1,0,0,1,1,0,1,0,1,alto
1,0.0,0,0.0,0,0,1,0,0,0,0,0,0,0,0,0,0,gratuito
5,10000.0,2,1.0,1,3,1,0,0,0,0,1,1,1,0,0,0,medio_baixo
2,10000.0,0,0.0,3,2,1,0,0,0,1,1,0,0,0,0,0,medio_alto
3,0.0,0,0.0,2,5,1,0,0,0,0,0,1,0,0,0,0,gratuito
9,10000.0,17,0.6470588235294118,1,3,1,0,0,1,1,1,1,0,0,0,0,medio_alto
6,75000.0,85,0.6823529411764706,2,4,1,0,0,0,1,1,0,0,0,0,1,baixo
3,0.0,0,0.0,1,1,1,0,0,0,1,0,0,0,0,0,0,gratuito
10,10000.0,21,0.6190476190476191,1,3,1,0,0,0,1,1,0,1,0,0,0,medio_baixo
3,10000.0,8,0.875,3,3,1,0,1,0,1,0,0,1,0,0,0,medio_baixo
6,10000.0,119,0.907563025210084,1,3,1,1,0,0,1,0,0,1,0,1,0,baixo
11,10000.0,25,0.4,2,1,1,0,0,0,0,0,0,0,0,0,1,medio_alto
3,10000.0,2,1.0,1,1,1,0,0,0,0,0,0,0,0,0,0,medio_alto
1,0.0,0,0.0,1,2,1,1,1,0,1,0,0,1,0,0,0,alto
2,10000.0,107,0.794392523364486,3,2,1,0,0,0,1,0,0,0,1,0,0,alto
4,75000.0,1430,0.8811188811188811,1,3,1,0,0,0,0,1,0,0,0,0,1,alto
1,0.0,0,0.0,0,0,1,0,0,0,0,0,0,0,0,0,0,gratuito
3,0.0,0,0.0,0,0,1,0,0,0,0,0,0,0,0,0,0,gratuito
1,0.0,0,0.0,1,2,1,1,1,0,0,1,0,1,0,0,0,baixo
3,10000.0,22,0.5909090909090909,6,3,1,0,0,0,1,0,0,0,1,1,0,alto
8,10000.0,141,0.9290780141843972,1,1,1,1,1,0,0,0,0,0,0,0,0,gratuito
1,10000.0,0,0.0,39,5,1,0,0,0,1,1,0,1,1,0,0,medio_alto
10,10000.0,37,0.6756756756756757,1,2,1,0,0,0,1,1,0,0,0,0,0,baixo
5,0.0,0,0.0,8,1,1,0,0,0,0,0,0,0,0,1,0,gratuito
2,75000.0,34,0.6470588235294118,1,2,1,0,0,0,1,0,0,0,0,0,0,gratuito
3,0.0,0,0.0,1,5,1,1,0,0,1,1,1,0,0,0,0,gratuito
7,150000.0,2568,0.8126947040498442,4,2,1,0,0,2,1,0,0,1,0,0,0,baixo
2,10000.0,0,0.0,1,3,1,0,0,0,1,0,1,1,0,0,0,medio_baixo
14,35000.0,117,0.5555555555555556,1,3,1,0,0,0,1,0,0,1,0,0,1,alto
2,10000.0,3,0.6666666666666666,4,3,1,0,1,0,1,1,0,1,0,0,0,medio_baixo
4,10000.0,208,1.0,6,4,1,0,0,1,1,1,1,1,0,0,0,medio_alto
6,75000.0,279,0.9175627240143369,1,2,1,0,0,1,1,1,0,0,0,0,0,baixo
6,10000.0,65,0.7230769230769231,2,4,1,0,0,0,1,1,1,0,1,0,0,medio_baixo
2,10000.0,90,0.5888888888888889,15,2,1,0,0,5,0,1,1,0,0,0,0,alto
1,10000.0,0,0.0,1,3,1,0,0,0,1,1,0,0,0,0,0,medio_baixo
5,75000.0,18,0.7222222222222222,1,4,1,0,0,0,1,1,0,1,0,0,0,baixo
2,10000.0,14,0.6428571428571429,7,2,1,0,0,1,0,1,0,0,0,0,0,alto
1,10000.0,6,0.8333333333333334,1,1,1,0,0,0,0,0,0,0,0,1,0,medio_baixo
1,0.0,0,0.0,2,4,1,0,0,0,1,0,1,1,0,0,1,gratuito
6,10000.0,3,1.0,1,3,1,0,0,0,1,1,0,1,0,0,0,baixo
2,10000.0,3,0.3333333333333333,1,2,1,0,0,0,0,1,1,0,0,0,0,baixo
11,10000.0,109,0.8807339449541285,6,4,1,0,0,0,0,0,1,1,0,1,1,medio_baixo
4,10000.0,75,0.92,7,2,1,0,0,1,1,0,1,0,0,0,0,medio_baixo
2,10000.0,11,1.0,5,4,1,0,0,0,1,1,0,1,0,1,0,baixo
7,10000.0,11,1.0,1,5,1,1,0,0,1,0,1,1,1,0,1,baixo
1,10000.0,3,1.0,1,3,1,0,0,0,1,1,0,1,0,0,0,medio_baixo
2,75000.0,1493,0.8298727394507702,1,1,1,0,0,0,1,0,0,0,0,0,0,medio_baixo
2,10000.0,13,1.0,2,1,1,1,0,0,0,0,0,0,0,1,0,alto
3,10000.0,2,1.0,1,3,1,0,0,0,1,1,0,1,0,0,0,baixo
3,0.0,0,0.0,29,3,1,0,0,0,0,0,0,1,0,1,1,baixo
5,75000.0,19,0.9473684210526315,1,2,1,0,0,0,1,0,1,0,0,0,0,gratuito
2,0.0,0,0.0,1,3,1,0,0,0,1,0,0,0,1,0,0,gratuito
3,35000.0,2,1.0,3,1,1,0,0,0,0,0,0,0,0,0,1,baixo
9,10000.0,21,0.6666666666666666,1,2,1,0,0,0,1,1,0,0,0,0,0,baixo
3,10000.0,1,0.0,2,4,1,0,0,0,1,1,0,1,0,0,0,gratuito
9,35000.0,195,0.40512820512820513,6,3,1,1,0,0,1,0,0,0,0,1,1,medio_baixo
8,10000.0,54,0.8333333333333334,4,1,1,0,0,0,0,0,0,1,0,0,0,baixo
10,10000.0,6,0.8333333333333334,1,2,1,0,0,0,1,1,0,0,0,0,0,medio_baixo
6,10000.0,544,0.7003676470588235,1,4,1,0,0,5,1,1,1,0,1,0,0,gratuito
1,0.0,0,0.0,103,3,1,0,0,0,0,1,0,1,0,0,0,gratuito
2,10000.0,3,0.6666666666666666,1,2,1,0,0,0,0,0,0,1,1,0,0,alto
2,10000.0,1,1.0,8,2,1,0,0,0,1,0,0,0,0,1,0,medio_baixo
4,35000.0,34,0.8823529411764706,1,2,1,0,0,0,0,0,1,1,0,0,0,medio_alto
1,0.0,0,0.0,2,2,1,0,0,0,1,0,0,1,0,0,0,medio_alto
1,10000.0,1,1.0,1,4,1,0,0,0,1,1,0,1,0,1,0,alto
12,35000.0,229,0.9213973799126638,4,1,1,0,0,1,0,0,0,0,0,1,0,alto
5,10000.0,38,0.6052631578947368,3,1,1,0,0,1,0,0,0,0,1,0,0,medio_baixo
11,10000.0,37,0.7027027027027027,1,6,1,0,0,0,1,1,0,1,0,0,1,baixo
3,0.0,0,0.0,4,4,1,0,0,0,1,1,1,0,0,0,0,gratuito
7,10000.0,16,0.6875,1,3,1,0,0,0,1,0,0,1,0,1,0,medio_baixo
9,10000.0,13,0.7692307692307693,1,4,1,0,0,0,1,0,0,1,0,0,1,medio_baixo
4,10000.0,21,1.0,1,4,1,1,1,0,1,0,1,1,0,0,0,gratuito
1,10000.0,6,1.0,1,3,1,0,0,0,1,0,0,1,0,0,1,baixo
2,0.0,0,0.0,1,3,1,0,0,0,1,1,0,0,0,0,0,gratuito
16,350000.0,1276,0.7029780564263323,7,1,1,0,0,0,0,1,0,0,0,0,0,baixo
3,10000.0,0,0.0,1,2,1,0,0,2,1,0,0,1,0,0,0,baixo
7,10000.0,60,0.6333333333333333,5,4,1,0,0,0,0,1,0,0,0,1,0,medio_alto
1,0.0,0,0.0,1,1,1,0,0,0,0,0,0,1,0,0,0,baixo
8,10000.0,17199,0.7297517297517297,12,2,1,1,1,0,0,1,1,0,0,0,0,medio_alto
2,75000.0,4,0.75,3,2,1,1,0,0,1,1,0,0,0,0,0,medio_baixo
2,0.0,0,0.0,0,0,1,0,0,0,0,0,0,0,0,0,0,gratuito
5,10000.0,362,0.8176795580110497,5,3,1,0,0,1,1,0,1,0,1,0,0,medio_alto
5,10000.0,12,0.75,8,3,1,0,0,0,0,0,0,1,0,1,1,medio_alto
12,750000.0,5229,0.8974947408682349,1,3,1,1,1,0,1,0,0,0,1,1,0,medio_alto
9,150000.0,1431,0.8749126484975541,13,3,1,0,0,0,1,1,1,0,0,0,0,baixo
2,0.0,0,0.0,0,0,1,0,0,0,0,0,0,0,0,0,0,gratuito
3,10000.0,13,0.6923076923076923,3,5,1,0,0,0,1,0,1,0,0,0,1,baixo
5,10000.0,207,0.927536231884058,1,1,1,1,0,0,1,0,0,0,0,0,0,medio_alto
7,10000.0,9,1.0,1,6,1,0,0,0,1,0,1,0,1,1,1,alto
2,10000.0,10,0.6,5,2,1,0,0,0,0,1,1,0,0,0,0,alto
5,75000.0,2,1.0,1,7,1,0,0,0,1,1,1,1,1,1,1,baixo
1,10000.0,0,0.0,2,2,1,0,0,0,0,1,0,1,0,0,0,medio_alto
6,150000.0,2969,0.9491411249578983,1,3,1,0,0,2,0,0,1,1,0,0,1,medio_alto
4,10000.0,0,0.0,3,2,1,0,0,1,1,0,0,0,1,0,0,medio_alto
10,10000.0,5,0.6,1,2,1,1,0,0,0,0,1,1,0,0,0,medio_alto
8,35000.0,70,0.7714285714285715,1,3,1,1,1,0,1,1,1,0,0,0,0,medio_baixo
5,10000.0,61,0.9672131147540983,1,2,1,0,0,0,1,0,1,0,0,0,0,medio_baixo
1,10000.0,0,0.0,1,5,1,1,0,0,1,1,1,1,0,0,0,medio_baixo
6,10000.0,1,0.0,1,2,1,0,0,0,1,0,0,0,0,0,1,medio_alto
11,10000.0,48,0.9166666666666666,10,4,1,0,0,1,1,1,1,0,0,1,0,medio_alto
9,35000.0,28,0.8928571428571429,1,4,1,0,0,0,1,1,0,1,0,0,0,medio_baixo
1,0.0,0,0.0,0,0,1,0,0,0,0,0,0,0,0,0,0,gratuito
5,10000.0,5,1.0,5,2,1,0,0,0,1,0,1,0,0,0,0,baixo
4,0.0,0,0.0,0,0,1,0,0,0,0,0,0,0,0,0,0,gratuito
2,10000.0,1,1.0,1,2,1,0,0,0,0,0,0,1,0,1,0,medio_baixo
10,75000.0,513,0.6900584795321637,1,4,1,0,0,0,1,0,0,0,1,0,1,alto
3,10000.0,19,0.7368421052631579,1,5,1,0,0,0,1,1,1,0,1,0,0,medio_alto
4,10000.0,0,0.0,103,1,1,0,0,0,0,1,0,0,0,0,0,alto
1,10000.0,0,0.0,6,2,1,0,0,0,1,0,0,1,0,0,0,medio_baixo
5,0.0,0,0.0,0,0,1,0,0,0,0,0,0,0,0,0,0,gratuito
12,3500000.0,69029,0.9364759738660563,7,3,1,1,0,0,0,1,1,0,0,0,0,medio_baixo
5,10000.0,25,1.0,1,2,1,0,0,0,0,1,0,0,0,1,0,medio_alto
5,150000.0,437,0.9336384439359268,1,4,1,0,0,0,1,0,0,1,0,1,0,gratuito
2,10000.0,3,1.0,1,3,1,0,0,0,1,1,1,0,0,0,0,baixo
3,0.0,0,0.0,1,3,1,0,0,0,1,0,0,1,0,1,0,gratuito
1,10000.0,0,0.0,3,2,1,0,0,0,1,1,0,0,0,0,0,medio_alto
3,10000.0,15,1.0,1,3,1,0,0,0,1,1,0,0,0,0,0,baixo
9,35000.0,211,0.7725118483412322,9,3,1,1,0,0,1,0,1,1,0,0,0,medio_baixo
5,10000.0,28,0.9285714285714286,1,3,1,0,0,0,0,1,1,1,0,0,0,baixo
4,10000.0,22,0.8181818181818182,1,2,1,0,0,0,1,0,0,1,0,0,0,baixo
6,10000.0,14,0.5714285714285714,1,4,1,0,0,0,1,1,1,0,0,0,1,medio_baixo
4,10000.0,83,0.8674698795180723,1,3,1,0,0,0,1,1,0,1,0,0,0,medio_alto
10,75000.0,204,0.8431372549019608,1,5,1,1,0,0,1,1,1,1,0,0,0,gratuito
1,0.0,0,0.0,1,1,1,0,0,0,0,0,0,0,0,0,1,alto
3,10000.0,3,0.3333333333333333,1,4,1,0,0,0,1,1,1,1,0,0,0,medio_alto
3,150000.0,4100,0.6692682926829269,6,4,1,0,0,0,1,1,1,1,0,0,0,medio_baixo
5,10000.0,0,0.0,1,2,1,0,0,0,0,0,0,1,0,0,1,medio_baixo
2,10000.0,10,0.9,9,4,1,1,1,0,0,0,0,0,0,0,0,alto
1,10000.0,53,0.9811320754716981,10,3,1,0,0,0,1,1,1,0,0,0,0,medio_alto
2,0.0,0,0.0,103,2,1,0,0,0,0,0,0,1,0,1,0,baixo
2,10000.0,0,0.0,1,3,1,0,0,0,1,1,0,1,0,0,0,medio_baixo
2,10000.0,3,1.0,9,2,1,0,0,0,1,0,0,0,1,0,0,baixo
8,10000.0,0,0.0,1,3,1,1,0,1,1,0,0,1,0,0,1,medio_baixo
2,0.0,0,0.0,0,0,1,0,0,0,0,0,0,0,0,0,0,gratuito
4,10000.0,2,1.0,1,5,1,0,0,0,1,0,1,1,1,0,1,medio_baixo
2,10000.0,262,0.8282442748091603,5,3,1,0,0,0,1,0,1,0,0,0,1,alto
2,10000.0,20,0.8,4,1,1,0,0,0,0,0,0,0,1,0,0,alto
4,35000.0,9,0.3333333333333333,1,3,1,0,0,0,1,0,1,0,1,0,0,baixo
6,75000.0,843,0.8873072360616845,7,2,1,1,0,0,1,0,0,0,0,1,0,alto
1,0.0,0,0.0,1,3,1,0,0,0,1,0,0,1,0,0,0,gratuito
4,10000.0,21,0.7619047619047619,1,2,1,1,1,0,1,0,1,0,0,0,0,alto
6,10000.0,54,0.6851851851851852,1,1,1,0,0,0,0,0,0,0,0,0,1,gratuito
6,10000.0,8,0.5,2,3,1,1,0,0,1,0,0,1,0,1,0,alto
10,10000.0,57,0.7017543859649122,1,2,1,0,0,0,0,1,1,0,0,0,0,medio_baixo
6,10000.0,10,0.5,2,3,1,0,0,0,1,1,1,0,0,0,0,medio_alto
5,10000.0,17,0.7647058823529411,1,3,1,1,0,0,1,0,1,0,1,0,0,alto
2,0.0,0,0.0,1,2,1,1,0,0,0,0,0,1,0,1,0,gratuito
6,10000.0,13,0.8461538461538461,1,4,1,0,0,0,1,1,1,0,0,0,0,alto
5,0.0,0,0.0,0,0,1,0,0,0,0,0,0,0,0,0,0,gratuito
13,350000.0,2741,0.8901860634804816,1,3,1,0,0,0,0,1,1,0,1,0,0,medio_alto
1,0.0,0,0.0,1,2,1,0,0,0,1,0,0,0,0,1,0,baixo
5,35000.0,3,0.3333333333333333,1,2,1,0,0,0,0,0,1,1,0,0,0,medio_baixo
7,10000.0,1,0.0,2,3,1,1,0,0,1,0,1,1,0,0,0,medio_alto
2,10000.0,198,1.0,1,2,1,0,0,0,0,0,1,0,1,0,0,medio_baixo
3,10000.0,0,0.0,9,1,1,0,0,0,1,0,0,0,0,0,0,baixo
1,10000.0,0,0.0,1,2,1,0,0,0,0,0,0,1,0,0,1,alto
3,75000.0,5,1.0,4,2,1,0,0,0,1,0,0,1,0,0,0,alto
5,150000.0,100,0.62,12,2,1,0,0,0,1,1,0,0,0,0,0,baixo
8,350000.0,2018,0.5668979187314173,10,5,1,0,0,0,1,1,1,0,0,0,1,medio_alto
2,10000.0,200,0.985,1,2,1,0,0,0,0,0,0,0,0,0,1,alto
8,75000.0,101,0.8118811881188119,5,3,1,0,0,1,1,1,1,0,0,0,0,medio_baixo
1,0.0,0,0.0,1,3,1,0,0,0,1,1,1,0,0,0,0,baixo
7,10000.0,123,0.959349593495935,1,3,1,1,1,0,1,0,1,0,1,0,0,medio_alto
2,0.0,0,0.0,0,0,1,0,0,0,0,0,0,0,0,0,0,gratuito
1,10000.0,0,0.0,3,2,1,0,0,0,1,0,1,0,0,0,0,baixo
19,150000.0,354,0.5649717514124294,2,1,1,0,0,0,0,0,1,0,0,0,0,baixo
1,0.0,0,0.0,0,0,1,0,0,0,0,0,0,0,0,0,0,gratuito
8,10000.0,14,0.7142857142857143,8,4,1,0,0,0,1,1,1,1,0,0,0,medio_baixo
11,350000.0,4427,0.7924102100745426,8,1,1,0,0,2,0,0,0,0,1,0,0,alto
1,10000.0,0,0.0,7,4,1,0,0,0,1,1,1,1,0,0,0,medio_alto
2,0.0,0,0.0,1,3,1,1,1,0,0,0,1,1,0,0,0,gratuito
1,0.0,0,0.0,2,4,1,0,0,0,1,0,0,0,0,1,1,alto
2,10000.0,1,1.0,1,4,1,0,0,0,1,1,0,1,0,0,0,alto
4,10000.0,4,1.0,1,4,1,0,0,0,1,1,0,0,1,0,0,alto
6,75000.0,949,0.9315068493150684,2,4,1,0,0,0,1,1,1,0,0,0,0,gratuito
4,10000.0,2,1.0,2,4,1,0,0,0,1,1,1,1,0,0,0,baixo
1,10000.0,0,0.0,3,4,1,0,0,0,1,0,0,0,1,0,1,alto
2,10000.0,5,1.0,1,3,1,0,0,1,1,1,0,1,0,0,0,medio_baixo
1,10000.0,0,0.0,1,2,1,0,0,0,1,0,0,0,0,0,0,medio_baixo
1,0.0,0,0.0,1,4,1,0,0,0,1,0,0,1,0,1,1,baixo
2,10000.0,7,1.0,5,4,1,1,1,0,1,1,0,0,0,1,0,medio_alto
4,0.0,0,0.0,1,1,1,0,0,0,0,0,0,1,0,0,0,gratuito
9,10000.0,14,0.21428571428571427,9,3,1,0,0,0,1,1,1,0,0,0,0,alto
11,350000.0,308,0.7337662337662337,1,2,1,1,1,1,1,0,0,1,0,0,0,medio_baixo
9,10000.0,50,0.82,2,1,1,1,0,0,0,1,0,0,0,0,0,medio_alto
2,0.0,0,0.0,0,0,1,0,0,0,0,0,0,0,0,0,0,gratuito
3,10000.0,5,0.2,1,1,1,0,0,0,1,0,0,0,0,0,0,baixo
1,0.0,0,0.0,1,5,1,0,0,0,1,0,1,1,0,0,1,baixo
1,10000.0,1,1.0,1,5,1,1,0,0,1,0,0,1,0,0,1,alto
4,10000.0,18,0.7777777777777778,1,3,1,0,0,0,0,0,0,0,0,1,1,medio_alto
8,10000.0,22,0.7272727272727273,1,2,1,0,0,1,1,1,0,0,0,0,0,alto
8,75000.0,119,0.4789915966386555,1,3,1,0,0,1,1,1,0,1,0,0,0,baixo
1,0.0,0,0.0,0,0,1,0,0,0,0,0,0,0,0,0,0,gratuito
12,75000.0,501,0.49500998003992014,5,2,1,1,0,0,0,0,1,1,0,0,0,baixo
8,350000.0,3613,0.9529476889011902,1,2,1,1,0,3,1,0,1,0,0,0,0,medio_alto
2,10000.0,86,0.8837209302325582,18,2,1,0,0,0,0,1,1,0,0,0,0,alto
1,10000.0,3,1.0,11,2,1,0,1,0,0,1,0,0,1,0,0,medio_baixo
1,10000.0,11,0.7272727272727273,2,7,1,0,0,0,1,0,1,1,1,0,1,alto
2,10000.0,5,0.6,1,3,1,0,0,0,0,1,1,1,0,0,0,alto
10,150000.0,1830,0.9087431693989071,3,2,1,0,0,2,1,0,0,1,0,0,0,medio_baixo
1,0.0,0,0.0,1,2,1,0,0,1,0,0,1,0,1,0,0,medio_baixo
8,350000.0,3264,0.8903186274509803,1,2,1,0,0,0,1,1,0,0,0,0,0,medio_alto
7,10000.0,9,1.0,1,2,1,0,0,0,0,0,1,1,0,0,0,medio_alto
6,10000.0,5,1.0,1,3,1,0,1,0,1,1,0,1,0,0,0,medio_alto
6,10000.0,23,0.782608695652174,1,2,1,1,0,0,1,0,0,1,0,0,0,alto
1,10000.0,0,0.0,8,3,1,0,0,1,0,0,1,0,1,0,1,alto
4,0.0,0,0.0,2,3,1,0,0,0,0,0,0,1,0,0,0,gratuito
3,0.0,0,0.0,4,3,1,0,0,0,1,0,1,0,0,0,1,gratuito
7,10000.0,28,0.7857142857142857,1,4,1,0,0,0,1,0,0,0,0,1,1,alto
2,75000.0,549,0.6848816029143898,11,2,1,0,0,0,1,0,0,0,0,0,1,medio_alto
2,10000.0,4,1.0,2,3,1,0,0,0,1,0,0,1,1,0,0,medio_baixo
1,0.0,0,0.0,0,0,1,0,0,0,0,0,0,0,0,0,0,gratuito
14,1500000.0,7230,0.710926694329184,3,5,1,0,0,0,0,1,1,0,1,0,0,gratuito
1,10000.0,1,1.0,1,3,1,0,1,0,1,1,0,0,1,0,0,baixo
6,35000.0,13,0.5384615384615384,1,3,1,0,0,0,1,1,0,0,0,0,0,gratuito
4,0.0,0,0.0,2,2,1,1,1,0,0,0,1,0,1,0,0,gratuito
2,10000.0,0,0.0,4,3,1,0,0,0,1,0,1,1,0,0,0,medio_alto
7,75000.0,287,0.5365853658536586,10,3,1,0,0,0,1,0,1,1,0,0,0,medio_baixo
1,10000.0,0,0.0,2,2,1,0,0,0,0,1,1,0,0,0,0,medio_alto
7,10000.0,1,1.0,2,1,1,1,1,0,0,0,0,1,0,0,0,alto
9,750000.0,16435,0.889321569820505,12,4,1,1,0,4,1,0,0,1,0,1,1,medio_baixo
9,150000.0,417,0.697841726618705,1,2,1,0,0,0,0,1,1,0,0,0,0,gratuito
5,10000.0,1,0.0,2,4,1,0,0,0,1,1,1,0,0,0,0,alto
1,0.0,0,0.0,1,4,1,0,0,0,1,1,0,0,0,1,1,alto
8,10000.0,68,0.3382352941176471,1,3,1,0,0,0,0,0,1,0,0,0,1,medio_baixo
7,35000.0,3,0.6666666666666666,1,1,1,0,1,0,0,0,0,0,0,1,0,medio_baixo
8,10000.0,17,0.6470588235294118,1,3,1,0,0,0,1,0,0,1,0,1,0,medio_baixo
17,1500000.0,15012,0.8521183053557154,12,2,1,0,0,0,0,1,0,0,0,1,0,gratuito
3,10000.0,1,0.0,1,3,1,0,0,0,1,0,0,1,0,0,1,medio_alto
11,150000.0,2039,0.7165277096615988,7,2,1,1,1,1,1,0,0,0,0,0,1,baixo
1,10000.0,0,0.0,12,5,1,0,0,1,1,0,1,1,0,0,1,baixo
4,10000.0,0,0.0,1,5,1,0,0,0,1,1,1,1,0,0,0,alto
8,10000.0,4,1.0,1,2,1,0,0,0,1,0,0,1,0,0,0,alto
7,10000.0,0,0.0,2,4,1,0,0,0,1,0,1,0,1,0,1,medio_alto
1,10000.0,1,0.0,1,1,1,0,0,0,0,0,0,1,0,0,0,medio_baixo
11,3500000.0,27661,0.8792162250099418,24,3,1,1,1,0,1,0,0,0,0,0,0,gratuito
3,10000.0,29,0.8275862068965517,2,3,1,0,0,0,1,0,1,0,1,0,0,medio_baixo
1,0.0,0,0.0,2,2,1,0,0,0,1,0,1,0,0,0,0,medio_baixo
1,10000.0,0,0.0,3,3,1,0,0,0,0,1,1,0,1,0,0,baixo
5,10000.0,6,0.3333333333333333,1,3,1,0,0,0,0,1,1,1,0,0,0,baixo
3,75000.0,22,0.9545454545454546,1,4,1,0,0,0,1,0,0,0,1,1,0,alto
3,10000.0,1,1.0,2,2,1,0,0,0,0,0,0,1,0,0,1,baixo
4,10000.0,0,0.0,1,2,1,0,0,0,1,0,0,0,0,0,1,medio_alto
2,0.0,0,0.0,0,0,1,0,0,0,0,0,0,0,0,0,0,gratuito
10,10000.0,92,0.6195652173913043,1,5,1,1,0,0,1,0,1,0,1,0,0,gratuito
1,0.0,0,0.0,23,3,1,0,0,0,1,0,1,0,0,0,1,medio_alto
5,35000.0,18,0.5,2,3,1,0,0,0,1,0,0,1,0,1,0,baixo
5,35000.0,14,0.7857142857142857,2,3,1,0,0,0,0,1,0,0,0,0,0,medio_alto
2,10000.0,6,0.8333333333333334,2,2,1,0,0,0,1,0,0,1,0,0,0,medio_baixo
7,10000.0,122,0.7459016393442623,14,2,1,0,1,0,1,1,0,0,0,0,0,baixo
8,10000.0,113,0.8672566371681416,1,3,1,1,1,2,1,0,1,0,1,0,0,medio_alto
1,0.0,0,0.0,1,1,1,0,0,0,0,1,0,0,0,0,0,medio_baixo
3,35000.0,2,1.0,1,3,1,0,0,0,1,1,1,0,0,0,0,medio_baixo
6,10000.0,74,0.3783783783783784,1,6,1,1,1,0,0,1,0,1,0,1,1,alto
5,10000.0,2,1.0,2,2,1,1,0,0,1,1,0,0,0,0,0,medio_baixo
11,150000.0,412,0.7014563106796117,1,3,1,1,1,4,1,0,1,0,0,0,0,gratuito
5,3500000.0,82514,0.9096274571587851,23,1,1,1,0,2,1,0,0,0,0,0,0,medio_alto
3,10000.0,2,0.5,2,3,1,1,0,0,1,0,1,0,0,0,0,medio_alto
6,350000.0,5973,0.9666834086723589,1,2,1,1,1,10,1,0,0,0,0,0,1,medio_baixo
1,10000.0,15,0.9333333333333333,1,4,1,0,0,0,1,0,1,0,0,1,1,alto
4,10000.0,23,0.391304347826087,1,4,1,1,0,0,1,1,1,0,1,0,0,gratuito
5,10000.0,1,0.0,1,2,1,0,0,0,0,0,0,0,1,0,0,medio_alto
2,10000.0,4,1.0,3,3,1,0,0,0,1,1,1,0,0,0,0,baixo
4,10000.0,7,0.42857142857142855,1,4,1,0,0,0,0,0,0,1,0,0,1,baixo
3,10000.0,21,1.0,5,1,1,1,0,0,0,0,0,1,0,0,0,medio_baixo
12,350000.0,1570,0.8815286624203822,3,2,1,0,0,1,1,1,0,0,0,0,0,medio_alto
2,0.0,0,0.0,0,0,1,0,0,0,0,0,0,0,0,0,0,gratuito
8,10000.0,39,0.8717948717948718,2,3,1,0,0,1,1,1,0,1,0,0,0,alto
4,10000.0,0,0.0,1,4,1,0,0,2,0,1,1,1,0,0,1,baixo
7,10000.0,52,0.8461538461538461,29,2,1,0,0,0,1,0,0,1,0,0,0,baixo
5,10000.0,28,0.6428571428571429,6,4,1,0,0,0,1,1,1,1,0,0,0,baixo
1,0.0,0,0.0,0,0,1,0,0,0,0,0,0,0,0,0,0,gratuito
7,10000.0,1,0.0,1,4,1,0,0,0,1,1,0,1,0,1,0,baixo
1,10000.0,2,1.0,1,4,1,0,0,0,1,0,1,1,0,1,0,medio_alto
2,150000.0,2,1.0,1,4,1,0,0,0,1,0,1,1,0,0,0,medio_alto
4,0.0,0,0.0,11,3,1,0,0,0,1,0,0,1,0,0,0,gratuito
7,75000.0,698,0.8724928366762178,2,1,1,1,0,0,0,0,1,0,0,0,0,gratuito
9,350000.0,4334,0.91047531149054,4,1,1,0,0,33,0,1,0,0,0,0,0,alto
1,0.0,0,0.0,1,1,1,0,0,0,0,0,0,0,1,0,0,medio_alto
3,10000.0,10,0.9,1,3,1,1,0,0,1,0,1,0,1,0,0,baixo
2,10000.0,29,0.9310344827586207,1,2,1,0,0,1,1,0,1,0,0,0,0,alto
2,10000.0,6,0.8333333333333334,1,2,1,0,0,0,1,1,0,0,0,0,0,alto
2,10000.0,0,0.0,3,4,1,0,0,0,1,0,0,1,1,1,0,medio_alto
9,10000.0,6,0.8333333333333334,2,4,1,0,0,0,1,1,1,0,0,1,0,medio_baixo
8,10000.0,4,1.0,1,2,1,0,0,0,0,0,1,1,0,0,0,medio_alto
9,10000.0,28,0.8928571428571429,1,3,1,0,0,1,1,1,1,0,0,0,0,medio_baixo
4,10000.0,18,0.9444444444444444,1,2,1,0,0,0,1,1,0,0,0,0,0,baixo
1,10000.0,0,0.0,2,2,1,0,0,0,0,0,1,0,0,1,0,baixo
7,10000.0,45,0.9555555555555556,2,2,1,1,0,0,1,1,0,0,0,0,0,baixo
2,10000.0,2,0.5,2,5,1,0,0,1,1,0,1,1,0,1,1,baixo
10,10000.0,18,0.7777777777777778,1,3,1,0,0,0,1,1,1,0,0,0,0,baixo
4,10000.0,47,0.7021276595744681,2,3,1,0,0,0,1,1,1,0,0,0,0,baixo
6,35000.0,13,0.7692307692307693,1,3,1,0,0,0,1,0,0,0,0,1,1,gratuito
4,35000.0,5,0.6,6,3,1,0,0,0,1,1,1,0,0,0,0,baixo
2,10000.0,15,0.9333333333333333,1,1,1,0,0,0,0,0,1,0,0,0,0,medio_baixo
1,10000.0,0,0.0,6,2,1,0,0,1,1,0,1,0,0,0,0,alto
7,10000.0,109,0.7614678899082569,7,3,1,1,1,0,1,0,1,1,0,0,0,gratuito
1,0.0,0,0.0,0,0,1,0,0,0,0,0,0,0,0,0,0,gratuito
10,10000.0,6,0.0,2,3,1,0,0,0,0,1,1,0,0,0,1,medio_baixo
3,10000.0,0,0.0,1,4,1,0,0,0,1,0,0,0,0,1,1,gratuito
9,10000.0,10,0.8,1,2,1,0,0,0,0,0,1,1,0,0,0,medio_alto
1,0.0,0,0.0,1,3,1,0,1,0,0,0,0,1,0,1,0,gratuito
2,0.0,0,0.0,0,0,1,0,0,0,0,0,0,0,0,0,0,gratuito
6,10000.0,101,0.42574257425742573,1,6,1,0,0,1,1,0,1,1,1,1,1,medio_alto
1,10000.0,0,0.0,17,3,1,0,0,0,1,0,0,1,0,1,0,baixo
6,1500000.0,18644,0.8310984767217335,7,4,1,0,0,0,0,1,1,0,1,0,0,gratuito
7,10000.0,44,0.38636363636363635,1,2,1,1,0,0,0,0,0,0,0,0,1,alto
2,10000.0,0,0.0,1,1,1,0,0,0,0,0,0,1,0,0,0,medio_alto
10,3500000.0,487,0.6796714579055442,2,2,1,1,1,0,0,0,1,0,0,0,0,baixo
2,10000.0,3,1.0,1,3,1,1,0,0,1,0,0,1,0,0,1,medio_baixo
6,10000.0,2,0.5,1,4,1,0,0,0,1,1,1,0,0,1,0,medio_baixo
5,75000.0,35,0.9714285714285714,6,1,1,1,1,0,0,0,1,0,0,0,0,medio_alto
3,0.0,0,0.0,12,4,1,1,1,0,1,0,1,1,0,0,0,gratuito
2,10000.0,0,0.0,7,4,1,0,1,0,1,0,0,1,1,0,1,baixo
1,10000.0,0,0.0,3,2,1,0,0,0,0,0,1,1,0,0,0,alto
1,10000.0,0,0.0,1,2,1,0,0,0,1,0,0,1,0,0,0,medio_alto
7,35000.0,329,0.601823708206687,5,3,1,0,0,0,0,1,1,0,1,0,0,alto
3,75000.0,66,0.803030303030303,5,3,1,0,0,0,1,1,0,1,0,0,0,medio_baixo
3,10000.0,0,0.0,1,3,1,0,0,0,0,0,0,1,0,0,1,gratuito
2,10000.0,0,0.0,1,6,1,1,1,0,1,0,1,1,1,1,0,gratuito
5,35000.0,27,0.9629629629629629,1,1,1,0,0,0,0,0,0,0,0,0,0,gratuito
2,0.0,0,0.0,0,0,1,0,0,0,0,0,0,0,0,0,0,gratuito
1,0.0,0,0.0,1,7,1,0,0,0,1,1,0,1,1,1,0,gratuito
4,0.0,0,0.0,1,2,1,0,0,0,1,0,1,0,0,0,0,gratuito
3,10000.0,0,0.0,4,1,1,0,0,1,0,0,1,0,0,0,0,alto
9,10000.0,151,0.6754966887417219,3,4,1,0,0,0,1,1,0,0,1,0,0,gratuito
4,0.0,0,0.0,0,0,1,0,0,0,0,0,0,0,0,0,0,gratuito
4,35000.0,8,1.0,1,4,1,0,0,0,1,1,0,1,0,0,0,medio_alto
1,0.0,0,0.0,2,3,1,0,0,0,0,0,0,0,0,0,0,alto
8,1500000.0,13541,0.823203603869729,11,1,1,0,0,16,0,1,0,0,0,0,0,medio_alto
1,10000.0,15,0.8666666666666667,3,2,1,0,0,0,1,1,0,0,0,0,0,baixo
3,35000.0,1,0.0,1,3,1,0,0,0,1,1,1,0,0,0,0,medio_alto
8,10000.0,1,1.0,1,1,1,0,0,0,0,0,1,0,0,0,0,gratuito
9,10000.0,26,0.6538461538461539,1,3,1,0,0,0,1,1,0,0,0,0,0,baixo
8,350000.0,3806,0.8310562270099843,10,2,1,1,1,2,1,0,0,0,0,1,0,medio_baixo
6,10000.0,12,0.5833333333333334,1,1,1,0,0,0,0,0,1,0,0,0,0,medio_alto
8,10000.0,15,0.6,3,2,1,0,0,0,0,0,0,1,0,0,1,medio_baixo
7,10000.0,98,0.9591836734693877,1,1,1,0,0,0,0,0,1,0,0,0,0,alto
1,35000.0,362,0.7513812154696132,9,4,1,0,0,0,1,1,1,0,0,0,1,alto
4,0.0,0,0.0,1,2,1,1,0,2,1,0,0,0,0,0,0,gratuito
5,10000.0,0,0.0,1,6,1,0,0,0,1,1,1,1,1,0,1,medio_baixo
5,35000.0,3,0.3333333333333333,1,8,1,0,0,0,1,1,1,0,1,1,1,medio_alto
4,10000.0,0,0.0,1,2,1,1,1,0,0,1,0,1,0,0,0,medio_alto
2,10000.0,2,1.0,2,3,1,0,0,4,0,0,0,0,1,1,1,alto
2,10000.0,0,0.0,1,2,1,0,0,0,0,0,0,0,1,1,0,medio_baixo
3,10000.0,10,0.8,1,3,1,0,0,0,1,0,0,1,0,1,0,baixo
1,10000.0,2,1.0,12,3,1,0,0,0,1,0,0,0,0,0,1,alto
5,35000.0,1288,0.7942546583850931,10,4,1,1,0,5,0,0,1,1,1,0,1,alto
3,10000.0,1,1.0,14,3,1,0,0,0,1,0,0,1,1,0,0,medio_baixo
7,10000.0,14,0.5,1,4,1,0,0,0,1,0,0,1,0,0,1,alto
8,10000.0,2,0.5,1,3,1,0,0,0,0,1,0,0,0,1,0,alto
5,10000.0,26,0.9230769230769231,2,4,1,0,0,0,0,0,1,1,0,0,0,alto
2,10000.0,1,1.0,2,3,1,0,0,0,1,0,0,0,0,1,0,alto
10,10000.0,56,0.8214285714285714,1,2,1,0,0,0,0,0,0,1,0,0,1,baixo
7,10000.0,34,0.7941176470588235,1,4,1,1,0,0,1,0,0,0,0,1,1,alto
1,10000.0,0,0.0,11,4,1,0,0,0,1,0,0,1,0,0,1,alto
3,75000.0,7,0.7142857142857143,1,2,1,0,0,0,0,1,0,1,0,0,0,baixo
6,150000.0,10,0.8,1,3,1,0,0,0,1,0,0,1,1,0,0,baixo
1,10000.0,19,1.0,1,2,1,0,0,0,1,0,0,0,1,0,0,medio_alto
14,750000.0,12629,0.7873940929606461,6,3,1,0,0,1,1,1,1,0,0,0,0,medio_alto
7,10000.0,63,0.9523809523809523,4,2,1,0,0,0,1,1,0,0,0,0,0,baixo
11,10000.0,70,0.7714285714285715,4,1,1,0,0,1,0,1,0,0,0,0,0,medio_baixo
10,10000.0,18,0.6666666666666666,9,2,1,1,0,0,1,0,0,1,0,0,0,medio_alto
2,10000.0,17,1.0,1,2,1,0,0,0,0,1,1,0,0,0,0,alto
4,10000.0,6,0.3333333333333333,1,1,1,0,0,0,1,0,0,0,0,0,0,baixo
4,10000.0,7,0.42857142857142855,2,5,1,0,0,0,1,0,0,1,0,1,1,alto
6,10000.0,16,1.0,7,3,1,1,0,1,1,1,0,1,0,0,0,baixo
1,0.0,0,0.0,103,2,1,0,0,0,1,0,0,1,0,0,0,baixo
1,0.0,0,0.0,10,3,1,1,0,0,1,0,0,1,0,1,0,alto
1,0.0,0,0.0,0,0,1,0,0,0,0,0,0,0,0,0,0,gratuito
5,10000.0,39,0.41025641025641024,28,3,1,1,0,0,0,0,0,0,0,0,1,alto
2,10000.0,4,0.25,1,2,1,0,0,0,0,0,0,0,1,0,1,alto
6,10000.0,2,0.5,1,1,1,1,0,1,1,0,0,0,0,0,0,medio_alto
1,0.0,0,0.0,12,6,1,0,0,0,1,1,0,1,0,0,1,gratuito
5,10000.0,35,0.6857142857142857,1,5,1,0,0,0,1,0,1,0,0,1,1,alto
1,0.0,0,0.0,7,1,1,0,1,0,0,0,0,1,0,0,0,medio_baixo
5,10000.0,36,0.7777777777777778,1,2,1,0,0,0,1,0,0,1,0,0,0,medio_baixo
3,10000.0,15,0.6666666666666666,1,3,1,0,0,0,1,0,1,0,0,0,1,baixo
18,75000.0,247,0.7975708502024291,4,2,1,0,0,0,0,0,0,0,1,1,0,medio_baixo
5,0.0,0,0.0,0,0,1,0,0,0,0,0,0,0,0,0,0,gratuito
5,10000.0,0,0.0,5,1,1,1,1,0,0,0,0,1,0,0,0,medio_alto
10,10000.0,38,0.6578947368421053,2,3,1,0,0,0,1,0,1,0,1,0,0,alto
7,10000.0,0,0.0,1,1,1,0,0,0,1,0,0,0,0,0,0,alto
5,35000.0,295,0.9050847457627119,1,3,1,0,1,0,1,1,1,0,0,0,0,gratuito
1,0.0,0,0.0,0,0,1,0,0,0,0,0,0,0,0,0,0,gratuito
5,10000.0,0,0.0,103,2,1,0,0,2,1,0,0,1,0,0,0,baixo
3,10000.0,0,0.0,2,2,1,0,0,0,1,1,0,0,0,0,0,medio_baixo
1,10000.0,0,0.0,9,5,1,1,0,0,1,0,1,0,1,1,1,medio_alto
1,0.0,0,0.0,0,0,1,0,0,0,0,0,0,0,0,0,0,gratuito
7,10000.0,11,0.9090909090909091,1,3,1,0,0,0,1,0,1,0,1,0,0,medio_baixo
2,35000.0,5,1.0,1,3,1,0,0,0,1,0,0,1,1,0,0,medio_alto
4,350000.0,6199,0.747539925794483,9,3,1,0,0,5,0,0,0,0,1,0,1,alto
1,10000.0,0,0.0,4,3,1,1,0,1,1,0,0,1,0,0,1,alto
7,10000.0,7,0.5714285714285714,1,2,1,0,0,0,0,0,0,0,0,0,0,baixo
4,10000.0,1,0.0,1,3,1,0,0,0,1,0,0,1,0,1,0,medio_alto
4,35000.0,2,0.5,29,1,1,1,1,0,0,0,0,1,0,0,0,medio_alto
20,75000.0,46,0.8913043478260869,1,3,1,0,0,0,1,0,0,0,1,1,0,alto
7,10000.0,69,0.7971014492753623,1,4,1,0,0,0,0,1,0,0,0,0,1,gratuito
11,1500000.0,27392,0.963419976635514,1,4,1,1,1,2,1,0,0,0,1,1,1,medio_baixo
1,10000.0,0,0.0,1,2,1,0,0,0,1,0,1,0,0,0,0,medio_baixo
8,350000.0,2215,0.8090293453724605,9,3,1,0,0,3,1,0,0,0,0,1,1,alto
7,10000.0,9,0.8888888888888888,1,3,1,0,0,0,1,0,0,1,0,0,1,alto
11,35000.0,291,0.6701030927835051,5,3,1,0,0,0,1,1,1,0,0,0,0,baixo
1,10000.0,0,0.0,10,2,1,0,0,0,0,1,1,0,0,0,0,medio_alto
1,10000.0,0,0.0,1,1,1,0,0,0,1,0,0,0,0,0,0,medio_alto
2,35000.0,610,0.8360655737704918,4,1,1,0,0,0,0,1,0,0,0,0,0,medio_alto
1,10000.0,18,0.9444444444444444,13,2,1,0,0,0,1,1,0,0,0,0,0,baixo
9,10000.0,7,0.8571428571428571,1,2,1,0,0,0,0,0,1,1,0,0,0,medio_alto
1,10000.0,0,0.0,1,5,1,0,1,0,1,0,1,1,0,0,1,alto
5,10000.0,3,0.6666666666666666,3,5,1,0,0,0,1,0,1,0,0,1,1,alto
7,10000.0,5,1.0,3,5,1,0,0,0,1,1,1,1,0,1,0,medio_alto
11,75000.0,328,0.6920731707317073,1,3,1,1,1,0,1,0,0,0,1,0,1,baixo
1,10000.0,0,0.0,1,1,1,1,1,0,1,0,0,0,0,0,0,alto
2,10000.0,9,0.8888888888888888,2,2,1,0,0,1,0,1,0,1,0,0,0,medio_baixo
11,150000.0,644,0.8742236024844721,5,2,1,1,0,0,1,0,0,0,0,1,0,medio_alto
7,10000.0,2,1.0,1,3,1,0,0,0,1,1,0,1,0,0,0,medio_alto
3,10000.0,32,0.59375,1,3,1,0,0,0,1,1,1,0,0,0,0,medio_alto
11,1500000.0,6768,0.9321808510638298,21,3,1,1,1,1,1,1,0,0,0,0,0,gratuito
5,10000.0,26,0.9615384615384616,5,2,1,1,0,0,0,0,0,1,0,1,0,baixo
3,10000.0,5,1.0,1,5,1,1,1,0,1,1,0,1,1,0,0,medio_baixo
10,10000.0,23,0.6521739130434783,1,4,1,0,0,0,1,1,0,0,1,0,0,medio_alto
9,35000.0,201,0.736318407960199,2,2,1,0,0,3,1,0,0,0,0,0,1,medio_baixo
4,10000.0,36,0.9722222222222222,3,1,1,0,0,0,0,0,0,1,0,0,0,alto
2,0.0,0,0.0,0,0,1,0,0,0,0,0,0,0,0,0,0,gratuito
3,10000.0,0,0.0,28,4,1,0,0,0,1,0,0,1,0,1,1,medio_baixo
8,150000.0,1623,0.9679605668515096,30,1,1,0,0,1,1,0,0,0,0,0,0,gratuito
2,10000.0,0,0.0,4,2,1,0,0,1,0,0,1,1,0,0,0,alto
4,350000.0,1978,0.8998988877654196,34,2,1,0,0,0,0,1,0,0,0,0,0,alto
4,10000.0,20,0.85,6,3,1,1,0,0,1,1,1,0,0,0,0,medio_baixo
3,10000.0,3,1.0,1,1,1,0,0,0,1,0,0,0,0,0,0,alto
9,150000.0,1444,0.7209141274238227,2,4,1,1,1,0,1,0,1,1,0,0,0,baixo
6,10000.0,2,0.5,11,1,1,0,0,0,0,0,0,1,0,0,0,medio_baixo
5,35000.0,7,0.8571428571428571,1,3,1,0,0,0,1,1,0,0,0,1,0,baixo
9,10000.0,4,0.5,2,3,1,1,1,0,1,0,1,0,0,0,0,baixo
2,10000.0,1,0.0,1,1,1,0,0,0,1,0,0,0,0,0,0,medio_baixo
7,10000.0,78,0.6923076923076923,1,2,1,0,0,1,1,0,1,0,0,0,0,medio_alto
1,10000.0,0,0.0,6,4,1,0,0,0,1,1,1,1,0,0,0,baixo
9,10000.0,23,0.2608695652173913,12,4,1,1,1,0,1,0,0,1,0,1,1,alto
15,150000.0,594,0.7390572390572391,1,1,1,0,0,0,0,0,0,0,0,1,0,baixo
2,10000.0,22,0.9545454545454546,1,3,1,0,1,0,1,0,1,1,0,0,0,alto
10,75000.0,167,0.8922155688622755,3,2,1,0,0,0,1,0,0,1,0,0,0,baixo
5,10000.0,5,0.6,1,3,1,0,0,0,1,0,0,1,0,1,0,baixo
3,350000.0,2724,0.5837004405286343,26,2,1,0,0,1,0,1,0,0,0,1,0,alto
3,0.0,0,0.0,1,4,1,0,0,0,1,0,0,1,0,0,0,gratuito
5,10000.0,111,0.954954954954955,1,5,1,0,0,0,1,1,0,1,0,1,1,medio_alto
8,10000.0,43,0.3953488372093023,1,2,1,0,0,0,1,0,0,1,0,0,0,medio_baixo
2,0.0,0,0.0,103,2,1,1,1,0,1,0,0,1,0,0,0,medio_baixo
4,10000.0,1,1.0,1,3,1,0,0,0,1,0,0,1,0,1,0,baixo
6,10000.0,0,0.0,1,3,1,1,1,4,1,0,0,1,0,0,1,alto
9,10000.0,1,1.0,1,2,1,0,0,0,0,0,1,1,0,0,0,medio_alto
4,10000.0,3,1.0,2,4,1,0,0,0,1,0,0,0,0,0,1,gratuito
1,10000.0,0,0.0,1,1,1,0,0,0,0,0,0,0,0,0,1,medio_alto
10,10000.0,31,0.8387096774193549,1,3,1,1,1,1,1,1,0,0,0,0,0,medio_alto
2,0.0,0,0.0,1,4,1,0,0,0,1,0,1,0,1,0,0,gratuito
10,10000.0,40,0.875,1,3,1,0,0,0,1,0,0,0,0,0,1,gratuito
1,10000.0,0,0.0,1,1,1,0,0,0,0,0,0,1,0,0,0,medio_alto
2,0.0,0,0.0,0,0,1,0,0,0,0,0,0,0,0,0,0,gratuito
2,10000.0,4,0.75,1,3,1,1,0,1,1,1,0,1,0,0,0,medio_baixo
6,3500000.0,126909,0.9003222781678211,9,3,1,1,1,23,0,0,0,0,1,1,1,alto
2,0.0,0,0.0,103,9,1,1,1,0,1,1,1,1,1,1,1,alto
2,10000.0,2,1.0,1,4,1,0,0,0,0,0,0,0,0,0,0,alto
1,0.0,0,0.0,1,3,1,0,0,0,1,1,0,0,0,0,0,gratuito
5,10000.0,17,0.8823529411764706,1,2,1,1,0,0,1,0,0,1,0,0,0,baixo
6,10000.0,86,0.8837209302325582,1,2,1,0,0,2,1,0,0,1,0,0,0,baixo
5,10000.0,6,1.0,1,2,1,0,0,0,1,1,0,0,0,0,0,medio_alto
4,10000.0,0,0.0,1,2,1,0,0,0,0,0,0,1,0,0,1,alto
5,0.0,0,0.0,1,2,1,0,0,0,1,1,0,0,0,0,0,gratuito
6,10000.0,0,0.0,29,3,1,0,0,1,1,1,0,1,0,0,0,baixo
7,10000.0,9,0.5555555555555556,1,4,1,0,0,0,1,1,0,1,1,0,0,baixo
2,10000.0,0,0.0,1,2,1,1,1,0,1,0,0,1,0,0,0,baixo
4,10000.0,80,1.0,5,1,1,1,0,0,1,0,0,0,0,0,0,medio_baixo
4,10000.0,4,1.0,3,4,1,1,0,0,1,1,1,0,0,1,0,baixo
3,35000.0,43,0.9302325581395349,1,5,1,1,0,0,1,1,1,0,1,1,0,alto
1,10000.0,0,0.0,1,3,1,0,0,1,0,1,0,1,0,0,0,medio_alto
5,35000.0,304,0.4342105263157895,1,4,1,0,0,0,1,0,0,0,0,1,1,gratuito
6,10000.0,14,0.7142857142857143,14,8,1,1,0,7,0,0,0,0,0,0,0,alto
6,10000.0,5,0.0,1,3,1,0,0,0,0,0,0,0,0,0,0,medio_baixo
6,10000.0,26,0.8461538461538461,1,3,1,1,0,0,1,1,1,0,0,0,0,baixo
9,35000.0,877,0.879133409350057,1,6,1,0,0,0,1,0,1,1,1,0,1,baixo
5,10000.0,10,1.0,1,2,1,0,0,0,1,0,0,1,0,0,0,medio_baixo
4,10000.0,33,0.9393939393939394,5,2,1,0,0,0,1,0,0,0,1,0,0,medio_alto
8,10000.0,13,0.5384615384615384,1,3,1,0,0,0,0,1,0,0,0,0,0,alto
5,150000.0,3133,0.978614746249601,7,3,1,0,0,23,1,0,0,1,0,0,0,alto
6,10000.0,16,0.9375,2,2,1,0,0,0,1,0,0,0,0,1,0,baixo
7,10000.0,2,1.0,1,4,1,1,0,0,1,0,0,0,0,0,0,alto
9,10000.0,9,0.5555555555555556,2,5,1,1,1,1,1,0,1,0,0,0,1,medio_alto
2,0.0,0,0.0,0,0,1,0,0,0,0,0,0,0,0,0,0,gratuito
9,10000.0,98,0.5204081632653061,2,3,1,0,0,0,1,1,0,0,0,0,0,baixo
5,10000.0,17,1.0,1,2,1,0,1,0,1,0,1,0,0,0,0,medio_baixo
6,10000.0,0,0.0,1,3,1,0,0,0,1,0,0,0,1,1,0,medio_alto
9,10000.0,0,0.0,1,5,1,0,0,0,1,1,0,1,0,0,1,baixo
3,10000.0,373,0.9329758713136729,10,3,1,0,0,0,1,0,1,1,0,0,0,medio_alto
13,1500000.0,29984,0.932130469583778,9,2,1,0,0,4,0,1,1,0,0,0,0,alto
4,10000.0,0,0.0,1,2,1,0,0,0,1,0,0,1,0,0,0,baixo
2,10000.0,1,0.0,1,3,1,0,0,0,1,1,1,0,0,0,0,baixo
1,10000.0,0,0.0,9,3,1,0,0,0,1,1,0,0,0,1,0,alto
2,10000.0,15,0.6666666666666666,1,2,1,1,1,1,1,0,1,0,0,0,0,alto
1,10000.0,4,1.0,2,2,1,0,0,0,1,0,0,1,0,0,0,medio_alto
1,0.0,0,0.0,1,3,1,0,0,0,1,1,1,0,0,0,0,baixo
4,10000.0,0,0.0,1,2,1,0,0,0,0,0,0,0,0,1,0,gratuito
3,75000.0,35,0.6571428571428571,2,3,1,0,0,0,1,1,1,0,0,0,0,medio_alto
3,10000.0,8,0.25,1,2,1,0,0,0,0,0,0,1,1,0,0,baixo
1,0.0,0,0.0,0,0,1,0,0,0,0,0,0,0,0,0,0,gratuito
4,10000.0,34,0.7647058823529411,1,2,1,0,0,0,1,0,1,0,0,0,0,baixo
5,10000.0,0,0.0,1,5,1,0,0,0,1,1,1,1,1,0,0,alto
1,0.0,0,0.0,0,0,1,0,0,0,0,0,0,0,0,0,0,gratuito
2,10000.0,0,0.0,1,3,1,1,1,0,1,0,0,1,0,1,0,medio_baixo
4,10000.0,3,1.0,1,5,1,0,0,0,1,0,1,1,1,1,0,baixo
3,35000.0,2,0.5,1,3,1,0,0,0,1,1,0,1,0,0,0,baixo
6,75000.0,624,0.907051282051282,5,1,1,0,0,1,0,0,0,0,0,1,0,alto
4,10000.0,0,0.0,6,1,1,0,0,0,0,0,0,0,0,0,1,alto
4,10000.0,68,0.9558823529411765,1,3,1,0,0,0,1,0,0,0,1,0,1,medio_baixo
1,0.0,0,0.0,0,0,1,0,0,0,0,0,0,0,0,0,0,gratuito
1,10000.0,13,1.0,4,1,1,0,0,0,1,0,0,0,0,0,0,medio_baixo
4,35000.0,43,0.9767441860465116,1,2,1,0,0,1,1,0,0,0,1,0,0,medio_baixo
2,0.0,0,0.0,0,0,1,0,0,0,0,0,0,0,0,0,0,gratuito
9,10000.0,7,0.8571428571428571,1,3,1,0,0,0,1,1,0,0,0,0,0,alto
1,0.0,0,0.0,2,2,1,0,0,0,1,0,0,0,0,0,0,gratuito
2,10000.0,2,0.0,1,3,1,0,0,0,1,0,1,0,1,0,0,medio_baixo
1,35000.0,24,1.0,1,2,1,0,0,0,1,1,0,0,0,0,0,medio_alto
4,35000.0,48,0.6458333333333334,29,4,1,0,0,0,1,0,0,1,0,0,1,baixo
1,0.0,0,0.0,3,1,1,0,0,0,1,0,0,0,0,0,0,baixo
2,350000.0,9093,0.9681073353128781,3,3,1,0,0,0,1,1,1,0,0,0,0,alto
1,0.0,0,0.0,1,4,1,0,0,0,1,1,1,0,0,0,0,gratuito
1,0.0,0,0.0,0,0,1,0,0,0,0,0,0,0,0,0,0,gratuito
4,10000.0,0,0.0,1,2,1,0,0,0,1,0,0,1,0,0,0,baixo
1,0.0,0,0.0,0,0,1,0,0,0,0,0,0,0,0,0,0,gratuito
4,10000.0,2,1.0,1,4,1,0,0,0,1,0,0,0,1,0,1,medio_alto
6,10000.0,285,0.6807017543859649,14,3,1,0,0,0,1,0,0,0,0,0,1,medio_alto
12,35000.0,54,0.2037037037037037,4,1,1,0,0,0,0,0,0,1,0,0,0,medio_baixo
2,0.0,0,0.0,2,3,1,1,1,1,1,0,0,0,0,1,0,gratuito
3,0.0,0,0.0,0,0,1,0,0,0,0,0,0,0,0,0,0,gratuito
3,10000.0,0,0.0,1,1,1,0,0,0,0,0,0,1,0,0,0,medio_baixo
6,10000.0,10,0.8,1,4,1,1,0,0,1,0,1,0,1,1,0,baixo
3,35000.0,407,0.5135135135135135,7,5,1,0,0,0,1,1,1,0,0,0,1,medio_baixo
5,35000.0,9,0.6666666666666666,2,5,1,0,0,0,1,1,1,0,0,1,0,medio_alto
1,10000.0,0,0.0,2,3,1,1,1,1,1,0,1,1,0,0,0,baixo
4,10000.0,5,0.2,1,4,1,0,0,0,1,0,1,1,1,0,0,baixo
5,10000.0,63,0.8253968253968254,2,1,1,0,0,0,0,0,0,1,0,0,0,alto
1,0.0,0,0.0,0,0,1,0,0,0,0,0,0,0,0,0,0,gratuito
2,0.0,0,0.0,0,0,1,0,0,0,0,0,0,0,0,0,0,gratuito
1,10000.0,0,0.0,8,2,1,0,0,1,1,0,1,0,0,0,0,alto
1,10000.0,2,0.5,4,5,1,0,0,0,1,0,1,1,1,1,0,medio_alto
1,10000.0,134,0.9029850746268657,8,3,1,0,0,0,1,1,1,0,0,0,0,alto
9,10000.0,107,0.6822429906542056,7,5,1,0,0,1,1,1,1,0,1,0,0,alto
1,0.0,0,0.0,0,0,1,0,0,0,0,0,0,0,0,0,0,gratuito
3,10000.0,1,0.0,1,4,1,0,0,0,1,0,1,1,0,1,0,medio_alto
4,10000.0,34,0.8235294117647058,1,3,1,0,0,0,1,0,1,1,0,0,0,baixo
10,10000.0,60,0.8333333333333334,1,4,1,1,1,0,1,1,1,1,0,0,0,baixo
1,0.0,0,0.0,8,2,1,0,0,0,0,1,1,0,0,0,0,medio_alto
3,0.0,0,0.0,1,2,1,0,1,0,0,0,0,0,1,0,0,gratuito
2,75000.0,1,0.0,1,4,1,0,0,0,1,0,0,0,1,1,0,medio_baixo
11,75000.0,651,0.7680491551459293,2,3,1,1,1,0,1,1,0,0,1,0,0,baixo
8,10000.0,3,1.0,1,5,1,0,0,1,1,0,0,1,1,1,1,baixo
1,10000.0,0,0.0,1,1,1,0,0,0,0,1,0,0,0,0,0,medio_baixo
8,10000.0,30,0.9666666666666667,1,2,1,0,0,0,1,0,1,0,0,0,0,medio_baixo
1,10000.0,0,0.0,1,3,1,0,0,0,1,0,0,1,1,0,0,medio_baixo
1,0.0,0,0.0,1,2,1,0,0,0,1,0,1,0,0,0,0,medio_baixo
2,10000.0,11,0.9090909090909091,1,3,1,0,0,0,1,0,0,0,0,0,1,alto
8,10000.0,10,0.9,1,1,1,1,1,0,0,0,0,1,0,0,0,medio_baixo
3,0.0,0,0.0,0,0,1,0,0,0,0,0,0,0,0,0,0,gratuito
1,10000.0,8,1.0,1,3,1,0,1,0,1,1,0,0,0,1,0,medio_baixo
11,750000.0,968,0.4059917355371901,1,3,1,0,0,0,1,1,0,1,0,0,0,baixo
6,10000.0,3,0.3333333333333333,1,3,1,0,0,0,1,0,0,1,0,0,0,alto
4,10000.0,0,0.0,1,3,1,0,0,0,1,1,1,0,0,0,0,baixo
4,10000.0,1,0.0,1,2,1,0,0,0,0,0,0,1,0,0,1,alto
1,10000.0,0,0.0,1,5,1,0,0,0,1,1,1,0,1,0,0,alto
1,0.0,0,0.0,0,0,1,0,0,0,0,0,0,0,0,0,0,gratuito
4,0.0,0,0.0,1,3,1,0,0,0,0,0,0,0,0,0,0,gratuito
10,150000.0,180,0.7944444444444444,1,3,1,1,1,0,1,1,0,1,0,0,0,baixo
5,10000.0,0,0.0,2,2,1,0,0,0,1,0,0,1,0,0,0,baixo
2,10000.0,7,0.42857142857142855,2,4,1,0,0,0,1,1,1,1,0,0,0,medio_alto
11,10000.0,29,0.4482758620689655,1,2,1,1,0,0,1,1,0,0,0,0,0,medio_alto
1,0.0,0,0.0,13,2,1,0,0,0,0,1,0,0,0,0,0,alto
1,10000.0,0,0.0,1,2,1,0,0,0,1,1,0,0,0,0,0,baixo
1,10000.0,0,0.0,29,1,1,0,0,0,0,0,1,0,0,0,0,alto
10,10000.0,71,0.7887323943661971,1,3,1,1,1,3,1,0,1,0,1,0,0,medio_alto
7,10000.0,19,0.631578947368421,1,3,1,0,0,0,1,0,0,1,0,1,0,baixo
4,10000.0,3,1.0,1,3,1,1,1,0,1,0,0,1,0,1,0,baixo
2,10000.0,0,0.0,4,4,1,0,0,0,1,1,1,0,1,0,0,alto
9,10000.0,20,0.7,1,2,1,1,0,1,1,0,0,0,1,0,0,gratuito
8,10000.0,7,0.5714285714285714,1,1,1,1,0,0,0,0,0,0,0,0,0,gratuito
8,10000.0,1,1.0,1,2,1,0,0,0,0,1,0,1,0,0,0,medio_baixo
1,0.0,0,0.0,1,5,1,0,0,0,1,1,0,0,1,0,0,gratuito
4,0.0,0,0.0,1,7,1,1,1,0,1,1,1,0,1,0,0,gratuito
4,10000.0,39,0.6923076923076923,30,6,1,1,1,1,1,1,0,1,0,0,1,medio_baixo
3,0.0,0,0.0,103,9,1,1,1,0,1,1,1,1,1,1,1,alto
8,10000.0,14,0.9285714285714286,1,2,1,0,0,0,1,0,0,1,0,0,0,medio_baixo
6,10000.0,72,0.8611111111111112,12,3,1,0,0,3,1,0,0,1,0,0,1,baixo
5,0.0,0,0.0,1,2,1,0,0,0,0,0,0,1,0,0,0,gratuito
2,0.0,0,0.0,103,1,1,0,0,0,0,0,0,1,0,0,0,baixo
4,35000.0,5,0.0,1,3,1,0,0,0,1,1,0,0,0,0,0,gratuito
1,10000.0,145,0.896551724137931,11,3,1,0,0,1,0,0,0,1,0,1,1,medio_alto
15,350000.0,3784,0.9175475687103594,7,4,1,0,0,0,1,1,0,0,0,1,0,medio_baixo
2,10000.0,23,0.6086956521739131,1,3,1,0,0,0,0,1,1,0,1,0,0,alto
10,35000.0,126,0.5634920634920635,5,3,1,0,0,0,1,1,1,0,0,0,0,gratuito
2,10000.0,0,0.0,1,6,1,0,0,0,1,1,1,1,0,0,1,baixo
7,35000.0,188,0.9361702127659575,4,5,1,0,0,0,1,0,1,0,1,1,0,gratuito
1,75000.0,355,0.7380281690140845,13,2,1,0,0,0,1,1,0,0,0,0,0,medio_alto
7,10000.0,70,0.7142857142857143,2,3,1,0,0,0,0,1,0,0,0,1,0,gratuito
10,75000.0,66,0.7121212121212122,1,3,1,1,1,0,1,1,0,1,0,0,0,medio_baixo
2,150000.0,1974,0.8738601823708206,2,3,1,0,0,0,1,0,1,0,0,0,1,medio_baixo
3,10000.0,4,0.75,2,2,1,0,0,0,1,0,1,0,0,0,0,alto
2,10000.0,0,0.0,1,3,1,0,0,0,1,0,0,1,0,1,0,baixo
2,0.0,0,0.0,34,4,1,0,0,0,1,0,0,0,0,1,1,gratuito
3,10000.0,12,0.8333333333333334,1,4,1,0,0,0,1,0,0,1,1,1,0,medio_baixo
2,75000.0,1003,0.9391824526420738,15,2,1,0,0,1,1,0,1,0,0,0,0,medio_alto
6,10000.0,1,1.0,1,3,1,0,1,0,1,1,0,1,0,0,0,baixo
1,10000.0,71,1.0,10,5,1,0,0,4,1,1,0,1,0,1,1,baixo
2,10000.0,0,0.0,2,2,1,0,1,0,1,0,0,0,0,1,0,medio_baixo
2,10000.0,10,0.7,1,2,1,1,0,0,0,1,0,0,0,0,0,medio_baixo
9,150000.0,221,0.8687782805429864,3,5,1,0,0,3,1,1,1,1,0,0,1,gratuito
16,10000.0,60,0.7333333333333333,1,4,1,1,0,0,1,1,1,1,0,0,0,baixo
1,10000.0,61,0.8688524590163934,1,4,1,0,0,0,1,1,1,0,0,0,1,medio_alto
10,1500000.0,23524,0.8689848665192994,9,4,1,1,0,2,1,1,1,0,1,0,0,medio_alto
1,0.0,0,0.0,2,2,1,1,1,0,1,0,0,0,0,0,0,gratuito
2,10000.0,34,0.9117647058823529,1,2,1,0,0,0,1,0,0,0,0,0,1,baixo
2,10000.0,0,0.0,2,3,1,0,0,0,1,0,0,0,0,0,1,baixo
2,10000.0,3,0.0,1,3,1,0,0,0,0,0,0,0,1,1,1,alto
9,35000.0,28,0.35714285714285715,9,2,1,0,0,0,1,0,0,1,0,0,0,baixo
2,10000.0,63,0.9206349206349206,2,2,1,0,0,0,0,0,1,0,0,0,1,medio_baixo
4,10000.0,3,0.6666666666666666,1,4,1,0,0,0,1,1,1,1,0,0,0,medio_baixo
2,10000.0,4,0.75,3,3,1,0,0,0,1,0,1,1,0,0,0,alto
5,75000.0,379,0.40633245382585753,1,3,1,0,0,0,1,0,1,1,0,0,0,baixo
3,0.0,0,0.0,0,0,1,0,0,0,0,0,0,0,0,0,0,gratuito
3,10000.0,89,0.898876404494382,13,3,1,1,1,0,0,0,1,1,0,1,0,alto
2,0.0,0,0.0,103,1,1,0,0,0,0,0,0,1,0,0,0,baixo
2,10000.0,11,0.9090909090909091,1,3,1,0,0,0,1,0,1,0,0,0,0,gratuito
5,10000.0,7,0.42857142857142855,1,2,1,0,0,0,1,0,0,1,0,0,0,baixo
3,0.0,0,0.0,0,0,1,0,0,0,0,0,0,0,0,0,0,gratuito
3,75000.0,1082,0.8604436229205176,14,2,1,0,0,0,0,0,0,0,0,1,1,medio_alto
7,10000.0,1,0.0,1,2,1,0,0,0,1,1,0,0,0,0,0,medio_alto
4,10000.0,101,0.8316831683168316,7,5,1,0,0,0,1,1,1,1,0,1,0,medio_baixo
6,75000.0,57,0.6140350877192983,3,4,1,1,0,0,1,0,0,0,0,1,0,gratuito
1,10000.0,194,1.0,3,4,1,0,0,0,1,0,1,0,1,0,0,alto
8,10000.0,15,0.7333333333333333,6,2,1,1,0,0,1,0,0,1,0,0,0,medio_baixo
5,350000.0,3739,0.8948916822679861,8,2,1,0,0,3,0,0,0,0,0,1,1,medio_alto
10,10000.0,45,0.6,1,2,1,0,0,0,1,1,0,0,0,0,0,medio_baixo
9,10000.0,1,1.0,2,2,1,0,0,0,1,1,0,0,0,0,0,medio_baixo
4,35000.0,8,0.375,5,2,1,1,1,0,1,0,0,0,0,0,0,medio_alto
2,10000.0,9,0.7777777777777778,2,2,1,0,0,0,1,0,0,1,0,0,0,medio_baixo
2,75000.0,947,0.8468848996832101,12,3,1,0,0,4,0,1,0,0,0,0,0,medio_baixo
11,35000.0,291,0.6013745704467354,5,2,1,0,0,0,1,1,0,0,0,0,0,baixo
2,0.0,0,0.0,103,1,1,0,0,0,0,1,0,0,0,0,0,baixo
12,1500000.0,13734,0.8554681811562546,3,4,1,1,0,7,1,0,1,0,1,1,0,medio_baixo
7,10000.0,3,0.0,2,2,1,0,0,0,1,0,0,1,0,0,0,baixo
10,10000.0,49,0.5714285714285714,1,4,1,0,0,0,1,0,0,0,1,0,0,medio_baixo
5,0.0,0,0.0,1,4,1,0,0,0,1,0,1,0,1,0,0,gratuito
1,10000.0,2,1.0,1,4,1,1,1,0,1,0,1,1,0,1,0,medio_alto
11,75000.0,1251,0.7665867306155076,1,4,1,0,0,0,1,1,1,0,1,0,0,medio_alto
1,0.0,0,0.0,30,4,1,1,1,1,1,0,0,1,0,0,1,gratuito
2,10000.0,2,0.0,2,1,1,0,0,0,0,0,0,0,0,0,1,alto
2,10000.0,8,1.0,1,2,1,1,1,0,1,0,0,1,0,0,0,baixo
1,0.0,0,0.0,2,2,1,0,0,0,1,0,1,0,0,0,0,medio_baixo
4,10000.0,3,0.3333333333333333,29,2,1,0,0,0,1,0,0,1,0,0,0,baixo
7,10000.0,20,0.7,2,2,1,0,0,0,1,0,1,0,0,0,0,alto
10,10000.0,1,1.0,1,4,1,0,0,0,1,1,0,1,0,1,0,alto
6,10000.0,51,0.9215686274509803,9,4,1,0,0,0,1,1,1,1,0,0,0,medio_alto
10,35000.0,272,0.9117647058823529,1,1,1,0,0,0,0,0,1,0,0,0,0,medio_baixo
3,10000.0,223,0.9596412556053812,6,3,1,0,0,1,1,1,1,0,0,0,0,alto
8,10000.0,7,0.8571428571428571,1,3,1,0,0,0,1,0,0,0,0,1,0,alto
9,35000.0,112,0.4375,1,3,1,0,0,0,0,1,1,1,0,0,0,gratuito
6,10000.0,76,0.6447368421052632,6,1,1,0,0,0,0,0,0,0,0,1,0,alto
3,0.0,0,0.0,1,1,1,0,0,0,0,0,0,0,0,0,0,gratuito
1,10000.0,0,0.0,1,1,1,0,0,0,0,0,0,1,0,0,0,medio_baixo
11,10000.0,70,0.6714285714285714,8,3,1,1,0,0,1,1,1,0,0,0,0,alto
4,35000.0,805,0.737888198757764,14,4,1,0,0,1,1,1,1,0,0,1,0,alto
1,10000.0,0,0.0,11,2,1,0,0,0,1,0,0,1,0,0,0,baixo
3,0.0,0,0.0,0,0,1,0,0,0,0,0,0,0,0,0,0,gratuito
6,10000.0,12,0.6666666666666666,1,2,1,0,0,0,1,0,0,0,0,1,0,medio_baixo
6,10000.0,6,0.3333333333333333,1,2,1,0,0,0,1,0,0,0,1,0,0,baixo
3,35000.0,91,0.967032967032967,1,4,1,0,1,0,1,0,0,0,1,1,0,alto
11,75000.0,141,0.950354609929078,1,1,1,1,1,0,0,0,0,0,0,1,0,medio_baixo
2,10000.0,0,0.0,1,2,1,0,0,0,0,0,1,1,0,0,0,medio_alto
3,0.0,0,0.0,0,0,1,0,0,0,0,0,0,0,0,0,0,gratuito
5,10000.0,1,0.0,1,2,1,0,0,0,0,0,0,1,0,0,1,alto
1,0.0,0,0.0,2,4,1,0,0,0,1,1,1,0,0,0,0,baixo
9,10000.0,569,0.8453427065026362,14,3,1,1,1,1,1,1,0,1,0,0,0,baixo
8,10000.0,9,0.7777777777777778,1,2,1,0,0,0,0,0,1,1,0,0,0,medio_alto
3,10000.0,21,0.9047619047619048,3,4,1,0,0,0,1,1,0,1,0,1,0,medio_baixo
4,10000.0,0,0.0,2,3,1,0,0,0,1,1,0,1,0,0,0,baixo
2,35000.0,30,0.9666666666666667,1,2,1,0,0,0,0,0,1,0,0,1,0,medio_baixo
6,10000.0,6,0.16666666666666666,1,2,1,0,0,0,1,0,0,1,0,0,0,baixo
3,10000.0,34,0.9705882352941176,8,3,1,1,0,1,1,0,1,0,0,0,0,gratuito
1,75000.0,473,0.6342494714587738,11,5,1,0,0,0,1,1,1,0,1,0,0,alto
8,35000.0,64,0.40625,6,4,1,0,0,0,1,1,1,0,0,0,1,baixo
8,10000.0,8,0.625,2,2,1,0,0,0,1,0,1,0,0,0,0,baixo
7,10000.0,33,0.8181818181818182,1,3,1,0,0,0,1,1,0,0,0,0,1,medio_alto
10,35000.0,6,1.0,2,1,1,1,1,0,1,0,0,0,0,0,0,alto
1,10000.0,7,0.8571428571428571,1,5,1,1,0,0,1,1,1,1,0,0,0,medio_alto
1,0.0,0,0.0,1,2,1,0,0,0,1,0,0,0,0,1,0,medio_baixo
2,0.0,0,0.0,0,0,1,0,0,0,0,0,0,0,0,0,0,gratuito
4,0.0,0,0.0,0,0,1,0,0,0,0,0,0,0,0,0,0,gratuito
6,35000.0,10,0.2,1,3,1,0,1,0,1,1,0,1,0,0,0,baixo
7,10000.0,10,0.7,2,2,1,0,0,0,1,0,1,0,0,0,0,medio_alto
2,0.0,0,0.0,0,0,1,0,0,0,0,0,0,0,0,0,0,gratuito
2,0.0,0,0.0,0,0,1,0,0,0,0,0,0,0,0,0,0,gratuito
6,75000.0,207,0.6280193236714976,1,3,1,0,0,0,1,1,0,0,0,1,0,baixo
4,10000.0,98,0.673469387755102,5,2,1,0,0,0,0,0,0,0,0,0,1,alto
1,10000.0,0,0.0,2,3,1,0,0,0,1,1,0,1,0,0,0,baixo
1,10000.0,0,0.0,1,4,1,0,0,0,1,0,1,1,0,0,0,medio_alto
7,35000.0,9,0.4444444444444444,1,3,1,0,0,0,1,0,0,1,1,0,0,baixo
5,0.0,0,0.0,0,0,1,0,0,0,0,0,0,0,0,0,0,gratuito
2,0.0,0,0.0,1,6,1,0,0,0,1,0,1,1,0,0,1,baixo
1,35000.0,1,1.0,1,5,1,0,0,1,1,0,1,1,1,1,0,medio_alto
1,10000.0,0,0.0,2,2,1,1,1,1,1,0,1,0,0,0,0,baixo
1,0.0,0,0.0,103,9,1,1,1,0,1,1,1,1,1,1,1,alto
3,10000.0,249,0.8594377510040161,1,2,1,0,0,0,1,0,1,0,0,0,0,medio_baixo
2,10000.0,0,0.0,2,2,1,0,1,1,1,0,1,0,0,0,0,medio_alto
6,10000.0,1,1.0,1,2,1,0,0,0,1,1,0,0,0,0,0,alto
4,10000.0,0,0.0,1,1,1,0,0,0,0,0,1,0,0,0,0,baixo
1,10000.0,0,0.0,4,3,1,0,0,0,1,0,1,0,1,0,0,alto
1,10000.0,0,0.0,1,5,1,0,0,0,1,0,1,1,1,1,0,medio_baixo
10,10000.0,12,0.6666666666666666,2,5,1,0,0,0,0,1,1,1,1,0,1,alto
1,0.0,0,0.0,103,3,1,0,0,0,0,1,1,1,0,0,0,medio_alto
9,10000.0,2439,0.8314883148831488,3,5,1,0,1,2,1,1,0,1,0,0,0,gratuito
3,10000.0,0,0.0,3,2,1,0,0,0,1,0,0,0,0,1,0,medio_alto
1,0.0,0,0.0,0,0,1,0,0,0,0,0,0,0,0,0,0,gratuito
2,0.0,0,0.0,0,0,1,0,0,0,0,0,0,0,0,0,0,gratuito
8,750000.0,5037,0.7990867579908676,3,3,1,0,0,0,1,0,0,1,0,0,0,gratuito
5,10000.0,133,0.9473684210526315,1,2,1,0,0,0,1,0,0,0,0,0,1,baixo
6,10000.0,1,1.0,1,5,1,0,0,0,1,0,0,1,1,1,0,alto
3,10000.0,1,0.0,1,1,1,0,0,0,0,0,0,0,1,0,0,baixo
2,0.0,0,0.0,0,0,1,0,0,0,0,0,0,0,0,0,0,gratuito
2,10000.0,1,1.0,10,3,1,0,0,0,1,1,0,1,0,0,0,baixo
2,10000.0,34,0.38235294117647056,1,5,1,0,0,0,1,1,1,0,1,0,0,alto
4,35000.0,257,0.9027237354085603,5,3,1,1,0,1,1,0,1,0,1,0,0,baixo
5,10000.0,10,0.9,103,1,1,0,0,0,0,0,0,1,0,0,0,baixo
3,10000.0,2,1.0,2,3,1,0,0,0,1,1,0,1,0,0,0,baixo
1,10000.0,0,0.0,2,3,1,0,0,0,1,0,1,1,0,0,0,medio_baixo
8,10000.0,3,1.0,1,2,1,0,0,0,1,0,0,0,1,0,0,medio_alto
7,10000.0,424,0.8915094339622641,1,2,1,1,0,4,1,0,0,0,0,1,0,medio_baixo
6,10000.0,44,0.9318181818181818,1,4,1,0,0,0,1,1,1,0,1,0,0,medio_baixo
11,150000.0,1330,0.9,1,3,1,0,0,1,0,1,1,0,1,0,0,medio_alto
16,75000.0,288,0.7777777777777778,2,2,1,0,0,0,1,0,0,1,0,0,0,baixo
9,35000.0,321,0.9501557632398754,3,4,1,0,0,0,0,1,1,0,1,0,0,gratuito
4,0.0,0,0.0,2,2,1,0,0,0,1,0,0,0,0,0,0,gratuito
2,10000.0,22,0.8181818181818182,7,3,1,0,0,0,0,1,0,0,0,1,0,gratuito
2,0.0,0,0.0,1,3,1,0,0,0,1,0,0,1,0,0,0,gratuito
8,350000.0,5922,0.5493076663289429,14,1,1,0,0,0,0,0,0,0,0,0,0,gratuito
3,10000.0,4,1.0,2,1,1,0,0,0,0,0,1,0,0,0,0,alto
5,35000.0,1,0.0,1,5,1,0,0,0,1,1,1,0,1,1,0,medio_alto
1,10000.0,0,0.0,1,3,1,0,1,0,0,1,1,0,0,0,0,alto
1,0.0,0,0.0,103,9,1,1,1,0,1,1,1,1,1,1,1,alto
1,10000.0,0,0.0,1,3,1,0,0,1,1,0,1,1,0,0,0,medio_alto
8,35000.0,481,0.8835758835758836,12,2,1,0,0,0,1,0,1,0,0,0,0,medio_alto
1,0.0,0,0.0,0,0,1,0,0,0,0,0,0,0,0,0,0,gratuito
8,10000.0,5,1.0,1,3,1,1,0,0,1,1,0,1,0,0,0,medio_alto
7,10000.0,34,0.4411764705882353,1,1,1,0,0,0,0,0,1,0,0,0,0,gratuito
2,10000.0,1,1.0,1,1,1,0,0,0,0,0,1,0,0,0,0,medio_baixo
7,35000.0,2,1.0,1,4,1,0,0,0,1,0,1,0,1,1,0,alto
1,10000.0,0,0.0,1,3,1,1,0,0,1,0,0,1,0,1,0,medio_baixo
2,0.0,0,0.0,1,2,1,0,0,0,1,1,0,0,0,0,0,baixo
2,0.0,0,0.0,0,0,1,0,0,0,0,0,0,0,0,0,0,gratuito
3,10000.0,1,1.0,1,2,1,0,0,0,1,1,0,0,0,0,0,medio_baixo
10,750000.0,8038,0.8376461806419507,5,5,1,0,0,1,0,0,0,1,0,1,1,gratuito
4,10000.0,13,0.9230769230769231,14,1,1,0,0,0,0,0,0,1,0,0,0,medio_alto
5,10000.0,32,0.84375,2,2,1,0,0,0,1,1,0,0,0,0,0,medio_alto
8,10000.0,42,0.7380952380952381,1,3,1,1,1,0,1,0,0,1,0,0,1,medio_baixo
2,10000.0,3,0.6666666666666666,2,2,1,0,0,0,1,0,0,1,0,0,0,baixo
11,75000.0,229,0.5895196506550219,1,6,1,0,0,2,1,1,1,1,0,1,1,baixo
6,10000.0,16,0.875,1,2,1,0,0,0,0,0,0,0,0,0,1,gratuito
6,10000.0,8,0.875,1,3,1,0,0,0,1,1,0,0,0,1,0,alto
6,150000.0,486,0.7510288065843621,14,2,1,1,0,1,1,1,0,0,0,0,0,medio_baixo
5,10000.0,20,0.55,2,3,1,0,0,0,1,0,1,1,0,0,0,baixo
3,10000.0,6,1.0,1,3,1,0,0,1,1,0,1,1,0,0,0,medio_alto
9,10000.0,0,0.0,1,2,1,0,0,0,1,0,0,0,0,0,1,medio_baixo
1,10000.0,0,0.0,6,4,1,0,0,0,1,1,0,1,0,0,0,medio_alto
3,0.0,0,0.0,18,6,1,0,0,0,0,0,1,1,1,1,0,gratuito
1,0.0,0,0.0,1,5,1,0,0,0,1,0,1,1,0,0,1,gratuito
1,0.0,0,0.0,2,4,1,0,0,0,1,0,0,1,0,1,1,baixo
1,0.0,0,0.0,10,5,1,0,0,0,1,1,1,1,0,0,0,gratuito
8,10000.0,11,0.8181818181818182,1,1,1,1,1,0,1,0,0,0,0,0,0,baixo
4,150000.0,2036,0.6316306483300589,1,2,1,0,0,1,0,0,0,0,1,0,1,medio_baixo
2,10000.0,705,0.9191489361702128,3,4,1,0,1,2,1,1,1,0,1,0,0,medio_alto
2,10000.0,2,1.0,1,1,1,0,0,0,0,1,0,0,0,0,0,baixo
1,0.0,0,0.0,0,0,1,0,0,0,0,0,0,0,0,0,0,gratuito
4,0.0,0,0.0,3,4,1,0,0,0,1,1,1,0,0,0,0,gratuito
2,0.0,0,0.0,103,2,1,0,0,0,1,0,0,1,0,0,0,baixo
6,35000.0,844,0.5023696682464455,10,4,1,0,0,1,1,1,0,0,1,0,1,medio_alto
3,10000.0,2,1.0,103,3,1,0,0,0,1,1,0,1,0,0,0,medio_alto
4,150000.0,505,0.8217821782178217,7,3,1,0,0,0,1,0,0,0,0,1,1,medio_alto
4,10000.0,26,0.6538461538461539,1,3,1,0,0,0,1,0,1,1,0,0,0,baixo
4,10000.0,17,1.0,11,3,1,1,1,1,1,0,1,1,0,0,0,baixo
1,10000.0,66,1.0,10,2,1,0,0,1,1,0,0,0,0,1,0,alto
2,10000.0,15,0.4,1,5,1,0,0,0,1,0,0,1,0,1,1,gratuito
8,10000.0,5,0.8,1,1,1,0,0,0,0,0,0,0,1,0,0,medio_alto
5,10000.0,309,0.7411003236245954,3,4,1,1,0,5,0,0,1,0,1,1,0,gratuito
1,0.0,0,0.0,1,2,1,0,0,0,0,1,0,0,0,0,0,gratuito
5,35000.0,31,0.6129032258064516,2,5,1,0,0,1,1,1,1,1,1,0,0,baixo
2,10000.0,53,0.9245283018867925,1,3,1,0,0,0,1,0,1,1,0,0,0,baixo
1,10000.0,50,0.62,1,3,1,0,0,0,1,0,0,0,0,1,1,medio_baixo
2,0.0,0,0.0,103,2,1,0,0,0,0,1,0,0,0,0,0,medio_baixo
5,3500000.0,84512,0.9242474441499432,23,1,1,1,0,23,0,0,0,0,0,0,1,alto
5,10000.0,25,0.84,5,2,1,0,0,0,1,1,0,0,0,0,0,medio_baixo
1,10000.0,0,0.0,13,3,1,1,0,0,1,0,0,1,0,0,1,alto
4,0.0,0,0.0,1,2,1,1,1,0,1,0,0,1,0,0,0,gratuito
10,35000.0,238,0.9117647058823529,1,2,1,0,0,1,1,1,0,0,0,0,0,baixo
2,10000.0,3,1.0,1,3,1,0,0,1,0,1,1,0,1,0,0,baixo
12,75000.0,378,0.746031746031746,1,2,1,0,0,0,1,0,0,1,0,0,0,baixo
3,10000.0,21,0.7142857142857143,5,4,1,0,0,0,1,1,1,0,1,0,0,alto
2,10000.0,0,0.0,1,4,1,0,1,0,1,1,1,1,0,0,0,medio_baixo
2,10000.0,15,1.0,1,2,1,0,1,0,1,1,0,0,0,0,0,medio_baixo
1,0.0,0,0.0,1,4,1,0,0,0,1,0,1,1,0,0,0,gratuito
6,10000.0,8,0.875,1,4,1,0,0,1,1,0,1,1,1,0,0,baixo
4,10000.0,0,0.0,5,1,1,0,0,2,1,0,0,0,0,0,0,medio_alto
12,75000.0,438,0.8835616438356164,1,3,1,1,0,0,1,1,0,1,0,0,0,medio_baixo
5,10000.0,46,0.7608695652173914,1,3,1,0,0,0,1,1,0,1,0,0,0,baixo
1,10000.0,0,0.0,12,4,1,1,0,3,1,1,1,1,0,0,0,alto
2,10000.0,2,0.5,1,6,1,0,0,0,1,1,1,1,0,0,1,alto
3,10000.0,0,0.0,2,1,1,0,0,0,0,0,0,0,0,0,1,medio_alto
5,10000.0,2,0.5,1,8,1,0,0,0,1,1,1,1,1,1,0,medio_baixo
6,1500000.0,18388,0.8145529693278225,9,3,1,0,0,0,1,1,0,0,0,0,0,gratuito
1,0.0,0,0.0,2,2,1,0,0,0,1,0,1,0,0,0,0,medio_baixo
4,10000.0,18,0.9444444444444444,1,3,1,0,0,0,1,0,1,0,0,0,0,gratuito
9,10000.0,10,1.0,2,4,1,0,0,0,1,1,1,1,0,0,0,medio_alto
10,10000.0,17,0.5294117647058824,9,4,1,0,0,0,1,1,1,1,0,0,0,medio_alto
6,10000.0,0,0.0,1,6,1,0,0,0,1,1,1,1,1,0,0,baixo
8,10000.0,2,1.0,1,4,1,0,0,0,1,0,0,1,0,0,0,alto
6,10000.0,26,0.3076923076923077,5,2,1,0,0,0,1,1,0,0,0,0,0,baixo
1,10000.0,0,0.0,1,5,1,0,0,0,1,1,1,1,1,0,0,medio_alto
11,10000.0,69,0.8840579710144928,1,3,1,0,0,0,1,1,0,1,0,0,0,medio_alto
4,350000.0,4118,0.9380767362797474,6,2,1,0,0,1,0,1,0,1,0,0,0,baixo
1,10000.0,0,0.0,16,4,1,0,0,0,1,0,0,1,1,1,0,medio_alto
12,35000.0,139,0.4244604316546763,10,2,1,1,0,0,0,0,1,1,0,0,0,alto
6,35000.0,5893,0.9770914644493467,1,5,1,0,0,0,1,0,1,1,1,0,1,medio_baixo
4,10000.0,0,0.0,1,3,1,0,0,0,1,0,0,1,0,1,0,medio_baixo
9,35000.0,144,0.8194444444444444,7,1,1,0,0,0,0,0,0,0,0,0,0,gratuito
5,10000.0,1,1.0,1,5,1,0,0,0,1,1,1,1,0,0,1,baixo
9,10000.0,8,0.625,8,1,1,0,0,0,0,0,0,1,0,0,0,medio_baixo
2,0.0,0,0.0,0,0,1,0,0,0,0,0,0,0,0,0,0,gratuito
9,10000.0,235,0.8595744680851064,1,5,1,0,0,0,1,1,1,0,1,1,0,medio_alto
4,10000.0,0,0.0,1,4,1,0,0,0,0,1,1,1,1,0,0,baixo
9,10000.0,22,0.6363636363636364,1,3,1,0,0,0,1,0,0,0,1,0,0,alto
2,10000.0,19,0.8947368421052632,1,3,1,0,0,0,1,0,0,1,0,0,1,baixo
4,150000.0,1674,0.961768219832736,7,2,1,0,0,0,0,1,1,0,0,0,0,alto
1,10000.0,0,0.0,2,4,1,0,0,2,1,0,1,1,0,1,0,medio_alto
10,35000.0,101,0.7128712871287128,2,2,1,1,0,0,1,1,0,0,0,0,0,medio_alto
8,10000.0,8,0.875,1,1,0,0,1,0,1,0,0,0,0,0,0,gratuito
7,10000.0,1,1.0,1,3,1,0,0,0,1,0,1,0,0,0,0,alto
2,10000.0,0,0.0,2,5,1,0,0,0,1,1,1,0,1,0,0,medio_baixo
7,10000.0,2,1.0,1,3,1,0,0,0,1,0,1,1,0,0,0,medio_alto
1,10000.0,0,0.0,7,1,1,0,0,0,0,0,0,1,0,0,0,baixo
4,0.0,0,0.0,1,1,1,0,0,0,1,0,0,0,0,0,0,gratuito
5,10000.0,85,0.8352941176470589,5,3,1,0,0,0,1,1,1,0,0,0,0,medio_baixo
8,150000.0,231,0.7186147186147186,1,4,1,0,0,0,1,0,0,0,0,1,1,gratuito
7,35000.0,285,0.7263157894736842,2,1,1,0,0,0,1,0,0,0,0,0,0,baixo
4,150000.0,903,0.5625692137320044,9,2,1,0,1,0,1,0,0,1,0,0,0,baixo
2,75000.0,1344,0.44642857142857145,14,2,1,0,1,0,1,0,0,0,0,0,1,alto
2,10000.0,11,1.0,13,3,1,0,0,1,1,0,1,1,0,0,0,medio_alto
1,10000.0,0,0.0,1,2,1,1,0,0,0,0,0,1,1,0,0,alto
1,0.0,0,0.0,1,3,1,0,0,0,1,0,1,0,0,0,0,gratuito
9,10000.0,20,0.6,1,2,1,0,0,0,1,1,0,0,0,0,0,medio_alto
10,10000.0,124,0.5161290322580645,8,3,1,0,0,0,1,1,1,0,0,0,0,alto
4,10000.0,0,0.0,5,1,1,1,1,0,0,0,0,1,0,0,0,medio_alto
8,10000.0,15,0.9333333333333333,1,1,1,0,0,0,0,0,0,0,0,0,0,gratuito
3,10000.0,30,0.9666666666666667,2,2,1,0,0,0,0,0,1,1,0,0,0,medio_alto
4,10000.0,9,0.8888888888888888,2,1,1,0,0,0,0,0,0,0,0,1,0,medio_alto
4,0.0,0,0.0,3,5,1,0,0,0,1,0,0,1,0,1,0,gratuito
5,10000.0,0,0.0,2,3,1,0,0,0,1,0,0,0,0,1,0,alto
10,10000.0,10,1.0,1,2,1,0,0,0,1,0,0,1,0,0,0,medio_alto
5,10000.0,3,1.0,2,2,1,0,0,0,1,0,0,1,0,0,0,medio_baixo
2,0.0,0,0.0,2,3,1,0,0,0,1,0,0,1,0,0,0,gratuito
6,10000.0,18,0.8888888888888888,1,5,1,0,0,1,1,1,1,0,1,1,0,gratuito
7,10000.0,1,1.0,1,2,1,1,0,0,1,1,0,0,0,0,0,medio_baixo
5,35000.0,1,1.0,1,3,1,1,0,0,1,1,0,1,0,0,0,medio_baixo
10,150000.0,553,0.9240506329113924,1,4,1,1,0,0,1,1,1,1,0,0,0,medio_alto
1,10000.0,0,0.0,1,5,1,0,0,0,1,1,0,0,1,0,1,medio_baixo
7,10000.0,0,0.0,9,1,1,0,1,1,0,0,0,1,0,0,0,baixo
1,0.0,0,0.0,1,2,1,0,0,0,1,0,0,1,0,0,0,medio_baixo
2,10000.0,237,0.9746835443037974,2,3,1,0,1,1,1,1,1,0,0,0,0,alto
1,10000.0,31,0.7096774193548387,2,3,1,0,0,0,1,1,0,0,1,0,0,alto
10,10000.0,12,0.25,1,2,1,0,0,0,0,0,0,0,0,0,1,baixo
2,10000.0,10,1.0,1,5,1,0,0,0,1,1,1,1,0,0,0,medio_baixo
1,0.0,0,0.0,0,0,1,0,0,0,0,0,0,0,0,0,0,gratuito
1,10000.0,0,0.0,1,2,1,0,1,0,0,1,0,0,0,0,0,medio_baixo
12,75000.0,600,0.86,1,2,1,1,0,1,1,0,0,0,1,0,0,medio_alto
4,0.0,0,0.0,0,0,1,0,0,0,0,0,0,0,0,0,0,gratuito
4,0.0,0,0.0,1,2,1,0,0,0,0,0,1,1,0,0,0,gratuito
3,0.0,0,0.0,14,5,1,0,0,0,1,0,0,1,1,1,1,baixo
1,10000.0,0,0.0,1,4,1,0,0,0,1,1,1,0,0,0,0,medio_alto
3,10000.0,24,0.9583333333333334,2,4,1,0,0,0,1,0,1,0,1,1,0,medio_alto
3,10000.0,7,0.5714285714285714,1,1,1,0,0,0,0,0,1,0,0,0,0,medio_alto
8,10000.0,14,0.7142857142857143,1,3,1,0,0,0,0,1,0,0,0,0,1,alto
9,10000.0,40,0.9,1,2,1,0,0,0,1,1,0,0,0,0,0,baixo
2,10000.0,0,0.0,1,1,1,1,1,0,1,0,0,0,0,0,0,alto
2,10000.0,27,0.5555555555555556,1,3,1,0,0,0,1,0,0,1,0,0,1,baixo
1,10000.0,0,0.0,1,1,1,0,0,0,1,0,0,0,0,0,0,medio_baixo
2,10000.0,7,1.0,2,3,1,0,0,0,1,0,0,0,1,1,0,alto
6,75000.0,4,1.0,1,2,1,0,0,1,1,0,1,0,0,0,0,medio_alto
7,35000.0,615,0.967479674796748,10,4,1,1,1,1,1,1,0,1,0,0,0,medio_baixo
3,10000.0,6,0.6666666666666666,2,2,1,0,0,0,0,0,0,0,0,1,1,medio_alto
5,10000.0,5,0.6,1,3,1,0,0,0,1,1,1,0,0,0,0,alto
4,10000.0,33,0.48484848484848486,27,5,1,0,0,0,1,1,1,0,0,0,0,gratuito
1,10000.0,0,0.0,1,3,1,0,0,0,1,0,1,0,1,0,0,medio_alto
10,75000.0,432,0.8240740740740741,1,1,1,1,0,0,1,0,0,0,0,0,0,baixo
3,35000.0,785,0.7363057324840764,8,6,1,0,0,1,1,1,1,1,0,1,1,medio_alto
8,35000.0,41,0.2682926829268293,1,3,1,0,0,0,0,1,0,0,0,0,1,medio_baixo
2,10000.0,45,0.7777777777777778,1,4,1,1,1,0,1,0,0,1,1,0,1,baixo
13,350000.0,2417,0.813818783616053,1,3,1,1,1,0,1,1,1,0,0,0,0,baixo
2,10000.0,1,1.0,1,2,1,0,0,0,1,0,0,1,0,0,0,medio_baixo
4,10000.0,2,1.0,2,3,1,0,0,0,1,0,0,1,0,0,0,medio_baixo
5,35000.0,4,0.75,1,2,1,1,0,0,1,0,0,1,0,0,0,medio_alto
2,10000.0,45,0.6888888888888889,1,4,1,1,0,0,1,0,1,0,1,1,0,medio_alto
3,0.0,0,0.0,0,0,1,0,0,0,0,0,0,0,0,0,0,gratuito
1,0.0,0,0.0,1,4,1,0,0,0,1,0,0,1,0,1,0,gratuito
10,10000.0,29,0.3793103448275862,1,3,1,1,1,1,1,1,1,0,0,0,0,medio_alto
4,10000.0,289,0.8961937716262975,7,3,1,0,0,0,1,0,0,1,0,0,1,baixo
1,10000.0,0,0.0,2,2,1,0,0,0,1,0,0,1,0,0,0,medio_baixo
4,35000.0,1593,0.9391086001255493,14,3,1,0,0,8,1,1,0,1,0,0,0,alto
3,10000.0,23,0.782608695652174,2,2,1,0,1,1,1,0,0,1,0,0,0,baixo
8,10000.0,16,0.6875,4,3,1,0,0,0,1,0,0,1,1,0,0,medio_baixo
3,10000.0,215,0.6883720930232559,3,3,1,0,0,0,0,0,1,0,1,0,1,alto
4,75000.0,226,0.9911504424778761,1,3,1,0,0,0,1,0,1,0,1,0,0,medio_alto
4,35000.0,15,0.9333333333333333,2,2,1,0,0,0,1,0,1,0,0,0,0,baixo
3,10000.0,17,0.8823529411764706,2,5,1,0,0,0,1,1,1,0,1,0,0,medio_alto
4,10000.0,26,0.9230769230769231,6,5,1,0,0,0,1,1,1,0,0,1,0,alto
14,150000.0,1229,0.9145646867371847,1,3,1,1,0,0,1,0,0,0,1,1,0,medio_baixo
1,0.0,0,0.0,3,3,1,0,0,0,1,0,0,1,0,1,0,medio_alto
8,10000.0,49,0.6938775510204082,2,4,1,0,0,1,1,1,1,1,0,0,0,baixo
2,0.0,0,0.0,2,4,1,0,0,0,1,1,1,0,0,0,0,gratuito
1,0.0,0,0.0,1,3,1,0,0,0,1,1,0,1,0,0,0,medio_alto
6,10000.0,2,0.5,2,1,1,0,0,0,0,1,0,0,0,0,0,medio_baixo
4,35000.0,8,0.625,11,3,1,0,0,1,1,1,0,0,0,0,0,medio_baixo
1,0.0,0,0.0,0,0,1,0,0,0,0,0,0,0,0,0,0,gratuito
8,10000.0,4,0.25,1,2,1,0,0,0,0,1,0,0,0,1,0,baixo
6,10000.0,25,0.68,8,1,1,1,1,0,0,0,0,0,0,0,0,gratuito
1,0.0,0,0.0,1,1,1,0,0,0,0,0,0,0,0,1,0,medio_baixo
5,10000.0,6,0.5,3,5,1,0,0,0,1,1,1,1,0,0,0,baixo
1,0.0,0,0.0,1,3,1,0,0,1,1,0,1,0,0,0,0,gratuito
9,75000.0,57,0.5964912280701754,1,4,1,1,1,0,1,1,0,1,0,1,0,baixo
5,10000.0,37,0.6216216216216216,3,2,1,0,0,0,0,1,0,0,1,0,0,gratuito
1,10000.0,9,0.8888888888888888,8,2,1,0,0,0,0,1,0,1,0,0,0,medio_baixo
1,10000.0,56,0.6607142857142857,9,4,1,0,0,0,1,1,1,0,0,0,1,baixo
3,10000.0,1,0.0,2,3,1,0,0,0,0,1,1,0,1,0,0,baixo
3,10000.0,23,0.43478260869565216,14,1,1,0,0,0,1,0,0,0,0,0,0,gratuito
2,0.0,0,0.0,0,0,1,0,0,0,0,0,0,0,0,0,0,gratuito
2,10000.0,31,0.967741935483871,1,3,1,0,0,0,1,1,1,0,0,0,0,medio_alto
6,10000.0,9,1.0,1,2,1,0,0,0,1,0,0,0,0,1,0,medio_alto
7,10000.0,1,1.0,1,3,1,0,1,0,1,0,0,0,1,0,0,medio_alto
3,10000.0,1,1.0,1,2,1,0,0,0,1,1,0,0,0,0,0,baixo
2,10000.0,0,0.0,2,4,1,0,0,0,1,1,1,0,1,0,0,medio_alto
4,350000.0,6560,0.8013719512195122,9,3,1,0,0,0,0,0,0,0,0,1,1,alto
2,10000.0,1,1.0,2,1,1,0,0,0,1,0,0,0,0,0,0,baixo
1,0.0,0,0.0,1,4,1,0,0,0,1,0,0,1,0,1,0,gratuito
10,10000.0,35,0.7428571428571429,1,4,1,0,0,0,1,0,1,1,1,0,0,gratuito
9,35000.0,389,0.8611825192802056,3,1,1,1,1,0,0,0,0,0,1,0,0,baixo
1,10000.0,1,1.0,1,2,1,0,0,0,1,0,1,0,0,0,0,medio_alto
8,10000.0,14,0.9285714285714286,1,1,1,0,0,0,0,0,0,1,0,0,0,gratuito
7,35000.0,381,0.6587926509186351,13,3,1,0,0,1,0,0,0,0,0,0,1,medio_baixo
5,10000.0,3,0.6666666666666666,1,1,1,0,0,0,0,1,0,0,0,0,0,medio_alto
5,10000.0,24,0.75,23,4,1,0,0,0,1,0,1,1,0,0,0,alto
2,10000.0,14,0.7142857142857143,1,3,1,0,0,0,1,0,0,1,0,0,1,medio_alto
5,10000.0,20,0.6,2,2,1,0,0,0,1,1,0,0,0,0,0,baixo
7,10000.0,3,1.0,1,1,1,0,0,0,0,0,0,1,0,0,0,medio_alto
1,0.0,0,0.0,4,2,1,0,0,0,1,0,1,0,0,0,0,medio_alto
6,10000.0,137,0.7737226277372263,1,3,1,0,0,0,1,0,1,1,0,0,0,gratuito
11,1500000.0,4872,0.7655993431855501,1,4,1,0,1,0,0,1,0,0,1,1,0,gratuito
2,10000.0,73,0.9726027397260274,14,3,1,1,1,0,1,0,1,1,0,0,0,medio_baixo
2,10000.0,3,1.0,1,3,1,0,0,0,0,0,0,1,0,0,1,medio_baixo
3,35000.0,8,0.875,1,4,1,1,0,0,0,1,1,0,1,0,0,alto
6,35000.0,13,0.46153846153846156,1,5,1,0,0,0,1,1,0,0,1,0,0,gratuito
1,10000.0,19,0.7894736842105263,11,4,1,0,0,0,1,1,1,0,0,0,1,baixo
12,150000.0,1166,0.9125214408233276,1,4,1,0,0,1,1,0,1,0,1,1,0,medio_alto
16,1500000.0,19477,0.9215998357036504,3,1,1,0,0,10,0,0,0,0,0,1,0,medio_alto
1,10000.0,6,0.8333333333333334,8,3,1,0,0,0,0,1,1,0,0,1,0,medio_baixo
1,0.0,0,0.0,0,0,1,0,0,0,0,0,0,0,0,0,0,gratuito
7,10000.0,35,0.8571428571428571,1,4,1,0,0,0,1,1,1,1,0,0,0,medio_alto
8,10000.0,19,0.6842105263157895,3,1,1,0,0,0,0,0,0,1,0,0,0,medio_alto
3,35000.0,54,1.0,5,2,1,1,0,0,1,0,1,0,0,0,0,medio_baixo
1,10000.0,283,0.9045936395759717,2,3,1,0,0,0,0,1,1,0,0,0,1,medio_alto
2,10000.0,1,1.0,1,4,1,1,1,0,1,0,1,1,0,0,1,medio_baixo
6,10000.0,49,0.9591836734693877,3,3,1,1,0,0,1,0,0,1,0,1,0,baixo
1,35000.0,20,1.0,2,3,1,0,0,0,1,0,0,1,0,1,0,medio_alto
1,0.0,0,0.0,0,0,1,0,0,0,0,0,0,0,0,0,0,gratuito
8,10000.0,58,0.15517241379310345,1,3,1,0,0,0,1,0,0,1,0,0,1,baixo
8,75000.0,467,0.6552462526766595,2,2,1,0,0,0,1,0,0,0,0,1,0,medio_alto
1,150000.0,697,0.9196556671449068,7,3,1,0,1,2,1,0,1,0,1,0,0,alto
1,10000.0,0,0.0,1,1,1,1,1,1,0,0,0,0,1,0,0,medio_baixo
6,10000.0,20,0.15,1,4,1,0,0,0,1,1,1,0,0,0,1,baixo
4,10000.0,0,0.0,103,4,1,0,0,0,1,0,1,1,0,0,1,baixo
6,10000.0,22,0.6818181818181818,1,3,1,0,0,0,1,1,0,0,0,1,0,medio_baixo
9,10000.0,10,0.2,3,1,1,0,0,0,0,0,0,0,0,0,0,medio_alto
1,0.0,0,0.0,1,4,1,0,0,0,0,0,0,0,0,0,0,gratuito
5,0.0,0,0.0,0,0,1,0,0,0,0,0,0,0,0,0,0,gratuito
10,35000.0,635,0.8094488188976378,2,3,1,0,0,2,0,0,1,1,0,0,1,medio_baixo
8,75000.0,1804,0.9334811529933481,4,3,1,0,0,16,1,0,1,0,1,0,0,alto
2,10000.0,27,0.7777777777777778,1,2,1,0,0,0,1,1,0,0,0,0,0,medio_baixo
1,0.0,0,0.0,1,1,1,1,0,0,0,0,0,0,0,1,0,alto
7,35000.0,415,0.8024096385542169,2,3,1,0,0,0,1,0,0,1,1,0,0,gratuito
4,10000.0,0,0.0,2,2,1,0,0,0,1,0,0,1,0,0,0,gratuito
4,10000.0,1,1.0,3,4,1,0,0,0,1,1,1,0,1,0,0,medio_baixo
5,0.0,0,0.0,15,4,1,0,0,3,1,0,1,1,0,0,0,gratuito
2,10000.0,4,0.5,10,4,1,0,0,0,1,0,0,1,0,1,0,alto
9,10000.0,23,0.9565217391304348,1,3,1,1,0,0,1,0,0,1,0,1,0,medio_baixo
4,75000.0,17,0.7647058823529411,1,3,1,0,0,0,1,1,1,0,0,0,0,gratuito
4,10000.0,6,0.6666666666666666,1,3,1,0,0,0,1,0,0,1,0,0,1,medio_alto
7,10000.0,13,0.8461538461538461,1,4,1,0,0,0,1,1,0,1,0,0,0,gratuito
5,10000.0,8,0.5,1,2,1,0,0,0,0,1,0,0,0,0,0,alto
3,10000.0,410,0.6829268292682927,6,1,1,1,0,0,0,0,0,0,0,1,0,alto
2,10000.0,65,1.0,7,1,1,0,0,0,0,0,1,0,0,0,0,medio_baixo
2,10000.0,68,0.9117647058823529,30,6,1,0,0,2,1,0,0,1,0,0,1,gratuito
3,150000.0,1126,0.894316163410302,10,2,1,0,0,3,1,0,0,0,0,1,0,medio_alto
7,10000.0,164,0.975609756097561,4,1,1,0,0,1,0,0,1,0,0,0,0,medio_baixo
2,10000.0,3,1.0,5,3,1,0,0,0,0,1,0,0,1,0,0,alto
7,10000.0,63,0.5396825396825397,1,3,1,1,0,0,1,1,0,0,1,0,0,baixo
6,10000.0,11,0.8181818181818182,1,6,1,0,0,0,1,1,1,0,1,0,1,alto
13,350000.0,1918,0.8696558915537018,5,2,1,1,1,0,0,0,1,1,0,0,0,medio_baixo
3,10000.0,9,1.0,3,3,1,0,1,0,1,1,1,0,0,0,0,medio_baixo
1,0.0,0,0.0,30,3,1,0,0,5,1,0,0,1,0,0,0,gratuito
1,0.0,0,0.0,6,4,1,0,0,0,0,1,0,1,0,0,1,alto
1,10000.0,0,0.0,3,4,1,0,0,0,1,1,0,1,0,0,0,medio_alto
1,0.0,0,0.0,1,2,1,1,1,0,0,0,0,0,1,1,0,baixo
5,10000.0,0,0.0,1,1,1,0,0,2,0,0,0,0,1,0,0,medio_baixo
3,10000.0,4,0.75,2,3,1,0,0,0,0,0,1,1,0,0,0,medio_alto
6,10000.0,8,1.0,1,1,1,0,0,0,0,0,0,1,0,0,0,medio_alto
3,0.0,0,0.0,2,3,1,0,1,0,0,0,1,0,0,0,0,gratuito
3,10000.0,0,0.0,1,3,1,0,0,1,0,1,1,0,0,0,0,gratuito
7,10000.0,2,0.5,2,4,1,0,0,0,1,1,0,0,1,0,0,alto
2,10000.0,2,1.0,1,2,1,1,0,0,1,0,0,0,1,0,0,baixo
1,150000.0,6853,0.8089887640449438,16,7,1,0,0,0,1,1,1,1,0,0,1,alto
2,10000.0,12,1.0,1,3,1,1,0,0,1,0,1,1,0,0,0,baixo
5,10000.0,16,0.9375,1,4,1,0,0,0,1,1,1,0,1,0,0,alto
1,10000.0,335,0.8388059701492537,12,3,1,0,0,0,1,0,0,0,0,1,1,alto
5,0.0,0,0.0,1,2,1,0,0,0,1,1,0,0,0,0,0,gratuito
2,10000.0,10,0.7,1,3,1,0,0,0,0,1,1,0,1,0,0,alto
3,10000.0,34,0.7941176470588235,5,3,1,0,0,0,0,1,0,1,0,0,0,medio_alto
5,10000.0,5,0.8,1,3,1,0,0,0,0,0,0,1,0,1,0,baixo
6,10000.0,1,1.0,2,4,1,0,0,0,1,1,0,1,0,0,0,medio_baixo
2,0.0,0,0.0,2,4,1,0,0,0,1,1,0,1,0,0,0,gratuito
1,10000.0,0,0.0,1,2,1,0,0,0,1,0,1,0,0,0,0,medio_alto
7,10000.0,6,0.3333333333333333,1,4,1,0,0,0,1,1,0,0,0,0,0,medio_alto
2,10000.0,25,0.92,1,3,1,0,0,0,1,0,1,0,1,0,0,baixo
8,10000.0,4,1.0,1,3,1,0,0,0,1,1,0,1,0,0,0,medio_baixo
2,10000.0,0,0.0,1,1,1,0,0,0,0,0,0,1,0,0,0,baixo
1,0.0,0,0.0,1,4,1,0,0,0,1,0,0,1,0,0,1,gratuito
2,0.0,0,0.0,1,3,1,0,0,1,1,0,0,0,0,1,1,gratuito
6,10000.0,46,0.4782608695652174,1,4,1,0,0,0,1,0,1,0,0,0,1,alto
1,0.0,0,0.0,2,1,1,0,0,0,0,0,0,0,1,0,0,alto
1,10000.0,2,1.0,1,1,1,0,0,0,0,1,0,0,0,0,0,medio_baixo
1,0.0,0,0.0,0,0,1,0,0,0,0,0,0,0,0,0,0,gratuito
1,10000.0,1,1.0,3,4,1,0,0,0,1,1,1,0,1,0,0,alto
3,10000.0,0,0.0,1,4,1,0,0,0,1,1,1,1,0,0,0,medio_alto
5,10000.0,2,1.0,29,2,1,0,0,0,1,0,1,0,0,0,0,medio_baixo
9,150000.0,635,0.48661417322834644,8,1,1,1,1,1,0,0,1,0,0,0,0,alto
7,10000.0,43,0.813953488372093,1,2,1,0,0,0,0,0,0,0,1,0,0,gratuito
3,10000.0,41,0.9512195121951219,1,3,1,0,0,0,1,1,1,0,0,0,0,baixo
1,0.0,0,0.0,5,1,1,0,0,0,1,0,0,0,0,0,0,alto
2,10000.0,129,0.813953488372093,10,3,1,0,0,1,0,0,0,0,1,1,1,alto
8,350000.0,1163,0.6921754084264833,5,2,1,0,0,0,0,0,0,0,0,0,0,gratuito
5,0.0,0,0.0,3,4,1,1,1,1,1,1,1,1,0,0,0,baixo
9,10000.0,228,0.7105263157894737,7,4,1,0,0,1,1,1,1,0,1,0,0,gratuito
10,10000.0,20,0.85,3,5,1,0,0,0,1,0,1,1,0,0,0,baixo
4,10000.0,11,0.9090909090909091,103,8,1,1,1,1,1,1,1,1,1,1,0,baixo
2,75000.0,1074,0.9534450651769087,11,8,1,0,0,0,1,0,1,1,1,1,1,gratuito
3,10000.0,7,0.8571428571428571,3,2,1,0,0,0,0,1,0,0,1,0,0,medio_baixo
1,0.0,0,0.0,1,2,1,0,0,0,0,0,0,0,0,0,1,gratuito
7,10000.0,8,0.125,29,3,1,0,0,0,1,1,0,1,0,0,0,baixo
4,10000.0,5,1.0,2,2,1,0,0,0,1,0,0,1,0,0,0,medio_baixo
12,10000.0,34,0.7352941176470589,5,1,1,1,1,0,1,0,0,0,0,0,0,alto
11,10000.0,278,0.8776978417266187,1,2,1,0,0,6,1,0,0,0,0,0,1,alto
7,35000.0,6,0.5,4,6,1,0,0,0,1,1,1,1,1,1,0,gratuito
1,0.0,0,0.0,103,2,1,0,0,0,1,0,1,0,0,0,0,medio_baixo
3,10000.0,35,1.0,5,3,1,0,0,0,1,1,1,0,0,0,0,baixo
1,10000.0,0,0.0,1,2,1,0,0,0,0,0,1,1,0,0,0,medio_alto
3,10000.0,6,0.6666666666666666,1,2,1,0,0,0,1,0,0,0,1,0,0,medio_alto
4,10000.0,9,1.0,1,1,1,0,0,0,0,0,0,1,0,0,0,medio_baixo
1,10000.0,0,0.0,1,4,1,0,1,0,1,0,0,1,0,0,0,gratuito
4,0.0,0,0.0,1,3,1,0,0,1,1,1,0,0,0,0,0,gratuito
6,10000.0,212,0.9858490566037735,1,4,1,1,1,0,1,0,1,1,1,0,0,medio_alto
1,10000.0,0,0.0,5,2,1,0,0,2,0,0,0,1,1,0,0,alto
3,10000.0,8,0.875,1,2,1,0,0,0,1,0,0,0,0,1,0,gratuito
2,10000.0,3,1.0,22,2,1,1,1,0,1,0,0,1,0,0,0,baixo
1,0.0,0,0.0,6,3,1,0,0,0,1,0,1,1,0,0,0,medio_baixo
6,10000.0,92,0.8152173913043478,2,1,1,0,1,0,0,0,0,0,0,0,1,medio_baixo
1,10000.0,0,0.0,2,1,1,0,0,0,0,0,0,1,0,0,0,medio_baixo
8,10000.0,23,0.8695652173913043,2,2,1,0,0,0,1,0,1,0,0,0,0,baixo
10,150000.0,452,0.6637168141592921,2,3,1,1,1,0,1,0,1,0,0,0,0,gratuito
3,10000.0,5,0.8,2,4,1,0,0,0,1,1,1,0,0,0,0,medio_baixo
3,35000.0,138,0.6666666666666666,1,3,1,0,0,2,1,0,0,0,0,1,1,alto
1,0.0,0,0.0,1,3,1,0,0,0,1,1,0,0,0,0,0,gratuito
9,10000.0,4,1.0,1,3,1,0,0,0,1,0,0,1,0,0,1,medio_baixo
4,0.0,0,0.0,4,1,1,0,0,0,0,0,0,0,1,0,0,gratuito
3,10000.0,5,0.2,1,2,1,0,0,0,1,0,0,0,0,0,1,baixo
1,0.0,0,0.0,0,0,1,0,0,0,0,0,0,0,0,0,0,gratuito
7,10000.0,1,0.0,2,1,1,0,0,0,1,0,0,0,0,0,0,medio_alto
1,10000.0,0,0.0,10,2,1,0,0,0,1,0,0,0,0,1,0,gratuito
5,35000.0,198,0.6464646464646465,1,4,1,1,1,0,1,0,0,0,0,1,1,gratuito
1,10000.0,0,0.0,1,3,1,0,0,0,1,1,1,0,0,0,0,alto
11,10000.0,135,0.5851851851851851,1,3,1,0,0,0,1,0,1,0,1,0,0,baixo
2,10000.0,0,0.0,1,2,1,0,0,0,0,0,0,1,0,1,0,baixo
4,35000.0,31,0.5483870967741935,1,4,1,0,0,0,1,1,1,0,0,0,0,alto
2,35000.0,30,0.9333333333333333,1,2,1,1,1,0,1,0,0,1,0,0,0,baixo
2,10000.0,0,0.0,6,4,1,0,0,0,1,1,0,1,0,0,0,medio_baixo
4,75000.0,3,0.3333333333333333,1,3,1,0,0,0,1,1,1,0,0,0,0,medio_baixo
2,10000.0,17,1.0,2,5,1,0,0,0,1,1,0,1,0,1,1,baixo
1,10000.0,0,0.0,7,2,1,1,1,0,1,1,0,0,0,0,0,baixo
1,10000.0,5,1.0,1,3,1,0,0,0,1,0,0,1,0,1,0,medio_baixo
1,0.0,0,0.0,0,0,1,0,0,0,0,0,0,0,0,0,0,gratuito
5,10000.0,15,0.9333333333333333,1,3,1,0,1,0,1,1,1,0,0,0,0,medio_alto
8,10000.0,38,0.7368421052631579,5,2,1,0,0,0,1,1,0,0,0,0,0,baixo
5,35000.0,5,1.0,1,2,1,0,0,0,1,1,0,0,0,0,0,medio_baixo
2,10000.0,0,0.0,1,1,1,0,0,0,0,0,1,0,0,0,0,baixo
1,10000.0,1,1.0,1,3,1,0,0,0,1,1,1,0,0,0,0,baixo
1,10000.0,5,0.8,2,2,1,1,1,0,1,0,1,0,0,0,0,medio_alto
11,10000.0,157,0.910828025477707,1,3,1,1,1,1,1,1,1,0,0,0,0,medio_alto
3,75000.0,2293,0.7963366768425644,10,3,1,0,0,17,0,0,0,0,0,0,1,alto
1,0.0,0,0.0,14,3,1,0,0,0,1,0,0,1,0,0,1,medio_baixo
6,10000.0,14,0.5714285714285714,1,8,1,1,1,0,1,1,1,1,0,1,1,baixo
2,10000.0,20,0.3,1,3,1,0,0,0,1,0,0,1,0,0,0,gratuito
10,35000.0,36,1.0,1,3,1,0,0,0,1,1,0,0,0,0,0,medio_alto
4,10000.0,4,1.0,10,3,1,0,0,0,0,1,0,0,0,0,1,alto
2,350000.0,4113,0.5443715049841964,13,3,1,0,0,9,0,0,1,0,0,0,1,alto
2,350000.0,7150,0.9693706293706293,13,2,1,1,0,1,1,0,1,0,0,0,0,medio_alto
1,0.0,0,0.0,0,0,1,0,0,0,0,0,0,0,0,0,0,gratuito
2,10000.0,12,0.6666666666666666,12,2,1,0,0,0,1,0,0,0,0,1,0,alto
4,0.0,0,0.0,0,0,1,0,0,0,0,0,0,0,0,0,0,gratuito
8,10000.0,2,0.5,2,1,1,1,1,0,1,0,0,0,0,0,0,gratuito
2,0.0,0,0.0,0,0,1,0,0,0,0,0,0,0,0,0,0,gratuito
7,35000.0,14,0.6428571428571429,1,4,1,0,0,0,1,0,1,1,0,1,0,baixo
1,0.0,0,0.0,0,0,1,0,0,0,0,0,0,0,0,0,0,gratuito
10,75000.0,571,0.8686514886164624,2,3,1,0,0,0,1,0,1,0,1,0,0,baixo
1,0.0,0,0.0,1,4,1,1,0,0,1,0,0,1,0,0,1,gratuito
8,10000.0,5,1.0,2,2,1,0,0,0,1,1,0,0,0,0,0,medio_alto
8,10000.0,4,1.0,1,1,1,0,0,0,1,0,0,0,0,0,0,alto
6,10000.0,16,0.6875,1,1,1,0,0,0,0,0,0,0,0,0,1,gratuito
5,10000.0,6,0.16666666666666666,1,1,1,0,0,0,0,1,0,0,0,0,0,baixo
4,0.0,0,0.0,0,0,1,0,0,0,0,0,0,0,0,0,0,gratuito
5,10000.0,37,0.7297297297297297,2,3,1,0,0,0,1,0,1,0,0,1,0,medio_baixo
1,0.0,0,0.0,2,1,1,0,0,0,0,1,0,0,0,0,0,medio_alto
3,10000.0,21,0.6190476190476191,1,2,1,0,0,1,0,1,0,0,0,0,0,gratuito
3,10000.0,0,0.0,8,3,1,0,0,0,0,1,1,1,0,0,0,baixo
3,0.0,0,0.0,76,3,1,0,0,0,1,0,1,1,0,0,0,medio_baixo
4,10000.0,5,1.0,1,1,1,0,0,0,1,0,0,0,0,0,0,baixo
4,10000.0,4,1.0,1,2,1,0,0,0,1,0,0,1,0,0,0,baixo
3,10000.0,2,1.0,1,1,1,1,0,0,1,0,0,0,0,0,0,baixo
4,10000.0,5,0.8,1,5,1,0,0,0,1,1,0,1,0,0,1,alto
2,10000.0,3,1.0,1,1,1,1,1,0,1,0,0,0,0,0,0,alto
3,0.0,0,0.0,0,0,1,0,0,0,0,0,0,0,0,0,0,gratuito
11,10000.0,83,0.20481927710843373,1,5,1,0,0,0,1,1,1,0,0,1,0,alto
3,10000.0,149,0.8523489932885906,3,1,1,0,0,0,0,0,1,0,0,0,0,alto
1,10000.0,0,0.0,1,5,1,1,1,0,0,0,0,0,0,0,0,alto
2,10000.0,0,0.0,1,3,1,0,0,0,0,0,0,0,0,1,1,gratuito
7,10000.0,0,0.0,3,1,1,0,0,0,0,0,1,0,0,0,0,alto
1,10000.0,0,0.0,4,2,1,0,0,2,1,0,0,0,0,0,1,alto
8,150000.0,1903,0.6994219653179191,2,4,1,0,0,12,1,0,0,0,1,1,1,alto
2,10000.0,0,0.0,1,2,1,1,0,0,0,0,0,1,0,1,0,medio_alto
5,0.0,0,0.0,0,0,1,0,0,0,0,0,0,0,0,0,0,gratuito
2,10000.0,49,0.8979591836734694,6,2,1,0,0,0,1,0,1,0,0,0,0,medio_alto
7,10000.0,4,0.0,2,1,1,0,0,0,1,0,0,0,0,0,0,baixo
4,0.0,0,0.0,0,0,1,0,0,0,0,0,0,0,0,0,0,gratuito
10,150000.0,422,0.7061611374407583,1,5,1,1,1,0,1,1,1,1,0,1,0,baixo
10,75000.0,1076,0.9247211895910781,2,3,1,0,0,3,1,0,1,1,0,0,0,medio_alto
11,75000.0,887,0.8771138669673055,1,1,1,1,1,0,0,1,0,0,0,0,0,medio_baixo
4,10000.0,4,1.0,1,2,1,0,0,0,0,1,1,0,0,0,0,medio_baixo
1,150000.0,2463,0.8250101502233049,15,3,1,0,0,0,1,0,0,1,0,0,1,alto
2,10000.0,33,0.9090909090909091,1,3,1,0,0,0,1,1,0,1,0,0,0,baixo
1,0.0,0,0.0,12,1,1,0,0,0,0,0,1,0,0,0,0,alto
5,0.0,0,0.0,1,1,1,0,0,0,0,0,1,0,0,0,0,gratuito
8,10000.0,1,0.0,1,3,1,0,0,0,1,1,0,1,0,0,0,baixo
1,10000.0,4,1.0,9,4,1,0,0,0,1,0,0,1,0,1,1,alto
6,35000.0,11,0.8181818181818182,1,3,1,0,0,0,1,0,1,0,1,0,0,gratuito
3,10000.0,1,1.0,2,2,1,0,0,0,1,0,1,0,0,0,0,baixo
3,0.0,0,0.0,26,5,1,1,1,0,1,1,0,0,1,0,0,gratuito
3,10000.0,0,0.0,1,2,1,0,0,0,0,0,0,0,0,1,0,gratuito
2,35000.0,1348,0.9235905044510386,13,5,1,0,0,0,1,1,0,1,0,1,1,alto
6,10000.0,0,0.0,1,4,1,0,0,0,1,0,1,0,1,0,1,medio_alto
1,0.0,0,0.0,1,3,1,0,0,0,1,0,0,0,0,0,0,gratuito
2,10000.0,2,1.0,2,1,1,0,0,0,1,0,0,0,0,0,0,medio_baixo
1,0.0,0,0.0,0,0,1,0,0,0,0,0,0,0,0,0,0,gratuito
4,10000.0,1,1.0,2,5,1,0,0,0,1,1,0,0,1,0,1,alto
12,10000.0,172,0.8895348837209303,1,2,1,1,1,0,1,0,1,0,0,0,0,medio_baixo
7,750000.0,12196,0.7287635290259101,13,1,1,0,0,10,0,1,0,0,0,0,0,medio_baixo
1,10000.0,0,0.0,12,3,1,0,0,0,1,0,0,1,0,0,1,alto
20,350000.0,1558,0.8145057766367138,1,1,1,1,0,0,0,1,0,0,0,0,0,baixo
6,10000.0,18,0.7777777777777778,1,3,1,0,0,0,0,0,0,1,0,0,1,gratuito
5,0.0,0,0.0,0,0,1,0,0,0,0,0,0,0,0,0,0,gratuito
8,10000.0,3,0.0,1,2,1,1,0,0,1,0,1,0,0,0,0,medio_baixo
2,0.0,0,0.0,1,3,1,1,0,0,0,0,0,1,0,0,0,gratuito
8,10000.0,9,0.8888888888888888,1,4,1,0,0,0,1,0,1,1,0,0,1,medio_alto
3,10000.0,4,0.75,1,3,1,0,0,0,1,1,1,0,0,0,0,alto
1,0.0,0,0.0,1,3,1,0,0,0,1,0,1,0,0,0,0,gratuito
4,10000.0,46,0.41304347826086957,1,2,1,0,0,0,1,0,0,0,0,0,1,baixo
1,0.0,0,0.0,11,3,1,0,0,0,0,1,0,1,0,0,0,medio_baixo
3,10000.0,26,0.8461538461538461,1,3,1,1,1,0,1,0,1,1,0,0,0,medio_alto
6,10000.0,0,0.0,1,3,1,0,0,0,1,1,1,0,0,0,0,alto
5,10000.0,7,0.14285714285714285,1,4,1,0,0,0,1,1,0,0,0,0,1,alto
3,0.0,0,0.0,0,0,1,0,0,0,0,0,0,0,0,0,0,gratuito
1,0.0,0,0.0,14,3,1,0,0,0,1,1,0,0,0,0,1,medio_alto
6,10000.0,40,1.0,2,2,1,1,1,1,1,1,0,0,0,0,0,alto
2,10000.0,44,0.8636363636363636,11,1,1,0,0,0,0,0,0,1,0,0,0,medio_baixo
2,35000.0,30,0.9333333333333333,1,2,1,0,0,0,0,1,0,0,0,0,0,alto
1,10000.0,3,0.6666666666666666,9,4,1,0,0,0,1,1,1,0,0,1,0,baixo
1,0.0,0,0.0,75,2,1,0,0,1,1,0,0,1,0,0,0,medio_baixo
11,35000.0,54,0.7592592592592593,1,5,1,0,0,0,1,1,1,0,1,1,0,medio_baixo
3,10000.0,16,0.9375,1,3,1,0,0,2,0,0,1,0,1,0,0,gratuito
4,10000.0,3,0.0,1,1,1,0,0,0,0,0,0,0,0,1,0,baixo
1,10000.0,2,0.0,2,3,1,1,0,0,1,0,0,0,0,0,0,medio_alto
2,150000.0,1146,0.8996509598603839,17,4,1,1,0,0,1,1,0,0,0,1,0,alto
9,150000.0,2135,0.7475409836065574,8,8,1,0,0,10,1,1,1,1,1,1,1,medio_alto
9,35000.0,40,0.675,2,2,1,0,0,0,1,0,1,0,0,0,0,baixo
10,10000.0,140,0.9357142857142857,15,1,1,1,1,0,1,0,0,0,0,0,0,alto
1,10000.0,1,1.0,1,2,1,0,0,0,1,0,0,1,0,0,0,baixo
2,0.0,0,0.0,1,3,1,0,0,0,1,0,0,1,0,0,0,gratuito
10,75000.0,2023,0.7390014829461197,9,1,1,1,1,1,0,0,0,0,1,0,0,alto
2,10000.0,28,0.8571428571428571,1,3,1,0,0,1,1,1,1,0,0,0,0,medio_baixo
5,10000.0,6,0.6666666666666666,12,3,1,0,0,0,1,1,1,0,0,0,0,baixo
10,10000.0,33,0.7878787878787878,1,1,1,0,0,0,1,0,0,0,0,0,0,gratuito
11,35000.0,89,0.6741573033707865,11,2,1,0,0,2,1,1,0,0,0,0,0,medio_alto
8,10000.0,3,0.6666666666666666,1,2,1,0,0,0,1,0,1,0,0,0,0,medio_baixo
2,10000.0,24,0.8333333333333334,3,3,1,0,0,0,1,0,0,1,0,0,1,baixo
8,35000.0,53,0.5094339622641509,1,4,1,0,0,0,1,1,1,1,0,0,0,medio_alto
6,10000.0,6,0.3333333333333333,14,1,1,0,0,0,1,0,0,0,0,0,0,alto
1,0.0,0,0.0,0,0,1,0,0,0,0,0,0,0,0,0,0,gratuito
12,35000.0,86,0.6627906976744186,1,1,1,0,0,0,0,0,1,0,0,0,0,baixo
7,35000.0,57,0.7017543859649122,17,1,1,1,0,0,0,0,0,1,0,0,0,alto
3,0.0,0,0.0,0,0,1,0,0,0,0,0,0,0,0,0,0,gratuito
14,150000.0,2801,0.26633345233845057,2,4,1,1,1,0,1,0,0,0,1,1,1,medio_alto
2,10000.0,6,0.8333333333333334,1,4,1,0,0,0,1,1,0,0,0,0,0,baixo
5,10000.0,0,0.0,1,6,1,0,0,0,1,1,1,1,1,0,1,baixo
2,10000.0,0,0.0,1,4,1,0,0,0,1,1,0,1,0,0,0,alto
10,10000.0,273,0.7142857142857143,1,4,1,0,0,0,1,1,1,0,1,0,0,baixo
2,10000.0,289,0.8200692041522492,5,4,1,0,0,0,1,1,1,0,1,0,0,alto
9,10000.0,36,0.9444444444444444,1,4,1,1,1,0,1,0,0,1,0,1,1,baixo
1,0.0,0,0.0,3,5,1,0,0,1,1,0,1,1,1,0,0,gratuito
1,10000.0,0,0.0,1,3,1,0,0,1,1,1,1,0,0,0,0,medio_alto
3,75000.0,8,0.75,6,1,1,0,0,0,0,0,1,0,0,0,0,alto
3,10000.0,108,0.9537037037037037,2,1,1,0,0,0,1,0,0,0,0,0,0,medio_alto
6,10000.0,3,1.0,2,1,1,0,0,0,1,0,0,0,0,0,0,baixo
7,10000.0,12,0.5,1,3,1,1,1,0,1,0,1,1,0,0,0,medio_baixo
1,10000.0,100,0.76,14,5,1,0,0,0,1,0,0,1,0,1,1,alto
10,10000.0,73,0.4794520547945205,1,6,1,1,1,0,1,1,1,0,0,0,0,medio_alto
1,10000.0,18,0.9444444444444444,15,2,1,0,0,0,0,0,0,1,0,0,1,medio_baixo
6,35000.0,32,0.96875,1,1,1,0,0,0,0,0,1,0,0,0,0,gratuito
4,35000.0,24,0.875,2,4,1,0,0,0,1,0,0,0,0,1,1,medio_alto
2,10000.0,1,1.0,1,1,1,0,0,0,0,0,0,0,1,0,0,medio_baixo
3,10000.0,16,0.8125,1,1,1,0,0,0,0,0,0,1,0,0,0,baixo
4,0.0,0,0.0,103,3,1,0,0,0,0,0,1,1,0,0,1,baixo
3,10000.0,2,1.0,2,5,1,1,1,0,1,1,1,1,1,0,0,baixo
6,10000.0,11,1.0,1,2,1,1,1,1,1,0,0,1,0,0,0,baixo
1,10000.0,19,0.5263157894736842,8,1,1,0,0,0,0,1,0,0,0,0,0,baixo
3,10000.0,0,0.0,1,2,1,0,0,0,1,0,0,1,0,0,0,baixo
11,350000.0,6064,0.9094656992084432,8,3,1,0,1,1,1,1,1,0,0,0,0,medio_alto
9,10000.0,27,0.5555555555555556,2,1,1,0,0,0,0,0,0,0,0,0,0,gratuito
7,10000.0,16,0.5,103,5,1,0,0,0,1,0,1,1,0,1,1,medio_baixo
8,10000.0,12,0.4166666666666667,1,2,1,0,0,0,0,0,0,0,0,0,0,gratuito
4,10000.0,4,0.75,1,6,1,0,0,0,1,1,1,1,1,0,0,medio_baixo
4,10000.0,0,0.0,6,3,1,0,0,0,0,0,1,1,1,0,0,medio_alto
9,10000.0,19,0.8947368421052632,2,1,1,0,0,0,0,0,0,0,0,0,0,alto
8,10000.0,1,0.0,1,6,1,0,0,0,1,1,1,0,1,1,1,medio_alto
2,10000.0,2,0.5,10,3,1,1,0,0,1,1,0,0,1,0,0,alto
1,0.0,0,0.0,1,2,1,0,0,0,0,1,1,0,0,0,0,alto
5,35000.0,11,0.7272727272727273,1,2,1,0,0,0,1,0,0,0,0,0,0,baixo
1,10000.0,0,0.0,8,2,1,0,0,0,1,0,1,0,0,0,0,alto
5,10000.0,3,0.3333333333333333,1,1,1,0,0,0,0,0,0,0,0,0,0,medio_alto
3,10000.0,103,0.6504854368932039,1,6,1,0,0,0,1,1,1,0,1,0,0,alto
18,750000.0,12379,0.8953065675741174,3,2,1,0,0,0,0,1,1,0,0,0,0,medio_baixo
16,150000.0,600,0.8916666666666667,1,2,1,0,0,0,0,0,0,0,1,1,0,medio_baixo
1,10000.0,0,0.0,1,3,1,0,0,0,1,0,0,1,0,1,0,medio_baixo
1,0.0,0,0.0,0,0,1,0,0,0,0,0,0,0,0,0,0,gratuito
1,10000.0,0,0.0,8,3,1,0,0,0,0,1,0,0,0,1,0,medio_alto
5,0.0,0,0.0,1,4,1,0,0,0,1,1,1,0,1,0,0,gratuito
7,75000.0,442,0.7262443438914027,14,2,1,1,0,1,1,0,1,0,0,0,0,baixo
8,10000.0,23,0.6956521739130435,1,4,1,0,0,0,1,1,1,0,1,0,0,baixo
4,10000.0,28,0.7857142857142857,1,1,1,0,0,0,0,0,0,0,0,1,0,medio_baixo
5,35000.0,22,0.8636363636363636,1,2,1,0,0,0,0,0,1,1,0,0,0,medio_alto
2,10000.0,21,0.9047619047619048,11,2,1,0,0,0,1,0,0,0,0,1,0,medio_baixo
8,35000.0,46,0.3695652173913043,1,3,1,0,0,0,1,0,0,1,0,1,0,baixo
3,10000.0,4,0.75,1,1,1,0,0,0,0,1,0,0,0,0,0,medio_alto
1,0.0,0,0.0,14,3,1,0,0,0,1,1,0,1,0,0,0,baixo
3,35000.0,1,0.0,4,2,1,1,0,0,1,0,1,0,0,0,0,medio_alto
1,10000.0,10,1.0,1,3,1,0,0,0,1,0,1,1,0,0,0,baixo
3,0.0,0,0.0,14,5,1,0,0,0,1,1,1,0,1,1,0,gratuito
3,10000.0,0,0.0,1,4,1,1,1,0,1,0,1,1,0,0,1,medio_alto
2,10000.0,36,0.8888888888888888,10,2,1,0,0,0,0,0,1,1,0,0,0,baixo
6,10000.0,2,1.0,1,1,1,0,0,0,0,0,0,1,0,0,0,medio_baixo
3,0.0,0,0.0,1,4,1,0,0,0,1,0,0,1,1,0,0,gratuito
10,150000.0,191,0.6230366492146597,11,3,1,0,0,0,1,1,0,1,0,0,0,baixo
5,10000.0,1,1.0,1,1,1,0,0,0,0,1,0,0,0,0,0,alto
2,10000.0,4,0.75,2,2,1,1,0,0,1,1,0,0,0,0,0,baixo
6,10000.0,34,0.8823529411764706,2,2,1,0,0,0,0,0,0,1,1,0,0,baixo
3,0.0,0,0.0,0,0,1,0,0,0,0,0,0,0,0,0,0,gratuito
5,10000.0,3,0.6666666666666666,1,3,1,0,0,0,1,0,1,1,0,0,0,baixo
4,0.0,0,0.0,2,7,1,0,0,0,1,0,0,0,1,1,1,gratuito
9,350000.0,964,0.6213692946058091,11,3,1,1,1,2,1,1,0,0,0,1,0,alto
8,10000.0,29,0.896551724137931,1,1,1,0,0,0,1,0,0,0,0,0,0,medio_baixo
3,10000.0,11,0.9090909090909091,2,4,1,0,0,0,1,1,1,0,0,1,0,baixo
8,10000.0,4,0.75,1,2,1,0,0,0,1,0,0,0,0,0,0,alto
4,10000.0,1,1.0,4,3,1,0,0,0,1,0,0,1,0,1,0,medio_alto
1,10000.0,0,0.0,1,3,1,0,0,0,1,0,0,1,0,1,0,medio_baixo
6,35000.0,8,0.25,25,5,1,0,0,0,1,1,1,1,0,0,1,baixo
1,10000.0,0,0.0,13,4,1,0,0,0,0,0,1,0,1,1,0,gratuito
2,0.0,0,0.0,1,3,1,0,0,0,0,0,0,1,0,1,0,gratuito
6,10000.0,14,0.5714285714285714,2,3,1,0,0,0,1,0,0,0,1,1,0,gratuito
2,0.0,0,0.0,0,0,1,0,0,0,0,0,0,0,0,0,0,gratuito
4,10000.0,1,1.0,3,3,1,0,0,0,1,1,0,0,0,0,0,baixo
10,150000.0,1194,0.9045226130653267,9,2,1,1,1,0,1,1,0,0,0,0,0,medio_baixo
1,10000.0,733,0.8799454297407913,3,5,1,0,0,0,1,1,1,0,1,0,0,alto
3,10000.0,23,0.8695652173913043,2,1,1,0,0,0,0,0,1,0,0,0,0,alto
11,35000.0,97,0.6391752577319587,1,6,1,1,0,0,1,1,1,1,1,0,0,gratuito
2,10000.0,7,1.0,9,4,1,0,0,0,1,1,1,1,0,0,0,medio_baixo
6,10000.0,12,0.8333333333333334,1,1,1,0,0,0,0,1,0,0,0,0,0,medio_baixo
2,10000.0,13,1.0,1,3,1,0,0,0,1,1,0,1,0,0,0,baixo
10,350000.0,4539,0.7763824630975986,6,2,1,0,0,0,0,1,0,0,1,0,0,medio_alto
9,10000.0,7,0.8571428571428571,11,2,1,1,1,0,1,0,0,1,0,0,0,alto
2,35000.0,7,0.8571428571428571,1,4,1,0,1,0,1,1,1,0,1,0,0,medio_alto
1,0.0,0,0.0,30,1,1,0,0,0,0,0,0,0,0,0,1,baixo
2,10000.0,1,0.0,1,2,1,0,0,0,1,0,1,0,0,0,0,medio_alto
2,10000.0,42,1.0,17,1,1,0,0,1,0,1,0,0,0,0,0,medio_alto
4,0.0,0,0.0,0,0,1,0,0,0,0,0,0,0,0,0,0,gratuito
1,0.0,0,0.0,0,0,1,0,0,0,0,0,0,0,0,0,0,gratuito
6,10000.0,4,0.75,2,4,1,0,0,0,1,0,0,0,1,1,0,medio_alto
3,35000.0,249,0.7831325301204819,4,4,1,0,0,3,1,1,1,0,1,0,0,alto
4,10000.0,115,0.9391304347826087,2,1,1,0,0,0,0,0,1,0,0,0,0,alto
2,0.0,0,0.0,15,3,1,1,1,0,1,1,0,0,0,0,0,gratuito
10,75000.0,96,0.3333333333333333,9,2,1,0,0,0,1,0,0,1,0,0,0,baixo
1,0.0,0,0.0,0,0,1,0,0,0,0,0,0,0,0,0,0,gratuito
2,35000.0,75,0.7733333333333333,1,4,1,0,0,0,1,0,1,1,0,0,0,gratuito
5,35000.0,143,0.7622377622377622,29,2,1,0,0,1,1,0,0,1,0,0,0,baixo
9,150000.0,1487,0.9011432414256894,15,2,1,1,0,1,1,1,0,0,0,0,0,medio_baixo
1,0.0,0,0.0,0,0,1,0,0,0,0,0,0,0,0,0,0,gratuito
1,0.0,0,0.0,1,4,1,0,0,0,0,0,1,1,0,1,1,medio_alto
3,10000.0,0,0.0,1,1,1,0,0,0,0,1,0,0,0,0,0,medio_alto
3,10000.0,21,1.0,5,3,1,0,0,0,1,0,1,1,0,0,0,baixo
1,0.0,0,0.0,4,1,1,0,0,0,0,0,0,1,0,0,0,baixo
1,0.0,0,0.0,24,4,1,0,0,1,1,0,0,1,0,0,1,gratuito
7,10000.0,44,0.9772727272727273,1,4,1,1,1,0,1,0,1,1,1,0,0,medio_alto
5,10000.0,17,0.8235294117647058,1,2,1,0,0,0,0,0,0,1,0,0,1,alto
9,10000.0,12,1.0,1,2,1,0,0,0,0,0,1,1,0,0,0,medio_alto
5,10000.0,0,0.0,2,1,1,0,0,0,0,0,1,0,0,0,0,alto
2,10000.0,0,0.0,1,4,1,0,0,4,1,0,0,1,0,0,1,gratuito
6,35000.0,21,0.8095238095238095,2,4,1,0,0,0,1,1,1,1,0,0,0,baixo
2,75000.0,1533,0.6373124592302675,5,6,1,0,0,0,1,1,1,1,1,0,1,alto
6,35000.0,73,0.5753424657534246,7,3,1,0,0,0,1,0,1,0,0,0,0,gratuito
1,10000.0,0,0.0,8,3,1,1,0,0,0,0,1,1,0,1,0,alto
8,10000.0,92,0.8152173913043478,1,3,1,0,0,0,1,0,1,1,0,0,0,baixo
2,35000.0,191,0.774869109947644,12,3,1,1,0,0,1,0,0,1,0,1,0,medio_baixo
11,10000.0,70,0.6142857142857143,2,2,1,0,0,0,0,1,1,0,0,0,0,medio_baixo
2,75000.0,11,1.0,4,3,1,0,0,0,1,0,1,0,1,0,0,medio_alto
7,10000.0,57,0.8070175438596491,1,4,1,1,1,0,1,0,0,1,1,1,0,gratuito
4,10000.0,43,0.7209302325581395,11,6,1,0,0,0,1,1,1,1,1,0,0,medio_alto
4,10000.0,61,0.6721311475409836,1,3,1,0,0,0,0,1,1,0,0,0,0,alto
7,35000.0,226,0.9336283185840708,1,2,1,1,1,0,1,0,0,1,0,0,0,medio_alto
2,10000.0,2,0.0,1,3,1,0,0,0,1,0,0,1,0,0,1,medio_baixo
4,35000.0,14,0.9285714285714286,1,1,1,0,0,0,0,1,0,0,0,0,0,medio_alto
5,0.0,0,0.0,0,0,1,0,0,0,0,0,0,0,0,0,0,gratuito
2,35000.0,878,0.878132118451025,7,1,1,0,0,3,0,0,0,0,0,1,0,alto
2,0.0,0,0.0,0,0,1,0,0,0,0,0,0,0,0,0,0,gratuito
1,10000.0,59,0.9152542372881356,11,4,1,0,0,0,1,1,0,0,0,0,1,medio_alto
4,10000.0,84,0.8809523809523809,1,3,1,0,0,1,0,0,0,1,0,0,1,alto
5,35000.0,123,0.959349593495935,2,2,1,1,1,0,1,0,1,0,0,0,0,medio_baixo
1,10000.0,0,0.0,1,8,1,0,0,0,1,1,1,1,1,1,1,medio_alto
1,10000.0,62,0.9193548387096774,9,3,1,0,0,0,1,0,0,1,0,0,0,alto
2,10000.0,4,0.75,1,3,1,0,0,0,1,1,1,0,0,0,0,baixo
6,10000.0,20,0.85,2,2,1,0,0,0,1,1,0,0,0,0,0,medio_baixo
3,0.0,0,0.0,103,6,1,0,0,0,1,1,1,0,0,1,1,medio_alto
3,10000.0,0,0.0,1,2,1,0,0,0,1,0,0,1,0,0,0,medio_baixo
4,35000.0,29,0.8275862068965517,1,2,1,0,0,0,1,0,0,1,0,0,0,medio_baixo
5,10000.0,19,0.7368421052631579,2,1,1,1,1,0,0,0,0,0,0,1,0,alto
3,0.0,0,0.0,1,3,1,1,0,0,0,1,1,0,0,0,0,gratuito
4,10000.0,7,0.5714285714285714,1,3,1,0,1,0,1,1,0,0,0,1,0,baixo
2,10000.0,1,1.0,11,2,1,0,0,0,0,1,0,0,0,0,0,medio_alto
9,10000.0,3,1.0,1,1,1,0,0,0,0,0,0,1,0,0,0,medio_alto
1,0.0,0,0.0,3,5,1,0,0,1,1,1,1,1,0,0,0,gratuito
3,1500000.0,27688,0.48566165848020804,11,3,1,0,0,4,0,1,1,0,1,0,0,alto
3,35000.0,1173,0.9377664109121909,16,4,1,0,0,1,1,1,1,1,0,0,0,medio_alto
3,10000.0,39,0.7435897435897436,5,3,1,0,0,2,1,0,0,1,1,0,0,alto
6,750000.0,5148,0.9386169386169386,11,6,1,1,1,12,1,1,1,1,0,1,1,alto
3,35000.0,9,1.0,1,2,1,1,1,0,1,0,0,0,1,0,0,medio_alto
17,3500000.0,50661,0.953534276859912,5,1,1,0,0,1,0,0,0,0,1,0,0,medio_alto
9,35000.0,88,0.7613636363636364,27,3,1,0,0,0,1,1,0,1,0,0,0,baixo
10,10000.0,16,0.625,1,3,1,0,0,0,1,1,0,1,0,0,0,medio_baixo
12,10000.0,44,0.38636363636363635,2,2,1,0,0,0,1,0,0,0,0,1,0,medio_alto
1,10000.0,0,0.0,1,2,1,0,0,1,1,0,0,1,0,0,0,medio_alto
4,10000.0,3,0.3333333333333333,1,4,1,0,0,0,0,1,0,0,1,0,0,baixo
1,10000.0,0,0.0,1,3,1,0,0,0,1,0,0,1,0,0,0,alto
8,75000.0,28,0.2857142857142857,1,4,1,0,0,0,1,0,1,1,0,0,1,baixo
10,10000.0,27,0.5925925925925926,1,3,1,0,0,0,1,0,0,1,0,0,0,gratuito
5,10000.0,52,0.9230769230769231,3,4,1,1,1,0,1,0,0,1,0,0,1,gratuito
8,10000.0,1,1.0,1,3,1,0,0,0,1,0,0,1,0,0,1,medio_alto
2,10000.0,74,0.9324324324324325,6,2,1,0,0,0,1,1,0,0,0,0,0,alto
4,10000.0,13,0.6923076923076923,1,1,1,0,0,0,0,0,0,0,0,1,0,gratuito
3,10000.0,44,0.75,2,4,1,0,0,0,1,1,1,1,0,0,0,medio_alto
4,10000.0,0,0.0,1,2,1,0,0,0,1,0,0,1,0,0,0,baixo
9,35000.0,17,0.7647058823529411,1,2,1,0,0,0,1,1,0,0,0,0,0,baixo
1,10000.0,45,0.9333333333333333,1,1,1,0,0,0,0,0,0,0,0,0,1,medio_baixo
4,10000.0,26,0.7692307692307693,3,2,1,1,0,0,0,0,0,0,0,1,0,alto
2,0.0,0,0.0,0,0,1,0,0,0,0,0,0,0,0,0,0,gratuito
3,75000.0,2773,0.9560043274432023,13,3,1,0,0,0,1,1,1,0,0,0,0,alto
3,10000.0,0,0.0,1,4,1,0,0,0,1,1,1,0,0,1,0,baixo
2,10000.0,2,0.5,1,2,1,0,0,0,1,1,0,0,0,0,0,alto
2,10000.0,0,0.0,11,3,1,0,0,0,1,0,0,1,0,0,0,baixo
2,750000.0,32031,0.7063157566107833,3,4,1,0,0,2,1,0,1,0,1,1,0,alto
3,75000.0,1,1.0,4,3,1,0,0,0,1,0,0,1,0,0,0,medio_baixo
4,35000.0,70,0.45714285714285713,2,1,1,0,0,0,0,1,0,0,0,0,0,gratuito
8,10000.0,89,0.5393258426966292,2,3,1,0,0,0,1,1,0,0,1,0,0,baixo
1,10000.0,24,0.7916666666666666,1,2,1,1,0,0,0,1,0,0,0,0,0,alto
2,10000.0,3,0.6666666666666666,9,5,1,0,1,0,1,0,1,1,0,1,0,medio_alto
2,10000.0,6,0.8333333333333334,10,1,1,0,0,0,0,0,0,0,0,0,1,baixo
1,0.0,0,0.0,12,4,1,1,1,2,1,0,0,0,0,1,1,gratuito
2,0.0,0,0.0,0,0,1,0,0,0,0,0,0,0,0,0,0,gratuito
13,35000.0,105,0.1523809523809524,10,1,1,0,0,0,0,0,0,0,0,0,1,baixo
5,10000.0,16,0.75,1,1,1,1,0,1,0,0,0,1,0,0,0,baixo
2,0.0,0,0.0,12,3,1,1,0,1,1,0,0,1,0,0,0,gratuito
1,10000.0,0,0.0,1,3,1,0,0,0,1,0,0,1,0,1,0,medio_alto
2,10000.0,7,0.8571428571428571,1,3,1,0,0,1,0,1,1,1,0,0,0,baixo
1,0.0,0,0.0,0,0,1,0,0,0,0,0,0,0,0,0,0,gratuito
7,35000.0,16,0.75,1,2,1,0,0,0,1,0,0,0,1,0,0,medio_alto
2,10000.0,18,0.9444444444444444,1,3,1,0,0,0,1,1,1,0,0,0,0,alto
1,10000.0,0,0.0,1,3,1,0,0,0,1,1,0,0,0,1,0,medio_alto
1,10000.0,0,0.0,1,3,1,0,0,0,1,1,1,0,0,0,0,alto
2,0.0,0,0.0,103,3,1,0,0,0,1,0,1,1,0,0,0,baixo
4,10000.0,8,1.0,2,1,1,0,1,0,0,0,1,0,0,0,0,baixo
3,10000.0,128,0.78125,28,4,1,1,1,0,0,1,1,0,1,1,0,alto
3,10000.0,23,0.782608695652174,1,3,1,1,1,0,1,0,0,1,1,0,0,medio_alto
2,0.0,0,0.0,0,0,1,0,0,0,0,0,0,0,0,0,0,gratuito
3,10000.0,0,0.0,21,3,1,0,0,0,0,0,1,1,0,0,1,medio_baixo
8,10000.0,3,0.6666666666666666,1,3,1,0,0,0,1,1,0,0,0,0,1,alto
6,10000.0,12,0.4166666666666667,2,5,1,0,0,3,1,1,1,1,1,0,0,baixo
5,0.0,0,0.0,2,1,1,0,0,0,0,0,0,0,1,0,0,gratuito
8,10000.0,45,0.8,12,3,1,1,1,0,1,1,1,0,0,0,0,alto
7,10000.0,0,0.0,1,3,1,0,0,1,1,0,0,1,0,0,0,baixo
4,10000.0,0,0.0,1,4,1,0,1,0,1,0,1,1,0,0,1,medio_baixo
3,10000.0,0,0.0,2,4,1,0,0,0,1,0,1,0,1,0,0,alto
9,1500000.0,30975,0.7764648910411622,1,7,1,0,0,1,1,1,1,1,1,0,1,alto
2,10000.0,16,1.0,1,5,1,0,0,0,1,1,1,0,1,1,0,medio_alto
3,10000.0,0,0.0,1,3,1,0,0,0,1,0,1,0,1,0,0,medio_baixo
2,10000.0,1,1.0,2,3,1,1,1,0,1,1,1,0,0,0,0,baixo
3,10000.0,1,1.0,1,3,1,1,1,0,1,1,1,0,0,0,0,medio_baixo
8,35000.0,72,0.6805555555555556,1,4,1,1,0,0,1,1,0,1,0,0,0,gratuito
5,10000.0,11,1.0,1,5,1,0,0,0,1,1,1,1,0,0,1,alto
4,10000.0,15,1.0,4,2,1,0,1,0,1,1,0,0,0,0,0,alto
5,0.0,0,0.0,3,6,1,1,0,0,0,1,1,1,1,1,0,gratuito
7,10000.0,0,0.0,1,2,1,0,0,3,1,0,0,1,0,0,0,baixo
1,10000.0,0,0.0,1,2,1,0,0,0,0,1,0,0,0,0,0,medio_alto
6,350000.0,5377,0.9754509949786127,4,4,1,1,0,1,1,0,1,1,1,0,0,baixo
10,75000.0,20,0.35,1,2,1,0,0,0,1,0,0,0,1,0,0,medio_alto
1,0.0,0,0.0,103,2,1,0,0,0,1,0,0,1,0,0,0,baixo
12,75000.0,648,0.47685185185185186,6,1,1,0,0,0,0,0,0,0,0,1,0,baixo
7,10000.0,14,0.7857142857142857,1,5,1,0,0,0,1,1,1,0,1,0,0,alto
5,0.0,0,0.0,0,0,1,0,0,0,0,0,0,0,0,0,0,gratuito
3,10000.0,14,0.9285714285714286,6,3,1,0,1,0,1,1,0,1,0,0,0,baixo
1,10000.0,103,0.7669902912621359,14,3,1,0,0,0,1,0,0,1,0,0,1,medio_alto
1,0.0,0,0.0,12,4,1,1,1,0,0,0,1,0,1,1,0,gratuito
4,0.0,0,0.0,1,2,1,0,0,0,0,0,0,0,0,1,0,gratuito
2,10000.0,0,0.0,3,2,1,0,0,0,1,0,0,1,0,0,0,baixo
3,35000.0,9,1.0,1,4,1,0,0,0,1,1,1,0,0,0,0,alto
4,10000.0,24,0.375,2,4,1,0,0,0,1,0,0,0,1,1,1,medio_alto
2,0.0,0,0.0,103,1,1,0,0,1,0,0,0,1,0,0,0,baixo
9,150000.0,1422,0.6610407876230661,4,6,1,0,0,0,1,1,1,1,0,1,1,medio_alto
3,0.0,0,0.0,1,3,1,0,0,0,0,1,1,0,1,0,0,gratuito
8,10000.0,4,0.75,2,3,1,0,0,0,1,1,0,1,0,0,0,medio_baixo
1,0.0,0,0.0,0,0,1,0,0,0,0,0,0,0,0,0,0,gratuito
4,10000.0,7,0.5714285714285714,1,3,1,0,0,52,0,0,1,1,0,0,1,medio_alto
1,0.0,0,0.0,103,3,1,0,0,0,1,0,0,1,0,0,1,medio_baixo
1,10000.0,8,0.875,2,2,1,0,0,0,1,0,1,0,0,0,0,alto
3,10000.0,4,1.0,3,5,1,0,0,0,0,0,0,0,0,0,0,medio_baixo
7,150000.0,251,0.8207171314741036,3,6,1,1,1,2,1,1,1,0,1,1,1,medio_baixo
7,10000.0,18,0.5555555555555556,1,3,1,0,0,0,1,0,1,1,0,0,0,medio_baixo
3,0.0,0,0.0,0,0,1,0,0,0,0,0,0,0,0,0,0,gratuito
9,35000.0,318,0.6761006289308176,2,1,1,0,0,0,0,0,0,0,1,0,0,alto
2,10000.0,0,0.0,1,2,1,1,1,0,1,0,0,1,0,0,0,baixo
1,0.0,0,0.0,0,0,1,0,0,0,0,0,0,0,0,0,0,gratuito
5,10000.0,4,1.0,1,3,1,0,0,0,0,0,0,0,1,0,0,medio_alto
1,10000.0,0,0.0,1,3,1,0,0,0,1,0,0,1,0,0,1,medio_baixo
6,10000.0,45,0.7111111111111111,2,3,1,0,0,0,1,0,0,1,0,1,0,medio_alto
9,10000.0,68,0.45588235294117646,1,3,1,0,0,0,1,0,0,1,0,0,1,baixo
4,10000.0,11,0.9090909090909091,1,1,1,0,0,0,0,0,0,0,0,0,0,baixo
2,0.0,0,0.0,1,4,1,0,0,0,1,1,1,0,0,0,0,gratuito
7,10000.0,50,0.88,1,1,1,0,1,1,0,0,0,1,0,0,0,baixo
4,10000.0,21,0.38095238095238093,1,4,1,1,1,0,1,1,1,0,0,0,1,alto
1,10000.0,0,0.0,1,2,1,0,0,0,0,1,0,0,0,0,0,medio_alto
4,10000.0,2,1.0,1,2,1,0,0,0,1,1,0,0,0,0,0,medio_alto
2,0.0,0,0.0,13,4,1,1,0,0,1,0,1,0,1,0,0,gratuito
4,10000.0,22,0.6363636363636364,2,3,1,0,0,0,1,1,1,0,0,0,0,medio_alto
4,10000.0,4,0.5,1,4,1,0,0,3,1,1,0,1,0,0,0,medio_alto
1,10000.0,1,0.0,2,5,1,0,0,0,1,1,1,0,1,0,0,medio_alto
6,10000.0,25,0.6,11,1,1,0,0,0,1,0,0,0,0,0,0,medio_baixo
2,0.0,0,0.0,0,0,1,0,0,0,0,0,0,0,0,0,0,gratuito
10,10000.0,14,1.0,1,3,1,0,0,0,1,1,0,0,0,0,0,alto
7,10000.0,9,0.7777777777777778,1,3,1,0,0,0,1,0,1,1,0,0,0,baixo
11,35000.0,60,0.6666666666666666,1,2,1,0,1,0,1,1,0,0,0,0,0,gratuito
12,350000.0,2784,0.42313218390804597,6,2,1,0,0,0,0,1,1,0,0,0,0,medio_alto
4,10000.0,0,0.0,1,2,1,0,0,0,0,0,1,1,0,0,0,alto
2,10000.0,3,0.3333333333333333,1,3,1,0,0,0,1,1,1,0,0,0,0,medio_alto
9,10000.0,49,0.8367346938775511,1,3,1,0,0,0,1,1,1,0,0,0,0,baixo
9,10000.0,12,1.0,1,3,1,1,0,0,1,1,0,1,0,0,0,baixo
1,0.0,0,0.0,4,2,1,0,0,0,1,0,0,1,0,0,0,baixo
3,10000.0,0,0.0,14,3,1,1,1,0,1,0,1,1,0,0,0,baixo
1,10000.0,7,0.8571428571428571,1,2,1,0,0,0,1,0,0,1,0,0,0,baixo
3,10000.0,17,0.8235294117647058,7,3,1,0,0,0,1,1,1,0,0,0,0,medio_baixo
3,10000.0,17,0.5294117647058824,11,4,1,0,0,0,0,1,1,1,0,0,1,alto
5,10000.0,8,1.0,4,4,1,0,0,0,1,1,1,0,0,0,0,medio_alto
5,10000.0,2,1.0,1,2,1,0,0,0,1,0,0,1,0,0,0,medio_baixo
1,10000.0,0,0.0,5,5,1,0,0,0,1,0,0,1,1,1,0,medio_alto
7,10000.0,250,0.732,12,2,1,0,0,0,1,0,1,0,0,0,0,alto
2,10000.0,11,0.7272727272727273,2,4,1,1,1,0,1,0,0,0,0,0,1,medio_baixo
4,10000.0,125,0.992,5,3,1,1,0,0,1,0,0,1,0,1,0,medio_baixo
6,10000.0,3,0.6666666666666666,1,3,1,0,0,0,1,0,1,1,0,0,0,medio_alto
3,10000.0,2,0.5,2,3,1,0,0,0,1,1,1,0,0,0,0,medio_alto
7,10000.0,150,0.86,1,3,1,1,1,0,0,0,0,0,0,0,0,alto
9,10000.0,14,0.8571428571428571,1,2,1,0,0,0,1,1,0,0,0,0,0,gratuito
4,0.0,0,0.0,6,4,1,0,0,0,1,0,1,1,0,0,0,gratuito
2,35000.0,0,0.0,5,2,1,1,1,1,1,0,1,0,0,0,0,baixo
3,10000.0,153,0.7189542483660131,2,2,1,0,0,0,0,0,0,1,0,0,1,medio_baixo
1,0.0,0,0.0,1,7,1,0,0,0,1,0,0,1,0,1,1,medio_alto
6,10000.0,13,1.0,1,1,1,1,1,0,1,0,0,0,0,0,0,baixo
1,0.0,0,0.0,0,0,1,0,0,0,0,0,0,0,0,0,0,gratuito
1,0.0,0,0.0,0,0,1,0,0,0,0,0,0,0,0,0,0,gratuito
1,10000.0,11,1.0,1,4,1,0,0,0,1,0,1,1,0,0,1,medio_alto
3,10000.0,2,1.0,2,4,1,0,0,0,1,0,0,1,0,1,1,baixo
5,10000.0,40,0.875,1,2,1,1,0,0,1,0,0,0,1,0,0,medio_baixo
2,75000.0,308,0.9545454545454546,6,3,1,0,0,0,1,0,1,1,0,0,0,medio_alto
12,75000.0,414,0.6545893719806763,1,4,1,1,1,1,1,1,1,0,1,0,0,baixo
4,0.0,0,0.0,0,0,1,0,0,0,0,0,0,0,0,0,0,gratuito
3,10000.0,10,0.8,4,3,1,1,1,0,1,0,1,0,0,0,0,gratuito
2,10000.0,65,0.7230769230769231,10,3,1,0,0,1,1,0,1,0,0,0,1,medio_alto
2,10000.0,0,0.0,4,2,1,1,1,0,1,0,0,0,0,0,0,gratuito
8,75000.0,273,0.8827838827838828,9,2,1,1,1,0,0,0,1,1,0,0,0,medio_alto
4,0.0,0,0.0,0,0,1,0,0,0,0,0,0,0,0,0,0,gratuito
1,0.0,0,0.0,1,6,1,0,0,1,1,1,1,0,1,0,0,gratuito
3,10000.0,6,0.8333333333333334,1,3,1,0,0,0,1,0,1,0,1,0,0,baixo
2,10000.0,1,1.0,1,2,1,1,1,0,1,0,1,0,0,0,0,baixo
1,0.0,0,0.0,1,5,1,0,0,0,1,0,0,1,0,1,1,medio_baixo
3,35000.0,398,0.7512562814070352,2,4,1,1,1,0,1,0,0,1,0,1,0,medio_baixo
5,35000.0,4,1.0,1,2,1,0,0,0,0,0,1,1,0,0,0,medio_alto
1,0.0,0,0.0,0,0,1,0,0,0,0,0,0,0,0,0,0,gratuito
10,3500000.0,149456,0.9168317096670592,12,3,1,1,1,6,1,0,0,0,1,1,0,medio_alto
7,10000.0,21,0.6666666666666666,2,3,1,0,0,0,1,0,0,0,0,0,1,medio_alto
3,0.0,0,0.0,0,0,1,0,0,0,0,0,0,0,0,0,0,gratuito
3,0.0,0,0.0,1,5,1,0,0,0,1,0,1,0,1,0,1,gratuito
2,0.0,0,0.0,0,0,1,0,0,0,0,0,0,0,0,0,0,gratuito
1,10000.0,10,0.9,7,1,1,0,0,0,0,0,0,0,0,0,0,alto
5,10000.0,42,0.9047619047619048,1,2,1,1,0,0,1,0,0,1,0,0,0,alto
11,10000.0,13,0.6923076923076923,5,1,1,1,1,1,1,0,0,0,0,0,0,medio_baixo
13,0.0,0,0.0,2,1,1,1,1,2,0,0,0,0,1,0,0,medio_baixo
4,10000.0,0,0.0,1,4,1,0,0,0,0,1,0,1,0,0,0,gratuito
1,10000.0,6,1.0,2,2,1,0,0,0,1,0,0,0,0,0,1,alto
1,10000.0,17,1.0,10,2,1,0,0,0,1,1,0,0,0,0,0,medio_alto
1,0.0,0,0.0,2,3,1,0,0,0,1,1,0,0,0,0,0,medio_baixo
1,0.0,0,0.0,1,1,1,0,0,0,0,0,0,0,0,0,1,alto
2,10000.0,6,1.0,1,3,1,0,0,1,1,0,0,1,0,0,0,alto
2,10000.0,0,0.0,1,2,1,0,0,0,1,0,0,1,0,0,0,baixo
11,3500000.0,35072,0.8207401916058394,9,1,1,0,1,8,0,0,0,0,0,1,0,alto
7,10000.0,17,0.5882352941176471,1,8,1,0,0,0,0,0,0,0,0,0,0,alto
5,10000.0,156,0.8269230769230769,1,4,1,1,0,0,1,0,0,0,1,1,0,alto
1,10000.0,0,0.0,1,3,1,0,0,0,1,0,0,1,0,0,0,medio_baixo
4,0.0,0,0.0,1,5,1,0,0,0,1,1,1,0,1,0,0,gratuito
1,0.0,0,0.0,0,0,1,0,0,0,0,0,0,0,0,0,0,gratuito
1,0.0,0,0.0,1,3,1,0,0,1,1,1,0,0,0,0,0,gratuito
11,10000.0,12,0.5833333333333334,1,3,1,0,0,0,1,0,0,1,1,0,0,medio_baixo
12,10000.0,24,0.8333333333333334,1,3,1,1,0,0,1,0,1,1,0,0,0,gratuito
3,10000.0,67,0.9253731343283582,1,2,1,1,1,1,1,0,0,1,0,0,0,gratuito
3,10000.0,4,0.75,1,4,1,0,0,0,1,1,0,1,0,1,0,medio_alto
3,10000.0,4,0.75,1,1,1,0,0,0,0,0,0,0,1,0,0,medio_baixo
6,10000.0,0,0.0,1,2,1,0,0,0,1,0,0,0,1,0,0,alto
1,10000.0,0,0.0,11,1,1,0,0,0,0,0,0,1,0,0,0,medio_baixo
5,10000.0,0,0.0,2,1,1,0,0,0,0,0,0,1,0,0,0,medio_alto
9,10000.0,84,0.9285714285714286,1,1,1,1,1,2,1,0,0,0,0,0,0,medio_alto
2,0.0,0,0.0,0,0,1,0,0,0,0,0,0,0,0,0,0,gratuito
2,10000.0,14,0.7142857142857143,1,2,1,0,0,0,1,1,0,0,0,0,0,gratuito
3,10000.0,22,0.8636363636363636,1,2,1,1,0,0,0,0,0,0,0,0,1,alto
3,10000.0,0,0.0,1,7,1,0,0,0,1,1,1,1,0,1,1,gratuito
12,35000.0,70,0.6857142857142857,2,1,1,0,0,0,0,0,0,0,0,1,0,medio_baixo
1,10000.0,22,0.7272727272727273,1,4,1,0,0,0,1,1,1,1,0,0,0,baixo
10,35000.0,958,0.7860125260960334,2,1,1,0,0,37,0,1,0,0,0,0,0,alto
4,10000.0,5,0.6,9,3,1,0,0,0,1,0,1,1,0,0,0,medio_alto
4,0.0,0,0.0,103,3,1,1,1,0,1,0,0,1,0,1,0,baixo
2,10000.0,1,1.0,1,2,1,0,0,0,0,0,0,0,1,0,0,medio_alto
11,350000.0,1531,0.7250163291966035,1,4,1,0,0,1,1,1,1,0,0,1,0,baixo
3,10000.0,8,1.0,1,2,1,0,0,0,1,1,0,0,0,0,0,medio_alto
1,10000.0,0,0.0,2,4,1,0,0,0,1,1,1,1,0,0,0,medio_baixo
9,10000.0,265,0.7056603773584905,2,3,1,0,0,0,1,0,1,1,0,0,0,baixo
6,35000.0,19,1.0,1,4,1,0,0,1,1,1,1,1,0,0,0,baixo
3,10000.0,8,0.75,5,2,1,0,0,0,1,0,0,1,0,0,0,medio_baixo
3,10000.0,0,0.0,1,1,1,0,0,0,1,0,0,0,0,0,0,baixo
4,75000.0,24,0.5833333333333334,1,4,1,1,0,0,1,0,0,1,0,1,0,alto
2,10000.0,1,0.0,1,1,1,0,0,0,1,0,0,0,0,0,0,alto
9,10000.0,5,1.0,1,2,1,0,0,0,0,0,0,0,0,0,0,alto
1,0.0,0,0.0,1,4,1,0,0,1,1,0,1,1,0,0,0,gratuito
9,10000.0,20,0.5,1,3,1,0,0,0,1,1,0,1,0,0,0,alto
2,10000.0,18,0.8888888888888888,2,2,1,0,0,0,1,0,1,0,0,0,0,alto
2,10000.0,224,0.9107142857142857,11,3,1,0,0,1,1,0,1,0,1,0,0,alto
7,10000.0,29,0.5517241379310345,1,2,1,0,0,0,1,0,1,0,0,0,0,baixo
1,10000.0,0,0.0,1,2,1,1,1,0,1,0,0,1,0,0,0,alto
12,150000.0,1135,0.758590308370044,14,3,1,0,0,0,0,1,1,0,0,0,0,medio_alto
4,10000.0,10,0.9,1,3,1,0,0,0,1,0,0,1,0,1,0,baixo
8,35000.0,132,0.8257575757575758,1,3,1,0,0,2,1,0,0,0,0,1,0,gratuito
4,35000.0,154,0.8311688311688312,4,3,1,0,0,1,1,1,1,0,0,0,0,medio_alto
3,10000.0,8,1.0,1,2,1,0,0,0,1,0,0,1,0,0,0,medio_baixo
11,750000.0,2086,0.7272291466922339,1,6,1,0,0,29,0,0,0,0,0,0,0,alto
8,10000.0,16,0.6875,16,2,1,0,0,0,1,0,0,1,0,0,0,baixo
9,10000.0,48,0.7708333333333334,1,3,1,0,0,0,1,0,0,0,0,0,1,medio_alto
9,10000.0,4,1.0,1,3,1,1,1,0,1,1,0,1,0,0,0,medio_baixo
1,10000.0,0,0.0,11,4,1,0,0,0,1,1,0,1,0,1,0,medio_baixo
5,35000.0,1,0.0,1,2,1,1,0,0,1,0,1,0,0,0,0,alto
10,75000.0,517,0.8104448742746615,1,4,1,0,0,1,1,1,1,0,1,0,0,medio_baixo
4,35000.0,57,0.6842105263157895,1,3,1,0,0,0,1,0,1,0,1,0,0,medio_baixo
2,0.0,0,0.0,1,2,1,0,0,0,0,1,0,0,0,0,0,gratuito
7,10000.0,14,1.0,2,4,1,0,0,0,1,0,0,1,0,1,1,medio_alto
11,35000.0,164,0.16463414634146342,1,2,1,0,0,0,1,0,1,0,0,0,0,medio_baixo
6,10000.0,7,0.8571428571428571,1,4,1,0,0,0,1,1,1,0,0,0,0,gratuito
6,75000.0,1231,0.9861900893582454,1,2,1,0,0,0,1,1,0,0,0,0,0,alto
4,35000.0,2,0.5,1,2,1,0,0,0,1,0,0,0,1,0,0,baixo
1,0.0,0,0.0,0,0,1,0,0,0,0,0,0,0,0,0,0,gratuito
5,10000.0,476,0.7373949579831933,10,4,1,0,0,1,1,1,1,0,1,0,0,alto
6,10000.0,5,0.8,1,2,1,0,0,0,1,0,1,0,0,0,0,medio_alto
1,0.0,0,0.0,0,0,1,0,0,0,0,0,0,0,0,0,0,gratuito
1,10000.0,0,0.0,1,2,1,0,1,0,0,0,1,0,1,0,0,baixo
9,10000.0,35,0.6571428571428571,8,3,1,0,0,0,1,0,1,0,0,1,0,baixo
1,0.0,0,0.0,0,0,1,0,0,0,0,0,0,0,0,0,0,gratuito
4,10000.0,6,1.0,1,1,1,0,0,0,1,0,0,0,0,0,0,baixo
4,10000.0,15,0.8666666666666667,1,2,1,1,1,0,1,0,0,1,0,0,0,gratuito
2,10000.0,55,0.8,5,1,1,0,0,0,1,0,0,0,0,0,0,medio_baixo
1,10000.0,0,0.0,9,2,1,1,1,0,1,0,0,1,0,0,0,baixo
3,10000.0,96,0.78125,14,2,1,1,0,0,0,0,0,0,0,0,0,alto
8,75000.0,663,0.9306184012066365,1,1,1,1,1,1,1,0,0,0,0,0,0,medio_baixo
8,150000.0,401,0.6907730673316709,1,5,1,0,0,0,0,0,1,0,1,1,0,gratuito
3,10000.0,7,0.7142857142857143,2,2,1,0,0,0,1,0,0,1,0,0,0,alto
3,10000.0,10,0.9,1,4,1,0,0,0,1,1,1,0,1,0,0,alto
7,10000.0,2,0.5,1,1,1,0,0,0,0,1,0,0,0,0,0,alto
8,35000.0,390,0.8025641025641026,7,4,1,0,0,0,0,1,1,0,1,1,0,baixo
17,10000.0,65,0.8923076923076924,1,1,1,0,0,0,0,0,0,0,0,0,1,alto
3,10000.0,0,0.0,1,4,1,0,0,0,1,0,0,1,0,0,1,gratuito
8,75000.0,505,0.8930693069306931,1,4,1,0,0,0,1,1,0,1,0,0,1,alto
2,10000.0,0,0.0,1,3,1,0,0,0,0,0,1,0,1,1,0,baixo
1,0.0,0,0.0,0,0,1,0,0,0,0,0,0,0,0,0,0,gratuito
10,75000.0,133,0.8721804511278195,1,4,1,1,0,0,1,1,0,1,0,0,0,gratuito
5,10000.0,2,1.0,8,1,1,1,0,0,0,0,0,1,0,0,0,medio_baixo
1,10000.0,38,0.9736842105263158,1,3,1,1,1,0,1,0,0,1,0,1,0,medio_baixo
4,35000.0,190,0.5631578947368421,4,4,1,0,0,2,1,0,1,1,1,0,0,alto
3,0.0,0,0.0,1,4,1,0,0,0,1,0,0,1,0,1,0,gratuito
5,10000.0,1,0.0,2,3,1,0,1,0,1,0,0,1,0,1,0,baixo
9,10000.0,66,0.5757575757575758,1,3,1,0,0,0,1,1,0,1,0,0,0,baixo
5,10000.0,18,0.5555555555555556,1,5,1,0,0,0,1,1,0,1,0,1,1,baixo
8,150000.0,1200,0.8691666666666666,9,3,1,1,1,3,1,0,0,0,0,1,1,medio_alto
1,10000.0,9,0.7777777777777778,2,2,1,0,0,0,1,0,1,0,0,0,0,baixo
6,10000.0,1347,0.8374164810690423,1,3,1,0,0,0,0,1,1,0,1,0,0,alto
2,10000.0,14,0.9285714285714286,2,1,1,0,0,0,1,0,0,0,0,0,0,baixo
5,10000.0,9,0.8888888888888888,1,3,1,0,0,0,1,0,0,1,0,0,1,medio_baixo
6,350000.0,11267,0.9492322712345789,12,3,1,1,0,2,1,0,1,1,0,0,0,medio_alto
4,10000.0,1,0.0,2,3,1,0,0,0,1,0,0,0,1,1,0,alto
1,75000.0,122,0.9098360655737705,1,4,1,0,0,0,1,0,1,0,1,1,0,medio_alto
2,10000.0,0,0.0,1,4,1,0,0,0,1,1,1,1,0,0,0,medio_alto
4,10000.0,118,0.7542372881355932,2,4,1,0,0,0,1,1,1,0,0,0,0,medio_baixo
1,10000.0,0,0.0,28,1,1,0,0,0,0,0,0,1,0,0,0,baixo
4,10000.0,3,0.3333333333333333,2,2,1,0,0,0,1,0,1,0,0,0,0,baixo
10,10000.0,5,0.4,1,5,1,0,0,0,1,1,0,1,0,0,1,medio_alto
2,10000.0,0,0.0,1,1,1,0,0,0,0,0,0,1,0,0,0,medio_baixo
5,10000.0,10,0.7,1,3,1,0,0,0,1,0,0,1,0,1,0,medio_baixo
1,10000.0,0,0.0,11,3,1,0,1,0,1,0,0,1,0,1,0,alto
2,0.0,0,0.0,2,4,1,0,0,0,1,1,1,0,0,0,0,gratuito
4,10000.0,29,0.8275862068965517,1,2,1,0,0,1,1,0,1,0,0,0,0,alto
8,10000.0,0,0.0,2,2,1,1,1,0,1,0,0,1,0,0,0,baixo
1,0.0,0,0.0,0,0,1,0,0,0,0,0,0,0,0,0,0,gratuito
3,0.0,0,0.0,0,0,1,0,0,0,0,0,0,0,0,0,0,gratuito
9,75000.0,381,0.7191601049868767,1,1,1,0,0,1,0,0,0,0,0,1,0,medio_alto
4,10000.0,5,0.8,1,3,1,0,0,0,0,1,1,0,1,0,0,alto
1,10000.0,147,0.8979591836734694,29,3,1,0,0,0,1,0,0,1,0,0,1,medio_alto
9,350000.0,2147,0.5267815556590592,8,1,1,0,0,1,0,0,0,0,0,0,0,medio_alto
2,10000.0,0,0.0,15,3,1,0,0,0,0,0,1,1,0,0,1,alto
1,10000.0,1,0.0,1,3,1,0,0,0,1,0,0,1,0,1,0,baixo
2,10000.0,318,0.9874213836477987,15,1,1,0,0,0,0,0,0,0,0,0,1,alto
2,10000.0,0,0.0,1,4,1,0,0,0,1,0,0,1,1,0,1,baixo
4,10000.0,5,0.6,7,5,1,0,0,0,1,1,0,1,0,1,0,alto
6,35000.0,10,0.9,11,2,1,0,0,0,0,0,1,1,0,0,0,medio_alto
7,35000.0,22,0.9090909090909091,1,1,1,1,0,0,0,0,0,1,0,0,0,gratuito
2,10000.0,0,0.0,1,2,1,0,0,0,0,0,1,1,0,0,0,medio_alto
1,10000.0,14,0.9285714285714286,1,1,1,0,0,0,0,0,0,0,0,1,0,alto
4,10000.0,11,1.0,1,5,1,0,0,5,1,1,0,1,1,0,1,medio_baixo
2,35000.0,254,0.968503937007874,1,2,1,0,0,0,1,0,1,0,0,0,0,alto
12,10000.0,27,0.7037037037037037,5,2,1,0,0,0,0,0,0,1,0,0,1,medio_baixo
2,10000.0,24,1.0,2,3,1,0,0,0,1,1,1,0,0,0,0,alto
8,10000.0,4,1.0,1,2,1,0,0,0,0,0,1,1,0,0,0,medio_alto
4,0.0,0,0.0,0,0,1,0,0,0,0,0,0,0,0,0,0,gratuito
1,0.0,0,0.0,0,0,1,0,0,0,0,0,0,0,0,0,0,gratuito
4,10000.0,31,0.8709677419354839,6,3,1,0,0,0,1,1,1,0,0,0,0,medio_alto
8,10000.0,38,0.8421052631578947,2,4,1,0,0,0,1,0,0,1,0,0,0,gratuito
4,10000.0,68,0.8676470588235294,5,4,1,0,0,0,1,1,1,0,1,0,0,medio_alto
5,10000.0,7,1.0,1,3,1,0,0,0,1,0,0,1,0,1,0,baixo
3,10000.0,3,0.6666666666666666,1,3,1,0,0,0,1,0,1,0,1,0,0,medio_baixo
1,0.0,0,0.0,1,2,1,1,0,0,1,0,0,0,0,0,0,gratuito
3,35000.0,336,0.8660714285714286,4,4,1,1,1,0,1,1,1,0,1,0,0,alto
5,0.0,0,0.0,0,0,1,0,0,0,0,0,0,0,0,0,0,gratuito
1,10000.0,0,0.0,1,3,1,0,0,0,1,0,0,1,0,0,0,medio_alto
1,0.0,0,0.0,103,1,1,0,0,0,0,1,0,0,0,0,0,baixo
2,10000.0,73,0.7397260273972602,12,3,1,0,0,3,1,0,1,1,0,0,0,alto
3,10000.0,0,0.0,4,4,1,1,1,0,1,0,0,1,1,0,1,medio_alto
6,10000.0,12,0.75,29,3,1,0,0,0,1,0,1,1,0,0,0,baixo
2,10000.0,30,1.0,1,2,1,0,1,0,1,0,0,1,0,0,0,baixo
9,35000.0,142,0.9225352112676056,1,3,1,0,0,0,1,0,0,0,1,1,0,medio_alto
2,10000.0,0,0.0,2,3,1,0,0,0,1,0,0,1,0,0,0,alto
2,0.0,0,0.0,1,2,1,0,0,0,0,1,0,0,0,0,0,gratuito
1,0.0,0,0.0,0,0,1,0,0,0,0,0,0,0,0,0,0,gratuito
2,35000.0,0,0.0,8,3,1,0,0,0,1,1,1,0,0,0,0,medio_alto
1,10000.0,6,0.8333333333333334,7,2,1,1,1,0,1,0,0,1,0,0,0,baixo
6,10000.0,182,0.8461538461538461,4,3,1,0,0,1,1,0,0,0,1,1,0,medio_baixo
14,35000.0,176,0.5397727272727273,1,1,1,0,0,0,0,1,0,0,0,0,0,medio_alto
1,0.0,0,0.0,1,2,1,1,1,0,1,1,0,0,0,0,0,medio_baixo
8,10000.0,34,0.5294117647058824,9,3,1,0,0,0,1,0,1,1,0,0,0,alto
11,35000.0,282,0.6276595744680851,9,2,1,1,0,0,0,0,0,0,0,1,1,medio_baixo
3,350000.0,6409,0.8413168981120299,1,6,1,0,0,0,1,1,1,1,0,1,1,medio_alto
3,10000.0,202,0.7970297029702971,1,3,1,1,0,0,0,0,0,0,0,1,1,alto
8,150000.0,705,0.649645390070922,5,5,1,0,0,2,1,1,1,0,1,1,0,alto
1,0.0,0,0.0,1,2,1,0,0,0,1,0,1,0,0,0,0,medio_baixo
1,0.0,0,0.0,0,0,1,0,0,0,0,0,0,0,0,0,0,gratuito
5,10000.0,17,1.0,16,1,1,1,1,0,1,0,0,0,0,0,0,medio_alto
8,75000.0,500,0.714,5,5,1,0,0,0,1,1,1,1,0,1,0,baixo
5,0.0,0,0.0,1,1,1,0,1,0,0,0,0,0,0,0,0,gratuito
6,10000.0,36,0.4166666666666667,1,5,1,0,0,0,1,1,0,0,0,0,0,gratuito
6,10000.0,2,0.5,11,1,1,0,0,0,0,0,0,1,0,0,0,medio_baixo
6,10000.0,126,0.9682539682539683,1,3,1,0,0,0,1,1,1,0,0,0,0,baixo
1,10000.0,6,0.5,10,3,1,0,0,0,1,1,1,0,0,0,0,alto
3,10000.0,29,0.8620689655172413,4,5,1,0,0,0,1,1,1,1,0,0,0,medio_baixo
5,10000.0,1,0.0,1,3,1,0,0,0,1,1,0,0,1,0,0,medio_alto
2,10000.0,10,0.4,2,2,1,0,0,0,1,0,0,1,0,0,0,medio_baixo
2,10000.0,0,0.0,1,3,1,1,1,5,1,0,0,1,0,0,1,medio_baixo
2,10000.0,0,0.0,1,1,1,1,1,0,0,0,1,0,0,0,0,medio_baixo
8,35000.0,18,0.6111111111111112,1,3,1,0,0,0,1,1,0,0,0,0,1,alto
6,10000.0,5,0.6,1,2,1,0,0,1,0,0,1,0,1,0,0,medio_baixo
4,35000.0,2,0.5,1,2,1,0,0,0,1,0,0,1,0,0,0,medio_baixo
2,10000.0,2,1.0,1,5,1,0,0,0,1,1,1,1,0,0,1,medio_alto
4,10000.0,43,1.0,1,3,1,0,0,0,1,1,0,1,0,0,0,medio_alto
3,10000.0,27,0.7407407407407407,1,2,1,1,1,0,1,0,0,0,0,0,0,alto
12,150000.0,598,0.745819397993311,14,4,1,0,0,0,1,1,1,0,0,0,0,gratuito
4,10000.0,148,0.7094594594594594,14,4,1,0,0,0,1,1,1,0,1,0,0,baixo
3,10000.0,1,1.0,2,4,1,0,0,0,1,1,1,1,0,0,0,medio_alto
2,10000.0,26,0.8076923076923077,2,2,1,0,0,0,0,0,0,1,0,0,1,alto
6,10000.0,1,1.0,1,1,1,0,0,0,0,0,0,0,0,1,0,medio_baixo
3,10000.0,12,0.5833333333333334,3,3,1,0,0,0,0,0,1,0,1,0,0,medio_baixo
5,10000.0,9,0.8888888888888888,5,2,1,0,0,0,1,0,0,1,0,0,0,medio_baixo
11,150000.0,656,0.7820121951219512,1,6,1,0,0,1,1,1,1,1,0,1,0,baixo
7,75000.0,587,0.46337308347529815,5,3,1,0,0,0,1,1,0,0,1,0,0,medio_baixo
1,10000.0,0,0.0,8,3,1,0,0,0,1,0,1,1,0,0,0,medio_alto
10,10000.0,33,0.9696969696969697,1,2,1,0,0,0,1,0,1,0,0,0,0,medio_alto
3,10000.0,176,0.8806818181818182,9,2,1,0,0,0,0,0,1,1,0,0,0,medio_alto
1,10000.0,125,0.84,11,5,1,0,0,0,1,1,0,0,0,0,0,baixo
3,35000.0,76,0.9078947368421053,1,3,1,0,0,0,1,0,1,0,1,0,0,medio_baixo
2,10000.0,0,0.0,12,3,1,1,1,0,1,0,0,1,0,1,0,baixo
4,10000.0,55,0.6727272727272727,9,2,1,1,1,0,1,0,0,1,0,0,0,baixo
3,10000.0,1,1.0,1,3,1,0,0,0,1,1,0,1,0,0,0,baixo
1,0.0,0,0.0,1,4,1,0,0,0,1,1,0,1,0,0,0,gratuito
5,10000.0,0,0.0,1,3,1,0,0,0,1,1,1,0,0,0,0,medio_alto
2,0.0,0,0.0,0,0,1,0,0,0,0,0,0,0,0,0,0,gratuito
9,10000.0,10,0.8,4,2,1,0,0,0,0,1,0,1,0,0,0,baixo
3,10000.0,8,0.25,26,5,1,0,0,0,1,1,0,0,0,0,1,baixo
10,75000.0,193,0.42487046632124353,1,4,1,0,0,0,1,0,0,1,0,0,0,gratuito
3,10000.0,16,0.875,1,3,1,0,0,0,0,1,1,0,1,0,0,gratuito
8,10000.0,25,0.56,1,7,1,0,0,0,1,1,1,0,0,0,1,baixo
2,35000.0,404,0.9727722772277227,2,1,1,1,0,1,0,0,1,0,0,0,0,alto
1,0.0,0,0.0,0,0,1,0,0,0,0,0,0,0,0,0,0,gratuito
2,10000.0,9,1.0,2,3,1,0,0,0,1,1,0,0,0,1,0,medio_alto
3,10000.0,63,0.6031746031746031,13,4,1,0,0,0,1,0,0,0,0,0,1,alto
1,0.0,0,0.0,0,0,1,0,0,0,0,0,0,0,0,0,0,gratuito
1,10000.0,0,0.0,1,1,1,0,0,0,0,0,0,1,0,0,0,baixo
5,10000.0,7,0.42857142857142855,1,5,1,0,0,0,1,1,1,0,1,0,0,alto
4,10000.0,0,0.0,6,2,1,0,0,0,1,0,0,1,0,0,0,baixo
9,10000.0,16,0.4375,2,2,1,0,0,2,1,1,0,0,0,0,0,medio_baixo
2,10000.0,20,0.65,1,3,1,0,0,0,1,0,0,1,0,0,0,gratuito
1,0.0,0,0.0,1,3,1,0,0,0,0,1,0,0,0,1,0,gratuito
2,10000.0,7,1.0,1,4,1,0,0,0,1,1,0,1,0,0,0,gratuito
3,10000.0,1,0.0,1,4,1,0,0,0,0,1,1,0,0,1,1,medio_alto
7,10000.0,0,0.0,29,7,1,0,0,2,1,1,1,1,0,1,1,medio_baixo
7,10000.0,6,1.0,2,3,1,0,1,1,1,1,0,0,0,0,0,alto
3,35000.0,62,0.5,2,4,1,0,0,0,1,1,1,0,0,0,1,baixo
5,10000.0,2,0.0,1,1,1,0,0,0,0,1,0,0,0,0,0,alto
12,150000.0,951,0.8738170347003155,7,2,1,0,0,0,1,0,1,0,0,0,0,baixo
5,35000.0,3,1.0,1,2,1,0,0,0,1,0,0,0,0,1,0,alto
4,10000.0,50,0.52,1,3,1,0,0,0,1,1,0,0,0,0,0,gratuito
2,10000.0,13,0.3076923076923077,9,5,1,0,0,0,1,0,0,1,1,0,1,medio_baixo
6,10000.0,0,0.0,1,2,1,0,0,2,1,0,0,1,0,0,0,baixo
1,10000.0,4,0.75,27,3,1,0,0,0,0,0,1,1,0,0,0,medio_alto
2,10000.0,43,0.9767441860465116,3,4,1,0,0,0,1,1,1,0,1,0,0,baixo
1,10000.0,0,0.0,2,3,1,0,0,0,1,0,0,1,0,1,0,medio_alto
2,0.0,0,0.0,2,3,1,0,0,1,1,1,0,0,0,0,0,gratuito
2,10000.0,0,0.0,30,1,1,0,0,0,0,0,0,1,0,0,0,medio_baixo
2,10000.0,0,0.0,1,3,1,0,0,0,1,1,0,0,0,1,0,medio_alto
1,0.0,0,0.0,0,0,1,0,0,0,0,0,0,0,0,0,0,gratuito
10,35000.0,218,0.963302752293578,1,3,1,1,1,1,1,1,0,0,0,0,0,medio_alto
2,10000.0,14,1.0,1,1,1,0,0,0,0,1,0,0,0,0,0,medio_alto
15,10000.0,30,0.3333333333333333,1,1,1,0,0,0,0,0,0,0,0,1,0,medio_baixo
9,35000.0,503,0.9423459244532804,1,7,1,0,1,1,1,1,1,1,1,1,1,medio_alto
1,0.0,0,0.0,2,3,1,0,0,0,1,0,0,1,0,0,0,gratuito
1,35000.0,7,1.0,5,3,1,0,1,0,1,1,0,1,0,0,0,medio_baixo
1,10000.0,4,0.5,5,1,1,0,0,0,0,0,0,1,0,0,0,medio_baixo
3,0.0,0,0.0,28,1,1,1,0,0,0,1,0,0,0,0,0,gratuito
6,10000.0,2,1.0,2,5,1,0,0,0,1,0,1,1,1,0,1,medio_baixo
2,0.0,0,0.0,1,5,1,0,0,0,0,1,0,0,1,1,1,gratuito
2,350000.0,4,0.5,1,5,1,1,0,0,1,1,1,0,0,1,0,medio_baixo
6,10000.0,90,0.7222222222222222,1,2,1,0,0,0,1,0,0,0,0,0,0,medio_alto
5,0.0,0,0.0,2,3,1,0,0,1,1,0,1,1,0,0,0,baixo
2,10000.0,0,0.0,11,2,1,0,0,0,1,0,0,1,0,0,0,baixo
9,10000.0,105,0.7142857142857143,3,1,1,0,0,0,0,0,0,1,0,0,0,baixo
10,10000.0,57,0.7719298245614035,1,1,1,1,0,0,0,0,0,0,1,0,0,gratuito
7,10000.0,1,0.0,1,2,1,0,0,0,1,1,0,0,0,0,0,baixo
18,35000.0,145,0.7379310344827587,1,1,1,0,0,0,0,0,0,1,0,0,0,medio_baixo
2,10000.0,10,1.0,1,2,1,0,0,0,1,0,0,1,0,0,0,alto
2,0.0,0,0.0,1,4,1,0,1,0,1,0,0,0,0,1,0,gratuito
2,0.0,0,0.0,0,0,1,0,0,0,0,0,0,0,0,0,0,gratuito
4,10000.0,0,0.0,2,2,1,0,0,0,1,0,0,1,0,0,0,medio_alto
4,10000.0,2,1.0,1,4,1,0,0,0,1,1,1,1,0,0,0,medio_baixo
5,350000.0,921,0.8490770901194354,1,3,1,0,0,0,1,0,1,0,1,0,0,medio_baixo
4,0.0,0,0.0,1,2,1,0,0,0,1,0,0,0,0,0,0,gratuito
5,35000.0,3,0.6666666666666666,1,4,1,0,0,0,1,0,1,0,1,1,0,baixo
9,10000.0,28,0.75,1,2,1,0,0,0,0,0,1,1,0,0,0,baixo
4,10000.0,3,0.6666666666666666,1,2,1,1,0,0,1,0,0,1,0,0,0,medio_baixo
3,10000.0,7,1.0,7,3,1,0,1,0,1,1,0,1,0,0,0,baixo
2,10000.0,2,1.0,6,2,1,0,0,0,1,1,0,0,0,0,0,baixo
3,35000.0,89,0.7191011235955056,2,2,1,0,0,0,1,1,0,0,0,0,0,medio_alto
1,10000.0,0,0.0,5,3,1,1,0,0,1,0,1,1,0,0,0,baixo
6,35000.0,32,0.9375,103,2,1,1,1,0,1,0,0,1,0,0,0,baixo
3,0.0,0,0.0,103,1,1,0,0,0,0,0,0,1,0,0,0,baixo
3,10000.0,3,0.3333333333333333,1,2,1,1,0,0,0,0,1,1,0,0,0,medio_alto
1,10000.0,31,0.8064516129032258,3,5,1,0,0,0,1,1,1,1,0,1,0,medio_alto
4,10000.0,0,0.0,1,2,1,0,0,0,1,0,0,1,0,0,0,baixo
2,10000.0,4,0.75,1,3,1,0,0,0,1,0,1,0,0,0,1,baixo
7,0.0,0,0.0,8,4,1,0,0,0,0,0,0,0,0,0,0,gratuito
6,0.0,0,0.0,1,3,1,0,0,0,1,1,1,0,0,0,0,medio_baixo
1,0.0,0,0.0,1,3,1,0,0,0,1,0,0,1,0,1,0,alto
6,10000.0,30,0.5,1,7,1,1,1,0,1,1,1,1,1,1,1,baixo
3,10000.0,26,0.8846153846153846,27,4,1,0,0,0,1,1,0,1,0,0,1,baixo
9,10000.0,21,0.5714285714285714,2,3,1,0,0,0,0,1,1,0,1,0,0,alto
4,35000.0,2,1.0,1,1,1,0,0,0,0,1,0,0,0,0,0,medio_baixo
4,10000.0,0,0.0,1,2,1,0,0,2,1,0,0,1,0,0,0,baixo
4,0.0,0,0.0,1,5,1,0,0,0,1,0,0,1,1,0,0,gratuito
2,10000.0,0,0.0,1,2,1,0,0,0,0,1,1,0,0,0,0,medio_baixo
9,10000.0,25,0.88,1,2,1,0,0,0,1,0,0,1,0,0,0,medio_alto
2,10000.0,0,0.0,1,2,1,1,1,0,1,0,0,1,0,0,0,medio_alto
2,10000.0,18,0.5,1,1,1,0,0,0,1,0,0,0,0,0,0,medio_baixo
4,10000.0,2,1.0,9,1,1,0,0,0,0,0,0,0,0,0,0,alto
10,35000.0,57,0.6842105263157895,10,3,1,0,0,0,1,0,1,1,0,0,0,medio_baixo
2,35000.0,445,0.9056179775280899,7,2,1,1,0,1,1,0,1,0,0,0,0,medio_baixo
2,10000.0,69,1.0,10,6,1,0,0,0,1,1,0,1,0,0,0,medio_alto
2,10000.0,2,1.0,1,2,1,0,0,0,0,0,0,0,0,1,1,medio_alto
1,10000.0,0,0.0,1,5,1,1,1,1,1,1,0,0,1,1,0,alto
1,10000.0,9,1.0,1,4,1,0,0,0,1,0,0,1,0,1,0,alto
3,10000.0,13,0.7692307692307693,10,3,1,0,0,0,1,0,0,0,0,1,1,medio_alto
2,10000.0,150,0.92,3,1,1,0,0,0,0,0,1,0,0,0,0,alto
10,35000.0,134,0.753731343283582,1,3,1,1,0,1,1,0,0,1,0,0,1,gratuito
2,10000.0,40,1.0,16,6,1,0,0,0,1,0,0,1,1,1,1,alto
6,10000.0,15,0.8666666666666667,1,1,1,0,0,0,0,0,1,0,0,0,0,medio_alto
5,10000.0,47,0.9148936170212766,1,3,1,1,1,1,1,1,1,0,0,0,0,medio_baixo
4,0.0,0,0.0,2,1,1,0,0,0,1,0,0,0,0,0,0,gratuito
3,10000.0,0,0.0,1,2,1,1,1,0,1,0,0,1,0,0,0,baixo
4,10000.0,0,0.0,2,5,1,0,0,0,1,1,1,1,0,0,0,gratuito
1,10000.0,8,0.375,1,3,1,0,0,0,1,1,1,0,0,0,0,medio_alto
1,0.0,0,0.0,2,6,1,0,0,0,1,1,1,1,1,0,0,gratuito
5,10000.0,12,0.5,1,2,1,0,0,0,0,0,0,0,0,0,1,baixo
2,10000.0,0,0.0,1,3,1,1,1,0,1,0,1,1,0,0,0,baixo
7,10000.0,189,0.43386243386243384,5,3,1,0,0,0,1,1,1,0,0,0,0,medio_alto
5,75000.0,26,0.8846153846153846,3,3,1,0,0,3,1,0,0,0,1,0,0,medio_alto
9,10000.0,15,0.13333333333333333,1,2,1,0,0,0,1,1,0,0,0,0,0,baixo
4,10000.0,14,1.0,103,1,1,0,0,0,0,1,0,0,0,0,0,baixo
3,10000.0,2,1.0,2,2,1,0,0,0,1,0,0,1,0,0,0,alto
9,10000.0,22,0.5454545454545454,1,1,1,0,0,0,0,1,0,0,0,0,0,medio_alto
6,10000.0,2,1.0,1,4,1,0,0,0,1,1,1,1,0,0,0,baixo
5,0.0,0,0.0,0,0,1,0,0,0,0,0,0,0,0,0,0,gratuito
9,10000.0,132,0.6893939393939394,4,4,1,0,0,0,1,1,0,0,1,0,0,alto
7,10000.0,120,0.8333333333333334,16,3,1,1,0,0,0,0,1,1,0,1,0,alto
3,10000.0,0,0.0,1,3,1,0,0,0,1,0,0,1,0,1,0,baixo
1,0.0,0,0.0,1,2,1,0,0,0,0,0,1,0,0,0,0,gratuito
3,10000.0,2,1.0,1,1,1,0,0,0,0,0,0,0,0,0,0,baixo
12,35000.0,205,0.9560975609756097,1,3,1,0,0,1,1,0,1,1,0,0,0,medio_alto
5,10000.0,2,1.0,1,3,1,0,0,0,1,1,0,0,0,0,0,alto
12,10000.0,55,0.6727272727272727,1,2,1,1,0,0,0,1,1,0,0,0,0,baixo
5,35000.0,26,0.8461538461538461,7,1,1,0,0,0,0,0,1,0,0,0,0,alto
2,10000.0,10,0.8,2,4,1,0,0,0,1,0,1,1,0,0,0,gratuito
1,10000.0,111,0.9099099099099099,13,2,1,0,0,0,0,0,0,1,0,0,1,alto
1,0.0,0,0.0,24,4,1,0,0,0,1,0,0,1,0,0,1,gratuito
1,0.0,0,0.0,1,2,1,0,0,0,0,0,0,1,0,0,0,gratuito
2,0.0,0,0.0,1,4,1,0,0,0,1,1,0,1,0,0,0,gratuito
12,10000.0,281,0.7544483985765125,1,3,1,1,0,1,1,1,1,0,0,0,0,baixo
2,10000.0,0,0.0,1,1,1,0,0,0,0,0,0,0,0,1,0,baixo
4,10000.0,6,0.5,1,2,1,0,0,0,1,1,0,0,0,0,0,alto
3,10000.0,5,1.0,2,2,1,0,0,0,1,0,0,0,0,1,0,baixo
9,10000.0,6,0.3333333333333333,1,4,1,0,1,0,1,0,0,0,0,1,1,gratuito
2,10000.0,187,0.8556149732620321,9,1,1,0,0,0,0,0,0,0,1,0,0,alto
1,10000.0,0,0.0,16,3,1,0,0,0,1,0,0,1,0,0,1,medio_alto
2,0.0,0,0.0,0,0,1,0,0,0,0,0,0,0,0,0,0,gratuito
4,10000.0,2,1.0,1,1,1,0,0,0,0,1,0,0,0,0,0,medio_baixo
7,350000.0,2889,0.885773624091381,1,3,1,0,0,0,1,0,1,0,0,0,0,gratuito
6,35000.0,152,0.7039473684210527,2,3,1,1,0,0,1,0,1,0,0,1,0,medio_baixo
2,10000.0,422,0.9218009478672986,2,2,1,1,1,0,0,0,1,1,0,0,0,alto
6,10000.0,42,0.6190476190476191,7,4,1,0,0,0,1,1,1,0,1,0,0,baixo
1,0.0,0,0.0,7,4,1,0,0,0,1,0,0,1,1,0,0,alto
5,10000.0,12,0.5833333333333334,1,2,1,0,0,0,0,1,0,0,0,0,0,gratuito
5,10000.0,30,0.9333333333333333,1,4,1,0,0,0,0,0,1,1,1,1,0,medio_alto
8,10000.0,2,1.0,1,4,1,0,1,1,1,1,1,0,1,0,0,medio_baixo
1,10000.0,3,1.0,1,2,1,0,0,0,1,0,0,0,1,0,0,medio_alto
6,35000.0,248,0.6935483870967742,4,4,1,0,0,0,1,1,1,0,1,0,0,medio_alto
1,0.0,0,0.0,1,4,1,0,0,0,1,1,1,1,0,0,0,medio_alto
5,10000.0,3,0.6666666666666666,1,4,1,0,0,0,1,0,0,0,0,0,1,medio_baixo
6,10000.0,11,0.8181818181818182,1,3,1,0,0,0,1,0,1,0,0,0,0,medio_baixo
7,10000.0,5,1.0,3,3,1,1,0,0,1,0,1,0,0,1,0,medio_alto
2,10000.0,19,0.5789473684210527,17,3,1,0,0,0,1,0,1,0,0,0,1,medio_alto
1,10000.0,11,1.0,12,3,1,0,0,0,1,0,0,1,0,0,1,medio_baixo
2,10000.0,30,1.0,7,4,1,0,0,0,1,1,0,1,0,0,0,alto
5,10000.0,1,1.0,1,4,1,0,0,0,1,0,0,1,1,1,0,baixo
1,10000.0,17,0.8823529411764706,20,3,1,0,0,0,1,0,0,1,0,1,0,baixo
2,0.0,0,0.0,0,0,1,0,0,0,0,0,0,0,0,0,0,gratuito
4,0.0,0,0.0,11,5,1,0,1,0,1,1,0,0,1,0,0,gratuito
6,75000.0,231,0.6623376623376623,12,2,1,1,0,1,1,1,0,0,0,0,0,medio_alto
3,10000.0,15,1.0,1,5,1,0,0,0,1,1,1,1,0,0,0,alto
2,10000.0,4,1.0,1,5,1,0,0,0,1,1,1,1,0,0,0,alto
2,10000.0,1,0.0,1,2,1,0,0,0,0,0,0,1,1,0,0,baixo
6,75000.0,13,0.7692307692307693,1,3,1,0,0,0,1,0,0,0,0,0,1,gratuito
9,35000.0,113,0.8230088495575221,1,4,1,0,0,0,1,1,1,1,0,0,0,baixo
3,10000.0,38,0.6578947368421053,1,5,1,1,1,0,1,0,0,1,0,1,0,gratuito
11,1500000.0,5607,0.9142143748885322,1,3,1,1,1,2,1,1,0,0,0,1,0,medio_alto
1,0.0,0,0.0,0,0,1,0,0,0,0,0,0,0,0,0,0,gratuito
12,75000.0,287,0.7909407665505227,5,2,1,1,0,0,1,0,0,1,0,0,0,medio_baixo
3,10000.0,5,0.8,4,2,1,0,0,0,1,0,1,0,0,0,0,baixo
1,0.0,0,0.0,0,0,1,0,0,0,0,0,0,0,0,0,0,gratuito
1,10000.0,0,0.0,1,5,1,0,0,0,1,1,1,0,0,0,1,medio_alto
3,15000000.0,487160,0.9717998193611955,1,4,1,0,0,0,1,1,1,0,0,0,0,alto
4,10000.0,1,1.0,1,3,1,0,0,0,1,0,0,1,0,0,0,baixo
2,10000.0,95,0.7684210526315789,1,1,1,0,0,0,0,1,0,0,0,0,0,medio_alto
1,10000.0,0,0.0,2,2,1,0,0,0,0,0,0,0,1,1,0,alto
4,0.0,0,0.0,0,0,1,0,0,0,0,0,0,0,0,0,0,gratuito
4,10000.0,5,1.0,1,3,1,0,0,0,1,0,1,1,0,0,0,baixo
4,10000.0,1,1.0,1,5,1,0,0,0,1,0,0,1,0,1,1,medio_baixo
1,10000.0,0,0.0,5,2,1,0,0,2,1,1,0,0,0,0,0,alto
3,10000.0,144,0.8541666666666666,11,3,1,0,1,1,1,1,1,0,0,0,0,alto
2,10000.0,42,0.7380952380952381,2,2,1,0,0,1,0,0,1,0,0,0,1,baixo
5,10000.0,19,0.9473684210526315,1,3,1,0,0,0,1,0,0,1,0,1,0,baixo
10,10000.0,39,0.7948717948717948,1,2,1,0,0,1,1,0,1,0,0,0,0,medio_baixo
3,10000.0,2,0.5,1,4,1,0,0,1,1,1,0,1,0,0,1,medio_alto
3,10000.0,4,0.5,4,1,1,0,0,0,0,0,0,1,0,0,0,alto
1,10000.0,6,1.0,5,1,1,0,0,0,0,0,0,1,0,0,0,medio_baixo
3,10000.0,0,0.0,1,3,1,0,0,0,1,1,1,0,0,0,0,medio_alto
3,10000.0,8,0.5,1,3,1,0,0,0,1,0,0,0,0,1,1,baixo
1,10000.0,39,0.8717948717948718,16,3,1,0,1,1,0,0,0,0,0,1,1,alto
15,10000.0,6040,0.6054635761589404,5,2,1,0,0,3,0,1,0,0,0,0,0,gratuito
9,10000.0,79,0.8734177215189873,5,1,1,0,0,0,0,0,0,0,0,0,1,medio_alto
6,35000.0,3,1.0,1,3,1,0,0,0,1,0,1,0,1,0,0,medio_baixo
5,10000.0,211,0.9383886255924171,3,3,1,0,0,2,1,1,0,0,0,0,1,alto
4,350000.0,4359,0.9724707501720579,11,4,1,0,0,2,1,0,1,1,0,0,1,alto
2,10000.0,15,0.8666666666666667,2,4,1,0,0,0,1,1,1,1,0,0,0,baixo
2,10000.0,0,0.0,1,3,1,1,1,0,1,0,1,1,0,0,0,baixo
10,1500000.0,11700,0.712991452991453,8,1,1,0,1,0,0,1,0,0,0,0,0,medio_baixo
2,10000.0,316,0.8670886075949367,9,3,1,1,0,2,1,0,1,0,1,0,0,medio_alto
2,0.0,0,0.0,0,0,1,0,0,0,0,0,0,0,0,0,0,gratuito
6,10000.0,33,0.6060606060606061,103,5,1,0,0,0,1,1,1,1,0,0,1,baixo
1,10000.0,0,0.0,1,4,1,0,0,0,1,1,1,0,0,0,0,gratuito
3,10000.0,0,0.0,24,2,1,0,0,0,0,0,1,0,0,0,1,medio_baixo
1,0.0,0,0.0,5,3,1,0,0,0,1,0,0,1,0,1,0,medio_baixo
10,35000.0,46,0.6739130434782609,6,2,1,0,0,0,0,0,1,1,0,0,0,medio_alto
4,10000.0,0,0.0,1,2,1,0,1,0,1,0,1,0,0,0,0,medio_baixo
3,10000.0,1,1.0,1,1,1,0,0,0,0,0,0,0,1,0,0,alto
9,10000.0,42,0.8095238095238095,1,3,1,1,1,0,1,0,1,0,1,0,0,medio_baixo
4,0.0,0,0.0,0,0,1,0,0,0,0,0,0,0,0,0,0,gratuito
9,150000.0,483,0.5652173913043478,1,3,1,1,0,0,1,0,0,0,1,1,0,baixo
3,0.0,0,0.0,0,0,1,0,0,0,0,0,0,0,0,0,0,gratuito
3,10000.0,0,0.0,1,4,1,0,0,0,1,0,1,1,1,0,0,baixo
1,10000.0,0,0.0,1,7,1,0,0,0,1,1,1,1,1,0,1,medio_baixo
2,35000.0,611,0.7855973813420621,11,3,1,0,0,1,1,1,1,0,0,0,0,medio_alto
7,10000.0,0,0.0,1,2,1,0,0,0,1,1,0,0,0,0,0,medio_baixo
1,0.0,0,0.0,7,4,1,0,0,0,1,1,0,1,0,1,0,medio_baixo
5,10000.0,13,0.7692307692307693,1,2,1,0,0,0,1,0,0,0,0,0,0,gratuito
4,10000.0,34,0.8823529411764706,1,1,1,0,1,0,0,0,0,1,0,0,0,medio_baixo
7,10000.0,25,0.44,1,1,1,0,0,0,0,0,0,0,0,0,1,alto
1,0.0,0,0.0,2,2,1,0,0,0,0,1,0,0,0,0,0,alto
3,0.0,0,0.0,1,3,1,0,0,0,1,0,1,1,0,0,0,gratuito
3,0.0,0,0.0,103,9,1,1,1,0,1,1,1,1,1,1,1,alto
10,35000.0,65,0.7076923076923077,1,3,1,1,1,0,1,1,0,1,0,0,0,medio_baixo
5,35000.0,16,0.875,1,1,1,0,0,0,0,0,1,0,0,0,0,medio_alto
6,10000.0,5,1.0,29,2,1,0,0,0,1,0,0,1,0,0,0,medio_baixo
12,10000.0,0,0.0,9,3,1,0,0,5,0,1,0,0,0,1,1,medio_alto
3,10000.0,0,0.0,1,3,1,0,0,0,0,0,1,1,0,1,0,medio_alto
3,0.0,0,0.0,0,0,1,0,0,0,0,0,0,0,0,0,0,gratuito
1,0.0,0,0.0,1,4,1,1,1,0,1,0,0,1,0,1,0,medio_baixo
3,35000.0,1,1.0,1,2,1,0,0,0,1,1,0,0,0,0,0,medio_baixo
6,10000.0,13,0.8461538461538461,1,4,1,1,1,0,1,0,1,1,1,0,0,medio_alto
2,10000.0,29,0.6206896551724138,3,4,1,0,0,0,0,1,0,0,1,1,0,medio_baixo
8,10000.0,123,0.8699186991869918,1,4,1,1,1,0,1,0,0,0,0,1,1,alto
8,10000.0,56,0.8928571428571429,14,2,1,1,1,0,1,0,0,1,0,0,0,baixo
8,35000.0,170,0.7176470588235294,12,2,1,1,1,1,1,1,0,0,0,0,0,alto
1,0.0,0,0.0,1,4,1,0,0,1,1,0,1,0,0,0,1,gratuito
5,75000.0,473,0.8710359408033826,16,6,1,0,0,0,1,1,1,1,0,0,1,baixo
6,75000.0,569,0.8611599297012302,2,1,1,0,0,0,0,0,1,0,0,0,0,medio_alto
2,10000.0,17,0.8823529411764706,1,6,1,0,0,0,1,0,0,0,0,0,1,alto
8,35000.0,2290,0.7131004366812227,14,5,1,1,1,3,1,1,1,0,1,0,1,medio_baixo
3,150000.0,1224,0.8071895424836601,1,2,1,0,0,0,1,0,0,0,0,0,0,alto
1,0.0,0,0.0,1,4,1,0,0,0,1,1,0,0,0,1,1,baixo
2,10000.0,0,0.0,1,5,1,0,0,0,0,0,0,1,0,0,0,alto
5,10000.0,69,0.9130434782608695,14,3,1,1,1,0,1,1,1,0,0,0,0,medio_alto
1,10000.0,0,0.0,3,4,1,0,0,0,1,0,0,1,0,1,1,medio_baixo
8,35000.0,61,0.9344262295081968,7,2,1,0,0,0,1,1,0,0,0,0,0,baixo
1,10000.0,0,0.0,4,3,1,0,0,1,1,0,1,0,0,1,0,alto
3,10000.0,14,1.0,2,2,1,0,0,0,1,0,1,0,0,0,0,medio_alto
4,10000.0,94,0.8829787234042553,12,2,1,0,0,0,0,1,1,0,0,0,0,medio_baixo
2,10000.0,8,0.375,2,1,1,0,0,0,0,0,1,0,0,0,0,medio_baixo
11,35000.0,458,0.6834061135371179,8,2,1,0,0,0,1,0,0,0,0,1,0,medio_baixo
3,10000.0,1,1.0,1,2,1,0,0,0,1,0,0,1,0,0,0,medio_alto
1,0.0,0,0.0,0,0,1,0,0,0,0,0,0,0,0,0,0,gratuito
1,10000.0,0,0.0,10,2,1,0,0,0,1,0,0,0,0,1,0,medio_alto
5,35000.0,588,0.8129251700680272,5,1,1,0,0,0,0,0,1,0,0,0,0,medio_alto
2,10000.0,32,0.75,3,1,1,0,0,0,1,0,0,0,0,0,0,medio_alto
3,10000.0,30,0.9,2,1,1,0,0,0,0,0,0,0,0,0,1,medio_baixo
1,35000.0,19,0.9473684210526315,27,4,1,1,1,1,1,0,1,0,1,1,0,medio_alto
6,10000.0,6,0.3333333333333333,2,4,1,1,0,0,1,1,1,0,0,0,1,baixo
6,75000.0,264,0.8522727272727273,1,6,1,0,0,0,0,0,0,1,0,0,1,gratuito
5,10000.0,0,0.0,1,1,1,0,0,0,0,0,1,0,0,0,0,alto
1,10000.0,0,0.0,5,2,1,1,0,1,0,1,1,0,0,0,0,alto
5,10000.0,3,1.0,1,3,1,0,0,0,1,0,0,1,0,0,0,alto
3,10000.0,0,0.0,1,1,1,0,0,0,0,0,0,0,0,0,1,alto
2,10000.0,10,0.8,1,3,1,0,0,0,0,1,1,1,0,0,0,alto
4,75000.0,19,0.9473684210526315,3,1,1,1,0,0,0,0,0,0,0,0,1,medio_baixo
5,10000.0,3,1.0,1,2,1,0,1,0,1,0,0,1,0,0,0,baixo
1,0.0,0,0.0,11,2,1,0,0,0,0,0,1,1,0,0,0,medio_alto
12,35000.0,96,0.8229166666666666,1,3,1,1,1,0,1,1,1,0,0,0,0,alto
5,0.0,0,0.0,0,0,1,0,0,0,0,0,0,0,0,0,0,gratuito
10,10000.0,217,0.8433179723502304,3,1,1,0,0,1,0,0,1,0,0,0,0,medio_alto
1,10000.0,0,0.0,2,1,1,0,0,0,0,0,0,0,0,0,1,baixo
9,10000.0,8,1.0,1,1,1,0,0,0,0,0,0,0,1,0,0,medio_baixo
7,10000.0,100,0.84,1,3,1,0,0,0,1,0,1,1,0,0,0,baixo
8,10000.0,2,0.5,1,3,1,0,0,0,1,0,0,0,0,0,0,medio_baixo
3,10000.0,4,0.25,1,2,1,0,1,1,0,0,0,0,0,1,1,medio_alto
7,10000.0,89,0.5280898876404494,1,6,1,0,0,0,1,0,1,1,0,0,1,baixo
10,75000.0,208,0.6634615384615384,1,5,1,1,1,0,1,0,0,0,1,1,0,gratuito
1,0.0,0,0.0,103,3,1,0,0,1,1,0,0,1,0,0,0,gratuito
14,1500000.0,14981,0.759361858353915,5,2,1,0,0,1,0,1,1,0,0,0,0,alto
4,10000.0,0,0.0,1,4,1,0,1,0,1,0,1,1,0,0,0,alto
3,10000.0,41,0.7804878048780488,1,3,1,0,0,0,1,1,1,0,0,0,0,medio_baixo
11,150000.0,2068,0.691972920696325,7,5,1,1,1,11,1,1,0,0,0,1,1,alto
3,350000.0,2851,0.6562609610662925,16,1,1,0,0,2,0,1,0,0,0,0,0,alto
9,10000.0,0,0.0,1,1,1,0,0,0,0,0,0,0,0,0,0,medio_alto
1,0.0,0,0.0,0,0,1,0,0,0,0,0,0,0,0,0,0,gratuito
1,0.0,0,0.0,1,2,1,0,0,0,1,0,0,0,0,0,1,medio_alto
10,1500000.0,1403,0.7355666429080542,1,2,1,0,0,1,1,0,0,1,0,0,0,baixo
8,10000.0,20,0.9,1,2,1,0,0,0,1,0,0,1,0,0,0,baixo
12,10000.0,57,0.40350877192982454,1,1,1,0,0,0,0,0,0,0,0,0,0,medio_baixo
7,10000.0,0,0.0,1,2,1,0,0,0,0,0,1,1,0,0,0,baixo
6,10000.0,0,0.0,3,2,1,1,1,0,1,0,0,1,0,0,0,medio_baixo
1,0.0,0,0.0,1,3,1,0,0,0,0,1,0,1,0,0,0,gratuito
3,0.0,0,0.0,1,3,1,0,0,0,0,0,0,0,0,1,1,gratuito
1,0.0,0,0.0,1,4,1,0,0,0,1,0,0,0,1,0,0,gratuito
5,10000.0,130,0.8153846153846154,5,3,1,1,1,1,1,1,0,0,0,0,1,medio_baixo
1,10000.0,0,0.0,1,3,1,0,0,0,1,1,0,1,0,0,0,medio_alto
3,10000.0,23,0.6956521739130435,8,4,1,0,0,0,1,0,0,1,0,0,1,gratuito
1,10000.0,0,0.0,14,1,1,0,0,0,0,1,0,0,0,0,0,alto
3,10000.0,6,0.6666666666666666,1,1,1,0,0,0,0,0,0,1,0,0,0,medio_alto
4,35000.0,16,0.6875,103,1,1,0,0,0,1,0,0,0,0,0,0,baixo
5,150000.0,937,0.9146211312700107,1,2,1,0,0,0,1,1,0,0,0,0,0,medio_alto
8,10000.0,4,1.0,1,2,1,0,0,0,0,1,0,0,0,1,0,medio_baixo
7,10000.0,19,0.5263157894736842,5,2,1,0,0,0,1,0,0,1,0,0,0,alto
6,35000.0,13,0.9230769230769231,1,3,1,0,0,0,1,1,0,0,0,0,0,gratuito
4,35000.0,292,0.75,2,2,1,0,0,0,1,1,0,0,0,0,0,alto
6,10000.0,45,0.6,1,4,1,0,0,0,1,0,0,0,0,1,1,medio_baixo
7,35000.0,2,1.0,1,3,1,0,1,0,0,1,1,0,0,1,0,medio_baixo
1,10000.0,0,0.0,2,4,1,0,1,0,1,0,0,0,0,1,1,alto
1,10000.0,0,0.0,9,3,1,0,0,0,0,1,1,0,1,0,0,alto
3,0.0,0,0.0,1,3,1,0,0,0,0,1,1,0,0,0,0,gratuito
1,0.0,0,0.0,0,0,1,0,0,0,0,0,0,0,0,0,0,gratuito
10,10000.0,3,1.0,1,2,1,0,0,0,0,0,1,1,0,0,0,gratuito
5,150000.0,2,1.0,1,3,1,1,0,0,0,1,0,0,0,0,0,medio_baixo
8,10000.0,78,0.5641025641025641,1,2,1,0,0,0,1,0,1,0,0,0,0,medio_baixo
5,10000.0,1,0.0,2,2,1,0,0,0,1,0,0,1,0,0,0,medio_baixo
1,10000.0,0,0.0,22,5,1,1,0,0,1,0,1,1,1,1,0,medio_baixo
4,350000.0,1860,0.8075268817204301,9,4,1,0,0,0,1,0,1,1,0,0,1,gratuito
1,10000.0,0,0.0,1,2,1,0,1,0,1,0,0,0,0,1,0,medio_baixo
10,35000.0,535,0.6523364485981309,15,2,1,0,0,1,1,0,1,0,0,0,0,baixo
6,10000.0,0,0.0,7,4,1,0,0,0,0,0,1,1,1,0,1,medio_baixo
2,0.0,0,0.0,1,4,1,0,0,0,1,0,1,1,0,0,0,gratuito
5,150000.0,924,0.7748917748917749,10,3,1,1,1,2,0,0,0,1,0,0,0,gratuito
1,10000.0,0,0.0,1,4,1,0,0,0,1,0,0,1,1,0,0,gratuito
4,10000.0,48,0.7291666666666666,1,1,1,1,1,0,0,0,0,0,0,0,1,medio_alto
1,0.0,0,0.0,1,2,1,1,0,0,1,0,1,0,0,0,0,alto
6,10000.0,1,1.0,1,3,1,0,0,0,1,1,0,1,0,0,0,baixo
2,10000.0,514,0.7840466926070039,4,4,1,0,1,4,1,0,1,0,1,1,0,alto
10,150000.0,705,0.8,1,3,1,0,0,7,1,0,1,1,0,0,0,alto
5,150000.0,31,0.8064516129032258,1,3,1,0,0,0,1,0,0,1,0,0,1,baixo
2,10000.0,9,0.8888888888888888,1,5,1,0,0,0,1,1,1,0,0,1,0,alto
1,10000.0,0,0.0,12,3,1,0,1,0,1,0,1,0,0,0,0,alto
1,0.0,0,0.0,2,2,1,0,0,0,1,0,0,1,0,0,0,medio_alto
1,10000.0,0,0.0,1,3,1,1,1,0,1,0,0,1,0,0,1,alto
3,0.0,0,0.0,1,2,1,0,0,0,1,1,0,0,0,0,0,gratuito
1,10000.0,0,0.0,1,3,1,0,0,0,1,1,0,0,0,0,0,medio_alto
4,0.0,0,0.0,2,4,1,0,0,0,0,0,1,1,0,0,1,gratuito
1,0.0,0,0.0,1,3,1,0,0,0,1,1,0,0,0,0,0,gratuito
2,35000.0,4,0.5,6,2,1,0,0,0,1,0,1,0,0,0,0,baixo
4,10000.0,111,0.7567567567567568,1,3,1,0,0,0,1,1,0,0,0,0,0,alto
1,10000.0,0,0.0,13,2,1,0,0,0,0,1,1,0,0,0,0,baixo
3,10000.0,14,0.7857142857142857,1,5,1,0,0,0,1,1,1,0,1,0,0,gratuito
4,0.0,0,0.0,1,3,1,0,0,0,1,1,0,1,0,0,0,gratuito
6,10000.0,3,1.0,1,3,1,0,0,0,1,1,1,0,0,0,0,medio_alto
7,10000.0,10,0.5,1,2,1,0,0,0,1,0,0,0,0,0,0,alto
1,0.0,0,0.0,1,4,1,0,0,0,1,0,0,1,0,0,1,medio_alto
6,10000.0,23,0.782608695652174,1,4,1,0,0,0,1,1,1,0,0,0,0,medio_alto
3,10000.0,1,1.0,1,3,1,0,0,0,1,0,1,1,0,0,0,medio_alto
4,35000.0,355,0.8901408450704226,9,2,1,0,0,1,1,0,1,0,0,0,0,medio_alto
7,10000.0,1,0.0,1,1,1,0,0,0,1,0,0,0,0,0,0,medio_alto
6,35000.0,8,0.875,1,4,1,0,0,0,1,1,0,0,1,0,0,gratuito
8,35000.0,15,0.7333333333333333,1,4,1,0,0,0,1,1,0,1,0,1,0,medio_baixo
5,10000.0,0,0.0,103,1,1,0,0,0,1,0,0,0,0,0,0,baixo
8,10000.0,14,0.8571428571428571,1,1,1,0,0,0,0,0,0,1,0,0,0,gratuito
9,35000.0,107,0.4766355140186916,1,3,1,0,0,0,1,0,1,1,0,0,0,baixo
4,10000.0,344,0.8633720930232558,14,2,1,1,1,0,1,0,0,1,0,0,0,medio_alto
4,10000.0,13,1.0,1,2,1,0,0,0,1,0,0,1,0,0,0,medio_alto
2,10000.0,8,1.0,2,2,1,0,0,0,0,1,0,1,0,0,0,medio_baixo
3,10000.0,1,0.0,1,5,1,0,0,0,1,1,0,0,1,1,0,medio_alto
2,0.0,0,0.0,0,0,1,0,0,0,0,0,0,0,0,0,0,gratuito
1,10000.0,0,0.0,11,3,1,0,1,0,1,0,0,1,0,1,0,medio_alto
8,10000.0,16,0.75,2,4,1,0,0,0,1,0,0,1,0,1,1,medio_baixo
2,10000.0,1,1.0,2,3,1,0,0,0,0,1,0,0,1,0,0,medio_alto
3,10000.0,0,0.0,1,2,1,0,0,0,1,0,0,1,0,0,0,medio_baixo
5,10000.0,1,1.0,1,3,1,0,0,0,1,0,0,1,0,0,0,alto
1,10000.0,0,0.0,12,2,1,0,0,0,0,1,0,0,0,0,0,alto
2,10000.0,1,1.0,2,3,1,0,0,0,1,1,1,0,0,0,0,medio_alto
2,10000.0,15,0.8666666666666667,3,3,1,0,0,0,1,0,0,0,0,1,1,medio_alto
8,10000.0,94,0.5851063829787234,1,3,1,0,0,0,0,1,0,1,0,0,1,baixo
1,10000.0,0,0.0,1,3,1,1,0,0,0,1,0,0,0,1,0,gratuito
4,10000.0,6,0.5,4,1,1,0,0,0,0,0,0,1,0,0,0,alto
10,350000.0,220,0.3090909090909091,1,2,1,0,0,0,1,0,1,0,0,0,0,baixo
6,35000.0,323,0.7275541795665634,2,4,1,0,0,1,1,0,0,1,1,1,0,baixo
9,150000.0,539,0.8979591836734694,3,3,1,0,0,0,0,0,1,1,0,0,0,gratuito
3,10000.0,147,0.7687074829931972,6,1,1,1,1,0,1,0,0,0,0,0,0,baixo
2,10000.0,31,0.5161290322580645,6,4,1,0,0,0,1,1,0,0,0,0,0,gratuito
9,10000.0,39,0.8717948717948718,9,2,1,0,0,0,0,0,1,1,0,0,0,baixo
2,35000.0,24,0.7083333333333334,1,4,1,0,0,0,1,0,0,1,1,0,1,baixo
6,10000.0,3,1.0,1,2,1,0,0,0,1,0,0,1,0,0,0,baixo
5,10000.0,1,1.0,1,2,1,0,0,0,1,1,0,0,0,0,0,medio_baixo
6,10000.0,36,0.9722222222222222,2,1,1,0,0,1,1,0,0,0,0,0,0,alto
5,10000.0,220,0.7818181818181819,2,2,1,0,0,0,1,0,1,0,0,0,0,medio_alto
2,10000.0,0,0.0,10,4,1,0,0,0,1,0,1,1,1,0,0,alto
9,10000.0,1,1.0,1,4,1,0,0,0,1,1,0,1,0,0,0,medio_alto
2,10000.0,0,0.0,1,3,1,0,0,0,1,0,0,1,0,0,1,baixo
10,35000.0,323,0.7523219814241486,1,3,1,0,0,0,0,1,0,0,1,0,0,alto
12,350000.0,10276,0.8483845854418062,11,3,1,1,1,1,1,0,1,0,1,0,0,baixo
6,10000.0,1,1.0,3,2,1,0,0,0,1,0,0,1,0,0,0,medio_alto
4,10000.0,6,1.0,1,2,1,0,0,0,1,1,0,0,0,0,0,medio_baixo
1,0.0,0,0.0,1,5,1,0,1,0,1,1,0,0,0,0,0,gratuito
4,7500000.0,151419,0.5692284323631777,21,2,1,0,0,0,0,0,0,0,0,0,1,gratuito
6,10000.0,106,0.8584905660377359,3,3,1,1,1,1,1,0,1,0,0,0,1,medio_baixo
7,10000.0,26,0.23076923076923078,1,1,1,0,0,0,1,0,0,0,0,0,0,baixo
1,0.0,0,0.0,0,0,1,0,0,0,0,0,0,0,0,0,0,gratuito
1,10000.0,0,0.0,7,3,1,0,0,1,1,1,1,0,0,0,0,alto
6,10000.0,98,0.9897959183673469,1,1,1,0,0,1,1,0,0,0,0,0,0,medio_alto
14,150000.0,925,0.825945945945946,6,4,1,1,1,0,1,1,1,1,0,0,0,baixo
1,0.0,0,0.0,0,0,1,0,0,0,0,0,0,0,0,0,0,gratuito
7,75000.0,2369,0.9231743351625158,15,4,1,1,1,0,1,0,0,0,1,1,0,gratuito
2,10000.0,3,1.0,3,2,1,0,0,0,1,0,0,0,1,0,0,alto
2,10000.0,2,0.5,13,4,1,0,0,0,0,1,1,0,0,0,1,medio_alto
1,0.0,0,0.0,1,2,1,0,0,0,0,1,0,0,0,1,0,medio_alto
5,10000.0,53,0.5660377358490566,10,4,1,0,0,0,1,0,0,1,0,1,1,medio_alto
4,10000.0,81,0.9135802469135802,5,3,1,0,0,3,0,1,1,0,1,0,0,alto
1,0.0,0,0.0,0,0,1,0,0,0,0,0,0,0,0,0,0,gratuito
1,10000.0,0,0.0,12,2,1,0,0,0,1,0,1,0,0,0,0,baixo
8,35000.0,167,0.8023952095808383,1,2,1,0,0,0,0,0,0,0,0,0,0,alto
8,10000.0,2,1.0,3,1,1,0,0,0,0,0,0,1,0,0,0,medio_baixo
1,10000.0,0,0.0,16,1,1,0,0,0,0,0,0,1,0,0,0,baixo
2,10000.0,4,0.75,8,3,1,0,0,0,1,0,0,1,0,0,1,medio_baixo
2,10000.0,1,1.0,2,2,1,0,0,0,1,0,0,0,0,0,0,medio_alto
2,10000.0,0,0.0,1,4,1,0,0,0,1,1,1,0,0,1,0,medio_alto
6,10000.0,21,1.0,1,4,1,0,0,0,1,1,0,1,0,0,0,baixo
6,10000.0,108,0.9537037037037037,1,2,1,0,0,0,0,0,1,0,0,1,0,medio_alto
2,10000.0,2,0.5,1,1,1,0,0,0,1,0,0,0,0,0,0,alto
1,75000.0,111,0.8648648648648649,8,5,1,0,0,0,1,0,1,0,1,1,0,alto
2,0.0,0,0.0,0,0,1,0,0,0,0,0,0,0,0,0,0,gratuito
6,35000.0,1,1.0,1,2,1,0,0,0,1,0,0,0,1,0,0,gratuito
9,10000.0,7,0.5714285714285714,9,3,1,0,0,0,1,1,0,1,0,0,0,medio_alto
2,10000.0,117,0.6153846153846154,10,3,1,0,0,0,0,1,1,1,0,0,0,medio_baixo
1,10000.0,0,0.0,11,1,1,0,0,0,1,0,0,0,0,0,0,alto
3,0.0,0,0.0,0,0,1,0,0,0,0,0,0,0,0,0,0,gratuito
9,10000.0,77,0.9090909090909091,1,2,1,0,0,1,1,1,0,0,0,0,0,baixo
2,0.0,0,0.0,1,4,1,0,0,1,1,0,0,1,0,0,1,gratuito
7,75000.0,838,0.8245823389021479,4,1,1,0,0,1,0,0,0,0,0,1,0,alto
1,10000.0,0,0.0,1,3,1,0,0,0,1,1,0,1,0,0,0,baixo
3,10000.0,20,0.9,2,3,1,0,0,0,1,0,0,1,0,0,1,alto
7,10000.0,40,0.725,1,4,1,0,0,0,1,1,0,1,0,0,0,gratuito
2,75000.0,78,0.8205128205128205,1,3,1,1,1,0,0,0,1,0,1,0,1,alto
2,10000.0,3,1.0,7,6,1,0,0,0,1,1,1,1,0,1,0,baixo
5,10000.0,24,0.625,1,2,1,0,0,0,1,0,1,0,0,0,0,baixo
9,10000.0,43,0.37209302325581395,1,2,1,0,0,0,1,1,0,0,0,0,0,baixo
1,10000.0,0,0.0,1,2,1,0,0,0,1,0,1,0,0,0,0,baixo
5,10000.0,345,0.782608695652174,1,3,1,0,0,0,1,1,0,0,0,0,1,alto
1,0.0,0,0.0,2,2,1,0,0,0,1,0,0,0,0,1,0,alto
5,10000.0,62,0.9838709677419355,1,4,1,0,0,0,1,1,1,0,1,0,0,medio_alto
4,35000.0,1,0.0,1,2,1,0,0,0,0,1,0,0,0,0,0,baixo
4,10000.0,122,0.8114754098360656,1,3,1,0,0,0,1,1,0,0,0,0,0,gratuito
2,10000.0,3,1.0,19,3,1,0,0,0,1,0,1,1,0,0,0,medio_alto
7,75000.0,520,0.7384615384615385,15,1,1,1,1,0,0,0,0,0,0,1,0,medio_alto
9,75000.0,19,0.47368421052631576,1,3,1,0,0,0,1,1,0,0,0,0,0,medio_alto
1,10000.0,2,1.0,1,2,1,0,0,0,1,0,0,1,0,0,0,medio_alto
3,10000.0,6,0.8333333333333334,2,3,1,1,0,1,1,0,1,0,1,0,0,medio_baixo
1,10000.0,2,1.0,1,3,1,1,0,0,1,0,1,1,0,0,0,alto
2,10000.0,1,1.0,1,3,1,0,0,1,0,1,1,0,0,1,0,alto
4,10000.0,4,1.0,1,4,1,0,0,0,1,0,0,1,0,1,1,baixo
4,35000.0,2,0.5,1,2,1,0,0,0,1,0,0,0,1,0,0,baixo
1,0.0,0,0.0,0,0,1,0,0,0,0,0,0,0,0,0,0,gratuito
4,10000.0,16,0.875,1,2,1,0,0,0,0,1,0,1,0,0,0,medio_alto
1,0.0,0,0.0,1,2,1,0,0,0,0,0,0,0,0,1,0,gratuito
7,10000.0,50,0.76,1,4,1,0,0,0,1,1,0,0,0,0,0,gratuito
10,10000.0,28,0.6428571428571429,1,5,1,1,1,1,1,1,0,0,0,0,1,baixo
1,0.0,0,0.0,1,2,1,1,1,0,1,0,0,0,0,0,0,gratuito
1,10000.0,11,1.0,1,2,1,0,1,0,0,1,0,0,0,0,0,medio_alto
2,75000.0,3,1.0,1,2,1,0,0,0,1,0,1,0,0,0,0,baixo
6,10000.0,4,1.0,1,5,1,0,0,0,0,1,1,0,0,0,1,medio_alto
4,0.0,0,0.0,5,5,1,1,1,0,1,1,0,0,1,1,0,gratuito
6,10000.0,52,0.5961538461538461,7,3,1,1,0,0,1,0,0,0,0,1,1,medio_baixo
5,10000.0,10,0.9,2,3,1,0,0,0,0,0,0,0,0,0,1,alto
1,0.0,0,0.0,10,4,1,0,0,0,0,0,0,0,0,0,0,gratuito
2,10000.0,10,0.9,2,3,1,0,0,0,0,1,1,1,0,0,0,medio_alto
2,10000.0,45,0.7333333333333333,1,2,1,0,0,0,0,1,0,0,0,1,0,alto
5,10000.0,15,0.8666666666666667,1,3,1,0,0,0,1,0,0,1,0,0,1,medio_baixo
1,10000.0,31,0.9032258064516129,2,3,1,0,0,0,1,0,0,1,0,1,0,alto
1,10000.0,0,0.0,1,3,1,1,0,0,1,0,0,1,0,1,0,medio_alto
9,75000.0,1368,0.9685672514619883,13,3,1,1,1,0,1,0,0,1,0,1,0,medio_alto
8,35000.0,158,0.5379746835443038,7,1,1,0,0,0,0,0,0,0,1,0,0,gratuito
2,35000.0,477,0.7232704402515723,9,3,1,0,0,0,1,1,0,0,0,0,0,alto
3,10000.0,190,0.9526315789473684,1,3,1,0,0,1,1,1,0,1,0,0,0,alto
6,35000.0,3,0.3333333333333333,1,2,1,0,0,0,1,1,0,0,0,0,0,medio_alto
7,10000.0,2,0.5,1,1,1,0,1,0,0,0,0,0,0,1,0,medio_baixo
5,10000.0,2,1.0,1,1,1,0,0,0,1,0,0,0,0,0,0,medio_alto
11,350000.0,408,0.5588235294117647,1,5,1,1,1,1,1,0,1,0,1,1,1,alto
8,10000.0,30,0.9,4,1,1,0,0,0,1,0,0,0,0,0,0,baixo
2,10000.0,36,1.0,2,3,1,1,0,0,1,0,1,0,0,0,0,gratuito
9,10000.0,31,0.967741935483871,1,2,1,1,1,1,1,1,0,0,0,0,0,medio_baixo
2,10000.0,31,1.0,30,2,1,0,0,0,1,0,0,1,0,0,0,baixo
7,10000.0,21,0.3333333333333333,1,3,1,0,0,0,0,0,0,0,1,1,1,medio_alto
1,10000.0,3,1.0,1,1,1,0,0,0,0,0,0,1,0,0,0,baixo
5,10000.0,16,0.875,3,3,1,0,0,0,1,0,1,1,0,0,0,medio_baixo
4,0.0,0,0.0,1,3,1,0,0,0,1,0,0,0,0,0,0,gratuito
7,10000.0,7,1.0,1,2,1,1,0,0,1,1,0,0,0,0,0,medio_baixo
7,10000.0,41,0.8536585365853658,1,1,1,0,0,0,0,0,0,1,0,0,0,medio_alto
1,10000.0,10,1.0,11,2,1,0,1,0,1,0,0,1,0,0,0,medio_baixo
10,750000.0,7918,0.767365496337459,13,1,1,1,1,0,0,0,0,0,0,1,0,alto
8,10000.0,0,0.0,1,3,1,0,0,0,0,1,1,0,1,0,0,medio_baixo
9,10000.0,11,0.7272727272727273,1,2,1,0,0,0,1,0,0,0,0,1,0,alto
1,0.0,0,0.0,0,0,1,0,0,0,0,0,0,0,0,0,0,gratuito
17,3500000.0,37652,0.8759959630298524,10,2,1,0,0,0,0,1,1,0,0,0,0,medio_alto
1,10000.0,0,0.0,1,3,1,0,0,0,1,0,1,1,0,0,0,medio_alto
2,150000.0,3593,0.6888394099638185,7,2,1,0,0,3,0,0,0,0,0,1,1,alto
8,75000.0,803,0.838107098381071,1,3,1,0,0,0,1,0,1,0,0,0,1,gratuito
4,0.0,0,0.0,0,0,1,0,0,0,0,0,0,0,0,0,0,gratuito
2,0.0,0,0.0,0,0,1,0,0,0,0,0,0,0,0,0,0,gratuito
10,150000.0,717,0.8019525801952581,25,3,1,0,0,1,1,0,1,0,0,0,0,baixo
9,350000.0,4333,0.9146088160627741,5,2,1,1,0,0,1,0,1,0,0,0,0,medio_baixo
2,0.0,0,0.0,2,1,1,0,0,0,0,0,1,0,0,0,0,gratuito
6,10000.0,17,0.7058823529411765,4,8,1,0,0,0,1,1,1,1,1,0,1,medio_baixo
7,350000.0,9753,0.914180252230083,1,4,1,0,0,0,1,1,1,0,0,0,0,baixo
3,10000.0,0,0.0,30,3,1,0,0,0,0,1,1,0,1,0,0,medio_alto
1,10000.0,4,0.25,1,3,1,1,1,0,1,0,1,0,1,0,0,medio_baixo
9,10000.0,144,0.7430555555555556,1,3,1,1,1,1,1,0,1,0,0,0,0,gratuito
6,10000.0,33,0.9090909090909091,12,1,1,0,0,0,0,1,0,0,0,0,0,medio_baixo
5,0.0,0,0.0,1,4,1,0,0,0,1,1,0,1,0,0,0,gratuito
9,10000.0,7,0.5714285714285714,1,2,1,0,0,0,0,0,1,1,0,0,0,medio_alto
7,10000.0,7,1.0,1,4,1,0,0,0,1,1,1,1,0,0,0,alto
1,0.0,0,0.0,0,0,1,0,0,0,0,0,0,0,0,0,0,gratuito
5,1500000.0,8888,0.7974797479747975,1,3,1,0,0,0,0,0,0,0,0,0,0,gratuito
1,10000.0,1,1.0,2,5,1,0,0,0,1,0,0,1,1,1,1,baixo
5,10000.0,1,1.0,1,3,1,0,0,0,0,0,0,1,1,0,1,medio_alto
2,10000.0,49,0.9387755102040817,4,4,1,0,0,0,1,0,1,1,0,0,1,baixo
2,10000.0,6,1.0,1,1,1,0,0,0,0,0,0,1,0,0,0,medio_alto
2,10000.0,7,0.8571428571428571,6,5,1,1,0,0,1,0,1,1,0,1,1,baixo
2,0.0,0,0.0,0,0,1,0,0,0,0,0,0,0,0,0,0,gratuito
3,35000.0,12,0.9166666666666666,3,2,1,0,1,0,1,0,1,0,0,0,0,medio_baixo
9,10000.0,49,0.8163265306122449,6,2,1,0,0,0,0,1,0,0,0,0,0,alto
10,35000.0,63,0.6031746031746031,1,5,1,0,0,1,1,1,1,0,1,0,1,baixo
1,10000.0,0,0.0,1,1,1,0,0,0,0,0,0,1,0,0,0,medio_alto
11,10000.0,6,0.8333333333333334,1,3,1,1,1,0,1,0,1,0,0,0,0,medio_alto
6,10000.0,24,0.4583333333333333,2,4,1,1,0,0,1,1,0,1,0,1,0,gratuito
6,10000.0,18,0.5555555555555556,6,2,1,0,0,0,1,0,0,0,0,0,0,medio_alto
1,35000.0,750,0.8946666666666667,4,4,1,0,0,0,1,0,0,1,1,0,1,alto
6,10000.0,47,0.8723404255319149,12,4,1,0,0,0,1,1,1,1,0,0,0,gratuito
1,10000.0,0,0.0,1,2,1,0,0,0,1,1,0,0,0,0,0,alto
2,10000.0,54,0.9074074074074074,1,2,1,0,0,0,1,0,0,1,0,0,0,baixo
8,10000.0,493,0.6754563894523327,2,1,1,0,0,18,0,1,0,0,0,0,0,alto
1,10000.0,0,0.0,15,1,1,1,1,0,0,0,0,0,0,0,0,baixo
3,10000.0,0,0.0,1,2,1,0,0,0,1,0,0,1,0,0,0,alto
12,35000.0,318,0.16666666666666666,5,1,1,0,0,0,0,0,0,0,0,0,1,medio_baixo
1,10000.0,0,0.0,13,4,1,0,0,0,1,1,0,1,1,0,0,baixo
1,10000.0,0,0.0,9,3,1,0,0,0,1,1,1,0,0,0,0,medio_baixo
2,10000.0,1,1.0,1,4,1,0,0,0,0,0,0,0,0,0,0,alto
9,10000.0,15,0.6,4,2,1,0,0,0,0,1,0,1,0,0,0,medio_baixo
7,10000.0,11,1.0,1,4,1,0,0,0,1,1,1,0,1,0,0,medio_baixo
8,10000.0,9,0.5555555555555556,1,4,1,0,0,0,1,0,1,0,1,1,0,medio_baixo
8,10000.0,57,0.8070175438596491,1,6,1,0,0,0,1,1,1,1,1,0,1,medio_baixo
2,10000.0,21,0.8571428571428571,1,2,1,0,0,0,1,0,0,0,1,0,0,alto
1,0.0,0,0.0,2,4,1,1,1,0,1,0,1,1,0,0,0,gratuito
4,0.0,0,0.0,0,0,1,0,0,0,0,0,0,0,0,0,0,gratuito
1,0.0,0,0.0,7,4,1,1,0,0,1,1,1,1,0,0,0,baixo
2,10000.0,288,0.9618055555555556,23,1,1,1,1,0,1,0,0,0,0,0,0,alto
6,150000.0,308,0.9577922077922078,1,5,1,0,0,2,1,1,0,1,0,0,0,gratuito
2,0.0,0,0.0,0,0,1,0,0,0,0,0,0,0,0,0,0,gratuito
1,10000.0,0,0.0,30,2,1,1,0,0,0,1,0,0,0,0,1,alto
2,10000.0,31,0.967741935483871,5,3,1,1,0,0,1,0,1,0,0,0,1,alto
5,10000.0,0,0.0,1,2,1,0,0,1,1,0,0,1,0,0,0,baixo
3,10000.0,0,0.0,16,3,1,0,0,0,0,0,1,1,0,0,1,alto
4,10000.0,2,0.5,1,2,1,0,0,0,0,0,0,0,0,0,0,alto
1,0.0,0,0.0,2,2,1,0,0,0,1,0,0,1,0,0,0,medio_baixo
1,35000.0,14,0.7142857142857143,11,5,1,0,0,0,1,1,1,1,1,0,0,alto
2,10000.0,0,0.0,1,3,1,0,0,0,0,1,1,0,0,0,1,medio_baixo
1,10000.0,15,0.9333333333333333,12,3,1,0,0,0,1,1,0,0,1,0,0,medio_alto
1,0.0,0,0.0,0,0,1,0,0,0,0,0,0,0,0,0,0,gratuito
7,35000.0,553,0.5424954792043399,2,4,1,0,0,0,0,1,1,0,1,0,0,baixo
7,35000.0,244,0.9057377049180327,1,3,1,0,0,0,1,0,0,1,0,0,0,gratuito
1,10000.0,1,1.0,2,3,1,0,0,0,1,0,0,1,0,1,0,baixo
5,10000.0,20,0.9,29,3,1,0,0,0,0,1,1,1,0,0,0,baixo
4,10000.0,2,1.0,1,2,1,0,0,0,1,0,1,0,0,0,0,medio_alto
7,35000.0,184,0.8695652173913043,103,2,1,0,0,0,1,1,0,0,0,0,0,baixo
11,35000.0,291,0.8969072164948454,1,1,1,0,0,0,0,0,0,0,0,1,0,baixo
5,3500000.0,62097,0.8431486223166981,12,1,1,0,0,0,0,1,0,0,0,0,0,alto
1,10000.0,0,0.0,2,2,1,0,0,0,1,0,0,0,0,1,0,alto
1,0.0,0,0.0,5,2,1,0,0,0,1,0,1,0,0,0,0,medio_baixo
4,10000.0,5,0.8,7,3,1,0,0,0,1,1,0,0,0,0,0,medio_alto
8,10000.0,1,1.0,1,3,1,0,0,0,1,1,1,0,0,0,0,baixo
2,0.0,0,0.0,1,2,1,0,0,0,0,0,0,1,0,0,0,gratuito
12,10000.0,77,0.33766233766233766,5,3,1,1,0,0,1,0,1,1,0,0,0,medio_alto
6,10000.0,21,0.6190476190476191,1,2,1,0,0,0,1,0,0,1,0,0,0,baixo
7,10000.0,6,0.3333333333333333,1,3,1,0,0,0,1,1,1,0,0,0,0,baixo
4,0.0,0,0.0,1,1,1,1,0,0,0,0,0,1,0,0,0,gratuito
2,10000.0,2,1.0,1,1,1,0,0,0,0,0,0,1,0,0,0,baixo
9,10000.0,6,0.3333333333333333,1,5,1,0,0,0,1,0,1,1,0,0,0,baixo
3,35000.0,29,0.7931034482758621,1,4,1,0,0,0,1,1,1,0,0,0,0,medio_alto
1,10000.0,0,0.0,5,2,1,0,0,0,0,1,1,0,0,0,0,alto
6,10000.0,10,0.7,4,1,1,0,0,0,0,0,0,1,0,0,0,medio_alto
1,10000.0,0,0.0,15,4,1,1,0,1,1,0,1,1,0,0,1,alto
3,75000.0,751,0.9454061251664447,1,4,1,0,0,0,1,1,0,1,0,0,0,baixo
1,0.0,0,0.0,0,0,1,0,0,0,0,0,0,0,0,0,0,gratuito
4,10000.0,36,0.9444444444444444,1,3,1,0,0,1,1,1,0,1,0,0,0,alto
3,10000.0,1,0.0,1,3,1,1,0,0,0,0,0,0,0,0,0,alto
1,0.0,0,0.0,6,3,1,0,0,0,1,0,0,0,0,0,1,alto
1,10000.0,4,0.75,2,2,1,0,0,0,0,1,1,0,0,0,0,medio_alto
1,0.0,0,0.0,1,4,1,0,0,0,1,0,0,0,0,1,1,gratuito
5,10000.0,42,0.8571428571428571,2,3,1,1,1,0,1,0,1,1,0,0,0,alto
10,35000.0,202,0.9207920792079208,1,2,1,0,0,0,0,0,0,0,0,0,0,alto
3,0.0,0,0.0,2,4,1,0,0,0,0,0,0,1,0,0,1,gratuito
5,10000.0,0,0.0,1,2,1,0,0,0,1,0,0,1,0,0,0,baixo
1,10000.0,0,0.0,1,3,1,0,0,0,1,1,1,0,0,0,0,baixo
3,10000.0,9,1.0,3,4,1,0,0,0,1,0,1,1,0,1,0,medio_baixo
5,10000.0,2,1.0,1,2,1,0,0,0,1,0,0,1,0,0,0,gratuito
4,0.0,0,0.0,1,1,1,0,1,0,0,0,0,1,0,0,0,gratuito
1,10000.0,0,0.0,1,4,1,0,0,0,1,1,0,1,0,1,0,baixo
2,10000.0,0,0.0,11,4,1,0,0,3,1,1,0,1,0,0,0,baixo
9,75000.0,487,0.891170431211499,7,2,1,1,1,0,1,0,1,0,0,0,0,medio_baixo
8,10000.0,10,0.3,2,3,1,0,0,1,1,1,1,0,0,0,0,baixo
2,10000.0,2,1.0,3,2,1,0,0,0,0,0,0,1,0,0,0,alto
12,75000.0,485,0.5422680412371134,2,2,1,1,1,1,1,0,1,0,0,0,0,alto
2,10000.0,45,0.7333333333333333,1,3,1,0,1,1,1,0,0,1,0,0,0,gratuito
5,10000.0,3,1.0,1,3,1,1,1,0,1,1,0,1,0,0,0,baixo
4,0.0,0,0.0,2,2,1,0,0,0,0,0,1,0,0,0,0,gratuito
2,10000.0,2,1.0,2,2,1,0,0,0,1,0,1,0,0,0,0,baixo
2,0.0,0,0.0,1,3,1,0,0,0,1,0,0,1,0,0,0,gratuito
9,75000.0,237,0.8059071729957806,7,2,1,1,1,2,1,0,1,0,0,0,0,baixo
8,10000.0,1,1.0,1,5,1,0,0,0,1,1,0,1,0,0,1,medio_alto
3,10000.0,0,0.0,1,2,1,0,0,0,0,0,0,1,0,0,1,alto
2,0.0,0,0.0,1,2,1,0,1,0,0,0,0,0,0,0,0,gratuito
5,10000.0,24,0.8333333333333334,2,3,1,0,0,0,1,1,1,0,0,0,0,alto
5,10000.0,2,1.0,1,2,1,0,0,0,1,0,0,1,0,0,0,baixo
5,35000.0,5,1.0,1,3,1,0,0,0,0,0,1,1,1,0,0,baixo
12,75000.0,229,0.9039301310043668,2,2,1,1,1,0,0,0,1,0,1,0,0,medio_baixo
5,10000.0,0,0.0,1,3,1,0,0,0,1,0,1,0,1,0,0,medio_alto
3,10000.0,2,1.0,0,2,1,0,0,0,1,0,0,1,0,0,0,baixo
1,10000.0,0,0.0,27,2,1,1,1,0,1,0,0,0,0,0,1,baixo
2,10000.0,47,0.723404255319149,13,4,1,0,0,0,1,0,0,1,0,0,1,medio_baixo
2,0.0,0,0.0,1,3,1,1,0,0,1,0,0,0,0,1,0,gratuito
6,75000.0,2,1.0,2,5,1,0,0,0,0,0,0,1,1,1,0,medio_alto
3,0.0,0,0.0,0,0,1,0,0,0,0,0,0,0,0,0,0,gratuito
3,0.0,0,0.0,0,0,1,0,0,0,0,0,0,0,0,0,0,gratuito
9,10000.0,8,0.125,1,3,1,0,0,0,1,0,0,1,0,1,0,alto
1,10000.0,0,0.0,1,2,1,0,1,1,0,0,0,0,1,1,0,alto
7,10000.0,1,1.0,1,3,1,1,0,0,1,1,0,1,0,0,0,medio_baixo
3,0.0,0,0.0,0,0,1,0,0,0,0,0,0,0,0,0,0,gratuito
3,0.0,0,0.0,2,3,1,0,0,0,1,0,1,1,0,0,0,medio_baixo
3,10000.0,192,0.5677083333333334,2,3,1,0,0,0,0,0,0,0,0,1,1,alto
10,150000.0,486,0.8868312757201646,103,3,1,0,1,1,1,1,0,0,0,0,0,gratuito
3,10000.0,6,0.8333333333333334,1,3,1,0,0,0,1,0,0,0,1,0,0,baixo
25,750000.0,15862,0.9222670533350145,8,2,1,0,0,0,0,1,0,0,1,0,0,medio_alto
6,10000.0,15,0.9333333333333333,1,3,1,1,1,0,1,0,0,0,1,1,0,gratuito
5,10000.0,20,0.15,29,5,1,1,1,0,1,1,0,1,0,1,1,alto
2,0.0,0,0.0,2,4,1,0,0,0,1,1,1,0,0,0,0,gratuito
6,10000.0,26,0.7692307692307693,1,4,1,0,1,0,1,1,0,1,0,1,0,baixo
3,10000.0,0,0.0,1,2,1,0,0,0,1,0,1,0,0,0,0,medio_baixo
1,0.0,0,0.0,0,0,1,0,0,0,0,0,0,0,0,0,0,gratuito
1,0.0,0,0.0,0,0,1,0,0,0,0,0,0,0,0,0,0,gratuito
1,0.0,0,0.0,0,0,1,0,0,0,0,0,0,0,0,0,0,gratuito
10,75000.0,338,0.7869822485207101,9,2,1,1,1,1,0,0,1,1,0,0,0,medio_alto
12,10000.0,30,0.7333333333333333,1,1,1,1,1,0,1,0,0,0,0,0,0,medio_alto
6,10000.0,19,0.8947368421052632,1,2,1,1,0,1,1,0,0,0,0,1,0,alto
10,10000.0,134,0.8731343283582089,1,1,1,1,1,0,0,0,1,0,0,0,0,medio_baixo
3,10000.0,0,0.0,1,4,1,0,0,0,1,1,0,0,0,1,0,alto
2,10000.0,230,0.6869565217391305,7,5,1,0,0,3,1,1,1,1,1,0,0,medio_baixo
5,10000.0,1,1.0,1,2,1,0,0,0,0,0,1,0,0,1,0,medio_alto
3,10000.0,0,0.0,1,2,1,1,1,0,0,0,0,1,0,0,1,medio_baixo
3,10000.0,106,0.9811320754716981,6,2,1,1,1,0,1,0,0,1,0,0,0,baixo
2,10000.0,8,0.875,2,3,1,0,0,0,1,1,0,0,0,1,0,medio_baixo
3,0.0,0,0.0,2,3,1,0,0,0,1,1,1,0,0,0,0,gratuito
2,10000.0,48,0.7916666666666666,3,2,1,0,0,0,1,0,0,0,1,0,0,alto
9,10000.0,2,0.5,1,3,1,1,0,0,1,0,1,0,1,0,0,baixo
5,35000.0,398,0.8542713567839196,15,2,1,0,0,1,1,0,0,0,0,1,0,alto
3,10000.0,197,0.9086294416243654,7,1,1,0,0,0,0,1,0,0,0,0,0,alto
2,0.0,0,0.0,2,3,1,0,0,0,1,1,0,0,0,0,0,gratuito
2,35000.0,578,0.745674740484429,7,4,1,0,0,1,1,0,0,0,1,1,1,alto
3,10000.0,446,0.9304932735426009,10,3,1,0,0,0,1,0,0,1,0,0,1,baixo
3,10000.0,14,0.8571428571428571,3,3,1,0,0,0,1,0,1,1,0,0,0,alto
16,75000.0,1308,0.9136085626911316,1,1,1,1,1,0,1,0,0,0,0,0,0,medio_alto
2,10000.0,0,0.0,3,5,1,0,0,0,1,1,0,0,1,0,1,alto
9,10000.0,91,0.6923076923076923,1,2,1,0,0,0,0,0,0,0,0,0,0,alto
3,10000.0,8,0.875,1,3,1,0,0,0,0,1,0,1,0,1,0,baixo
9,75000.0,88,0.8295454545454546,12,2,1,0,1,0,1,0,0,1,0,0,0,gratuito
9,150000.0,3174,0.7718966603654694,8,1,1,0,0,1,0,0,0,0,1,0,0,alto
2,10000.0,8,0.625,1,1,1,0,0,0,1,0,0,0,0,0,0,baixo
1,0.0,0,0.0,0,0,1,0,0,0,0,0,0,0,0,0,0,gratuito
6,10000.0,3,0.6666666666666666,2,1,1,0,0,0,0,0,0,0,0,0,1,medio_alto
3,35000.0,323,0.7987616099071208,13,2,1,0,0,2,1,1,0,0,0,0,0,alto
5,10000.0,408,0.9117647058823529,11,3,1,1,1,1,1,1,1,0,0,0,0,baixo
5,10000.0,6,0.6666666666666666,1,1,1,0,0,0,0,0,0,0,1,0,0,alto
6,10000.0,0,0.0,1,4,1,0,1,0,1,1,0,0,0,1,0,medio_baixo
1,10000.0,9,1.0,1,2,1,1,1,0,0,1,1,0,0,0,0,medio_alto
1,10000.0,16,0.6875,9,3,1,0,0,0,1,0,1,0,0,0,0,medio_alto
1,10000.0,0,0.0,2,1,1,0,0,0,0,0,1,0,0,0,0,medio_baixo
2,10000.0,5,1.0,5,3,1,1,0,0,1,1,0,0,0,1,0,medio_alto
1,10000.0,0,0.0,3,2,1,0,0,0,1,0,1,0,0,0,0,baixo
2,10000.0,6,0.5,1,1,1,0,0,0,1,0,0,0,0,0,0,alto
3,10000.0,0,0.0,1,4,1,0,0,2,1,1,0,1,0,1,0,gratuito
3,0.0,0,0.0,0,0,1,0,0,0,0,0,0,0,0,0,0,gratuito
2,10000.0,0,0.0,8,7,1,0,0,0,1,1,1,1,1,1,1,medio_alto
4,10000.0,0,0.0,1,2,1,0,0,1,0,0,1,1,0,0,0,alto
6,150000.0,1033,0.6379477250726041,5,5,1,0,0,0,1,1,1,0,1,0,1,medio_alto
19,750000.0,5354,0.8759805752708255,5,2,1,0,0,0,0,1,1,0,0,0,0,baixo
7,10000.0,432,0.6851851851851852,2,3,1,0,0,0,1,1,1,0,0,0,0,baixo
4,10000.0,1,0.0,2,3,1,0,0,0,1,0,1,1,0,0,0,baixo
6,150000.0,6,0.6666666666666666,1,1,1,1,0,0,0,0,0,0,1,0,0,gratuito
9,10000.0,2,1.0,1,1,1,1,0,0,0,0,0,0,0,0,0,gratuito
2,10000.0,0,0.0,10,2,1,0,0,0,1,0,0,1,0,0,0,baixo
6,10000.0,5,0.4,1,6,1,0,0,0,1,1,1,1,1,0,1,alto
5,10000.0,0,0.0,1,1,1,0,0,0,0,0,1,0,0,0,0,gratuito
10,10000.0,13,0.8461538461538461,1,3,1,0,0,0,0,1,1,1,0,0,0,baixo
7,10000.0,7,0.8571428571428571,5,3,1,0,0,0,1,1,0,1,0,0,0,medio_baixo
5,0.0,0,0.0,1,3,1,0,0,0,1,0,0,1,0,0,0,gratuito
8,10000.0,5,0.6,1,3,1,0,1,1,1,0,1,1,0,0,0,medio_baixo
1,0.0,0,0.0,1,2,1,0,1,0,0,1,0,1,0,0,0,baixo
5,10000.0,8,0.375,10,2,1,0,0,0,1,1,0,0,0,0,0,alto
6,10000.0,6,0.5,1,1,1,0,0,0,1,0,0,0,0,0,0,medio_alto
5,10000.0,26,0.8076923076923077,1,4,1,1,0,0,1,0,1,1,0,0,1,baixo
6,10000.0,1,1.0,29,5,1,0,0,0,1,1,1,1,0,1,0,baixo
4,0.0,0,0.0,0,0,1,0,0,0,0,0,0,0,0,0,0,gratuito
3,10000.0,0,0.0,1,4,1,0,0,0,1,1,1,0,1,0,0,medio_baixo
2,350000.0,5721,0.9800734137388568,1,3,1,0,0,0,1,1,0,0,0,0,0,alto
2,10000.0,0,0.0,1,2,1,0,0,0,1,1,0,0,0,0,0,baixo
5,0.0,0,0.0,14,1,1,0,0,0,0,0,0,0,0,1,0,gratuito
10,10000.0,24,0.5416666666666666,1,4,1,0,0,0,1,0,1,1,0,0,1,medio_baixo
6,35000.0,9,0.7777777777777778,8,2,1,0,0,1,1,1,0,0,0,0,0,alto
10,75000.0,2679,0.9301978350130645,25,6,1,1,1,0,1,1,0,1,0,0,1,medio_baixo
4,0.0,0,0.0,1,3,1,0,0,0,1,0,0,1,0,0,1,baixo
1,10000.0,4,1.0,1,3,1,0,0,0,1,1,1,0,0,0,0,medio_alto
9,150000.0,286,0.6328671328671329,1,3,1,0,0,0,1,0,1,0,1,0,0,baixo
8,10000.0,28,0.8928571428571429,1,3,1,0,0,0,1,1,0,0,0,0,0,alto
13,150000.0,1000,0.635,6,2,1,0,0,0,0,1,0,0,1,0,0,medio_baixo
3,0.0,0,0.0,8,3,1,0,0,0,0,0,0,0,0,1,1,gratuito
3,350000.0,26,0.8461538461538461,3,2,1,0,0,0,1,1,0,0,0,0,0,medio_baixo
4,0.0,0,0.0,0,0,1,0,0,0,0,0,0,0,0,0,0,gratuito
1,10000.0,0,0.0,3,1,1,0,0,0,0,1,0,0,0,0,0,medio_alto
2,35000.0,263,0.9201520912547528,8,3,1,0,0,0,1,1,1,0,0,0,0,medio_baixo
5,35000.0,7,0.5714285714285714,1,6,1,0,0,0,1,0,1,1,1,1,1,baixo
10,150000.0,298,0.8154362416107382,2,5,1,0,0,0,1,1,1,0,1,1,0,baixo
2,10000.0,13,0.9230769230769231,1,4,1,1,1,0,1,0,1,1,0,0,0,gratuito
9,35000.0,24,0.5833333333333334,1,3,1,0,0,0,0,0,1,1,1,0,0,baixo
6,35000.0,108,0.5370370370370371,3,3,1,0,0,0,1,0,0,0,1,1,0,alto
2,10000.0,0,0.0,1,3,1,0,0,0,1,1,1,0,0,0,0,medio_alto
9,10000.0,21,0.9047619047619048,6,3,1,0,0,0,0,1,0,1,0,0,0,alto
2,0.0,0,0.0,0,0,1,0,0,0,0,0,0,0,0,0,0,gratuito
2,10000.0,15,0.6666666666666666,2,2,1,0,0,0,1,0,0,0,0,1,0,medio_alto
7,10000.0,26,0.9615384615384616,5,4,1,0,0,0,1,1,1,1,0,0,0,medio_baixo
5,0.0,0,0.0,0,0,1,0,0,0,0,0,0,0,0,0,0,gratuito
9,10000.0,1,0.0,1,4,1,0,0,0,1,0,1,0,0,0,0,baixo
2,0.0,0,0.0,103,3,1,0,0,0,0,0,0,1,0,0,1,gratuito
3,10000.0,142,0.7394366197183099,12,5,1,1,1,2,1,1,1,1,1,0,0,baixo
10,10000.0,18,0.7777777777777778,1,3,1,1,1,0,1,0,0,1,0,1,0,medio_alto
5,10000.0,5,1.0,1,3,1,1,0,1,1,1,1,0,0,0,0,medio_baixo
10,35000.0,30,0.43333333333333335,1,2,1,1,1,0,0,0,1,1,0,0,0,baixo
8,10000.0,18,0.7222222222222222,1,1,1,0,0,0,1,0,0,0,0,0,0,medio_baixo
17,10000.0,0,0.0,1,1,1,0,0,0,0,0,0,1,0,0,0,alto
2,0.0,0,0.0,0,0,1,0,0,0,0,0,0,0,0,0,0,gratuito
9,150000.0,593,0.7251264755480608,4,4,1,0,0,0,0,0,0,0,0,0,0,medio_alto
2,10000.0,157,0.8980891719745223,6,4,1,0,0,0,1,1,0,1,0,0,1,alto
2,10000.0,0,0.0,7,4,1,0,1,0,1,1,1,0,0,0,0,gratuito
12,35000.0,163,0.7116564417177914,1,2,1,0,0,0,1,1,0,0,0,0,0,alto
5,10000.0,6,0.8333333333333334,1,3,1,0,0,0,1,0,1,0,1,0,0,alto
4,10000.0,0,0.0,9,2,1,1,0,0,0,0,0,0,0,1,0,gratuito
1,0.0,0,0.0,1,4,1,1,1,0,1,0,1,0,0,0,0,gratuito
1,0.0,0,0.0,0,0,1,0,0,0,0,0,0,0,0,0,0,gratuito
1,0.0,0,0.0,1,2,1,0,0,0,0,0,0,0,0,1,0,gratuito
1,10000.0,0,0.0,13,5,1,0,0,0,1,0,0,1,0,0,1,medio_alto
6,10000.0,8,0.25,1,3,1,0,0,0,1,0,0,1,0,1,0,baixo
6,10000.0,3,0.3333333333333333,4,1,1,0,0,0,1,0,0,0,0,0,0,baixo
3,150000.0,2938,0.7382573179033356,11,2,1,1,1,2,0,1,0,0,0,1,0,medio_alto
2,10000.0,0,0.0,4,3,1,0,0,0,1,0,0,1,1,0,0,medio_alto
2,10000.0,21,0.7142857142857143,1,3,1,0,0,0,1,1,1,0,0,0,0,medio_baixo
6,10000.0,12,1.0,3,2,1,0,0,3,1,0,0,0,1,0,0,alto
9,10000.0,4,0.75,1,2,1,0,0,0,1,1,0,0,0,0,0,alto
8,75000.0,582,0.6718213058419243,2,1,1,0,0,0,0,0,0,0,0,0,0,medio_alto
3,10000.0,0,0.0,103,4,1,0,0,0,0,1,0,1,0,0,1,medio_alto
2,10000.0,336,0.9672619047619048,14,4,1,0,0,0,1,1,1,0,1,0,0,alto
2,0.0,0,0.0,0,0,1,0,0,0,0,0,0,0,0,0,0,gratuito
2,10000.0,0,0.0,1,5,1,0,0,0,1,1,0,1,0,0,1,baixo
7,10000.0,15,0.8666666666666667,1,2,1,0,0,0,0,0,1,1,0,0,0,medio_alto
9,10000.0,23,0.6086956521739131,2,2,1,1,0,0,1,1,0,0,0,0,0,medio_alto
5,10000.0,5,1.0,1,2,1,0,0,0,1,1,0,0,0,0,0,medio_alto
6,35000.0,216,0.9166666666666666,1,2,1,1,0,0,1,0,1,0,0,0,0,gratuito
3,10000.0,3,1.0,1,3,1,1,1,0,1,0,0,1,0,0,0,medio_baixo
9,10000.0,112,0.7410714285714286,103,5,1,0,0,0,1,0,1,1,0,1,1,baixo
4,35000.0,9,0.8888888888888888,2,1,1,0,0,0,0,1,0,0,0,0,0,medio_baixo
8,10000.0,23,0.30434782608695654,1,1,1,0,0,0,0,0,0,0,0,0,1,gratuito
7,10000.0,1,1.0,1,4,1,0,1,0,1,1,1,1,0,0,0,medio_alto
1,10000.0,0,0.0,1,2,1,0,0,0,0,1,0,0,0,0,0,gratuito
2,35000.0,21,1.0,2,4,1,0,0,0,1,1,1,0,1,0,0,alto
1,10000.0,0,0.0,8,2,1,0,0,0,1,0,0,1,0,0,0,medio_baixo
1,0.0,0,0.0,1,7,1,0,0,0,1,1,1,1,1,1,1,medio_baixo
3,0.0,0,0.0,1,5,1,0,1,0,1,0,1,1,0,1,1,gratuito
1,10000.0,0,0.0,1,2,1,1,1,1,1,1,0,0,0,0,0,medio_alto
3,75000.0,6,0.3333333333333333,1,3,1,1,0,0,0,1,1,0,0,1,0,gratuito
1,0.0,0,0.0,0,0,1,0,0,0,0,0,0,0,0,0,0,gratuito
2,10000.0,1,0.0,0,2,1,0,0,0,1,0,0,1,0,0,0,alto
8,10000.0,7,0.8571428571428571,1,5,1,0,0,0,1,1,1,1,0,0,0,baixo
10,7500000.0,93198,0.7044357175046675,15,3,1,0,0,11,0,1,1,0,1,0,0,medio_alto
3,0.0,0,0.0,1,3,1,0,0,0,1,0,0,1,1,0,0,gratuito
6,10000.0,465,0.6021505376344086,1,4,1,0,1,0,1,0,0,0,0,1,1,alto
1,10000.0,0,0.0,2,6,1,0,0,0,0,1,1,1,0,1,1,baixo
1,10000.0,63,0.7619047619047619,1,3,1,0,0,0,1,1,1,0,0,0,0,baixo
1,35000.0,614,0.8859934853420195,12,4,1,1,0,0,1,0,0,1,0,1,1,alto
1,10000.0,0,0.0,1,1,1,0,0,0,1,0,0,0,0,0,0,alto
1,10000.0,0,0.0,12,4,1,1,1,1,1,0,1,1,0,0,0,alto
5,10000.0,13,0.46153846153846156,8,2,1,0,0,0,0,0,1,1,0,0,0,medio_baixo
3,10000.0,2,0.0,1,3,1,0,0,0,1,1,1,0,0,0,0,baixo
3,0.0,0,0.0,0,0,1,0,0,0,0,0,0,0,0,0,0,gratuito
5,0.0,0,0.0,20,2,1,1,0,1,0,0,0,1,0,0,0,gratuito
11,35000.0,243,0.823045267489712,6,3,1,0,0,1,1,1,1,0,0,0,0,alto
1,10000.0,0,0.0,2,3,1,0,0,0,0,0,0,1,1,1,0,baixo
1,0.0,0,0.0,1,2,1,0,0,0,1,1,0,0,0,0,0,medio_baixo
7,350000.0,2094,0.8643744030563515,1,5,1,0,0,0,0,0,0,1,0,0,1,gratuito
5,0.0,0,0.0,1,5,1,0,0,0,1,1,1,1,0,0,0,gratuito
5,10000.0,28,0.75,1,3,1,0,0,0,1,1,1,0,0,0,0,medio_alto
1,10000.0,21,0.9523809523809523,2,4,1,0,0,0,0,1,1,0,1,1,0,alto
8,10000.0,0,0.0,1,5,1,0,0,0,1,1,0,0,0,0,0,baixo
3,10000.0,1,1.0,1,2,1,0,0,0,0,0,1,1,0,0,0,medio_baixo
3,10000.0,143,0.7692307692307693,5,3,1,0,0,3,1,1,1,0,0,0,0,medio_alto
2,0.0,0,0.0,2,3,1,1,1,0,1,0,1,0,0,1,0,medio_baixo
2,10000.0,0,0.0,4,4,1,0,0,0,1,0,1,1,0,0,0,gratuito
10,10000.0,9,0.5555555555555556,1,2,1,0,0,0,1,0,0,1,0,0,0,medio_baixo
3,10000.0,29,0.5862068965517241,103,7,1,0,0,0,0,1,1,1,1,1,1,baixo
1,0.0,0,0.0,1,3,1,1,1,0,1,0,1,0,0,0,0,gratuito
5,10000.0,0,0.0,1,2,1,0,0,0,1,0,0,1,0,0,0,baixo
4,10000.0,4,1.0,1,4,1,0,0,0,1,1,1,1,0,0,0,medio_baixo
8,10000.0,101,0.46534653465346537,1,4,1,0,0,0,1,0,0,1,0,0,1,baixo
9,150000.0,274,0.7664233576642335,1,4,1,0,0,0,1,1,1,1,0,0,0,alto
5,10000.0,15,1.0,1,2,1,0,0,0,0,1,0,0,0,0,0,medio_alto
2,10000.0,1,1.0,1,4,1,0,0,0,1,1,0,1,0,1,0,baixo
3,10000.0,196,0.7704081632653061,11,6,1,0,0,1,1,1,1,1,0,0,1,medio_alto
3,10000.0,0,0.0,3,2,1,0,0,0,0,1,0,1,0,0,0,baixo
6,10000.0,5,0.8,1,2,1,0,0,0,0,1,1,0,0,0,0,medio_alto
7,35000.0,1309,0.8739495798319328,15,4,1,1,0,0,1,1,1,1,0,0,0,alto
1,0.0,0,0.0,1,4,1,1,0,1,1,0,1,0,1,0,0,gratuito
1,0.0,0,0.0,0,0,1,0,0,0,0,0,0,0,0,0,0,gratuito
15,35000.0,838,0.5477326968973747,3,2,1,0,0,0,1,0,0,1,0,0,0,medio_alto
8,10000.0,11,0.2727272727272727,3,2,1,0,0,0,0,0,1,0,1,0,0,medio_baixo
11,10000.0,66,0.36363636363636365,2,2,1,0,0,0,0,0,0,0,0,1,1,medio_alto
5,10000.0,0,0.0,1,2,1,0,0,2,1,0,0,1,0,0,0,baixo
2,0.0,0,0.0,1,3,1,0,0,0,1,1,0,0,0,0,0,gratuito
2,10000.0,19,0.6842105263157895,14,8,1,0,0,19,0,0,0,0,0,0,0,alto
8,10000.0,153,0.869281045751634,1,3,1,0,0,1,1,0,0,0,0,0,0,gratuito
4,10000.0,80,0.6375,11,3,1,0,0,1,1,1,0,1,0,0,0,baixo
10,150000.0,1721,0.8919233004067403,1,3,1,1,1,1,1,0,1,0,0,0,0,gratuito
9,350000.0,764,0.5615183246073299,1,2,1,1,1,0,1,1,0,0,0,0,0,baixo
5,10000.0,1,0.0,2,5,1,0,0,3,1,0,1,0,1,1,1,alto
2,10000.0,179,0.9608938547486033,17,4,1,0,0,0,1,0,0,1,0,0,1,medio_alto
3,10000.0,35,0.4,1,3,1,0,0,0,0,0,1,0,1,0,1,medio_alto
2,10000.0,5,1.0,1,4,1,1,0,0,1,1,1,0,0,1,0,medio_baixo
5,10000.0,5,1.0,1,1,1,0,0,0,0,1,0,0,0,0,0,medio_alto
1,10000.0,0,0.0,5,1,1,0,0,1,0,0,0,0,1,0,0,medio_alto
2,10000.0,0,0.0,1,2,1,0,0,0,1,0,0,0,0,0,0,gratuito
11,35000.0,112,0.39285714285714285,9,2,1,0,0,0,0,0,0,0,1,1,0,baixo
12,35000.0,46,0.6956521739130435,6,2,1,1,1,0,1,0,0,1,0,0,0,alto
1,0.0,0,0.0,1,5,1,0,0,0,1,1,0,1,0,1,0,gratuito
5,0.0,0,0.0,1,3,1,0,0,0,1,1,0,0,0,0,0,gratuito
1,10000.0,0,0.0,2,3,1,1,0,0,1,0,0,1,0,0,0,alto
2,10000.0,16,0.9375,2,1,1,0,0,0,0,1,0,0,0,0,0,medio_baixo
5,10000.0,0,0.0,1,2,1,0,0,0,1,0,0,1,0,0,0,medio_alto
2,0.0,0,0.0,1,3,1,0,0,10,1,1,0,0,0,0,0,gratuito
1,10000.0,0,0.0,1,3,1,0,0,4,1,0,0,1,0,1,0,alto
5,35000.0,8,0.125,11,3,1,0,0,0,1,1,1,0,0,0,0,medio_baixo
2,0.0,0,0.0,103,3,1,0,0,0,1,0,1,0,0,0,1,medio_baixo
2,35000.0,17,0.5294117647058824,5,1,1,0,0,0,1,0,0,0,0,0,0,medio_baixo
2,10000.0,0,0.0,1,4,1,1,1,0,1,0,1,0,1,1,0,alto
9,10000.0,16,0.8125,1,5,1,0,0,0,1,1,1,0,1,0,1,gratuito
7,35000.0,8,0.75,1,1,1,0,0,0,0,0,0,1,0,0,0,baixo
12,750000.0,4071,0.8464750675509702,1,1,1,0,0,0,0,0,0,0,0,0,0,baixo
3,10000.0,1,1.0,1,3,1,0,0,0,0,1,1,0,1,0,0,medio_alto
9,10000.0,8,0.75,3,2,1,0,0,0,1,1,0,0,0,0,0,alto
8,10000.0,45,0.3333333333333333,1,2,1,0,0,0,1,0,0,1,0,0,0,baixo
4,10000.0,60,0.7333333333333333,29,3,1,1,1,0,1,1,0,0,0,0,0,medio_alto
4,10000.0,0,0.0,1,3,1,0,0,0,1,0,1,0,0,0,0,gratuito
5,10000.0,10,0.9,2,2,1,0,0,0,1,1,0,0,0,0,0,alto
5,10000.0,1,0.0,2,1,1,0,0,0,0,1,0,0,0,0,0,alto
6,10000.0,4,0.75,2,1,1,0,0,0,0,1,0,0,0,0,0,medio_alto
10,75000.0,291,0.6941580756013745,5,3,1,0,0,0,1,1,1,0,0,0,0,medio_baixo
2,0.0,0,0.0,0,0,1,0,0,0,0,0,0,0,0,0,0,gratuito
1,10000.0,1,1.0,3,4,1,0,0,0,1,0,1,1,0,1,0,medio_baixo
1,0.0,0,0.0,0,0,1,0,0,0,0,0,0,0,0,0,0,gratuito
8,150000.0,1227,0.8655256723716381,1,2,1,0,0,0,1,0,0,0,0,0,0,baixo
4,10000.0,0,0.0,1,4,1,0,0,0,1,0,1,0,1,1,0,baixo
6,10000.0,49,0.8979591836734694,4,1,1,1,0,1,1,0,0,0,0,0,0,medio_baixo
1,10000.0,0,0.0,1,1,1,0,0,0,0,0,1,0,0,0,0,alto
2,0.0,0,0.0,2,4,1,0,0,0,1,1,1,1,0,0,0,gratuito
1,75000.0,1,1.0,1,5,1,1,0,0,1,0,1,1,1,0,1,medio_baixo
2,10000.0,0,0.0,1,2,1,0,0,0,1,0,0,1,0,0,0,medio_baixo
8,10000.0,9,0.7777777777777778,2,3,1,0,0,0,1,1,0,0,0,0,0,medio_alto
1,10000.0,0,0.0,1,3,1,1,1,0,0,0,1,1,0,0,1,medio_alto
2,35000.0,19,0.7368421052631579,1,1,1,0,0,0,1,0,0,0,0,0,0,baixo
1,0.0,0,0.0,1,2,1,0,0,0,0,0,0,1,0,0,0,gratuito
8,150000.0,93,0.5806451612903226,1,4,1,0,0,0,1,0,1,1,1,0,0,baixo
10,10000.0,9,0.6666666666666666,1,3,1,0,0,0,1,1,0,0,0,0,0,medio_alto
7,10000.0,18,0.7222222222222222,1,5,1,0,0,0,1,1,1,0,1,0,0,medio_alto
6,10000.0,5,1.0,1,3,1,0,0,0,0,1,0,0,0,0,0,medio_alto
3,10000.0,2,1.0,1,4,1,1,0,0,1,1,0,1,0,0,1,alto
9,10000.0,7,0.5714285714285714,1,3,1,1,1,1,1,1,0,0,0,0,0,medio_alto
1,10000.0,151,0.7748344370860927,8,3,1,0,0,0,1,1,1,0,0,0,0,alto
1,10000.0,0,0.0,1,1,1,0,0,0,0,0,0,1,0,0,0,medio_baixo
3,10000.0,16,1.0,1,3,1,0,0,0,1,1,1,0,0,0,0,medio_baixo
4,10000.0,81,0.8888888888888888,1,2,1,1,0,0,1,0,1,0,0,0,0,medio_baixo
2,10000.0,2,1.0,7,4,1,0,0,0,1,0,1,0,0,1,0,medio_baixo
3,35000.0,327,0.7308868501529052,6,0,1,0,0,1,0,0,0,0,0,0,0,medio_baixo
4,10000.0,2,1.0,12,4,1,0,0,0,1,0,0,1,0,1,0,gratuito
5,10000.0,65,0.9230769230769231,8,3,1,0,0,0,1,1,1,0,0,0,0,baixo
9,35000.0,130,0.7846153846153846,1,4,1,0,0,0,1,1,0,1,0,1,0,gratuito
9,1500000.0,22055,0.8239401496259352,7,3,1,1,1,1,1,1,0,0,0,1,0,medio_alto
5,10000.0,7,0.8571428571428571,2,3,1,0,0,0,1,0,1,0,0,0,0,medio_alto
8,10000.0,51,0.7450980392156863,2,3,1,1,1,1,1,1,1,0,0,0,0,medio_baixo
9,10000.0,32,0.96875,9,2,1,1,1,0,1,0,0,1,0,0,0,medio_alto
1,0.0,0,0.0,3,1,1,0,0,0,0,0,0,0,0,0,1,alto
8,10000.0,17,0.8235294117647058,1,3,1,0,0,0,1,1,0,1,0,0,0,gratuito
2,0.0,0,0.0,1,2,1,0,0,1,0,1,0,0,0,0,0,gratuito
1,10000.0,0,0.0,1,2,1,0,0,0,0,1,0,0,0,0,1,alto
6,35000.0,134,0.7238805970149254,2,7,1,0,1,0,1,0,0,1,0,1,1,gratuito
1,10000.0,0,0.0,1,2,1,1,1,2,1,0,0,0,1,0,0,alto
1,0.0,0,0.0,1,3,1,0,0,0,1,0,1,0,1,0,0,medio_alto
2,35000.0,4,0.75,1,3,1,0,1,0,1,0,0,1,0,1,0,medio_alto
2,10000.0,1,1.0,1,2,1,0,0,0,0,0,0,1,1,0,0,alto
1,10000.0,0,0.0,10,4,1,0,0,0,0,1,1,1,0,0,1,medio_alto
9,10000.0,5,0.4,1,3,1,0,0,0,1,0,0,1,0,0,1,baixo
1,0.0,0,0.0,0,0,1,0,0,0,0,0,0,0,0,0,0,gratuito
1,10000.0,0,0.0,1,3,1,0,0,0,1,0,1,0,1,0,0,medio_alto
2,10000.0,0,0.0,1,4,1,1,1,0,1,1,0,1,0,0,0,gratuito
4,10000.0,7,1.0,4,2,1,1,1,0,0,0,0,1,0,0,1,medio_baixo
4,10000.0,29,0.9310344827586207,1,3,1,0,0,0,1,0,1,0,1,0,0,medio_alto
1,10000.0,0,0.0,13,4,1,1,0,0,1,0,0,0,0,1,1,medio_alto
1,0.0,0,0.0,1,2,1,0,0,0,0,1,0,0,0,1,0,alto
8,35000.0,39,0.7435897435897436,1,3,1,0,0,0,1,1,0,1,0,0,0,baixo
8,75000.0,351,0.8433048433048433,3,2,1,0,0,27,1,0,0,1,0,0,0,medio_alto
1,10000.0,0,0.0,9,2,1,1,1,0,1,0,0,1,0,0,0,alto
1,10000.0,0,0.0,3,4,1,1,1,0,1,0,1,1,1,0,0,medio_alto
3,10000.0,13,0.8461538461538461,8,2,1,0,0,0,1,0,0,1,0,0,0,baixo
6,10000.0,1,1.0,9,5,1,0,0,0,1,1,1,0,1,0,0,alto
4,0.0,0,0.0,0,0,1,0,0,0,0,0,0,0,0,0,0,gratuito
1,10000.0,0,0.0,2,4,1,0,0,0,1,1,1,1,0,0,0,medio_baixo
8,75000.0,901,0.7624861265260822,8,2,1,1,0,0,0,1,1,0,0,0,0,medio_baixo
1,10000.0,36,0.9722222222222222,4,4,1,1,1,0,1,1,1,0,1,0,0,medio_baixo
6,10000.0,22,0.45454545454545453,1,2,1,0,0,0,0,0,0,0,0,0,1,alto
1,0.0,0,0.0,1,3,1,0,0,0,1,1,0,1,0,0,0,medio_baixo
8,10000.0,17664,0.7296195652173914,12,2,1,1,1,0,0,1,1,0,0,0,0,medio_alto
6,35000.0,3,0.6666666666666666,1,6,1,0,0,1,1,0,1,1,0,1,1,baixo
15,150000.0,1040,0.7721153846153846,1,3,1,1,1,0,1,0,0,1,0,1,0,medio_baixo
3,10000.0,3,0.3333333333333333,1,1,1,0,0,0,1,0,0,0,0,0,0,medio_alto
3,10000.0,26,0.4230769230769231,1,6,1,0,0,0,1,1,1,1,1,0,1,baixo
1,0.0,0,0.0,0,0,1,0,0,0,0,0,0,0,0,0,0,gratuito
1,10000.0,90,0.8666666666666667,12,3,1,0,0,0,1,0,0,1,0,0,1,medio_baixo
8,35000.0,952,0.9621848739495799,3,1,1,0,0,2,0,0,1,0,0,0,0,medio_alto
9,10000.0,31,0.45161290322580644,1,6,1,0,0,0,1,1,1,1,0,0,0,alto
8,10000.0,0,0.0,11,2,1,0,0,0,1,0,0,0,0,0,0,alto
9,10000.0,6,0.6666666666666666,1,2,1,0,0,0,1,1,0,0,0,0,0,baixo
4,10000.0,89,0.9438202247191011,1,3,1,1,1,1,0,1,0,1,0,0,1,medio_baixo
4,350000.0,6169,0.911492948614038,10,4,1,0,0,2,1,1,1,0,1,0,0,alto
1,0.0,0,0.0,0,0,1,0,0,0,0,0,0,0,0,0,0,gratuito
1,10000.0,0,0.0,17,3,1,0,0,1,1,1,1,0,0,0,0,alto
2,10000.0,1,1.0,2,2,1,0,0,0,0,0,0,1,0,0,1,medio_alto
2,0.0,0,0.0,1,5,1,1,1,0,1,0,1,1,0,0,0,gratuito
1,35000.0,320,0.790625,2,4,1,0,0,0,1,0,0,0,1,1,1,alto
2,150000.0,6,0.8333333333333334,1,4,1,0,0,0,1,1,1,0,1,0,0,medio_baixo
1,10000.0,0,0.0,10,3,1,0,0,0,1,0,1,0,0,0,1,alto
1,10000.0,0,0.0,10,5,1,0,0,0,1,1,0,1,0,0,1,medio_alto
11,75000.0,625,0.8768,1,1,1,0,0,0,1,0,0,0,0,0,0,baixo
3,10000.0,21,0.7142857142857143,3,2,1,1,1,0,1,0,1,0,0,0,0,baixo
1,0.0,0,0.0,103,2,1,0,0,0,1,0,0,1,0,0,0,baixo
1,0.0,0,0.0,2,3,1,0,0,0,1,1,0,1,0,0,0,medio_baixo
7,150000.0,1907,0.7226009438909281,9,3,1,1,1,1,1,0,0,0,0,1,1,alto
5,0.0,0,0.0,1,3,1,0,0,0,1,0,1,0,0,0,0,gratuito
9,10000.0,41,0.8292682926829268,1,3,1,0,0,0,1,0,1,1,0,0,0,gratuito
2,10000.0,0,0.0,5,3,1,0,0,0,1,1,0,1,0,0,0,alto
3,10000.0,6,1.0,1,2,1,0,0,0,1,1,0,0,0,0,0,medio_alto
2,10000.0,35,0.8857142857142857,2,4,1,1,0,0,1,1,1,1,0,0,0,medio_alto
10,350000.0,2941,0.80550833049983,1,3,1,1,1,1,1,0,1,0,0,0,0,gratuito
2,10000.0,43,0.8604651162790697,8,1,1,0,0,0,0,0,0,0,0,0,1,medio_baixo
2,0.0,0,0.0,0,0,1,0,0,0,0,0,0,0,0,0,0,gratuito
3,35000.0,133,0.8345864661654135,3,4,1,0,0,0,1,0,1,0,1,1,0,medio_baixo
6,10000.0,97,0.9072164948453608,29,2,1,1,0,0,1,0,0,1,0,0,0,baixo
8,10000.0,75,0.9333333333333333,3,3,1,0,0,0,1,0,1,1,0,0,0,gratuito
8,35000.0,322,0.7795031055900621,1,3,1,0,0,0,1,1,0,0,0,0,0,gratuito
3,10000.0,25,1.0,1,2,1,0,0,0,1,1,0,0,0,0,0,alto
8,10000.0,6,0.3333333333333333,1,2,1,0,0,0,1,1,0,0,0,0,0,baixo
3,10000.0,0,0.0,1,5,1,0,0,0,1,0,0,1,0,1,0,gratuito
11,10000.0,21,0.5714285714285714,1,4,1,1,0,1,1,0,1,1,1,0,0,medio_alto
1,0.0,0,0.0,0,0,1,0,0,0,0,0,0,0,0,0,0,gratuito
10,10000.0,74,0.8648648648648649,4,3,1,0,1,0,1,1,1,0,0,0,0,baixo
2,10000.0,1,0.0,2,2,1,0,0,0,0,1,0,0,1,0,0,baixo
1,10000.0,0,0.0,1,3,1,0,0,0,1,1,1,0,0,0,0,alto
5,10000.0,129,0.5658914728682171,2,4,1,0,0,0,1,1,1,0,0,0,0,alto
1,0.0,0,0.0,1,2,1,0,0,0,0,1,1,0,0,0,0,alto
4,10000.0,45,0.9333333333333333,1,4,1,0,0,0,1,1,1,1,0,0,0,baixo
8,35000.0,45,0.7111111111111111,10,5,1,0,0,0,1,1,1,1,0,1,0,medio_alto
4,0.0,0,0.0,0,0,1,0,0,0,0,0,0,0,0,0,0,gratuito
3,10000.0,0,0.0,29,2,1,0,0,0,0,1,1,0,0,0,0,baixo
10,350000.0,717,0.7210599721059973,1,3,1,0,0,1,1,0,1,1,0,0,0,baixo
3,0.0,0,0.0,0,0,1,0,0,0,0,0,0,0,0,0,0,gratuito
1,0.0,0,0.0,0,0,1,0,0,0,0,0,0,0,0,0,0,gratuito
9,10000.0,13,0.3076923076923077,1,3,1,0,0,0,1,1,0,0,0,0,0,medio_baixo
1,10000.0,0,0.0,31,2,1,0,0,0,1,0,0,1,0,0,0,baixo
2,10000.0,0,0.0,3,2,1,0,0,0,1,1,0,0,0,0,0,baixo
2,10000.0,11,0.9090909090909091,1,3,1,1,1,0,1,1,0,0,0,0,0,medio_baixo
5,10000.0,0,0.0,1,4,1,0,0,0,1,1,1,1,0,0,0,baixo
5,35000.0,3,1.0,1,1,1,0,0,0,0,0,1,0,0,0,0,medio_baixo
5,10000.0,8,0.625,2,2,1,0,0,0,1,0,0,0,0,1,0,alto
7,10000.0,53,0.8301886792452831,2,5,1,0,0,0,1,1,1,0,0,0,1,alto
4,10000.0,28,0.6071428571428571,2,4,1,0,0,0,1,1,1,0,0,0,1,baixo
5,35000.0,1,1.0,1,4,1,0,1,1,1,0,1,1,0,1,0,alto
6,10000.0,0,0.0,29,3,1,1,0,0,1,0,0,1,0,1,0,baixo
4,10000.0,2,1.0,1,5,1,0,0,0,1,1,1,0,1,0,0,baixo
12,35000.0,136,0.41911764705882354,5,2,1,0,0,0,0,0,0,0,0,0,0,medio_baixo
6,10000.0,1,1.0,2,7,1,0,0,0,1,1,1,1,1,1,0,medio_baixo
2,75000.0,0,0.0,13,4,1,1,0,0,1,0,0,1,0,0,1,alto
1,0.0,0,0.0,0,0,1,0,0,0,0,0,0,0,0,0,0,gratuito
6,10000.0,15,0.4,1,4,1,0,0,0,1,1,0,1,0,0,1,baixo
4,10000.0,0,0.0,1,1,1,0,0,0,0,0,0,1,0,0,0,baixo
5,10000.0,146,0.9452054794520548,1,3,1,0,0,1,1,1,1,0,0,0,0,medio_alto
1,10000.0,16,1.0,12,4,1,1,1,0,1,0,0,1,0,1,0,medio_baixo
3,10000.0,163,0.7177914110429447,13,3,1,0,0,0,1,0,0,1,0,1,0,medio_baixo
2,10000.0,26,0.9615384615384616,28,8,1,0,0,0,0,0,1,0,0,0,1,alto
1,0.0,0,0.0,0,0,1,0,0,0,0,0,0,0,0,0,0,gratuito
6,35000.0,2575,0.9106796116504854,6,6,1,1,1,1,1,0,1,1,1,1,1,medio_alto
11,150000.0,4032,0.7338789682539683,7,6,1,0,0,0,1,1,1,0,1,0,1,alto
3,10000.0,0,0.0,1,1,1,0,0,0,0,1,0,0,0,0,0,baixo
6,10000.0,8,0.875,1,2,1,0,0,0,1,1,0,0,0,0,0,medio_baixo
1,10000.0,0,0.0,1,3,1,0,0,0,1,0,0,1,0,0,0,alto
5,35000.0,73,0.8082191780821918,1,3,1,0,0,0,1,1,0,0,0,0,1,medio_alto
3,10000.0,2,1.0,1,2,1,0,0,0,1,0,1,0,0,0,0,medio_baixo
1,0.0,0,0.0,103,5,1,0,0,0,1,1,1,1,0,0,1,baixo
8,10000.0,16,0.9375,8,2,1,1,0,0,1,0,0,0,0,1,0,medio_baixo
7,150000.0,798,0.9523809523809523,1,1,1,1,0,0,0,0,0,0,0,0,0,gratuito
4,10000.0,4,0.75,2,8,1,0,0,0,1,1,1,1,1,1,1,baixo
1,10000.0,0,0.0,31,2,1,1,1,0,1,0,1,0,0,0,0,alto
9,35000.0,18,0.8888888888888888,2,2,1,0,1,1,1,1,0,0,0,0,0,medio_baixo
3,10000.0,1,1.0,1,2,1,0,0,0,0,1,0,0,0,1,0,alto
6,0.0,0,0.0,0,0,1,0,0,0,0,0,0,0,0,0,0,gratuito
4,10000.0,0,0.0,1,7,1,0,0,0,1,1,1,1,1,1,0,alto
5,35000.0,5,0.8,6,3,1,0,0,0,1,0,1,1,0,0,0,baixo
1,10000.0,0,0.0,1,2,1,1,0,0,0,0,0,1,0,0,0,medio_alto
2,0.0,0,0.0,1,2,1,0,0,0,0,0,0,0,0,1,0,gratuito
3,0.0,0,0.0,0,0,1,0,0,0,0,0,0,0,0,0,0,gratuito
1,10000.0,0,0.0,1,4,1,0,0,0,1,1,1,0,0,0,0,medio_alto
6,10000.0,0,0.0,3,4,1,0,0,1,1,0,1,1,0,0,0,medio_baixo
3,10000.0,4,0.75,2,4,1,0,0,0,1,1,1,0,0,1,0,baixo
4,35000.0,4,1.0,1,2,1,0,0,0,1,0,1,0,0,0,0,baixo
2,10000.0,0,0.0,2,2,1,0,0,0,0,1,0,1,0,0,0,medio_baixo
1,0.0,0,0.0,1,1,1,0,0,0,0,1,0,0,0,0,0,baixo
2,10000.0,0,0.0,1,4,1,1,1,0,1,0,0,1,1,0,1,medio_alto
4,10000.0,31,0.7741935483870968,8,5,1,0,0,0,1,1,1,0,1,0,1,medio_baixo
1,10000.0,0,0.0,11,2,1,0,0,0,1,0,0,1,0,0,0,medio_baixo
3,10000.0,0,0.0,1,2,1,0,0,0,1,0,0,1,0,0,0,alto
1,10000.0,0,0.0,27,2,1,1,1,0,1,0,0,0,0,0,1,baixo
1,10000.0,1,0.0,2,2,1,0,0,0,0,1,1,0,0,0,0,baixo
2,0.0,0,0.0,0,0,1,0,0,0,0,0,0,0,0,0,0,gratuito
7,10000.0,124,0.8790322580645161,1,4,1,1,1,1,1,0,1,1,1,0,0,medio_alto
3,150000.0,719,0.45897079276773295,7,2,1,0,0,0,0,1,1,0,0,0,0,alto
13,75000.0,625,0.4672,10,1,1,0,0,2,0,0,0,0,0,0,1,medio_baixo
4,35000.0,21,0.8571428571428571,1,1,1,1,0,0,0,0,1,0,0,0,0,medio_alto
3,0.0,0,0.0,0,0,1,0,0,0,0,0,0,0,0,0,0,gratuito
1,0.0,0,0.0,4,4,1,0,0,0,1,0,0,1,0,0,1,gratuito
2,10000.0,1,1.0,1,2,1,0,1,0,1,1,0,0,0,0,0,medio_baixo
1,10000.0,0,0.0,10,6,1,0,0,1,1,1,1,1,1,0,0,alto
5,10000.0,33,0.9696969696969697,1,2,1,1,0,0,1,0,1,0,0,0,0,baixo
4,10000.0,32,0.75,1,4,1,0,0,0,1,0,1,1,0,0,1,medio_alto
9,10000.0,155,0.6774193548387096,3,2,1,1,1,1,1,0,1,0,0,0,0,medio_alto
5,0.0,0,0.0,0,0,1,0,0,0,0,0,0,0,0,0,0,gratuito
1,10000.0,0,0.0,4,3,1,0,0,0,1,0,1,0,1,0,0,medio_alto
1,0.0,0,0.0,27,4,1,0,0,0,1,1,1,0,0,0,1,medio_baixo
2,10000.0,65,0.8923076923076924,1,1,1,0,0,0,0,1,0,0,0,0,0,alto
7,35000.0,6,0.3333333333333333,1,3,1,0,0,0,0,1,0,1,1,0,0,medio_baixo
2,1500000.0,31022,0.8067500483527819,10,2,1,0,0,7,1,1,0,0,0,0,0,alto
2,10000.0,212,0.8254716981132075,6,4,1,0,0,1,1,1,1,1,0,0,0,medio_alto
11,1500000.0,9852,0.7977060495330898,4,3,1,1,0,0,1,0,0,0,0,1,1,alto
3,150000.0,58,0.6379310344827587,5,4,1,0,0,0,1,1,0,1,1,0,0,gratuito
1,10000.0,4,1.0,1,4,1,0,0,0,1,1,1,1,0,0,0,baixo
4,0.0,0,0.0,1,3,1,0,0,0,1,0,0,1,0,0,0,gratuito
4,10000.0,10,0.9,1,2,1,0,0,0,1,0,0,1,0,0,0,gratuito
2,10000.0,5,0.8,1,4,1,0,0,0,1,1,1,0,0,1,0,baixo
2,10000.0,17,0.8235294117647058,1,4,1,0,0,0,1,1,1,1,0,0,0,medio_alto
5,35000.0,53,0.7735849056603774,1,3,1,1,0,1,1,0,1,0,0,1,0,alto
3,350000.0,3254,0.9443761524277812,11,2,1,0,0,2,1,0,1,0,0,0,0,alto
6,10000.0,1,1.0,29,19,1,0,0,0,1,0,0,1,0,0,0,baixo
2,10000.0,3,0.6666666666666666,1,3,1,0,0,0,1,1,0,1,0,0,0,baixo
11,10000.0,39,0.6666666666666666,1,2,1,0,0,0,1,1,0,0,0,0,0,alto
6,10000.0,24,0.8333333333333334,1,4,1,0,0,0,1,0,0,1,0,0,1,gratuito
9,10000.0,6,1.0,1,2,1,0,0,0,0,0,1,1,0,0,0,medio_alto
2,75000.0,1235,0.6987854251012146,1,3,1,0,0,0,1,1,1,0,0,0,0,medio_baixo
11,10000.0,124,0.8064516129032258,1,3,1,0,0,0,1,1,1,0,0,0,0,medio_alto
2,10000.0,1,0.0,2,1,1,0,0,0,0,0,0,0,0,0,1,alto
3,0.0,0,0.0,0,0,1,0,0,0,0,0,0,0,0,0,0,gratuito
10,10000.0,57,0.5964912280701754,1,3,1,0,0,0,1,1,0,0,1,0,0,baixo
8,10000.0,1,1.0,2,1,1,1,0,0,0,0,1,0,0,0,0,medio_baixo
4,0.0,0,0.0,10,2,1,1,0,0,0,0,0,0,1,0,1,gratuito
2,10000.0,5,0.4,2,3,1,0,0,0,1,1,1,0,0,0,0,baixo
4,10000.0,6,0.5,1,4,1,0,0,0,1,0,1,1,0,1,0,medio_baixo
9,10000.0,77,0.8961038961038961,1,4,1,1,0,1,1,1,0,1,0,0,0,medio_alto
6,35000.0,249,0.9076305220883534,1,5,1,0,0,1,1,0,1,1,1,0,0,gratuito
8,10000.0,6,0.8333333333333334,1,2,1,0,0,0,1,0,0,1,0,0,0,baixo
6,10000.0,831,0.740072202166065,1,2,1,0,0,0,0,1,0,0,0,0,0,alto
2,10000.0,2,1.0,1,3,1,0,0,0,0,1,1,1,0,0,0,baixo
9,350000.0,1430,0.6559440559440559,5,4,1,0,0,2,0,0,1,0,1,1,0,gratuito
1,0.0,0,0.0,1,3,1,0,0,0,1,0,1,1,0,0,0,medio_baixo
8,10000.0,19,0.8947368421052632,1,2,1,0,0,0,1,0,0,0,0,0,1,gratuito
5,35000.0,20,0.9,1,5,1,0,0,0,1,1,0,0,0,1,1,alto
10,10000.0,68,0.7941176470588235,1,1,1,0,0,0,1,0,0,0,0,0,0,baixo
5,0.0,0,0.0,0,0,1,0,0,0,0,0,0,0,0,0,0,gratuito
3,10000.0,41,0.975609756097561,2,2,1,0,0,0,1,1,0,0,0,0,0,medio_alto
2,10000.0,0,0.0,5,3,1,0,0,1,0,0,0,1,0,1,1,alto
3,0.0,0,0.0,11,3,1,1,1,0,1,0,1,1,0,0,0,gratuito
4,0.0,0,0.0,2,4,1,0,0,0,0,1,1,1,0,0,0,gratuito
3,35000.0,79,0.9240506329113924,2,2,1,0,0,1,1,0,0,0,1,0,0,medio_baixo
4,10000.0,4,0.75,1,2,1,0,0,0,1,0,0,0,0,1,0,medio_baixo
14,10000.0,23,0.5652173913043478,1,1,1,0,0,0,0,0,0,0,0,0,0,alto
4,35000.0,43,0.7441860465116279,4,2,1,0,0,0,1,0,1,0,0,0,0,medio_baixo
6,75000.0,144,0.9236111111111112,1,2,1,1,0,0,0,0,0,0,1,0,0,gratuito
2,10000.0,4,1.0,10,4,1,0,0,0,1,1,1,0,0,0,0,baixo
4,10000.0,253,0.9802371541501976,1,1,1,1,0,1,0,0,1,0,0,0,0,alto
9,10000.0,140,0.75,1,4,1,0,0,4,1,0,0,1,0,0,0,gratuito
1,10000.0,0,0.0,2,1,1,0,0,0,0,0,0,0,1,0,0,medio_alto
6,10000.0,10,0.5,1,4,1,1,1,0,1,0,1,1,1,0,0,medio_alto
5,10000.0,9,0.6666666666666666,1,3,1,0,0,1,0,0,0,1,0,0,1,medio_alto
9,10000.0,69,0.5217391304347826,1,4,1,0,0,0,0,1,0,1,0,0,1,alto
2,10000.0,52,0.9615384615384616,1,2,1,1,1,0,1,1,0,0,0,0,0,medio_baixo
4,0.0,0,0.0,1,3,1,0,0,1,1,1,0,0,0,0,0,gratuito
3,10000.0,4,1.0,1,1,1,0,0,0,0,0,1,0,0,0,0,medio_baixo
9,10000.0,23,0.6521739130434783,4,5,1,1,0,0,1,0,1,1,1,1,0,medio_alto
4,10000.0,176,0.8352272727272727,1,4,1,0,0,1,1,0,0,1,1,0,1,medio_alto
3,35000.0,652,0.8619631901840491,8,3,1,0,0,2,0,0,1,0,1,0,1,alto
3,0.0,0,0.0,0,0,1,0,0,0,0,0,0,0,0,0,0,gratuito
1,0.0,0,0.0,0,0,1,0,0,0,0,0,0,0,0,0,0,gratuito
2,10000.0,0,0.0,2,3,1,0,0,0,1,0,0,1,0,1,0,medio_alto
5,35000.0,1734,0.9284890426758939,13,4,1,0,0,12,1,1,1,0,0,0,1,medio_alto
8,10000.0,72,0.8888888888888888,2,1,1,0,0,0,0,1,0,0,0,0,0,medio_alto
3,10000.0,1,1.0,1,2,1,0,0,0,1,0,1,0,0,0,0,baixo
2,10000.0,0,0.0,7,5,1,1,1,1,1,1,1,1,0,0,0,alto
3,10000.0,240,0.9375,1,4,1,0,0,0,0,1,0,0,0,0,1,alto
5,75000.0,824,0.41262135922330095,1,6,1,0,0,0,1,1,1,0,1,1,0,alto
1,10000.0,0,0.0,1,2,1,1,1,0,1,1,0,0,0,0,0,medio_baixo
3,10000.0,62,0.967741935483871,1,1,1,0,0,0,0,1,0,0,0,0,0,baixo
3,75000.0,551,0.8130671506352087,8,4,1,0,0,0,1,1,1,0,0,0,0,medio_alto
6,10000.0,16,0.8125,4,3,1,0,0,0,1,1,1,0,0,0,0,medio_baixo
1,10000.0,0,0.0,5,3,1,0,0,0,1,0,1,0,0,0,1,medio_baixo
1,10000.0,20,0.9,7,2,1,0,0,0,1,0,1,0,0,0,0,alto
6,10000.0,0,0.0,103,2,1,0,1,0,1,0,0,1,0,0,0,baixo
10,35000.0,414,0.5483091787439613,1,4,1,0,0,0,1,1,0,1,0,0,1,medio_alto
3,0.0,0,0.0,0,0,1,0,0,0,0,0,0,0,0,0,0,gratuito
1,10000.0,2,0.5,5,3,1,0,0,0,1,1,0,1,0,0,0,medio_alto
1,0.0,0,0.0,0,0,1,0,0,0,0,0,0,0,0,0,0,gratuito
12,35000.0,118,0.788135593220339,1,1,1,0,0,0,1,0,0,0,0,0,0,baixo
2,350000.0,5307,0.9777652157527793,8,4,1,1,1,1,1,0,0,1,0,1,1,medio_baixo
9,35000.0,264,0.7537878787878788,103,3,1,0,0,0,1,1,0,1,0,0,0,baixo
8,75000.0,70,0.8285714285714286,1,4,1,0,0,1,1,0,0,0,0,1,1,gratuito
5,10000.0,18,0.6111111111111112,103,2,1,0,0,0,1,0,0,1,0,0,0,baixo
10,10000.0,12,0.5833333333333334,1,2,1,0,0,0,1,1,0,0,0,0,0,medio_alto
5,10000.0,0,0.0,1,2,1,0,0,0,1,0,0,1,0,0,0,baixo
6,150000.0,21,0.47619047619047616,1,4,1,0,0,0,0,0,0,1,1,0,0,gratuito
8,10000.0,52,0.9423076923076923,1,2,1,0,0,0,1,0,1,0,0,0,0,baixo
1,10000.0,4,1.0,2,2,1,0,0,0,1,0,0,1,0,0,0,medio_baixo
4,10000.0,0,0.0,29,2,1,0,0,0,1,0,0,1,0,0,0,baixo
2,10000.0,0,0.0,1,5,1,0,0,0,1,1,1,1,0,1,0,medio_alto
7,1500000.0,47427,0.901617222257364,1,6,1,0,0,0,1,1,1,1,0,0,1,medio_alto
2,0.0,0,0.0,10,3,1,0,0,0,1,0,1,0,0,0,0,gratuito
4,10000.0,15,0.7333333333333333,1,4,1,0,0,0,0,1,1,1,0,0,0,alto
5,10000.0,83,0.7590361445783133,9,3,1,0,0,0,1,1,1,0,0,0,0,medio_baixo
9,10000.0,2,1.0,1,3,1,0,0,0,1,0,0,1,0,0,0,alto
6,10000.0,1,1.0,2,3,1,0,0,0,1,1,0,1,0,0,0,alto
2,0.0,0,0.0,1,4,1,0,0,0,1,1,1,0,0,0,0,gratuito
5,15000000.0,499828,0.9432264699056475,14,5,1,1,1,1,1,1,1,0,1,0,0,alto
2,10000.0,0,0.0,4,4,1,0,0,1,1,0,0,1,0,1,1,alto
7,35000.0,84,0.8333333333333334,1,2,1,0,0,2,1,1,0,0,0,0,0,gratuito
7,10000.0,17,0.8823529411764706,4,2,1,0,0,0,1,0,0,1,0,0,0,baixo
8,10000.0,11,0.9090909090909091,1,3,1,0,0,0,1,0,0,0,0,1,1,alto
9,10000.0,124,0.5080645161290323,1,2,1,0,0,0,0,1,0,0,0,1,0,baixo
2,10000.0,35,0.9714285714285714,8,3,1,0,0,1,1,0,0,1,0,0,1,medio_baixo
4,10000.0,52,0.7692307692307693,7,4,1,0,0,0,1,0,0,1,0,1,1,baixo
3,10000.0,26,0.7692307692307693,1,1,1,0,0,0,0,0,1,0,0,0,0,medio_alto
2,0.0,0,0.0,1,5,1,0,0,0,1,1,1,0,1,0,0,gratuito
2,10000.0,0,0.0,1,2,1,0,0,1,1,0,1,0,0,0,0,baixo
6,10000.0,48,0.8333333333333334,1,2,1,0,0,2,1,0,0,1,0,0,0,baixo
2,10000.0,8,0.875,1,2,1,1,0,0,1,0,0,0,0,0,0,medio_alto
4,35000.0,181,0.7458563535911602,1,2,1,0,0,2,1,1,0,0,0,0,0,medio_baixo
1,0.0,0,0.0,1,3,1,0,0,0,1,0,1,1,0,0,0,alto
8,10000.0,125,0.92,6,2,1,0,0,0,1,0,1,0,0,0,0,medio_baixo
9,10000.0,18,0.8888888888888888,3,1,1,0,0,0,0,0,0,1,0,0,0,medio_baixo
1,10000.0,54,0.9814814814814815,12,3,1,0,0,0,1,1,0,0,0,1,0,alto
7,10000.0,9,0.6666666666666666,1,4,1,0,0,0,1,0,0,0,0,0,1,medio_alto
1,10000.0,0,0.0,1,2,1,0,0,0,1,0,0,1,0,0,0,medio_baixo
3,0.0,0,0.0,1,3,1,1,0,0,0,0,0,0,0,0,1,gratuito
19,150000.0,299,0.7157190635451505,6,2,1,0,0,0,0,1,0,0,0,1,0,medio_baixo
5,10000.0,8,1.0,2,3,1,0,0,0,1,1,1,0,0,0,0,baixo
4,0.0,0,0.0,1,4,1,0,0,1,1,0,1,1,0,0,0,gratuito
3,10000.0,0,0.0,10,2,1,0,0,0,1,0,0,1,0,0,0,medio_baixo
2,10000.0,6,0.6666666666666666,1,5,1,0,0,0,1,1,1,1,0,0,1,medio_baixo
5,10000.0,50,0.84,1,3,1,1,1,2,1,0,0,0,1,1,0,alto
1,10000.0,0,0.0,6,2,1,1,1,0,1,0,0,1,0,0,0,baixo
9,3500000.0,57563,0.8677796501224745,10,4,1,0,0,12,0,1,0,0,0,1,1,medio_baixo
1,750000.0,2360,0.6711864406779661,14,6,1,1,0,1,1,1,0,1,0,1,1,medio_baixo
3,10000.0,44,0.8863636363636364,1,2,1,0,0,0,1,0,1,0,0,0,0,medio_alto
8,10000.0,1,0.0,1,2,1,0,0,0,1,1,0,0,0,0,0,medio_alto
3,10000.0,18,1.0,2,2,1,1,0,0,1,0,1,0,0,0,0,medio_alto
5,10000.0,3,0.6666666666666666,1,1,1,0,0,0,0,0,0,0,0,1,0,baixo
10,75000.0,89,0.8539325842696629,1,4,1,0,0,0,1,1,1,1,0,0,0,gratuito
8,10000.0,2,1.0,1,3,1,0,0,0,1,0,0,0,0,1,0,gratuito
4,75000.0,298,0.7785234899328859,10,3,1,0,0,0,1,0,0,1,0,0,1,gratuito
9,10000.0,119,0.5714285714285714,1,5,1,0,0,0,1,1,0,1,0,1,1,baixo
1,10000.0,0,0.0,24,3,1,0,0,0,1,0,1,1,0,0,0,medio_alto
1,10000.0,0,0.0,12,2,1,0,0,1,1,1,0,0,0,0,0,alto
1,0.0,0,0.0,0,0,1,0,0,0,0,0,0,0,0,0,0,gratuito
2,10000.0,83,0.6746987951807228,1,2,1,0,0,0,1,1,0,0,0,0,0,alto
15,10000.0,13,0.23076923076923078,1,1,1,0,0,0,1,0,0,0,0,0,0,medio_alto
1,10000.0,0,0.0,7,2,1,0,0,0,1,0,0,0,0,1,0,medio_alto
1,10000.0,6,0.6666666666666666,8,3,1,1,0,0,1,0,0,0,0,1,1,alto
1,0.0,0,0.0,1,2,1,0,0,0,1,0,1,0,0,0,0,medio_baixo
15,3500000.0,40223,0.934042711881262,5,1,1,0,0,2,0,1,0,0,0,0,0,medio_alto
7,3500000.0,87849,0.9109836196200298,18,3,1,0,0,22,0,0,0,1,0,1,1,medio_alto
9,10000.0,19,0.5263157894736842,2,6,1,0,0,0,1,0,0,1,0,0,1,medio_alto
2,10000.0,72,0.9027777777777778,1,3,1,0,0,0,1,0,0,1,0,1,0,medio_alto
17,1500000.0,7624,0.8996589716684156,8,1,1,0,0,0,0,1,0,0,0,0,0,gratuito
1,10000.0,0,0.0,6,3,1,0,0,0,1,0,0,1,0,0,1,medio_baixo
1,10000.0,0,0.0,1,1,1,0,0,0,0,0,0,0,1,0,0,medio_baixo
1,0.0,0,0.0,1,1,1,0,0,0,0,1,0,0,0,0,0,alto
4,150000.0,35,0.9428571428571428,1,1,1,0,0,0,0,0,1,0,0,0,0,baixo
3,0.0,0,0.0,0,0,1,0,0,0,0,0,0,0,0,0,0,gratuito
8,10000.0,58,0.5172413793103449,1,2,1,0,0,0,1,1,0,0,0,0,0,gratuito
3,10000.0,0,0.0,3,2,1,0,0,1,1,1,0,0,0,0,0,baixo
8,35000.0,173,0.7514450867052023,1,3,1,0,0,2,1,0,0,1,0,0,1,gratuito
6,10000.0,12,0.75,2,2,1,0,0,0,1,0,0,1,0,0,0,medio_baixo
2,150000.0,5,0.8,1,4,1,0,1,1,1,0,1,1,0,0,0,gratuito
2,150000.0,1399,0.7333809864188706,12,3,1,0,0,0,0,0,0,0,1,1,1,alto
1,0.0,0,0.0,1,4,1,0,0,0,1,0,1,1,0,0,1,medio_baixo
4,10000.0,5,1.0,1,3,1,0,0,0,1,0,1,0,1,0,0,baixo
8,10000.0,21,0.2857142857142857,1,2,1,0,0,0,0,1,0,0,0,1,0,medio_baixo
2,10000.0,102,0.7254901960784313,12,4,1,0,0,0,0,1,0,0,0,0,1,alto
6,35000.0,20,0.7,1,4,1,0,0,0,1,1,1,0,1,0,0,gratuito
7,10000.0,49,0.2653061224489796,2,5,1,0,0,0,0,0,0,0,0,0,0,medio_baixo
1,10000.0,0,0.0,11,4,1,0,0,0,1,0,1,1,0,0,1,baixo
4,10000.0,30,0.9333333333333333,11,2,1,0,0,0,1,0,0,1,0,0,0,baixo
9,10000.0,87,0.7586206896551724,1,6,1,0,0,0,1,1,1,1,1,1,0,medio_baixo
4,10000.0,5,1.0,6,5,1,0,0,0,1,1,1,0,0,1,0,alto
8,10000.0,3,0.3333333333333333,1,2,1,0,1,0,1,1,0,0,0,0,0,baixo
3,10000.0,1,1.0,1,1,1,0,0,0,0,0,0,1,0,0,0,alto
4,0.0,0,0.0,0,0,1,0,0,0,0,0,0,0,0,0,0,gratuito
2,10000.0,5,1.0,1,3,1,0,0,0,1,1,0,1,0,0,0,baixo
5,10000.0,16,0.9375,1,5,1,0,0,0,0,0,0,1,0,0,1,gratuito
5,350000.0,1568,0.5848214285714286,1,1,1,1,1,0,0,0,0,0,0,0,0,gratuito
4,10000.0,3,1.0,2,2,1,0,0,0,1,0,0,1,0,0,0,medio_alto
4,10000.0,0,0.0,1,1,1,0,0,0,0,0,1,0,0,0,0,baixo
5,0.0,0,0.0,1,5,1,0,0,1,1,1,0,1,0,1,0,gratuito
1,10000.0,0,0.0,2,3,1,0,0,0,1,1,0,0,1,0,0,medio_alto
2,10000.0,2,0.5,1,2,1,1,0,0,1,0,0,0,0,1,0,medio_alto
3,10000.0,168,0.7678571428571429,2,2,1,0,0,0,1,0,0,0,1,0,0,alto
8,10000.0,55,0.9818181818181818,8,3,1,0,0,0,1,1,0,1,0,0,0,gratuito
1,10000.0,17,0.7058823529411765,3,4,1,0,0,0,1,1,1,0,0,0,0,medio_baixo
3,150000.0,164,0.7926829268292683,8,6,1,0,1,0,1,1,1,1,1,0,0,medio_alto
2,10000.0,3,0.6666666666666666,1,4,1,1,0,0,1,1,1,0,1,0,0,baixo
4,10000.0,1,0.0,1,2,1,0,0,0,0,0,1,1,0,0,0,alto
9,10000.0,40,0.625,10,3,1,0,0,1,1,0,0,1,0,0,1,medio_baixo
2,0.0,0,0.0,11,4,1,0,0,0,1,0,0,0,1,1,0,gratuito
3,10000.0,36,0.9444444444444444,1,4,1,1,1,2,1,0,1,1,0,0,1,alto
5,35000.0,726,0.8856749311294766,14,3,1,0,1,2,1,1,1,0,0,0,0,medio_alto
6,10000.0,2,0.5,1,5,1,0,0,0,1,0,1,1,0,1,0,medio_alto
8,10000.0,7,0.7142857142857143,1,5,1,0,0,0,1,1,1,1,0,1,0,medio_baixo
1,10000.0,0,0.0,11,4,1,0,0,0,1,0,0,0,0,0,1,alto
4,10000.0,5,1.0,5,5,1,0,0,0,1,1,1,0,1,1,0,alto
4,10000.0,2,1.0,1,3,1,0,0,0,0,1,0,0,0,1,1,medio_alto
5,150000.0,1726,0.753765932792584,13,5,1,0,0,4,1,1,1,0,1,0,0,medio_alto
7,750000.0,6093,0.8069916297390448,1,2,1,0,0,0,0,1,0,0,0,0,0,alto
9,75000.0,845,0.7810650887573964,1,2,1,0,0,1,1,0,1,0,0,0,0,alto
3,10000.0,0,0.0,1,4,1,1,1,0,1,0,1,1,0,0,1,baixo
3,150000.0,10,1.0,1,2,1,0,0,0,1,0,1,0,0,0,0,baixo
1,10000.0,0,0.0,1,4,1,0,0,0,1,0,1,1,0,0,0,gratuito
2,35000.0,175,1.0,1,1,1,0,0,0,1,0,0,0,0,0,0,alto
5,10000.0,13,1.0,2,2,1,0,0,1,0,0,0,1,1,0,0,medio_baixo
5,35000.0,145,0.8275862068965517,1,2,1,0,0,0,1,0,0,0,0,0,0,gratuito
8,10000.0,16,0.6875,1,2,1,0,0,0,1,0,0,0,1,0,0,baixo
10,150000.0,1157,0.888504753673293,5,1,1,0,0,1,0,1,0,0,0,0,0,medio_alto
5,10000.0,8,0.875,1,3,1,0,0,0,1,1,1,0,0,0,0,medio_baixo
1,10000.0,0,0.0,2,4,1,0,0,0,1,1,1,0,0,0,1,medio_baixo
7,10000.0,10,0.6,2,4,1,0,0,0,0,0,0,1,0,1,0,gratuito
1,10000.0,2,1.0,1,2,1,0,0,0,1,1,0,0,0,0,0,baixo
10,150000.0,1915,0.9718015665796345,8,3,1,0,0,0,1,0,1,0,1,0,0,gratuito
4,0.0,0,0.0,0,0,1,0,0,0,0,0,0,0,0,0,0,gratuito
1,10000.0,0,0.0,1,3,1,0,0,0,1,0,0,1,0,1,0,medio_alto
5,35000.0,14,0.5714285714285714,1,2,1,0,1,0,1,0,0,0,1,0,0,baixo
5,10000.0,87,0.6666666666666666,1,1,1,0,0,1,0,0,0,0,1,0,0,medio_baixo
10,35000.0,83,0.7469879518072289,1,2,1,0,0,0,1,0,0,0,0,0,1,gratuito
2,10000.0,0,0.0,1,3,1,0,0,2,1,0,0,0,0,0,1,gratuito
3,10000.0,22,1.0,9,3,1,1,1,0,1,1,0,1,0,0,0,alto
7,35000.0,87,0.8620689655172413,1,2,1,0,0,0,1,0,0,0,1,0,0,alto
1,10000.0,0,0.0,2,3,1,0,0,0,1,1,0,1,0,0,0,medio_baixo
1,0.0,0,0.0,0,0,1,0,0,0,0,0,0,0,0,0,0,gratuito
4,35000.0,16,0.875,1,3,1,0,0,0,1,1,0,0,0,0,0,alto
1,10000.0,1,1.0,2,2,1,1,0,0,1,0,1,0,0,0,0,medio_baixo
5,10000.0,24,0.625,2,7,1,0,1,0,1,1,1,0,1,0,0,gratuito
5,10000.0,16,0.8125,1,3,1,0,0,0,1,0,0,1,0,1,0,medio_alto
5,10000.0,4,0.25,3,4,1,0,0,0,1,1,1,1,0,0,0,medio_alto
3,10000.0,11,0.2727272727272727,8,5,1,0,0,0,1,0,0,1,0,1,1,alto
1,0.0,0,0.0,1,1,1,0,0,0,1,0,0,0,0,0,0,medio_alto
4,10000.0,24,1.0,2,2,1,0,0,0,1,0,0,1,0,0,0,baixo
4,0.0,0,0.0,0,0,1,0,0,0,0,0,0,0,0,0,0,gratuito
4,10000.0,3,0.3333333333333333,1,1,1,0,0,0,0,1,0,0,0,0,0,medio_baixo
4,10000.0,0,0.0,4,2,1,0,0,0,0,0,1,0,0,0,0,medio_alto
4,35000.0,2,1.0,1,3,1,1,0,0,1,1,0,1,0,0,0,medio_alto
8,10000.0,16,0.6875,10,3,1,0,0,0,1,0,0,1,0,1,0,baixo
9,10000.0,51,0.8431372549019608,1,1,1,0,0,0,0,0,1,0,0,0,0,gratuito
1,0.0,0,0.0,3,4,1,0,0,4,1,1,0,1,0,0,0,gratuito
10,35000.0,52,0.7115384615384616,1,2,1,0,0,0,1,1,0,0,0,0,0,medio_baixo
1,0.0,0,0.0,4,3,1,0,0,0,1,0,1,0,0,0,1,alto
4,10000.0,7,1.0,12,2,1,1,1,0,1,0,0,1,0,0,0,baixo
2,10000.0,6,0.8333333333333334,2,5,1,0,0,0,1,1,1,1,0,0,0,gratuito
1,0.0,0,0.0,2,6,1,0,1,1,1,1,0,0,1,1,0,gratuito
4,10000.0,0,0.0,14,3,1,0,0,0,0,0,0,1,1,0,1,medio_alto
2,350000.0,9654,0.9297700435052828,13,2,1,0,0,6,0,0,1,0,1,0,0,alto
10,350000.0,2831,0.8159660897209466,8,1,1,1,1,0,0,0,1,0,0,0,0,baixo
4,10000.0,1,0.0,1,4,1,0,0,0,0,1,0,0,0,0,0,medio_alto
1,10000.0,0,0.0,9,3,1,0,0,0,1,1,1,0,0,0,0,baixo
8,10000.0,30,0.7666666666666667,1,1,1,1,1,5,0,1,0,0,0,0,0,gratuito
12,35000.0,646,0.8111455108359134,9,3,1,1,0,0,1,0,1,1,0,0,0,medio_baixo
8,75000.0,975,0.8789743589743589,5,2,1,1,1,2,1,0,1,0,0,0,0,alto
3,0.0,0,0.0,0,0,1,0,0,0,0,0,0,0,0,0,0,gratuito
6,10000.0,31,0.6774193548387096,8,6,1,1,0,0,1,1,1,1,0,1,1,medio_alto
8,75000.0,327,0.2874617737003058,1,7,1,1,1,0,1,1,1,1,1,1,0,gratuito
7,10000.0,8,0.5,1,3,1,0,0,0,1,0,1,0,1,0,0,alto
1,0.0,0,0.0,13,3,1,0,0,0,1,0,0,1,0,0,1,baixo
1,10000.0,0,0.0,1,3,1,0,0,0,1,1,0,1,0,0,0,baixo
3,10000.0,0,0.0,2,3,1,0,0,0,0,1,0,1,0,1,0,baixo
4,35000.0,50,0.82,29,2,1,0,0,0,1,0,0,1,0,0,0,baixo
1,10000.0,11,1.0,1,3,1,0,0,0,1,1,1,0,0,0,0,baixo
1,0.0,0,0.0,1,4,1,0,0,0,0,0,1,0,1,1,0,gratuito
2,10000.0,4,0.75,1,4,1,0,0,0,1,1,1,0,1,0,0,alto
4,10000.0,8,0.75,2,1,1,1,1,0,1,0,0,0,0,0,0,medio_alto
2,10000.0,11,0.8181818181818182,2,3,1,0,0,0,1,0,0,1,0,0,0,alto
5,35000.0,11,0.8181818181818182,2,2,1,0,0,0,1,0,1,0,0,0,0,baixo
3,0.0,0,0.0,1,2,1,1,0,0,1,0,0,0,0,0,0,gratuito
6,10000.0,508,0.9448818897637795,19,3,1,0,0,0,0,0,1,0,0,0,1,medio_alto
4,10000.0,6,0.6666666666666666,9,3,1,0,0,0,1,1,0,0,1,0,0,medio_baixo
4,35000.0,15,0.4666666666666667,1,3,1,0,0,0,1,0,1,1,0,0,0,baixo
1,10000.0,19,1.0,12,3,1,0,0,1,1,0,1,0,1,0,0,medio_baixo
1,0.0,0,0.0,1,4,1,0,0,0,1,0,0,1,0,1,1,medio_baixo
3,35000.0,93,0.5268817204301075,1,3,1,0,0,0,1,1,0,0,0,0,0,alto
3,35000.0,6,1.0,1,2,1,0,0,0,0,0,1,0,1,0,0,baixo
4,10000.0,14,1.0,1,2,1,1,1,0,1,1,0,0,0,0,0,medio_baixo
2,35000.0,15,0.9333333333333333,3,4,1,0,0,0,1,1,1,0,1,0,0,alto
11,10000.0,17,0.5882352941176471,1,2,1,0,0,0,0,1,0,1,0,0,0,medio_baixo
3,10000.0,0,0.0,1,3,1,1,1,0,0,0,1,1,1,0,0,gratuito
5,10000.0,7,0.7142857142857143,1,4,1,0,0,0,1,0,1,1,0,0,1,medio_baixo
4,75000.0,66,0.6666666666666666,1,3,1,0,0,0,0,1,0,0,0,0,0,gratuito
1,0.0,0,0.0,3,3,1,0,0,0,1,0,0,0,0,1,0,alto
6,10000.0,16,0.75,1,2,1,0,0,0,1,0,0,0,1,0,0,medio_baixo
8,75000.0,132,0.8939393939393939,1,2,1,0,1,2,1,1,0,0,0,0,0,medio_alto
5,10000.0,0,0.0,1,3,1,0,0,0,1,1,1,0,0,0,0,alto
1,10000.0,0,0.0,3,3,1,0,0,1,1,1,1,0,0,0,0,medio_alto
1,10000.0,0,0.0,1,4,1,0,0,0,1,0,0,1,1,0,1,alto
4,10000.0,17,0.8235294117647058,2,3,1,0,0,0,0,1,1,0,1,0,0,medio_baixo
2,10000.0,27,0.8888888888888888,1,3,1,0,0,0,1,1,0,0,0,1,0,medio_baixo
1,10000.0,0,0.0,1,1,1,0,0,0,0,0,0,1,0,0,0,baixo
4,0.0,0,0.0,1,3,1,0,1,5,0,1,0,0,0,0,0,gratuito
6,10000.0,3,1.0,1,2,1,0,0,0,1,1,0,0,0,0,0,medio_baixo
8,10000.0,29,0.27586206896551724,2,5,1,0,0,0,1,1,1,0,0,0,0,baixo
2,0.0,0,0.0,3,2,1,0,0,0,1,0,1,0,0,0,0,gratuito
2,0.0,0,0.0,0,0,1,0,0,0,0,0,0,0,0,0,0,gratuito
2,10000.0,6,1.0,2,5,1,0,0,0,1,1,1,1,0,0,0,gratuito
2,10000.0,0,0.0,1,2,1,0,0,0,0,0,1,1,0,0,0,alto
1,10000.0,0,0.0,1,4,1,0,0,0,1,1,0,1,0,1,0,medio_baixo
5,10000.0,179,0.7821229050279329,7,2,1,0,0,2,1,0,0,0,0,1,0,medio_alto
3,0.0,0,0.0,0,0,1,0,0,0,0,0,0,0,0,0,0,gratuito
3,10000.0,49,0.8775510204081632,1,3,1,0,0,0,0,0,0,1,0,0,1,medio_baixo
2,10000.0,0,0.0,3,2,1,0,0,0,1,0,0,1,0,0,0,medio_alto
11,150000.0,156,0.6923076923076923,1,1,1,0,0,0,1,0,0,0,0,0,0,baixo
1,0.0,0,0.0,6,4,1,1,0,0,1,0,0,1,0,0,1,gratuito
4,0.0,0,0.0,0,0,1,0,0,0,0,0,0,0,0,0,0,gratuito
2,35000.0,25,0.44,8,4,1,0,0,0,1,1,1,0,1,0,0,medio_baixo
9,10000.0,4,1.0,1,3,1,0,0,0,1,1,0,1,0,0,0,baixo
3,10000.0,13,0.6923076923076923,3,3,1,0,0,0,1,1,1,0,0,0,0,alto
6,10000.0,32,0.96875,1,1,1,1,0,0,0,0,0,1,0,0,0,baixo
10,35000.0,166,0.9457831325301205,1,3,1,0,0,1,1,0,1,0,1,0,0,medio_baixo
9,350000.0,511,0.7925636007827789,2,4,1,1,0,0,1,1,0,0,0,0,0,gratuito
2,10000.0,0,0.0,31,2,1,0,0,0,1,0,0,1,0,0,0,baixo
10,10000.0,53,0.6981132075471698,2,3,1,1,1,0,1,0,1,1,0,0,0,medio_baixo
1,0.0,0,0.0,31,2,1,0,0,0,1,0,0,1,0,0,0,baixo
4,10000.0,3,0.6666666666666666,1,3,1,0,0,0,1,0,1,1,0,0,0,medio_baixo
3,10000.0,5,1.0,1,1,1,0,0,0,0,0,0,1,0,0,0,medio_baixo
5,0.0,0,0.0,1,1,1,0,0,0,0,0,0,0,0,0,0,gratuito
7,10000.0,0,0.0,4,3,1,0,0,0,1,0,1,1,0,0,0,medio_baixo
9,35000.0,10,0.9,1,2,1,0,0,0,1,0,0,1,0,0,0,medio_baixo
5,10000.0,7,0.42857142857142855,1,6,1,0,0,0,0,1,1,1,0,1,1,medio_alto
9,75000.0,175,0.5428571428571428,3,2,1,0,0,0,1,0,1,0,0,0,0,medio_baixo
10,150000.0,188,0.6223404255319149,1,5,1,0,0,0,1,0,0,1,0,1,1,baixo
1,0.0,0,0.0,2,3,1,0,0,0,1,0,0,0,1,1,0,medio_alto
4,10000.0,0,0.0,1,2,1,0,0,0,1,0,1,0,0,0,0,baixo
5,10000.0,17,1.0,1,1,1,0,0,0,0,0,0,1,0,0,0,baixo
2,10000.0,100,0.86,0,2,1,0,0,0,1,1,0,0,0,0,0,alto
2,10000.0,1,0.0,1,3,1,0,0,0,1,0,1,0,1,0,0,alto
2,10000.0,5,0.8,2,3,1,0,0,0,1,0,0,1,0,0,1,medio_baixo
8,10000.0,8,0.875,1,2,1,0,0,0,1,1,0,0,0,0,0,gratuito
3,10000.0,27,0.8518518518518519,1,2,1,0,0,0,1,0,0,0,1,0,0,medio_alto
9,10000.0,33,0.9393939393939394,1,3,1,1,1,0,1,0,1,0,1,0,0,medio_baixo
1,10000.0,0,0.0,1,2,1,0,0,0,0,0,0,1,1,0,0,alto
3,10000.0,32,0.84375,1,3,1,0,0,0,1,1,1,0,0,0,0,medio_baixo
7,10000.0,7,0.5714285714285714,1,3,1,0,0,100,1,1,0,1,0,0,0,gratuito
5,10000.0,4,1.0,1,2,1,1,0,0,1,0,0,1,0,0,0,medio_alto
6,10000.0,101,0.6237623762376238,1,2,1,0,0,0,0,0,0,0,1,1,0,alto
3,10000.0,3,1.0,1,3,1,0,0,0,1,1,1,0,0,0,0,medio_baixo
3,10000.0,6,0.3333333333333333,1,1,1,1,0,0,0,0,0,1,0,0,0,medio_alto
8,150000.0,958,0.7473903966597077,1,2,1,1,1,0,0,0,0,0,0,0,1,alto
1,0.0,0,0.0,103,4,1,0,0,0,1,1,0,1,0,0,0,gratuito
2,10000.0,0,0.0,1,7,1,0,0,0,1,0,1,1,1,1,1,gratuito
3,0.0,0,0.0,0,0,1,0,0,0,0,0,0,0,0,0,0,gratuito
9,10000.0,3,0.3333333333333333,1,5,1,0,0,0,1,1,0,1,0,0,1,alto
9,350000.0,50,0.42,1,4,1,0,0,0,1,1,0,0,0,1,0,baixo
1,10000.0,0,0.0,1,3,1,0,0,0,0,1,1,0,1,0,0,alto
4,35000.0,2,1.0,4,2,1,0,0,0,0,0,1,1,0,0,0,alto
3,10000.0,4,0.75,4,4,1,0,0,0,1,1,1,0,0,0,0,medio_alto
3,10000.0,0,0.0,3,2,1,1,1,0,1,0,0,1,0,0,0,medio_baixo
2,350000.0,0,0.0,13,4,1,1,1,1,1,0,1,1,0,0,0,alto
3,10000.0,6,1.0,1,4,1,0,0,0,1,1,0,0,1,0,0,medio_alto
3,0.0,0,0.0,0,0,1,0,0,0,0,0,0,0,0,0,0,gratuito
7,10000.0,0,0.0,1,3,1,0,0,0,1,1,0,1,0,0,0,medio_baixo
5,10000.0,3,1.0,1,3,1,0,0,0,1,1,0,1,0,0,0,medio_alto
12,1500000.0,19183,0.8880779857165199,11,3,1,1,1,9,1,0,0,0,0,1,1,medio_alto
4,10000.0,4,0.75,1,2,1,0,0,0,1,1,0,0,0,0,0,medio_alto
4,10000.0,121,0.9173553719008265,11,2,1,0,0,0,1,1,0,0,0,0,0,baixo
2,75000.0,422,0.8080568720379147,5,3,1,0,0,0,1,1,0,0,0,1,0,medio_baixo
7,1500000.0,26502,0.6474605690136593,6,2,1,1,1,5,0,0,0,0,0,1,1,alto
8,75000.0,153,0.6535947712418301,1,4,1,0,0,0,1,0,0,0,0,1,1,gratuito
4,10000.0,1,0.0,1,1,1,1,0,0,0,0,0,0,1,0,0,alto
1,0.0,0,0.0,6,4,1,0,0,0,1,0,0,1,1,0,1,medio_baixo
3,10000.0,4,1.0,1,2,1,0,0,0,1,1,0,0,0,0,0,baixo
5,10000.0,11,1.0,1,5,1,0,0,0,0,0,0,0,0,0,0,medio_alto
2,10000.0,2,1.0,1,1,1,0,0,0,0,0,0,1,0,0,0,medio_alto
10,75000.0,370,0.7648648648648648,1,2,1,1,1,0,1,0,1,0,0,0,0,medio_baixo
6,10000.0,4,1.0,2,3,1,0,0,0,1,1,0,1,0,0,0,medio_alto
7,10000.0,14,0.5,1,6,1,0,0,0,1,1,1,1,0,1,1,alto
7,10000.0,34,0.7647058823529411,1,2,1,0,0,3,1,0,0,1,0,0,0,baixo
1,10000.0,0,0.0,11,3,1,0,0,0,1,0,1,0,0,0,1,alto
1,10000.0,0,0.0,1,3,1,0,0,0,1,1,1,0,0,0,0,medio_alto
3,10000.0,1,1.0,1,3,1,0,0,0,1,0,0,0,0,1,0,alto
4,10000.0,1,1.0,2,2,1,0,0,0,1,0,0,1,0,0,0,medio_baixo
6,10000.0,11,0.6363636363636364,1,2,1,0,0,0,1,0,0,0,1,0,0,medio_baixo
3,10000.0,0,0.0,7,4,1,0,0,0,1,1,1,0,0,1,0,gratuito
2,10000.0,0,0.0,16,3,1,1,1,0,1,0,0,1,0,0,0,gratuito
1,10000.0,2,0.5,4,4,1,0,0,0,1,0,0,0,1,1,1,alto
3,10000.0,40,0.9,2,2,1,0,0,0,0,0,0,1,0,1,0,medio_baixo
5,10000.0,132,0.8484848484848485,7,3,1,1,0,1,1,1,1,0,0,0,0,medio_alto
2,0.0,0,0.0,1,1,1,1,1,0,0,0,0,0,0,0,0,gratuito
4,0.0,0,0.0,0,0,1,0,0,0,0,0,0,0,0,0,0,gratuito
11,350000.0,3930,0.9162849872773536,9,2,1,1,0,0,1,1,0,0,0,0,0,medio_alto
3,10000.0,0,0.0,1,3,1,0,1,2,1,0,0,1,0,0,1,medio_baixo
1,0.0,0,0.0,0,0,1,0,0,0,0,0,0,0,0,0,0,gratuito
3,10000.0,6,0.8333333333333334,1,3,1,0,0,0,0,0,0,0,0,1,1,gratuito
3,10000.0,2,1.0,1,2,1,0,0,0,0,0,0,0,0,1,0,alto
6,10000.0,28,1.0,1,3,1,0,0,0,0,0,0,1,1,0,1,medio_alto
3,0.0,0,0.0,103,9,1,1,1,0,1,1,1,1,1,1,1,alto
9,350000.0,2865,0.7961605584642234,12,4,1,1,1,6,1,1,1,0,0,1,0,medio_baixo
5,10000.0,5,0.8,1,4,1,0,0,1,1,0,0,1,1,1,0,baixo
2,35000.0,522,0.9233716475095786,4,2,1,0,0,0,0,0,0,0,0,1,1,medio_alto
8,10000.0,13,0.7692307692307693,1,4,1,0,0,0,1,1,0,1,0,0,0,gratuito
4,10000.0,22,0.9545454545454546,1,4,1,1,0,0,1,1,0,0,0,0,0,alto
3,0.0,0,0.0,0,0,1,0,0,0,0,0,0,0,0,0,0,gratuito
2,10000.0,11,1.0,1,2,1,0,0,0,1,0,0,1,0,0,0,medio_alto
1,0.0,0,0.0,1,4,1,0,0,0,1,1,1,0,1,0,0,alto
2,10000.0,6,0.6666666666666666,1,3,1,0,0,0,1,0,0,1,0,0,1,medio_alto
7,10000.0,7,0.8571428571428571,1,2,1,0,0,0,1,0,0,0,1,0,0,medio_baixo
2,10000.0,59,0.6949152542372882,30,7,1,0,0,0,0,0,0,0,0,0,0,medio_baixo
1,10000.0,2,0.5,6,4,1,0,0,0,1,0,1,1,1,0,0,baixo
8,10000.0,11,0.5454545454545454,1,2,1,0,0,0,1,0,0,1,0,0,0,medio_baixo
5,10000.0,15,0.8,10,4,1,0,0,0,1,1,1,0,0,0,1,alto
8,10000.0,53,0.7358490566037735,7,5,1,0,0,0,1,0,1,1,1,0,1,medio_alto
7,10000.0,2,1.0,1,1,1,0,0,0,0,0,0,1,0,0,0,baixo
4,10000.0,24,0.8333333333333334,1,3,1,0,0,1,1,1,1,0,0,0,0,medio_alto
1,0.0,0,0.0,1,3,1,0,1,1,1,1,0,0,0,0,0,gratuito
8,10000.0,5,0.2,1,3,1,0,0,0,1,1,1,0,0,0,0,medio_alto
1,0.0,0,0.0,2,3,1,1,1,0,1,0,0,1,0,0,1,medio_alto
2,10000.0,81,0.8888888888888888,13,5,1,0,0,0,1,1,0,1,0,1,1,baixo
5,10000.0,41,0.8536585365853658,1,1,1,0,0,0,1,0,0,0,0,0,0,medio_baixo
2,0.0,0,0.0,103,1,1,0,0,0,1,0,0,0,0,0,0,medio_baixo
4,10000.0,0,0.0,9,1,1,1,0,0,0,1,0,0,0,0,0,alto
8,35000.0,21,0.42857142857142855,1,2,1,0,1,0,1,1,0,0,0,0,0,baixo
8,10000.0,4,0.75,1,4,1,0,0,0,1,0,1,1,1,0,0,medio_alto
1,0.0,0,0.0,2,1,1,0,0,0,1,0,0,0,0,0,0,medio_baixo
2,10000.0,0,0.0,1,1,1,0,0,0,0,0,0,0,0,0,1,alto
11,10000.0,53,0.20754716981132076,5,2,1,0,0,0,0,1,0,0,0,0,0,baixo
4,10000.0,44,0.9545454545454546,1,2,1,0,0,0,1,1,0,0,0,0,0,alto
3,10000.0,3,0.3333333333333333,1,3,1,0,0,0,1,0,1,0,0,0,1,baixo
2,0.0,0,0.0,1,2,1,1,1,0,0,0,0,0,0,1,0,gratuito
3,10000.0,24,0.5,2,2,1,0,0,0,1,1,0,0,0,0,0,alto
11,75000.0,816,0.6262254901960784,5,3,1,0,0,33,0,0,0,0,0,0,1,alto
1,0.0,0,0.0,28,3,1,1,1,0,0,0,1,1,1,0,0,alto
1,10000.0,0,0.0,1,3,1,0,0,0,1,1,0,1,0,0,0,medio_alto
1,10000.0,10,1.0,1,3,1,0,0,0,1,1,0,1,0,0,0,medio_alto
9,150000.0,1831,0.8246859639541234,10,2,1,0,0,1,1,1,0,0,0,0,0,baixo
4,750000.0,15665,0.9124162144909033,24,3,1,0,0,0,1,1,1,0,0,0,0,medio_baixo
3,10000.0,17,1.0,1,4,1,0,1,1,1,0,1,0,1,0,0,alto
5,10000.0,215,0.7069767441860465,15,2,1,0,0,0,1,0,1,0,0,0,0,medio_baixo
1,10000.0,4,1.0,3,2,1,0,0,0,1,1,0,0,0,0,0,medio_alto
2,0.0,0,0.0,4,4,1,0,0,0,1,0,0,1,0,1,0,gratuito
5,10000.0,12,1.0,1,2,1,0,0,0,1,1,0,0,0,0,0,medio_baixo
1,0.0,0,0.0,103,1,1,0,0,0,0,0,0,1,0,0,0,medio_baixo
3,10000.0,69,1.0,1,3,1,1,1,0,1,1,1,0,0,0,0,baixo
4,10000.0,1,0.0,1,1,1,0,0,0,0,1,0,0,0,0,0,medio_baixo
3,10000.0,4,1.0,1,3,1,0,0,0,1,0,1,1,0,0,0,medio_alto
2,10000.0,0,0.0,1,4,1,1,1,0,1,0,1,1,0,0,0,gratuito
1,10000.0,0,0.0,6,3,1,0,0,0,1,1,0,1,0,0,0,medio_alto
7,10000.0,4,1.0,1,2,1,0,0,0,1,0,1,0,0,0,0,baixo
1,0.0,0,0.0,6,3,1,0,0,0,0,0,0,1,1,0,0,alto
2,0.0,0,0.0,103,2,1,0,0,0,1,0,0,1,0,0,0,baixo
2,10000.0,11,1.0,1,3,1,0,1,0,1,1,1,0,0,0,0,medio_baixo
12,350000.0,1352,0.8683431952662722,1,3,1,1,0,1,1,0,1,1,0,0,0,alto
3,10000.0,19,0.5789473684210527,1,4,1,0,0,0,1,0,1,1,0,0,0,gratuito
3,35000.0,33,0.45454545454545453,1,3,1,0,0,7,1,1,0,0,0,0,0,gratuito
5,35000.0,139,0.5323741007194245,3,2,1,0,0,0,1,0,0,0,1,0,0,medio_alto
7,10000.0,9,0.6666666666666666,1,3,1,0,1,0,1,0,1,1,0,0,0,baixo
7,10000.0,22,0.7272727272727273,29,3,1,0,0,1,1,0,1,1,0,0,0,baixo
12,10000.0,27,0.3333333333333333,1,3,1,0,0,0,1,0,1,0,1,0,0,alto
6,10000.0,0,0.0,1,2,1,0,0,0,0,0,0,0,0,0,0,alto
1,10000.0,0,0.0,3,4,1,0,0,0,1,0,1,0,1,0,0,baixo
6,10000.0,11,0.8181818181818182,1,3,1,0,1,0,1,1,0,1,0,0,0,baixo
8,10000.0,65,0.8461538461538461,1,3,1,1,0,0,1,0,1,1,0,0,0,medio_baixo
8,10000.0,300,0.5633333333333334,11,3,1,0,0,0,0,0,0,1,0,0,1,gratuito
4,35000.0,7,1.0,1,5,1,0,0,0,1,1,1,0,1,1,0,baixo
1,0.0,0,0.0,0,0,1,0,0,0,0,0,0,0,0,0,0,gratuito
8,10000.0,4,0.75,2,3,1,0,0,0,1,1,0,0,0,0,0,medio_baixo
2,10000.0,164,0.7682926829268293,12,4,1,0,0,2,1,1,1,0,1,0,0,alto
2,10000.0,202,0.5891089108910891,18,3,1,0,0,0,1,0,0,0,0,0,1,medio_alto
4,10000.0,17,0.5294117647058824,1,5,1,0,0,0,1,0,0,1,0,0,1,baixo
9,10000.0,20,0.6,1,6,1,0,0,0,1,1,1,1,0,0,1,alto
3,35000.0,501,0.844311377245509,18,3,1,0,0,1,1,0,0,0,0,1,1,medio_alto
1,10000.0,0,0.0,2,5,1,0,0,0,1,1,1,0,0,0,0,medio_alto
4,10000.0,0,0.0,1,5,1,0,0,0,1,1,1,1,0,1,0,medio_alto
3,0.0,0,0.0,0,0,1,0,0,0,0,0,0,0,0,0,0,gratuito
1,0.0,0,0.0,1,3,1,0,0,0,1,0,1,0,0,0,0,gratuito
4,0.0,0,0.0,0,0,1,0,0,0,0,0,0,0,0,0,0,gratuito
1,0.0,0,0.0,1,4,1,0,0,0,1,1,1,1,0,0,0,medio_alto
4,35000.0,150,0.6866666666666666,1,2,1,0,0,0,0,1,0,0,1,0,0,medio_alto
5,75000.0,4,0.5,1,3,1,0,0,0,0,1,1,0,0,1,0,medio_baixo
6,10000.0,16,0.5625,8,3,1,1,0,0,1,0,1,1,0,0,0,baixo
14,150000.0,3302,0.9672925499697154,7,2,1,1,1,2,1,0,1,0,0,0,0,medio_baixo
8,10000.0,7,0.8571428571428571,2,6,1,0,0,0,1,1,1,1,0,0,1,medio_baixo
2,10000.0,0,0.0,2,2,1,0,0,0,0,1,0,0,0,0,0,alto
1,0.0,0,0.0,3,5,1,0,0,0,1,1,1,1,0,0,0,gratuito
1,0.0,0,0.0,103,3,1,0,0,0,0,0,0,1,0,0,1,gratuito
6,10000.0,32,0.96875,1,3,1,0,0,1,1,0,0,1,0,1,0,alto
5,35000.0,455,0.8307692307692308,1,2,1,1,0,1,1,0,0,0,1,0,0,alto
1,35000.0,5,1.0,1,2,1,0,0,0,1,1,0,0,0,0,0,medio_baixo
1,10000.0,11,0.8181818181818182,1,2,1,0,0,0,1,0,0,1,0,0,0,baixo
7,10000.0,91,0.7142857142857143,1,7,1,0,0,0,1,1,1,0,1,0,0,gratuito
7,150000.0,1619,0.7930821494749846,12,4,1,0,0,2,1,1,0,1,0,0,0,alto
4,10000.0,13,0.8461538461538461,1,2,1,0,0,0,0,0,1,1,0,0,0,medio_alto
8,150000.0,356,0.6853932584269663,1,3,1,0,0,0,0,0,0,1,1,0,0,gratuito
3,150000.0,2258,0.8091231178033658,5,2,1,0,0,4,0,0,0,0,1,1,0,alto
7,10000.0,17,0.9411764705882353,1,4,1,1,0,0,1,0,1,1,0,0,1,gratuito
4,35000.0,903,0.7032115171650055,1,4,1,0,0,1,1,1,1,0,0,0,1,medio_alto
4,35000.0,57,0.7719298245614035,3,4,1,0,0,0,0,1,1,1,1,0,0,medio_baixo
9,35000.0,77,0.4805194805194805,1,3,1,0,0,0,1,0,1,1,0,0,0,medio_baixo
9,10000.0,23,0.6956521739130435,1,2,1,0,0,0,1,0,1,0,0,0,0,baixo
5,10000.0,19,0.42105263157894735,2,3,1,0,0,0,1,0,0,1,0,0,1,baixo
3,10000.0,0,0.0,13,1,1,0,0,0,0,0,0,1,0,0,0,medio_baixo
5,10000.0,5,0.8,1,3,1,1,0,1,1,1,1,0,0,0,0,medio_alto
4,10000.0,1,1.0,1,3,1,0,0,0,1,1,0,0,0,0,0,alto
5,150000.0,1443,0.8205128205128205,12,3,1,0,0,0,1,0,0,1,0,0,1,alto
2,10000.0,13,0.9230769230769231,0,2,1,0,0,0,0,0,0,1,1,0,0,alto
3,350000.0,2730,0.9498168498168498,16,1,1,0,0,0,0,0,1,0,0,0,0,alto
9,10000.0,9,0.8888888888888888,1,2,1,0,0,0,0,0,0,1,0,0,1,medio_baixo
8,10000.0,21,0.9047619047619048,1,2,1,1,0,1,1,0,1,0,0,0,0,medio_alto
8,350000.0,3527,0.8415083640487666,4,4,1,0,0,6,1,1,1,0,1,0,0,medio_baixo
5,35000.0,651,0.7557603686635944,3,3,1,1,0,1,1,1,0,0,0,1,0,medio_baixo
1,10000.0,0,0.0,3,2,1,0,0,0,1,1,0,0,0,0,0,alto
3,10000.0,0,0.0,1,3,1,1,0,0,1,0,0,0,1,0,0,gratuito
9,10000.0,11,0.6363636363636364,1,3,1,1,1,0,1,0,1,0,1,0,0,medio_baixo
1,0.0,0,0.0,1,4,1,0,0,0,1,1,1,1,0,0,0,baixo
5,10000.0,0,0.0,1,4,1,1,0,0,0,1,1,0,0,1,0,medio_baixo
3,35000.0,123,0.9512195121951219,1,2,1,0,0,0,1,0,0,0,1,0,0,medio_alto
3,35000.0,7,0.14285714285714285,4,2,1,0,0,1,0,0,1,1,0,0,0,medio_alto
6,10000.0,28,0.7857142857142857,1,3,1,1,1,2,1,0,0,0,1,0,1,alto
3,0.0,0,0.0,0,0,1,0,0,0,0,0,0,0,0,0,0,gratuito
3,10000.0,80,0.925,1,1,1,0,0,0,0,0,1,0,0,0,0,medio_alto
4,10000.0,0,0.0,3,3,1,0,0,0,1,0,1,0,0,0,1,alto
9,10000.0,2,1.0,1,3,1,0,0,0,1,1,0,1,0,0,0,medio_alto
6,10000.0,0,0.0,1,2,1,0,0,0,1,0,0,1,0,0,0,baixo
4,10000.0,13,0.15384615384615385,1,5,1,1,1,0,1,1,1,1,1,0,0,medio_alto
1,0.0,0,0.0,103,2,1,0,0,0,1,0,0,1,0,0,0,baixo
2,10000.0,528,0.6988636363636364,12,2,1,0,0,2,0,0,0,0,0,0,1,alto
5,10000.0,4,0.75,103,3,1,0,0,0,1,0,0,1,0,0,1,baixo
6,10000.0,34,0.8529411764705882,1,2,1,0,0,0,1,0,0,1,0,0,0,medio_baixo
3,10000.0,0,0.0,10,3,1,0,0,0,1,1,0,1,0,0,0,medio_baixo
1,0.0,0,0.0,12,3,1,0,0,0,1,0,0,1,0,0,1,gratuito
2,10000.0,35,1.0,1,3,1,0,0,0,1,1,1,0,0,0,0,baixo
1,10000.0,0,0.0,1,5,1,0,0,0,1,1,1,0,1,0,0,alto
1,0.0,0,0.0,0,0,1,0,0,0,0,0,0,0,0,0,0,gratuito
2,10000.0,2,0.5,2,5,1,0,0,0,1,1,0,1,1,0,0,medio_baixo
2,10000.0,0,0.0,1,3,1,1,1,0,1,0,1,1,0,0,0,medio_alto
10,350000.0,556,0.7643884892086331,7,3,1,0,0,0,1,1,0,0,0,1,0,baixo
4,35000.0,11,0.8181818181818182,1,3,1,1,1,0,0,0,0,1,0,0,0,gratuito
1,0.0,0,0.0,1,4,1,0,0,0,1,0,0,1,0,1,0,gratuito
1,10000.0,6,0.8333333333333334,1,2,1,0,0,0,0,1,1,0,0,0,0,alto
1,10000.0,0,0.0,1,2,1,0,0,0,1,0,0,1,0,0,0,medio_baixo
1,10000.0,0,0.0,1,3,1,0,0,0,1,0,0,1,1,0,0,medio_baixo
3,10000.0,181,0.9779005524861878,1,2,1,0,1,0,0,0,0,1,1,0,0,baixo
5,10000.0,8,0.875,1,3,1,0,0,0,1,1,0,0,0,0,0,gratuito
4,35000.0,35,0.8571428571428571,7,3,1,0,0,0,1,0,0,1,0,1,0,alto
2,10000.0,4,1.0,1,1,1,0,0,0,0,0,0,0,0,1,0,alto
4,10000.0,122,0.9508196721311475,1,3,1,0,1,0,1,0,0,0,0,1,0,gratuito
10,10000.0,44,0.5909090909090909,1,2,1,0,0,0,0,1,1,0,0,0,0,medio_alto
6,10000.0,4,1.0,1,4,1,0,0,0,1,1,1,0,0,0,0,medio_baixo
10,350000.0,9068,0.9529113365681517,1,2,1,1,1,0,1,1,0,0,0,0,0,medio_baixo
5,350000.0,3951,0.9379903821817261,1,5,1,0,0,1,1,0,1,1,1,0,1,medio_baixo
10,10000.0,56,0.8035714285714286,2,2,1,0,0,0,1,0,0,1,0,0,0,medio_baixo
10,35000.0,39,0.7435897435897436,1,4,1,1,1,0,1,1,1,1,0,0,0,medio_alto
1,10000.0,0,0.0,3,2,1,0,0,0,1,0,0,1,0,0,0,baixo
4,10000.0,3,1.0,1,4,1,0,0,0,1,1,0,0,0,1,1,alto
3,10000.0,5,0.8,3,4,1,0,0,0,1,0,1,0,0,1,1,medio_alto
1,0.0,0,0.0,1,2,1,0,0,0,1,0,0,0,0,0,0,gratuito
9,750000.0,5956,0.8317662860980524,8,2,1,0,0,1,0,1,1,0,0,0,0,medio_baixo
4,10000.0,16,0.625,1,5,1,1,0,0,1,1,1,1,0,1,0,medio_baixo
1,0.0,0,0.0,1,1,1,0,0,0,0,0,0,0,1,0,0,alto
3,0.0,0,0.0,103,2,1,0,0,0,0,0,1,0,1,0,0,baixo
1,10000.0,2,1.0,1,2,1,0,0,0,1,0,0,1,0,0,0,medio_baixo
1,10000.0,0,0.0,10,3,1,1,0,0,0,1,1,0,1,0,0,medio_alto
4,10000.0,3,1.0,3,3,1,0,0,0,1,1,1,0,0,0,0,medio_alto
8,75000.0,281,0.7437722419928826,1,4,1,0,0,1,1,0,1,1,1,0,0,baixo
1,10000.0,0,0.0,1,1,1,0,0,0,0,0,0,1,0,0,0,medio_alto
8,10000.0,9,0.3333333333333333,1,4,1,0,0,0,1,1,0,0,0,0,0,medio_alto
6,10000.0,1,1.0,1,2,1,0,0,0,0,1,0,0,0,0,0,alto
3,75000.0,17,0.8823529411764706,1,1,1,0,0,0,0,1,0,0,0,0,0,medio_baixo
8,10000.0,6,0.0,1,2,1,1,0,0,1,0,0,0,0,1,0,medio_alto
5,10000.0,1,1.0,1,3,1,0,0,0,1,1,0,1,0,0,0,medio_baixo
3,10000.0,24,1.0,1,1,1,0,0,0,0,0,0,1,0,0,0,medio_alto
2,10000.0,4,1.0,1,6,1,0,0,0,1,1,1,0,1,0,1,medio_alto
1,0.0,0,0.0,2,2,1,0,0,0,0,0,1,0,0,0,0,gratuito
5,0.0,0,0.0,0,0,1,0,0,0,0,0,0,0,0,0,0,gratuito
12,75000.0,124,0.6935483870967742,2,2,1,0,1,0,1,1,0,0,0,0,0,medio_alto
10,10000.0,20,0.25,2,5,1,0,0,0,1,1,0,1,0,1,1,baixo
9,10000.0,7,0.2857142857142857,1,3,1,0,0,0,1,1,0,0,0,0,0,baixo
2,350000.0,2079,0.8888888888888888,13,1,1,0,0,0,0,0,0,0,0,1,0,alto
1,10000.0,0,0.0,4,2,1,0,0,0,1,0,1,0,0,0,0,alto
5,35000.0,262,0.9312977099236641,1,3,1,0,0,1,1,1,0,1,0,0,0,medio_alto
1,0.0,0,0.0,1,4,1,0,0,0,1,0,0,1,0,0,1,gratuito
2,10000.0,0,0.0,1,4,1,0,0,2,1,0,1,1,0,0,1,medio_baixo
1,10000.0,0,0.0,2,3,1,0,0,0,1,0,1,0,0,0,0,medio_alto
4,10000.0,3,1.0,7,3,1,0,0,0,1,1,1,0,0,0,0,baixo
4,10000.0,69,0.9420289855072463,6,2,1,0,0,1,1,1,0,0,0,0,0,medio_baixo
2,10000.0,5,0.4,10,3,1,1,1,0,1,0,0,1,0,0,0,medio_baixo
7,750000.0,11355,0.8290620871862615,9,3,1,0,0,0,1,1,1,0,0,0,0,medio_baixo
3,0.0,0,0.0,1,2,1,0,0,0,0,0,0,1,0,0,0,gratuito
8,10000.0,61,0.8032786885245902,14,2,1,0,0,0,1,0,0,0,0,0,0,alto
1,0.0,0,0.0,13,4,1,0,0,0,0,1,1,0,0,0,0,gratuito
3,75000.0,1,0.0,1,4,1,0,0,0,1,0,0,0,1,1,0,medio_baixo
1,0.0,0,0.0,0,0,1,0,0,0,0,0,0,0,0,0,0,gratuito
4,35000.0,4,0.75,3,4,1,0,0,0,0,1,1,0,1,1,0,medio_baixo
9,350000.0,1804,0.6047671840354767,12,6,1,1,1,3,1,1,1,0,1,0,0,gratuito
2,10000.0,5,0.8,1,1,1,0,0,0,0,1,0,0,0,0,0,alto
10,35000.0,255,0.8784313725490196,1,1,1,0,0,0,0,0,0,0,0,1,0,alto
4,10000.0,11,1.0,1,4,1,0,0,0,1,1,1,1,0,0,0,medio_baixo
2,10000.0,18,0.5555555555555556,11,3,1,0,0,0,0,0,0,1,0,1,1,baixo
4,10000.0,4,1.0,8,1,1,0,0,0,0,1,0,0,0,0,0,medio_baixo
7,150000.0,369,0.6531165311653117,1,4,1,0,0,0,1,1,0,0,0,1,1,baixo
1,10000.0,0,0.0,1,4,1,0,0,0,0,1,0,0,0,1,1,medio_alto
4,10000.0,285,0.4105263157894737,2,3,1,0,0,0,0,1,0,0,0,1,1,alto
4,10000.0,3,1.0,1,2,1,0,0,0,0,0,1,0,1,0,0,baixo
2,10000.0,0,0.0,1,4,1,1,0,1,1,0,1,1,0,0,1,medio_alto
7,75000.0,493,0.9168356997971603,1,1,1,0,0,0,0,0,0,0,0,1,0,medio_alto
2,10000.0,197,0.7969543147208121,4,3,1,0,0,0,1,0,0,1,0,1,0,medio_alto
1,0.0,0,0.0,30,3,1,0,0,0,1,0,0,1,0,0,1,medio_alto
7,10000.0,2,0.5,1,3,1,0,0,0,0,1,0,0,1,0,0,gratuito
3,10000.0,29,0.6896551724137931,1,2,1,0,0,0,1,0,0,0,0,1,0,medio_alto
9,35000.0,148,0.5878378378378378,1,3,1,0,0,0,1,1,1,0,0,0,0,baixo
1,10000.0,0,0.0,13,4,1,0,0,0,1,1,1,1,0,0,0,medio_alto
4,75000.0,19,0.6842105263157895,1,4,1,0,0,0,1,0,1,1,1,0,0,baixo
6,10000.0,28,1.0,1,1,1,0,0,0,1,0,0,0,0,0,0,baixo
8,10000.0,24,0.5416666666666666,2,3,1,0,0,1,1,0,0,1,0,0,1,baixo
1,10000.0,4,0.5,1,2,1,0,0,0,0,0,0,1,1,0,0,baixo
7,10000.0,9,0.6666666666666666,1,3,1,0,0,0,1,0,0,1,0,1,0,baixo
4,10000.0,12,0.8333333333333334,103,2,1,0,0,0,1,0,0,1,0,0,0,baixo
3,35000.0,5,1.0,1,3,1,1,0,1,0,1,1,0,0,0,0,baixo
5,75000.0,40,0.925,1,3,1,0,0,0,1,0,1,1,0,0,0,baixo
4,0.0,0,0.0,0,0,1,0,0,0,0,0,0,0,0,0,0,gratuito
1,10000.0,5,1.0,2,4,1,0,0,0,1,1,1,0,1,0,0,baixo
3,10000.0,197,0.9187817258883249,2,4,1,0,0,0,1,0,1,1,0,0,0,alto
4,0.0,0,0.0,0,0,1,0,0,0,0,0,0,0,0,0,0,gratuito
4,10000.0,1,1.0,1,3,1,0,0,0,1,0,1,0,0,1,0,alto
9,10000.0,25,0.88,1,2,1,0,0,0,0,0,0,0,0,0,0,gratuito
6,10000.0,13,0.8461538461538461,3,3,1,0,1,0,1,1,1,0,0,0,0,gratuito
9,150000.0,3659,0.8658103306914458,9,2,1,0,0,0,1,0,1,0,0,0,0,alto
1,10000.0,0,0.0,8,2,1,0,0,0,1,0,0,1,0,0,0,medio_alto
3,10000.0,20,0.6,1,2,1,0,0,0,1,0,0,0,0,0,0,gratuito
1,0.0,0,0.0,4,4,1,0,0,0,0,0,1,0,0,0,1,gratuito
8,10000.0,8,0.375,27,2,1,0,0,0,1,0,1,0,0,0,0,baixo
1,0.0,0,0.0,2,1,1,0,0,0,0,1,0,0,0,0,0,medio_baixo
10,150000.0,1227,0.6813365933170334,3,3,1,0,0,0,1,1,0,1,0,0,0,baixo
4,10000.0,12,1.0,1,3,1,0,0,0,1,0,1,0,1,0,0,alto
1,0.0,0,0.0,0,0,1,0,0,0,0,0,0,0,0,0,0,gratuito
2,10000.0,0,0.0,31,2,1,0,0,0,1,0,0,1,0,0,0,baixo
3,10000.0,1,1.0,1,1,1,0,0,0,0,1,0,0,0,0,0,medio_alto
5,0.0,0,0.0,1,4,1,0,0,0,1,0,1,0,1,0,0,gratuito
3,10000.0,0,0.0,2,1,1,0,0,1,0,0,0,0,1,0,0,alto
9,150000.0,792,0.5997474747474747,6,1,1,0,0,0,0,1,0,0,0,0,0,medio_baixo
9,35000.0,133,0.5413533834586466,1,5,1,0,0,0,1,1,0,1,0,1,1,baixo
3,10000.0,1,0.0,1,4,1,0,0,0,0,1,1,0,1,0,0,medio_baixo
3,10000.0,0,0.0,1,2,1,0,0,0,0,0,0,1,0,1,0,medio_baixo
2,35000.0,118,0.923728813559322,11,3,1,1,0,1,1,0,1,1,0,0,0,alto
5,0.0,0,0.0,1,5,1,0,0,0,1,1,1,0,0,0,1,gratuito
3,10000.0,1,1.0,1,3,1,0,0,0,1,1,0,1,0,0,0,gratuito
1,750000.0,8142,0.8905674281503316,5,5,1,1,0,0,1,0,1,1,1,0,1,alto
3,35000.0,14,0.9285714285714286,1,4,1,0,0,0,1,1,1,0,1,0,0,alto
8,10000.0,6,0.6666666666666666,1,7,1,0,0,1,1,0,1,1,1,1,1,baixo
8,10000.0,1,1.0,1,2,1,1,1,0,1,1,0,0,0,0,0,medio_alto
4,0.0,0,0.0,1,3,1,0,0,0,1,0,0,1,0,0,0,gratuito
3,10000.0,665,0.912781954887218,2,1,1,0,0,0,1,0,0,0,0,0,0,medio_alto
2,10000.0,27,0.9259259259259259,3,4,1,0,0,0,0,0,1,1,0,0,1,medio_baixo
6,10000.0,9,0.7777777777777778,1,2,1,0,0,0,1,1,0,0,0,0,0,alto
4,10000.0,0,0.0,1,3,1,0,0,0,1,0,1,0,0,0,0,baixo
4,10000.0,33,0.9696969696969697,11,2,1,0,0,0,1,0,0,1,0,0,0,baixo
2,10000.0,19,0.631578947368421,5,3,1,0,0,0,1,0,1,0,0,0,1,medio_alto
6,10000.0,0,0.0,1,5,1,1,1,0,1,0,1,0,1,1,0,alto
4,35000.0,213,0.7089201877934272,11,3,1,0,0,0,1,1,0,0,0,0,1,medio_alto
3,10000.0,2,1.0,1,2,1,0,0,0,1,0,0,0,0,0,1,baixo
6,10000.0,9,0.6666666666666666,8,4,1,0,0,0,1,0,1,0,1,0,0,alto
3,75000.0,77,0.9090909090909091,15,4,1,0,1,1,1,0,1,0,1,0,1,medio_alto
2,0.0,0,0.0,103,3,1,1,1,0,1,1,1,0,0,0,0,medio_baixo
3,35000.0,5,0.8,1,3,1,0,0,0,0,0,1,1,1,0,0,medio_alto
3,10000.0,1,0.0,2,3,1,0,1,0,1,0,0,1,0,0,1,medio_alto
1,0.0,0,0.0,1,4,1,0,0,1,1,1,1,1,0,0,0,alto
7,10000.0,24,0.5833333333333334,2,4,1,0,0,1,1,0,1,1,1,0,0,baixo
3,10000.0,6,1.0,1,1,1,0,0,0,1,0,0,0,0,0,0,medio_alto
3,10000.0,1,1.0,1,2,1,1,1,0,1,0,0,0,0,0,0,medio_baixo
6,350000.0,6222,0.9122468659594986,1,3,1,1,0,10,0,1,0,0,0,1,0,gratuito
3,35000.0,7,0.8571428571428571,2,2,1,0,0,0,1,0,1,0,0,0,0,medio_alto
2,10000.0,0,0.0,1,2,1,0,0,0,1,0,0,0,1,0,0,medio_baixo
2,35000.0,5,1.0,2,4,1,0,0,0,1,1,1,1,0,0,0,medio_baixo
2,10000.0,6,0.6666666666666666,6,2,1,0,0,0,1,0,0,0,0,1,0,alto
5,150000.0,14,0.7857142857142857,1,2,1,0,0,0,1,0,0,0,0,1,0,baixo
2,10000.0,18,1.0,1,2,1,0,1,0,1,1,0,0,0,0,0,medio_baixo
4,35000.0,13,0.8461538461538461,1,4,1,0,0,1,1,1,1,0,1,0,0,medio_alto
3,10000.0,1,0.0,1,2,1,0,0,0,1,0,0,1,0,0,0,medio_alto
1,10000.0,0,0.0,9,1,1,0,0,0,0,0,0,0,0,0,0,alto
1,0.0,0,0.0,1,4,1,0,0,0,1,1,1,0,0,0,0,alto
4,35000.0,53,0.6415094339622641,1,6,1,0,0,0,1,1,1,0,1,0,1,medio_alto
2,10000.0,2,0.5,3,4,1,0,0,0,1,0,0,1,0,1,1,baixo
5,10000.0,0,0.0,1,2,1,0,0,0,1,0,0,1,0,0,0,baixo
2,150000.0,2052,0.9269005847953217,13,2,1,0,0,1,0,1,0,0,0,1,0,alto
15,10000.0,33,0.3333333333333333,1,1,1,0,0,0,0,0,0,0,0,1,0,medio_baixo
5,0.0,0,0.0,1,4,1,0,0,0,0,0,1,0,0,0,1,gratuito
6,10000.0,1,1.0,1,3,1,0,0,0,1,1,0,0,1,0,0,medio_baixo
1,0.0,0,0.0,1,3,1,0,0,0,1,0,1,0,1,0,0,medio_alto
3,0.0,0,0.0,1,3,1,0,0,0,1,1,0,0,0,0,0,gratuito
1,10000.0,0,0.0,1,1,1,0,0,0,0,0,0,1,0,0,0,medio_alto
1,10000.0,1,1.0,2,2,1,0,0,0,1,0,0,0,0,1,0,medio_alto
2,10000.0,3,0.6666666666666666,3,4,1,0,0,0,1,0,0,1,0,0,1,gratuito
1,10000.0,0,0.0,2,3,1,0,0,0,1,0,1,0,1,0,0,medio_alto
3,0.0,0,0.0,0,0,1,0,0,0,0,0,0,0,0,0,0,gratuito
5,10000.0,24,0.875,1,2,1,1,0,2,0,0,0,1,0,1,0,baixo
5,0.0,0,0.0,1,4,1,0,1,2,1,0,1,0,0,0,0,gratuito
7,35000.0,457,0.5908096280087527,1,4,1,0,0,0,1,1,1,0,0,0,0,alto
2,0.0,0,0.0,14,2,1,0,1,1,1,0,0,1,0,0,0,gratuito
4,10000.0,22,1.0,1,2,1,1,0,0,1,0,1,0,0,0,0,alto
1,0.0,0,0.0,2,4,1,1,0,3,1,0,1,1,0,0,0,gratuito
3,10000.0,2,0.0,2,2,1,1,1,0,0,0,0,0,1,1,0,medio_baixo
2,10000.0,21,0.8571428571428571,1,3,1,0,0,0,1,0,1,0,0,0,1,medio_alto
1,0.0,0,0.0,1,2,1,0,0,0,1,0,0,1,0,0,0,medio_baixo
2,35000.0,28,0.8571428571428571,10,2,1,0,0,0,0,1,1,0,0,0,0,medio_alto
11,350000.0,7937,0.9086556633488724,3,4,1,0,0,5,1,0,1,1,0,0,1,medio_alto
3,10000.0,62,0.8064516129032258,2,4,1,0,0,0,1,1,1,1,0,0,0,medio_alto
2,75000.0,1208,0.6945364238410596,14,5,1,0,1,0,0,1,1,1,1,0,0,alto
3,10000.0,0,0.0,1,1,1,1,1,0,0,0,1,0,0,0,0,medio_alto
1,0.0,0,0.0,1,3,1,1,0,0,1,0,1,1,0,0,0,alto
6,10000.0,0,0.0,6,3,1,0,1,0,1,0,1,0,1,0,0,baixo
3,10000.0,11,1.0,2,1,1,0,0,0,0,0,1,0,0,0,0,gratuito
3,0.0,0,0.0,0,0,1,0,0,0,0,0,0,0,0,0,0,gratuito
20,35000.0,564,0.8368794326241135,1,1,1,0,0,0,0,0,0,0,0,0,0,baixo
2,0.0,0,0.0,103,4,1,0,0,0,0,1,1,0,0,0,1,baixo
9,10000.0,49,0.6530612244897959,2,2,1,0,0,0,1,0,0,1,0,0,0,baixo
2,150000.0,204,0.6666666666666666,1,4,1,0,0,0,1,1,0,1,0,1,0,alto
10,35000.0,93,0.7419354838709677,1,4,1,1,1,1,1,0,1,0,0,0,1,gratuito
2,35000.0,7,0.5714285714285714,1,3,1,0,0,0,1,1,1,0,0,0,0,medio_baixo
1,0.0,0,0.0,0,0,1,0,0,0,0,0,0,0,0,0,0,gratuito
5,10000.0,27,0.7037037037037037,1,2,1,0,0,0,1,0,0,1,0,0,0,baixo
2,10000.0,1,1.0,1,3,1,0,0,0,1,1,0,1,0,0,0,alto
4,10000.0,8,0.875,1,4,1,1,1,0,1,0,1,1,1,0,0,medio_baixo
1,0.0,0,0.0,1,1,1,0,0,0,0,0,1,0,0,0,0,medio_baixo
6,10000.0,0,0.0,5,4,1,1,1,0,1,1,1,0,1,0,0,medio_alto
7,10000.0,1,1.0,1,3,1,1,0,0,1,1,0,0,0,0,0,baixo
1,10000.0,1,1.0,18,6,1,0,0,0,1,1,1,1,0,1,1,baixo
3,10000.0,7,1.0,2,2,1,0,0,0,1,0,0,0,0,1,0,medio_baixo
4,10000.0,8,0.875,1,3,1,0,0,0,1,1,1,0,0,0,0,baixo
10,10000.0,83,0.7349397590361446,5,3,1,0,0,0,1,1,0,1,0,0,0,alto
2,0.0,0,0.0,0,0,1,0,0,0,0,0,0,0,0,0,0,gratuito
10,35000.0,6,0.16666666666666666,2,1,1,1,0,0,0,0,0,1,0,0,0,baixo
1,10000.0,0,0.0,1,2,1,0,0,0,0,0,0,0,0,1,0,alto
10,750000.0,9904,0.9440630048465266,11,2,1,0,0,0,0,0,0,0,0,1,1,baixo
2,10000.0,9,1.0,1,3,1,0,1,0,1,0,0,1,0,1,0,medio_alto
1,10000.0,0,0.0,1,4,1,1,0,0,0,0,0,1,0,1,1,medio_alto
4,0.0,0,0.0,1,4,1,0,1,0,1,1,1,0,0,0,0,gratuito
3,35000.0,575,0.8417391304347827,6,1,1,0,0,0,0,1,0,0,0,0,0,alto
3,10000.0,188,0.8936170212765957,2,2,1,0,0,0,0,0,1,1,0,0,0,alto
9,10000.0,74,0.7297297297297297,6,3,1,0,0,0,1,1,1,0,0,0,0,medio_alto
8,10000.0,31,0.8709677419354839,9,3,1,1,1,0,1,1,0,1,0,0,0,medio_baixo
3,10000.0,22,0.9545454545454546,3,3,1,1,1,0,1,0,1,1,0,0,0,baixo
4,10000.0,2,1.0,1,1,1,0,0,0,0,1,0,0,0,0,0,medio_baixo
7,10000.0,5,0.4,1,2,1,0,0,0,0,1,1,0,0,0,0,medio_alto
11,350000.0,2449,0.8591261739485504,7,2,1,0,0,0,0,0,1,0,1,0,0,alto
5,150000.0,2348,0.965076660988075,29,3,1,1,1,1,1,1,0,1,0,0,0,medio_baixo
5,35000.0,332,0.8132530120481928,14,5,1,0,1,0,1,1,1,0,1,0,0,medio_alto
5,10000.0,84,0.8809523809523809,1,3,1,0,0,0,1,1,1,0,0,0,0,medio_alto
1,10000.0,0,0.0,1,5,1,0,0,0,1,1,1,1,1,0,0,alto
2,10000.0,27,0.7407407407407407,4,4,1,0,0,0,1,1,1,1,0,0,0,medio_baixo
1,0.0,0,0.0,0,0,1,0,0,0,0,0,0,0,0,0,0,gratuito
9,10000.0,47,0.6170212765957447,1,2,1,0,0,0,1,0,0,1,0,0,0,medio_baixo
1,10000.0,7,0.8571428571428571,22,2,1,0,0,0,1,0,1,0,0,0,0,baixo
3,0.0,0,0.0,0,0,1,0,0,0,0,0,0,0,0,0,0,gratuito
4,0.0,0,0.0,8,3,1,0,0,0,0,0,0,0,0,1,1,gratuito
7,10000.0,10,0.7,1,3,1,0,0,0,1,0,0,1,0,0,0,medio_baixo
5,10000.0,19,0.9473684210526315,4,6,1,1,1,0,1,1,1,1,1,1,0,baixo
3,10000.0,1,0.0,1,2,1,0,0,0,0,1,0,0,1,0,0,medio_alto
1,10000.0,0,0.0,1,4,1,0,0,0,1,0,0,1,0,1,0,medio_alto
1,0.0,0,0.0,1,3,1,0,0,0,1,0,1,0,0,0,0,gratuito
2,0.0,0,0.0,0,0,1,0,0,0,0,0,0,0,0,0,0,gratuito
2,10000.0,35,0.8285714285714286,9,2,1,0,0,0,1,0,1,0,0,0,0,alto
1,0.0,0,0.0,1,3,1,0,0,0,1,1,0,0,0,0,0,gratuito
14,35000.0,209,0.9569377990430622,1,2,1,0,0,0,1,0,0,0,0,1,0,alto
7,10000.0,10,1.0,1,4,1,0,0,0,1,1,1,1,0,0,0,medio_alto
8,35000.0,1261,0.6994448850118953,5,3,1,1,1,4,1,0,1,0,0,0,1,medio_baixo
5,0.0,0,0.0,1,2,1,0,0,1,1,0,0,1,0,0,0,gratuito
5,35000.0,167,0.592814371257485,1,4,1,0,0,0,0,0,0,0,0,0,0,gratuito
6,75000.0,835,0.925748502994012,1,3,1,0,1,0,1,1,0,0,0,0,0,gratuito
2,35000.0,17,1.0,1,1,1,0,0,1,0,0,0,0,1,0,0,baixo
2,10000.0,6,1.0,2,2,1,0,0,0,1,0,1,0,0,0,0,medio_alto
11,150000.0,4067,0.5778214900417998,13,3,1,0,0,0,0,1,1,0,0,0,1,gratuito
2,10000.0,0,0.0,1,2,1,0,0,0,0,0,1,1,0,0,0,baixo
8,350000.0,2092,0.9574569789674953,2,3,1,0,1,2,1,0,1,1,0,0,0,medio_alto
9,750000.0,14378,0.8194463764084017,5,2,1,1,1,1,1,0,1,0,0,0,0,medio_baixo
5,10000.0,21,0.7142857142857143,10,3,1,1,0,0,1,0,1,1,0,0,0,medio_alto
1,10000.0,0,0.0,1,2,1,0,0,0,1,0,1,0,0,0,0,medio_alto
5,0.0,0,0.0,4,3,1,0,0,0,1,0,1,0,0,0,0,gratuito
15,150000.0,530,0.44150943396226416,5,1,1,0,0,0,0,0,1,0,0,0,0,baixo
10,10000.0,29,0.6896551724137931,1,3,1,1,1,0,1,0,0,0,0,1,1,alto
2,10000.0,77,0.7532467532467533,1,1,1,0,0,0,1,0,0,0,0,0,0,medio_alto
2,10000.0,7,0.8571428571428571,1,1,1,0,0,1,0,0,0,1,0,0,0,medio_baixo
3,10000.0,0,0.0,1,6,1,0,0,1,1,0,1,1,1,0,1,gratuito
2,0.0,0,0.0,1,3,1,0,0,1,1,0,1,0,0,0,0,gratuito
2,0.0,0,0.0,1,2,1,1,1,0,0,0,0,1,0,0,0,gratuito
2,0.0,0,0.0,0,0,1,0,0,0,0,0,0,0,0,0,0,gratuito
5,10000.0,18,0.6666666666666666,103,3,1,0,0,0,1,0,0,0,0,0,1,baixo
3,10000.0,9,1.0,2,2,1,0,1,0,1,0,1,0,0,0,0,medio_baixo
6,10000.0,7,1.0,1,2,1,0,0,0,1,1,0,0,0,0,0,medio_alto
1,0.0,0,0.0,0,0,1,0,0,0,0,0,0,0,0,0,0,gratuito
8,35000.0,237,0.7552742616033755,10,2,1,0,1,0,1,1,0,0,0,0,0,medio_baixo
3,10000.0,0,0.0,3,3,1,0,0,0,1,1,1,0,0,0,0,alto
8,10000.0,5,1.0,8,3,1,1,1,1,1,1,1,0,0,0,0,medio_baixo
6,150000.0,4121,0.9861684057267653,1,4,1,0,0,2,1,0,1,1,0,0,0,gratuito
7,10000.0,0,0.0,29,3,1,0,0,0,1,0,0,1,0,1,0,baixo
1,10000.0,3,1.0,2,5,1,0,0,0,1,1,0,1,0,0,1,medio_alto
3,10000.0,2,0.0,1,1,1,0,0,0,0,0,1,0,0,0,0,medio_baixo
5,10000.0,129,0.9224806201550387,1,4,1,0,0,0,1,1,1,0,1,0,0,medio_alto
1,0.0,0,0.0,2,2,1,1,0,0,0,0,0,0,0,0,1,gratuito
19,350000.0,1026,0.8859649122807017,1,1,1,0,0,0,0,1,0,0,0,0,0,medio_baixo
3,10000.0,6,1.0,1,3,1,0,0,0,1,0,1,0,0,0,0,gratuito
1,10000.0,2,1.0,3,4,1,0,0,0,1,1,0,0,0,1,0,medio_baixo
7,3500000.0,111712,0.9310548553423088,13,1,1,1,0,2,0,0,0,0,1,0,0,medio_alto
7,10000.0,17,0.8823529411764706,2,3,1,1,1,0,1,1,0,1,0,0,0,gratuito
3,0.0,0,0.0,0,0,1,0,0,0,0,0,0,0,0,0,0,gratuito
5,75000.0,18,0.8333333333333334,1,2,1,0,1,0,0,0,0,0,0,0,0,gratuito
3,10000.0,7,1.0,2,4,1,0,0,0,1,1,1,1,0,0,0,medio_alto
8,75000.0,237,0.9493670886075949,2,3,1,0,0,1,1,0,1,1,0,0,0,baixo
10,3500000.0,136180,0.940519900132178,14,2,1,1,1,0,0,1,1,0,0,0,0,medio_baixo
7,35000.0,266,0.8157894736842105,8,5,1,0,0,0,0,0,0,0,0,0,0,alto
2,10000.0,0,0.0,9,2,1,0,0,0,1,0,0,1,0,0,0,baixo
5,10000.0,29,0.5862068965517241,1,5,1,0,0,0,1,1,1,0,1,0,0,gratuito
6,35000.0,12,0.6666666666666666,1,3,1,0,0,0,1,1,1,0,0,0,0,medio_alto
8,10000.0,1,1.0,1,1,1,0,0,0,0,0,0,1,0,0,0,medio_alto
8,10000.0,5,0.2,1,0,1,0,0,0,0,0,0,0,0,0,0,medio_alto
4,35000.0,167,0.9281437125748503,1,3,1,0,0,0,1,1,0,1,0,0,0,gratuito
1,10000.0,0,0.0,1,3,1,0,0,0,1,0,0,1,0,1,0,medio_alto
1,10000.0,1,1.0,2,5,1,0,0,0,1,1,1,1,1,0,0,baixo
4,35000.0,81,0.8395061728395061,9,2,1,0,0,1,1,1,0,0,0,0,0,medio_baixo
4,10000.0,27,0.6296296296296297,14,1,1,0,0,0,0,0,0,1,0,0,0,baixo
1,10000.0,0,0.0,4,1,1,0,0,0,1,0,0,0,0,0,0,alto
2,0.0,0,0.0,0,0,1,0,0,0,0,0,0,0,0,0,0,gratuito
5,10000.0,2,1.0,1,1,1,0,0,0,0,1,0,0,0,0,0,medio_alto
3,10000.0,6,1.0,2,1,1,0,0,0,0,0,0,1,0,0,0,medio_baixo
1,0.0,0,0.0,1,1,1,0,0,0,1,0,0,0,0,0,0,medio_alto
1,10000.0,0,0.0,4,1,1,0,0,0,0,0,0,1,0,0,0,medio_baixo
3,35000.0,3,1.0,1,2,1,0,0,0,1,0,0,1,0,0,0,baixo
3,10000.0,7,1.0,1,4,1,0,0,0,1,1,1,0,1,0,0,medio_baixo
2,10000.0,6,1.0,2,3,1,0,0,0,1,1,0,1,0,0,0,medio_baixo
1,10000.0,47,0.9148936170212766,2,3,1,1,1,2,1,0,1,1,0,0,0,baixo
4,10000.0,4,1.0,2,2,1,0,0,0,0,1,0,0,0,1,0,medio_alto
6,10000.0,129,0.9302325581395349,1,5,1,1,1,0,1,1,1,1,0,1,0,baixo
1,0.0,0,0.0,0,0,1,0,0,0,0,0,0,0,0,0,0,gratuito
11,10000.0,32,0.75,3,4,1,1,0,0,1,0,1,1,0,0,1,medio_alto
1,0.0,0,0.0,1,3,1,0,0,0,1,0,0,0,0,0,0,gratuito
1,10000.0,39,0.5897435897435898,9,3,1,0,0,0,0,1,1,0,0,0,1,medio_alto
10,350000.0,1193,0.7518860016764459,4,5,1,0,0,4,1,1,1,0,1,1,0,baixo
3,350000.0,9094,0.934792170661975,8,3,1,0,0,0,1,1,1,0,0,0,0,medio_alto
4,10000.0,6,0.6666666666666666,1,1,1,0,0,0,0,0,0,0,0,0,0,baixo
3,10000.0,29,0.9310344827586207,6,5,1,0,0,0,1,1,1,1,1,0,0,baixo
7,10000.0,0,0.0,1,3,1,0,0,0,1,1,0,0,1,0,0,medio_alto
4,0.0,0,0.0,1,3,1,1,0,0,0,0,0,0,0,1,1,gratuito
1,0.0,0,0.0,0,0,1,0,0,0,0,0,0,0,0,0,0,gratuito
4,10000.0,8,0.5,2,2,1,0,0,1,0,1,0,1,0,0,0,medio_alto
3,0.0,0,0.0,0,0,1,0,0,0,0,0,0,0,0,0,0,gratuito
9,75000.0,1119,0.9276139410187667,9,2,1,1,1,1,1,1,0,0,0,0,0,baixo
3,10000.0,54,0.6481481481481481,2,6,1,0,0,0,1,1,1,1,0,0,1,baixo
5,35000.0,8,0.25,1,2,1,0,0,0,1,1,0,0,0,0,0,medio_alto
4,0.0,0,0.0,0,0,1,0,0,0,0,0,0,0,0,0,0,gratuito
6,35000.0,5,0.6,1,1,1,0,0,0,0,0,1,0,0,0,0,medio_baixo
3,10000.0,7,1.0,1,2,1,1,1,0,0,0,0,1,0,0,1,medio_baixo
7,10000.0,0,0.0,29,3,1,1,0,0,1,0,0,1,0,1,0,baixo
1,0.0,0,0.0,1,3,1,0,0,1,1,1,1,0,0,0,0,baixo
3,10000.0,14,0.8571428571428571,1,2,1,0,0,2,0,0,1,0,1,0,0,medio_alto
9,35000.0,94,0.5531914893617021,2,4,1,0,0,1,1,0,1,1,0,0,0,baixo
3,10000.0,0,0.0,3,1,1,0,0,0,0,0,0,1,0,0,0,baixo
1,0.0,0,0.0,30,4,1,0,0,3,1,0,1,1,0,0,1,medio_baixo
12,10000.0,222,0.7837837837837838,9,5,1,0,0,0,1,1,1,1,1,0,0,medio_alto
1,0.0,0,0.0,103,2,1,0,0,0,1,0,0,1,0,0,0,baixo
14,3500000.0,55701,0.9294088077413332,8,1,1,0,0,0,0,1,0,0,0,0,0,medio_baixo
1,10000.0,0,0.0,1,4,1,0,0,0,1,1,1,1,0,0,0,medio_alto
7,10000.0,13,0.6153846153846154,3,2,1,0,0,0,1,0,1,0,0,0,0,medio_alto
8,10000.0,61,0.2786885245901639,4,3,1,0,0,0,1,1,1,0,0,0,0,alto
2,10000.0,79,1.0,5,2,1,0,0,1,1,0,0,1,0,0,0,medio_alto
1,10000.0,24,1.0,9,2,1,0,0,0,1,0,0,1,0,0,0,medio_baixo
3,10000.0,486,0.7366255144032922,11,3,1,0,0,2,0,1,1,0,1,0,0,alto
8,10000.0,51,0.7647058823529411,1,5,1,0,0,0,1,0,0,1,0,1,1,medio_alto
1,10000.0,17,0.9411764705882353,1,4,1,0,0,0,1,0,0,1,1,0,0,medio_baixo
2,0.0,0,0.0,0,0,1,0,0,0,0,0,0,0,0,0,0,gratuito
1,10000.0,0,0.0,1,1,1,0,0,0,0,0,0,0,1,0,0,alto
1,10000.0,0,0.0,1,3,1,0,0,0,0,1,0,0,1,0,0,alto
14,350000.0,2523,0.8331351565596512,2,2,1,1,1,1,1,1,0,0,0,0,0,medio_baixo
3,10000.0,3,0.3333333333333333,1,4,1,0,0,0,1,1,0,0,0,1,0,gratuito
1,0.0,0,0.0,1,4,1,0,0,1,1,0,1,1,0,0,0,gratuito
8,10000.0,43,0.5116279069767442,1,1,1,1,0,0,0,0,1,0,0,0,0,baixo
5,0.0,0,0.0,1,3,1,0,0,0,1,0,1,0,0,0,0,gratuito
1,10000.0,0,0.0,1,3,1,0,0,0,1,1,0,1,0,0,0,alto
2,10000.0,71,0.9577464788732394,3,4,1,0,0,0,1,0,0,1,1,0,1,medio_baixo
1,0.0,0,0.0,1,3,1,0,0,0,1,1,1,0,0,0,0,medio_alto
4,10000.0,0,0.0,1,4,1,0,0,0,1,0,1,1,0,0,0,gratuito
1,10000.0,2,1.0,1,2,1,0,0,0,0,1,0,0,1,0,0,medio_alto
1,0.0,0,0.0,3,2,1,1,0,0,0,0,1,1,0,0,0,alto
1,10000.0,0,0.0,8,3,1,0,0,0,0,1,1,0,0,0,1,baixo
3,35000.0,7,0.8571428571428571,1,3,1,0,0,0,0,0,1,1,1,0,0,medio_baixo
1,10000.0,0,0.0,7,7,1,0,0,0,1,1,1,1,1,1,1,baixo
1,10000.0,2,1.0,2,3,1,0,0,0,1,0,1,1,0,0,0,medio_baixo
2,10000.0,0,0.0,19,4,1,1,1,0,1,0,0,1,0,1,1,gratuito
1,0.0,0,0.0,0,0,1,0,0,0,0,0,0,0,0,0,0,gratuito
1,0.0,0,0.0,1,3,1,0,0,0,1,0,1,0,0,0,0,gratuito
1,150000.0,493,0.8296146044624746,2,2,1,0,0,1,0,0,0,0,1,0,0,alto
7,10000.0,1,1.0,1,3,1,0,0,0,1,0,0,0,0,1,1,baixo
5,10000.0,11,0.5454545454545454,7,2,1,0,0,0,1,0,0,1,0,0,0,medio_alto
8,10000.0,0,0.0,1,1,1,0,0,0,0,0,0,1,0,0,0,medio_baixo
5,75000.0,112,0.7857142857142857,2,2,1,1,0,0,1,0,1,0,0,0,0,gratuito
5,10000.0,0,0.0,1,2,1,0,0,0,0,1,1,0,0,0,0,alto
2,10000.0,1,1.0,1,1,1,0,1,0,1,0,0,0,0,0,0,medio_baixo
4,10000.0,68,0.9411764705882353,19,2,1,0,0,0,1,1,0,0,0,0,0,gratuito
8,10000.0,55,0.6181818181818182,1,3,1,0,0,0,1,1,1,0,0,0,0,baixo
1,0.0,0,0.0,1,3,1,0,0,0,0,1,1,0,0,0,0,gratuito
2,10000.0,6,1.0,1,1,1,0,0,0,1,0,0,0,0,0,0,medio_baixo
1,10000.0,127,0.7559055118110236,4,3,1,0,0,1,1,0,0,1,1,0,0,medio_baixo
8,35000.0,448,0.984375,1,2,1,1,1,0,1,0,1,0,0,0,0,medio_baixo
8,10000.0,40,0.8,1,2,1,0,0,0,1,0,1,0,0,0,0,gratuito
8,10000.0,17,0.47058823529411764,2,5,1,0,0,0,1,1,1,1,1,0,0,medio_alto
1,0.0,0,0.0,1,3,1,0,0,0,1,0,1,0,1,0,0,alto
2,10000.0,0,0.0,1,1,1,0,0,0,1,0,0,0,0,0,0,medio_alto
2,10000.0,24,0.7916666666666666,1,2,1,0,0,0,0,1,1,0,0,0,0,baixo
4,0.0,0,0.0,0,0,1,0,0,0,0,0,0,0,0,0,0,gratuito
9,150000.0,938,0.8869936034115139,6,2,1,1,1,11,0,0,0,1,0,0,1,medio_alto
2,10000.0,9,1.0,1,3,1,0,0,1,1,0,1,0,1,0,0,medio_baixo
1,10000.0,14,0.7857142857142857,5,4,1,0,1,0,1,1,1,0,0,0,1,medio_baixo
6,10000.0,3,0.6666666666666666,1,5,1,0,0,0,1,1,1,1,1,0,0,baixo
3,10000.0,24,1.0,27,4,1,0,0,0,1,1,1,1,0,0,0,baixo
4,0.0,0,0.0,2,3,1,1,1,0,1,0,1,1,0,0,0,gratuito
4,10000.0,10,1.0,3,1,1,0,0,0,0,0,1,0,0,0,0,medio_alto
5,10000.0,56,0.8571428571428571,4,3,1,1,1,2,1,0,1,1,0,0,0,medio_baixo
4,0.0,0,0.0,1,2,1,0,0,0,1,0,1,0,0,0,0,gratuito
1,10000.0,0,0.0,1,1,1,0,0,0,0,0,0,1,0,0,0,baixo
1,10000.0,0,0.0,2,3,1,0,0,0,1,1,0,0,0,1,0,medio_baixo
1,10000.0,7,1.0,2,3,1,0,0,0,1,0,0,1,0,0,0,alto
4,35000.0,89,0.8539325842696629,2,7,1,0,0,0,1,1,1,1,1,0,1,alto
7,10000.0,0,0.0,1,2,1,0,0,2,1,0,0,1,0,0,0,baixo
2,35000.0,9,1.0,1,3,1,0,0,0,1,0,1,1,0,0,0,medio_baixo
9,10000.0,35,0.9428571428571428,1,1,1,1,1,0,1,0,0,0,0,0,0,medio_baixo
10,350000.0,1415,0.5858657243816254,10,5,1,1,0,0,1,1,1,0,1,0,0,gratuito
2,10000.0,9,0.8888888888888888,10,5,1,0,0,0,1,1,1,1,0,1,0,medio_alto
1,10000.0,0,0.0,5,4,1,0,0,0,0,1,1,1,0,1,0,medio_baixo
2,0.0,0,0.0,103,2,1,0,0,0,1,0,0,1,0,0,0,baixo
12,150000.0,194,0.7680412371134021,1,2,1,0,0,0,1,0,1,0,0,0,0,medio_alto
2,10000.0,19,0.5263157894736842,11,6,1,1,1,0,1,0,1,1,1,1,1,medio_alto
8,10000.0,5,0.8,1,3,1,1,1,0,1,0,1,0,1,0,0,medio_baixo
4,350000.0,2089,0.9052178075634275,9,3,1,0,0,0,1,1,0,0,0,0,0,alto
7,10000.0,2,0.5,2,2,1,0,0,0,1,0,1,0,0,0,0,medio_alto
4,10000.0,50,0.86,3,5,1,1,1,0,1,0,0,1,0,1,0,gratuito
2,0.0,0,0.0,1,1,1,0,0,0,0,0,0,0,0,0,1,gratuito
9,350000.0,1744,0.694954128440367,12,5,1,1,0,0,1,1,0,1,0,0,0,gratuito
6,10000.0,2,0.5,1,3,1,0,0,0,1,0,0,0,0,1,0,medio_alto
7,35000.0,6,1.0,29,6,1,0,0,0,1,1,1,1,1,1,0,baixo
6,150000.0,7,0.7142857142857143,1,5,1,0,0,0,1,1,1,1,0,1,0,baixo
1,10000.0,0,0.0,1,3,1,0,0,0,0,1,0,0,0,1,1,alto
9,10000.0,9,0.6666666666666666,1,5,1,0,0,0,1,1,0,0,0,0,0,medio_alto
1,0.0,0,0.0,0,0,1,0,0,0,0,0,0,0,0,0,0,gratuito
5,75000.0,19,0.8947368421052632,1,3,1,0,0,0,1,0,1,1,0,0,0,medio_baixo
6,35000.0,7,0.5714285714285714,1,3,1,0,0,0,1,0,0,1,0,1,0,baixo
4,10000.0,8,1.0,1,5,1,0,0,1,1,1,1,1,0,1,0,gratuito
2,0.0,0,0.0,103,2,1,0,0,0,1,0,0,1,0,0,0,baixo
4,0.0,0,0.0,2,1,1,1,1,0,0,0,0,1,0,0,0,gratuito
6,10000.0,12,1.0,2,3,1,0,0,1,1,1,1,0,0,0,0,alto
12,10000.0,46,0.6956521739130435,1,3,1,1,1,1,1,1,0,0,0,1,0,alto
2,10000.0,0,0.0,6,3,1,1,1,0,0,0,0,1,1,0,1,medio_baixo
10,35000.0,67,0.6268656716417911,1,3,1,0,0,0,1,1,1,0,0,0,0,alto
4,10000.0,15,0.6,2,1,1,0,0,1,1,0,0,0,0,0,0,medio_alto
6,10000.0,154,0.6493506493506493,3,3,1,0,0,0,1,0,1,0,0,0,1,medio_baixo
1,10000.0,1,1.0,2,3,1,0,0,0,1,0,0,1,0,0,1,baixo
3,10000.0,0,0.0,1,1,1,0,0,0,0,0,1,0,0,0,0,alto
2,0.0,0,0.0,0,0,1,0,0,0,0,0,0,0,0,0,0,gratuito
3,10000.0,0,0.0,2,3,1,0,0,0,1,0,0,1,0,1,0,baixo
4,10000.0,0,0.0,3,2,1,0,1,0,0,0,0,1,0,0,1,baixo
1,10000.0,105,0.9333333333333333,1,3,1,0,1,1,1,1,1,0,0,0,0,alto
4,10000.0,0,0.0,103,4,1,0,0,0,1,0,1,1,0,0,1,baixo
2,0.0,0,0.0,0,0,1,0,0,0,0,0,0,0,0,0,0,gratuito
2,10000.0,36,0.75,1,1,1,0,1,0,0,0,0,0,0,1,0,alto
6,10000.0,0,0.0,4,1,1,0,0,1,1,0,0,0,0,0,0,baixo
4,35000.0,2,1.0,1,2,1,1,1,0,0,0,0,1,0,0,1,medio_alto
1,0.0,0,0.0,1,4,1,0,0,0,1,0,0,1,1,0,0,gratuito
1,0.0,0,0.0,1,3,1,0,0,0,1,0,1,1,0,0,0,medio_alto
1,10000.0,11,1.0,1,4,1,0,0,0,1,1,0,0,0,1,0,medio_baixo
6,10000.0,10,0.8,1,2,1,0,0,0,1,0,0,1,0,0,0,alto
8,10000.0,1,1.0,28,1,1,0,0,0,0,0,0,0,0,0,0,gratuito
5,10000.0,3,0.6666666666666666,5,3,1,0,0,0,0,0,1,1,0,0,1,medio_alto
6,10000.0,285,0.7684210526315789,11,4,1,0,0,0,1,1,0,0,1,0,0,alto
3,0.0,0,0.0,0,0,1,0,0,0,0,0,0,0,0,0,0,gratuito
6,150000.0,2187,0.8733424782807498,11,2,1,1,1,1,1,0,1,0,0,0,0,medio_baixo
3,10000.0,2,1.0,8,1,1,1,0,0,0,0,0,1,0,0,0,medio_baixo
3,10000.0,1,1.0,5,4,1,0,0,0,0,1,1,0,1,0,1,baixo
6,75000.0,692,0.9710982658959537,1,1,1,0,0,2,0,0,0,0,0,1,0,medio_baixo
9,10000.0,12,0.8333333333333334,1,3,1,0,0,0,1,1,0,0,0,1,0,medio_alto
11,10000.0,54,0.18518518518518517,1,2,1,1,1,1,1,0,1,0,0,0,0,alto
1,10000.0,0,0.0,7,5,1,0,0,0,1,0,1,1,0,0,0,medio_baixo
6,35000.0,140,0.9,2,3,1,1,1,0,1,1,0,1,0,0,0,medio_baixo
4,10000.0,0,0.0,1,4,1,0,0,0,1,1,1,0,1,0,0,baixo
1,10000.0,0,0.0,1,2,1,0,0,0,1,0,1,0,0,0,0,medio_alto
2,10000.0,5,0.8,2,2,1,0,0,0,1,0,0,1,0,0,0,medio_baixo
2,10000.0,20,1.0,7,1,1,0,1,0,1,0,0,0,0,0,0,medio_alto
3,10000.0,2,1.0,16,3,1,0,0,0,1,1,0,1,0,0,0,medio_baixo
2,0.0,0,0.0,0,0,1,0,0,0,0,0,0,0,0,0,0,gratuito
1,10000.0,0,0.0,1,1,1,0,0,0,0,0,0,0,0,0,1,medio_baixo
11,35000.0,224,0.9017857142857143,2,1,1,1,0,0,1,0,0,0,0,0,0,medio_baixo
3,0.0,0,0.0,1,2,1,0,0,0,1,0,0,1,0,0,0,gratuito
2,0.0,0,0.0,0,0,1,0,0,0,0,0,0,0,0,0,0,gratuito
8,10000.0,26,0.4230769230769231,5,3,1,0,0,0,1,1,1,0,0,0,0,baixo
5,10000.0,27,0.6666666666666666,1,2,1,0,0,0,1,1,0,0,0,0,0,baixo
5,10000.0,14,0.9285714285714286,27,4,1,0,0,0,1,0,0,1,1,0,1,medio_baixo
1,0.0,0,0.0,1,2,1,0,0,0,1,1,0,0,0,0,0,medio_baixo
3,10000.0,15,0.4666666666666667,26,4,1,0,0,0,1,1,0,0,0,0,1,baixo
2,10000.0,1,1.0,11,4,1,0,0,0,1,1,1,0,0,0,1,baixo
11,35000.0,76,0.6052631578947368,8,2,1,0,0,0,0,0,1,1,0,0,0,baixo
7,150000.0,1628,0.8390663390663391,1,4,1,0,0,0,1,1,1,0,0,0,0,gratuito
7,10000.0,16,0.9375,1,1,1,1,1,0,0,0,0,0,1,0,0,baixo
2,10000.0,17,0.8823529411764706,5,2,1,0,0,0,1,0,1,0,0,0,0,medio_baixo
1,0.0,0,0.0,0,0,1,0,0,0,0,0,0,0,0,0,0,gratuito
1,10000.0,0,0.0,12,2,1,0,0,0,0,1,0,0,0,0,0,alto
1,0.0,0,0.0,0,0,1,0,0,0,0,0,0,0,0,0,0,gratuito
6,10000.0,40,0.925,3,2,1,0,0,0,1,1,0,0,0,0,0,baixo
7,10000.0,33,0.3939393939393939,1,1,1,0,0,0,1,0,0,0,0,0,0,gratuito
1,10000.0,0,0.0,5,1,1,0,0,5,0,0,0,0,1,0,0,alto
8,10000.0,33,0.5151515151515151,1,3,1,0,0,0,1,1,1,0,0,0,0,medio_alto
2,75000.0,13,0.9230769230769231,2,6,1,0,0,0,1,1,1,1,0,0,0,medio_baixo
2,10000.0,0,0.0,1,2,1,0,0,0,1,0,0,0,1,0,0,alto
7,75000.0,584,0.7106164383561644,3,7,1,0,0,1,1,1,1,1,1,1,1,medio_baixo
1,10000.0,12,0.75,9,4,1,0,0,0,1,0,1,0,0,0,1,baixo
2,0.0,0,0.0,1,2,1,0,0,0,0,0,0,0,0,0,0,gratuito
1,0.0,0,0.0,0,0,1,0,0,0,0,0,0,0,0,0,0,gratuito
7,10000.0,11,0.8181818181818182,1,2,1,1,1,0,1,1,0,0,0,0,0,alto
6,10000.0,659,0.9059180576631259,3,2,1,0,0,0,0,0,1,1,0,0,0,alto
2,10000.0,2,0.5,1,2,1,0,0,0,1,1,0,0,0,0,0,medio_alto
2,10000.0,2,1.0,2,1,1,0,0,0,0,1,0,0,0,0,0,medio_alto
6,10000.0,14,0.7857142857142857,11,3,1,0,0,0,1,1,0,1,0,0,0,baixo
4,10000.0,4,1.0,2,3,1,1,0,0,1,0,0,1,0,0,1,alto
3,10000.0,4,0.75,2,1,1,0,0,0,1,0,0,0,0,0,0,medio_alto
11,35000.0,132,0.5833333333333334,1,3,1,1,0,1,1,0,0,1,0,0,1,baixo
4,0.0,0,0.0,1,1,1,0,0,0,1,0,0,0,0,0,0,gratuito
5,10000.0,0,0.0,2,1,1,1,0,0,0,0,0,0,0,0,0,baixo
8,10000.0,14,0.6428571428571429,5,4,1,1,1,1,1,1,1,0,1,0,0,medio_alto
8,35000.0,703,0.406827880512091,11,1,1,0,0,7,0,0,0,0,0,0,0,medio_baixo
7,10000.0,40,0.65,2,2,1,0,0,0,1,1,0,0,0,0,0,baixo
9,10000.0,74,0.9459459459459459,9,3,1,1,0,0,1,1,1,0,0,0,0,baixo
1,10000.0,0,0.0,1,4,1,0,0,0,1,1,1,0,0,0,0,medio_alto
4,10000.0,3,1.0,1,2,1,0,0,0,1,0,0,1,0,0,0,medio_baixo
2,150000.0,7085,0.9737473535638673,2,4,1,0,0,4,1,1,1,0,1,0,0,medio_alto
5,10000.0,0,0.0,1,2,1,0,0,1,1,0,0,1,0,0,0,baixo
11,75000.0,384,0.8203125,10,2,1,1,1,0,1,0,0,1,0,0,0,medio_baixo
9,10000.0,9,0.2222222222222222,1,1,1,0,0,0,0,1,0,0,0,0,0,baixo
12,350000.0,1591,0.6442489000628535,1,5,1,1,1,0,1,0,0,1,0,1,1,gratuito
5,35000.0,53,0.7169811320754716,1,2,1,0,0,0,0,1,0,0,0,0,0,medio_baixo
1,0.0,0,0.0,1,5,1,0,0,0,1,1,1,0,1,0,0,medio_alto
1,0.0,0,0.0,1,1,1,0,0,0,0,0,0,1,0,0,0,medio_baixo
1,10000.0,15,0.7333333333333333,1,3,1,0,0,0,1,1,1,0,0,0,0,medio_alto
2,10000.0,225,0.7733333333333333,6,0,1,0,0,1,0,0,0,0,0,0,0,medio_baixo
7,10000.0,98,0.8163265306122449,1,5,1,0,0,0,1,1,0,1,0,1,1,medio_baixo
7,10000.0,27,0.7407407407407407,1,2,1,0,0,0,0,0,0,0,1,1,0,medio_baixo
9,35000.0,144,0.7430555555555556,3,2,1,0,0,0,0,0,1,1,0,0,0,baixo
8,10000.0,14,0.8571428571428571,1,1,1,0,0,0,0,0,0,1,0,0,0,baixo
5,35000.0,299,0.8929765886287625,9,2,1,0,0,2,1,1,0,0,0,0,0,medio_alto
2,10000.0,2,1.0,1,1,1,0,0,0,0,1,0,0,0,0,0,medio_baixo
8,10000.0,82,0.6341463414634146,1,3,1,1,0,0,1,0,0,1,0,0,1,baixo
5,0.0,0,0.0,0,0,1,0,0,0,0,0,0,0,0,0,0,gratuito
7,10000.0,15,0.6666666666666666,6,4,1,0,0,0,1,1,1,0,0,1,0,medio_alto
1,10000.0,0,0.0,10,2,1,0,0,0,1,1,0,0,0,0,0,alto
1,1500000.0,14866,0.8783801964213642,9,4,1,0,0,3,1,1,0,1,0,1,0,medio_alto
3,10000.0,8,0.75,1,2,1,1,0,0,0,0,1,1,0,0,0,medio_alto
6,35000.0,14,0.5714285714285714,1,3,1,0,0,0,1,1,1,0,0,0,0,baixo
2,10000.0,1,0.0,1,4,1,0,0,0,1,1,1,0,1,0,0,baixo
2,10000.0,0,0.0,16,2,1,0,0,0,1,0,0,1,0,0,0,medio_baixo
5,0.0,0,0.0,2,2,1,0,0,0,0,0,0,1,0,0,0,gratuito
3,10000.0,0,0.0,1,3,1,0,1,0,0,1,0,0,0,0,1,medio_alto
1,10000.0,0,0.0,1,2,1,1,1,0,1,0,0,1,0,0,0,medio_baixo
6,10000.0,0,0.0,1,1,1,1,0,0,0,0,0,1,0,0,0,medio_baixo
6,10000.0,919,0.5712731229597389,4,3,1,1,0,1,0,1,0,0,1,0,0,gratuito
3,10000.0,15,0.8,1,3,1,0,0,0,1,0,1,1,0,0,0,medio_baixo
2,10000.0,3,0.3333333333333333,1,3,1,0,0,0,0,1,1,0,0,1,0,medio_alto
10,35000.0,72,0.9027777777777778,1,3,1,0,0,0,1,1,0,1,0,0,0,gratuito
1,0.0,0,0.0,1,4,1,0,0,0,1,0,1,1,0,0,1,alto
6,10000.0,225,0.9688888888888889,1,3,1,0,0,0,1,1,1,0,0,0,0,baixo
10,150000.0,164,0.6829268292682927,5,2,1,0,0,0,1,0,0,1,0,0,0,baixo
4,10000.0,0,0.0,5,6,1,0,0,0,1,1,1,1,1,0,1,medio_baixo
3,10000.0,4,0.75,1,3,1,0,0,0,1,0,0,1,0,0,1,baixo
2,10000.0,15,0.8,2,2,1,0,0,0,1,0,0,0,0,0,0,gratuito
2,35000.0,15,0.8666666666666667,6,3,1,0,0,0,1,1,1,0,0,0,0,medio_baixo
5,0.0,0,0.0,0,0,1,0,0,0,0,0,0,0,0,0,0,gratuito
2,0.0,0,0.0,0,0,1,0,0,0,0,0,0,0,0,0,0,gratuito
11,10000.0,12,0.6666666666666666,1,1,1,0,0,0,0,0,0,0,0,0,1,alto
11,10000.0,24,0.75,2,1,1,1,1,0,0,0,0,0,0,1,0,medio_alto
1,10000.0,185,0.9081081081081082,1,2,1,0,0,0,0,1,0,0,0,0,0,medio_alto
5,10000.0,1,1.0,1,4,1,0,0,1,1,0,0,1,1,1,0,baixo
3,10000.0,6,1.0,1,3,1,0,0,0,1,1,0,1,0,0,0,medio_baixo
1,10000.0,0,0.0,1,4,1,1,1,0,1,0,1,1,0,0,0,gratuito
1,10000.0,13,0.9230769230769231,2,1,1,0,0,2,0,1,0,0,0,0,0,alto
8,10000.0,7,0.2857142857142857,1,1,1,0,0,0,0,1,0,0,0,0,0,baixo
7,10000.0,9,1.0,1,4,1,1,1,0,1,1,1,0,1,0,0,medio_alto
4,10000.0,38,0.868421052631579,1,1,1,0,0,0,0,1,0,0,0,0,0,gratuito
3,10000.0,1,0.0,3,1,1,0,0,0,0,0,0,1,0,0,0,baixo
5,0.0,0,0.0,0,0,1,0,0,0,0,0,0,0,0,0,0,gratuito
14,750000.0,3130,0.7945686900958466,12,2,1,1,1,0,1,0,1,0,0,0,0,medio_baixo
5,10000.0,0,0.0,3,1,1,0,0,0,0,0,0,1,0,0,0,medio_alto
9,10000.0,20,0.4,1,4,1,0,0,0,1,1,1,1,0,0,0,medio_alto
3,10000.0,0,0.0,1,2,1,0,0,0,0,1,0,1,0,0,0,baixo
4,10000.0,0,0.0,1,1,1,0,0,0,0,1,0,0,0,0,0,baixo
8,10000.0,24,0.7083333333333334,1,2,1,0,0,0,0,0,0,0,0,0,0,gratuito
2,10000.0,30,0.8,4,3,1,0,0,0,0,1,1,1,0,0,0,alto
5,10000.0,0,0.0,3,2,1,0,0,0,1,0,0,1,0,0,0,baixo
2,10000.0,15,1.0,5,6,1,0,0,0,1,1,1,1,0,0,0,gratuito
6,10000.0,55,0.4909090909090909,1,2,1,1,0,0,1,0,0,0,0,0,0,gratuito
1,0.0,0,0.0,2,5,1,0,0,0,1,1,1,0,1,0,0,medio_alto
12,350000.0,1581,0.8045540796963947,5,3,1,0,0,0,0,0,0,0,0,0,1,baixo
5,10000.0,20,0.9,1,3,1,1,1,0,1,0,1,1,0,0,0,medio_baixo
1,10000.0,0,0.0,17,3,1,0,1,0,1,1,0,1,0,0,0,medio_alto
5,10000.0,53,0.5849056603773585,8,2,1,0,0,0,1,0,1,0,0,0,0,baixo
1,10000.0,1,1.0,10,1,1,0,0,0,0,1,0,0,0,0,0,medio_alto
2,10000.0,0,0.0,1,3,1,0,0,0,1,0,0,1,0,1,0,alto
5,10000.0,0,0.0,1,1,1,0,1,0,0,0,1,0,0,0,0,medio_alto
3,10000.0,19,0.7894736842105263,19,2,1,0,0,0,1,0,0,1,0,0,0,baixo
2,0.0,0,0.0,11,3,1,0,0,0,1,0,0,1,0,0,0,gratuito
2,10000.0,11,0.45454545454545453,7,4,1,0,0,0,1,1,1,0,0,0,0,gratuito
12,75000.0,347,0.8472622478386167,6,1,1,0,0,6,0,0,0,0,0,1,0,baixo
11,35000.0,122,0.9016393442622951,9,3,1,1,0,0,1,0,0,1,0,0,1,medio_baixo
1,10000.0,0,0.0,1,2,1,0,0,0,0,0,0,1,0,0,1,medio_alto
4,10000.0,59,0.847457627118644,1,3,1,0,0,1,0,0,1,1,0,0,1,alto
2,10000.0,668,0.874251497005988,1,5,1,0,0,0,1,1,1,0,1,0,1,alto
7,10000.0,5,0.8,1,4,1,0,0,0,1,1,1,0,0,1,0,medio_alto
11,150000.0,332,0.891566265060241,1,2,1,0,0,0,1,1,0,0,0,0,0,baixo
3,10000.0,0,0.0,1,1,1,0,0,0,0,0,0,0,1,0,0,baixo
4,10000.0,8,0.5,2,4,1,0,0,0,0,0,0,0,1,1,1,alto
14,350000.0,1856,0.802801724137931,4,2,1,1,0,1,0,0,0,0,1,1,0,baixo
1,10000.0,5,1.0,1,3,1,0,0,0,0,0,0,1,0,1,1,medio_baixo
1,0.0,0,0.0,8,1,1,0,0,0,1,0,0,0,0,0,0,medio_alto
9,35000.0,47,0.23404255319148937,1,5,1,0,0,0,1,1,1,1,1,0,0,baixo
10,35000.0,630,0.9111111111111111,1,4,1,0,0,2,0,0,1,1,1,1,0,alto
2,0.0,0,0.0,1,4,1,0,0,0,1,0,1,0,0,0,1,gratuito
2,0.0,0,0.0,0,0,1,0,0,0,0,0,0,0,0,0,0,gratuito
1,10000.0,75,0.96,27,5,1,0,0,0,1,1,1,1,0,0,1,medio_alto
3,1500000.0,31876,0.9636089848161626,1,4,1,0,1,0,1,1,0,0,0,1,1,medio_baixo
5,10000.0,0,0.0,29,1,1,0,0,0,0,0,0,0,0,0,1,medio_alto
1,0.0,0,0.0,0,0,1,0,0,0,0,0,0,0,0,0,0,gratuito
5,10000.0,21,0.9047619047619048,2,5,1,0,0,0,1,1,1,1,0,0,1,baixo
2,0.0,0,0.0,0,0,1,0,0,0,0,0,0,0,0,0,0,gratuito
2,0.0,0,0.0,0,0,1,0,0,0,0,0,0,0,0,0,0,gratuito
2,0.0,0,0.0,0,0,1,0,0,0,0,0,0,0,0,0,0,gratuito
1,0.0,0,0.0,2,2,1,0,0,0,1,0,1,0,0,0,0,medio_baixo
4,35000.0,13,0.46153846153846156,2,3,1,0,0,0,1,0,1,1,0,0,0,medio_baixo
4,10000.0,0,0.0,1,1,1,0,0,0,0,0,0,1,0,0,0,baixo
11,10000.0,17,0.6470588235294118,1,2,1,1,1,0,0,0,1,0,1,0,0,baixo
1,0.0,0,0.0,1,1,1,1,1,0,0,0,0,1,0,0,0,alto
3,10000.0,53,0.9245283018867925,2,5,1,0,0,0,1,0,0,1,1,1,1,medio_alto
4,150000.0,2962,0.87508440243079,15,4,1,0,0,1,1,1,1,0,0,0,1,alto
1,10000.0,35,0.5714285714285714,1,6,1,0,0,0,1,1,1,0,1,0,1,medio_baixo
6,35000.0,10,0.0,1,3,1,0,0,0,1,0,1,0,0,0,1,medio_alto
2,10000.0,11,0.7272727272727273,1,2,1,0,0,0,1,1,0,0,0,0,0,medio_baixo
2,10000.0,7,0.7142857142857143,1,3,1,0,0,0,1,0,1,1,0,0,0,baixo
3,0.0,0,0.0,0,0,1,0,0,0,0,0,0,0,0,0,0,gratuito
6,10000.0,6,0.6666666666666666,3,6,1,0,0,0,1,1,1,1,1,1,0,medio_baixo
1,0.0,0,0.0,0,0,1,0,0,0,0,0,0,0,0,0,0,gratuito
1,0.0,0,0.0,1,3,1,0,0,0,1,0,1,1,0,0,0,medio_baixo
1,0.0,0,0.0,10,3,1,0,0,0,1,1,0,0,1,0,0,medio_baixo
4,0.0,0,0.0,0,0,1,0,0,0,0,0,0,0,0,0,0,gratuito
1,10000.0,22,0.9545454545454546,1,7,1,1,1,0,1,1,1,1,1,0,1,alto
2,10000.0,17,0.6470588235294118,2,4,1,0,0,0,1,0,1,1,1,0,0,alto
2,10000.0,0,0.0,2,5,1,0,0,0,1,0,1,1,1,1,0,medio_baixo
2,10000.0,0,0.0,1,5,1,0,0,0,1,1,1,0,0,1,0,gratuito
5,10000.0,35,0.8285714285714286,2,1,1,0,1,0,0,0,0,0,0,0,1,medio_baixo
3,10000.0,13,1.0,29,2,1,0,0,0,1,0,0,1,0,0,0,baixo
7,10000.0,11,0.7272727272727273,1,3,1,0,0,0,1,1,1,0,0,0,0,medio_baixo
3,35000.0,38,1.0,8,5,1,1,0,0,1,1,1,1,0,1,0,alto
2,10000.0,0,0.0,2,4,1,0,0,0,1,0,0,0,0,1,1,gratuito
1,10000.0,0,0.0,9,2,1,0,0,2,0,0,0,0,0,1,1,alto
5,10000.0,68,0.8235294117647058,1,3,1,0,1,0,1,1,0,0,1,0,0,medio_alto
10,75000.0,586,0.8378839590443686,3,3,1,1,1,0,1,1,1,0,0,0,0,medio_baixo
3,0.0,0,0.0,1,4,1,0,0,0,1,1,1,0,0,0,0,gratuito
1,0.0,0,0.0,2,1,1,0,0,0,0,1,0,0,0,0,0,medio_baixo
3,75000.0,1394,0.921090387374462,9,4,1,0,0,0,1,1,0,1,0,0,0,medio_alto
3,35000.0,57,0.7894736842105263,1,2,1,0,0,0,0,0,0,0,1,1,0,medio_alto
11,350000.0,925,0.6227027027027027,1,1,1,1,0,0,0,0,0,0,0,1,0,baixo
6,350000.0,559,0.6153846153846154,10,3,1,0,0,2,0,1,0,0,1,1,0,alto
2,75000.0,1052,0.7908745247148289,3,7,1,0,0,0,1,0,1,1,1,1,1,alto
5,10000.0,22,0.9090909090909091,1,1,1,0,0,0,1,0,0,0,0,0,0,gratuito
5,0.0,0,0.0,0,0,1,0,0,0,0,0,0,0,0,0,0,gratuito
1,10000.0,2,1.0,10,5,1,0,0,0,1,1,0,1,1,1,0,gratuito
9,35000.0,868,0.8928571428571429,10,4,1,0,0,0,1,1,1,1,0,0,0,medio_baixo
1,10000.0,0,0.0,17,4,1,0,0,1,1,1,0,0,0,0,1,alto
4,0.0,0,0.0,1,4,1,0,0,0,1,1,0,1,0,0,0,gratuito
3,10000.0,2,1.0,1,1,1,0,0,0,0,0,0,0,0,0,1,alto
1,0.0,0,0.0,0,0,1,0,0,0,0,0,0,0,0,0,0,gratuito
3,10000.0,1,1.0,2,4,1,0,0,0,1,0,1,1,0,1,0,baixo
9,35000.0,149,0.48322147651006714,1,3,1,0,0,0,1,1,0,1,0,0,0,baixo
6,35000.0,245,0.8775510204081632,2,1,1,1,1,0,0,0,0,0,0,0,1,medio_baixo
5,10000.0,97,0.8144329896907216,18,3,1,1,0,0,1,0,1,1,0,0,0,medio_alto
6,10000.0,61,0.7213114754098361,1,4,1,0,0,0,1,0,0,1,0,0,0,gratuito
4,10000.0,2,0.0,1,5,1,0,0,0,1,1,1,1,1,0,0,baixo
5,10000.0,28,0.5714285714285714,1,4,1,0,0,0,1,0,0,0,0,1,1,medio_alto
2,10000.0,290,0.696551724137931,13,6,1,0,0,0,1,1,0,0,0,0,1,alto
1,0.0,0,0.0,20,3,1,0,1,0,1,0,0,0,1,1,0,alto
3,10000.0,13,1.0,5,2,1,0,0,0,1,1,0,0,0,0,0,baixo
3,10000.0,3,1.0,1,4,1,0,0,0,1,1,1,0,1,0,0,baixo
5,0.0,0,0.0,1,5,1,0,0,0,0,0,0,1,0,1,1,gratuito
1,10000.0,0,0.0,3,4,1,0,0,0,1,0,0,1,0,1,1,medio_baixo
2,10000.0,0,0.0,2,5,1,0,0,0,1,0,0,1,0,1,1,medio_alto
10,75000.0,398,0.7386934673366834,7,4,1,0,0,0,1,1,1,0,1,0,0,medio_alto
3,10000.0,0,0.0,103,2,1,0,0,0,1,0,0,1,0,0,0,baixo
1,10000.0,6,1.0,10,4,1,0,0,0,0,0,0,1,0,1,1,baixo
4,10000.0,11,0.9090909090909091,1,5,1,0,0,0,1,0,0,1,1,1,1,baixo
1,10000.0,0,0.0,19,2,1,0,0,0,1,0,0,1,0,0,0,medio_baixo
3,0.0,0,0.0,103,3,1,0,0,0,1,0,0,1,0,0,1,medio_baixo
2,10000.0,16,0.75,1,3,1,0,0,0,1,1,0,0,0,0,0,gratuito
1,0.0,0,0.0,1,2,1,0,0,0,1,1,0,0,0,0,0,medio_baixo
2,10000.0,6,1.0,1,2,1,1,0,0,1,0,0,1,0,0,0,medio_alto
2,10000.0,234,0.5128205128205128,7,2,1,0,0,2,1,1,0,0,0,0,0,medio_baixo
4,10000.0,1,1.0,2,3,1,0,0,0,1,1,0,0,0,0,0,baixo
4,1500000.0,14988,0.8621563917800907,10,5,1,0,0,9,1,0,1,1,1,0,1,alto
3,10000.0,3,0.6666666666666666,1,2,1,0,0,0,1,0,0,1,0,0,0,baixo
11,10000.0,14,0.5,1,3,1,1,1,0,1,1,1,0,0,0,0,alto
7,75000.0,39,0.717948717948718,103,2,1,0,0,0,1,0,0,1,0,0,0,baixo
5,0.0,0,0.0,1,2,1,0,1,0,1,1,0,0,0,0,0,medio_alto
1,0.0,0,0.0,1,8,1,0,0,3,1,1,0,1,1,1,1,gratuito
3,350000.0,7169,0.9305342446645278,9,1,1,0,0,41,0,1,0,0,0,0,0,alto
2,10000.0,0,0.0,25,2,1,0,0,0,1,0,0,1,0,0,0,baixo
4,10000.0,2,1.0,1,3,1,0,0,0,1,1,0,1,0,0,0,medio_baixo
3,10000.0,32,0.90625,13,1,1,0,0,0,0,0,0,0,0,0,1,alto
3,0.0,0,0.0,0,0,1,0,0,0,0,0,0,0,0,0,0,gratuito
3,10000.0,1,0.0,2,1,1,0,0,0,0,0,0,1,0,0,0,medio_alto
12,10000.0,301,0.37209302325581395,1,1,1,0,0,0,0,1,0,0,0,0,0,baixo
18,750000.0,6186,0.767539605560944,5,2,1,0,0,0,0,1,1,0,0,0,0,baixo
6,10000.0,12,0.8333333333333334,27,4,1,0,0,0,1,0,0,1,0,0,0,baixo
8,35000.0,51,0.29411764705882354,1,2,1,0,0,0,1,0,0,1,0,0,0,baixo
4,10000.0,20,0.7,4,1,1,0,0,0,0,0,1,0,0,0,0,medio_baixo
1,0.0,0,0.0,0,0,1,0,0,0,0,0,0,0,0,0,0,gratuito
2,0.0,0,0.0,0,0,1,0,0,0,0,0,0,0,0,0,0,gratuito
1,0.0,0,0.0,1,1,1,0,1,0,1,0,0,0,0,0,0,medio_alto
1,10000.0,0,0.0,26,3,1,0,0,0,1,0,0,1,0,0,1,medio_alto
5,10000.0,0,0.0,1,2,1,1,1,0,1,0,0,1,0,0,0,baixo
2,10000.0,0,0.0,1,5,1,0,0,0,0,1,1,1,0,1,1,medio_baixo
4,10000.0,104,0.8942307692307693,1,2,1,1,0,0,1,0,1,0,0,0,0,baixo
3,10000.0,4,1.0,4,2,1,0,0,0,1,0,0,1,0,0,0,medio_alto
4,75000.0,4,0.75,1,2,1,0,0,0,0,0,0,0,0,1,1,medio_alto
3,0.0,0,0.0,0,0,1,0,0,0,0,0,0,0,0,0,0,gratuito
6,10000.0,1,1.0,1,3,1,0,0,0,1,1,1,0,0,0,0,baixo
6,10000.0,1,0.0,1,6,1,0,0,0,1,1,1,0,1,1,1,medio_baixo
1,0.0,0,0.0,1,2,1,0,0,0,0,0,0,1,0,0,0,gratuito
11,10000.0,25,0.32,1,2,1,0,0,0,1,0,0,1,0,0,0,medio_baixo
2,35000.0,7,1.0,1,4,1,0,0,0,1,1,1,0,0,1,0,baixo
9,10000.0,0,0.0,1,2,1,0,0,0,1,0,0,1,0,0,0,medio_alto
9,10000.0,35,0.7428571428571429,4,5,1,0,0,0,0,0,1,0,1,1,0,medio_alto
1,10000.0,0,0.0,9,3,1,0,0,0,1,1,1,0,0,0,0,medio_alto
6,75000.0,322,0.8540372670807453,1,2,1,0,0,0,1,0,0,0,0,0,0,baixo
4,0.0,0,0.0,0,0,1,0,0,0,0,0,0,0,0,0,0,gratuito
1,0.0,0,0.0,0,0,1,0,0,0,0,0,0,0,0,0,0,gratuito
1,0.0,0,0.0,2,3,1,0,0,1,1,0,0,0,0,0,1,gratuito
3,35000.0,26,0.6153846153846154,2,1,1,1,1,0,1,0,0,0,0,0,0,medio_baixo
5,10000.0,38,0.8947368421052632,1,1,1,0,0,0,0,1,0,0,0,0,0,medio_baixo
2,0.0,0,0.0,0,0,1,0,0,0,0,0,0,0,0,0,0,gratuito
5,10000.0,19,0.631578947368421,3,1,1,0,0,1,0,0,0,0,1,0,0,medio_alto
10,10000.0,44,0.75,10,4,1,0,0,0,0,0,0,0,0,0,0,gratuito
7,350000.0,3076,0.7955136540962289,5,6,1,1,0,2,1,1,1,1,1,1,0,alto
1,10000.0,1,1.0,1,3,1,0,1,0,1,0,0,1,0,0,0,alto
3,10000.0,0,0.0,1,3,1,0,0,0,1,0,0,1,0,0,0,gratuito
4,10000.0,0,0.0,1,3,1,0,0,0,1,0,0,1,0,0,1,medio_baixo
1,0.0,0,0.0,1,5,1,0,0,0,1,1,0,1,0,1,0,gratuito
10,150000.0,827,0.8597339782345829,8,2,1,1,1,1,1,0,1,0,0,0,0,alto
2,10000.0,24,1.0,2,3,1,0,0,0,1,1,0,0,0,0,0,medio_alto
7,75000.0,1162,0.9268502581755593,4,2,1,0,0,0,1,0,0,1,0,0,0,medio_alto
10,150000.0,811,0.9161528976572133,6,4,1,0,0,0,1,0,1,1,1,0,0,medio_baixo
1,10000.0,56,0.9464285714285714,3,2,1,1,0,1,1,0,0,0,1,0,0,alto
10,75000.0,377,0.9230769230769231,1,1,1,0,0,0,1,0,0,0,0,0,0,alto
2,10000.0,5,1.0,1,3,1,1,0,0,1,1,0,1,0,0,0,alto
2,10000.0,1,1.0,2,2,1,0,0,0,1,0,0,1,0,0,0,baixo
8,10000.0,12,0.9166666666666666,1,3,1,0,0,0,1,0,1,0,1,0,0,baixo
3,75000.0,468,0.6987179487179487,2,3,1,0,0,1,1,1,1,0,0,0,0,medio_baixo
4,10000.0,4,1.0,1,5,1,0,0,0,1,0,1,1,1,0,1,medio_alto
1,0.0,0,0.0,1,2,1,0,0,0,0,1,1,0,0,0,0,medio_baixo
4,10000.0,10,1.0,1,4,1,1,0,0,1,1,0,1,0,0,0,medio_alto
8,75000.0,520,0.7615384615384615,7,2,1,0,0,0,0,1,1,0,0,0,0,medio_alto
1,10000.0,0,0.0,14,2,1,1,0,0,0,1,1,0,0,0,0,medio_alto
1,10000.0,0,0.0,1,1,1,0,0,0,0,0,1,0,0,0,0,medio_alto
5,10000.0,0,0.0,3,4,1,0,0,1,1,0,1,1,0,0,1,baixo
4,0.0,0,0.0,0,0,1,0,0,0,0,0,0,0,0,0,0,gratuito
1,0.0,0,0.0,1,4,1,1,0,0,1,1,1,1,0,0,0,medio_baixo
2,10000.0,0,0.0,1,1,1,0,0,0,0,0,0,0,0,0,1,alto
2,0.0,0,0.0,0,0,1,0,0,0,0,0,0,0,0,0,0,gratuito
10,350000.0,15,0.4666666666666667,1,1,1,0,0,0,0,0,0,0,0,0,1,medio_alto
1,0.0,0,0.0,0,0,1,0,0,0,0,0,0,0,0,0,0,gratuito
11,35000.0,425,0.8823529411764706,1,3,1,1,1,1,1,1,1,0,0,0,0,medio_alto
2,10000.0,17,0.9411764705882353,1,2,1,0,0,0,1,0,1,0,0,0,0,baixo
1,0.0,0,0.0,1,4,1,0,0,0,1,0,1,1,1,0,0,medio_alto
4,10000.0,2,0.5,1,4,1,0,0,0,1,1,1,0,1,0,0,baixo
5,10000.0,29,0.6896551724137931,3,4,1,0,0,0,1,0,0,1,0,1,0,baixo
3,10000.0,23,0.9565217391304348,16,4,1,0,0,0,1,1,1,0,1,0,0,medio_alto
2,10000.0,3,1.0,1,2,1,0,0,0,1,0,0,1,0,0,0,medio_baixo
11,10000.0,15,0.7333333333333333,1,1,1,0,1,0,0,0,0,0,0,0,1,baixo
6,10000.0,3,0.6666666666666666,2,1,1,1,0,0,0,0,0,0,0,1,0,alto
2,10000.0,0,0.0,1,2,1,1,1,0,1,0,0,0,0,0,0,alto
8,75000.0,1706,0.8604923798358733,7,1,1,1,0,2,0,0,1,0,0,0,0,baixo
1,10000.0,0,0.0,6,7,1,0,0,0,1,0,1,1,1,1,1,alto
1,10000.0,0,0.0,11,3,1,0,0,0,0,0,0,0,0,0,1,alto
7,10000.0,26,0.38461538461538464,1,3,1,0,0,0,1,1,0,1,0,0,0,baixo
4,10000.0,1,1.0,1,2,1,0,0,0,1,0,0,1,0,0,0,alto
8,10000.0,35,0.7714285714285715,1,3,1,0,0,0,1,0,0,1,0,0,1,gratuito
14,350000.0,2794,0.904438081603436,9,2,1,1,1,1,1,0,1,0,0,0,0,medio_baixo
4,10000.0,22,0.6363636363636364,1,2,1,0,0,0,0,0,0,0,1,1,0,alto
3,10000.0,5,0.2,1,1,1,0,0,0,0,1,0,0,0,0,0,medio_baixo
1,10000.0,1,1.0,1,6,1,1,0,0,0,1,1,1,0,0,1,medio_baixo
8,10000.0,8,0.625,1,4,1,0,0,0,1,1,0,1,0,1,0,medio_baixo
6,35000.0,51,0.7647058823529411,1,4,1,0,0,0,1,1,0,1,0,0,0,gratuito
2,10000.0,348,0.867816091954023,10,3,1,0,0,1,1,1,1,0,0,0,0,alto
5,10000.0,7,0.5714285714285714,3,4,1,0,0,0,1,1,0,0,1,0,0,alto
7,75000.0,791,0.9823008849557522,1,1,1,0,0,0,1,0,0,0,0,0,0,gratuito
13,75000.0,610,0.7459016393442623,1,3,1,0,0,0,1,1,1,0,0,0,0,baixo
1,10000.0,0,0.0,1,3,1,0,1,0,1,0,1,1,0,0,0,baixo
7,10000.0,17,0.5294117647058824,1,3,1,0,0,0,1,1,0,1,0,0,0,baixo
3,10000.0,55,1.0,2,3,1,0,0,0,1,1,1,0,0,0,0,baixo
9,35000.0,95,0.5473684210526316,1,2,1,0,0,0,1,0,0,0,0,0,1,baixo
7,10000.0,0,0.0,1,2,1,0,0,0,1,0,1,0,0,0,0,medio_baixo
9,10000.0,1,0.0,1,2,1,0,0,0,0,0,0,0,0,0,0,alto
2,10000.0,0,0.0,1,1,1,0,0,0,0,1,0,0,0,0,0,medio_baixo
1,0.0,0,0.0,1,1,1,0,0,0,0,0,0,1,0,0,0,baixo
5,10000.0,52,0.8076923076923077,7,8,1,0,0,0,1,1,1,1,0,1,1,medio_alto
7,10000.0,7,0.7142857142857143,1,2,1,1,1,0,0,0,1,0,0,0,1,alto
7,10000.0,2,1.0,1,2,1,0,0,0,1,1,0,0,0,0,0,baixo
11,35000.0,27,0.9629629629629629,1,3,1,0,0,0,1,0,1,0,1,0,0,medio_alto
3,10000.0,66,0.8181818181818182,1,2,1,0,0,0,1,0,1,0,0,0,0,baixo
3,10000.0,1,1.0,1,3,1,0,0,0,1,0,1,1,0,0,0,medio_baixo
1,0.0,0,0.0,0,0,1,0,0,0,0,0,0,0,0,0,0,gratuito
7,10000.0,104,0.8557692307692307,2,2,1,0,1,0,1,0,0,1,0,0,0,baixo
5,35000.0,2,1.0,3,3,1,0,0,0,1,0,1,1,0,0,0,baixo
8,35000.0,86,0.3953488372093023,6,3,1,1,1,1,1,1,1,0,0,0,0,baixo
7,10000.0,0,0.0,1,1,1,0,0,0,0,0,0,1,0,0,0,medio_alto
4,10000.0,27,0.9259259259259259,6,3,1,0,0,1,1,0,1,1,0,0,0,baixo
5,150000.0,5,0.2,1,1,1,0,0,0,1,0,0,0,0,0,0,medio_alto
9,10000.0,56,0.7678571428571429,1,2,1,0,1,0,1,0,0,0,0,0,0,gratuito
9,10000.0,3,1.0,2,3,1,1,0,0,1,0,0,1,0,0,1,medio_baixo
9,10000.0,9,0.3333333333333333,1,5,1,0,0,0,1,1,1,0,1,0,0,alto
1,10000.0,363,0.9944903581267218,1,2,1,0,0,1,0,0,1,1,0,0,0,medio_baixo
4,10000.0,2,1.0,5,5,1,0,0,0,0,1,0,1,1,0,1,medio_alto
1,0.0,0,0.0,0,0,1,0,0,0,0,0,0,0,0,0,0,gratuito
5,35000.0,37,0.972972972972973,1,4,1,0,0,0,1,0,1,1,1,0,0,alto
1,0.0,0,0.0,1,2,1,0,0,0,1,0,0,0,0,0,0,gratuito
6,10000.0,50,0.66,29,4,1,0,0,22,0,0,0,1,0,0,0,gratuito
5,10000.0,8,0.625,1,3,1,0,0,0,1,0,0,1,0,1,0,medio_baixo
10,10000.0,5,0.8,1,4,1,0,0,0,1,1,1,0,1,0,0,medio_baixo
12,35000.0,113,0.45132743362831856,3,2,1,0,0,0,1,0,0,0,0,1,0,baixo
5,10000.0,84,0.6547619047619048,2,2,1,0,0,0,1,0,1,0,0,0,0,medio_alto
1,0.0,0,0.0,1,1,1,0,0,0,0,0,0,0,1,0,0,alto
5,35000.0,7,0.8571428571428571,1,2,1,0,0,1,1,0,0,0,1,0,0,baixo
9,350000.0,6440,0.8725155279503105,14,2,1,1,0,2,1,0,1,0,0,0,0,medio_alto
1,10000.0,0,0.0,10,4,1,0,0,0,1,1,0,1,0,0,0,alto
7,10000.0,150,0.92,1,3,1,0,0,0,1,0,1,1,0,0,0,gratuito
8,10000.0,49,1.0,1,1,1,1,0,1,1,0,0,0,0,0,0,medio_baixo
6,35000.0,183,0.819672131147541,4,1,1,0,0,0,0,1,0,0,0,0,0,baixo
9,750000.0,1244,0.7556270096463023,1,3,1,1,1,1,1,1,1,0,0,0,0,baixo
3,0.0,0,0.0,2,2,1,1,0,0,1,1,0,0,0,0,0,gratuito
8,10000.0,348,0.3103448275862069,6,2,1,0,0,3,0,1,1,0,0,0,0,medio_baixo
4,0.0,0,0.0,0,0,1,0,0,0,0,0,0,0,0,0,0,gratuito
5,10000.0,2,0.0,1,4,1,0,0,0,1,0,0,1,0,0,1,baixo
11,10000.0,52,0.6923076923076923,1,2,1,0,0,1,1,0,1,0,0,0,0,medio_baixo
1,10000.0,8,0.875,5,4,1,0,0,0,0,1,1,1,0,1,0,medio_baixo
7,10000.0,0,0.0,2,2,1,0,0,0,0,0,1,0,0,0,0,gratuito
1,0.0,0,0.0,1,2,1,0,0,0,1,0,0,0,0,0,0,gratuito
5,35000.0,3,1.0,1,3,1,0,0,0,0,0,1,1,1,0,0,alto
9,10000.0,12,0.4166666666666667,1,4,1,0,0,0,1,1,0,1,0,0,0,medio_alto
2,10000.0,0,0.0,1,1,1,0,0,0,0,0,1,0,0,0,0,medio_alto
4,10000.0,9,0.5555555555555556,7,3,1,1,1,0,1,0,0,1,0,0,0,baixo
3,150000.0,562,0.4128113879003559,10,2,1,0,0,2,1,0,1,0,0,0,0,medio_alto
1,10000.0,0,0.0,1,2,1,0,0,0,1,0,0,1,0,0,0,medio_baixo
6,10000.0,14,0.5,1,2,1,0,0,0,1,0,1,0,0,0,0,medio_baixo
3,10000.0,30,0.5,1,3,1,0,0,0,1,1,1,0,0,0,0,medio_alto
2,10000.0,52,0.8269230769230769,1,3,1,0,0,0,1,1,1,0,0,0,0,alto
6,10000.0,177,0.9209039548022598,1,2,1,0,0,0,1,0,1,0,0,0,0,medio_alto
1,10000.0,0,0.0,3,3,1,1,0,0,1,0,1,1,0,0,0,alto
7,10000.0,14,0.8571428571428571,1,3,1,0,0,0,1,1,1,0,0,0,0,baixo
16,1500000.0,25365,0.9138182534989159,8,1,1,1,0,0,0,0,0,0,0,1,0,medio_alto
8,35000.0,3,0.0,2,4,1,0,0,0,1,1,1,1,0,0,0,baixo
5,10000.0,333,0.978978978978979,1,4,1,0,0,0,1,1,1,0,1,0,0,alto
7,10000.0,81,0.38271604938271603,4,5,1,0,0,0,0,0,0,0,0,0,0,medio_baixo
9,35000.0,342,0.7192982456140351,1,3,1,0,0,0,1,0,0,0,0,1,1,medio_baixo
1,0.0,0,0.0,0,0,1,0,0,0,0,0,0,0,0,0,0,gratuito
5,10000.0,284,0.8626760563380281,6,2,1,1,0,0,1,0,0,0,0,1,0,baixo
7,10000.0,12,0.9166666666666666,1,1,1,0,0,0,0,0,0,0,0,0,1,gratuito
7,10000.0,18,0.7777777777777778,7,3,1,1,1,0,1,1,1,0,0,0,0,medio_baixo
1,0.0,0,0.0,2,2,1,0,0,0,0,0,0,0,0,0,0,gratuito
10,750000.0,3700,0.82,13,7,1,0,0,0,1,0,1,1,1,1,0,gratuito
2,10000.0,1,1.0,1,2,1,0,0,0,1,0,0,0,0,0,1,alto
6,10000.0,9,0.3333333333333333,1,4,1,0,0,0,1,1,1,0,1,0,0,baixo
3,0.0,0,0.0,0,0,1,0,0,0,0,0,0,0,0,0,0,gratuito
6,10000.0,0,0.0,1,5,1,0,1,0,1,0,1,1,1,0,0,alto
5,10000.0,52,0.8461538461538461,1,6,1,0,0,0,1,1,0,1,0,0,1,medio_alto
1,0.0,0,0.0,1,2,1,0,0,0,0,0,0,0,0,0,1,gratuito
3,10000.0,0,0.0,1,1,1,1,0,0,0,0,0,0,0,1,0,alto
8,10000.0,32,0.8125,4,1,1,0,0,0,0,0,0,0,0,0,0,medio_baixo
1,0.0,0,0.0,0,0,1,0,0,0,0,0,0,0,0,0,0,gratuito
1,10000.0,0,0.0,1,1,1,0,0,0,0,0,0,1,0,0,0,medio_baixo
7,10000.0,1,1.0,1,2,1,0,0,0,0,1,1,0,0,0,0,medio_baixo
1,10000.0,2,1.0,1,1,1,0,0,0,0,0,0,0,0,0,0,medio_alto
1,0.0,0,0.0,1,3,1,0,0,1,1,0,0,1,0,0,0,gratuito
3,10000.0,0,0.0,1,2,1,0,1,0,1,0,0,0,0,1,0,alto
1,10000.0,0,0.0,1,1,1,0,0,0,0,1,0,0,0,0,0,medio_alto
3,10000.0,8,0.875,9,2,1,0,0,0,0,1,0,1,0,0,0,baixo
6,10000.0,194,0.8865979381443299,10,3,1,1,0,0,1,0,1,1,0,0,0,baixo
11,35000.0,246,0.5894308943089431,5,1,1,0,0,0,0,0,0,1,0,0,0,medio_alto
3,10000.0,4,0.75,1,3,1,0,0,0,0,0,0,0,0,0,0,alto
3,35000.0,300,0.9066666666666666,5,3,1,0,0,0,1,0,0,1,0,1,0,medio_alto
6,10000.0,19,0.631578947368421,9,4,1,0,0,0,1,0,0,1,0,1,0,gratuito
3,10000.0,13,0.7692307692307693,2,2,1,0,0,0,0,1,0,1,0,0,0,baixo
2,10000.0,1,1.0,1,4,1,0,0,0,1,1,1,0,0,0,0,medio_alto
2,10000.0,9,0.7777777777777778,1,4,1,0,0,0,1,1,0,1,0,0,0,gratuito
6,35000.0,8,0.25,1,2,1,1,0,0,0,1,0,0,0,0,1,medio_baixo
7,10000.0,27,1.0,1,2,1,0,0,0,0,0,0,0,0,0,1,gratuito
1,10000.0,0,0.0,3,2,1,0,0,0,1,0,0,1,0,0,0,medio_alto
1,0.0,0,0.0,0,0,1,0,0,0,0,0,0,0,0,0,0,gratuito
5,10000.0,3,1.0,1,2,1,0,0,0,0,0,1,1,0,0,0,medio_alto
3,10000.0,10,0.9,2,3,1,0,0,0,1,0,0,1,1,0,0,medio_alto
7,35000.0,104,0.625,1,3,1,0,0,0,0,0,0,0,0,0,0,gratuito
5,10000.0,63,0.7777777777777778,1,3,1,0,0,0,1,0,0,1,0,0,1,medio_alto
10,10000.0,79,0.9113924050632911,1,3,1,1,1,1,1,0,1,1,0,0,0,medio_alto
10,35000.0,249,0.606425702811245,4,3,1,0,0,0,1,0,1,0,1,0,0,alto
8,10000.0,34,0.7941176470588235,1,4,1,1,0,0,1,0,0,1,0,0,0,medio_alto
1,10000.0,0,0.0,3,2,1,1,1,0,1,0,1,0,0,0,0,alto
9,10000.0,6,0.6666666666666666,1,4,1,0,0,0,1,0,0,0,0,1,1,gratuito
1,0.0,0,0.0,1,3,1,0,0,0,1,0,0,1,0,0,1,medio_alto
7,75000.0,141,0.7375886524822695,1,2,1,1,0,0,0,0,0,0,0,1,0,gratuito
6,10000.0,8,0.375,103,2,1,0,0,0,1,0,0,1,0,0,0,baixo
7,75000.0,337,0.9198813056379822,15,5,1,1,0,0,1,1,1,1,0,0,0,gratuito
9,10000.0,18,0.2777777777777778,1,2,1,0,0,0,1,1,0,0,0,0,0,baixo
8,10000.0,12,0.9166666666666666,1,2,1,0,1,1,1,1,0,0,0,0,0,medio_baixo
6,350000.0,8,0.875,1,3,1,1,0,0,0,0,0,1,0,0,1,gratuito
5,10000.0,233,0.7553648068669528,1,2,1,0,0,0,0,1,1,0,0,0,0,medio_baixo
10,10000.0,10,0.6,1,3,1,0,0,0,1,1,0,0,0,0,0,alto
2,35000.0,329,0.5835866261398176,18,1,1,0,0,0,0,0,1,0,0,0,0,alto
4,0.0,0,0.0,0,0,1,0,0,0,0,0,0,0,0,0,0,gratuito
2,10000.0,0,0.0,2,3,1,0,0,0,1,1,0,1,0,0,0,medio_baixo
1,0.0,0,0.0,0,0,1,0,0,0,0,0,0,0,0,0,0,gratuito
2,10000.0,9,0.8888888888888888,2,5,1,0,0,0,1,1,1,1,1,0,0,medio_baixo
1,0.0,0,0.0,0,0,1,0,0,0,0,0,0,0,0,0,0,gratuito
3,10000.0,31,0.9032258064516129,1,3,1,1,1,0,1,0,1,1,0,0,0,baixo
1,0.0,0,0.0,5,6,1,0,0,0,1,1,1,0,0,0,1,gratuito
1,10000.0,15,0.8,14,3,1,1,0,0,1,1,0,1,0,0,0,medio_alto
8,10000.0,17,0.9411764705882353,8,2,1,0,0,0,1,0,0,1,0,0,0,medio_baixo
10,75000.0,253,0.8616600790513834,5,2,1,1,0,0,0,0,0,1,0,0,1,baixo
5,0.0,0,0.0,0,0,1,0,0,0,0,0,0,0,0,0,0,gratuito
9,10000.0,3,0.3333333333333333,11,1,1,0,0,0,0,0,0,0,0,0,0,gratuito
7,10000.0,55,0.43636363636363634,1,6,1,0,0,0,1,0,1,1,0,0,1,baixo
2,10000.0,1,1.0,1,2,1,0,0,0,0,1,0,1,0,0,0,medio_alto
10,10000.0,46,0.717391304347826,1,5,1,0,0,0,0,1,1,0,1,0,1,medio_baixo
9,10000.0,141,0.9361702127659575,2,3,1,1,1,0,1,0,1,1,0,0,0,baixo
7,35000.0,1,0.0,29,2,1,0,0,0,0,0,0,1,0,0,0,baixo
6,10000.0,4,0.25,1,3,1,0,0,0,1,0,0,1,0,0,1,medio_alto
12,350000.0,637,0.5745682888540031,2,5,1,0,0,0,1,1,0,0,1,0,0,gratuito
6,10000.0,3,0.6666666666666666,1,3,1,0,0,0,1,1,0,0,0,0,0,medio_alto
2,0.0,0,0.0,19,3,1,0,0,0,0,0,0,0,0,0,1,gratuito
5,10000.0,23,0.8260869565217391,7,3,1,0,0,0,1,0,1,0,0,1,0,baixo
1,10000.0,0,0.0,1,4,1,0,0,0,1,0,0,0,0,1,1,medio_baixo
1,0.0,0,0.0,0,0,1,0,0,0,0,0,0,0,0,0,0,gratuito
1,0.0,0,0.0,6,4,1,0,0,0,1,0,1,1,0,0,0,alto
1,0.0,0,0.0,11,2,1,0,0,0,0,1,1,0,0,0,0,gratuito
2,10000.0,10,0.7,9,3,1,0,0,1,1,0,1,1,0,0,0,medio_alto
4,10000.0,10,1.0,1,4,1,0,0,0,1,1,1,1,0,0,0,medio_baixo
9,350000.0,629,0.3783783783783784,1,3,1,0,0,0,1,1,0,0,0,0,0,gratuito
1,0.0,0,0.0,3,2,1,0,0,0,1,0,1,0,0,0,0,alto
7,10000.0,7,0.7142857142857143,1,3,1,0,0,0,1,1,1,0,0,0,0,alto
11,10000.0,51,0.803921568627451,1,3,1,1,1,0,1,1,0,0,0,1,0,alto
1,0.0,0,0.0,1,4,1,0,0,0,1,1,1,1,0,0,0,medio_baixo
8,10000.0,335,0.8,4,1,1,0,0,0,0,0,0,0,1,0,0,alto
2,0.0,0,0.0,0,0,1,0,0,0,0,0,0,0,0,0,0,gratuito
8,10000.0,89,0.8876404494382022,9,2,1,0,0,0,1,1,0,0,0,0,0,baixo
12,350000.0,2344,0.674061433447099,10,1,1,0,0,8,0,0,0,0,0,0,0,medio_alto
6,35000.0,255,0.792156862745098,9,2,1,1,1,0,0,0,1,1,0,0,0,medio_baixo
6,10000.0,0,0.0,1,2,1,0,0,0,1,1,0,0,0,0,0,medio_alto
3,0.0,0,0.0,0,0,1,0,0,0,0,0,0,0,0,0,0,gratuito
1,0.0,0,0.0,1,4,1,0,0,0,1,0,0,1,0,0,1,medio_baixo
5,35000.0,7,0.0,1,2,1,0,0,0,0,1,0,0,0,0,0,alto
3,10000.0,8,0.875,2,1,1,0,0,0,1,0,0,0,0,0,0,baixo
6,10000.0,20,0.25,1,6,1,0,0,0,1,1,1,1,1,0,1,medio_baixo
9,10000.0,51,0.37254901960784315,1,3,1,0,0,0,1,1,1,0,0,0,0,baixo
6,10000.0,2,0.5,1,2,1,0,0,0,1,0,1,0,0,0,0,medio_alto
3,0.0,0,0.0,103,3,1,0,0,0,1,1,0,1,0,0,0,medio_baixo
2,10000.0,0,0.0,1,5,1,0,0,1,1,0,1,1,1,0,0,medio_alto
11,10000.0,79,0.7088607594936709,8,2,1,0,0,0,0,1,1,0,0,0,0,medio_alto
4,10000.0,12,0.75,2,3,1,0,0,0,1,1,0,0,0,0,0,medio_baixo
2,0.0,0,0.0,0,0,1,0,0,0,0,0,0,0,0,0,0,gratuito
3,35000.0,27,0.9259259259259259,1,2,1,0,1,0,0,0,1,0,1,0,0,medio_baixo
2,10000.0,18,0.8888888888888888,2,3,1,0,0,0,1,1,1,0,0,0,0,medio_baixo
3,10000.0,12,0.5,1,5,1,0,0,0,1,1,1,0,0,0,1,medio_baixo
1,10000.0,18,1.0,10,3,1,0,0,0,1,1,1,0,0,0,0,baixo
9,10000.0,34,0.6764705882352942,8,4,1,0,0,0,1,1,1,1,0,0,0,medio_baixo
5,35000.0,541,0.8983364140480592,1,3,1,0,0,0,1,0,1,0,1,0,0,baixo
3,10000.0,30,0.6333333333333333,1,1,1,0,0,0,0,0,0,0,1,0,0,medio_baixo
1,10000.0,0,0.0,1,3,1,0,0,0,1,0,1,0,1,0,0,medio_alto
2,10000.0,4,1.0,1,3,1,0,1,0,1,0,0,1,0,0,0,medio_baixo
3,10000.0,0,0.0,1,3,1,0,0,0,1,0,1,0,0,0,0,gratuito
2,0.0,0,0.0,1,5,1,0,0,0,1,1,1,1,0,0,0,gratuito
1,10000.0,1118,0.9382826475849732,1,1,1,0,0,1,0,1,0,0,0,0,0,alto
5,10000.0,4,0.0,4,1,1,0,0,0,0,0,0,1,0,0,0,baixo
5,35000.0,23,0.9565217391304348,1,4,1,0,0,0,1,1,1,1,0,0,0,medio_baixo
1,10000.0,0,0.0,1,5,1,0,1,2,1,1,1,1,0,0,0,gratuito
1,10000.0,0,0.0,14,4,1,0,0,0,1,1,1,0,1,0,0,alto
1,0.0,0,0.0,1,2,1,0,0,0,1,0,0,0,0,0,1,medio_baixo
3,10000.0,0,0.0,19,2,1,0,0,0,1,0,1,0,0,0,0,baixo
6,10000.0,8,0.5,3,4,1,0,0,0,1,0,0,1,0,1,1,medio_alto
2,10000.0,10,0.9,1,5,1,0,0,0,1,1,0,1,0,1,0,medio_baixo
1,0.0,0,0.0,0,0,1,0,0,0,0,0,0,0,0,0,0,gratuito
4,10000.0,10,1.0,1,1,1,0,1,1,0,0,0,0,0,0,1,medio_baixo
2,0.0,0,0.0,1,4,1,1,1,0,1,1,1,0,0,0,0,gratuito
1,10000.0,0,0.0,1,3,1,1,1,1,0,0,1,1,1,0,0,medio_baixo
1,0.0,0,0.0,0,0,1,0,0,0,0,0,0,0,0,0,0,gratuito
2,350000.0,5542,0.9814146517502707,1,2,1,0,0,0,0,0,0,1,0,0,1,medio_baixo
4,35000.0,11,1.0,1,2,1,0,0,1,1,1,0,0,0,0,0,medio_baixo
3,350000.0,1834,0.9045801526717557,29,3,1,0,0,2,1,0,1,1,0,0,0,baixo
6,35000.0,25,0.84,2,2,1,0,1,0,1,0,1,0,0,0,0,medio_alto
2,10000.0,30,0.43333333333333335,15,4,1,0,0,1,1,0,1,1,0,0,0,gratuito
7,35000.0,7,0.7142857142857143,3,3,1,0,1,0,1,0,0,1,0,1,0,baixo
4,0.0,0,0.0,0,0,1,0,0,0,0,0,0,0,0,0,0,gratuito
6,10000.0,56,0.6607142857142857,2,4,1,1,0,0,1,0,1,1,1,0,0,medio_alto
1,10000.0,0,0.0,1,2,1,0,0,0,1,0,1,0,0,0,0,baixo
2,350000.0,10406,0.9243705554487796,13,1,1,0,0,0,0,1,0,0,0,0,0,alto
1,0.0,0,0.0,0,0,1,0,0,0,0,0,0,0,0,0,0,gratuito
3,150000.0,600,0.6066666666666667,3,4,1,0,0,0,1,0,1,1,1,0,0,medio_alto
1,0.0,0,0.0,1,1,1,0,0,0,1,0,0,0,0,0,0,baixo
1,10000.0,0,0.0,4,4,1,0,1,0,1,1,0,0,0,0,1,gratuito
2,10000.0,4,1.0,1,2,1,0,0,0,1,0,0,0,0,1,0,medio_alto
6,10000.0,91,0.9560439560439561,1,4,1,0,0,1,1,0,1,0,1,0,0,gratuito
19,1500000.0,4940,0.6611336032388664,1,1,1,0,0,0,0,1,0,0,0,0,0,baixo
4,35000.0,70,0.5857142857142857,6,2,1,0,0,0,0,0,0,0,0,1,1,medio_alto
2,35000.0,245,0.8612244897959184,3,5,1,0,0,0,1,0,1,1,1,0,1,alto
8,10000.0,36,0.3888888888888889,2,2,1,0,0,0,1,0,0,1,0,0,0,medio_alto
1,0.0,0,0.0,0,0,1,0,0,0,0,0,0,0,0,0,0,gratuito
5,35000.0,53,0.8301886792452831,4,2,1,0,0,0,1,0,1,0,0,0,0,medio_baixo
9,35000.0,1095,0.9141552511415525,15,5,1,0,0,0,1,1,1,1,0,0,1,medio_baixo
1,10000.0,95,0.8526315789473684,11,6,1,0,0,0,1,1,1,1,0,1,1,medio_baixo
5,0.0,0,0.0,2,3,1,0,0,0,1,0,0,0,0,1,0,gratuito
12,1500000.0,412,0.7888349514563107,1,3,1,1,1,0,1,0,0,1,0,1,0,medio_baixo
4,10000.0,34,0.8529411764705882,4,3,1,1,1,0,1,1,0,0,0,1,0,medio_alto
1,0.0,0,0.0,1,3,1,0,0,0,1,1,1,0,0,0,0,baixo
1,10000.0,0,0.0,1,6,1,0,0,0,1,1,1,1,0,0,1,gratuito
10,10000.0,19,0.5263157894736842,2,2,1,0,0,0,1,1,0,0,0,0,0,medio_alto
5,10000.0,29,0.896551724137931,3,4,1,0,0,0,1,1,0,1,0,1,0,medio_alto
1,0.0,0,0.0,1,1,1,0,0,0,0,0,0,1,0,0,0,medio_baixo
1,10000.0,0,0.0,1,3,1,0,0,0,1,0,1,0,0,0,1,medio_alto
5,10000.0,9,0.7777777777777778,1,2,1,0,0,0,1,1,0,0,0,0,0,medio_alto
6,10000.0,7,1.0,1,4,1,0,0,0,1,1,1,1,0,0,0,medio_alto
3,10000.0,6,1.0,2,4,1,0,0,0,1,0,0,1,0,1,1,medio_baixo
5,150000.0,2881,0.9611246095105866,1,2,1,0,0,0,1,0,1,0,0,0,0,alto
3,0.0,0,0.0,1,1,1,0,1,0,1,0,0,0,0,0,0,gratuito
2,10000.0,86,0.7558139534883721,11,3,1,0,0,1,1,0,0,1,1,0,0,medio_alto
7,10000.0,105,0.8095238095238095,1,4,1,0,0,0,0,0,0,0,0,0,0,medio_alto
1,10000.0,9,1.0,1,1,1,1,0,0,0,0,0,0,0,0,0,medio_alto
5,10000.0,53,0.7735849056603774,8,5,1,0,0,0,1,1,1,0,1,1,0,baixo
2,10000.0,1,1.0,2,1,1,0,0,0,0,0,0,1,0,0,0,alto
1,0.0,0,0.0,1,1,1,0,0,0,0,0,0,1,0,0,0,baixo
3,10000.0,0,0.0,2,2,1,0,0,0,0,0,0,1,0,1,0,alto
3,10000.0,0,0.0,13,3,1,0,0,0,0,0,0,1,1,0,1,medio_alto
5,0.0,0,0.0,0,0,1,0,0,0,0,0,0,0,0,0,0,gratuito
1,0.0,0,0.0,4,1,1,0,0,0,0,0,0,0,0,1,0,medio_alto
5,10000.0,18,0.7777777777777778,1,2,1,0,0,0,1,0,0,0,1,0,0,medio_alto
8,10000.0,2,1.0,1,4,1,0,0,0,1,1,0,1,0,0,0,medio_alto
2,10000.0,1,1.0,8,3,1,0,0,0,1,0,0,1,0,0,1,alto
3,10000.0,3,0.3333333333333333,1,4,1,0,0,0,1,1,1,1,0,0,0,alto
4,10000.0,1,1.0,1,4,1,0,0,0,1,0,0,0,0,1,1,alto
1,10000.0,0,0.0,2,1,1,0,0,0,0,0,1,0,0,0,0,medio_alto
3,10000.0,8,0.625,1,3,1,0,0,0,1,0,0,0,1,1,0,alto
6,10000.0,87,0.5747126436781609,4,4,1,0,0,0,1,0,0,1,0,1,0,gratuito
5,0.0,0,0.0,1,2,1,0,0,0,0,1,0,0,0,0,0,gratuito
1,0.0,0,0.0,1,3,1,0,0,0,0,1,1,0,0,0,0,gratuito
1,10000.0,0,0.0,1,3,1,0,0,0,1,1,0,0,0,0,0,alto
4,10000.0,20,0.9,1,6,1,0,0,0,1,1,1,1,0,0,1,baixo
2,10000.0,4,0.5,1,3,1,0,0,0,1,1,1,0,0,0,0,baixo
4,0.0,0,0.0,1,3,1,0,0,0,1,1,0,0,0,0,0,gratuito
2,10000.0,9,0.5555555555555556,1,1,1,0,0,0,0,0,1,0,0,0,0,medio_baixo
7,10000.0,6,1.0,1,1,1,0,0,0,0,0,0,0,1,0,0,medio_baixo
6,10000.0,1,1.0,1,5,1,0,0,0,1,1,1,1,1,0,0,medio_baixo
2,0.0,0,0.0,1,3,1,0,0,0,1,0,0,0,1,0,0,gratuito
13,350000.0,934,0.8972162740899358,1,1,1,0,0,0,0,0,0,0,0,0,1,medio_baixo
1,0.0,0,0.0,1,1,1,0,0,0,0,0,0,0,1,0,0,baixo
3,0.0,0,0.0,1,2,1,1,1,0,1,0,1,0,0,0,0,gratuito
1,0.0,0,0.0,3,3,1,0,0,0,0,0,0,1,1,0,0,medio_alto
10,10000.0,62,0.6612903225806451,1,2,1,0,0,0,0,0,0,0,0,0,1,alto
6,10000.0,4,0.5,3,2,1,0,0,0,1,0,1,0,0,0,0,medio_baixo
1,0.0,0,0.0,5,3,1,0,0,0,0,1,0,0,0,0,0,gratuito
4,35000.0,209,0.9186602870813397,12,3,1,0,0,1,1,0,1,1,0,0,0,medio_alto
1,10000.0,0,0.0,8,5,1,1,0,0,1,1,1,1,1,0,0,alto
1,10000.0,0,0.0,1,3,1,0,0,0,1,0,0,1,0,0,1,medio_alto
1,0.0,0,0.0,103,1,1,0,0,0,0,0,0,1,0,0,0,medio_baixo
3,75000.0,44,0.9772727272727273,9,2,1,0,1,1,1,0,1,0,0,0,0,medio_alto
1,0.0,0,0.0,21,9,1,0,0,0,1,1,0,1,0,0,1,gratuito
3,10000.0,0,0.0,1,2,1,0,0,0,1,0,0,1,0,0,0,medio_baixo
5,35000.0,2,0.5,1,4,1,0,0,0,1,1,0,0,0,1,0,alto
9,75000.0,990,0.8939393939393939,2,5,1,0,0,0,1,1,0,1,0,0,1,baixo
6,35000.0,231,0.8701298701298701,1,5,1,1,1,0,1,1,1,1,0,1,0,baixo
2,10000.0,0,0.0,1,3,1,0,0,0,1,0,0,1,0,1,0,medio_baixo
4,10000.0,8,1.0,1,5,1,0,0,0,0,1,1,1,0,0,1,baixo
1,10000.0,55,0.9454545454545454,8,4,1,0,0,0,1,1,1,0,1,0,0,alto
6,10000.0,190,0.8842105263157894,7,4,1,0,0,2,1,0,0,1,0,1,0,gratuito
1,10000.0,15,1.0,8,3,1,0,0,0,1,0,1,1,0,0,0,medio_alto
9,35000.0,80,0.6625,1,2,1,1,0,1,0,0,1,0,0,0,0,gratuito
2,0.0,0,0.0,0,0,1,0,0,0,0,0,0,0,0,0,0,gratuito
4,0.0,0,0.0,1,4,1,0,1,0,1,0,1,1,0,0,0,gratuito
1,0.0,0,0.0,0,0,1,0,0,0,0,0,0,0,0,0,0,gratuito
3,10000.0,0,0.0,1,3,1,0,0,0,1,0,1,0,1,0,0,alto
6,10000.0,43,0.6976744186046512,1,5,1,0,0,0,1,1,1,1,0,0,0,baixo
12,75000.0,115,0.4956521739130435,4,2,1,1,0,0,1,1,0,0,0,0,0,gratuito
8,10000.0,35,0.8,1,3,1,1,1,0,1,0,1,0,1,0,0,medio_baixo
4,10000.0,7,1.0,1,3,1,0,0,0,1,0,0,1,0,1,0,medio_alto
3,10000.0,1,1.0,1,2,1,0,0,0,0,0,0,1,0,0,1,alto
3,10000.0,4,0.5,1,5,1,0,0,0,1,1,1,1,1,0,0,baixo
9,10000.0,58,0.3448275862068966,1,2,1,0,0,0,0,1,0,1,0,0,0,baixo
6,10000.0,50,0.42,1,4,1,0,0,0,1,1,1,0,0,0,1,baixo
2,10000.0,6,0.8333333333333334,1,3,1,0,0,0,1,0,1,0,0,0,0,gratuito
7,10000.0,5,0.6,1,1,1,0,0,0,1,0,0,0,0,0,0,medio_alto
7,10000.0,27,0.8148148148148148,1,4,1,0,0,0,1,0,0,1,0,0,0,gratuito
9,10000.0,16,0.375,2,3,1,0,0,0,1,0,0,0,0,1,1,baixo
5,10000.0,96,0.6041666666666666,11,1,1,0,0,0,0,0,1,0,0,0,0,baixo
5,350000.0,6114,0.9188747137716716,1,5,1,1,0,0,1,0,1,1,1,0,1,baixo
1,10000.0,0,0.0,1,2,1,0,0,0,1,0,0,1,0,0,0,medio_baixo
1,0.0,0,0.0,1,2,1,0,0,0,0,0,0,0,0,1,0,gratuito
1,0.0,0,0.0,0,0,1,0,0,0,0,0,0,0,0,0,0,gratuito
3,0.0,0,0.0,1,4,1,0,0,0,0,0,0,1,0,0,1,gratuito
4,0.0,0,0.0,1,5,1,1,0,0,1,1,0,1,0,1,0,gratuito
1,10000.0,0,0.0,1,2,1,0,0,0,1,0,0,1,0,0,0,medio_baixo
8,10000.0,4,1.0,1,2,1,0,0,0,0,0,1,1,0,0,0,medio_alto
1,0.0,0,0.0,1,1,1,0,0,0,0,0,0,0,0,0,1,medio_alto
10,0.0,0,0.0,103,2,1,0,1,0,1,1,0,0,0,0,0,baixo
9,10000.0,12,0.6666666666666666,1,5,1,0,0,0,1,1,1,1,0,0,1,baixo
9,35000.0,536,0.7164179104477612,9,2,1,0,0,0,1,0,1,0,0,0,0,medio_baixo
2,10000.0,1,1.0,8,1,1,1,0,0,0,0,0,1,0,0,0,medio_baixo
1,0.0,0,0.0,0,0,1,0,0,0,0,0,0,0,0,0,0,gratuito
1,10000.0,0,0.0,12,2,1,0,0,0,1,0,0,0,0,1,0,alto
1,10000.0,16,0.75,30,6,1,0,0,0,0,1,1,1,0,1,1,baixo
7,10000.0,11,1.0,6,2,1,0,0,0,1,0,0,1,0,0,0,medio_baixo
2,10000.0,10,0.7,2,3,1,0,0,0,1,1,0,0,1,0,0,medio_alto
5,10000.0,0,0.0,1,1,1,0,0,0,0,0,0,1,0,0,0,baixo
2,10000.0,1,1.0,1,6,1,0,0,0,1,1,1,1,1,0,1,alto
3,10000.0,1,0.0,1,2,1,0,0,0,0,0,0,1,1,0,0,medio_alto
5,10000.0,19,0.7894736842105263,2,3,1,0,0,0,0,1,1,1,0,0,0,medio_baixo
1,10000.0,0,0.0,20,2,1,0,0,0,1,0,0,1,0,0,0,baixo
5,10000.0,2,0.5,2,3,1,1,0,0,1,0,0,1,0,1,0,medio_baixo
10,10000.0,27,0.7407407407407407,7,1,1,1,1,0,1,0,0,0,0,0,0,gratuito
2,10000.0,1,0.0,2,1,1,0,0,0,0,0,0,1,0,0,0,medio_alto
13,35000.0,130,0.5384615384615384,4,2,1,0,0,0,0,0,0,0,0,0,1,medio_baixo
6,150000.0,518,0.7393822393822393,1,4,1,0,0,0,1,0,1,0,1,0,0,gratuito
7,750000.0,12216,0.6676489849377865,3,4,1,0,0,0,1,1,0,0,1,1,0,alto
1,10000.0,0,0.0,11,2,1,0,1,0,0,1,0,1,0,0,0,alto
2,10000.0,0,0.0,1,2,1,0,0,0,1,1,0,0,0,0,0,medio_alto
8,35000.0,797,0.479297365119197,2,6,1,0,0,1,1,1,0,0,1,1,1,medio_baixo
2,0.0,0,0.0,0,0,1,0,0,0,0,0,0,0,0,0,0,gratuito
9,75000.0,1073,0.9179869524697111,27,4,1,1,1,0,1,1,1,1,0,0,0,gratuito
4,10000.0,29,0.7586206896551724,3,3,1,0,0,1,1,0,0,1,0,0,0,gratuito
1,0.0,0,0.0,2,4,1,0,0,0,1,1,1,0,0,0,0,gratuito
11,35000.0,166,0.7168674698795181,2,4,1,0,0,0,1,0,1,1,0,0,1,baixo
4,10000.0,69,0.9565217391304348,4,3,1,0,0,0,1,1,0,1,0,0,0,medio_baixo
2,35000.0,275,0.8945454545454545,4,1,1,0,0,1,0,0,0,1,0,0,0,baixo
5,0.0,0,0.0,0,0,1,0,0,0,0,0,0,0,0,0,0,gratuito
4,10000.0,4,0.5,1,2,1,0,0,0,1,1,0,0,0,0,0,baixo
10,75000.0,451,0.9223946784922394,1,2,1,1,1,4,1,0,0,0,1,0,0,alto
4,10000.0,0,0.0,2,2,1,0,0,0,1,0,1,0,0,0,0,alto
4,0.0,0,0.0,1,5,1,0,0,0,1,1,0,1,1,0,1,gratuito
8,10000.0,147,0.7346938775510204,7,2,1,1,0,0,1,1,0,0,0,0,0,medio_baixo
9,35000.0,74,0.7162162162162162,1,4,1,0,0,0,1,0,1,1,1,0,0,baixo
6,10000.0,18,1.0,1,4,1,0,0,0,1,1,1,0,0,1,0,baixo
10,10000.0,14,0.6428571428571429,2,3,1,0,0,0,1,0,0,1,0,1,0,medio_alto
9,10000.0,7,0.42857142857142855,2,3,1,0,0,0,0,1,0,1,0,0,0,alto
9,35000.0,39,0.6666666666666666,1,1,1,0,0,0,1,0,0,0,0,0,0,medio_baixo
1,0.0,0,0.0,11,3,1,0,0,0,1,0,0,1,0,0,1,baixo
7,10000.0,22,0.6818181818181818,4,3,1,0,0,0,1,1,0,0,0,0,0,baixo
8,75000.0,563,0.8365896980461812,3,3,1,0,0,1,1,1,0,0,1,0,0,medio_alto
3,10000.0,5,0.8,1,4,1,1,0,0,1,1,1,0,0,0,0,medio_alto
6,35000.0,739,0.8971583220568335,1,2,1,0,0,0,1,0,0,0,0,0,0,medio_alto
5,10000.0,0,0.0,1,1,1,0,0,0,1,0,0,0,0,0,0,gratuito
3,10000.0,39,0.5897435897435898,1,3,1,0,0,0,1,1,1,0,0,0,0,alto
7,10000.0,14,0.7142857142857143,1,1,1,0,0,0,0,1,0,0,0,0,0,gratuito
2,10000.0,0,0.0,2,4,1,0,0,0,1,0,1,0,1,1,0,medio_baixo
3,10000.0,232,0.6637931034482759,13,3,1,0,0,1,1,0,0,0,0,1,1,alto
5,10000.0,0,0.0,2,3,1,1,1,2,1,0,1,1,0,0,0,medio_baixo
10,75000.0,201,0.6915422885572139,7,2,1,0,0,4,1,0,0,0,0,1,0,medio_alto
1,10000.0,0,0.0,1,2,1,1,0,0,1,0,0,0,1,0,0,alto
1,10000.0,0,0.0,1,3,1,0,0,0,1,1,1,0,0,0,0,medio_baixo
8,10000.0,112,0.6160714285714286,1,4,1,0,1,1,1,1,0,0,1,1,0,baixo
1,10000.0,0,0.0,1,3,1,0,1,0,1,0,0,1,0,0,1,medio_alto
5,35000.0,3,0.6666666666666666,1,3,1,0,0,0,1,0,1,1,0,0,0,alto
10,75000.0,563,0.8774422735346359,1,1,1,0,0,0,1,0,0,0,0,0,0,alto
5,10000.0,86,0.7209302325581395,17,3,1,0,0,3,0,0,0,1,1,0,1,medio_baixo
5,10000.0,0,0.0,14,2,0,1,0,0,0,0,0,0,0,0,0,alto
2,0.0,0,0.0,103,3,1,0,0,2,1,0,0,1,0,0,0,gratuito
6,10000.0,0,0.0,1,3,1,0,0,0,1,0,0,1,0,0,1,baixo
3,10000.0,14,0.9285714285714286,4,4,1,0,0,0,1,1,1,0,1,0,0,medio_baixo
3,10000.0,15,0.6,16,4,1,0,0,0,1,1,0,1,0,0,0,gratuito
2,35000.0,139,0.8992805755395683,12,5,1,0,0,11,1,1,1,1,1,0,0,alto
5,35000.0,781,0.9871959026888605,8,3,1,1,1,1,1,0,0,1,0,0,1,medio_baixo
2,10000.0,5,0.8,1,3,1,0,1,0,1,0,0,0,0,0,1,medio_baixo
7,10000.0,124,0.9112903225806451,1,3,1,0,0,0,1,1,1,0,0,0,0,medio_baixo
3,10000.0,12,0.75,1,2,1,0,0,0,1,0,1,0,0,0,0,medio_baixo
2,0.0,0,0.0,2,4,1,0,0,0,1,0,1,1,0,0,0,gratuito
9,10000.0,296,0.9222972972972973,3,4,1,1,0,1,1,0,1,1,1,0,0,medio_baixo
12,750000.0,4028,0.8041211519364448,6,2,1,0,0,0,0,1,1,0,0,0,0,medio_alto
1,0.0,0,0.0,1,2,1,0,0,0,1,0,0,0,0,1,0,baixo
1,10000.0,0,0.0,1,8,1,0,0,1,1,1,1,1,1,1,0,medio_baixo
1,0.0,0,0.0,0,0,1,0,0,0,0,0,0,0,0,0,0,gratuito
6,10000.0,30,0.8333333333333334,2,3,1,0,0,0,1,0,0,0,0,1,1,medio_baixo
1,10000.0,6,0.6666666666666666,1,3,1,0,0,0,1,1,0,0,0,1,0,medio_baixo
1,10000.0,0,0.0,1,2,1,0,0,0,0,0,0,1,0,0,1,baixo
1,10000.0,0,0.0,4,3,1,0,0,0,1,1,0,0,0,0,0,alto
6,10000.0,30,0.8333333333333334,2,2,1,0,0,0,1,0,1,0,0,0,0,baixo
2,10000.0,17,0.8235294117647058,6,2,1,0,1,0,0,0,0,0,0,1,0,alto
1,0.0,0,0.0,2,2,1,0,1,0,1,0,0,0,0,1,0,medio_baixo
3,10000.0,5,0.8,1,2,1,0,0,0,0,0,0,0,0,1,1,medio_baixo
6,10000.0,19,0.6842105263157895,4,1,1,0,0,0,0,0,0,1,0,0,0,alto
9,7500000.0,214309,0.9142079893984854,23,5,1,0,0,0,1,1,0,1,1,0,0,gratuito
2,10000.0,26,0.7692307692307693,9,4,1,0,0,0,1,1,0,1,1,0,0,medio_alto
4,10000.0,30,0.9333333333333333,2,5,1,0,0,0,1,1,0,1,0,1,0,gratuito
6,35000.0,4,0.75,1,3,1,0,0,0,1,0,0,1,0,1,0,baixo
8,10000.0,290,0.9586206896551724,4,1,1,0,0,0,0,0,0,0,1,0,0,alto
3,10000.0,13,0.6923076923076923,1,3,1,0,0,0,0,0,1,1,0,0,1,medio_baixo
8,150000.0,2945,0.8893039049235993,6,3,1,0,0,0,0,1,1,0,1,0,0,medio_alto
9,75000.0,176,0.7954545454545454,1,4,1,1,0,0,1,0,0,0,0,1,0,gratuito
3,10000.0,7,1.0,1,3,1,0,0,0,1,1,0,0,1,0,0,alto
2,10000.0,2,0.5,1,2,1,0,0,1,0,1,1,0,0,0,0,medio_baixo
4,35000.0,7,1.0,3,2,1,0,0,0,0,1,0,0,0,0,0,gratuito
10,10000.0,3,1.0,9,3,1,1,0,0,0,1,1,0,0,1,0,medio_baixo
4,10000.0,3,0.3333333333333333,1,3,1,0,0,0,1,1,0,1,0,0,0,baixo
9,10000.0,31,0.8709677419354839,1,4,1,0,0,0,1,1,0,0,0,0,0,baixo
7,10000.0,0,0.0,4,2,1,0,0,0,1,1,0,0,0,0,0,medio_alto
5,10000.0,0,0.0,1,3,1,0,0,0,1,1,0,1,0,0,0,baixo
1,0.0,0,0.0,0,0,1,0,0,0,0,0,0,0,0,0,0,gratuito
1,10000.0,0,0.0,1,5,1,1,0,0,1,1,0,1,0,1,0,medio_baixo
9,10000.0,17,0.7647058823529411,10,2,1,0,0,0,1,1,0,0,0,0,0,baixo
6,10000.0,93,0.9247311827956989,17,3,1,0,0,2,1,0,1,1,0,0,0,medio_alto
2,10000.0,19,0.8421052631578947,2,7,1,0,0,0,1,1,0,1,0,0,0,alto
9,75000.0,543,0.7421731123388582,1,4,1,1,1,0,1,0,1,0,0,0,1,gratuito
2,10000.0,14,0.7142857142857143,1,2,1,1,0,0,1,0,0,0,0,1,0,medio_baixo
4,10000.0,16,1.0,1,2,1,0,0,0,1,0,0,0,0,1,0,medio_baixo
2,0.0,0,0.0,0,0,1,0,0,0,0,0,0,0,0,0,0,gratuito
4,35000.0,29,0.8275862068965517,1,2,1,0,0,1,0,0,0,0,0,0,1,alto
15,150000.0,834,0.4184652278177458,8,1,1,0,0,0,0,0,0,0,1,0,0,medio_alto
5,10000.0,148,0.8243243243243243,8,2,1,0,0,1,0,1,0,0,1,0,0,alto
5,0.0,0,0.0,0,0,1,0,0,0,0,0,0,0,0,0,0,gratuito
6,10000.0,1,0.0,2,4,1,0,0,0,1,1,1,1,0,0,0,medio_alto
8,350000.0,1043,0.5503355704697986,2,3,1,0,0,0,0,0,0,1,0,1,1,baixo
4,0.0,0,0.0,3,2,1,0,0,0,0,0,1,0,0,0,0,gratuito
10,10000.0,3,0.3333333333333333,2,3,1,0,0,0,0,0,0,0,0,0,1,medio_baixo
9,10000.0,4,0.5,3,3,1,0,0,0,1,0,1,0,1,0,0,medio_alto
4,0.0,0,0.0,1,5,1,0,0,0,1,1,0,1,0,0,0,gratuito
8,10000.0,102,0.9117647058823529,2,2,1,0,0,1,1,0,0,1,0,0,0,baixo
4,0.0,0,0.0,1,3,1,0,0,0,0,1,1,1,0,0,0,gratuito
1,0.0,0,0.0,0,0,1,0,0,0,0,0,0,0,0,0,0,gratuito
1,10000.0,0,0.0,13,3,1,0,0,1,1,0,0,1,0,0,1,alto
5,10000.0,29,0.896551724137931,1,2,1,0,1,2,1,0,1,0,0,0,0,medio_alto
5,10000.0,1,1.0,1,1,1,0,0,0,0,0,0,0,1,0,0,medio_baixo
5,0.0,0,0.0,6,2,1,0,0,3,0,0,0,0,0,0,1,gratuito
5,10000.0,0,0.0,2,1,1,0,0,0,0,0,0,0,0,0,1,medio_alto
1,0.0,0,0.0,1,4,1,1,1,0,1,1,1,0,0,0,0,gratuito
7,10000.0,5,1.0,1,1,1,1,0,0,1,0,0,0,0,0,0,medio_baixo
1,10000.0,0,0.0,14,2,1,1,1,3,1,0,1,0,0,0,0,alto
1,0.0,0,0.0,0,0,1,0,0,0,0,0,0,0,0,0,0,gratuito
11,10000.0,7,1.0,1,3,1,1,1,0,1,0,1,1,0,0,0,medio_alto
8,10000.0,21,0.47619047619047616,1,6,1,0,0,0,1,1,1,1,1,0,0,medio_alto
4,10000.0,3,1.0,1,4,1,0,1,0,1,0,0,1,0,0,1,medio_alto
10,10000.0,57,0.3157894736842105,1,1,1,1,0,0,0,0,0,0,0,0,1,baixo
3,0.0,0,0.0,103,2,1,0,0,0,0,0,0,1,0,0,1,baixo
6,10000.0,6,1.0,5,5,1,0,0,0,1,1,0,1,0,1,1,alto
4,75000.0,5,0.6,1,1,1,0,0,0,0,0,0,0,0,1,0,alto
9,10000.0,86,0.9302325581395349,1,3,1,0,0,1,1,0,0,0,1,1,0,gratuito
9,1500000.0,785,0.8535031847133758,103,3,1,0,0,0,1,1,0,1,0,0,0,baixo
3,10000.0,31,0.7741935483870968,4,3,1,0,0,0,1,0,0,0,1,0,1,alto
1,10000.0,0,0.0,13,4,1,0,0,0,1,1,0,0,0,0,1,medio_baixo
1,10000.0,0,0.0,3,5,1,0,0,0,1,1,1,0,0,1,1,baixo
9,10000.0,20,0.5,1,2,1,0,0,0,1,0,1,0,0,0,0,medio_baixo
3,10000.0,4,1.0,2,3,1,0,0,1,1,1,1,0,0,0,0,medio_baixo
1,10000.0,0,0.0,1,3,1,0,0,0,0,1,0,1,0,0,0,gratuito
7,10000.0,12,0.5,1,4,1,0,0,0,1,1,1,0,0,0,0,baixo
12,75000.0,594,0.936026936026936,2,4,1,1,1,1,1,1,1,1,0,0,0,medio_baixo
8,35000.0,480,0.7,13,2,1,0,0,0,1,0,1,0,0,0,0,medio_alto
1,10000.0,53,0.9245283018867925,13,4,1,0,0,0,1,0,0,1,1,0,1,baixo
2,10000.0,15,0.8,1,5,1,0,0,0,0,0,1,1,0,1,1,medio_baixo
7,10000.0,18,0.7777777777777778,1,1,1,1,0,0,1,0,0,0,0,0,0,gratuito
1,10000.0,0,0.0,1,4,1,0,0,0,0,1,1,1,0,0,0,gratuito
5,10000.0,59,0.5932203389830508,1,1,1,0,0,0,0,0,0,0,0,0,1,medio_baixo
11,10000.0,59,0.6271186440677966,1,3,1,0,0,0,1,0,1,0,0,0,1,medio_baixo
1,10000.0,0,0.0,21,3,1,0,1,1,1,0,0,1,0,0,0,gratuito
2,10000.0,0,0.0,1,5,1,0,0,0,1,1,1,0,1,1,0,alto
4,350000.0,4673,0.9253156430558528,16,3,1,0,0,1,1,1,1,0,0,0,0,medio_alto
2,10000.0,0,0.0,2,3,1,1,0,0,1,0,1,0,0,0,0,medio_alto
1,10000.0,29,0.8620689655172413,15,6,1,0,0,0,1,1,0,1,0,0,1,baixo
8,10000.0,26,0.6153846153846154,6,2,1,0,0,0,0,0,0,0,0,0,0,alto
4,10000.0,0,0.0,2,3,1,0,0,0,1,0,1,1,0,0,0,baixo
10,10000.0,34,0.7352941176470589,9,3,1,0,0,0,1,1,1,0,0,0,0,gratuito
7,10000.0,19,0.2631578947368421,1,1,1,0,0,0,0,1,0,0,0,0,0,baixo
3,10000.0,6,0.6666666666666666,1,2,1,0,0,0,1,0,0,0,1,0,0,baixo
1,0.0,0,0.0,7,6,1,0,0,0,0,1,1,0,1,1,0,gratuito
1,10000.0,36,0.9166666666666666,1,1,1,0,0,0,0,0,0,0,0,1,0,medio_alto
4,10000.0,16,0.75,1,3,1,0,0,0,1,0,0,1,0,0,1,alto
4,10000.0,3,0.3333333333333333,1,3,1,0,0,0,1,1,0,0,0,0,0,medio_alto
9,350000.0,1653,0.7017543859649122,10,3,1,1,0,2,1,0,0,0,0,1,1,baixo
1,0.0,0,0.0,0,0,1,0,0,0,0,0,0,0,0,0,0,gratuito
5,7500000.0,128011,0.8502472443774363,13,6,1,0,0,0,1,1,0,1,0,0,0,gratuito
5,10000.0,18,1.0,1,4,1,0,0,0,1,1,1,1,0,0,0,medio_baixo
3,10000.0,0,0.0,19,3,1,0,0,2,1,1,1,0,0,0,0,alto
4,10000.0,6,0.5,2,2,1,0,0,0,1,0,1,0,0,0,0,baixo
16,10000.0,0,0.0,5,1,1,0,0,0,0,1,0,0,0,0,0,gratuito
4,35000.0,31,0.9354838709677419,1,3,1,1,0,0,1,0,1,0,0,0,1,medio_baixo
1,10000.0,0,0.0,1,4,1,0,0,0,1,1,1,0,0,0,0,medio_alto
11,10000.0,22,0.5909090909090909,1,1,1,0,0,0,0,0,0,1,0,0,0,medio_baixo
7,10000.0,37,0.5405405405405406,1,6,1,0,0,0,1,0,1,1,1,1,1,medio_baixo
4,10000.0,2,1.0,1,2,1,0,0,0,0,1,0,1,0,0,0,baixo
1,10000.0,0,0.0,9,2,1,0,0,0,0,0,0,1,0,0,1,alto
1,0.0,0,0.0,0,0,1,0,0,0,0,0,0,0,0,0,0,gratuito
3,0.0,0,0.0,0,0,1,0,0,0,0,0,0,0,0,0,0,gratuito
4,0.0,0,0.0,2,8,1,0,0,0,1,1,0,1,0,0,1,gratuito
2,10000.0,17,0.8823529411764706,13,4,1,0,0,0,1,0,1,1,0,1,0,medio_baixo
1,10000.0,0,0.0,1,3,1,0,0,0,1,0,1,1,0,0,0,medio_baixo
2,10000.0,0,0.0,1,2,1,0,0,0,1,0,0,0,1,0,0,gratuito
1,0.0,0,0.0,0,0,1,0,0,0,0,0,0,0,0,0,0,gratuito
2,35000.0,26,0.8461538461538461,1,2,1,0,0,0,1,0,0,0,1,0,0,medio_baixo
1,0.0,0,0.0,1,2,1,1,0,0,0,0,1,0,0,0,0,gratuito
3,10000.0,9,0.8888888888888888,1,5,1,0,0,0,0,1,0,1,0,1,1,baixo
7,10000.0,0,0.0,1,1,1,1,1,0,0,0,0,1,0,0,0,medio_baixo
6,10000.0,19,0.9473684210526315,1,1,1,0,0,0,1,0,0,0,0,0,0,baixo
2,10000.0,0,0.0,1,4,1,0,0,0,1,1,0,1,0,0,1,medio_baixo
6,75000.0,10,0.6,1,2,1,0,0,0,1,1,0,0,0,0,0,medio_baixo
1,10000.0,0,0.0,1,3,1,1,1,0,1,0,1,1,0,0,0,medio_baixo
1,0.0,0,0.0,0,0,1,0,0,0,0,0,0,0,0,0,0,gratuito
2,10000.0,1,0.0,1,2,1,0,0,0,0,0,1,0,0,0,0,medio_alto
4,0.0,0,0.0,1,2,1,0,0,0,0,0,0,1,0,0,0,gratuito
1,10000.0,0,0.0,1,3,1,0,0,0,1,0,1,0,0,0,1,medio_alto
5,10000.0,2,1.0,1,2,1,0,0,0,0,1,0,1,0,0,0,baixo
11,10000.0,3,0.6666666666666666,1,1,1,0,0,0,0,1,0,0,0,0,0,medio_alto
6,10000.0,32,0.9375,2,3,1,0,0,1,1,0,1,1,0,0,0,alto
5,10000.0,33,0.7272727272727273,3,1,1,0,0,1,0,0,0,0,1,0,0,alto
4,350000.0,1260,0.6912698412698413,12,2,1,0,0,2,0,1,1,0,0,0,0,medio_baixo
14,750000.0,6486,0.8896083872957139,1,3,1,1,1,0,1,1,0,0,0,0,0,gratuito
1,10000.0,0,0.0,1,4,1,0,0,0,1,0,1,1,0,0,0,baixo
3,75000.0,90,0.7444444444444445,6,3,1,0,0,0,0,1,0,1,0,0,1,alto
8,35000.0,232,0.853448275862069,5,2,1,1,0,0,1,1,0,0,0,0,0,alto
6,35000.0,113,0.8495575221238938,1,3,1,1,1,0,1,1,1,0,0,0,0,gratuito
1,10000.0,0,0.0,8,3,1,0,0,0,1,0,0,1,1,0,0,medio_alto
11,75000.0,334,0.9041916167664671,1,1,1,0,0,0,1,0,0,0,0,0,0,medio_baixo
4,10000.0,449,0.9799554565701559,1,1,1,0,0,1,0,0,0,1,0,0,0,baixo
2,10000.0,0,0.0,1,4,1,0,0,0,1,0,0,1,0,0,1,gratuito
7,10000.0,1,1.0,2,1,1,0,0,0,0,0,0,0,0,0,0,medio_baixo
3,10000.0,0,0.0,13,2,1,0,0,0,0,1,0,0,0,0,0,gratuito
6,10000.0,0,0.0,29,3,1,1,0,0,1,0,0,1,0,1,0,baixo
3,0.0,0,0.0,0,0,1,0,0,0,0,0,0,0,0,0,0,gratuito
3,10000.0,13,0.9230769230769231,8,3,1,1,0,0,0,0,1,1,0,1,0,alto
7,10000.0,249,0.9598393574297188,2,1,1,0,0,0,0,0,0,0,0,0,0,gratuito
4,10000.0,0,0.0,1,3,1,0,1,1,1,0,1,1,0,0,0,medio_alto
5,35000.0,2,1.0,5,1,1,0,0,0,0,1,0,0,0,0,0,baixo
5,10000.0,8,0.75,1,3,1,0,0,0,0,1,1,0,0,1,0,baixo
2,10000.0,201,0.7761194029850746,10,2,1,0,0,0,1,0,0,0,1,0,0,alto
8,10000.0,3,0.6666666666666666,1,3,1,0,0,0,1,0,1,1,0,0,0,baixo
4,0.0,0,0.0,1,3,1,0,0,0,1,1,1,0,0,0,0,gratuito
3,10000.0,5,0.2,1,2,1,0,0,0,0,0,0,1,0,1,0,alto
5,10000.0,35,0.6285714285714286,1,3,1,0,0,1,1,1,1,0,0,0,0,baixo
2,10000.0,10,0.9,2,3,1,0,0,0,1,1,0,1,0,0,0,alto
1,0.0,0,0.0,103,2,1,0,0,0,1,0,0,1,0,0,0,baixo
2,10000.0,0,0.0,1,2,1,1,1,0,1,0,0,0,0,0,0,alto
8,10000.0,7,0.5714285714285714,1,3,1,0,0,0,1,1,1,0,0,0,0,baixo
1,0.0,0,0.0,8,3,1,1,0,1,0,0,0,0,0,1,0,gratuito
2,0.0,0,0.0,0,0,1,0,0,0,0,0,0,0,0,0,0,gratuito
8,10000.0,20,0.9,1,2,1,0,1,1,1,0,0,0,1,0,0,medio_alto
5,35000.0,256,0.8671875,4,1,1,0,0,1,0,0,0,1,0,0,0,baixo
3,10000.0,1,0.0,1,2,1,0,0,0,0,0,0,0,0,0,1,medio_baixo
9,10000.0,5,0.4,1,6,1,0,0,0,1,1,1,1,1,1,0,baixo
2,10000.0,1,1.0,6,2,1,0,0,0,1,0,0,1,0,0,0,medio_baixo
3,35000.0,254,0.6377952755905512,9,3,1,0,0,0,1,0,0,1,0,1,0,baixo
9,10000.0,89,0.5617977528089888,1,6,1,0,0,0,1,0,1,0,1,0,0,medio_alto
4,0.0,0,0.0,0,0,1,0,0,0,0,0,0,0,0,0,0,gratuito
3,0.0,0,0.0,1,2,1,0,0,0,0,1,1,0,0,0,0,gratuito
5,1500000.0,7774,0.6669668124517623,11,7,1,0,0,0,1,1,1,0,0,1,1,gratuito
11,150000.0,2033,0.7757009345794392,1,4,1,1,1,0,1,1,1,0,0,0,1,gratuito
2,10000.0,0,0.0,2,7,1,0,0,0,1,1,0,1,1,0,1,gratuito
11,150000.0,479,0.8162839248434238,4,3,1,1,0,0,1,0,1,0,0,1,0,baixo
3,0.0,0,0.0,1,4,1,0,0,0,0,1,0,0,0,1,0,gratuito
4,10000.0,149,0.40268456375838924,5,3,1,0,0,0,1,1,0,0,1,0,0,medio_alto
7,10000.0,188,0.7287234042553191,7,6,1,0,0,1,1,1,1,0,1,0,1,alto
9,75000.0,72,0.5,1,3,1,0,0,0,1,1,0,0,0,0,0,gratuito
5,10000.0,8,0.625,2,2,1,0,0,0,1,0,1,0,0,0,0,medio_baixo
2,10000.0,0,0.0,2,2,1,0,0,0,1,0,0,1,0,0,0,medio_baixo
4,10000.0,34,0.38235294117647056,103,5,1,1,1,0,1,1,1,1,0,0,1,alto
5,10000.0,104,0.8461538461538461,1,3,1,0,0,0,0,0,1,0,1,1,0,medio_alto
2,10000.0,31,0.9032258064516129,6,4,1,0,1,0,1,0,0,1,0,0,1,medio_alto
6,350000.0,2517,0.7866507747318237,3,2,1,0,0,0,1,0,0,0,0,1,0,medio_alto
10,10000.0,23,0.8695652173913043,1,2,1,0,0,0,1,1,0,0,0,0,0,baixo
1,10000.0,0,0.0,11,1,1,0,0,0,0,1,0,0,0,0,0,medio_baixo
10,10000.0,1,0.0,1,1,1,0,0,0,0,0,0,1,0,0,0,baixo
1,10000.0,245,0.8163265306122449,1,4,1,1,1,0,1,1,1,0,1,0,0,alto
2,10000.0,0,0.0,4,2,1,0,0,0,1,1,0,0,0,0,0,medio_baixo
2,10000.0,39,0.8461538461538461,1,2,1,0,0,0,1,1,0,0,0,0,0,medio_baixo
1,10000.0,0,0.0,1,1,1,0,0,0,0,1,0,0,0,0,0,medio_alto
4,10000.0,10,1.0,1,2,1,0,0,1,1,1,0,0,0,0,0,medio_baixo
4,35000.0,28,0.6785714285714286,2,4,1,0,0,0,1,1,0,0,1,0,0,alto
6,75000.0,190,0.8842105263157894,2,1,1,0,0,0,0,1,0,0,0,0,0,medio_baixo
1,0.0,0,0.0,21,9,1,0,0,0,1,1,0,1,0,0,1,gratuito
4,35000.0,788,0.9873096446700508,1,1,1,0,0,1,0,0,0,1,0,0,0,baixo
1,10000.0,0,0.0,3,4,1,0,0,0,1,1,0,1,0,0,0,medio_baixo
1,0.0,0,0.0,0,0,1,0,0,0,0,0,0,0,0,0,0,gratuito
5,75000.0,1540,0.8954545454545455,2,3,1,0,0,0,1,0,0,0,0,0,1,alto
1,0.0,0,0.0,2,4,1,0,0,0,1,1,0,1,0,0,0,gratuito
8,10000.0,6,0.5,1,3,1,0,0,0,0,1,1,0,0,0,1,baixo
1,10000.0,0,0.0,1,3,1,0,0,0,1,0,0,1,0,0,0,gratuito
7,75000.0,866,0.7852193995381063,8,2,1,0,0,0,1,0,0,0,0,1,0,medio_alto
1,0.0,0,0.0,103,3,1,0,0,0,1,1,1,0,0,0,0,alto
9,10000.0,3,1.0,1,3,1,0,0,0,1,1,0,0,0,0,0,medio_alto
1,10000.0,2,1.0,1,4,1,0,0,0,1,1,1,1,0,0,0,medio_alto
5,0.0,0,0.0,0,0,1,0,0,0,0,0,0,0,0,0,0,gratuito
1,10000.0,5,1.0,1,1,1,0,0,1,1,0,0,0,0,0,0,medio_alto
7,75000.0,170,0.6058823529411764,1,5,1,1,0,0,0,0,0,0,0,0,1,gratuito
2,10000.0,905,0.7933701657458564,11,2,1,0,0,1,0,1,1,0,0,0,0,alto
6,10000.0,24,0.7916666666666666,1,5,1,0,0,0,1,1,1,1,0,0,0,gratuito
2,75000.0,21,1.0,10,3,1,0,1,0,1,0,1,1,0,0,0,medio_alto
1,0.0,0,0.0,1,3,1,0,0,0,1,0,1,0,0,0,0,gratuito
5,10000.0,10,0.5,15,1,1,0,0,0,0,0,1,0,0,0,0,medio_baixo
7,10000.0,15,0.8666666666666667,1,2,1,1,0,0,1,0,0,1,0,0,0,baixo
2,35000.0,125,0.904,1,5,1,0,1,1,1,1,0,1,0,0,0,gratuito
1,0.0,0,0.0,0,0,1,0,0,0,0,0,0,0,0,0,0,gratuito
8,10000.0,11,1.0,1,2,1,0,0,1,1,0,1,0,0,0,0,medio_alto
3,0.0,0,0.0,0,0,1,0,0,0,0,0,0,0,0,0,0,gratuito
3,10000.0,17,0.9411764705882353,1,1,1,0,0,0,0,1,0,0,0,0,0,gratuito
1,35000.0,1,0.0,1,4,1,0,0,0,1,1,0,1,1,0,0,baixo
9,10000.0,0,0.0,2,2,1,0,0,0,0,0,0,1,0,0,0,medio_alto
2,10000.0,8,1.0,2,3,1,0,0,0,1,0,0,1,0,1,0,medio_alto
4,35000.0,420,0.9642857142857143,4,2,1,1,1,0,1,0,0,1,0,0,0,baixo
5,10000.0,72,0.6944444444444444,2,4,1,0,0,0,1,1,1,0,1,0,0,gratuito
6,10000.0,22,1.0,4,5,1,1,0,1,1,1,1,1,0,0,0,gratuito
2,10000.0,2,1.0,1,2,1,0,0,0,1,0,0,1,0,0,0,baixo
2,0.0,0,0.0,1,1,1,1,1,0,1,0,0,0,0,0,0,gratuito
7,10000.0,14,0.7857142857142857,1,2,1,0,1,1,1,0,0,0,0,1,0,alto
3,0.0,0,0.0,1,4,1,0,0,0,0,0,0,0,1,1,1,gratuito
4,35000.0,326,0.6717791411042945,13,4,1,0,0,0,1,1,0,0,0,1,0,gratuito
1,10000.0,0,0.0,1,5,1,0,0,0,1,1,1,1,0,1,0,alto
2,10000.0,85,0.9764705882352941,2,5,1,0,0,0,1,1,1,1,0,0,0,medio_alto
1,10000.0,0,0.0,11,2,1,0,0,0,0,1,0,0,1,0,0,medio_baixo
1,0.0,0,0.0,1,4,1,1,0,0,1,0,0,0,0,1,0,gratuito
8,10000.0,17,0.23529411764705882,1,2,1,0,0,0,0,1,1,0,0,0,0,medio_alto
9,10000.0,12,0.9166666666666666,1,2,1,0,0,0,1,0,1,0,0,0,0,alto
3,10000.0,1,1.0,7,3,1,0,0,0,1,1,1,0,0,0,0,medio_alto
9,10000.0,36,0.8055555555555556,2,2,1,0,0,0,1,0,0,0,0,1,0,medio_alto
8,10000.0,16,0.4375,1,4,1,0,0,0,1,0,0,0,0,1,1,baixo
1,10000.0,0,0.0,1,1,1,0,0,0,0,0,0,0,1,0,0,medio_baixo
3,10000.0,16,1.0,29,3,1,0,0,0,1,0,0,1,0,1,0,baixo
14,150000.0,294,0.6156462585034014,5,1,0,1,0,0,0,1,0,0,0,0,0,gratuito
4,10000.0,19,0.7368421052631579,1,1,1,0,0,0,0,1,0,0,0,0,0,baixo
2,10000.0,48,0.625,1,5,1,0,0,0,1,0,0,1,0,1,1,gratuito
4,0.0,0,0.0,0,0,1,0,0,0,0,0,0,0,0,0,0,gratuito
11,75000.0,120,0.7,1,4,1,0,0,1,1,0,1,1,1,0,0,baixo
3,10000.0,0,0.0,1,1,1,0,0,0,0,0,0,1,0,0,0,medio_baixo
6,35000.0,131,0.8244274809160306,1,5,1,0,0,0,0,0,0,0,0,0,1,gratuito
6,10000.0,15,0.9333333333333333,1,2,1,1,1,0,1,1,0,0,0,0,0,medio_alto
11,75000.0,1296,0.683641975308642,3,1,1,0,0,3,0,1,0,0,0,0,0,alto
2,10000.0,5,1.0,1,2,1,0,0,0,0,1,1,0,0,0,0,medio_alto
2,10000.0,5,1.0,1,1,1,0,0,0,0,0,0,0,0,1,0,alto
10,1500000.0,6389,0.949444357489435,21,1,1,0,0,0,0,0,0,0,0,0,0,gratuito
5,10000.0,176,0.9204545454545454,2,2,1,0,0,0,0,1,0,1,0,0,0,alto
4,10000.0,13,0.7692307692307693,2,4,1,0,0,1,1,1,0,1,0,0,0,gratuito
1,10000.0,1,1.0,4,5,1,0,0,2,1,1,1,1,0,0,0,medio_alto
2,0.0,0,0.0,0,0,1,0,0,0,0,0,0,0,0,0,0,gratuito
3,10000.0,1,0.0,16,3,1,0,0,0,0,0,1,1,0,0,1,alto
9,10000.0,36,0.5833333333333334,1,2,1,0,0,0,1,1,0,0,0,0,0,baixo
3,0.0,0,0.0,1,4,1,0,0,0,1,0,1,1,0,0,0,gratuito
8,10000.0,96,0.59375,1,2,1,1,0,0,1,1,0,0,0,0,0,gratuito
1,0.0,0,0.0,1,3,1,1,0,0,0,1,0,1,0,0,0,gratuito
6,10000.0,8,1.0,1,2,1,1,0,0,1,0,1,0,0,0,0,gratuito
4,10000.0,1,1.0,6,2,1,0,0,0,1,0,1,0,0,0,0,medio_baixo
1,0.0,0,0.0,1,5,1,0,0,0,0,0,1,1,1,1,0,gratuito
9,10000.0,55,0.6727272727272727,1,3,1,0,0,0,1,1,1,0,0,0,0,baixo
1,0.0,0,0.0,1,2,1,0,0,0,1,0,0,0,0,0,0,gratuito
10,350000.0,5003,0.910453727763342,1,4,1,0,0,0,1,1,0,1,0,0,1,alto
9,10000.0,12,0.75,1,3,1,0,0,0,1,0,0,1,0,0,1,medio_baixo
2,10000.0,336,0.9404761904761905,1,3,1,0,0,0,1,0,1,1,0,0,0,medio_baixo
2,10000.0,20,0.9,11,3,1,1,1,1,1,1,0,0,0,1,0,medio_baixo
5,10000.0,1,0.0,1,3,1,0,0,0,0,1,1,0,0,1,0,alto
6,10000.0,4,1.0,1,3,1,0,0,0,1,1,0,0,0,0,0,medio_baixo
2,10000.0,77,0.8961038961038961,10,3,1,1,0,1,1,0,1,1,0,0,0,alto
5,0.0,0,0.0,0,0,1,0,0,0,0,0,0,0,0,0,0,gratuito
1,10000.0,2,1.0,1,3,1,0,0,0,0,1,0,1,0,0,1,medio_alto
2,10000.0,1,1.0,1,3,1,0,0,0,1,1,1,0,0,0,0,baixo
1,0.0,0,0.0,0,0,1,0,0,0,0,0,0,0,0,0,0,gratuito
4,10000.0,135,0.8,1,3,1,1,0,0,1,0,0,1,0,0,1,medio_baixo
11,10000.0,51,0.6862745098039216,2,5,1,0,0,0,0,1,0,1,0,1,1,medio_alto
12,350000.0,2513,0.6271388778352567,5,3,1,0,0,1,1,1,1,0,0,0,0,medio_baixo
2,10000.0,59,0.9152542372881356,7,1,1,0,0,0,0,1,0,0,0,0,0,medio_alto
1,0.0,0,0.0,1,2,1,0,0,0,1,0,0,1,0,0,0,medio_alto
8,35000.0,371,0.9029649595687331,1,1,1,0,0,0,0,0,1,0,0,0,0,alto
1,0.0,0,0.0,1,3,1,0,0,0,1,0,0,1,0,1,0,medio_baixo
2,0.0,0,0.0,1,3,1,0,0,0,0,0,1,0,1,0,0,gratuito
7,35000.0,52,0.9423076923076923,2,3,1,0,0,0,1,0,1,0,0,0,0,gratuito
5,10000.0,17,0.7058823529411765,1,1,1,0,0,0,0,1,0,0,0,0,0,baixo
5,0.0,0,0.0,4,4,1,1,0,0,0,1,1,0,1,0,0,gratuito
10,10000.0,141,0.9858156028368794,1,2,1,1,0,0,1,0,1,0,0,0,0,medio_alto
10,10000.0,24,0.7916666666666666,1,5,1,0,0,0,1,1,0,0,0,1,1,medio_alto
7,10000.0,57,0.3333333333333333,5,1,1,0,0,0,0,0,0,1,0,0,0,medio_baixo
5,10000.0,0,0.0,1,2,1,1,0,0,1,0,1,0,0,0,0,baixo
6,10000.0,3,0.3333333333333333,1,3,1,0,0,0,0,1,1,0,0,1,0,alto
5,10000.0,86,0.8023255813953488,11,3,1,0,0,0,0,1,0,1,0,0,1,medio_baixo
19,750000.0,868,0.7580645161290323,1,1,1,0,0,0,0,0,0,0,0,1,0,gratuito
12,35000.0,440,0.8068181818181818,10,3,1,1,0,0,0,0,1,1,0,1,0,medio_baixo
8,10000.0,16,0.4375,3,3,1,0,0,0,0,0,0,0,0,1,1,alto
5,150000.0,1427,0.7351086194814296,6,2,1,0,0,9,0,0,0,0,0,1,1,medio_alto
1,0.0,0,0.0,103,1,1,0,0,0,0,0,0,1,0,0,0,medio_baixo
4,0.0,0,0.0,0,0,1,0,0,0,0,0,0,0,0,0,0,gratuito
1,0.0,0,0.0,0,0,1,0,0,0,0,0,0,0,0,0,0,gratuito
9,35000.0,179,0.9162011173184358,1,2,1,1,0,0,0,0,1,0,0,0,0,gratuito
3,0.0,0,0.0,0,0,1,0,0,0,0,0,0,0,0,0,0,gratuito
3,35000.0,23,0.9565217391304348,1,3,1,0,0,0,0,1,1,0,1,0,0,medio_baixo
2,10000.0,8,0.75,9,3,1,1,0,0,1,0,1,0,0,1,0,medio_baixo
10,35000.0,419,0.8782816229116945,2,4,1,0,0,1,1,1,1,0,0,0,0,medio_baixo
4,10000.0,0,0.0,1,3,1,0,0,0,1,0,0,1,0,1,0,baixo
6,10000.0,10,0.5,1,4,1,0,0,0,1,0,0,1,0,1,1,medio_alto
3,10000.0,2,1.0,1,2,1,0,0,0,1,0,0,1,0,0,0,medio_alto
5,10000.0,1,0.0,3,3,1,0,0,0,0,0,1,1,0,0,1,alto
5,10000.0,2,1.0,1,2,1,0,0,0,1,1,0,0,0,0,0,medio_alto
5,35000.0,10,0.7,1,4,1,0,0,0,1,0,0,1,1,1,0,baixo
1,0.0,0,0.0,1,2,1,0,0,0,1,1,0,0,0,0,0,alto
4,0.0,0,0.0,1,1,1,0,0,0,0,0,0,0,0,0,0,gratuito
2,10000.0,1,1.0,1,3,1,0,0,1,0,1,0,0,0,1,1,medio_alto
2,10000.0,10,1.0,1,3,1,0,0,0,0,1,0,1,0,0,0,medio_alto
13,750000.0,5204,0.8435818601076095,3,3,1,0,1,3,1,1,0,0,0,0,0,gratuito
1,10000.0,0,0.0,1,2,1,0,0,1,1,0,0,0,1,0,0,medio_alto
3,35000.0,6,0.8333333333333334,1,3,1,0,0,0,1,1,0,0,0,0,0,alto
5,35000.0,3,0.6666666666666666,1,3,1,0,0,0,0,1,1,1,0,0,0,baixo
4,10000.0,0,0.0,2,1,1,0,0,0,1,0,0,0,0,0,0,alto
2,0.0,0,0.0,0,0,1,0,0,0,0,0,0,0,0,0,0,gratuito
3,10000.0,9,0.5555555555555556,1,2,1,0,0,0,0,0,0,1,0,0,1,medio_alto
6,10000.0,20,1.0,3,5,1,0,0,0,1,1,1,1,0,1,0,medio_alto
7,35000.0,206,0.7087378640776699,5,3,1,0,0,1,1,1,1,0,0,0,0,alto
9,10000.0,35,0.9142857142857143,1,1,1,0,0,0,0,0,1,0,0,0,0,medio_alto
1,0.0,0,0.0,1,2,1,0,0,0,0,1,0,1,0,0,0,baixo
2,10000.0,2,0.5,1,3,1,0,0,0,1,0,1,1,0,0,0,medio_alto
1,10000.0,0,0.0,1,2,1,0,0,0,0,1,1,0,0,0,0,baixo
2,10000.0,0,0.0,4,4,1,0,0,0,1,0,1,0,1,0,1,alto
1,10000.0,0,0.0,5,3,1,0,0,0,0,0,1,1,1,0,0,medio_alto
8,10000.0,19,0.5263157894736842,1,2,1,0,0,1,1,1,0,0,0,0,0,alto
5,10000.0,45,0.9333333333333333,1,2,1,0,0,0,1,1,0,0,0,0,0,medio_baixo
2,0.0,0,0.0,1,3,1,0,0,0,1,0,0,1,0,0,0,gratuito
17,10000.0,128,0.7578125,1,1,1,1,0,0,0,0,0,0,0,0,1,alto
8,35000.0,65,0.8307692307692308,1,7,1,0,0,0,1,1,1,1,1,1,1,medio_baixo
9,10000.0,32,0.5625,1,4,1,1,1,1,1,1,0,1,0,0,0,medio_baixo
4,75000.0,28,0.25,1,3,1,0,0,0,1,1,1,0,0,0,0,baixo
4,10000.0,0,0.0,1,2,1,0,0,0,1,0,0,1,0,0,0,baixo
2,35000.0,3,1.0,1,1,1,0,0,0,1,0,0,0,0,0,0,medio_baixo
4,35000.0,14,0.9285714285714286,11,3,1,1,1,1,1,0,1,1,0,0,0,alto
5,10000.0,7,0.5714285714285714,1,3,1,0,0,0,0,1,1,1,0,0,0,baixo
2,10000.0,2,0.5,2,1,1,0,0,0,0,0,0,0,0,1,0,medio_baixo
2,0.0,0,0.0,8,4,1,0,0,0,1,1,0,1,0,0,0,gratuito
1,10000.0,0,0.0,1,3,1,0,0,0,0,1,1,0,1,0,0,alto
1,0.0,0,0.0,1,5,1,1,0,0,1,0,1,1,1,1,0,alto
5,10000.0,5,1.0,1,3,1,0,0,0,1,0,0,1,0,1,0,medio_baixo
1,0.0,0,0.0,1,2,1,1,1,1,1,1,0,0,0,0,0,alto
1,35000.0,23,0.782608695652174,12,3,1,1,1,0,1,0,0,0,0,1,1,medio_alto
4,10000.0,15,0.9333333333333333,103,1,1,0,0,0,0,0,0,1,0,0,0,alto
1,0.0,0,0.0,8,3,1,1,0,0,1,1,0,0,0,1,0,alto
4,35000.0,36,0.8611111111111112,1,3,1,0,0,0,1,0,0,0,0,1,1,medio_baixo
1,0.0,0,0.0,5,4,1,0,0,0,1,1,1,0,0,0,0,medio_baixo
5,10000.0,6,0.5,1,4,1,0,0,0,1,1,1,0,0,1,0,medio_baixo
1,0.0,0,0.0,1,3,1,0,0,4,1,0,0,1,0,0,1,alto
4,150000.0,1157,0.6681071737251513,13,3,1,0,0,1,0,1,1,0,0,0,1,alto
7,10000.0,0,0.0,29,4,1,1,0,0,1,0,0,1,1,0,1,baixo
5,10000.0,13,0.8461538461538461,2,3,1,0,0,0,1,0,0,0,0,1,0,gratuito
2,10000.0,6,0.8333333333333334,1,2,1,0,0,0,1,1,0,0,0,0,0,medio_alto
1,0.0,0,0.0,1,3,1,0,0,0,1,1,0,1,0,0,0,medio_baixo
2,0.0,0,0.0,0,0,1,0,0,0,0,0,0,0,0,0,0,gratuito
2,0.0,0,0.0,103,4,1,0,0,0,1,1,1,1,0,0,0,alto
4,10000.0,0,0.0,1,5,1,0,0,0,0,1,1,1,0,0,1,baixo
5,10000.0,47,0.5106382978723404,7,4,1,0,0,3,0,0,0,1,0,1,1,gratuito
2,0.0,0,0.0,1,4,1,0,0,0,1,1,1,0,0,0,0,gratuito
12,3500000.0,16703,0.8845716338382327,5,4,1,1,1,0,1,1,0,0,0,1,0,gratuito
4,35000.0,388,0.865979381443299,4,2,1,0,0,0,0,0,1,1,0,0,0,alto
8,10000.0,8,1.0,1,1,1,1,0,0,1,0,0,0,0,0,0,medio_alto
6,10000.0,1,0.0,1,2,1,0,0,0,0,1,0,1,0,0,0,alto
1,10000.0,6,1.0,1,2,1,0,1,0,1,0,1,0,0,0,0,medio_baixo
5,10000.0,2,1.0,1,3,1,0,0,0,1,1,0,1,0,0,0,baixo
4,75000.0,388,0.8402061855670103,7,5,1,0,0,1,1,0,1,0,1,1,1,medio_baixo
3,35000.0,5,0.8,2,2,1,0,0,0,1,0,1,0,0,0,0,baixo
1,0.0,0,0.0,0,0,1,0,0,0,0,0,0,0,0,0,0,gratuito
1,0.0,0,0.0,9,3,1,0,0,2,1,0,1,1,0,0,0,medio_alto
1,0.0,0,0.0,1,3,1,1,1,0,1,0,1,0,1,0,0,medio_alto
2,10000.0,3,0.3333333333333333,17,3,1,0,0,0,1,0,1,0,0,0,1,alto
3,10000.0,3,1.0,1,3,1,1,0,0,1,0,0,1,0,1,0,alto
1,10000.0,0,0.0,10,2,1,0,0,0,1,0,0,1,0,0,0,medio_baixo
1,10000.0,100,0.55,10,2,1,0,0,0,1,0,1,0,0,0,0,medio_alto
1,0.0,0,0.0,1,3,1,0,0,0,1,1,1,0,0,0,0,medio_alto
1,10000.0,0,0.0,31,2,1,0,0,0,1,0,0,1,0,0,0,baixo
5,10000.0,4,1.0,4,3,1,0,0,1,1,0,0,1,0,1,0,medio_baixo
3,0.0,0,0.0,1,9,1,0,0,0,1,1,1,1,1,1,0,gratuito
10,10000.0,24,0.8333333333333334,1,1,1,0,0,0,0,0,0,1,0,0,0,medio_baixo
9,10000.0,23,0.6086956521739131,1,2,1,1,1,1,0,0,1,1,0,0,0,medio_baixo
6,350000.0,5484,0.7591174325309993,8,3,1,0,0,7,1,0,0,0,0,1,1,alto
1,0.0,0,0.0,1,2,1,0,0,0,0,0,1,0,0,0,0,gratuito
4,10000.0,5,0.8,1,1,1,0,0,0,0,0,0,0,0,1,0,medio_alto
4,10000.0,8,0.875,1,2,1,0,0,0,1,0,0,0,1,0,0,gratuito
10,10000.0,71,0.7323943661971831,2,4,1,1,0,0,1,1,1,1,0,0,0,baixo
3,10000.0,29,0.9655172413793104,1,1,1,1,0,0,0,0,0,1,0,0,0,medio_baixo
4,10000.0,0,0.0,1,3,1,0,0,0,0,1,1,0,0,1,0,medio_baixo
4,10000.0,0,0.0,1,2,1,0,1,0,1,0,0,1,0,0,0,baixo
3,1500000.0,29009,0.9052707780344031,14,4,1,1,0,0,1,0,0,1,0,0,1,medio_baixo
2,0.0,0,0.0,6,5,1,1,1,0,1,1,0,1,0,0,0,gratuito
1,0.0,0,0.0,0,0,1,0,0,0,0,0,0,0,0,0,0,gratuito
4,10000.0,53,0.7735849056603774,3,3,1,0,0,0,1,0,1,0,1,0,0,alto
2,10000.0,7,0.8571428571428571,7,4,1,0,0,0,1,1,0,0,1,0,0,medio_alto
3,10000.0,98,0.7653061224489796,1,4,1,0,0,0,1,0,0,1,0,1,0,medio_baixo
1,0.0,0,0.0,1,3,1,1,0,1,1,1,1,0,0,0,0,medio_alto
6,10000.0,12,0.6666666666666666,1,2,1,1,0,2,1,0,0,1,0,0,0,medio_alto
3,0.0,0,0.0,0,0,1,0,0,0,0,0,0,0,0,0,0,gratuito
1,10000.0,0,0.0,1,3,1,0,0,0,1,0,0,1,0,1,0,medio_alto
3,0.0,0,0.0,5,4,1,0,0,0,1,1,0,0,0,1,0,gratuito
7,10000.0,4,0.75,1,4,1,0,0,0,1,1,0,1,0,0,0,medio_alto
2,0.0,0,0.0,2,8,1,0,0,0,0,0,0,0,0,0,0,gratuito
2,10000.0,0,0.0,29,2,1,0,0,0,1,0,0,1,0,0,0,baixo
1,10000.0,0,0.0,2,4,1,0,0,0,1,1,1,1,0,0,0,baixo
3,10000.0,14,0.7857142857142857,4,5,1,1,0,0,1,1,1,0,1,0,0,gratuito
7,35000.0,131,0.8015267175572519,6,3,1,0,0,0,1,1,1,0,0,0,0,alto
2,10000.0,11,1.0,29,4,1,0,0,0,1,1,1,0,0,0,0,baixo
4,0.0,0,0.0,2,5,1,0,0,0,1,1,1,0,0,0,0,gratuito
1,10000.0,0,0.0,6,3,1,0,0,0,1,1,1,0,0,0,0,alto
1,0.0,0,0.0,1,4,1,1,0,0,0,0,0,1,0,0,1,gratuito
2,0.0,0,0.0,0,0,1,0,0,0,0,0,0,0,0,0,0,gratuito
8,10000.0,0,0.0,1,4,1,1,0,0,1,1,0,1,0,0,0,medio_alto
1,0.0,0,0.0,0,0,1,0,0,0,0,0,0,0,0,0,0,gratuito
5,10000.0,0,0.0,1,2,1,0,0,0,0,0,0,1,0,1,0,medio_baixo
5,10000.0,0,0.0,1,1,1,0,0,0,1,0,0,0,0,0,0,baixo
9,10000.0,6,0.8333333333333334,1,3,1,0,0,1,1,1,0,1,0,0,0,medio_alto
8,10000.0,13,0.6923076923076923,1,2,1,0,1,0,1,1,0,0,0,0,0,alto
5,10000.0,8,1.0,1,1,1,0,0,1,1,0,0,0,0,0,0,alto
2,10000.0,4,1.0,2,2,1,0,1,0,1,0,0,1,0,0,0,medio_baixo
3,10000.0,1,0.0,1,2,1,0,0,0,0,1,1,0,0,0,0,alto
4,35000.0,1,0.0,1,6,1,0,0,0,0,1,1,0,1,1,0,medio_alto
2,350000.0,7073,0.5556341015127951,16,5,1,0,0,3,1,1,1,0,0,1,1,alto
5,350000.0,5829,0.8215817464402128,6,1,1,0,0,3,0,0,1,0,0,0,0,alto
6,10000.0,52,0.8076923076923077,1,4,1,0,0,0,1,1,0,1,0,0,0,gratuito
14,750000.0,1409,0.7139815471965933,10,4,1,0,0,0,0,1,0,0,1,0,0,gratuito
4,750000.0,14399,0.8345023959997222,12,4,1,0,0,10,1,0,0,0,0,1,1,alto
11,35000.0,54,0.5,4,2,1,1,1,0,1,1,0,0,0,0,0,baixo
1,10000.0,0,0.0,4,2,1,0,0,0,1,0,0,0,0,1,0,alto
2,10000.0,8,1.0,17,3,1,0,0,0,1,0,0,1,0,1,0,medio_alto
5,10000.0,0,0.0,5,2,1,0,0,0,1,1,0,0,0,0,0,baixo
2,10000.0,12,1.0,1,2,1,0,0,0,1,0,0,1,0,0,0,baixo
2,150000.0,3205,0.930421216848674,18,4,1,0,1,1,1,1,1,0,0,0,0,medio_alto
3,10000.0,71,0.8169014084507042,2,1,1,0,0,1,0,1,0,0,0,0,0,medio_alto
4,10000.0,4,0.75,1,1,1,0,0,1,0,0,0,0,1,0,0,alto
8,10000.0,1,1.0,1,3,1,1,0,0,1,1,0,1,0,0,0,medio_alto
7,10000.0,3,0.6666666666666666,10,1,1,0,0,0,1,0,0,0,0,0,0,medio_baixo
7,10000.0,238,0.5336134453781513,3,5,1,0,0,0,0,1,1,0,1,1,0,medio_alto
6,10000.0,561,0.9768270944741533,2,3,1,0,0,0,1,0,1,1,0,0,0,baixo
2,10000.0,2,0.5,1,1,1,0,0,0,0,0,0,0,0,0,1,baixo
7,10000.0,21,0.9047619047619048,29,2,1,0,0,0,1,0,0,1,0,0,0,baixo
10,10000.0,14,0.7857142857142857,9,1,1,0,0,0,0,0,0,0,0,0,0,gratuito
4,10000.0,24,0.875,8,3,1,1,0,0,0,0,1,1,0,1,0,alto
10,35000.0,89,0.6629213483146067,1,4,1,1,1,0,1,0,0,1,1,1,0,baixo
1,10000.0,0,0.0,1,4,1,0,0,0,1,0,0,0,0,0,1,alto
3,10000.0,5,0.8,1,4,1,0,0,0,1,0,1,0,0,1,0,medio_alto
5,10000.0,42,0.9761904761904762,2,4,1,1,0,1,1,1,1,1,0,0,0,alto
2,10000.0,4,1.0,1,3,1,0,0,0,1,0,0,1,0,0,1,baixo
6,10000.0,181,0.8066298342541437,1,4,1,0,0,0,1,0,0,1,0,0,0,baixo
5,10000.0,7,0.42857142857142855,1,1,1,0,0,0,1,0,0,0,0,0,0,medio_alto
1,10000.0,0,0.0,5,2,1,1,0,0,0,0,0,1,0,0,1,medio_baixo
2,10000.0,5,1.0,1,2,1,0,0,0,1,0,0,0,0,1,0,baixo
3,10000.0,0,0.0,2,3,1,0,0,0,1,1,0,1,0,0,0,medio_alto
9,10000.0,5,0.6,1,1,1,0,0,0,0,0,0,1,0,0,0,medio_baixo
3,10000.0,90,0.8888888888888888,1,2,1,0,0,0,1,0,0,0,1,0,0,medio_baixo
4,35000.0,39,0.8461538461538461,1,2,1,0,0,0,1,0,1,0,0,0,0,medio_alto
9,10000.0,5,0.4,1,4,1,0,0,0,1,1,0,0,0,0,1,baixo
1,0.0,0,0.0,1,3,1,0,0,0,1,0,1,0,0,0,0,gratuito
6,10000.0,112,0.9910714285714286,1,3,1,0,0,0,1,0,1,0,0,0,1,medio_alto
3,0.0,0,0.0,1,4,1,1,0,0,1,0,1,1,0,0,0,gratuito
5,10000.0,81,0.8765432098765432,5,2,1,0,0,1,1,1,0,0,0,0,0,medio_baixo
1,0.0,0,0.0,1,3,1,0,1,0,1,0,0,1,0,1,0,medio_alto
8,35000.0,409,0.7408312958435208,2,1,1,0,0,0,0,0,0,0,0,1,0,alto
1,0.0,0,0.0,0,0,1,0,0,0,0,0,0,0,0,0,0,gratuito
2,10000.0,0,0.0,1,2,1,0,1,0,0,0,1,1,0,0,0,medio_baixo
2,0.0,0,0.0,0,0,1,0,0,0,0,0,0,0,0,0,0,gratuito
7,10000.0,29,0.7241379310344828,1,3,1,0,0,0,1,0,0,0,1,1,0,baixo
4,350000.0,15207,0.9545603998158743,13,5,1,0,0,4,1,1,0,1,0,0,1,medio_baixo
2,0.0,0,0.0,0,0,1,0,0,0,0,0,0,0,0,0,0,gratuito
1,0.0,0,0.0,103,3,1,0,0,0,1,0,1,1,0,0,0,baixo
10,350000.0,6092,0.8161523309258043,8,3,1,1,1,0,1,0,0,0,1,1,0,baixo
4,0.0,0,0.0,0,0,1,0,0,0,0,0,0,0,0,0,0,gratuito
1,10000.0,1,1.0,3,2,1,1,0,0,0,0,1,1,0,0,0,medio_alto
5,10000.0,1,0.0,1,2,1,1,0,0,1,1,0,0,0,0,0,medio_baixo
10,10000.0,3,1.0,1,3,1,0,0,0,1,1,0,0,0,0,1,baixo
5,0.0,0,0.0,1,2,1,0,0,0,1,0,0,0,0,0,0,gratuito
2,10000.0,42,0.5238095238095238,1,3,1,0,0,0,1,0,0,1,0,0,1,gratuito
8,10000.0,30,0.6,3,4,1,0,0,0,1,1,0,0,1,0,0,medio_alto
5,0.0,0,0.0,1,6,1,0,0,0,0,0,0,1,0,0,0,gratuito
4,35000.0,166,0.9397590361445783,1,2,1,0,0,2,1,1,0,0,0,0,0,baixo
11,35000.0,183,0.5901639344262295,1,3,1,1,0,0,1,1,1,0,0,0,0,medio_alto
4,35000.0,42,0.6428571428571429,5,2,1,0,0,0,0,1,0,0,0,1,0,medio_alto
3,10000.0,86,0.9651162790697675,1,3,1,0,0,0,1,1,1,0,0,0,0,medio_baixo
7,35000.0,50,0.88,1,2,1,0,0,0,1,0,1,0,0,0,0,baixo
4,75000.0,2,1.0,1,3,1,0,0,1,0,0,1,0,0,1,0,medio_alto
1,0.0,0,0.0,4,4,1,0,0,0,1,1,1,0,0,0,1,alto
2,10000.0,15,0.8666666666666667,1,2,1,0,0,0,1,1,0,0,0,0,0,medio_alto
1,10000.0,0,0.0,1,2,1,0,0,0,1,0,0,1,0,0,0,baixo
6,10000.0,4,0.75,1,1,1,0,0,0,1,0,0,0,0,0,0,gratuito
4,10000.0,0,0.0,1,4,1,0,1,0,1,1,1,1,0,0,0,medio_baixo
4,0.0,0,0.0,0,0,1,0,0,0,0,0,0,0,0,0,0,gratuito
5,10000.0,4,1.0,2,4,1,1,0,1,1,0,1,0,1,1,0,alto
1,10000.0,0,0.0,18,4,1,0,0,0,1,0,0,1,0,0,1,alto
2,10000.0,0,0.0,2,4,1,0,0,0,1,1,0,1,0,0,0,gratuito
5,10000.0,2,1.0,2,3,1,0,0,0,1,0,0,1,0,0,0,medio_alto
1,10000.0,0,0.0,1,1,1,0,0,0,1,0,0,0,0,0,0,baixo
3,10000.0,1,1.0,1,3,1,0,0,0,1,1,0,1,0,0,0,baixo
3,150000.0,1169,0.8785286569717707,7,2,1,0,0,2,1,1,0,0,0,0,0,alto
2,10000.0,13,0.7692307692307693,2,5,1,0,0,0,1,1,1,1,1,0,0,medio_alto
1,0.0,0,0.0,0,0,1,0,0,0,0,0,0,0,0,0,0,gratuito
10,10000.0,34,0.9117647058823529,1,3,1,0,0,0,1,1,1,0,0,0,0,medio_baixo
5,1500000.0,29205,0.7637733264851909,14,1,1,0,0,2,0,1,0,0,0,0,0,alto
8,150000.0,594,0.6936026936026936,13,3,1,0,0,39,1,0,1,1,0,0,0,medio_baixo
6,10000.0,29,0.13793103448275862,28,4,1,1,1,0,1,1,0,1,0,0,0,alto
1,0.0,0,0.0,0,0,1,0,0,0,0,0,0,0,0,0,0,gratuito
9,10000.0,36,0.6944444444444444,2,1,1,0,0,0,0,0,0,1,0,0,0,medio_baixo
2,10000.0,13,1.0,1,3,1,0,0,0,1,1,0,0,0,0,0,medio_alto
10,150000.0,551,0.7876588021778584,5,1,1,0,0,4,0,1,0,0,0,0,0,medio_alto
3,35000.0,15,0.5333333333333333,1,4,1,0,0,0,1,1,1,0,0,0,0,gratuito
8,35000.0,27,0.9259259259259259,1,1,1,0,0,0,0,0,0,0,1,0,0,medio_baixo
7,10000.0,7,0.5714285714285714,6,3,1,0,0,0,1,0,0,0,0,0,1,alto
3,0.0,0,0.0,0,0,1,0,0,0,0,0,0,0,0,0,0,gratuito
5,10000.0,15,0.26666666666666666,4,1,1,0,0,0,0,0,0,1,0,0,0,medio_alto
1,10000.0,0,0.0,1,2,1,0,0,0,0,0,0,1,1,0,0,alto
9,10000.0,22,0.8181818181818182,1,3,1,0,1,0,1,1,0,1,0,0,0,baixo
2,10000.0,9,0.6666666666666666,1,1,1,0,0,0,0,0,0,0,0,0,0,medio_alto
7,10000.0,4,0.5,1,2,1,0,0,0,1,0,0,0,0,0,0,gratuito
1,10000.0,17,0.8823529411764706,13,4,1,0,0,0,1,0,0,1,0,1,1,medio_alto
1,0.0,0,0.0,0,0,1,0,0,0,0,0,0,0,0,0,0,gratuito
3,75000.0,2211,0.9909543193125283,6,4,1,1,0,1,1,0,1,1,1,0,0,alto
3,10000.0,11,0.9090909090909091,3,2,1,0,1,0,1,1,0,0,0,0,0,alto
17,75000.0,254,0.5118110236220472,1,1,1,0,0,0,0,1,0,0,0,0,0,alto
2,10000.0,0,0.0,1,2,1,0,0,0,0,0,0,0,0,1,1,medio_baixo
1,0.0,0,0.0,14,1,1,0,1,0,0,0,0,1,0,0,0,alto
3,0.0,0,0.0,103,3,1,1,0,0,1,1,0,1,0,0,0,medio_alto
12,350000.0,8180,0.956601466992665,12,2,1,1,1,0,1,0,0,1,0,0,0,baixo
3,10000.0,13,1.0,1,2,1,1,0,0,1,0,0,1,0,0,0,medio_baixo
4,10000.0,51,0.7254901960784313,14,1,1,0,0,1,1,0,0,0,0,0,0,baixo
1,10000.0,0,0.0,1,3,1,0,0,0,1,0,0,1,1,0,0,medio_alto
2,10000.0,38,0.9473684210526315,2,3,1,0,0,0,0,0,0,1,1,1,0,medio_alto
9,10000.0,8,0.625,1,2,1,0,0,0,1,0,0,0,0,0,0,medio_baixo
3,0.0,0,0.0,2,3,1,0,0,0,1,0,1,1,0,0,0,gratuito
5,10000.0,14,0.8571428571428571,1,3,1,0,0,0,1,1,0,0,1,0,0,baixo
2,0.0,0,0.0,15,5,1,0,0,0,1,0,0,1,0,1,1,gratuito
5,10000.0,1,0.0,1,4,1,1,1,0,1,1,1,1,0,0,0,baixo
7,10000.0,11,0.5454545454545454,3,1,1,0,0,0,0,0,1,0,0,0,0,alto
5,35000.0,13,0.8461538461538461,1,5,1,0,0,0,1,1,1,1,0,1,0,gratuito
1,10000.0,57,0.8771929824561403,3,4,1,0,0,0,1,1,1,0,1,0,0,medio_alto
6,10000.0,2,0.5,1,3,1,0,1,0,1,1,0,1,0,0,0,baixo
1,0.0,0,0.0,0,0,1,0,0,0,0,0,0,0,0,0,0,gratuito
5,35000.0,213,0.7511737089201878,5,4,1,0,0,0,1,1,1,0,1,0,0,gratuito
3,0.0,0,0.0,0,0,1,0,0,0,0,0,0,0,0,0,0,gratuito
4,10000.0,10,0.7,7,1,1,0,0,0,0,0,1,0,0,0,0,alto
5,35000.0,22,0.8636363636363636,5,2,1,0,0,0,1,0,0,0,1,0,0,baixo
5,10000.0,20,0.85,8,2,1,0,0,1,1,0,1,0,0,0,0,baixo
2,10000.0,0,0.0,1,6,1,0,0,0,1,0,0,0,0,0,0,gratuito
8,10000.0,8,0.75,1,3,1,0,0,0,1,0,0,0,0,1,0,medio_alto
1,0.0,0,0.0,9,4,1,0,0,0,1,0,0,1,0,0,0,baixo
2,10000.0,12,1.0,1,2,1,0,1,0,1,1,0,0,0,0,0,baixo
9,10000.0,15,0.5333333333333333,12,3,1,0,0,0,1,0,1,0,0,1,0,alto
3,0.0,0,0.0,102,9,1,1,1,0,1,1,1,1,1,1,1,alto
12,10000.0,16,0.8125,2,2,1,0,0,1,1,1,0,0,0,0,0,medio_alto
4,10000.0,0,0.0,1,5,1,0,0,0,1,0,0,1,0,0,1,gratuito
2,10000.0,1,1.0,5,6,1,0,0,0,0,1,1,1,1,0,1,medio_baixo
4,10000.0,23,0.9130434782608695,1,3,1,0,0,0,1,0,1,0,1,0,0,medio_baixo
8,10000.0,13,0.6923076923076923,1,1,1,0,0,0,0,1,0,0,0,0,0,medio_baixo
1,0.0,0,0.0,1,2,1,0,0,0,1,0,0,1,0,0,0,baixo
2,35000.0,160,0.9375,6,2,1,0,0,0,1,1,0,0,0,0,0,alto
2,10000.0,48,0.9791666666666666,1,3,1,0,0,0,1,0,0,1,0,0,0,gratuito
2,10000.0,79,0.7341772151898734,1,1,1,0,0,1,1,0,0,0,0,0,0,baixo
3,10000.0,0,0.0,1,6,1,0,1,0,1,1,1,1,0,1,1,baixo
4,10000.0,4,0.5,10,3,1,0,0,0,1,1,1,0,0,0,0,medio_alto
1,0.0,0,0.0,0,0,1,0,0,0,0,0,0,0,0,0,0,gratuito
1,10000.0,3,1.0,1,1,1,0,1,0,0,0,0,1,0,0,0,medio_alto
14,350000.0,444,0.6981981981981982,2,3,1,0,0,0,0,0,0,0,1,0,0,gratuito
2,0.0,0,0.0,1,4,1,0,0,1,1,1,1,0,0,0,0,gratuito
1,10000.0,0,0.0,1,2,1,0,0,0,1,0,0,1,0,0,0,baixo
1,10000.0,2,1.0,2,3,1,0,0,0,1,0,0,1,0,0,1,medio_alto
5,10000.0,2,0.5,2,2,1,0,0,0,1,0,0,0,0,1,0,alto
3,35000.0,29,0.7241379310344828,1,3,1,0,0,0,1,1,0,0,0,1,0,alto
4,10000.0,0,0.0,1,1,1,0,0,0,0,0,1,0,0,0,0,medio_baixo
3,10000.0,28,1.0,1,3,1,1,1,0,1,1,1,0,0,0,0,medio_alto
5,35000.0,26,0.9230769230769231,1,3,1,1,1,0,1,0,1,1,0,0,0,alto
3,10000.0,14,1.0,3,4,1,0,0,0,1,1,0,1,0,0,0,baixo
3,0.0,0,0.0,0,0,1,0,0,0,0,0,0,0,0,0,0,gratuito
1,0.0,0,0.0,5,1,1,0,0,0,0,1,0,0,0,0,0,medio_alto
1,0.0,0,0.0,2,3,1,0,0,0,1,0,0,1,0,0,0,gratuito
2,10000.0,1,1.0,1,2,1,0,0,0,1,0,1,0,0,0,0,medio_alto
6,10000.0,23,0.8695652173913043,1,1,1,0,0,0,0,0,0,0,0,0,0,gratuito
7,10000.0,3,0.3333333333333333,1,4,1,0,0,0,1,1,1,0,0,0,0,alto
4,0.0,0,0.0,0,0,1,0,0,0,0,0,0,0,0,0,0,gratuito
2,0.0,0,0.0,2,4,1,0,0,0,1,0,1,1,0,0,0,gratuito
4,10000.0,25,0.64,5,3,1,0,0,0,1,0,0,1,0,0,1,medio_baixo
1,0.0,0,0.0,1,2,1,0,0,0,0,1,0,1,0,0,0,baixo
3,10000.0,15,1.0,1,3,1,0,1,0,1,1,1,0,0,0,0,medio_baixo
6,10000.0,0,0.0,3,1,1,0,0,1,0,0,0,1,0,0,0,baixo
3,10000.0,21,1.0,1,2,1,0,0,0,1,0,0,1,0,0,0,baixo
5,10000.0,15,0.8,8,3,1,0,1,0,1,1,0,1,0,0,0,gratuito
17,350000.0,2971,0.8899360484685291,5,1,1,1,0,0,0,1,0,0,0,0,0,medio_baixo
3,10000.0,0,0.0,1,3,1,1,1,0,1,0,0,1,0,0,1,baixo
2,10000.0,1,1.0,2,3,1,0,0,0,1,0,1,0,1,0,0,baixo
9,10000.0,12,0.9166666666666666,1,3,1,1,1,0,1,1,0,1,0,0,0,alto
4,35000.0,6,0.6666666666666666,1,1,1,0,0,0,0,1,0,0,0,0,0,baixo
1,10000.0,0,0.0,1,7,1,1,1,0,1,1,1,1,0,1,1,baixo
3,10000.0,0,0.0,1,1,1,0,0,0,0,0,0,1,0,0,0,baixo
7,350000.0,1213,0.6125309150865622,8,3,1,1,1,1,1,0,0,0,0,1,1,medio_baixo
6,10000.0,179,0.7988826815642458,6,2,1,0,0,1,1,0,1,0,0,0,0,medio_baixo
1,0.0,0,0.0,1,2,1,0,0,0,1,1,0,0,0,0,0,medio_baixo
2,10000.0,0,0.0,1,6,1,0,0,4,1,0,1,1,1,1,1,alto
17,75000.0,436,0.8784403669724771,1,2,1,0,0,0,0,0,0,1,0,0,0,medio_baixo
9,10000.0,12,0.5,3,3,1,1,0,0,1,0,0,0,0,1,1,medio_baixo
8,10000.0,29,0.6896551724137931,1,4,1,0,0,0,1,1,1,1,0,0,0,baixo
6,10000.0,0,0.0,1,2,1,0,0,0,0,0,1,0,0,0,1,medio_baixo
5,0.0,0,0.0,1,4,1,0,0,0,1,0,1,1,0,0,0,gratuito
15,3500000.0,30416,0.9177735402419779,6,1,1,0,0,0,0,1,0,0,0,0,0,alto
2,0.0,0,0.0,0,0,1,0,0,0,0,0,0,0,0,0,0,gratuito
2,10000.0,5,1.0,4,2,1,0,0,1,0,0,1,1,0,0,0,alto
1,10000.0,0,0.0,1,1,1,0,0,0,0,0,0,0,0,1,0,alto
1,0.0,0,0.0,0,0,1,0,0,0,0,0,0,0,0,0,0,gratuito
3,10000.0,12,1.0,1,4,1,0,0,0,1,0,1,1,0,0,0,medio_baixo
4,10000.0,30,0.7,4,1,1,0,0,0,0,0,1,0,0,0,0,medio_baixo
4,10000.0,0,0.0,1,3,1,0,0,0,1,0,1,1,0,0,0,gratuito
5,10000.0,22,0.6818181818181818,1,1,1,0,0,0,0,0,0,0,0,0,0,gratuito
1,10000.0,0,0.0,1,2,1,0,0,0,1,1,0,0,0,0,0,medio_baixo
9,10000.0,279,0.5161290322580645,14,5,1,0,0,0,1,0,0,0,0,0,1,gratuito
2,10000.0,4,0.0,1,2,1,0,0,0,1,1,0,0,0,0,0,baixo
1,10000.0,0,0.0,3,1,1,1,0,4,0,0,0,1,0,0,0,baixo
4,0.0,0,0.0,0,0,1,0,0,0,0,0,0,0,0,0,0,gratuito
9,10000.0,5,1.0,1,2,1,0,0,0,0,0,1,1,0,0,0,medio_alto
11,750000.0,14923,0.571600884540642,1,5,1,0,0,0,1,1,1,0,1,0,1,medio_baixo
8,75000.0,478,0.8284518828451883,14,3,1,1,0,1,1,0,1,1,0,0,0,medio_baixo
1,10000.0,0,0.0,10,2,1,0,0,0,1,0,0,1,0,0,0,medio_baixo
1,0.0,0,0.0,0,0,1,0,0,0,0,0,0,0,0,0,0,gratuito
3,0.0,0,0.0,1,4,1,0,0,0,1,1,0,0,0,0,0,gratuito
8,10000.0,23,0.5652173913043478,1,6,1,0,0,0,1,0,1,1,0,0,1,alto
2,10000.0,13,0.38461538461538464,18,3,1,0,0,0,0,1,1,0,0,0,0,alto
2,10000.0,143,0.8041958041958042,15,2,1,0,0,0,1,0,1,0,0,0,0,medio_alto
8,10000.0,16,0.5,2,3,1,0,0,0,0,0,0,0,1,0,1,alto
1,0.0,0,0.0,1,3,1,0,0,0,1,0,1,0,0,0,1,baixo
6,10000.0,60,0.7,2,3,1,0,0,0,1,1,1,0,0,0,0,baixo
4,35000.0,231,0.683982683982684,14,3,1,0,0,0,1,1,1,0,0,0,0,medio_alto
5,10000.0,73,0.8767123287671232,1,2,1,0,0,0,0,1,0,0,1,0,0,medio_alto
6,35000.0,46,0.9782608695652174,1,2,1,0,0,0,1,0,0,1,0,0,0,medio_alto
9,10000.0,119,0.5126050420168067,5,1,1,0,0,1,0,0,0,0,0,0,0,alto
9,35000.0,49,0.6938775510204082,1,3,1,0,1,0,1,1,0,1,0,0,0,baixo
3,0.0,0,0.0,2,6,1,0,0,0,1,1,1,1,0,1,0,gratuito
4,10000.0,4,0.5,4,1,1,0,0,0,0,0,0,1,0,0,0,alto
6,150000.0,11,0.8181818181818182,2,3,1,0,0,0,1,0,1,0,0,0,0,gratuito
10,10000.0,120,0.8,10,5,1,0,0,0,1,1,0,1,0,0,1,alto
4,35000.0,70,0.9142857142857143,4,3,1,0,0,1,1,1,1,0,0,0,0,medio_alto
2,0.0,0,0.0,2,3,1,0,0,0,1,0,1,1,0,0,0,gratuito
1,0.0,0,0.0,3,2,1,0,0,0,1,1,0,0,0,0,0,medio_alto
2,10000.0,1,1.0,1,2,1,0,0,0,0,1,0,1,0,0,0,medio_alto
1,10000.0,6,0.3333333333333333,14,3,1,0,0,0,1,0,0,1,0,0,0,medio_baixo
1,0.0,0,0.0,0,0,1,0,0,0,0,0,0,0,0,0,0,gratuito
8,75000.0,98,0.7959183673469388,1,1,1,0,0,0,0,0,0,0,0,0,1,alto
1,0.0,0,0.0,1,1,1,0,0,1,0,0,0,1,0,0,0,baixo
1,0.0,0,0.0,1,3,1,0,0,0,1,0,0,1,0,0,0,gratuito
2,10000.0,0,0.0,1,1,1,0,0,0,0,0,0,1,0,0,0,baixo
1,0.0,0,0.0,15,2,1,0,0,0,0,1,1,0,0,0,0,medio_alto
2,10000.0,1,1.0,1,4,1,0,0,0,1,0,1,1,1,0,0,baixo
3,10000.0,0,0.0,1,2,1,0,0,0,1,0,0,1,0,0,0,medio_baixo
3,10000.0,37,0.4864864864864865,1,7,1,0,0,0,1,0,0,0,1,0,1,alto
8,35000.0,55,0.8,1,5,1,1,0,0,1,0,0,1,0,0,0,gratuito
2,0.0,0,0.0,103,2,1,0,0,0,1,0,0,1,0,0,0,baixo
1,10000.0,2,1.0,1,3,1,0,0,0,1,0,0,0,0,1,1,medio_alto
2,10000.0,84,0.9166666666666666,5,5,1,0,0,0,1,0,1,1,1,1,0,medio_alto
3,0.0,0,0.0,5,1,1,1,0,1,1,0,0,0,0,0,0,gratuito
3,0.0,0,0.0,0,0,1,0,0,0,0,0,0,0,0,0,0,gratuito
7,10000.0,137,0.8467153284671532,1,4,1,0,0,1,1,1,1,0,0,0,1,medio_baixo
5,350000.0,200,0.97,1,2,1,1,1,0,1,1,0,0,0,0,0,gratuito
6,10000.0,13,1.0,1,1,1,0,0,0,1,0,0,0,0,0,0,medio_baixo
11,150000.0,4064,0.8772145669291339,4,4,1,0,0,0,1,1,1,0,1,0,0,baixo
8,350000.0,10632,0.8186606471030851,2,3,1,0,0,1,0,0,1,0,1,1,0,alto
3,150000.0,1095,0.9707762557077626,12,2,1,0,0,1,1,0,1,0,0,0,0,medio_alto
4,10000.0,23,0.8695652173913043,3,3,1,0,0,0,1,0,0,1,0,1,0,baixo
3,0.0,0,0.0,0,0,1,0,0,0,0,0,0,0,0,0,0,gratuito
7,10000.0,47,0.8936170212765957,1,3,1,0,1,0,1,0,0,1,0,1,0,gratuito
5,10000.0,1,1.0,4,2,1,0,0,0,1,0,0,1,0,0,0,medio_alto
2,35000.0,497,0.8611670020120724,10,3,1,0,0,1,1,0,1,1,0,0,0,medio_alto
4,10000.0,0,0.0,2,3,1,0,0,0,0,0,1,0,0,0,1,medio_alto
4,0.0,0,0.0,1,2,1,0,0,1,1,0,0,0,0,1,0,gratuito
4,750000.0,4004,0.8226773226773226,1,4,1,0,0,0,1,1,1,0,0,0,0,gratuito
1,10000.0,1,1.0,1,4,1,0,0,0,1,1,0,0,0,0,1,baixo
1,0.0,0,0.0,5,3,1,0,0,0,1,0,0,1,0,0,1,medio_alto
8,35000.0,98,0.9387755102040817,14,2,1,1,0,0,0,0,1,1,0,0,0,alto
9,1500000.0,21686,0.8343170709213318,17,3,1,0,0,12,0,1,1,0,1,0,0,medio_baixo
1,0.0,0,0.0,2,3,1,0,0,0,0,0,0,0,1,1,0,medio_alto
3,10000.0,70,0.6428571428571429,2,5,1,0,0,1,1,0,0,1,1,0,0,baixo
4,10000.0,0,0.0,8,4,1,0,0,0,1,1,0,0,0,0,0,gratuito
4,10000.0,25,1.0,1,4,1,0,1,0,0,0,1,0,1,1,1,alto
5,0.0,0,0.0,0,0,1,0,0,0,0,0,0,0,0,0,0,gratuito
9,35000.0,65,0.7692307692307693,1,4,1,1,0,0,1,1,0,0,0,0,0,gratuito
1,10000.0,1,1.0,1,3,1,1,1,0,1,0,0,0,0,1,1,alto
9,75000.0,139,0.39568345323741005,1,4,1,0,0,1,0,1,0,0,0,0,1,baixo
6,35000.0,644,0.9736024844720497,1,2,1,0,0,0,0,0,0,1,0,0,1,alto
2,10000.0,5,0.4,1,1,1,0,0,0,0,0,0,0,1,0,0,baixo
3,10000.0,16,0.75,1,4,1,0,1,0,1,0,0,1,0,1,0,gratuito
4,10000.0,0,0.0,2,3,1,0,0,0,1,1,1,0,0,0,0,medio_alto
7,10000.0,12,0.6666666666666666,1,2,1,0,0,0,1,0,1,0,0,0,0,medio_baixo
7,10000.0,2,1.0,1,1,1,0,0,2,0,0,0,0,0,1,0,medio_alto
2,0.0,0,0.0,10,4,1,0,1,1,1,0,0,1,0,1,0,gratuito
4,10000.0,5,0.0,14,1,1,0,0,0,0,0,0,0,0,0,1,alto
1,10000.0,0,0.0,10,2,1,0,0,1,1,0,1,0,0,0,0,baixo
1,10000.0,0,0.0,12,3,1,0,0,0,1,0,0,1,0,0,1,alto
4,10000.0,0,0.0,1,2,1,0,0,0,0,0,1,1,0,0,0,medio_baixo
1,0.0,0,0.0,1,3,1,0,0,0,1,0,0,1,0,0,0,gratuito
1,0.0,0,0.0,2,2,1,0,0,0,1,1,0,0,0,0,0,medio_baixo
2,10000.0,0,0.0,1,2,1,0,0,0,1,0,0,1,0,0,0,baixo
6,10000.0,0,0.0,2,1,1,1,1,0,1,0,0,0,0,0,0,medio_baixo
3,10000.0,12,0.6666666666666666,1,5,1,0,0,0,1,1,0,1,0,1,0,gratuito
6,10000.0,23,0.9565217391304348,1,3,1,0,0,0,1,0,1,0,0,0,1,medio_alto
5,0.0,0,0.0,1,4,1,1,0,0,1,0,1,1,0,0,0,gratuito
3,35000.0,415,0.7807228915662651,3,1,1,0,0,0,0,0,1,0,0,0,0,alto
4,0.0,0,0.0,1,7,1,0,0,0,1,1,1,1,1,1,0,gratuito
2,75000.0,332,0.9307228915662651,10,4,1,0,1,1,1,0,0,0,1,1,0,alto
1,0.0,0,0.0,0,0,1,0,0,0,0,0,0,0,0,0,0,gratuito
7,10000.0,6,0.8333333333333334,1,2,1,0,0,0,1,0,0,1,0,0,0,baixo
1,0.0,0,0.0,1,3,1,0,0,1,0,1,0,0,0,0,0,gratuito
5,10000.0,0,0.0,1,6,1,0,0,0,1,1,1,1,1,0,1,baixo
1,0.0,0,0.0,1,2,1,0,0,0,1,0,0,0,0,0,0,gratuito
3,0.0,0,0.0,0,0,1,0,0,0,0,0,0,0,0,0,0,gratuito
1,0.0,0,0.0,1,1,1,0,0,0,0,0,0,0,0,0,1,alto
6,75000.0,442,0.8484162895927602,10,3,1,1,1,0,1,1,0,0,0,1,0,alto
6,10000.0,9,0.3333333333333333,7,1,1,0,0,0,0,0,0,1,0,0,0,baixo
3,10000.0,4,0.0,10,5,1,0,0,0,1,1,1,1,0,0,1,baixo
5,10000.0,40,0.725,9,4,1,0,0,0,1,0,1,1,0,1,0,baixo
2,0.0,0,0.0,0,0,1,0,0,0,0,0,0,0,0,0,0,gratuito
10,75000.0,340,0.7264705882352941,3,4,1,1,1,5,1,0,0,1,0,1,1,medio_baixo
3,0.0,0,0.0,3,4,1,0,0,0,0,0,0,0,0,1,1,gratuito
2,10000.0,85,0.9529411764705882,9,2,1,0,0,1,1,0,0,1,0,0,0,medio_alto
6,10000.0,3,0.6666666666666666,3,4,1,0,0,0,1,0,1,1,0,0,1,medio_alto
4,0.0,0,0.0,1,3,1,1,1,0,1,0,0,0,0,1,0,gratuito
2,350000.0,3167,0.7496053047047679,14,8,1,0,0,0,1,1,1,1,1,0,1,gratuito
2,0.0,0,0.0,7,3,1,1,1,7,1,0,0,1,0,0,0,gratuito
1,0.0,0,0.0,1,1,1,0,0,0,0,0,0,0,1,0,0,gratuito
2,10000.0,0,0.0,2,4,1,0,0,0,1,0,0,1,0,0,1,gratuito
3,10000.0,20,1.0,2,2,1,0,0,0,1,0,0,1,0,0,0,baixo
6,10000.0,15,0.9333333333333333,1,2,1,1,1,0,0,1,0,1,0,0,0,gratuito
7,10000.0,17,0.7647058823529411,1,3,1,0,1,0,1,0,1,1,0,0,0,baixo
1,0.0,0,0.0,10,4,1,0,0,0,1,0,0,1,1,1,0,medio_baixo
4,10000.0,8,0.875,1,3,1,0,0,0,0,0,0,1,0,1,1,baixo
6,35000.0,15,0.8666666666666667,1,5,1,0,0,0,1,1,0,1,0,0,0,gratuito
7,10000.0,22,0.7727272727272727,2,4,1,0,0,0,1,1,0,1,0,1,0,medio_alto
1,0.0,0,0.0,1,3,1,0,0,0,1,0,0,1,0,0,0,gratuito
4,10000.0,0,0.0,1,2,1,0,0,2,1,0,0,1,0,0,0,baixo
5,10000.0,2,0.5,1,2,1,0,0,0,0,0,1,1,0,0,0,medio_baixo
8,10000.0,35,0.6285714285714286,4,3,1,1,1,0,1,1,1,0,0,0,0,medio_baixo
9,75000.0,459,0.9324618736383442,1,1,1,0,0,0,0,0,0,1,0,0,0,baixo
3,0.0,0,0.0,0,0,1,0,0,0,0,0,0,0,0,0,0,gratuito
4,10000.0,4,1.0,1,3,1,0,0,0,1,0,1,1,0,0,0,medio_alto
11,10000.0,52,0.6153846153846154,1,3,1,1,1,1,1,1,0,1,0,0,0,medio_baixo
1,10000.0,0,0.0,3,3,1,0,0,0,1,1,1,0,0,0,0,medio_alto
7,75000.0,26,0.5,1,1,1,0,0,0,0,0,0,0,1,0,0,baixo
8,350000.0,2771,0.7159870083002526,14,3,1,0,0,2,1,0,0,0,0,1,1,medio_baixo
1,10000.0,0,0.0,1,3,1,0,0,0,0,1,1,0,1,0,0,medio_alto
2,10000.0,7,1.0,4,5,1,0,0,0,1,1,0,1,0,0,0,medio_alto
2,10000.0,55,0.8545454545454545,5,3,1,0,0,0,1,0,1,1,0,0,0,alto
2,10000.0,6,1.0,1,4,1,0,0,0,1,1,0,1,0,0,0,gratuito
3,10000.0,4,0.5,3,3,1,0,0,0,1,1,1,0,0,0,0,baixo
1,10000.0,7,1.0,1,3,1,0,0,0,1,1,0,1,0,0,0,medio_baixo
2,0.0,0,0.0,1,2,1,0,0,0,0,0,0,0,0,0,1,gratuito
1,10000.0,13,1.0,14,4,1,0,0,0,0,0,0,1,0,1,1,medio_alto
2,10000.0,1,1.0,1,1,1,0,1,1,0,0,1,0,0,0,0,medio_baixo
3,0.0,0,0.0,0,0,1,0,0,0,0,0,0,0,0,0,0,gratuito
10,35000.0,162,0.8641975308641975,2,2,1,0,0,0,1,1,0,0,0,0,0,gratuito
1,0.0,0,0.0,1,4,1,0,0,0,1,1,1,0,0,0,0,medio_alto
5,10000.0,0,0.0,1,2,1,0,0,0,1,0,1,0,0,0,0,baixo
2,10000.0,11,0.8181818181818182,2,2,1,1,0,0,1,0,0,1,0,0,0,medio_baixo
7,35000.0,518,0.9092664092664092,2,2,1,0,0,0,0,0,1,1,0,0,0,alto
4,0.0,0,0.0,1,1,1,0,0,0,1,0,0,0,0,0,0,gratuito
1,10000.0,0,0.0,2,3,1,0,0,0,1,1,0,0,0,0,0,medio_alto
6,35000.0,4,0.5,17,2,1,0,0,0,1,1,0,0,0,0,0,medio_baixo
1,0.0,0,0.0,1,3,1,0,0,0,0,1,0,1,0,1,0,medio_alto
7,10000.0,15,0.8666666666666667,2,3,1,0,0,1,1,1,1,0,0,0,0,medio_baixo
3,10000.0,8,0.375,3,1,1,0,0,0,1,0,0,0,0,0,0,medio_baixo
8,10000.0,0,0.0,1,3,1,0,0,0,1,1,1,0,0,0,0,baixo
1,0.0,0,0.0,5,1,1,0,0,0,0,1,0,0,0,0,0,medio_alto
9,10000.0,3,0.6666666666666666,11,3,1,0,0,0,1,1,0,1,0,0,0,medio_alto
8,10000.0,25,0.84,1,3,1,0,0,0,1,1,0,0,0,0,0,medio_baixo
1,10000.0,0,0.0,1,4,1,1,1,0,1,0,1,1,0,0,0,baixo
1,0.0,0,0.0,10,2,1,0,0,0,0,1,0,0,0,0,0,gratuito
2,10000.0,4,0.25,1,2,1,0,0,0,0,0,0,1,1,0,0,alto
8,10000.0,59,0.3220338983050847,1,2,1,1,1,0,1,0,0,0,0,0,1,baixo
11,150000.0,314,0.7006369426751592,8,3,1,0,0,0,1,1,0,1,0,0,0,baixo
6,35000.0,305,0.5475409836065573,1,4,1,0,0,0,1,1,1,0,0,0,0,medio_baixo
1,10000.0,6,1.0,2,1,1,0,0,0,0,0,0,0,0,0,1,alto
14,750000.0,3570,0.7988795518207283,16,1,1,0,0,0,0,0,1,0,0,0,0,medio_baixo
1,10000.0,0,0.0,2,2,1,0,0,0,0,0,1,0,1,0,0,medio_alto
8,35000.0,236,0.7627118644067796,8,2,1,1,1,0,1,0,1,0,0,0,0,baixo
11,10000.0,146,0.5958904109589042,10,4,1,1,1,1,1,1,1,0,0,0,1,medio_alto
9,35000.0,496,0.8306451612903226,2,4,1,0,0,0,1,1,1,0,0,0,1,alto
1,10000.0,20,0.7,3,4,1,0,0,0,1,1,1,1,0,0,0,medio_baixo
2,0.0,0,0.0,0,0,1,0,0,0,0,0,0,0,0,0,0,gratuito
1,10000.0,31,0.8387096774193549,6,3,1,0,0,1,0,1,0,0,1,1,0,alto
5,35000.0,80,0.9625,1,4,1,0,0,0,1,0,0,0,1,0,1,medio_baixo
2,10000.0,163,0.9263803680981595,1,6,1,0,0,0,1,1,1,1,0,0,1,medio_baixo
1,0.0,0,0.0,1,2,1,0,0,0,1,1,0,0,0,0,0,medio_alto
4,10000.0,1,1.0,1,1,1,0,0,0,0,0,0,0,0,0,0,medio_baixo
2,10000.0,0,0.0,1,2,1,0,0,0,0,0,1,1,0,0,0,medio_baixo
7,10000.0,521,0.8061420345489443,7,3,1,0,0,0,1,1,1,0,0,0,0,alto
2,10000.0,1,1.0,1,1,1,0,0,0,0,0,0,0,0,0,1,medio_baixo
2,0.0,0,0.0,0,0,1,0,0,0,0,0,0,0,0,0,0,gratuito
3,10000.0,40,0.925,1,2,1,0,0,0,0,1,0,1,0,0,0,gratuito
11,35000.0,149,0.8053691275167785,2,1,1,0,0,0,0,0,1,0,0,0,0,baixo
1,0.0,0,0.0,1,3,1,0,1,0,1,1,1,0,0,0,0,alto
6,10000.0,5,0.6,1,2,1,0,0,0,1,0,0,1,0,0,0,baixo
1,10000.0,0,0.0,1,2,1,0,0,0,1,1,0,0,0,0,0,baixo
2,10000.0,18,0.9444444444444444,28,2,1,1,0,1,1,0,0,1,0,0,0,medio_baixo
1,0.0,0,0.0,1,3,1,0,0,1,1,0,0,0,0,1,0,gratuito
5,35000.0,6,1.0,3,2,1,0,0,0,1,1,0,0,0,0,0,medio_baixo
1,10000.0,0,0.0,14,4,1,0,0,0,1,0,0,0,0,0,1,medio_baixo
3,750000.0,12826,0.6882114455013254,13,4,1,0,0,3,1,0,1,0,1,1,0,alto
9,10000.0,5,1.0,1,2,1,0,0,0,1,0,0,1,0,0,0,alto
12,10000.0,58,0.1896551724137931,1,2,1,0,0,0,1,1,0,0,0,0,0,medio_alto
7,10000.0,9,0.3333333333333333,2,4,1,0,0,0,1,1,1,0,0,0,0,baixo
1,0.0,0,0.0,2,7,1,0,0,0,0,1,1,0,1,0,1,gratuito
2,10000.0,36,0.9722222222222222,1,2,1,0,0,0,1,1,0,0,0,0,0,medio_alto
3,10000.0,166,0.8253012048192772,6,4,1,1,0,1,1,1,1,0,0,1,0,alto
2,10000.0,0,0.0,1,6,1,0,0,0,1,1,1,0,1,0,0,gratuito
8,10000.0,39,0.5128205128205128,1,4,1,0,0,0,1,0,0,1,0,1,1,baixo
10,35000.0,574,0.7421602787456446,4,3,1,0,0,0,1,1,0,1,0,0,0,alto
3,0.0,0,0.0,1,1,1,0,0,0,0,1,0,0,0,0,0,gratuito
5,75000.0,21,0.9047619047619048,1,2,1,0,0,0,0,0,0,0,0,1,1,alto
5,0.0,0,0.0,0,0,1,0,0,0,0,0,0,0,0,0,0,gratuito
2,75000.0,427,0.882903981264637,12,3,1,0,0,0,0,1,0,0,0,0,1,alto
1,0.0,0,0.0,1,3,1,0,0,0,1,0,0,1,0,0,0,gratuito
2,0.0,0,0.0,0,0,1,0,0,0,0,0,0,0,0,0,0,gratuito
1,10000.0,0,0.0,1,2,1,0,0,0,1,0,1,0,0,0,0,medio_alto
6,35000.0,139,0.8345323741007195,1,3,1,0,0,0,0,0,0,0,1,0,0,gratuito
3,0.0,0,0.0,13,1,1,1,1,3,1,0,0,0,0,0,0,gratuito
8,35000.0,166,0.7951807228915663,2,2,1,0,0,1,1,0,0,1,0,0,0,baixo
1,10000.0,0,0.0,2,3,1,0,0,0,1,0,0,1,0,0,1,alto
10,10000.0,4,0.75,2,3,1,0,0,0,1,1,0,0,0,0,1,medio_alto
2,35000.0,17,1.0,3,3,1,0,1,0,1,1,0,1,0,0,0,medio_baixo
3,10000.0,0,0.0,3,4,1,0,0,0,1,1,1,1,0,0,0,medio_alto
5,10000.0,512,0.9375,1,2,1,0,0,2,0,0,1,1,0,0,0,alto
5,10000.0,0,0.0,1,6,1,0,0,0,1,1,1,1,1,0,1,baixo
1,0.0,0,0.0,1,4,1,0,0,0,1,1,0,1,0,0,1,medio_alto
3,10000.0,0,0.0,4,3,1,0,0,0,1,0,1,0,1,0,0,medio_alto
6,10000.0,23,0.9565217391304348,1,1,1,0,0,0,1,0,0,0,0,0,0,medio_baixo
1,10000.0,0,0.0,2,4,1,0,0,0,1,1,1,0,1,0,0,medio_alto
2,10000.0,5,0.6,1,2,1,0,0,0,1,0,0,0,0,1,0,baixo
2,10000.0,0,0.0,1,2,1,0,0,0,1,0,0,1,0,0,0,baixo
2,10000.0,11,1.0,2,1,1,0,0,0,0,1,0,0,0,0,0,baixo
5,10000.0,2,1.0,3,2,1,0,0,0,1,0,0,1,0,0,0,medio_alto
6,10000.0,19,0.2631578947368421,7,3,1,0,0,0,1,1,1,0,0,0,0,baixo
4,10000.0,0,0.0,1,2,1,0,0,0,1,0,0,1,0,0,0,baixo
1,0.0,0,0.0,4,2,1,0,1,0,1,0,1,0,0,0,0,medio_baixo
10,10000.0,55,0.5272727272727272,2,4,1,0,1,0,1,1,0,1,0,1,0,baixo
1,10000.0,194,0.9072164948453608,11,3,1,0,1,1,1,1,0,1,0,0,0,medio_alto
1,0.0,0,0.0,1,3,1,0,0,0,1,0,0,0,0,1,1,alto
6,10000.0,6,0.5,1,4,1,0,0,0,1,1,0,0,0,0,0,medio_alto
11,10000.0,201,0.4975124378109453,4,1,1,0,0,0,0,0,0,1,0,0,0,medio_baixo
2,10000.0,17,1.0,15,5,1,0,0,0,1,1,0,1,0,0,0,medio_alto
3,0.0,0,0.0,2,4,1,0,1,0,0,0,0,0,0,0,0,gratuito
9,10000.0,11,0.8181818181818182,10,2,1,1,0,0,1,0,0,1,0,0,0,medio_alto
10,10000.0,43,0.27906976744186046,1,2,1,1,1,0,1,1,0,0,0,0,0,medio_baixo
6,10000.0,3,1.0,1,3,1,0,1,0,1,1,0,0,0,1,0,alto
1,0.0,0,0.0,0,0,1,0,0,0,0,0,0,0,0,0,0,gratuito
6,10000.0,3,0.6666666666666666,2,1,1,0,0,0,1,0,0,0,0,0,0,baixo
1,10000.0,1,1.0,5,2,1,0,0,0,1,0,1,0,0,0,0,medio_alto
6,10000.0,1,1.0,1,2,1,0,0,0,1,0,1,0,0,0,0,alto
1,10000.0,0,0.0,5,1,1,0,0,0,0,0,0,0,0,0,1,medio_alto
7,35000.0,464,0.8060344827586207,1,3,1,0,0,2,0,0,1,1,0,0,1,medio_baixo
4,10000.0,9,1.0,11,3,1,0,0,0,1,1,0,1,0,0,0,medio_baixo
6,35000.0,1052,0.9439163498098859,3,2,1,0,0,0,0,0,1,0,1,0,0,alto
5,0.0,0,0.0,0,0,1,0,0,0,0,0,0,0,0,0,0,gratuito
3,10000.0,38,0.5789473684210527,1,7,1,0,0,0,0,1,1,1,1,1,1,medio_baixo
4,0.0,0,0.0,1,2,1,0,0,0,1,1,0,0,0,0,0,gratuito
11,150000.0,390,0.2076923076923077,1,5,1,0,0,0,1,1,1,1,1,0,0,baixo
1,0.0,0,0.0,4,5,1,0,0,0,1,1,0,1,0,1,0,medio_baixo
7,10000.0,5,1.0,4,3,1,1,1,0,1,1,0,1,0,0,0,medio_baixo
5,10000.0,16,0.625,1,2,1,1,1,0,0,0,0,0,0,0,0,gratuito
3,75000.0,8,1.0,1,2,1,0,0,0,1,0,0,0,0,1,0,medio_alto
4,0.0,0,0.0,0,0,1,0,0,0,0,0,0,0,0,0,0,gratuito
1,10000.0,7,0.8571428571428571,1,2,1,0,1,1,1,0,1,0,0,0,0,medio_alto
2,10000.0,3,1.0,1,3,1,1,1,0,1,1,0,0,0,0,0,medio_baixo
1,10000.0,0,0.0,1,2,1,0,0,0,0,0,0,1,0,1,0,medio_baixo
1,0.0,0,0.0,2,1,1,0,0,0,0,0,0,1,0,0,0,medio_alto
5,35000.0,1,0.0,3,3,1,0,0,0,1,1,1,0,0,0,0,medio_baixo
8,75000.0,640,0.8796875,13,5,1,1,1,1,1,1,1,1,0,0,0,medio_baixo
8,35000.0,18,0.3888888888888889,1,4,1,0,0,0,1,1,0,1,0,0,1,baixo
6,10000.0,11,0.8181818181818182,1,1,1,0,0,0,0,0,0,1,0,0,0,baixo
5,350000.0,16277,0.985869631996068,8,1,1,0,0,0,0,0,1,0,0,0,0,medio_baixo
1,10000.0,12,0.0,14,4,1,0,0,0,1,0,0,1,0,0,1,medio_baixo
2,10000.0,273,0.7875457875457875,1,3,1,0,0,0,1,0,0,1,1,0,0,alto
6,10000.0,92,0.9239130434782609,3,1,1,0,0,0,0,0,1,0,0,0,0,medio_alto
15,350000.0,2867,0.5727241018486222,7,2,1,0,0,1,0,1,0,0,1,0,0,medio_baixo
12,35000.0,538,0.8903345724907064,1,5,1,0,0,0,1,1,0,0,0,0,1,medio_baixo
3,35000.0,1,1.0,1,2,1,1,1,0,1,0,0,1,0,0,0,medio_baixo
3,10000.0,37,0.8108108108108109,1,2,1,0,0,0,1,0,1,0,0,0,0,medio_alto
8,35000.0,211,0.7298578199052133,1,3,1,0,0,0,1,1,1,0,0,0,0,medio_baixo
4,0.0,0,0.0,1,3,1,0,0,0,0,1,0,1,0,0,0,gratuito
6,10000.0,8,0.625,2,3,1,0,0,0,1,0,1,1,0,0,0,alto
1,10000.0,0,0.0,1,1,0,1,0,0,0,0,0,0,0,0,0,baixo
2,10000.0,6,0.6666666666666666,22,5,1,0,0,2,1,1,1,1,1,0,0,medio_baixo
8,10000.0,13,0.9230769230769231,1,5,1,0,0,0,1,1,1,1,1,0,0,baixo
9,10000.0,59,0.9152542372881356,1,2,1,0,0,0,1,1,0,0,0,0,0,medio_alto
1,10000.0,9,1.0,1,3,1,0,0,0,1,1,1,0,0,0,0,medio_alto
5,0.0,0,0.0,1,2,1,0,0,0,1,0,0,1,0,0,0,gratuito
2,0.0,0,0.0,0,0,1,0,0,0,0,0,0,0,0,0,0,gratuito
1,10000.0,0,0.0,2,1,1,0,0,0,0,1,0,0,0,0,0,alto
1,0.0,0,0.0,1,4,1,0,0,0,1,0,0,1,0,1,0,medio_alto
1,10000.0,0,0.0,18,1,1,0,0,0,0,0,0,0,0,1,0,medio_baixo
1,10000.0,0,0.0,2,3,1,0,0,0,1,0,1,1,0,0,0,alto
5,35000.0,11,0.7272727272727273,2,4,1,0,0,0,1,1,0,1,0,1,0,baixo
1,0.0,0,0.0,4,2,1,0,0,0,0,0,1,1,0,0,0,alto
6,10000.0,8,0.25,2,3,1,0,0,0,1,0,1,0,0,0,1,medio_alto
1,0.0,0,0.0,1,1,1,0,0,0,0,0,0,0,0,0,0,gratuito
2,0.0,0,0.0,1,3,1,1,0,2,0,0,0,1,0,0,1,gratuito
9,10000.0,107,0.7476635514018691,2,4,1,0,0,0,1,0,1,1,0,0,1,gratuito
1,0.0,0,0.0,0,0,1,0,0,0,0,0,0,0,0,0,0,gratuito
3,75000.0,768,0.921875,11,2,1,0,0,0,1,0,1,0,0,0,0,alto
12,350000.0,928,0.7316810344827587,1,6,1,0,0,1,1,1,0,1,0,1,1,gratuito
3,10000.0,3,1.0,1,2,1,0,1,0,1,0,0,1,0,0,0,baixo
3,0.0,0,0.0,0,0,1,0,0,0,0,0,0,0,0,0,0,gratuito
2,10000.0,151,0.7814569536423841,14,3,1,0,0,1,1,1,0,0,0,1,0,medio_baixo
10,150000.0,449,0.9532293986636972,1,1,1,0,0,0,0,0,1,0,0,0,0,medio_alto
1,10000.0,19,0.8947368421052632,10,1,1,1,0,0,0,1,0,0,0,0,0,medio_baixo
1,10000.0,0,0.0,1,3,1,0,0,0,0,0,0,0,0,0,0,gratuito
10,10000.0,72,0.875,2,3,1,0,0,0,1,1,1,0,0,0,0,baixo
1,10000.0,3,0.6666666666666666,1,3,1,0,0,0,1,0,1,1,0,0,0,medio_alto
5,150000.0,3,0.3333333333333333,2,2,1,0,0,1,1,1,0,0,0,0,0,alto
6,75000.0,714,0.8613445378151261,9,2,1,0,1,1,1,0,0,0,0,1,0,medio_alto
5,35000.0,6,1.0,1,3,1,0,0,0,1,1,0,0,0,1,0,medio_baixo
2,0.0,0,0.0,2,2,1,0,0,0,1,0,1,0,0,0,0,gratuito
3,10000.0,2,1.0,2,1,1,0,0,1,1,0,0,0,0,0,0,medio_alto
1,10000.0,0,0.0,9,3,1,0,0,0,1,0,0,1,0,1,0,medio_alto
5,10000.0,0,0.0,1,2,1,0,0,0,1,0,0,1,0,0,0,medio_alto
2,10000.0,8,0.625,1,3,1,0,0,0,1,0,0,0,1,0,0,medio_alto
2,10000.0,30,0.9333333333333333,26,5,1,0,0,0,1,0,1,1,0,0,1,medio_baixo
9,350000.0,7155,0.8737945492662473,11,2,1,1,1,1,1,0,0,0,1,0,0,alto
10,75000.0,258,0.6744186046511628,4,5,1,1,0,1,1,1,1,0,1,0,1,medio_alto
5,75000.0,19,0.8947368421052632,1,1,1,0,0,0,0,0,0,1,0,0,0,baixo
3,10000.0,0,0.0,1,2,1,0,0,0,1,0,0,0,0,0,1,medio_alto
7,10000.0,4,0.75,1,4,1,0,0,0,1,1,0,0,0,1,0,medio_baixo
2,0.0,0,0.0,7,5,1,0,0,2,0,1,1,1,0,1,0,gratuito
9,10000.0,13,0.7692307692307693,4,3,1,0,1,0,1,1,1,0,0,0,0,medio_alto
9,10000.0,44,0.6363636363636364,1,2,1,0,0,0,1,0,1,0,0,0,0,baixo
1,10000.0,0,0.0,1,2,1,0,0,0,1,0,0,1,0,0,0,baixo
11,10000.0,44,0.7272727272727273,2,6,1,0,0,0,1,1,1,0,0,1,1,alto
2,10000.0,12,0.9166666666666666,1,3,1,0,0,1,1,1,1,0,0,0,0,alto
2,0.0,0,0.0,0,0,1,0,0,0,0,0,0,0,0,0,0,gratuito
1,10000.0,1,1.0,1,3,1,0,0,0,1,1,1,0,0,0,0,medio_alto
7,10000.0,8,0.625,1,3,1,1,1,0,1,0,1,0,1,0,0,alto
1,0.0,0,0.0,13,2,1,0,0,0,1,0,1,0,0,0,0,alto
1,0.0,0,0.0,1,3,1,1,1,0,1,0,0,1,0,0,0,gratuito
1,0.0,0,0.0,2,2,1,0,0,0,1,0,0,1,0,0,0,medio_alto
8,10000.0,9,0.7777777777777778,1,2,1,0,1,0,1,0,1,0,0,0,0,medio_alto
1,10000.0,0,0.0,1,1,1,0,0,0,0,0,0,0,1,0,0,alto
9,10000.0,65,0.7076923076923077,1,3,1,1,1,0,1,1,0,1,0,0,0,baixo
5,10000.0,1,1.0,1,2,1,0,0,0,0,0,1,1,0,0,0,medio_alto
3,10000.0,4,0.5,4,2,1,0,0,1,0,0,1,1,0,0,0,alto
5,75000.0,1,0.0,1,2,1,0,0,0,1,0,0,1,0,0,0,baixo
7,35000.0,4,0.75,9,1,1,0,0,0,1,0,0,0,0,0,0,baixo
3,10000.0,18,0.5555555555555556,11,4,1,0,0,0,1,1,0,0,1,0,0,medio_alto
5,10000.0,117,0.5470085470085471,1,1,1,0,0,0,1,0,0,0,0,0,0,medio_alto
2,0.0,0,0.0,0,0,1,0,0,0,0,0,0,0,0,0,0,gratuito
10,10000.0,7,0.14285714285714285,1,3,1,0,0,0,0,1,0,0,0,0,1,medio_alto
1,0.0,0,0.0,1,5,1,0,0,0,1,0,1,1,1,0,0,gratuito
8,350000.0,3581,0.9251605696732756,1,1,1,0,0,1,1,0,0,0,0,0,0,alto
3,150000.0,2,1.0,1,5,1,0,0,0,1,0,1,1,0,0,1,baixo
3,10000.0,13,0.7692307692307693,5,1,1,0,0,0,1,0,0,0,0,0,0,medio_baixo
3,10000.0,31,0.8709677419354839,3,2,1,0,0,0,1,0,0,0,0,0,1,medio_alto
1,0.0,0,0.0,0,0,1,0,0,0,0,0,0,0,0,0,0,gratuito
5,35000.0,47,0.8723404255319149,1,3,1,0,0,0,1,0,0,1,0,1,0,medio_alto
1,0.0,0,0.0,1,3,1,0,0,0,1,1,0,0,0,1,0,medio_alto
3,10000.0,46,0.6521739130434783,3,4,1,0,0,0,1,1,1,0,1,0,0,medio_alto
1,0.0,0,0.0,1,2,1,0,0,0,1,0,0,0,1,0,0,alto
10,35000.0,691,0.9131693198263386,9,3,1,1,1,1,1,0,1,1,0,0,0,medio_baixo
1,0.0,0,0.0,1,4,1,0,0,0,1,0,1,1,0,0,1,alto
8,10000.0,1,1.0,1,4,1,0,0,0,0,0,1,1,0,0,0,alto
1,10000.0,0,0.0,1,2,1,0,0,0,0,1,0,0,0,1,0,medio_baixo
6,10000.0,2,1.0,5,5,1,0,0,0,1,1,1,1,0,1,0,baixo
2,35000.0,33,0.9090909090909091,1,2,1,0,0,0,1,0,1,0,0,0,0,medio_baixo
4,10000.0,85,0.7764705882352941,1,3,1,0,0,0,1,0,0,0,0,0,1,alto
4,0.0,0,0.0,1,3,1,0,0,0,1,1,0,0,0,1,0,gratuito
6,10000.0,2,1.0,1,3,1,0,0,1,1,1,0,0,0,0,1,medio_alto
7,35000.0,155,0.864516129032258,1,2,1,0,0,0,1,0,1,0,0,0,0,alto
1,0.0,0,0.0,103,5,1,0,0,0,1,0,1,0,1,1,0,medio_alto
1,0.0,0,0.0,2,1,1,1,1,0,0,0,1,0,0,0,0,medio_alto
9,10000.0,3,0.3333333333333333,1,2,1,0,0,0,1,1,0,0,0,0,0,gratuito
1,0.0,0,0.0,1,3,1,0,0,0,0,1,1,0,0,1,0,medio_baixo
1,0.0,0,0.0,3,3,1,0,0,0,1,0,1,0,0,0,0,gratuito
1,0.0,0,0.0,0,0,1,0,0,0,0,0,0,0,0,0,0,gratuito
3,10000.0,4,1.0,1,2,1,0,1,0,1,1,0,0,0,0,0,baixo
1,0.0,0,0.0,1,5,1,0,1,0,1,1,1,1,1,0,0,medio_baixo
6,10000.0,45,0.9111111111111111,8,3,1,0,0,1,1,0,0,1,0,1,0,medio_baixo
11,150000.0,623,0.8089887640449438,7,3,1,0,1,0,1,1,0,0,1,0,0,medio_alto
3,350000.0,5460,0.7677655677655678,1,3,1,0,0,0,0,1,0,0,0,1,0,medio_alto
5,35000.0,6,0.6666666666666666,2,2,1,1,1,0,1,0,1,0,0,0,0,medio_baixo
5,10000.0,54,0.9629629629629629,2,3,1,0,0,0,1,1,0,1,0,0,0,baixo
11,35000.0,147,0.47619047619047616,6,4,1,0,0,0,1,1,0,1,1,0,0,baixo
4,10000.0,2,0.0,2,3,1,0,0,0,1,0,0,1,0,0,1,baixo
1,0.0,0,0.0,1,4,1,0,0,0,1,0,1,1,0,0,0,gratuito
3,10000.0,95,0.7263157894736842,11,3,1,1,0,1,1,1,1,0,0,0,0,medio_baixo
4,10000.0,24,0.75,1,4,1,0,0,0,1,0,0,1,0,1,1,medio_alto
1,0.0,0,0.0,1,3,1,0,0,0,0,1,1,0,1,0,0,medio_baixo
3,10000.0,41,0.8780487804878049,2,3,1,0,0,0,1,0,1,0,0,1,0,medio_baixo
1,0.0,0,0.0,1,4,1,0,0,0,1,1,1,1,0,0,0,medio_baixo
1,10000.0,8,1.0,1,4,1,0,0,0,0,1,1,0,0,0,1,medio_baixo
1,0.0,0,0.0,0,0,1,0,0,0,0,0,0,0,0,0,0,gratuito
2,10000.0,0,0.0,1,1,1,0,0,0,0,0,0,0,0,0,1,medio_baixo
17,350000.0,506,0.8794466403162056,1,2,1,0,0,0,0,0,0,0,0,1,1,medio_baixo
1,0.0,0,0.0,1,3,1,0,0,0,1,0,0,1,0,0,1,medio_baixo
13,750000.0,4406,0.8731275533363595,8,3,1,0,1,2,1,0,0,0,0,1,1,medio_alto
4,10000.0,5,0.6,11,4,1,0,0,0,1,0,0,1,0,0,1,medio_alto
6,10000.0,3,1.0,1,2,1,0,0,0,1,0,1,0,0,0,0,medio_alto
2,10000.0,7,1.0,1,2,1,0,0,0,0,1,0,0,0,0,0,medio_baixo
3,35000.0,63,0.7936507936507936,6,2,1,1,1,2,1,0,1,0,0,0,0,medio_alto
1,10000.0,0,0.0,5,1,1,0,0,0,0,0,0,1,0,0,0,medio_alto
9,10000.0,17,0.5882352941176471,1,3,1,0,0,0,1,0,1,1,0,0,0,medio_baixo
6,35000.0,387,0.7364341085271318,1,4,1,0,0,1,1,1,1,0,1,0,0,medio_alto
4,10000.0,4,1.0,1,1,1,1,0,0,0,0,0,1,0,0,0,medio_alto
1,10000.0,0,0.0,1,3,1,0,0,0,1,1,1,0,0,0,0,medio_alto
4,10000.0,5,1.0,2,4,1,0,0,0,1,0,1,0,0,0,1,alto
1,0.0,0,0.0,1,2,1,0,0,0,1,0,0,1,0,0,0,medio_baixo
11,150000.0,358,0.8547486033519553,1,2,1,1,0,0,1,0,0,0,0,0,1,medio_baixo
1,10000.0,0,0.0,1,4,1,0,0,0,1,1,1,0,0,0,1,baixo
5,10000.0,35,0.9428571428571428,1,2,1,0,1,1,0,0,1,0,0,0,1,baixo
3,10000.0,6,0.6666666666666666,1,4,1,0,0,1,0,1,1,1,1,0,0,baixo
4,10000.0,8,0.25,2,3,1,0,0,0,1,0,0,0,1,0,1,medio_baixo
1,0.0,0,0.0,10,4,1,0,0,0,0,0,0,1,0,0,1,gratuito
4,10000.0,1,1.0,1,1,1,0,0,0,1,0,0,0,0,0,0,medio_baixo
6,10000.0,3,1.0,2,3,1,0,0,0,1,0,0,1,0,0,0,baixo
3,10000.0,48,0.7083333333333334,1,1,1,0,0,0,0,0,0,0,0,1,0,alto
4,10000.0,35,1.0,5,2,1,0,0,0,0,1,0,1,0,0,0,medio_alto
1,75000.0,1,1.0,1,3,1,0,0,0,0,1,1,0,0,0,0,alto
1,10000.0,0,0.0,1,3,1,0,0,0,1,0,0,1,0,0,0,baixo
8,10000.0,0,0.0,1,3,1,0,0,0,1,0,0,0,1,0,0,gratuito
1,10000.0,0,0.0,1,2,1,0,0,0,0,1,1,0,0,0,0,alto
10,10000.0,94,0.5957446808510638,1,1,1,0,0,0,0,0,0,0,1,0,0,medio_baixo
1,0.0,0,0.0,0,0,1,0,0,0,0,0,0,0,0,0,0,gratuito
1,10000.0,10,1.0,3,1,1,0,0,0,0,0,1,0,0,0,0,medio_baixo
1,0.0,0,0.0,1,2,1,0,0,0,0,0,1,0,0,0,0,alto
9,10000.0,50,0.76,1,1,1,0,0,0,0,0,1,0,0,0,0,gratuito
4,0.0,0,0.0,0,0,1,0,0,0,0,0,0,0,0,0,0,gratuito
9,10000.0,30,0.9333333333333333,1,4,1,0,0,0,1,1,0,0,0,1,0,alto
1,0.0,0,0.0,5,1,1,0,0,0,0,1,0,0,0,0,0,medio_alto
1,0.0,0,0.0,1,3,1,0,0,0,1,0,1,0,0,0,0,gratuito
2,10000.0,5,0.8,12,5,1,0,0,0,0,1,0,1,0,0,1,gratuito
4,10000.0,300,0.88,1,6,1,0,0,2,1,1,0,0,1,1,1,alto
5,10000.0,0,0.0,29,1,1,0,0,0,1,0,0,0,0,0,0,baixo
3,35000.0,531,0.7231638418079096,16,2,1,0,0,1,1,1,0,0,0,0,0,medio_alto
1,10000.0,0,0.0,1,2,1,0,0,0,1,0,0,1,0,0,0,baixo
8,10000.0,32,0.8125,1,2,1,0,0,0,1,1,0,0,0,0,0,medio_baixo
11,10000.0,121,0.7355371900826446,1,2,1,1,1,0,1,1,0,0,0,0,0,baixo
1,0.0,0,0.0,0,0,1,0,0,0,0,0,0,0,0,0,0,gratuito
2,35000.0,70,1.0,2,2,1,0,0,0,0,0,0,0,0,1,0,gratuito
1,10000.0,0,0.0,11,2,1,0,1,0,0,0,0,1,0,1,0,alto
2,0.0,0,0.0,2,2,1,1,0,0,0,0,0,0,0,1,0,gratuito
6,10000.0,9,1.0,1,3,1,0,0,0,1,1,1,0,0,0,0,medio_baixo
4,10000.0,2,0.0,1,5,1,0,0,0,1,1,0,0,1,0,0,medio_alto
4,10000.0,5,0.8,1,3,1,1,0,0,1,1,1,0,0,0,0,medio_baixo
11,10000.0,25,0.44,1,2,1,1,0,0,1,0,0,1,0,0,0,baixo
6,75000.0,22,0.7727272727272727,1,1,1,0,0,0,1,0,0,0,0,0,0,medio_baixo
4,10000.0,82,0.7195121951219512,6,3,1,0,0,1,1,0,1,1,0,0,0,baixo
6,35000.0,44,0.8863636363636364,5,1,1,1,1,0,0,0,0,0,0,1,0,alto
9,10000.0,28,0.8928571428571429,27,3,1,1,1,1,1,1,0,1,0,0,0,alto
4,0.0,0,0.0,0,0,1,0,0,0,0,0,0,0,0,0,0,gratuito
2,10000.0,0,0.0,2,3,1,1,1,0,1,0,0,1,0,0,0,gratuito
8,10000.0,4,0.75,1,3,1,0,0,0,1,1,0,1,0,0,0,baixo
10,150000.0,68,0.35294117647058826,1,2,1,0,0,0,1,0,1,0,0,0,0,baixo
1,10000.0,0,0.0,18,2,1,0,0,0,0,0,1,1,0,0,0,alto
1,10000.0,0,0.0,1,4,1,1,0,0,1,0,0,1,0,1,0,gratuito
8,10000.0,4,1.0,1,2,1,1,1,0,1,0,0,0,0,0,0,gratuito
4,35000.0,85,0.9529411764705882,12,2,1,0,0,0,1,0,0,1,0,0,0,baixo
2,10000.0,0,0.0,2,3,1,0,0,0,1,0,0,1,0,0,1,medio_alto
8,10000.0,5,1.0,1,4,1,0,0,0,1,1,0,0,0,0,1,medio_alto
1,0.0,0,0.0,1,6,1,0,0,0,1,1,0,1,0,0,1,medio_alto
5,10000.0,25,0.88,10,3,1,0,0,0,1,1,0,1,0,0,0,gratuito
3,0.0,0,0.0,2,3,1,0,0,1,1,0,1,1,0,0,0,baixo
3,35000.0,444,0.7657657657657657,10,3,1,0,1,0,1,1,1,0,0,0,0,medio_baixo
1,0.0,0,0.0,12,5,1,0,0,0,1,0,1,1,1,0,0,gratuito
10,10000.0,11,0.8181818181818182,1,4,1,1,1,0,1,1,1,1,0,0,0,baixo
3,10000.0,1,1.0,1,3,1,0,0,0,1,1,0,1,0,0,0,medio_alto
7,10000.0,3,0.6666666666666666,2,3,1,0,0,0,1,1,0,1,0,0,0,baixo
6,10000.0,19,0.7368421052631579,1,3,1,0,0,0,0,1,0,1,0,0,0,gratuito
1,10000.0,0,0.0,1,3,1,0,0,0,1,0,0,0,1,1,0,alto
2,10000.0,18,0.9444444444444444,2,3,1,0,0,0,1,0,0,1,0,1,0,medio_baixo
3,10000.0,1,1.0,2,2,1,0,0,0,1,0,0,1,0,0,0,baixo
1,0.0,0,0.0,1,3,1,0,0,0,1,1,1,0,0,0,0,alto
3,0.0,0,0.0,1,3,1,0,0,0,1,0,0,1,0,0,1,gratuito
1,10000.0,15,0.9333333333333333,1,2,1,0,1,0,1,0,1,0,0,0,0,medio_baixo
1,0.0,0,0.0,1,2,1,0,0,0,0,0,1,0,1,0,0,alto
1,0.0,0,0.0,0,0,1,0,0,0,0,0,0,0,0,0,0,gratuito
3,75000.0,5,0.4,1,4,1,0,0,0,1,1,1,1,0,0,0,baixo
2,10000.0,166,0.9457831325301205,2,4,1,0,0,2,1,0,1,1,1,0,0,medio_alto
4,10000.0,233,0.9828326180257511,1,1,1,1,1,0,0,1,0,0,0,0,0,medio_baixo
3,750000.0,2732,0.7349926793557833,17,7,1,1,1,0,1,0,0,1,1,1,1,gratuito
10,150000.0,535,0.6074766355140186,6,4,1,1,1,0,1,0,0,0,1,1,1,baixo
1,0.0,0,0.0,1,4,1,0,0,0,1,0,1,0,1,0,0,gratuito
9,75000.0,583,0.9382504288164666,8,2,1,1,1,1,1,0,1,0,0,0,0,medio_baixo
2,10000.0,287,0.8327526132404182,12,2,1,0,0,4,1,0,1,0,0,0,0,baixo
1,0.0,0,0.0,1,3,1,0,0,0,1,1,0,1,0,0,0,medio_alto
1,0.0,0,0.0,1,4,1,0,0,0,1,0,0,1,0,1,1,medio_baixo
1,0.0,0,0.0,1,1,1,0,0,0,0,0,1,0,0,0,0,medio_alto
1,0.0,0,0.0,4,3,1,0,0,0,1,0,0,1,0,1,0,medio_alto
1,10000.0,0,0.0,28,2,1,0,0,0,1,0,0,1,0,0,0,baixo
3,0.0,0,0.0,3,4,1,0,0,0,1,1,1,0,1,0,0,gratuito
2,10000.0,3,0.6666666666666666,2,4,1,0,0,2,0,0,1,0,1,1,1,alto
3,10000.0,0,0.0,1,7,1,0,0,0,0,1,1,1,1,1,1,baixo
1,0.0,0,0.0,6,1,1,0,0,0,0,0,0,1,0,0,0,medio_alto
7,10000.0,172,0.8081395348837209,1,3,1,0,0,0,1,0,0,1,0,0,0,gratuito
1,75000.0,2993,0.6318075509522219,21,1,1,0,0,0,0,0,0,0,0,0,1,alto
1,0.0,0,0.0,2,8,1,0,0,0,0,1,1,1,1,0,1,gratuito
1,0.0,0,0.0,2,4,1,0,0,0,1,1,1,0,1,0,0,alto
9,10000.0,26,0.7307692307692307,1,4,1,0,0,0,1,1,1,0,0,0,0,medio_alto
8,10000.0,2,1.0,1,2,1,1,1,0,1,0,0,1,0,0,0,baixo
2,10000.0,8,1.0,2,3,1,0,1,0,1,0,0,1,0,0,1,medio_baixo
6,35000.0,53,0.8113207547169812,2,4,1,0,0,0,1,0,0,1,0,0,1,gratuito
3,0.0,0,0.0,1,3,1,0,0,0,1,0,0,0,0,1,0,gratuito
4,10000.0,0,0.0,1,1,1,0,0,0,0,0,1,0,0,0,0,baixo
1,10000.0,1,0.0,1,4,1,0,0,0,1,1,1,0,0,1,0,baixo
7,10000.0,55,0.7090909090909091,1,4,1,0,0,0,1,0,0,1,0,0,1,baixo
5,10000.0,3,0.6666666666666666,9,5,1,0,0,0,1,0,0,1,0,1,1,alto
2,10000.0,1,0.0,1,6,1,0,0,0,1,1,1,1,0,1,0,medio_alto
1,0.0,0,0.0,2,3,1,0,0,1,1,1,0,0,0,0,0,gratuito
4,10000.0,25,0.72,1,3,1,0,0,0,1,0,1,1,0,0,0,baixo
8,10000.0,95,0.9263157894736842,13,2,1,1,1,1,1,0,0,1,0,0,0,baixo
1,0.0,0,0.0,1,2,1,0,0,0,1,0,0,0,1,0,0,medio_baixo
1,0.0,0,0.0,1,6,1,0,0,0,0,1,1,1,0,0,1,medio_baixo
5,350000.0,6021,0.9259259259259259,5,4,1,1,0,2,1,0,1,0,1,1,0,alto
2,10000.0,5,0.8,1,5,1,0,0,0,1,1,1,1,0,1,0,medio_baixo
1,0.0,0,0.0,1,1,1,0,0,0,1,0,0,0,0,0,0,alto
1,0.0,0,0.0,103,3,1,1,1,0,1,1,0,0,0,0,0,medio_baixo
1,0.0,0,0.0,1,2,1,0,0,0,1,0,0,1,0,0,0,medio_alto
4,10000.0,0,0.0,6,7,1,0,0,0,0,1,0,1,1,1,1,alto
1,0.0,0,0.0,1,7,1,0,1,1,1,1,1,1,0,1,1,baixo
1,0.0,0,0.0,2,4,1,0,0,0,0,0,0,1,0,0,1,gratuito
1,0.0,0,0.0,1,2,1,0,0,0,0,0,1,0,0,0,1,alto
1,0.0,0,0.0,2,5,1,0,0,0,1,1,0,1,0,1,0,gratuito
16,75000.0,252,0.9404761904761905,1,2,1,0,0,0,1,0,0,0,0,0,0,medio_baixo
6,10000.0,31,1.0,4,3,1,0,0,0,0,0,1,1,0,1,0,medio_baixo
5,0.0,0,0.0,0,0,1,0,0,0,0,0,0,0,0,0,0,gratuito
6,350000.0,1250,0.9216,2,4,1,0,0,0,0,1,0,0,1,1,1,baixo
2,0.0,0,0.0,0,0,1,0,0,0,0,0,0,0,0,0,0,gratuito
1,0.0,0,0.0,103,3,1,0,0,0,1,0,0,1,0,1,0,medio_baixo
9,35000.0,406,0.5172413793103449,7,3,1,1,0,0,0,0,0,1,0,1,1,medio_alto
5,10000.0,26,0.6923076923076923,2,3,1,0,0,0,0,0,0,0,1,1,0,gratuito
1,10000.0,0,0.0,11,3,1,0,0,0,1,1,0,0,0,1,0,medio_baixo
8,10000.0,3,0.6666666666666666,1,4,1,0,0,0,1,0,1,0,1,0,0,baixo
1,0.0,0,0.0,1,3,1,0,0,0,1,1,0,1,0,0,0,medio_baixo
6,10000.0,73,0.9178082191780822,1,4,1,0,0,0,1,1,0,0,1,0,0,gratuito
3,0.0,0,0.0,1,3,1,0,0,1,1,0,0,0,1,0,0,gratuito
7,75000.0,225,0.9111111111111111,3,1,1,0,0,0,0,0,0,0,0,1,0,medio_alto
4,35000.0,6,1.0,1,3,1,1,1,0,1,0,1,0,1,0,0,medio_baixo
1,10000.0,0,0.0,1,4,1,0,0,0,1,1,1,0,1,0,0,baixo
5,75000.0,19,0.8421052631578947,3,2,1,0,0,1,1,0,1,0,0,0,0,medio_alto
1,0.0,0,0.0,5,3,1,0,0,0,1,0,0,1,0,0,0,gratuito
3,0.0,0,0.0,0,0,1,0,0,0,0,0,0,0,0,0,0,gratuito
1,10000.0,1,1.0,1,6,1,0,0,0,1,1,1,1,1,1,0,medio_baixo
2,10000.0,6,0.8333333333333334,1,3,1,0,0,0,1,1,1,0,0,0,0,medio_baixo
2,10000.0,822,0.9574209245742092,1,4,1,0,0,1,1,1,1,0,1,0,0,alto
1,0.0,0,0.0,12,2,1,0,0,0,0,0,0,1,0,1,0,medio_alto
1,0.0,0,0.0,1,3,1,0,0,0,1,0,0,1,0,1,0,medio_baixo
6,10000.0,14,0.9285714285714286,1,1,1,0,0,0,0,1,0,0,0,0,0,gratuito
4,35000.0,229,0.6069868995633187,4,3,1,1,1,1,1,0,0,0,0,1,1,medio_baixo
5,10000.0,22,0.3181818181818182,5,5,1,0,0,1,1,1,1,1,0,1,0,medio_alto
2,0.0,0,0.0,0,0,1,0,0,0,0,0,0,0,0,0,0,gratuito
4,75000.0,3,0.6666666666666666,1,3,1,0,0,0,1,0,0,1,0,1,0,medio_baixo
17,10000.0,0,0.0,9,2,1,0,0,0,0,0,0,0,1,0,0,gratuito
5,1500000.0,18335,0.8314153258794655,1,4,1,1,0,4,0,0,1,0,1,0,0,gratuito
1,3500000.0,102529,0.9102790430024676,9,2,1,0,0,0,1,1,0,0,0,0,0,alto
10,10000.0,31,0.8387096774193549,1,3,1,1,1,0,1,1,1,0,0,0,0,medio_baixo
1,0.0,0,0.0,1,5,1,1,1,0,1,1,0,0,0,0,1,alto
2,10000.0,50,0.74,6,1,1,0,0,0,0,1,0,0,0,0,0,alto
1,0.0,0,0.0,1,3,1,0,0,0,1,1,0,1,0,0,0,medio_alto
4,10000.0,87,0.8045977011494253,2,5,1,0,0,0,0,1,1,1,1,1,0,medio_baixo
1,0.0,0,0.0,1,3,1,0,0,0,1,1,0,0,0,0,0,gratuito
1,0.0,0,0.0,3,3,1,0,0,0,1,1,1,0,0,0,0,medio_baixo
3,10000.0,1,0.0,2,1,1,0,0,0,0,0,1,0,0,0,0,alto
5,10000.0,8,0.75,4,3,1,0,0,0,1,1,0,1,0,0,0,medio_alto
3,10000.0,62,0.8870967741935484,1,1,1,1,1,0,0,1,0,0,0,0,0,medio_alto
2,10000.0,1,0.0,1,2,1,0,0,0,1,0,1,0,0,0,0,medio_baixo
3,35000.0,24,0.9583333333333334,1,3,1,0,0,0,1,1,1,0,0,0,0,medio_alto
3,0.0,0,0.0,1,6,1,0,0,0,1,1,1,1,1,0,0,gratuito
5,10000.0,4,1.0,15,3,1,1,1,0,1,0,0,1,0,1,0,medio_alto
5,10000.0,267,0.6329588014981273,7,3,1,0,0,2,1,0,1,1,0,0,0,baixo
3,10000.0,50,0.94,1,2,1,1,0,0,1,0,0,1,0,0,0,alto
5,10000.0,60,0.8,1,4,1,0,0,0,1,0,1,0,0,0,1,baixo
8,10000.0,3,0.3333333333333333,1,3,1,0,0,0,1,0,0,0,0,0,1,baixo
1,0.0,0,0.0,1,2,1,1,0,0,0,0,0,0,0,1,1,medio_alto
1,0.0,0,0.0,1,3,1,0,0,0,1,1,0,0,0,0,0,medio_baixo
7,75000.0,514,0.5428015564202334,5,5,1,0,0,0,1,1,1,0,1,0,0,medio_alto
1,35000.0,784,0.9795918367346939,18,3,1,0,0,0,1,0,0,1,0,1,0,alto
1,0.0,0,0.0,0,0,1,0,0,0,0,0,0,0,0,0,0,gratuito
1,0.0,0,0.0,0,0,1,0,0,0,0,0,0,0,0,0,0,gratuito
1,0.0,0,0.0,1,3,1,1,1,0,1,0,0,1,0,0,0,alto
1,0.0,0,0.0,1,4,1,0,0,0,1,0,1,0,0,0,1,medio_baixo
1,0.0,0,0.0,0,0,1,0,0,0,0,0,0,0,0,0,0,gratuito
2,75000.0,1430,0.9468531468531468,1,4,1,0,0,0,1,0,0,1,0,1,1,medio_alto
1,10000.0,10,1.0,7,2,1,0,1,1,0,1,0,1,0,0,0,medio_alto
5,10000.0,19,0.9473684210526315,1,4,1,0,0,0,1,0,0,1,0,1,1,baixo
3,10000.0,1,1.0,2,1,1,0,0,0,0,0,0,1,0,0,0,medio_alto
1,0.0,0,0.0,10,1,1,0,0,0,1,0,0,0,0,0,0,medio_alto
5,10000.0,153,0.7254901960784313,3,4,1,0,0,0,1,1,0,0,0,0,0,gratuito
1,0.0,0,0.0,1,2,1,0,0,0,0,0,0,1,1,0,0,baixo
3,0.0,0,0.0,3,4,1,1,1,0,1,0,0,1,0,0,0,gratuito
4,10000.0,32,1.0,103,3,1,0,0,0,1,1,0,1,0,0,0,baixo
0,0.0,0,0.0,1,2,1,0,0,0,0,1,0,0,0,0,0,alto
3,10000.0,0,0.0,8,4,1,1,1,0,1,0,1,1,0,0,0,baixo
1,10000.0,0,0.0,1,2,1,0,0,0,1,0,0,0,1,0,0,alto
10,3500000.0,723,0.9156293222683264,103,3,1,0,0,2,1,0,0,1,0,0,0,gratuito
17,10000.0,47,0.5106382978723404,5,2,1,0,0,0,0,1,0,1,0,0,0,medio_baixo
1,10000.0,0,0.0,24,1,1,0,0,0,0,0,0,0,0,0,1,alto
0,0.0,0,0.0,1,5,1,0,0,0,1,1,1,1,0,0,0,gratuito
7,10000.0,53,0.5471698113207547,3,1,1,0,0,1,0,0,0,0,0,0,1,alto
1,0.0,0,0.0,1,2,1,0,0,0,0,0,0,0,1,0,0,alto
2,0.0,0,0.0,103,2,1,0,0,0,1,0,0,1,0,0,0,baixo
6,10000.0,106,0.9150943396226415,3,2,1,0,0,1,1,1,0,0,0,0,0,medio_alto
2,10000.0,3,1.0,2,3,1,0,0,0,1,0,0,1,0,0,1,baixo
0,0.0,0,0.0,1,1,1,0,0,0,0,0,0,0,0,0,0,gratuito
5,10000.0,2,1.0,1,2,1,0,0,0,1,1,0,0,0,0,0,alto
8,10000.0,22,0.2727272727272727,2,2,1,0,0,0,1,1,0,0,0,0,0,medio_alto
13,350000.0,4601,0.883503586176918,7,1,1,0,0,0,0,1,0,0,0,0,0,medio_baixo
1,10000.0,0,0.0,7,4,1,0,0,0,0,1,0,0,1,1,0,alto
1,0.0,0,0.0,1,4,1,0,0,0,1,0,0,1,0,0,1,medio_alto
0,0.0,0,0.0,10,4,1,0,0,0,1,0,0,0,0,1,1,medio_baixo
6,10000.0,13,1.0,1,2,1,0,0,0,1,1,0,0,0,0,0,baixo
3,10000.0,136,0.9558823529411765,2,2,1,0,0,0,1,0,0,0,0,0,1,medio_baixo
9,350000.0,1889,0.946003176283748,1,3,1,1,0,0,1,0,1,1,0,0,0,medio_baixo
7,35000.0,127,0.8582677165354331,6,3,1,0,0,5,1,1,0,0,1,0,0,baixo
3,10000.0,7,0.42857142857142855,5,3,1,0,0,0,0,0,0,0,1,0,1,alto
0,0.0,0,0.0,1,5,1,0,0,0,1,0,1,1,0,1,0,medio_alto
5,75000.0,1250,0.7656,10,7,1,1,1,2,1,1,1,1,1,1,1,medio_baixo
6,35000.0,874,0.8352402745995423,1,4,1,1,1,3703,1,0,0,0,1,1,0,gratuito
0,0.0,0,0.0,1,4,1,0,0,0,0,1,0,0,0,0,1,alto
1,0.0,0,0.0,1,5,1,0,0,0,1,1,1,0,0,0,0,medio_baixo
1,0.0,0,0.0,1,5,1,0,0,0,1,1,1,1,0,0,0,gratuito
9,350000.0,1078,0.7207792207792207,1,4,1,0,1,1,1,1,1,0,0,0,1,baixo
8,35000.0,94,0.7872340425531915,2,4,1,0,0,0,1,0,1,1,0,0,0,gratuito
12,35000.0,141,0.3120567375886525,5,1,1,0,0,0,0,0,0,0,0,0,0,baixo
12,75000.0,837,0.8972520908004779,4,2,1,1,1,0,1,0,0,1,0,0,0,medio_baixo
2,0.0,0,0.0,0,0,1,0,0,0,0,0,0,0,0,0,0,gratuito
1,10000.0,51,0.9803921568627451,13,4,1,0,0,0,1,1,1,1,0,0,0,alto
8,10000.0,5,1.0,1,3,1,0,0,0,1,1,1,0,0,0,0,alto
1,10000.0,0,0.0,1,4,1,0,0,0,0,1,1,1,1,0,0,alto
1,0.0,0,0.0,1,1,1,0,0,0,0,1,0,0,0,0,0,medio_alto
4,0.0,0,0.0,0,0,1,0,0,0,0,0,0,0,0,0,0,gratuito
10,10000.0,17,0.23529411764705882,2,5,1,1,1,0,1,0,1,1,0,1,1,alto
1,0.0,0,0.0,1,3,1,0,0,0,1,1,0,0,1,0,0,alto
0,0.0,0,0.0,1,3,1,0,0,0,1,0,1,1,0,0,0,medio_alto
1,10000.0,0,0.0,1,8,1,0,0,0,1,1,1,1,0,1,0,gratuito
0,0.0,0,0.0,1,4,1,0,0,0,1,0,0,1,0,1,0,gratuito
1,10000.0,0,0.0,4,3,1,0,0,2,1,1,0,1,0,0,0,medio_baixo
7,10000.0,6,0.5,1,2,1,0,0,0,1,0,0,1,0,0,0,baixo
2,10000.0,1,1.0,1,2,1,0,0,0,1,1,0,0,0,0,0,medio_alto
2,10000.0,0,0.0,5,2,1,0,0,0,0,1,1,0,0,0,0,medio_baixo
2,10000.0,20,0.85,18,7,1,0,0,0,1,1,1,1,1,0,0,gratuito
8,35000.0,48,0.6666666666666666,1,4,1,0,0,1,1,1,0,0,0,0,0,gratuito
10,10000.0,18,1.0,1,1,1,0,0,0,0,0,0,0,1,0,0,medio_alto
2,10000.0,0,0.0,4,2,1,0,0,0,1,1,0,0,0,0,0,medio_baixo
1,0.0,0,0.0,1,4,1,1,1,0,1,1,0,1,0,0,0,gratuito
0,0.0,0,0.0,1,4,1,0,0,0,1,1,0,1,0,0,0,medio_baixo
3,10000.0,0,0.0,1,1,1,0,0,0,0,0,0,1,0,0,0,medio_alto
0,0.0,0,0.0,1,2,1,0,0,0,1,0,0,1,0,0,0,baixo
6,350000.0,11863,0.8899940993003456,4,5,1,1,1,2,1,1,1,0,0,1,1,alto
1,0.0,0,0.0,103,4,1,0,0,0,1,0,1,1,0,0,0,medio_alto
1,0.0,0,0.0,5,4,1,0,0,0,1,0,1,0,1,1,0,alto
3,350000.0,6384,0.9387531328320802,14,1,1,0,0,0,1,0,0,0,0,0,0,medio_baixo
6,10000.0,235,0.8042553191489362,10,2,1,0,0,0,0,0,0,1,0,0,0,alto
0,0.0,0,0.0,1,3,1,0,0,0,1,0,0,1,0,0,1,medio_alto
8,10000.0,13,0.5384615384615384,1,3,1,0,0,0,1,1,0,0,0,0,1,baixo
1,0.0,0,0.0,3,4,1,0,0,0,1,0,1,0,1,1,0,baixo
5,0.0,0,0.0,0,0,1,0,0,0,0,0,0,0,0,0,0,gratuito
0,0.0,0,0.0,12,1,1,1,0,0,0,0,0,0,0,1,0,baixo
1,0.0,0,0.0,1,2,1,0,1,0,1,0,0,1,0,0,0,medio_alto
3,0.0,0,0.0,29,2,1,0,0,4,1,0,0,1,0,0,0,gratuito
8,10000.0,19,0.47368421052631576,12,3,1,1,0,0,1,0,0,1,0,1,0,baixo
4,10000.0,2,0.5,1,2,1,0,0,0,1,1,0,0,0,0,0,medio_alto
2,35000.0,642,0.942367601246106,1,4,1,0,0,0,1,1,0,1,1,0,0,medio_alto
5,0.0,0,0.0,16,5,1,1,0,1,1,1,0,1,0,1,0,gratuito
0,0.0,0,0.0,103,3,1,0,1,0,1,0,0,1,0,1,0,baixo
0,0.0,0,0.0,1,3,1,0,0,0,1,1,0,1,0,0,0,baixo
0,0.0,0,0.0,1,3,1,0,0,0,1,1,1,0,0,0,0,medio_alto
1,0.0,0,0.0,1,2,1,0,0,0,0,0,0,0,1,1,0,alto
1,0.0,0,0.0,1,1,1,1,1,0,0,1,0,0,0,0,0,medio_alto
3,10000.0,0,0.0,3,1,1,0,0,0,0,1,0,0,0,0,0,medio_alto
1,0.0,0,0.0,1,3,1,0,0,0,0,1,0,1,0,0,0,gratuito
1,0.0,0,0.0,1,1,1,0,0,0,0,0,0,1,0,0,0,medio_alto
2,10000.0,1,0.0,1,3,1,0,0,0,1,1,0,0,0,0,0,medio_alto
3,10000.0,0,0.0,11,3,1,0,0,0,0,1,1,0,1,0,0,alto
1,0.0,0,0.0,2,3,1,1,0,3,1,0,0,1,0,0,0,medio_baixo
0,0.0,0,0.0,1,2,1,0,0,0,1,0,0,1,0,0,0,medio_baixo
0,0.0,0,0.0,1,4,1,0,0,0,1,1,0,1,1,0,0,medio_alto
8,35000.0,36,0.8333333333333334,1,3,1,1,0,0,1,1,1,0,0,0,0,gratuito
0,0.0,0,0.0,6,3,1,0,0,0,1,0,0,1,0,0,1,medio_baixo
0,0.0,0,0.0,1,2,1,0,0,0,0,0,0,1,0,1,0,medio_baixo
0,0.0,0,0.0,1,3,1,0,0,0,0,1,0,0,0,0,1,medio_baixo
0,0.0,0,0.0,2,2,1,0,0,0,1,0,0,1,0,0,0,alto
4,350000.0,5985,0.743859649122807,1,1,1,0,0,1,0,0,0,0,0,0,0,alto
1,0.0,0,0.0,2,2,1,0,0,0,1,1,0,0,0,0,0,alto
6,10000.0,224,0.9107142857142857,1,4,1,0,0,0,1,0,1,1,0,0,1,medio_baixo
0,0.0,0,0.0,2,4,1,0,0,0,1,0,1,1,1,0,0,medio_baixo
0,0.0,0,0.0,1,2,1,0,0,0,0,0,0,1,0,0,0,alto
1,0.0,0,0.0,0,0,1,0,0,0,0,0,0,0,0,0,0,gratuito
1,0.0,0,0.0,2,5,1,1,1,3,0,0,0,0,0,1,1,gratuito
8,10000.0,54,0.7777777777777778,4,2,1,1,0,0,0,0,0,1,0,1,0,alto
5,35000.0,15,0.9333333333333333,1,6,1,0,0,0,1,1,1,0,1,1,0,gratuito
3,10000.0,1,1.0,1,6,1,0,0,0,0,1,1,1,1,0,0,baixo
3,10000.0,0,0.0,1,2,1,0,0,0,0,1,1,0,0,0,0,medio_alto
1,0.0,0,0.0,2,4,1,0,0,0,1,0,1,1,0,0,1,alto
3,10000.0,0,0.0,3,1,1,0,1,0,0,0,0,0,0,0,1,medio_baixo
1,0.0,0,0.0,1,1,1,0,0,0,0,0,0,0,1,0,0,alto
0,0.0,0,0.0,12,3,1,1,1,0,1,0,1,1,0,0,0,alto
1,0.0,0,0.0,1,3,1,0,0,0,1,0,0,1,0,1,0,baixo
4,0.0,0,0.0,1,1,1,0,0,0,0,0,0,0,0,0,1,gratuito
1,0.0,0,0.0,1,2,1,0,0,0,0,0,0,1,1,0,0,alto
1,0.0,0,0.0,3,5,1,0,0,0,1,1,1,0,1,0,0,alto
2,10000.0,1,1.0,1,1,1,0,0,0,1,0,0,0,0,0,0,medio_alto
8,10000.0,13,0.8461538461538461,1,3,1,0,0,0,1,1,0,1,0,0,0,medio_baixo
5,10000.0,0,0.0,1,1,1,0,0,0,0,0,0,0,1,0,0,medio_alto
3,0.0,0,0.0,1,4,1,1,0,1,1,1,0,1,0,1,0,gratuito
1,0.0,0,0.0,1,2,1,0,0,0,0,0,0,1,0,0,1,medio_alto
13,350000.0,1755,0.9418803418803419,1,5,1,0,0,0,0,0,0,0,1,0,0,medio_baixo
0,0.0,0,0.0,2,3,1,0,0,0,1,0,0,1,0,1,0,baixo
0,0.0,0,0.0,2,3,1,0,0,0,1,0,0,0,0,0,0,alto
0,0.0,0,0.0,1,3,1,0,0,0,1,1,1,0,0,0,0,medio_alto
0,0.0,0,0.0,3,3,1,0,0,1,1,0,0,1,0,0,0,gratuito
0,0.0,0,0.0,3,3,1,0,0,0,0,1,1,0,1,0,0,medio_baixo
4,35000.0,252,0.8412698412698413,8,4,1,1,1,1,1,0,0,1,0,1,1,medio_alto
0,0.0,0,0.0,1,3,1,0,0,0,1,1,0,0,0,0,0,gratuito
0,0.0,0,0.0,1,4,1,0,0,0,1,1,0,1,0,0,0,medio_baixo
0,0.0,0,0.0,1,3,1,0,0,0,1,0,1,1,0,0,0,medio_alto
0,0.0,0,0.0,1,3,1,0,0,0,1,0,1,0,0,0,1,alto
0,10000.0,0,0.0,1,2,1,0,0,1,0,0,1,0,0,0,0,medio_alto
0,0.0,0,0.0,1,5,1,0,0,0,1,1,1,0,0,1,0,gratuito
0,0.0,0,0.0,2,2,1,0,0,0,1,0,1,0,0,0,0,medio_baixo
2,10000.0,205,0.9414634146341463,9,1,1,0,0,0,1,0,0,0,0,0,0,baixo
0,0.0,0,0.0,2,3,1,0,0,0,1,0,0,0,0,1,0,alto
1,150000.0,3621,0.8980944490472246,13,1,1,1,1,0,0,1,0,0,0,0,0,medio_alto
5,10000.0,67,0.8805970149253731,1,4,1,0,0,0,1,0,0,1,0,0,1,alto
9,10000.0,21,0.9047619047619048,1,4,1,0,0,0,1,1,1,0,1,0,0,alto
0,0.0,0,0.0,1,4,1,0,0,0,1,0,0,1,0,1,0,medio_alto
0,0.0,0,0.0,1,3,1,0,0,0,1,0,1,0,1,0,0,medio_alto
11,10000.0,14,0.8571428571428571,2,2,1,1,0,0,1,0,0,0,0,0,1,alto
0,0.0,0,0.0,103,2,1,0,0,0,1,0,0,1,0,0,0,baixo
0,0.0,0,0.0,1,3,1,0,0,0,1,1,1,0,0,0,0,medio_baixo
0,0.0,0,0.0,1,4,1,0,0,0,0,1,0,1,0,0,0,gratuito
0,0.0,0,0.0,1,2,1,0,0,0,1,0,0,1,0,0,0,medio_alto
0,0.0,0,0.0,1,2,1,0,0,0,1,1,0,0,0,0,0,medio_alto
0,0.0,0,0.0,13,3,1,1,1,0,1,0,0,1,0,1,0,baixo
0,0.0,0,0.0,1,2,1,0,0,0,1,0,0,1,0,0,0,medio_alto
0,0.0,0,0.0,1,1,1,0,0,0,0,0,1,0,0,0,0,alto
1,0.0,0,0.0,1,4,1,0,0,0,1,0,0,0,0,1,1,medio_baixo
0,0.0,0,0.0,1,2,1,0,0,0,1,1,0,0,0,0,0,medio_baixo
1,0.0,0,0.0,1,4,1,0,0,0,1,0,1,1,0,0,1,medio_alto
0,0.0,0,0.0,1,4,1,0,0,0,1,1,1,1,0,0,0,medio_alto
0,0.0,0,0.0,1,3,1,0,0,0,1,0,0,1,0,1,0,alto
2,35000.0,229,0.9082969432314411,1,1,1,1,1,0,0,0,1,0,0,0,0,medio_baixo
3,35000.0,150,0.8466666666666667,2,6,1,0,0,0,1,1,1,1,0,0,0,gratuito
0,0.0,0,0.0,103,1,1,0,0,0,0,1,0,0,0,0,0,alto
0,0.0,0,0.0,2,2,1,0,1,0,1,0,1,0,0,0,0,alto
1,0.0,0,0.0,1,4,1,0,0,2,1,0,1,0,0,1,0,gratuito
0,0.0,0,0.0,1,6,1,0,0,0,1,1,0,0,1,1,1,gratuito
0,0.0,0,0.0,9,2,1,0,0,0,1,0,0,0,0,0,1,alto
0,0.0,0,0.0,1,2,1,0,0,0,1,1,0,0,0,0,0,medio_alto
0,0.0,0,0.0,1,3,1,0,0,0,1,0,0,1,0,0,1,medio_alto
0,0.0,0,0.0,10,3,1,0,0,0,1,0,0,1,0,1,0,medio_alto
0,0.0,0,0.0,1,4,1,0,0,0,1,0,1,1,0,0,0,baixo
0,0.0,0,0.0,1,2,1,0,1,0,0,1,0,0,0,1,0,alto
0,0.0,0,0.0,1,4,1,0,0,0,1,0,0,1,0,1,1,medio_alto
0,0.0,0,0.0,103,4,1,0,0,0,1,0,0,1,0,0,1,baixo
0,0.0,0,0.0,2,2,1,0,0,0,1,0,0,1,0,0,0,medio_baixo
0,0.0,0,0.0,1,2,1,1,1,0,1,0,0,1,0,0,0,alto
0,0.0,0,0.0,2,3,1,0,0,0,1,0,1,1,0,0,0,medio_baixo
0,0.0,0,0.0,1,2,1,0,0,0,1,0,0,1,0,0,0,medio_baixo
0,0.0,0,0.0,1,2,1,0,0,0,1,0,0,1,0,0,0,alto
1,0.0,0,0.0,1,2,1,0,0,0,1,0,0,0,0,1,0,medio_alto
0,0.0,0,0.0,2,2,1,0,1,0,1,0,0,0,0,1,0,medio_alto
2,150000.0,3007,0.7146657798470236,11,2,1,0,0,0,1,0,1,0,0,0,0,alto
0,0.0,0,0.0,15,5,1,0,0,0,1,1,1,0,0,1,0,alto
0,0.0,0,0.0,1,2,1,0,0,0,1,0,0,0,1,0,0,medio_alto
0,0.0,0,0.0,1,3,1,0,0,0,1,0,0,1,0,0,0,baixo
0,0.0,0,0.0,1,2,1,0,0,0,0,0,0,1,0,1,0,medio_baixo
0,0.0,0,0.0,1,4,1,0,0,0,1,0,1,1,0,0,0,gratuito
0,0.0,0,0.0,2,2,1,0,0,0,0,1,1,0,0,0,0,medio_baixo
0,0.0,0,0.0,1,5,1,0,0,0,1,0,1,1,0,0,1,medio_alto
0,10000.0,0,0.0,1,3,1,0,0,0,1,1,0,0,0,0,0,gratuito
0,0.0,0,0.0,1,4,1,0,0,0,1,1,1,1,0,0,0,alto
0,0.0,0,0.0,1,3,1,0,0,0,1,0,0,1,0,0,1,medio_baixo
0,0.0,0,0.0,1,2,1,0,0,0,0,0,0,1,1,0,0,baixo
0,0.0,0,0.0,1,2,1,1,1,0,1,0,0,1,0,0,0,alto
0,0.0,0,0.0,2,7,1,0,0,0,0,1,1,0,1,0,1,gratuito
0,0.0,0,0.0,4,3,1,0,0,0,0,0,0,1,0,1,0,gratuito
0,0.0,0,0.0,1,4,1,0,0,0,0,1,1,1,0,0,0,alto
0,0.0,0,0.0,2,4,1,0,0,0,1,1,1,1,0,0,0,medio_baixo
0,0.0,0,0.0,2,3,1,0,0,0,1,1,0,0,0,0,0,gratuito
0,0.0,0,0.0,1,3,1,0,0,0,1,0,1,0,0,0,0,gratuito
0,0.0,0,0.0,1,4,1,0,0,0,1,0,0,1,0,1,0,gratuito
0,0.0,0,0.0,1,3,1,0,0,0,1,1,0,1,0,0,0,medio_baixo
0,0.0,0,0.0,3,4,1,0,1,0,1,0,1,1,1,0,0,medio_alto
0,0.0,0,0.0,1,2,1,0,0,1,1,0,0,1,0,0,0,baixo
0,0.0,0,0.0,7,4,1,0,0,0,0,0,1,0,0,0,1,alto
0,0.0,0,0.0,1,3,1,0,0,0,0,0,0,1,0,1,1,medio_alto
0,0.0,0,0.0,1,2,1,0,0,0,1,1,0,0,0,0,0,medio_alto
0,0.0,0,0.0,1,1,1,0,0,0,0,1,0,0,0,0,0,medio_baixo
0,0.0,0,0.0,1,3,1,0,1,0,1,0,1,0,0,0,0,gratuito
0,0.0,0,0.0,4,3,1,0,0,0,1,1,0,1,0,0,0,medio_baixo
0,0.0,0,0.0,2,2,1,1,0,0,1,0,1,0,0,0,0,medio_alto
0,10000.0,0,0.0,12,5,1,0,0,2,1,1,1,0,0,0,1,alto
0,0.0,0,0.0,2,2,1,1,0,0,1,0,0,1,0,0,0,medio_baixo
0,0.0,0,0.0,1,4,1,0,0,0,1,0,0,0,1,1,0,gratuito
0,0.0,0,0.0,1,4,1,0,0,0,1,1,1,0,0,0,0,gratuito
0,0.0,0,0.0,1,4,1,0,0,0,1,0,1,1,0,0,0,gratuito
0,0.0,0,0.0,8,2,1,1,0,1,0,0,1,1,0,0,0,alto
0,10000.0,0,0.0,1,4,1,1,1,0,1,0,0,1,0,1,0,baixo
0,0.0,0,0.0,5,4,1,0,0,0,1,0,1,1,0,0,1,medio_alto
0,0.0,0,0.0,1,4,1,1,0,0,1,0,0,1,1,1,0,medio_alto
0,0.0,0,0.0,9,3,1,0,0,0,1,0,1,0,0,0,1,baixo
0,0.0,0,0.0,1,3,1,0,0,0,1,0,1,0,1,0,0,medio_baixo
0,0.0,0,0.0,4,5,1,0,0,0,1,1,1,1,1,0,0,alto
0,0.0,0,0.0,103,2,1,0,0,0,1,0,0,1,0,0,0,medio_baixo
0,0.0,0,0.0,3,2,1,0,0,0,1,0,0,1,0,0,0,medio_alto
0,0.0,0,0.0,1,2,1,0,0,1,1,0,0,1,0,0,0,medio_alto
0,0.0,0,0.0,21,2,1,1,1,5,0,0,0,0,0,0,1,baixo
0,0.0,0,0.0,1,3,1,1,1,3,1,0,0,0,0,1,0,gratuito
0,10000.0,0,0.0,3,3,1,0,1,0,1,0,0,1,0,0,0,medio_alto
0,0.0,0,0.0,1,3,1,0,0,0,0,1,0,1,0,0,1,alto
0,0.0,0,0.0,10,2,1,0,0,0,0,0,0,1,0,0,1,alto
0,0.0,0,0.0,1,4,1,0,0,0,0,1,0,1,1,0,0,alto
0,0.0,0,0.0,1,3,1,0,0,0,1,0,0,1,0,0,1,baixo
0,0.0,0,0.0,1,2,1,0,0,0,1,1,0,0,0,0,0,baixo
0,0.0,0,0.0,1,4,1,0,0,0,1,0,1,1,0,1,0,alto
0,0.0,0,0.0,11,3,1,0,0,0,0,1,0,1,0,1,0,medio_baixo
0,0.0,0,0.0,8,2,1,0,1,0,0,1,0,1,0,0,0,medio_alto
0,0.0,0,0.0,30,2,1,0,0,0,1,0,0,1,0,0,0,baixo
0,0.0,0,0.0,11,6,1,0,1,0,1,1,1,1,0,1,1,medio_alto
0,10000.0,0,0.0,27,2,1,1,1,0,1,0,0,0,0,0,1,baixo
0,0.0,0,0.0,1,3,1,0,0,0,1,1,0,1,0,0,0,medio_alto
0,0.0,0,0.0,1,3,1,0,0,0,1,0,0,0,0,0,0,medio_alto
0,0.0,0,0.0,1,2,1,0,0,0,1,0,0,1,0,0,0,medio_alto
0,0.0,0,0.0,2,7,1,0,0,1,1,1,1,0,1,0,0,gratuito
0,0.0,0,0.0,1,4,1,0,0,0,1,0,0,0,1,0,1,gratuito
0,0.0,0,0.0,1,5,1,0,0,0,0,0,0,0,0,0,0,alto
0,0.0,0,0.0,1,4,1,0,0,2,1,1,0,1,0,0,0,medio_baixo
0,10000.0,0,0.0,8,4,1,0,0,1,1,1,1,0,1,0,0,alto
0,0.0,0,0.0,3,5,1,0,0,0,1,0,1,1,1,0,1,alto
0,0.0,0,0.0,1,5,1,0,0,0,1,1,1,0,0,1,0,medio_alto
0,0.0,0,0.0,27,6,1,0,0,0,1,1,1,1,0,0,1,medio_baixo
0,0.0,0,0.0,1,2,1,1,1,0,0,0,0,1,0,1,0,medio_alto
0,0.0,0,0.0,1,3,1,0,0,0,1,1,0,0,0,0,0,gratuito
0,0.0,0,0.0,27,2,1,1,1,0,1,0,0,0,0,0,1,baixo
0,0.0,0,0.0,1,4,1,1,1,1,1,0,1,1,1,0,0,alto
0,0.0,0,0.0,27,2,1,1,1,0,1,0,0,0,0,0,1,baixo
0,0.0,0,0.0,1,2,1,0,1,0,1,0,0,1,0,0,0,medio_alto
0,0.0,0,0.0,5,4,1,0,0,0,1,0,0,1,0,1,1,alto
0,0.0,0,0.0,1,3,1,0,0,0,1,1,1,0,0,0,0,medio_alto
0,0.0,0,0.0,1,4,1,0,0,0,1,0,0,0,1,1,0,baixo
0,10000.0,0,0.0,27,2,1,1,1,0,1,0,0,0,0,0,1,baixo
0,0.0,0,0.0,1,3,1,0,0,0,1,1,1,0,0,0,0,medio_alto
0,0.0,0,0.0,3,6,1,0,0,0,0,0,0,1,1,1,1,gratuito
0,0.0,0,0.0,1,4,1,0,0,0,1,1,1,0,0,0,0,medio_alto
0,0.0,0,0.0,2,2,1,0,0,0,1,1,0,0,0,0,0,alto
0,0.0,0,0.0,2,1,1,0,0,0,1,0,0,0,0,0,0,alto
0,0.0,0,0.0,2,2,1,0,0,0,0,1,0,0,1,0,0,baixo
0,0.0,0,0.0,1,6,1,0,0,0,0,1,1,1,1,0,0,gratuito
0,0.0,0,0.0,3,5,1,0,0,0,0,1,1,0,1,1,0,gratuito
0,0.0,0,0.0,2,3,1,0,0,0,1,1,0,0,1,0,0,baixo
0,0.0,0,0.0,10,4,1,0,0,0,1,0,1,1,0,0,0,medio_alto
0,0.0,0,0.0,103,2,1,0,0,0,0,0,1,0,0,0,1,alto
0,0.0,0,0.0,1,4,1,0,0,0,0,1,1,0,0,1,1,medio_alto
0,0.0,0,0.0,1,6,1,0,0,0,1,1,1,1,1,0,0,medio_alto
0,0.0,0,0.0,103,2,1,0,0,2,1,0,0,1,0,0,0,medio_baixo
0,0.0,0,0.0,1,6,1,0,0,0,1,1,0,1,1,1,0,medio_baixo
0,0.0,0,0.0,6,2,1,0,1,0,0,0,0,0,0,0,0,alto
0,0.0,0,0.0,6,2,1,0,0,0,0,0,1,0,0,0,1,medio_baixo
0,0.0,0,0.0,2,4,1,0,0,0,1,0,1,1,1,0,0,medio_alto
0,0.0,0,0.0,1,1,1,0,0,0,0,1,0,0,0,0,0,baixo
0,0.0,0,0.0,27,2,1,1,1,0,1,0,0,0,0,0,1,baixo
0,10000.0,0,0.0,27,2,1,1,1,0,1,0,0,0,0,0,1,baixo
0,0.0,0,0.0,1,4,1,0,0,0,0,1,0,1,0,0,1,medio_alto
0,0.0,0,0.0,5,1,1,0,0,0,0,1,0,0,0,0,0,medio_alto
0,0.0,0,0.0,1,3,1,0,0,0,1,0,1,0,1,0,0,medio_alto
0,0.0,0,0.0,1,5,1,0,0,0,1,1,1,1,0,0,0,alto
0,0.0,0,0.0,1,2,1,0,1,0,1,0,0,1,0,0,0,alto
0,0.0,0,0.0,1,4,1,0,0,0,1,1,0,0,0,0,1,gratuito
0,0.0,0,0.0,12,1,1,0,0,0,1,0,0,0,0,0,0,medio_baixo
0,0.0,0,0.0,103,2,1,0,0,0,1,0,0,1,0,0,0,medio_baixo
0,0.0,0,0.0,7,1,1,0,0,0,0,1,0,0,0,0,0,medio_baixo
0,0.0,0,0.0,2,3,1,0,0,0,1,1,0,1,0,0,0,medio_alto
0,0.0,0,0.0,4,1,1,0,0,0,0,0,0,1,0,0,0,medio_baixo
0,0.0,0,0.0,27,2,1,1,1,0,1,0,0,0,0,0,1,baixo
0,0.0,0,0.0,2,4,1,0,0,0,1,0,0,1,0,0,1,gratuito
0,0.0,0,0.0,1,4,1,0,0,0,0,0,1,0,0,1,0,gratuito
0,0.0,0,0.0,1,4,1,0,0,0,0,1,0,1,0,1,0,gratuito
0,0.0,0,0.0,5,1,1,0,0,0,0,1,0,0,0,0,0,medio_alto
0,0.0,0,0.0,10,2,1,0,0,0,0,0,0,1,1,0,0,medio_alto
0,0.0,0,0.0,1,4,1,0,0,0,1,1,0,0,0,1,1,medio_alto
0,0.0,0,0.0,1,4,1,0,0,0,1,1,1,0,0,0,1,medio_baixo
0,0.0,0,0.0,1,3,1,0,0,0,1,0,0,0,1,0,0,gratuito
0,0.0,0,0.0,1,5,1,0,0,0,1,1,1,0,0,1,0,alto
0,0.0,0,0.0,1,4,1,0,0,0,1,1,0,0,0,1,0,gratuito
0,10000.0,0,0.0,1,3,1,0,1,0,1,0,1,1,0,0,0,medio_baixo
0,0.0,0,0.0,2,2,1,0,0,0,1,0,1,0,0,0,0,alto
0,0.0,0,0.0,26,4,1,0,0,0,1,0,1,1,1,0,0,medio_alto
0,0.0,0,0.0,1,3,1,0,0,0,1,1,0,1,0,0,0,medio_baixo
0,10000.0,0,0.0,27,2,1,1,1,0,1,0,0,0,0,0,1,baixo
0,0.0,0,0.0,1,1,1,1,1,1,0,0,1,0,0,0,0,alto
0,0.0,0,0.0,1,3,1,0,0,0,1,1,1,0,0,0,0,alto
0,0.0,0,0.0,27,2,1,1,1,0,1,0,0,0,0,0,1,baixo
0,10000.0,0,0.0,2,2,1,0,0,0,0,0,1,0,0,0,1,alto
0,0.0,0,0.0,103,2,1,0,0,0,1,0,0,1,0,0,0,baixo
0,0.0,0,0.0,5,2,1,0,1,0,0,1,0,0,1,0,0,medio_alto
0,0.0,0,0.0,2,1,1,1,0,0,0,0,0,0,1,0,0,alto
0,0.0,0,0.0,5,1,1,0,0,0,0,1,0,0,0,0,0,medio_alto
0,0.0,0,0.0,8,3,1,0,0,0,0,0,0,1,1,0,1,alto
0,0.0,0,0.0,3,4,1,0,0,0,1,1,0,1,0,1,0,medio_alto
0,0.0,0,0.0,1,5,1,0,0,0,1,1,1,1,0,1,0,medio_alto
0,0.0,0,0.0,1,5,1,0,0,0,1,0,1,1,0,0,0,gratuito
0,0.0,0,0.0,9,4,1,0,0,0,1,1,0,1,0,0,0,medio_alto
0,0.0,0,0.0,1,4,1,0,0,0,1,1,1,1,0,0,0,medio_alto
0,0.0,0,0.0,9,4,1,0,0,0,1,0,0,1,1,0,1,baixo
0,0.0,0,0.0,1,3,1,1,1,0,0,1,1,0,0,0,0,medio_alto
0,0.0,0,0.0,2,3,1,0,0,0,1,1,0,1,0,0,0,medio_alto
0,0.0,0,0.0,1,1,1,0,0,0,0,0,0,1,0,0,0,baixo
0,0.0,0,0.0,1,2,1,0,0,0,1,0,0,1,0,0,0,medio_alto
0,0.0,0,0.0,13,4,1,0,0,0,1,0,0,1,0,0,1,medio_baixo
0,0.0,0,0.0,9,2,1,0,0,0,1,0,0,1,0,0,0,medio_baixo
0,0.0,0,0.0,2,3,1,1,1,0,1,0,0,0,0,0,1,gratuito
0,0.0,0,0.0,3,4,1,0,0,0,1,0,0,1,0,1,1,medio_alto
0,0.0,0,0.0,11,4,1,0,0,0,1,0,0,1,0,1,0,alto
0,0.0,0,0.0,3,4,1,0,0,0,1,1,0,0,1,0,0,medio_alto
0,0.0,0,0.0,2,7,1,0,0,0,1,1,0,0,1,1,0,gratuito
0,0.0,0,0.0,2,7,1,0,0,0,1,1,1,1,0,1,1,medio_alto
0,0.0,0,0.0,1,3,1,0,0,0,1,1,0,0,0,0,0,alto
0,0.0,0,0.0,1,4,1,0,1,0,1,0,0,1,0,1,1,medio_baixo
0,0.0,0,0.0,1,4,1,0,1,0,1,0,0,1,0,0,1,alto
0,0.0,0,0.0,4,3,1,0,1,0,1,1,0,1,0,0,0,medio_alto
0,0.0,0,0.0,2,4,1,0,0,0,1,0,1,1,1,0,0,medio_alto
0,0.0,0,0.0,1,3,1,0,0,0,1,0,0,0,0,1,1,medio_alto
0,0.0,0,0.0,1,2,1,1,0,0,1,0,0,0,0,1,0,medio_alto
0,0.0,0,0.0,1,2,1,0,0,0,0,1,1,0,0,0,0,medio_baixo
0,0.0,0,0.0,2,4,1,0,0,0,1,1,1,0,1,0,0,alto
0,0.0,0,0.0,4,5,1,0,0,0,1,0,1,1,0,0,1,gratuito
0,0.0,0,0.0,1,3,1,0,0,0,1,1,1,0,0,0,0,medio_baixo
0,0.0,0,0.0,1,3,1,1,1,0,1,0,0,0,1,0,0,medio_alto
0,0.0,0,0.0,2,2,1,0,1,0,0,0,0,0,0,0,0,gratuito
0,0.0,0,0.0,103,3,1,0,0,1,1,0,0,1,0,0,0,gratuito
0,0.0,0,0.0,1,4,1,1,1,0,1,1,0,0,0,0,0,gratuito
0,0.0,0,0.0,12,2,1,0,0,0,0,0,0,1,0,0,1,alto
0,0.0,0,0.0,2,3,1,0,0,0,1,0,0,0,1,1,0,alto
0,0.0,0,0.0,1,2,1,0,0,1,0,1,1,0,0,0,0,medio_alto
0,0.0,0,0.0,1,2,1,0,1,0,1,0,0,0,0,0,1,alto
0,0.0,0,0.0,8,2,1,0,0,0,1,0,0,0,0,1,0,medio_alto
0,0.0,0,0.0,1,2,1,0,0,0,0,1,0,0,0,0,0,alto
0,0.0,0,0.0,27,2,1,1,1,0,1,0,0,0,0,0,1,baixo
0,0.0,0,0.0,1,7,1,0,0,0,1,0,0,1,0,0,0,medio_alto
0,0.0,0,0.0,2,1,1,0,0,0,0,1,0,0,0,0,0,medio_alto
0,0.0,0,0.0,1,4,1,0,0,0,1,0,0,1,0,0,1,gratuito
0,0.0,0,0.0,1,3,1,0,0,0,1,0,1,0,0,1,0,medio_alto
0,0.0,0,0.0,1,5,1,0,0,0,1,1,1,0,0,0,0,gratuito
0,0.0,0,0.0,27,2,1,1,1,0,1,0,0,0,0,0,1,baixo
0,10000.0,0,0.0,8,4,1,0,0,0,1,1,1,0,0,0,0,medio_alto
0,0.0,0,0.0,2,2,1,0,1,1,1,1,0,0,0,0,0,medio_alto
0,0.0,0,0.0,1,2,1,0,0,0,0,1,1,0,0,0,0,alto
0,10000.0,0,0.0,1,5,1,0,0,0,1,1,0,0,1,0,0,alto
0,0.0,0,0.0,1,4,1,0,0,0,1,0,0,1,0,1,0,gratuito
0,10000.0,0,0.0,2,3,1,0,0,0,1,0,0,1,0,0,1,medio_alto
0,10000.0,0,0.0,1,2,1,1,0,0,1,1,0,0,0,0,0,alto
0,0.0,0,0.0,1,3,1,1,0,0,1,0,0,1,0,0,0,gratuito
0,0.0,0,0.0,1,2,1,0,0,0,1,0,0,0,0,0,1,alto
0,0.0,0,0.0,11,3,1,0,0,0,1,1,1,0,0,0,0,medio_alto
0,0.0,0,0.0,2,3,1,0,0,0,1,0,1,1,0,0,0,alto
0,0.0,0,0.0,1,2,1,0,0,0,1,0,0,1,0,0,0,baixo
0,0.0,0,0.0,2,2,1,1,0,0,1,0,0,1,0,0,0,medio_alto
0,0.0,0,0.0,11,3,1,1,1,1,1,0,1,0,1,0,0,alto
0,0.0,0,0.0,1,4,1,0,0,0,1,1,0,1,0,0,0,gratuito
0,0.0,0,0.0,8,5,1,0,0,0,1,1,1,1,0,0,1,medio_baixo
0,0.0,0,0.0,1,1,1,0,0,0,0,0,1,0,0,0,0,alto
0,0.0,0,0.0,21,2,1,0,0,0,1,0,0,0,0,0,1,medio_baixo
0,0.0,0,0.0,1,2,1,0,0,0,1,0,0,0,0,0,0,gratuito
0,0.0,0,0.0,2,2,1,0,0,1,1,0,1,0,0,0,0,alto
0,0.0,0,0.0,1,3,1,0,0,0,1,1,0,0,0,1,0,medio_alto
0,0.0,0,0.0,1,1,1,0,0,0,0,0,0,0,1,0,0,alto
0,0.0,0,0.0,1,3,1,0,0,0,0,1,0,0,0,1,1,medio_alto
0,0.0,0,0.0,6,3,1,0,0,0,1,0,0,0,0,1,1,alto
0,0.0,0,0.0,3,4,1,0,0,0,0,0,1,1,1,0,1,alto
0,0.0,0,0.0,1,6,1,0,0,0,1,1,1,1,1,1,0,medio_alto
0,0.0,0,0.0,1,2,1,0,0,0,1,0,0,1,0,0,0,medio_alto
0,0.0,0,0.0,30,2,1,0,0,0,1,0,1,0,0,0,0,medio_alto
0,0.0,0,0.0,1,3,1,0,0,0,1,1,1,0,0,0,0,medio_alto
0,0.0,0,0.0,4,3,1,0,0,0,1,1,0,0,1,0,0,alto
0,10000.0,0,0.0,1,4,1,0,0,0,1,1,0,0,0,0,1,alto
0,0.0,0,0.0,103,1,1,0,0,0,0,0,0,1,0,0,0,baixo
0,0.0,0,0.0,1,2,1,1,0,0,1,0,1,0,0,0,0,medio_baixo
0,0.0,0,0.0,16,4,1,1,1,0,0,0,1,1,1,0,1,alto
0,0.0,0,0.0,3,4,1,0,0,0,1,1,1,0,0,1,0,medio_baixo
0,0.0,0,0.0,2,1,1,1,1,0,0,0,1,0,0,0,0,alto
0,0.0,0,0.0,1,2,1,1,0,0,0,1,0,0,1,0,0,alto
0,0.0,0,0.0,2,5,1,0,0,0,0,0,1,1,1,1,1,medio_baixo
0,0.0,0,0.0,1,1,1,0,0,0,0,0,1,0,0,0,0,medio_baixo
0,10000.0,0,0.0,1,1,1,0,0,0,1,0,0,0,0,0,0,baixo
0,0.0,0,0.0,1,4,1,0,0,0,1,0,0,1,0,1,0,medio_alto
0,0.0,0,0.0,1,2,1,1,1,0,1,0,0,1,0,0,0,medio_baixo
0,0.0,0,0.0,1,3,1,0,0,0,1,0,1,1,0,0,0,medio_alto
0,0.0,0,0.0,1,3,1,0,0,0,1,0,1,0,1,0,0,medio_alto
0,10000.0,0,0.0,1,3,1,0,0,0,1,0,1,1,0,0,0,medio_baixo
0,0.0,0,0.0,10,3,1,0,0,0,1,1,0,1,0,0,0,medio_baixo
0,0.0,0,0.0,8,5,1,0,0,0,1,1,0,1,0,0,0,baixo
0,0.0,0,0.0,1,4,1,0,0,1,1,0,0,0,1,1,0,alto
0,0.0,0,0.0,1,3,1,0,1,0,1,0,1,1,0,0,0,medio_alto
0,0.0,0,0.0,2,4,1,0,0,0,0,0,1,0,1,1,1,alto
0,0.0,0,0.0,7,2,1,0,0,0,1,0,0,0,0,0,1,alto
0,0.0,0,0.0,4,3,1,0,0,0,1,1,1,0,0,0,0,medio_alto
0,0.0,0,0.0,1,3,1,0,0,0,0,0,0,1,0,1,0,gratuito
0,0.0,0,0.0,30,3,1,0,0,0,1,0,0,1,0,1,0,baixo
0,0.0,0,0.0,1,3,1,0,0,0,1,0,0,1,0,1,0,baixo
0,0.0,0,0.0,103,9,1,1,1,0,1,1,1,1,1,1,1,alto
0,0.0,0,0.0,14,3,1,0,0,1,1,0,0,1,0,0,1,medio_baixo
0,0.0,0,0.0,1,4,1,0,0,0,1,1,0,0,0,1,0,alto
0,0.0,0,0.0,1,3,1,1,1,0,1,0,1,0,1,0,0,medio_alto
0,0.0,0,0.0,2,2,1,0,0,0,1,0,0,0,0,0,1,baixo
0,0.0,0,0.0,1,4,1,0,0,0,1,1,1,0,0,1,0,medio_alto
0,0.0,0,0.0,1,1,1,0,0,0,1,0,0,0,0,0,0,alto
0,0.0,0,0.0,1,3,1,1,0,0,1,0,0,1,0,1,0,medio_baixo
0,0.0,0,0.0,1,4,1,0,0,0,1,0,1,0,1,0,0,gratuito
0,0.0,0,0.0,10,2,1,0,0,0,0,1,0,0,0,0,0,medio_baixo
0,0.0,0,0.0,21,4,1,1,0,1,0,1,0,1,0,0,0,alto
0,0.0,0,0.0,15,3,1,0,0,0,1,0,0,1,0,1,0,alto
0,0.0,0,0.0,1,3,1,0,0,0,1,0,1,1,0,0,0,medio_alto
0,0.0,0,0.0,1,4,1,0,0,0,1,1,0,0,0,1,1,medio_alto
0,0.0,0,0.0,1,2,1,0,0,0,1,1,0,0,0,0,0,baixo
0,10000.0,0,0.0,14,4,1,0,0,0,1,1,1,0,0,0,0,medio_alto
0,0.0,0,0.0,0,0,1,0,0,0,0,0,0,0,0,0,0,gratuito
0,0.0,0,0.0,3,2,1,1,0,0,1,0,0,1,0,0,0,medio_alto
0,10000.0,0,0.0,1,2,1,0,0,0,1,1,0,0,0,0,0,medio_baixo
0,0.0,0,0.0,33,2,1,0,0,0,0,0,0,0,0,0,1,alto
0,0.0,0,0.0,1,4,1,0,0,0,1,0,0,1,0,1,0,alto
0,0.0,0,0.0,12,3,1,0,0,0,1,0,0,1,0,1,0,alto
0,0.0,0,0.0,5,1,1,0,0,0,0,0,1,0,0,0,0,medio_alto
0,0.0,0,0.0,1,2,1,0,0,0,1,0,1,0,0,0,0,medio_alto
0,0.0,0,0.0,1,2,1,0,0,0,0,0,1,0,0,0,1,medio_baixo
0,0.0,0,0.0,23,6,1,1,1,0,1,1,0,0,1,0,1,gratuito
0,0.0,0,0.0,7,6,1,0,0,0,1,1,1,1,1,0,0,alto
0,0.0,0,0.0,1,7,1,0,0,0,1,1,1,1,1,0,1,medio_baixo
0,0.0,0,0.0,2,2,1,0,0,0,1,0,0,0,0,0,1,alto
0,0.0,0,0.0,3,3,1,0,0,0,1,0,1,0,1,0,0,alto
0,0.0,0,0.0,8,2,1,0,0,0,1,0,0,1,0,0,0,medio_alto
0,0.0,0,0.0,3,2,1,0,0,0,1,0,1,0,0,0,0,medio_baixo
0,0.0,0,0.0,6,1,1,0,0,5,0,0,0,1,0,0,0,alto
0,0.0,0,0.0,1,4,1,0,0,0,1,0,0,0,0,0,1,alto
0,0.0,0,0.0,2,4,1,0,0,0,1,0,0,1,0,0,1,medio_alto
0,10000.0,0,0.0,1,3,1,0,0,0,1,0,0,0,1,0,1,alto
0,0.0,0,0.0,1,2,1,0,1,0,1,1,0,0,0,0,0,alto
0,0.0,0,0.0,1,1,1,0,1,0,0,0,0,1,0,0,0,medio_alto
0,10000.0,0,0.0,2,4,1,0,0,2,1,0,1,0,1,0,1,alto
0,0.0,0,0.0,1,4,1,0,0,0,1,1,0,1,0,1,0,medio_alto
0,0.0,0,0.0,3,2,1,0,0,0,1,0,0,1,0,0,0,alto
0,0.0,0,0.0,1,3,1,0,0,0,1,0,1,0,0,0,1,medio_baixo
0,0.0,0,0.0,2,5,1,0,0,0,1,1,1,1,0,0,1,alto
0,0.0,0,0.0,1,3,1,0,0,0,1,0,0,1,0,0,0,medio_baixo
0,0.0,0,0.0,12,3,1,0,0,0,1,1,0,0,1,0,0,medio_baixo
0,0.0,0,0.0,6,3,1,0,0,0,1,0,0,1,0,1,0,medio_baixo
0,0.0,0,0.0,1,1,1,0,0,0,0,1,0,0,0,0,0,medio_alto
0,0.0,0,0.0,1,2,1,0,0,0,1,0,0,1,0,0,0,medio_alto
0,0.0,0,0.0,19,3,1,0,0,0,1,1,0,1,0,0,0,baixo
0,0.0,0,0.0,2,3,1,0,0,0,1,1,0,1,0,0,0,medio_alto
0,0.0,0,0.0,2,3,1,1,0,0,1,0,0,1,0,0,0,alto
0,0.0,0,0.0,1,3,1,0,0,0,1,1,0,1,0,0,0,medio_alto
0,0.0,0,0.0,1,4,1,0,0,0,1,1,1,0,0,0,0,gratuito
0,0.0,0,0.0,4,2,1,0,0,0,1,0,1,0,0,0,0,medio_baixo
0,0.0,0,0.0,11,5,1,0,0,0,1,0,0,1,0,1,1,alto
0,0.0,0,0.0,2,2,1,0,0,0,0,0,0,1,0,0,1,baixo
0,0.0,0,0.0,3,3,1,0,0,0,0,0,1,1,1,0,0,alto
9,350000.0,5824,0.7869162087912088,11,2,1,1,1,1,1,0,1,0,0,0,0,alto
0,0.0,0,0.0,1,2,1,0,0,0,1,0,0,0,0,1,0,alto
0,0.0,0,0.0,7,4,1,0,0,0,1,0,0,1,1,0,1,medio_alto
0,0.0,0,0.0,1,1,1,0,0,0,1,0,0,0,0,0,0,medio_baixo
0,0.0,0,0.0,1,3,1,0,0,0,1,0,0,1,0,1,0,medio_baixo
0,0.0,0,0.0,103,9,1,1,1,0,1,1,1,1,1,1,1,alto
0,0.0,0,0.0,8,2,1,1,1,1,1,0,1,0,0,0,0,alto
0,0.0,0,0.0,13,5,1,0,0,0,1,1,1,1,0,1,0,medio_alto
0,0.0,0,0.0,30,3,1,0,0,0,1,0,0,1,0,0,0,baixo
0,0.0,0,0.0,1,4,1,0,0,0,1,0,0,0,1,0,0,gratuito
0,0.0,0,0.0,8,3,1,0,0,0,0,0,0,1,1,0,1,alto
0,0.0,0,0.0,1,1,1,0,0,0,0,0,0,1,0,0,0,medio_alto
0,0.0,0,0.0,6,2,1,0,0,0,1,0,0,0,0,0,0,medio_alto
0,0.0,0,0.0,1,3,1,0,0,0,1,0,0,0,0,0,1,gratuito
0,0.0,0,0.0,1,4,1,0,0,0,1,0,1,1,0,0,0,gratuito
0,0.0,0,0.0,1,4,1,0,0,0,1,1,1,0,0,0,1,medio_alto
0,0.0,0,0.0,2,2,1,0,0,0,1,0,0,0,0,1,0,alto
0,0.0,0,0.0,1,4,1,1,0,0,1,0,0,0,1,1,1,alto
0,0.0,0,0.0,2,3,1,0,1,1,1,1,1,0,0,0,0,medio_baixo
0,0.0,0,0.0,1,2,1,0,0,0,1,0,1,0,0,0,0,alto
0,0.0,0,0.0,1,2,1,0,0,0,0,0,0,1,0,0,1,medio_baixo
0,0.0,0,0.0,2,5,1,0,0,0,0,1,1,0,1,1,1,alto
0,0.0,0,0.0,2,2,1,0,0,0,1,1,0,0,0,0,0,medio_baixo
0,0.0,0,0.0,1,2,1,0,0,0,0,0,0,1,1,0,0,medio_alto
0,0.0,0,0.0,1,6,1,0,0,0,1,1,1,1,0,0,0,alto
0,0.0,0,0.0,4,1,1,0,0,0,0,0,0,1,0,0,0,medio_baixo
0,0.0,0,0.0,2,2,1,0,0,0,1,0,0,0,0,0,0,gratuito
0,0.0,0,0.0,1,2,1,0,0,0,0,0,1,0,1,0,0,medio_baixo
0,0.0,0,0.0,1,4,1,0,0,2,1,0,1,1,0,0,0,medio_alto
0,0.0,0,0.0,10,3,1,1,1,0,1,0,0,1,0,1,0,medio_baixo
0,0.0,0,0.0,7,3,1,0,0,0,1,0,1,0,0,0,1,medio_baixo
0,0.0,0,0.0,4,3,1,0,0,0,0,0,0,0,0,0,0,gratuito
0,0.0,0,0.0,1,1,1,0,0,0,0,0,0,0,0,1,0,medio_alto
0,0.0,0,0.0,3,2,1,0,0,0,1,0,0,1,0,0,0,medio_baixo
0,0.0,0,0.0,2,5,1,0,0,1,1,0,0,1,0,1,1,medio_baixo
0,0.0,0,0.0,15,4,1,0,1,1,1,0,0,1,0,1,1,medio_alto
0,0.0,0,0.0,1,3,1,0,0,0,1,0,0,1,0,0,0,gratuito
0,0.0,0,0.0,3,3,1,0,0,0,1,0,1,1,0,0,0,medio_alto
0,0.0,0,0.0,1,3,1,0,0,1,1,0,1,0,0,0,0,gratuito
0,0.0,0,0.0,29,3,1,1,1,0,1,0,0,1,0,0,1,alto
0,0.0,0,0.0,10,3,1,1,0,0,1,0,0,1,0,0,0,medio_alto
0,0.0,0,0.0,2,3,1,0,0,0,1,0,0,0,0,1,0,alto
0,0.0,0,0.0,1,2,1,0,0,0,1,0,0,1,0,0,0,medio_baixo
0,0.0,0,0.0,1,1,1,0,0,0,0,0,0,1,0,0,0,medio_baixo
0,0.0,0,0.0,2,3,1,0,0,0,1,1,1,0,0,0,0,medio_baixo
0,0.0,0,0.0,3,3,1,0,0,0,1,0,1,0,0,1,0,alto
0,10000.0,0,0.0,1,3,1,0,0,0,1,0,1,0,1,0,0,medio_alto
0,0.0,0,0.0,2,2,1,0,0,0,1,0,0,1,0,0,0,baixo
0,0.0,0,0.0,1,2,1,0,0,0,0,1,0,0,1,0,0,alto
0,0.0,0,0.0,3,4,1,0,0,0,1,1,1,1,0,0,0,medio_baixo
0,0.0,0,0.0,103,4,1,0,1,0,1,1,1,0,0,0,1,alto
0,0.0,0,0.0,1,2,1,0,0,0,0,0,0,1,0,0,1,baixo
0,0.0,0,0.0,1,3,1,0,0,0,0,0,0,0,1,0,0,gratuito
0,0.0,0,0.0,1,1,1,0,0,0,0,1,0,0,0,0,0,medio_alto
0,0.0,0,0.0,1,4,1,0,0,0,1,0,0,1,0,0,1,medio_baixo
0,0.0,0,0.0,5,3,1,0,0,1,1,1,1,0,0,0,0,alto
0,0.0,0,0.0,12,4,1,0,0,0,1,0,0,1,0,0,1,alto
0,0.0,0,0.0,1,3,1,0,1,0,1,0,1,0,1,0,0,alto
0,0.0,0,0.0,1,3,1,0,0,0,1,1,1,0,0,0,0,alto
0,0.0,0,0.0,2,2,1,0,0,0,1,0,0,1,0,0,0,medio_baixo
0,0.0,0,0.0,1,3,1,1,1,0,1,0,0,1,0,1,0,medio_alto
0,0.0,0,0.0,11,4,1,0,0,0,1,0,0,1,0,1,1,medio_baixo
0,0.0,0,0.0,1,2,1,0,0,0,0,1,0,0,0,0,1,medio_baixo
0,0.0,0,0.0,2,2,1,0,0,0,0,1,0,0,1,0,0,medio_baixo
0,0.0,0,0.0,1,1,1,0,0,0,0,0,0,0,0,1,0,medio_baixo
0,0.0,0,0.0,6,3,1,1,0,0,1,0,0,1,0,0,1,alto
0,0.0,0,0.0,8,5,1,1,0,0,1,1,1,0,1,1,0,medio_alto
0,0.0,0,0.0,1,2,1,1,1,0,0,0,0,0,0,1,0,gratuito
0,0.0,0,0.0,1,5,1,0,0,0,1,0,1,1,1,0,1,alto
0,0.0,0,0.0,1,3,1,1,1,0,1,0,0,1,1,0,0,medio_alto
0,0.0,0,0.0,1,3,1,0,0,0,1,0,0,1,0,0,1,medio_alto
0,0.0,0,0.0,1,4,1,0,0,0,0,1,1,0,0,0,0,gratuito
0,0.0,0,0.0,2,2,1,0,1,0,0,0,0,1,0,0,0,gratuito
0,0.0,0,0.0,1,4,1,0,0,0,1,0,0,1,1,0,0,gratuito
0,0.0,0,0.0,7,6,1,0,0,0,1,1,0,1,0,1,1,medio_alto
0,0.0,0,0.0,1,1,1,1,0,0,1,0,0,0,0,0,0,alto
0,0.0,0,0.0,19,3,1,1,0,0,0,0,1,0,0,1,0,gratuito
0,0.0,0,0.0,4,3,1,0,0,0,1,0,1,1,0,0,0,alto
0,0.0,0,0.0,11,2,1,0,0,0,0,0,0,1,0,0,0,gratuito
0,0.0,0,0.0,6,3,1,0,0,0,0,0,0,1,0,1,0,gratuito
0,0.0,0,0.0,1,1,1,0,0,0,1,0,0,0,0,0,0,medio_baixo
0,0.0,0,0.0,1,3,1,0,1,0,1,0,0,0,0,0,1,medio_alto
0,0.0,0,0.0,2,3,1,0,0,0,0,1,0,0,1,0,0,medio_baixo
0,0.0,0,0.0,10,2,1,0,0,0,1,0,1,0,0,0,0,alto
0,0.0,0,0.0,1,3,1,0,0,0,1,1,1,0,0,0,0,medio_baixo
0,0.0,0,0.0,2,2,1,0,0,0,0,0,1,0,1,0,0,baixo
0,0.0,0,0.0,10,4,1,0,0,0,1,0,0,1,0,1,1,medio_baixo
0,10000.0,0,0.0,2,1,1,0,0,0,1,0,0,0,0,0,0,medio_alto
0,0.0,0,0.0,5,5,1,0,0,0,1,0,1,0,0,1,1,alto
0,10000.0,0,0.0,2,1,1,0,0,0,0,0,0,0,0,1,0,medio_baixo
0,0.0,0,0.0,2,6,1,0,0,0,1,1,1,1,0,0,1,alto
0,0.0,0,0.0,30,2,1,0,0,0,0,0,0,0,0,0,1,gratuito
0,10000.0,0,0.0,14,3,1,0,0,0,1,0,0,0,0,1,1,alto
0,0.0,0,0.0,1,2,1,0,0,0,1,0,0,1,0,0,0,medio_baixo
0,0.0,0,0.0,2,1,1,0,0,0,1,0,0,0,0,0,0,medio_baixo
0,0.0,0,0.0,2,1,1,0,0,0,1,0,0,0,0,0,0,medio_baixo
0,0.0,0,0.0,7,2,1,0,0,1,0,0,0,1,1,0,0,medio_baixo
0,0.0,0,0.0,11,3,1,0,0,0,0,0,1,1,0,0,0,gratuito
0,0.0,0,0.0,1,1,1,0,0,0,0,0,0,1,0,0,0,alto
0,0.0,0,0.0,13,1,1,0,0,0,0,0,0,1,0,0,0,medio_baixo
0,0.0,0,0.0,2,9,1,0,0,0,0,1,1,1,1,1,1,gratuito
0,0.0,0,0.0,4,1,1,0,0,0,0,0,1,0,0,0,0,medio_alto
0,0.0,0,0.0,1,3,1,0,0,0,1,0,0,1,0,0,1,medio_baixo
0,10000.0,0,0.0,7,3,1,1,0,0,1,0,1,0,0,0,1,alto
0,0.0,0,0.0,2,6,1,0,0,0,1,1,0,1,1,0,1,alto
0,0.0,0,0.0,2,1,1,0,0,0,0,0,1,0,0,0,0,baixo
0,10000.0,0,0.0,4,4,1,0,0,0,1,0,1,1,1,0,0,medio_alto
0,0.0,0,0.0,1,2,1,0,0,0,1,0,0,0,0,0,1,baixo
0,0.0,0,0.0,2,5,1,0,0,0,1,1,0,1,0,0,1,gratuito
0,10000.0,0,0.0,1,3,1,0,0,0,0,0,0,0,0,1,0,gratuito
0,0.0,0,0.0,12,1,1,0,0,0,0,0,0,0,0,1,0,medio_baixo
0,0.0,0,0.0,0,0,1,0,0,0,0,0,0,0,0,0,0,gratuito
0,0.0,0,0.0,1,3,1,0,0,0,1,0,1,0,1,0,0,medio_alto
0,0.0,0,0.0,2,2,1,0,0,0,0,1,1,0,0,0,0,medio_alto
0,0.0,0,0.0,2,5,1,0,0,0,1,1,1,1,0,0,0,gratuito
0,0.0,0,0.0,8,2,1,0,0,0,1,0,0,1,0,0,0,alto
0,0.0,0,0.0,1,2,1,0,0,0,0,0,0,0,1,1,0,alto
0,0.0,0,0.0,6,2,1,1,1,0,1,0,0,1,0,0,0,baixo
0,0.0,0,0.0,1,2,1,0,0,0,0,0,1,0,0,1,0,medio_alto
0,0.0,0,0.0,1,2,1,0,0,1,1,1,0,0,0,0,0,medio_alto
0,0.0,0,0.0,12,2,1,1,0,1,0,0,0,1,0,0,0,gratuito
0,0.0,0,0.0,1,3,1,1,1,1,1,0,0,1,0,0,0,gratuito
0,0.0,0,0.0,1,4,1,0,0,0,1,0,1,1,0,0,0,gratuito
0,0.0,0,0.0,1,5,1,0,0,0,0,0,1,0,1,0,1,gratuito
0,0.0,0,0.0,1,4,1,0,0,0,1,1,0,1,0,0,0,medio_alto
0,0.0,0,0.0,8,2,1,1,0,0,0,0,1,1,0,0,0,alto
0,10000.0,0,0.0,4,4,1,0,0,0,1,0,1,1,1,0,0,alto
0,0.0,0,0.0,9,4,1,0,0,0,1,1,1,1,0,0,0,medio_alto
0,0.0,0,0.0,13,4,1,0,0,1,1,0,0,1,0,1,1,alto
0,0.0,0,0.0,12,1,1,0,0,0,0,0,0,0,0,0,1,baixo
0,0.0,0,0.0,7,5,1,0,0,0,0,0,1,1,1,1,1,medio_baixo
0,0.0,0,0.0,2,4,1,0,0,0,1,0,1,1,0,0,1,alto
0,0.0,0,0.0,1,3,1,0,0,0,1,0,1,0,0,0,0,gratuito
0,0.0,0,0.0,6,3,1,1,0,0,1,0,0,0,0,1,1,medio_alto
0,0.0,0,0.0,9,3,1,0,0,0,1,1,0,0,0,0,0,alto
0,0.0,0,0.0,1,3,1,0,0,0,1,0,1,0,0,0,0,gratuito
0,0.0,0,0.0,1,3,1,0,0,2,1,1,1,0,0,0,0,alto
0,0.0,0,0.0,1,2,1,0,0,0,0,1,0,0,0,0,0,gratuito
0,0.0,0,0.0,2,2,1,0,0,0,1,0,0,1,0,0,0,medio_alto
0,0.0,0,0.0,103,2,1,0,0,0,1,0,0,1,0,0,0,baixo
0,0.0,0,0.0,1,3,1,0,0,0,1,0,1,0,0,0,1,medio_baixo
0,0.0,0,0.0,2,2,1,1,0,0,1,0,0,1,0,0,0,medio_baixo
0,0.0,0,0.0,30,3,1,0,0,0,0,1,1,0,0,0,1,alto
0,10000.0,0,0.0,3,1,1,0,0,0,0,0,0,0,0,0,1,gratuito
0,0.0,0,0.0,14,3,1,0,0,0,1,0,1,1,0,0,0,alto
0,0.0,0,0.0,1,4,1,0,0,0,1,1,1,1,0,0,0,medio_alto
0,0.0,0,0.0,1,2,1,0,0,0,1,1,0,0,0,0,0,medio_baixo
0,10000.0,0,0.0,3,3,1,0,0,0,1,0,0,1,0,0,1,alto
0,0.0,0,0.0,2,2,1,0,1,0,1,0,1,0,0,0,0,medio_baixo
0,0.0,0,0.0,2,4,1,0,1,0,1,0,0,1,0,0,0,gratuito
0,0.0,0,0.0,1,4,1,0,0,0,1,1,0,1,0,1,0,medio_alto
0,10000.0,0,0.0,2,4,1,0,0,0,1,1,1,1,0,0,0,alto
0,10000.0,0,0.0,9,3,1,1,0,0,1,1,0,0,1,0,0,alto
0,0.0,0,0.0,2,2,1,0,0,0,1,0,0,0,0,1,0,medio_baixo
0,0.0,0,0.0,2,2,1,0,0,0,1,0,1,0,0,0,0,alto
0,0.0,0,0.0,2,6,1,0,0,0,1,1,1,0,1,0,1,alto
0,0.0,0,0.0,1,2,1,0,0,0,1,0,1,0,0,0,0,medio_baixo
0,0.0,0,0.0,1,4,1,0,0,0,1,0,1,1,0,0,1,alto
0,0.0,0,0.0,1,2,1,0,0,0,1,0,1,0,0,0,0,alto
0,0.0,0,0.0,8,1,1,0,0,0,1,0,0,0,0,0,0,alto
0,0.0,0,0.0,13,2,1,0,0,0,1,0,0,1,0,0,0,medio_baixo
0,0.0,0,0.0,1,1,1,0,0,0,0,0,0,0,1,0,0,alto
0,10000.0,0,0.0,2,2,1,0,0,0,1,1,0,0,0,0,0,medio_alto
0,10000.0,0,0.0,13,2,1,0,0,0,1,0,0,0,0,0,0,alto
0,0.0,0,0.0,2,2,1,0,0,0,1,0,1,0,0,0,0,alto
0,0.0,0,0.0,1,2,1,0,0,0,0,0,0,1,0,0,1,medio_baixo
0,0.0,0,0.0,10,4,1,0,0,0,1,0,0,0,0,1,1,alto
0,0.0,0,0.0,10,3,1,0,0,0,1,1,1,0,0,0,0,medio_alto
0,0.0,0,0.0,1,1,1,0,0,0,0,0,1,0,0,0,0,medio_alto
0,0.0,0,0.0,1,2,1,0,0,0,1,1,0,0,0,0,0,medio_alto
0,0.0,0,0.0,1,3,1,0,0,0,0,0,0,1,0,0,0,gratuito
0,0.0,0,0.0,2,3,1,0,0,0,1,1,1,0,0,0,0,alto
0,0.0,0,0.0,1,3,1,0,0,0,0,1,0,0,0,1,0,medio_alto
0,0.0,0,0.0,3,4,1,0,0,0,1,0,1,1,0,0,1,medio_baixo
0,0.0,0,0.0,2,3,1,0,0,19,0,1,1,0,1,0,0,alto
0,0.0,0,0.0,1,1,1,0,0,0,0,0,1,0,0,0,0,medio_alto
0,0.0,0,0.0,2,3,1,0,0,0,1,1,1,0,0,0,0,medio_alto
0,0.0,0,0.0,1,1,1,0,0,0,0,0,0,1,0,0,0,medio_alto
0,0.0,0,0.0,1,5,1,0,0,0,1,0,1,1,0,0,1,alto
0,0.0,0,0.0,1,6,1,0,0,0,1,1,1,0,1,0,0,gratuito
0,0.0,0,0.0,2,3,1,0,0,0,1,1,1,0,0,0,0,medio_alto
0,0.0,0,0.0,1,2,1,0,0,0,1,1,0,0,0,0,0,medio_alto
0,0.0,0,0.0,1,3,1,0,0,0,0,1,0,1,1,0,0,medio_baixo
0,0.0,0,0.0,2,7,1,0,0,0,0,1,0,0,1,1,1,gratuito
0,0.0,0,0.0,1,4,1,0,0,0,1,1,1,0,1,0,0,alto
0,0.0,0,0.0,1,3,1,0,0,0,1,0,1,1,0,0,0,medio_baixo
0,0.0,0,0.0,1,3,1,0,0,0,0,1,1,0,1,0,0,medio_alto
0,0.0,0,0.0,2,2,1,0,0,0,0,1,1,0,0,0,0,alto
0,10000.0,0,0.0,6,2,1,0,0,1,1,0,1,0,0,0,0,medio_baixo
0,0.0,0,0.0,1,3,1,0,0,0,0,1,1,0,0,0,0,gratuito
0,0.0,0,0.0,1,2,1,0,0,0,1,1,0,0,0,0,0,medio_baixo
0,0.0,0,0.0,103,6,1,0,1,0,1,1,1,1,0,1,1,alto
0,0.0,0,0.0,0,0,1,0,0,0,0,0,0,0,0,0,0,gratuito
0,0.0,0,0.0,3,2,1,0,0,0,1,0,1,0,0,0,0,alto
0,0.0,0,0.0,7,3,1,0,0,0,1,0,0,1,0,1,0,medio_baixo
0,0.0,0,0.0,2,2,1,0,0,0,1,0,1,0,0,0,0,alto
0,0.0,0,0.0,28,2,1,0,0,0,1,0,0,1,0,0,0,medio_baixo
0,0.0,0,0.0,4,3,1,0,1,0,0,0,0,0,0,0,1,medio_baixo
0,10000.0,0,0.0,1,3,1,0,0,0,1,0,1,1,0,0,0,alto
0,0.0,0,0.0,1,2,1,0,0,0,0,1,1,0,0,0,0,alto
0,0.0,0,0.0,1,5,1,0,0,0,1,1,1,1,0,0,0,gratuito
0,0.0,0,0.0,1,6,1,0,0,1,1,1,0,1,1,0,0,gratuito
0,0.0,0,0.0,1,4,1,0,0,0,1,1,0,0,0,1,0,gratuito
0,0.0,0,0.0,1,2,1,0,0,0,1,0,0,0,0,1,0,alto
0,0.0,0,0.0,5,1,1,1,1,0,0,0,0,1,0,0,0,medio_alto
0,10000.0,0,0.0,15,2,1,0,0,1,0,1,1,0,0,0,0,alto
0,0.0,0,0.0,17,2,1,0,0,0,0,0,0,1,0,0,1,medio_baixo
0,0.0,0,0.0,2,4,1,0,1,0,0,0,0,0,1,1,0,gratuito
0,0.0,0,0.0,6,2,1,0,0,0,1,1,0,0,0,0,0,alto
0,0.0,0,0.0,3,3,1,0,0,0,1,0,0,0,0,1,0,alto
0,0.0,0,0.0,3,3,1,0,0,0,1,1,1,0,0,0,0,medio_baixo
0,0.0,0,0.0,25,3,1,0,0,0,0,0,1,1,0,0,1,medio_alto
0,0.0,0,0.0,9,3,1,0,0,0,1,1,0,1,0,0,0,medio_alto
0,10000.0,0,0.0,1,4,1,1,1,0,1,0,1,1,0,0,0,alto
0,10000.0,0,0.0,3,3,1,0,0,0,1,0,0,0,1,1,0,alto
0,0.0,0,0.0,12,2,1,0,0,2,0,0,1,0,0,0,1,alto
0,0.0,0,0.0,2,3,1,0,0,0,1,1,1,0,0,0,0,alto
0,0.0,0,0.0,1,1,1,0,0,0,0,0,0,0,0,1,0,medio_baixo
0,0.0,0,0.0,3,4,1,0,0,0,1,1,1,0,1,0,0,medio_baixo
0,0.0,0,0.0,30,3,1,0,0,0,1,0,0,1,0,1,0,baixo
0,10000.0,0,0.0,21,3,1,0,0,1,1,0,0,0,0,0,0,alto
0,0.0,0,0.0,4,2,1,0,0,0,1,0,1,0,0,0,0,gratuito
0,0.0,0,0.0,29,4,1,0,0,0,1,1,0,1,0,0,0,alto
0,0.0,0,0.0,2,3,1,0,0,0,1,1,1,0,0,0,0,medio_alto
0,0.0,0,0.0,11,4,1,0,0,0,1,1,1,1,0,0,0,medio_alto
0,10000.0,0,0.0,5,4,1,0,1,0,1,1,1,0,1,0,0,alto
0,0.0,0,0.0,2,2,1,0,0,0,0,0,0,0,0,0,0,medio_alto
0,0.0,0,0.0,1,3,1,0,1,0,1,1,0,0,0,1,0,medio_baixo
0,0.0,0,0.0,2,4,1,0,0,0,1,0,0,0,1,1,0,alto
0,0.0,0,0.0,2,3,1,0,0,0,1,1,1,0,0,0,0,alto
0,0.0,0,0.0,5,4,1,0,0,0,1,0,1,0,1,0,1,medio_alto
0,10000.0,0,0.0,2,6,1,0,0,0,1,1,1,1,1,0,1,alto
0,0.0,0,0.0,1,3,1,1,1,0,1,0,0,1,0,1,0,alto
0,10000.0,0,0.0,11,5,1,0,0,0,1,0,0,1,1,1,1,alto
0,0.0,0,0.0,103,2,1,0,0,0,1,1,0,0,0,0,0,medio_baixo
0,0.0,0,0.0,1,2,1,0,0,0,1,0,0,1,0,0,0,medio_baixo
0,0.0,0,0.0,23,3,1,0,0,0,0,1,0,0,0,0,1,medio_alto
0,0.0,0,0.0,1,4,1,1,0,0,0,1,0,0,0,0,1,medio_alto
0,0.0,0,0.0,2,3,1,0,0,0,1,0,1,1,0,0,0,baixo
0,0.0,0,0.0,1,2,1,0,0,0,0,1,1,0,0,0,0,medio_alto
0,10000.0,0,0.0,6,4,1,0,0,0,1,1,1,0,1,0,0,alto
0,0.0,0,0.0,1,2,1,0,0,0,0,0,0,1,0,1,0,medio_baixo
0,10000.0,0,0.0,4,1,1,0,0,0,0,0,0,0,0,1,0,medio_alto
0,0.0,0,0.0,5,3,1,0,1,0,1,1,0,0,0,1,0,medio_alto
0,0.0,0,0.0,1,2,1,0,0,0,1,0,0,1,0,0,0,baixo
0,0.0,0,0.0,1,2,1,0,0,0,0,1,1,0,0,0,0,gratuito
0,0.0,0,0.0,1,1,1,0,0,0,1,0,0,0,0,0,0,medio_alto
0,0.0,0,0.0,3,2,1,0,0,0,0,0,0,0,0,1,1,alto
0,0.0,0,0.0,5,4,1,0,0,0,1,0,0,1,1,0,1,medio_baixo
0,0.0,0,0.0,12,3,1,0,0,0,1,1,0,0,0,0,0,alto
0,0.0,0,0.0,10,2,1,0,0,0,1,0,0,1,0,0,0,medio_baixo
0,0.0,0,0.0,1,4,1,0,0,0,1,1,1,1,0,0,0,alto
0,0.0,0,0.0,2,1,1,0,0,0,0,1,0,0,0,0,0,medio_baixo
0,0.0,0,0.0,12,2,1,0,0,0,1,0,0,0,0,0,1,alto
0,0.0,0,0.0,3,2,1,0,1,0,1,0,0,0,0,0,1,medio_baixo
0,0.0,0,0.0,13,3,1,0,0,0,1,0,0,0,1,1,0,gratuito
0,0.0,0,0.0,2,1,1,1,1,0,0,0,0,1,0,0,0,alto
0,0.0,0,0.0,6,2,1,0,0,0,0,1,1,0,0,0,0,alto
0,0.0,0,0.0,103,2,1,0,0,0,1,0,0,1,0,0,0,medio_baixo
0,0.0,0,0.0,1,3,1,0,0,0,1,1,0,1,0,0,0,baixo
0,0.0,0,0.0,30,4,1,0,0,0,1,0,0,1,0,0,1,gratuito
0,0.0,0,0.0,1,3,1,0,0,1,1,1,1,0,0,0,0,alto
0,0.0,0,0.0,1,2,1,0,0,0,0,0,0,0,0,0,1,gratuito
0,10000.0,0,0.0,1,4,1,0,0,0,1,1,1,1,0,0,0,medio_alto
0,0.0,0,0.0,1,3,1,0,0,0,1,1,0,1,0,0,0,medio_baixo
0,0.0,0,0.0,1,3,1,0,0,0,0,0,0,1,0,0,1,medio_alto
0,10000.0,0,0.0,11,4,1,0,0,0,1,1,1,1,0,0,0,alto
0,0.0,0,0.0,1,3,1,0,0,0,0,1,0,0,0,1,1,medio_alto
0,0.0,0,0.0,1,2,1,1,1,0,0,0,1,0,0,0,0,alto
0,0.0,0,0.0,1,1,1,1,0,0,0,0,0,1,0,0,0,medio_baixo
0,0.0,0,0.0,1,3,1,0,0,0,0,1,0,0,0,0,1,gratuito
0,0.0,0,0.0,14,4,1,0,0,0,1,1,1,0,0,0,1,medio_baixo
0,0.0,0,0.0,2,3,1,0,0,0,0,1,1,0,0,0,1,medio_alto
0,0.0,0,0.0,14,3,1,0,0,0,1,0,0,1,0,1,0,alto
0,0.0,0,0.0,9,1,1,0,0,0,0,1,0,0,0,0,0,medio_alto
0,0.0,0,0.0,5,4,1,0,0,0,1,0,1,0,1,0,0,medio_alto
0,0.0,0,0.0,10,2,1,0,0,0,1,0,0,1,0,0,0,medio_baixo
0,0.0,0,0.0,1,4,1,0,0,0,1,0,0,1,0,1,0,gratuito
0,0.0,0,0.0,1,3,1,0,0,0,1,0,1,1,0,0,0,alto
0,0.0,0,0.0,2,5,1,0,1,0,1,1,1,1,0,0,0,medio_baixo
0,0.0,0,0.0,1,3,1,0,0,0,1,1,1,0,0,0,0,medio_baixo
0,0.0,0,0.0,2,2,1,0,0,0,0,0,1,0,1,0,0,medio_baixo
0,0.0,0,0.0,1,2,1,0,0,0,0,1,0,0,0,0,1,alto
0,0.0,0,0.0,1,4,1,0,0,0,1,0,1,1,1,0,0,alto
0,10000.0,0,0.0,9,3,1,0,0,0,0,0,0,0,1,1,0,medio_baixo
0,0.0,0,0.0,2,4,1,0,0,0,0,1,0,1,0,1,0,gratuito
0,0.0,0,0.0,1,2,1,0,1,0,0,1,1,0,0,0,0,alto
0,0.0,0,0.0,14,2,1,0,0,1,1,0,0,0,0,1,0,alto
0,0.0,0,0.0,1,4,1,0,0,0,1,1,0,1,0,0,0,medio_alto
0,0.0,0,0.0,4,2,1,0,0,0,1,0,0,0,1,0,0,alto
0,0.0,0,0.0,2,5,1,0,0,0,1,0,1,1,1,1,0,alto
0,0.0,0,0.0,19,4,1,0,0,0,1,1,0,0,0,0,1,alto
0,0.0,0,0.0,1,5,1,0,0,0,1,0,1,1,0,0,1,gratuito
0,0.0,0,0.0,1,3,1,0,0,0,1,0,0,1,1,0,0,medio_baixo
0,10000.0,0,0.0,1,5,1,0,0,0,1,1,1,1,0,0,0,medio_alto
0,0.0,0,0.0,5,3,1,0,0,1,1,0,0,1,0,0,1,alto
0,0.0,0,0.0,3,2,1,0,0,0,1,0,0,0,1,0,0,medio_alto
0,0.0,0,0.0,5,1,1,0,0,0,0,0,0,0,0,0,1,alto
0,0.0,0,0.0,2,3,1,0,0,0,1,0,1,1,0,0,0,medio_alto
0,0.0,0,0.0,1,3,1,1,1,0,1,0,0,1,0,1,0,medio_alto
0,0.0,0,0.0,1,2,1,0,0,0,1,0,0,1,0,0,0,baixo
0,0.0,0,0.0,6,1,1,0,0,1,0,0,0,0,0,0,1,medio_alto
0,0.0,0,0.0,1,1,1,0,0,0,0,0,0,0,0,0,1,alto
0,0.0,0,0.0,1,1,1,0,1,0,1,0,0,0,0,0,0,medio_alto
0,0.0,0,0.0,10,3,1,0,0,0,0,0,0,1,0,0,1,gratuito
0,0.0,0,0.0,1,1,1,0,0,0,1,0,0,0,0,0,0,medio_baixo
0,0.0,0,0.0,30,4,1,0,0,3,1,0,1,0,0,0,1,medio_alto
0,0.0,0,0.0,14,2,1,0,0,0,1,0,0,0,0,0,1,medio_baixo
0,0.0,0,0.0,1,4,1,0,0,0,1,1,1,1,0,0,0,medio_alto
0,0.0,0,0.0,1,8,1,0,0,0,1,1,1,1,1,1,1,medio_baixo
0,0.0,0,0.0,1,3,1,0,0,0,1,0,1,1,0,0,0,medio_baixo
0,10000.0,0,0.0,1,3,1,0,0,0,1,0,0,1,0,0,0,alto
0,0.0,0,0.0,1,2,1,0,0,0,1,0,0,1,0,0,0,medio_alto
0,0.0,0,0.0,1,3,1,0,0,0,1,0,0,1,0,1,0,medio_alto
0,0.0,0,0.0,1,5,1,0,0,0,1,1,0,1,0,0,1,medio_alto
0,0.0,0,0.0,1,3,1,0,0,0,0,0,1,1,1,0,0,alto
0,0.0,0,0.0,1,3,1,1,1,1,1,0,1,0,1,0,0,medio_alto
0,0.0,0,0.0,17,2,1,0,0,0,1,0,0,1,0,0,0,baixo
0,0.0,0,0.0,1,3,1,0,0,0,0,1,1,0,0,0,1,medio_alto
0,0.0,0,0.0,12,2,1,0,0,0,1,0,0,0,0,0,1,alto
0,0.0,0,0.0,4,2,1,0,0,0,1,1,0,0,0,0,0,medio_alto
0,0.0,0,0.0,2,3,1,1,1,1,1,0,0,0,0,0,1,gratuito
0,0.0,0,0.0,3,1,1,0,0,0,0,0,0,0,0,0,1,alto
0,0.0,0,0.0,1,2,1,1,1,0,1,0,0,1,0,0,0,alto
0,0.0,0,0.0,16,5,1,0,0,1,0,1,0,0,0,1,1,gratuito
0,0.0,0,0.0,5,3,1,0,0,0,1,0,1,1,0,0,0,alto
0,0.0,0,0.0,1,4,1,0,0,0,1,0,0,1,0,0,1,medio_baixo
0,10000.0,0,0.0,1,3,1,0,0,0,1,1,1,0,0,0,0,medio_alto
0,0.0,0,0.0,1,2,1,0,0,0,1,1,0,0,0,0,0,baixo
0,0.0,0,0.0,11,3,1,0,0,1,1,0,0,1,0,0,1,medio_alto
0,0.0,0,0.0,4,2,1,0,0,0,1,0,0,1,0,0,0,medio_alto
0,0.0,0,0.0,2,3,1,0,0,0,1,0,0,1,0,1,0,medio_baixo
0,0.0,0,0.0,2,3,1,0,0,0,1,0,0,1,0,0,0,medio_baixo
0,0.0,0,0.0,1,3,1,0,0,0,0,1,1,0,0,0,0,medio_alto
0,0.0,0,0.0,12,2,1,0,0,0,0,0,0,1,0,1,0,alto
0,0.0,0,0.0,1,3,1,0,0,0,1,0,1,1,0,0,0,medio_alto
0,0.0,0,0.0,1,2,1,0,0,0,1,0,0,0,0,0,0,medio_alto
0,0.0,0,0.0,1,3,1,0,0,0,1,0,0,1,0,0,0,gratuito
0,0.0,0,0.0,1,4,1,0,0,0,1,1,1,0,0,0,0,medio_alto
0,0.0,0,0.0,1,5,1,0,0,0,1,0,1,1,1,0,0,gratuito
0,0.0,0,0.0,2,2,1,0,0,0,1,0,0,0,0,0,1,alto
0,0.0,0,0.0,1,4,1,0,0,0,1,0,0,1,0,1,0,medio_baixo
0,0.0,0,0.0,1,2,1,0,0,0,0,1,1,0,0,0,0,medio_alto
0,0.0,0,0.0,6,1,1,1,1,0,1,0,0,0,0,0,0,alto
0,0.0,0,0.0,1,2,1,1,0,0,1,0,0,0,0,0,0,medio_alto
0,0.0,0,0.0,1,4,1,0,0,0,1,0,0,1,0,1,0,gratuito
0,0.0,0,0.0,4,7,1,0,0,0,1,1,0,1,0,0,1,medio_baixo
0,0.0,0,0.0,9,1,1,0,0,0,1,0,0,0,0,0,0,alto
0,0.0,0,0.0,2,3,1,0,0,0,1,1,1,0,0,0,0,alto
0,0.0,0,0.0,1,3,1,0,0,1,1,0,0,0,1,0,0,gratuito
0,0.0,0,0.0,11,6,1,1,0,0,1,1,1,1,0,0,0,medio_alto
0,0.0,0,0.0,31,2,1,0,0,0,1,0,0,1,0,0,0,baixo
0,10000.0,0,0.0,6,1,1,0,0,0,1,0,0,0,0,0,0,alto
0,0.0,0,0.0,13,3,1,1,1,0,1,0,0,1,0,1,0,baixo
0,0.0,0,0.0,1,2,1,0,1,0,0,0,0,0,0,1,0,alto
0,0.0,0,0.0,1,3,1,0,0,0,1,0,1,0,0,0,1,medio_alto
0,0.0,0,0.0,1,1,1,0,0,0,1,0,0,0,0,0,0,alto
0,10000.0,0,0.0,1,4,1,0,0,0,1,1,1,0,0,0,0,alto
0,0.0,0,0.0,2,4,1,0,0,0,1,0,1,1,0,0,0,gratuito
0,0.0,0,0.0,9,2,1,1,1,0,1,0,0,0,0,0,1,alto
0,0.0,0,0.0,1,1,1,0,0,0,1,0,0,0,0,0,0,alto
0,0.0,0,0.0,1,2,1,0,0,0,0,0,0,0,0,0,1,gratuito
0,0.0,0,0.0,6,5,1,0,0,0,1,0,1,1,0,1,1,medio_baixo
0,0.0,0,0.0,3,2,1,0,0,0,0,0,0,1,0,1,0,medio_alto
0,0.0,0,0.0,24,3,1,0,0,0,1,0,0,0,0,0,1,gratuito
0,0.0,0,0.0,1,2,1,0,0,0,1,0,0,1,0,0,0,medio_alto
0,0.0,0,0.0,2,3,1,0,0,0,1,1,1,0,0,0,0,medio_baixo
0,0.0,0,0.0,1,3,1,0,0,0,1,0,0,1,0,0,1,baixo
0,0.0,0,0.0,1,4,1,0,0,0,1,1,1,0,0,0,0,medio_baixo
0,0.0,0,0.0,5,5,1,0,0,0,1,0,0,1,0,1,1,medio_baixo
0,0.0,0,0.0,2,2,1,0,0,0,1,0,1,0,0,0,0,alto
0,0.0,0,0.0,30,3,1,1,1,0,0,0,1,1,0,0,1,alto
0,0.0,0,0.0,1,3,1,0,0,0,1,1,0,0,0,0,0,alto
0,0.0,0,0.0,1,2,1,0,0,0,0,0,0,0,1,1,0,medio_baixo
0,0.0,0,0.0,1,5,1,0,0,0,1,1,1,0,1,0,0,alto
0,0.0,0,0.0,3,2,1,0,0,0,1,0,0,0,1,0,0,medio_alto
0,0.0,0,0.0,1,3,1,0,0,0,1,0,0,1,0,0,1,medio_baixo
0,0.0,0,0.0,9,2,1,0,0,0,1,0,0,1,0,0,0,baixo
0,0.0,0,0.0,1,1,1,0,0,0,0,0,0,1,0,0,0,medio_alto
0,0.0,0,0.0,1,3,1,0,0,0,0,1,1,0,1,0,0,alto
0,0.0,0,0.0,1,2,1,1,1,0,1,0,0,1,0,0,0,medio_alto
0,0.0,0,0.0,4,3,1,0,0,0,1,0,0,1,0,1,0,medio_alto
0,0.0,0,0.0,1,1,1,0,0,0,0,1,0,0,0,0,0,medio_baixo
0,0.0,0,0.0,15,5,1,0,0,0,1,0,0,1,0,1,1,alto
0,0.0,0,0.0,1,1,1,1,1,0,0,0,0,1,0,0,0,medio_alto
0,0.0,0,0.0,103,3,1,0,0,0,1,0,0,1,0,0,1,baixo
0,0.0,0,0.0,14,2,1,0,0,0,1,0,0,1,0,0,0,baixo
0,0.0,0,0.0,6,3,1,0,0,0,0,0,0,1,1,1,0,medio_alto
0,0.0,0,0.0,14,3,1,1,1,0,1,0,0,0,0,1,0,alto
0,0.0,0,0.0,1,3,1,0,0,0,1,1,0,0,1,0,0,medio_alto
0,0.0,0,0.0,1,3,1,0,0,0,1,0,0,0,1,1,0,alto
0,0.0,0,0.0,1,5,1,0,0,0,1,1,1,0,1,0,0,alto
0,0.0,0,0.0,1,3,1,0,0,0,0,0,0,1,0,1,0,medio_alto
0,0.0,0,0.0,1,3,1,0,0,0,0,1,0,0,0,0,0,medio_alto
0,0.0,0,0.0,8,2,1,0,0,0,0,0,0,1,0,0,1,alto
0,0.0,0,0.0,2,9,1,0,0,0,1,1,1,1,1,1,0,gratuito
0,0.0,0,0.0,1,1,1,1,0,0,0,0,0,1,0,0,0,alto
0,0.0,0,0.0,1,3,1,0,0,0,1,0,0,1,0,0,1,medio_baixo
0,0.0,0,0.0,13,3,1,0,0,0,1,0,1,0,1,0,0,medio_alto
0,0.0,0,0.0,10,2,1,1,0,0,1,0,0,1,0,0,0,alto
0,0.0,0,0.0,5,3,1,0,0,0,0,1,0,0,1,0,0,gratuito
0,0.0,0,0.0,1,5,1,0,0,0,1,0,1,1,0,0,1,medio_alto
0,0.0,0,0.0,1,2,1,0,0,0,1,1,0,0,0,0,0,medio_baixo
0,10000.0,0,0.0,2,4,1,0,0,0,1,0,1,0,1,0,0,medio_alto
0,0.0,0,0.0,2,5,1,0,0,0,1,0,1,0,1,1,0,alto
0,0.0,0,0.0,9,2,1,0,0,0,1,0,0,1,0,0,0,medio_alto
0,0.0,0,0.0,1,3,1,0,0,0,1,0,0,0,0,1,1,medio_alto
0,0.0,0,0.0,103,2,1,0,0,0,1,0,0,1,0,0,0,medio_baixo
0,0.0,0,0.0,24,2,1,0,0,0,1,0,0,1,0,0,0,medio_alto
0,10000.0,0,0.0,8,3,1,0,0,0,1,1,1,0,0,0,0,alto
0,0.0,0,0.0,7,3,1,0,0,0,0,0,0,0,0,1,1,alto
0,0.0,0,0.0,1,2,1,0,0,0,0,1,1,0,0,0,0,alto
0,0.0,0,0.0,11,3,1,1,1,0,1,0,0,0,0,1,1,medio_baixo
0,0.0,0,0.0,1,2,1,1,1,1,1,0,1,0,0,0,0,alto
0,0.0,0,0.0,7,3,1,0,0,0,1,1,1,0,0,0,0,medio_alto
0,0.0,0,0.0,12,3,1,0,0,0,0,0,1,0,1,1,0,medio_baixo
0,0.0,0,0.0,2,4,1,0,0,0,1,0,0,1,0,1,1,medio_baixo
0,0.0,0,0.0,13,3,1,1,0,0,1,0,0,1,0,1,0,medio_alto
0,0.0,0,0.0,1,3,1,1,1,0,1,0,1,1,0,0,0,medio_alto
0,0.0,0,0.0,1,4,1,0,0,0,1,0,1,1,0,0,0,medio_baixo
0,0.0,0,0.0,4,5,1,0,0,0,0,1,1,0,1,1,0,alto
0,0.0,0,0.0,1,2,1,0,1,0,0,0,0,1,0,1,0,medio_alto
0,0.0,0,0.0,1,3,1,0,0,0,1,0,0,1,0,1,0,medio_baixo
0,0.0,0,0.0,18,3,1,0,0,0,0,0,0,0,0,1,1,gratuito
0,0.0,0,0.0,1,3,1,0,0,0,1,0,1,1,0,0,0,medio_alto
0,0.0,0,0.0,1,1,1,0,0,0,1,0,0,0,0,0,0,medio_alto
0,10000.0,0,0.0,20,2,1,0,0,0,0,1,1,0,0,0,0,alto
0,0.0,0,0.0,13,4,1,0,1,0,1,1,0,1,0,0,0,alto
0,0.0,0,0.0,1,4,1,0,1,0,1,0,1,1,0,1,0,alto
0,0.0,0,0.0,1,1,1,0,0,0,0,0,0,1,0,0,0,alto
0,0.0,0,0.0,1,2,1,0,0,0,0,1,1,0,0,0,0,medio_alto
0,0.0,0,0.0,1,4,1,0,0,0,1,1,0,1,1,0,0,medio_alto
0,0.0,0,0.0,30,1,1,0,0,0,1,0,0,0,0,0,0,medio_alto
0,0.0,0,0.0,1,2,1,0,0,0,1,0,0,1,0,0,0,baixo
0,0.0,0,0.0,2,3,1,0,0,0,1,1,0,1,0,0,0,alto
0,0.0,0,0.0,2,1,1,0,0,0,0,0,0,1,0,0,0,alto
0,0.0,0,0.0,6,2,1,0,0,0,1,0,0,0,0,0,1,medio_alto
0,0.0,0,0.0,2,1,1,0,0,0,0,1,0,0,0,0,0,alto
0,10000.0,0,0.0,5,3,1,1,0,0,1,0,0,1,0,0,1,alto
0,0.0,0,0.0,1,4,1,1,0,0,0,1,1,0,0,1,0,gratuito
0,0.0,0,0.0,1,3,1,0,0,0,1,1,0,1,0,0,0,medio_alto
4,35000.0,49,0.8367346938775511,1,3,1,0,0,0,1,0,1,0,1,0,0,medio_baixo
0,0.0,0,0.0,1,3,1,0,0,0,1,0,0,0,0,0,1,medio_alto
0,0.0,0,0.0,12,5,1,0,0,0,1,1,0,1,1,1,0,medio_alto
0,0.0,0,0.0,30,4,1,0,0,0,1,0,0,1,0,1,0,medio_alto
0,0.0,0,0.0,3,1,1,1,1,0,1,0,0,0,0,0,0,medio_alto
0,0.0,0,0.0,1,3,1,0,0,0,1,0,0,1,0,0,1,gratuito
0,0.0,0,0.0,1,1,1,0,0,0,0,1,0,0,0,0,0,medio_alto
0,0.0,0,0.0,1,4,1,0,0,0,1,1,1,0,0,0,0,gratuito
0,10000.0,0,0.0,2,4,1,0,0,1,1,0,0,1,1,0,1,alto
0,0.0,0,0.0,1,1,1,0,0,0,0,1,0,0,0,0,0,baixo
0,0.0,0,0.0,11,4,1,0,0,0,1,0,0,0,1,1,1,medio_alto
0,0.0,0,0.0,1,4,1,0,0,0,0,0,1,0,1,0,1,medio_baixo
0,0.0,0,0.0,1,1,1,0,1,0,0,1,0,0,0,0,0,medio_alto
0,0.0,0,0.0,2,3,1,0,0,0,1,1,1,0,0,0,0,alto
0,0.0,0,0.0,1,4,1,0,0,0,1,1,1,0,1,0,0,alto
0,0.0,0,0.0,1,4,1,0,0,0,1,1,1,0,0,0,0,medio_alto
0,0.0,0,0.0,7,3,1,0,0,0,1,0,1,1,0,0,0,baixo
0,0.0,0,0.0,8,3,1,0,0,0,1,0,0,1,0,0,1,medio_baixo
0,0.0,0,0.0,13,5,1,0,0,0,1,1,1,1,0,1,0,medio_alto
0,0.0,0,0.0,2,2,1,0,0,0,1,1,0,0,0,0,0,medio_alto
0,0.0,0,0.0,2,2,1,0,0,0,1,1,0,0,0,0,0,medio_alto
0,0.0,0,0.0,2,3,1,0,0,0,1,0,1,0,0,0,1,medio_alto
0,0.0,0,0.0,1,3,1,0,0,0,1,1,0,1,0,0,0,baixo
0,0.0,0,0.0,5,3,1,0,0,0,1,0,0,1,0,0,1,medio_alto
0,0.0,0,0.0,103,2,1,1,0,0,0,0,0,0,0,1,0,gratuito
0,0.0,0,0.0,1,4,1,0,0,1,1,0,1,0,1,1,0,gratuito
0,0.0,0,0.0,7,3,1,0,0,0,1,0,1,1,0,0,0,baixo
0,0.0,0,0.0,1,3,1,0,0,0,0,0,1,1,0,0,1,medio_alto
0,0.0,0,0.0,103,2,1,0,0,0,1,0,0,1,0,0,0,baixo
0,0.0,0,0.0,1,2,1,0,0,0,1,0,1,0,0,0,0,alto
0,0.0,0,0.0,3,1,1,1,1,0,1,0,0,0,0,0,0,medio_baixo
0,0.0,0,0.0,1,1,1,0,0,0,0,0,0,0,0,1,0,alto
0,10000.0,0,0.0,15,3,1,0,0,0,1,1,1,0,0,0,0,alto
0,0.0,0,0.0,1,2,1,0,0,0,0,0,1,1,0,0,0,alto
0,0.0,0,0.0,4,2,1,1,1,0,1,0,1,0,0,0,0,medio_alto
0,0.0,0,0.0,1,3,1,1,1,1,1,0,1,1,0,0,0,medio_alto
0,0.0,0,0.0,1,4,1,0,0,0,1,1,1,1,0,0,0,medio_baixo
0,0.0,0,0.0,7,4,1,0,0,0,0,1,1,0,0,1,0,alto
0,0.0,0,0.0,8,4,1,0,0,0,1,0,0,1,0,0,1,medio_baixo
0,0.0,0,0.0,17,6,1,0,0,0,1,1,0,1,0,0,1,medio_alto
0,0.0,0,0.0,1,3,1,1,0,0,1,1,1,0,0,0,0,medio_baixo
0,0.0,0,0.0,2,2,1,0,0,0,1,0,0,1,0,0,0,medio_baixo
0,0.0,0,0.0,1,1,1,0,0,0,1,0,0,0,0,0,0,medio_baixo
0,0.0,0,0.0,24,1,1,0,0,0,0,0,0,0,0,0,1,medio_alto
0,0.0,0,0.0,3,3,1,0,0,1,1,0,0,1,0,0,0,gratuito
0,10000.0,0,0.0,1,3,1,1,0,0,0,0,0,0,0,1,1,alto
0,0.0,0,0.0,1,4,1,1,1,0,1,0,1,1,0,0,0,gratuito
0,0.0,0,0.0,1,2,1,0,0,0,1,0,0,0,0,1,0,alto
0,0.0,0,0.0,1,2,1,0,0,0,0,0,0,1,0,0,1,baixo
0,0.0,0,0.0,2,3,1,0,0,0,1,0,1,0,0,0,1,medio_alto
0,0.0,0,0.0,1,4,1,0,0,0,0,1,1,1,0,0,1,alto
0,0.0,0,0.0,8,3,1,0,0,0,1,0,1,1,0,0,0,medio_alto
0,0.0,0,0.0,22,3,1,0,0,0,0,1,1,0,1,0,0,alto
0,0.0,0,0.0,2,2,1,0,0,1,1,1,0,0,0,0,0,medio_alto
0,10000.0,0,0.0,2,2,1,0,0,0,1,0,0,0,0,1,0,medio_alto
0,0.0,0,0.0,1,1,1,0,0,0,0,0,0,0,1,0,0,alto
0,0.0,0,0.0,3,1,1,1,1,0,0,0,0,1,0,0,0,alto
0,0.0,0,0.0,1,2,1,0,0,0,0,1,1,0,0,0,0,alto
0,0.0,0,0.0,16,4,1,1,0,0,1,0,0,1,0,1,1,medio_baixo
0,0.0,0,0.0,1,3,1,0,0,0,1,0,0,1,0,0,1,medio_alto
0,0.0,0,0.0,1,2,1,0,0,0,1,0,0,1,0,0,0,medio_alto
0,0.0,0,0.0,1,3,1,0,1,0,1,1,0,1,0,0,0,medio_alto
0,0.0,0,0.0,1,3,1,0,0,0,1,1,0,0,0,0,0,gratuito
0,0.0,0,0.0,30,4,1,1,1,1,1,0,0,1,0,1,0,alto
0,0.0,0,0.0,11,6,1,0,0,0,1,1,1,1,1,0,0,medio_baixo
0,0.0,0,0.0,6,3,1,0,0,0,1,0,1,1,0,0,0,medio_alto
0,0.0,0,0.0,2,2,1,0,0,0,1,0,0,1,0,0,0,medio_baixo
0,0.0,0,0.0,1,4,1,0,0,0,1,1,0,0,0,1,1,alto
0,0.0,0,0.0,17,1,1,0,0,0,0,0,1,0,0,0,0,alto
0,0.0,0,0.0,1,3,1,0,0,0,1,1,1,0,0,0,0,medio_baixo
0,0.0,0,0.0,1,1,1,1,0,0,0,0,1,0,0,0,0,medio_alto
0,0.0,0,0.0,2,1,1,0,0,0,0,0,0,1,0,0,0,medio_baixo
0,0.0,0,0.0,2,1,1,1,0,0,0,0,1,0,0,0,0,medio_baixo
0,0.0,0,0.0,2,2,1,0,1,1,1,0,1,0,0,0,0,medio_alto
0,0.0,0,0.0,1,4,1,0,0,0,1,1,0,0,1,0,0,alto
0,0.0,0,0.0,2,4,1,0,0,0,1,1,1,0,0,0,0,gratuito
0,0.0,0,0.0,5,4,1,0,0,0,1,0,0,1,0,1,1,medio_alto
0,0.0,0,0.0,1,3,1,0,0,0,1,0,0,1,0,1,0,alto
0,0.0,0,0.0,3,3,1,0,0,1,1,0,1,1,0,0,0,medio_alto
0,0.0,0,0.0,1,2,1,0,0,0,0,0,1,1,0,0,0,alto
0,0.0,0,0.0,2,2,1,0,1,2,1,1,0,0,0,0,0,medio_alto
0,0.0,0,0.0,1,3,1,0,0,0,0,1,1,0,1,0,0,medio_alto
0,0.0,0,0.0,1,2,1,0,0,0,1,1,0,0,0,0,0,medio_baixo
0,0.0,0,0.0,4,3,1,0,0,0,1,0,0,1,1,0,0,medio_alto
0,10000.0,0,0.0,1,3,1,1,1,0,0,0,0,0,0,1,0,gratuito
0,0.0,0,0.0,2,2,1,0,0,0,1,1,0,0,0,0,0,alto
0,0.0,0,0.0,1,4,1,0,0,0,1,1,1,0,0,0,0,gratuito
0,0.0,0,0.0,12,4,1,0,0,0,1,0,1,1,0,0,1,alto
0,10000.0,0,0.0,1,1,1,0,0,0,0,0,0,0,0,0,0,alto
0,0.0,0,0.0,1,4,1,0,0,0,0,1,1,0,1,0,0,medio_alto
0,0.0,0,0.0,1,2,1,0,0,0,0,0,0,1,0,0,0,medio_baixo
0,10000.0,0,0.0,2,3,1,0,0,0,1,0,0,0,0,0,1,medio_alto
0,10000.0,0,0.0,14,2,1,0,0,0,0,1,0,0,0,0,0,alto
0,0.0,0,0.0,1,5,1,0,0,0,1,1,0,1,0,0,0,medio_baixo
0,10000.0,0,0.0,13,5,1,0,0,0,1,1,1,0,1,1,0,medio_alto
0,0.0,0,0.0,12,3,1,0,0,0,0,0,0,0,0,0,1,gratuito
0,0.0,0,0.0,3,4,1,0,0,0,1,1,1,0,1,0,0,baixo
0,0.0,0,0.0,12,4,1,0,0,0,1,0,1,1,0,0,1,medio_alto
0,0.0,0,0.0,11,4,1,0,0,1,1,0,0,1,0,1,1,alto
0,0.0,0,0.0,1,1,1,0,0,0,0,0,0,1,0,0,0,alto
0,0.0,0,0.0,1,3,1,0,0,0,1,0,0,1,0,1,0,medio_baixo
0,0.0,0,0.0,2,8,1,1,1,0,1,1,1,1,1,0,1,medio_alto
0,0.0,0,0.0,1,5,1,0,0,0,1,1,1,1,0,1,0,medio_alto
0,0.0,0,0.0,12,3,1,0,0,0,1,0,1,0,0,0,1,medio_alto
0,0.0,0,0.0,2,1,1,0,0,0,1,0,0,0,0,0,0,medio_baixo
0,0.0,0,0.0,1,1,1,0,0,0,1,0,0,0,0,0,0,baixo
0,0.0,0,0.0,2,2,1,0,0,0,1,0,0,0,0,1,0,medio_baixo
0,0.0,0,0.0,11,2,1,0,0,0,1,0,0,1,0,0,0,medio_alto
0,0.0,0,0.0,6,3,1,0,0,0,1,0,0,1,0,0,1,medio_alto
0,0.0,0,0.0,1,2,1,0,0,0,1,0,1,0,0,0,0,medio_baixo
0,0.0,0,0.0,2,3,1,0,0,0,1,0,0,0,0,1,0,gratuito
0,0.0,0,0.0,10,2,1,0,0,5,1,0,1,0,0,0,0,medio_alto
0,0.0,0,0.0,3,2,1,0,1,0,1,1,0,0,0,0,0,alto
0,0.0,0,0.0,9,2,1,1,1,0,1,0,0,1,0,0,0,medio_baixo
0,10000.0,0,0.0,5,1,1,0,1,0,0,0,0,1,0,0,0,medio_baixo
0,0.0,0,0.0,9,2,1,1,1,0,1,0,0,1,0,0,0,medio_baixo
0,0.0,0,0.0,12,2,1,0,0,0,1,0,1,0,0,0,0,alto
0,0.0,0,0.0,4,3,1,1,1,2,1,0,1,1,0,0,0,baixo
0,0.0,0,0.0,1,3,1,0,0,0,1,0,0,1,0,1,0,medio_alto
0,0.0,0,0.0,1,4,1,0,0,0,1,1,1,1,0,0,0,medio_baixo
0,0.0,0,0.0,1,3,1,0,0,0,1,1,1,0,0,0,0,medio_alto
0,0.0,0,0.0,1,3,1,0,0,0,1,0,1,1,0,0,0,baixo
0,0.0,0,0.0,9,1,1,0,0,0,0,0,0,0,0,1,0,medio_alto
0,0.0,0,0.0,3,2,1,0,0,0,1,0,0,0,0,1,0,medio_baixo
0,0.0,0,0.0,30,2,1,0,0,0,1,0,0,1,0,0,0,baixo
0,0.0,0,0.0,1,2,1,0,0,0,1,0,0,0,0,0,0,medio_baixo
0,0.0,0,0.0,1,2,1,0,0,0,1,0,0,0,0,0,0,gratuito
0,0.0,0,0.0,1,2,1,0,0,0,1,0,0,1,0,0,0,medio_baixo
0,0.0,0,0.0,3,4,1,0,0,0,1,0,0,1,0,0,1,medio_baixo
0,10000.0,0,0.0,1,3,1,0,0,0,1,1,0,0,0,0,0,alto
0,0.0,0,0.0,1,4,1,0,0,0,1,1,0,0,0,1,0,medio_baixo
0,0.0,0,0.0,8,3,1,1,0,0,1,0,1,1,0,0,0,alto
0,0.0,0,0.0,1,2,1,0,0,0,1,0,0,1,0,0,0,medio_baixo
0,0.0,0,0.0,103,4,1,0,0,0,1,0,1,1,0,0,0,gratuito
0,0.0,0,0.0,2,5,1,0,0,0,1,0,0,1,1,1,1,medio_alto
0,10000.0,0,0.0,2,3,1,0,0,0,0,0,0,1,0,1,1,alto
0,0.0,0,0.0,29,4,1,0,0,0,1,0,0,1,0,1,0,baixo
0,0.0,0,0.0,15,4,1,0,0,0,1,0,0,1,0,1,1,medio_alto
0,10000.0,0,0.0,1,2,1,0,0,0,1,1,0,0,0,0,0,medio_alto
0,0.0,0,0.0,9,3,1,1,1,1,1,0,0,0,0,1,0,alto
0,0.0,0,0.0,1,2,1,0,0,0,0,1,0,0,0,0,1,alto
0,0.0,0,0.0,7,4,1,0,0,0,1,0,0,1,1,0,1,baixo
0,0.0,0,0.0,1,3,1,0,1,0,1,0,1,1,0,0,0,medio_baixo
0,0.0,0,0.0,1,4,1,0,0,0,0,1,0,1,0,0,1,alto
0,0.0,0,0.0,3,2,1,0,0,0,1,0,0,1,0,0,0,medio_alto
0,10000.0,0,0.0,5,3,1,0,0,0,1,1,0,1,0,0,0,medio_alto
0,0.0,0,0.0,2,3,1,0,0,0,1,1,1,0,0,0,0,medio_alto
0,10000.0,0,0.0,13,7,1,0,0,0,1,1,1,0,1,0,1,alto
0,0.0,0,0.0,1,3,1,0,0,0,1,1,0,0,1,0,0,alto
0,0.0,0,0.0,12,5,1,0,0,0,1,1,1,0,0,1,0,medio_alto
0,0.0,0,0.0,2,1,1,0,0,0,0,1,0,0,0,0,0,alto
0,0.0,0,0.0,1,3,1,0,0,0,0,1,1,0,1,0,0,alto
0,0.0,0,0.0,5,3,1,0,0,0,1,0,1,0,0,1,0,medio_baixo
0,0.0,0,0.0,24,5,1,0,0,0,1,1,0,1,0,1,0,medio_alto
0,0.0,0,0.0,1,4,1,1,0,0,1,1,0,1,0,0,0,alto
0,0.0,0,0.0,1,3,1,0,0,0,1,0,1,1,0,0,0,medio_baixo
0,0.0,0,0.0,14,3,1,0,0,0,1,0,0,1,0,0,1,alto
0,0.0,0,0.0,1,1,1,0,0,1,1,0,0,0,0,0,0,alto
0,0.0,0,0.0,1,4,1,0,0,0,1,1,0,0,0,0,0,gratuito
0,10000.0,0,0.0,1,4,1,0,0,0,1,1,1,1,0,0,0,medio_alto
0,0.0,0,0.0,2,3,1,1,0,0,1,0,0,1,0,0,1,medio_alto
0,0.0,0,0.0,3,2,1,1,0,0,0,0,0,1,0,1,0,medio_baixo
0,0.0,0,0.0,1,4,1,0,0,0,1,0,0,1,0,0,1,medio_alto
0,0.0,0,0.0,1,4,1,0,0,0,1,1,1,0,1,0,0,baixo
0,0.0,0,0.0,1,6,1,1,1,0,1,1,1,1,0,0,0,alto
0,0.0,0,0.0,2,6,1,1,0,0,1,0,1,1,1,1,0,medio_baixo
0,0.0,0,0.0,10,3,1,0,0,0,1,0,0,1,0,0,1,medio_baixo
0,0.0,0,0.0,1,2,1,0,0,0,0,0,1,0,0,0,0,gratuito
0,0.0,0,0.0,2,2,1,1,0,0,1,1,0,0,0,0,0,alto
0,0.0,0,0.0,1,4,1,0,0,0,1,1,1,1,0,0,0,medio_alto
0,0.0,0,0.0,1,1,1,0,0,0,0,0,0,0,1,0,0,medio_alto
0,0.0,0,0.0,1,5,1,0,0,0,1,0,1,1,1,0,1,medio_alto
0,10000.0,0,0.0,2,3,1,0,0,0,1,1,1,0,0,0,0,medio_alto
0,0.0,0,0.0,1,2,1,0,0,0,1,1,0,0,0,0,0,medio_baixo
0,0.0,0,0.0,1,2,1,0,0,0,1,0,0,1,0,0,0,medio_baixo
0,0.0,0,0.0,1,1,1,0,0,0,1,0,0,0,0,0,0,medio_alto
0,0.0,0,0.0,103,4,1,0,0,0,1,0,0,1,0,0,1,baixo
0,0.0,0,0.0,4,3,1,0,0,0,1,0,0,1,0,1,0,medio_baixo
0,0.0,0,0.0,6,4,1,0,0,0,1,0,0,1,0,0,1,medio_baixo
0,10000.0,0,0.0,5,4,1,0,0,1,1,0,0,0,1,0,1,alto
0,0.0,0,0.0,12,4,1,0,0,0,1,1,0,1,0,0,1,medio_baixo
0,0.0,0,0.0,1,3,1,1,1,0,0,0,1,1,0,0,1,alto
0,0.0,0,0.0,2,3,1,0,0,0,0,1,0,1,0,0,0,alto
0,0.0,0,0.0,2,6,1,0,0,0,1,0,0,1,0,0,1,medio_alto
0,0.0,0,0.0,1,4,1,0,0,0,1,1,0,1,0,0,1,alto
0,0.0,0,0.0,1,6,1,0,0,1,1,0,1,1,1,0,1,alto
0,0.0,0,0.0,9,1,1,0,0,0,0,0,1,0,0,0,0,alto
0,0.0,0,0.0,1,3,1,0,0,3,0,1,0,1,1,0,0,medio_baixo
0,0.0,0,0.0,15,3,1,0,0,0,1,0,0,1,0,0,1,medio_baixo
0,0.0,0,0.0,11,1,1,0,0,0,0,1,0,0,0,0,0,medio_baixo
0,0.0,0,0.0,5,4,1,0,0,0,1,1,0,1,1,0,0,alto
0,0.0,0,0.0,1,2,1,0,0,0,1,0,1,0,0,0,0,medio_baixo
0,0.0,0,0.0,1,1,1,0,0,0,0,1,0,0,0,0,0,alto
0,0.0,0,0.0,10,3,1,1,1,0,1,0,0,1,0,1,0,alto
0,0.0,0,0.0,2,1,1,0,0,0,0,0,1,0,0,0,0,medio_alto
0,0.0,0,0.0,4,1,1,0,0,0,0,0,0,1,0,0,0,medio_baixo
0,0.0,0,0.0,4,1,1,0,0,0,1,0,0,0,0,0,0,baixo
0,0.0,0,0.0,15,4,1,0,0,0,1,1,0,1,0,1,0,medio_baixo
0,0.0,0,0.0,2,2,1,0,0,0,1,0,1,0,0,0,0,baixo
0,0.0,0,0.0,1,2,1,0,0,0,1,1,0,0,0,0,0,alto
0,0.0,0,0.0,8,1,1,0,0,0,0,1,0,0,0,0,0,medio_alto
0,0.0,0,0.0,1,2,1,0,0,0,1,1,0,0,0,0,0,medio_alto
0,0.0,0,0.0,1,4,1,0,0,0,1,0,0,0,0,1,1,alto
0,0.0,0,0.0,2,3,1,0,0,0,1,0,0,0,0,1,1,alto
0,0.0,0,0.0,2,4,1,0,0,0,1,0,0,1,1,1,0,medio_baixo
0,0.0,0,0.0,1,3,1,0,0,0,1,0,1,0,1,0,0,medio_alto
0,0.0,0,0.0,2,3,1,0,0,0,1,0,0,0,0,1,0,alto
0,0.0,0,0.0,1,3,1,0,1,1,1,1,1,0,0,0,0,medio_alto
0,0.0,0,0.0,2,3,1,1,0,1,1,0,1,0,1,0,0,medio_alto
0,0.0,0,0.0,1,3,1,0,0,0,1,0,0,0,1,0,0,gratuito
0,0.0,0,0.0,2,4,1,0,0,0,0,1,1,0,1,0,0,alto
0,0.0,0,0.0,4,4,1,0,0,0,1,0,0,1,0,1,0,medio_alto
0,0.0,0,0.0,1,3,1,0,0,0,1,0,0,1,0,0,0,gratuito
0,10000.0,0,0.0,6,4,1,0,0,0,1,0,0,0,1,1,1,alto
0,0.0,0,0.0,1,3,1,0,1,0,1,0,0,1,0,0,0,gratuito
0,0.0,0,0.0,103,2,1,0,0,0,1,0,0,1,0,0,0,baixo
0,0.0,0,0.0,2,2,1,0,0,0,1,0,1,0,0,0,0,alto
0,0.0,0,0.0,1,3,1,0,0,0,1,1,1,0,0,0,0,medio_alto
0,0.0,0,0.0,19,3,1,0,0,0,1,1,0,0,0,1,0,medio_baixo
0,0.0,0,0.0,4,4,1,0,0,0,1,1,1,0,1,0,0,medio_alto
0,0.0,0,0.0,5,1,1,1,1,0,0,0,0,1,0,0,0,alto
0,0.0,0,0.0,1,2,1,0,0,0,0,1,0,0,0,0,0,gratuito
0,0.0,0,0.0,1,3,1,0,0,0,0,0,1,1,1,0,0,medio_baixo
0,0.0,0,0.0,2,1,1,0,0,0,0,0,1,0,0,0,0,medio_alto
0,10000.0,0,0.0,7,6,1,0,0,0,1,0,1,1,1,0,1,alto
0,0.0,0,0.0,9,1,1,0,0,0,0,0,0,0,0,1,0,alto
0,0.0,0,0.0,25,6,1,0,0,0,1,0,1,1,1,0,1,gratuito
0,0.0,0,0.0,1,2,1,0,0,0,1,1,0,0,0,0,0,baixo
0,0.0,0,0.0,1,3,1,0,0,1,1,0,1,0,0,0,0,gratuito
0,0.0,0,0.0,0,0,1,0,0,0,0,0,0,0,0,0,0,gratuito
0,0.0,0,0.0,1,1,1,0,0,0,0,0,0,0,0,0,1,medio_alto
0,0.0,0,0.0,1,6,1,1,0,0,1,1,1,0,1,0,0,gratuito
0,0.0,0,0.0,1,3,1,0,1,0,1,0,0,1,0,1,0,baixo
0,0.0,0,0.0,5,4,1,0,0,0,1,1,0,1,0,0,0,medio_alto
0,10000.0,0,0.0,12,3,1,0,0,0,0,1,1,0,1,0,0,alto
0,0.0,0,0.0,2,3,1,0,0,0,1,0,0,1,1,0,0,medio_alto
0,0.0,0,0.0,5,4,1,0,0,0,1,1,1,1,0,0,0,medio_alto
0,0.0,0,0.0,4,3,1,0,0,0,1,0,0,1,0,1,0,medio_baixo
0,0.0,0,0.0,3,3,1,0,0,0,1,0,0,1,0,1,0,medio_alto
0,0.0,0,0.0,1,3,1,1,0,0,1,0,1,1,0,0,0,medio_alto
0,0.0,0,0.0,31,2,1,0,0,0,1,0,0,1,0,0,0,baixo
0,0.0,0,0.0,2,5,1,0,0,0,1,0,0,1,0,1,1,baixo
0,0.0,0,0.0,1,4,1,0,0,0,1,1,0,1,0,0,1,medio_alto
0,0.0,0,0.0,1,2,1,0,0,0,1,0,1,0,0,0,0,medio_baixo
0,0.0,0,0.0,1,3,1,0,0,0,1,1,0,0,1,0,0,alto
0,0.0,0,0.0,1,1,1,1,0,0,0,0,0,0,0,0,1,alto
0,0.0,0,0.0,1,5,1,0,1,2,1,1,1,1,0,0,1,alto
0,0.0,0,0.0,1,3,1,0,0,0,1,0,0,0,1,1,0,medio_baixo
0,0.0,0,0.0,2,8,1,0,0,0,1,1,1,0,1,0,1,gratuito
0,0.0,0,0.0,5,2,1,0,0,0,1,0,0,1,0,0,0,medio_alto
0,0.0,0,0.0,1,3,1,0,0,0,1,1,0,0,0,0,0,gratuito
0,0.0,0,0.0,8,3,1,0,0,0,1,1,1,0,0,0,0,alto
0,0.0,0,0.0,1,1,1,0,0,0,1,0,0,0,0,0,0,baixo
0,0.0,0,0.0,13,3,1,0,0,1,1,1,1,0,0,0,0,alto
0,0.0,0,0.0,1,3,1,1,0,0,1,1,0,1,0,0,0,alto
0,0.0,0,0.0,1,3,1,0,0,0,1,0,0,1,0,1,0,alto
0,10000.0,0,0.0,7,4,1,0,0,0,1,0,1,0,1,1,0,medio_alto
0,0.0,0,0.0,14,5,1,0,0,0,1,1,1,0,0,0,1,alto
0,0.0,0,0.0,1,3,1,0,0,0,0,1,1,0,0,0,1,medio_baixo
0,0.0,0,0.0,2,2,1,1,0,0,1,0,0,0,0,1,0,medio_alto
0,10000.0,0,0.0,1,2,1,0,0,2,1,0,1,0,0,0,0,medio_alto
0,0.0,0,0.0,2,4,1,0,0,0,1,1,1,1,0,0,0,baixo
0,0.0,0,0.0,26,3,1,0,0,0,1,0,0,1,0,0,1,baixo
0,0.0,0,0.0,103,2,1,0,0,0,1,0,0,1,0,0,0,medio_baixo
0,0.0,0,0.0,14,1,1,0,0,0,0,0,0,1,0,0,0,medio_alto
0,10000.0,0,0.0,1,3,1,0,0,0,1,0,1,0,0,0,0,medio_alto
0,0.0,0,0.0,1,2,1,0,0,1,0,0,1,0,0,0,0,gratuito
0,0.0,0,0.0,1,5,1,1,1,0,1,0,0,0,1,0,0,gratuito
0,0.0,0,0.0,7,3,1,1,1,0,1,0,1,1,0,0,0,medio_baixo
0,0.0,0,0.0,1,4,1,0,0,0,1,1,0,1,0,0,0,gratuito
0,0.0,0,0.0,103,2,1,0,0,0,1,1,0,0,0,0,0,medio_alto
0,0.0,0,0.0,31,2,1,0,0,0,1,0,0,1,0,0,0,baixo
0,10000.0,0,0.0,5,3,1,0,0,0,1,0,0,0,1,0,1,medio_alto
0,0.0,0,0.0,6,1,1,0,0,0,0,1,0,0,0,0,0,alto
0,0.0,0,0.0,1,4,1,0,0,0,1,0,1,1,0,0,0,gratuito
0,0.0,0,0.0,4,3,1,0,0,0,0,0,1,0,1,0,1,alto
0,0.0,0,0.0,1,5,1,0,0,0,1,0,1,0,1,1,0,alto
0,10000.0,0,0.0,1,4,1,0,0,0,0,0,1,1,0,0,1,alto
0,0.0,0,0.0,1,2,1,0,0,0,1,0,0,1,0,0,0,baixo
0,10000.0,0,0.0,1,3,1,1,0,0,1,0,1,1,0,0,0,alto
0,0.0,0,0.0,1,4,1,0,0,0,1,1,0,1,0,0,0,medio_baixo
0,0.0,0,0.0,2,2,1,0,0,0,1,0,0,0,0,0,0,gratuito
0,0.0,0,0.0,1,4,1,0,0,0,1,1,0,0,1,0,0,gratuito
0,0.0,0,0.0,1,8,1,0,0,0,1,0,1,1,1,1,0,gratuito
0,0.0,0,0.0,1,2,1,0,0,0,1,0,0,0,0,0,1,baixo
0,0.0,0,0.0,1,3,1,0,0,0,1,0,0,1,0,1,0,medio_alto
0,10000.0,0,0.0,1,3,1,0,0,0,1,1,1,0,0,0,0,alto
0,0.0,0,0.0,4,3,1,0,0,0,1,0,0,0,0,0,1,medio_alto
0,0.0,0,0.0,3,6,1,0,1,0,1,0,0,1,0,1,1,gratuito
0,0.0,0,0.0,9,3,1,0,0,0,1,1,1,0,0,0,0,alto
0,0.0,0,0.0,10,4,1,0,0,0,0,1,0,0,1,0,0,gratuito
0,10000.0,0,0.0,6,3,1,0,0,1,1,0,1,0,1,0,0,alto
0,0.0,0,0.0,2,3,1,0,0,0,1,1,0,0,1,0,0,medio_baixo
0,0.0,0,0.0,1,2,1,0,0,0,0,0,1,1,0,0,0,baixo
0,10000.0,0,0.0,15,3,1,0,0,0,1,0,0,1,0,0,1,alto
0,0.0,0,0.0,4,4,1,0,0,0,1,1,1,0,0,0,1,alto
0,0.0,0,0.0,2,3,1,0,0,0,1,0,1,0,0,1,0,medio_alto
0,0.0,0,0.0,1,7,1,0,0,0,1,1,1,1,1,0,1,medio_baixo
0,10000.0,0,0.0,1,3,1,0,0,0,1,0,0,1,0,0,1,medio_baixo
0,10000.0,0,0.0,15,3,1,0,1,0,1,0,0,1,1,0,0,medio_alto
0,0.0,0,0.0,1,3,1,0,0,0,0,1,1,0,0,0,0,gratuito
0,0.0,0,0.0,30,2,1,1,1,0,1,0,0,0,0,0,1,alto
0,0.0,0,0.0,1,2,1,0,0,0,1,1,0,0,0,0,0,medio_baixo
0,0.0,0,0.0,1,2,1,0,0,0,1,0,1,0,0,0,0,alto
0,0.0,0,0.0,1,3,1,0,0,0,1,0,0,1,0,0,0,gratuito
0,0.0,0,0.0,1,3,1,0,0,0,1,0,0,1,0,0,0,medio_alto
0,0.0,0,0.0,1,3,1,0,0,0,1,1,0,1,0,0,0,medio_alto
0,10000.0,0,0.0,1,2,1,0,0,0,1,0,1,0,0,0,0,alto
0,0.0,0,0.0,1,2,1,0,0,0,1,0,1,0,0,0,0,medio_alto
0,0.0,0,0.0,2,4,1,0,0,0,1,1,1,0,0,0,1,baixo
0,0.0,0,0.0,1,3,1,0,0,0,1,1,1,0,0,0,0,medio_alto
0,0.0,0,0.0,103,4,1,0,0,0,1,0,1,0,1,0,0,alto
0,0.0,0,0.0,6,2,1,1,1,0,0,0,1,0,0,0,1,medio_baixo
0,0.0,0,0.0,103,2,1,0,0,0,0,1,1,0,0,0,0,medio_baixo
0,0.0,0,0.0,13,3,1,0,0,0,1,0,1,0,0,0,0,gratuito
0,0.0,0,0.0,1,2,1,0,0,0,1,0,0,0,0,1,0,baixo
0,0.0,0,0.0,2,4,1,0,0,0,1,1,0,1,0,0,0,gratuito
0,0.0,0,0.0,16,3,1,0,0,0,1,1,0,1,0,0,0,baixo
0,0.0,0,0.0,1,4,1,0,0,0,0,0,0,0,1,0,0,gratuito
0,0.0,0,0.0,1,1,1,0,0,0,0,0,1,0,0,0,0,gratuito
0,0.0,0,0.0,4,2,1,0,0,1,1,0,0,1,0,0,0,medio_alto
0,0.0,0,0.0,9,1,1,0,0,0,0,0,1,0,0,0,0,medio_alto
0,10000.0,0,0.0,3,2,1,0,0,0,0,0,1,0,0,0,1,alto
0,0.0,0,0.0,15,3,1,0,0,0,1,0,0,1,0,0,0,medio_alto
0,0.0,0,0.0,24,2,1,0,0,0,1,0,1,0,0,0,0,medio_alto
0,0.0,0,0.0,1,1,1,0,0,0,0,0,1,0,0,0,0,medio_baixo
0,0.0,0,0.0,1,2,1,0,0,0,0,0,0,0,0,0,1,alto
0,10000.0,0,0.0,1,2,1,0,0,0,0,1,0,0,0,0,1,medio_baixo
0,0.0,0,0.0,3,1,1,0,0,1,1,0,0,0,0,0,0,medio_baixo
0,0.0,0,0.0,12,4,1,0,0,0,1,0,0,0,1,1,1,alto
0,0.0,0,0.0,1,5,1,0,0,0,1,1,0,1,0,1,0,gratuito
0,0.0,0,0.0,26,3,1,1,1,0,1,0,0,1,0,0,1,alto
0,0.0,0,0.0,1,1,1,0,0,0,0,0,0,0,0,0,0,gratuito
0,10000.0,0,0.0,1,1,1,0,0,0,0,0,1,0,0,0,0,medio_alto
0,0.0,0,0.0,1,1,1,0,0,0,1,0,0,0,0,0,0,medio_baixo
0,0.0,0,0.0,1,4,1,0,0,0,1,1,1,1,0,0,0,medio_alto
0,0.0,0,0.0,30,4,1,1,0,0,1,0,0,0,0,1,1,alto
0,0.0,0,0.0,3,2,1,0,0,0,1,0,0,0,0,1,0,medio_baixo
0,0.0,0,0.0,1,1,1,0,0,0,1,0,0,0,0,0,0,medio_alto
0,0.0,0,0.0,1,6,1,0,0,0,1,1,1,1,0,1,0,alto
0,0.0,0,0.0,103,2,1,0,0,2,1,0,0,1,0,0,0,medio_baixo
0,0.0,0,0.0,1,3,1,0,0,0,1,0,0,1,0,0,1,medio_alto
0,0.0,0,0.0,1,1,1,0,0,0,1,0,0,0,0,0,0,medio_alto
0,0.0,0,0.0,1,3,1,0,0,0,0,1,0,1,0,0,0,medio_baixo
0,0.0,0,0.0,1,3,1,0,0,0,1,0,0,1,0,1,0,medio_baixo
0,0.0,0,0.0,5,2,1,0,0,0,1,1,0,0,0,0,0,alto
0,0.0,0,0.0,1,1,1,0,0,0,1,0,0,0,0,0,0,medio_baixo
0,0.0,0,0.0,4,4,1,0,0,0,1,0,0,1,0,1,0,alto
0,0.0,0,0.0,0,4,1,0,0,0,0,1,1,0,0,1,0,gratuito
0,10000.0,0,0.0,2,3,1,0,1,1,1,0,0,1,0,1,0,medio_alto
0,0.0,0,0.0,20,2,1,0,0,0,1,0,1,0,0,0,0,medio_baixo
0,0.0,0,0.0,1,3,1,0,0,0,1,0,0,1,1,0,0,medio_baixo
0,10000.0,0,0.0,1,2,1,0,0,0,1,0,0,0,0,1,0,medio_alto
0,0.0,0,0.0,11,3,1,0,0,0,1,0,0,0,1,0,1,medio_alto
0,0.0,0,0.0,1,3,1,0,0,0,1,0,0,1,0,0,0,gratuito
0,0.0,0,0.0,1,1,1,0,0,0,0,1,0,0,0,0,0,medio_alto
0,0.0,0,0.0,103,4,1,0,0,0,1,0,0,1,0,0,1,baixo
0,0.0,0,0.0,1,5,1,0,0,0,0,0,0,1,0,1,1,gratuito
0,0.0,0,0.0,6,3,1,1,0,0,1,0,0,1,0,0,1,medio_alto
0,10000.0,0,0.0,2,3,1,0,0,0,1,0,0,1,0,0,1,medio_alto
0,0.0,0,0.0,1,4,1,0,0,0,1,0,0,0,1,0,1,gratuito
0,0.0,0,0.0,1,2,1,0,0,0,1,0,0,0,0,0,1,medio_alto
0,0.0,0,0.0,1,2,1,1,1,0,0,0,0,1,0,0,0,gratuito
0,0.0,0,0.0,1,3,1,0,0,3,0,1,1,0,0,0,1,alto
0,0.0,0,0.0,1,6,1,0,0,0,1,1,1,1,0,1,0,gratuito
0,0.0,0,0.0,9,3,1,0,0,0,1,0,0,0,0,1,0,alto
0,10000.0,0,0.0,11,4,1,0,0,0,1,0,1,1,0,0,0,alto
0,0.0,0,0.0,5,1,1,0,0,0,0,0,0,1,0,0,0,medio_baixo
0,0.0,0,0.0,1,7,1,0,0,0,1,1,1,1,1,0,1,alto
0,0.0,0,0.0,1,3,1,0,0,0,1,0,0,0,0,0,1,gratuito
0,0.0,0,0.0,1,3,1,0,0,0,0,0,0,0,0,1,1,alto
0,0.0,0,0.0,2,3,1,0,0,0,1,0,1,1,0,0,0,medio_baixo
0,0.0,0,0.0,2,3,1,0,0,0,1,1,0,0,0,0,0,medio_baixo
0,10000.0,0,0.0,7,4,1,1,0,0,1,1,0,1,1,0,0,medio_alto
0,0.0,0,0.0,1,3,1,1,1,0,1,0,1,1,0,0,0,medio_alto
0,0.0,0,0.0,1,3,1,0,0,0,1,1,1,0,0,0,0,medio_baixo
0,0.0,0,0.0,1,1,1,0,0,0,0,0,0,1,0,0,0,baixo
0,0.0,0,0.0,3,1,1,0,0,0,1,0,0,0,0,0,0,medio_alto
0,0.0,0,0.0,9,5,1,0,0,0,1,0,1,1,1,0,1,baixo
0,0.0,0,0.0,1,3,1,0,0,0,0,1,0,0,1,0,0,alto
0,0.0,0,0.0,1,3,1,1,0,0,1,1,0,0,0,0,0,gratuito
0,0.0,0,0.0,1,1,1,0,0,0,0,0,1,0,0,0,0,alto
0,0.0,0,0.0,11,3,1,0,0,1,1,1,0,0,0,0,0,gratuito
0,10000.0,0,0.0,1,2,1,0,0,0,1,1,0,0,0,0,0,alto
0,10000.0,0,0.0,1,3,1,0,0,0,1,0,1,0,1,0,0,alto
0,0.0,0,0.0,11,2,1,0,0,0,1,1,0,0,0,0,0,alto
0,0.0,0,0.0,1,2,1,0,0,0,0,0,0,0,0,0,1,gratuito
0,0.0,0,0.0,1,1,1,0,0,0,0,0,0,0,1,0,0,baixo
0,0.0,0,0.0,11,2,1,0,0,0,0,0,0,0,0,0,1,alto
0,0.0,0,0.0,1,3,1,0,0,0,1,1,0,0,0,0,0,alto
0,0.0,0,0.0,1,2,1,0,0,0,1,1,0,0,0,0,0,medio_baixo
0,0.0,0,0.0,2,4,1,0,0,0,1,1,1,1,0,0,0,medio_alto
0,0.0,0,0.0,1,1,1,0,0,0,0,0,0,0,0,0,0,alto
0,0.0,0,0.0,4,2,1,0,0,0,0,0,1,0,1,0,0,alto
0,0.0,0,0.0,7,4,1,0,0,0,0,1,1,1,0,0,0,alto
0,0.0,0,0.0,10,2,1,0,0,0,0,1,0,0,0,0,0,gratuito
0,0.0,0,0.0,1,1,1,0,1,0,0,0,0,1,0,0,0,medio_baixo
0,0.0,0,0.0,2,3,1,0,0,0,1,0,1,0,0,0,0,medio_alto
0,0.0,0,0.0,3,4,1,0,0,0,1,1,1,1,0,0,0,medio_baixo
0,0.0,0,0.0,1,3,1,1,0,0,1,0,0,0,0,0,1,alto
0,10000.0,0,0.0,1,4,1,0,0,0,0,1,0,0,0,1,1,alto
0,0.0,0,0.0,1,2,1,0,0,0,1,0,0,0,0,0,0,gratuito
0,0.0,0,0.0,1,4,1,0,0,0,0,0,0,0,1,1,1,alto
0,0.0,0,0.0,1,3,1,0,0,0,1,0,1,0,0,0,1,medio_alto
0,0.0,0,0.0,1,2,1,0,0,1,1,0,0,0,0,0,0,gratuito
0,0.0,0,0.0,1,2,1,0,0,0,0,0,0,1,0,1,0,medio_alto
0,0.0,0,0.0,8,5,1,0,0,0,1,0,0,0,1,1,1,alto
0,10000.0,0,0.0,4,1,1,1,0,0,0,0,0,1,0,0,0,medio_baixo
0,10000.0,0,0.0,1,4,1,0,0,0,1,1,1,0,1,0,0,medio_baixo
0,0.0,0,0.0,1,2,1,0,0,0,1,0,0,1,0,0,0,medio_alto
0,0.0,0,0.0,2,3,1,1,0,0,1,0,1,1,0,0,0,medio_baixo
0,0.0,0,0.0,7,1,1,0,0,0,1,0,0,0,0,0,0,alto
0,0.0,0,0.0,4,3,1,0,0,0,1,0,0,1,0,0,1,alto
0,0.0,0,0.0,1,2,1,0,0,0,1,0,1,0,0,0,0,medio_alto
0,0.0,0,0.0,1,4,1,0,0,0,1,1,0,1,0,1,0,baixo
0,10000.0,0,0.0,4,5,1,0,0,0,1,0,0,1,0,1,1,gratuito
0,0.0,0,0.0,1,4,1,0,0,0,1,0,0,1,1,1,0,medio_alto
0,10000.0,0,0.0,1,1,1,0,0,0,0,0,1,0,0,0,0,medio_alto
0,0.0,0,0.0,4,2,1,0,0,0,0,0,0,0,0,1,1,alto
0,0.0,0,0.0,1,5,1,0,0,0,1,0,0,1,1,0,1,gratuito
0,0.0,0,0.0,2,5,1,0,0,0,1,0,0,1,0,1,0,gratuito
0,0.0,0,0.0,1,2,1,0,0,0,0,1,1,0,0,0,0,alto
0,0.0,0,0.0,10,4,1,0,0,0,1,1,1,0,0,0,0,medio_alto
0,0.0,0,0.0,1,5,1,0,0,0,1,0,0,1,0,1,1,medio_baixo
0,0.0,0,0.0,1,4,1,0,0,0,1,0,0,1,0,0,1,gratuito
0,10000.0,0,0.0,1,1,1,0,0,0,0,0,0,0,1,0,0,alto
0,0.0,0,0.0,1,2,1,0,0,0,1,0,0,1,0,0,0,medio_alto
0,0.0,0,0.0,1,1,1,0,1,0,0,1,0,0,0,0,0,medio_baixo
0,0.0,0,0.0,1,3,1,0,0,0,0,0,1,1,1,0,0,medio_baixo
0,0.0,0,0.0,1,3,1,0,0,0,1,1,1,0,0,0,0,medio_baixo
0,0.0,0,0.0,2,2,1,0,0,0,1,0,0,1,0,0,0,medio_baixo
0,0.0,0,0.0,2,7,1,0,0,0,1,1,0,0,1,1,0,gratuito
0,0.0,0,0.0,3,1,1,0,0,0,0,0,0,1,0,0,0,medio_alto
0,0.0,0,0.0,1,4,1,0,0,0,1,1,0,1,0,1,0,medio_alto
0,0.0,0,0.0,1,3,1,1,0,0,0,0,1,0,1,1,0,alto
0,0.0,0,0.0,1,3,1,1,0,0,1,1,1,0,0,0,0,alto
0,0.0,0,0.0,1,4,1,0,0,0,0,1,0,1,0,0,1,gratuito
0,0.0,0,0.0,9,6,1,0,0,0,1,1,1,0,0,1,1,medio_alto
0,0.0,0,0.0,13,2,1,0,0,0,1,1,0,0,0,0,0,alto
0,0.0,0,0.0,1,2,1,0,0,0,0,0,1,0,0,0,0,gratuito
0,10000.0,0,0.0,5,2,1,0,0,0,1,0,0,0,0,1,0,alto
0,0.0,0,0.0,1,2,1,0,0,0,0,1,1,0,0,0,0,medio_baixo
0,0.0,0,0.0,1,3,1,0,0,1,1,0,0,1,1,0,0,medio_alto
0,10000.0,0,0.0,1,2,1,0,0,2,0,0,1,0,0,1,0,alto
0,0.0,0,0.0,1,4,1,0,0,0,1,0,1,1,0,0,0,gratuito
0,0.0,0,0.0,1,1,1,0,0,0,0,1,0,0,0,0,0,alto
0,0.0,0,0.0,1,2,1,0,0,0,1,0,1,0,0,0,0,alto
0,0.0,0,0.0,7,5,1,0,0,0,1,1,1,0,1,0,0,alto
0,0.0,0,0.0,1,4,1,0,0,0,1,0,1,0,0,0,1,baixo
0,0.0,0,0.0,1,2,1,0,0,0,1,0,1,0,0,0,0,medio_alto
0,0.0,0,0.0,5,3,1,1,0,0,1,1,0,1,0,0,0,medio_alto
0,0.0,0,0.0,10,4,1,0,1,0,1,1,1,0,0,0,0,gratuito
0,0.0,0,0.0,1,5,1,0,1,0,1,0,0,1,0,1,1,medio_alto
0,0.0,0,0.0,1,1,1,0,0,0,0,0,0,0,1,0,0,alto
0,0.0,0,0.0,103,2,1,1,0,1,1,1,0,0,0,0,0,medio_alto
0,0.0,0,0.0,1,4,1,0,0,0,1,1,0,1,0,0,0,medio_alto
0,0.0,0,0.0,1,2,1,0,0,0,0,1,1,0,0,0,0,medio_alto
0,0.0,0,0.0,9,3,1,0,0,1,1,1,0,1,0,0,0,medio_alto
0,0.0,0,0.0,2,1,1,0,0,0,0,0,1,0,0,0,0,alto
0,0.0,0,0.0,1,1,1,0,0,0,0,0,0,1,0,0,0,medio_baixo
0,0.0,0,0.0,103,2,1,0,0,0,1,0,0,1,0,0,0,baixo
0,0.0,0,0.0,4,1,1,0,0,0,0,0,1,0,0,0,0,alto
0,0.0,0,0.0,7,4,1,1,0,0,1,0,1,0,1,1,0,alto
0,0.0,0,0.0,1,2,1,0,0,0,1,0,0,1,0,0,0,medio_baixo
0,0.0,0,0.0,10,4,1,0,0,0,1,0,1,1,0,0,0,medio_alto
0,0.0,0,0.0,1,4,1,1,0,0,1,0,1,1,1,0,0,medio_baixo
0,0.0,0,0.0,1,1,1,0,0,0,0,0,1,0,0,0,0,alto
0,0.0,0,0.0,10,4,1,0,0,0,1,1,1,1,0,0,0,alto
0,0.0,0,0.0,1,3,1,1,1,0,1,1,0,0,0,0,0,gratuito
0,0.0,0,0.0,1,1,1,1,1,1,0,1,0,0,0,0,0,medio_baixo
0,0.0,0,0.0,1,2,1,0,0,0,1,0,0,0,0,1,0,medio_alto
0,0.0,0,0.0,2,3,1,0,1,0,1,0,1,0,0,0,0,gratuito
0,0.0,0,0.0,2,2,1,0,0,0,0,0,1,0,1,0,0,alto
0,10000.0,0,0.0,10,4,1,0,0,1,1,0,0,1,0,1,0,alto
0,0.0,0,0.0,5,2,1,0,0,1,1,1,0,0,0,0,0,medio_alto
0,0.0,0,0.0,1,2,1,0,0,0,1,0,1,0,0,0,0,medio_alto
0,0.0,0,0.0,9,4,1,0,0,0,1,1,0,0,0,1,0,alto
0,0.0,0,0.0,9,2,1,1,1,0,1,0,0,1,0,0,0,medio_baixo
0,0.0,0,0.0,1,1,1,0,0,0,0,0,0,1,0,0,0,medio_baixo
0,0.0,0,0.0,15,5,1,0,0,0,1,0,0,1,1,0,1,medio_alto
0,0.0,0,0.0,31,2,1,0,0,0,1,0,0,1,0,0,0,baixo
0,0.0,0,0.0,1,6,1,0,0,0,1,1,1,0,0,1,0,alto
0,0.0,0,0.0,1,4,1,0,0,0,1,1,1,0,0,0,0,gratuito
0,0.0,0,0.0,1,3,1,0,0,0,1,0,0,0,0,0,1,alto
0,0.0,0,0.0,1,3,1,0,0,0,1,0,0,0,0,1,1,baixo
0,0.0,0,0.0,0,0,1,0,0,0,0,0,0,0,0,0,0,gratuito
0,0.0,0,0.0,1,2,1,0,0,0,1,0,1,0,0,0,0,baixo
0,10000.0,0,0.0,12,3,1,0,0,0,1,0,0,1,0,0,1,alto
0,10000.0,0,0.0,15,4,1,0,0,0,1,0,1,1,1,0,0,alto
0,0.0,0,0.0,15,4,1,0,0,0,1,0,0,1,0,0,1,gratuito
0,0.0,0,0.0,1,6,1,1,1,0,1,1,1,1,1,0,1,medio_alto
0,0.0,0,0.0,1,2,1,0,0,2,0,0,1,0,1,0,0,alto
0,0.0,0,0.0,3,5,1,0,0,0,1,1,1,0,1,0,0,alto
0,0.0,0,0.0,11,3,1,0,0,0,1,0,0,1,0,0,1,alto
0,0.0,0,0.0,1,4,1,0,0,0,1,0,0,1,0,1,1,medio_baixo
0,0.0,0,0.0,2,1,1,0,0,0,0,0,1,0,0,0,0,alto
0,0.0,0,0.0,2,5,1,0,0,0,1,0,0,1,1,1,1,medio_alto
0,0.0,0,0.0,9,1,1,0,0,0,0,0,0,1,0,0,0,medio_baixo
0,10000.0,0,0.0,15,4,1,0,0,0,1,0,1,0,0,0,1,alto
0,0.0,0,0.0,2,2,1,0,0,0,0,1,0,1,0,0,0,alto
0,0.0,0,0.0,1,2,1,0,0,0,0,0,0,0,0,0,1,medio_baixo
0,0.0,0,0.0,1,3,1,0,0,0,0,0,1,1,0,1,0,medio_baixo
0,0.0,0,0.0,1,3,1,0,0,0,1,0,1,0,0,0,0,gratuito
0,0.0,0,0.0,1,4,1,1,1,0,1,0,0,0,1,1,0,gratuito
0,0.0,0,0.0,1,5,1,0,0,0,1,1,0,0,0,0,1,alto
0,10000.0,0,0.0,1,1,1,0,0,0,0,0,0,0,0,1,0,alto
0,0.0,0,0.0,1,3,1,0,0,0,1,0,1,0,0,0,1,medio_baixo
0,0.0,0,0.0,1,1,1,0,0,0,0,0,0,0,0,0,1,alto
0,0.0,0,0.0,10,2,1,1,1,0,1,0,0,1,0,0,0,medio_alto
0,0.0,0,0.0,2,3,1,0,0,0,1,0,1,0,1,0,0,alto
0,0.0,0,0.0,6,4,1,0,1,0,1,0,0,0,0,0,1,alto
0,0.0,0,0.0,5,3,1,1,0,0,1,0,0,1,0,1,0,medio_baixo
0,0.0,0,0.0,9,1,1,0,0,2,1,0,0,0,0,0,0,alto
0,0.0,0,0.0,12,5,1,0,0,0,0,1,1,0,1,0,0,alto
0,0.0,0,0.0,1,2,1,0,0,0,0,1,0,0,0,1,0,medio_baixo
0,0.0,0,0.0,1,4,1,0,0,1,1,0,0,1,1,0,0,gratuito
0,0.0,0,0.0,1,3,1,0,0,0,1,0,1,0,0,0,0,gratuito
0,0.0,0,0.0,1,3,1,0,0,3,0,0,0,0,0,1,1,gratuito
0,0.0,0,0.0,4,1,1,0,0,0,0,0,1,0,0,0,0,alto
0,10000.0,0,0.0,1,1,1,0,0,0,0,0,0,0,0,0,1,alto
0,0.0,0,0.0,1,4,1,1,1,0,1,0,0,1,0,0,1,gratuito
0,0.0,0,0.0,4,2,1,0,0,0,0,0,0,0,0,0,0,gratuito
0,0.0,0,0.0,2,3,1,1,1,0,1,0,1,1,0,0,0,medio_alto
0,0.0,0,0.0,9,5,1,1,1,0,0,1,1,0,1,0,1,alto
0,0.0,0,0.0,13,4,1,0,0,0,1,0,0,0,0,0,1,alto
0,0.0,0,0.0,2,2,1,0,0,0,0,1,0,0,0,0,0,gratuito
0,0.0,0,0.0,3,2,1,0,0,0,1,0,0,1,0,0,0,alto
0,0.0,0,0.0,9,3,1,0,0,0,1,1,1,0,0,0,0,alto
0,0.0,0,0.0,1,2,1,0,0,0,0,0,1,0,0,1,0,medio_alto
0,0.0,0,0.0,1,3,1,1,0,0,1,0,0,1,0,1,0,medio_alto
0,0.0,0,0.0,2,4,1,0,0,0,1,1,1,0,0,0,0,gratuito
0,0.0,0,0.0,1,2,1,0,0,0,1,0,0,1,0,0,0,baixo
0,0.0,0,0.0,1,4,1,0,0,0,1,0,0,1,0,1,0,gratuito
0,0.0,0,0.0,1,3,1,0,0,0,1,0,0,1,0,0,1,alto
0,0.0,0,0.0,1,3,1,0,0,0,1,0,1,0,0,0,0,medio_alto
0,0.0,0,0.0,2,5,1,0,0,0,1,1,1,0,1,1,0,alto
0,0.0,0,0.0,0,0,1,0,0,0,0,0,0,0,0,0,0,gratuito
0,0.0,0,0.0,1,2,1,0,0,0,1,0,0,0,0,0,1,medio_alto
0,0.0,0,0.0,4,2,1,0,0,0,1,0,0,1,0,0,0,medio_alto
0,0.0,0,0.0,8,5,1,0,0,0,1,1,1,0,1,0,0,alto
0,10000.0,0,0.0,2,3,1,0,0,1,1,0,1,0,0,1,0,alto
0,0.0,0,0.0,30,4,1,0,0,1,1,1,0,0,1,0,0,alto
0,10000.0,0,0.0,8,4,1,0,0,0,0,1,1,1,0,0,1,alto
0,0.0,0,0.0,1,2,1,0,0,0,1,1,0,0,0,0,0,medio_alto
0,0.0,0,0.0,4,2,1,0,0,1,1,0,1,0,0,0,0,medio_alto
0,0.0,0,0.0,30,3,1,0,0,0,1,0,0,1,0,0,0,baixo
0,0.0,0,0.0,1,3,1,0,0,0,1,0,1,1,0,0,0,alto
0,0.0,0,0.0,5,1,1,0,0,0,0,0,1,0,0,0,0,medio_baixo
0,0.0,0,0.0,10,2,1,0,0,1,1,0,1,0,0,0,0,alto
0,0.0,0,0.0,4,2,1,0,0,1,0,0,0,0,0,1,1,alto
0,0.0,0,0.0,7,4,1,0,0,0,1,1,1,1,0,0,0,medio_alto
0,0.0,0,0.0,1,3,1,0,0,0,1,0,0,0,1,0,1,alto
0,0.0,0,0.0,1,3,1,0,0,1,1,0,0,0,1,0,0,gratuito
0,0.0,0,0.0,1,2,1,0,0,0,1,1,0,0,0,0,0,medio_baixo
0,0.0,0,0.0,1,3,1,0,0,0,1,0,0,1,0,0,1,medio_baixo
0,0.0,0,0.0,1,1,1,0,0,0,1,0,0,0,0,0,0,alto
0,0.0,0,0.0,1,3,1,0,0,0,1,0,0,1,0,0,0,gratuito
0,0.0,0,0.0,3,2,1,0,0,0,1,0,1,0,0,0,0,medio_baixo
0,0.0,0,0.0,5,3,1,0,0,0,1,1,0,0,1,0,0,medio_alto
0,0.0,0,0.0,8,4,1,0,0,0,1,0,0,1,0,1,0,medio_alto
0,0.0,0,0.0,1,2,1,0,0,0,0,0,0,1,0,0,1,medio_alto
0,0.0,0,0.0,103,2,1,0,0,0,1,0,0,1,0,0,0,medio_baixo
0,0.0,0,0.0,1,3,1,0,0,0,1,1,0,0,0,0,0,medio_baixo
0,0.0,0,0.0,1,4,1,0,0,0,1,0,1,0,1,0,0,gratuito
0,0.0,0,0.0,103,2,1,0,0,0,1,0,0,1,0,0,0,medio_baixo
0,0.0,0,0.0,12,3,1,0,0,0,1,0,1,0,0,0,1,alto
0,0.0,0,0.0,5,3,1,0,0,0,1,0,1,1,0,0,0,medio_alto
0,10000.0,0,0.0,8,2,1,0,0,0,1,0,0,1,0,0,0,alto
0,0.0,0,0.0,1,2,1,0,0,0,0,1,0,0,1,0,0,medio_alto
0,0.0,0,0.0,1,4,1,0,0,0,1,0,0,1,1,1,0,medio_alto
0,0.0,0,0.0,3,1,1,0,0,0,1,0,0,0,0,0,0,medio_alto
0,10000.0,0,0.0,2,4,1,0,1,1,1,0,1,0,1,0,0,medio_alto
0,0.0,0,0.0,2,4,1,0,0,0,1,0,1,0,1,1,0,medio_baixo
0,10000.0,0,0.0,13,5,1,0,0,0,1,1,1,0,0,0,1,alto
0,0.0,0,0.0,1,4,1,0,0,0,1,1,1,0,1,0,0,alto
0,0.0,0,0.0,13,5,1,0,0,0,1,1,1,0,0,1,0,alto
0,0.0,0,0.0,10,2,1,0,0,0,1,0,1,0,0,0,0,alto
0,0.0,0,0.0,4,4,1,0,0,0,1,0,1,1,0,0,0,medio_baixo
0,0.0,0,0.0,1,1,1,0,0,0,1,0,0,0,0,0,0,medio_alto
0,0.0,0,0.0,1,3,1,0,0,0,1,1,0,1,0,0,0,medio_alto
0,0.0,0,0.0,1,3,1,1,0,0,1,0,0,1,0,1,0,medio_baixo
0,0.0,0,0.0,5,2,1,0,0,0,1,0,1,0,0,0,0,medio_alto
0,0.0,0,0.0,1,4,1,0,0,0,1,1,1,0,0,0,0,gratuito
0,0.0,0,0.0,1,3,1,0,0,0,1,0,1,1,0,0,0,alto
0,10000.0,0,0.0,11,5,1,0,0,3,1,1,1,0,0,0,1,alto
0,0.0,0,0.0,1,2,1,0,0,0,1,0,0,0,1,0,0,alto
0,0.0,0,0.0,1,2,1,0,0,0,1,0,0,1,0,0,0,medio_baixo
0,0.0,0,0.0,9,2,1,0,0,0,1,0,0,0,0,1,0,alto
0,0.0,0,0.0,1,2,1,0,0,0,0,0,0,0,0,0,1,alto
0,10000.0,0,0.0,12,2,1,0,0,3,0,1,0,0,1,0,0,alto
0,0.0,0,0.0,2,4,1,0,0,0,1,0,0,1,0,0,1,alto
0,0.0,0,0.0,10,4,1,0,0,0,0,1,0,0,0,1,1,medio_alto
0,0.0,0,0.0,9,3,1,0,0,0,1,0,1,0,0,0,1,medio_alto
0,0.0,0,0.0,1,3,1,1,1,0,1,1,0,1,0,0,0,baixo
0,0.0,0,0.0,30,4,1,0,0,3,1,0,1,0,1,1,0,alto
0,0.0,0,0.0,1,3,1,0,1,0,1,0,0,0,0,0,1,alto
0,0.0,0,0.0,5,1,1,0,0,0,0,0,1,0,0,0,0,alto
0,10000.0,0,0.0,9,3,1,0,1,0,0,1,0,1,0,1,0,alto
0,0.0,0,0.0,1,4,1,0,0,0,1,1,0,0,0,0,0,gratuito
0,0.0,0,0.0,2,3,1,0,0,0,0,1,1,0,1,0,0,medio_alto
0,0.0,0,0.0,1,5,1,0,0,0,1,1,0,1,1,0,0,medio_baixo
0,0.0,0,0.0,7,4,1,0,0,0,0,0,1,0,1,0,0,gratuito
0,0.0,0,0.0,2,3,1,0,0,0,1,0,1,1,0,0,0,medio_baixo
0,0.0,0,0.0,103,2,1,0,0,0,0,1,0,1,0,0,0,baixo
0,0.0,0,0.0,1,5,1,0,0,0,1,0,1,1,0,0,0,gratuito
0,0.0,0,0.0,103,2,1,0,0,0,1,0,0,1,0,0,0,baixo
0,0.0,0,0.0,1,2,1,0,0,0,1,0,1,0,0,0,0,alto
0,0.0,0,0.0,1,4,1,0,0,0,1,0,1,1,0,0,1,alto
0,0.0,0,0.0,1,1,1,0,0,0,0,0,0,0,0,0,1,medio_alto
0,0.0,0,0.0,7,3,1,0,0,1,1,1,1,0,0,0,0,medio_alto
0,0.0,0,0.0,1,1,1,0,0,0,0,0,1,0,0,0,0,alto
0,0.0,0,0.0,4,3,1,0,0,0,1,0,0,1,1,0,0,alto
0,0.0,0,0.0,2,3,1,0,0,0,1,0,0,0,0,1,1,medio_alto
0,0.0,0,0.0,7,4,1,0,0,0,1,1,1,0,0,0,0,alto
0,0.0,0,0.0,1,2,1,0,0,0,1,0,1,0,0,0,0,medio_alto
0,0.0,0,0.0,2,3,1,0,1,0,1,0,1,0,0,0,1,medio_baixo
0,0.0,0,0.0,3,3,1,1,0,1,1,1,0,0,0,0,0,alto
0,10000.0,0,0.0,9,2,1,0,0,0,1,0,0,1,0,0,0,medio_alto
0,0.0,0,0.0,1,3,1,0,0,0,0,0,0,1,1,0,1,medio_alto
0,0.0,0,0.0,5,2,1,0,0,0,1,0,0,0,0,1,0,alto
0,0.0,0,0.0,10,2,1,0,0,0,0,0,1,0,0,0,1,medio_alto
0,0.0,0,0.0,31,1,1,0,0,0,1,0,0,0,0,0,0,medio_alto
0,0.0,0,0.0,1,2,1,0,0,0,1,1,0,0,0,0,0,alto
0,0.0,0,0.0,1,4,1,0,0,0,1,1,1,0,0,0,0,baixo
0,0.0,0,0.0,1,3,1,0,0,0,0,1,1,0,0,0,1,medio_baixo
0,0.0,0,0.0,14,3,1,0,0,0,1,0,1,1,0,0,0,medio_baixo
0,0.0,0,0.0,1,3,1,0,0,0,1,0,0,0,1,0,0,alto
0,0.0,0,0.0,22,2,1,0,0,0,0,1,0,0,0,1,0,medio_alto
0,0.0,0,0.0,12,4,1,0,0,0,1,0,1,0,0,0,1,medio_baixo
0,0.0,0,0.0,1,4,1,0,0,0,1,1,0,0,0,1,0,gratuito
0,0.0,0,0.0,1,2,1,0,0,0,1,1,0,0,0,0,0,medio_alto
0,0.0,0,0.0,1,1,1,0,0,0,0,0,0,0,0,0,0,gratuito
0,0.0,0,0.0,1,1,1,0,0,0,0,0,0,0,0,1,0,medio_alto
0,0.0,0,0.0,2,3,1,0,0,0,1,0,0,0,1,1,0,medio_baixo
0,0.0,0,0.0,11,3,1,0,0,0,1,1,0,1,0,0,0,alto
0,0.0,0,0.0,1,2,1,0,0,0,0,0,1,1,0,0,0,medio_alto
0,0.0,0,0.0,5,4,1,0,0,0,1,0,0,1,1,1,0,gratuito
0,0.0,0,0.0,1,1,1,0,0,0,1,0,0,0,0,0,0,medio_alto
0,0.0,0,0.0,1,3,1,0,0,0,1,0,1,0,1,0,0,medio_alto
0,0.0,0,0.0,1,2,1,0,0,0,1,0,0,0,0,0,1,medio_alto
0,0.0,0,0.0,2,2,1,1,1,0,1,0,0,0,0,1,0,alto
0,0.0,0,0.0,1,1,1,1,0,0,1,0,0,0,0,0,0,alto
0,0.0,0,0.0,1,2,1,0,0,0,0,0,1,1,0,0,0,medio_alto
0,0.0,0,0.0,1,5,1,0,0,0,1,0,1,1,1,0,1,alto
0,0.0,0,0.0,1,4,1,0,0,0,1,0,0,0,0,0,1,alto
0,0.0,0,0.0,1,4,1,1,0,0,1,1,1,0,0,0,0,gratuito
0,0.0,0,0.0,1,3,1,0,0,0,1,0,1,1,0,0,0,medio_alto
0,10000.0,0,0.0,1,2,1,0,0,0,0,1,0,0,0,0,0,alto
0,0.0,0,0.0,23,3,1,0,0,0,1,0,0,1,0,0,1,medio_alto
0,0.0,0,0.0,1,2,1,0,0,0,1,1,0,0,0,0,0,medio_baixo
0,0.0,0,0.0,18,2,1,0,0,0,0,0,1,1,0,0,0,alto
0,10000.0,0,0.0,10,2,1,0,0,0,0,0,0,0,0,1,0,alto
0,0.0,0,0.0,1,2,1,1,1,0,1,0,0,1,0,0,0,baixo
0,0.0,0,0.0,1,1,1,0,0,0,1,0,0,0,0,0,0,alto
0,0.0,0,0.0,1,1,1,0,0,0,1,0,0,0,0,0,0,alto
0,0.0,0,0.0,13,3,1,1,1,0,1,0,0,1,0,1,0,baixo
0,0.0,0,0.0,1,1,1,1,0,0,0,0,0,1,0,0,0,alto
0,0.0,0,0.0,1,2,1,0,0,0,1,0,1,0,0,0,0,alto
0,0.0,0,0.0,14,5,1,0,0,0,1,1,1,1,0,0,0,alto
0,0.0,0,0.0,2,1,1,0,0,0,0,0,1,0,0,0,0,medio_alto
0,0.0,0,0.0,2,1,1,0,0,0,0,0,0,1,0,0,0,alto
0,0.0,0,0.0,1,4,1,1,1,0,1,1,1,0,0,1,0,medio_alto
0,10000.0,0,0.0,8,2,1,0,0,1,0,1,1,0,0,0,0,alto
0,0.0,0,0.0,1,3,1,0,0,0,0,0,0,1,1,0,1,alto
0,0.0,0,0.0,1,3,1,0,0,0,1,1,1,0,0,0,0,alto
0,0.0,0,0.0,1,1,1,0,0,0,1,0,0,0,0,0,0,medio_baixo
0,0.0,0,0.0,1,1,1,0,0,0,0,0,1,0,0,0,0,alto
0,0.0,0,0.0,2,3,1,0,0,0,0,1,1,0,0,0,0,alto
0,10000.0,0,0.0,2,5,1,1,0,1,1,1,1,0,1,0,0,medio_alto
0,0.0,0,0.0,5,2,1,0,0,0,0,1,0,0,0,0,0,alto
0,10000.0,0,0.0,5,4,1,0,0,0,1,0,0,0,0,1,1,alto
0,0.0,0,0.0,2,2,1,0,0,0,1,0,0,1,0,0,0,medio_alto
0,0.0,0,0.0,1,4,1,0,0,0,1,0,1,1,1,0,0,baixo
0,0.0,0,0.0,1,1,1,0,0,0,0,1,0,0,0,0,0,baixo
0,0.0,0,0.0,1,2,1,0,0,0,1,1,0,0,0,0,0,medio_alto
0,10000.0,0,0.0,28,4,1,1,1,0,1,0,0,1,0,1,0,alto
0,0.0,0,0.0,14,2,1,0,0,1,0,1,1,0,0,0,0,alto
0,0.0,0,0.0,1,1,1,0,0,0,0,0,0,1,0,0,0,medio_baixo
0,0.0,0,0.0,1,5,1,0,0,0,1,0,1,0,0,1,1,alto
0,10000.0,0,0.0,9,3,1,0,0,0,0,1,0,0,1,1,0,alto
0,0.0,0,0.0,8,3,1,1,0,0,1,0,0,1,0,1,0,medio_baixo
0,0.0,0,0.0,6,3,1,1,1,0,1,1,1,0,0,0,0,medio_baixo
0,0.0,0,0.0,1,7,1,0,0,0,1,1,1,1,1,0,1,medio_baixo
0,0.0,0,0.0,2,6,1,0,0,0,1,0,0,0,0,1,1,alto
0,0.0,0,0.0,1,2,1,0,0,0,1,0,1,0,0,0,0,medio_alto
0,0.0,0,0.0,14,1,1,0,0,0,0,0,1,0,0,0,0,alto
0,0.0,0,0.0,7,3,1,0,0,0,0,0,0,1,0,0,1,gratuito
0,0.0,0,0.0,4,1,1,0,0,0,0,0,0,0,0,0,1,alto
0,0.0,0,0.0,1,3,1,0,0,0,1,0,1,0,0,0,1,baixo
0,0.0,0,0.0,1,2,1,0,0,0,1,0,1,0,0,0,0,alto
0,10000.0,0,0.0,12,1,1,1,1,0,1,0,0,0,0,0,0,alto
0,0.0,0,0.0,4,1,1,0,0,0,0,0,1,0,0,0,0,alto
0,0.0,0,0.0,1,3,1,0,0,0,1,1,0,1,0,0,0,medio_alto
0,10000.0,0,0.0,12,3,1,0,1,1,1,0,0,0,1,1,0,alto
0,0.0,0,0.0,2,3,1,0,0,0,1,0,1,1,0,0,0,medio_alto
0,0.0,0,0.0,2,2,1,0,0,0,1,1,0,0,0,0,0,alto
0,0.0,0,0.0,2,3,1,0,0,0,0,0,0,1,0,1,0,gratuito
0,0.0,0,0.0,1,3,1,0,0,0,1,1,1,0,0,0,0,alto
0,10000.0,0,0.0,2,2,1,0,0,0,1,0,0,0,0,1,0,medio_alto
0,10000.0,0,0.0,10,5,1,0,0,4,0,1,1,0,1,0,1,alto
0,0.0,0,0.0,27,2,1,1,1,0,1,0,0,1,0,0,0,baixo
0,0.0,0,0.0,1,3,1,0,0,0,1,1,0,0,0,0,0,medio_baixo
0,0.0,0,0.0,6,4,1,1,1,0,1,0,0,1,0,1,1,medio_alto
0,0.0,0,0.0,1,1,1,0,0,0,0,0,0,1,0,0,0,medio_baixo
0,0.0,0,0.0,9,4,1,0,0,0,1,0,0,1,1,1,0,alto
0,0.0,0,0.0,12,3,1,0,0,1,1,0,1,0,1,0,0,alto
0,0.0,0,0.0,1,2,1,0,1,0,1,0,0,1,0,0,0,medio_baixo
0,0.0,0,0.0,1,2,1,1,0,0,1,0,1,0,0,0,0,medio_alto
0,0.0,0,0.0,1,2,1,0,0,0,1,0,0,1,0,0,0,medio_baixo
0,0.0,0,0.0,1,3,1,0,0,0,1,0,1,0,0,0,0,baixo
0,0.0,0,0.0,9,4,1,0,0,0,1,0,0,1,1,1,0,medio_alto
0,0.0,0,0.0,1,6,1,0,0,0,1,1,1,0,1,1,0,baixo
0,0.0,0,0.0,1,2,1,0,0,0,0,0,0,1,0,0,1,medio_baixo
0,0.0,0,0.0,1,3,1,0,0,0,0,0,0,1,0,1,1,medio_baixo
0,0.0,0,0.0,13,2,1,0,0,0,1,0,0,1,0,0,0,baixo
0,0.0,0,0.0,3,4,1,0,0,0,1,1,1,0,0,0,0,alto
0,0.0,0,0.0,1,2,1,0,0,0,0,0,0,1,0,1,0,medio_baixo
0,0.0,0,0.0,1,2,1,0,0,0,0,0,1,0,1,0,0,alto
0,0.0,0,0.0,14,3,1,0,0,0,1,1,1,0,0,0,0,alto
0,0.0,0,0.0,1,3,1,0,0,0,1,0,0,1,0,0,1,alto
0,0.0,0,0.0,1,3,1,0,0,0,1,0,1,0,1,0,0,alto
0,0.0,0,0.0,1,2,1,0,0,0,1,0,0,0,0,0,0,gratuito
0,0.0,0,0.0,1,2,1,0,0,0,1,0,0,0,0,1,0,medio_baixo
0,0.0,0,0.0,2,2,1,0,0,0,1,1,0,0,0,0,0,medio_alto
0,0.0,0,0.0,1,2,1,0,0,0,0,0,0,1,0,0,1,medio_baixo
0,0.0,0,0.0,1,5,1,0,0,0,1,1,0,1,0,1,1,medio_alto
0,0.0,0,0.0,30,3,1,1,1,0,1,0,0,1,0,0,1,alto
0,0.0,0,0.0,8,5,1,0,0,0,1,0,1,0,1,1,0,alto
0,0.0,0,0.0,5,3,1,0,0,0,1,0,0,0,0,1,1,medio_baixo
0,0.0,0,0.0,1,3,1,1,0,0,1,1,1,0,0,0,0,medio_alto
0,0.0,0,0.0,1,3,1,1,1,0,1,1,0,0,0,0,0,gratuito
0,0.0,0,0.0,9,1,1,0,0,0,1,0,0,0,0,0,0,medio_baixo
0,0.0,0,0.0,23,1,1,0,0,0,1,0,0,0,0,0,0,medio_alto
0,0.0,0,0.0,1,3,1,0,0,0,1,0,1,1,0,0,0,medio_alto
0,0.0,0,0.0,7,3,1,0,1,1,1,1,1,0,0,0,0,medio_alto
0,0.0,0,0.0,1,3,1,0,0,0,1,1,0,0,0,0,0,alto
0,0.0,0,0.0,1,3,1,1,1,0,1,1,1,0,0,0,0,alto
0,0.0,0,0.0,1,1,1,0,0,0,0,1,0,0,0,0,0,alto
0,0.0,0,0.0,1,3,1,0,0,0,1,0,1,0,0,1,0,medio_baixo
0,0.0,0,0.0,2,3,1,0,0,0,1,0,0,1,0,1,0,medio_baixo
0,0.0,0,0.0,2,1,1,0,0,0,1,0,0,0,0,0,0,medio_alto
0,0.0,0,0.0,3,2,1,0,0,0,1,0,0,0,0,0,1,alto
0,0.0,0,0.0,2,4,1,0,0,0,1,0,1,0,1,0,0,gratuito
0,0.0,0,0.0,1,4,1,1,0,0,1,1,0,1,1,0,0,medio_baixo
0,0.0,0,0.0,1,1,1,0,0,0,0,0,1,0,0,0,0,medio_alto
0,0.0,0,0.0,2,3,1,0,0,0,1,0,0,0,0,1,1,medio_alto
0,0.0,0,0.0,2,2,1,0,1,0,1,0,0,0,0,0,1,medio_alto
0,0.0,0,0.0,1,4,1,0,0,0,1,1,1,0,0,0,0,medio_alto
0,0.0,0,0.0,6,4,1,0,0,0,1,1,1,0,0,0,0,alto
0,0.0,0,0.0,1,4,1,0,0,0,1,1,1,1,0,0,0,medio_alto
0,0.0,0,0.0,10,4,1,0,0,0,1,0,0,0,0,0,1,alto
0,10000.0,0,0.0,1,5,1,0,0,1,1,1,1,0,0,0,1,alto
0,0.0,0,0.0,1,1,1,0,0,0,1,0,0,0,0,0,0,medio_baixo
0,0.0,0,0.0,2,1,1,0,0,0,1,0,0,0,0,0,0,medio_baixo
0,10000.0,0,0.0,2,3,1,1,1,0,1,1,0,1,0,0,0,medio_alto
0,0.0,0,0.0,1,2,1,0,0,0,0,1,0,1,0,0,0,medio_alto
0,0.0,0,0.0,4,2,1,0,0,0,1,1,0,0,0,0,0,medio_alto
0,0.0,0,0.0,9,5,1,0,0,1,1,1,1,1,0,0,1,alto
0,0.0,0,0.0,4,2,1,0,0,0,1,0,1,0,0,0,0,medio_alto
0,0.0,0,0.0,14,4,1,1,1,0,1,0,0,1,0,1,1,medio_alto
0,0.0,0,0.0,2,6,1,0,0,0,0,1,1,1,0,1,1,medio_alto
0,10000.0,0,0.0,3,4,1,1,0,0,1,0,0,0,1,1,0,alto
0,0.0,0,0.0,1,3,1,0,0,0,1,0,0,1,0,0,1,alto
0,0.0,0,0.0,5,4,1,0,0,0,1,0,0,1,0,1,1,alto
0,0.0,0,0.0,1,2,1,0,0,0,1,0,0,1,0,0,0,medio_baixo
0,0.0,0,0.0,2,1,1,0,0,0,0,0,0,1,0,0,0,medio_alto
0,0.0,0,0.0,7,2,1,0,1,0,0,0,0,1,0,0,0,medio_baixo
0,0.0,0,0.0,1,2,1,0,0,0,0,0,0,0,0,0,1,medio_baixo
0,0.0,0,0.0,1,2,1,0,0,0,0,0,1,0,1,0,0,alto
0,0.0,0,0.0,2,1,1,0,1,0,0,0,0,0,0,1,0,medio_baixo
0,0.0,0,0.0,1,5,1,0,0,0,1,1,1,0,1,0,0,medio_baixo
0,0.0,0,0.0,1,1,1,0,0,0,0,0,0,0,1,0,0,medio_baixo
0,0.0,0,0.0,1,5,1,0,0,0,1,1,0,1,1,0,0,medio_alto
0,0.0,0,0.0,1,2,1,0,0,0,0,0,0,1,1,0,0,alto
0,0.0,0,0.0,7,2,1,0,0,0,1,1,0,0,0,0,0,baixo
0,0.0,0,0.0,2,1,1,0,0,0,0,0,0,1,0,0,0,alto
0,0.0,0,0.0,5,1,1,0,0,0,0,1,0,0,0,0,0,medio_alto
0,0.0,0,0.0,10,4,1,0,0,0,1,1,0,0,0,1,1,medio_alto
0,0.0,0,0.0,1,2,1,0,0,0,1,0,1,0,0,0,0,medio_alto
0,0.0,0,0.0,5,3,1,0,0,0,1,0,0,1,0,1,0,medio_alto
0,0.0,0,0.0,2,4,1,0,0,0,1,0,1,1,0,1,0,medio_baixo
0,0.0,0,0.0,15,3,1,0,0,0,1,0,0,1,0,0,1,medio_baixo
0,0.0,0,0.0,1,4,1,0,0,0,0,0,1,1,1,0,0,gratuito
0,0.0,0,0.0,1,2,1,0,0,0,1,0,0,0,0,0,1,alto
0,0.0,0,0.0,1,2,1,0,0,0,1,0,0,1,0,0,0,baixo
0,0.0,0,0.0,1,3,1,0,0,0,0,1,0,1,0,1,0,medio_alto
0,0.0,0,0.0,1,2,1,1,1,0,1,0,0,1,0,0,0,medio_alto
0,10000.0,0,0.0,7,4,1,1,1,0,0,0,1,1,0,0,1,alto
0,0.0,0,0.0,1,1,1,1,0,0,0,0,0,0,0,0,0,gratuito
0,0.0,0,0.0,4,5,1,0,0,0,1,1,0,1,1,0,1,medio_baixo
0,0.0,0,0.0,1,2,1,0,0,0,0,0,0,1,1,0,0,alto
0,0.0,0,0.0,1,5,1,1,1,0,1,0,0,1,0,0,1,gratuito
0,0.0,0,0.0,1,3,1,0,0,0,1,1,1,0,0,0,0,medio_alto
0,0.0,0,0.0,2,5,1,0,0,0,1,0,0,1,0,1,0,gratuito
0,0.0,0,0.0,19,2,1,0,0,0,0,0,0,0,0,0,1,gratuito
0,10000.0,0,0.0,2,4,1,0,0,0,1,0,1,1,0,0,1,alto
0,0.0,0,0.0,29,5,1,0,0,0,1,1,1,0,1,0,0,alto
0,0.0,0,0.0,1,3,1,0,0,0,1,0,1,0,0,0,0,gratuito
0,0.0,0,0.0,2,3,1,0,0,0,1,1,0,0,0,0,0,gratuito
0,0.0,0,0.0,1,2,1,1,1,0,0,0,0,0,1,1,0,medio_alto
0,0.0,0,0.0,1,3,1,0,0,0,0,0,0,1,1,0,0,alto
0,0.0,0,0.0,17,2,1,1,0,0,0,0,0,1,0,1,0,medio_baixo
0,0.0,0,0.0,1,1,1,0,0,0,0,1,0,0,0,0,0,medio_baixo
0,0.0,0,0.0,4,4,1,1,0,0,1,0,1,1,0,0,0,alto
0,0.0,0,0.0,35,1,1,0,0,0,0,0,0,0,0,1,0,medio_alto
0,0.0,0,0.0,1,3,1,0,1,0,1,1,0,0,0,0,0,medio_baixo
0,0.0,0,0.0,1,3,1,0,0,0,1,0,0,1,0,0,1,medio_alto
0,0.0,0,0.0,1,3,1,0,0,0,1,1,0,0,0,0,1,medio_baixo
0,0.0,0,0.0,1,4,1,0,0,1,1,0,1,0,1,0,0,gratuito
0,0.0,0,0.0,11,1,1,0,0,0,1,0,0,0,0,0,0,medio_alto
0,0.0,0,0.0,1,1,1,1,1,0,0,0,1,0,0,0,0,medio_alto
0,0.0,0,0.0,1,3,1,0,0,0,1,0,0,0,0,0,1,gratuito
0,0.0,0,0.0,5,1,1,0,0,0,0,1,0,0,0,0,0,medio_alto
0,0.0,0,0.0,2,4,1,0,0,0,1,0,0,1,1,1,0,medio_alto
0,0.0,0,0.0,11,3,1,0,0,0,1,1,1,0,0,0,0,medio_baixo
0,0.0,0,0.0,103,3,1,0,0,0,1,0,0,1,0,1,0,medio_baixo
0,10000.0,0,0.0,1,3,1,0,0,0,1,1,1,0,0,0,0,alto
